272	20
1	0.341157	0.0568569	0.00230062	0.00332546	0.00580114	0.0300252	0.00877469	0.0122397	0.0074725	0.0274747	0.00706526	0.015795	0.0292969	0.00394692	0.0255319	0.163169	0.16268	0.0867115	0.003329	0.0070459
2	0.0251899	0.0224732	0.00063809	0.000681043	0.0421419	0.0011028	0.0181379	0.239776	0.0213964	0.14542	0.0530079	0.00306112	0.00116679	0.00964739	0.0195835	0.0119656	0.0319115	0.309812	0.00490882	0.037978
3	0.0557072	0.00154232	0.00203027	0.0239886	0.0011324	0.0138957	0.00808086	0.00210296	0.0551223	0.00795377	0.00113455	0.00397479	0.72089	0.0450965	0.0207305	0.0145419	0.00313277	0.0174616	0.000365767	0.00111559
4	0.0189082	0.00590572	0.0429976	0.00824141	0.00204018	0.793951	0.00143967	0.00311964	0.0117575	0.00259947	0.00157992	0.0492059	0.00100048	0.00767843	0.00351607	0.0387014	0.00459703	0.00165818	0.00035266	0.000749634
5	0.530603	0.00413453	0.00173445	0.000889018	0.00145543	0.0157246	0.0233217	0.00133566	0.000994977	0.00355182	0.00120005	0.0190336	0.0139815	0.00155311	0.00208953	0.270489	0.088818	0.0167351	0.000499419	0.00185515
6	0.0164189	0.0065989	0.00122489	0.00115266	0.0362625	0.0023979	0.00834553	0.214179	0.00485016	0.444894	0.0409461	0.00793628	0.00347948	0.00523181	0.00517972	0.00593741	0.0100667	0.172718	0.00336532	0.00881466
7	0.0325751	0.0021449	0.00318304	0.00600399	0.000596839	0.00381228	0.00193556	0.00111837	0.0065518	0.0157016	0.000771595	0.00342704	0.879792	0.00639895	0.00696433	0.0129672	0.00446855	0.0106225	0.000334331	0.000630092
8	0.105026	0.00300843	0.00161569	0.109965	0.00298407	0.00273268	0.0403771	0.15163	0.0790785	0.0551051	0.00253805	0.0156382	0.0149728	0.0842708	0.0438572	0.00579576	0.0169821	0.23751	0.000926424	0.025987
9	0.0505767	0.0250676	0.018218	0.0136047	0.0811525	0.0218938	0.0950294	0.0712591	0.0407515	0.0988087	0.0153166	0.138337	0.00877756	0.0450068	0.0497259	0.102246	0.0400887	0.0408087	0.00719644	0.0361351
10	0.0591662	0.0119648	0.00967184	0.00237738	0.00500696	0.00572074	0.00534378	0.00474795	0.00298525	0.00592221	0.00298514	0.333624	0.00341755	0.00430792	0.00462176	0.441396	0.0848796	0.0079989	0.00116856	0.00269369
11	0.0327101	0.00183883	0.00263246	0.00537834	0.000695472	0.00318588	0.00163179	0.0011322	0.00521755	0.0162585	0.000767466	0.00390738	0.884486	0.00591715	0.00606154	0.0131626	0.00419854	0.00994398	0.000313001	0.000560841
12	0.0445548	0.0203239	0.0148985	0.0133529	0.0202078	0.0110299	0.0590013	0.0484601	0.182019	0.109461	0.0203196	0.0202373	0.00254933	0.0889393	0.198982	0.0239131	0.0418266	0.0584951	0.00298389	0.0184452
13	0.038025	0.00745693	0.0118165	0.00273723	0.00538053	0.00451613	0.067704	0.0463388	0.330794	0.064798	0.0202234	0.0224927	0.00151722	0.0659136	0.161157	0.00608113	0.0332661	0.105344	0.000903774	0.00353426
14	0.110961	0.268373	0.00456364	0.00329888	0.00476254	0.0303498	0.0058965	0.00487114	0.00550051	0.0329344	0.00467555	0.00686936	0.195164	0.00508588	0.00660889	0.0110124	0.0317153	0.26127	0.00173789	0.00434957
15	0.249504	0.00300247	0.00608353	0.00425929	0.00246341	0.0103139	0.00438311	0.00338599	0.0512471	0.00534581	0.0028416	0.0650143	0.512418	0.009511	0.00581513	0.0484322	0.0046221	0.00829683	0.00106508	0.00199511
16	0.0181587	0.0134271	0.00156268	0.0211453	0.0915818	0.00332701	0.133367	0.0133733	0.0128195	0.148291	0.00237662	0.0131627	0.00208525	0.00296551	0.0144988	0.00500723	0.00383357	0.00450378	0.00233166	0.492181
17	0.0145797	0.00408202	0.0844235	0.00659474	0.00138248	0.628146	0.00287773	0.0080937	0.0394291	0.00288209	0.00148889	0.0945715	0.00769098	0.0239406	0.0115332	0.045148	0.019291	0.00231877	0.000386095	0.00114019
18	0.0121466	0.0114371	0.00187071	0.00189266	0.091474	0.004287	0.00955449	0.0676582	0.00375153	0.522787	0.163939	0.00670708	0.00543134	0.0118912	0.00437753	0.00966438	0.00954244	0.0351493	0.00964347	0.0167951
19	0.0435569	0.023954	0.00121067	0.00182309	0.0704186	0.00308158	0.0166788	0.218667	0.0123177	0.109909	0.0500876	0.00527069	0.00229197	0.0113917	0.015057	0.0149718	0.0505517	0.273486	0.00633387	0.0689401
20	0.290964	0.0406658	0.00158853	0.00188852	0.00425312	0.0507738	0.0058506	0.00735136	0.00681544	0.0049279	0.00233927	0.0240559	0.0515973	0.00278327	0.00826231	0.197241	0.224388	0.068652	0.00107699	0.00452455
21	0.0647321	0.0154266	0.0832504	0.298988	0.0151623	0.150203	0.0364122	0.0153136	0.0316704	0.0214508	0.0110594	0.0392878	0.0145764	0.049892	0.0327524	0.0460136	0.0348075	0.0222911	0.00416305	0.0125481
22	0.0483726	0.014376	0.0121857	0.0923407	0.00865193	0.0077396	0.039008	0.0137782	0.155683	0.167839	0.0278239	0.0158656	0.00329196	0.227788	0.0581037	0.0190984	0.0484515	0.0290138	0.0021879	0.00840097
23	0.00433972	0.00102795	0.000593804	0.000678035	0.0504361	0.00135143	0.0100155	0.098678	0.00093815	0.738533	0.0304987	0.00865697	0.00535872	0.00104968	0.00164491	0.00198723	0.00178066	0.0401411	0.000363958	0.00192583
24	0.0746191	0.0262497	0.00742357	0.0025516	0.00347142	0.0107404	0.00479295	0.00860161	0.0032681	0.00509064	0.00338468	0.0645865	0.00847475	0.00404743	0.00825331	0.499577	0.240426	0.0149674	0.00108427	0.00838949
25	0.206309	0.0164951	0.0168529	0.0108465	0.00760179	0.385856	0.00875295	0.00737559	0.0087747	0.00987804	0.00909534	0.030136	0.0139486	0.012717	0.0126373	0.131506	0.0874418	0.0183065	0.00157429	0.00389497
26	0.0345516	0.0243708	0.0109407	0.00149841	0.00177055	0.00279504	0.00425429	0.0111712	0.00193799	0.00364692	0.00196585	0.0483443	0.00353393	0.00394344	0.00662499	0.443673	0.378562	0.00858942	0.000703513	0.00712287
27	0.539711	0.0034306	0.00660093	0.00165926	0.00186871	0.0123165	0.0250564	0.00225322	0.00208031	0.00427309	0.00188931	0.0144872	0.0557499	0.00269989	0.00296105	0.251337	0.0567131	0.0125356	0.000644128	0.00173236
28	0.0431547	0.0141639	0.00754275	0.0127516	0.376937	0.0887801	0.0253702	0.0220543	0.0151484	0.0556017	0.0202586	0.020781	0.0107866	0.0120834	0.0182527	0.0273946	0.0210133	0.0359934	0.027464	0.144468
29	0.0738983	0.0379574	0.00847921	0.0123867	0.0152603	0.0145306	0.0212116	0.0845744	0.0231134	0.0519402	0.0699457	0.0239228	0.00847036	0.0218017	0.0183217	0.0912734	0.124969	0.280618	0.00443408	0.0128913
30	0.033697	0.0110785	0.00461694	0.00675426	0.120717	0.0240106	0.0568154	0.00736686	0.00591144	0.0215289	0.00756372	0.00991652	0.0179037	0.006654	0.0240238	0.021737	0.0117538	0.0167738	0.261165	0.330012
31	0.00772155	0.0199638	0.000726603	0.000670884	0.226279	0.00148864	0.00685419	0.0118132	0.0010417	0.401451	0.238837	0.00161374	0.00156488	0.00579179	0.00147591	0.00842769	0.0152147	0.00819822	0.0198922	0.0209737
32	0.0100683	0.00637837	0.00161777	0.00349373	0.346815	0.0125727	0.0348361	0.00906862	0.00756379	0.0513308	0.00829886	0.00836635	0.00963646	0.00375849	0.00580355	0.00571998	0.00943199	0.0239591	0.0357967	0.405483
33	0.0417275	0.00994781	0.00945156	0.0103343	0.0109799	0.0140529	0.0281325	0.0120871	0.305548	0.0457832	0.0156677	0.0281709	0.00509283	0.0211618	0.327378	0.0153421	0.0258287	0.0485861	0.00806852	0.0166585
34	0.019081	0.0120737	0.00053867	0.000600368	0.0338273	0.00158711	0.0109611	0.374758	0.0165098	0.114076	0.0542571	0.00212222	0.00094274	0.00737169	0.0132525	0.00712699	0.0267588	0.274716	0.00532113	0.0241176
35	0.0425897	0.0287706	0.0169491	0.00783006	0.0277785	0.0088679	0.0665592	0.0435387	0.14148	0.131251	0.0223524	0.0166455	0.00113022	0.0813749	0.213088	0.0268821	0.0488362	0.045916	0.00365554	0.0245048
36	0.0375456	0.00329049	0.00267726	0.00515006	0.00108678	0.00367159	0.00173845	0.00159538	0.00565722	0.0159384	0.000749492	0.00421083	0.873282	0.00558095	0.00570224	0.0149685	0.00475201	0.0115245	0.000278687	0.000599797
37	0.250668	0.0361398	0.00130448	0.00126148	0.00380962	0.0460949	0.00416419	0.00527025	0.00475401	0.00402665	0.00185419	0.0172976	0.0393312	0.00233115	0.00778609	0.310762	0.209868	0.0450145	0.000925908	0.0073359
38	0.243705	0.0571561	0.00244845	0.00219927	0.00385116	0.00503636	0.00404146	0.0517195	0.00315389	0.015965	0.0119856	0.00405762	0.00341043	0.00327652	0.00410346	0.0488363	0.0321376	0.497589	0.00125163	0.00407565
39	0.139609	0.0624107	0.0289296	0.00217945	0.00282797	0.0741852	0.00386789	0.0341363	0.0652919	0.0801276	0.064439	0.0485297	0.00212763	0.0622471	0.0503793	0.0382954	0.0980009	0.136371	0.00085227	0.00519205
40	0.0250106	0.00881351	0.00717773	0.0851822	0.00771217	0.067442	0.296265	0.0350725	0.00892327	0.0141167	0.0443759	0.0114142	0.00568038	0.218078	0.0456282	0.0677824	0.0152777	0.0133572	0.00474244	0.017947
41	0.197655	0.0104255	0.00859814	0.0125102	0.0065487	0.0121429	0.0128157	0.0130317	0.00739215	0.0501438	0.0421378	0.0100367	0.229435	0.140122	0.142305	0.0323576	0.012839	0.0515651	0.0026474	0.00529044
42	0.00700233	0.0165726	0.00113436	0.000911254	0.07206	0.00207189	0.0103041	0.0206411	0.00165418	0.49915	0.269736	0.00207728	0.00808246	0.0253324	0.00224738	0.011887	0.00717028	0.00450882	0.00832117	0.0291354
43	0.147374	0.113226	0.0138034	0.0103682	0.0151562	0.104637	0.02645	0.0205292	0.0339724	0.116943	0.0242186	0.0231804	0.0117312	0.0319304	0.156331	0.045819	0.0393683	0.0455971	0.00542304	0.013941
44	0.0292832	0.0102388	0.00472145	0.00444926	0.291487	0.0135552	0.0225724	0.0101381	0.00619273	0.0680988	0.0163843	0.00912076	0.00863732	0.00801552	0.0149823	0.0181435	0.013603	0.015551	0.357636	0.0771898
45	0.047166	0.0042603	0.0867296	0.00497917	0.00339313	0.0237148	0.0420019	0.0044013	0.0806836	0.0657418	0.0196485	0.270977	0.00331018	0.0560086	0.111896	0.157866	0.00694196	0.00592184	0.00104998	0.0033087
46	0.0250259	0.00805548	0.00468998	0.00543339	0.358388	0.0124606	0.0133087	0.00913377	0.00603898	0.0665702	0.00732404	0.00872149	0.00662132	0.00832678	0.0121249	0.0157809	0.012534	0.0138171	0.386884	0.0187602
47	0.0219389	0.000591368	0.000459368	0.000527696	0.0104131	0.00187476	0.00139641	0.333871	0.00312212	0.13336	0.0172228	0.000878435	0.000655733	0.00398958	0.000865812	0.00136191	0.00236766	0.464165	0.00019098	0.000747886
48	0.0484749	0.00265009	0.367035	0.215639	0.00159046	0.0034226	0.0417041	0.00240725	0.00230575	0.00416908	0.0126914	0.0248261	0.0022093	0.0965888	0.022034	0.0966767	0.0490613	0.00416454	0.000615363	0.00173482
49	0.0246506	0.00480554	0.0210652	0.00762962	0.00235953	0.838408	0.00194438	0.0018208	0.00508099	0.00322327	0.00173302	0.0296051	0.00136086	0.00342427	0.00231332	0.0441944	0.00350877	0.00165826	0.000364871	0.000849118
50	0.00395779	0.0011197	0.000854786	0.00078714	0.028997	0.00165667	0.00199939	0.399391	0.00206894	0.166644	0.137345	0.00165407	0.00173615	0.00888116	0.00210443	0.00231905	0.0023555	0.191124	0.0234198	0.0215855
51	0.0483232	0.0088306	0.00711502	0.00486099	0.120551	0.00614331	0.143114	0.0339924	0.0848473	0.0337105	0.004274	0.0578155	0.00176171	0.0311545	0.134628	0.0520046	0.0384376	0.0827894	0.0258353	0.0798106
52	0.0292133	0.0566039	0.00454453	0.00488315	0.0061786	0.00922757	0.0433287	0.00700209	0.00727002	0.084828	0.039639	0.00881471	0.131707	0.00920037	0.087759	0.148888	0.300176	0.0125631	0.00237498	0.00579835
53	0.00397602	0.00111901	0.000847406	0.000787141	0.0290159	0.00165618	0.00199966	0.399553	0.00206572	0.166535	0.137151	0.00164607	0.00173702	0.00889824	0.00210015	0.00232059	0.00235702	0.191303	0.0233274	0.0216042
54	0.429006	0.156724	0.00248011	0.00179595	0.00379277	0.177019	0.00352824	0.0182269	0.00256381	0.0306982	0.027	0.00358563	0.00255866	0.00381763	0.00492469	0.0527005	0.0208803	0.0553851	0.000804795	0.0025065
55	0.167925	0.0106771	0.0234835	0.0670736	0.00944028	0.138711	0.0485421	0.0360204	0.0287178	0.015983	0.00979737	0.0335025	0.00800935	0.0766455	0.0337546	0.0978173	0.14916	0.0359717	0.00221951	0.00654874
56	0.501245	0.00594641	0.0020888	0.0017381	0.00266688	0.0259804	0.0315289	0.0032171	0.00243601	0.00575692	0.00236236	0.0378754	0.0140479	0.00292986	0.00372024	0.227307	0.0928905	0.0328946	0.00136465	0.00200241
57	0.283395	0.0191174	0.0123277	0.0145025	0.0136956	0.292841	0.0647472	0.0143842	0.0141011	0.0248838	0.0173772	0.0263691	0.0180366	0.0203798	0.0220357	0.0617968	0.0391983	0.0264725	0.00483362	0.00950484
58	0.0612435	0.013486	0.295268	0.037476	0.00267914	0.11734	0.0215961	0.00355359	0.0445738	0.0169394	0.00330368	0.0730887	0.0374293	0.0288572	0.0219678	0.163734	0.0458764	0.00879989	0.000664083	0.0021236
59	0.149998	0.0118387	0.0436279	0.0853808	0.00956078	0.0396046	0.0459669	0.0101986	0.0544645	0.0211965	0.0101458	0.0573211	0.00676017	0.108976	0.054417	0.132321	0.0880738	0.0644386	0.00017195	0.00553679
60	0.0739236	0.0254751	0.0227972	0.0176345	0.0166947	0.483037	0.0181605	0.0170953	0.015346	0.0848935	0.018693	0.0327137	0.00919609	0.0246237	0.022492	0.0536051	0.0245365	0.0271876	0.00309186	0.00880286
61	0.0429226	0.0337851	0.000428863	0.000448384	0.0471756	0.000804634	0.0113401	0.231192	0.00923016	0.150667	0.068863	0.00373323	0.000903137	0.0124006	0.0135556	0.0140591	0.04172	0.282842	0.00482108	0.0291077
62	0.505937	0.00383627	0.00187147	0.00188381	0.00777176	0.216464	0.00514181	0.0051865	0.00234053	0.00534248	0.0173242	0.0289092	0.00443574	0.00452434	0.00875357	0.139252	0.0290768	0.00748896	0.0026995	0.0017597
63	0.0970081	0.00723358	0.00153712	0.00172069	0.0047765	0.0037437	0.00401284	0.42325	0.00336516	0.0261143	0.0201319	0.00394421	0.0020616	0.00314734	0.00414294	0.0326679	0.0574741	0.275773	0.00130362	0.0265911
64	0.0178504	0.012471	0.00160578	0.0202422	0.093503	0.00368797	0.135253	0.014991	0.014708	0.146425	0.00265075	0.0152931	0.00261087	0.00322553	0.0136972	0.00535163	0.00405226	0.00517495	0.00265247	0.484554
65	0.0430275	0.0327113	0.000459423	0.000483343	0.0454076	0.000833587	0.0111304	0.230571	0.00923981	0.14916	0.0696946	0.00349156	0.00093704	0.0129412	0.0141232	0.014547	0.0422435	0.286854	0.00480798	0.0273366
66	0.00306404	0.00301715	0.000714427	0.000814761	0.486623	0.00861432	0.0156312	0.0102326	0.00896283	0.0501823	0.00964107	0.0071285	0.00476638	0.00120212	0.00319708	0.00235978	0.00803221	0.0292144	0.00819586	0.338405
67	0.316969	0.0347672	0.00194775	0.0021097	0.0149175	0.0180616	0.0160111	0.017454	0.00291508	0.111147	0.0159655	0.016711	0.00316343	0.00270476	0.016925	0.135838	0.128361	0.117127	0.0124951	0.0144085
68	0.441287	0.221289	0.00240744	0.00200614	0.0642888	0.0152009	0.00782254	0.0200756	0.00349978	0.0310157	0.00413047	0.0187177	0.00256802	0.00403387	0.00431389	0.0355601	0.00715688	0.100819	0.00115749	0.0126493
69	0.375207	0.0954562	0.00242032	0.0021405	0.0482632	0.00636924	0.0619885	0.0195057	0.00324174	0.00841282	0.00347318	0.00646058	0.00311768	0.00451086	0.00507799	0.14527	0.0142349	0.101635	0.00135292	0.0918616
70	0.00652478	0.011443	0.00068819	0.000710275	0.413748	0.00175826	0.00492859	0.00780671	0.00118342	0.297349	0.18074	0.00149156	0.00114845	0.00411557	0.00147577	0.00604701	0.0102185	0.00568239	0.0130128	0.0299289
71	0.0738889	0.0740976	0.00299011	0.00318114	0.154283	0.0104136	0.0201495	0.00833833	0.00408744	0.056955	0.0452761	0.0265823	0.00282838	0.0522656	0.00766811	0.0749853	0.0334092	0.0957927	0.00169981	0.251108
72	0.0125584	0.00660246	0.0456729	0.00156241	0.00788816	0.00673963	0.00569487	0.0027523	0.00210356	0.00421791	0.00267696	0.66671	0.00388075	0.00263529	0.00295097	0.210233	0.00882547	0.00391491	0.000787331	0.00159216
73	0.55965	0.00211481	0.00193021	0.00097005	0.00163284	0.0147661	0.030501	0.00169907	0.00153263	0.00373247	0.00148885	0.0271659	0.0139773	0.00163856	0.00198199	0.242037	0.0737325	0.0178025	0.000649106	0.000998033
74	0.0516145	0.0104804	0.356633	0.121986	0.00568506	0.05763	0.0433114	0.00747406	0.0191639	0.017634	0.0103687	0.0822598	0.0161116	0.0437288	0.0216622	0.0719208	0.0362328	0.0173107	0.00232258	0.00647031
75	0.417596	0.0187638	0.00482781	0.00419821	0.00621667	0.268602	0.00840037	0.00872062	0.00423311	0.0100718	0.0168252	0.0221456	0.0100762	0.00579067	0.00903072	0.126065	0.0333998	0.0205198	0.00213494	0.00238212
76	0.0374447	0.00671616	0.312857	0.298289	0.00317895	0.010231	0.0860777	0.00486219	0.00875526	0.00958285	0.00896394	0.0268703	0.00603139	0.0590891	0.0166272	0.0518801	0.0314457	0.0117189	0.00224734	0.00713054
77	0.00739144	0.0179159	0.000698048	0.00059479	0.205177	0.00136241	0.00678985	0.0120523	0.000955216	0.417721	0.24506	0.00132224	0.00191379	0.00772889	0.00131626	0.00802308	0.0132489	0.0068479	0.0203061	0.023575
78	0.0141758	0.00705805	0.000783495	0.000883467	0.039032	0.0015429	0.00759078	0.217505	0.00367435	0.4213	0.066063	0.00529305	0.0032238	0.00585818	0.00479242	0.00504343	0.0104591	0.166777	0.0066631	0.01228
79	0.00847302	0.00126233	0.000731152	0.000650228	0.0268343	0.00406291	0.00267008	0.542436	0.00291131	0.136366	0.0307006	0.00148778	0.00161994	0.00307309	0.00203255	0.00192458	0.00441444	0.218999	0.00436171	0.00498884
80	0.0206927	0.0107308	0.000467922	0.000543137	0.0361646	0.00133623	0.00712418	0.299187	0.00640209	0.166978	0.0727063	0.00200728	0.00155175	0.0075198	0.00635199	0.00534516	0.0164352	0.309573	0.00840085	0.0204815
81	0.0256063	0.00166898	0.0021778	0.00297129	0.000479723	0.00180174	0.00102939	0.000826764	0.000633649	0.0176318	0.000627397	0.00271434	0.911243	0.00174117	0.00398795	0.0113069	0.00363191	0.00912917	0.000267913	0.000522668
82	0.0187239	0.00597422	0.0211127	0.412004	0.00471568	0.013213	0.12108	0.00827952	0.00944348	0.0129952	0.020046	0.0119399	0.00447622	0.199328	0.0124706	0.0300163	0.0126631	0.0112545	0.027176	0.0430881
83	0.0519443	0.0074281	0.0103005	0.143748	0.0016282	0.00265025	0.0368767	0.00222139	0.1199	0.162263	0.0343562	0.00802343	0.00145185	0.298675	0.0259859	0.0129966	0.0596651	0.0177853	0.000665018	0.00143576
84	0.0589588	0.0136294	0.0192382	0.0935318	0.069019	0.444247	0.0236545	0.0222465	0.0135782	0.0224239	0.0116943	0.0252247	0.0109144	0.0200449	0.0362363	0.0443871	0.0244087	0.0225863	0.00962203	0.0143539
85	0.178529	0.0144641	0.0718194	0.130382	0.00564775	0.0498924	0.0154611	0.0150899	0.0993642	0.00518216	0.00595993	0.0468691	0.0217332	0.0287187	0.0993261	0.121846	0.0677154	0.0199829	0.000343261	0.00167359
86	0.00430528	0.00101898	0.000594451	0.000678189	0.0501253	0.00133645	0.0100473	0.0994082	0.000929174	0.737481	0.0307693	0.00865571	0.00522789	0.00108153	0.0016442	0.0019862	0.00176323	0.0405266	0.000429845	0.00199096
87	0.0408364	0.0334833	0.035556	0.0141221	0.0476916	0.0152313	0.0743367	0.0402951	0.0990886	0.118723	0.0164716	0.0307848	0.000913268	0.0913062	0.116067	0.0549256	0.0606769	0.0452713	0.00782014	0.0563993
88	0.0548763	0.0367273	0.0210427	0.0139886	0.0418487	0.0108136	0.073149	0.0412554	0.123013	0.0960443	0.0163668	0.0229018	0.00119344	0.0955788	0.109504	0.0474358	0.0732566	0.0639301	0.00513263	0.0519416
89	0.0897131	0.0251029	0.0125511	0.00958148	0.00642781	0.0190398	0.0153562	0.0171988	0.012272	0.0188922	0.00687475	0.0357044	0.0132265	0.0152191	0.0200849	0.309602	0.330801	0.0279539	0.0020792	0.0123192
90	0.0450963	0.00933842	0.104978	0.464897	0.00710738	0.0179124	0.0452101	0.00906957	0.0250415	0.0202532	0.00995334	0.0331526	0.0105098	0.0625418	0.0239466	0.0315117	0.0342076	0.0231188	0.0053099	0.0168437
91	0.00765753	0.0200167	0.000724125	0.0006637	0.228363	0.00149016	0.00680835	0.0117139	0.00105711	0.400211	0.238581	0.00160319	0.00156319	0.00576226	0.00147485	0.00850306	0.0150158	0.0081421	0.0196566	0.0209922
92	0.0323059	0.00684168	0.0253476	0.00898286	0.00323201	0.791922	0.00322228	0.00322124	0.00791853	0.00724814	0.00359474	0.034571	0.00255189	0.0082181	0.00575479	0.0432907	0.00651005	0.0033386	0.000602501	0.00132594
93	0.17464	0.0205228	0.0669247	0.140639	0.00516482	0.0525096	0.0160539	0.0149927	0.10259	0.00513261	0.00539158	0.0450329	0.0284175	0.0330012	0.0922009	0.119409	0.0576582	0.0175276	0.00048055	0.0017112
94	0.119519	0.00386292	0.0061907	0.009314	0.0023151	0.00626	0.00411012	0.0047529	0.0174877	0.00987642	0.00294245	0.039732	0.647707	0.0230654	0.0122353	0.0596179	0.00651886	0.0221282	0.00086857	0.00149571
95	0.0382512	0.0359269	0.0210986	0.00979154	0.0364003	0.0809163	0.0567376	0.022862	0.0777878	0.151812	0.0211127	0.0496943	0.00170188	0.106795	0.0915283	0.0594464	0.0607966	0.0248815	0.00386562	0.0485934
96	0.0148106	0.00545474	0.0046946	0.345982	0.0053974	0.0216539	0.245373	0.0123298	0.00448753	0.00896857	0.0336369	0.00604018	0.00372825	0.148789	0.0164537	0.0503493	0.008142	0.00874481	0.0143493	0.0406144
97	0.0121884	0.00270485	0.00059967	0.000547565	0.0215126	0.00232967	0.00286201	0.429216	0.00476059	0.144566	0.0607312	0.00127309	0.00103913	0.00535067	0.00286225	0.00244018	0.00639224	0.279023	0.00843207	0.0111686
98	0.444763	0.195469	0.00335818	0.00176579	0.0411025	0.0265651	0.00481413	0.0122146	0.00352465	0.0528178	0.00530763	0.0102243	0.00286994	0.00372324	0.00395749	0.0242025	0.00779084	0.137109	0.00132173	0.0170994
99	0.0191668	0.000816467	0.000560377	0.000592074	0.0176454	0.00174867	0.00293104	0.300268	0.00275692	0.212855	0.0228837	0.00236335	0.00157744	0.00375522	0.00117905	0.00161335	0.00267256	0.40202	0.000986272	0.00160877
100	0.0113742	0.00068165	0.000491555	0.000538691	0.015133	0.00408931	0.00191894	0.524684	0.00329158	0.127105	0.0112945	0.00111244	0.00109819	0.00204991	0.00152634	0.00156522	0.00384283	0.287312	0.000212142	0.000677272
101	0.0478038	0.0123411	0.00499226	0.00437476	0.00896469	0.00980852	0.0914281	0.0163516	0.0427311	0.121824	0.0381417	0.0082767	0.00398461	0.0682764	0.44218	0.0132563	0.0401748	0.0171902	0.00239875	0.00550062
102	0.0318251	0.0081024	0.0252587	0.00848707	0.00431166	0.79037	0.00489546	0.00353207	0.00853713	0.00532733	0.00331205	0.0345417	0.00287852	0.00608539	0.00519438	0.0435705	0.00678262	0.0039701	0.00114733	0.00187061
103	0.00409866	0.00107169	0.00084878	0.000771565	0.0289556	0.00167176	0.00193606	0.399812	0.00208028	0.165591	0.135349	0.00161661	0.00173337	0.00871494	0.00206456	0.00224975	0.00230502	0.194908	0.022868	0.0213536
104	0.0340725	0.00559147	0.00533004	0.00174013	0.0075216	0.00483876	0.0299765	0.0182573	0.342683	0.0454924	0.0200208	0.0106755	0.0017453	0.023495	0.295461	0.00540334	0.0260426	0.102115	0.00677303	0.0127653
105	0.00226898	0.00325047	0.000535988	0.000538731	0.536409	0.00766991	0.0169349	0.0118831	0.0112074	0.0619714	0.0109499	0.00723885	0.0020117	0.000915327	0.00321828	0.0014577	0.00939522	0.0345376	0.00468491	0.272921
106	0.180802	0.00476238	0.00305018	0.00596758	0.0044723	0.0061492	0.00618163	0.00513384	0.200805	0.00764334	0.00518519	0.027873	0.00496292	0.149078	0.134056	0.209243	0.00793143	0.0316651	0.00155824	0.00347969
107	0.0292453	0.00088502	0.000549042	0.000565909	0.00974249	0.00196864	0.00165641	0.357486	0.003209	0.120144	0.0168764	0.00110069	0.000720091	0.00377249	0.00101722	0.00350914	0.00691821	0.437607	0.000268768	0.0027584
108	0.081231	0.0134373	0.0150107	0.0282306	0.0105304	0.0191466	0.0316357	0.0172002	0.243946	0.0445279	0.015949	0.0239166	0.00903392	0.0393016	0.256565	0.0323013	0.0544593	0.0465041	0.00500935	0.0120635
109	0.0367516	0.0087484	0.0295563	0.0139961	0.0035658	0.756878	0.00404508	0.00346489	0.0104593	0.00666371	0.00321502	0.0382681	0.00471568	0.00978818	0.00699058	0.0475674	0.00846192	0.00450745	0.000708577	0.00164798
110	0.00362299	0.00339688	0.000694462	0.00088439	0.496648	0.00882542	0.0162373	0.0101976	0.00915964	0.0538168	0.0106952	0.00690099	0.00408148	0.00131184	0.00362528	0.00222843	0.0090109	0.0302009	0.00883484	0.319627
111	0.0219389	0.000591368	0.000459368	0.000527696	0.0104131	0.00187476	0.00139641	0.333871	0.00312212	0.13336	0.0172228	0.000878435	0.000655733	0.00398958	0.000865812	0.00136191	0.00236766	0.464165	0.00019098	0.000747886
112	0.150478	0.297554	0.00494602	0.00369799	0.037451	0.0510479	0.00811892	0.00735116	0.00666781	0.215255	0.00671431	0.00858146	0.00437991	0.0330534	0.0103882	0.0742384	0.017814	0.0523654	0.00210936	0.00778761
113	0.0406458	0.00935028	0.115868	0.474591	0.00606231	0.0197248	0.0420954	0.00803779	0.0219767	0.0196054	0.00924961	0.0336789	0.0116947	0.0607382	0.0234226	0.0286426	0.0310679	0.0197263	0.00506802	0.0187534
114	0.04893	0.0146619	0.00441458	0.00950991	0.00970078	0.0101714	0.0119756	0.195213	0.0129754	0.1013	0.0171397	0.0665265	0.00408275	0.0095325	0.0154224	0.0805875	0.159403	0.218759	0.00195173	0.00774252
115	0.016364	0.00375506	0.0859772	0.00695761	0.00120626	0.600641	0.00251139	0.00699515	0.0413834	0.00290861	0.00163708	0.0930197	0.0107196	0.0282561	0.0145911	0.0533989	0.0257773	0.00236549	0.000385331	0.00115004
116	0.201015	0.00815448	0.0413931	0.0527884	0.00699006	0.116408	0.0337641	0.00811207	0.0344721	0.0139342	0.00713515	0.0535933	0.0117945	0.0819109	0.0595261	0.112872	0.0910708	0.0545249	0.00072549	0.00981492
117	0.210315	0.00786271	0.0052267	0.0372589	0.0376979	0.0685817	0.207981	0.0352566	0.0383441	0.0795798	0.00646224	0.0351545	0.0949146	0.00790025	0.043113	0.0148929	0.0444194	0.0155513	0.00192912	0.00755746
118	0.00636298	0.0113764	0.00068096	0.000743053	0.407098	0.00171246	0.00511462	0.00803414	0.00122845	0.30437	0.178828	0.00150304	0.0014832	0.00500683	0.0014812	0.00610833	0.00968552	0.00544363	0.0124675	0.0312718
119	0.0328852	0.0175503	0.0138404	0.22631	0.001476	0.00213383	0.0203436	0.0395373	0.0703406	0.0104944	0.0201583	0.00907739	0.00737133	0.147252	0.134469	0.0165787	0.185878	0.0420418	0.000675205	0.00158659
120	0.00974219	0.00414709	0.00123926	0.00112823	0.046434	0.00265211	0.00989426	0.146486	0.00312681	0.59759	0.0426009	0.00855739	0.00465353	0.00461711	0.00366154	0.00384496	0.00545359	0.0918661	0.00226978	0.010035
121	0.0331537	0.00176013	0.00236553	0.00352607	0.000559016	0.00301221	0.00117916	0.000998389	0.00218402	0.0166638	0.000919886	0.00360293	0.896023	0.00266508	0.00458994	0.0124799	0.00402724	0.00941834	0.000303843	0.000568218
122	0.0271394	0.0143922	0.225095	0.465268	0.00254785	0.0229324	0.016857	0.00268233	0.0143269	0.0116889	0.00316863	0.062589	0.0142348	0.0471276	0.0117033	0.0116065	0.0209367	0.0142753	0.00119966	0.010228
123	0.0512884	0.0204485	0.0124027	0.013073	0.0181301	0.0236574	0.0466745	0.0259509	0.0796794	0.185361	0.0257009	0.0329646	0.011641	0.0426268	0.284213	0.0319961	0.0384564	0.0350357	0.00476067	0.015939
124	0.0327384	0.00710351	0.0309301	0.00949452	0.00443465	0.774495	0.00513324	0.00421505	0.0101302	0.00640742	0.00390861	0.0358445	0.00418428	0.00640179	0.0054412	0.0439243	0.00852098	0.00390429	0.00119843	0.00158925
125	0.0270403	0.00542456	0.00225246	0.00329275	0.0210376	0.00496848	0.00803498	0.0460879	0.00341781	0.338202	0.0183466	0.00703132	0.430411	0.00508048	0.00661149	0.0109116	0.00628443	0.0505229	0.0011368	0.00390472
126	0.0446856	0.0274305	0.00104372	0.000866096	0.0434074	0.00294788	0.00980804	0.29498	0.00795068	0.146731	0.0536011	0.0062689	0.00175618	0.0104582	0.0115028	0.0154294	0.0421923	0.252451	0.00432883	0.0221601
127	0.0386445	0.00648482	0.0277074	0.00874292	0.00522526	0.772347	0.00363315	0.0043913	0.00870442	0.00511081	0.00321252	0.0378583	0.00379906	0.00763117	0.00452791	0.0460578	0.00877802	0.00418782	0.00150362	0.00145173
128	0.55911	0.0021693	0.00240418	0.000950134	0.00134821	0.0128852	0.0280479	0.00158651	0.00135233	0.00378173	0.00145781	0.0204684	0.0175322	0.00167396	0.00185703	0.257669	0.0689334	0.0152868	0.000564226	0.000921746
129	0.0341738	0.0144656	0.0308135	0.00616259	0.036973	0.0157255	0.0153247	0.0117262	0.00799094	0.0146849	0.00733794	0.501363	0.00854525	0.00853394	0.0114414	0.223322	0.0245143	0.0154426	0.00416078	0.00729717
130	0.111729	0.275085	0.0113329	0.0098359	0.0154834	0.249802	0.0148556	0.0146835	0.0115173	0.0536702	0.0124869	0.0218467	0.0175219	0.0223024	0.0188903	0.0495724	0.0286983	0.0480444	0.00340229	0.00923909
131	0.012838	0.0255967	0.00176456	0.00158503	0.130424	0.00323572	0.0102543	0.0176716	0.00342585	0.442363	0.213254	0.00431863	0.00539749	0.0259543	0.00520365	0.0156221	0.012353	0.0137291	0.0116609	0.0433478
132	0.448536	0.0382457	0.00938917	0.0130221	0.0128105	0.0726391	0.019514	0.0177255	0.014107	0.0258445	0.0209851	0.0212617	0.0246011	0.0197908	0.0173072	0.101644	0.0484313	0.0631518	0.00340783	0.00758653
133	0.135323	0.0120144	0.0600986	0.0854213	0.00873081	0.0350392	0.0586528	0.00917054	0.043371	0.0339697	0.0102164	0.0980029	0.00755988	0.0940586	0.0467386	0.139864	0.0675692	0.0478811	0.000591325	0.00572743
134	0.231227	0.00528367	0.0200013	0.0318272	0.00194938	0.00893557	0.00399958	0.0157798	0.00931056	0.00941083	0.0068648	0.00790054	0.447055	0.0373315	0.0547328	0.0738219	0.00790981	0.0239894	0.000762519	0.00190626
135	0.0753767	0.0169293	0.0183847	0.10366	0.0932334	0.120192	0.0358727	0.0824428	0.031597	0.0400416	0.0163992	0.0248023	0.017102	0.0318914	0.148205	0.0491992	0.0382256	0.0321123	0.00678208	0.0175509
136	0.0447988	0.00581088	0.348668	0.239792	0.00313806	0.010738	0.0723938	0.0046226	0.0107122	0.00868054	0.00912643	0.036199	0.00534006	0.061424	0.0200049	0.0641718	0.0362424	0.0111513	0.00177353	0.00521095
137	0.0154214	0.00727911	0.00257247	0.00270867	0.503457	0.010619	0.0184898	0.0143236	0.0100271	0.0889841	0.0324776	0.00855147	0.00532292	0.00510048	0.00669616	0.0105504	0.0126868	0.0310239	0.026395	0.187313
138	0.0442134	0.0132585	0.00836121	0.19185	0.00196852	0.00307494	0.0258796	0.00412067	0.112379	0.132103	0.0307268	0.0143298	0.0021685	0.301463	0.0307566	0.01127	0.0475871	0.0212471	0.00106834	0.00217437
139	0.297474	0.0300847	0.00229805	0.00264654	0.0238785	0.0044691	0.0481463	0.0982444	0.00336551	0.00737214	0.00332711	0.00453093	0.00283518	0.0042283	0.00539999	0.0720219	0.164032	0.103515	0.00158098	0.120549
140	0.0355335	0.00231146	0.0025609	0.00475896	0.000722452	0.00392708	0.00158465	0.00145566	0.0052052	0.0156833	0.00096008	0.00418996	0.879806	0.00540047	0.00593469	0.0136532	0.00450925	0.0106966	0.000285359	0.000821527
141	0.0338355	0.027701	0.00211835	0.0129426	0.00242367	0.00309886	0.0312895	0.0831011	0.0501578	0.0197922	0.0183369	0.0177654	0.0018335	0.0149213	0.00369905	0.0608173	0.156337	0.456827	0.000940099	0.00206202
142	0.481106	0.0306974	0.0100088	0.00854957	0.0126171	0.0804635	0.0221765	0.0142901	0.0105581	0.0215365	0.0190802	0.0232846	0.0217304	0.0147484	0.0139791	0.110858	0.0472809	0.0423926	0.0049332	0.00970858
143	0.175326	0.0428787	0.0153908	0.00181957	0.0568502	0.00410466	0.0937903	0.00288753	0.00261124	0.0181835	0.00283836	0.0177642	0.00230905	0.00340202	0.0716834	0.0855028	0.0171417	0.00605156	0.323324	0.0561403
144	0.0238141	0.0165175	0.0175154	0.226762	0.00144092	0.00212	0.0145717	0.0347738	0.0720603	0.0118399	0.0256786	0.0106354	0.00919354	0.147158	0.119943	0.0199595	0.206008	0.0380253	0.000601811	0.00138139
145	0.0195885	0.00074074	0.000456944	0.000512227	0.0116716	0.00194887	0.00155118	0.35666	0.00398651	0.136944	0.0217291	0.000853437	0.000684357	0.00376177	0.00103895	0.00132983	0.00270093	0.431148	0.000948437	0.00174443
146	0.0237937	0.016981	0.000526243	0.000619432	0.0454358	0.0011852	0.0152688	0.26868	0.0168729	0.116916	0.0498012	0.00257608	0.00112816	0.0105312	0.0157175	0.00883911	0.0366392	0.325763	0.00681833	0.0359061
147	0.164154	0.0475952	0.00528139	0.00857795	0.00355945	0.0382683	0.0495488	0.020316	0.023041	0.0068317	0.00389685	0.334823	0.00293201	0.0528825	0.0216916	0.0618536	0.0592777	0.0658175	0.00183511	0.0278167
148	0.0651494	0.0154696	0.0175668	0.0369923	0.0141237	0.0264165	0.0337554	0.0249145	0.300782	0.0428053	0.0185761	0.0274722	0.0213378	0.0497345	0.147318	0.0406628	0.033756	0.0613128	0.00539337	0.016461
149	0.00233888	0.00337418	0.000555198	0.000554048	0.533699	0.00783998	0.0168007	0.0114932	0.0109627	0.0647671	0.0116615	0.00764696	0.00198767	0.000988507	0.00340317	0.00151536	0.0100046	0.0342446	0.00523841	0.270924
150	0.0742881	0.117198	0.0345088	0.036113	0.00346975	0.170298	0.0387871	0.00390542	0.00345624	0.0892105	0.0376254	0.0697798	0.0194965	0.22054	0.00579259	0.0422623	0.023105	0.00615781	0.00130193	0.00270401
151	0.0152209	0.00381729	0.0832701	0.00653237	0.00125512	0.615774	0.00280493	0.00714219	0.0400015	0.00338691	0.00169371	0.0963155	0.00858564	0.0261127	0.0132898	0.0501702	0.0210513	0.00213572	0.000376577	0.00106333
152	0.14928	0.0114538	0.0425166	0.0846309	0.00971014	0.0409813	0.0479775	0.0100311	0.0578302	0.021365	0.0100932	0.0564122	0.00644712	0.109013	0.0576201	0.130705	0.0863827	0.0613341	0.000194068	0.0060217
153	0.012423	0.0164683	0.000947787	0.00101714	0.239493	0.00224754	0.00998365	0.0192008	0.00172956	0.390679	0.214297	0.00209245	0.00174843	0.00549655	0.00217635	0.00803693	0.0176575	0.00765878	0.0278458	0.0188013
154	0.0115374	0.00470227	0.00239365	0.00318032	0.145543	0.0235073	0.0635552	0.00495477	0.00418282	0.0127632	0.00378647	0.00625735	0.0226236	0.00480874	0.00882041	0.00810076	0.0067922	0.0119428	0.205354	0.445194
155	0.149716	0.0118001	0.0436966	0.0852605	0.009595	0.0397187	0.0459762	0.0102373	0.0547676	0.0211275	0.0102016	0.0564157	0.00671398	0.109378	0.054755	0.132381	0.0881527	0.0643832	0.000169719	0.00555393
156	0.0405284	0.0049394	0.259546	0.0222257	0.00113784	0.219006	0.0111863	0.00221959	0.0558397	0.00596472	0.00144011	0.0807479	0.055671	0.0195165	0.0241138	0.11877	0.073242	0.0023509	0.000464619	0.00108922
157	0.0516426	0.0438294	0.00526746	0.00648337	0.122524	0.0331051	0.294323	0.0086304	0.00935078	0.0247626	0.0133239	0.0125575	0.00455727	0.0729871	0.015493	0.0529015	0.0207092	0.0526107	0.00280027	0.152141
158	0.0473534	0.0284873	0.0077795	0.00137035	0.0021238	0.00554286	0.00315632	0.00824019	0.00185649	0.00368452	0.00189526	0.0656926	0.00559668	0.00275748	0.00743041	0.550481	0.236124	0.0108716	0.000780523	0.00877494
159	0.11732	0.042701	0.00346229	0.00591805	0.00312555	0.0126659	0.00493268	0.0106515	0.00763335	0.0263577	0.00502798	0.00738306	0.548765	0.0078652	0.0086963	0.0265759	0.0228568	0.134153	0.000956853	0.00295228
160	0.00226898	0.00325047	0.000535988	0.000538731	0.536409	0.00766991	0.0169349	0.0118831	0.0112074	0.0619714	0.0109499	0.00723885	0.0020117	0.000915327	0.00321828	0.0014577	0.00939522	0.0345376	0.00468491	0.272921
161	0.0164706	0.00421522	0.225695	0.00261442	0.00659637	0.00699672	0.0312094	0.00327117	0.0031194	0.00557356	0.00267196	0.537128	0.00373624	0.00344679	0.00594948	0.125984	0.00666042	0.00585024	0.000885793	0.00192523
162	0.0321103	0.00874201	0.0014891	0.00224359	0.0177116	0.00303139	0.00588478	0.301909	0.00725642	0.117708	0.0274049	0.0033987	0.00174258	0.00666769	0.00501263	0.00920331	0.0186273	0.419073	0.00225109	0.00853164
163	0.356904	0.0595985	0.00520204	0.00479729	0.0121644	0.0368456	0.0111836	0.0352119	0.006198	0.0288056	0.0180618	0.0119862	0.0154325	0.00763379	0.0101023	0.0597237	0.0418389	0.264288	0.00254094	0.011481
164	0.494199	0.0129148	0.00454262	0.00298967	0.00567714	0.25199	0.00553332	0.00739178	0.00325891	0.00754071	0.0182512	0.0188806	0.00651295	0.00691501	0.0168853	0.095765	0.0221233	0.0141392	0.00202604	0.00246262
165	0.0246625	0.0107577	0.00458714	0.0046722	0.29485	0.010719	0.0159975	0.0134215	0.00556501	0.134398	0.0491132	0.00804155	0.00559802	0.00753955	0.0131468	0.0151286	0.0142383	0.0178107	0.317935	0.0318175
166	0.0233492	0.0119978	0.00607706	0.0104137	0.204794	0.0133926	0.0510531	0.0168137	0.00970587	0.0556783	0.0104296	0.0129941	0.0124318	0.00850123	0.0115252	0.019904	0.0157321	0.0264188	0.0442362	0.434551
167	0.0334009	0.00396577	0.273685	0.00456883	0.0031907	0.0208673	0.161561	0.00398401	0.00970838	0.00999544	0.00440035	0.34738	0.00842415	0.0110081	0.02685	0.0611789	0.00583316	0.00655249	0.00119033	0.00225537
168	0.101136	0.0278224	0.00927758	0.00789276	0.0608594	0.0197084	0.0159954	0.0417827	0.0122131	0.27297	0.170807	0.0147452	0.0114452	0.0194504	0.0172992	0.038913	0.0727552	0.0608495	0.00757958	0.0164979
169	0.175837	0.0110895	0.0796074	0.10742	0.00835106	0.0432657	0.0164586	0.0116227	0.117216	0.00532327	0.0092021	0.0566776	0.0161909	0.0233101	0.105333	0.130362	0.0653602	0.0153162	0.000328516	0.00172853
170	0.00921634	0.00343501	0.0290066	0.00210202	0.00288374	0.00387643	0.0639129	0.00334007	0.154415	0.0971799	0.00323418	0.175178	0.00242978	0.00369313	0.381729	0.00616389	0.0497046	0.00488055	0.00115571	0.0024634
171	0.00311976	0.00319549	0.00067821	0.000927147	0.515948	0.00800841	0.0163462	0.00999336	0.00912765	0.0570928	0.0128897	0.006816	0.00383514	0.00117888	0.00342337	0.00194678	0.00811065	0.0286718	0.00672413	0.301967
172	0.0256783	0.148606	0.00494078	0.00595008	0.00845019	0.0105522	0.0451168	0.0489344	0.00778207	0.0165084	0.144164	0.152199	0.00584285	0.0412392	0.0111088	0.126351	0.0536822	0.134106	0.00264301	0.00614543
173	0.293877	0.0423899	0.00172481	0.0016856	0.00251157	0.0433169	0.00468805	0.0105955	0.0096546	0.00629726	0.00319575	0.0212155	0.0689193	0.00267108	0.00821764	0.149823	0.200809	0.124526	0.00115159	0.00273037
174	0.0272671	0.0177017	0.000489592	0.00049174	0.0453275	0.00104029	0.0138895	0.265987	0.012833	0.125609	0.0649362	0.00248094	0.00114065	0.00949782	0.0126556	0.00850865	0.0304159	0.322182	0.00652492	0.0310214
175	0.0254972	0.0056202	0.0246389	0.00741092	0.00244293	0.808068	0.0021018	0.00259571	0.00740894	0.00331595	0.00175038	0.0469571	0.00171292	0.00520341	0.00320534	0.0442773	0.00418862	0.00221144	0.000434184	0.000958963
176	0.170971	0.0285924	0.00340176	0.00135903	0.00361004	0.0245954	0.00381354	0.00419644	0.00234313	0.0044116	0.00173064	0.0176834	0.0228527	0.00276391	0.00797706	0.431123	0.239259	0.0129492	0.000996864	0.01537
177	0.0259363	0.0121834	0.000529525	0.000636804	0.0344823	0.00176332	0.00963226	0.341901	0.0106182	0.112642	0.0379325	0.00220283	0.00122821	0.00732668	0.00974922	0.0082742	0.0325588	0.324503	0.00401292	0.0218866
178	0.146547	0.0112693	0.0419014	0.0791214	0.00916597	0.0387305	0.0410529	0.0107806	0.0524565	0.0313341	0.0098755	0.0536321	0.00657229	0.0993169	0.055854	0.153485	0.0927547	0.0602099	0.000253238	0.00568658
179	0.00226898	0.00325047	0.000535988	0.000538731	0.536409	0.00766991	0.0169349	0.0118831	0.0112074	0.0619714	0.0109499	0.00723885	0.0020117	0.000915327	0.00321828	0.0014577	0.00939522	0.0345376	0.00468491	0.272921
180	0.0500487	0.0107884	0.371425	0.129008	0.00694058	0.0486356	0.0408077	0.00760885	0.0170958	0.0197933	0.00972435	0.0716166	0.0205759	0.0419615	0.0202424	0.068441	0.036116	0.0206815	0.00233304	0.00615621
181	0.0411676	0.0167016	0.0194922	0.0679574	0.0213302	0.0339284	0.308247	0.0225538	0.0268908	0.0319268	0.0261789	0.0234729	0.00925704	0.152532	0.0465623	0.0618372	0.0275849	0.0256283	0.00603643	0.0307139
182	0.263279	0.0327071	0.00683877	0.00495517	0.00410977	0.0461624	0.00624414	0.0488971	0.00512987	0.0530006	0.0484038	0.00650137	0.261716	0.00851795	0.0119125	0.14101	0.00999125	0.0357638	0.00138898	0.00347017
183	0.0737304	0.0240886	0.25588	0.0782337	0.0159839	0.0348333	0.0436799	0.0260871	0.0272072	0.0344505	0.0165697	0.0556886	0.018322	0.0360728	0.0298887	0.0558409	0.0397771	0.11201	0.00522328	0.0164327
184	0.107468	0.0157186	0.0259997	0.00915459	0.00571793	0.0826154	0.00912947	0.0106832	0.0168761	0.0169821	0.00804253	0.0273191	0.488858	0.0126015	0.0149948	0.0838388	0.0339859	0.021019	0.0025251	0.00647018
185	0.0995249	0.235829	0.0102294	0.00910092	0.0238328	0.0413748	0.0173232	0.0202344	0.0124263	0.144222	0.0192758	0.0262552	0.0166496	0.0242441	0.0242083	0.160938	0.0496115	0.0469798	0.0041965	0.0135439
186	0.0134815	0.00117856	0.000551311	0.000689045	0.016438	0.00592032	0.00264551	0.528297	0.00372623	0.119323	0.0161589	0.00132406	0.00151948	0.00237367	0.00228193	0.00289859	0.00678211	0.26946	0.00132529	0.00362588
187	0.00334621	0.00351639	0.000686205	0.000689935	0.500162	0.0102726	0.0164232	0.010382	0.00967314	0.0537016	0.0100206	0.00875687	0.00398526	0.00130866	0.0036527	0.00220204	0.008809	0.0327353	0.00985252	0.309824
188	0.126065	0.236631	0.00900626	0.00592353	0.0135712	0.035888	0.0136967	0.0160537	0.0101024	0.107521	0.0170072	0.0127654	0.0161315	0.0165273	0.0210603	0.104163	0.185741	0.0414955	0.00277409	0.00787604
189	0.112063	0.0280892	0.00631606	0.00411864	0.0231261	0.0155217	0.010267	0.153714	0.0118493	0.183606	0.0312777	0.0177153	0.00740654	0.0136691	0.013296	0.026327	0.0342006	0.292193	0.00305272	0.0121909
190	0.0293106	0.00795363	0.00486655	0.00488771	0.0382693	0.00872831	0.0161668	0.120664	0.0048521	0.545377	0.043101	0.0139096	0.0463894	0.00854896	0.0103483	0.0169367	0.0135125	0.0560376	0.0024999	0.00764022
191	0.0649018	0.0186352	0.0241905	0.0315521	0.00984333	0.0236801	0.079971	0.0168319	0.0201129	0.0224299	0.0113008	0.0314217	0.0125274	0.0774033	0.0300757	0.21522	0.270882	0.027032	0.00269865	0.00929031
