935	20
1	0.0607042	0.0082419	0.0405596	0.0757544	0.0318697	0.0205043	0.0563772	0.0334261	0.105379	0.068864	0.0243727	0.0471974	0.0482033	0.104831	0.0870931	0.0694248	0.0435657	0.0400114	0.00258194	0.0310385
2	0.0736912	0.0200479	0.0451229	0.0491216	0.0439451	0.0317835	0.0277229	0.0400435	0.0823327	0.0566634	0.0269783	0.0986579	0.0150616	0.0399361	0.0428609	0.137046	0.0943917	0.0395717	0.00548311	0.0295383
3	0.0670542	0.00831438	0.0158214	0.0326857	0.0465429	0.0224625	0.0101712	0.131582	0.058733	0.0997655	0.0575951	0.0225542	0.00341447	0.0348552	0.0143363	0.101415	0.132563	0.115733	0.00501228	0.0193893
4	0.017252	0.0115929	0.00426318	0.00779687	0.0159873	0.121526	0.0551381	0.0154873	0.0139108	0.00693191	0.0133138	0.213245	0.0294494	0.0130305	0.00329986	0.219038	0.216367	0.017533	0.00135414	0.00348296
5	0.0160382	0.0120037	0.00134994	0.00159645	0.485171	0.00714661	0.00478517	0.0768979	0.00467836	0.171986	0.0302324	0.00261709	0.00385288	0.00329318	0.00528266	0.0123337	0.0115536	0.0577563	0.0178193	0.0736052
6	0.0943243	0.0108865	0.00780574	0.0110705	0.0313221	0.0163654	0.00529264	0.168109	0.025308	0.109902	0.0409032	0.0229867	0.0046265	0.0103867	0.0121163	0.0508235	0.0719041	0.297581	0.0017769	0.00650963
7	0.108072	0.00688943	0.0614838	0.256215	0.0107444	0.0349117	0.0112838	0.0316126	0.0430606	0.0303143	0.0154857	0.036861	0.011534	0.0683428	0.0317489	0.0842615	0.0940843	0.050717	0.00280301	0.00957436
8	0.0501823	0.00390133	0.0154039	0.0490601	0.00221969	0.0164883	0.0226126	0.0712615	0.154777	0.0390652	0.0385436	0.037233	0.018303	0.0880837	0.163259	0.0631598	0.0906784	0.0711632	0.00354489	0.00105978
9	0.0316166	0.0105517	0.00941096	0.0288461	0.0102155	0.0159022	0.0317057	0.0413114	0.0924673	0.0363325	0.0222724	0.0193938	0.0103632	0.0840592	0.436233	0.0375228	0.0362553	0.0355464	0.00357058	0.00642348
10	0.0185525	0.00566842	0.00130531	0.000635747	0.081298	0.00485805	0.000983637	0.230788	0.00210983	0.364737	0.0931556	0.00159299	0.0011344	0.00245028	0.00406836	0.00476583	0.0109328	0.161941	0.00450117	0.00452136
11	0.0207026	0.00869448	0.00254993	0.00982715	0.14506	0.0051154	0.0121875	0.0138754	0.00828562	0.0361613	0.00907893	0.00763791	0.00656787	0.0212524	0.00715291	0.0208266	0.0154108	0.0122796	0.543548	0.0937853
12	0.0500243	0.0167813	0.00324091	0.00154087	0.0383872	0.00791829	0.00333465	0.325185	0.00513497	0.111957	0.0521282	0.00750683	0.00388666	0.00239179	0.00515667	0.0280986	0.0493905	0.286281	0.00102717	0.000628649
13	0.0775985	0.0182935	0.00130996	0.0017454	0.116284	0.0494292	0.00196534	0.0927104	0.0020148	0.272103	0.138508	0.002144	0.00213446	0.0031325	0.0061476	0.063106	0.0433813	0.0863366	0.0105535	0.011102
14	0.00626627	0.00916521	0.00317346	0.00383922	0.1236	0.00708608	0.0685469	0.0215019	0.00556462	0.508174	0.086489	0.0287245	0.00405731	0.0118257	0.0059282	0.0131962	0.00856464	0.0198847	0.00185851	0.062554
15	0.0896417	0.0260611	0.00177105	0.00047163	0.0745009	0.0259759	0.000395364	0.178626	0.0031525	0.228407	0.0437653	0.00101716	0.00934005	0.00165866	0.00146941	0.0198806	0.03518	0.248612	0.00649897	0.00357478
16	0.0466938	0.0166105	0.00183574	0.000559265	0.0934578	0.0132021	0.000845789	0.233116	0.00247803	0.269811	0.0590533	0.00105807	0.0037904	0.00256773	0.00263394	0.00979014	0.0183384	0.205207	0.0101971	0.00875429
17	0.113314	0.0315823	0.00157127	0.00394507	0.0838004	0.073936	0.00497188	0.0580845	0.00605012	0.18214	0.124349	0.00864022	0.00254673	0.00628561	0.00975032	0.10949	0.0595882	0.0618106	0.0214539	0.0366898
18	0.00422033	0.00459821	0.000438533	0.000624235	0.631362	0.00532498	0.00546332	0.0323548	0.00185734	0.180734	0.0220673	0.00204497	0.00201	0.00145355	0.000778316	0.00281071	0.00447605	0.0304907	0.00359148	0.063299
19	0.45107	0.0333755	0.001557	0.00319558	0.0103378	0.0760536	0.00946833	0.0280472	0.00134745	0.029093	0.00420577	0.00294912	0.00653951	0.0101378	0.00785777	0.144305	0.0758771	0.0969984	0.00150272	0.00608169
20	0.111583	0.0238029	0.000819306	0.00212269	0.0853948	0.0714496	0.00182656	0.0572879	0.000780459	0.241947	0.139029	0.00194541	0.00170176	0.00144543	0.0069835	0.0992489	0.0638528	0.0666126	0.0113563	0.0108097
21	0.11341	0.0210912	0.00690388	0.00256649	0.0477056	0.0239612	0.00179277	0.202512	0.00528122	0.158043	0.0407227	0.00763866	0.0056745	0.00181792	0.00389412	0.0367511	0.059449	0.256342	0.00234355	0.00209873
22	0.0339396	0.00960433	0.00121878	0.00106351	0.0414431	0.0052698	0.00195807	0.329946	0.00253753	0.201733	0.0460704	0.00261781	0.00248878	0.00168202	0.00208642	0.00906822	0.0217396	0.280731	0.0036926	0.00110851
23	0.0324132	0.01022	0.000871865	0.000617416	0.0553411	0.00449747	0.00136821	0.331251	0.000932425	0.207908	0.0407681	0.000819546	0.00152654	0.00125187	0.000795148	0.00564271	0.0148814	0.280581	0.00737601	0.000937923
24	0.176878	0.0232924	0.00439514	0.00660888	0.0555818	0.0523754	0.00559616	0.066188	0.00787804	0.174468	0.0893636	0.010067	0.00480959	0.00700925	0.00957754	0.113658	0.0884547	0.085584	0.00721318	0.011002
25	0.0414906	0.0342293	0.00304397	0.00753628	0.201783	0.00894306	0.00390175	0.103777	0.00763332	0.169825	0.0377592	0.00772894	0.00696632	0.00851876	0.0148642	0.0371033	0.0309414	0.0850257	0.0638046	0.125125
26	0.0867102	0.0255721	0.0016357	0.000403781	0.0739947	0.0274722	0.000247497	0.170546	0.0031314	0.23871	0.0477744	0.000811777	0.0105902	0.00168944	0.0015182	0.0188179	0.0331762	0.246666	0.00616277	0.0043706
27	0.00464239	0.0056343	0.00137846	0.00128833	0.0790903	0.00247117	0.0203982	0.0210863	0.00212862	0.638505	0.130109	0.0108357	0.00113643	0.00824626	0.00261932	0.0118522	0.00588696	0.0233493	0.000692092	0.0286493
28	0.02471	0.00970745	0.00385285	0.0283146	0.00522361	0.0236562	0.00455661	0.00910632	0.00808427	0.023636	0.00711903	0.0128505	0.0140687	0.00627015	0.0055063	0.354254	0.445464	0.00971916	0.00112588	0.00277435
29	0.020414	0.00618211	0.000670205	0.00070064	0.0285669	0.000956245	0.00204152	0.405019	0.000506539	0.198872	0.0281533	0.000637364	0.000342018	0.00065512	0.000568134	0.00344729	0.0102784	0.288119	0.00363748	0.000232085
30	0.0985425	0.025135	0.00218892	0.00269089	0.112994	0.0493954	0.00275492	0.116402	0.00407432	0.227307	0.0730822	0.00440924	0.00655154	0.00372663	0.00758985	0.0523158	0.0473259	0.13727	0.0122642	0.0139801
31	0.08981	0.0239679	0.00256587	0.00124772	0.0673228	0.0367872	0.00163929	0.181309	0.00434495	0.20593	0.0440222	0.0027175	0.0128897	0.00260511	0.00359648	0.0283591	0.0399502	0.240342	0.00549787	0.00509455
32	0.191801	0.0150069	0.00733152	0.0069222	0.0469263	0.0464148	0.00134275	0.152824	0.00714125	0.122132	0.0281112	0.00661016	0.00287096	0.00191416	0.00581564	0.0647437	0.0852466	0.203408	0.00189427	0.0015431
33	0.0124359	0.0022147	0.00087752	0.0013651	0.0326379	0.00159447	0.00147932	0.0677994	0.00424525	0.509422	0.250153	0.0036159	0.00146591	0.00528362	0.00953589	0.0156998	0.0122633	0.0643542	0.000653029	0.00290374
34	0.0592755	0.0095021	0.0386964	0.0678954	0.00799853	0.0331591	0.0320847	0.026855	0.155576	0.0400381	0.0224167	0.0857398	0.0249586	0.0683667	0.124007	0.0954012	0.0710332	0.0235225	0.000970478	0.0125036
35	0.00191283	0.0102779	0.000719025	0.000616077	0.367767	0.0112826	0.00600102	0.0719623	0.000714657	0.372919	0.0489666	0.00454215	0.00260628	0.0021103	0.00113777	0.00207433	0.0053387	0.0613296	0.00103784	0.0266846
36	0.0294683	0.0135617	0.00411957	0.000415605	0.140775	0.00989441	0.000724459	0.20656	0.00145912	0.299091	0.0629759	0.000763508	0.00176334	0.00207354	0.00523592	0.0105632	0.0126831	0.152236	0.0150091	0.030627
37	0.0471835	0.00926411	0.0373696	0.0979729	0.0250334	0.0152017	0.0659933	0.0111593	0.134734	0.0523997	0.0132636	0.0262278	0.0605098	0.19307	0.0860467	0.0463782	0.0267725	0.0227073	0.00258786	0.0261251
38	0.417551	0.0428164	0.00143318	0.00169107	0.00940927	0.0746196	0.00778902	0.0251384	0.00144919	0.025606	0.00421822	0.002518	0.00605086	0.00839511	0.0097658	0.193954	0.0758994	0.0846203	0.00113436	0.0059413
39	0.0445571	0.014578	0.00224266	0.00177408	0.0397645	0.00702222	0.00277134	0.302763	0.00800484	0.165952	0.0581718	0.00827278	0.00422813	0.00343695	0.00605913	0.0189225	0.0382236	0.270002	0.00215366	0.00109887
40	0.0437943	0.0220638	0.00575442	0.0141722	0.0802236	0.0222561	0.0235974	0.131963	0.0402161	0.168851	0.0737778	0.0392218	0.00476068	0.0330578	0.0267062	0.069377	0.0445894	0.0829302	0.0117709	0.0609159
41	0.091464	0.0269466	0.00166331	0.000292692	0.07542	0.0278826	0.000206438	0.166816	0.0032209	0.237678	0.044725	0.000776703	0.0103335	0.0017287	0.0014775	0.0197663	0.0343958	0.244781	0.00644083	0.00398397
42	0.0443236	0.0144388	0.00410305	0.00897315	0.0669005	0.018243	0.0133709	0.12352	0.026032	0.279996	0.0989174	0.0218444	0.00449487	0.021713	0.0179289	0.0488014	0.037838	0.108159	0.00744303	0.0329591
43	0.0440898	0.00667154	0.0261753	0.0597183	0.00488535	0.0328424	0.0228095	0.0221921	0.251766	0.0313113	0.0207538	0.0527696	0.0114786	0.0545101	0.192531	0.0828202	0.0562236	0.0165603	0.00207656	0.00781423
44	0.0920019	0.0271261	0.00165603	0.00029722	0.0749324	0.0280293	0.000209674	0.166096	0.00323665	0.237198	0.0446116	0.000787107	0.0104368	0.00171051	0.00147357	0.0199205	0.034626	0.245313	0.00637981	0.00395748
45	0.0400713	0.018061	0.00639939	0.0194034	0.0816816	0.0218591	0.0210342	0.126418	0.0514062	0.165166	0.058533	0.0380526	0.00561435	0.038401	0.0258817	0.0679388	0.0425923	0.0886457	0.0145117	0.0683286
46	0.112074	0.0266722	0.00230945	0.00115056	0.0670758	0.0294776	0.00048533	0.159082	0.00339012	0.21681	0.0407172	0.00185138	0.0106711	0.00242332	0.00208786	0.0276737	0.0431358	0.24325	0.00564065	0.00402209
47	0.114162	0.0235061	0.00294677	0.00159751	0.0575574	0.0276703	0.000865342	0.173119	0.00380555	0.184577	0.0386714	0.00310726	0.009656	0.00204927	0.00259613	0.0318008	0.0490357	0.265757	0.0041809	0.00333936
48	0.199007	0.0166959	0.00709474	0.00676683	0.0518305	0.0529143	0.0015654	0.122731	0.0060813	0.138144	0.0390482	0.00779163	0.00243167	0.00205205	0.00813218	0.078282	0.0913561	0.162908	0.0032666	0.001901
49	0.10522	0.025754	0.002251	0.000915408	0.0703468	0.0287621	0.000461964	0.168486	0.00346907	0.217079	0.0411654	0.0014095	0.00927237	0.00154728	0.00187022	0.0254881	0.0404842	0.247196	0.00540806	0.00341469
50	0.00668597	0.00729745	0.0019839	0.00353445	0.213081	0.00114919	0.0260591	0.00660488	0.00222242	0.022392	0.00858804	0.000926356	0.00645181	0.0044651	0.00158118	0.0103889	0.00513444	0.00574057	0.00646132	0.659252
51	0.0738403	0.021583	0.00168854	0.000409966	0.0804014	0.0283644	0.000395884	0.182909	0.00268029	0.259973	0.0538395	0.000776243	0.00860445	0.00192439	0.00192081	0.0162947	0.0277633	0.22477	0.00600413	0.0058565
52	0.195345	0.0156336	0.00675965	0.0064648	0.0454178	0.0458087	0.00125159	0.150296	0.00623057	0.124947	0.0280419	0.00625757	0.00301484	0.00163009	0.00582416	0.0642521	0.0860555	0.203435	0.0018336	0.00150033
53	0.0635279	0.00657233	0.0462133	0.0946301	0.0318887	0.0121415	0.0714163	0.013456	0.100943	0.056479	0.0202202	0.0386169	0.0563965	0.130797	0.0849584	0.0625452	0.0365645	0.0360502	0.00149496	0.0350875
54	0.0952196	0.0267307	0.00186404	0.000459618	0.0734588	0.0283334	0.000292214	0.167564	0.00326312	0.231828	0.0439449	0.00094029	0.0100876	0.00165857	0.00153476	0.0209483	0.0358518	0.246125	0.00609683	0.00379864
55	0.0219482	0.00890832	0.00236134	0.000347172	0.119387	0.00705933	0.000628822	0.204706	0.00147419	0.367951	0.0757466	0.000687507	0.00108846	0.0023612	0.00460874	0.00537105	0.0104367	0.142931	0.00841845	0.0135775
56	0.0682491	0.0152387	0.016566	0.023129	0.0737213	0.0325723	0.0237208	0.133362	0.0355323	0.163613	0.0548665	0.0295986	0.00948376	0.0258975	0.0230049	0.0908376	0.0467957	0.0857174	0.0090893	0.0390041
57	0.199818	0.0268305	0.00269038	0.013148	0.0452019	0.127342	0.00222626	0.0810145	0.00330513	0.147435	0.0777875	0.00344715	0.00292768	0.00288056	0.00754306	0.0817287	0.0732397	0.0757458	0.0197779	0.00591079
58	0.0929281	0.0268421	0.00178441	0.000341122	0.0742094	0.0279569	0.000243258	0.166843	0.00325638	0.235023	0.0444993	0.00088412	0.0103036	0.0016746	0.00149219	0.0205137	0.0356127	0.24547	0.00624436	0.00387846
59	0.0146033	0.0067738	0.00202607	0.000582154	0.133969	0.0051986	0.00105899	0.17167	0.00235842	0.410047	0.0870637	0.00154116	0.00116988	0.00209	0.00502329	0.00441947	0.00932126	0.127056	0.0053635	0.00866456
60	0.0676928	0.0251127	0.00209862	0.000840241	0.0886932	0.0206673	0.00215628	0.153374	0.009687	0.282837	0.0624974	0.00385571	0.00799452	0.0031051	0.00539973	0.0173735	0.0275264	0.203139	0.00810841	0.00784097
61	0.0351956	0.0120123	0.00250504	0.00285035	0.0501706	0.00529014	0.00802551	0.271575	0.0257824	0.147172	0.0688124	0.0291004	0.00594891	0.0137709	0.0225348	0.0284457	0.0329637	0.230225	0.00192813	0.00569134
62	0.024543	0.00964385	0.00220796	0.000329939	0.116014	0.00914101	0.000584233	0.245838	0.00115772	0.318077	0.069429	0.000381614	0.00115547	0.00265328	0.00275712	0.00426911	0.0113263	0.166722	0.00671851	0.00705045
63	0.0516807	0.0108661	0.0472047	0.0970622	0.0266297	0.0127813	0.0758908	0.011989	0.0760854	0.0731592	0.0154579	0.0343136	0.101309	0.13311	0.0697525	0.0746318	0.0284704	0.0247326	0.0031906	0.0316826
64	0.140106	0.0935562	0.00545301	0.00244105	0.119424	0.0685073	0.00232607	0.0822664	0.00334091	0.0961516	0.0377502	0.00319199	0.0159047	0.0128052	0.0111124	0.0991368	0.0782692	0.0652991	0.0465274	0.0164302
65	0.0323175	0.0123052	0.00174864	0.000380837	0.0903973	0.00748517	0.000763782	0.269684	0.00144653	0.266214	0.0547401	0.000416319	0.0018849	0.0027877	0.00175288	0.00536009	0.0128269	0.224846	0.0086237	0.0040193
66	0.0195727	0.0120583	0.00440795	0.0149139	0.0424892	0.0729074	0.0721604	0.00581254	0.0270374	0.0645953	0.00721297	0.0254954	0.00628815	0.156456	0.351184	0.0620123	0.0338325	0.0123305	0.00205347	0.00717959
67	0.0599719	0.0101148	0.0337635	0.0553866	0.00126698	0.0453225	0.0203514	0.030555	0.169179	0.0347409	0.0235434	0.10081	0.0148659	0.043032	0.133809	0.109598	0.0874589	0.0208425	0.000529344	0.00485885
68	0.0410186	0.0060087	0.00643773	0.0233934	0.00948409	0.111607	0.0364574	0.0295866	0.0177552	0.00997123	0.0115561	0.10232	0.0345144	0.00921417	0.00832716	0.219888	0.290881	0.026828	0.00136678	0.00338392
69	0.0504901	0.00488342	0.0212835	0.0570513	0.00601386	0.0166964	0.029189	0.061674	0.150629	0.0409663	0.0352832	0.0416904	0.0238368	0.0931333	0.150887	0.0643833	0.0781559	0.0634797	0.0041943	0.00607886
70	0.0487073	0.0194931	0.00746929	0.0147219	0.0749195	0.0310519	0.0237863	0.120812	0.0415702	0.158412	0.060012	0.0412329	0.00493887	0.0368882	0.0270665	0.0829978	0.0625603	0.0805886	0.0113159	0.0514555
71	0.00350173	0.00728292	0.00184377	0.00175021	0.205871	0.000637299	0.026174	0.00541187	0.00110506	0.016088	0.00627166	0.000712818	0.00315929	0.00215594	0.000538735	0.00885953	0.00368239	0.00442738	0.00430268	0.696224
72	0.0201584	0.00475262	0.000644866	0.00146854	0.0192074	0.000806845	0.00108378	0.330749	0.00104146	0.106396	0.0276099	0.000936296	0.00144861	0.0012713	0.00144431	0.00637312	0.0159077	0.454655	0.00200227	0.00204255
73	0.139788	0.00456545	0.00206857	0.00883869	0.00151743	0.780565	0.00124283	0.00215415	0.00141217	0.00299703	0.00128533	0.00172239	0.00172654	0.00288959	0.0043053	0.0287171	0.0064533	0.00534696	0.000578295	0.00182553
74	0.0241747	0.0145169	0.00846333	0.0234304	0.0140362	0.0209649	0.0575339	0.0113603	0.067488	0.0387326	0.0118606	0.0170757	0.0117571	0.099563	0.489118	0.0393975	0.0180876	0.0207874	0.00190229	0.0097498
75	0.0508666	0.00614624	0.153186	0.139746	0.00512103	0.0730868	0.0177296	0.0103408	0.0632132	0.0123166	0.00590268	0.136021	0.00745594	0.026658	0.0387643	0.160696	0.0610515	0.0152842	0.00264736	0.0137658
76	0.0135799	0.0022132	0.000812029	0.00117865	0.0373716	0.00123704	0.000961437	0.0729242	0.00403624	0.529022	0.220617	0.00333046	0.00150264	0.0040824	0.00907315	0.013169	0.0118491	0.0692699	0.000931223	0.00283881
77	0.0474834	0.00961348	0.0151631	0.0379614	0.0634028	0.0300619	0.171683	0.00813761	0.0315061	0.0479179	0.0115333	0.0290603	0.0494857	0.105881	0.0974168	0.0297774	0.0212639	0.0127711	0.00509236	0.174788
78	0.0750831	0.00978897	0.0234203	0.100846	0.0209118	0.0159085	0.0543915	0.0353377	0.0656685	0.0448186	0.053044	0.0254115	0.0205301	0.123071	0.062506	0.0767698	0.0482143	0.124302	0.00467489	0.0153003
79	0.0397923	0.0181379	0.0607113	0.0291517	0.0031163	0.148608	0.00976708	0.00611594	0.0501908	0.00854617	0.00504784	0.0785793	0.0200267	0.00604353	0.0777586	0.379084	0.0435327	0.0104512	0.00248237	0.00285634
80	0.0459506	0.0180038	0.00596299	0.0155174	0.0804846	0.0255369	0.0220854	0.128833	0.0462276	0.167946	0.064701	0.0381791	0.00552417	0.0328818	0.0299963	0.0720992	0.0495534	0.0850933	0.0126281	0.0527954
81	0.0878133	0.00650538	0.128253	0.0373418	0.00668819	0.0334181	0.0389186	0.00898444	0.0364775	0.0209714	0.00740931	0.228969	0.00430267	0.0141602	0.0392781	0.162127	0.0860895	0.0413833	0.00167163	0.00923702
82	0.0410045	0.0224043	0.00561376	0.0149756	0.0913536	0.0211211	0.0207476	0.131596	0.0410121	0.168573	0.0609426	0.0370294	0.00515247	0.0333423	0.0259175	0.0669313	0.0423821	0.085142	0.0161529	0.0686058
83	0.0483383	0.0195846	0.00317026	0.000392877	0.11681	0.0132586	0.000476476	0.204754	0.00234775	0.264982	0.0542196	0.000521607	0.00404588	0.00230705	0.00273463	0.0101138	0.018513	0.21083	0.011895	0.0107055
84	0.0202844	0.0056366	0.0139305	0.0401673	0.00587723	0.0247062	0.0148967	0.0141826	0.342212	0.0298973	0.0205832	0.0157768	0.00326658	0.0346177	0.293992	0.073955	0.0318491	0.00521392	0.00221366	0.00674138
85	0.00617883	0.0011995	0.00062059	0.00109883	0.748554	0.000670456	0.0103794	0.00288813	0.00282874	0.0307583	0.00483171	0.000944289	0.0024649	0.00149532	0.000762893	0.00450208	0.00460562	0.00672308	0.00713684	0.161357
86	0.010735	0.00809402	0.00336614	0.00572402	0.061035	0.0120567	0.0229069	0.00926869	0.00773163	0.0205345	0.00659478	0.0104223	0.00364447	0.0129865	0.0121961	0.0185091	0.00858779	0.00926894	0.734511	0.0218265
87	0.0530409	0.0156134	0.0031111	0.0014158	0.0366906	0.00882715	0.00259107	0.331848	0.00286043	0.131122	0.0440704	0.00425174	0.00272794	0.00123977	0.00298535	0.0239898	0.0435302	0.287672	0.00187596	0.000535891
88	0.0910529	0.0269682	0.0016301	0.000308617	0.0749262	0.0276276	0.000239314	0.167419	0.00330101	0.236411	0.0448885	0.00091208	0.0103568	0.0018059	0.00151456	0.0198098	0.0344201	0.246057	0.00645341	0.00389735
89	0.0241498	0.00654191	0.000956969	0.00111331	0.0359981	0.00277975	0.00166693	0.334128	0.00101763	0.204607	0.0407108	0.000746191	0.00144289	0.00101644	0.00102757	0.00467724	0.0148945	0.317575	0.00369794	0.00125174
90	0.00813448	0.0108506	0.00141943	0.000898052	0.303098	0.0128727	0.00508215	0.104411	0.00154532	0.361277	0.0518053	0.00425034	0.00264218	0.00257447	0.00240296	0.00561402	0.00798813	0.0745808	0.0057296	0.0328229
91	0.226224	0.0526716	0.0110642	0.00273622	0.0497945	0.0385256	0.00176262	0.0726511	0.00278954	0.0808706	0.0127453	0.00492337	0.00746959	0.00682122	0.00519665	0.151107	0.135794	0.126962	0.00725569	0.00263479
92	0.161776	0.102822	0.0132628	0.00127595	0.0493325	0.0288648	0.00120619	0.0530892	0.00874078	0.0498639	0.0117933	0.00964464	0.00600235	0.00593298	0.0028903	0.249679	0.146034	0.0861072	0.00965537	0.0020261
93	0.0441817	0.0153678	0.024219	0.0544862	0.023269	0.0184818	0.0186194	0.0695438	0.231981	0.0668835	0.0330315	0.0344325	0.0147559	0.0531484	0.0944845	0.0509869	0.0490916	0.0845242	0.0053936	0.0131176
94	0.00355828	0.012541	0.000908218	0.000687241	0.370255	0.0115257	0.00490852	0.0782011	0.00111736	0.348035	0.0481679	0.0040366	0.00299913	0.00234607	0.00179592	0.00286367	0.00675	0.0686107	0.0034178	0.0272751
95	0.219587	0.0590738	0.0110223	0.00199452	0.053573	0.0348501	0.00175736	0.0630157	0.00206948	0.0770416	0.0111279	0.0041659	0.00912412	0.00767367	0.00520527	0.166047	0.142931	0.118168	0.00857517	0.00299683
96	0.0619639	0.0283795	0.00302777	0.0024631	0.196226	0.0300717	0.00412321	0.121179	0.00602334	0.214185	0.0606731	0.00431962	0.00645761	0.00487406	0.00529854	0.0272583	0.0309799	0.159134	0.0130407	0.0203211
97	0.123208	0.0679995	0.0308238	0.00470047	0.0108744	0.0224781	0.0040267	0.0181915	0.0151172	0.036131	0.032649	0.0605621	0.00154067	0.00917809	0.00842593	0.361049	0.159272	0.0260077	0.00191172	0.00585279
98	0.00248064	0.00735942	0.00198206	0.00114121	0.184305	0.000555249	0.0283016	0.00609518	0.000688144	0.0124527	0.00642465	0.000659979	0.00255396	0.00213687	0.000452162	0.00931924	0.00335498	0.00455992	0.00462361	0.720553
99	0.0799318	0.0137534	0.00942973	0.022096	0.192902	0.0106066	0.0378837	0.0261227	0.0376606	0.0742807	0.015887	0.0238467	0.0333098	0.0475153	0.024042	0.072777	0.056546	0.0232435	0.0407373	0.157428
100	0.0112193	0.0157986	0.00196363	0.000773451	0.33345	0.0100172	0.00357164	0.103534	0.00198244	0.294916	0.0467998	0.0028384	0.00303297	0.00206281	0.00397952	0.00703667	0.0120107	0.0956249	0.012067	0.0373216
101	0.023209	0.00675633	0.000861894	0.000721014	0.0488586	0.0035184	0.00170248	0.351799	0.000714078	0.233554	0.0431485	0.000582973	0.000874299	0.0011768	0.000950672	0.00355155	0.011741	0.260066	0.00476293	0.00144967
102	0.0190575	0.00475333	0.0109203	0.0467427	0.00645922	0.0153954	0.0239292	0.00798945	0.382581	0.028106	0.0177144	0.00499341	0.000930145	0.0424337	0.307358	0.0465044	0.0176993	0.00277489	0.0036232	0.0100337
103	0.0656189	0.0029268	0.00483134	0.00245193	0.007151	0.00799898	0.00190709	0.00795449	0.00157635	0.0196814	0.00237078	0.00584077	0.733815	0.00231548	0.0063268	0.0836886	0.0335019	0.00778386	0.000864728	0.00139367
104	0.00991934	0.00188669	0.000680494	0.00105201	0.0385457	0.00124109	0.00237657	0.0452898	0.00195824	0.620655	0.183908	0.00261473	0.000894168	0.00481582	0.00577438	0.0114266	0.010482	0.0499203	0.000770251	0.00578877
105	0.0200321	0.00412203	0.000584832	0.00211892	0.0107405	0.000635758	0.000582023	0.283467	0.00129945	0.0469237	0.0226909	0.000911833	0.00218785	0.00167544	0.00207209	0.00872001	0.0198351	0.567361	0.000728781	0.00331045
106	0.0674169	0.000858875	0.15714	0.24337	0.00526394	0.0867251	0.006557	0.00996196	0.0805861	0.0124278	0.00398947	0.0678566	0.00906623	0.0446124	0.0304332	0.0625622	0.0574782	0.0331534	0.0046472	0.0158927
107	0.128141	0.00587468	0.00670962	0.007631	0.00885273	0.0220673	0.00507147	0.0144566	0.00545286	0.0206908	0.00467929	0.0110688	0.445357	0.00705914	0.00707467	0.15086	0.127439	0.0169167	0.0019535	0.00264368
108	0.0132088	0.00439093	0.00171352	0.0057286	0.00205818	0.0192765	0.0026192	0.00691024	0.0115039	0.00762338	0.00349783	0.0111952	0.0138286	0.00270224	0.00729865	0.243779	0.633668	0.00703332	0.000748665	0.00121554
109	0.025325	0.0258564	0.00164792	0.0192496	0.00426241	0.0129972	0.0641411	0.00551221	0.180301	0.0204877	0.00778929	0.0190936	0.00136486	0.0937846	0.466179	0.017616	0.00431267	0.0132417	0.00540438	0.0114333
110	0.129383	0.00301532	0.0451747	0.0837577	0.0526547	0.0120386	0.005129	0.114076	0.020874	0.0953407	0.0502047	0.00914539	0.00238236	0.0661407	0.00444438	0.0339164	0.174362	0.0932497	0.00202838	0.00268187
111	0.0550458	0.0151885	0.00231673	0.00165663	0.040765	0.0104599	0.00203249	0.297818	0.00355936	0.147837	0.0436055	0.00375211	0.00375417	0.00184359	0.00297309	0.0208879	0.0379568	0.304051	0.00266279	0.00183396
112	0.037643	0.0321064	0.00230616	0.00164854	0.194227	0.00944223	0.000978767	0.132101	0.0045708	0.196086	0.0455074	0.00120472	0.00501417	0.00314855	0.0122904	0.0275936	0.0232655	0.106613	0.056838	0.107414
113	0.037105	0.00256757	0.153551	0.0830742	0.00571528	0.0285384	0.0310848	0.00898661	0.0892768	0.0091027	0.00647698	0.234126	0.00151666	0.0180845	0.0506773	0.143477	0.073191	0.00448768	0.000532517	0.0184287
114	0.0913685	0.0268368	0.00166319	0.000328125	0.0750575	0.0281328	0.000244562	0.167124	0.00320144	0.237899	0.0450967	0.000826301	0.0103226	0.00172983	0.00161424	0.0199735	0.0345218	0.243762	0.00634913	0.00394721
115	0.211103	0.035081	0.00769123	0.00489219	0.0584026	0.033581	0.00356906	0.0801715	0.00587764	0.0757002	0.0149741	0.00652685	0.0083874	0.00760716	0.00813598	0.163759	0.122235	0.133377	0.00546552	0.0134625
116	0.0199618	0.00541192	0.000737668	0.000710016	0.028612	0.000972756	0.00219333	0.401765	0.000478613	0.208392	0.028519	0.000577178	0.000329944	0.000681171	0.000573664	0.00277225	0.00939652	0.284042	0.00355832	0.000313859
117	0.0918665	0.0270952	0.00165714	0.000308679	0.0750074	0.0279536	0.000210407	0.166399	0.00323024	0.237039	0.0445834	0.000773108	0.0103903	0.0017175	0.00146988	0.0198873	0.0346016	0.245444	0.00642608	0.00393933
118	0.186698	0.0438676	0.0076031	0.00350277	0.0605473	0.0437445	0.000924636	0.10078	0.00312578	0.127252	0.0335107	0.00425624	0.00585842	0.00431969	0.00449959	0.106426	0.1052	0.147348	0.00754083	0.00299451
119	0.0201364	0.00599579	0.000903271	0.000738037	0.0510573	0.00273703	0.00274569	0.356425	0.00150811	0.231862	0.044969	0.00181094	0.000806769	0.00165007	0.00188707	0.00396236	0.0116699	0.253812	0.00420864	0.00111357
120	0.00443693	0.00426114	0.00113894	0.00167567	0.06719	0.00507847	0.00637954	0.00310507	0.00130272	0.00995639	0.00220545	0.00237014	0.00104187	0.00603478	0.00205436	0.00498236	0.00301926	0.00360651	0.85313	0.0170308
121	0.154116	0.0191937	0.00495595	0.00390525	0.0542697	0.0355867	0.00120209	0.172381	0.00493008	0.154561	0.0338307	0.00462674	0.00512504	0.00159433	0.00399196	0.0470028	0.0669864	0.226975	0.00280426	0.00196045
122	0.0417299	0.00205806	0.0056035	0.00513861	0.00527404	0.00616271	0.00333603	0.00477211	0.00387679	0.0150421	0.00214461	0.00733698	0.787659	0.00492357	0.00996116	0.0640368	0.0234119	0.00459232	0.000611445	0.00232806
123	0.0254	0.00360188	0.000670155	0.00183987	0.00651579	0.00072415	0.000629088	0.257099	0.00234887	0.0291822	0.0180914	0.00130144	0.00261286	0.00185341	0.00184758	0.012027	0.0242439	0.606037	0.000291101	0.00368262
124	0.027307	0.00922168	0.000871595	0.0006285	0.0553197	0.00293717	0.00139755	0.343757	0.000746649	0.212772	0.0399177	0.000471935	0.000787925	0.00127232	0.000669251	0.00398228	0.0114544	0.277725	0.00789246	0.000868092
125	0.0976277	0.0203595	0.00073287	0.00190744	0.0816483	0.0612869	0.00173536	0.0549478	0.000950516	0.285827	0.14607	0.0018815	0.00136102	0.00176936	0.00702276	0.0918607	0.0590321	0.0635288	0.010094	0.0103565
126	0.0213968	0.00471209	0.000666036	0.00330167	0.0111814	0.00103873	0.000824349	0.282513	0.00175501	0.0468479	0.0279699	0.0015346	0.00237646	0.00190004	0.00272085	0.00980402	0.0214256	0.554377	0.000575121	0.00307988
127	0.00280615	0.00674989	0.00174755	0.00107569	0.233473	0.000588516	0.0262571	0.00539533	0.000889933	0.0146208	0.00609573	0.000635922	0.00262964	0.00206596	0.000467961	0.00874722	0.00331704	0.00464472	0.00481836	0.672973
128	0.00234061	0.0101981	0.000806062	0.000610074	0.359808	0.0109627	0.00616005	0.0757485	0.000882044	0.37304	0.0503461	0.0044408	0.0025965	0.0021635	0.00124577	0.00211183	0.0054507	0.0643534	0.00113763	0.0255977
129	0.0244837	0.0118571	0.00289684	0.00232167	0.109208	0.00857352	0.00384743	0.205678	0.0056477	0.304893	0.0928534	0.00676779	0.00160148	0.00692368	0.00717512	0.0138894	0.0145663	0.135863	0.0107494	0.0302036
130	0.0134944	0.00178386	0.674137	0.0908188	0.00377866	0.0386348	0.0196178	0.00490614	0.0107702	0.00995869	0.00413993	0.0502567	0.00481248	0.0111168	0.00917875	0.0318341	0.0123051	0.00467378	0.000882341	0.00289941
131	0.165954	0.0182055	0.00747163	0.00534839	0.0501034	0.0366539	0.00160853	0.14786	0.00674961	0.146929	0.0323981	0.0091809	0.00434526	0.00322003	0.00629847	0.0656106	0.0893547	0.197205	0.00255652	0.00294678
132	0.0348214	0.00906614	0.0244943	0.0524361	0.0317048	0.0137017	0.143667	0.0141302	0.0543095	0.0622738	0.0136523	0.0464336	0.0331033	0.237099	0.0814604	0.0396232	0.0231733	0.0180247	0.00253994	0.0642863
133	0.0192196	0.00538835	0.000763714	0.00114461	0.0215861	0.00138694	0.00185611	0.411347	0.00090173	0.122338	0.0246356	0.00222063	0.00238547	0.00188813	0.00217358	0.00639124	0.014625	0.356027	0.00229574	0.00142554
134	0.00973229	0.00894924	0.00114494	0.00258993	0.12377	0.00664665	0.00555103	0.0239942	0.00256502	0.0472242	0.00923946	0.00261118	0.0028822	0.00679632	0.00388406	0.00955009	0.00693754	0.0185964	0.67569	0.0316454
135	0.00484363	0.00668822	0.00157448	0.00165322	0.293894	0.000887615	0.0226322	0.00711927	0.00151949	0.0243217	0.00689159	0.000689115	0.00295207	0.00222787	0.000793563	0.00835737	0.00410749	0.0066065	0.00561482	0.596626
136	0.417985	0.0308088	0.00138387	0.00174046	0.00787944	0.0629706	0.00932459	0.0217111	0.00197273	0.0228511	0.00998404	0.00659433	0.00551925	0.0064536	0.00855457	0.193937	0.117641	0.0620467	0.000778663	0.00986311
137	0.0189056	0.00554037	0.000614537	0.000731207	0.0269086	0.000778119	0.00198307	0.410875	0.000489492	0.189598	0.0270467	0.000656088	0.00048756	0.000783364	0.000723445	0.00321894	0.00983679	0.297043	0.00338455	0.000395244
138	0.0391349	0.0331111	0.00232945	0.00173977	0.195818	0.00979628	0.00117593	0.129369	0.00522899	0.190745	0.0442308	0.00149059	0.00550239	0.00332404	0.0129389	0.0287793	0.0239951	0.105195	0.0562741	0.109822
139	0.128089	0.052534	0.0575881	0.0950428	0.00978767	0.0278672	0.0310518	0.0137866	0.0238236	0.0295527	0.0150468	0.062287	0.00997905	0.095875	0.0401239	0.236477	0.0401064	0.0177207	0.00290705	0.0103538
140	0.402525	0.0255141	0.00202091	0.00283072	0.00961911	0.0607246	0.00651741	0.0244405	0.00228469	0.0252277	0.00601342	0.00530704	0.0692463	0.00630795	0.00655676	0.185442	0.0866572	0.0644484	0.00129611	0.0070204
141	0.0205625	0.00706294	0.00172859	0.000391381	0.104605	0.00772814	0.000819735	0.26957	0.000923385	0.312892	0.0711304	0.000368521	0.000769808	0.00245628	0.00229324	0.00289973	0.0102048	0.172206	0.00569965	0.00568741
142	0.0385564	0.0334079	0.00238292	0.00150542	0.196811	0.00967065	0.000933006	0.13026	0.00473388	0.192	0.0441152	0.00113585	0.0053048	0.00295214	0.0126268	0.0283103	0.02369	0.106283	0.056324	0.108997
143	0.0336522	0.00712668	0.0063824	0.0149821	0.00378387	0.814351	0.00480399	0.00453527	0.00440958	0.00945421	0.00553866	0.00902996	0.00141284	0.00593149	0.0105422	0.0404681	0.0130952	0.00633543	0.00203104	0.00213411
144	0.362126	0.0484246	0.00343354	0.00269383	0.0272989	0.0935728	0.00660566	0.0366731	0.00160549	0.0423693	0.0138446	0.00364324	0.00763703	0.00794734	0.0068987	0.142617	0.0956871	0.0832052	0.00708124	0.00663589
145	0.0903104	0.0270171	0.0016295	0.000310049	0.0761973	0.0272094	0.000209635	0.168358	0.0032399	0.236864	0.0447803	0.00075174	0.0101414	0.00179066	0.00146356	0.0194173	0.0340318	0.245136	0.00693391	0.00420747
146	0.0457436	0.0188149	0.00773868	0.0165116	0.075701	0.0242027	0.024113	0.12921	0.0454394	0.165416	0.0658705	0.039061	0.0060042	0.03373	0.0274455	0.0732381	0.0480799	0.0860757	0.0118023	0.0558021
147	0.0170161	0.00320525	0.00465664	0.0147625	0.00173135	0.912781	0.00136088	0.00203835	0.00206109	0.00406017	0.00208402	0.00208418	0.000615303	0.00379394	0.00554136	0.0125191	0.00543709	0.00261044	0.000437883	0.00120339
148	0.0878636	0.0268544	0.00230331	0.000675987	0.0883043	0.0284834	0.000624419	0.164896	0.00333204	0.229768	0.0467168	0.000981221	0.0089855	0.00197002	0.00237362	0.0231194	0.0347025	0.226298	0.0108662	0.0108815
149	0.0460215	0.0181441	0.00600219	0.0154075	0.0798508	0.0251895	0.0222456	0.128765	0.0458271	0.167463	0.0651134	0.0386097	0.00520817	0.0330205	0.0295175	0.0719584	0.0493649	0.0861621	0.012591	0.0535374
150	0.122111	0.0090679	0.189832	0.0378025	0.00699229	0.0875871	0.0365928	0.0387873	0.00290778	0.0924419	0.0503731	0.0120001	0.00218004	0.0641337	0.0761919	0.142699	0.0157211	0.00660884	0.00185302	0.00411664
151	0.0213771	0.0182275	0.00220671	0.0191039	0.00638581	0.0218103	0.11789	0.0071258	0.157953	0.0191635	0.00909827	0.0140873	0.00212457	0.0729137	0.457711	0.0186087	0.00660239	0.0106714	0.00510323	0.011835
152	0.023785	0.0073375	0.00110207	0.000731087	0.0475652	0.00361291	0.00212688	0.358956	0.00116823	0.221261	0.0390131	0.0014309	0.00114481	0.00146557	0.00167819	0.00492114	0.0131247	0.263515	0.00431034	0.00174992
153	0.0104077	0.00345585	0.00325082	0.0117659	0.00102771	0.934384	0.00175825	0.0012264	0.00127113	0.00223444	0.00104275	0.0015411	0.000574272	0.00361296	0.00557	0.011243	0.00272612	0.00184202	0.000283635	0.000781484
154	0.033006	0.00561343	0.083477	0.396502	0.0143795	0.0188378	0.0385582	0.00726244	0.0825354	0.0236077	0.00945952	0.0349729	0.0186149	0.0747403	0.0574467	0.0370643	0.0243302	0.0160661	0.00243392	0.0210917
155	0.0442096	0.0141486	0.00430285	0.00973493	0.0593068	0.0156453	0.0110592	0.192038	0.0315712	0.183845	0.0828475	0.0252626	0.00599908	0.0196874	0.0302015	0.0459271	0.0406976	0.154206	0.0073698	0.0219397
156	0.0675825	0.00945489	0.0266427	0.0540178	0.0283805	0.0193885	0.0442064	0.0301847	0.0816436	0.0669324	0.0202292	0.0289772	0.0675838	0.0807918	0.219797	0.0542708	0.0366042	0.0349422	0.00444609	0.0239242
157	0.0380311	0.00707188	0.153489	0.0385166	0.0047956	0.0348828	0.0174868	0.00663451	0.0373834	0.00893898	0.00557461	0.185963	0.00299828	0.00888589	0.036979	0.304612	0.0862414	0.0106894	0.0011757	0.00965016
158	0.0411479	0.0125972	0.00145179	0.00129096	0.0656575	0.0104607	0.00229126	0.237856	0.00683342	0.23763	0.087646	0.00732216	0.00854278	0.00410842	0.00742509	0.0147729	0.0282798	0.218801	0.00310673	0.0027786
159	0.055823	0.000461095	0.177404	0.264381	0.00590613	0.0747252	0.00765651	0.0121162	0.0711057	0.0117812	0.00439192	0.0785037	0.0115099	0.0418187	0.0260353	0.0540461	0.0535525	0.0260045	0.00505731	0.0177209
160	0.127637	0.00294055	0.0284327	0.0985733	0.0299403	0.0174272	0.00565463	0.105371	0.0357991	0.0721271	0.0674117	0.0122233	0.00325695	0.059106	0.0133813	0.0474136	0.165827	0.102565	0.0024915	0.00242139
161	0.0167526	0.00587224	0.00167968	0.000500325	0.105463	0.00522085	0.000808932	0.171224	0.00192281	0.444828	0.0876286	0.00128033	0.000939364	0.0021889	0.00480253	0.00450388	0.00986123	0.122603	0.00489519	0.00702383
162	0.0260327	0.0292197	0.00105816	0.0178095	0.00405012	0.0132536	0.0665337	0.00574144	0.149564	0.0182391	0.0081916	0.0179934	0.00130185	0.0977015	0.493753	0.0168279	0.00280634	0.0132753	0.00541765	0.0112294
163	0.0610426	0.00939087	0.0314329	0.0548193	0.00405392	0.0428999	0.0198088	0.0341225	0.162804	0.0415772	0.0289174	0.0938742	0.0148523	0.0468749	0.128571	0.104691	0.0864746	0.026766	0.0014378	0.0055886
164	0.0225401	0.011214	0.00511786	0.0105663	0.0582372	0.0561383	0.0443022	0.00873627	0.0134042	0.0745881	0.00955435	0.0185309	0.00463126	0.138883	0.354379	0.0957343	0.0517278	0.0130108	0.00256728	0.0061367
165	0.0099265	0.00525695	0.000830967	0.000902501	0.634221	0.00538708	0.0053671	0.0399412	0.00241254	0.13418	0.0215621	0.00206641	0.0021779	0.00164445	0.00197091	0.00684013	0.00793431	0.0374988	0.00668572	0.0731929
166	0.0516205	0.00945505	0.0438542	0.109621	0.030936	0.0155949	0.0726997	0.00847615	0.120839	0.054221	0.0129757	0.0276256	0.0676668	0.158533	0.0855768	0.0485258	0.024107	0.0235826	0.00188591	0.0322031
167	0.00857104	0.00204366	0.000688328	0.000927744	0.756446	0.00179013	0.00683139	0.0156809	0.00333451	0.0522457	0.00914895	0.00143516	0.00229846	0.00165036	0.00126025	0.00545507	0.00663157	0.0177685	0.0101895	0.0956029
168	0.452642	0.0234423	0.00223516	0.00198095	0.0147642	0.0531125	0.00635163	0.0134726	0.00322212	0.026892	0.00861047	0.0076433	0.00610709	0.0195384	0.00842778	0.214257	0.0645029	0.0529899	0.00131386	0.0184939
169	0.051152	0.0112369	0.037866	0.0754677	0.0375492	0.0134102	0.0716421	0.0394599	0.0849457	0.0918895	0.0294143	0.0347978	0.0562928	0.114595	0.0702441	0.0605339	0.0323481	0.0399519	0.00297777	0.0442245
170	0.0434235	0.0136372	0.00116768	0.000686227	0.0551115	0.00783891	0.00125921	0.311643	0.00146404	0.20022	0.0414421	0.00122475	0.00279895	0.00141553	0.00123261	0.00964576	0.0200325	0.27822	0.00629984	0.00123666
171	0.00432301	0.00391971	0.00146285	0.00243215	0.0655647	0.00524477	0.00640564	0.00272987	0.00149482	0.00901164	0.00209845	0.00283927	0.00103905	0.00615241	0.00196252	0.00516414	0.0035349	0.00293927	0.854995	0.0166854
172	0.0310381	0.0162349	0.0376746	0.0292104	0.0154452	0.0291108	0.035532	0.0198356	0.0323911	0.0265933	0.0176628	0.443129	0.00962351	0.0238828	0.0261344	0.100689	0.0622004	0.0208155	0.00280625	0.0199902
173	0.0718884	0.00564112	0.0422033	0.121055	0.015814	0.0286047	0.0414058	0.0244695	0.114482	0.0468669	0.0199841	0.0373005	0.033053	0.110443	0.100372	0.0663508	0.0563531	0.0418127	0.00257127	0.0193284
174	0.0435353	0.0160112	0.00209135	0.00116939	0.0402877	0.00715882	0.00204929	0.323143	0.00276738	0.136684	0.0423492	0.00340056	0.00332992	0.00149472	0.00289992	0.0199163	0.0348187	0.312414	0.00292734	0.00155157
175	0.0205543	0.00586194	0.000635481	0.00111212	0.0266535	0.0010205	0.0014519	0.356508	0.000787479	0.157366	0.0326314	0.000810834	0.00113255	0.0011237	0.00116954	0.00495459	0.0137453	0.368126	0.00313284	0.00122228
176	0.0573954	0.0116515	0.0504999	0.0595208	0.00246055	0.0435905	0.0209331	0.0254838	0.155031	0.0355492	0.0202914	0.122574	0.0120866	0.0357046	0.115695	0.11977	0.0872432	0.0154397	0.000457083	0.00862337
177	0.104383	0.116978	0.0200422	0.00261064	0.0138145	0.0185963	0.00186224	0.033642	0.0313695	0.0140313	0.0116962	0.0317074	0.00127373	0.00338991	0.00328668	0.39918	0.15477	0.0329038	0.00268536	0.0017777
178	0.0100285	0.00287072	0.00083454	0.00115251	0.0691053	0.00160861	0.00298889	0.0572471	0.00415226	0.582472	0.163119	0.00405758	0.00137142	0.00430035	0.0074161	0.00966572	0.0106905	0.0584907	0.00103153	0.00739691
179	0.00769984	0.0038273	0.00278217	0.0080564	0.00421503	0.00749205	0.0117787	0.00593013	0.0341099	0.0126993	0.00653536	0.00366316	0.00289001	0.0173348	0.843167	0.0126089	0.00567245	0.00662572	0.00108976	0.00182216
180	0.0368894	0.000941344	0.174663	0.417671	0.00570833	0.0385077	0.00560458	0.0204655	0.0609888	0.0221047	0.0125005	0.0380592	0.00799123	0.0367805	0.0139901	0.0404396	0.0300583	0.0248647	0.00237865	0.0093921
181	0.151096	0.00780912	0.0649407	0.270352	0.00762464	0.0380047	0.0101685	0.0210356	0.0299991	0.0238986	0.0119777	0.0301879	0.0104767	0.0820251	0.0263465	0.115177	0.0585309	0.0295362	0.0030225	0.00779124
182	0.00929584	0.00101034	0.661704	0.14519	0.00329925	0.0376418	0.0173984	0.00482374	0.0119679	0.00844038	0.00308681	0.0346126	0.00271877	0.011606	0.00743275	0.0204215	0.00875123	0.00707172	0.000781523	0.00274485
183	0.0219043	0.0114912	0.00297616	0.000535987	0.150554	0.00784465	0.00120211	0.202814	0.00168315	0.322458	0.064976	0.00111068	0.00142106	0.00252245	0.00513129	0.00817222	0.011122	0.138752	0.0138847	0.0294442
184	0.0189526	0.00533258	0.000710344	0.000709187	0.0280259	0.000896681	0.00228837	0.403838	0.000506933	0.211168	0.027635	0.000577526	0.000283998	0.000687142	0.000630032	0.00263477	0.00897877	0.282344	0.00349032	0.000309258
185	0.0375986	0.00888282	0.113201	0.0162922	0.00420947	0.0535141	0.00854073	0.00499309	0.0183931	0.0100363	0.00478733	0.163447	0.00470037	0.00563665	0.0237784	0.44964	0.0565559	0.00987079	0.00131733	0.00460478
186	0.00353577	0.00105641	0.779879	0.0827324	0.00276388	0.0379874	0.0200636	0.00153337	0.000911438	0.00687309	0.0017911	0.0312363	0.000724829	0.00554088	0.00413703	0.0148472	0.00186695	0.00137951	0.00046577	0.000673611
187	0.0152472	0.00102725	0.166617	0.604886	0.00313529	0.0214569	0.00636443	0.00805536	0.0333621	0.00914874	0.00756623	0.0237799	0.00419048	0.0362929	0.008895	0.0191654	0.0144047	0.0118916	0.000864357	0.00364899
188	0.00567257	0.0190909	0.00455167	0.00726997	0.051057	0.00707852	0.0316422	0.046903	0.0919034	0.373475	0.146943	0.0182691	0.00386515	0.00921729	0.0847723	0.0104892	0.0229284	0.0611751	0.00140215	0.00229405
189	0.0574664	0.00050967	0.178815	0.26577	0.00603421	0.0727782	0.00736068	0.0124302	0.069094	0.0129967	0.00474966	0.0784422	0.0116785	0.0418954	0.0252086	0.0541017	0.0526042	0.0256694	0.00502334	0.017372
190	0.0378136	0.0151705	0.00287016	0.00403511	0.106903	0.0177307	0.00522705	0.188951	0.0108656	0.283793	0.0695336	0.00796614	0.00369383	0.0110746	0.00896293	0.0229453	0.0220565	0.144471	0.0139867	0.0219494
191	0.00827031	0.00261559	0.000653365	0.00116701	0.0379843	0.00122831	0.00586054	0.0334962	0.00184816	0.633483	0.188019	0.00398326	0.000866759	0.00547114	0.00524576	0.0115825	0.00911122	0.039316	0.000590235	0.00920701
