225	20
1	0.15426	0.0158016	0.00308058	0.0193759	0.00319848	0.00435254	0.016878	0.0480287	0.00288269	0.00663474	0.00375608	0.0284654	0.276996	0.0326472	0.0105163	0.105236	0.141915	0.122853	0.00104568	0.00207605
2	0.132726	0.0155758	0.0480197	0.051892	0.00216616	0.333872	0.0149954	0.00388055	0.0288522	0.0113502	0.00349828	0.0337308	0.00679697	0.0499931	0.0959132	0.0999195	0.0513062	0.00804314	0.000754923	0.00671415
3	0.00469622	0.000766728	0.000784662	0.00189596	0.00138763	0.00137124	0.00155575	0.603427	0.000753847	0.102143	0.0593785	0.000872365	0.000876599	0.00317751	0.0016408	0.00233505	0.00398362	0.207611	0.000790706	0.000552039
4	0.172306	0.0226692	0.00110601	0.00193098	0.00366776	0.0162567	0.00213641	0.0447948	0.00122948	0.0910158	0.0171323	0.00115082	0.0042028	0.00455387	0.00484779	0.00722449	0.0485309	0.550632	0.000604137	0.00400773
5	0.111709	0.0233288	0.0516959	0.0393686	0.0624863	0.0365121	0.205493	0.029828	0.0335355	0.0511329	0.0217805	0.0292861	0.0205274	0.0477433	0.0614431	0.0570729	0.0431939	0.0411731	0.00554531	0.0271436
6	0.0111338	0.00167992	0.00124596	0.00313436	0.136643	0.00224434	0.00685212	0.251044	0.00129835	0.380394	0.0582168	0.0013399	0.00809515	0.00651086	0.00343572	0.00275207	0.00646228	0.0925889	0.00641409	0.0185148
7	0.17558	0.0398626	0.0157309	0.0135992	0.00760367	0.198783	0.00990666	0.00729976	0.00836503	0.0141244	0.00763393	0.0241118	0.0116212	0.0119616	0.0186308	0.303214	0.098994	0.0258434	0.00194209	0.00519226
8	0.0405534	0.0244214	0.00121152	0.00186692	0.0346291	0.00671122	0.00783907	0.225285	0.00117211	0.29542	0.0245127	0.00364562	0.0322047	0.00756823	0.00447682	0.00592737	0.0217861	0.248919	0.00683484	0.00501535
9	0.162947	0.015982	0.0258053	0.0217063	0.00904763	0.429237	0.0160369	0.0176039	0.0206249	0.024782	0.010109	0.0264455	0.0153808	0.0245692	0.0387084	0.0577475	0.0378148	0.0354659	0.00165669	0.0083295
10	0.396603	0.0112354	0.0112059	0.0270932	0.0120525	0.0803508	0.0204714	0.0121801	0.0160181	0.0171359	0.0122137	0.203504	0.00735694	0.0248411	0.0270683	0.0675167	0.0266418	0.0169644	0.00335813	0.00618905
11	0.0604362	0.0233664	0.00914911	0.0128409	0.306864	0.0170257	0.0300193	0.0489171	0.0130823	0.11846	0.0292581	0.0112899	0.00849459	0.0173323	0.0197991	0.0356625	0.0318625	0.0441309	0.0179519	0.144057
12	0.0692592	0.0669882	0.00654489	0.0108508	0.308397	0.0128293	0.220186	0.0161295	0.0106601	0.0594328	0.0109878	0.0106026	0.00602359	0.0486866	0.0150136	0.0683974	0.0166242	0.0188004	0.00399057	0.0195952
13	0.113807	0.00817164	0.026543	0.0318423	0.0137188	0.0317126	0.0519182	0.016862	0.155847	0.0398372	0.0215651	0.019459	0.014813	0.0547867	0.268463	0.0510284	0.0322543	0.0291634	0.00177706	0.0164312
14	0.316387	0.0458808	0.00302739	0.00461163	0.00399217	0.154693	0.00288214	0.00499592	0.00196449	0.0109085	0.00277655	0.002814	0.00900918	0.0032857	0.00555068	0.309522	0.0931969	0.0224024	0.00062983	0.00146981
15	0.0520929	0.0473245	0.00719283	0.0109705	0.284343	0.0165353	0.199684	0.0203647	0.0136514	0.060127	0.0167012	0.0132662	0.00614948	0.0305526	0.0218007	0.0472659	0.0185587	0.024688	0.0118215	0.0969097
16	0.0213776	0.00479972	0.00480084	0.114854	0.0338803	0.040614	0.0120988	0.0197114	0.0108774	0.181092	0.0375586	0.0375508	0.00537197	0.368998	0.0150311	0.0126779	0.0490113	0.023602	0.00193355	0.00415868
17	0.302844	0.0123196	0.00750725	0.0150617	0.0143354	0.0575852	0.0103249	0.0526867	0.0083597	0.155149	0.0297662	0.00565569	0.0207017	0.0429949	0.0178316	0.0332528	0.0482564	0.152529	0.00186846	0.0109695
18	0.129613	0.00367898	0.00306637	0.0167236	0.0581803	0.004694	0.0269334	0.080226	0.00345371	0.113878	0.0807953	0.0085529	0.0270294	0.00687467	0.00526462	0.0287459	0.0301108	0.277526	0.0461212	0.0485319
19	0.0257331	0.0205562	0.00142402	0.00187184	0.263658	0.00171169	0.0269973	0.00346048	0.00172087	0.0208009	0.0135677	0.0012299	0.000932659	0.00396646	0.00358671	0.0194703	0.0104	0.0150957	0.0420146	0.521801
20	0.0381436	0.0206326	0.00219246	0.00507801	0.0356131	0.00498941	0.003462	0.176998	0.00317588	0.110062	0.0310101	0.00181818	0.00365196	0.0059427	0.00803405	0.0185902	0.32792	0.198216	0.00169084	0.00277876
21	0.0894254	0.00215101	0.372427	0.167131	0.00259991	0.0273163	0.0838803	0.00382402	0.00707789	0.00539957	0.00512053	0.0819415	0.00671669	0.0531286	0.0166402	0.0411778	0.00705658	0.0113177	0.000768481	0.0148989
22	0.191199	0.000527047	0.112026	0.16393	0.00314508	0.043639	0.0205385	0.005047	0.0629141	0.018133	0.00132407	0.0248834	0.00153282	0.104965	0.123374	0.0475616	0.0607723	0.0132744	0.00083192	0.000381522
23	0.0767671	0.0342081	0.00408385	0.0184275	0.0183077	0.0136704	0.00525977	0.109728	0.0103423	0.152116	0.037019	0.000743657	0.00468879	0.0175869	0.0337031	0.0431862	0.092344	0.317235	0.000247866	0.0103348
24	0.326068	0.0138735	0.0259321	0.0296643	0.00532084	0.363954	0.0061181	0.00859075	0.00575397	0.015499	0.00670496	0.00882289	0.0128597	0.0135012	0.0160589	0.0670262	0.0197572	0.050872	0.00110514	0.0025163
25	0.0611505	0.0101854	0.000850172	0.00645094	0.00714702	0.00362029	0.0011266	0.196347	0.000815917	0.0525886	0.0197843	0.000870902	0.00472151	0.00354239	0.00305592	0.00431312	0.0192321	0.601576	0.000263499	0.00235775
26	0.11232	0.125583	0.0483089	0.0478363	0.00376634	0.118679	0.00553239	0.00424169	0.00532303	0.0096244	0.0122623	0.142117	0.00336146	0.0140941	0.0534137	0.205154	0.0485301	0.0352973	0.00101777	0.00353667
27	0.0622813	0.0106273	0.00518717	0.00619681	0.0424264	0.00928414	0.00881432	0.129355	0.00693025	0.290767	0.106522	0.00888048	0.0368339	0.0330334	0.0147068	0.0307278	0.0375126	0.144961	0.00719472	0.00775747
28	0.0135503	0.00341063	0.00309582	0.00492996	0.0635727	0.00534949	0.0491465	0.0306623	0.037871	0.0851712	0.111236	0.0332819	0.00321612	0.0568133	0.415363	0.0362823	0.0204112	0.0215751	0.00109271	0.0039682
29	0.344982	0.00825714	0.0430672	0.0704946	0.00974665	0.0462527	0.0453186	0.0114085	0.0279438	0.0216085	0.0129507	0.0772535	0.0110762	0.0949693	0.0610258	0.048146	0.03418	0.020091	0.00225005	0.00897785
30	0.0105364	0.00113984	0.660014	0.058485	0.00139401	0.0535318	0.0394307	0.00200067	0.00140517	0.00297521	0.00777314	0.103764	0.00101993	0.0144195	0.00951579	0.0221708	0.00268728	0.00360213	0.000422983	0.00371142
31	0.00829269	0.152792	0.00215725	0.0216041	0.0909594	0.142335	0.0999541	0.00331325	0.00182165	0.075658	0.0119148	0.12431	0.00167671	0.0161534	0.0658245	0.0381155	0.0234195	0.00477102	0.0234121	0.0915141
32	0.0887073	0.0100516	0.0107697	0.0166476	0.0196533	0.0531416	0.0149199	0.0225182	0.0163591	0.204686	0.0163497	0.00834341	0.00709971	0.0207362	0.190872	0.0255569	0.149803	0.114409	0.00210017	0.0072766
33	0.0216249	0.0162181	0.00132017	0.0017115	0.249332	0.00143801	0.0241447	0.00262867	0.00112272	0.0155126	0.013034	0.00107345	0.000899985	0.00335021	0.00351845	0.0178463	0.0112255	0.011856	0.0465256	0.555618
34	0.0444488	0.0206651	0.00450732	0.00101912	0.00421689	0.0274454	0.0198951	0.0154505	0.000871897	0.0292313	0.0121271	0.00484526	0.00457389	0.0110763	0.00150334	0.191066	0.590941	0.0114919	0.000226158	0.00439696
35	0.0592612	0.023335	0.00257406	0.0101893	0.0308623	0.0103813	0.00606883	0.132433	0.00663597	0.247614	0.0310489	0.00205758	0.0108389	0.0124306	0.0271205	0.0292344	0.0624543	0.287621	0.00179739	0.00604155
36	0.0777046	0.0344826	0.00400331	0.0182509	0.0179724	0.0134388	0.00523186	0.109304	0.0102514	0.153472	0.0362465	0.000716765	0.00450619	0.0175123	0.0333811	0.0426771	0.0922371	0.317919	0.00025599	0.0104356
37	0.0335424	0.00448685	0.00374212	0.12211	0.00403876	0.00758291	0.0962933	0.0224613	0.0251609	0.00780997	0.00665357	0.0372658	0.0029257	0.0724184	0.389862	0.126779	0.00708528	0.00774263	0.00109651	0.0209422
38	0.024354	0.00879543	0.000577114	0.0103004	0.00685998	0.00205474	0.000776009	0.280565	0.000611219	0.0636489	0.0235141	0.000641512	0.00776089	0.00481749	0.00386626	0.00493684	0.0242717	0.528115	0.000184773	0.00334859
39	0.0246283	0.00900568	0.000594418	0.0100533	0.00691799	0.00205554	0.00078593	0.279954	0.000596948	0.0627384	0.0239365	0.000634538	0.00787277	0.00467625	0.00379906	0.00486996	0.0241008	0.529324	0.000181816	0.00327342
40	0.116154	0.0143959	0.0325467	0.0151195	0.00312582	0.396352	0.0206833	0.00439201	0.0456167	0.00775897	0.0043654	0.0528051	0.00876051	0.0440073	0.0975139	0.0622206	0.0510653	0.00866609	0.000803404	0.0136475
41	0.444565	0.0611529	0.00243283	0.00905228	0.0027738	0.0123911	0.00338073	0.0178025	0.00206468	0.0143328	0.00449319	0.00201761	0.0296415	0.00374931	0.00421297	0.265573	0.0476042	0.0702112	0.000824248	0.00172364
42	0.34214	0.00367046	0.0260359	0.0451913	0.00445563	0.0627923	0.0138347	0.00380783	0.0357406	0.00836335	0.00788254	0.0339778	0.0411381	0.0668825	0.104536	0.0785447	0.0927459	0.0241678	0.00054453	0.00354882
43	0.0640936	0.0284404	0.0017061	0.00429206	0.0180798	0.00830445	0.00923367	0.193535	0.00216125	0.313131	0.0231884	0.00397551	0.0168128	0.00912912	0.00827663	0.0119722	0.0425351	0.233529	0.00440012	0.00320376
44	0.0229166	0.00883657	0.000790521	0.0013583	0.0511875	0.00488979	0.0129531	0.30775	0.00089433	0.293798	0.032651	0.00157254	0.0208727	0.00928529	0.00562362	0.00320252	0.0144827	0.180493	0.0143038	0.0121383
45	0.196301	0.000582571	0.120111	0.16675	0.00277411	0.0446783	0.0212941	0.00395498	0.060652	0.0151131	0.00100978	0.0286451	0.00259935	0.101797	0.119602	0.0463517	0.0559923	0.0106729	0.000636681	0.00048227
46	0.252122	0.0101597	0.0280539	0.0139416	0.00322422	0.00545557	0.0325837	0.0149929	0.103166	0.067947	0.0221178	0.0182302	0.00223476	0.0451855	0.266362	0.015947	0.0479692	0.0338588	0.00047746	0.0159706
47	0.00452621	0.00180047	0.00127156	0.00552219	0.0627497	0.00174263	0.00187886	0.16505	0.00143709	0.522301	0.189225	0.00112013	0.00104745	0.0023455	0.00232605	0.00265375	0.00771354	0.0219214	0.000377277	0.00299
48	0.526522	0.104385	0.00157713	0.0277701	0.00181896	0.00689369	0.00262965	0.0176409	0.00135183	0.0367267	0.00749244	0.00137125	0.0161224	0.00246461	0.00270207	0.0917016	0.106167	0.0428769	0.000448756	0.00133674
49	0.166409	0.00100762	0.227848	0.114767	0.00118105	0.0610477	0.0728717	0.00291143	0.0266463	0.00354058	0.00514108	0.0585422	0.0316774	0.0627198	0.0338979	0.0972103	0.0129552	0.0163359	0.000349302	0.00293976
50	0.0750807	0.00534187	0.0784826	0.155169	0.00343107	0.0242517	0.0115165	0.0224438	0.0273086	0.0096885	0.00409564	0.0138996	0.417537	0.0169836	0.015553	0.0713509	0.0309621	0.013463	0.00101305	0.00242743
51	0.194188	0.000553953	0.114135	0.167914	0.00296323	0.0441156	0.0195181	0.0043611	0.0618536	0.016543	0.00103441	0.0261313	0.00143006	0.104509	0.123017	0.0458935	0.0590792	0.0115859	0.00072197	0.000452166
52	0.0189633	0.0172053	0.00215749	0.00295848	0.0191014	0.00352315	0.00294912	0.236867	0.00245661	0.0527883	0.014009	0.00227639	0.00189557	0.00372589	0.00388882	0.00924527	0.418608	0.184796	0.000826227	0.00175997
53	0.0705727	0.00607523	0.0220343	0.00554265	0.00523076	0.0443631	0.0853715	0.00830064	0.364595	0.00887511	0.00851363	0.00964541	0.00812226	0.0407393	0.204537	0.0758154	0.00830268	0.0148235	0.00144116	0.00709851
54	0.0213134	0.00637544	0.00129727	0.00195442	0.0403267	0.00859831	0.00762464	0.350865	0.00141162	0.260039	0.0255668	0.00182864	0.0107046	0.00644076	0.00426602	0.00423125	0.0153264	0.180482	0.043912	0.00743599
55	0.0427286	0.0114418	0.00151191	0.00704937	0.0244976	0.00364686	0.00423699	0.232362	0.00143833	0.100331	0.0231758	0.00177234	0.00909078	0.00572489	0.00432009	0.00624695	0.0231817	0.488172	0.00287204	0.00619971
56	0.0473141	0.0172249	0.00392037	0.00127801	0.00376813	0.0232304	0.0164078	0.0126137	0.000980609	0.0242806	0.0102953	0.00440058	0.00398031	0.00902781	0.00188279	0.178513	0.615819	0.020834	0.000368989	0.00385966
57	0.00456389	0.00186635	0.00127642	0.00549869	0.0625093	0.00174484	0.00190197	0.164957	0.00147965	0.522008	0.189602	0.00112611	0.00107114	0.00236206	0.00233311	0.00259649	0.00775203	0.0220118	0.000362522	0.00297644
58	0.0781838	0.0182246	0.0110189	0.00947475	0.0116445	0.031944	0.0176684	0.0339217	0.00728654	0.0366111	0.0129605	0.00934428	0.0083944	0.0190232	0.013402	0.143463	0.469642	0.0602533	0.00101712	0.00652246
59	0.0165144	0.00429775	0.000597239	0.00787274	0.00311895	0.00133481	0.00104864	0.424779	0.000611012	0.0638741	0.0301388	0.000689857	0.0040438	0.00351629	0.00251321	0.00421533	0.0168178	0.411732	0.000236411	0.00204764
60	0.0713399	0.0218242	0.00981723	0.00645381	0.00784935	0.0347006	0.0195261	0.0185836	0.00485	0.0285655	0.0126826	0.0121992	0.0100761	0.0134437	0.0118411	0.187276	0.495017	0.026054	0.00131673	0.00658342
61	0.178039	0.00460297	0.0977002	0.134244	0.00675356	0.0841043	0.0260881	0.0116683	0.0207726	0.0172898	0.00813609	0.0300889	0.184813	0.0419148	0.0269492	0.066619	0.0257764	0.0284159	0.00209662	0.00392698
62	0.0610091	0.00330029	0.0720227	0.00489594	0.0307652	0.0645427	0.0461978	0.00451462	0.03513	0.00778321	0.00411969	0.109575	0.0149007	0.0208542	0.00712557	0.244046	0.219175	0.0198309	0.00117122	0.0290402
63	0.340256	0.0242992	0.0104096	0.0117799	0.00515992	0.431799	0.00666473	0.0116194	0.00458126	0.0161344	0.00451905	0.00717843	0.00835047	0.00801941	0.0100118	0.0475352	0.0207641	0.0270982	0.000889909	0.00292937
64	0.0329416	0.0164925	0.00392202	0.00566509	0.225632	0.00617746	0.0280759	0.0167684	0.0063927	0.038872	0.0160712	0.00784882	0.00592283	0.00906471	0.00864727	0.023474	0.0157604	0.0217361	0.0390932	0.471442
65	0.00834503	0.152631	0.00219885	0.0219005	0.0921026	0.139572	0.0988406	0.00342996	0.00184333	0.0761204	0.0122895	0.123387	0.00174167	0.0160387	0.0662498	0.0383304	0.0243604	0.00482926	0.0228519	0.092937
66	0.0628771	0.00307264	0.0704993	0.00430837	0.0281236	0.0576103	0.0424476	0.00410422	0.0299903	0.00705858	0.00376126	0.108124	0.0154591	0.0205902	0.00587691	0.24371	0.244517	0.0198529	0.000945924	0.0270705
67	0.0710717	0.0101012	0.0371511	0.0134666	0.00270968	0.432483	0.0385858	0.0046722	0.0796756	0.0055852	0.00425941	0.056376	0.00477212	0.047886	0.0916781	0.0557976	0.0254831	0.00824277	0.000846989	0.00915564
68	0.188968	0.000558524	0.10937	0.162381	0.0034307	0.044304	0.0212523	0.00517079	0.0628372	0.0190904	0.00163558	0.0248176	0.00165443	0.104776	0.122257	0.0495377	0.0627591	0.0139787	0.000840644	0.0003816
69	0.0129214	0.00273568	0.00345584	0.0146423	0.0786674	0.00282726	0.00323546	0.160011	0.00373491	0.495756	0.142865	0.00183409	0.00247919	0.00384021	0.0137847	0.00442508	0.00859391	0.0389926	0.00105154	0.0041466
70	0.0121341	0.00300273	0.442657	0.0182669	0.00339202	0.00452466	0.0179787	0.0323432	0.00250344	0.10196	0.0668389	0.109085	0.0165784	0.0477	0.070735	0.00678698	0.0334998	0.00670795	0.000771114	0.00253366
71	0.163746	0.00108091	0.136316	0.117759	0.00418694	0.0673748	0.0347694	0.00613167	0.0226824	0.0058718	0.002842	0.0372422	0.2233	0.0440525	0.019286	0.0707352	0.0133625	0.0275784	0.00033834	0.0013435
72	0.203325	0.00306396	0.294819	0.0453397	0.0194119	0.0685799	0.0236614	0.00636202	0.023374	0.122941	0.021984	0.00384176	0.0028068	0.0265471	0.042713	0.0158953	0.0443153	0.0274236	0.00128889	0.0023058
73	0.0193973	0.00500295	0.000611172	0.00911772	0.00410613	0.00136428	0.00104283	0.384177	0.000614741	0.0615518	0.0267565	0.000665493	0.00473112	0.00372435	0.00295182	0.00470646	0.0198163	0.447056	0.00022082	0.00238553
74	0.204705	0.0143335	0.00254926	0.00349716	0.00315524	0.00386153	0.00366328	0.102307	0.0529211	0.0304251	0.0270784	0.00283237	0.00225777	0.194814	0.166624	0.00579403	0.016245	0.160188	0.000904416	0.00184507
75	0.342209	0.00291385	0.0290413	0.0383322	0.0181175	0.0333136	0.273772	0.00451073	0.00474286	0.00657807	0.00556459	0.0367353	0.00236405	0.0704573	0.0498734	0.0362407	0.00732277	0.0063739	0.000962782	0.0305748
76	0.0568159	0.00172406	0.516863	0.088132	0.00247471	0.0595867	0.0395698	0.00430871	0.0101608	0.0082697	0.00692326	0.0817032	0.0134496	0.0287132	0.0203071	0.0364593	0.010191	0.00960641	0.000722902	0.00401878
77	0.050363	0.0272072	0.00137787	0.00188156	0.0159677	0.0106108	0.00723777	0.209506	0.00130442	0.45056	0.0279545	0.00707571	0.0256681	0.0104206	0.0040515	0.00621457	0.0276873	0.105659	0.00703779	0.00221406
78	0.0438995	0.0204248	0.00437361	0.00115253	0.00410168	0.0276572	0.019127	0.014917	0.000906538	0.0285685	0.0118672	0.00510672	0.00443532	0.0106581	0.00155751	0.193355	0.591893	0.0115654	0.000219552	0.0042142
79	0.231268	0.0267122	0.0014052	0.003028	0.00283277	0.0187298	0.00212791	0.0324479	0.00184887	0.0917355	0.0180752	0.00128938	0.00889961	0.00418689	0.00636008	0.0171649	0.08304	0.442409	0.000533192	0.00590529
80	0.0305342	0.00399971	0.00117378	0.00180461	0.107902	0.00298476	0.0166171	0.259335	0.00100252	0.266156	0.0325459	0.00286758	0.0258439	0.0108226	0.00444586	0.00479457	0.0142124	0.152866	0.012686	0.0474062
81	0.177498	0.0162215	0.0372972	0.0442014	0.00715249	0.240616	0.0196653	0.00963705	0.0315124	0.0221397	0.00816377	0.0288507	0.0119928	0.0454368	0.105705	0.0779579	0.0830334	0.0222273	0.00186064	0.00883127
82	0.0392355	0.0020512	0.00199854	0.00344143	0.169044	0.00315688	0.016737	0.16811	0.00355002	0.265927	0.0140938	0.0054631	0.00643574	0.0200875	0.00559476	0.00456062	0.00988194	0.085237	0.0238297	0.151564
83	0.00532488	0.000722984	0.000732738	0.00181407	0.00542625	0.00149576	0.00248881	0.567901	0.000701372	0.134185	0.0566435	0.000834942	0.00149457	0.00344317	0.00199954	0.00209458	0.00446714	0.204648	0.00254019	0.00104141
84	0.193401	0.0411989	0.00118204	0.00223379	0.00179472	0.0235447	0.00199109	0.0344744	0.00162251	0.0876311	0.0124027	0.00115238	0.00412746	0.00345048	0.00860394	0.0087507	0.0784524	0.484988	0.000376199	0.0086218
85	0.454029	0.018993	0.021437	0.231969	0.00365671	0.00617494	0.00526212	0.00570109	0.0221473	0.0241801	0.00494497	0.0215495	0.00253648	0.110228	0.0407951	0.00727867	0.00794422	0.00727796	0.00144606	0.00244932
86	0.285922	0.0158134	0.00714117	0.00803158	0.00357544	0.575285	0.00295778	0.00906135	0.00291748	0.00810822	0.00340696	0.00251507	0.00227593	0.00425739	0.00506584	0.0268629	0.00768386	0.0265644	0.000737146	0.00181764
87	0.0608759	0.0346009	0.00173449	0.00344701	0.0173555	0.010651	0.00823425	0.207288	0.00191234	0.425915	0.0276744	0.00662774	0.0214508	0.0108699	0.00547531	0.00905249	0.0368909	0.100686	0.00658003	0.00267803
88	0.270127	0.00761022	0.0335997	0.0186262	0.00275074	0.00506709	0.0317785	0.0108831	0.111835	0.0547729	0.0239687	0.025995	0.00232629	0.0400808	0.251331	0.0216011	0.0385889	0.0324027	0.000503581	0.0161518
89	0.197091	0.00270964	0.0033894	0.0175677	0.00330775	0.0176757	0.00475305	0.00500238	0.0732712	0.212955	0.0418908	0.00314711	0.00286035	0.103532	0.269932	0.00686204	0.0084771	0.0219058	0.000962156	0.00270688
90	0.105873	0.0180643	0.0194521	0.0269663	0.023936	0.0294595	0.0325479	0.0442177	0.0424835	0.0671637	0.0283318	0.0180065	0.0292575	0.049368	0.209094	0.0471203	0.0502155	0.140887	0.00357916	0.0139766
91	0.0806128	0.00589698	0.0033104	0.00625664	0.0424503	0.019039	0.0983249	0.0249581	0.188958	0.0334557	0.0366944	0.00549831	0.0200271	0.0352118	0.271899	0.0153534	0.0067764	0.0366763	0.0013834	0.0672177
92	0.165958	0.0028283	0.0227146	0.0141227	0.0112342	0.0964326	0.00294317	0.00298211	0.0024786	0.00506898	0.00297628	0.00730874	0.55266	0.0225867	0.0110682	0.0388533	0.00459022	0.031562	0.000461168	0.00116917
93	0.0237635	0.00409245	0.00109325	0.00176799	0.105847	0.00306489	0.0137236	0.269677	0.00099339	0.274779	0.0418916	0.0019371	0.0263238	0.00997931	0.00468251	0.00435211	0.0118459	0.161432	0.0103454	0.0284081
94	0.0494601	0.0165854	0.0038017	0.0013296	0.00378004	0.0227216	0.0156644	0.0121313	0.00107363	0.0233819	0.0099206	0.00426552	0.00384262	0.00891709	0.00208937	0.174643	0.617076	0.0252451	0.000302322	0.00376912
95	0.0318243	0.0190718	0.000756375	0.0047252	0.0177569	0.00558217	0.00353999	0.234712	0.000699392	0.164302	0.019953	0.00119038	0.0136061	0.00417971	0.00362736	0.00474037	0.0239282	0.439697	0.0038703	0.00223822
96	0.085354	0.0108449	0.00382322	0.0053862	0.0119041	0.00752018	0.00703919	0.0804928	0.00382593	0.406292	0.14029	0.00702591	0.0142519	0.0450136	0.0106037	0.0119052	0.0176181	0.125427	0.00246936	0.00291259
97	0.0636303	0.285783	0.00519002	0.00698715	0.0103738	0.011369	0.0102292	0.00730942	0.00446766	0.0112322	0.00705998	0.00763994	0.00412565	0.0078312	0.0109993	0.469464	0.03512	0.03277	0.00171334	0.00670527
98	0.151711	0.207864	0.0158797	0.0234537	0.0349415	0.0533185	0.0321488	0.0360458	0.0137626	0.0545613	0.0235236	0.0398116	0.0147899	0.0232002	0.0408259	0.0934225	0.0503874	0.0564824	0.00766534	0.0262045
99	0.0572156	0.00436095	0.50242	0.074183	0.00407611	0.0508702	0.0428788	0.007216	0.0128662	0.0167785	0.0118615	0.0798155	0.0104347	0.0292931	0.0269943	0.0371223	0.013458	0.0117104	0.00148475	0.00496062
100	0.103708	0.0370019	0.0888186	0.0475848	0.0221474	0.055421	0.0449502	0.0214939	0.0262539	0.0392094	0.0197291	0.218509	0.0143765	0.0364297	0.0514522	0.071562	0.0439044	0.0319809	0.0061142	0.0193533
101	0.00718233	0.00208755	0.000793039	0.001844	0.0130949	0.00178604	0.00415788	0.49784	0.000810702	0.181506	0.0669852	0.000957979	0.00483342	0.00445771	0.00248375	0.00231669	0.00566953	0.195514	0.00290175	0.00277765
102	0.0974854	0.00722972	0.0109782	0.0410986	0.00295163	0.0126761	0.022077	0.0104674	0.0207267	0.0190827	0.00359087	0.0196902	0.339302	0.0851023	0.0974182	0.091955	0.0783616	0.0371006	0.000904919	0.00180094
103	0.162449	0.00105917	0.208911	0.110289	0.00135831	0.0719144	0.0765108	0.00320624	0.0312819	0.00402099	0.00619915	0.0571412	0.0351268	0.0609966	0.0334702	0.102437	0.0150649	0.0162931	0.000432927	0.00183734
104	0.11343	0.0342089	0.094509	0.0475487	0.0208896	0.0584579	0.0413235	0.0216093	0.0234641	0.0352559	0.0186109	0.207721	0.0190222	0.0405919	0.0484502	0.0732959	0.0496108	0.0313763	0.00498861	0.0156347
105	0.186182	0.0175965	0.03028	0.020233	0.0111665	0.43669	0.0170881	0.013872	0.0164229	0.0221839	0.00964447	0.0228028	0.0114806	0.0242229	0.0315575	0.0524734	0.0366038	0.0296361	0.00205195	0.00781126
106	0.127135	0.0044302	0.103251	0.126188	0.00362653	0.0211511	0.071454	0.0189166	0.0718044	0.0287433	0.00409235	0.0384304	0.0128929	0.0665645	0.116252	0.0722375	0.0682107	0.0377078	0.00584888	0.00106287
107	0.0349814	0.0172259	0.00104493	0.00718007	0.0176218	0.00427505	0.0023045	0.20906	0.00161017	0.127513	0.0249499	0.000892106	0.00922582	0.00529437	0.00757327	0.0095698	0.0352423	0.480107	0.00121869	0.00311049
108	0.0761278	0.0337999	0.00432965	0.0184503	0.0184746	0.0139773	0.00512827	0.109655	0.0104166	0.150723	0.0378076	0.000836572	0.0050852	0.0180595	0.034229	0.0434647	0.0926648	0.316264	0.000284106	0.0102226
109	0.210246	0.0367407	0.065863	0.133365	0.00171895	0.118895	0.00339921	0.002649	0.00423465	0.017963	0.00247409	0.0182503	0.00390282	0.0386501	0.0941147	0.188203	0.051244	0.00630281	0.000556778	0.0012261
110	0.035796	0.0045215	0.00170422	0.0024143	0.470762	0.00287916	0.00711411	0.0132291	0.00378561	0.112196	0.0228092	0.00195308	0.00145521	0.00390733	0.00418874	0.0177058	0.0135452	0.00677474	0.027884	0.245375
111	0.166805	0.0349108	0.00194409	0.00861194	0.0109952	0.0220096	0.00388822	0.101939	0.00416092	0.153757	0.0225753	0.00144385	0.00838435	0.00846088	0.0132707	0.0225682	0.0761839	0.328921	0.00145743	0.00771288
112	0.193106	0.000552958	0.11177	0.166891	0.00301678	0.0444424	0.0199394	0.00451031	0.0625473	0.0170832	0.00112266	0.025484	0.00144736	0.105294	0.123115	0.0467145	0.0597685	0.0120547	0.000740859	0.000398719
113	0.19619	0.0381348	0.000997887	0.00253628	0.0012953	0.0364181	0.00166175	0.0359059	0.0014135	0.0766809	0.013924	0.00111056	0.00402824	0.00300408	0.00646547	0.00843593	0.0705867	0.495392	0.00038638	0.00543223
114	0.276079	0.00341816	0.00628009	0.00823595	0.00316783	0.0267485	0.00457236	0.00467866	0.0319085	0.00653635	0.00383572	0.00717383	0.0380346	0.0384008	0.161253	0.172333	0.182649	0.00881025	0.000688793	0.015196
115	0.040776	0.2232	0.00661398	0.0122242	0.242023	0.0322295	0.0462237	0.0127027	0.00924273	0.0380989	0.0120058	0.0306228	0.00608611	0.0186199	0.0274773	0.130873	0.022465	0.0200083	0.00715401	0.061353
116	0.11321	0.0766868	0.0183383	0.0293963	0.0245916	0.0352174	0.0190526	0.038871	0.0169767	0.0555312	0.0178961	0.0172447	0.270142	0.0330449	0.0380855	0.0667995	0.0595116	0.0564523	0.00361164	0.00933956
117	0.0528646	0.213548	0.0459309	0.0124938	0.00399289	0.0818411	0.00494779	0.00553634	0.00400497	0.00849935	0.0225629	0.220453	0.00314614	0.00629127	0.0356585	0.202614	0.0225338	0.0483244	0.0012989	0.00345756
118	0.254308	0.0451557	0.00211853	0.00337326	0.00296747	0.147149	0.00317262	0.00427007	0.0020454	0.0068977	0.00304262	0.00248759	0.0106766	0.00356062	0.00444762	0.351531	0.124393	0.0259584	0.000837069	0.00160728
119	0.0786432	0.0183659	0.00705285	0.0146979	0.0206444	0.0154466	0.0132486	0.157864	0.00985581	0.12744	0.161935	0.00814256	0.0148872	0.0208479	0.0216919	0.0242065	0.0381759	0.231248	0.00566848	0.00993677
120	0.0199763	0.00602844	0.000887503	0.00710774	0.00849468	0.00245872	0.00196233	0.401335	0.000911378	0.0874811	0.0357835	0.00096734	0.00561701	0.00443203	0.00331308	0.00497414	0.0177045	0.385534	0.002046	0.00298549
121	0.0427041	0.00356398	0.539889	0.0703462	0.00467047	0.0482628	0.03858	0.00655268	0.00917669	0.0153682	0.0116229	0.0855439	0.00705274	0.0261758	0.0236089	0.0337055	0.0148073	0.0100771	0.00136834	0.00692395
122	0.107252	0.116617	0.0247432	0.0382123	0.024846	0.0621858	0.0304538	0.0215847	0.0225612	0.0357061	0.0168356	0.0493343	0.0104056	0.0283472	0.150911	0.152816	0.0458788	0.0393707	0.00499041	0.016948
123	0.0253956	0.00646913	0.00161135	0.00599755	0.00876526	0.00519045	0.00378637	0.432903	0.0020634	0.103649	0.0419225	0.00167701	0.00506295	0.00582338	0.00633239	0.00666473	0.0176536	0.31352	0.00245477	0.00305805
124	0.152921	0.0222756	0.0022998	0.00394078	0.00553163	0.0162302	0.00364488	0.0390639	0.00265816	0.0549103	0.0128926	0.00277849	0.00466367	0.00498298	0.0078072	0.0322473	0.266301	0.359132	0.00111314	0.00460597
125	0.120197	0.00977864	0.0299883	0.0359091	0.013238	0.0551319	0.0132007	0.0173316	0.0122252	0.0241188	0.0103005	0.0137755	0.454157	0.0293005	0.0282255	0.0552315	0.0299938	0.0419355	0.00170628	0.00425446
126	0.372981	0.0048033	0.0123336	0.041853	0.0062973	0.0657227	0.0112829	0.00919767	0.0177519	0.013751	0.0223359	0.0205837	0.0152834	0.0619861	0.0735468	0.0851075	0.0854551	0.0753375	0.00107978	0.00331023
127	0.186076	0.030298	0.00283271	0.015969	0.0100949	0.0330949	0.00380456	0.0979637	0.00766853	0.122737	0.0403242	0.00118142	0.00660541	0.0173836	0.0211144	0.0411059	0.100366	0.250884	0.000343464	0.0101519
128	0.371959	0.00661592	0.00476428	0.00807725	0.00786652	0.0701979	0.00629678	0.0137867	0.00463078	0.127664	0.057384	0.00474746	0.13789	0.0122083	0.00907499	0.0186599	0.0275482	0.103638	0.00127237	0.0057173
129	0.0221731	0.00621763	0.000672798	0.00892217	0.00510058	0.00170431	0.0010803	0.349466	0.000626421	0.0682773	0.0244085	0.000681673	0.00546421	0.00409177	0.00302097	0.0055186	0.022467	0.467181	0.000269205	0.00265582
130	0.0750182	0.0317729	0.00419945	0.0199985	0.0226038	0.0147183	0.00506544	0.10606	0.0128339	0.138803	0.0407771	0.00136861	0.0082172	0.0194303	0.0350576	0.0432874	0.0893915	0.319183	0.000786621	0.0114262
131	0.390304	0.289491	0.00413562	0.00625336	0.00461295	0.0413239	0.0458227	0.00954211	0.00345326	0.010801	0.00568228	0.0042163	0.0040206	0.0064016	0.0262611	0.0608129	0.0710167	0.0108863	0.00151695	0.00344472
132	0.151367	0.0136208	0.0927528	0.17802	0.0149921	0.044824	0.0367815	0.0233603	0.0359005	0.0433546	0.0168827	0.0299934	0.0332933	0.0608747	0.0620723	0.0656509	0.0446504	0.0368667	0.00407251	0.0106705
133	0.16528	0.000877955	0.204357	0.127328	0.0010601	0.0656116	0.0590849	0.00436544	0.0330414	0.00460213	0.00429901	0.0499717	0.0665711	0.0550333	0.0309443	0.0939573	0.0162373	0.0155307	0.000348727	0.00149777
134	0.0223607	0.0151426	0.00129174	0.0016596	0.278032	0.00152534	0.0228269	0.00315	0.00123933	0.0219297	0.0137604	0.00108937	0.00091198	0.00355964	0.00390486	0.0178973	0.0106338	0.0115997	0.0459878	0.521497
135	0.0279939	0.00316403	0.01889	0.0193857	0.0639275	0.019841	0.033591	0.068769	0.0670546	0.0484564	0.0197546	0.00333757	0.00269109	0.00536986	0.20967	0.1758	0.172933	0.0222792	0.0147792	0.00231197
136	0.138989	0.00770547	0.0332012	0.0847135	0.0126087	0.0245691	0.123844	0.014605	0.0295164	0.0361332	0.0429232	0.0222212	0.00919714	0.158561	0.102094	0.0818107	0.037733	0.0267636	0.00240707	0.0104032
137	0.0810877	0.0235015	0.0186875	0.0285284	0.0915246	0.0286982	0.0362357	0.0704086	0.0165764	0.0914557	0.0324773	0.0231928	0.014674	0.0267792	0.0365013	0.0452202	0.042411	0.06385	0.119434	0.108756
138	0.0464072	0.0107976	0.00162947	0.00553408	0.0553045	0.00421298	0.00721384	0.207469	0.0030018	0.159511	0.0259897	0.00207782	0.012808	0.00709729	0.00653912	0.0097729	0.0262403	0.389118	0.00618798	0.0130872
139	0.00469337	0.000754894	0.000784624	0.00189421	0.00139206	0.00133908	0.00157194	0.603372	0.000753854	0.102375	0.0593029	0.000876999	0.000885953	0.00317377	0.00166154	0.00233893	0.00397011	0.207624	0.000683579	0.000552032
140	0.139848	0.00891089	0.0781091	0.146355	0.0085823	0.0949757	0.0297496	0.0115253	0.0351129	0.0390523	0.0113232	0.0307404	0.0249209	0.118587	0.0717972	0.0643472	0.0514351	0.0247502	0.0031303	0.00674708
141	0.104318	0.0020119	0.350442	0.179397	0.00273974	0.0340327	0.034343	0.00426469	0.0232882	0.0105379	0.004724	0.0479433	0.00447504	0.0653747	0.0572176	0.0322052	0.0236741	0.0127172	0.00114652	0.00514687
142	0.0397136	0.0263214	0.135118	0.0357391	0.00300787	0.00405626	0.147164	0.0170896	0.106695	0.00768875	0.00331897	0.150419	0.00423316	0.019474	0.182233	0.0264201	0.0657413	0.0217101	0.00184375	0.00201278
143	0.0539773	0.0226107	0.00925062	0.0168939	0.302118	0.0191074	0.0300135	0.0293185	0.054172	0.164893	0.0231843	0.00965044	0.00994679	0.0237185	0.0306803	0.0744527	0.0322515	0.0389755	0.0085911	0.0461931
144	0.192948	0.0236595	0.0013082	0.00157111	0.00226883	0.0177461	0.00203579	0.0317775	0.00136792	0.0622713	0.0126235	0.00121468	0.00343448	0.00292176	0.00472241	0.0070155	0.0529802	0.574051	0.000432771	0.00364961
145	0.0107943	0.00268747	0.00254384	0.0968415	0.00742046	0.00876624	0.0177384	0.0488055	0.0169778	0.137824	0.0216743	0.0200424	0.00322021	0.375503	0.0220237	0.00724511	0.153265	0.0433508	0.00116594	0.00211035
146	0.00843857	0.00149335	0.0013123	0.00442718	0.158932	0.00186384	0.00437419	0.180729	0.00143328	0.404821	0.127038	0.00139458	0.00497428	0.00531739	0.00266148	0.00306775	0.00578391	0.0622851	0.00249076	0.0171621
147	0.0542169	0.0149283	0.00405718	0.00182904	0.00410177	0.0203224	0.0146319	0.0116137	0.00130185	0.0221191	0.00959895	0.00439696	0.00380974	0.00863766	0.0033327	0.162624	0.597186	0.0570139	0.000430618	0.00384776
148	0.165253	0.000904235	0.20439	0.126928	0.00105836	0.0657974	0.0592832	0.0043212	0.0331695	0.00459176	0.00432564	0.0500107	0.0659656	0.0552315	0.0310977	0.0941599	0.0161812	0.015494	0.000348837	0.00148819
149	0.0105364	0.00113984	0.660014	0.058485	0.00139401	0.0535318	0.0394307	0.00200067	0.00140517	0.00297521	0.00777314	0.103764	0.00101993	0.0144195	0.00951579	0.0221708	0.00268728	0.00360213	0.000422983	0.00371142
150	0.0240162	0.00686722	0.00118092	0.00748915	0.010649	0.00302083	0.0026999	0.365266	0.00195765	0.0934117	0.0311117	0.00125207	0.0074278	0.00610792	0.00417362	0.00535446	0.0195524	0.401579	0.00315984	0.00372183
151	0.149351	0.00116281	0.0587852	0.106736	0.00737764	0.0367235	0.0480544	0.0143663	0.0645369	0.0696964	0.0188905	0.00828391	0.00280616	0.070303	0.103559	0.0733303	0.114946	0.0485365	0.00154544	0.00101062
152	0.144008	0.00177852	0.0320106	0.0279008	0.0125793	0.0819865	0.00470095	0.00291184	0.00391036	0.00374362	0.00202242	0.0118913	0.547524	0.0296583	0.0119405	0.0386549	0.00431394	0.0371023	0.000404754	0.000957747
153	0.0216077	0.0161493	0.00135168	0.00170363	0.249743	0.00144007	0.0242317	0.00263899	0.00113532	0.0154254	0.0129889	0.00107119	0.000902265	0.00337265	0.00354112	0.0178208	0.011134	0.011868	0.0467984	0.555076
154	0.214469	0.00734994	0.0758083	0.162133	0.00804001	0.0385863	0.0270495	0.010933	0.0861949	0.0289002	0.00936747	0.0246223	0.012504	0.0780958	0.0873423	0.0511622	0.0465442	0.0224443	0.00280367	0.0056489
155	0.122105	0.00169234	0.051249	0.108957	0.0116968	0.0221528	0.0647503	0.00917615	0.0781075	0.110315	0.0330316	0.00513386	0.00203101	0.081985	0.0924145	0.0566848	0.110077	0.0361886	0.0010177	0.00123416
156	0.127569	0.0187016	0.00420608	0.00717519	0.0086298	0.00819249	0.0266493	0.0962673	0.00446655	0.12598	0.36943	0.00431534	0.00477707	0.0114114	0.0266501	0.0137793	0.0351294	0.0981263	0.0030664	0.0054766
157	0.104051	0.011775	0.0360149	0.0326073	0.0252073	0.0472673	0.0571186	0.0236213	0.213396	0.041864	0.020554	0.0248642	0.0191757	0.0496894	0.123112	0.0659544	0.0405025	0.043017	0.00394812	0.0162598
158	0.0259232	0.00967904	0.000995344	0.00224146	0.0363839	0.00441815	0.0126808	0.301324	0.00118465	0.311049	0.0513154	0.00260804	0.0156956	0.00929815	0.00517925	0.00499614	0.0192753	0.168816	0.00912042	0.00781598
159	0.076099	0.00843603	0.0227153	0.0336932	0.00679543	0.0746979	0.0735258	0.0118168	0.150137	0.0149044	0.0106306	0.0231885	0.0149034	0.0663888	0.275604	0.0818234	0.0225928	0.0206463	0.00105592	0.0103451
160	0.0490662	0.0340587	0.00321659	0.00486428	0.00945908	0.00598326	0.0136698	0.125901	0.00391376	0.154411	0.440129	0.00377565	0.00456111	0.00895828	0.0141482	0.00867745	0.0172047	0.0928016	0.00184489	0.0033551
161	0.0557564	0.0146797	0.00601594	0.0100898	0.0447191	0.0138948	0.0127869	0.150505	0.00779655	0.394583	0.0767558	0.00721123	0.0143158	0.0156877	0.0191916	0.0164235	0.0314742	0.0911329	0.0053718	0.0116085
162	0.0968215	0.0368218	0.102095	0.0481541	0.0203785	0.0648402	0.0432909	0.0204896	0.0221208	0.0380632	0.0190994	0.191807	0.0171824	0.0414036	0.0498775	0.0769623	0.0465953	0.0393332	0.00500098	0.0196627
163	0.289402	0.0164098	0.00725246	0.00819683	0.00366624	0.571679	0.00296359	0.0092088	0.00275735	0.00841166	0.00350389	0.00223823	0.00232708	0.00407691	0.00446815	0.0261757	0.00706095	0.0276072	0.000734934	0.00185935
164	0.263647	0.0371765	0.00243812	0.00337295	0.00313605	0.164478	0.00288947	0.00459241	0.0021058	0.00794825	0.00353407	0.00247838	0.0135277	0.00355065	0.00466928	0.322661	0.128871	0.0262882	0.000815242	0.00182081
165	0.116826	0.014237	0.0436686	0.0531662	0.0285955	0.0377817	0.167117	0.0234873	0.0375678	0.0520467	0.024009	0.0271479	0.0186052	0.135088	0.0700167	0.0527187	0.0396905	0.0369314	0.00520911	0.0160901
166	0.0513878	0.0259713	0.00516165	0.00212027	0.00510329	0.0264556	0.0189458	0.0219038	0.00163459	0.0335685	0.0166004	0.00552252	0.0047704	0.0160347	0.00300864	0.185177	0.557118	0.0143172	0.000368273	0.0048304
167	0.351481	0.00798034	0.00328497	0.00770982	0.0218631	0.0506004	0.0049199	0.0301932	0.00426333	0.154831	0.0561645	0.00332905	0.00877504	0.00818721	0.00750467	0.0449751	0.128722	0.0848785	0.00106588	0.019271
168	0.00496292	0.00187603	0.00126329	0.00520816	0.0534277	0.00174883	0.00201117	0.193205	0.00142128	0.496165	0.187338	0.00112449	0.00120362	0.00254042	0.00243772	0.0025358	0.00733986	0.0309982	0.000384742	0.00280779
169	0.562483	0.0980817	0.00200134	0.00667491	0.00528184	0.107411	0.00728662	0.014016	0.00190405	0.0172867	0.0032107	0.00215112	0.00429137	0.00328174	0.00612384	0.0804387	0.0620902	0.0139673	0.000451326	0.00156635
170	0.106729	0.00688832	0.00522636	0.00884286	0.0948575	0.0065289	0.0577123	0.124129	0.00638972	0.192442	0.0296255	0.0247405	0.0123775	0.0148688	0.010418	0.0226911	0.0354569	0.0718639	0.0357287	0.132484
171	0.0873601	0.0118036	0.00193206	0.00489088	0.0410034	0.00517216	0.0137626	0.139953	0.00276592	0.317872	0.0559412	0.0125191	0.0433768	0.0134676	0.00566673	0.021641	0.0307945	0.154318	0.0204556	0.0153033
172	0.276297	0.0313987	0.00559396	0.00715013	0.00404981	0.28138	0.00352902	0.0052799	0.00249268	0.0118815	0.00368565	0.00303756	0.00736775	0.00438919	0.00745024	0.24443	0.0748752	0.0230634	0.000864474	0.00178333
173	0.201633	0.0163392	0.0138058	0.0170019	0.0958595	0.0173178	0.0516057	0.0941785	0.00399173	0.120299	0.0235425	0.00325697	0.00263431	0.0576835	0.00661815	0.0996821	0.0321053	0.0808002	0.00248227	0.0591631
174	0.0532114	0.0240745	0.00147307	0.00189752	0.016073	0.00812602	0.00621649	0.167857	0.00154855	0.484733	0.0381482	0.00983534	0.027511	0.0154747	0.00388363	0.00821249	0.0242121	0.0991871	0.00628434	0.0020409
175	0.267821	0.00346473	0.0379429	0.0222733	0.00405654	0.0616944	0.0224701	0.00584011	0.0200744	0.196939	0.0672218	0.0034328	0.00400495	0.00648832	0.0869964	0.152261	0.0091149	0.0228965	0.00157864	0.0034284
176	0.12061	0.00323531	0.137457	0.0913943	0.00206476	0.249678	0.0444936	0.00354878	0.0379264	0.0060232	0.00400708	0.0561466	0.0240031	0.0572679	0.0483074	0.0764243	0.0220703	0.0111538	0.000660979	0.00352739
177	0.0315536	0.00247754	0.00319653	0.0175285	0.126886	0.00510818	0.149767	0.0627697	0.0572506	0.134285	0.0322083	0.00355566	0.00355819	0.0213034	0.0366181	0.00692234	0.00698815	0.0782466	0.00436864	0.215408
178	0.105566	0.00264152	0.384992	0.182217	0.00507773	0.0288042	0.0442221	0.00528123	0.0100036	0.0175149	0.00694601	0.0430479	0.0119188	0.0506194	0.0218349	0.0331645	0.0120316	0.025298	0.000874324	0.00794316
179	0.305582	0.0136531	0.00287851	0.0139428	0.006995	0.0466659	0.00506085	0.169541	0.00551503	0.0875359	0.0174065	0.00323127	0.00798393	0.0337336	0.0109684	0.0305389	0.0722702	0.144591	0.000753079	0.021153
180	0.313172	0.0232867	0.00172045	0.0257838	0.0031951	0.0603389	0.00260282	0.129593	0.0106887	0.11232	0.0298818	0.0017365	0.0111498	0.0100008	0.0170266	0.0488245	0.0965567	0.0910884	0.000605224	0.0104287
181	0.127973	0.00627916	0.0125406	0.0384685	0.00527299	0.0241795	0.0151989	0.00779752	0.0158036	0.0133826	0.00440126	0.0144259	0.378534	0.0594367	0.103773	0.077489	0.0514365	0.040005	0.000936872	0.00266535
182	0.0442201	0.019054	0.00566862	0.00114671	0.00509875	0.0277874	0.0209126	0.0163883	0.001065	0.0320767	0.0114781	0.00491018	0.00441744	0.0129349	0.00148175	0.189766	0.583603	0.0124966	0.000285792	0.00520745
183	0.0256057	0.0103196	0.000653968	0.00781661	0.00926008	0.00256558	0.00134566	0.282407	0.00067677	0.0886931	0.02257	0.000683227	0.00768688	0.00423872	0.00335007	0.00493362	0.0225289	0.501312	0.000796438	0.00255613
184	0.133728	0.00196669	0.071113	0.1028	0.00695676	0.0264314	0.0181319	0.031928	0.056087	0.0636271	0.00698515	0.0102315	0.00353927	0.118708	0.0773527	0.142531	0.0812445	0.0436471	0.00146861	0.00152161
185	0.0293945	0.00992789	0.00103636	0.00901199	0.00955361	0.00307389	0.00238774	0.290662	0.00118817	0.109304	0.0218052	0.000972872	0.00676805	0.00484249	0.00444054	0.0109586	0.0313463	0.447988	0.00235196	0.00298541
186	0.0420292	0.00292252	0.0147285	0.0487814	0.0451662	0.00590501	0.00480294	0.165075	0.0171252	0.359886	0.0813662	0.00277449	0.00370618	0.00631671	0.0779589	0.00861755	0.0100054	0.0991924	0.0010139	0.00262718
187	0.190936	0.000552826	0.110728	0.164686	0.00315136	0.0443932	0.0206951	0.00485213	0.0627933	0.0179857	0.00134671	0.0248582	0.00149808	0.105485	0.122606	0.0480685	0.0611353	0.0130928	0.000772183	0.000362244
188	0.106884	0.0164037	0.0310167	0.0460363	0.0204569	0.0427413	0.0451994	0.0239861	0.0599155	0.0523663	0.0263772	0.025646	0.0145808	0.0510262	0.27755	0.0635704	0.0407003	0.035666	0.00263805	0.017239
189	0.0349144	0.00438446	0.00173418	0.00251506	0.483178	0.00307367	0.0066202	0.0130963	0.00441885	0.113499	0.0221982	0.00204068	0.00148511	0.00419016	0.00434179	0.0176745	0.0133071	0.00663975	0.0274283	0.23326
190	0.235012	0.043721	0.0477545	0.118066	0.0016969	0.10429	0.00241362	0.00262744	0.00179807	0.0196413	0.00259744	0.0122371	0.00161035	0.0336633	0.10548	0.209679	0.0500632	0.00542481	0.000797355	0.00142688
191	0.0999299	0.056923	0.0583833	0.031316	0.0171949	0.0584007	0.0301892	0.0179958	0.0183807	0.0279808	0.0195752	0.204671	0.0174903	0.0297865	0.0402396	0.161432	0.0559703	0.0337262	0.0055321	0.0148824
192	0.0508064	0.0139439	0.0412653	0.0553445	0.00316143	0.0207699	0.0418215	0.0179087	0.0669328	0.0139155	0.00317309	0.0267779	0.288221	0.0420694	0.106746	0.103139	0.0743976	0.0260347	0.00185613	0.00171438
