895	20
1	0.0510001	0.00942469	0.00425082	0.0288222	0.0248093	0.0198725	0.0265408	0.0501231	0.043065	0.217596	0.0954587	0.0169622	0.0551736	0.135887	0.0407306	0.0356155	0.032004	0.104071	0.00131263	0.0072802
2	0.0218538	0.0153718	0.00165211	0.00536176	0.129096	0.00780548	0.312157	0.0115929	0.0107797	0.0380628	0.0147002	0.059039	0.0038299	0.0456863	0.0117672	0.0328045	0.0163149	0.0172241	0.00204942	0.242851
3	0.00625424	0.00630464	0.000522275	0.00111717	0.03595	0.00127759	0.0014234	0.0793462	0.00208169	0.66137	0.118695	0.00220909	0.00344029	0.00325211	0.00214842	0.00456815	0.0100623	0.0494607	0.000450868	0.0100664
4	0.0174897	0.0132881	0.00229244	0.00294824	0.178073	0.00552406	0.0299268	0.124937	0.00530297	0.296195	0.0492345	0.00562431	0.00342612	0.0100455	0.00823534	0.0162223	0.0224201	0.0931901	0.0192673	0.0963572
5	0.120355	0.0212474	0.0511485	0.0199518	0.0146933	0.0899861	0.114711	0.00572847	0.0162682	0.0174846	0.00343787	0.215957	0.00384084	0.0340369	0.0190989	0.213782	0.0189083	0.0109125	0.000784927	0.00766629
6	0.0116058	0.00377761	0.000434332	0.000643603	0.0338273	0.000852637	0.000964479	0.091796	0.000814598	0.728664	0.0411778	0.00181053	0.00874775	0.00273589	0.0042007	0.00620841	0.0105522	0.0430443	0.000404955	0.00773704
7	0.0614927	0.0168181	0.0141272	0.0218455	0.00683	0.0247001	0.0167084	0.0494439	0.0261835	0.0293183	0.0175608	0.0488695	0.00912383	0.0307581	0.0241669	0.208107	0.314201	0.0701564	0.00219377	0.00739552
8	0.0126836	0.00329526	0.000403401	0.000729971	0.0327793	0.00103791	0.000743015	0.108958	0.000854746	0.697097	0.0426705	0.00161356	0.00791858	0.00275884	0.00401347	0.00572671	0.00933885	0.0599545	0.000648805	0.00677441
9	0.031083	0.0126375	0.0120667	0.0780887	0.0131033	0.015216	0.0189171	0.0198595	0.0472043	0.0980945	0.0241856	0.0485262	0.00929103	0.36982	0.0166785	0.110881	0.0463322	0.0176604	0.00228652	0.00806811
10	0.0395774	0.011335	0.000541363	0.00427007	0.000987444	0.0151918	0.0215516	0.00683618	0.217084	0.0106898	0.00162038	0.0406311	0.0442834	0.0826396	0.374891	0.0719123	0.0355001	0.0188754	0.000321578	0.00126078
11	0.262094	0.00826645	0.0134531	0.0131327	0.00267886	0.0999989	0.0210443	0.00445027	0.00957745	0.0111127	0.00388588	0.0270988	0.207179	0.0450877	0.00396119	0.217058	0.0359093	0.00710565	0.0045283	0.00237778
12	0.0534775	0.0055697	0.00445951	0.00672138	0.00128857	0.0626891	0.00277386	0.0083245	0.0106973	0.010313	0.00591284	0.0313188	0.00561382	0.00582601	0.0139688	0.36046	0.393239	0.0156621	0.000504356	0.00117948
13	0.436859	0.0848814	0.00116845	0.00251987	0.00379778	0.065584	0.00496209	0.00366396	0.00968423	0.0154828	0.00106702	0.0215793	0.00194396	0.0043017	0.00423827	0.242092	0.0588721	0.0306992	0.000179567	0.00642305
14	0.0667014	0.0385863	0.000464099	0.000404723	0.0190278	0.000954789	0.000638275	0.304355	0.000729812	0.0684163	0.0140439	0.00087071	0.0122992	0.00122308	0.000655525	0.00722792	0.0332618	0.425432	0.000429919	0.00427697
15	0.0337747	0.0102439	0.00683564	0.0129428	0.00872992	0.0096989	0.0345715	0.0868311	0.0250153	0.0576136	0.0151865	0.0992292	0.00294819	0.0928064	0.0118655	0.0962892	0.238735	0.107813	0.00213053	0.0467399
16	0.14035	0.0592612	0.0313915	0.0091763	0.0461489	0.0396461	0.137352	0.0113003	0.0336045	0.0461237	0.0103906	0.0567275	0.00283272	0.0889703	0.0164499	0.165119	0.0643335	0.0161116	0.00120818	0.0235021
17	0.40909	0.109916	0.000363688	0.00234936	0.00478992	0.0409193	0.00607053	0.00211385	0.00628322	0.00858848	0.000690067	0.0149372	0.00101762	0.00433883	0.00400989	0.265816	0.0816504	0.0337544	0.000153656	0.00314762
18	0.085075	0.0534227	0.00040243	0.000433785	0.0172501	0.00102039	0.00063782	0.23074	0.000292748	0.0621321	0.0137592	0.0010123	0.00935073	0.000448289	0.000254355	0.00831697	0.041356	0.470438	0.000437054	0.00322032
19	0.0829103	0.0292707	0.0165228	0.0209973	0.0261341	0.0147005	0.0633532	0.0835213	0.0307016	0.0759716	0.0377337	0.0534365	0.00145257	0.0749682	0.0344933	0.10148	0.108881	0.10957	0.00402218	0.0298791
20	0.123319	0.0216962	0.00335392	0.0024543	0.0018576	0.669689	0.00315435	0.0065253	0.00359115	0.00671123	0.00273589	0.00493163	0.00466505	0.00612777	0.00560503	0.0979656	0.0234995	0.00983704	0.000313082	0.00196719
21	0.0569403	0.0166691	0.0764398	0.0500086	0.00697134	0.120084	0.0536166	0.00944886	0.0358613	0.0090721	0.00282849	0.225548	0.0046066	0.0492186	0.0326559	0.199001	0.03869	0.00723277	0.000494713	0.00461268
22	0.028759	0.0127226	0.00282238	0.00287166	0.334226	0.00843594	0.0270896	0.0514191	0.00590681	0.251956	0.0428929	0.00569976	0.00412125	0.00793694	0.00714434	0.0222345	0.0231583	0.0495913	0.0182559	0.0927555
23	0.0392565	0.0165365	0.00791302	0.0345483	0.0415817	0.014884	0.174075	0.0600113	0.0157551	0.0849956	0.0281171	0.0444441	0.00391592	0.114831	0.0217753	0.0468467	0.0626558	0.0787895	0.00494031	0.104127
24	0.0400051	0.00232064	0.166046	0.364093	0.00392959	0.0205525	0.015999	0.0171601	0.0381111	0.0214874	0.00354897	0.0405592	0.0190999	0.0847955	0.0206724	0.0538571	0.0439787	0.0351145	0.000914043	0.0077552
25	0.0122812	0.00274756	0.000519608	0.000444298	0.0256465	0.000452443	0.000489698	0.505556	0.000583273	0.110116	0.0183553	0.000533695	0.00326645	0.00291406	0.00180546	0.00258459	0.00662778	0.301015	0.000284807	0.00377614
26	0.0882956	0.0563112	0.000406875	0.000419488	0.0172177	0.00105739	0.000604425	0.227793	0.000296282	0.0616363	0.0138724	0.00114775	0.00916416	0.000443143	0.000241988	0.00853649	0.0415587	0.467388	0.000426012	0.00318325
27	0.0524106	0.0277801	0.000384068	0.0027339	0.00692416	0.00162099	0.000800937	0.271734	0.00180685	0.164726	0.029761	0.0010178	0.00321015	0.00291157	0.00282217	0.00879727	0.0296292	0.389411	0.00027894	0.00123911
28	0.448302	0.0871355	0.000578215	0.00205953	0.00341961	0.0585506	0.00432818	0.00288848	0.00722419	0.0167003	0.000898667	0.0161834	0.00136911	0.00330748	0.00328917	0.245131	0.0588431	0.034039	0.000157511	0.00559468
29	0.034445	0.00919665	0.00463805	0.014314	0.00406792	0.0157485	0.0280428	0.0101982	0.248885	0.0224981	0.00679384	0.0367778	0.0290683	0.0764616	0.332564	0.0596435	0.0427374	0.0203264	0.000655043	0.00293804
30	0.0815282	0.00755767	0.0889763	0.168784	0.00828433	0.140022	0.0202022	0.0120167	0.0414067	0.0187063	0.00777014	0.0715476	0.0163027	0.0624354	0.0279187	0.127441	0.0581769	0.0330626	0.00144936	0.00641112
31	0.0535538	0.0087566	0.0569083	0.0495256	0.0087379	0.0920502	0.0403389	0.00858552	0.0791059	0.0100461	0.00401044	0.102991	0.0178543	0.0691072	0.0795781	0.207025	0.0941323	0.0140024	0.00112267	0.00256799
32	0.0861834	0.0362754	0.0152924	0.0201807	0.0178989	0.0153006	0.0427626	0.104011	0.0332482	0.0661852	0.033109	0.046483	0.0011538	0.0501067	0.0322471	0.102729	0.137497	0.137802	0.00346003	0.018075
33	0.010454	0.00238195	0.000434075	0.000456396	0.0247856	0.0006814	0.000467464	0.470395	0.000576693	0.17057	0.0245138	0.000421263	0.0025634	0.00262855	0.00178198	0.0026426	0.0061443	0.273966	0.000706358	0.00342983
34	0.033207	0.0014395	0.151236	0.481608	0.00335917	0.0134121	0.0117754	0.0128081	0.0267773	0.0187745	0.00170109	0.0207834	0.00549569	0.0927282	0.0126838	0.0474652	0.0322865	0.0186084	0.000623497	0.0132277
35	0.00892823	0.00231511	0.000319825	0.00106278	0.0310599	0.00156414	0.000539473	0.278178	0.000805183	0.442431	0.0478196	0.000620534	0.00376023	0.00289882	0.00321925	0.00458447	0.00751038	0.155101	0.00179088	0.00549113
36	0.0302089	0.030527	0.000952414	0.00282998	0.0576212	0.00519049	0.0482075	0.208136	0.00641991	0.206077	0.0458494	0.00421732	0.00403454	0.0176471	0.00479073	0.0197654	0.0356299	0.177747	0.0052322	0.0889163
37	0.0205179	0.00571566	0.00972199	0.0309844	0.0105775	0.0156187	0.0260279	0.0162777	0.332453	0.0466441	0.0170237	0.0248167	0.00777392	0.0618413	0.274543	0.0249023	0.0440913	0.0234934	0.0015037	0.00547186
38	0.0428935	0.0323759	0.00192038	0.00299503	0.0393267	0.00603031	0.0537999	0.21455	0.00852251	0.169794	0.0380939	0.00493954	0.0387338	0.0190573	0.00466583	0.0248069	0.0399259	0.180989	0.00427097	0.07231
39	0.0972721	0.0205682	0.00857363	0.0419973	0.0158379	0.0205891	0.00854233	0.0105791	0.0117823	0.0540175	0.013898	0.0174205	0.11049	0.0287218	0.035293	0.215312	0.213544	0.0707077	0.001018	0.00383519
40	0.0147608	0.00546147	0.00045032	0.000919874	0.0244019	0.00111814	0.000457524	0.388438	0.0008391	0.234299	0.0354646	0.000395826	0.00148958	0.00287141	0.00211863	0.00355396	0.00858009	0.269871	0.00102932	0.00347974
41	0.0305147	0.0346678	0.00110892	0.00233579	0.0456388	0.00617798	0.0547809	0.202006	0.00721546	0.214425	0.0472914	0.00526314	0.00439313	0.0190829	0.00476462	0.0235935	0.0413445	0.178892	0.00445019	0.0720536
42	0.0880374	0.00582284	0.0437584	0.0443029	0.00532859	0.0209995	0.0291546	0.0190428	0.055381	0.0203376	0.0168216	0.0610408	0.0166672	0.084655	0.0444496	0.278908	0.125145	0.0212391	0.00483009	0.0140781
43	0.0501683	0.0205745	0.00804451	0.047098	0.0120681	0.00870105	0.0728294	0.0959908	0.0242736	0.0631536	0.0516084	0.0288948	0.00224695	0.128873	0.0145616	0.0847729	0.162617	0.0931238	0.0190966	0.011303
44	0.0561984	0.000985463	0.20498	0.19553	0.00483876	0.0260585	0.0140522	0.0108602	0.0206794	0.0180265	0.0036607	0.0621369	0.161605	0.0555142	0.0233048	0.0812358	0.0303031	0.0159854	0.000233066	0.0138114
45	0.087037	0.0557685	0.000408065	0.000416479	0.0173367	0.00104103	0.000605173	0.228746	0.000289017	0.0615863	0.0139017	0.00109414	0.00922474	0.000445696	0.000236522	0.00836029	0.0415305	0.468396	0.000427757	0.00314855
46	0.0742208	0.0160073	0.0121611	0.0133311	0.156662	0.0174759	0.0819398	0.0340808	0.0365133	0.101457	0.0310107	0.0317834	0.0108596	0.0385351	0.0681147	0.0611952	0.0427021	0.0463816	0.0294515	0.0961174
47	0.336841	0.102022	0.00197573	0.00300591	0.00528299	0.169112	0.00601912	0.00703389	0.0051817	0.0181595	0.00257842	0.011366	0.00230018	0.00513331	0.00586404	0.217932	0.0667983	0.0287293	0.000441862	0.00422222
48	0.0424179	0.0105882	0.00137662	0.0146832	0.00252914	0.0049105	0.00146386	0.311703	0.00912323	0.0779877	0.0697583	0.0126293	0.00295504	0.0227993	0.00495766	0.0459608	0.0846446	0.277794	0.000583182	0.00113456
49	0.0148492	0.00407301	0.000515879	0.000323884	0.0242328	0.000419028	0.000462281	0.506061	0.000480871	0.101028	0.0168207	0.000474047	0.00362141	0.00283335	0.00160333	0.00267402	0.00742665	0.30896	0.000290008	0.00285061
50	0.0337093	0.0119476	0.0100522	0.0198894	0.0174925	0.0148835	0.025651	0.023526	0.146284	0.0622042	0.0220757	0.027452	0.0164603	0.0469524	0.351313	0.0560507	0.0588481	0.0342992	0.00761763	0.0132917
51	0.143462	0.0315255	0.0183548	0.00984665	0.00388859	0.0426599	0.00217897	0.00232108	0.010417	0.00257494	0.00189089	0.0343113	0.00248537	0.0107272	0.005505	0.623754	0.0404129	0.00504743	0.00362075	0.00501573
52	0.00405256	0.00541179	0.000437674	0.00201249	0.0396848	0.00286021	0.00102536	0.226292	0.0022978	0.417654	0.120888	0.00113155	0.000368111	0.00542367	0.00226064	0.00656997	0.00889468	0.143451	0.00197044	0.0073134
53	0.096379	0.0284443	0.0195378	0.023506	0.0187945	0.0152786	0.041584	0.0901299	0.0336477	0.0707822	0.0325082	0.0530899	0.000965486	0.0640941	0.0348167	0.118104	0.122915	0.110254	0.00414944	0.0210194
54	0.401416	0.00955088	0.00673732	0.0054678	0.00502727	0.0354209	0.00712048	0.0220495	0.0465277	0.0127337	0.00594498	0.0121149	0.0926747	0.0265697	0.0054868	0.187222	0.0849539	0.0267239	0.00230561	0.00395221
55	0.0136724	0.0101681	0.00113659	0.00234426	0.0604723	0.00510007	0.0105877	0.213068	0.00370072	0.347011	0.0761751	0.00411893	0.00166113	0.00793492	0.00359076	0.0195499	0.0224431	0.17128	0.00308566	0.0228992
56	0.0335751	0.00972401	0.00266704	0.00709872	0.00349085	0.0158952	0.0208494	0.00745436	0.249941	0.0164553	0.00438712	0.0391005	0.0376427	0.0751384	0.358802	0.0625224	0.0338804	0.0172229	0.00164907	0.00250346
57	0.00385439	0.00515731	0.000330134	0.002322	0.0469082	0.00293855	0.00195401	0.221209	0.00252576	0.425451	0.0842318	0.00106782	0.0006186	0.00712615	0.00231382	0.00699976	0.0118075	0.160532	0.00285486	0.00979624
58	0.15337	0.00843793	0.0193124	0.0304499	0.00669692	0.0289707	0.0172097	0.0141759	0.0164457	0.042287	0.0439906	0.0256419	0.239631	0.040841	0.0250902	0.125732	0.123234	0.0318497	0.00066545	0.00596807
59	0.170263	0.0254007	0.0141852	0.0116885	0.00562742	0.317571	0.00976179	0.00701175	0.0112221	0.0104001	0.00685715	0.0301315	0.0104034	0.0137588	0.0191731	0.256892	0.0635292	0.0119079	0.000847141	0.00336738
60	0.14492	0.0267938	0.0246805	0.0378813	0.011591	0.11653	0.0151292	0.00626352	0.0195755	0.0347275	0.0136234	0.0708898	0.0325909	0.027988	0.0188486	0.275759	0.0782953	0.0310995	0.00102528	0.0117884
61	0.0346245	0.00206725	0.0599684	0.0218864	0.00532654	0.0137452	0.0213239	0.0286334	0.0466812	0.0114251	0.00207228	0.206871	0.00264163	0.0218068	0.0040226	0.236109	0.266224	0.0115359	0.0011686	0.00186673
62	0.0167295	0.00395492	0.0045886	0.0154831	0.00673238	0.0112919	0.0233964	0.0094697	0.394478	0.0291715	0.0135551	0.0180697	0.0108496	0.0590248	0.302503	0.0260112	0.0331502	0.0132777	0.00112116	0.00714179
63	0.0506807	0.00611295	0.315456	0.138869	0.00586121	0.0491103	0.0190628	0.0130613	0.0271267	0.0167695	0.00740924	0.0858497	0.0180358	0.0274592	0.0176653	0.103637	0.0737892	0.0177054	0.00114002	0.00519944
64	0.00945202	0.0136175	0.000822125	0.00367237	0.273533	0.00558433	0.119713	0.0149369	0.00436827	0.0262	0.0062155	0.0302813	0.00266706	0.0235864	0.00518452	0.0152467	0.0131014	0.0179834	0.00994096	0.403893
65	0.0379091	0.0182842	0.00033037	0.00201868	0.00415412	0.00159682	0.000731941	0.285056	0.00210322	0.229779	0.0335099	0.000507685	0.000757212	0.00263127	0.00340385	0.00645607	0.0187614	0.3509	0.000380219	0.00072806
66	0.0863554	0.0520644	0.000407433	0.000444161	0.0171044	0.00103844	0.000624125	0.231724	0.00033899	0.0661886	0.0139974	0.000993598	0.00920204	0.000481338	0.000285721	0.00839187	0.0403695	0.466172	0.000430739	0.00338596
67	0.041198	0.0204109	0.000343759	0.00208659	0.00362754	0.00158901	0.000843019	0.284707	0.00214148	0.214033	0.0314638	0.000531063	0.00111734	0.00251341	0.00334844	0.00686831	0.0195689	0.362797	0.000233534	0.00057712
68	0.177239	0.0234705	0.00184893	0.00323384	0.00296677	0.209004	0.00322359	0.0377487	0.00315183	0.0256456	0.00878782	0.00957508	0.00770604	0.00380184	0.0106536	0.186154	0.212415	0.0694687	0.0014559	0.0024488
69	0.0732392	0.0102944	0.00363144	0.00607009	0.0020777	0.0397088	0.00284939	0.0114603	0.00720161	0.0115996	0.00592666	0.0267713	0.015122	0.00634235	0.0103853	0.350976	0.392232	0.0223181	0.000503968	0.00128956
70	0.0260199	0.00183345	0.524898	0.215465	0.00474556	0.0385466	0.0120342	0.00580765	0.0121914	0.00498635	0.00682043	0.0433086	0.0120864	0.0120175	0.00962963	0.0363142	0.020717	0.0103499	0.000278807	0.00194873
71	0.32151	0.0704504	0.00662862	0.00592981	0.00569512	0.0540569	0.00470394	0.00359713	0.00793312	0.00934123	0.00245015	0.0214356	0.00403572	0.00685166	0.00471606	0.379495	0.0603834	0.0234119	0.00145205	0.00592158
72	0.0490068	0.00543857	0.00311745	0.00108351	0.00137765	0.858448	0.00136284	0.00485668	0.0042207	0.00297014	0.0013898	0.00201257	0.00383534	0.0068002	0.00253603	0.0381801	0.0054924	0.00624565	0.000276945	0.00134828
73	0.0391184	0.0133772	0.00282072	0.0103872	0.00261593	0.0156131	0.0228948	0.00852682	0.218846	0.0158493	0.00329271	0.0397523	0.0381223	0.0788357	0.355103	0.0695679	0.0393419	0.023019	0.000928848	0.00198672
74	0.0128819	0.00616116	0.000273156	0.00153104	0.0278901	0.00197749	0.000457474	0.282044	0.00127587	0.352888	0.0583954	0.000462208	0.00038994	0.0036088	0.00247489	0.00508395	0.0101413	0.225196	0.00198768	0.00488068
75	0.16921	0.0345182	0.00119472	0.00381709	0.00307201	0.0443524	0.00261999	0.0811588	0.00379143	0.0179473	0.0070804	0.00972613	0.00579065	0.00387911	0.00361964	0.152369	0.243566	0.207364	0.00348312	0.00143931
76	0.0242957	0.0119344	0.000534844	0.000519991	0.0235513	0.000562235	0.000590535	0.444813	0.000502498	0.0989339	0.0181257	0.000534402	0.00441615	0.0026457	0.00149783	0.00354883	0.014869	0.344981	0.000253528	0.00289043
77	0.00420406	0.003393	0.000241596	0.00160752	0.0397007	0.00228947	0.00129542	0.257562	0.00133264	0.413096	0.0706906	0.000656813	0.000685489	0.00495132	0.00239615	0.00566247	0.0090743	0.169103	0.00316856	0.00888944
78	0.0378417	0.00634227	0.104341	0.256684	0.0052182	0.0564607	0.0291487	0.0118023	0.076603	0.0178637	0.00273501	0.0592217	0.0080671	0.13854	0.0493158	0.0701337	0.0381322	0.0225363	0.000975007	0.00803774
79	0.00198976	0.00201159	0.000519249	0.00270638	0.398068	0.00155019	0.0278787	0.0125351	0.00205732	0.0260331	0.00400728	0.00553805	0.0017885	0.00995887	0.0012371	0.00571174	0.00772661	0.0193162	0.0136292	0.455737
80	0.0337756	0.0158775	0.0171134	0.0535809	0.0100735	0.0129295	0.0412732	0.0181186	0.220884	0.0541627	0.0211352	0.021342	0.0121669	0.0725573	0.205314	0.0698008	0.0715516	0.0395567	0.00274272	0.0060447
81	0.0574409	0.0139349	0.034861	0.0206512	0.03001	0.128452	0.0714786	0.0121911	0.0212885	0.0217308	0.00939305	0.191146	0.0137124	0.0272079	0.0407805	0.152875	0.0899359	0.051441	0.00219655	0.00927352
82	0.0961887	0.0396297	0.0184001	0.0316328	0.0182691	0.0152143	0.0328071	0.0806676	0.0525357	0.0599417	0.0306032	0.0461481	0.00129864	0.0690524	0.0665848	0.0950782	0.108888	0.115797	0.00337813	0.0178853
83	0.00914098	0.00960702	0.00157959	0.0017926	0.415408	0.00937889	0.0281242	0.0398315	0.00538454	0.228784	0.0393785	0.00345339	0.0013084	0.00534653	0.0044523	0.0123448	0.0184821	0.0433426	0.0236381	0.0992213
84	0.0347528	0.001785	0.174199	0.364116	0.00439522	0.0165159	0.016259	0.0235437	0.0450113	0.0168479	0.00249055	0.0393893	0.0137713	0.0725045	0.0210835	0.0465591	0.0493292	0.0524388	0.00106347	0.00394463
85	0.040424	0.0114972	0.000682462	0.00465624	0.00114446	0.0147845	0.0216659	0.00753653	0.214567	0.0112058	0.00166337	0.0402404	0.0450031	0.081292	0.37165	0.0729683	0.0371626	0.019986	0.000381989	0.00148802
86	0.0355047	0.0188156	0.000330237	0.00245665	0.00410527	0.00162146	0.000720049	0.28349	0.0025984	0.200543	0.0384078	0.000590981	0.000791037	0.00408532	0.00391804	0.00736014	0.0241836	0.369621	0.000217727	0.000638077
87	0.0317803	0.0123517	0.00369127	0.0127079	0.0854107	0.0121421	0.302489	0.0188179	0.00969728	0.0549624	0.0142597	0.0451794	0.00472026	0.0825979	0.011686	0.0329459	0.0206768	0.0236552	0.00261129	0.217617
88	0.0254395	0.0891637	0.00522798	0.0490892	0.043557	0.016657	0.011878	0.0191222	0.076825	0.14533	0.13651	0.117636	0.0116186	0.104723	0.0125704	0.0724428	0.0295723	0.0197823	0.00243049	0.0104247
89	0.0634791	0.00292795	0.159361	0.282515	0.005928	0.0261141	0.0139755	0.0165903	0.0349394	0.0195148	0.00878165	0.0382776	0.0972627	0.0636449	0.0207771	0.0659205	0.0438928	0.0282524	0.000993179	0.00685214
90	0.108257	0.0286057	0.00877387	0.0125693	0.0123927	0.0103476	0.00427527	0.163494	0.00997082	0.0545833	0.0203681	0.0120555	0.0631347	0.0071669	0.00605934	0.0470453	0.104964	0.317613	0.000793838	0.00752877
91	0.00200275	0.00193291	0.000532946	0.00282687	0.392073	0.00149181	0.0283881	0.0121309	0.00202163	0.0224136	0.00320887	0.00563579	0.00187264	0.0103759	0.00118998	0.00539252	0.00724143	0.0184125	0.0140075	0.466848
92	0.101269	0.0132559	0.00316582	0.00260038	0.00196881	0.718264	0.00165039	0.00643428	0.00380548	0.00510286	0.00316428	0.00531398	0.00393713	0.00601862	0.00485734	0.0888159	0.0201962	0.00784362	0.000427808	0.00190881
93	0.0133256	0.00284328	0.0014951	0.00826525	0.00503454	0.0101805	0.0116484	0.00579294	0.413735	0.0224174	0.0110221	0.0153246	0.0102036	0.0462705	0.365014	0.0224175	0.0210678	0.00848265	0.00128027	0.00417868
94	0.0628357	0.010187	0.00475627	0.0101911	0.00220975	0.0297072	0.00382547	0.0159011	0.0117725	0.0132155	0.00583963	0.0274782	0.010678	0.00768294	0.00760447	0.313958	0.419877	0.040176	0.000879708	0.00122506
95	0.0489571	0.00437445	0.00399074	0.00285881	0.00137049	0.859875	0.00134004	0.00445214	0.00461571	0.00277351	0.00136251	0.00312556	0.00420228	0.00724413	0.00191812	0.0367468	0.00404859	0.00560313	0.000250908	0.000890467
96	0.0914343	0.0515369	0.000519059	0.00134817	0.0140881	0.00168772	0.00121017	0.23861	0.00131992	0.074819	0.018676	0.00271785	0.00809539	0.00227834	0.000976878	0.016052	0.0410249	0.428958	0.000552242	0.00409428
97	0.021342	0.0085504	0.00565546	0.0109284	0.0116463	0.0116687	0.019156	0.0117405	0.207986	0.0379673	0.0151067	0.0257282	0.0159445	0.0480504	0.446571	0.0405771	0.0312434	0.0183975	0.00486234	0.00687845
98	0.02404	0.00913556	0.00538633	0.00928444	0.0104144	0.0118508	0.0199409	0.00951811	0.203848	0.0310195	0.0136238	0.0253966	0.0180865	0.0509145	0.455661	0.0460401	0.029576	0.0162609	0.00436426	0.00563838
99	0.0525251	0.0211988	0.0065511	0.0076523	0.0270675	0.00426286	0.00565803	0.308124	0.00468822	0.0950736	0.0279047	0.00738003	0.00980325	0.00652926	0.00548486	0.0189467	0.0414871	0.332858	0.000788309	0.016016
100	0.0714104	0.0393438	0.000709227	0.00361438	0.0132001	0.00245248	0.00133323	0.25204	0.00306365	0.0672871	0.0270268	0.00477921	0.00756375	0.00567996	0.00189249	0.0215366	0.0565085	0.416807	0.000545048	0.00320635
101	0.0954557	0.00329528	0.00662834	0.0105436	0.00111572	0.00597762	0.0124635	0.00880964	0.00455939	0.0105772	0.00175663	0.00515601	0.727306	0.0198139	0.00857455	0.0624705	0.00453295	0.00971823	0.000282171	0.000963207
102	0.0529162	0.00434932	0.0146782	0.0184777	0.00280545	0.745313	0.00620627	0.00535421	0.0121101	0.00498268	0.00235829	0.0202652	0.00850559	0.0255887	0.00710184	0.048972	0.0101799	0.0074665	0.000460284	0.0019083
103	0.0336486	0.00205357	0.137202	0.444504	0.00454864	0.0148562	0.0181401	0.0140282	0.0335477	0.0193746	0.00274043	0.0224857	0.00932174	0.0998911	0.0159463	0.0516031	0.0370463	0.022274	0.000919205	0.0158686
104	0.0025257	0.0031195	0.000515183	0.00272067	0.368558	0.00210559	0.0346662	0.0123377	0.00206141	0.0234063	0.00335458	0.00694226	0.00198299	0.0125074	0.00154584	0.00551142	0.00862886	0.0184967	0.0131407	0.475873
105	0.00389097	0.00329035	0.000222572	0.00142763	0.0381208	0.00204852	0.000430574	0.240953	0.00127874	0.438134	0.0771851	0.000721315	0.000760517	0.00461052	0.002205	0.00546659	0.00843978	0.16193	0.00229316	0.00659088
106	0.412861	0.110657	0.000407491	0.00225952	0.00480271	0.041787	0.00597952	0.00216252	0.00629192	0.00892059	0.000602905	0.0147125	0.000806621	0.00422594	0.00381639	0.263556	0.0785728	0.0340456	0.000148818	0.00338262
107	0.169629	0.0441951	0.00118611	0.00177198	0.00171314	0.062951	0.00218985	0.0820573	0.00336189	0.0171842	0.00360652	0.00288884	0.00216085	0.00312378	0.00333682	0.133736	0.19139	0.266428	0.00565559	0.00143385
108	0.04531	0.00145515	0.362621	0.159622	0.00419538	0.0403865	0.0172328	0.00915169	0.0222256	0.0104614	0.00371205	0.0877027	0.0722441	0.0303317	0.0185913	0.0660474	0.0276334	0.0137579	0.000304811	0.00701297
109	0.14221	0.00898745	0.0153334	0.0295086	0.00842085	0.0245829	0.0162934	0.0204297	0.0157675	0.05193	0.0436179	0.0235118	0.273076	0.0392152	0.0240236	0.109067	0.109737	0.0368448	0.00108847	0.00635444
110	0.0160597	0.00360477	0.00474577	0.0157014	0.00720253	0.0117163	0.0241852	0.0101308	0.389945	0.0314121	0.015786	0.0188832	0.0114601	0.0586726	0.303199	0.0242034	0.0312307	0.0137529	0.0010703	0.00703779
111	0.0737206	0.00818723	0.00392766	0.0019402	0.00156209	0.791973	0.00186929	0.00473816	0.00431055	0.00304668	0.00252248	0.00432043	0.00472123	0.00701288	0.00375986	0.0635256	0.0117436	0.00599075	0.000260176	0.000867575
112	0.0235311	0.00906545	0.00541311	0.00981332	0.00922081	0.0116788	0.0200945	0.00870373	0.217788	0.0299039	0.011157	0.0265215	0.0178108	0.0529375	0.446315	0.0445025	0.0298444	0.0164324	0.00417167	0.00509433
113	0.402191	0.117004	0.0007472	0.00257526	0.00500554	0.0432741	0.00608083	0.00273772	0.00648426	0.0097193	0.000934075	0.014992	0.000965624	0.00457686	0.00430363	0.260556	0.0794675	0.0344221	0.000211037	0.00375235
114	0.0812427	0.0572448	0.000579937	0.000716451	0.0223312	0.0013838	0.00206959	0.231225	0.000826637	0.0811405	0.0153071	0.00136328	0.00834362	0.00105053	0.000868594	0.00859231	0.0410568	0.439629	0.000483043	0.00454449
115	0.0218402	0.0325001	0.00538056	0.00402419	0.0568956	0.00408767	0.0182811	0.0720403	0.005567	0.306532	0.319507	0.00603265	0.00343357	0.00265287	0.00530093	0.0216401	0.0319214	0.0577531	0.000432432	0.024177
116	0.0110244	0.00170228	0.000529287	0.000325147	0.0248705	0.00039398	0.000481302	0.519952	0.000486739	0.104143	0.0170633	0.000445885	0.00329836	0.00297851	0.00167025	0.00234799	0.00562305	0.299601	0.000249535	0.00281352
117	0.289024	0.0419065	0.000770467	0.0014428	0.00214543	0.338549	0.00184961	0.0060332	0.00267921	0.00753534	0.00381413	0.00542383	0.00172731	0.00224868	0.00878093	0.220903	0.0513651	0.011146	0.000222122	0.00243346
118	0.308473	0.0606303	0.0082696	0.00704734	0.00583648	0.0789107	0.00735161	0.005056	0.00852391	0.0106643	0.00471318	0.0231546	0.00870538	0.00890217	0.00601454	0.360086	0.0576602	0.0234086	0.00150335	0.0050884
119	0.059633	0.0365182	0.0004108	0.00242043	0.0120145	0.00145474	0.000719495	0.257388	0.00158158	0.0924472	0.032727	0.00151057	0.00609603	0.00463416	0.00159152	0.0112757	0.0487819	0.425967	0.000408922	0.00241974
120	0.0144825	0.00261821	0.00166454	0.00915585	0.00377636	0.0107038	0.0119835	0.00576246	0.457803	0.0201575	0.0100935	0.0153165	0.0108588	0.0485874	0.318145	0.0235784	0.0219077	0.00865946	0.000648971	0.0040968
121	0.056464	0.0122714	0.036009	0.0447149	0.00844405	0.0436359	0.103797	0.0095363	0.0453399	0.0169181	0.0128877	0.148258	0.0126937	0.113193	0.0548339	0.164096	0.0912596	0.0104862	0.00134948	0.0138126
122	0.0244268	0.0155995	0.00990897	0.0300737	0.016544	0.0168087	0.0279359	0.0225782	0.261954	0.076077	0.0457806	0.050232	0.0095412	0.0820824	0.196927	0.0349881	0.0415813	0.0276229	0.00156028	0.00777771
123	0.00638439	0.0065669	0.000732678	0.00197023	0.101294	0.00249956	0.00674278	0.150408	0.00283655	0.4702	0.085968	0.00196237	0.00206704	0.00514862	0.00277434	0.00771657	0.0126286	0.103872	0.00400683	0.0242207
124	0.24168	0.0671574	0.00205925	0.00357157	0.00558891	0.0773389	0.00523024	0.0594337	0.00553439	0.0247614	0.00562441	0.00902856	0.00329525	0.00572549	0.00521017	0.146943	0.136174	0.18932	0.00258538	0.00373743
125	0.0052378	0.00361966	0.000668254	0.00298235	0.382029	0.00259576	0.0320089	0.0173716	0.00268994	0.043514	0.00762539	0.00675837	0.00188958	0.0103262	0.00250333	0.00934358	0.0105905	0.0263337	0.0142482	0.417664
126	0.0175745	0.00680709	0.000532112	0.00196789	0.018967	0.00116763	0.000887721	0.43118	0.00175218	0.132025	0.0330999	0.00145681	0.00248382	0.00650582	0.00251345	0.00750468	0.0177572	0.312575	0.000366055	0.00287647
127	0.0190108	0.0184444	0.00349161	0.00426375	0.0483419	0.00314984	0.0112523	0.0559545	0.00335519	0.439359	0.260748	0.0040435	0.00613619	0.00300688	0.00369738	0.0121875	0.028901	0.0505061	0.000345336	0.0238042
128	0.0469821	0.0069104	0.0820439	0.0528267	0.00798085	0.0365822	0.0424711	0.0236955	0.0403216	0.0182527	0.00900151	0.166991	0.0141928	0.0578777	0.0227202	0.167168	0.173545	0.0206739	0.00173266	0.00803109
129	0.0464519	0.011072	0.0109956	0.00920259	0.0895072	0.0163686	0.0373645	0.0231635	0.0657503	0.0738882	0.0231562	0.0413756	0.0165828	0.0297628	0.255871	0.0550846	0.0351194	0.034551	0.0526463	0.072086
130	0.0416096	0.0023323	0.366016	0.143777	0.00211305	0.0625801	0.0244052	0.00489078	0.0317132	0.00695336	0.00321482	0.133966	0.0145111	0.0211618	0.0225409	0.0734915	0.0319	0.00835709	0.000237917	0.00422843
131	0.162027	0.0163252	0.0341189	0.0222016	0.00955098	0.0918922	0.0136989	0.00627566	0.0225945	0.0232472	0.00959988	0.080304	0.0426892	0.0319691	0.0184706	0.279962	0.103215	0.0241477	0.000986902	0.00672288
132	0.152733	0.00339661	0.0698809	0.134733	0.00398224	0.0227051	0.0270867	0.0121799	0.0468439	0.0245572	0.0210791	0.0321464	0.00805704	0.101668	0.0401254	0.178639	0.0779295	0.029635	0.00316521	0.00945575
133	0.0740788	0.010243	0.0845878	0.0703021	0.0102735	0.246011	0.0284502	0.00412595	0.0341787	0.00902834	0.00350031	0.145931	0.00703275	0.0374538	0.0189895	0.163257	0.0404727	0.008248	0.00093512	0.00290031
134	0.0293342	0.010381	0.0466034	0.0510093	0.0053451	0.0536887	0.0849729	0.0130657	0.164378	0.0282785	0.00899096	0.124936	0.00372793	0.103262	0.13833	0.0571421	0.0436916	0.015204	0.000651857	0.017007
135	0.0271036	0.0122265	0.000390182	0.00140787	0.0174529	0.00131584	0.000818313	0.354816	0.00137372	0.213178	0.0339709	0.000800202	0.00222822	0.00316362	0.00241172	0.00577928	0.016214	0.301103	0.000896031	0.00334981
136	0.140753	0.0221891	0.0133765	0.0234545	0.0150297	0.0185427	0.0274457	0.0621195	0.0250424	0.048167	0.0219194	0.0343208	0.00887638	0.0586469	0.0187149	0.112758	0.174435	0.138063	0.00333398	0.0328122
137	0.0301322	0.0117274	0.00187415	0.00308025	0.0211018	0.00243863	0.00321215	0.408281	0.00332342	0.114283	0.0280148	0.0027694	0.0117828	0.00585039	0.00312047	0.0096355	0.0224377	0.310129	0.000545007	0.00626118
138	0.194358	0.0162316	0.0208043	0.0228135	0.00696175	0.108401	0.0157462	0.00688017	0.012872	0.0222334	0.010977	0.0454258	0.113751	0.0320202	0.0128657	0.259354	0.072544	0.0178727	0.00222024	0.00566724
139	0.170765	0.0143478	0.0168179	0.0224406	0.00634834	0.0587824	0.0158394	0.00952475	0.0147862	0.0213118	0.0114507	0.0368659	0.162173	0.0297705	0.0158211	0.288289	0.0737916	0.0194901	0.00539093	0.00599246
140	0.0943684	0.00312075	0.00671372	0.0104777	0.000852733	0.00550373	0.0122378	0.00856893	0.00256567	0.00990103	0.0017146	0.0046986	0.738795	0.0191999	0.00546551	0.0614403	0.00372804	0.00979719	0.000214745	0.000636168
141	0.0341895	0.019657	0.00447096	0.0105953	0.0368917	0.00947726	0.0486655	0.153296	0.0138485	0.281647	0.0554755	0.0180618	0.00807183	0.0438373	0.0131176	0.0362608	0.0530985	0.114735	0.00415285	0.0404493
142	0.0402402	0.00362195	0.137408	0.349095	0.00585322	0.0171553	0.016639	0.0219765	0.0570737	0.0210943	0.00583251	0.0332049	0.0245478	0.0786053	0.0313987	0.0546654	0.0492906	0.0449297	0.00129004	0.00607727
143	0.19899	0.0426071	0.00982203	0.0138562	0.0144714	0.0284221	0.0173689	0.0992415	0.0137142	0.090517	0.0337528	0.024597	0.0145135	0.024637	0.0133423	0.111537	0.0820695	0.149303	0.00231799	0.0149197
144	0.0329229	0.00988999	0.0321605	0.0513619	0.00531219	0.0306104	0.135169	0.00826776	0.0308863	0.0160613	0.0101596	0.20544	0.0279604	0.11067	0.0336225	0.137511	0.0967064	0.0101479	0.000978603	0.0141616
145	0.0212055	0.00450741	0.00118452	0.00702899	0.00205146	0.0110474	0.0125107	0.00464577	0.426318	0.0139985	0.00523671	0.0191216	0.0193903	0.0595297	0.312929	0.0384248	0.0277232	0.00939545	0.000347347	0.00340421
146	0.236097	0.0078218	0.00817534	0.00917793	0.00389873	0.0506018	0.0214415	0.00612703	0.0073948	0.0119417	0.00468792	0.0367073	0.160179	0.024287	0.00436499	0.34135	0.0398608	0.00915696	0.0129032	0.00382497
147	0.0431019	0.0137988	0.0551232	0.0422921	0.00539899	0.0756419	0.110764	0.00635205	0.0436906	0.0103248	0.00510146	0.25581	0.00702373	0.077672	0.0406977	0.149209	0.0400928	0.00456749	0.000524187	0.0128133
148	0.135597	0.0708025	0.00527427	0.00771849	0.00619645	0.0347659	0.0192193	0.0305523	0.0114394	0.0211271	0.0156033	0.0443396	0.00763679	0.0129583	0.0286915	0.175439	0.29343	0.0739045	0.00103864	0.00426611
149	0.00745842	0.00205508	0.000350562	0.000704128	0.0313886	0.00116057	0.000435984	0.405458	0.000636943	0.244724	0.0395444	0.00042632	0.00159456	0.00314238	0.00202699	0.00325534	0.00646084	0.243021	0.00135402	0.00480214
150	0.081919	0.228326	0.00316943	0.00961405	0.0300968	0.0281237	0.0517664	0.0975381	0.0124445	0.0204885	0.0163249	0.00999911	0.00368715	0.00904708	0.0125349	0.0281458	0.21481	0.135227	0.00142618	0.00531201
151	0.00392915	0.00599299	0.000661423	0.00122616	0.464874	0.0034336	0.032548	0.0229631	0.00294661	0.130348	0.0246528	0.00394678	0.000713806	0.00534075	0.00277743	0.0107191	0.0174313	0.0315143	0.0134235	0.220557
152	0.197098	0.0453059	0.0481765	0.00241872	0.0385093	0.0579665	0.145448	0.00431992	0.00972048	0.0408566	0.0043058	0.0518035	0.00276088	0.0461494	0.0113168	0.233675	0.027378	0.0165919	0.00086212	0.0153357
153	0.0318438	0.0181901	0.000387326	0.00350176	0.00383938	0.00178351	0.000659463	0.282015	0.00269844	0.184028	0.0504269	0.00115298	0.000779206	0.00673927	0.00394994	0.0105695	0.0355265	0.360893	0.000245147	0.000771487
154	0.0985193	0.0650784	0.000483464	0.000737445	0.0164588	0.00128485	0.00169207	0.219348	0.00076698	0.0602443	0.01439	0.0017258	0.00865027	0.000631594	0.00064036	0.0107659	0.0448896	0.449921	0.0004443	0.00332661
155	0.32223	0.0605171	0.0013844	0.00198467	0.00267826	0.270782	0.00314947	0.0079043	0.00412499	0.0133378	0.00261652	0.00718425	0.00309561	0.0032281	0.00643006	0.192681	0.0593917	0.0339033	0.000305592	0.00307072
156	0.03232	0.0182238	0.000330041	0.00207834	0.00975091	0.00170769	0.000876794	0.276711	0.00217486	0.249203	0.0413375	0.000607369	0.000631208	0.00326935	0.00329155	0.00664649	0.0182613	0.330188	0.000609617	0.00178109
157	0.0414392	0.00202031	0.384816	0.133765	0.00233942	0.0617844	0.0236725	0.00493932	0.0295414	0.00724585	0.0037034	0.13519	0.0131419	0.0174631	0.0203964	0.0707471	0.0340817	0.00890629	0.000207789	0.00459883
158	0.0894387	0.0419469	0.0133348	0.0184808	0.0142654	0.01346	0.032986	0.0995546	0.0307976	0.0548266	0.0338166	0.0514368	0.0014948	0.0509573	0.0314774	0.098128	0.147184	0.158795	0.00288383	0.0147349
159	0.214134	0.0292448	0.00286777	0.00270258	0.00256978	0.47955	0.00280835	0.00677715	0.0039986	0.00731928	0.00460927	0.00542047	0.00749471	0.0058619	0.0114858	0.156967	0.0396257	0.01438	0.000405421	0.00177661
160	0.0022568	0.00229392	0.000530835	0.0030177	0.395578	0.00168651	0.028573	0.0125445	0.00212194	0.0283055	0.00432944	0.00555508	0.00176308	0.00998524	0.00129839	0.00588834	0.00808919	0.0195142	0.0142852	0.452383
161	0.0173895	0.00195779	0.534157	0.314328	0.00636819	0.0288929	0.00841353	0.00464993	0.00374165	0.00292138	0.00643643	0.00448113	0.00962553	0.00741689	0.00356789	0.0194002	0.0138767	0.0111446	0.000253483	0.000977293
162	0.0739529	0.0140898	0.0443541	0.0490446	0.0181003	0.0410738	0.0288191	0.0256079	0.0350508	0.0856711	0.0253551	0.137286	0.104982	0.0501651	0.0345747	0.100801	0.0711105	0.0395523	0.0047727	0.0156359
163	0.0953475	0.00321057	0.00799645	0.0119381	0.00107188	0.00637201	0.0124249	0.00909648	0.00278404	0.0102358	0.00203428	0.00567384	0.724521	0.019546	0.00574268	0.0646438	0.00643674	0.00986904	0.000243608	0.000811062
164	0.0167285	0.0101042	0.000423416	0.00378113	0.0216808	0.0024419	0.000804693	0.270389	0.0027553	0.261617	0.0773064	0.00221828	0.000766285	0.00982226	0.00333624	0.0129338	0.0313296	0.266429	0.00140228	0.00372922
165	0.0102305	0.00876292	0.00143902	0.00306514	0.367708	0.00514876	0.063475	0.0168466	0.00493705	0.058315	0.0134001	0.0217935	0.00264401	0.0127012	0.00569118	0.0193707	0.0157744	0.024616	0.0136272	0.330454
166	0.359552	0.0506984	0.00491367	0.00813497	0.0186558	0.0984212	0.0118889	0.0249889	0.0105092	0.0287408	0.0077077	0.0145878	0.0113526	0.00945878	0.00661995	0.154781	0.0627659	0.101095	0.0019063	0.0132207
167	0.408798	0.114417	0.000355936	0.00221123	0.0050514	0.0410077	0.00614511	0.00192786	0.00641267	0.00849051	0.000608244	0.0148808	0.000711716	0.00433533	0.00403026	0.264077	0.0795684	0.0335832	0.000137876	0.00324966
168	0.00954558	0.00202945	0.000433727	0.000475763	0.0254958	0.000695533	0.000445632	0.461262	0.000526293	0.185627	0.0262994	0.000471891	0.00244576	0.00276901	0.00178674	0.00266399	0.00604753	0.266536	0.0008493	0.00359354
169	0.0478857	0.00405853	0.156097	0.362786	0.00507037	0.0311673	0.017453	0.0141519	0.0341119	0.0177881	0.00535446	0.0416657	0.0166209	0.0733409	0.0198369	0.074665	0.04353	0.0237114	0.00102438	0.00968011
170	0.0265793	0.0223388	0.000450151	0.002795	0.0180356	0.00220898	0.00674591	0.260223	0.00279517	0.214043	0.0548705	0.00117458	0.00155285	0.00855562	0.00341328	0.0107837	0.0327165	0.320371	0.0010144	0.00933268
171	0.0472584	0.00116278	0.279089	0.225793	0.0041752	0.0354728	0.0150322	0.0109272	0.025207	0.0120596	0.00306499	0.0780756	0.0776556	0.0459511	0.0187912	0.0638728	0.0304397	0.0182655	0.000226228	0.00748015
172	0.0599319	0.0203296	0.0391206	0.0174879	0.0308529	0.0176943	0.0658442	0.0597901	0.0222857	0.086445	0.0983879	0.0354376	0.00806998	0.0430275	0.0262856	0.0910213	0.0706306	0.116885	0.00745996	0.0830125
173	0.141444	0.0253782	0.0263879	0.0409308	0.01133	0.121177	0.0143655	0.00596212	0.0192206	0.034516	0.0132303	0.0713689	0.0334654	0.0288477	0.0189	0.270785	0.0793675	0.0315768	0.000922034	0.0108238
174	0.0175734	0.00201882	0.527594	0.307937	0.0059686	0.028163	0.00837472	0.00490284	0.005531	0.00312945	0.00624752	0.00845339	0.0094579	0.0093084	0.00454416	0.0225453	0.0152702	0.0116433	0.000252943	0.00108437
175	0.090132	0.0162405	0.0299379	0.0368977	0.0135089	0.0168431	0.040037	0.0663853	0.0476413	0.0516314	0.030422	0.0546867	0.006756	0.0900478	0.0401576	0.139187	0.127728	0.0773681	0.00481693	0.0195744
176	0.0997039	0.0114629	0.0704175	0.068026	0.00946464	0.0341302	0.0272093	0.0299515	0.0626669	0.0301922	0.0196166	0.0492037	0.0190476	0.0784907	0.0410433	0.180236	0.0945925	0.0510112	0.00444608	0.0190874
177	0.0927858	0.0029523	0.00883585	0.0121409	0.000826637	0.00551372	0.0149479	0.00894247	0.0022759	0.0108795	0.00136843	0.00442821	0.730488	0.0190566	0.00514058	0.0652053	0.00349048	0.00981319	0.000208618	0.000699691
178	0.0400632	0.00414007	0.011442	0.0214165	0.00151885	0.0410794	0.00601897	0.00909087	0.0286407	0.0170439	0.00432919	0.0415865	0.00285608	0.0112893	0.00752289	0.31101	0.405707	0.0325701	0.00150291	0.00117159
179	0.0763285	0.0141187	0.0588236	0.0493356	0.0108586	0.12789	0.0439474	0.011346	0.0365679	0.0199329	0.00755673	0.127579	0.0154371	0.0464823	0.0398561	0.190683	0.0952999	0.0187391	0.00123808	0.00797866
180	0.0436555	0.00377815	0.0730205	0.264161	0.00627693	0.0127022	0.0246514	0.0257699	0.0999395	0.0323964	0.0102733	0.0231925	0.0316662	0.0939769	0.0722774	0.0630287	0.0631297	0.0467162	0.00394309	0.00544489
181	0.179553	0.0418924	0.0184858	0.101177	0.0112318	0.10681	0.0314906	0.0146962	0.0109827	0.111108	0.0317224	0.026467	0.013172	0.0167671	0.0102427	0.156765	0.0798004	0.0247263	0.00200328	0.0109069
182	0.29962	0.00451183	0.00315314	0.017668	0.106979	0.0619643	0.043776	0.0311391	0.0108776	0.0351093	0.00484969	0.00591976	0.0156715	0.00586841	0.0045202	0.0578949	0.0284732	0.195918	0.00231149	0.0637743
183	0.0584386	0.00256333	0.0469732	0.207431	0.00577496	0.0107972	0.0251186	0.0275901	0.100669	0.0278217	0.0144762	0.0252049	0.0653552	0.103203	0.0615679	0.0850131	0.074121	0.0496623	0.00343489	0.0047828
184	0.0174785	0.00422611	0.00725149	0.0189052	0.00484716	0.0135915	0.0195427	0.00886353	0.443134	0.0250657	0.0100548	0.0187963	0.00858218	0.0570734	0.259075	0.0273952	0.0343984	0.0134064	0.000986518	0.00732625
185	0.0537952	0.0212646	0.0094646	0.0202609	0.0239338	0.0122752	0.0966324	0.0598721	0.0221745	0.0958644	0.0583882	0.0599018	0.00190009	0.105833	0.032292	0.0684499	0.104437	0.115791	0.00233239	0.0351372
186	0.0164147	0.011779	0.000483626	0.00190749	0.0380354	0.00194	0.00206678	0.218585	0.00179516	0.39384	0.0592277	0.00143464	0.00252856	0.00486005	0.00239365	0.00674913	0.0156845	0.207383	0.00176529	0.0111269
187	0.124168	0.0684098	0.00364935	0.00656374	0.00640588	0.0258474	0.011663	0.101361	0.0162914	0.0315784	0.017931	0.0225157	0.00206243	0.0158153	0.0172693	0.112685	0.206992	0.200995	0.00235381	0.00544209
188	0.00391295	0.0058516	0.000614468	0.00125252	0.463556	0.00330701	0.0310793	0.0244176	0.00283908	0.130505	0.0246011	0.00390787	0.00072682	0.00539283	0.00275313	0.0101872	0.0162634	0.0308224	0.0137593	0.224251
189	0.0193176	0.0077668	0.00302724	0.00502208	0.293926	0.00655868	0.0441687	0.0345367	0.00555909	0.0543471	0.0121814	0.0125216	0.00425602	0.0159216	0.0112944	0.0152655	0.0167412	0.0311118	0.0308076	0.375669
190	0.0502699	0.00615125	0.0741441	0.248201	0.00622499	0.0156858	0.0241805	0.0262059	0.0751048	0.0263596	0.0121437	0.0325483	0.0299536	0.0958227	0.0459848	0.0811216	0.0863225	0.0542484	0.00290614	0.00642058
191	0.00613662	0.00710811	0.000627304	0.00175116	0.0349191	0.0022229	0.00217221	0.124825	0.00285555	0.557855	0.127203	0.00238554	0.00194211	0.00696748	0.00211482	0.00622835	0.0120502	0.0898269	0.00109149	0.00971642
