1595	20
1	0.0425885	0.0324191	0.00164801	0.00192862	0.0719449	0.00232139	0.00553963	0.210756	0.00308078	0.265478	0.0910361	0.00433721	0.000813866	0.00202652	0.00274885	0.0141093	0.0428567	0.174986	0.00455189	0.0248292
2	0.0038644	0.0098706	0.00431043	0.00210905	0.197929	0.00341277	0.0238024	0.0229088	0.00149704	0.0242494	0.0102204	0.00724159	0.00154394	0.00272407	0.00213368	0.010087	0.0096432	0.0228863	0.0165644	0.623002
3	0.0200046	0.00643258	0.000643004	0.00218832	0.630627	0.000723894	0.00101838	0.0552537	0.00183214	0.11721	0.0279535	0.00390834	0.00106595	0.0025412	0.000863968	0.00539334	0.00552634	0.0482261	0.00336131	0.0652266
4	0.0357067	0.0294054	0.00247093	0.00273536	0.0789809	0.00299356	0.00737831	0.184506	0.00227996	0.312895	0.0980561	0.00490477	0.000393358	0.00234472	0.00255756	0.0189698	0.0402557	0.137316	0.0059434	0.0299059
5	0.00295144	0.00288804	0.00366105	0.0082798	0.001125	0.00240425	0.0253056	0.0109973	0.447438	0.0259699	0.00229159	0.0107352	0.00201931	0.0333045	0.383658	0.0126422	0.0112761	0.0091368	0.00016192	0.00375367
6	0.00897152	0.0347282	0.00100955	0.00135032	0.284809	0.0195897	0.0231824	0.0455756	0.00589465	0.0991952	0.0377126	0.020907	0.00462275	0.00869051	0.00355611	0.0197096	0.00842615	0.0513006	0.0118336	0.308935
7	0.075519	0.016654	0.0077032	0.0123926	0.0311623	0.0110292	0.00913247	0.145438	0.0467739	0.177817	0.0498155	0.0212609	0.0112032	0.0250294	0.031655	0.0661194	0.0577614	0.177634	0.000444492	0.025455
8	0.0677473	0.00348301	0.0077751	0.0240443	0.0024825	0.00850183	0.0100246	0.0140956	0.0119792	0.0154158	0.00398052	0.0116733	0.670157	0.0228029	0.0112282	0.0555024	0.0341554	0.0150736	0.000164909	0.00971267
9	0.109908	0.0384709	0.00289931	0.0019381	0.0320005	0.020609	0.000984884	0.0997241	0.00920281	0.273046	0.0720171	0.0163205	0.00912314	0.0258357	0.0119446	0.10344	0.0641999	0.0945608	0.000385121	0.0133889
10	0.00680113	0.000799274	0.00115698	0.00164619	0.071015	0.00116929	0.00232207	0.174312	0.00220222	0.532824	0.0702576	0.00166894	0.000267703	0.00750944	0.00145066	0.00307141	0.0102484	0.0998963	0.000107499	0.0112739
11	0.0769351	0.0182607	0.00653979	0.0268816	0.0421575	0.0139122	0.0464123	0.0722019	0.0338073	0.0575759	0.0583097	0.0553661	0.00138775	0.0147952	0.0437939	0.0970403	0.161267	0.112118	0.000676167	0.0605614
12	0.031982	0.00355728	0.187608	0.519028	0.00263937	0.0164612	0.0107601	0.0032273	0.0186185	0.016341	0.00777114	0.0324537	0.00549164	0.0493468	0.011258	0.0399076	0.0211094	0.0129444	0.000501406	0.00899309
13	0.029303	0.0147787	0.015326	0.0975042	0.0145966	0.0110886	0.046493	0.0027894	0.0398385	0.0247968	0.0336	0.0349539	0.00303062	0.553102	0.0113294	0.0148374	0.0190791	0.017574	0.00286215	0.0131172
14	0.00747934	0.0113845	0.000304309	0.000998618	0.0167277	0.00180928	0.000581873	0.0915564	0.00345132	0.704499	0.0635748	0.00148997	0.000317244	0.00421002	0.00079996	0.00438293	0.020591	0.0596071	0.000175091	0.00605977
15	0.0374921	0.00717281	0.0157863	0.056254	0.00691106	0.0086504	0.0187953	0.0116077	0.297735	0.0230572	0.0280228	0.0633712	0.00220679	0.0839764	0.205472	0.0600626	0.0421483	0.0185025	0.00407516	0.00870009
16	0.0644386	0.0148629	0.023454	0.0332654	0.0104497	0.0230405	0.0160289	0.0523056	0.0560026	0.0356808	0.0276239	0.192023	0.000787305	0.0521877	0.0355477	0.122743	0.16707	0.0628035	0.000266207	0.00941936
17	0.0414694	0.00480657	0.14012	0.480354	0.00275381	0.0149855	0.0112387	0.0138108	0.0400869	0.0303112	0.012206	0.0243114	0.00377745	0.070694	0.0156289	0.039534	0.0219514	0.024452	0.000772684	0.00673519
18	0.3082	0.0393911	0.00974885	0.00625012	0.00286731	0.0428049	0.00095768	0.00957768	0.00975791	0.00508415	0.00657743	0.012225	0.00369404	0.00313075	0.00438642	0.398707	0.100259	0.0353447	0.000197391	0.000838597
19	0.0488842	0.00575225	0.0108927	0.0406637	0.004161	0.00575552	0.0137343	0.0148264	0.393166	0.0245741	0.0156726	0.0445574	0.00424714	0.0640816	0.206191	0.0526236	0.0317089	0.0140941	0.00140275	0.00301086
20	0.0076968	0.00143687	0.662619	0.14486	0.00105293	0.00608604	0.0126283	0.00412672	0.00448856	0.00273575	0.000843441	0.0810279	0.00665295	0.00639061	0.00368849	0.0344417	0.0127071	0.00525167	0.000177414	0.0010884
21	0.0660803	0.0164727	0.028889	0.0290533	0.0120565	0.0247101	0.0211103	0.047363	0.0627486	0.0303209	0.0239018	0.172716	0.0116908	0.0439935	0.0354539	0.150869	0.148869	0.0597617	0.00221716	0.0117225
22	0.0844014	0.0206102	0.019582	0.0199779	0.00967258	0.0194607	0.0175599	0.1448	0.00857518	0.0761284	0.0257817	0.0385412	0.00365573	0.00454172	0.00686807	0.0772516	0.0587376	0.353482	0.000722206	0.00964972
23	0.02462	0.00508104	0.00894139	0.026307	0.00403039	0.00418708	0.0199969	0.0130602	0.394752	0.0271846	0.0132815	0.0284063	0.00283945	0.0537282	0.291658	0.0341672	0.0279139	0.0142234	0.00116537	0.00445576
24	0.00772379	0.00627347	0.00239723	0.00105511	0.510557	0.000697717	0.0318605	0.00738964	0.00248982	0.0391516	0.00295393	0.00374845	0.00224542	0.00562464	0.00752795	0.0126112	0.00202102	0.00414974	0.0206029	0.328919
25	0.00791399	0.00560309	0.000757819	0.00166936	0.0452274	0.00190434	0.00196014	0.156597	0.00342575	0.567819	0.0717093	0.00181965	0.000559559	0.00859664	0.00213046	0.00478773	0.0156338	0.093322	0.000302891	0.00826074
26	0.0854997	0.0300348	0.00460138	0.0515095	0.0134096	0.0174923	0.0137629	0.0208729	0.0880911	0.0280513	0.0248133	0.0662247	0.00185784	0.0768906	0.0552404	0.208776	0.161143	0.0252268	0.00260183	0.0238998
27	0.184365	0.0282383	0.0109179	0.0030369	0.00669598	0.0284436	0.0114601	0.052606	0.0260844	0.05371	0.0234533	0.0163667	0.0233922	0.0178193	0.00809154	0.212379	0.23433	0.0537378	0.00153177	0.00334054
28	0.00709336	0.0120747	0.000223894	0.000913522	0.0145186	0.00161388	0.000487745	0.079354	0.00345886	0.736697	0.0612086	0.00131637	0.000181202	0.00319533	0.000606561	0.00383415	0.0179929	0.0493615	6.37252e-05	0.00580382
29	0.0720276	0.00815443	0.0868675	0.276404	0.00377594	0.0148791	0.0177312	0.0265243	0.0976974	0.0598361	0.0234042	0.0197422	0.0013193	0.14141	0.0307513	0.0568705	0.0266692	0.0317783	0.000404208	0.00375306
30	0.174382	0.0214984	0.00569436	0.00494977	0.0149204	0.0996081	0.0250036	0.0432379	0.0264593	0.0467315	0.0274232	0.0510562	0.0143993	0.018295	0.0293907	0.23012	0.0962351	0.0603879	0.00095494	0.0092527
31	0.0213154	0.00794535	0.00101387	0.00193575	0.0118776	0.00149431	0.00161295	0.430981	0.00185905	0.145561	0.0403251	0.00326976	0.00257237	0.00525534	0.00298102	0.00838056	0.0264596	0.283875	0.000746821	0.000538045
32	0.0146523	0.0254275	0.00564652	0.0269975	0.0288288	0.0510315	0.0811568	0.0180174	0.24584	0.0190723	0.00777255	0.00871225	0.0131821	0.14964	0.227376	0.0283542	0.0211082	0.00668314	0.000654004	0.0198475
33	0.0234256	0.00546956	0.013945	0.0151368	0.0347774	0.0096655	0.0376918	0.0888383	0.00670303	0.291685	0.228042	0.0325052	0.00782204	0.0774277	0.00255008	0.0355463	0.0310224	0.0393583	0.00099148	0.0173966
34	0.0177663	0.00620216	0.00118954	0.00188856	0.0112192	0.00133332	0.00153024	0.468517	0.00187837	0.11336	0.0327721	0.00351794	0.00273523	0.00475689	0.0023723	0.00661622	0.0253562	0.296381	0.000237593	0.000368784
35	0.0258138	0.0099619	0.00760176	0.0182451	0.0289312	0.00558743	0.0201559	0.197424	0.0340531	0.125439	0.0393035	0.0192979	0.00312474	0.0322857	0.0439823	0.0500855	0.0551768	0.245425	0.000598503	0.0375057
36	0.259068	0.240886	0.00329921	0.00293439	0.00594609	0.0274278	0.00256801	0.00799362	0.00351117	0.0151406	0.00367038	0.00647834	0.00980719	0.00452808	0.00217842	0.338947	0.0394222	0.0203897	0.00162684	0.00417711
37	0.00845383	0.0288098	0.00589628	0.00615563	0.00226047	0.0207732	0.0307813	0.0129118	0.127955	0.0320433	0.0136069	0.014243	0.0616174	0.0494851	0.480573	0.064686	0.0234899	0.0106522	0.00126444	0.00434127
38	0.0251533	0.0137551	0.0178444	0.00493243	0.194538	0.00169901	0.122265	0.012269	0.00377624	0.00621167	0.00258532	0.0171462	0.00102762	0.00284937	0.0064893	0.0378978	0.00905518	0.0150864	0.0216371	0.483781
39	0.0100157	0.0132641	0.00146771	0.00161565	0.435022	0.0035355	0.00932978	0.0390792	0.00296433	0.107439	0.0295783	0.00793256	0.00265406	0.00397239	0.00241801	0.00750526	0.00651031	0.0366641	0.0115412	0.267491
40	0.044281	0.0908879	0.0253416	0.0223194	0.0162774	0.0770046	0.0659585	0.0130779	0.0398737	0.0149181	0.0112312	0.187741	0.0199783	0.100179	0.0429703	0.192725	0.0197486	0.00972918	0.00138135	0.00437518
41	0.0148822	0.00189003	0.033756	0.00792675	0.0060407	0.0044587	0.0118934	0.00759394	0.0339522	0.012144	0.00232764	0.136543	0.00263011	0.00907361	0.0750706	0.149241	0.453688	0.019935	0.00464232	0.0123105
42	0.178631	0.0178682	0.00601978	0.0053001	0.0137938	0.0980092	0.0241453	0.0400724	0.0262693	0.0490586	0.0280484	0.0530532	0.0161758	0.0212244	0.0308096	0.234706	0.0925039	0.0535555	0.00079808	0.00995788
43	0.00713289	0.00194805	0.00109739	0.00157546	0.0705904	0.00115569	0.00221319	0.170909	0.00227839	0.534233	0.0711584	0.00164146	0.000368041	0.00703107	0.00144232	0.0032328	0.0107707	0.099339	0.000388912	0.0114944
44	0.00864621	0.0302793	0.000864884	0.00183996	0.176825	0.00251946	0.000939875	0.0664023	0.0079902	0.51391	0.0965432	0.00385323	0.0050406	0.0022837	0.0032271	0.00452092	0.00852419	0.0309359	0.00655501	0.0282996
45	0.0773901	0.0153325	0.0301381	0.0721792	0.0211981	0.0234573	0.0206916	0.0868433	0.0810772	0.0757863	0.0376785	0.0422821	0.00340231	0.0750682	0.062307	0.103985	0.0796607	0.0795121	0.000496662	0.0115139
46	0.0444631	0.00697638	0.010475	0.0374114	0.00503303	0.00541957	0.0167351	0.014148	0.374605	0.0304971	0.0180721	0.0403134	0.00376448	0.0627257	0.22684	0.0500052	0.0311826	0.0159429	0.00142162	0.00396826
47	0.0169331	0.00557495	0.00109725	0.00178703	0.0115674	0.00120162	0.00135116	0.482948	0.00167919	0.109095	0.0314294	0.00337028	0.00298708	0.00409203	0.00207259	0.00605619	0.0241478	0.292168	0.000150843	0.00029118
48	0.281286	0.0453195	0.0100319	0.00650934	0.00346457	0.0482027	0.0012044	0.0107434	0.0105381	0.00638965	0.00741456	0.0130765	0.00367022	0.00387778	0.00479792	0.393669	0.110964	0.0378304	0.000195712	0.000813449
49	0.0376793	0.006349	0.0919501	0.0520317	0.0373341	0.0143795	0.0837709	0.0233015	0.077001	0.0153077	0.0123113	0.230468	0.000579322	0.0371417	0.0415767	0.0971838	0.0690906	0.0267852	0.00637988	0.0393786
50	0.0298934	0.0147113	0.0150053	0.0975054	0.014323	0.0107589	0.0456673	0.00271607	0.0382545	0.0253152	0.0345038	0.0343926	0.00279337	0.556236	0.0106907	0.0139964	0.0187394	0.0180966	0.0029704	0.0134307
51	0.00452907	0.00471301	0.000348203	0.000641007	0.0429597	0.00109008	0.00200398	0.320117	0.00272353	0.337152	0.122963	0.00196462	0.000401196	0.00256455	0.00078065	0.00316701	0.00932131	0.140096	0.000167398	0.00229732
52	0.0818817	0.0378669	0.00543224	0.00918221	0.0108482	0.00995119	0.00363681	0.240779	0.00401606	0.0788627	0.039169	0.0122831	0.00348425	0.00565877	0.00849762	0.0648903	0.115155	0.261964	0.00151109	0.00493004
53	0.0203816	0.0106059	0.000991523	0.00157949	0.0184143	0.00258426	0.00126482	0.457938	0.00153644	0.0963111	0.0308046	0.00304743	0.00391352	0.00396225	0.00180409	0.00636507	0.0244747	0.309047	0.000200656	0.00477249
54	0.02929	0.0103453	0.0106937	0.0127598	0.160731	0.00746889	0.0295238	0.0660113	0.00874758	0.271676	0.165667	0.0288294	0.00677389	0.0609432	0.00366144	0.0327322	0.0237071	0.0345916	0.00313748	0.0327093
55	0.12064	0.0140646	0.0474761	0.0633314	0.0139025	0.0569843	0.0212612	0.0144193	0.0866264	0.0282834	0.0177633	0.087653	0.00146537	0.0765377	0.100876	0.14956	0.0580925	0.0301616	0.00559467	0.00530593
56	0.03801	0.0156317	0.0201315	0.0541468	0.0124594	0.0398954	0.0482624	0.0112565	0.253284	0.0224913	0.0151734	0.0427987	0.00644584	0.104833	0.214188	0.0481043	0.0261599	0.0131209	0.00195008	0.0116569
57	0.0298844	0.0257562	0.00349813	0.00216452	0.126226	0.00260463	0.00676874	0.198252	0.00299881	0.262027	0.0957438	0.00591817	0.00112844	0.00309847	0.00409917	0.0190265	0.040466	0.119358	0.00790956	0.0430723
58	0.00780877	0.00162668	0.63787	0.144986	0.00123532	0.00701025	0.014555	0.00536847	0.00426163	0.00307341	0.000943288	0.0943907	0.00714666	0.00780281	0.00332825	0.0371972	0.014164	0.00571475	0.000206797	0.00131053
59	0.176942	0.0171756	0.00714191	0.005974	0.0163349	0.094151	0.026597	0.0381703	0.0277596	0.0489224	0.0275523	0.049422	0.0159331	0.0240342	0.0321383	0.236715	0.0900137	0.0507875	0.000953387	0.013282
60	0.366525	0.030603	0.00268747	0.00361432	0.00809532	0.0985477	0.0114955	0.0301619	0.0206294	0.0302323	0.025144	0.0213356	0.00650224	0.0127198	0.0175286	0.20783	0.048117	0.0523787	0.000461829	0.00539045
61	0.0147087	0.00930744	0.000439475	0.000950775	0.0482183	0.000833683	0.00209325	0.248177	0.00130449	0.390173	0.0845171	0.00185157	0.000785797	0.00338547	0.00103971	0.00472431	0.016492	0.164486	0.00126977	0.00524216
62	0.0740828	0.00843572	0.114648	0.170571	0.011459	0.0200633	0.0226941	0.0293923	0.0672622	0.0567392	0.0351394	0.0679196	0.00224736	0.0867131	0.0346407	0.0834787	0.0604837	0.0350983	0.00209177	0.0168396
63	0.0145732	0.00937271	0.00221025	0.00231705	0.0657878	0.00287789	0.00418598	0.161639	0.00238755	0.482849	0.0875107	0.00257771	0.000400436	0.00606088	0.00152695	0.0104588	0.0205856	0.103331	0.00238146	0.0169661
64	0.00691443	0.00132123	0.0010866	0.0015792	0.0682498	0.00116733	0.00223208	0.177311	0.00213379	0.529769	0.0709297	0.00162828	0.000302843	0.00727676	0.00143921	0.00318797	0.010689	0.101809	0.000151061	0.0108218
65	0.0878866	0.0217574	0.0212534	0.0156967	0.00584327	0.0224346	0.00755635	0.0158572	0.0153347	0.0129733	0.00835933	0.0458102	0.354383	0.0185371	0.00989197	0.164249	0.139829	0.0241914	0.00112256	0.00703307
66	0.0702795	0.00451009	0.00796519	0.0240124	0.00307429	0.0091649	0.0106854	0.0144769	0.0138598	0.016392	0.00409481	0.0128755	0.651288	0.0236373	0.0141303	0.0548463	0.0374987	0.0145802	0.000323828	0.0123045
67	0.0430822	0.00885716	0.00971654	0.0263279	0.0161304	0.00391326	0.0114139	0.153155	0.0251306	0.105592	0.058352	0.0196834	0.0090671	0.00936702	0.0150598	0.0363833	0.0519908	0.377244	0.000260303	0.0192739
68	0.412526	0.0315268	0.00676953	0.00417171	0.00258672	0.0577361	0.00179932	0.0100807	0.00867603	0.00618436	0.00697862	0.00914061	0.00430823	0.00336837	0.00405047	0.32767	0.0697331	0.0318947	0.000172923	0.000625546
69	0.0910221	0.0132044	0.0046474	0.0082388	0.00226814	0.669799	0.00496978	0.00400806	0.0054471	0.00845682	0.006672	0.0202427	0.00502191	0.00750283	0.0088515	0.107133	0.0221959	0.00836513	0.000154889	0.00179857
70	0.120879	0.0176901	0.0239606	0.0350037	0.0132698	0.0566294	0.022032	0.0123143	0.107406	0.0285882	0.0191564	0.0719238	0.00153482	0.0781006	0.169155	0.141788	0.0438909	0.0262982	0.00655431	0.00382473
71	0.0691168	0.02623	0.0118751	0.0438215	0.0757372	0.0238254	0.0301878	0.0699393	0.0551397	0.0874798	0.0471284	0.050572	0.00083306	0.0292176	0.0482351	0.0993936	0.0985159	0.083924	0.000682337	0.0481455
72	0.0559942	0.0218778	0.00394595	0.00840844	0.0102962	0.00170697	0.00519712	0.168234	0.00608579	0.0798896	0.0319682	0.0078317	0.010514	0.00253712	0.0024453	0.0220944	0.0443815	0.512116	0.000227356	0.00424846
73	0.0612325	0.00762016	0.119915	0.0539218	0.0309474	0.02093	0.0403389	0.017782	0.0526928	0.0159902	0.0114082	0.339898	0.006307	0.0483484	0.0214635	0.0719781	0.0433618	0.0187853	0.0024021	0.0146764
74	0.0181283	0.00684454	0.000575254	0.00196257	0.637979	0.000537946	0.000877442	0.0507693	0.00162174	0.116228	0.0265532	0.00370354	0.000931304	0.00244233	0.000679657	0.00526368	0.00503389	0.0440216	0.00362152	0.0722252
75	0.0440965	0.00926553	0.530457	0.0739436	0.00824023	0.00413154	0.0718221	0.00795489	0.0159195	0.00437542	0.00236574	0.0433156	0.0214746	0.0253202	0.00899494	0.109703	0.00465537	0.00787326	0.000466991	0.00562379
76	0.0258556	0.0168599	0.000215517	0.00177122	0.0163199	0.00158883	0.00250887	0.259229	0.00195811	0.315719	0.0795225	0.00155965	0.00210053	0.00765663	0.0033425	0.0113292	0.0313615	0.216683	0.00259089	0.00182758
77	0.031287	0.0263273	0.00333885	0.00227457	0.104655	0.0028002	0.00741779	0.203905	0.00273574	0.276541	0.0964378	0.00605558	0.000558919	0.00264776	0.00362247	0.0176399	0.0392866	0.126643	0.00724244	0.0385823
78	0.047929	0.0154039	0.0127037	0.0269383	0.0143437	0.00587685	0.0330022	0.0134511	0.215474	0.0436397	0.0425689	0.0443079	0.000337305	0.065587	0.276154	0.0555407	0.0413203	0.0325052	0.00287796	0.0100384
79	0.0320979	0.00432841	0.171615	0.549039	0.00270133	0.0238737	0.00955783	0.00376875	0.0158636	0.0152606	0.00587137	0.0292708	0.00629001	0.0406927	0.0109257	0.0385551	0.0194651	0.0124068	0.00175452	0.00666159
80	0.334182	0.121595	0.000692137	0.00161679	0.00800924	0.0494458	0.000646069	0.0588964	0.00512415	0.0547523	0.0282461	0.00728852	0.000741569	0.00558509	0.00107361	0.115221	0.0954785	0.109588	0.000946182	0.000872081
81	0.0412328	0.0106033	0.0278643	0.0443356	0.018338	0.0104208	0.0320551	0.0604019	0.0782688	0.0661339	0.0424678	0.0360691	0.00999737	0.0696588	0.098612	0.124415	0.154878	0.058274	0.00052375	0.0154493
82	0.00788096	0.00212927	0.00119827	0.00167271	0.0716557	0.00121947	0.00277684	0.175126	0.00215251	0.522892	0.0716816	0.00178693	0.000222853	0.00710352	0.00162439	0.00394775	0.0111782	0.10089	0.000413861	0.0124468
83	0.0165468	0.00204181	0.0350918	0.00685561	0.00658159	0.00502799	0.011644	0.00669874	0.0307145	0.0135424	0.00217345	0.151046	0.00265624	0.00800593	0.0687044	0.146303	0.449522	0.0194799	0.0051366	0.0122273
84	0.00213007	0.00531047	0.000857642	0.00109538	0.041748	0.00642596	0.00837539	0.00443323	0.00137268	0.0195926	0.00421446	0.00450741	0.00056754	0.00143693	0.00390085	0.00551368	0.0032356	0.00593423	0.857882	0.0214663
85	0.0616142	0.0137492	0.0194379	0.0255174	0.009365	0.024266	0.0176583	0.0509248	0.0526749	0.0319804	0.0274511	0.189782	0.00165288	0.0523409	0.0330686	0.131721	0.183688	0.0629377	0.000240842	0.00992991
86	0.0263411	0.00818142	0.0221634	0.00328551	0.00567941	0.0159769	0.0204184	0.00363578	0.0292273	0.0144156	0.00301175	0.0889222	0.0202355	0.0150288	0.0102733	0.629281	0.0727	0.00994463	0.000297232	0.000980777
87	0.0260471	0.00573814	0.0237854	0.0301576	0.031717	0.00733865	0.0404288	0.0703761	0.0109738	0.255677	0.20806	0.0339912	0.0163407	0.0951288	0.00505708	0.0607109	0.0282259	0.02752	0.00160594	0.021119
88	0.0436103	0.0134715	0.0230743	0.0440415	0.0133137	0.0135005	0.0337275	0.0538686	0.0987723	0.050752	0.0432312	0.0625879	0.00261358	0.10029	0.0988406	0.112405	0.124512	0.0513599	0.000532338	0.0154954
89	0.0571554	0.00265177	0.00522472	0.0151056	0.00223484	0.0097976	0.00790456	0.0107479	0.00766488	0.0142391	0.00403798	0.00934271	0.726704	0.0173649	0.00755994	0.0552338	0.0268873	0.013668	0.000221222	0.00625408
90	0.0354849	0.00426183	0.0222622	0.00827396	0.00656729	0.0208444	0.0247415	0.00380514	0.0310499	0.0134802	0.00486066	0.0991825	0.0513681	0.0218672	0.0132437	0.492242	0.123294	0.0218358	0.000340717	0.000994391
91	0.108562	0.0333908	0.00200568	0.00159392	0.0373344	0.0222265	0.000987654	0.0946025	0.00799189	0.297557	0.0765534	0.0134439	0.0103364	0.0185429	0.00743659	0.0930772	0.0584388	0.104152	0.000263032	0.0115042
92	0.0554548	0.00323828	0.197098	0.314677	0.0013519	0.0255788	0.0135111	0.00499249	0.0420479	0.00737769	0.00481403	0.0589131	0.0219201	0.0575304	0.0335561	0.0870291	0.048307	0.0149273	0.000550672	0.00712442
93	0.0812413	0.00955429	0.012097	0.0553576	0.0303993	0.0286671	0.0283105	0.0498879	0.0582654	0.169158	0.0446624	0.0706533	0.00246071	0.0479452	0.0457632	0.0842722	0.0735204	0.0578559	0.00130677	0.048621
94	0.0112868	0.0081034	0.00246542	0.00551079	0.0642993	0.00239172	0.00541107	0.122277	0.00775616	0.552951	0.0908988	0.00419694	0.0014863	0.0161345	0.00355253	0.0099437	0.0138469	0.0618074	0.001207	0.0144735
95	0.0571947	0.00986221	0.0704673	0.098562	0.00371251	0.0684647	0.0186305	0.00951626	0.12113	0.0164243	0.0107963	0.121447	0.0128766	0.112591	0.0940932	0.107227	0.0428524	0.0167583	0.000483721	0.00691033
96	0.033541	0.00836813	0.0241499	0.0846118	0.00792323	0.0142292	0.0234892	0.0414747	0.17044	0.106069	0.0414737	0.025425	0.0113317	0.175179	0.0904656	0.0574734	0.0417975	0.0360614	0.00198656	0.00450938
97	0.0116996	0.00562148	0.000590864	0.00106147	0.0536065	0.000832463	0.00182919	0.225306	0.00142003	0.437015	0.0780506	0.00169841	0.00070505	0.0046902	0.00101432	0.00346712	0.013635	0.150923	0.000668751	0.00616482
98	0.00601994	0.00712366	0.0019186	0.000958821	0.481084	0.00103571	0.0210244	0.00996361	0.00230635	0.0414346	0.00436284	0.00393873	0.00225845	0.0051644	0.00571963	0.0097332	0.00294693	0.00681406	0.0219378	0.364255
99	0.0897494	0.00831258	0.12898	0.0865206	0.00598125	0.0800903	0.0189373	0.0029363	0.0620729	0.0150762	0.00829644	0.146653	0.00139737	0.0386613	0.0292996	0.184299	0.0792743	0.010185	0.000361154	0.00291577
100	0.00712012	0.0132214	0.000257306	0.00102454	0.0182349	0.00158182	0.000396146	0.0800285	0.00401	0.726065	0.0698715	0.00136905	0.00020022	0.00293373	0.000551719	0.00382184	0.0172295	0.0458968	5.69701e-05	0.0061286
101	0.0619225	0.0394882	0.0145363	0.0132212	0.178531	0.00593367	0.0404281	0.0396443	0.0528809	0.0347824	0.0204976	0.0656618	0.00418552	0.0316199	0.0269317	0.0591961	0.0523034	0.0673978	0.00666078	0.184177
102	0.0427053	0.00866712	0.0143941	0.0446975	0.00820484	0.00657225	0.0206758	0.0124856	0.295159	0.0291924	0.0315006	0.0520824	0.00194728	0.0735202	0.225617	0.0601975	0.0402473	0.020873	0.00316237	0.00809842
103	0.0086164	0.0186691	0.00036432	0.00230314	0.0441638	0.00176228	0.000542812	0.0751947	0.00420869	0.701595	0.0826295	0.00114919	0.000401026	0.00293548	0.000576442	0.00388865	0.0117871	0.0313755	8.13659e-05	0.00775543
104	0.0889304	0.00228201	0.042538	0.0618631	0.00815611	0.0675758	0.0251657	0.010311	0.113963	0.00790509	0.00665851	0.0562178	0.198059	0.0609101	0.0746334	0.119713	0.0383078	0.00713634	0.00265643	0.00701786
105	0.0529277	0.00667853	0.0148891	0.0457434	0.0034302	0.0138114	0.0154731	0.0120693	0.374784	0.0215742	0.0142102	0.0423683	0.00485294	0.0696715	0.213166	0.0511184	0.0263841	0.0127217	0.00132844	0.00279733
106	0.161185	0.00486639	0.0642709	0.174377	0.0096708	0.0529762	0.0236058	0.0267379	0.0892359	0.0333718	0.0125314	0.0412407	0.00664686	0.0864032	0.0368114	0.0710659	0.0545474	0.0421052	0.000759297	0.00759049
107	0.0341033	0.0284695	0.00273538	0.00312701	0.0771787	0.00340234	0.00803765	0.175359	0.00204952	0.32937	0.0996265	0.00494718	0.000364789	0.00221033	0.00248494	0.0203707	0.0386216	0.129532	0.00679298	0.0312165
108	0.0631269	0.0836798	0.0126957	0.006722	0.00802976	0.0086114	0.00396296	0.150331	0.0114156	0.130124	0.0639949	0.0270011	0.00342872	0.0364723	0.0194401	0.116631	0.119209	0.127303	0.00272065	0.0050989
109	0.0161202	0.0109569	0.000691817	0.00428851	0.0177266	0.00911341	0.003181	0.245872	0.0083339	0.297557	0.110841	0.00208665	0.00277462	0.0309352	0.011638	0.0200947	0.0391128	0.160568	0.00208867	0.00601861
110	0.0780094	0.00477629	0.029112	0.0506394	0.00554888	0.0592269	0.0235945	0.0130119	0.126373	0.0124873	0.00943017	0.0569023	0.195351	0.0784335	0.102387	0.102422	0.0343579	0.00779863	0.00312613	0.0070117
111	0.0360162	0.0144349	0.000712978	0.00143265	0.0191233	0.00166262	0.00205745	0.251944	0.00205473	0.323752	0.0701485	0.00185745	0.00413734	0.00490848	0.00233245	0.0100271	0.0286373	0.220645	0.00208254	0.00203357
112	0.0102385	0.00663904	0.000543987	0.000877172	0.0506654	0.000905986	0.00191662	0.259499	0.00157082	0.389014	0.0920545	0.00186897	0.000536374	0.00346135	0.000827217	0.00358143	0.0140412	0.155752	0.000689491	0.00531775
113	0.087734	0.0112075	0.0521793	0.104941	0.0132135	0.0257927	0.0201333	0.0674191	0.0848137	0.0648208	0.0213979	0.0467292	0.00432904	0.069941	0.0495882	0.106043	0.0805728	0.0791274	0.000430542	0.00958578
114	0.0601821	0.0149431	0.0916818	0.133279	0.0278156	0.0134083	0.026803	0.027536	0.0482825	0.0889267	0.0723405	0.0798669	0.00345029	0.0830115	0.0301902	0.0899879	0.0489821	0.0246939	0.0023196	0.0322992
115	0.017024	0.0231597	0.00115062	0.00212272	0.0648697	0.00279953	0.00288054	0.123058	0.004219	0.519623	0.100874	0.00349938	0.00113741	0.00433778	0.00222544	0.0105984	0.0224449	0.0730095	0.00280652	0.0181601
116	0.104405	0.0372223	0.00264092	0.044871	0.0115344	0.0129977	0.0153119	0.0144311	0.10222	0.0235902	0.0219912	0.0527757	0.00190772	0.0684569	0.0501088	0.222582	0.164369	0.0216531	0.00326954	0.0236615
117	0.0334981	0.00656251	0.0555043	0.00698323	0.00529519	0.0201552	0.100356	0.00721885	0.0254648	0.0137804	0.00713708	0.243694	0.00997483	0.0154179	0.022913	0.334183	0.0535257	0.0256245	0.00151691	0.0111952
118	0.0470294	0.00453404	0.104926	0.145908	0.00333467	0.0404223	0.00797787	0.0193619	0.197519	0.0232845	0.00507327	0.0457131	0.101414	0.0409202	0.11066	0.0602018	0.0164216	0.0217646	0.00076963	0.00276499
119	0.0812254	0.0415522	0.00570146	0.0394978	0.0143945	0.0106817	0.0144771	0.0235001	0.0998772	0.0344437	0.0323134	0.0518874	0.00135694	0.077722	0.0675935	0.160806	0.189093	0.0249381	0.00191155	0.0270264
120	0.0118706	0.0107251	0.00103602	0.00154574	0.050731	0.00171965	0.00209973	0.148051	0.00320683	0.550734	0.0774514	0.00317266	0.000518796	0.00483987	0.00145275	0.00647037	0.0202602	0.0907262	0.00117476	0.0122124
121	0.0885422	0.012327	0.0661539	0.127069	0.00278291	0.0596004	0.0172421	0.0127292	0.269037	0.0190201	0.00627183	0.0378112	0.00842836	0.0859738	0.0968019	0.0409253	0.0203271	0.0228097	0.000591814	0.00555542
122	0.0395517	0.0135817	0.191169	0.077062	0.0135438	0.0165135	0.0790859	0.0170506	0.0693255	0.0098027	0.006964	0.183944	0.00284674	0.0840841	0.0232327	0.0724959	0.0630896	0.0191619	0.0027504	0.0147442
123	0.0153391	0.0114742	0.000191567	0.000726886	0.033257	0.000695066	0.00164709	0.278534	0.00108011	0.338904	0.0882464	0.0017895	0.00109684	0.00245788	0.000813095	0.00458196	0.0183871	0.197755	0.00121313	0.00180985
124	0.0278346	0.0203939	0.00227624	0.00256979	0.0777636	0.00390419	0.00520904	0.21685	0.00590661	0.291661	0.106909	0.00517037	0.00126893	0.00867668	0.0044406	0.0170444	0.0410969	0.131206	0.00455845	0.0252584
125	0.081817	0.0035004	0.168239	0.201855	0.00233557	0.0328566	0.0181104	0.00846109	0.0640021	0.0128026	0.0070123	0.0761216	0.0153774	0.0685026	0.0379234	0.109921	0.0623297	0.0200066	0.000537058	0.00828829
126	0.0476398	0.0277633	0.0024598	0.00299488	0.0665974	0.0064775	0.00638773	0.161434	0.00390231	0.327168	0.100224	0.00649369	0.00168499	0.00566516	0.00346632	0.0317907	0.0411273	0.123816	0.00512933	0.0277777
127	0.0520929	0.00883304	0.0622815	0.10281	0.00324665	0.0666082	0.0215074	0.00986931	0.126219	0.0148948	0.0101361	0.124713	0.0156268	0.121383	0.0965175	0.0990838	0.041443	0.015968	0.000203879	0.00656165
128	0.0388901	0.00476961	0.12581	0.516166	0.00253642	0.0156969	0.0121802	0.00819927	0.0410033	0.02445	0.00994049	0.0233175	0.00414182	0.0733852	0.018033	0.0377581	0.0201423	0.0158924	0.00123783	0.00644968
129	0.0569477	0.0151675	0.0123801	0.0354917	0.0117212	0.00685146	0.0304692	0.0237037	0.204674	0.0783844	0.0477957	0.037402	0.00215039	0.0798506	0.216793	0.0604015	0.0386954	0.0312403	0.00194826	0.00793121
130	0.162528	0.00508328	0.0498494	0.0647911	0.0126184	0.0844791	0.0105322	0.00882033	0.0488901	0.018328	0.0114268	0.0882713	0.00365378	0.0704714	0.0303758	0.244424	0.0626148	0.0153627	0.00102983	0.00644968
131	0.0146884	0.00728844	0.000882295	0.00158854	0.0201752	0.00118996	0.00153134	0.415914	0.00208996	0.183447	0.0589817	0.00390837	0.00218155	0.00387965	0.00197295	0.00615102	0.0219556	0.250918	0.000411848	0.000843967
132	0.0463367	0.00321331	0.150423	0.452485	0.00205917	0.0210117	0.0116603	0.00608413	0.0361838	0.0123135	0.00557829	0.0417092	0.0129012	0.0515695	0.0249013	0.0631313	0.0357727	0.0149548	0.00101257	0.00669867
133	0.0519315	0.0229097	0.0162434	0.012018	0.128467	0.00274209	0.073725	0.0808057	0.0174933	0.129761	0.0532517	0.0292786	0.0118548	0.0486369	0.00583436	0.0471629	0.0434632	0.0685392	0.0319065	0.123976
134	0.0165591	0.0120672	0.000655067	0.0036896	0.0252503	0.00626449	0.00299606	0.264743	0.00803127	0.276075	0.113312	0.00252773	0.00210636	0.0234353	0.0105061	0.015946	0.0353639	0.171093	0.0017561	0.00762198
135	0.00575832	0.00318233	0.000440175	0.000901577	0.0511112	0.00096457	0.00189349	0.275449	0.00197856	0.410666	0.0941428	0.00188976	0.00036245	0.00378533	0.00102366	0.00258773	0.00904004	0.130087	0.000152347	0.00458371
136	0.053288	0.0231976	0.0499051	0.0524102	0.00528071	0.0561035	0.0166189	0.0150862	0.183133	0.0256732	0.0133905	0.0723188	0.0073096	0.0861912	0.200528	0.0789823	0.0240448	0.028954	0.00239086	0.00519335
137	0.289518	0.0124616	0.0258696	0.0165295	0.00768819	0.0858091	0.000933005	0.0148959	0.0154729	0.00688916	0.00793825	0.0278942	0.132395	0.0154819	0.00176141	0.22161	0.105501	0.00989328	0.000219337	0.00123793
138	0.0940358	0.0147767	0.0669796	0.0378507	0.00592144	0.0430844	0.0118518	0.0396706	0.029842	0.0321614	0.010678	0.0991994	0.0328785	0.028394	0.0151185	0.142124	0.168303	0.121631	0.000641989	0.00485705
139	0.107443	0.00703493	0.105752	0.0707699	0.00778346	0.0604602	0.0273926	0.00597137	0.0538337	0.0173384	0.0130288	0.140926	0.002466	0.051148	0.02737	0.20684	0.0735848	0.0161384	0.000562267	0.004156
140	0.0842894	0.0207013	0.008733	0.016626	0.00588316	0.0194915	0.00736274	0.145071	0.0305808	0.155609	0.0827638	0.035509	0.00251009	0.0887489	0.0373291	0.123066	0.0589221	0.0706576	0.00125978	0.00488559
141	0.0714425	0.0274778	0.00180484	0.00208053	0.0469325	0.0136826	0.00348125	0.137858	0.00504674	0.326021	0.0995183	0.00989459	0.0044778	0.0104695	0.00416082	0.0525107	0.0444869	0.121024	0.00241298	0.015217
142	0.0820791	0.0323701	0.0115451	0.0140389	0.00293305	0.0111124	0.00653621	0.184956	0.0228471	0.14464	0.0672669	0.0369412	0.00183167	0.0771283	0.028611	0.0937695	0.0800138	0.0960849	0.00226507	0.00302986
143	0.0116664	0.0109971	0.000364447	0.000999483	0.0221715	0.00141247	0.00127242	0.134414	0.00262091	0.614002	0.0663091	0.00120509	0.000657862	0.0041157	0.000969759	0.00494639	0.0190997	0.0967127	0.00067721	0.00538592
144	0.162869	0.00983824	0.0251479	0.027717	0.0112065	0.0824141	0.0184738	0.0124626	0.0213137	0.0331664	0.0179557	0.116237	0.00694131	0.0817538	0.023372	0.274424	0.0507715	0.0160477	0.00098558	0.00690146
145	0.150365	0.0124365	0.00722281	0.00736354	0.00268413	0.129813	0.00300663	0.0101451	0.0101569	0.0143059	0.0183659	0.0802604	0.00190744	0.0217916	0.00770251	0.400269	0.111162	0.00798223	0.000364727	0.00269483
146	0.014303	0.011774	0.000919285	0.00168885	0.04759	0.00230625	0.00324051	0.267589	0.00304174	0.313898	0.135083	0.00276149	0.000934265	0.00544981	0.00265906	0.0103221	0.0228575	0.142279	0.0018545	0.00944837
147	0.118577	0.0330795	0.00277355	0.00236125	0.038393	0.0245004	0.00137314	0.0764242	0.0112107	0.309873	0.0889752	0.0193344	0.00669303	0.0209422	0.00698262	0.0993373	0.0459245	0.0825765	0.000275346	0.0103936
148	0.14849	0.0102263	0.00805728	0.00778202	0.00323395	0.136872	0.00419086	0.0122529	0.0104856	0.0161715	0.0222698	0.0861018	0.00242845	0.0237866	0.00913381	0.378058	0.107553	0.00943835	0.000363019	0.00310491
149	0.0368465	0.00779192	0.0304274	0.0114286	0.00771172	0.0171022	0.0424004	0.0130589	0.0379253	0.0232541	0.0145683	0.146422	0.0203281	0.0294837	0.0175255	0.403472	0.106581	0.0280516	0.000789118	0.00483085
150	0.00934319	0.0233716	0.00621134	0.00781621	0.00224713	0.0181891	0.030273	0.0120549	0.168997	0.0309719	0.0124516	0.0143904	0.0609828	0.0483796	0.452119	0.0629001	0.0236264	0.0101791	0.0010387	0.00445786
151	0.0246439	0.0135153	0.0176409	0.00488891	0.193642	0.00172527	0.119763	0.0126411	0.00360537	0.00657063	0.00272519	0.0170884	0.00102921	0.00283481	0.00629331	0.0369879	0.00920457	0.0151443	0.02098	0.489076
152	0.10672	0.0340709	0.0141664	0.0130476	0.0291794	0.0162368	0.0173236	0.164909	0.00771945	0.0498357	0.0123241	0.0432483	0.00460041	0.00507638	0.00865446	0.10627	0.0600485	0.281954	0.00131991	0.0232952
153	0.144973	0.00972404	0.0089603	0.00843861	0.00332254	0.135137	0.00363986	0.0117567	0.0104012	0.0167044	0.022706	0.0877146	0.00229187	0.0245893	0.0082717	0.380443	0.108434	0.00921683	0.000362406	0.00291194
154	0.0313113	0.00347941	0.192814	0.513444	0.00280504	0.0168202	0.0109438	0.00333774	0.0185533	0.0156677	0.00740554	0.0328868	0.00572454	0.0504468	0.0112659	0.0401658	0.0208003	0.012643	0.00051902	0.00896616
155	0.0321801	0.0308314	0.00127141	0.00525809	0.0135096	0.00166225	0.00139144	0.253432	0.00336637	0.067276	0.0235325	0.00987207	0.00355286	0.00584453	0.00431194	0.0404523	0.153599	0.342818	0.00187404	0.00396414
156	0.0170674	0.0134948	0.000190057	0.000939347	0.0271221	0.00089759	0.00173126	0.273606	0.00149627	0.338882	0.0899605	0.00187916	0.00142115	0.00353862	0.00130846	0.00654794	0.0220907	0.194824	0.00145922	0.00154353
157	0.0322244	0.0035984	0.18664	0.52054	0.00256333	0.0165485	0.0106561	0.00322524	0.0186383	0.0165612	0.00793013	0.0320414	0.00539214	0.0487523	0.0112079	0.0398694	0.0208751	0.0131394	0.000499822	0.00909671
158	0.0802405	0.00986274	0.0169074	0.059403	0.00893034	0.0163498	0.0178223	0.132149	0.0770006	0.0961278	0.0532796	0.0294231	0.00544024	0.0906489	0.0555598	0.0842497	0.0610665	0.100607	0.000608923	0.004322
159	0.049004	0.0321949	0.00334817	0.00417444	0.0388259	0.00592449	0.00668527	0.203636	0.00512735	0.234394	0.0650436	0.00833654	0.00329447	0.007963	0.00558347	0.0309454	0.0681372	0.194005	0.0181281	0.0152484
160	0.0120266	0.00356007	0.00126239	0.00248052	0.0474519	0.00367138	0.00233997	0.163628	0.00755467	0.491053	0.11075	0.00410342	0.001614	0.0124749	0.00233214	0.00714922	0.0208384	0.0940782	0.000254171	0.0113769
161	0.0797255	0.011436	0.0227308	0.0616993	0.00927407	0.0190351	0.0157584	0.154467	0.0621225	0.0971389	0.047748	0.027568	0.00635299	0.0819382	0.0348506	0.0794593	0.0601133	0.123281	0.000693561	0.00460771
162	0.0552335	0.030623	0.00101425	0.0014461	0.0137994	0.00193886	0.00184931	0.183671	0.00118581	0.0513987	0.015436	0.00261581	0.00571447	0.00298212	0.00102608	0.0217782	0.0531258	0.552867	0.00026362	0.00203061
163	0.0577906	0.0204134	0.0224654	0.0668585	0.0156509	0.0520498	0.0274848	0.0206882	0.0419707	0.0668205	0.0321701	0.0422332	0.0079018	0.315025	0.0289211	0.0883812	0.044009	0.0267641	0.00215483	0.0202465
164	0.0418843	0.0106782	0.0180425	0.0445724	0.0127153	0.0118557	0.0275827	0.0225815	0.206325	0.0371806	0.044928	0.058205	0.00147815	0.0871991	0.189256	0.073733	0.065276	0.030597	0.00364334	0.0122656
165	0.019446	0.0184048	0.00659242	0.0155053	0.0330292	0.0191668	0.0120887	0.0377842	0.113552	0.211029	0.131003	0.013738	0.0027257	0.0635807	0.105077	0.0600514	0.0512942	0.0656714	0.00140128	0.0188583
166	0.00215941	0.00537943	0.00086059	0.00110452	0.0432569	0.00641932	0.00855036	0.00444982	0.0014371	0.0195778	0.00422458	0.00452411	0.00063565	0.00144915	0.00391379	0.00556974	0.00322337	0.00599585	0.854563	0.0227051
167	0.056687	0.0306947	0.00662948	0.0133203	0.00528379	0.00751385	0.00478196	0.21729	0.0132195	0.16879	0.0834069	0.0188067	0.00255876	0.064151	0.0255541	0.0602901	0.0899797	0.122397	0.00550454	0.00314012
168	0.0278502	0.0137146	0.0622236	0.0358637	0.0416593	0.0115216	0.15015	0.016526	0.0598342	0.0149673	0.00962983	0.18234	0.00219257	0.02989	0.0345141	0.0991981	0.0588667	0.0193015	0.005464	0.124292
169	0.00941851	0.0106323	0.00316245	0.00381752	0.0333656	0.00350358	0.00575361	0.0990753	0.00465314	0.405846	0.292587	0.0090911	0.00189914	0.0124841	0.00550358	0.0105864	0.0194324	0.0645983	0.000271171	0.00431875
170	0.0524049	0.00512252	0.129668	0.427784	0.00375475	0.0163998	0.013264	0.0152497	0.0486852	0.0347813	0.0150926	0.0289231	0.00758778	0.0772006	0.0200059	0.0474867	0.0264317	0.0216641	0.000947654	0.00754484
171	0.197	0.0248086	0.0155593	0.0135295	0.0107892	0.145775	0.00791872	0.0352296	0.0161856	0.0144451	0.0106055	0.0381994	0.0999872	0.0156898	0.00972986	0.239423	0.0689237	0.0274825	0.00112893	0.00759037
172	0.040388	0.0204224	0.00213384	0.00298225	0.0147187	0.00331038	0.00233564	0.31162	0.00310578	0.0908185	0.0288484	0.00479613	0.00405043	0.0044221	0.00245642	0.0176712	0.0395319	0.402211	0.000525111	0.00365178
173	0.0138356	0.00655326	0.000807524	0.00144052	0.623023	0.000751813	0.00675974	0.0345773	0.00204869	0.0914601	0.0179108	0.00361456	0.00129099	0.00345986	0.00220501	0.00595512	0.00349438	0.0302358	0.00902677	0.141549
174	0.0409174	0.00909873	0.00816327	0.024169	0.0235987	0.0117818	0.0174391	0.181883	0.0412836	0.117381	0.0432534	0.0186604	0.00588537	0.031359	0.0368948	0.0620913	0.0601336	0.236357	0.000389709	0.0292591
175	0.151267	0.00526874	0.0631091	0.0421792	0.00964019	0.260556	0.00890556	0.0116043	0.0215818	0.0204553	0.0106235	0.0538425	0.00623335	0.0352497	0.0153888	0.175833	0.0669659	0.0366521	0.000433912	0.00421076
176	0.0545884	0.00253568	0.299646	0.209981	0.00881842	0.108152	0.00806979	0.00991782	0.00634167	0.0204913	0.00625886	0.0562425	0.0296466	0.0187315	0.0162668	0.0813091	0.0356763	0.018195	0.00779358	0.00133801
177	0.0332334	0.00983512	0.238477	0.13527	0.0101724	0.0358049	0.0447711	0.0140304	0.0270631	0.0269576	0.0105567	0.165638	0.00931251	0.0396056	0.0169249	0.115823	0.0353391	0.0226838	0.00139754	0.00710309
178	0.0417802	0.0159713	0.00122623	0.00246346	0.0215816	0.00284553	0.00241318	0.288411	0.00293397	0.231449	0.0599025	0.00381617	0.00339824	0.00672919	0.00420001	0.0167547	0.0447162	0.243198	0.00193823	0.00427155
179	0.159786	0.0360384	0.00975851	0.0178424	0.0111445	0.0628504	0.0156229	0.0401097	0.0872474	0.0323598	0.044846	0.0349421	0.00588136	0.0273684	0.0759895	0.209302	0.0503588	0.0660419	0.00213507	0.0103738
180	0.0551484	0.0157325	0.0123767	0.0263045	0.0149854	0.00864958	0.0303304	0.019233	0.223386	0.0508192	0.0429221	0.0448753	0.000562548	0.0639391	0.232832	0.065019	0.0462133	0.0341517	0.00219308	0.0103254
181	0.06802	0.00709086	0.0657033	0.170943	0.00551953	0.0226731	0.0301184	0.0181899	0.128649	0.0387393	0.0206943	0.0450032	0.0134236	0.158269	0.0714983	0.0622399	0.0402299	0.0261402	0.00120899	0.00564562
182	0.0131351	0.0117878	0.00264015	0.012032	0.039165	0.00293294	0.00384378	0.119498	0.00814504	0.56559	0.0965499	0.00491602	0.0021531	0.0131998	0.006587	0.0095559	0.016916	0.0614128	0.000792336	0.00914735
183	0.0557532	0.00257183	0.00517498	0.014425	0.00197073	0.00904719	0.00797969	0.0104743	0.00755319	0.0147129	0.00388254	0.00885501	0.736734	0.0170822	0.00780829	0.051132	0.025398	0.0131469	0.000170143	0.00612814
184	0.0131495	0.00796842	0.00211597	0.00302721	0.590443	0.00158095	0.0102759	0.0298905	0.00314153	0.0785751	0.0161196	0.0081581	0.00169836	0.00588455	0.00376143	0.00877139	0.00603177	0.0264664	0.0108986	0.172042
185	0.138501	0.00541464	0.0807286	0.0711521	0.0129983	0.0669118	0.0162844	0.00705927	0.0527125	0.0220396	0.0119387	0.122682	0.00291013	0.0644949	0.0250961	0.210546	0.0635767	0.0160421	0.000819393	0.00809163
186	0.0552004	0.00920229	0.0627117	0.0975502	0.00348795	0.0667788	0.0195156	0.00988709	0.128202	0.0151301	0.0109368	0.124185	0.0149991	0.117947	0.0988322	0.100853	0.0415577	0.016388	0.000249589	0.00638617
187	0.0187915	0.00604548	0.00130199	0.00183161	0.0112552	0.00136423	0.00153348	0.462052	0.00196111	0.113734	0.03043	0.00400271	0.00261573	0.00442004	0.00261236	0.00665217	0.0263851	0.302249	0.000387678	0.000373655
188	0.0159639	0.00367617	0.518504	0.127384	0.00549161	0.00975117	0.0338782	0.0115432	0.0155196	0.00689804	0.00371395	0.118216	0.00659611	0.0205907	0.00870656	0.0475807	0.0288926	0.0103284	0.001078	0.00568641
189	0.0497044	0.00643844	0.0106269	0.0390749	0.00456991	0.00573209	0.0144969	0.0150098	0.385442	0.0267447	0.0167348	0.0443805	0.00397259	0.0632654	0.207927	0.0541618	0.0324217	0.0146064	0.00139748	0.00329241
190	0.153904	0.00505493	0.0560308	0.0670444	0.0104791	0.0380215	0.00866457	0.0299678	0.0152482	0.0456528	0.0464382	0.0734994	0.00168255	0.0809932	0.0172022	0.215611	0.0823016	0.0468224	0.000514088	0.00486786
191	0.0474134	0.0137349	0.0639087	0.0989288	0.0250079	0.022774	0.0225722	0.0586162	0.0632987	0.0991033	0.0429826	0.0629335	0.00480934	0.0718472	0.0458961	0.0959898	0.0849695	0.0530862	0.00154839	0.0205792
192	0.0105115	0.0203819	0.000993477	0.00173623	0.336731	0.00193073	0.00141766	0.0768993	0.00590366	0.339832	0.0683368	0.00490474	0.00431817	0.00342663	0.00282786	0.00509533	0.00842609	0.0482578	0.00813097	0.0499384
