243	20
1	0.465395	0.0177224	0.0047963	0.0128437	0.00503873	0.0350372	0.00858756	0.048348	0.00802262	0.0283053	0.0122072	0.0124106	0.0177912	0.0140258	0.0129617	0.128792	0.0610496	0.103053	0.00112209	0.00249042
2	0.706784	0.00700091	0.000524346	0.00173743	0.000367804	0.0463929	0.00122128	0.00433839	0.00291902	0.00233909	0.000948321	0.00630768	0.00148811	0.00121867	0.00342586	0.154364	0.0337672	0.0240443	0.000224257	0.000586894
3	0.00993091	0.00264577	0.000536588	0.00308778	0.00151873	0.000989897	0.000865401	0.659669	0.000914743	0.0575521	0.00173405	0.000882869	0.000324633	0.00123047	0.00128032	0.00169312	0.0108834	0.243581	0.000234043	0.0004445
4	0.0523069	0.00458107	0.24902	0.137649	0.0032123	0.0750221	0.0272425	0.00799244	0.0408787	0.0165872	0.00673649	0.126585	0.0130869	0.068038	0.0448012	0.0737293	0.0346752	0.0110956	0.00151742	0.00524241
5	0.00493749	0.000464139	0.000357408	0.00059573	0.0123035	0.000579117	0.00059914	0.0952465	0.000564992	0.756609	0.0748331	0.000570407	0.000211904	0.00756248	0.00424906	0.00279049	0.00790801	0.0291821	0.000120874	0.000314534
6	0.0679182	0.00113757	0.00220854	0.00602122	0.000989041	0.845847	0.00237527	0.0023184	0.00306757	0.00315581	0.00152662	0.00341302	0.00114295	0.00368159	0.0174248	0.0225491	0.0105872	0.00273315	0.000592025	0.0013108
7	0.101634	0.0104513	0.00819496	0.0213616	0.00308425	0.0425981	0.00849275	0.00639408	0.00715179	0.0107865	0.00542848	0.0159989	0.0252857	0.0109016	0.011791	0.569679	0.128403	0.00861207	0.000910822	0.00284056
8	0.0721569	0.0150143	0.073847	0.0581612	0.0149216	0.0531267	0.115727	0.011941	0.0393841	0.0230293	0.0172449	0.15823	0.0117002	0.0839717	0.0665712	0.0860961	0.0502879	0.0143068	0.00314608	0.0311368
9	0.127695	0.0125489	0.00892623	0.0262903	0.00329377	0.0449231	0.00914916	0.00762608	0.0097272	0.0083679	0.00467916	0.0143401	0.0268038	0.0117379	0.0154096	0.550281	0.100736	0.012472	0.00120217	0.00379079
10	0.0214272	0.00456977	0.00294272	0.00669319	0.442429	0.00466479	0.0322198	0.0437211	0.00558919	0.107656	0.0454286	0.00543816	0.00187442	0.0163775	0.00782601	0.0222713	0.00980991	0.0448962	0.0214271	0.152738
11	0.0387534	0.00739016	0.0196841	0.0459309	0.00448309	0.0237811	0.0826655	0.0112939	0.189896	0.0306368	0.0101765	0.037537	0.0153275	0.0989262	0.26847	0.0529969	0.0238341	0.0160283	0.00284606	0.0193424
12	0.00493749	0.000464139	0.000357408	0.00059573	0.0123035	0.000579117	0.00059914	0.0952465	0.000564992	0.756609	0.0748331	0.000570407	0.000211904	0.00756248	0.00424906	0.00279049	0.00790801	0.0291821	0.000120874	0.000314534
13	0.0578631	0.0110862	0.00130793	0.0145186	0.0144848	0.00163599	0.0126619	0.326233	0.00295868	0.222779	0.0291595	0.00260791	0.0024156	0.0103622	0.0118008	0.00978557	0.0282137	0.227425	0.00855146	0.00414929
14	0.00970646	0.00259815	0.000537153	0.00307063	0.00146109	0.00099629	0.00083719	0.661444	0.00091438	0.0565328	0.00162227	0.00089044	0.000313172	0.00122638	0.00124988	0.00167677	0.0107655	0.243515	0.000200521	0.000441961
15	0.26025	0.0404319	0.00116244	0.00535061	0.0067293	0.0238586	0.00448204	0.111462	0.00167967	0.0284167	0.0118858	0.00380181	0.00143643	0.00217685	0.00241004	0.1393	0.0418402	0.312161	0.000312725	0.000852216
16	0.0168135	0.0151278	0.00378172	0.0211586	0.000728513	0.00536453	0.0257588	0.00857681	0.0890543	0.0210255	0.00764294	0.0238908	0.00439103	0.103767	0.581331	0.0413116	0.0169668	0.00817561	0.00118837	0.00394455
17	0.073426	0.00747119	0.00757716	0.0986133	0.0079806	0.00709375	0.0523317	0.110958	0.0197451	0.192527	0.0168723	0.0220868	0.00188759	0.0568404	0.0384422	0.038352	0.0479933	0.131907	0.016812	0.0510835
18	0.0705838	0.00194928	0.00748555	0.0196847	0.0115315	0.00289528	0.00395391	0.255401	0.020301	0.0648974	0.046253	0.010917	0.0473335	0.0233574	0.0465729	0.0420953	0.0968439	0.225791	0.000600468	0.00155182
19	0.0574448	0.00949972	0.000556581	0.00664691	0.0109618	0.000815531	0.00868081	0.353488	0.000732604	0.230326	0.0240157	0.000685074	0.00179688	0.00507696	0.00959027	0.00351121	0.0276294	0.239704	0.00845258	0.000385327
20	0.146507	0.0046792	0.101421	0.15782	0.0239061	0.0837728	0.0318591	0.012865	0.0346845	0.0153034	0.00848281	0.0402714	0.00327315	0.0515184	0.0242485	0.159817	0.0574381	0.0289356	0.0011461	0.0120516
21	0.0224363	0.00157134	0.00324574	0.0281389	0.00147258	0.0492243	0.028007	0.00420444	0.416575	0.0240612	0.00936878	0.0149325	0.00247537	0.0442477	0.257157	0.0521579	0.0161824	0.00893253	0.000785928	0.0148229
22	0.0175728	0.0060138	0.00112834	0.0125731	0.142056	0.00179482	0.0362661	0.190485	0.00199719	0.227939	0.119637	0.0119017	0.000945898	0.0026266	0.00255912	0.00901972	0.00573061	0.166282	0.000413967	0.043057
23	0.017535	0.00160899	0.00295184	0.0274247	0.00135695	0.046558	0.0305324	0.00357792	0.437683	0.0256755	0.0100108	0.0148626	0.00230359	0.0436027	0.248538	0.048644	0.013732	0.00836655	0.000803084	0.0142325
24	0.0262606	0.00115389	0.199384	0.318138	0.00102564	0.0220675	0.0384928	0.00353558	0.0550326	0.0129654	0.00821755	0.0794755	0.00258609	0.0836887	0.072518	0.0467679	0.0192461	0.00330047	0.000915802	0.00522757
25	0.131724	0.00232416	0.0209123	0.0333447	0.00197135	0.0593228	0.0185673	0.00812653	0.0730788	0.010019	0.0457753	0.0204184	0.305097	0.0399477	0.0610138	0.0630409	0.0858682	0.0166755	0.00076388	0.00200842
26	0.0518827	0.0113538	0.000645407	0.00287665	0.0148453	0.00573962	0.00266904	0.287413	0.00130553	0.07873	0.0187165	0.00279282	0.00132243	0.00222711	0.00313802	0.0152085	0.0254216	0.471156	0.00113916	0.00141655
27	0.0195831	0.0210819	0.00250384	0.0144739	0.00122766	0.00549809	0.0282185	0.0111955	0.0572473	0.0250812	0.00964942	0.0179905	0.00194713	0.124311	0.580763	0.0389935	0.0175063	0.0130491	0.00136093	0.00831768
28	0.00493749	0.000464139	0.000357408	0.00059573	0.0123035	0.000579117	0.00059914	0.0952465	0.000564992	0.756609	0.0748331	0.000570407	0.000211904	0.00756248	0.00424906	0.00279049	0.00790801	0.0291821	0.000120874	0.000314534
29	0.186132	0.00145445	0.00175223	0.00804685	0.00118465	0.708203	0.0024791	0.00276852	0.00354367	0.00363402	0.00200096	0.00286169	0.00130415	0.00385886	0.025496	0.0276507	0.0118222	0.00341771	0.000706041	0.00168362
30	0.180623	0.00244532	0.0985598	0.180227	0.0221934	0.0840674	0.01634	0.0105401	0.0268256	0.0110379	0.0039406	0.0499712	0.0026236	0.0462437	0.0215346	0.164093	0.0466915	0.0187475	0.000848091	0.0124464
31	0.0731173	0.00193342	0.00539732	0.00909494	0.00121012	0.787845	0.00469341	0.00293995	0.00548565	0.00383301	0.0022014	0.0080533	0.0047398	0.00556344	0.0188252	0.0434678	0.0146332	0.00407044	0.00068653	0.00220915
32	0.00493749	0.000464139	0.000357408	0.00059573	0.0123035	0.000579117	0.00059914	0.0952465	0.000564992	0.756609	0.0748331	0.000570407	0.000211904	0.00756248	0.00424906	0.00279049	0.00790801	0.0291821	0.000120874	0.000314534
33	0.0288903	0.00240744	0.299225	0.107608	0.000668431	0.097329	0.0201523	0.0016591	0.0406978	0.00893397	0.000962696	0.181556	0.0134047	0.0652062	0.033258	0.071121	0.0241108	0.00141545	0.000344054	0.00104958
34	0.199441	0.00211416	0.198642	0.363408	0.00235793	0.00524829	0.0169409	0.00481118	0.0293132	0.0070978	0.00358439	0.00716126	0.0267189	0.0467592	0.00755889	0.024255	0.0334588	0.0177034	0.000921493	0.0025039
35	0.700644	0.00750829	0.000558764	0.00160896	0.000359062	0.0445246	0.00125961	0.00467851	0.0028786	0.00237827	0.000997215	0.00609626	0.00151662	0.0011207	0.0032672	0.161912	0.0332576	0.0247651	0.000208796	0.000460408
36	0.0330003	0.034468	0.003237	0.0363871	0.003028	0.00696924	0.00439156	0.172937	0.0239132	0.0817357	0.321073	0.00501278	0.00167791	0.132219	0.0757612	0.0108479	0.0234163	0.0259071	0.00106202	0.00295515
37	0.0698215	0.00196975	0.0336823	0.310115	0.0131175	0.00404956	0.00591717	0.00419063	0.0290564	0.0801653	0.0035291	0.0041814	0.00133314	0.273372	0.0304676	0.0315768	0.0592933	0.0165967	0.0131257	0.014439
38	0.0306582	0.018976	0.00593694	0.0191355	0.00432507	0.00624409	0.0210861	0.0276013	0.0595231	0.0471569	0.0176327	0.0271877	0.00226697	0.0997517	0.507553	0.0466218	0.0283099	0.0221109	0.00148471	0.00643727
39	0.184967	0.00153703	0.00164975	0.00786674	0.00118339	0.711793	0.00243532	0.00264137	0.00338297	0.00343867	0.00205316	0.00255775	0.00124142	0.00351008	0.023909	0.0278263	0.0121279	0.00332382	0.000715635	0.00184056
40	0.0573218	0.00948578	0.000616509	0.00847646	0.0105917	0.000872948	0.00914537	0.346051	0.000794294	0.232396	0.0240086	0.000992883	0.00179018	0.00567512	0.00956605	0.00405132	0.0278287	0.239482	0.0099936	0.000860285
41	0.170342	0.00175071	0.176044	0.200546	0.00561156	0.0337455	0.0135053	0.0156789	0.0142111	0.0159357	0.00541935	0.0836762	0.00274738	0.0645849	0.0222167	0.101116	0.0606805	0.00762844	0.00183055	0.00272959
42	0.388619	0.0794681	0.0033844	0.0111557	0.00252484	0.034087	0.0111056	0.0337217	0.00305152	0.0145059	0.0125005	0.00722154	0.00182991	0.00601326	0.00487904	0.252384	0.0665326	0.0638452	0.000751757	0.00241807
43	0.0110945	0.0015314	0.00202174	0.00646518	0.02593	0.00113087	0.00272863	0.101518	0.00282181	0.692598	0.0695845	0.00185794	0.000529813	0.0136183	0.00808467	0.00547995	0.0100937	0.0395201	0.000861508	0.00252937
44	0.139608	0.00062011	0.0355438	0.073221	0.000646852	0.0326136	0.0312509	0.0045204	0.104516	0.0112105	0.0120096	0.0597017	0.00128918	0.145394	0.175462	0.0866869	0.063904	0.0153142	0.000308961	0.00617781
45	0.0797474	0.0142884	0.0168908	0.0367143	0.023883	0.00718128	0.0222475	0.0711128	0.0620566	0.182751	0.05945	0.0237207	0.00286123	0.101173	0.073399	0.0617801	0.0627985	0.0830239	0.00282989	0.01209
46	0.0364035	0.0212082	0.00489839	0.0143613	0.158994	0.00628243	0.0323286	0.136569	0.0129423	0.163308	0.0920778	0.0135063	0.00177777	0.0216148	0.0154194	0.0231421	0.020607	0.177386	0.00329865	0.0438749
47	0.261644	0.00207886	0.00739811	0.00941683	0.00240914	0.156339	0.027755	0.0181164	0.0321497	0.00828236	0.0034243	0.0945599	0.0140598	0.0475002	0.0967396	0.13282	0.0461125	0.0353665	0.00076931	0.00305718
48	0.084505	0.00336746	0.0773156	0.222309	0.00337869	0.0332173	0.0290892	0.0163882	0.12869	0.0232122	0.00501679	0.0483305	0.00123368	0.118854	0.0642384	0.0542259	0.035581	0.0477564	0.000717646	0.00257308
49	0.0793143	0.0155979	0.0168235	0.0344238	0.0262556	0.00739365	0.0233415	0.0703822	0.0577174	0.190478	0.0599444	0.023398	0.00236598	0.100935	0.0710967	0.0605914	0.0615103	0.0827714	0.00293477	0.0127235
50	0.00493749	0.000464139	0.000357408	0.00059573	0.0123035	0.000579117	0.00059914	0.0952465	0.000564992	0.756609	0.0748331	0.000570407	0.000211904	0.00756248	0.00424906	0.00279049	0.00790801	0.0291821	0.000120874	0.000314534
51	0.116765	0.00139539	0.0461943	0.10532	0.000854489	0.0342546	0.0316985	0.00624936	0.113601	0.0149167	0.0104781	0.0604627	0.00124171	0.146789	0.146788	0.0797961	0.0549662	0.0227812	0.000290811	0.00515699
52	0.037491	0.0022304	0.284785	0.114793	0.0012655	0.0952748	0.024012	0.00283136	0.0386026	0.00942554	0.0016131	0.170666	0.0125092	0.0631052	0.0320219	0.0765776	0.0291031	0.00199173	0.000558072	0.00114302
53	0.0175174	0.00602977	0.00113051	0.0125459	0.141938	0.00179641	0.0362359	0.190539	0.00197614	0.227344	0.11992	0.011944	0.000946725	0.00262839	0.00254756	0.00900712	0.00569698	0.166584	0.000414657	0.043258
54	0.097739	0.00114632	0.034658	0.0486002	0.00112707	0.0451706	0.0424754	0.0043694	0.0623356	0.00626979	0.0121595	0.0233132	0.436849	0.0511772	0.033225	0.0550298	0.0309565	0.0114121	0.000640607	0.00134566
55	0.0934039	0.00115417	0.0303298	0.0407393	0.00101683	0.0336329	0.103028	0.00502693	0.0585988	0.0106904	0.0106778	0.113213	0.00829748	0.167747	0.140542	0.104385	0.0487419	0.0082528	0.00237603	0.0181462
56	0.0624221	0.0142006	0.000507337	0.00111519	0.0133616	0.00782339	0.000693452	0.196006	0.000751379	0.0467299	0.0175269	0.00293284	0.000313396	0.00100579	0.00118596	0.0201062	0.0282545	0.584548	0.000151462	0.000363947
57	0.022903	0.0222384	0.00349204	0.0163577	0.00127702	0.00461707	0.0165882	0.0199179	0.0834134	0.021992	0.0138515	0.0273578	0.00296669	0.088243	0.546858	0.0497252	0.0370638	0.0167137	0.000825217	0.00359812
58	0.0624438	0.0141976	0.000506878	0.00110463	0.0133681	0.00782832	0.000683047	0.195877	0.000751517	0.0465764	0.0175231	0.00294584	0.000308541	0.00100342	0.0011791	0.0201093	0.0282429	0.584841	0.000145111	0.000364011
59	0.0635229	0.0134982	0.000612114	0.00185513	0.0145444	0.00724986	0.00171201	0.209423	0.00113074	0.0639789	0.0186261	0.00288892	0.00106451	0.00178229	0.0024246	0.0189605	0.0282321	0.547142	0.000741767	0.000610144
60	0.660331	0.00302808	0.00105805	0.0042085	0.000975997	0.141327	0.00156091	0.00194996	0.0037058	0.00188612	0.00131985	0.00544178	0.00184246	0.00222051	0.0104899	0.115624	0.0262591	0.0152997	0.00048614	0.0009858
61	0.124626	0.0138675	0.0283696	0.0389786	0.0123733	0.0453091	0.0270628	0.0439345	0.0271185	0.0462817	0.0205784	0.0407773	0.017773	0.0434727	0.0379279	0.143019	0.209344	0.0648084	0.00350982	0.0108688
62	0.100943	0.00819467	0.0212348	0.0683755	0.00903562	0.0250336	0.119004	0.0131599	0.0698645	0.0155862	0.00760558	0.0851575	0.0257389	0.091268	0.0584801	0.10571	0.0206736	0.0121956	0.00765323	0.135084
63	0.621735	0.0105386	0.00165428	0.0037965	0.00132894	0.0427584	0.00334666	0.00637822	0.00356002	0.00463588	0.00203186	0.0106421	0.00292113	0.00322213	0.00509679	0.155291	0.0947892	0.0245566	0.000436939	0.00128044
64	0.0298834	0.00157148	0.00122051	0.00270297	0.200518	0.00195822	0.00659391	0.136129	0.00179296	0.461069	0.0249199	0.00264287	0.000726816	0.00312504	0.00292421	0.00933134	0.0109524	0.0973811	0.000438862	0.00411837
65	0.0339325	0.0155037	0.012275	0.0271519	0.00258262	0.0144331	0.0255807	0.0144088	0.0809424	0.0275921	0.0107913	0.026584	0.0051137	0.0922169	0.522714	0.0433177	0.0226573	0.0150767	0.00154216	0.00558353
66	0.0623316	0.00406278	0.00905675	0.155255	0.00229637	0.00720378	0.00461093	0.151569	0.0765696	0.0424906	0.0109736	0.02676	0.0051608	0.0623372	0.126724	0.0569256	0.069668	0.113324	0.00096074	0.0117195
67	0.0618684	0.00822319	0.00230687	0.00996486	0.0476134	0.00313803	0.0098191	0.242073	0.00649111	0.317883	0.0349196	0.00480853	0.00381084	0.0146022	0.0154839	0.0122791	0.0247544	0.17063	0.00536657	0.00396301
68	0.0647783	0.00350709	0.0162067	0.056667	0.00283114	0.00732684	0.0065818	0.0459244	0.184128	0.0213817	0.00535483	0.0456296	0.00355713	0.0544051	0.22083	0.106243	0.0796728	0.0708759	0.000903506	0.00319476
69	0.0484367	0.00287767	0.223388	0.102538	0.00109815	0.10403	0.0283376	0.00299667	0.0457649	0.0116724	0.00275158	0.170768	0.0382987	0.0640212	0.0408121	0.0777756	0.0254489	0.00388567	0.000682546	0.00441521
70	0.281862	0.00246441	0.00567014	0.00668877	0.00255207	0.113032	0.0145328	0.0300561	0.0315417	0.00752464	0.00325216	0.0733418	0.0201089	0.0359537	0.132316	0.129557	0.0639057	0.0424349	0.000866032	0.00233905
71	0.0701753	0.00320896	0.0127009	0.029545	0.00975769	0.00426626	0.00521968	0.2395	0.0187214	0.0778433	0.0342929	0.0100207	0.0328722	0.0226362	0.0441536	0.0459221	0.0836693	0.249763	0.0012913	0.0044406
72	0.00604822	0.00110939	0.00043044	0.00146	0.0267092	0.000664044	0.00345363	0.10591	0.00070356	0.705582	0.078577	0.00148473	0.000270754	0.00696963	0.00397874	0.00321985	0.00773618	0.0418914	0.000122289	0.00367883
73	0.0352443	0.00463281	0.203079	0.104117	0.00100637	0.167601	0.0212665	0.00180035	0.0540551	0.0127154	0.00162586	0.183079	0.0221396	0.05339	0.0439516	0.0702947	0.0156827	0.00217264	0.000452783	0.00169374
74	0.0208225	0.0283895	0.00459401	0.00839314	0.230581	0.00800989	0.181307	0.00957894	0.0327359	0.0647654	0.0102186	0.0295366	0.00274215	0.0598287	0.0347311	0.0175862	0.0343863	0.0564544	0.00442748	0.160912
75	0.0998634	0.00113793	0.0341556	0.0481272	0.00110005	0.0468312	0.0401833	0.00430435	0.0617682	0.00620602	0.0128256	0.0231618	0.434912	0.0506189	0.0320072	0.0562017	0.0328074	0.0120614	0.000618465	0.00110785
76	0.00974061	0.00260945	0.000538917	0.00307758	0.00147293	0.000990516	0.000840419	0.661242	0.000907614	0.0566621	0.00163127	0.000893033	0.000314449	0.00122802	0.00125318	0.00167574	0.0107934	0.243475	0.000211943	0.000441961
77	0.0244564	0.0016213	0.212206	0.277196	0.000708743	0.0427078	0.0310456	0.0019207	0.0505352	0.0106195	0.00509916	0.115459	0.00642875	0.0786885	0.0630842	0.0556979	0.0157946	0.00214761	0.000451902	0.00413097
78	0.00970646	0.00259815	0.000537153	0.00307063	0.00146109	0.00099629	0.00083719	0.661444	0.00091438	0.0565328	0.00162227	0.00089044	0.000313172	0.00122638	0.00124988	0.00167677	0.0107655	0.243515	0.000200521	0.000441961
79	0.0184316	0.00426154	0.000517259	0.00309165	0.00337402	0.00154811	0.00152715	0.592348	0.000892701	0.0759093	0.0051727	0.0010218	0.000457744	0.00146252	0.00202553	0.0031364	0.0140077	0.269371	0.000990919	0.000451849
80	0.0870754	0.00810166	0.00370505	0.0183001	0.00117096	0.0462993	0.00381844	0.00230031	0.00216355	0.00311323	0.00165008	0.00794987	0.032762	0.00303784	0.00310082	0.65434	0.116905	0.00266265	0.000432879	0.00111031
81	0.0678794	0.00128354	0.00458402	0.00755197	0.00115585	0.828686	0.00306542	0.00241827	0.00477463	0.0040107	0.00188973	0.0058781	0.00121249	0.00439817	0.0183584	0.0248777	0.0118427	0.00310158	0.000957183	0.0020745
82	0.0407952	0.00139815	0.0391549	0.0997267	0.00214411	0.0215563	0.151597	0.0208137	0.0539611	0.0149905	0.00307718	0.0794826	0.0514669	0.124539	0.102269	0.0846566	0.0182708	0.0142059	0.00718499	0.0687093
83	0.067751	0.0025735	0.0786495	0.26808	0.00932253	0.0123668	0.0213272	0.0121667	0.0401359	0.0690074	0.011723	0.0207903	0.00180234	0.19779	0.0403072	0.043376	0.0659071	0.0182525	0.00898496	0.00968643
84	0.081342	0.0044967	0.112427	0.252948	0.00747052	0.0311228	0.0313287	0.016412	0.058372	0.0318923	0.0118303	0.0534731	0.0106907	0.0930902	0.0594088	0.0646207	0.0424181	0.0232272	0.00350781	0.00992004
85	0.570315	0.00666385	0.00339858	0.00633631	0.00123279	0.172434	0.00396389	0.00552707	0.0067517	0.00465217	0.00251238	0.0120068	0.00597942	0.00656259	0.0171673	0.121449	0.0305827	0.0200496	0.00066146	0.00175312
86	0.0406333	0.0151409	0.00437284	0.0171911	0.00176133	0.00822659	0.0184389	0.017365	0.0881402	0.0318957	0.00969485	0.0178977	0.0021842	0.0963216	0.552073	0.0381013	0.0199879	0.0150726	0.00104594	0.00445471
87	0.0056366	0.00063233	0.000441975	0.000899244	0.012632	0.000695861	0.000765548	0.0941211	0.000956966	0.751434	0.0755527	0.000836578	0.000218439	0.00853095	0.0045622	0.00308602	0.00917612	0.0291278	0.000286938	0.000406817
88	0.0179399	0.00397516	0.000780427	0.00479544	0.00304418	0.00160165	0.00136049	0.598508	0.00173998	0.0647644	0.00511696	0.0014103	0.00142571	0.00269668	0.002918	0.00441782	0.0156265	0.266548	0.000658943	0.00067196
89	0.0100743	0.003265	0.0015604	0.00318216	0.51795	0.0026517	0.0351996	0.0110058	0.00356344	0.0554779	0.044892	0.00343396	0.00100247	0.014796	0.00489253	0.0207529	0.00499112	0.00797854	0.0307955	0.222534
90	0.0811286	0.0144457	0.0167555	0.0356408	0.0249238	0.00721774	0.0232449	0.0700326	0.0588334	0.18802	0.0598218	0.0239347	0.00262899	0.101459	0.0692474	0.0622011	0.0626101	0.0826463	0.00288666	0.0123199
91	0.0684979	0.00114299	0.00233403	0.00584021	0.000853664	0.845259	0.00229576	0.00230175	0.0028321	0.00319015	0.00143814	0.00351078	0.00131063	0.00343258	0.0171143	0.0221594	0.0114997	0.00289582	0.000578819	0.00151262
92	0.0623716	0.0141444	0.000509803	0.00113591	0.0133612	0.00780683	0.000759601	0.197022	0.000752392	0.0477823	0.0176336	0.00292426	0.000324645	0.0010213	0.00124302	0.0200052	0.0282122	0.582439	0.000186273	0.000364147
93	0.449562	0.0541714	0.001363	0.00894391	0.00101052	0.0299217	0.00791697	0.0398692	0.00229768	0.0148624	0.00618104	0.00431515	0.00139762	0.00268744	0.0029561	0.258332	0.0477497	0.0648639	0.000458501	0.00113936
94	0.0348991	0.00178746	0.0272263	0.060279	0.00162836	0.0279888	0.174074	0.01283	0.0454643	0.0115763	0.00331022	0.100634	0.040387	0.137329	0.128943	0.0885744	0.0145033	0.00823163	0.013381	0.0669526
95	0.142902	0.0318035	0.0391902	0.0492586	0.025297	0.0509963	0.0318109	0.0134282	0.00636421	0.0422815	0.0335641	0.036583	0.00334318	0.0370443	0.0239301	0.200279	0.178245	0.0457254	0.000799085	0.00715384
96	0.0842523	0.0146082	0.017366	0.036913	0.0261869	0.00841784	0.0256816	0.0664302	0.0542194	0.180998	0.06071	0.0261201	0.00239435	0.100324	0.0644901	0.0661668	0.068442	0.0818525	0.00274171	0.011685
97	0.0268778	0.00181777	0.197942	0.270786	0.000846621	0.0563776	0.0357558	0.00245307	0.056871	0.0117129	0.00621496	0.100497	0.00558521	0.0790262	0.0715081	0.0511304	0.0155578	0.0026177	0.00055633	0.00586629
98	0.0237561	0.00618169	0.0118726	0.0260889	0.00131286	0.00767612	0.0361195	0.00795734	0.181384	0.0223825	0.00495325	0.053783	0.0163167	0.104376	0.378846	0.0682848	0.0312786	0.0108829	0.00196971	0.00457652
99	0.0609055	0.0210903	0.00888459	0.0265547	0.010811	0.00607899	0.0186652	0.0406913	0.0641841	0.0815174	0.0434092	0.0296218	0.00353974	0.109474	0.301225	0.0562671	0.0529607	0.0564772	0.00139919	0.0062425
100	0.00498105	0.000475189	0.000364619	0.000637635	0.0130656	0.000588244	0.000770204	0.0957607	0.000560155	0.754245	0.0748199	0.000646821	0.000211377	0.00751461	0.0042532	0.0028183	0.00795578	0.0297322	0.000121387	0.00047758
101	0.068108	0.0187831	0.00424543	0.00667013	0.0148121	0.0136702	0.00494037	0.169039	0.00700083	0.0618654	0.0278066	0.00730076	0.00116838	0.0137533	0.00947247	0.0303155	0.0391344	0.498619	0.000763753	0.00253116
102	0.0624438	0.0141976	0.000506878	0.00110463	0.0133681	0.00782832	0.000683047	0.195877	0.000751517	0.0465764	0.0175231	0.00294584	0.000308541	0.00100342	0.0011791	0.0201093	0.0282429	0.584841	0.000145111	0.000364011
103	0.050316	0.00385553	0.252629	0.135221	0.00360004	0.071693	0.0277045	0.0094282	0.0455722	0.0189631	0.00712662	0.124291	0.011545	0.0700011	0.0467243	0.0723953	0.0331282	0.00937785	0.00177398	0.00465518
104	0.021042	0.00438014	0.00240763	0.00791743	0.00838731	0.00213199	0.00368378	0.545892	0.00224803	0.10947	0.0130342	0.00213694	0.00180443	0.00472178	0.00500423	0.00559847	0.016954	0.238913	0.00153802	0.00273494
105	0.0680219	0.00145424	0.00544198	0.00788656	0.000883525	0.829503	0.00301506	0.00384737	0.00423005	0.00406759	0.00181597	0.00564752	0.00111339	0.00508578	0.0173639	0.0229585	0.0107484	0.00390255	0.00109251	0.00192017
106	0.0671661	0.00130781	0.00524173	0.00709056	0.000837238	0.83092	0.00266444	0.00275135	0.00369708	0.00349774	0.00159457	0.00632871	0.00106306	0.00493844	0.0184822	0.0244913	0.0122597	0.00345767	0.000553292	0.00165692
107	0.139693	0.00137246	0.00156997	0.00675778	0.00112252	0.762872	0.00246852	0.00270217	0.00332945	0.00359658	0.00182533	0.00279914	0.00116735	0.00357731	0.0231776	0.024844	0.011285	0.00315137	0.000735723	0.00195276
108	0.118811	0.0130536	0.0111838	0.0231376	0.00488082	0.050557	0.0085029	0.0119614	0.00923017	0.0107018	0.00545651	0.0153851	0.0276566	0.0100301	0.0122641	0.542673	0.0982274	0.0189836	0.000917653	0.00638625
109	0.116726	0.0139053	0.0251754	0.0408806	0.0121211	0.0518024	0.0294532	0.0393895	0.0311443	0.0462652	0.0190998	0.0450392	0.0225701	0.0418126	0.0459816	0.15492	0.205749	0.0441518	0.00291181	0.0109021
110	0.079292	0.00545496	0.114779	0.265279	0.00706422	0.0272681	0.0287781	0.0221564	0.0535364	0.0330684	0.0117558	0.0506035	0.00933977	0.0898789	0.0542191	0.0654518	0.0410402	0.0287861	0.00259938	0.00964967
111	0.0175174	0.00602977	0.00113051	0.0125459	0.141938	0.00179641	0.0362359	0.190539	0.00197614	0.227344	0.11992	0.011944	0.000946725	0.00262839	0.00254756	0.00900712	0.00569698	0.166584	0.000414657	0.043258
112	0.058247	0.0127724	0.000569673	0.00140047	0.0116888	0.00682337	0.000780088	0.253545	0.000792958	0.0464076	0.0153292	0.00266339	0.000317622	0.00104373	0.00134883	0.0178695	0.026643	0.541226	0.000162109	0.000369308
113	0.0573812	0.00951078	0.000553303	0.00671929	0.0109167	0.000817621	0.0086635	0.354461	0.000766426	0.22972	0.0239013	0.000688941	0.00179059	0.00509974	0.00963273	0.00354819	0.0275608	0.239342	0.00853558	0.000390617
114	0.0707817	0.00136133	0.00347316	0.00601132	0.000832588	0.837652	0.00214545	0.00295466	0.00289332	0.00351546	0.00148077	0.0040869	0.00100349	0.00326831	0.017074	0.0232373	0.0112794	0.00484981	0.000667599	0.00143169
115	0.0729483	0.00418544	0.0632853	0.199758	0.000975884	0.031536	0.032757	0.0196307	0.159273	0.0217831	0.00511221	0.0504301	0.000466983	0.127119	0.0769804	0.0414749	0.032639	0.0584345	0.000385875	0.000824454
116	0.0989854	0.00577963	0.0677184	0.131451	0.0207633	0.0274466	0.0192961	0.0440863	0.0688051	0.0327295	0.0139256	0.0503398	0.00307447	0.0679177	0.052784	0.126789	0.0858564	0.0641808	0.00139907	0.0166717
117	0.123	0.0113178	0.00953684	0.0248267	0.00472921	0.0495427	0.0102181	0.00919404	0.0128482	0.0110062	0.00485711	0.0152818	0.0247686	0.0161617	0.021232	0.533052	0.0966729	0.0149159	0.00138271	0.0054554
118	0.0734875	0.0178388	0.0159615	0.033139	0.0360121	0.00815781	0.0265168	0.0704893	0.0604794	0.185688	0.0540578	0.0222437	0.0024175	0.0957518	0.0725874	0.0555522	0.0599642	0.0870342	0.00270021	0.0199207
119	0.0366169	0.00116955	0.0337146	0.0728936	0.00130238	0.0258976	0.162572	0.0148607	0.0528269	0.0118074	0.00214093	0.0913106	0.0545647	0.135853	0.114903	0.0883406	0.0132214	0.00920532	0.00864475	0.0681543
120	0.0515028	0.0101445	0.00062025	0.00718595	0.0291056	0.000958398	0.012186	0.331979	0.000885717	0.226658	0.0401805	0.00211666	0.0017403	0.00459623	0.00819214	0.00428896	0.0241312	0.230883	0.00694838	0.00569618
121	0.066548	0.00112544	0.0023255	0.00584315	0.000958088	0.848059	0.00211859	0.00246183	0.00310009	0.00343933	0.00187562	0.00336332	0.00109974	0.0036899	0.0170752	0.0222276	0.0103179	0.0025963	0.000541686	0.00123395
122	0.156512	0.0669016	0.0171351	0.0217951	0.0180827	0.0437016	0.0634599	0.0179678	0.00977118	0.0271516	0.0251887	0.0509701	0.00789193	0.026585	0.0251229	0.247554	0.113144	0.0299411	0.00266346	0.0284606
123	0.0323166	0.00687544	0.000545221	0.00349823	0.00690839	0.00238545	0.00276628	0.478044	0.000763381	0.0983683	0.0111901	0.00126301	0.00064634	0.00216348	0.00313322	0.00630699	0.0181524	0.322046	0.00205709	0.00057037
124	0.184299	0.00406962	0.0167895	0.0102645	0.00252115	0.0801615	0.031508	0.0100312	0.0151748	0.00884919	0.00397779	0.113288	0.0307065	0.0163375	0.0515104	0.199088	0.203934	0.0137161	0.000969917	0.00280351
125	0.0100138	0.00308643	0.00154968	0.00315733	0.518598	0.0026636	0.0350418	0.0110509	0.00350448	0.0555169	0.04504	0.00335356	0.00100069	0.0146974	0.00475344	0.0207302	0.00492073	0.00783094	0.0308519	0.222638
126	0.0209358	0.00448323	0.00300286	0.00567047	0.446156	0.00591647	0.0341568	0.035738	0.00644493	0.107029	0.0460677	0.00601749	0.0019553	0.015683	0.00815107	0.0223114	0.00945025	0.0280931	0.0234434	0.169294
127	0.161563	0.00105723	0.0287184	0.0465008	0.00115939	0.0761582	0.0186256	0.00871427	0.0501209	0.01199	0.0262161	0.0283075	0.31671	0.0349201	0.0285544	0.0757265	0.0567334	0.0267652	0.00048137	0.000978067
128	0.0280313	0.00252601	0.295304	0.107972	0.000648306	0.10047	0.0201445	0.00132802	0.0431671	0.00904413	0.000886727	0.183771	0.0142935	0.0638643	0.034325	0.069973	0.0215159	0.00139813	0.000301314	0.00103596
129	0.0343899	0.00632488	0.204357	0.106115	0.000827178	0.165213	0.0212245	0.00176826	0.0562936	0.0122912	0.00154166	0.178626	0.0183098	0.0540305	0.0503285	0.0677513	0.0158292	0.00242978	0.000497799	0.00184979
130	0.0738233	0.00428145	0.0633558	0.199621	0.000971038	0.0319645	0.0331091	0.0198602	0.158671	0.0218569	0.00514738	0.049719	0.00049563	0.12652	0.076333	0.0411767	0.0328457	0.0590776	0.00037174	0.000799146
131	0.135283	0.000487009	0.0420612	0.0760184	0.000477267	0.0303522	0.0372526	0.00113756	0.0838645	0.0105034	0.014348	0.0699242	0.00127868	0.159814	0.165985	0.0869792	0.0648821	0.0115583	0.000268946	0.0075239
132	0.12974	0.0281846	0.00847955	0.0217725	0.117316	0.0281766	0.087427	0.031256	0.0170133	0.0821246	0.03844	0.0546989	0.00303838	0.0394518	0.0310959	0.0953457	0.0426558	0.0322736	0.00801217	0.103498
133	0.0219555	0.00280949	0.0190497	0.139419	0.00275709	0.0195478	0.00764018	0.224723	0.0578637	0.0727297	0.00386715	0.00918003	0.00173686	0.0763043	0.0633966	0.0180212	0.0330745	0.172663	0.00231988	0.0509409
134	0.080444	0.0146945	0.0171362	0.0352224	0.0255239	0.00746631	0.0236297	0.0705807	0.0579971	0.190691	0.0598742	0.0237863	0.00234627	0.10082	0.0685244	0.0613958	0.0621058	0.0822889	0.00289992	0.0125728
135	0.181998	0.0165848	0.0307052	0.0764943	0.0262811	0.0508713	0.0481741	0.010812	0.00854392	0.050827	0.0323614	0.025082	0.00265197	0.0396397	0.0372771	0.184985	0.123953	0.0447718	0.000821784	0.00716381
136	0.438489	0.0565219	0.00166403	0.00777199	0.00150064	0.0348009	0.00807424	0.0474994	0.00318748	0.0145016	0.00706892	0.00515178	0.0028364	0.00377756	0.00477463	0.231153	0.0470518	0.0818647	0.000632667	0.00167711
137	0.0175408	0.0060149	0.00113634	0.0124998	0.141527	0.00178825	0.0361996	0.190498	0.00198096	0.228598	0.119364	0.0118796	0.000956369	0.00261348	0.00251904	0.00906707	0.00572582	0.166456	0.000419625	0.0432154
138	0.16208	0.00172966	0.00163189	0.00738338	0.00135784	0.727591	0.0031947	0.00234496	0.00344742	0.00339752	0.00196496	0.00373357	0.00191739	0.00424732	0.0208224	0.0326725	0.0135002	0.00427976	0.00080145	0.00190157
139	0.33832	0.00886729	0.00199546	0.00997861	0.000834888	0.041204	0.00246834	0.0037436	0.00252382	0.00282222	0.00155839	0.00515621	0.0159652	0.00222982	0.00320772	0.458013	0.08794	0.0119103	0.000342756	0.000917811
140	0.122637	0.0100434	0.00883449	0.0267484	0.00486849	0.0463915	0.0108383	0.00858942	0.0115054	0.00846254	0.00374711	0.014957	0.0240109	0.0128312	0.0135107	0.556658	0.0986839	0.0112591	0.0007671	0.00465653
141	0.0671759	0.00129546	0.00288848	0.00634775	0.00114622	0.843286	0.00254003	0.00224826	0.00248063	0.00341181	0.00169879	0.00366768	0.000941708	0.00418254	0.0169641	0.0234347	0.0112746	0.00291701	0.00059488	0.00150345
142	0.0818414	0.00735024	0.00372306	0.0181335	0.00119572	0.0445545	0.00409307	0.00261412	0.00217932	0.00309902	0.00167632	0.00882764	0.0293477	0.00304112	0.0031879	0.649245	0.131505	0.00277112	0.0004143	0.00119994
143	0.0623661	0.00802663	0.00194236	0.00864826	0.0198885	0.00128721	0.0110642	0.325693	0.0039891	0.189487	0.0352726	0.00298462	0.0115608	0.00742578	0.0146808	0.0111817	0.0362438	0.239422	0.00601504	0.00282037
144	0.0172	0.00151554	0.00303531	0.0277057	0.00141337	0.0442925	0.0324921	0.00344454	0.436576	0.027753	0.0104372	0.015537	0.00240383	0.0452541	0.248007	0.0465179	0.0131723	0.00854213	0.00072839	0.0139718
145	0.658675	0.0175726	0.000675231	0.00236738	0.000486314	0.0430157	0.00238062	0.00839457	0.00274431	0.00359315	0.00209946	0.00876478	0.00143822	0.00167073	0.00336935	0.166812	0.0429149	0.0316615	0.000339057	0.00102487
146	0.0567954	0.00947423	0.000551697	0.00651045	0.0108113	0.000834629	0.00854206	0.357008	0.000730689	0.228158	0.0235666	0.000693295	0.00174501	0.00498452	0.00940753	0.0035049	0.0273752	0.240647	0.0082722	0.00038725
147	0.0308982	0.000927003	0.192924	0.342576	0.00107998	0.0143623	0.0404485	0.00463043	0.0566334	0.0149806	0.01068	0.0618648	0.00224972	0.0783121	0.0703369	0.0449739	0.0217718	0.00392936	0.00129758	0.00512268
148	0.0382252	0.0160921	0.0133573	0.0294434	0.00219664	0.0140366	0.0238441	0.018442	0.0746232	0.0302898	0.0119942	0.0290261	0.00689338	0.0941793	0.499975	0.0463921	0.0253684	0.0161458	0.00203835	0.0074376
149	0.1433	0.0029655	0.00409272	0.0117148	0.00229026	0.0219128	0.00466246	0.0741828	0.206413	0.0349317	0.00404777	0.00900714	0.00201221	0.0938549	0.251562	0.0513719	0.0293271	0.0490007	0.000892109	0.00245855
150	0.185008	0.001917	0.0378275	0.065076	0.00259983	0.0675574	0.0215403	0.00806483	0.031808	0.0255918	0.0224413	0.0307352	0.255866	0.0387947	0.0197903	0.0778842	0.0594537	0.0457823	0.000587446	0.00167479
151	0.0623493	0.0141601	0.000507466	0.00113576	0.0134112	0.00778676	0.000747358	0.19661	0.000739235	0.0474051	0.0175681	0.00293298	0.000320091	0.00102541	0.00123513	0.0200698	0.0282241	0.583222	0.00019357	0.000356184
152	0.0356514	0.00166829	0.00139981	0.00272822	0.219279	0.00235552	0.00562186	0.159959	0.00195974	0.421835	0.0160437	0.00252416	0.000851927	0.00338474	0.00346852	0.0097754	0.011473	0.0966107	0.000810465	0.00259907
153	0.417064	0.00342268	0.00616235	0.0108217	0.00237036	0.0264592	0.0169065	0.037392	0.0060431	0.0418527	0.0206391	0.00737058	0.193512	0.0219912	0.00732485	0.0295401	0.0398858	0.107418	0.00121654	0.00260627
154	0.540623	0.00886463	0.00294196	0.00755658	0.00158088	0.108616	0.00511071	0.00932703	0.00831491	0.00507583	0.00277831	0.0183737	0.0138631	0.00942422	0.0223319	0.166461	0.0352332	0.0308735	0.000571106	0.00207736
155	0.1035	0.00149189	0.00175852	0.00603237	0.000955576	0.806051	0.00215689	0.00242907	0.00258033	0.00314281	0.00181514	0.00258817	0.00187166	0.00328855	0.0189282	0.0249477	0.0110935	0.00310522	0.000701282	0.00156198
156	0.0330661	0.00160035	0.00132133	0.0028056	0.216173	0.00211168	0.00657793	0.141275	0.00189029	0.435512	0.019932	0.00276482	0.000806378	0.003076	0.00289866	0.0103988	0.011695	0.101666	0.000407003	0.00402159
157	0.451137	0.0518343	0.00141537	0.00874763	0.00109017	0.0294791	0.00803452	0.040915	0.00245041	0.0155748	0.00609491	0.00460007	0.0015623	0.00297338	0.00318033	0.258553	0.0458084	0.0647845	0.000519482	0.00124521
158	0.0271644	0.00597166	0.000508197	0.0023192	0.00547541	0.00291134	0.000738694	0.514582	0.000775942	0.0557689	0.00644479	0.00146863	0.000293985	0.00113163	0.00119603	0.00703445	0.0160076	0.349634	0.000209585	0.000363398
159	0.00493749	0.000464139	0.000357408	0.00059573	0.0123035	0.000579117	0.00059914	0.0952465	0.000564992	0.756609	0.0748331	0.000570407	0.000211904	0.00756248	0.00424906	0.00279049	0.00790801	0.0291821	0.000120874	0.000314534
160	0.0504017	0.0415019	0.00645065	0.0538239	0.0187345	0.0165663	0.0216019	0.195566	0.0325635	0.154961	0.0592413	0.0217818	0.00195801	0.0534968	0.0571607	0.0986748	0.0425312	0.0269582	0.00208907	0.0439368
161	0.275548	0.0034016	0.00290508	0.0162832	0.00262371	0.547748	0.00363214	0.00365128	0.00459557	0.00483474	0.00254686	0.00544962	0.00264639	0.0060893	0.0197234	0.0642787	0.0214216	0.00680544	0.00138139	0.00443417
162	0.0574448	0.00949972	0.000556581	0.00664691	0.0109618	0.000815531	0.00868081	0.353488	0.000732604	0.230326	0.0240157	0.000685074	0.00179688	0.00507696	0.00959027	0.00351121	0.0276294	0.239704	0.00845258	0.000385327
163	0.0186893	0.00612013	0.00138344	0.00872568	0.304752	0.00207161	0.0322467	0.119451	0.00269672	0.16349	0.103854	0.00836064	0.00108729	0.0064738	0.00340515	0.0119803	0.0053785	0.108598	0.00909937	0.0821373
164	0.0473843	0.00219449	0.133881	0.285244	0.000843427	0.0220403	0.0393408	0.00966077	0.108983	0.018194	0.00721898	0.0495404	0.00100715	0.101645	0.0713859	0.0397794	0.0330911	0.0248203	0.000881441	0.00286422
165	0.224689	0.0180415	0.0247928	0.107818	0.0150475	0.0296754	0.0177011	0.00655286	0.0067276	0.0449262	0.0216195	0.0265436	0.00260102	0.0651616	0.0320738	0.154849	0.146333	0.050307	0.000698626	0.00384071
166	0.0327111	0.00149183	0.00135441	0.00297583	0.22804	0.0022326	0.00682989	0.138968	0.00203315	0.428062	0.0220084	0.00318964	0.000846628	0.00332465	0.00311961	0.00989102	0.0109103	0.0962618	0.000548633	0.00519985
167	0.0361539	0.00396766	0.214311	0.110217	0.000674242	0.148553	0.0222642	0.00136121	0.0540127	0.0117076	0.00106171	0.183619	0.0195454	0.0565219	0.0439594	0.072071	0.0167075	0.00145636	0.000313652	0.00152166
168	0.0324639	0.00613949	0.000497224	0.00441894	0.00773823	0.000802105	0.00475587	0.510173	0.000720222	0.15434	0.0134448	0.000677187	0.00113026	0.00301892	0.00524855	0.00244218	0.0187182	0.228579	0.00432376	0.000368436
169	0.419979	0.067856	0.0014957	0.00819367	0.00119383	0.0346068	0.0101716	0.0387607	0.00251524	0.0137446	0.00742169	0.00485637	0.00152875	0.00295728	0.00308169	0.259595	0.0541837	0.0652615	0.000767718	0.00182955
170	0.030729	0.00246251	0.267261	0.132433	0.000853334	0.100294	0.0207968	0.00162394	0.0457334	0.010796	0.00133922	0.171711	0.0156592	0.0634428	0.0379693	0.0714591	0.0219224	0.00174552	0.000293416	0.00147536
171	0.255939	0.0563737	0.00534875	0.0151689	0.01785	0.11165	0.0457214	0.00986633	0.00884485	0.0156951	0.0210461	0.0753233	0.0034151	0.0247046	0.0229575	0.100085	0.0788619	0.0125387	0.0267976	0.0918117
172	0.637499	0.00730911	0.00128737	0.00380752	0.00117792	0.0528948	0.00308654	0.00343046	0.00335156	0.00290725	0.00179478	0.00886183	0.00499371	0.00265109	0.0051675	0.194429	0.0428128	0.0206934	0.000301328	0.00154327
173	0.00560904	0.00076944	0.000589734	0.000865381	0.013068	0.000903055	0.00103893	0.0956995	0.000917924	0.747751	0.0768772	0.000694666	0.000225802	0.00832928	0.00455429	0.00296856	0.00824504	0.0300388	0.000215874	0.000638421
174	0.162162	0.00416015	0.0247607	0.0383207	0.00271557	0.141327	0.0220832	0.0159152	0.122332	0.0161998	0.0081785	0.0480003	0.0182534	0.0687894	0.168665	0.0728254	0.0374375	0.0208971	0.00112508	0.00585122
175	0.074205	0.0097461	0.0614699	0.128728	0.0143612	0.0152959	0.0405058	0.0451487	0.0640379	0.113877	0.0459223	0.0291242	0.00391353	0.105794	0.0574767	0.0564782	0.0563291	0.0647715	0.00371362	0.00910076
176	0.0688151	0.00148574	0.00394143	0.00643967	0.00086127	0.839644	0.00240116	0.00219911	0.00303408	0.00337962	0.00140787	0.00480707	0.00102137	0.0033355	0.0175196	0.0234474	0.0109654	0.00330804	0.000574916	0.00141169
177	0.062515	0.0139751	0.000507973	0.0013856	0.0132414	0.00756685	0.0010429	0.200708	0.000762999	0.0531333	0.0176887	0.0028283	0.000358158	0.00115619	0.00149654	0.0194249	0.0280649	0.57336	0.000432533	0.000350974
178	0.033055	0.00937225	0.000768636	0.00833481	0.0712734	0.0011109	0.0195916	0.258989	0.00125705	0.275817	0.0774483	0.00546085	0.00125821	0.00394574	0.00541925	0.00578244	0.0150054	0.184841	0.0036363	0.0176339
179	0.0303634	0.00269897	0.279169	0.125878	0.000863601	0.0945019	0.0216045	0.0019829	0.0427343	0.00910804	0.00166925	0.177817	0.013142	0.0647104	0.0377026	0.0692245	0.0225845	0.00209443	0.000358557	0.00179225
180	0.071511	0.00209516	0.00748508	0.0225037	0.0110433	0.00284803	0.00387893	0.252541	0.0216208	0.0645768	0.0455867	0.0116113	0.0456933	0.0237794	0.0488015	0.0432687	0.0957071	0.223338	0.000631139	0.00147851
181	0.0203014	0.0188608	0.00429887	0.0234082	0.000926674	0.00598743	0.020284	0.0116128	0.0685729	0.0224499	0.00929645	0.0201854	0.00232828	0.100551	0.598893	0.0369829	0.0179422	0.012031	0.00100594	0.00408037
182	0.0728997	0.00193239	0.151541	0.194247	0.00305159	0.0283198	0.0625806	0.0354597	0.0216168	0.0301842	0.0352879	0.0253901	0.00148726	0.0930529	0.0321792	0.0805674	0.108412	0.00695313	0.0120291	0.00280788
183	0.129646	0.000795033	0.0402332	0.0715322	0.000608624	0.0284844	0.0405912	0.00165841	0.0801144	0.010522	0.0155876	0.0725429	0.00121083	0.16209	0.166857	0.0877381	0.0677696	0.0134116	0.000348029	0.0082582
184	0.0826816	0.00731258	0.00371873	0.0183031	0.00112798	0.0453048	0.003967	0.00229323	0.00214558	0.00297975	0.0015955	0.00870364	0.0295921	0.0029776	0.00317349	0.653935	0.126031	0.00263213	0.000420946	0.00110387
185	0.0598887	0.00957947	0.000705736	0.00628838	0.0109485	0.00122746	0.00809707	0.343507	0.0009563	0.214523	0.0240966	0.000913699	0.00237447	0.00492308	0.00995069	0.00504136	0.0285815	0.260291	0.00771078	0.00039468
186	0.027892	0.00550816	0.000975195	0.00801446	0.137507	0.00158802	0.0238987	0.192302	0.00160951	0.310814	0.0771789	0.00689342	0.00110691	0.00282965	0.00327086	0.00787172	0.0121332	0.155033	0.00130847	0.0222653
187	0.232216	0.0222609	0.00426793	0.00938723	0.00323345	0.0249483	0.00588176	0.0998883	0.0443015	0.0513509	0.148435	0.00605636	0.00270396	0.203441	0.0145602	0.0127045	0.0297831	0.0799682	0.00154377	0.00306837
188	0.129952	0.000635707	0.0404533	0.0716103	0.000498872	0.0286982	0.0416927	0.00125395	0.0789105	0.00966215	0.0153132	0.0739731	0.00115603	0.164111	0.165373	0.0881228	0.0676243	0.0126456	0.000302043	0.00801104
189	0.0348896	0.00747742	0.0318251	0.0651152	0.00704215	0.0102965	0.074462	0.0146459	0.0987977	0.0913717	0.0140248	0.0252234	0.0100822	0.175208	0.220261	0.0417453	0.024201	0.0185933	0.0206892	0.0140488
190	0.0100138	0.00308643	0.00154968	0.00315733	0.518598	0.0026636	0.0350418	0.0110509	0.00350448	0.0555169	0.04504	0.00335356	0.00100069	0.0146974	0.00475344	0.0207302	0.00492073	0.00783094	0.0308519	0.222638
