283	20
1	0.00465109	0.00252407	0.0016717	0.00571761	0.00552809	0.0023336	0.00181488	0.541203	0.00308292	0.110547	0.0118507	0.00187823	0.000655116	0.00511217	0.00363061	0.00270242	0.0305671	0.263632	0.000158775	0.000739398
2	0.00322723	0.00107244	0.00175633	0.00689794	0.004675	0.00215818	0.00192009	0.562968	0.0030759	0.116371	0.011487	0.00197576	0.000674857	0.0051536	0.00448529	0.00303744	0.0380891	0.230092	0.000193219	0.00068986
3	0.0306481	0.00573062	0.0633184	0.0386581	0.149846	0.00599317	0.0247519	0.00540553	0.111386	0.00868647	0.0250187	0.0703293	0.0241007	0.0272504	0.114481	0.145378	0.0387557	0.00780992	0.0197938	0.0826581
4	0.354691	0.363133	0.00328449	0.00378559	0.00377551	0.00325723	0.00234887	0.0107931	0.00997096	0.0233658	0.00282786	0.028614	0.00227721	0.0037866	0.00318184	0.0472872	0.0529727	0.078154	0.000628802	0.0018644
5	0.0447754	0.0204003	0.0209329	0.029485	0.0101913	0.0236288	0.055423	0.0141077	0.0307224	0.0207815	0.00934021	0.218181	0.0241873	0.0359536	0.0201335	0.333582	0.0521706	0.0211044	0.00287085	0.0120283
6	0.0277541	0.0450711	0.00665584	0.0097894	0.0124032	0.007744	0.0356227	0.250137	0.0103823	0.216914	0.0314356	0.0116156	0.00635877	0.0157925	0.00952659	0.143127	0.0229266	0.10145	0.0278225	0.00747069
7	0.0409302	0.0045842	0.00680791	0.00467412	0.00182218	0.880892	0.00188758	0.0013996	0.0058529	0.00235004	0.00142863	0.0118523	0.00243799	0.00299822	0.00287381	0.0201169	0.00314325	0.00243474	0.000238637	0.00127439
8	0.0286925	0.0139429	0.46959	0.0782555	0.00714752	0.012163	0.0101655	0.00622066	0.0314192	0.0151528	0.00805836	0.137241	0.00685943	0.0274203	0.0213686	0.0656392	0.0338436	0.01767	0.00120627	0.00794297
9	0.0989905	0.0158112	0.00524489	0.0044187	0.00128234	0.00938599	0.00223723	0.00222736	0.00589343	0.0287024	0.0012921	0.00184785	0.79373	0.00367897	0.00388964	0.0048894	0.00637424	0.0078205	0.000328602	0.00195455
10	0.0110127	0.00598703	0.00436081	0.00627433	0.0119285	0.00476737	0.539668	0.0063129	0.0059815	0.0233751	0.0361042	0.0366653	0.00359233	0.24386	0.00585368	0.0107724	0.00769415	0.0074479	0.00107877	0.0272632
11	0.206525	0.0016083	0.0594508	0.0877657	0.00356701	0.070276	0.0229112	0.045472	0.0450076	0.0316273	0.0108039	0.0278975	0.015425	0.0526957	0.0238283	0.104496	0.0853741	0.0863868	0.0059332	0.012948
12	0.0215483	0.00532528	0.0605154	0.0343549	0.00111944	0.575868	0.0052878	0.00530149	0.0617822	0.00191012	0.00112218	0.146116	0.000767719	0.0197091	0.0142818	0.0360635	0.00189628	0.00180259	0.000304096	0.00492448
13	0.0894789	0.0250351	0.00826336	0.0348669	0.0253644	0.0126901	0.0156594	0.0558218	0.0300859	0.173431	0.087669	0.0507443	0.0224089	0.147796	0.0193969	0.0257604	0.0281338	0.11805	0.00276872	0.0265752
14	0.0110924	0.00285733	0.00408158	0.0259485	0.00211335	0.00222145	0.0216267	0.00294336	0.489124	0.0231305	0.0170901	0.00530708	0.0522227	0.121342	0.103297	0.0420693	0.0141815	0.0568696	0.00080422	0.00167764
15	0.0742933	0.0190835	0.0118315	0.0210359	0.0341819	0.014831	0.0597678	0.0133441	0.0157129	0.0428151	0.0103671	0.0168236	0.438935	0.0213459	0.0164848	0.0599975	0.0206094	0.0328124	0.0032663	0.0724611
16	0.00842371	0.00628767	0.00225382	0.00525712	0.0135617	0.0010202	0.00237621	0.448386	0.0037184	0.276835	0.0347547	0.00607375	0.00171525	0.00677823	0.00211191	0.00896627	0.0184304	0.151688	0.000758078	0.000604039
17	0.0266543	0.00423029	0.00953029	0.0375354	0.0038993	0.0440678	0.00229715	0.0037232	0.0518123	0.00443476	0.00671826	0.0321283	0.00180957	0.0181547	0.0237238	0.351975	0.36395	0.00994846	0.000534851	0.00287211
18	0.0142173	0.00729973	0.00453915	0.00222417	0.362092	0.0085446	0.0357361	0.014983	0.00203626	0.00713309	0.00572562	0.00316664	0.00236626	0.00266947	0.00496404	0.0140018	0.00452417	0.0099073	0.0465874	0.447282
19	0.036406	0.00357873	0.00218511	0.0032322	0.155704	0.0126388	0.0517812	0.0832977	0.00337018	0.10973	0.0451551	0.0426525	0.037085	0.0157845	0.00416666	0.024744	0.0809367	0.107248	0.0200062	0.160298
20	0.0181591	0.0100442	0.0135093	0.0167742	0.00851301	0.0194343	0.0109617	0.0139863	0.185833	0.019639	0.0076159	0.0238645	0.0081601	0.0417411	0.486064	0.044198	0.0306563	0.0259334	0.00445481	0.0104575
21	0.0335752	0.014453	0.00826417	0.194937	0.00458701	0.00831317	0.00561857	0.00593344	0.0117298	0.0090087	0.0229475	0.0291558	0.0429894	0.493842	0.0189637	0.0449621	0.0213386	0.0186359	0.000870337	0.00987466
22	0.0210978	0.0170342	0.00161498	0.00296405	0.0260963	0.00133505	0.00126143	0.316349	0.00250857	0.326109	0.0812301	0.0031888	0.00316874	0.00715415	0.00160108	0.00991846	0.0185483	0.155193	0.00187691	0.00174982
23	0.0239936	0.0196816	0.000494784	0.00127365	0.032158	0.000781824	0.000653213	0.200876	0.000664664	0.426172	0.121118	0.00162786	0.00513786	0.00788292	0.000783169	0.00991803	0.0218823	0.120939	0.00351826	0.000443036
24	0.588055	0.0416541	0.00121524	0.00173579	0.00116772	0.0560264	0.00110351	0.00165461	0.00176099	0.00248544	0.00106374	0.00239187	0.00317904	0.00650193	0.00146866	0.256078	0.00207236	0.0291126	0.00035882	0.000914132
25	0.202522	0.0646127	0.00179053	0.0023573	0.00572284	0.0267675	0.00146404	0.104346	0.00212282	0.293304	0.0466933	0.00268071	0.0135944	0.0026407	0.00248126	0.0298763	0.0770569	0.118511	0.000349499	0.00110591
26	0.0704628	0.10566	0.000646697	0.00427071	0.013863	0.00231747	0.000784065	0.129311	0.00140913	0.175485	0.102711	0.00135506	0.000645673	0.00183979	0.000915075	0.0182061	0.0565122	0.308817	0.00022567	0.00456244
27	0.0826849	0.0487324	0.0577144	0.00543217	0.0214981	0.00403548	0.0722048	0.00518099	0.0228576	0.0813563	0.0222991	0.1429	0.0039636	0.00619776	0.0044861	0.00911449	0.00692883	0.0236794	0.00132508	0.377408
28	0.0989213	0.0122599	0.00890433	0.0206553	0.00690522	0.0145237	0.00588137	0.0090047	0.0178917	0.0245812	0.00510759	0.0127235	0.490374	0.0408325	0.00854956	0.0595135	0.139001	0.0169637	0.00113585	0.00627042
29	0.158308	0.0180952	0.143658	0.130356	0.0247072	0.0242115	0.0534177	0.00823138	0.00205083	0.0119124	0.00139433	0.0558351	0.0702673	0.120513	0.0091782	0.101944	0.0539187	0.00308131	0.000436021	0.00848316
30	0.0260752	0.0127414	0.0020434	0.00771876	0.0254661	0.00387192	0.00187315	0.177386	0.00182507	0.556033	0.0568983	0.00384523	0.010157	0.00501195	0.00253857	0.0192056	0.0121025	0.0721187	0.00200257	0.00108548
31	0.0212685	0.0193837	0.000392248	0.00118563	0.0361841	0.000512739	0.0005801	0.1961	0.00059576	0.441894	0.127143	0.00141109	0.00468825	0.00660251	0.000587557	0.00923963	0.0212723	0.106447	0.00408036	0.000430918
32	0.0485369	0.0269531	0.0106138	0.00238013	0.0250219	0.016702	0.00125088	0.205321	0.00518917	0.40906	0.0658765	0.0132166	0.00230362	0.00384352	0.0147051	0.0306759	0.013	0.10389	0.000521867	0.000937139
33	0.00251282	0.0192435	0.000848476	0.0049488	0.51085	0.000970365	0.00103558	0.0606136	0.00126281	0.15124	0.0206684	0.0020462	0.000792208	0.00152915	0.00462181	0.00267728	0.00592805	0.0310287	0.00067577	0.176507
34	0.0577414	0.00709635	0.0511469	0.00743879	0.00235168	0.0257167	0.0280256	0.00257861	0.0712307	0.0179431	0.00560151	0.0406685	0.433359	0.0661007	0.00861247	0.164489	0.00427901	0.00332969	0.000454511	0.00183555
35	0.190936	0.00138152	0.0182316	0.125324	0.00104017	0.0234098	0.00107259	0.00172085	0.100948	0.0395003	0.00130942	0.0360376	0.100059	0.0809733	0.00679757	0.121937	0.112789	0.0352574	0.000291917	0.00098274
36	0.0375427	0.0608963	0.369359	0.109777	0.0130628	0.013549	0.0189492	0.0150535	0.0246828	0.0251311	0.0140884	0.0507625	0.0146878	0.0340058	0.0223679	0.0555797	0.0323018	0.0224456	0.00274485	0.0630122
37	0.087945	0.02881	0.000596012	0.00080959	0.00765652	0.00875706	0.00062344	0.139265	0.00235631	0.059076	0.0112991	0.00580311	0.00092015	0.00086932	0.000844642	0.0576937	0.0871441	0.498646	0.000144185	0.000740725
38	0.00923829	0.021969	0.00413024	0.0242237	0.00383879	0.00365804	0.00430531	0.254485	0.0986037	0.123866	0.00459956	0.00558572	0.00295236	0.0493147	0.100136	0.00911937	0.00686672	0.268883	0.00100037	0.00322363
39	0.0853334	0.00821044	0.0308197	0.0536787	0.0090042	0.0889676	0.00526195	0.0043465	0.041839	0.00645954	0.00950148	0.0567059	0.00419005	0.0287621	0.0284583	0.376349	0.142529	0.0156518	0.000373056	0.00355837
40	0.0857674	0.0291041	0.00103395	0.000929642	0.0101023	0.00952436	0.000648187	0.148169	0.0032	0.0712637	0.021629	0.00558525	0.00069785	0.00112088	0.0021026	0.0590454	0.0827533	0.466317	0.000155238	0.000851155
41	0.0386257	0.0038776	0.00690004	0.00564576	0.00212157	0.869262	0.00225369	0.00245496	0.00556999	0.00310687	0.00187818	0.0129337	0.0033481	0.00369796	0.0024981	0.0255406	0.00490454	0.00353194	0.000314023	0.00153467
42	0.587484	0.041667	0.00121642	0.00173654	0.00125565	0.0565261	0.001096	0.00167874	0.00176179	0.0024954	0.00106186	0.00238949	0.00318012	0.00646553	0.00147333	0.255965	0.00208383	0.0291947	0.000349216	0.000918871
43	0.0185666	0.0126934	0.00883269	0.00737283	0.190498	0.00669615	0.0406932	0.039652	0.00524514	0.0317462	0.0111851	0.01217	0.00794694	0.0102349	0.0106777	0.015856	0.0138856	0.0247099	0.024892	0.506446
44	0.0235436	0.0157871	0.00282994	0.00923153	0.00680085	0.0297827	0.00418988	0.0074995	0.0171617	0.00564743	0.0143648	0.0115949	0.0065933	0.0203142	0.00788947	0.397363	0.406548	0.00761093	0.000705315	0.00454189
45	0.158308	0.0180952	0.143658	0.130356	0.0247072	0.0242115	0.0534177	0.00823138	0.00205083	0.0119124	0.00139433	0.0558351	0.0702673	0.120513	0.0091782	0.101944	0.0539187	0.00308131	0.000436021	0.00848316
46	0.0760543	0.10755	0.00468835	0.0039394	0.00601115	0.0274737	0.00601774	0.0330336	0.0167598	0.0142466	0.00416533	0.0120445	0.021505	0.0121429	0.00535403	0.362966	0.255435	0.0225644	0.000671736	0.00737627
47	0.149468	0.00695635	0.00716385	0.00882495	0.0383353	0.0280386	0.0191703	0.00438119	0.143768	0.0242492	0.0632584	0.0439409	0.044494	0.192429	0.0597005	0.0884194	0.0475158	0.0248722	0.00103389	0.00398073
48	0.0471081	0.0302912	0.000784555	0.00120947	0.0427192	0.00089124	0.000875769	0.403803	0.00416631	0.0836081	0.0123643	0.000925579	0.000562283	0.0017588	0.000802735	0.0014776	0.00193004	0.352544	0.000174337	0.0120036
49	0.020623	0.013663	0.00881737	0.0245703	0.00576455	0.00898002	0.0113877	0.0959326	0.160852	0.102466	0.0223407	0.0106276	0.00885308	0.0959691	0.172194	0.0227099	0.0188504	0.183904	0.00179449	0.00969984
50	0.0406837	0.00754501	0.0702236	0.211262	0.000683708	0.00886136	0.0180704	0.00307119	0.222361	0.00747623	0.00508967	0.0602271	0.000769693	0.141698	0.151342	0.0287101	0.0105405	0.00864202	0.000190133	0.00255255
51	0.133036	0.00277556	0.142112	0.126472	0.00401443	0.0214584	0.0583299	0.0265125	0.0233312	0.0102573	0.00412951	0.0488404	0.00293576	0.0375061	0.052129	0.151113	0.10041	0.047745	0.0016206	0.00527081
52	0.042895	0.0301792	0.00071594	0.00104184	0.0358315	0.0018921	0.000726208	0.387488	0.00319734	0.0688265	0.00988004	0.00110571	0.000615752	0.0012257	0.000951154	0.00169283	0.00364534	0.397966	0.000216185	0.00990697
53	0.53231	0.0602608	0.00230699	0.00358379	0.00171086	0.0459001	0.00240117	0.00490532	0.0038529	0.00700215	0.00198305	0.00413614	0.00460841	0.0132138	0.00294662	0.248912	0.0223866	0.0345758	0.000793122	0.00221041
54	0.0814511	0.0070376	0.170594	0.365053	0.000484436	0.0173197	0.0107688	0.00431905	0.0897961	0.00528527	0.00458629	0.0400577	0.00598857	0.107738	0.0423735	0.0302736	0.0134419	0.00120988	0.00160244	0.000619635
55	0.0142173	0.00729973	0.00453915	0.00222417	0.362092	0.0085446	0.0357361	0.014983	0.00203626	0.00713309	0.00572562	0.00316664	0.00236626	0.00266947	0.00496404	0.0140018	0.00452417	0.0099073	0.0465874	0.447282
56	0.0157665	0.012472	0.000928169	0.00190094	0.0308457	0.00100967	0.000838745	0.244781	0.00116239	0.429828	0.127438	0.00217387	0.00395864	0.00577544	0.00116097	0.00708445	0.0149027	0.0946372	0.00232435	0.0010106
57	0.0860543	0.00649553	0.0275777	0.212386	0.00114394	0.0258519	0.0227989	0.00257275	0.0728857	0.0251273	0.0163713	0.0752279	0.00103414	0.130211	0.0321697	0.133766	0.110017	0.00576074	0.000247713	0.0123012
58	0.00294698	0.0226264	0.00108888	0.00491461	0.498188	0.00120247	0.00143855	0.0608521	0.00144796	0.142139	0.0192555	0.00215106	0.000862736	0.00175416	0.00447236	0.00355548	0.00582604	0.03091	0.00138278	0.192984
59	0.0186926	0.0136957	0.000962465	0.00190952	0.0341472	0.00170421	0.000437529	0.178061	0.000555942	0.543509	0.0926567	0.00211118	0.00488347	0.0041159	0.00105851	0.00700436	0.0137348	0.0779124	0.00249071	0.000356194
60	0.0716129	0.130813	0.00430442	0.00358588	0.00617638	0.0370941	0.0056664	0.0312609	0.00962524	0.0120086	0.0033668	0.0116069	0.0146078	0.0104463	0.00476126	0.340509	0.27701	0.0179756	0.000645274	0.00692385
61	0.184561	0.0296244	0.0848129	0.00772511	0.00425673	0.0889852	0.00430998	0.0226105	0.00719413	0.0117075	0.00826572	0.186247	0.0255513	0.00752051	0.00693074	0.145719	0.160217	0.00821037	0.000866466	0.0046845
62	0.0393474	0.00271409	0.00479709	0.0036849	0.0016549	0.908746	0.00161239	0.00109467	0.00194707	0.00177385	0.00118281	0.0063349	0.00245158	0.00197718	0.00147551	0.0142431	0.00168092	0.00227077	0.000214104	0.000796575
63	0.543626	0.0378034	0.00362393	0.00624177	0.00224315	0.0633009	0.00210626	0.00557055	0.00455981	0.00600332	0.0026911	0.00452614	0.00541372	0.00845796	0.00303442	0.245849	0.00877247	0.0432763	0.000630478	0.00226939
64	0.089539	0.0196748	0.00965334	0.0139854	0.03434	0.0502903	0.0127498	0.0133412	0.0154661	0.011934	0.00955384	0.0170493	0.0133251	0.104784	0.0110537	0.320018	0.227716	0.0150202	0.00108588	0.00941955
65	0.198031	0.00124039	0.0667599	0.0943623	0.0038643	0.067487	0.023615	0.0378213	0.0482826	0.0278442	0.0108395	0.0323646	0.0162853	0.0443899	0.023515	0.111419	0.0906203	0.0843527	0.00696752	0.00993897
66	0.469963	0.0297227	0.0024267	0.00391929	0.00348097	0.280034	0.00177697	0.00920761	0.00237407	0.0116574	0.00397174	0.00311933	0.0147781	0.00403551	0.00312687	0.120842	0.00611313	0.0274094	0.000487459	0.00155395
67	0.0487833	0.0529092	0.00366619	0.0015665	0.0239013	0.00414036	0.000931346	0.220946	0.00287259	0.229148	0.114853	0.00484078	0.00182906	0.00647368	0.00629824	0.0316767	0.0358738	0.206281	0.00145074	0.00155813
68	0.00481614	0.00286914	0.000937712	0.00146402	0.0455535	0.00109353	0.000829366	0.0615492	0.00121427	0.54905	0.294115	0.00133632	0.0017955	0.00164784	0.00110446	0.00267248	0.00401081	0.0223107	0.000888764	0.000740741
69	0.0765017	0.0074885	0.006606	0.0808684	0.00181896	0.0289947	0.042059	0.00797112	0.0591813	0.0180367	0.0124435	0.19526	0.00332804	0.172375	0.0403312	0.145411	0.0873915	0.00289863	0.000406096	0.010629
70	0.200389	0.0642925	0.00175595	0.00237185	0.00556124	0.0261268	0.00151127	0.104072	0.00209946	0.296423	0.0465336	0.00263165	0.0135165	0.00263714	0.00244918	0.0299732	0.077785	0.118462	0.000352453	0.00105634
71	0.0193505	0.0136211	0.00131195	0.00202088	0.0360735	0.00231382	0.000423709	0.180249	0.000575484	0.550937	0.08445	0.0025353	0.0049548	0.00364071	0.00139998	0.00728041	0.012428	0.0739449	0.00213347	0.000355595
72	0.0872178	0.0555291	0.0192371	0.00223631	0.0151025	0.0195076	0.00193874	0.240491	0.0118358	0.194349	0.0596268	0.0231298	0.00216635	0.00491174	0.0228228	0.0562148	0.0239081	0.157734	0.0007541	0.00128645
73	0.127579	0.0164943	0.043079	0.0541962	0.019823	0.0944352	0.00818542	0.00161897	0.0684201	0.00952627	0.0297007	0.0779117	0.00791925	0.0483827	0.0540592	0.227731	0.0891198	0.0159269	0.000497381	0.00539346
74	0.0469377	0.0319633	0.000640079	0.000920218	0.041505	0.000871258	0.000631158	0.384852	0.00353154	0.0780658	0.0113619	0.000937154	0.000600701	0.0012278	0.00081275	0.00149438	0.00279741	0.37948	0.000181569	0.011189
75	0.00414842	0.00138117	0.00108251	0.00158586	0.0432085	0.0012856	0.000900832	0.0435459	0.00145444	0.546531	0.324864	0.00163314	0.00192214	0.0017634	0.00137022	0.0025483	0.00211007	0.0173617	0.000353293	0.000949749
76	0.0896451	0.0282477	0.000788553	0.00105697	0.00637514	0.00751089	0.00077191	0.179167	0.00224922	0.0551765	0.00918771	0.0052358	0.00145295	0.00101383	0.000989876	0.0575213	0.0992367	0.45339	0.000189576	0.000793426
77	0.0695172	0.0317908	0.0104193	0.0993554	0.00799256	0.0117798	0.0104691	0.00593257	0.0285959	0.0350471	0.00633487	0.00900274	0.545895	0.03289	0.0121894	0.0330362	0.0204017	0.0219412	0.00100126	0.006408
78	0.0868505	0.0439089	0.0151982	0.00220961	0.0157873	0.0192973	0.00180354	0.24531	0.0105259	0.173903	0.0621574	0.020952	0.00190689	0.00508017	0.0229166	0.0553396	0.0265723	0.188217	0.000671977	0.0013919
79	0.0802126	0.00805207	0.0047129	0.00539806	0.00173487	0.00969437	0.00320464	0.00278611	0.00629554	0.0309409	0.00116374	0.0020526	0.807545	0.00461635	0.00423366	0.00854857	0.00800371	0.00818072	0.000332387	0.00229144
80	0.0323447	0.16778	0.0108326	0.13808	0.00953463	0.0557908	0.0535285	0.0145958	0.0131056	0.0660165	0.0136885	0.0193871	0.0165647	0.188958	0.013438	0.0811444	0.0224004	0.0681602	0.00324286	0.011407
81	0.0217697	0.0321248	0.00900816	0.0127771	0.117496	0.010263	0.0652883	0.011896	0.00641506	0.0329665	0.00759744	0.0198533	0.146379	0.0185961	0.0173037	0.0434615	0.0147474	0.0243966	0.0101695	0.377492
82	0.0335062	0.0206591	0.00787009	0.0181917	0.0543709	0.0135869	0.0840639	0.0109081	0.0124194	0.0618097	0.00977115	0.0152343	0.328994	0.017861	0.0445795	0.126448	0.01997	0.0529117	0.00238496	0.0644592
83	0.0367846	0.0220562	0.00120602	0.00223497	0.0390196	0.00280889	0.00298204	0.174644	0.00210932	0.42187	0.110598	0.00322258	0.00491688	0.00640215	0.00191046	0.015548	0.0446039	0.0978313	0.00369849	0.00555254
84	0.0243125	0.0159799	0.00572476	0.00921586	0.184017	0.00656068	0.0393419	0.0533704	0.00861018	0.166737	0.0387323	0.0277653	0.0137567	0.0251682	0.0177065	0.0255597	0.0684131	0.0539887	0.00789331	0.207146
85	0.0736034	0.0422502	0.00517749	0.00600836	0.0209377	0.0495089	0.0175159	0.0278029	0.00843517	0.0113763	0.00539107	0.0105255	0.0230297	0.0221973	0.0066288	0.356914	0.278875	0.0149996	0.000670112	0.0181523
86	0.178463	0.0144318	0.0543773	0.0348221	0.0106632	0.106909	0.00869653	0.0251673	0.0302122	0.0411232	0.032074	0.0741744	0.0287281	0.0319277	0.0226468	0.158112	0.0978369	0.040019	0.00160736	0.00800764
87	0.103072	0.0593629	0.00390353	0.003802	0.0045088	0.0114499	0.00395281	0.0323712	0.00505063	0.0550694	0.00296936	0.00511778	0.0183262	0.0311786	0.0146506	0.28863	0.287245	0.0534858	0.000675265	0.0151781
88	0.0287415	0.0264282	0.00395775	0.0023916	0.0209174	0.00423133	0.00209376	0.299313	0.00309786	0.370583	0.0697808	0.0109907	0.00341875	0.00540445	0.00539973	0.0273281	0.0186768	0.0943089	0.00198356	0.000952574
89	0.374751	0.0034918	0.054151	0.0502294	0.0023356	0.00270936	0.00292682	0.0158832	0.0150644	0.0160321	0.00288205	0.00405618	0.00208718	0.0355624	0.0150044	0.144251	0.194537	0.0611478	0.000743969	0.00215366
90	0.0241439	0.00671995	0.00484645	0.0799482	0.0104756	0.0393911	0.0153326	0.0491301	0.0797376	0.156255	0.121266	0.00972851	0.00405147	0.133341	0.0781318	0.0116536	0.0168273	0.094617	0.00136985	0.0630329
91	0.0239284	0.0269444	0.00733274	0.0136907	0.0963144	0.00188235	0.0761307	0.0332962	0.0144378	0.240812	0.0464627	0.0431497	0.00213979	0.0605437	0.0433627	0.0267497	0.0232383	0.0287175	0.000463469	0.190403
92	0.0213948	0.0053349	0.0605004	0.0344222	0.00112001	0.57546	0.0053045	0.00531143	0.0619142	0.00187586	0.00112187	0.146576	0.000749286	0.0196215	0.0143098	0.0360759	0.00186246	0.0017841	0.000306226	0.00495434
93	0.370493	0.0225068	0.00638903	0.020986	0.00778246	0.203149	0.00339791	0.0507178	0.0055932	0.0829621	0.034026	0.00644003	0.00624423	0.00694015	0.0206264	0.068843	0.0313016	0.047558	0.000798974	0.00324356
94	0.0632739	0.0140355	0.0065351	0.061374	0.0229653	0.0245782	0.115942	0.0255949	0.0548587	0.00637162	0.0024695	0.0258511	0.00224354	0.0712696	0.111737	0.0945368	0.200146	0.0728519	0.000571732	0.022794
95	0.134384	0.0317518	0.00401246	0.0600453	0.0368317	0.00435264	0.00417121	0.0219821	0.0481886	0.126128	0.0627261	0.00770526	0.11857	0.219312	0.00544643	0.00843584	0.0237528	0.0778066	0.000729996	0.00366675
96	0.0811148	0.0281578	0.000570894	0.000849925	0.0101688	0.00738951	0.000575698	0.170233	0.00207429	0.061034	0.0102658	0.00486464	0.0007071	0.00088944	0.000752308	0.0474325	0.0756842	0.495635	0.000155364	0.00144487
97	0.0323328	0.015104	0.0600393	0.0224698	0.00305453	0.0523712	0.0446279	0.00376435	0.0623515	0.0321296	0.01311	0.0470226	0.427639	0.0338684	0.00727146	0.13036	0.00447362	0.00472035	0.000551591	0.00273826
98	0.0198669	0.0244208	0.0141246	0.00715428	0.148766	0.0054306	0.0591534	0.0125428	0.00525925	0.0286911	0.00859778	0.0275592	0.0106091	0.0131007	0.0109694	0.0144207	0.00925202	0.0140237	0.0196201	0.546438
99	0.00598984	0.00780782	0.0123023	0.0217543	0.137885	0.0124854	0.0449718	0.00563648	0.00339154	0.0378898	0.00457742	0.0368609	0.015158	0.0447435	0.02335	0.026938	0.00629152	0.0057749	0.00231298	0.543879
100	0.0103841	0.00796569	0.00150963	0.00200625	0.0480727	0.00191315	0.0018987	0.0945062	0.00231723	0.555118	0.200435	0.00244077	0.00290892	0.00375399	0.00226483	0.00630559	0.0076861	0.0429526	0.000999056	0.0045611
101	0.0246498	0.0236328	0.322138	0.0567799	0.00884107	0.001963	0.0167366	0.00907676	0.0509301	0.021412	0.00209045	0.199878	0.00474596	0.0177483	0.0335413	0.0684728	0.0846728	0.046576	0.000378716	0.0057352
102	0.0569088	0.0137669	0.0517479	0.399728	0.00547366	0.0115109	0.00978389	0.00648868	0.0348192	0.0148838	0.0127062	0.023215	0.0936488	0.154309	0.0171024	0.0361151	0.0283688	0.019605	0.00203802	0.00777925
103	0.0362466	0.0362848	0.131544	0.0684383	0.00513408	0.00189484	0.0223679	0.0180533	0.0889187	0.0177583	0.00181635	0.221896	0.00917213	0.022132	0.0452638	0.054767	0.13566	0.0723689	0.000510381	0.00977228
104	0.0430844	0.00326526	0.00258956	0.0042876	0.0104637	0.00269261	0.00255708	0.1867	0.00383564	0.0757191	0.00281116	0.00441343	0.324706	0.00446648	0.0157214	0.0298666	0.0582606	0.221377	0.000778911	0.00240334
105	0.00498589	0.00279009	0.00190693	0.00330818	0.00193529	0.0021604	0.0019222	0.0132125	0.355253	0.00452314	0.00253181	0.0129885	0.00168694	0.00576771	0.521125	0.0177608	0.0198811	0.0236772	0.000685176	0.00189846
106	0.452425	0.0522396	0.00313037	0.00865421	0.0146366	0.206707	0.00256103	0.0468963	0.00384259	0.0502635	0.0117266	0.00402425	0.0050646	0.0045855	0.00770004	0.037502	0.0214913	0.0633169	0.000627413	0.00260476
107	0.019099	0.0164559	0.000685581	0.00151026	0.0374094	0.00118698	0.000500318	0.1832	0.000545818	0.496448	0.115889	0.00172394	0.00469826	0.00509277	0.000904837	0.00718302	0.0169825	0.0868091	0.0032842	0.000390244
108	0.182109	0.0803474	0.00383217	0.00590429	0.0363364	0.00600771	0.00373006	0.167708	0.00647956	0.0352692	0.0178016	0.00632919	0.00419617	0.00627912	0.00538498	0.0177054	0.0401569	0.301363	0.00126621	0.0717937
109	0.0456584	0.0378173	0.00115761	0.00110586	0.0380358	0.00138296	0.000719642	0.356834	0.00338557	0.105775	0.026187	0.00185466	0.000748534	0.00194533	0.00169319	0.00606253	0.00786181	0.352226	0.000349392	0.0091989
110	0.0812487	0.02718	0.00132414	0.00178563	0.0078441	0.00853182	0.00169823	0.183575	0.00320829	0.0630346	0.0140034	0.00579283	0.00430573	0.00183452	0.00173848	0.0609003	0.0906025	0.439983	0.00040472	0.00100416
111	0.0393897	0.0192564	0.02873	0.0208373	0.0064262	0.0253676	0.0159634	0.00830681	0.0593413	0.0154206	0.00701903	0.425219	0.0196815	0.0361115	0.0251063	0.186932	0.0357994	0.0138692	0.00152393	0.00969872
112	0.0756171	0.00791101	0.00506419	0.00748839	0.00173733	0.0100135	0.0025506	0.00138918	0.00751006	0.0267095	0.00117494	0.00207181	0.805221	0.00524381	0.00454542	0.0158033	0.0106591	0.0070543	0.000360559	0.00187477
113	0.0444155	0.00377774	0.0137726	0.0100166	0.001811	0.823654	0.00265721	0.00239354	0.015958	0.00298631	0.00141259	0.0325452	0.00277793	0.00598436	0.00500016	0.0205947	0.00470329	0.0030139	0.000399561	0.0021256
114	0.0320883	0.0181158	0.0398885	0.0199254	0.0057138	0.0285078	0.0196841	0.011729	0.0782734	0.0208825	0.00707509	0.531423	0.00729273	0.0384052	0.0208463	0.0700861	0.0253306	0.0134462	0.00172165	0.00956411
115	0.0640633	0.0104865	0.00903591	0.0183367	0.0058925	0.0112234	0.0098214	0.00541925	0.0154613	0.0274728	0.00263726	0.00641167	0.716078	0.0112152	0.0170983	0.0324854	0.0134638	0.0154299	0.000601729	0.00736559
116	0.111893	0.0880462	0.00400523	0.00487719	0.00683235	0.0126722	0.00339727	0.0605568	0.00707936	0.0437983	0.00889455	0.00971526	0.010848	0.0146576	0.00883316	0.191417	0.216812	0.187489	0.000800228	0.00737536
117	0.0384925	0.00312903	0.00604155	0.00456945	0.00193541	0.899879	0.00165407	0.00170596	0.00300035	0.00208847	0.00144437	0.00931403	0.00257667	0.00239808	0.00176291	0.0146943	0.00173945	0.00254166	0.000197954	0.000835143
118	0.0865847	0.00832514	0.00933419	0.0709095	0.00299315	0.0338114	0.0437486	0.0113909	0.0439417	0.0163111	0.0105645	0.192763	0.00502654	0.182788	0.0377303	0.144569	0.0805004	0.00481735	0.000676679	0.0132128
119	0.0875295	0.0298268	0.000590933	0.000865952	0.00772168	0.00873551	0.000632042	0.138324	0.00239065	0.0603544	0.0123296	0.00584338	0.000906391	0.000875027	0.000834964	0.0572787	0.0865967	0.497447	0.000144565	0.000772416
120	0.0877328	0.00766007	0.174304	0.380803	0.000487384	0.0195483	0.00919699	0.00494296	0.0800297	0.0059842	0.00534018	0.0354679	0.00678801	0.102279	0.02939	0.0308452	0.0157718	0.00112968	0.00170611	0.000593109
121	0.137387	0.00336594	0.151564	0.12609	0.00422511	0.0217766	0.04818	0.0249673	0.0203131	0.0101585	0.00383731	0.0551506	0.00584495	0.0381901	0.0423242	0.15374	0.10195	0.0444211	0.00146465	0.00504984
122	0.00572027	0.00284939	0.00255396	0.0049008	0.0357244	0.00121759	0.00264159	0.495531	0.00404426	0.155096	0.0971102	0.00280461	0.00105919	0.0112861	0.00207289	0.00448927	0.0105335	0.154089	0.000471334	0.00580507
123	0.0498558	0.0118664	0.0426318	0.205719	0.00085284	0.0109778	0.0170495	0.00613874	0.243133	0.00953804	0.00706551	0.051706	0.000788122	0.119287	0.160423	0.0274686	0.00836589	0.0216845	0.00042377	0.00502553
124	0.0877328	0.00766007	0.174304	0.380803	0.000487384	0.0195483	0.00919699	0.00494296	0.0800297	0.0059842	0.00534018	0.0354679	0.00678801	0.102279	0.02939	0.0308452	0.0157718	0.00112968	0.00170611	0.000593109
125	0.0464581	0.0297654	0.000855646	0.00129433	0.0421146	0.000850814	0.000930065	0.40715	0.00426143	0.0859216	0.01262	0.000890693	0.000557832	0.0019342	0.000803307	0.00147908	0.00179665	0.348337	0.000176527	0.0118028
126	0.0462798	0.0295741	0.000874872	0.00138571	0.042301	0.000855356	0.000999906	0.409275	0.00440488	0.0869109	0.0130374	0.000892214	0.000560897	0.00207161	0.000811478	0.00147921	0.00177323	0.344522	0.000190565	0.0117997
127	0.0324155	0.00658722	0.0713828	0.176254	0.000811726	0.006995	0.0203471	0.00286645	0.232856	0.0115863	0.00720422	0.0666297	0.000877851	0.125607	0.170968	0.0359127	0.0205022	0.00750416	0.000232458	0.00246017
128	0.00248384	0.0153986	0.000865963	0.00471642	0.506249	0.000971512	0.000985568	0.0765598	0.00119918	0.156529	0.0274325	0.00180736	0.000801409	0.00150458	0.00448231	0.00245753	0.0055425	0.0423687	0.000702621	0.146941
129	0.392267	0.379475	0.00255916	0.00309324	0.00254498	0.00438528	0.00190062	0.00624244	0.0117581	0.0126934	0.00186907	0.0261345	0.00191488	0.00335024	0.00276375	0.0464382	0.040229	0.0584619	0.000447572	0.00147213
130	0.027177	0.00446583	0.00376003	0.223927	0.00371537	0.00391566	0.189581	0.0052367	0.176285	0.00788244	0.00428898	0.175266	0.00338548	0.0245483	0.0425964	0.00896352	0.00672954	0.00791257	0.00110045	0.0792631
131	0.00895822	0.0240481	0.0685688	0.0157687	0.00153554	0.154666	0.00971199	0.00254545	0.192024	0.00450618	0.00219829	0.236785	0.00156638	0.0389829	0.140577	0.0660529	0.0255397	0.00360232	0.000706776	0.00165488
132	0.0155546	0.0106097	0.00144487	0.00251091	0.0291583	0.00202867	0.000765295	0.246751	0.00107602	0.491921	0.0704741	0.0030607	0.00389889	0.00402623	0.00146843	0.00660382	0.0139522	0.0925498	0.0016244	0.000521274
133	0.071392	0.081529	0.000654839	0.00332165	0.0173643	0.00364929	0.000785487	0.131809	0.00168575	0.173254	0.0943476	0.00157981	0.00108101	0.00214596	0.00117633	0.0231719	0.058751	0.328499	0.000253098	0.00354848
134	0.00678129	0.00315122	0.00264174	0.00614429	0.0109378	0.00114145	0.00261955	0.483026	0.00470986	0.242212	0.0292964	0.00383273	0.00101316	0.00788329	0.00210178	0.0047451	0.0148651	0.171941	0.000253635	0.000701903
135	0.00473659	0.00278803	0.000941078	0.00146612	0.0455748	0.00108882	0.000827468	0.0609376	0.00123111	0.549142	0.295184	0.00133605	0.00176307	0.00164985	0.00111177	0.00269315	0.00394635	0.0219579	0.000873956	0.000750632
136	0.598717	0.0412581	0.00121164	0.00177371	0.00117645	0.0561057	0.00110089	0.00165566	0.00172769	0.00250443	0.00106935	0.00252975	0.00319898	0.0064712	0.00143935	0.246482	0.00221956	0.0280207	0.000349549	0.000988124
137	0.0442667	0.00959149	0.370947	0.204217	0.00373952	0.0131579	0.010402	0.00531781	0.0616935	0.0104412	0.00847217	0.0522729	0.0154167	0.056893	0.0446409	0.0482077	0.0222741	0.0107481	0.00178432	0.00551557
138	0.0601656	0.0117937	0.0750817	0.480057	0.00703013	0.0208053	0.0142057	0.0106807	0.0471253	0.0170062	0.00873634	0.0308265	0.0276065	0.0660715	0.0248311	0.0410712	0.0301132	0.0169406	0.00246489	0.00738648
139	0.0847969	0.0375624	0.00275876	0.00446091	0.0148539	0.00947195	0.0023677	0.151363	0.0046811	0.0987487	0.0288204	0.00652437	0.00315469	0.00433324	0.00250472	0.0450036	0.0681774	0.4248	0.00123452	0.00438139
140	0.0168658	0.011847	0.00769097	0.00731298	0.173856	0.00638122	0.0559672	0.0254801	0.0044739	0.0470882	0.0157296	0.0177122	0.011582	0.0157073	0.0128043	0.0174761	0.0273388	0.0267162	0.0219471	0.476023
141	0.0788848	0.0139833	0.033948	0.1708	0.00711749	0.018302	0.0133586	0.00736404	0.0283616	0.0157282	0.0178861	0.0422706	0.0354989	0.347887	0.0214799	0.0771422	0.041513	0.0188101	0.000861896	0.00880266
142	0.122674	0.00262564	0.15148	0.203637	0.00386935	0.0388694	0.0370306	0.0108369	0.0321703	0.0232767	0.00979895	0.0428573	0.00430363	0.0564702	0.0241522	0.0943578	0.0943884	0.0351319	0.00100288	0.011066
143	0.0436518	0.0760969	0.0162356	0.0219815	0.0196649	0.0195416	0.0234855	0.0166973	0.0192731	0.028542	0.0137457	0.192162	0.105674	0.0258417	0.0178269	0.208197	0.0461451	0.0257419	0.00438783	0.0751074
144	0.00861779	0.00597387	0.00163821	0.00355201	0.00515818	0.00835616	0.00149597	0.498362	0.0022556	0.0447771	0.00382849	0.00202921	0.00123443	0.00300054	0.00290005	0.00365487	0.0217296	0.378908	0.000334176	0.00219328
145	0.0134202	0.00793872	0.00588842	0.00215336	0.243096	0.00610406	0.0444856	0.014371	0.00153083	0.00729296	0.00539029	0.00295275	0.003496	0.0027488	0.00631368	0.0109182	0.00533605	0.0129123	0.0430023	0.560648
146	0.195407	0.00119366	0.0677221	0.0963432	0.00362673	0.0699963	0.0231788	0.0379537	0.0496224	0.0291867	0.0106863	0.0324389	0.0161227	0.0448881	0.0225145	0.106937	0.0903769	0.0852336	0.00639804	0.0101734
147	0.0418005	0.00236477	0.0888557	0.221358	0.00167261	0.0109912	0.00201187	0.00268992	0.184434	0.0036387	0.00245562	0.0123691	0.211704	0.0844104	0.0699031	0.0151728	0.020941	0.0210688	0.000557686	0.00160061
148	0.0104451	0.0175475	0.00263141	0.00548711	0.460251	0.00351879	0.00534654	0.086678	0.00332169	0.139398	0.0276235	0.00477586	0.00239345	0.00473188	0.00611456	0.0084695	0.00923319	0.0516757	0.00501679	0.145341
149	0.00562839	0.00284437	0.0133903	0.025788	0.0526712	0.00248461	0.295996	0.198692	0.0255619	0.057301	0.00273362	0.029274	0.00225995	0.0254341	0.00257433	0.0157814	0.0547451	0.15172	0.000529937	0.0345887
150	0.0424541	0.0357106	0.0058531	0.0121834	0.00720622	0.0201511	0.00592728	0.00998179	0.0137515	0.0111069	0.00549915	0.0185865	0.0242206	0.0143778	0.00799271	0.645095	0.100901	0.0130337	0.00127253	0.00469551
151	0.0899032	0.0888023	0.00282444	0.00475251	0.22842	0.00306326	0.00349579	0.00549082	0.00449042	0.0654198	0.208686	0.00532523	0.00272524	0.00502334	0.00431087	0.0675561	0.00566887	0.124388	0.0123241	0.067329
152	0.00518502	0.00285759	0.00189014	0.00322663	0.002013	0.00235219	0.00198252	0.0127327	0.366919	0.00452651	0.00252261	0.0125121	0.0017087	0.0046854	0.515	0.0159799	0.0183485	0.0229722	0.000673943	0.00191145
153	0.0241198	0.0203981	0.00040137	0.00125051	0.0327651	0.000510497	0.000618026	0.200541	0.000661462	0.414504	0.120358	0.00149737	0.00532934	0.00801848	0.000606299	0.0103773	0.0229521	0.131239	0.00341689	0.000435082
154	0.0526714	0.0224315	0.00262374	0.269984	0.00451689	0.0162126	0.00548338	0.00607799	0.00526633	0.00855233	0.0229295	0.0281456	0.0766591	0.300442	0.0107657	0.0649686	0.0472245	0.0355089	0.000587633	0.0189483
155	0.0190377	0.0127082	0.00138977	0.00218306	0.0343741	0.00237439	0.000441382	0.177647	0.000675527	0.56191	0.0775224	0.00232873	0.0049003	0.00352529	0.00151071	0.00679432	0.0114744	0.0767491	0.00188544	0.000567758
156	0.0913125	0.0389686	0.00100502	0.00121522	0.0461598	0.0012318	0.00110082	0.359639	0.003758	0.0646312	0.0126347	0.00137945	0.000960622	0.00165987	0.00117419	0.00242546	0.00472817	0.340852	0.000288622	0.0248749
157	0.0395145	0.0413934	0.00382923	0.00701099	0.0046847	0.0203234	0.00400526	0.0112668	0.00847067	0.00691226	0.00387206	0.0150549	0.0104661	0.0104846	0.00533383	0.653794	0.132601	0.0162912	0.000476072	0.00421543
158	0.0026171	0.0161276	0.000936065	0.00555655	0.51533	0.00101462	0.000989334	0.056606	0.00125423	0.164051	0.0220172	0.00197755	0.000759727	0.0015246	0.00523513	0.0025199	0.00692052	0.0305327	0.000721937	0.163308
159	0.00819942	0.00451474	0.00398028	0.00540341	0.0210343	0.00416693	0.638982	0.00495806	0.00465774	0.0409333	0.0374408	0.0729547	0.00320297	0.0683716	0.00440154	0.00850946	0.0062427	0.0062828	0.000903901	0.0548588
160	0.0359487	0.0485148	0.00223152	0.00309972	0.00410194	0.0160686	0.00364037	0.00887378	0.0046532	0.00484583	0.00342631	0.0127624	0.00672517	0.00813393	0.00252535	0.687979	0.13464	0.00797463	0.000461035	0.00339399
161	0.0911589	0.0284631	0.000820395	0.00106735	0.00640227	0.00742326	0.000814228	0.180438	0.00233305	0.0543004	0.00885568	0.00525121	0.00128611	0.00103227	0.000999502	0.0576817	0.0989377	0.45149	0.00020089	0.00104382
162	0.0390036	0.00538559	0.00244141	0.00303541	0.121738	0.00833519	0.0466471	0.124043	0.00336544	0.0976859	0.0694361	0.0233665	0.021405	0.0102672	0.00339409	0.0527438	0.115276	0.101496	0.020438	0.130496
163	0.0712865	0.00510803	0.0173085	0.0126798	0.0026022	0.796568	0.0037818	0.00357857	0.00679325	0.00457243	0.00288293	0.0160744	0.00380226	0.00697105	0.00397648	0.0253636	0.00653112	0.00781931	0.000362715	0.00193711
164	0.0609568	0.0104234	0.081449	0.490268	0.00542879	0.0173541	0.0130507	0.00892782	0.0464163	0.0157068	0.00885328	0.032755	0.0281246	0.0742777	0.0232056	0.0370432	0.0250441	0.0125102	0.00259707	0.00560708
165	0.0711903	0.358719	0.0733256	0.0311299	0.0205365	0.019117	0.0103718	0.015504	0.0191082	0.0443519	0.0109303	0.0276222	0.0142687	0.0217186	0.0139825	0.143669	0.0477517	0.0428948	0.00226818	0.0115402
166	0.0432748	0.00322791	0.00514174	0.00382726	0.00166855	0.901231	0.00162751	0.00119733	0.00219892	0.00196901	0.00119193	0.00733639	0.0024371	0.00191866	0.00147825	0.0150682	0.00177191	0.00241973	0.000172134	0.000841482
167	0.0143324	0.00735794	0.00940552	0.0206304	0.0139068	0.010257	0.0421566	0.0459593	0.0763292	0.284761	0.0603416	0.0104116	0.00384379	0.147897	0.120184	0.0295206	0.0187859	0.0345268	0.00127902	0.0481138
168	0.0233029	0.0143181	0.0197339	0.0306493	0.0073755	0.0179829	0.0131975	0.0129947	0.118961	0.0311994	0.0102624	0.0365979	0.00777039	0.116239	0.397077	0.0693113	0.0368881	0.0239833	0.00274452	0.00941093
169	0.281123	0.0222847	0.00355652	0.00304239	0.00214377	0.538959	0.00144564	0.00424272	0.00248724	0.00612464	0.00290846	0.00406764	0.00892009	0.00341837	0.0023638	0.0917814	0.00458172	0.0151542	0.000262297	0.00113205
170	0.0427002	0.00292012	0.00434611	0.0034231	0.00169569	0.908177	0.00152534	0.00108155	0.00139667	0.00176432	0.00119053	0.00512663	0.00246812	0.00170749	0.00123323	0.014215	0.00166901	0.00243183	0.000183651	0.000744384
171	0.0175398	0.0136995	0.0044741	0.00315427	0.293318	0.00588242	0.0312957	0.021917	0.00203751	0.036433	0.0272967	0.00567261	0.00477011	0.00389509	0.0052484	0.0140572	0.00896066	0.0266042	0.0365765	0.437168
172	0.0794272	0.0820275	0.00267815	0.00419882	0.23487	0.0030094	0.00311356	0.00406669	0.00388663	0.0726161	0.222127	0.00489303	0.0024291	0.00483777	0.00340561	0.0511932	0.00540881	0.137663	0.0152355	0.0629135
173	0.109721	0.0208179	0.10971	0.301937	0.00923563	0.0194358	0.0346511	0.00683903	0.0345475	0.0233589	0.0081276	0.0369937	0.0245367	0.120534	0.0168915	0.0568058	0.0487256	0.00858582	0.000986201	0.00755979
174	0.0309472	0.032878	0.000884325	0.00134724	0.0294373	0.0011146	0.000670268	0.204188	0.000979542	0.354921	0.123732	0.00189939	0.00386663	0.00691558	0.00147317	0.014352	0.0270358	0.159553	0.00292343	0.000882542
175	0.0565108	0.0344762	0.00314936	0.191756	0.0165987	0.00719908	0.0173033	0.0169682	0.00529473	0.026628	0.0399169	0.049546	0.0184706	0.361101	0.020688	0.0210429	0.0253301	0.0509204	0.000763277	0.0363369
176	0.00456709	0.00172612	0.00165176	0.00226354	0.140676	0.00154951	0.0015756	0.368203	0.00213199	0.149992	0.121717	0.00212223	0.00129358	0.00418788	0.00175783	0.00366058	0.00292339	0.164274	0.000495052	0.0232316
177	0.0238519	0.0269266	0.00740353	0.0137641	0.0961195	0.00189927	0.0761295	0.0333284	0.0144792	0.240708	0.0464587	0.0428613	0.00211137	0.0603702	0.0434352	0.0267018	0.0233168	0.0288179	0.000463547	0.190853
178	0.0308612	0.0267544	0.106217	0.0458673	0.00622723	0.0172146	0.0197529	0.0114914	0.129389	0.0152831	0.00367921	0.269376	0.0066942	0.0286139	0.056295	0.0667239	0.109829	0.0406282	0.00109049	0.00801204
179	0.014453	0.0462642	0.00164029	0.00243504	0.042459	0.00181216	0.0223912	0.0819696	0.040326	0.404772	0.117617	0.00891919	0.0013149	0.0234455	0.0161197	0.0565747	0.0308889	0.0708216	0.00119658	0.0145799
180	0.119525	0.0650824	0.00719788	0.00481642	0.0775935	0.00781582	0.00371137	0.175536	0.0239692	0.100917	0.0727502	0.0100156	0.00304267	0.006389	0.0523981	0.0870519	0.0298498	0.147094	0.000884646	0.00436025
181	0.0871439	0.0981029	0.0043424	0.00359578	0.00426275	0.020091	0.00367903	0.0229356	0.00728781	0.0188003	0.00298006	0.0122509	0.0126417	0.014301	0.00640375	0.385126	0.252327	0.0360743	0.000665813	0.00698723
182	0.0863823	0.0358567	0.00162612	0.00140312	0.0104132	0.0105146	0.000634392	0.145954	0.00431175	0.0884526	0.0336968	0.0055822	0.000826318	0.00147651	0.00277336	0.0538814	0.0790192	0.435852	0.000162069	0.00118187
183	0.132159	0.0208438	0.0500804	0.0408156	0.0254573	0.097263	0.00849085	0.00238886	0.0621938	0.0144004	0.0470872	0.0809909	0.0129874	0.0559043	0.0499591	0.183814	0.0884489	0.0178897	0.000612933	0.00821301
184	0.0420296	0.0249492	0.00545469	0.00552042	0.0174843	0.00651193	0.00872715	0.193766	0.0103399	0.3573	0.0619762	0.008887	0.00536836	0.0235468	0.00949618	0.108755	0.017563	0.0840187	0.00409241	0.00421364
185	0.0932574	0.309034	0.0433354	0.0136742	0.0148066	0.0143225	0.00698382	0.0157128	0.0105586	0.0582614	0.00798124	0.0188178	0.00914878	0.0151381	0.0102483	0.208199	0.103003	0.0387789	0.00147286	0.00726474
186	0.0994978	0.0173743	0.00609435	0.00770061	0.00332203	0.0365706	0.00531759	0.00395608	0.00757443	0.00781779	0.00310868	0.0257096	0.43557	0.00905896	0.00447847	0.262919	0.0470332	0.012773	0.000817593	0.00330614
187	0.0441958	0.0146478	0.00468482	0.00713233	0.00450555	0.0407718	0.00522404	0.00652366	0.00688499	0.00861122	0.00449003	0.112965	0.272253	0.00797188	0.00560783	0.298621	0.103832	0.0444424	0.00107138	0.00556386
188	0.0878964	0.0271948	0.000590686	0.000855876	0.00765739	0.00868215	0.000644796	0.141983	0.00230351	0.0605523	0.0110651	0.00613791	0.00111435	0.000893738	0.000932117	0.0564943	0.0894834	0.49462	0.000163147	0.000734173
189	0.157592	0.00293682	0.0467568	0.0410901	0.00214481	0.0724852	0.0100411	0.0687039	0.0202953	0.0802822	0.0174923	0.0322109	0.0286425	0.0364003	0.0104002	0.140757	0.110812	0.103469	0.0032978	0.0141902
190	0.294006	0.0190394	0.00585818	0.00841663	0.00346029	0.459445	0.00245451	0.00523259	0.00448616	0.00755669	0.00391044	0.00723936	0.0346891	0.00705284	0.00350483	0.104033	0.00905019	0.0180598	0.000700725	0.00180462
191	0.0406997	0.0163257	0.00812834	0.09286	0.013297	0.0110924	0.0204753	0.0163525	0.0325539	0.0376941	0.0623452	0.0274537	0.0304607	0.460075	0.0254834	0.0369669	0.0208417	0.02933	0.00198793	0.0155765
