767	20
1	0.03948	0.00167804	0.00137773	0.0067184	0.0199577	0.00317347	0.00331546	0.278533	0.0393034	0.19521	0.0610225	0.00374114	0.0163441	0.0134465	0.0113867	0.0138121	0.0581972	0.198173	0.00196087	0.033168
2	0.0847786	0.00398539	0.0121308	0.0179559	0.00943595	0.0077248	0.0631119	0.0250481	0.0270391	0.021348	0.010695	0.033346	0.357702	0.15734	0.0171657	0.0686337	0.0454439	0.015246	0.00143656	0.020432
3	0.00825119	0.000971386	0.211618	0.00538619	0.035853	0.0502656	0.0679438	0.00642152	0.0241988	0.00342671	0.00288672	0.482462	0.00154838	0.00710904	0.0101569	0.0308199	0.00749596	0.00522598	0.000566825	0.0373917
4	0.00685063	0.00545075	0.00104905	0.00117478	0.203735	0.00227433	0.00118896	0.0623656	0.00181017	0.513957	0.114581	0.00223275	0.00146534	0.00159016	0.00179408	0.006354	0.00511502	0.0255387	0.00832018	0.033152
5	0.00374702	0.00115486	0.000745718	0.000976608	0.0096614	0.000790618	0.000704173	0.323116	0.0014079	0.488199	0.0523376	0.00898788	0.000617419	0.00240029	0.00194931	0.0164374	0.00349931	0.0812942	0.000818082	0.00115526
6	0.0779945	0.00360868	0.117661	0.26235	0.00508832	0.0398633	0.00410786	0.0153635	0.0499583	0.0105221	0.0074887	0.0594589	0.00106729	0.0846376	0.0394292	0.141823	0.0513896	0.0221636	0.000237976	0.0057869
7	0.0160479	0.00037429	0.000307771	0.00151996	0.0206439	0.00041512	0.00257822	0.441277	0.00103994	0.159047	0.0892495	0.000877431	0.00263544	0.000976889	0.00184129	0.00546079	0.0199599	0.232001	0.00040981	0.00333668
8	0.0375577	0.00362544	0.0348358	0.0781854	0.00899167	0.0224319	0.0304161	0.024982	0.179305	0.0249547	0.0214042	0.0438506	0.0198476	0.224381	0.126076	0.0439413	0.0330838	0.023891	0.00318341	0.0150561
9	0.0110486	0.00119615	0.0018133	0.00273969	0.0386084	0.00171732	0.0028827	0.15865	0.167191	0.177096	0.00572661	0.0240185	0.00295368	0.0083661	0.143288	0.00635003	0.0996699	0.131199	0.000579141	0.0149055
10	0.0617164	0.00144684	0.281125	0.196473	0.0088713	0.0140042	0.00879013	0.0123563	0.0633638	0.00808841	0.00762178	0.119447	0.0065598	0.0482257	0.0288067	0.0790189	0.0339708	0.0148841	0.00030376	0.00492611
11	0.318245	0.0239898	0.00906777	0.0213942	0.00345671	0.122023	0.00262088	0.00738167	0.0169236	0.00847251	0.00632904	0.0208729	0.0037918	0.00792266	0.00858029	0.357776	0.0322392	0.0215222	0.000700513	0.00669047
12	0.00142644	0.00769767	0.000419654	0.00169591	0.438001	0.000725274	0.0305167	0.01298	0.00651236	0.0474407	0.0127231	0.00781182	0.000445336	0.00105906	0.00519269	0.0101772	0.00615888	0.010372	0.00728022	0.391364
13	0.0304881	0.010865	0.124584	0.207759	0.000867128	0.0390767	0.0301782	0.00247002	0.115055	0.00284299	0.000926064	0.102839	0.000611968	0.137981	0.102063	0.0522178	0.0174966	0.00202995	0.000321401	0.0193281
14	0.0483727	0.0267992	0.00187244	0.00382973	0.101892	0.00243929	0.0156004	0.261312	0.0336318	0.0370275	0.0275543	0.0326508	0.0080848	0.00771648	0.0161749	0.0267622	0.0598139	0.161408	0.00147002	0.125587
15	0.0652277	0.00367996	0.00764276	0.00918175	0.296995	0.0527919	0.0107673	0.0183668	0.0137093	0.0663492	0.0509695	0.0619061	0.108849	0.0143206	0.0116015	0.132119	0.0230234	0.0197819	0.00569079	0.0270264
16	0.0289317	0.0040068	0.00157379	0.00212421	0.00147398	0.00302316	0.00119721	0.00189035	0.0108528	0.00201935	0.000892937	0.00101017	0.861211	0.00260381	0.010296	0.026677	0.033682	0.00332239	0.000158696	0.00305233
17	0.0265395	0.00280405	0.00245725	0.00530092	0.0172009	0.00176955	0.00309348	0.412721	0.0107913	0.135117	0.070734	0.00346017	0.00537981	0.00653411	0.00796767	0.0100379	0.0306903	0.239117	0.00156848	0.0067158
18	0.0314168	0.000436504	0.0492931	0.312526	0.010082	0.00230554	0.0139851	0.022136	0.0817342	0.0296476	0.00160278	0.00302483	0.00089488	0.0684313	0.0514073	0.103565	0.127766	0.0670705	0.000365449	0.0223086
19	0.0407558	0.00191456	0.208695	0.0495067	0.00395017	0.0524446	0.00478631	0.0125259	0.0140483	0.0053464	0.00414941	0.208767	0.00725651	0.0216846	0.0120874	0.284455	0.052144	0.00841383	0.000536132	0.00653192
20	0.0764084	0.00174774	0.007191	0.00373773	0.186349	0.0101096	0.051815	0.0432292	0.0204644	0.0228054	0.00531223	0.0375645	0.0935469	0.0251319	0.00409818	0.0811713	0.033442	0.0296013	0.0053606	0.260914
21	0.0828075	0.0037262	0.0550873	0.0209079	0.0126224	0.047247	0.0107855	0.00568703	0.041312	0.0163313	0.0121288	0.209481	0.00600495	0.0396463	0.0473395	0.209953	0.137634	0.0247493	0.000362819	0.0161864
22	0.0290915	0.0102006	0.121551	0.209107	0.000833335	0.0410944	0.0304551	0.00257474	0.11345	0.00305895	0.00095678	0.10342	0.000634795	0.140555	0.100144	0.0532841	0.0166109	0.00245765	0.00033109	0.0201886
23	0.0704808	0.00496099	0.0626539	0.0261465	0.0190191	0.0398	0.0156089	0.00616283	0.0440529	0.0230174	0.0189479	0.213063	0.00306023	0.0405248	0.0498296	0.161685	0.145357	0.0316153	0.000513125	0.0235009
24	0.55852	0.0514456	0.00105613	0.00299352	0.00329094	0.131862	0.000716507	0.00824831	0.00355637	0.00344884	0.00676142	0.00475482	0.000729299	0.00181996	0.00090915	0.167323	0.0163849	0.0322435	0.000243441	0.00369142
25	0.00921667	0.0028326	0.00702946	0.00944872	0.018604	0.00216579	0.0257613	0.119631	0.231653	0.06696	0.054624	0.005294	0.00465085	0.0452501	0.273901	0.00952236	0.012786	0.0689842	0.0128012	0.0188838
26	0.0461513	0.00132319	0.0861311	0.304436	0.00764413	0.0126482	0.0094695	0.0219738	0.0638484	0.0255276	0.00325201	0.0202942	0.00109463	0.0838302	0.0536181	0.108664	0.0904283	0.0405485	0.000341874	0.0187752
27	0.00720942	0.00507283	0.00186263	0.0271405	0.00443658	0.00738625	0.0190999	0.00996861	0.396589	0.00208483	0.00871429	0.0269395	0.00408568	0.0297335	0.370836	0.0150926	0.0278274	0.0171241	0.00127033	0.0175262
28	0.0278351	0.00271284	0.280431	0.0192654	0.00727453	0.21362	0.0417483	0.0127749	0.0782485	0.0437325	0.00987258	0.0374129	0.00917644	0.0127482	0.0163328	0.112181	0.0504705	0.0130231	0.00214635	0.00899302
29	0.0883824	0.00173328	0.00165381	0.00641335	0.0309151	0.0107302	0.00313705	0.167965	0.0562532	0.285224	0.0727253	0.00611947	0.00755442	0.0205297	0.0107746	0.0311641	0.0678283	0.10428	0.00248723	0.0241289
30	0.0192044	0.000226838	0.001188	0.000659529	0.00057135	0.000607991	0.00134887	0.00179385	0.00711205	0.0011358	0.00302003	0.0265089	0.000764498	0.000728611	0.00115374	0.122693	0.808099	0.0021817	0.000225219	0.000775954
31	0.0007722	0.0108001	0.000309093	0.00196989	0.315937	0.000345092	0.0448485	0.0069367	0.00835093	0.0442355	0.00442899	0.0101809	0.000268439	0.00070977	0.00627463	0.0111086	0.00598017	0.00777411	0.00726093	0.511509
32	0.288019	0.0354688	0.00777227	0.0267466	0.00192867	0.0447717	0.000504736	0.00223899	0.00203486	0.00786888	0.00178512	0.0202557	0.000559232	0.0139332	0.00142676	0.472401	0.0489395	0.0143365	0.000167686	0.00884099
33	0.274363	0.00107075	0.0106451	0.0481996	0.00238573	0.0685337	0.00175423	0.0345552	0.0576712	0.0588668	0.019593	0.00899302	0.00215633	0.00914314	0.0205534	0.229435	0.0158223	0.111466	0.000478436	0.0243138
34	0.0721946	0.00249863	0.0161653	0.0398401	0.00713143	0.0480723	0.00687088	0.0132234	0.0317813	0.0199883	0.00951453	0.11192	0.154597	0.0746692	0.0604541	0.230988	0.0494592	0.0375881	0.00109347	0.0119505
35	0.0100585	0.00203188	0.000745427	0.00115254	0.0179732	0.000959584	0.00106674	0.199704	0.00946502	0.443157	0.177219	0.0024467	0.00120044	0.00734387	0.00221456	0.0087199	0.00986184	0.0803778	0.0131478	0.011155
36	0.0131712	0.00784023	0.00446119	0.0321263	0.046538	0.00580658	0.0324372	0.0487722	0.16922	0.0167027	0.00822413	0.0303213	0.00480755	0.0115454	0.196408	0.0198428	0.014963	0.0624835	0.010895	0.263434
37	0.124602	0.0140447	0.000659177	0.00134515	0.00448005	0.00314469	0.00234553	0.261248	0.003623	0.0795404	0.0306164	0.00347443	0.0121057	0.00248512	0.00181526	0.00990215	0.0380962	0.403172	0.000318503	0.00298089
38	0.012021	0.00141935	0.0202322	0.0280608	0.0043547	0.0065498	0.00706536	0.0387691	0.345439	0.0374734	0.00790007	0.0406548	0.0345147	0.0481807	0.123615	0.0313819	0.162691	0.043682	0.00128647	0.00470929
39	0.0937171	0.0182434	0.000419577	0.0015181	0.00709146	0.00356653	0.00269838	0.296112	0.00327165	0.166672	0.0291572	0.00136875	0.0115018	0.00251389	0.00158938	0.00618475	0.0298212	0.320064	0.000273269	0.00421566
40	0.0230857	0.00603707	0.0732112	0.158734	0.00222234	0.0414989	0.020339	0.00586081	0.171227	0.00706325	0.00450769	0.0741931	0.00578581	0.102709	0.211445	0.0438285	0.0251008	0.00940059	0.000766444	0.0129833
41	0.00992065	0.00295679	0.000371703	0.0018709	0.0599257	0.000822879	0.00080497	0.15552	0.00137415	0.554624	0.0797222	0.000981691	0.000667777	0.00151327	0.000712394	0.00334455	0.00976338	0.105537	0.0010649	0.00850201
42	0.0329314	0.00896914	0.000198563	0.000290683	0.00228486	0.000639317	0.000710311	0.246525	0.000983427	0.0363275	0.00823367	0.000397433	0.00402481	0.000813844	0.00045239	0.000947098	0.0100411	0.64446	6.88453e-05	0.000700561
43	0.00312821	0.00852933	0.000750178	0.00180455	0.335125	0.00119343	0.0364506	0.0171616	0.00757377	0.0690558	0.00755544	0.00993907	0.00230137	0.00221103	0.00663254	0.0201434	0.00691478	0.0162534	0.00619657	0.441079
44	0.0109855	0.00332266	0.00111292	0.00284391	0.157465	0.00878276	0.00174855	0.157985	0.00691126	0.414786	0.111382	0.00231089	0.0015527	0.00730773	0.00351162	0.00723899	0.0186849	0.0503563	0.00427975	0.0274319
45	0.0894221	0.00206419	0.0273227	0.0522749	0.0116147	0.131902	0.0245131	0.0116422	0.151273	0.01909	0.0152883	0.0622693	0.0140296	0.0346583	0.194605	0.0822204	0.0275539	0.0197112	0.00958159	0.0189648
46	0.0515183	0.000845399	0.276131	0.336072	0.0028082	0.0125319	0.0120077	0.00671284	0.0439998	0.0141542	0.0101264	0.05675	0.0149896	0.03316	0.0346391	0.051852	0.0242434	0.00770473	0.000159358	0.00959475
47	0.0035586	0.000560028	0.000582867	0.000953445	0.0152139	0.000794053	0.000710553	0.350735	0.00119373	0.449776	0.0678005	0.00418503	0.000496403	0.00164323	0.00219073	0.0125392	0.00335766	0.0814415	0.00105369	0.00121401
48	0.0415507	0.00418778	0.00475426	0.00606808	0.0038633	0.00410544	0.00598839	0.0104309	0.0135176	0.00920004	0.00523233	0.00770929	0.769102	0.0135628	0.00997259	0.037363	0.0371116	0.0101085	0.000571169	0.00560011
49	0.0258545	0.00100549	0.00117617	0.00510963	0.029958	0.00216286	0.00156271	0.194488	0.0345241	0.284016	0.182136	0.00371271	0.0040637	0.0212812	0.0074325	0.0118188	0.0263521	0.111728	0.0175752	0.0340421
50	0.0148247	0.0089474	0.00374931	0.00951063	0.0172901	0.00345057	0.0117363	0.212219	0.0126878	0.183263	0.31265	0.00658509	0.00591422	0.0660787	0.0154755	0.0192711	0.0165751	0.0591935	0.006277	0.0143005
51	0.0527507	0.0110966	0.0192474	0.0285788	0.0138296	0.0260906	0.0193138	0.0492552	0.0434264	0.107477	0.0298541	0.123516	0.0157833	0.0313675	0.0387159	0.0940233	0.218751	0.0566554	0.00367934	0.0165875
52	0.0518537	0.000700343	0.294901	0.314202	0.00246934	0.0150648	0.0116236	0.00560478	0.0460327	0.0125022	0.0104805	0.0598329	0.0165458	0.0317567	0.0343198	0.0549296	0.021652	0.00765107	0.00010291	0.00777475
53	0.0372035	0.000424334	0.00683224	0.0230151	0.00652138	0.0197899	0.0448709	0.010707	0.199681	0.030222	0.0221361	0.0762679	0.00313643	0.0432938	0.295303	0.0763851	0.0482089	0.0182054	0.0182617	0.0195336
54	0.569616	0.0504157	0.000774991	0.00192253	0.00352525	0.168068	0.000659695	0.00938391	0.00444991	0.00409169	0.00810773	0.0021271	0.00049387	0.00118419	0.00118857	0.120653	0.0131002	0.0363689	0.000229377	0.00363851
55	0.0307522	0.00181174	0.0980394	0.0170593	0.00648358	0.0181161	0.00492423	0.0306934	0.0121869	0.0102233	0.00507932	0.16552	0.00875815	0.0127065	0.0146095	0.273637	0.271167	0.0131662	0.000697333	0.00436887
56	0.0470003	0.00609637	0.0138566	0.0132085	0.268374	0.0188535	0.0235914	0.0484611	0.0205425	0.0633428	0.0295851	0.0426762	0.0250802	0.0168225	0.0156577	0.129586	0.03978	0.039371	0.00910184	0.129013
57	0.00140912	0.000180402	0.000331232	0.000437748	0.0123541	0.000409773	0.000349026	0.715981	0.00666873	0.0138293	0.00394655	0.000973226	0.00034247	0.0017887	0.00258683	0.000969331	0.0103992	0.225336	0.00011298	0.00159438
58	0.00147221	0.000181918	0.00032708	0.000439939	0.0124364	0.000405776	0.000357204	0.711616	0.00650579	0.0165794	0.00445166	0.000994369	0.000476241	0.00174695	0.00252778	0.0010188	0.0101013	0.22664	0.000111375	0.00160997
59	0.028457	0.00213088	0.0799116	0.0240796	0.0141786	0.122542	0.0492473	0.0117644	0.0387034	0.0148892	0.00989547	0.413609	0.00749865	0.0200277	0.0268202	0.0780441	0.0258234	0.0120673	0.00149279	0.0188174
60	0.018075	0.000555041	0.0033294	0.00225595	0.000414474	0.937229	0.000501796	0.000957905	0.00128552	0.00132477	0.00165811	0.00312399	0.000468019	0.00176993	0.00262317	0.0180535	0.00343167	0.00140787	0.000345848	0.00118925
61	0.0875946	0.0442486	0.00174793	0.00385142	0.00240774	0.0117864	0.00293607	0.088681	0.00294901	0.0395266	0.0286791	0.0151083	0.00445145	0.00383645	0.00275083	0.139899	0.369509	0.146977	0.00053351	0.00252698
62	0.0400074	0.00494262	0.0866308	0.217699	0.0121574	0.0206547	0.0207422	0.0240901	0.112677	0.0191299	0.0112938	0.0448579	0.00883037	0.0659492	0.118924	0.0556221	0.0346386	0.0262602	0.00634163	0.0685517
63	0.0147506	0.00442213	0.0123269	0.0399928	0.00556782	0.0169863	0.0219168	0.0135127	0.287659	0.0104053	0.0134621	0.0396414	0.00607988	0.0537588	0.367652	0.0269639	0.0290585	0.0171295	0.00433452	0.0143782
64	0.108624	0.00954541	0.00154546	0.00342544	0.00671484	0.00625039	0.0027826	0.225303	0.00466577	0.0511541	0.0155441	0.0037106	0.00696351	0.00335706	0.00241238	0.0183119	0.0329308	0.492033	0.0007698	0.00395577
65	0.00833727	0.0029171	0.000259947	0.00041804	0.00784286	0.000341896	0.000328742	0.512992	0.00418784	0.0169817	0.00416342	0.000632633	0.000519662	0.00145125	0.00165882	0.000806981	0.0100859	0.424691	0.000104058	0.00127854
66	0.0248123	0.00633974	0.00031745	0.000528661	0.00482959	0.00070422	0.000704424	0.299914	0.00127686	0.0524594	0.0117566	0.000521782	0.00292254	0.000809202	0.000594373	0.00144315	0.00948486	0.579129	8.90882e-05	0.00136267
67	0.0773275	0.00232291	0.0241295	0.0104868	0.00861365	0.0353629	0.00813561	0.0171378	0.0329868	0.0144004	0.00774735	0.221956	0.0398448	0.0176783	0.0227018	0.327888	0.0987813	0.0202629	0.000763307	0.0114724
68	0.0451836	0.00371053	0.0324084	0.0708388	0.0108031	0.0170468	0.0423916	0.0231573	0.0603309	0.0322361	0.0265984	0.0353535	0.0214669	0.416871	0.0424264	0.0520818	0.0293261	0.0181688	0.00217667	0.0174227
69	0.00419169	0.000666464	0.000600584	0.000937437	0.0143526	0.000649475	0.000795254	0.354924	0.00117292	0.435463	0.061689	0.00397611	0.000926437	0.00162239	0.00196534	0.0125249	0.00469733	0.0955992	0.000939725	0.0023067
70	0.126515	0.00583634	0.00662484	0.0185937	0.0109815	0.0136352	0.0193312	0.1426	0.00987046	0.0782463	0.0314931	0.013307	0.0108365	0.0110629	0.00839562	0.0977763	0.163079	0.222959	0.00348085	0.00537532
71	0.0394331	0.00333207	0.0209052	0.0522944	0.0173951	0.00908613	0.0184157	0.0923583	0.105061	0.104382	0.0374805	0.0296133	0.0130236	0.089687	0.149524	0.0375062	0.0564146	0.103151	0.00520609	0.0157307
72	0.0813954	0.00411033	0.0327038	0.0609627	0.0118899	0.0426512	0.017411	0.024406	0.141597	0.0242354	0.0197236	0.0604585	0.0301308	0.0430167	0.0887702	0.202155	0.0555271	0.0346959	0.0037895	0.0203698
73	0.092323	0.00489777	0.00447917	0.0065489	0.0245281	0.00736383	0.0148756	0.01616	0.0132411	0.0096256	0.00862016	0.0137558	0.600797	0.0186186	0.00810904	0.0857936	0.0467961	0.0106059	0.00101268	0.0118485
74	0.0220361	0.000735891	0.00303149	0.00189756	0.00046058	0.924947	0.000586412	0.000900602	0.0014588	0.00162597	0.00168527	0.00330899	0.000352279	0.0010758	0.00134602	0.0282548	0.00366817	0.00115431	0.000134806	0.00133868
75	0.0641358	0.0122842	0.000267376	0.000391146	0.00190632	0.00177293	0.00166184	0.26918	0.00171733	0.0678817	0.0140912	0.00048822	0.00910645	0.00140477	0.000919699	0.00233654	0.0154361	0.533089	8.42296e-05	0.00184495
76	0.0169447	0.0061821	0.00100314	0.00157609	0.249347	0.00146273	0.00564662	0.170726	0.0086425	0.147031	0.0525481	0.00636869	0.00218814	0.00397841	0.0140695	0.0178771	0.0204077	0.10538	0.00758736	0.161033
77	0.00127958	0.00800034	0.000494003	0.00161332	0.359315	0.00055095	0.0312004	0.0123324	0.00647653	0.0692296	0.00832739	0.00791643	0.000475414	0.00122824	0.00623925	0.0112402	0.00583153	0.0178628	0.00543156	0.444955
78	0.0777836	0.00257371	0.136773	0.262105	0.00571836	0.0370816	0.0025741	0.0164404	0.0468138	0.0103327	0.00888468	0.0604969	0.00233445	0.0714715	0.0363477	0.143234	0.0517722	0.0224437	0.00027302	0.00454496
79	0.0650627	0.00118743	0.0185999	0.0402215	0.017279	0.00812982	0.0165593	0.14885	0.081661	0.139161	0.0457737	0.0329297	0.0301678	0.0556155	0.0446305	0.0653045	0.0772133	0.0921296	0.00185169	0.0176725
80	0.0418459	0.00329484	0.112398	0.0539827	0.0103241	0.0605409	0.0553433	0.00787229	0.0717219	0.0124154	0.00832655	0.269731	0.00561966	0.0409327	0.0690093	0.0993538	0.042862	0.0114975	0.00196093	0.0209672
81	0.0721972	0.001568	0.0153321	0.0339979	0.010251	0.00838689	0.0280325	0.0866341	0.105895	0.0743066	0.0332178	0.046834	0.0669825	0.0451657	0.0671064	0.0852427	0.118055	0.0877912	0.00175129	0.0112519
82	0.0829867	0.00236909	0.0182048	0.0228458	0.0111557	0.0500969	0.00884994	0.0372708	0.0718494	0.0397419	0.0394489	0.142887	0.0211554	0.0411553	0.0408111	0.18451	0.0989874	0.0620911	0.000851265	0.0227308
83	0.0546453	0.00285555	0.0430473	0.0271642	0.014027	0.118318	0.0244861	0.0336186	0.0497535	0.0515716	0.0413555	0.170175	0.00708462	0.0563558	0.0338025	0.11811	0.105372	0.0311017	0.000742011	0.0164132
84	0.0007722	0.0108001	0.000309093	0.00196989	0.315937	0.000345092	0.0448485	0.0069367	0.00835093	0.0442355	0.00442899	0.0101809	0.000268439	0.00070977	0.00627463	0.0111086	0.00598017	0.00777411	0.00726093	0.511509
85	0.0625948	0.00180388	0.0162819	0.0182675	0.00544523	0.0923626	0.00603291	0.0125791	0.0422683	0.0119034	0.00895619	0.164946	0.0104792	0.0241419	0.0294774	0.30763	0.123869	0.0387096	0.000416607	0.0218337
86	0.577766	0.0531084	0.000653047	0.00124746	0.0034609	0.167631	0.000620498	0.00930253	0.00385331	0.00315722	0.0081479	0.00131395	0.000497142	0.000980098	0.000767432	0.116248	0.0119607	0.0356293	0.000217273	0.00343703
87	0.0260515	0.000772129	0.00552571	0.0247276	0.0038231	0.00701074	0.0500431	0.00919933	0.216567	0.0220174	0.0208448	0.0587269	0.00262763	0.0639907	0.27405	0.0859117	0.075222	0.0152527	0.0119249	0.0257105
88	0.00852861	0.000459467	0.000322289	0.000484295	0.0111783	0.000381505	0.0013393	0.521387	0.000987233	0.128659	0.0289666	0.000771698	0.00501153	0.0012119	0.000717188	0.00351885	0.00816708	0.275683	0.000136656	0.00208824
89	0.0389759	0.00426926	0.009424	0.0183205	0.0152062	0.0120773	0.0127965	0.24927	0.023935	0.195789	0.0820182	0.0831316	0.00701887	0.0234241	0.0181119	0.0280896	0.0332032	0.129663	0.00307169	0.0122038
90	0.0851126	0.00541156	0.00617505	0.00765102	0.0114784	0.00656682	0.0140734	0.0641592	0.0138678	0.0195833	0.0184267	0.0164573	0.398954	0.027521	0.00821903	0.18406	0.0684345	0.0325201	0.00120141	0.0101268
91	0.0689145	0.00473091	0.0623033	0.0388794	0.0197539	0.0390884	0.0194485	0.0171647	0.0508946	0.0288525	0.0203688	0.17554	0.00575453	0.0444081	0.0477404	0.151696	0.12716	0.0413682	0.0015502	0.0343831
92	0.0132425	0.00279733	0.00501236	0.0154969	0.00904588	0.00989858	0.0236948	0.0276613	0.319655	0.019797	0.0188777	0.0352579	0.003298	0.0289003	0.332172	0.0290371	0.024726	0.0238326	0.0211413	0.0364555
93	0.0212391	0.000706476	0.00450029	0.00127213	0.00124968	0.921781	0.0010071	0.00126836	0.00209221	0.00190067	0.00179989	0.00576832	0.000924533	0.00179479	0.00518058	0.0199709	0.00445529	0.00119889	0.000319187	0.00157095
94	0.120573	0.0136826	0.0125656	0.020723	0.00370306	0.0912282	0.00489997	0.00935011	0.027645	0.0139026	0.00746518	0.111716	0.00728387	0.0192575	0.0175752	0.360411	0.102439	0.0309344	0.000483704	0.0241608
95	0.029904	0.00211737	0.00764129	0.0202068	0.0123351	0.0211196	0.0294932	0.0305749	0.250535	0.0271595	0.0230266	0.0440853	0.00402359	0.0347354	0.29689	0.0431684	0.0303703	0.0271834	0.0335134	0.0319169
96	0.00267637	0.00037747	0.000640109	0.000816708	0.0115316	0.000693542	0.000632635	0.351548	0.00118082	0.470864	0.0516709	0.00471508	0.000609541	0.00128523	0.00184305	0.014629	0.00273397	0.0795788	0.000766878	0.00120614
97	0.0482166	0.00170799	0.244072	0.322852	0.00363854	0.0154158	0.0117774	0.0139532	0.0514596	0.0142816	0.00920474	0.0600666	0.0105289	0.0470659	0.0397882	0.0531485	0.0281964	0.0104009	0.000353761	0.0138714
98	0.0147476	0.00107321	0.000666109	0.00166614	0.22993	0.00163122	0.000800674	0.189425	0.00303631	0.250349	0.0777724	0.00168096	0.000820668	0.0028942	0.00649028	0.00866105	0.0105154	0.106796	0.00741599	0.0836278
99	0.0218095	0.000789329	0.000475802	0.00465033	0.0412983	0.000630641	0.000718905	0.284718	0.0017877	0.312875	0.0581698	0.0012956	0.000725734	0.00162992	0.000870108	0.00336122	0.0201506	0.23617	0.00027514	0.00759882
100	0.021229	0.00250983	0.00402756	0.00499372	0.220796	0.0275582	0.0349562	0.0517675	0.00985355	0.0133151	0.00554157	0.0708833	0.0201659	0.027934	0.0047084	0.11351	0.0134191	0.0318513	0.0530271	0.267953
101	0.237593	0.00599539	0.00276474	0.00385265	0.0348194	0.00580498	0.00310235	0.245814	0.00634929	0.0310787	0.0224027	0.00681379	0.00532877	0.00426622	0.00418055	0.017991	0.0566356	0.298654	0.00106516	0.00548771
102	0.0407929	0.00299101	0.00930913	0.0264672	0.00996153	0.0382766	0.0305746	0.0101407	0.234444	0.0160148	0.0162817	0.0585819	0.00591259	0.0342702	0.327791	0.0510854	0.0312746	0.0204043	0.011123	0.024303
103	0.0101145	0.000703479	0.00032712	0.000637869	0.0110633	0.000394441	0.00133399	0.510244	0.00094483	0.134976	0.0276659	0.000760969	0.00559495	0.00123609	0.000704808	0.00337965	0.00901538	0.278475	0.000137119	0.00229125
104	0.00696036	0.00537432	0.00205045	0.0198974	0.00478772	0.00796678	0.018782	0.00826555	0.386928	0.00296836	0.00964259	0.030334	0.00350611	0.0355553	0.380593	0.015271	0.0283668	0.0136721	0.00153845	0.0175389
105	0.00432591	0.00565036	0.00337588	0.0127464	0.00471119	0.00998917	0.0171496	0.0101348	0.408561	0.00303481	0.00992767	0.0341621	0.00377656	0.0252224	0.385689	0.0098838	0.0249434	0.0135921	0.00301045	0.0101129
106	0.0226065	0.000872549	0.000935058	0.00702016	0.0829207	0.00309254	0.00161558	0.257839	0.025909	0.28549	0.0671191	0.00195239	0.00334726	0.0203805	0.00702693	0.00918435	0.0274179	0.146114	0.00312775	0.0260296
107	0.0752411	0.00269465	0.00481744	0.00947026	0.0118355	0.0330872	0.0058392	0.0126367	0.00815311	0.102595	0.00820319	0.148312	0.39257	0.0165252	0.0123274	0.121888	0.0140559	0.0125053	0.00160702	0.00563502
108	0.143186	0.0149853	0.00146958	0.00203566	0.00344176	0.0117625	0.00249264	0.228338	0.00587046	0.114452	0.0152287	0.00295325	0.0107181	0.00306023	0.00282072	0.00978428	0.020686	0.397219	0.000478489	0.00901848
109	0.059988	0.00233423	0.00519317	0.0050636	0.0246936	0.00554346	0.0264625	0.0785785	0.0066404	0.0423711	0.00970135	0.0340194	0.0579344	0.0286731	0.00633616	0.316644	0.255595	0.0278413	0.00101997	0.00536677
110	0.115414	0.00445337	0.00807051	0.0201229	0.0103026	0.0113002	0.0134338	0.131403	0.00298028	0.078663	0.0381082	0.00586503	0.0140015	0.00520482	0.00602225	0.086362	0.167831	0.270346	0.00787484	0.00224071
111	0.00725568	0.0038006	0.000616635	0.00091165	0.209432	0.00240697	0.00083618	0.0943238	0.00142299	0.457779	0.106003	0.00163944	0.00073809	0.00144289	0.00307281	0.0059035	0.00567163	0.0416877	0.00648402	0.048571
112	0.00310047	0.00526913	0.000295955	0.000471085	0.0718735	0.000974313	0.000743379	0.0675157	0.000562218	0.721867	0.0830047	0.00060456	0.000944921	0.000971999	0.000438299	0.0039704	0.0020369	0.0241554	0.00170781	0.00949211
113	0.00694936	0.00451148	0.00311877	0.0115506	0.00840211	0.00778128	0.023338	0.0165989	0.322065	0.00936466	0.021486	0.0314969	0.00297432	0.0255593	0.412898	0.0168262	0.0314039	0.021311	0.00490776	0.0174564
114	0.436162	0.01941	0.00541519	0.0212827	0.00191008	0.0691645	0.000785056	0.00367494	0.00770238	0.00656019	0.00346491	0.0131805	0.00139241	0.00615887	0.00214441	0.347309	0.0344574	0.0144945	0.000292658	0.00503801
115	0.00284889	0.00512519	0.000304893	0.000456904	0.0680355	0.000964191	0.00078053	0.0698949	0.000576429	0.725998	0.0830674	0.000582825	0.000858807	0.000911632	0.000424808	0.00307789	0.00200946	0.0238529	0.00157619	0.00865321
116	0.052158	0.000731433	0.280092	0.331897	0.00250975	0.0131842	0.01259	0.00577653	0.0456529	0.0136273	0.0104828	0.0555762	0.0153789	0.0340951	0.0338653	0.0539447	0.022498	0.00781738	9.39574e-05	0.00802851
117	0.56415	0.03325	0.00252011	0.0105003	0.00268346	0.126979	0.000823128	0.0119309	0.0158951	0.0119174	0.00807738	0.00293304	0.000777534	0.00237431	0.00393028	0.139948	0.0121874	0.0426955	0.000332236	0.00609483
118	0.0461939	0.00175628	0.00447093	0.0142094	0.0338735	0.00516618	0.00665843	0.214824	0.0820763	0.215423	0.0492898	0.00921018	0.0163881	0.0308156	0.043335	0.0262945	0.0545464	0.1127	0.00234377	0.0304252
119	0.0446608	0.00128852	0.00200961	0.0131936	0.0439167	0.00562437	0.00315905	0.236616	0.0618769	0.250978	0.0506962	0.00528826	0.0102968	0.0297725	0.0159973	0.0224478	0.0519857	0.115705	0.002612	0.0318748
120	0.0589834	0.000974883	0.224358	0.382208	0.00345143	0.0109755	0.00923848	0.0174416	0.0430311	0.0245969	0.00831599	0.0399787	0.00994006	0.0304578	0.0334925	0.0493722	0.0272807	0.0112996	0.000329448	0.0142744
121	0.0242162	0.000696093	0.000567808	0.00451108	0.0681557	0.000890228	0.00102354	0.289385	0.0036941	0.253639	0.0734334	0.00106784	0.00127147	0.00286472	0.00203368	0.00388212	0.0244316	0.227017	0.00126316	0.0159558
122	0.00358681	0.0140043	0.00142346	0.00622376	0.295942	0.00157472	0.0601051	0.00989756	0.0094842	0.0398459	0.00538007	0.0216383	0.00261807	0.00313127	0.00830105	0.0140873	0.0132388	0.00889633	0.00756446	0.473057
123	0.0328134	0.00158459	0.00579854	0.0787986	0.00313324	0.00713508	0.0197787	0.00687	0.394401	0.00607919	0.0115685	0.0139904	0.00668278	0.0842592	0.195591	0.0587469	0.0262729	0.0130166	0.00139006	0.0320891
124	0.010782	0.0297635	0.00388837	0.00836668	0.0100527	0.00494145	0.0315625	0.205714	0.00760143	0.223627	0.222254	0.0066835	0.00359315	0.12569	0.0331482	0.0373851	0.0116019	0.0150323	0.00233247	0.00597983
125	0.0636482	0.000479085	0.0275534	0.084216	0.0103302	0.0126809	0.0181178	0.0897872	0.0832202	0.0683638	0.0549131	0.0526889	0.0152452	0.0966305	0.106353	0.0500765	0.0592435	0.0883112	0.005532	0.0126094
126	0.0951616	0.00263446	0.0156884	0.0298403	0.0440637	0.0566228	0.0233756	0.0230713	0.0847501	0.0244704	0.0185903	0.0852184	0.173399	0.0640889	0.0485055	0.0887757	0.0737686	0.0264581	0.00302109	0.018496
127	0.0744736	0.00374843	0.0550004	0.0571472	0.00719457	0.191848	0.0123434	0.0107315	0.0586914	0.0210929	0.0139098	0.168866	0.00731118	0.0326442	0.0386113	0.152763	0.0580292	0.020172	0.00142977	0.0139921
128	0.0287321	0.000689423	0.364968	0.318731	0.0030639	0.0178463	0.0116118	0.00643689	0.0423478	0.00785689	0.00686711	0.0679738	0.00679669	0.0352591	0.0189808	0.0316246	0.0158602	0.00764614	0.000194805	0.00651221
129	0.0285435	0.00748545	0.109561	0.198115	0.00124407	0.0356008	0.0250966	0.00401553	0.159192	0.00521502	0.00339156	0.0886716	0.00450284	0.122531	0.115646	0.0479474	0.0221985	0.00620349	0.000347703	0.0144905
130	0.0386976	0.00232583	0.00877038	0.017411	0.00667635	0.00761315	0.0429338	0.0136696	0.164092	0.01219	0.0331036	0.0245287	0.00475631	0.0207391	0.324435	0.0607208	0.118156	0.0390665	0.00540164	0.0547118
131	0.00207818	0.0137193	0.000623494	0.00272497	0.30545	0.000922834	0.0436441	0.0112884	0.00914296	0.0425906	0.0059696	0.0165104	0.00108639	0.00264384	0.00847987	0.0132476	0.0080978	0.00934181	0.00767013	0.494768
132	0.0412438	0.0023661	0.277491	0.273319	0.00354498	0.017936	0.0166644	0.00593786	0.0558823	0.00907795	0.00671697	0.0779744	0.00855022	0.0629006	0.0448937	0.0519497	0.0275902	0.0072733	0.000170809	0.00851734
133	0.00548826	0.00443902	0.000326272	0.000602351	0.0959625	0.00126755	0.000746387	0.0856278	0.000863573	0.649115	0.0837416	0.000895542	0.000889431	0.00101164	0.00119067	0.00392713	0.00372405	0.0381044	0.00287975	0.0191972
134	0.18587	0.0120353	0.0119955	0.0501931	0.00322147	0.137134	0.00253047	0.0107269	0.0259266	0.0166109	0.0153622	0.0237378	0.00425552	0.0115038	0.00824843	0.388887	0.0537014	0.027727	0.000515571	0.00981561
135	0.0266296	0.000537428	0.0349023	0.14958	0.00440432	0.0256515	0.0133475	0.0128467	0.279287	0.0190726	0.0161371	0.0506836	0.0280908	0.0552396	0.156712	0.0403578	0.0605677	0.02255	0.000920047	0.00248223
136	0.0165663	0.00556709	0.000236245	0.000430127	0.00538218	0.000250694	0.000351549	0.299571	0.00156028	0.025904	0.00790579	0.000550301	0.000803604	0.000570594	0.000632848	0.000752266	0.00759167	0.624518	7.24174e-05	0.000783968
137	0.0444905	0.00345606	0.0258402	0.0237987	0.0131315	0.547897	0.0148729	0.0130974	0.0243969	0.0184131	0.0105435	0.0557101	0.00878025	0.0190229	0.0240672	0.0613545	0.0244605	0.0172242	0.00362805	0.0458148
138	0.0684465	0.00315575	0.0186452	0.0437931	0.00900493	0.0289032	0.0246284	0.0189487	0.209077	0.0188627	0.0189856	0.0451423	0.0137424	0.0355681	0.296211	0.0622287	0.0344427	0.025116	0.00709724	0.0180009
139	0.0150347	0.0257293	0.00218195	0.00530065	0.169098	0.00239472	0.0405038	0.0883749	0.0417892	0.0511856	0.0308273	0.0296757	0.00490914	0.0102691	0.0375301	0.0271137	0.0277822	0.08374	0.00394583	0.302614
140	0.0308129	0.0029639	0.0219833	0.0386425	0.00636359	0.0221338	0.0490992	0.0103587	0.221426	0.0191269	0.0160859	0.0956543	0.0049619	0.0454737	0.261877	0.0658674	0.0430029	0.0157583	0.0101033	0.0183044
141	0.018385	0.000361336	0.000417918	0.0025144	0.0353044	0.000641586	0.00169619	0.366899	0.00136349	0.225781	0.112521	0.00122095	0.000882126	0.00131144	0.00209661	0.00481435	0.0181737	0.2004	0.00109387	0.00412197
142	0.0351915	0.00178311	0.125703	0.0967584	0.00771294	0.0599993	0.0228058	0.00915984	0.0679881	0.0103387	0.00754147	0.341882	0.00444993	0.0334972	0.0294557	0.0854021	0.0289535	0.0182672	0.000488637	0.0126221
143	0.0378195	0.000427021	0.00693678	0.0234162	0.00672378	0.0204965	0.0445601	0.0107931	0.1994	0.0303941	0.0221342	0.0762908	0.00318674	0.042987	0.294333	0.0761473	0.0475195	0.0183252	0.0183947	0.0197147
144	0.00399031	0.00548242	0.00193594	0.0124955	0.00443744	0.0118016	0.0156331	0.00923864	0.36166	0.00237231	0.00797732	0.0292385	0.00361566	0.0197478	0.449263	0.0108754	0.0241116	0.0144945	0.00174991	0.00987911
145	0.0524634	0.000729731	0.275701	0.334718	0.00267977	0.0132041	0.0121079	0.00625174	0.044588	0.0139921	0.0103443	0.0554732	0.0148217	0.0346635	0.0339405	0.0539307	0.0237084	0.00806416	9.91883e-05	0.00851913
146	0.0373682	0.00228824	0.311264	0.240205	0.013201	0.0173159	0.0188258	0.0156252	0.0485427	0.0149058	0.0107773	0.0560401	0.00892178	0.0461115	0.028386	0.0474852	0.0248112	0.0154912	0.00268415	0.0397495
147	0.0145132	0.000377	0.000331028	0.00139748	0.0185028	0.000444539	0.00224861	0.453644	0.00120929	0.152455	0.0891826	0.000872931	0.00276582	0.00108313	0.00181134	0.00566665	0.017965	0.231311	0.000764776	0.00345332
148	0.0242778	0.000808718	0.000499913	0.00518604	0.0433404	0.000617596	0.000907141	0.289221	0.00190227	0.274828	0.0631786	0.000909382	0.00103769	0.00165018	0.000831807	0.00248829	0.0237068	0.255929	0.000232194	0.00844776
149	0.24479	0.0218383	0.0641871	0.184127	0.00350008	0.0390522	0.00223548	0.00909231	0.0493118	0.0321243	0.00543178	0.0548461	0.00175073	0.0477474	0.0357933	0.133412	0.0505522	0.0132392	0.000784875	0.00618493
150	0.170965	0.00230992	0.00346092	0.0190142	0.00882676	0.0175068	0.0106052	0.122499	0.00187529	0.052219	0.033947	0.00730792	0.000807578	0.00739031	0.00481599	0.121525	0.195769	0.214206	0.00221681	0.00273175
151	0.0163739	0.0004235	0.000340921	0.00138395	0.0204695	0.000398674	0.00232315	0.445266	0.000975144	0.158902	0.0910161	0.000871972	0.00253853	0.000961574	0.00181643	0.00580424	0.0183361	0.228269	0.000424593	0.0031055
152	0.0451465	0.00181127	0.0285053	0.0229709	0.0188182	0.00258566	0.0063074	0.129435	0.00457257	0.123749	0.0258781	0.00362216	0.0617222	0.00462621	0.0044125	0.0397315	0.101996	0.365401	0.00558186	0.00312764
153	0.0313929	0.00206681	0.32283	0.178546	0.00727386	0.0235916	0.0202999	0.0104039	0.0876965	0.0118228	0.00963047	0.0908847	0.00924125	0.0468689	0.0512975	0.0428738	0.0269835	0.0119631	0.00163631	0.0126967
154	0.0429911	0.00139221	0.32403	0.25014	0.00541789	0.0163099	0.0124293	0.0103085	0.0478512	0.0119573	0.00872279	0.0641139	0.00854813	0.0504162	0.0298116	0.05366	0.039607	0.0132233	0.00042402	0.00864608
155	0.0240749	0.0038272	0.00563287	0.0153876	0.0262639	0.00353941	0.0150419	0.178893	0.129718	0.114231	0.0537377	0.0105501	0.00942986	0.0293885	0.167111	0.0187056	0.0400532	0.107458	0.00889509	0.0380611
156	0.0219383	0.00098362	0.427721	0.173837	0.00729846	0.0151174	0.019718	0.00591534	0.0387729	0.00614658	0.00612901	0.132337	0.00441391	0.0438034	0.0162585	0.038862	0.0265658	0.00597291	0.000645714	0.007563
157	0.00834806	0.00137439	0.0255015	0.00360352	0.0170433	0.0122676	0.477639	0.0139693	0.0163059	0.00650059	0.00356386	0.281347	0.0030354	0.00782514	0.00818184	0.0511917	0.0156856	0.00637141	0.00464262	0.0356016
158	0.00732721	0.00468795	0.00179372	0.00222944	0.133562	0.00174216	0.00407889	0.0904653	0.00376511	0.544006	0.0840364	0.00285271	0.00106978	0.00284091	0.00398072	0.00721928	0.00725808	0.0435929	0.00442295	0.0490686
159	0.128544	0.00420689	0.0231745	0.102857	0.00721631	0.130355	0.00894113	0.0174694	0.0870713	0.0229713	0.00949297	0.0276829	0.0032545	0.0241902	0.0352127	0.249135	0.0310922	0.0353938	0.00349565	0.0482434
160	0.0249952	0.00634298	0.08281	0.0230044	0.0952415	0.0298332	0.0549489	0.0260096	0.0355374	0.0239541	0.0140313	0.323369	0.0109701	0.0206106	0.0254253	0.0645843	0.0306808	0.0227679	0.00596318	0.0789207
161	0.00528404	0.00551951	0.00293649	0.0150413	0.0048173	0.0106743	0.0162104	0.0118273	0.378885	0.00441062	0.00934175	0.0292342	0.00452422	0.0229922	0.414091	0.0104367	0.0241277	0.0165832	0.00294298	0.01012
162	0.012302	0.00487754	0.00580613	0.0197085	0.00515469	0.0136634	0.0196716	0.0158113	0.309351	0.00884913	0.0128843	0.0350434	0.00434984	0.0278045	0.422076	0.0198295	0.0276924	0.0180262	0.00408684	0.0130121
163	0.0168086	0.00409475	0.000251843	0.000444648	0.0060986	0.000438712	0.000942041	0.404429	0.00214831	0.0514311	0.0115015	0.000564861	0.00330756	0.00109829	0.000833525	0.00148309	0.0121579	0.480237	0.000109163	0.00162007
164	0.0122795	0.0052774	0.00641214	0.0229977	0.00584227	0.0157296	0.0181909	0.0143781	0.313159	0.00763226	0.01232	0.0341464	0.00486039	0.0268039	0.417917	0.0187429	0.0268144	0.0186619	0.00377681	0.0140577
165	0.167487	0.113276	0.0048678	0.0155227	0.00258334	0.0515529	0.00218776	0.0107052	0.00420707	0.0259309	0.0086217	0.0600235	0.00207877	0.0199681	0.00283834	0.368266	0.105541	0.0255258	0.000658174	0.008158
166	0.0236373	0.00539194	0.000261323	0.000649334	0.00722039	0.000611917	0.000992395	0.343277	0.0014167	0.0763313	0.018567	0.000620759	0.00388674	0.00101534	0.000747069	0.00209215	0.0116894	0.499297	0.000108452	0.00218659
167	0.116153	0.00501777	0.0375616	0.0840791	0.00430684	0.431884	0.00509612	0.012093	0.0302987	0.0146919	0.00760354	0.0277633	0.00519508	0.0253086	0.0190721	0.117809	0.0249075	0.0217332	0.000929616	0.00849576
168	0.0332375	0.00225514	0.248516	0.322448	0.0125691	0.0180002	0.0191342	0.0145042	0.0498047	0.0151624	0.00988882	0.052812	0.00721942	0.0478656	0.0326134	0.0405684	0.0210542	0.0124909	0.00289842	0.036957
169	0.0140979	0.00572214	0.0082398	0.0151665	0.0143862	0.00661865	0.00943077	0.0779603	0.0124666	0.536972	0.136561	0.0117757	0.00700919	0.0494167	0.0131013	0.0158632	0.0211964	0.0334542	0.00344246	0.00711847
170	0.0349302	0.00111169	0.000952476	0.00595982	0.0546969	0.0024279	0.00150964	0.249359	0.0156893	0.270995	0.0662848	0.00193533	0.00379234	0.00783079	0.00484692	0.00742667	0.0416226	0.208252	0.000985778	0.0193914
171	0.0808945	0.00378187	0.0421182	0.124998	0.00882957	0.0240253	0.0182938	0.031595	0.065445	0.0395495	0.0201702	0.0671143	0.00726808	0.119708	0.0867933	0.10281	0.0701254	0.0351427	0.00418536	0.047152
172	0.0749113	0.000584048	0.0381705	0.101822	0.00989051	0.0100069	0.0141135	0.115781	0.0530496	0.0760292	0.0658181	0.0569578	0.0191619	0.0980403	0.0527433	0.0505286	0.0597497	0.0899831	0.00271129	0.00994716
173	0.0777332	0.000659451	0.0232385	0.133722	0.00637604	0.00679974	0.0108647	0.127022	0.0513794	0.063061	0.0507381	0.0358265	0.0182921	0.115297	0.0488338	0.0348683	0.0528361	0.132867	0.0020839	0.00750092
174	0.0161567	0.00084731	0.00074137	0.00105127	0.275836	0.00122908	0.000814115	0.187005	0.00208432	0.189831	0.0657652	0.0018437	0.00054448	0.00214492	0.0091012	0.0104962	0.00872293	0.103287	0.00990432	0.112594
175	0.091588	0.00127956	0.0109598	0.0514279	0.0295522	0.0798222	0.0408984	0.0111308	0.144527	0.022886	0.0174899	0.0551554	0.0117848	0.0287828	0.229725	0.0585295	0.0276282	0.0301159	0.020514	0.0362019
176	0.104639	0.00889383	0.00275712	0.0170555	0.00882509	0.0289004	0.00681119	0.185507	0.0282748	0.149575	0.0197529	0.0226109	0.00440392	0.0103141	0.0162796	0.0692036	0.111395	0.194586	0.00133104	0.008884
177	0.506625	0.0323422	0.00351794	0.012191	0.00313563	0.128308	0.00145172	0.0119369	0.0132861	0.0182116	0.00800095	0.00610209	0.00107649	0.00366424	0.00426344	0.181306	0.0170309	0.0405837	0.000355355	0.00661171
178	0.00651335	0.00584204	0.00228025	0.00148102	0.167267	0.00279197	0.00160956	0.0484177	0.00189686	0.533628	0.159884	0.00247033	0.00160408	0.00247096	0.00152122	0.00623752	0.00738519	0.0167792	0.00811028	0.0218093
179	0.26023	0.00840767	0.00942546	0.0525046	0.00233661	0.0657965	0.00175144	0.0266514	0.0359297	0.0576974	0.0124406	0.0178878	0.00206315	0.016971	0.0131867	0.271865	0.0321632	0.0838081	0.000409525	0.0284744
180	0.00497736	0.00504786	0.00297044	0.0134475	0.00502671	0.0105685	0.0155127	0.0196352	0.349833	0.00710302	0.0106466	0.0260437	0.00394403	0.0212819	0.4366	0.0099092	0.0230467	0.020063	0.00400153	0.0103404
181	0.0298947	0.000737886	0.000732721	0.00355577	0.0366181	0.00177281	0.00126142	0.253046	0.00917338	0.246776	0.160257	0.00238183	0.00115146	0.00425255	0.00175722	0.00707862	0.028165	0.1963	0.00473781	0.0103495
182	0.0782189	0.00256492	0.0280048	0.202041	0.00794475	0.0711969	0.00827796	0.0323386	0.0611755	0.0463182	0.0186869	0.0266301	0.00756564	0.123323	0.033073	0.10012	0.0378109	0.0768796	0.00171709	0.0361115
183	0.00364096	0.00603703	0.00217254	0.0121602	0.00711855	0.0092324	0.0243217	0.00891824	0.385208	0.00276699	0.00911366	0.0364741	0.00563731	0.0234123	0.401771	0.00835888	0.0271133	0.0148682	0.00126939	0.0104055
184	0.161508	0.00490292	0.00679396	0.0182677	0.00849352	0.0112971	0.00709428	0.143087	0.0316983	0.0620748	0.0648222	0.0437882	0.006594	0.0189308	0.0121285	0.05073	0.120694	0.216691	0.00186655	0.00853709
185	0.0462047	0.00917669	0.000263978	0.000380741	0.00269295	0.00107192	0.0014626	0.286616	0.00150739	0.0563424	0.0130499	0.000500006	0.00771394	0.00106161	0.000732418	0.00169612	0.0139289	0.553745	7.85619e-05	0.00177516
186	0.0568516	0.00393859	0.00913365	0.00899007	0.00722308	0.0157887	0.00700329	0.0133175	0.0948156	0.0641956	0.0800306	0.0929483	0.0101389	0.0123221	0.0146476	0.201596	0.249638	0.021022	0.00148478	0.0349146
187	0.0559802	0.00310819	0.00972094	0.0198217	0.0163076	0.00659091	0.0104643	0.14686	0.0620549	0.0989207	0.0342821	0.0181313	0.150524	0.0387373	0.0257248	0.100395	0.0825306	0.101804	0.00240404	0.0156371
188	0.0787372	0.00173163	0.00669149	0.0148215	0.00519733	0.00634089	0.123683	0.0619436	0.0156583	0.0534157	0.0056287	0.150483	0.0601992	0.14802	0.00615286	0.125927	0.0873146	0.0136055	0.00138871	0.0330599
189	0.0841212	0.00351731	0.112896	0.220283	0.00619347	0.0362706	0.00209524	0.0150559	0.0423854	0.0140153	0.0078342	0.0686021	0.000987048	0.076925	0.0386999	0.169996	0.0683272	0.0254771	0.000315319	0.00600315
190	0.00917864	0.00296955	0.000433545	0.00103005	0.153319	0.00126545	0.000688758	0.127921	0.00186956	0.476208	0.0792266	0.00109425	0.000580013	0.0019312	0.00387542	0.00603347	0.00672507	0.0694297	0.00468807	0.051532
191	0.0196411	0.00252256	0.00042244	0.00121472	0.0134605	0.00063924	0.00174878	0.449934	0.0010619	0.150793	0.0473864	0.000728033	0.00532462	0.00121876	0.00113469	0.00570683	0.0141871	0.279614	0.000191662	0.00306911
