313	20
1	0.0230226	0.000622599	0.00521992	0.0145243	0.00562585	0.00825073	0.0091204	0.0274196	0.354109	0.0717136	0.0147722	0.0105938	0.002453	0.0722198	0.341661	0.0100356	0.00661266	0.0148137	0.000449626	0.00676029
2	0.0577966	0.0181918	0.256931	0.123138	0.0229517	0.0178033	0.0217098	0.0277445	0.0329001	0.048164	0.0123777	0.0398	0.012076	0.0437254	0.0280734	0.0460531	0.0845419	0.0280874	0.013991	0.0639426
3	0.0420076	0.0013582	0.00938208	0.0228164	0.00139592	0.00644734	0.017124	0.00580481	0.446199	0.0148596	0.0092719	0.0151135	0.0102639	0.0566221	0.288855	0.0222135	0.0169321	0.00899185	0.000494121	0.00384625
4	0.00552435	0.00080579	0.00103809	0.0015537	0.450673	0.00121178	0.018494	0.00144928	0.00600889	0.0299187	0.0184338	0.0044521	0.00680014	0.00195683	0.00294542	0.0118187	0.00629518	0.00197375	0.0150173	0.413629
5	0.0580647	0.214696	0.0322426	0.021236	0.0283335	0.0183125	0.0299732	0.0297979	0.024271	0.102569	0.0318979	0.0337474	0.00891699	0.0328185	0.020173	0.0622018	0.059089	0.0617075	0.0112142	0.118737
6	0.0192957	0.00370658	0.0180254	0.00539341	0.0207026	0.00469509	0.228853	0.00507106	0.186375	0.0248796	0.0267953	0.0464425	0.00287937	0.102756	0.178246	0.0100139	0.0122537	0.00695176	0.0174648	0.0792001
7	0.0352713	0.0133403	0.00104777	0.00196976	0.0504923	0.00255869	0.00128791	0.0991255	0.00996916	0.558762	0.118626	0.0041054	0.00106916	0.00325584	0.00668453	0.00451159	0.0182948	0.0624366	0.00053323	0.0066585
8	0.550718	0.0158419	0.00753712	0.0150408	0.00432815	0.0310117	0.00885464	0.0216467	0.00859181	0.015354	0.00863641	0.011291	0.00645415	0.0261971	0.0078214	0.171011	0.0311119	0.053396	0.00181277	0.0033435
9	0.0366059	0.00085396	0.00579885	0.0174191	0.00184921	0.00869629	0.0132689	0.00873969	0.389029	0.0216607	0.0146952	0.0134599	0.00312506	0.0655077	0.354337	0.0193074	0.0111469	0.00885993	0.000382731	0.00525595
10	0.222701	0.00398399	0.0085577	0.0436676	0.00512721	0.00897391	0.0791221	0.027856	0.0652443	0.0149448	0.00762341	0.0136326	0.00750875	0.0760378	0.102392	0.140357	0.0847879	0.0339279	0.00150415	0.0520506
11	0.0657031	0.00645942	0.0512327	0.136103	0.00666475	0.105541	0.0226781	0.0115435	0.122408	0.0186196	0.00856468	0.0690636	0.02754	0.083454	0.127456	0.0700703	0.0339659	0.0233549	0.00175922	0.00781819
12	0.00562728	0.000831795	0.00108576	0.00184239	0.45052	0.00121892	0.0184033	0.00157338	0.00636411	0.0303581	0.0184062	0.00464787	0.00680992	0.00201361	0.00308689	0.0117975	0.00634707	0.00203454	0.0149583	0.412073
13	0.0453359	0.00446804	0.0155922	0.0252527	0.0095455	0.0173091	0.0158408	0.0672188	0.221	0.0645857	0.0210738	0.0211295	0.0113923	0.0606656	0.281389	0.0307289	0.0283363	0.0442903	0.00251126	0.012334
14	0.349823	0.0186089	0.0112068	0.0125794	0.00366829	0.0348499	0.00735635	0.00625414	0.0257354	0.0052235	0.00390035	0.0321325	0.0318345	0.0147584	0.00944029	0.386534	0.0297123	0.0138748	0.000773443	0.00173295
15	0.080326	0.00389258	0.0446956	0.112997	0.00400835	0.0355599	0.019395	0.011152	0.176696	0.0171135	0.0111002	0.0485895	0.0272733	0.0827889	0.155367	0.0981738	0.042076	0.0206613	0.00153232	0.00660164
16	0.676649	0.00961904	0.00280631	0.0104645	0.000833085	0.0189626	0.0059504	0.0104525	0.0020905	0.00754685	0.00313334	0.00457414	0.00174683	0.0222902	0.00183076	0.187612	0.00570811	0.0264831	0.000278948	0.000967637
17	0.608873	0.0162737	0.00210018	0.00832639	0.00116414	0.0187228	0.00543879	0.00910579	0.00580592	0.00670237	0.00241538	0.0112053	0.0066317	0.0176469	0.00204837	0.24356	0.00943111	0.0232347	0.000312979	0.00100076
18	0.00563073	0.000830678	0.00104469	0.00155269	0.44983	0.00129858	0.0184404	0.00148016	0.00598906	0.0300546	0.0183641	0.00463051	0.00676305	0.00196623	0.00299246	0.0118244	0.00630049	0.00205846	0.0160518	0.412897
19	0.0455689	0.00155222	0.00993059	0.0255364	0.00262891	0.0137062	0.0186658	0.00789283	0.383574	0.0206989	0.0107328	0.0207131	0.0067509	0.0763816	0.287241	0.0319375	0.0211242	0.00852982	0.000739089	0.00609523
20	0.0192484	0.00703281	0.00314983	0.00548163	0.026687	0.00492396	0.00224393	0.250613	0.0130081	0.400236	0.0787829	0.00428796	0.00711626	0.0141579	0.0120196	0.00556361	0.0144297	0.120846	0.00147466	0.00869744
21	0.00794211	0.0031509	0.000675807	0.00456136	0.0243782	0.00532444	0.000637647	0.439624	0.00106356	0.281856	0.0367585	0.00274651	0.011524	0.00428069	0.00458417	0.00348328	0.012066	0.147113	0.000190373	0.00803985
22	0.0592598	0.0139483	0.022483	0.0395728	0.0196693	0.0156018	0.155486	0.0307153	0.07519	0.0342663	0.0194837	0.052189	0.0142796	0.136565	0.0624652	0.0754338	0.0972235	0.037442	0.00354492	0.0351808
23	0.00906746	0.00386528	0.000727547	0.0045309	0.0245872	0.00549809	0.000823811	0.400085	0.00232786	0.316524	0.0433615	0.00301144	0.0119272	0.00423872	0.0056465	0.00369333	0.0129621	0.138395	0.00021396	0.00851387
24	0.0413113	0.00337958	0.204165	0.00643198	0.012994	0.0295659	0.00656208	0.00465888	0.00631565	0.00489704	0.0030128	0.510841	0.00346311	0.0462707	0.0172489	0.0690657	0.0199226	0.00558723	0.000894403	0.00341253
25	0.0731862	0.00156425	0.0164631	0.0619337	0.00216319	0.0222161	0.0165695	0.0045615	0.301749	0.0114425	0.00757615	0.0365193	0.00458794	0.102381	0.229272	0.0558293	0.0403055	0.00757995	0.000640177	0.0034598
26	0.0398782	0.00101747	0.00456653	0.0155232	0.00187402	0.0126031	0.0151879	0.00714569	0.36706	0.0176839	0.0115189	0.0175227	0.00235186	0.070912	0.359458	0.0260864	0.0160411	0.00773692	0.000534278	0.00529828
27	0.00552435	0.00080579	0.00103809	0.0015537	0.450673	0.00121178	0.018494	0.00144928	0.00600889	0.0299187	0.0184338	0.0044521	0.00680014	0.00195683	0.00294542	0.0118187	0.00629518	0.00197375	0.0150173	0.413629
28	0.0226425	0.00219313	0.0543576	0.0777906	0.00224279	0.194094	0.042283	0.00454606	0.0720466	0.00975578	0.00265293	0.171968	0.0326858	0.12759	0.0754861	0.0839661	0.011746	0.00695415	0.00123699	0.00376203
29	0.0215661	0.0153594	0.00145577	0.00277893	0.261583	0.00370266	0.00715865	0.0965372	0.0076422	0.368623	0.0849867	0.0167598	0.00254674	0.00343857	0.00492846	0.00443505	0.0187885	0.0690042	0.000496476	0.00820811
30	0.0127169	0.00912163	0.00149278	0.00256448	0.367881	0.00219859	0.0109619	0.0235576	0.00869209	0.288417	0.0615425	0.0138323	0.00348126	0.00315961	0.00365125	0.00764362	0.0109636	0.0237377	0.00549724	0.138887
31	0.04313	0.00236166	0.0458096	0.271526	0.00331821	0.0744066	0.0313876	0.00588283	0.0381322	0.0215902	0.0038359	0.0773171	0.0525122	0.12398	0.0616832	0.101753	0.0263641	0.00921088	0.000754326	0.0050439
32	0.0215255	0.0034829	0.00768974	0.00863356	0.0040762	0.0110831	0.0077314	0.00815004	0.203342	0.00801612	0.00755493	0.122615	0.0127919	0.0395316	0.107656	0.242932	0.165556	0.0126028	0.000978215	0.00405064
33	0.488133	0.0258906	0.00234558	0.0068751	0.00202567	0.0234045	0.00598653	0.00927616	0.0108859	0.00561672	0.00211568	0.0147281	0.0132351	0.0142083	0.00312722	0.333407	0.0186432	0.0179811	0.000528752	0.00158587
34	0.047278	0.00677151	0.00607314	0.00945879	0.00366684	0.0213487	0.0504236	0.00314852	0.277383	0.0103228	0.00583779	0.0360189	0.00264327	0.0947746	0.31412	0.0521619	0.0406264	0.0075999	0.00234159	0.00800081
35	0.352643	0.0886877	0.00451362	0.00599884	0.0177122	0.0930815	0.00597376	0.0645145	0.00750992	0.0109895	0.00566846	0.00719812	0.00317686	0.0181626	0.00628734	0.132529	0.10196	0.0685028	0.00143627	0.003454
36	0.0446232	0.287201	0.00211014	0.00286092	0.0026047	0.00262003	0.0021303	0.0512562	0.00410815	0.122928	0.00281833	0.00299507	0.00163982	0.00392168	0.00328653	0.0133723	0.043806	0.403301	0.000569324	0.001847
37	0.0080493	0.00424853	0.000798031	0.00453722	0.0222661	0.00542774	0.000776139	0.415148	0.00114834	0.294734	0.0352157	0.00304861	0.012289	0.00459182	0.00564952	0.00414748	0.0120468	0.157657	0.000219721	0.00800168
38	0.0517058	0.00347312	0.428282	0.212717	0.00528847	0.0141434	0.0110971	0.0107456	0.0315283	0.0196185	0.00910865	0.0337946	0.00878552	0.0375238	0.0257056	0.0398571	0.0237555	0.0191774	0.00185976	0.011833
39	0.0325869	0.0149645	0.00858001	0.00962589	0.0676828	0.00670215	0.00473263	0.129145	0.0174934	0.453972	0.0915952	0.00901463	0.00593728	0.0112218	0.0127381	0.0106662	0.0222283	0.0771189	0.00206682	0.0119273
40	0.0810386	0.23143	0.0170263	0.0207673	0.0197002	0.0227133	0.0167424	0.0421259	0.0249233	0.0935658	0.0190954	0.0255035	0.0103533	0.0267546	0.0190339	0.0594332	0.0719956	0.161117	0.0079263	0.028754
41	0.426922	0.0137412	0.0132752	0.0261785	0.00604832	0.0253802	0.0102899	0.0289204	0.0279831	0.0610464	0.020414	0.0178568	0.0148309	0.0326909	0.0165212	0.153775	0.0411326	0.0542164	0.00400352	0.00477405
42	0.446004	0.0182221	0.0126296	0.020113	0.00613348	0.0289764	0.00966961	0.0389731	0.0152281	0.042326	0.0195141	0.0157221	0.0100065	0.026814	0.0159023	0.126454	0.0440117	0.0944622	0.0028877	0.00595029
43	0.100494	0.00740494	0.0267344	0.0312944	0.0137554	0.0226619	0.0197693	0.0278308	0.0534393	0.0279034	0.00905986	0.0305049	0.391357	0.0337739	0.0336663	0.072102	0.0495377	0.0326895	0.00567244	0.0103489
44	0.0825357	0.0153837	0.0241795	0.0385726	0.020833	0.118255	0.0179629	0.0715541	0.0683063	0.161518	0.0459345	0.0393281	0.0210455	0.0461219	0.0509162	0.0491935	0.0457698	0.0613537	0.00643996	0.0147961
45	0.234292	0.0150155	0.0233908	0.0221326	0.00609291	0.0715801	0.00885725	0.00891129	0.0353332	0.00727671	0.00670954	0.0481749	0.0317294	0.0175197	0.0196422	0.366699	0.0535134	0.0196095	0.000833421	0.00268719
46	0.0542457	0.024638	0.0257744	0.0229622	0.0711353	0.0161202	0.0194121	0.0475748	0.0400353	0.052369	0.0249263	0.0463949	0.0202553	0.0306382	0.0323038	0.0506009	0.0988185	0.0376716	0.205376	0.0787477
47	0.0278541	0.108539	0.0079696	0.0091527	0.0169782	0.00886487	0.00911719	0.0337059	0.0131908	0.333064	0.237568	0.00968138	0.00365819	0.010501	0.00988194	0.0305081	0.0356338	0.052959	0.00338575	0.0377867
48	0.0893808	0.111869	0.0244922	0.04394	0.0154646	0.0341502	0.0370814	0.0347452	0.0469623	0.0453723	0.0214789	0.044969	0.0226288	0.148557	0.0419011	0.0685211	0.0628675	0.0784554	0.0062484	0.0209146
49	0.158328	0.0198949	0.0175572	0.0402931	0.0140252	0.0270644	0.0741885	0.0532556	0.0442471	0.0512738	0.025704	0.0295844	0.0177073	0.0447121	0.0411426	0.0700897	0.0581053	0.190698	0.00417296	0.0179559
50	0.0489808	0.290047	0.00243429	0.0030829	0.0026994	0.00277255	0.00235408	0.049347	0.00456923	0.117949	0.00285921	0.00319413	0.00171469	0.00487009	0.00358124	0.0146092	0.0450083	0.397106	0.000580613	0.00224096
51	0.265066	0.00349099	0.0085743	0.0417982	0.00398248	0.00958196	0.0675416	0.0314931	0.056462	0.0122075	0.00617798	0.0099223	0.00577049	0.0549352	0.0968182	0.158718	0.08035	0.040882	0.00167992	0.0445475
52	0.0755295	0.00463855	0.203783	0.177327	0.00646252	0.0254976	0.0175529	0.0168386	0.0659978	0.0233028	0.0118733	0.0484849	0.0172525	0.100009	0.0380679	0.0615397	0.0703567	0.0228671	0.00227008	0.0103487
53	0.022416	0.00561959	0.00301345	0.00617922	0.0229315	0.00618436	0.00350646	0.238781	0.049773	0.344166	0.0620673	0.00599131	0.00939813	0.0169316	0.0455866	0.00732339	0.0202216	0.119945	0.00168367	0.00827991
54	0.184667	0.00500043	0.0610711	0.0384963	0.0649343	0.0378315	0.00822984	0.0150707	0.0148615	0.0439562	0.00676362	0.0895752	0.00758143	0.013576	0.011808	0.101596	0.0431778	0.188105	0.00322155	0.0604772
55	0.120606	0.00374976	0.00955259	0.01841	0.00339914	0.0152351	0.0423701	0.0133672	0.0609542	0.0428291	0.00477448	0.0215041	0.328032	0.0611349	0.0526101	0.100225	0.0725134	0.0215646	0.00176515	0.00540342
56	0.0209588	0.00603281	0.00735092	0.0110264	0.0267704	0.00591681	0.00467454	0.214795	0.015806	0.36263	0.15224	0.00340861	0.0046407	0.0207802	0.0149074	0.00557452	0.0135068	0.0911702	0.00472783	0.0130812
57	0.0389912	0.000600693	0.00528827	0.0178302	0.00149848	0.00815923	0.0136137	0.00810543	0.387806	0.0206948	0.0133525	0.0129774	0.00273071	0.0647212	0.362641	0.0184471	0.00972355	0.00746654	0.000410886	0.00494124
58	0.122302	0.00391497	0.00999829	0.0148578	0.0038199	0.00960538	0.023327	0.0119448	0.0475636	0.0499832	0.00451482	0.0252635	0.395419	0.0502497	0.0284214	0.0867586	0.0825214	0.0235341	0.0026992	0.00330079
59	0.0096217	0.00361496	0.000694672	0.00441389	0.0235917	0.00488385	0.000639434	0.434499	0.00106572	0.26728	0.0351529	0.00270447	0.0107364	0.00478552	0.00455812	0.00340636	0.0117036	0.168822	0.000190137	0.00763515
60	0.0952711	0.00553905	0.0434497	0.0587068	0.00315237	0.1212	0.0447015	0.0069749	0.0851187	0.0100391	0.00551302	0.104848	0.136568	0.0624698	0.106037	0.0709461	0.0199702	0.0145294	0.00155393	0.00341034
61	0.0173464	0.00240465	0.0108221	0.0177701	0.00323619	0.245163	0.038069	0.00501402	0.190009	0.00696365	0.00347502	0.249845	0.00610395	0.0339902	0.105325	0.039884	0.0121247	0.00811195	0.0010724	0.00326922
62	0.059571	0.338282	0.00292117	0.00400952	0.00204807	0.00299236	0.00255187	0.0452493	0.00515163	0.0866808	0.002651	0.00374718	0.00252316	0.00537054	0.00414076	0.0169906	0.0564735	0.35409	0.000931565	0.0036244
63	0.0221757	0.00447929	0.00371649	0.0102445	0.02125	0.0065216	0.0395238	0.169121	0.122393	0.122501	0.0107056	0.00815956	0.0159838	0.0232776	0.0233457	0.013319	0.131106	0.244964	0.00118927	0.00602372
64	0.331363	0.0626234	0.00380724	0.00535463	0.00975648	0.0969356	0.00508203	0.0384848	0.0064137	0.00900741	0.00479681	0.00616622	0.00228061	0.0177171	0.00498937	0.1387	0.191589	0.0607803	0.00112532	0.00302681
65	0.0233052	0.010522	0.0011156	0.00409293	0.11096	0.00445196	0.00250563	0.191807	0.00664466	0.425383	0.0853202	0.0062261	0.0056295	0.00360808	0.0050682	0.00411393	0.0143408	0.0780854	0.000422394	0.0163975
66	0.0606301	0.0235221	0.00420157	0.0664991	0.00526029	0.0286806	0.00894864	0.0812711	0.0474268	0.0106938	0.00559101	0.0125913	0.00315494	0.115181	0.00749071	0.0166256	0.214494	0.283007	0.00119749	0.00353208
67	0.0722303	0.0429061	0.0592074	0.287373	0.0035191	0.242202	0.00515107	0.00664352	0.0088605	0.00867581	0.00431924	0.0285998	0.00430532	0.0862357	0.00892433	0.0834909	0.0114162	0.0127025	0.00139598	0.0218409
68	0.0498319	0.00191357	0.442837	0.270267	0.0020757	0.0158818	0.00747055	0.00411174	0.0250578	0.0130974	0.00556706	0.0166416	0.00823978	0.0427702	0.0187696	0.0314236	0.0206305	0.0126785	0.00137726	0.00935791
69	0.0301922	0.00758413	0.00690505	0.0117719	0.022794	0.00969033	0.00542763	0.338101	0.0171252	0.210069	0.0385081	0.013749	0.0117705	0.0146701	0.0181168	0.0191738	0.0223844	0.188152	0.00277444	0.0110406
70	0.0613571	0.00931077	0.0307115	0.0344176	0.00747899	0.0285507	0.0242945	0.0169201	0.142389	0.0213705	0.0113897	0.100835	0.0187148	0.0565378	0.139358	0.116607	0.137664	0.0286453	0.0042135	0.00923466
71	0.136488	0.00516525	0.052018	0.0452579	0.00774179	0.0534149	0.0105493	0.00494727	0.0913618	0.00445481	0.0101299	0.0707844	0.0588488	0.0268962	0.0484901	0.263557	0.0921306	0.0161055	0.000551694	0.00110657
72	0.158471	0.00125759	0.0647639	0.0586643	0.00162499	0.0131467	0.00389716	0.0406527	0.190262	0.0917666	0.0302137	0.00688994	0.00544322	0.108738	0.0673402	0.0687993	0.06303	0.0136337	0.0097567	0.00164788
73	0.00762125	0.00303529	0.000679236	0.00462775	0.0242036	0.00534373	0.0006355	0.439726	0.00107775	0.284945	0.0370477	0.0027844	0.011817	0.00417517	0.00463546	0.00349959	0.0120997	0.143671	0.000194262	0.00818093
74	0.0584463	0.00184144	0.00277436	0.0112874	0.0029617	0.0257678	0.0224028	0.00331173	0.335114	0.010734	0.00630138	0.0316631	0.00149819	0.0735372	0.311675	0.0513497	0.0351655	0.00785522	0.000777785	0.00553531
75	0.0654423	0.00182695	0.00372045	0.0142013	0.00354124	0.0293993	0.0241731	0.00200088	0.33709	0.00940668	0.00385771	0.0368418	0.00189933	0.0792349	0.271294	0.0626811	0.0399874	0.00676619	0.000910966	0.00572439
76	0.126056	0.00405244	0.0082844	0.0835138	0.00699641	0.00967776	0.0877443	0.140886	0.0623145	0.0962938	0.0134351	0.010183	0.00550337	0.0708364	0.0117908	0.0162023	0.044945	0.0755743	0.00191203	0.123798
77	0.0363718	0.0138119	0.000836237	0.001645	0.0473819	0.00246364	0.00105557	0.0994874	0.009484	0.563428	0.117863	0.00391839	0.000941868	0.00270389	0.00648945	0.00443335	0.0179785	0.0629706	0.000345253	0.00639017
78	0.0356861	0.00241779	0.0292607	0.0371423	0.0018943	0.0165807	0.0942265	0.00398377	0.467	0.0150325	0.00202249	0.0550633	0.0401925	0.0566089	0.0461975	0.0492633	0.0384088	0.00610861	0.000923028	0.00198656
79	0.0417657	0.00403117	0.206181	0.0265597	0.0108653	0.0381454	0.0132127	0.00608335	0.0183954	0.00625729	0.00362866	0.40699	0.0073098	0.0672017	0.0231805	0.0825504	0.0239897	0.0076147	0.00119545	0.00484244
80	0.0446232	0.287201	0.00211014	0.00286092	0.0026047	0.00262003	0.0021303	0.0512562	0.00410815	0.122928	0.00281833	0.00299507	0.00163982	0.00392168	0.00328653	0.0133723	0.043806	0.403301	0.000569324	0.001847
81	0.0311762	0.0127166	0.000834884	0.00451668	0.0131451	0.0010645	0.000938112	0.252027	0.00181823	0.0616292	0.0136486	0.00361387	0.000715382	0.0107818	0.00677535	0.00262265	0.00624287	0.571445	0.000227894	0.00406024
82	0.0147939	0.00599722	0.000884312	0.00416643	0.0295042	0.00487472	0.000982835	0.332204	0.00389666	0.368915	0.0614895	0.00328689	0.00940298	0.0046297	0.00661752	0.00385228	0.0135333	0.121792	0.000390748	0.00878547
83	0.0329316	0.0287377	0.0229312	0.0282493	0.0133083	0.00811808	0.246576	0.0145907	0.0117801	0.00718551	0.00520548	0.380353	0.0329344	0.0388199	0.00764416	0.0691919	0.0211772	0.00769896	0.00116208	0.0214046
84	0.0867341	0.00888276	0.187909	0.12163	0.0092802	0.0286108	0.0164708	0.0155204	0.076252	0.0245654	0.0108349	0.0456415	0.11406	0.0456976	0.0353522	0.0858813	0.0405651	0.0263266	0.00773023	0.0120551
85	0.263842	0.0233667	0.0218638	0.0298212	0.0107951	0.124627	0.0133827	0.042361	0.0297606	0.035564	0.021706	0.0304438	0.0166834	0.0322672	0.0251693	0.103289	0.0580058	0.105825	0.0038849	0.00734191
86	0.562407	0.0151921	0.00467941	0.0109767	0.00262649	0.0263902	0.00748734	0.0245176	0.00675645	0.00967908	0.00496973	0.0110749	0.00597203	0.0219923	0.00506043	0.223633	0.0195784	0.0331161	0.00107111	0.00282038
87	0.0994539	0.00624167	0.0181282	0.0263024	0.0136324	0.0224943	0.0180213	0.0296096	0.054757	0.033609	0.0117823	0.02642	0.397241	0.0348197	0.0393003	0.0733151	0.0468225	0.031781	0.00427903	0.0119898
88	0.0453761	0.00398416	0.187151	0.027831	0.0125375	0.0311543	0.011362	0.00667646	0.0175593	0.00780658	0.00431739	0.456493	0.00690746	0.0488827	0.0222767	0.0701268	0.0236011	0.00929888	0.00122653	0.00543173
89	0.0168014	0.00479788	0.00601362	0.0101304	0.0197889	0.00590055	0.0044231	0.270281	0.0119365	0.251833	0.129172	0.0030677	0.00615233	0.0189921	0.0139958	0.00395744	0.00987907	0.190946	0.00445062	0.0174809
90	0.102632	0.010593	0.0426585	0.0517141	0.00842697	0.122679	0.0221756	0.0215755	0.0783283	0.0199723	0.0101768	0.0651458	0.130234	0.0434023	0.0608387	0.120167	0.0396064	0.0347542	0.00484149	0.010078
91	0.142141	0.00308725	0.0221098	0.028815	0.00283236	0.040832	0.00743238	0.0195371	0.135116	0.100869	0.028006	0.0094063	0.00656787	0.107158	0.0708413	0.105216	0.147302	0.0161623	0.00300439	0.00356422
92	0.13923	0.00448708	0.0518648	0.0408196	0.00907434	0.0576439	0.00840029	0.00487449	0.0594321	0.00232446	0.0103309	0.0855046	0.0523187	0.0187419	0.0347138	0.313837	0.08519	0.0195797	0.00040428	0.001228
93	0.0116106	0.0057257	0.00551369	0.00658429	0.363013	0.00351483	0.017299	0.00892564	0.00985943	0.0337376	0.0170118	0.0187486	0.00719425	0.00623145	0.0100152	0.020273	0.0155184	0.00716185	0.0714574	0.360605
94	0.207229	0.00393619	0.0099933	0.00717179	0.0142237	0.0445466	0.00288228	0.0999268	0.00630087	0.0867705	0.0207663	0.0427511	0.00782289	0.0380537	0.0099608	0.158524	0.0657504	0.158538	0.0115703	0.00328128
95	0.0213696	0.0057096	0.0108714	0.0137993	0.0335898	0.00944979	0.0532024	0.0684452	0.0808778	0.0158956	0.0346532	0.0177992	0.0334352	0.250956	0.0448988	0.105173	0.0191071	0.0606193	0.00221879	0.117929
96	0.0617609	0.00195899	0.32424	0.287073	0.00388187	0.0199807	0.0119954	0.00625259	0.0365568	0.0149056	0.00700312	0.0288877	0.00854739	0.0776924	0.0231416	0.0349161	0.0292205	0.0135873	0.000568926	0.00782836
97	0.380871	0.0096313	0.0108794	0.047234	0.00618092	0.0167258	0.0108692	0.0198976	0.0234944	0.119262	0.0185362	0.0181659	0.00856931	0.0299343	0.0157916	0.182117	0.0361858	0.035793	0.00267853	0.00718289
98	0.00573124	0.0008348	0.0010513	0.00163021	0.450296	0.00118559	0.0182779	0.00153438	0.00608438	0.0295023	0.0193756	0.00446242	0.00718523	0.00203277	0.0029741	0.0120336	0.00675706	0.00203749	0.0149256	0.412088
99	0.118339	0.0038042	0.0317809	0.0440358	0.00558915	0.0686459	0.00520933	0.0190343	0.0249404	0.0058629	0.0160202	0.0839994	0.0187038	0.0404864	0.0191047	0.281832	0.168396	0.0408828	0.000857684	0.00247499
100	0.0829871	0.00830635	0.0375939	0.067782	0.0105141	0.030776	0.030268	0.024073	0.0925387	0.0355165	0.0126615	0.043131	0.144686	0.125837	0.0683649	0.0832922	0.0525193	0.0320069	0.0041105	0.0130357
101	0.18496	0.0029829	0.00602665	0.007578	0.00502718	0.0269011	0.00515419	0.086957	0.00840545	0.0115922	0.00546359	0.280983	0.00430076	0.00981668	0.00841146	0.175813	0.052414	0.111381	0.00199801	0.00383345
102	0.100382	0.0461067	0.0414645	0.181617	0.00410166	0.0271494	0.0561955	0.00957209	0.00896969	0.00854758	0.00487924	0.0480335	0.00414861	0.100784	0.0428022	0.110459	0.0559944	0.143082	0.00145375	0.004257
103	0.0690625	0.0125417	0.00545045	0.00819649	0.0351553	0.0088801	0.00458809	0.142826	0.0135817	0.420893	0.0855105	0.00752811	0.00560377	0.0135005	0.0105294	0.0150516	0.0263631	0.103708	0.00189872	0.00913173
104	0.129368	0.0949287	0.00384588	0.00592214	0.00322297	0.0158709	0.00376408	0.00974729	0.0074014	0.0250327	0.00481972	0.00613469	0.00597163	0.00876412	0.00539501	0.163639	0.35611	0.134726	0.00171222	0.013624
105	0.0149937	0.00564311	0.00078076	0.00439569	0.0222496	0.00481538	0.000889608	0.353453	0.00237355	0.292027	0.0381081	0.0034452	0.0102377	0.00559743	0.00673331	0.00395473	0.0123589	0.209335	0.000366687	0.00824219
106	0.127301	0.018301	0.0318596	0.0346369	0.0141263	0.00431786	0.143099	0.0209653	0.0419759	0.043902	0.0589074	0.0897143	0.00435953	0.0939496	0.0119347	0.177009	0.0342301	0.0409724	0.00100997	0.00742736
107	0.671969	0.0099631	0.0026792	0.0100257	0.000846567	0.0185708	0.00570373	0.0101136	0.00228448	0.00738021	0.00293172	0.00509002	0.00199501	0.0215502	0.00170938	0.194408	0.00569296	0.0259216	0.000268183	0.000896985
108	0.0365407	0.0137904	0.000787171	0.00161736	0.0474685	0.00237257	0.00106207	0.098282	0.00947237	0.565499	0.11727	0.00395939	0.000921863	0.00265628	0.00651721	0.00444194	0.0179195	0.0627539	0.000312771	0.00635453
109	0.0350832	0.000594303	0.006068	0.0175264	0.00150173	0.00625656	0.0128321	0.00727047	0.416162	0.0195219	0.0135293	0.0112402	0.00442944	0.0636417	0.349149	0.0154804	0.00773176	0.00706052	0.000355185	0.00456647
110	0.0327136	0.0139852	0.000749264	0.00198257	0.0474091	0.00295693	0.00105526	0.123818	0.00896946	0.544236	0.110016	0.00414776	0.00187243	0.0027546	0.00661167	0.00436711	0.0170621	0.0680362	0.000300985	0.00695596
111	0.481549	0.0446284	0.00682797	0.0109745	0.00644817	0.0668644	0.0076842	0.026977	0.00940826	0.0103601	0.00507319	0.0104691	0.00752116	0.0190073	0.00650042	0.187475	0.0481099	0.0402671	0.00117943	0.00267571
112	0.10688	0.143068	0.00408747	0.00560328	0.00370538	0.00800865	0.00357559	0.00981947	0.00815851	0.0190946	0.00405345	0.00597019	0.00538828	0.00815748	0.00599979	0.180644	0.304642	0.150965	0.00158343	0.0205962
113	0.0488744	0.00148066	0.169194	0.34912	0.00981378	0.011701	0.0266611	0.0127988	0.0378517	0.011001	0.0115102	0.0521341	0.00918359	0.142985	0.0135461	0.0340792	0.0439132	0.00949891	0.000519312	0.00413359
114	0.0130445	0.0264004	0.00215696	0.00333377	0.386697	0.00543923	0.0133792	0.0399984	0.0102119	0.293119	0.0728094	0.0340055	0.00225162	0.00397739	0.00639264	0.00645419	0.0134525	0.0571894	0.000618147	0.00906853
115	0.0367595	0.0128264	0.00433386	0.00612276	0.0575086	0.0044512	0.00328518	0.102929	0.0129909	0.493432	0.132928	0.00557831	0.00302479	0.00954143	0.0104022	0.0066283	0.0192773	0.0655989	0.00293766	0.00944423
116	0.139708	0.0527586	0.00551395	0.00821921	0.00315531	0.0540902	0.00704671	0.0238277	0.149486	0.0268693	0.0333698	0.0562271	0.00329294	0.0246363	0.118826	0.0497277	0.101437	0.137373	0.00126677	0.0031699
117	0.113135	0.00418111	0.0132476	0.0902798	0.00269902	0.0195735	0.00547452	0.00833416	0.185073	0.00640391	0.0167925	0.0239608	0.214749	0.0438036	0.151026	0.0410496	0.0242374	0.0316254	0.00150138	0.00285221
118	0.0153627	0.003708	0.020063	0.0173698	0.00404429	0.243614	0.0411859	0.00542273	0.148117	0.00713703	0.00377814	0.306252	0.00825654	0.0323622	0.0816683	0.0379313	0.010379	0.00832397	0.00112468	0.00390052
119	0.418839	0.0219814	0.0171783	0.0200426	0.00699995	0.122278	0.0140752	0.0279588	0.0225799	0.0150025	0.0107898	0.0183784	0.0140428	0.0303778	0.0174039	0.128118	0.0418256	0.0454411	0.00210904	0.0045782
120	0.0586592	0.0652368	0.00634867	0.00892405	0.00629501	0.00579521	0.00537493	0.078535	0.0327251	0.0101984	0.00520589	0.0507543	0.00488313	0.00996969	0.00827781	0.0812092	0.280538	0.0391615	0.212984	0.0289238
121	0.0179109	0.0106645	0.0062844	0.00592587	0.400647	0.00404781	0.0283619	0.02103	0.0125071	0.195148	0.0474541	0.0202852	0.0049542	0.00903982	0.00727814	0.014837	0.0171958	0.0285454	0.00738809	0.140494
122	0.0311574	0.0122864	0.000690575	0.00418629	0.0125934	0.000956749	0.000873722	0.252952	0.00165445	0.0621648	0.013688	0.00356274	0.000690917	0.0099513	0.00673256	0.0024847	0.00519674	0.573864	0.000219415	0.00409302
123	0.108794	0.0542081	0.0132015	0.0187054	0.00641423	0.0255164	0.0103444	0.0222272	0.024063	0.0255983	0.0105927	0.0279802	0.0150713	0.0236267	0.018295	0.20284	0.26506	0.112133	0.00390861	0.0114205
124	0.0617044	0.0093516	0.0194693	0.0334237	0.0103849	0.0187253	0.0231764	0.0417396	0.277277	0.0543395	0.0204508	0.0272006	0.0209322	0.0536186	0.133469	0.0402811	0.0504328	0.0916134	0.00246412	0.00994469
125	0.0311058	0.012275	0.000690577	0.00418953	0.0126256	0.000964686	0.000872334	0.25307	0.00164925	0.0623005	0.0137213	0.00355711	0.000697827	0.00993927	0.00673091	0.00248439	0.00521328	0.573589	0.000219415	0.00410397
126	0.041343	0.00555319	0.00707988	0.00831706	0.361573	0.00599591	0.0349451	0.0124183	0.0143091	0.0424388	0.0203006	0.0151888	0.0127575	0.00980572	0.00785242	0.0322823	0.0177199	0.0174329	0.0176122	0.315074
127	0.0540218	0.00564183	0.0186773	0.033527	0.00655781	0.0760747	0.0229367	0.0146448	0.219941	0.0219077	0.0125694	0.0585524	0.0166097	0.0701861	0.253187	0.0518484	0.0323843	0.0216866	0.00197823	0.00706721
128	0.0828964	0.00482387	0.0409019	0.0467923	0.00643666	0.0976222	0.0178954	0.00641135	0.107146	0.00868424	0.00760735	0.115773	0.0347287	0.0513396	0.093068	0.201279	0.0565869	0.0155531	0.00118736	0.00326648
129	0.0806149	0.00217175	0.0090358	0.0338846	0.00272929	0.0211511	0.0209033	0.00353282	0.305443	0.0109621	0.00520321	0.0342495	0.0132041	0.0859955	0.247494	0.0651028	0.0440445	0.00862157	0.000785141	0.0048711
130	0.0764826	0.0043791	0.259722	0.246402	0.00344105	0.0555979	0.0103925	0.00566341	0.0436589	0.0136656	0.00590534	0.0418729	0.014242	0.0709209	0.0324935	0.0554603	0.0319079	0.0187362	0.000694802	0.00836076
131	0.0293289	0.0183305	0.00468433	0.0222534	0.130966	0.0250682	0.293675	0.00798967	0.0382098	0.0097335	0.00560048	0.00787231	0.00348153	0.0250275	0.00695308	0.105364	0.0254213	0.00993026	0.00190705	0.228203
132	0.045735	0.0248666	0.0256923	0.0381219	0.0167013	0.00557374	0.14874	0.0181521	0.0141619	0.00822195	0.00795286	0.398138	0.0297595	0.061039	0.00581232	0.0901215	0.0248449	0.00776547	0.00107144	0.0275282
133	0.237363	0.0157721	0.0271003	0.0223502	0.00517152	0.0417738	0.0129046	0.00283651	0.0586313	0.00351301	0.00656995	0.0587919	0.0677792	0.0179415	0.0206356	0.344612	0.0438249	0.0107055	0.000539123	0.00118395
134	0.0234905	0.012201	0.000956302	0.00321589	0.06086	0.00423825	0.00172284	0.194562	0.00786182	0.46954	0.0842739	0.00570512	0.00430914	0.00355529	0.00693841	0.00473499	0.0148871	0.0884386	0.000437208	0.0080715
135	0.0105997	0.00238506	0.0154446	0.0180171	0.0138492	0.00629138	0.00895778	0.127921	0.0298609	0.349292	0.242279	0.00250796	0.00132924	0.0411205	0.024194	0.00414182	0.00742746	0.0658279	0.0103742	0.0181786
136	0.0197215	0.00453344	0.0161568	0.0164703	0.279356	0.00729153	0.0127629	0.0238092	0.0113797	0.0549883	0.0117245	0.0609273	0.00746885	0.0109224	0.0303093	0.0387484	0.0291144	0.0109535	0.11175	0.241612
137	0.0310298	0.0135238	0.00068681	0.00418522	0.0126638	0.000991951	0.000896011	0.253933	0.00174076	0.0656917	0.014061	0.00352604	0.000808379	0.00990043	0.00670405	0.0025717	0.00549304	0.567209	0.000222953	0.00416042
138	0.0131378	0.0135648	0.00189177	0.00267907	0.438773	0.00228486	0.00946805	0.017299	0.00838035	0.331645	0.0705717	0.0220498	0.00193909	0.00343979	0.00288586	0.00412673	0.0134825	0.0308161	0.000533434	0.0110321
139	0.0493446	0.0011279	0.0374348	0.129066	0.00123354	0.0764037	0.0169874	0.00338289	0.218578	0.00679434	0.00618498	0.0959445	0.00652345	0.122348	0.12948	0.0666984	0.0236047	0.00738838	0.000440749	0.00103336
140	0.0529919	0.00232397	0.02185	0.0567163	0.00107885	0.0097268	0.0185159	0.00498857	0.443485	0.0104228	0.00567246	0.0257177	0.019042	0.069579	0.177774	0.0366342	0.0332208	0.00804969	0.000481283	0.00172942
141	0.013063	0.0135159	0.00187942	0.00267492	0.438568	0.0022954	0.00945222	0.017266	0.00841532	0.332292	0.0704706	0.0220004	0.00193814	0.00345934	0.00287833	0.00413026	0.0133655	0.0306897	0.000533476	0.0111122
142	0.0132208	0.00729812	0.00402191	0.00510415	0.416612	0.00374276	0.0163852	0.015986	0.0102863	0.126163	0.036729	0.0147563	0.00893554	0.00579006	0.00637035	0.0144767	0.0140601	0.0234782	0.0105445	0.24604
143	0.0632422	0.000699945	0.0457789	0.150546	0.00079566	0.0463164	0.0146015	0.00375271	0.233337	0.00652222	0.00794863	0.0746455	0.0036885	0.121069	0.120828	0.067937	0.0292734	0.00794086	0.000198876	0.000876834
144	0.0544968	0.00267934	0.013437	0.0179692	0.00301497	0.0292364	0.0317709	0.00333855	0.343076	0.010084	0.00373271	0.0347247	0.00774581	0.0743521	0.243847	0.0692101	0.0429977	0.00852841	0.000891966	0.00486649
145	0.025263	0.00971987	0.000976517	0.00494148	0.0171905	0.00324451	0.00118583	0.30614	0.00245319	0.149146	0.0256359	0.00341745	0.00419962	0.00878995	0.00672069	0.00312226	0.00952689	0.411927	0.000300529	0.00609926
146	0.0396088	0.00490361	0.0604132	0.112821	0.00928811	0.0194733	0.0702594	0.0414456	0.066155	0.0217153	0.0156627	0.0772009	0.0138636	0.15637	0.057963	0.105156	0.0475403	0.0227671	0.00135604	0.056037
147	0.605566	0.00932046	0.00480331	0.0151263	0.00179762	0.02542	0.0130868	0.0164432	0.00473739	0.00851582	0.00492222	0.00694436	0.00232446	0.0299491	0.00474481	0.191068	0.0100149	0.0424098	0.000825697	0.0019803
148	0.0329554	0.0121774	0.0560637	0.0502705	0.12019	0.0127948	0.0124621	0.0920671	0.0199452	0.078383	0.0107932	0.0708233	0.00871808	0.0180819	0.0206038	0.0340499	0.165485	0.0212336	0.0781851	0.0847168
149	0.0514223	0.00243711	0.0132017	0.0298131	0.0040831	0.0157836	0.0225709	0.0111527	0.38551	0.0249865	0.0107871	0.0270059	0.0127309	0.0674026	0.22921	0.0411572	0.0291393	0.0143127	0.00125283	0.00604028
150	0.0905186	0.00855364	0.0244475	0.0264598	0.012088	0.0220395	0.0199034	0.0248296	0.0627042	0.0292713	0.00956442	0.0284555	0.406758	0.0347866	0.0393427	0.0691817	0.0469791	0.0283344	0.00505245	0.0107294
151	0.118088	0.00300137	0.00798165	0.0304948	0.00324881	0.00774774	0.0363038	0.027434	0.0684463	0.0978715	0.00660441	0.0138546	0.189749	0.107999	0.0579507	0.0994783	0.0836876	0.03294	0.00212415	0.00499464
152	0.670912	0.0100271	0.00271655	0.0101457	0.000955007	0.0190797	0.0057782	0.0106922	0.00223038	0.00818914	0.00309419	0.00513499	0.00191415	0.0217755	0.00182763	0.190682	0.00584618	0.0275637	0.00044529	0.000989574
153	0.380132	0.0164132	0.0144441	0.018654	0.00671607	0.0332443	0.0124411	0.0157522	0.029428	0.0131443	0.00759218	0.0308402	0.0235847	0.0228133	0.0184789	0.27758	0.039719	0.0290553	0.00372878	0.00623826
154	0.0646002	0.00474795	0.10834	0.0812277	0.00752655	0.0237584	0.0179895	0.013676	0.187352	0.0243804	0.0119198	0.0415404	0.0178109	0.0683684	0.211211	0.0522016	0.031508	0.0206876	0.00190557	0.00924842
155	0.116311	0.0147069	0.0309817	0.0342106	0.0176868	0.00391409	0.131636	0.0188351	0.0449581	0.0467415	0.0556781	0.111575	0.00577595	0.0932706	0.0130064	0.177518	0.0420713	0.0317983	0.000959954	0.00836428
156	0.0863467	0.0151776	0.0121126	0.151333	0.0050848	0.0391023	0.0146611	0.054493	0.0233517	0.0146367	0.00985117	0.0338925	0.00305221	0.0890732	0.0144904	0.0504919	0.175384	0.201936	0.00106843	0.00446083
157	0.365264	0.0157855	0.0197018	0.0235835	0.00545794	0.0352121	0.0125959	0.0140276	0.0348427	0.0146982	0.00775223	0.0335582	0.0249546	0.0261563	0.0218818	0.2684	0.0397208	0.0294193	0.00154306	0.005445
158	0.617113	0.0118409	0.00450261	0.0102912	0.0013234	0.0259809	0.00612629	0.0107227	0.00618997	0.00647159	0.00360602	0.0102374	0.00595289	0.0205649	0.00314444	0.216797	0.0128486	0.0250132	0.000364015	0.000908664
159	0.0743852	0.00750967	0.177449	0.287894	0.00774258	0.0316589	0.0164497	0.0124503	0.0577996	0.0186722	0.0108367	0.036428	0.0148697	0.0769388	0.0349954	0.0505303	0.0430613	0.0281099	0.00248366	0.00973525
160	0.0542067	0.0558173	0.00699649	0.0264596	0.00938618	0.0177969	0.0144868	0.137666	0.075375	0.0334	0.00977979	0.0202881	0.00958187	0.0376441	0.0197887	0.0383032	0.22536	0.167893	0.0292841	0.0104857
161	0.00552435	0.00080579	0.00103809	0.0015537	0.450673	0.00121178	0.018494	0.00144928	0.00600889	0.0299187	0.0184338	0.0044521	0.00680014	0.00195683	0.00294542	0.0118187	0.00629518	0.00197375	0.0150173	0.413629
162	0.00552435	0.00080579	0.00103809	0.0015537	0.450673	0.00121178	0.018494	0.00144928	0.00600889	0.0299187	0.0184338	0.0044521	0.00680014	0.00195683	0.00294542	0.0118187	0.00629518	0.00197375	0.0150173	0.413629
163	0.00628793	0.00151072	0.00224291	0.00327701	0.0233044	0.00309136	0.00257275	0.0975944	0.307153	0.255104	0.0203986	0.00444172	0.00212669	0.0543404	0.144979	0.00766957	0.0129274	0.0454616	0.000631741	0.00488456
164	0.163041	0.00514199	0.061134	0.0404388	0.013283	0.0587523	0.0109047	0.00389008	0.0785797	0.00398151	0.00977439	0.0808442	0.0621092	0.0184511	0.0327193	0.263332	0.0645383	0.0248142	0.000725398	0.00354498
165	0.112174	0.00824964	0.0779458	0.0401769	0.00915942	0.0241774	0.0165035	0.0231229	0.113523	0.026498	0.0119278	0.0276188	0.252361	0.0336743	0.0396107	0.062658	0.039781	0.0283296	0.0433296	0.00917879
166	0.163751	0.00516688	0.0643418	0.0464147	0.0100886	0.0634803	0.0131199	0.00442356	0.0766249	0.00390637	0.00949566	0.0742588	0.0598159	0.0191998	0.0324603	0.260816	0.0624267	0.0270017	0.000600476	0.0026064
167	0.0689243	0.00269683	0.00540304	0.0150111	0.00568132	0.0218907	0.0369991	0.00392393	0.338181	0.00984969	0.00556075	0.0361438	0.00490167	0.0698919	0.248751	0.0639923	0.0392531	0.0129014	0.00101676	0.00902697
168	0.0074606	0.00316699	0.000751418	0.00462912	0.0222568	0.00605673	0.000731193	0.409835	0.00135557	0.310048	0.0376443	0.0032447	0.0136496	0.00418605	0.00591918	0.00408656	0.0128077	0.143147	0.000209164	0.00881441
169	0.0755051	0.00700587	0.165929	0.177566	0.00512827	0.0983456	0.017882	0.00816544	0.0536367	0.0170394	0.00500365	0.0757597	0.0180563	0.0972182	0.0427102	0.0638614	0.0307861	0.0321417	0.00114084	0.00711916
170	0.147315	0.00610931	0.0528514	0.0433227	0.00841053	0.0574083	0.010333	0.0030393	0.0772105	0.00203427	0.0110594	0.0770691	0.0733839	0.0197537	0.0392562	0.279859	0.0746688	0.0158257	0.000379056	0.000710943
171	0.035679	0.00119343	0.0122801	0.0264763	0.00195275	0.00949944	0.0112761	0.00981204	0.334151	0.0299999	0.0127148	0.018148	0.0034068	0.062371	0.38938	0.0153715	0.0118374	0.00858012	0.000422537	0.00544819
172	0.0168239	0.0124957	0.00194913	0.00284001	0.312607	0.00261746	0.00666222	0.0364846	0.0116863	0.421615	0.0784285	0.0187748	0.00181588	0.00340251	0.00405065	0.00449765	0.0129684	0.0349389	0.000758687	0.0145828
173	0.0129729	0.0135038	0.00194384	0.0027548	0.442634	0.00227673	0.00982247	0.0180469	0.0080365	0.325421	0.070301	0.0224746	0.00184617	0.00351988	0.00282255	0.00412289	0.0140699	0.0321357	0.000524234	0.0107702
174	0.0378749	0.00393777	0.205256	0.0147451	0.0112431	0.0391348	0.013002	0.00605372	0.012726	0.00679192	0.00396556	0.420473	0.0079628	0.0681738	0.0219745	0.0891517	0.0234513	0.00770147	0.00115561	0.00522506
175	0.210634	0.00413216	0.0064564	0.0120908	0.0548227	0.00806642	0.00623825	0.0888324	0.011794	0.0117231	0.02695	0.010426	0.250838	0.0123468	0.00932946	0.115695	0.0368954	0.0471834	0.00224764	0.0732976
176	0.0650035	0.00192084	0.00247265	0.0108955	0.00345979	0.0271329	0.0235254	0.00207187	0.334255	0.0103509	0.00453485	0.0346961	0.00173572	0.0778842	0.291623	0.0571931	0.0377185	0.00669278	0.000875992	0.00595727
177	0.0284842	0.0198327	0.00390132	0.0227621	0.131493	0.019224	0.313741	0.00645591	0.0401099	0.00702801	0.00417946	0.00597148	0.00288486	0.0252794	0.00579312	0.101143	0.0254583	0.00811261	0.000989316	0.227156
178	0.0443101	0.0120488	0.0010617	0.00533566	0.0131198	0.00242377	0.00128418	0.251687	0.00344774	0.0957199	0.0219536	0.00366754	0.00187448	0.0106824	0.00847531	0.00366005	0.0111476	0.502572	0.00109298	0.0044352
179	0.00822915	0.00192225	0.00199355	0.00311384	0.434757	0.00251952	0.0239279	0.00304692	0.00720663	0.0330094	0.018372	0.00593973	0.00708396	0.00329829	0.00459636	0.0151339	0.00787571	0.00284286	0.0170066	0.398124
180	0.113541	0.000668212	0.0383616	0.106145	0.000727721	0.0223694	0.00481948	0.0223399	0.255096	0.0485119	0.0205717	0.0224817	0.0043915	0.129775	0.0788566	0.0765007	0.0400822	0.0116779	0.00219306	0.000889871
181	0.0330447	0.00245527	0.0331199	0.0402732	0.00245917	0.00633543	0.050576	0.0460492	0.219811	0.0422709	0.0117787	0.0177444	0.00700923	0.124203	0.119215	0.0753926	0.125695	0.0324748	0.000998836	0.00909338
182	0.0531007	0.0082115	0.0274104	0.0292253	0.00201182	0.00740555	0.0235935	0.0049065	0.425716	0.00965927	0.00327448	0.0207972	0.0283461	0.0567142	0.185268	0.0403953	0.052844	0.0177389	0.000868746	0.0025123
183	0.122159	0.00709349	0.0401862	0.0487811	0.00247307	0.0489459	0.00603833	0.0180153	0.1624	0.00666752	0.00708462	0.0228405	0.208732	0.0184189	0.139982	0.0729075	0.0194416	0.0433989	0.00220053	0.00223321
184	0.0395179	0.0077864	0.0207647	0.0430614	0.00567136	0.0117249	0.162418	0.0076356	0.287111	0.0121533	0.00536223	0.155233	0.0436207	0.0617269	0.0117353	0.0746258	0.0333514	0.00696005	0.00121577	0.00832487
185	0.150596	0.00665447	0.0184551	0.0251619	0.00872705	0.0260264	0.0118052	0.0282691	0.0533705	0.0219503	0.0105447	0.0543314	0.138435	0.0220345	0.144005	0.105536	0.0317652	0.132933	0.00264966	0.00674869
186	0.0886073	0.00107778	0.187163	0.334529	0.00251282	0.0314052	0.0113668	0.00377601	0.0408146	0.0121047	0.00405633	0.0348793	0.0114326	0.0989564	0.023585	0.0464791	0.0456546	0.0165258	0.000221641	0.00485234
187	0.0365509	0.00329197	0.0152462	0.0145092	0.00484478	0.0178259	0.00501092	0.00687517	0.0911836	0.00735822	0.00602022	0.136204	0.0291295	0.0346003	0.0473962	0.270612	0.257529	0.0113698	0.00123546	0.00320623
188	0.0739523	0.00178239	0.185347	0.165891	0.00275876	0.0204049	0.00545595	0.0310993	0.128443	0.0312479	0.00381749	0.0376593	0.131612	0.0290018	0.0107814	0.0758369	0.0369349	0.0227652	0.00200211	0.00320603
189	0.0449044	0.00134711	0.470788	0.310788	0.00199235	0.00738065	0.00658176	0.00341416	0.0129819	0.0169209	0.00829416	0.00749245	0.0038309	0.0310205	0.0113773	0.0235074	0.0164536	0.0116154	0.000548617	0.00876044
190	0.015572	0.0038859	0.000763978	0.00445645	0.0229543	0.00482598	0.000746439	0.421671	0.00159176	0.256241	0.0350369	0.00275684	0.00962012	0.00589618	0.00492607	0.00331642	0.0132557	0.18483	0.000407286	0.00724465
191	0.00636939	0.00149723	0.00227855	0.00329626	0.023371	0.00317947	0.00259387	0.0981758	0.307991	0.251587	0.0207702	0.00441392	0.00233407	0.0540147	0.145154	0.00772118	0.0134071	0.0463145	0.000632063	0.00489868
192	0.0435333	0.147977	0.0842206	0.0107167	0.0357185	0.00802354	0.0306375	0.0366586	0.0110608	0.273908	0.00827419	0.0644023	0.00471741	0.0128215	0.00984184	0.0412977	0.0438299	0.0131105	0.00408187	0.115168
193	0.0185556	0.073018	0.00194977	0.00442371	0.082308	0.0129488	0.00425916	0.213112	0.00905368	0.323598	0.0733195	0.0136122	0.00551338	0.00489637	0.00930148	0.00812747	0.0139752	0.119221	0.000601726	0.00820493
