259	20
1	0.01567	0.0193685	0.00323156	0.00480686	0.0446748	0.020708	0.00438097	0.0571494	0.0398825	0.0601615	0.0353842	0.019664	0.389893	0.00401573	0.00456788	0.0517544	0.0491621	0.109781	0.0144998	0.0512436
2	0.0681516	0.0499896	0.00959458	0.0136286	0.00435951	0.0449649	0.0505364	0.00650442	0.229633	0.0226588	0.00530696	0.0339256	0.0553872	0.0273412	0.13675	0.0905043	0.107016	0.0383593	0.00143002	0.00395818
3	0.185734	0.0158733	0.0279254	0.0317455	0.00211012	0.1971	0.0147079	0.0235826	0.0321618	0.028021	0.0120796	0.0478797	0.00245572	0.0341506	0.0270955	0.176896	0.0813709	0.0479866	0.00154822	0.00957475
4	0.0213719	0.016913	0.00227898	0.000384968	0.0290966	0.00517208	0.00439809	0.313742	0.000567106	0.258601	0.0417145	0.00161236	0.00289399	0.00339992	0.00045991	0.00854118	0.0123413	0.263359	0.00618428	0.00696817
5	0.0212747	0.0201935	0.00387677	0.0041982	0.0748741	0.00418213	0.00524532	0.192227	0.00551951	0.403302	0.0880033	0.00323558	0.0135543	0.0148307	0.00505941	0.0144525	0.0155264	0.0910597	0.0016463	0.0177383
6	0.0181027	0.0143653	0.00211507	0.000755713	0.0435725	0.00460427	0.00403042	0.309592	0.000760402	0.265227	0.0408584	0.00162226	0.00291987	0.00580886	0.000707226	0.0109437	0.0108158	0.245193	0.00516211	0.0128426
7	0.0141592	0.0490426	0.0252647	0.0335974	0.0957286	0.0300745	0.170349	0.0276097	0.00785726	0.0103311	0.00687374	0.0286578	0.004473	0.00638513	0.0483417	0.13203	0.098293	0.0344175	0.0242222	0.152292
8	0.111078	0.0150701	0.0127494	0.0127752	0.0033339	0.679999	0.00531774	0.00752226	0.00961055	0.00747769	0.00342845	0.0305706	0.00553823	0.00710698	0.010481	0.0515053	0.00844503	0.0139872	0.000663931	0.00333929
9	0.0799241	0.0322413	0.0361232	0.0496883	0.0219364	0.119002	0.0288421	0.0120235	0.0383841	0.0315523	0.0036442	0.0329817	0.21325	0.0264594	0.0583675	0.129021	0.0396753	0.0366103	0.000784872	0.00948772
10	0.0747494	0.0266087	0.0336901	0.0520929	0.0140799	0.104303	0.0327105	0.0108187	0.0452901	0.0231823	0.00190671	0.0320634	0.199243	0.0310981	0.0642866	0.16729	0.049756	0.0283816	0.000476433	0.00797281
11	0.0580162	0.018486	0.073155	0.0547256	0.0335111	0.235326	0.0253119	0.010961	0.0886486	0.0216102	0.00971376	0.0661015	0.0451268	0.0389389	0.0411165	0.111062	0.0339914	0.0224281	0.00212347	0.00964638
12	0.0161058	0.309252	0.003544	0.022588	0.00416107	0.00598842	0.00333366	0.0271749	0.00506166	0.0143044	0.0245517	0.00890387	0.00326485	0.0149438	0.0177936	0.166194	0.244779	0.10283	0.00149569	0.0037303
13	0.151871	0.0174312	0.00233857	0.00505628	0.00163066	0.723294	0.00196705	0.00718781	0.00266424	0.00474743	0.00304859	0.0113462	0.00212633	0.00278144	0.00635153	0.0384189	0.00381272	0.011908	0.000640105	0.00137822
14	0.0409772	0.00853425	0.0413061	0.0837382	0.00646342	0.0221057	0.0262431	0.0167883	0.272096	0.0256204	0.0188412	0.056047	0.0160428	0.0779714	0.146874	0.0581638	0.0397833	0.0275764	0.00694579	0.00788178
15	0.0137682	0.0160914	0.00241294	0.0200356	0.00507387	0.0170837	0.0189588	0.00239275	0.0481573	0.0311632	0.00973454	0.0665666	0.0277804	0.0203629	0.0411522	0.384792	0.257582	0.00827758	0.000731028	0.00788267
16	0.0781117	0.016689	0.00205677	0.0184272	0.0246963	0.0108775	0.0320768	0.03303	0.0379071	0.198559	0.120083	0.0036667	0.00786575	0.0396449	0.059356	0.103755	0.15355	0.0454642	0.00131429	0.0128678
17	0.00779653	0.0101489	0.000289808	0.000353671	0.0920784	0.00073126	0.00124296	0.184791	0.000572297	0.511966	0.100068	0.00155089	0.00310464	0.00388417	0.00053925	0.00274862	0.00764901	0.0592108	0.000275647	0.010999
18	0.0819844	0.0363955	0.00584502	0.000667545	0.0271801	0.00819562	0.0178272	0.18207	0.0168065	0.221743	0.0589787	0.0012065	0.00288757	0.00754021	0.0133771	0.0391289	0.0402188	0.224731	0.00347414	0.00974272
19	0.0278199	0.00806442	0.0264094	0.05865	0.00539366	0.015291	0.0450854	0.0203953	0.239787	0.0257091	0.0109254	0.0797339	0.0134091	0.0976631	0.196023	0.0492394	0.0379337	0.0280201	0.00243422	0.012013
20	0.34386	0.0747566	0.012198	0.00762194	0.00419062	0.0963829	0.024155	0.0581553	0.034984	0.0524938	0.0174622	0.00697751	0.00258357	0.0484294	0.00569692	0.0838493	0.0753445	0.0358428	0.0112269	0.00378911
21	0.0276926	0.0174167	0.0024872	0.00039763	0.0273399	0.00522155	0.00495524	0.306885	0.00173212	0.254421	0.0406269	0.00155634	0.00269306	0.00320205	0.00143848	0.0107762	0.013551	0.265622	0.0055535	0.00643094
22	0.292209	0.0831071	0.0102931	0.0368383	0.00744749	0.0290762	0.0104396	0.0619266	0.0633601	0.0414485	0.0523471	0.0140186	0.00502386	0.0174863	0.0118792	0.17373	0.0313537	0.046642	0.00505758	0.00631611
23	0.114916	0.00854963	0.0437032	0.0961093	0.0073605	0.0482613	0.0324493	0.0224074	0.118987	0.0274924	0.0181188	0.0644984	0.00783657	0.0727456	0.0980572	0.104408	0.0559293	0.0394314	0.0045684	0.0141703
24	0.0728701	0.00165258	0.124566	0.199204	0.00294503	0.0108129	0.0164574	0.0158988	0.0794345	0.0360046	0.00741108	0.0623823	0.0027132	0.132265	0.0757802	0.061677	0.0687856	0.022894	0.00185289	0.00439308
25	0.108832	0.0398956	0.00532478	0.000821528	0.0278613	0.0113158	0.025175	0.12924	0.02576	0.211315	0.0701729	0.000801163	0.00288473	0.0114565	0.0209291	0.0554924	0.0581708	0.179693	0.00229138	0.0125664
26	0.0343558	0.015476	0.0754471	0.0636127	0.003015	0.301806	0.0296542	0.00230711	0.151078	0.00350536	0.0091744	0.114064	0.00148416	0.0761761	0.0454098	0.0648944	0.00357817	0.00307267	0.000578181	0.00131046
27	0.109123	0.039903	0.00543095	0.000778206	0.0277092	0.0111573	0.0249168	0.130115	0.0254794	0.211611	0.0696634	0.000799006	0.00283024	0.0112096	0.0207529	0.0551382	0.0570905	0.181419	0.00226018	0.012613
28	0.073441	0.0283243	0.0328161	0.0510619	0.0151052	0.108463	0.0361292	0.0109946	0.052694	0.0225409	0.00197295	0.0337827	0.194276	0.0315363	0.0651255	0.158956	0.0444354	0.0297098	0.000443626	0.00819121
29	0.0151593	0.0149969	0.00100519	0.000566036	0.0859429	0.00211552	0.00418737	0.202993	0.00213799	0.419137	0.0892307	0.00142929	0.00501277	0.0110151	0.00177682	0.0102864	0.0117817	0.0987666	0.00150145	0.0209584
30	0.0758615	0.0040033	0.166919	0.224657	0.00435986	0.0218216	0.0272781	0.0112631	0.07091	0.0218397	0.00602619	0.0687129	0.00549466	0.0832649	0.0401234	0.0863995	0.0546031	0.0170784	0.00464409	0.00473931
31	0.018157	0.0141588	0.00221006	0.000360404	0.0284761	0.00490596	0.0040598	0.322695	0.000550046	0.262706	0.0414176	0.00144519	0.00279611	0.00346457	0.00046303	0.0074439	0.0120815	0.258712	0.00605169	0.0078449
32	0.0226214	0.0177434	0.0023594	0.000405929	0.0310688	0.00521397	0.005154	0.305467	0.00132136	0.257288	0.0435632	0.00160602	0.00329728	0.00443264	0.00101918	0.0100862	0.014163	0.258589	0.00630247	0.00829748
33	0.234806	0.0192815	0.0273899	0.0338401	0.00182134	0.121274	0.0190601	0.021948	0.0353316	0.0328438	0.0203468	0.0412256	0.00118126	0.0305917	0.0234237	0.189794	0.0901796	0.043694	0.00297235	0.00899472
34	0.0747836	0.0283475	0.0377975	0.0603062	0.0141267	0.104998	0.0323626	0.0108697	0.0500802	0.0240135	0.00197999	0.0312726	0.184907	0.0297214	0.066942	0.163779	0.047378	0.0282614	0.000560636	0.00751208
35	0.0341846	0.00666025	0.0215634	0.055932	0.00713536	0.0155326	0.0323553	0.0199653	0.255632	0.0284642	0.0124807	0.0628775	0.0176812	0.0925268	0.204591	0.0495039	0.0402518	0.0314986	0.00300811	0.00815478
36	0.0139389	0.00959617	0.00144993	0.000334312	0.027482	0.00484983	0.00305525	0.328723	0.000476585	0.294392	0.0448826	0.00117712	0.0028923	0.00269374	0.000464769	0.00543019	0.00994416	0.236581	0.00547235	0.00616321
37	0.0333792	0.00635831	0.0204625	0.0561568	0.00704949	0.015816	0.0314621	0.0193769	0.260893	0.0282705	0.0123796	0.0576897	0.0180475	0.0935564	0.207379	0.0483529	0.0398084	0.0328125	0.00320669	0.00754156
38	0.062526	0.00541843	0.153562	0.243585	0.00516931	0.0224204	0.0329311	0.0136794	0.0802831	0.0188621	0.00503452	0.079701	0.00660831	0.0769324	0.0353677	0.0739071	0.0551999	0.0177885	0.00488377	0.00614036
39	0.1085	0.0398322	0.00543517	0.000788034	0.0279508	0.0110462	0.0248649	0.130663	0.0253633	0.212023	0.0694732	0.000799352	0.002865	0.0113184	0.020624	0.0549219	0.0569009	0.181482	0.00225258	0.012896
40	0.010109	0.0125133	0.000838	0.000788731	0.0912272	0.00183959	0.0034942	0.207468	0.00103359	0.425313	0.0873089	0.00181274	0.00455728	0.0120505	0.000900105	0.00725653	0.00891828	0.0978257	0.00152787	0.0232175
41	0.0745542	0.00291642	0.147538	0.210235	0.00434789	0.0168465	0.0233617	0.0132902	0.0746231	0.0289721	0.00836709	0.0680835	0.00493269	0.103661	0.0549457	0.0718805	0.0635943	0.0202398	0.0031552	0.00445413
42	0.266099	0.280085	0.00197759	0.00261663	0.00194063	0.0192163	0.00214846	0.00320109	0.00306197	0.0125881	0.00234317	0.0103018	0.00178686	0.00287485	0.00282962	0.313666	0.0510116	0.00444413	0.00128734	0.0165197
43	0.00627677	0.00308273	0.000550165	0.000597186	0.0149374	0.00164282	0.00057579	0.431588	0.000712278	0.157316	0.0123134	0.000752584	0.000877442	0.00148592	0.000619562	0.0017316	0.00247936	0.35866	0.00062003	0.00318043
44	0.0141609	0.00904558	0.00143237	0.000350582	0.0232571	0.00493234	0.00298343	0.339482	0.000496153	0.281567	0.0403314	0.00112203	0.00270039	0.00232288	0.000456143	0.00528066	0.00947749	0.24978	0.00543927	0.00538245
45	0.00884217	0.0120241	0.000831352	0.000779684	0.0926864	0.00165609	0.00367418	0.205472	0.000816407	0.431842	0.0886826	0.00182566	0.00462533	0.0122868	0.000717435	0.00671836	0.00832535	0.0935311	0.00142529	0.0232376
46	0.0076996	0.0113717	0.000288434	0.000396144	0.0943768	0.0006891	0.00120727	0.19374	0.000533913	0.50266	0.0977348	0.00145108	0.0029056	0.00380961	0.000511718	0.00270622	0.00730865	0.059709	0.000181322	0.0107192
47	0.017379	0.00393391	0.705993	0.0859378	0.000752876	0.0283789	0.0388852	0.000977122	0.0154508	0.00179024	0.00159173	0.0422937	0.00661618	0.0212564	0.0048417	0.0178229	0.00333199	0.00161605	0.000392469	0.000758051
48	0.0156682	0.00472118	0.688779	0.0850897	0.00104339	0.0256719	0.0416358	0.00153804	0.0147684	0.00245606	0.00189106	0.0601694	0.00671999	0.0203416	0.00476636	0.016595	0.00440747	0.00223627	0.000447583	0.00105307
49	0.0122747	0.00666546	0.00101864	0.000459891	0.0207294	0.00345187	0.00193572	0.403504	0.00057543	0.22381	0.027047	0.000991927	0.00162797	0.00218946	0.000523134	0.00388894	0.00718045	0.274131	0.00320223	0.00479315
50	0.0156611	0.00400557	0.715622	0.0836081	0.00068333	0.0263975	0.0395352	0.00096778	0.0148119	0.00156124	0.00137687	0.0428198	0.00667565	0.0207817	0.0044004	0.0155665	0.00299276	0.00147702	0.000355327	0.000699748
51	0.0370078	0.010702	0.0195479	0.0518972	0.00667652	0.0213629	0.0316137	0.0163323	0.257547	0.0255108	0.0117751	0.0585005	0.0278595	0.0854821	0.188908	0.0653418	0.0419769	0.0325234	0.00281933	0.00661554
52	0.0355707	0.0090327	0.0210462	0.0571397	0.00716365	0.0222652	0.0281084	0.0183331	0.216961	0.0370901	0.0113669	0.0568256	0.0395818	0.0922297	0.208443	0.0595257	0.0387104	0.0295671	0.00275778	0.00828098
53	0.0215322	0.0173762	0.00232265	0.000390007	0.0291686	0.00520317	0.00446562	0.312122	0.000588831	0.258008	0.0416483	0.00166584	0.00290082	0.00345488	0.0004781	0.00870065	0.0124557	0.264356	0.00622921	0.00693246
54	0.108832	0.0396659	0.00542364	0.000927448	0.0275523	0.0113012	0.025038	0.12975	0.0255684	0.211899	0.0696391	0.000807172	0.00288109	0.0114387	0.0210246	0.0555961	0.0576842	0.180169	0.00227542	0.0125263
55	0.114979	0.0227751	0.0206724	0.0194457	0.0101843	0.0636631	0.0113949	0.00659406	0.0266865	0.0302524	0.0134805	0.0824437	0.00501403	0.0132178	0.0123252	0.331005	0.178321	0.0274763	0.000694944	0.00937418
56	0.208704	0.00967431	0.0241359	0.0393634	0.00228979	0.0882335	0.0230079	0.020224	0.0409596	0.0459085	0.0131764	0.0519606	0.00187608	0.0562616	0.0279889	0.154538	0.115149	0.0565925	0.00186271	0.0180924
57	0.00768148	0.0101412	0.000277839	0.000355303	0.0935013	0.000673627	0.00120054	0.183075	0.000571061	0.514493	0.10078	0.00154684	0.00304699	0.00386102	0.00052538	0.00268128	0.00750881	0.056859	0.000171289	0.0110491
58	0.101659	0.0382354	0.00452914	0.0024706	0.0251761	0.012527	0.0260799	0.116025	0.0287369	0.221886	0.0784677	0.000935581	0.00352552	0.015179	0.0252054	0.0586442	0.0681354	0.157432	0.00345937	0.011691
59	0.213189	0.00869648	0.0305176	0.038279	0.00163157	0.093765	0.0180497	0.023535	0.0406572	0.0332065	0.0144736	0.0560508	0.000866935	0.038248	0.0332489	0.196983	0.096789	0.0482586	0.00135077	0.0122032
60	0.0121514	0.139653	0.0464393	0.0636522	0.0203501	0.00679341	0.00405373	0.0922014	0.00719225	0.139251	0.0226505	0.068527	0.00427146	0.024361	0.0254503	0.244169	0.0280874	0.0258373	0.00171578	0.0231923
61	0.00772853	0.0113819	0.000290283	0.000391151	0.0945718	0.000694928	0.0012152	0.194453	0.000521729	0.501361	0.097803	0.00143575	0.00292727	0.00385627	0.000499088	0.00272029	0.0072803	0.0599116	0.000181002	0.0107758
62	0.0706778	0.0017915	0.114559	0.180028	0.0030728	0.009545	0.0161973	0.0166105	0.0960349	0.0378273	0.0076187	0.0613173	0.00349827	0.133716	0.0912319	0.0578762	0.0677853	0.024237	0.00156637	0.00480826
63	0.0202365	0.0067209	0.00205071	0.00061951	0.00702032	0.00555077	0.00257763	0.221511	0.00457588	0.183469	0.0177652	0.000907587	0.00733657	0.00102247	0.001925	0.00400591	0.0294539	0.480301	0.00152943	0.0014209
64	0.0311888	0.0217585	0.00293276	0.000435956	0.0302156	0.00587897	0.00659574	0.287245	0.00312311	0.250787	0.0451726	0.00160134	0.00292824	0.00415532	0.00253662	0.0135154	0.0169785	0.259303	0.00612491	0.00752223
65	0.0193241	0.0145944	0.00194006	0.000397445	0.0250707	0.00465103	0.00357701	0.333583	0.000592315	0.249595	0.0374233	0.00136962	0.00234621	0.00248778	0.000451721	0.00699448	0.010472	0.274756	0.00520511	0.00516871
66	0.0134672	0.00747454	0.00121601	0.000419398	0.0196118	0.00450431	0.00239406	0.371232	0.000546324	0.253283	0.0346418	0.00106937	0.00213907	0.00176821	0.000447538	0.0042841	0.00757427	0.265812	0.0041402	0.00397457
67	0.450965	0.0515548	0.00267391	0.00361442	0.00477604	0.340021	0.0033188	0.00852616	0.00490338	0.0182226	0.0136214	0.00505384	0.00491969	0.00470426	0.00400511	0.0209118	0.0126562	0.0417944	0.00149835	0.00225835
68	0.180883	0.0561919	0.00230055	0.0136031	0.01148	0.0110985	0.00252928	0.0439404	0.00351755	0.0190312	0.00644267	0.031363	0.00196929	0.00599796	0.00447776	0.119742	0.430246	0.0499756	0.00100645	0.00420339
69	0.198661	0.0716074	0.00235361	0.0107058	0.00934763	0.0123518	0.00238364	0.0418829	0.0036273	0.0163714	0.00600412	0.0320199	0.00188631	0.00578127	0.00381868	0.122335	0.401199	0.0521478	0.00105824	0.00445746
70	0.0193108	0.0146355	0.00235361	0.0217139	0.00733901	0.0240203	0.0289143	0.00197082	0.0692014	0.0435968	0.00576974	0.0801319	0.0399854	0.0224891	0.0456891	0.358486	0.19427	0.00873429	0.000555203	0.0108333
71	0.0328312	0.00673281	0.0463013	0.0774304	0.00480198	0.0132521	0.0414694	0.0208784	0.218481	0.026092	0.00929355	0.0762325	0.0110475	0.102926	0.173013	0.0543505	0.0434695	0.0267698	0.0022288	0.0123984
72	0.103569	0.0115674	0.0470111	0.0647454	0.0150248	0.00897133	0.0101296	0.148576	0.044204	0.119192	0.0433997	0.0127207	0.0863465	0.0425642	0.0430084	0.0506553	0.0537311	0.08153	0.00184882	0.0112039
73	0.0691372	0.00560973	0.178813	0.250938	0.00420681	0.0230679	0.0322002	0.0109246	0.07319	0.0156956	0.0035844	0.0775384	0.0062952	0.0593944	0.0255802	0.0942972	0.0447502	0.0140064	0.00455062	0.00621986
74	0.213349	0.00872361	0.0306231	0.0385596	0.00160006	0.0937333	0.0179941	0.0236118	0.0406859	0.0335922	0.0145943	0.056214	0.000886442	0.0384239	0.0331766	0.196153	0.0963616	0.0481838	0.00132658	0.0122065
75	0.0155713	0.0104277	0.00155418	0.000350795	0.0245604	0.00518281	0.00331725	0.334629	0.000503477	0.277721	0.0416776	0.00128129	0.00299477	0.002707	0.000466597	0.00594113	0.0101334	0.249353	0.00562715	0.00600007
76	0.0515006	0.0107976	0.148778	0.263748	0.00479833	0.0200348	0.0459593	0.0128434	0.089095	0.0140309	0.003602	0.0936337	0.0132953	0.0477777	0.0235457	0.0818967	0.0493368	0.01372	0.00599162	0.00561415
77	0.0600955	0.0151823	0.00648975	0.0208562	0.0183934	0.0136933	0.0205948	0.0361268	0.0668687	0.191834	0.0706763	0.0129242	0.011457	0.0518035	0.164297	0.0812437	0.10413	0.041397	0.00211306	0.00982402
78	0.0546788	0.0125726	0.0171492	0.0781136	0.0233305	0.0111818	0.0463599	0.035101	0.109331	0.0250807	0.0375335	0.0353781	0.00978371	0.0761199	0.285544	0.0663854	0.0334765	0.0275973	0.00234228	0.0129404
79	0.0771244	0.0270982	0.033039	0.0492902	0.0144149	0.110867	0.0343724	0.0115054	0.0428587	0.0220237	0.00170768	0.0307578	0.212303	0.0307375	0.061608	0.158676	0.0440073	0.0285949	0.000419545	0.00859423
80	0.121387	0.0113204	0.0968883	0.110774	0.00590713	0.0947972	0.0207481	0.0159986	0.0487107	0.0266302	0.00866327	0.0518784	0.0372345	0.0507934	0.0562062	0.141631	0.0625975	0.0280635	0.00212502	0.00764555
81	0.0380683	0.0188839	0.0207063	0.0572248	0.00841667	0.0320821	0.0278067	0.0259402	0.16943	0.0543878	0.0141365	0.0549496	0.0421548	0.0755295	0.183431	0.0770763	0.0523932	0.0292539	0.00240009	0.0157289
82	0.00662372	0.00930573	0.000620087	0.000730723	0.211298	0.00266265	0.00151348	0.158175	0.00105405	0.446109	0.0827791	0.00199595	0.00264023	0.00362325	0.000856351	0.00380468	0.0064834	0.049444	0.00035044	0.00993067
83	0.0635997	0.00562801	0.161717	0.244085	0.00488473	0.0275801	0.032874	0.0128989	0.0742975	0.0201516	0.00503923	0.0772148	0.00657013	0.0720358	0.0320701	0.073995	0.0564367	0.0183449	0.00464694	0.00592962
84	0.0280462	0.00759967	0.0281431	0.0584229	0.00554791	0.0145331	0.0432783	0.0207758	0.246463	0.0251363	0.0106718	0.0729938	0.0138345	0.0962724	0.194764	0.0513858	0.038939	0.0286731	0.00245311	0.0120666
85	0.0539353	0.00672304	0.146665	0.243603	0.00539136	0.0190599	0.0436821	0.0259072	0.0810084	0.0251503	0.0058333	0.0682721	0.00659343	0.0629126	0.0322351	0.0700534	0.0634851	0.0230858	0.00449475	0.0119094
86	0.010968	0.00751129	0.0015446	0.0010923	0.037412	0.00333018	0.00250197	0.392197	0.00109402	0.19859	0.023552	0.00146554	0.00197376	0.0081712	0.00109253	0.00759795	0.00752308	0.270936	0.00304322	0.0184032
87	0.13713	0.0345692	0.0273681	0.126638	0.0251951	0.0114494	0.0359915	0.0476235	0.0649944	0.025075	0.044028	0.0547751	0.00930131	0.0574099	0.0553834	0.110699	0.0538359	0.045668	0.00124182	0.031623
88	0.0330337	0.0734077	0.00666293	0.0343062	0.00708575	0.0123733	0.00894053	0.0408638	0.0129593	0.0728338	0.0420969	0.0360031	0.00589735	0.0157373	0.0377169	0.16331	0.228567	0.158889	0.00200796	0.00730714
89	0.240041	0.0483119	0.00795842	0.0104259	0.0351215	0.166146	0.00818031	0.0363778	0.0108424	0.0700203	0.00896489	0.0374692	0.12625	0.00859662	0.0102039	0.0328315	0.017465	0.114984	0.00247988	0.00732945
90	0.215971	0.0106788	0.0311042	0.0437574	0.00225385	0.101633	0.0217819	0.0225625	0.0439421	0.0307889	0.0176452	0.0505618	0.00443218	0.0399547	0.0447924	0.179431	0.0799975	0.0454045	0.00207934	0.0112279
91	0.0211822	0.0038978	0.686126	0.0925279	0.000843612	0.0278304	0.0376062	0.0011684	0.0163519	0.00259931	0.00169575	0.0427155	0.00635039	0.0230591	0.00529524	0.0223182	0.0048891	0.00227169	0.000411304	0.000860054
92	0.00783939	0.0113518	0.000303976	0.000396034	0.0937747	0.000754033	0.00123062	0.196024	0.000516252	0.499064	0.0970786	0.00143053	0.00294403	0.00383021	0.000500275	0.00275631	0.00729258	0.0619905	0.000247142	0.010675
93	0.143307	0.0267677	0.026439	0.112543	0.0233405	0.0163617	0.0318643	0.0499915	0.0706414	0.0255822	0.0421041	0.0571336	0.00772227	0.0591973	0.0586259	0.115534	0.0566486	0.0481175	0.0013019	0.0267765
94	0.203485	0.0099483	0.0360399	0.0490274	0.00230058	0.082008	0.0158429	0.0307434	0.0422066	0.0380487	0.013476	0.0579575	0.0013585	0.042324	0.0450676	0.190628	0.0847776	0.043163	0.00126933	0.0103274
95	0.0802797	0.0323656	0.00622854	0.000670436	0.0256396	0.00793695	0.0176855	0.185139	0.0161445	0.230408	0.0561454	0.00148859	0.00311988	0.00720553	0.0127383	0.0359416	0.0388843	0.229527	0.0033915	0.00906036
96	0.0744547	0.219389	0.0023346	0.00301855	0.0230657	0.00444335	0.00270348	0.0753601	0.0141143	0.0156844	0.0141017	0.00384924	0.00232169	0.0160897	0.0149051	0.0244636	0.218126	0.258035	0.00100368	0.0125362
97	0.0334022	0.00635425	0.0203915	0.0561656	0.00705105	0.0158015	0.0313638	0.0193764	0.261068	0.0282928	0.0123804	0.0575367	0.0180816	0.0935319	0.207406	0.0483671	0.0398379	0.0328603	0.00321324	0.00751805
98	0.104498	0.0124182	0.0142788	0.0211776	0.00531176	0.0736249	0.0104265	0.00626675	0.0405935	0.018698	0.00290146	0.0260822	0.447045	0.0213058	0.0339697	0.100113	0.0405919	0.0148196	0.000802408	0.00507395
99	0.136765	0.0377696	0.0112291	0.0109357	0.00806364	0.0433495	0.00498078	0.0130823	0.0107732	0.0310184	0.00891081	0.0690438	0.00263449	0.006755	0.00529693	0.318134	0.236016	0.0317586	0.000760341	0.0127232
100	0.099298	0.0265337	0.00340314	0.00609816	0.0252686	0.0188654	0.0262712	0.0936515	0.0252345	0.197461	0.0832194	0.00177388	0.00458515	0.0230586	0.0322491	0.0895931	0.10192	0.126124	0.00199293	0.0133989
101	0.0832645	0.0133858	0.00634495	0.0238838	0.0287972	0.0101774	0.0223196	0.0521442	0.0397617	0.197798	0.105055	0.00350309	0.0140197	0.048938	0.0628778	0.0830493	0.14036	0.053592	0.00137115	0.00935643
102	0.0334877	0.00638393	0.0209418	0.0560301	0.0072339	0.0155443	0.0320996	0.0197643	0.258621	0.0280416	0.0124308	0.05878	0.0175125	0.0927536	0.209093	0.0486371	0.0393303	0.0324584	0.00310285	0.00775366
103	0.0259539	0.00566354	0.00277824	0.000771022	0.00101458	0.00843779	0.00289949	0.172434	0.0075223	0.13825	0.0110287	0.000952653	0.00766413	0.000802469	0.00279048	0.00405852	0.0457456	0.560394	0.000241858	0.000596286
104	0.0265494	0.0137518	0.00257644	0.0193497	0.0101604	0.0241698	0.0373749	0.00191411	0.0819163	0.0429151	0.00491615	0.0706255	0.0344295	0.0189209	0.0479802	0.346734	0.196367	0.00783081	0.000492856	0.0110252
105	0.021983	0.0197398	0.00475254	0.00640291	0.268394	0.0353543	0.00851061	0.0372317	0.00890527	0.152216	0.0332697	0.0145342	0.0179072	0.00686451	0.00709618	0.0291671	0.0213466	0.0380442	0.0443784	0.223902
106	0.131597	0.00188532	0.253351	0.220307	0.00113872	0.0328203	0.00882986	0.00187071	0.0329159	0.0170687	0.00350276	0.040938	0.00225244	0.0361628	0.00957693	0.172896	0.0203891	0.00978599	0.000914572	0.00179676
107	0.0156611	0.00400557	0.715622	0.0836081	0.00068333	0.0263975	0.0395352	0.00096778	0.0148119	0.00156124	0.00137687	0.0428198	0.00667565	0.0207817	0.0044004	0.0155665	0.00299276	0.00147702	0.000355327	0.000699748
108	0.00525744	0.00307221	0.00054153	0.000707089	0.0148153	0.00147302	0.000533909	0.420992	0.000807855	0.139906	0.00930678	0.000844332	0.00116134	0.00163221	0.00063156	0.00175966	0.00205524	0.390941	0.00034078	0.00322062
109	0.1365	0.0164315	0.0021232	0.00467047	0.00141263	0.748086	0.00142647	0.00713977	0.00194813	0.00343423	0.00263404	0.0105026	0.0011908	0.00253007	0.00592811	0.0384906	0.00333134	0.0106364	0.000460831	0.00112306
110	0.118818	0.0161369	0.00224652	0.00475233	0.00139343	0.761288	0.0013798	0.00761407	0.00191392	0.00317045	0.00219592	0.0111075	0.0012615	0.00269557	0.00612122	0.0414221	0.00348344	0.0114501	0.000452153	0.00109687
111	0.0233441	0.0136423	0.00821041	0.0101473	0.0122447	0.0131509	0.0450456	0.0146007	0.0139091	0.331205	0.141091	0.0814349	0.00888424	0.0758909	0.0115307	0.028696	0.0202579	0.0188877	0.0032395	0.124587
112	0.0614148	0.00596433	0.153544	0.247441	0.00518105	0.0223156	0.0350549	0.0133802	0.0811041	0.0179302	0.00468727	0.0806699	0.00715591	0.0728022	0.0334346	0.0747176	0.0545261	0.0173077	0.00526793	0.00610109
113	0.0304985	0.00541126	0.00312251	0.000757927	0.000729082	0.00736268	0.00331286	0.167494	0.00768155	0.149372	0.0125347	0.000930435	0.00872513	0.00081913	0.00314802	0.00432325	0.0470542	0.545899	0.000242949	0.000581593
114	0.0222427	0.00441096	0.00479316	0.0141492	0.00298083	0.0215542	0.00659623	0.00606044	0.512374	0.0123766	0.0525617	0.0315633	0.0174475	0.0488387	0.149062	0.0389555	0.00979343	0.0201322	0.0208968	0.0032101
115	0.0735798	0.0013269	0.120472	0.192607	0.00262439	0.0088376	0.0140206	0.0163119	0.0825608	0.0390142	0.00706592	0.0593741	0.00220369	0.139901	0.082229	0.0581857	0.0701067	0.0236808	0.0013659	0.0045323
116	0.0736158	0.00133193	0.120531	0.192809	0.00262936	0.00889278	0.0140579	0.0163034	0.0824271	0.0389609	0.0070799	0.0594085	0.00221278	0.139755	0.082083	0.0583208	0.0700018	0.0236989	0.00137172	0.00450796
117	0.00701535	0.00964073	0.000314602	0.000388524	0.0882722	0.000683004	0.00114319	0.169451	0.00084133	0.53939	0.10041	0.0018858	0.00273557	0.0033376	0.000766644	0.00244324	0.00792502	0.0530059	0.000158714	0.0101912
118	0.138974	0.0355341	0.0142776	0.00633749	0.00466468	0.0278586	0.0304497	0.00424244	0.185376	0.010743	0.00447666	0.0289511	0.0291655	0.0403226	0.0790089	0.216315	0.115127	0.0243231	0.00103762	0.00281478
119	0.12305	0.0159343	0.00347481	0.00542523	0.00173101	0.749743	0.0016491	0.00767935	0.00236406	0.00356903	0.00252299	0.0122624	0.00290508	0.00305506	0.00619666	0.04117	0.00376188	0.0117272	0.000451025	0.00132793
120	0.00720747	0.00352428	0.000606854	0.000558753	0.0152066	0.00178994	0.000765078	0.432675	0.000686326	0.165276	0.0145546	0.000764831	0.000909684	0.00148756	0.00059368	0.0018839	0.00298849	0.34454	0.000860965	0.00311983
121	0.00785484	0.0102728	0.000333481	0.000408311	0.0877662	0.00083367	0.0012623	0.180809	0.000849637	0.519786	0.0993502	0.00173346	0.00296212	0.00366121	0.000726682	0.00279468	0.0080164	0.0597854	0.000305395	0.0104883
122	0.00613376	0.00913173	0.000376202	0.000471339	0.0807973	0.000809898	0.00113016	0.147457	0.00151632	0.568668	0.105819	0.0023617	0.00245519	0.00311906	0.00138642	0.0024949	0.0092235	0.0463267	0.000192874	0.010129
123	0.0126696	0.0108637	0.00202594	0.0253984	0.226309	0.0116256	0.0640317	0.00288681	0.0163828	0.0121711	0.0162644	0.0164694	0.00168738	0.00953008	0.00952685	0.0354134	0.0123779	0.00402908	0.0327518	0.477585
124	0.1127	0.0161839	0.00493396	0.00585028	0.00205746	0.747464	0.00229547	0.00768363	0.00332591	0.00410449	0.00252622	0.0155043	0.00215661	0.00363194	0.00710868	0.0428593	0.00499596	0.0124283	0.000501457	0.00168813
125	0.0983157	0.0224369	0.0174454	0.0806026	0.0213433	0.0271292	0.0541337	0.0414814	0.0409012	0.044598	0.0594059	0.0287042	0.161067	0.0275297	0.0296641	0.0683102	0.037201	0.0786882	0.00434588	0.0566966
126	0.0613942	0.0155325	0.0124744	0.0191807	0.016278	0.0471338	0.0103918	0.0300288	0.0439014	0.0507462	0.0137592	0.0214615	0.400714	0.0177872	0.0290257	0.106683	0.0410888	0.0400622	0.00334005	0.0190168
127	0.116433	0.0160736	0.00397203	0.00549505	0.00207407	0.750724	0.00172663	0.00831292	0.00269223	0.00391619	0.00231611	0.0134259	0.00202554	0.00310328	0.00682394	0.0416643	0.00492734	0.0122877	0.00059764	0.00140828
128	0.0264237	0.29935	0.00370719	0.0177697	0.00680969	0.00618823	0.00405881	0.0311156	0.00770742	0.0142284	0.0192491	0.00849794	0.00317463	0.0231701	0.0239483	0.129858	0.25032	0.117899	0.0015393	0.00498536
129	0.138115	0.0249328	0.00479277	0.00810095	0.00276108	0.658273	0.00465914	0.00881095	0.0073497	0.00721923	0.00411392	0.0140074	0.00672811	0.00514956	0.013538	0.0599243	0.0122765	0.0159903	0.00101251	0.00224442
130	0.0386666	0.0132414	0.0170065	0.0304022	0.00940678	0.0263492	0.0171878	0.023419	0.34999	0.0575363	0.032135	0.042643	0.0256872	0.0526041	0.118152	0.0594049	0.03165	0.0357696	0.00893168	0.00981699
131	0.0286118	0.0138059	0.00567254	0.0089414	0.00414805	0.0114928	0.00580918	0.00597398	0.0125121	0.0118286	0.00723125	0.0299089	0.0058029	0.00845486	0.0200914	0.454237	0.348766	0.0111862	0.00107852	0.00444666
132	0.00621071	0.00950153	0.000464494	0.00058674	0.0782299	0.000967195	0.00157808	0.142764	0.00192561	0.565753	0.109827	0.00291069	0.00249424	0.0036025	0.00180749	0.00290025	0.0108682	0.0457635	0.000232532	0.0116124
133	0.0153893	0.010653	0.00165973	0.000358365	0.0253847	0.00500275	0.00332994	0.326273	0.000628453	0.281184	0.0426974	0.00125888	0.00294793	0.00279362	0.000486588	0.00592565	0.0115861	0.250404	0.00565178	0.00638558
134	0.418596	0.0845369	0.00438606	0.0047906	0.0160413	0.130242	0.0044754	0.0206929	0.00705484	0.0184017	0.0083628	0.00976915	0.0178986	0.0059844	0.00566426	0.042543	0.0352876	0.15991	0.00188179	0.00347981
135	0.0190978	0.00457924	0.0087711	0.0224149	0.00382687	0.0232978	0.012259	0.00901264	0.448326	0.0157011	0.0212727	0.061904	0.0189517	0.0677847	0.148517	0.0629076	0.0183705	0.0198133	0.0092129	0.00397891
136	0.283318	0.139104	0.00393011	0.00646771	0.0147203	0.0336206	0.00542954	0.0392335	0.00959358	0.026	0.0139059	0.0111353	0.00380326	0.00965724	0.00927313	0.0777897	0.138532	0.166669	0.00147559	0.00634205
137	0.0305156	0.00553254	0.00309022	0.000751957	0.000852149	0.00728863	0.00331886	0.168149	0.00765077	0.150122	0.0126306	0.000936035	0.008691	0.000821036	0.00312304	0.00434317	0.0467412	0.544577	0.000274172	0.000590376
138	0.318685	0.0387231	0.00974045	0.0129982	0.00311018	0.0420548	0.0110478	0.0106806	0.0206042	0.0161173	0.0116713	0.0162079	0.00922079	0.0249261	0.0158539	0.362148	0.0455743	0.0185517	0.00379423	0.0082899
139	0.0695873	0.0191875	0.00595309	0.0110906	0.0201336	0.0395729	0.0856303	0.00552688	0.103807	0.02118	0.00602944	0.132424	0.0145804	0.0145954	0.0428228	0.249102	0.139434	0.0116835	0.00117136	0.00648769
140	0.0748692	0.00161313	0.120605	0.192813	0.0027708	0.00932643	0.014632	0.0162295	0.0821226	0.0383648	0.00732127	0.0591534	0.00228887	0.138448	0.0805747	0.0591284	0.0695553	0.0236153	0.00155793	0.00500998
141	0.283351	0.261953	0.00223533	0.00265854	0.00215969	0.0223948	0.00269932	0.00478061	0.00402326	0.0150358	0.00265491	0.011932	0.00180994	0.00390114	0.00292962	0.295268	0.0554519	0.00612761	0.0017925	0.0168412
142	0.0341398	0.0154905	0.0750313	0.0636758	0.00299181	0.301186	0.02955	0.00230523	0.151342	0.00349097	0.00923798	0.114035	0.00148018	0.0765106	0.045683	0.0652127	0.00360144	0.00309719	0.000629344	0.0013099
143	0.103535	0.0379273	0.00542985	0.000718484	0.0272053	0.0103754	0.0232236	0.140648	0.023679	0.213995	0.0681689	0.000871285	0.00304877	0.0102493	0.0193742	0.0509256	0.0537905	0.192484	0.00239488	0.0119555
144	0.0422855	0.024604	0.00482191	0.0131801	0.0134979	0.0361424	0.0652312	0.00418522	0.0853728	0.0267426	0.00554403	0.134975	0.0205353	0.0159391	0.0379323	0.29625	0.153932	0.0105959	0.000829723	0.00740235
145	0.00719403	0.0097533	0.000517775	0.000565904	0.167079	0.0019168	0.00140945	0.169366	0.000889986	0.467408	0.0885398	0.00181424	0.00278064	0.00368458	0.000739551	0.00354215	0.00697486	0.0543983	0.000459606	0.0109663
146	0.00793653	0.0104285	0.000351817	0.000375884	0.0876795	0.0010596	0.00130543	0.205532	0.000496577	0.487636	0.0938369	0.00140877	0.00297307	0.0037492	0.000463258	0.0028763	0.00732334	0.0735805	0.000630232	0.0103573
147	0.193916	0.00484083	0.00407705	0.0056239	0.00248289	0.0707638	0.0140832	0.00457747	0.00610164	0.0278299	0.0135588	0.0203969	0.0150597	0.00648677	0.0151471	0.532403	0.038833	0.00825333	0.00152853	0.0140364
148	0.0102474	0.00542176	0.00119923	0.000794485	0.00786657	0.00431911	0.0011991	0.294772	0.00317118	0.121186	0.00725214	0.000885833	0.00360273	0.00094378	0.00115573	0.00249543	0.0169752	0.515019	0.000205092	0.00128923
149	0.0167061	0.00776735	0.0116264	0.0129385	0.00465484	0.0244161	0.0122763	0.00743229	0.399704	0.0131374	0.0117781	0.133633	0.012475	0.0519987	0.106712	0.128836	0.0193372	0.0136033	0.0049638	0.00600448
150	0.121654	0.0185441	0.00228172	0.00477376	0.00170833	0.748906	0.00141078	0.00855318	0.00198056	0.00305352	0.00206747	0.0111021	0.00146303	0.00279542	0.00601641	0.0421301	0.00428741	0.0155843	0.000504422	0.00118338
151	0.178834	0.0120558	0.0126443	0.0132328	0.00486006	0.120878	0.0100669	0.00739053	0.0152131	0.0189234	0.00660408	0.0219256	0.273065	0.00985188	0.0153716	0.226974	0.0258709	0.0155377	0.00267383	0.00802672
152	0.0708229	0.00419723	0.257521	0.197647	0.00363251	0.0296769	0.0216151	0.0103681	0.0519216	0.0220003	0.0110007	0.0549626	0.00583675	0.0823949	0.0356058	0.0724647	0.0462981	0.0162247	0.00213335	0.00367524
153	0.0143098	0.00959768	0.00145668	0.000418966	0.0271109	0.00513082	0.0029822	0.328454	0.000538246	0.28939	0.0427718	0.00121992	0.00276919	0.00261681	0.00047835	0.00546798	0.00985704	0.244389	0.00516956	0.00587123
154	0.00752294	0.0102196	0.000344232	0.000487844	0.0953703	0.000781148	0.0016025	0.176912	0.000718484	0.507561	0.102316	0.00173342	0.00337191	0.00627064	0.000671071	0.00365631	0.00770532	0.0570324	0.000204181	0.0155183
155	0.0183097	0.047167	0.115859	0.014299	0.00793489	0.0112711	0.00640319	0.0181357	0.0113867	0.0517223	0.00906135	0.240291	0.00576008	0.0372514	0.0364195	0.298304	0.0182291	0.0138313	0.00310735	0.0352568
156	0.0286459	0.00604945	0.0037725	0.00727053	0.00380862	0.0277943	0.0046418	0.00647136	0.504591	0.0116096	0.108487	0.0174585	0.0260748	0.0271481	0.134148	0.0261562	0.0091866	0.0154675	0.0271501	0.00406839
157	0.01247	0.0106421	0.00197043	0.0253603	0.226986	0.0117707	0.0634143	0.00280747	0.0165155	0.0122643	0.0164513	0.0166906	0.00168314	0.00961079	0.00954045	0.0349872	0.0121319	0.00393865	0.0324724	0.478292
158	0.0118351	0.010769	0.0017257	0.00139263	0.0634363	0.00354155	0.00399694	0.304944	0.00137778	0.25569	0.0436075	0.00194988	0.00388249	0.0148747	0.00120423	0.0104298	0.00895734	0.223946	0.00335222	0.0290863
159	0.091066	0.0160383	0.0340099	0.0393536	0.00502334	0.606648	0.0104564	0.00811634	0.0240223	0.00742795	0.00470765	0.0340953	0.0107071	0.0168188	0.0162115	0.0474322	0.0100017	0.0116173	0.00117703	0.00506986
160	0.124686	0.00258365	0.243165	0.225044	0.00179461	0.0518826	0.0104889	0.00349101	0.0325207	0.0168849	0.00438319	0.0371659	0.0032881	0.0532552	0.0120382	0.141951	0.0220097	0.00975227	0.00125997	0.00235526
161	0.203975	0.0159798	0.00773684	0.00966799	0.00280075	0.0799734	0.0123549	0.00854133	0.0100025	0.0308893	0.0124529	0.0203273	0.0117993	0.0106476	0.0143735	0.477748	0.043141	0.0140608	0.0023396	0.0111883
162	0.0628138	0.0199749	0.048452	0.185883	0.015122	0.022396	0.0214328	0.0996638	0.0468213	0.060441	0.0235559	0.0365477	0.0228816	0.045469	0.0434317	0.0611448	0.0523634	0.114881	0.00473849	0.0119854
163	0.0565106	0.00594607	0.0154693	0.0673618	0.00625323	0.0139086	0.0233827	0.0151745	0.263733	0.027924	0.0105217	0.0425312	0.0144058	0.101675	0.202348	0.0556954	0.0312628	0.0317599	0.00802303	0.0061132
164	0.216788	0.00855151	0.0305829	0.0408902	0.00171158	0.0913579	0.0178364	0.0258507	0.0423559	0.0337602	0.013992	0.0579888	0.00092522	0.0393874	0.0359634	0.188085	0.0930371	0.0469672	0.0013776	0.0125909
165	0.00565332	0.00300248	0.000522898	0.000638762	0.014554	0.00151815	0.000547691	0.426914	0.000739188	0.148037	0.0106076	0.000810767	0.000965314	0.00154411	0.000617258	0.0016919	0.00217114	0.375909	0.000439453	0.00311611
166	0.247001	0.0156539	0.0225119	0.0321068	0.00441355	0.0395539	0.0193536	0.0193627	0.0924574	0.0236323	0.0132131	0.0310763	0.0123702	0.0454539	0.0682398	0.183665	0.0837092	0.0364155	0.00246702	0.00734331
167	0.0736755	0.00236015	0.127083	0.200867	0.00375748	0.0125973	0.0187185	0.0170503	0.0766241	0.0347256	0.00926294	0.064055	0.00343723	0.122607	0.0697154	0.0642867	0.0689671	0.0231902	0.00215162	0.00486858
168	0.0254628	0.0121002	0.00255983	0.000672145	0.00814705	0.0066372	0.00339498	0.202347	0.00517146	0.179255	0.0200087	0.00109602	0.00663341	0.0012851	0.00201812	0.00555117	0.0361245	0.477879	0.0019175	0.00173892
169	0.0225147	0.0167113	0.00602774	0.00980858	0.324294	0.0184396	0.0139596	0.0654155	0.0172103	0.179367	0.0381383	0.014591	0.0128304	0.00959677	0.0138742	0.028585	0.0214829	0.0383707	0.0136184	0.135165
170	0.119333	0.00421652	0.0837547	0.14013	0.00357695	0.019297	0.0125643	0.0302777	0.0661886	0.0417125	0.0101135	0.0598265	0.00212326	0.113001	0.0842692	0.100774	0.0729245	0.0285933	0.000993108	0.00633053
171	0.0109764	0.00417738	0.00376675	0.0126807	0.00590471	0.00604749	0.015109	0.0187947	0.148867	0.0246561	0.0321369	0.00797208	0.00482797	0.0422897	0.617005	0.0211532	0.0101525	0.00831017	0.00229255	0.00288031
172	0.433872	0.00471102	0.0119025	0.0121759	0.00200034	0.00522232	0.011706	0.013774	0.0376929	0.00452672	0.013323	0.00410756	0.00274523	0.0570431	0.0260826	0.281007	0.0459815	0.0265792	0.00323305	0.0023142
173	0.071924	0.0114667	0.0130055	0.0171762	0.00952797	0.0432146	0.00503281	0.0176246	0.048935	0.0239012	0.00810787	0.0127276	0.525267	0.0227412	0.0348971	0.0601412	0.033108	0.0265489	0.00231499	0.0123375
174	0.266728	0.280316	0.00199259	0.00265242	0.00193468	0.019159	0.00218653	0.0031796	0.0030644	0.0126271	0.00234648	0.0103018	0.00177794	0.00285516	0.00281305	0.312867	0.0510923	0.00440655	0.00130579	0.0163943
175	0.00711438	0.00335014	0.000571189	0.000574018	0.0149403	0.00181216	0.000699098	0.441323	0.000700391	0.167956	0.0147599	0.000754611	0.000801247	0.0015253	0.000595211	0.00180917	0.0029326	0.333734	0.000839612	0.00320789
176	0.00830763	0.00369626	0.000729771	0.00055425	0.0154754	0.00226184	0.00100724	0.440304	0.00064938	0.18741	0.0180958	0.000785132	0.000973306	0.00160821	0.000553313	0.00223705	0.00385925	0.306483	0.00147054	0.00353767
177	0.032907	0.0394804	0.00688522	0.00842538	0.285302	0.0489139	0.00800419	0.0592172	0.0118568	0.190779	0.035237	0.0155028	0.0133337	0.00996937	0.0129542	0.0319823	0.0239509	0.0510034	0.0152313	0.0990644
178	0.00730696	0.00940822	0.000688561	0.000600481	0.192395	0.00252623	0.00151092	0.171162	0.000948562	0.441944	0.0811303	0.00178225	0.00255684	0.00355807	0.000759792	0.0037351	0.00646848	0.0618587	0.000618095	0.00904122
179	0.0184917	0.00454609	0.693138	0.0830347	0.00118522	0.028334	0.0385551	0.00172155	0.0155844	0.00213344	0.00177564	0.0436764	0.0110906	0.0211309	0.00531299	0.0202315	0.00602328	0.00257723	0.000450555	0.00100714
180	0.0673016	0.00922212	0.0927209	0.209635	0.00863355	0.0255679	0.0251242	0.0212337	0.0924092	0.0288299	0.013016	0.0562268	0.0146778	0.0817583	0.0941647	0.0689593	0.0518691	0.0268135	0.00369454	0.00814125
181	0.00851457	0.0116045	0.000366455	0.000389961	0.0920521	0.000930827	0.00135213	0.204047	0.000513143	0.485282	0.0945883	0.00141618	0.00284779	0.00374149	0.000503143	0.00297013	0.00739053	0.0704763	0.000549371	0.0104646
182	0.0231676	0.0042794	0.656082	0.0885666	0.00113245	0.0368632	0.0360388	0.00179758	0.0179689	0.00279371	0.00207707	0.0450452	0.00800646	0.0268531	0.00637761	0.0277952	0.0100109	0.00342959	0.000555976	0.0011585
183	0.193456	0.00606128	0.002911	0.00287086	0.00251084	0.0742839	0.010762	0.00393604	0.00390859	0.0238872	0.0110532	0.0133633	0.0143683	0.00516419	0.0117898	0.565125	0.0349924	0.00627146	0.00232469	0.01096
184	0.00762467	0.010243	0.000299588	0.000370601	0.089022	0.000911294	0.00123708	0.198421	0.000521423	0.499596	0.095911	0.00141522	0.0029736	0.00367459	0.000472576	0.00269781	0.00757951	0.0663574	0.000435992	0.010235
185	0.452935	0.0989808	0.00347815	0.00391997	0.0176863	0.0648562	0.00416234	0.0233797	0.00747306	0.0118461	0.00664076	0.00658833	0.00667366	0.00520854	0.00448377	0.0508033	0.050799	0.175028	0.0017253	0.00333161
186	0.0771593	0.0270901	0.0329846	0.0492444	0.0143895	0.11073	0.0343195	0.0114859	0.042919	0.0220014	0.00169662	0.030684	0.212726	0.0307638	0.0616069	0.158574	0.0440515	0.028588	0.000423604	0.00856214
187	0.0334269	0.00638567	0.0205895	0.0560741	0.0070154	0.015789	0.031666	0.0193603	0.261001	0.0282105	0.012391	0.0582184	0.0180413	0.0932365	0.207007	0.0484964	0.039747	0.0325969	0.00318243	0.00756471
188	0.023137	0.0062259	0.0133306	0.032221	0.00708335	0.0115202	0.0299382	0.0186699	0.177953	0.0218142	0.0225186	0.0317642	0.0109479	0.0600973	0.443174	0.0397572	0.024496	0.0177442	0.00247132	0.00513595
189	0.0917318	0.00670725	0.28105	0.087972	0.00137981	0.0367577	0.00304763	0.00660839	0.0223142	0.00508741	0.0100622	0.0916965	0.0143976	0.0304443	0.00393411	0.165384	0.11155	0.0277748	0.000709455	0.00139068
190	0.0216882	0.00851019	0.0116224	0.0227754	0.00491427	0.0377054	0.0168957	0.0088666	0.38606	0.0145736	0.0136706	0.101001	0.0155713	0.0570646	0.13213	0.0985004	0.0215245	0.0174491	0.0048168	0.0046596
191	0.0218406	0.00616822	0.00225849	0.00071478	0.00429914	0.00592904	0.00262591	0.197032	0.00577529	0.159414	0.0132336	0.000930468	0.00801848	0.00103775	0.00231532	0.00403492	0.0345422	0.527865	0.000774893	0.00119077
192	0.0258732	0.00664903	0.00262292	0.000700023	0.00378179	0.00663592	0.00300429	0.191594	0.00688246	0.162185	0.0152544	0.000984554	0.00749562	0.00103912	0.00252048	0.00426933	0.0395597	0.516845	0.000902899	0.00120083
