437	20
1	0.0551923	0.0121818	0.00304653	0.00408565	0.0647614	0.0580932	0.0206147	0.116618	0.0235945	0.239164	0.0184387	0.0526828	0.00254299	0.0236468	0.00740071	0.0804877	0.0427564	0.0969506	0.00317717	0.0745633
2	0.0769488	0.0249105	0.000348149	0.00250516	0.0214057	0.00439284	0.000490183	0.277494	0.00210137	0.159404	0.0148255	0.00198247	0.00643763	0.00146859	0.00550027	0.01214	0.0330379	0.348763	0.000596992	0.00524709
3	0.00979009	0.00628725	0.00610631	0.00362951	0.138024	0.00549174	0.0103041	0.0285586	0.0153374	0.0665354	0.0135284	0.0102888	0.00144515	0.00653164	0.0150904	0.0186933	0.0153715	0.0401067	0.516792	0.0720878
4	0.0277398	0.00287391	0.302323	0.0931279	0.00211292	0.0508621	0.0284426	0.00597122	0.0209611	0.00842892	0.00214977	0.275328	0.0133352	0.00460926	0.00704162	0.0865903	0.0459436	0.0201346	0.000712613	0.00131191
5	0.0436545	0.0266028	0.0005421	0.00951949	0.0106469	0.00554218	0.00266706	0.243918	0.0220482	0.220652	0.100664	0.00290552	0.0169655	0.0210882	0.0183202	0.0254465	0.065829	0.161116	0.000344822	0.00152806
6	0.00591296	0.00406814	0.00994262	0.00312341	0.00410857	0.00282359	0.0135411	0.006308	0.478733	0.00210176	0.00615503	0.0303637	0.00590674	0.0252555	0.361325	0.0192924	0.0126659	0.00767206	0.000150292	0.000550813
7	0.0376473	0.0179619	0.0159334	0.0277046	0.00108576	0.015623	0.0222595	0.0243711	0.219062	0.0466419	0.0209379	0.0362473	0.00752574	0.0676489	0.219065	0.0682657	0.121812	0.0243891	0.000303451	0.00551414
8	0.0945846	0.0571747	0.0126432	0.0430197	0.00646821	0.234099	0.0114252	0.0113773	0.090921	0.0138231	0.00710706	0.0892707	0.0057859	0.0930311	0.0178133	0.114145	0.0283922	0.0611781	0.00162465	0.00611522
9	0.0541315	0.012761	0.0957077	0.354944	0.00343838	0.0221662	0.0195702	0.025414	0.0329812	0.0347295	0.0073439	0.0308149	0.0059626	0.115826	0.0360526	0.0436704	0.0396261	0.0626574	0.000605334	0.00159779
10	0.06659	0.0505222	0.0533087	0.229214	0.00803661	0.00794025	0.0383768	0.00780256	0.0691881	0.0372228	0.00383405	0.0281862	0.070419	0.117499	0.0072685	0.087157	0.0422438	0.0715921	0.000858232	0.00274039
11	0.143072	0.0375226	0.000397605	0.00107072	0.0160538	0.0109373	0.0004329	0.19108	0.000676091	0.128573	0.00538152	0.000717605	0.00186212	0.00208043	0.00131725	0.0165549	0.0364537	0.401012	0.000124874	0.00467958
12	0.00809312	0.00743154	0.00136115	0.0147824	0.00158292	0.0109289	0.00124948	0.010093	0.0155314	0.00705812	0.004062	0.0267547	0.00191374	0.00365526	0.0150016	0.28299	0.55637	0.0297466	0.000424192	0.00096999
13	0.152787	0.157747	0.00250914	0.00328846	0.0517379	0.0111669	0.00306927	0.050974	0.045067	0.00649245	0.0170073	0.0188824	0.00220521	0.0300396	0.0751848	0.135934	0.0357431	0.0733997	0.000845245	0.125919
14	0.00751817	0.00853524	0.000207553	0.000396875	0.0274912	0.000369376	0.00232868	0.316453	0.000406582	0.388691	0.0425577	0.00109631	0.000130776	0.00040857	0.00397627	0.00306297	0.0067523	0.186168	0.00082123	0.00262869
15	0.444191	0.0755563	0.0105423	0.0199771	0.0026222	0.039588	0.00220963	0.0118644	0.0405289	0.0196858	0.00254885	0.0163572	0.00371987	0.0272382	0.0355176	0.143669	0.0789112	0.0228053	0.000695687	0.00177187
16	0.00780234	0.00838134	0.00017815	0.000393769	0.028304	0.000356432	0.00216159	0.317772	0.000422317	0.381828	0.0421645	0.00114176	0.000125854	0.000381514	0.0039486	0.00310091	0.00700934	0.190929	0.000899555	0.00269893
17	0.43831	0.0903334	0.0115834	0.0153717	0.00413689	0.0446608	0.00374994	0.0122399	0.0353255	0.0158963	0.00370431	0.01655	0.00353321	0.0216678	0.024285	0.154318	0.0700569	0.0293978	0.000657702	0.00422145
18	0.183038	0.0393287	0.000696428	0.00111587	0.013564	0.0193177	0.000816155	0.169173	0.000974573	0.10237	0.00448273	0.00142967	0.00336409	0.00220203	0.00137596	0.0295103	0.0297182	0.39035	0.000366398	0.00680516
19	0.0428323	0.00460512	0.00301271	0.00819854	0.0143493	0.820366	0.00118604	0.00194251	0.0016561	0.0126819	0.00136714	0.00920877	0.00496857	0.00326837	0.00556927	0.0572454	0.00317907	0.00288545	0.000409409	0.00106772
20	0.0103311	0.0268687	0.00293888	0.00381996	0.172196	0.00458978	0.160867	0.00615943	0.0133537	0.0110905	0.00547284	0.00831713	0.00270141	0.0106912	0.0254791	0.016859	0.0329398	0.00811529	0.0197843	0.457424
21	0.140547	0.0155003	0.0739047	0.0848008	0.00117802	0.0300586	0.00967902	0.00810351	0.0306465	0.0163095	0.00231034	0.0541736	0.0146202	0.0350486	0.0209189	0.25146	0.169521	0.0397213	0.000224055	0.00127453
22	0.0303515	0.0090305	0.589672	0.0532614	0.00220273	0.0168792	0.0132306	0.0050955	0.0141976	0.00536159	0.0023928	0.086301	0.00745962	0.0194903	0.00774925	0.0734351	0.0507014	0.0105645	0.000466287	0.00215753
23	0.0421481	0.00470235	0.00304651	0.00822538	0.0147012	0.824819	0.00142185	0.00216778	0.00195969	0.0128731	0.00140776	0.00897339	0.00499258	0.00353572	0.00577804	0.0518417	0.00302245	0.00289274	0.000415555	0.00107531
24	0.117982	0.0252835	0.00391346	0.00851998	0.0190688	0.0294928	0.00381008	0.0470449	0.0238382	0.0668864	0.0427876	0.0320783	0.000925859	0.0319623	0.0190848	0.247293	0.195185	0.0818108	0.000531187	0.00250135
25	0.0294023	0.00239965	0.000354896	0.000544379	0.000423039	0.00134035	0.000560329	0.383248	0.000516359	0.0428479	0.00653808	0.00246632	0.00345556	0.000603585	0.000496785	0.0018333	0.00887193	0.513601	0.000149005	0.000346426
26	0.0394646	0.0179604	0.0254064	0.0357265	0.000624394	0.0168601	0.0277118	0.0205856	0.235679	0.0384357	0.0154229	0.0624229	0.00187257	0.0860684	0.210186	0.0731073	0.0616081	0.0229815	0.000295313	0.00758051
27	0.0137462	0.00848479	0.000144866	0.000458321	0.0343754	0.00028088	0.00104851	0.306852	0.000421175	0.313246	0.0389977	0.00195186	0.000146621	0.00027761	0.00182079	0.00284716	0.0110197	0.259787	0.00177742	0.00231649
28	0.0126328	0.0171805	0.000656366	0.00122043	0.495093	0.00142552	0.0358408	0.0241342	0.00194048	0.0610246	0.0167123	0.0116254	0.000528613	0.00245254	0.00143618	0.0131986	0.0067364	0.0228059	0.0342468	0.239108
29	0.0420945	0.00216129	0.248558	0.0384462	0.00160191	0.105607	0.0182282	0.00772259	0.0217732	0.00521255	0.00180644	0.306919	0.012418	0.0026025	0.0104692	0.13066	0.0368046	0.00543698	0.000543099	0.000934114
30	0.0957872	0.0364298	0.00187953	0.0024743	0.0486143	0.0382955	0.00391481	0.0464773	0.0148107	0.280335	0.0723454	0.00734681	0.00245071	0.00965654	0.0163749	0.0623467	0.0754333	0.108797	0.00786119	0.0683693
31	0.0665116	0.0147822	0.00238269	0.00993658	0.008482	0.00853807	0.00348792	0.0517105	0.0222286	0.0520802	0.0390113	0.0775089	0.00144919	0.0310743	0.0264605	0.160842	0.277405	0.131135	0.000860709	0.0141129
32	0.0104408	0.0134907	0.00946977	0.00280557	0.313757	0.00349732	0.0261941	0.0179605	0.00271107	0.382385	0.0744782	0.00350247	0.0132949	0.0174666	0.0149999	0.0126658	0.0203733	0.0322939	0.00272157	0.0254911
33	0.10926	0.0124604	0.0495602	0.0352614	0.0115016	0.0171631	0.0658682	0.0164252	0.0684893	0.0144547	0.016369	0.120306	0.00230686	0.0971933	0.0484978	0.173776	0.106722	0.0192651	0.000443868	0.0146762
34	0.0535447	0.0049495	0.00341242	0.00913297	0.0115642	0.783265	0.00183042	0.00202533	0.00452529	0.014309	0.00160193	0.0111438	0.00455868	0.00472728	0.00789639	0.0728112	0.00468736	0.00267406	0.000330534	0.00100971
35	0.0257527	0.0132626	0.0109536	0.0127781	0.0108406	0.0497686	0.691096	0.0145951	0.0125503	0.0192378	0.00977903	0.0168819	0.00670253	0.013367	0.0109221	0.0285225	0.023829	0.0174914	0.00313969	0.0085298
36	0.00498775	0.00339804	0.00994807	0.00263396	0.00430074	0.00251302	0.0130133	0.00576713	0.484039	0.000951611	0.00590844	0.0297417	0.00592171	0.0235587	0.36685	0.0178725	0.0111715	0.00683878	0.000151575	0.00043315
37	0.156693	0.0133459	0.00604458	0.00640307	0.00518774	0.225126	0.00542115	0.0106873	0.0466306	0.00730075	0.00782019	0.053597	0.00686666	0.00710806	0.0216006	0.318114	0.0898641	0.0085439	0.000579288	0.00306652
38	0.401604	0.0150446	0.0198721	0.0387765	0.000987394	0.130087	0.00336163	0.00802741	0.0173618	0.00691032	0.00162562	0.0513019	0.019095	0.016805	0.024893	0.158822	0.0637195	0.0168022	0.000262929	0.0046405
39	0.0294023	0.00239965	0.000354896	0.000544379	0.000423039	0.00134035	0.000560329	0.383248	0.000516359	0.0428479	0.00653808	0.00246632	0.00345556	0.000603585	0.000496785	0.0018333	0.00887193	0.513601	0.000149005	0.000346426
40	0.0344156	0.0192161	0.00243439	0.0163201	0.00493006	0.0101579	0.00233995	0.03052	0.0147176	0.0301843	0.0186917	0.0368347	0.00118961	0.0139749	0.042653	0.2467	0.427141	0.0443527	0.000460759	0.00276524
41	0.147473	0.163483	0.0044668	0.00354817	0.00867947	0.00597196	0.0409777	0.0917377	0.0301964	0.0281326	0.0176209	0.00602519	0.00189968	0.045323	0.00360775	0.151176	0.161394	0.083909	0.00100757	0.00336991
42	0.0168174	0.00572123	0.000445924	0.00284212	0.0277974	0.00170882	0.00125295	0.0925491	0.00222314	0.642977	0.118682	0.000746138	0.0011421	0.00119143	0.0037415	0.00720981	0.016209	0.0530994	0.001159	0.00248522
43	0.057747	0.0149095	0.0349617	0.0442112	0.0017822	0.0191841	0.0313986	0.0178726	0.200985	0.0323275	0.0158385	0.0729217	0.00146689	0.0989443	0.159162	0.0890934	0.076772	0.02276	0.00015632	0.00750493
44	0.0128734	0.0168205	0.000691086	0.00126599	0.499089	0.00153913	0.0347713	0.0238027	0.00191689	0.0609365	0.0164659	0.0111599	0.000534972	0.00249422	0.00144842	0.0129486	0.00651157	0.0224127	0.0349488	0.237368
45	0.0840526	0.00725227	0.15227	0.0829903	0.00482288	0.0563304	0.037919	0.0083138	0.0487435	0.0143728	0.0085485	0.151475	0.0108467	0.0539711	0.0296838	0.164509	0.063919	0.0121313	0.000984091	0.00686422
46	0.0212393	0.0039367	0.0217693	0.0926487	0.0101552	0.00395477	0.0233202	0.0613668	0.117242	0.163611	0.110195	0.0114318	0.0027941	0.108547	0.0939529	0.0253379	0.0424201	0.0663923	0.000618284	0.019067
47	0.0138593	0.00957132	0.000247794	0.000640872	0.0397327	0.000480544	0.00172511	0.28892	0.000695306	0.362204	0.0431119	0.00145744	0.000270636	0.000533087	0.00281173	0.00387402	0.00991531	0.216123	0.00141706	0.00240898
48	0.166534	0.0395212	0.000461139	0.000920635	0.0154712	0.0115023	0.000482068	0.176261	0.000589916	0.121318	0.00363639	0.000810415	0.000808839	0.00195422	0.000646071	0.0186745	0.0305208	0.404702	0.000153115	0.00503303
49	0.00752671	0.00843129	0.00115842	0.00837358	0.00156332	0.00462403	0.00134302	0.0121601	0.00727708	0.00734507	0.00430642	0.0191152	0.00215774	0.00339936	0.0196971	0.390217	0.47723	0.0227663	0.000350704	0.000957025
50	0.203662	0.1228	0.00400752	0.00466096	0.0052817	0.255577	0.00689493	0.0295266	0.0075526	0.0177387	0.0069831	0.0138309	0.00459193	0.00812505	0.00437552	0.146668	0.0665398	0.0859655	0.00182422	0.00339419
51	0.0907107	0.0103828	0.0128013	0.0110839	0.00552023	0.32271	0.00228206	0.00211204	0.00470586	0.00317611	0.00191375	0.00428654	0.000615843	0.00265518	0.00392121	0.501519	0.0146874	0.0032807	0.000383891	0.00125144
52	0.0371955	0.0246372	0.0141519	0.022303	0.00050077	0.0108074	0.0292448	0.0220276	0.240322	0.0427193	0.0168253	0.0411415	0.00228165	0.0653159	0.268871	0.0657226	0.063339	0.026629	0.000132025	0.00583182
53	0.00733077	0.00709582	0.781349	0.109266	0.000932617	0.00658609	0.00588167	0.00187249	0.00214347	0.00335298	0.00101004	0.0304303	0.00363116	0.0085333	0.00113618	0.0182602	0.00743883	0.00256841	0.000375918	0.000805342
54	0.156181	0.0307946	0.010766	0.0103801	0.00639948	0.182385	0.00460354	0.0117596	0.0225437	0.00608367	0.00596383	0.0745846	0.0187025	0.00682606	0.0123022	0.296303	0.127442	0.0101289	0.00177513	0.00407527
55	0.0247741	0.00461281	0.275573	0.193648	0.00356972	0.00673149	0.026812	0.00678159	0.0126027	0.0197116	0.00404839	0.212831	0.00726814	0.00909575	0.00664157	0.0630506	0.060079	0.0587711	0.000861006	0.00253661
56	0.0294023	0.00239965	0.000354896	0.000544379	0.000423039	0.00134035	0.000560329	0.383248	0.000516359	0.0428479	0.00653808	0.00246632	0.00345556	0.000603585	0.000496785	0.0018333	0.00887193	0.513601	0.000149005	0.000346426
57	0.0305258	0.00278996	0.000361281	0.000586722	0.000683951	0.00133514	0.000563545	0.381311	0.000562449	0.0445284	0.00659914	0.00254247	0.0036061	0.000611681	0.00070151	0.00208774	0.00946327	0.510529	0.000149098	0.000461565
58	0.00950274	0.00839598	0.000160664	0.000400368	0.0300522	0.000334677	0.00179424	0.312384	0.000397817	0.36151	0.0408535	0.00136268	0.000119825	0.000344762	0.00315257	0.00283742	0.00797513	0.214803	0.00116955	0.00244875
59	0.00515407	0.00261098	0.00978845	0.00203628	0.0562283	0.00239444	0.00187334	0.00307642	0.00711261	0.0109878	0.00286371	0.00252084	0.00115112	0.0023888	0.00227985	0.0145031	0.00487523	0.0192857	0.833793	0.0150755
60	0.00626101	0.0082988	0.867607	0.0288159	0.000833306	0.00642287	0.00593253	0.00177467	0.0015008	0.0015044	0.000991653	0.0330642	0.00414171	0.00332577	0.000825527	0.0190516	0.00652734	0.00214852	0.000299639	0.000673081
61	0.0485917	0.0161327	0.000494537	0.00221973	0.0118043	0.00112683	0.000759405	0.367883	0.00519666	0.110399	0.0158781	0.00335435	0.0204168	0.00165114	0.0155999	0.0150996	0.0519376	0.30236	0.00017174	0.00892357
62	0.0497189	0.0100922	0.000328903	0.00108969	0.00852867	0.0018889	0.000523102	0.339936	0.00168036	0.0958043	0.0103578	0.00224595	0.007075	0.000820807	0.00414738	0.00661103	0.0217518	0.434197	0.000372996	0.00282854
63	0.410117	0.0145754	0.0209688	0.0347049	0.000974528	0.14011	0.00356279	0.00904861	0.017691	0.00587914	0.00130153	0.0520699	0.0158159	0.0140778	0.0242415	0.155897	0.0577589	0.0156996	0.000281328	0.00522505
64	0.0421219	0.00922696	0.122152	0.305642	0.00412373	0.0391462	0.0256962	0.0198984	0.0324773	0.0210888	0.00592036	0.0412003	0.00856987	0.203549	0.033976	0.0380754	0.0174047	0.0253452	0.00131625	0.0030694
65	0.118478	0.0279204	0.025517	0.0354399	0.00760455	0.0214439	0.00660074	0.0297458	0.0296109	0.0294314	0.0168138	0.041754	0.00565913	0.0346384	0.0284219	0.260166	0.227817	0.0502626	0.000242554	0.00243205
66	0.0707916	0.0070007	0.00413146	0.0088421	0.012352	0.737598	0.00267843	0.00738043	0.00313795	0.0199894	0.00285284	0.00932623	0.0222017	0.00532535	0.00676021	0.0526749	0.00971633	0.0151783	0.00054159	0.00152011
67	0.0323707	0.0226366	0.00323237	0.0224982	0.010426	0.00435088	0.0053186	0.220197	0.0376381	0.219352	0.106139	0.00479532	0.0099901	0.0393291	0.0297297	0.0220923	0.0573795	0.149005	0.00018424	0.00333567
68	0.0147631	0.0309098	0.000762945	0.00121163	0.427701	0.00123028	0.0604257	0.0155784	0.00317947	0.0435702	0.0157815	0.0079718	0.000708005	0.00416313	0.00234058	0.0172611	0.0108361	0.0183629	0.0156783	0.307564
69	0.00507038	0.00341727	0.0100842	0.00295457	0.00423446	0.00252478	0.012897	0.00575154	0.484768	0.00100467	0.00592993	0.0295777	0.00592731	0.0236583	0.365781	0.0178634	0.0110814	0.00688444	0.000151792	0.000438051
70	0.0133922	0.00660865	0.00159581	0.00227255	0.0581692	0.0017725	0.00450735	0.0757887	0.00155617	0.615167	0.112562	0.00194273	0.00202917	0.00565626	0.00449034	0.0094878	0.0243743	0.0488528	0.00110988	0.00866505
71	0.0359181	0.0251144	0.012224	0.020951	0.000570252	0.010209	0.0316191	0.0232113	0.237678	0.0432915	0.0157786	0.0404497	0.00224668	0.0624196	0.278339	0.0639986	0.0629533	0.0267435	0.000143273	0.00614071
72	0.0561611	0.00627398	0.00420562	0.00787216	0.0116047	0.766513	0.00173966	0.00238513	0.00371165	0.0123543	0.00160116	0.00915407	0.00436687	0.00381029	0.00633921	0.0911433	0.00569554	0.00355568	0.000327533	0.00118462
73	0.0226679	0.0141199	0.00845956	0.0106115	0.0102267	0.0418131	0.719051	0.0141605	0.0105333	0.0186852	0.00975817	0.013914	0.00600806	0.0129622	0.00907247	0.0266628	0.0223825	0.017486	0.00338869	0.00803654
74	0.0354143	0.0247035	0.0123546	0.0202789	0.000759473	0.0104899	0.0310914	0.0225829	0.242109	0.0422253	0.0157449	0.040829	0.00236883	0.0613491	0.275436	0.0642069	0.0656255	0.0263784	0.000161378	0.00589145
75	0.05698	0.00276053	0.20548	0.0295286	0.0019036	0.157908	0.018653	0.00729982	0.0180234	0.00531264	0.00225641	0.30414	0.00874123	0.00278977	0.00922735	0.129511	0.0330695	0.00419771	0.000606517	0.00161092
76	0.236131	0.00363517	0.00235147	0.0134717	0.00302209	0.0422938	0.00533081	0.025492	0.00296492	0.0511127	0.0146222	0.00763423	0.262113	0.0413906	0.0240513	0.0540178	0.049148	0.158421	0.000601179	0.00219487
77	0.0294023	0.00239965	0.000354896	0.000544379	0.000423039	0.00134035	0.000560329	0.383248	0.000516359	0.0428479	0.00653808	0.00246632	0.00345556	0.000603585	0.000496785	0.0018333	0.00887193	0.513601	0.000149005	0.000346426
78	0.0456627	0.0491453	0.0179309	0.0244116	0.00830807	0.0154244	0.0144046	0.0229081	0.0279073	0.0287361	0.0186824	0.0707321	0.00631259	0.0571792	0.0305486	0.135617	0.380756	0.0320391	0.00269674	0.0105971
79	0.058803	0.00201085	0.168764	0.227157	0.00474992	0.055135	0.0323966	0.00734869	0.0682961	0.009788	0.00849593	0.0653385	0.017053	0.114921	0.0370971	0.0809732	0.0208748	0.0119307	0.0028244	0.00604253
80	0.156276	0.217358	0.00473005	0.00124333	0.00253056	0.0586723	0.00474062	0.0212845	0.00148718	0.0089512	0.00571628	0.0154231	0.00137545	0.00197881	0.0013926	0.283705	0.126749	0.0829551	0.00128388	0.00214672
81	0.0831884	0.011557	0.013322	0.0100543	0.00603996	0.308437	0.00198776	0.00208744	0.00353096	0.00261374	0.00164794	0.00468664	0.00073608	0.00194	0.00230363	0.524875	0.0155731	0.00390111	0.000392117	0.00112612
82	0.0382464	0.0174048	0.0289262	0.0407579	0.00127035	0.0162925	0.025158	0.0205151	0.239116	0.0462483	0.0203209	0.0513283	0.00241813	0.08997	0.197078	0.0718602	0.0617602	0.0244403	0.000198137	0.00669004
83	0.0063066	0.00829193	0.866845	0.0295068	0.000833821	0.00643227	0.00593027	0.00177347	0.00151378	0.00153865	0.000992903	0.0330139	0.0041306	0.00338717	0.000826624	0.0190285	0.00654452	0.00212636	0.000304122	0.000672914
84	0.134331	0.0141688	0.00906866	0.00760446	0.00417051	0.372629	0.00889251	0.00555192	0.0403705	0.0117043	0.0105569	0.017742	0.00230292	0.011739	0.0243257	0.268345	0.0470604	0.00591735	0.000444482	0.00307537
85	0.0102234	0.0164703	0.00575757	0.00160783	0.149411	0.00370087	0.0179767	0.0246193	0.00259291	0.452658	0.082124	0.0068753	0.00504408	0.0271762	0.00608757	0.0225981	0.0753679	0.0351517	0.000730776	0.0538267
86	0.015704	0.00881414	0.000149665	0.000504454	0.0367022	0.000312704	0.000897801	0.300232	0.000461943	0.29698	0.0387223	0.00194233	0.000122732	0.000288995	0.00143931	0.00261917	0.0115454	0.278343	0.00203309	0.00218495
87	0.00714594	0.00480318	0.00957947	0.00493184	0.0036816	0.00302928	0.0131098	0.0062063	0.492832	0.00270633	0.00597216	0.0299143	0.00611469	0.0259874	0.342277	0.0200481	0.0129043	0.00793681	0.000189555	0.000630594
88	0.0176634	0.00994221	0.000169817	0.00051853	0.0489819	0.000401761	0.000896141	0.294135	0.000477437	0.290193	0.0383623	0.0020702	0.000139795	0.00034986	0.00168922	0.00366824	0.011989	0.273581	0.0024917	0.00227914
89	0.00515407	0.00261098	0.00978845	0.00203628	0.0562283	0.00239444	0.00187334	0.00307642	0.00711261	0.0109878	0.00286371	0.00252084	0.00115112	0.0023888	0.00227985	0.0145031	0.00487523	0.0192857	0.833793	0.0150755
90	0.00708504	0.00880586	0.798488	0.0785664	0.000956107	0.00630251	0.00703175	0.00205608	0.00253659	0.00289993	0.00110353	0.0387396	0.00405614	0.00644715	0.00111123	0.020526	0.00816922	0.00405067	0.000324011	0.000743931
91	0.0168463	0.00568246	0.000446908	0.00276221	0.027783	0.00168251	0.00125677	0.0931813	0.00209764	0.643132	0.117365	0.000887989	0.0010053	0.00129555	0.00385637	0.00731204	0.0162283	0.0534062	0.00117595	0.0025963
92	0.0533482	0.000795072	0.184085	0.261497	0.00488692	0.0365939	0.0324905	0.00675565	0.0591822	0.00968674	0.00835479	0.0660216	0.0163125	0.102824	0.0334298	0.0799149	0.0218969	0.0122114	0.00321507	0.00649739
93	0.112036	0.0283572	0.00340878	0.00832504	0.0178344	0.0290807	0.00401405	0.0582279	0.0216959	0.071131	0.0442092	0.0366284	0.00120792	0.0334499	0.0184972	0.228483	0.195555	0.08373	0.000841323	0.00328744
94	0.0451757	0.00419171	0.13228	0.208674	0.00518301	0.0507752	0.0401021	0.0100313	0.0516001	0.012212	0.00813647	0.0685273	0.0196263	0.182163	0.0518402	0.0678878	0.0202527	0.0125609	0.00258846	0.00619178
95	0.0858098	0.147574	0.044864	0.0153113	0.0399232	0.0114826	0.114028	0.0191124	0.0156533	0.0505163	0.0113922	0.0184482	0.0065373	0.0919986	0.0105579	0.211094	0.070798	0.0257021	0.00226239	0.00693418
96	0.14871	0.352565	0.0125946	0.00212905	0.00215372	0.0246307	0.00757095	0.00542139	0.00184029	0.00289113	0.00356901	0.0402795	0.000899791	0.00314809	0.00171354	0.258635	0.101982	0.0236872	0.000410925	0.00516756
97	0.0453901	0.017703	0.000490735	0.00202169	0.0308938	0.00116261	0.000823279	0.35636	0.00556536	0.122538	0.0206728	0.00360968	0.0167846	0.00208442	0.0148081	0.0168525	0.0467009	0.284816	0.000821495	0.00990136
98	0.108113	0.0195208	0.0146036	0.0829538	0.0726754	0.0121663	0.122348	0.0140145	0.0624287	0.0435131	0.0145702	0.0286089	0.00632681	0.218852	0.0523412	0.0348102	0.0323069	0.0202392	0.00224748	0.0373602
99	0.0204537	0.0140146	0.00316758	0.0142595	0.00394055	0.00841373	0.00260138	0.0268721	0.0133096	0.0168788	0.0102057	0.0293003	0.00222988	0.0097905	0.0375331	0.271371	0.483177	0.0292835	0.000678636	0.00251956
100	0.00857559	0.011135	0.000203343	0.00100478	0.0279698	0.000687069	0.00325248	0.320436	0.00200571	0.376281	0.048277	0.00112844	0.000637968	0.00168395	0.00589443	0.00369711	0.0102604	0.173798	0.000725795	0.00234679
101	0.157943	0.0338448	0.00326817	0.0039872	0.0141895	0.0537401	0.00224452	0.0867028	0.00602738	0.132533	0.0630676	0.00782882	0.00373521	0.0108247	0.0049446	0.0946874	0.139469	0.169921	0.00107252	0.00996927
102	0.0115742	0.00542755	0.00069312	0.00802101	0.309523	0.0125349	0.0097548	0.0910133	0.00522448	0.158523	0.0364778	0.00123655	0.000548368	0.00123362	0.017085	0.00744946	0.0307557	0.105267	0.0216562	0.166001
103	0.0148593	0.00937898	0.000262937	0.00111955	0.0285358	0.000604051	0.00169563	0.250864	0.00101508	0.409341	0.059826	0.00128505	0.000479547	0.000833682	0.00269404	0.00407843	0.0112626	0.198495	0.0012581	0.00210984
104	0.0168329	0.00915283	0.00015621	0.000529255	0.0367345	0.00039681	0.000883347	0.298731	0.000462491	0.294592	0.0384906	0.00194261	0.000122481	0.000296695	0.00140402	0.00270312	0.011815	0.280498	0.00205037	0.00220692
105	0.210876	0.112253	0.00194278	0.00243669	0.00889194	0.0483488	0.00335326	0.0454522	0.00507978	0.0321981	0.0187277	0.0091347	0.00294103	0.00951311	0.00324413	0.237595	0.110166	0.133972	0.00259332	0.00128002
106	0.20474	0.208613	0.00719334	0.00274058	0.00242538	0.119889	0.0108129	0.0194617	0.0033543	0.0101506	0.00424494	0.0158583	0.00188715	0.00460749	0.00254776	0.206113	0.110387	0.0615107	0.000655621	0.00280727
107	0.135788	0.221065	0.00643621	0.00153693	0.00271065	0.0759837	0.00532046	0.0125085	0.0027809	0.00365223	0.00226183	0.0261573	0.0025782	0.00196854	0.00211966	0.303136	0.153948	0.0358672	0.00082917	0.00335107
108	0.221428	0.0127289	0.00330678	0.0060824	0.00425599	0.110967	0.00601562	0.0307062	0.027685	0.00534943	0.0144634	0.152815	0.0130822	0.00501702	0.0187588	0.267048	0.0886819	0.00701463	0.00119207	0.00340185
109	0.0482247	0.0010987	0.206299	0.268455	0.00431124	0.0369444	0.0299707	0.00672179	0.0528752	0.00978111	0.00755391	0.0719339	0.014428	0.0910493	0.0293355	0.0759677	0.0236661	0.0127409	0.00278765	0.00585542
110	0.0905846	0.0116214	0.0992462	0.00745365	0.0220982	0.0600182	0.0154964	0.00679833	0.0303395	0.0798792	0.0602223	0.137148	0.0198672	0.116223	0.025842	0.127778	0.053018	0.00887288	0.00120392	0.0262882
111	0.0505666	0.00684945	0.126433	0.335568	0.00390982	0.0293622	0.0264035	0.0163941	0.0433333	0.0229498	0.00657761	0.0440997	0.00784866	0.146207	0.0337123	0.0435601	0.0210002	0.0308312	0.00128856	0.00310491
112	0.0185558	0.00888501	0.000330896	0.00225373	0.0246958	0.00155008	0.00166238	0.173663	0.00275416	0.530561	0.089071	0.00106215	0.00101343	0.00207971	0.00436106	0.00612451	0.0136418	0.114824	0.00109781	0.00181278
113	0.0383832	0.0240167	0.0131062	0.0217917	0.00123285	0.0108762	0.0342399	0.0223939	0.230547	0.047714	0.0154657	0.0429385	0.00223107	0.0655862	0.269063	0.0661816	0.060521	0.0267466	0.000251023	0.00671312
114	0.0829754	0.0254848	0.000242611	0.00111963	0.0274792	0.00547097	0.00043295	0.234285	0.000603637	0.192879	0.0189239	0.00134983	0.000901195	0.00116481	0.00113671	0.00967378	0.025143	0.366154	0.000958302	0.0036211
115	0.0219532	0.00208087	0.361611	0.45402	0.00220059	0.0161694	0.0101752	0.00338088	0.00680756	0.0101048	0.00186626	0.0212153	0.00297594	0.0421189	0.00421635	0.0202049	0.0126658	0.00428609	0.000651956	0.00129555
116	0.0162438	0.0089834	0.000151952	0.000533042	0.0361095	0.000305561	0.000846595	0.30142	0.000550839	0.292902	0.0381981	0.00205513	0.000401562	0.000298975	0.00172071	0.00289129	0.0123461	0.27963	0.00198596	0.00242487
117	0.0129404	0.0168363	0.00070442	0.00123941	0.498926	0.00148221	0.0349809	0.0235228	0.0019058	0.0606611	0.0163889	0.0113558	0.000529965	0.00248923	0.0013832	0.0129331	0.0064793	0.0221115	0.035422	0.237708
118	0.0360173	0.025035	0.0125009	0.0212676	0.000563851	0.0103433	0.0317882	0.0231423	0.236929	0.043451	0.0157011	0.0408303	0.00216616	0.0628879	0.27764	0.0641841	0.06257	0.0266011	0.000140549	0.00624097
119	0.041711	0.0144391	0.000426451	0.00223245	0.0169971	0.00147758	0.00100316	0.358128	0.00737726	0.153713	0.0238748	0.00305397	0.0139584	0.00278248	0.0140901	0.0145138	0.0412957	0.281278	0.00044077	0.00720734
120	0.00784857	0.03791	0.00113025	0.0264259	0.0351523	0.00614188	0.127981	0.0264478	0.0580155	0.214335	0.0456773	0.0720421	0.0277256	0.0879374	0.0704581	0.0222928	0.0425571	0.0161678	0.00169366	0.0720598
121	0.0235183	0.00673998	0.0719626	0.0165609	0.0082642	0.0484737	0.0102001	0.0080139	0.0183068	0.0046944	0.00223286	0.112396	0.0301903	0.00680827	0.00361621	0.411699	0.209232	0.00547943	0.000485392	0.00112601
122	0.0478012	0.014755	0.0331079	0.0431964	0.000945993	0.0230034	0.029074	0.0189912	0.227811	0.0333632	0.015786	0.06586	0.00184413	0.100544	0.169268	0.0787717	0.0688193	0.0202879	0.00013631	0.00663298
123	0.00510674	0.00352408	0.00970923	0.00258454	0.00418094	0.00245647	0.012897	0.00572072	0.488547	0.000958582	0.00577164	0.0298773	0.00603778	0.0234613	0.362736	0.0179565	0.011037	0.00685565	0.000154942	0.000426757
124	0.00892375	0.00345445	0.0147016	0.0225602	0.00397323	0.0037876	0.0126401	0.00574178	0.46428	0.00324986	0.00717191	0.025704	0.0050257	0.0309117	0.349941	0.0170435	0.0112566	0.00862477	0.000214309	0.000793366
125	0.0235681	0.00321433	0.0176953	0.100548	0.0116476	0.00357697	0.0187151	0.062802	0.119214	0.18191	0.108055	0.00849109	0.00236429	0.106371	0.0851107	0.0208128	0.0408988	0.0651231	0.000729316	0.0191528
126	0.0053031	0.0037789	0.00950802	0.00250461	0.00399153	0.00239661	0.0127022	0.00564291	0.496297	0.000944806	0.00560763	0.0298616	0.00629535	0.0234548	0.355412	0.0181243	0.0106731	0.0069276	0.000156455	0.00041712
127	0.0354344	0.0239694	0.0126344	0.0212702	0.000813933	0.0107836	0.0296329	0.0228455	0.239747	0.0460587	0.0164143	0.0388492	0.00287216	0.0613881	0.271821	0.0649244	0.0686877	0.0259109	0.000202392	0.00573975
128	0.0110602	0.0069912	0.00917301	0.00533782	0.00345737	0.00339226	0.0136917	0.00717911	0.483273	0.00507774	0.00634652	0.0326015	0.00976159	0.0271779	0.324516	0.023153	0.0155551	0.0106109	0.000337993	0.00130585
129	0.0479635	0.0157864	0.000482732	0.00216224	0.0115233	0.00111353	0.000750241	0.368879	0.00502732	0.108978	0.0151834	0.00333062	0.0204519	0.00148467	0.0151434	0.0149061	0.0513214	0.306636	0.000167851	0.008708
130	0.0327449	0.0274723	0.0118147	0.0179782	0.000926734	0.0105501	0.0290747	0.0208379	0.266999	0.0365949	0.0155045	0.0357585	0.00287212	0.0597804	0.274044	0.0641388	0.061135	0.0265149	0.000150229	0.00510805
131	0.161639	0.0377074	0.00488244	0.0064207	0.0803609	0.0989511	0.00629205	0.0116046	0.00723499	0.00997853	0.0082005	0.122621	0.00457756	0.0076534	0.00650848	0.23011	0.0741328	0.0127605	0.0537317	0.0546327
132	0.070735	0.0417589	0.00171605	0.0025088	0.368925	0.00311461	0.00262157	0.157932	0.00252079	0.131967	0.0269267	0.00527464	0.00156107	0.00245638	0.00404991	0.0391183	0.0177357	0.113845	0.00285201	0.00238013
133	0.110265	0.0245326	0.0839359	0.0535226	0.00390269	0.0267604	0.0235196	0.00736735	0.0371054	0.0153211	0.00933642	0.0686393	0.0150142	0.0587509	0.0204042	0.259131	0.157886	0.0198241	0.000252721	0.00452894
134	0.0420418	0.0166775	0.0301574	0.0395948	0.000520704	0.0187558	0.0260448	0.0187471	0.236053	0.0374689	0.0163082	0.0609546	0.00184248	0.0932045	0.191247	0.0774062	0.0640626	0.0221128	0.0001391	0.00666096
135	0.0158233	0.00883154	0.000152368	0.000507206	0.0368357	0.000310978	0.000883562	0.299744	0.000465338	0.296096	0.0387404	0.00195029	0.000122385	0.000288894	0.00141198	0.00260167	0.0116223	0.279372	0.00205494	0.00218499
136	0.144661	0.0396279	0.00328564	0.00357552	0.0302472	0.0383405	0.00133246	0.0407288	0.00688597	0.229116	0.0722158	0.00188793	0.002614	0.00998014	0.00794871	0.0696192	0.0878639	0.166032	0.00366581	0.0403712
137	0.14599	0.0425823	0.000412194	0.00108393	0.0177152	0.0139756	0.000431793	0.178626	0.000419139	0.142137	0.00427293	0.000629243	0.000311517	0.00247099	0.000470147	0.0181365	0.0388242	0.387203	0.000136582	0.00417204
138	0.120785	0.0267247	0.00365196	0.00783789	0.0192174	0.0404335	0.00396673	0.0436297	0.0237398	0.0625803	0.0409952	0.0326968	0.00117457	0.0294565	0.0190458	0.25738	0.185906	0.0777631	0.000715703	0.00229963
139	0.040352	0.0287818	0.00256097	0.00194659	0.08138	0.0167337	0.0100103	0.0469526	0.00762643	0.369739	0.0719737	0.0104477	0.00328677	0.021147	0.00881546	0.0377687	0.0921059	0.0678467	0.00382298	0.0767021
140	0.121115	0.0110362	0.0417218	0.0314659	0.00975743	0.0188546	0.0630492	0.018581	0.066264	0.0125646	0.0181038	0.118195	0.00173437	0.0934251	0.0521037	0.1631	0.121854	0.0197689	0.000361373	0.0169432
141	0.0327543	0.00210138	0.21083	0.030516	0.00249261	0.111488	0.0145535	0.00988426	0.0202114	0.00404625	0.00163218	0.29683	0.0122291	0.0023374	0.00747223	0.169966	0.0659211	0.00329333	0.000547815	0.000892938
142	0.0243382	0.0145183	0.0514208	0.0128174	0.00749902	0.0263016	0.00840306	0.0105349	0.00982406	0.0107149	0.00921427	0.64268	0.00683407	0.00877447	0.00711329	0.101838	0.0290246	0.0120035	0.0018036	0.00434197
143	0.116926	0.0252039	0.00367601	0.00827207	0.0191649	0.0284615	0.00368579	0.047831	0.0234739	0.0681153	0.0443244	0.03265	0.000873969	0.0336723	0.019812	0.242312	0.19588	0.0823923	0.000502716	0.00277022
144	0.0151996	0.00863378	0.000159627	0.000494265	0.0366548	0.000310731	0.000937924	0.299251	0.000426653	0.304367	0.0391359	0.00184974	0.0001206	0.000287323	0.00153029	0.00262933	0.0113974	0.272371	0.00198535	0.00225763
145	0.0643626	0.0282856	0.0835311	0.303569	0.00998257	0.0153032	0.0330925	0.0141584	0.0519179	0.0330167	0.00457726	0.0285532	0.0267058	0.137144	0.0208992	0.0552679	0.0283655	0.057589	0.000751958	0.00292643
146	0.0517035	0.0209582	0.00323815	0.0810769	0.0547888	0.00639568	0.0199806	0.102197	0.0201929	0.0777259	0.0223178	0.0250204	0.00245679	0.00658669	0.0057076	0.153077	0.107226	0.200005	0.015847	0.0234972
147	0.0140154	0.0312739	0.00320791	0.0259186	0.0299037	0.00743785	0.131446	0.0231169	0.0688802	0.166146	0.0376162	0.0720128	0.032736	0.0936832	0.0949398	0.02854	0.0526721	0.0147866	0.0052805	0.0663868
148	0.126133	0.0189541	0.071256	0.0639125	0.00107971	0.0371282	0.00898528	0.00544003	0.0339283	0.0141657	0.00241071	0.0559619	0.0224553	0.0330904	0.0169846	0.276628	0.184656	0.0257174	0.000206329	0.000907318
149	0.0550346	0.00170809	0.179213	0.257694	0.00472388	0.0362723	0.0311441	0.00704601	0.0581589	0.010442	0.00788807	0.0653784	0.0175912	0.101387	0.0328639	0.0832683	0.0257636	0.0152088	0.00298147	0.00623181
150	0.0436482	0.00811759	0.000366379	0.00105725	0.00466872	0.00133059	0.000623698	0.365203	0.00193468	0.0687539	0.00838936	0.00258228	0.0134855	0.000792801	0.00614094	0.00642879	0.0259667	0.43665	0.000143592	0.00371535
151	0.0201775	0.0113691	0.0197349	0.0209645	0.00303643	0.00889215	0.0203866	0.0164094	0.346508	0.0198223	0.011444	0.0346443	0.00407273	0.0467096	0.321588	0.0398074	0.0351908	0.0156268	0.000303831	0.00331195
152	0.335013	0.0829952	0.00472435	0.00441001	0.0230053	0.0198348	0.00669125	0.0200509	0.0113584	0.0291795	0.015217	0.0061877	0.00145945	0.0379156	0.00672322	0.187145	0.126462	0.0785914	0.000772849	0.00226436
153	0.0345482	0.0129229	0.000180865	0.000610915	0.0326265	0.00168738	0.000720463	0.283614	0.000478214	0.261058	0.032217	0.0017409	0.000325091	0.000529598	0.00118694	0.00417511	0.0141393	0.313156	0.0016496	0.00243288
154	0.453236	0.0690616	0.0119798	0.0171445	0.00293675	0.04402	0.0016846	0.00879913	0.0346592	0.0175077	0.00229849	0.0178448	0.00390901	0.024709	0.0299541	0.155899	0.0745415	0.0277617	0.000457003	0.00159604
155	0.0163285	0.0090749	0.000157152	0.000521492	0.0346609	0.000461873	0.00114544	0.303263	0.000516102	0.307676	0.0382773	0.00181347	0.000350166	0.000358143	0.0019393	0.00322361	0.0113389	0.264676	0.00178182	0.00243521
156	0.0380658	0.00893049	0.0348051	0.0107717	0.0212704	0.02981	0.00564621	0.0148228	0.0103264	0.00881577	0.00717426	0.130785	0.0104368	0.00639695	0.00508801	0.419891	0.219644	0.0126423	0.00162038	0.00305622
157	0.0963243	0.0361885	0.00189224	0.00247972	0.0487967	0.0382653	0.00388757	0.0458352	0.01487	0.280495	0.0720948	0.00747199	0.00244156	0.0097257	0.0164664	0.0625341	0.0754601	0.109004	0.00782079	0.0679457
158	0.0157288	0.00881325	0.000150635	0.000504193	0.0367721	0.000311121	0.000897389	0.299816	0.000457533	0.297265	0.0387828	0.00194122	0.000122365	0.00028671	0.00141929	0.00261723	0.01156	0.278319	0.00203735	0.00219768
159	0.154819	0.0352393	0.00632924	0.00641911	0.0395922	0.0266071	0.00147935	0.0285071	0.00468326	0.234066	0.064494	0.00220082	0.00349701	0.0176946	0.00523095	0.0773393	0.0857019	0.180953	0.00193971	0.0232062
160	0.0038168	0.00745319	0.0013769	0.00504699	0.00147298	0.00331507	0.00106175	0.0100537	0.0045294	0.00434221	0.00254399	0.0150165	0.00312976	0.00155213	0.0101847	0.443927	0.467306	0.012835	0.000240673	0.000795145
161	0.341889	0.0292002	0.00182919	0.00203689	0.00198397	0.350248	0.00958246	0.0474226	0.00195789	0.0317783	0.00204667	0.00250449	0.0027689	0.00235192	0.00198058	0.0309343	0.0620111	0.0756958	0.000513986	0.00126303
162	0.112633	0.0271472	0.0164188	0.140911	0.00461292	0.0678975	0.00635209	0.00862143	0.0106982	0.0779387	0.0230297	0.051179	0.0051326	0.0473928	0.00723744	0.20718	0.129697	0.0327537	0.00108358	0.0220833
163	0.123943	0.0338671	0.000301106	0.000970623	0.0220443	0.00893673	0.000357595	0.2023	0.000469394	0.159853	0.00947569	0.000892858	0.000388116	0.00170411	0.0005859	0.0138065	0.0289142	0.38617	0.000522588	0.00449666
164	0.0293306	0.0220091	0.0130695	0.0176196	0.00117338	0.00937542	0.0250506	0.0191814	0.318116	0.0311107	0.0134177	0.0383191	0.00343682	0.0578316	0.267883	0.0562229	0.0503454	0.0216669	0.000230758	0.0046091
165	0.015752	0.00879335	0.000153102	0.00050533	0.0368354	0.00031196	0.000883661	0.299535	0.000453729	0.297314	0.0388362	0.00192837	0.000122265	0.000288556	0.00141771	0.00259024	0.0115703	0.27847	0.0020481	0.00219073
166	0.00515407	0.00261098	0.00978845	0.00203628	0.0562283	0.00239444	0.00187334	0.00307642	0.00711261	0.0109878	0.00286371	0.00252084	0.00115112	0.0023888	0.00227985	0.0145031	0.00487523	0.0192857	0.833793	0.0150755
167	0.0126314	0.0047712	0.05243	0.0103768	0.0130096	0.0284276	0.00596543	0.0107439	0.00963781	0.00385458	0.00320001	0.207728	0.0128714	0.00291571	0.00275573	0.425666	0.186159	0.00458564	0.000642744	0.00162715
168	0.0417927	0.0263825	0.000832366	0.0104263	0.0117239	0.00523031	0.00276657	0.238917	0.0236331	0.22273	0.101548	0.00357102	0.0163224	0.0219081	0.0196243	0.0266362	0.0653139	0.157762	0.000505766	0.00237499
169	0.10495	0.186563	0.00463256	0.00591427	0.00853738	0.0389281	0.00571959	0.055895	0.00633011	0.0224528	0.0170153	0.0345446	0.0059566	0.00687578	0.00713121	0.254501	0.0556837	0.169007	0.00434315	0.00501773
170	0.0101731	0.00813841	0.000162913	0.000392314	0.0312615	0.000300128	0.00171759	0.311352	0.00038923	0.358266	0.041029	0.00144505	0.000115453	0.000342111	0.00294553	0.00335859	0.00831671	0.21651	0.00127998	0.00250435
171	0.0709394	0.0189291	0.0218076	0.0293612	0.00434569	0.0230681	0.0488171	0.0248375	0.166024	0.0332617	0.0144076	0.0714659	0.0017246	0.0788436	0.194798	0.0815211	0.0853529	0.0216986	0.000378962	0.00841715
172	0.0048715	0.00346986	0.0103196	0.00519489	0.00448644	0.00720816	0.00200599	0.00662721	0.00494623	0.00226036	0.00120327	0.0451882	0.00488556	0.00148395	0.00429534	0.460798	0.420408	0.00938829	0.000269835	0.000689289
173	0.0156722	0.00883346	0.000154738	0.000501048	0.0367582	0.000306017	0.000915087	0.299863	0.000456106	0.298114	0.0389858	0.00192055	0.000129075	0.00029083	0.00145422	0.00263076	0.0115556	0.277274	0.00200011	0.00218472
174	0.244762	0.0755464	0.00232943	0.00321632	0.00700949	0.113435	0.0041543	0.0905313	0.00430748	0.0201446	0.0129832	0.00713501	0.033059	0.00495018	0.00481506	0.140693	0.035835	0.186805	0.00301898	0.00526782
175	0.0256509	0.0136614	0.00123365	0.00540671	0.0237384	0.00436049	0.00605475	0.0953182	0.0108434	0.311576	0.0886133	0.0304232	0.00427603	0.0393948	0.0189577	0.0581985	0.138327	0.105997	0.000919168	0.0170493
176	0.157304	0.368	0.0125894	0.000963479	0.0010616	0.0241052	0.00690139	0.0035317	0.00122112	0.00170099	0.00103568	0.0298132	0.000599101	0.00114027	0.00107072	0.260639	0.100663	0.0224339	0.000296711	0.00493098
177	0.18713	0.126217	0.00130552	0.00162622	0.00796796	0.0625444	0.00232766	0.0577037	0.0021918	0.0333059	0.0254573	0.0102013	0.00480705	0.00344638	0.00171596	0.241471	0.0703903	0.153919	0.00504009	0.0012309
178	0.135861	0.0407442	0.00308619	0.00794619	0.0301548	0.020455	0.00602211	0.0590222	0.0261105	0.0764333	0.0406726	0.028487	0.00177382	0.0319971	0.0180327	0.195148	0.175426	0.095659	0.000872858	0.00609617
179	0.0158765	0.00856821	0.000709707	0.00503975	0.311814	0.00736953	0.00889789	0.12437	0.00381515	0.166213	0.0445115	0.00220903	0.000799616	0.00127889	0.00951173	0.0088447	0.0226729	0.118997	0.0233303	0.11517
180	0.13971	0.0407037	0.000497348	0.00121828	0.019487	0.0143625	0.000477829	0.179455	0.000681649	0.154894	0.00753438	0.000749343	0.000461563	0.00255354	0.000617757	0.0180808	0.0395546	0.374523	0.000304536	0.00413409
181	0.169013	0.0101865	0.00982131	0.0147045	0.0081501	0.0289354	0.0373405	0.0191634	0.0126821	0.0601676	0.0112372	0.0552743	0.255251	0.0197622	0.0170162	0.0620189	0.104773	0.0961849	0.0023878	0.0059297
182	0.0513238	0.0119644	0.0534419	0.0736594	0.0017025	0.0293255	0.0319029	0.0168389	0.197134	0.0287095	0.0143067	0.0694391	0.00407319	0.104725	0.143975	0.0792448	0.0624492	0.0185304	0.0005543	0.00669945
183	0.0441477	0.00238902	0.226881	0.0302366	0.00158632	0.139643	0.0169363	0.00756741	0.0189115	0.00522859	0.00193441	0.30977	0.00958089	0.00263277	0.00852145	0.132715	0.035894	0.00376845	0.000517445	0.00113742
184	0.0380703	0.0190802	0.0246562	0.0319047	0.000393321	0.0147758	0.0259429	0.019398	0.245784	0.0400643	0.0173191	0.0502236	0.00235139	0.0830236	0.218202	0.0730819	0.065383	0.0241232	0.000125565	0.0060976
185	0.147564	0.0424787	0.000434956	0.00106547	0.0180109	0.0149642	0.000430274	0.177794	0.000587462	0.143099	0.00441099	0.000659325	0.000250908	0.00244386	0.00045148	0.0181367	0.0394799	0.383453	0.000156354	0.00412823
186	0.0159414	0.00882606	0.000152924	0.000519344	0.0365315	0.000315379	0.000891644	0.300532	0.000494695	0.29541	0.0386229	0.00194629	0.000203358	0.000299618	0.00150982	0.00265029	0.0117458	0.279178	0.0020292	0.00219924
187	0.142455	0.0361784	0.000339296	0.000977902	0.0167999	0.00980919	0.000385513	0.184843	0.000510391	0.132941	0.00441734	0.000674506	0.000454912	0.00176694	0.000598383	0.0157738	0.0312122	0.415137	0.000177948	0.00454655
188	0.221154	0.0283179	0.0044127	0.0048173	0.00560124	0.533409	0.0047851	0.0152545	0.00397375	0.0155215	0.00182611	0.00698832	0.00330999	0.00374644	0.00482959	0.0742894	0.0322787	0.0338389	0.000355119	0.00129047
189	0.0352291	0.0832505	0.101275	0.0107498	0.0122902	0.0530406	0.0107748	0.0144467	0.0484364	0.0722861	0.0917676	0.0671388	0.0093669	0.0312595	0.0120244	0.083919	0.161088	0.0180912	0.00294693	0.0806187
190	0.0426932	0.00338241	0.0260687	0.176367	0.00277564	0.0133278	0.0132325	0.00474778	0.329301	0.0158655	0.00474667	0.00552744	0.00157858	0.0982375	0.216826	0.00978908	0.007159	0.0250914	0.000681938	0.00260024
