411	20
1	0.0342532	0.0063384	0.000424496	0.000281521	0.0351544	0.00677548	0.00303437	0.292146	0.000519631	0.282673	0.0223194	0.00436251	0.00115599	0.00130228	0.000706739	0.0136208	0.0171908	0.274993	0.00122987	0.00151743
2	0.114869	0.0156828	0.000912888	0.000651023	0.102157	0.0241087	0.00664801	0.169558	0.00265005	0.211919	0.0223016	0.0022579	0.00164139	0.0019267	0.00146867	0.0203236	0.0407302	0.242176	0.00530951	0.0127079
3	0.0492514	0.0160435	0.000642385	0.000445602	0.0876255	0.0123995	0.00313499	0.221988	0.00121782	0.247533	0.0416707	0.00341837	0.00733709	0.00294289	0.00184113	0.0258466	0.0311699	0.22447	0.00247175	0.0185491
4	0.0143064	0.0144014	0.0152289	0.0189644	0.0258276	0.0184365	0.250705	0.0157081	0.0314001	0.0180646	0.00867008	0.194078	0.017086	0.121917	0.0772921	0.0211861	0.0228997	0.0337954	0.00572838	0.0743041
5	0.0581797	0.0170251	0.00083944	0.000363474	0.0842275	0.0161984	0.00175233	0.165567	0.000581364	0.367352	0.0530285	0.00154602	0.00183343	0.00151516	0.000864116	0.0353526	0.0263295	0.164379	0.000789947	0.00227533
6	0.0318001	0.00534701	0.000400679	0.000279701	0.032027	0.00584981	0.00265185	0.314176	0.000521078	0.255421	0.0201803	0.00477287	0.000967775	0.00129526	0.000655675	0.0125343	0.0166731	0.291746	0.00126218	0.00143869
7	0.0065635	0.011392	0.00154293	0.000681087	0.490265	0.00569239	0.0119977	0.0516566	0.00254188	0.154864	0.0230398	0.00466511	0.00114267	0.00623004	0.00246012	0.00918999	0.00921885	0.0291238	0.0158939	0.161839
8	0.0180463	0.00101409	0.00101113	0.000616263	0.0147569	0.00300743	0.00198021	0.443091	0.00128595	0.0982073	0.0115177	0.00463353	0.000625254	0.004249	0.00202206	0.00795173	0.0161799	0.367434	0.00117861	0.00119168
9	0.0251568	0.00687893	0.0370481	0.00753322	0.075358	0.0146629	0.214103	0.0197367	0.0198197	0.0334649	0.0109561	0.130219	0.00829965	0.0773968	0.0287388	0.0362241	0.0216862	0.0282484	0.0183177	0.18615
10	0.00984923	0.00743647	0.00268972	0.000938348	0.509882	0.00485303	0.0155976	0.0353532	0.00469199	0.0945292	0.0101659	0.00729097	0.00185016	0.00623925	0.00472759	0.0107255	0.0125283	0.0187318	0.0174247	0.224495
11	0.0199171	0.00657541	0.011977	0.0217519	0.0120515	0.00755038	0.0418352	0.0457213	0.226654	0.0195611	0.00609224	0.0297052	0.00619405	0.143741	0.151322	0.0867694	0.110579	0.0387588	0.00339414	0.0098496
12	0.133646	0.00188386	0.013838	0.000872099	0.0157358	0.0469041	0.0143152	0.0076374	0.00811496	0.00714205	0.00345534	0.015145	0.00133823	0.00276954	0.0200565	0.611741	0.0899619	0.00399353	0.000492727	0.000957306
13	0.085975	0.00607115	0.0197525	0.0250654	0.034711	0.0137957	0.0156371	0.0219648	0.0120403	0.113012	0.0156877	0.0275883	0.454393	0.0102415	0.00940458	0.0515269	0.0300207	0.0380606	0.0096438	0.00540787
14	0.313324	0.0342858	0.00356479	0.00360235	0.0201959	0.0838143	0.00137162	0.044537	0.00502468	0.0399102	0.0188265	0.0167809	0.0167711	0.00714624	0.00478326	0.19752	0.0979564	0.0821445	0.00144585	0.00699472
15	0.0327865	0.00207514	0.102474	0.0901269	0.0141746	0.0176431	0.0263576	0.00825112	0.147356	0.0150674	0.00674403	0.0730683	0.00224164	0.0935343	0.159815	0.135052	0.0454012	0.0132338	0.0010689	0.0135281
16	0.0201237	0.0125885	0.0242616	0.0561298	0.0188063	0.0130964	0.163119	0.021045	0.104124	0.0331807	0.014881	0.0801001	0.00722783	0.101025	0.200161	0.0340607	0.0270808	0.0265755	0.00620488	0.0362091
17	0.0276431	0.00470802	0.00128124	0.000316045	0.0293336	0.00524383	0.00284742	0.291683	0.000570923	0.302198	0.0380848	0.00390557	0.000998962	0.00149929	0.00145213	0.01134	0.0149783	0.259412	0.00105511	0.00144865
18	0.0212197	0.00264597	0.000619281	0.000410764	0.0363343	0.00376635	0.00207392	0.378465	0.000920374	0.157668	0.0241399	0.00435821	0.000992805	0.00216002	0.00113234	0.0108937	0.0149575	0.332949	0.002196	0.00209603
19	0.0317512	0.00571588	0.000527494	0.00030633	0.0359688	0.0062834	0.00288497	0.302484	0.00057991	0.274581	0.025326	0.00442473	0.00100301	0.00119474	0.000785764	0.0130169	0.0161551	0.273907	0.00143363	0.00167035
20	0.00717684	0.0163734	0.000388087	0.000614668	0.334393	0.00643093	0.00705761	0.115533	0.000623712	0.288489	0.0651233	0.000963521	0.000522682	0.00230082	0.000731186	0.0088465	0.0091084	0.0773101	0.00816327	0.0498497
21	0.046772	0.0134651	0.00466081	0.00203484	0.0294101	0.0239547	0.00936387	0.225254	0.0052663	0.10456	0.0283833	0.0119695	0.00550228	0.0283171	0.00937352	0.072824	0.0692441	0.29666	0.00587916	0.00710488
22	0.0344475	0.00476193	0.307621	0.214804	0.00625681	0.0299528	0.02746	0.00914835	0.0435965	0.0179543	0.0171876	0.0656421	0.00684911	0.062566	0.0363293	0.0554802	0.0307445	0.0167712	0.00286806	0.00955908
23	0.039146	0.001898	0.00660611	0.0055385	0.00489147	0.825562	0.00526911	0.00633115	0.00244447	0.00850864	0.00376522	0.0110012	0.00124524	0.00893651	0.00242315	0.0465312	0.0103224	0.00663946	0.000838829	0.00210124
24	0.0740166	0.0270464	0.00387038	0.0167265	0.0843108	0.0371668	0.0169126	0.109959	0.0156384	0.210099	0.0720461	0.0178017	0.00661482	0.0390229	0.0249969	0.0579558	0.0363454	0.103348	0.0153961	0.0307262
25	0.0655452	0.0110116	0.0326243	0.039854	0.0260734	0.0276222	0.0438648	0.0303832	0.0678441	0.0483146	0.017053	0.0613992	0.0124823	0.0561806	0.146452	0.185335	0.0640244	0.035622	0.00592357	0.0223917
26	0.160103	0.0292217	0.00364594	0.00440286	0.135653	0.0445137	0.0077629	0.0829582	0.00485593	0.0652306	0.0323284	0.013803	0.0352892	0.00987082	0.0105512	0.106096	0.0599787	0.11106	0.00775491	0.0749206
27	0.0375232	0.00275967	0.301404	0.221942	0.00466373	0.026623	0.01624	0.00567647	0.0732787	0.00862584	0.0153333	0.0634325	0.00354256	0.0771354	0.057274	0.0429677	0.0284236	0.00792227	0.00164733	0.00358447
28	0.19456	0.0172717	0.0048907	0.00881054	0.00799842	0.0173536	0.00403195	0.0343794	0.0510294	0.0282014	0.00892981	0.0281317	0.0117623	0.0126601	0.0224794	0.237031	0.252396	0.0526915	0.00177126	0.00361949
29	0.039369	0.0185098	0.000818547	0.000448501	0.159865	0.014217	0.00229722	0.138393	0.000491975	0.368679	0.0710818	0.00132181	0.00117752	0.00137913	0.000726028	0.0329088	0.0223786	0.110442	0.00266083	0.0128344
30	0.00894258	0.00590459	0.00267276	0.000686065	0.534726	0.003912	0.0144812	0.0279518	0.00495781	0.0854455	0.00699182	0.00709234	0.00117743	0.00575431	0.0044918	0.00930562	0.012333	0.0136082	0.0153208	0.234245
31	0.0532528	0.00120597	0.126579	0.223891	0.00205101	0.0329089	0.0197635	0.00267361	0.124368	0.00646258	0.00914104	0.0942619	0.00262246	0.0929034	0.0942998	0.0712188	0.0356047	0.00288142	0.000380409	0.00352998
32	0.0652465	0.00899599	0.0324907	0.0644189	0.0267222	0.0423613	0.0512883	0.023761	0.0688721	0.0537977	0.0363723	0.109452	0.0172575	0.0517311	0.112913	0.0663486	0.0549935	0.0518745	0.00920267	0.0519003
33	0.244043	0.0198287	0.0101807	0.0021383	0.0201907	0.043901	0.00167372	0.0560267	0.00428536	0.0215926	0.0221282	0.0128582	0.040631	0.00598159	0.0036682	0.220707	0.138337	0.122607	0.00423061	0.00499002
34	0.0598395	0.00397571	0.0116222	0.0316064	0.00944824	0.0211073	0.0357751	0.00795117	0.0331027	0.0624931	0.0101606	0.035872	0.531656	0.00482282	0.00564866	0.0842575	0.0172783	0.027621	0.00278309	0.00297796
35	0.00838637	0.00564179	0.00313032	0.000684927	0.528258	0.00411505	0.0168016	0.0264361	0.00446367	0.0801661	0.00769506	0.00704413	0.00112186	0.00619125	0.00430813	0.00966517	0.0115351	0.0130612	0.0168259	0.244468
36	0.0171506	0.00192933	0.00462778	0.000471856	0.0263351	0.00254229	0.00288764	0.245483	0.000772508	0.41728	0.0920351	0.00207888	0.0006288	0.00222598	0.00348473	0.00835541	0.00975247	0.159466	0.00084372	0.00164844
37	0.036802	0.00123777	0.00607475	0.00491332	0.0030821	0.844302	0.00498542	0.00525113	0.00187058	0.00596465	0.00301193	0.00998914	0.0010915	0.00847474	0.00181772	0.0441151	0.00929871	0.00551022	0.000741135	0.00146611
38	0.164001	0.0382158	0.0037044	0.00380545	0.00958411	0.00997599	0.00485555	0.0729103	0.0652636	0.0839793	0.0143034	0.0498608	0.00328074	0.00890292	0.0975391	0.0974123	0.131232	0.134636	0.00225298	0.00428345
39	0.0325527	0.0105181	0.00503172	0.00429552	0.299494	0.0103234	0.022157	0.0467954	0.00577639	0.0627061	0.00740146	0.013748	0.00404421	0.0136936	0.00847945	0.0257315	0.0169293	0.0341315	0.201329	0.174862
40	0.0384081	0.00155814	0.00680319	0.00583216	0.00405949	0.826769	0.00522979	0.00754567	0.00250914	0.00805809	0.00364432	0.0104124	0.00165759	0.00895152	0.00267723	0.0448771	0.0105553	0.00743251	0.00111698	0.00190214
41	0.0155224	0.000485348	0.000424493	0.000463194	0.0146914	0.00164834	0.000701163	0.459887	0.000871679	0.104159	0.0115001	0.00417872	0.000494061	0.0016955	0.000897663	0.00580442	0.0129085	0.361364	0.0011593	0.00114409
42	0.0878021	0.0469575	0.0137838	0.0264853	0.0379878	0.0301412	0.0329953	0.0636313	0.0247666	0.116735	0.044753	0.0308949	0.0147596	0.0656318	0.0368323	0.146752	0.0646468	0.07776	0.00823373	0.0284508
43	0.00951434	0.013756	0.01033	0.0235921	0.0165737	0.0152214	0.271333	0.0111257	0.0629828	0.015588	0.00868769	0.161057	0.0133937	0.0950897	0.140596	0.012441	0.0204771	0.0358476	0.0037095	0.0586834
44	0.261642	0.0387604	0.00534992	0.00639381	0.0123257	0.0578511	0.00434379	0.0291814	0.0108943	0.0254142	0.0123259	0.0255108	0.0609238	0.010317	0.00605529	0.216106	0.144552	0.0652071	0.0011869	0.00565801
45	0.0257107	0.0423353	0.0529768	0.0911842	0.0119189	0.00773831	0.194436	0.0503028	0.0279595	0.0475439	0.00853882	0.0585476	0.00782251	0.0884405	0.131852	0.0463392	0.0140128	0.0291517	0.00263334	0.060555
46	0.157893	0.0101193	0.00618826	0.00522476	0.0193819	0.0152225	0.00669325	0.0840425	0.0169454	0.0378768	0.0907059	0.0102256	0.123809	0.0106275	0.0117693	0.0561262	0.0815414	0.244145	0.0042287	0.0072338
47	0.0834174	0.0120804	0.0141809	0.0235885	0.0346683	0.0194212	0.0206724	0.0624417	0.0147089	0.0804361	0.0261513	0.0271906	0.354123	0.0134303	0.0137614	0.0628778	0.0474249	0.0693864	0.00581779	0.0142211
48	0.113314	0.01947	0.0176059	0.0192614	0.0324568	0.0334075	0.0192393	0.0646537	0.0278634	0.07215	0.0265037	0.0363774	0.0311517	0.0278584	0.0241948	0.146698	0.184913	0.0805224	0.00574969	0.0166091
49	0.0433401	0.0138826	0.0267716	0.103195	0.0410793	0.0211944	0.053677	0.0612877	0.0442336	0.132545	0.0720337	0.0422432	0.0087912	0.056323	0.0460459	0.054811	0.0427807	0.0887712	0.0129645	0.034029
50	0.13822	0.0132353	0.0124163	0.00600119	0.0118314	0.0355555	0.0115668	0.0158836	0.0178152	0.0148318	0.00805213	0.0222264	0.0115623	0.00991221	0.0158256	0.441501	0.183304	0.0260289	0.00146937	0.00276066
51	0.0456242	0.0152706	0.0139232	0.0411277	0.039161	0.0225365	0.0394995	0.0964465	0.0870538	0.0917273	0.0324916	0.0442804	0.010658	0.0606949	0.144184	0.0460176	0.0548487	0.0762222	0.0100308	0.0282019
52	0.127771	0.0172036	0.00735865	0.0101581	0.025444	0.0279068	0.00798067	0.0337938	0.010399	0.0591607	0.0153756	0.0164662	0.193863	0.0100571	0.00572437	0.18651	0.129681	0.104741	0.00396852	0.00643735
53	0.307273	0.0493077	0.00337708	0.00466189	0.0153261	0.105466	0.00258531	0.0346812	0.00403664	0.0281602	0.0178803	0.0146712	0.0303771	0.00772854	0.0063883	0.213183	0.0899312	0.0567974	0.000918622	0.0072484
54	0.0236609	0.0232366	0.047936	0.0978255	0.0255721	0.013463	0.160168	0.0549615	0.0348202	0.0496522	0.0159492	0.0846267	0.00458117	0.0730392	0.0710771	0.0484564	0.0280863	0.0545562	0.00666551	0.0816664
55	0.0378146	0.0067064	0.00496293	0.00205877	0.0237823	0.0140511	0.00910278	0.317198	0.00410612	0.105681	0.0231192	0.00898093	0.00240444	0.0217242	0.00757498	0.0253308	0.0335282	0.344469	0.00265744	0.00474673
56	0.207286	0.0184076	0.0127819	0.00225012	0.0127887	0.0532572	0.00862202	0.0184981	0.00998329	0.0187284	0.00800064	0.0296598	0.00794409	0.00561611	0.0123717	0.422586	0.115543	0.0319753	0.000611221	0.00308797
57	0.0162723	0.00110871	0.00639806	0.000845477	0.0206159	0.00191445	0.00340755	0.219834	0.00150392	0.443699	0.135387	0.00148142	0.00061017	0.00377972	0.00553306	0.00715381	0.00859773	0.119363	0.000622141	0.00187267
58	0.0340663	0.0191978	0.000772838	0.000495036	0.188877	0.0132317	0.00300676	0.13816	0.000646879	0.346103	0.0727639	0.00143804	0.00120267	0.00151835	0.000754711	0.0277125	0.0214745	0.104758	0.00362042	0.020199
59	0.0602488	0.00404505	0.00575031	0.00484312	0.00609744	0.775311	0.00544179	0.00852864	0.00211814	0.00846105	0.00457414	0.0102517	0.00225604	0.00880739	0.00213502	0.0648877	0.0138958	0.00923695	0.00078122	0.00232887
60	0.0399399	0.00181893	0.00652247	0.00562475	0.00362527	0.829404	0.00529025	0.00646472	0.00222316	0.00692968	0.00315014	0.0103667	0.00126384	0.0089063	0.00218366	0.0462905	0.0104314	0.00697822	0.000756712	0.00182884
61	0.0076242	0.0163399	0.000405093	0.000622975	0.331021	0.00657527	0.00701256	0.115493	0.000622591	0.29138	0.065915	0.000969763	0.000417723	0.00224345	0.00075039	0.00922606	0.00903448	0.0776557	0.00801269	0.0486786
62	0.0278384	0.00622185	0.0369321	0.0069471	0.0821915	0.0142078	0.170255	0.0231387	0.0180863	0.0366481	0.0115855	0.135443	0.00772736	0.0788412	0.0238789	0.0399422	0.0291928	0.027598	0.0256087	0.197716
63	0.0699825	0.00705287	0.0576521	0.127269	0.0139256	0.0284744	0.0315138	0.0172736	0.0356356	0.0476729	0.0134774	0.0525895	0.287962	0.0353513	0.0235742	0.0712082	0.0325436	0.030964	0.00627379	0.00960393
64	0.0367036	0.00791881	0.302383	0.129393	0.0185936	0.0249755	0.0217934	0.0337646	0.0340049	0.0436087	0.0528135	0.0607264	0.0084197	0.0474091	0.0323517	0.0515835	0.0356132	0.0359354	0.00583347	0.0161744
65	0.113929	0.00868064	0.0108804	0.0147921	0.0211669	0.0147667	0.0129377	0.0619318	0.0139823	0.0525501	0.0600729	0.0189761	0.319071	0.0114772	0.00953617	0.055234	0.0494045	0.136444	0.00558023	0.00858578
66	0.168831	0.00372883	0.0131381	0.00101969	0.0140894	0.0526526	0.0133737	0.00746579	0.0082974	0.00714869	0.00430655	0.0138243	0.00220181	0.00274167	0.0174848	0.571973	0.0894904	0.00658581	0.00044133	0.00120521
67	0.29021	0.0308559	0.00496486	0.00279215	0.0182168	0.0740738	0.00252885	0.0468605	0.00740733	0.0377764	0.0188807	0.0217215	0.0183286	0.00719009	0.0066837	0.230899	0.101809	0.0708235	0.00148459	0.00649354
68	0.0483542	0.00374925	0.0329778	0.0338595	0.00816652	0.593257	0.0300723	0.00966934	0.00870958	0.0156927	0.00628124	0.026446	0.00594494	0.0350987	0.00879504	0.0860953	0.0242062	0.0107649	0.00246654	0.00939266
69	0.0417922	0.0135575	0.00960788	0.0140939	0.164226	0.0162432	0.0200289	0.0796371	0.0154683	0.154851	0.0343693	0.0187065	0.0186878	0.0221185	0.0184597	0.0381953	0.0324647	0.0696445	0.139811	0.0780365
70	0.0855455	0.0328457	0.00554861	0.0525633	0.00848953	0.0122727	0.0146258	0.0254606	0.222781	0.0413224	0.00923066	0.019148	0.00837958	0.198821	0.041607	0.0800734	0.10138	0.030739	0.00314066	0.00602581
71	0.0565031	0.00304045	0.0712942	0.167149	0.00354247	0.0325779	0.0584209	0.0189138	0.0725244	0.0402441	0.019406	0.0658993	0.00821379	0.0636044	0.0465404	0.107539	0.069556	0.0574135	0.00674008	0.0308769
72	0.0266752	0.0117286	0.0244447	0.0178398	0.0216049	0.0234827	0.202491	0.0150962	0.0214773	0.0306242	0.0097822	0.205828	0.0686318	0.0634685	0.0465945	0.0605819	0.0698333	0.0329473	0.00457716	0.0422913
73	0.0125136	0.0112339	0.00258042	0.00155244	0.465722	0.00686421	0.0137676	0.0551406	0.00410913	0.123107	0.0199241	0.00663085	0.00356309	0.00623959	0.0055947	0.0120335	0.0147996	0.0336771	0.0160566	0.18489
74	0.043672	0.0048165	0.299239	0.137353	0.0100899	0.0320033	0.0287349	0.0150514	0.0387206	0.0276483	0.0183616	0.0977819	0.0101059	0.0518079	0.030746	0.0770802	0.0316174	0.0211311	0.00370799	0.020331
75	0.100166	0.00436647	0.0182714	0.00997174	0.0157537	0.0348678	0.0379124	0.0128039	0.0447246	0.0152337	0.00635074	0.0297499	0.00405898	0.0260976	0.0551871	0.46085	0.0995153	0.0146559	0.00188125	0.00758147
76	0.040932	0.0100765	0.000415119	0.000282106	0.039503	0.00845264	0.00309852	0.268694	0.00065187	0.282541	0.0260127	0.00424612	0.00181698	0.00222011	0.000946829	0.0193233	0.0225136	0.264477	0.00142665	0.00237045
77	0.00911323	0.0148125	0.000710283	0.000674198	0.369447	0.00636856	0.00854598	0.0991909	0.00140115	0.256721	0.0528217	0.00207341	0.000870626	0.00344974	0.00207555	0.00926149	0.00978316	0.0666694	0.00951467	0.076495
78	0.0579601	0.00311313	0.170802	0.0508513	0.00589072	0.0155358	0.0213712	0.00772623	0.0460944	0.0241316	0.00874028	0.342244	0.011163	0.0260607	0.0266814	0.126155	0.0159954	0.0155305	0.00175404	0.0221996
79	0.0125424	0.00317285	0.0113856	0.0651892	0.00483283	0.00563685	0.115837	0.00851695	0.165755	0.00842451	0.0138941	0.0487947	0.00201354	0.200735	0.265002	0.0142459	0.0194553	0.00865073	0.00824738	0.017668
80	0.19752	0.0417723	0.00613457	0.00617943	0.0156722	0.0466709	0.00372404	0.0408849	0.01706	0.0365609	0.0155797	0.0277497	0.0225932	0.0153805	0.00893739	0.234294	0.169434	0.0856839	0.00258438	0.00558321
81	0.0212694	0.00464988	0.0395745	0.00510877	0.0343451	0.00849894	0.0434866	0.0155406	0.131648	0.0332151	0.00614773	0.0558458	0.00289784	0.0964887	0.2211	0.160061	0.0607063	0.0260905	0.0027918	0.0305328
82	0.304289	0.0303527	0.00400533	0.0022717	0.0108174	0.0700654	0.0013999	0.0272204	0.00610698	0.0177836	0.0149718	0.0140663	0.017493	0.00528709	0.00566003	0.272124	0.127969	0.0616658	0.0010253	0.0054257
83	0.0141598	0.0119889	0.00158616	0.00100393	0.399357	0.00619146	0.00910874	0.0650945	0.00270544	0.123958	0.0201952	0.00596149	0.00209054	0.0046593	0.00290702	0.0112267	0.0132471	0.0371014	0.117059	0.150397
84	0.328923	0.0369204	0.00217314	0.00365904	0.0215996	0.101812	0.000655902	0.0438623	0.00353811	0.0387528	0.0212185	0.0147078	0.015254	0.00608422	0.00380755	0.20325	0.0824147	0.0626157	0.000796548	0.00795519
85	0.0180379	0.00968655	0.00228747	0.00143607	0.39781	0.00612991	0.00985775	0.0416937	0.00354144	0.0749892	0.00678695	0.00877834	0.00150854	0.00569758	0.00358959	0.0135583	0.0113144	0.0214125	0.181312	0.180571
86	0.190239	0.0237322	0.00439043	0.00574142	0.0523145	0.198928	0.00535095	0.0672753	0.0066571	0.0800418	0.0381667	0.0138865	0.0105672	0.011836	0.00800585	0.118189	0.0676214	0.0798841	0.00467161	0.0125015
87	0.0952513	0.00256841	0.124227	0.112523	0.00322037	0.0673206	0.0624586	0.00426183	0.0142123	0.032558	0.00509432	0.0795594	0.0233202	0.0659032	0.0131771	0.183669	0.0759479	0.0144279	0.00159288	0.0187067
88	0.0680788	0.00472395	0.054717	0.143584	0.00717692	0.0277385	0.0406302	0.0152949	0.103258	0.0327413	0.0165438	0.0738607	0.0562303	0.0576093	0.0573884	0.102674	0.0641813	0.0378224	0.00747104	0.0282755
89	0.0633884	0.00331611	0.118028	0.161191	0.00485365	0.0513472	0.0564195	0.0139071	0.0414505	0.0423885	0.0134758	0.0621727	0.0120334	0.0623043	0.0313118	0.129353	0.0584819	0.04085	0.00417107	0.0295559
90	0.0206395	0.00189737	0.000468251	0.000463908	0.0205243	0.00304683	0.00135821	0.415728	0.000891258	0.147261	0.0161366	0.00416003	0.000672187	0.00161557	0.000946264	0.0083924	0.0137295	0.339311	0.0014044	0.00135322
91	0.0528801	0.0089402	0.00106922	0.000401393	0.0468768	0.0114182	0.00659002	0.249539	0.00107378	0.246273	0.0209047	0.00463634	0.00167333	0.00311687	0.0016478	0.0185715	0.0243704	0.295077	0.00163739	0.00330228
92	0.0512341	0.00361877	0.0137529	0.0414176	0.00829977	0.0233076	0.0475284	0.0077804	0.0365509	0.0656257	0.0129234	0.0478733	0.467158	0.00775061	0.00702617	0.110047	0.019295	0.0222309	0.00248647	0.00409296
93	0.034267	0.0113271	0.00536616	0.00673199	0.0345649	0.0104441	0.00855545	0.218123	0.0104341	0.271354	0.106242	0.0088913	0.00461528	0.019572	0.0299452	0.0377235	0.0303909	0.12079	0.00792074	0.0227416
94	0.0129771	0.0112757	0.00172635	0.00124529	0.44337	0.00700628	0.011365	0.0658002	0.00383924	0.170569	0.0292219	0.00482843	0.00156761	0.00574864	0.00390938	0.0119975	0.0123754	0.0437023	0.0129881	0.144486
95	0.140663	0.0364897	0.00364027	0.0404629	0.00700468	0.011449	0.00534122	0.0153421	0.0878488	0.0161833	0.010287	0.0146401	0.0265913	0.0596802	0.0091643	0.254658	0.19887	0.0543537	0.00210602	0.0052242
96	0.0480742	0.00281571	0.00318643	0.150599	0.0458096	0.0156453	0.0254223	0.0426095	0.146294	0.0594342	0.00413791	0.0676152	0.00241032	0.0987711	0.168522	0.00768979	0.0406655	0.0634888	0.00225782	0.00455191
97	0.0502128	0.0218512	0.00501149	0.0232381	0.0833095	0.0203668	0.0220491	0.102774	0.0207308	0.233143	0.0956296	0.0196121	0.00645571	0.0440976	0.0315918	0.0432076	0.0273071	0.0927954	0.0177558	0.0388598
98	0.059445	0.00219769	0.230831	0.162268	0.00370046	0.0462829	0.037825	0.00593982	0.0444451	0.0223497	0.0115417	0.0749704	0.0128941	0.0660839	0.0349614	0.111951	0.0444117	0.0137629	0.00184736	0.0122922
99	0.0444865	0.00441214	0.0476591	0.166473	0.00512772	0.0190204	0.0597079	0.029377	0.0841002	0.0429178	0.022751	0.0681413	0.00483917	0.0660987	0.0566214	0.0835267	0.0788934	0.0735342	0.00629371	0.0360188
100	0.0221259	0.0134645	0.00435122	0.00502693	0.360293	0.00951653	0.0166069	0.0413843	0.0061311	0.0794546	0.0099647	0.0177394	0.00239363	0.0115535	0.00784157	0.020888	0.0144265	0.0246148	0.157835	0.174388
101	0.282779	0.025867	0.00346942	0.00223898	0.0165489	0.0540254	0.00148786	0.0513943	0.0131491	0.0437401	0.0163949	0.0337048	0.0134744	0.00676857	0.00840489	0.18732	0.129108	0.103537	0.00198333	0.00460388
102	0.00704386	0.0114862	0.00153232	0.000629993	0.483147	0.0054289	0.0118863	0.055325	0.00256327	0.157808	0.0244798	0.00455411	0.00113362	0.00536338	0.00264831	0.00884941	0.0093149	0.0323579	0.0153084	0.15914
103	0.0528279	0.00123095	0.12928	0.224121	0.00206484	0.0326298	0.0195204	0.00268235	0.123731	0.00645124	0.00921493	0.0942903	0.00259651	0.0925129	0.0938316	0.0705011	0.0357171	0.00290572	0.000393963	0.00349601
104	0.0143387	0.00259149	0.0147784	0.0606352	0.00290198	0.00780583	0.145656	0.00709768	0.209055	0.00687828	0.0181139	0.0668845	0.00158594	0.136276	0.249925	0.0141978	0.0153417	0.00708508	0.0064166	0.0124349
105	0.0252154	0.0161713	0.000598818	0.00077149	0.278734	0.00859538	0.00658098	0.122022	0.00115726	0.282338	0.0633756	0.00140158	0.00120112	0.0019141	0.00102705	0.0121521	0.0159249	0.113506	0.00690339	0.0404091
106	0.0272995	0.0034524	0.00504514	0.00190393	0.0164976	0.00583504	0.00352316	0.232715	0.00439184	0.223039	0.0113475	0.0512275	0.00192809	0.00495407	0.00450581	0.0209303	0.0546223	0.318892	0.0017172	0.0061733
107	0.0213489	0.00371575	0.000787463	0.000478897	0.0376872	0.00422348	0.00217076	0.375954	0.00113543	0.162034	0.0263971	0.0047216	0.00101671	0.00248214	0.001368	0.0158354	0.0168868	0.315968	0.00276638	0.00302129
108	0.00740503	0.0163925	0.000380768	0.000614339	0.334132	0.00649473	0.00704006	0.115142	0.000631941	0.288473	0.0650432	0.00095066	0.00055295	0.00226908	0.000740947	0.00906966	0.00901018	0.077635	0.00813175	0.0498905
109	0.00887358	0.0067927	0.00265113	0.00106903	0.519557	0.00435092	0.0153226	0.0318195	0.00461942	0.0952572	0.00898433	0.00680625	0.00156347	0.0058941	0.0051721	0.00989871	0.012394	0.0167227	0.015334	0.226917
110	0.0373084	0.0183662	0.00121838	0.00070428	0.138701	0.0127506	0.00296005	0.156733	0.00101541	0.354061	0.0710695	0.00191222	0.00183509	0.00281917	0.00138799	0.0290029	0.0254048	0.124599	0.00326952	0.0148815
111	0.0161874	0.0130029	0.0230887	0.0118298	0.0377067	0.0160416	0.255028	0.0136782	0.0224405	0.0204075	0.00780109	0.188741	0.0155877	0.099432	0.0612222	0.0230917	0.0221744	0.0335232	0.00872765	0.110289
112	0.00943266	0.0150254	0.000914796	0.0013273	0.359459	0.00685526	0.00919872	0.0980843	0.00190133	0.251597	0.0557382	0.0025052	0.00160106	0.00462771	0.0021495	0.0103514	0.010183	0.0665661	0.0137605	0.0787212
113	0.0652841	0.00847473	0.0174143	0.00363497	0.0367282	0.010637	0.00550659	0.173986	0.00539687	0.319983	0.0658062	0.00922862	0.00846882	0.00905995	0.00753449	0.0281575	0.0512727	0.163129	0.00339293	0.00690419
114	0.0771121	0.00150604	0.085824	0.085536	0.00283227	0.347509	0.040092	0.00383591	0.0112094	0.0220026	0.00381681	0.0523629	0.0116682	0.0458005	0.0111962	0.13524	0.0419003	0.00998198	0.000850161	0.00972334
115	0.0565551	0.0305624	0.00249641	0.000672526	0.0234884	0.0123291	0.00108079	0.201455	0.0019151	0.27627	0.0486745	0.00424904	0.0171658	0.0140826	0.00306896	0.0416902	0.0976554	0.151574	0.00318763	0.0118274
116	0.0679522	0.00414644	0.242724	0.119887	0.00887611	0.067217	0.0377634	0.0120032	0.0255139	0.0274172	0.0124852	0.0527742	0.013001	0.0562083	0.0227206	0.129414	0.0628809	0.0216186	0.00285916	0.0125371
117	0.18414	0.0188007	0.00283773	0.00201069	0.0245189	0.0458831	0.00239873	0.0868917	0.0109773	0.0776013	0.0325684	0.0219517	0.0159317	0.00992995	0.00764831	0.172165	0.142793	0.131734	0.00504715	0.00417007
118	0.280098	0.0211237	0.00331378	0.0019043	0.0126588	0.0441554	0.00111567	0.0447761	0.0198645	0.0503351	0.0154569	0.0438599	0.00755235	0.00714129	0.00968993	0.19495	0.15021	0.0873039	0.00112819	0.00336185
119	0.150091	0.0152451	0.0263423	0.0432549	0.0118908	0.330798	0.0158258	0.0230352	0.0134459	0.0254495	0.0125165	0.0245655	0.0108981	0.023624	0.0113905	0.142524	0.0658439	0.041903	0.00212458	0.00923111
120	0.0558823	0.0089208	0.0181329	0.0275826	0.0190493	0.0214767	0.0880156	0.0180512	0.0258043	0.0622558	0.0167941	0.0564435	0.360325	0.0183996	0.0176838	0.0731197	0.0605413	0.0355323	0.0049521	0.0110375
121	0.323489	0.0308983	0.00225382	0.00286148	0.0184363	0.0876954	0.000696014	0.0434445	0.00881363	0.0397823	0.0177296	0.0234589	0.0123601	0.00606681	0.00651577	0.199291	0.0986348	0.0705502	0.000859056	0.00616285
122	0.0342483	0.00242287	0.0577672	0.00505312	0.0951049	0.0150934	0.161398	0.0229892	0.0229242	0.0447222	0.0165729	0.092025	0.00311686	0.0691064	0.0118983	0.0523513	0.0227415	0.0219999	0.0213721	0.227093
123	0.0180883	0.00608936	0.00957254	0.0332119	0.00631152	0.0226525	0.0962978	0.0131777	0.381324	0.0139882	0.0258099	0.071137	0.00387089	0.0669049	0.16074	0.0154498	0.025737	0.016249	0.00489673	0.00849053
124	0.128313	0.0118993	0.0201553	0.0281582	0.0147901	0.0403284	0.0165574	0.016262	0.0139731	0.0525675	0.00971575	0.0312013	0.43357	0.00911736	0.00712311	0.0865396	0.0368709	0.0344213	0.00460151	0.00383429
125	0.0345425	0.00238162	0.0600763	0.00497506	0.0891233	0.0171949	0.160541	0.0230393	0.0223916	0.0480145	0.0186081	0.0964404	0.0028675	0.0720902	0.0112272	0.0550808	0.022233	0.0196187	0.0195514	0.220002
126	0.126378	0.00250087	0.0441931	0.0232512	0.0125302	0.0566108	0.0256224	0.00585594	0.0077963	0.0134763	0.00299884	0.0333931	0.00564584	0.0161047	0.0159114	0.510065	0.0879585	0.0054888	0.000563765	0.00365471
127	0.0332404	0.00567027	0.135863	0.320116	0.013095	0.0335219	0.0193371	0.0170783	0.0872377	0.0182711	0.0144192	0.086884	0.0101908	0.0814778	0.0481069	0.029576	0.0203289	0.0164969	0.00421364	0.00487493
128	0.0251912	0.0251115	0.00356563	0.00482594	0.374666	0.0138535	0.0170677	0.0577937	0.00734428	0.0930209	0.0218285	0.0114196	0.00919389	0.011374	0.0102697	0.0329465	0.0232424	0.0467339	0.0225701	0.187981
129	0.0398981	0.0261203	0.00482336	0.0168015	0.107421	0.0193661	0.047984	0.0812019	0.0400898	0.123383	0.0329381	0.0255117	0.00647071	0.077955	0.0828475	0.0312486	0.0521243	0.110143	0.012843	0.0608288
130	0.0396529	0.0039967	0.148001	0.298494	0.00443352	0.0277896	0.0268151	0.00543145	0.0918651	0.00804987	0.0124926	0.0997605	0.00329344	0.0746655	0.0717112	0.0437131	0.0252342	0.00773799	0.00151843	0.00534386
131	0.13366	0.018793	0.0124919	0.0140061	0.0106531	0.0209373	0.0115107	0.0329374	0.0471769	0.0359323	0.0193923	0.0867857	0.0144944	0.0199073	0.0165469	0.22142	0.19901	0.0762862	0.00224866	0.00581047
132	0.0304222	0.00668984	0.000930274	0.000420525	0.0318863	0.00658541	0.00222419	0.311321	0.00107607	0.26101	0.0372876	0.00397648	0.00192634	0.00241214	0.00154779	0.0156014	0.0221708	0.257759	0.00184136	0.00291124
133	0.0537731	0.00313835	0.00295954	0.104138	0.0194269	0.0215946	0.0222497	0.0617687	0.229058	0.0428962	0.00434983	0.0649496	0.00307652	0.113177	0.155343	0.00967155	0.0418071	0.0415859	0.00198592	0.00305079
134	0.0273267	0.00467338	0.00371716	0.00500522	0.0421237	0.0071256	0.00617072	0.104551	0.0558886	0.136153	0.00893274	0.076309	0.00308236	0.0413253	0.0270877	0.0278515	0.0626239	0.232805	0.00244085	0.124806
135	0.0529468	0.0168128	0.00841162	0.00138659	0.0311864	0.0121261	0.00314656	0.219592	0.00397612	0.226333	0.0338653	0.0141376	0.00776667	0.00886206	0.00431599	0.0343596	0.10381	0.203704	0.00394697	0.00931494
136	0.0481974	0.0033232	0.194261	0.238379	0.00583711	0.045492	0.0328573	0.00817475	0.054855	0.0188767	0.0124944	0.0708787	0.00898512	0.0755237	0.040808	0.0782437	0.0359827	0.0148048	0.00292554	0.00909945
137	0.0522173	0.00125697	0.123421	0.217437	0.00188925	0.0324574	0.0230561	0.00321972	0.130352	0.00646558	0.00948875	0.092872	0.00226267	0.093164	0.0998568	0.0693324	0.0345209	0.00278202	0.000560193	0.00338738
138	0.0325479	0.00450897	0.00680277	0.108387	0.0369447	0.0695776	0.0159047	0.0798379	0.127391	0.0847238	0.00866211	0.117642	0.00362801	0.0688939	0.088466	0.0147953	0.0278157	0.0903993	0.00335319	0.00971874
139	0.015508	0.000483875	0.000424803	0.000462181	0.0146717	0.00164602	0.000699717	0.460022	0.000869527	0.103974	0.0114906	0.00418671	0.000493202	0.00171943	0.000897639	0.0057938	0.0129116	0.361446	0.00115922	0.00113986
140	0.0441701	0.0114225	0.00970345	0.0185961	0.0465231	0.0136043	0.019528	0.0954898	0.0283218	0.297379	0.10553	0.0178934	0.0107333	0.0432871	0.0320357	0.0382664	0.0328508	0.0918715	0.0196479	0.0231459
141	0.01369	0.00790042	0.00156964	0.00127118	0.148797	0.00456753	0.00302823	0.321868	0.00200781	0.178505	0.0933814	0.00317325	0.00123952	0.00344567	0.00234867	0.0111363	0.0252757	0.156037	0.0093309	0.0114272
142	0.0172349	0.00944224	0.166896	0.397264	0.0106977	0.0190403	0.0253307	0.0120053	0.0500315	0.0138763	0.0174727	0.103779	0.00492015	0.0594646	0.0383342	0.0117132	0.0130541	0.0192997	0.00581399	0.00432964
143	0.0521186	0.00160867	0.128424	0.230633	0.00202583	0.0323463	0.0206596	0.00268825	0.121649	0.00623027	0.00920035	0.0983889	0.00249995	0.0893223	0.0917123	0.0689189	0.0344678	0.00304234	0.000391183	0.00367182
144	0.0200161	0.00601185	0.00425886	0.00224715	0.408959	0.00518738	0.0206177	0.026428	0.0140294	0.0668346	0.00782462	0.00985288	0.00332573	0.00941625	0.0146386	0.0207171	0.0299276	0.0321776	0.0140373	0.283492
145	0.00916122	0.00539905	0.00292101	0.000733478	0.526181	0.00391237	0.0151393	0.0262261	0.00522815	0.0775107	0.00703188	0.00677481	0.00108436	0.00589726	0.005599	0.010063	0.0135812	0.0135825	0.0154749	0.248499
146	0.160315	0.0224256	0.00684164	0.00738661	0.019122	0.0372483	0.00622404	0.0670988	0.0178595	0.0446571	0.0218393	0.0238315	0.0190938	0.0138785	0.011937	0.246412	0.178116	0.084144	0.00517616	0.00639329
147	0.306457	0.0292515	0.00433528	0.00305472	0.00983159	0.0572962	0.00135822	0.028646	0.00958126	0.0198682	0.0129096	0.0179144	0.0184052	0.00664231	0.00570338	0.254107	0.142776	0.0653543	0.00109949	0.00540834
148	0.00819812	0.00583304	0.00296574	0.000721384	0.516935	0.00456582	0.0179918	0.0250128	0.00422039	0.0761957	0.00839995	0.00662254	0.0012249	0.00718702	0.00419696	0.0111443	0.0110629	0.0130361	0.0191319	0.255353
149	0.0155647	0.000560849	0.000410033	0.000452735	0.0153787	0.00182795	0.000753058	0.454673	0.000851278	0.112861	0.011974	0.00427401	0.000495459	0.00162188	0.000853513	0.00598955	0.0127153	0.356361	0.00120624	0.00117518
150	0.00769993	0.0163371	0.000406029	0.000635136	0.329837	0.00640449	0.00703201	0.115326	0.00065021	0.290763	0.0654841	0.00105423	0.00069874	0.00245027	0.000771353	0.00925513	0.00974925	0.0781536	0.00812868	0.0491639
151	0.142501	0.0158073	0.0240581	0.0157244	0.0162725	0.033122	0.0176876	0.0358395	0.0226522	0.0586543	0.0177805	0.0693621	0.0150968	0.0177486	0.0172135	0.235904	0.170095	0.0620912	0.00318988	0.00919861
152	0.17075	0.00328129	0.0126399	0.000761706	0.0135969	0.0499423	0.0125825	0.0065078	0.00861058	0.00636949	0.00405328	0.0125476	0.00169518	0.00226754	0.0181514	0.58091	0.0883154	0.00546352	0.000423808	0.00113032
153	0.0720416	0.00391591	0.162904	0.0733101	0.00521758	0.0237242	0.0271219	0.00747155	0.0481485	0.0261017	0.00859716	0.265188	0.015283	0.0379795	0.0294235	0.125688	0.0270711	0.0169336	0.00213688	0.021742
154	0.0262621	0.00976038	0.0284717	0.0181946	0.130519	0.0134391	0.145596	0.0423496	0.0179476	0.102938	0.0194466	0.0636191	0.00635661	0.0535451	0.0361969	0.0382113	0.0243018	0.0391289	0.0173079	0.166408
155	0.0399853	0.00175079	0.0060446	0.00505117	0.00335166	0.832053	0.00504556	0.00650626	0.00217874	0.006487	0.00351262	0.0104259	0.00126263	0.0087984	0.00203075	0.0459252	0.0104215	0.00680228	0.000797399	0.00156911
156	0.0314343	0.00417316	0.0172125	0.00345237	0.0322218	0.0077818	0.00589663	0.261968	0.00462009	0.292338	0.169591	0.00535895	0.00267386	0.0108882	0.00812172	0.0153785	0.0204094	0.0976439	0.00358842	0.0052476
157	0.0877273	0.0033474	0.11608	0.0975816	0.00429789	0.0690675	0.0618544	0.00456797	0.0126396	0.0311415	0.00458596	0.0876985	0.0258248	0.056286	0.0127003	0.206649	0.0901165	0.0124931	0.00134413	0.0139965
158	0.059285	0.0019365	0.190133	0.0278164	0.00386128	0.00700477	0.0126348	0.00553912	0.0438997	0.0254365	0.00643875	0.392366	0.00273348	0.0203596	0.0183402	0.131229	0.00855379	0.015284	0.00129943	0.0258487
159	0.0431785	0.0158824	0.00868022	0.0433325	0.100942	0.0288295	0.0257869	0.060931	0.0840793	0.0619859	0.0174129	0.0518769	0.0066493	0.0578757	0.103487	0.0667277	0.0623888	0.0426603	0.0614013	0.0558916
160	0.0384713	0.00186896	0.00790746	0.0063739	0.00342841	0.823581	0.00610013	0.0067376	0.00271723	0.0073106	0.00359978	0.0108345	0.00263853	0.00906025	0.00239684	0.046405	0.010664	0.00721214	0.000781983	0.00191094
161	0.201575	0.0128816	0.0320169	0.0115368	0.0111511	0.0426639	0.0131126	0.0189167	0.0135378	0.0404565	0.00815537	0.0567769	0.00945676	0.0109547	0.0122355	0.352799	0.111118	0.0350812	0.00102755	0.00454594
162	0.0259373	0.0151172	0.0252745	0.0344394	0.0502794	0.0186465	0.223604	0.0296391	0.0353613	0.0482332	0.0154203	0.106658	0.027836	0.0727449	0.0674017	0.0433856	0.0335341	0.0380646	0.00990278	0.0785209
163	0.0403969	0.00187912	0.00603668	0.00513013	0.00431717	0.82891	0.00516259	0.00654829	0.00203594	0.00816941	0.00350794	0.00988347	0.00141981	0.00861432	0.00217035	0.045795	0.0104036	0.00695549	0.000929675	0.00173436
164	0.131964	0.00430853	0.0582259	0.0329791	0.0112456	0.0577544	0.0260617	0.00650809	0.00861457	0.0154977	0.00389215	0.0331507	0.00720259	0.0200486	0.0148234	0.463211	0.0889297	0.0097043	0.000780951	0.00509772
165	0.0523899	0.00232126	0.0626759	0.0471143	0.0057773	0.490871	0.0268835	0.00694147	0.0124776	0.0166507	0.00572396	0.0598353	0.0075066	0.0314475	0.010878	0.107396	0.0309149	0.0107048	0.00136195	0.0101279
166	0.0886583	0.000930671	0.135347	0.136213	0.00169557	0.0775817	0.0641041	0.00261772	0.0139986	0.03473	0.00429965	0.0642447	0.0186877	0.0701163	0.0137374	0.181562	0.0622367	0.0124967	0.00124315	0.0154996
167	0.109049	0.00514817	0.0340755	0.038075	0.0152946	0.0120734	0.00968044	0.00724077	0.00803392	0.0548773	0.00511733	0.0419312	0.542513	0.0102152	0.0101261	0.0419645	0.0201543	0.023654	0.00865573	0.00211954
168	0.0882891	0.00100082	0.132723	0.138874	0.00170968	0.0751395	0.0640434	0.00300017	0.0157053	0.0350605	0.00479885	0.0637291	0.0181476	0.070525	0.0149045	0.178661	0.0622429	0.0141748	0.00139463	0.0158768
169	0.0580942	0.0237975	0.0655133	0.178203	0.0299088	0.0415747	0.0325264	0.0346998	0.0736938	0.0502695	0.0388811	0.0818091	0.00697996	0.060541	0.0489832	0.0551051	0.0386247	0.0440679	0.0110145	0.0257126
170	0.0536965	0.0115868	0.00486425	0.00436401	0.0243871	0.0147567	0.00856253	0.156414	0.0264252	0.135996	0.0447351	0.0177577	0.00640216	0.0159239	0.0389512	0.0437255	0.0967944	0.276518	0.00510293	0.0130355
171	0.0177436	0.00859463	0.15029	0.365818	0.016267	0.0200061	0.0260803	0.0206642	0.0471747	0.026662	0.0222206	0.0841424	0.00563227	0.0617096	0.0382938	0.018386	0.0185598	0.032133	0.0107427	0.00887947
172	0.277648	0.0372726	0.00429662	0.00337548	0.0138944	0.0587307	0.00156514	0.0400303	0.0119719	0.0324216	0.0175909	0.0225659	0.0186047	0.0093864	0.00715428	0.211581	0.137798	0.0871503	0.00153065	0.00543076
173	0.0979903	0.00647658	0.024206	0.0325089	0.0140978	0.0152242	0.0155058	0.0106808	0.0133937	0.0544593	0.00852623	0.035635	0.543423	0.00725768	0.00759366	0.0521373	0.0230896	0.0288587	0.00585925	0.00307602
174	0.00704422	0.0163352	0.000414777	0.000629416	0.334948	0.00641325	0.00707754	0.115262	0.000627213	0.289627	0.0648916	0.000938851	0.000453078	0.00229392	0.000770303	0.00875207	0.0088326	0.0767732	0.00817084	0.0497448
175	0.0163355	0.000853511	0.000383264	0.000382276	0.0193593	0.00230643	0.000933017	0.43367	0.000719198	0.13269	0.0139787	0.00445473	0.000507522	0.00143336	0.000815921	0.00722306	0.0125097	0.348827	0.00138115	0.0012366
176	0.297756	0.0321958	0.00287742	0.00255711	0.0218614	0.0226147	0.00372831	0.0860119	0.00557469	0.101595	0.0276555	0.00500953	0.00515765	0.00548142	0.00584805	0.0184804	0.0794578	0.268395	0.00312504	0.0046181
177	0.0432928	0.013457	0.00989812	0.0197962	0.162429	0.0212953	0.0229006	0.0702057	0.0190751	0.0916939	0.0247796	0.0239694	0.0101737	0.0250162	0.0246691	0.047607	0.0325381	0.0581732	0.187926	0.0911035
178	0.0401209	0.00191912	0.00739737	0.0062094	0.00403991	0.822069	0.00570856	0.00674082	0.00224739	0.00752216	0.00329181	0.0108497	0.00148343	0.00950499	0.00295743	0.0467811	0.0111367	0.0071649	0.00082741	0.00202783
179	0.215479	0.00947547	0.00985265	0.00125872	0.0121329	0.0572251	0.0106165	0.00895098	0.0125387	0.00846272	0.00648367	0.0116478	0.00397713	0.00311532	0.0179063	0.505575	0.0894944	0.0129701	0.000535653	0.00230145
180	0.0457951	0.00242379	0.00610129	0.00466605	0.00356841	0.813025	0.00510821	0.00602793	0.00188351	0.00652443	0.00318084	0.0102172	0.0016717	0.00822227	0.00214674	0.0575476	0.0126842	0.00689486	0.000740907	0.00156998
181	0.015508	0.000483875	0.000424803	0.000462181	0.0146717	0.00164602	0.000699717	0.460022	0.000869527	0.103974	0.0114906	0.00418671	0.000493202	0.00171943	0.000897639	0.0057938	0.0129116	0.361446	0.00115922	0.00113986
182	0.0685744	0.0155589	0.029225	0.0601542	0.0266163	0.0290445	0.0423286	0.0401235	0.0697957	0.053246	0.0240908	0.0494483	0.0139834	0.163681	0.0600171	0.0795525	0.098186	0.0499372	0.00712908	0.0193079
183	0.270905	0.0301347	0.00331936	0.00272039	0.0198173	0.0740034	0.00124442	0.0689238	0.00481899	0.0332556	0.0179052	0.0239646	0.0273238	0.0104696	0.00444863	0.188953	0.112605	0.0972782	0.00211305	0.00579663
184	0.0637769	0.00560898	0.119636	0.114372	0.0113883	0.0494808	0.0812243	0.0124722	0.035545	0.0331471	0.0087888	0.0721134	0.0124618	0.093474	0.0405729	0.135886	0.0494116	0.0184355	0.00351758	0.0386872
185	0.0286659	0.00476466	0.000359311	0.000283442	0.0307692	0.00597109	0.00235369	0.329148	0.000559849	0.256341	0.0209374	0.00481677	0.000910138	0.00116299	0.000661073	0.0121091	0.0155421	0.28154	0.00146473	0.00163913
186	0.26504	0.0373017	0.00475744	0.00626516	0.00832168	0.0510144	0.00260249	0.023253	0.01517	0.0144487	0.0101759	0.0186055	0.0264338	0.0109467	0.00622728	0.256687	0.1806	0.055746	0.00110986	0.00529333
187	0.28253	0.0292799	0.00533294	0.0042064	0.0139953	0.0626803	0.0017644	0.0288758	0.00388744	0.0281266	0.013365	0.0137685	0.102794	0.00539983	0.00397027	0.211387	0.111532	0.0698103	0.00141444	0.0058784
188	0.0371607	0.0115256	0.0053765	0.00502097	0.0883016	0.0131037	0.00870058	0.160315	0.00526798	0.356187	0.074047	0.00666504	0.00607447	0.0088749	0.00829895	0.027635	0.0290141	0.127735	0.00493429	0.0157607
189	0.073111	0.00990992	0.00364565	0.00238837	0.0355545	0.0214707	0.00331037	0.3264	0.00566884	0.0996803	0.178939	0.00589213	0.00353571	0.0141805	0.00420262	0.0239191	0.0371434	0.139645	0.00457667	0.00682576
190	0.184087	0.00401878	0.011412	0.00081842	0.0126275	0.0496141	0.0120487	0.00623452	0.00908845	0.00576637	0.00448702	0.011408	0.0022734	0.00247163	0.0173098	0.565728	0.092452	0.00642599	0.000438305	0.00128982
191	0.326165	0.0354979	0.00347879	0.00250252	0.0132132	0.0753426	0.000666055	0.0349697	0.00470727	0.0240242	0.0160779	0.0157453	0.0180451	0.00576806	0.00463903	0.227458	0.11223	0.0693726	0.000887084	0.0092098
192	0.0341019	0.00927372	0.00261036	0.000794551	0.0555265	0.00805683	0.00349104	0.231741	0.00138581	0.339981	0.0592888	0.00307827	0.00319463	0.00341178	0.00293842	0.0191763	0.0252833	0.188389	0.00213337	0.00614392
193	0.0294574	0.00491219	0.000385361	0.000261655	0.0303876	0.00634572	0.00240245	0.332692	0.000549995	0.255712	0.0205345	0.0048118	0.000831677	0.00113357	0.000667007	0.0121469	0.0153987	0.278278	0.00143486	0.00165611
