295	20
1	0.162137	0.0174159	0.0830711	0.117625	0.0427565	0.00927636	0.054501	0.0128521	0.0637054	0.0666882	0.040196	0.0214283	0.0123297	0.0424961	0.0454999	0.0838604	0.0218781	0.0336192	0.000505372	0.0681591
2	0.560549	0.037451	0.00150833	0.00189266	0.00747959	0.0253822	0.00520134	0.028593	0.00634319	0.0228414	0.00392111	0.00184227	0.00134914	0.00965846	0.00278943	0.011791	0.100818	0.168483	0.000488942	0.00161648
3	0.0186801	0.00563855	0.00122462	0.00914718	0.00259846	0.00234592	0.0058656	0.0272919	0.389116	0.0417807	0.00589943	0.0105718	0.000478462	0.0170063	0.427814	0.00838087	0.00165924	0.0180906	0.000459336	0.00595093
4	0.136292	0.00502221	0.064556	0.156676	0.000583702	0.0143296	0.0130113	0.00316624	0.185124	0.0137254	0.000834234	0.123959	0.00420693	0.0470768	0.104972	0.0962345	0.0124415	0.0144476	0.000158033	0.00318304
5	0.0125033	0.00425517	0.00144092	0.000683285	0.000470942	0.937101	0.00283351	0.00208366	0.00293118	0.000923443	0.000643622	0.00942814	0.000299218	0.00275427	0.000731992	0.0122815	0.00227696	0.00574876	0.000186207	0.000422521
6	0.0197874	0.00173769	0.00983098	0.0813598	0.0292941	0.00155031	0.0110287	0.29528	0.0964737	0.0835943	0.0102428	0.0446575	0.000838111	0.0287778	0.0756787	0.010949	0.0491203	0.147615	0.000670434	0.001514
7	0.0230359	0.00602088	0.00650571	0.00774581	0.0288846	0.0217027	0.0177119	0.428038	0.00911284	0.120412	0.0143794	0.00129962	0.00621088	0.0063601	0.00236197	0.00204072	0.0735861	0.210946	0.000449374	0.0131953
8	0.0484991	0.0168068	0.0530183	0.0238442	0.00774981	0.0475602	0.00295922	0.0103879	0.0569577	0.00997522	0.0128231	0.0454982	0.213219	0.0200328	0.0682504	0.177651	0.159934	0.0149468	0.000836211	0.00905012
9	0.0857843	0.00114281	0.15834	0.260322	0.00760434	0.0204027	0.00647812	0.0123305	0.102063	0.00257452	0.0016951	0.0257866	0.173295	0.0294542	0.0429649	0.0498093	0.00506452	0.00521915	0.00859162	0.00107699
10	0.0979632	0.00209571	0.0269505	0.567923	0.0094433	0.00412836	0.0126327	0.0151415	0.0138056	0.0242047	0.0165883	0.00776758	0.00104969	0.119673	0.0107411	0.0145202	0.0111739	0.0333423	0.00842255	0.00243274
11	0.0164077	0.00135708	0.00066174	0.00407602	0.0254586	0.00492265	0.002893	0.298215	0.00681273	0.243615	0.0582915	0.00179216	0.00138735	0.00296589	0.00466528	0.00822986	0.0276241	0.283817	0.00209734	0.00471097
12	0.00626455	0.000712984	0.000498436	0.000693479	0.0146037	0.00113855	0.000481759	0.361051	0.0023767	0.166327	0.0332915	0.000431079	0.00139728	0.00182844	0.000783942	0.00172486	0.00874423	0.396681	0.000236876	0.000732643
13	0.408321	0.00614536	0.00627272	0.110655	0.00565852	0.00753236	0.00563576	0.0891427	0.0649849	0.0633945	0.00773743	0.00610024	0.0028846	0.0595783	0.00736619	0.121106	0.00965465	0.0107639	0.00239043	0.00467554
14	0.1366	0.00474761	0.0703973	0.165223	0.000545522	0.0157939	0.012383	0.00326731	0.175768	0.0123802	0.000586027	0.123527	0.00464222	0.0438674	0.100641	0.0984094	0.0135894	0.0148893	0.000146633	0.00259543
15	0.0291887	0.00848731	0.00231285	0.000998034	0.000786228	0.903581	0.00307305	0.00351048	0.00315477	0.00181386	0.000692392	0.0094859	0.000708995	0.00297079	0.00101177	0.0156533	0.0046062	0.00689126	0.000204486	0.000868604
16	0.0221469	0.00195811	0.0173687	0.133803	0.00574199	0.00138703	0.0363751	0.00658215	0.215435	0.02192	0.0025057	0.0135729	0.000554973	0.0475706	0.272249	0.0892609	0.0652308	0.00689317	0.007668	0.0317761
17	0.0619864	0.0140163	0.000520892	0.000677908	0.00308566	0.000730649	0.000518737	0.191162	0.000759104	0.0650284	0.083693	0.000382849	0.000291239	0.00066349	0.00301829	0.00286141	0.0289304	0.540995	0.00016566	0.00051297
18	0.0889339	0.0324545	0.00103497	0.00142934	0.00177699	0.00163784	0.000976619	0.116528	0.00136908	0.0172716	0.0290823	0.0010303	0.000762522	0.0011112	0.00368216	0.00358828	0.0284606	0.667525	0.000360358	0.000984948
19	0.00272706	0.0018403	0.000710268	0.000953032	0.00589113	0.000948563	0.000619095	0.705236	0.00110512	0.109528	0.0158673	0.000630546	0.000571642	0.00114174	0.0026429	0.00129732	0.00285773	0.139656	0.000256266	0.00552008
20	0.0161096	0.107063	0.00203376	0.0161242	0.0124914	0.0130626	0.00211172	0.0830197	0.0545784	0.0569192	0.0490695	0.0225731	0.00111718	0.0442733	0.0718169	0.0140728	0.119294	0.290414	0.00087627	0.0229794
21	0.453994	0.0412273	0.00153786	0.00207925	0.00812087	0.355091	0.00155951	0.0384849	0.00224104	0.0236768	0.00194475	0.00127159	0.00884771	0.00276098	0.00191782	0.0113247	0.00616379	0.035895	0.000446425	0.0014151
22	0.0019091	0.00452586	0.000798801	0.00103602	0.00809488	0.000803118	0.000747568	0.774379	0.00118238	0.025969	0.00107832	0.000783775	0.000383587	0.00089447	0.00290464	0.00118758	0.00115578	0.165798	0.000253736	0.00611448
23	0.0149303	0.00426214	0.00220248	0.00117406	0.000524612	0.931839	0.00294056	0.00226252	0.00313051	0.000933257	0.00066588	0.0100503	0.000361318	0.00296866	0.000798047	0.0121805	0.00228193	0.00585616	0.000185794	0.000452
24	0.0804806	0.00251088	0.0366607	0.267637	0.00295345	0.0135401	0.0118141	0.00593809	0.257447	0.0158397	0.00547807	0.01026	0.00297742	0.0784354	0.135114	0.0337742	0.0262936	0.012046	0.000183133	0.000615732
25	0.0247087	0.000739344	0.0826318	0.0542042	0.0113194	0.274147	0.038329	0.00958096	0.130119	0.026066	0.00494187	0.095084	0.0763715	0.0232042	0.0610198	0.0240736	0.0235578	0.00516276	0.00037792	0.0343619
26	0.128848	0.134065	0.0022543	0.00374043	0.0555014	0.00227407	0.00248101	0.0301316	0.00351823	0.390137	0.102262	0.00176999	0.000996774	0.00365626	0.00362293	0.0164251	0.0439571	0.058897	0.00116355	0.0142986
27	0.00498342	0.0298753	0.0115745	0.00320621	0.0208247	0.0112147	0.0224692	0.00335891	0.194058	0.0259797	0.00222587	0.00180287	0.0106839	0.0115479	0.39023	0.123074	0.107636	0.00343949	0.000879408	0.0209362
28	0.0349296	0.0412989	0.00333913	0.00285515	0.00258989	0.0028078	0.00206102	0.0402339	0.00429711	0.00897603	0.0152225	0.00322527	0.00128488	0.0029711	0.00612089	0.0264633	0.370233	0.427496	0.000881127	0.00271342
29	0.0295591	0.00505524	0.00635028	0.0274343	0.00456402	0.00582214	0.0140408	0.0281772	0.365206	0.0373345	0.00675139	0.0132039	0.00102763	0.0224697	0.377044	0.0150326	0.00842627	0.0182289	0.0017826	0.0124884
30	0.0115464	0.00717462	0.00120287	0.00163384	0.00377381	0.00145613	0.00103431	0.332182	0.00511819	0.0338791	0.0096967	0.00110956	0.00060176	0.00132316	0.00145429	0.00205309	0.00364628	0.579029	0.000360791	0.00172373
31	0.0483968	0.00828697	0.0561748	0.0245156	0.00837552	0.0215129	0.0269988	0.0113365	0.0238913	0.0227053	0.00908693	0.350404	0.0103594	0.0396431	0.0182078	0.133027	0.151245	0.013884	0.00319931	0.018749
32	0.408249	0.0280385	0.00146046	0.00182875	0.0105141	0.0224692	0.00563395	0.0652153	0.00655655	0.0404027	0.0121155	0.0024617	0.0011546	0.00471164	0.00238018	0.0278151	0.0851954	0.270697	0.000440689	0.00266037
33	0.0231941	0.00604013	0.0452532	0.0112248	0.00483438	0.0429357	0.0247225	0.0131313	0.0114645	0.0642047	0.017266	0.224919	0.00328711	0.0145999	0.0151689	0.172091	0.281035	0.0123008	0.00180367	0.0105222
34	0.00622161	0.000366821	0.000411696	0.000513864	0.0154427	0.00111698	0.000402484	0.416979	0.000940759	0.226086	0.0402565	0.000382185	0.00170776	0.00210278	0.000612946	0.00169851	0.00883531	0.274807	0.000200245	0.000915289
35	0.0166712	0.00429001	0.00294767	0.00156648	0.000730235	0.924959	0.00347987	0.00249	0.00355915	0.00110963	0.000851698	0.0107476	0.000538919	0.00301366	0.00109862	0.0123344	0.00241766	0.00630471	0.00018314	0.000706236
36	0.286877	0.00905968	0.00110095	0.00142553	0.00414485	0.00644806	0.00127123	0.0746744	0.00164159	0.0357348	0.0227741	0.0142002	0.00135048	0.00133644	0.00153666	0.132129	0.191728	0.208403	0.0003305	0.00383262
37	0.151861	0.0201982	0.0229616	0.0235818	0.0161019	0.0414256	0.0077087	0.0162313	0.0300878	0.036839	0.0243417	0.0198781	0.157334	0.0181166	0.0352529	0.180009	0.118501	0.030433	0.00408735	0.0450493
38	0.0680897	0.0056611	0.0450355	0.0399348	0.00925686	0.087529	0.00237946	0.0115172	0.0681777	0.0112093	0.0169188	0.0333228	0.188473	0.0277511	0.0825852	0.162112	0.11245	0.0157865	0.000798468	0.011012
39	0.110349	0.0201424	0.0231192	0.23514	0.0423737	0.0482471	0.00806625	0.0218371	0.0634447	0.0835342	0.0891704	0.0558386	0.0180774	0.0153442	0.0326409	0.044688	0.031166	0.039635	0.000491558	0.0166938
40	0.052508	0.00347336	0.118316	0.489318	0.00594009	0.0247151	0.0122935	0.0122688	0.054988	0.017502	0.0103842	0.023949	0.00783972	0.079806	0.0303779	0.0178022	0.0152322	0.0134035	0.00217539	0.00770698
41	0.0307186	0.00318859	0.00086184	0.0268695	0.0211239	0.00130208	0.00862636	0.215973	0.0467933	0.255834	0.0747968	0.00559663	0.000347546	0.00342461	0.0281341	0.00800753	0.0182795	0.226434	0.00772118	0.0159671
42	0.0823718	0.00267168	0.0381135	0.267141	0.00230945	0.0126088	0.0112613	0.00540821	0.259653	0.0165703	0.00515385	0.0117359	0.00299767	0.0804942	0.136268	0.0295487	0.0226152	0.0124823	0.000165513	0.000429557
43	0.0601909	0.0123757	0.0260966	0.0869005	0.00832967	0.0223786	0.0206157	0.0255732	0.331965	0.0372242	0.0129024	0.0244596	0.00762936	0.0418506	0.194911	0.028925	0.0191304	0.0236279	0.00289642	0.012017
44	0.335836	0.011545	0.00234731	0.00268917	0.0187984	0.0214238	0.00397607	0.0684574	0.00514652	0.13162	0.0237675	0.00319787	0.00177381	0.0033005	0.0035431	0.0234406	0.0429242	0.290791	0.000959053	0.00446288
45	0.260747	0.0355082	0.00158342	0.0231374	0.0766246	0.00796964	0.100446	0.00225391	0.00677153	0.0619068	0.00824072	0.0632895	0.000691408	0.0016405	0.00255515	0.095711	0.0136308	0.0201611	0.0236813	0.19345
46	0.0121521	0.000730388	0.128177	0.0711747	0.00843954	0.422291	0.0354709	0.00362424	0.0669245	0.0081978	0.00205954	0.123989	0.0257714	0.0287312	0.03075	0.00623782	0.00727675	0.00262481	0.000275411	0.0151013
47	0.557068	0.0313979	0.00128732	0.00145113	0.00574967	0.0132354	0.00436864	0.0356835	0.00501018	0.0149949	0.0059048	0.00211729	0.000755809	0.00551682	0.00224359	0.0284321	0.113539	0.168909	0.000475282	0.0018585
48	0.0118692	0.00176306	0.488189	0.0375825	0.00219206	0.00998023	0.144752	0.00261837	0.0025616	0.00307262	0.00187826	0.239869	0.0154247	0.0164527	0.00208908	0.00457267	0.00974832	0.00323426	0.00045545	0.00169466
49	0.119404	0.0134851	0.00107185	0.0015682	0.00134336	0.00519007	0.00690865	0.00263408	0.00146462	0.00465317	0.00171064	0.0253789	0.000683282	0.00153333	0.00159866	0.268484	0.503975	0.0373572	0.000306693	0.00124977
50	0.0062094	0.00037068	0.000400439	0.000510841	0.0154467	0.00112399	0.00039562	0.416229	0.000951812	0.226093	0.0401661	0.000381869	0.00170947	0.00210779	0.000595569	0.00170065	0.0088481	0.275651	0.000200244	0.000908174
51	0.0516095	0.0209067	0.00869727	0.0222659	0.0375515	0.0150438	0.0144697	0.0974346	0.00905589	0.201749	0.267159	0.0119065	0.00350944	0.0120637	0.00835056	0.0167544	0.103433	0.0786276	0.00511038	0.0143016
52	0.0242762	0.00668199	0.349782	0.20098	0.0225673	0.0201427	0.0247541	0.0424539	0.0218384	0.100093	0.0251757	0.0172749	0.00473047	0.0216085	0.0149698	0.0138129	0.0138961	0.0496785	0.00753585	0.0177476
53	0.0183638	0.0137905	0.00465846	0.00773412	0.0243028	0.00436299	0.00465849	0.132008	0.0084784	0.645862	0.0335621	0.00326366	0.00253747	0.0050544	0.00660508	0.00670157	0.00999794	0.0571329	0.00144888	0.00947684
54	0.242356	0.0228808	0.0093393	0.008207	0.00428127	0.0830701	0.0079054	0.0108381	0.0104361	0.0254881	0.0105667	0.0243509	0.0157798	0.00927455	0.0134532	0.360523	0.119408	0.0153921	0.0012485	0.00520132
55	0.0317634	0.0764296	0.0188793	0.00275965	0.00225438	0.00701397	0.00205462	0.0747361	0.0136655	0.00845466	0.0262663	0.014341	0.0010062	0.00319123	0.003264	0.078107	0.536185	0.0960923	0.000883414	0.00265259
56	0.171552	0.0294281	0.0373008	0.0535194	0.0569462	0.296537	0.0377757	0.0133866	0.0146223	0.0125491	0.00957104	0.00565154	0.0135725	0.0232956	0.0483268	0.0796221	0.0184914	0.0167422	0.0286439	0.0324658
57	0.0234111	0.000763282	0.082579	0.0541145	0.0105661	0.281267	0.0385676	0.00863879	0.129315	0.0244973	0.00470669	0.0933508	0.0788605	0.0225951	0.0600312	0.0243482	0.0243686	0.00551439	0.000381374	0.0321238
58	0.0385172	0.0024941	0.000731157	0.0190825	0.0215924	0.00164921	0.0101171	0.238693	0.0323357	0.247113	0.0623981	0.00597191	0.000423297	0.00352954	0.0219259	0.00903788	0.0249096	0.235348	0.00649509	0.0176348
59	0.126132	0.0163618	0.00231296	0.00284609	0.00941793	0.00341475	0.00178408	0.0321807	0.00318002	0.0161091	0.0560545	0.00198136	0.498771	0.00329209	0.00355737	0.0719609	0.0899531	0.0562405	0.000707758	0.003742
60	0.0144126	0.00129448	0.000765102	0.00127504	0.0423523	0.00258303	0.000856465	0.27698	0.00259574	0.225851	0.0346492	0.000721089	0.00152125	0.00205719	0.00160607	0.00541686	0.02225	0.359727	0.00112296	0.00196308
61	0.0680617	0.0102693	0.0106691	0.0117573	0.00570209	0.696536	0.00714417	0.0122855	0.0125738	0.0100592	0.00616596	0.0171093	0.0101792	0.0079167	0.00944179	0.0428714	0.0393413	0.0154029	0.00193613	0.00457741
62	0.117091	0.0146618	0.00113262	0.00154609	0.00142633	0.00525521	0.00681635	0.00295958	0.00151352	0.00462293	0.00177258	0.0256257	0.000684808	0.00156562	0.00161129	0.267638	0.505228	0.0373002	0.000313595	0.0012348
63	0.0638112	0.0146755	0.00270051	0.00714396	0.0177948	0.00526797	0.00447082	0.177076	0.00846728	0.146587	0.0548368	0.00674825	0.00164075	0.00584195	0.00850922	0.0150822	0.0608168	0.392307	0.00139307	0.00482876
64	0.0386917	0.015982	0.00355268	0.00463353	0.0223628	0.00842453	0.00290724	0.0239497	0.00757845	0.00812259	0.0581645	0.00315251	0.691267	0.00591154	0.00777448	0.030103	0.0440788	0.0188948	0.00102271	0.00342543
65	0.00894346	0.000646205	0.000360511	0.000550734	0.0172401	0.00144671	0.000447013	0.375863	0.0010128	0.221047	0.0406491	0.000370105	0.00200378	0.00248577	0.000667098	0.00246332	0.0150867	0.307605	0.000272775	0.000837839
66	0.0203976	0.00623433	0.00762337	0.0093898	0.188851	0.00889179	0.0239926	0.0160868	0.00865449	0.0289773	0.0144381	0.00972097	0.00217098	0.015967	0.0213382	0.016425	0.0100316	0.0112368	0.0339146	0.545657
67	0.0385131	0.0019096	0.120643	0.464667	0.00288886	0.0403324	0.0277537	0.0049093	0.0354582	0.0122701	0.00429842	0.0174776	0.00347092	0.137157	0.0201784	0.0313767	0.0121315	0.00773841	0.00146104	0.0153646
68	0.363867	0.0126229	0.000709439	0.00105373	0.00573831	0.00473494	0.000803953	0.10001	0.00121589	0.0416128	0.0271658	0.00666756	0.00155722	0.00116061	0.00107843	0.111054	0.0802497	0.233344	0.000287103	0.00506667
69	0.175678	0.00190294	0.0756055	0.27416	0.00437479	0.0405599	0.0126466	0.026838	0.0272153	0.00388354	0.00261356	0.00618787	0.219784	0.00865408	0.0106522	0.0664735	0.00344946	0.0242726	0.0130317	0.00201696
70	0.0324994	0.000615832	0.266832	0.453646	0.000923462	0.030888	0.00447786	0.00137537	0.0628859	0.00491585	0.000901369	0.0310714	0.00477888	0.0621987	0.00611083	0.0154441	0.0121528	0.00658921	0.000242019	0.00145151
71	0.00508737	0.00212663	0.412593	0.225049	0.0314872	0.0229718	0.0301144	0.0555051	0.0128272	0.108721	0.0288436	0.0015383	0.000853636	0.00258461	0.00223654	0.00322902	0.00312365	0.0188582	0.010197	0.0220516
72	0.00543931	0.0151267	0.00111578	0.00145588	0.11004	0.00151043	0.00166521	0.146004	0.00162121	0.431126	0.208174	0.000829728	0.00091521	0.00206933	0.00132302	0.00263161	0.00963659	0.0133957	0.00986684	0.0360535
73	0.0275015	0.00240697	0.00225462	0.00763958	0.396259	0.00257305	0.00327692	0.120694	0.00477727	0.290743	0.0176135	0.00422741	0.00140474	0.00374523	0.0233765	0.00660735	0.00597175	0.0170354	0.0185721	0.0433203
74	0.00963685	0.000822716	0.000464217	0.000666385	0.0210124	0.0018838	0.000793207	0.365025	0.00123876	0.218041	0.0386774	0.000389727	0.00193574	0.00224798	0.000643634	0.00290054	0.0176798	0.314537	0.000338037	0.00106553
75	0.0622639	0.00335968	0.0220667	0.407267	0.00426183	0.00389615	0.0039452	0.0863139	0.0602501	0.0595233	0.00457854	0.00352811	0.00213073	0.0224709	0.211433	0.00555574	0.0056011	0.0087313	0.00125812	0.0215647
76	0.0882857	0.00954366	0.0291809	0.19808	0.00142022	0.0063888	0.0168328	0.00566392	0.295944	0.0231784	0.00883211	0.0194323	0.0013884	0.0842136	0.162358	0.0223065	0.0174733	0.00798742	0.000376105	0.00111509
77	0.00764226	0.00314985	0.00544416	0.00718519	0.00520066	0.00370919	0.555265	0.007682	0.00503191	0.00618141	0.00710732	0.0231277	0.00192787	0.32362	0.00708141	0.0051187	0.00913838	0.00848554	0.001177	0.0067249
78	0.443364	0.14311	0.00313394	0.00433547	0.0321616	0.138491	0.00310761	0.0381393	0.00450534	0.0848549	0.00430535	0.00280436	0.00673197	0.00460953	0.00464722	0.00646935	0.00655466	0.0641593	0.00100829	0.003507
79	0.0828345	0.00304223	0.0368492	0.25949	0.0022061	0.0120712	0.0111923	0.00554084	0.26774	0.0173422	0.0052592	0.011569	0.00293153	0.0814493	0.138331	0.0287257	0.0214097	0.0114681	0.000147989	0.000399985
80	0.0909359	0.00149419	0.123315	0.40186	0.00247415	0.00227041	0.00293525	0.0184511	0.0141229	0.0234387	0.0267384	0.0333007	0.000752917	0.181048	0.00315502	0.0118957	0.0384034	0.0205723	0.00131835	0.00151751
81	0.0165128	0.00343727	0.0806412	0.0472063	0.0059725	0.636574	0.0172528	0.00462926	0.0317529	0.00631094	0.00167774	0.0728587	0.00961542	0.0197934	0.0165598	0.0101763	0.00559925	0.00571129	0.000533972	0.00718461
82	0.057561	0.0131346	0.000458327	0.000702213	0.00300957	0.000531752	0.000514492	0.182791	0.000688357	0.0607617	0.0888294	0.0003846	0.000286894	0.000617058	0.00286449	0.00262892	0.0270373	0.556541	0.000150076	0.000506945
83	0.318973	0.0186276	0.0946337	0.0117502	0.00318504	0.0422223	0.00260516	0.00687801	0.00663608	0.0129336	0.00349724	0.0414707	0.00608941	0.00949886	0.00425375	0.373953	0.0305066	0.00865689	0.000927057	0.00270153
84	0.00801234	0.00250058	0.00273601	0.00351597	0.32839	0.00277604	0.00931486	0.00645377	0.00302386	0.0170392	0.0106784	0.0041871	0.00129605	0.00989353	0.0124615	0.0164158	0.00481737	0.00662002	0.0383559	0.511512
85	0.0178548	0.001971	0.00189123	0.00278862	0.0518634	0.00237033	0.00204126	0.105957	0.00273823	0.0809815	0.502015	0.00211557	0.000866243	0.0146538	0.00313646	0.00317337	0.0261439	0.17495	0.000597515	0.00189025
86	0.32164	0.0249607	0.00756961	0.0117776	0.0101902	0.0675389	0.00855578	0.0342921	0.0115486	0.025431	0.0128571	0.00970302	0.00755304	0.0115315	0.00938932	0.0704797	0.202636	0.14329	0.00211916	0.00693759
87	0.00622393	0.00038181	0.000417698	0.000531849	0.0151168	0.00111846	0.000393353	0.41934	0.000916364	0.225195	0.0399865	0.000375022	0.00170316	0.00209008	0.00061107	0.00171081	0.00891531	0.273796	0.000194514	0.000982795
88	0.0107829	0.00380544	0.0204265	0.015288	0.0168571	0.00690469	0.698078	0.0149746	0.0119753	0.00778902	0.0140506	0.0189276	0.00258287	0.0638142	0.0210395	0.00621542	0.0200055	0.017257	0.00149727	0.0277289
89	0.246502	0.30516	0.00415507	0.00457334	0.00417711	0.00624357	0.00354719	0.0268555	0.00475356	0.00715318	0.00581149	0.00369654	0.019717	0.00505044	0.00517717	0.158841	0.0458253	0.138031	0.00137393	0.00335454
90	0.082986	0.00838845	0.00165275	0.00111325	0.00113506	0.840502	0.00261928	0.00803543	0.00269214	0.00216126	0.000850544	0.0077987	0.00154615	0.0029252	0.000973418	0.0193107	0.00368534	0.0105041	0.000407261	0.000712971
91	0.00892069	0.00056593	0.000356451	0.000511678	0.0172688	0.00146123	0.000453614	0.374334	0.000991658	0.222376	0.0409477	0.000341372	0.0021551	0.00237207	0.000677146	0.0025344	0.0153258	0.307353	0.000269483	0.000783871
92	0.0116222	0.00160433	0.128263	0.0242221	0.00177108	0.0238042	0.00294737	0.00297024	0.0245953	0.0149591	0.00187116	0.29616	0.0010197	0.00483722	0.0169358	0.089711	0.33971	0.00325217	0.000513313	0.00923128
93	0.0208335	0.00067729	0.0959889	0.0667953	0.0103737	0.230301	0.0390602	0.00696375	0.146793	0.0226662	0.00364851	0.0974778	0.0837303	0.0255954	0.0653002	0.0271564	0.0210784	0.00431458	0.000336283	0.0309094
94	0.0426063	0.0103647	0.0177502	0.0342494	0.0115636	0.0154459	0.0197007	0.0296101	0.181232	0.0308441	0.0132397	0.0138232	0.00940539	0.0287346	0.445563	0.0269319	0.0205977	0.0235507	0.00584065	0.0189457
95	0.0373547	0.00241746	0.000852843	0.0203296	0.0210785	0.00161646	0.0110006	0.242884	0.0337818	0.243363	0.0619389	0.00641108	0.000530524	0.00339852	0.0227934	0.0084394	0.0250271	0.231109	0.00657103	0.0191021
96	0.112377	0.0326048	0.0192895	0.0653868	0.00363524	0.0399709	0.00282017	0.0395156	0.00413803	0.152391	0.26522	0.0181613	0.00145266	0.0192684	0.00410018	0.00496255	0.188544	0.0221106	0.00109891	0.00295315
97	0.018598	0.000810898	0.0848712	0.0518911	0.00954155	0.329795	0.0430435	0.00739981	0.118623	0.02067	0.00371141	0.0956721	0.072716	0.0204095	0.0510465	0.0181777	0.0183515	0.00442145	0.000286371	0.0299627
98	0.0534289	0.0182566	0.000510197	0.000785111	0.00326432	0.000678687	0.000473895	0.194589	0.000730214	0.0770236	0.0793043	0.000389285	0.000314085	0.000732394	0.00373765	0.00372484	0.0321334	0.529125	0.0002632	0.000536033
99	0.11082	0.0511188	0.00169898	0.00194329	0.00353812	0.00316242	0.00143751	0.0980083	0.00307411	0.020403	0.0328322	0.00186242	0.00175766	0.0021311	0.00664252	0.0123934	0.0454691	0.599737	0.0004831	0.00148716
100	0.251725	0.0238952	0.0131671	0.0147901	0.00725675	0.050243	0.00670186	0.0147458	0.0138532	0.0192268	0.0098868	0.0241164	0.0108692	0.013155	0.0148864	0.395365	0.0845664	0.0217816	0.00246744	0.00730097
101	0.0269705	0.00453676	0.0106168	0.0469445	0.0108549	0.0101185	0.0587176	0.0268404	0.220699	0.0430161	0.00946021	0.0160768	0.00170002	0.042268	0.321107	0.0321287	0.0242769	0.0150156	0.0284663	0.0501853
102	0.0494618	0.00581502	0.00256025	0.00223934	0.0015224	0.876163	0.00309498	0.00516015	0.00420299	0.00210461	0.00109883	0.0101085	0.00124409	0.00340666	0.00145307	0.0166547	0.00427321	0.00785559	0.00066314	0.000918034
103	0.0167992	0.00445037	0.00179932	0.00124043	0.000776479	0.928439	0.00311282	0.00234512	0.00294148	0.00104051	0.000742018	0.00945858	0.000487666	0.00296772	0.00105819	0.0128183	0.0025071	0.0059553	0.000426071	0.000634224
104	0.388433	0.0253798	0.00518508	0.0031893	0.000633543	0.0629232	0.000542102	0.00249425	0.00365925	0.00826072	0.00121801	0.0075795	0.00202156	0.00605396	0.000773297	0.428918	0.0443955	0.00748115	0.000183905	0.000674965
105	0.00781181	0.00154142	0.00172491	0.00151202	0.10434	0.00151271	0.00768124	0.2865	0.00170764	0.444654	0.0722922	0.00125738	0.00114301	0.00769495	0.00453496	0.0068218	0.00366959	0.0333891	0.00138334	0.00882843
106	0.00978358	0.00279673	0.00354737	0.00454337	0.00383096	0.003997	0.079981	0.268335	0.00474845	0.130547	0.205686	0.00369241	0.00155423	0.00466101	0.00473485	0.0051838	0.197834	0.0597805	0.00128475	0.00347775
107	0.355615	0.0138648	0.00117458	0.00186719	0.0189853	0.0107254	0.00136132	0.124151	0.00187014	0.0547209	0.0380638	0.00447174	0.00197312	0.00191508	0.0018994	0.0967784	0.0735843	0.178155	0.000442814	0.0183807
108	0.289195	0.00677334	0.0419192	0.0682223	0.0076816	0.172364	0.027349	0.0100413	0.0608816	0.00950217	0.00816867	0.00249163	0.0117814	0.0597214	0.0560052	0.0812386	0.0374746	0.0410737	0.00465551	0.00346017
109	0.0166118	0.00370913	0.00374555	0.00600123	0.228874	0.00508422	0.0122733	0.0136179	0.00566915	0.030709	0.054667	0.00444484	0.00227497	0.0127063	0.0156008	0.0131407	0.00644018	0.0104562	0.0526784	0.501295
110	0.00495597	0.0116293	0.00200587	0.0127874	0.011054	0.002223	0.00189355	0.225945	0.0027429	0.0130811	0.671056	0.0017611	0.00106167	0.00270386	0.00279842	0.0224014	0.00354887	0.00365886	0.000613771	0.00207833
111	0.0467137	0.014198	0.0118048	0.0532572	0.0300402	0.00227453	0.0166649	0.136147	0.0285613	0.289669	0.0932683	0.00752995	0.00110809	0.0260971	0.0512104	0.0411187	0.0476048	0.0959586	0.00129622	0.00547699
112	0.0102048	0.000898148	0.169898	0.105631	0.00855338	0.393479	0.0274325	0.00131581	0.0448864	0.00161908	0.00116699	0.153169	0.000948238	0.0455684	0.0226154	0.001464	0.00130254	0.0016083	0.000335891	0.00790322
113	0.0940377	0.0190809	0.0214061	0.175349	0.00127135	0.00449422	0.016264	0.00481595	0.309455	0.0236517	0.00965674	0.0232949	0.00110537	0.0848024	0.167393	0.0201417	0.0155569	0.00624666	0.000496324	0.00147976
114	0.0339814	0.000508984	0.173448	0.523807	0.000784667	0.0292025	0.00647948	0.00271325	0.0504986	0.00753995	0.00280199	0.0344359	0.00513312	0.0824007	0.00972472	0.0121083	0.0154553	0.00628404	0.000293671	0.0023979
115	0.0349699	0.00889391	0.0622491	0.0259202	0.0083061	0.0203844	0.0267793	0.013143	0.0217117	0.0243089	0.00983682	0.371072	0.00857019	0.0380412	0.0178715	0.126061	0.146969	0.0137746	0.00284652	0.0182902
116	0.0333357	0.016792	0.00595079	0.00749618	0.0404115	0.0143631	0.00466399	0.0263026	0.0114939	0.0137162	0.0496303	0.00595454	0.660617	0.00712357	0.0113916	0.0260459	0.0391754	0.0181046	0.00148505	0.00594627
117	0.0272465	0.00150944	0.00160302	0.011773	0.42839	0.00193334	0.00174484	0.0636135	0.00670654	0.205594	0.0361712	0.00549005	0.000862445	0.00196628	0.0224608	0.00684095	0.00710712	0.0277235	0.0169802	0.124283
118	0.0231026	0.00122815	0.00118448	0.0116703	0.393689	0.00142507	0.00319573	0.0636852	0.00633346	0.146946	0.0246859	0.00808321	0.000707247	0.00363244	0.028262	0.0074134	0.00657959	0.0276466	0.0219806	0.218549
119	0.00601335	0.0120285	0.0451515	0.121585	0.0323008	0.0245535	0.289797	0.00365944	0.0356993	0.0149675	0.00241912	0.12314	0.00100716	0.11593	0.0863279	0.0135296	0.00432771	0.00385853	0.000741048	0.0629626
120	0.00451433	0.00178902	0.00204012	0.00239126	0.465607	0.00204614	0.00600214	0.00362048	0.00239274	0.00734414	0.00691261	0.00170933	0.00101783	0.00690824	0.00656489	0.00868768	0.00294644	0.0037061	0.0416002	0.422199
121	0.0235427	0.000670511	0.28468	0.316823	0.00295982	0.131445	0.0125041	0.0013597	0.052522	0.00459726	0.00102269	0.0693298	0.00583091	0.0524837	0.0124257	0.0102933	0.00915969	0.00433942	0.000247579	0.00376332
122	0.016521	0.00202167	0.181888	0.316916	0.00188758	0.0147764	0.0515688	0.00353776	0.0601546	0.0234043	0.00210206	0.0108087	0.000956407	0.130003	0.104106	0.00436053	0.0118567	0.00371891	0.000582355	0.0588291
123	0.00759804	0.000496195	0.000381977	0.000513082	0.0163871	0.00145581	0.00050592	0.375698	0.00100866	0.23487	0.040265	0.000393434	0.00183394	0.00222871	0.000604249	0.00256595	0.0145617	0.297634	0.000243068	0.000755198
124	0.0545565	0.146729	0.00263623	0.00363556	0.0196601	0.00291232	0.00275917	0.0716665	0.00372428	0.521427	0.0441356	0.00229297	0.00146548	0.00405892	0.00337934	0.00728242	0.0307638	0.07015	0.00086759	0.00589756
125	0.0355065	0.00045082	0.204234	0.504722	0.000554203	0.0341	0.00424742	0.00103714	0.0565603	0.0055293	0.000695849	0.0349729	0.00595093	0.0684861	0.0074254	0.0140803	0.0146888	0.00518203	0.000179228	0.00139604
126	0.00483076	0.000505694	0.000620765	0.0007557	0.0108378	0.00123774	0.000878464	0.535036	0.00108641	0.202546	0.0365341	0.000553322	0.00120628	0.00172027	0.00127556	0.00176508	0.00652092	0.188969	0.00022318	0.00289701
127	0.165337	0.193063	0.00209941	0.00247194	0.0674038	0.00313546	0.00195058	0.0187018	0.00284811	0.347579	0.0831789	0.00178977	0.00111286	0.00269086	0.0025917	0.00991056	0.03418	0.0506521	0.000819063	0.00848392
128	0.120813	0.00258496	0.0171871	0.0235566	0.00228218	0.0134427	0.041578	0.00493181	0.365591	0.0601793	0.00285083	0.0161184	0.0010242	0.00377396	0.269706	0.0131407	0.00298491	0.00440723	0.00154428	0.032303
129	0.0821169	0.00269698	0.0366626	0.269401	0.00234012	0.0126261	0.010929	0.00544352	0.261355	0.0163552	0.0050613	0.0109586	0.00320958	0.0796234	0.137172	0.0291464	0.0226807	0.0116148	0.000145543	0.000461388
130	0.00761332	0.00310671	0.00781198	0.0091095	0.0347164	0.00358381	0.58162	0.00970231	0.020444	0.00618841	0.00808186	0.0213275	0.00154266	0.0245101	0.0245468	0.00496669	0.0247663	0.0101194	0.00123736	0.195005
131	0.0276596	0.000575718	0.269003	0.399389	0.00135789	0.0656927	0.0109208	0.00114288	0.049571	0.0055934	0.000993142	0.0563184	0.00541725	0.0648812	0.0104639	0.0123386	0.0116134	0.00436813	0.00025455	0.00244575
132	0.0576201	0.0131168	0.000455538	0.000699796	0.0029986	0.000542623	0.000503721	0.182734	0.00067845	0.0608518	0.089026	0.000382841	0.000278003	0.000620336	0.00287419	0.00264808	0.0271656	0.556145	0.000153192	0.000506152
133	0.0158867	0.0383647	0.00589598	0.00311403	0.00314966	0.00399691	0.00258576	0.0238098	0.0058226	0.00616885	0.00939924	0.00544323	0.00144465	0.0032764	0.00386761	0.0487261	0.533748	0.281356	0.00111284	0.00283098
134	0.0151622	0.000781966	0.000872301	0.00100504	0.0673258	0.00194062	0.00347222	0.278632	0.00163429	0.49815	0.0676809	0.000773686	0.00215978	0.00359812	0.00207875	0.00342785	0.00299992	0.0326934	0.0004361	0.015175
135	0.245773	0.0245901	0.0117494	0.0130716	0.0060824	0.0470235	0.00854049	0.0169398	0.0163932	0.023153	0.0111208	0.0200596	0.0141277	0.0127479	0.0166106	0.387561	0.0835061	0.0310614	0.00280264	0.00708587
136	0.00981056	0.00727995	0.000911883	0.00122577	0.0882855	0.00139668	0.00288858	0.21327	0.00154872	0.465906	0.139153	0.000805448	0.00140773	0.00295359	0.00136079	0.00325122	0.00931777	0.0216833	0.00500888	0.0225342
137	0.204504	0.0118166	0.0019454	0.00197915	0.00317954	0.684461	0.00254762	0.0122572	0.00384389	0.00461187	0.00137284	0.00596491	0.00289639	0.00365047	0.00383522	0.0274871	0.00804895	0.0139214	0.00036333	0.00131407
138	0.0162645	0.00301824	0.595031	0.0256117	0.00342334	0.00732693	0.044743	0.00297507	0.0110992	0.00735658	0.00591842	0.21035	0.00641338	0.0112323	0.0155022	0.0154477	0.00986902	0.00316917	0.00117815	0.00407009
139	0.395185	0.0312631	0.00321919	0.00313624	0.00179658	0.153473	0.000684872	0.00366006	0.00246435	0.00557758	0.00117176	0.00479446	0.00123307	0.00484482	0.000940451	0.337734	0.0395608	0.00836435	0.00024407	0.000652423
140	0.00496953	0.0225925	0.00162065	0.00177061	0.118468	0.00172159	0.00140095	0.0921376	0.00184834	0.42165	0.24554	0.00107368	0.000813611	0.00184712	0.0020659	0.00255718	0.0126449	0.0105416	0.0141022	0.0406336
141	0.0381165	0.0122289	0.0157097	0.0390353	0.0126244	0.0135827	0.0198653	0.0289298	0.191134	0.0344421	0.0139348	0.0127488	0.008273	0.0300883	0.425032	0.028823	0.023053	0.0244331	0.00647878	0.0214665
142	0.135992	0.0171721	0.0143059	0.0123861	0.00820214	0.0250554	0.00232215	0.0218681	0.0189368	0.0174152	0.0341696	0.0112759	0.364923	0.0106169	0.0213744	0.132208	0.100495	0.0430269	0.000831349	0.00742313
143	0.0136532	0.00423146	0.00236688	0.00106241	0.000506351	0.932093	0.0029757	0.00225118	0.00319975	0.00100234	0.000782503	0.0101231	0.00041624	0.0029489	0.000875613	0.0123339	0.00249354	0.00576493	0.000371317	0.000547946
144	0.378713	0.0663589	0.00457812	0.00323207	0.000991093	0.0666067	0.000695033	0.00325652	0.00323361	0.00771149	0.00144567	0.00888383	0.00236456	0.00534739	0.000987801	0.394864	0.0406037	0.00898117	0.000236633	0.000909147
145	0.0193032	0.00717794	0.00594381	0.006592	0.0270072	0.0246112	0.0168571	0.429234	0.0070315	0.129686	0.014479	0.00105495	0.00551385	0.00756611	0.00160825	0.00257016	0.0785114	0.202153	0.000371419	0.0127284
146	0.22888	0.0169974	0.059329	0.114842	0.0302566	0.013298	0.0881279	0.00968575	0.0337594	0.0591537	0.0294476	0.0269262	0.0130318	0.0433015	0.0329527	0.0712205	0.0193804	0.053521	0.000515413	0.0553735
147	0.0197761	0.00488815	0.62491	0.0502998	0.00728152	0.00817083	0.0237495	0.00779643	0.016089	0.012472	0.0088943	0.137259	0.00516211	0.0139004	0.0176894	0.0166255	0.00779331	0.00697336	0.00215558	0.00811418
148	0.361533	0.0168759	0.00844758	0.0154674	0.00216163	0.0471048	0.00218783	0.0064105	0.00469463	0.018732	0.00339813	0.0306828	0.0133978	0.0157546	0.00291108	0.41078	0.0288169	0.00751613	0.000673931	0.00245264
149	0.00917132	0.00381831	0.00341991	0.00454146	0.00427421	0.0946984	0.046197	0.024326	0.00483462	0.118315	0.0420013	0.107681	0.00196353	0.00456149	0.0213449	0.268772	0.228784	0.00659863	0.0012634	0.003433
150	0.0357629	0.00289393	0.142233	0.22335	0.0037411	0.0340032	0.046368	0.00785786	0.142201	0.0238977	0.00462654	0.0337266	0.0139902	0.0975533	0.113027	0.0245658	0.0171645	0.0102819	0.00153949	0.0212156
151	0.189584	0.00655757	0.0372034	0.106046	0.0185433	0.169671	0.0451779	0.0173777	0.0226992	0.0228957	0.0187741	0.00334067	0.033913	0.0680959	0.0643143	0.0886614	0.0429417	0.0249079	0.0133198	0.00597571
152	0.245748	0.0814872	0.00319063	0.00397092	0.0347585	0.0756862	0.00311862	0.00646925	0.00408166	0.154322	0.00371381	0.00272393	0.144204	0.0217757	0.0043037	0.0922163	0.0403172	0.0400581	0.00109789	0.0367561
153	0.0978523	0.00510763	0.0460456	0.177726	0.00857058	0.0608461	0.129672	0.0116287	0.0830058	0.0221986	0.0161511	0.0170855	0.00619585	0.17289	0.0435658	0.0402618	0.0270203	0.0153373	0.00237462	0.0164649
154	0.0302579	0.00252852	0.00079047	0.0159075	0.0332753	0.00167915	0.00777158	0.220393	0.0267054	0.249949	0.0604997	0.0049888	0.000490167	0.00356788	0.0176449	0.0121814	0.0279317	0.260088	0.00734579	0.0160028
155	0.182846	0.00216006	0.0283324	0.156252	0.00507245	0.0692582	0.0797793	0.0157786	0.0205747	0.0270496	0.033759	0.00201174	0.00861439	0.158583	0.0374712	0.0907799	0.0561907	0.0191779	0.00339213	0.0029169
156	0.0417656	0.00418562	0.136763	0.425196	0.00681011	0.0870737	0.0160163	0.00921912	0.0548321	0.0147534	0.00663155	0.0372699	0.0122744	0.0640647	0.0241262	0.021155	0.0167712	0.0107595	0.00222641	0.00810606
157	0.00541557	0.022094	0.00161765	0.00179216	0.117546	0.00169044	0.00141135	0.0915337	0.00190792	0.4213	0.244376	0.00110014	0.000856101	0.00187653	0.00217569	0.00253395	0.0131173	0.0112055	0.0144659	0.0419839
158	0.0326254	0.00323743	0.000673505	0.0240323	0.0205919	0.00122983	0.00943724	0.225548	0.0373693	0.256567	0.0708863	0.00626149	0.000270299	0.00349859	0.0260185	0.00875865	0.0204629	0.227577	0.00718288	0.0177711
159	0.0483067	0.00204031	0.00332562	0.0564459	0.0281031	0.001754	0.0110392	0.246231	0.0361802	0.0682854	0.0337437	0.0840749	0.000701467	0.0270697	0.0289586	0.00524315	0.124255	0.192179	0.000466645	0.00159703
160	0.0522529	0.00248868	0.00309727	0.0450226	0.0288282	0.00212351	0.0100752	0.249833	0.0298545	0.10196	0.0390383	0.0761322	0.000805373	0.0305511	0.0237621	0.00649323	0.107305	0.185883	0.00117714	0.00331589
161	0.324794	0.0316575	0.0123348	0.0287572	0.00644294	0.200558	0.00755402	0.0209577	0.0133345	0.00835439	0.00477366	0.0042877	0.00784741	0.0246655	0.0158862	0.218504	0.0372177	0.0257289	0.00326738	0.00307599
162	0.0107146	0.00169213	0.146669	0.325033	0.00210228	0.0204283	0.0618737	0.00233053	0.0651326	0.0305318	0.00154886	0.0182679	0.00131308	0.167231	0.0923754	0.00483818	0.0155781	0.00297657	0.000493507	0.0288692
163	0.0303886	0.0134813	0.0117603	0.0305355	0.0208878	0.010119	0.021865	0.0717777	0.0214665	0.192804	0.151833	0.0104669	0.00615553	0.226859	0.024509	0.01679	0.0197145	0.105867	0.00314726	0.00957114
164	0.441	0.0332481	0.00204104	0.00234999	0.0125277	0.0248299	0.0102212	0.0458643	0.0109587	0.0236099	0.00546554	0.00176055	0.00113905	0.00639073	0.00287357	0.010462	0.117306	0.245807	0.000589203	0.00155571
165	0.0865242	0.00667083	0.032722	0.22158	0.00162579	0.0082522	0.0139494	0.00533282	0.285424	0.0217417	0.00694714	0.0161064	0.00189585	0.0846679	0.154299	0.0234299	0.0181646	0.00958337	0.000260553	0.000821331
166	0.0150582	0.000988649	0.0267101	0.0661308	0.001418	0.00128361	0.0187857	0.0462451	0.257889	0.0407991	0.0280389	0.00894454	0.000432154	0.0964143	0.294012	0.0100979	0.0147883	0.0481961	0.00107596	0.0226912
167	0.668789	0.0353311	0.00156074	0.0017002	0.0129472	0.148074	0.000919857	0.00337455	0.00190528	0.00269474	0.00166321	0.00171846	0.000687413	0.00207899	0.00280229	0.0815217	0.0225607	0.00831533	0.000398559	0.000956413
168	0.00945091	0.00348877	0.00327334	0.00429499	0.0210616	0.0216485	0.0960978	0.0554905	0.0473419	0.13119	0.0220042	0.0433591	0.00200863	0.118649	0.241461	0.0053616	0.00538389	0.0256341	0.0676707	0.0751296
169	0.00921877	0.000782183	0.158575	0.0880555	0.00849052	0.444424	0.0294309	0.00124987	0.0388373	0.00176822	0.00110691	0.144662	0.00397221	0.0357826	0.0203748	0.00139284	0.00157987	0.00161516	0.000299769	0.00838149
170	0.0429359	0.0309097	0.00126327	0.00150035	0.00353296	0.00179865	0.00115295	0.221338	0.00250361	0.0558617	0.0485783	0.00100506	0.000608237	0.00170894	0.00359416	0.00387108	0.023234	0.552591	0.000430575	0.00158127
171	0.0613565	0.0147592	0.0302849	0.0585845	0.0164949	0.0370524	0.0316336	0.0283214	0.0371846	0.0322939	0.0323018	0.0220373	0.178727	0.257682	0.0302721	0.0401212	0.035661	0.0333284	0.00532963	0.0165738
172	0.142414	0.0900765	0.0023827	0.0030752	0.00303443	0.00342287	0.00241598	0.0328468	0.00302141	0.00486863	0.0410052	0.00196595	0.00161005	0.00279155	0.0219084	0.0182393	0.118292	0.503595	0.000621791	0.00241238
173	0.00490933	0.0106926	0.00192865	0.0116958	0.0115392	0.00214637	0.00190765	0.22235	0.00252654	0.0140584	0.677114	0.00174925	0.00101869	0.00262155	0.0025698	0.0206931	0.00338717	0.00460199	0.000622971	0.0018662
174	0.00484613	0.00296137	0.000961376	0.00131201	0.00875329	0.00133679	0.000897418	0.36281	0.00584542	0.0925717	0.0172982	0.000973732	0.00091526	0.00161555	0.00135131	0.00207143	0.00451556	0.487316	0.000359398	0.00128774
175	0.0564083	0.00255725	0.107773	0.402462	0.00449094	0.0248333	0.0140137	0.0107097	0.115177	0.0155882	0.00660179	0.0262825	0.011422	0.0776549	0.0634914	0.0220617	0.0181613	0.0118638	0.00143024	0.00701655
176	0.0205818	0.00508198	0.00166808	0.0016263	0.0013913	0.913493	0.00314304	0.00342028	0.00407101	0.00179352	0.00112976	0.0091956	0.00060827	0.00319192	0.00158671	0.0131021	0.0033246	0.0104943	0.000302972	0.000793161
177	0.0534034	0.00719799	0.0187607	0.0341034	0.0106403	0.0879807	0.00494711	0.0162232	0.0347318	0.011389	0.0180989	0.0100574	0.551896	0.017355	0.0226155	0.0603415	0.0232326	0.0103929	0.00108829	0.00554446
178	0.0143908	0.00424335	0.00268439	0.00133274	0.000548564	0.930844	0.00299621	0.00230465	0.00324071	0.000978438	0.000657126	0.0104299	0.000347934	0.00300699	0.000876193	0.0123165	0.00230916	0.00580716	0.000188146	0.000497364
179	0.0120457	0.00344772	0.0158586	0.018697	0.0166031	0.00975102	0.679445	0.0137742	0.015153	0.00815717	0.0137526	0.0186853	0.0024465	0.0737038	0.0228009	0.00803026	0.0206937	0.0150368	0.00161208	0.0303059
180	0.0538928	0.0118434	0.00050687	0.000735983	0.0028847	0.000564409	0.000558267	0.185469	0.000789069	0.0571687	0.0926507	0.00041705	0.000294293	0.000638924	0.00269968	0.00251942	0.0247676	0.560908	0.000155365	0.000535738
181	0.0615634	0.00690204	0.0402681	0.0255504	0.00758648	0.0531433	0.00247116	0.0101536	0.0566046	0.00959426	0.0131932	0.0251835	0.304388	0.0271979	0.0887239	0.126381	0.108992	0.0229536	0.000830141	0.00831985
182	0.0389526	0.00086098	0.000911218	0.00111571	0.0357933	0.0061929	0.00166375	0.22594	0.00374248	0.508789	0.0926478	0.000942263	0.00491742	0.00185995	0.00434469	0.00208681	0.00252149	0.0387248	0.000451395	0.0275409
183	0.0125806	0.00165083	0.463204	0.0367552	0.00210648	0.0100459	0.144958	0.0026405	0.00246784	0.00307665	0.00207777	0.260974	0.0169044	0.0179085	0.00233151	0.00454696	0.0104733	0.00309618	0.000504695	0.00169584
184	0.0107531	0.00160743	0.145621	0.328612	0.00188279	0.019247	0.0608914	0.00233025	0.0642095	0.0304583	0.00150542	0.0167336	0.000811698	0.172616	0.0909967	0.00446245	0.014996	0.00294184	0.000464431	0.0288588
185	0.0019091	0.00452586	0.000798801	0.00103602	0.00809488	0.000803118	0.000747568	0.774379	0.00118238	0.025969	0.00107832	0.000783775	0.000383587	0.00089447	0.00290464	0.00118758	0.00115578	0.165798	0.000253736	0.00611448
186	0.219056	0.00168332	0.0209576	0.327946	0.00209782	0.0246089	0.00193079	0.0227359	0.0726119	0.0036339	0.00221261	0.00170842	0.0659034	0.10348	0.0406986	0.012764	0.0220189	0.0420529	0.000834071	0.0110651
187	0.32847	0.00296488	0.0124875	0.0312322	0.0205451	0.0365623	0.00204993	0.00384326	0.0136589	0.0519312	0.0788634	0.0018422	0.0227355	0.00253185	0.00283169	0.0532534	0.263212	0.0151907	0.0238055	0.0319884
188	0.0116387	0.00410139	0.0367516	0.00761687	0.00469531	0.00623247	0.0501215	0.00797737	0.00739982	0.0140756	0.00580654	0.420205	0.00264513	0.0840992	0.00694955	0.10558	0.185985	0.00810045	0.00147937	0.0285398
189	0.0530624	0.0117731	0.000480688	0.00074541	0.00276157	0.000581775	0.000552521	0.183366	0.000789941	0.0544768	0.0897408	0.000421386	0.000299599	0.000633265	0.00260156	0.00239619	0.0234983	0.571136	0.000150038	0.000532344
