477	20
1	0.0592945	0.0110253	0.00230085	0.00921483	0.0182299	0.00937766	0.0115193	0.268585	0.00809625	0.126859	0.0531572	0.0034092	0.00957626	0.00370753	0.0108994	0.032304	0.0666731	0.271596	0.00257163	0.0216029
2	0.101572	0.00430297	0.0297231	0.0408469	0.00585861	0.106572	0.0178119	0.0108907	0.169888	0.023528	0.00928839	0.0985785	0.00973866	0.0718275	0.0982592	0.122854	0.0550836	0.0179311	0.000832793	0.00461208
3	0.0905439	0.00873757	0.270316	0.0946635	0.0127925	0.0597854	0.0280482	0.00581254	0.0288904	0.0242121	0.0114332	0.116698	0.00905952	0.04382	0.0180533	0.104467	0.0389813	0.0242025	0.00141702	0.00806691
4	0.0277215	0.00181114	0.0109969	0.0318026	0.00159225	0.0163526	0.0119527	0.00998969	0.489283	0.0219987	0.012777	0.0493168	0.00206772	0.0652324	0.161913	0.0390189	0.0318559	0.0110105	0.000233105	0.00307367
5	0.206799	0.00813174	0.0290431	0.050591	0.0156591	0.0665596	0.0114528	0.0212287	0.04879	0.0485122	0.0503177	0.0622019	0.00387889	0.0797011	0.0312165	0.100301	0.123523	0.0359344	0.000751619	0.00540707
6	0.12789	0.00195052	0.00194933	0.00282152	0.00235471	0.0211871	0.002092	0.0107337	0.00291061	0.0215004	0.0117061	0.00269083	0.752	0.0028521	0.00301258	0.0223867	0.00368449	0.00347671	0.000758131	0.00204249
7	0.14756	0.0125827	0.0600076	0.0555	0.0089683	0.036141	0.012615	0.0399925	0.0281957	0.02077	0.0104	0.0627846	0.0868455	0.0375659	0.0233556	0.149236	0.139814	0.057804	0.0014743	0.00838718
8	0.123248	0.00096985	0.135175	0.0950481	0.001618	0.0298051	0.00520343	0.0124059	0.028711	0.0128263	0.00331771	0.0652109	0.243751	0.0449348	0.0220239	0.061316	0.0658778	0.0388611	0.000384039	0.00931239
9	0.0131557	0.00209424	0.00129891	0.00709682	0.00203006	0.00222724	0.000794676	0.463772	0.00442814	0.0884671	0.0114485	0.00117338	0.00190323	0.00509825	0.00509109	0.00282738	0.0129464	0.371309	0.000424755	0.00241325
10	0.0636319	0.0249124	0.0725827	0.0805425	0.00995557	0.0203372	0.0794327	0.00933242	0.0339524	0.0306316	0.0133235	0.0602471	0.00845005	0.316937	0.057694	0.0629546	0.0260034	0.0183482	0.00155411	0.00917679
11	0.0169808	0.00212981	0.000836576	0.00479548	0.00159209	0.00188851	0.000878588	0.517028	0.00252171	0.103446	0.0155885	0.000685789	0.00205014	0.00219493	0.00258136	0.003573	0.0103496	0.308131	0.000318653	0.00242991
12	0.0378079	0.0122034	0.00433122	0.007505	0.0148488	0.00806279	0.00605317	0.0106397	0.0068112	0.0132487	0.0142753	0.0160184	0.00585417	0.00747577	0.00752124	0.292776	0.514218	0.0140283	0.00179955	0.00452093
13	0.692712	0.0295256	0.000738547	0.00173253	0.00291042	0.0884375	0.00109689	0.00489345	0.0042423	0.00415188	0.00392341	0.00152084	0.00223289	0.0027707	0.00196494	0.117727	0.0193396	0.0183885	0.000201048	0.00149009
14	0.0259903	0.000454007	0.0956869	0.789809	0.00102207	0.0113731	0.00449239	0.00276037	0.00272222	0.00566111	0.00173612	0.0100347	0.00266907	0.0211047	0.00451253	0.00952918	0.00481498	0.00400198	0.00032232	0.00130321
15	0.0237126	0.0389572	0.0247784	0.0104383	0.00875767	0.00598295	0.124897	0.00552625	0.0114775	0.0299547	0.0124606	0.080674	0.00250851	0.469726	0.0690705	0.0455181	0.00727432	0.0151731	0.00158071	0.0115308
16	0.00689878	0.00146789	0.00102121	0.00154226	0.0329521	0.00329056	0.000580821	0.189279	0.000962926	0.634014	0.056416	0.00133056	0.00234397	0.0017451	0.000874697	0.00408821	0.0128722	0.0452674	0.000357808	0.00269421
17	0.0124432	0.00368066	0.00100272	0.0018867	0.0471664	0.00351789	0.00129425	0.16742	0.00334582	0.590294	0.0533952	0.00197124	0.0026963	0.00342874	0.00257368	0.00594533	0.0175433	0.0690112	0.00497878	0.00640532
18	0.0275633	0.00372618	0.0194293	0.0490217	0.00392522	0.0159389	0.0179236	0.0105696	0.226491	0.0660119	0.0294967	0.0482336	0.00207156	0.127343	0.266072	0.0442527	0.0259272	0.0099016	0.00204799	0.00405318
19	0.0369818	0.000402653	0.322962	0.403019	0.000759948	0.0329743	0.00900358	0.00605771	0.00646372	0.00720622	0.00201086	0.0363353	0.0079766	0.0515452	0.00588093	0.0317752	0.0200201	0.0161062	0.000213579	0.00230555
20	0.537587	0.0505148	0.00199215	0.00555073	0.00408151	0.0400078	0.00316182	0.0226284	0.00322322	0.00788619	0.00496256	0.00494712	0.00203036	0.00291615	0.0027385	0.135356	0.0762651	0.0892752	0.000363377	0.00451184
21	0.0810268	0.0157261	0.00620286	0.0261387	0.105859	0.0413763	0.0726187	0.0306709	0.037555	0.0648861	0.0470134	0.0602542	0.0183661	0.11506	0.0717986	0.0265716	0.0135668	0.0675405	0.00113791	0.0966309
22	0.0274073	0.00104661	0.231819	0.398538	0.00138208	0.0176258	0.00294666	0.0216278	0.0258489	0.0244529	0.006333	0.0151167	0.00490014	0.0768386	0.00356198	0.0531604	0.019711	0.0599577	0.000428408	0.00729653
23	0.0454215	0.00352366	0.0421092	0.0654622	0.0174999	0.0657084	0.0358739	0.0262756	0.128337	0.0881976	0.0334079	0.0766001	0.00300656	0.111053	0.15157	0.0492115	0.0333826	0.0152623	0.00325483	0.00484197
24	0.280651	0.001988	0.0640819	0.124091	0.00341744	0.0316916	0.00319859	0.00559103	0.0567293	0.0212057	0.00371383	0.0317852	0.156215	0.0398045	0.127413	0.0112615	0.0224736	0.00989828	0.00109602	0.00369418
25	0.117838	0.0141372	0.031594	0.0267779	0.0100105	0.0596008	0.013024	0.0536709	0.0180675	0.0217207	0.0116076	0.0523053	0.0812637	0.0249586	0.0210208	0.17436	0.180281	0.078725	0.00159923	0.00743731
26	0.0698503	0.0028629	0.0247793	0.0559271	0.00196906	0.0210296	0.0264544	0.0212099	0.212932	0.0283392	0.0164188	0.0556402	0.00476576	0.115823	0.170051	0.0836694	0.0610228	0.0227125	0.000340618	0.00420181
27	0.0576744	0.00248693	0.0194672	0.0469724	0.00235478	0.0177576	0.0242075	0.0222465	0.233813	0.030253	0.013725	0.0452433	0.00560248	0.103198	0.221483	0.0701518	0.0509419	0.0239824	0.000450109	0.00798845
28	0.0422764	0.00201694	0.0210921	0.0560834	0.00107559	0.0207938	0.0216149	0.0163711	0.292881	0.0175314	0.00935135	0.0514285	0.00278139	0.100716	0.215662	0.0629677	0.0430875	0.018865	0.000173672	0.00322989
29	0.0488475	0.00951777	0.00246492	0.0165539	0.0338166	0.00730491	0.00761869	0.319155	0.0107411	0.158187	0.0628849	0.00339712	0.0110812	0.00428326	0.00998732	0.0312638	0.0487187	0.182541	0.00471395	0.026921
30	0.15211	0.018367	0.0235165	0.0312735	0.0154349	0.02759	0.0156059	0.0738897	0.0148649	0.0328813	0.0200518	0.0423224	0.0148828	0.0302357	0.023517	0.150278	0.222018	0.0791135	0.00231513	0.00973261
31	0.0418461	0.000529967	0.478029	0.127067	0.000732693	0.0363304	0.0153975	0.00320559	0.00653615	0.00779638	0.00128368	0.0963148	0.0419495	0.0242467	0.00737643	0.0578402	0.0368888	0.0140531	0.000199369	0.00237634
32	0.190062	0.004389	0.0188384	0.0942606	0.024625	0.0169062	0.0213813	0.0271222	0.0832087	0.108153	0.00981787	0.0181547	0.105098	0.0712529	0.0328614	0.0533707	0.0488062	0.0509813	0.00108779	0.0196224
33	0.0606278	0.000499873	0.169872	0.502381	0.00210622	0.0260838	0.0112712	0.01115	0.0133985	0.0111755	0.00526711	0.0184054	0.0055926	0.0930252	0.00978855	0.0253691	0.0241447	0.0070045	0.000584728	0.00225233
34	0.0245146	0.000444934	0.0929432	0.794579	0.0010338	0.0118093	0.00435299	0.00270643	0.00261705	0.00622526	0.00198062	0.0103603	0.00231071	0.0214082	0.0047935	0.00847885	0.00488104	0.0030927	0.000358785	0.00110868
35	0.0267533	0.00914472	0.0122145	0.0145316	0.154268	0.0344294	0.024784	0.0386526	0.0132424	0.314687	0.0312863	0.0180304	0.00572581	0.0210631	0.0179704	0.0468642	0.020497	0.0265734	0.00642203	0.16286
36	0.0597939	0.00235702	0.02451	0.0588522	0.00156569	0.0217596	0.0252803	0.0185729	0.237903	0.0220355	0.0120764	0.0544409	0.00360828	0.112655	0.189658	0.078669	0.0520171	0.0195526	0.000311013	0.00438116
37	0.0477025	0.000441415	0.246789	0.487688	0.0008344	0.0320961	0.00783103	0.00854396	0.00691894	0.00576839	0.00205013	0.0143363	0.00907763	0.0657205	0.00216112	0.0279958	0.0146423	0.0164859	0.000259464	0.00265709
38	0.0170711	0.0115137	0.00397052	0.00618015	0.274971	0.00344604	0.0373217	0.0181259	0.00934087	0.0699101	0.0105739	0.00439693	0.00128599	0.0136236	0.0117037	0.0118467	0.00686066	0.00577763	0.0183591	0.463721
39	0.0130882	0.0038144	0.00584245	0.0218794	0.0013923	0.00715095	0.00588469	0.00688118	0.359837	0.055176	0.0313236	0.0199506	0.00260023	0.0897925	0.32424	0.0239391	0.0146979	0.00838112	0.000383042	0.00374574
40	0.0598801	0.0223771	0.0036208	0.0113592	0.0867612	0.0363765	0.081125	0.0500527	0.0135879	0.102637	0.0715847	0.0376102	0.00782346	0.111282	0.100109	0.0335169	0.00987951	0.0582761	0.0011269	0.101013
41	0.0332895	0.00200269	0.0243159	0.066197	0.000831588	0.0208551	0.0188148	0.011412	0.28282	0.0134555	0.00654907	0.0474848	0.00155673	0.106895	0.243302	0.0620816	0.0412239	0.0141469	0.000180899	0.0025854
42	0.00566978	0.000983947	0.00145947	0.0158611	0.000695946	0.0138619	0.00374785	0.00304938	0.662125	0.0201737	0.00894708	0.0342356	0.00110479	0.037029	0.164388	0.0113592	0.0110848	0.00302923	0.000214078	0.000979779
43	0.00733053	0.00332381	0.00164208	0.00455343	0.000473285	0.00223636	0.000401815	0.000642948	0.00875008	0.00347754	0.00398879	0.00224666	0.00386726	0.000624133	0.941083	0.0043689	0.00962389	0.00082386	0.000123554	0.000418371
44	0.0777805	0.00327042	0.0249476	0.0509999	0.00260052	0.0206034	0.0260858	0.0243287	0.196799	0.033859	0.020541	0.0557758	0.00681597	0.116582	0.151579	0.0882426	0.0698103	0.0247616	0.000403917	0.00421297
45	0.0754302	0.00109509	0.0923714	0.416322	0.017503	0.0350736	0.0059027	0.0094495	0.0257206	0.0264538	0.0151866	0.0194308	0.00185855	0.135668	0.027413	0.0468758	0.0365929	0.00231218	0.00582199	0.00351838
46	0.0134188	0.0127111	0.000563598	0.00115394	0.304015	0.000796109	0.0230965	0.00376955	0.00361242	0.038089	0.0109677	0.00700675	0.0019172	0.00414227	0.00608613	0.0063415	0.00141278	0.00119606	0.0208052	0.538898
47	0.0132655	0.000739734	0.0260766	0.915873	0.000751753	0.0045702	0.00222948	0.00131098	0.00205523	0.00665139	0.00145624	0.00473174	0.000751527	0.00634554	0.00377308	0.0046901	0.00194111	0.00140115	0.000277031	0.00110895
48	0.0301795	0.00034419	0.54041	0.133365	0.000534207	0.0364809	0.0175572	0.00103406	0.00201424	0.00677563	0.000730166	0.0972225	0.00970029	0.0203086	0.00535301	0.054929	0.0317383	0.0102794	0.000177732	0.00086574
49	0.144034	0.00978226	0.038707	0.0536765	0.0162531	0.0599968	0.0170775	0.0302198	0.0784223	0.0542278	0.0243775	0.0580589	0.00504918	0.0835565	0.0543769	0.0982253	0.117746	0.0492516	0.00016728	0.00679424
50	0.0138269	0.00334379	0.00285562	0.00437795	0.00655709	0.0052204	0.000777836	0.270058	0.00164684	0.457396	0.022279	0.00357059	0.000672404	0.00144708	0.00170441	0.00686913	0.0167801	0.170114	0.000263617	0.0102393
51	0.0974266	0.00534409	0.0244061	0.0342355	0.00528915	0.11912	0.0161433	0.0118388	0.137158	0.0190868	0.0088701	0.0931959	0.01278	0.0704487	0.114886	0.127574	0.076068	0.0209684	0.000379948	0.00478143
52	0.0272582	0.00296462	0.0100361	0.0247633	0.00372746	0.011491	0.0141097	0.0143579	0.28435	0.0290739	0.0210081	0.0296825	0.00648547	0.0731012	0.309373	0.0626036	0.0261058	0.0248465	0.00055006	0.0241119
53	0.102836	0.00430851	0.0279697	0.0387044	0.00387152	0.0652548	0.0211082	0.0185113	0.138526	0.0282138	0.0155846	0.0833938	0.0149951	0.0952862	0.114491	0.121694	0.0737901	0.0264753	0.000422535	0.0045631
54	0.0457837	0.0100767	0.000614706	0.00710836	0.0165633	0.00890654	0.00127575	0.364911	0.0120408	0.183578	0.0944327	0.000782468	0.0034289	0.00243694	0.0054535	0.0205963	0.0592758	0.154012	0.00326416	0.00545751
55	0.134407	0.00827109	0.016233	0.00323122	0.00499184	0.227342	0.0104149	0.00636001	0.0421659	0.0116705	0.00345767	0.128945	0.023324	0.0426718	0.0498989	0.180822	0.0832321	0.0173692	0.000531703	0.00466131
56	0.147938	0.013918	0.0155646	0.0365931	0.0098621	0.016605	0.0649379	0.0799094	0.0133016	0.0220997	0.0126296	0.0912287	0.0305982	0.0698999	0.0156155	0.0853833	0.185533	0.0805549	0.00171301	0.00611439
57	0.00265058	0.0136829	0.000904786	0.00607388	0.0519142	0.0062423	0.00219774	0.00224471	0.00151021	0.0245516	0.00246628	0.00148584	0.00078885	0.00156936	0.00161662	0.00246485	0.00624849	0.00637039	0.838195	0.0268213
58	0.0440895	0.0108939	0.000729453	0.0058397	0.0158555	0.00874388	0.00101396	0.368255	0.0120967	0.190104	0.0962013	0.000782583	0.00227551	0.00267031	0.00583122	0.0198334	0.0574621	0.149609	0.00346988	0.00424349
59	0.0142519	0.00213352	0.0128597	0.0439326	0.000965422	0.0134535	0.0103429	0.00605696	0.354641	0.0233165	0.0105895	0.0340099	0.00134225	0.0914579	0.314453	0.033731	0.0223491	0.00781864	0.000229872	0.00206449
60	0.0165673	0.0123973	0.00347898	0.00607967	0.268346	0.00394511	0.0296012	0.0104215	0.00728805	0.0544047	0.0116627	0.00873701	0.00308015	0.0113365	0.0108972	0.02049	0.00700877	0.00858479	0.0166402	0.489033
61	0.688336	0.0159736	0.000555749	0.000863414	0.00182309	0.127438	0.0006254	0.000943535	0.00604096	0.00414127	0.00349758	0.00101374	0.00178911	0.00362513	0.00108886	0.131462	0.00604222	0.00393811	0.00018764	0.000614709
62	0.0785292	0.00339819	0.0253868	0.0527726	0.00264841	0.0215757	0.0265444	0.0233038	0.1888	0.034604	0.0204354	0.0573524	0.00581743	0.117973	0.153611	0.0882326	0.0688978	0.0253952	0.000389719	0.00433266
63	0.00225475	0.0079032	0.000979124	0.00450671	0.666077	0.00526493	0.0111983	0.00575279	0.0014426	0.0576691	0.0111986	0.00154638	0.00285218	0.00120363	0.00353097	0.00684187	0.00182175	0.0116645	0.0838021	0.11249
64	0.28133	0.00214688	0.0643734	0.124816	0.00333029	0.0316703	0.00315506	0.00538247	0.0566012	0.0206419	0.00381502	0.0320494	0.153162	0.0396609	0.130444	0.0107295	0.0226508	0.00934741	0.00113806	0.003555
65	0.00798036	0.00333527	0.00198111	0.00527473	0.000570949	0.00274037	0.000854895	0.000975943	0.013005	0.00387334	0.00423371	0.00353705	0.00397433	0.00210004	0.928638	0.00512503	0.0100466	0.0011142	0.00013444	0.000504556
66	0.723331	0.0320087	0.000485958	0.000796708	0.00309503	0.0852594	0.000680218	0.00184239	0.0029916	0.0028025	0.00261004	0.000702862	0.0024664	0.00196398	0.000793254	0.114327	0.0128596	0.00979796	0.000176484	0.00100853
67	0.00733116	0.00332327	0.00163853	0.00455715	0.000472961	0.00222877	0.000391645	0.000619666	0.00838777	0.0034599	0.00399638	0.00224734	0.00386213	0.000617696	0.941577	0.004351	0.00961441	0.000808537	0.000123578	0.000391124
68	0.11809	0.0330729	0.0210593	0.0298919	0.013778	0.0230561	0.0163212	0.0460614	0.0270582	0.0439037	0.0198231	0.0301047	0.0230473	0.027106	0.0227379	0.292695	0.0894817	0.109643	0.0023946	0.0106728
69	0.0139604	0.00122486	0.000734028	0.00473902	0.00067308	0.00111175	0.000443732	0.539668	0.00203252	0.0920971	0.0121699	0.000497134	0.00205538	0.00215416	0.00211187	0.0014421	0.00556191	0.315545	0.000156421	0.00162209
70	0.00391175	0.00841309	0.000518019	0.00319709	0.612637	0.00315768	0.0133174	0.00436799	0.00140969	0.0517727	0.0111681	0.00250324	0.00346971	0.00157871	0.00379062	0.00741416	0.00103474	0.00916192	0.0622555	0.194921
71	0.0185697	0.000858318	0.0539771	0.829075	0.0012887	0.00861014	0.00295452	0.00307239	0.00571215	0.00873396	0.00248299	0.00867282	0.00113589	0.021996	0.00503849	0.0146218	0.00621584	0.00506867	0.000456225	0.00145918
72	0.00733116	0.00332327	0.00163853	0.00455715	0.000472961	0.00222877	0.000391645	0.000619666	0.00838777	0.0034599	0.00399638	0.00224734	0.00386213	0.000617696	0.941577	0.004351	0.00961441	0.000808537	0.000123578	0.000391124
73	0.710229	0.0363093	0.000509545	0.00105744	0.00373591	0.0789044	0.000893015	0.0031835	0.00265789	0.00301259	0.00270491	0.000884779	0.00239201	0.00180158	0.000907183	0.11571	0.0186161	0.0149465	0.000197771	0.00134674
74	0.00760589	0.00150355	0.000632232	0.00109286	0.0390562	0.00420215	0.000679511	0.141943	0.00112938	0.688565	0.0602189	0.000968975	0.00342745	0.00236877	0.00106913	0.00414876	0.0118833	0.0270683	0.000673021	0.00176274
75	0.0518207	0.000430454	0.240573	0.383133	0.00241816	0.0303656	0.00923337	0.00821763	0.0189304	0.0190291	0.00611701	0.0392027	0.00591097	0.0933303	0.0134104	0.037909	0.0290754	0.00752762	0.00060442	0.00276073
76	0.084193	0.0126345	0.0135591	0.0114919	0.00744559	0.0318017	0.015432	0.129128	0.00553213	0.0334646	0.0123215	0.0207832	0.00583763	0.00930954	0.0183831	0.0500395	0.0917368	0.44282	0.000876514	0.00320967
77	0.030047	0.000346965	0.541814	0.131981	0.000536251	0.0362644	0.0175768	0.00101833	0.00199361	0.00681237	0.000730318	0.0976762	0.00956505	0.0200687	0.00537878	0.0550389	0.031779	0.0103376	0.000174379	0.000860008
78	0.0169709	0.00394002	0.00229349	0.00425944	0.00788491	0.00515362	0.000756302	0.283392	0.00315418	0.429609	0.0340835	0.0028662	0.00083126	0.00182227	0.00236167	0.0086221	0.0238086	0.159168	0.000670348	0.00835107
79	0.0170037	0.00207556	0.0208633	0.0645059	0.000683133	0.0149007	0.0127513	0.00700702	0.302116	0.0137564	0.00391271	0.0379869	0.000903348	0.105021	0.303719	0.048407	0.0327447	0.00984743	0.000149295	0.00164537
80	0.0125363	0.0121834	0.000745308	0.00147935	0.294432	0.00104332	0.026071	0.00528564	0.00397193	0.0388414	0.0127201	0.00793578	0.00217048	0.00452251	0.00669344	0.0071274	0.00226404	0.00206389	0.0254024	0.532511
81	0.239822	0.039818	0.00966158	0.0165337	0.0114063	0.0197048	0.0115837	0.113158	0.00408657	0.0186261	0.0134503	0.0244922	0.011284	0.0153907	0.0093683	0.130223	0.195352	0.108825	0.00163722	0.00557558
82	0.0424882	0.000435442	0.274365	0.45816	0.000684639	0.0358362	0.00781561	0.00725584	0.00694793	0.00601939	0.00193147	0.0190284	0.0115259	0.0656375	0.00292376	0.0263006	0.0144173	0.0153784	0.000210095	0.00263781
83	0.0579309	0.0386552	0.0307266	0.00558864	0.129544	0.0158035	0.0037691	0.00771661	0.00597025	0.202429	0.160298	0.00542345	0.00258569	0.044925	0.0403631	0.123368	0.0762804	0.0416046	0.00118939	0.00582839
84	0.0115655	0.000650763	0.0236726	0.926056	0.000709473	0.00405619	0.00191719	0.00108115	0.00152099	0.00614587	0.00138163	0.00436403	0.000429397	0.00482736	0.00315083	0.0044293	0.00156252	0.00127128	0.000259101	0.00094916
85	0.0366676	0.00793191	0.0011805	0.00808386	0.0191229	0.00777874	0.0014235	0.274141	0.0109396	0.328623	0.0913356	0.00144236	0.00211057	0.00664026	0.00992516	0.0215264	0.0492337	0.114651	0.00234761	0.00489414
86	0.0105512	0.00132674	0.000831263	0.011143	0.000940159	0.00610071	0.00332786	0.0150961	0.511033	0.0324603	0.00736611	0.0140889	0.00699353	0.0208305	0.297963	0.0195266	0.02021	0.0150971	0.000318139	0.0047958
87	0.073886	0.0322096	0.00540945	0.0307024	0.0053075	0.0364599	0.209637	0.00691677	0.0192486	0.0262631	0.0208634	0.305621	0.00312277	0.00639146	0.0198771	0.129929	0.0274771	0.0220322	0.0153042	0.00334177
88	0.00604058	0.000797627	0.000796694	0.0151094	0.000721158	0.0160964	0.00456315	0.00317436	0.670002	0.0177169	0.00921179	0.0349682	0.00107751	0.0358638	0.159462	0.0101798	0.00983551	0.00337437	0.000221547	0.000786839
89	0.0998741	0.0632294	0.0920204	0.0229099	0.0506252	0.0389397	0.0298825	0.00513573	0.0116086	0.0549455	0.0363645	0.211487	0.00180167	0.0591333	0.0270422	0.124104	0.0199273	0.0126118	0.00595799	0.0323992
90	0.0138678	0.00204827	0.000699551	0.00468156	0.000861854	0.00149947	0.000455251	0.514576	0.00206952	0.0855463	0.0118289	0.00052038	0.00241142	0.00215964	0.0024999	0.00188876	0.00714006	0.343471	0.000161489	0.00161219
91	0.148124	0.0198737	0.0565126	0.0399476	0.0262825	0.0770229	0.0231021	0.0108732	0.0387018	0.0453691	0.0393865	0.149343	0.00503537	0.0636553	0.0296278	0.136001	0.0540116	0.0200674	0.00316785	0.0138935
92	0.126461	0.00629764	0.0783857	0.100131	0.011357	0.049029	0.0373241	0.0091469	0.0769124	0.0356526	0.0124498	0.0851333	0.0018132	0.0740036	0.0537809	0.167594	0.045245	0.019992	0.0016753	0.00761552
93	0.676486	0.0403	0.000698386	0.00143736	0.00347812	0.0742977	0.00202043	0.00325903	0.00294085	0.00470285	0.0028521	0.00111926	0.0032005	0.00202299	0.00102582	0.137101	0.0237854	0.0172945	0.000256601	0.0017218
94	0.00896665	0.00541972	0.00245897	0.00628977	0.00133837	0.00308304	0.00126675	0.00148015	0.0143136	0.00763701	0.00570477	0.0037505	0.00405339	0.00573335	0.907651	0.00653183	0.010911	0.00198091	0.000340862	0.00108885
95	0.0440843	0.00956991	0.0503175	0.0565482	0.00953809	0.0269637	0.0318295	0.0133741	0.162012	0.0339213	0.0204435	0.144006	0.00442966	0.119494	0.152477	0.0597236	0.0326564	0.0159839	0.00217613	0.0104517
96	0.0161128	0.00383324	0.00278418	0.00426902	0.00906217	0.00496055	0.000801754	0.249934	0.00206429	0.466775	0.0217007	0.00357526	0.000667361	0.00216494	0.0024371	0.00682032	0.0178102	0.174073	0.000247324	0.00990711
97	0.0053555	0.0116816	0.00145644	0.00468612	0.59033	0.00427867	0.0135729	0.0103507	0.00380046	0.0867888	0.0204791	0.00161696	0.00247705	0.00387511	0.0081464	0.00777456	0.00597191	0.0124025	0.058517	0.146438
98	0.0324455	0.000619349	0.360276	0.321098	0.000832692	0.0289292	0.0102194	0.0086321	0.0102617	0.0114949	0.00296141	0.0527737	0.00752638	0.0508033	0.00440136	0.0445463	0.0217725	0.0271544	0.000271182	0.00298073
99	0.00741117	0.00334619	0.00182116	0.00504598	0.000477331	0.00221713	0.000422603	0.000623862	0.00985381	0.00353528	0.0039733	0.00247369	0.00382982	0.00135595	0.937633	0.00479163	0.00984303	0.000830427	0.000123522	0.000391167
100	0.314431	0.0283047	0.0294292	0.0558913	0.0125721	0.031022	0.0108477	0.0327623	0.0215279	0.0339677	0.0133161	0.02622	0.0115297	0.0262177	0.0142767	0.116607	0.071328	0.118871	0.00194917	0.0289282
101	0.03926	0.0188492	0.00124152	0.003458	0.00297478	0.00962824	0.00182238	0.25388	0.0016482	0.0464708	0.0112408	0.00260042	0.00156604	0.00222404	0.00518791	0.0379132	0.0858144	0.472387	0.000358762	0.00147389
102	0.151527	0.0191735	0.0220977	0.0297513	0.0156314	0.0253518	0.0151022	0.076848	0.0119247	0.0318106	0.0199021	0.0419641	0.0151484	0.0277186	0.022487	0.152512	0.227577	0.0805966	0.00258296	0.0102928
103	0.0344768	0.006662	0.00524181	0.0087476	0.0235027	0.00563129	0.00128808	0.152883	0.0208395	0.387945	0.0484692	0.0023964	0.00161553	0.0450463	0.0403064	0.0124987	0.0931977	0.0916337	0.00283695	0.0147815
104	0.00243681	0.0137846	0.000899425	0.00630416	0.0391407	0.00545557	0.00146019	0.00154295	0.00131058	0.0206846	0.00164555	0.001633	0.00064266	0.00152732	0.00140128	0.00220244	0.00630488	0.00604987	0.867361	0.0182121
105	0.0175522	0.00647389	0.00842498	0.0137951	0.254613	0.00677912	0.0498488	0.0253346	0.0146706	0.10892	0.0052149	0.00189936	0.000660845	0.0256342	0.0181655	0.0217292	0.0143034	0.0110933	0.00726286	0.387625
106	0.0324549	0.00283311	0.0164155	0.0512097	0.00443647	0.0167239	0.0096438	0.0155208	0.441352	0.0485322	0.0162291	0.0361191	0.00562953	0.0562293	0.146175	0.038281	0.0414981	0.0157396	0.000660439	0.00431643
107	0.0122355	0.012251	0.000642885	0.00126415	0.304114	0.000833888	0.024137	0.00407437	0.00355053	0.0373725	0.0113057	0.00749736	0.00204517	0.00428966	0.00616184	0.00701542	0.00158886	0.00149392	0.021173	0.536953
108	0.143901	0.037999	0.00175423	0.00729875	0.00231736	0.0229568	0.0021105	0.128389	0.0064161	0.098782	0.00922092	0.00554851	0.00167441	0.00665665	0.00282184	0.0865218	0.0738418	0.354643	0.000516037	0.00663017
109	0.0643739	0.0196768	0.00403644	0.0140445	0.109494	0.0361948	0.0902833	0.0418668	0.0164846	0.0800303	0.0480609	0.0522891	0.0105115	0.104575	0.0767421	0.0269627	0.00838483	0.0590685	0.00112965	0.13579
110	0.0359235	0.00617242	0.00224883	0.0134363	0.0170345	0.00879306	0.00151928	0.205542	0.0177124	0.313363	0.10514	0.00182546	0.00156635	0.0175471	0.0215497	0.0239923	0.0861877	0.113178	0.00181952	0.00544876
111	0.0140487	0.000595645	0.0296646	0.889295	0.00112001	0.00510705	0.00342535	0.00193221	0.00341319	0.011129	0.00254639	0.0058876	0.000617452	0.0116433	0.00459292	0.0076006	0.00325695	0.00252081	0.000260075	0.00134336
112	0.0366006	0.000488886	0.181215	0.581778	0.0011848	0.0226761	0.00685029	0.00694125	0.00959049	0.00984574	0.00371583	0.0174942	0.00492507	0.0623086	0.00668256	0.0207367	0.0139751	0.0104616	0.00034941	0.00218013
113	0.0361248	0.00456233	0.00317134	0.0223871	0.00968392	0.0106774	0.00198159	0.121528	0.0286219	0.280087	0.130787	0.00276192	0.00118752	0.0267229	0.0384944	0.0361262	0.139976	0.0974241	0.000835225	0.00685989
114	0.0164933	0.00366805	0.00147218	0.00304675	0.0164832	0.00454648	0.000547116	0.217736	0.00307095	0.526637	0.0480527	0.00181305	0.00143844	0.00203964	0.00176997	0.00776539	0.0193876	0.118517	0.000721629	0.00479315
115	0.0506264	0.00834401	0.0392976	0.0977967	0.00922246	0.594055	0.00912022	0.00231167	0.0104384	0.0193562	0.00985917	0.0527268	0.0159955	0.0185099	0.0023	0.0299135	0.00307738	0.0177505	0.0005976	0.00870092
116	0.081241	0.00140434	0.127005	0.315477	0.00585909	0.0340032	0.0172506	0.0094177	0.0457366	0.0246117	0.0105633	0.0521683	0.00713151	0.113801	0.0289757	0.0734727	0.0349234	0.0108267	0.00133541	0.00479497
117	0.126962	0.00100672	0.131982	0.0929605	0.00160281	0.0306695	0.00505278	0.0121698	0.028434	0.0130485	0.00336425	0.0638915	0.243591	0.0466226	0.0232659	0.0605781	0.0663705	0.0391543	0.000419244	0.00885436
118	0.286558	0.00426882	0.00542717	0.00734177	0.00553401	0.0581547	0.0048603	0.0475255	0.124474	0.134692	0.0243468	0.163429	0.00291873	0.00873049	0.0203751	0.039093	0.0222798	0.0334466	0.00170806	0.00483665
119	0.552717	0.0608222	0.0006185	0.00733383	0.00435502	0.0306793	0.00188141	0.0246094	0.00272299	0.00516781	0.00754064	0.00394634	0.00095519	0.00159231	0.00210601	0.093804	0.0932388	0.102074	0.000234732	0.00359992
120	0.00732297	0.00332005	0.00163558	0.0046585	0.000470559	0.00222879	0.000410371	0.000621664	0.00869982	0.00351117	0.00399595	0.0022639	0.00385706	0.000748657	0.940951	0.00435796	0.00960628	0.000809387	0.000123578	0.000406717
121	0.156958	0.00382996	0.0628606	0.0924549	0.0127444	0.0575331	0.0193199	0.0137428	0.0843984	0.0354686	0.0139822	0.0632665	0.00180962	0.0823663	0.0455735	0.14149	0.0754746	0.0316774	0.000160854	0.00488838
122	0.0139503	0.0012294	0.000733747	0.00473169	0.000672882	0.00111764	0.000443404	0.539555	0.00203276	0.0920249	0.0121685	0.000497141	0.00205392	0.00215347	0.00211501	0.00145372	0.00560923	0.315683	0.000156475	0.00161811
123	0.0074493	0.0115259	0.000786453	0.00267186	0.487829	0.00239543	0.0162488	0.00480858	0.0027811	0.0508492	0.0102453	0.00375882	0.00228357	0.00311226	0.00509481	0.00656027	0.00160354	0.00613363	0.0413883	0.332474
124	0.0553131	0.000706386	0.138068	0.407301	0.00437861	0.0246812	0.00794879	0.0112037	0.0322585	0.0275951	0.0111436	0.0342371	0.00310818	0.130849	0.0247148	0.0425358	0.0342977	0.00450044	0.00140335	0.00375646
125	0.00953609	0.00244811	0.00208321	0.0104832	0.00105645	0.00510704	0.00348664	0.00728999	0.242827	0.0247811	0.00794878	0.0101304	0.00543795	0.0208288	0.60606	0.0129142	0.0143287	0.0094111	0.000237216	0.00360479
126	0.00219151	0.0138302	0.000868455	0.00600903	0.0392126	0.00542001	0.0012774	0.00147989	0.00124936	0.0206429	0.00155846	0.0014425	0.000622553	0.00131378	0.00128976	0.0020408	0.00618569	0.0059753	0.869164	0.0182257
127	0.0426449	0.0149156	0.00135216	0.0060774	0.0157555	0.00837635	0.00139794	0.346039	0.0135048	0.197115	0.0965779	0.00119712	0.00223635	0.00474648	0.00887904	0.0213745	0.0687365	0.140649	0.00334396	0.00508055
128	0.162282	0.000739344	0.0834264	0.118295	0.00798324	0.0575748	0.0222366	0.00455079	0.0827313	0.0199214	0.00511742	0.0663905	0.000547785	0.0753098	0.0354735	0.184048	0.0481888	0.0198793	0.000130928	0.00517239
129	0.00211943	0.0140382	0.000803296	0.00582201	0.120198	0.00511837	0.00249774	0.00325052	0.00122095	0.0260277	0.00285731	0.00145073	0.00100107	0.0011966	0.00171448	0.00269069	0.00574033	0.00777023	0.764178	0.0303047
130	0.0411273	0.00144122	0.0539414	0.208075	0.00571698	0.0267066	0.0237304	0.0145968	0.103703	0.0629068	0.0344819	0.0574847	0.00156083	0.177699	0.104378	0.0383114	0.0270847	0.0060245	0.00803321	0.00299712
131	0.120513	0.00292132	0.00475044	0.00557183	0.00342925	0.0209457	0.00357435	0.0211394	0.004975	0.0253758	0.012959	0.00505261	0.706219	0.00459243	0.00513046	0.0240227	0.0082361	0.0156465	0.000884846	0.00406002
132	0.0304362	0.000371473	0.484384	0.222553	0.000538449	0.0430251	0.0149069	0.00179115	0.00215523	0.00530457	0.000783747	0.0744339	0.0127785	0.024912	0.00463896	0.0444297	0.0227056	0.00863157	0.000176339	0.00104412
133	0.119318	0.00107965	0.135456	0.150427	0.00255566	0.023539	0.0100632	0.0183739	0.031864	0.0166275	0.00472916	0.0542582	0.186426	0.0545428	0.0182088	0.0564599	0.0674516	0.0393566	0.000541855	0.00872165
134	0.14153	0.00375912	0.0567887	0.0720651	0.00989544	0.0647389	0.0214822	0.0137662	0.0940762	0.0309474	0.01396	0.07883	0.00453472	0.0878956	0.053459	0.142773	0.0765051	0.0278895	0.000242239	0.00486211
135	0.713473	0.032854	0.000486554	0.00114682	0.00284656	0.081265	0.000720279	0.00319073	0.00282332	0.0029224	0.00264818	0.000819621	0.00296424	0.00192138	0.000797673	0.110196	0.0173258	0.0200967	0.000166044	0.00133659
136	0.0021464	0.0132736	0.000871248	0.0057194	0.0752745	0.00522541	0.00193595	0.00289443	0.00122272	0.0232602	0.00227104	0.00154708	0.00078963	0.00129729	0.00143026	0.00237217	0.00612118	0.00682242	0.821624	0.0239012
137	0.10727	0.0408613	0.084788	0.024637	0.0475926	0.0463093	0.0322782	0.00524254	0.0131087	0.0817044	0.0556115	0.196688	0.00228409	0.0447005	0.0156294	0.137917	0.0195381	0.0106013	0.00649116	0.0267475
138	0.357211	0.0937916	0.00174617	0.00370396	0.0104001	0.0231266	0.0143118	0.00739339	0.00354029	0.0166243	0.00428368	0.00483105	0.00347854	0.00311686	0.00312161	0.32072	0.0998949	0.0239891	0.00083429	0.00388039
139	0.0116634	0.0122572	0.000355209	0.000768793	0.307024	0.000619426	0.0243323	0.00275527	0.00297214	0.0319975	0.0121272	0.00869083	0.00226431	0.00315017	0.0059686	0.00674678	0.00105661	0.000977217	0.0220187	0.542254
140	0.0181177	0.00211037	0.000709241	0.00468126	0.00136975	0.00194914	0.000551783	0.520724	0.00240489	0.0973442	0.0160333	0.000662064	0.00197115	0.00209438	0.00231055	0.00325101	0.0103601	0.3114	0.000284026	0.00167108
141	0.0205781	0.00576892	0.0197372	0.0234686	0.0213674	0.0177386	0.0411159	0.00688225	0.276146	0.0239739	0.0112265	0.211294	0.00131808	0.032227	0.194445	0.0398718	0.00781867	0.00533557	0.00063998	0.0390462
142	0.0122619	0.00202991	0.0016853	0.00296406	0.104209	0.00249909	0.00996994	0.00377273	0.0031734	0.290961	0.452762	0.0255328	0.00143883	0.0118907	0.00316755	0.00468255	0.00438282	0.00539669	0.00970659	0.0475136
143	0.0263372	0.00043763	0.137849	0.729851	0.000660094	0.0161832	0.00548369	0.00308349	0.00260813	0.00543457	0.00162797	0.0132333	0.00379587	0.0266967	0.00427718	0.0101572	0.00606548	0.00485376	0.000215589	0.00114849
144	0.0458534	0.00320243	0.00276749	0.0353156	0.00722518	0.0164133	0.00175572	0.123052	0.0326468	0.28205	0.121908	0.00273745	0.000885395	0.0403507	0.0458583	0.0398348	0.0956626	0.0969855	0.000892428	0.00460217
145	0.00942099	0.00255191	0.00335438	0.0128744	0.000960714	0.00463695	0.00343307	0.0044284	0.153403	0.0147773	0.00699117	0.0100968	0.00424234	0.0239379	0.709232	0.0132274	0.0134807	0.00626319	0.000206351	0.00248133
146	0.0536152	0.0725404	0.00920972	0.007112	0.0461069	0.0146752	0.119248	0.0207566	0.00827412	0.0648637	0.0479982	0.0462431	0.00480517	0.220249	0.0722481	0.0444048	0.00711809	0.0581312	0.00104656	0.0813544
147	0.0159123	0.00256314	0.0607898	0.0614642	0.0125726	0.147088	0.0488731	0.01065	0.169864	0.0640563	0.0218604	0.0921984	0.00599443	0.124868	0.0860597	0.0391752	0.0106228	0.0137206	0.00208735	0.00957989
148	0.048653	0.00261972	0.0728013	0.205164	0.00827235	0.0414159	0.0322941	0.0129024	0.103707	0.0585859	0.0222946	0.0810862	0.00218365	0.132134	0.0804498	0.051047	0.0265472	0.00904716	0.00326688	0.00552757
149	0.00525368	0.0023305	0.00188174	0.00745695	0.156524	0.00216716	0.0142934	0.232702	0.0105405	0.159228	0.0419204	0.00989456	0.00909151	0.00282571	0.0144689	0.00496008	0.0409499	0.180521	0.052056	0.0509344
150	0.0438274	0.000365517	0.280782	0.47919	0.000486418	0.0412023	0.00839582	0.00566277	0.00390352	0.00343745	0.00126594	0.0184562	0.0107506	0.0565208	0.00220733	0.0219472	0.0106461	0.00922085	0.000138463	0.00159347
151	0.0359252	0.0100629	0.0208719	0.0345678	0.013993	0.0284794	0.0429515	0.016613	0.241539	0.0364253	0.0140582	0.15909	0.00196803	0.0624321	0.186682	0.0441879	0.0201469	0.0100267	0.00096046	0.0190188
152	0.0363479	0.00340818	0.0187144	0.0482289	0.00398377	0.0223615	0.0250051	0.0135502	0.261938	0.0208941	0.00969548	0.0537713	0.0037047	0.086882	0.272607	0.0600022	0.0345589	0.0168152	0.000515941	0.00701498
153	0.162533	0.00698187	0.0477693	0.0729844	0.0203038	0.0648405	0.0151459	0.0217011	0.0811699	0.0481747	0.0214112	0.0549893	0.00258479	0.0778144	0.0424909	0.103724	0.107381	0.0434737	0.000120652	0.00440601
154	0.0139293	0.00121827	0.000737364	0.00472714	0.000673849	0.00111079	0.000445434	0.539394	0.00203392	0.0927184	0.0121645	0.000507805	0.00205393	0.00215119	0.00210731	0.00144928	0.00556684	0.315213	0.000156449	0.00164103
155	0.0118138	0.0122406	0.000375355	0.000795026	0.308395	0.000636199	0.0313192	0.00287657	0.00317015	0.0305406	0.0147814	0.0103372	0.00272529	0.0034038	0.00681661	0.0080503	0.00119018	0.00094897	0.02307	0.526514
156	0.0645073	0.000595931	0.0936745	0.397168	0.005209	0.0264889	0.00875305	0.0110635	0.0430065	0.0270115	0.0120953	0.0313731	0.000546589	0.144137	0.0316083	0.0577422	0.0353389	0.00339557	0.00161446	0.00467072
157	0.00326247	0.00846057	0.000523127	0.00343413	0.629452	0.00340683	0.0136353	0.00464244	0.00133314	0.0549523	0.0112975	0.00213533	0.00293338	0.00143956	0.00372106	0.0066945	0.0010728	0.0098655	0.0627826	0.174956
158	0.0146188	0.00378845	0.00288225	0.00451126	0.0113271	0.00507312	0.001304	0.283942	0.00287926	0.418509	0.0271888	0.00452654	0.00102695	0.00187425	0.00254327	0.0076174	0.021985	0.169681	0.00219717	0.0125244
159	0.0143088	0.00187904	0.00108838	0.0100384	0.00137039	0.0039305	0.00401067	0.0170079	0.415589	0.0454252	0.00974991	0.00605408	0.00906933	0.0223362	0.368673	0.0195734	0.02069	0.0202719	0.000339475	0.00859401
160	0.00178597	0.00773148	0.000592407	0.00393829	0.681497	0.00389564	0.0114778	0.00513724	0.00100938	0.0585299	0.0111647	0.00131547	0.00287864	0.00100705	0.00345646	0.00665491	0.00114832	0.0114493	0.0677888	0.117541
161	0.388187	0.0472297	0.00200581	0.00877842	0.00576221	0.0338813	0.00312673	0.0882318	0.00375712	0.0300462	0.0110435	0.00830602	0.00255876	0.00355015	0.0039686	0.093907	0.106368	0.155412	0.000409985	0.00346925
162	0.0122143	0.00102976	0.00844459	0.0350788	0.000675497	0.0208305	0.00995437	0.00555075	0.522929	0.0140279	0.00686101	0.0365421	0.00125635	0.061309	0.214273	0.0245797	0.0166419	0.00689845	0.000172262	0.000730633
163	0.00246088	0.00806468	0.000888516	0.00552481	0.670317	0.004335	0.0113213	0.00611641	0.00187866	0.0583013	0.0125445	0.0014505	0.00283544	0.00201462	0.0040023	0.00698065	0.00212001	0.0125371	0.0711704	0.115136
164	0.548638	0.0541498	0.000687686	0.00361211	0.00360009	0.0419095	0.00270676	0.0180366	0.00221246	0.00559528	0.00362729	0.00252139	0.00113406	0.0014623	0.00184135	0.153137	0.0679773	0.0820671	0.000264066	0.00481995
165	0.00733116	0.00332327	0.00163853	0.00455715	0.000472961	0.00222877	0.000391645	0.000619666	0.00838777	0.0034599	0.00399638	0.00224734	0.00386213	0.000617696	0.941577	0.004351	0.00961441	0.000808537	0.000123578	0.000391124
166	0.0992695	0.00557214	0.0339269	0.0560366	0.00810544	0.0355675	0.0227028	0.02608	0.142563	0.0459917	0.0241838	0.0597648	0.00532261	0.110154	0.111259	0.0888961	0.0851462	0.0348162	0.000325813	0.00431501
167	0.0227921	0.0101486	0.00237442	0.00512911	0.00448851	0.0103735	0.00307048	0.171687	0.00168843	0.0235253	0.00909245	0.00290929	0.00090397	0.00172819	0.0100879	0.00705107	0.0328413	0.678676	0.000318783	0.00111356
168	0.0121925	0.0123348	0.000343347	0.000707301	0.299598	0.000566929	0.0216122	0.0027859	0.00299353	0.0336294	0.0107341	0.00736812	0.00195082	0.00323874	0.00549447	0.00599582	0.00102711	0.000850283	0.0200689	0.556507
169	0.0846255	0.00325716	0.0721709	0.28569	0.00909456	0.0353878	0.0155309	0.0171979	0.0562388	0.0378273	0.0166692	0.0386158	0.00247661	0.130315	0.0405718	0.0645647	0.066194	0.0175825	0.00126836	0.00472067
170	0.0854436	0.00428009	0.0283721	0.049156	0.00746932	0.0251231	0.028216	0.0259485	0.183677	0.0454941	0.022675	0.0529066	0.00584722	0.10635	0.138452	0.0851043	0.0731498	0.027218	0.000524989	0.00459304
171	0.710713	0.0242869	0.000508366	0.000812645	0.00233992	0.106334	0.000560221	0.00149907	0.00401693	0.00324709	0.00286806	0.000704972	0.00215324	0.00260255	0.000762753	0.118697	0.00973851	0.00721228	0.000174059	0.000768163
172	0.0440895	0.0108939	0.000729453	0.0058397	0.0158555	0.00874388	0.00101396	0.368255	0.0120967	0.190104	0.0962013	0.000782583	0.00227551	0.00267031	0.00583122	0.0198334	0.0574621	0.149609	0.00346988	0.00424349
173	0.0931953	0.00104316	0.17306	0.441348	0.00496982	0.0394134	0.00767592	0.00803596	0.0123019	0.0101557	0.00525501	0.0158536	0.0197012	0.0956675	0.0142014	0.0261703	0.0197673	0.00802454	0.00143722	0.00272322
174	0.0777979	0.00335661	0.0252758	0.0527075	0.00252453	0.021462	0.02657	0.0233412	0.189628	0.0344028	0.0203615	0.0574169	0.00582696	0.118167	0.154481	0.0881657	0.0684766	0.025296	0.000391491	0.00435041
175	0.00812586	0.00355596	0.00201253	0.00594786	0.132086	0.00256393	0.0104228	0.225236	0.00834529	0.238121	0.0350087	0.00816685	0.00726841	0.00298365	0.0115644	0.00557943	0.0333285	0.179106	0.0373677	0.0432091
176	0.0126731	0.00802858	0.00676602	0.0119752	0.234273	0.00653083	0.0338645	0.0662853	0.0136952	0.117035	0.00969938	0.00276185	0.00346188	0.0191758	0.0127873	0.0194388	0.020822	0.0305669	0.00905991	0.3611
177	0.100073	0.0218511	0.00122486	0.00301127	0.00137824	0.0198168	0.00190389	0.239282	0.00273391	0.105391	0.0136451	0.00594463	0.0006781	0.00283461	0.00311202	0.0666727	0.104041	0.303801	0.000347364	0.00225772
178	0.139745	0.00611405	0.0276805	0.00883882	0.00540038	0.200758	0.013642	0.00651514	0.0483173	0.0102174	0.0032173	0.133752	0.0215431	0.0424747	0.0447576	0.192836	0.0719947	0.0165466	0.000474973	0.00517481
179	0.0019404	0.00777634	0.000585084	0.00384629	0.676044	0.00380729	0.0115573	0.00509328	0.0010525	0.058225	0.0110531	0.00138375	0.0028833	0.00108785	0.00346111	0.00667403	0.00112254	0.0112685	0.0670009	0.124137
180	0.729478	0.0306324	0.000504631	0.000794149	0.00299319	0.0882374	0.000549188	0.00170477	0.00305469	0.00273366	0.00268324	0.000683354	0.00252468	0.00203071	0.000778766	0.110094	0.0106807	0.00881433	0.000169779	0.000857926
181	0.0232242	0.00227949	0.0255191	0.069163	0.000578304	0.0170508	0.0159756	0.00841836	0.294403	0.0128633	0.00399944	0.0447613	0.000845213	0.108399	0.263325	0.0577323	0.0374271	0.0119453	0.000164468	0.00192574
182	0.00314556	0.00846299	0.000604295	0.00377193	0.630137	0.00382047	0.0123539	0.00844271	0.00169344	0.0632127	0.018662	0.00212471	0.00304902	0.00156283	0.00411443	0.0068742	0.00282381	0.0130805	0.0645946	0.147469
183	0.0123872	0.000613853	0.0272473	0.913638	0.000794247	0.00462893	0.00195188	0.00124544	0.00226898	0.00663946	0.00161602	0.00489851	0.000519641	0.00796037	0.00381116	0.00507042	0.00213899	0.00128697	0.000300338	0.000981717
184	0.138803	0.0165635	0.0438248	0.0724622	0.0154677	0.0216697	0.0143913	0.0871379	0.0141346	0.029121	0.0182692	0.0338731	0.0191913	0.0293213	0.018187	0.138977	0.196823	0.079377	0.00278785	0.00961729
185	0.0512716	0.067125	0.00991791	0.0069341	0.0463037	0.0141583	0.118374	0.0181136	0.00825164	0.0603013	0.0443876	0.0513288	0.00479344	0.250533	0.0709977	0.0433566	0.00609144	0.0560788	0.000858066	0.0708235
186	0.0170256	0.00135114	0.0154929	0.0500169	0.00105855	0.024413	0.0152419	0.00796749	0.38834	0.0121615	0.0062873	0.0419511	0.00141656	0.0867929	0.255769	0.0371769	0.0245317	0.0108006	0.000167318	0.00203777
187	0.0114577	0.000662122	0.0239587	0.926695	0.000695837	0.00381991	0.00196863	0.00109966	0.00144397	0.00623793	0.00130026	0.00428439	0.000418053	0.00420067	0.00303341	0.00447597	0.00143679	0.00162945	0.000230804	0.000950745
188	0.0519011	0.00871173	0.00224653	0.0098232	0.107544	0.00361933	0.0448969	0.0824222	0.00734789	0.121116	0.0446925	0.00398447	0.0602012	0.00462181	0.0165923	0.059805	0.045709	0.116638	0.00220853	0.205919
189	0.0258069	0.000393865	0.12829	0.757034	0.00056348	0.0141472	0.00525791	0.00247806	0.00133711	0.00463442	0.00136168	0.0126709	0.00331441	0.0218025	0.00387098	0.00783843	0.00465861	0.00342689	0.000199293	0.000913437
190	0.00753881	0.00358557	0.00181617	0.00505143	0.000473265	0.00237505	0.000677276	0.000762884	0.0120495	0.00389148	0.00395893	0.0027239	0.00382085	0.00177434	0.933237	0.00490287	0.00983645	0.000921396	0.000164781	0.000437685
