498	20
1	0.0708906	0.00590044	0.026709	0.0697136	0.0206945	0.0483311	0.0376096	0.0264618	0.0738887	0.0241719	0.012603	0.0865548	0.0628154	0.0360727	0.0607219	0.183868	0.0909055	0.0259353	0.00369929	0.0324527
2	0.0384735	0.00469054	0.0237083	0.0582728	0.042659	0.0236631	0.0221025	0.0598505	0.0191997	0.169551	0.088584	0.0245262	0.0172002	0.0406519	0.0312929	0.0548242	0.167846	0.104786	0.00432769	0.00378899
3	0.140757	0.0481088	0.00266211	0.00350241	0.0819493	0.0705452	0.003995	0.0109609	0.0188468	0.088299	0.0336083	0.0520074	0.0230621	0.00400089	0.0177698	0.0808196	0.0902407	0.100016	0.109788	0.0190599
4	0.0855666	0.00244602	0.108181	0.133879	0.00514469	0.0306268	0.0313995	0.00509924	0.0524119	0.0118031	0.0274251	0.0622346	0.219971	0.0285875	0.0161424	0.0926395	0.0334943	0.0409583	0.00419463	0.00779458
5	0.0465479	0.00582009	0.0455259	0.0956241	0.0143636	0.012038	0.0521598	0.025493	0.157768	0.0349134	0.0178641	0.032687	0.0289602	0.0819587	0.169183	0.0546235	0.0577882	0.0474975	0.00399621	0.015187
6	0.196181	0.00849246	0.00302397	0.0242184	0.0105716	0.117517	0.00672761	0.171612	0.0218828	0.0975036	0.00622658	0.00477435	0.0427125	0.00652067	0.00459859	0.0121753	0.0150015	0.121291	0.0803082	0.0486602
7	0.134207	0.0271521	0.0012915	0.00170397	0.0980294	0.0769533	0.00407719	0.136796	0.00233864	0.185239	0.0347761	0.0028454	0.0158585	0.00205473	0.00942606	0.0382538	0.0496004	0.170955	0.00377617	0.00466605
8	0.0538576	0.010281	0.0357128	0.0681356	0.0212481	0.0399544	0.0456083	0.0281856	0.117923	0.0596202	0.021048	0.0661449	0.0256245	0.0565246	0.13746	0.0783946	0.0622404	0.0440502	0.00780504	0.020181
9	0.17143	0.0529605	0.00629036	0.00850828	0.0199501	0.239478	0.00661062	0.106462	0.00657402	0.0259001	0.0120379	0.00619291	0.00746726	0.00678594	0.00607266	0.0691717	0.100825	0.139318	0.00347487	0.00448927
10	0.0680827	0.00948264	0.00658211	0.00173363	0.223976	0.00338037	0.00400401	0.268148	0.00200509	0.14286	0.0182162	0.00222554	0.00190823	0.00560406	0.00182574	0.00525856	0.0810419	0.1504	0.00106372	0.00220182
11	0.00889542	0.00609259	0.000397775	0.000450346	0.02005	0.00341418	0.00184025	0.420996	0.00130465	0.181537	0.0131114	0.00119741	0.00395065	0.000539971	0.00105506	0.00383163	0.0139643	0.314513	0.00053926	0.00231949
12	0.024818	0.00610618	0.00455206	0.00948329	0.219255	0.00668279	0.0151552	0.0139904	0.00830384	0.0264938	0.00788427	0.00815953	0.00435063	0.00451405	0.00843842	0.0180512	0.018242	0.024146	0.0628475	0.508526
13	0.0101073	0.0208637	0.00108835	0.0022675	0.261099	0.00303209	0.00333146	0.0708797	0.00191115	0.486366	0.0844115	0.00137388	0.00304684	0.000830219	0.00241747	0.00479257	0.017413	0.0167757	0.0043981	0.00359377
14	0.0851744	0.0168176	0.000267516	0.000274687	0.0757002	0.020123	0.00232124	0.213613	0.00154523	0.256488	0.0466319	0.000418476	0.00332673	0.000364349	0.00209891	0.0176067	0.0210722	0.225636	0.00584632	0.0046741
15	0.381927	0.0269153	0.00138928	0.00155693	0.0651127	0.160747	0.00387444	0.0336655	0.00250235	0.0518593	0.00842484	0.00192066	0.00366699	0.00164068	0.00231477	0.118357	0.0595016	0.0703427	0.00244508	0.00183591
16	0.0160382	0.00230942	0.00188432	0.00537707	0.0164711	0.00688687	0.000928257	0.0730546	0.00351927	0.643471	0.171887	0.00288918	0.00079107	0.00101368	0.00447146	0.00480593	0.00733307	0.0318112	0.00149827	0.00355914
17	0.0760775	0.0170749	0.000504897	0.000255242	0.0811575	0.0186348	0.00167611	0.2177	0.00149287	0.271764	0.0490515	0.000375081	0.00211551	0.000466963	0.0015544	0.0132756	0.0195713	0.217499	0.00491191	0.00484066
18	0.0161136	0.00170918	0.000979645	0.00610926	0.254501	0.0017361	0.0066886	0.00301627	0.00158572	0.0131123	0.0018089	0.00278159	0.00111103	0.00132766	0.00141465	0.01264	0.00872884	0.0145512	0.0709653	0.579119
19	0.0331725	0.0936619	0.00158597	0.00350227	0.114837	0.0466425	0.0105129	0.059276	0.00329898	0.290399	0.0899666	0.00252356	0.00888492	0.00662053	0.00186201	0.123896	0.0575785	0.0379308	0.0106746	0.00317368
20	0.021198	0.0326121	0.00140284	0.0018449	0.38086	0.00666548	0.0071017	0.0745129	0.00237933	0.320313	0.0385389	0.00335499	0.0098088	0.00237139	0.00293483	0.0110146	0.0250521	0.0353406	0.0102947	0.0123995
21	0.0542702	0.0131075	0.00076304	0.000609897	0.0760996	0.013459	0.0015242	0.201209	0.0014226	0.32421	0.0783574	0.000928051	0.0038402	0.00139718	0.00167068	0.0136176	0.0189739	0.183227	0.0048541	0.00645855
22	0.503382	0.00626684	0.00429984	0.00437296	0.0161483	0.31269	0.0082849	0.00645354	0.00248109	0.00724591	0.00247439	0.00277262	0.00968248	0.0041688	0.0026508	0.0651294	0.0208885	0.0177468	0.00105122	0.00180981
23	0.0136974	0.00912331	0.000273572	0.0028794	0.00370926	0.00189672	0.00475875	0.384449	0.00177348	0.046678	0.0290203	0.00238582	0.00312172	0.00366574	0.000900635	0.00240612	0.015033	0.471268	0.00134418	0.00161564
24	0.308909	0.0346793	0.0030538	0.00601958	0.00297535	0.0483316	0.00471355	0.00912615	0.00912016	0.00494878	0.00312548	0.031894	0.0100179	0.0103835	0.00531	0.40259	0.0784079	0.0223045	0.00162446	0.00246438
25	0.0219771	0.00910544	0.000927487	0.0019182	0.0266293	0.00546647	0.00283537	0.371751	0.00261636	0.164875	0.0267756	0.00193505	0.00342046	0.00262027	0.00229865	0.00615222	0.0200313	0.324218	0.00148753	0.00295963
26	0.0863728	0.0170813	0.00031785	0.000472518	0.067004	0.0227058	0.00274495	0.225546	0.00173404	0.236868	0.0444884	0.000867845	0.00307425	0.000599672	0.00220964	0.020461	0.0227098	0.234242	0.00587461	0.00462518
27	0.39805	0.027077	0.00103276	0.00576945	0.00326495	0.0451948	0.003269	0.00774899	0.00624657	0.00537104	0.00388061	0.0130392	0.0139941	0.00960655	0.00458579	0.328698	0.0869885	0.0332938	0.00140314	0.00148588
28	0.0407467	0.00515174	0.312602	0.224968	0.00638671	0.0349813	0.0379524	0.00632186	0.0294222	0.0115483	0.00720026	0.0784035	0.0268478	0.05101	0.017214	0.053881	0.034837	0.0147191	0.00117473	0.00463204
29	0.0942923	0.0223856	0.0146844	0.0283334	0.00808866	0.0116637	0.00575738	0.161786	0.0574932	0.0304894	0.0413192	0.0136874	0.00727684	0.0282397	0.0523372	0.0787743	0.107782	0.224189	0.00208243	0.0093374
30	0.0379033	0.0257329	0.00300711	0.0032994	0.263026	0.00954332	0.00763741	0.162411	0.00342481	0.249591	0.0405438	0.00456371	0.00905196	0.0046602	0.00427002	0.0180455	0.0341799	0.0974131	0.0091043	0.0125926
31	0.0490634	0.0151687	0.0099026	0.0188519	0.0534971	0.0211292	0.0116078	0.122664	0.0191587	0.257936	0.126973	0.0126057	0.0130722	0.0176433	0.0177808	0.0326111	0.0519066	0.1241	0.00698032	0.0173467
32	0.161774	0.0424937	0.0203785	0.0124501	0.00514724	0.0888265	0.00930133	0.00706582	0.0199376	0.0149379	0.00328014	0.107457	0.00435417	0.00464761	0.0279862	0.344154	0.103946	0.0147766	0.00106848	0.0060169
33	0.381097	0.0369654	0.00106626	0.00163364	0.00619655	0.0767323	0.0041315	0.00898948	0.00857258	0.00705134	0.00200932	0.00714436	0.00712378	0.00995193	0.0067516	0.347453	0.0542724	0.029145	0.00182136	0.0018916
34	0.0143818	0.00857866	0.000660416	0.00285961	0.00927584	0.00291468	0.00409237	0.384946	0.00307365	0.0765379	0.0241868	0.00236167	0.00443359	0.00375587	0.00187772	0.00407126	0.0173212	0.430658	0.00151368	0.00249999
35	0.0133339	0.00180323	0.0794345	0.578188	0.00281148	0.00982149	0.0105416	0.0190728	0.0111245	0.0192337	0.0182258	0.0139924	0.00902384	0.094612	0.00765657	0.0284607	0.0354411	0.0443429	0.00101764	0.0018618
36	0.0733252	0.0157156	0.014645	0.0432098	0.014624	0.00419767	0.0107784	0.103928	0.0787683	0.0455071	0.047066	0.0147011	0.00469111	0.039659	0.0642393	0.0590179	0.154851	0.192883	0.00328443	0.0149086
37	0.022576	0.00932482	0.00135009	0.00246249	0.0253802	0.00620835	0.00382375	0.367453	0.00331239	0.175396	0.0302033	0.0021215	0.00344096	0.00410466	0.00273068	0.00740755	0.0193794	0.305048	0.00290783	0.0053685
38	0.0753678	0.0865473	0.00802833	0.011306	0.0180717	0.0164862	0.00698049	0.0559156	0.010723	0.0408045	0.0256284	0.0141658	0.0111641	0.00927054	0.0101239	0.163905	0.358546	0.0613124	0.00767328	0.00797959
39	0.256525	0.029967	0.00848991	0.0117784	0.00477197	0.0513001	0.00712756	0.0087981	0.014308	0.00701943	0.00518391	0.0681144	0.0119084	0.00997745	0.00974981	0.365288	0.0982279	0.0255342	0.00238045	0.00354996
40	0.0559035	0.00399837	0.00333895	0.0118216	0.00560312	0.0341651	0.0909452	0.0363621	0.191124	0.00904855	0.0522021	0.0308696	0.00384533	0.316316	0.0546519	0.03099	0.0527374	0.0101093	0.00259182	0.00337683
41	0.0515196	0.00726503	0.0445255	0.0984259	0.012357	0.0150978	0.0311295	0.0388711	0.14258	0.039083	0.0285696	0.0355297	0.0218111	0.0734731	0.0828367	0.0649258	0.106303	0.0860747	0.00286537	0.0167575
42	0.0122207	0.00443602	0.000834785	0.00109656	0.00146928	0.00955084	0.0232907	0.0107372	0.385042	0.00249251	0.0127662	0.0133798	0.00903951	0.0329229	0.409932	0.024058	0.0261795	0.0102091	0.000557338	0.00978522
43	0.0660289	0.0138371	0.0237625	0.057631	0.0148204	0.00556388	0.0143504	0.0866235	0.100986	0.0430339	0.039976	0.0169363	0.00859568	0.0460445	0.0724052	0.0596042	0.143346	0.167939	0.00307043	0.0154448
44	0.0121194	0.00497386	0.000258318	0.00259638	0.0060281	0.00136376	0.00361871	0.383282	0.00315163	0.0744144	0.0155571	0.00152846	0.00601895	0.00296805	0.000862654	0.0016362	0.0096845	0.465845	0.00127163	0.0028207
45	0.0555675	0.0132952	0.00984762	0.032974	0.0195593	0.0040511	0.00791906	0.102741	0.101686	0.044254	0.0364416	0.00956148	0.00340167	0.0337507	0.0753229	0.0498445	0.174629	0.20069	0.003333	0.0211304
46	0.0233287	0.00738805	0.006466	0.0174477	0.0167794	0.00555515	0.005093	0.189621	0.0426376	0.154864	0.0448522	0.00383648	0.00185213	0.0243658	0.0465148	0.0104998	0.0876425	0.285852	0.00252589	0.0228782
47	0.0582594	0.00338266	0.0441622	0.0850324	0.0109065	0.0312834	0.0412359	0.0218699	0.138883	0.036148	0.0183639	0.0667168	0.0331652	0.0645481	0.0959152	0.10556	0.0801945	0.0420815	0.00474426	0.0175471
48	0.0561639	0.00371247	0.0458604	0.0891793	0.0106434	0.0285817	0.0405793	0.022136	0.141039	0.0368171	0.0189587	0.0639317	0.0311913	0.0662654	0.0955652	0.101878	0.080693	0.0443715	0.00443425	0.0179982
49	0.0131962	0.00731368	0.000238347	0.00357284	0.00386382	0.00148408	0.00432253	0.380785	0.00226694	0.0502563	0.0221056	0.00192778	0.00411001	0.00372052	0.000909728	0.00206256	0.0122574	0.482062	0.00147274	0.00207275
50	0.0415369	0.00962791	0.0173754	0.0629972	0.0305342	0.00497852	0.0751811	0.0187582	0.176015	0.0506436	0.0142261	0.0232081	0.0248003	0.0752626	0.276803	0.0340251	0.0254062	0.0209562	0.00903199	0.00863227
51	0.0137104	0.00764814	0.000235749	0.0033016	0.00351553	0.00148171	0.00449323	0.378982	0.00208659	0.0454254	0.0237876	0.00197002	0.00378833	0.00378768	0.000764588	0.0020021	0.0125113	0.487153	0.00148984	0.00186585
52	0.0920819	0.0221344	0.00986256	0.0129306	0.120219	0.018996	0.0134973	0.0286116	0.0142251	0.043345	0.0158081	0.0158917	0.0199795	0.00938786	0.0112589	0.0484249	0.0460967	0.0488027	0.343957	0.0644899
53	0.0544736	0.0130524	0.0839725	0.0534584	0.013485	0.112363	0.028156	0.0203832	0.0420206	0.0251478	0.0107949	0.215445	0.019736	0.0255181	0.0329425	0.140367	0.0667581	0.0297195	0.00369567	0.00851125
54	0.0825546	0.00513755	0.146932	0.174575	0.00768881	0.0380754	0.0250332	0.00707142	0.0412359	0.0131461	0.0212936	0.0513988	0.178121	0.0300725	0.0153245	0.0762299	0.0335572	0.0329413	0.0132951	0.00631609
55	0.148027	0.0243772	0.00797252	0.0151244	0.0176123	0.0244396	0.00755879	0.0772871	0.0238597	0.0610429	0.0348592	0.0170161	0.0126984	0.012929	0.0166753	0.0976582	0.252859	0.132871	0.00623472	0.00889699
56	0.0229474	0.0103904	0.00196151	0.00726624	0.014642	0.00512248	0.00512612	0.349328	0.0052847	0.0882642	0.0282244	0.00389551	0.00420825	0.00610728	0.00407959	0.00876013	0.0275697	0.400152	0.00220853	0.00446101
57	0.412323	0.0306676	0.00252738	0.00519241	0.00501095	0.0612459	0.00349684	0.00956923	0.00901515	0.00736625	0.00298788	0.0118659	0.0117402	0.0107469	0.00601521	0.311101	0.066295	0.0293276	0.00159798	0.00190779
58	0.052127	0.0127276	0.0946352	0.0607392	0.012862	0.108265	0.0305201	0.0191852	0.0436855	0.0246992	0.0132472	0.201028	0.0182684	0.028665	0.0303429	0.137117	0.0673874	0.0317985	0.00354266	0.00915732
59	0.0257873	0.00859606	0.00183245	0.00248825	0.0361194	0.00791776	0.00304831	0.193561	0.00242331	0.494186	0.0596711	0.00275094	0.00285899	0.00198056	0.00240773	0.00790581	0.0168182	0.118595	0.00263086	0.0084203
60	0.0390462	0.0239591	0.0144856	0.00872719	0.00279195	0.017164	0.00242433	0.0101032	0.00268992	0.0121159	0.0107242	0.00572267	0.00397099	0.00216246	0.00196699	0.377643	0.444461	0.0106283	0.00111503	0.00809828
61	0.0235308	0.00910315	0.00291117	0.00469515	0.0385774	0.00848043	0.00341762	0.136151	0.00566007	0.527934	0.093245	0.00369262	0.00343825	0.00404263	0.00515864	0.0135272	0.0236839	0.081336	0.00356492	0.00784985
62	0.0188048	0.0056804	0.00215431	0.0050701	0.0302769	0.00832798	0.00148327	0.0882594	0.00415059	0.575705	0.165926	0.00350225	0.00355133	0.00259234	0.00451685	0.0110104	0.0110236	0.0505835	0.0028026	0.00457784
63	0.41989	0.0222616	0.00541697	0.0095365	0.0219087	0.12425	0.00664942	0.0240466	0.0123141	0.0305516	0.00992812	0.00940168	0.0140096	0.00961454	0.0084431	0.152482	0.0543199	0.0460528	0.00500892	0.0139135
64	0.024113	0.0181086	0.00187563	0.00334833	0.150798	0.00891755	0.00351318	0.0985638	0.00315933	0.441638	0.114905	0.00333082	0.00906614	0.00245795	0.00308493	0.0160081	0.0191825	0.066087	0.00520147	0.00663944
65	0.0905156	0.00824803	0.0521958	0.0518981	0.0152707	0.450223	0.0109231	0.0133378	0.0294195	0.01775	0.00574926	0.0719854	0.0180577	0.0206026	0.0168635	0.0600096	0.0358451	0.0225127	0.00131328	0.0072789
66	0.0591199	0.0892614	0.00856081	0.00375041	0.00401494	0.00959846	0.00311499	0.0343254	0.00309456	0.0159658	0.0154741	0.0108069	0.00722396	0.00276338	0.00291359	0.260939	0.432829	0.0294385	0.00170425	0.00510019
67	0.198951	0.0316152	0.0188819	0.0203231	0.0107565	0.0552079	0.0116211	0.0238831	0.023582	0.0252799	0.0113893	0.0376107	0.0156562	0.0172568	0.0177835	0.327984	0.109563	0.0319975	0.00267461	0.00798382
68	0.291423	0.0591579	0.00332681	0.00381248	0.00371089	0.0444342	0.00442321	0.0178684	0.00867501	0.00900594	0.00554869	0.0192618	0.00696996	0.0112725	0.00588573	0.365153	0.105058	0.0301218	0.00233258	0.002558
69	0.111482	0.012605	0.0448064	0.0696661	0.0192763	0.0365142	0.0208669	0.0228675	0.0471923	0.0263054	0.0213537	0.0377097	0.22154	0.0241282	0.0254187	0.128582	0.0638745	0.0486994	0.00676738	0.0103435
70	0.022416	0.0029077	0.0907513	0.537915	0.00446249	0.0215965	0.013354	0.0107462	0.0206139	0.0141262	0.0133978	0.0233498	0.012062	0.0888312	0.0149593	0.0368648	0.0373342	0.0287441	0.00148496	0.00408282
71	0.0259852	0.0113923	0.00341959	0.00769663	0.0339884	0.00858479	0.006381	0.350843	0.00643278	0.149624	0.0306036	0.00537013	0.00690996	0.0075842	0.00550832	0.0133659	0.0319776	0.283996	0.00320614	0.00712993
72	0.0169131	0.00283342	0.00191247	0.00521714	0.0199879	0.00725471	0.000966409	0.075391	0.00406088	0.615447	0.180302	0.0034266	0.00173234	0.00150185	0.00449888	0.00667664	0.00846963	0.0377646	0.00187079	0.00377247
73	0.0219155	0.00818354	0.0028638	0.00612853	0.0349931	0.00884105	0.00252883	0.103041	0.00580656	0.564334	0.133523	0.00368374	0.00298565	0.00462452	0.00540596	0.0105182	0.0142461	0.0576326	0.00280651	0.00593804
74	0.28316	0.0335316	0.0048139	0.00804324	0.00298421	0.0479682	0.00552493	0.00883057	0.0105063	0.00523502	0.00348378	0.0453963	0.00972152	0.00971981	0.0064907	0.401082	0.088016	0.0210475	0.00152818	0.00291592
75	0.00659966	0.0125706	0.000681992	0.000554528	0.0170027	0.00328922	0.00218299	0.44615	0.000802215	0.148706	0.0195798	0.00138519	0.00202057	0.00143443	0.00106302	0.00562475	0.0203089	0.308151	0.000427819	0.00146507
76	0.0474101	0.0141169	0.00147811	0.00180986	0.0606614	0.0105192	0.00326954	0.313359	0.0016234	0.171653	0.0442304	0.00177702	0.00269137	0.00275674	0.00188987	0.00988395	0.024628	0.28007	0.00293992	0.00323203
77	0.0218436	0.00356883	0.0947514	0.487661	0.00778307	0.0281507	0.0156652	0.0134272	0.0259006	0.0179089	0.0144117	0.0281596	0.013306	0.085061	0.0193793	0.0433666	0.0387724	0.0307987	0.00180511	0.00827871
78	0.02601	0.0129793	0.00409116	0.00752912	0.00672658	0.00839639	0.00576379	0.385669	0.00713001	0.0753478	0.0271407	0.00446746	0.00292048	0.0217445	0.00762746	0.0184555	0.0552875	0.318404	0.00163843	0.00267162
79	0.0753655	0.0184973	0.0002589	0.000359246	0.0662975	0.0196042	0.00222735	0.238739	0.00145632	0.235456	0.0467022	0.00077925	0.00251754	0.000720816	0.00179366	0.0156568	0.0222841	0.240683	0.00575739	0.00484393
80	0.0119796	0.00396991	0.0676501	0.0699137	0.00530554	0.410445	0.0167052	0.0059963	0.0486939	0.00586339	0.00133562	0.202824	0.0172929	0.0390881	0.0182556	0.0408914	0.0209316	0.00760263	0.000488467	0.00476661
81	0.0578863	0.00477108	0.0631349	0.096949	0.0234407	0.0334601	0.0401512	0.0220607	0.125435	0.0426024	0.0188773	0.0599298	0.0298201	0.06042	0.0835024	0.0956356	0.076057	0.0400101	0.00412397	0.021733
82	0.0444278	0.00455674	0.0588366	0.185425	0.00848459	0.0128071	0.0627721	0.0207776	0.161422	0.0311194	0.0114558	0.050557	0.0220042	0.0854469	0.0644326	0.0398007	0.0463076	0.0573877	0.00141839	0.0305603
83	0.391655	0.0182919	0.00203078	0.00858986	0.00581661	0.0495087	0.00229253	0.00839871	0.0200586	0.0127859	0.00413613	0.0136328	0.033778	0.0169932	0.0145706	0.302954	0.0647278	0.0247587	0.00128879	0.00373153
84	0.0223952	0.00605186	0.0707478	0.0711786	0.00803001	0.458182	0.0150985	0.00425664	0.0426912	0.0143309	0.00320308	0.0990035	0.0209154	0.0299254	0.0363759	0.0515221	0.0281319	0.00911575	0.000537311	0.00830686
85	0.069244	0.00495649	0.246758	0.241632	0.00760821	0.02972	0.0156749	0.00369527	0.0389641	0.0100295	0.00565752	0.0708117	0.0260683	0.0627917	0.0167627	0.0898455	0.0503218	0.00651314	0.000804103	0.00214147
86	0.0192975	0.0130869	0.0015902	0.00369039	0.0792289	0.00908191	0.00234563	0.0858122	0.00271436	0.511012	0.151576	0.00367612	0.00944276	0.00208221	0.00373224	0.0165698	0.0161329	0.0587403	0.00391139	0.00627622
87	0.0897392	0.0078462	0.0529315	0.0518941	0.0138764	0.457674	0.0113016	0.0126986	0.0297471	0.0144192	0.00390661	0.0748807	0.0169097	0.021391	0.0150484	0.0582088	0.0362274	0.0223058	0.00195639	0.00703703
88	0.0746419	0.00872298	0.0335491	0.0596754	0.0477423	0.0312298	0.0258936	0.0257859	0.0944488	0.0339958	0.0193824	0.0418085	0.15285	0.0361203	0.0527459	0.102949	0.0876675	0.0456494	0.0102189	0.0149222
89	0.106266	0.01561	0.0139063	0.0169538	0.0199251	0.143611	0.0126003	0.00999167	0.0185791	0.00935998	0.00433099	0.1221	0.00811248	0.00491553	0.0119586	0.372282	0.0739221	0.0136964	0.00204038	0.0198387
90	0.0794739	0.0798175	0.00683102	0.0082603	0.0150857	0.0176041	0.00676067	0.0824661	0.0101024	0.0418	0.0234667	0.0116357	0.0455907	0.0087099	0.0084278	0.162107	0.312306	0.0669648	0.00503022	0.00755913
91	0.053474	0.0125776	0.0161734	0.0666149	0.0120197	0.0130677	0.0159752	0.168309	0.0413586	0.0747545	0.0384237	0.0148633	0.00604518	0.0394382	0.0395793	0.0364759	0.101608	0.234759	0.00311255	0.0113698
92	0.0446484	0.00892984	0.00243607	0.00711365	0.0126716	0.00936282	0.00543235	0.308022	0.00740482	0.0677963	0.0207824	0.00517317	0.0186523	0.00580466	0.00543398	0.0148993	0.026757	0.419509	0.00411984	0.00505009
93	0.0780374	0.00797703	0.0559016	0.0530261	0.0140513	0.451947	0.01153	0.00963811	0.0321505	0.015929	0.00449937	0.0820957	0.0182823	0.0223987	0.0160421	0.058637	0.035661	0.020095	0.00420054	0.00790097
94	0.185523	0.029968	0.0189943	0.0239484	0.0126349	0.0541123	0.0119752	0.0231559	0.0253879	0.025123	0.0116016	0.0486513	0.0168748	0.0174203	0.0193829	0.312515	0.110831	0.037382	0.00513805	0.00938073
95	0.351685	0.0262598	0.00823361	0.0134771	0.0152711	0.0677673	0.00692186	0.0259146	0.0148469	0.0254097	0.01307	0.01874	0.017468	0.0117394	0.0107375	0.179347	0.123981	0.0561304	0.00596646	0.00703278
96	0.35642	0.0367144	0.00225809	0.00460522	0.00334333	0.0491975	0.00419423	0.0106823	0.00943188	0.00691876	0.00289898	0.018455	0.00934792	0.0113102	0.00616878	0.369847	0.0671738	0.0269891	0.00198113	0.00206223
97	0.0180454	0.00270438	0.0010618	0.00643522	0.251699	0.0020552	0.00851722	0.00372424	0.00245525	0.0158258	0.00295726	0.00329677	0.00134858	0.00158751	0.00357402	0.0132982	0.0105424	0.0161611	0.0735181	0.561192
98	0.0677338	0.0165374	0.0350653	0.0426799	0.0211435	0.0455645	0.0277893	0.0665352	0.0443787	0.0462038	0.0227942	0.141504	0.0212671	0.027175	0.035206	0.107939	0.089567	0.119955	0.00674715	0.0142146
99	0.0160618	0.00790704	0.00180015	0.00429195	0.0564524	0.0070492	0.00168879	0.0756804	0.00354499	0.579931	0.16023	0.00325853	0.00566749	0.00161342	0.0040321	0.0102064	0.0115357	0.0408844	0.00254442	0.00561987
100	0.00934116	0.0354527	0.000690896	0.000878296	0.437486	0.00133306	0.00593086	0.0631343	0.000941508	0.356242	0.0320642	0.00103881	0.00510068	0.00106449	0.00110905	0.00489611	0.0222776	0.0073444	0.00867145	0.00500248
101	0.0143187	0.0166332	0.000419249	0.00185883	0.0061407	0.00455284	0.00487262	0.408817	0.0010914	0.0621037	0.0423826	0.00329689	0.00170358	0.00314904	0.00111096	0.00488984	0.02218	0.398096	0.0011943	0.00118869
102	0.0232734	0.0100591	0.00229826	0.00387078	0.0201899	0.0059092	0.00478858	0.37883	0.00465856	0.105633	0.0275156	0.003507	0.00500822	0.00575302	0.00344284	0.0114274	0.0254589	0.352253	0.00259996	0.00352323
103	0.08114	0.0219946	0.00251192	0.00231075	0.00921724	0.0160948	0.00253686	0.110801	0.00501648	0.0825477	0.0532883	0.0114914	0.00561481	0.00630233	0.00140074	0.0878123	0.357834	0.135497	0.00322886	0.00335864
104	0.520354	0.00488922	0.0039124	0.00373348	0.0163443	0.332212	0.00812336	0.00533294	0.0013727	0.00563832	0.00183829	0.00157312	0.00923143	0.00310348	0.00125647	0.0495479	0.014865	0.0145661	0.000741671	0.00136299
105	0.00510026	0.00485065	0.000333319	0.000502142	0.0188001	0.00234357	0.00171672	0.431593	0.00141794	0.173963	0.0104158	0.00110234	0.00436113	0.000431186	0.00106034	0.00276803	0.0124914	0.324211	0.000259752	0.00227941
106	0.12834	0.137866	0.0136792	0.0161148	0.052026	0.0413508	0.0164317	0.0695688	0.0238251	0.0785962	0.0269674	0.0252309	0.0148368	0.0165037	0.0224422	0.111767	0.0933575	0.0799996	0.0127034	0.0183925
107	0.0146169	0.0138608	0.000508638	0.00231325	0.00515059	0.00358541	0.00591846	0.396062	0.00118638	0.0507708	0.0453687	0.00434269	0.0019557	0.00315405	0.00128447	0.0037378	0.019481	0.424008	0.00124687	0.001447
108	0.08218	0.0136208	0.00130405	0.00173318	0.100602	0.022611	0.0176881	0.0737246	0.0029686	0.225792	0.0288441	0.00231107	0.00263693	0.0134026	0.00214246	0.0500643	0.00763768	0.212928	0.0711291	0.0666805
109	0.326145	0.0757008	0.00103314	0.00185526	0.00433157	0.0501485	0.00429017	0.0197157	0.00655612	0.00532959	0.00248092	0.010011	0.00491461	0.0126325	0.00374552	0.366133	0.0607337	0.0374274	0.00514945	0.00166685
110	0.0120104	0.00492122	0.000254712	0.00238572	0.00680701	0.00139985	0.00339585	0.387973	0.00297977	0.0802036	0.0153338	0.00146516	0.00643499	0.0027769	0.000884694	0.00169997	0.0101038	0.455109	0.00121215	0.00264886
111	0.0858409	0.00532079	0.0610732	0.0843909	0.00789083	0.0825136	0.0247971	0.0118778	0.0986753	0.0258247	0.0191474	0.0475624	0.177023	0.0326789	0.0599758	0.0790362	0.0443687	0.0344577	0.00395587	0.0135895
112	0.0681493	0.00510881	0.251117	0.236523	0.00766291	0.0305105	0.0168717	0.00351615	0.0390068	0.00993026	0.005446	0.0733252	0.0263629	0.0613822	0.016164	0.0891876	0.050302	0.00638338	0.000812214	0.00223821
113	0.0160519	0.00350587	0.0663805	0.0649564	0.0086361	0.529419	0.0100747	0.0031764	0.0359628	0.00772373	0.000959594	0.103532	0.0187194	0.0257257	0.0158824	0.0450587	0.0278329	0.0102513	0.000329321	0.0058204
114	0.00706602	0.00104519	0.0893545	0.658938	0.00142995	0.00940909	0.00850317	0.00600733	0.00177296	0.00595309	0.0119352	0.0123459	0.00500424	0.100017	0.00103561	0.0272152	0.029728	0.0217277	0.000612533	0.000899371
115	0.0185957	0.00212677	0.00118528	0.00153336	0.00229246	0.00958026	0.0479719	0.126692	0.0293906	0.018831	0.00996044	0.0510016	0.00887867	0.00181197	0.0287867	0.0788848	0.291356	0.261074	0.00120683	0.00883941
116	0.0212129	0.00548705	0.00559309	0.01805	0.00859353	0.0081602	0.0421334	0.0126211	0.327214	0.0125635	0.0134642	0.0167796	0.0126226	0.0461084	0.365479	0.0287133	0.0268017	0.0135044	0.00427143	0.0106268
117	0.0122269	0.00443349	0.000839389	0.00117081	0.00148371	0.00954369	0.0233416	0.0107251	0.38492	0.00252065	0.0127541	0.0133838	0.0090902	0.0329671	0.40978	0.0240788	0.0261459	0.0102106	0.000572355	0.00981159
118	0.0136195	0.0081545	0.000273147	0.00298661	0.00384141	0.00158328	0.00410496	0.389504	0.00206146	0.0499845	0.022901	0.0017909	0.00378495	0.00457624	0.000759385	0.00258041	0.0142247	0.469981	0.00142505	0.00186307
119	0.0437293	0.00804063	0.0340262	0.0850815	0.0192564	0.00755402	0.0672658	0.0200852	0.167989	0.0353623	0.0149752	0.0257644	0.0238914	0.0873528	0.226483	0.0437598	0.0395387	0.0318809	0.00607713	0.0118863
120	0.0503349	0.00720815	0.0608091	0.0885446	0.00833222	0.13726	0.0369947	0.0121367	0.0941488	0.0369368	0.0128316	0.0849541	0.0341512	0.0512611	0.0924664	0.103178	0.0518589	0.017431	0.00297967	0.016182
121	0.0195656	0.0120629	0.00196967	0.0024962	0.174929	0.00736142	0.00329603	0.0836502	0.00322926	0.298165	0.13127	0.0177066	0.073921	0.00357836	0.00326916	0.0226778	0.0306366	0.0883487	0.00408744	0.0177793
122	0.0457425	0.00702972	0.0546873	0.0774381	0.00791141	0.159032	0.0330511	0.0118536	0.089549	0.0351318	0.0116738	0.095016	0.0356336	0.0487012	0.0974091	0.105668	0.0503578	0.0162759	0.00301105	0.0148279
123	0.0961636	0.0247209	0.00939778	0.0185168	0.0181024	0.0230134	0.0136985	0.0932679	0.0295135	0.0546835	0.0319392	0.0252095	0.010495	0.01813	0.0234341	0.122311	0.213899	0.157986	0.00710147	0.00841682
124	0.0183359	0.00483211	0.00115728	0.00641271	0.248223	0.00285935	0.0112235	0.00483141	0.00282767	0.0162447	0.00529081	0.00392154	0.00135431	0.00173734	0.0048987	0.0169424	0.0121197	0.0163172	0.066855	0.553615
125	0.110259	0.0596742	0.000646693	0.00313015	0.0702125	0.0474246	0.00330695	0.13214	0.00206445	0.286921	0.0390121	0.00119031	0.00259926	0.00274389	0.00157924	0.0354342	0.021576	0.143368	0.0177887	0.0189286
126	0.0109928	0.016419	0.000451626	0.00120022	0.0117087	0.00448212	0.0031297	0.420402	0.00135049	0.107144	0.0318406	0.0022042	0.00129461	0.00310823	0.00179247	0.00714406	0.0282345	0.34491	0.00079794	0.00139172
127	0.0676457	0.112831	0.00639859	0.00409489	0.00718904	0.00959263	0.00381399	0.0538839	0.00473646	0.0230167	0.0186247	0.0100146	0.00936094	0.00557392	0.00456808	0.204627	0.402226	0.0435182	0.00311214	0.00517235
128	0.408287	0.0292776	0.000882741	0.00494234	0.0034624	0.0469178	0.00311799	0.00743569	0.00550856	0.00493066	0.00342851	0.0112278	0.0118599	0.00891512	0.00377002	0.319044	0.0877161	0.0367068	0.00154199	0.00102637
129	0.256742	0.0241761	0.001269	0.00143332	0.0998376	0.0641142	0.00187922	0.0904698	0.00147483	0.110329	0.0211782	0.00158191	0.00395246	0.00163601	0.00254354	0.106133	0.094722	0.113945	0.00108131	0.00150271
130	0.0972143	0.0416799	0.00407579	0.00583667	0.201457	0.0170408	0.00741452	0.0159754	0.00980917	0.0288469	0.0127123	0.0137606	0.0173281	0.00676031	0.00781988	0.0843582	0.0615246	0.0381119	0.319017	0.00925698
131	0.291401	0.0612186	0.00275282	0.00270778	0.00419843	0.058884	0.0086288	0.0146181	0.00975476	0.00608582	0.00243603	0.0199391	0.00469366	0.0121406	0.00650402	0.404521	0.0611939	0.0222872	0.00263327	0.00340045
132	0.0101205	0.0152896	0.000370152	0.00114809	0.0114648	0.00365142	0.00331582	0.420355	0.000745325	0.102696	0.0322678	0.00236192	0.00136719	0.00256361	0.0011339	0.0056822	0.0242204	0.359326	0.000800657	0.00111932
133	0.0141583	0.0381482	0.00134964	0.00209262	0.408743	0.00517297	0.00929691	0.0500473	0.0023493	0.334496	0.0249738	0.00236835	0.00466864	0.00309847	0.00225589	0.0120915	0.0220883	0.019221	0.0347192	0.00866009
134	0.232452	0.0256289	0.0324437	0.036343	0.0129826	0.0620589	0.0169741	0.025833	0.036387	0.0269077	0.0138624	0.085158	0.025378	0.0235067	0.0262557	0.17705	0.0842887	0.0418868	0.00512042	0.00948252
135	0.0242074	0.00780623	0.00405879	0.00905731	0.212031	0.00907659	0.0166548	0.0187772	0.00864403	0.0257134	0.00971491	0.0079274	0.00405865	0.00449751	0.0093982	0.0231038	0.0196277	0.0265798	0.0606258	0.498439
136	0.00513919	0.00514447	0.000337436	0.000514069	0.0185788	0.00246138	0.00170616	0.431494	0.00136701	0.173233	0.0106656	0.00110403	0.00421893	0.000473174	0.00106103	0.00290048	0.0130015	0.324086	0.000266364	0.0022463
137	0.0871541	0.0224669	0.00658167	0.010466	0.116864	0.0180111	0.017402	0.0324823	0.0176154	0.0495368	0.0158701	0.0141532	0.0214992	0.0101334	0.0174036	0.0496035	0.0473553	0.0514174	0.330027	0.0639573
138	0.0157206	0.00239262	0.00188	0.00517117	0.017057	0.00652751	0.000914739	0.0784903	0.00325888	0.636666	0.169269	0.00279332	0.000857793	0.00104511	0.00419643	0.00481663	0.00754618	0.0360248	0.00154851	0.00382306
139	0.0763224	0.01435	0.0013211	0.0017868	0.115694	0.0209021	0.0158062	0.0764088	0.00285259	0.242603	0.0299996	0.00240351	0.00286396	0.0123372	0.00199264	0.0477477	0.00823584	0.196213	0.0673927	0.062767
140	0.0462817	0.0161454	0.00135999	0.000864967	0.086136	0.0122083	0.00154875	0.248212	0.00129775	0.339408	0.0574289	0.00126909	0.00211817	0.00109949	0.00124557	0.00806484	0.0160191	0.148094	0.00291608	0.00828215
141	0.0155524	0.0108897	0.000436005	0.00235587	0.00643847	0.00334984	0.00387723	0.414341	0.00184709	0.0639348	0.0270081	0.00219944	0.00337841	0.00419545	0.000946033	0.00483013	0.020424	0.410895	0.00126632	0.00183534
142	0.00829679	0.00419617	0.00135481	0.000637592	0.00943837	0.0011297	0.000558618	0.194409	0.000606789	0.631944	0.0353728	0.00128079	0.00133855	0.000598153	0.000612956	0.00162812	0.0144834	0.0811856	0.000324848	0.0106027
143	0.131346	0.0417571	0.0230042	0.040353	0.00606201	0.00703913	0.0048194	0.0822274	0.0659409	0.0795302	0.0280183	0.00624189	0.00537311	0.0624122	0.0106415	0.258025	0.0372773	0.103207	0.00243765	0.00428673
144	0.0895782	0.0186748	0.00138363	0.00250481	0.0853777	0.0343943	0.0155681	0.0708474	0.00336909	0.210879	0.0186245	0.00246468	0.00362806	0.0161726	0.00212304	0.0455828	0.00681087	0.228212	0.0704679	0.0733363
145	0.00794459	0.0171469	0.0023164	0.00267716	0.194812	0.00470878	0.00294677	0.267336	0.00310331	0.0213641	0.0269495	0.043504	0.00305456	0.0160531	0.0154894	0.179415	0.0603378	0.0978045	0.0294645	0.00357068
146	0.0333368	0.0131542	0.0161218	0.00973253	0.00268708	0.0177978	0.00213075	0.00641581	0.0021331	0.0123024	0.0117259	0.00344114	0.00347503	0.00204023	0.00177075	0.406921	0.436633	0.00715001	0.00107101	0.00995972
147	0.0434678	0.00647366	0.0495576	0.0694705	0.0134136	0.0194894	0.0307781	0.0200843	0.168573	0.0290606	0.0154889	0.0311543	0.135973	0.051115	0.116092	0.0509956	0.0527767	0.053168	0.00380229	0.0390661
148	0.0122082	0.00398006	0.0676456	0.070413	0.00536407	0.411553	0.0164346	0.00598564	0.0480715	0.00615345	0.00138087	0.200564	0.0173688	0.0385508	0.0185398	0.0416284	0.0211663	0.00763871	0.000484151	0.00486866
149	0.00868524	0.00401842	0.00235094	0.151262	0.00404831	0.00433936	0.00349583	0.195623	0.0170317	0.00816059	0.00459686	0.00310839	0.00339161	0.0164602	0.0427944	0.00674778	0.0222526	0.478	0.00189039	0.021743
150	0.0129448	0.00715595	0.000250741	0.00303041	0.00426785	0.00147275	0.00481642	0.382556	0.00206569	0.052266	0.0221122	0.00199813	0.00390404	0.00354613	0.000854619	0.00195791	0.0124173	0.479123	0.00135313	0.00190721
151	0.00609688	0.000958505	0.0879905	0.664793	0.00135085	0.00909817	0.008352	0.0060512	0.00107542	0.00593039	0.0119136	0.0117113	0.00452335	0.100746	0.000711354	0.0260206	0.0293187	0.0219195	0.000565474	0.000872791
152	0.00570127	0.00440517	0.000344378	0.000651931	0.0177001	0.00222751	0.00172105	0.430368	0.00169704	0.169297	0.0111302	0.00109739	0.00486509	0.000568805	0.0010481	0.00244674	0.0116882	0.330058	0.000385382	0.00259829
153	0.165052	0.0226506	0.00585052	0.00669779	0.104977	0.0220459	0.0065935	0.0147495	0.00992725	0.0277911	0.0134377	0.0159438	0.039181	0.00623425	0.00794191	0.0478915	0.0654923	0.0442431	0.364401	0.00889839
154	0.0233332	0.00292259	0.128397	0.503086	0.00455254	0.0291783	0.0140589	0.00821097	0.0173352	0.010795	0.0114911	0.0351498	0.013262	0.0823877	0.00933587	0.0447748	0.0358838	0.0213652	0.00116773	0.0033121
155	0.54834	0.0057801	0.00279436	0.00262347	0.0177645	0.295358	0.00692611	0.00451006	0.00160718	0.00596465	0.00169492	0.00150242	0.00780174	0.00225384	0.00126302	0.0596047	0.0160451	0.0161745	0.000694859	0.00129714
156	0.0827322	0.0170582	0.000249813	0.000239438	0.0758869	0.0200196	0.00207237	0.213508	0.00157386	0.258836	0.0465543	0.000381197	0.00287962	0.000334487	0.00196858	0.0165874	0.0210621	0.227527	0.00580601	0.00472354
157	0.0759832	0.0151528	0.000713745	0.000582116	0.068406	0.0189834	0.00201875	0.205898	0.0042994	0.259045	0.0455193	0.000628646	0.00274352	0.000975783	0.00310436	0.0145682	0.0264128	0.24534	0.00492021	0.00470558
158	0.0669183	0.0229658	0.00909259	0.0122712	0.036392	0.0203658	0.0089532	0.095747	0.0182055	0.129865	0.0449088	0.0132181	0.00993261	0.0124396	0.0146028	0.0795041	0.278572	0.110629	0.00537274	0.0100448
159	0.00907251	0.0335891	0.000741979	0.00107773	0.452122	0.00151328	0.00826812	0.0575525	0.00111139	0.349138	0.0274475	0.0010539	0.00417837	0.00171968	0.00106494	0.00539265	0.0209312	0.0082289	0.0104132	0.00538317
160	0.10888	0.0856265	0.000819386	0.00540164	0.068749	0.0571382	0.00244929	0.0965559	0.00171457	0.340249	0.0530302	0.00137479	0.00252839	0.00177435	0.0013741	0.0492412	0.030248	0.0803079	0.00868447	0.00385292
161	0.0311747	0.0601635	0.00479631	0.00554235	0.216634	0.00926316	0.0257142	0.0180782	0.0209756	0.0839306	0.144653	0.011061	0.00523162	0.00698502	0.0548228	0.0177792	0.0273393	0.0210183	0.00939709	0.225441
162	0.0228287	0.0287099	0.00105621	0.00245139	0.280434	0.00795985	0.00512894	0.0873716	0.00229723	0.34315	0.0781052	0.00340011	0.0132434	0.00276627	0.00229262	0.01776	0.0243167	0.0597967	0.0081145	0.00881677
163	0.0968238	0.0159506	0.00746029	0.0102746	0.137107	0.0679653	0.0453682	0.0791769	0.0121765	0.0665953	0.0172095	0.015592	0.219354	0.00930279	0.010594	0.0309225	0.0430196	0.0920542	0.00745431	0.0155983
164	0.0794989	0.0172898	0.000237244	0.000254059	0.0751573	0.020008	0.00172033	0.215613	0.00145438	0.27059	0.0481174	0.000375788	0.00234879	0.000305577	0.00166028	0.0143075	0.0194055	0.221576	0.00512452	0.00495513
165	0.0381344	0.0759161	0.00195039	0.00342978	0.111859	0.0307945	0.00898087	0.0890528	0.00291006	0.317308	0.104221	0.00295758	0.00936081	0.00587379	0.0022906	0.0592799	0.0654362	0.055009	0.0105389	0.00469685
166	0.0164717	0.0109388	0.00048629	0.00266008	0.00634747	0.00320344	0.00459669	0.37748	0.00225659	0.0602406	0.0324947	0.00264637	0.00272148	0.00370766	0.00150673	0.00384376	0.0190095	0.44596	0.00150111	0.00192728
167	0.0738242	0.0166759	0.000382939	0.000331722	0.0754348	0.0201126	0.00156887	0.216043	0.00144563	0.284546	0.0506024	0.000415603	0.00213835	0.000365796	0.00156265	0.0130157	0.0185057	0.212409	0.00483041	0.00578773
168	0.0275482	0.0861488	0.00204531	0.00353349	0.112769	0.0551358	0.023653	0.0794826	0.00337842	0.252538	0.0788209	0.00275618	0.00680267	0.014505	0.00269773	0.0990156	0.0797766	0.0414109	0.0246466	0.00333567
169	0.353411	0.0493973	0.00218391	0.00454685	0.00777076	0.0498556	0.0037626	0.0191167	0.00866665	0.010962	0.00453512	0.00987129	0.00776795	0.0116342	0.00586457	0.328082	0.0741864	0.0430441	0.00275276	0.00258843
170	0.0161136	0.00170918	0.000979645	0.00610926	0.254501	0.0017361	0.0066886	0.00301627	0.00158572	0.0131123	0.0018089	0.00278159	0.00111103	0.00132766	0.00141465	0.01264	0.00872884	0.0145512	0.0709653	0.579119
171	0.0904753	0.0173542	0.000297999	0.000387797	0.0723127	0.0204502	0.00225919	0.222049	0.00156265	0.251249	0.0484581	0.000651421	0.00320083	0.00047562	0.00190584	0.0163891	0.0199786	0.218577	0.00625681	0.00570871
172	0.105889	0.0240417	0.00584564	0.017694	0.0184391	0.00965522	0.00603504	0.110753	0.0278931	0.0617141	0.0560933	0.0107638	0.00439934	0.0223522	0.0204891	0.0590223	0.253726	0.172523	0.0033731	0.009298
173	0.0574083	0.00508576	0.245673	0.248843	0.00807617	0.0313897	0.0215827	0.00541004	0.0383306	0.0118443	0.00675661	0.07116	0.0262317	0.0589489	0.0188188	0.0822504	0.0461096	0.0112282	0.000978537	0.00387387
174	0.0586627	0.00327946	0.0433113	0.0835135	0.0108646	0.0321469	0.0416776	0.0220934	0.136562	0.0373919	0.0193696	0.0688638	0.0324144	0.0640064	0.0942458	0.107902	0.0804797	0.0410374	0.00497806	0.0171991
175	0.0550066	0.00672531	0.056193	0.0880781	0.00835955	0.114178	0.0381223	0.0132281	0.101752	0.0382583	0.0145256	0.079625	0.0393862	0.0519542	0.0937141	0.106033	0.0550172	0.0200934	0.00315972	0.0165908
176	0.0632004	0.0113128	0.0263075	0.053065	0.00818476	0.00891649	0.0164737	0.136654	0.0442466	0.0967685	0.0486588	0.0157228	0.00267366	0.058224	0.0386478	0.0251123	0.100435	0.237788	0.00196614	0.00564164
177	0.0468136	0.00245952	0.0231705	0.0535742	0.0103177	0.0218289	0.0226384	0.138509	0.0320731	0.180612	0.0730676	0.0283725	0.00975888	0.0630931	0.0366998	0.0389824	0.0581843	0.153216	0.00515906	0.00146984
178	0.0638272	0.00462912	0.030181	0.0668622	0.0134012	0.0326494	0.0172518	0.118015	0.0398764	0.123993	0.0517025	0.0276718	0.00533243	0.0749397	0.0307428	0.0270675	0.0593762	0.207018	0.00333082	0.00213258
179	0.0296465	0.0130026	0.000858498	0.00156521	0.118008	0.00681266	0.00249131	0.117408	0.00233809	0.305414	0.148996	0.00569363	0.0262354	0.00358941	0.00263245	0.0309261	0.0239088	0.138736	0.00827038	0.0134673
180	0.0124779	0.00439788	0.00089309	0.00132583	0.0015375	0.0096001	0.0235931	0.010867	0.384239	0.00262376	0.0128289	0.0133974	0.00904342	0.0333673	0.408984	0.0241065	0.0261947	0.0102313	0.000580859	0.00971053
181	0.0695531	0.00487664	0.240794	0.257466	0.00748628	0.027398	0.0145928	0.00584061	0.0375998	0.0115001	0.00705359	0.0695316	0.0241961	0.0599131	0.0189501	0.0861842	0.0458164	0.00809667	0.000813257	0.00233703
182	0.0530944	0.00320552	0.0125418	0.039193	0.00560721	0.0149037	0.0383862	0.203564	0.0140435	0.278961	0.0457687	0.0317861	0.0106903	0.0436401	0.0161995	0.0368411	0.0388352	0.0970353	0.00746679	0.00823637
183	0.0427203	0.0075087	0.0235267	0.0720701	0.0203884	0.0051859	0.0725318	0.0234557	0.160248	0.0406302	0.016301	0.0221788	0.0218473	0.0907759	0.259232	0.0410652	0.0310488	0.0326637	0.00715359	0.00946776
184	0.069244	0.00495649	0.246758	0.241632	0.00760821	0.02972	0.0156749	0.00369527	0.0389641	0.0100295	0.00565752	0.0708117	0.0260683	0.0627917	0.0167627	0.0898455	0.0503218	0.00651314	0.000804103	0.00214147
185	0.070338	0.00331113	0.011979	0.0378889	0.00876063	0.0192882	0.0343268	0.193755	0.0142341	0.248461	0.0425921	0.0242272	0.0173907	0.042606	0.0165486	0.0396013	0.0419116	0.1075	0.0158417	0.00943779
186	0.071225	0.0116889	0.0213676	0.0543358	0.0110599	0.0107781	0.0135681	0.115254	0.0578168	0.0886853	0.0598565	0.0181849	0.00442926	0.0561605	0.0488104	0.044904	0.108358	0.192742	0.00303006	0.00774476
187	0.0522124	0.00437619	0.0550459	0.106715	0.0106433	0.0208753	0.0385394	0.0233816	0.150815	0.035782	0.0192782	0.0482092	0.0300027	0.0726834	0.0990218	0.079431	0.0779127	0.0537881	0.00286783	0.0184185
188	0.0344386	0.00301325	0.0204759	0.0240128	0.00729176	0.0227282	0.0333817	0.18136	0.0243297	0.317904	0.0652277	0.0177495	0.00713468	0.0390166	0.015475	0.0224137	0.0321137	0.122715	0.00477906	0.00443913
189	0.249265	0.0237767	0.00291501	0.00275324	0.0604883	0.0543425	0.00322165	0.0737934	0.00639549	0.173984	0.0251581	0.00415526	0.00629727	0.00395258	0.00442701	0.087826	0.0784871	0.129115	0.00485795	0.00478869
190	0.0664808	0.00339417	0.0402366	0.0828579	0.010476	0.0329404	0.0475516	0.0214403	0.130372	0.0332996	0.0192216	0.0697953	0.0331802	0.0651495	0.0879681	0.111688	0.0844397	0.0381825	0.0046118	0.0167142
191	0.0617868	0.00293365	0.039448	0.0842582	0.0100933	0.0299627	0.0483336	0.0205214	0.130707	0.0353937	0.0185274	0.0651248	0.0628628	0.0631668	0.0964503	0.106481	0.0675562	0.036667	0.00460063	0.0151241
192	0.0428495	0.00888786	0.0173627	0.0622176	0.0248596	0.00321977	0.0838605	0.0190616	0.173531	0.0396165	0.0143191	0.0188144	0.0232158	0.0849699	0.288123	0.0340672	0.023328	0.0202574	0.00949413	0.0079448
