204	20
1	0.0214584	0.00459883	0.239811	0.103115	0.00922365	0.0819966	0.0341901	0.00977605	0.00667481	0.0112615	0.00598262	0.249519	0.00687687	0.010769	0.0169423	0.0971938	0.0137993	0.0139648	0.00293798	0.0599084
2	0.0574454	0.00809406	0.00166759	0.00258934	0.0395244	0.0242228	0.00338773	0.253963	0.00177372	0.273312	0.0305346	0.0175578	0.0335414	0.00158111	0.0028058	0.0118798	0.0263583	0.194815	0.00329994	0.0116464
3	0.0194186	0.00399106	0.261714	0.150355	0.0103146	0.0628807	0.0288983	0.00920698	0.00865513	0.00888129	0.00554782	0.211725	0.00710938	0.0261457	0.0213507	0.0861905	0.0117558	0.0107633	0.0027583	0.0523377
4	0.414233	0.0114657	0.00107151	0.00514568	0.0167494	0.0642568	0.00384832	0.0126084	0.000814258	0.0218894	0.0361142	0.00564329	0.00156364	0.00046225	0.00124294	0.256044	0.0906516	0.0510017	0.00055285	0.00464154
5	0.222799	0.0352082	0.0484882	0.0710314	0.0141848	0.234859	0.0100305	0.0450104	0.0179237	0.017133	0.00941926	0.0196155	0.019419	0.0411844	0.0163545	0.105906	0.0249559	0.0316799	0.00701785	0.00777985
6	0.0231274	0.00224706	0.0175721	0.0388753	0.00538818	0.012891	0.0427918	0.0163984	0.312891	0.0142669	0.0108071	0.0306131	0.0304923	0.0302334	0.292063	0.0350051	0.0482178	0.0188242	0.00259296	0.014702
7	0.0282066	0.0282561	0.00654177	0.00732055	0.056756	0.0217117	0.0331881	0.10103	0.0187001	0.262056	0.0214724	0.0730955	0.00803734	0.0215059	0.015159	0.0290799	0.0274239	0.0565202	0.152541	0.031397
8	0.249874	0.0142711	0.0799545	0.0622564	0.0147009	0.231695	0.0072531	0.0142369	0.0228513	0.00656337	0.00337619	0.0102283	0.0258332	0.0140114	0.0140752	0.160995	0.0199377	0.0393622	0.00572749	0.00279672
9	0.0140523	0.00490769	0.0014144	0.00210218	0.205619	0.00519604	0.00281017	0.0934901	0.00265504	0.510939	0.0462843	0.00327159	0.0108216	0.00170938	0.00391038	0.0101972	0.0439424	0.0295378	0.00243493	0.00470487
10	0.0335106	0.0017097	0.000343042	0.000747446	0.0200616	0.00203484	0.000582239	0.412196	0.00129319	0.0824267	0.0381699	0.00198278	0.00323231	0.000530529	0.00287844	0.00981684	0.016405	0.36855	0.000301059	0.00322717
11	0.0212862	0.014667	0.0108412	0.00887083	0.216964	0.0145119	0.160653	0.0168143	0.0412319	0.0706269	0.0138123	0.0128054	0.0105387	0.0262067	0.115366	0.0318763	0.0158824	0.0186976	0.00632072	0.172027
12	0.171418	0.10501	0.0160965	0.0200085	0.0344543	0.0505081	0.0129191	0.0396691	0.121576	0.0560164	0.0193886	0.0204423	0.0260309	0.011643	0.0267421	0.061941	0.0439313	0.125396	0.0134648	0.0233444
13	0.0375601	0.00129586	0.000676465	0.000693639	0.00864081	0.00208142	0.000829308	0.255268	0.00440551	0.0449823	0.021987	0.00415784	0.00261107	0.000858917	0.00227289	0.0165417	0.0175684	0.573274	0.00062848	0.00366564
14	0.0152751	0.0259756	0.00536159	0.00309392	0.283018	0.0102245	0.0673078	0.0405248	0.00517906	0.0681796	0.00990718	0.00756136	0.0214782	0.00358748	0.0117467	0.02487	0.0205137	0.0379148	0.0281584	0.310123
15	0.334574	0.0205502	0.00152471	0.00556201	0.0131896	0.0851098	0.00448641	0.0234478	0.00198911	0.0190945	0.0479841	0.0141378	0.00249027	0.00123043	0.00269143	0.212197	0.122483	0.0726536	0.00160298	0.0130007
16	0.0356194	0.00536159	0.000879921	0.00154854	0.0451669	0.00829586	0.0021917	0.334269	0.00110643	0.197608	0.0372262	0.00296673	0.00388013	0.00104698	0.00321691	0.0117087	0.0210762	0.281113	0.00231396	0.00340408
17	0.0332609	0.00602199	0.000352022	0.00103021	0.0491997	0.0081792	0.000912131	0.300096	0.000582572	0.262385	0.0311041	0.00227478	0.00246405	0.000585248	0.00149992	0.00852006	0.0184409	0.270142	0.000791996	0.00215697
18	0.200342	0.126566	0.00123086	0.00136067	0.0117151	0.0104308	0.00541574	0.0139648	0.00147393	0.00533628	0.0154975	0.00243713	0.0074155	0.00115317	0.00199393	0.429054	0.106774	0.050903	0.00467058	0.00226462
19	0.079612	0.00648533	0.00069407	0.00506804	0.0686125	0.016355	0.00209368	0.151228	0.00088507	0.254308	0.0618474	0.00309444	0.00241291	0.00116045	0.00315959	0.0270935	0.0804363	0.231635	0.00261236	0.00120676
20	0.0245149	0.00798912	0.028273	0.0708601	0.0152767	0.0315495	0.0160264	0.0471867	0.0214458	0.0575579	0.0131949	0.0357044	0.00692243	0.443339	0.0473097	0.029514	0.0280101	0.0508354	0.0055353	0.0189541
21	0.0216193	0.00575688	0.000416685	0.00291366	0.075962	0.00473332	0.00163616	0.129608	0.000516354	0.521261	0.0664277	0.00251333	0.00313735	0.00185315	0.00149044	0.00525703	0.01822	0.132518	0.00168082	0.0024791
22	0.0315785	0.00367092	0.000417696	0.000460918	0.0687873	0.00687619	0.000496613	0.130897	0.000513504	0.542706	0.0303698	0.000985734	0.000564571	0.000344583	0.00111599	0.00576421	0.00775087	0.162375	0.00138152	0.00294331
23	0.0309045	0.0036163	0.000357346	0.000564799	0.0699839	0.00654755	0.000465911	0.134966	0.000493765	0.532227	0.0316488	0.000959621	0.000583515	0.000337759	0.00107414	0.00583297	0.00895346	0.166219	0.00136357	0.00289957
24	0.229447	0.011615	0.00973144	0.00920082	0.0326647	0.0492272	0.00562483	0.099037	0.00910074	0.0616198	0.024683	0.0126656	0.0084069	0.00412313	0.00820406	0.0941094	0.186946	0.130036	0.00430873	0.00924813
25	0.209838	0.00150518	0.00114759	0.00129276	0.0631889	0.0364796	0.00119566	0.106414	0.00118495	0.0610545	0.0198191	0.00646218	0.00235	0.00083462	0.00145621	0.0304179	0.120289	0.332681	0.000723213	0.00166597
26	0.401517	0.00819148	0.00385571	0.00189588	0.0211527	0.0836934	0.00215865	0.102581	0.00282863	0.109109	0.00588526	0.00511285	0.00433461	0.00156236	0.00363265	0.014119	0.0221759	0.200928	0.0016099	0.00365682
27	0.0408097	0.00198601	0.000870282	0.000738442	0.0359596	0.00489885	0.00137609	0.345038	0.00244139	0.0754844	0.0284755	0.00362253	0.00534287	0.00084437	0.00246164	0.0236136	0.0297964	0.391229	0.00105078	0.0039605
28	0.437781	0.0117574	0.00088111	0.00282631	0.0116857	0.0861529	0.00323045	0.0125363	0.000819075	0.016783	0.0250274	0.00406875	0.0027406	0.000542138	0.00178964	0.273455	0.0674571	0.0362363	0.000528152	0.00370111
29	0.351561	0.0182157	0.00113699	0.00244027	0.0124781	0.123572	0.00557055	0.013234	0.000809072	0.0165808	0.0188671	0.00453027	0.00119448	0.00041404	0.00210066	0.292993	0.0767053	0.051242	0.000522725	0.0058317
30	0.19487	0.00133091	0.0010577	0.0014728	0.0727442	0.0360805	0.00103009	0.0938621	0.00102169	0.0691521	0.0266235	0.00733	0.000981348	0.000699426	0.00127093	0.026952	0.129727	0.331854	0.000636363	0.00130261
31	0.0792496	0.00503099	0.00101124	0.00359121	0.0841922	0.012935	0.00175729	0.175605	0.00117124	0.17557	0.0718564	0.00413288	0.00249728	0.00152671	0.00228242	0.0189798	0.0766317	0.278492	0.00178651	0.00170003
32	0.0200008	0.0471364	0.00351771	0.0047323	0.139005	0.0137394	0.0107103	0.128673	0.0366717	0.0389744	0.0641247	0.0425307	0.0121986	0.00436441	0.00830153	0.0257194	0.0226447	0.160469	0.0536843	0.162802
33	0.0831433	0.0036247	0.00224632	0.00288442	0.310728	0.00657598	0.00245232	0.00817948	0.0463092	0.137405	0.00895457	0.0114748	0.00241152	0.00233258	0.00573127	0.180124	0.0755776	0.02686	0.019383	0.0636021
34	0.0185826	0.00569491	0.00387931	0.00451686	0.0707895	0.0102201	0.0682108	0.126143	0.00691256	0.0171469	0.00864496	0.0627728	0.00395332	0.00321237	0.00998523	0.137488	0.105032	0.20867	0.00494774	0.123198
35	0.0575232	0.00377647	0.0471366	0.0454045	0.00589841	0.0397921	0.0686067	0.00729963	0.0536725	0.0193794	0.00392483	0.0141823	0.208909	0.0188566	0.185399	0.101276	0.0617845	0.0237278	0.0153757	0.0180741
36	0.243494	0.0172104	0.0732937	0.0578714	0.011057	0.195389	0.00872944	0.0129987	0.0271024	0.00696416	0.00334253	0.0107631	0.0640891	0.0133169	0.0237703	0.160181	0.0248873	0.0370233	0.00538326	0.00313366
37	0.0368527	0.000875084	0.000320857	0.000379288	0.0147759	0.00168338	0.000439774	0.423364	0.00141711	0.0658155	0.0327049	0.00186216	0.0031601	0.000315885	0.0028422	0.00997213	0.0150657	0.384909	0.000301184	0.0029432
38	0.0637507	0.00827749	0.0117142	0.0154714	0.0148259	0.153161	0.0442399	0.0172063	0.00986977	0.020119	0.00951657	0.270728	0.00579033	0.00901147	0.0537301	0.124133	0.06203	0.0897706	0.00393948	0.0127152
39	0.0651979	0.0189516	0.00155471	0.00168304	0.107171	0.0281766	0.0358458	0.148963	0.0153199	0.238735	0.0290689	0.00584966	0.0318114	0.0015894	0.0245134	0.0704942	0.0524746	0.077496	0.0396941	0.00540991
40	0.222251	0.00558939	0.00292428	0.00296925	0.025698	0.202567	0.00418878	0.0315778	0.00286448	0.0538991	0.0058688	0.00409811	0.0454431	0.0023806	0.00369562	0.0796198	0.0841609	0.122571	0.0774658	0.0201663
41	0.0394559	0.00482302	0.000399201	0.0015274	0.0495362	0.00891451	0.000698851	0.325654	0.000766545	0.193886	0.0339753	0.00230356	0.00332177	0.00055872	0.00135637	0.0111621	0.0301722	0.28923	0.000655347	0.00160313
42	0.0204444	0.0308723	0.00146637	0.00184361	0.269453	0.0144487	0.00206201	0.0645863	0.00392476	0.0478934	0.00631749	0.00442641	0.0424747	0.00217506	0.00251042	0.0312746	0.0344835	0.0668489	0.0513911	0.301104
43	0.0269576	0.0052177	0.000432155	0.000819853	0.0869055	0.0108196	0.000711673	0.328783	0.000561443	0.260426	0.0320446	0.00158677	0.00155568	0.000523598	0.000858237	0.00597996	0.0173685	0.216547	0.000776003	0.00112517
44	0.199428	0.0289136	0.00548008	0.00102802	0.0676624	0.0535147	0.00266144	0.135081	0.00176701	0.245315	0.0128361	0.00869898	0.0152886	0.000917361	0.00607862	0.0263012	0.0155066	0.169273	0.00198867	0.00226024
45	0.111156	0.0202823	0.0016677	0.00125244	0.0921599	0.0327573	0.00878301	0.162897	0.0041824	0.263474	0.0277962	0.00278795	0.0087213	0.000772097	0.0250761	0.0756336	0.0475481	0.101968	0.00818948	0.00289454
46	0.099512	0.0218939	0.00141102	0.00106514	0.0953421	0.0285663	0.00666354	0.161602	0.00229391	0.306105	0.0336011	0.00231786	0.00644467	0.000717238	0.0222425	0.0597496	0.0344355	0.108034	0.00654504	0.00145777
47	0.0287211	0.00560567	0.000438719	0.000642089	0.0894665	0.0116316	0.000577134	0.331469	0.000596432	0.250376	0.0271334	0.00185643	0.00174203	0.000440297	0.000826968	0.00617673	0.0162676	0.224206	0.0006667	0.00115983
48	0.110565	0.0223936	0.0015966	0.0010168	0.0959283	0.0313834	0.00731337	0.151338	0.00262739	0.29431	0.0301943	0.00266307	0.00764741	0.000696326	0.0214747	0.0630012	0.0379788	0.109767	0.00677665	0.00132841
49	0.196795	0.0854258	0.0060229	0.00644311	0.0126994	0.027166	0.0067839	0.0191067	0.00752949	0.0203629	0.0119428	0.00555184	0.066776	0.00353558	0.00963087	0.324762	0.113547	0.0449088	0.0252826	0.00572697
50	0.00766194	0.00233003	0.00122674	0.00115423	0.218489	0.00326043	0.00149184	0.0941357	0.00135164	0.5533	0.0347459	0.00220938	0.00955477	0.00122842	0.00282952	0.00496215	0.0367505	0.0179901	0.00155243	0.00377533
51	0.0285416	0.00473863	0.000564957	0.000696969	0.0847019	0.0148763	0.000672232	0.35178	0.000743195	0.239129	0.0257664	0.00234481	0.00296951	0.000507204	0.000838921	0.00598525	0.0173825	0.215365	0.000727913	0.00166875
52	0.0423458	0.00777026	0.000517361	0.0043031	0.0687098	0.00723513	0.00167876	0.147849	0.000470926	0.362427	0.0730963	0.00271632	0.00183476	0.00152415	0.00110648	0.0134684	0.0485917	0.210947	0.00214931	0.00125818
53	0.00949845	0.0194707	0.000675313	0.0186948	0.0504489	0.00403351	0.00882057	0.17413	0.000790221	0.34438	0.188422	0.00692116	0.0109597	0.0131956	0.00528359	0.00557236	0.0450475	0.0907297	0.00192041	0.00100575
54	0.0153135	0.111483	0.00240787	0.00334877	0.112771	0.0113627	0.025593	0.167073	0.0107848	0.188475	0.00967774	0.0147081	0.00493129	0.00371162	0.00848941	0.015412	0.0166001	0.0979329	0.168184	0.01174
55	0.198708	0.0425177	0.00896664	0.00679444	0.0271041	0.0395307	0.00426306	0.0473265	0.00659689	0.150227	0.00798915	0.00945745	0.22407	0.00466244	0.006516	0.0231976	0.017407	0.16367	0.00441669	0.00657831
56	0.0160814	0.015216	0.00145536	0.0134559	0.0591014	0.00533747	0.00856816	0.150697	0.00158511	0.373871	0.16976	0.00708999	0.0103795	0.00908601	0.00497896	0.00865109	0.0483936	0.0914616	0.00233109	0.00249883
57	0.0377638	0.00620496	0.0280519	0.00344013	0.0502754	0.0415335	0.154122	0.0736174	0.00529479	0.188255	0.0784049	0.00949026	0.00358817	0.0308115	0.0492002	0.0651478	0.0113182	0.0483151	0.00514263	0.110022
58	0.0241679	0.00299977	0.00295968	0.0182303	0.0203186	0.0217833	0.133498	0.0064207	0.107245	0.00947333	0.0164953	0.00949217	0.00524324	0.149478	0.197413	0.0850763	0.00763683	0.00902016	0.00513595	0.167912
59	0.0193385	0.00666732	0.0101539	0.16054	0.0120773	0.0129616	0.107579	0.0147971	0.145853	0.0258741	0.0154891	0.203302	0.00572809	0.176069	0.0137034	0.0247233	0.0146506	0.0192262	0.0035329	0.00773398
60	0.01024	0.00110588	0.0141471	0.0123688	0.00279446	0.00828673	0.0468032	0.0154637	0.394729	0.0163084	0.0138917	0.0307041	0.00201706	0.0262867	0.342073	0.0267347	0.0251927	0.00819437	0.000781334	0.00187733
61	0.0308592	0.00997764	0.0119747	0.0127662	0.037507	0.0212441	0.119126	0.0282642	0.0394296	0.0484031	0.0200962	0.0703586	0.0074083	0.0532328	0.096922	0.0931334	0.0241186	0.0352551	0.0447726	0.195151
62	0.0916928	0.0217358	0.0277904	0.0158159	0.0346391	0.0382884	0.0144812	0.0371526	0.0237147	0.0698291	0.0150268	0.0162583	0.336337	0.00905426	0.0442413	0.0585407	0.0397499	0.0677835	0.0109648	0.0269039
63	0.0124653	0.0309145	0.00252939	0.00235694	0.034992	0.0103552	0.0771181	0.17749	0.007104	0.240621	0.00864785	0.0122811	0.00509525	0.0036975	0.0227919	0.0122839	0.0310399	0.176763	0.109308	0.0221441
64	0.0526493	0.0119176	0.0810544	0.0573573	0.0234304	0.0623697	0.0324102	0.0277089	0.0201869	0.0413647	0.0170629	0.304039	0.0116199	0.0241729	0.0286041	0.0808723	0.0334841	0.0433995	0.00648943	0.0398061
65	0.00920732	0.0349624	0.00712241	0.00176934	0.297755	0.00625209	0.105876	0.0209233	0.00229684	0.100321	0.00721234	0.00301937	0.0127834	0.00191921	0.0126558	0.0123147	0.0112168	0.0208479	0.0137907	0.317754
66	0.0322755	0.00743489	0.000315629	0.000931073	0.0764431	0.00916753	0.00083437	0.273418	0.000408243	0.30373	0.035321	0.0017045	0.00142445	0.000508779	0.000876897	0.00734926	0.0182458	0.227821	0.000753465	0.00103682
67	0.0226468	0.00196866	0.000627199	0.000630661	0.0896655	0.00596005	0.00133103	0.118489	0.000685176	0.580339	0.0296133	0.00110374	0.00166454	0.000550973	0.00108686	0.00454471	0.00959146	0.12213	0.00145919	0.00591184
68	0.0147384	0.0124391	0.000994725	0.0110563	0.0840225	0.00532642	0.00665762	0.130699	0.00154234	0.418003	0.154505	0.00648928	0.0107691	0.00715411	0.0046689	0.00783017	0.0384782	0.0792661	0.00294658	0.0024131
69	0.27946	0.00509078	0.0021994	0.00206888	0.0177219	0.43013	0.00162201	0.0290314	0.00147621	0.0363138	0.0238277	0.00229827	0.00244692	0.00175197	0.00247143	0.0755659	0.0392103	0.0419197	0.00259312	0.00280038
70	0.0271667	0.00517768	0.000500948	0.000877374	0.0563707	0.0188013	0.000613183	0.192333	0.000606329	0.459323	0.0287707	0.00211319	0.00231339	0.000468441	0.00119566	0.00635743	0.0108729	0.182038	0.00169447	0.00240587
71	0.0172289	0.0285978	0.00223688	0.00205358	0.280933	0.0122812	0.010154	0.0644597	0.00431664	0.0460861	0.00713969	0.00496461	0.0361128	0.00222565	0.00341532	0.0290966	0.0292542	0.0587771	0.0525011	0.308165
72	0.115847	0.0138448	0.0343912	0.0135314	0.0144326	0.0424172	0.00614248	0.0221233	0.0268108	0.0254607	0.0143874	0.0285298	0.00743506	0.00462092	0.00877205	0.179882	0.396186	0.0333297	0.00343237	0.00842377
73	0.0513759	0.0141383	0.000653399	0.00137326	0.0521273	0.0131907	0.00123436	0.237025	0.000589295	0.303873	0.0239918	0.00390213	0.00411236	0.000709809	0.00113758	0.0117165	0.0211437	0.255061	0.000842626	0.00180082
74	0.219991	0.282981	0.00199014	0.00221412	0.0547785	0.0829302	0.00259769	0.00612053	0.00398575	0.0975967	0.00417637	0.00371813	0.00226207	0.00168161	0.00297419	0.0502578	0.0845795	0.0906894	0.00161435	0.00286121
75	0.0103564	0.0195062	0.000565256	0.0198551	0.0519702	0.00379026	0.0086979	0.17895	0.000655571	0.341975	0.181593	0.00659039	0.0101704	0.0117683	0.00496483	0.00576606	0.0442392	0.0956879	0.00200314	0.000894921
76	0.314604	0.0203848	0.00156308	0.00155749	0.00969729	0.191445	0.00325878	0.0208884	0.00109827	0.0179839	0.00963376	0.00267795	0.00159342	0.000575149	0.00404441	0.298048	0.0570919	0.039951	0.000577156	0.00332632
77	0.0101042	0.0417796	0.00125339	0.00120937	0.58203	0.0212814	0.00777165	0.0550933	0.00163478	0.097956	0.0160787	0.00184552	0.00150981	0.00114094	0.00173383	0.0464368	0.00388246	0.0718616	0.00159107	0.0338055
78	0.137034	0.00608348	0.00271142	0.00245466	0.009658	0.0271321	0.00265718	0.0349245	0.0230915	0.0736568	0.0102344	0.00542615	0.0387296	0.0022194	0.0107765	0.284951	0.226008	0.0895909	0.00312212	0.00953823
79	0.0375539	0.000944159	0.000483939	0.00053669	0.00911719	0.0018614	0.000689474	0.284519	0.00473471	0.0475906	0.0246158	0.00386045	0.00273439	0.000570444	0.00238697	0.0166029	0.0158377	0.541251	0.000569006	0.00354074
80	0.21844	0.0155547	0.0714754	0.0705634	0.0137512	0.210969	0.00901145	0.0177781	0.0331507	0.00787048	0.00431678	0.0205508	0.0325041	0.020814	0.0244001	0.15727	0.0261276	0.0355218	0.00588047	0.00405008
81	0.0468684	0.011812	0.000602927	0.00467233	0.0819763	0.0110264	0.00508959	0.161861	0.00117143	0.349613	0.0820674	0.0027924	0.00428239	0.00230705	0.0060407	0.0217353	0.0462475	0.150659	0.00784939	0.00132559
82	0.280279	0.0707966	0.00118171	0.00215325	0.0113475	0.0495389	0.00807133	0.0117373	0.00111858	0.0105364	0.0236075	0.00420903	0.00354619	0.000726194	0.00201037	0.345424	0.102358	0.0652503	0.00198302	0.00412494
83	0.208384	0.136648	0.0022091	0.00176724	0.014598	0.0284324	0.00546072	0.0133031	0.00339458	0.0176471	0.0160535	0.00379128	0.00744812	0.00146854	0.00371548	0.354266	0.104619	0.0696645	0.00373008	0.00339918
84	0.35166	0.0163578	0.00118139	0.00344683	0.0126191	0.0839032	0.00449697	0.0136533	0.00176707	0.0243443	0.0244168	0.00923595	0.0041016	0.000537017	0.0022741	0.2952	0.092434	0.052117	0.00076616	0.00548745
85	0.100542	0.00371011	0.00488672	0.00277923	0.124949	0.00974779	0.00477875	0.00900715	0.0380679	0.126542	0.0463555	0.0715345	0.00273842	0.00608564	0.0204781	0.136718	0.0791602	0.0147139	0.0055386	0.191667
86	0.0848846	0.0045672	0.00329531	0.00383432	0.0385694	0.0151712	0.00675206	0.0937295	0.0300997	0.0805457	0.0111872	0.00833397	0.0102979	0.00339018	0.0641976	0.199021	0.181133	0.0992153	0.00327842	0.0584965
87	0.230679	0.0163016	0.0608386	0.0851644	0.0150804	0.215773	0.00817365	0.0191964	0.0213436	0.0125841	0.00586254	0.0170111	0.0473397	0.0149908	0.0185985	0.124169	0.0209674	0.0528382	0.00709489	0.00599239
88	0.0437825	0.00382224	0.0243841	0.0766248	0.00673005	0.00979002	0.00908559	0.0235788	0.294024	0.00999551	0.0050091	0.0258863	0.0598028	0.0207948	0.188403	0.0190884	0.10883	0.0466838	0.00267947	0.0210044
89	0.0759178	0.00334444	0.00228482	0.00192054	0.0168996	0.00711428	0.00245463	0.352322	0.00309781	0.034769	0.0182996	0.0049066	0.0196379	0.0020328	0.00425093	0.0608228	0.0626145	0.321318	0.00142696	0.00456448
90	0.0371643	0.00145555	0.000592219	0.000736861	0.0114203	0.00285104	0.00123423	0.307387	0.00343908	0.0599324	0.0244157	0.00681987	0.00340321	0.000648885	0.00254174	0.0192096	0.0179432	0.493347	0.000710457	0.00474699
91	0.0199462	0.0297364	0.00313324	0.00369673	0.095754	0.0173237	0.0520652	0.150284	0.0310875	0.258444	0.016426	0.0400458	0.0108189	0.00499972	0.0136884	0.0236946	0.0248178	0.0602803	0.126704	0.0170537
92	0.0177432	0.00599547	0.00391802	0.093033	0.0114908	0.0389061	0.00485541	0.0577088	0.00562096	0.0611191	0.00723787	0.0244934	0.00450227	0.500502	0.0487512	0.0158219	0.0271871	0.0609664	0.00334867	0.00679788
93	0.621216	0.00460223	0.00143787	0.00254299	0.00915727	0.0419955	0.00231691	0.0100542	0.00139473	0.0125223	0.0173949	0.00318837	0.00372888	0.00113933	0.00178176	0.179138	0.0634222	0.0196565	0.000944229	0.00236578
94	0.229798	0.00464257	0.00175228	0.00133067	0.0671015	0.0525196	0.00106419	0.0922364	0.00109198	0.0891102	0.0171082	0.00630286	0.00231227	0.000836158	0.00197301	0.0256072	0.104641	0.298123	0.000890121	0.00155864
95	0.131662	0.00459539	0.00108399	0.00255255	0.0609483	0.0425956	0.0014915	0.182558	0.000990279	0.147882	0.0306191	0.0052207	0.00383481	0.000735084	0.002733	0.0278932	0.0864243	0.262822	0.00159927	0.00175846
96	0.0234313	0.00825625	0.000439918	0.00435505	0.0698073	0.00673043	0.00257375	0.179521	0.000585823	0.438517	0.069381	0.00273721	0.003202	0.00276075	0.00213772	0.00695323	0.0219166	0.15264	0.00196257	0.0020905
97	0.300311	0.0204982	0.0033119	0.00627883	0.0210031	0.0541852	0.00523465	0.0468567	0.0044932	0.0368767	0.0497216	0.0124397	0.00587892	0.00238348	0.00687379	0.196565	0.145756	0.0680282	0.00329925	0.0100052
98	0.437333	0.0096438	0.00103816	0.00476699	0.0179199	0.0595228	0.00315796	0.0137055	0.000809856	0.0232494	0.0375801	0.00497287	0.00202106	0.000562174	0.00135172	0.245083	0.0878211	0.0448286	0.000579483	0.0040523
99	0.246656	0.00225434	0.00155638	0.0013178	0.0497103	0.0589682	0.00128342	0.0803604	0.00135276	0.0738708	0.0140935	0.0057568	0.00195009	0.000833295	0.00193509	0.0313163	0.117324	0.305477	0.00184022	0.00214391
100	0.075556	0.00342342	0.000899072	0.00125566	0.0296175	0.0104714	0.000946038	0.241984	0.00274254	0.0988402	0.032897	0.0042451	0.00372777	0.000628063	0.00256963	0.0225719	0.0351238	0.428865	0.000750197	0.00288549
101	0.18016	0.00229653	0.00179611	0.00200669	0.0764665	0.0396186	0.00154228	0.0894919	0.00176538	0.0699701	0.0352414	0.00708288	0.00155476	0.00139376	0.00214899	0.0283105	0.157267	0.298014	0.000980495	0.0028919
102	0.0846092	0.0182501	0.00154263	0.00134529	0.0628089	0.0255387	0.000939647	0.183153	0.000700854	0.29333	0.0211202	0.00657589	0.00638234	0.000574998	0.00235432	0.0172895	0.0229184	0.248168	0.000804972	0.00159259
103	0.272919	0.0223689	0.005398	0.00416939	0.00865672	0.233885	0.00281815	0.0296049	0.00261985	0.0192095	0.00477992	0.00266543	0.00289751	0.00157712	0.00789389	0.291537	0.0452237	0.0381459	0.000885742	0.00274444
104	0.028254	0.0077001	0.00158129	0.0036582	0.0839473	0.00958004	0.00449998	0.123791	0.00220095	0.503264	0.0541698	0.00506691	0.0069661	0.00469635	0.00379544	0.0115537	0.0222997	0.112903	0.0052123	0.00485946
105	0.0802345	0.00748237	0.0672543	0.0185926	0.0118115	0.0421711	0.00722731	0.0160632	0.0354552	0.018403	0.0104775	0.0354355	0.00922811	0.00521007	0.0118637	0.115503	0.475565	0.0212295	0.00303418	0.00775806
106	0.259275	0.0256752	0.0109946	0.00139912	0.0659957	0.0529617	0.00178339	0.130317	0.00184798	0.228117	0.016077	0.013357	0.0102527	0.00117172	0.0049824	0.0182474	0.0139877	0.139807	0.00144922	0.00230103
107	0.00641328	0.0245368	0.0119752	0.00146457	0.318808	0.0043518	0.202245	0.00560435	0.00185126	0.0913584	0.0090191	0.00274781	0.00194037	0.00171306	0.0217529	0.00622814	0.00463654	0.00670436	0.0017452	0.274903
108	0.377889	0.0163115	0.0041973	0.00519685	0.0167097	0.0597003	0.00392457	0.0187701	0.00318439	0.0241694	0.0415224	0.00840523	0.00388049	0.0016562	0.00402637	0.230875	0.117865	0.0527253	0.00160207	0.00738985
109	0.00999059	0.0231704	0.00930085	0.00165209	0.326224	0.01415	0.143271	0.0251574	0.00306197	0.129235	0.0291292	0.00463901	0.00184225	0.00491248	0.0183067	0.0186421	0.00540434	0.0265239	0.00378441	0.201603
110	0.0361871	0.0667396	0.0095621	0.00945925	0.0372475	0.0222827	0.0194886	0.0390709	0.011818	0.174123	0.0180628	0.0294948	0.00964413	0.127112	0.0172914	0.0387387	0.026006	0.0373712	0.132543	0.137757
111	0.320813	0.0200076	0.00580706	0.00520188	0.00991657	0.18019	0.00345897	0.020525	0.00246645	0.0174179	0.0105493	0.00373388	0.00344048	0.00129843	0.00517152	0.290564	0.0552083	0.0400926	0.000743971	0.00339323
112	0.514474	0.00526666	0.004203	0.00354768	0.00849753	0.0371067	0.00361238	0.0138511	0.0285773	0.0154715	0.00611301	0.00587332	0.00388944	0.00282631	0.0293126	0.0706717	0.0121104	0.204507	0.00307054	0.0270184
113	0.0102683	0.00111041	0.0141707	0.0123894	0.00279473	0.00821976	0.0467661	0.0155286	0.394733	0.016284	0.0138862	0.0307463	0.00220291	0.0261744	0.341823	0.0267654	0.0252387	0.00823182	0.000778143	0.00188759
114	0.0103815	0.00125917	0.013437	0.0119621	0.00324724	0.00974073	0.0466512	0.0150202	0.38249	0.0161145	0.0147656	0.0292382	0.00178461	0.0314361	0.346949	0.0272041	0.0234144	0.00804633	0.000915872	0.00594191
115	0.22759	0.0145561	0.0805212	0.0620941	0.0129633	0.215111	0.00823569	0.0168523	0.0318313	0.00887731	0.00456609	0.0171126	0.0276288	0.0187409	0.0214139	0.161349	0.025742	0.0357033	0.00604491	0.00306702
116	0.0216804	0.00318246	0.00216541	0.0155055	0.023517	0.019188	0.131159	0.00640672	0.116802	0.0102571	0.0199616	0.0101273	0.00229522	0.156997	0.174448	0.0782143	0.00668134	0.0091507	0.00547697	0.186784
117	0.0145172	0.00367243	0.317698	0.342247	0.00836556	0.0212184	0.00876538	0.00747095	0.0170056	0.00975496	0.00475871	0.057533	0.00490636	0.105274	0.0100793	0.028631	0.00851925	0.010626	0.00224855	0.0167092
118	0.0114449	0.0323131	0.00216946	0.00188334	0.573829	0.0199384	0.0211687	0.0523736	0.00286136	0.0944704	0.0180855	0.00279983	0.00263737	0.00119844	0.00365123	0.0320419	0.00734302	0.0582081	0.0037378	0.0578444
119	0.0133511	0.00491577	0.0241718	0.0264201	0.00837306	0.0526015	0.00396182	0.0102775	0.00418897	0.011809	0.00523037	0.09903	0.00288166	0.00299209	0.00505664	0.648366	0.0574842	0.0116432	0.00235586	0.00488889
120	0.0677457	0.00629664	0.00548149	0.00423985	0.150543	0.0117256	0.0232269	0.0160441	0.0486885	0.11664	0.030081	0.0636845	0.00436354	0.0158167	0.0449828	0.116346	0.0514682	0.0186227	0.0107403	0.193263
121	0.0309952	0.0358721	0.00176628	0.0100054	0.0672609	0.0257854	0.0248432	0.135329	0.00372159	0.306024	0.123492	0.00659534	0.00949711	0.00764185	0.00998675	0.022292	0.0520939	0.113282	0.00715445	0.00636102
122	0.145514	0.0146196	0.0155273	0.0835723	0.0547648	0.170306	0.0110713	0.0337786	0.0128936	0.0221953	0.0108238	0.0783949	0.0128883	0.012674	0.0986722	0.0614769	0.0340852	0.0692912	0.00514237	0.0523089
123	0.170725	0.0243805	0.00964005	0.00911069	0.0287774	0.0830342	0.0056498	0.0586371	0.00719373	0.150702	0.0105382	0.00965777	0.190557	0.00371952	0.00958371	0.0351255	0.029051	0.14405	0.0111669	0.00869924
124	0.0081532	0.0365186	0.0010375	0.00116531	0.61836	0.0221895	0.00740132	0.0551694	0.00122162	0.0905424	0.017502	0.00169171	0.000951265	0.000985889	0.00166182	0.0351342	0.00284029	0.0657698	0.000860297	0.0308442
125	0.0264637	0.00361722	0.000453067	0.0011054	0.0818513	0.00660602	0.000853335	0.134503	0.000522692	0.537253	0.0351694	0.00133158	0.00150017	0.000760051	0.00101746	0.00531655	0.0125405	0.144183	0.00135708	0.00359581
126	0.0508402	0.033918	0.00123653	0.00101374	0.411613	0.0281125	0.00740722	0.0946388	0.00184659	0.158434	0.0189449	0.00214382	0.00382501	0.00100469	0.00871637	0.0543926	0.0147677	0.0866667	0.00291917	0.0175593
127	0.323556	0.0213403	0.00135951	0.00180951	0.0102306	0.164971	0.00410757	0.0171719	0.000873967	0.0165851	0.0117453	0.0032862	0.00129899	0.000449528	0.00320792	0.302954	0.0643986	0.0460947	0.000447747	0.00411237
128	0.339485	0.0226739	0.000809013	0.0018693	0.0113167	0.135757	0.00393887	0.0174225	0.000684009	0.0195481	0.0146408	0.00388628	0.00151059	0.000428869	0.00273794	0.309857	0.0670837	0.0418047	0.000548593	0.00399611
129	0.0299303	0.010986	0.000345271	0.00314049	0.0677896	0.00583685	0.00164955	0.167769	0.000408186	0.410749	0.0609142	0.00217334	0.00155165	0.00173245	0.0014725	0.0108731	0.0284753	0.191468	0.00150658	0.00122825
130	0.0152823	0.0167959	0.000495373	0.0135127	0.0564832	0.0039489	0.00701891	0.185121	0.00049277	0.336554	0.154221	0.00657948	0.00736127	0.00827022	0.0031333	0.00775236	0.0474356	0.126346	0.00245069	0.000744622
131	0.0405584	0.00074286	0.000341456	0.000432491	0.0104807	0.00138537	0.000475577	0.361485	0.00247117	0.0528854	0.0322244	0.00267782	0.00315831	0.000402218	0.00249933	0.0128235	0.0168424	0.454663	0.000342818	0.00310791
132	0.0411417	0.00690492	0.000584331	0.00179683	0.0646619	0.00971388	0.00160473	0.158116	0.000772384	0.460055	0.0461411	0.00264702	0.00322738	0.00107236	0.00256374	0.0102573	0.017602	0.166426	0.00229606	0.00241555
133	0.0242235	0.0145664	0.000364343	0.00531929	0.0738049	0.00604841	0.00264203	0.218257	0.000331259	0.338115	0.0799714	0.00291255	0.00252059	0.00332082	0.00166405	0.00775194	0.0291281	0.186611	0.00158943	0.000857707
134	0.0404286	0.00700326	0.00041453	0.00170573	0.0649332	0.0078248	0.000821692	0.149026	0.000530744	0.421722	0.0424769	0.00185958	0.0011255	0.000508306	0.0012713	0.0125046	0.0237812	0.218964	0.00129792	0.00180043
135	0.0183718	0.0280575	0.00158636	0.00181702	0.275349	0.0130384	0.00215834	0.0679666	0.00406651	0.0422415	0.00647913	0.00459707	0.0397463	0.00200324	0.00242421	0.0315504	0.0331786	0.0632199	0.0541493	0.307999
136	0.271743	0.020778	0.00125315	0.00111418	0.00914724	0.256644	0.00238264	0.0336293	0.00107943	0.0237785	0.00630078	0.00200751	0.00142248	0.000937438	0.00532976	0.274675	0.0473513	0.0372523	0.000723633	0.00245063
137	0.00685589	0.00292001	0.00115243	0.00202753	0.209056	0.0030367	0.00195372	0.094167	0.00132559	0.533309	0.0538036	0.00350191	0.0135102	0.00199533	0.00324448	0.00476702	0.0441134	0.0148321	0.00151822	0.00290912
138	0.0228356	0.0122077	0.000492839	0.00849323	0.0616239	0.00651862	0.00444138	0.24926	0.000527009	0.289071	0.107787	0.00405006	0.00526734	0.00517299	0.00229438	0.00737702	0.0395052	0.170155	0.00185156	0.00106725
139	0.0243417	0.00832957	0.00583164	0.0451856	0.0147711	0.0295482	0.0108306	0.0857103	0.00942928	0.0861049	0.0151252	0.0504349	0.00577878	0.385997	0.0591281	0.0210415	0.0551845	0.0712723	0.00600935	0.00994576
140	0.0427735	0.00153152	0.000376304	0.000730334	0.0282496	0.00387242	0.000498531	0.376294	0.0012896	0.0936503	0.043781	0.00222965	0.00521314	0.000452037	0.00203258	0.013343	0.0232433	0.357655	0.000438234	0.00234614
141	0.00759242	0.0351766	0.000983003	0.00130816	0.629221	0.0223932	0.0075113	0.0555589	0.00125546	0.0878739	0.0181861	0.00174008	0.000977661	0.000961898	0.0015735	0.0326048	0.00290114	0.0614213	0.000818921	0.0299404
142	0.0159245	0.0219191	0.00803618	0.00171678	0.344131	0.0343095	0.0813472	0.0651804	0.00363951	0.165242	0.0439987	0.00566827	0.00274388	0.00842957	0.0132477	0.0343114	0.00843913	0.0689598	0.0082618	0.0644933
143	0.0808958	0.0148485	0.0850351	0.0334355	0.0180976	0.0469642	0.0274558	0.0203602	0.0321106	0.0362176	0.0103795	0.0210408	0.312525	0.0123592	0.0711171	0.0695573	0.038291	0.0460901	0.00868189	0.0145376
144	0.0178126	0.0108295	0.000583921	0.00922269	0.0859771	0.00372208	0.00476681	0.131469	0.000880785	0.428354	0.13927	0.00511968	0.00900907	0.00599773	0.00337512	0.00657849	0.0422322	0.0909802	0.00242108	0.00139734
145	0.259419	0.014654	0.0613004	0.0374947	0.0139379	0.218567	0.00570076	0.0158615	0.0175891	0.0172211	0.00900687	0.00920951	0.0214252	0.00908787	0.0158054	0.159366	0.0474312	0.056833	0.00560885	0.00448131
146	0.0252137	0.00435873	0.0166621	0.0205881	0.0072052	0.0335943	0.0199714	0.00958091	0.151786	0.0131311	0.00567115	0.0445426	0.220382	0.00977379	0.21878	0.101478	0.0660281	0.0163015	0.00596285	0.00898764
147	0.0698154	0.00637621	0.000715006	0.0077299	0.0604243	0.0166048	0.00193689	0.154856	0.000714371	0.258597	0.0657581	0.00321804	0.00214602	0.0016226	0.00213203	0.0226773	0.0835174	0.238026	0.00187728	0.00125411
148	0.0929969	0.00966491	0.00769048	0.00427874	0.0182284	0.0580434	0.00483702	0.0281277	0.00840543	0.118703	0.111999	0.00939715	0.00974948	0.00361644	0.0429993	0.154051	0.201521	0.103616	0.00348121	0.0085938
149	0.0331993	0.000740286	0.000323102	0.000392337	0.00979613	0.0011879	0.000471867	0.429489	0.00144585	0.055365	0.0321933	0.00210878	0.00287202	0.000359013	0.00341109	0.00958503	0.0142183	0.398698	0.000338362	0.00380518
150	0.0128245	0.0267466	0.001393	0.00160491	0.414117	0.0148815	0.00554135	0.0691718	0.00311478	0.0534824	0.00889513	0.00356671	0.0216033	0.00164632	0.00245189	0.0344909	0.0190418	0.0549655	0.0283758	0.222085
151	0.312345	0.0240417	0.00155141	0.00196432	0.00997196	0.169076	0.00382614	0.0187759	0.0011522	0.0171593	0.0111296	0.00350095	0.00191363	0.000489102	0.00353022	0.306035	0.0638459	0.0452786	0.000597563	0.00381511
152	0.225723	0.271928	0.00190476	0.00240393	0.0564388	0.0888713	0.00263706	0.00745276	0.00412419	0.0990612	0.00418538	0.00385397	0.00233472	0.00168228	0.00288076	0.0446164	0.0795875	0.0958769	0.00152341	0.0029144
153	0.0289013	0.00405285	0.000362069	0.000448956	0.0713008	0.00630274	0.000448779	0.152785	0.000438742	0.514591	0.0311115	0.000988767	0.000647629	0.00032848	0.00103858	0.00553379	0.00857764	0.168327	0.00110993	0.00270511
154	0.264978	0.0111246	0.00495122	0.00293823	0.0171482	0.347368	0.00219891	0.0247278	0.00236273	0.0242421	0.0116095	0.0021334	0.00362905	0.00142532	0.0039817	0.168685	0.0459096	0.053309	0.00411462	0.00316321
155	0.618877	0.00626741	0.0015832	0.00258473	0.00947877	0.0385968	0.00221844	0.0102975	0.00147481	0.0126148	0.0177829	0.00337692	0.00403904	0.00116159	0.00182957	0.178049	0.0662682	0.0200208	0.00107	0.00240908
156	0.0275574	0.00479604	0.000444715	0.000647068	0.0597324	0.00943077	0.000605874	0.1578	0.000472724	0.503894	0.0302448	0.00123894	0.000733309	0.000441536	0.00104697	0.00645644	0.00941139	0.181524	0.0011609	0.00236088
157	0.0481195	0.0143755	0.000552222	0.00125842	0.051939	0.012879	0.00131157	0.233445	0.000571141	0.305702	0.0240667	0.0035792	0.00337869	0.000723884	0.00113807	0.0126498	0.0203332	0.261498	0.00096004	0.00151898
158	0.00989973	0.039173	0.00148061	0.00166619	0.548431	0.0200234	0.0138816	0.0570276	0.00356943	0.0807607	0.0263053	0.0047402	0.00459685	0.00154883	0.00350723	0.0304634	0.00608816	0.0743147	0.00726477	0.0652572
159	0.191741	0.132736	0.00129894	0.00142232	0.0112875	0.00898436	0.0051535	0.0155564	0.00159952	0.00527219	0.014516	0.00256257	0.00787836	0.00126426	0.00225775	0.436404	0.102536	0.0500569	0.00513165	0.00234151
160	0.268235	0.00524739	0.00261126	0.00228734	0.0169889	0.445304	0.00189575	0.0280631	0.0017745	0.039831	0.0253433	0.0027881	0.0033459	0.00208349	0.00283142	0.0608656	0.0395187	0.0439412	0.0035078	0.00353588
161	0.00653408	0.0244342	0.0107699	0.00160654	0.332208	0.00496398	0.184772	0.00778991	0.00215684	0.0908098	0.00926891	0.00282516	0.00225398	0.00166939	0.025461	0.00742966	0.00478733	0.00930094	0.00205936	0.268899
162	0.0302349	0.0104137	0.000450496	0.00566521	0.0603884	0.00840476	0.00324323	0.254083	0.000595658	0.287646	0.0762558	0.0036378	0.00416965	0.00330201	0.00214243	0.00950217	0.0357291	0.200626	0.0020414	0.00146764
163	0.0306455	0.000992794	0.000395057	0.000497277	0.00793054	0.00146718	0.0012665	0.384836	0.00218217	0.0554525	0.0260244	0.00302196	0.00261269	0.000508717	0.00330553	0.0111899	0.0127613	0.446996	0.00106831	0.00684553
164	0.0124833	0.0287756	0.00158307	0.00163051	0.391378	0.0147957	0.00640429	0.0648569	0.00319348	0.0639331	0.00937101	0.00342548	0.0234416	0.00151314	0.00254521	0.0294433	0.0194615	0.0605548	0.0285608	0.232649
165	0.215385	0.0135175	0.168999	0.0569886	0.0190638	0.111584	0.0129664	0.0238989	0.0198351	0.0296086	0.0110875	0.0422065	0.02221	0.0217107	0.0213148	0.0984942	0.0446975	0.0418061	0.00651187	0.0181139
166	0.123944	0.0127759	0.00901317	0.00739742	0.0233944	0.138912	0.00792962	0.0370825	0.00837811	0.107014	0.0834423	0.0148024	0.00835007	0.00599812	0.018169	0.137813	0.172315	0.0670425	0.0056875	0.010539
167	0.0166031	0.00372929	0.240244	0.110317	0.0078723	0.0785703	0.0410125	0.00852153	0.00383331	0.0105847	0.00519263	0.270811	0.00423363	0.0055892	0.00911251	0.0849618	0.0109659	0.0130937	0.00310479	0.0716468
168	0.023516	0.00682724	0.0767293	0.0177916	0.0131653	0.0132157	0.0501266	0.0164098	0.0489617	0.140792	0.112774	0.121953	0.00591163	0.197701	0.00818417	0.0944243	0.013697	0.0200995	0.00471285	0.013008
169	0.0182574	0.0180794	0.000495397	0.0119285	0.0632448	0.00579307	0.00623834	0.191826	0.00073668	0.352779	0.12791	0.00461936	0.00631074	0.00736722	0.00399086	0.00811718	0.0364945	0.131847	0.00298073	0.000984011
170	0.020198	0.0189383	0.000655816	0.0112755	0.054712	0.0057825	0.00602907	0.215694	0.000774728	0.303317	0.130451	0.00492778	0.00639	0.00731996	0.00360345	0.00932137	0.0391539	0.157544	0.00247004	0.0014416
171	0.0104271	0.00110757	0.0140904	0.0139618	0.00280987	0.00837225	0.0480744	0.0151372	0.391194	0.0159573	0.0136086	0.0326537	0.00324572	0.0269817	0.339166	0.026377	0.0251773	0.00877333	0.000870516	0.00201378
172	0.016832	0.003783	0.014112	0.023695	0.0111655	0.0141153	0.0823463	0.0174989	0.282906	0.0218442	0.0127541	0.0597144	0.0116012	0.0377802	0.270979	0.0347608	0.0264843	0.0308615	0.00536428	0.0214018
173	0.00649101	0.0245652	0.0121228	0.00149304	0.318002	0.00437414	0.203859	0.00562362	0.00181506	0.0915697	0.00892808	0.00276855	0.00193026	0.0017251	0.0214524	0.00622964	0.00462072	0.00677568	0.00175625	0.273897
174	0.0825874	0.00329176	0.0530136	0.0184626	0.0061089	0.0401356	0.00243333	0.00877832	0.0421635	0.0088182	0.00512858	0.036805	0.00255051	0.00221275	0.0031769	0.130849	0.539006	0.00925271	0.00185188	0.00337321
175	0.0219509	0.029046	0.002985	0.00315013	0.265403	0.0131607	0.00360131	0.0682292	0.0046436	0.0442662	0.00804588	0.00629215	0.0590804	0.00240105	0.00319815	0.0294824	0.0312552	0.0598338	0.0471534	0.296821
176	0.0164276	0.00371595	0.264611	0.1378	0.00795907	0.0659293	0.034399	0.0085859	0.00595714	0.0100607	0.00546839	0.238838	0.00493139	0.0167968	0.0105992	0.0762716	0.0101995	0.0113752	0.00261041	0.0674633
177	0.0123062	0.00387808	0.311418	0.400008	0.00835331	0.00680273	0.0033139	0.00797953	0.0213713	0.0103289	0.00490004	0.0105806	0.00428735	0.148159	0.00679603	0.0137296	0.00833127	0.00986815	0.00221426	0.00537324
178	0.0192199	0.031941	0.00200358	0.00202137	0.268069	0.0131985	0.00237488	0.0639879	0.00464896	0.0441849	0.00715767	0.00496913	0.0504715	0.00245973	0.00275203	0.0294797	0.0324538	0.0625573	0.0524882	0.303561
179	0.0332584	0.000746224	0.000325516	0.000416676	0.00955561	0.00134554	0.000519801	0.410248	0.00176153	0.0553578	0.0300866	0.00246482	0.00283593	0.000386225	0.00319835	0.0104936	0.0139455	0.418657	0.000363799	0.00403348
180	0.0858654	0.024506	0.0013977	0.00149863	0.0847978	0.0546523	0.0269433	0.14874	0.00835066	0.223536	0.0239857	0.00461072	0.0255823	0.00150255	0.0174949	0.070259	0.0554339	0.0881426	0.0473058	0.00539499
181	0.379749	0.0108415	0.0137968	0.0126303	0.013979	0.233904	0.00394918	0.0233722	0.00583188	0.0257484	0.0133087	0.0050872	0.00722776	0.00453629	0.00590057	0.142258	0.0409637	0.0476629	0.00419823	0.00505522
182	0.410253	0.0318599	0.003132	0.00275456	0.0101402	0.0425471	0.00311802	0.0251084	0.00271305	0.0147153	0.0144023	0.00400583	0.0195062	0.00162192	0.00308384	0.311992	0.0629632	0.0292258	0.00353363	0.00332317
183	0.0375284	0.000914142	0.000318187	0.000383549	0.0137327	0.00170577	0.000440058	0.420667	0.00147616	0.0641664	0.0323055	0.00200415	0.00322866	0.000333084	0.002837	0.0101842	0.0152967	0.389099	0.000339304	0.00303981
184	0.185007	0.0323331	0.00749766	0.105192	0.0132234	0.0492464	0.00526782	0.112138	0.00916443	0.0129542	0.00849737	0.0882428	0.00615218	0.0090159	0.0448681	0.142445	0.0924532	0.0409056	0.00244372	0.0329525
185	0.0438875	0.0110297	0.00128295	0.00268499	0.0562879	0.0122587	0.00361731	0.200466	0.00154077	0.346203	0.0413625	0.00351339	0.00460784	0.00162213	0.00473099	0.023481	0.0259833	0.207697	0.00468851	0.00305458
186	0.00732132	0.0238463	0.0120079	0.00164105	0.310461	0.00487115	0.202712	0.00677697	0.00272556	0.0917565	0.00985631	0.00384119	0.00197064	0.00287329	0.0225419	0.00821118	0.00496576	0.00759243	0.00213003	0.271897
187	0.035924	0.0132091	0.00330126	0.00449509	0.0539024	0.0626404	0.0183686	0.185714	0.0064899	0.340709	0.0500532	0.0105642	0.00967496	0.00545452	0.0097092	0.0264525	0.0330379	0.0761436	0.0469144	0.00724195
188	0.104225	0.00933978	0.213005	0.0817046	0.0133929	0.14448	0.0213221	0.0176172	0.0155422	0.0170893	0.00950909	0.109229	0.0155819	0.0189732	0.0189968	0.103552	0.0237069	0.0269664	0.0053359	0.0304308
189	0.0323592	0.000741231	0.000348667	0.000403751	0.00950247	0.00124852	0.000513265	0.423827	0.00166531	0.0541189	0.0312609	0.00220146	0.00282799	0.000374706	0.00361595	0.00983338	0.0144412	0.40644	0.000370372	0.00390511
190	0.0380704	0.00490286	0.000375383	0.00162689	0.0458205	0.00676512	0.000901888	0.303333	0.000753619	0.208679	0.0430695	0.00207068	0.00259811	0.000714179	0.001563	0.0104997	0.0296409	0.296091	0.000822564	0.00170203
191	0.103443	0.0137779	0.0196031	0.0170238	0.0338413	0.0239398	0.0223447	0.0224391	0.0218193	0.111284	0.0293455	0.162568	0.00846849	0.0807562	0.0290443	0.109323	0.0371741	0.0251182	0.0174696	0.111217
