213	20
1	0.0641192	0.00301493	0.0378233	0.0588897	0.0123136	0.0228526	0.0491046	0.0170871	0.236471	0.0188148	0.0103756	0.0682718	0.0167973	0.110532	0.137169	0.0575699	0.0414511	0.024939	0.000335015	0.0120685
2	0.117792	0.344726	0.00736093	0.0141888	0.0372647	0.0292411	0.0200115	0.0504263	0.0175215	0.0573438	0.0181897	0.0144589	0.0150522	0.0155809	0.0201118	0.0414176	0.0661139	0.0868649	0.00691943	0.0194145
3	0.0343333	0.0201424	0.00207574	0.0035723	0.00604939	0.00521609	0.00383424	0.0145166	0.00818245	0.0317211	0.00936763	0.00437888	0.226939	0.00489885	0.00532218	0.308008	0.272148	0.0331087	0.0016739	0.00451113
4	0.0447048	0.0145954	0.0134023	0.0189078	0.0214672	0.0342529	0.514469	0.0299566	0.0304607	0.0399256	0.0154393	0.0199751	0.0137913	0.0296772	0.024204	0.0373144	0.0347391	0.0425983	0.00503531	0.0150838
5	0.0859945	0.0109374	0.00293136	0.0140275	0.186394	0.00921627	0.00765596	0.016912	0.0384685	0.0844728	0.0203013	0.0284189	0.0113914	0.0109769	0.0438841	0.0387249	0.0248034	0.0495388	0.0248974	0.290052
6	0.0223905	0.0120345	0.104825	0.0666361	0.00188882	0.438165	0.0325707	0.00675935	0.0613279	0.00922126	0.00424984	0.110641	0.00685111	0.0184324	0.0395081	0.0461894	0.00892881	0.00447907	0.000598475	0.00430242
7	0.389183	0.0161167	0.00324735	0.0054199	0.0775581	0.230545	0.0103246	0.0165298	0.00704596	0.0179365	0.00968044	0.00759876	0.00868084	0.00613852	0.00928035	0.0800949	0.0322469	0.0285988	0.0288078	0.0149662
8	0.0324595	0.0120289	0.00405739	0.0076722	0.0127224	0.0110848	0.00937327	0.0188078	0.0389982	0.089812	0.0415983	0.00754496	0.424277	0.0177035	0.0107872	0.181084	0.0434967	0.0236875	0.00352872	0.00927572
9	0.0431498	0.0317628	0.0024325	0.0122063	0.0633475	0.0101553	0.00825558	0.0975234	0.0132124	0.386189	0.088506	0.00858023	0.00912768	0.0172392	0.0102866	0.0267129	0.0333234	0.118985	0.00823672	0.0107679
10	0.0316755	0.0135274	0.185961	0.103393	0.00379579	0.233892	0.0448234	0.0106979	0.0775563	0.0125802	0.00651566	0.128712	0.00795934	0.0239478	0.0551747	0.0340409	0.00963574	0.00673414	0.000477402	0.00889817
11	0.0294862	0.0136914	0.159529	0.091233	0.0026439	0.299869	0.0410606	0.00781856	0.0713117	0.0102875	0.00552336	0.129321	0.00838582	0.0212053	0.0490641	0.0396702	0.0078738	0.00511523	0.000497845	0.00641301
12	0.0212815	0.0634062	0.00415902	0.0069974	0.0113539	0.0381662	0.0954875	0.0341943	0.105423	0.0482781	0.00982834	0.00670597	0.00750366	0.00798081	0.222622	0.0178439	0.144488	0.11168	0.00342324	0.039178
13	0.00886416	0.00364122	0.000628204	0.00111035	0.00846289	0.00153317	0.00478466	0.445598	0.00148919	0.309202	0.00489732	0.00204157	0.00120568	0.001283	0.00120091	0.00349044	0.00417597	0.194762	0.000469414	0.00115912
14	0.0287186	0.014209	0.0117211	0.0566431	0.0059331	0.0105637	0.0596441	0.145063	0.0637926	0.0498781	0.0118971	0.00515085	0.00454123	0.0317893	0.109532	0.0136046	0.0952313	0.243819	0.0014159	0.0368525
15	0.125742	0.332284	0.00830964	0.012175	0.042775	0.0237234	0.0152928	0.0558839	0.0176439	0.0654727	0.0191551	0.0147531	0.0145613	0.0132704	0.0177103	0.0444027	0.0616577	0.0894089	0.00594886	0.0198288
16	0.0502811	0.0118838	0.0142685	0.0285411	0.0170515	0.0282253	0.0254086	0.0318905	0.0419019	0.0467363	0.0203687	0.0212843	0.311913	0.182946	0.0301761	0.0489654	0.036436	0.034551	0.00447318	0.0126974
17	0.0157057	0.00575926	0.00238396	0.0166977	0.243082	0.00585389	0.00403258	0.0363399	0.007567	0.440009	0.0385436	0.00554649	0.0100993	0.0203939	0.00543829	0.0108306	0.0116126	0.0461932	0.0409215	0.03299
18	0.0435061	0.0129337	0.0159798	0.0211489	0.0174855	0.0363881	0.523746	0.0298104	0.0305344	0.0341546	0.0147979	0.0218657	0.0131836	0.0270504	0.0263808	0.0346356	0.0359848	0.041131	0.00447255	0.0148102
19	0.0412324	0.0110876	0.122613	0.0810635	0.0052837	0.224383	0.0481493	0.0117287	0.105396	0.0132917	0.00952078	0.107592	0.0123048	0.0515279	0.0655082	0.0471751	0.0235422	0.0113938	0.000568338	0.00663732
20	0.0856889	0.00137569	0.1546	0.27211	0.00158225	0.0291067	0.00735298	0.0175475	0.0855167	0.0153573	0.00400121	0.0273434	0.0224354	0.0667694	0.0556224	0.0649566	0.050927	0.032939	0.00297643	0.00179153
21	0.0832775	0.034332	0.00230517	0.0193593	0.0238277	0.00550357	0.0099455	0.151451	0.00784288	0.276347	0.0822815	0.00448621	0.00141566	0.00798381	0.00183066	0.0193948	0.0272176	0.234596	0.00204437	0.00455816
22	0.0681081	0.0326614	0.00394341	0.046292	0.0164922	0.00834229	0.025191	0.117179	0.0130607	0.230192	0.0500542	0.00680316	0.00283048	0.0157245	0.00968004	0.0257483	0.0713812	0.247545	0.00100659	0.00776465
23	0.0397006	0.0120224	0.22954	0.115444	0.00406616	0.151689	0.0328696	0.00866466	0.0681806	0.0105016	0.00521281	0.132308	0.00939877	0.0290904	0.053484	0.0641233	0.0161889	0.0095258	0.000440702	0.00754823
24	0.0916291	0.0074329	0.00330788	0.00824661	0.270841	0.0361551	0.00823238	0.0169808	0.0125092	0.0400954	0.00858411	0.00861161	0.0543127	0.00843799	0.010782	0.0173422	0.0356146	0.027964	0.0212811	0.31164
25	0.0458682	0.0134499	0.00463359	0.0136374	0.0307875	0.0165573	0.010278	0.0426625	0.0232202	0.152136	0.0291867	0.00733575	0.411384	0.0250576	0.0179581	0.0652365	0.033564	0.0391088	0.00524809	0.0126892
26	0.360793	0.0130528	0.00106632	0.00226918	0.00924605	0.331827	0.0015398	0.0125818	0.00289206	0.0115956	0.0137991	0.00189984	0.00961548	0.00177255	0.00814107	0.120279	0.0622858	0.0257179	0.00605089	0.00357462
27	0.0102197	0.00733979	0.00179298	0.00515686	0.165225	0.00570134	0.00281792	0.148048	0.0152263	0.336442	0.0957293	0.00485067	0.0299128	0.0203728	0.00333557	0.00843589	0.0115713	0.0960118	0.0116169	0.020193
28	0.0609878	0.002246	0.308009	0.0744294	0.0084696	0.0271588	0.00173153	0.00324453	0.0267682	0.00785054	0.00175381	0.187826	0.0122579	0.0188221	0.0401126	0.165014	0.0288059	0.0167506	0.000679858	0.007082
29	0.012152	0.00158653	0.000853449	0.00646793	0.0802455	0.0021276	0.00202685	0.278335	0.00190494	0.0707462	0.0513668	0.00249817	0.00239034	0.00714049	0.00234887	0.00365361	0.0457963	0.343627	0.00218736	0.0825451
30	0.0918923	0.0229829	0.000277962	0.000813855	0.0129825	0.00616101	0.000607986	0.162431	0.000656285	0.097727	0.0196668	0.000577116	0.00282538	0.00181779	0.00225346	0.0130045	0.0159532	0.546178	0.000335733	0.000856034
31	0.010058	0.00924914	0.000351033	0.000783359	0.00914733	0.000888332	0.00214125	0.477211	0.000731947	0.122457	0.0114016	0.000658555	0.00142329	0.000685295	0.000583467	0.00242609	0.00722176	0.341522	0.000228965	0.00083056
32	0.015828	0.0120811	0.000290283	0.000782916	0.00999927	0.00110518	0.00112342	0.44537	0.000561959	0.0743143	0.0141566	0.000485305	0.00184826	0.000619554	0.000696524	0.00322811	0.00891837	0.407594	0.000163919	0.000832478
33	0.0995351	0.0103219	0.0164082	0.015333	0.0121425	0.545944	0.0116761	0.0395564	0.0186784	0.0271487	0.0110462	0.0266301	0.00850121	0.00963451	0.0168182	0.0580438	0.0234104	0.0377042	0.00287684	0.00859012
34	0.293349	0.00709206	0.0010228	0.00149672	0.00886361	0.418649	0.00154255	0.0101104	0.00171385	0.0127147	0.0110458	0.0019743	0.00614363	0.00171183	0.0113524	0.129733	0.0596004	0.0129126	0.00567518	0.00329651
35	0.0335217	0.00913233	0.0724862	0.0470483	0.0035973	0.503537	0.026439	0.0098053	0.0455323	0.0117735	0.00493844	0.0904852	0.00661113	0.0176841	0.0319037	0.0542282	0.0173603	0.00852217	0.00108013	0.00431355
36	0.529719	0.0525026	0.00081208	0.0054184	0.00783967	0.0585614	0.0016347	0.0373395	0.0194118	0.0303759	0.00422013	0.00584471	0.0180953	0.00217165	0.00628244	0.0641277	0.0251378	0.127058	0.000937432	0.00250956
37	0.456256	0.0234559	0.00125964	0.0030268	0.0231085	0.178869	0.00250234	0.0130889	0.00709579	0.0140335	0.00807347	0.0068606	0.00677651	0.00275308	0.00739607	0.144959	0.0329441	0.0442524	0.00803883	0.0152488
38	0.332259	0.00909007	0.000915226	0.00152324	0.00885389	0.372795	0.00162168	0.0112382	0.00165621	0.0104763	0.0139796	0.00168674	0.0073313	0.00169591	0.00889435	0.125421	0.0666091	0.0140432	0.00630833	0.0036015
39	0.160947	0.0104706	0.00497578	0.00944792	0.0335169	0.0189157	0.0264264	0.10228	0.0141498	0.0791129	0.034913	0.0195777	0.00620181	0.0398732	0.0157547	0.079221	0.115935	0.22055	0.000972363	0.00675805
40	0.125255	0.00450438	0.0104679	0.0296794	0.0129437	0.0245001	0.036137	0.0715481	0.0387919	0.045279	0.0451199	0.0414168	0.00498817	0.040974	0.0237451	0.118542	0.166181	0.138077	0.000525315	0.0213244
41	0.313972	0.21462	0.00230067	0.00624031	0.0502385	0.0135304	0.00591193	0.0425015	0.00745649	0.0422797	0.00623512	0.00577733	0.00677144	0.00628212	0.0068601	0.0326866	0.11861	0.109303	0.00233573	0.0060862
42	0.193489	0.0244912	0.00138829	0.00667554	0.0162052	0.0104529	0.00349601	0.132124	0.0042635	0.103109	0.0234613	0.00275931	0.00336685	0.00950418	0.003449	0.0244055	0.0282792	0.40681	0.000381263	0.0018886
43	0.077676	0.00159772	0.146478	0.278663	0.00199315	0.0322862	0.00757696	0.0214408	0.0795916	0.0153496	0.00431983	0.023577	0.0237443	0.0706659	0.0568146	0.059419	0.0560177	0.0346275	0.00591842	0.00224295
44	0.129834	0.00163113	0.0163039	0.0425753	0.00936337	0.0304225	0.0477198	0.0390508	0.0600185	0.0222934	0.0434783	0.0504307	0.00277128	0.0497173	0.0270199	0.132992	0.188709	0.0770944	0.00112114	0.0274523
45	0.0255205	0.0199281	0.00294072	0.00592385	0.0616689	0.00850214	0.00415784	0.255052	0.0083014	0.352957	0.0355657	0.0224587	0.00638674	0.00636223	0.00643055	0.03217	0.0203844	0.104183	0.00679788	0.014308
46	0.0613331	0.0764283	0.00805198	0.0183582	0.0266643	0.0222362	0.0170177	0.0464486	0.0259304	0.164223	0.0225215	0.0193202	0.0221999	0.0191226	0.145409	0.168915	0.0504189	0.0595954	0.00755212	0.0182532
47	0.0742843	0.00322238	0.0399933	0.0750798	0.0105013	0.0259656	0.0475586	0.017249	0.220858	0.0186012	0.0116677	0.0632845	0.0157324	0.11609	0.131212	0.055827	0.037606	0.0249326	0.000423998	0.00990988
48	0.0708174	0.0102453	0.0806197	0.0831304	0.00766638	0.0809788	0.0542899	0.014934	0.140374	0.0233311	0.0119449	0.0875186	0.0183189	0.0863621	0.0824353	0.0676819	0.0529823	0.0181394	0.00136665	0.00686307
49	0.0226933	0.0121083	0.103784	0.066227	0.00203749	0.434396	0.0325472	0.00671607	0.061537	0.00901729	0.00418699	0.10957	0.00743247	0.0195845	0.0393002	0.0482087	0.0112418	0.00459249	0.000585938	0.0042336
50	0.0258807	0.00703574	0.000601352	0.00164376	0.436149	0.00261469	0.00336682	0.0144346	0.00202258	0.0386716	0.00192144	0.00248945	0.00999888	0.0161026	0.00210684	0.0132864	0.00385249	0.029076	0.0320773	0.356668
51	0.0664026	0.00551361	0.0526118	0.0589426	0.00816685	0.0725471	0.0462294	0.0160168	0.123868	0.0125232	0.00501009	0.0831126	0.0329625	0.101831	0.0841712	0.106733	0.0996425	0.0188491	0.000857954	0.00400794
52	0.0593766	0.00695479	0.0824304	0.0821019	0.00630034	0.164331	0.0432891	0.0128115	0.0988139	0.0118961	0.00584548	0.0839111	0.0213795	0.0739096	0.0689882	0.082896	0.0730849	0.0155585	0.00121733	0.00490419
53	0.0648327	0.00351431	0.0417477	0.0591942	0.0107732	0.0322489	0.0477768	0.0167934	0.214154	0.0166732	0.00898198	0.0727778	0.0214392	0.109876	0.128201	0.0663677	0.0513751	0.0233086	0.000295838	0.00966946
54	0.010829	0.00552447	0.000574329	0.00184573	0.00832594	0.00143489	0.00567608	0.447552	0.00132987	0.263072	0.00821445	0.00157069	0.00116826	0.0013406	0.00108244	0.00323413	0.00618515	0.229375	0.000445653	0.00121851
55	0.0303918	0.00338178	0.00146901	0.00424832	0.00383182	0.00359625	0.00370938	0.270327	0.0143919	0.102129	0.00503318	0.00271529	0.0036353	0.00337827	0.00410864	0.00759221	0.250429	0.280861	0.00131207	0.00345894
56	0.0174479	0.00922232	0.000957962	0.00331212	0.0853486	0.00467381	0.00219316	0.22216	0.00449973	0.280901	0.13573	0.0050827	0.00769	0.0121319	0.00219248	0.0122543	0.0115487	0.13814	0.018657	0.0258563
57	0.0914827	0.022903	0.000254621	0.000819458	0.0121358	0.00627328	0.000670907	0.170541	0.000552551	0.0936167	0.0187972	0.000532305	0.0026772	0.00176563	0.00219949	0.0131378	0.0164413	0.5444	0.000194881	0.000604316
58	0.106511	0.0287965	0.00332614	0.0275087	0.00808524	0.0382186	0.00477455	0.0900578	0.0306041	0.170272	0.0302243	0.00689413	0.249872	0.0314059	0.0539779	0.0148934	0.035913	0.0612725	0.00190559	0.00548731
59	0.18641	0.0227017	0.00601148	0.015674	0.0160823	0.0779381	0.00903044	0.114751	0.018975	0.0609048	0.0187368	0.0093336	0.248002	0.021756	0.0256089	0.03688	0.0329454	0.0626693	0.00374916	0.0118405
60	0.0560349	0.0107038	0.00981904	0.00642527	0.155418	0.011207	0.0319299	0.0917723	0.00929035	0.101789	0.0101284	0.00751745	0.00655637	0.0332212	0.00932275	0.0179799	0.0195639	0.108121	0.0180027	0.285196
61	0.0716078	0.00302327	0.157184	0.244527	0.00292312	0.0349561	0.0122689	0.019902	0.0824914	0.0231931	0.00501956	0.0402377	0.0239041	0.0616991	0.0563235	0.0659162	0.0564864	0.0310463	0.00340447	0.00388589
62	0.0566648	0.0112999	0.04573	0.0589542	0.0123484	0.0542041	0.0486741	0.0189624	0.1932	0.0259177	0.0110873	0.0594808	0.0149532	0.0803794	0.162643	0.0502644	0.0463316	0.0323969	0.00246962	0.0140379
63	0.0352187	0.0058071	0.00268193	0.0048045	0.00722853	0.00610293	0.00510315	0.065771	0.00597577	0.0204361	0.00601554	0.00579516	0.172209	0.00636335	0.00618737	0.0743981	0.427948	0.134898	0.00173205	0.00532391
64	0.0866943	0.00986271	0.00309063	0.022069	0.013911	0.010021	0.0146355	0.0931104	0.0560331	0.111763	0.016989	0.0303637	0.025908	0.036723	0.0629345	0.0886184	0.118945	0.186526	0.00171022	0.0100919
65	0.0762544	0.0341272	0.00420738	0.0284157	0.0301836	0.00565777	0.00843163	0.124328	0.0109743	0.318114	0.0913861	0.00603614	0.00212661	0.0106645	0.0027846	0.0213266	0.0283106	0.187712	0.00203891	0.00692012
66	0.100094	0.00899824	0.00843756	0.0155469	0.0111136	0.022466	0.0151992	0.0548404	0.01976	0.040917	0.0397636	0.0217505	0.024924	0.0186426	0.0207586	0.266265	0.229047	0.0692255	0.00180821	0.0104419
67	0.0620753	0.00402346	0.0590027	0.0729864	0.0106232	0.04581	0.0452772	0.0156642	0.207718	0.0175715	0.00942684	0.0763859	0.016562	0.0978133	0.122955	0.0604973	0.0417047	0.0228846	0.000393535	0.0106252
68	0.121821	0.00174864	0.0220538	0.0410622	0.0136114	0.025667	0.0417514	0.0431266	0.0660996	0.0294878	0.0421482	0.0509127	0.00424168	0.0552648	0.0338879	0.123813	0.169069	0.0844966	0.00091611	0.0288202
69	0.0307888	0.0135617	0.165311	0.093158	0.00273777	0.285492	0.0412276	0.00811704	0.0729174	0.0106524	0.00555139	0.130566	0.00865978	0.0214594	0.0506391	0.0384504	0.00833365	0.00522291	0.000490967	0.00666269
70	0.0133472	0.0118274	0.000294904	0.000794413	0.00969055	0.000979652	0.00116439	0.45934	0.000557055	0.0738379	0.0139589	0.000494529	0.00177884	0.000599775	0.000635759	0.00279664	0.00863525	0.398238	0.000174685	0.000854353
71	0.0768423	0.000898708	0.143895	0.283429	0.00111151	0.0295817	0.00759202	0.0191522	0.0874981	0.015065	0.00338328	0.0253147	0.0266062	0.0688631	0.055293	0.0637648	0.0584117	0.0285031	0.00320211	0.00159183
72	0.00813879	0.00844788	0.000915969	0.00216924	0.1301	0.00443691	0.00140522	0.189822	0.00310784	0.270103	0.0706617	0.0071118	0.00866789	0.00761049	0.00153075	0.00632542	0.0238729	0.203253	0.0129156	0.0394032
73	0.0349874	0.00249105	0.010952	0.0229113	0.0194917	0.012957	0.0575963	0.04202	0.0935916	0.266711	0.0438107	0.0121157	0.00915542	0.0744921	0.130525	0.0387668	0.0262749	0.0291412	0.0456425	0.0263661
74	0.0655875	0.00566889	0.0528457	0.059621	0.00829029	0.0700894	0.0468975	0.0163132	0.128044	0.0127421	0.00520611	0.0832641	0.0329502	0.102195	0.0857658	0.104155	0.0960736	0.0193311	0.000749902	0.00420928
75	0.0261511	0.00654624	0.000607199	0.0017894	0.437857	0.00285703	0.00313059	0.0133651	0.00224768	0.0392282	0.00212024	0.00258016	0.010676	0.0147433	0.00235935	0.013168	0.00411462	0.027175	0.0333978	0.355886
76	0.0509001	0.00246165	0.308937	0.0808843	0.0056766	0.0295635	0.00256309	0.00307919	0.0321878	0.00600872	0.00139509	0.173672	0.0137475	0.0238901	0.0415296	0.173108	0.0307864	0.0133848	0.000612643	0.00561202
77	0.101504	0.00216748	0.0231279	0.0429912	0.0117404	0.0235945	0.0514708	0.0163177	0.202648	0.0171228	0.015652	0.0605922	0.00765426	0.088534	0.0962705	0.0970117	0.0798261	0.0300245	0.0010304	0.0307201
78	0.0895025	0.0243844	0.000283104	0.00160738	0.01274	0.00612653	0.00116515	0.16408	0.00106682	0.120458	0.0225341	0.000961874	0.00254887	0.00212598	0.00208678	0.0137469	0.0168444	0.516839	0.000191886	0.000707146
79	0.00744903	0.00923967	0.000817239	0.00185046	0.1351	0.00486023	0.0014309	0.192856	0.0039969	0.29425	0.0730059	0.00575754	0.0115418	0.00846773	0.00164205	0.00610269	0.0166267	0.174482	0.0114655	0.0390579
80	0.0076583	0.00167673	0.000798233	0.00132642	0.0105956	0.00207359	0.00453495	0.404209	0.00197396	0.403018	0.00283526	0.00368181	0.00140875	0.00162596	0.00163569	0.00517495	0.00352965	0.140156	0.000647693	0.00143964
81	0.481959	0.0982331	0.00109991	0.00592547	0.0308198	0.0322366	0.00259265	0.0235695	0.0110409	0.0224633	0.00407168	0.00777117	0.00874112	0.00278118	0.00679357	0.119385	0.0536094	0.0772466	0.00145955	0.00820048
82	0.0288583	0.0141331	0.00181643	0.00324716	0.0057267	0.00470904	0.00364087	0.021092	0.00645764	0.0329238	0.00690131	0.00491851	0.195506	0.00435898	0.00496311	0.244256	0.356269	0.0550224	0.00146958	0.00373002
83	0.0640005	0.00303488	0.0382233	0.0593211	0.0120815	0.0231056	0.0489686	0.0168191	0.236142	0.0182292	0.0101908	0.0688241	0.0170819	0.110469	0.137968	0.0572939	0.0414926	0.0246707	0.000246845	0.0118361
84	0.0936223	0.0230233	0.000270144	0.000717119	0.0117826	0.00626001	0.000597875	0.159891	0.000569523	0.0939645	0.0184968	0.000504238	0.00276041	0.00173676	0.00226707	0.0130734	0.0158543	0.553844	0.000196493	0.00056824
85	0.163133	0.022386	0.000543119	0.00409149	0.0113588	0.01086	0.00387041	0.134167	0.00337862	0.0846393	0.0196794	0.00310918	0.00439815	0.00619754	0.0046934	0.0274299	0.047875	0.446677	0.000362291	0.00115026
86	0.0106319	0.0115572	0.000285157	0.0008054	0.00971788	0.000820145	0.00117523	0.469036	0.000565484	0.0732784	0.0138309	0.000479609	0.00176355	0.000582127	0.000578498	0.0024709	0.00851692	0.392882	0.000173904	0.000848333
87	0.0106319	0.0115572	0.000285157	0.0008054	0.00971788	0.000820145	0.00117523	0.469036	0.000565484	0.0732784	0.0138309	0.000479609	0.00176355	0.000582127	0.000578498	0.0024709	0.00851692	0.392882	0.000173904	0.000848333
88	0.106974	0.00719353	0.0196522	0.0152659	0.00781691	0.607372	0.0144762	0.0117563	0.01993	0.0153074	0.00602626	0.033414	0.0046572	0.00866109	0.0160216	0.0640978	0.0208141	0.013451	0.00282916	0.00428422
89	0.18073	0.00575361	0.0131838	0.00241236	0.016421	0.0305661	0.0025357	0.0112355	0.00339706	0.0410474	0.0141677	0.0192927	0.00258519	0.00310182	0.0171721	0.426249	0.178899	0.0254032	0.00123855	0.00460888
90	0.117522	0.0076681	0.0282272	0.0198039	0.00547706	0.535356	0.0132232	0.00973659	0.0220119	0.0134424	0.00655777	0.0415661	0.00554665	0.0103232	0.0257369	0.089634	0.0307922	0.0103848	0.00306319	0.00392706
91	0.0282849	0.0070018	0.0008796	0.00235064	0.422756	0.00407041	0.00405762	0.0166461	0.00311252	0.0420957	0.00283618	0.00342289	0.0106481	0.0176923	0.00301866	0.0133869	0.00513751	0.0322566	0.0324682	0.347877
92	0.0109782	0.0112987	0.000283785	0.000816684	0.010386	0.000839072	0.00126001	0.467642	0.000577862	0.076007	0.0144493	0.000514293	0.0017386	0.000673285	0.000574959	0.00251228	0.00874876	0.388962	0.000189005	0.00154879
93	0.309575	0.0083576	0.00082331	0.00158768	0.0106386	0.450458	0.00158927	0.00980205	0.00230379	0.0115637	0.00802034	0.00251508	0.00538346	0.00167646	0.00805878	0.100898	0.0417733	0.0163582	0.00528352	0.00333353
94	0.0515561	0.0479823	0.000939263	0.00972643	0.0250328	0.00628034	0.00501494	0.0822549	0.00751114	0.413764	0.0973155	0.0101336	0.00168046	0.010266	0.00167278	0.0327771	0.0534009	0.138385	0.00121488	0.00309065
95	0.071288	0.00595923	0.0982138	0.203179	0.00916138	0.0409923	0.0233716	0.0203036	0.102336	0.0245858	0.0107594	0.0411209	0.0197468	0.0714306	0.106232	0.0604155	0.0464652	0.0324158	0.00341049	0.00861227
96	0.195062	0.0110249	0.000978994	0.00814192	0.0109385	0.0100915	0.0113565	0.1139	0.00649148	0.10392	0.028162	0.00844772	0.00413285	0.0162925	0.00926205	0.0529321	0.119947	0.286113	0.000878153	0.00192735
97	0.381796	0.00851493	0.00121241	0.00167785	0.0109321	0.323503	0.00167062	0.00975537	0.00217539	0.0103667	0.0111416	0.00231117	0.00675127	0.00179668	0.00839518	0.132258	0.0561215	0.0176558	0.00764676	0.00431744
98	0.301569	0.0363467	0.0038154	0.00478638	0.023981	0.0169873	0.00369083	0.0318005	0.00742814	0.0326499	0.0234684	0.0461358	0.004361	0.0049737	0.0100048	0.355726	0.0270921	0.0350504	0.00199553	0.0281371
99	0.325801	0.0899	0.00238038	0.00384608	0.108837	0.0388799	0.00519711	0.00982166	0.0183913	0.0133436	0.00679167	0.0227793	0.00351916	0.00390813	0.018688	0.235222	0.0254934	0.0299992	0.00195422	0.0352476
100	0.0508301	0.0446902	0.000842677	0.00963504	0.0339102	0.00591286	0.00455273	0.0834582	0.00709665	0.420865	0.0914358	0.00943289	0.00206173	0.00969255	0.00179444	0.0300092	0.052039	0.136009	0.00184611	0.00388505
101	0.150421	0.0141014	0.00150906	0.00757776	0.0188481	0.0135084	0.0157735	0.102575	0.0303366	0.0735627	0.0196224	0.0205693	0.0130708	0.0225653	0.040436	0.105926	0.125515	0.219659	0.000655624	0.00376775
102	0.0609539	0.00361598	0.172433	0.0941916	0.0060671	0.0601743	0.0173975	0.00829977	0.063792	0.00763226	0.00172763	0.134183	0.0244628	0.0561355	0.0546711	0.144295	0.0678111	0.0169896	0.000801694	0.00436409
103	0.0163976	0.0105267	0.000326443	0.0018731	0.0192456	0.00134902	0.00108928	0.412317	0.000687992	0.0714901	0.0224506	0.000827558	0.00180085	0.00167764	0.00100602	0.00332626	0.0162267	0.40438	0.000337047	0.0126648
104	0.101007	0.00298287	0.0335907	0.0449382	0.0081263	0.0678425	0.0526391	0.0184549	0.0688552	0.0112141	0.017834	0.0644194	0.0157629	0.0751152	0.0411903	0.147412	0.17902	0.034272	0.00163897	0.0136836
105	0.0929698	0.0229185	0.000270577	0.000716977	0.0117237	0.00624979	0.00059678	0.161564	0.000571482	0.0938421	0.0184454	0.000505988	0.00275395	0.0017241	0.00227027	0.0129472	0.0158356	0.553332	0.000196986	0.000564911
106	0.0106319	0.0115572	0.000285157	0.0008054	0.00971788	0.000820145	0.00117523	0.469036	0.000565484	0.0732784	0.0138309	0.000479609	0.00176355	0.000582127	0.000578498	0.0024709	0.00851692	0.392882	0.000173904	0.000848333
107	0.142458	0.0117486	0.000634579	0.00733299	0.0193858	0.0110752	0.0125712	0.123348	0.0161186	0.0709341	0.0224843	0.0160444	0.0103688	0.0243629	0.0259112	0.0837624	0.12616	0.272455	0.000405356	0.00243781
108	0.011675	0.00427847	0.00230757	0.0197558	0.246414	0.00514851	0.0036604	0.0213385	0.0069749	0.508229	0.0389046	0.00450963	0.00936714	0.0220353	0.00476577	0.00851804	0.00965058	0.0334969	0.0340068	0.00496342
109	0.114406	0.00902967	0.0163511	0.014625	0.0101653	0.555373	0.0151131	0.0152737	0.0168839	0.034563	0.00881998	0.0286457	0.00696907	0.0108972	0.0168152	0.0751583	0.0262405	0.0174318	0.00273447	0.0045047
110	0.0774409	0.000807576	0.143643	0.287194	0.00109287	0.0291522	0.00703402	0.0192584	0.0873728	0.0151614	0.00343844	0.0240224	0.0267315	0.0683509	0.0552426	0.0630669	0.0576196	0.0284942	0.00326846	0.00160782
111	0.0870103	0.00129767	0.12501	0.279	0.00193486	0.0241849	0.0118793	0.0200783	0.0881842	0.0196608	0.00773524	0.0200839	0.0191897	0.0857719	0.0775654	0.0527615	0.0426576	0.0313534	0.00281854	0.00182238
112	0.0117202	0.0117349	0.000287781	0.000803579	0.00978897	0.000900023	0.00116377	0.465446	0.000565104	0.0735872	0.013968	0.000479545	0.0017676	0.000608852	0.000595645	0.00265434	0.00846359	0.394446	0.00017413	0.000845438
113	0.0648853	0.00395768	0.0435543	0.031439	0.00658817	0.13331	0.0368297	0.0103186	0.0511821	0.00833056	0.00269389	0.108927	0.0295681	0.0798189	0.0586229	0.163139	0.146319	0.0123593	0.00123995	0.00691662
114	0.0669044	0.00305939	0.0365566	0.0596999	0.0122731	0.0237658	0.0494366	0.0179439	0.234604	0.0185822	0.010241	0.0673331	0.0163105	0.110519	0.135559	0.0570571	0.0417071	0.026727	0.000313473	0.0114071
115	0.0934139	0.0229099	0.00027688	0.000741551	0.0117979	0.00621703	0.00059775	0.159432	0.000631968	0.0939769	0.0184017	0.000516797	0.00284005	0.00177291	0.00227959	0.0131329	0.0158909	0.554401	0.000199773	0.000567964
116	0.0917106	0.00368447	0.0398381	0.0493339	0.00754164	0.0800342	0.048572	0.0139612	0.0819981	0.00857436	0.0103332	0.0717079	0.0222105	0.0840667	0.0510648	0.1451	0.15538	0.0234458	0.0018809	0.00956201
117	0.162508	0.00406669	0.0282089	0.0708081	0.00631176	0.115971	0.0532453	0.00937019	0.0871366	0.0105737	0.0168687	0.0360823	0.0104138	0.0725059	0.05646	0.117885	0.108245	0.0163489	0.00999199	0.00699805
118	0.0935813	0.0229744	0.000298195	0.000729627	0.0117603	0.00625288	0.000599682	0.160081	0.000574404	0.0940169	0.0184491	0.000527418	0.00275518	0.0017459	0.00226367	0.0130565	0.0161559	0.553409	0.000197329	0.000571068
119	0.0407202	0.00286345	0.0173998	0.0916212	0.00450132	0.00254687	0.0479601	0.161756	0.0523352	0.0640775	0.0177086	0.00262058	0.00216126	0.0489702	0.0343663	0.0065554	0.0554648	0.31586	0.000681	0.0298307
120	0.00846217	0.00321993	0.000936806	0.00138316	0.0129259	0.00224484	0.00439642	0.411305	0.00247584	0.359697	0.00722799	0.00335616	0.00179617	0.00198562	0.00176288	0.00544095	0.00628737	0.162216	0.000833921	0.00204653
121	0.0542915	0.0040903	0.00479691	0.0477773	0.00874827	0.00978946	0.0235507	0.0812814	0.0566245	0.0691042	0.0271567	0.0359216	0.0165042	0.046934	0.0604705	0.10373	0.149393	0.179828	0.000756752	0.0192508
122	0.0075962	0.00171831	0.000772441	0.00131725	0.0106361	0.00207951	0.00438214	0.404663	0.00197985	0.400707	0.00286783	0.00370214	0.00142077	0.00158075	0.00165092	0.0051853	0.00357539	0.142126	0.000653943	0.00138628
123	0.0775267	0.000832092	0.142726	0.286051	0.00114626	0.0284163	0.00703338	0.0193815	0.0874735	0.0156968	0.00344831	0.023824	0.0306276	0.0685583	0.0547934	0.0623476	0.0569637	0.0283047	0.00321771	0.00163179
124	0.372197	0.216784	0.00196735	0.00603806	0.032048	0.0167428	0.00453923	0.0296385	0.00765098	0.0302729	0.00535925	0.00463758	0.00709485	0.00506763	0.00587302	0.0412637	0.109653	0.0968952	0.00170482	0.00457207
125	0.0510906	0.00239471	0.31928	0.0810605	0.00563981	0.028183	0.00166203	0.002909	0.0301596	0.00624743	0.00147386	0.176224	0.0135718	0.0213974	0.0409089	0.169774	0.0280634	0.0136294	0.000612603	0.00571864
126	0.0185472	0.0207549	0.00078374	0.00462824	0.103378	0.00698571	0.00251471	0.170105	0.00492609	0.340644	0.0785016	0.00615172	0.00863203	0.00736953	0.00149886	0.0104615	0.0168742	0.163001	0.00947944	0.0247619
127	0.0933027	0.0231345	0.0002827	0.000943615	0.0121559	0.00624862	0.000618125	0.159406	0.000582921	0.0959008	0.018795	0.000533746	0.00274291	0.00180216	0.00227475	0.01304	0.0158527	0.551557	0.000197989	0.000628214
128	0.0107081	0.0109908	0.000302709	0.000727561	0.00969805	0.000847128	0.00142647	0.474888	0.000597935	0.0839227	0.0130366	0.000557511	0.00165608	0.000607609	0.000529141	0.0024979	0.0083009	0.377768	0.000188839	0.000747728
129	0.0866776	0.0384541	0.00309674	0.0246878	0.0334937	0.00487452	0.00674186	0.117866	0.00977341	0.336768	0.0879181	0.00562851	0.00125211	0.00859569	0.00146964	0.0213788	0.0229181	0.182072	0.00115381	0.0051798
130	0.466457	0.0214986	0.000748025	0.00276179	0.0118148	0.246093	0.00158351	0.0158432	0.00659461	0.015933	0.00662853	0.00346561	0.00760223	0.0019455	0.00615211	0.084889	0.0344041	0.0558849	0.00617389	0.00352703
131	0.0564897	0.00579141	0.000967365	0.00486319	0.00433472	0.0045219	0.00381173	0.247042	0.00895104	0.0974759	0.00949703	0.00269472	0.00317717	0.00413455	0.00334956	0.00981741	0.200417	0.329798	0.000927648	0.00193893
132	0.10773	0.0042419	0.156804	0.0477623	0.0361409	0.0460233	0.00459865	0.00787145	0.0157349	0.0247676	0.00460588	0.269716	0.00880057	0.0121401	0.0357693	0.127419	0.0346988	0.0308543	0.00172134	0.022599
133	0.0926347	0.00853317	0.00634494	0.00798379	0.0117962	0.0147168	0.00853819	0.05567	0.012847	0.0953806	0.016494	0.031618	0.0213124	0.0129096	0.0185195	0.221999	0.250167	0.104378	0.00197611	0.00618097
134	0.0732829	0.00114918	0.179316	0.262968	0.00115774	0.0361837	0.00559067	0.0148901	0.0771649	0.0118481	0.00261045	0.0395713	0.0213487	0.0609302	0.0557614	0.0744797	0.0520924	0.0252002	0.0027866	0.00166743
135	0.0270478	0.00625487	0.000670633	0.00254362	0.429027	0.00320666	0.00300843	0.0124713	0.00340731	0.0455157	0.00293244	0.00334885	0.0118503	0.0141744	0.00343185	0.0129381	0.00531917	0.0252249	0.036711	0.350915
136	0.0808314	0.0400585	0.00293529	0.02173	0.0310532	0.00524737	0.00628083	0.115122	0.0104687	0.34808	0.090277	0.00613632	0.00124985	0.00897945	0.00144886	0.022303	0.0255653	0.175746	0.00136623	0.00512044
137	0.0808931	0.00356877	0.0409757	0.0800673	0.0097429	0.0303056	0.0471303	0.0165356	0.211891	0.0183607	0.0122012	0.0606007	0.0152226	0.117997	0.128361	0.0554097	0.036986	0.0239165	0.00084635	0.00898721
138	0.0111004	0.0116059	0.00028624	0.000807494	0.00974802	0.000855456	0.00114969	0.467204	0.000562898	0.0733692	0.0138815	0.000477055	0.00178373	0.000589744	0.000586997	0.00253233	0.0085514	0.393889	0.000173326	0.000845353
139	0.0257182	0.00644081	0.000652413	0.00187198	0.437319	0.00276206	0.0030018	0.0132233	0.00228856	0.0393352	0.00211761	0.00267936	0.0109065	0.0143041	0.00243841	0.0131633	0.00414401	0.0266892	0.0343655	0.356578
140	0.51937	0.0534712	0.000849591	0.0053581	0.00918239	0.0542769	0.00181632	0.0363235	0.0139301	0.0298133	0.00552259	0.00530585	0.0124451	0.00255985	0.00533441	0.0682695	0.0292665	0.143263	0.00102103	0.00262112
141	0.258022	0.0453091	0.00313918	0.00628809	0.00958188	0.175183	0.006154	0.0868891	0.0131162	0.026557	0.0311074	0.00673303	0.0107452	0.00725109	0.00941558	0.0534347	0.018276	0.223207	0.0028602	0.00673051
142	0.109705	0.00819208	0.0207067	0.0161045	0.0101081	0.597807	0.0118392	0.0133558	0.0199264	0.0153539	0.00694947	0.0320752	0.00489867	0.00929736	0.0165361	0.062046	0.0223483	0.014143	0.00290588	0.0057007
143	0.0527832	0.00548233	0.262134	0.104848	0.00736074	0.0676778	0.0157545	0.0112028	0.0528839	0.0120246	0.00463784	0.125151	0.0145564	0.0351105	0.0481665	0.114545	0.0353365	0.0198342	0.00158746	0.00892189
144	0.0952132	0.0223984	0.000262108	0.00158175	0.0114276	0.00610385	0.00132997	0.175661	0.000922599	0.0928538	0.0194014	0.000971256	0.00268829	0.00269218	0.0024426	0.0142271	0.0224918	0.52652	0.00022218	0.000588739
145	0.382063	0.0583925	0.00071664	0.00682628	0.0141937	0.023058	0.00711088	0.0622081	0.0100743	0.0420738	0.0130925	0.00724714	0.00847385	0.00968351	0.00878769	0.0736353	0.0925021	0.177157	0.000616335	0.00208732
146	0.129588	0.0015777	0.0162894	0.042746	0.00921411	0.0301816	0.0479649	0.0385289	0.0605985	0.0219478	0.0437621	0.0511171	0.00275647	0.0498649	0.0270428	0.133099	0.189326	0.0754159	0.0011523	0.0278268
147	0.0973299	0.0097013	0.00189157	0.0058975	0.301758	0.0109853	0.00918404	0.0210017	0.0102396	0.0513473	0.00736066	0.00940225	0.0114201	0.0202247	0.00993621	0.0163841	0.0124461	0.0538546	0.0415478	0.298087
148	0.0477678	0.00958023	0.0123116	0.019918	0.0507045	0.0233287	0.0490044	0.0613891	0.0698521	0.0402491	0.0185559	0.0234133	0.198205	0.0300028	0.0314481	0.0884222	0.124976	0.0477558	0.0035976	0.0495183
149	0.0653529	0.00935137	0.0662795	0.00917114	0.075912	0.0372612	0.0410005	0.125424	0.01088	0.15721	0.0130077	0.00972798	0.00713228	0.0675214	0.0101839	0.0465931	0.0482945	0.115707	0.00536489	0.0786247
150	0.145071	0.0131765	0.000761595	0.00844692	0.0162499	0.0117865	0.0138952	0.115264	0.018101	0.0722678	0.0260902	0.0161317	0.00899164	0.0238868	0.0261075	0.0857376	0.126822	0.26799	0.000358352	0.00286278
151	0.069539	0.00411117	0.0398229	0.031568	0.00641275	0.1189	0.0397518	0.0110921	0.0523361	0.0085721	0.00347228	0.108515	0.0298328	0.0793951	0.0579593	0.169431	0.146884	0.0139577	0.00126508	0.00718213
152	0.0333492	0.0141209	0.00028433	0.000838147	0.0115728	0.00223229	0.00101417	0.377595	0.000701722	0.0780556	0.0150502	0.000520232	0.00206691	0.000950316	0.00106559	0.00637713	0.0134739	0.438989	0.000190664	0.0015521
153	0.0656488	0.00906892	0.0662342	0.0707713	0.00765417	0.107705	0.0458067	0.0152563	0.110691	0.0128223	0.00559463	0.085861	0.0315621	0.0897048	0.0781284	0.0945752	0.0803575	0.0169765	0.00118148	0.00439977
154	0.0438999	0.0139033	0.0169621	0.0222184	0.0244331	0.0311224	0.514642	0.0284854	0.0341074	0.0335713	0.0152936	0.0213953	0.0131531	0.029398	0.0271265	0.0343972	0.0326725	0.0385652	0.00534678	0.0193064
155	0.0341903	0.0115089	0.00172354	0.00243242	0.353272	0.00369466	0.0133277	0.0311977	0.00346343	0.058266	0.00287647	0.00384485	0.0062244	0.0451008	0.00372903	0.0112621	0.00539974	0.0531246	0.0360034	0.319358
156	0.0644745	0.00645893	0.0787067	0.0783756	0.00711631	0.0982076	0.0414828	0.0144921	0.111962	0.0122209	0.0052867	0.0912573	0.0297309	0.0904072	0.0795648	0.0893512	0.075781	0.0195631	0.000992938	0.00456724
157	0.0879289	0.0157339	0.00208666	0.0240855	0.0108797	0.00939203	0.0182987	0.143044	0.009141	0.148015	0.0408081	0.0074799	0.00264132	0.0154067	0.00851621	0.0341632	0.107096	0.309472	0.000766324	0.00504435
158	0.3348	0.0244013	0.00605604	0.00444669	0.022202	0.0580765	0.00430199	0.0163205	0.00702799	0.0253188	0.012822	0.0191572	0.00570784	0.00481624	0.0139665	0.319476	0.0724837	0.0321821	0.00361344	0.0128237
159	0.0388215	0.0057522	0.00390098	0.0828346	0.00827503	0.0781756	0.114197	0.0506823	0.00741824	0.0824531	0.0281736	0.0285467	0.00654968	0.313961	0.00620573	0.0373881	0.0357487	0.0618655	0.00272371	0.00632601
160	0.296095	0.00735572	0.00174329	0.00242481	0.0107039	0.473614	0.00221146	0.0100464	0.00273543	0.0110246	0.00790622	0.00383024	0.00503018	0.00199689	0.0083201	0.0910901	0.0392873	0.0155545	0.00578871	0.00324076
161	0.0612664	0.00266203	0.0328088	0.052644	0.0140976	0.0202611	0.0514734	0.0200423	0.229971	0.0322289	0.0135063	0.0619299	0.0146101	0.1083	0.142202	0.0587405	0.0394293	0.0265296	0.00305068	0.0142454
162	0.143811	0.0130776	0.00047318	0.0122398	0.0108684	0.0132229	0.0143984	0.132035	0.00697719	0.0778984	0.0306608	0.0104066	0.00431321	0.019716	0.0105449	0.0522659	0.118581	0.326574	0.000358075	0.00157669
163	0.575227	0.0395668	0.00097421	0.00480875	0.0095293	0.0559632	0.00212271	0.0280204	0.0130261	0.0320968	0.0045371	0.010417	0.0107773	0.00338585	0.00542201	0.0543211	0.0221759	0.121811	0.00216699	0.00365024
164	0.362993	0.00523582	0.00116767	0.00167101	0.0165373	0.414609	0.00200768	0.00876312	0.00211444	0.010407	0.00727423	0.00249506	0.00482882	0.00233115	0.00720533	0.0889232	0.0349942	0.0146231	0.0078696	0.00394985
165	0.0351917	0.00248732	0.0110193	0.022848	0.0196262	0.0129983	0.0576189	0.0417676	0.0935127	0.266483	0.0437884	0.0121091	0.0091756	0.0742652	0.130544	0.0388336	0.0263554	0.0291048	0.0457277	0.0265433
166	0.077471	0.00413027	0.0391782	0.037153	0.00707523	0.103666	0.0431277	0.0119898	0.0639138	0.00888633	0.00549816	0.111971	0.026082	0.0803435	0.0548134	0.153823	0.145773	0.016574	0.00144202	0.0070893
167	0.0168276	0.00902121	0.00222905	0.00373543	0.0138224	0.00475444	0.00407335	0.459702	0.00384025	0.125284	0.103275	0.00400544	0.0042213	0.00587881	0.00399639	0.0107932	0.0106934	0.201282	0.00585949	0.00670565
168	0.0581357	0.0515067	0.00108355	0.00859913	0.0197863	0.0073469	0.00426609	0.0760409	0.00824216	0.41441	0.094485	0.0127067	0.00149549	0.0121052	0.00195422	0.0407828	0.0513942	0.132773	0.000620233	0.00226506
169	0.0946522	0.00367782	0.0488926	0.0453326	0.0152373	0.0738874	0.0415843	0.0204384	0.0695646	0.0148942	0.012867	0.069297	0.0195951	0.0741871	0.0467371	0.143391	0.166247	0.0272454	0.00169204	0.0105799
170	0.029701	0.0134091	0.000398656	0.00125603	0.0114767	0.00235043	0.00101258	0.380228	0.00107778	0.0732032	0.0158475	0.000671012	0.00330355	0.00134944	0.00114969	0.00551705	0.0173041	0.436877	0.000257395	0.00360923
171	0.105343	0.0144767	0.0107765	0.0130855	0.0112988	0.03421	0.0098134	0.0235896	0.0251936	0.0462601	0.0182847	0.0152258	0.367572	0.0218334	0.0143274	0.156939	0.0676474	0.0319375	0.00355488	0.00863118
172	0.0263417	0.00739169	0.000723878	0.00160339	0.414964	0.00260751	0.00534645	0.0197561	0.0020186	0.04053	0.00186447	0.00254943	0.00847507	0.0211151	0.00227459	0.0124307	0.003784	0.0392447	0.030331	0.356647
173	0.0290014	0.00697029	0.000867024	0.00274851	0.414107	0.00320574	0.00400631	0.0191226	0.00402936	0.0485333	0.00427456	0.00373582	0.0100494	0.0163555	0.00399562	0.0132862	0.00644722	0.03378	0.0326645	0.342819
174	0.0552592	0.00955443	0.00407299	0.0102655	0.277666	0.0100023	0.00799039	0.0213364	0.0167897	0.0653331	0.0151781	0.0299049	0.0125227	0.0167544	0.0220557	0.0209181	0.0187505	0.0415191	0.059895	0.284231
175	0.147205	0.00523663	0.00903525	0.00291389	0.0104652	0.0311606	0.00311127	0.0128479	0.00385909	0.0299589	0.01785	0.0142637	0.0110745	0.00402411	0.025683	0.43855	0.206159	0.0210696	0.00128943	0.00424317
176	0.0368548	0.0123703	0.00239609	0.00253149	0.340922	0.00390444	0.0154541	0.0334325	0.00364918	0.0634963	0.00319931	0.00386453	0.00575659	0.0470766	0.0038707	0.0110399	0.00581274	0.0552231	0.0345013	0.314644
177	0.0392956	0.0102477	0.17776	0.11369	0.00325596	0.24616	0.0301805	0.00880203	0.0662102	0.0103652	0.00469617	0.118511	0.0106328	0.0263621	0.0467482	0.0556701	0.0156371	0.00891324	0.000775911	0.00608674
178	0.070828	0.00368049	0.0258651	0.0488777	0.022148	0.0170444	0.0387527	0.0306243	0.224595	0.0343116	0.0102836	0.051257	0.0135291	0.0965875	0.135187	0.0606117	0.0545878	0.047666	0.00173256	0.0118307
179	0.062708	0.00402892	0.0325398	0.0242863	0.00677959	0.156233	0.0365487	0.0100102	0.0409394	0.00974477	0.00351653	0.101573	0.0307739	0.0772717	0.0541836	0.169253	0.154514	0.0122018	0.00147913	0.0114138
180	0.00754418	0.00957443	0.000884536	0.00182624	0.136008	0.00511174	0.00145159	0.190952	0.00431585	0.308105	0.0744762	0.00595349	0.0132481	0.0088465	0.00160375	0.00658741	0.0149791	0.160593	0.0117317	0.0362067
181	0.0595515	0.00905582	0.108619	0.0882812	0.00785895	0.0910769	0.0554354	0.0151928	0.145871	0.0197261	0.0100281	0.0921138	0.0152548	0.0761073	0.0948552	0.0501555	0.0343737	0.0170485	0.000817153	0.0085778
182	0.0277303	0.00715506	0.000657196	0.001942	0.424756	0.00314108	0.00391474	0.0149198	0.00295262	0.0401033	0.00248022	0.00306582	0.0098932	0.0164263	0.0032524	0.0148649	0.00464099	0.0319803	0.0311507	0.354973
183	0.0657794	0.00554927	0.0536721	0.060908	0.00815092	0.0708892	0.0462401	0.0160723	0.126185	0.0126453	0.00509724	0.0826291	0.0328379	0.101776	0.0852855	0.105016	0.0972683	0.0190401	0.000807482	0.00414979
184	0.0268352	0.00629171	0.000664352	0.00199783	0.435686	0.00301975	0.00290252	0.012753	0.00254414	0.0400867	0.00230739	0.00286367	0.011413	0.0137372	0.00266359	0.0133704	0.00445544	0.0261052	0.0352838	0.355019
185	0.0843934	0.00328096	0.0709539	0.10193	0.00685428	0.057973	0.0385103	0.0173628	0.0940144	0.0113128	0.0100256	0.0657359	0.0232934	0.0802481	0.0565768	0.112751	0.126398	0.0287434	0.0015402	0.00810203
186	0.0670108	0.0016148	0.197915	0.240732	0.00143076	0.0381494	0.0056085	0.0129843	0.0723088	0.0107154	0.00256778	0.0562388	0.0196079	0.0565361	0.0566324	0.0860688	0.046679	0.0224832	0.00240292	0.0023131
187	0.0140965	0.00370211	0.000617588	0.00686944	0.0543793	0.00199382	0.0015506	0.304689	0.00151346	0.0656655	0.0477414	0.00189373	0.00198684	0.00575961	0.00191149	0.00341045	0.0432368	0.376567	0.00130532	0.0611104
188	0.0405792	0.00284533	0.017462	0.0909844	0.00454114	0.0024922	0.04779	0.16442	0.0520898	0.0633712	0.0172958	0.00240129	0.00206357	0.0480468	0.0341968	0.00623693	0.0548135	0.316859	0.00070018	0.0308108
189	0.0100283	0.00226001	0.000651072	0.00534752	0.0908614	0.00200004	0.00154618	0.274083	0.00208532	0.108092	0.0580651	0.00309388	0.00349445	0.00845112	0.00181439	0.00400209	0.039417	0.306198	0.00405444	0.0744552
190	0.0504519	0.0120633	0.154541	0.0951637	0.0113963	0.0639487	0.0650478	0.021869	0.1401	0.0162952	0.0126416	0.0845831	0.0134304	0.078728	0.0841113	0.0354125	0.0256495	0.0223772	0.000628389	0.0115611
191	0.0942639	0.00775437	0.0268555	0.0203278	0.00901665	0.5989	0.0153127	0.0115654	0.0236066	0.0150982	0.00651525	0.0389434	0.00507192	0.0125895	0.0183884	0.0566962	0.0201632	0.01165	0.00248075	0.00479994
192	0.0501256	0.00240006	0.31881	0.0814535	0.00553313	0.0272139	0.00137495	0.00273782	0.0303484	0.00608228	0.00140959	0.176684	0.0131137	0.0212639	0.0409114	0.173356	0.0276724	0.0133906	0.00058869	0.00553008
