257	20
1	0.00573192	0.00745837	0.0196533	0.0339556	0.00290605	0.00280169	0.0764824	0.00419903	0.487962	0.0104632	0.00937779	0.00789735	0.0102419	0.101809	0.176894	0.0104795	0.017495	0.0113762	0.00086738	0.00194747
2	0.0153603	0.000690853	0.00610065	0.0130662	0.00700097	0.00400662	0.0230477	0.0225136	0.211612	0.0161799	0.00450867	0.00650941	0.00046461	0.0745453	0.574604	0.00778898	0.00475592	0.00596933	0.000500216	0.000774477
3	0.124462	0.0200571	0.00662153	0.00648287	0.00800889	0.0357414	0.0031464	0.0516521	0.000808859	0.0233343	0.0333051	0.158944	0.00993407	0.0731286	0.00468044	0.182225	0.188545	0.0602325	0.00248293	0.00620667
4	0.0290649	0.00875334	0.000125742	0.000839164	0.0842141	0.00579939	0.000300413	0.131438	0.000494655	0.52906	0.0616956	0.000627578	0.00251887	0.00250531	0.00125203	0.00536218	0.0211351	0.112738	0.000529779	0.00154495
5	0.0680754	0.00727893	0.000795198	0.00135274	0.115031	0.0159904	0.00304556	0.183398	0.012608	0.104901	0.0277968	0.00235671	0.00444128	0.012849	0.0360952	0.00896448	0.0182673	0.080909	0.0954589	0.200385
6	0.0511509	0.00265266	0.000342625	0.000356622	0.00248587	0.00160546	0.000315797	0.340071	0.000221232	0.0682263	0.0376551	0.000924928	0.0035618	0.00475476	0.00104123	0.0145773	0.0396661	0.426843	0.00193349	0.00161395
7	0.102707	0.024049	0.00273455	0.00221899	0.0341405	0.0107542	0.00191155	0.151655	0.0013748	0.218586	0.121722	0.00948603	0.00412729	0.00600756	0.00382294	0.0719555	0.0850405	0.119541	0.00838876	0.0197759
8	0.0468015	0.0982133	0.00159572	0.00301894	0.106352	0.00920613	0.00355932	0.0242897	0.00224879	0.169632	0.0799679	0.00711929	0.00361358	0.00602006	0.00430083	0.0794739	0.0744281	0.0888874	0.16013	0.0311415
9	0.135938	0.0237807	0.000190442	0.000418172	0.147956	0.0477702	0.00033352	0.206521	0.000273392	0.185621	0.0348431	0.000562031	0.00230315	0.000947592	0.000368074	0.011084	0.0317626	0.16437	0.00112819	0.00382888
10	0.273522	0.0929312	0.00141169	0.00524605	0.00598825	0.0820069	0.0015303	0.0467744	0.00107941	0.0302629	0.00916048	0.0275195	0.00158587	0.0102224	0.00496266	0.191262	0.0988472	0.108696	0.00470715	0.00228369
11	0.101445	0.0128513	0.00553607	0.0183745	0.00554639	0.019959	0.00237996	0.0404361	0.000583292	0.0419261	0.0484129	0.155162	0.0011441	0.175313	0.00666582	0.154809	0.120135	0.0779493	0.00385747	0.00751396
12	0.0524872	0.00795942	0.000333807	0.00253849	0.406593	0.01229	0.00295187	0.0749548	0.000417733	0.267892	0.0381613	0.0039217	0.00105695	0.00156133	0.00120754	0.00889893	0.0354761	0.0600271	0.00546584	0.0158047
13	0.0913994	0.0177012	0.000149703	0.000656705	0.133598	0.0242084	0.000223618	0.185703	0.000207916	0.292812	0.0750653	0.000440083	0.00235844	0.00140546	0.000304366	0.017757	0.0322302	0.120623	0.00154881	0.00160832
14	0.201694	0.0157557	0.000825729	0.000862274	0.0343257	0.0318179	0.000700553	0.113078	0.000910341	0.0346639	0.0898095	0.00979422	0.0147372	0.00257613	0.00255268	0.114707	0.166083	0.161379	0.00119114	0.00253492
15	0.158997	0.00970648	0.0116544	0.00231598	0.00647983	0.115311	0.0018307	0.0557969	0.00292877	0.0526205	0.0463274	0.0517433	0.00337664	0.0271715	0.00446254	0.258707	0.132331	0.0534779	0.00154005	0.00322025
16	0.161996	0.0157623	0.000754851	0.000892388	0.0468897	0.0059542	0.000846126	0.174145	0.000532871	0.0391988	0.135621	0.00259155	0.00302045	0.00186048	0.0012247	0.109765	0.133693	0.160512	0.000849822	0.00388977
17	0.354153	0.0119878	0.000763236	0.00119086	0.00709497	0.26648	0.000389322	0.00799384	0.000358241	0.00817493	0.00990098	0.00383388	0.00227839	0.00113572	0.000409669	0.254406	0.0533686	0.0137734	0.000499703	0.0018078
18	0.0426587	0.00859624	0.0020564	0.00447565	0.208992	0.00637655	0.010288	0.11174	0.0011047	0.139249	0.124553	0.0542558	0.00179627	0.0148561	0.00123134	0.0466686	0.0746886	0.067483	0.00691174	0.0720181
19	0.129372	0.00644194	0.0079065	0.00143753	0.00592127	0.0892731	0.00202951	0.0434938	0.000607737	0.0182891	0.0353344	0.0658718	0.0139253	0.0303023	0.00164322	0.281818	0.213939	0.0484311	0.00096068	0.00300093
20	0.0303803	0.0276225	0.00128497	0.0253613	0.0813662	0.0529996	0.00254942	0.165803	0.00163701	0.178828	0.168186	0.00396595	0.00293309	0.0790217	0.00296402	0.058618	0.0294611	0.0710974	0.003228	0.0126928
21	0.0400864	0.00381373	0.00258964	0.000601617	0.0338693	0.00355404	0.00772225	0.361056	0.0042128	0.110502	0.0385448	0.00510043	0.00179181	0.00238007	0.011852	0.0275241	0.0336456	0.275041	0.010654	0.0254583
22	0.0663509	0.0100938	0.00315943	0.00387628	0.0396966	0.00574283	0.00327171	0.151408	0.00268917	0.22669	0.1668	0.0380761	0.00254871	0.00874441	0.00264884	0.0390622	0.10047	0.0986642	0.0107574	0.0192504
23	0.119914	0.0014582	0.000667234	0.000894259	0.00276918	0.0225064	0.00104121	0.014598	0.000765753	0.00895704	0.00525383	0.0136969	0.557756	0.00341408	0.00304198	0.187357	0.0345904	0.0184726	0.00104589	0.00180063
24	0.0641759	0.010019	0.000899308	0.00210166	0.271826	0.0169701	0.00389878	0.162212	0.00139055	0.210287	0.0444434	0.00458368	0.00281712	0.00411718	0.0027273	0.0183837	0.0336188	0.107022	0.00982703	0.0286799
25	0.023613	0.00609894	0.000318531	0.00151726	0.0350139	0.00407172	0.00127844	0.154769	0.000476586	0.466361	0.181481	0.00581375	0.000901975	0.00292128	0.000863906	0.00833464	0.0172056	0.0778306	0.000830054	0.0102992
26	0.126004	0.00143723	0.000623875	0.000932369	0.00258793	0.0210596	0.000966914	0.0134152	0.000693353	0.00804473	0.00477909	0.013208	0.548434	0.00321568	0.0026921	0.195893	0.0345254	0.0189444	0.00102755	0.00151501
27	0.0273105	0.0075255	0.000217384	0.000865917	0.0837501	0.00589574	0.000571982	0.130625	0.000744461	0.533515	0.0612319	0.000817254	0.00224962	0.00270853	0.00226268	0.00613504	0.0204844	0.107304	0.00187002	0.00391417
28	0.0174663	0.00180984	0.000549023	0.00076766	0.538954	0.00657231	0.00641148	0.0219687	0.000482387	0.049244	0.0185196	0.00659827	0.0061865	0.0103333	0.000982745	0.0179403	0.0145607	0.0197596	0.000995352	0.259898
29	0.0466931	0.00592155	0.000287162	0.000838042	0.0448888	0.0074837	0.000672122	0.300277	0.000688406	0.242912	0.0592682	0.000488347	0.00251314	0.00335476	0.00112111	0.0111275	0.0294582	0.236312	0.00212171	0.00357345
30	0.046859	0.00219821	0.000207397	0.000330436	0.00120739	0.86133	0.000352946	0.00444963	0.000321938	0.00218826	0.00182805	0.00176711	0.00368655	0.000683619	0.000405829	0.0570627	0.00596887	0.00570562	0.00278377	0.00066291
31	0.0446943	0.00223331	0.00222015	0.000674549	0.0695656	0.00377794	0.00403102	0.314353	0.00378991	0.278117	0.0473313	0.000670755	0.00105108	0.00335562	0.00428456	0.00784244	0.015661	0.149637	0.0171942	0.0295149
32	0.253533	0.00524854	0.000445649	0.000433602	0.0144507	0.0395232	0.000583036	0.178274	0.000431848	0.0967672	0.0272296	0.00102898	0.000996121	0.00169368	0.000810674	0.0684189	0.0592925	0.247685	0.00107608	0.00207829
33	0.0268438	0.00562622	0.000648288	0.000999908	0.467279	0.00539051	0.00563383	0.0403653	0.000570876	0.0688315	0.0419844	0.0245833	0.00439074	0.0157583	0.00107789	0.0412705	0.031997	0.0319322	0.00112604	0.183691
34	0.284143	0.0101997	0.000273997	0.000397467	0.00384335	0.325453	0.000420673	0.00581378	0.000292656	0.0070468	0.00848612	0.00508672	0.0016759	0.000736624	0.000454023	0.280661	0.0542231	0.00900279	0.000432435	0.00135636
35	0.266681	0.00486052	0.000356744	0.000451715	0.0144375	0.0461751	0.000531206	0.168883	0.000396849	0.0981168	0.028397	0.000914218	0.000974992	0.00184962	0.000661709	0.0750893	0.053092	0.235655	0.000908605	0.00156698
36	0.0814439	0.0065454	0.0127076	0.00249677	0.00952417	0.0448239	0.00754055	0.0311805	0.00182575	0.0106197	0.0378365	0.0661137	0.0578635	0.0553768	0.00393147	0.177588	0.324193	0.0632132	0.00161919	0.00355662
37	0.0454013	0.00333188	0.00113616	0.00147016	0.478934	0.0155975	0.00680247	0.0218772	0.00112315	0.042	0.017435	0.00752427	0.0186626	0.0109314	0.00212816	0.0320837	0.0162768	0.0200713	0.00248718	0.254726
38	0.029384	0.0088459	0.00012805	0.000826437	0.0861796	0.0059825	0.000342147	0.125485	0.000553267	0.541413	0.054557	0.000435028	0.00262613	0.00247586	0.00132538	0.00485198	0.0208475	0.112067	0.000482965	0.00119111
39	0.166903	0.015601	0.000499817	0.000800749	0.0451653	0.00760567	0.00083657	0.168323	0.000509902	0.0326093	0.13349	0.00278296	0.00458796	0.00178855	0.000962788	0.112762	0.142312	0.158528	0.000861844	0.0030697
40	0.321302	0.00892516	0.00195149	0.00226926	0.0317913	0.063998	0.00202021	0.0386946	0.030307	0.0489699	0.0488277	0.00770036	0.00291623	0.0208922	0.00685579	0.211767	0.0641083	0.0787329	0.00356219	0.00440889
41	0.380394	0.0220355	0.000718869	0.00106939	0.0596044	0.150585	0.000874582	0.0379065	0.000959191	0.0404844	0.0334395	0.0034045	0.0014977	0.00236113	0.00109383	0.134825	0.0675737	0.0552656	0.00180907	0.00409855
42	0.0526199	0.00794588	0.000257346	0.000980201	0.0680685	0.0106539	0.000435702	0.277902	0.000556473	0.322418	0.0689	0.000238565	0.00161222	0.00267032	0.000349202	0.0098818	0.0232418	0.144577	0.00279635	0.00389501
43	0.160634	0.0110901	0.000596555	0.00143102	0.0695538	0.00863021	0.000998048	0.155426	0.000691572	0.0355095	0.15334	0.0020417	0.00278728	0.00250409	0.00124746	0.0993637	0.106887	0.182915	0.00101844	0.00333381
44	0.556404	0.00438922	0.00520903	0.0076767	0.0058856	0.0320151	0.000563953	0.00976838	0.00082183	0.010928	0.00903346	0.00483493	0.0060112	0.00917282	0.000754913	0.280541	0.0318846	0.0213734	0.000662607	0.00206996
45	0.106762	0.00209473	0.000849721	0.00128262	0.00391761	0.0255613	0.00132609	0.0209384	0.00151633	0.0169856	0.00690941	0.0142093	0.561928	0.00413157	0.0044733	0.168989	0.0332812	0.021923	0.00113013	0.00179128
46	0.037585	0.00104231	0.00318524	0.000487595	0.0779722	0.00157192	0.00590528	0.342245	0.0049234	0.23353	0.0412328	0.000860489	0.000616699	0.0028945	0.00638486	0.00902614	0.0150035	0.158262	0.0197307	0.0375403
47	0.0582658	0.0306473	0.00367939	0.00453042	0.091643	0.0186586	0.00700041	0.0858848	0.00548565	0.187771	0.0473643	0.00956339	0.00880245	0.0130085	0.0110921	0.0422047	0.0468899	0.0729237	0.214237	0.0403475
48	0.054595	0.00273376	0.000343646	0.00033969	0.00184016	0.841879	0.000356945	0.00509774	0.000350299	0.00288206	0.0022352	0.00233412	0.00369956	0.000790878	0.000395146	0.0615132	0.00852948	0.00663597	0.00270077	0.000746909
49	0.0643798	0.00307169	0.000865219	0.0114716	0.0202652	0.022231	0.0396534	0.0533157	0.0943987	0.00974147	0.0453706	0.0675301	0.00204768	0.0249021	0.292271	0.17449	0.0337354	0.0321331	0.00168678	0.00643988
50	0.0380141	0.00617991	0.00067609	0.000831235	0.0725753	0.00615487	0.00171909	0.224232	0.00287228	0.397765	0.0637688	0.000594015	0.00140759	0.00445898	0.00210795	0.00682571	0.0199641	0.133431	0.00528225	0.0111391
51	0.298542	0.0107323	0.000257632	0.000383969	0.00586181	0.312913	0.000429051	0.00676831	0.000325923	0.00756324	0.00910431	0.00449382	0.00183707	0.000765252	0.000452256	0.271238	0.0553044	0.0107199	0.00047149	0.00183683
52	0.047357	0.00535324	0.269339	0.145143	0.00662173	0.0500755	0.0205499	0.011332	0.0197534	0.0109066	0.00890599	0.103807	0.012585	0.068974	0.0120045	0.130558	0.048669	0.0136188	0.00270437	0.0117417
53	0.0153603	0.000690853	0.00610065	0.0130662	0.00700097	0.00400662	0.0230477	0.0225136	0.211612	0.0161799	0.00450867	0.00650941	0.00046461	0.0745453	0.574604	0.00778898	0.00475592	0.00596933	0.000500216	0.000774477
54	0.0112708	0.00651501	0.000500889	0.00613446	0.106746	0.00232887	0.0347021	0.03085	0.144245	0.0508369	0.0082822	0.00134128	0.0147216	0.0660785	0.156294	0.0436125	0.047322	0.0210149	0.0434954	0.203707
55	0.0311177	0.00164199	0.000210178	0.000333944	0.00110402	0.897585	0.000373067	0.00442106	0.00032838	0.00186426	0.00140871	0.00168655	0.00387233	0.000687522	0.000412528	0.040834	0.00292295	0.00566629	0.00291726	0.000612607
56	0.0117567	0.0086801	0.0011034	0.00685448	0.104715	0.00266232	0.0324086	0.0305769	0.154748	0.048358	0.00854385	0.00149481	0.0190777	0.0702148	0.153235	0.0429083	0.0459894	0.0204451	0.0431942	0.193034
57	0.0150938	0.000857681	0.00629317	0.0133857	0.0071692	0.00396268	0.023744	0.0221347	0.216836	0.016236	0.00460832	0.00647717	0.000637642	0.0746564	0.566993	0.00792633	0.00497546	0.006052	0.000612782	0.00134768
58	0.0542774	0.00292696	0.00131351	0.00496938	0.00579541	0.0206618	0.00489351	0.158596	0.0295479	0.168572	0.0234047	0.00419413	0.312448	0.00669407	0.0303531	0.0263601	0.0227778	0.11675	0.00231424	0.00315013
59	0.05274	0.00975682	0.00503201	0.00679181	0.0380302	0.00674072	0.00567078	0.178145	0.00278317	0.11078	0.14882	0.0712654	0.00301157	0.0149001	0.0038217	0.0400145	0.140411	0.12778	0.00835558	0.0251502
60	0.0414523	0.0119221	0.000321665	0.00143137	0.0379841	0.00721428	0.00088391	0.187981	0.000435361	0.374181	0.170197	0.00550445	0.0021347	0.00359792	0.000692291	0.0124738	0.0273222	0.105571	0.00135867	0.00734051
61	0.0464749	0.00777322	0.00021804	0.00327664	0.0494346	0.00974072	0.000668986	0.254602	0.000499214	0.341379	0.101437	0.00191988	0.00178914	0.00306454	0.000500396	0.0119214	0.0217009	0.138645	0.00183797	0.00311696
62	0.0789947	0.0363936	0.00199171	0.00298233	0.117972	0.017407	0.00682388	0.166287	0.00785839	0.171916	0.0330213	0.00680449	0.00830588	0.0108731	0.0554944	0.0237649	0.0328938	0.0723063	0.0691769	0.0787327
63	0.312074	0.00837105	0.00458661	0.00385336	0.00553599	0.052379	0.000969808	0.0332591	0.00375307	0.0229392	0.0221291	0.0326233	0.0069023	0.0130512	0.0107458	0.280165	0.132006	0.0516865	0.00104738	0.00192189
64	0.353263	0.0147884	0.000410053	0.000402697	0.0155823	0.230727	0.000334622	0.0137818	0.000729387	0.0153822	0.0171382	0.00505159	0.00131165	0.00129174	0.000393863	0.232848	0.0705182	0.0231896	0.000654449	0.00220147
65	0.0542026	0.00887225	0.000267947	0.00272715	0.430404	0.0155916	0.00331614	0.069314	0.00032476	0.242916	0.0386496	0.00470848	0.00111617	0.0015758	0.00148712	0.00897343	0.0326603	0.0533067	0.00761903	0.0219676
66	0.209426	0.00845715	0.00036355	0.000760903	0.0851056	0.100615	0.000747616	0.0881865	0.000741021	0.086704	0.0685227	0.00321117	0.00223855	0.00347195	0.00101066	0.0751156	0.0812052	0.177329	0.00284765	0.00394076
67	0.0461634	0.00866445	0.000128557	0.00114213	0.0623137	0.0116546	0.000471256	0.225363	0.000553341	0.381989	0.0882	0.00106863	0.00201064	0.00284844	0.00053017	0.00973874	0.0230856	0.128523	0.00206408	0.00348716
68	0.423681	0.0134265	0.000297712	0.000390544	0.0264983	0.133565	0.000335415	0.0194868	0.00103876	0.0157725	0.0200455	0.00286256	0.000766828	0.0010695	0.000361073	0.21912	0.0811371	0.0358323	0.000849373	0.00346318
69	0.18642	0.0150675	0.000380691	0.000572714	0.133861	0.133003	0.000597388	0.0656899	0.000341042	0.119419	0.0462071	0.00324936	0.000639776	0.00387029	0.000681055	0.0870767	0.0806781	0.11525	0.00319338	0.00380156
70	0.153613	0.0549486	0.000682466	0.00119167	0.0881921	0.0706139	0.00109122	0.0698198	0.000638222	0.377149	0.0411196	0.0020096	0.00136691	0.00195553	0.00144252	0.0447038	0.0166401	0.0673065	0.00268365	0.00283204
71	0.0192979	0.0610481	0.00157261	0.00331305	0.0112803	0.025014	0.00242889	0.167025	0.00258468	0.118585	0.304556	0.00704588	0.00252633	0.0459945	0.00263046	0.0147394	0.147702	0.0375865	0.00396245	0.021108
72	0.457601	0.0085101	0.00375399	0.00435308	0.0103332	0.16191	0.00131162	0.00979593	0.000530167	0.00811842	0.0107161	0.00509348	0.00897599	0.00268208	0.000535492	0.229909	0.0389152	0.0220451	0.00385733	0.0110528
73	0.053176	0.00790571	0.000311523	0.0034626	0.437645	0.0157764	0.00270973	0.0643169	0.000325586	0.246729	0.0409543	0.00542283	0.00124738	0.00165282	0.001759	0.00812262	0.0307684	0.0499785	0.0073929	0.0203426
74	0.332356	0.00393697	0.00102811	0.00170124	0.00676472	0.010591	0.0019409	0.0747827	0.00127977	0.0311363	0.00931679	0.00338476	0.00252789	0.0161615	0.00244262	0.125541	0.0298942	0.33912	0.0026351	0.00345856
75	0.0234026	0.00309336	0.00189626	0.0126049	0.00487057	0.0578564	0.070146	0.00812494	0.0122444	0.00805447	0.00673668	0.0171024	0.0727139	0.233837	0.0251296	0.0570782	0.370446	0.0104991	0.00150604	0.00265672
76	0.0498749	0.0153548	0.115081	0.0308946	0.0059245	0.0331161	0.0638295	0.00916064	0.001503	0.00881688	0.00643181	0.294468	0.00266066	0.0045252	0.00199393	0.280025	0.0613483	0.0098627	0.00216524	0.00296258
77	0.125096	0.00577595	0.00190241	0.0272127	0.0100631	0.011492	0.0255549	0.16071	0.00776418	0.064018	0.0149313	0.00510874	0.247792	0.0282057	0.00955794	0.0204328	0.0184765	0.20656	0.00369608	0.00564925
78	0.062962	0.00199395	0.000723551	0.136718	0.0374919	0.0678975	0.0318794	0.0148808	0.000806742	0.0501855	0.0369269	0.00237218	0.0108373	0.308892	0.0016469	0.0425084	0.0325833	0.0937729	0.0461718	0.0187486
79	0.0289791	0.0085078	0.000142637	0.00086356	0.0884801	0.00633181	0.000295755	0.124364	0.000535182	0.541175	0.053575	0.00046672	0.00280871	0.00246053	0.00138805	0.0049209	0.0210878	0.111825	0.000564743	0.0012278
80	0.0298622	0.00867596	0.000142001	0.000918903	0.0857516	0.00574185	0.000317585	0.139276	0.000555112	0.518879	0.0545118	0.000418631	0.00252274	0.00269928	0.00124536	0.00536756	0.0236095	0.117663	0.000531369	0.00131004
81	0.149307	0.0250021	0.000184908	0.000354222	0.134103	0.0637174	0.000337887	0.198344	0.000279337	0.17571	0.0333579	0.000564885	0.00231704	0.000778192	0.000372065	0.0128712	0.0315274	0.165248	0.00148862	0.00413468
82	0.0260902	0.00660822	0.000197292	0.00105034	0.0663864	0.00805154	0.00042949	0.129617	0.000469613	0.528943	0.102263	0.00201864	0.00165236	0.00263433	0.00103995	0.00616385	0.020292	0.0908754	0.000687052	0.00453004
83	0.0162142	0.000739437	0.00599626	0.0131878	0.00738821	0.00432899	0.0230558	0.0227483	0.208799	0.0161768	0.00494874	0.00728652	0.000538324	0.0737483	0.571846	0.00955566	0.00542395	0.00650926	0.00049585	0.00101207
84	0.111427	0.0137134	0.000270638	0.000769539	0.245764	0.0309392	0.000392683	0.0806159	0.000237621	0.320648	0.0770231	0.0010719	0.000587539	0.000878178	0.000476775	0.015615	0.0311289	0.0652703	0.000887383	0.00228317
85	0.0336817	0.00967062	0.000128343	0.000764353	0.0858185	0.0066466	0.000339849	0.134866	0.00052851	0.522144	0.055739	0.000398838	0.00262142	0.00235449	0.00115677	0.00539095	0.0212797	0.114841	0.000501171	0.00112779
86	0.0766835	0.00942054	0.00256817	0.0229743	0.00771251	0.00906185	0.00219206	0.0389997	0.00168331	0.0658993	0.0948393	0.109267	0.00240676	0.318362	0.00772697	0.0652588	0.0738897	0.079195	0.00664842	0.00521101
87	0.0313274	0.00164314	0.000211078	0.000333939	0.00110455	0.897092	0.000369804	0.00441717	0.000328382	0.00187399	0.00140805	0.00170686	0.00386391	0.000687465	0.000412491	0.041038	0.00298387	0.00567448	0.00291363	0.000610291
88	0.110521	0.018523	0.000114597	0.000589226	0.120262	0.0301793	0.000203302	0.199423	0.000196871	0.25055	0.0610569	0.00042368	0.00224782	0.00136453	0.000232105	0.0161017	0.0339816	0.149287	0.00170653	0.00303565
89	0.107492	0.0127998	0.00020867	0.00103692	0.262894	0.0249623	0.000788075	0.116669	0.000246294	0.24699	0.0579402	0.00156626	0.00100149	0.00125302	0.00067467	0.0141839	0.0380842	0.102045	0.00223047	0.00693478
90	0.186277	0.00770948	0.00541999	0.000975968	0.005176	0.156581	0.00170118	0.0300575	0.000633846	0.0180051	0.025311	0.0520219	0.00490097	0.0182384	0.00162712	0.292174	0.155741	0.0339957	0.000838183	0.00261485
91	0.0311177	0.00164199	0.000210178	0.000333944	0.00110402	0.897585	0.000373067	0.00442106	0.00032838	0.00186426	0.00140871	0.00168655	0.00387233	0.000687522	0.000412528	0.040834	0.00292295	0.00566629	0.00291726	0.000612607
92	0.0172971	0.00197383	0.000574777	0.000773534	0.538678	0.00650015	0.00628285	0.0230232	0.000476794	0.0500528	0.0188408	0.00693153	0.00599211	0.0104296	0.000959342	0.0180786	0.0153509	0.0203238	0.001109	0.256351
93	0.0574904	0.00502996	0.00196496	0.00252699	0.0299337	0.0218031	0.00649806	0.313685	0.00294897	0.0652011	0.0162906	0.0339112	0.00303535	0.00442405	0.00791225	0.0813534	0.0195056	0.264099	0.0207428	0.041643
94	0.122764	0.00153823	0.00060528	0.000853599	0.00280939	0.0332578	0.00119805	0.0180723	0.000649157	0.0117764	0.0074575	0.0192075	0.521904	0.00457626	0.00479114	0.184512	0.043669	0.0175683	0.00117832	0.00161212
95	0.175599	0.00945596	0.00318992	0.00136125	0.0343586	0.0675625	0.00134135	0.0661149	0.00105932	0.0242636	0.0670608	0.0402401	0.0265441	0.0120745	0.00255188	0.161951	0.201704	0.0988588	0.00164522	0.00306212
96	0.561747	0.00449305	0.00629968	0.00908868	0.00435802	0.0356046	0.000455392	0.00934145	0.000438637	0.00775058	0.00883365	0.00533601	0.00634073	0.00478616	0.000500046	0.277439	0.0328092	0.0219364	0.000467211	0.00197465
97	0.0388809	0.00406146	0.00554156	0.00911912	0.0505617	0.00269523	0.00792868	0.149591	0.00235861	0.123436	0.167188	0.103947	0.00100235	0.0189223	0.0013293	0.0347107	0.151376	0.0855593	0.00855542	0.0332366
98	0.403649	0.0230025	0.00110042	0.00251595	0.0127973	0.0591278	0.000620918	0.0510141	0.00195023	0.030431	0.0149093	0.00948134	0.00160875	0.00490408	0.00373271	0.19213	0.0878263	0.094542	0.0024589	0.00219777
99	0.0202539	0.00601073	0.000301354	0.000953399	0.0477784	0.00415064	0.00144066	0.125545	0.000410151	0.505019	0.169599	0.00508817	0.000780222	0.00369989	0.000960827	0.00706504	0.0161236	0.0699378	0.000675126	0.0142073
100	0.0480486	0.00223651	0.000248671	0.000398637	0.00220806	0.00148421	0.000300612	0.343603	0.000205202	0.0694278	0.0380987	0.000611968	0.00390912	0.00510992	0.000811585	0.013004	0.0387486	0.428641	0.00175388	0.00114976
101	0.528321	0.00718775	0.0031719	0.00491276	0.0108421	0.0597531	0.000382379	0.0149782	0.000660371	0.0121929	0.0118746	0.00421856	0.00363232	0.00332836	0.000470851	0.248988	0.0527405	0.0292775	0.000687164	0.00237991
102	0.165097	0.00210411	0.000797483	0.000886554	0.00308644	0.0299055	0.000796635	0.0464939	0.0219938	0.0624026	0.0289385	0.02448	0.00127041	0.00263557	0.0678709	0.269535	0.181837	0.0871195	0.00137725	0.00137174
103	0.169628	0.00250996	0.000737631	0.000831916	0.00315872	0.0277191	0.000888338	0.0464603	0.0200398	0.0641391	0.0292719	0.0254853	0.00122709	0.00250709	0.0670717	0.26074	0.182043	0.0923559	0.00169787	0.00148746
104	0.145603	0.00545011	0.00202583	0.00118436	0.00533871	0.484053	0.00144674	0.0120463	0.000521896	0.00808349	0.0103659	0.0166769	0.0924979	0.00325146	0.00192409	0.141157	0.0411253	0.0169477	0.00445706	0.00584271
105	0.0109674	0.00652487	0.000499133	0.00635391	0.108675	0.00228404	0.0327311	0.0310989	0.145608	0.0509188	0.00837582	0.00126274	0.0150853	0.0687078	0.153616	0.0445439	0.0476992	0.0207549	0.0456925	0.1986
106	0.295366	0.0530281	0.00154453	0.00404218	0.00562315	0.031501	0.00131869	0.0475891	0.0032053	0.0285979	0.0124685	0.0292525	0.00289192	0.00958602	0.0212468	0.177581	0.1385	0.121773	0.0120963	0.00278894
107	0.0225056	0.00607842	0.000489451	0.00113695	0.0382251	0.00392431	0.0014476	0.12857	0.00045596	0.492789	0.187232	0.00594782	0.000934066	0.00305589	0.000952984	0.00869677	0.0191004	0.0657841	0.000823627	0.0118498
108	0.160761	0.00465943	0.000438435	0.000596697	0.0022878	0.58485	0.000515551	0.00537807	0.000306951	0.00387647	0.00467824	0.00319586	0.00221591	0.000943303	0.00047765	0.186755	0.0280431	0.00666234	0.00191056	0.00144749
109	0.0561057	0.014607	0.00309977	0.00443619	0.0379678	0.00424198	0.00455891	0.162478	0.00804348	0.178592	0.132949	0.0461526	0.00120354	0.017056	0.00402061	0.0236619	0.156032	0.094614	0.0242438	0.0259356
110	0.0215679	0.00653413	0.000293895	0.00106929	0.0466343	0.00368776	0.00150717	0.13101	0.000413973	0.486139	0.175689	0.00541412	0.00088004	0.00405728	0.000957382	0.00754991	0.0165096	0.0744219	0.000780775	0.0148828
111	0.16065	0.0103835	0.00597014	0.00591971	0.00563116	0.0529487	0.00201407	0.0439282	0.00100826	0.0243472	0.0352198	0.0919765	0.00671274	0.0863928	0.00435184	0.22712	0.165487	0.0639458	0.00157702	0.00441517
112	0.427837	0.0146727	0.000377538	0.000531413	0.0257587	0.125565	0.000325908	0.020514	0.00109627	0.0165555	0.0200464	0.00304174	0.000812398	0.00126396	0.000424038	0.218519	0.0807388	0.0376712	0.000899195	0.00334931
113	0.032627	0.00171413	0.000209315	0.0003713	0.00112292	0.893843	0.000415105	0.00469079	0.00037088	0.0019277	0.00145678	0.00169332	0.00387481	0.000686858	0.000418317	0.0420574	0.00323762	0.00569777	0.00289986	0.000685088
114	0.116107	0.00620983	0.00757058	0.00780459	0.00476024	0.0521226	0.00523712	0.040326	0.000477169	0.0259732	0.0378134	0.150684	0.0040756	0.084887	0.00476418	0.205541	0.172168	0.0616813	0.00172213	0.0100753
115	0.0615215	0.00675812	0.000320227	0.0007169	0.0376901	0.00840333	0.00050756	0.297719	0.00045367	0.205832	0.0569442	0.000736486	0.00261422	0.00312346	0.000847046	0.0159583	0.0324544	0.262393	0.00230101	0.00270588
116	0.0593875	0.0109638	7.66887e-05	0.000942452	0.0683464	0.0138758	0.000146535	0.265954	0.000321744	0.314268	0.0752428	0.000248016	0.00225351	0.00213537	0.000160365	0.0123285	0.0276463	0.142924	0.00166328	0.00111555
117	0.032201	0.00169659	0.000227051	0.000343153	0.0012624	0.894649	0.000370044	0.00452349	0.000327482	0.00195465	0.00143069	0.00169696	0.00388059	0.000683037	0.000410725	0.0414402	0.0031446	0.00593067	0.00305268	0.000774918
118	0.108726	0.00173416	0.000664478	0.00125424	0.00282942	0.0244285	0.00121731	0.0193059	0.00128401	0.0117199	0.0061162	0.0140115	0.568732	0.0039954	0.00383047	0.172666	0.0336985	0.0209952	0.0010749	0.00171634
119	0.0215157	0.0066333	0.000187806	0.00089552	0.0705811	0.0049157	0.00037087	0.118724	0.000476823	0.554258	0.0940894	0.00177622	0.0016721	0.00241332	0.00128041	0.00641537	0.0209935	0.0881856	0.000493433	0.00412154
120	0.0530899	0.00756333	0.000298062	0.000900362	0.0684641	0.0104628	0.000419298	0.282656	0.000692497	0.317067	0.0692236	0.000254811	0.00149629	0.00278903	0.000316388	0.00957008	0.0227505	0.144513	0.00294922	0.00452324
121	0.0311177	0.00164199	0.000210178	0.000333944	0.00110402	0.897585	0.000373067	0.00442106	0.00032838	0.00186426	0.00140871	0.00168655	0.00387233	0.000687522	0.000412528	0.040834	0.00292295	0.00566629	0.00291726	0.000612607
122	0.0441164	0.00208981	0.000238588	0.000335229	0.00138717	0.870254	0.000426365	0.00448749	0.000341075	0.00210823	0.00174791	0.00186971	0.00393441	0.000699598	0.000432932	0.0506311	0.00505871	0.00590345	0.00299293	0.000945378
123	0.148573	0.00824655	0.00055297	0.000779915	0.124077	0.0183029	0.00285943	0.118513	0.000492381	0.220369	0.0349138	0.00365269	0.00181062	0.00217577	0.00325061	0.0240865	0.0704072	0.168892	0.0189864	0.0290567
124	0.0460649	0.00976666	9.243e-05	0.001072	0.0638673	0.00969122	0.000208119	0.204873	0.000423372	0.40811	0.0806583	0.0006614	0.00274868	0.00246019	0.0005091	0.0105207	0.0260994	0.12899	0.00155217	0.00163049
125	0.554602	0.00444598	0.00683532	0.0101659	0.0047235	0.0386233	0.000790399	0.00950482	0.000446551	0.00785193	0.00995324	0.00534458	0.00713108	0.0045032	0.000474353	0.273392	0.0326206	0.0238052	0.0013232	0.00346317
126	0.0471773	0.00288271	0.275671	0.189562	0.00486365	0.0557394	0.0142073	0.00876022	0.0246654	0.00915457	0.00632747	0.0599538	0.0141433	0.0890283	0.0137437	0.113158	0.0450576	0.0103582	0.00175474	0.0137915
127	0.0833868	0.00246558	0.0239607	0.0480758	0.0171012	0.0618164	0.0139624	0.0574048	0.00100609	0.0747692	0.107607	0.0991045	0.102624	0.0494762	0.0129978	0.0360185	0.0765597	0.0886924	0.0125239	0.0304471
128	0.138945	0.0131097	0.00418029	0.00103781	0.0213446	0.0473774	0.00111531	0.0606884	0.000910222	0.00914707	0.058773	0.0387194	0.0526732	0.0112584	0.00143254	0.175831	0.264803	0.095465	0.001346	0.00184286
129	0.045628	0.00728722	0.000502644	0.00199202	0.450182	0.0156766	0.00420806	0.0552208	0.00075999	0.155221	0.0365741	0.00884353	0.00353692	0.0076162	0.00167151	0.0291754	0.0312114	0.0446514	0.006147	0.0938944
130	0.0481153	0.0205084	0.000360975	0.000696595	0.181465	0.0175286	0.0104281	0.143907	0.0014279	0.252519	0.0288078	0.0028282	0.0134398	0.00406044	0.00504742	0.0155186	0.0123622	0.0777591	0.0636815	0.0995375
131	0.0576125	0.00979373	0.000105318	0.000924741	0.068834	0.0128396	0.000179582	0.272743	0.00037104	0.314268	0.0729157	0.000228359	0.00197663	0.00225037	0.00017637	0.0115864	0.0259662	0.143974	0.00173903	0.00151618
132	0.188724	0.0103369	0.00161983	0.000750355	0.0585392	0.0710598	0.000783798	0.072932	0.000620446	0.0367516	0.0647527	0.0189317	0.0210284	0.00574111	0.00102089	0.140313	0.186571	0.115535	0.00159226	0.00239668
133	0.278147	0.00995535	0.000275896	0.000401787	0.00332079	0.333394	0.000422896	0.00561699	0.000299177	0.0068014	0.00807419	0.00512315	0.00198074	0.00075742	0.000467725	0.281626	0.0530484	0.00843132	0.00044014	0.00141607
134	0.198664	0.0177248	0.000251958	0.00037925	0.107738	0.132399	0.000515634	0.0903479	0.000306774	0.128558	0.0477485	0.00282778	0.000449576	0.00319481	0.000499785	0.0698256	0.0631294	0.127984	0.00361148	0.00384323
135	0.0408099	0.0122004	0.000107728	0.000845674	0.0749614	0.00754915	0.000243778	0.160649	0.00042513	0.465684	0.0711887	0.000613372	0.0036203	0.00217947	0.000837796	0.00930834	0.0256237	0.120907	0.000913059	0.00133228
136	0.0252369	0.00768845	0.000497043	0.00126287	0.048917	0.00380153	0.00170869	0.131305	0.000666988	0.460858	0.172095	0.0105231	0.00108338	0.0042979	0.000956112	0.0108764	0.0262207	0.0746949	0.00172235	0.0155869
137	0.0953307	0.00988582	0.000282086	0.00129219	0.327447	0.0250392	0.000797264	0.070653	0.000237051	0.274492	0.074081	0.00187149	0.000570394	0.000922871	0.000663478	0.0135628	0.034065	0.061345	0.00179462	0.00566701
138	0.0578763	0.0139407	0.000230041	0.00112614	0.0566334	0.0147544	0.000427937	0.271137	0.000364727	0.321614	0.062228	0.000522634	0.00207515	0.00227312	0.000391362	0.012408	0.0335212	0.145626	0.00166526	0.00118473
139	0.318627	0.0688172	0.000890517	0.00496037	0.00675723	0.0584115	0.000783047	0.0422127	0.000889063	0.0252561	0.00924777	0.0229298	0.00100826	0.0100449	0.00424451	0.212095	0.111016	0.0960266	0.00415544	0.00162628
140	0.219784	0.0169621	0.000466231	0.000693178	0.122748	0.118195	0.000713515	0.0495769	0.000870996	0.0921173	0.0476519	0.0037145	0.00184433	0.00351969	0.000873996	0.117657	0.0981992	0.0982464	0.00276067	0.00340561
141	0.0272147	0.00843174	0.000145279	0.000923368	0.0872682	0.00523117	0.000306535	0.126421	0.000573932	0.540967	0.0526835	0.00042896	0.00264687	0.00268362	0.00142626	0.00483007	0.022252	0.1139	0.000471579	0.00119525
142	0.0659218	0.0124586	0.000165902	0.00120667	0.0584027	0.0157922	0.000302803	0.226181	0.00036284	0.331192	0.0893693	0.00101159	0.00659866	0.00254516	0.000356465	0.0191024	0.0315099	0.131003	0.00419109	0.00232543
143	0.185739	0.0169297	0.00204836	0.00117329	0.0370206	0.0200604	0.00110761	0.157797	0.000871932	0.0879115	0.0484068	0.00465052	0.00213684	0.00197788	0.00365778	0.0649079	0.103979	0.2418	0.00335756	0.0144664
144	0.0948746	0.00717555	0.00137716	0.000906019	0.07435	0.00325795	0.00840681	0.0903787	0.00231326	0.268096	0.0495437	0.0118273	0.00138966	0.0034587	0.010563	0.0240638	0.128139	0.132816	0.0504335	0.0366296
145	0.043225	0.00918072	0.000336321	0.00243854	0.452213	0.0123626	0.00514584	0.0745872	0.0004356	0.22717	0.0285234	0.00475158	0.00134138	0.00188367	0.00161485	0.010081	0.0351335	0.0543098	0.0102018	0.0250636
146	0.0301504	0.0130583	0.000445398	0.00145633	0.357712	0.0543329	0.00187251	0.0614384	0.000506171	0.270362	0.058524	0.0100728	0.00401786	0.00548614	0.00939967	0.00661782	0.0150305	0.0299445	0.0328848	0.0366874
147	0.0485651	0.00227406	0.000236468	0.000363233	0.0021391	0.00146831	0.000303999	0.343587	0.000202348	0.0691784	0.0375425	0.00060688	0.003872	0.00500538	0.000773379	0.0128911	0.0387193	0.429473	0.00170402	0.00109415
148	0.00573192	0.00745837	0.0196533	0.0339556	0.00290605	0.00280169	0.0764824	0.00419903	0.487962	0.0104632	0.00937779	0.00789735	0.0102419	0.101809	0.176894	0.0104795	0.017495	0.0113762	0.00086738	0.00194747
149	0.0471773	0.00288271	0.275671	0.189562	0.00486365	0.0557394	0.0142073	0.00876022	0.0246654	0.00915457	0.00632747	0.0599538	0.0141433	0.0890283	0.0137437	0.113158	0.0450576	0.0103582	0.00175474	0.0137915
150	0.0963724	0.0103615	0.000268485	0.00125159	0.320037	0.02532	0.000739717	0.0714016	0.000233806	0.279009	0.0748735	0.00173052	0.000517417	0.000911833	0.000575015	0.0137166	0.033798	0.0619038	0.00169973	0.00527894
151	0.0501941	0.0109553	0.000102332	0.00104417	0.0655011	0.0111422	0.000195977	0.218157	0.000431492	0.383415	0.0791806	0.000491745	0.0027043	0.0024691	0.00035132	0.0106989	0.0261827	0.13374	0.00151588	0.00152644
152	0.0740295	0.0217174	0.0123677	0.00285486	0.0202711	0.00519319	0.00324044	0.193526	0.00236352	0.143025	0.0681319	0.0256748	0.00207592	0.00490238	0.0160336	0.051723	0.106943	0.210339	0.00979113	0.0257964
153	0.0893557	0.00962817	0.00401271	0.0143171	0.00565164	0.0123801	0.00207205	0.041984	0.000777147	0.0491077	0.0612892	0.140323	0.00164766	0.253426	0.0111379	0.117966	0.104313	0.066808	0.00809535	0.0057076
154	0.100924	0.0179709	0.000118555	0.00065314	0.146418	0.0245711	0.000222566	0.184468	0.00021016	0.267646	0.0723438	0.000419074	0.00196082	0.00141195	0.000239234	0.016837	0.0343017	0.125996	0.00126969	0.00201691
155	0.204138	0.0222855	0.00560252	0.00236629	0.015964	0.145533	0.00162034	0.0713628	0.00165125	0.0429626	0.0609404	0.0332968	0.00577828	0.0133564	0.0017497	0.226014	0.0952872	0.0454817	0.0015848	0.00302394
156	0.0415593	0.00242586	0.000353329	0.000467611	0.00281731	0.00208128	0.000607	0.356836	0.000376426	0.0807252	0.0340158	0.000934947	0.00758138	0.0045775	0.000997033	0.0115726	0.0432712	0.405785	0.00151802	0.00149703
157	0.102899	0.00676464	0.0194731	0.067418	0.00534867	0.0426018	0.00303318	0.0328067	0.0022911	0.0398399	0.0346702	0.149065	0.0022653	0.159236	0.00603267	0.153272	0.0909705	0.065028	0.0030005	0.013984
158	0.12228	0.00151348	0.000636511	0.000852404	0.00267822	0.0222019	0.000998014	0.0145309	0.00080124	0.00903686	0.0052081	0.0133659	0.551719	0.00341062	0.00286312	0.191053	0.0352279	0.0190572	0.00104851	0.00151561
159	0.0513351	0.00677056	0.000581879	0.000917269	0.066007	0.00941164	0.00101594	0.285602	0.0010809	0.292186	0.0644241	0.000312977	0.00152818	0.0038546	0.00117648	0.010041	0.0254879	0.167268	0.00387885	0.00711994
160	0.0339358	0.00717131	0.000163307	0.0013776	0.0624017	0.00673282	0.000600414	0.182313	0.00064111	0.465598	0.0801015	0.00115898	0.00188087	0.00308324	0.00087253	0.00634296	0.0194392	0.121203	0.00126961	0.0037129
161	0.250931	0.00294702	0.00187665	0.00260714	0.00451326	0.0225815	0.00124619	0.0125794	0.000881928	0.00879522	0.00764469	0.0188336	0.334191	0.00455823	0.00236818	0.244185	0.0566244	0.0186398	0.00134486	0.0026513
162	0.0317156	0.00859802	0.000242141	0.00530062	0.0695685	0.01259	0.000639706	0.160526	0.000910943	0.47643	0.0670933	0.000986686	0.00221197	0.0088977	0.00145359	0.00957071	0.0253406	0.11204	0.00214326	0.00374064
163	0.0174291	0.00182786	0.000535776	0.000790403	0.538209	0.00653059	0.00632676	0.0217431	0.000486427	0.0490551	0.0184334	0.00650521	0.00635027	0.0104165	0.000948652	0.0179428	0.0144286	0.0198033	0.000986398	0.261251
164	0.0486171	0.00227651	0.000237583	0.000362717	0.002149	0.00148113	0.0003095	0.344253	0.000201537	0.068956	0.0374323	0.000600358	0.00387695	0.00498212	0.000772355	0.0128956	0.0388919	0.42892	0.00169875	0.00108554
165	0.0374426	0.00107575	0.00370666	0.00050645	0.0745467	0.00148058	0.00706752	0.347781	0.00517186	0.215275	0.0404791	0.00108698	0.000658258	0.00255783	0.00790444	0.0111239	0.0169403	0.164747	0.0210174	0.0394306
166	0.559333	0.00408186	0.00458561	0.00696586	0.00586092	0.0396866	0.000403314	0.0100067	0.000444964	0.00816184	0.00940399	0.00420479	0.00514974	0.00402544	0.000413036	0.270102	0.040649	0.0242464	0.000431267	0.00184299
167	0.0311177	0.00164199	0.000210178	0.000333944	0.00110402	0.897585	0.000373067	0.00442106	0.00032838	0.00186426	0.00140871	0.00168655	0.00387233	0.000687522	0.000412528	0.040834	0.00292295	0.00566629	0.00291726	0.000612607
168	0.0504457	0.00698116	0.000426391	0.000936876	0.0704188	0.00911071	0.000621631	0.271039	0.000928448	0.329278	0.0670773	0.000258007	0.00143497	0.00367386	0.000520595	0.0088211	0.0234542	0.14455	0.00365168	0.00637133
169	0.0605618	0.00457591	0.000426791	0.000581681	0.0028218	0.00234543	0.000506876	0.339055	0.000338782	0.0630464	0.0348058	0.00120334	0.00403253	0.00476699	0.0011139	0.0147743	0.04277	0.418672	0.00187426	0.00172631
170	0.0621328	0.0153273	0.00083239	0.0152789	0.116635	0.0350733	0.00163515	0.193109	0.00117471	0.166573	0.120459	0.00470377	0.0021936	0.0376332	0.00182291	0.0489496	0.0396195	0.118921	0.00283375	0.0150918
171	0.540127	0.005187	0.00390259	0.00561986	0.0113566	0.0526609	0.000465662	0.01116	0.000532894	0.00915336	0.0105714	0.00352086	0.00427834	0.00385577	0.000399781	0.266277	0.0428646	0.0248327	0.00069306	0.00254034
172	0.254056	0.00666632	0.000388635	0.00041609	0.0223214	0.0442787	0.00046776	0.171709	0.000313656	0.112836	0.0300968	0.00087949	0.000978453	0.00123689	0.000559915	0.0653506	0.0570769	0.227578	0.000838606	0.00195015
173	0.159039	0.00967089	0.00359095	0.00133486	0.0204356	0.0577983	0.00115629	0.0658973	0.000921773	0.0116679	0.0806061	0.0365093	0.057025	0.00995562	0.0021393	0.170019	0.215036	0.0929491	0.00180298	0.00244549
174	0.13251	0.00561889	0.000315988	0.000412601	0.00235525	0.68357	0.000360649	0.00493718	0.000351232	0.00427141	0.00438542	0.00296321	0.00387314	0.000780484	0.000421818	0.121301	0.0208105	0.0076212	0.00203413	0.00110602
175	0.0538465	0.00882324	0.000153846	0.000942864	0.0705021	0.0114361	0.000280109	0.27258	0.000487377	0.322914	0.0703828	0.000231047	0.00172241	0.00252036	0.000228907	0.0103129	0.0242853	0.144082	0.00189096	0.00237762
176	0.444982	0.0119836	0.000847596	0.00139528	0.024192	0.119208	0.000357857	0.0178028	0.00103003	0.0141384	0.017781	0.00264626	0.00127678	0.00126691	0.000377799	0.227664	0.0734012	0.0352543	0.000808853	0.0035851
177	0.133971	0.00672963	0.00920316	0.00236802	0.00537284	0.0768722	0.00230628	0.0430829	0.000446791	0.0195302	0.0345038	0.0852549	0.012443	0.0393634	0.00201547	0.260281	0.207217	0.0541101	0.000814212	0.00411412
178	0.0621704	0.0105476	0.000154506	0.00102531	0.060454	0.0125788	0.000182852	0.257538	0.000329129	0.318935	0.0825678	0.000559681	0.00291902	0.00209549	0.000231404	0.0147343	0.0285937	0.140655	0.00208237	0.00164542
179	0.0562501	0.00946684	0.000109951	0.000959201	0.0677208	0.0121934	0.000197597	0.275414	0.00040461	0.316245	0.0727655	0.000215483	0.00188308	0.00231481	0.000167005	0.0112153	0.0254072	0.143738	0.00175695	0.00157534
180	0.409601	0.0163326	0.000364183	0.000538728	0.0444041	0.105752	0.000551096	0.0195263	0.00172513	0.0205503	0.0286367	0.00229988	0.000787322	0.00179593	0.000692242	0.211643	0.0875043	0.0423022	0.0014906	0.00350179
181	0.542111	0.00492335	0.00380482	0.00583646	0.00833462	0.0500101	0.000384957	0.0108876	0.000474503	0.00908725	0.0103747	0.00378514	0.00420765	0.00346846	0.000410698	0.26634	0.0477564	0.0254345	0.000494836	0.00187348
182	0.0813123	0.00315796	0.00235344	0.00331517	0.00645183	0.0678997	0.00235699	0.0550821	0.00229327	0.0381471	0.0264696	0.0367682	0.407102	0.0161971	0.0176028	0.151674	0.0407768	0.0347527	0.00236311	0.00392407
183	0.0111209	0.00649872	0.000500376	0.00633361	0.10872	0.00229437	0.0325665	0.0312475	0.145553	0.05117	0.00843414	0.0012639	0.0150767	0.0687534	0.153458	0.0445306	0.0478042	0.0208115	0.0459393	0.197923
184	0.0504187	0.0115225	0.000371506	0.00131318	0.0847421	0.0153027	0.00220874	0.191984	0.000953989	0.351392	0.0668058	0.00196288	0.00501252	0.0041374	0.00215171	0.0172382	0.0293324	0.116544	0.025915	0.0206908
185	0.0319416	0.0016803	0.000209175	0.000333782	0.00139334	0.894862	0.000368037	0.00467367	0.000328676	0.0021241	0.00150784	0.00169601	0.00387611	0.000697804	0.000404645	0.0410809	0.0031364	0.0059578	0.00301683	0.000711226
186	0.0153603	0.000690853	0.00610065	0.0130662	0.00700097	0.00400662	0.0230477	0.0225136	0.211612	0.0161799	0.00450867	0.00650941	0.00046461	0.0745453	0.574604	0.00778898	0.00475592	0.00596933	0.000500216	0.000774477
187	0.0373499	0.00177478	0.00260801	0.000744836	0.061052	0.00254435	0.00836756	0.311371	0.00908988	0.248596	0.0386406	0.00207467	0.000847434	0.00335225	0.0119323	0.0123774	0.0219175	0.161878	0.0213775	0.0421041
188	0.274771	0.0125335	0.00185576	0.00100945	0.00734791	0.269803	0.000540338	0.0171269	0.000689426	0.0187678	0.0204444	0.0153002	0.0023472	0.00454831	0.000692155	0.248743	0.0772413	0.0237327	0.000573207	0.00193254
