259	20
1	0.0577778	0.00894759	0.204759	0.211389	0.0109748	0.0361609	0.0282341	0.0176429	0.0430116	0.0189938	0.0110521	0.0962186	0.0194181	0.0587909	0.0207698	0.0732753	0.0529631	0.0199285	0.00166704	0.00802508
2	0.0133595	0.00864457	0.00869563	0.0339579	0.00299605	0.0131254	0.0160193	0.0174312	0.301992	0.0238012	0.0149528	0.0137491	0.00882794	0.0657962	0.372825	0.0329942	0.0322084	0.0117405	0.00066211	0.00622135
3	0.00602489	0.00247318	0.0041665	0.0190511	0.408739	0.00375059	0.0908281	0.0186787	0.00459904	0.0103914	0.00607101	0.00453778	0.00216363	0.00674685	0.00363197	0.00857171	0.00729901	0.00698604	0.0159151	0.369374
4	0.0284043	0.00803496	0.0156894	0.0475279	0.00844291	0.0164374	0.0221508	0.0213736	0.233815	0.0374383	0.0205958	0.0176979	0.0163982	0.0963244	0.297651	0.0446559	0.0398493	0.0195436	0.000698963	0.00727018
5	0.142501	0.0211398	0.0371995	0.0476643	0.0163876	0.0256511	0.0157165	0.021033	0.0414572	0.0337679	0.0198559	0.0207396	0.3153	0.0425034	0.0439499	0.0613468	0.0405197	0.0375514	0.00214736	0.0135678
6	0.0263479	0.0014373	0.0159923	0.0416256	0.00715286	0.00720644	0.0111854	0.0494702	0.139987	0.116659	0.107571	0.0393824	0.00111352	0.0955795	0.0818473	0.0548382	0.0782925	0.119964	0.000543752	0.00380415
7	0.0215212	0.000922716	0.53056	0.310892	0.00252084	0.0380313	0.00269735	0.00175428	0.0152058	0.00192472	0.00139492	0.0125663	0.00412689	0.0230945	0.00126327	0.0238256	0.00428835	0.00209957	0.000343493	0.000966337
8	0.0122389	0.000462685	0.000598244	0.00130071	0.00312812	0.0024163	0.000659553	0.503838	0.000645739	0.0354351	0.0208047	0.000639805	0.000346061	0.00084467	0.00136064	0.00510607	0.0117767	0.395791	0.000127102	0.00248025
9	0.0293012	0.0164193	0.0148779	0.0240305	0.0148078	0.0491544	0.0590882	0.235226	0.0159754	0.0548379	0.0599747	0.0185203	0.00738032	0.0705001	0.0125044	0.0315679	0.0767701	0.188823	0.00467755	0.0155625
10	0.415646	0.0350544	0.0129202	0.014426	0.00336801	0.203768	0.00655944	0.022955	0.0133009	0.0133625	0.00620634	0.0202812	0.0154208	0.0172204	0.0172145	0.123008	0.0308095	0.0180728	0.00242316	0.00798282
11	0.0308766	0.0189382	0.0389816	0.0279515	0.0245709	0.0415574	0.182606	0.0193132	0.037477	0.0237908	0.0232809	0.257156	0.0121322	0.0638656	0.0199579	0.0858874	0.0534971	0.0232475	0.00272006	0.0121925
12	0.0747741	0.00380844	0.135713	0.295216	0.00570785	0.00456515	0.0182951	0.0211409	0.0607664	0.00572298	0.00451314	0.0129054	0.00909818	0.141733	0.0167738	0.0540077	0.0951801	0.0301001	0.000274035	0.00970541
13	0.0348572	0.00118932	0.465282	0.258526	0.0137562	0.0072203	0.0137801	0.00217683	0.0165654	0.00220412	0.00173946	0.0807554	0.0302386	0.0314398	0.0013246	0.0196743	0.0154617	0.00242302	0.000422602	0.000962802
14	0.227502	0.123639	0.00492527	0.00283376	0.00687631	0.0100247	0.001897	0.16406	0.00607146	0.061565	0.0111881	0.00568272	0.00304642	0.00284809	0.00563332	0.0538357	0.130279	0.173703	0.000478587	0.00391152
15	0.0098358	0.000384184	0.00051645	0.00164382	0.00292598	0.00213761	0.000577436	0.510541	0.000648577	0.0654208	0.0232909	0.000611303	0.000310033	0.000851909	0.00179274	0.00406713	0.0106047	0.36181	0.000117359	0.00191214
16	0.153015	0.000952039	0.142267	0.195214	0.00179937	0.0630137	0.0199318	0.0122832	0.0887816	0.0111578	0.00095795	0.0332577	0.014649	0.0738571	0.0488795	0.0813478	0.0339699	0.023492	0.000161858	0.00101138
17	0.0267105	0.0449267	0.00853326	0.0211163	0.00638504	0.0166786	0.0143401	0.0189175	0.158718	0.0501898	0.0161424	0.0226106	0.00610126	0.0382273	0.331659	0.0767565	0.108864	0.0207299	0.00223601	0.0101572
18	0.0106963	0.00498068	0.0021774	0.00101713	0.0137281	0.00160059	0.000912031	0.149437	0.0048317	0.597779	0.0745971	0.00149861	0.000535567	0.00269545	0.00257111	0.0019569	0.00368974	0.118518	0.000234956	0.00654268
19	0.0561934	0.001407	0.0120294	0.110708	0.00104575	0.00920965	0.016667	0.0108312	0.29368	0.0192553	0.00909108	0.0236812	0.000871967	0.110391	0.173981	0.0624953	0.0833145	0.00384803	0.00032617	0.000972533
20	0.020139	0.00515032	0.00590634	0.0175648	0.265687	0.0029348	0.00951082	0.127685	0.00874197	0.204881	0.115498	0.0057218	0.00455226	0.0164465	0.00229279	0.0139075	0.0162175	0.0590283	0.00776501	0.0903695
21	0.600465	0.0342163	0.00119309	0.00304778	0.000815731	0.100185	0.000951538	0.0173045	0.00408461	0.00358704	0.00120394	0.00531858	0.00486147	0.0124618	0.0111043	0.160372	0.0155662	0.0151607	0.00412274	0.00397783
22	0.0533238	0.00127234	0.0128594	0.112564	0.000923132	0.00991389	0.0180142	0.011635	0.29104	0.0211551	0.0100954	0.0249384	0.000754329	0.103165	0.176963	0.0631947	0.0833235	0.00370759	0.000314308	0.000842818
23	0.0634078	0.00553153	0.14175	0.295711	0.00602958	0.00158299	0.0244993	0.0215871	0.0555565	0.00730716	0.00808275	0.016213	0.00593418	0.160918	0.0120575	0.0507324	0.0863519	0.0267744	0.000267156	0.00970456
24	0.0270792	0.00955662	0.0143288	0.0418462	0.00405594	0.133085	0.019178	0.017401	0.206883	0.0200797	0.0126423	0.0268312	0.0118945	0.0524596	0.285896	0.0576863	0.0388627	0.0125928	0.00100039	0.00664098
25	0.0435656	0.00732543	0.1039	0.0351806	0.0524128	0.0253281	0.037711	0.0400764	0.0225293	0.0272284	0.0264087	0.196835	0.0100769	0.0919932	0.0092234	0.137805	0.0754689	0.0356524	0.00151429	0.0197641
26	0.0285979	0.0450807	0.00190512	0.00238775	0.0792929	0.00356617	0.00225895	0.127758	0.00313302	0.214874	0.0992649	0.00298961	0.00138305	0.0028621	0.00253429	0.0258227	0.0671586	0.276218	0.0040385	0.00887374
27	0.138551	0.0271412	0.0330505	0.058598	0.0144452	0.0332905	0.0194153	0.0267684	0.0286626	0.0254623	0.0144653	0.0283273	0.207615	0.037794	0.0237333	0.105308	0.132387	0.0326893	0.00204536	0.0102501
28	0.0189996	0.0241879	0.0122328	0.0175251	0.0229851	0.0145351	0.303923	0.0143663	0.0347095	0.0168556	0.0224534	0.312157	0.00770195	0.0612941	0.0154202	0.0364441	0.0360789	0.0166113	0.00282515	0.00869434
29	0.00994098	0.00549648	0.00140264	0.000826277	0.0116322	0.00111951	0.000687608	0.170021	0.00334712	0.578054	0.0674354	0.00117212	0.000437125	0.00144543	0.0011654	0.00142935	0.00224785	0.134718	0.000195754	0.00722584
30	0.00985849	0.0054405	0.00142543	0.000866123	0.0119748	0.00111139	0.000663591	0.169941	0.00335726	0.578127	0.067306	0.00116446	0.000436647	0.00145316	0.00125169	0.00145364	0.00238321	0.134479	0.000240963	0.00706603
31	0.0101159	0.0047539	0.00376176	0.00327993	0.0772161	0.00244413	0.00261027	0.132121	0.0049593	0.572001	0.0647879	0.00241884	0.00143338	0.00475938	0.00203233	0.00434345	0.00506265	0.0856317	0.00179662	0.0144711
32	0.453445	0.100965	0.00375437	0.0056678	0.0022578	0.0267374	0.00192857	0.0321234	0.00297884	0.0209452	0.00367687	0.00499474	0.0268193	0.00420669	0.00296567	0.160916	0.079148	0.0587318	0.00118756	0.00654911
33	0.156633	0.0164517	0.0353865	0.0456267	0.00806497	0.266891	0.0249196	0.02378	0.0344866	0.0207355	0.012064	0.0618623	0.0117587	0.0299388	0.0393132	0.132586	0.0454266	0.0229145	0.00238238	0.00877845
34	0.115501	0.00948562	0.0115619	0.0176394	0.0075991	0.0562823	0.0192786	0.0177777	0.0175017	0.10041	0.098749	0.0138298	0.24826	0.0551307	0.0123535	0.14237	0.0304919	0.0164136	0.00278997	0.0065742
35	0.146744	0.0174403	0.0324566	0.0517334	0.0171741	0.0313539	0.015002	0.0209227	0.0380019	0.0317306	0.017827	0.0198864	0.321465	0.0432877	0.0352819	0.067624	0.0418389	0.0352987	0.00224545	0.0126858
36	0.171924	0.0195214	0.0391561	0.0487066	0.0101213	0.23905	0.0240741	0.0280985	0.0331401	0.0250945	0.0149615	0.0565156	0.0156313	0.0309226	0.0335679	0.124816	0.0457104	0.0253962	0.00257158	0.0110206
37	0.179781	0.119039	0.00455102	0.00313944	0.00789724	0.00859014	0.00244106	0.230607	0.00634582	0.0625753	0.0116466	0.00672901	0.00257145	0.00341246	0.0110681	0.0454296	0.108753	0.181244	0.000674371	0.00350374
38	0.168696	0.0131151	0.0384116	0.0412781	0.00632901	0.251337	0.0217291	0.0149839	0.026251	0.0135055	0.00804192	0.0799345	0.0126087	0.0293234	0.0229335	0.17683	0.0525325	0.0137287	0.0017148	0.00671539
39	0.0510066	0.0132524	0.0268888	0.0497223	0.0170597	0.0179232	0.017492	0.064992	0.161074	0.0999944	0.0447299	0.0235566	0.0241676	0.0694216	0.0824456	0.0489113	0.0521785	0.118445	0.00201448	0.0147233
40	0.19477	0.145495	0.0172006	0.0142749	0.0111844	0.0177609	0.011469	0.0831793	0.0135778	0.046207	0.0144276	0.0243027	0.0136086	0.0129905	0.0124748	0.0902088	0.165151	0.102121	0.00190222	0.00769375
41	0.010692	0.0025272	0.0157721	0.0157547	0.0031419	0.00515955	0.00385181	0.0050259	0.0200006	0.00569461	0.00410036	0.00649836	0.00302435	0.00512426	0.00431499	0.458362	0.422284	0.00523071	0.000862075	0.00257919
42	0.213379	0.1824	0.0154649	0.00529419	0.00617896	0.0104235	0.0028139	0.121796	0.00700719	0.0461078	0.00884871	0.0113175	0.00435352	0.0045019	0.00489586	0.090975	0.126633	0.133337	0.000921472	0.00335084
43	0.0132047	0.000488042	0.000545012	0.00127984	0.00341318	0.00239646	0.00066329	0.505945	0.000653385	0.033517	0.0209607	0.000644605	0.000375601	0.000844252	0.00135574	0.00504867	0.0111292	0.394986	0.000125152	0.00242413
44	0.0215262	0.0209227	0.00839981	0.0164655	0.0109046	0.0584713	0.185318	0.0238073	0.0472375	0.181937	0.0983737	0.0187631	0.00709997	0.0611379	0.00702949	0.096297	0.0646426	0.0233819	0.0371882	0.0110968
45	0.305708	0.202928	0.00484451	0.00371071	0.00391764	0.0194125	0.001455	0.113142	0.00459099	0.0372349	0.00589355	0.00737323	0.00711097	0.00326404	0.00442762	0.0774278	0.0762762	0.117253	0.000725665	0.00330425
46	0.0118477	0.00494591	0.00373972	0.00456901	0.0648214	0.00214697	0.00316991	0.127378	0.00547151	0.549559	0.0829919	0.0023921	0.00183069	0.00559096	0.00241505	0.00454975	0.0059019	0.0931181	0.00163538	0.0219252
47	0.514963	0.0815922	0.0040312	0.0123495	0.00186243	0.0506051	0.00351663	0.0187413	0.00368268	0.0143571	0.00379594	0.00616499	0.0191894	0.00762218	0.00619436	0.163921	0.0487319	0.0294631	0.00208642	0.00713018
48	0.00624859	0.00916324	0.00420946	0.00504267	0.0027455	0.00769995	0.131389	0.00869144	0.142825	0.00803795	0.0257415	0.032041	0.00635311	0.0172652	0.519252	0.029066	0.0164502	0.00574627	0.0010362	0.0209956
49	0.0714856	0.00397156	0.135663	0.300266	0.00583425	0.00171668	0.0183552	0.0223302	0.0585127	0.0057868	0.00506411	0.0125638	0.0078101	0.147039	0.0145635	0.0500856	0.0990537	0.0297463	0.000269907	0.00988255
50	0.0166272	0.01162	0.016523	0.00313454	0.00303023	0.0162218	0.00256743	0.0331503	0.00356821	0.571579	0.254206	0.00448864	0.00151244	0.00994226	0.00255489	0.00607564	0.0159571	0.0142386	0.000555723	0.0124465
51	0.0196439	0.0102089	0.00585938	0.00387296	0.0211968	0.00449505	0.00354303	0.180257	0.0112448	0.46053	0.0712411	0.00427495	0.00185816	0.00842671	0.0069619	0.00751254	0.0147441	0.153875	0.00070953	0.00954454
52	0.511	0.0311081	0.001595	0.00297067	0.00122151	0.226118	0.00158668	0.0202345	0.00758011	0.00371312	0.00162274	0.00644457	0.00886557	0.0119674	0.0139348	0.117774	0.0108442	0.0106967	0.00299675	0.00772577
53	0.0709675	0.0608568	0.00256843	0.00294003	0.0623635	0.00635477	0.00267806	0.127677	0.0047304	0.174856	0.0708742	0.00371823	0.00212044	0.00338019	0.00425357	0.0256326	0.0822976	0.274522	0.00311662	0.0140919
54	0.0178211	0.00719866	0.00621625	0.00855436	0.0789094	0.00414659	0.00591163	0.134914	0.00778157	0.452156	0.0842472	0.00558829	0.0036704	0.0110895	0.00363136	0.00770393	0.0101261	0.104512	0.00283634	0.0429846
55	0.0951468	0.0941592	0.0629587	0.168779	0.018512	0.0250744	0.0368397	0.0390169	0.0377484	0.0378416	0.0222088	0.0356145	0.028206	0.0616501	0.0212769	0.0808806	0.0679582	0.0447553	0.00451736	0.0168551
56	0.0119127	0.00589095	0.00707867	0.0014096	0.0112452	0.00548235	0.00119259	0.102208	0.00480763	0.613019	0.127454	0.00225664	0.000933298	0.00523873	0.00297508	0.00287982	0.00595896	0.0804211	0.000356878	0.00727874
57	0.0934544	0.110291	0.0291309	0.0294922	0.0193761	0.0244868	0.0645198	0.0432483	0.0322126	0.0349295	0.0215839	0.176335	0.0149184	0.0425892	0.0279786	0.0881859	0.0861461	0.0442109	0.00395995	0.0129498
58	0.313559	0.079559	0.0141098	0.017247	0.011379	0.0305822	0.00629283	0.0973084	0.0134433	0.0506245	0.0150734	0.0127359	0.0281531	0.014937	0.0115749	0.0821009	0.0661683	0.123386	0.00211317	0.00965249
59	0.0562328	0.00952341	0.0367578	0.0571791	0.0105978	0.0342932	0.0264862	0.0225502	0.16147	0.0293814	0.0175375	0.0528023	0.0220607	0.0655975	0.101829	0.165016	0.0978186	0.0226874	0.00183239	0.00834694
60	0.0450644	0.00440895	0.335505	0.141929	0.00877595	0.0359431	0.0154492	0.00881639	0.0219216	0.00730816	0.00518174	0.130995	0.0177369	0.0314549	0.00644472	0.106856	0.0605571	0.011619	0.000859317	0.00317229
61	0.0215377	0.000922778	0.530512	0.310952	0.00253129	0.0379785	0.00268234	0.00175562	0.0151681	0.00191822	0.00139646	0.0126486	0.00414012	0.0230515	0.00126581	0.0238352	0.0042935	0.00209957	0.00034482	0.000966226
62	0.00702734	0.00357362	0.0011866	0.00239395	0.00723082	0.00145075	0.00083599	0.41706	0.00239924	0.271937	0.0351984	0.00138048	0.000439063	0.00167815	0.00266194	0.00251983	0.00827138	0.229566	0.000344451	0.0028449
63	0.0318111	0.00111245	0.47665	0.269093	0.0106393	0.0122295	0.0111148	0.00208719	0.0157955	0.00199061	0.00163432	0.0701008	0.0243655	0.0279508	0.00131766	0.0238112	0.0145164	0.00228797	0.000450015	0.00104193
64	0.0740296	0.0149999	0.0742654	0.0210976	0.00599729	0.0098663	0.00999038	0.0213428	0.0206643	0.0120972	0.0118604	0.0846884	0.00466181	0.0156663	0.00703594	0.105286	0.402198	0.0972793	0.00175378	0.00521955
65	0.0109049	0.00160799	0.000692705	0.00203414	0.00393338	0.00237873	0.00116097	0.498677	0.00115026	0.0671632	0.0211303	0.00138358	0.00103787	0.00145342	0.0021692	0.00445624	0.0113569	0.364491	0.000414181	0.00240411
66	0.0218605	0.0146487	0.0109761	0.024695	0.0043431	0.0250814	0.0178876	0.0186595	0.21205	0.0240557	0.0165155	0.0193468	0.0198058	0.0424055	0.428336	0.038222	0.0359068	0.014963	0.00123531	0.00900549
67	0.081958	0.00205054	0.091395	0.216205	0.00225793	0.0469243	0.0362421	0.00490253	0.00852599	0.00497282	0.0029563	0.0641106	0.0440506	0.00879524	0.00464814	0.245091	0.127006	0.00542632	0.0005787	0.00190299
68	0.0090446	0.00983873	0.00294823	0.0175539	0.00148146	0.00855906	0.0145769	0.00960523	0.327657	0.0119358	0.0106097	0.0122111	0.00751359	0.0503892	0.427438	0.0227598	0.0461912	0.0039316	0.000385015	0.00536916
69	0.0128264	0.00289896	0.000875948	0.00176368	0.00421571	0.0025152	0.000805463	0.500344	0.00121437	0.0663392	0.0212491	0.00102025	0.000463684	0.00152892	0.00209169	0.00534562	0.0125862	0.359292	0.000301903	0.00232169
70	0.0302776	0.00728425	0.0239128	0.0511491	0.00837212	0.0187563	0.023692	0.0242704	0.263889	0.0337001	0.0235201	0.0264802	0.0184466	0.0707136	0.235768	0.0567833	0.05041	0.0232892	0.00138084	0.00790439
71	0.0940317	0.0222127	0.0116193	0.0129686	0.00386196	0.086943	0.0885196	0.0265848	0.0100411	0.110562	0.0684605	0.0342427	0.00712111	0.0393785	0.0108039	0.243252	0.103835	0.00727664	0.00497289	0.0133121
72	0.0237019	0.00624759	0.0104164	0.0226355	0.332927	0.00640118	0.0378413	0.0595516	0.0125673	0.11631	0.0486141	0.0158968	0.0106697	0.0253812	0.00768701	0.0229939	0.0240046	0.0462849	0.0105262	0.159343
73	0.381736	0.138021	0.00500323	0.00673133	0.00367151	0.0240168	0.00265936	0.0618784	0.00449936	0.031709	0.00578874	0.00799507	0.0263508	0.00539933	0.00444545	0.10266	0.0951694	0.0835162	0.000875328	0.00787339
74	0.0165516	0.0148596	0.0166156	0.0685051	0.0209361	0.0126693	0.144862	0.0151269	0.0863736	0.0273566	0.0914112	0.106355	0.00720035	0.237686	0.0185347	0.0483528	0.0326171	0.0227804	0.00383206	0.0073745
75	0.0509488	0.00158825	0.0111794	0.1051	0.00110861	0.00865905	0.0158141	0.0100705	0.311465	0.0186836	0.00856166	0.0246697	0.00102764	0.108038	0.165479	0.0600454	0.0921323	0.0038274	0.000483855	0.0011178
76	0.00763426	0.00351102	0.00640865	0.0333352	0.0014006	0.0127421	0.0331561	0.0262306	0.355499	0.0318008	0.016428	0.00787122	0.00318066	0.0957014	0.298116	0.0337151	0.0189214	0.0108842	0.000398844	0.00306465
77	0.0537192	0.0301376	0.0113198	0.00396191	0.0140045	0.00544512	0.00783254	0.173323	0.0407193	0.245066	0.0460112	0.0118299	0.0022764	0.0192492	0.0397722	0.0166247	0.0349634	0.237008	0.00175215	0.00498429
78	0.056843	0.00876495	0.0539659	0.0156419	0.00603756	0.0270064	0.0172029	0.0216024	0.033975	0.00984994	0.00971247	0.182698	0.00284982	0.0142513	0.0100054	0.181638	0.302975	0.0420262	0.000708616	0.00224539
79	0.0188496	0.00731724	0.0359702	0.00674434	0.0130287	0.0154521	0.00653883	0.0588509	0.013355	0.533715	0.170997	0.0115164	0.00243074	0.0197929	0.00697364	0.0124597	0.0180722	0.0336371	0.0011797	0.0131188
80	0.137838	0.01975	0.029461	0.0670638	0.00395552	0.0328676	0.00739895	0.0083403	0.0521923	0.0192242	0.0107227	0.0112247	0.374528	0.0645143	0.0369792	0.0620826	0.0363969	0.0206714	0.000864197	0.00392449
81	0.145497	0.00905535	0.0148467	0.046299	0.00289342	0.0105785	0.00278679	0.00602119	0.0477239	0.0195113	0.00643661	0.003906	0.515709	0.045107	0.0509576	0.0298669	0.0139856	0.0259842	0.000693303	0.00214007
82	0.0322266	0.00276457	0.0379499	0.0462841	0.00392189	0.303736	0.0492619	0.00820128	0.0323426	0.00876352	0.00544462	0.157199	0.00638531	0.0353267	0.0233987	0.186056	0.0465008	0.00950352	0.000970885	0.0037622
83	0.00682431	0.0024404	0.007391	0.0387659	0.00161945	0.0136953	0.019822	0.0294461	0.330088	0.0558273	0.020703	0.00481059	0.00132602	0.130066	0.256258	0.0473822	0.0147215	0.0163581	0.000519472	0.00193532
84	0.0276655	0.013786	0.0184938	0.0259696	0.0762241	0.01373	0.144988	0.0230914	0.0292424	0.0238609	0.0180322	0.0434823	0.0622771	0.255895	0.0134318	0.0358628	0.0824344	0.0744865	0.00261599	0.0144302
85	0.0272293	0.00865941	0.0221319	0.0486411	0.00761047	0.0220961	0.023617	0.0236083	0.273541	0.0396701	0.0227714	0.0278267	0.0131676	0.0751058	0.233879	0.0521962	0.0465778	0.0234656	0.00098688	0.00721775
86	0.00276123	0.00054002	0.000780114	0.00310762	0.00243419	0.00128245	0.000756825	0.524826	0.000911422	0.172965	0.0188785	0.00102321	0.000451341	0.00109653	0.00232406	0.00201303	0.00800699	0.254934	0.000192749	0.000715045
87	0.0130931	0.000493326	0.000639034	0.001232	0.00318835	0.00236951	0.000732534	0.503694	0.000724863	0.0272568	0.0193867	0.000781718	0.000386233	0.000934192	0.00127809	0.00503836	0.0110471	0.405108	0.000145572	0.00246993
88	0.00793871	0.00466792	0.000856401	0.00223856	0.0192065	0.00192351	0.000808616	0.473996	0.00155552	0.133117	0.0239543	0.00115653	0.00052604	0.00116973	0.0024014	0.00502663	0.0134397	0.302143	0.00158664	0.00228749
89	0.019419	0.00828809	0.00932067	0.00945837	0.0312677	0.00887968	0.00834884	0.120424	0.0172812	0.489745	0.0875639	0.00569274	0.00379623	0.0168316	0.0141044	0.0164598	0.0173696	0.0983493	0.00172949	0.0156702
90	0.0531156	0.00630037	0.342784	0.201015	0.0109308	0.0283953	0.0161175	0.0172326	0.0263325	0.0255104	0.0128379	0.0542537	0.0157945	0.0439277	0.00950801	0.0629418	0.0470761	0.0191648	0.00105657	0.00570528
91	0.0638424	0.00511156	0.209818	0.243447	0.0111482	0.0315793	0.0211026	0.0234302	0.0565145	0.0180353	0.00802579	0.0356421	0.0201231	0.0707526	0.0275219	0.0684156	0.0536089	0.0225158	0.00113166	0.0082336
92	0.235233	0.158799	0.00483215	0.00274121	0.00708248	0.0109194	0.00190428	0.152368	0.00521059	0.0553416	0.011264	0.00658296	0.00395162	0.00266159	0.00627872	0.054731	0.101836	0.173909	0.000478709	0.00387405
93	0.0521903	0.00385167	0.374519	0.223483	0.00938137	0.0273913	0.0133788	0.0144368	0.0296333	0.0174812	0.00915862	0.0464523	0.0153691	0.0472802	0.011046	0.0518546	0.0320718	0.0154758	0.00121426	0.00433103
94	0.53966	0.0484262	0.00458684	0.00533701	0.00164136	0.073733	0.00266881	0.0180265	0.00427845	0.00978569	0.00362346	0.00821424	0.00968079	0.0111591	0.00846392	0.185187	0.0360809	0.0208886	0.0032727	0.00528563
95	0.0173185	0.0103089	0.00791535	0.00656047	0.02818	0.00682547	0.00552127	0.167599	0.00889779	0.444504	0.113782	0.00488262	0.00223944	0.0107332	0.00603031	0.010015	0.0128649	0.120403	0.00166216	0.0137563
96	0.0737415	0.0170442	0.0282564	0.0267998	0.00769235	0.0233023	0.0113044	0.0178244	0.0246001	0.0164705	0.00954103	0.0513418	0.00946457	0.0157857	0.01592	0.31466	0.306121	0.0222464	0.000924342	0.00695888
97	0.0972065	0.0026906	0.0799985	0.238382	0.00223868	0.0353751	0.0248771	0.00401913	0.00362802	0.00445677	0.00313984	0.0253605	0.0748868	0.00391406	0.002673	0.262078	0.128441	0.00390839	0.000549233	0.0021774
98	0.591042	0.0395072	0.00123452	0.00346604	0.000753511	0.0927366	0.00098161	0.0153585	0.00371119	0.00463427	0.00123327	0.00500688	0.0070579	0.0110023	0.00953617	0.167399	0.0214752	0.0156714	0.00375988	0.00443303
99	0.456281	0.0490346	0.0120764	0.014283	0.00308269	0.0747388	0.0069654	0.0214348	0.0100043	0.0162115	0.00645447	0.0199886	0.0166344	0.0151252	0.0119333	0.178006	0.0508679	0.0261612	0.00249806	0.00821893
100	0.0362693	0.0112997	0.0334037	0.0461329	0.180079	0.0134895	0.0501279	0.0436006	0.0322201	0.0723721	0.039558	0.0433274	0.0249334	0.145973	0.0187959	0.046586	0.0468704	0.0474841	0.00637112	0.0611065
101	0.0525952	0.00782085	0.116736	0.175181	0.0132793	0.0297637	0.0456395	0.0201486	0.0673572	0.0188067	0.0203838	0.0839735	0.012156	0.161184	0.0323971	0.0583033	0.0515942	0.0240868	0.000923334	0.00766903
102	0.450387	0.0743249	0.00841533	0.0103234	0.00306127	0.0465057	0.0028082	0.041542	0.00823258	0.0223893	0.00490296	0.0105572	0.0225874	0.010562	0.00817861	0.143776	0.0628404	0.0606516	0.00201763	0.00593708
103	0.0157987	0.0105823	0.0152477	0.0028194	0.00439971	0.0145656	0.00241694	0.0406476	0.00361592	0.580208	0.238117	0.00453148	0.00144882	0.00936422	0.00304589	0.00545438	0.0133271	0.0218169	0.000524519	0.0120672
104	0.00859469	0.00982344	0.00465983	0.018052	0.00159058	0.0105631	0.0147403	0.0131328	0.284516	0.0160993	0.0136762	0.0136969	0.00860048	0.0432831	0.468391	0.027157	0.0290261	0.00767953	0.000309195	0.00640815
105	0.00792123	0.0101766	0.00552132	0.0169896	0.00264251	0.0105043	0.0185125	0.0172131	0.250349	0.0276682	0.0302412	0.0154975	0.00887472	0.0459799	0.453511	0.0271162	0.0255733	0.0174754	0.000727727	0.00750537
106	0.0156923	0.00485211	0.00106296	0.00221112	0.00304897	0.00352532	0.0012606	0.503241	0.00136885	0.068569	0.0207814	0.00134313	0.000933995	0.0023335	0.0027179	0.00588202	0.0212865	0.33759	0.000205681	0.00209411
107	0.0129935	0.00362709	0.00272787	0.0041928	0.0142239	0.00465421	0.00334378	0.44636	0.00357382	0.144323	0.0506374	0.00334203	0.00156173	0.00569477	0.00377803	0.00776798	0.013357	0.268137	0.000701359	0.00500203
108	0.0678852	0.0033733	0.266135	0.262609	0.00386297	0.0329238	0.0167798	0.00842395	0.0344471	0.00657549	0.00387059	0.0340736	0.0218859	0.0479698	0.0129129	0.102374	0.0571854	0.0127195	0.000540996	0.00345206
109	0.0150271	0.00760353	0.0354977	0.0038091	0.00797363	0.0205367	0.00289112	0.0997601	0.00643702	0.559773	0.158663	0.00502344	0.00188992	0.0187605	0.00382034	0.00694338	0.0107793	0.0258862	0.000561722	0.00836275
110	0.00664387	0.00252127	0.00442121	0.0206547	0.400962	0.00383871	0.0916068	0.0201474	0.00502895	0.0127015	0.00625884	0.00476608	0.00234773	0.00717817	0.00363423	0.00906841	0.00765891	0.00755344	0.0169618	0.366046
111	0.262279	0.0498457	0.0228141	0.0201653	0.00412401	0.0310363	0.0101183	0.0196164	0.0109677	0.0191605	0.012579	0.0309421	0.0144559	0.0113966	0.010366	0.278259	0.154692	0.027146	0.00107807	0.00895765
112	0.0668643	0.0014032	0.0810351	0.00656782	0.00250439	0.11687	0.026066	0.00716642	0.0273457	0.0068381	0.00243527	0.238582	0.01161	0.0407405	0.00293198	0.278916	0.0696779	0.0102422	0.000466138	0.0017377
113	0.0110566	0.00296794	0.0165251	0.0199615	0.00262335	0.00403302	0.00343731	0.00468402	0.0166008	0.00564025	0.00341838	0.00488165	0.00324282	0.00494368	0.00322901	0.459835	0.424746	0.00488792	0.000708608	0.00257789
114	0.211882	0.142233	0.0163401	0.015383	0.0102899	0.0180438	0.0101865	0.0771231	0.0135193	0.0443409	0.0136364	0.0227478	0.0147699	0.0165151	0.0103819	0.102547	0.155475	0.0955692	0.0017209	0.00729567
115	0.0268066	0.0138561	0.00972318	0.0230996	0.00651545	0.0185478	0.0235554	0.0199474	0.210977	0.0228155	0.0179778	0.0190373	0.0114768	0.0416334	0.43299	0.0384745	0.0356226	0.0163536	0.00107703	0.00951305
116	0.025034	0.00726285	0.0155101	0.0243203	0.329552	0.00758546	0.0351765	0.059586	0.0147237	0.121463	0.0418947	0.0162681	0.00724949	0.020853	0.0109913	0.024929	0.0230204	0.0498358	0.00988651	0.154858
117	0.240078	0.171948	0.00503511	0.00272822	0.00691641	0.0125445	0.00158165	0.138367	0.00509702	0.0524666	0.010841	0.0060031	0.00510559	0.00230847	0.00395377	0.0593634	0.10981	0.161627	0.000383838	0.00384227
118	0.0189297	0.00213687	0.00599082	0.0189436	0.301052	0.00246936	0.0107647	0.0677705	0.00985585	0.298332	0.0646549	0.00558146	0.00553997	0.0178902	0.00303896	0.011934	0.0116941	0.0372004	0.00846361	0.097757
119	0.448191	0.0697832	0.00656358	0.00805569	0.00469389	0.0617203	0.00321431	0.0642542	0.00753776	0.0242643	0.00727698	0.0105815	0.00833235	0.0122588	0.0102584	0.140129	0.0496045	0.0556458	0.00272674	0.00490715
120	0.432561	0.118524	0.0047097	0.00638288	0.00355996	0.0468707	0.00304747	0.0546191	0.00443137	0.0241596	0.00497123	0.00719414	0.0199313	0.00690274	0.00605405	0.117723	0.0637307	0.0661651	0.0019639	0.00649696
121	0.053666	0.0178185	0.0725452	0.0461478	0.0193443	0.0567905	0.0528587	0.0300316	0.0370774	0.027196	0.0186474	0.228968	0.0130628	0.0472448	0.0228689	0.124756	0.0869752	0.0317397	0.00257923	0.0096813
122	0.0487049	0.00226892	0.0781585	0.0195669	0.0348744	0.0033251	0.0266375	0.097509	0.00523722	0.0495395	0.0621549	0.137641	0.00212479	0.11695	0.00267965	0.113378	0.0987266	0.0692026	0.000653902	0.0306674
123	0.0431954	0.0173766	0.0233935	0.027604	0.0829433	0.0231279	0.0225988	0.0935898	0.0253653	0.0356304	0.0246266	0.0340329	0.0952896	0.0381216	0.0189113	0.211455	0.127707	0.0357927	0.00317105	0.016067
124	0.0844255	0.0020295	0.0887459	0.245617	0.00194163	0.0397432	0.0319407	0.00401655	0.00357585	0.00455129	0.00282197	0.0363593	0.0542341	0.00386165	0.00266271	0.257501	0.130052	0.00354779	0.00054629	0.00182637
125	0.0345748	0.00125163	0.011411	0.0905801	0.0011674	0.0128023	0.01929	0.0183141	0.326245	0.0273372	0.0136819	0.0162517	0.00117289	0.111095	0.195175	0.0552755	0.0547109	0.00828862	0.000330811	0.00104384
126	0.00896768	0.000594439	0.000535037	0.00185433	0.00309218	0.00211029	0.000614452	0.514103	0.00073859	0.0806524	0.021096	0.000761191	0.000334838	0.00089537	0.00182728	0.00403499	0.0105154	0.345309	0.000143205	0.0018203
127	0.0258114	0.0136605	0.0110278	0.015603	0.180914	0.00717191	0.0141559	0.194901	0.0109542	0.166363	0.0564668	0.0141375	0.00777824	0.0205992	0.00631735	0.0279382	0.0312597	0.130413	0.00682233	0.0577052
128	0.0311498	0.00123875	0.470862	0.299678	0.00517884	0.0261803	0.00752115	0.00369813	0.0200883	0.00266213	0.00198479	0.0317765	0.0113678	0.0353879	0.0030911	0.026633	0.014866	0.00460405	0.000323856	0.00170802
129	0.435769	0.0489972	0.00522232	0.0127303	0.00261935	0.0387897	0.00277781	0.0114037	0.0111935	0.016848	0.00448319	0.00450697	0.195274	0.012087	0.0114098	0.0932867	0.0446126	0.0344987	0.00112525	0.0123651
130	0.00400793	0.00163402	0.000900071	0.00263623	0.00433069	0.00122908	0.000797689	0.472807	0.00154372	0.234519	0.0252307	0.00109112	0.000478871	0.00126675	0.00231318	0.00205976	0.00709835	0.234138	0.000239531	0.00167872
131	0.0628123	0.0129306	0.0601295	0.0932213	0.0234984	0.0298966	0.0374498	0.0348845	0.085237	0.0495172	0.0331384	0.044529	0.0183696	0.17522	0.0567154	0.0714216	0.0568869	0.0371889	0.00195896	0.0149937
132	0.155469	0.030532	0.0461647	0.0472905	0.0124294	0.0503713	0.0209961	0.0305968	0.032068	0.0307427	0.0176139	0.0528889	0.0229538	0.032393	0.0247901	0.232158	0.115908	0.0316575	0.00232132	0.0106553
133	0.0195108	0.0145049	0.00917616	0.019526	0.00485668	0.0164358	0.0196146	0.0189415	0.212913	0.0241683	0.0198707	0.0215507	0.0142179	0.0416229	0.439307	0.0349164	0.0394254	0.0174112	0.0010533	0.0109769
134	0.344502	0.139774	0.00862625	0.00858976	0.00478145	0.0362874	0.00542641	0.0733875	0.00720306	0.0321341	0.00903578	0.0133936	0.0186697	0.00959696	0.00827911	0.109254	0.080686	0.0817205	0.00140934	0.00724262
135	0.47091	0.0968598	0.00353428	0.00632227	0.00204821	0.0365044	0.0022297	0.0341714	0.00320068	0.0206356	0.00377582	0.00521477	0.0273183	0.00561056	0.0039099	0.147307	0.0705848	0.0511866	0.00137628	0.00729884
136	0.00842732	0.00127406	0.000949514	0.00198208	0.00314707	0.00181683	0.000769871	0.505577	0.00176651	0.115423	0.0265078	0.00122404	0.00040802	0.00143053	0.00425058	0.00351676	0.00991829	0.309871	0.000184337	0.00155525
137	0.00759705	0.0035527	0.00107209	0.00165868	0.00587143	0.00125307	0.000758956	0.328626	0.00220139	0.378684	0.0412413	0.00115249	0.000409647	0.00130437	0.0015678	0.00181051	0.00487013	0.211908	0.000213375	0.00424685
138	0.0320803	0.0146155	0.012706	0.0342031	0.00681861	0.0201135	0.0168146	0.0206699	0.188639	0.0291981	0.0182194	0.0251192	0.0129426	0.0453094	0.354235	0.0552377	0.0819015	0.0208933	0.00140987	0.00887403
139	0.00588501	0.00220435	0.00358339	0.0155325	0.461457	0.0034991	0.0707796	0.0223017	0.00424786	0.0193321	0.0110436	0.00475538	0.0024655	0.00728967	0.00472591	0.0094998	0.0071568	0.00932543	0.012399	0.322516
140	0.0741465	0.00285197	0.0217373	0.0214908	0.0109641	0.106864	0.00428119	0.00432975	0.0459967	0.00578288	0.0200153	0.0703782	0.0172883	0.0223563	0.0553546	0.255833	0.243583	0.00627007	0.000459366	0.0100161
141	0.00271905	0.00944871	0.00170745	0.00235409	0.00123252	0.00752139	0.0115871	0.00727978	0.324182	0.00380673	0.0139573	0.0133556	0.0149285	0.0178497	0.522464	0.0159544	0.020763	0.00256078	0.000354465	0.00597331
142	0.0285843	0.0134102	0.00316808	0.00131816	0.0145619	0.00201034	0.0017619	0.210859	0.00788405	0.440717	0.0554906	0.00268369	0.000652515	0.00420236	0.00559042	0.00682313	0.0138497	0.179407	0.000597527	0.00642785
143	0.0685479	0.00298392	0.0220578	0.0212985	0.00976394	0.101932	0.00400664	0.0042046	0.0506827	0.00513549	0.0172847	0.06476	0.0205524	0.0227123	0.052796	0.278687	0.235262	0.00514959	0.00047377	0.0117085
144	0.0356949	0.00132053	0.452366	0.25829	0.0136379	0.00611451	0.0146966	0.0026997	0.0173962	0.0024865	0.00237938	0.0842404	0.0316485	0.0345348	0.00146213	0.0201225	0.016747	0.00265578	0.000428009	0.00107843
145	0.149849	0.00121724	0.137119	0.206288	0.00182539	0.0597594	0.0195329	0.0119837	0.0865739	0.0104155	0.00115967	0.0307461	0.0148168	0.078972	0.0448335	0.0828235	0.0365694	0.0238927	0.000178405	0.00144284
146	0.0439472	0.00439569	0.117771	0.288323	0.0044109	0.00338182	0.0379903	0.0145809	0.0299535	0.0187199	0.0236156	0.0136068	0.00411198	0.28149	0.00650357	0.028042	0.0444846	0.0276357	0.000634632	0.00639958
147	0.00276123	0.00054002	0.000780114	0.00310762	0.00243419	0.00128245	0.000756825	0.524826	0.000911422	0.172965	0.0188785	0.00102321	0.000451341	0.00109653	0.00232406	0.00201303	0.00800699	0.254934	0.000192749	0.000715045
148	0.0360287	0.00578565	0.0113615	0.0087325	0.00822832	0.00354811	0.00664335	0.109703	0.0567805	0.373287	0.0847381	0.0122712	0.0042445	0.0361286	0.0424941	0.0126647	0.0288346	0.150874	0.00053626	0.00711533
149	0.0532897	0.00127267	0.0128837	0.112487	0.00092578	0.0099196	0.0180267	0.0116589	0.290819	0.0212814	0.0102494	0.0249797	0.000753956	0.103059	0.176873	0.0632306	0.0833653	0.00378011	0.000314313	0.000830556
150	0.00328613	0.020619	0.00232829	0.0023967	0.00165153	0.0104815	0.0171375	0.0091248	0.215326	0.00908691	0.0118497	0.0143222	0.00745036	0.0267181	0.579759	0.0219076	0.0287872	0.00384411	0.000554271	0.0133698
151	0.00931783	0.00415846	0.00182291	0.000818533	0.0142964	0.00111822	0.000686029	0.143055	0.00403056	0.623687	0.0735012	0.00114279	0.000464991	0.00157716	0.00188193	0.00142818	0.00206186	0.108604	0.000201176	0.00614615
152	0.0187228	0.00147469	0.0141955	0.0365449	0.0153067	0.00683976	0.0056091	0.0378218	0.12027	0.249729	0.123863	0.0207549	0.00534926	0.0943881	0.0574151	0.0273434	0.0489669	0.101154	0.000536107	0.0137156
153	0.063367	0.00426518	0.139861	0.290937	0.00754517	0.00134612	0.0224795	0.0275919	0.0593089	0.00924723	0.00657768	0.0169955	0.00611558	0.154241	0.0126421	0.0482954	0.0886402	0.0282693	0.00023483	0.0120395
154	0.0131485	0.000495785	0.000602094	0.00121488	0.00318101	0.00236258	0.000731933	0.503869	0.00070367	0.0269278	0.0194239	0.000766442	0.000385761	0.00094202	0.00127401	0.00502992	0.0110152	0.405313	0.000141293	0.00247182
155	0.219603	0.1912	0.00478148	0.00228497	0.00468838	0.00901983	0.00164613	0.174974	0.005433	0.0522205	0.0070461	0.00701776	0.00245975	0.00228261	0.00601989	0.059432	0.0870369	0.160232	0.000364945	0.00225598
156	0.0686228	0.0162154	0.0779959	0.0269507	0.0035336	0.00888967	0.00831565	0.0159692	0.025429	0.006982	0.00933132	0.131358	0.00173882	0.0160606	0.00471772	0.15628	0.364886	0.0538967	0.000751368	0.00207572
157	0.0374855	0.00124512	0.452094	0.255138	0.0124627	0.00585852	0.0131156	0.00256209	0.019207	0.00237383	0.00215484	0.0866595	0.0333871	0.0308199	0.00163717	0.0209644	0.0184205	0.00274501	0.000466009	0.00120331
158	0.0216161	0.000936952	0.531139	0.309358	0.00255254	0.0381958	0.00271298	0.00180448	0.0154407	0.00192509	0.00140169	0.0128925	0.00421098	0.0228426	0.00127832	0.0239428	0.00431408	0.00210897	0.000345081	0.000981123
159	0.522505	0.0318103	0.00169329	0.00380608	0.00133942	0.201691	0.00164037	0.0192305	0.00735136	0.00499978	0.00200194	0.00656278	0.0074658	0.0123923	0.0137194	0.12599	0.0131782	0.0124861	0.00322424	0.0069125
160	0.0107336	0.00429591	0.00234752	0.00091028	0.0136844	0.00126788	0.000870108	0.142938	0.00554456	0.615468	0.0742547	0.00150299	0.000459912	0.00230893	0.00287181	0.00171606	0.00288479	0.109777	0.000231686	0.00593134
161	0.115028	0.00229273	0.143098	0.25567	0.00345827	0.0310623	0.0186723	0.0159205	0.0763905	0.0079201	0.00274755	0.0213287	0.0106495	0.103995	0.0304198	0.067701	0.0623551	0.026325	0.00021018	0.00475505
162	0.244354	0.0398994	0.0416967	0.0940872	0.00910018	0.0275455	0.0163437	0.0310589	0.0448	0.0618201	0.019609	0.0232605	0.0222372	0.0457789	0.0275913	0.0957202	0.0953105	0.0447453	0.00298294	0.0120588
163	0.00411875	0.00216716	0.000807817	0.00261389	0.00277549	0.00115354	0.000800135	0.444608	0.00128127	0.261264	0.0235947	0.0010962	0.000468142	0.00110596	0.00198566	0.00167632	0.00624169	0.239745	0.000204492	0.00229203
164	0.00512807	0.000528486	0.000642945	0.00345772	0.00252659	0.00166572	0.000640492	0.516374	0.000792797	0.13647	0.0191546	0.000798861	0.00038052	0.000961837	0.00187567	0.00258542	0.0108285	0.293906	0.000160357	0.00112227
165	0.0257756	0.00325274	0.00945726	0.0332257	0.310173	0.00288983	0.0172838	0.0753554	0.0114643	0.167158	0.0777567	0.0101212	0.00585571	0.025021	0.00239243	0.0232721	0.0148854	0.0418121	0.0104862	0.132361
166	0.172192	0.118104	0.00606449	0.00512498	0.0113603	0.0108087	0.00371354	0.14023	0.00938659	0.0902878	0.0154861	0.0088894	0.00392403	0.00561544	0.00761354	0.0953294	0.149176	0.141608	0.000971659	0.004115
167	0.46893	0.0550797	0.0093809	0.00730382	0.00142868	0.0490422	0.00601361	0.0106311	0.00360439	0.0127478	0.00724205	0.00992878	0.00925734	0.00971661	0.00727222	0.249465	0.0561893	0.0168687	0.00231412	0.00758343
168	0.0243287	0.000914461	0.500246	0.3259	0.00265738	0.0363552	0.00361895	0.00210966	0.0175604	0.00257528	0.00154584	0.0135104	0.00445029	0.0281186	0.00171093	0.0233176	0.00739302	0.00231298	0.000351639	0.0010223
169	0.0629976	0.00798756	0.0408014	0.0384103	0.00712354	0.233632	0.0356635	0.0167311	0.0329744	0.0164785	0.00946154	0.160446	0.0119805	0.0346138	0.0279082	0.169851	0.0676515	0.0178555	0.00121086	0.00622245
170	0.0425061	0.00550203	0.385358	0.215479	0.0147216	0.0254891	0.0132594	0.0137381	0.025144	0.0175006	0.0104559	0.0551818	0.0162763	0.0384913	0.00824284	0.0527994	0.0383437	0.0156496	0.00092873	0.00493196
171	0.01221	0.00565191	0.00518755	0.00131881	0.0115654	0.00461031	0.000983126	0.115288	0.0042545	0.604715	0.120507	0.0024115	0.000738442	0.0041205	0.00240983	0.00231895	0.00460336	0.0894673	0.00023098	0.00740822
172	0.0162485	0.012282	0.01019	0.0203517	0.00334292	0.0167885	0.0221845	0.0149939	0.21707	0.0245795	0.0157142	0.0176913	0.00898444	0.0418775	0.470872	0.0331633	0.0312609	0.012113	0.000697735	0.00959375
173	0.0255107	0.010061	0.0248537	0.021918	0.0151328	0.0339827	0.123909	0.0130185	0.104936	0.0174984	0.0222843	0.127316	0.00907767	0.162963	0.0142815	0.212244	0.0362129	0.0156088	0.00262367	0.00656868
174	0.539889	0.0339466	0.00132395	0.00294973	0.000998938	0.181626	0.00129295	0.0176309	0.00688303	0.00358721	0.00127878	0.0057967	0.00680551	0.0125865	0.0135722	0.135695	0.0129657	0.0119786	0.00344527	0.00574768
175	0.003429	0.00119527	0.000758138	0.00286169	0.00254767	0.00121153	0.000760009	0.484823	0.00104917	0.217164	0.0210503	0.00104963	0.000451916	0.00108442	0.00210342	0.00184056	0.0070885	0.247924	0.000184884	0.00142315
176	0.0531824	0.0140691	0.0833391	0.0559365	0.0166377	0.0519455	0.0524356	0.0238957	0.03951	0.0269224	0.0211185	0.219492	0.0153295	0.0437855	0.0280909	0.120861	0.093424	0.0282664	0.00249126	0.00926673
177	0.305325	0.0946643	0.0152922	0.0110949	0.00632618	0.0435523	0.0122898	0.0640734	0.00852031	0.0284449	0.00980947	0.0644782	0.00776802	0.0150884	0.0114317	0.176591	0.0674956	0.046437	0.00248829	0.00882967
178	0.025561	0.00781107	0.00466601	0.00148005	0.0135136	0.00354882	0.00189641	0.134425	0.00932697	0.560407	0.0841646	0.00357888	0.000699299	0.00591025	0.00643263	0.00473223	0.00893611	0.11506	0.000348049	0.00750166
179	0.0623589	0.0114534	0.0541858	0.0932918	0.0244525	0.0258832	0.0414301	0.0317067	0.0922733	0.0438132	0.0296381	0.0492559	0.0191896	0.169583	0.0651357	0.0702272	0.0621309	0.0377507	0.0023161	0.0139235
180	0.4932	0.0640787	0.00573088	0.00703854	0.00121273	0.0522806	0.00536394	0.0137069	0.00275199	0.0172642	0.00487033	0.00745862	0.0193956	0.00811563	0.00583617	0.2022	0.0551218	0.0233684	0.0021528	0.00885259
181	0.193484	0.194211	0.0111931	0.00751968	0.0066967	0.0107597	0.00412125	0.104844	0.00856286	0.0459525	0.00957335	0.012222	0.00700225	0.00614202	0.00638114	0.0888929	0.145952	0.131085	0.00149264	0.00391166
182	0.4643	0.0411578	0.00344191	0.00554031	0.00229327	0.191441	0.00347124	0.027612	0.00775029	0.0105286	0.00340724	0.00693889	0.050587	0.00991624	0.0106465	0.0985842	0.0293305	0.0209099	0.00207114	0.0100726
183	0.0225925	0.000922367	0.00536511	0.0231874	0.355435	0.00146271	0.0153496	0.0641767	0.0098322	0.175824	0.0747218	0.00570549	0.00539507	0.0206997	0.00160449	0.0113355	0.0112044	0.0390315	0.00988494	0.146269
184	0.00854806	0.0024535	0.0197684	0.0793454	0.0032956	0.449186	0.0441478	0.00555738	0.0406307	0.00641731	0.00386698	0.0811193	0.00218852	0.0372939	0.0407634	0.138153	0.0262055	0.00662331	0.000787639	0.00364812
185	0.0272949	0.00112299	0.00753983	0.0270502	0.309183	0.00148043	0.0156418	0.0725711	0.012955	0.193085	0.0744417	0.00787887	0.00691871	0.023653	0.00175748	0.0126858	0.0132771	0.0454904	0.0112148	0.134758
186	0.0130587	0.000502664	0.000639272	0.00123085	0.00316945	0.00236929	0.000724329	0.503403	0.0007191	0.0275396	0.0192621	0.0007784	0.000383131	0.000934316	0.00125785	0.00500311	0.0109943	0.405422	0.000142486	0.00246583
187	0.0218974	0.00276341	0.0774318	0.0046339	0.00525885	0.0410439	0.0122485	0.00611298	0.0121392	0.00715044	0.00387733	0.422391	0.0045887	0.0151116	0.00580441	0.21283	0.132803	0.0084641	0.000867252	0.00258161
188	0.1541	0.000998988	0.141336	0.193123	0.00183771	0.0633429	0.0198312	0.0121828	0.0890848	0.0111508	0.000958732	0.0333251	0.015002	0.0744087	0.0490511	0.0817018	0.0338973	0.023506	0.000161249	0.00100014
189	0.069776	0.00326512	0.155407	0.342498	0.00459147	0.00354316	0.0170348	0.018934	0.0575909	0.00581156	0.00449427	0.0145033	0.00658056	0.126385	0.0115827	0.0432915	0.0841763	0.0227476	0.000276284	0.00751081
190	0.110325	0.0253596	0.0373839	0.0560037	0.0217539	0.102234	0.0506827	0.0102468	0.0288414	0.0324244	0.0154906	0.0757828	0.00825883	0.0482028	0.0416826	0.210088	0.0729583	0.0137657	0.000764041	0.037751
191	0.013809	0.003659	0.000901807	0.00276606	0.00627047	0.00303531	0.00178254	0.484376	0.00148729	0.0836537	0.0212828	0.00169325	0.00118571	0.00267719	0.00243642	0.00561113	0.0134793	0.346181	0.000637758	0.00307353
192	0.026641	0.000948232	0.0059225	0.0266455	0.329745	0.0015434	0.0134349	0.0700993	0.0115315	0.188901	0.0727345	0.00689454	0.00706647	0.0225512	0.00206218	0.0128172	0.0133974	0.0414932	0.0119854	0.133586
