360	20
1	0.282839	0.0265836	0.000843033	0.00109818	0.120182	0.070499	0.000918814	0.0302464	0.000591102	0.0576592	0.0779156	0.00604212	0.00988669	0.00166879	0.000795217	0.123101	0.0977373	0.0539709	0.0207531	0.0166683
2	0.554841	0.0155551	0.000409553	0.000610997	0.00534573	0.111912	0.000575717	0.00428749	0.000324139	0.0100217	0.0113143	0.00207184	0.000984237	0.00484439	0.00173017	0.21032	0.043622	0.0174629	0.000866518	0.00290055
3	0.043417	0.0154107	0.000193826	0.000858203	0.0340209	0.0079133	0.000529215	0.248319	0.000171068	0.247411	0.089665	0.000842182	0.000359792	0.0010689	0.000175987	0.0110933	0.0333161	0.251859	0.00809522	0.00528076
4	0.0436417	0.028706	0.000881384	0.00285059	0.16258	0.0384528	0.000829896	0.197186	0.000446723	0.259181	0.0211442	0.00249095	0.00465123	0.00141106	0.00053848	0.0130928	0.0231832	0.175569	0.0207665	0.00239754
5	0.0406026	0.000645854	0.00317264	0.0111621	0.209596	0.0218351	0.00239584	0.0133175	0.00572411	0.0491269	0.0206671	0.0122223	0.00247989	0.00692627	0.00276347	0.0214973	0.020179	0.0185973	0.396877	0.140211
6	0.261084	0.00580748	0.00474433	0.00280967	0.0691669	0.0533664	0.00209584	0.0809379	0.00113334	0.319928	0.058535	0.0058898	0.00581827	0.00267684	0.00115235	0.0385087	0.0146105	0.0616153	0.0058599	0.00425979
7	0.0467641	0.00223055	0.000219573	0.00041774	0.0395088	0.00264034	0.000552072	0.31708	0.000224716	0.130933	0.0495515	0.00060787	0.0008248	0.000713226	0.000295485	0.00391224	0.025061	0.372427	0.00231399	0.00372188
8	0.0545454	0.000515419	0.000246304	0.00049406	0.0438733	0.00506749	0.000681624	0.313444	0.000248019	0.123018	0.0405641	0.000676882	0.00196262	0.000801649	0.000306845	0.00247137	0.0203736	0.386225	0.0014879	0.00299724
9	0.0807364	0.000469202	0.000425667	0.00041475	0.00112748	0.839005	0.000569908	0.00175584	0.000218082	0.00769508	0.0061014	0.00118582	0.000433932	0.00283797	0.000363495	0.0376346	0.00897764	0.00879088	0.000607729	0.00064931
10	0.0866232	0.000652333	0.000717659	0.00134332	0.0281668	0.0557186	0.000966291	0.106061	0.000802802	0.173142	0.304163	0.00187444	0.00828283	0.00196869	0.000846653	0.0378253	0.114405	0.0725447	0.00190436	0.00199072
11	0.200813	0.019166	0.000167147	0.000524076	0.0278969	0.0635565	0.000228012	0.111053	0.000144947	0.172127	0.0179708	0.000610774	0.00313815	0.000358938	0.00016159	0.110723	0.119985	0.148563	0.00238666	0.000426105
12	0.162269	0.00502847	0.000526075	0.000931256	0.0489087	0.0215055	0.00126446	0.182197	0.000314928	0.253281	0.0620151	0.00605553	0.00292098	0.000933947	0.000723599	0.0190766	0.0378625	0.181932	0.00505885	0.00719502
13	0.19409	0.00526344	0.000509255	0.000637905	0.00289943	0.633072	0.00176502	0.00967315	0.000313551	0.0163429	0.0117547	0.00188954	0.00269981	0.00268543	0.000938491	0.0548987	0.0334707	0.0242934	0.00157321	0.00122999
14	0.0355151	0.0135844	0.0319311	0.0174029	0.094029	0.00759954	0.00212257	0.0916197	0.00111796	0.218536	0.0213403	0.00650508	0.00229457	0.0155043	0.00123357	0.0248436	0.103276	0.296025	0.0121831	0.00333632
15	0.0188491	0.00108562	0.000472382	0.00225852	0.19255	0.00826196	0.000992011	0.216677	0.000655223	0.263388	0.0598714	0.00229359	0.00406804	0.00122455	0.000449997	0.00354712	0.0274305	0.110999	0.0319024	0.0530243
16	0.237711	0.00351616	0.00134681	0.00235927	0.0178493	0.0170514	0.00148813	0.165726	0.000927084	0.204876	0.0621073	0.0255589	0.0014385	0.00466502	0.000944079	0.050611	0.0378318	0.139064	0.00338722	0.0215402
17	0.489315	0.00839444	0.00464031	0.000802568	0.00384838	0.0971892	0.000904923	0.00507609	0.000400361	0.00722044	0.00685564	0.00567374	0.0132499	0.00416333	0.00499381	0.278647	0.0407032	0.0214952	0.000910807	0.0055161
18	0.197142	0.00413626	0.00225018	0.0023745	0.0881932	0.0287534	0.00306297	0.110798	0.00141674	0.136212	0.028084	0.00447985	0.00264666	0.0192196	0.00210684	0.186602	0.011032	0.0945774	0.0395579	0.0373545
19	0.0292261	0.000931683	0.00981471	0.285541	0.00385633	0.0180346	0.0111514	0.0051426	0.120991	0.0264426	0.00781237	0.0193475	0.0335057	0.302621	0.0503919	0.020153	0.0375636	0.00967132	0.00171208	0.00608981
20	0.0213703	0.00572081	0.00032035	0.000391733	0.104236	0.00699837	0.000615403	0.0915987	0.000283784	0.515074	0.137254	0.000906352	0.000955833	0.0010736	0.000250785	0.0135124	0.0368774	0.0534926	0.00161743	0.00745043
21	0.214875	0.00175361	0.0285991	0.00286745	0.0534483	0.00930339	0.0398907	0.126442	0.00189041	0.0496886	0.0485349	0.021523	0.0022003	0.0212917	0.00299753	0.0450188	0.086489	0.173116	0.0325548	0.0375152
22	0.112054	0.00100478	0.0119353	0.0143273	0.231639	0.0193591	0.00312546	0.0152651	0.00176407	0.0275524	0.0234191	0.0416017	0.00155039	0.0225929	0.0118334	0.0341617	0.0208491	0.0104775	0.2392	0.156287
23	0.0917483	0.00274694	0.012745	0.0516455	0.0195396	0.0278139	0.00551714	0.127293	0.00658686	0.0613928	0.0350042	0.0134546	0.343681	0.0178784	0.00462432	0.036066	0.0380158	0.0837136	0.00544845	0.0150851
24	0.112474	0.000558442	0.254269	0.172691	0.0147968	0.0374873	0.0149448	0.010323	0.00443622	0.010288	0.0211245	0.0667349	0.00563838	0.113217	0.00922169	0.0643818	0.0433581	0.0175184	0.0155782	0.0109595
25	0.0535476	0.00394561	0.000542078	0.000802988	0.106374	0.0137964	0.000919883	0.0981634	0.00037097	0.492447	0.0785461	0.00161143	0.00153856	0.00125151	0.000546754	0.0283109	0.0525876	0.0609767	0.00144409	0.0022758
26	0.0259935	0.000804166	0.00117077	0.00135527	0.00402034	0.0328609	0.0377894	0.0152707	0.000823294	0.0164725	0.00925692	0.0533865	0.0012863	0.0204165	0.0011196	0.328261	0.404636	0.0202013	0.00273862	0.0221367
27	0.00818277	0.000796296	0.00165346	0.00186194	0.733786	0.00424368	0.00129637	0.00904557	0.00093326	0.0499146	0.0178676	0.00283504	0.0178897	0.00187176	0.000810834	0.00483949	0.00522836	0.0116067	0.0400814	0.0852553
28	0.080478	0.000460835	0.000426548	0.000415253	0.00113119	0.839658	0.000525691	0.0017262	0.000189212	0.0077115	0.00610779	0.00118184	0.000432505	0.00285106	0.000363492	0.0374242	0.00892606	0.00873551	0.000607872	0.000646913
29	0.0392391	0.000349459	0.000722237	0.00106953	0.00233424	0.00284856	0.0232811	0.0160726	0.159447	0.0314176	0.00454955	0.0135319	0.0136273	0.0227293	0.576297	0.0114495	0.0219723	0.0457089	0.0123012	0.00105166
30	0.0225133	0.00598273	0.000801745	0.00808993	0.0509231	0.00797395	0.00285396	0.22444	0.00085759	0.334323	0.0708189	0.00266022	0.00264905	0.00512906	0.000466405	0.00555955	0.0193612	0.212273	0.0156772	0.00664629
31	0.0384763	0.000394958	0.000859303	0.00132016	0.0027781	0.00316912	0.0375138	0.0158267	0.154202	0.0312711	0.00469788	0.0139019	0.013835	0.0232955	0.56572	0.0120246	0.0218615	0.0443913	0.0124263	0.00203455
32	0.0992864	0.0011765	0.0015267	0.00318892	0.0205896	0.0392422	0.00829496	0.0252587	0.00113379	0.0129778	0.0300115	0.009835	0.5347	0.0358756	0.00126379	0.0590051	0.0492541	0.057626	0.00346916	0.00628415
33	0.13176	0.00772877	0.000976625	0.0234063	0.00554646	0.0183035	0.001046	0.215685	0.000702245	0.0564926	0.0490865	0.0206835	0.00299298	0.00944183	0.000626914	0.0195429	0.0113038	0.409738	0.0018712	0.0130651
34	0.0225094	0.00103518	0.00126947	0.00124061	0.00446706	0.0148555	0.742473	0.00596934	0.000966477	0.0152094	0.00462627	0.0226385	0.00148047	0.0822631	0.00884494	0.0377341	0.00618475	0.00811458	0.0124879	0.00562972
35	0.051967	0.00471781	0.00840768	0.037504	0.0527549	0.0195077	0.00487042	0.0767757	0.00342989	0.154696	0.0314764	0.00963319	0.00722252	0.0122296	0.00285488	0.0240609	0.145998	0.296593	0.0461462	0.00915449
36	0.0299274	0.000805123	0.0178935	0.00132022	0.0110751	0.0368855	0.0155317	0.0135262	0.00889288	0.0106439	0.02027	0.561813	0.00125	0.0561487	0.0054423	0.130133	0.0542074	0.0099883	0.00377315	0.0104735
37	0.336507	0.0124878	0.000764206	0.00077585	0.00285624	0.26297	0.00665368	0.0385679	0.000467284	0.050718	0.033684	0.00146462	0.0093813	0.00233023	0.000674813	0.0446779	0.0990345	0.093363	0.00128886	0.00133246
38	0.115899	0.00315371	0.000614657	0.00458369	0.0227133	0.0238083	0.00107016	0.176479	0.000450961	0.124472	0.0920851	0.00696832	0.00220455	0.00445457	0.000683182	0.0179648	0.0385682	0.346652	0.00958287	0.00759143
39	0.158657	0.00287607	0.000816191	0.00162697	0.031343	0.0270585	0.00041108	0.232584	0.000255351	0.194239	0.0292735	0.00438776	0.00468898	0.00126463	0.000348638	0.0195593	0.0400388	0.243099	0.00356062	0.00391218
40	0.0212291	0.000921445	0.00061957	0.00200078	0.219534	0.0129673	0.0173792	0.0254575	0.000774636	0.0498997	0.0167431	0.00345442	0.00493934	0.00358736	0.0021494	0.00887637	0.00663645	0.026908	0.0836285	0.492294
41	0.080478	0.000460835	0.000426548	0.000415253	0.00113119	0.839658	0.000525691	0.0017262	0.000189212	0.0077115	0.00610779	0.00118184	0.000432505	0.00285106	0.000363492	0.0374242	0.00892606	0.00873551	0.000607872	0.000646913
42	0.0410306	0.0012411	0.00294235	0.00640798	0.215826	0.0337755	0.00234578	0.0087173	0.0112418	0.0489808	0.017444	0.00730742	0.00240192	0.00495278	0.00183305	0.0216232	0.0201186	0.0119327	0.485985	0.0538923
43	0.2012	0.0193058	0.000152225	0.00055059	0.0284695	0.0621233	0.000257878	0.115653	0.000145064	0.166645	0.0190971	0.00106919	0.003214	0.000475262	0.000159443	0.106689	0.119163	0.153066	0.00202302	0.00054152
44	0.16935	0.0125552	0.00083017	0.00184653	0.0313938	0.105588	0.00191147	0.10279	0.00131479	0.114572	0.0173473	0.00656326	0.0210817	0.00394536	0.000527075	0.133524	0.110591	0.157501	0.00310649	0.00366133
45	0.0287483	0.215611	0.00148392	0.00155912	0.00486702	0.0848574	0.00151069	0.00585755	0.000826203	0.0595116	0.0617893	0.124703	0.0122369	0.00236969	0.0013817	0.284575	0.0950676	0.00803569	0.0021046	0.00290303
46	0.335607	0.0136755	0.000698615	0.000728961	0.00302777	0.270493	0.00588295	0.0396735	0.00043581	0.0478681	0.0333925	0.00136325	0.00950093	0.00190074	0.000702153	0.0459032	0.093079	0.0935814	0.00123091	0.00125443
47	0.0698081	0.00258116	0.00408477	0.0834558	0.149221	0.121907	0.00955136	0.105601	0.00619889	0.161965	0.114298	0.0418867	0.00427566	0.0133472	0.00476752	0.0494017	0.0182677	0.0266967	0.00563989	0.00704444
48	0.043663	0.00341714	0.000472216	0.00104347	0.143865	0.016299	0.00579409	0.172694	0.00391759	0.233124	0.181573	0.00137515	0.00346679	0.00161288	0.000786986	0.00504238	0.0259923	0.104987	0.0331552	0.0177178
49	0.488766	0.0133758	0.000538581	0.000700576	0.00216771	0.410709	0.00212047	0.00441624	0.000432564	0.00664994	0.0139454	0.00390348	0.000920259	0.00120557	0.00192239	0.0306524	0.00505701	0.0102427	0.00101004	0.00126368
50	0.201249	0.0193984	0.000152065	0.000513236	0.0279297	0.0632385	0.000219303	0.113072	0.000129032	0.164711	0.0177743	0.000512073	0.00325628	0.000301762	0.00013933	0.110374	0.122539	0.152193	0.00193566	0.000363078
51	0.273936	0.024409	0.0011345	0.00162498	0.111861	0.0736295	0.00143842	0.0384399	0.000788404	0.0700948	0.0679451	0.00648571	0.00755687	0.00382519	0.000802946	0.13989	0.0735647	0.0551119	0.0243186	0.0231428
52	0.0146368	0.0007109	0.000706752	0.00101907	0.290014	0.0049793	0.0139727	0.0657959	0.000628387	0.19181	0.084453	0.00181524	0.00208551	0.00190024	0.000557661	0.0135792	0.0108061	0.0614116	0.00498016	0.234137
53	0.0284278	0.00276755	0.000567821	0.000770404	0.149767	0.0196006	0.0882206	0.00311251	0.00256818	0.0213844	0.00245361	0.00989743	0.017767	0.0122363	0.00953693	0.0186168	0.0132456	0.0180305	0.109583	0.471445
54	0.0740912	0.0106809	0.000199619	0.00111363	0.0356736	0.0133427	0.000444063	0.268109	0.000138475	0.181214	0.0801278	0.00301459	0.000350706	0.00227533	0.000251556	0.0221694	0.039153	0.251772	0.00882258	0.00705565
55	0.0769287	0.000823032	0.000783633	0.00190267	0.0162103	0.0182685	0.00149935	0.0929275	0.000620441	0.121054	0.092805	0.00194239	0.0024005	0.00561042	0.000733366	0.0165104	0.0865541	0.43587	0.0200499	0.00650667
56	0.103197	0.0011349	0.00144472	0.00397081	0.0176433	0.0365824	0.00805613	0.0263275	0.00117862	0.0124477	0.0293505	0.0113374	0.549808	0.0371161	0.00110537	0.060374	0.0385887	0.0512083	0.00333528	0.00579289
57	0.0434361	0.00038312	0.00114676	0.00133764	0.00246693	0.00423017	0.0213312	0.0163667	0.161644	0.02991	0.00493117	0.0145699	0.012048	0.0229274	0.565152	0.0133659	0.0230592	0.047507	0.0129448	0.00124194
58	0.0478192	0.00495718	0.00141047	0.00242378	0.0806771	0.0152903	0.00170361	0.0908037	0.000660424	0.365694	0.142373	0.00207141	0.00238782	0.00167047	0.000617911	0.0266215	0.0952184	0.109138	0.00434087	0.00412074
59	0.0277042	0.234048	0.00146965	0.00143911	0.00438167	0.0813168	0.00139468	0.0057814	0.000835961	0.0638383	0.0420183	0.0990767	0.00971184	0.00243501	0.00138012	0.305973	0.104767	0.00752291	0.00208736	0.00281806
60	0.149093	0.0127788	0.00104437	0.00742391	0.0268001	0.0603563	0.0336523	0.0937099	0.00317991	0.0645929	0.0697572	0.0532607	0.0136568	0.05281	0.00237872	0.117179	0.0953417	0.130194	0.00245949	0.0103299
61	0.178459	0.0250125	0.00148868	0.00214007	0.162853	0.0492028	0.00132349	0.116322	0.000887565	0.159348	0.0262504	0.00282869	0.00802155	0.00213448	0.000796334	0.0242356	0.062814	0.113132	0.0568787	0.00587156
62	0.181789	0.00104664	0.0006533	0.000815335	0.0533847	0.0450365	0.000789079	0.0975482	0.000583267	0.120537	0.0335761	0.00109222	0.000814313	0.00140386	0.000439958	0.0258888	0.0942069	0.160371	0.164697	0.0153269
63	0.185017	0.00633443	0.00236466	0.00415983	0.0808388	0.0547901	0.00311457	0.123355	0.00108893	0.284583	0.0492308	0.0157462	0.005615	0.00371045	0.00113687	0.0423033	0.0243437	0.102162	0.0056638	0.00444171
64	0.0162157	0.000845349	0.000952794	0.0024172	0.129128	0.0176845	0.00168053	0.0719173	0.00161911	0.122246	0.0285376	0.00686974	0.005586	0.00672511	0.000891615	0.0118049	0.00970261	0.0961248	0.290319	0.178732
65	0.0171262	0.00145218	0.00363079	0.00180586	0.021658	0.0163235	0.0363898	0.0359575	0.00351104	0.0356281	0.0371823	0.569497	0.00233152	0.0690867	0.00322161	0.0339291	0.0659721	0.0242446	0.0158201	0.00523186
66	0.190204	0.00382879	0.0015689	0.00109342	0.0613632	0.0272849	0.000785017	0.129357	0.000300195	0.350726	0.035645	0.00480952	0.00162831	0.00105347	0.000369438	0.0359202	0.0362739	0.111862	0.00263157	0.00329529
67	0.221768	0.018358	0.000214046	0.000514098	0.0248063	0.096155	0.000677964	0.107887	0.000216281	0.134742	0.0171848	0.000734612	0.00489313	0.000538453	0.000288991	0.106042	0.116283	0.146116	0.00194374	0.000635235
68	0.0448145	0.0175012	0.00031601	0.000999035	0.0417156	0.0147241	0.000469804	0.232989	0.00018671	0.263334	0.0807878	0.00135461	0.000800396	0.000687002	0.000183952	0.01106	0.0325372	0.241052	0.00990135	0.00458522
69	0.1108	0.00173532	0.000522182	0.00121329	0.0293064	0.0220552	0.000515128	0.25484	0.000236565	0.251207	0.00891384	0.00117716	0.00536151	0.000602449	0.000258676	0.0140091	0.0326915	0.262058	0.00124443	0.00125232
70	0.23168	0.0149448	0.00480202	0.000908769	0.0246123	0.0453455	0.000809281	0.0837129	0.000699514	0.368747	0.0394391	0.00298438	0.00169194	0.00180043	0.000713954	0.0825064	0.00902676	0.0743548	0.00892967	0.00229062
71	0.328611	0.0150539	0.000907683	0.000838352	0.00312224	0.28874	0.00570983	0.0362636	0.000435586	0.0484944	0.0333783	0.00161735	0.00880777	0.00211721	0.000783885	0.0436114	0.0894936	0.0892059	0.0013152	0.00149326
72	0.136797	0.00101504	0.00815947	0.00544774	0.0204458	0.0416919	0.00110616	0.14448	0.000545062	0.120035	0.00970693	0.00979909	0.0246382	0.00171079	0.00068847	0.0200208	0.0636515	0.386513	0.00162215	0.00192528
73	0.0406464	0.0031512	0.000649004	0.0011301	0.0523221	0.0320984	0.00163411	0.266387	0.000578145	0.106095	0.0257584	0.00160187	0.00105787	0.0074625	0.000480608	0.0348599	0.0701744	0.321718	0.0223307	0.00986354
74	0.152711	0.0252873	0.00055803	0.000942481	0.00850906	0.189687	0.000571129	0.0116079	0.000380407	0.0229221	0.00199177	0.00106859	0.000927524	0.00167136	0.00405594	0.35224	0.201009	0.0216008	0.00108634	0.00117169
75	0.0149568	0.00161583	0.00152056	0.00292193	0.0956874	0.007408	0.00265097	0.169773	0.00157907	0.475216	0.0241682	0.0268183	0.00284908	0.0133727	0.00130714	0.00927455	0.0127126	0.0575957	0.0094547	0.0691176
76	0.187725	0.00151416	0.0151129	0.00188963	0.0518312	0.0561311	0.00180508	0.0454226	0.00101288	0.225947	0.0817619	0.00301434	0.122003	0.00263912	0.00126122	0.0631983	0.00976217	0.106855	0.0177671	0.00334548
77	0.0487541	0.00132134	0.0507059	0.292389	0.00821052	0.0286109	0.00789186	0.0241715	0.0862996	0.0218501	0.0150403	0.0234409	0.0750282	0.128826	0.0577032	0.0310383	0.0428415	0.0425486	0.0047872	0.00854117
78	0.0451467	0.00114445	0.00304969	0.00578546	0.171077	0.0196618	0.0173606	0.0194742	0.00365187	0.0512082	0.0182086	0.0114341	0.00471337	0.00787619	0.0041093	0.018587	0.0153664	0.0272873	0.267367	0.287491
79	0.137135	0.00260275	0.0265257	0.0570074	0.0175386	0.0923569	0.0720977	0.0325972	0.0135846	0.112552	0.0196504	0.050798	0.00389385	0.0364576	0.0523765	0.169257	0.0251812	0.0507863	0.00519121	0.0224098
80	0.0477717	0.000822189	0.225359	0.285343	0.00703664	0.0268195	0.0225624	0.00768126	0.0393761	0.0138204	0.00972226	0.0287612	0.0162109	0.116453	0.0432352	0.0384311	0.0305691	0.0186265	0.00882465	0.0125742
81	0.0328458	0.00134392	0.000870801	0.00100607	0.214619	0.0334429	0.00159182	0.0315596	0.000604129	0.248348	0.260435	0.00214412	0.0144655	0.0131785	0.000701441	0.00591906	0.0267109	0.0166192	0.0240448	0.0695496
82	0.0391819	0.00227424	0.0302397	0.0610012	0.0139931	0.0134768	0.00409415	0.226801	0.00317142	0.0329905	0.0427663	0.0058651	0.287746	0.00737	0.00307115	0.0418672	0.021463	0.143629	0.00500036	0.0139978
83	0.109833	0.000704929	0.00066282	0.00110268	0.0308956	0.0237828	0.000469576	0.26573	0.00028429	0.213594	0.0054238	0.00137078	0.00712995	0.000683056	0.000295308	0.0113731	0.0249733	0.299727	0.000896354	0.00106782
84	0.188396	0.00169854	0.000668855	0.000888679	0.0495281	0.0607064	0.000916893	0.0929073	0.000597369	0.107279	0.0349252	0.00140006	0.00156208	0.0013649	0.000427253	0.0292066	0.101848	0.165552	0.147174	0.0129522
85	0.0381946	0.00212504	0.000934964	0.00144146	0.178331	0.0208385	0.00441092	0.144846	0.00250371	0.221443	0.127387	0.00237736	0.00524478	0.00251578	0.000624088	0.00572153	0.0220345	0.109033	0.0584928	0.051501
86	0.0922456	0.0138447	0.000690919	0.00129562	0.0584401	0.0382509	0.00066059	0.229221	0.00030618	0.198268	0.0475425	0.00828012	0.00236299	0.00180727	0.000479441	0.0263389	0.0329329	0.233362	0.00939978	0.00427089
87	0.201249	0.0193984	0.000152065	0.000513236	0.0279297	0.0632385	0.000219303	0.113072	0.000129032	0.164711	0.0177743	0.000512073	0.00325628	0.000301762	0.00013933	0.110374	0.122539	0.152193	0.00193566	0.000363078
88	0.0987262	0.000943332	0.00264069	0.00884906	0.0172033	0.0215917	0.00112956	0.163736	0.000581783	0.0581507	0.0148848	0.00400089	0.0253894	0.00515872	0.000652181	0.0107855	0.0742719	0.485814	0.00289453	0.00259514
89	0.233399	0.0155169	0.00367381	0.000987886	0.00585748	0.140087	0.000668409	0.00943212	0.000324203	0.0144814	0.00275523	0.00463017	0.0125751	0.00190264	0.00615841	0.372751	0.148065	0.0235991	0.000992979	0.00214262
90	0.0382145	0.00279082	0.0016555	0.00439897	0.0148048	0.0315951	0.00620412	0.164417	0.0028936	0.256931	0.0652606	0.0940422	0.004962	0.0358642	0.00276804	0.0383439	0.0668861	0.155877	0.00522426	0.00686593
91	0.0421564	0.00181863	0.00275816	0.00704882	0.127849	0.0351293	0.00456464	0.0145665	0.0117074	0.0546404	0.0219029	0.00736099	0.00285391	0.0086158	0.00217984	0.0247946	0.0258451	0.020663	0.537392	0.046152
92	0.0206212	0.000661448	0.000520332	0.00129483	0.23646	0.00675591	0.0114362	0.0621739	0.000538783	0.0808968	0.0356695	0.00124146	0.00104351	0.00126568	0.000526702	0.00977548	0.00839708	0.0606785	0.0319347	0.428108
93	0.016712	0.000399916	0.000445977	0.000747967	0.295885	0.0020951	0.0147026	0.0822672	0.000442444	0.114931	0.0603069	0.00102084	0.000717838	0.000965474	0.000393225	0.0115247	0.0112468	0.0816326	0.00321037	0.300353
94	0.0953237	0.000698011	0.000582118	0.00104171	0.0256185	0.0538726	0.000854792	0.116377	0.000628646	0.179181	0.296565	0.00173461	0.00588032	0.00192929	0.000673794	0.0339389	0.0987958	0.0823281	0.00214387	0.0018326
95	0.578637	0.0138858	0.000458102	0.000521891	0.0037952	0.18281	0.00114366	0.00599481	0.000347409	0.00971105	0.00956814	0.00262966	0.000718035	0.00280541	0.00172224	0.148985	0.022017	0.0113199	0.000780924	0.00214837
96	0.24815	0.0262239	0.00243981	0.00256466	0.121565	0.0887328	0.00190145	0.0196898	0.0011976	0.0312845	0.1147	0.0193944	0.00603235	0.00392846	0.0011691	0.121702	0.0903806	0.0325565	0.0121478	0.0542387
97	0.0261004	0.00202179	0.000380507	0.00167816	0.179344	0.00898696	0.00147787	0.213797	0.00102746	0.261941	0.0795507	0.00194204	0.00449348	0.00105989	0.000478418	0.00378476	0.0281186	0.117401	0.0255682	0.0408485
98	0.00944833	0.000574511	0.000486803	0.00144465	0.0506017	0.00301222	0.0016717	0.32683	0.000349275	0.263837	0.0262193	0.00123384	0.00640665	0.00106459	0.000372825	0.00256684	0.00479414	0.292667	0.002057	0.004362
99	0.185279	0.00117592	0.000639932	0.00106107	0.0520926	0.0474885	0.00113099	0.0886904	0.000590921	0.113825	0.0357469	0.00147068	0.00127023	0.00143111	0.000517491	0.0242816	0.0954504	0.167321	0.164792	0.0157436
100	0.0374708	0.00293965	0.00101226	0.00192254	0.071506	0.0214049	0.00174355	0.252811	0.00105372	0.0827024	0.0186219	0.00195726	0.0023379	0.00549425	0.000574646	0.018626	0.103836	0.354657	0.0130422	0.006286
101	0.186729	0.00213217	0.019936	0.00385876	0.0107392	0.0503448	0.00378498	0.0637903	0.00126718	0.0717372	0.0238343	0.00545755	0.226389	0.00506906	0.00153897	0.0483506	0.134039	0.130933	0.00413385	0.00593563
102	0.0427494	0.0145165	0.000191621	0.000647833	0.0379589	0.00753676	0.000470569	0.24755	0.000190681	0.237685	0.0918135	0.000768341	0.000617791	0.000755586	0.000235701	0.0101085	0.0345854	0.256035	0.00950438	0.00607764
103	0.0328437	0.00344935	0.00221879	0.00333632	0.0184959	0.0196292	0.00314385	0.171551	0.00230946	0.284972	0.058059	0.0742144	0.00409725	0.0188751	0.00176737	0.0240066	0.0895752	0.174287	0.00636212	0.00680685
104	0.0301388	0.00208501	0.00077042	0.00108274	0.269212	0.00387304	0.0349957	0.0631855	0.0019698	0.0854814	0.0367406	0.00183557	0.00214912	0.00347707	0.0010126	0.0165901	0.0139881	0.0944025	0.00998475	0.327025
105	0.0862691	0.00104042	0.000544999	0.00100239	0.0290388	0.0224591	0.000635047	0.299451	0.000316787	0.212531	0.00526808	0.0010208	0.00624167	0.00125756	0.000308482	0.0163869	0.0387062	0.272967	0.00284157	0.00171332
106	0.114906	0.00235328	0.00226708	0.00316494	0.0610965	0.0643206	0.0014274	0.183844	0.000690768	0.117451	0.0222619	0.00455728	0.0169396	0.00209662	0.000682115	0.0124809	0.0314268	0.352756	0.00294682	0.00233063
107	0.28772	0.00456424	0.00690746	0.00926602	0.00596373	0.414014	0.0215323	0.00713962	0.0095337	0.0154489	0.00939423	0.0586628	0.00285997	0.0138001	0.0211825	0.0836054	0.0092434	0.0131504	0.00288119	0.00312941
108	0.0279129	0.000786734	0.011404	0.00130957	0.0168651	0.0425582	0.0263747	0.0189726	0.01729	0.0124634	0.0141131	0.584924	0.00130691	0.0405577	0.00989711	0.106762	0.03689	0.00974952	0.00417147	0.015691
109	0.156129	0.00393261	0.0617367	0.113137	0.0260107	0.0403862	0.0142645	0.0229157	0.0192264	0.0277496	0.0220154	0.0465324	0.0231838	0.045901	0.0201282	0.201727	0.0823264	0.039171	0.010081	0.0234452
110	0.0233932	0.00120526	0.00208381	0.00213792	0.244012	0.00555192	0.0312999	0.0997221	0.00133597	0.0970005	0.0416466	0.00256065	0.00123662	0.00273463	0.00102277	0.0234287	0.0153261	0.121174	0.00577534	0.277351
111	0.0934959	0.00173108	0.00177295	0.00345973	0.0614167	0.0832696	0.021698	0.0710459	0.00188899	0.0152445	0.0119975	0.00552985	0.19739	0.0526584	0.0018047	0.192919	0.0757459	0.0603553	0.0236423	0.0229342
112	0.146785	0.00161102	0.000870777	0.00127582	0.075677	0.00874155	0.0137805	0.134379	0.0010082	0.221034	0.106923	0.00226975	0.0211351	0.00225395	0.00840763	0.00702471	0.038477	0.186085	0.0174358	0.00482538
113	0.021246	0.00170423	0.00125815	0.00380589	0.145343	0.013026	0.00215156	0.062632	0.000837212	0.104505	0.0420179	0.0184537	0.0154379	0.016915	0.00135706	0.0301443	0.0269455	0.109358	0.15774	0.225122
114	0.370821	0.000431215	0.0129534	0.0007803	0.00177316	0.0601407	0.000579009	0.0051764	0.000385274	0.00310155	0.00205262	0.0117944	0.039871	0.00275817	0.0111042	0.391886	0.0510549	0.0299013	0.000937902	0.00249798
115	0.0815064	0.000496469	0.000472839	0.000490884	0.00116568	0.837042	0.000946533	0.00175078	0.000247989	0.00771339	0.00609913	0.00162675	0.000437106	0.00289684	0.000442499	0.0377192	0.00889996	0.00872109	0.000641231	0.000683016
116	0.203838	0.0184393	0.000263654	0.000618828	0.0271277	0.0606968	0.000334376	0.112518	0.00014777	0.163132	0.0175092	0.000836932	0.0034	0.000448801	0.000144056	0.108123	0.122952	0.156918	0.00199052	0.000562211
117	0.135964	0.00447968	0.00127015	0.022554	0.0296645	0.0684074	0.0139221	0.11201	0.00372457	0.0611211	0.071379	0.0767366	0.0439704	0.0455353	0.00227054	0.096292	0.0866704	0.105429	0.00215185	0.0164472
118	0.102622	0.00116244	0.134549	0.134429	0.0094973	0.0826196	0.0361085	0.0142531	0.0234533	0.0266302	0.00964306	0.0626367	0.0022751	0.088809	0.038656	0.133577	0.0352147	0.0166989	0.00476915	0.0423969
119	0.322721	0.00594576	0.00579398	0.0023082	0.011394	0.111448	0.00247243	0.0305382	0.000874083	0.0275919	0.0137771	0.00783759	0.0503232	0.00491312	0.00541054	0.225397	0.0845363	0.0799471	0.00267911	0.00409223
120	0.175777	0.00273107	0.000718521	0.00204344	0.0227715	0.0163599	0.00107152	0.209882	0.000458789	0.151336	0.114771	0.0177356	0.00190908	0.00479326	0.00116319	0.0308936	0.0469957	0.177772	0.00541869	0.0153991
121	0.042969	0.00124413	0.00020975	0.000512789	0.0410356	0.0030231	0.000930243	0.305192	0.00028789	0.105329	0.0514485	0.000594717	0.000701698	0.00114222	0.000301135	0.00414797	0.0338154	0.397324	0.00435054	0.00544074
122	0.0399145	0.000984304	0.00344091	0.00867223	0.181994	0.0209108	0.0058719	0.0136364	0.00528578	0.0604904	0.0332595	0.0166065	0.00366412	0.00811155	0.00315208	0.0385637	0.0514267	0.0336281	0.30989	0.160497
123	0.0245733	0.000966411	0.000570951	0.00190661	0.136578	0.0175003	0.0383801	0.0143461	0.000967138	0.0281869	0.00963225	0.00592139	0.00876465	0.00619935	0.00462627	0.0140006	0.0075552	0.0190951	0.101721	0.558508
124	0.22194	0.00792612	0.00186721	0.00210749	0.0245813	0.0902259	0.00349482	0.130636	0.000805858	0.175666	0.0711197	0.00765845	0.00738099	0.004372	0.00100383	0.0463804	0.055858	0.134005	0.00763591	0.00533531
125	0.0224826	0.000997451	0.00127398	0.00123503	0.00442862	0.014456	0.743355	0.00573559	0.000901493	0.0149003	0.00462067	0.0227642	0.00146017	0.0826679	0.00871902	0.0379563	0.00610768	0.0080103	0.0123094	0.005618
126	0.0696841	0.000855889	0.0899872	0.0623062	0.0127398	0.047017	0.0266368	0.0110047	0.0185776	0.0115681	0.0132134	0.267834	0.00400549	0.0647034	0.0240534	0.171232	0.0495583	0.0157485	0.00464904	0.0346248
127	0.215198	0.00666678	0.0019715	0.00154692	0.0314701	0.0413579	0.000865431	0.153206	0.000592052	0.247686	0.0499594	0.00715885	0.00265899	0.0018773	0.000572226	0.0390013	0.0381667	0.150923	0.00429502	0.00482587
128	0.0474741	0.00733018	0.00420278	0.0038533	0.190972	0.0204589	0.00442342	0.106225	0.00149312	0.200056	0.0483487	0.00705334	0.0273371	0.0053385	0.00185256	0.0173033	0.0328729	0.159572	0.0639114	0.0499204
129	0.10683	0.00112312	0.000395245	0.000446329	0.00125454	0.806238	0.000730563	0.00237833	0.000197658	0.00861954	0.0072105	0.00136204	0.000748776	0.00285232	0.00044072	0.0369879	0.0104846	0.0103891	0.00063193	0.000679222
130	0.0307934	0.00479974	0.00120484	0.00113698	0.1218	0.0128027	0.00178916	0.0819339	0.00109967	0.457156	0.141572	0.00267265	0.00269899	0.00326224	0.000941035	0.0213688	0.0363827	0.0537222	0.00639374	0.01647
131	0.0145674	0.000743388	0.000880915	0.00199636	0.146145	0.0176822	0.00128431	0.0873793	0.000801265	0.140827	0.0268515	0.00669288	0.00629732	0.00648047	0.000851562	0.0101312	0.00791137	0.102651	0.234753	0.185073
132	0.0209518	0.00259508	0.000504815	0.00143699	0.164939	0.0077755	0.00124364	0.187721	0.000696156	0.325121	0.088423	0.00277654	0.00327578	0.00153624	0.000393059	0.00480988	0.0256994	0.0987153	0.0195407	0.0418451
133	0.158983	0.00733763	0.00453598	0.00661094	0.0305385	0.0533343	0.0087486	0.0399287	0.00343177	0.0515292	0.0683408	0.0205251	0.00913282	0.00982297	0.00194988	0.149182	0.283801	0.0602818	0.0102029	0.0217816
134	0.14161	0.00297865	0.00839254	0.00246211	0.0106964	0.0607127	0.00417383	0.0343392	0.00152239	0.0530979	0.0295836	0.00445173	0.219807	0.00576235	0.00146891	0.0618767	0.188246	0.159579	0.00410459	0.00513342
135	0.206582	0.00167101	0.00959681	0.0020409	0.0434291	0.0954544	0.00202015	0.053059	0.00101537	0.172773	0.085959	0.00375953	0.113367	0.00275832	0.00102743	0.06159	0.0136558	0.115886	0.010903	0.00345296
136	0.162305	0.00728723	0.00116285	0.0103013	0.0497461	0.102552	0.012389	0.0871454	0.00205482	0.0566161	0.065891	0.0612132	0.0331234	0.0283716	0.00153258	0.11536	0.0787349	0.0983976	0.00452411	0.0212911
137	0.0759495	0.00446835	0.00092629	0.00177942	0.0565895	0.0154512	0.0018684	0.187054	0.000959271	0.25551	0.083294	0.00331841	0.0028877	0.00253995	0.00114983	0.013556	0.0457468	0.163182	0.066098	0.0176724
138	0.485815	0.0118117	0.000506739	0.000702367	0.00202171	0.418204	0.00209032	0.00413874	0.000404227	0.00615463	0.0126235	0.00401779	0.000823311	0.00121668	0.00195277	0.0315594	0.00426686	0.00955487	0.000957567	0.00117812
139	0.128784	0.00297962	0.000674952	0.00542062	0.013951	0.0171289	0.00234994	0.253685	0.000502165	0.163813	0.130349	0.00845576	0.00122543	0.0143371	0.00153858	0.0475004	0.0442369	0.148613	0.0039498	0.010505
140	0.187301	0.00281407	0.000597778	0.00178806	0.0272118	0.0185085	0.00100406	0.205473	0.000384227	0.150582	0.106316	0.0166227	0.00171003	0.00337805	0.000814693	0.0293923	0.046328	0.182256	0.0063484	0.0111699
141	0.024764	0.00122674	0.000527848	0.00204203	0.150742	0.0144813	0.0314197	0.023163	0.00105918	0.040306	0.015625	0.00444816	0.00639859	0.00480159	0.00338164	0.0115355	0.0084515	0.0280343	0.0801758	0.547416
142	0.0241877	0.00134173	0.000595862	0.00195185	0.178668	0.0138281	0.0312101	0.0260812	0.00122723	0.0419572	0.0155794	0.00442581	0.00671963	0.00480404	0.00350794	0.0113418	0.00835355	0.0286275	0.0758961	0.519695
143	0.0165954	0.000419183	0.000485866	0.000741651	0.30492	0.00209925	0.0142859	0.08056	0.000459285	0.114149	0.0598095	0.00101524	0.000828821	0.000960256	0.000355622	0.0113265	0.0114421	0.0801213	0.00428526	0.29514
144	0.0131635	0.00156197	0.000441861	0.00122898	0.0484677	0.0031373	0.00148958	0.324144	0.000318915	0.255422	0.0327927	0.00105117	0.00544973	0.000981226	0.000352566	0.00281942	0.00693084	0.293936	0.00227781	0.00403306
145	0.111667	0.00136195	0.00240309	0.00599736	0.0170613	0.0326126	0.00655253	0.0261449	0.0014339	0.016019	0.0265968	0.0110149	0.543287	0.0317341	0.00178061	0.0693055	0.0377164	0.0467979	0.00377732	0.00673546
146	0.0587743	0.000428161	0.00480346	0.0057786	0.00502864	0.0177338	0.0159103	0.016155	0.223343	0.0275251	0.00976394	0.0281407	0.00776725	0.0494411	0.376618	0.0355642	0.0356255	0.0586665	0.0188301	0.0041018
147	0.159069	0.00258836	0.00223922	0.028883	0.0150362	0.0192873	0.0314919	0.159186	0.00333814	0.13624	0.0523526	0.0146239	0.00405035	0.10178	0.0219546	0.0845582	0.0233216	0.127854	0.00444983	0.00769492
148	0.198274	0.0188664	0.000157156	0.000563637	0.0280742	0.0598948	0.000231398	0.119534	0.000145662	0.169851	0.0208666	0.00113125	0.00300396	0.000426622	0.000146082	0.10398	0.116883	0.155188	0.00205609	0.000726621
149	0.0253491	0.000648091	0.0337201	0.0361369	0.00236999	0.474594	0.0225753	0.00317746	0.0580175	0.00431728	0.00756646	0.201885	0.00084469	0.0569725	0.0377888	0.0250503	0.00287442	0.00389287	0.00109325	0.00112524
150	0.0501749	0.000351444	0.00280583	0.00398194	0.00368729	0.0105935	0.0181218	0.0153966	0.206345	0.0280902	0.00841121	0.0270279	0.00738401	0.0441677	0.437657	0.0255339	0.0336329	0.0549237	0.0189143	0.00279818
151	0.118671	0.00184549	0.0031581	0.00963998	0.0159395	0.0313165	0.00700805	0.0263338	0.00326826	0.0172891	0.0263683	0.0226747	0.510751	0.044192	0.00330613	0.0650464	0.0392371	0.0444419	0.0036235	0.00588989
152	0.0336443	0.00105173	0.000290139	0.000700015	0.0378434	0.00177581	0.000771863	0.343719	0.000252177	0.143825	0.041083	0.000686858	0.00214422	0.00106798	0.000359204	0.00272236	0.0183936	0.364876	0.00174436	0.00304965
153	0.0288424	0.00245254	0.000746012	0.000980715	0.153381	0.0195366	0.083773	0.00336977	0.00229882	0.020815	0.0030282	0.0107802	0.0179407	0.0128094	0.0109633	0.0196625	0.0130795	0.0186861	0.110766	0.466088
154	0.39775	0.00481479	0.00938889	0.00136877	0.00435955	0.0755828	0.000697515	0.00767083	0.00085228	0.00775021	0.00451017	0.00888162	0.0281821	0.0036818	0.00816412	0.349591	0.0535154	0.0288324	0.00113415	0.00327246
155	0.0279325	0.00252659	0.0006938	0.000981284	0.0985198	0.0146406	0.315334	0.00469571	0.00229206	0.0209211	0.00318096	0.012045	0.0101677	0.0328433	0.00818021	0.0215558	0.0111991	0.0150421	0.062979	0.334269
156	0.0974646	0.000583418	0.0142821	0.00643865	0.0108772	0.0770827	0.00915335	0.0072291	0.238679	0.0148392	0.00835575	0.0381084	0.0224	0.0357736	0.214657	0.084848	0.0543921	0.0284683	0.0257866	0.0105808
157	0.0252374	0.00590953	0.00044888	0.00155955	0.100551	0.00834442	0.00106351	0.119101	0.00064785	0.46674	0.137329	0.00174839	0.00119248	0.0015697	0.000542113	0.0117701	0.0335992	0.0709706	0.00447692	0.00719858
158	0.23019	0.0169859	0.00118511	0.000799857	0.00585929	0.270467	0.00214149	0.011301	0.000373332	0.0199137	0.00639716	0.00296316	0.00434608	0.00233797	0.00402394	0.263866	0.129819	0.0244073	0.00108989	0.00153232
159	0.0296564	0.00309046	0.000807842	0.00162685	0.044463	0.0161341	0.0105893	0.241604	0.000770514	0.179933	0.0437057	0.00215108	0.00269248	0.00372471	0.000681619	0.0112228	0.0453866	0.339722	0.0100024	0.0120356
160	0.0120517	0.000726893	0.000494967	0.00151145	0.0484722	0.00391548	0.00164426	0.320496	0.00038922	0.268394	0.0253768	0.00125104	0.00629542	0.0011824	0.000374616	0.00294146	0.00594107	0.292173	0.00216615	0.00420151
161	0.302639	0.00463451	0.00274201	0.00451954	0.00795976	0.373081	0.0482739	0.0103949	0.00219014	0.0205682	0.0103135	0.0325029	0.00354463	0.00677155	0.0113779	0.118264	0.0134113	0.0175998	0.00395908	0.00525193
162	0.023562	0.00193383	0.00285447	0.00266647	0.609439	0.0115625	0.00259082	0.0248582	0.00182804	0.0760216	0.0586542	0.00640195	0.0127424	0.00385866	0.0011134	0.0115389	0.0130894	0.0237347	0.0371896	0.0743602
163	0.0465572	0.00187431	0.0029189	0.00733937	0.127432	0.035475	0.00480162	0.0153495	0.0108133	0.0538331	0.0214375	0.00743759	0.00296545	0.00720014	0.00361809	0.0233232	0.026386	0.022073	0.52917	0.0499944
164	0.152932	0.0252459	0.00056559	0.000942688	0.00850011	0.189626	0.000568915	0.0116086	0.000380406	0.022893	0.00198338	0.00106302	0.000926086	0.00167213	0.00405025	0.352175	0.20101	0.0216084	0.0010863	0.00116333
165	0.0192462	0.00241701	0.00168727	0.00486259	0.0785635	0.0110621	0.00407734	0.210683	0.00217091	0.427995	0.0235888	0.0324012	0.00317554	0.0258608	0.00136287	0.0125298	0.0156018	0.0811198	0.00679039	0.0348042
166	0.17047	0.00274909	0.000765324	0.00176249	0.0318277	0.0192892	0.00138875	0.219396	0.000333142	0.12294	0.091161	0.0143858	0.00177465	0.00375251	0.000625471	0.031878	0.0508361	0.215013	0.00916115	0.0104905
167	0.218171	0.0171847	0.000474564	0.000833894	0.068802	0.0647602	0.000668691	0.0877754	0.000302899	0.14792	0.0324792	0.00153065	0.00423124	0.000997189	0.000344921	0.104591	0.114769	0.125193	0.00670719	0.00226468
168	0.0522247	0.00571373	0.000966104	0.00151496	0.207698	0.0231785	0.00202468	0.229105	0.00131605	0.107314	0.107232	0.00601195	0.00240091	0.0028081	0.00100135	0.0358544	0.0459703	0.139011	0.014542	0.0141118
169	0.0264018	0.00114031	0.00073949	0.00228189	0.127824	0.0207801	0.0331691	0.0187874	0.0012739	0.0323247	0.013019	0.00559502	0.00755017	0.00548625	0.00392885	0.0139004	0.00970557	0.0233486	0.0888446	0.563899
170	0.139746	0.00486061	0.00121149	0.015774	0.0266696	0.0674292	0.0134196	0.117971	0.00240908	0.0658277	0.072979	0.0750885	0.0437186	0.0382607	0.00181646	0.0987986	0.0894971	0.108458	0.00230784	0.0137568
171	0.0693274	0.00298205	0.00387919	0.00516694	0.0587686	0.0200247	0.0379718	0.0294906	0.00387089	0.181142	0.0887848	0.00695008	0.00457189	0.0445859	0.00406038	0.0185425	0.0685276	0.0646557	0.273134	0.0135626
172	0.15563	0.00439474	0.00224733	0.0150736	0.0221443	0.0449948	0.0117317	0.108171	0.0045913	0.0628501	0.0627137	0.0895328	0.0440189	0.0486114	0.00251968	0.0698162	0.102596	0.133117	0.00281288	0.0124327
173	0.0926885	0.000736062	0.000550568	0.000557556	0.00116008	0.825352	0.000842331	0.00179998	0.000440119	0.00756636	0.00638021	0.00232135	0.000443096	0.00307091	0.000509196	0.0370332	0.00869902	0.00862233	0.000596624	0.000630271
174	0.301795	0.0103133	0.00138256	0.00120174	0.00613746	0.252652	0.00527469	0.0491995	0.000592992	0.0418501	0.0329283	0.00240567	0.0357196	0.00321839	0.000941934	0.0570194	0.0987877	0.0939475	0.00229282	0.00234014
175	0.0328683	0.00183432	0.00246623	0.00412596	0.00989073	0.0181612	0.612908	0.0144592	0.0143246	0.0385107	0.0111413	0.023144	0.00375127	0.0676176	0.0534924	0.0384086	0.0126876	0.0182587	0.0129717	0.00897744
176	0.0231981	0.000996746	0.0015475	0.00175413	0.00464035	0.0149212	0.738858	0.00603472	0.00100966	0.0154949	0.0050757	0.0235766	0.00164624	0.0817455	0.00906865	0.0380716	0.00628035	0.00809057	0.012154	0.00583508
177	0.0177759	0.000773845	0.000770517	0.0012757	0.255216	0.00840281	0.00975331	0.0799599	0.000582111	0.201617	0.096266	0.00260545	0.00326419	0.00303335	0.000492763	0.0111174	0.0148496	0.0707444	0.0185526	0.202947
178	0.0540715	0.00184802	0.00125002	0.0201369	0.0142122	0.010786	0.0225165	0.227445	0.0018509	0.328587	0.0768756	0.00937375	0.0022651	0.0480559	0.0042541	0.0193524	0.0143342	0.130744	0.00623586	0.00580506
179	0.0351268	0.00232873	0.00169635	0.00221769	0.161866	0.0337724	0.0732983	0.00486859	0.00323364	0.0271872	0.00644971	0.0163631	0.0131635	0.0166506	0.00853299	0.0244801	0.0199363	0.0170567	0.14741	0.384362
180	0.151369	0.0229675	0.000726756	0.0015589	0.0076825	0.179588	0.000841123	0.013261	0.00038974	0.0211446	0.00248959	0.00164343	0.00136532	0.00187505	0.00389536	0.358111	0.202591	0.0251106	0.00114727	0.00224366
181	0.233036	0.000785997	0.00751893	0.00536365	0.00786292	0.0385813	0.00196106	0.0105212	0.000757162	0.00594138	0.00860938	0.0148231	0.277569	0.0139609	0.00597095	0.274004	0.0611122	0.0248177	0.00330703	0.00349598
182	0.044995	0.00696172	0.000193226	0.000553567	0.0360114	0.00572715	0.000578278	0.292087	0.000204627	0.186497	0.0614751	0.000925866	0.000948362	0.000769573	0.000243513	0.00702793	0.0285099	0.316866	0.00509953	0.00432546
183	0.1154	0.00138534	0.00247629	0.00526787	0.016172	0.0332633	0.00694656	0.0245382	0.00127397	0.0145746	0.0236758	0.0112715	0.538157	0.0317126	0.00166055	0.0812275	0.0379874	0.0438085	0.00357048	0.00563102
184	0.100613	0.000542031	0.253476	0.184235	0.0133436	0.035206	0.0178166	0.00923108	0.00703073	0.0096365	0.0217746	0.06239	0.00776598	0.114859	0.0131028	0.0604043	0.0441891	0.0178223	0.0163164	0.0102452
185	0.051542	0.00176288	0.0032903	0.00724281	0.155743	0.0465477	0.00358018	0.0147465	0.0132288	0.0470588	0.0202076	0.00853173	0.00377125	0.00729707	0.00232874	0.0347761	0.027461	0.0195429	0.478238	0.0531031
186	0.234362	0.00544343	0.000847441	0.00141447	0.0276031	0.0197996	0.00139417	0.147679	0.000483299	0.215952	0.054036	0.00822496	0.00299507	0.00203218	0.000966692	0.0247621	0.0600055	0.181666	0.00401669	0.00631618
187	0.120747	0.00319989	0.00990402	0.037261	0.0142201	0.0751153	0.00748601	0.0816656	0.0461875	0.0282072	0.0190365	0.0373851	0.00664682	0.165104	0.00519528	0.103511	0.0931522	0.132691	0.00658276	0.00670127
188	0.0493786	0.000877445	0.00356427	0.00683731	0.00820203	0.0224173	0.0167538	0.0125914	0.00294303	0.0120304	0.0217013	0.0519332	0.00439566	0.0114238	0.00119322	0.261597	0.435819	0.0256846	0.0066187	0.0440379
189	0.0732658	0.00915903	0.00126591	0.00163458	0.044317	0.017066	0.000893913	0.192391	0.000275001	0.257382	0.0606985	0.00249755	0.00140836	0.00174939	0.00026413	0.0180368	0.0528813	0.253052	0.00763252	0.00412915
190	0.500334	0.00980425	0.00281922	0.000748463	0.00373699	0.137986	0.00163366	0.00476469	0.000317034	0.00819906	0.00755561	0.00518553	0.00886454	0.00377628	0.00437129	0.241662	0.036826	0.0176957	0.000770903	0.002948
