254	20
1	0.0845526	0.166902	0.0215616	0.0300765	0.0401083	0.0401536	0.0167206	0.0634007	0.0458937	0.0728932	0.0217019	0.0362183	0.0213022	0.0274079	0.0484502	0.107047	0.0531968	0.0675045	0.00611467	0.0287943
2	0.113426	0.0158898	0.00934403	0.0207128	0.0347638	0.0216637	0.0139061	0.135511	0.0316886	0.19015	0.0773532	0.0152518	0.0225435	0.0108499	0.0138489	0.0649111	0.0542268	0.147545	0.0018327	0.00458041
3	0.0395882	0.00810132	0.00263116	0.00791964	0.0297914	0.00557733	0.00460895	0.224721	0.00360598	0.089756	0.0119614	0.00475707	0.00284984	0.0116511	0.00286016	0.0181124	0.015214	0.512054	0.00131951	0.00291921
4	0.0652539	0.155552	0.0149651	0.0232434	0.0494791	0.0222908	0.0164527	0.0963753	0.0226245	0.174146	0.0410005	0.023973	0.0183388	0.0222379	0.0210866	0.0736011	0.0421665	0.0862012	0.00700428	0.0240069
5	0.0803808	0.0185104	0.0234998	0.0360484	0.0169374	0.409786	0.0242521	0.0167513	0.0236124	0.0177392	0.00868475	0.0586861	0.0139359	0.0258133	0.0230547	0.129174	0.0329805	0.0257891	0.00835896	0.00600486
6	0.0859484	0.0206796	0.109582	0.104363	0.0146404	0.0920391	0.021676	0.0200204	0.0387823	0.0236171	0.0115784	0.0843804	0.0311545	0.0400063	0.0497409	0.149719	0.0594278	0.0317133	0.00194023	0.00899076
7	0.0159682	0.0228695	0.0188322	0.0285601	0.00897923	0.0243066	0.0161426	0.0107659	0.314268	0.0126007	0.0067921	0.0460087	0.0269389	0.0427983	0.311117	0.0342299	0.0268485	0.0192335	0.00317984	0.00956028
8	0.285693	0.0574898	0.00860923	0.0211534	0.0129383	0.124181	0.00563777	0.0285006	0.00529418	0.0255747	0.00836553	0.00977809	0.00536186	0.00828226	0.011819	0.241381	0.0778085	0.0542606	0.00159859	0.00627229
9	0.0668782	0.00913216	0.0196533	0.0292355	0.0129535	0.0292996	0.0284083	0.0305072	0.0525143	0.0251268	0.0122729	0.0773779	0.0262779	0.04437	0.0433779	0.212371	0.210018	0.0511344	0.00584257	0.013248
10	0.0970449	0.0267686	0.0222293	0.0353519	0.0194352	0.350335	0.0191021	0.0244824	0.0306318	0.0275006	0.0121347	0.0443322	0.0143435	0.0244523	0.0290059	0.130854	0.0389071	0.0389383	0.00694312	0.00720684
11	0.0163256	0.0237324	0.0186664	0.0294501	0.00899567	0.0240376	0.0162393	0.0109828	0.31198	0.0126194	0.00686488	0.0459222	0.0267487	0.0428615	0.311832	0.0343646	0.0268159	0.0189046	0.00309688	0.00955939
12	0.0323221	0.0264943	0.0133039	0.0294535	0.18002	0.0130515	0.0840894	0.0377584	0.0258603	0.057607	0.0244317	0.0302362	0.0161254	0.0468145	0.0140591	0.0574694	0.0315787	0.0406036	0.0160957	0.222625
13	0.0253976	0.0270884	0.00369444	0.016351	0.246877	0.00970301	0.0584382	0.0483012	0.0109129	0.0537163	0.0301684	0.0203799	0.0150979	0.0215466	0.00501252	0.0475638	0.0323584	0.0431993	0.0195854	0.264607
14	0.104609	0.0299449	0.0274977	0.0361754	0.0175379	0.290015	0.0203906	0.0192152	0.0276456	0.0251311	0.0105537	0.0560499	0.0180714	0.0316341	0.029477	0.156535	0.051854	0.0331152	0.00623589	0.00831104
15	0.0477049	0.00596155	0.0025075	0.0092457	0.030737	0.00485799	0.00389584	0.169363	0.00351336	0.0316745	0.0100236	0.00406256	0.00276223	0.0212611	0.00340346	0.0213163	0.0125521	0.611244	0.00146431	0.00244941
16	0.0217794	0.0225349	0.00292795	0.0127883	0.280514	0.00809974	0.0519613	0.0612996	0.00921011	0.0522147	0.0355966	0.0155242	0.0120613	0.0169024	0.00481398	0.0495485	0.0267063	0.0438402	0.0131244	0.258552
17	0.267841	0.0621015	0.0082519	0.0153246	0.0102257	0.0836408	0.00370336	0.0398259	0.00408296	0.0261817	0.00670774	0.00613693	0.00317247	0.0077563	0.0104768	0.268848	0.101721	0.0650307	0.00119535	0.00777551
18	0.0666343	0.167663	0.0181963	0.0313807	0.0371532	0.0231036	0.0118606	0.142279	0.0246566	0.11521	0.0286603	0.0245278	0.0187332	0.0160024	0.0217968	0.0732038	0.0483414	0.107449	0.00380004	0.019348
19	0.0402358	0.00530794	0.237604	0.30016	0.0155136	0.0204112	0.0321224	0.00511929	0.0374528	0.0143564	0.00227999	0.0774286	0.0171869	0.058446	0.0327837	0.0493642	0.0322213	0.0128438	0.00101206	0.00814964
20	0.0716589	0.019674	0.0375502	0.0415474	0.0152689	0.299353	0.0222396	0.0187635	0.0375194	0.0207186	0.0105911	0.0769438	0.0201722	0.0382328	0.0434358	0.135868	0.0490249	0.0288711	0.00584206	0.00672474
21	0.0468533	0.140718	0.00994682	0.0213952	0.108016	0.0175287	0.0223848	0.126711	0.0152445	0.126844	0.0342971	0.0206815	0.0166323	0.0152278	0.012031	0.0503866	0.0396584	0.0912067	0.00848743	0.0757481
22	0.031822	0.0238526	0.022487	0.0311775	0.0107773	0.0290581	0.0176668	0.0139632	0.265939	0.0170573	0.00892244	0.0504883	0.0341522	0.0427254	0.264033	0.0617234	0.0379631	0.0236729	0.00306416	0.00945496
23	0.113154	0.0694861	0.0168988	0.0293083	0.0226855	0.304007	0.0143141	0.0258532	0.0173869	0.0451431	0.0142428	0.0319066	0.0137251	0.018633	0.0176312	0.152873	0.0389163	0.0411139	0.00578378	0.00693711
24	0.0514191	0.025647	0.00580948	0.0164507	0.230397	0.0198478	0.0409477	0.0488239	0.0116671	0.0731224	0.030714	0.018949	0.024603	0.0181523	0.00905631	0.0604781	0.0444127	0.0525479	0.019596	0.197358
25	0.044493	0.0203545	0.0130675	0.0228201	0.184885	0.0166557	0.0314448	0.0767826	0.0169355	0.146145	0.0427835	0.0210516	0.0196719	0.0199681	0.0165371	0.0586351	0.042721	0.074562	0.0100314	0.120455
26	0.0690026	0.0246268	0.0238263	0.031542	0.0276393	0.0314502	0.0219635	0.0553173	0.112548	0.101539	0.0531785	0.0639714	0.0225206	0.0383068	0.0856399	0.0925565	0.0559944	0.0663676	0.00615849	0.0158507
27	0.0812269	0.0268062	0.0338205	0.0367101	0.0194606	0.0374939	0.0224631	0.026202	0.126358	0.0370241	0.020847	0.0585148	0.0340802	0.0529427	0.149872	0.112895	0.0629116	0.0447935	0.00275354	0.0128235
28	0.0655253	0.0076472	0.00943045	0.0249609	0.00966979	0.0305661	0.0294944	0.0356929	0.0383789	0.0214366	0.00957426	0.0656369	0.0278978	0.0343682	0.0432178	0.230908	0.245355	0.0593962	0.00543419	0.00540967
29	0.0365042	0.00467871	0.00217611	0.00899968	0.0305515	0.00430253	0.00373983	0.193417	0.00293019	0.0388035	0.00349639	0.0033249	0.00252694	0.015461	0.00287591	0.0196225	0.0110674	0.612476	0.00110915	0.00193711
30	0.0206462	0.0230483	0.0226981	0.0302948	0.00892028	0.0311324	0.0214169	0.0107445	0.271608	0.0145992	0.00713999	0.0538039	0.0246289	0.0717395	0.2735	0.0467697	0.032465	0.0221655	0.00310236	0.00957674
31	0.0169347	0.0241888	0.0183456	0.0304894	0.00908975	0.0240873	0.0167538	0.0111513	0.309463	0.0129762	0.00691026	0.0470106	0.0264647	0.0431516	0.308659	0.0348259	0.0267751	0.0190333	0.00347349	0.0102156
32	0.0591899	0.0203266	0.0724569	0.0413359	0.0107877	0.0619474	0.0201561	0.0125169	0.0807891	0.0223593	0.0182659	0.132147	0.024866	0.0561329	0.101719	0.15416	0.0734293	0.0265966	0.00128807	0.00952976
33	0.0188292	0.00525435	0.00581825	0.0124081	0.107793	0.00492732	0.00782181	0.108905	0.00354111	0.477858	0.103978	0.00644083	0.00233963	0.00899156	0.0158471	0.00888499	0.0184825	0.0652493	0.00230193	0.0143272
34	0.0597598	0.00461225	0.00691562	0.0246671	0.00962623	0.0251179	0.0302022	0.0386527	0.0397347	0.0218256	0.00915351	0.0685483	0.028786	0.0338903	0.0419483	0.231011	0.251966	0.0630961	0.00547715	0.00500955
35	0.0381833	0.0319869	0.0134781	0.029774	0.143876	0.0191917	0.0392053	0.0313727	0.0281758	0.0534329	0.0217814	0.0517047	0.0215996	0.03121	0.0158244	0.0675925	0.0755216	0.0497411	0.0513248	0.185023
36	0.0790967	0.00482285	0.00747289	0.027993	0.0109064	0.0174439	0.0390113	0.0379816	0.0414826	0.021166	0.0114168	0.0596891	0.0305218	0.0387075	0.0385226	0.224429	0.245852	0.0563337	0.00329806	0.0038523
37	0.062848	0.161129	0.0145979	0.0227006	0.0534545	0.0255459	0.0169878	0.0968422	0.0244749	0.165127	0.0381068	0.0230243	0.0161391	0.0233383	0.021401	0.0653763	0.042674	0.089258	0.00784855	0.0291259
38	0.0298053	0.030427	0.0196017	0.0359592	0.0104382	0.0243761	0.01684	0.0180074	0.271816	0.0205204	0.0165564	0.0480241	0.0250994	0.0416872	0.277844	0.0444535	0.0322934	0.0230403	0.00316182	0.010048
39	0.0937028	0.0173862	0.0069649	0.0462194	0.0228905	0.526935	0.0203104	0.0177049	0.0146703	0.0169379	0.00691726	0.0289424	0.0054034	0.0149486	0.00734072	0.0943988	0.0117289	0.0319298	0.0097989	0.00486849
40	0.0691248	0.0203015	0.0694346	0.0427829	0.0111984	0.0684325	0.0170443	0.0147615	0.0535627	0.0201921	0.0169296	0.140089	0.0269541	0.0392106	0.0693135	0.187508	0.0941223	0.0283089	0.00123284	0.00949599
41	0.0284235	0.0216407	0.0281114	0.0347008	0.00938628	0.0421045	0.0264187	0.0103809	0.23736	0.0164605	0.00747362	0.0762229	0.0237712	0.0682619	0.231588	0.067026	0.0377249	0.02074	0.00262827	0.00957585
42	0.0702107	0.0205565	0.0837057	0.0486452	0.0112955	0.0685929	0.0147296	0.0129298	0.0516051	0.0195845	0.0189136	0.148909	0.0253517	0.0353497	0.0683347	0.177126	0.0865095	0.026221	0.00126298	0.0101663
43	0.0647803	0.12968	0.0349331	0.0393808	0.0287178	0.0428488	0.0214691	0.0420779	0.0680014	0.0442666	0.0182348	0.0768384	0.0283097	0.0415102	0.0728452	0.108716	0.0588701	0.0504716	0.00603244	0.0220164
44	0.11416	0.0231091	0.0155109	0.0322144	0.0313716	0.0294862	0.0173433	0.07362	0.0351928	0.0844499	0.0402803	0.0311569	0.0742934	0.0441584	0.0374341	0.145338	0.0780142	0.0833219	0.00269597	0.00684948
45	0.036185	0.00468342	0.00215793	0.00886169	0.0305073	0.00425814	0.00374885	0.196106	0.00286856	0.0402556	0.00347481	0.00337272	0.00251556	0.0150348	0.00284755	0.0192326	0.0112672	0.609529	0.001106	0.00198733
46	0.0640316	0.0171567	0.0852807	0.072107	0.01296	0.0482562	0.0241997	0.018933	0.064658	0.0232082	0.0147758	0.10721	0.0244787	0.0524583	0.0637447	0.143017	0.110023	0.0413221	0.00281756	0.0093623
47	0.0297872	0.018726	0.0141023	0.0217769	0.0155565	0.0179366	0.0144695	0.0423362	0.258411	0.031463	0.0124663	0.0278283	0.0179775	0.063186	0.135525	0.0488068	0.0630993	0.115398	0.0334736	0.0176739
48	0.0674198	0.0160195	0.0221881	0.0237908	0.00994666	0.0316815	0.0579661	0.0154436	0.0681038	0.0194651	0.00996395	0.0728701	0.0177583	0.174173	0.0850755	0.109499	0.12589	0.0636065	0.00256602	0.00657249
49	0.0409589	0.0177444	0.0350804	0.0328723	0.0122142	0.061912	0.0743861	0.0116426	0.069451	0.0318759	0.00943485	0.113565	0.0158893	0.146412	0.0761534	0.156518	0.0535546	0.0251076	0.00249897	0.0127287
50	0.0380329	0.0253954	0.0334121	0.0417427	0.0129594	0.0329856	0.0208243	0.0173582	0.220484	0.0219544	0.010655	0.0549182	0.0273708	0.0543052	0.232332	0.0666536	0.044161	0.0303057	0.00376241	0.0103872
51	0.0748413	0.0203636	0.0569539	0.0412434	0.01286	0.0778015	0.0206715	0.0202503	0.0452096	0.0214674	0.015052	0.115889	0.0325493	0.0399029	0.0604319	0.196319	0.103388	0.0328768	0.00265468	0.00927372
52	0.0381825	0.115066	0.0231218	0.0343861	0.0187178	0.0312268	0.0224745	0.0281472	0.171693	0.0361301	0.0153816	0.0508673	0.0238039	0.0561369	0.162728	0.0679168	0.0427134	0.0408749	0.00448163	0.0159499
53	0.0347053	0.0250356	0.0258654	0.0324499	0.0130706	0.0304005	0.0215874	0.0202666	0.229145	0.0249344	0.0125112	0.0550955	0.0283685	0.0545181	0.236529	0.0640626	0.0442094	0.0340059	0.00359061	0.00964785
54	0.0177858	0.00639422	0.00577046	0.0108814	0.161146	0.00460943	0.0106816	0.0917214	0.00375507	0.415347	0.0952447	0.00701138	0.00301283	0.00860544	0.0169594	0.0152312	0.0186714	0.0560891	0.00378128	0.0473009
55	0.0364528	0.0210619	0.0312759	0.026432	0.0090622	0.0416154	0.0504872	0.0077151	0.123074	0.0167764	0.0083018	0.0770237	0.0119233	0.212703	0.138889	0.0746179	0.0608325	0.0410207	0.00213884	0.0085954
56	0.0279766	0.0223235	0.025997	0.0350916	0.0129178	0.0320432	0.019912	0.0195827	0.256013	0.0241283	0.00994889	0.0501704	0.0256864	0.0529878	0.237591	0.0550044	0.0395427	0.0340755	0.0053549	0.0136532
57	0.0841327	0.154214	0.0207218	0.0288999	0.0355298	0.0279189	0.0147526	0.0941444	0.0254472	0.0887367	0.0294485	0.0276921	0.0205808	0.0253438	0.0256596	0.0954997	0.0554191	0.120461	0.0055268	0.0198702
58	0.0198943	0.00557821	0.00485218	0.0106337	0.102052	0.00485277	0.0071599	0.128865	0.00283743	0.477405	0.0937061	0.00611357	0.00191622	0.00767821	0.0122815	0.00744801	0.0164802	0.0748762	0.00252843	0.0128412
59	0.0862526	0.00631457	0.0119961	0.0315907	0.0120429	0.0202133	0.0355827	0.0356847	0.0443483	0.0234925	0.0131595	0.059706	0.0359229	0.0404775	0.0401484	0.219672	0.223183	0.0528996	0.00294861	0.00436375
60	0.164821	0.0327205	0.00866196	0.016299	0.0210219	0.0148762	0.0128288	0.0611151	0.016459	0.0566733	0.118615	0.0143186	0.0137031	0.0379524	0.0133726	0.064959	0.0470333	0.272573	0.00425116	0.00774426
61	0.0675185	0.0173522	0.0142184	0.0344744	0.0169405	0.432393	0.0282446	0.0153573	0.0327358	0.0186748	0.00725108	0.0526357	0.00844763	0.0445226	0.0212376	0.115873	0.02662	0.025073	0.01359	0.0068396
62	0.0312139	0.0104345	0.00533622	0.0117947	0.100883	0.0081727	0.0132356	0.145753	0.00697171	0.371583	0.0851581	0.00943845	0.00484196	0.00979701	0.0117243	0.0194304	0.0222357	0.0866054	0.00512404	0.0402663
63	0.0159456	0.0227106	0.018875	0.0284375	0.00898797	0.0243485	0.0160466	0.0107742	0.314525	0.0125402	0.00679867	0.0460369	0.0269116	0.0428017	0.311245	0.0342181	0.0267976	0.0192882	0.00317742	0.00953345
64	0.0159456	0.0227106	0.018875	0.0284375	0.00898797	0.0243485	0.0160466	0.0107742	0.314525	0.0125402	0.00679867	0.0460369	0.0269116	0.0428017	0.311245	0.0342181	0.0267976	0.0192882	0.00317742	0.00953345
65	0.0447844	0.00398908	0.240495	0.30856	0.0168321	0.0185182	0.0308803	0.00318123	0.0354267	0.0154566	0.0015536	0.071263	0.0162942	0.0572991	0.0302081	0.0499654	0.0304903	0.013129	0.00196641	0.00970628
66	0.283839	0.0601153	0.0106185	0.0181754	0.0118257	0.119585	0.00541593	0.0246504	0.00614696	0.0229756	0.00773333	0.0135638	0.00597685	0.00837271	0.0134325	0.246615	0.0816572	0.0521712	0.00124641	0.0058833
67	0.0405317	0.0109179	0.00424975	0.0148699	0.0302885	0.00561612	0.00442852	0.18727	0.00507741	0.0448972	0.00808937	0.00553119	0.00398286	0.0154422	0.00383966	0.027065	0.0165255	0.567262	0.0014437	0.00267136
68	0.0211859	0.0227059	0.0249567	0.030241	0.00897281	0.0284092	0.0250839	0.00993055	0.258692	0.0146965	0.00716341	0.0538201	0.0255999	0.0872683	0.261112	0.0468802	0.0340849	0.0234294	0.0032612	0.0125067
69	0.0308232	0.0305374	0.0218431	0.0635555	0.0154645	0.0236615	0.0403725	0.00949049	0.231516	0.0223558	0.00591967	0.0626838	0.0308171	0.0608283	0.218574	0.0610404	0.0340507	0.0194462	0.00251738	0.014502
70	0.0543238	0.0121521	0.155339	0.185323	0.015774	0.0530062	0.0249099	0.00973616	0.0410553	0.0162925	0.00766067	0.0949832	0.0288852	0.045278	0.0459626	0.122884	0.0578429	0.0192726	0.00146209	0.0078573
71	0.0739729	0.0225765	0.05811	0.041727	0.0121873	0.0864534	0.018812	0.027749	0.0355105	0.0186251	0.0129655	0.103464	0.0494703	0.0335298	0.0588083	0.210288	0.0954562	0.0311864	0.00151288	0.00759439
72	0.073167	0.0227777	0.0726278	0.0462254	0.0120383	0.107971	0.0174675	0.0194553	0.0344312	0.0159274	0.0120725	0.11008	0.0473763	0.0286318	0.063134	0.210002	0.0720232	0.0248489	0.00121506	0.00852753
73	0.0574765	0.0199616	0.00537553	0.0101392	0.229704	0.0223347	0.0234351	0.0499985	0.00991353	0.0961134	0.0205634	0.0130805	0.0312029	0.0123771	0.00753037	0.0765398	0.0908686	0.0844175	0.0156602	0.123308
74	0.11158	0.0164269	0.00939119	0.0202184	0.034899	0.0213115	0.0135894	0.139067	0.0302482	0.190402	0.0771419	0.0156986	0.02292	0.0106518	0.0140136	0.0639267	0.0533688	0.148805	0.00173031	0.00460919
75	0.100403	0.00499288	0.0126026	0.0376838	0.0156408	0.0150133	0.0367683	0.0284902	0.0466392	0.0265498	0.0121976	0.0560611	0.0379964	0.0348441	0.0340419	0.215353	0.224949	0.0523888	0.00330768	0.00407697
76	0.125827	0.0185586	0.00657529	0.0291996	0.0450023	0.0251963	0.0291504	0.0590369	0.0221223	0.133031	0.102256	0.0273107	0.0204007	0.0591477	0.0231355	0.131772	0.0488484	0.0804297	0.00476917	0.00822992
77	0.104555	0.0548746	0.0526385	0.0612601	0.0288134	0.0340862	0.0138425	0.0443966	0.0254767	0.108347	0.0204774	0.0477929	0.0209978	0.0246411	0.0272746	0.14167	0.0801439	0.060701	0.00788742	0.0401235
78	0.111494	0.0183952	0.0108141	0.0221146	0.0353683	0.0215769	0.0142526	0.133682	0.02815	0.18795	0.0779166	0.0150156	0.0257461	0.0111677	0.0136099	0.0664242	0.0548191	0.145233	0.00177361	0.0044965
79	0.0504292	0.020965	0.0411335	0.0263257	0.00983496	0.0525542	0.0520411	0.00843507	0.0720697	0.0175089	0.0130877	0.0900808	0.0145068	0.201371	0.105114	0.101973	0.071082	0.0425856	0.0013002	0.00760256
80	0.0809525	0.0225368	0.0604076	0.0396008	0.0133594	0.0957904	0.0175206	0.0293616	0.0313807	0.0215016	0.0141404	0.0888476	0.0596865	0.031854	0.0594445	0.208511	0.0814986	0.0339405	0.00162206	0.00804335
81	0.114655	0.0229433	0.0140561	0.018022	0.0329543	0.0185919	0.0140544	0.10554	0.0319901	0.117437	0.0590507	0.0196027	0.0655624	0.0299709	0.0241734	0.107148	0.0719931	0.123885	0.00174918	0.00662113
82	0.0393354	0.00235716	0.24727	0.312606	0.0149627	0.0189734	0.032797	0.00226554	0.0374975	0.0133303	0.00124403	0.0748374	0.0172055	0.0598944	0.0321034	0.0447202	0.0292514	0.0104426	0.000996138	0.00790932
83	0.0955606	0.0240203	0.0635612	0.0394318	0.01358	0.0931748	0.016026	0.0197188	0.0338237	0.0215644	0.0127294	0.106623	0.0504889	0.0266494	0.0541452	0.205783	0.0663518	0.0326382	0.00182123	0.0223073
84	0.0422537	0.0157374	0.00247593	0.00468257	0.0293334	0.0072902	0.00709772	0.310864	0.00352361	0.218141	0.0288295	0.00642076	0.00279056	0.00366762	0.0020596	0.00853028	0.0232926	0.27623	0.00179636	0.00498304
85	0.0245117	0.0398661	0.00358114	0.0234985	0.20638	0.0101866	0.058662	0.0357143	0.0132604	0.0436594	0.029359	0.0319758	0.0222358	0.0301725	0.00477257	0.0413062	0.0339822	0.0367327	0.0322542	0.277889
86	0.0393431	0.0046909	0.215756	0.275362	0.0147857	0.0221116	0.0391786	0.00329723	0.042334	0.0156122	0.00236963	0.0736412	0.0157085	0.0911155	0.0381759	0.050229	0.0316236	0.0142559	0.00137999	0.00902956
87	0.134562	0.0249127	0.00961838	0.0212029	0.0520745	0.0358912	0.0209542	0.0478826	0.021776	0.109518	0.0705533	0.03501	0.0325167	0.0485601	0.0365594	0.15593	0.0607943	0.0686716	0.00330164	0.00971064
88	0.279541	0.0572644	0.0100087	0.0174984	0.0120442	0.0998144	0.00568833	0.0328659	0.00584126	0.0270775	0.00927846	0.0101734	0.00777584	0.00928526	0.0124786	0.248165	0.0833626	0.0629495	0.00132317	0.00756453
89	0.151617	0.0443644	0.0360955	0.0226187	0.0379494	0.033806	0.0131775	0.0490777	0.0231599	0.0586989	0.042178	0.0314831	0.0346997	0.0222007	0.026062	0.148031	0.11747	0.090712	0.00425116	0.0123461
90	0.0349854	0.0212545	0.0231348	0.025876	0.0110375	0.0449907	0.0762025	0.00702338	0.0730317	0.0250436	0.00808331	0.088004	0.00695229	0.260063	0.0936766	0.103737	0.049015	0.0337263	0.00238864	0.0117744
91	0.0291573	0.00860801	0.00457321	0.0128321	0.0813116	0.00714294	0.00805166	0.15522	0.00521698	0.433392	0.0847945	0.0070919	0.00363802	0.00927188	0.0100022	0.0129715	0.020583	0.091985	0.00258077	0.0115752
92	0.0386166	0.0133836	0.00351319	0.00744241	0.0531545	0.00799842	0.00712095	0.245226	0.00516	0.329183	0.0533764	0.00735854	0.0033303	0.00465372	0.00504346	0.0107934	0.0211621	0.173344	0.00224008	0.00789924
93	0.0221333	0.0220533	0.00284898	0.0128771	0.275985	0.00822445	0.057021	0.0563757	0.0095865	0.0554969	0.0326083	0.0156778	0.0122052	0.0173585	0.00463009	0.0498411	0.026442	0.0450209	0.0137429	0.259871
94	0.14944	0.0222547	0.00826345	0.0232118	0.0377538	0.0238951	0.0286739	0.0504172	0.0225769	0.115618	0.0889624	0.0239325	0.031371	0.0477688	0.0339873	0.14847	0.0499918	0.0808049	0.00435589	0.00825036
95	0.200309	0.0342773	0.0136513	0.016966	0.0135032	0.0302917	0.00666454	0.104557	0.0104372	0.0671739	0.0202339	0.00992408	0.0111854	0.012251	0.010521	0.214966	0.101573	0.107714	0.00148975	0.0123117
96	0.0385725	0.0092938	0.00203912	0.00611381	0.0236705	0.00460956	0.0049318	0.249579	0.00306263	0.108112	0.0101337	0.0040992	0.00255954	0.00922914	0.00247304	0.0136746	0.0176256	0.486325	0.00111436	0.00278095
97	0.0393646	0.00238183	0.246817	0.311953	0.0149691	0.0191125	0.0328272	0.00227783	0.0377079	0.0133585	0.00125273	0.0748568	0.0171544	0.0601104	0.0323087	0.0448012	0.0293345	0.0104758	0.00101803	0.00791795
98	0.0512821	0.0282907	0.00966165	0.0222606	0.163819	0.0221313	0.0297053	0.0385435	0.0281151	0.073074	0.0257626	0.0300598	0.0217998	0.0256597	0.0147896	0.0768388	0.0832106	0.0613011	0.0628944	0.1308
99	0.291727	0.0581683	0.0082793	0.0158413	0.0100859	0.0930124	0.00380283	0.0364045	0.00404698	0.0242434	0.00666623	0.00702814	0.00338502	0.00728193	0.0103433	0.25583	0.0928757	0.0625644	0.00113296	0.00727953
100	0.0159194	0.022568	0.0187649	0.0282082	0.00894029	0.0241948	0.01596	0.0109721	0.315614	0.0126122	0.00680035	0.0456649	0.0268038	0.0429406	0.309737	0.0342317	0.0270377	0.0199807	0.00340575	0.00964399
101	0.0464312	0.0169576	0.0421832	0.0341813	0.0126937	0.0674767	0.0602361	0.0146921	0.0700315	0.0262951	0.0099602	0.125879	0.020977	0.0854762	0.0668816	0.19685	0.0659879	0.0241291	0.00258797	0.0100928
102	0.0440272	0.0154261	0.00270129	0.00503238	0.0294988	0.00767937	0.0070899	0.305501	0.00400749	0.215105	0.0296155	0.0066792	0.003083	0.00390757	0.00226525	0.00975576	0.023528	0.278371	0.00174987	0.00497634
103	0.0918568	0.0102581	0.0154512	0.0323032	0.0151055	0.0216949	0.0401486	0.0330042	0.0425492	0.0296159	0.0144672	0.0567498	0.0565641	0.0466225	0.0390711	0.198647	0.192408	0.0544165	0.00301771	0.00604821
104	0.0774325	0.0336995	0.00562167	0.00991413	0.189182	0.0291069	0.0366238	0.0390675	0.00917943	0.0722257	0.0317583	0.0157159	0.0482015	0.0163805	0.0109419	0.0831238	0.0697477	0.0623438	0.0131155	0.146618
105	0.0253301	0.0227447	0.00349449	0.0128233	0.257673	0.00898348	0.0447453	0.0615798	0.00910375	0.100798	0.0443234	0.0155878	0.01356	0.0159781	0.00719903	0.0467344	0.0297454	0.0466742	0.0141465	0.218775
106	0.109912	0.0321393	0.02639	0.0236731	0.0229977	0.032771	0.0177817	0.0415015	0.0303519	0.0601251	0.0277598	0.0539546	0.0770896	0.0406962	0.0613589	0.176528	0.0845567	0.0689736	0.00197513	0.00946398
107	0.0393354	0.00235716	0.24727	0.312606	0.0149627	0.0189734	0.032797	0.00226554	0.0374975	0.0133303	0.00124403	0.0748374	0.0172055	0.0598944	0.0321034	0.0447202	0.0292514	0.0104426	0.000996138	0.00790932
108	0.0182131	0.00602896	0.00565427	0.0114737	0.114235	0.00521999	0.00767885	0.109146	0.00340196	0.472727	0.100253	0.00678744	0.00239519	0.00890002	0.0152339	0.00971653	0.0175987	0.065186	0.00267833	0.0174723
109	0.0386816	0.0218641	0.0310819	0.0360629	0.0124511	0.035835	0.0448982	0.0120534	0.139082	0.0235223	0.010952	0.0658927	0.0167216	0.174054	0.155296	0.0752419	0.0528731	0.0390491	0.00305972	0.0113271
110	0.077565	0.0158757	0.00548693	0.0110516	0.0378771	0.0137936	0.0102845	0.241382	0.0129051	0.217912	0.0681386	0.0146069	0.00966687	0.00656542	0.00647675	0.0283479	0.0320906	0.176338	0.00246384	0.0111708
111	0.253568	0.0485065	0.0119947	0.0164546	0.00779979	0.056038	0.00346845	0.0712942	0.00337037	0.0293999	0.00492551	0.0056471	0.00314801	0.00912283	0.0079269	0.266625	0.106061	0.082219	0.00112175	0.0113092
112	0.0351291	0.00865101	0.00534148	0.0116094	0.0813659	0.00806038	0.00849681	0.152443	0.00686242	0.413524	0.0844429	0.00779115	0.00550103	0.00845515	0.0105708	0.0163488	0.0212372	0.0994809	0.00291919	0.0117697
113	0.0408828	0.0116891	0.00578335	0.0111774	0.0716031	0.00881465	0.00984927	0.167237	0.00806142	0.372279	0.0715764	0.0087321	0.00770699	0.0102254	0.00947083	0.0213242	0.0251245	0.123275	0.00260589	0.0125822
114	0.0169086	0.0256215	0.0181946	0.0323476	0.00916047	0.0236412	0.0175373	0.011002	0.306347	0.0134168	0.00678776	0.0463794	0.0267488	0.0453155	0.306683	0.0353662	0.0272787	0.0185316	0.00292262	0.00980971
115	0.130218	0.0176674	0.00932097	0.0436491	0.029188	0.0325153	0.0298139	0.0702991	0.034775	0.11889	0.0955303	0.0167012	0.0185111	0.0269249	0.018241	0.135606	0.042337	0.106572	0.0159551	0.00728439
116	0.288693	0.0682522	0.00653598	0.0155794	0.0115494	0.110232	0.00352928	0.0258726	0.00302787	0.0238394	0.00685326	0.0052143	0.00297369	0.00648424	0.0108674	0.258087	0.088418	0.0568338	0.00125832	0.00589831
117	0.0455667	0.0290188	0.00882922	0.0244099	0.176797	0.0261254	0.0362423	0.0440417	0.0222097	0.0846086	0.0287057	0.0270105	0.0207959	0.0237406	0.011041	0.0655223	0.053083	0.0568676	0.0576902	0.157694
118	0.100489	0.0258128	0.0454211	0.0350093	0.0152213	0.0489633	0.0186885	0.0249468	0.0480319	0.033553	0.0291789	0.0982334	0.0331766	0.0328109	0.0583159	0.191356	0.112894	0.0368951	0.00165837	0.00934449
119	0.0401678	0.00304655	0.241741	0.305464	0.0151205	0.0215281	0.0320817	0.00277361	0.0376337	0.0133973	0.0015935	0.075463	0.0181588	0.0588952	0.032749	0.0492225	0.0310663	0.0109608	0.0010693	0.00786738
120	0.0295827	0.00982937	0.00386796	0.00831752	0.0746203	0.00701444	0.00686695	0.195908	0.00347389	0.4128	0.0733364	0.00719541	0.00213826	0.00546791	0.0071791	0.00800543	0.0173715	0.113693	0.00274469	0.010588
121	0.0368131	0.0133162	0.00717572	0.0134606	0.119257	0.0119981	0.0150601	0.112692	0.0109218	0.345557	0.0692611	0.0210132	0.00841925	0.014289	0.012366	0.0329958	0.0289142	0.0802174	0.00835474	0.037917
122	0.0425979	0.0160225	0.00247341	0.00483984	0.0303976	0.00753493	0.00706565	0.310323	0.00370877	0.222989	0.0302261	0.00661818	0.00290366	0.00353745	0.0020815	0.00868324	0.0234651	0.267651	0.00183591	0.00504598
123	0.0344011	0.00885419	0.00434606	0.00977833	0.0785579	0.00738896	0.00770254	0.168636	0.00540034	0.424997	0.0768788	0.00741573	0.00373315	0.00646983	0.00843841	0.0127797	0.0190642	0.101281	0.00280336	0.0110729
124	0.0747254	0.0232178	0.0713024	0.0456813	0.0122796	0.118916	0.0190288	0.0188051	0.0346265	0.0164185	0.011931	0.109232	0.0443048	0.0283632	0.061971	0.205399	0.0694354	0.0246683	0.00131538	0.00837855
125	0.125639	0.0200958	0.0092354	0.0209126	0.0661497	0.0237292	0.017565	0.0820592	0.023593	0.17281	0.058776	0.0187579	0.0239949	0.0221739	0.0172789	0.114308	0.052383	0.107332	0.00642772	0.0167792
126	0.233748	0.0415058	0.0127758	0.0170446	0.0115989	0.045934	0.00590182	0.0817603	0.00824197	0.0407556	0.0120799	0.00866888	0.00973043	0.0114996	0.0103639	0.245007	0.095407	0.094906	0.00173439	0.0113358
127	0.0953759	0.0179828	0.00860509	0.0187167	0.0588224	0.0221968	0.023073	0.112307	0.0233273	0.192338	0.076234	0.0153158	0.0362663	0.015289	0.0142264	0.0792731	0.0480568	0.124041	0.00322072	0.0153313
128	0.0876571	0.0124771	0.0302562	0.0313935	0.0118533	0.0457193	0.0312175	0.0306366	0.0406354	0.0236079	0.0138986	0.082991	0.0472592	0.0428744	0.0476024	0.198122	0.166698	0.0468299	0.002243	0.00602803
129	0.0337702	0.0126656	0.00374398	0.00700163	0.0692616	0.00787512	0.00642691	0.217146	0.00375873	0.387487	0.0609759	0.00778378	0.00239924	0.00430053	0.00527791	0.00876746	0.0169825	0.132014	0.00288738	0.00947457
130	0.0400287	0.00310938	0.239396	0.299355	0.0146781	0.0216295	0.0327289	0.00274462	0.0389367	0.0137299	0.0017493	0.0784391	0.0184635	0.0592007	0.0341786	0.0505523	0.0308834	0.01094	0.0009848	0.00827189
131	0.109717	0.0191116	0.0121811	0.0228543	0.0361887	0.0223428	0.0137183	0.13563	0.0274345	0.187241	0.0789129	0.0147967	0.0231903	0.0107071	0.0127606	0.0638056	0.0562173	0.146989	0.00169045	0.00450995
132	0.135388	0.0463224	0.0194582	0.0213706	0.0422146	0.0692895	0.0156774	0.0466917	0.0208727	0.0784713	0.0343083	0.0442837	0.051289	0.0402955	0.0319623	0.183034	0.0540085	0.0499298	0.00254922	0.0125827
133	0.102914	0.0192396	0.0165979	0.0208941	0.0167905	0.0201706	0.0224609	0.0635171	0.0333345	0.0391361	0.0211233	0.040628	0.0835938	0.0422351	0.0352862	0.19459	0.149784	0.0681637	0.00223724	0.00730406
134	0.0341263	0.00749859	0.00596807	0.0133245	0.0898848	0.00768424	0.0140838	0.113186	0.00772969	0.417068	0.0986524	0.00808378	0.00616109	0.0108471	0.0171286	0.0206291	0.0275838	0.0795982	0.00240991	0.0183521
135	0.0425814	0.0124469	0.00509444	0.0102863	0.100205	0.0100444	0.0138572	0.148204	0.00842624	0.354047	0.0648204	0.00975972	0.00743254	0.0103074	0.00884487	0.0303566	0.0243794	0.091864	0.00469241	0.0423496
136	0.231148	0.0498904	0.014489	0.0178732	0.0153318	0.045008	0.00715991	0.0562984	0.00794347	0.045118	0.0120287	0.011963	0.0126825	0.0217821	0.0128501	0.225913	0.112362	0.0773128	0.00214698	0.0206985
137	0.127507	0.00811436	0.00859156	0.0453329	0.0227106	0.0128976	0.0395891	0.0262985	0.0458699	0.0446843	0.0187063	0.0425456	0.0400525	0.0300034	0.0296833	0.202001	0.188897	0.058714	0.00355289	0.00424817
138	0.0913464	0.0137204	0.018953	0.0265517	0.0142756	0.0338669	0.0263581	0.0493516	0.0399693	0.03003	0.0165502	0.0660705	0.0524107	0.0430502	0.0401385	0.193707	0.170168	0.0646911	0.00278941	0.00600164
139	0.0663179	0.0220249	0.0836144	0.0593075	0.012221	0.0985875	0.0274208	0.021569	0.0388998	0.017643	0.0117056	0.108259	0.0387189	0.0352145	0.0583355	0.192846	0.0715703	0.0258425	0.00140481	0.00849721
140	0.0978519	0.0150957	0.00858105	0.0185632	0.0414127	0.0206282	0.0131265	0.158751	0.0241114	0.223586	0.076555	0.0137536	0.0200363	0.00826136	0.0103732	0.052776	0.0470766	0.141947	0.00193946	0.00557332
141	0.0312069	0.0243839	0.0210552	0.0296983	0.0110696	0.0441605	0.0836129	0.00636977	0.0773478	0.0285339	0.00674687	0.0843675	0.0059524	0.270533	0.0846516	0.0997154	0.0424283	0.0302964	0.00243368	0.0154359
142	0.105635	0.00479916	0.00800702	0.0383154	0.0157007	0.0129776	0.0397644	0.0284789	0.0438511	0.0292809	0.0114913	0.0541481	0.0424705	0.0355568	0.0336396	0.210561	0.221586	0.0572673	0.00277316	0.00369563
143	0.0752854	0.0228289	0.0720746	0.0463764	0.0120604	0.101232	0.0169564	0.0179175	0.0402047	0.0165496	0.0129326	0.116171	0.0415481	0.0293232	0.0623546	0.205504	0.0749546	0.0251291	0.0014633	0.00913305
144	0.0919739	0.0389901	0.00937478	0.0172576	0.0951203	0.0458825	0.0223528	0.0520898	0.0170959	0.106307	0.0576726	0.0375075	0.02779	0.0552418	0.0208716	0.129374	0.0579872	0.052719	0.00753494	0.0568561
145	0.158869	0.0483607	0.0281354	0.014068	0.0223614	0.0166292	0.0130152	0.0589663	0.0283829	0.0556848	0.0225537	0.0234819	0.138618	0.0263229	0.0350875	0.155218	0.0498421	0.0754312	0.00254849	0.0264228
146	0.101555	0.02514	0.0481344	0.0275034	0.0149899	0.0484203	0.0177351	0.0395862	0.0377601	0.0306873	0.0239003	0.0790718	0.082273	0.0443375	0.0549354	0.165147	0.0891608	0.0594815	0.00115809	0.00902286
147	0.0393354	0.00235716	0.24727	0.312606	0.0149627	0.0189734	0.032797	0.00226554	0.0374975	0.0133303	0.00124403	0.0748374	0.0172055	0.0598944	0.0321034	0.0447202	0.0292514	0.0104426	0.000996138	0.00790932
148	0.0160368	0.0225431	0.0195332	0.028387	0.00901089	0.0241795	0.0166982	0.0108434	0.311948	0.0130155	0.00681789	0.0460331	0.0272054	0.0437187	0.30922	0.03424	0.0275687	0.0201379	0.00318315	0.00967896
149	0.0348039	0.0138349	0.0967741	0.115891	0.0120454	0.0405469	0.0646923	0.00693257	0.0685876	0.0303802	0.00601291	0.109673	0.0136435	0.146216	0.0633614	0.100121	0.037665	0.0193182	0.00225801	0.0172411
150	0.0583575	0.0147536	0.00478082	0.00973809	0.0510308	0.0119557	0.00827011	0.234448	0.00950812	0.290116	0.0618419	0.0101362	0.00740962	0.00422506	0.00515203	0.0207825	0.0267875	0.161023	0.00224716	0.00743637
151	0.0172101	0.0256159	0.0183875	0.030647	0.00900883	0.0235928	0.0167421	0.0114205	0.306263	0.0130392	0.00705072	0.0460443	0.0263723	0.0441832	0.310303	0.0346297	0.0277675	0.0191047	0.00302414	0.00959314
152	0.111747	0.0157075	0.00920177	0.0209669	0.0359098	0.0220089	0.0140459	0.138195	0.0296615	0.194598	0.0787068	0.0152394	0.0220964	0.0104306	0.0127767	0.0637125	0.0526882	0.145953	0.00177816	0.00457638
153	0.0234156	0.00655919	0.00544685	0.0116344	0.104182	0.00578811	0.00816058	0.123355	0.00419216	0.455277	0.0957935	0.00665688	0.00353786	0.00820585	0.0133787	0.0111195	0.0207967	0.075175	0.00254789	0.0147775
154	0.034083	0.0223062	0.0275594	0.0304743	0.00967733	0.0347415	0.041526	0.00905489	0.1551	0.0152342	0.0078556	0.0656099	0.0156363	0.183366	0.171185	0.0646189	0.0588624	0.0420062	0.00293953	0.0081633
155	0.0393354	0.00235716	0.24727	0.312606	0.0149627	0.0189734	0.032797	0.00226554	0.0374975	0.0133303	0.00124403	0.0748374	0.0172055	0.0598944	0.0321034	0.0447202	0.0292514	0.0104426	0.000996138	0.00790932
156	0.0706122	0.0124521	0.00643097	0.0187493	0.0558351	0.0154003	0.0465552	0.0855634	0.0450037	0.222185	0.0456183	0.0143931	0.0150004	0.0830838	0.0114915	0.0716677	0.034662	0.0958539	0.0058916	0.0435507
157	0.0623907	0.0173564	0.00497246	0.00986133	0.0393107	0.0136761	0.0083441	0.255114	0.0103907	0.220972	0.0501368	0.0102048	0.00777696	0.00434138	0.00440892	0.021464	0.0310328	0.220652	0.0018752	0.00571781
158	0.0914784	0.0172676	0.0799467	0.152519	0.037792	0.0232237	0.0209817	0.0206862	0.0308252	0.053	0.0133984	0.057873	0.0163077	0.044429	0.0201402	0.143406	0.0725555	0.0696303	0.0225632	0.0119761
159	0.0164423	0.023227	0.0187952	0.0288402	0.00892534	0.023985	0.0161875	0.0109796	0.309815	0.0126862	0.00693696	0.0459809	0.0265423	0.0431209	0.310769	0.035492	0.0286559	0.0198044	0.00318456	0.0096291
160	0.0191294	0.00547412	0.00509806	0.0113364	0.103545	0.00489825	0.00727298	0.122919	0.00311029	0.476942	0.097799	0.00609685	0.00193802	0.00826169	0.0136865	0.00769283	0.0172046	0.0716055	0.00245754	0.013531
161	0.0159456	0.0227106	0.018875	0.0284375	0.00898797	0.0243485	0.0160466	0.0107742	0.314525	0.0125402	0.00679867	0.0460369	0.0269116	0.0428017	0.311245	0.0342181	0.0267976	0.0192882	0.00317742	0.00953345
162	0.0727854	0.0218993	0.0737325	0.0437986	0.0115066	0.0717749	0.0138815	0.0137406	0.0524776	0.0198907	0.0190407	0.142868	0.0265775	0.0332059	0.0704513	0.185155	0.0878925	0.027524	0.0011501	0.0106469
163	0.017104	0.00506865	0.00588812	0.0119105	0.112918	0.00459533	0.00759284	0.103043	0.00330896	0.483534	0.104745	0.0065472	0.00212087	0.00942012	0.0167815	0.00858563	0.0173942	0.0618418	0.00247906	0.0151199
164	0.0332708	0.0215182	0.0216083	0.0253959	0.011496	0.0467736	0.0817099	0.00647519	0.0734359	0.0250415	0.0068133	0.0873153	0.00569807	0.269895	0.0918351	0.100807	0.0445826	0.0316234	0.00248217	0.0122225
165	0.0317904	0.0102384	0.00386137	0.00833025	0.0708551	0.00755132	0.00682612	0.204918	0.00398394	0.394333	0.0738442	0.0075906	0.00270144	0.00507061	0.00642116	0.00899752	0.0179266	0.121834	0.00280043	0.010125
166	0.0673411	0.0487742	0.112927	0.121714	0.0153758	0.0567237	0.0203136	0.0304113	0.0386957	0.0280723	0.0112202	0.0809192	0.0241355	0.0371806	0.0463725	0.143204	0.0611228	0.0411757	0.00282251	0.0114975
167	0.134618	0.0075071	0.00833956	0.0464289	0.0192759	0.0113437	0.0387666	0.0249077	0.0443431	0.0417123	0.0187427	0.0430068	0.0516325	0.030747	0.0343047	0.196199	0.184039	0.057499	0.00257938	0.0040065
168	0.112082	0.00815707	0.0091615	0.0310975	0.0161013	0.015058	0.0531336	0.0296131	0.0395249	0.0263769	0.0130883	0.0565	0.0310134	0.0411777	0.0353437	0.169531	0.229157	0.0737834	0.00349883	0.00660064
169	0.049754	0.0102616	0.17804	0.241853	0.023775	0.0253043	0.0310691	0.0158051	0.0439252	0.0309383	0.00889386	0.0683501	0.0196805	0.0550414	0.0397245	0.0703639	0.0455586	0.0262712	0.00250354	0.0128871
170	0.024387	0.0218067	0.00303773	0.0127319	0.27872	0.00875856	0.0564698	0.0498332	0.00927863	0.0605018	0.0309483	0.0162274	0.0128786	0.0177215	0.00469452	0.0503967	0.0298844	0.0425529	0.0154499	0.25372
171	0.302779	0.0642865	0.00675748	0.0164915	0.0144389	0.115634	0.00437113	0.0254749	0.00376632	0.0252693	0.00749955	0.00667526	0.00414804	0.00739367	0.0104983	0.245118	0.0782978	0.0534432	0.00132624	0.00633091
172	0.0276934	0.0367427	0.00409053	0.0159307	0.231456	0.0113804	0.0635595	0.0526765	0.0111477	0.0501323	0.0297958	0.0205207	0.016765	0.0212174	0.0060436	0.0557953	0.0305098	0.0435005	0.0167363	0.254306
173	0.0418786	0.0122435	0.00406202	0.00836678	0.0617197	0.00885298	0.00722557	0.215814	0.00643685	0.364566	0.06169	0.00816281	0.00422176	0.00549103	0.00624423	0.0140901	0.0210841	0.136555	0.00259459	0.00870049
174	0.0174732	0.0241527	0.0227788	0.0346184	0.0092415	0.0244604	0.0170577	0.0107139	0.303489	0.0131446	0.00676478	0.0482211	0.0264428	0.0443762	0.301676	0.036226	0.0274951	0.0189651	0.00305265	0.00965071
175	0.298276	0.0653958	0.00670888	0.0161689	0.0123169	0.109339	0.00390964	0.026307	0.00365294	0.0254994	0.00714514	0.00591657	0.00363839	0.00695289	0.0104052	0.251757	0.0838471	0.0555053	0.00117627	0.00608194
176	0.0390042	0.0153287	0.00286001	0.00547368	0.0414961	0.00766548	0.00707515	0.287447	0.00397088	0.287452	0.0425424	0.0071139	0.0030814	0.00333751	0.00331339	0.00849024	0.0214179	0.204136	0.00214179	0.00665233
177	0.064325	0.0114076	0.00417147	0.0091573	0.0259429	0.00769335	0.00632308	0.213015	0.00748968	0.121913	0.0237092	0.00686613	0.00677179	0.0099182	0.0046188	0.0238878	0.0281438	0.41994	0.00139391	0.00331231
178	0.0370434	0.0130051	0.00372081	0.00750046	0.0580464	0.00802814	0.00702698	0.23209	0.00495016	0.351404	0.0578679	0.00755256	0.00356895	0.00447137	0.00537141	0.0113197	0.02028	0.155538	0.00263468	0.00858019
179	0.0531335	0.0831596	0.0105741	0.0205414	0.1743	0.0249582	0.037638	0.0603813	0.0162826	0.0791967	0.0315767	0.0237968	0.02244	0.0230803	0.0148714	0.0705013	0.0428932	0.0593462	0.0152877	0.136041
180	0.0641025	0.0193232	0.0674494	0.0399019	0.0144222	0.0676541	0.0181085	0.0148488	0.0541883	0.0197321	0.0152668	0.142636	0.0264613	0.0322571	0.0683959	0.206294	0.0905737	0.0270069	0.00172291	0.00965537
181	0.0398828	0.0120831	0.0044248	0.00875883	0.0635336	0.00920418	0.0073093	0.207989	0.00600472	0.365514	0.0683905	0.00843694	0.00438865	0.00520538	0.00617391	0.0134327	0.0221711	0.135459	0.00248475	0.00915346
182	0.0771797	0.00458586	0.00812312	0.030818	0.0115886	0.0183723	0.0373926	0.0330301	0.0488613	0.0223728	0.0107606	0.0606302	0.032761	0.0400598	0.043775	0.215843	0.236587	0.05929	0.00361545	0.00435441
183	0.04039	0.00249183	0.244366	0.309816	0.0154813	0.0190735	0.0323711	0.00237994	0.037454	0.0136738	0.00144726	0.0756631	0.016922	0.0594886	0.0319741	0.0465389	0.0304492	0.0108967	0.00111561	0.00800706
184	0.110594	0.0335026	0.0200224	0.0122486	0.0214879	0.0148942	0.0102319	0.0965897	0.0380037	0.0618164	0.0367963	0.019637	0.133397	0.0429622	0.034888	0.112966	0.0674181	0.121834	0.00182408	0.00888481
185	0.0631493	0.0216798	0.0631423	0.0379371	0.00988793	0.0745321	0.0307698	0.0121691	0.0607116	0.0162658	0.0125892	0.116471	0.0283507	0.0975786	0.0794626	0.156295	0.0781253	0.0320966	0.00100889	0.00777764
186	0.0244847	0.0152895	0.0114199	0.0344885	0.0153113	0.0245207	0.0923402	0.0146122	0.0920788	0.0935064	0.00780834	0.0465815	0.00572372	0.285071	0.0377769	0.0888022	0.0217853	0.0295387	0.00500749	0.0538523
187	0.0361164	0.00472084	0.00214329	0.00883872	0.0305624	0.00429546	0.00375908	0.196524	0.0028593	0.0406676	0.00355103	0.00339631	0.00252628	0.0150075	0.00282776	0.0192445	0.0112716	0.608584	0.00112164	0.00198185
188	0.0407616	0.00485149	0.238055	0.298248	0.0162207	0.0194842	0.0302356	0.00531958	0.0358699	0.0160385	0.00274749	0.0709752	0.0166609	0.0554989	0.0303972	0.0485841	0.0412843	0.0170231	0.00253014	0.0092137
189	0.0710017	0.0252938	0.0698563	0.0486903	0.01324	0.078094	0.0156562	0.0163647	0.0525785	0.023023	0.0166024	0.139094	0.0286895	0.0321123	0.067254	0.182234	0.0800202	0.0277067	0.00129918	0.0111896
190	0.026488	0.00872652	0.00380944	0.00802978	0.0787986	0.00648218	0.00719048	0.183244	0.0030727	0.439229	0.0724316	0.00664214	0.00193876	0.00567343	0.00729344	0.00781971	0.0153765	0.103418	0.00281281	0.0115218
191	0.0433413	0.0296693	0.0243025	0.0251672	0.0119391	0.0344054	0.0447264	0.011743	0.113262	0.0205865	0.0117115	0.0645888	0.0158988	0.195733	0.147974	0.0732106	0.0666692	0.0527419	0.00312738	0.00920119
192	0.0393354	0.00235716	0.24727	0.312606	0.0149627	0.0189734	0.032797	0.00226554	0.0374975	0.0133303	0.00124403	0.0748374	0.0172055	0.0598944	0.0321034	0.0447202	0.0292514	0.0104426	0.000996138	0.00790932
193	0.0326956	0.0264437	0.0222894	0.0293824	0.00906134	0.0316549	0.0388774	0.00890156	0.201064	0.0166384	0.00775848	0.0623896	0.0186954	0.13267	0.215506	0.0543245	0.0504616	0.0308293	0.00214526	0.00821176
194	0.217228	0.0403859	0.0196174	0.0169229	0.00904113	0.0333331	0.00516904	0.0903271	0.00778541	0.0411594	0.00881452	0.00925087	0.0127082	0.0136526	0.0106604	0.244216	0.107672	0.0932864	0.00167429	0.0170947
195	0.0300338	0.0133397	0.00933075	0.0290618	0.028129	0.0185188	0.0947734	0.0245269	0.0810592	0.153741	0.0131133	0.0327952	0.00741317	0.223992	0.022957	0.0861296	0.020691	0.0390318	0.00625302	0.06511
196	0.128529	0.0736595	0.0359826	0.0440173	0.0184031	0.0274915	0.00920768	0.0791496	0.013808	0.0704508	0.0191653	0.0202614	0.0216644	0.0312955	0.0151626	0.197733	0.0680044	0.109143	0.00458718	0.0122832
