313	20
1	0.0452998	0.0116194	0.0267937	0.0336906	0.00192123	0.0140681	0.0254702	0.0250683	0.0255117	0.00923665	0.0202732	0.0655148	0.0136806	0.0174057	0.0130457	0.399595	0.228424	0.00913799	0.00703951	0.00720376
2	0.0254202	0.00973223	0.000896697	0.00087826	0.00972282	0.00333374	0.000520892	0.355529	0.00327757	0.101655	0.0172047	0.0016615	0.00038521	0.000791355	0.000635702	0.00819646	0.0363629	0.411344	0.00167788	0.0107737
3	0.00832448	0.0112447	0.0022996	0.00424677	0.0486412	0.00124445	0.000688756	0.239776	0.00419013	0.368172	0.0951988	0.00502107	0.00525715	0.0179801	0.010264	0.010645	0.0188118	0.133216	0.000513578	0.0142646
4	0.00819934	0.0110687	0.00197508	0.00391743	0.0501063	0.00127414	0.000683971	0.235689	0.00382417	0.377559	0.0963882	0.00439276	0.0045345	0.0163561	0.0089678	0.00993448	0.0179811	0.133543	0.000656869	0.0129477
5	0.0478967	0.0111918	0.0302012	0.0316001	0.0019304	0.0204663	0.0349258	0.0234232	0.0512951	0.0126657	0.0218531	0.0702809	0.0137746	0.0262598	0.0286689	0.345421	0.208771	0.0104253	0.00443361	0.00451512
6	0.0748305	0.0220572	0.0051762	0.00590023	0.0296927	0.00192497	0.00211389	0.20405	0.0186232	0.0841772	0.0518222	0.0195019	0.0664952	0.00342712	0.00561247	0.0599755	0.0927259	0.215875	0.0108399	0.0251788
7	0.0603944	0.00890507	0.0432681	0.111775	0.00415537	0.0281506	0.0350625	0.0111332	0.164791	0.0237114	0.00735967	0.0760423	0.0302019	0.109747	0.101234	0.10976	0.0393012	0.0249601	0.00253097	0.00751503
8	0.0776789	0.0222253	0.00395359	0.00447518	0.0326197	0.00188506	0.00194397	0.212972	0.0201526	0.0702968	0.0465922	0.0205901	0.0636751	0.00310186	0.00417437	0.060229	0.101551	0.212039	0.0123836	0.0274611
9	0.127439	0.00585024	0.0246513	0.0394658	0.0133001	0.116591	0.0174205	0.0261786	0.0187742	0.00550156	0.010502	0.0823998	0.0351722	0.0271148	0.00703256	0.29824	0.100178	0.0357623	0.00208508	0.00634095
10	0.248107	0.00207177	0.0137387	0.0612111	0.0234111	0.102312	0.0160452	0.0181119	0.02241	0.00332423	0.0125084	0.0469004	0.0538681	0.0228086	0.00266661	0.219142	0.0769826	0.0477582	0.000762011	0.00585996
11	0.00672475	0.0087806	0.00183417	0.00508702	0.118332	0.00145467	0.00289034	0.163902	0.00661885	0.407843	0.103013	0.00360839	0.00266371	0.014735	0.00608933	0.0113572	0.0175775	0.0796056	0.0104105	0.0274715
12	0.169914	0.0249197	0.00710795	0.0108529	0.0245906	0.0763895	0.0264161	0.109244	0.0303949	0.0296859	0.00579267	0.0133767	0.0654216	0.0300426	0.0447947	0.18471	0.0117552	0.127264	0.00209411	0.00523328
13	0.0810656	0.0218596	0.00373342	0.00440421	0.0320522	0.00186263	0.0017715	0.214796	0.0191391	0.0673712	0.0455359	0.0205322	0.0589989	0.00305432	0.0038895	0.057841	0.10471	0.21686	0.0125675	0.0279547
14	0.0469601	0.0387892	0.00639102	0.0124636	0.113064	0.0219831	0.0116635	0.153797	0.0120905	0.234437	0.0507987	0.0114406	0.0134334	0.0399995	0.0109563	0.0277147	0.0280999	0.0985052	0.00510562	0.0623075
15	0.0516788	0.0125341	0.0213548	0.0452793	0.00172645	0.0227605	0.0224117	0.00765968	0.318033	0.0118335	0.0119219	0.0490557	0.00638155	0.080616	0.207361	0.0735438	0.0357791	0.010975	0.00126512	0.00782933
16	0.0760447	0.0216201	0.00421104	0.00445255	0.0326745	0.00175497	0.00167123	0.213865	0.0197498	0.0779353	0.0480545	0.0203785	0.0621107	0.0031517	0.00463348	0.0591976	0.0989736	0.210513	0.0116842	0.0273235
17	0.00737508	0.00948577	0.00214402	0.00382215	0.096661	0.00159427	0.00117714	0.207233	0.0054929	0.366893	0.0890445	0.00430923	0.00425486	0.0167012	0.00845821	0.0131812	0.0198551	0.108561	0.00756061	0.0261953
18	0.070963	0.01007	0.06885	0.119849	0.00391422	0.0255473	0.0304463	0.0132946	0.163151	0.0209361	0.0101721	0.0714439	0.0106322	0.111619	0.066068	0.115632	0.0479607	0.0285002	0.00636814	0.00458179
19	0.0266495	0.00978433	0.00100464	0.00092361	0.0103394	0.00353868	0.000591718	0.353728	0.00359349	0.0998418	0.0176835	0.00201075	0.00128591	0.000876687	0.000709308	0.0092066	0.0384828	0.406481	0.00195547	0.0113124
20	0.0609619	0.0191955	0.0514417	0.0526937	0.00366968	0.0330583	0.0510685	0.0205036	0.136299	0.0207007	0.0126857	0.0945574	0.00973203	0.0757138	0.0841646	0.154334	0.0861276	0.0253654	0.00326058	0.00446695
21	0.00683477	0.0116863	0.0015939	0.0034159	0.0459615	0.00104234	0.000733252	0.218942	0.0029745	0.424316	0.109947	0.00335548	0.00329618	0.0130542	0.00699621	0.00845195	0.0145589	0.113514	0.000336596	0.00898987
22	0.0368757	0.0600885	0.0298881	0.0510061	0.00271587	0.0104686	0.0367431	0.063025	0.0754272	0.198746	0.00317401	0.0517866	0.00342407	0.0850415	0.0184176	0.0860198	0.0842889	0.0859853	0.00142009	0.015458
23	0.0385596	0.0110219	0.0815087	0.129991	0.044497	0.0380292	0.0893948	0.016246	0.06318	0.0237504	0.0124978	0.0454747	0.00682482	0.11255	0.110253	0.0475948	0.0335155	0.0191092	0.00612506	0.0698768
24	0.0253876	0.00970994	0.000901731	0.000890802	0.00979575	0.00332154	0.000521663	0.35523	0.00327576	0.102219	0.0173954	0.00167064	0.00039098	0.00082456	0.000661028	0.00819031	0.0363437	0.410834	0.00167694	0.0107589
25	0.0442466	0.00608646	0.199428	0.31524	0.00387106	0.0135639	0.0158962	0.00913587	0.0509975	0.0157873	0.00392721	0.0518366	0.0139504	0.110872	0.0486741	0.0452789	0.0272353	0.0179986	0.00097544	0.00499942
26	0.0337895	0.00818149	0.02339	0.0259211	0.00163788	0.0133075	0.0183643	0.0168813	0.0206714	0.00856385	0.015363	0.0658704	0.0183911	0.00974646	0.0128155	0.449148	0.240568	0.00934725	0.00353385	0.00450843
27	0.0375226	0.0108679	0.0229376	0.0486354	0.00776752	0.0214166	0.0271851	0.017895	0.227047	0.0457467	0.02699	0.0500073	0.00696666	0.0953279	0.17744	0.0915605	0.0498251	0.0236991	0.00221016	0.00895189
28	0.0636698	0.00661637	0.0424624	0.0518367	0.00148136	0.0193006	0.0039195	0.00835518	0.0625742	0.0270454	0.00739767	0.0195232	0.520049	0.0346315	0.0387736	0.0603195	0.0163687	0.0134928	0.000778091	0.00140483
29	0.018196	0.00409657	0.308739	0.399112	0.00210494	0.00969397	0.0112182	0.00245272	0.0436107	0.00146373	0.00206946	0.0459673	0.00833271	0.0705312	0.0170393	0.0303421	0.0224493	0.00180489	0.000249403	0.000526334
30	0.0255915	0.0097614	0.000897538	0.000927135	0.00982352	0.00332387	0.000524945	0.355071	0.00334226	0.101503	0.0172629	0.00169706	0.00058608	0.000793372	0.00063432	0.00832122	0.0365507	0.410806	0.00171276	0.0108691
31	0.00631661	0.00330048	0.0025671	0.00478665	0.266081	0.00265622	0.00344089	0.0896992	0.0120764	0.351429	0.0585216	0.00345973	0.00171185	0.0170176	0.00414594	0.0178489	0.0289608	0.0232829	0.0363938	0.0663031
32	0.0254202	0.00973223	0.000896697	0.00087826	0.00972282	0.00333374	0.000520892	0.355529	0.00327757	0.101655	0.0172047	0.0016615	0.00038521	0.000791355	0.000635702	0.00819646	0.0363629	0.411344	0.00167788	0.0107737
33	0.0602141	0.00605967	0.125358	0.180628	0.00223842	0.0417702	0.0233866	0.0122584	0.0861084	0.0129539	0.00936172	0.0879951	0.00381849	0.0467977	0.0373004	0.126062	0.0925067	0.0376849	0.00121111	0.00628597
34	0.0471448	0.0170111	0.0426007	0.0349498	0.146439	0.0205319	0.0397085	0.0524283	0.0333745	0.0877515	0.0238986	0.0239796	0.0176039	0.0371262	0.0276785	0.0596051	0.0447079	0.0491939	0.064534	0.129732
35	0.00652754	0.00642674	0.00112297	0.00154215	0.403644	0.000949728	0.0287115	0.0107457	0.00156532	0.0250955	0.0124249	0.0013307	0.000954258	0.00421667	0.0013374	0.0040471	0.00190993	0.0121684	0.0183619	0.456918
36	0.0629225	0.00780327	0.0436101	0.0562987	0.00828766	0.0231409	0.0102877	0.0225647	0.054186	0.0318682	0.0101337	0.0227617	0.448721	0.0329217	0.0344775	0.0706585	0.0243612	0.0260263	0.00189332	0.00707526
37	0.0295741	0.0110927	0.00856113	0.0244283	0.00201972	0.0141738	0.0152137	0.00874595	0.373197	0.0166562	0.0153797	0.0335903	0.00312244	0.0728896	0.277581	0.042143	0.0318666	0.00988304	0.000444184	0.00943776
38	0.0584422	0.0165608	0.0528515	0.0537469	0.00382537	0.0387425	0.0478446	0.0124839	0.152926	0.0165865	0.0115111	0.097929	0.00618974	0.0737156	0.0983333	0.1489	0.0802866	0.0226737	0.00308113	0.00336912
39	0.0548646	0.0144379	0.021355	0.0285138	0.02459	0.00596611	0.00628757	0.200406	0.0145305	0.161891	0.0562363	0.0148955	0.0572742	0.0127773	0.0273434	0.0526252	0.0452386	0.179225	0.00504467	0.0164973
40	0.0891181	0.0284779	0.0290965	0.0734883	0.00439865	0.0237175	0.0235809	0.00957645	0.132805	0.0219638	0.0076944	0.0952725	0.00741621	0.0805542	0.0840534	0.206363	0.040768	0.0162164	0.00310259	0.0223371
41	0.0184396	0.00398774	0.304945	0.40364	0.00220333	0.00950006	0.01114	0.0026282	0.0431125	0.00165023	0.00211182	0.0451192	0.00856128	0.0703445	0.016809	0.0305947	0.0223125	0.0021017	0.00026505	0.000533699
42	0.0156717	0.0111087	0.00144736	0.00247393	0.0312599	0.00192895	0.000672759	0.275489	0.0033586	0.285956	0.0681688	0.0030717	0.00276996	0.00819844	0.00454269	0.00926952	0.0252722	0.237345	0.00113177	0.0108639
43	0.0334531	0.00489776	0.272616	0.344064	0.00426132	0.0133198	0.0135086	0.00540066	0.052118	0.00851736	0.00308357	0.0507702	0.013296	0.0799304	0.0225507	0.0399889	0.0255156	0.00977538	0.00118167	0.00175091
44	0.0130732	0.00411427	0.00493547	0.0435293	0.0216963	0.0177825	0.0296611	0.0324674	0.238645	0.0917946	0.0240582	0.0484409	0.0041266	0.132487	0.157406	0.0424814	0.0500994	0.0301101	0.00100344	0.0120874
45	0.0725692	0.0547781	0.00671701	0.00744665	0.132663	0.00711973	0.00714559	0.197488	0.0111998	0.117711	0.0291827	0.0110735	0.0344993	0.0137228	0.00672509	0.0443011	0.0638378	0.0909858	0.00663129	0.0842031
46	0.06343	0.0156763	0.0505718	0.054565	0.00399694	0.0421563	0.0451319	0.0121627	0.147224	0.0159539	0.0113278	0.0980232	0.00651676	0.0715387	0.0960494	0.154924	0.0802186	0.0236704	0.00325045	0.00361257
47	0.069661	0.0135618	0.0599203	0.0853401	0.00439982	0.032402	0.0417121	0.0127439	0.143207	0.0213473	0.0114854	0.0891156	0.0107899	0.0964839	0.0873656	0.130066	0.05596	0.0269032	0.00326545	0.00426877
48	0.0541436	0.0245263	0.0508581	0.0585181	0.00480962	0.0264281	0.0524763	0.0269395	0.127546	0.0531858	0.0104947	0.0871042	0.00599304	0.0777365	0.100814	0.114908	0.0687266	0.0375382	0.00368857	0.0135646
49	0.0346912	0.0131497	0.00186898	0.00264093	0.0147987	0.00281265	0.00148382	0.31704	0.0103598	0.100913	0.0267744	0.00818918	0.0139518	0.00256494	0.00400982	0.0193873	0.0568842	0.350574	0.00382571	0.0140794
50	0.0191476	0.0108343	0.00442258	0.00942553	0.0903431	0.00281695	0.00476562	0.183776	0.0101601	0.309143	0.0896464	0.00835968	0.0113876	0.0185288	0.00955852	0.0295473	0.0382997	0.10234	0.00915731	0.0383395
51	0.0692393	0.0127462	0.073597	0.115153	0.00393784	0.0289657	0.0339595	0.0154065	0.12452	0.0307814	0.0117792	0.0841414	0.00984107	0.104364	0.0754059	0.110778	0.0563361	0.0325164	0.00274321	0.00378807
52	0.0526093	0.0194182	0.00371832	0.0187994	0.279471	0.00327252	0.0491608	0.0442976	0.00927199	0.0359898	0.0286285	0.00912005	0.0121718	0.0201883	0.00475331	0.0223227	0.0145543	0.0295714	0.00952184	0.333159
53	0.0529097	0.00531681	0.16563	0.2425	0.00332355	0.0712101	0.0183039	0.00955116	0.0542423	0.0172857	0.00520898	0.102232	0.0053549	0.0607841	0.0238968	0.0726638	0.050527	0.0332837	0.000909835	0.00486556
54	0.283749	0.00219059	0.011195	0.0649074	0.0220331	0.0878195	0.0165093	0.0158164	0.0254181	0.00428217	0.0115256	0.0433496	0.0561028	0.0212527	0.0030962	0.209159	0.0713415	0.044169	0.000899538	0.00518376
55	0.0184438	0.00409689	0.308309	0.398696	0.00211871	0.00986678	0.0112205	0.002496	0.0435538	0.00155857	0.0020464	0.0461625	0.00829421	0.0705502	0.0170224	0.0304299	0.0224483	0.00189571	0.0002551	0.00053505
56	0.035755	0.0384648	0.0270252	0.0431889	0.00670506	0.0134463	0.0264496	0.090931	0.0838764	0.159465	0.0127119	0.0648754	0.0115084	0.0568558	0.0312535	0.0895291	0.0862694	0.104134	0.00381704	0.0137381
57	0.0285644	0.00693444	0.271846	0.341929	0.00223637	0.0165599	0.0125793	0.0049647	0.046465	0.00746397	0.00300804	0.0645111	0.00740438	0.0715305	0.0205195	0.048462	0.0335744	0.00949753	0.000471758	0.00147823
58	0.383692	0.0250585	0.0061748	0.0329458	0.00776442	0.00714088	0.0939697	0.0285689	0.0697256	0.0405686	0.0255234	0.0109179	0.0334965	0.09106	0.00723367	0.1076	0.0112409	0.0100081	0.00217611	0.00513472
59	0.028829	0.00174969	0.27947	0.12657	0.00225061	0.10641	0.0343596	0.00250133	0.0357445	0.00593368	0.00172561	0.225971	0.00689888	0.0319667	0.0253569	0.0314365	0.0313476	0.00506793	0.000687757	0.0157237
60	0.0395746	0.0146197	0.0109983	0.0227169	0.259617	0.0204422	0.137133	0.0266052	0.0155551	0.0446245	0.0218605	0.026989	0.0196211	0.0279501	0.01555	0.062089	0.0221124	0.0318623	0.0122224	0.167856
61	0.0592754	0.00549266	0.0504464	0.0878907	0.00296384	0.0171995	0.00588776	0.0132432	0.0677739	0.0363277	0.00823795	0.0214114	0.436509	0.0405696	0.0364879	0.0618984	0.0239546	0.020244	0.00163415	0.00255243
62	0.0532461	0.00961103	0.0914444	0.0808598	0.00635169	0.196727	0.025822	0.0146559	0.0662152	0.020579	0.00908514	0.126904	0.0163109	0.0661801	0.043561	0.0954325	0.0449491	0.0221633	0.00238631	0.00751642
63	0.00936344	0.00405889	0.00156859	0.00227254	0.584972	0.00145098	0.0350686	0.00718931	0.00216935	0.015569	0.00826657	0.00210817	0.00129219	0.00378555	0.0021544	0.00528762	0.00257593	0.00893328	0.0176742	0.284239
64	0.0473191	0.0137845	0.0403368	0.031325	0.002741	0.0495448	0.0439318	0.00886175	0.181476	0.0154594	0.0116666	0.0925389	0.00321561	0.0549959	0.117926	0.143127	0.114197	0.0227365	0.00268169	0.00213506
65	0.0335942	0.0062702	0.297279	0.218423	0.00895331	0.0364679	0.0176144	0.00729101	0.050873	0.0103453	0.00457117	0.0978447	0.0128871	0.0526833	0.0283841	0.0499529	0.0404247	0.014111	0.00328548	0.0087449
66	0.0870327	0.00508786	0.0628553	0.142526	0.00230263	0.0174421	0.0184042	0.0111844	0.1253	0.0308533	0.0082214	0.0446227	0.131857	0.096894	0.0523184	0.0788434	0.0454976	0.0347207	0.00145146	0.00258489
67	0.0729122	0.00443806	0.0323821	0.26397	0.00419641	0.00427354	0.00561498	0.127707	0.0234354	0.0237314	0.00498589	0.00597556	0.00414225	0.0093171	0.00773058	0.0135021	0.0809447	0.305049	0.00182409	0.00386741
68	0.015653	0.00986413	0.00400649	0.00711125	0.302707	0.00331925	0.0415526	0.0235152	0.00786904	0.0368595	0.0160846	0.00809859	0.00449613	0.0115219	0.00872493	0.0110141	0.00891723	0.0215539	0.0164126	0.440719
69	0.0330879	0.0103774	0.00910743	0.0280642	0.0129416	0.00868086	0.0188041	0.173117	0.0528184	0.0776062	0.0238557	0.0592471	0.0102613	0.0270404	0.0894023	0.0392776	0.118046	0.190924	0.0032601	0.0140806
70	0.0760836	0.00450136	0.0252617	0.183439	0.00329079	0.00728953	0.00988894	0.0244618	0.337146	0.0217165	0.01824	0.0166588	0.00425219	0.116112	0.0509474	0.0653211	0.0148199	0.0134708	0.00276099	0.00433812
71	0.0435579	0.0131901	0.0499994	0.127697	0.0134869	0.0206732	0.0274097	0.0333114	0.109717	0.0791016	0.0167563	0.0491082	0.0403826	0.0954836	0.112597	0.0619228	0.043029	0.0447398	0.00389707	0.0139396
72	0.0486116	0.0141352	0.0323264	0.0577713	0.0135053	0.0214967	0.0345617	0.0264073	0.1897	0.0396272	0.0182257	0.0459397	0.0226125	0.0801353	0.176814	0.0694977	0.0545019	0.0302525	0.00417046	0.0197076
73	0.0704205	0.0107261	0.0751885	0.131655	0.00389462	0.0281972	0.032254	0.0135645	0.123655	0.0283787	0.011142	0.0819117	0.012106	0.110312	0.0736565	0.103276	0.0514622	0.0320906	0.00253983	0.0035677
74	0.0400229	0.00243485	0.0100439	0.0855479	0.188437	0.00295308	0.0526649	0.0320277	0.0395159	0.128305	0.0903234	0.0207993	0.0016957	0.0825146	0.0128402	0.0218943	0.0185511	0.039057	0.00104109	0.129331
75	0.00796702	0.00967553	0.00381342	0.00407964	0.115676	0.00179814	0.00170199	0.216016	0.00573281	0.369571	0.0815035	0.0040393	0.00343518	0.0147636	0.00684512	0.0122558	0.0199854	0.0867278	0.00995957	0.0244526
76	0.486437	0.0445212	0.00725601	0.0119203	0.0123905	0.0416354	0.00704504	0.0169357	0.00575883	0.0182891	0.0134498	0.0197339	0.00820167	0.00590534	0.00350927	0.126831	0.0886338	0.0787425	0.000622618	0.00218156
77	0.0197308	0.00439724	0.304893	0.391037	0.00212651	0.0123741	0.0120768	0.00264209	0.043782	0.00216181	0.0020264	0.048996	0.00799285	0.0717735	0.0177823	0.030629	0.0220625	0.00245139	0.000261445	0.000804251
78	0.00854675	0.011245	0.00231028	0.00421972	0.0484144	0.00125159	0.000687416	0.240209	0.00427911	0.367005	0.094848	0.00514735	0.00546831	0.0179916	0.0103261	0.0109428	0.019073	0.133114	0.000544437	0.0143753
79	0.482459	0.0671156	0.00722627	0.00950544	0.00874159	0.0318333	0.00683572	0.0146083	0.00607919	0.0176802	0.0122389	0.0140566	0.00524215	0.00504399	0.00514807	0.147961	0.078079	0.0777882	0.00071999	0.00163729
80	0.0393817	0.00236343	0.0101287	0.0822352	0.18621	0.00304078	0.0538786	0.0312619	0.040453	0.131991	0.090342	0.022089	0.00170674	0.0799038	0.0138422	0.0215857	0.0190524	0.0382111	0.00113755	0.131185
81	0.0696363	0.0144445	0.053621	0.0668451	0.00820231	0.0389952	0.0486588	0.0112468	0.136941	0.0158132	0.0103713	0.117883	0.00738129	0.0804249	0.0886591	0.140506	0.0603486	0.0224178	0.00332571	0.00427762
82	0.0171704	0.00490115	0.00270982	0.00895905	0.2488	0.00638801	0.172461	0.0100879	0.00355437	0.0375501	0.0153821	0.0250568	0.00419296	0.00964905	0.0139503	0.00888993	0.00782093	0.0311428	0.0140711	0.357263
83	0.0350413	0.00695701	0.185161	0.102915	0.00475782	0.220833	0.0220133	0.0100499	0.0438462	0.0153075	0.00434913	0.152342	0.013903	0.0404788	0.0274188	0.0531367	0.0343958	0.0151007	0.00244324	0.00954951
84	0.0182644	0.0041039	0.308427	0.398967	0.00211336	0.00971692	0.0112232	0.0024833	0.0435924	0.00152281	0.00205728	0.0460232	0.0083288	0.0706919	0.017056	0.0303462	0.0224533	0.00185323	0.000249518	0.000526627
85	0.0778516	0.00291318	0.0501624	0.108174	0.000928159	0.0120742	0.00388674	0.00850361	0.0951393	0.024213	0.00467379	0.0178564	0.393575	0.0457137	0.042283	0.0596844	0.0284841	0.0222723	0.000535003	0.00107635
86	0.0136533	0.0103832	0.00161935	0.00287888	0.0331039	0.00188171	0.000608677	0.285741	0.00368	0.280353	0.067009	0.00349231	0.00301293	0.0102896	0.00609775	0.00931095	0.0246847	0.229309	0.000845818	0.0120454
87	0.15067	0.0061406	0.0188346	0.0364727	0.013849	0.118618	0.0548514	0.0197632	0.0270746	0.0123667	0.0094627	0.0354959	0.198022	0.0223808	0.0155297	0.179609	0.0381628	0.0336549	0.00391564	0.00512577
88	0.026179	0.0167002	0.0678337	0.0422908	0.0211954	0.00471094	0.0967362	0.037921	0.0897448	0.00849676	0.0136772	0.0394932	0.00235372	0.0625474	0.237112	0.0364163	0.0598602	0.0243603	0.00737397	0.104997
89	0.0254202	0.00973223	0.000896697	0.00087826	0.00972282	0.00333374	0.000520892	0.355529	0.00327757	0.101655	0.0172047	0.0016615	0.00038521	0.000791355	0.000635702	0.00819646	0.0363629	0.411344	0.00167788	0.0107737
90	0.0189341	0.00390316	0.299692	0.405008	0.0021376	0.0094089	0.0114437	0.00282572	0.0436669	0.0016541	0.00219026	0.0451876	0.00874796	0.0716202	0.0166497	0.0315181	0.0225174	0.00203754	0.000283769	0.000572893
91	0.00702812	0.00675121	0.00116261	0.00202824	0.347949	0.00112376	0.0324725	0.0116092	0.00194265	0.0251031	0.0127116	0.00177528	0.00101931	0.00490182	0.00153743	0.00440739	0.00197944	0.0134438	0.018401	0.502653
92	0.0362316	0.00968699	0.0235431	0.0251616	0.00193147	0.0150685	0.0201747	0.017162	0.0195969	0.0101927	0.0184261	0.074465	0.0140718	0.0104073	0.013496	0.448332	0.225223	0.00868304	0.00360113	0.00454477
93	0.0943942	0.00172541	0.0651391	0.187172	0.00110736	0.00549304	0.00414445	0.00571158	0.133324	0.0200967	0.00333556	0.0196698	0.225461	0.0560153	0.0423296	0.0538613	0.0473114	0.0320334	0.000530447	0.00114366
94	0.0770588	0.00526172	0.135541	0.301865	0.00437379	0.0125505	0.0188523	0.0438844	0.0295467	0.0218111	0.00403513	0.0386145	0.0139635	0.118733	0.0272352	0.0654733	0.0379684	0.0393175	0.00119171	0.00272254
95	0.0226146	0.004031	0.311729	0.362988	0.00496041	0.0140942	0.012496	0.00374143	0.0422139	0.00358845	0.00242659	0.0531927	0.0107802	0.0671653	0.0175652	0.0334167	0.0246746	0.00448161	0.00158889	0.00225141
96	0.0189995	0.00280949	0.00408147	0.0311827	0.002681	0.00277567	0.0219626	0.15324	0.0743369	0.0532539	0.0168623	0.0540802	0.00222609	0.0299186	0.0765036	0.0286136	0.204656	0.211002	0.00123435	0.00958044
97	0.149408	0.0145897	0.0608347	0.153386	0.00375502	0.0383982	0.018449	0.0162305	0.120875	0.0169947	0.00666049	0.0873884	0.00764578	0.0885219	0.0541974	0.0927966	0.0359238	0.0270883	0.0024046	0.0044518
98	0.0376244	0.0103188	0.0135228	0.0482537	0.00913975	0.00887434	0.0247623	0.112002	0.0638485	0.0554888	0.0217501	0.0403882	0.00737007	0.0428086	0.0822534	0.0440114	0.16999	0.188188	0.00411232	0.0152922
99	0.041798	0.0157072	0.0459382	0.0304753	0.145808	0.0221707	0.0462695	0.0518079	0.0350156	0.0840594	0.0235028	0.0271193	0.0162309	0.0343101	0.0299945	0.0685126	0.0456336	0.0492807	0.0678066	0.118559
100	0.0421848	0.0115822	0.0204305	0.0264392	0.00151275	0.0435379	0.0211283	0.00633931	0.298475	0.0113261	0.0108863	0.0534745	0.00322486	0.066127	0.229291	0.0723049	0.0632729	0.0108145	0.00132041	0.00632796
101	0.0263196	0.00274742	0.00407438	0.0365469	0.00285676	0.00268993	0.0227199	0.144834	0.081153	0.0439415	0.0236991	0.0378594	0.00238564	0.0340424	0.0715209	0.0382539	0.198987	0.210513	0.00125956	0.0135966
102	0.0254262	0.00974714	0.000895882	0.000893152	0.00965263	0.00332229	0.000554835	0.355146	0.00329774	0.101129	0.0171695	0.00166431	0.000384252	0.000809068	0.000635316	0.00819717	0.0361434	0.412502	0.0016832	0.0107472
103	0.00610136	0.00699067	0.00108364	0.00152683	0.356391	0.000972055	0.027918	0.0114449	0.00154662	0.0254534	0.0128985	0.00121244	0.000926659	0.00442394	0.00125465	0.00394631	0.00177184	0.0129722	0.0184508	0.502714
104	0.0464086	0.0137421	0.0455576	0.032007	0.00279233	0.0479326	0.0425807	0.00904768	0.178761	0.0157715	0.0106498	0.0963457	0.00331818	0.0571153	0.117345	0.141105	0.114627	0.02023	0.00249589	0.00216662
105	0.0352881	0.00425373	0.0161575	0.104887	0.00706191	0.0126278	0.0337289	0.0311515	0.256448	0.0277055	0.0113298	0.0488781	0.00861762	0.157738	0.101301	0.0607644	0.0547476	0.0189995	0.00167923	0.00663472
106	0.00884894	0.0117231	0.00229107	0.00739045	0.0502897	0.00207709	0.00328333	0.201581	0.00686176	0.404814	0.111747	0.00508135	0.00374266	0.0210732	0.00963142	0.0101589	0.0158199	0.109687	0.000866715	0.0130323
107	0.0359711	0.0103705	0.0323628	0.0385552	0.00516907	0.0354046	0.0425709	0.0117638	0.20011	0.0298138	0.020404	0.0740764	0.00313518	0.0623523	0.118395	0.134848	0.106865	0.0318096	0.00215083	0.00387229
108	0.0577148	0.00423257	0.142811	0.199272	0.00191618	0.0490787	0.0211242	0.0107077	0.0690024	0.0113773	0.00929432	0.0916188	0.00207713	0.0339884	0.0263973	0.12377	0.0998592	0.0393363	0.000705031	0.00571676
109	0.0125563	0.0089944	0.0040785	0.0132815	0.0720706	0.00334559	0.00844461	0.181074	0.022091	0.326103	0.095593	0.00857652	0.00518487	0.0305022	0.0211274	0.0155435	0.0233509	0.103634	0.00445796	0.0399906
110	0.0251384	0.00372877	0.00454213	0.0145567	0.116079	0.014832	0.260469	0.00999149	0.00758735	0.0722678	0.0267371	0.0588593	0.00348753	0.0138481	0.0364416	0.0125534	0.0164445	0.0509465	0.0146519	0.236838
111	0.0930409	0.00241018	0.0607638	0.164346	0.0013533	0.00828425	0.00705643	0.00685311	0.13392	0.0230981	0.00437551	0.0255334	0.217103	0.063117	0.0442333	0.0601917	0.0484477	0.03365	0.000717028	0.00150498
112	0.0159437	0.00546124	0.0506366	0.0144546	0.00520404	0.00816761	0.00922221	0.00874908	0.247618	0.0318975	0.006484	0.0128145	0.027296	0.0791068	0.0138433	0.108806	0.294152	0.032093	0.0028567	0.0251936
113	0.0210637	0.00397997	0.00461088	0.0128706	0.0934	0.0131201	0.268798	0.00862808	0.00796136	0.0875492	0.0282777	0.0692567	0.00344351	0.0122751	0.041818	0.0116586	0.0207123	0.0493048	0.0122581	0.229014
114	0.43672	0.0572474	0.00720169	0.00561831	0.0262188	0.022119	0.0078096	0.0437023	0.0068451	0.0388669	0.0270861	0.0143081	0.0107843	0.00642718	0.00580358	0.0895343	0.0894436	0.0925384	0.00242273	0.00930245
115	0.238998	0.208877	0.00752673	0.00925075	0.00448595	0.0152687	0.00940924	0.0102717	0.00987041	0.0189616	0.00641147	0.0152876	0.00499489	0.0103567	0.0101103	0.296142	0.0902579	0.0284044	0.00191689	0.00319692
116	0.0482035	0.010152	0.0165997	0.0313374	0.00174225	0.0176424	0.0204255	0.00709168	0.354134	0.0111311	0.0138425	0.0419423	0.0070625	0.0835547	0.231444	0.0560043	0.0277365	0.00844192	0.000882227	0.01063
117	0.0214523	0.00326092	0.0163105	0.294239	0.00296363	0.00408013	0.00607555	0.0234476	0.0719126	0.0250393	0.0211682	0.0134044	0.0025605	0.248842	0.0972468	0.0407995	0.0238811	0.0782653	0.00176875	0.00328192
118	0.0078631	0.00646389	0.00109729	0.00243195	0.344089	0.00114354	0.0380595	0.0115324	0.00168384	0.0236869	0.0123005	0.00168277	0.00104167	0.00516637	0.00138481	0.00434449	0.00186672	0.0134963	0.0170386	0.503626
119	0.0298313	0.0558191	0.0300281	0.0432244	0.00448435	0.0164702	0.0235794	0.0769905	0.111267	0.203722	0.00596268	0.0793044	0.00289778	0.0717555	0.051245	0.0487002	0.0455587	0.0854496	0.0017	0.0120104
120	0.0386438	0.0117203	0.0881934	0.0877984	0.024935	0.00767467	0.0833587	0.0244637	0.0944252	0.0084497	0.0104755	0.0441395	0.0032849	0.064466	0.20694	0.0262578	0.0478593	0.0176839	0.00399883	0.105231
121	0.159558	0.00696201	0.00880391	0.0106776	0.00625622	0.0682798	0.031186	0.150525	0.0343196	0.0124158	0.00684951	0.217875	0.00819589	0.0132628	0.0107478	0.139016	0.0122872	0.0939218	0.0025432	0.00631639
122	0.00628518	0.00330356	0.00276906	0.00442163	0.278836	0.00272305	0.00335604	0.0884632	0.0128959	0.347164	0.0539728	0.00347426	0.00165094	0.0164669	0.00387418	0.017743	0.0292005	0.0191186	0.0408173	0.0634634
123	0.0877647	0.00742461	0.0601463	0.122515	0.00283406	0.0214949	0.0242557	0.0103689	0.13098	0.0252129	0.00808546	0.0565587	0.108342	0.0949778	0.0673513	0.0914395	0.0441215	0.0305486	0.00213336	0.00344458
124	0.013067	0.00536279	0.00613733	0.0421804	0.0239384	0.0261887	0.0339065	0.0446653	0.174048	0.135797	0.0716294	0.0279287	0.00434119	0.157744	0.0980462	0.0315025	0.054971	0.0344749	0.00190458	0.0121663
125	0.00626865	0.0122168	0.00133613	0.00332383	0.0469381	0.00111309	0.000865728	0.204765	0.0034246	0.44572	0.118862	0.0030013	0.00274762	0.0122385	0.00616658	0.0081651	0.0137868	0.100965	0.000353144	0.00774239
126	0.0164325	0.00246712	0.0112931	0.363183	0.00246359	0.0027811	0.00328143	0.0371684	0.0852574	0.0356199	0.0344056	0.00452215	0.00202119	0.159758	0.0647748	0.0370731	0.0206505	0.11331	0.000985698	0.00255113
127	0.0788925	0.0529399	0.0538283	0.0436301	0.00608394	0.0778121	0.0287516	0.031824	0.141414	0.0351781	0.010047	0.064781	0.00825359	0.0703508	0.100595	0.111941	0.0476612	0.0266676	0.00332899	0.00601923
128	0.0322304	0.0515643	0.0669747	0.0421411	0.00573034	0.0946253	0.0210032	0.0699883	0.0945008	0.125335	0.00622896	0.0967487	0.00658049	0.0440419	0.030055	0.049603	0.0364537	0.111599	0.00296142	0.0116348
129	0.00665871	0.00743972	0.00107985	0.00155731	0.35541	0.00105159	0.0274334	0.0136176	0.00170175	0.03113	0.0137056	0.00128101	0.00115667	0.00470529	0.00130682	0.00457977	0.0025608	0.0135817	0.0185971	0.491445
130	0.0612254	0.0177052	0.0423552	0.0511548	0.00404917	0.0582121	0.0406634	0.0100115	0.144165	0.0139357	0.00921986	0.100039	0.00534296	0.073107	0.109066	0.153632	0.0750502	0.0219546	0.00526786	0.00384251
131	0.0944731	0.00171644	0.0649807	0.186522	0.00109692	0.00554344	0.00417773	0.00571534	0.133228	0.0202134	0.00333238	0.0196434	0.225863	0.0560708	0.0425096	0.0539262	0.0472179	0.0321092	0.000528822	0.00113185
132	0.0177871	0.00148257	0.353427	0.10169	0.00159689	0.0830242	0.0245154	0.00237452	0.0375078	0.00561491	0.00150222	0.236146	0.0079882	0.020421	0.0236951	0.0225031	0.0375405	0.00321402	0.000674081	0.0172945
133	0.0580801	0.0189228	0.0405483	0.0415603	0.0033984	0.0478422	0.0385904	0.00990566	0.172754	0.0140257	0.0100262	0.0907676	0.00440834	0.0702622	0.126924	0.141311	0.0840291	0.0194437	0.00343333	0.00376586
134	0.0249107	0.00970622	0.000982844	0.00101771	0.0106921	0.00327154	0.000510444	0.35366	0.00334564	0.107178	0.0184329	0.00179566	0.000568988	0.00115326	0.00091354	0.00829411	0.0360802	0.404809	0.00164315	0.0110338
135	0.0655862	0.00890194	0.0427541	0.0602864	0.00621774	0.0227313	0.00952954	0.0179382	0.0589517	0.0279088	0.00943449	0.0228035	0.443626	0.0354542	0.0354072	0.0742705	0.0261776	0.0243662	0.001941	0.00571403
136	0.0528843	0.012743	0.063364	0.130179	0.0237981	0.028264	0.0285913	0.0319065	0.0990643	0.0466058	0.0183825	0.0472593	0.0159589	0.147605	0.076529	0.0727258	0.0474539	0.033673	0.00467723	0.0183342
137	0.00829901	0.011554	0.00219744	0.00454289	0.0603517	0.00199571	0.00140088	0.221569	0.00529638	0.378174	0.0938484	0.00473941	0.00430646	0.0227968	0.00944235	0.0108306	0.0183993	0.120741	0.00296072	0.0165533
138	0.0492311	0.00674265	0.0329694	0.184641	0.00455556	0.00762226	0.0115869	0.00885077	0.0260634	0.0159745	0.00475203	0.0309001	0.00372696	0.377124	0.124	0.0615649	0.0166842	0.0230567	0.00399636	0.0059581
139	0.0275327	0.00364786	0.367329	0.324359	0.017538	0.00795168	0.011475	0.0040058	0.0329423	0.00606697	0.00217463	0.0376981	0.00675272	0.0637168	0.0129816	0.0303122	0.026183	0.00633054	0.00701356	0.00398844
140	0.0252311	0.00972276	0.000935784	0.000946638	0.00962237	0.00330311	0.000553654	0.354612	0.00328924	0.100705	0.017134	0.00168735	0.00041198	0.000892173	0.000664036	0.00820146	0.0360059	0.413684	0.00168222	0.0107148
141	0.0482536	0.0318572	0.0474707	0.0288378	0.00499819	0.0258957	0.0219432	0.0186477	0.0358238	0.0128576	0.0141209	0.125029	0.011554	0.0237899	0.0249245	0.368031	0.129213	0.0161261	0.00414162	0.00648358
142	0.0713929	0.0140352	0.0609459	0.0870349	0.00435887	0.0315349	0.0413911	0.0128253	0.142005	0.021231	0.0113353	0.0888667	0.0109064	0.0961475	0.0884081	0.128404	0.054513	0.0266417	0.00330735	0.0047154
143	0.00632183	0.0069434	0.00108385	0.00155987	0.354966	0.000978162	0.028716	0.0114164	0.00154548	0.025194	0.01281	0.00124318	0.00095137	0.00448798	0.0012637	0.00396832	0.00175495	0.0130192	0.0183002	0.503477
144	0.0115169	0.0127433	0.00308154	0.00507165	0.0526125	0.0018246	0.00225354	0.220735	0.00676262	0.382312	0.0945422	0.0051796	0.00436844	0.0140539	0.00756513	0.0115299	0.0199725	0.128313	0.00278044	0.0127815
145	0.0313288	0.010803	0.00908111	0.0254669	0.00132501	0.0134243	0.0151414	0.00764397	0.386955	0.0127566	0.0152307	0.0321552	0.00332135	0.0746798	0.271417	0.0417728	0.0298689	0.0082536	0.000425722	0.0089485
146	0.0413502	0.0124799	0.0226755	0.0265732	0.00262711	0.0161108	0.0192122	0.0171208	0.0210606	0.00878725	0.0147074	0.0641949	0.0152533	0.0130677	0.015708	0.439927	0.230562	0.0106616	0.00363081	0.00429001
147	0.0401007	0.00598746	0.147842	0.0711955	0.00482281	0.27093	0.020636	0.0121863	0.0361519	0.0142676	0.00482479	0.183253	0.0141603	0.0317264	0.0221453	0.0572016	0.0337479	0.0174344	0.00212187	0.00926526
148	0.00835469	0.00500795	0.00145131	0.00199752	0.519758	0.0012318	0.0320799	0.00906926	0.00222391	0.02191	0.0100801	0.00194355	0.00155291	0.00424043	0.00182839	0.00526562	0.00259614	0.0102505	0.0208317	0.338326
149	0.0168197	0.0191727	0.00530063	0.0518399	0.00988804	0.00543482	0.0120733	0.0362628	0.0393761	0.00721436	0.0038313	0.00901972	0.00319808	0.118171	0.171605	0.126447	0.350635	0.00801319	0.00198184	0.0037155
150	0.0190347	0.0100031	0.000985184	0.00179873	0.0217361	0.00260936	0.000528463	0.317348	0.00329224	0.199116	0.0453264	0.00249045	0.00156036	0.00551319	0.00320179	0.00841428	0.029625	0.315964	0.00121502	0.0102381
151	0.0420105	0.0208057	0.0214804	0.040861	0.00370553	0.0221703	0.024432	0.0141917	0.277986	0.0232112	0.0136071	0.0474601	0.00719241	0.0870918	0.212856	0.0688734	0.0421056	0.0165431	0.00229066	0.0111247
152	0.112744	0.0081812	0.0367301	0.0673236	0.00768423	0.0293857	0.0116378	0.0224465	0.0630482	0.0246838	0.00902597	0.0234028	0.353854	0.0367469	0.0332067	0.0913937	0.0293008	0.0331456	0.00195665	0.00410122
153	0.539611	0.0640423	0.00557898	0.00227503	0.00735031	0.0285866	0.00590605	0.0153682	0.00226208	0.0206332	0.0140057	0.0107027	0.00103082	0.00238834	0.00380799	0.112374	0.073311	0.0890515	0.000544581	0.00116947
154	0.236754	0.00304868	0.0119662	0.0523405	0.0206933	0.108709	0.0339181	0.019618	0.0213312	0.00446508	0.0150459	0.0402708	0.0636478	0.0247888	0.00454145	0.214428	0.0654203	0.0516178	0.00185955	0.00553543
155	0.0731873	0.0159885	0.0619047	0.0539163	0.012994	0.222752	0.0357178	0.0280797	0.0500733	0.0300881	0.0118593	0.0885967	0.0244102	0.0413917	0.0341043	0.114945	0.0484178	0.0351139	0.00455974	0.0119005
156	0.0129438	0.00754031	0.00509546	0.00832999	0.222225	0.00508915	0.00746508	0.109853	0.0132569	0.31701	0.0510252	0.00568535	0.00426933	0.0351899	0.0074704	0.0186653	0.0284626	0.0311503	0.0393683	0.0699052
157	0.0068929	0.0118859	0.001396	0.00323296	0.0462629	0.00108065	0.000732852	0.215865	0.00297557	0.426933	0.110577	0.00320787	0.00299595	0.012213	0.00628952	0.00843736	0.0150055	0.114634	0.000509153	0.00887238
158	0.0444131	0.0121527	0.0218027	0.0241317	0.0020917	0.0153652	0.020912	0.0162841	0.0173708	0.00844608	0.015646	0.0647192	0.0139666	0.0101437	0.0130411	0.460282	0.222739	0.00845047	0.00368434	0.00435806
159	0.347639	0.0119115	0.00543556	0.028112	0.0111716	0.0395165	0.0181653	0.0124437	0.0194539	0.00955598	0.00823527	0.0168681	0.0565282	0.0413989	0.00695243	0.316379	0.0238762	0.0199228	0.00184898	0.00458503
160	0.0465761	0.0146	0.0382558	0.060143	0.0129129	0.0249651	0.0356429	0.0276711	0.183556	0.0282474	0.0139439	0.0522168	0.0161515	0.0767388	0.178152	0.0750432	0.0590707	0.0314731	0.00517207	0.019468
161	0.0261385	0.00433996	0.300741	0.317766	0.00474406	0.0201686	0.0143222	0.00579611	0.0462834	0.00797802	0.00300989	0.0672452	0.0150844	0.0658345	0.0212123	0.0371598	0.0283777	0.00856507	0.00141622	0.00381748
162	0.0115025	0.00719234	0.00253755	0.00487848	0.464861	0.00154742	0.0335676	0.0151728	0.00362436	0.0278438	0.0131136	0.00318355	0.00261126	0.00706389	0.00258655	0.0065221	0.00467306	0.0134612	0.0170479	0.357009
163	0.00833891	0.00955894	0.00245734	0.00824634	0.118704	0.0015773	0.00662958	0.157358	0.0074008	0.394146	0.100024	0.00467783	0.00265557	0.0172787	0.00613177	0.0115175	0.0178295	0.0755884	0.0102478	0.0396321
164	0.171109	0.00777773	0.0174129	0.0303895	0.0110208	0.0984659	0.02206	0.0437886	0.0227304	0.00828066	0.00928182	0.141173	0.0250278	0.0213501	0.00861092	0.258392	0.0557382	0.0396923	0.00225512	0.00544413
165	0.351268	0.0759544	0.00821242	0.0104671	0.0081933	0.0866196	0.0117306	0.0204145	0.0130323	0.0311843	0.0101144	0.0193592	0.0113848	0.0150647	0.0124015	0.200669	0.0497965	0.0569255	0.00182731	0.00538062
166	0.0119014	0.0126255	0.00273462	0.00553552	0.0493542	0.00181056	0.00221113	0.222488	0.00609793	0.374826	0.093593	0.00557929	0.00373853	0.0137023	0.00818798	0.0107887	0.0193732	0.139128	0.00249538	0.0138295
167	0.388092	0.042021	0.0163288	0.0258617	0.0113425	0.0623279	0.0185512	0.0204735	0.0197331	0.0186976	0.011935	0.0307581	0.0197013	0.0167627	0.0125495	0.15167	0.0640166	0.0626481	0.00197172	0.0045572
168	0.0125768	0.00486191	0.00182814	0.00603397	0.324037	0.00382363	0.109439	0.0101574	0.00299832	0.0358977	0.0149896	0.0144544	0.00166646	0.00741618	0.00900991	0.00680046	0.00482049	0.0211313	0.0155568	0.392501
169	0.0391758	0.0117538	0.0227075	0.0449858	0.00379344	0.0204706	0.0242776	0.0132883	0.295741	0.0208941	0.0150897	0.0471126	0.00805766	0.0771189	0.213249	0.0641334	0.0481185	0.0178172	0.00164485	0.01057
170	0.0287341	0.00975611	0.00192811	0.00766538	0.0101962	0.00319209	0.0017113	0.33057	0.00850067	0.0935391	0.0184624	0.0055	0.00377276	0.00278598	0.00524203	0.0122626	0.0539508	0.388689	0.00216367	0.0113778
171	0.0195868	0.00719148	0.00506719	0.00912536	0.417429	0.00608674	0.0900721	0.0119587	0.00829694	0.0306087	0.0143591	0.0147696	0.00646149	0.0131891	0.0110926	0.0134773	0.00933695	0.0195452	0.0155924	0.276753
172	0.0419125	0.058073	0.0124448	0.0226651	0.19558	0.0131258	0.0952491	0.0383065	0.0198782	0.0225554	0.0127384	0.0880833	0.0919356	0.0720178	0.0161822	0.0391568	0.0277907	0.0297491	0.00569445	0.0968609
173	0.16441	0.264482	0.00674149	0.0088708	0.00442768	0.010816	0.00683487	0.00997284	0.00901223	0.0178381	0.00510525	0.0123684	0.0047577	0.0122966	0.00952193	0.345225	0.0849508	0.0158112	0.00241937	0.0041381
174	0.0783532	0.0169527	0.0442676	0.0584957	0.0147229	0.0225296	0.0217855	0.0511636	0.0606236	0.0435732	0.0193967	0.047525	0.0178254	0.0423036	0.0468687	0.172915	0.165378	0.0570773	0.00524674	0.0129956
175	0.052176	0.0143018	0.0474429	0.0962931	0.0154591	0.0200837	0.0299411	0.0245983	0.0943737	0.0316548	0.0136207	0.0458301	0.0181967	0.136789	0.0772852	0.0951782	0.135597	0.0324216	0.00554673	0.01321
176	0.0132406	0.00847383	0.00593834	0.00934299	0.298645	0.0041181	0.048477	0.0254869	0.00777312	0.0409896	0.01714	0.0099735	0.00295552	0.0113584	0.00966258	0.0104038	0.00942064	0.022748	0.0164806	0.427372
177	0.0252369	0.00977001	0.000907928	0.000944456	0.010256	0.00328988	0.000541702	0.354203	0.00336811	0.104826	0.018201	0.00175841	0.00050058	0.00103786	0.000770803	0.00832021	0.0364702	0.407123	0.00170315	0.0107704
178	0.0435896	0.0138018	0.035769	0.0688838	0.0127385	0.0232535	0.0341852	0.0260631	0.171079	0.0331321	0.0163573	0.0489142	0.0192944	0.0844925	0.18386	0.07382	0.0527625	0.0309104	0.00462173	0.0224715
179	0.0578142	0.0139138	0.0343742	0.0487066	0.0725922	0.0350825	0.166879	0.0246644	0.0542636	0.0448234	0.0180277	0.04908	0.0191672	0.0424	0.0471586	0.0813058	0.0429352	0.0379827	0.0102564	0.0985725
180	0.0981262	0.00446568	0.00511475	0.00685308	0.0188976	0.146586	0.241737	0.0217309	0.0210479	0.00649667	0.00536591	0.021359	0.0787332	0.00917967	0.00575371	0.240783	0.0232122	0.0250165	0.0157272	0.0038135
181	0.0712689	0.0189554	0.0490506	0.0601919	0.0107461	0.025335	0.0377321	0.0125456	0.132003	0.0150922	0.022121	0.0755389	0.00622634	0.0715125	0.126785	0.118991	0.0743134	0.0434735	0.00967324	0.018445
182	0.0827226	0.0120417	0.0304157	0.0563771	0.0177239	0.0257689	0.0159331	0.0676338	0.0561249	0.0472886	0.0199795	0.0237728	0.250859	0.0321455	0.0300586	0.078847	0.044804	0.0893659	0.00494156	0.0131956
183	0.0386246	0.0024193	0.0104029	0.0806842	0.187111	0.00299857	0.0539791	0.0314162	0.0401774	0.135796	0.0904467	0.0223398	0.0017039	0.0786446	0.0134577	0.0213301	0.0193891	0.0374605	0.00173018	0.129888
184	0.0138937	0.00579352	0.00272278	0.00842915	0.27041	0.00408464	0.114622	0.0117248	0.00409973	0.0363618	0.0154271	0.0178588	0.00245496	0.00984453	0.0110213	0.00766773	0.00604826	0.0245614	0.0150471	0.417928
185	0.0347065	0.0101107	0.0228278	0.0259054	0.00202269	0.0152099	0.0187245	0.0164616	0.0194848	0.009161	0.0157179	0.0698052	0.0150585	0.0112957	0.0171944	0.439282	0.240331	0.00922916	0.00326151	0.00420976
186	0.0797492	0.0135476	0.0274601	0.0517389	0.020187	0.0241627	0.0159937	0.0757684	0.0492937	0.0509389	0.021015	0.0233855	0.245526	0.0316312	0.0287099	0.0758666	0.0446495	0.101007	0.00543422	0.0139349
187	0.0454073	0.00597644	0.166397	0.284562	0.0074616	0.0214726	0.0187776	0.0172565	0.066752	0.0202688	0.00817101	0.0517029	0.0248762	0.0849217	0.0352856	0.0598572	0.039174	0.0315375	0.00149681	0.0086443
188	0.0646086	0.00838084	0.0436022	0.0619719	0.0060542	0.0230948	0.0111859	0.0173812	0.0607055	0.0285623	0.00947414	0.0241653	0.436187	0.0363118	0.0348281	0.0766333	0.0265078	0.0233342	0.00160475	0.00540613
189	0.0335467	0.00586531	0.289141	0.201157	0.0101148	0.0338797	0.0205959	0.00879338	0.0489847	0.0143981	0.00524964	0.101732	0.0226891	0.0567457	0.0294458	0.0486305	0.0395993	0.0147658	0.0040499	0.0106164
190	0.0339311	0.0119332	0.00147969	0.00136156	0.0118473	0.00309221	0.000626869	0.339168	0.00492024	0.100868	0.0219899	0.0038239	0.00743499	0.00102883	0.00126195	0.0150396	0.0435581	0.381579	0.00260757	0.0124486
191	0.026351	0.0102496	0.000961072	0.00102226	0.00979172	0.00334143	0.000577687	0.352513	0.00345856	0.100731	0.0174921	0.00177509	0.000790632	0.000941577	0.00069375	0.00866314	0.0363135	0.411749	0.00175644	0.010827
192	0.0591179	0.0112951	0.0308494	0.0403802	0.0713327	0.0435898	0.16427	0.0230618	0.0550233	0.0403212	0.0174339	0.0533554	0.0242751	0.0421108	0.0490021	0.0955927	0.0408228	0.0358091	0.00974548	0.0926111
193	0.0301536	0.00472423	0.25989	0.346248	0.00466793	0.0167087	0.0148652	0.00861251	0.0458468	0.00799731	0.00353751	0.0546206	0.012278	0.0728143	0.0232895	0.0426949	0.0308795	0.0147185	0.00130238	0.00415137
194	0.0218932	0.0101557	0.00117568	0.00161611	0.017623	0.00287687	0.000573703	0.328883	0.00348286	0.161559	0.0328703	0.00224286	0.00158915	0.00406172	0.00254851	0.00868436	0.0322387	0.353104	0.00137258	0.0114491
