340	20
1	0.0562697	0.0127296	0.00115628	0.00162573	0.393035	0.0527754	0.00127747	0.0899934	0.00186898	0.192515	0.0141608	0.00234572	0.000855678	0.00233591	0.00225588	0.0269977	0.027387	0.0545107	0.0117406	0.0541629
2	0.105354	0.00533685	0.000329293	0.000462373	0.145104	0.045497	0.000360061	0.110527	0.000672933	0.284245	0.0311864	0.000519922	0.000285955	0.00300485	0.00307992	0.052313	0.043955	0.11917	0.019739	0.0288566
3	0.105354	0.00533685	0.000329293	0.000462373	0.145104	0.045497	0.000360061	0.110527	0.000672933	0.284245	0.0311864	0.000519922	0.000285955	0.00300485	0.00307992	0.052313	0.043955	0.11917	0.019739	0.0288566
4	0.0628745	0.00678615	0.00039465	0.000492829	0.0482596	0.0170956	0.00279182	0.320636	0.00079152	0.275722	0.0539191	0.00048079	0.00586026	0.00065251	0.000617856	0.00742408	0.0150793	0.159445	0.00743598	0.0132401
5	0.366782	0.0381069	0.00868631	0.00149899	0.0181878	0.023891	0.00121157	0.04507	0.00181104	0.0188316	0.00276387	0.001796	0.000760291	0.0017069	0.00177218	0.343845	0.0398869	0.0817481	0.000461777	0.00118216
6	0.105354	0.00533685	0.000329293	0.000462373	0.145104	0.045497	0.000360061	0.110527	0.000672933	0.284245	0.0311864	0.000519922	0.000285955	0.00300485	0.00307992	0.052313	0.043955	0.11917	0.019739	0.0288566
7	0.105354	0.00533685	0.000329293	0.000462373	0.145104	0.045497	0.000360061	0.110527	0.000672933	0.284245	0.0311864	0.000519922	0.000285955	0.00300485	0.00307992	0.052313	0.043955	0.11917	0.019739	0.0288566
8	0.183865	0.00635249	0.00408132	0.0160826	0.0111296	0.0804629	0.0183228	0.0120135	0.0122012	0.0845586	0.0221982	0.0310283	0.166745	0.030911	0.0129378	0.174323	0.0549124	0.0329897	0.0124233	0.0324606
9	0.203516	0.00521233	0.0527727	0.0386792	0.0110374	0.217857	0.00480878	0.0304536	0.0156029	0.0144651	0.00681154	0.0285294	0.0365446	0.0121227	0.0157831	0.234764	0.0400301	0.0219571	0.00139111	0.00766053
10	0.0370918	0.00339471	0.00636008	0.00799189	0.00504415	0.75767	0.00583016	0.00772074	0.00782927	0.0146128	0.00666921	0.0134405	0.0376333	0.0071491	0.00571683	0.029509	0.0128678	0.0103528	0.00214509	0.0209707
11	0.0714237	0.00764271	0.0195225	0.019284	0.0510433	0.0135539	0.010643	0.204186	0.047793	0.212408	0.0673774	0.0104062	0.000303819	0.0192142	0.0298324	0.0193641	0.034728	0.105221	0.0109918	0.0450618
12	0.0591658	0.00675485	0.000367246	0.00046117	0.0512881	0.0159589	0.00268167	0.32503	0.000697544	0.27065	0.0520032	0.000472462	0.00596538	0.000584542	0.00059492	0.00701334	0.015386	0.163626	0.00750112	0.0137967
13	0.154494	0.00892924	0.0221011	0.0257694	0.0401686	0.0928348	0.0152829	0.0397619	0.0175333	0.0696341	0.0223486	0.0441147	0.0529168	0.0174154	0.0130727	0.201369	0.0515604	0.0585228	0.00573555	0.0464352
14	0.124243	0.0152479	0.00207892	0.0072507	0.0111003	0.00269803	0.0231906	0.0833939	0.0528387	0.0518156	0.00692149	0.0192132	0.00550245	0.00617566	0.122948	0.0649061	0.251757	0.143644	0.000975615	0.00409901
15	0.0210924	0.0116996	0.000989046	0.00140773	0.340553	0.017323	0.000929524	0.0511219	0.00120128	0.381067	0.0880783	0.00172679	0.000667209	0.00140857	0.00169432	0.0105603	0.0147149	0.0244194	0.00348622	0.0258599
16	0.247253	0.00657731	0.0179295	0.0864807	0.00785807	0.0332137	0.00382533	0.00216582	0.135087	0.0614094	0.013352	0.043618	0.00118587	0.0726326	0.117011	0.121873	0.0229558	0.00335391	0.000337402	0.00188023
17	0.0536358	0.00318881	0.165617	0.266372	0.00344567	0.0433269	0.0358745	0.0170726	0.0542454	0.0227552	0.016806	0.0553018	0.0154881	0.0795723	0.0349473	0.0571501	0.0481083	0.0207177	0.0001512	0.00622398
18	0.00233102	0.00162246	0.000600022	0.000755315	0.482251	0.000903478	0.0140456	0.00502879	0.000901018	0.0490968	0.0239613	0.00171477	0.00036885	0.000870935	0.000977672	0.00363433	0.00177477	0.01358	0.0205182	0.375063
19	0.0218927	0.00124684	0.0206264	0.0265748	0.0180281	0.372346	0.0208553	0.00230992	0.130918	0.0114545	0.0020931	0.213813	0.00123487	0.0108381	0.066171	0.0704117	0.00362436	0.00309119	0.000724754	0.00174519
20	0.00522212	0.000961511	0.000191288	0.00029204	0.0112745	0.0010241	0.000216927	0.605109	0.0003357	0.0484936	0.00723542	0.000285033	0.000179821	0.000322762	0.000329282	0.000719901	0.00234355	0.307722	0.000100558	0.00764141
21	0.0595112	0.00328187	0.162786	0.269311	0.00328288	0.0469842	0.0336101	0.0164674	0.0558544	0.0207854	0.0128795	0.0523703	0.0172095	0.0773031	0.0340662	0.0566554	0.0483153	0.0225608	0.000109275	0.00665569
22	0.0641105	0.0156251	0.00204732	0.0158231	0.0155587	0.00498357	0.0458912	0.090327	0.0412108	0.0230503	0.00392217	0.0130824	0.178466	0.0428541	0.0695931	0.103141	0.104645	0.125892	0.000822742	0.0389539
23	0.00642338	0.000340461	0.00250333	0.00206563	0.000356127	0.961367	0.000242914	0.000518561	0.00165283	0.000578988	0.000405985	0.00785082	0.00264543	0.000390579	0.0022996	0.00567195	0.000716405	0.00235486	0.000168108	0.00144715
24	0.0258036	0.000418337	0.00042194	0.00316605	0.000488649	0.000657712	0.00291402	0.00117829	0.00461666	0.00399651	0.000716533	0.000568274	0.928896	0.0082321	0.00484204	0.00549722	0.00583758	0.00111948	0.000167343	0.000462035
25	0.120244	0.0137383	0.00248687	0.00616171	0.0206319	0.00386673	0.0235424	0.0675915	0.0330839	0.0545545	0.00651103	0.012875	0.00385974	0.00566325	0.0987941	0.067709	0.271155	0.173289	0.0010068	0.0132352
26	0.0164579	0.00874629	0.00032857	0.00210423	0.00304111	0.00100383	0.000312829	0.242415	0.000468547	0.0726148	0.00382676	0.00182181	0.000213754	0.000407328	0.000501896	0.00343463	0.0185875	0.622875	0.000160138	0.000677864
27	0.164499	0.013364	0.0169604	0.0191829	0.0102316	0.0258167	0.00564167	0.0566521	0.0192623	0.0644882	0.0438053	0.0432667	0.0148982	0.0121653	0.0167255	0.185817	0.20769	0.0695335	0.00178489	0.00821448
28	0.0495944	0.0192912	0.00390434	0.00694963	0.0261933	0.00380498	0.00292042	0.0158729	0.0464762	0.195161	0.170721	0.0172399	0.00213495	0.168063	0.103161	0.0365883	0.0725636	0.0465063	0.00141233	0.0114401
29	0.00266563	0.0046892	0.000725136	0.00109308	0.356978	0.0010685	0.00533396	0.0020687	0.00110454	0.0192647	0.00620021	0.00506575	0.000547744	0.000976639	0.00100819	0.00416998	0.00230018	0.00429632	0.00461744	0.575826
30	0.139913	0.00499615	0.0546124	0.24893	0.00505791	0.0331054	0.0158455	0.00634162	0.0936079	0.0335974	0.0120859	0.0520013	0.00421314	0.0798098	0.0969189	0.0702301	0.0309875	0.0119528	0.000375189	0.00541758
31	0.0064573	0.00213262	0.000272697	0.000291058	0.0308527	0.00113347	0.000338293	0.317195	0.00036596	0.458739	0.0459593	0.000325287	0.00139128	0.000323226	0.000348888	0.000936553	0.00359507	0.121084	0.00339577	0.00486186
32	0.12403	0.0067289	0.0634655	0.160305	0.00488208	0.021852	0.0223897	0.00765786	0.118314	0.02254	0.0159256	0.0715152	0.000568007	0.101266	0.139391	0.0649861	0.0297105	0.0148252	8.09958e-05	0.00956621
33	0.011263	0.00617648	0.00205829	0.00314884	0.01365	0.00369954	0.00255053	0.173396	0.00404823	0.495375	0.0329514	0.00313683	0.134671	0.00295825	0.00412066	0.00682596	0.0111633	0.0813949	0.00264296	0.00476915
34	0.00530567	0.0022366	0.000814195	0.000888683	0.00199514	0.0021455	0.000839018	0.309772	0.00176237	0.0237007	0.0159167	0.00122183	0.000737009	0.0010645	0.0011872	0.0133637	0.125951	0.489346	0.000839988	0.000912126
35	0.00386978	0.000688579	0.000847233	0.00502744	0.000895664	0.00368255	0.00117298	0.00126064	0.271057	0.0020431	0.00433718	0.0168473	0.00456235	0.020337	0.630363	0.0176475	0.0124247	0.00169241	0.00028822	0.000955969
36	0.0906274	0.0073986	0.00119253	0.00242014	0.0305709	0.0164623	0.00253671	0.260139	0.00274046	0.211297	0.0312784	0.00213036	0.00315103	0.00169689	0.00219833	0.0139357	0.0219292	0.279183	0.0048416	0.0142698
37	0.113266	0.00260866	0.0567638	0.0340212	0.000833989	0.0510479	0.00286755	0.00128925	0.00757651	0.00307833	0.000895875	0.0607294	0.00136772	0.0282699	0.0383083	0.550564	0.0437793	0.00168491	0.000362671	0.00068428
38	0.00377683	0.000730452	0.000758863	0.00558925	0.000898114	0.0058374	0.00180349	0.00114235	0.310809	0.00188308	0.00367125	0.0188548	0.003839	0.0249553	0.579812	0.0200376	0.0121093	0.00189359	0.00026895	0.00132921
39	0.00505893	0.00092567	0.000184005	0.000247907	0.0111926	0.00093299	0.000207986	0.607767	0.00027159	0.0385165	0.00684185	0.000255709	0.000138338	0.000284359	0.00028012	0.000575777	0.00259815	0.319837	0.000103412	0.00378045
40	0.117269	0.0042411	0.00133224	0.0387808	0.00267783	0.00239728	0.00363586	0.0737358	0.0609087	0.066395	0.0353555	0.0149596	0.00117225	0.0133331	0.0234667	0.0906003	0.263592	0.18336	0.000843717	0.00194271
41	0.209783	0.00133544	0.00155348	0.0173281	0.00147112	0.215137	0.00117964	0.00219125	0.0130161	0.00315446	0.00198325	0.228515	0.00111431	0.00190181	0.012528	0.219949	0.0418537	0.0140601	0.000626162	0.0113191
42	0.00571483	0.00201452	0.000292997	0.000464063	0.0187996	0.000907958	0.000291177	0.336352	0.000454401	0.471861	0.0630867	0.000420649	0.000664548	0.000421055	0.000428765	0.00100581	0.00265436	0.0879401	0.00305875	0.0031669
43	0.335832	0.00123624	0.0393318	0.0756821	0.00301702	0.00413448	0.00157329	0.0118978	0.0180868	0.00540063	0.0132253	0.0148418	0.00121118	0.0820538	0.00566388	0.310671	0.0517586	0.0222049	0.000633013	0.00154414
44	0.0838947	0.00403076	0.114381	0.100382	0.00278182	0.0172941	0.030766	0.00522129	0.15691	0.0109879	0.00909377	0.079782	0.00200665	0.088641	0.189045	0.0583454	0.0244152	0.0156533	0.000494723	0.00587225
45	0.0164291	0.000754171	0.772545	0.069455	0.00109138	0.00513546	0.0011322	0.00128194	0.00903174	0.00212646	0.00111422	0.0907449	0.00401881	0.00662587	0.00246421	0.00987021	0.0029792	0.00202966	0.000307222	0.000863113
46	0.00344563	0.00065817	0.000229144	0.000265278	0.0213724	0.000350727	0.000208134	0.333313	0.000326259	0.502254	0.0421015	0.000275725	0.000634257	0.000294307	0.00031823	0.000633844	0.00142019	0.0843221	0.00368131	0.00389605
47	0.606968	0.0155219	0.00509768	0.0105199	0.00201029	0.0242541	0.00227227	0.00198834	0.0162934	0.0024994	0.00220987	0.00930101	0.00080616	0.0060069	0.0198873	0.207882	0.0600237	0.00438486	0.000573514	0.00149958
48	0.0310877	0.00290472	0.00211403	0.00229395	0.0174113	0.00486914	0.00792863	0.026675	0.046554	0.443108	0.182064	0.00525468	0.00667275	0.0138944	0.0973077	0.00995704	0.0121712	0.0589221	0.0010932	0.0277171
49	0.340535	0.00169263	0.00259258	0.00925329	0.00256732	0.144778	0.00158435	0.00340994	0.0164365	0.00397606	0.00258578	0.140323	0.00137715	0.00286498	0.0167802	0.216917	0.0391475	0.0176985	0.000730031	0.0347509
50	0.00428188	0.00042	0.00042007	0.00301521	0.025908	0.00191283	0.000456035	0.0199811	0.000633663	0.662401	0.251368	0.000558635	0.000354266	0.000608321	0.00182588	0.00240606	0.00599282	0.0140744	0.000220312	0.00316154
51	0.258693	0.00759583	0.0140135	0.0757086	0.00787004	0.0368932	0.00232615	0.00198988	0.133304	0.0607105	0.0120915	0.0368501	0.00208917	0.0695623	0.118134	0.134731	0.0226695	0.00292087	0.000424435	0.00142142
52	0.113266	0.00260866	0.0567638	0.0340212	0.000833989	0.0510479	0.00286755	0.00128925	0.00757651	0.00307833	0.000895875	0.0607294	0.00136772	0.0282699	0.0383083	0.550564	0.0437793	0.00168491	0.000362671	0.00068428
53	0.015439	0.00679826	0.000376626	0.00143869	0.00244955	0.00125618	0.000435544	0.264559	0.000797266	0.0606098	0.00766451	0.00162499	0.000317496	0.00051705	0.0005572	0.00729819	0.0468213	0.580209	0.000332492	0.000497417
54	0.0411028	0.00657292	0.0180943	0.0215237	0.0106678	0.0225101	0.0211476	0.0126987	0.0572119	0.0510803	0.0153387	0.15328	0.00444022	0.0243247	0.434576	0.0458262	0.0317015	0.0168228	0.00379382	0.00728676
55	0.00509431	0.00097655	0.000183983	0.000248195	0.0111781	0.000936731	0.000212222	0.606285	0.000280297	0.0413339	0.00773017	0.00025563	0.000137372	0.00028848	0.000280802	0.000582506	0.00260967	0.317384	0.00012351	0.00387865
56	0.052301	0.00588524	0.0414064	0.0791539	0.0223875	0.0109574	0.0251129	0.219302	0.0284614	0.163833	0.0388406	0.00865378	0.00137991	0.0675525	0.0189063	0.022345	0.0313424	0.120487	0.00518615	0.0365055
57	0.256791	0.00365158	0.121352	0.0807397	0.00884512	0.128057	0.00612295	0.0182869	0.0145745	0.0142331	0.00872553	0.0241561	0.0105565	0.0130095	0.0139057	0.1934	0.0364695	0.0380098	0.00204123	0.00707223
58	0.0588551	0.0125554	0.00230829	0.0132655	0.0129046	0.00682554	0.0425082	0.09325	0.0307362	0.0223506	0.00550528	0.018712	0.217308	0.0406739	0.0618927	0.101741	0.106721	0.119055	0.000900169	0.031932
59	0.0103554	0.00307857	0.00043124	0.000538143	0.000825591	0.000805287	0.000414987	0.644861	0.000693549	0.0543267	0.131965	0.00063577	0.000354612	0.000678062	0.000625123	0.00147142	0.00131115	0.145833	0.000186574	0.000608911
60	0.0257669	0.000396204	0.000383508	0.00317302	0.000486501	0.000645777	0.00277228	0.000711674	0.00449182	0.00282286	0.00066929	0.000492657	0.931796	0.0082573	0.00467839	0.00528001	0.00568502	0.000923788	0.000165268	0.000401978
61	0.00703386	0.000340595	0.00395077	0.00326273	0.000434924	0.952425	0.000494852	0.000654094	0.00253062	0.000750892	0.000647726	0.00977893	0.00262401	0.000627954	0.0028928	0.00661098	0.000945699	0.00237227	0.000158456	0.00146254
62	0.0213782	0.000520658	0.00788663	0.0263336	0.00609534	0.00682328	0.00753842	0.00628605	0.626736	0.00115652	0.013069	0.0160067	0.00280319	0.025363	0.151142	0.016089	0.0501686	0.00861937	0.00027647	0.00570828
63	0.150523	0.00134664	0.0482777	0.0124464	0.00491481	0.0774687	0.00993716	0.00646542	0.00296435	0.0034058	0.00224709	0.100367	0.0841149	0.0149101	0.0162012	0.317193	0.141949	0.00303432	0.000745456	0.00148805
64	0.202176	0.0306021	0.00235125	0.00306534	0.0508616	0.00373941	0.00339068	0.0197295	0.00322804	0.0548058	0.0035084	0.00303661	0.00159254	0.00324327	0.0208099	0.0661105	0.232595	0.172352	0.00106824	0.121734
65	0.0100977	0.00294519	0.000441633	0.000587184	0.000936108	0.000766833	0.000400243	0.614363	0.000691381	0.0508859	0.126643	0.0006418	0.000347627	0.000652654	0.000617196	0.00160757	0.00465831	0.181971	0.000210269	0.000535204
66	0.00627349	0.000249835	0.00250102	0.00206673	0.000356075	0.961768	0.000244288	0.000518558	0.00161505	0.00057582	0.000405825	0.00784689	0.00265055	0.000390478	0.00229969	0.00555561	0.000714272	0.00235621	0.00016374	0.00144798
67	0.00504935	0.000932564	0.000184273	0.000247955	0.0111923	0.00093091	0.00020681	0.60752	0.000270096	0.0390387	0.00692994	0.000255056	0.000137454	0.000281473	0.000280292	0.00057676	0.00258746	0.319499	0.000102792	0.00377707
68	0.0164312	0.00126433	0.110942	0.705596	0.00147572	0.00808909	0.00554334	0.0069654	0.018392	0.00925454	0.00243381	0.0105194	0.00181	0.0549631	0.0133374	0.0118521	0.0137964	0.00530067	0.000364239	0.00166904
69	0.00587278	0.00177913	0.000193038	0.000315662	0.00964506	0.00119111	0.000173301	0.569781	0.00028452	0.0666715	0.0106264	0.000434979	0.000165211	0.000294231	0.000276804	0.00129908	0.00490536	0.322592	0.00011903	0.00338022
70	0.0671865	0.00452657	0.00198685	0.00362011	0.00210983	0.00624083	0.00369979	0.00323824	0.00539867	0.00515423	0.00300334	0.00157536	0.843465	0.00906441	0.00582402	0.0147381	0.00994665	0.00693972	0.000315625	0.00196645
71	0.0256972	0.00473395	0.0114063	0.0109028	0.00515521	0.0127476	0.0632326	0.0197183	0.0625014	0.00973482	0.00464007	0.524146	0.00426259	0.0185742	0.0976336	0.0644677	0.0436414	0.0109318	0.00169924	0.00417275
72	0.0420619	0.0302597	0.00185563	0.00182702	0.0732986	0.0311669	0.0585845	0.00295199	0.0486702	0.0515684	0.0418094	0.0220687	0.010518	0.011952	0.0998057	0.125841	0.0928466	0.0422707	0.0290451	0.181598
73	0.00865148	0.00493139	0.000502343	0.000545561	0.278499	0.000744637	0.000452887	0.0306616	0.000755217	0.490009	0.142824	0.000613966	0.000406193	0.000603364	0.000770298	0.00478837	0.00316802	0.016557	0.000225806	0.0142904
74	0.0246167	0.00117587	0.000923164	0.00171956	0.00111857	0.066664	0.0177892	0.00163476	0.285495	0.00725723	0.0015023	0.023398	0.000682204	0.0473256	0.4002	0.0735053	0.019708	0.0125034	0.000387525	0.0123932
75	0.0689137	0.000451412	0.357212	0.274546	0.000648659	0.0205953	0.0100449	0.000826927	0.0509659	0.00241273	0.00073886	0.0590474	0.000471135	0.0308112	0.0341287	0.0612412	0.0217494	0.00224655	0.000220985	0.00272731
76	0.00466875	0.00653914	0.000274678	0.000363678	0.00798854	0.000693674	0.000263099	0.339978	0.00045383	0.304404	0.0534362	0.000392512	0.000272044	0.000422655	0.000435563	0.000973479	0.0132269	0.263413	0.000210727	0.00158868
77	0.0035003	0.00038828	0.000229462	0.000251355	0.0228826	0.000322597	0.000204193	0.311841	0.00033194	0.53141	0.0443478	0.000286604	0.000606739	0.000286607	0.000330556	0.000634416	0.000933807	0.0731343	0.00437903	0.00369817
78	0.0618086	0.00323658	0.161129	0.270831	0.00314287	0.0474962	0.0334853	0.0161119	0.0556195	0.0205224	0.0121965	0.0516835	0.0170916	0.0768238	0.0339975	0.0574699	0.0484611	0.0223899	0.000106519	0.0063965
79	0.0571987	0.000819251	0.0250781	0.0629199	0.00568219	0.0059207	0.039715	0.0207733	0.241164	0.036248	0.0102745	0.0150634	0.182032	0.0427435	0.103085	0.0433616	0.0576925	0.0351296	0.00492175	0.010177
80	0.00735609	0.0107683	0.000411177	0.000555779	0.0081746	0.000634547	0.000316718	0.206263	0.000567397	0.50335	0.0498008	0.000477594	0.000795843	0.000555147	0.000551646	0.001051	0.0191918	0.187204	0.000810241	0.00116379
81	0.166394	0.0142999	0.00287285	0.0161164	0.00482241	0.0367072	0.00542199	0.0176585	0.0296742	0.0528228	0.0116719	0.0124079	0.314719	0.011082	0.00607815	0.148089	0.0975101	0.0408066	0.00330032	0.0075452
82	0.00288841	0.00152999	0.000247438	0.000250439	0.0204543	0.000335884	0.00019345	0.307987	0.000358613	0.474842	0.0521416	0.000281343	0.000542776	0.000309434	0.000340728	0.000648626	0.00394484	0.126906	0.00268054	0.00311577
83	0.333209	0.0520733	0.00120354	0.00166198	0.00890303	0.149821	0.00117539	0.0845319	0.00193227	0.0405752	0.00465812	0.00152578	0.0678463	0.00161716	0.00169924	0.0400642	0.0343816	0.163902	0.00776458	0.00145518
84	0.00427011	0.0015255	0.000238852	0.000276775	0.021265	0.000562311	0.000203633	0.291958	0.000333512	0.534869	0.0451122	0.000278826	0.000667796	0.000289372	0.000329187	0.000727414	0.00242885	0.0876796	0.00353949	0.0034447
85	0.00674971	0.000359256	0.00263823	0.00241547	0.000410478	0.957908	0.000322036	0.00060862	0.00177346	0.000649387	0.000654972	0.00810845	0.00278738	0.000534497	0.00258401	0.00649256	0.000884332	0.00248992	0.000162971	0.00146606
86	0.0223909	0.000488587	0.00833947	0.0272132	0.00634821	0.00707696	0.00785947	0.00641527	0.625913	0.00113301	0.0132374	0.0165587	0.00279591	0.0257814	0.147031	0.0162174	0.0500872	0.00903792	0.000244511	0.00583082
87	0.0511795	0.0011415	0.359097	0.0237473	0.00146261	0.102156	0.0413658	0.00206312	0.0481175	0.00948935	0.00190024	0.136103	0.00781137	0.0224788	0.0238273	0.0873335	0.0682303	0.00271538	0.000778043	0.00900235
88	0.0549301	0.00986916	0.000674784	0.00305613	0.00297414	0.00417449	0.000821484	0.240385	0.000985447	0.103667	0.00300133	0.00280017	0.000549695	0.00094729	0.00110197	0.00807245	0.0221921	0.535684	0.000227019	0.00388622
89	0.15788	0.00261652	0.051342	0.0459664	0.0199394	0.0765315	0.00754442	0.0410878	0.023924	0.0355081	0.0198251	0.0482191	0.0123437	0.0139882	0.00373473	0.305013	0.0700103	0.0467307	0.000759531	0.0170361
90	0.0119369	0.00198429	0.00306427	0.00319825	0.00146646	0.920856	0.0010676	0.00118855	0.00565784	0.00136092	0.000738873	0.0177964	0.00268477	0.000775532	0.00478716	0.0148087	0.00169444	0.00279477	0.000229651	0.00190816
91	0.12403	0.0067289	0.0634655	0.160305	0.00488208	0.021852	0.0223897	0.00765786	0.118314	0.02254	0.0159256	0.0715152	0.000568007	0.101266	0.139391	0.0649861	0.0297105	0.0148252	8.09958e-05	0.00956621
92	0.071326	0.00761578	0.0194793	0.019263	0.0510229	0.0135181	0.0106939	0.204314	0.0478256	0.212218	0.06746	0.010384	0.000312394	0.0191988	0.0298075	0.0193623	0.0348447	0.105244	0.0109711	0.045139
93	0.0398755	0.0179329	0.000909576	0.00109364	0.0212666	0.021766	0.010403	0.212972	0.00694644	0.0198053	0.0458547	0.00594564	0.00975938	0.00133941	0.00136326	0.0288128	0.0974511	0.449196	0.00631748	0.000988815
94	0.236738	0.0195244	0.00984562	0.0101597	0.0448151	0.0679669	0.00166283	0.0741342	0.00224252	0.0273179	0.0117133	0.00286156	0.00178943	0.031595	0.00255083	0.0685754	0.183782	0.199338	0.000704231	0.00268252
95	0.0140659	0.000645809	0.802419	0.0527929	0.000783908	0.00459796	0.000680043	0.00112769	0.00715412	0.00154597	0.000982993	0.091243	0.00417819	0.00511686	0.000839182	0.0078664	0.00167723	0.00139562	0.000259933	0.000627396
96	0.00532423	0.00276199	0.000450122	0.000527073	0.0195277	0.00100054	0.000350554	0.30742	0.000647793	0.488499	0.0692814	0.00046948	0.000654128	0.000517463	0.000618685	0.00114656	0.00377888	0.0910066	0.00284647	0.00317126
97	0.263463	0.00203456	0.045099	0.0714851	0.0251015	0.0643926	0.00251589	0.00851756	0.0265126	0.0104471	0.00365482	0.0715736	0.00317402	0.0191342	0.0505179	0.141784	0.14994	0.033113	0.00444918	0.00308976
98	0.02848	0.000727794	0.0120549	0.0331759	0.00593391	0.00812021	0.011506	0.00699109	0.578323	0.0011223	0.0112915	0.0197308	0.00329625	0.0292723	0.162107	0.0215918	0.0511899	0.00795994	0.000246231	0.0068795
99	0.177775	0.023408	0.00323728	0.00585221	0.0126818	0.00767092	0.00378898	0.0500762	0.00872837	0.163245	0.175861	0.0194634	0.00357242	0.00885809	0.00824808	0.073137	0.161665	0.0841758	0.00229373	0.00626124
100	0.0511602	0.00313505	0.00227222	0.00609995	0.00309676	0.00992343	0.00506574	0.00685789	0.0104526	0.0280765	0.00491449	0.00505654	0.76992	0.00976828	0.00718714	0.0401151	0.0201951	0.0123147	0.00121599	0.00317202
101	0.0387639	0.00853502	0.0275673	0.0272718	0.0173624	0.0378998	0.529857	0.0184319	0.0232948	0.0263569	0.0146907	0.0353326	0.00872531	0.0200703	0.0241778	0.0367211	0.0304915	0.021947	0.00470641	0.0477963
102	0.016326	0.0184865	0.000595385	0.000817254	0.00511469	0.00185105	0.000579058	0.164338	0.000921044	0.49222	0.0518343	0.0008274	0.00125983	0.000896087	0.000811366	0.00304034	0.0288603	0.209645	0.000398293	0.00117851
103	0.00640969	0.00242828	0.000841057	0.00226842	0.0365027	0.00214737	0.000892318	0.115183	0.00289669	0.582663	0.181722	0.0012825	0.000705465	0.00109101	0.00381632	0.00299222	0.00685336	0.0437323	0.00128466	0.00428788
104	0.00516097	0.000941749	0.000179143	0.000272846	0.0110233	0.000939624	0.000220938	0.606969	0.000286898	0.0380358	0.00728328	0.000261349	0.00014622	0.000296489	0.000292076	0.000627874	0.00280553	0.320447	0.000115131	0.0036942
105	0.756587	0.00641394	0.00211468	0.00272587	0.00140909	0.0283336	0.000941326	0.00301821	0.00353588	0.00207606	0.00137335	0.00658422	0.00173151	0.0055602	0.00441573	0.12564	0.0354378	0.0110059	0.000298502	0.000796687
106	0.00716676	0.000301345	0.00250673	0.0024299	0.000549874	0.956932	0.000248316	0.000616429	0.00186552	0.000809989	0.000417971	0.00857173	0.00284333	0.000415556	0.00238463	0.00650249	0.00104242	0.00251597	0.000185556	0.00169308
107	0.2376	0.0145562	0.00372074	0.00378005	0.00484734	0.0148761	0.00267385	0.00697146	0.00526746	0.00751514	0.0254697	0.00813512	0.00425016	0.00485083	0.0260728	0.252999	0.355386	0.0157853	0.00159807	0.00364425
108	0.0637322	0.0131996	0.0133353	0.012559	0.0117975	0.0151481	0.0112208	0.0237168	0.0192417	0.0249866	0.016748	0.0142222	0.00970316	0.0132008	0.0225871	0.0713389	0.599835	0.0330704	0.00253027	0.00782646
109	0.00660734	0.000393455	0.0028635	0.00240954	0.000637447	0.953199	0.000504161	0.000706914	0.00310685	0.000789127	0.000440103	0.0100512	0.00263951	0.00061398	0.00295535	0.00668763	0.000860893	0.00285273	0.000207768	0.00147328
110	0.189117	0.00585817	0.00504193	0.00831658	0.00277426	0.00619936	0.00168557	0.00414241	0.004536	0.00418211	0.0154808	0.00504447	0.00177334	0.0191757	0.00469432	0.65688	0.0539347	0.0081831	0.000888675	0.00209134
111	0.00634223	0.000342472	0.00249481	0.00215662	0.00039851	0.960697	0.000249758	0.000567859	0.00184386	0.000644953	0.000427044	0.00784772	0.0026853	0.000526624	0.00228949	0.00556368	0.000859345	0.0024324	0.000174875	0.00145499
112	0.0235207	0.00153919	0.00808827	0.0217653	0.00714896	0.00881423	0.00967585	0.00704005	0.607695	0.0207505	0.0238876	0.0158274	0.00561598	0.0243894	0.137376	0.0200812	0.0402805	0.00953312	0.000754235	0.00621654
113	0.127972	0.00831657	0.0271323	0.0172566	0.00437689	0.0255767	0.00466694	0.00692775	0.0108236	0.0109854	0.0110927	0.023569	0.00644399	0.0163061	0.0206017	0.573576	0.085515	0.0139506	0.00165265	0.00325707
114	0.0425016	0.0136482	0.0055854	0.00700576	0.0223761	0.0380948	0.0133149	0.208643	0.0102446	0.0519986	0.0795173	0.00821354	0.011052	0.0124543	0.00649083	0.047436	0.0707623	0.338013	0.00613645	0.00651093
115	0.237993	0.16718	0.00245142	0.00262717	0.0436509	0.348881	0.0024994	0.00360913	0.00279045	0.0237197	0.0284193	0.0118507	0.0016377	0.00292797	0.00284281	0.0980483	0.0107964	0.00475075	0.00108005	0.00224415
116	0.00420012	0.00589844	0.000242654	0.000332064	0.00850692	0.000639759	0.000262615	0.352508	0.000428967	0.305102	0.0507337	0.000362187	0.00025364	0.000395489	0.000422338	0.000875062	0.0118107	0.254979	0.000290264	0.00175514
117	0.0178667	0.0030447	0.0198376	0.00851482	0.0063586	0.0618949	0.105423	0.0136458	0.03786	0.0112079	0.00678825	0.525137	0.00323199	0.00963259	0.0740781	0.0592236	0.019427	0.00928803	0.0015551	0.005984
118	0.325895	0.0595731	0.00156649	0.00113275	0.00393575	0.0357123	0.000783497	0.010145	0.0014383	0.00395465	0.00749698	0.00113099	0.000560756	0.00150898	0.00231417	0.329768	0.149453	0.0623846	0.000380856	0.000864002
119	0.0255354	0.0125044	0.00145266	0.00156513	0.0538371	0.00826421	0.00219363	0.299124	0.00232863	0.279693	0.185662	0.0019459	0.00273572	0.00203517	0.0027425	0.0071415	0.0181068	0.08279	0.00372226	0.00662027
120	0.00317856	0.00046006	0.000237717	0.000255098	0.0213481	0.00034605	0.000208154	0.340016	0.000327765	0.493059	0.0420821	0.000287713	0.000630139	0.000279047	0.000313985	0.000626903	0.00120832	0.087604	0.00349946	0.00403178
121	0.161615	0.0513568	0.00168709	0.00255851	0.00220173	0.00420228	0.00162249	0.0823351	0.00333156	0.114877	0.127648	0.0202576	0.0038315	0.00450573	0.00259253	0.0915898	0.220691	0.100987	0.000663187	0.00144593
122	0.145132	0.126274	0.00625195	0.00653904	0.0235355	0.32747	0.0057309	0.0094811	0.00812555	0.0211968	0.0182862	0.0138543	0.0052107	0.00817223	0.00698449	0.195451	0.0489856	0.0156305	0.00275586	0.00493161
123	0.0035003	0.00038828	0.000229462	0.000251355	0.0228826	0.000322597	0.000204193	0.311841	0.00033194	0.53141	0.0443478	0.000286604	0.000606739	0.000286607	0.000330556	0.000634416	0.000933807	0.0731343	0.00437903	0.00369817
124	0.00789203	0.0127988	0.00041745	0.000560555	0.00621887	0.000689046	0.000372383	0.203053	0.000630764	0.470306	0.0513544	0.000513811	0.000827596	0.000592029	0.000600674	0.00118512	0.0208612	0.220171	0.000222058	0.000732828
125	0.00998027	0.00597561	0.000751948	0.000710575	0.281961	0.000994325	0.000700206	0.0291025	0.000978753	0.449444	0.144364	0.000817616	0.000518977	0.000937777	0.00103745	0.00487038	0.00367009	0.0186286	0.000518058	0.0440379
126	0.0520842	0.013455	0.0178389	0.0134889	0.0162779	0.0013581	0.051751	0.00212393	0.211838	0.00581911	0.00760243	0.0753316	0.000706406	0.0743296	0.188874	0.155968	0.100722	0.00240885	0.00324623	0.00477596
127	0.0314203	0.00152099	0.0499229	0.0314575	0.00201927	0.0708484	0.0341679	0.002913	0.0852452	0.0217161	0.0022783	0.00236092	0.00981896	0.0021727	0.119218	0.20532	0.321968	0.00363849	0.000708541	0.00128514
128	0.0257669	0.000396204	0.000383508	0.00317302	0.000486501	0.000645777	0.00277228	0.000711674	0.00449182	0.00282286	0.00066929	0.000492657	0.931796	0.0082573	0.00467839	0.00528001	0.00568502	0.000923788	0.000165268	0.000401978
129	0.0720014	0.000357039	0.348015	0.266939	0.000527298	0.0188871	0.0102504	0.000643107	0.0570593	0.00142933	0.000611137	0.0658351	0.000297227	0.0329588	0.0374686	0.0613798	0.020862	0.0013807	0.00020798	0.00289
130	0.0164188	0.000584966	0.133719	0.434703	0.000909562	0.00100696	0.0141014	0.00119737	0.059613	0.00789738	0.00109242	0.0221103	0.00482296	0.218376	0.0281199	0.0110285	0.0352514	0.00806141	0.000320717	0.000664855
131	0.0135276	0.0180206	0.000630705	0.00139395	0.00407829	0.000971963	0.000510181	0.17118	0.000986722	0.457553	0.0491682	0.000744818	0.000968934	0.000931464	0.000862728	0.00186822	0.0285491	0.247002	0.000223764	0.000826599
132	0.00372046	0.000761225	0.000763224	0.00564664	0.000894481	0.00550015	0.00187857	0.00116115	0.311501	0.00187272	0.00369412	0.0188829	0.00384281	0.0249409	0.579712	0.0197204	0.0120717	0.00188392	0.000275346	0.00127612
133	0.00863781	0.00492963	0.00050578	0.000547155	0.278423	0.000747277	0.00045285	0.0305916	0.000755934	0.490016	0.142966	0.000613047	0.000401376	0.000603308	0.000774467	0.0047685	0.00316245	0.0165775	0.000225806	0.0143003
134	0.00403744	0.00579121	0.000260982	0.000311195	0.00854009	0.000634608	0.000244301	0.345004	0.000414645	0.311881	0.051268	0.000331652	0.000254729	0.000392087	0.000416421	0.000880568	0.0118415	0.255385	0.00030356	0.00180731
135	0.00430679	0.000414809	0.000434817	0.00305842	0.0256515	0.00175173	0.000459422	0.0205813	0.000628128	0.657142	0.256877	0.0005528	0.000352847	0.000699764	0.00176097	0.00229245	0.00577479	0.0139043	0.000222204	0.00313314
136	0.00533874	0.000934055	0.000176634	0.00028176	0.0109859	0.000947347	0.000216382	0.606637	0.00028662	0.0380151	0.00688555	0.000255759	0.000151881	0.000301212	0.000287426	0.000610573	0.00269376	0.321197	0.000109195	0.00368814
137	0.0152279	0.000787427	0.793651	0.0551878	0.000897425	0.00548487	0.0011889	0.00128582	0.0078388	0.00171836	0.00112343	0.0901141	0.00419592	0.00555131	0.00141039	0.00905748	0.00251019	0.00171284	0.000265187	0.000790614
138	0.0258534	0.000406746	0.000383723	0.00317167	0.000492025	0.000698183	0.00277244	0.000719722	0.00449522	0.00285966	0.000684505	0.000506022	0.931315	0.00825368	0.00468523	0.00541829	0.00575326	0.000960858	0.000165568	0.000405102
139	0.0245353	0.00196589	0.00998011	0.0241709	0.00572058	0.0116163	0.00990664	0.0080188	0.593787	0.02101	0.0256738	0.0174187	0.00530307	0.0276158	0.136574	0.0202436	0.0388416	0.011391	0.000570447	0.00565644
140	0.0146453	0.00350577	0.00386417	0.0040892	0.00477664	0.00430008	0.00311708	0.0752551	0.155648	0.0315722	0.221867	0.00475246	0.00255698	0.0533334	0.26428	0.0102473	0.00890493	0.126391	0.00121792	0.00567571
141	0.0171918	0.00829509	0.000353224	0.00193051	0.00351891	0.00134988	0.000368977	0.25381	0.000557152	0.118385	0.0128916	0.00165197	0.00028972	0.000481202	0.000553959	0.00438812	0.028647	0.5442	0.000203778	0.000931403
142	0.00570931	0.000719425	0.13665	0.790976	0.000877801	0.00552763	0.00111458	0.00534026	0.00339385	0.00675927	0.000997409	0.00278178	0.000639513	0.0194116	0.00177417	0.00579458	0.00768438	0.00281134	0.000330123	0.00070715
143	0.00479675	0.000925251	0.000420561	0.00256003	0.0715619	0.00137775	0.00045091	0.0205699	0.000610881	0.640375	0.22681	0.000510155	0.000360728	0.000569193	0.0012839	0.00253655	0.00461006	0.0145921	0.000228557	0.00484988
144	0.137723	0.000914206	0.0383346	0.0350565	0.0183502	0.0421071	0.00311353	0.0206509	0.0373286	0.0322148	0.0282641	0.0483322	0.0104434	0.0226656	0.00619992	0.364959	0.112006	0.0344398	0.000866968	0.00602947
145	0.0383313	0.0156411	0.00200696	0.0041927	0.0166313	0.0539977	0.0293435	0.296585	0.00406937	0.111459	0.0559174	0.00339683	0.102066	0.0612661	0.00332422	0.0514485	0.0733928	0.058062	0.00105556	0.0178119
146	0.00255679	0.00462033	0.000698157	0.0010655	0.357856	0.00103265	0.00539641	0.00210924	0.00102532	0.019759	0.00659741	0.00482519	0.000541829	0.00091569	0.00100528	0.00417926	0.00230767	0.00442665	0.00493096	0.574151
147	0.0721537	0.000384469	0.345872	0.267036	0.00053426	0.0191905	0.0104497	0.000773469	0.0570785	0.00155743	0.000685503	0.0658567	0.000440269	0.0333662	0.0374145	0.0613491	0.0211934	0.00155696	0.000199468	0.00290847
148	0.0519373	0.0011761	0.356236	0.024267	0.00145792	0.104214	0.0423693	0.00204387	0.0493405	0.00981423	0.00181012	0.133493	0.00833754	0.0230493	0.0241235	0.0876253	0.066502	0.00266153	0.000781733	0.00875978
149	0.00346528	0.00151826	0.000229046	0.000271891	0.0197146	0.000328723	0.000208335	0.310989	0.000318832	0.504851	0.045156	0.000300302	0.000558996	0.000301113	0.000353861	0.000650917	0.00277856	0.101278	0.00346659	0.00326044
150	0.043327	0.0012129	0.00758537	0.0245976	0.00434389	0.00619758	0.00930291	0.00594397	0.0388498	0.00962992	0.0035448	0.00616981	0.738558	0.0229296	0.0273797	0.0179364	0.0172442	0.00965079	0.000936066	0.00465977
151	0.0393165	0.00480629	0.133096	0.0955656	0.00597496	0.0843858	0.347357	0.0115033	0.0271263	0.015047	0.00873389	0.0401129	0.00831641	0.0269046	0.0195998	0.0428772	0.0298446	0.0145501	0.00153405	0.0433477
152	0.0184306	0.00317473	0.00283834	0.00438571	0.0344593	0.0181589	0.00332774	0.0376327	0.0123199	0.511235	0.209338	0.00417285	0.00273553	0.00773172	0.0315201	0.0245907	0.0419951	0.0218224	0.0013522	0.00877884
153	0.0713978	0.0076708	0.0195812	0.0193329	0.0510273	0.013541	0.0106189	0.204034	0.0478637	0.212508	0.0673677	0.0104147	0.000303746	0.0192024	0.0298835	0.0193615	0.0346977	0.105185	0.0109854	0.0450226
154	0.162579	0.141979	0.0303993	0.0260787	0.00270516	0.0299747	0.0545571	0.0295252	0.00298411	0.0403643	0.0333771	0.00312873	0.00147076	0.0159587	0.0033564	0.102057	0.27308	0.0302873	0.0140557	0.00208142
155	0.0555189	0.00113273	0.0311049	0.0764558	0.00486177	0.00879509	0.0296573	0.0154674	0.180842	0.0266063	0.00872075	0.0163503	0.291371	0.0491505	0.0791403	0.0404544	0.0469508	0.0260179	0.00353384	0.00786852
156	0.241613	0.0123324	0.00330845	0.00415921	0.00391518	0.00938719	0.00296082	0.0378049	0.00593807	0.0273324	0.133926	0.0409493	0.135407	0.00553844	0.00468945	0.107461	0.137481	0.0814413	0.00108914	0.00326624
157	0.0600558	0.00666979	0.0388586	0.0420074	0.00558939	0.00786221	0.0569727	0.00251352	0.292887	0.00281307	0.00574534	0.0579725	0.00144545	0.0843178	0.198919	0.0871477	0.0374135	0.00625295	0.000923444	0.00363302
158	0.0415288	0.00259649	0.17054	0.21728	0.00307882	0.0403187	0.0350367	0.0161439	0.119648	0.0255475	0.0203613	0.043787	0.0116317	0.0898366	0.0616554	0.0398596	0.0386569	0.0174307	0.000266999	0.00479497
159	0.409157	0.0268578	0.00309703	0.00444726	0.0131322	0.00663419	0.00351828	0.0327334	0.00460181	0.0178578	0.00654282	0.00493808	0.00246071	0.00436527	0.00581855	0.0570698	0.0215102	0.369979	0.00167918	0.00359971
160	0.166339	0.0131904	0.0179434	0.0353376	0.0204803	0.0810233	0.0198024	0.107657	0.0179645	0.0557742	0.0179033	0.029824	0.0482413	0.0123067	0.00610835	0.172853	0.0480327	0.0910258	0.00191872	0.0362739
161	0.286992	0.0461693	0.00238425	0.00295834	0.00921616	0.115572	0.00184349	0.0754782	0.0024847	0.111197	0.0164455	0.00333596	0.0248838	0.00353192	0.0023134	0.0544182	0.0665496	0.168043	0.00357894	0.00260415
162	0.0303237	0.0137467	0.000487709	0.00452786	0.00268304	0.00168154	0.000447622	0.209145	0.000677811	0.096361	0.00301945	0.00230041	0.000290859	0.000662349	0.000808191	0.00531519	0.0212579	0.604889	0.000196912	0.00117725
163	0.124605	0.00671374	0.0633885	0.159866	0.00504966	0.0222052	0.0223134	0.00765192	0.118074	0.0224443	0.0158895	0.0715707	0.000571302	0.10085	0.139124	0.0650275	0.0299753	0.0149694	8.4824e-05	0.00962447
164	0.0414904	0.00361319	0.0893395	0.397685	0.00416707	0.0105448	0.0127657	0.0152855	0.0571096	0.0325105	0.0131663	0.0219023	0.00463057	0.180061	0.0324884	0.0227818	0.0305994	0.0248023	0.000631021	0.00442536
165	0.0375323	0.00889119	0.00805796	0.0111341	0.0394706	0.0118059	0.00716365	0.0848552	0.0324485	0.256036	0.314329	0.011065	0.00635112	0.0185159	0.0281497	0.0294233	0.0288793	0.0480886	0.00434481	0.0134576
166	0.00384753	0.000699823	0.125581	0.81381	0.000840301	0.00516831	0.000739502	0.00554666	0.00183225	0.00674879	0.00101895	0.00109696	0.00054929	0.0174504	0.000925957	0.00387099	0.00685934	0.00239791	0.000308426	0.00070768
167	0.122267	0.00694971	0.0640823	0.157618	0.00476782	0.021404	0.0229272	0.00745212	0.119837	0.0227222	0.0155283	0.0731708	0.000561983	0.100391	0.141808	0.0647569	0.0293107	0.0147289	0.000112378	0.00960271
168	0.0128081	0.00203166	0.00461352	0.00593363	0.0021405	0.00605332	0.00398631	0.00360673	0.161954	0.00618815	0.00708288	0.0237643	0.0044098	0.0172886	0.687248	0.0229517	0.0181407	0.00448593	0.00181901	0.00349268
169	0.0526638	0.0128891	0.00353101	0.00480794	0.106228	0.00802778	0.0257851	0.0169319	0.0132851	0.0899834	0.0215728	0.0150156	0.00360955	0.0287295	0.0174038	0.0314808	0.0936323	0.0424242	0.00845583	0.403542
170	0.0733118	0.00311149	0.0900698	0.125851	0.00235913	0.0214145	0.0270517	0.00873656	0.187489	0.0116712	0.0132917	0.044228	0.00483618	0.10841	0.180085	0.0479117	0.0281485	0.0168742	0.000398875	0.00475037
171	0.0675123	0.0112084	0.0177232	0.0155552	0.0387924	0.0148395	0.00868164	0.207016	0.057256	0.237437	0.0681562	0.0102796	0.00040683	0.0188628	0.0268487	0.0207988	0.0298018	0.0962083	0.0135433	0.039072
172	0.0046759	0.00083878	0.000456706	0.00263291	0.0625279	0.00148374	0.000430278	0.0210028	0.000619677	0.644004	0.231108	0.000517157	0.000363346	0.000557633	0.00143432	0.00249977	0.00496426	0.0151691	0.000224459	0.00448978
173	0.375511	0.00296966	0.0258577	0.0775654	0.00210832	0.00758309	0.00158635	0.0049498	0.0338292	0.00331074	0.00443896	0.0191035	0.000948109	0.0216806	0.0256865	0.348579	0.0342761	0.00774809	0.000618041	0.00165038
174	0.159256	0.0162099	0.00268382	0.0165046	0.0445457	0.00318684	0.00887975	0.055896	0.0302343	0.176683	0.111248	0.0603476	0.00106407	0.0218915	0.0294742	0.0472837	0.0752337	0.107673	0.00833501	0.0233694
175	0.0237408	0.00125147	0.0196117	0.0263091	0.0190365	0.37289	0.0209432	0.00242981	0.127277	0.0121934	0.00221965	0.208531	0.00128919	0.0114456	0.0680785	0.0730426	0.0038464	0.00331491	0.000755734	0.00179306
176	0.15986	0.0635021	0.00287255	0.00254394	0.0269138	0.00794378	0.00216254	0.0237496	0.00275193	0.021228	0.00358954	0.00255186	0.00129077	0.00270011	0.00337234	0.167439	0.0516642	0.450708	0.000765116	0.00239104
177	0.0122474	0.000582247	0.00395043	0.0127098	0.00269334	0.0146214	0.00582927	0.00302316	0.418234	0.00199778	0.00638974	0.017416	0.00310091	0.025798	0.413408	0.0231255	0.0256827	0.00495168	0.000269153	0.00396908
178	0.0451896	0.00108328	0.322786	0.02074	0.0013906	0.0935975	0.0447021	0.00232157	0.0440017	0.00872007	0.001738	0.207678	0.00688426	0.0193536	0.0242476	0.0836466	0.0604361	0.00268949	0.000751202	0.00804249
179	0.00361265	0.000479295	0.000241291	0.000306975	0.0221474	0.000471765	0.000231052	0.357663	0.000368168	0.475589	0.0399096	0.000360206	0.000679138	0.000295326	0.000366289	0.000754678	0.00107938	0.0867107	0.00348554	0.00524858
180	0.0614023	0.00322262	0.161939	0.270368	0.00315196	0.0474313	0.0335578	0.0161874	0.0557815	0.020683	0.0123092	0.051813	0.0172241	0.0765888	0.0337706	0.0570945	0.0485132	0.0224295	0.000105625	0.00642633
181	0.119117	0.0023564	0.0610305	0.0534194	0.00495739	0.100576	0.00348183	0.00634718	0.0159933	0.0111751	0.00282577	0.0611759	0.0031163	0.0241956	0.0359785	0.387446	0.0926007	0.00981072	0.00257119	0.0018249
182	0.00250379	0.00472752	0.000711543	0.0010532	0.3563	0.00104326	0.00519385	0.00209119	0.0010213	0.0195661	0.00628536	0.00485806	0.000512876	0.000920824	0.00100093	0.00406415	0.00223463	0.00432667	0.00471082	0.576874
183	0.0266826	0.00403315	0.0138058	0.01217	0.00494572	0.022886	0.0505992	0.00731495	0.12287	0.00640123	0.0074052	0.409373	0.00139071	0.0358802	0.165741	0.0679963	0.0305564	0.00479096	0.00157357	0.00358487
184	0.127589	0.00668968	0.0619381	0.158884	0.004809	0.0216784	0.0216287	0.00734536	0.122067	0.0225459	0.0154083	0.0693744	0.00059949	0.101902	0.138143	0.0659575	0.0298188	0.0144332	9.47019e-05	0.00909303
185	0.0571987	0.000819251	0.0250781	0.0629199	0.00568219	0.0059207	0.039715	0.0207733	0.241164	0.036248	0.0102745	0.0150634	0.182032	0.0427435	0.103085	0.0433616	0.0576925	0.0351296	0.00492175	0.010177
186	0.00427294	0.000413272	0.000415655	0.00308631	0.0283077	0.00173219	0.000460688	0.0196762	0.00060844	0.66342	0.24864	0.000557786	0.000354626	0.00057403	0.00171716	0.00224067	0.00563863	0.0142788	0.000220578	0.00338502
187	0.11712	0.00932663	0.0141108	0.074937	0.173191	0.0226746	0.0301454	0.0253512	0.021865	0.0299648	0.0153903	0.0181527	0.181207	0.0219155	0.0185212	0.0463629	0.0319242	0.0310465	0.00862693	0.108166
