346	20
1	0.086091	0.0382686	0.00496268	0.00588522	0.0769447	0.0741761	0.00658869	0.027716	0.00961519	0.205249	0.0199875	0.0152305	0.0116654	0.0081887	0.0147955	0.0359295	0.0392419	0.0403398	0.252188	0.026936
2	0.0260202	0.0223285	0.0126235	0.00405444	0.0100359	0.0131843	0.00510966	0.017168	0.00275833	0.0277749	0.00507288	0.00255917	0.728672	0.0160979	0.0148157	0.0637236	0.0108808	0.00368124	0.00715684	0.00628197
3	0.0497325	0.00353948	0.0313996	0.07036	0.026574	0.00775952	0.0423185	0.0164742	0.120771	0.0559533	0.0240862	0.0422269	0.0101315	0.260121	0.10988	0.0327142	0.0305665	0.0347154	0.00310305	0.0275737
4	0.0626198	0.119159	0.00354349	0.00249416	0.0429423	0.0248596	0.00814399	0.0191226	0.00483954	0.0313047	0.0139292	0.0299339	0.00299558	0.00645805	0.00342598	0.378443	0.187841	0.0475237	0.00407929	0.00634125
5	0.00401798	0.0181887	0.0031538	0.000520969	0.160586	0.00350226	0.0192391	0.0150242	0.0031992	0.00159777	0.00346757	0.00529707	0.000511144	0.000625964	0.000596866	0.00942602	0.00483935	0.00122737	0.00298344	0.741995
6	0.0232431	0.00208308	0.00894449	0.0355263	0.00680357	0.0942083	0.0173929	0.0199689	0.297838	0.00808821	0.01753	0.018701	0.00867371	0.0503102	0.289372	0.0492832	0.0246239	0.0114107	0.0135717	0.00242698
7	0.0439652	0.0020487	0.0338127	0.136009	0.00561352	0.0102253	0.0701453	0.0292512	0.125802	0.033337	0.0129196	0.0232902	0.0366115	0.187922	0.0978517	0.0587024	0.049006	0.028117	0.000847321	0.014523
8	0.378673	0.0183059	0.00907621	0.0141678	0.00922333	0.169165	0.00419868	0.00978866	0.00480044	0.0222529	0.0154328	0.00718861	0.0114619	0.00381837	0.00464278	0.202936	0.0781423	0.0339734	0.00103672	0.00171596
9	0.0682159	0.00553236	0.00377685	0.00352212	0.0131403	0.00794208	0.00127184	0.26942	0.00508382	0.147555	0.218622	0.00650112	0.0080348	0.00196704	0.00305746	0.0472626	0.0759559	0.100163	0.000780423	0.0121955
10	0.0279255	0.00180824	0.382603	0.136775	0.00292412	0.0414144	0.0109764	0.00451805	0.0320592	0.0113196	0.00391266	0.15884	0.0137112	0.0288179	0.0185759	0.0574022	0.0325016	0.0152741	0.00123186	0.0174085
11	0.0809531	0.00582033	0.0035437	0.00383374	0.0220284	0.00981494	0.00147133	0.201671	0.00346897	0.184389	0.213038	0.00722431	0.0152198	0.00238847	0.00393309	0.061158	0.0805021	0.0917792	0.00115527	0.00660714
12	0.0102633	0.00468622	0.0147815	0.0092118	0.208416	0.00503774	0.0167677	0.0657756	0.00960617	0.2394	0.0766048	0.00780712	0.00246583	0.00383769	0.0428564	0.0220111	0.031548	0.0574293	0.0124599	0.159033
13	0.0659194	0.0146822	0.0174067	0.00778848	0.0180867	0.0832726	0.016236	0.0620101	0.0392732	0.0303921	0.0396845	0.0536263	0.0162499	0.00588775	0.031228	0.303728	0.159413	0.0229156	0.00553764	0.00666157
14	0.100125	0.00443767	0.0178515	0.0281061	0.0111435	0.0151147	0.0728477	0.0270865	0.0502739	0.0258892	0.00944789	0.00910942	0.14794	0.128388	0.0464597	0.117364	0.1085	0.0681072	0.00239882	0.00940951
15	0.0507731	0.00879939	0.0388025	0.0844141	0.0310683	0.0117935	0.0070569	0.012081	0.00751165	0.0134286	0.0225636	0.00868646	0.381826	0.0242898	0.0101892	0.205599	0.0594539	0.0117236	0.00456385	0.00537562
16	0.0459199	0.0193314	0.0119553	0.00355229	0.0179095	0.0323683	0.00390484	0.0360665	0.00667223	0.0321652	0.00794008	0.00511592	0.616796	0.0114454	0.0122587	0.0720433	0.0262888	0.0124526	0.0179106	0.00790302
17	0.0565758	0.0125602	0.0393474	0.012542	0.00595435	0.0670156	0.0337858	0.0621275	0.0420416	0.0177043	0.0273091	0.113698	0.00964544	0.00888346	0.0600152	0.304437	0.110811	0.0100052	0.00136882	0.00417286
18	0.0367848	0.010386	0.00284207	0.00166263	0.091744	0.00839751	0.00119387	0.220136	0.00572939	0.325941	0.0752504	0.00352666	0.00430999	0.00348338	0.00314181	0.028823	0.0349285	0.130977	0.00366452	0.00707826
19	0.0782701	0.00556168	0.043424	0.0336045	0.00458488	0.0872623	0.0385089	0.0154359	0.0493598	0.00394862	0.0114837	0.112657	0.0106333	0.0352041	0.0589368	0.291775	0.100675	0.0131345	0.000588784	0.00495087
20	0.0697718	0.00137023	0.0342198	0.0651037	0.006695	0.0171174	0.0536284	0.0507538	0.129998	0.0428169	0.00324856	0.00682355	0.0665122	0.121412	0.110458	0.0922386	0.0846351	0.0290561	0.00068366	0.0134573
21	0.0346903	0.0117705	0.0170366	0.0176688	0.00937853	0.015854	0.0293278	0.0181494	0.0269634	0.031329	0.00547443	0.00735477	0.46444	0.0448876	0.0621106	0.147214	0.035381	0.0123631	0.003313	0.00529358
22	0.00849702	0.019303	0.00125246	0.00149164	0.480488	0.00788557	0.0096062	0.0405107	0.00124014	0.213648	0.0219538	0.00464717	0.00182038	0.0066768	0.0086114	0.0366917	0.0118438	0.0504418	0.00711681	0.0662737
23	0.0150237	0.00431161	0.00210892	0.0025672	0.0639723	0.00321427	0.00137098	0.33758	0.00128949	0.305698	0.053515	0.00227563	0.000374655	0.00277937	0.00189063	0.00581977	0.0149472	0.173827	0.0028187	0.00461528
24	0.0700927	0.00142961	0.0339169	0.0631902	0.0066962	0.0177614	0.0525853	0.0504481	0.128191	0.0425702	0.00309109	0.0072682	0.0674629	0.118916	0.110597	0.0979485	0.0850805	0.0288438	0.000674763	0.0132352
25	0.0653155	0.00719292	0.0507071	0.0486755	0.00664356	0.0692078	0.0666446	0.00844688	0.0991739	0.00477734	0.00569524	0.0961461	0.0138475	0.0830685	0.0774849	0.194946	0.0737935	0.015179	0.00053864	0.0125154
26	0.103849	0.330259	0.00665818	0.00168346	0.0252663	0.0149233	0.00125134	0.0221637	0.00183642	0.0260653	0.0187769	0.00183877	0.00163875	0.00125894	0.00154523	0.287635	0.0916094	0.050557	0.00454241	0.00664137
27	0.0259289	0.0137591	0.00147637	0.00148088	0.0132575	0.0268091	0.0123114	0.00420443	0.00288216	0.0127087	0.00400022	0.0751444	0.00257608	0.00686113	0.0023043	0.532422	0.240233	0.013701	0.00101293	0.00692631
28	0.00924768	0.0221916	0.000773302	0.000783226	0.517353	0.00870532	0.00579155	0.0388876	0.000998685	0.191473	0.0153856	0.00461053	0.0017278	0.00765296	0.00646099	0.038981	0.0101914	0.0520828	0.00719214	0.0595102
29	0.104033	0.00936364	0.0053102	0.00250022	0.0687123	0.0603103	0.00777158	0.0712254	0.0515947	0.0788968	0.0284539	0.0448873	0.0206951	0.00237104	0.022739	0.154234	0.17639	0.0541842	0.0175465	0.018781
30	0.0318002	0.00296015	0.0452599	0.0948302	0.00753483	0.00624597	0.064241	0.0107777	0.148268	0.0315314	0.0261761	0.0414967	0.00732577	0.273557	0.121395	0.0264177	0.0213665	0.0191195	0.00106392	0.0186319
31	0.42775	0.0163803	0.00692307	0.00866276	0.00820728	0.17061	0.00264571	0.00463119	0.00215378	0.018575	0.0140059	0.00159565	0.0125782	0.00168682	0.00186879	0.20179	0.0691193	0.02932	0.000530931	0.000965434
32	0.109753	0.0194538	0.000221822	0.0010016	0.0384414	0.0240322	0.00157963	0.267342	0.000253025	0.103105	0.0303969	0.000706757	0.000545711	0.000481748	0.00269883	0.026336	0.0537215	0.314901	0.000540925	0.00448698
33	0.0187869	0.00732391	0.00180743	0.00232961	0.0979855	0.00555293	0.00127905	0.277323	0.00107172	0.326326	0.0581828	0.00349359	0.000711446	0.00385572	0.0022562	0.00877241	0.0140272	0.15729	0.0046579	0.00696612
34	0.0235004	0.00918911	0.0578116	0.0286963	0.0129989	0.0202432	0.215366	0.020311	0.0657956	0.0176771	0.0152896	0.292556	0.00624294	0.0442214	0.0482429	0.0467713	0.0304143	0.0201675	0.00535657	0.0191485
35	0.344238	0.0153568	0.00664529	0.00775278	0.011702	0.250707	0.00276114	0.0121713	0.00206005	0.0352535	0.024986	0.00339014	0.00959849	0.00185514	0.0026081	0.15281	0.0760604	0.0360808	0.00215356	0.0018096
36	0.0130657	0.00147084	0.00177151	0.000621632	0.0260449	0.00173072	0.000942333	0.511906	0.00214591	0.119948	0.0467717	0.00140781	0.000350046	0.00097405	0.000657789	0.00363387	0.0297111	0.232347	0.000638552	0.00386051
37	0.0315873	0.0076432	0.137701	0.0361454	0.0149557	0.0438299	0.0408711	0.0196216	0.05411	0.0155751	0.0113651	0.325011	0.00877021	0.0248138	0.0377281	0.109951	0.0492272	0.0165451	0.0028179	0.0117311
38	0.132297	0.0158645	0.000790585	0.00508869	0.0296541	0.0241975	0.00184112	0.252821	0.000697206	0.086075	0.0245463	0.00351074	0.000728161	0.000984103	0.00328998	0.0232848	0.0543655	0.335075	0.00080558	0.00408344
39	0.00699623	0.000906139	0.00370155	0.000763416	0.00934831	0.00725911	0.000676181	0.0778454	0.000752006	0.7176	0.123414	0.000916762	0.000708256	0.00201536	0.00107315	0.00334095	0.00375225	0.0373149	0.00061492	0.00100116
40	0.151899	0.149754	0.00423296	0.00369984	0.0295707	0.0560626	0.00167548	0.0583447	0.00411822	0.0755501	0.0326128	0.0047455	0.00226575	0.00225858	0.00209997	0.191579	0.127268	0.0914477	0.00571821	0.00509555
41	0.0333557	0.00287941	0.0158213	0.00664514	0.00345416	0.777832	0.00347073	0.00358606	0.0127671	0.00550469	0.00682623	0.0102989	0.00476944	0.0121959	0.0206002	0.0571239	0.0120441	0.00723851	0.00126042	0.00232567
42	0.0935323	0.0167997	0.00044978	0.00114702	0.0462865	0.021275	0.00144276	0.280647	0.000360148	0.126578	0.0333275	0.00130957	0.000898201	0.00103594	0.00241075	0.0225622	0.0464536	0.29786	0.0011226	0.00450084
43	0.075113	0.0062105	0.0114734	0.0025688	0.00218969	0.776142	0.00105599	0.00178854	0.00149172	0.00374268	0.00562287	0.00378786	0.0042963	0.00308571	0.00923565	0.0713214	0.0121717	0.00758549	0.000457052	0.00065947
44	0.0130055	0.00159828	0.00171009	0.000718656	0.0242481	0.00156414	0.00102613	0.511892	0.0020733	0.125891	0.0457317	0.00111534	0.000379769	0.000774725	0.000768326	0.00370414	0.0283539	0.230509	0.000780408	0.00415554
45	0.0300781	0.00873667	0.00183123	0.00215028	0.0901861	0.00805432	0.00141233	0.257842	0.00141812	0.325699	0.0536897	0.00308736	0.00228649	0.00321745	0.00247133	0.0153276	0.021275	0.161175	0.00378167	0.00627984
46	0.0551556	0.0101548	0.00216855	0.00250808	0.0100328	0.0200965	0.0097534	0.00782955	0.00733506	0.0104353	0.00507891	0.0497275	0.0108415	0.00490058	0.00447634	0.524193	0.244485	0.0145901	0.00107489	0.00516286
47	0.0961712	0.00769941	0.00324859	0.00656701	0.0151711	0.0206924	0.00218014	0.170116	0.0043722	0.113401	0.195894	0.00912581	0.00843133	0.00303017	0.0038959	0.0695717	0.160061	0.099758	0.0030356	0.00757729
48	0.0284235	0.0210533	0.0129643	0.00373108	0.00875528	0.0129876	0.00470212	0.0172598	0.00206265	0.0236848	0.00308222	0.0022129	0.741678	0.0141696	0.0137123	0.0648451	0.00943367	0.00312924	0.00650053	0.00561185
49	0.00401798	0.0181887	0.0031538	0.000520969	0.160586	0.00350226	0.0192391	0.0150242	0.0031992	0.00159777	0.00346757	0.00529707	0.000511144	0.000625964	0.000596866	0.00942602	0.00483935	0.00122737	0.00298344	0.741995
50	0.49984	0.00704312	0.00343393	0.00608469	0.00954713	0.119754	0.00393617	0.00556633	0.00103433	0.016805	0.0139347	0.00175067	0.00957227	0.00290676	0.00107828	0.180043	0.0782751	0.0377074	0.00069642	0.000990865
51	0.026071	0.00632822	0.00215176	0.00286001	0.0732061	0.00557624	0.00165093	0.291144	0.00120058	0.323842	0.0492859	0.00261562	0.000868732	0.00311065	0.00204671	0.0094247	0.0168592	0.174125	0.00287024	0.00476269
52	0.0887969	0.0039865	0.0292238	0.0240457	0.00850682	0.0550489	0.0362694	0.0104183	0.0876947	0.00548729	0.00552069	0.0901824	0.0185251	0.033583	0.0948956	0.302528	0.0842507	0.0147049	0.000940522	0.00539061
53	0.0297813	0.00253003	0.0149345	0.21458	0.00607141	0.00673167	0.0250531	0.0129544	0.0779959	0.0543425	0.0303124	0.0398765	0.0072477	0.30638	0.0387004	0.062726	0.0222667	0.0392668	0.00218551	0.00606315
54	0.318747	0.0205963	0.0102175	0.0090025	0.00736713	0.346299	0.00185637	0.00380659	0.00299308	0.0126991	0.00975101	0.00199982	0.0107661	0.00151615	0.0046066	0.172696	0.042915	0.0205519	0.000622113	0.000991309
55	0.0340249	0.00258958	0.011715	0.00184904	0.00120463	0.853988	0.000935127	0.00167165	0.00120754	0.0022253	0.00535276	0.00455633	0.00275462	0.00324337	0.0099743	0.0497908	0.00679794	0.00497127	0.000462031	0.000685899
56	0.0402203	0.0581774	0.00951273	0.0114995	0.106509	0.0482029	0.0068201	0.0292703	0.0120778	0.141505	0.0228585	0.018345	0.021065	0.00935448	0.0165589	0.0404641	0.0320817	0.0343149	0.292333	0.0488298
57	0.0819623	0.0196506	0.000343195	0.000483873	0.09384	0.0187322	0.000677042	0.196567	0.000919687	0.225442	0.0476435	0.00211881	0.00743307	0.000974141	0.00098234	0.0398232	0.0471119	0.210463	0.00257857	0.00225315
58	0.0339389	0.00201795	0.011124	0.00158362	0.00105617	0.85857	0.000637421	0.00122259	0.00073798	0.00182807	0.00471236	0.00371601	0.00262508	0.00318904	0.00961979	0.0524845	0.00510648	0.00477508	0.000447275	0.000607613
59	0.00514262	0.000527977	0.00383352	0.000569245	0.00358222	0.0076294	0.000600681	0.0574358	0.000690633	0.755369	0.127305	0.000836288	0.000556972	0.00188559	0.000913635	0.00209153	0.00182887	0.0281131	0.000423428	0.000664458
60	0.0727729	0.0208516	0.000413807	0.000439452	0.117112	0.0214669	0.000499608	0.1712	0.000850488	0.25812	0.0397535	0.00260608	0.0150625	0.00119346	0.000576296	0.0437438	0.0380709	0.188568	0.00536232	0.00133594
61	0.0171435	0.0059532	0.00220085	0.00321668	0.0824065	0.00442402	0.00152584	0.272762	0.00109735	0.362203	0.0517139	0.00282745	0.000575996	0.00358556	0.00240285	0.00776886	0.0128898	0.155175	0.00382409	0.00630349
62	0.0241218	0.00991757	0.00369673	0.00255484	0.155309	0.00838532	0.00354473	0.164679	0.0035477	0.356538	0.0664158	0.00386434	0.00270425	0.00388815	0.00768458	0.0223516	0.0215757	0.107451	0.00537005	0.0264004
63	0.072461	0.0207945	0.000396069	0.000396104	0.121442	0.0178484	0.00037497	0.165689	0.000845467	0.26888	0.0400874	0.00257549	0.0144981	0.0012108	0.000437482	0.0426645	0.0378015	0.185863	0.00453357	0.00120071
64	0.0673163	0.0198134	0.000303532	0.0003272	0.120959	0.0173504	0.000277187	0.174724	0.000759751	0.272693	0.0431028	0.00296533	0.0102001	0.00144889	0.000376616	0.0399218	0.0394891	0.182644	0.00377658	0.00155037
65	0.00695334	0.0117286	0.00264558	0.00523848	0.339177	0.0053939	0.0136606	0.0861329	0.00209747	0.221382	0.0356342	0.00353212	0.00190207	0.00442823	0.0199315	0.0231463	0.0217714	0.075935	0.01215	0.107159
66	0.428629	0.0166893	0.00752978	0.00948332	0.00837071	0.18682	0.00282345	0.00447935	0.00225806	0.0176208	0.0141643	0.00134436	0.0126192	0.00147225	0.00197788	0.189824	0.0648998	0.0275189	0.000561957	0.00091363
67	0.109666	0.0194773	0.000224241	0.000945151	0.0380264	0.0238055	0.00160029	0.268457	0.000243715	0.103091	0.030204	0.000600773	0.000510767	0.000452381	0.00267072	0.0263639	0.0533067	0.315395	0.000485559	0.00447464
68	0.107705	0.0191978	0.000241137	0.000965538	0.0386735	0.023373	0.00157686	0.271208	0.000281207	0.105186	0.0310701	0.000654808	0.000508733	0.000492158	0.00266257	0.0259421	0.0524462	0.312733	0.00053785	0.0045447
69	0.0975684	0.358192	0.00749443	0.00121931	0.0238786	0.01016	0.00139063	0.0186922	0.00170168	0.0258618	0.0201195	0.00196778	0.000865603	0.00124691	0.00157155	0.273631	0.0980152	0.0439801	0.00567394	0.00676988
70	0.0153113	0.119829	0.00358675	0.00364812	0.241211	0.043827	0.00397671	0.01229	0.00506533	0.133632	0.00753994	0.0315612	0.0124017	0.006231	0.0112507	0.0271975	0.0194783	0.0251465	0.172406	0.10441
71	0.00454326	0.0179983	0.00312363	0.000596803	0.162814	0.00385858	0.0200462	0.0152266	0.00389819	0.00320431	0.00400962	0.00553142	0.000614176	0.000859228	0.000986934	0.0103153	0.00528331	0.00200234	0.0030184	0.732069
72	0.0396841	0.00625073	0.00284701	0.00291153	0.00497232	0.0143326	0.00929057	0.0166821	0.00422601	0.00740397	0.0106282	0.0256279	0.00227084	0.00413603	0.0093409	0.178804	0.64035	0.0163089	0.00133409	0.0025981
73	0.069998	0.00556654	0.0119307	0.00294063	0.00175683	0.790916	0.000521293	0.00155641	0.00120817	0.00335888	0.00538027	0.00332101	0.0037364	0.00289158	0.00876249	0.0691793	0.0093625	0.00657831	0.000416487	0.000618714
74	0.0219346	0.00358177	0.00709407	0.00113388	0.0208117	0.00219693	0.00129864	0.445901	0.0102108	0.146737	0.0770331	0.00256902	0.00158772	0.00129987	0.0020715	0.0161157	0.0497408	0.180476	0.000913523	0.00729166
75	0.0138046	0.00325836	0.00326631	0.0016312	0.039444	0.00669874	0.00163733	0.148443	0.00140108	0.574666	0.0928834	0.00163608	0.00111107	0.0026967	0.00226508	0.00726793	0.0103946	0.0799639	0.00197206	0.00555891
76	0.00514262	0.000527977	0.00383352	0.000569245	0.00358222	0.0076294	0.000600681	0.0574358	0.000690633	0.755369	0.127305	0.000836288	0.000556972	0.00188559	0.000913635	0.00209153	0.00182887	0.0281131	0.000423428	0.000664458
77	0.0199154	0.00183016	0.00923063	0.0254329	0.00656346	0.072486	0.0138356	0.0137552	0.323091	0.00486574	0.0102372	0.0196704	0.0111365	0.049113	0.327773	0.0549596	0.0178352	0.00914519	0.00738779	0.00173655
78	0.0237447	0.00371054	0.0584327	0.0749652	0.00539199	0.00655189	0.153677	0.0165485	0.168392	0.00909634	0.0120996	0.052272	0.00938123	0.154515	0.121463	0.0370976	0.0338125	0.0191809	0.000850689	0.0388174
79	0.0874972	0.366055	0.00942916	0.00291366	0.029305	0.0287259	0.00298847	0.0284884	0.00340892	0.0353245	0.0186939	0.00508563	0.00505885	0.00332743	0.00474042	0.221143	0.0748469	0.0449516	0.0109611	0.0170555
80	0.0232877	0.00762875	0.00236399	0.00222276	0.101406	0.00688052	0.00203581	0.216785	0.00211967	0.375224	0.0729128	0.00341762	0.00180977	0.00357763	0.00336419	0.0155229	0.0183438	0.126873	0.0039707	0.0102536
81	0.0333026	0.00174985	0.404044	0.196421	0.00303143	0.0329958	0.00575466	0.00409029	0.0295977	0.009113	0.00433429	0.109357	0.0162867	0.039056	0.0114215	0.0422383	0.0279011	0.0167473	0.00119861	0.0113586
82	0.0654536	0.00148166	0.0260077	0.00506773	0.0667471	0.0131424	0.031324	0.0569639	0.0839135	0.0820823	0.0433469	0.0737726	0.00563871	0.00177223	0.0776887	0.127767	0.101774	0.0829919	0.00347985	0.0495841
83	0.06339	0.00725218	0.0515056	0.0530412	0.00785122	0.0487881	0.069887	0.0108407	0.117205	0.00722333	0.00659298	0.0858323	0.0144286	0.0995386	0.0911316	0.168717	0.0651953	0.0158429	0.000660506	0.0150761
84	0.0378658	0.00725554	0.0676833	0.113615	0.0223077	0.0122221	0.00827511	0.0114746	0.00808694	0.0134369	0.0337068	0.00959282	0.315359	0.0371501	0.0102023	0.207821	0.0620047	0.0130352	0.0034294	0.0054753
85	0.0293185	0.00365137	0.322682	0.147319	0.00543371	0.0694161	0.00622713	0.00817806	0.0212091	0.0291868	0.00671279	0.120522	0.0122916	0.0242235	0.012316	0.0597494	0.0618729	0.0303554	0.00207184	0.0272628
86	0.0130228	0.00157643	0.00175231	0.000758319	0.0267405	0.00170023	0.000959734	0.509447	0.00208413	0.130121	0.0483062	0.00122799	0.000397418	0.00100278	0.000755556	0.00406961	0.027512	0.22341	0.000791809	0.00436397
87	0.0695717	0.00157912	0.0349339	0.066939	0.00712563	0.0173585	0.0581844	0.0488137	0.134914	0.0396248	0.00377231	0.00902914	0.061021	0.124671	0.112251	0.0832099	0.0850415	0.027529	0.000630354	0.0138
88	0.0317634	0.00737955	0.00154962	0.00150042	0.00841212	0.0151929	0.0106071	0.00861317	0.00412166	0.00783735	0.00491324	0.0642741	0.00349313	0.00403431	0.00510047	0.366064	0.437148	0.011924	0.000949324	0.00512209
89	0.00409504	0.0180403	0.00310156	0.000523769	0.169438	0.00376178	0.0190146	0.0152086	0.00317032	0.00471141	0.00391432	0.00546579	0.00059009	0.000724405	0.000685972	0.00975405	0.00496336	0.00222043	0.00302527	0.727591
90	0.0293633	0.0177791	0.0129207	0.00886194	0.0102468	0.0148003	0.00972063	0.0179325	0.0141522	0.0240534	0.00477992	0.0046402	0.661284	0.0218578	0.0365801	0.0762034	0.0170345	0.00565402	0.00643763	0.00569728
91	0.0413565	0.00748466	0.334862	0.117271	0.0109721	0.0421568	0.0144696	0.014536	0.030983	0.0199295	0.0112805	0.101875	0.0201498	0.0310433	0.0220319	0.0736269	0.0643207	0.0235367	0.00293535	0.0151796
92	0.0247523	0.00383494	0.00167719	0.00111152	0.0307838	0.00469945	0.00104239	0.468802	0.00166194	0.137356	0.0446493	0.0014342	0.000751021	0.00101089	0.00120513	0.00723917	0.0299674	0.233023	0.00098238	0.00401568
93	0.0585563	0.00554902	0.011095	0.0017054	0.00197534	0.809622	0.000819903	0.00193169	0.00109075	0.0036521	0.00561369	0.00352106	0.00347518	0.00303969	0.00938443	0.061059	0.0100035	0.00673525	0.000448638	0.000722158
94	0.0224242	0.00306019	0.0557475	0.123619	0.00473494	0.00532247	0.137365	0.0142726	0.139754	0.0136317	0.0150183	0.0448439	0.00976294	0.19211	0.105918	0.0340918	0.026985	0.0202623	0.00101023	0.0300651
95	0.0793241	0.00636036	0.0152746	0.00655325	0.0930208	0.0120689	0.026163	0.136772	0.0267832	0.1539	0.0415876	0.0248259	0.00319728	0.00362999	0.05391	0.0490415	0.0528749	0.160676	0.00683731	0.0472
96	0.474087	0.0141468	0.00501167	0.00691032	0.0116007	0.110881	0.00563312	0.00807121	0.00370051	0.0182679	0.0150826	0.00533396	0.0104708	0.00447363	0.00324291	0.18658	0.0753845	0.0381071	0.00124853	0.0017657
97	0.00893369	0.0191854	0.00218101	0.00172839	0.513108	0.00803363	0.00711694	0.0399185	0.00250181	0.17115	0.0181648	0.00568636	0.00307348	0.00617447	0.00920733	0.0308705	0.0125489	0.0492616	0.0136109	0.077544
98	0.0315984	0.00217435	0.0109735	0.00126368	0.00143248	0.86126	0.000727806	0.00138341	0.000676587	0.00246818	0.00499074	0.00403823	0.00286679	0.00325458	0.0102068	0.0478204	0.00609614	0.00521263	0.000751751	0.000803935
99	0.0638366	0.00149943	0.0244212	0.00439868	0.0606845	0.0145837	0.0312699	0.0575004	0.094322	0.0769942	0.0384721	0.0703853	0.00609649	0.00178759	0.0794308	0.129461	0.112816	0.0781675	0.00360267	0.0502704
100	0.0944368	0.0027885	0.00830933	0.00300552	0.0819342	0.0438242	0.0113504	0.0920689	0.0718368	0.0423129	0.0377061	0.0452735	0.0287476	0.00242364	0.0464408	0.123462	0.140845	0.0612705	0.0202835	0.0416795
101	0.0321997	0.00290019	0.0662562	0.0184384	0.00133339	0.757777	0.00171884	0.00200502	0.00460002	0.00322363	0.00472477	0.0180694	0.00432959	0.00712706	0.0105818	0.0470737	0.00869502	0.00590429	0.000456723	0.00258568
102	0.0265922	0.00185907	0.0115495	0.0230506	0.00963434	0.0478145	0.0152625	0.0153227	0.292387	0.00830027	0.00920534	0.0217387	0.0171568	0.0519952	0.337212	0.0738674	0.0188382	0.00911496	0.00574676	0.00335174
103	0.0220564	0.0085171	0.00150372	0.00208597	0.0970408	0.00700919	0.00104334	0.275585	0.00099931	0.312447	0.0562548	0.00379497	0.00111829	0.00373784	0.00174287	0.0101022	0.0154406	0.167901	0.00517351	0.00644557
104	0.0526704	0.011951	0.000791566	0.00105006	0.0973278	0.0129262	0.00074613	0.254577	0.000644249	0.253381	0.0483302	0.00369117	0.00285816	0.0030115	0.00123141	0.0201005	0.0281891	0.199276	0.00313426	0.00411282
105	0.0225695	0.00328148	0.00151308	0.000508111	0.0198714	0.00371875	0.00100565	0.507687	0.00197099	0.0970962	0.0429218	0.000854569	0.000380729	0.00052932	0.000768279	0.00618137	0.0332604	0.251671	0.000330443	0.00388028
106	0.10246	0.0187576	0.000207079	0.000801448	0.052629	0.0218629	0.0013349	0.253561	0.000308396	0.132324	0.0334747	0.000899928	0.00207057	0.00062243	0.00222667	0.0293185	0.0519016	0.290612	0.000880554	0.00374596
107	0.032808	0.020753	0.00110453	0.00132148	0.208164	0.0114054	0.00254479	0.168882	0.00155204	0.284288	0.0467964	0.0037922	0.00427624	0.0038039	0.00329157	0.028885	0.0233966	0.129212	0.00569917	0.0180228
108	0.00575819	0.0173452	0.00372322	0.000787635	0.162632	0.00391394	0.0244912	0.0157436	0.0038304	0.00445193	0.00553764	0.0141306	0.000687998	0.00163057	0.00223726	0.0139542	0.00577628	0.00341624	0.00297917	0.706973
109	0.0797129	0.00617397	0.00355095	0.00275805	0.0172487	0.0112313	0.00136997	0.175485	0.0042636	0.203872	0.231197	0.00851842	0.00704494	0.00167637	0.00327994	0.0496311	0.0823143	0.103817	0.000751205	0.00610285
110	0.0383941	0.00302435	0.320488	0.212217	0.00598924	0.0356905	0.0145521	0.00735268	0.0359256	0.0143169	0.00869411	0.0885817	0.0221402	0.0497438	0.0194623	0.0548595	0.0352746	0.018978	0.00175414	0.0125612
111	0.0100821	0.00332531	0.00371375	0.000978025	0.0219847	0.00843455	0.000819872	0.0847301	0.00113224	0.682723	0.112092	0.00193346	0.0010352	0.00231068	0.0016941	0.00534067	0.00582781	0.0468772	0.00236806	0.00259681
112	0.012485	0.0249	0.00402928	0.00247626	0.422821	0.0109609	0.0090027	0.0391395	0.0054967	0.179498	0.0186091	0.00831776	0.00393161	0.0127595	0.0123078	0.0342941	0.0156641	0.0469805	0.0211652	0.115161
113	0.319074	0.0173981	0.00290444	0.00613641	0.0199499	0.115394	0.00202589	0.0341947	0.00380607	0.060498	0.0391015	0.0041312	0.0061007	0.00187256	0.00111173	0.167746	0.128991	0.0627248	0.00426382	0.00257516
114	0.0997051	0.338296	0.00634276	0.00141545	0.0292441	0.0115022	0.00127699	0.023339	0.00160354	0.0294557	0.0221637	0.00181187	0.000974514	0.00112819	0.00147389	0.276924	0.0878967	0.0520329	0.00473012	0.00868352
115	0.166281	0.238332	0.00737403	0.00335376	0.0212433	0.0602999	0.00120301	0.0214743	0.00251232	0.0338418	0.0205216	0.0023304	0.00303241	0.00138713	0.0019102	0.252169	0.0977505	0.0554624	0.00414843	0.00537201
116	0.111498	0.0163998	0.000370399	0.00251526	0.0315748	0.0225515	0.00153811	0.282264	0.000482297	0.0912225	0.0279205	0.00153986	0.000343869	0.000559662	0.00261501	0.0231896	0.056138	0.322609	0.000489007	0.00417889
117	0.0842935	0.0130311	0.0325289	0.14792	0.0201561	0.157017	0.0122904	0.0355171	0.0251873	0.040379	0.14103	0.0231469	0.0132125	0.0279614	0.0192627	0.062419	0.0635893	0.0475387	0.0189723	0.0145464
118	0.00817148	0.0183477	0.00118987	0.00101917	0.557211	0.00719177	0.00603489	0.0320598	0.00135348	0.16395	0.0145238	0.00575612	0.00264491	0.00647453	0.00588363	0.0315349	0.00983816	0.0445429	0.00803513	0.0742371
119	0.0181407	0.00548779	0.00244642	0.00366177	0.0778762	0.00418001	0.00157937	0.277872	0.00109322	0.361988	0.0514407	0.0024528	0.000800788	0.00342085	0.00231928	0.00771573	0.0128167	0.156475	0.00331766	0.0049147
120	0.0482835	0.00561157	0.00658306	0.00539782	0.0189443	0.0176727	0.00784646	0.183237	0.0121187	0.0419461	0.0324296	0.0377703	0.00585059	0.00420175	0.0108953	0.0812096	0.373489	0.0927191	0.0053512	0.00844216
121	0.0111553	0.00185059	0.00366918	0.00134232	0.0131151	0.00773795	0.000838968	0.0799181	0.0010033	0.684	0.127971	0.00138603	0.000999292	0.00213055	0.00154287	0.00586326	0.0075224	0.0451837	0.000829515	0.00194077
122	0.0557935	0.00840878	0.0129503	0.129461	0.0166159	0.0218545	0.0155988	0.0811047	0.0386623	0.102302	0.0959803	0.0181734	0.0171448	0.10991	0.0242877	0.0820159	0.0816909	0.0720588	0.00518014	0.0108073
123	0.0296023	0.00197099	0.0110313	0.00112588	0.000970169	0.870755	0.000565202	0.00117144	0.00063162	0.00166535	0.00471103	0.00372788	0.00263955	0.00326008	0.00985733	0.0458323	0.00499167	0.00448736	0.00039059	0.000612955
124	0.0325894	0.00325993	0.384993	0.131414	0.00823001	0.0357432	0.0111321	0.00871208	0.034688	0.0138928	0.0074385	0.131699	0.0281498	0.0310154	0.0199484	0.0522741	0.0308668	0.0171346	0.00171201	0.015108
125	0.0430636	0.0112646	0.0147425	0.00972524	0.0105594	0.0367205	0.0198935	0.0122367	0.0208204	0.0115073	0.00673801	0.0931123	0.00969748	0.0129992	0.0205675	0.430739	0.213782	0.0143367	0.00095915	0.00653462
126	0.00540205	0.000534498	0.0038199	0.000584043	0.00368277	0.00767011	0.000598141	0.0580263	0.000700179	0.753139	0.127824	0.00083443	0.000561608	0.00188293	0.000913699	0.00222546	0.0021169	0.0283487	0.00042616	0.000708674
127	0.0966835	0.0040175	0.0469234	0.0482484	0.00475726	0.0776224	0.0401493	0.00344843	0.0502241	0.00188322	0.00400737	0.113218	0.0091537	0.0499558	0.0500804	0.286378	0.0900588	0.0157992	0.000462311	0.00692856
128	0.0885948	0.00437788	0.0400433	0.0334927	0.00762547	0.0752479	0.0394497	0.00529569	0.0670142	0.00359594	0.00473666	0.102704	0.0116817	0.041965	0.0677868	0.289579	0.0918389	0.0182226	0.000627105	0.00612071
129	0.0180089	0.00547492	0.00250552	0.00291098	0.074833	0.00437425	0.00147679	0.27398	0.00126036	0.367186	0.0608987	0.00248106	0.000431399	0.00320504	0.00313557	0.00750729	0.0127782	0.148729	0.00343407	0.00538844
130	0.00960095	0.0234722	0.000745082	0.000854189	0.488428	0.0093826	0.00563635	0.0518843	0.000910453	0.199855	0.017369	0.00489246	0.00164702	0.00686744	0.00637328	0.0371298	0.0114047	0.0587076	0.00824692	0.0565926
131	0.0553682	0.0147463	0.0149289	0.0138279	0.0113896	0.0387017	0.00882383	0.0177673	0.0148636	0.0210046	0.00886309	0.0145617	0.523307	0.017522	0.0189246	0.133618	0.05087	0.00929992	0.00505133	0.00656102
132	0.0348172	0.00530388	0.131716	0.0219702	0.00496906	0.116563	0.0471801	0.0280964	0.0424181	0.00806038	0.00988384	0.240454	0.00581801	0.015033	0.0419681	0.174689	0.0565815	0.00852101	0.00150509	0.00445258
133	0.0946959	0.0040597	0.0470938	0.04825	0.00470933	0.0783407	0.0402077	0.00346034	0.0507512	0.00180067	0.00401332	0.113797	0.00921941	0.0505299	0.0505541	0.285349	0.0899248	0.0157828	0.000460122	0.00700074
134	0.0154118	0.0052502	0.00199267	0.00281334	0.0971939	0.00414062	0.00147666	0.268259	0.00211849	0.369824	0.0521801	0.00306895	0.000672173	0.00551789	0.00217162	0.0104299	0.0160707	0.132116	0.00362511	0.00566758
135	0.0946959	0.0040597	0.0470938	0.04825	0.00470933	0.0783407	0.0402077	0.00346034	0.0507512	0.00180067	0.00401332	0.113797	0.00921941	0.0505299	0.0505541	0.285349	0.0899248	0.0157828	0.000460122	0.00700074
136	0.021228	0.00870316	0.00156923	0.00213859	0.099222	0.00667107	0.00145414	0.270384	0.00105978	0.318171	0.0556515	0.00373149	0.00128062	0.00373796	0.00237835	0.0105706	0.0155644	0.161732	0.00578999	0.00896233
137	0.276242	0.00395663	0.00364583	0.00436421	0.11159	0.179907	0.0235375	0.00850151	0.00382681	0.117098	0.0289008	0.0469828	0.0260327	0.0043528	0.00490485	0.015944	0.0811666	0.0293443	0.0261496	0.00355291
138	0.0303943	0.0022121	0.0112111	0.0015043	0.0012969	0.853806	0.00100523	0.00194046	0.00157445	0.00241002	0.00564265	0.00556327	0.00265026	0.00358775	0.0108744	0.0502642	0.00736852	0.00540616	0.000422893	0.00086553
139	0.0103516	0.00349495	0.00801333	0.0103201	0.175543	0.00344302	0.022949	0.124602	0.00592993	0.247884	0.0512903	0.0045111	0.00262433	0.00281809	0.0397166	0.0138057	0.0391838	0.0902754	0.0202663	0.122977
140	0.0239002	0.00371166	0.0582212	0.074909	0.00538976	0.00660009	0.15295	0.0166485	0.168479	0.00920405	0.0121	0.0521176	0.00973796	0.154331	0.121466	0.0373823	0.0340836	0.0193203	0.000854613	0.0385927
141	0.0175225	0.00595331	0.00225423	0.00268263	0.0850413	0.00469052	0.00125817	0.287974	0.00137384	0.331301	0.062104	0.00329853	0.000531269	0.00367907	0.00239981	0.00756394	0.0131844	0.157401	0.00420381	0.00558175
142	0.0257201	0.00137623	0.401064	0.131886	0.00243357	0.0439871	0.00983062	0.00457815	0.0321646	0.00884528	0.00314173	0.175049	0.0144217	0.0269624	0.0187463	0.0486223	0.0243889	0.0129022	0.00101039	0.0128692
143	0.36495	0.0383684	0.0113697	0.00879368	0.0115057	0.204522	0.00199103	0.00486812	0.00460325	0.0143793	0.0102157	0.00151725	0.0181793	0.00163069	0.00469935	0.220377	0.0532323	0.0229039	0.00079539	0.00109897
144	0.0644529	0.019089	0.000304085	0.000390773	0.120198	0.0168241	0.000298528	0.180239	0.000760058	0.275692	0.0439438	0.00314398	0.00923036	0.00164534	0.000413672	0.0377364	0.0381222	0.181918	0.00373633	0.00186206
145	0.018657	0.0386628	0.00129995	0.00137375	0.406734	0.0144278	0.00466111	0.0656996	0.00163957	0.205157	0.0219284	0.00685083	0.00368851	0.00611087	0.00608225	0.0378435	0.0160478	0.0696599	0.0232141	0.0502622
146	0.210272	0.0228919	0.00295348	0.00573207	0.0316054	0.104497	0.00149576	0.0771508	0.00428906	0.079537	0.0363147	0.0051484	0.00223899	0.00175502	0.00123802	0.142692	0.159869	0.0985684	0.0080338	0.00371714
147	0.0115817	0.000828703	0.00175332	0.000481088	0.0170915	0.000981388	0.000940781	0.544228	0.00223829	0.0997591	0.0451296	0.000911375	0.000384415	0.000515002	0.000588224	0.00332851	0.031032	0.233898	0.000265113	0.00406394
148	0.042423	0.0127686	0.00150763	0.00127918	0.0974736	0.00970457	0.00066945	0.231456	0.00205894	0.311172	0.0569823	0.00329453	0.00433652	0.00272887	0.00131435	0.0253542	0.0291601	0.159047	0.00340659	0.00386241
149	0.416626	0.011066	0.00260866	0.00548672	0.0170194	0.103025	0.00308929	0.0255439	0.00185792	0.0381442	0.0271325	0.00272335	0.00565137	0.00246073	0.000965497	0.155055	0.117076	0.0598384	0.00237881	0.00225187
150	0.529021	0.00375954	0.00242996	0.00503215	0.0119505	0.103034	0.00495701	0.00637689	0.000955366	0.015254	0.0148385	0.0019264	0.00819911	0.00302969	0.00108937	0.162203	0.0842092	0.0396987	0.000746095	0.00128974
151	0.0176877	0.00571956	0.00232923	0.00333246	0.0800791	0.00406198	0.00156698	0.273036	0.00111143	0.370424	0.0507502	0.00259498	0.000803517	0.0035165	0.00222522	0.008011	0.0130096	0.151333	0.00336088	0.00504624
152	0.106255	0.0187256	0.000253714	0.00100015	0.0369885	0.0232286	0.00163222	0.277499	0.000262285	0.102752	0.0305332	0.000690639	0.000331361	0.000498757	0.0026403	0.0248759	0.0523381	0.314499	0.000488869	0.00450722
153	0.0116383	0.000825018	0.00172744	0.000443444	0.0167653	0.000978815	0.000931517	0.545854	0.00228243	0.0978747	0.0448861	0.00091453	0.000386186	0.000516797	0.000552872	0.00329681	0.0312119	0.234573	0.000262775	0.00407805
154	0.0144019	0.00310909	0.00339109	0.00108805	0.0238441	0.00774771	0.000762563	0.107799	0.00114196	0.629224	0.11931	0.00187762	0.00141598	0.00210432	0.00137278	0.00786667	0.00988519	0.0599484	0.00127411	0.00243587
155	0.0281672	0.0197534	0.0127481	0.00374696	0.00948565	0.0134173	0.00525485	0.0183667	0.00263443	0.0270342	0.00342679	0.00297776	0.730328	0.0148625	0.0144006	0.0655553	0.011083	0.00458678	0.0064439	0.00572647
156	0.0277922	0.00692622	0.00120325	0.00122368	0.00653369	0.0125169	0.00934088	0.0113382	0.00202428	0.00701483	0.00668958	0.0341109	0.001481	0.00340641	0.00588919	0.284703	0.560826	0.0130864	0.000910485	0.00298291
157	0.078779	0.0121746	0.00288011	0.0055156	0.0334649	0.0225179	0.00247583	0.176075	0.00515724	0.154592	0.143731	0.00603389	0.00612879	0.00325954	0.00442604	0.0471822	0.103039	0.182706	0.00322176	0.00663876
158	0.0269924	0.0822363	0.00402922	0.00482586	0.133588	0.0475786	0.00422361	0.0222319	0.00703337	0.177213	0.0120301	0.0178071	0.0102998	0.00674521	0.0146437	0.0305446	0.0225704	0.0329358	0.283306	0.0591644
159	0.0329026	0.0127777	0.00607539	0.00363978	0.183086	0.0124486	0.00629055	0.136853	0.00796446	0.279543	0.0570442	0.00606541	0.00523419	0.0044427	0.0139755	0.0324646	0.0450455	0.103931	0.0101334	0.0400811
160	0.0222432	0.00212915	0.0182747	0.0292152	0.00712342	0.0494629	0.0257559	0.0134588	0.305441	0.00464499	0.00891699	0.0278969	0.0114312	0.0590691	0.316745	0.0586524	0.0200836	0.00887399	0.00572797	0.0048535
161	0.0157942	0.00193943	0.330882	0.0710845	0.00300951	0.0297578	0.0320465	0.00586638	0.0678066	0.00623182	0.00361744	0.287586	0.00770471	0.0267379	0.0310651	0.0472401	0.0153516	0.00774766	0.00119333	0.00733667
162	0.00514262	0.000527977	0.00383352	0.000569245	0.00358222	0.0076294	0.000600681	0.0574358	0.000690633	0.755369	0.127305	0.000836288	0.000556972	0.00188559	0.000913635	0.00209153	0.00182887	0.0281131	0.000423428	0.000664458
163	0.0750411	0.00400914	0.040168	0.0338009	0.00556046	0.0666007	0.0457067	0.0123778	0.0622417	0.00978125	0.00480539	0.0797948	0.0259334	0.0513467	0.0843654	0.283712	0.0925782	0.0160826	0.000618458	0.00547501
164	0.0191976	0.00803051	0.00169859	0.00229624	0.0935504	0.0057726	0.00129509	0.277691	0.00113682	0.323143	0.0589971	0.00349215	0.000815698	0.00364253	0.00225555	0.0089908	0.0145055	0.160375	0.0053853	0.00772903
165	0.0150796	0.00425829	0.00370291	0.00346177	0.0556377	0.00641653	0.00184085	0.170258	0.00448854	0.517808	0.0791858	0.00303097	0.0017083	0.00950399	0.0032689	0.0108384	0.0149379	0.0877084	0.00289646	0.00396959
166	0.216646	0.00865444	0.00487056	0.00713692	0.00761866	0.0565354	0.00383443	0.0161231	0.0186705	0.0109692	0.00862244	0.00853785	0.0501027	0.00324293	0.0053199	0.505656	0.0465328	0.0167611	0.00153773	0.00262797
167	0.00401798	0.0181887	0.0031538	0.000520969	0.160586	0.00350226	0.0192391	0.0150242	0.0031992	0.00159777	0.00346757	0.00529707	0.000511144	0.000625964	0.000596866	0.00942602	0.00483935	0.00122737	0.00298344	0.741995
168	0.0169146	0.00450163	0.00149899	0.00173918	0.0633677	0.00436506	0.00119214	0.373742	0.0012024	0.239861	0.0498897	0.00269689	0.000336736	0.0025886	0.00132822	0.00558448	0.0186187	0.203242	0.0026203	0.00470981
169	0.146718	0.0310002	0.020887	0.0134086	0.0101244	0.181221	0.0106614	0.012391	0.0175161	0.0158303	0.0104067	0.035024	0.0128084	0.0115681	0.0161089	0.334273	0.0924587	0.0211548	0.00164926	0.00479132
170	0.123143	0.0178334	0.000403116	0.00209016	0.0358469	0.0262633	0.00158995	0.255205	0.00057967	0.100322	0.0301773	0.00165206	0.000901585	0.000619997	0.00276475	0.0261359	0.0537221	0.315901	0.000549958	0.00429813
171	0.149207	0.216184	0.00887591	0.00397884	0.0214699	0.0950765	0.00235895	0.0254475	0.00388247	0.0506868	0.0209841	0.00399108	0.00352153	0.0022325	0.00309841	0.217208	0.112511	0.048836	0.00493324	0.00551602
172	0.0570074	0.00351179	0.0112669	0.00259308	0.00188553	0.813332	0.000724103	0.00268764	0.00113619	0.00382045	0.00577869	0.00362174	0.00331136	0.00302404	0.00917338	0.0563166	0.0106284	0.00898708	0.000474515	0.000718879
173	0.0803013	0.012494	0.000850567	0.00211596	0.0300453	0.0159366	0.00140703	0.350862	0.00110527	0.0997768	0.034916	0.00158953	0.000456541	0.000709305	0.00210869	0.0176438	0.044841	0.297956	0.000592652	0.00429125
174	0.0304372	0.00974062	0.0011182	0.00151937	0.103717	0.0102875	0.000716564	0.258125	0.00086315	0.294613	0.0520516	0.00448887	0.00249276	0.00398373	0.00108013	0.0146586	0.01986	0.18113	0.00433318	0.00478331
175	0.432777	0.0073085	0.00432776	0.00500907	0.011285	0.0589528	0.00744649	0.00965048	0.00389155	0.0162201	0.0120487	0.00613534	0.00800144	0.0163869	0.00401392	0.217332	0.10263	0.071942	0.00167517	0.00296586
176	0.0300376	0.0364631	0.00247684	0.00220209	0.0160578	0.0240989	0.0194466	0.00774688	0.0037819	0.0252299	0.00575087	0.0580689	0.00218487	0.0101184	0.00450459	0.464681	0.258235	0.0202613	0.00175514	0.00689771
177	0.0648282	0.016688	0.000398938	0.000455981	0.112311	0.0153669	0.000401365	0.203074	0.000756783	0.261814	0.0457663	0.00322924	0.00748903	0.00187322	0.000599382	0.03413	0.0370623	0.1882	0.00333604	0.00221909
178	0.0510324	0.0106766	0.00107646	0.00133252	0.0691236	0.0114975	0.00114794	0.296277	0.000762903	0.218054	0.0496544	0.00256525	0.000807493	0.0023098	0.00187771	0.0149109	0.0285064	0.23142	0.0023802	0.00458687
179	0.0482007	0.0140337	0.000792192	0.00108389	0.096456	0.0139708	0.000813068	0.245199	0.000715308	0.259471	0.0476062	0.00373073	0.00385438	0.0028799	0.00123859	0.0210672	0.027694	0.202141	0.00453065	0.00452207
180	0.110269	0.0194025	0.000223462	0.00102867	0.0376668	0.0242503	0.00160462	0.268701	0.000241988	0.100729	0.030188	0.000713394	0.000372575	0.000467917	0.002764	0.0259449	0.0538166	0.316647	0.000490352	0.00447812
181	0.0875134	0.0177714	0.000310935	0.000764692	0.0633984	0.0196849	0.00113261	0.250588	0.000414613	0.17178	0.0373734	0.00166931	0.00206153	0.00137437	0.00182233	0.0270424	0.0433275	0.265606	0.00152883	0.00483505
182	0.0910586	0.345445	0.00693827	0.0012157	0.0270349	0.00971674	0.00152357	0.0192524	0.00137592	0.0278916	0.0185706	0.00215116	0.000940508	0.00134055	0.00148952	0.289868	0.0964174	0.0452367	0.00530584	0.00722706
183	0.0616425	0.0152497	0.00123098	0.00110109	0.0717285	0.0139965	0.000985461	0.257156	0.00127808	0.226631	0.0555076	0.0025484	0.00287745	0.00193096	0.00180914	0.0236991	0.0376733	0.215795	0.0025607	0.00459924
184	0.0097313	0.0284462	0.000840248	0.000897926	0.485586	0.0125993	0.00544453	0.0398217	0.00113128	0.203902	0.0169728	0.00624912	0.00201311	0.00643196	0.00657326	0.0395107	0.0131369	0.0525942	0.0122866	0.0558319
185	0.019029	0.064076	0.00388067	0.00270764	0.22784	0.0445448	0.00382394	0.0203578	0.00527248	0.181511	0.0114411	0.0131557	0.00771567	0.00557656	0.0197634	0.0440122	0.028888	0.0500147	0.177803	0.0685858
186	0.146669	0.00674653	0.00232915	0.0246981	0.012957	0.0278165	0.00238751	0.178599	0.00222775	0.0686181	0.0122262	0.0145527	0.00227079	0.00218035	0.00324059	0.0182094	0.0644482	0.404696	0.00184062	0.00328705
187	0.209423	0.0382014	0.0150973	0.00696366	0.00798434	0.48161	0.0010883	0.00523034	0.00472216	0.0105471	0.00704703	0.00236907	0.0088241	0.00200184	0.00786673	0.14318	0.0294587	0.0163578	0.000882972	0.00114387
188	0.0759041	0.0201621	0.000424305	0.000473411	0.118937	0.0177667	0.000486791	0.163133	0.00092207	0.2672	0.0390423	0.00255187	0.0159649	0.00124295	0.000578014	0.0430025	0.0383482	0.188085	0.00452787	0.00124689
189	0.0479479	0.01432	0.000653459	0.000939652	0.113849	0.013883	0.000506642	0.214902	0.000787058	0.28763	0.0473086	0.00395058	0.00565023	0.00282237	0.000682209	0.0261936	0.0289302	0.181918	0.0037837	0.00334286
190	0.011092	0.00293229	0.201528	0.0363762	0.00402203	0.0194471	0.0686761	0.0091306	0.115223	0.00561715	0.00617404	0.340288	0.00402785	0.0406889	0.0611488	0.0383917	0.0145895	0.00777453	0.00169594	0.0111765
