209	20
1	0.0213693	0.0050426	0.00133414	0.0022043	0.0244685	0.00325949	0.00212925	0.0613785	0.0029558	0.714781	0.0436224	0.00233868	0.0025315	0.00817201	0.00269425	0.00536936	0.0207045	0.0662777	0.00306139	0.00630522
2	0.0351272	0.0160129	0.000583657	0.000654926	0.0103891	0.00449842	0.000898234	0.24795	0.00112157	0.192058	0.0189426	0.00102614	0.000556834	0.00186732	0.000843586	0.00164335	0.0133705	0.449308	0.00104009	0.00210763
3	0.0147191	0.0136372	0.000395921	0.000464299	0.065541	0.0096765	0.0025252	0.232656	0.00175268	0.282758	0.0513837	0.00364009	0.00147907	0.000812532	0.00071847	0.0029504	0.0211944	0.268115	0.00993973	0.0156407
4	0.135948	0.0423542	0.00151723	0.00129512	0.00532433	0.0130299	0.00108002	0.184271	0.00154618	0.157563	0.0212984	0.00121076	0.000748238	0.00187309	0.00198227	0.00449211	0.0145506	0.408759	0.000342398	0.000814058
5	0.0333859	0.000526105	0.410575	0.405128	0.000379745	0.0177963	0.00222066	0.000892418	0.0165605	0.00113608	0.0023146	0.0341565	0.000962398	0.0315948	0.00167582	0.0308447	0.00602347	0.00328504	0.000142575	0.000399795
6	0.040826	0.00391752	0.0055632	0.00571117	0.00328128	0.0293562	0.393491	0.0590505	0.00699999	0.0321075	0.00477007	0.00650544	0.0295074	0.0350786	0.0060558	0.0790459	0.0849084	0.0340634	0.00129073	0.13847
7	0.221743	0.00235915	0.0342012	0.0297293	0.0289844	0.102084	0.00236338	0.0494211	0.00334748	0.0470666	0.00251654	0.0168155	0.0284069	0.0684485	0.00333486	0.238935	0.00581709	0.111174	0.000899062	0.00235326
8	0.0614358	0.0106883	0.00413613	0.00429016	0.0176572	0.00480183	0.00309959	0.0203734	0.00464328	0.00622983	0.0397644	0.00480127	0.0106292	0.0056427	0.00489074	0.375346	0.388347	0.025698	0.00103395	0.00649122
9	0.176659	0.0198467	0.00357655	0.00415389	0.0488485	0.036405	0.0195391	0.0238114	0.00457324	0.366524	0.00303469	0.0362484	0.00312057	0.0226824	0.0769191	0.0562348	0.0221411	0.0232722	0.00102767	0.0513818
10	0.188568	0.0186075	0.00399656	0.0275025	0.00194071	0.013339	0.0483376	0.00729333	0.124949	0.00581693	0.0055688	0.100535	0.0209481	0.03756	0.0636865	0.313233	0.00804025	0.00637235	0.000786218	0.00291885
11	0.530382	0.0366375	0.00150123	0.00124235	0.00784979	0.0362958	0.00146202	0.0527788	0.00208049	0.0609685	0.00861242	0.00154135	0.00158208	0.00188833	0.00290035	0.0458086	0.121507	0.0789132	0.000248806	0.00579876
12	0.0198056	0.0114564	0.000550829	0.000499418	0.00409427	0.00276328	0.000390426	0.278891	0.000814625	0.17355	0.0147136	0.000612765	0.000369002	0.00211238	0.000554649	0.00125103	0.00712388	0.479944	0.00013722	0.000365948
13	0.103884	0.0014327	0.00253977	0.0599894	0.00142308	0.0319361	0.010846	0.00327902	0.0123912	0.00362051	0.0018607	0.0473462	0.00127975	0.0229683	0.00223178	0.165771	0.499757	0.0143301	0.000673465	0.01244
14	0.573965	0.0385869	0.00360484	0.00445963	0.00891518	0.0495755	0.00280055	0.0351456	0.00472922	0.044536	0.0138725	0.00346029	0.00291186	0.00639675	0.00528581	0.0651727	0.046754	0.0849578	0.00065197	0.00421751
15	0.669813	0.0304813	0.00368541	0.00199649	0.00897641	0.0802558	0.00181442	0.0246216	0.00367552	0.0190541	0.00929436	0.00226696	0.00288263	0.0018564	0.00326153	0.0550073	0.0295987	0.049125	0.000305388	0.00202777
16	0.0112471	0.0046688	0.00112751	0.000577973	0.0117123	0.00104735	0.000350508	0.450858	0.00136859	0.0273497	0.0102265	0.00338267	0.000296701	0.00190992	0.00150344	0.00297594	0.0128396	0.454661	0.000260107	0.00163619
17	0.0323598	0.00217731	0.209878	0.0552732	0.0140011	0.00364163	0.126277	0.00518087	0.00341926	0.0059925	0.00219836	0.00310282	0.00207485	0.00523209	0.00260018	0.174042	0.279565	0.0565202	0.000716586	0.0157478
18	0.160213	0.0297571	0.00143648	0.00134922	0.00239223	0.0157583	0.000877678	0.160628	0.00164674	0.223078	0.0327833	0.00154343	0.000754274	0.00187395	0.00145324	0.00320839	0.0210432	0.339021	0.000281401	0.000901051
19	0.0195233	0.0015902	0.00048484	0.000500604	0.0253859	0.000867567	0.000811304	0.0547565	0.000796414	0.746957	0.0388036	0.000901164	0.00214516	0.00621129	0.000917927	0.00278506	0.0212197	0.0719954	0.00201083	0.00133616
20	0.0205179	0.0123664	0.000541892	0.000510123	0.00400601	0.00276275	0.000419075	0.264182	0.000794942	0.177066	0.014443	0.000618069	0.000368381	0.00200591	0.000570315	0.0011652	0.00727038	0.489626	0.000250274	0.000515052
21	0.520544	0.0391955	0.00141685	0.00127319	0.00898278	0.0369259	0.00192917	0.057499	0.00243927	0.0619915	0.00967022	0.00160015	0.00157448	0.001947	0.0035611	0.0486123	0.105831	0.0876973	0.000243359	0.0070656
22	0.181915	0.00103083	0.0667623	0.105271	0.000440745	0.0710564	0.00253083	0.0088413	0.0956933	0.0149051	0.000974339	0.0692845	0.136228	0.0301997	0.0223931	0.10727	0.0675504	0.0148417	0.000175718	0.0026355
23	0.281586	0.0164126	0.00969839	0.00944821	0.00254598	0.00362383	0.0101077	0.141113	0.0114215	0.0187036	0.022691	0.00199632	0.000823562	0.00325298	0.00676042	0.0219602	0.0299734	0.40468	0.00041517	0.00278585
24	0.649297	0.0166214	0.00198093	0.00111858	0.00662699	0.0549606	0.00133347	0.0279491	0.00199215	0.0271843	0.0115938	0.0015275	0.00556147	0.00168285	0.00607346	0.074752	0.0298706	0.077677	0.00024613	0.0019506
25	0.105882	0.000683624	0.232184	0.299893	0.000583598	0.0167549	0.000870961	0.00130598	0.0476745	0.00216625	0.000926746	0.0264691	0.00968015	0.118662	0.0154132	0.0859391	0.0262541	0.00788831	0.000200297	0.000567776
26	0.260706	0.0116519	0.0195748	0.168596	0.00129248	0.00641099	0.0171942	0.0123289	0.0691723	0.0251921	0.0014837	0.0553411	0.00165369	0.231695	0.01461	0.0918884	0.00504312	0.00387551	0.000562919	0.00172674
27	0.0365594	0.00417502	0.0234695	0.0092451	0.00572828	0.414955	0.0332568	0.00545553	0.0391833	0.0793619	0.0047642	0.116145	0.0105642	0.0523905	0.0292503	0.0801292	0.00670631	0.0381572	0.00266242	0.00784054
28	0.0206021	0.0124882	0.000555829	0.000502698	0.00342246	0.00267818	0.000409775	0.263861	0.000798536	0.175597	0.0140486	0.00060408	0.00037315	0.00200321	0.000591869	0.00114826	0.00712294	0.492685	0.000143328	0.00036434
29	0.0886624	0.00147605	0.073819	0.0442032	0.00134118	0.0358903	0.037168	0.0125156	0.155139	0.00351794	0.0018536	0.0336601	0.00137611	0.0126681	0.0506482	0.311796	0.128725	0.00368089	0.000414426	0.00144448
30	0.0398906	0.000795158	0.00234123	0.089171	0.00623919	0.00292095	0.0327391	0.0116781	0.396013	0.0027046	0.00126097	0.0441843	0.00186844	0.136809	0.142562	0.0536083	0.029759	0.00364935	0.000361451	0.00144464
31	0.0297914	0.0245666	0.00133749	0.000724305	0.00595342	0.00148554	0.000535482	0.20226	0.00142441	0.070999	0.004968	0.00128523	0.000454115	0.00189548	0.00349387	0.00226647	0.00432136	0.641331	0.00030235	0.00060454
32	0.00999546	0.00318721	0.00317992	0.00419187	0.15209	0.00470966	0.0273912	0.194413	0.0047699	0.383298	0.00564057	0.0219985	0.00285885	0.0232871	0.0384448	0.00842073	0.00744279	0.0834842	0.0182668	0.00292983
33	0.0288245	0.049783	0.00239797	0.0123922	0.0306204	0.00250878	0.0731984	0.0903852	0.0128046	0.212646	0.0127279	0.00279251	0.00138334	0.0328739	0.00252837	0.0145189	0.0712976	0.331305	0.000599775	0.0144117
34	0.387884	0.0275876	0.00419038	0.00495841	0.0165293	0.0270086	0.0149221	0.0876661	0.0170849	0.0268775	0.0108174	0.00319936	0.00203406	0.00510604	0.00618708	0.069363	0.0393845	0.233315	0.000647101	0.0152374
35	0.105882	0.000683624	0.232184	0.299893	0.000583598	0.0167549	0.000870961	0.00130598	0.0476745	0.00216625	0.000926746	0.0264691	0.00968015	0.118662	0.0154132	0.0859391	0.0262541	0.00788831	0.000200297	0.000567776
36	0.0793244	0.0197547	0.0120563	0.0116063	0.0372701	0.146599	0.011405	0.0119655	0.0508716	0.12273	0.0293408	0.0809381	0.0941172	0.122681	0.0544269	0.0267017	0.00384864	0.0174261	0.0153106	0.0516262
37	0.0208511	0.000474211	0.000502293	0.000508634	0.0219897	0.000616117	0.000411824	0.0495673	0.000612695	0.753522	0.0383848	0.000538998	0.00255209	0.00702821	0.000466936	0.00298557	0.0251453	0.0721121	0.00142875	0.000300982
38	0.116413	0.00221447	0.0030797	0.00333027	0.00207747	0.00554467	0.00230583	0.00379248	0.00376932	0.0461011	0.0197545	0.00553618	0.577744	0.0369228	0.0132505	0.0443831	0.0480654	0.0539769	0.000929949	0.0108088
39	0.0464286	0.0016558	0.367244	0.369502	0.000952335	0.0273602	0.00258688	0.00242441	0.0220829	0.00268861	0.00213708	0.0316608	0.00278466	0.0528686	0.00491952	0.0397882	0.0104693	0.0111072	0.000324794	0.00101418
40	0.171753	0.00046428	0.0697148	0.102362	0.000468959	0.0578201	0.002279	0.00987705	0.0930376	0.0163296	0.000504277	0.0737398	0.162327	0.0298043	0.0184983	0.0972058	0.0735646	0.0167361	0.000226287	0.00328722
41	0.0147243	0.0135089	0.000393064	0.000474282	0.0647817	0.00992779	0.00242812	0.230283	0.00175007	0.282106	0.0525933	0.00354894	0.00149863	0.000725373	0.000534528	0.00310437	0.0217749	0.269461	0.0105114	0.0158696
42	0.500677	0.00504644	0.0206709	0.0272095	0.00173968	0.0491033	0.0047376	0.00214529	0.00229441	0.00290832	0.00223775	0.00789826	0.00219872	0.0120058	0.00235231	0.235098	0.0958791	0.0242116	0.00051096	0.00107482
43	0.171154	0.000487938	0.0702463	0.102866	0.000472154	0.0577486	0.00226916	0.00981721	0.0937377	0.0162318	0.000505084	0.0727597	0.163286	0.0299457	0.0183916	0.0968899	0.0730815	0.0166525	0.000220895	0.00323589
44	0.0210483	0.000475032	0.000505802	0.000519266	0.0220126	0.000633756	0.000436828	0.0496488	0.000640824	0.751934	0.0381443	0.000596682	0.00257383	0.00726838	0.000551453	0.00296693	0.025312	0.072983	0.00141479	0.000333269
45	0.0206021	0.0124882	0.000555829	0.000502698	0.00342246	0.00267818	0.000409775	0.263861	0.000798536	0.175597	0.0140486	0.00060408	0.00037315	0.00200321	0.000591869	0.00114826	0.00712294	0.492685	0.000143328	0.00036434
46	0.187688	0.00522176	0.00203391	0.021029	0.012259	0.00359851	0.012774	0.0733123	0.0312166	0.145314	0.0224948	0.0115459	0.00112682	0.0304248	0.0318565	0.0456179	0.0473768	0.293155	0.000525996	0.0214286
47	0.00813559	0.00384973	0.00069686	0.000494692	0.0265361	0.00158697	0.000343051	0.565951	0.00157526	0.0509156	0.0116482	0.000842466	0.000306268	0.00153706	0.000635402	0.00323192	0.00743851	0.312814	0.000167851	0.00129336
48	0.017871	0.0160909	0.000446526	0.0005709	0.0642401	0.00968937	0.00236483	0.228255	0.00170827	0.27592	0.0524229	0.0035065	0.0014284	0.000825431	0.00048673	0.00290972	0.0220317	0.275442	0.00905672	0.0147328
49	0.625916	0.0303899	0.00345921	0.00173331	0.0172014	0.0774996	0.00105598	0.0172891	0.00225658	0.0163798	0.0136189	0.00159966	0.00216688	0.00172994	0.00268832	0.0832423	0.0515987	0.048153	0.000350526	0.0016709
50	0.388932	0.00595822	0.0165253	0.00671319	0.00137411	0.179131	0.00213111	0.00225367	0.00728637	0.0116782	0.00153935	0.0309665	0.0853946	0.0198108	0.00567796	0.154528	0.0652863	0.0130711	0.000518267	0.0012243
51	0.238937	0.00137865	0.0123617	0.0210478	0.00121388	0.0793321	0.0243699	0.00189208	0.00369646	0.00364649	0.00277401	0.0331233	0.00122557	0.00800882	0.00277507	0.460848	0.094003	0.00782312	0.000579507	0.000963574
52	0.013024	0.0118048	0.0375379	0.00219834	0.00111478	0.0555295	0.00146345	0.012988	0.00224089	0.0262693	0.00163638	0.125821	0.00114461	0.00899888	0.00483977	0.578968	0.109368	0.00342683	0.000558803	0.00106567
53	0.251085	0.00332278	0.00377163	0.0054719	0.00224647	0.0226022	0.0136943	0.00384893	0.0155896	0.00761736	0.0177792	0.0238212	0.00286033	0.00399026	0.0129569	0.387137	0.192245	0.0277368	0.000591927	0.00163055
54	0.060784	0.0118128	0.0120945	0.0129429	0.346785	0.0131378	0.029326	0.0318667	0.00272686	0.0433375	0.0392041	0.0895089	0.00132624	0.0238804	0.0117908	0.066354	0.0558052	0.0896776	0.0102643	0.0473742
55	0.0540856	0.00589129	0.00117804	0.00365635	0.00558453	0.853004	0.000745116	0.00177339	0.00289374	0.00173044	0.000986919	0.00316386	0.0023377	0.00155386	0.00102079	0.039649	0.0143072	0.00202163	0.00378705	0.000629328
56	0.0615702	0.00434643	0.0132108	0.059036	0.00402793	0.0403579	0.0148694	0.00837004	0.339161	0.0135152	0.00477298	0.0249304	0.0155143	0.0531949	0.234265	0.0390315	0.0265094	0.0365981	0.00215688	0.00456142
57	0.066977	0.00275804	0.225304	0.0062468	0.00234286	0.104663	0.00266365	0.00553278	0.00827885	0.00580491	0.0029961	0.341861	0.00247726	0.00725632	0.00352605	0.158581	0.0416682	0.00719227	0.00101553	0.00285483
58	0.0151273	0.0140517	0.000406833	0.000506598	0.0650554	0.00964739	0.00231448	0.231554	0.00174232	0.280172	0.0521162	0.00361573	0.00149019	0.000742184	0.000487146	0.00292415	0.0219309	0.271277	0.00945927	0.0153794
59	0.0217387	0.000526587	0.000528946	0.000572621	0.0219475	0.000664714	0.000395843	0.0499582	0.000710847	0.753676	0.0436988	0.000558784	0.00224883	0.00617275	0.000462889	0.0035966	0.0233707	0.067308	0.00149739	0.000364885
60	0.100345	0.00817399	0.0231245	0.0550858	0.0126724	0.116202	0.00795073	0.010991	0.0343474	0.0504286	0.0176034	0.0370566	0.283976	0.0841783	0.0291699	0.0512668	0.0302519	0.0236723	0.00572096	0.017783
61	0.0530887	0.0107845	0.0109779	0.0157458	0.0160912	0.124637	0.0106756	0.0149052	0.149948	0.066799	0.0204496	0.0402203	0.0340282	0.110182	0.154542	0.0329177	0.0192395	0.0523626	0.00831475	0.0540894
62	0.159922	0.0285401	0.00143751	0.0013834	0.00229275	0.0151181	0.000972912	0.162653	0.00170472	0.219279	0.03211	0.00148485	0.000718755	0.0018485	0.00158335	0.00330132	0.0212915	0.343237	0.000262496	0.000857766
63	0.576325	0.015418	0.00834213	0.00677112	0.00646962	0.105409	0.00188439	0.00677182	0.0025496	0.00799812	0.00577025	0.00988009	0.0090724	0.00668387	0.00297293	0.151455	0.0517465	0.0234673	0.000254347	0.000758616
64	0.64951	0.0215294	0.00260752	0.00157711	0.00837648	0.0749068	0.00159033	0.031334	0.00344737	0.0214472	0.013719	0.00199241	0.00371453	0.00225828	0.00389153	0.0657802	0.0302542	0.0588555	0.000539948	0.00266858
65	0.0426238	0.00263931	0.00377345	0.0210004	0.00223703	0.0231498	0.00251554	0.00507694	0.181079	0.34946	0.0854105	0.0227153	0.00185512	0.108965	0.0554192	0.00818911	0.0397952	0.0239257	0.00108824	0.0190807
66	0.0166064	0.052932	0.00234018	0.0026156	0.0567816	0.00325331	0.0118193	0.0254069	0.00273337	0.636202	0.058172	0.00268275	0.00144791	0.0132577	0.00202565	0.00503451	0.00590069	0.0270571	0.0161357	0.0575958
67	0.113162	0.00432108	0.226514	0.0795674	0.00361966	0.197495	0.00713826	0.0101229	0.0634693	0.0152824	0.00466378	0.120072	0.0117153	0.0399876	0.0151164	0.0457502	0.0258149	0.0108579	0.00148855	0.00384085
68	0.213552	0.0415368	0.00480585	0.00603324	0.00425951	0.00659081	0.00560027	0.0993583	0.00867052	0.0507652	0.0233171	0.00321696	0.00115316	0.00551481	0.0213036	0.0340575	0.0591301	0.405723	0.000474096	0.00493745
69	0.113265	0.00247842	0.0194464	0.0331804	0.00188154	0.0827408	0.00294725	0.00492372	0.020541	0.00552078	0.130238	0.0465061	0.0177493	0.171024	0.00389764	0.2973	0.0367252	0.00661714	0.000919241	0.00209953
70	0.0568702	0.00285833	0.00358515	0.00407839	0.00257372	0.00760052	0.0030213	0.00522194	0.00494268	0.0453892	0.0537037	0.00648489	0.519125	0.0968613	0.0123731	0.0589831	0.0497773	0.0550705	0.00095022	0.0105294
71	0.0082389	0.00350987	0.000699831	0.000507195	0.0249887	0.00159069	0.000351305	0.569054	0.00134498	0.0510947	0.0117586	0.000807706	0.000340591	0.00160055	0.000507023	0.00350523	0.00724859	0.311449	0.000140922	0.00126239
72	0.0780017	0.0165258	0.00380152	0.0035977	0.0107872	0.00582961	0.00358765	0.0139296	0.00561048	0.00536265	0.0360032	0.00551826	0.0162575	0.0050094	0.00527065	0.378792	0.378435	0.0211011	0.000868229	0.00571066
73	0.0303158	0.000369376	0.436616	0.400481	0.000282859	0.0187398	0.00250088	0.000685101	0.0146118	0.000746338	0.00233818	0.0380297	0.000281927	0.0198466	0.000412447	0.0286042	0.00263449	0.00207985	8.36816e-05	0.00034017
74	0.0286993	0.0261724	0.00181191	0.000757538	0.00550305	0.00111425	0.000585556	0.20874	0.0021327	0.032831	0.00295807	0.00224611	0.000487031	0.00222463	0.00508101	0.00304222	0.00647519	0.668067	0.00036767	0.000703349
75	0.0224067	0.00421794	0.00146818	0.007498	0.00665159	0.00189426	0.00103703	0.336876	0.0116843	0.049972	0.0507496	0.0017771	0.000952257	0.00192015	0.00142209	0.0445714	0.256999	0.196705	0.000306055	0.000891261
76	0.227286	0.0080776	0.0694122	0.138409	0.00101274	0.124385	0.0110792	0.00353774	0.144913	0.0123358	0.00236408	0.0421342	0.00782685	0.0328896	0.0540628	0.0849486	0.0297337	0.00346638	0.000537869	0.00158665
77	0.00992427	0.00376081	0.000765719	0.000483615	0.019337	0.00133362	0.000350455	0.534165	0.00126963	0.0413342	0.0113902	0.00200048	0.000318617	0.00155565	0.000866147	0.00308945	0.0105812	0.355557	0.000188918	0.00172765
78	0.0403232	0.0036743	0.0129471	0.134316	0.00357126	0.00226739	0.0109883	0.191153	0.143462	0.0743366	0.00420165	0.0280363	0.00124133	0.0691485	0.00482996	0.0320679	0.0322971	0.209464	0.000424532	0.00125084
79	0.0256009	0.00471933	0.051985	0.0411025	0.00569874	0.0102048	0.0135565	0.0352819	0.00710218	0.0349973	0.0060509	0.00807966	0.00389703	0.0356327	0.00849215	0.209768	0.392758	0.0693737	0.00127803	0.0344212
80	0.00833911	0.00142967	0.00188789	0.00214066	0.302611	0.00230109	0.00149984	0.0562176	0.00261074	0.0313276	0.00946	0.00207582	0.00135499	0.00300203	0.00182084	0.00415379	0.00382094	0.0342044	0.000406587	0.529335
81	0.015358	0.0146364	0.0138764	0.08022	0.0103494	0.00239764	0.00395864	0.163189	0.124443	0.0803903	0.0118336	0.0106068	0.00145526	0.099221	0.0306547	0.024795	0.0774345	0.233227	0.00046988	0.00148281
82	0.046609	0.00283993	0.011469	0.0715433	0.00576811	0.0221625	0.0368066	0.0113652	0.358962	0.00986406	0.00377678	0.0380131	0.0124507	0.0922597	0.176671	0.0538558	0.0293444	0.0110765	0.00129545	0.00386729
83	0.0536966	0.00229757	0.00300376	0.00352864	0.00231252	0.00657596	0.00209136	0.00414288	0.00396622	0.0465055	0.0248099	0.0056202	0.607954	0.051437	0.020019	0.0478078	0.0533423	0.0430903	0.000899259	0.0168988
84	0.021659	0.00519109	0.00159722	0.0100385	0.00958839	0.0022873	0.00277825	0.324475	0.0113927	0.0617804	0.0527196	0.00211295	0.0010322	0.00369465	0.00185948	0.0425302	0.24011	0.203417	0.000393593	0.00134261
85	0.0421852	0.00649088	0.0125964	0.011827	0.00637836	0.025308	0.346988	0.0459297	0.0116143	0.0297425	0.00833272	0.0124637	0.0222904	0.032919	0.00935882	0.0984374	0.0734837	0.0344198	0.00221337	0.167021
86	0.477995	0.0125276	0.0104707	0.0112478	0.00592357	0.0913345	0.00682374	0.00681603	0.00499535	0.00874881	0.00623024	0.0151365	0.00858117	0.00862378	0.0045135	0.222401	0.0730363	0.0222533	0.000842542	0.00149813
87	0.0715634	0.00623252	0.00285894	0.0048402	0.00564369	0.81404	0.00159477	0.00306418	0.00354356	0.00325331	0.00128376	0.00569396	0.00299791	0.00333444	0.00189193	0.0440756	0.015738	0.00383824	0.00374417	0.000767147
88	0.067394	0.00255638	0.0411813	0.0371657	0.00149545	0.0511145	0.00565167	0.00550764	0.110152	0.0064589	0.00299025	0.421108	0.0191638	0.029142	0.0121513	0.109246	0.0655302	0.00711859	0.000758876	0.00411362
89	0.152668	0.00957563	0.00472471	0.00371144	0.00909775	0.00318075	0.00400972	0.331858	0.00531714	0.0357868	0.014725	0.00209126	0.00074288	0.00245852	0.00292486	0.00928042	0.0155644	0.389956	0.00045181	0.00187492
90	0.0110122	0.00856891	0.000889494	0.000777289	0.0534361	0.00715854	0.00333268	0.265136	0.00478302	0.326108	0.0721843	0.00557434	0.00496913	0.00258809	0.00127386	0.00259112	0.0149031	0.197466	0.00555048	0.0116973
91	0.185072	0.0830601	0.00430994	0.0882919	0.0026842	0.0226241	0.00326603	0.023144	0.0214894	0.109699	0.102252	0.00471044	0.00236408	0.101524	0.00405901	0.137075	0.0241266	0.0771702	0.000909718	0.00216874
92	0.0173746	0.0110234	0.00616002	0.00989085	0.00529169	0.00883105	0.00450319	0.0625965	0.222127	0.0309976	0.0310589	0.0306976	0.00330003	0.127303	0.0986356	0.0220435	0.235606	0.0676043	0.00134684	0.00360892
93	0.0209604	0.0132722	0.000564731	0.000485822	0.00862342	0.00337263	0.000519474	0.258284	0.000870911	0.184464	0.0174528	0.000825553	0.000435979	0.00189083	0.000628563	0.00129519	0.00828031	0.475306	0.000915333	0.00155189
94	0.0397395	0.000799536	0.00231941	0.089395	0.00622489	0.00289117	0.0328228	0.0116627	0.396457	0.00268983	0.00126957	0.043675	0.00183581	0.136802	0.142728	0.0534788	0.0297369	0.00369241	0.000361663	0.00141743
95	0.107868	0.000694302	0.229992	0.297398	0.000599104	0.0174364	0.000989691	0.00138927	0.0484623	0.00238635	0.000916239	0.0267422	0.0107655	0.117121	0.015514	0.0863908	0.0265992	0.00795198	0.00020299	0.000580477
96	0.196029	0.000634004	0.0582598	0.0748029	0.000662647	0.0565598	0.00438524	0.0073202	0.0945102	0.0120068	0.000785264	0.0628511	0.198786	0.0259516	0.0153079	0.10561	0.0679388	0.0148226	0.000290913	0.00248476
97	0.0170246	0.0120719	0.00203032	0.00243893	0.00414484	0.00231162	0.00120431	0.327628	0.110906	0.062086	0.00148217	0.00418993	0.0216696	0.0158777	0.0296671	0.0072897	0.0774113	0.279888	0.00239581	0.018282
98	0.0114803	0.0270002	0.00815461	0.0182958	0.00627998	0.005125	0.00250158	0.119606	0.232154	0.0744375	0.0125603	0.00942066	0.00272758	0.136544	0.0885045	0.0295804	0.096103	0.115946	0.00075192	0.00282744
99	0.0148776	0.0135031	0.000395583	0.000466753	0.0644652	0.0102272	0.00225725	0.238769	0.00197047	0.280826	0.0535788	0.0036103	0.00172721	0.000732956	0.000508806	0.00285653	0.0204294	0.265096	0.00903493	0.0146663
100	0.0162836	0.0139219	0.000394442	0.000485938	0.0640121	0.0105678	0.00222291	0.237311	0.00194506	0.280148	0.0538369	0.00353681	0.00168808	0.000749733	0.000506571	0.00285372	0.0202622	0.266054	0.00888499	0.0143345
101	0.0219928	0.00639748	0.00534344	0.00420058	0.00651608	0.00493696	0.00174832	0.0100455	0.00344812	0.00571677	0.0145101	0.00631649	0.00558612	0.00509554	0.00373734	0.380013	0.489766	0.0120345	0.000707938	0.0118866
102	0.00817868	0.00385885	0.000684206	0.000488963	0.0264346	0.0016057	0.000345027	0.56288	0.0016487	0.0512727	0.011665	0.000863045	0.000306225	0.00154906	0.000756152	0.00323657	0.00758936	0.315161	0.000189502	0.00128703
103	0.0261094	0.0313285	0.0316832	0.00373912	0.00201104	0.0712306	0.00224723	0.0333753	0.0035474	0.051672	0.00238424	0.115136	0.00189076	0.0192786	0.00419876	0.481174	0.110176	0.00573472	0.000976807	0.00210635
104	0.0303158	0.000369376	0.436616	0.400481	0.000282859	0.0187398	0.00250088	0.000685101	0.0146118	0.000746338	0.00233818	0.0380297	0.000281927	0.0198466	0.000412447	0.0286042	0.00263449	0.00207985	8.36816e-05	0.00034017
105	0.0717865	0.0137092	0.0111634	0.0139161	0.0247503	0.133092	0.0100319	0.0109381	0.0926587	0.100247	0.0208833	0.0714117	0.0784509	0.0893316	0.147202	0.0259526	0.008117	0.0178923	0.0239802	0.0344848
106	0.0987823	0.00452337	0.0073499	0.00895666	0.00319185	0.00922463	0.00354077	0.0113627	0.0101346	0.0608409	0.0204902	0.0103803	0.512197	0.0396852	0.0152774	0.0447932	0.0615004	0.064938	0.0016705	0.0111602
107	0.0303158	0.000369376	0.436616	0.400481	0.000282859	0.0187398	0.00250088	0.000685101	0.0146118	0.000746338	0.00233818	0.0380297	0.000281927	0.0198466	0.000412447	0.0286042	0.00263449	0.00207985	8.36816e-05	0.00034017
108	0.0179353	0.0030799	0.00113493	0.00142894	0.022597	0.00188588	0.00218162	0.0995309	0.00186766	0.675951	0.0482256	0.00176661	0.00310945	0.00705583	0.00177044	0.00321859	0.0190909	0.0823629	0.00224818	0.00355836
109	0.336682	0.0131696	0.0163266	0.0151583	0.00153744	0.248261	0.00186509	0.00337718	0.00508533	0.00681296	0.00259907	0.0343522	0.0310644	0.0571275	0.0138683	0.139737	0.0628535	0.0075276	0.000934857	0.00166122
110	0.212743	0.00133006	0.0158412	0.0214261	0.00119861	0.0855622	0.0161183	0.00215626	0.00278069	0.00351658	0.00192698	0.045705	0.00102903	0.0095014	0.00212482	0.476234	0.0938808	0.00561002	0.000490648	0.000824244
111	0.384883	0.0082102	0.0301652	0.0266805	0.00473438	0.0772319	0.0038632	0.0116036	0.0248217	0.0199791	0.00749277	0.0250896	0.108791	0.0198409	0.0104655	0.153858	0.0492171	0.0287236	0.00115347	0.00319507
112	0.0281123	0.00129767	0.038233	0.0760319	0.001492	0.0336086	0.0131698	0.00309927	0.332818	0.00430787	0.00264903	0.0537233	0.0476677	0.0154896	0.236023	0.0769949	0.0276197	0.00578117	0.000682433	0.00119929
113	0.020456	0.0112231	0.00137595	0.00168827	0.0101549	0.0018267	0.00111995	0.332976	0.0459909	0.0248343	0.00372092	0.0105593	0.00485637	0.00494376	0.0472355	0.0113392	0.0646572	0.388691	0.00713359	0.00521737
114	0.0064255	0.00245607	0.00328858	0.000704061	0.000762233	0.000824921	0.000450725	0.282898	0.00144516	0.00816587	0.00362729	0.0029863	0.000415711	0.00413378	0.00194004	0.00455569	0.00724216	0.665999	0.000315552	0.00136333
115	0.0064241	0.00245665	0.00328567	0.000698563	0.000761187	0.000818031	0.000453253	0.282827	0.001449	0.00820348	0.00368404	0.0030073	0.000415677	0.00411022	0.00192982	0.00459514	0.00734089	0.665844	0.000315552	0.00138077
116	0.581105	0.0382691	0.00750155	0.00442589	0.0101513	0.0723857	0.00202046	0.0128236	0.00277599	0.0138541	0.00925029	0.00526942	0.00418698	0.0043192	0.0036294	0.137534	0.0527978	0.035483	0.000604461	0.0016134
117	0.048616	0.00564287	0.0030735	0.00598253	0.00514391	0.826255	0.00431075	0.00271702	0.00942714	0.00395729	0.00131738	0.0123132	0.00225942	0.004958	0.00302855	0.0390228	0.013574	0.00366743	0.00374145	0.000992079
118	0.0499472	0.00595556	0.00576356	0.00596184	0.00528386	0.821067	0.00445505	0.00273749	0.00689385	0.00491033	0.00152103	0.0120921	0.00356189	0.00418332	0.00309246	0.039064	0.0147732	0.00346475	0.00381594	0.00145581
119	0.0665525	0.0121047	0.0133697	0.0189532	0.0208338	0.13383	0.0103998	0.0119749	0.106691	0.115732	0.0244413	0.0747528	0.0549033	0.104865	0.11746	0.0319089	0.0147747	0.0235509	0.0124824	0.0304195
120	0.279345	0.00725457	0.00785768	0.00559685	0.00303151	0.458354	0.00126514	0.00239867	0.00374629	0.00608602	0.0014691	0.0215856	0.0249714	0.0188793	0.00460342	0.10646	0.0377466	0.00676748	0.00158461	0.000997367
121	0.0191726	0.000733406	0.000443036	0.000478934	0.0220402	0.000585507	0.000378834	0.0482065	0.00059819	0.762734	0.0396055	0.00051354	0.0022151	0.00603609	0.000419982	0.00283876	0.0223198	0.0687381	0.00154233	0.000399274
122	0.0498952	0.00268507	0.00367164	0.0247597	0.00217951	0.194161	0.00371514	0.00533072	0.440381	0.00691179	0.00749026	0.00531787	0.00318689	0.109507	0.0994594	0.0169598	0.00760369	0.0108799	0.00130436	0.0046003
123	0.00741031	0.0038594	0.0754802	0.00284366	0.00167632	0.0187779	0.00177177	0.00522674	0.00270515	0.0103108	0.00216316	0.155654	0.00144346	0.00429242	0.0130367	0.637428	0.049766	0.00396255	0.000638057	0.00155354
124	0.183344	0.00570449	0.0147638	0.0753069	0.00156728	0.0900316	0.0117484	0.0153886	0.189542	0.0064177	0.0173245	0.0323365	0.0319548	0.0318612	0.0787665	0.193344	0.0119626	0.00599446	0.000724348	0.00191587
125	0.029459	0.00039848	0.426765	0.411875	0.000282305	0.0183426	0.00235846	0.000689809	0.01495	0.000759245	0.00235865	0.0369762	0.000282428	0.0206217	0.000429903	0.0280149	0.00277874	0.00222224	8.82183e-05	0.000346769
126	0.0317008	0.00216405	0.0404364	0.0298041	0.00188326	0.0426142	0.00237238	0.00406587	0.104497	0.00491189	0.00232776	0.556331	0.00199176	0.0330343	0.00278851	0.071194	0.0578884	0.00506928	0.000906552	0.00401871
127	0.0159589	0.00333358	0.00467962	0.00397282	0.338558	0.00450838	0.00513435	0.0418416	0.00347077	0.0339609	0.0141625	0.0146329	0.00167908	0.00631584	0.00386442	0.0139181	0.010607	0.0346024	0.00174538	0.443053
128	0.175705	0.00224699	0.0213213	0.149521	0.00182929	0.0200629	0.0387788	0.00402528	0.274898	0.0130295	0.00181825	0.0199072	0.0102337	0.111943	0.0707289	0.0451966	0.0246672	0.00388125	0.000535866	0.00966975
129	0.00343691	0.0011061	0.00127745	0.00137389	0.00545375	0.00169177	0.00711884	0.262808	0.00264304	0.492928	0.112695	0.00255078	0.00735538	0.00760724	0.0012311	0.00269491	0.0106105	0.0619567	0.000429232	0.0130321
130	0.00346036	0.00113009	0.0012661	0.00133092	0.00580068	0.00174865	0.00703025	0.264195	0.00270869	0.491283	0.112251	0.00261034	0.00729444	0.00753523	0.00122106	0.00269034	0.010482	0.0627015	0.000428977	0.0128307
131	0.0495983	0.00194388	0.150707	0.291742	0.0153226	0.00392136	0.0300401	0.017405	0.0302192	0.0596669	0.0300531	0.0444241	0.0145265	0.0183724	0.0161151	0.00686422	0.078891	0.0320239	0.000848142	0.107316
132	0.171622	0.000454841	0.0696778	0.10214	0.000455858	0.0584508	0.00228686	0.00978019	0.0941295	0.0159683	0.000513342	0.0728631	0.162376	0.0298267	0.0184593	0.0978101	0.073277	0.0165142	0.000210829	0.00318336
133	0.0184831	0.0012092	0.00044948	0.000462861	0.0224434	0.000588869	0.000432474	0.0479622	0.000606278	0.767471	0.0387617	0.000506151	0.00211491	0.00574015	0.000417255	0.00278379	0.0210013	0.0661153	0.00172373	0.000727007
134	0.382756	0.0120524	0.0113877	0.0169583	0.00577057	0.0405937	0.01294	0.0133542	0.0381237	0.0171481	0.0104496	0.026349	0.0154119	0.0178043	0.0433525	0.237655	0.0622604	0.0289316	0.00207901	0.00462251
135	0.161806	0.00230677	0.131767	0.136704	0.000846506	0.0787677	0.00378789	0.0069001	0.0949207	0.0165756	0.00122583	0.0655577	0.075661	0.0423602	0.0233882	0.0869015	0.0571259	0.0106969	0.000378048	0.00232173
136	0.145179	0.00383799	0.0213885	0.00579352	0.0025158	0.00497847	0.00331501	0.00824242	0.313426	0.0638516	0.00335285	0.00458142	0.0225411	0.0498917	0.12729	0.0456776	0.120602	0.0495803	0.00135286	0.00260219
137	0.0161349	0.00748401	0.000632636	0.000692588	0.0266552	0.000786339	0.00156197	0.0424845	0.000813803	0.764573	0.0440042	0.000611832	0.00188952	0.00579787	0.000591332	0.00269817	0.0169415	0.055174	0.00437958	0.00609296
138	0.0106706	0.00121579	0.0145416	0.0131218	0.00125669	0.641461	0.0469786	0.0030948	0.0404582	0.0158029	0.00173826	0.126893	0.00121003	0.0180511	0.0135071	0.0351956	0.00383224	0.00942952	0.000411245	0.00112973
139	0.304113	0.00939541	0.00578132	0.00448824	0.00465439	0.470615	0.0010388	0.00270994	0.00426364	0.00481438	0.00241413	0.0141279	0.0151094	0.0128809	0.00373665	0.0937152	0.0354701	0.00788532	0.00182174	0.0009643
140	0.401623	0.0107972	0.00501507	0.00579823	0.00529923	0.402092	0.00354306	0.00683277	0.0162434	0.00708567	0.00409909	0.0130551	0.00669801	0.00806273	0.00459786	0.0638855	0.0190067	0.0131175	0.00176924	0.00137836
141	0.0135208	0.00766724	0.000503732	0.000504745	0.0120497	0.00346837	0.000377996	0.392129	0.00111519	0.124816	0.0168661	0.000721515	0.000362807	0.00298701	0.00045845	0.00214061	0.00688358	0.412626	0.000169531	0.000632088
142	0.076083	0.00652071	0.00566384	0.00791459	0.00567553	0.719525	0.00363104	0.0058161	0.006513	0.00671163	0.00307412	0.00899148	0.0043227	0.00776828	0.00336625	0.0857692	0.0206056	0.00660432	0.0128154	0.00262775
143	0.638117	0.036422	0.00507325	0.00419224	0.00995376	0.0833641	0.00223355	0.018443	0.00733446	0.0186364	0.0104125	0.00607102	0.00414421	0.00498772	0.00482328	0.0685542	0.0341898	0.0399939	0.00047622	0.00257752
144	0.02554	0.00501057	0.0054913	0.00931121	0.00600859	0.00546533	0.00251185	0.0105107	0.0041454	0.00660272	0.0125515	0.00630418	0.00492345	0.00743201	0.00394824	0.343589	0.509345	0.0139179	0.000803085	0.0165877
145	0.07125	0.0133898	0.0172334	0.02218	0.0168954	0.0576016	0.012199	0.0204139	0.0554679	0.110034	0.018157	0.0369491	0.167108	0.052059	0.192136	0.0391547	0.0335723	0.034721	0.00870433	0.0207744
146	0.604319	0.0288187	0.0124408	0.00630259	0.00873981	0.0717863	0.00172413	0.0128087	0.00285718	0.0134261	0.00845007	0.00461313	0.00406564	0.0060197	0.00314429	0.125826	0.0415723	0.040677	0.000449336	0.00195994
147	0.3514	0.158176	0.0191391	0.0194168	0.0128728	0.0399057	0.0124547	0.0247566	0.0213616	0.031787	0.0166595	0.07998	0.0108507	0.027144	0.0175368	0.0651376	0.0361599	0.0401597	0.0037286	0.0113732
148	0.0771458	0.172109	0.0922852	0.0181852	0.0121368	0.0230423	0.0122856	0.0533407	0.0222236	0.0376478	0.0179309	0.0208705	0.00963899	0.0244995	0.0163489	0.0407431	0.0364362	0.297784	0.00449903	0.0108469
149	0.0536946	0.00355404	0.283604	0.158122	0.00353495	0.0528647	0.00400421	0.00513919	0.0178773	0.00969891	0.00352444	0.160062	0.00551117	0.0217425	0.00773173	0.167229	0.0305196	0.00823874	0.000897321	0.0024485
150	0.371302	0.00485683	0.00684767	0.00560533	0.00277626	0.0188337	0.00874047	0.00496237	0.0245816	0.0216452	0.0221276	0.0282787	0.00510498	0.00653272	0.00916061	0.345462	0.0893184	0.0208626	0.000860721	0.00214087
151	0.073071	0.00845696	0.118002	0.114042	0.00873319	0.292562	0.0134985	0.0699602	0.0332415	0.0225675	0.00894903	0.04569	0.0214012	0.0321996	0.0162553	0.0506829	0.0304129	0.0283967	0.00344059	0.00843792
152	0.0081792	0.00132672	0.00200977	0.00212603	0.311427	0.00236741	0.00130804	0.0473281	0.00247093	0.0307157	0.01046	0.00207823	0.00127341	0.00292021	0.00175742	0.0041277	0.00355322	0.0292452	0.000393792	0.534932
153	0.231496	0.0861096	0.00542879	0.00451541	0.0049363	0.00828215	0.0044206	0.125278	0.00575305	0.0491589	0.0366565	0.00405226	0.00161822	0.00422149	0.00785956	0.0175292	0.0241872	0.375077	0.000883883	0.00253547
154	0.223546	0.00500805	0.108969	0.00749041	0.00447057	0.0125424	0.00497704	0.00797024	0.00843284	0.0383747	0.00644308	0.00949403	0.0820765	0.00895555	0.00578505	0.396942	0.0482215	0.0148894	0.00173177	0.00367992
155	0.0543595	0.0112384	0.0214049	0.0205787	0.0131668	0.0238798	0.0172756	0.0210043	0.0999188	0.024757	0.0117258	0.206916	0.0116833	0.0297347	0.0178716	0.186611	0.0380652	0.0278445	0.00513743	0.156827
156	0.0433763	0.000439282	0.415593	0.374394	0.000328154	0.0180558	0.00220614	0.000780582	0.0193205	0.00104525	0.00210001	0.0370905	0.0015915	0.0336438	0.00267621	0.0379236	0.00616205	0.00283711	8.26456e-05	0.000353334
157	0.0181962	0.0536311	0.00257478	0.0028507	0.0551676	0.0032557	0.0129715	0.0156056	0.00280946	0.635801	0.0644251	0.0030312	0.0015356	0.0149983	0.00204513	0.00536459	0.005099	0.0158683	0.0194062	0.0653632
158	0.0519975	0.0111275	0.0170056	0.0401832	0.0139173	0.0339183	0.0164784	0.0329912	0.0378246	0.129484	0.0200349	0.0265913	0.0354802	0.351292	0.0225442	0.0684887	0.032176	0.0414356	0.00402501	0.0130045
159	0.00613939	0.00228789	0.00365571	0.000726642	0.00339163	0.000877401	0.000461095	0.319554	0.00112553	0.0117644	0.00433822	0.00261516	0.000399238	0.00381766	0.00146564	0.00428899	0.00688152	0.624323	0.000241938	0.00164498
160	0.0497763	0.00560691	0.00319821	0.00565546	0.00562251	0.829146	0.00326924	0.00246901	0.00780044	0.00320631	0.00152842	0.0103591	0.00356961	0.00384707	0.00293344	0.0394938	0.0146021	0.0033041	0.00354373	0.00106806
161	0.0756841	0.00626779	0.0594514	0.140458	0.00530425	0.0311288	0.0129523	0.013229	0.0518944	0.0257137	0.00756447	0.0314807	0.0079797	0.371214	0.0158571	0.0989398	0.0213958	0.0181663	0.00142735	0.00389163
162	0.0528164	0.012659	0.0224724	0.0217896	0.0110897	0.0191318	0.0128927	0.0929317	0.0481155	0.0288615	0.0172945	0.0194889	0.0127148	0.0344111	0.0807773	0.167323	0.277624	0.0534598	0.0019522	0.0121942
163	0.0689146	0.00619304	0.00382396	0.00548576	0.00531475	0.790757	0.00296171	0.00318016	0.00539575	0.00387927	0.00129302	0.00976062	0.00369225	0.00504721	0.0023288	0.0553551	0.0171115	0.00408112	0.00398738	0.00143739
164	0.0313872	0.0129431	0.00913736	0.0219697	0.00602279	0.0168498	0.00778267	0.0632483	0.256716	0.0485846	0.0175922	0.0185836	0.00524822	0.153225	0.0739579	0.0308521	0.121291	0.0973309	0.00169229	0.0055853
165	0.0122287	0.00520325	0.00234441	0.00176475	0.00381198	0.00177668	0.00112978	0.312926	0.00616636	0.0120031	0.0172143	0.016215	0.000839352	0.00316621	0.00806314	0.00626024	0.0386445	0.546727	0.00143031	0.00208456
166	0.0168856	0.0125498	0.00118586	0.00112961	0.0253842	0.00281656	0.00121956	0.377045	0.0182228	0.0831334	0.0156139	0.00355557	0.00265926	0.00335708	0.00909944	0.00491981	0.023062	0.392516	0.00213165	0.0035133
167	0.41721	0.0111498	0.00974963	0.0108735	0.00650541	0.0353603	0.00699379	0.0111567	0.00856634	0.0120372	0.0121457	0.011133	0.00557234	0.00665476	0.00719905	0.23288	0.146675	0.044067	0.000876052	0.00319549
168	0.0789026	0.00273629	0.00822905	0.0154581	0.0029446	0.0129967	0.00302028	0.00511344	0.0076511	0.0422312	0.0214192	0.00773554	0.574465	0.0458706	0.0167739	0.0477421	0.0481552	0.0442276	0.00149076	0.0128371
169	0.0320324	0.000356325	0.429767	0.396909	0.000283843	0.017921	0.00229142	0.000677215	0.0165717	0.000773757	0.00245662	0.0379063	0.000533578	0.0241728	0.000956997	0.0302531	0.00349524	0.00224769	7.59853e-05	0.000317359
170	0.0248966	0.0106481	0.000617537	0.000726488	0.0166854	0.00345671	0.00121694	0.204359	0.00112495	0.338886	0.0241104	0.00128698	0.000987181	0.00329275	0.000967791	0.0022547	0.0131597	0.347023	0.00172	0.00258054
171	0.130141	0.0143984	0.0166713	0.0203619	0.0866192	0.0249021	0.0247114	0.0480359	0.0211019	0.0428188	0.0149248	0.0230228	0.0163405	0.0239798	0.0172756	0.0497634	0.0411412	0.0453637	0.00356554	0.334861
172	0.00795377	0.00358099	0.000745258	0.000499678	0.0263309	0.00157909	0.000355438	0.570256	0.00138497	0.0504161	0.0118508	0.000801947	0.000313216	0.00154999	0.000450864	0.00332322	0.00722519	0.309953	0.000138391	0.00129098
173	0.6891	0.028634	0.00334926	0.00141166	0.00861204	0.0769319	0.00151983	0.0194157	0.00339902	0.0211353	0.00940763	0.002664	0.00287653	0.00275545	0.00353334	0.0531128	0.0284964	0.0411722	0.000294027	0.00217893
174	0.0622452	0.0621975	0.00198987	0.00147472	0.0133367	0.00405803	0.00100992	0.167283	0.00225834	0.0719767	0.00678283	0.00155714	0.00080385	0.00187593	0.00416484	0.00351365	0.0058104	0.586689	0.000307289	0.000664887
175	0.0493872	0.0055975	0.00366479	0.00529785	0.00505562	0.824249	0.00413629	0.0027433	0.00766598	0.00461579	0.00124852	0.0125927	0.00242661	0.00550702	0.00333483	0.0401837	0.0138448	0.0038767	0.00367963	0.000892601
176	0.0146196	0.00817988	0.000629424	0.000533039	0.0190225	0.00215518	0.000425905	0.453559	0.00193941	0.0967818	0.0122304	0.000751412	0.000492293	0.00150687	0.00103827	0.0025728	0.00850319	0.373288	0.000329465	0.00144126
177	0.0701361	0.00522244	0.10719	0.0339673	0.00352538	0.0336075	0.00800393	0.00918656	0.0147125	0.0153601	0.00486805	0.0938302	0.0132007	0.0167878	0.0120574	0.477498	0.0619713	0.0139484	0.00125181	0.00367456
178	0.0503029	0.00561848	0.00243904	0.00489499	0.00594132	0.82962	0.00437479	0.0023929	0.00640256	0.00376308	0.00135505	0.0114696	0.00253093	0.00340384	0.00292443	0.0397188	0.014186	0.00347618	0.00390841	0.00127652
179	0.581818	0.0245984	0.00711548	0.00681217	0.0380627	0.0589048	0.00547518	0.024419	0.00743027	0.0265194	0.0117271	0.0087916	0.00491694	0.00686366	0.00702072	0.070807	0.043792	0.0538294	0.00134681	0.00974943
180	0.0221196	0.00810631	0.00112984	0.000980576	0.0176651	0.00279574	0.000688783	0.429183	0.00231246	0.0762634	0.0192948	0.00238233	0.000519026	0.00200029	0.00138022	0.00496052	0.0199121	0.385746	0.00061779	0.00194225
181	0.0594492	0.00898871	0.0289349	0.0681715	0.00824593	0.03432	0.0134184	0.0201296	0.0478908	0.0372641	0.011441	0.0285028	0.0150558	0.436665	0.0198696	0.0909339	0.029607	0.0291106	0.00348445	0.00851716
182	0.0584616	0.0129378	0.0217932	0.0206287	0.0134604	0.0430779	0.349361	0.0430444	0.0274902	0.0423003	0.013398	0.0229513	0.0179288	0.036237	0.0197311	0.0759578	0.0680747	0.0460731	0.00438902	0.0627034
183	0.0108784	0.00128466	0.000888388	0.0011431	0.013945	0.00151113	0.00388375	0.17157	0.00156347	0.590204	0.0795789	0.00158148	0.00458829	0.00652758	0.000867673	0.00344011	0.0221956	0.07553	0.00124205	0.0075764
184	0.344712	0.00840789	0.0108967	0.0142341	0.0042306	0.0395296	0.00921921	0.00684858	0.00844183	0.00825647	0.0112156	0.0169608	0.00516333	0.00734256	0.00649494	0.298012	0.171643	0.0245968	0.000566268	0.00322756
185	0.0522518	0.0074774	0.0287624	0.0538564	0.0050378	0.6392	0.0126547	0.00851293	0.0207081	0.0115724	0.00389539	0.0348408	0.0145	0.018783	0.00938051	0.0413226	0.0201057	0.010051	0.00300116	0.00408622
186	0.0105054	0.00421021	0.00175351	0.00222086	0.0233618	0.00349344	0.00204994	0.505881	0.00291578	0.112745	0.0520942	0.00203836	0.00200606	0.00337813	0.00121426	0.00595517	0.0154353	0.244811	0.000746713	0.00318426
187	0.0707203	0.00533086	0.00882466	0.03276	0.00376626	0.105791	0.0084318	0.0133245	0.290035	0.0143258	0.0329109	0.0197401	0.0168999	0.0781474	0.137482	0.113649	0.0210765	0.0171712	0.00180155	0.00781197
188	0.0339459	0.000648949	0.419636	0.378083	0.000446092	0.0246967	0.00258793	0.00117319	0.0176795	0.00155901	0.00244253	0.0509419	0.00115329	0.0221447	0.001241	0.033206	0.00511931	0.00264588	0.000131672	0.00051748
189	0.582859	0.0145773	0.00755461	0.00783598	0.00596448	0.0524185	0.00389314	0.00915607	0.00612179	0.0111894	0.00774606	0.00791641	0.00394882	0.00479792	0.00498221	0.189028	0.0490623	0.0292142	0.000388966	0.00134483
