279	20
1	0.106217	0.00793568	0.0214013	0.0371353	0.00634577	0.0428595	0.0295209	0.0521543	0.127557	0.0485451	0.0338608	0.0434765	0.0574284	0.0408283	0.138441	0.0476084	0.088603	0.0601158	0.00322032	0.00674574
2	0.0611411	0.0164091	0.0245949	0.0220015	0.0236304	0.0222981	0.063867	0.130503	0.0335287	0.139697	0.0503391	0.0301553	0.0162554	0.0971569	0.0600572	0.0401702	0.0482551	0.0788346	0.0159827	0.025122
3	0.0643513	0.032286	0.00781161	0.00592056	0.0190382	0.0116132	0.0336059	0.256964	0.0190947	0.124721	0.0212194	0.0225333	0.00620702	0.0305309	0.0507057	0.0210674	0.0452375	0.209732	0.00265822	0.0147022
4	0.041261	0.015192	0.00913357	0.00681559	0.0441893	0.0134119	0.0139185	0.127351	0.0143994	0.322228	0.0376698	0.0112294	0.0158497	0.023438	0.0615647	0.035189	0.0292829	0.112707	0.0105799	0.0545888
5	0.0722537	0.0172179	0.0503697	0.0484661	0.0276498	0.0353247	0.112826	0.0324734	0.07291	0.0596328	0.0213525	0.047874	0.0226393	0.0629089	0.0864366	0.0653026	0.0643105	0.0381047	0.0107327	0.0512141
6	0.0911034	0.0244678	0.0482293	0.0962449	0.00678216	0.0420947	0.0262289	0.0257751	0.142637	0.029113	0.00914868	0.0302104	0.0533619	0.0644191	0.145188	0.0697931	0.0563951	0.0283982	0.0022485	0.00816127
7	0.0482798	0.114894	0.0473038	0.0284053	0.0181102	0.0304108	0.035213	0.0190063	0.0331807	0.0412434	0.0152682	0.192077	0.0161056	0.0758425	0.0531355	0.113277	0.0508921	0.0290766	0.0105996	0.027678
8	0.200254	0.0179012	0.0382888	0.0587115	0.0204081	0.0304073	0.0259164	0.0528703	0.066004	0.0591638	0.0161255	0.0291687	0.0285834	0.0483132	0.0746443	0.0687488	0.0745243	0.0668125	0.0063669	0.0167869
9	0.0365694	0.00598792	0.0158843	0.0332546	0.00187304	0.0431945	0.0421096	0.0107298	0.22734	0.0134583	0.00475256	0.0316498	0.0155057	0.0790494	0.28576	0.0457554	0.073532	0.0253971	0.00180536	0.00639093
10	0.0967657	0.0246519	0.0414917	0.053863	0.0209511	0.0362765	0.0265387	0.040384	0.0611103	0.0550624	0.0159173	0.0437501	0.0235536	0.0409249	0.0652753	0.110232	0.154661	0.0662783	0.00445709	0.0178555
11	0.0670427	0.0155662	0.0388179	0.0360206	0.0159429	0.0351561	0.0238984	0.0258221	0.0532553	0.0340067	0.0135249	0.114784	0.0245961	0.0366368	0.0635418	0.178854	0.163498	0.0399346	0.00557308	0.0135269
12	0.0616041	0.013182	0.0784589	0.108428	0.00992531	0.0297476	0.0919593	0.017614	0.0480885	0.03206	0.0104964	0.0353728	0.0900597	0.0639734	0.0882097	0.0777177	0.0467612	0.0258332	0.00554343	0.0649644
13	0.163266	0.00631763	0.0197991	0.0361838	0.00513194	0.0276042	0.0432365	0.0313341	0.142203	0.0386641	0.0229836	0.0430095	0.0372882	0.0432485	0.159016	0.0451747	0.0758818	0.0511307	0.00212279	0.00640382
14	0.0497969	0.0260028	0.00475859	0.00577625	0.0163788	0.0116979	0.00798841	0.305927	0.0138667	0.12413	0.0263956	0.0111402	0.00362723	0.0188597	0.0238651	0.0193025	0.0557925	0.258457	0.00223117	0.014006
15	0.0635939	0.0149316	0.0336135	0.0517474	0.0103814	0.0374328	0.0334083	0.0303811	0.140907	0.0428378	0.011721	0.0357465	0.0288674	0.0608753	0.223914	0.0563654	0.066182	0.037652	0.0060428	0.0133992
16	0.147989	0.00651008	0.0254421	0.0469684	0.00650312	0.043985	0.0288435	0.0510623	0.118234	0.0442868	0.0178835	0.0291124	0.0416896	0.0646625	0.162925	0.0505114	0.0638615	0.0380763	0.00394646	0.00750671
17	0.0993645	0.0109018	0.105406	0.222272	0.020539	0.0191197	0.0201979	0.0200879	0.065255	0.0243412	0.00470608	0.0376927	0.0199422	0.108354	0.0552554	0.0672151	0.0461026	0.0278893	0.000962218	0.0243956
18	0.053065	0.00616562	0.018684	0.0122797	0.0125092	0.0339057	0.00840171	0.0127033	0.0150894	0.0240094	0.00922731	0.0945815	0.103818	0.00947995	0.0241366	0.353903	0.175542	0.0233678	0.0033559	0.00577512
19	0.0597334	0.0164587	0.0433046	0.0147268	0.0315629	0.0179555	0.0515579	0.135808	0.0322266	0.0980534	0.0216036	0.0668668	0.0125438	0.0276242	0.0347255	0.0704316	0.108199	0.127078	0.00969012	0.0198495
20	0.166519	0.00968037	0.02543	0.0428225	0.00478371	0.0454909	0.0292383	0.0278289	0.120705	0.0324828	0.0122074	0.0271804	0.0314086	0.0645734	0.154988	0.0817686	0.0824598	0.0306164	0.00315568	0.00666068
21	0.117726	0.012252	0.0823013	0.149369	0.0155229	0.0394068	0.0169099	0.0212816	0.0616537	0.023142	0.00912423	0.028563	0.0189814	0.0576555	0.0472569	0.099674	0.123642	0.063389	0.0023037	0.00984512
22	0.0355261	0.0108227	0.00927933	0.0076241	0.0479926	0.0143187	0.00960899	0.0937652	0.016686	0.406193	0.0492026	0.00995387	0.0214906	0.0147879	0.057257	0.0362315	0.0269021	0.114492	0.00395731	0.0139078
23	0.357662	0.0245585	0.0191054	0.0192617	0.0126118	0.0313334	0.0189909	0.0176765	0.0292649	0.0311109	0.0115462	0.0282355	0.0145178	0.0234526	0.0359339	0.162256	0.118269	0.0304616	0.00478131	0.00896923
24	0.0375548	0.00754227	0.0223262	0.0491492	0.00228388	0.0402867	0.0370595	0.0115462	0.240523	0.0144192	0.00540604	0.0311697	0.016802	0.0708932	0.26975	0.0464744	0.0658642	0.0223637	0.00189815	0.00668761
25	0.0528929	0.00912063	0.0422626	0.0979651	0.00510352	0.0413838	0.0319099	0.0146803	0.178025	0.0182022	0.00525141	0.0303868	0.0192182	0.0890448	0.218149	0.047283	0.0549906	0.0250005	0.00236236	0.0167678
26	0.0124542	0.0144968	0.0293833	0.00481214	0.259167	0.00652715	0.0279328	0.0193963	0.0058554	0.068823	0.00350579	0.0146167	0.00297434	0.0424921	0.016126	0.0552083	0.0169954	0.0339569	0.0215716	0.343704
27	0.0597021	0.0128119	0.0647304	0.0355861	0.0136269	0.131004	0.03366	0.0233181	0.0841343	0.0404652	0.0126789	0.099434	0.0299747	0.0451185	0.0809258	0.0934953	0.0766058	0.03554	0.00915787	0.0180302
28	0.0434115	0.0232026	0.00251183	0.00247955	0.0120584	0.00895596	0.00542088	0.339722	0.0117279	0.126948	0.0259191	0.00870611	0.00222362	0.0134098	0.0231675	0.0170216	0.0415448	0.277589	0.000951288	0.0130292
29	0.0543189	0.00799884	0.0241052	0.0163274	0.0142867	0.0319798	0.010583	0.0120445	0.0137829	0.0213135	0.010204	0.120976	0.0328991	0.0131732	0.022751	0.373095	0.186167	0.0250512	0.00321886	0.00572339
30	0.10619	0.00688993	0.0635093	0.129022	0.00790219	0.0238874	0.0217335	0.051265	0.0785049	0.0419902	0.013744	0.0280346	0.0541969	0.078408	0.103312	0.0585813	0.0809374	0.041109	0.00230598	0.00847562
31	0.0996461	0.00880158	0.114197	0.21534	0.0102347	0.0236023	0.0169166	0.0200469	0.0842509	0.0192836	0.00383845	0.0365492	0.0237946	0.112494	0.0671083	0.0526496	0.0532838	0.0249057	0.000583031	0.012474
32	0.0897081	0.0243603	0.0373625	0.0410319	0.022923	0.0307606	0.0294055	0.046519	0.0643792	0.0511697	0.0138487	0.042781	0.029904	0.0421769	0.073734	0.1093	0.160076	0.0634005	0.00630764	0.0208515
33	0.0415522	0.022313	0.00242836	0.00226627	0.0113568	0.00843121	0.0055649	0.345767	0.0113566	0.125459	0.0261205	0.00873702	0.00206701	0.013702	0.023586	0.0171952	0.040017	0.278501	0.000833724	0.0127458
34	0.0977196	0.0141871	0.0176269	0.0226084	0.0107479	0.0291372	0.0253207	0.0614752	0.0739991	0.0996577	0.0145566	0.0215191	0.0856963	0.0615175	0.167345	0.0964342	0.0470715	0.031663	0.0113294	0.0103876
35	0.0432929	0.00810944	0.0183332	0.0344442	0.00258793	0.0438248	0.0386484	0.0139294	0.226108	0.0184193	0.00593954	0.0316137	0.0201229	0.0691761	0.281686	0.0477282	0.0624555	0.0245509	0.00219254	0.00683751
36	0.0567537	0.0238382	0.0300602	0.0175935	0.0577936	0.0401692	0.0412468	0.0458866	0.0371979	0.101923	0.020966	0.0330828	0.0237192	0.0594699	0.0752354	0.0716796	0.0508372	0.0447547	0.0935848	0.0742082
37	0.0329869	0.00662903	0.015913	0.0312779	0.00236475	0.0448163	0.0390574	0.0100685	0.247848	0.0131474	0.00449006	0.0317364	0.0146817	0.0691798	0.294889	0.0461521	0.063855	0.0220963	0.00214694	0.00666365
38	0.0310306	0.00646502	0.0166847	0.0272058	0.00235634	0.0625628	0.0476846	0.00988517	0.259145	0.0126454	0.0042954	0.0541498	0.0146933	0.0764681	0.231757	0.0534391	0.056977	0.022475	0.00249379	0.00758656
39	0.0658178	0.0142615	0.0287797	0.0441944	0.0108246	0.0365532	0.0358358	0.0305118	0.131087	0.0558782	0.0121828	0.0334492	0.0354329	0.0595477	0.234841	0.053755	0.0596884	0.0373106	0.00531488	0.0147334
40	0.0752547	0.0121056	0.145207	0.0893531	0.0132844	0.020615	0.0455176	0.0144681	0.0582563	0.0275535	0.0092002	0.0513032	0.0125783	0.127224	0.0357843	0.11978	0.10571	0.0215746	0.00313942	0.0120895
41	0.0902342	0.013625	0.117745	0.137628	0.0508112	0.0236461	0.0148675	0.0149876	0.0356658	0.0198783	0.00599778	0.0398813	0.0145775	0.0532029	0.0324704	0.17151	0.117893	0.032938	0.00245982	0.0099806
42	0.123052	0.0836091	0.0124702	0.0110766	0.0205631	0.0194038	0.0141733	0.061985	0.0209341	0.0719649	0.0157146	0.0190546	0.00821541	0.0162726	0.0219243	0.0854388	0.213846	0.16242	0.00437515	0.0135072
43	0.103074	0.00918692	0.116659	0.235811	0.0100544	0.0225751	0.0172364	0.0211904	0.0769865	0.0191991	0.00328765	0.0351331	0.0230205	0.114393	0.058828	0.0511752	0.0471223	0.0239137	0.00055968	0.0105948
44	0.0737719	0.013109	0.146374	0.13036	0.0238573	0.0331507	0.0289004	0.0267815	0.0662461	0.0352799	0.010349	0.0534273	0.0251467	0.0739981	0.0635018	0.0679424	0.0623185	0.0290341	0.00672946	0.029722
45	0.133893	0.0050053	0.0185607	0.0335588	0.00550666	0.0266772	0.0443461	0.0407378	0.121447	0.0570767	0.0303774	0.0376899	0.0361686	0.0494104	0.179336	0.0383886	0.0729316	0.0598671	0.00274129	0.00627942
46	0.0903489	0.00660101	0.0430271	0.0484512	0.00797396	0.0359302	0.0233787	0.0314202	0.10627	0.0402266	0.0106569	0.0271273	0.163105	0.0416752	0.117237	0.116499	0.0512266	0.0283312	0.00265025	0.00786409
47	0.112209	0.0162227	0.0329526	0.0232949	0.016749	0.0252337	0.102341	0.0336566	0.0477994	0.0498165	0.0512887	0.0369284	0.0191063	0.0394863	0.0525046	0.166198	0.114962	0.0383546	0.00637412	0.014522
48	0.112846	0.00922501	0.027608	0.0420277	0.0064081	0.0560434	0.0373825	0.026459	0.122225	0.0353692	0.013491	0.0322957	0.0309151	0.0582787	0.18793	0.0559737	0.0966241	0.0338774	0.00431112	0.010709
49	0.0890681	0.00748897	0.0271103	0.0376216	0.00871773	0.0460687	0.0165555	0.034654	0.0559514	0.0528199	0.00977799	0.0223413	0.324137	0.0321846	0.0648655	0.0728789	0.0466283	0.037519	0.00498232	0.00862918
50	0.037234	0.0523266	0.0239857	0.0214039	0.0103506	0.0330735	0.128869	0.0206058	0.23911	0.039735	0.0131659	0.0350336	0.0145268	0.0457401	0.0901539	0.0498263	0.0481119	0.0286882	0.0401546	0.0279045
51	0.0851556	0.00718951	0.0507327	0.0845838	0.00650547	0.0334496	0.050607	0.0240585	0.128644	0.028477	0.0106724	0.028873	0.0288503	0.0633148	0.161515	0.0578628	0.0964425	0.0414567	0.00199587	0.009613
52	0.104964	0.00707455	0.0170943	0.0276688	0.00875183	0.0276883	0.0279868	0.0968528	0.105936	0.0915579	0.0178947	0.0264368	0.0905317	0.0416865	0.144403	0.0504972	0.05277	0.0484214	0.00395626	0.00782827
53	0.0835913	0.00550975	0.0182206	0.032511	0.00295963	0.0334156	0.0593064	0.0248913	0.172039	0.0326712	0.0139062	0.0376156	0.0458267	0.0597406	0.214662	0.0413257	0.0705508	0.0441839	0.0017578	0.00531471
54	0.0453066	0.018031	0.0319723	0.013322	0.0822325	0.0255381	0.0377733	0.0359245	0.0257445	0.062759	0.0143265	0.0349472	0.0133522	0.0405066	0.0360134	0.115919	0.117686	0.0402803	0.0578416	0.150523
55	0.133103	0.00588485	0.0218718	0.0381949	0.00443099	0.0321737	0.0310236	0.0325332	0.161737	0.0341746	0.015222	0.0301764	0.0673107	0.0457655	0.170737	0.0546565	0.0785075	0.0352093	0.00215008	0.00513705
56	0.0695859	0.0175365	0.0144757	0.0138267	0.0424168	0.0171733	0.016837	0.0916819	0.0256228	0.29108	0.0823971	0.0167108	0.0146389	0.0242045	0.0512477	0.0418801	0.0394543	0.107715	0.00735371	0.0141615
57	0.0468922	0.00546617	0.0166907	0.00844536	0.0131694	0.0320963	0.00586395	0.0079941	0.0064916	0.0182617	0.00961593	0.130207	0.0291686	0.00601081	0.017549	0.416641	0.202729	0.0201271	0.00254415	0.00403552
58	0.0895216	0.00938272	0.116837	0.237242	0.0103827	0.019279	0.016517	0.0184021	0.0639922	0.0272701	0.00411865	0.0413085	0.0396427	0.0967985	0.0605478	0.0565972	0.0478057	0.0318225	0.000635111	0.0118975
59	0.116628	0.00843385	0.0793912	0.207192	0.0121829	0.0241905	0.0203473	0.0278151	0.0595581	0.0442331	0.0208313	0.0302551	0.0212714	0.0842981	0.056514	0.0460774	0.0717879	0.0520109	0.00302437	0.0139582
60	0.0914989	0.00961549	0.125383	0.24936	0.010772	0.0213684	0.0151546	0.019237	0.0678777	0.0193962	0.00345892	0.0369789	0.0221147	0.114111	0.0571076	0.0517438	0.0496376	0.0236601	0.000599904	0.0109242
61	0.0705144	0.00890442	0.0699052	0.142154	0.00692592	0.0284808	0.0252237	0.0183475	0.154277	0.0200057	0.00560284	0.0342127	0.0228152	0.0823506	0.167334	0.0508332	0.0565966	0.0248814	0.00119742	0.00943729
62	0.117635	0.00854534	0.0778569	0.174864	0.00951858	0.0327074	0.0204543	0.0349454	0.0966585	0.030998	0.0108013	0.0316555	0.0274571	0.0939799	0.0848442	0.0495115	0.0522889	0.0324616	0.00245246	0.0103648
63	0.0419876	0.0227236	0.00243264	0.00224542	0.0114851	0.0084355	0.00547748	0.345001	0.0114358	0.125351	0.0260863	0.00875753	0.00207161	0.0135731	0.023538	0.01697	0.0399788	0.278813	0.000847346	0.0127892
64	0.0417247	0.0226089	0.00240943	0.00226774	0.011425	0.00861151	0.00562762	0.34512	0.0115445	0.125324	0.0260608	0.00876377	0.0020832	0.0136692	0.0235024	0.017094	0.0399315	0.278658	0.000846721	0.0127268
65	0.0518964	0.0377569	0.0050386	0.00640158	0.0149951	0.0136655	0.00796969	0.262351	0.0333768	0.115374	0.022612	0.0114965	0.00459335	0.0164763	0.0433708	0.0288274	0.0452652	0.262993	0.00202029	0.0135193
66	0.131604	0.00897825	0.0602998	0.139078	0.0146314	0.024853	0.0232255	0.0490399	0.0949844	0.050639	0.015593	0.0309509	0.02742	0.0784744	0.0834309	0.0477654	0.0566416	0.0461413	0.00303558	0.0132131
67	0.0226646	0.00869452	0.00779277	0.0028397	0.0639238	0.00987905	0.00511561	0.0841466	0.0063208	0.46241	0.0738694	0.00699391	0.0147985	0.00802346	0.0431609	0.036151	0.017952	0.11153	0.00372388	0.0100099
68	0.0565255	0.0149456	0.0262527	0.041608	0.0101349	0.0395344	0.0372137	0.0289813	0.14853	0.0419688	0.012086	0.0360078	0.0288184	0.0635954	0.24599	0.0514256	0.0594006	0.0352734	0.00599648	0.0157117
69	0.0420382	0.00561865	0.0156456	0.0319338	0.00206761	0.0407958	0.0451287	0.0169341	0.214497	0.0164718	0.00631034	0.0312391	0.0196609	0.0728434	0.275437	0.0451257	0.0788003	0.0314604	0.00163359	0.0063571
70	0.160287	0.091644	0.0247353	0.017839	0.0148035	0.023614	0.0617939	0.0196541	0.0284726	0.0628526	0.013752	0.0267342	0.0111231	0.061005	0.0350787	0.186028	0.110931	0.0327392	0.00546935	0.011443
71	0.127512	0.0271806	0.0173087	0.0156767	0.0783969	0.0185571	0.0223784	0.0815732	0.0326033	0.151654	0.0217686	0.0160078	0.00931119	0.0224395	0.0287018	0.0484266	0.12586	0.112659	0.0104778	0.0315061
72	0.0483003	0.0335571	0.0162982	0.015606	0.0153726	0.0649114	0.0572119	0.0317615	0.0269466	0.133946	0.015781	0.0204779	0.0299657	0.112069	0.135329	0.0397295	0.0274277	0.0192961	0.114239	0.0417745
73	0.0245624	0.00864439	0.00932278	0.00434692	0.0650878	0.0110296	0.0066015	0.0779557	0.00738101	0.450962	0.0847265	0.00737235	0.0154814	0.00989363	0.043331	0.0398905	0.0189831	0.0985902	0.00518868	0.0106488
74	0.0522204	0.00681966	0.0165739	0.00877733	0.00812461	0.0742494	0.0108856	0.0276899	0.0282334	0.0508245	0.00632161	0.0270086	0.401691	0.0141626	0.0339255	0.138455	0.0479835	0.0345351	0.0045737	0.00694523
75	0.0432545	0.0118617	0.018541	0.0227694	0.035459	0.0207936	0.0224466	0.0739464	0.0417321	0.31783	0.0392079	0.0193639	0.0270331	0.0310885	0.0908074	0.0425808	0.0325139	0.0800151	0.00918696	0.0195683
76	0.0860102	0.0111482	0.144599	0.225864	0.0141789	0.0218525	0.0173957	0.0202172	0.0667276	0.021927	0.0046735	0.0392785	0.0230924	0.0891223	0.0582058	0.056184	0.0574973	0.0273666	0.0012215	0.0134382
77	0.0866655	0.0101195	0.152073	0.242726	0.011052	0.0198642	0.0155376	0.0181665	0.0656316	0.0189155	0.00369566	0.0378941	0.0219735	0.0933015	0.0566335	0.0533785	0.0548516	0.0256779	0.000744684	0.0110976
78	0.0675646	0.050714	0.00469609	0.00456665	0.0279875	0.0157563	0.00683218	0.167387	0.0157889	0.21365	0.0311406	0.0145161	0.00562924	0.0120586	0.0252167	0.0206532	0.0630007	0.235859	0.00222639	0.0147571
79	0.0828406	0.0292467	0.0161557	0.0150943	0.0309052	0.0438867	0.0193929	0.0854582	0.0251318	0.18881	0.0233301	0.0185134	0.0111275	0.0208293	0.032929	0.0344284	0.11393	0.151957	0.00673361	0.0492997
80	0.114882	0.0151754	0.0385017	0.0872912	0.077354	0.015113	0.0267452	0.0795815	0.0389072	0.0807871	0.0131048	0.0213989	0.0109332	0.0612508	0.0389656	0.0449995	0.0494477	0.0897883	0.0102858	0.0854874
81	0.0847543	0.0570889	0.00470719	0.00623567	0.0230757	0.0222885	0.00691359	0.20217	0.0192723	0.132406	0.0252014	0.013588	0.00409212	0.013771	0.0220564	0.0193298	0.0756365	0.249461	0.00244677	0.0155048
82	0.0493154	0.0272847	0.00510655	0.0044242	0.0303418	0.0125541	0.00584249	0.217334	0.0142595	0.227885	0.0406488	0.0110151	0.00690203	0.0120366	0.0272857	0.0227143	0.0533238	0.216552	0.0021565	0.0130176
83	0.0331566	0.00770811	0.0174417	0.0291495	0.00260239	0.0596272	0.0583095	0.0109923	0.207197	0.0160128	0.00440589	0.0308742	0.0151117	0.101704	0.247259	0.0645314	0.0606915	0.022401	0.00345173	0.00737218
84	0.0989896	0.00886362	0.108541	0.208426	0.0105698	0.0210787	0.0244683	0.0216876	0.0722438	0.0242355	0.00578237	0.0358731	0.0312274	0.0985598	0.0687537	0.0586398	0.0563044	0.0318575	0.00106211	0.0128357
85	0.0749713	0.016487	0.0256191	0.0178889	0.110733	0.0210797	0.0199053	0.0475861	0.023829	0.0640617	0.0147939	0.0360319	0.0128242	0.019522	0.0234483	0.166913	0.134053	0.122975	0.0112946	0.0359832
86	0.0515721	0.0217473	0.00667494	0.00425123	0.0548569	0.0110999	0.00883223	0.222835	0.0142993	0.196748	0.0290612	0.026567	0.00578698	0.0146495	0.0294085	0.0244235	0.0412112	0.213193	0.00357937	0.0192024
87	0.0742149	0.00647588	0.0184486	0.0203885	0.00688117	0.0486497	0.0127485	0.0309827	0.0411033	0.0492996	0.00671227	0.0235397	0.384909	0.0207682	0.0497826	0.112165	0.0486247	0.0336409	0.00393345	0.0067309
88	0.0618352	0.0127182	0.0893082	0.102439	0.0131446	0.0916736	0.0952097	0.0152045	0.0397958	0.0282687	0.0109414	0.0379991	0.0194995	0.0873166	0.0589399	0.0681962	0.0789737	0.0274978	0.00689684	0.0541411
89	0.086294	0.0420698	0.00413324	0.0053194	0.0313714	0.0139742	0.00752966	0.222232	0.0183382	0.159754	0.0253741	0.0107836	0.00456183	0.0136196	0.0237298	0.0191367	0.0603679	0.230817	0.0026563	0.0179366
90	0.0500267	0.00564482	0.0173294	0.00895325	0.0132459	0.0326753	0.00609256	0.00804793	0.00719309	0.0179174	0.00966431	0.126926	0.0286934	0.00644315	0.0174677	0.41568	0.200586	0.0207958	0.00246251	0.00415438
91	0.0634288	0.0155462	0.0305739	0.0444883	0.0124303	0.0373425	0.0340387	0.032256	0.133754	0.0461591	0.0111762	0.0328893	0.0307127	0.0617566	0.241749	0.050343	0.0588995	0.039569	0.00738192	0.0155046
92	0.109687	0.0148643	0.0608485	0.0506992	0.0195358	0.0322421	0.0191441	0.0149922	0.0273408	0.022445	0.0107578	0.0616277	0.0238269	0.0330302	0.0305866	0.270234	0.155234	0.030115	0.00288713	0.00990203
93	0.202243	0.0172756	0.0167032	0.0123275	0.0103903	0.0453714	0.0112971	0.0109448	0.0119773	0.0169576	0.00786116	0.0703907	0.0178128	0.0115141	0.0174911	0.306233	0.178692	0.0266664	0.00277272	0.00507766
94	0.0393679	0.0219401	0.00461693	0.00295998	0.0299525	0.0109371	0.00552116	0.214728	0.0113348	0.263101	0.0374934	0.0111015	0.00903337	0.0115844	0.0307187	0.024143	0.0337783	0.222716	0.00187571	0.0130962
95	0.0408985	0.0160442	0.14363	0.0288061	0.0190133	0.0326282	0.0965574	0.0146333	0.0276206	0.0457087	0.0175345	0.162315	0.0115149	0.0469297	0.0410303	0.0419413	0.0337162	0.0215925	0.0339362	0.123949
96	0.0531366	0.0971064	0.0239306	0.0259553	0.015727	0.0371692	0.0322067	0.0402185	0.0499429	0.0684767	0.0148526	0.0374946	0.0205942	0.0524614	0.231215	0.0506243	0.0498415	0.0544103	0.0196623	0.024974
97	0.0762645	0.0845873	0.00548977	0.00617783	0.0242118	0.0177748	0.00710497	0.179968	0.0174212	0.157875	0.0261442	0.015074	0.00440107	0.0131367	0.0221629	0.0185715	0.081474	0.224596	0.00209565	0.0154682
98	0.0297629	0.0106805	0.0150006	0.00729712	0.135515	0.0119381	0.0131164	0.0617747	0.00917828	0.348602	0.0431752	0.0135937	0.0130057	0.0201571	0.0369754	0.0464627	0.0234266	0.0841607	0.0115165	0.064661
99	0.0511382	0.00705492	0.0243733	0.0521589	0.00296478	0.0379132	0.0450015	0.0145909	0.212101	0.0192377	0.00726328	0.0334609	0.0207702	0.0764396	0.237318	0.0459796	0.0658603	0.0360339	0.00189853	0.00844113
100	0.109557	0.00786948	0.0421201	0.0604494	0.00499385	0.0330506	0.0320895	0.0229037	0.156232	0.0287677	0.0118571	0.0301659	0.0346487	0.0563043	0.188049	0.059904	0.0806246	0.0312622	0.00207013	0.00708152
101	0.109822	0.0137901	0.0686949	0.149743	0.0150484	0.0220292	0.0882337	0.0191067	0.0421306	0.0630708	0.0153199	0.0566908	0.0160287	0.0878312	0.0541472	0.0473966	0.0379987	0.0303756	0.00596761	0.0565742
102	0.047606	0.0104644	0.031072	0.0362743	0.00634694	0.0868716	0.0614619	0.0181716	0.196251	0.0283774	0.00962086	0.0452346	0.0230745	0.063475	0.154991	0.0744502	0.0592609	0.0300525	0.00597996	0.0109639
103	0.0455866	0.0294844	0.00306239	0.00293196	0.0133585	0.0102966	0.00821019	0.3221	0.0123096	0.132673	0.0251226	0.011474	0.00266235	0.015323	0.0244487	0.0175196	0.0427028	0.267281	0.00103063	0.0124213
104	0.0514533	0.00836123	0.0231272	0.0132564	0.0113708	0.0346386	0.0105427	0.0124579	0.0153695	0.0237698	0.00913449	0.136435	0.0526246	0.0116784	0.0254107	0.359529	0.165482	0.0244911	0.00410996	0.00675791
105	0.0467207	0.00778017	0.0207575	0.0392743	0.0032946	0.0405271	0.0388753	0.0166378	0.204536	0.0192932	0.00685741	0.0389844	0.0217237	0.0692905	0.264632	0.0449344	0.0786142	0.0269695	0.00253066	0.00776606
106	0.025697	0.00598771	0.00843403	0.00536017	0.0487616	0.0125725	0.00711156	0.0885531	0.0146839	0.448089	0.0530157	0.00845078	0.0386483	0.011693	0.058512	0.0384482	0.0171445	0.0952988	0.00385288	0.00968538
107	0.10217	0.0077182	0.0535945	0.11018	0.00747901	0.0274221	0.0215517	0.0424098	0.0888445	0.0368452	0.0119143	0.0273392	0.1121	0.0720426	0.114286	0.0529186	0.0672629	0.0341645	0.00250692	0.00724927
108	0.0938446	0.010139	0.131547	0.230325	0.0100219	0.0193299	0.0146476	0.019149	0.0813182	0.0184609	0.0031696	0.0390694	0.0259072	0.0962121	0.0616684	0.0558623	0.0549109	0.0231876	0.000448617	0.0107809
109	0.14784	0.0273664	0.00918032	0.0340182	0.0556205	0.0150421	0.0134291	0.134922	0.0418683	0.129346	0.0223478	0.0112268	0.00937131	0.017629	0.0290664	0.0261839	0.0702889	0.169792	0.00693585	0.0285248
110	0.0902445	0.00885561	0.116959	0.213386	0.0094859	0.0211675	0.015024	0.0234093	0.104418	0.018893	0.0037735	0.0389094	0.0309258	0.0963103	0.0771646	0.0491413	0.048725	0.0228035	0.000579898	0.00982325
111	0.0756662	0.00749744	0.0367385	0.0573463	0.00465108	0.0452583	0.0309858	0.0245897	0.170093	0.0358963	0.0112334	0.0299636	0.055506	0.0561341	0.196932	0.0472792	0.0764763	0.0293733	0.00191437	0.00646447
112	0.107612	0.00903474	0.118017	0.206387	0.0104388	0.0222174	0.0172451	0.0187091	0.082186	0.0195354	0.003887	0.0388278	0.0218658	0.112897	0.0606838	0.0598262	0.0540303	0.024478	0.000630357	0.0114927
113	0.0846781	0.00678925	0.0344848	0.0755006	0.00440073	0.0327211	0.0339781	0.0217584	0.187346	0.0246233	0.0108216	0.0371549	0.0289955	0.0724508	0.179932	0.0469964	0.063573	0.0439016	0.00162279	0.00827116
114	0.144856	0.00493962	0.0265355	0.0623183	0.0044116	0.028188	0.0289554	0.0349724	0.147704	0.0381047	0.0251559	0.0371918	0.0548715	0.0442848	0.146662	0.0429474	0.0719082	0.0482436	0.00224641	0.00550238
115	0.106737	0.00560261	0.0197814	0.0241275	0.00685789	0.0425525	0.020639	0.0477723	0.139162	0.0465123	0.0116827	0.023989	0.185325	0.034308	0.12605	0.0669199	0.0574343	0.0275502	0.00208282	0.00491444
116	0.118983	0.00553552	0.0197617	0.0331722	0.00635258	0.0314414	0.0359418	0.0542409	0.149769	0.0451435	0.0163555	0.0279906	0.0911028	0.0518448	0.152386	0.0605435	0.0584005	0.0329732	0.00240347	0.00565711
117	0.0311209	0.0067146	0.0190752	0.0313969	0.00276976	0.0620193	0.0416468	0.0110477	0.264635	0.014651	0.00393532	0.0471564	0.013152	0.0883607	0.2141	0.0635484	0.0530304	0.0219971	0.00287555	0.00676696
118	0.0368264	0.00553277	0.0155977	0.0305191	0.00181911	0.0451977	0.0450599	0.0101999	0.251254	0.0121574	0.0041374	0.0314887	0.0150444	0.0751826	0.266482	0.0493371	0.0721453	0.0236906	0.00164237	0.00668646
119	0.0414068	0.0156868	0.0237576	0.0108463	0.162492	0.0135419	0.023149	0.0505061	0.0154328	0.2047	0.025925	0.0174513	0.0102555	0.0319873	0.0330203	0.0770607	0.0350855	0.0638715	0.0204861	0.123339
120	0.0811237	0.00722896	0.040652	0.0618249	0.00403577	0.0349288	0.0303383	0.0214102	0.217741	0.0267657	0.01051	0.0319245	0.0334066	0.0616604	0.18931	0.0483443	0.0613825	0.0288218	0.00183015	0.00676072
121	0.0926137	0.0140937	0.149487	0.226055	0.0131685	0.0177792	0.0140089	0.0164733	0.0640677	0.0178846	0.00322439	0.0442003	0.0202166	0.0931714	0.0548582	0.0640917	0.0615509	0.0219383	0.000654467	0.0104622
122	0.0197864	0.0194845	0.0572046	0.0202389	0.126284	0.0132508	0.071412	0.0169871	0.0176218	0.0496543	0.00764224	0.0320256	0.0095984	0.0452844	0.0307191	0.049269	0.0280343	0.0322211	0.0177445	0.335537
123	0.097313	0.00958265	0.123913	0.237224	0.0104747	0.0201164	0.0153298	0.0191488	0.0724598	0.0192553	0.0032201	0.037438	0.0268024	0.106544	0.0604155	0.0554452	0.0492296	0.0249897	0.000469626	0.0106284
124	0.0556288	0.00931505	0.010779	0.00999781	0.0138	0.0483326	0.010199	0.0748637	0.0270236	0.127661	0.016124	0.0149976	0.338193	0.0149542	0.0399071	0.054001	0.0394524	0.083024	0.00325391	0.00849135
125	0.0804074	0.0150642	0.0343041	0.0282558	0.0162431	0.088003	0.0241899	0.0190942	0.0432003	0.0304832	0.012324	0.0659918	0.0291563	0.0303101	0.0545725	0.217605	0.159114	0.0353897	0.00570288	0.0105885
126	0.0102843	0.015385	0.0283401	0.00498703	0.245252	0.00597058	0.0293611	0.0175056	0.00564412	0.0642822	0.00319776	0.0140793	0.0028732	0.0432082	0.0167455	0.0544115	0.0154865	0.0343629	0.0208143	0.367809
127	0.0667837	0.022116	0.00961541	0.00660565	0.115532	0.0125403	0.0104579	0.101886	0.0159725	0.235574	0.0319042	0.0109929	0.0088944	0.0142048	0.0324769	0.034602	0.0430809	0.183587	0.00524804	0.0379256
128	0.0374092	0.0235204	0.0429787	0.0311749	0.0782807	0.0244518	0.109508	0.0213907	0.0360718	0.0607151	0.0140561	0.0431505	0.0154034	0.0530292	0.0481473	0.0482291	0.0401587	0.0358642	0.0210137	0.215447
129	0.0394613	0.020093	0.00246762	0.00214094	0.0147185	0.0084758	0.00522286	0.333072	0.0102785	0.149701	0.0286399	0.00833127	0.00335142	0.0127108	0.0256143	0.0182786	0.0364841	0.265673	0.00098988	0.0142957
130	0.0630496	0.0128993	0.158544	0.0965792	0.0193103	0.0384797	0.0415248	0.0223407	0.0493292	0.038196	0.0123637	0.109816	0.0211778	0.0669431	0.0484228	0.0653885	0.0574773	0.0303852	0.0104539	0.0373187
131	0.0438127	0.0207714	0.00324577	0.002892	0.0180168	0.0088681	0.00647757	0.312914	0.0126137	0.149408	0.0266101	0.00936726	0.00390259	0.0136447	0.0295512	0.018859	0.038333	0.262312	0.00112994	0.0172708
132	0.135007	0.0150383	0.0249215	0.0406064	0.0212329	0.0251888	0.0244102	0.0695248	0.11339	0.0620508	0.0191509	0.0247884	0.0316508	0.0383178	0.0899422	0.0501951	0.12686	0.069332	0.00520955	0.0131829
133	0.065644	0.01455	0.073689	0.135751	0.0132611	0.0273092	0.0673291	0.0183708	0.0469605	0.0312369	0.00885721	0.0350496	0.040142	0.099859	0.0619035	0.0503119	0.0626915	0.0264977	0.0069656	0.11362
134	0.0324133	0.0130686	0.0055197	0.00317972	0.059002	0.00956199	0.00542812	0.124803	0.00872786	0.405259	0.0497943	0.00746812	0.0121256	0.00841282	0.0399307	0.0301877	0.0242896	0.145956	0.00279292	0.0120783
135	0.0643437	0.0103067	0.0204469	0.0311029	0.00691047	0.0332819	0.0330849	0.0301478	0.106693	0.0457203	0.0090415	0.0246303	0.168195	0.0674851	0.192115	0.065713	0.0485166	0.026763	0.0071359	0.00836696
136	0.0482913	0.0104944	0.0296469	0.0527326	0.00593792	0.040481	0.0418122	0.0168518	0.197001	0.0234625	0.0078598	0.0334261	0.0179422	0.0896285	0.201695	0.0467323	0.0710122	0.0266726	0.00365918	0.0346604
137	0.0889768	0.00934459	0.12658	0.265158	0.0103275	0.0219561	0.0140924	0.0216991	0.0625318	0.0191826	0.00393741	0.0341887	0.0214976	0.0894004	0.0530367	0.0512131	0.0642741	0.0316078	0.000752011	0.0102444
138	0.0900326	0.00956046	0.0926136	0.155458	0.0106228	0.0755923	0.0267116	0.0185741	0.0668129	0.0234133	0.00648626	0.0290683	0.0201436	0.0981617	0.0759102	0.0632978	0.0820392	0.0395537	0.00215717	0.0137898
139	0.0451882	0.00942683	0.0256306	0.0301018	0.00605764	0.0949938	0.0390405	0.0216907	0.173335	0.0259765	0.00920368	0.0334625	0.0239437	0.0581692	0.177672	0.0883566	0.0658315	0.0571901	0.0056908	0.00903768
140	0.113921	0.00720729	0.0304469	0.063414	0.00362309	0.0307484	0.0297331	0.0272468	0.172551	0.0310736	0.0139739	0.0312878	0.0552235	0.052492	0.186032	0.0467567	0.0635456	0.0333467	0.00154554	0.00583024
141	0.14295	0.0175848	0.028884	0.0380853	0.0672536	0.0227479	0.0339065	0.0511808	0.0358541	0.107809	0.0172864	0.0256665	0.0161821	0.0655334	0.0878328	0.0399932	0.0456326	0.0571751	0.0215321	0.0769095
142	0.0111081	0.0195234	0.028077	0.00640259	0.212489	0.00596028	0.0311154	0.0174815	0.0067501	0.0606913	0.00320451	0.0133498	0.00375335	0.0505359	0.0218687	0.0559606	0.0164877	0.0332928	0.0203865	0.381562
143	0.0481171	0.0209929	0.00881581	0.00662544	0.0459619	0.0136773	0.00971952	0.134748	0.0157533	0.316383	0.0445019	0.011677	0.0119012	0.0134494	0.0405332	0.0311415	0.0382848	0.163841	0.00457496	0.0193002
144	0.0116478	0.0151617	0.0287506	0.00539932	0.255949	0.00671794	0.0283119	0.0175881	0.00654975	0.0668583	0.00364173	0.0166653	0.00363099	0.045403	0.0167966	0.0543394	0.0165003	0.0332895	0.0217029	0.345096
145	0.12974	0.0347054	0.0165696	0.0246992	0.0360965	0.0206968	0.0188531	0.110544	0.042122	0.0971154	0.0211992	0.0205665	0.0140255	0.0239737	0.045546	0.0455752	0.106649	0.166792	0.0046096	0.0199218
146	0.217113	0.0173354	0.0294369	0.0243728	0.0181187	0.100695	0.0267688	0.0387677	0.0477745	0.0897323	0.0159138	0.0260668	0.044399	0.0400246	0.060077	0.0600798	0.0620628	0.0520495	0.0115877	0.0176242
147	0.0427867	0.0230468	0.00255342	0.00236155	0.0133519	0.00881367	0.00557268	0.338011	0.0115086	0.131085	0.0261807	0.00867727	0.00230043	0.0137557	0.0239483	0.0170596	0.0402986	0.274664	0.000952122	0.0130719
148	0.0757344	0.0149951	0.146049	0.122532	0.0213979	0.0403711	0.0304975	0.0258764	0.0644133	0.0401112	0.0108819	0.0606862	0.0218612	0.0718128	0.0578116	0.0667936	0.0584397	0.0332617	0.0069174	0.0295559
149	0.0446883	0.0506551	0.0325825	0.0361799	0.00865474	0.0605762	0.0318579	0.0234459	0.0985994	0.0385028	0.0105675	0.0633251	0.022493	0.0566967	0.256764	0.0589271	0.0508088	0.0287011	0.0110535	0.01492
150	0.263862	0.0507447	0.0179223	0.0176839	0.0116955	0.0285335	0.0223577	0.0137626	0.0202787	0.0284808	0.00959312	0.0381432	0.0133149	0.0229127	0.0255325	0.200146	0.163206	0.0381031	0.00522645	0.00850125
151	0.0608134	0.0115329	0.026874	0.0146918	0.0362784	0.0300108	0.0120805	0.014974	0.0131067	0.0247142	0.0121143	0.084314	0.022257	0.0114979	0.0174109	0.322477	0.237372	0.0334035	0.00469688	0.00937895
152	0.0500396	0.0095518	0.0213057	0.0395152	0.00306133	0.0395323	0.0366078	0.0166086	0.197897	0.022919	0.00743478	0.0328807	0.023573	0.0643214	0.290826	0.0476429	0.0605563	0.0254231	0.00300422	0.00730008
153	0.0163846	0.0168037	0.0242926	0.00614447	0.218952	0.00907428	0.0279816	0.022388	0.00749184	0.119971	0.00519358	0.0128693	0.00480038	0.0430239	0.0193066	0.0862698	0.0239762	0.0326339	0.0485253	0.253917
154	0.0880334	0.0553863	0.00491944	0.00593594	0.0260598	0.0193468	0.00668724	0.157649	0.0177846	0.163001	0.0334788	0.0171753	0.00432857	0.0119526	0.0202584	0.0194085	0.0790918	0.24952	0.00275006	0.017233
155	0.0102134	0.0155866	0.0282926	0.0050972	0.242155	0.00580933	0.0304357	0.017828	0.00578067	0.0654289	0.00318864	0.0137608	0.00290378	0.0431203	0.0167155	0.0555154	0.0160238	0.0348004	0.0210366	0.366307
156	0.162407	0.0376227	0.00687075	0.0116296	0.0469873	0.0167122	0.0097268	0.109917	0.0276179	0.152839	0.0189401	0.0113374	0.00711886	0.0137956	0.0238196	0.0221515	0.0776382	0.186761	0.00453605	0.0515712
157	0.0929382	0.00968235	0.116546	0.227155	0.0108976	0.0202459	0.0148786	0.0202314	0.0950444	0.0188733	0.00357199	0.0372595	0.024129	0.0984135	0.0733759	0.0535822	0.0482396	0.0232939	0.000454503	0.0111868
158	0.0398958	0.0208365	0.00248746	0.00227178	0.013533	0.00862332	0.00528789	0.33978	0.0106225	0.140905	0.0272651	0.00842059	0.00271182	0.0131191	0.0242233	0.0175774	0.0375021	0.27072	0.000862948	0.0133546
159	0.0262672	0.0469409	0.0292163	0.0438507	0.027742	0.0149799	0.131694	0.0157327	0.0520479	0.0588553	0.0168504	0.0404578	0.0120632	0.0424271	0.0633051	0.0308637	0.0344671	0.0527411	0.00998868	0.249509
160	0.0895857	0.00876603	0.114627	0.207779	0.009192	0.0215185	0.0155337	0.0226799	0.106223	0.0196321	0.00449223	0.0389958	0.0324253	0.0948364	0.0823098	0.0489291	0.0488627	0.0233148	0.000551982	0.00974516
161	0.0946881	0.0197929	0.107515	0.193918	0.02099	0.0203457	0.0175603	0.0271403	0.0804476	0.0234054	0.00450008	0.0332743	0.0198629	0.097203	0.0573717	0.091692	0.048454	0.0266471	0.00151986	0.0136714
162	0.0940898	0.00766778	0.0478784	0.0978221	0.00652816	0.0297448	0.0270506	0.0245509	0.167995	0.0274212	0.0101131	0.0300464	0.0334664	0.0647046	0.164035	0.0563809	0.0693174	0.0314574	0.00148821	0.00824138
163	0.056789	0.0102802	0.0331955	0.0144778	0.0164553	0.0418459	0.0102255	0.0103189	0.0118901	0.018758	0.0195537	0.093607	0.0208514	0.0108622	0.0161974	0.308567	0.259119	0.039484	0.00256759	0.0049542
164	0.164334	0.0058112	0.0204391	0.0387788	0.00692283	0.0274483	0.0343306	0.0372641	0.133758	0.0457563	0.0302104	0.0431007	0.0377504	0.0403732	0.144303	0.0436168	0.0785662	0.0572495	0.00301649	0.00696942
165	0.136649	0.0110035	0.0213028	0.032173	0.0131329	0.0272252	0.0130387	0.0323966	0.0256947	0.0246437	0.0122625	0.112301	0.0375142	0.015572	0.0320619	0.233799	0.15354	0.0553091	0.00364182	0.00673812
166	0.244486	0.0219581	0.0201333	0.015808	0.0121058	0.0289146	0.0139502	0.0109687	0.0162524	0.019226	0.00858164	0.0537542	0.0189953	0.0171991	0.0218637	0.251711	0.187988	0.0279202	0.00259727	0.00558667
167	0.146994	0.0159793	0.0163887	0.0449426	0.0298593	0.0328417	0.0202572	0.0981577	0.0664575	0.0964943	0.0441766	0.0195069	0.0158273	0.0260376	0.0494637	0.0486214	0.0647264	0.126614	0.0180618	0.0185916
168	0.117958	0.0086991	0.126182	0.19146	0.0121477	0.0535071	0.0209502	0.0177464	0.059058	0.0363079	0.00458897	0.0331077	0.0195232	0.0985422	0.0512046	0.0582093	0.0488101	0.0264113	0.00153917	0.0140469
169	0.0642781	0.0151869	0.0417244	0.034314	0.125041	0.073689	0.0323733	0.0414147	0.0355166	0.0892528	0.0181299	0.0351997	0.0269264	0.0449309	0.0435297	0.0759637	0.0619028	0.0605675	0.0136491	0.0664099
170	0.0226349	0.00783178	0.00900689	0.00376897	0.0545898	0.0109353	0.00682116	0.0904953	0.00761308	0.451683	0.0799829	0.00801294	0.0159282	0.0105534	0.0449526	0.0405525	0.0179318	0.101271	0.0049697	0.010465
171	0.106001	0.0104982	0.0864591	0.159464	0.0131998	0.0194827	0.0613099	0.0144187	0.0456649	0.0417022	0.0200373	0.079687	0.0160558	0.0912776	0.0623772	0.0467037	0.0340819	0.0340901	0.00479892	0.0526905
172	0.152317	0.0704315	0.00791291	0.0109888	0.0654242	0.0153097	0.0121377	0.100664	0.0276072	0.154396	0.0186911	0.0127607	0.00760084	0.0154994	0.0246994	0.0292774	0.0731625	0.168514	0.0046738	0.0279322
173	0.0551302	0.0233576	0.0040492	0.00428201	0.0155592	0.0108591	0.0122077	0.30203	0.0205929	0.134925	0.0225746	0.0112045	0.00513528	0.0248259	0.0433888	0.0186811	0.0389121	0.237183	0.00143453	0.0136663
174	0.136619	0.00811021	0.0680768	0.141295	0.0106892	0.0230368	0.0218743	0.0288539	0.111046	0.041974	0.0133783	0.0318717	0.0287477	0.0627263	0.0911802	0.065043	0.0526299	0.0494092	0.00246237	0.0109765
175	0.138785	0.0151896	0.0207356	0.0121685	0.10767	0.0131869	0.0370425	0.110819	0.0517994	0.117305	0.020912	0.0158397	0.00847414	0.0228014	0.0284618	0.0502608	0.0848114	0.0946817	0.014687	0.034369
176	0.101336	0.0221597	0.00889655	0.00752872	0.111277	0.0113214	0.0123591	0.11895	0.0206565	0.21361	0.0326907	0.0110432	0.00833098	0.0147741	0.0382202	0.0284284	0.0473508	0.16102	0.0058919	0.024154
177	0.0644622	0.00796436	0.0228208	0.0285023	0.00984817	0.0469609	0.0182583	0.0350216	0.0524899	0.0670752	0.00959341	0.025191	0.340736	0.0296052	0.0648885	0.0780651	0.0445893	0.0385581	0.00440897	0.0109603
178	0.023748	0.0150616	0.0260746	0.00614112	0.239988	0.00824288	0.0275421	0.0294858	0.00961373	0.0980604	0.00790502	0.0142273	0.00522335	0.0387939	0.0204764	0.0555435	0.0231608	0.0440539	0.0224813	0.284177
179	0.0392232	0.00543411	0.0159302	0.0346569	0.00175402	0.0423535	0.0422323	0.0113371	0.227436	0.0136041	0.0050367	0.0322124	0.0170112	0.0776048	0.280285	0.0460633	0.0717452	0.0282813	0.00151567	0.00628281
180	0.0442632	0.0223807	0.00289127	0.00316061	0.0133981	0.00902214	0.00642487	0.333688	0.0123119	0.129059	0.0265943	0.0092607	0.00281166	0.0137835	0.0242816	0.0177741	0.0418431	0.272295	0.00103929	0.0137158
181	0.0586397	0.0187486	0.0710013	0.024912	0.0176929	0.0261777	0.106604	0.0251843	0.0760006	0.0724141	0.0188707	0.0331098	0.0148426	0.0493235	0.0466808	0.135889	0.143553	0.0352062	0.00745943	0.0176905
182	0.0359642	0.00677029	0.017041	0.0283212	0.00255939	0.0570826	0.0720765	0.0109391	0.218122	0.0147026	0.00501801	0.0312704	0.0159941	0.085841	0.239815	0.0554631	0.0696805	0.0229271	0.00309334	0.00731909
183	0.0415067	0.0223386	0.00242619	0.00222423	0.0113715	0.00843906	0.00552554	0.346123	0.0113585	0.125556	0.0261264	0.00873019	0.00206717	0.0136395	0.023612	0.016981	0.0398668	0.278507	0.000834394	0.012766
184	0.0278839	0.00589452	0.00971254	0.00595861	0.0467635	0.0139083	0.00866697	0.0867425	0.0175858	0.434678	0.064569	0.00978081	0.0312692	0.0135666	0.05632	0.0407122	0.0196488	0.0910618	0.00583742	0.00944006
185	0.0907361	0.0188498	0.0416775	0.0460365	0.0716276	0.0290052	0.0299653	0.0559539	0.0813496	0.0656645	0.0173447	0.0298837	0.0174751	0.0403451	0.0576819	0.0784549	0.125778	0.0679134	0.00877792	0.0254798
186	0.0774411	0.0126105	0.125267	0.1271	0.0188212	0.0354351	0.0282806	0.0245892	0.0614581	0.0290053	0.00995052	0.0458683	0.0202728	0.0665206	0.0574459	0.0942862	0.108994	0.0370606	0.00386646	0.0157271
187	0.0674061	0.0178373	0.111824	0.0887577	0.0133348	0.0399206	0.0360672	0.0206645	0.0840528	0.0334161	0.0117998	0.0978716	0.0285171	0.0687511	0.112458	0.0562744	0.0523747	0.0285531	0.0056464	0.0244725
188	0.0642627	0.0104302	0.0745268	0.0608417	0.0109096	0.111693	0.0261166	0.0236033	0.0667084	0.0350301	0.0103413	0.042325	0.124782	0.0429925	0.0660101	0.118681	0.0636105	0.0290815	0.0053571	0.012697
189	0.0738529	0.021261	0.012274	0.0113817	0.0277457	0.015607	0.017477	0.194837	0.0511131	0.123739	0.0414133	0.0159245	0.00788984	0.0182046	0.0321919	0.0420276	0.0818514	0.187974	0.00663758	0.0165966
190	0.110117	0.0272343	0.0695119	0.159816	0.0113341	0.0267841	0.0476634	0.0210629	0.0727242	0.0338994	0.00955262	0.0360792	0.0247775	0.0950677	0.0936472	0.0562471	0.047773	0.027895	0.00536568	0.0234477
191	0.052091	0.0184097	0.0302676	0.0227905	0.174458	0.0162878	0.0229562	0.0541663	0.0237904	0.11729	0.0179407	0.0210158	0.0131158	0.0371877	0.0320488	0.0598561	0.0462686	0.0756262	0.0152972	0.149136
192	0.127104	0.0703665	0.0129037	0.0126894	0.0265243	0.0210782	0.0120981	0.0780484	0.0238706	0.0885332	0.0168764	0.0183036	0.0100621	0.0162066	0.0247246	0.0616951	0.197967	0.162451	0.0033202	0.0151767
193	0.0479419	0.0192977	0.212151	0.0683104	0.0398603	0.0262503	0.030177	0.0160922	0.0337271	0.0297299	0.00951342	0.156668	0.0118868	0.0783965	0.0355901	0.0794753	0.0488713	0.0237063	0.00997741	0.0223763
194	0.0538453	0.0170136	0.0172649	0.0242006	0.00681846	0.0340691	0.0529785	0.0259224	0.0906714	0.0664587	0.0098012	0.0244543	0.085515	0.0918968	0.256794	0.0439176	0.0444482	0.0243252	0.0172056	0.0123993
195	0.102348	0.00853324	0.0341119	0.0495285	0.0621485	0.0269691	0.0268677	0.0403887	0.111465	0.0741017	0.0119846	0.0249607	0.0759842	0.0650334	0.113005	0.0671856	0.0514024	0.0355923	0.00490494	0.0134846
196	0.0666473	0.0414786	0.0478139	0.096837	0.0113373	0.0529159	0.0276213	0.0476867	0.0726261	0.0371041	0.00837307	0.0281464	0.0254017	0.0807503	0.127537	0.127997	0.0488064	0.0277128	0.00863232	0.0145741
197	0.0674414	0.0112021	0.0681372	0.0473173	0.0091235	0.0874035	0.0803329	0.0145274	0.0805719	0.0284211	0.0124801	0.0654722	0.018687	0.0794439	0.138124	0.0441783	0.0714985	0.0251012	0.00681574	0.0437209
