219	20
1	0.179501	0.0881472	0.00648661	0.00324996	0.0126063	0.0112851	0.00453817	0.10964	0.0040576	0.171798	0.0837167	0.00790488	0.0300274	0.017572	0.00459839	0.0519243	0.0764347	0.111671	0.00549834	0.0193425
2	0.0209661	0.003213	0.210053	0.39198	0.0124013	0.0155266	0.0169764	0.0144871	0.0265077	0.0157414	0.00695345	0.0580983	0.00598269	0.0707837	0.00568133	0.0581111	0.0488206	0.0119177	0.0011526	0.00464624
3	0.0206398	0.0039675	0.0147525	0.040314	0.00749242	0.0136253	0.0285932	0.014861	0.363533	0.0205859	0.0162464	0.0322825	0.00672679	0.0757937	0.221758	0.0508554	0.0411293	0.0159153	0.000297617	0.0106306
4	0.00690161	0.0368999	0.0022727	0.00622784	0.078915	0.00499115	0.272314	0.0147966	0.0206536	0.0162325	0.00272469	0.0110304	0.00250742	0.00396941	0.00293273	0.00819171	0.0162247	0.00855395	0.00140972	0.48225
5	0.0434622	0.0175389	0.0154359	0.0307159	0.00441927	0.0209339	0.0301109	0.0138767	0.243227	0.0206242	0.00958576	0.0489222	0.0122289	0.0653959	0.232012	0.0800648	0.0761401	0.0282529	0.000620307	0.00643201
6	0.171246	0.0228939	0.0167255	0.014834	0.00352734	0.0311214	0.0106726	0.0126973	0.012006	0.025253	0.00530513	0.0226927	0.449994	0.0126658	0.0196378	0.0959288	0.0302077	0.0378847	0.000794023	0.00391175
7	0.0300501	0.0123073	0.0140634	0.0199183	0.00328987	0.0270635	0.0211359	0.00763948	0.275654	0.0111084	0.0119307	0.0509113	0.0133538	0.0582894	0.274962	0.0673474	0.0658028	0.0295045	0.00060965	0.00505814
8	0.0932343	0.00979099	0.0243635	0.0524282	0.00333136	0.00384367	0.00591093	0.00931072	0.0392388	0.0100503	0.00521939	0.0629311	0.00232233	0.0630793	0.0253454	0.385175	0.187579	0.0105524	0.000472443	0.00582114
9	0.00247368	0.00761394	0.000686856	0.00285839	0.142635	0.00162681	0.0025824	0.191259	0.00123894	0.455408	0.0802298	0.00551879	0.0051379	0.00822561	0.000921187	0.00232074	0.00419906	0.0695915	0.000232955	0.01524
10	0.00963848	0.00445714	0.0320044	0.00417407	0.0164465	0.0239804	0.0524094	0.0200134	0.0538585	0.125082	0.0310388	0.139793	0.00258647	0.122393	0.239158	0.0277409	0.00920715	0.0370739	0.00104292	0.0479021
11	0.00454784	0.00811479	0.00078559	0.00297393	0.136441	0.00165028	0.00289329	0.179725	0.00154116	0.470012	0.0810653	0.00514283	0.00470728	0.00780607	0.00111297	0.00318139	0.00497077	0.0674841	0.000196847	0.0156466
12	0.018604	0.00370806	0.014499	0.0390794	0.00774518	0.0130372	0.0294851	0.0168684	0.372903	0.0207715	0.0171709	0.0301749	0.00601768	0.0764444	0.213482	0.0512714	0.0415057	0.0156655	0.000256338	0.0113105
13	0.10773	0.00613296	0.00410526	0.0219245	0.0211197	0.00418162	0.00641506	0.00676694	0.16577	0.0249255	0.0045671	0.163489	0.00328178	0.0243371	0.0952025	0.276951	0.0141386	0.0269832	0.00132038	0.0206566
14	0.00243859	0.00898498	0.000487456	0.00261291	0.100044	0.00129755	0.00261416	0.175379	0.000745135	0.509932	0.100143	0.00437029	0.00515695	0.00922111	0.000748447	0.00167593	0.00456014	0.0578733	0.000168596	0.0115463
15	0.0125199	0.0211394	0.269909	0.15458	0.00363535	0.0881689	0.0167869	0.0060348	0.0521954	0.00559081	0.00247212	0.18275	0.0067365	0.0166131	0.0333366	0.0831139	0.0294486	0.0125756	0.000672099	0.00172071
16	0.00214543	0.0095899	0.000519057	0.00266465	0.109699	0.0013311	0.00248227	0.183782	0.000745833	0.487732	0.098942	0.00497191	0.00633095	0.00886858	0.000789708	0.00184051	0.00498865	0.0599764	0.000178198	0.0124212
17	0.188652	0.0441619	0.0111555	0.0110731	0.00468553	0.0358324	0.00604331	0.00984898	0.00655823	0.0285181	0.00868954	0.0157523	0.457541	0.00696158	0.0151758	0.0835775	0.028948	0.0328764	0.0010509	0.00289783
18	0.0691554	0.0197566	0.0380276	0.050285	0.0322538	0.0226119	0.145661	0.027275	0.0577407	0.0411663	0.0150871	0.106908	0.0266475	0.0544274	0.0527313	0.0783688	0.0440248	0.0381377	0.00587932	0.0738543
19	0.0343751	0.0273673	0.00162443	0.00394063	0.0213863	0.00171628	0.00485095	0.205877	0.00417704	0.31005	0.152018	0.00462036	0.00346179	0.00625293	0.0042135	0.0335992	0.0504733	0.119935	0.00232948	0.00773117
20	0.0028545	0.00935419	0.000530538	0.00255941	0.100362	0.00120386	0.00265128	0.17284	0.000724439	0.509465	0.102569	0.00435042	0.00513308	0.00892907	0.000725311	0.00201672	0.00503176	0.0571906	0.000176442	0.0113316
21	0.0111529	0.0047689	0.00256452	0.00636809	0.385762	0.0036436	0.00427671	0.144909	0.00524569	0.131086	0.0414657	0.00523346	0.0026202	0.00786848	0.00450013	0.0103173	0.00874068	0.211977	0.000908513	0.00659157
22	0.00545724	0.0365454	0.00185052	0.00863334	0.145789	0.00681009	0.225095	0.00898098	0.017785	0.00951072	0.00209271	0.0153791	0.00270869	0.00340393	0.00265892	0.00628946	0.00983979	0.0099825	0.00162981	0.479558
23	0.114066	0.0211245	0.0422011	0.0438821	0.0145979	0.289582	0.0186707	0.0200665	0.0401405	0.0548694	0.0115651	0.0412786	0.018613	0.0378657	0.0413912	0.109463	0.0268389	0.0373221	0.00232785	0.0141336
24	0.16403	0.0225099	0.0153042	0.0140678	0.00299297	0.0225768	0.0113324	0.0167409	0.00988812	0.0486293	0.0102338	0.0295633	0.398889	0.0112021	0.0301969	0.0828047	0.0568091	0.0475283	0.000752837	0.00394841
25	0.122229	0.0106363	0.0125536	0.0224837	0.00375281	0.0276739	0.0112532	0.0106285	0.010225	0.0403057	0.00401885	0.0802554	0.377781	0.00935957	0.0401181	0.130844	0.0516752	0.0290263	0.000733115	0.0044464
26	0.13045	0.0224674	0.0409427	0.0459645	0.0148659	0.275593	0.0171607	0.0200295	0.0330914	0.0603578	0.0118226	0.0413551	0.0192661	0.0342077	0.032322	0.113058	0.0279364	0.0376831	0.00233021	0.0190964
27	0.192061	0.0671021	0.00143148	0.01458	0.00152648	0.0380635	0.0195395	0.00337362	0.00226316	0.0101671	0.00829658	0.00851988	0.00490996	0.0140395	0.00569872	0.526221	0.0652611	0.0151861	0.000422895	0.00133637
28	0.103905	0.0215828	0.0970427	0.0783555	0.0127691	0.2192	0.0143369	0.0222224	0.0329204	0.0886482	0.0132555	0.047005	0.0220784	0.0363537	0.0198113	0.09098	0.026099	0.0363856	0.00263111	0.0144172
29	0.032345	0.0123387	0.0135129	0.0268787	0.00558727	0.0202968	0.0286996	0.0130722	0.281555	0.0164919	0.0131274	0.0394242	0.0300756	0.0656333	0.250298	0.058263	0.0496364	0.0261638	0.00109941	0.0155007
30	0.0270866	0.00964304	0.0126255	0.0290356	0.00711301	0.0124395	0.0400764	0.0166877	0.324061	0.0175766	0.0271068	0.0278825	0.0161675	0.0593153	0.223911	0.0554506	0.0364772	0.0185341	0.0010902	0.0377201
31	0.167453	0.0283447	0.0209652	0.0288432	0.00702035	0.0283977	0.0169151	0.0268968	0.0210272	0.0507746	0.0171688	0.0302454	0.277529	0.0254155	0.0249217	0.0881139	0.0852359	0.0462329	0.00156372	0.00693488
32	0.0489825	0.0580143	0.0102965	0.0167371	0.0224416	0.0143277	0.0140198	0.112025	0.0315752	0.209274	0.0419418	0.018789	0.0145818	0.0207303	0.1222	0.0369425	0.042348	0.145599	0.00245751	0.0167165
33	0.0537657	0.029386	0.0011162	0.00161311	0.0015771	0.00143107	0.00178123	0.256941	0.00481885	0.0339531	0.0130003	0.00173519	0.00119578	0.00248733	0.00145205	0.0164135	0.0377487	0.537934	0.000361684	0.00128847
34	0.0593422	0.00350603	0.00236563	0.023221	0.0197919	0.00213629	0.0110716	0.0734127	0.0423362	0.26762	0.19555	0.0130618	0.00183347	0.0554568	0.0575256	0.0281773	0.0633219	0.0477929	0.0118464	0.0206304
35	0.494258	0.123161	0.0042593	0.0036465	0.0064397	0.106754	0.0215542	0.0184029	0.00590289	0.063687	0.00782509	0.00538406	0.00888162	0.00655893	0.00507125	0.0511106	0.0338912	0.0296388	0.000704897	0.00286775
36	0.00153237	0.00883371	0.000486491	0.00269227	0.110591	0.00127606	0.00247856	0.1854	0.00073487	0.489732	0.0962877	0.00501716	0.00588064	0.00884489	0.000735652	0.00158133	0.00464105	0.0604575	0.000174325	0.0126225
37	0.00790254	0.00972336	0.00067724	0.00401712	0.0274294	0.00179155	0.00354142	0.376722	0.00471857	0.261653	0.0526092	0.00253924	0.0022446	0.00559942	0.00503562	0.00940498	0.0200325	0.198621	0.00101249	0.00472452
38	0.0238288	0.00551257	0.0141555	0.0362826	0.00630904	0.0170348	0.0278722	0.0127222	0.345763	0.0173688	0.0142029	0.0368029	0.00903432	0.0733835	0.237289	0.0510518	0.044338	0.0175261	0.000343427	0.00917836
39	0.109317	0.00383503	0.0384458	0.231548	0.00368889	0.0208714	0.0259975	0.0161699	0.117364	0.0122941	0.00757998	0.0366893	0.0219255	0.143111	0.0929789	0.0776885	0.0160541	0.0170171	0.00105635	0.00636793
40	0.00331954	0.00529015	0.000613714	0.00299851	0.0147008	0.00244268	0.00117711	0.533542	0.00151466	0.175725	0.0368401	0.00106793	0.00317985	0.00382785	0.00120715	0.00328216	0.00595332	0.201615	0.000708029	0.00099385
41	0.00558359	0.0357991	0.00155253	0.00945313	0.20018	0.0083447	0.17808	0.00628709	0.0112121	0.00736974	0.00235235	0.0179254	0.00301207	0.00346765	0.00255796	0.00562423	0.00692022	0.0127215	0.00133025	0.480226
42	0.0748757	0.0180601	0.0463456	0.0492669	0.0114852	0.194275	0.0232132	0.0196405	0.133944	0.0490569	0.0125435	0.0487638	0.0138366	0.0475026	0.0892298	0.0824442	0.0354007	0.0314578	0.00234792	0.0163098
43	0.126408	0.00197365	0.0488213	0.0154696	0.00200569	0.0068677	0.0281835	0.0324315	0.021135	0.0238006	0.00229556	0.0195574	0.354415	0.0210939	0.0102916	0.180093	0.0334407	0.0656484	0.000400247	0.00566834
44	0.199471	0.00629692	0.0205121	0.0327935	0.00419176	0.276997	0.00451638	0.00871796	0.0111409	0.0455941	0.00567026	0.0624878	0.00795126	0.0384468	0.00546878	0.197204	0.0202818	0.0476367	0.000894065	0.00372658
45	0.178571	0.00727986	0.004001	0.00523816	0.00393649	0.00493406	0.00505951	0.0335107	0.00601747	0.0111754	0.00607156	0.0054529	0.00339508	0.00677086	0.00521533	0.0452263	0.0419716	0.621377	0.000981221	0.00381488
46	0.0709539	0.00682381	0.246528	0.0885277	0.0328148	0.00735627	0.0358064	0.0120291	0.0100252	0.0674048	0.00787276	0.0357228	0.0053915	0.091852	0.0320283	0.0740572	0.0126745	0.0148573	0.031342	0.115931
47	0.0189507	0.00430256	0.0144806	0.0373807	0.00720548	0.0137805	0.0288265	0.0153813	0.366029	0.0197817	0.0164496	0.0322995	0.00672304	0.0747854	0.221279	0.0515794	0.0434678	0.0164577	0.000307132	0.0105321
48	0.0772931	0.0218679	0.0236987	0.0100907	0.00685576	0.00326192	0.00374725	0.17784	0.0105505	0.197385	0.0604359	0.00795116	0.0358911	0.0276595	0.00842916	0.0669031	0.090861	0.162929	0.00123037	0.00511912
49	0.018229	0.00368581	0.0147578	0.0392165	0.00771484	0.0130743	0.0292407	0.0157949	0.372479	0.0204527	0.0171271	0.0306565	0.00614508	0.0760626	0.215946	0.0508989	0.0413785	0.015843	0.000256583	0.0110398
50	0.0239867	0.0150294	0.00347188	0.0128152	0.0173724	0.000841881	0.00767666	0.243573	0.0138189	0.230657	0.0875922	0.0096131	0.00162506	0.00986458	0.0108147	0.0325278	0.0501766	0.214623	0.00252556	0.011394
51	0.0468917	0.021456	0.194142	0.308244	0.0069755	0.0408144	0.0133959	0.0601725	0.0653842	0.0171335	0.00936572	0.0427934	0.0053204	0.0465618	0.0101726	0.0574316	0.0276381	0.018834	0.00110049	0.00617253
52	0.0733488	0.00848944	0.00971408	0.038678	0.00544253	0.0271658	0.0500827	0.0693017	0.0785258	0.0345177	0.0282636	0.0786705	0.0883238	0.156761	0.0184199	0.101381	0.0642875	0.0629324	0.00130377	0.00438956
53	0.0491231	0.0170368	0.060917	0.0759855	0.00456996	0.025274	0.0327053	0.0168546	0.181905	0.0208103	0.0071405	0.0651522	0.0304169	0.0661918	0.126906	0.0818396	0.0920241	0.040656	0.000616941	0.00387372
54	0.0151048	0.0161489	0.000607696	0.00557168	0.0205956	0.000918388	0.00759534	0.275176	0.00983361	0.253727	0.0717873	0.00385355	0.000839457	0.00567325	0.0100751	0.020131	0.0427707	0.230215	0.00166605	0.00770972
55	0.0178141	0.00291569	0.213162	0.408916	0.00920714	0.01303	0.015926	0.0164191	0.0263371	0.0110693	0.0076425	0.054364	0.00444183	0.0746804	0.00382351	0.05632	0.0476725	0.0142078	0.000268175	0.00178228
56	0.0185584	0.019729	0.000663431	0.00590043	0.0171396	0.000683175	0.00962464	0.274947	0.00663607	0.224496	0.0892244	0.00535015	0.000709157	0.00432186	0.00615026	0.0272544	0.0350915	0.239303	0.00281454	0.011403
57	0.170455	0.00593843	0.0257023	0.00820833	0.00672235	0.027172	0.0146307	0.0110667	0.0119683	0.0342305	0.0307601	0.233716	0.0338993	0.0606413	0.0287478	0.140219	0.0736035	0.0740763	0.00122034	0.00702164
58	0.0199905	0.0178742	0.000903841	0.00639778	0.0177935	0.000681277	0.00849319	0.261494	0.00769069	0.222759	0.0922507	0.00543879	0.000697307	0.00493358	0.00725156	0.0274363	0.0425031	0.241378	0.00264623	0.0113872
59	0.0159817	0.0151378	0.00085918	0.00562226	0.0243956	0.00102589	0.00597158	0.247457	0.0136963	0.264416	0.062091	0.00332584	0.000960344	0.00654566	0.0172306	0.0167636	0.0496604	0.241651	0.00121015	0.0059972
60	0.140268	0.0460109	0.00183064	0.0240937	0.00205856	0.0358832	0.0122315	0.00367754	0.00312398	0.00816916	0.00570553	0.00755944	0.0107985	0.0335598	0.0115509	0.578516	0.0493666	0.0231037	0.000491554	0.00200057
61	0.0495426	0.0108755	0.0493585	0.0517098	0.00565629	0.0147997	0.0131165	0.0100874	0.026657	0.0167686	0.00724746	0.065428	0.0185275	0.0268693	0.0258665	0.389255	0.190065	0.0214697	0.000796365	0.00590279
62	0.172599	0.00501859	0.0332898	0.010599	0.00409554	0.00872908	0.0452882	0.0308661	0.0282815	0.067809	0.0075614	0.185112	0.177733	0.0178456	0.0117215	0.0965966	0.0392208	0.0526121	0.00101942	0.00400144
63	0.00520434	0.0355452	0.00149905	0.00974586	0.185368	0.00796131	0.188123	0.00662056	0.0118808	0.00734818	0.00212159	0.0186725	0.00277812	0.0031667	0.00238955	0.00547989	0.00721254	0.0113374	0.00133772	0.486208
64	0.0146511	0.0318258	0.00529634	0.0150673	0.112561	0.00743606	0.23053	0.0170617	0.0279976	0.0219792	0.0063132	0.0195116	0.00326395	0.0109193	0.0107685	0.0141699	0.0155554	0.0163883	0.00302359	0.415681
65	0.00911596	0.0125262	0.000629453	0.00453808	0.0326966	0.00161083	0.00471914	0.319985	0.00666116	0.293823	0.0610191	0.00312944	0.00190126	0.00751562	0.00727514	0.011951	0.0279256	0.186072	0.000916568	0.00598948
66	0.0294897	0.0032038	0.181054	0.401709	0.00959998	0.0107588	0.0149587	0.0190794	0.0409358	0.0207017	0.0179473	0.037432	0.00408558	0.0890542	0.00751802	0.0498321	0.0358222	0.0213507	0.000683508	0.00478338
67	0.00422914	0.0100318	0.00045524	0.00318166	0.082829	0.00137082	0.00337721	0.216556	0.00188705	0.434201	0.0990269	0.00428304	0.00450263	0.00925592	0.00170279	0.00553108	0.0100746	0.0961878	0.000419905	0.0108966
68	0.102802	0.0250411	0.0141959	0.0415338	0.00487693	0.00863094	0.00885414	0.0325367	0.0291759	0.0152638	0.0100038	0.0811622	0.00289876	0.0499442	0.022294	0.277213	0.229422	0.0371464	0.00103616	0.00596874
69	0.221648	0.0625682	0.00909988	0.00682262	0.00522804	0.0388898	0.00554467	0.0172771	0.00358579	0.0751727	0.024193	0.0150398	0.366849	0.00697687	0.0140958	0.0557652	0.0359074	0.0317955	0.000914446	0.00262665
70	0.143229	0.0172569	0.12791	0.0906076	0.00765339	0.169471	0.0111744	0.0185031	0.0332386	0.034677	0.00880463	0.0635802	0.0275488	0.0380538	0.015443	0.0879377	0.0291203	0.0656802	0.00198854	0.00812215
71	0.0270007	0.00999452	0.0115876	0.0209228	0.00409277	0.0194169	0.0153003	0.00736845	0.24745	0.0162846	0.0115986	0.0369171	0.0104794	0.0436277	0.349518	0.0519479	0.0723115	0.0341859	0.00266682	0.00732828
72	0.125737	0.00593668	0.0172596	0.0283543	0.0536359	0.00339323	0.0599798	0.155003	0.0111691	0.160858	0.0291148	0.0105923	0.00321617	0.0197469	0.00472769	0.0618616	0.0343516	0.105789	0.0423286	0.0669451
73	0.0298128	0.0189421	0.000775807	0.00122497	0.00201736	0.000982877	0.00129099	0.279849	0.00304538	0.0374947	0.0112224	0.00128608	0.000867802	0.00165433	0.00115689	0.0116262	0.0267056	0.568954	0.000246598	0.000844031
74	0.0243705	0.0147713	0.000788357	0.00116363	0.00319871	0.000984949	0.00121386	0.305499	0.00243786	0.0475876	0.0130634	0.00128397	0.00108612	0.00156137	0.000999249	0.0101552	0.0206851	0.548025	0.000307869	0.000816872
75	0.034622	0.0124202	0.00803969	0.0114891	0.00882115	0.00847553	0.0517091	0.0701801	0.016581	0.03073	0.195616	0.0205063	0.00908031	0.206434	0.0122184	0.151452	0.108913	0.0306008	0.00255984	0.0095523
76	0.0211633	0.0025722	0.199061	0.403149	0.00951401	0.0153895	0.0198613	0.0150486	0.0273457	0.0105377	0.00531733	0.0572457	0.00517943	0.0749741	0.00265459	0.0577731	0.0606694	0.0106471	0.000204196	0.00169273
77	0.0197651	0.0205033	0.000740425	0.005431	0.0143909	0.000697603	0.00863322	0.282502	0.00554884	0.207778	0.104002	0.00514011	0.000740064	0.00375864	0.00491298	0.0258003	0.0348296	0.240143	0.00334499	0.0113367
78	0.00312527	0.00490663	0.000626715	0.00284549	0.0146423	0.00238848	0.00102179	0.536598	0.00155313	0.165463	0.0330451	0.000984738	0.00348436	0.00339645	0.00127419	0.00312126	0.00553747	0.214404	0.000737369	0.000843944
79	0.0296064	0.00780311	0.0322684	0.0459958	0.00768579	0.0179174	0.0340214	0.01606	0.31879	0.0197705	0.0139993	0.0425008	0.00900381	0.0728108	0.199357	0.0568058	0.043126	0.0185493	0.00059115	0.0133367
80	0.0209648	0.00243105	0.195068	0.396868	0.00851592	0.0147765	0.0208139	0.0151044	0.0282481	0.0101227	0.00470665	0.0621974	0.00540556	0.0749066	0.00311399	0.0583821	0.0659796	0.0106489	0.000229774	0.00151602
81	0.0269504	0.0183942	0.00158081	0.00496213	0.00945188	0.00157395	0.00583353	0.291868	0.00482845	0.177851	0.148096	0.00531105	0.00173815	0.00432794	0.00423685	0.0276936	0.058646	0.196296	0.0026548	0.00770468
82	0.044541	0.031208	0.00311064	0.00303214	0.00502933	0.00239138	0.00297097	0.265952	0.00636675	0.0767768	0.027173	0.00309493	0.00358622	0.00518235	0.00373601	0.0294329	0.0618678	0.420255	0.000998217	0.00329504
83	0.00418555	0.00588333	0.000593616	0.00256198	0.0147864	0.00217974	0.00110615	0.52409	0.00162103	0.151897	0.0327922	0.0010885	0.00284461	0.00305073	0.00137791	0.00369072	0.00624621	0.23836	0.000719528	0.000924774
84	0.0217909	0.0136549	0.000764192	0.00119954	0.00365124	0.000986749	0.00118773	0.310269	0.00225791	0.0523708	0.0137073	0.00124697	0.00117073	0.00152717	0.00104809	0.00931148	0.0197872	0.542934	0.000335603	0.000799135
85	0.0028543	0.00589397	0.0005927	0.00308066	0.0380832	0.00255399	0.00148251	0.452927	0.00178767	0.254296	0.0460315	0.00200416	0.00344761	0.00547034	0.00162347	0.00280578	0.00685742	0.163807	0.000540037	0.0038602
86	0.0695977	0.0238499	0.00716629	0.00864471	0.0271793	0.00521659	0.0750402	0.00877635	0.0362578	0.0104766	0.042565	0.144163	0.00485877	0.0883327	0.0436931	0.18266	0.128364	0.0586804	0.000834096	0.0336445
87	0.0167182	0.0240356	0.269597	0.167084	0.0028272	0.124573	0.0106701	0.00820292	0.0573302	0.00638422	0.00285639	0.168558	0.00396029	0.0168917	0.0240559	0.0576163	0.01793	0.0178901	0.000672772	0.00214675
88	0.587638	0.0556776	0.00373189	0.00469033	0.00353812	0.0802979	0.0148921	0.0263339	0.00602381	0.0380658	0.00438746	0.00517271	0.00351698	0.00574414	0.00434464	0.0489132	0.0340841	0.068946	0.000803096	0.00319806
89	0.0178855	0.00758318	0.221304	0.339348	0.00667924	0.0436466	0.0193207	0.0118902	0.0350665	0.00877819	0.00408668	0.0958809	0.00502893	0.0551646	0.00996281	0.0567609	0.0482405	0.0114036	0.000328199	0.00164077
90	0.023276	0.00350435	0.0158623	0.0424568	0.00782926	0.0138419	0.0304922	0.0153456	0.366126	0.0203867	0.0161791	0.031598	0.00623696	0.0775462	0.212859	0.0513189	0.0386254	0.0148968	0.00026304	0.0113549
91	0.0157145	0.0134106	0.00213231	0.00477921	0.0654994	0.00173655	0.00502737	0.191279	0.00555124	0.397693	0.113653	0.00561073	0.00402583	0.0106954	0.00572548	0.0129556	0.0217352	0.109196	0.00210437	0.0114749
92	0.0188488	0.005783	0.00919103	0.00888014	0.00297358	0.0201542	0.00821636	0.00356761	0.0128992	0.0102327	0.00258115	0.0578285	0.00582821	0.00442418	0.0127518	0.514958	0.287954	0.0105065	0.000488195	0.0019332
93	0.0224689	0.00509449	0.0106874	0.0421106	0.0101041	0.0107337	0.0214549	0.0122143	0.307712	0.0332615	0.0139483	0.0347556	0.00581009	0.0628045	0.294138	0.0426772	0.0420332	0.0169287	0.00131572	0.00974643
94	0.021898	0.00244393	0.195096	0.398807	0.00863615	0.0158198	0.0206327	0.0148286	0.0274927	0.0104792	0.00483699	0.0602363	0.00626949	0.0749972	0.00302844	0.0579145	0.0639562	0.0106839	0.000244269	0.00169858
95	0.440966	0.0402173	0.0119359	0.0162404	0.00532292	0.156167	0.0126604	0.0192752	0.00954622	0.0421641	0.00622368	0.0180842	0.0101749	0.015377	0.00753732	0.0818691	0.0311151	0.0693595	0.000948788	0.00481451
96	0.0577842	0.0183824	0.0447568	0.0941798	0.0186813	0.0243852	0.0306938	0.0333581	0.0994888	0.0527134	0.0324021	0.0412313	0.0187969	0.16061	0.0808492	0.0729403	0.0478313	0.0405049	0.00455	0.0258601
97	0.255005	0.0101528	0.0078429	0.0106272	0.039223	0.00980828	0.0958758	0.0132533	0.0159822	0.0176391	0.0121048	0.126091	0.00610452	0.157393	0.0138468	0.103617	0.0342028	0.02588	0.00228791	0.0430621
98	0.220039	0.0138197	0.0122006	0.016743	0.00808397	0.286822	0.00550231	0.0120126	0.0129023	0.108782	0.00540807	0.0242329	0.00490114	0.0227179	0.00447537	0.19778	0.0128499	0.026148	0.000860502	0.00371858
99	0.00970908	0.0107665	0.00149648	0.00504222	0.0531535	0.0017119	0.0044748	0.303057	0.00501677	0.298262	0.0684247	0.004854	0.00374442	0.00694616	0.0040136	0.0119429	0.0183938	0.179435	0.0012939	0.0082609
100	0.0292669	0.00952583	0.0111074	0.0283816	0.00591087	0.0143009	0.0239523	0.0122289	0.274402	0.0210634	0.0129644	0.0333709	0.00760419	0.0548355	0.320302	0.0505263	0.0466631	0.0229068	0.00237417	0.018312
101	0.0445801	0.0151517	0.0112094	0.0270154	0.0138714	0.0153301	0.0277433	0.0235304	0.171446	0.0425738	0.0197044	0.0295118	0.0115477	0.0405421	0.291244	0.0483043	0.039938	0.0345028	0.0549482	0.0373058
102	0.0941912	0.0293678	0.0086739	0.0111409	0.0146126	0.00764832	0.00770037	0.183115	0.0119217	0.172984	0.0636201	0.0129757	0.0122874	0.0153872	0.00987448	0.0560536	0.0880149	0.181951	0.00533588	0.013144
103	0.0183677	0.0163348	0.0018122	0.00480479	0.0585189	0.00201514	0.00434366	0.223056	0.0044312	0.357072	0.124104	0.0053199	0.00510978	0.00922774	0.00416423	0.019348	0.0248448	0.104933	0.00171475	0.0104777
104	0.0261857	0.0039304	0.201335	0.392108	0.00927099	0.0203539	0.0172075	0.0164103	0.0304738	0.0132837	0.00743919	0.0572499	0.00816573	0.0695704	0.00610487	0.0575986	0.0470596	0.0130759	0.000518731	0.00265742
105	0.0513291	0.0309532	0.0166055	0.0376957	0.00553053	0.0154906	0.0362121	0.0248696	0.205187	0.038219	0.00837885	0.0562294	0.0131762	0.0742926	0.179974	0.0819337	0.083317	0.0348275	0.000819249	0.00495939
106	0.00858159	0.0333347	0.00299043	0.0112067	0.189283	0.0167346	0.171505	0.011504	0.014043	0.0167376	0.00536993	0.0177566	0.00389632	0.00527862	0.00503275	0.00831285	0.00883127	0.0162105	0.00159641	0.451794
107	0.110727	0.0116194	0.00438369	0.00818806	0.00422398	0.00676519	0.00662139	0.176638	0.0071894	0.0225979	0.0969478	0.0285524	0.00404196	0.0111656	0.00612873	0.209149	0.208731	0.0705296	0.0013033	0.00449655
108	0.0879298	0.010362	0.00884682	0.0117765	0.0217324	0.00477829	0.0253136	0.00626003	0.0368693	0.0094377	0.0160549	0.155965	0.00345442	0.0486872	0.0518985	0.263534	0.163985	0.0468187	0.000763745	0.0255316
109	0.0647788	0.0469927	0.00279841	0.00565714	0.0143159	0.00310048	0.00771046	0.208515	0.00508841	0.219082	0.112012	0.00652436	0.00604757	0.00879202	0.00454755	0.0377278	0.044842	0.174546	0.0121986	0.0147227
110	0.0207128	0.00478365	0.0111281	0.0306461	0.00617353	0.0128418	0.0215114	0.0113647	0.320808	0.0186903	0.0146516	0.0280464	0.00666254	0.0586105	0.312009	0.0435438	0.0441495	0.0204523	0.00166779	0.0115466
111	0.00204124	0.00742009	0.000600333	0.00266442	0.130804	0.00157043	0.00233208	0.200822	0.00102973	0.457965	0.0788884	0.00566662	0.004928	0.00790882	0.000966917	0.00215936	0.00439736	0.0725723	0.000168779	0.015095
112	0.00487528	0.00517935	0.000617164	0.00230858	0.0174571	0.00194186	0.000854137	0.515027	0.0011408	0.132043	0.0288866	0.00113068	0.00292592	0.00253322	0.000845935	0.00359075	0.00504328	0.27191	0.000651639	0.00103787
113	0.00370215	0.0100965	0.000537425	0.00249009	0.0966018	0.00119082	0.00276394	0.168409	0.000825269	0.514494	0.105098	0.00423577	0.00501622	0.00880273	0.000892093	0.00267888	0.00551584	0.0554891	0.000195698	0.0109648
114	0.019147	0.0207391	0.000820564	0.00606809	0.016231	0.000699936	0.00990442	0.273023	0.00635621	0.220041	0.0912809	0.0056048	0.000931031	0.00427708	0.00573737	0.0299786	0.0342032	0.240074	0.0032923	0.0115899
115	0.340918	0.162336	0.00295547	0.00627332	0.00452634	0.056512	0.0141356	0.0166244	0.00559382	0.0409839	0.0108813	0.00687298	0.00268088	0.00663517	0.00403183	0.137123	0.115156	0.0596878	0.00092456	0.00514814
116	0.0199196	0.00268221	0.1936	0.384311	0.00777904	0.0147395	0.021843	0.0140126	0.0272589	0.0099656	0.00468182	0.0678196	0.0059145	0.0709186	0.00429828	0.0583119	0.0775742	0.0124644	0.000292817	0.00161235
117	0.0272854	0.00647943	0.0611499	0.0417473	0.0180608	0.00758393	0.0264623	0.00527338	0.0243243	0.00953389	0.00558305	0.139169	0.00632209	0.0182857	0.050835	0.392965	0.134839	0.0168315	0.000762572	0.00650637
118	0.0951743	0.0303698	0.0265859	0.0073453	0.00426571	0.00401594	0.00466803	0.201595	0.00711909	0.172994	0.0550666	0.00696601	0.0466807	0.0291803	0.00546176	0.0846197	0.0851603	0.126174	0.0014823	0.00507549
119	0.190824	0.0672645	0.00145513	0.0151667	0.00157057	0.038272	0.0192135	0.00341524	0.00210484	0.0100508	0.00831164	0.00807209	0.00519219	0.0145429	0.00583808	0.529003	0.0627407	0.0152104	0.000413717	0.00133786
120	0.0304887	0.0119318	0.0143856	0.0205311	0.00328954	0.0272742	0.0211263	0.00750512	0.27642	0.0109388	0.0116346	0.0506314	0.0134229	0.0586499	0.274902	0.0673185	0.064848	0.0289157	0.000595577	0.00519039
121	0.00385341	0.00559572	0.000590375	0.00289324	0.0147774	0.00223687	0.00134958	0.531503	0.00138739	0.162393	0.0374125	0.00118208	0.0030422	0.00329685	0.00104559	0.00377529	0.00582858	0.215906	0.000771765	0.00115948
122	0.0532176	0.0322297	0.003453	0.00437734	0.00907559	0.00270112	0.00470885	0.205203	0.00491784	0.266755	0.185723	0.00601601	0.00587892	0.00859025	0.00461604	0.0618786	0.0611168	0.0713773	0.00202899	0.00613454
123	0.172707	0.00347041	0.0880134	0.244145	0.00287102	0.121406	0.00339968	0.00528952	0.0201051	0.0342297	0.00338163	0.030874	0.105169	0.0399587	0.00348952	0.0723783	0.0202664	0.0186848	0.000842449	0.00931876
124	0.20828	0.0293531	0.0099231	0.00930518	0.00144203	0.0406757	0.00270939	0.00270202	0.00281033	0.0120998	0.00195531	0.0138357	0.511473	0.00269407	0.0127662	0.0840669	0.0219676	0.0300035	0.000329268	0.00160789
125	0.00412324	0.00661322	0.000620711	0.00336193	0.0161038	0.00256494	0.00181049	0.496686	0.00287561	0.202934	0.0373863	0.00129506	0.00279334	0.00469649	0.0028435	0.00446869	0.0117301	0.194857	0.000700968	0.00153371
126	0.0175271	0.00432268	0.0124111	0.0304844	0.00677981	0.0120439	0.0235034	0.0135967	0.36988	0.0188702	0.014916	0.0264756	0.0070449	0.106551	0.22642	0.0425611	0.0352025	0.0214696	0.000859869	0.00908037
127	0.0626405	0.00866115	0.0306278	0.0394191	0.0086088	0.0231865	0.0143745	0.0107635	0.0436852	0.0170499	0.00909939	0.0994803	0.0149684	0.0366398	0.0342276	0.374233	0.140046	0.0228283	0.000742429	0.00871816
128	0.0351166	0.0133274	0.011955	0.0275008	0.00893084	0.0207698	0.0232886	0.0147496	0.194885	0.0306436	0.0143186	0.0359811	0.0103145	0.0497495	0.349815	0.0568243	0.0435291	0.031981	0.00496746	0.0213523
129	0.112592	0.33035	0.0130723	0.0187314	0.0153908	0.0303867	0.0192476	0.0304225	0.0203438	0.0535208	0.0211788	0.0222588	0.0162483	0.0240655	0.0186473	0.0681553	0.113901	0.0522827	0.0045518	0.0146536
130	0.00319471	0.00809554	0.000821467	0.0052848	0.145747	0.00204162	0.00331317	0.176168	0.00203054	0.432356	0.090041	0.00458515	0.00505711	0.0110871	0.00137496	0.00344935	0.0048273	0.0847768	0.000290259	0.0154588
131	0.206598	0.135358	0.0179992	0.00443632	0.0187358	0.07166	0.0193772	0.0369497	0.00604158	0.176442	0.0662235	0.0190234	0.0871448	0.0121519	0.0191058	0.0276273	0.0394056	0.0311264	0.00110153	0.00349139
132	0.00373671	0.00477734	0.000603664	0.00244862	0.0139884	0.00213058	0.000784249	0.538795	0.00108229	0.142275	0.0309678	0.000959044	0.00314142	0.00274418	0.000801559	0.00309898	0.00442759	0.241834	0.000706166	0.000697395
133	0.0484594	0.0353187	0.0110858	0.0212087	0.0094026	0.0124934	0.0398655	0.0182445	0.183754	0.021715	0.0111247	0.059138	0.00889655	0.0443827	0.256441	0.0852075	0.0388246	0.0297311	0.00289871	0.061808
134	0.0299673	0.0193667	0.000779093	0.00122126	0.00193155	0.000985373	0.0012895	0.277728	0.00305647	0.0370406	0.0109676	0.00130858	0.000847428	0.00165582	0.00117729	0.0117787	0.0272089	0.570574	0.00025592	0.000859552
135	0.210076	0.0290237	0.0100017	0.00945693	0.00143339	0.0415235	0.00269874	0.00256201	0.00284219	0.0114859	0.00171324	0.0138707	0.509836	0.00262066	0.0128262	0.0845017	0.0216305	0.0299124	0.000354262	0.00163115
136	0.219779	0.0202405	0.00867145	0.00989642	0.012182	0.235959	0.00721746	0.0170297	0.0162918	0.162672	0.00678441	0.0172245	0.00499735	0.0210276	0.00579733	0.194032	0.0131182	0.0213663	0.00123047	0.00448289
137	0.0469914	0.0231265	0.0130628	0.0218015	0.168412	0.0181074	0.109674	0.0363197	0.0303438	0.0631838	0.0207308	0.0260274	0.126513	0.0349919	0.0225195	0.044361	0.0286593	0.0417041	0.00410092	0.119369
138	0.0175688	0.0016374	0.0142663	0.0139748	0.00435844	0.00953005	0.0105415	0.00258233	0.0158177	0.0080651	0.00228594	0.0734311	0.00679564	0.00712974	0.0214912	0.515015	0.260345	0.012267	0.000423578	0.00247352
139	0.188785	0.0800977	0.00154011	0.0137297	0.00164842	0.0353489	0.0198429	0.00359922	0.00236282	0.0100637	0.00762149	0.00992331	0.00469533	0.013328	0.00570247	0.52297	0.0614293	0.0152996	0.000446188	0.00156619
140	0.0160008	0.0224335	0.259743	0.144589	0.00205066	0.138119	0.00908031	0.00523071	0.070751	0.00514964	0.00270613	0.197531	0.00360875	0.0143236	0.0288634	0.0514516	0.0126552	0.0133071	0.000616768	0.0017894
141	0.0303519	0.0119605	0.0154525	0.0147687	0.0127577	0.216733	0.0600718	0.0194334	0.062747	0.0439285	0.0158995	0.0413785	0.00956693	0.0858773	0.210486	0.0380843	0.0210775	0.0273281	0.00262414	0.0594725
142	0.0274333	0.0129082	0.222697	0.141629	0.00739846	0.0467422	0.0180391	0.00932088	0.0416158	0.0111796	0.00467137	0.15571	0.0163244	0.0299568	0.036489	0.151985	0.0441686	0.0153769	0.00143718	0.00491611
143	0.0123599	0.0137064	0.00107709	0.00337237	0.0718955	0.00112684	0.00346761	0.17195	0.002738	0.457068	0.127026	0.00431035	0.0043138	0.00893048	0.00270419	0.0110325	0.0164799	0.0748951	0.00131845	0.0102264
144	0.047996	0.0165571	0.0189242	0.0301354	0.00951063	0.0224453	0.0279922	0.0184181	0.176401	0.0302852	0.0128913	0.0475365	0.0150104	0.0534807	0.251507	0.111672	0.0523282	0.0329636	0.00338662	0.020559
145	0.0194804	0.00377062	0.00952729	0.0339734	0.00671054	0.0101223	0.0185062	0.0102954	0.307548	0.0229959	0.0158984	0.024758	0.00510907	0.051243	0.340729	0.039476	0.0449459	0.0209207	0.00200817	0.0119819
146	0.542923	0.0819396	0.00172406	0.00383252	0.00206285	0.0800309	0.0185397	0.0164674	0.00290875	0.0277571	0.00574871	0.00380758	0.00166707	0.003474	0.00240737	0.107952	0.0574761	0.0369316	0.000454496	0.00189553
147	0.00240106	0.00607033	0.000548939	0.00316737	0.0450905	0.00316937	0.00154591	0.417021	0.00147076	0.300928	0.0531803	0.00213618	0.00357375	0.00693505	0.00140322	0.00224609	0.00630993	0.137719	0.000382974	0.00470112
148	0.00731516	0.0131477	0.000711234	0.00265339	0.0905616	0.00151852	0.00304363	0.16447	0.00124823	0.500894	0.113268	0.0041767	0.00470313	0.0084011	0.00103019	0.00693866	0.00866741	0.0554815	0.000285881	0.0114833
149	0.167037	0.0629331	0.0026826	0.00298245	0.0243131	0.010182	0.0028623	0.069005	0.00344618	0.145086	0.102423	0.0137741	0.00371962	0.0220642	0.00328979	0.105874	0.115712	0.086536	0.00807077	0.0480071
150	0.0801699	0.026853	0.00326357	0.00418311	0.0847587	0.00335667	0.00422337	0.0441983	0.00458243	0.601366	0.0491259	0.00468703	0.00317732	0.00606122	0.00393182	0.0242947	0.0223327	0.010955	0.000900367	0.0175787
151	0.026267	0.00389675	0.175323	0.380332	0.0152608	0.0130324	0.0184748	0.0185339	0.0487951	0.0150444	0.0101555	0.0442762	0.00552624	0.0903105	0.0140955	0.0538547	0.0437875	0.0170696	0.000610255	0.00535324
152	0.196569	0.0453281	0.00400948	0.00885628	0.00367774	0.0183418	0.00738478	0.0340556	0.00856896	0.033439	0.0281154	0.0132266	0.00279044	0.0109077	0.00485124	0.223541	0.255772	0.0947431	0.000928983	0.00489241
153	0.170482	0.0632556	0.00325638	0.00283588	0.0214758	0.0119769	0.00260005	0.0776799	0.00313109	0.149142	0.0958543	0.0114848	0.00648464	0.0252202	0.00284524	0.0988828	0.109646	0.0913099	0.00788125	0.0445555
154	0.077777	0.0365143	0.00366105	0.00537251	0.0028733	0.00513786	0.0765641	0.0350724	0.190399	0.00831491	0.00721666	0.00848564	0.0053947	0.0209952	0.284519	0.0494232	0.00826429	0.0245873	0.00306015	0.146368
155	0.167169	0.024824	0.00495272	0.0157139	0.0423055	0.00504715	0.0254613	0.0973417	0.00832827	0.145287	0.0736973	0.0112056	0.00197378	0.0279683	0.00355836	0.0707945	0.0648458	0.0924151	0.0527105	0.0644004
156	0.196175	0.0953527	0.00956393	0.00369178	0.00842859	0.0180131	0.00809147	0.0699829	0.00404146	0.197052	0.084762	0.00948636	0.120304	0.0184128	0.0100279	0.0271716	0.0669585	0.0446687	0.00213151	0.00568345
157	0.120076	0.00426639	0.123522	0.288936	0.00463487	0.0917972	0.00791508	0.00956857	0.0214429	0.0330711	0.0045284	0.0345924	0.0699517	0.0454119	0.00434171	0.0692101	0.0350393	0.0168848	0.000858153	0.0139517
158	0.0734467	0.0177825	0.0320866	0.0372728	0.0533706	0.0119554	0.0682711	0.057214	0.0372767	0.0783916	0.0249233	0.0266747	0.00685084	0.0362137	0.0262979	0.0487834	0.0348412	0.0459129	0.0931098	0.189324
159	0.0639107	0.00529893	0.043411	0.268976	0.00484148	0.00482784	0.0122316	0.0365488	0.103863	0.0407552	0.0487298	0.00862804	0.00519829	0.155903	0.04834	0.0355116	0.00916211	0.0934201	0.000905744	0.00953587
160	0.0527449	0.0044974	0.0290336	0.0661638	0.00431252	0.00338144	0.00383299	0.181465	0.0548508	0.206177	0.0403954	0.0412632	0.00526478	0.0210919	0.0292081	0.0526851	0.098385	0.0997315	0.000987058	0.0045278
161	0.0262814	0.0161331	0.0085765	0.0232287	0.172193	0.015348	0.023279	0.0849101	0.0326158	0.205498	0.0546374	0.00254618	0.00893009	0.0162078	0.00853136	0.0325691	0.00373554	0.0716796	0.000549535	0.19255
162	0.0183947	0.0174054	0.00100514	0.00416275	0.0113532	0.00142264	0.00592094	0.356806	0.00336959	0.168415	0.11412	0.00434172	0.00146902	0.00323288	0.00276899	0.0180987	0.0272723	0.229509	0.00298747	0.00794404
163	0.02299	0.0106663	0.00191949	0.0054972	0.0356256	0.00166538	0.00476843	0.178458	0.0233966	0.267513	0.0496446	0.00334943	0.0017449	0.0103951	0.0277948	0.0138626	0.0589664	0.276539	0.000743098	0.00445973
164	0.10457	0.03439	0.0247114	0.0759923	0.00403686	0.0187402	0.0318573	0.0243641	0.109522	0.0401919	0.00214923	0.049875	0.0112581	0.0736278	0.0957536	0.1401	0.119282	0.0374987	0.000286577	0.00179393
165	0.0212067	0.00244064	0.194332	0.397391	0.00847773	0.0147255	0.0209421	0.014945	0.0282447	0.0102637	0.00469569	0.0620979	0.00544724	0.0755307	0.00321495	0.0578732	0.0657515	0.0106544	0.000233342	0.0015329
166	0.0487699	0.0109989	0.0142034	0.0206461	0.0123656	0.0138139	0.056236	0.0187129	0.0630561	0.0249093	0.0111215	0.0195228	0.258009	0.170665	0.10026	0.0854291	0.0257184	0.0325957	0.00282527	0.0101412
167	0.0109367	0.00180132	0.0106178	0.00905076	0.00324326	0.0132503	0.00830849	0.00299359	0.014447	0.0101024	0.00196733	0.0686705	0.005925	0.00325852	0.0153415	0.51207	0.295279	0.0104352	0.000437402	0.00186354
168	0.126339	0.00621148	0.0364945	0.0144072	0.00265083	0.00907029	0.0228636	0.0546255	0.019046	0.0485553	0.00841903	0.02005	0.283529	0.0326383	0.0105902	0.162922	0.0376738	0.0973318	0.000895015	0.00568707
169	0.140543	0.00422002	0.0356227	0.127501	0.00310104	0.0330015	0.0260974	0.0159908	0.173768	0.00894433	0.00352206	0.0420278	0.0179636	0.127332	0.132378	0.0720871	0.0171504	0.0104311	0.00107814	0.00724011
170	0.0299114	0.0122161	0.0138938	0.0203204	0.00339372	0.0268585	0.0212045	0.00780604	0.277257	0.0113042	0.012227	0.0504631	0.0131421	0.0587047	0.273975	0.0668304	0.0653248	0.0293926	0.000608061	0.00516681
171	0.00386844	0.00994888	0.000510639	0.00264582	0.0937884	0.00118081	0.00335312	0.174893	0.0011892	0.503124	0.100185	0.00428411	0.00470421	0.00857298	0.00119521	0.00308571	0.00682053	0.0653951	0.000199117	0.0110561
172	0.026229	0.0157441	0.0088494	0.0232673	0.169866	0.0155863	0.0231974	0.0852862	0.0329377	0.208267	0.0560389	0.00258495	0.00915034	0.0163741	0.0085544	0.0326423	0.00357233	0.0711304	0.000492375	0.190229
173	0.092609	0.00418099	0.0949411	0.294883	0.00356193	0.0055134	0.0161869	0.0358391	0.117882	0.0341926	0.0249089	0.00634433	0.00411009	0.110441	0.0285224	0.0598038	0.00542711	0.0467341	0.000753626	0.0131641
174	0.0867922	0.0520942	0.00294246	0.00391457	0.00299734	0.00398218	0.00402649	0.355379	0.0170448	0.0238703	0.00860567	0.00412703	0.00276529	0.00643309	0.00377454	0.0412014	0.0436972	0.332679	0.000844901	0.00282811
175	0.0431649	0.0178962	0.0130536	0.0258365	0.00956811	0.0216701	0.0218832	0.0222348	0.158714	0.0410254	0.0169254	0.038021	0.0150412	0.043039	0.304683	0.0556002	0.0527085	0.0749929	0.00392468	0.0200178
176	0.158438	0.0026395	0.0620147	0.133124	0.00211296	0.224824	0.00258862	0.0045186	0.0179449	0.0371272	0.00289558	0.0545143	0.0361854	0.0453832	0.00312528	0.13879	0.026668	0.0418211	0.00063612	0.00464919
177	0.0179849	0.00400439	0.0145975	0.0383295	0.00793923	0.0130243	0.0288267	0.0158979	0.369824	0.0208563	0.018343	0.03085	0.00623246	0.0751996	0.217118	0.0508271	0.0422281	0.0166925	0.000263591	0.0109605
178	0.00199809	0.00750068	0.000602205	0.00262529	0.134336	0.00151494	0.00236552	0.194555	0.000949617	0.462287	0.0798391	0.00589669	0.00507366	0.00789076	0.000909529	0.00211483	0.0041304	0.0699028	0.000156829	0.015351
179	0.05462	0.0730548	0.01457	0.0224085	0.0226941	0.0179411	0.0372799	0.0279767	0.0335807	0.0398907	0.0221913	0.0920211	0.0125568	0.163708	0.0314769	0.0603307	0.0456795	0.10665	0.00538957	0.11598
180	0.0197534	0.00310845	0.219853	0.395283	0.00942349	0.012804	0.0146377	0.0156356	0.0320932	0.0130614	0.0109015	0.0505208	0.00460982	0.0749021	0.00590329	0.0587831	0.0413002	0.0143021	0.000441185	0.00268324
181	0.0149199	0.0161761	0.000835316	0.00286466	0.0900809	0.0019572	0.00345383	0.153169	0.00177857	0.504334	0.103928	0.00446534	0.00553269	0.00827427	0.00151105	0.00704737	0.00965536	0.0566073	0.000429338	0.01298
182	0.00375201	0.00579889	0.000791241	0.00642627	0.0282497	0.00286558	0.00187413	0.470351	0.00225078	0.252526	0.0423918	0.00196511	0.00329513	0.00570601	0.00203884	0.00383656	0.00765783	0.154785	0.000496051	0.00294233
183	0.129818	0.0347059	0.00357347	0.0189992	0.00317793	0.0502368	0.0041966	0.0588155	0.0189141	0.0244249	0.00771343	0.0217895	0.00287328	0.0195955	0.00427217	0.225195	0.159507	0.208617	0.000706263	0.0028677
184	0.070068	0.0312737	0.0249096	0.0470701	0.0126358	0.0135777	0.0467087	0.0180494	0.138994	0.029458	0.00884911	0.0821846	0.0114871	0.0743984	0.127506	0.123738	0.0920417	0.0384467	0.000346456	0.00825712
185	0.171338	0.0859444	0.00891136	0.00848393	0.0395972	0.172301	0.0102812	0.0401667	0.0356161	0.178619	0.0135218	0.0120796	0.011901	0.0365507	0.0101536	0.119354	0.0174894	0.019776	0.00191974	0.00599571
186	0.00600528	0.00563448	0.000611566	0.00227146	0.012627	0.00196111	0.00103564	0.50734	0.00127011	0.130266	0.0297248	0.00111291	0.002734	0.00251071	0.000974072	0.00424063	0.00663433	0.281415	0.000736037	0.000895807
187	0.13022	0.0041666	0.0463352	0.0164342	0.00258227	0.0101115	0.0315261	0.027305	0.0199056	0.0221247	0.00235356	0.0196801	0.361498	0.019486	0.0114171	0.174781	0.0324168	0.0614236	0.000343387	0.00588988
188	0.20968	0.0287576	0.0101515	0.00937375	0.00141937	0.0411793	0.00278785	0.00275517	0.00298002	0.0114248	0.00176002	0.0134811	0.509044	0.00268127	0.0125105	0.0852199	0.021865	0.0308887	0.000328608	0.00171126
189	0.0103012	0.0107964	0.262807	0.191108	0.0040593	0.0394001	0.0128518	0.00585955	0.0505338	0.0059311	0.00329506	0.15174	0.0127336	0.0270188	0.0494588	0.111661	0.0378207	0.0100084	0.00069539	0.00192053
190	0.0184849	0.0131228	0.00123187	0.00674178	0.023787	0.000952385	0.00590168	0.226144	0.0131766	0.248596	0.0653905	0.00361807	0.00105871	0.00654113	0.0162958	0.0191016	0.0641225	0.258233	0.00121028	0.00628939
191	0.00409659	0.00514171	0.000612217	0.00245435	0.013902	0.00212432	0.000819578	0.532547	0.00118898	0.14368	0.0311274	0.000932216	0.00310914	0.00277769	0.000943697	0.00333982	0.00503312	0.244702	0.000717712	0.000749565
192	0.00151592	0.00871795	0.000498406	0.00269655	0.111279	0.00127382	0.00246726	0.186986	0.000749417	0.489077	0.0951316	0.00501301	0.00579298	0.0087621	0.000732906	0.00155601	0.00452218	0.0603911	0.000180344	0.0126568
