295	20
1	0.0518671	0.0159653	0.00380597	0.0036232	0.0816554	0.0096188	0.00103649	0.188921	0.00461164	0.359707	0.0341257	0.00450926	0.0152804	0.00851417	0.00773385	0.0311951	0.0385074	0.068235	0.0547208	0.0163661
2	0.0146199	0.0047805	0.00201527	0.000500694	0.0308225	0.00316802	0.0014117	0.349674	0.00225481	0.329134	0.0563757	0.00264646	0.0005251	0.00125268	0.00392637	0.00519705	0.0114994	0.175572	0.00178817	0.00283609
3	0.00757551	0.0042584	0.00258154	0.00351631	0.0686688	0.00369182	0.00319876	0.0974767	0.00585719	0.638574	0.0839099	0.00218352	0.00434684	0.0211884	0.00205165	0.00218106	0.00927355	0.0265955	0.00602913	0.00684185
4	0.048225	0.0150303	0.00449847	0.00418514	0.0862967	0.00938242	0.00109202	0.193586	0.00380513	0.355059	0.0337233	0.00590894	0.0142044	0.00864838	0.00700705	0.0252364	0.0354799	0.0762561	0.0567005	0.0156751
5	0.13939	0.0188266	0.0019124	0.00063562	0.0550281	0.0639721	0.000449366	0.204243	0.000690286	0.143218	0.0199782	0.00124731	0.00188646	0.00125969	0.000537994	0.0368839	0.0587861	0.247736	0.0021286	0.00118951
6	0.49878	0.037535	0.00508382	0.00167764	0.00181903	0.0927348	0.00130646	0.015571	0.00531566	0.0147559	0.00346718	0.0130194	0.0102126	0.00422004	0.00514337	0.184581	0.0513378	0.0472126	0.000720672	0.00550638
7	0.0706018	0.0132418	0.0178349	0.0810563	0.0385942	0.0224213	0.0173312	0.109624	0.0411356	0.0695361	0.0245516	0.0153494	0.0206214	0.0544611	0.0605384	0.0146079	0.0390229	0.179884	0.0438043	0.0657825
8	0.0463261	0.0302112	0.0651691	0.129684	0.0603421	0.00984027	0.00608736	0.125527	0.00911795	0.16648	0.0542679	0.00981067	0.00571165	0.0107607	0.00890358	0.122708	0.0878255	0.0409642	0.00274649	0.00751612
9	0.447717	0.00771464	0.00726374	0.00271123	0.00459978	0.272722	0.00168809	0.00427783	0.00395325	0.0296187	0.0122368	0.0033996	0.010425	0.0023924	0.00223649	0.0969342	0.0719886	0.0101025	0.00574682	0.00227154
10	0.0512521	0.0186684	0.000427141	0.00139128	0.0439254	0.0133424	0.00069003	0.326288	0.00114739	0.159927	0.0298019	0.00290505	0.000409158	0.00105473	0.000820856	0.008246	0.0392097	0.281772	0.0102851	0.0084365
11	0.0772129	0.0141239	0.00063955	0.00311216	0.052132	0.00999475	0.000579274	0.296272	0.00283283	0.121075	0.0259166	0.00476659	0.000839717	0.0026627	0.000809362	0.0126876	0.0486974	0.313433	0.00754065	0.00467146
12	0.0143049	0.00652697	0.00122851	0.000599803	0.0274891	0.0032197	0.00126697	0.382376	0.00234143	0.291292	0.0461096	0.00249078	0.000893279	0.00120705	0.00353717	0.00438197	0.0124056	0.192947	0.0021297	0.00325247
13	0.138716	0.0187333	0.00182405	0.000627956	0.0552869	0.0631247	0.00043724	0.205098	0.000676643	0.143806	0.0201869	0.00120958	0.00188095	0.00124561	0.000523108	0.0369271	0.058465	0.247828	0.00222925	0.00117247
14	0.0704812	0.0144971	0.000610268	0.00302443	0.0482129	0.00919873	0.000676699	0.309235	0.00300547	0.118156	0.0244716	0.00498248	0.00132436	0.00244876	0.000952603	0.0114286	0.0459807	0.319352	0.00708995	0.00487063
15	0.0671866	0.0175494	0.000832919	0.002921	0.043465	0.0102354	0.00110237	0.313326	0.00233692	0.129322	0.0235531	0.0126992	0.00143608	0.00241839	0.00144524	0.0154109	0.040387	0.297901	0.0105598	0.00591207
16	0.0725136	0.0171304	0.000676065	0.00114716	0.0665027	0.0183218	0.00215462	0.241961	0.000952727	0.164196	0.0316959	0.00213929	0.000589098	0.00115426	0.000489786	0.0249704	0.0594027	0.278491	0.0106293	0.0048825
17	0.0167693	0.00679524	0.00135688	0.000409812	0.0314677	0.00416948	0.00142297	0.354759	0.00194551	0.311422	0.0495239	0.00264583	0.00041948	0.00110559	0.00381501	0.00517665	0.0107671	0.189879	0.00248271	0.00366633
18	0.0565901	0.0160004	0.035247	0.0180292	0.0115248	0.0113447	0.00867651	0.0970625	0.0128017	0.0476208	0.0362286	0.205641	0.0055723	0.0382236	0.00784143	0.218972	0.140451	0.0211674	0.00315235	0.00785196
19	0.0527708	0.00344826	0.00148085	0.00527158	0.244881	0.00680643	0.0210407	0.0879463	0.0123796	0.1062	0.0425294	0.0413379	0.00825645	0.0285703	0.0230726	0.0289923	0.0178679	0.0864973	0.0419104	0.13874
20	0.0892868	0.00800607	0.024065	0.110154	0.0202687	0.017076	0.0206352	0.0364936	0.0990318	0.0837718	0.0331807	0.0327183	0.00841931	0.118225	0.104734	0.0548312	0.0600754	0.0677679	0.00317401	0.00808558
21	0.0324053	0.0068239	0.228115	0.326518	0.00163334	0.032759	0.0337765	0.0168835	0.0252033	0.0186493	0.00426147	0.0911065	0.00210471	0.0657348	0.026	0.0570238	0.0196327	0.00639512	0.000400676	0.00457326
22	0.131324	0.00373982	0.00370394	0.0253802	0.0781531	0.0376438	0.0452459	0.00693439	0.0394219	0.00928641	0.0244075	0.0262569	0.00237572	0.0862958	0.143748	0.109782	0.039256	0.0289238	0.0262877	0.131832
23	0.0387054	0.00387225	0.0099742	0.0267385	0.00264224	0.00731216	0.0127127	0.0280649	0.295822	0.018914	0.012286	0.0309833	0.00320728	0.113079	0.283317	0.0379502	0.0287602	0.0342536	0.00385814	0.00754705
24	0.360258	0.0234583	0.00647648	0.014132	0.00550668	0.0594327	0.00703145	0.0157485	0.00904445	0.0279374	0.00908303	0.0728284	0.00651065	0.0128433	0.0210643	0.188012	0.115498	0.0341958	0.00129638	0.00964152
25	0.0124486	0.00598479	0.00156181	0.00100921	0.0232635	0.00621135	0.00168186	0.288651	0.0023842	0.410659	0.038006	0.00337143	0.000707128	0.00159357	0.00386867	0.00551337	0.00899926	0.178475	0.00212236	0.00348772
26	0.178947	0.0527997	0.00330582	0.00504918	0.00977879	0.0360589	0.00328168	0.0813035	0.00930874	0.0588369	0.0186676	0.0121195	0.00723327	0.00945045	0.00742897	0.0820091	0.123697	0.291984	0.0018187	0.00692092
27	0.0666661	0.00422192	0.00590641	0.0153167	0.00596236	0.0195108	0.0112534	0.0637337	0.0472996	0.102325	0.00585945	0.00412231	0.317519	0.020621	0.0680956	0.049842	0.0395546	0.142216	0.00329616	0.0066778
28	0.105555	0.0065587	0.071591	0.0703853	0.00918811	0.465051	0.00890927	0.0102961	0.0225654	0.0153912	0.00607427	0.0408064	0.0102863	0.0189151	0.0164015	0.0718609	0.0348159	0.00800644	0.00145662	0.00588453
29	0.041808	0.00729431	0.478153	0.130293	0.00225371	0.0187653	0.0179081	0.0179683	0.0247595	0.0151209	0.00572329	0.0779523	0.00543635	0.0450438	0.0140604	0.0586942	0.0245545	0.0105333	0.000676839	0.00300058
30	0.0186893	0.0140679	0.000748214	0.000539912	0.0250462	0.00581221	0.00139634	0.365534	0.00203519	0.241784	0.0385541	0.00227814	0.000778783	0.000988608	0.00300544	0.00374688	0.0150476	0.250134	0.00426874	0.00554383
31	0.021223	0.0145671	0.000741567	0.00050369	0.0278746	0.00652606	0.00149745	0.35402	0.00172245	0.251299	0.0405959	0.00242122	0.000392623	0.000896549	0.00299927	0.00420078	0.015535	0.242424	0.00461813	0.00594119
32	0.0380976	0.00614807	0.030487	0.0811967	0.055919	0.010452	0.0239334	0.125393	0.0528623	0.138414	0.0194098	0.00726989	0.0128493	0.0443734	0.0858048	0.0211726	0.0156189	0.170179	0.0240411	0.0363782
33	0.0137782	0.0046794	0.00162036	0.000451314	0.0311265	0.00284372	0.00132892	0.356085	0.00211486	0.330302	0.0539038	0.00269087	0.000477639	0.00126266	0.00405981	0.00469145	0.0107763	0.173304	0.0017431	0.00276005
34	0.0337116	0.00404126	0.00645218	0.0246878	0.00185237	0.00469451	0.0125974	0.0317645	0.296878	0.0181277	0.011865	0.0254716	0.00334974	0.111377	0.302307	0.0301877	0.0292495	0.0388827	0.0042826	0.00821995
35	0.0081817	0.00807966	0.000639831	0.00318311	0.00630952	0.000869691	0.000495515	0.457734	0.00894128	0.0507036	0.00838087	0.00165889	0.00630454	0.00315216	0.00283521	0.00412014	0.0319899	0.39266	0.000420238	0.00334037
36	0.301858	0.02924	0.00592316	0.0180229	0.00432209	0.0526575	0.0050644	0.0110683	0.00974067	0.0283552	0.00695503	0.0186299	0.213983	0.0105316	0.0107717	0.170676	0.0426548	0.0395139	0.00158674	0.0184464
37	0.399334	0.0591026	0.00664209	0.00639665	0.00618301	0.0642011	0.00367235	0.0310658	0.00788927	0.0269238	0.0091211	0.0273311	0.0100984	0.00796944	0.00826754	0.148593	0.0619574	0.10721	0.00173804	0.00630355
38	0.0455693	0.00912644	0.441092	0.124295	0.00483925	0.0424616	0.0171702	0.0280333	0.0230044	0.0182722	0.00740777	0.0718569	0.00697214	0.0420159	0.0130658	0.0557019	0.0268062	0.0150374	0.00193393	0.00533787
39	0.0940752	0.023299	0.00308619	0.00374427	0.00347137	0.095884	0.0122636	0.161581	0.0037898	0.21548	0.137719	0.00412079	0.00200701	0.00383833	0.003766	0.0394384	0.00805644	0.180009	0.0013205	0.00305016
40	0.0628062	0.0107738	0.0244385	0.0848742	0.0444846	0.0185022	0.0178298	0.109134	0.0437574	0.0830506	0.0238774	0.0125399	0.0165556	0.0529639	0.0736187	0.0164456	0.033832	0.17627	0.0374063	0.0568395
41	0.0903089	0.0149074	0.000867795	0.00242481	0.0530784	0.018641	0.000560435	0.265176	0.00224595	0.12763	0.0233886	0.00386441	0.000929706	0.00225786	0.000678944	0.0205681	0.0531423	0.309967	0.00591491	0.00344696
42	0.0387412	0.00732772	0.460218	0.150688	0.000978223	0.0179155	0.0213665	0.0160988	0.022518	0.0140545	0.00491695	0.0919523	0.00326209	0.0500766	0.0132574	0.0544323	0.0207086	0.00903689	0.000405882	0.00204388
43	0.0842613	0.00618098	0.0226123	0.117925	0.0222856	0.0129295	0.0272743	0.0394414	0.099888	0.0913021	0.0471186	0.0246988	0.00434024	0.114039	0.101526	0.0561023	0.0630291	0.0590234	0.00180773	0.00421502
44	0.29999	0.0201064	0.00645197	0.0191988	0.00878513	0.0367757	0.0124261	0.0110123	0.00711874	0.0139353	0.0167603	0.0313852	0.00833822	0.0143815	0.00894031	0.371946	0.059041	0.0254479	0.00291184	0.0250475
45	0.255294	0.0199885	0.0255996	0.0234439	0.00483145	0.00848042	0.00683224	0.047373	0.00951807	0.0861527	0.0615627	0.034258	0.0594311	0.0385183	0.00836737	0.157846	0.0436259	0.0884159	0.0142486	0.00621217
46	0.0338508	0.00720553	0.226972	0.306527	0.0018063	0.0328955	0.0346391	0.0161797	0.0280035	0.0182145	0.00469748	0.0955372	0.00476462	0.0628061	0.0279057	0.0614342	0.023604	0.00697984	0.000467989	0.00550869
47	0.106008	0.0367185	0.00322655	0.0182697	0.0080536	0.012544	0.00766999	0.0182437	0.0180011	0.0126148	0.0155654	0.0276637	0.0389138	0.00455263	0.0248651	0.534646	0.0962448	0.00963505	0.00171564	0.00484755
48	0.0871398	0.00650704	0.0380554	0.117565	0.0230659	0.0111557	0.0299149	0.0506497	0.0866273	0.120171	0.0381696	0.0302718	0.00655414	0.0857535	0.0808077	0.041196	0.0473843	0.0900763	0.00252788	0.00640682
49	0.199644	0.00562799	0.00284955	0.0488092	0.00187518	0.0495085	0.00880464	0.00725132	0.0265294	0.046443	0.00234756	0.0290682	0.368466	0.0114099	0.0247536	0.120547	0.0176045	0.0243575	0.000479285	0.00362477
50	0.05491	0.00998267	0.00465628	0.0202098	0.00664397	0.00690199	0.00399401	0.172676	0.0368784	0.144478	0.00685818	0.00617711	0.00364951	0.115689	0.00682582	0.0282657	0.0280249	0.336879	0.00211916	0.00417967
51	0.300158	0.0339169	0.0158864	0.0364907	0.0154273	0.0701172	0.0213531	0.00579663	0.0560302	0.0202587	0.00491367	0.0562792	0.00276863	0.052553	0.0571511	0.198398	0.0176644	0.0153314	0.000810211	0.0186955
52	0.022156	0.0598467	0.0154569	0.0158534	0.00254562	0.010171	0.00156558	0.178928	0.00325502	0.0205922	0.00310764	0.00288411	0.00157995	0.0188894	0.0659661	0.0270113	0.376816	0.170555	0.000754046	0.002065
53	0.272354	0.0109849	0.0235379	0.0096672	0.00350062	0.464165	0.0041219	0.00553876	0.00516108	0.0183363	0.0128077	0.00895776	0.0124452	0.00338244	0.00529316	0.0807922	0.0406206	0.0128574	0.0027248	0.00275051
54	0.149393	0.0111301	0.08729	0.064935	0.00252445	0.0259751	0.0359295	0.0294651	0.0524604	0.0600723	0.0321746	0.025902	0.0515584	0.0375688	0.0355478	0.152844	0.0565388	0.0753018	0.00366801	0.00972071
55	0.0469147	0.00185985	0.0883291	0.0459676	0.00798096	0.039569	0.0783906	0.00439627	0.117525	0.00776137	0.0104835	0.187226	0.00106339	0.0873145	0.150017	0.0504214	0.0325617	0.0104021	0.000591189	0.0312246
56	0.0478882	0.0142716	0.029904	0.0457876	0.0212958	0.0479248	0.0150689	0.0202415	0.0197161	0.0193267	0.0108612	0.106338	0.0129397	0.0100627	0.0100989	0.292981	0.253263	0.0146396	0.00158792	0.00580338
57	0.0883297	0.0200472	0.00965098	0.0672564	0.0328068	0.0226939	0.00731218	0.167406	0.0183571	0.135055	0.0756046	0.00925968	0.00615176	0.0730894	0.0664236	0.0159745	0.0596356	0.0904563	0.00795379	0.0265352
58	0.0136681	0.00455537	0.00144873	0.000472452	0.0316072	0.00273694	0.0013479	0.356222	0.0023374	0.331053	0.0565798	0.00282581	0.000442798	0.0014718	0.00430498	0.00437787	0.0118701	0.168225	0.00171459	0.00273811
59	0.287871	0.0259252	0.0163742	0.0301629	0.014767	0.0896798	0.0165974	0.0148044	0.0461714	0.0221868	0.0112373	0.0384352	0.0080388	0.0463904	0.0391646	0.193723	0.0376108	0.0287277	0.00233517	0.0297969
60	0.0747559	0.00397035	0.0407551	0.0563543	0.00930696	0.02939	0.0220257	0.0126037	0.203166	0.0269784	0.0236835	0.0607002	0.00130442	0.13993	0.169289	0.0655129	0.0340909	0.0157769	0.00147115	0.00893464
61	0.0129324	0.0046609	0.00142446	0.00051031	0.0293025	0.00274548	0.00135833	0.380894	0.00212506	0.318944	0.050918	0.0026665	0.000544069	0.00122165	0.00389406	0.00442717	0.010474	0.166501	0.00170708	0.00274885
62	0.299763	0.0331769	0.0154382	0.0369037	0.0157597	0.0697759	0.0223055	0.00616649	0.0534387	0.0197023	0.00558067	0.0547276	0.00287528	0.0512585	0.0542852	0.202217	0.0199519	0.017274	0.000812306	0.0185868
63	0.0452779	0.0210774	0.0157836	0.0384356	0.0101173	0.0245213	0.01396	0.0133701	0.0191427	0.0118256	0.00656056	0.081091	0.022398	0.00370428	0.00902405	0.44431	0.208121	0.00767147	0.000732283	0.00287622
64	0.0588468	0.00953234	0.0199309	0.0197168	0.0170705	0.0377666	0.00755366	0.027627	0.0637826	0.0968356	0.00927961	0.00710905	0.291324	0.0478942	0.053918	0.0688358	0.0720401	0.0810682	0.00198715	0.00788073
65	0.00757551	0.0042584	0.00258154	0.00351631	0.0686688	0.00369182	0.00319876	0.0974767	0.00585719	0.638574	0.0839099	0.00218352	0.00434684	0.0211884	0.00205165	0.00218106	0.00927355	0.0265955	0.00602913	0.00684185
66	0.0753982	0.00443924	0.0542545	0.150715	0.00205815	0.0425498	0.0148427	0.00802193	0.129785	0.0217574	0.00849207	0.0677652	0.0104275	0.110802	0.0985104	0.119382	0.0648274	0.0117391	0.000318436	0.00391482
67	0.0336699	0.00405099	0.00645107	0.0247503	0.00184584	0.00467828	0.0125741	0.0317137	0.296818	0.0181271	0.0119311	0.0254107	0.00333974	0.111374	0.302236	0.0301452	0.0292975	0.0390571	0.00427958	0.00824979
68	0.0810381	0.00706186	0.0631544	0.119927	0.0073983	0.0245412	0.0188307	0.0102463	0.142595	0.0237636	0.0143429	0.0679358	0.00489221	0.186796	0.107018	0.0673041	0.0312346	0.0116461	0.00105692	0.00921719
69	0.0139746	0.00457861	0.00168208	0.000475746	0.0313655	0.00269575	0.00137126	0.351128	0.00253969	0.332461	0.0585425	0.00273231	0.000461611	0.00141863	0.00412604	0.0044313	0.0126903	0.168878	0.00171574	0.00273149
70	0.0512521	0.0186684	0.000427141	0.00139128	0.0439254	0.0133424	0.00069003	0.326288	0.00114739	0.159927	0.0298019	0.00290505	0.000409158	0.00105473	0.000820856	0.008246	0.0392097	0.281772	0.0102851	0.0084365
71	0.341602	0.0357882	0.0027155	0.00356892	0.00799323	0.0782866	0.00116975	0.0541562	0.01262	0.0447027	0.0194988	0.0102482	0.00479302	0.013003	0.00892067	0.161225	0.0975425	0.0947291	0.000370063	0.00706583
72	0.0511521	0.0184544	0.000418965	0.00121797	0.0468682	0.013477	0.000998884	0.313487	0.00111451	0.166784	0.0301635	0.00261933	0.000401005	0.000938647	0.000841389	0.00981826	0.0408514	0.283042	0.00972203	0.00762915
73	0.134423	0.0227933	0.00131425	0.000841332	0.0662775	0.0532126	0.000774662	0.176847	0.00225085	0.125754	0.0229451	0.00306907	0.001167	0.00299167	0.00106753	0.0738917	0.0871487	0.217547	0.00146234	0.00422125
74	0.0693533	0.0176324	0.000635394	0.001147	0.0659103	0.0173027	0.00226288	0.246753	0.00100614	0.166689	0.032406	0.00227459	0.000612783	0.00112786	0.000566422	0.0237924	0.0579064	0.276499	0.0108479	0.00527392
75	0.463501	0.0389232	0.00444728	0.0019532	0.00188823	0.087758	0.00152338	0.0225026	0.00463237	0.0185371	0.00332659	0.0150418	0.0101949	0.00409983	0.00450102	0.187541	0.0672273	0.0580929	0.000434561	0.00387423
76	0.138208	0.0185953	0.00178192	0.000616409	0.0554766	0.0622997	0.000449118	0.204849	0.000662335	0.144737	0.020199	0.00122157	0.00185047	0.00125936	0.000506416	0.0378141	0.0588262	0.247279	0.00215735	0.00121105
77	0.118002	0.0169282	0.00161558	0.00126493	0.0536989	0.0409744	0.000881854	0.184427	0.00125394	0.201034	0.0143547	0.00183218	0.00135358	0.00232946	0.00129842	0.0817549	0.0595345	0.213875	0.00162531	0.00196068
78	0.0729956	0.0173221	0.000685682	0.00118132	0.0655903	0.0186799	0.00215441	0.242273	0.000975143	0.165032	0.0316912	0.00219204	0.000628736	0.0011998	0.000512713	0.0249779	0.059785	0.27643	0.0107388	0.00495436
79	0.0374142	0.0127942	0.00319718	0.00314669	0.0898197	0.00910044	0.00128352	0.160925	0.00372341	0.428508	0.0460493	0.00446221	0.0132912	0.0104758	0.00593074	0.0189482	0.0284242	0.0667919	0.0424312	0.0132838
80	0.138095	0.0187051	0.00177775	0.00061327	0.0555579	0.062346	0.000434953	0.205096	0.00068648	0.144627	0.0201446	0.00117869	0.00189539	0.0012557	0.000502327	0.0372588	0.0585538	0.247868	0.00221269	0.00118987
81	0.0393578	0.0133648	0.000845823	0.000790137	0.0536314	0.00809879	0.00365462	0.280787	0.00179883	0.244687	0.042988	0.00259282	0.000934737	0.00124757	0.00274327	0.0148487	0.0366202	0.233557	0.0106023	0.0068495
82	0.132628	0.018269	0.00171708	0.000729436	0.0548547	0.0590915	0.000470622	0.212359	0.000735783	0.144431	0.0212428	0.00138703	0.00175532	0.0012299	0.000501533	0.0350376	0.0578481	0.251191	0.00289264	0.00162773
83	0.0721141	0.0150317	0.000678212	0.00213692	0.0554932	0.01485	0.00128388	0.265755	0.00202293	0.146345	0.0317647	0.00315271	0.000689414	0.00173452	0.00109125	0.018769	0.0492514	0.304401	0.00830085	0.00513425
84	0.478602	0.0353132	0.00585076	0.00256121	0.00271839	0.0961907	0.00173521	0.0185841	0.00540206	0.0165299	0.00391382	0.0134029	0.0102889	0.00463015	0.0070501	0.188096	0.0548809	0.0478692	0.000700412	0.00568072
85	0.0530898	0.00355423	0.00152663	0.00524455	0.24302	0.0071619	0.0203584	0.0913619	0.0121381	0.109637	0.0425465	0.0409013	0.0082376	0.0282152	0.0224222	0.0289925	0.0179044	0.0861242	0.0415027	0.136061
86	0.0152486	0.0095734	0.000667097	0.00254378	0.0132287	0.00271163	0.000597014	0.443133	0.00695402	0.0854152	0.0134491	0.00187045	0.00510148	0.00254424	0.00255041	0.00437727	0.0309331	0.352812	0.00189815	0.00439139
87	0.133999	0.0104169	0.0103398	0.0404575	0.0048478	0.0361999	0.00940328	0.0234637	0.0289918	0.055455	0.00469083	0.0222733	0.400738	0.021416	0.0256417	0.087167	0.0276505	0.0460077	0.00259435	0.00824664
88	0.0635615	0.00880548	0.0195373	0.219115	0.0810506	0.0119779	0.00942514	0.0446203	0.0353593	0.099037	0.0166494	0.0420291	0.00547487	0.132862	0.0285631	0.078495	0.0279108	0.0576356	0.00339731	0.0144926
89	0.209511	0.0387214	0.00911564	0.0525508	0.0105479	0.107856	0.0105124	0.0289044	0.0152182	0.0350423	0.015632	0.0194979	0.00568115	0.0185821	0.026561	0.166646	0.13379	0.0647654	0.00240294	0.0284623
90	0.0107234	0.0053237	0.00266887	0.00313604	0.068362	0.00444866	0.00272017	0.118889	0.00503679	0.600889	0.0772143	0.00272578	0.00456613	0.0173225	0.00281196	0.00336991	0.010759	0.042458	0.00938311	0.00719132
91	0.035081	0.00713135	0.00518541	0.00973416	0.00687189	0.0115793	0.00714191	0.154407	0.0172434	0.0898042	0.00834799	0.00675147	0.330017	0.0304864	0.0226414	0.0666772	0.0217243	0.121504	0.0224155	0.0252562
92	0.0768701	0.0414644	0.00290669	0.00277632	0.00544029	0.0153628	0.000864837	0.129483	0.0023568	0.0414854	0.0116612	0.0130767	0.0252897	0.0017726	0.00132793	0.0425318	0.0825734	0.492314	0.00264636	0.0077963
93	0.172289	0.0593292	0.00278259	0.00583883	0.0111093	0.0612546	0.00263705	0.10657	0.0494011	0.0595426	0.0339093	0.0100555	0.0022871	0.0387666	0.0122873	0.105394	0.104179	0.150933	0.00138849	0.0100449
94	0.0168805	0.0127701	0.00138947	0.00123573	0.0478486	0.0039663	0.00829108	0.287176	0.00891261	0.300672	0.0448432	0.00927757	0.000998467	0.00229303	0.00985019	0.00544516	0.01239	0.198085	0.00284812	0.0248277
95	0.175009	0.0364067	0.00660357	0.009908	0.0108661	0.0353863	0.00461534	0.0620623	0.0554729	0.0439737	0.0367368	0.0125613	0.00395742	0.044588	0.0132277	0.129046	0.205308	0.0901131	0.00311224	0.021045
96	0.0837101	0.0177084	0.000884288	0.000898165	0.0653604	0.0250026	0.00211728	0.225667	0.000833526	0.166285	0.030479	0.00180336	0.000784004	0.00122936	0.000491104	0.0306316	0.062423	0.270756	0.00897987	0.00395606
97	0.214095	0.0550899	0.0052559	0.0254027	0.0184346	0.0344747	0.00681517	0.0228975	0.00785494	0.0462756	0.0198269	0.0240993	0.00405301	0.0260689	0.00773033	0.289142	0.116934	0.0416742	0.00309983	0.0307758
98	0.00891102	0.00518508	0.002826	0.00370125	0.0741564	0.0037435	0.00325808	0.0903835	0.00583183	0.614238	0.0942004	0.00291232	0.00409765	0.0247809	0.00320508	0.00423048	0.00976784	0.0250118	0.00857763	0.0109816
99	0.299969	0.0120639	0.0290766	0.0353256	0.00940992	0.0342044	0.0134832	0.0218087	0.0166438	0.030713	0.0205723	0.0384651	0.00969475	0.0313028	0.0190285	0.242571	0.0681042	0.0492878	0.00180777	0.0164685
100	0.0308746	0.00755779	0.00191144	0.00820546	0.0263988	0.0061474	0.00228934	0.31786	0.00336295	0.290197	0.0731735	0.00783409	0.00151225	0.0193197	0.0182802	0.00636065	0.0192319	0.150735	0.00290412	0.005844
101	0.331235	0.0348995	0.00224125	0.00387128	0.00731282	0.0876108	0.00140297	0.0534347	0.0122316	0.0450225	0.0178045	0.0101104	0.00432123	0.0122074	0.00905126	0.159922	0.10275	0.0970956	0.000380296	0.00709433
102	0.239071	0.0309917	0.00136066	0.0047306	0.0149432	0.0585003	0.00103034	0.0763893	0.0196407	0.0741624	0.0382025	0.0107321	0.00100588	0.0220991	0.0158632	0.131171	0.123775	0.126188	0.000501415	0.00964119
103	0.0406189	0.00394706	0.0123916	0.0263726	0.00291586	0.00985347	0.0152551	0.0262112	0.280688	0.0206127	0.0128207	0.0333542	0.00293047	0.122267	0.279429	0.0352431	0.0280303	0.0328643	0.00516913	0.00902558
104	0.0408215	0.00406355	0.00907967	0.0326431	0.00458752	0.00698745	0.0137802	0.0301049	0.271065	0.0228509	0.0143458	0.0284422	0.00302152	0.110863	0.287098	0.0376126	0.0335449	0.0379006	0.00373444	0.00745345
105	0.00757551	0.0042584	0.00258154	0.00351631	0.0686688	0.00369182	0.00319876	0.0974767	0.00585719	0.638574	0.0839099	0.00218352	0.00434684	0.0211884	0.00205165	0.00218106	0.00927355	0.0265955	0.00602913	0.00684185
106	0.234859	0.00936765	0.0122354	0.0364734	0.00783607	0.0120518	0.039604	0.0372742	0.0931921	0.0343609	0.0327923	0.032412	0.0061316	0.043676	0.0680086	0.152486	0.028944	0.107281	0.00505352	0.00596056
107	0.0760722	0.00361098	0.0476592	0.0576043	0.00849561	0.0328977	0.0244045	0.0101951	0.19867	0.0230691	0.0226382	0.070354	0.00121308	0.136604	0.159983	0.0695293	0.033291	0.0124513	0.00114105	0.010117
108	0.0131023	0.00711907	0.00324317	0.00288778	0.0718952	0.00540942	0.00242576	0.118216	0.00467345	0.589772	0.0694031	0.00316378	0.00535278	0.0156014	0.00331178	0.00478989	0.0121545	0.0473163	0.0116586	0.0085038
109	0.0448818	0.0228349	0.00141857	0.00342567	0.0102504	0.00676608	0.00067211	0.303832	0.00537681	0.0598549	0.013673	0.00972829	0.0157415	0.00246123	0.00222454	0.0189129	0.0509869	0.420365	0.00215031	0.00444312
110	0.0335895	0.00370285	0.00762544	0.020381	0.00186148	0.00568351	0.0129398	0.0253302	0.343349	0.016772	0.0100388	0.0266693	0.00396344	0.0974705	0.292599	0.0304414	0.0256696	0.0312864	0.00361803	0.00700855
111	0.0449691	0.00183323	0.085078	0.0431492	0.00742282	0.0387635	0.0774563	0.00444751	0.131072	0.00847611	0.0104663	0.171638	0.000994387	0.093223	0.156998	0.0511553	0.0320435	0.009906	0.000752201	0.030156
112	0.108531	0.0135432	0.0155543	0.0581106	0.0154838	0.0271504	0.0115497	0.0974947	0.0891834	0.150908	0.084652	0.017524	0.118499	0.0198094	0.0287428	0.0402254	0.0354292	0.0480878	0.00509513	0.0144254
113	0.0927764	0.00440758	0.0867648	0.162046	0.00140211	0.0400538	0.0167493	0.00708107	0.1031	0.0250201	0.00712607	0.0614309	0.0361655	0.0751761	0.0569769	0.144205	0.0629766	0.0123208	0.000688552	0.0035329
114	0.415606	0.0412507	0.00372731	0.00224049	0.00269543	0.0883661	0.00234176	0.0245298	0.00600521	0.0208173	0.00376156	0.0126052	0.00825161	0.00396871	0.00396999	0.198374	0.0954216	0.0601595	0.000615675	0.00529269
115	0.0698378	0.0182585	0.000797211	0.00205459	0.0434295	0.0146976	0.000801182	0.300102	0.001913	0.14168	0.0247753	0.00628307	0.00116499	0.00206523	0.00105696	0.0168343	0.0424639	0.298242	0.00818389	0.00535835
116	0.104	0.0112088	0.0821388	0.128222	0.0159153	0.0219655	0.0241106	0.0450107	0.0686244	0.0711344	0.02128	0.0287257	0.0190247	0.0474628	0.0425626	0.0678511	0.0433702	0.13497	0.00728608	0.0151362
117	0.147791	0.00759927	0.0294586	0.0529227	0.00632029	0.02664	0.0195836	0.0306183	0.0403557	0.0236585	0.0164341	0.0818773	0.0124172	0.0201393	0.034369	0.2105	0.18217	0.0458055	0.00237759	0.00896237
118	0.191097	0.0254538	0.00648213	0.0108328	0.0319779	0.0418038	0.00442567	0.118632	0.0118989	0.196714	0.0245027	0.00964959	0.0115779	0.0140349	0.0116104	0.065056	0.0546164	0.154015	0.00671746	0.00890143
119	0.0266038	0.00470174	0.0444539	0.0612984	0.00520169	0.0233354	0.0200375	0.0167957	0.0220169	0.00707383	0.00853827	0.107732	0.0125116	0.00522992	0.00858895	0.249151	0.359973	0.0120542	0.000815512	0.00388639
120	0.0597658	0.0788066	0.00738781	0.00331489	0.0136369	0.0103884	0.00132588	0.128802	0.00231591	0.041286	0.0162468	0.0157189	0.0100557	0.00232502	0.0017935	0.0337421	0.0618801	0.503227	0.00278459	0.00519612
121	0.0131372	0.00508697	0.00142401	0.000525984	0.0285803	0.0031001	0.00139696	0.37671	0.00207397	0.321679	0.0489816	0.00262043	0.000559689	0.0012127	0.00387782	0.00456754	0.0104321	0.169264	0.00180578	0.00296399
122	0.293047	0.35444	0.00515708	0.00702043	0.0268669	0.0407164	0.00426484	0.0251271	0.00638021	0.156417	0.00650232	0.00618649	0.0039292	0.00699807	0.00580738	0.0177322	0.0130169	0.0133487	0.00217575	0.00486526
123	0.0933308	0.00866607	0.0174226	0.00528798	0.022904	0.0116004	0.00293571	0.043999	0.0142902	0.0278964	0.0355837	0.0155621	0.00267098	0.013512	0.00402814	0.225202	0.383057	0.0588422	0.00770713	0.00550109
124	0.113442	0.0318114	0.0049648	0.0060121	0.0159056	0.0248565	0.00245661	0.109392	0.00757052	0.0576344	0.0198712	0.0106153	0.00716118	0.00859696	0.00851417	0.0845898	0.153258	0.324222	0.0027158	0.00640987
125	0.0266105	0.00905929	0.00311872	0.00445479	0.0533476	0.00694777	0.00223085	0.245521	0.00680103	0.376769	0.0449193	0.00500867	0.0233562	0.0100506	0.00552237	0.0145198	0.021104	0.110942	0.0202946	0.00942231
126	0.0743093	0.0326888	0.0123964	0.0128764	0.0140607	0.0198245	0.00419871	0.114797	0.0121117	0.0428872	0.0185341	0.0147524	0.00570065	0.0143469	0.0234693	0.0888544	0.293449	0.190343	0.00341199	0.0069878
127	0.0739298	0.0115461	0.0154246	0.136894	0.0244675	0.0135886	0.0211316	0.0215157	0.105162	0.0829204	0.0458603	0.0147207	0.00292217	0.162898	0.121772	0.0491566	0.0555177	0.0351726	0.000768842	0.00462976
128	0.043605	0.00472798	0.110162	0.0822932	0.0127705	0.314373	0.0183305	0.0119626	0.0739903	0.0181775	0.0053945	0.097549	0.00409907	0.0323509	0.0342997	0.0564959	0.0508869	0.00965065	0.00142503	0.0174557
129	0.034561	0.00452206	0.00655271	0.0259583	0.00192494	0.00485834	0.0123481	0.0309698	0.294163	0.0180223	0.0118483	0.0261418	0.00360133	0.113679	0.300281	0.03071	0.0289359	0.0385618	0.00426428	0.00809518
130	0.23488	0.0327289	0.000819053	0.00399832	0.0162205	0.0620072	0.000652438	0.0787985	0.0203796	0.0738655	0.0368049	0.0106383	0.000500619	0.0211025	0.0155867	0.127324	0.122444	0.131303	0.000292419	0.00965282
131	0.0211104	0.00927514	0.00298776	0.00286148	0.0796296	0.00740853	0.0019129	0.124083	0.00382172	0.547002	0.0579412	0.00429438	0.00753588	0.0126755	0.00469169	0.00838082	0.016781	0.0568963	0.0211967	0.00951325
132	0.341998	0.119598	0.00658313	0.0113931	0.00750069	0.0364439	0.00612034	0.0142355	0.00940257	0.0190622	0.00861918	0.0742847	0.0067562	0.0250822	0.0110316	0.191454	0.0696666	0.0280707	0.00255427	0.0101438
133	0.0471271	0.0558744	0.00574027	0.00922907	0.0199399	0.012171	0.0183585	0.0259718	0.00880563	0.0463729	0.00769972	0.219884	0.0113309	0.00738474	0.00687218	0.417054	0.0661136	0.00864382	0.00140912	0.0040171
134	0.0455917	0.00640059	0.219593	0.213477	0.00150052	0.0374041	0.0321026	0.0145648	0.0551709	0.0188042	0.00681519	0.101509	0.0061166	0.0676916	0.0425408	0.0815118	0.0353277	0.00889164	0.000360175	0.00462556
135	0.189305	0.0088685	0.00302642	0.0436784	0.0023839	0.0518708	0.0102531	0.00781831	0.025589	0.0531012	0.00263893	0.0282224	0.369015	0.0121892	0.0234406	0.117017	0.0179997	0.0284801	0.000531988	0.00457045
136	0.0283796	0.00972895	0.00807021	0.0109473	0.00894408	0.0358914	0.00638889	0.01607	0.0392499	0.159054	0.148824	0.0376755	0.00646204	0.0103232	0.0639006	0.0920981	0.286818	0.0195147	0.00333899	0.00832034
137	0.0408745	0.00702903	0.494312	0.144805	0.00150882	0.0163679	0.0174821	0.016464	0.0207978	0.0132813	0.00501968	0.0773874	0.00546727	0.046509	0.010962	0.0502917	0.0194643	0.00924826	0.000539137	0.00218933
138	0.235866	0.0252974	0.00212237	0.00814247	0.0112651	0.0678672	0.00190634	0.0699973	0.0256432	0.0597702	0.0300425	0.0143241	0.000852843	0.0335997	0.0199316	0.140506	0.122557	0.11868	0.000429743	0.0111988
139	0.495724	0.0355574	0.00501582	0.00202897	0.00198369	0.110271	0.00135387	0.0140855	0.00518015	0.0158391	0.00479033	0.0119825	0.00984797	0.00410203	0.00499738	0.174909	0.0508784	0.0449473	0.00110831	0.00539642
140	0.0134122	0.00471929	0.00148639	0.000479036	0.0316311	0.00293276	0.00135926	0.353367	0.00222295	0.336999	0.0533521	0.0027904	0.000493774	0.00129298	0.00400889	0.00470239	0.0109503	0.169299	0.00173292	0.00276833
141	0.020997	0.0139774	0.00199025	0.00225991	0.0508352	0.00425277	0.00951348	0.27834	0.0103543	0.282649	0.0408928	0.0119119	0.00128991	0.0027081	0.0130849	0.00666862	0.0149148	0.201459	0.00359902	0.0283013
142	0.197335	0.00558216	0.00390323	0.0510087	0.00186856	0.0485325	0.0090317	0.007577	0.0266873	0.0453327	0.00246582	0.030049	0.366705	0.0117867	0.0248716	0.120485	0.0183573	0.0241742	0.000499692	0.00374596
143	0.0362855	0.00477563	0.00304436	0.00652372	0.329224	0.00530005	0.0166794	0.0662565	0.0218789	0.138435	0.0427196	0.0214505	0.0082708	0.0199661	0.0198445	0.0285042	0.0197165	0.0653521	0.0284576	0.117315
144	0.0390407	0.00633768	0.0888055	0.100803	0.00522346	0.0217472	0.012743	0.01545	0.0563341	0.0164828	0.00917598	0.135363	0.0102785	0.0334741	0.0201369	0.252197	0.14757	0.0123503	0.00129877	0.0151883
145	0.178869	0.00662311	0.0245848	0.0482697	0.00409036	0.0449205	0.0209763	0.0237526	0.050862	0.0471107	0.0126563	0.0357477	0.179195	0.0245204	0.0355229	0.177467	0.035808	0.040408	0.00138714	0.00722808
146	0.0334431	0.00667817	0.221445	0.329679	0.00152642	0.0314341	0.0334199	0.0163291	0.0277591	0.0187181	0.00431396	0.0894467	0.00248002	0.0656909	0.0275254	0.0585821	0.0201417	0.00634679	0.000402123	0.00463872
147	0.120975	0.0104248	0.0131285	0.0723281	0.0200837	0.00891839	0.0273827	0.0610893	0.104744	0.063252	0.0311202	0.029572	0.00468834	0.0662074	0.0939752	0.0843089	0.0424327	0.12655	0.0105904	0.0082284
148	0.0105576	0.011155	0.00061069	0.0025352	0.00883913	0.00217045	0.000563019	0.441634	0.00705646	0.0815279	0.0119341	0.00156797	0.00531375	0.00258941	0.00256708	0.0037439	0.0294311	0.370605	0.0015433	0.00405468
149	0.0446798	0.0131999	0.00349467	0.00301944	0.0797754	0.00841243	0.00118603	0.212479	0.00362572	0.354945	0.0392158	0.00470868	0.0127992	0.00711586	0.00751238	0.0239975	0.0306052	0.084045	0.0517238	0.0134589
150	0.083225	0.00365879	0.0811389	0.173113	0.00120803	0.0436543	0.0127882	0.00520872	0.117363	0.0212546	0.00548391	0.0624079	0.0370996	0.0751691	0.0649136	0.134483	0.0670404	0.00761077	0.000368568	0.00280976
151	0.0789384	0.0180323	0.0186346	0.00881324	0.108926	0.0065984	0.0285188	0.0379755	0.107021	0.187041	0.0879113	0.0297773	0.00260522	0.00760194	0.132387	0.0368912	0.0222219	0.038372	0.00189914	0.0398331
152	0.0497912	0.528908	0.0192623	0.00597647	0.00476088	0.00731958	0.00386439	0.0412211	0.0059559	0.0592661	0.00666881	0.00699256	0.00328513	0.00730085	0.00525023	0.197692	0.0125805	0.0270606	0.00234851	0.00449571
153	0.429009	0.0329932	0.00984997	0.0106597	0.00606862	0.0744666	0.00636354	0.0127205	0.0101456	0.0143451	0.0138091	0.0192821	0.0113279	0.0175489	0.0127105	0.217638	0.0464196	0.0347008	0.00218717	0.017754
154	0.0780307	0.00514752	0.056381	0.138503	0.00194905	0.0510342	0.0150666	0.00739771	0.132524	0.0219635	0.00930982	0.070239	0.0107277	0.0831595	0.109226	0.126591	0.0684488	0.00926678	0.000293265	0.00474066
155	0.0760911	0.00359557	0.0473149	0.0586874	0.00901629	0.0326912	0.0240002	0.0103718	0.197283	0.0242666	0.0235912	0.0702226	0.00119552	0.136759	0.158735	0.0686735	0.0333204	0.0129765	0.00113512	0.0100729
156	0.321017	0.0251646	0.0139711	0.00818463	0.00293152	0.326661	0.00438079	0.0100211	0.00583556	0.0130025	0.00435472	0.0201885	0.0166988	0.00553669	0.00793639	0.14354	0.0370513	0.027746	0.000887308	0.00488942
157	0.0702603	0.00952057	0.019246	0.134194	0.0283948	0.0138623	0.0217435	0.0259613	0.103605	0.102943	0.0482143	0.0158975	0.00321508	0.140043	0.116782	0.0455713	0.0523439	0.0425581	0.000948794	0.00469625
158	0.0630705	0.005917	0.118124	0.12973	0.00429712	0.0381193	0.0342916	0.0128779	0.103383	0.0199582	0.0109003	0.102217	0.00642405	0.0793349	0.109744	0.0897686	0.0450289	0.0145414	0.000863605	0.0114073
159	0.0717774	0.0438554	0.00320008	0.00291558	0.00718676	0.0120345	0.000869383	0.132028	0.00215414	0.0452609	0.0129874	0.0182627	0.0115604	0.00179212	0.00123069	0.0474598	0.0762136	0.500614	0.00316866	0.00542842
160	0.0133738	0.00508771	0.00142838	0.000563914	0.0298149	0.00334418	0.00141628	0.339471	0.0021583	0.353492	0.0512511	0.00324082	0.000488331	0.0014138	0.00402833	0.00450872	0.0106467	0.169531	0.00186477	0.00287656
161	0.377937	0.00963485	0.00964634	0.00362404	0.0036856	0.364128	0.00226956	0.00427335	0.00361679	0.0316341	0.0309424	0.00345673	0.0074616	0.00288488	0.00278565	0.0588951	0.0633744	0.013623	0.00384094	0.00228495
162	0.015764	0.0142198	0.00262179	0.00362799	0.171003	0.00335648	0.00413069	0.0394601	0.00495515	0.434786	0.109426	0.00953337	0.00339729	0.0191935	0.00920846	0.0212172	0.00734263	0.0205193	0.0370371	0.0691994
163	0.0219695	0.0629141	0.0169654	0.0174966	0.00235851	0.00919149	0.00162031	0.182403	0.00324355	0.0204571	0.0030263	0.00293085	0.00154984	0.0210758	0.0708087	0.027887	0.349218	0.181906	0.000804071	0.00217379
164	0.0262319	0.00880706	0.00262421	0.00400801	0.286663	0.00603704	0.00483651	0.100923	0.00799884	0.314819	0.0379336	0.00423085	0.0126923	0.0104562	0.00467561	0.0159758	0.0192288	0.0611798	0.0316069	0.0390714
165	0.097251	0.0576103	0.00307488	0.00465306	0.0130241	0.0123953	0.00251707	0.153285	0.00547446	0.300083	0.00442462	0.00381205	0.00203092	0.0331147	0.0216853	0.0102489	0.0284853	0.242582	0.00113922	0.0031083
166	0.249419	0.0111353	0.0233824	0.0127454	0.00392731	0.470803	0.00414562	0.00722594	0.00566471	0.0175583	0.0110143	0.0113991	0.012858	0.00444182	0.00636696	0.0846315	0.0428415	0.0146797	0.00268498	0.00307532
167	0.00770941	0.00428865	0.0025811	0.00351713	0.0691624	0.00375982	0.00312303	0.0979428	0.00575194	0.637022	0.0835946	0.00221258	0.00439772	0.0210498	0.00211054	0.00217845	0.00933447	0.0270875	0.00627822	0.00689757
168	0.0783557	0.0139009	0.000713729	0.00342001	0.0523307	0.0097691	0.000599914	0.297452	0.00290901	0.118876	0.0254883	0.00499648	0.000873423	0.0031542	0.000846028	0.0129266	0.0486774	0.312681	0.00744795	0.00458133
169	0.488492	0.0344899	0.00526925	0.00198198	0.00200954	0.101431	0.00161007	0.0152063	0.00489339	0.014866	0.00409362	0.0128317	0.0106118	0.00446665	0.00523064	0.186792	0.051587	0.0458834	0.000936013	0.00731743
170	0.00767464	0.00428463	0.00258366	0.00352572	0.0690103	0.00374281	0.00313619	0.0979676	0.00576917	0.637385	0.0835803	0.00220795	0.0043863	0.0210688	0.00209776	0.00218349	0.00932575	0.0270101	0.0061852	0.00687467
171	0.0491047	0.00321518	0.0309427	0.0312843	0.00458371	0.0176082	0.0251609	0.0159408	0.2911	0.0170077	0.0132894	0.0563549	0.00270404	0.106299	0.233871	0.0428137	0.0254622	0.0203347	0.00243307	0.0104906
172	0.110982	0.00358907	0.0468386	0.117372	0.00273112	0.0078864	0.0229022	0.0157428	0.025156	0.0201339	0.00414042	0.0522815	0.383038	0.0384939	0.0151031	0.0586719	0.0349064	0.0268105	0.00107972	0.0121401
173	0.0596983	0.00370428	0.106615	0.184654	0.0197542	0.231365	0.00869551	0.017876	0.0332711	0.0183868	0.00460969	0.0811656	0.00375674	0.0361	0.0247215	0.0837029	0.066058	0.00807522	0.00146971	0.00632007
174	0.079974	0.0369468	0.00264112	0.00243485	0.00733177	0.0129195	0.000731969	0.126783	0.00200721	0.0492786	0.0121285	0.0132435	0.0110419	0.00138513	0.00111412	0.0476904	0.0746619	0.509433	0.00315296	0.00509972
175	0.150365	0.00519642	0.0175803	0.0492992	0.0104011	0.0459471	0.0145318	0.0248832	0.109135	0.0637908	0.0167126	0.0195295	0.210758	0.0431854	0.0631162	0.0580548	0.0280846	0.0500601	0.000820128	0.0185482
176	0.0824472	0.00540449	0.0203303	0.123048	0.0254406	0.0165098	0.0208149	0.0329666	0.117983	0.0920048	0.0373586	0.0181029	0.00320324	0.116963	0.113647	0.0429022	0.0721174	0.0539457	0.0011984	0.00361168
177	0.291593	0.353654	0.00546542	0.00697132	0.0303541	0.0367433	0.00430033	0.0264841	0.00646165	0.158657	0.00677949	0.00620728	0.00398605	0.00736093	0.00630667	0.0161021	0.0126306	0.0128428	0.00220579	0.00489367
178	0.036152	0.00376954	0.0107315	0.0250158	0.00222204	0.00689734	0.0187388	0.0275479	0.288457	0.0176177	0.0115581	0.0305335	0.00309274	0.113536	0.295259	0.033009	0.0282045	0.0343745	0.0041131	0.00916967
179	0.0776862	0.00502959	0.0564116	0.144812	0.00220418	0.0478262	0.0144409	0.00723158	0.131261	0.0229805	0.00954961	0.0658556	0.0106792	0.0883565	0.106899	0.122629	0.0719207	0.00971607	0.000300593	0.00420906
180	0.254346	0.023349	0.00969631	0.0200809	0.0115329	0.0319713	0.00944951	0.0638074	0.0144718	0.0328395	0.0384493	0.0234034	0.00954557	0.04825	0.013521	0.246761	0.0605158	0.0468012	0.00408729	0.0371212
181	0.0558962	0.00597077	0.34065	0.16573	0.0030591	0.0298776	0.0191127	0.0159088	0.0451937	0.0187002	0.00639076	0.0766252	0.0108312	0.0543242	0.0255828	0.0703707	0.0379407	0.0132294	0.000946958	0.00365881
182	0.0528522	0.0105752	0.0427218	0.0583077	0.0859911	0.00933004	0.156433	0.0138073	0.0154849	0.0453931	0.0304005	0.0799377	0.00457425	0.0597636	0.0166714	0.0556722	0.03414	0.0169352	0.00366809	0.20734
183	0.121748	0.00915148	0.0244488	0.0591629	0.0043903	0.074068	0.00457083	0.00742678	0.171712	0.0246003	0.0112784	0.0115289	0.164896	0.107245	0.0515034	0.0477015	0.0511678	0.0397183	0.000810877	0.0128695
184	0.108661	0.00778128	0.077669	0.0714602	0.00472765	0.0363414	0.0377345	0.0550823	0.0366981	0.161804	0.012314	0.0122739	0.032135	0.0324818	0.0245487	0.0784347	0.0376643	0.155002	0.00234584	0.0148401
185	0.042502	0.0083569	0.0369501	0.064745	0.00740925	0.0300331	0.0186333	0.0213354	0.0251311	0.0125289	0.0114429	0.0816368	0.0139332	0.00904744	0.0118367	0.23263	0.345771	0.0190188	0.00132192	0.00573539
186	0.464465	0.0205959	0.0074401	0.00311669	0.00331022	0.195917	0.0018568	0.00958182	0.004927	0.0213583	0.00812564	0.00812929	0.0105404	0.00371167	0.00409842	0.14101	0.0578383	0.0265663	0.00295356	0.00445815
187	0.0940542	0.00528601	0.017197	0.128201	0.0249512	0.0170258	0.0185022	0.0314996	0.109303	0.0916886	0.0386034	0.0168016	0.00302735	0.120634	0.117496	0.0431045	0.0665016	0.0504901	0.00113514	0.00449827
188	0.290654	0.0171314	0.011893	0.0462763	0.018702	0.032428	0.00928699	0.0164461	0.0203743	0.0223763	0.0151421	0.0374857	0.00485804	0.0297445	0.0152692	0.257194	0.069232	0.0428541	0.0015632	0.041089
189	0.045314	0.0158361	0.00119771	0.00260947	0.0212656	0.00952763	0.000636677	0.350794	0.00504116	0.0843251	0.0147311	0.0041909	0.00601914	0.00256613	0.00261746	0.0159324	0.0541623	0.3551	0.00344856	0.00468401
190	0.074751	0.0381795	0.00240247	0.0024574	0.00569105	0.0120104	0.000651086	0.128692	0.00192078	0.0467125	0.0119909	0.0142588	0.0115254	0.00121612	0.00109289	0.0452378	0.0721706	0.52066	0.00325654	0.00512245
191	0.0257029	0.0134951	0.000822638	0.000535398	0.0322523	0.007847	0.00149254	0.352422	0.00162092	0.247406	0.0413942	0.00247794	0.000366254	0.000817754	0.00286893	0.00461486	0.0176802	0.234003	0.00529446	0.0068849
192	0.0265429	0.00462671	0.042825	0.0752473	0.00433729	0.0300811	0.0232345	0.021212	0.026487	0.00722928	0.010541	0.093607	0.0162737	0.00466654	0.010795	0.219867	0.363449	0.0145809	0.000851785	0.0035444
193	0.1708	0.0113436	0.0207533	0.0294576	0.00506032	0.346516	0.0184737	0.0111884	0.0237215	0.027792	0.00678204	0.0209925	0.103346	0.0137366	0.0281178	0.105028	0.0267125	0.0220428	0.0017781	0.00635663
