555	20
1	0.0637278	0.012184	0.00721477	0.0482124	0.00272294	0.0818368	0.0438907	0.00171509	0.186898	0.0127751	0.00140388	0.0399382	0.0351225	0.0802004	0.292024	0.0513267	0.0248112	0.00317919	0.00385465	0.00696163
2	0.0393525	0.00211594	0.0277161	0.0324305	0.00205348	0.810176	0.00370898	0.00238556	0.00362965	0.00323564	0.00117237	0.0114846	0.00395928	0.00388982	0.0141294	0.0248265	0.00477144	0.00606058	0.000350055	0.00255143
3	0.014148	0.00208251	0.00103404	0.000992094	0.00391221	0.00127374	0.000567623	0.43447	0.00195622	0.0688911	0.0264558	0.000559883	0.00137537	0.000741788	0.00344429	0.00573893	0.0188385	0.410231	0.00186206	0.00142515
4	0.139541	0.00151848	0.00193569	0.0016824	0.0190223	0.0072974	0.0168897	0.194114	0.0467375	0.139019	0.020638	0.0178539	0.0021824	0.00235803	0.0464957	0.0844475	0.0971095	0.151389	0.000800283	0.00896785
5	0.0228964	0.00615429	0.0974731	0.100148	0.00133356	0.013118	0.0571685	0.0213459	0.195709	0.0153012	0.00324173	0.138993	0.0140376	0.0954951	0.105055	0.0536998	0.0360571	0.0170255	0.00511652	0.000631297
6	0.0658719	0.0111274	0.134625	0.0619098	0.0338737	0.04055	0.0314282	0.0478417	0.0513178	0.146081	0.0228383	0.0560185	0.0383545	0.0353685	0.0410943	0.059759	0.0449435	0.0567425	0.00714363	0.0131113
7	0.0334431	0.00800263	0.00046936	0.000333092	0.120587	0.0075111	0.00105561	0.237709	0.000662946	0.322459	0.0304643	0.000392765	0.0015294	0.000968539	0.00111205	0.00418664	0.00239004	0.218133	0.00329269	0.00529758
8	0.0318422	0.00551203	0.0159843	0.0363142	0.00247692	0.0231357	0.0333955	0.00501347	0.402915	0.00828549	0.00676655	0.0469053	0.00564679	0.0709363	0.255607	0.027076	0.0130236	0.0039588	0.00199795	0.00320746
9	0.0679713	0.00660017	0.0395429	0.0606901	0.00177904	0.583168	0.0124636	0.0044957	0.00720549	0.00655941	0.00319622	0.031047	0.00613819	0.0126029	0.0365376	0.0882615	0.0116563	0.013408	0.00102478	0.00565136
10	0.0631736	0.0139925	0.0237619	0.035319	0.00781243	0.0605719	0.0345863	0.0181789	0.110186	0.0367882	0.00735195	0.0536463	0.0206659	0.0440148	0.23002	0.127039	0.0509083	0.0294814	0.0233699	0.00913114
11	0.135952	0.00204178	0.00185634	0.00155948	0.0235738	0.0082014	0.0161463	0.187609	0.0448862	0.145391	0.0275818	0.0163728	0.00217368	0.00190705	0.0441274	0.0821599	0.0976501	0.152395	0.00100199	0.00741233
12	0.132429	0.0103944	0.048408	0.0744895	0.00505036	0.0327813	0.0171768	0.0204043	0.103493	0.0518902	0.016539	0.0424165	0.0974902	0.0565588	0.0605157	0.114598	0.0757288	0.035521	0.000452958	0.00366346
13	0.0153583	0.032747	0.00128387	0.00205152	0.309136	0.00447265	0.0111168	0.0983368	0.00243326	0.265946	0.0339806	0.00187196	0.00221959	0.00378027	0.00916167	0.0144282	0.0168008	0.0603604	0.0535105	0.0610036
14	0.00837044	0.00251672	0.000719445	0.00172885	0.226234	0.00498257	0.0610747	0.0097405	0.00526081	0.0360587	0.00437872	0.00111958	0.00369569	0.0151803	0.0126686	0.00327674	0.00265191	0.0108485	0.0168111	0.572682
15	0.0201299	0.0141582	0.00153699	0.0191068	0.0055483	0.108968	0.0520059	0.00150789	0.17602	0.0193101	0.00103577	0.0700232	0.00764888	0.0425851	0.336731	0.0724107	0.0234784	0.00319966	0.0111678	0.0134273
16	0.0427771	0.00115346	0.272472	0.260588	0.00318284	0.0494605	0.0564663	0.00619729	0.034526	0.00404099	0.00179716	0.0508202	0.00775579	0.074751	0.0453776	0.0485161	0.0134328	0.0172775	0.000669939	0.00873699
17	0.0495553	0.00362097	0.262623	0.213752	0.00513879	0.0641079	0.0444187	0.0123262	0.0452285	0.0130436	0.00391314	0.066917	0.0148182	0.0368841	0.0393354	0.0603173	0.0196678	0.0292207	0.00169353	0.0134176
18	0.0182257	0.0534164	0.00209039	0.00286493	0.0441349	0.0151727	0.00732441	0.0202063	0.0116467	0.0379367	0.0057485	0.00573267	0.0139564	0.00736586	0.0977511	0.0509396	0.0155491	0.0353296	0.548865	0.00574263
19	0.135898	0.00133857	0.00211704	0.00143807	0.0180719	0.00656522	0.0200364	0.192577	0.0479606	0.127206	0.0190092	0.0212119	0.00160433	0.00231467	0.0429016	0.0939478	0.114629	0.143562	0.000737086	0.00687275
20	0.0815192	0.032654	0.103933	0.050729	0.00285637	0.221697	0.0315739	0.00395504	0.00320059	0.0188104	0.00254921	0.0799628	0.00401823	0.00485611	0.0463832	0.258107	0.0146938	0.0203624	0.00257913	0.0155603
21	0.0316533	0.0014172	0.0178965	0.0203851	0.00141368	0.879151	0.000873849	0.00118285	0.000647252	0.00200157	0.000774283	0.00583235	0.00197026	0.000817528	0.0106096	0.0169703	0.00160448	0.00351407	0.000294455	0.000990554
22	0.0112099	0.0311053	0.000674958	0.00131295	0.312308	0.00227526	0.0113536	0.112828	0.00110565	0.305915	0.0255273	0.000861843	0.000925665	0.00294225	0.00921534	0.0149279	0.0169178	0.0524535	0.0423848	0.0437549
23	0.0183623	0.0142591	0.0014463	0.0182713	0.00577907	0.11075	0.0530502	0.00152326	0.171516	0.0193216	0.00103082	0.0720568	0.00695584	0.0415116	0.337712	0.0736931	0.0239979	0.00327138	0.01159	0.0139016
24	0.223738	0.0167033	0.00436992	0.0217165	0.00837171	0.0119034	0.00641103	0.0151806	0.00910126	0.0191386	0.00836693	0.014857	0.00678623	0.0123025	0.0145663	0.207732	0.273191	0.116488	0.00212756	0.0069473
25	0.0571841	0.0103795	0.0192307	0.0378738	0.00800046	0.178884	0.0326255	0.00879545	0.073579	0.0216516	0.00689988	0.0927483	0.0611394	0.0459821	0.172961	0.0798835	0.0602756	0.0190544	0.00439536	0.00845651
26	0.0348144	0.00324066	0.00201009	0.00261204	0.0274367	0.00559962	0.00362066	0.343457	0.00488947	0.128948	0.0880504	0.00347712	0.00424015	0.00452676	0.00470424	0.0137715	0.0473205	0.271949	0.00285934	0.00247269
27	0.0132387	0.0273782	0.000891685	0.00209208	0.27999	0.00344211	0.00911573	0.0826178	0.0015028	0.326213	0.0313876	0.00199043	0.00339739	0.00290924	0.0183318	0.0157589	0.0143856	0.0461827	0.0784276	0.0407475
28	0.307855	0.0219845	0.00348438	0.0156652	0.0194133	0.0483587	0.00605849	0.0705485	0.00572171	0.0690395	0.0324736	0.00694011	0.0105757	0.0085777	0.00967343	0.0906253	0.082352	0.181843	0.0022104	0.006599
29	0.0813275	0.00523992	0.0142169	0.0149979	0.0122084	0.0265319	0.0313763	0.010999	0.0131862	0.0208092	0.00754696	0.0185537	0.573972	0.0182794	0.0225578	0.0633751	0.0377065	0.0201543	0.00179765	0.0051634
30	0.218586	0.0097834	0.00529889	0.00999367	0.00781382	0.0340965	0.00721479	0.0117886	0.00883629	0.0163072	0.00563215	0.019843	0.0285519	0.00920499	0.0148133	0.326428	0.214512	0.0447818	0.00241396	0.00409929
31	0.180815	0.0291247	0.00126124	0.00274268	0.0569933	0.0268481	0.00402187	0.104771	0.016863	0.127818	0.0882203	0.00263021	0.00470354	0.00474374	0.00473731	0.0428133	0.148148	0.141066	0.00534323	0.00633656
32	0.0220925	0.00556415	0.00349576	0.00528174	0.212158	0.021291	0.0540156	0.0154352	0.00579384	0.0412515	0.00917256	0.00398207	0.00834996	0.0153412	0.0130655	0.0126626	0.0113454	0.0266603	0.0213868	0.491654
33	0.0426471	0.002144	0.00129196	0.00136449	0.0128829	0.00320817	0.00743724	0.468621	0.00223249	0.0289907	0.0844743	0.00223961	0.00191296	0.00621379	0.00319416	0.0140571	0.0864689	0.227834	0.00160921	0.00117585
34	0.0370524	0.0209391	0.00393971	0.00504377	0.272579	0.0164838	0.0109999	0.0847802	0.00477322	0.274906	0.036146	0.0054337	0.00600677	0.0055145	0.0104849	0.040983	0.0272585	0.0725098	0.0240003	0.0401647
35	0.0195567	0.0220264	0.00350258	0.00534144	0.32466	0.00659068	0.0292426	0.102556	0.00259202	0.216056	0.0289452	0.00587571	0.0062115	0.00550654	0.00994822	0.0217545	0.0326537	0.0569291	0.0368295	0.0632217
36	0.425306	0.0205708	0.00278321	0.010431	0.00965227	0.0456248	0.00480183	0.0238464	0.00575923	0.0263432	0.012425	0.00645249	0.0135323	0.00842629	0.00936884	0.179948	0.0883922	0.0986103	0.00261505	0.00511053
37	0.0606456	0.0287566	0.0065704	0.0128247	0.0222522	0.0373081	0.00852702	0.0189283	0.0135601	0.0329361	0.0139711	0.02993	0.0173166	0.0105645	0.0279948	0.351946	0.134122	0.0352334	0.131025	0.00558706
38	0.140206	0.00958478	0.00898992	0.01022	0.026966	0.017107	0.0543661	0.125666	0.0335067	0.105037	0.0259535	0.0449935	0.0140419	0.017403	0.0296371	0.100178	0.0929575	0.124154	0.0013586	0.0176729
39	0.0135943	0.00311878	0.000723419	0.000583998	0.0412937	0.00307688	0.000578266	0.225492	0.000637183	0.564772	0.03753	0.000918394	0.00226869	0.00434091	0.00125314	0.0036013	0.00697654	0.0870595	0.000703394	0.00147716
40	0.019874	0.00135653	0.00362943	0.00602786	0.00663701	0.0183091	0.00455062	0.00398225	0.00189833	0.00920559	0.00156713	0.00400459	0.86491	0.00894351	0.009409	0.0152265	0.00660764	0.0120572	0.000413582	0.00138974
41	0.264777	0.0226848	0.00398484	0.0128801	0.027962	0.0327435	0.0100849	0.0641952	0.00608526	0.0697151	0.0559565	0.00800248	0.0127536	0.0118916	0.0109659	0.065732	0.0865699	0.201384	0.00356696	0.0280642
42	0.0299572	0.00484451	0.000801036	0.000550144	0.073395	0.00641046	0.000411064	0.286125	0.00126624	0.301183	0.0332192	0.000506588	0.00311665	0.000749293	0.00105033	0.00359287	0.00502823	0.24484	0.000888884	0.00206392
43	0.585258	0.00670194	0.00147277	0.00143442	0.00156901	0.0592026	0.00132933	0.00210288	0.00166103	0.00340429	0.00142693	0.00349436	0.00774808	0.00272166	0.00516735	0.23586	0.0640451	0.0135122	0.000403333	0.00148441
44	0.0176183	0.0167264	0.00186859	0.0025267	0.257842	0.00419952	0.00660583	0.0672064	0.00188248	0.452815	0.0305236	0.00270758	0.0038668	0.00399358	0.00632799	0.0148155	0.0223559	0.0478019	0.0171062	0.02121
45	0.0451496	0.00202342	0.29797	0.264663	0.0028248	0.072453	0.0366696	0.00480523	0.020448	0.00253847	0.00077975	0.0641124	0.00193656	0.0349206	0.0375198	0.0701587	0.010488	0.0174269	0.000332063	0.0127803
46	0.0192299	0.00563018	0.100034	0.0908919	0.00128319	0.0191959	0.0555667	0.0180828	0.197342	0.0139585	0.0029295	0.150003	0.0115014	0.0825193	0.107104	0.0658292	0.0369625	0.0149243	0.0060676	0.000943984
47	0.0403589	0.000920499	0.351849	0.261502	0.00314331	0.0445842	0.0356614	0.00538883	0.0234651	0.00283484	0.000930335	0.0656396	0.00212479	0.0301941	0.0282424	0.0638207	0.00780099	0.0160926	0.00045413	0.0149931
48	0.055935	0.0103072	0.00284653	0.00255496	0.0625705	0.0140098	0.00563325	0.199363	0.0107518	0.226189	0.0947535	0.00753629	0.00863603	0.00507361	0.0104841	0.0405277	0.0832878	0.144551	0.00678113	0.00820818
49	0.0406941	0.000486821	0.320598	0.298447	0.00305341	0.0624746	0.0366196	0.00514212	0.0223051	0.00136748	0.00056078	0.0570495	0.00172143	0.0372039	0.0325837	0.0449536	0.00857533	0.0172432	0.000263062	0.00865761
50	0.0380159	0.00510117	0.0247744	0.0364751	0.00192839	0.659518	0.0129078	0.00183134	0.023269	0.00466071	0.00143362	0.026933	0.00604165	0.0138797	0.0647007	0.056983	0.00943363	0.00595842	0.0015473	0.00460754
51	0.189892	0.00705376	0.00219123	0.00229183	0.0156812	0.0104192	0.0260027	0.124942	0.0347311	0.0866346	0.0308713	0.0122208	0.00357699	0.00438213	0.0230555	0.134526	0.148975	0.135992	0.00115163	0.0054085
52	0.0157256	0.00348925	0.000812879	0.000590276	0.0490423	0.00358481	0.000686749	0.247834	0.000955043	0.519492	0.0449322	0.000889697	0.00289363	0.00380712	0.00126498	0.00427238	0.0100706	0.0869939	0.00100831	0.00165362
53	0.0314813	0.0162253	0.00258894	0.0153142	0.00705174	0.074149	0.002907	0.003442	0.00322123	0.00808596	0.00271635	0.0877815	0.00709452	0.00284255	0.00461718	0.435583	0.27933	0.00897532	0.00380836	0.00278434
54	0.197238	0.0107431	0.00561632	0.00977098	0.01677	0.0669526	0.00607767	0.104965	0.00987806	0.0830702	0.0187302	0.00702268	0.0804029	0.00846084	0.011225	0.0999443	0.129138	0.124704	0.00285641	0.00643413
55	0.15175	0.00850015	0.00218679	0.00874576	0.0299918	0.0947794	0.00274537	0.0925083	0.00398447	0.147507	0.0350724	0.00655928	0.0650409	0.00716805	0.00762396	0.0388955	0.0649899	0.217272	0.00728487	0.00739391
56	0.0198438	0.00185853	0.0038029	0.195439	0.00186693	0.00867756	0.106087	0.00235114	0.0360041	0.0135097	0.00177487	0.00426132	0.00177253	0.5715	0.00952271	0.00472987	0.00367446	0.0116763	0.000560495	0.00108654
57	0.189752	0.0167813	0.00389363	0.00694904	0.0161232	0.0205365	0.0121719	0.0840783	0.0178879	0.0585015	0.0191424	0.00957768	0.0116984	0.0109606	0.0174935	0.158284	0.191097	0.144348	0.00191535	0.0088078
58	0.021641	0.00936987	0.000637095	0.000705366	0.131042	0.00542011	0.00240933	0.155259	0.00145119	0.475722	0.0532812	0.000940958	0.00405332	0.00270275	0.00352718	0.00788281	0.00890679	0.0983921	0.00751608	0.00914009
59	0.354652	0.0478003	0.00101499	0.00572186	0.0146799	0.0173272	0.00263983	0.024164	0.00219926	0.0358261	0.0146423	0.00352168	0.00259573	0.00950108	0.00300612	0.118662	0.147865	0.183613	0.000846851	0.00972083
60	0.50498	0.00819996	0.00228607	0.00424446	0.00316954	0.0493736	0.00319138	0.00662723	0.00312814	0.00968067	0.0046551	0.00415758	0.0100179	0.00459861	0.00617412	0.29289	0.0537725	0.0257105	0.000908967	0.00223414
61	0.230956	0.0065048	0.0238561	0.0187322	0.0109179	0.038661	0.0150565	0.0187998	0.0170677	0.0367905	0.0144775	0.0116797	0.16056	0.0151774	0.0262196	0.15002	0.156012	0.0405506	0.00233699	0.0056235
62	0.598962	0.0051708	0.00117232	0.000985698	0.00162084	0.0526023	0.0019381	0.00138314	0.000681896	0.00329295	0.00155208	0.000874456	0.0175044	0.00186627	0.00442822	0.242358	0.0518514	0.0105935	0.000412235	0.000749876
63	0.0184318	0.00358661	0.00140305	0.000502611	0.0659794	0.00505045	0.00049065	0.36243	0.00134436	0.323747	0.029891	0.000752506	0.00613904	0.00115393	0.00100815	0.00259611	0.00626863	0.166201	0.00106646	0.00195863
64	0.199745	0.0740742	0.00485464	0.00648733	0.0915849	0.0401784	0.0105201	0.0526433	0.0108914	0.0806353	0.0378214	0.00958831	0.011497	0.0115361	0.011759	0.0804407	0.127857	0.108497	0.012609	0.0167796
65	0.0495418	0.00392042	0.0207966	0.0235699	0.00213605	0.809548	0.00343375	0.00359047	0.00284004	0.0049003	0.00181107	0.00957063	0.00291476	0.00360322	0.0135592	0.0266367	0.00478923	0.00859661	0.00135225	0.00288913
66	0.0272041	0.00276987	0.000738524	0.0012563	0.00334789	0.00131088	0.00047395	0.318303	0.00236639	0.103047	0.0394306	0.000454954	0.00167544	0.000774837	0.00268279	0.00529264	0.0150885	0.470362	0.00187673	0.00154463
67	0.0242448	0.0030335	0.000876255	0.00094483	0.0247752	0.0042217	0.000651824	0.335841	0.00197343	0.199039	0.0597518	0.00129468	0.00380669	0.00121579	0.00289843	0.00724338	0.0264728	0.298173	0.00211047	0.00143123
68	0.0196888	0.00199931	0.00341322	0.18731	0.00205735	0.00820317	0.106892	0.00259533	0.0349659	0.0139071	0.00190632	0.00424216	0.00173515	0.579657	0.00917318	0.0046493	0.00376699	0.0121685	0.000635228	0.00103272
69	0.516268	0.00696035	0.00090902	0.00144037	0.00201451	0.0454783	0.0013353	0.00287129	0.0017654	0.00457653	0.00210288	0.00169993	0.00603638	0.00311811	0.00519002	0.316239	0.0576755	0.0223837	0.000664942	0.00127106
70	0.0284108	0.0052065	0.000836344	0.000312377	0.0839554	0.00613502	0.00035297	0.312189	0.000820585	0.284506	0.0271112	0.00046808	0.00259455	0.000645894	0.000917376	0.0030159	0.00185387	0.238125	0.000726714	0.00181523
71	0.0420431	0.00482794	0.00039308	0.000272372	0.104882	0.00971868	0.000351843	0.238657	0.000455098	0.336155	0.0333623	0.000325349	0.00129096	0.000744234	0.000639535	0.00318711	0.0010124	0.219688	0.000352346	0.00164191
72	0.0446691	0.00521865	0.0178016	0.0205204	0.00457782	0.802336	0.00204211	0.00424807	0.00281353	0.00642324	0.00329858	0.011008	0.00298468	0.00290022	0.0130821	0.0297287	0.007724	0.00970908	0.00747965	0.00143472
73	0.0610824	0.00520444	0.0188917	0.0216438	0.0038729	0.763471	0.00455602	0.00524335	0.00526888	0.0087012	0.00231474	0.0128459	0.00727651	0.00417343	0.0159957	0.036085	0.009109	0.0107653	0.00121628	0.00228235
74	0.0359071	0.00586108	0.0251578	0.142994	0.00973993	0.020372	0.0811509	0.0120881	0.0602796	0.0264142	0.0062847	0.027316	0.0139193	0.406897	0.0418467	0.0268328	0.0183755	0.0191025	0.00395819	0.015502
75	0.0157016	0.00140798	0.00383447	0.00617611	0.00700496	0.0174442	0.00410295	0.003809	0.00197689	0.0131275	0.00228382	0.00389606	0.859942	0.0094519	0.0120457	0.0170946	0.0061457	0.012928	0.000784342	0.00084182
76	0.0110779	0.00129047	0.000788922	0.000993534	0.0794035	0.00653074	0.00122527	0.0420791	0.0017874	0.624983	0.170362	0.00231747	0.0172161	0.00164288	0.00654131	0.00568055	0.00652912	0.0162953	0.00104472	0.00221087
77	0.0106256	0.00155274	0.00144874	0.00104606	0.0788973	0.00672727	0.00118211	0.0506957	0.00247079	0.568788	0.203842	0.00363379	0.0158985	0.00212274	0.00626836	0.00824147	0.0126242	0.0212741	0.00135505	0.00130516
78	0.0170395	0.00237425	0.00101978	0.000877746	0.00700821	0.00157302	0.000801317	0.418938	0.00190605	0.0801021	0.0290768	0.000594346	0.00131493	0.00090701	0.00318986	0.00585064	0.0196437	0.40462	0.00170511	0.00145806
79	0.035671	0.00447088	0.000964613	0.00151784	0.00774987	0.00251897	0.000783066	0.195411	0.00249718	0.149744	0.0501365	0.00065449	0.00201687	0.000955558	0.00240313	0.00494726	0.0109844	0.523356	0.00157067	0.00164595
80	0.0513143	0.00579704	0.0195803	0.0223431	0.0044629	0.768229	0.00403202	0.00676335	0.00678697	0.00828575	0.00197806	0.0139139	0.00471747	0.00368313	0.0190098	0.034597	0.00890596	0.00950665	0.00221864	0.00387502
81	0.0708012	0.0100096	0.0039951	0.00596911	0.0364508	0.0150149	0.00651578	0.20097	0.00555823	0.151745	0.0454883	0.00455494	0.00685524	0.00849722	0.00890094	0.0272511	0.0395212	0.338338	0.00421154	0.00935157
82	0.523501	0.00838545	0.00441386	0.00649069	0.0038598	0.0534215	0.0037311	0.00715446	0.00564149	0.0120033	0.00456173	0.00490999	0.0168614	0.00581969	0.0104292	0.235418	0.0646044	0.0252395	0.00109643	0.00245654
83	0.0527811	0.00348576	0.203697	0.23493	0.00808664	0.0496716	0.0435891	0.0133339	0.0516012	0.015713	0.00508317	0.0557373	0.0165499	0.0879164	0.044794	0.0522476	0.0215826	0.0268587	0.00299717	0.00934371
84	0.0153814	0.00122335	0.00353108	0.00628764	0.00752134	0.0135576	0.00599555	0.0038655	0.00247306	0.00847116	0.00171494	0.00545391	0.865836	0.00879697	0.0118746	0.0163865	0.00691956	0.0127117	0.000806973	0.00119117
85	0.0517116	0.00371139	0.00202494	0.00296542	0.0163755	0.00970213	0.00620477	0.357041	0.006733	0.0756498	0.0685717	0.00467251	0.00561263	0.0054981	0.00653335	0.0277993	0.0835416	0.260445	0.0023096	0.00289659
86	0.0157668	0.00215336	0.00115665	0.000922912	0.0032917	0.00139491	0.00109013	0.415292	0.00212101	0.0612803	0.0296535	0.000709197	0.00128539	0.00132208	0.00316672	0.0085744	0.0255484	0.422043	0.001654	0.00157349
87	0.00809355	0.00207122	0.00100875	0.000702877	0.0261266	0.00212999	0.000658767	0.265348	0.000605429	0.574267	0.039461	0.00111866	0.00311105	0.00490157	0.00137074	0.00355006	0.0095718	0.0542817	0.000617031	0.00100425
88	0.0414306	0.00335935	0.00079748	0.00233645	0.0160914	0.007688	0.0018229	0.237068	0.00400648	0.13691	0.0859935	0.00239843	0.00412372	0.00237008	0.00351334	0.0114662	0.0312705	0.403382	0.00226419	0.00170708
89	0.0160044	0.00437384	0.00534921	0.00460683	0.21513	0.00776217	0.0592772	0.0159662	0.00635973	0.0441738	0.00626776	0.00340621	0.00515099	0.0150048	0.014069	0.00922954	0.00606805	0.0178058	0.0199566	0.524038
90	0.0661719	0.0165786	0.0259817	0.0262695	0.00758057	0.148608	0.0174929	0.0148401	0.0599169	0.0206273	0.00717779	0.0886023	0.0142875	0.0265174	0.0393118	0.193984	0.142541	0.0498691	0.00410248	0.0295396
91	0.00898568	0.00479084	0.000731465	0.00394126	0.35901	0.00441872	0.042513	0.0291888	0.00346181	0.0401457	0.0143003	0.00138551	0.00945647	0.00912906	0.0126728	0.00772535	0.00430267	0.0131475	0.0230859	0.407607
92	0.0120045	0.00244997	0.000783803	0.000770032	0.0426161	0.0047915	0.00079546	0.206111	0.00237201	0.482522	0.121792	0.00470834	0.00504076	0.00448711	0.00442507	0.00869075	0.0225478	0.070394	0.00142991	0.00126783
93	0.00822662	0.00152395	0.000707556	0.00143814	0.201214	0.00510911	0.0661777	0.00466247	0.00569753	0.0269074	0.0025432	0.00112308	0.0028395	0.016637	0.0130373	0.00264193	0.00214831	0.0094687	0.0149629	0.612933
94	0.00872411	0.00132131	0.126054	0.0623242	0.00127261	0.068447	0.0284546	0.00199525	0.152344	0.00450748	0.00136811	0.289716	0.0015964	0.00888032	0.0400707	0.14914	0.0473278	0.00384696	0.00140085	0.00120815
95	0.0116332	0.0200285	0.000648066	0.00433695	0.376756	0.00265757	0.0166274	0.0909863	0.00149151	0.181948	0.0237231	0.00124572	0.00453529	0.00260797	0.00963584	0.0130561	0.0134647	0.0394357	0.056296	0.128886
96	0.358607	0.0612905	0.0017245	0.00684011	0.0133143	0.0193068	0.00324017	0.0207198	0.00253484	0.0298749	0.0139771	0.00439238	0.00383487	0.00978969	0.00516593	0.113633	0.125776	0.195256	0.00146624	0.00925581
97	0.0240699	0.00706845	0.0866526	0.105914	0.00181208	0.0141566	0.0468891	0.0293628	0.203801	0.0174875	0.00355198	0.125359	0.0167646	0.100327	0.1036	0.0501808	0.0387254	0.0189268	0.00447195	0.000879019
98	0.0209679	0.0018064	0.106351	0.0689297	0.00126727	0.156577	0.0244818	0.00206827	0.109387	0.00373767	0.001348	0.244411	0.00264522	0.0192453	0.0348746	0.147183	0.0426261	0.00589178	0.000729641	0.00547262
99	0.0241954	0.00675813	0.0875049	0.0992262	0.00182635	0.012396	0.056931	0.0273967	0.192893	0.0175719	0.00315244	0.128073	0.0155728	0.104731	0.111301	0.0484802	0.0344711	0.0212784	0.00545981	0.000781968
100	0.133588	0.00518487	0.0697546	0.0942072	0.00403724	0.0255917	0.0251352	0.0126649	0.0979157	0.0405073	0.0123932	0.0354718	0.116053	0.0864486	0.0777522	0.0800143	0.0538568	0.0266535	0.000605662	0.00216377
101	0.041778	0.000492772	0.32283	0.30624	0.00313645	0.0551033	0.0376016	0.00527681	0.0220649	0.00132063	0.000537626	0.0541613	0.00172793	0.0362104	0.0327856	0.0442369	0.00802859	0.0175407	0.000273801	0.00865351
102	0.00964482	0.00207212	0.000924834	0.000651663	0.0287907	0.00213165	0.000621375	0.239089	0.000724707	0.584854	0.0440683	0.00128234	0.00271458	0.00469266	0.00150061	0.00377968	0.00932453	0.0615766	0.00060229	0.000953991
103	0.130296	0.00947346	0.015414	0.0189037	0.00511112	0.698378	0.00222718	0.00992194	0.00318734	0.0140716	0.00221041	0.00636498	0.00439204	0.00251174	0.0104505	0.0360155	0.012222	0.0157309	0.000538715	0.00257948
104	0.096424	0.00908884	0.0260945	0.0635747	0.00284347	0.0654804	0.0314272	0.00648635	0.132596	0.0279867	0.00675223	0.0373824	0.0883415	0.0797425	0.196127	0.069365	0.0410201	0.0128944	0.00230675	0.00406639
105	0.020489	0.00662391	0.0889906	0.110203	0.00124441	0.013643	0.0477399	0.0264233	0.20706	0.015521	0.00310332	0.127205	0.0156793	0.103866	0.108128	0.0473771	0.0344834	0.017145	0.00443048	0.000644731
106	0.0113781	0.000950739	0.000861675	0.000905193	0.0878736	0.00633292	0.000933132	0.0333646	0.00173853	0.631867	0.170189	0.00132753	0.0197688	0.00103054	0.00691244	0.00470622	0.00341502	0.0141314	0.0011282	0.0011854
107	0.00612558	0.00380176	0.000769935	0.00471733	0.462295	0.00381836	0.0413971	0.0189689	0.00303396	0.0178918	0.0153689	0.00123102	0.0135056	0.00743846	0.014835	0.00768541	0.00308935	0.00676741	0.00963538	0.357623
108	0.0456629	0.0157853	0.00386584	0.00653958	0.0379412	0.0198278	0.0159375	0.106588	0.0179559	0.255367	0.0341858	0.011748	0.0144216	0.0138938	0.124696	0.0279266	0.0298951	0.196968	0.0151923	0.00560202
109	0.0612679	0.00123175	0.00571557	0.0054386	0.00552789	0.022202	0.0046304	0.00372436	0.00119398	0.0127099	0.00192789	0.00233075	0.808396	0.00791661	0.00780656	0.0215534	0.0140624	0.0105699	0.000610222	0.00118381
110	0.0151887	0.034448	0.00122995	0.00215807	0.228588	0.00641998	0.00914272	0.0708872	0.00189291	0.194029	0.0198527	0.00167193	0.00560855	0.00277789	0.0246917	0.0261416	0.0173182	0.0464607	0.240166	0.0513259
111	0.376643	0.0417185	0.00105021	0.00828289	0.0102376	0.012494	0.00260106	0.0170595	0.00186412	0.0255546	0.0161278	0.00433597	0.0027132	0.00692196	0.00334142	0.127036	0.163706	0.16932	0.000793828	0.00819747
112	0.5934	0.00754559	0.0016702	0.00309052	0.00202198	0.0709663	0.000924433	0.00311223	0.000633885	0.00705554	0.00271343	0.000937689	0.00920443	0.00289427	0.00458439	0.2101	0.0593847	0.0177723	0.000497343	0.0014913
113	0.0828433	0.0430949	0.00779489	0.00930556	0.0526233	0.0323078	0.00909965	0.0321727	0.00783311	0.0478415	0.0143519	0.011788	0.0168455	0.00974877	0.0470699	0.061449	0.032581	0.0546737	0.409166	0.0174097
114	0.108197	0.0159778	0.014871	0.019494	0.0205335	0.0313614	0.021425	0.0659703	0.0343859	0.0564995	0.0269496	0.0282166	0.0195749	0.0658716	0.0326904	0.088441	0.149644	0.182934	0.00452156	0.0124399
115	0.0264069	0.0479279	0.00315021	0.00401963	0.231459	0.0113124	0.0133518	0.0837323	0.0038733	0.292494	0.0296634	0.00772123	0.00606185	0.00855832	0.0124663	0.025534	0.0247803	0.0592403	0.0405278	0.0677189
116	0.0380731	0.00548662	0.00043134	0.00038836	0.0863146	0.00775886	0.000398347	0.235771	0.000660111	0.296265	0.0391489	0.000360182	0.00159853	0.000733695	0.000627331	0.00381132	0.00375158	0.27646	0.000399879	0.00156108
117	0.0200173	0.0287945	0.00192514	0.0047622	0.255414	0.00810994	0.0106399	0.070138	0.0033249	0.171067	0.0463815	0.00332454	0.00784276	0.00364607	0.0198952	0.0220611	0.0193752	0.0463863	0.191592	0.0653028
118	0.233394	0.0221976	0.00394669	0.0106076	0.0118052	0.0173931	0.00602382	0.0326104	0.00883739	0.0322295	0.0120839	0.00885316	0.00814566	0.0106489	0.0117554	0.157323	0.249589	0.152676	0.00221992	0.00765974
119	0.623983	0.00567963	0.000353417	0.00044944	0.000719471	0.0620344	0.000729072	0.000972511	0.000543119	0.00233343	0.000726601	0.000631884	0.00398149	0.00189007	0.00385937	0.234945	0.0472909	0.00795221	0.000331998	0.00059387
120	0.04241	0.00467629	0.000391434	0.000292719	0.104223	0.00984741	0.000332464	0.239162	0.000437881	0.335867	0.0332267	0.000338892	0.00130576	0.000722617	0.000564812	0.00314692	0.00097892	0.220298	0.000214051	0.0015627
121	0.011811	0.00166146	0.00149624	0.00158758	0.121068	0.00568281	0.00169047	0.0527585	0.00681037	0.486292	0.240178	0.00199688	0.0142366	0.00164133	0.00642803	0.0065269	0.00427715	0.0301493	0.00133571	0.00237129
122	0.0657014	0.0162992	0.012603	0.0137745	0.0562258	0.0728676	0.0855767	0.0570589	0.0170908	0.198074	0.0403187	0.0311432	0.0208887	0.0229363	0.0285901	0.0440028	0.0464202	0.139085	0.00779659	0.0235461
123	0.0883202	0.00876153	0.000738918	0.00315726	0.100134	0.0219658	0.00307535	0.165796	0.00437946	0.211215	0.0705231	0.0014535	0.00636789	0.00191262	0.00326236	0.0317148	0.0510124	0.218629	0.00317329	0.00440753
124	0.0484041	0.0049972	0.000393813	0.000766301	0.0977649	0.0137614	0.000400876	0.225968	0.000650361	0.322735	0.0380883	0.0005552	0.00342404	0.000936106	0.000831185	0.00658985	0.00812215	0.223093	0.000622338	0.00189605
125	0.00969656	0.00208973	0.000719937	0.000708697	0.0858293	0.00489728	0.00102839	0.0541629	0.00136222	0.637904	0.149199	0.0012217	0.0147405	0.00173115	0.00536892	0.00451501	0.00372912	0.0180989	0.00144606	0.00154977
126	0.606106	0.0054673	0.000537804	0.000891126	0.000925462	0.0553745	0.00101872	0.00124977	0.00144424	0.00243325	0.00109897	0.00124235	0.00544057	0.00367175	0.00721975	0.246333	0.0485963	0.00985777	0.000425298	0.000666009
127	0.0720425	0.00336915	0.00122226	0.00199244	0.0245628	0.00577259	0.0101848	0.40954	0.00308019	0.0294101	0.0977948	0.00192024	0.00225404	0.00852428	0.00247972	0.0199526	0.101862	0.201036	0.00152966	0.00146889
128	0.0403145	0.0280798	0.00114699	0.00171762	0.222237	0.00927961	0.00637775	0.126592	0.00184914	0.316592	0.0450551	0.0020159	0.00170499	0.00388029	0.00595309	0.0343583	0.0291752	0.0853869	0.0180818	0.0202024
129	0.0318663	0.0141727	0.0375481	0.0287534	0.00917537	0.297273	0.0308637	0.0068232	0.0352134	0.0118698	0.00408983	0.267735	0.0147547	0.00950585	0.0319681	0.10639	0.0362585	0.0141865	0.00483336	0.00671906
130	0.489205	0.006877	0.00196077	0.0634089	0.00457339	0.0569796	0.0022909	0.0124905	0.00219156	0.0155811	0.0418787	0.00631306	0.0361112	0.0138927	0.020645	0.0558292	0.0595295	0.104799	0.00139353	0.00404956
131	0.481212	0.0591012	0.00202461	0.00478409	0.00256341	0.0907064	0.00192238	0.0049187	0.00166681	0.0114309	0.00201173	0.00442299	0.0054464	0.00348838	0.00484052	0.261414	0.041839	0.0123647	0.00160781	0.00223393
132	0.120776	0.0100894	0.0497388	0.0392282	0.00647897	0.0492055	0.0155652	0.0123696	0.0263266	0.0177318	0.00654276	0.125026	0.011737	0.0189545	0.0379561	0.225348	0.144751	0.0556988	0.00171164	0.0247644
133	0.013844	0.0254025	0.000781945	0.00230426	0.329788	0.00221726	0.0128345	0.106542	0.00123936	0.246555	0.0237323	0.00123047	0.00161047	0.00257052	0.00816046	0.014411	0.0167823	0.0517947	0.0566431	0.0815556
134	0.0296627	0.00550111	0.018194	0.00534615	0.0343621	0.00828535	0.00762748	0.342591	0.00991209	0.194605	0.037208	0.0084741	0.00894643	0.0070317	0.0122868	0.0189283	0.0267373	0.21499	0.00317945	0.00613144
135	0.0237038	0.0102082	0.00570098	0.0111994	0.0396863	0.0652503	0.0176444	0.00645021	0.00695882	0.0104032	0.00429435	0.268591	0.0433308	0.00483244	0.0138001	0.267573	0.182872	0.010564	0.00318143	0.00375454
136	0.0328587	0.00455863	0.00352069	0.0175299	0.00313567	0.0136044	0.0193723	0.00290907	0.518951	0.00732309	0.0110985	0.0284866	0.0023107	0.0548367	0.251372	0.0159457	0.00765207	0.00171386	0.000825923	0.00199479
137	0.0266412	0.0124736	0.00236186	0.00587167	0.375838	0.0112652	0.0199465	0.0720343	0.00365507	0.171271	0.0316528	0.0035681	0.0109841	0.0045165	0.0124956	0.0180934	0.0177934	0.0510344	0.0225802	0.125923
138	0.125244	0.012231	0.0114146	0.0188008	0.0120696	0.0423499	0.00934435	0.0236535	0.0172874	0.0293944	0.0144119	0.042469	0.021955	0.0121937	0.0218063	0.273541	0.245099	0.0565214	0.00407122	0.00614237
139	0.0446312	0.0148504	0.0222388	0.0361039	0.0109875	0.0526276	0.0351331	0.0237778	0.163604	0.0520579	0.0113988	0.0418289	0.0204347	0.0469726	0.275023	0.0507842	0.0279941	0.0353616	0.0208618	0.0133283
140	0.0316914	0.00596764	0.000607238	0.000309246	0.0969105	0.00712862	0.00035004	0.273681	0.0007472	0.312825	0.0287161	0.000431211	0.00219256	0.000673409	0.00061038	0.00291438	0.00107297	0.230718	0.000460926	0.00199296
141	0.476955	0.00758766	0.00246038	0.00309642	0.00371028	0.0434395	0.00307767	0.00556757	0.00331638	0.00797991	0.00309061	0.0058186	0.0156858	0.00524722	0.00927534	0.267356	0.104706	0.0284606	0.000985297	0.00218297
142	0.0340555	0.00142166	0.0535129	0.0537521	0.00170313	0.764944	0.00559316	0.00171451	0.00478543	0.00294135	0.000874728	0.0136801	0.00316445	0.00622093	0.01519	0.0246766	0.00328199	0.00569071	0.000358293	0.00243843
143	0.0503672	0.00367214	0.189967	0.23466	0.0102917	0.0596887	0.0461018	0.0110718	0.0453599	0.0130732	0.00506516	0.0543517	0.0133819	0.113473	0.0400541	0.0489309	0.0223259	0.0258372	0.00345079	0.00887533
144	0.0705933	0.00821977	0.00217692	0.00319509	0.0397581	0.0190964	0.00460802	0.177799	0.0108926	0.244098	0.0762154	0.00663816	0.0112795	0.00439732	0.00891482	0.0450496	0.0961208	0.164215	0.00266398	0.00406728
145	0.0255303	0.0132654	0.00310599	0.00623508	0.381611	0.0113902	0.0205935	0.0699172	0.00502046	0.1629	0.031442	0.00345954	0.0145838	0.00495827	0.0129841	0.0185458	0.0153231	0.0482524	0.0277093	0.123173
146	0.0459761	0.00451376	0.0184082	0.0218135	0.00465898	0.800046	0.0042747	0.00563096	0.00449478	0.00798467	0.0021068	0.010755	0.00366186	0.00389675	0.0146861	0.0285657	0.00692502	0.00890154	0.00110911	0.00159012
147	0.0118869	0.00266135	0.00152034	0.00220239	0.010836	0.0161594	0.00257596	0.140228	0.00808001	0.177162	0.376483	0.0205672	0.00385954	0.0124428	0.00969073	0.0363257	0.0882283	0.075622	0.00191326	0.00155523
148	0.0288036	0.00783904	0.00373065	0.00283064	0.0882419	0.00949312	0.00343297	0.124412	0.00517249	0.498665	0.0670931	0.00524285	0.0110809	0.00560468	0.00822964	0.0138814	0.0154595	0.0834608	0.0111639	0.00616115
149	0.0314229	0.00526717	0.00198429	0.00241716	0.0469175	0.00612144	0.00548854	0.363267	0.00681092	0.189895	0.0445193	0.00311593	0.0045307	0.00417281	0.00653834	0.0138417	0.0315936	0.221678	0.00571112	0.00470639
150	0.621032	0.005673	0.000423106	0.000480425	0.000852951	0.0603794	0.000749159	0.00116895	0.000599549	0.0024005	0.000764408	0.000644801	0.00459334	0.00192425	0.00430802	0.234725	0.0498839	0.0083233	0.000312808	0.000760531
151	0.0863068	0.00614722	0.000737194	0.00555718	0.0359991	0.0400841	0.00170861	0.149584	0.0050584	0.18203	0.0936156	0.0036842	0.0180678	0.00349851	0.00401994	0.0304418	0.0672349	0.258034	0.00456942	0.00362195
152	0.026461	0.00719959	0.00414955	0.00394453	0.0845106	0.00990587	0.00594124	0.138652	0.0094936	0.461193	0.0600362	0.00626721	0.00954275	0.00825071	0.0167564	0.0141367	0.0164009	0.0996526	0.00715428	0.0103516
153	0.0199692	0.012747	0.0024653	0.00487895	0.374599	0.0100221	0.0203166	0.0622965	0.00328627	0.188504	0.0340068	0.00346013	0.0106095	0.00468782	0.0131949	0.0151151	0.0138762	0.0465829	0.0301738	0.129208
154	0.0290975	0.00885569	0.000637672	0.000614105	0.128036	0.00685113	0.00158684	0.181271	0.00196893	0.36648	0.0884443	0.000686327	0.00337293	0.00163682	0.00270153	0.00843791	0.00847206	0.151382	0.0040207	0.00544685
155	0.0319152	0.00520125	0.0246589	0.150053	0.00497046	0.0208449	0.0782686	0.0127313	0.0730165	0.0212244	0.00848504	0.0253572	0.0198887	0.407161	0.0472059	0.0208171	0.0166364	0.0232774	0.00189908	0.0063881
156	0.0207429	0.0019203	0.00128132	0.214187	0.00212492	0.00833473	0.099098	0.00226071	0.0379555	0.0133022	0.0016961	0.00407025	0.00149572	0.56242	0.00858373	0.0037919	0.00353292	0.0114614	0.000581653	0.00115867
157	0.430936	0.014295	0.00449002	0.0106328	0.0105963	0.0470696	0.00502491	0.0241968	0.00666588	0.0297521	0.012704	0.0117663	0.0221188	0.00768175	0.0109605	0.165158	0.106341	0.0711772	0.00291269	0.00551946
158	0.0123976	0.00195491	0.00104482	0.000880393	0.00159751	0.00109372	0.000617661	0.451194	0.00188992	0.0561623	0.0248672	0.000595306	0.00118936	0.000808788	0.00332655	0.00607229	0.0201521	0.410943	0.00178235	0.00143019
159	0.024493	0.00379663	0.00163019	0.00800313	0.00368559	0.0022363	0.00767809	0.00341233	0.634357	0.00771616	0.015371	0.0249535	0.000738867	0.0404513	0.203705	0.00802198	0.00615861	0.00226812	0.000370065	0.000953492
160	0.064672	0.00548069	0.0196954	0.0223774	0.0035081	0.774396	0.00274967	0.0052949	0.00279971	0.00778991	0.00172583	0.0104474	0.00486303	0.00347055	0.0132626	0.034528	0.00796242	0.0114266	0.00116058	0.00238941
161	0.0379324	0.00447461	0.000436933	0.000781613	0.04558	0.00424681	0.000372952	0.214371	0.00136998	0.243391	0.0508994	0.000381953	0.00170129	0.000694947	0.00138793	0.00348664	0.00633572	0.379624	0.00108923	0.00144106
162	0.0227494	0.00331447	0.00127955	0.00129102	0.0182166	0.00225196	0.000681477	0.321469	0.00553251	0.152057	0.0326914	0.000844973	0.00360979	0.000755689	0.00293869	0.00554618	0.0124807	0.404977	0.00213274	0.00517914
163	0.0630436	0.0149016	0.0792511	0.0670755	0.00204757	0.268162	0.03814	0.00255335	0.00994885	0.0101598	0.00174394	0.105108	0.00503614	0.0131683	0.04504	0.21544	0.0211373	0.0140084	0.00134737	0.022687
164	0.0338701	0.00311923	0.0901347	0.213544	0.00260011	0.0243505	0.0748526	0.00649526	0.0561791	0.012817	0.00250832	0.0325276	0.00940535	0.344058	0.036358	0.0243091	0.012602	0.0163221	0.00120146	0.00274509
165	0.025963	0.0126073	0.00382323	0.00619125	0.363267	0.0102056	0.0172007	0.082899	0.00377596	0.187107	0.0339607	0.00478699	0.0121034	0.00550789	0.0115565	0.0193284	0.0162	0.0604761	0.0176833	0.105357
166	0.0179342	0.0139577	0.00142341	0.0185859	0.00613932	0.112954	0.0531251	0.0016794	0.16813	0.0195349	0.00109096	0.0732305	0.00697687	0.0398741	0.337453	0.0756715	0.0234718	0.00346236	0.0117588	0.013546
167	0.0818711	0.00319051	0.000587228	0.00922495	0.0144595	0.0239952	0.00134475	0.181782	0.00657691	0.123831	0.0600196	0.0010441	0.0132959	0.00164681	0.00312093	0.0214232	0.0408642	0.405043	0.00413992	0.0025386
168	0.0187073	0.021983	0.0028069	0.00326719	0.226024	0.00704319	0.0231732	0.0612742	0.00435824	0.151467	0.018791	0.00385098	0.00597905	0.00616724	0.0175259	0.0178964	0.0148538	0.0381246	0.15602	0.200686
169	0.0369772	0.037376	0.00370328	0.00412136	0.00654152	0.00988795	0.0172203	0.0628945	0.0172235	0.202614	0.0307703	0.010044	0.0137965	0.0174769	0.377015	0.0193251	0.0107659	0.0923439	0.0262616	0.00364164
170	0.0178163	0.0177518	0.00148375	0.00424573	0.29443	0.00665645	0.0213874	0.0756081	0.0030479	0.222114	0.0774099	0.00463143	0.00721569	0.00542724	0.0104896	0.0168659	0.0164393	0.0486325	0.0315755	0.116772
171	0.188582	0.0183499	0.00068781	0.00627526	0.0333202	0.0499572	0.00249812	0.0957487	0.00453564	0.114058	0.0459476	0.00188753	0.0150352	0.00664559	0.00334872	0.0712741	0.0960245	0.233422	0.00365952	0.00874182
172	0.0452041	0.0109957	0.0757205	0.0709558	0.0123903	0.0593837	0.0374384	0.0210201	0.0980915	0.0350329	0.0113752	0.185877	0.0196072	0.0459858	0.0714486	0.10437	0.0542444	0.029059	0.0047227	0.0070773
173	0.0682422	0.00509598	0.0208872	0.022998	0.00538019	0.742074	0.00446728	0.00597675	0.00421287	0.0104801	0.00324897	0.0133553	0.00984351	0.00357314	0.0151487	0.0360093	0.0132507	0.0118892	0.000917915	0.00294838
174	0.045234	0.00776631	0.000948288	0.00174466	0.0445741	0.0148093	0.00283555	0.167896	0.00709359	0.250823	0.183618	0.0096578	0.00530374	0.00571505	0.00621596	0.037976	0.0776405	0.124554	0.0026655	0.00292936
175	0.0132072	0.0292438	0.000623409	0.00183654	0.300329	0.0034567	0.0103863	0.0911007	0.00126968	0.271038	0.0239859	0.0011298	0.00280722	0.00332751	0.0122202	0.0163075	0.0155363	0.0540652	0.0934089	0.05472
176	0.52207	0.0077257	0.00217751	0.00280012	0.00185249	0.124441	0.00260585	0.00261425	0.00149869	0.00547985	0.0011756	0.0042289	0.00417372	0.0052167	0.00579172	0.255087	0.0396127	0.00904788	0.000697075	0.00170325
177	0.0273558	0.00394945	0.000632874	0.000852156	0.0331704	0.0030692	0.000368626	0.275759	0.00208945	0.199087	0.0374776	0.000469711	0.00229188	0.000553013	0.0018374	0.00350913	0.00795466	0.396122	0.0014882	0.00196227
178	0.0321809	0.00528355	0.000677171	0.000367989	0.0847469	0.00679912	0.000387144	0.290074	0.000945262	0.288775	0.031742	0.000528619	0.00223041	0.000734491	0.00104084	0.00392306	0.00411159	0.242798	0.000839045	0.0018148
179	0.0160329	0.010606	0.00100503	0.00108909	0.216954	0.00460843	0.00295034	0.0704079	0.00143379	0.511898	0.0598541	0.00112354	0.00556217	0.00224654	0.00486926	0.00888782	0.00871678	0.052316	0.00943831	0.0100004
180	0.279183	0.0504175	0.00291685	0.00637029	0.018709	0.0238089	0.00434344	0.037094	0.00502274	0.0382158	0.0126236	0.00695929	0.00378328	0.0138045	0.00670568	0.152699	0.173078	0.145519	0.00131476	0.017432
181	0.135464	0.0171007	0.00218556	0.00478471	0.0668184	0.0402073	0.0129088	0.108877	0.00673096	0.155618	0.0653638	0.00844937	0.0132578	0.00837013	0.00437534	0.0585563	0.0943018	0.17475	0.00376923	0.0181104
182	0.287873	0.0506412	0.00666719	0.00876512	0.0148719	0.354905	0.00446716	0.0287533	0.00442288	0.0408997	0.00591352	0.0102598	0.00718669	0.00515843	0.00882843	0.0682591	0.0323333	0.0507602	0.00284481	0.00619005
183	0.0242039	0.00592259	0.000460448	0.000482973	0.0781669	0.0053972	0.000627507	0.177801	0.000563958	0.510693	0.0387871	0.000810439	0.00224318	0.00297078	0.00136573	0.00554743	0.00583474	0.13536	0.000708991	0.00205201
184	0.030384	0.00838639	0.000408805	0.000481963	0.117551	0.00677046	0.00142072	0.195781	0.000859772	0.404353	0.0344853	0.000584301	0.00180721	0.00159025	0.00193285	0.00580007	0.00514451	0.172315	0.00437666	0.00556769
185	0.0128418	0.0260278	0.000771514	0.00200146	0.328536	0.00197315	0.0129299	0.106578	0.00117256	0.252232	0.0229857	0.00114387	0.00118465	0.00245827	0.00801386	0.0144692	0.0160555	0.0508211	0.0573757	0.0804281
186	0.262068	0.0205701	0.00904542	0.0113708	0.0103083	0.0693854	0.00645117	0.0245542	0.0108837	0.0426927	0.00775912	0.0156929	0.0308075	0.0109264	0.015333	0.218792	0.166976	0.058139	0.00165467	0.00658961
187	0.602655	0.00697969	0.000410155	0.000567919	0.000956415	0.0814984	0.000854601	0.00106006	0.000732791	0.00282313	0.000735674	0.000726527	0.00378265	0.00262403	0.00368251	0.238542	0.0423862	0.0075465	0.000363526	0.00107223
188	0.0134743	0.00286072	0.000996675	0.000887839	0.0236954	0.00513052	0.00105683	0.259949	0.00429604	0.361619	0.155835	0.00779727	0.00394064	0.00482273	0.00593824	0.0139019	0.0468674	0.0833615	0.0025073	0.00106104
189	0.0273198	0.00369163	0.00252242	0.00949155	0.00409421	0.00140334	0.00718552	0.00378638	0.62133	0.00917764	0.0178708	0.0261967	0.000666537	0.045232	0.203706	0.00861205	0.00490725	0.00190079	0.000262651	0.000643333
190	0.0911722	0.0102702	0.00428397	0.00975631	0.00901757	0.0216732	0.00746654	0.0290268	0.0194406	0.0602383	0.0116738	0.0172933	0.0118734	0.0108345	0.0159952	0.348392	0.234785	0.0775902	0.00415482	0.00506211
