261	20
1	0.023979	0.0105828	0.000509	0.000882359	0.104685	0.022025	0.000898864	0.174548	0.000826533	0.43292	0.0598046	0.00189747	0.025087	0.00192579	0.000715059	0.00693614	0.0166169	0.104621	0.00251339	0.00802592
2	0.0915816	0.00349657	0.0683999	0.00229797	0.00843598	0.0730665	0.107281	0.00716907	0.0168191	0.00804131	0.00675093	0.181958	0.0183501	0.00530685	0.00202315	0.219794	0.162687	0.0106962	0.00156122	0.00428306
3	0.297203	0.00653467	0.00375562	0.0032975	0.00525342	0.0270351	0.00218502	0.033248	0.00442246	0.0117803	0.00914625	0.00811927	0.0948932	0.00335551	0.00320453	0.153287	0.149479	0.176123	0.00164269	0.00603473
4	0.0255614	0.0139249	0.000617868	0.00368573	0.316445	0.0131551	0.00711944	0.0568088	0.000766438	0.161482	0.0526892	0.00373397	0.00288557	0.00854988	0.000601692	0.0126633	0.0127602	0.0370346	0.0270062	0.242509
5	0.15071	0.0244731	0.00342779	0.0033473	0.0192819	0.0347428	0.00266087	0.103286	0.000768416	0.0699351	0.0488006	0.00634455	0.00444176	0.00273332	0.000418719	0.104941	0.177981	0.224093	0.00257832	0.0150349
6	0.010508	0.000453082	0.000264865	0.000532476	0.0378734	0.00184428	0.000268064	0.527918	0.000343151	0.15981	0.0422503	0.000643808	0.00114574	0.000486914	0.000267241	0.00108801	0.00439513	0.205902	0.00117415	0.00283124
7	0.0290181	0.00383821	0.000282206	0.00106202	0.0340184	0.00459754	0.000231479	0.405562	0.000421066	0.200184	0.0780407	0.00137981	0.00132498	0.000443883	0.000488729	0.00631038	0.0238427	0.206082	0.000884416	0.00198665
8	0.0813012	0.0155418	0.000384772	0.001601	0.154374	0.0327738	0.00103713	0.130458	0.00108064	0.266552	0.0710381	0.00592419	0.00322001	0.00226031	0.00123574	0.0282229	0.0436878	0.113928	0.0143624	0.0310166
9	0.119214	0.0200412	0.000593096	0.00106298	0.0920007	0.0359653	0.00133956	0.158159	0.000622361	0.199662	0.0624062	0.00921455	0.00111436	0.00297879	0.000816536	0.0404968	0.0656247	0.153136	0.0143673	0.0211848
10	0.028943	0.00340701	0.000219805	0.00111475	0.0415463	0.00675864	0.000199659	0.41331	0.000353177	0.210082	0.0650328	0.000962713	0.00140589	0.000402093	0.000415361	0.00460678	0.0189504	0.199447	0.000944858	0.0018979
11	0.0516584	0.0144721	0.000856543	0.00148243	0.042644	0.013431	0.000522894	0.214078	0.000888101	0.327642	0.11144	0.00241357	0.0037636	0.00132823	0.00272111	0.0145002	0.0415834	0.150338	0.000574119	0.00366181
12	0.0816674	0.0080244	0.000261342	0.00222772	0.0454471	0.0273292	0.000221158	0.255354	0.000408909	0.251785	0.0507643	0.000995563	0.00138026	0.000444746	0.000636819	0.00712644	0.0326139	0.232494	0.000231594	0.000586624
13	0.0513686	0.0041833	0.000393112	0.000854331	0.120172	0.00676095	0.000534998	0.266188	0.000684201	0.313522	0.0302207	0.00177672	0.00240501	0.000889529	0.00256011	0.00526337	0.0214394	0.15916	0.00842242	0.00320159
14	0.223077	0.0554358	0.0027172	0.00316675	0.0476186	0.0303574	0.00233878	0.0697891	0.000808843	0.0528556	0.0796787	0.00608743	0.00300155	0.00243043	0.000508975	0.118283	0.110137	0.170422	0.00300382	0.0182824
15	0.202528	0.0362323	0.00442392	0.00942711	0.0339453	0.0458165	0.00355501	0.0809855	0.00157353	0.0672945	0.0517209	0.00857641	0.0045241	0.00923023	0.000879405	0.102119	0.125929	0.17082	0.0135612	0.0268567
16	0.0787851	0.00730348	0.0002842	0.00198	0.0432554	0.0253485	0.000229599	0.271514	0.000444427	0.250177	0.054345	0.00105572	0.00141668	0.000536314	0.000684087	0.00791814	0.0318147	0.221794	0.000447198	0.000666696
17	0.0438597	0.0113087	0.000408972	0.00064753	0.101795	0.0243177	0.000638042	0.127649	0.00104634	0.477071	0.0758818	0.00179827	0.00791518	0.00178741	0.00103892	0.00998973	0.0150598	0.0893618	0.00280691	0.00561702
18	0.0408546	0.00112102	0.00106807	0.00126487	0.0180262	0.0137717	0.000960639	0.0190358	0.00153071	0.0162042	0.00648564	0.010568	0.00141375	0.00695949	0.000944407	0.357533	0.459122	0.0359958	0.000775933	0.00636406
19	0.0153768	0.00453001	0.00214133	0.00202105	0.196908	0.00472307	0.0153701	0.0199555	0.00196212	0.0673774	0.0119568	0.0138531	0.00222099	0.00296792	0.00169058	0.00789591	0.00958041	0.0222957	0.247235	0.349938
20	0.0373902	0.00179153	0.000390615	0.000962512	0.107468	0.00229771	0.000577372	0.355245	0.000832751	0.24812	0.0322454	0.00174032	0.00143943	0.000774873	0.00213948	0.00375219	0.0182215	0.170538	0.0100128	0.00406008
21	0.0137388	0.00152181	0.00025448	0.000348834	0.0237103	0.00158936	0.000220265	0.508689	0.000274152	0.138595	0.0331606	0.000608228	0.000617717	0.000435871	0.000242872	0.00130585	0.00751111	0.263771	0.000459261	0.00294552
22	0.103908	0.00173823	0.0737653	0.054572	0.0045625	0.026922	0.00592916	0.00611196	0.0454597	0.00847581	0.00453027	0.0685004	0.382028	0.048095	0.0127189	0.0886088	0.0337052	0.0181969	0.000840715	0.0113311
23	0.398075	0.00262163	0.00130344	0.00298104	0.00975141	0.0911591	0.00105174	0.0126708	0.00903681	0.00572798	0.00763193	0.0219166	0.0183249	0.0110405	0.0167622	0.276344	0.0925197	0.010679	0.00812929	0.00227257
24	0.0921341	0.0060262	0.0326567	0.0333607	0.0179448	0.296943	0.0471238	0.00962576	0.0150715	0.0152644	0.0171807	0.104516	0.00879006	0.038051	0.00265094	0.131389	0.0617472	0.0253415	0.00571739	0.0384659
25	0.138647	0.00361948	0.0138763	0.130131	0.00323737	0.0389813	0.00410696	0.0139419	0.0734323	0.0342539	0.0240017	0.0622655	0.018247	0.114627	0.0313832	0.152863	0.0746086	0.0580379	0.00104528	0.00869295
26	0.101442	0.0211862	0.00174423	0.00828132	0.0068326	0.017528	0.00145081	0.263124	0.00101038	0.0611342	0.0288949	0.0162289	0.0209994	0.00419798	0.000779053	0.0709252	0.0797001	0.291058	0.000698471	0.00278371
27	0.0142407	0.00856804	0.0564843	0.0352462	0.00843279	0.00647983	0.00371315	0.296549	0.00518157	0.0635232	0.0294684	0.0228556	0.00275958	0.00588732	0.00227229	0.0152341	0.0123952	0.401613	0.00344965	0.00564558
28	0.137912	0.00119972	0.020282	0.0113234	0.00230047	0.0218882	0.00109744	0.00407001	0.029556	0.00435899	0.0029519	0.0228593	0.552003	0.0259009	0.0110021	0.0916384	0.0318125	0.0205184	0.000936974	0.00638781
29	0.0272333	0.00126815	0.0662868	0.035261	0.00220222	0.604263	0.0579702	0.00413804	0.00868492	0.00415453	0.0027232	0.121857	0.0012828	0.0111411	0.000914877	0.0155404	0.0273368	0.00527891	0.000948046	0.00151487
30	0.0406976	0.00107447	0.00108166	0.00130583	0.0186533	0.0123916	0.000930606	0.0214106	0.00161872	0.0171822	0.00728322	0.0100894	0.00135774	0.00848679	0.000918472	0.355995	0.453307	0.0396046	0.000723747	0.00588713
31	0.0083395	0.00746698	0.000764782	0.000915967	0.300756	0.00212332	0.00942073	0.0143352	0.000876435	0.0828126	0.0197701	0.00380012	0.000983004	0.00278716	0.000777436	0.00274558	0.0072339	0.0140314	0.0476656	0.472394
32	0.353087	0.00943672	0.00400589	0.0144817	0.00269766	0.0942565	0.00385984	0.0100955	0.0604498	0.0123547	0.0213522	0.0323992	0.00815432	0.0426271	0.0571568	0.168209	0.0708766	0.0290357	0.00154203	0.00392177
33	0.49985	0.0254134	0.00048828	0.00112235	0.01167	0.157761	0.000445863	0.0292748	0.000533884	0.0166246	0.0219826	0.00453888	0.00113603	0.00273397	0.000451165	0.112364	0.059381	0.0513181	0.000404281	0.00250569
34	0.0771364	0.00079723	0.205905	0.165249	0.00826959	0.0357251	0.0131482	0.00712243	0.0563672	0.0146629	0.00385354	0.157558	0.0277488	0.0839593	0.0187763	0.0773509	0.0279337	0.0118471	0.000429874	0.00616006
35	0.0210902	0.00550204	0.000386846	0.000584844	0.00861293	0.00250338	0.000222834	0.445962	0.000402639	0.111926	0.0342247	0.00120227	0.000506326	0.000378952	0.000217799	0.00341803	0.0231094	0.335351	0.000416521	0.00398135
36	0.0696438	0.0387577	0.00092449	0.00260278	0.033792	0.0145961	0.000858137	0.300913	0.00110877	0.0572363	0.115667	0.0119521	0.00456607	0.00805121	0.000754076	0.0546093	0.0271652	0.253916	0.000880088	0.00200711
37	0.118788	0.0196955	0.000675532	0.00105964	0.0931905	0.0359752	0.00131165	0.158109	0.000660624	0.198137	0.061802	0.0093964	0.00114733	0.00302607	0.000843117	0.040805	0.0661599	0.154528	0.0140785	0.0206106
38	0.0467715	0.0136212	0.000792259	0.00477695	0.264015	0.0279113	0.00249944	0.0906259	0.00109335	0.235814	0.0802791	0.00761581	0.0100928	0.00617204	0.000961273	0.0223743	0.0207706	0.0568854	0.0191482	0.0877795
39	0.020395	0.00621908	0.00041731	0.000554247	0.00432414	0.00224527	0.000219705	0.449257	0.000376967	0.0971474	0.0306966	0.00121334	0.000339477	0.00037084	0.000219227	0.00313578	0.0227665	0.356145	0.000212594	0.00374457
40	0.021422	0.0120493	0.000257314	0.000385318	0.11102	0.0224585	0.000248239	0.147942	0.000323716	0.467794	0.076776	0.000861521	0.00935698	0.00145891	0.000419505	0.00614216	0.0142673	0.0996436	0.00100489	0.00616767
41	0.0742913	0.0148679	0.000416593	0.00119385	0.0611461	0.017755	0.000613194	0.242256	0.000559924	0.210267	0.0836491	0.00526856	0.00138758	0.00188943	0.000970997	0.0279325	0.0501902	0.191382	0.00540561	0.008557
42	0.0558569	0.00668688	0.000186848	0.00130774	0.0335543	0.0113857	0.000169769	0.304291	0.000338649	0.229433	0.0755328	0.00129658	0.00124475	0.000362503	0.000547365	0.00936577	0.0386075	0.22877	0.000209526	0.000852799
43	0.180846	0.0131093	0.00546107	0.0123006	0.0139228	0.450322	0.00620983	0.0121563	0.00683472	0.0124352	0.0163652	0.0250346	0.0145676	0.0147135	0.00107291	0.115412	0.0382497	0.0244168	0.00364748	0.0329228
44	0.40602	0.0211365	0.00271479	0.00304708	0.00792974	0.288847	0.000389918	0.0191718	0.001467	0.011592	0.0171431	0.00415853	0.00676414	0.00277361	0.00117236	0.111214	0.0575141	0.0333528	0.000697445	0.00289324
45	0.188957	0.0731283	0.000894957	0.00152151	0.115804	0.0102689	0.00116774	0.065248	0.00113818	0.0745234	0.113176	0.011589	0.0015454	0.00187217	0.000948182	0.128155	0.0716496	0.113111	0.00279534	0.0225069
46	0.0319956	0.00298436	0.000394081	0.00178584	0.0990565	0.00673356	0.00117601	0.297092	0.00191546	0.266982	0.0722989	0.00397067	0.00313507	0.00150197	0.00238989	0.00717118	0.0184569	0.147553	0.0204409	0.012966
47	0.14456	0.00902138	0.00143864	0.0347454	0.0372442	0.222704	0.0236004	0.0102543	0.0157272	0.0173945	0.0288841	0.0842231	0.00927609	0.0453645	0.000781971	0.144463	0.0394903	0.0366389	0.0110996	0.0830895
48	0.0206761	0.00672443	0.000492884	0.00069714	0.00272371	0.00230714	0.000242738	0.444688	0.00038833	0.0918221	0.0304672	0.00141861	0.000320091	0.000384376	0.000217932	0.00337924	0.0229795	0.366155	0.000185261	0.00373027
49	0.0474546	0.00728608	0.000199598	0.00145407	0.0323535	0.0080766	0.000174914	0.283961	0.000449618	0.244996	0.0993072	0.00171041	0.00111819	0.000325933	0.000750515	0.0113402	0.0433388	0.214396	0.00043452	0.000872733
50	0.036944	0.00253284	0.00526505	0.00564845	0.015346	0.0145025	0.00400836	0.0186547	0.00331974	0.0338331	0.00887869	0.033476	0.00346384	0.00966655	0.00199683	0.358258	0.38979	0.0454125	0.00153681	0.00746552
51	0.00872253	0.00195797	0.0457613	0.00243831	0.00348795	0.239201	0.0777565	0.00605712	0.303873	0.00661525	0.00479604	0.0891124	0.00248876	0.014299	0.158084	0.0178355	0.00598337	0.00682637	0.00125662	0.00344724
52	0.281302	0.010751	0.00194212	0.00347921	0.0161328	0.0507059	0.00162031	0.0499199	0.00270901	0.0222941	0.0274295	0.00981768	0.0074689	0.00580291	0.00236444	0.235997	0.195026	0.0667309	0.00158666	0.00691909
53	0.021699	0.0116611	0.000230738	0.000293993	0.114976	0.023559	0.000217164	0.152472	0.00027008	0.464155	0.0656568	0.000683701	0.0114896	0.00145988	0.000436837	0.00560273	0.0137207	0.103975	0.00062413	0.00681558
54	0.0780846	0.000592913	0.220364	0.165518	0.0075205	0.0325306	0.0145456	0.00605109	0.0582737	0.0118874	0.00285507	0.171842	0.0206565	0.0787196	0.0203767	0.0706187	0.0238962	0.00883584	0.000428018	0.0064029
55	0.266501	0.00648439	0.0147243	0.042976	0.00377994	0.0688532	0.00551628	0.0320024	0.0344088	0.0307154	0.03336	0.0455438	0.00321301	0.0497241	0.0250624	0.141103	0.120617	0.0623781	0.000629399	0.012407
56	0.190919	0.0242001	0.000987142	0.00200702	0.0881406	0.0999245	0.00123793	0.122592	0.00101384	0.17369	0.0354181	0.00613585	0.00248152	0.00278789	0.000898774	0.0331295	0.0503428	0.138856	0.00704971	0.0181873
57	0.0495527	0.0077742	0.000185651	0.00136342	0.0311241	0.00826695	0.000162778	0.28166	0.000415865	0.245555	0.0956883	0.00168354	0.00118046	0.00030401	0.000759582	0.0116229	0.0448222	0.217098	0.000102394	0.000678422
58	0.0421967	0.0063297	0.00032166	0.000646719	0.117349	0.0100886	0.000450183	0.237687	0.000521823	0.360188	0.0397803	0.00132232	0.00434477	0.000983032	0.00201703	0.00519493	0.0195751	0.142063	0.00533444	0.00360566
59	0.0321656	0.00886252	0.000613427	0.00445977	0.2267	0.0174817	0.00175778	0.140695	0.00101367	0.210816	0.147823	0.00530723	0.00351813	0.00500763	0.00103349	0.0211652	0.0153045	0.0665765	0.0231327	0.0665656
60	0.473414	0.01896	0.000536375	0.00162081	0.0103282	0.154017	0.000489747	0.0277848	0.000707157	0.012269	0.0172029	0.00680316	0.00278633	0.00352599	0.00170368	0.160855	0.0633843	0.039901	0.00149511	0.00221559
61	0.0490344	0.00654611	0.000321105	0.000998839	0.097392	0.009827	0.000354807	0.262158	0.000533469	0.326246	0.0440236	0.00120647	0.00269637	0.000736829	0.00198915	0.00608756	0.0230545	0.161432	0.00333065	0.0020315
62	0.0816429	0.149722	0.00343032	0.00459199	0.193477	0.104713	0.0033957	0.0991288	0.00433036	0.22951	0.0390409	0.00707202	0.00463857	0.00573499	0.00300012	0.0144304	0.0158072	0.0221072	0.00369693	0.0105293
63	0.207884	0.015932	0.00708483	0.00467734	0.00129513	0.564857	0.000457572	0.0109057	0.00203299	0.00686214	0.00938357	0.00136076	0.0167141	0.001124	0.000377087	0.0887423	0.0381167	0.017711	0.000346004	0.00413583
64	0.0559469	0.00121166	0.00108256	0.00120297	0.0252563	0.0100957	0.000992741	0.0239108	0.00143308	0.0180914	0.00835469	0.00931102	0.00137074	0.0066534	0.000912347	0.343177	0.44536	0.0391866	0.00100748	0.00544257
65	0.0674511	0.00473992	0.00248299	0.00280657	0.0344717	0.0106579	0.000938501	0.140123	0.00152013	0.149031	0.0321634	0.00949123	0.00421058	0.00547609	0.00068309	0.0682034	0.205764	0.251147	0.00263864	0.00599929
66	0.0496449	0.0223731	0.00108494	0.0136898	0.224823	0.0189191	0.00339325	0.115907	0.00195352	0.159214	0.110575	0.00621044	0.00389034	0.023706	0.0010876	0.0225225	0.0289384	0.0818093	0.0151652	0.0950924
67	0.191941	0.0148241	0.00989668	0.00608924	0.00121142	0.579042	0.00346934	0.0103978	0.00246091	0.00654505	0.0090641	0.00762844	0.0156525	0.00166315	0.000402512	0.0823842	0.0360288	0.0167895	0.000650086	0.00385879
68	0.105212	0.0198494	0.000608556	0.00129323	0.100931	0.0323092	0.00145809	0.15644	0.000790357	0.22561	0.0659875	0.00909353	0.00180297	0.00310909	0.00122871	0.0359867	0.0593012	0.143191	0.0135294	0.0222685
69	0.148984	0.0135926	0.0018234	0.0423604	0.0628281	0.182388	0.0119811	0.0184214	0.0119262	0.0312094	0.0226022	0.0559045	0.0168853	0.0468877	0.00106606	0.147785	0.037414	0.0421762	0.0130216	0.090743
70	0.0824971	0.00335469	0.169716	0.159343	0.00746024	0.0355311	0.0140502	0.0127165	0.0543128	0.0226805	0.0103288	0.143917	0.0219924	0.0806846	0.0179464	0.0896122	0.034643	0.0308387	0.00076969	0.00760477
71	0.0828943	0.00524616	0.041255	0.135492	0.00562631	0.0299939	0.0135859	0.0191572	0.0582956	0.0600203	0.0205696	0.0684561	0.0259312	0.106516	0.0176578	0.175319	0.0670335	0.0573514	0.00126226	0.00833725
72	0.174678	0.0460146	0.00371866	0.00408113	0.0531032	0.0410815	0.002936	0.0876532	0.000931855	0.0552132	0.0634248	0.0107956	0.004099	0.00294581	0.000612908	0.12442	0.126516	0.163158	0.00461061	0.030006
73	0.0203606	0.00740451	0.000296315	0.000579915	0.0947296	0.0151709	0.000320952	0.256736	0.000482903	0.370092	0.0660446	0.00102869	0.00931542	0.00100935	0.000748759	0.00474825	0.0142251	0.126697	0.00258688	0.00742241
74	0.326153	0.00318024	0.00268895	0.00295937	0.0058813	0.209697	0.00207826	0.0823009	0.00306084	0.0187937	0.00790365	0.00502414	0.131427	0.00620888	0.00206187	0.018975	0.0222077	0.143599	0.00235395	0.00344625
75	0.0309545	0.0129681	0.000629178	0.00459629	0.321457	0.0182662	0.00486614	0.0673945	0.000785126	0.190718	0.059728	0.00396628	0.00379528	0.00730593	0.000564922	0.0165175	0.0145921	0.0402712	0.0241508	0.176474
76	0.092471	0.0196654	0.00083084	0.00271497	0.12913	0.029983	0.00301721	0.144831	0.00181404	0.208598	0.0644375	0.00885893	0.00204888	0.0067839	0.0018963	0.0358406	0.052627	0.125947	0.0200292	0.048474
77	0.115486	0.00296751	0.00242367	0.00280275	0.0137159	0.04368	0.00191898	0.101315	0.00283016	0.122291	0.118262	0.00463601	0.26116	0.00324856	0.00230715	0.0340888	0.0819729	0.0772044	0.00322956	0.00446075
78	0.0407127	0.00571113	0.000186896	0.00121975	0.0336294	0.00682964	0.000197788	0.338948	0.000404643	0.231774	0.0839076	0.00138343	0.00205901	0.000359212	0.000768246	0.00875678	0.0332131	0.20815	0.000424899	0.00136414
79	0.0346495	0.0137081	0.000329061	0.000492915	0.110591	0.0273545	0.000435881	0.151129	0.000368558	0.427019	0.0679215	0.00184329	0.00878137	0.00241204	0.000492474	0.0101274	0.0209843	0.110256	0.00250082	0.00860421
80	0.0395588	0.00774878	0.000364439	0.000943143	0.0151691	0.00469885	0.000208649	0.350541	0.000296851	0.162435	0.0662397	0.00205963	0.000989588	0.000590483	0.000264349	0.0109671	0.0377624	0.297205	0.00016634	0.00179093
81	0.127275	0.00469104	0.00245959	0.00257331	0.0135983	0.047122	0.00192103	0.106161	0.00230461	0.118348	0.114894	0.00463365	0.236367	0.00317064	0.00202456	0.0448538	0.0835788	0.0762972	0.00301571	0.00471146
82	0.0448738	0.00636265	0.000188217	0.00134503	0.0345708	0.00788126	0.000161569	0.309984	0.000397592	0.24049	0.0872028	0.0014151	0.00125408	0.000288354	0.000661495	0.00948559	0.0383012	0.21384	0.000365717	0.000930358
83	0.205605	0.0845122	0.0010099	0.0016883	0.116173	0.00632606	0.00103188	0.0527041	0.00138375	0.0583664	0.121743	0.0103454	0.00170592	0.00197982	0.00102524	0.140587	0.0647892	0.109244	0.00142521	0.018354
84	0.0520266	0.00658181	0.00164354	0.0081398	0.0497171	0.0102602	0.00196031	0.218391	0.0080102	0.264719	0.12793	0.0106723	0.00254644	0.0041461	0.0149519	0.0168235	0.0392087	0.135474	0.0126519	0.0141453
85	0.337037	0.00581459	0.00661907	0.0256063	0.002552	0.0809729	0.00261116	0.0150598	0.0380825	0.0191701	0.027318	0.0419971	0.0105692	0.0359251	0.0426234	0.166752	0.0946682	0.0394513	0.00137393	0.00579709
86	0.0623666	0.00259963	0.00223495	0.00244854	0.00523116	0.00662357	0.00211011	0.00882404	0.00245532	0.435325	0.360222	0.0183081	0.00273119	0.00324438	0.0019171	0.0310979	0.00798191	0.0394975	0.00135016	0.00343076
87	0.0123821	0.00213355	0.0399757	0.00309222	0.00362455	0.228101	0.0694112	0.00660628	0.317382	0.00678987	0.00533442	0.078588	0.00290738	0.0171442	0.165594	0.0209006	0.0072099	0.0081875	0.00124623	0.0033883
88	0.0083395	0.00746698	0.000764782	0.000915967	0.300756	0.00212332	0.00942073	0.0143352	0.000876435	0.0828126	0.0197701	0.00380012	0.000983004	0.00278716	0.000777436	0.00274558	0.0072339	0.0140314	0.0476656	0.472394
89	0.0403836	0.00355159	0.386097	0.0411515	0.0112567	0.0331811	0.0355554	0.0145305	0.0192702	0.013689	0.0119448	0.186587	0.0117319	0.0197481	0.0102879	0.107239	0.0212151	0.0219845	0.00137659	0.00921799
90	0.261087	0.00255801	0.00138804	0.00422279	0.00409457	0.0369579	0.00153368	0.0065885	0.0429183	0.0170439	0.0159569	0.0546568	0.0516249	0.00884864	0.0426848	0.267856	0.142903	0.0321538	0.00236268	0.00255874
91	0.0278469	0.00365203	0.000436801	0.00377727	0.0505759	0.00650312	0.000294962	0.291972	0.00120782	0.234639	0.161918	0.00356998	0.000925254	0.000494249	0.00218033	0.00801542	0.0248468	0.168114	0.00474608	0.00428493
92	0.045883	0.0015912	0.00124551	0.00159612	0.0301712	0.0060782	0.00111579	0.105041	0.00137178	0.103664	0.0361756	0.00733047	0.0110653	0.002141	0.000837649	0.0440235	0.280033	0.313021	0.00305753	0.00455784
93	0.205547	0.015838	0.00702621	0.00451296	0.000980356	0.57308	0.000387589	0.0107333	0.00196907	0.00675571	0.00939963	0.000908271	0.016951	0.000930235	0.000304863	0.0858784	0.0370568	0.0176422	0.000301945	0.00379588
94	0.135174	0.0188926	0.000766991	0.00162386	0.0691487	0.0373074	0.000900091	0.165893	0.000475684	0.186896	0.052866	0.00609106	0.00133329	0.00213147	0.000428807	0.0385699	0.0683695	0.192608	0.00761198	0.0129117
95	0.500707	0.0280679	0.000364427	0.000957085	0.012694	0.163006	0.000317134	0.0249994	0.00037754	0.0167283	0.0238077	0.00445097	0.000808815	0.00231657	0.000262795	0.107432	0.0625004	0.0473092	0.000342235	0.00255027
96	0.0578093	0.0124778	0.000418679	0.00205305	0.0241091	0.00791536	0.000275364	0.291089	0.000442325	0.189619	0.0886935	0.00444563	0.00320992	0.00188191	0.000606842	0.0257147	0.054105	0.233979	0.000191622	0.000962291
97	0.0965115	0.0231604	0.00144174	0.00686001	0.0107779	0.0197084	0.00130231	0.263519	0.00100918	0.0946174	0.0298188	0.0122905	0.0200449	0.00398305	0.000701444	0.0541207	0.0650172	0.292392	0.000654462	0.00206827
98	0.0437715	0.0143714	0.00056619	0.005692	0.298518	0.0250159	0.00258945	0.0869781	0.000707144	0.213597	0.075568	0.00474614	0.00520542	0.00737579	0.000544753	0.0235764	0.0192005	0.0495137	0.0216479	0.100815
99	0.0268877	0.0124382	0.000199523	0.000509295	0.0992701	0.0224376	0.000207868	0.162881	0.000297792	0.4441	0.0728413	0.000680464	0.00813408	0.00129002	0.000445156	0.0062682	0.0177736	0.118061	0.000334737	0.00494222
100	0.21568	0.0152209	0.0066977	0.00446144	0.0014149	0.553959	0.000422423	0.0109314	0.00196867	0.00658275	0.00930437	0.00133369	0.0169028	0.00119067	0.000480866	0.0932625	0.0386522	0.0172716	0.000469593	0.00379196
101	0.204042	0.033639	0.00888449	0.00647598	0.017462	0.0473964	0.00480599	0.073583	0.00206321	0.0405707	0.0393275	0.0116163	0.0154147	0.00527018	0.000848213	0.134126	0.154909	0.170243	0.00390078	0.0254212
102	0.502039	0.0281425	0.000339596	0.000932909	0.0127794	0.160741	0.000312722	0.025071	0.000364705	0.0166178	0.0237765	0.00449237	0.000726696	0.00233818	0.000261484	0.107731	0.0628629	0.0475555	0.000340869	0.00257326
103	0.29624	0.00897846	0.00383952	0.00395431	0.00543643	0.322454	0.000750599	0.0120156	0.00487549	0.00609793	0.0088653	0.0112306	0.0195348	0.00522778	0.00716359	0.193516	0.067626	0.0152013	0.00343936	0.00355356
104	0.0420148	0.00305885	0.00252223	0.00320841	0.0458083	0.00906712	0.00197755	0.147853	0.00237897	0.070155	0.0902352	0.00752306	0.0905312	0.00344786	0.00182237	0.0221251	0.22257	0.201771	0.0218372	0.0100931
105	0.0587237	0.00830856	0.000275662	0.00159224	0.036121	0.0126689	0.000227277	0.273164	0.000447674	0.237413	0.0834791	0.00211719	0.00129222	0.00070502	0.000708463	0.0142322	0.0495147	0.216513	0.000797003	0.00169967
106	0.12594	0.00870575	0.119066	0.0612664	0.031527	0.0724941	0.0306094	0.0142036	0.0348234	0.0248497	0.013631	0.186277	0.0143767	0.0341907	0.00899965	0.122999	0.0561995	0.0206014	0.00246449	0.0167761
107	0.170539	0.00793509	0.00481697	0.00552228	0.0479946	0.0335669	0.0051311	0.0934435	0.00558775	0.0747584	0.128652	0.0115185	0.232369	0.00680692	0.00438131	0.0361559	0.0560049	0.060166	0.0055346	0.00911498
108	0.138256	0.0115004	0.00285254	0.0329208	0.0702858	0.17122	0.0117138	0.0264283	0.012615	0.0385131	0.0254841	0.0615775	0.0128398	0.0461909	0.00142243	0.143623	0.0392997	0.047492	0.0106557	0.0951084
109	0.269275	0.00264399	0.00329566	0.00430594	0.00463249	0.0393022	0.00383829	0.00675343	0.0406128	0.0151648	0.0177137	0.0615871	0.0471106	0.00946231	0.0371195	0.263556	0.140773	0.0277891	0.00221367	0.00285035
110	0.0472157	0.00185992	0.00151219	0.0018359	0.0207495	0.00732596	0.000939602	0.133925	0.00132442	0.116318	0.0276165	0.00878429	0.00629644	0.00290686	0.000724347	0.0636281	0.260531	0.29142	0.00140652	0.00368012
111	0.181075	0.00630349	0.00306598	0.00510681	0.0169964	0.261616	0.00180159	0.161718	0.00266542	0.0704934	0.0101826	0.00492502	0.0497457	0.00809555	0.00206565	0.0144642	0.0200664	0.167497	0.00686693	0.00524777
112	0.0280244	0.00621979	0.000322729	0.000740208	0.0076555	0.00349472	0.000212472	0.424441	0.000336374	0.112748	0.0361563	0.00150429	0.000727533	0.00057283	0.000239347	0.00569221	0.0272259	0.340336	0.000196082	0.00315494
113	0.44762	0.0153745	0.00128445	0.00276599	0.00960974	0.155863	0.00070468	0.0212431	0.00358839	0.0106174	0.0158722	0.0104916	0.00692656	0.00562261	0.00552105	0.178858	0.071689	0.0311458	0.00247651	0.0027252
114	0.0166712	0.00509202	0.0904264	0.10198	0.00556559	0.0143573	0.0410898	0.0306452	0.00954189	0.0859427	0.0101562	0.0378359	0.0259266	0.0772357	0.00261124	0.343182	0.0568133	0.0387834	0.00192922	0.00421474
115	0.171358	0.00805391	0.00844916	0.0114018	0.0137928	0.329163	0.00532581	0.103641	0.00591581	0.0357268	0.0203789	0.0134052	0.0290366	0.0333897	0.00313596	0.0414115	0.0317469	0.114717	0.00815011	0.0118012
116	0.0126852	0.000924819	0.000821644	0.00334655	0.0746099	0.00595756	0.000794617	0.243742	0.00169674	0.213145	0.27767	0.007809	0.0010189	0.00149096	0.00230431	0.0120572	0.00939425	0.101529	0.0169386	0.0120631
117	0.0896594	0.00184276	0.0208532	0.0442054	0.00355079	0.312824	0.00159353	0.0693911	0.00249472	0.0418435	0.0272348	0.00342851	0.046643	0.0030485	0.00171565	0.0289057	0.0392332	0.143406	0.0927806	0.0253459
118	0.0401745	0.0129959	0.000740707	0.00707283	0.289304	0.0278232	0.00239585	0.0865025	0.00090691	0.226842	0.0702637	0.00468318	0.00544275	0.00697973	0.000589441	0.0231748	0.0178461	0.0506095	0.0253558	0.100297
119	0.042328	0.00539654	0.0182855	0.00696321	0.0157719	0.138965	0.0415083	0.0202895	0.139993	0.0365489	0.0141031	0.0482856	0.00634042	0.0205572	0.318121	0.0393891	0.0206637	0.02351	0.0287366	0.0142425
120	0.11938	0.020028	0.000592237	0.00106218	0.0918628	0.0359937	0.00134118	0.158058	0.000621705	0.199644	0.0623312	0.00922488	0.00111198	0.00297259	0.000816127	0.040485	0.0657463	0.153239	0.0143496	0.0211391
121	0.00876065	0.00769373	0.000766887	0.000943015	0.300659	0.00224866	0.00953605	0.0149331	0.000870282	0.0833048	0.0203228	0.00383449	0.00100771	0.00283188	0.000773503	0.00289769	0.00745878	0.0142405	0.0478217	0.469095
122	0.0421335	0.00624042	0.000468093	0.000945284	0.0178923	0.00533195	0.00032795	0.299662	0.00039158	0.170728	0.0669207	0.0024401	0.00231346	0.000894249	0.00035654	0.0153164	0.073143	0.292255	0.000339557	0.00190031
123	0.093233	0.0204604	0.000953283	0.00232827	0.100111	0.0301638	0.00532695	0.139802	0.0042602	0.225054	0.0621597	0.0112701	0.00183612	0.00582877	0.00470929	0.0365394	0.0540512	0.129647	0.0249618	0.0473038
124	0.0342941	0.00180331	0.0019639	0.00211881	0.0287249	0.00870546	0.0301087	0.0317567	0.0281871	0.0988779	0.0169925	0.0316172	0.00226219	0.0278575	0.432875	0.0408785	0.0196443	0.0220123	0.122007	0.0173124
125	0.0308805	0.00629854	0.0229258	0.0104673	0.039261	0.029955	0.15145	0.0231045	0.0356836	0.0345905	0.0192062	0.0692942	0.00823391	0.0203347	0.155628	0.0338179	0.0254505	0.0284226	0.0190617	0.235934
126	0.502105	0.028152	0.000327809	0.000938046	0.012771	0.160889	0.000312722	0.0250583	0.000365017	0.0166344	0.0237969	0.00446967	0.000704089	0.00233361	0.000261457	0.107718	0.0627062	0.0475497	0.000340861	0.00256565
127	0.111048	0.000924351	0.0283743	0.0441038	0.00640678	0.0129788	0.0190901	0.0175581	0.322683	0.0253187	0.0247956	0.0646975	0.00234289	0.066618	0.182395	0.0275333	0.00736233	0.0235973	0.000610901	0.0115617
128	0.0118447	0.00104486	0.00115471	0.00263965	0.00212064	0.00343076	0.00180861	0.0050076	0.645444	0.0102045	0.00922865	0.00833851	0.00699103	0.0183992	0.201038	0.0229834	0.016449	0.0296396	0.000689981	0.00154195
129	0.0364733	0.022458	0.00477667	0.0059689	0.00759346	0.00553735	0.000753443	0.364723	0.00102418	0.0680363	0.0465523	0.0114158	0.00426164	0.0030484	0.000566702	0.0298508	0.0246007	0.359547	0.00063601	0.00217694
130	0.0589926	0.00135379	0.0151663	0.036707	0.00392575	0.0137304	0.0236505	0.032361	0.429149	0.0174325	0.00936144	0.0260356	0.00342976	0.0999213	0.169346	0.0287548	0.0126019	0.0122243	0.000735723	0.00511987
131	0.117953	0.000835256	0.0263884	0.0399785	0.00740189	0.013314	0.017537	0.0154412	0.33957	0.0243748	0.0188886	0.0746369	0.00293094	0.0712821	0.163557	0.0229295	0.00832243	0.0228089	0.000519434	0.011331
132	0.0208654	0.00211793	0.396935	0.0036718	0.00442739	0.00532837	0.0635725	0.00623132	0.014833	0.00650822	0.00525433	0.349659	0.0149975	0.00348886	0.0149492	0.0561376	0.0187205	0.00765667	0.00128557	0.00335986
133	0.082286	0.0011706	0.01848	0.0375794	0.00385344	0.0214876	0.00972244	0.0112229	0.212469	0.014042	0.00812299	0.0427514	0.30043	0.0729121	0.0757189	0.0461106	0.0167353	0.0174035	0.000842924	0.00665883
134	0.073853	0.00206847	0.0143328	0.261338	0.00424958	0.0331877	0.00180958	0.00636342	0.11686	0.00724497	0.00515101	0.00529645	0.00235575	0.0402111	0.0145454	0.192765	0.205177	0.00890333	0.00133434	0.00295184
135	0.0958455	0.00435738	0.00114789	0.00223412	0.0704795	0.031622	0.0094964	0.116491	0.0230305	0.320115	0.0357013	0.0134464	0.00170088	0.00878639	0.0225361	0.0217635	0.0339265	0.0877931	0.0729335	0.026593
136	0.0995101	0.0225872	0.00163029	0.00889699	0.00609849	0.0181716	0.00136816	0.27427	0.00102583	0.0583815	0.0298479	0.0160216	0.0210027	0.00421097	0.000736408	0.0698495	0.0738088	0.289521	0.000688371	0.00237229
137	0.0231142	0.0129516	0.000226021	0.00030202	0.110982	0.0235931	0.000236215	0.145279	0.000278139	0.469933	0.0717537	0.000758054	0.00942491	0.00155601	0.000394276	0.00677598	0.0151411	0.100799	0.000450976	0.00605028
138	0.119518	0.0200441	0.000589265	0.00105729	0.0918853	0.036039	0.00133303	0.157992	0.000618851	0.199646	0.0622999	0.0092282	0.00111735	0.00295426	0.000816196	0.0404722	0.0657115	0.153226	0.0143398	0.0211119
139	0.0801038	0.00803316	0.000265631	0.00229724	0.0435672	0.027124	0.000215846	0.256194	0.000423672	0.252512	0.0531077	0.000979312	0.00135055	0.000431171	0.000577668	0.00709879	0.03308	0.231938	0.000168368	0.000531559
140	0.109057	0.0200237	0.000597528	0.00135952	0.116272	0.0338346	0.00151112	0.146647	0.000625858	0.204465	0.0650734	0.00862855	0.00173296	0.00316108	0.0008639	0.0393664	0.0623911	0.14303	0.014345	0.0270141
141	0.17692	0.0156017	0.000678039	0.0016328	0.0754756	0.0833762	0.000707597	0.161284	0.000863399	0.18648	0.0248947	0.00352554	0.00259233	0.00151493	0.000721766	0.0168008	0.0401255	0.196365	0.0029705	0.00746924
142	0.124987	0.00226061	0.12728	0.051034	0.00434184	0.0697822	0.0021045	0.0313818	0.0147075	0.0208684	0.0324585	0.155269	0.105543	0.0433313	0.00176165	0.0221278	0.125362	0.0606721	0.00147723	0.00324914
143	0.0824476	0.00123475	0.125154	0.181445	0.00566509	0.0321309	0.00935043	0.00771009	0.071297	0.0208478	0.00891757	0.121937	0.0208734	0.117188	0.0248597	0.0942106	0.0348789	0.0299503	0.000638236	0.00926427
144	0.0354241	0.00832218	0.000834813	0.00220887	0.0540908	0.0172687	0.000610191	0.224651	0.00144428	0.275769	0.190385	0.00436498	0.00302483	0.00126317	0.00273866	0.0167675	0.0282032	0.120621	0.00553974	0.00646763
145	0.404657	0.00241672	0.0011709	0.00277099	0.00795962	0.0896222	0.00102075	0.0160793	0.00686513	0.00541055	0.00710623	0.0236267	0.015432	0.00843888	0.012068	0.281592	0.0952527	0.0105024	0.00633331	0.00167479
146	0.502048	0.0281031	0.000327804	0.000938048	0.0127678	0.16095	0.000312518	0.0250741	0.000366508	0.0165979	0.0237937	0.00446716	0.000704411	0.00234613	0.000261449	0.107729	0.0627275	0.0475776	0.000341716	0.00256617
147	0.118562	0.020033	0.000595518	0.00109497	0.0917383	0.0357732	0.00138716	0.158104	0.000692132	0.200386	0.0623753	0.00929543	0.00114906	0.00302702	0.00091884	0.040474	0.0656246	0.152877	0.0145982	0.0212945
148	0.0205465	0.0106309	0.000686838	0.00270681	0.320055	0.0105701	0.00701564	0.0420856	0.000884118	0.140636	0.0407786	0.00390956	0.00233945	0.00549464	0.000649618	0.00968202	0.010855	0.0280133	0.0332587	0.309202
149	0.0224032	0.0125932	0.000224273	0.000278218	0.111829	0.02343	0.000223853	0.144539	0.000265186	0.474251	0.0705791	0.000650825	0.00953535	0.0014983	0.000391166	0.00618823	0.0147521	0.100035	0.0003738	0.00595866
150	0.498027	0.0253284	0.000356884	0.00112159	0.012564	0.158713	0.000363927	0.0246225	0.000423696	0.0150473	0.022221	0.00488067	0.00130679	0.00267202	0.000682911	0.119053	0.0657171	0.0438334	0.000665892	0.00239876
151	0.012913	0.00104546	0.000246744	0.000327086	0.0274777	0.00162638	0.000231984	0.517875	0.000297051	0.144249	0.0341607	0.000571352	0.000783182	0.000445017	0.000245554	0.00112791	0.00623959	0.246416	0.000609711	0.0031123
152	0.0807948	0.00793199	0.000257513	0.00225176	0.044624	0.0273533	0.000209719	0.25572	0.000430782	0.253413	0.0515315	0.000971514	0.00133108	0.00042735	0.000615979	0.00695112	0.0327081	0.231566	0.000299143	0.00061097
153	0.173392	0.0344686	0.00274966	0.00340694	0.0308665	0.0476765	0.00244076	0.135665	0.000558396	0.0726947	0.059206	0.00627515	0.00451568	0.00247996	0.000325324	0.0969856	0.109682	0.196062	0.00366393	0.0168847
154	0.225916	0.0109018	0.0134957	0.00393616	0.00305203	0.547158	0.00128095	0.0187864	0.0100409	0.00770971	0.0304446	0.00315057	0.0108414	0.00294211	0.00132829	0.0548304	0.0251379	0.0159597	0.000820745	0.0122666
155	0.0542733	0.00439296	0.000438639	0.00116952	0.101205	0.00584937	0.000474344	0.28064	0.000746344	0.292333	0.040931	0.00173561	0.00170188	0.000705657	0.00315444	0.00680783	0.0254425	0.169889	0.0056991	0.00241095
156	0.0135374	0.00127408	0.000239907	0.000312281	0.0249235	0.00158064	0.000220152	0.512587	0.000282522	0.141027	0.0333502	0.000570704	0.000701686	0.000451504	0.000240907	0.00120988	0.00704586	0.257003	0.000457262	0.00298547
157	0.166341	0.012275	0.0034794	0.0249584	0.0416949	0.205826	0.015509	0.00924964	0.0172171	0.0163027	0.0331411	0.098959	0.00862714	0.0392682	0.0011147	0.149619	0.0453595	0.0302928	0.00793844	0.0728267
158	0.185414	0.00698205	0.0194449	0.0581814	0.00546672	0.0561686	0.00848299	0.0367189	0.0361821	0.039587	0.0385885	0.0535929	0.00371241	0.060673	0.014143	0.145719	0.146158	0.0696637	0.000648847	0.0144715
159	0.0321355	0.0089572	0.000622186	0.00421533	0.212033	0.016523	0.00179659	0.150146	0.000891917	0.207337	0.158143	0.00581292	0.00334142	0.00510039	0.000891491	0.0201076	0.0151627	0.068342	0.0231788	0.0652623
160	0.0495585	0.00883327	0.000189567	0.00134252	0.0305203	0.00791353	0.000170706	0.287116	0.000433823	0.234327	0.0977122	0.0022354	0.00127522	0.000597132	0.000769597	0.0140525	0.0453744	0.216786	9.96117e-05	0.000693636
161	0.0799369	0.00058487	0.215479	0.168149	0.00761244	0.0330365	0.0132335	0.00620293	0.0597762	0.0122533	0.00287999	0.167633	0.0206171	0.0807086	0.0200722	0.072176	0.0240519	0.00903654	0.000404922	0.00615517
162	0.186962	0.0140619	0.0106309	0.00714071	0.00168113	0.575539	0.00469341	0.0107607	0.00414802	0.00670727	0.00935999	0.0103151	0.0149682	0.00259022	0.00119881	0.0814669	0.0353107	0.0167867	0.000552185	0.00512569
163	0.209758	0.0848918	0.00103344	0.00172237	0.113219	0.00667333	0.00103503	0.0522652	0.0014621	0.0568689	0.122059	0.010052	0.00166969	0.00198016	0.00103794	0.140998	0.0645247	0.109491	0.00131049	0.0179473
164	0.172072	0.0164991	0.00216902	0.00252547	0.00380809	0.121729	0.0148336	0.00736797	0.23026	0.00686444	0.0080795	0.00848364	0.00250685	0.0668284	0.118923	0.176692	0.0253072	0.0106708	0.00139107	0.0029884
165	0.0795098	0.00059155	0.215215	0.168209	0.007624	0.0331562	0.0133494	0.00629184	0.0593529	0.0125379	0.00296411	0.167015	0.0208514	0.0806881	0.019966	0.0728884	0.0241022	0.00916781	0.000404057	0.00611543
166	0.0123692	0.00185865	0.000743456	0.00294035	0.0768844	0.00728588	0.000708248	0.234987	0.00157045	0.239179	0.261306	0.0068016	0.00175951	0.00102925	0.00209392	0.0110081	0.00986986	0.102461	0.0143731	0.0107711
167	0.0509159	0.00733918	0.000183691	0.00137437	0.0330438	0.00868742	0.000153631	0.279364	0.000401881	0.25023	0.0921614	0.00157026	0.0011885	0.000279834	0.000802088	0.0109572	0.0438731	0.216686	9.68602e-05	0.000690422
168	0.137529	0.00987787	0.00139166	0.0327337	0.0506421	0.202523	0.0146109	0.0120635	0.0150134	0.0225429	0.0312097	0.0717487	0.0130394	0.0458669	0.000770594	0.162657	0.0396777	0.0408962	0.00958931	0.0856165
169	0.353623	0.00432294	0.00301601	0.00352708	0.0050142	0.0817315	0.00212072	0.030112	0.00353809	0.0100178	0.0073398	0.00608897	0.113942	0.00358751	0.0024727	0.0919301	0.0994374	0.172728	0.00142873	0.00402153
170	0.48126	0.0403213	0.000820969	0.0013111	0.0129257	0.151617	0.000822203	0.0310395	0.000962489	0.0167427	0.0265954	0.00818419	0.00136935	0.00294832	0.000594169	0.104934	0.0587918	0.054461	0.000722771	0.00357595
171	0.0218931	0.0125158	0.00022873	0.000273695	0.112762	0.0235093	0.000218411	0.144734	0.000267604	0.473638	0.0702428	0.00066817	0.00994776	0.00148568	0.000384619	0.00605326	0.0144144	0.100011	0.000479262	0.00627188
172	0.0208944	0.00711991	0.000491342	0.000709484	0.00270176	0.00228953	0.000250377	0.444524	0.000392055	0.0911632	0.0308076	0.00148528	0.000325846	0.000391172	0.000220874	0.0036119	0.0228566	0.365897	0.000184718	0.00368219
173	0.0195236	0.0166564	0.00274244	0.00296396	0.00351277	0.00302504	0.0005274	0.424157	0.000771098	0.0773487	0.0354998	0.00422372	0.000711951	0.00107352	0.00042939	0.0088947	0.0193367	0.374931	0.000439998	0.00323142
174	0.227749	0.0171502	0.00648033	0.00424063	0.00182679	0.537455	0.000334456	0.0123097	0.00180497	0.00787146	0.010243	0.00126282	0.0161567	0.00110434	0.000359213	0.0900213	0.0391835	0.0204315	0.000394466	0.00362061
175	0.0439856	0.00856363	0.000182468	0.00121635	0.0469877	0.0109592	0.000164469	0.256094	0.000367062	0.290333	0.0893198	0.00133399	0.00239468	0.000450757	0.000628826	0.00954654	0.0377702	0.198003	0.000202281	0.00149728
176	0.478077	0.0303865	0.000746321	0.00143681	0.0120473	0.164991	0.000602571	0.0236779	0.000735463	0.0159909	0.0220426	0.00507619	0.00193873	0.00269861	0.000727668	0.124108	0.0657587	0.0451709	0.000692988	0.00309354
177	0.167721	0.00395832	0.0373228	0.0429307	0.00840107	0.0396417	0.0119014	0.012196	0.221591	0.0211257	0.016179	0.106614	0.00748992	0.0640623	0.11335	0.0558394	0.034171	0.0244297	0.00136727	0.00970781
178	0.205652	0.0158426	0.00696519	0.00478393	0.00101092	0.569881	0.000387544	0.0105926	0.00195844	0.00667091	0.00928784	0.000928509	0.0168403	0.00106097	0.000328099	0.088065	0.0381553	0.0175567	0.000321023	0.00371084
179	0.0200705	0.00597062	0.000461902	0.00062954	0.00507597	0.00207767	0.000241118	0.459059	0.000360084	0.0955641	0.0302512	0.00133558	0.000347397	0.000391276	0.0002132	0.00306491	0.0196387	0.351568	0.00019824	0.00348077
180	0.13542	0.00870749	0.0147919	0.0469853	0.00713606	0.0548231	0.00634658	0.0450665	0.0222465	0.0449806	0.0491875	0.0443779	0.00285534	0.0579741	0.00764636	0.167973	0.183219	0.0815816	0.00121236	0.0174677
181	0.022782	0.00371528	0.00621403	0.0202295	0.0476925	0.00777375	0.0156811	0.268773	0.0171163	0.158912	0.0144552	0.00850827	0.00267426	0.017326	0.00328408	0.0258756	0.0292367	0.287755	0.0214443	0.0205515
182	0.0163547	0.00323443	0.000348016	0.000437055	0.0137092	0.00172371	0.000211205	0.489957	0.000268966	0.119095	0.0297547	0.000851233	0.000411755	0.000407072	0.000227094	0.00186928	0.0125394	0.305177	0.000215117	0.00320846
183	0.0626149	0.00255959	0.00212837	0.00254096	0.00542182	0.00659676	0.00203609	0.00898187	0.00240498	0.437002	0.360902	0.0179247	0.0026942	0.00322656	0.0019078	0.0301749	0.00794158	0.0382421	0.00133595	0.0033627
184	0.0799369	0.00058487	0.215479	0.168149	0.00761244	0.0330365	0.0132335	0.00620293	0.0597762	0.0122533	0.00287999	0.167633	0.0206171	0.0807086	0.0200722	0.072176	0.0240519	0.00903654	0.000404922	0.00615517
185	0.285047	0.0128711	0.00492286	0.0079827	0.00335116	0.417583	0.000548432	0.0121586	0.00307885	0.0067314	0.0108817	0.00498949	0.0139552	0.00418676	0.00350652	0.12966	0.0555296	0.0182043	0.00160039	0.003211
186	0.0161456	0.00158287	0.00178568	0.0354054	0.0227965	0.0397593	0.104441	0.00577578	0.160436	0.10053	0.131692	0.116221	0.00258744	0.139834	0.0417445	0.0183827	0.00563643	0.0263784	0.0012753	0.0275893
187	0.0452749	0.007763	0.000232571	0.00145196	0.0322096	0.0071783	0.000171292	0.296897	0.000538832	0.230049	0.102088	0.00212144	0.00163811	0.000558718	0.000924075	0.0126402	0.044975	0.211634	0.000522292	0.00113262
188	0.0847492	0.0072762	0.0154921	0.00811748	0.0277242	0.0130185	0.00226791	0.165232	0.00437994	0.239245	0.0526145	0.0137332	0.0058986	0.0236458	0.0032839	0.0694579	0.110049	0.140368	0.00365645	0.00979038
189	0.0433581	0.00661768	0.406499	0.0338917	0.0263866	0.0768133	0.0302068	0.0367846	0.00590325	0.0221987	0.0321011	0.046425	0.00400021	0.0101726	0.00301042	0.116325	0.01159	0.0610995	0.00220845	0.0244077
190	0.0373685	0.00673799	0.00452746	0.00604764	0.0606948	0.0179232	0.00496014	0.0442588	0.00559939	0.0669345	0.0662028	0.0128848	0.128028	0.00706754	0.00499802	0.0991304	0.211501	0.097281	0.0683689	0.0494846
