288	20
1	0.354799	0.0104518	0.00291635	0.00234478	0.0203564	0.0599838	0.00367403	0.0695612	0.00434096	0.132128	0.0195129	0.00372949	0.00165445	0.00310745	0.00414238	0.0542651	0.0683708	0.174852	0.000668242	0.00914101
2	0.12333	0.020705	0.0010298	0.0028944	0.043651	0.0611369	0.00102822	0.173521	0.0012752	0.254191	0.0278677	0.00109325	0.00353267	0.00580047	0.00310267	0.0244253	0.0317262	0.211071	0.00220026	0.00641752
3	0.123399	0.0209412	0.00100208	0.00293028	0.0441017	0.0613024	0.00102767	0.174374	0.00122579	0.253554	0.0279132	0.00110098	0.00360279	0.00593604	0.00310829	0.0242313	0.0308565	0.210674	0.00223038	0.00648812
4	0.123334	0.0208308	0.00100673	0.00293371	0.0440009	0.0613426	0.00104694	0.174301	0.00124263	0.253785	0.0278343	0.00109243	0.00361224	0.00591337	0.00313505	0.0242917	0.03091	0.210711	0.00222133	0.0064558
5	0.312737	0.00902532	0.00231429	0.00232122	0.0249122	0.06432	0.00266444	0.0899751	0.00342733	0.153888	0.0219596	0.00248686	0.00188857	0.0034649	0.00319344	0.0494086	0.0654993	0.17554	0.000915419	0.0100587
6	0.182327	0.0039521	0.0176657	0.00482929	0.00429885	0.0135249	0.00531958	0.157256	0.0502224	0.079792	0.0238531	0.0344196	0.00223623	0.00738678	0.0368983	0.170408	0.0801114	0.0915356	0.0147249	0.0192382
7	0.0135684	0.00460983	0.000719822	0.00116293	0.0088087	0.00169542	0.00102752	0.458751	0.000959523	0.0550112	0.00771895	0.00133993	0.0033185	0.000897425	0.000863711	0.00257345	0.00540469	0.430626	0.000215143	0.000727907
8	0.0609389	0.0346211	0.0124217	0.0044831	0.1465	0.0134683	0.0453808	0.0640377	0.00855134	0.191832	0.0426707	0.00557458	0.00339956	0.0198203	0.00971958	0.0363041	0.00671391	0.0579876	0.00417236	0.231403
9	0.00287342	0.00982638	0.00116806	0.00543247	0.405788	0.00174219	0.0130585	0.00546767	0.00243808	0.0107813	0.00702274	0.00204769	0.000882429	0.00255387	0.00234774	0.0124981	0.00234827	0.0134571	0.00548955	0.492776
10	0.204472	0.00424618	0.00126737	0.00288722	0.00113549	0.731782	0.00230211	0.00709999	0.00338562	0.00253672	0.00140604	0.00118735	0.00260733	0.00134252	0.00318637	0.0166821	0.00272378	0.00840986	0.000367795	0.000972234
11	0.700941	0.0173508	0.00154994	0.00139972	0.00117115	0.052078	0.00165747	0.0101559	0.00247405	0.00861417	0.0120582	0.00145031	0.0104241	0.00166772	0.00735875	0.137595	0.0236846	0.00676922	0.000457779	0.00114229
12	0.0944814	0.00227712	0.0752747	0.173871	0.00295077	0.0273355	0.0201016	0.00982026	0.153475	0.0203721	0.00863968	0.0648697	0.00723722	0.083285	0.076635	0.0926026	0.0609554	0.0173673	0.00191587	0.00653289
13	0.102337	0.0263813	0.0829541	0.0975044	0.0175335	0.0787782	0.0215156	0.0176723	0.0825715	0.0476133	0.0476135	0.0499405	0.0111993	0.0425137	0.0937665	0.0796922	0.0344591	0.0344008	0.00856538	0.0229877
14	0.011621	0.0198788	0.00323766	0.00287238	0.502252	0.00304597	0.0134487	0.0308439	0.00321868	0.175572	0.0504198	0.00329391	0.00283842	0.00540223	0.00581166	0.0184973	0.00426008	0.0180504	0.00639852	0.119037
15	0.698467	0.0178686	0.00187225	0.0018678	0.00126605	0.0470321	0.00200337	0.0110029	0.00271019	0.00866783	0.013074	0.00169299	0.0110242	0.00206381	0.00720192	0.137924	0.0245387	0.00810106	0.000443313	0.00117853
16	0.111159	0.0111752	0.0203685	0.0501209	0.023817	0.0242893	0.0298581	0.036816	0.123694	0.0786965	0.031458	0.0425843	0.00813106	0.0733039	0.101176	0.0907764	0.0666724	0.0414976	0.0119392	0.022466
17	0.0833825	0.00619951	0.0231143	0.0712451	0.00800114	0.0201538	0.0261738	0.04047	0.137249	0.0532586	0.017318	0.0632481	0.00812982	0.0965595	0.0915445	0.108658	0.0896554	0.0406443	0.00556107	0.00943341
18	0.00913574	0.0141655	0.00125311	0.000811772	0.104339	0.000853598	0.00232178	0.174739	0.00395831	0.468328	0.0491736	0.000657192	0.00914466	0.00123904	0.00824887	0.00125073	0.0119062	0.113539	0.0140943	0.0108404
19	0.419829	0.00888368	0.00768794	0.0579944	0.00155443	0.0223742	0.0305294	0.0226642	0.0210841	0.0115113	0.0264083	0.00338195	0.00394242	0.0255568	0.00858731	0.129745	0.0967421	0.0995646	0.000528815	0.00143056
20	0.111544	0.0330241	0.00130573	0.00627436	0.0632597	0.0536356	0.00175777	0.167394	0.00217602	0.23522	0.0341553	0.00148884	0.00411893	0.00824783	0.00718927	0.0169553	0.0215457	0.215432	0.00552771	0.00974837
21	0.0276849	0.0046895	0.40589	0.0326882	0.00996678	0.0163936	0.0559121	0.0239455	0.0609403	0.0177632	0.00715862	0.123548	0.00501283	0.0379504	0.02183	0.0548118	0.0609708	0.0213752	0.00153774	0.00993089
22	0.0116175	0.0171621	0.00226074	0.00161063	0.10147	0.002825	0.0032469	0.171726	0.00988607	0.441015	0.0514308	0.00229263	0.0167011	0.00221473	0.0106956	0.00228382	0.00827903	0.114937	0.0169534	0.0113915
23	0.035526	0.00512818	0.196738	0.4257	0.0049074	0.0221483	0.00739246	0.00628828	0.0555332	0.0110076	0.00885063	0.0563987	0.00128083	0.0607215	0.020195	0.0497837	0.0182601	0.00420381	0.000186052	0.00975096
24	0.0167145	0.00567262	0.230128	0.471558	0.0069305	0.0161213	0.00628179	0.00863242	0.0316146	0.0109244	0.00932478	0.0572319	0.000355458	0.0539896	0.012612	0.0363962	0.0113431	0.00234697	0.000257368	0.0115652
25	0.0104514	0.0267121	0.00401113	0.00621955	0.305502	0.00657661	0.0405547	0.0314281	0.00851218	0.0534809	0.0152464	0.00864923	0.00472464	0.0126902	0.00616398	0.0142625	0.00597521	0.0350053	0.00855762	0.395276
26	0.083643	0.00145122	0.126516	0.249816	0.00149388	0.0372462	0.0122376	0.00161208	0.116694	0.0116267	0.00583034	0.0882878	0.00384448	0.0721807	0.0396976	0.086254	0.0472465	0.00884385	0.000184225	0.00529483
27	0.0144061	0.0218301	0.00132761	0.00115703	0.118501	0.00366959	0.00417914	0.177831	0.00634906	0.407682	0.0458775	0.000934679	0.0134698	0.0012994	0.0125199	0.00168418	0.0061497	0.135106	0.0135485	0.0124772
28	0.362621	0.051418	0.00485522	0.00340783	0.00803997	0.0220955	0.015263	0.0461457	0.00465888	0.0781538	0.00802821	0.0177173	0.00221311	0.00385469	0.0159141	0.0546431	0.0342062	0.260721	0.000975875	0.00506819
29	0.00517055	0.00156295	0.00140041	0.00102158	0.0702686	0.00502015	0.00353804	0.376269	0.00152045	0.191505	0.0184604	0.00169667	0.000530948	0.00106498	0.000936338	0.00903587	0.0436527	0.262649	0.000293579	0.00440269
30	0.0097763	0.0185629	0.00174746	0.001479	0.417733	0.00142419	0.00362756	0.0773686	0.00217224	0.302194	0.0643831	0.00159272	0.00269493	0.00212646	0.00599562	0.0109692	0.00648238	0.0424135	0.00609898	0.021158
31	0.0802297	0.0362448	0.0011398	0.00458846	0.0856139	0.040104	0.00249717	0.171459	0.00331053	0.262032	0.0355231	0.00128921	0.00595675	0.00584629	0.00832543	0.0126849	0.017566	0.210392	0.00560521	0.0095922
32	0.031008	0.0390204	0.00241417	0.00191823	0.00619891	0.0214571	0.00245143	0.0973052	0.00279763	0.173298	0.242601	0.00248502	0.00138672	0.0127475	0.00269295	0.0437767	0.0254287	0.285997	0.000632296	0.00438261
33	0.152183	0.0109525	0.0266361	0.00670258	0.00475901	0.014706	0.00592925	0.0183573	0.00908556	0.0191506	0.00709362	0.035813	0.0429028	0.00677303	0.051651	0.548307	0.0217572	0.0117597	0.00148415	0.00399691
34	0.0742126	0.00865989	0.0205202	0.026129	0.0103669	0.0167335	0.0226504	0.0511719	0.0485691	0.02882	0.0129693	0.0252753	0.0525235	0.0302379	0.048249	0.169768	0.281153	0.0622068	0.00307883	0.00670507
35	0.0265568	0.0307649	0.0036885	0.00735533	0.166402	0.00427361	0.157587	0.0135952	0.0186406	0.0313362	0.00924057	0.0473077	0.0023875	0.0337316	0.0204885	0.0236597	0.0261779	0.0154373	0.0106552	0.350715
36	0.187707	0.00446964	0.00535688	0.00535878	0.00120589	0.727826	0.00313286	0.00689379	0.00829861	0.00268014	0.00193956	0.00517982	0.00248512	0.00286683	0.00415359	0.017259	0.00326767	0.00809968	0.000394093	0.00142544
37	0.029355	0.0103647	0.344229	0.260741	0.0101521	0.0152246	0.0171705	0.012734	0.0223946	0.016691	0.0355625	0.0294194	0.00427318	0.0381254	0.0128608	0.0386917	0.0210962	0.0655801	0.00139246	0.0139413
38	0.194693	0.00440735	0.00549949	0.00505515	0.00183042	0.722362	0.00310813	0.00738526	0.00632399	0.00300543	0.00190386	0.00357352	0.00256916	0.00238614	0.0041754	0.0177106	0.00316712	0.00839832	0.000460958	0.00198493
39	0.0190636	0.00661898	0.263725	0.443159	0.0063646	0.0169062	0.00606845	0.00837027	0.0302558	0.0102365	0.00865581	0.0529314	0.000783264	0.0492701	0.0118409	0.040993	0.0107195	0.00268935	0.000256837	0.011092
40	0.0923462	0.0321144	0.00147995	0.00141047	0.0155448	0.00981866	0.0131927	0.0240816	0.0018903	0.0225061	0.00918931	0.0185073	0.620225	0.00934355	0.00214383	0.0519225	0.0427566	0.0298267	0.000452226	0.00124821
41	0.0902057	0.0241379	0.00328693	0.00265047	0.0113503	0.00892175	0.0148035	0.0224403	0.00376059	0.0193066	0.00920926	0.0157609	0.423037	0.00874249	0.005379	0.105967	0.197409	0.030301	0.000891539	0.00243737
42	0.0503136	0.0160792	0.514842	0.0845023	0.00494581	0.0218432	0.00920505	0.012062	0.0181595	0.00995617	0.00802225	0.0242829	0.0231964	0.0116834	0.0108388	0.135956	0.0212289	0.0125608	0.00155222	0.00876969
43	0.0543647	0.00253768	0.0865217	0.0452424	0.0102162	0.0542725	0.0217969	0.0113214	0.0708434	0.00949261	0.00815459	0.119784	0.0169265	0.0368394	0.0264494	0.241508	0.164809	0.0140404	0.000486185	0.00439361
44	0.70182	0.0178324	0.0015058	0.00137841	0.00119845	0.0488191	0.00164976	0.0103165	0.00246502	0.00884829	0.0123497	0.00146992	0.0103491	0.00165542	0.00708589	0.138612	0.0242716	0.00678066	0.000454594	0.00113775
45	0.104365	0.00589635	0.0139278	0.0445919	0.00750244	0.0255517	0.0178886	0.0420592	0.140642	0.0862789	0.025569	0.0360972	0.00417635	0.0868938	0.104178	0.10803	0.0636688	0.0624552	0.00939316	0.0108344
46	0.0901896	0.00132162	0.125208	0.283399	0.000723788	0.0314635	0.00831506	0.0012422	0.126778	0.0133926	0.00668275	0.0659621	0.00526646	0.0765424	0.039974	0.069026	0.0386514	0.00990562	0.000187092	0.00576954
47	0.0106944	0.01846	0.00221479	0.00181058	0.447449	0.00170639	0.00564968	0.0516053	0.00287734	0.282548	0.0650757	0.00202223	0.00320133	0.00328438	0.00670989	0.0132763	0.00532174	0.0292759	0.00633598	0.0404807
48	0.117959	0.0188015	0.0383345	0.0625279	0.0326694	0.0344078	0.0347663	0.0260864	0.0886609	0.0637446	0.0400298	0.0391933	0.0233364	0.061751	0.0803225	0.0966758	0.0579824	0.0322735	0.0146411	0.0358354
49	0.00989937	0.0203584	0.00166601	0.00166745	0.428323	0.00143804	0.00344366	0.0416305	0.00189634	0.335289	0.0754915	0.00159616	0.00169216	0.00289718	0.00538328	0.0108699	0.00731048	0.0238213	0.00483927	0.020486
50	0.0803198	0.00209526	0.0627706	0.0716181	0.0112298	0.0372408	0.023209	0.0187406	0.0827167	0.0168486	0.00954921	0.0610047	0.0204334	0.0546915	0.0345929	0.241868	0.140293	0.0264468	0.000349193	0.00398129
51	0.052366	0.010827	0.100364	0.0399276	0.00456365	0.246172	0.064667	0.00322409	0.0602113	0.0071072	0.00410779	0.171013	0.00720495	0.0532504	0.0199006	0.092347	0.0456575	0.00519455	0.000412686	0.0114812
52	0.00834222	0.0116523	0.000925664	0.00142662	0.07246	0.00185255	0.00105208	0.0865698	0.00147457	0.494586	0.117415	0.00125763	0.00100186	0.0078559	0.00383629	0.00330035	0.0297444	0.150532	0.00186119	0.00285348
53	0.0461936	0.000752608	0.0315241	0.069529	0.000585971	0.0158986	0.0518316	0.00641313	0.259716	0.00180443	0.00299556	0.0871122	0.0144383	0.107841	0.132727	0.0729266	0.0818788	0.0106463	0.000214558	0.00497074
54	0.00231325	0.00817678	0.000951104	0.00538618	0.410315	0.00132893	0.0097631	0.0028619	0.00180698	0.00614507	0.00664308	0.00148002	0.000473906	0.00147756	0.00205446	0.0117855	0.0019827	0.010366	0.0041904	0.510498
55	0.0638514	0.0109276	0.00119962	0.00493117	0.0193257	0.00994643	0.00180968	0.254738	0.00297682	0.0603476	0.0377463	0.00214912	0.00317133	0.00182138	0.00124722	0.00705686	0.0319956	0.482605	0.000343315	0.00181031
56	0.0096854	0.0169744	0.00159622	0.00166062	0.353723	0.00130427	0.0037679	0.057901	0.00297477	0.368366	0.0801063	0.00186384	0.00281545	0.00385691	0.00920108	0.00976149	0.0106585	0.0391069	0.00538653	0.0192889
57	0.303073	0.00351608	0.000977736	0.00360327	0.00090135	0.62508	0.00121193	0.00844973	0.00213766	0.00194467	0.00123536	0.000927961	0.00352582	0.00112245	0.00406059	0.023678	0.00169084	0.0117637	0.000308053	0.000791508
58	0.0132617	0.0220999	0.00305321	0.00315089	0.10483	0.0018978	0.00442746	0.12739	0.00536671	0.507967	0.0628081	0.00225059	0.00785553	0.00588836	0.00821705	0.00551553	0.0110017	0.0741086	0.0180607	0.0108495
59	0.0741752	0.0075884	0.0548542	0.0432191	0.00199579	0.591443	0.0110891	0.00512733	0.0614617	0.00467673	0.0051236	0.049377	0.00199884	0.0194559	0.0182288	0.0294158	0.00827141	0.00607773	0.000862377	0.00555757
60	0.0473074	0.0037771	0.126914	0.0547771	0.00919019	0.0601381	0.0214571	0.00697489	0.0822801	0.00880805	0.00888722	0.153275	0.00802172	0.0345407	0.0250386	0.205542	0.127086	0.00954568	0.000826177	0.00561347
61	0.0498719	0.00320073	0.0266805	0.03255	0.00527946	0.0195022	0.0387465	0.0108046	0.140049	0.00830187	0.00452935	0.0833918	0.0129468	0.0733437	0.078692	0.193702	0.197674	0.0145548	0.00111098	0.00506803
62	0.0822366	0.0515022	0.00910843	0.00848557	0.0106417	0.037991	0.0333353	0.0126211	0.0413307	0.0405034	0.0361565	0.148115	0.00336732	0.120527	0.0240397	0.153716	0.158633	0.0195869	0.00279158	0.00531075
63	0.0258296	0.0317813	0.00321289	0.00808595	0.143055	0.00401747	0.180312	0.0111833	0.022887	0.0318334	0.00894505	0.0576672	0.00217554	0.0378557	0.0246791	0.0305698	0.0300764	0.0123548	0.0125475	0.320931
64	0.0884276	0.00153541	0.120059	0.270153	0.000908832	0.0317718	0.00995024	0.00193695	0.13222	0.0135031	0.00667889	0.0626904	0.00476768	0.0782331	0.0450827	0.0713799	0.0427861	0.0113426	0.000336612	0.00623559
65	0.0298994	0.0315483	0.00339716	0.00925313	0.125776	0.00372534	0.214972	0.00728126	0.029316	0.033862	0.00861634	0.092136	0.00156955	0.0595414	0.0347489	0.0284966	0.0284867	0.00836006	0.0156055	0.233408
66	0.00229829	0.00830542	0.000968377	0.00574293	0.42287	0.00131348	0.0107576	0.00276013	0.00184575	0.00532737	0.00606566	0.00145626	0.000500995	0.001517	0.00198863	0.0115525	0.0019797	0.0102857	0.0042	0.498265
67	0.100158	0.277857	0.0174128	0.0699094	0.0153842	0.017034	0.0187545	0.0280225	0.0194121	0.0342662	0.0774725	0.152312	0.00874512	0.0213362	0.0196766	0.0369012	0.0318897	0.0320427	0.00572508	0.0156876
68	0.109326	0.00399366	0.0793619	0.17738	0.00773882	0.0337182	0.0152469	0.0116187	0.113975	0.0299862	0.0163669	0.0511068	0.0111482	0.0757379	0.0526324	0.112301	0.0619933	0.0205887	0.00303815	0.012741
69	0.0657934	0.0100671	0.00143766	0.0112651	0.0322664	0.00781811	0.00230665	0.248789	0.00369499	0.0554389	0.0636518	0.00219966	0.00298551	0.00272101	0.00194294	0.00736344	0.0320316	0.44524	0.000609028	0.00237686
70	0.336646	0.00294197	0.00103896	0.00411436	0.000952162	0.572363	0.00171547	0.0122983	0.00203243	0.00213552	0.00134657	0.00112273	0.00481373	0.00124822	0.0053646	0.0312218	0.0019845	0.015417	0.000297756	0.000945036
71	0.0272564	0.00378554	0.0412295	0.0191806	0.00647824	0.00546662	0.014223	0.163267	0.392892	0.0338817	0.0222118	0.0193586	0.00245825	0.00464713	0.134643	0.00957479	0.00694452	0.0873769	0.001339	0.00378573
72	0.0720127	0.014782	0.0373971	0.0750238	0.0624089	0.0144031	0.0333463	0.0299824	0.137758	0.076362	0.0405095	0.035181	0.00554152	0.0777097	0.0978324	0.049455	0.0618689	0.0439218	0.00578951	0.0287144
73	0.0125763	0.00786105	0.001293	0.00150587	0.0556634	0.00301233	0.00216838	0.249119	0.00400441	0.277863	0.0317649	0.00143738	0.000612442	0.00203619	0.00144823	0.00880578	0.0741291	0.255462	0.00129799	0.00793939
74	0.0143436	0.00239427	0.620145	0.0274145	0.0110799	0.00293023	0.0543831	0.0105473	0.0162162	0.0153465	0.00451541	0.118445	0.00225854	0.0251254	0.00295377	0.0155555	0.0242701	0.0197229	0.000840575	0.0115125
75	0.050271	0.000737264	0.0333348	0.0798594	0.000542609	0.0151092	0.0481868	0.00637147	0.258346	0.00197701	0.00222544	0.0831254	0.0112235	0.112129	0.132825	0.0685495	0.0786677	0.0105922	0.000677504	0.00524974
76	0.0963329	0.00960854	0.0225384	0.0617375	0.0435959	0.0204785	0.0313362	0.0351695	0.128588	0.0956578	0.0346225	0.0347629	0.00505061	0.0730644	0.11967	0.0574407	0.0652135	0.0350808	0.00784182	0.0222096
77	0.00762991	0.0156601	0.0006728	0.00108452	0.0948916	0.000756545	0.000814826	0.0599665	0.00109873	0.608393	0.113486	0.00076041	0.000982618	0.00436443	0.00427971	0.00160303	0.0231793	0.0557523	0.00313671	0.00148692
78	0.0901577	0.00132438	0.123828	0.281091	0.000670159	0.03148	0.00840903	0.00126727	0.128737	0.0132757	0.0066085	0.0652958	0.00509701	0.0768614	0.0417806	0.0694296	0.0388107	0.00983483	0.000239949	0.0058008
79	0.0656758	0.0272344	0.0255556	0.0339296	0.0749353	0.005614	0.045529	0.0272446	0.0625773	0.275426	0.0283397	0.0196722	0.00696098	0.0852125	0.0528364	0.0335888	0.0256382	0.0349883	0.009748	0.0592935
80	0.0384738	0.00750646	0.0849512	0.0869941	0.00238696	0.381357	0.0152646	0.00568638	0.120165	0.00871737	0.00752825	0.0719977	0.00244205	0.0403681	0.0509154	0.0436464	0.0147717	0.00683571	0.00132388	0.00866813
81	0.364789	0.00290017	0.000997562	0.00410023	0.000911514	0.556112	0.0012605	0.00917103	0.00186896	0.00197575	0.00132484	0.00103903	0.00377457	0.00106905	0.00431185	0.0277877	0.00169794	0.0138017	0.000268784	0.000837873
82	0.0454204	0.000822675	0.0287458	0.072467	0.000779289	0.0138489	0.0517164	0.00732881	0.264435	0.00204824	0.00245824	0.0895133	0.010436	0.118041	0.115995	0.0668379	0.09081	0.0117293	0.000244716	0.00632185
83	0.0622175	0.0167999	0.0116993	0.0399598	0.00971394	0.010562	0.0194667	0.0259326	0.120231	0.0491083	0.0194165	0.016051	0.0191721	0.0677718	0.385658	0.0606429	0.0313273	0.0182414	0.00451351	0.0115148
84	0.00935667	0.0120046	0.00272772	0.000929275	0.0650577	0.00173449	0.00199062	0.285821	0.00251034	0.351436	0.0646308	0.00197483	0.00463008	0.00101073	0.00436509	0.00653867	0.0113804	0.161428	0.00477129	0.00570193
85	0.0650498	0.0354953	0.0105095	0.00358945	0.149455	0.0156424	0.0471121	0.0662135	0.00543772	0.171968	0.0441804	0.00495008	0.00296228	0.0161845	0.00726617	0.0366148	0.0059597	0.0582014	0.003055	0.250153
86	0.115875	0.0123801	0.0218985	0.0262465	0.00830082	0.248734	0.0587368	0.036808	0.0351851	0.0223443	0.0141438	0.0473795	0.0102968	0.0346343	0.0245176	0.149189	0.0930576	0.0280824	0.00260213	0.00958819
87	0.0381393	0.0252437	0.021965	0.080309	0.0149953	0.0189548	0.0134881	0.0325129	0.0709004	0.322158	0.0919003	0.00731732	0.00390029	0.0345675	0.0584739	0.0298354	0.0103212	0.0619056	0.00333335	0.059779
88	0.262705	0.00616887	0.00146334	0.00311654	0.000994214	0.658359	0.00163505	0.00731271	0.00304682	0.00262238	0.00181164	0.00165578	0.00333548	0.00135805	0.00385629	0.0255783	0.00379532	0.00983617	0.000371507	0.000977281
89	0.0149104	0.00275301	0.621382	0.0292766	0.0107744	0.00357553	0.0529133	0.0106467	0.0160075	0.0151124	0.00461415	0.116306	0.00229811	0.0243162	0.00302931	0.017061	0.0235961	0.019278	0.000853898	0.0112957
90	0.0502238	0.0210575	0.621842	0.126268	0.00167541	0.0214703	0.00293647	0.00915269	0.00969053	0.00374949	0.00499305	0.00415542	0.00464507	0.00637285	0.00267721	0.0901892	0.00328022	0.00582047	0.000516446	0.00928421
91	0.141827	0.0379159	0.105598	0.0242817	0.00931349	0.172195	0.028073	0.0133183	0.0290761	0.0184301	0.0138485	0.115324	0.00498303	0.0281762	0.0199401	0.0939825	0.0539147	0.054149	0.00239697	0.0332569
92	0.0672277	0.00911126	0.119421	0.0552396	0.00673908	0.190109	0.0490308	0.00301363	0.0719604	0.0088804	0.00488129	0.148307	0.00488437	0.0604384	0.0254459	0.104533	0.0507854	0.0061255	0.000356805	0.0135095
93	0.00864223	0.0109114	0.00121399	0.00183244	0.0725886	0.00142392	0.00150537	0.104962	0.00165256	0.550884	0.100172	0.00124176	0.00100996	0.00455996	0.00429818	0.00346433	0.0450049	0.0793559	0.00236334	0.00291295
94	0.0158377	0.00559093	0.218471	0.492425	0.00714462	0.0151273	0.00701638	0.00822829	0.0297827	0.0103302	0.0101153	0.0502308	0.000458197	0.0531126	0.0138321	0.0342952	0.0105614	0.00349886	0.000263072	0.0136787
95	0.0267882	0.00721449	0.215156	0.397423	0.00648087	0.0332895	0.0130019	0.00709809	0.0405515	0.00997786	0.0119616	0.0645916	0.00113407	0.0624063	0.0152325	0.0548116	0.0177903	0.00368443	0.000323012	0.0110838
96	0.0207044	0.00403437	0.296589	0.12072	0.00665771	0.0156233	0.0546263	0.0156452	0.0628559	0.02633	0.013955	0.0485406	0.00321842	0.118941	0.0176947	0.0298024	0.0738307	0.052129	0.00111241	0.0169894
97	0.00391567	0.0121044	0.00160577	0.00564796	0.388248	0.00232346	0.0185375	0.00931354	0.00348136	0.0153929	0.00793426	0.00299844	0.00145638	0.0041861	0.00317458	0.0123833	0.00283377	0.0171031	0.00526961	0.48209
98	0.00730132	0.0117011	0.000570312	0.00104527	0.0848708	0.000695376	0.000799361	0.0810542	0.00109301	0.584202	0.101421	0.000647039	0.00108509	0.00448926	0.00468318	0.00137935	0.0283056	0.0790953	0.00283241	0.00272865
99	0.0237454	0.0142585	0.0307776	0.0360406	0.265267	0.00766181	0.0205397	0.0207983	0.0132321	0.13642	0.0197857	0.00978267	0.00516845	0.0405439	0.0122407	0.0421637	0.0354039	0.0207091	0.108566	0.136895
100	0.0842412	0.00293406	0.0534626	0.0699123	0.0121817	0.0349341	0.0249252	0.0195628	0.0748321	0.0211896	0.012843	0.0469434	0.0275188	0.0541813	0.0381687	0.244165	0.142372	0.0280426	0.00124215	0.00634665
101	0.416719	0.00851237	0.00802863	0.0591571	0.00163194	0.0214096	0.030693	0.0225206	0.0209304	0.011731	0.0269081	0.00343378	0.00397011	0.0259524	0.00836553	0.129089	0.0985049	0.100499	0.000510717	0.00143301
102	0.00923449	0.0152864	0.00125566	0.000805009	0.102388	0.000886477	0.00216288	0.15892	0.00383897	0.49581	0.0558117	0.000646706	0.00847843	0.00136929	0.00769365	0.00127604	0.0113038	0.0993532	0.0143309	0.00914903
103	0.0136584	0.0272895	0.00402306	0.0063437	0.291443	0.00574858	0.0510894	0.038117	0.0118156	0.060206	0.0152088	0.00954843	0.00773273	0.0147804	0.00762564	0.0161026	0.00503458	0.0379381	0.00639852	0.369896
104	0.0448922	0.00250663	0.123569	0.0540681	0.00921334	0.0679344	0.0199522	0.00503033	0.0799413	0.00463153	0.00757737	0.160034	0.00699368	0.0331882	0.0239713	0.205601	0.139145	0.00669224	0.000410783	0.00464739
105	0.411495	0.00475163	0.00488694	0.0174461	0.00302851	0.00791674	0.0466979	0.0392369	0.00839062	0.020795	0.0595261	0.0147614	0.0267011	0.0503537	0.00539569	0.112505	0.0516086	0.110642	0.000830329	0.00303002
106	0.0764663	0.025738	0.023465	0.018649	0.0067779	0.0299119	0.0906511	0.0272888	0.0659576	0.0350002	0.0296372	0.133759	0.00546296	0.0937609	0.0580937	0.127759	0.0904312	0.0468598	0.00421402	0.0101162
107	0.0850497	0.00818729	0.0337066	0.0505951	0.0104123	0.0397714	0.0828504	0.014172	0.0670237	0.02846	0.0147238	0.0911739	0.023355	0.0749236	0.0385817	0.191223	0.102537	0.0216188	0.00251511	0.0191195
108	0.124265	0.0176944	0.032313	0.0681957	0.0229561	0.0266638	0.0311548	0.0240324	0.0826144	0.0484535	0.0440863	0.0349319	0.0658924	0.0557991	0.0542734	0.111157	0.058239	0.0464704	0.00916346	0.0416435
109	0.00954696	0.029156	0.00312391	0.00963129	0.314337	0.00518192	0.0397371	0.0298461	0.0109778	0.0399495	0.0113523	0.00751372	0.00491019	0.0110585	0.00831351	0.0170409	0.00514967	0.039948	0.00625577	0.39697
110	0.0507095	0.0108985	0.0171539	0.0139383	0.0432662	0.00744208	0.0201744	0.121635	0.0685549	0.212786	0.065277	0.0396502	0.0226265	0.0418302	0.0402672	0.0261561	0.0452638	0.063216	0.0446026	0.0445513
111	0.0894387	0.0240009	0.0120148	0.0210771	0.00397351	0.013238	0.0338706	0.0490917	0.123942	0.0468068	0.0154164	0.070827	0.00414027	0.0653716	0.0934623	0.0999035	0.142535	0.0750811	0.0106999	0.00510902
112	0.0222614	0.00521886	0.0150401	0.0276198	0.00238683	0.00530822	0.0207974	0.0115487	0.2546	0.0250041	0.00415588	0.00824758	0.0103428	0.0460671	0.464642	0.0326562	0.0228007	0.00750346	0.000842632	0.0129568
113	0.0414889	0.0183695	0.0829077	0.179693	0.0122292	0.0167147	0.0578045	0.0164975	0.153966	0.0298907	0.0151209	0.0372932	0.00745455	0.104467	0.0625519	0.0423241	0.0516825	0.0404067	0.00137845	0.0277589
114	0.0321018	0.0116552	0.0101449	0.0237226	0.0447984	0.00857209	0.0105509	0.166372	0.0246126	0.369652	0.0470385	0.0114593	0.00571166	0.0125597	0.0120559	0.0193732	0.0620211	0.110604	0.00589666	0.0110981
115	0.0523703	0.0408853	0.00934718	0.0217524	0.119579	0.00669932	0.146051	0.0122982	0.0533815	0.0616957	0.022434	0.0713187	0.00308436	0.0532637	0.0648023	0.0299313	0.0373205	0.0163606	0.0152312	0.162194
116	0.0113447	0.00573094	0.00514299	0.00106984	0.0200443	0.00123891	0.00111054	0.331594	0.00125105	0.335276	0.11402	0.00489754	0.00125061	0.00121365	0.0012621	0.0141181	0.00308685	0.14498	0.000389493	0.0009787
117	0.0157661	0.0050869	0.285896	0.406929	0.00741063	0.0132976	0.0129214	0.0114946	0.0286621	0.0139187	0.00866334	0.0674983	0.000760329	0.0474825	0.0111532	0.0323129	0.0130779	0.00586592	0.000373683	0.0114292
118	0.0103948	0.0143908	0.00116688	0.000812314	0.11588	0.00108815	0.00259185	0.180534	0.0040154	0.442999	0.0487142	0.000764925	0.00878862	0.00134161	0.00939318	0.00141562	0.0114313	0.120394	0.0128041	0.011079
119	0.0500009	0.0199152	0.628396	0.108909	0.00175304	0.0231436	0.00267221	0.00985515	0.0104543	0.00378239	0.00445522	0.0036166	0.00530347	0.00542661	0.00273514	0.0995969	0.00531399	0.0058957	0.00050628	0.00826849
120	0.0070517	0.0049496	0.000923967	0.00128689	0.0561948	0.00267	0.0023817	0.301753	0.00219069	0.310277	0.023789	0.0010201	0.000607315	0.00156168	0.00155666	0.00647298	0.0496396	0.21711	0.00136751	0.00719613
121	0.0830524	0.00225257	0.0484418	0.0643167	0.0120302	0.034232	0.0267039	0.0213731	0.068466	0.020886	0.00997368	0.0409614	0.0236957	0.0530752	0.0367827	0.265623	0.154759	0.0283154	0.000481758	0.00457708
122	0.0559011	0.0116706	0.119568	0.0669118	0.00318777	0.335553	0.022526	0.00207318	0.0796625	0.00484444	0.00588531	0.118352	0.00208162	0.032733	0.0286825	0.0699142	0.0219838	0.00580401	0.000351708	0.0123132
123	0.0791122	0.00220495	0.0480028	0.0603867	0.0113777	0.0336353	0.0280813	0.0209255	0.0667777	0.0198568	0.0089782	0.0425313	0.0232494	0.0517484	0.0350645	0.267145	0.168775	0.0273627	0.000431141	0.00435309
124	0.0111491	0.00586928	0.00529971	0.00104556	0.0193814	0.00117512	0.00108097	0.331439	0.00127511	0.339604	0.114648	0.00498561	0.00132158	0.00121858	0.00124887	0.0139934	0.00241058	0.141546	0.000403462	0.000903665
125	0.0982642	0.00482053	0.0183896	0.0456052	0.00628502	0.029462	0.0166732	0.0422076	0.143311	0.0448051	0.0256618	0.0349834	0.0119186	0.052606	0.0937074	0.159221	0.106824	0.0528653	0.0056488	0.00674099
126	0.00719362	0.0146526	0.00233764	0.00563116	0.331915	0.00285883	0.0286048	0.0107656	0.00419337	0.0226115	0.0104791	0.00520151	0.00189592	0.00727962	0.00490365	0.013471	0.00504152	0.015647	0.00516089	0.500156
127	0.0585693	0.00177504	0.107904	0.259104	0.00150317	0.0288029	0.0258609	0.00600634	0.120933	0.0217929	0.010921	0.0371581	0.00328219	0.121876	0.0304765	0.052936	0.0658236	0.0305068	0.000418319	0.0143498
128	0.108767	0.00920953	0.00457368	0.00456601	0.00428593	0.00515584	0.0217525	0.0123639	0.00535669	0.00904542	0.00551144	0.00558795	0.0689276	0.00630762	0.00886614	0.170295	0.51478	0.0295932	0.00101327	0.00404027
129	0.354039	0.00302008	0.00099693	0.00403414	0.000932566	0.566585	0.00143261	0.00911393	0.00194775	0.00209087	0.00136568	0.00115644	0.00371474	0.00118691	0.0042184	0.0277399	0.00191789	0.0133599	0.000263931	0.000884198
130	0.0593784	0.0152861	0.256737	0.0914029	0.0187428	0.0664326	0.0247338	0.0160273	0.0416253	0.0246205	0.0410518	0.0449816	0.00857846	0.066756	0.0237842	0.102664	0.0337575	0.0218673	0.00329549	0.0382772
131	0.07905	0.022489	0.0155159	0.017053	0.0478662	0.0363796	0.147526	0.0202941	0.029334	0.0328265	0.012786	0.171552	0.0063883	0.0408982	0.0310108	0.0965631	0.0496399	0.0271864	0.00631397	0.109326
132	0.00924598	0.0163968	0.00348991	0.00144958	0.0318265	0.000966856	0.00134464	0.256135	0.00169333	0.508159	0.0383992	0.00150412	0.00408768	0.00145081	0.0027528	0.00420603	0.00945632	0.100539	0.00326613	0.00363073
133	0.354669	0.00286999	0.000960891	0.00428017	0.000902092	0.56364	0.00120211	0.00968555	0.00174821	0.00195834	0.00129334	0.000920723	0.00402084	0.00106639	0.00441651	0.029413	0.00165377	0.0142387	0.000251292	0.000810054
134	0.00846625	0.00338833	0.000778	0.000825008	0.00571152	0.000840285	0.000831321	0.489248	0.000997809	0.0558971	0.00454579	0.00135451	0.00343836	0.000933083	0.0009053	0.00194454	0.00199799	0.417038	0.000234534	0.000624653
135	0.0105675	0.0261641	0.00380524	0.00357199	0.402689	0.00371242	0.0252789	0.0243787	0.00413173	0.157139	0.0320774	0.00442805	0.00280869	0.00713203	0.00486503	0.0148835	0.00439431	0.0221387	0.0186573	0.227177
136	0.0431092	0.00280733	0.0410683	0.0221543	0.0327029	0.0065943	0.0286216	0.197155	0.0455175	0.170156	0.0633254	0.0295202	0.00421471	0.0185537	0.00422241	0.0293356	0.0949349	0.138993	0.0040942	0.0229191
137	0.0614342	0.0101277	0.00117881	0.00496251	0.0172934	0.00908244	0.0017634	0.265194	0.00363995	0.057478	0.0340462	0.00236295	0.0034776	0.00205507	0.00128076	0.00783952	0.0303032	0.484336	0.000333765	0.00181057
138	0.0212111	0.00520488	0.223891	0.460948	0.00675985	0.016128	0.00618766	0.00844317	0.0374901	0.0116828	0.00885931	0.0586167	0.00071665	0.055231	0.0141227	0.0374453	0.0131764	0.00260175	0.000239139	0.011045
139	0.0648492	0.00340798	0.0237203	0.189386	0.00166107	0.00813604	0.00904754	0.0210375	0.18498	0.0115873	0.00245675	0.0174498	0.00129945	0.116055	0.258858	0.0473428	0.0194167	0.00407509	0.0129851	0.00224822
140	0.010671	0.014658	0.0010886	0.000800374	0.114863	0.00112581	0.00277291	0.183244	0.00432422	0.431658	0.0477085	0.000713405	0.00952889	0.00119124	0.00954022	0.00134343	0.0114967	0.127441	0.0137112	0.0121187
141	0.0502846	0.000750643	0.0333142	0.0796644	0.000549149	0.0150653	0.0481808	0.00637404	0.258297	0.00196752	0.00221749	0.0831998	0.0112229	0.11223	0.132792	0.0685896	0.0787508	0.0106118	0.000682392	0.00525472
142	0.0918966	0.0330963	0.00823265	0.00700777	0.0167447	0.00535407	0.0400328	0.0865977	0.0129665	0.296983	0.0397927	0.00607107	0.00324492	0.0460006	0.0748446	0.0396472	0.020292	0.10354	0.00303403	0.0646216
143	0.00751234	0.0130516	0.000818962	0.00132676	0.0847009	0.000717822	0.000930331	0.0809526	0.00123158	0.593133	0.0964588	0.000786895	0.00119997	0.00502533	0.00410312	0.00165299	0.0296916	0.0710108	0.00323614	0.00245886
144	0.0298905	0.00861788	0.0987071	0.0727023	0.0016656	0.459892	0.015219	0.00211932	0.10012	0.00303361	0.00629743	0.0865442	0.00135034	0.0318484	0.0263154	0.0381147	0.00598036	0.00256893	0.000428961	0.00858378
145	0.0445008	0.00380583	0.0160092	0.0147749	0.0560989	0.00474217	0.0248465	0.165353	0.0515162	0.201361	0.0404917	0.014366	0.00330273	0.0177854	0.0034049	0.0230702	0.100679	0.168434	0.00344344	0.0420127
146	0.0268109	0.0375337	0.00237096	0.0119266	0.111667	0.00304501	0.217825	0.00616231	0.041644	0.0332295	0.00883979	0.0755221	0.00157106	0.0503476	0.0474488	0.0325415	0.0300116	0.00820569	0.0239567	0.22934
147	0.0151143	0.0310534	0.00369547	0.00647964	0.195357	0.00470754	0.134768	0.0147176	0.0146833	0.0268709	0.00823362	0.0283192	0.00308389	0.0298164	0.0134939	0.0175344	0.0163998	0.01578	0.00811326	0.411779
148	0.0512547	0.0521014	0.00231271	0.00273809	0.0189806	0.0156527	0.00254891	0.134246	0.00440876	0.188061	0.111402	0.00205116	0.0013169	0.0054783	0.00246761	0.0371868	0.0661294	0.288688	0.000713357	0.0122626
149	0.0485279	0.0206037	0.611417	0.138492	0.00192356	0.0211049	0.00263661	0.00907198	0.010802	0.00393915	0.00491653	0.00661964	0.00442291	0.00823119	0.00307785	0.0857475	0.00367493	0.00546896	0.000463862	0.00885849
150	0.00634403	0.00330715	0.000867169	0.000940742	0.0753113	0.00356623	0.00247751	0.31498	0.00188551	0.277257	0.0252368	0.00095926	0.00141848	0.00135931	0.00220514	0.00581455	0.040184	0.226611	0.00263607	0.00663904
151	0.10017	0.0691768	0.00342737	0.00328857	0.0143257	0.0654405	0.0189155	0.0057077	0.0115323	0.0422415	0.0391141	0.152237	0.001456	0.0752562	0.00580902	0.203544	0.177139	0.00646301	0.000905051	0.0038504
152	0.121878	0.0488179	0.0054809	0.0055816	0.00836998	0.121567	0.0425131	0.00689188	0.0103823	0.0214411	0.0273468	0.129993	0.00184527	0.0592177	0.00879202	0.234752	0.13065	0.00781948	0.000865045	0.00579517
153	0.113035	0.0438903	0.00181169	0.00180105	0.0157173	0.00818871	0.0155368	0.0450937	0.00276212	0.0400527	0.0167881	0.0198957	0.503638	0.0139746	0.00225292	0.0600404	0.0489592	0.0440334	0.000533393	0.00199395
154	0.0683805	0.00951751	0.00212969	0.00682822	0.0143131	0.00776647	0.00315407	0.236327	0.0101031	0.0623012	0.023207	0.004431	0.0418651	0.00586086	0.00311782	0.00908776	0.0230793	0.464886	0.000772907	0.00287121
155	0.0413601	0.00180202	0.0246484	0.0533327	0.00168566	0.0164924	0.0512718	0.00817303	0.266019	0.00772925	0.00751839	0.0695436	0.0227304	0.0825632	0.186553	0.0688472	0.0716707	0.0119875	0.00056786	0.00550455
156	0.0349522	0.00713972	0.0129398	0.0238866	0.00592605	0.00773547	0.0354821	0.0116475	0.19571	0.0368306	0.00728766	0.0152989	0.0400217	0.0498581	0.410959	0.0446607	0.0396442	0.010086	0.00139215	0.0085414
157	0.0528788	0.00283802	0.0267081	0.00635344	0.0651913	0.0101187	0.00866052	0.203792	0.0182053	0.150619	0.0225103	0.0280219	0.0143317	0.0209944	0.00490001	0.0585985	0.136938	0.147251	0.0125544	0.0085338
158	0.00775141	0.0156677	0.00316446	0.00112661	0.0504518	0.000837952	0.00122948	0.218209	0.00194346	0.52721	0.0498376	0.00130248	0.00509674	0.0015898	0.00332988	0.00322776	0.00916426	0.0892548	0.00586588	0.00373892
159	0.107614	0.00539031	0.0116837	0.0443774	0.00807101	0.0239241	0.0181179	0.0428811	0.14319	0.09667	0.02736	0.0342743	0.00419298	0.0753388	0.1114	0.110218	0.0626366	0.0499437	0.0100351	0.0126811
160	0.102191	0.0057341	0.0456654	0.0661324	0.0185943	0.0352415	0.026679	0.0228397	0.0807574	0.0331964	0.0172481	0.0432764	0.020714	0.0634697	0.044612	0.206228	0.119794	0.0337044	0.00322322	0.0106979
161	0.00787275	0.017807	0.00116008	0.000972015	0.106549	0.00071449	0.00145984	0.108296	0.00249952	0.567009	0.0783396	0.000730067	0.0052199	0.00255876	0.00528693	0.00153416	0.0133477	0.0635374	0.00980103	0.00530502
162	0.452139	0.0119048	0.00504234	0.00692897	0.00481679	0.0299194	0.00566464	0.0782323	0.0201516	0.0530221	0.0135805	0.00702687	0.0027959	0.00488892	0.0101113	0.1342	0.0578984	0.0937522	0.0027409	0.00518267
163	0.100399	0.0115979	0.0518072	0.0723868	0.0169304	0.0338028	0.0384707	0.0179192	0.0751229	0.0301915	0.0236195	0.0436034	0.0360015	0.0767638	0.0447651	0.179512	0.0928608	0.0289091	0.00483424	0.0205028
164	0.0126305	0.0276344	0.0040168	0.00638876	0.293488	0.00578376	0.0516084	0.0364378	0.0116323	0.059176	0.0147059	0.0093356	0.00713588	0.01494	0.00744307	0.0160252	0.00509983	0.0375884	0.00676416	0.372165
165	0.379312	0.099229	0.00434502	0.00599898	0.00421111	0.00989682	0.00767667	0.0376617	0.00674697	0.0251405	0.00632841	0.00494434	0.00428849	0.00580855	0.00613474	0.097606	0.180498	0.109724	0.000999628	0.00344959
166	0.0820584	0.00225001	0.0479339	0.0630655	0.0118708	0.0342114	0.0270544	0.0213942	0.0677386	0.0206612	0.00974971	0.0409611	0.0238808	0.0526661	0.0369077	0.266472	0.15801	0.0280903	0.00050558	0.0045184
167	0.101338	0.0109784	0.0132921	0.051991	0.00639803	0.0193316	0.0175203	0.0388318	0.16632	0.0695535	0.0205657	0.0324907	0.00485379	0.0962831	0.134609	0.0983336	0.0545438	0.0430497	0.00958375	0.0101317
168	0.0902843	0.00132017	0.125039	0.283059	0.000707514	0.0314932	0.00832041	0.00123483	0.127003	0.0134113	0.00666377	0.065953	0.00525391	0.0765463	0.0400052	0.069173	0.0387248	0.00989691	0.000182546	0.00572802
169	0.0729452	0.0116546	0.0294577	0.0843219	0.07074	0.0127969	0.0322183	0.0263941	0.142446	0.0840321	0.0412695	0.0349897	0.0035453	0.0707335	0.12417	0.0330828	0.0626693	0.0316023	0.00434369	0.0265871
170	0.00772072	0.0156723	0.000693549	0.00107611	0.0938804	0.000809572	0.00082805	0.0615881	0.00106501	0.608086	0.112466	0.000769238	0.00105899	0.00426441	0.00435104	0.00155506	0.0230051	0.0563939	0.00317471	0.0015415
171	0.0622214	0.00340881	0.00721035	0.068099	0.0122479	0.00776389	0.0292077	0.0424029	0.18548	0.168056	0.0215788	0.0462436	0.00178449	0.0448745	0.116051	0.0337433	0.0907332	0.0504406	0.00265339	0.00579897
172	0.0735431	0.0260561	0.0284731	0.0268779	0.0699292	0.00719538	0.0466386	0.0315987	0.0500616	0.278616	0.0298871	0.0211799	0.0100836	0.0861015	0.0451939	0.0390258	0.0217937	0.035595	0.0119678	0.0601821
173	0.0106242	0.0145121	0.00117786	0.000820225	0.113003	0.0011847	0.0027112	0.188451	0.00417979	0.427616	0.048583	0.000762606	0.00926907	0.00116381	0.00911922	0.00145636	0.0112789	0.128971	0.0134222	0.0116939
174	0.112302	0.0250208	0.00104243	0.00353877	0.0505033	0.057977	0.00132993	0.175107	0.00177223	0.256937	0.0288589	0.00108771	0.00438916	0.00620386	0.00442269	0.0210824	0.0264964	0.211193	0.00309576	0.00763962
175	0.0553376	0.0204415	0.17733	0.309416	0.00634156	0.0418299	0.0251346	0.00696016	0.0491861	0.010843	0.0191557	0.0455397	0.00549139	0.0803704	0.0184816	0.0884178	0.0194016	0.00813122	0.000677277	0.0115131
176	0.0381043	0.00270407	0.0310494	0.00651261	0.0587371	0.0229007	0.00963444	0.254423	0.0174811	0.170746	0.0417406	0.0310812	0.00618556	0.0108572	0.00385497	0.0488242	0.0911914	0.139641	0.0054786	0.00885147
177	0.0471907	0.0635181	0.00301339	0.00232097	0.00350507	0.0266996	0.00312744	0.0967056	0.00304524	0.169505	0.219415	0.00257191	0.00138174	0.0090813	0.00309088	0.0644091	0.0309258	0.243589	0.000676352	0.00622821
178	0.0927416	0.0291303	0.00145044	0.00142553	0.0137963	0.0103961	0.0128805	0.0221506	0.00174646	0.0197707	0.00806503	0.0201737	0.624472	0.00894112	0.00173966	0.0526871	0.0475708	0.0291808	0.000451989	0.00122948
179	0.0418998	0.00615831	0.0101827	0.0115279	0.0232694	0.00746056	0.0946254	0.00924967	0.0899319	0.0716194	0.00737037	0.0245937	0.0967083	0.0369743	0.388228	0.0407502	0.0233719	0.0092507	0.00147786	0.00534987
180	0.011186	0.0059992	0.00528006	0.00106106	0.0203161	0.00127596	0.00113182	0.325562	0.00137002	0.342255	0.115798	0.00528767	0.00134908	0.00141697	0.00136706	0.0144303	0.00303919	0.14028	0.000535011	0.0010592
181	0.112718	0.0118636	0.023767	0.0506543	0.0231901	0.0259079	0.0305692	0.0343091	0.115492	0.0709832	0.0326156	0.0408142	0.0122924	0.0758688	0.0911572	0.103106	0.0725496	0.0389417	0.0116158	0.021584
182	0.0915274	0.0308565	0.00128767	0.00137637	0.0142107	0.00998104	0.0132227	0.0229767	0.00172143	0.0205775	0.00842913	0.0185896	0.628789	0.00914817	0.00150575	0.0511163	0.0433663	0.029753	0.000375522	0.00118937
183	0.0416112	0.0213946	0.0215136	0.0695759	0.00882056	0.0090946	0.0229363	0.0220757	0.156574	0.0328713	0.0132985	0.0168788	0.0131423	0.0594429	0.393513	0.0429862	0.024979	0.0147283	0.00361076	0.0109533
184	0.00753962	0.0166508	0.00302998	0.00362828	0.37469	0.00333639	0.0217074	0.0176461	0.00376633	0.0888716	0.0259982	0.0040487	0.00306009	0.0064611	0.00387197	0.0164933	0.0036088	0.0178424	0.00821887	0.36953
185	0.00339241	0.0101761	0.00131422	0.00521566	0.39106	0.00176811	0.0136508	0.00600612	0.00240851	0.0129573	0.00791604	0.00211468	0.000955827	0.00287304	0.00253452	0.0128489	0.00238275	0.0128507	0.00463731	0.502937
186	0.0603384	0.008571	0.0221875	0.0168571	0.00739733	0.0196775	0.0179785	0.0142987	0.0335821	0.0140299	0.00878476	0.0402598	0.02264	0.0231122	0.0239408	0.374841	0.265494	0.0197532	0.00134866	0.00490808
187	0.0167007	0.00577876	0.00433128	0.00354324	0.0218134	0.00535035	0.00440457	0.428797	0.00675594	0.118236	0.0209911	0.00350562	0.00683575	0.00374322	0.00602307	0.0108963	0.0142702	0.311029	0.00143568	0.00555869
188	0.651783	0.0174031	0.00222853	0.00486025	0.00153326	0.0443096	0.0036717	0.0126909	0.0043193	0.0101039	0.0121177	0.00211156	0.00930315	0.00307975	0.00788848	0.162274	0.0324869	0.0156339	0.000678407	0.0015221
189	0.0638279	0.0363084	0.147898	0.0390009	0.00759346	0.0235582	0.0112825	0.0182235	0.0187436	0.0191509	0.0103177	0.025519	0.0174588	0.015591	0.0254465	0.45381	0.0354285	0.0202847	0.00218292	0.00837362
190	0.0814696	0.0103426	0.0708857	0.0435706	0.00724414	0.0538735	0.0169197	0.0158591	0.0448461	0.0169227	0.00952877	0.0544156	0.0197682	0.0297509	0.04725	0.386316	0.0648934	0.0174687	0.00167347	0.00700119
191	0.113459	0.00648478	0.0279761	0.00429041	0.00445353	0.00681802	0.00510188	0.0259894	0.00678019	0.027746	0.00616957	0.0740385	0.11304	0.00554113	0.0660692	0.481458	0.00985237	0.00917923	0.00137688	0.00417586
192	0.0807351	0.0045219	0.00873675	0.0409482	0.00582829	0.0157436	0.0248339	0.0418188	0.180637	0.11452	0.0302628	0.0427973	0.00303632	0.0511154	0.112027	0.101362	0.0605839	0.0662343	0.00632709	0.00793049
