219	20
1	0.243999	0.0166916	0.000989072	0.000235291	0.0401158	0.0623008	0.000209931	0.134808	0.00184206	0.233688	0.0444261	0.00124826	0.00168686	0.000294751	0.000353897	0.0150818	0.0227183	0.176491	0.00055678	0.00226282
2	0.103694	0.0123771	0.00013951	0.000378502	0.0832958	0.0215008	0.000129582	0.170754	0.000599023	0.328401	0.0382118	0.00153584	0.00172776	0.000169084	0.000196557	0.0063241	0.0176334	0.20354	0.00384936	0.00554232
3	0.259022	0.017822	0.00116112	0.000233434	0.035889	0.066245	0.000220117	0.130856	0.00174387	0.221384	0.0455914	0.00136116	0.00178697	0.000309705	0.000388909	0.0164582	0.0237535	0.17365	0.000282429	0.00184017
4	0.101744	0.0126249	0.000133042	0.000402174	0.0840708	0.0205511	0.000123129	0.170924	0.000584403	0.329345	0.0382629	0.00160665	0.00163793	0.000165828	0.000190156	0.00641666	0.01804	0.203551	0.00395744	0.00566891
5	0.267814	0.0194058	0.00115074	0.000285306	0.0353492	0.064165	0.000277463	0.123629	0.00162364	0.216053	0.0412167	0.00140995	0.00212836	0.00037316	0.000405657	0.0193177	0.0259008	0.177529	0.000312645	0.00165284
6	0.100981	0.0126046	0.000129425	0.000407731	0.0843773	0.0202866	0.000123747	0.170885	0.000575589	0.33005	0.038133	0.00160793	0.0016445	0.000165855	0.000191127	0.00641133	0.0180346	0.203744	0.00399559	0.00565064
7	0.0755424	0.00869255	0.000484648	0.000412536	0.049958	0.00810988	0.000462606	0.28367	0.0016264	0.100441	0.0456304	0.0023954	0.0012697	0.00156747	0.00155656	0.00323812	0.014835	0.387868	0.00848799	0.00375057
8	0.139951	0.0406044	0.00232516	0.00244838	0.0852518	0.100631	0.0136423	0.0358016	0.00250874	0.355485	0.146809	0.00389623	0.00181447	0.00278044	0.00366025	0.0367215	0.00913396	0.0119655	0.00195396	0.00261526
9	0.0317845	0.00159493	0.0012071	0.00246243	0.00559052	0.00420871	0.00107306	0.385845	0.00228123	0.209892	0.0929268	0.0140677	0.000944811	0.00280096	0.0100279	0.0155442	0.0578475	0.154043	0.00293312	0.0029251
10	0.0165136	0.00407583	0.00293077	0.000848976	0.267905	0.00187857	0.0130795	0.0198207	0.00109691	0.0372794	0.0197483	0.00512728	0.00118154	0.0080862	0.00343499	0.00820244	0.0116954	0.0160565	0.0359237	0.525114
11	0.220185	0.00228081	0.00119581	0.00133304	0.0152321	0.0252222	0.00113709	0.184105	0.00180003	0.0213554	0.0377788	0.00993732	0.00704857	0.00207325	0.00205465	0.0129843	0.0394597	0.410734	0.00223695	0.00184623
12	0.0659813	0.010064	0.000321846	0.000447373	0.050583	0.00885173	0.000369708	0.269034	0.00116869	0.199249	0.0552953	0.00251986	0.00117907	0.00101655	0.00160259	0.00475001	0.0175833	0.29977	0.00577944	0.00443383
13	0.0524974	0.00319615	0.000411787	0.000516774	0.0557582	0.00671523	0.000445559	0.156721	0.00105936	0.454584	0.0752211	0.00108687	0.00132238	0.000421721	0.00063334	0.00353521	0.0113956	0.169373	0.0032723	0.00183344
14	0.641773	0.0219233	0.000294097	0.000349539	0.00127681	0.127679	0.00143871	0.0142131	0.000412788	0.00882509	0.00664278	0.000604946	0.00213852	0.000413082	0.00179134	0.0850381	0.0547111	0.0270467	0.00290938	0.000517961
15	0.0384805	0.00148688	0.0003071	0.000500702	0.0491284	0.00318449	0.000270087	0.160031	0.0010382	0.479044	0.0795903	0.000847121	0.00121519	0.000454839	0.000513833	0.00240669	0.0106825	0.165987	0.00359926	0.00123158
16	0.0577631	0.000561316	0.00118667	0.000982317	0.00573743	0.7782	0.00104992	0.00255472	0.00315677	0.00462904	0.00450832	0.0144817	0.00131376	0.00416354	0.0040899	0.0872036	0.0163765	0.00980624	0.000810391	0.00142489
17	0.0493958	0.00551569	0.0174296	0.0904877	0.0395923	0.0113386	0.0158337	0.067408	0.0140354	0.191858	0.102957	0.0220355	0.010825	0.103135	0.0388749	0.0295677	0.0547577	0.0914686	0.010871	0.0326134
18	0.0199868	0.00162215	0.302474	0.00175056	0.0281056	0.00456028	0.0694995	0.0061009	0.00273898	0.00844867	0.00483055	0.326378	0.0449652	0.0027525	0.00740228	0.0921699	0.0301377	0.0415457	0.00186406	0.00266609
19	0.0315703	0.0042988	0.000357529	0.000360252	0.0335873	0.0037266	0.000379933	0.359769	0.00227091	0.088702	0.0325885	0.00115629	0.000789257	0.00215815	0.00196095	0.0033372	0.00799897	0.417988	0.00555889	0.0014405
20	0.0344939	0.00452134	0.0020262	0.00203467	0.0302032	0.00576949	0.00100073	0.339936	0.00424579	0.114329	0.0345604	0.00647515	0.0012776	0.0085436	0.00792255	0.00500777	0.0158566	0.373115	0.00627787	0.00240227
21	0.0727661	0.00866922	0.000692747	0.00107231	0.102897	0.0137157	0.00089521	0.175402	0.00143423	0.307305	0.0459718	0.00190446	0.007449	0.00131558	0.00207022	0.00640755	0.0175642	0.210235	0.0115015	0.010732
22	0.0523945	0.000387316	0.000461697	0.000460265	0.00354424	0.849162	0.000473242	0.00138506	0.00279787	0.00200462	0.00107458	0.00727511	0.000509342	0.00294682	0.00277309	0.0520057	0.0108602	0.00842379	0.000483237	0.000577167
23	0.0168118	0.00362156	0.00324037	0.00750746	0.145032	0.0205462	0.0274065	0.0226881	0.0266871	0.206181	0.0580162	0.0117665	0.00857269	0.0806563	0.0323915	0.0268138	0.0328254	0.0485301	0.0111583	0.209547
24	0.610916	0.0284446	0.000341094	0.000644078	0.00423832	0.113499	0.00131879	0.0151287	0.000416761	0.013005	0.0121537	0.00114234	0.00195713	0.000844757	0.00164358	0.0942573	0.0625916	0.0342363	0.00260823	0.000613491
25	0.0523945	0.000387316	0.000461697	0.000460265	0.00354424	0.849162	0.000473242	0.00138506	0.00279787	0.00200462	0.00107458	0.00727511	0.000509342	0.00294682	0.00277309	0.0520057	0.0108602	0.00842379	0.000483237	0.000577167
26	0.0561255	0.00803618	0.00885029	0.0141318	0.0398177	0.0141295	0.0061474	0.0935938	0.00805167	0.196749	0.17804	0.0156139	0.011067	0.152929	0.0137958	0.0452998	0.0521463	0.0429618	0.0250358	0.0174782
27	0.0511917	0.00496399	0.00437712	0.00858393	0.173458	0.0110248	0.00834624	0.113268	0.0061683	0.234132	0.0604879	0.00877991	0.0274421	0.0211293	0.0142592	0.0155473	0.0336075	0.0952487	0.0267465	0.0812369
28	0.0196475	0.00162529	0.304775	0.00173368	0.0279915	0.00419664	0.069754	0.00616072	0.00267018	0.00838508	0.00473877	0.326623	0.0453548	0.00264686	0.00695739	0.0909534	0.0298692	0.0415605	0.00185226	0.00250405
29	0.0938356	0.018294	0.00198947	0.00255424	0.0745147	0.0430671	0.00593997	0.0981524	0.00220241	0.386721	0.120105	0.00346781	0.002546	0.00539572	0.00271446	0.0202646	0.0142871	0.0943479	0.00502012	0.0045809
30	0.0540079	0.000422134	0.00183953	0.00117773	0.00469109	0.811635	0.00174209	0.00223025	0.00485721	0.00429068	0.00228796	0.0159925	0.00134737	0.00536313	0.00709552	0.0555556	0.0142371	0.00932754	0.000634454	0.00126528
31	0.0162252	0.0124451	0.00310991	0.00170501	0.283837	0.00467075	0.0449565	0.0272781	0.00387276	0.0531819	0.0197982	0.00549344	0.00193599	0.0237104	0.00495178	0.00927871	0.0159284	0.0262432	0.0288689	0.412509
32	0.251925	0.00277103	0.00123645	0.00135533	0.0168036	0.0303325	0.00114228	0.172901	0.00184082	0.0235221	0.0308871	0.00835369	0.00843743	0.00196667	0.00202401	0.0119001	0.0409108	0.387855	0.00195258	0.00188222
33	0.629128	0.0219361	0.00037375	0.000364299	0.00195868	0.131694	0.00153052	0.0177396	0.00056257	0.0122755	0.00790392	0.000812976	0.00220233	0.000451822	0.00180434	0.0806617	0.0544652	0.030257	0.00316028	0.000717755
34	0.0553918	0.00613999	0.00267876	0.00232423	0.267415	0.00622334	0.00452882	0.112012	0.00434581	0.176097	0.0408535	0.00361108	0.00422302	0.00545881	0.00553009	0.0126307	0.0299752	0.0879001	0.0448287	0.127832
35	0.0163195	0.00412616	0.00289125	0.000856947	0.269283	0.00190004	0.0132415	0.0195311	0.00111403	0.0373678	0.0196129	0.00516854	0.00118414	0.00818452	0.00340501	0.00815864	0.0116062	0.0159906	0.0356767	0.524382
36	0.0525759	0.000391636	0.000588517	0.000535951	0.00357067	0.847324	0.000677689	0.00148377	0.00281019	0.00209945	0.00132599	0.00729738	0.000509379	0.00322575	0.00279487	0.0520989	0.0109989	0.00857207	0.000479215	0.000640004
37	0.038453	0.005626	0.000310379	0.00035037	0.0352913	0.00333136	0.000309008	0.341934	0.00199919	0.0957316	0.0392834	0.001313	0.000777133	0.0017968	0.00177604	0.00274204	0.00810526	0.411885	0.00676751	0.00221765
38	0.052351	0.000387432	0.000463238	0.000460265	0.00354133	0.848852	0.000498277	0.00139951	0.00279544	0.00208511	0.0010797	0.00727533	0.000509299	0.002945	0.0027683	0.0520596	0.010865	0.0086009	0.000482413	0.000580755
39	0.567434	0.0196365	0.000443478	0.000411809	0.00166784	0.214236	0.0014001	0.0131818	0.000839627	0.0089614	0.00670632	0.00196781	0.00202599	0.00101151	0.00203359	0.0795394	0.0495458	0.0254563	0.00293828	0.000562911
40	0.019472	0.00420723	0.00410635	0.00293028	0.249908	0.00264098	0.0127928	0.024773	0.00198034	0.0423326	0.0222554	0.00522119	0.00158802	0.009448	0.00470187	0.00898254	0.0134833	0.0181692	0.0382733	0.512734
41	0.0920313	0.00185384	0.0015177	0.00182079	0.0214816	0.0153674	0.00158156	0.0172392	0.00215362	0.0796659	0.0485004	0.00339778	0.00164223	0.00222574	0.00284007	0.168676	0.465797	0.0677276	0.00194956	0.002531
42	0.214485	0.0392432	0.00250247	0.0192173	0.151813	0.0115298	0.00273694	0.0288507	0.00391829	0.0400732	0.0388234	0.00713952	0.00319998	0.00381173	0.00561564	0.0878138	0.116051	0.0397126	0.035281	0.148182
43	0.137528	0.00347076	0.000531299	0.000545294	0.00342865	0.74281	0.000597935	0.00334065	0.00250904	0.00318055	0.00229646	0.00688245	0.000805138	0.0028837	0.00260332	0.0559026	0.0169282	0.0122272	0.00090658	0.000622336
44	0.0253323	0.00691844	0.000888463	0.000708446	0.240343	0.00183017	0.000861251	0.183875	0.00393366	0.206915	0.0416729	0.00135082	0.0016455	0.00148399	0.00128265	0.008354	0.0204797	0.132694	0.0707035	0.0487282
45	0.139146	0.0405489	0.00234517	0.00247773	0.0848093	0.0999341	0.0134448	0.0364289	0.00252778	0.356654	0.145898	0.00393718	0.0018081	0.00274303	0.003812	0.0368364	0.0091728	0.0129008	0.00195163	0.0026225
46	0.159286	0.00165351	0.00860916	0.00559775	0.0496233	0.0577362	0.0170577	0.0155627	0.00724604	0.0209716	0.0273577	0.112429	0.0143877	0.0176877	0.0162101	0.304194	0.110371	0.0181359	0.00947628	0.0264073
47	0.0998989	0.0123616	0.00013441	0.000388684	0.083722	0.0199905	0.000123995	0.171985	0.000566801	0.330793	0.0383095	0.0015736	0.00166512	0.000164184	0.000196991	0.00624045	0.0176356	0.20466	0.00397709	0.0056138
48	0.645868	0.0219866	0.000297692	0.000330267	0.00123336	0.12197	0.0014289	0.0137222	0.000384217	0.00873426	0.00653375	0.000595959	0.00220183	0.000417865	0.00176312	0.0867825	0.0557244	0.0267073	0.00282933	0.000489088
49	0.259022	0.017822	0.00116112	0.000233434	0.035889	0.066245	0.000220117	0.130856	0.00174387	0.221384	0.0455914	0.00136116	0.00178697	0.000309705	0.000388909	0.0164582	0.0237535	0.17365	0.000282429	0.00184017
50	0.141685	0.0134353	0.000354621	0.000310993	0.0725748	0.0330457	0.000160789	0.161445	0.000937864	0.303279	0.0415479	0.00145984	0.00157939	0.000205663	0.000231929	0.0079651	0.0186872	0.193733	0.00285283	0.00450834
51	0.101886	0.0125233	0.000147663	0.0004354	0.0844088	0.0204642	0.000134345	0.170288	0.000601251	0.329157	0.0386568	0.00170378	0.00162077	0.000183061	0.000201645	0.00663671	0.0185558	0.202743	0.00400784	0.00564411
52	0.645868	0.0219866	0.000297692	0.000330267	0.00123336	0.12197	0.0014289	0.0137222	0.000384217	0.00873426	0.00653375	0.000595959	0.00220183	0.000417865	0.00176312	0.0867825	0.0557244	0.0267073	0.00282933	0.000489088
53	0.609942	0.0279793	0.000563281	0.000556285	0.00243635	0.140217	0.00166624	0.015825	0.000801544	0.0121494	0.013498	0.000884126	0.00212977	0.00069829	0.00180519	0.0738617	0.0592624	0.0298715	0.00497983	0.000873533
54	0.10177	0.0126956	0.000145136	0.000412569	0.0840595	0.0206402	0.000127581	0.170389	0.00058679	0.329603	0.0381568	0.00163064	0.00164411	0.000163455	0.000193527	0.00656722	0.0182383	0.203422	0.00396202	0.00559398
55	0.251506	0.0755556	0.00247612	0.00423353	0.245369	0.0507551	0.0026645	0.0111234	0.00330209	0.0760208	0.0114131	0.00435318	0.00241618	0.00344982	0.00387981	0.0932322	0.0535265	0.0735876	0.0225336	0.00860213
56	0.0577536	0.000609979	0.000461313	0.000477642	0.00357601	0.843217	0.000482979	0.00152201	0.00277516	0.00204493	0.00109477	0.00722028	0.000516873	0.00291053	0.00274606	0.0518401	0.0109916	0.00868241	0.000500905	0.000575359
57	0.082227	0.012483	0.000278661	0.000315963	0.0637381	0.010483	0.00027942	0.243136	0.000780746	0.210137	0.045301	0.00252872	0.00129478	0.000673702	0.000924246	0.00390033	0.0124009	0.29406	0.00753853	0.00751916
58	0.037654	0.00120358	0.00028566	0.00047134	0.0503802	0.0025702	0.000253971	0.160545	0.000927416	0.48157	0.0801858	0.000729482	0.00124044	0.000386454	0.000387422	0.00202646	0.0100271	0.164961	0.00305609	0.00113788
59	0.0478826	0.00303988	0.000297807	0.000547475	0.0545929	0.00527189	0.000277747	0.169163	0.000865209	0.447924	0.0734914	0.00101378	0.00130449	0.000463755	0.000466448	0.00277251	0.0111591	0.174018	0.00330049	0.00214769
60	0.120938	0.00367324	0.000814945	0.00067336	0.00455968	0.739283	0.000816971	0.00351433	0.00278632	0.00468029	0.00354553	0.00839505	0.000938473	0.00321246	0.0030229	0.064832	0.0189519	0.0135344	0.000844742	0.000982399
61	0.218828	0.00386409	0.00272606	0.00528615	0.124983	0.0427716	0.00277034	0.115437	0.0214165	0.150422	0.0143606	0.00943439	0.00608476	0.0062754	0.0300398	0.0547736	0.0945057	0.0385793	0.00533604	0.0521058
62	0.00726057	0.0167971	0.00124997	0.00502646	0.0110677	0.00988874	0.0205573	0.00567064	0.16425	0.0110781	0.00340723	0.0157856	0.0114323	0.00262548	0.687412	0.00465486	0.0060888	0.0127777	0.00128081	0.0016888
63	0.0479572	0.00355663	0.000587592	0.00110253	0.0652535	0.00672439	0.000760463	0.157229	0.00118879	0.430939	0.0791683	0.00158518	0.00166484	0.00144448	0.00126484	0.00436083	0.0136736	0.17095	0.00528401	0.0053051
64	0.00730268	0.0167846	0.00124952	0.00499809	0.0110747	0.00998964	0.0206335	0.00572115	0.164408	0.0110996	0.00340734	0.0157834	0.011404	0.00263343	0.686859	0.00468556	0.0061508	0.0128275	0.00129441	0.00169338
65	0.0641118	0.00213586	0.00146654	0.0011501	0.00888092	0.776609	0.00155733	0.00328121	0.00401232	0.00659169	0.00455117	0.0131512	0.00220705	0.00526007	0.00448092	0.0675539	0.01749	0.0126392	0.0010138	0.001856
66	0.042143	0.00349696	0.18755	0.196925	0.014556	0.0211656	0.0131579	0.0327219	0.0491366	0.098609	0.0201845	0.0215164	0.0281805	0.0546249	0.0212271	0.044189	0.0660039	0.066018	0.00514137	0.013453
67	0.0186969	0.00401081	0.00462348	0.00199104	0.254743	0.00257552	0.0124799	0.0233011	0.00211219	0.0420082	0.0216303	0.00565946	0.00150666	0.00920965	0.00467811	0.00930546	0.0131583	0.0185234	0.0371522	0.512635
68	0.0319662	0.00618662	0.00200297	0.0018128	0.334574	0.00576106	0.00196424	0.103995	0.00361525	0.222791	0.0470591	0.00241435	0.00362952	0.00303213	0.00313535	0.0100141	0.0252762	0.094778	0.0423993	0.0535931
69	0.252194	0.0367227	0.00182793	0.00173995	0.0504582	0.0689486	0.00443975	0.0729939	0.00250199	0.232076	0.079957	0.00385316	0.00289018	0.00316451	0.00232623	0.050286	0.0322957	0.0955736	0.00274335	0.00300674
70	0.043104	0.00261669	0.000438271	0.000731789	0.0523565	0.0047042	0.000357829	0.183373	0.00106712	0.432744	0.0767556	0.00217393	0.00125418	0.000753506	0.00166574	0.00380513	0.0151738	0.169539	0.00459762	0.00278808
71	0.351667	0.0302996	0.00141876	0.00299699	0.0196009	0.0675481	0.00170942	0.0508594	0.00183884	0.0392351	0.0352074	0.00715255	0.00319967	0.00416712	0.00257095	0.124738	0.101671	0.149442	0.00255272	0.00212435
72	0.0862956	0.00345446	0.00460629	0.00390466	0.0263707	0.0193219	0.00405124	0.0221311	0.00560684	0.0873768	0.0412491	0.0173593	0.0063684	0.00666122	0.00649625	0.186481	0.393471	0.0692044	0.00344335	0.00614628
73	0.0402473	0.00251287	0.00066137	0.0013131	0.0559183	0.00390488	0.000736025	0.163136	0.00120677	0.432437	0.0890328	0.00156363	0.00163545	0.00143943	0.00118415	0.00369642	0.0129611	0.178725	0.00441339	0.0032762
74	0.623048	0.0226267	0.00036785	0.000406006	0.00268706	0.124925	0.00149188	0.0180034	0.000539287	0.0129376	0.00887306	0.000928902	0.00219178	0.000743043	0.00190952	0.0855899	0.0560218	0.03299	0.00304023	0.000678271
75	0.0698244	0.00779834	0.000354706	0.000907298	0.150939	0.012281	0.000434923	0.151808	0.0014529	0.327043	0.0530525	0.00168498	0.00247337	0.00102431	0.0011752	0.00589262	0.0175458	0.163849	0.0146634	0.0157954
76	0.133157	0.00677106	0.00334956	0.00324781	0.00865826	0.582752	0.00208966	0.00603276	0.00625407	0.0108823	0.00895057	0.0335778	0.00381228	0.0108697	0.006919	0.106601	0.0309019	0.0312	0.00140771	0.00256494
77	0.121614	0.00811134	0.0183682	0.130449	0.0382794	0.0218295	0.0133672	0.126913	0.0202122	0.132747	0.0449611	0.0206995	0.0102656	0.0380993	0.0369817	0.0761482	0.0506943	0.0597285	0.00975103	0.0207794
78	0.0467107	0.00522339	0.000592399	0.00069582	0.0418212	0.00583938	0.000392599	0.283761	0.00160516	0.226746	0.0558728	0.00300439	0.00117567	0.00189089	0.00290517	0.00420033	0.0148581	0.294547	0.00539404	0.00276467
79	0.0315803	0.00430068	0.000356881	0.000377622	0.0338848	0.00375981	0.000401045	0.358453	0.00226521	0.0884958	0.0327756	0.00125066	0.000800212	0.0021689	0.00196455	0.0033465	0.00800561	0.418769	0.00556623	0.00147779
80	0.0525791	0.00215086	0.00610835	0.0946377	0.0501064	0.00650848	0.040671	0.0838168	0.0164071	0.123062	0.060191	0.0245002	0.0232248	0.0467423	0.0881574	0.0201689	0.0736849	0.115907	0.00576498	0.0656108
81	0.0620234	0.00571938	0.00137212	0.00653706	0.047882	0.01063	0.000702311	0.228591	0.00190265	0.334871	0.0599275	0.0107984	0.00168947	0.00282584	0.0053434	0.00915192	0.0394432	0.158298	0.0033912	0.00890071
82	0.0990823	0.0117099	0.000376374	0.000817612	0.0883222	0.0188153	0.000641241	0.169883	0.000831095	0.309633	0.0422179	0.00291008	0.00177485	0.000566981	0.00162488	0.00884974	0.024055	0.203119	0.00490783	0.00986191
83	0.116077	0.0050228	0.00564067	0.0319167	0.0671169	0.0353848	0.00439597	0.131706	0.0272359	0.320854	0.0682186	0.00775259	0.00549292	0.0355989	0.051373	0.0219289	0.0250499	0.0237021	0.00510719	0.0104251
84	0.0293195	0.00178838	0.0283352	0.0529499	0.00921899	0.00509215	0.00566071	0.108563	0.0141461	0.193612	0.0125353	0.122285	0.00402345	0.04419	0.0654342	0.00864381	0.158008	0.127134	0.00269594	0.00636387
85	0.0386147	0.0021449	0.038477	0.009105	0.0201473	0.178503	0.0306985	0.0122157	0.0518747	0.025307	0.0203435	0.25276	0.0124888	0.0282737	0.127196	0.0727022	0.0277349	0.0326503	0.0028432	0.0159192
86	0.0965709	0.00503586	0.00464567	0.00402394	0.0437146	0.0227302	0.00578604	0.0244926	0.00517741	0.0891511	0.0428391	0.0209433	0.00734974	0.0085407	0.00767407	0.187026	0.349403	0.05918	0.00634458	0.00937099
87	0.0119375	0.00253924	0.0289221	0.00274767	0.0240875	0.235592	0.0429757	0.00881776	0.04661	0.013981	0.0233327	0.29798	0.00327004	0.0211058	0.154903	0.0274482	0.00991934	0.0206871	0.0029162	0.0202277
88	0.0554981	0.000596618	0.00155334	0.00111365	0.00391555	0.814084	0.000633203	0.00284592	0.00519997	0.00520381	0.00273332	0.0118575	0.00230974	0.0077923	0.00507397	0.0558094	0.012591	0.00983253	0.000651621	0.000704807
89	0.144188	0.00105312	0.0896294	0.0974388	0.0106678	0.0784558	0.0096564	0.0048385	0.024831	0.0121305	0.0080019	0.016791	0.252718	0.0388569	0.023019	0.103009	0.0762064	0.0051037	0.00128839	0.00211716
90	0.104231	0.00301299	0.0712225	0.0418289	0.0316786	0.0167529	0.0097134	0.0576123	0.0597864	0.107066	0.0335232	0.0693604	0.039121	0.122309	0.0762104	0.0807555	0.0424752	0.0196388	0.00558099	0.00812098
91	0.0530549	0.000390467	0.000695794	0.00180719	0.00362414	0.8421	0.000642033	0.00153	0.00316356	0.00242712	0.00118331	0.00776962	0.000880366	0.00384065	0.00318714	0.0521757	0.0117141	0.00864658	0.000571581	0.000595906
92	0.0579813	0.00566037	0.000254749	0.000412896	0.0581036	0.00877796	0.000212599	0.223361	0.00105724	0.344587	0.0547478	0.00189238	0.00160709	0.000692429	0.00164221	0.00387446	0.0127808	0.215332	0.00406267	0.00296005
93	0.111828	0.000955915	0.0138664	0.00569412	0.0456586	0.054663	0.0207997	0.0136082	0.0188654	0.0358301	0.0153383	0.126527	0.0315375	0.0233169	0.0275963	0.294807	0.109621	0.0252089	0.00381863	0.0204586
94	0.118612	0.00114079	0.020043	0.0116772	0.00465459	0.317453	0.00137549	0.0122785	0.0380489	0.0462697	0.0218034	0.0899483	0.024717	0.0652049	0.032678	0.142488	0.022664	0.0253412	0.00153768	0.00206437
95	0.0380248	0.00476752	0.000488754	0.000613307	0.03014	0.00463127	0.000438717	0.360328	0.002415	0.107513	0.0341064	0.00496516	0.000828385	0.00262371	0.00865515	0.00356144	0.0131634	0.37406	0.00654201	0.00213404
96	0.141795	0.00110239	0.0950871	0.103295	0.00959996	0.0799945	0.00966835	0.00441637	0.0238174	0.0118017	0.00804275	0.0148351	0.2554	0.0386286	0.0220895	0.0975103	0.074939	0.00488762	0.00126558	0.00182357
97	0.0939843	0.00181992	0.0384869	0.0239009	0.0222657	0.0383667	0.0287277	0.0320385	0.152253	0.0320711	0.00677808	0.0116897	0.139468	0.0379261	0.140931	0.0924722	0.0629106	0.0254281	0.00217571	0.0163053
98	0.143321	0.0030834	0.0189098	0.0215509	0.117541	0.00676589	0.0366743	0.0307736	0.0222666	0.112437	0.0627737	0.00546431	0.0578746	0.0609201	0.00655674	0.0610832	0.0146549	0.05032	0.0382402	0.128789
99	0.0412219	0.00373132	0.00590584	0.00909469	0.115598	0.00706852	0.0166194	0.110252	0.004089	0.177705	0.115897	0.0124381	0.0109228	0.0589931	0.0134667	0.0304643	0.0660843	0.0511413	0.0515694	0.0977371
100	0.0163693	0.00410296	0.00289667	0.000853861	0.26914	0.00189427	0.0131754	0.0194985	0.00112137	0.0372147	0.0195755	0.00516512	0.00118397	0.00815664	0.00340934	0.00816795	0.0115917	0.0159337	0.0356294	0.52492
101	0.0284456	0.00322936	0.00561861	0.00115352	0.219787	0.00181901	0.00558025	0.0772861	0.00178152	0.0998943	0.0428277	0.00371567	0.00177754	0.00566759	0.00614795	0.0059857	0.026476	0.0466334	0.0646571	0.351516
102	0.0324097	0.000443077	0.00031083	0.000497893	0.0471306	0.00145061	0.000280538	0.156131	0.00106681	0.497098	0.0825563	0.000722575	0.00120147	0.000448109	0.000414796	0.00193429	0.00945915	0.162408	0.00319254	0.00084401
103	0.217068	0.022082	0.0102264	0.0011523	0.0492266	0.0719194	0.00142629	0.111199	0.00188867	0.215041	0.0598148	0.00758099	0.00220972	0.00201119	0.00181721	0.0414418	0.0294746	0.150485	0.00139409	0.00254129
104	0.0935591	0.0118346	0.000143306	0.000407674	0.0825426	0.0183889	0.000147104	0.170529	0.000736214	0.340846	0.040857	0.00149875	0.00162877	0.000214946	0.000224949	0.00640741	0.0169833	0.201095	0.00620762	0.00574743
105	0.268179	0.0194354	0.00113093	0.000295812	0.0353254	0.0642095	0.000240822	0.123266	0.00163788	0.215428	0.0409521	0.00138648	0.00205229	0.000390956	0.000423047	0.0191331	0.0261762	0.178351	0.000310237	0.00167486
106	0.100807	0.0127766	0.000140968	0.00039767	0.083901	0.0199334	0.00012937	0.172881	0.000567723	0.323222	0.0394005	0.00167162	0.00164201	0.000172554	0.000215847	0.0062936	0.0178993	0.2078	0.00434664	0.00580151
107	0.263155	0.0284142	0.0016715	0.000617423	0.0345042	0.0570151	0.000611364	0.106286	0.00185932	0.208071	0.0340423	0.00212678	0.00220897	0.000951697	0.000912862	0.0278598	0.02694	0.200024	0.000739298	0.00198945
108	0.254297	0.0176133	0.00114413	0.000232789	0.0369784	0.0651594	0.000213647	0.133052	0.00170108	0.224079	0.0456451	0.00135217	0.0017747	0.000303984	0.00037647	0.0161461	0.0234661	0.174171	0.00037046	0.0019232
109	0.100677	0.0124509	0.000132254	0.000391496	0.0842236	0.0203147	0.000123317	0.171385	0.000575726	0.330086	0.0379358	0.00157155	0.00166955	0.000160559	0.000191461	0.00631149	0.0177793	0.204437	0.00394366	0.00563973
110	0.0667715	0.018872	0.00262718	0.00297797	0.00874883	0.00735619	0.00280991	0.0944535	0.00354469	0.0476018	0.0078491	0.00461188	0.00289499	0.00407115	0.0041334	0.14801	0.265884	0.300137	0.00313192	0.00351341
111	0.0844138	0.012705	0.00031764	0.000347305	0.0687043	0.011046	0.000287655	0.235474	0.000705772	0.219149	0.04467	0.00303288	0.00138551	0.000626982	0.000789006	0.00416112	0.0128652	0.282348	0.00822151	0.00874969
112	0.02865	0.00950761	0.000877845	0.000792269	0.268198	0.00159562	0.000840479	0.162171	0.00528625	0.198032	0.0306746	0.00127827	0.00165189	0.00125132	0.00113302	0.0110178	0.0234635	0.133139	0.0667642	0.0536746
113	0.161294	0.0209246	0.00502002	0.00463303	0.0360266	0.0612646	0.00514678	0.0441791	0.00448751	0.146439	0.119898	0.015355	0.00689002	0.019779	0.00940658	0.170508	0.100032	0.0513911	0.00944524	0.00788105
114	0.0743029	0.0049855	0.0251897	0.0456243	0.0182133	0.0265588	0.0341477	0.034638	0.171785	0.0273833	0.00740999	0.0110847	0.10484	0.0310652	0.237624	0.0586295	0.0508501	0.0217893	0.00274814	0.0111313
115	0.0612515	0.00635804	0.000222441	0.000406937	0.0617562	0.0092361	0.000204363	0.203917	0.000889226	0.34659	0.0551265	0.00115882	0.00238088	0.000541929	0.000532544	0.00372243	0.0121773	0.226022	0.0040595	0.00344733
116	0.0523945	0.000387316	0.000461697	0.000460265	0.00354424	0.849162	0.000473242	0.00138506	0.00279787	0.00200462	0.00107458	0.00727511	0.000509342	0.00294682	0.00277309	0.0520057	0.0108602	0.00842379	0.000483237	0.000577167
117	0.0185832	0.0117998	0.00726912	0.0164339	0.0160854	0.0246856	0.0203966	0.019832	0.114976	0.0442197	0.0110628	0.0604731	0.0106193	0.0176496	0.52035	0.0199977	0.0217319	0.0293965	0.00510761	0.0093301
118	0.164709	0.00323007	0.0104293	0.00637523	0.0365962	0.0554074	0.0154267	0.0133736	0.0106696	0.0281861	0.0190222	0.117536	0.0188086	0.0212081	0.0249421	0.302688	0.0982758	0.0327335	0.00464786	0.0157353
119	0.0227875	0.00459946	0.00144958	0.00107941	0.350959	0.00252083	0.00162001	0.10703	0.00302368	0.210015	0.0510711	0.00203586	0.00297559	0.00330965	0.00166109	0.00769499	0.025647	0.0922683	0.0521264	0.0561258
120	0.0649532	0.00175291	0.00438346	0.116126	0.0464612	0.00488918	0.0308946	0.0909513	0.0143824	0.110037	0.0660728	0.0266507	0.011739	0.0366179	0.094557	0.0212572	0.0759498	0.125431	0.00360828	0.0532847
121	0.230001	0.0222441	0.00381354	0.0131033	0.117512	0.0218637	0.00552222	0.0301472	0.00536801	0.0369182	0.0328696	0.0215406	0.00554944	0.00662682	0.00889723	0.130223	0.108069	0.0342139	0.0232123	0.142305
122	0.0328547	0.00266147	0.000897811	0.00137355	0.0208978	0.00312926	0.00096905	0.297517	0.00155085	0.235889	0.128616	0.00577212	0.00104573	0.00164383	0.00291901	0.010094	0.0417772	0.205475	0.00260347	0.00231274
123	0.00744447	0.0170549	0.00129976	0.00504649	0.0113708	0.00986603	0.02052	0.00569923	0.164494	0.0111824	0.00349952	0.0160024	0.0113882	0.00290743	0.684971	0.00483594	0.00610983	0.01279	0.00149901	0.00201835
124	0.0189489	0.0029805	0.208121	0.44495	0.00815258	0.00822406	0.0185822	0.0096069	0.0102846	0.0529096	0.00872129	0.00677274	0.0216454	0.0835021	0.00452207	0.0430213	0.0147037	0.0113274	0.00326634	0.019757
125	0.0203282	0.00158904	0.302631	0.00227642	0.0277778	0.00522218	0.0681737	0.00663528	0.00324166	0.00887078	0.00499775	0.322487	0.044789	0.00345233	0.00719506	0.0928636	0.0313047	0.0414385	0.00195556	0.00277001
126	0.0194917	0.00280418	0.203948	0.450345	0.00792121	0.00883118	0.0172899	0.00928747	0.0101622	0.0518421	0.00868617	0.00649436	0.0228486	0.083477	0.00426403	0.0442134	0.0156542	0.0109637	0.00312832	0.0183475
127	0.0204908	0.00337398	0.142564	0.062458	0.0108496	0.00931694	0.00341391	0.0827164	0.0346161	0.180007	0.0356186	0.0203337	0.0041498	0.0140565	0.0173319	0.0137922	0.133674	0.201602	0.00404942	0.00558475
128	0.476205	0.0214645	0.00104969	0.00170189	0.0139704	0.0957946	0.00137315	0.0539938	0.001512	0.0608694	0.0213418	0.00347626	0.0034081	0.00203261	0.00241263	0.070967	0.0504355	0.113339	0.00268185	0.00197183
129	0.412554	0.0532374	0.00127388	0.00384064	0.0606822	0.0683776	0.00208558	0.0220797	0.00158443	0.0441025	0.0333313	0.00423688	0.00183971	0.00282989	0.00291778	0.129622	0.0701679	0.0722395	0.00621641	0.0067809
130	0.11468	0.00121213	0.0114327	0.264625	0.0138007	0.0296664	0.0296585	0.0224978	0.0745739	0.028062	0.00447059	0.0476154	0.0031405	0.149088	0.0835276	0.0377798	0.0512461	0.0232672	0.00775487	0.00190088
131	0.389879	0.0469289	0.00066686	0.0023424	0.022961	0.0648484	0.00103059	0.0277757	0.000838851	0.0406306	0.0482662	0.00352907	0.0010004	0.0027373	0.00145939	0.163194	0.0871729	0.0924275	0.00132752	0.000982776
132	0.0386594	0.0298262	0.0094659	0.00865482	0.0455466	0.0134776	0.00287097	0.11172	0.00304902	0.184897	0.202875	0.0265961	0.00575686	0.0431007	0.010043	0.0730258	0.0828363	0.0794459	0.0155081	0.0126446
133	0.0525622	0.000454576	0.00108624	0.000701532	0.00392461	0.836553	0.000840278	0.00163375	0.00346422	0.0027297	0.00158876	0.0113174	0.000896544	0.00396005	0.00440581	0.0525787	0.0113319	0.00859637	0.000505894	0.000868384
134	0.0331813	0.00459411	0.000362658	0.000347411	0.0333525	0.00363858	0.000337208	0.356969	0.0025123	0.0914116	0.0340196	0.00146174	0.000811715	0.00214457	0.00236181	0.00314702	0.00873333	0.413214	0.00576943	0.00163031
135	0.0196475	0.00162529	0.304775	0.00173368	0.0279915	0.00419664	0.069754	0.00616072	0.00267018	0.00838508	0.00473877	0.326623	0.0453548	0.00264686	0.00695739	0.0909534	0.0298692	0.0415605	0.00185226	0.00250405
136	0.103592	0.00246751	0.00266388	0.0175582	0.0914017	0.00498899	0.0197654	0.0929495	0.00485375	0.0810759	0.0849155	0.0329879	0.00582686	0.00894881	0.0375684	0.0168158	0.0821728	0.201533	0.00248887	0.105425
137	0.0076707	0.0167209	0.00127647	0.0053047	0.0111133	0.00992349	0.0206608	0.00593299	0.165899	0.0114608	0.00344832	0.015734	0.0117749	0.0029177	0.682972	0.00486689	0.0064739	0.0127746	0.001346	0.00172889
138	0.032665	0.000802494	0.000406488	0.000790481	0.0483922	0.00187601	0.000464155	0.156858	0.00105899	0.470744	0.0918678	0.000987648	0.00129094	0.000784778	0.000703443	0.00231766	0.0114214	0.171761	0.0033907	0.00141648
139	0.105928	0.00309413	0.00763189	0.00319131	0.0405918	0.0119763	0.00277509	0.0986735	0.00250446	0.219397	0.107325	0.0135589	0.0124999	0.0715703	0.018246	0.0903897	0.0953304	0.0296318	0.0519624	0.0137226
140	0.492943	0.0290372	0.0015645	0.00264033	0.0148398	0.085099	0.00252129	0.0209292	0.00190299	0.0307368	0.024821	0.00753234	0.00291855	0.00349914	0.00388182	0.1313	0.0840611	0.0538522	0.0031375	0.00278186
141	0.0267685	0.0044673	0.00402095	0.00359405	0.245424	0.00434587	0.0130669	0.0329602	0.00343226	0.0617362	0.0387022	0.0149564	0.00362684	0.0154419	0.00892994	0.012194	0.0226318	0.0285221	0.0355026	0.419676
142	0.355941	0.0472413	0.000864698	0.00253303	0.0274117	0.0613641	0.000987878	0.0294978	0.000960811	0.0432518	0.054715	0.0038448	0.00087386	0.00298511	0.00133652	0.16906	0.0944116	0.100569	0.00109356	0.0010568
143	0.0369846	0.00203256	0.00129755	0.00302166	0.00653968	0.00357052	0.00117147	0.342242	0.0015752	0.243455	0.120452	0.00974964	0.00117508	0.00234437	0.00424745	0.017228	0.0663047	0.131575	0.00165606	0.00337678
144	0.0533917	0.00047847	0.000656943	0.00055048	0.00363721	0.842954	0.000525464	0.00147663	0.0030137	0.00230001	0.00132321	0.00796927	0.000664806	0.00323537	0.00293217	0.0536057	0.0113624	0.00880413	0.00049466	0.00062391
145	0.620828	0.0249381	0.000352359	0.000674516	0.00343682	0.116964	0.00142062	0.0147081	0.000439248	0.0109857	0.00925448	0.0010726	0.00204717	0.000889406	0.00179656	0.0943222	0.0590686	0.0335957	0.00262623	0.00057907
146	0.354384	0.0474324	0.000862887	0.00256936	0.0278686	0.0615267	0.000973292	0.0294807	0.000963025	0.0433164	0.0544959	0.00379463	0.000873009	0.00299259	0.00129166	0.169314	0.0950107	0.100629	0.00116385	0.00105746
147	0.0285031	0.00975467	0.00080283	0.000892942	0.264807	0.00188694	0.000829255	0.163378	0.00513315	0.199349	0.0308748	0.00121736	0.00171743	0.00122364	0.0011709	0.0114423	0.0244361	0.13428	0.0670288	0.0512714
148	0.640428	0.0218706	0.000312894	0.000345059	0.00130459	0.128824	0.00146002	0.0143967	0.000426051	0.00889678	0.00671326	0.000616223	0.0021223	0.00047192	0.0018106	0.0845196	0.0544935	0.0273921	0.00298183	0.000614276
149	0.0523945	0.000387316	0.000461697	0.000460265	0.00354424	0.849162	0.000473242	0.00138506	0.00279787	0.00200462	0.00107458	0.00727511	0.000509342	0.00294682	0.00277309	0.0520057	0.0108602	0.00842379	0.000483237	0.000577167
150	0.0429751	0.00219419	0.000274501	0.0004481	0.0547329	0.00370862	0.000249426	0.162803	0.000750059	0.465209	0.0784536	0.00079418	0.00134081	0.000359785	0.000378717	0.00222851	0.010729	0.167708	0.0030692	0.00159388
151	0.645868	0.0219866	0.000297692	0.000330267	0.00123336	0.12197	0.0014289	0.0137222	0.000384217	0.00873426	0.00653375	0.000595959	0.00220183	0.000417865	0.00176312	0.0867825	0.0557244	0.0267073	0.00282933	0.000489088
152	0.0523945	0.000387316	0.000461697	0.000460265	0.00354424	0.849162	0.000473242	0.00138506	0.00279787	0.00200462	0.00107458	0.00727511	0.000509342	0.00294682	0.00277309	0.0520057	0.0108602	0.00842379	0.000483237	0.000577167
153	0.336962	0.0505958	0.00166641	0.0117646	0.0164407	0.0617406	0.00172905	0.0184927	0.00185839	0.0259112	0.0278088	0.0175413	0.00177832	0.0122839	0.00259246	0.15359	0.0864336	0.166702	0.0018531	0.00225551
154	0.0328705	0.000592246	0.000314902	0.000492137	0.0490051	0.00156993	0.00027143	0.156718	0.00103055	0.49382	0.0823439	0.000708758	0.00121072	0.000401597	0.000418339	0.00194835	0.00957251	0.162226	0.00340374	0.00108186
155	0.0152646	0.0062108	0.00265807	0.00128654	0.268098	0.00365522	0.0226976	0.026551	0.00323238	0.0666712	0.025177	0.00505752	0.00158364	0.0205658	0.00519367	0.00849532	0.0180754	0.0206837	0.0358308	0.443012
156	0.64577	0.02199	0.000299019	0.0003256	0.00123636	0.12232	0.00142968	0.0137435	0.000381945	0.008719	0.00652444	0.000597566	0.00220169	0.000412382	0.00176425	0.0866708	0.0556161	0.0266787	0.00282804	0.000490498
157	0.578443	0.017458	0.000745992	0.000829797	0.00407762	0.0984668	0.00538277	0.0206273	0.000830204	0.0140858	0.00902627	0.00195958	0.00192793	0.00100895	0.00562625	0.130867	0.0596885	0.0408748	0.00670608	0.00136662
158	0.0207189	0.00321587	0.00489617	0.00703453	0.0680864	0.011866	0.0303455	0.0134139	0.125224	0.0819551	0.0390637	0.0565228	0.00475464	0.148805	0.138131	0.0632296	0.0149072	0.0188171	0.0540584	0.0949539
159	0.116103	0.00113634	0.0214524	0.0103555	0.00750944	0.295243	0.00253252	0.0145643	0.0381883	0.0473359	0.0194047	0.091424	0.0227602	0.0621632	0.0360274	0.14404	0.0382118	0.0267804	0.00149092	0.00327644
160	0.151116	0.00517499	0.00264547	0.012103	0.120409	0.0102574	0.0104534	0.0926917	0.00698019	0.0787732	0.0596661	0.0369513	0.00448916	0.00670815	0.0339079	0.0344554	0.0960622	0.128323	0.00556622	0.103267
161	0.0317189	0.00432675	0.0003623	0.000360879	0.0336805	0.00370353	0.000379395	0.358271	0.00225569	0.088526	0.0327387	0.00119384	0.00078542	0.00219854	0.00193386	0.00345821	0.00798994	0.419054	0.00556756	0.00149496
162	0.133955	0.00102708	0.0126037	0.00752464	0.0425306	0.0583587	0.0157707	0.0112607	0.0101726	0.0243328	0.0209018	0.134351	0.0185398	0.0240362	0.0207096	0.31154	0.107407	0.0223922	0.0048943	0.0176917
163	0.0964677	0.00236012	0.0252978	0.0140586	0.0341045	0.0482564	0.0195549	0.0137375	0.0146768	0.0321537	0.0162173	0.115812	0.101415	0.0241126	0.0218691	0.288476	0.0884748	0.0238243	0.00482125	0.0143092
164	0.126673	0.00126229	0.122886	0.144887	0.00870731	0.074296	0.00826892	0.0050655	0.0259551	0.0186624	0.0119163	0.0188619	0.175752	0.0436726	0.0165655	0.0891469	0.0938246	0.0081327	0.0016496	0.00381401
165	0.133475	0.00103929	0.0111092	0.00680905	0.0378026	0.0702389	0.0143131	0.0115606	0.0107104	0.024833	0.0256325	0.130463	0.0177116	0.0285532	0.0227063	0.305766	0.105128	0.0207618	0.00476379	0.0166226
166	0.0282818	0.0065124	0.002241	0.00151597	0.33494	0.0037225	0.00545366	0.0890522	0.00328049	0.161541	0.0404612	0.0031884	0.00284064	0.00650143	0.00273283	0.0105718	0.0254742	0.0760722	0.0514407	0.144176
167	0.017688	0.00248071	0.0890868	0.042171	0.00900745	0.0683765	0.00350901	0.00997484	0.0614837	0.0354258	0.0258323	0.0994633	0.0280329	0.00575145	0.00598617	0.12204	0.253937	0.0948028	0.00316159	0.0217892
168	0.0233854	0.00444426	0.000881906	0.000765624	0.353628	0.00241305	0.000916601	0.113039	0.00292915	0.214946	0.0475927	0.00134797	0.00248754	0.00155831	0.00117874	0.00665774	0.0251362	0.0985391	0.0473759	0.0507768
169	0.0891584	0.00473148	0.00989737	0.0034762	0.0482917	0.00921628	0.00320569	0.100821	0.00162479	0.206069	0.138484	0.0186247	0.0125151	0.076397	0.0124425	0.074437	0.0850718	0.0360685	0.0582647	0.0112036
170	0.0960596	0.00131937	0.0100986	0.244954	0.0134373	0.021524	0.0341041	0.0343356	0.0548406	0.0524702	0.0109027	0.053204	0.0041556	0.131491	0.0855066	0.0318009	0.0628896	0.039905	0.0105138	0.00648656
171	0.0981741	0.00371749	0.0129862	0.00725643	0.0379412	0.0484193	0.0168465	0.0231346	0.0136863	0.0594714	0.02503	0.113473	0.024381	0.0220171	0.0212472	0.296193	0.119796	0.0334757	0.005922	0.0168319
172	0.0609745	0.00783439	0.000325308	0.000320027	0.046256	0.00565139	0.00033962	0.301606	0.00149364	0.106986	0.0462584	0.00202266	0.000945223	0.00145654	0.00149569	0.00277008	0.0103983	0.391402	0.00756749	0.00389724
173	0.043054	0.0119256	0.0119309	0.0162723	0.047301	0.0156039	0.00361946	0.116092	0.0029112	0.202443	0.178949	0.0216535	0.00633884	0.0361211	0.0176898	0.0517513	0.0868946	0.0945472	0.0123753	0.0225259
174	0.0420624	0.00640379	0.000309615	0.000302777	0.0379116	0.00329853	0.00028821	0.333456	0.00171977	0.0989471	0.0438638	0.00142443	0.000805858	0.00159678	0.00169654	0.00244521	0.00805764	0.40571	0.00696769	0.00273171
175	0.0449756	0.00740277	0.000425762	0.000486449	0.0887246	0.00477439	0.000400693	0.255238	0.00226196	0.200853	0.042886	0.00157102	0.00120289	0.00119118	0.00141278	0.00455243	0.0119149	0.292874	0.0238626	0.0129894
176	0.369433	0.0496286	0.0007282	0.00256692	0.0248989	0.0613052	0.000959415	0.0281703	0.000894313	0.0419855	0.0519954	0.00380325	0.000936545	0.00293725	0.00134684	0.168175	0.0912574	0.0967345	0.00121445	0.00102892
177	0.22297	0.0267951	0.00192121	0.00105704	0.0384983	0.0681183	0.00211904	0.132074	0.0020573	0.222063	0.0830015	0.00280649	0.00200187	0.00220445	0.0016789	0.0208468	0.0272288	0.138897	0.00130042	0.00236058
178	0.0412394	0.00617632	0.000552949	0.000650029	0.0545424	0.00483507	0.0005183	0.311362	0.00224833	0.133476	0.0414009	0.00291314	0.00113072	0.00201811	0.00337717	0.00458837	0.0124143	0.352813	0.0162909	0.00745244
179	0.04199	0.00544923	0.00037775	0.000409613	0.0402976	0.00674998	0.000403802	0.335921	0.00204681	0.120231	0.0341323	0.00162946	0.00100142	0.00195731	0.00228039	0.00384931	0.00985988	0.383557	0.00560283	0.00225354
180	0.0539771	0.00447374	0.000242919	0.000442736	0.0636883	0.00727863	0.000238913	0.181795	0.000884177	0.404651	0.063499	0.00100876	0.00161725	0.000437611	0.000426804	0.00326131	0.0116185	0.192308	0.0048543	0.00329667
181	0.0523945	0.000387316	0.000461697	0.000460265	0.00354424	0.849162	0.000473242	0.00138506	0.00279787	0.00200462	0.00107458	0.00727511	0.000509342	0.00294682	0.00277309	0.0520057	0.0108602	0.00842379	0.000483237	0.000577167
182	0.0525407	0.000564084	0.000566867	0.000460247	0.00359127	0.846115	0.000525117	0.00209962	0.00291961	0.00233509	0.00135712	0.00725992	0.000586489	0.00306517	0.00284811	0.0521337	0.011068	0.00872901	0.000550846	0.000683714
183	0.109913	0.00310895	0.00854943	0.00377983	0.032979	0.0184398	0.00260667	0.0918247	0.00341491	0.214631	0.115686	0.0137844	0.0167635	0.0808631	0.021438	0.0997479	0.0862234	0.0260679	0.0391867	0.0109921
184	0.0638873	0.00104331	0.00383203	0.00201716	0.00633266	0.738344	0.00219487	0.00546223	0.00709183	0.0089886	0.00451857	0.0225364	0.00426589	0.00939574	0.0134394	0.0698677	0.0211068	0.0117322	0.00156987	0.0023738
185	0.0255203	0.00275276	0.0549952	0.00292003	0.0226954	0.0790508	0.0488499	0.010406	0.0257271	0.0167735	0.0156665	0.349659	0.0120499	0.0129507	0.105804	0.147801	0.0229724	0.025501	0.00425654	0.0136474
186	0.0207359	0.00135642	0.0174202	0.0206141	0.00600824	0.00719763	0.0016856	0.247451	0.0150706	0.216315	0.0145543	0.0716526	0.00206439	0.0295332	0.0554993	0.0066799	0.111172	0.147762	0.00458803	0.00264007
187	0.0850903	0.00273852	0.00304039	0.00349279	0.0458094	0.0407326	0.00324466	0.145701	0.00380905	0.135314	0.0451127	0.00533984	0.144547	0.00513296	0.0714881	0.0277364	0.0615489	0.109644	0.0363302	0.0241459
188	0.0627467	0.00104193	0.00340865	0.0016909	0.00455048	0.773695	0.00101309	0.00381801	0.0104345	0.00786573	0.00408145	0.0163448	0.00387264	0.00964494	0.00909994	0.0606845	0.012722	0.0112902	0.000900576	0.00109366
189	0.280291	0.00320297	0.00170729	0.00176922	0.0140963	0.0299184	0.00157593	0.159565	0.00222422	0.0196904	0.0278981	0.00809525	0.0121273	0.00251634	0.00235991	0.0154344	0.0453664	0.367887	0.00203142	0.00224319
