267	20
1	0.0577411	0.00915258	0.000315636	0.000296244	0.0332747	0.0181665	0.000303855	0.175876	0.000781147	0.293212	0.168131	0.000997703	0.00200063	0.000715242	0.000560645	0.00800096	0.0510892	0.171945	0.00298279	0.0044571
2	0.0398352	0.00872949	0.000111734	0.00024595	0.0266637	0.0105078	0.000613305	0.38788	0.00332063	0.096925	0.0376418	0.000470375	0.0137387	0.00037506	0.000636732	0.00488229	0.0391022	0.319123	0.000472674	0.00872485
3	0.0740556	0.00683947	0.000247014	0.000233315	0.126592	0.0472329	0.000322568	0.257976	0.000410228	0.0877083	0.00666196	0.000483853	0.0188301	0.0016531	0.000298304	0.00163077	0.0165196	0.206651	0.0354015	0.110252
4	0.0679889	0.00202176	0.000611477	0.000493465	0.0465901	0.0528674	0.000501183	0.0598375	0.00111471	0.536755	0.0870304	0.000601622	0.00130117	0.000970084	0.00105958	0.00380098	0.0130545	0.113533	0.00805048	0.00181667
5	0.0344252	0.0163347	0.000584046	0.000333308	0.170864	0.0188509	0.000264714	0.136458	0.0014455	0.378004	0.0907482	0.000643135	0.00163826	0.00157291	0.000887638	0.0113209	0.0126263	0.098541	0.0059275	0.01853
6	0.0267649	0.0100912	7.20099e-05	0.000124678	0.0364666	0.00330639	0.000142672	0.278407	0.000515155	0.358357	0.0274437	0.000271658	0.00298262	0.000233871	0.000192203	0.00380708	0.0268956	0.219559	0.00397559	0.000389932
7	0.244099	0.00945058	0.000300718	0.000373924	0.06293	0.150676	0.000330271	0.154743	0.000448018	0.146864	0.0188629	0.000551391	0.013981	0.000505228	0.000307692	0.0183371	0.0416197	0.134409	0.000527369	0.000682469
8	0.303139	0.0499287	0.000406146	0.000577716	0.0402577	0.00989104	0.000474381	0.075563	0.00058872	0.0660068	0.0139667	0.000748286	0.000858649	0.000721252	0.000559835	0.0264152	0.176462	0.231375	0.000953116	0.0011074
9	0.110057	0.00317292	0.000193773	0.000309761	0.00240818	0.819137	0.000250878	0.00295789	0.000459322	0.00392003	0.00173256	0.000435022	0.000274441	0.000388308	0.000597089	0.0353856	0.00888997	0.00806565	0.000214427	0.00114971
10	0.0262676	0.0100375	8.47451e-05	0.000127321	0.0346335	0.00297929	0.000141509	0.284582	0.000551991	0.36324	0.0270291	0.000273004	0.00226101	0.00023432	0.000187795	0.00397096	0.02235	0.217412	0.003329	0.000307044
11	0.0140188	0.00110207	0.000204816	0.000363557	0.304157	0.00490687	0.0160133	0.0278843	0.000397005	0.0411034	0.00477281	0.000464767	0.00050047	0.000405267	0.00534875	0.00556188	0.0060806	0.019275	0.0652492	0.48219
12	0.00450317	0.00325238	0.000121837	0.000156704	0.721001	0.000980338	0.000301019	0.0190301	0.000250313	0.103013	0.0167734	0.000300877	0.00021317	0.000263386	0.00297471	0.00107537	0.00172686	0.0169481	0.00569792	0.101417
13	0.0206559	0.0139587	0.000162555	0.00327424	0.00122132	0.0178366	0.000261221	0.0115376	0.000341962	0.00721105	0.00468613	0.006998	0.000379145	0.000336043	0.000210743	0.301626	0.601134	0.00738855	0.000390493	0.00038982
14	0.0214095	0.012605	0.000285933	0.000390713	0.140825	0.00854805	0.000476974	0.374792	0.00159386	0.152445	0.0116474	0.00118015	0.00100058	0.000549858	0.000438441	0.00306718	0.00526557	0.222561	0.0398768	0.00103993
15	0.0448713	0.00262406	0.000152105	0.000278915	0.00541078	0.0274016	0.00408606	0.00615613	0.0873012	0.0385181	0.0105984	0.00919098	0.000408147	0.0218868	0.599421	0.0720338	0.0473448	0.013736	0.0042005	0.00437964
16	0.0320846	0.00384784	0.000923917	0.0013646	0.0781487	0.0254968	0.00113727	0.0261912	0.00144318	0.158984	0.098231	0.00220595	0.0017161	0.00212331	0.00157085	0.246643	0.282988	0.0301426	0.00213305	0.00262466
17	0.0375978	0.00225373	0.000590157	0.0107249	0.004175	0.304782	0.00241821	0.0156849	0.200584	0.0167312	0.00413735	0.0450473	0.00102215	0.00123315	0.32173	0.00516289	0.00437236	0.0190911	0.00120305	0.0014594
18	0.0892109	0.0242337	0.000507317	0.000939721	0.522279	0.148282	0.000916827	0.0071053	0.00122886	0.101741	0.0156355	0.00111432	0.0123982	0.00109422	0.000600289	0.00467902	0.00494128	0.0603683	0.00102419	0.00170083
19	0.0484146	0.0019329	0.000221463	0.000260003	0.0997024	0.00325928	0.000295612	0.267659	0.000942016	0.149249	0.029761	0.000966547	0.0311093	0.00050091	0.000355997	0.00376514	0.0131058	0.344854	0.00117088	0.00247494
20	0.0692527	0.0167504	0.0019762	0.0151028	0.0128705	0.0482272	0.0111167	0.0297502	0.015901	0.0231976	0.0201811	0.00337909	0.0774929	0.504408	0.0653594	0.01669	0.015841	0.0446814	0.00284088	0.00498109
21	0.00872524	0.00365884	0.000264198	0.000466843	0.321144	0.00994286	0.000533489	0.286618	0.00723632	0.159972	0.0125027	0.000808031	0.000737961	0.000674966	0.00046519	0.00279026	0.0035442	0.163932	0.0148607	0.00112181
22	0.0449529	0.00284351	0.000332956	0.000643317	0.00540016	0.0266159	0.00623595	0.00688716	0.0867972	0.0407585	0.0104772	0.0101887	0.000428902	0.0236168	0.584171	0.0715511	0.052505	0.0172043	0.00406111	0.00432822
23	0.0309011	0.00240037	0.000501612	0.00080561	0.0613285	0.0417866	0.120727	0.00596996	0.054299	0.221793	0.161422	0.0355646	0.00119495	0.0335153	0.0625449	0.0156955	0.00461181	0.00754603	0.0330652	0.104327
24	0.0218936	0.0040497	0.000273237	0.00305667	0.00870734	0.00477973	0.00483979	0.467112	0.0135855	0.149076	0.0310652	0.000870985	0.00220935	0.0005397	0.00762114	0.00239652	0.0217913	0.253716	0.000462175	0.00195395
25	0.0362379	0.0132778	0.000665567	0.00707123	0.00281414	0.0237947	0.000473393	0.0128112	0.00122358	0.00855313	0.00551076	0.0119281	0.00122406	0.0012949	0.000478948	0.297739	0.56285	0.0109152	0.000628044	0.000508971
26	0.153022	0.00412893	0.000767819	0.0016277	0.0087967	0.117834	0.0218126	0.0110699	0.00185138	0.0111745	0.0101869	0.00371506	0.336457	0.0465057	0.00186701	0.210285	0.0374709	0.015109	0.00194478	0.00437328
27	0.0054307	0.00328339	0.000225131	0.000160471	0.71269	0.00161453	0.000234003	0.023078	0.000410085	0.106312	0.0191439	0.00029554	0.000442828	0.000408292	0.00343972	0.0011628	0.00212006	0.0191818	0.00653929	0.0938273
28	0.0948934	0.00317762	0.0065855	0.0419144	0.00677325	0.0815895	0.0215348	0.0155489	0.0465071	0.0142166	0.013237	0.0145866	0.0156993	0.449185	0.08756	0.0263242	0.021375	0.0344104	0.00111023	0.00377068
29	0.411888	0.0138647	0.00133281	0.00334962	0.00403536	0.0435001	0.000473907	0.0104005	0.000688843	0.00752139	0.00860548	0.00451291	0.00352976	0.00631839	0.000201728	0.312742	0.112499	0.0531606	0.000332186	0.0010423
30	0.0379338	0.00419899	0.000296516	0.000332042	0.238546	0.00559681	0.000327358	0.0655259	0.000578484	0.397431	0.135929	0.000530261	0.000765489	0.00215998	0.000459786	0.0134693	0.0173003	0.0661205	0.00180883	0.0106899
31	0.225681	0.169801	0.000458538	0.000626617	0.061271	0.00806086	0.000597059	0.0733618	0.000979922	0.048811	0.114492	0.00117672	0.00113658	0.00116259	0.000731555	0.133963	0.0874084	0.0667822	0.00226249	0.00123671
32	0.0645069	0.00700321	0.000149457	0.00018818	0.0138177	0.00827208	0.000304464	0.218615	0.000382922	0.166183	0.150913	0.000333054	0.00252941	0.000305881	0.000255211	0.00827527	0.0601889	0.293928	0.00173918	0.00210822
33	0.238916	0.0358522	0.00397285	0.00599006	0.00448862	0.108097	0.00107488	0.0126646	0.00684075	0.0118754	0.00493918	0.057127	0.00742264	0.00573989	0.000882362	0.29426	0.170494	0.0270658	0.00078756	0.00150964
34	0.0769969	0.00901048	0.000153029	0.000214371	0.0100127	0.0117367	0.000357747	0.2122	0.000330596	0.182236	0.172105	0.000357681	0.00192693	0.000414456	0.000360589	0.00952392	0.0691367	0.238752	0.00158358	0.00259141
35	0.655533	0.0220327	0.00148583	0.000344838	0.000965159	0.105773	0.00194867	0.00582085	0.000991003	0.00336636	0.00505112	0.00410909	0.000353912	0.000552662	0.000164447	0.141635	0.0148787	0.0310335	0.000227823	0.00373343
36	0.500463	0.0384461	0.00442214	0.000690477	0.00134614	0.0908307	0.000648901	0.00522127	0.000948489	0.00553004	0.00481381	0.00668	0.00398949	0.00171799	0.000188	0.243456	0.0560698	0.0328434	0.000254395	0.00143947
37	0.0593006	0.00657003	0.00777193	0.0200202	0.00532695	0.0271923	0.0257408	0.011495	0.168562	0.025804	0.0128456	0.0320635	0.000774171	0.0714907	0.379322	0.0655001	0.0526129	0.0179948	0.00249255	0.00712009
38	0.0334415	0.00537846	0.000150709	0.000220205	0.00828198	0.00393658	0.000279323	0.346444	0.000501099	0.0481494	0.0172252	0.000347427	0.00192974	0.000364374	0.000213902	0.00557294	0.0189813	0.505877	0.000908772	0.00179627
39	0.0335774	0.00243301	0.00011854	0.000161787	0.000834757	0.946282	0.000411014	0.00142009	0.000377253	0.00145043	0.000930673	0.000352774	0.000184462	0.000314016	0.000581345	0.00686311	0.00136948	0.0018061	0.000187603	0.000343944
40	0.171365	0.00832224	0.000243356	0.00037633	0.0262727	0.0289307	0.000683155	0.125692	0.000920497	0.0740631	0.0403372	0.000857247	0.000850472	0.000475341	0.000344359	0.0680457	0.202966	0.247537	0.000537262	0.00117933
41	0.0380989	0.00235251	9.99569e-05	0.000153403	0.000907297	0.939908	0.000329533	0.00115864	0.000356883	0.00149237	0.000776987	0.000292257	0.000185038	0.000217033	0.000604139	0.00863815	0.00192721	0.0019449	0.000197189	0.000359849
42	0.0170915	0.00360855	0.00508017	0.00297748	0.0696037	0.0275626	0.0512948	0.00849675	0.0026765	0.00855726	0.00662693	0.569063	0.00191749	0.014428	0.00151497	0.118861	0.0523885	0.0110718	0.00113657	0.0260423
43	0.00728915	0.0043522	0.000203277	0.000297295	0.00549451	0.00911839	0.000299323	0.684066	0.00123915	0.104716	0.0364305	0.00356223	0.000403638	0.000461227	0.00106229	0.00146038	0.0037126	0.13489	0.000436327	0.000506429
44	0.264857	0.0239438	0.000466542	0.000516524	0.0205887	0.0218952	0.000484828	0.0640283	0.000778155	0.0684383	0.0171357	0.000889843	0.000818903	0.000933467	0.000704635	0.0382247	0.203933	0.269347	0.000635663	0.00137986
45	0.0349796	0.00235799	9.38713e-05	0.000150869	0.00081509	0.945767	0.000313328	0.0010849	0.000354169	0.00139067	0.000768246	0.000305057	0.000173559	0.000182642	0.000551491	0.007187	0.00135515	0.00166662	0.00018314	0.0003196
46	0.0507029	0.00470845	0.000134433	0.000335402	0.0210552	0.0058057	0.000346196	0.265196	0.00122893	0.0796129	0.0563274	0.000442827	0.0102585	0.000459894	0.000334523	0.0056127	0.033336	0.459561	0.00130457	0.00323594
47	0.415435	0.0133244	0.00104695	0.00286952	0.00647826	0.0430847	0.000459438	0.0103276	0.000611625	0.0151579	0.0203103	0.00252389	0.0102751	0.00628372	0.000348965	0.291161	0.108119	0.0498947	0.00044506	0.00184277
48	0.142969	0.00691963	0.000171023	0.000197711	0.0331079	0.0302788	0.000327762	0.133454	0.000293809	0.103724	0.0393664	0.000360802	0.000550953	0.000338117	0.000215095	0.0692526	0.183536	0.253862	0.000438294	0.000635739
49	0.658007	0.019362	0.0015392	0.000714788	0.00479544	0.0902132	0.00223975	0.00883028	0.00102324	0.00806571	0.00853379	0.00509056	0.00269836	0.00175915	0.000583147	0.129025	0.0195436	0.032701	0.000567168	0.00470827
50	0.00713589	0.00435153	0.000206735	0.000273171	0.0053257	0.00941787	0.000235398	0.688689	0.00116083	0.102533	0.0362591	0.00364179	0.000434543	0.000469116	0.000991694	0.00148354	0.00351649	0.132916	0.000439666	0.000519325
51	0.323821	0.0152158	0.000450837	0.000991263	0.0204189	0.0360884	0.00883129	0.043886	0.00888289	0.0159646	0.0327475	0.00940205	0.00117897	0.00149555	0.00052151	0.147141	0.200125	0.122074	0.000850764	0.0099126
52	0.036789	0.00234683	9.68033e-05	0.000153347	0.000915309	0.942491	0.000321263	0.00115532	0.000347816	0.00140226	0.000761623	0.000273276	0.000176473	0.000187456	0.000563816	0.00799628	0.00157758	0.00190739	0.000179873	0.000357711
53	0.0345956	0.0024294	9.62348e-05	0.000147269	0.000815023	0.945567	0.000368215	0.0010855	0.000368744	0.00171249	0.000737198	0.00029373	0.000173224	0.000200611	0.000563469	0.00725086	0.00145437	0.00162165	0.000194693	0.000324292
54	0.103456	0.00283281	0.000698935	0.0138382	0.0221506	0.00580739	0.000912796	0.0167248	0.0143271	0.00747988	0.00550467	0.00194568	0.702774	0.00131307	0.000933928	0.0323883	0.0067758	0.043988	0.0013348	0.0148134
55	0.0335477	0.00238287	9.58915e-05	0.000147326	0.000788423	0.94798	0.000343238	0.00106192	0.000375389	0.00136789	0.000740865	0.000314587	0.00017502	0.000176981	0.000586628	0.00674601	0.00117953	0.0015171	0.000183247	0.00028896
56	0.570567	0.0154078	0.00188238	0.001502	0.00300236	0.0640446	0.00168508	0.00666952	0.000707479	0.00553808	0.00622534	0.00471369	0.00339536	0.00251941	0.000331161	0.229308	0.044287	0.034139	0.000486571	0.00358803
57	0.0338632	0.00675762	0.000154389	0.000192567	0.00857222	0.00448227	0.000249998	0.386038	0.000638945	0.0521063	0.0137265	0.000305001	0.00155476	0.000295673	0.000265529	0.00569161	0.0204956	0.461613	0.000830269	0.00216728
58	0.0216792	0.00570727	0.000286878	0.000410831	0.457106	0.00867677	0.000749776	0.0677229	0.000925458	0.249339	0.0498576	0.000649009	0.00147652	0.00163673	0.00146558	0.00708118	0.00855401	0.0646354	0.00486008	0.0471799
59	0.0474162	0.00941371	0.00218774	0.00237827	0.0609602	0.0294431	0.00286907	0.0244979	0.00339112	0.0542713	0.0319656	0.00590493	0.00548801	0.00509615	0.0299515	0.0169632	0.0313922	0.0417768	0.583045	0.0115878
60	0.0491373	0.0151859	0.0029419	0.00635986	0.0467025	0.0188959	0.0058213	0.0746195	0.0144308	0.152496	0.442	0.0103614	0.00402441	0.0112107	0.00482979	0.0292379	0.0270724	0.0704609	0.00517457	0.00903752
61	0.0644389	0.00893406	0.00194605	0.00238074	0.0498007	0.0523544	0.00424692	0.0266352	0.00490336	0.0861715	0.0574811	0.00453541	0.00462157	0.00542607	0.0480579	0.0156245	0.0503612	0.0620124	0.442815	0.00725346
62	0.0615866	0.00258207	0.000160334	0.00020666	0.0286328	0.00375021	0.000280776	0.227815	0.000906804	0.106987	0.0710672	0.000379445	0.00586712	0.000350498	0.000293357	0.00472256	0.0264027	0.455624	0.000951303	0.00143423
63	0.138019	0.00634848	0.000213927	0.000185191	0.029671	0.0267447	0.000280958	0.129909	0.000432074	0.0918068	0.0537806	0.000514023	0.000682248	0.000365716	0.000302243	0.0727657	0.187764	0.258958	0.000447286	0.000809345
64	0.599933	0.0282845	0.00127918	0.000413518	0.00239737	0.154563	0.00208629	0.00795038	0.00101258	0.00547344	0.00562795	0.00420249	0.00059043	0.000948874	0.000388608	0.131754	0.0162221	0.0298262	0.000437279	0.00660869
65	0.032618	0.0100655	9.01355e-05	0.000161465	0.127593	0.00599687	0.000231795	0.16992	0.000310152	0.46366	0.0318911	0.00028794	0.000710301	0.000238557	0.000268374	0.0060263	0.00178297	0.14636	0.000812468	0.000974127
66	0.0301629	0.0101431	0.00011358	0.000176198	0.128853	0.00586874	0.000194883	0.173207	0.000465717	0.4592	0.0315553	0.000274037	0.000617636	0.000240757	0.000264345	0.00536036	0.00161066	0.149997	0.000864938	0.000829296
67	0.143625	0.0332026	0.0035968	0.00566379	0.0131439	0.210086	0.00396207	0.0216925	0.00489665	0.0591565	0.0133333	0.164343	0.00549207	0.0110567	0.00401907	0.163485	0.05292	0.0764197	0.00383785	0.00606773
68	0.397312	0.0216068	0.000423551	0.000793697	0.0217003	0.192914	0.000556576	0.0111525	0.000708119	0.051529	0.0829732	0.000872448	0.00867693	0.00870685	0.000924548	0.135396	0.0540602	0.00773643	0.000673349	0.00128346
69	0.596183	0.0256132	0.00230815	0.000587811	0.000881169	0.092863	0.000783161	0.00587827	0.000821078	0.00414677	0.0063798	0.0029885	0.00104851	0.000928833	0.000118499	0.186224	0.0297976	0.0402536	0.000202938	0.00199141
70	0.0404111	0.010335	0.000419382	0.00137021	0.00694224	0.00690808	0.000583022	0.0449156	0.000595426	0.0322998	0.00343191	0.00256071	0.000701819	0.000631482	0.000552005	0.156561	0.628035	0.0566085	0.000677226	0.00546053
71	0.485594	0.0152625	0.00138869	0.00144012	0.00355117	0.161416	0.00121717	0.0232257	0.0144643	0.00975139	0.00767949	0.00263269	0.00126552	0.00266906	0.000713392	0.203938	0.0267435	0.0337222	0.000642797	0.00268138
72	0.00448216	0.00325304	0.000129218	0.000157887	0.717607	0.00100966	0.000361737	0.0186343	0.000236419	0.102837	0.0168588	0.000291628	0.000229391	0.000263035	0.00290417	0.00109958	0.00175469	0.0170741	0.00554413	0.105272
73	0.237222	0.0124832	0.00052291	0.000638521	0.0178391	0.0192874	0.000663577	0.29217	0.000940788	0.0093943	0.0412483	0.00127324	0.00405453	0.00119967	0.000817095	0.0764994	0.0156765	0.265201	0.00114894	0.00171957
74	0.0524812	0.00827587	0.0338562	0.603406	0.0152758	0.0176234	0.00307979	0.0292344	0.0183978	0.02653	0.0167924	0.0150199	0.00395336	0.0332069	0.0181944	0.0185182	0.02033	0.0576754	0.0031371	0.00501225
75	0.308814	0.128402	0.00134968	0.000466991	0.00229062	0.0737574	0.000582382	0.00390994	0.000807463	0.0100915	0.00640774	0.029971	0.00727401	0.00364001	0.000352906	0.270375	0.110459	0.0396133	0.000583556	0.000851403
76	0.0706153	0.0114363	0.000452825	0.000430635	0.0140348	0.00511004	0.000858681	0.0618791	0.000917076	0.0484727	0.0066259	0.0007161	0.000955691	0.000925798	0.000688168	0.0864214	0.567235	0.112492	0.000805752	0.00892646
77	0.0210527	0.00836928	0.000356287	0.000275951	0.0516748	0.00729183	0.000330691	0.243482	0.00112613	0.420455	0.0692977	0.000742137	0.00103289	0.000604435	0.000683494	0.00543763	0.0126797	0.149179	0.00376335	0.0021655
78	0.362333	0.00643316	0.000311652	0.000389547	0.0059166	0.434228	0.000887173	0.00740304	0.00063458	0.0116051	0.00444295	0.00158039	0.000841611	0.00114452	0.00145236	0.109045	0.023138	0.0232678	0.000503776	0.00444197
79	0.0529094	0.0751351	0.00208907	0.00547664	0.0184247	0.01617	0.0119941	0.130622	0.00402314	0.0736484	0.0369529	0.00647368	0.0120957	0.281954	0.0545955	0.0206432	0.0276074	0.158244	0.00443255	0.00650886
80	0.0513913	0.00248591	0.000552364	0.010952	0.00563349	0.00449245	0.0206852	0.309206	0.0357516	0.195946	0.0304724	0.0010218	0.00115593	0.00116969	0.0153018	0.00476488	0.0209828	0.285278	0.0010621	0.00169459
81	0.0140559	0.00117277	0.000185114	0.000369866	0.307367	0.00508671	0.0172757	0.026358	0.00038171	0.0390753	0.00496777	0.000439038	0.000457366	0.000384103	0.00478595	0.00587808	0.00579634	0.0193898	0.0621422	0.484431
82	0.0386522	0.00328076	0.000275312	0.000536574	0.00406297	0.0237356	0.0332078	0.00529626	0.252556	0.0204561	0.00829879	0.0250239	0.000608803	0.0549296	0.410801	0.0538474	0.0427813	0.0128621	0.00249948	0.00628843
83	0.00848365	0.00245695	0.000698894	0.234274	0.0167311	0.027514	0.0009428	0.175634	0.0247921	0.00638505	0.015856	0.00105282	0.0011125	0.0380534	0.103133	0.0538649	0.123011	0.152143	0.00116487	0.012695
84	0.0402783	0.00321561	0.000107419	0.000148496	0.00104695	0.93429	0.000364172	0.00129023	0.000413178	0.00162356	0.000981621	0.000360556	0.000197455	0.000282273	0.000699066	0.00928466	0.00204901	0.00269365	0.00020009	0.000473398
85	0.033415	0.00238397	9.61467e-05	0.000147401	0.000766519	0.948296	0.000343238	0.00106306	0.000375389	0.00136609	0.000733822	0.000314588	0.000175125	0.000176985	0.000575653	0.00667118	0.00111733	0.0015099	0.000183258	0.00028892
86	0.222511	0.0131758	0.00307589	0.00391966	0.022178	0.0381336	0.00506775	0.0297234	0.00525572	0.030911	0.070386	0.0119629	0.244911	0.0097955	0.00391142	0.0471037	0.189239	0.0372695	0.00457382	0.00689596
87	0.364466	0.00525992	0.00105336	0.00235908	0.0317081	0.0515657	0.00370669	0.0131245	0.00199805	0.0198651	0.0591814	0.00473949	0.0782124	0.00658749	0.00206314	0.260379	0.0256166	0.0397764	0.00219527	0.0261418
88	0.0177435	0.00451868	0.000188414	0.000906898	0.297293	0.0061919	0.0149888	0.0267267	0.000390769	0.0378212	0.00502199	0.000455248	0.000994668	0.000439526	0.00426434	0.0106322	0.00781315	0.0213256	0.0584789	0.483805
89	0.0233943	0.0087139	0.000249291	0.00135678	0.276545	0.0118719	0.0108587	0.0704877	0.000823868	0.0546999	0.0141486	0.000887097	0.00267616	0.00116415	0.00351557	0.0130974	0.0132652	0.0491157	0.0446864	0.398442
90	0.00790022	0.00438135	0.000221925	0.000344662	0.00540345	0.00940745	0.000234261	0.691431	0.00112361	0.101334	0.0366846	0.00365031	0.000483985	0.000561098	0.000971664	0.00163476	0.00350823	0.129675	0.000444471	0.000604485
91	0.0352598	0.00726924	0.000150014	0.000193619	0.0492865	0.00286289	0.00029491	0.2401	0.000318783	0.370587	0.0236412	0.000357296	0.00233065	0.000305818	0.000209924	0.00649349	0.0368323	0.213881	0.00914225	0.00048321
92	0.028423	0.00696037	0.000783181	0.000690696	0.39209	0.0201723	0.00159782	0.127552	0.00104351	0.086798	0.0406892	0.00142519	0.00509398	0.00218318	0.00207132	0.00822065	0.0214005	0.107853	0.0142103	0.130741
93	0.632684	0.0213841	0.00238864	0.000278935	0.00093873	0.0861822	0.00112072	0.00517143	0.00077586	0.00394546	0.00528603	0.00363601	0.000783472	0.000456032	0.000166151	0.174196	0.020211	0.0377459	0.000206953	0.00244315
94	0.0449879	0.00432174	0.000155688	0.000255338	0.107633	0.00421198	0.000202442	0.325805	0.000228562	0.130451	0.00389841	0.000878276	0.00297202	0.000366607	0.000210423	0.00522601	0.00528939	0.359667	0.00243716	0.000802352
95	0.173259	0.0564818	0.000471732	0.000694232	0.152336	0.00379078	0.00073752	0.061461	0.00084975	0.272087	0.0142783	0.00295691	0.00122055	0.00110159	0.000767025	0.117166	0.0397417	0.0972704	0.0021198	0.00120831
96	0.0695527	0.0348093	0.00092003	0.00119059	0.0763444	0.039264	0.000723394	0.130499	0.00156098	0.299951	0.154893	0.00293141	0.00265298	0.00209682	0.00167145	0.0245307	0.0366026	0.0978994	0.00452283	0.0173836
97	0.0660044	0.00611236	0.000257805	0.000438699	0.0559859	0.0135881	0.000864859	0.291332	0.000764451	0.192574	0.0341063	0.00138861	0.00405911	0.000534446	0.000396422	0.0324242	0.0781137	0.212195	0.00626852	0.0025907
98	0.044271	0.00139183	0.000103319	0.000165995	0.161693	0.00169967	0.000202219	0.297658	0.000307015	0.168882	0.0128486	0.00144247	0.0137165	0.000266577	0.000128026	0.00542428	0.0138783	0.271047	0.00236504	0.00250921
99	0.266731	0.151149	0.000903902	0.000544795	0.00285602	0.0715418	0.000616546	0.004832	0.000880114	0.00828469	0.0107392	0.0168451	0.00596687	0.00234401	0.000671607	0.259612	0.15366	0.0399835	0.000822986	0.00101472
100	0.068751	0.0522942	0.000432458	0.00923377	0.217554	0.00850001	0.000764666	0.0234737	0.000774345	0.0365019	0.0124357	0.00087262	0.00974747	0.00101866	0.000721442	0.0592229	0.0342317	0.048362	0.0198206	0.395287
101	0.359743	0.0289916	0.00042827	0.000661156	0.0376063	0.305334	0.000846543	0.04419	0.000844756	0.0525233	0.0185458	0.00107522	0.0124266	0.00204789	0.00112182	0.0752272	0.0357773	0.0206923	0.000770625	0.00114724
102	0.0249653	0.0150881	0.000457143	0.000216176	0.338843	0.0313341	0.000245204	0.14676	0.000575583	0.18372	0.0852529	0.000385071	0.000952344	0.00136799	0.000266981	0.0123011	0.0166567	0.0923103	0.0110254	0.0372769
103	0.180984	0.0150251	0.000605967	0.000763949	0.0482149	0.0940484	0.000601913	0.262782	0.000998732	0.0816557	0.0557436	0.00113662	0.0151605	0.00104083	0.000740995	0.0129098	0.0910871	0.132692	0.000811691	0.00299655
104	0.025463	0.0128587	0.00204322	0.000809873	0.247196	0.0465311	0.00117702	0.134804	0.00264874	0.152381	0.128686	0.00212462	0.00183813	0.00284748	0.00122398	0.0300005	0.0167217	0.0931697	0.0103411	0.0871337
105	0.0749712	0.0264553	0.0272524	0.0492564	0.0311017	0.0369452	0.00178659	0.141596	0.00320146	0.0125783	0.0289401	0.134079	0.0602011	0.0254552	0.00176533	0.184163	0.0942424	0.0598934	0.00266854	0.00344719
106	0.384359	0.0125604	0.000571345	0.00132733	0.0201829	0.113899	0.000684223	0.0061693	0.000848868	0.0593392	0.100663	0.00118496	0.0163904	0.0157519	0.000964175	0.18891	0.0632419	0.00961924	0.000879888	0.002453
107	0.101237	0.00584801	0.000174242	0.000272134	0.0410739	0.0143081	0.000375657	0.168474	0.00031858	0.117125	0.0491292	0.000683452	0.00106555	0.000361744	0.000311992	0.043443	0.117	0.334253	0.00292458	0.00162062
108	0.0981591	0.107947	0.00250292	0.00483311	0.0199262	0.0155303	0.00681158	0.12894	0.00448492	0.0434606	0.105559	0.0114177	0.0111892	0.303166	0.0159233	0.0187034	0.0205411	0.0687603	0.00469834	0.00744624
109	0.393244	0.00699617	0.000946616	0.00299905	0.00418686	0.0397507	0.000319633	0.0118401	0.00067445	0.00739664	0.00648465	0.00248814	0.00273755	0.00564603	0.000255826	0.354825	0.113362	0.0449317	0.000373691	0.000541049
110	0.0100636	0.00378529	0.000767823	0.000838697	0.0873599	0.0320822	0.0524231	0.00856256	0.0015325	0.00722349	0.00703278	0.571827	0.00161601	0.016046	0.00115263	0.108529	0.0363144	0.0103478	0.0013756	0.0411199
111	0.282511	0.0082043	0.000941872	0.00600992	0.00428812	0.0456937	0.000640148	0.0180335	0.00811421	0.00986184	0.00544725	0.050607	0.0062052	0.00675642	0.000443046	0.310628	0.202076	0.0319788	0.000578166	0.000981834
112	0.0548809	0.00372444	0.000151935	0.000194394	0.0276714	0.00472814	0.000404103	0.27699	0.00124311	0.109813	0.0688173	0.000446911	0.00564789	0.000323659	0.000402366	0.00436314	0.0278615	0.409202	0.000827959	0.002305
113	0.406038	0.00927173	0.000886349	0.00450005	0.00387968	0.037985	0.000402201	0.00987819	0.000488469	0.00715632	0.00895677	0.00196551	0.00275095	0.00859396	0.000209064	0.303776	0.128917	0.0633756	0.000298846	0.000670367
114	0.332315	0.00966727	0.000360987	0.000461563	0.0102283	0.4422	0.000264261	0.0147298	0.000713303	0.0155916	0.00753788	0.000937188	0.00145264	0.00113012	0.00082851	0.0968923	0.0411843	0.0209455	0.000413657	0.00214622
115	0.123859	0.00721539	6.64659e-05	9.93537e-05	0.0596153	0.076365	0.00114291	0.2552	0.0001233	0.196567	0.0112259	0.000224357	0.000312846	0.000165123	0.000102885	0.0148446	0.016393	0.234416	0.00188824	0.000172719
116	0.133755	0.00755025	8.29001e-05	0.000107598	0.0601194	0.0786384	0.000860212	0.235579	0.000108958	0.184703	0.0102239	0.000194447	0.00036573	0.000167104	9.26901e-05	0.0141651	0.0133736	0.258555	0.00113332	0.000224711
117	0.0126068	0.00510831	0.0001095	0.000123939	0.0261631	0.00274028	9.70401e-05	0.304384	0.000980724	0.364676	0.0589116	0.000193976	0.000562734	0.000186921	0.000153589	0.00180099	0.0124329	0.207587	0.000885559	0.000295469
118	0.413875	0.0135664	0.000352092	0.000826233	0.0085023	0.023409	0.00302354	0.0416331	0.00317212	0.0105771	0.0392694	0.00338598	0.000990833	0.00136639	0.000518779	0.107117	0.180579	0.143496	0.000688801	0.00365048
119	0.133114	0.00751925	6.68598e-05	9.52747e-05	0.0604759	0.0784811	0.000856653	0.237586	9.73261e-05	0.189996	0.0105354	0.000177031	0.000320505	0.000125332	8.4695e-05	0.0136592	0.0134434	0.252029	0.00116786	0.000168728
120	0.0318752	0.0129879	9.03979e-05	0.00014956	0.104032	0.0067414	0.000183529	0.161212	0.000219839	0.498651	0.0338805	0.000201735	0.000213718	0.000199052	0.000165516	0.00500834	0.00122127	0.141711	0.000333555	0.000922772
121	0.152409	0.00951238	0.000196701	0.000206922	0.0317218	0.0271786	0.000199559	0.115809	0.000321367	0.0964086	0.038137	0.000379959	0.000498452	0.000351194	0.000239641	0.0725394	0.194712	0.25815	0.000329071	0.000699478
122	0.423369	0.0164856	0.000237722	0.000269097	0.0209227	0.350796	0.000377217	0.0228179	0.000493199	0.0360944	0.0181664	0.000698882	0.00346892	0.000757563	0.000599294	0.0640998	0.0297369	0.00924789	0.000486125	0.000874488
123	0.0887026	0.00445819	0.000620286	0.000240914	0.131598	0.0315375	0.00237716	0.143212	0.000986528	0.315462	0.0291153	0.000472784	0.0131524	0.00158967	0.000858843	0.0211249	0.0203831	0.149113	0.0223098	0.0226839
124	0.041497	0.00955488	7.94794e-05	0.000149417	0.0223774	0.00471084	0.000281032	0.346918	0.00105729	0.0671564	0.0271128	0.00035736	0.00389937	0.00024977	0.00034763	0.00679634	0.037954	0.423474	0.00144468	0.00458317
125	0.0373556	0.00352285	0.000109232	0.000185811	0.125165	0.00310255	0.000285118	0.330665	0.000444908	0.156796	0.0110863	0.00142344	0.0076784	0.000291599	0.000196352	0.00466323	0.0133806	0.297053	0.00494002	0.00165483
126	0.026933	0.0181815	0.000321429	0.000229463	0.313786	0.0313314	0.000254247	0.149669	0.000365559	0.196702	0.0951754	0.000608977	0.000721273	0.00119274	0.000228368	0.0179362	0.0191927	0.0890295	0.00735075	0.0307909
127	0.145653	0.00894073	0.00396349	0.00773544	0.0118825	0.398306	0.00669003	0.0177939	0.0210502	0.0443393	0.0173723	0.012532	0.00416352	0.0174921	0.0987484	0.0940347	0.0521385	0.0278711	0.00405712	0.00523544
128	0.0522097	0.00514026	0.00877326	0.0179172	0.00721503	0.210453	0.0433514	0.0136807	0.205251	0.019201	0.0124225	0.03562	0.00140894	0.0643675	0.184347	0.0548498	0.0351274	0.0194193	0.00170135	0.0075439
129	0.104202	0.00664374	7.472e-05	0.000347058	0.0516166	0.0622578	0.00282304	0.291778	0.000931411	0.171669	0.0175396	0.000383684	0.00184296	0.000254578	0.000424554	0.0141964	0.0206987	0.249272	0.00151098	0.00153304
130	0.0355094	0.00374022	0.000504221	0.00320343	0.00315508	0.0181757	0.0669461	0.00453375	0.402804	0.00543376	0.00718169	0.0453308	0.000770988	0.0961771	0.20203	0.0416984	0.0369245	0.0155788	0.00097911	0.00932291
131	0.0448713	0.00262406	0.000152105	0.000278915	0.00541078	0.0274016	0.00408606	0.00615613	0.0873012	0.0385181	0.0105984	0.00919098	0.000408147	0.0218868	0.599421	0.0720338	0.0473448	0.013736	0.0042005	0.00437964
132	0.0145265	0.00472563	4.96902e-05	0.00011536	0.0224114	0.00232609	0.000209347	0.34348	0.00162311	0.298996	0.0571253	0.000129839	0.000513648	0.000120304	0.000258823	0.00095634	0.0135969	0.238446	0.000225035	0.000165117
133	0.110664	0.00892566	0.00049069	0.000483558	0.0325477	0.0207484	0.000888468	0.180204	0.000664783	0.117833	0.0437736	0.00150609	0.00166543	0.000952193	0.00060456	0.0601678	0.121589	0.292155	0.00225032	0.00188583
134	0.0940305	0.00445782	0.00102824	0.0117748	0.0257391	0.00778375	0.00127784	0.0437	0.0121163	0.0176455	0.0114648	0.00307596	0.636594	0.00179243	0.00138601	0.0306806	0.0136316	0.0654281	0.00245586	0.013937
135	0.0442663	0.00143568	0.00010548	0.000168038	0.160187	0.00166788	0.000222147	0.2989	0.000300835	0.161297	0.0122344	0.00156252	0.0145389	0.000248692	0.000118105	0.00519829	0.015029	0.277344	0.00246236	0.00271299
136	0.0305349	0.00933443	0.00206357	0.00287112	0.149318	0.0161479	0.00347473	0.110157	0.174419	0.165289	0.200301	0.00557945	0.00436455	0.00531751	0.0039873	0.05723	0.0172723	0.0308132	0.00463764	0.0068878
137	0.402117	0.0192162	0.000696117	0.000649731	0.0208264	0.221524	0.000784315	0.0541935	0.00176645	0.0510808	0.0152017	0.00167231	0.00463216	0.00147135	0.000733383	0.0965232	0.0446313	0.0595187	0.00092118	0.00184038
138	0.129069	0.00753535	6.11134e-05	9.75273e-05	0.0620312	0.0829612	0.000838627	0.240447	9.8502e-05	0.200244	0.0102728	0.000155135	0.000377116	0.000133094	8.87361e-05	0.0137514	0.0147515	0.235674	0.00126593	0.000146996
139	0.239308	0.0104151	0.000216414	0.000292901	0.0699587	0.112936	0.00030383	0.164827	0.000378412	0.167134	0.0176027	0.000404743	0.0125543	0.000387427	0.000251209	0.0173091	0.0382079	0.145912	0.000766416	0.000833063
140	0.0145001	0.00155798	0.000197412	0.000423855	0.305044	0.00507084	0.0160759	0.0274421	0.000379654	0.0404956	0.00486317	0.000456833	0.000618887	0.000388247	0.00516919	0.00619938	0.00630076	0.0193772	0.0646006	0.480839
141	0.0141185	0.00480442	4.95687e-05	7.47412e-05	0.0226887	0.00222292	9.16485e-05	0.342672	0.00127705	0.301144	0.0570724	0.000129725	0.000536138	0.000119359	0.000186517	0.000996506	0.0137692	0.23763	0.000255353	0.000160825
142	0.134819	0.00770424	5.97987e-05	0.000106689	0.0641257	0.0847278	0.000750594	0.235749	0.0001025	0.203384	0.0103235	0.000158123	0.000761804	0.000127278	0.000104691	0.0134528	0.0154516	0.226742	0.00118705	0.000161886
143	0.0765777	0.00943495	0.000157598	0.000187575	0.00959305	0.012929	0.000302635	0.218299	0.000327839	0.179577	0.171847	0.000355328	0.00185784	0.000349503	0.000308107	0.00733018	0.0655406	0.241007	0.00150433	0.00251299
144	0.389813	0.0960074	0.00165196	0.000442382	0.00174097	0.103604	0.000436573	0.00606579	0.000678908	0.00950833	0.00623718	0.0123947	0.00501014	0.00188935	0.000337597	0.224071	0.0909535	0.0478104	0.000427393	0.000918591
145	0.0318908	0.0129912	9.04074e-05	0.00014956	0.104033	0.00673335	0.000183533	0.16133	0.000219839	0.498612	0.0337791	0.000201663	0.000214755	0.000199096	0.000169865	0.00500079	0.00120228	0.141754	0.000331355	0.00091218
146	0.0740556	0.00683947	0.000247014	0.000233315	0.126592	0.0472329	0.000322568	0.257976	0.000410228	0.0877083	0.00666196	0.000483853	0.0188301	0.0016531	0.000298304	0.00163077	0.0165196	0.206651	0.0354015	0.110252
147	0.033827	0.00629487	0.000162451	0.000198493	0.00799333	0.00432884	0.000253779	0.387094	0.000538328	0.0489528	0.0134172	0.000338522	0.00140836	0.000299108	0.000276805	0.00561312	0.0194429	0.466728	0.000832826	0.00199927
148	0.0204664	0.00847075	0.000116931	0.000112086	0.0215885	0.00535008	0.000271124	0.389503	0.00176011	0.221025	0.0508307	0.000307522	0.00305676	0.000153761	0.000597417	0.0023125	0.0264649	0.24475	0.000374137	0.0024889
149	0.134078	0.00767804	5.89228e-05	0.000102287	0.0646092	0.0839891	0.000734312	0.236371	0.00010046	0.201302	0.0103118	0.000157994	0.000693113	0.000126497	9.82831e-05	0.0132469	0.015084	0.229937	0.00116625	0.000154895
150	0.403889	0.00343529	0.00060165	0.000714397	0.0639458	0.0196757	0.000669298	0.147775	0.000941817	0.0325065	0.0506975	0.00125274	0.00296665	0.00100158	0.00075162	0.00951354	0.0290323	0.228122	0.00101594	0.00149128
151	0.252625	0.0109422	0.000239004	0.000312615	0.0717762	0.100149	0.000298429	0.163175	0.000405329	0.149918	0.0197455	0.000516621	0.0123268	0.000461281	0.000276628	0.014791	0.0458086	0.155098	0.00050349	0.000631129
152	0.229116	0.00241152	0.000260116	0.000523454	0.00552565	0.560175	0.000357182	0.0060767	0.000775198	0.00885752	0.0024764	0.000952821	0.000545557	0.00141701	0.00178008	0.114129	0.0301803	0.0291252	0.000559282	0.00475653
153	0.0396299	0.00232005	9.54341e-05	0.00015682	0.0010082	0.939508	0.000273875	0.00117788	0.000314408	0.00127525	0.000755144	0.000201544	0.000179968	0.000182715	0.000457379	0.00789272	0.0021474	0.00190416	0.000178674	0.00034078
154	0.158199	0.00502211	0.000327519	0.000558512	0.0552772	0.0826741	0.000439341	0.137155	0.000510339	0.110472	0.0527341	0.000638809	0.00214156	0.000702122	0.000427114	0.0724472	0.152738	0.165842	0.000705125	0.000987972
155	0.0441742	0.00433759	0.00110389	0.0142542	0.0621414	0.00402443	0.0273174	0.0876483	0.0453254	0.0514745	0.0491892	0.183006	0.00117674	0.207362	0.000643393	0.0388245	0.015774	0.0236381	0.0590754	0.0795094
156	0.0338967	0.00237193	9.60978e-05	0.000147401	0.000780131	0.947285	0.000347023	0.0010798	0.000374297	0.00137044	0.000738061	0.000315592	0.000175238	0.000178057	0.000578583	0.00695268	0.00125808	0.00157602	0.000190091	0.000288417
157	0.0558252	0.00376992	0.000113706	0.000208243	0.0298203	0.0028032	0.000194063	0.241561	0.000646983	0.0879322	0.0559798	0.000341198	0.00422984	0.000330876	0.00023152	0.00622416	0.0314306	0.47503	0.00148686	0.00184052
158	0.0492781	0.0039627	0.000693567	0.00379511	0.0041692	0.0261599	0.0298604	0.00566681	0.236202	0.0190382	0.0120173	0.0237665	0.000684648	0.0828825	0.373549	0.0702157	0.0368484	0.0131297	0.00220702	0.00587313
159	0.0446771	0.00271516	0.000163981	0.000286071	0.00537295	0.0280848	0.00477832	0.00616951	0.0928203	0.0376433	0.0104549	0.00971678	0.000421585	0.0229374	0.593256	0.0712828	0.0469651	0.0137242	0.00413724	0.00439296
160	0.118203	0.00345752	0.000215547	0.000323149	0.00277261	0.783674	0.000342971	0.00328139	0.000775497	0.00484811	0.00208366	0.000759415	0.000439744	0.000942733	0.000799948	0.0510422	0.0124883	0.0115537	0.000288821	0.00170804
161	0.0473149	0.00611522	0.000110649	0.000246864	0.0195795	0.00703674	0.0003268	0.243852	0.000637025	0.241284	0.117773	0.000284781	0.00207915	0.000204587	0.000226095	0.0045957	0.0428103	0.261667	0.00214357	0.0017117
162	0.00459048	0.00320576	0.000141434	0.000158415	0.714587	0.00101446	0.000474354	0.0182802	0.000253233	0.102846	0.0166235	0.000300515	0.000260163	0.0002663	0.00286912	0.00111306	0.00176154	0.0174328	0.00549561	0.108325
163	0.471725	0.0171583	0.00162357	0.00241315	0.00369924	0.0605641	0.000596613	0.00985863	0.000983235	0.00825902	0.00923933	0.00362878	0.00369535	0.00459279	0.000290825	0.274545	0.0824923	0.0429249	0.00033104	0.0013791
164	0.0191427	0.00398547	0.00672663	0.00408678	0.0670016	0.0273309	0.0511606	0.0095395	0.00341018	0.00874829	0.00712635	0.55844	0.00217491	0.0149715	0.00214415	0.119538	0.055499	0.0123987	0.00124762	0.025327
165	0.0662783	0.00716487	0.0560865	0.554054	0.0137522	0.0201676	0.00639219	0.0201277	0.020561	0.0225687	0.0142642	0.0291746	0.00415607	0.0355336	0.0151317	0.0259494	0.0249999	0.0553769	0.00283583	0.00542456
166	0.619765	0.0183546	0.00251181	0.00162881	0.00449733	0.0995081	0.00412374	0.00936587	0.00201817	0.00823906	0.00818427	0.0210869	0.00738808	0.00254977	0.000977108	0.130369	0.0242172	0.0275774	0.00111762	0.00652041
167	0.0405927	0.00232768	0.000100336	0.000146947	0.00104615	0.935842	0.000326838	0.0015286	0.000389271	0.00185984	0.000937488	0.00028009	0.000201127	0.000216553	0.000555037	0.00891034	0.00191688	0.00225024	0.000183895	0.000388037
168	0.0499351	0.0138995	0.000975365	0.0653226	0.00872493	0.0076932	0.00168662	0.144446	0.00188952	0.156168	0.268764	0.0399873	0.00194993	0.0569314	0.00127388	0.0544452	0.0166632	0.104489	0.0019507	0.00280523
169	0.0345175	0.00236115	9.44166e-05	0.000148062	0.000810601	0.946267	0.000318532	0.00107502	0.000365465	0.0013695	0.000738099	0.000319364	0.000176816	0.00019193	0.000539947	0.00730834	0.00127436	0.00162537	0.000183629	0.000314936
170	0.125706	0.00401056	0.109966	0.0736535	0.0116752	0.0544235	0.0246889	0.0368809	0.0298021	0.0139326	0.0164816	0.120108	0.00822393	0.0392403	0.0150165	0.15209	0.131003	0.024967	0.000536828	0.00759399
171	0.390413	0.012461	0.000369434	0.00187944	0.0104232	0.0357098	0.00147284	0.0478548	0.00207514	0.0258503	0.0246811	0.00215035	0.00196967	0.00293282	0.000440876	0.193848	0.13328	0.109605	0.000522889	0.00206003
172	0.390631	0.0263704	0.001963	0.00266583	0.0115694	0.0679536	0.00337242	0.0161457	0.00354093	0.01848	0.0201293	0.0337388	0.16153	0.00569439	0.00183204	0.100925	0.0978979	0.028111	0.00261542	0.00483421
173	0.0286964	0.0459887	0.00219141	0.00404797	0.0552319	0.0120823	0.146439	0.128451	0.00824255	0.0261802	0.0835448	0.172102	0.00342183	0.061887	0.00199581	0.0180067	0.0151797	0.0910658	0.0106766	0.0845672
174	0.344226	0.00655949	0.000767444	0.00109042	0.0167081	0.0288042	0.00105153	0.160729	0.00155679	0.0312617	0.0522754	0.0019439	0.0184567	0.00169911	0.00124932	0.0871583	0.0229043	0.217953	0.00146627	0.00213872
175	0.6257	0.0145212	0.00151147	0.000706551	0.00346229	0.1054	0.00785353	0.00613471	0.00132577	0.00614339	0.00618491	0.012626	0.00362041	0.0012939	0.000415407	0.15481	0.0126163	0.025069	0.000552279	0.0100528
176	0.575426	0.0196345	0.00131196	0.000561414	0.00304913	0.158735	0.00151731	0.0091718	0.00204317	0.00801527	0.00700277	0.00387134	0.00142394	0.00121422	0.000489233	0.152348	0.0218527	0.0286307	0.00035317	0.00334803
177	0.398622	0.00702185	0.000627603	0.00572681	0.00475214	0.0322502	0.000594091	0.012425	0.000729483	0.00807577	0.0119909	0.00194841	0.00253614	0.0093103	0.000269359	0.295296	0.138036	0.0685196	0.000338195	0.000930283
178	0.500772	0.0145493	0.00181372	0.00224182	0.00375444	0.0569295	0.000800222	0.0091629	0.000657567	0.00691859	0.00776593	0.00351212	0.00266265	0.0041253	0.000312561	0.266174	0.0685481	0.0469735	0.000364656	0.00196077
179	0.128549	0.00100238	0.140254	0.0912401	0.0106641	0.0504846	0.0396075	0.0213861	0.0418772	0.0171595	0.0201605	0.11549	0.000414397	0.0555122	0.0245963	0.103389	0.103771	0.02172	0.000388523	0.012333
180	0.0994227	0.00203325	0.0331782	0.079703	0.00728267	0.0345072	0.0339658	0.0282053	0.135851	0.0272842	0.0240923	0.0699623	0.000607102	0.139364	0.0914119	0.0766752	0.0699328	0.0342797	0.000526864	0.0117143
181	0.127923	0.0312973	0.00435573	0.0124798	0.0147916	0.0335858	0.00963369	0.0466895	0.012974	0.0281199	0.0655268	0.00921912	0.0157674	0.42509	0.0309586	0.0190773	0.0223201	0.0807823	0.00344723	0.00596061
182	0.0498765	0.00235679	0.000111774	0.000277398	0.00123834	0.918368	0.00027354	0.00146736	0.000433372	0.00194508	0.000968831	0.000313776	0.000181026	0.000442686	0.000552292	0.0139096	0.00311691	0.003323	0.000200916	0.00064266
183	0.022191	0.0061455	0.000549842	0.000512743	0.291423	0.0114681	0.000487815	0.0824302	0.000971753	0.304755	0.13558	0.000783095	0.00111423	0.0076447	0.000598785	0.00981773	0.0104061	0.0660006	0.00417134	0.0429487
184	0.0547685	0.00689438	0.000144741	0.000242424	0.0242649	0.00351	0.000244044	0.268862	0.000658958	0.0670223	0.0308213	0.000448523	0.00229027	0.000378021	0.000329303	0.0151263	0.051707	0.462443	0.00457839	0.0052657
185	0.283783	0.0145877	0.00267097	0.0069284	0.00972431	0.212149	0.00394424	0.0135457	0.00612112	0.0203873	0.0193822	0.0110891	0.0307516	0.0627673	0.0058406	0.2119	0.0493452	0.0292599	0.0016779	0.00414456
