332	20
1	0.0121723	0.0152373	0.00965535	0.0016197	0.246875	0.00310288	0.0857253	0.00305066	0.00206922	0.0466978	0.0359649	0.009209	0.013988	0.0147535	0.00171223	0.00315067	0.00327747	0.00952159	0.040032	0.442185
2	0.0949835	0.0179552	0.00128094	0.0162865	0.101887	0.00237307	0.0286781	0.0436912	0.0581505	0.162452	0.113572	0.00395382	0.00214437	0.0766598	0.00719081	0.0630681	0.0615124	0.12875	0.0134475	0.00196397
3	0.00353312	0.00670716	0.000347936	0.000777745	0.00157878	0.000519575	0.00363505	0.701562	0.000780372	0.0829866	0.0108537	0.0105585	0.000406955	0.00336717	0.00110417	0.00403056	0.00942739	0.151258	0.000250613	0.006314
4	0.0309654	0.0026105	0.0014953	0.081725	0.00191473	0.00249587	0.00339729	0.00343384	0.56395	0.00422721	0.00338673	0.00345031	0.0611411	0.0974068	0.0713623	0.00550947	0.048163	0.00863665	0.000913511	0.00381552
5	0.130232	0.0118831	0.0112611	0.0124584	0.00183919	0.0277047	0.00630089	0.00741708	0.0050948	0.0225197	0.00656253	0.0198651	0.178901	0.0112926	0.0037869	0.394948	0.120472	0.0220074	0.000924849	0.0045292
6	0.11343	0.00171968	0.0795878	0.109234	0.00337711	0.0293399	0.0111682	0.0113053	0.123572	0.0150147	0.00489457	0.0443704	0.0282202	0.129291	0.0309883	0.170618	0.0722594	0.0197193	0.000380163	0.0015087
7	0.134596	0.0012995	0.0405471	0.0644134	0.00396624	0.0285912	0.012535	0.0153402	0.162492	0.019702	0.00520104	0.0370999	0.03575	0.127519	0.039824	0.173713	0.0748048	0.0218296	0.000295486	0.000481456
8	0.0482725	0.0108223	0.0129138	0.0175351	0.00551491	0.0025778	0.00928128	0.22655	0.00407871	0.397777	0.0333628	0.0248175	0.0161713	0.00467086	0.00592026	0.0229126	0.0312006	0.104444	0.00188661	0.0192898
9	0.0130902	0.00283023	0.699021	0.0870371	0.000659564	0.0124994	0.0168569	0.00122984	0.00713683	0.00165049	0.00112642	0.0905702	0.00848968	0.00191823	0.0017612	0.0446536	0.00690968	0.00149581	0.000339769	0.000723918
10	0.381359	0.0601286	0.000853204	0.00202478	0.00128351	0.00487112	0.00275626	0.00733834	0.00232123	0.00462412	0.00301692	0.00194082	0.0300353	0.00259608	0.00171041	0.370443	0.0877497	0.0227826	0.000537044	0.0116275
11	0.119789	0.00141404	0.0782285	0.111216	0.00351556	0.0258122	0.0112296	0.0125679	0.143277	0.0158389	0.00499084	0.042162	0.0273526	0.10721	0.0314715	0.179144	0.0630454	0.0197823	0.000493799	0.00145764
12	0.0482843	0.000734498	0.241107	0.308873	0.00048586	0.0246538	0.00793942	0.00106777	0.0737944	0.00112924	0.00317321	0.0631844	0.00116763	0.0801127	0.00866208	0.0747293	0.0414901	0.0153082	0.000273962	0.00382937
13	0.00833706	0.00360384	0.000605666	0.00114523	0.0221331	0.00130518	0.00728999	0.0792414	0.00544032	0.747056	0.0663255	0.0029989	0.000845504	0.00366614	0.00108506	0.00222622	0.00890733	0.0221557	0.00310726	0.0125249
14	0.0181312	0.00996764	0.00170678	0.00587279	0.0218089	0.00355271	0.0116242	0.0895103	0.00962101	0.602941	0.0758348	0.00591755	0.00561008	0.0147062	0.00814905	0.0145899	0.0221999	0.0603727	0.00349834	0.0143846
15	0.0085599	0.00229562	0.000466918	0.000965703	0.026304	0.00131581	0.00739281	0.0308645	0.00791354	0.772993	0.0955805	0.00373191	0.000657413	0.0032828	0.000967835	0.00191821	0.00880881	0.00996155	0.00304273	0.0129762
16	0.0706344	0.00262969	0.0336059	0.0974347	0.00317675	0.0111667	0.00841162	0.0150147	0.376669	0.0145329	0.00795266	0.02103	0.0392115	0.105583	0.0577161	0.063972	0.0509174	0.0156475	0.00196788	0.0027259
17	0.0150553	0.00816396	0.212692	0.0479916	0.00219444	0.262159	0.0695774	0.00398836	0.0366822	0.00443357	0.00335676	0.258741	0.00902351	0.00598072	0.0145956	0.00597916	0.00553684	0.00462561	0.000974482	0.0282481
18	0.00874619	0.00856653	0.00487926	0.00145274	0.31641	0.00234911	0.0592534	0.00254829	0.0018666	0.0302323	0.0255983	0.00530018	0.00796941	0.00850544	0.00148901	0.00293664	0.00275523	0.0100624	0.0350852	0.463993
19	0.0130902	0.00283023	0.699021	0.0870371	0.000659564	0.0124994	0.0168569	0.00122984	0.00713683	0.00165049	0.00112642	0.0905702	0.00848968	0.00191823	0.0017612	0.0446536	0.00690968	0.00149581	0.000339769	0.000723918
20	0.00649386	0.0112622	0.000652382	0.00275145	0.00287171	0.00099648	0.00339111	0.330951	0.00383179	0.0314252	0.0198118	0.00537016	0.00106012	0.00267898	0.0026237	0.0156847	0.0206566	0.536219	0.000401802	0.000865915
21	0.00235915	0.00124151	0.000769157	0.00217225	0.000960609	0.00115182	0.00403196	0.00178134	0.0752299	0.0403449	0.0149116	0.0013635	0.0015716	0.00493588	0.820459	0.00903113	0.00630618	0.00832477	0.000472712	0.0025812
22	0.0444605	0.00971779	0.00943875	0.00271734	0.000999755	0.0221223	0.00959162	0.00587301	0.00586515	0.00414079	0.00473788	0.0333624	0.0114369	0.00161388	0.00485251	0.468617	0.35196	0.00419615	0.000398259	0.00389797
23	0.13137	0.00774258	0.00722664	0.0137969	0.00244954	0.133403	0.0104509	0.00876476	0.0275752	0.0130894	0.00595299	0.121987	0.00863116	0.0111497	0.00712144	0.318718	0.148113	0.0102545	0.000985496	0.0112178
24	0.0567235	0.027995	0.0163223	0.0220579	0.0223425	0.0316971	0.183635	0.0201332	0.0422259	0.036571	0.0249541	0.0558301	0.0138325	0.0360633	0.0348772	0.198856	0.0904205	0.0356	0.00559305	0.0442694
25	0.00360478	0.0036073	0.00263041	0.00175204	0.500171	0.00168863	0.0190402	0.00251613	0.00261008	0.0128287	0.00767443	0.00367529	0.00293432	0.00354639	0.00176845	0.00362061	0.00338599	0.0120596	0.00673745	0.404149
26	0.0411041	0.0558962	0.00230605	0.00722003	0.00336563	0.00942399	0.00790194	0.0814059	0.00870085	0.0388959	0.0147186	0.00907498	0.00352185	0.00579506	0.00597193	0.0227943	0.120625	0.556662	0.00153898	0.00307686
27	0.0397444	0.0157842	0.0117054	0.0191782	0.0133719	0.0171052	0.0160797	0.0864585	0.0210927	0.175635	0.0368439	0.0218444	0.219207	0.0273079	0.0134639	0.052357	0.0457829	0.149628	0.00441968	0.0129895
28	0.0152045	0.00570928	0.00171859	0.00255266	0.0068775	0.00131465	0.0136301	0.347135	0.00181195	0.449007	0.03846	0.00287495	0.00203167	0.00328013	0.00294589	0.00596876	0.019893	0.0684308	0.00224814	0.00890597
29	0.116134	0.00204383	0.0425878	0.0595641	0.00352106	0.0364848	0.00759048	0.00931901	0.0711103	0.0154035	0.00668396	0.0258332	0.222076	0.0738959	0.020203	0.174298	0.0772935	0.0337929	0.00052148	0.00164311
30	0.153609	0.155198	0.00134445	0.0269145	0.0412936	0.00195832	0.0830571	0.00807536	0.00261185	0.00563151	0.0176022	0.167529	0.00156212	0.00291539	0.00214615	0.223282	0.0658029	0.00747045	0.00436746	0.0276286
31	0.0118964	0.0101331	0.00180062	0.00369144	0.000732631	0.886513	0.00231115	0.00203878	0.00515439	0.00234932	0.00182914	0.00786188	0.00170674	0.00239149	0.0014388	0.0385905	0.0133446	0.00470296	0.000395163	0.00111811
32	0.0851271	0.195569	0.00127096	0.00959742	0.0463468	0.00224506	0.0629287	0.0152748	0.00315604	0.00445979	0.0186846	0.0932577	0.00165609	0.00307922	0.0023001	0.334876	0.0342517	0.0160357	0.0142699	0.0556135
33	0.0516895	0.00707832	0.00895087	0.00544965	0.00111042	0.0162236	0.00713694	0.00410417	0.00589739	0.00654125	0.00937727	0.0702738	0.0179442	0.00233667	0.00452529	0.472553	0.30103	0.00339818	0.000505945	0.00387369
34	0.0585392	0.00720659	0.0591296	0.06575	0.00751448	0.0270403	0.0111792	0.0120409	0.0553901	0.0235941	0.0180762	0.0401905	0.405863	0.0314035	0.0177233	0.0781026	0.0455726	0.0200839	0.00294033	0.0126595
35	0.0153188	0.0099975	0.00344359	0.00637166	0.0172575	0.0369557	0.050041	0.0894116	0.00996085	0.468403	0.0436302	0.00919528	0.00626872	0.00831944	0.00561776	0.0156629	0.0555788	0.0242301	0.00532132	0.119015
36	0.0280513	0.00863271	0.0150815	0.0181505	0.00797867	0.00153547	0.0240275	0.0117222	0.413414	0.0148521	0.00825265	0.0578331	0.00218285	0.0600325	0.199059	0.0897793	0.0258572	0.00284415	0.00733069	0.00338226
37	0.00775779	0.00209622	0.00383211	0.00871693	0.00238864	0.00333401	0.0118718	0.00473787	0.113917	0.030752	0.013552	0.00910372	0.00935755	0.0137655	0.713732	0.0207424	0.0137256	0.0101571	0.0010883	0.00537055
38	0.0367065	0.0020004	0.100204	0.119818	0.00838098	0.0258848	0.00251645	0.00229148	0.0758116	0.00423368	0.0214002	0.0755484	0.375934	0.0360249	0.0201361	0.0422448	0.044272	0.00437378	0.000650623	0.00156717
39	0.00849143	0.00534366	0.00101685	0.00239862	0.00692776	0.00155425	0.00845288	0.543837	0.00232356	0.253053	0.0763624	0.00307143	0.00143409	0.0028068	0.0039131	0.00662643	0.0125412	0.0506711	0.00110769	0.00806669
40	0.134596	0.0012995	0.0405471	0.0644134	0.00396624	0.0285912	0.012535	0.0153402	0.162492	0.019702	0.00520104	0.0370999	0.03575	0.127519	0.039824	0.173713	0.0748048	0.0218296	0.000295486	0.000481456
41	0.0091783	0.000763541	0.233525	0.5933	0.000629803	0.00442985	0.00120564	0.0079017	0.00436192	0.0014353	0.00511256	0.0136422	0.00493716	0.0504117	0.00114612	0.0290397	0.0315314	0.00655489	0.000234703	0.000658039
42	0.0118731	0.00748308	0.0034358	0.00578663	0.0342516	0.0096284	0.316372	0.007609	0.0071441	0.0182916	0.0190992	0.00845246	0.00626294	0.0202319	0.023242	0.0144598	0.0135224	0.0279055	0.0147909	0.430157
43	0.00437679	0.00560507	0.000463039	0.00184073	0.0185713	0.000926715	0.00180304	0.363821	0.00209802	0.151326	0.0181729	0.00271072	0.00080546	0.00271737	0.0016174	0.00839146	0.00914025	0.402372	0.00024556	0.00299439
44	0.023329	0.00497583	0.0166641	0.0216066	0.00125086	0.00101328	0.0237464	0.0124787	0.46062	0.0072078	0.0027232	0.0509063	0.00082468	0.049209	0.199569	0.0850155	0.0262259	0.00237051	0.00886836	0.00139481
45	0.0942412	0.0199845	0.00672946	0.00525713	0.00194683	0.0555582	0.0218826	0.0133259	0.00934923	0.00917511	0.00647652	0.0264074	0.00750425	0.00457817	0.00468761	0.397756	0.250694	0.0130623	0.000846873	0.0505361
46	0.210442	0.0219512	0.00483125	0.00745074	0.00255123	0.642553	0.00421599	0.00346293	0.00962277	0.00592447	0.00390437	0.0101808	0.0034918	0.00645467	0.0038649	0.0314955	0.0113462	0.0120379	0.00115792	0.0030605
47	0.0342664	0.0781813	0.00264669	0.00539944	0.0838424	0.00396595	0.00580031	0.396897	0.00601277	0.0469074	0.0637961	0.00761448	0.00320806	0.00672589	0.00462119	0.014887	0.00984877	0.150895	0.00135967	0.0731248
48	0.00611529	0.0141721	0.00113924	0.00382507	0.0182029	0.00194156	0.00346296	0.645208	0.0040301	0.0743494	0.143947	0.00361014	0.00157695	0.00301267	0.00292808	0.0060256	0.00587684	0.0388612	0.000950986	0.0207636
49	0.0495611	0.0151614	0.0586227	0.090054	0.0111957	0.0573505	0.0322104	0.0203423	0.0897668	0.0302447	0.0168036	0.160005	0.0329171	0.104831	0.0451594	0.0896577	0.0569311	0.0230382	0.00404477	0.0121018
50	0.0154771	0.0242969	0.0012066	0.00387869	0.0167059	0.00157443	0.00630309	0.118072	0.00403273	0.467691	0.0897527	0.00599424	0.00284042	0.0347677	0.00709533	0.0143118	0.0320434	0.147767	0.0014435	0.00474495
51	0.035889	0.00422128	0.305058	0.194909	0.00457498	0.0272799	0.0131288	0.00893616	0.0421647	0.00998427	0.0102762	0.0500108	0.0400744	0.0478326	0.0127401	0.0907878	0.0807166	0.015915	0.00167263	0.00382756
52	0.0383454	0.00585939	0.0214598	0.0394349	0.0101949	0.0149537	0.0181454	0.0162771	0.41187	0.0213394	0.0128942	0.0324912	0.0320025	0.0542542	0.137063	0.0579783	0.0380627	0.0220108	0.00469972	0.0106635
53	0.0512371	0.00266119	0.0786692	0.0684175	0.00477888	0.0290927	0.00455661	0.00412993	0.0438107	0.0102551	0.0126366	0.0432055	0.416632	0.0292575	0.0132052	0.10363	0.0682082	0.0124798	0.00100313	0.00213356
54	0.427361	0.0554404	0.000585359	0.00145208	0.000955941	0.00226422	0.00179473	0.00747529	0.00159032	0.00386076	0.00245381	0.00148933	0.0285496	0.00222983	0.00111921	0.392474	0.0421829	0.0203254	0.000400689	0.00599503
55	0.031604	0.00778942	0.178132	0.0963932	0.00379706	0.185296	0.0442568	0.00518762	0.045053	0.00743368	0.00618639	0.2111	0.0347616	0.0277995	0.0175392	0.0474264	0.0233006	0.00855378	0.00183099	0.016558
56	0.0430238	0.00473619	0.0813714	0.110663	0.00686261	0.0283583	0.00620937	0.00552751	0.0653847	0.0129599	0.0166536	0.0526478	0.382055	0.038889	0.0194721	0.0597671	0.0473142	0.0130732	0.00168718	0.00334381
57	0.105897	0.0437519	0.0111534	0.0198368	0.013905	0.0224697	0.0200511	0.07107	0.0246502	0.059425	0.0212887	0.0214083	0.0282304	0.0229009	0.0153333	0.222975	0.0650994	0.19781	0.0031392	0.00960539
58	0.0701518	0.0257566	0.0365623	0.0354952	0.00980304	0.0438568	0.021438	0.0131733	0.0432485	0.0170522	0.0106188	0.129422	0.0175176	0.0281742	0.0206489	0.315728	0.134254	0.0143201	0.00220691	0.0105722
59	0.0156443	0.0116836	0.00729719	0.00550851	0.0918859	0.0130383	0.211775	0.00680831	0.00704384	0.0291802	0.0260899	0.0145601	0.00968683	0.0191008	0.0158893	0.0197212	0.0177855	0.0246518	0.0275493	0.4251
60	0.0443522	0.00559583	0.169332	0.338341	0.0047638	0.018879	0.0137306	0.0105817	0.0572461	0.013417	0.0103917	0.0410401	0.0245185	0.0662305	0.0172717	0.0937655	0.0462475	0.0165931	0.00245145	0.00525095
61	0.0117571	0.0117149	0.000766258	0.00261218	0.0191373	0.00128655	0.00451359	0.300517	0.00374952	0.186031	0.0263563	0.00542676	0.0016455	0.00608554	0.00351195	0.0156537	0.0160227	0.376965	0.000914638	0.00533365
62	0.0166474	0.0157999	0.001614	0.00660063	0.0198633	0.00316036	0.00741875	0.214188	0.00774838	0.240072	0.0402298	0.00821766	0.00345025	0.0186398	0.00677719	0.0248226	0.0311242	0.324118	0.00137334	0.00813447
63	0.443938	0.0452776	0.000658231	0.00147014	0.000860883	0.00377841	0.00263828	0.00953638	0.00166706	0.00468836	0.00357645	0.0015928	0.0253625	0.00298692	0.00107119	0.37903	0.0465145	0.0196557	0.000506673	0.00519051
64	0.0345256	0.0228954	0.0121679	0.0185705	0.0665757	0.0168295	0.0540645	0.0268387	0.0610263	0.0799357	0.0390287	0.0243196	0.0163173	0.0281621	0.0315905	0.0488218	0.0374074	0.041265	0.167979	0.171679
65	0.0060788	0.00784953	0.000341217	0.00134752	0.00162794	0.000503375	0.00381948	0.655828	0.00115726	0.0916683	0.013001	0.0130755	0.00091185	0.00308016	0.00178459	0.00592315	0.0118265	0.174186	0.000218933	0.00577084
66	0.0203151	0.00239185	0.00621483	0.0213503	0.0010405	0.00140016	0.00995983	0.00590245	0.622126	0.00681487	0.00213679	0.017707	0.0191224	0.0346703	0.162469	0.0297511	0.0227311	0.00800045	0.00314242	0.00275313
67	0.00912711	0.00185932	0.00225133	0.0213328	0.00133703	0.00133701	0.0236897	0.00394445	0.287071	0.0117881	0.00535262	0.00625333	0.0158164	0.0221156	0.515816	0.0197776	0.0288711	0.00629612	0.00130004	0.0146631
68	0.0826887	0.181749	0.00128981	0.00245464	0.00225007	0.0124202	0.00475017	0.0302504	0.00336542	0.00662119	0.0199165	0.0170429	0.00193977	0.00306388	0.0021079	0.0769015	0.0439959	0.503725	0.00133236	0.00213451
69	0.0091783	0.000763541	0.233525	0.5933	0.000629803	0.00442985	0.00120564	0.0079017	0.00436192	0.0014353	0.00511256	0.0136422	0.00493716	0.0504117	0.00114612	0.0290397	0.0315314	0.00655489	0.000234703	0.000658039
70	0.0175874	0.00344084	0.00854452	0.022623	0.00255607	0.0019315	0.0167637	0.00981288	0.444224	0.0135545	0.00781499	0.0232009	0.0138129	0.0361249	0.289065	0.0383785	0.0264857	0.0147214	0.00400952	0.00534792
71	0.0598953	0.0280332	0.0259089	0.0366402	0.00983586	0.0291284	0.0294321	0.0271327	0.0474711	0.0489367	0.0193359	0.0432677	0.0235554	0.0247097	0.0217955	0.192389	0.251243	0.0628096	0.00353326	0.0149457
72	0.0193838	0.0097482	0.00304761	0.00442498	0.000723975	0.911572	0.00285501	0.00235108	0.00561407	0.00227746	0.00170635	0.00728905	0.00183519	0.00189964	0.00201971	0.0150781	0.00306649	0.00244692	0.000409071	0.00225145
73	0.0315501	0.0166613	0.0269621	0.028682	0.0304241	0.0274644	0.243412	0.0250909	0.0462487	0.0586799	0.0291101	0.0479107	0.0182224	0.0399707	0.0490532	0.052331	0.0524487	0.0427481	0.00979056	0.123239
74	0.325189	0.0411274	0.0069927	0.0117357	0.00350588	0.0135842	0.00792557	0.0119644	0.017412	0.013781	0.00788214	0.0206336	0.0234962	0.0120148	0.00724951	0.372149	0.0749211	0.0207152	0.000957336	0.00676334
75	0.012567	0.0110148	0.005503	0.00489305	0.000918613	0.907255	0.00306196	0.00232568	0.00606113	0.00308848	0.00193953	0.00761007	0.00133777	0.00273169	0.00234026	0.0183564	0.00390131	0.00316293	0.000445388	0.00148579
76	0.0674877	0.0179081	0.0264581	0.0326731	0.00849134	0.0243754	0.0242083	0.0257693	0.0576162	0.057039	0.0251053	0.0371578	0.0337739	0.0287544	0.0257073	0.20681	0.23536	0.0498436	0.00402489	0.0114364
77	0.0145125	0.00789695	0.00166669	0.00603617	0.0240539	0.00288263	0.0103017	0.0935703	0.011592	0.621421	0.0762822	0.00609929	0.00274754	0.0119135	0.00585139	0.0114219	0.0195217	0.0563938	0.00294015	0.0128953
78	0.0201357	0.0037715	0.504194	0.164509	0.00147661	0.0327192	0.01921	0.004694	0.0230954	0.00742679	0.00602004	0.0769038	0.0238001	0.0222576	0.00751976	0.047268	0.0213271	0.00745667	0.00110824	0.00510647
79	0.0557114	0.00953776	0.0575337	0.0571442	0.00897257	0.0264967	0.00992376	0.0082578	0.0680098	0.0236638	0.0168948	0.0345532	0.399874	0.0307677	0.025076	0.082848	0.0489432	0.0185619	0.00274146	0.0144883
80	0.126486	0.00202175	0.0377835	0.0592866	0.00452412	0.0332321	0.0133892	0.0156742	0.181156	0.0194041	0.006217	0.0393916	0.0327155	0.131266	0.0427722	0.162684	0.0691973	0.0209489	0.000827516	0.00102181
81	0.047502	0.0712295	0.00116075	0.00476531	0.0014482	0.0180052	0.00721827	0.0532287	0.00248375	0.00843181	0.00768201	0.0042415	0.00229151	0.00286783	0.00265684	0.0192033	0.0869525	0.654211	0.00174679	0.0026735
82	0.0461774	0.00829209	0.0108024	0.00320932	0.00100681	0.0237561	0.00945694	0.00577855	0.00608775	0.00462675	0.00499981	0.0348468	0.011931	0.00192622	0.00501266	0.478463	0.334307	0.00460366	0.000458652	0.00425763
83	0.0174313	0.00984897	0.00472813	0.00470324	0.00165249	0.885884	0.00357759	0.00224927	0.00691732	0.00461084	0.00192222	0.0111784	0.00255115	0.00469727	0.00340818	0.0228734	0.00640679	0.00349554	0.000431092	0.00143263
84	0.130195	0.413856	0.00287974	0.00451133	0.00452517	0.0507564	0.00625386	0.00834692	0.00680288	0.00769007	0.0112865	0.0640083	0.00288699	0.00621559	0.00455557	0.0994437	0.0280003	0.142426	0.00154838	0.00381175
85	0.0617452	0.00864475	0.005264	0.0130358	0.0216057	0.00536249	0.0124074	0.0697631	0.0190378	0.538606	0.0691309	0.0102973	0.00725282	0.0209569	0.00859448	0.0302215	0.0292124	0.051479	0.00381	0.0135723
86	0.0187707	0.0221548	0.00208037	0.00473754	0.00952576	0.0028165	0.00923181	0.231815	0.00368478	0.384226	0.0503946	0.00744608	0.00315737	0.0182662	0.00624373	0.0181622	0.0606403	0.134298	0.00233751	0.0100105
87	0.00830337	0.0133381	0.000881422	0.00230664	0.0115813	0.00102849	0.0032589	0.333445	0.00371264	0.0418036	0.0162848	0.00458319	0.000797808	0.00448645	0.00260373	0.0212708	0.0146584	0.514058	0.000315053	0.00128284
88	0.120893	0.292571	0.00549371	0.00979825	0.0197928	0.04453	0.0221703	0.0518666	0.0137818	0.0322973	0.0228686	0.0294625	0.00980495	0.0145555	0.013438	0.0982134	0.0520075	0.113698	0.0067161	0.0260405
89	0.0036337	0.00678114	0.00032398	0.000747944	0.00134581	0.000494452	0.00373389	0.698059	0.00073362	0.0839651	0.00858776	0.0109417	0.000418878	0.00336533	0.00108336	0.00415907	0.00982287	0.155261	0.000219265	0.0063219
90	0.0130902	0.00283023	0.699021	0.0870371	0.000659564	0.0124994	0.0168569	0.00122984	0.00713683	0.00165049	0.00112642	0.0905702	0.00848968	0.00191823	0.0017612	0.0446536	0.00690968	0.00149581	0.000339769	0.000723918
91	0.00629278	0.00180509	0.00347641	0.0067678	0.00126179	0.0011495	0.0121968	0.00328276	0.147505	0.0229932	0.00977049	0.00891051	0.00302328	0.0120779	0.708764	0.0268746	0.0122637	0.00538735	0.00161653	0.004581
92	0.308222	0.02892	0.00412969	0.00391106	0.00129911	0.0153375	0.00674881	0.0088716	0.0055837	0.00728765	0.00603168	0.0190359	0.0208901	0.00495945	0.00300512	0.382745	0.148359	0.0172643	0.000572206	0.00682716
93	0.0360584	0.0176377	0.00687613	0.0185188	0.0141691	0.0110701	0.0177394	0.0652907	0.034652	0.286287	0.0718719	0.0171775	0.0170243	0.0359132	0.0194331	0.0625528	0.154385	0.0952865	0.00385933	0.0141971
94	0.0240097	0.00456297	0.00955827	0.0274685	0.00561733	0.00747626	0.0202033	0.0152261	0.16335	0.0313432	0.018814	0.0200017	0.0100119	0.0680558	0.469043	0.0404969	0.029354	0.0219105	0.00449005	0.00900625
95	0.0110351	0.00461956	0.000859464	0.00322253	0.0219428	0.00173207	0.00848729	0.0520098	0.00928362	0.69128	0.11151	0.00425437	0.00158268	0.0109222	0.0030815	0.00563286	0.0151187	0.0287486	0.0029261	0.0117511
96	0.236312	0.0578889	0.000941654	0.00306661	0.00127472	0.00941021	0.00480833	0.0322976	0.00297678	0.00765228	0.0104101	0.00297376	0.0151759	0.00471576	0.00156263	0.170894	0.0588675	0.374352	0.000544364	0.00387441
97	0.0303408	0.00789615	0.0204997	0.0249207	0.00742958	0.0172334	0.0708361	0.0187829	0.356817	0.0224601	0.0123609	0.0463028	0.0126333	0.0398637	0.166577	0.0650933	0.0371901	0.0194545	0.00703958	0.016268
98	0.273101	0.0326344	0.00318909	0.00538549	0.00267394	0.00775095	0.00439529	0.00687252	0.00412352	0.00773422	0.00515186	0.0110147	0.0244922	0.00410675	0.00339447	0.510187	0.070412	0.0168968	0.000939069	0.00554454
99	0.0850448	0.00786017	0.0164204	0.0223655	0.00240897	0.0782081	0.00778242	0.00736803	0.0125013	0.0215594	0.00555523	0.113238	0.0112046	0.00845981	0.00499471	0.43234	0.136502	0.00832079	0.000967437	0.0168979
100	0.263255	0.0210701	0.005948	0.0141439	0.0147213	0.0140675	0.0647221	0.0253211	0.0252573	0.0897457	0.069624	0.0253846	0.00945545	0.0284242	0.0151982	0.205867	0.059714	0.0306444	0.00397804	0.0134578
101	0.0100279	0.00905441	0.00311973	0.00403735	0.000722359	0.890636	0.00245073	0.00181352	0.00614206	0.00281075	0.00196539	0.00875146	0.00234843	0.00284608	0.00181302	0.0363685	0.010935	0.00248329	0.000359692	0.00131467
102	0.0352164	0.0121588	0.0114227	0.032455	0.0140351	0.0089505	0.0174691	0.0503812	0.312471	0.0402305	0.0332738	0.0272916	0.0152672	0.0528056	0.0829926	0.0384851	0.0584801	0.141737	0.00374887	0.011128
103	0.0223452	0.00490116	0.123335	0.360989	0.00529112	0.00808263	0.0141404	0.0177081	0.0373236	0.0360735	0.0428329	0.0164079	0.0204778	0.145637	0.0120142	0.0322795	0.0749837	0.0200443	0.00196309	0.00316939
104	0.0169044	0.0130208	0.00836501	0.00655756	0.149665	0.0112564	0.0951184	0.0209279	0.00694309	0.0517885	0.0335887	0.0109546	0.0083495	0.0128327	0.0115721	0.0134842	0.0109601	0.0195866	0.0323702	0.465754
105	0.0019431	0.00762341	0.000346437	0.000969849	0.00103436	0.000537439	0.00422836	0.464272	0.00278543	0.0194542	0.0115404	0.00287207	0.0003922	0.00287253	0.0019691	0.00677468	0.00553437	0.463115	0.000159982	0.00157525
106	0.190713	0.503957	0.00180843	0.00351694	0.00320591	0.0998857	0.00456999	0.00498374	0.00440196	0.00568264	0.00529274	0.0131004	0.00254061	0.00423312	0.00345861	0.0694316	0.0465445	0.0282727	0.00114158	0.00325872
107	0.00112602	0.00760212	0.000357029	0.000871919	0.000631167	0.000504486	0.00307354	0.445586	0.00330984	0.00653725	0.0111927	0.000810196	0.000344981	0.00280576	0.00168551	0.00672471	0.00417871	0.502018	0.000158084	0.000482211
108	0.0240609	0.0340441	0.00110515	0.00234493	0.077012	0.00165755	0.00428992	0.239068	0.00306909	0.17796	0.0168958	0.00341245	0.00174593	0.00730247	0.00251364	0.0244397	0.00787918	0.356912	0.00110185	0.0131853
109	0.0246413	0.00474404	0.0167579	0.025746	0.00137861	0.00116171	0.0262366	0.0156113	0.447232	0.00817153	0.00351912	0.0492525	0.00143548	0.0504006	0.201744	0.0798978	0.0260836	0.00382046	0.0101032	0.00206152
110	0.0133129	0.0119405	0.00598929	0.00944748	0.538333	0.00765277	0.0188282	0.0125554	0.0100665	0.114067	0.0140931	0.0113903	0.00732981	0.00999707	0.00734192	0.0159635	0.0175332	0.0196027	0.0072375	0.147319
111	0.0846165	0.0181912	0.0267224	0.0222108	0.027667	0.0110464	0.013378	0.0149683	0.184392	0.0306069	0.039918	0.0550267	0.0132592	0.0845668	0.119865	0.159058	0.0715586	0.0133664	0.00162937	0.00795221
112	0.00942437	0.00251376	0.000374659	0.000927279	0.0272204	0.00138187	0.00767388	0.027773	0.00922752	0.765412	0.103466	0.00396928	0.000844349	0.00399121	0.00191912	0.00246712	0.00924022	0.00903355	0.00282665	0.010314
113	0.0150858	0.00362523	0.00158336	0.0202156	0.0107558	0.00312055	0.0143354	0.0401175	0.319868	0.0198656	0.0485523	0.0327189	0.00982509	0.0714352	0.125655	0.00878992	0.0886181	0.151048	0.00280488	0.0119801
114	0.0217947	0.0432175	0.0021039	0.00427087	0.00115404	0.849579	0.00262424	0.00218916	0.00585498	0.00338648	0.00262892	0.0068691	0.00279646	0.00220169	0.0017061	0.0299277	0.00905139	0.00602138	0.000575599	0.00204705
115	0.253372	0.0233793	0.0149797	0.0157	0.00257007	0.016706	0.00461946	0.00676168	0.00667502	0.0136758	0.00581474	0.00588866	0.258005	0.0101663	0.00321329	0.278853	0.0488963	0.024307	0.00136585	0.00505044
116	0.0144795	0.026683	0.00193175	0.00476326	0.0170248	0.00311735	0.00501465	0.106113	0.00580356	0.45786	0.0711214	0.00404156	0.00351827	0.0707769	0.00677728	0.0138607	0.0248905	0.157225	0.00130456	0.00369275
117	0.0134391	0.0127683	0.00675037	0.00174815	0.243965	0.00371837	0.0804453	0.00433475	0.00284312	0.0506554	0.0338792	0.00729763	0.011511	0.012689	0.00215312	0.00393925	0.00362625	0.0113713	0.0540762	0.438789
118	0.0451973	0.0146217	0.0436046	0.126792	0.0158744	0.0185888	0.0362423	0.0292145	0.0884717	0.074636	0.0420118	0.0278838	0.0218243	0.196093	0.0395316	0.0595191	0.0528373	0.0354325	0.00517963	0.0264436
119	0.00265641	0.00152549	0.000889816	0.00304737	0.00115796	0.00119334	0.00553081	0.00208628	0.0868907	0.0424936	0.0143589	0.00178719	0.00212977	0.00532465	0.798303	0.0099656	0.00870427	0.00840094	0.000494104	0.00306028
120	0.0590576	0.00905776	0.0577143	0.059471	0.00653629	0.0286582	0.00930423	0.0110829	0.0484911	0.0221002	0.0156079	0.0367025	0.43605	0.0292595	0.0157231	0.0781082	0.0486725	0.0200196	0.00178833	0.00659454
121	0.0585589	0.00832324	0.0648152	0.0641285	0.00865876	0.0277169	0.00855127	0.00914534	0.0518524	0.0203	0.0170155	0.0389056	0.416634	0.0305427	0.0182122	0.0812632	0.0490861	0.0188522	0.00153173	0.00590642
122	0.0710086	0.0131823	0.0030949	0.0253814	0.0275129	0.00496901	0.0144786	0.0568841	0.0719996	0.292615	0.0565466	0.00960808	0.00367658	0.0825628	0.0198737	0.0470598	0.05546	0.13414	0.00521437	0.0047316
123	0.0370688	0.013061	0.00282957	0.0566922	0.00967467	0.00440283	0.0110049	0.302256	0.0889234	0.0632556	0.086054	0.018953	0.00481228	0.038916	0.0314634	0.0202212	0.0398822	0.157519	0.00484986	0.00816061
124	0.417815	0.0693199	0.000693092	0.00163068	0.00125088	0.00441605	0.0021406	0.00742029	0.00179373	0.0039608	0.00260322	0.00229257	0.0276504	0.00254847	0.00117214	0.383619	0.0423698	0.0207187	0.00041966	0.0061653
125	0.304143	0.0531949	0.0266491	0.0287215	0.00723626	0.0596476	0.013877	0.0198987	0.0387641	0.0308843	0.0148485	0.0238645	0.035861	0.0225556	0.0142244	0.200141	0.0565283	0.0363372	0.00294273	0.00967973
126	0.0372545	0.0364251	0.00456773	0.0072084	0.0144484	0.00882605	0.0104217	0.196606	0.0109451	0.0818844	0.0220444	0.00968985	0.0044071	0.00999732	0.00687235	0.0303969	0.0379557	0.462758	0.00112891	0.00616244
127	0.0378063	0.00713559	0.0262014	0.0473336	0.00690586	0.0114321	0.0182252	0.01581	0.42028	0.024021	0.013286	0.0327188	0.0270944	0.0522995	0.131505	0.0574525	0.0386872	0.0210203	0.00427598	0.00650935
128	0.00786717	0.00252566	0.00341989	0.00956265	0.00208539	0.00222212	0.014204	0.00497758	0.179535	0.0250302	0.0109697	0.0101546	0.00545755	0.0157346	0.648849	0.0245442	0.0163322	0.0079566	0.00193922	0.00663216
129	0.0438819	0.00492457	0.0978481	0.270012	0.00425725	0.01427	0.0161052	0.0137267	0.0545241	0.0244876	0.0118626	0.0306168	0.00953322	0.233639	0.0350797	0.0740885	0.039037	0.0154343	0.00196726	0.00470468
130	0.0180808	0.00941573	0.00257738	0.00572323	0.0221576	0.00458454	0.0123892	0.0968437	0.0177037	0.56445	0.0758957	0.00966273	0.00624075	0.0158701	0.00993755	0.0184588	0.0270486	0.0563155	0.00651055	0.0201338
131	0.00870141	0.00425151	0.00563829	0.00702104	0.00328846	0.00564672	0.0131445	0.00588856	0.105205	0.0329299	0.0156565	0.00882407	0.00469369	0.013263	0.708796	0.0202849	0.0162424	0.0120039	0.00151508	0.0070055
132	0.00108957	0.0076209	0.000373772	0.000872942	0.000657918	0.000528235	0.00302096	0.441739	0.00328086	0.00721864	0.0111454	0.000829663	0.000336792	0.00278136	0.00173609	0.00672529	0.00436802	0.505019	0.000159197	0.00049596
133	0.0093031	0.00326966	0.00385789	0.00829255	0.0030008	0.00418821	0.0139101	0.00606368	0.119023	0.0343618	0.0147213	0.00799739	0.00567385	0.016139	0.69009	0.0229306	0.015612	0.0133537	0.0012286	0.00698289
134	0.0672798	0.0221598	0.00849685	0.0324783	0.00619003	0.0426679	0.0166568	0.0124664	0.0140895	0.0158766	0.00947431	0.172671	0.0113723	0.0115588	0.00839164	0.321691	0.20687	0.00823189	0.00173317	0.00964398
135	0.00255202	0.00929448	0.000432022	0.000997972	0.00238819	0.000733155	0.00294353	0.427175	0.00323285	0.0143436	0.0120103	0.00116822	0.000441887	0.00296945	0.00178947	0.00784311	0.00594519	0.50295	0.000162481	0.00062666
136	0.0117445	0.00939615	0.00424203	0.00239836	0.08302	0.00737991	0.144105	0.00352866	0.00278748	0.0292137	0.0302344	0.00584969	0.00825002	0.0106612	0.00553675	0.0057613	0.00498063	0.0148679	0.0337051	0.582337
137	0.0259939	0.000724382	0.231997	0.463997	0.000441491	0.0117414	0.00400362	0.00440251	0.0325161	0.00118516	0.00514745	0.0355413	0.00286193	0.0762594	0.00447365	0.0490746	0.0380592	0.00939156	0.000232493	0.00195578
138	0.114746	0.0414132	0.00583166	0.0153028	0.00759392	0.0204685	0.0151677	0.0300142	0.00860148	0.0320393	0.00983484	0.215998	0.00562493	0.00610176	0.00412942	0.282999	0.162925	0.0103676	0.00166978	0.00917166
139	0.026274	0.00451209	0.0257615	0.0317065	0.0012312	0.00219473	0.0234531	0.013183	0.441201	0.00729274	0.00300161	0.0512809	0.0027105	0.0528105	0.1862	0.0844855	0.0278196	0.00365444	0.00972318	0.00150446
140	0.00844759	0.00148929	0.000321238	0.000571679	0.0248595	0.00122559	0.00693347	0.0256062	0.00820556	0.793591	0.0955415	0.0035368	0.000391578	0.00125646	0.000692215	0.00137317	0.00790667	0.00434143	0.00273388	0.0109755
141	0.0104944	0.0123977	0.0018684	0.00264376	0.0220528	0.00352739	0.0152744	0.221569	0.00177022	0.540998	0.0212829	0.00280241	0.00195345	0.0044694	0.00153901	0.00448869	0.0150635	0.0710732	0.00846468	0.0362663
142	0.0111894	0.000852974	0.234228	0.572957	0.000616408	0.00523382	0.00158298	0.00761237	0.00822302	0.00146558	0.00556257	0.0157852	0.0046206	0.0546181	0.00160534	0.03126	0.0339119	0.00748267	0.000290914	0.000900476
143	0.0034658	0.0034085	0.00253361	0.00193966	0.50943	0.00166827	0.017563	0.00251919	0.00274586	0.0124933	0.00706112	0.00370642	0.00273639	0.00346841	0.00176815	0.00369105	0.00344471	0.0123116	0.00599951	0.398046
144	0.0142034	0.00489986	0.490106	0.0625301	0.00219417	0.0634097	0.0313058	0.00358781	0.0161914	0.00509655	0.00267708	0.228922	0.00731143	0.00530666	0.0066534	0.0313091	0.0118397	0.00359563	0.000770504	0.00809017
145	0.040258	0.00200465	0.0946963	0.128995	0.0097356	0.0246376	0.00250702	0.00243373	0.0819145	0.00380986	0.0260185	0.0760532	0.354002	0.0416097	0.0203795	0.0418976	0.0424965	0.00420729	0.000665137	0.00167921
146	0.0474839	0.000726747	0.241181	0.315204	0.000472988	0.0241543	0.00787857	0.00111223	0.0727397	0.00111035	0.00326147	0.0617053	0.00109833	0.0793461	0.00851264	0.0730263	0.0418517	0.0151382	0.000273926	0.00372197
147	0.0232256	0.0048482	0.0170436	0.0222604	0.00119862	0.0010134	0.0240859	0.0127743	0.461552	0.00714485	0.00269066	0.0506105	0.000823393	0.0493695	0.199089	0.0834981	0.0260447	0.00231513	0.00901892	0.00139331
148	0.0314609	0.0042559	0.0144959	0.013722	0.00298755	0.217905	0.0529439	0.00559216	0.0560291	0.00576536	0.00549033	0.337978	0.00856935	0.0698769	0.083655	0.0558354	0.0207487	0.00645548	0.001377	0.00485582
149	0.00850247	0.0184873	0.00117855	0.00308718	0.0230248	0.00202369	0.00771901	0.101296	0.00306232	0.453345	0.151282	0.00550064	0.00443166	0.07631	0.00661594	0.0116233	0.0309594	0.087573	0.000964245	0.00301412
150	0.412796	0.0218955	0.00106787	0.00219434	0.00148453	0.487718	0.0026196	0.00297557	0.00274974	0.0035398	0.00268678	0.00245164	0.00151917	0.00240813	0.00183973	0.0237465	0.00443858	0.01945	0.000682375	0.00173582
151	0.00431488	0.00622351	0.000460477	0.00195621	0.0175547	0.000915548	0.00182188	0.301698	0.00263607	0.132134	0.0184735	0.00126107	0.000825718	0.00256268	0.00209947	0.0097879	0.00951716	0.483615	0.000237946	0.00190416
152	0.0166843	0.0267343	0.00128032	0.00271072	0.0664916	0.00173138	0.0051276	0.310227	0.00240988	0.205226	0.0238537	0.00385855	0.00181052	0.00489534	0.00212659	0.0138437	0.0088343	0.275843	0.00182753	0.0244833
153	0.0221858	0.00551278	0.0158713	0.0342131	0.0024644	0.00244477	0.0330891	0.0239519	0.394119	0.0103454	0.00511043	0.0510959	0.00226791	0.0432989	0.215418	0.0796657	0.0256025	0.00577551	0.0243218	0.00324527
154	0.0450305	0.0415204	0.00114225	0.00672906	0.00316542	0.00304659	0.00706246	0.187281	0.00440596	0.0828604	0.0451077	0.0236797	0.00484919	0.0022429	0.00691923	0.0253626	0.0483103	0.459087	0.000390511	0.00180718
155	0.0335497	0.00432272	0.0213991	0.0296508	0.0014643	0.00383614	0.0269567	0.0166525	0.432466	0.00891328	0.00265159	0.0448032	0.00411601	0.0562572	0.165956	0.101857	0.0302356	0.00530161	0.00819439	0.00141605
156	0.122577	0.278741	0.00592978	0.0098057	0.0167601	0.0504968	0.0206661	0.0441288	0.013468	0.0373385	0.0206564	0.033961	0.00949857	0.011261	0.00855631	0.108685	0.0506479	0.129317	0.0042911	0.0232132
157	0.0275712	0.00904247	0.0107918	0.231359	0.00581984	0.00647254	0.0271144	0.0259391	0.0295702	0.0614625	0.0256997	0.00933823	0.00496195	0.421744	0.018528	0.0244512	0.033356	0.0186115	0.00292938	0.00523618
158	0.365876	0.0365232	0.00676108	0.0109298	0.00278084	0.0180013	0.00825635	0.0118837	0.0198395	0.014203	0.00907206	0.0160591	0.0290643	0.0163021	0.00737985	0.334151	0.0606933	0.0237013	0.00197384	0.00654788
159	0.0286855	0.0104769	0.00250982	0.00487473	0.000802309	0.863807	0.00348463	0.00310988	0.00768369	0.003864	0.00270272	0.0126134	0.00227418	0.00521286	0.00302068	0.0292012	0.00853048	0.00474577	0.000970175	0.00143048
160	0.0788324	0.0155777	0.0136335	0.0135316	0.0040301	0.0281375	0.0137937	0.00941676	0.0230844	0.0138222	0.0081287	0.0420954	0.0159121	0.0112689	0.0111724	0.385987	0.285811	0.0162472	0.00132647	0.00819101
161	0.0157558	0.0127732	0.00808609	0.00485064	0.153885	0.0119027	0.0880999	0.0117082	0.0113924	0.0395236	0.032925	0.0100676	0.0113522	0.0132863	0.00848747	0.0123386	0.00985953	0.0174253	0.0312784	0.495002
162	0.00307519	0.00803395	0.0004948	0.00215264	0.00423135	0.000856586	0.00291767	0.449134	0.00482164	0.02897	0.0442059	0.00265611	0.000780537	0.00384604	0.00177226	0.00896761	0.00676569	0.424181	0.000336929	0.00180053
163	0.00661772	0.00171766	0.00281241	0.00780479	0.00176892	0.00343696	0.0101414	0.00417834	0.110167	0.0295499	0.0132001	0.00583433	0.00658582	0.0129757	0.736499	0.0183235	0.0129349	0.00924904	0.000977909	0.00522524
164	0.0651445	0.0249475	0.0231484	0.0364181	0.00751305	0.0241699	0.0233734	0.0395496	0.0504505	0.0596139	0.0249535	0.0409732	0.0245071	0.0282151	0.0266767	0.202547	0.223101	0.0611993	0.00354527	0.00995299
165	0.00854806	0.0014729	0.000320023	0.00056793	0.0247848	0.00121974	0.00702483	0.0250957	0.00833452	0.793687	0.095981	0.00349244	0.000392978	0.00106907	0.000675669	0.00132561	0.00794732	0.00405121	0.00277072	0.011238
166	0.0570082	0.156857	0.00630848	0.0147573	0.147669	0.0132296	0.0390899	0.0580452	0.0182016	0.0677782	0.0323775	0.038456	0.0100296	0.0206051	0.0147276	0.0943226	0.0445888	0.0726895	0.0103687	0.08289
167	0.0513467	0.0228806	0.05588	0.129901	0.00791639	0.0176255	0.0143954	0.0511783	0.0505375	0.0503587	0.024348	0.0269353	0.0228938	0.0498441	0.0166603	0.065516	0.102029	0.229551	0.00358956	0.0066124
168	0.0333659	0.0190055	0.0248158	0.0201168	0.0324402	0.0284493	0.246645	0.0272363	0.0359296	0.0483376	0.031899	0.0510283	0.0121324	0.0369008	0.0427833	0.0530469	0.0536022	0.0540703	0.0133639	0.134831
169	0.0144159	0.00723986	0.00149401	0.00227972	0.0092584	0.000886221	0.00975559	0.262367	0.00139014	0.496785	0.042405	0.00333518	0.00193164	0.00516953	0.00216022	0.00507959	0.0178257	0.105406	0.00222549	0.00858991
170	0.0224668	0.00947712	0.0071875	0.00471079	0.000943841	0.89003	0.0037208	0.00300069	0.00587986	0.00324507	0.00180009	0.00921133	0.00140762	0.00213113	0.00210878	0.02002	0.00582887	0.0037201	0.000561544	0.00254826
171	0.012937	0.00928977	0.00346924	0.00488984	0.0405731	0.0130291	0.033372	0.0701136	0.008363	0.455088	0.0646126	0.00694351	0.00535771	0.00814867	0.00471567	0.0101007	0.0225985	0.0173014	0.011271	0.197826
172	0.00685203	0.00867656	0.000673231	0.00109783	0.0206012	0.00103821	0.00503702	0.113298	0.00337253	0.623947	0.0823725	0.00189079	0.000925647	0.0215256	0.00131226	0.0028245	0.0111128	0.0877601	0.0015337	0.00414867
173	0.0135878	0.0138159	0.00100598	0.00407345	0.0149038	0.0012342	0.00563561	0.106176	0.00392438	0.515944	0.109188	0.00462585	0.00272976	0.0288872	0.00690463	0.0116581	0.0348843	0.115177	0.00123644	0.00440836
174	0.0317102	0.0124038	0.00785596	0.00701933	0.00165872	0.860463	0.00374355	0.00397365	0.00942162	0.00317801	0.00268455	0.012904	0.00224202	0.00442696	0.00243672	0.0168922	0.00571206	0.00801053	0.00055799	0.00270519
175	0.0527519	0.0947528	0.000643039	0.00212784	0.00108694	0.00928798	0.00879944	0.0585974	0.00161542	0.00431443	0.00674241	0.00234308	0.000781314	0.00172862	0.00135149	0.0113596	0.0762558	0.663633	0.000621292	0.00120668
176	0.0253247	0.0104467	0.0809725	0.0880562	0.00391014	0.53452	0.0145275	0.00654055	0.0292186	0.00784133	0.00660562	0.0545696	0.0227177	0.0238523	0.00884881	0.0407412	0.021478	0.0108686	0.00118682	0.00777348
177	0.412796	0.0218955	0.00106787	0.00219434	0.00148453	0.487718	0.0026196	0.00297557	0.00274974	0.0035398	0.00268678	0.00245164	0.00151917	0.00240813	0.00183973	0.0237465	0.00443858	0.01945	0.000682375	0.00173582
178	0.019764	0.0104783	0.00655937	0.0128091	0.0112395	0.0126476	0.365521	0.0160456	0.0207631	0.0180845	0.0173683	0.0142561	0.00694509	0.0846656	0.0825111	0.0305379	0.0267462	0.117974	0.00356434	0.121519
179	0.0276927	0.0207558	0.00689189	0.0166319	0.0214908	0.00983337	0.0239958	0.109255	0.0315639	0.237735	0.19367	0.0189404	0.0146227	0.0321587	0.0285793	0.0422813	0.0553827	0.0678022	0.0044658	0.0362512
180	0.0943345	0.00516713	0.00309996	0.160516	0.0039109	0.0042872	0.0121572	0.106016	0.0978439	0.0896016	0.0290536	0.0100577	0.0038694	0.249868	0.029888	0.0131211	0.0309961	0.0457718	0.00674913	0.00369042
181	0.0299457	0.00393228	0.185343	0.412797	0.0029828	0.0138095	0.00947419	0.013415	0.0448254	0.015223	0.010799	0.0298376	0.030911	0.0705272	0.0114022	0.0492367	0.0406653	0.0181172	0.00147121	0.00528395
182	0.0125508	0.00879174	0.00239791	0.0060312	0.0222838	0.00345839	0.0101922	0.0962559	0.0122464	0.595922	0.0728058	0.00630351	0.00615986	0.0154714	0.022184	0.0114308	0.0200197	0.0568905	0.00312071	0.0154838
183	0.00696179	0.00235121	0.00327701	0.00893451	0.0019727	0.00274655	0.012111	0.00488347	0.116201	0.0330363	0.0141838	0.00885145	0.00747487	0.0132089	0.71575	0.0155293	0.0130279	0.0123582	0.00141677	0.00572313
184	0.00757689	0.00387245	0.00276921	0.00654371	0.0027369	0.00385559	0.0107961	0.0074706	0.0954023	0.0334278	0.0147471	0.00673847	0.00720059	0.0119163	0.728463	0.020555	0.0149949	0.0146269	0.00137079	0.00493489
185	0.0348607	0.0449953	0.00213603	0.01041	0.00436628	0.00437599	0.0106114	0.222335	0.00710032	0.0569809	0.0288261	0.085594	0.00495958	0.0054891	0.0105932	0.063286	0.0518434	0.345578	0.00166283	0.00399589
186	0.0130916	0.00284938	0.00687934	0.0152357	0.00317702	0.00136228	0.0140448	0.00678656	0.284978	0.0186667	0.00958924	0.0186587	0.00791087	0.0362535	0.487235	0.0338957	0.0194503	0.0115885	0.00328747	0.00505899
187	0.0578735	0.0100601	0.0101339	0.00545225	0.00243155	0.0252911	0.0124496	0.00729544	0.0104064	0.0116511	0.00714078	0.0375746	0.0139916	0.00603965	0.00778531	0.454866	0.305887	0.00805371	0.000429791	0.0051871
188	0.0211084	0.0108661	0.0073503	0.00588948	0.00103112	0.873029	0.0035405	0.00339623	0.00718343	0.00322089	0.00250603	0.00985522	0.00233587	0.00338948	0.00251061	0.0234491	0.00786825	0.00942595	0.000637157	0.0014073
189	0.0790101	0.0346583	0.00293885	0.0261355	0.0038538	0.00335989	0.0253994	0.331099	0.0067454	0.0520023	0.0252832	0.0784025	0.00528018	0.00548453	0.0252334	0.022827	0.0236302	0.241316	0.00118243	0.00615852
190	0.00634605	0.0279321	0.00115396	0.00313829	0.0182176	0.00230884	0.021433	0.0471261	0.00287504	0.313624	0.302088	0.0134528	0.00370765	0.0713537	0.00628945	0.0254236	0.0885837	0.0329163	0.000832862	0.0111973
