215	20
1	0.053055	0.00172673	0.0363244	0.00732327	0.00141208	0.00341778	0.00146086	0.00220171	0.0163134	0.00822702	0.00154705	0.0520364	0.0716539	0.00175596	0.0185136	0.457762	0.253166	0.00461692	0.00652112	0.00096492
2	0.0152796	0.00472912	0.000648845	0.00123797	0.0687447	0.00167509	0.00588072	0.179921	0.00187282	0.561383	0.0461484	0.00463597	0.000681648	0.00230483	0.00486268	0.00362316	0.00248745	0.0797864	0.0104309	0.00366599
3	0.169999	0.00832293	0.0895371	0.125632	0.00279459	0.0409065	0.0138369	0.0110299	0.0523709	0.0217078	0.0171719	0.0698582	0.0578388	0.0958478	0.0348725	0.0968346	0.0479049	0.033852	0.000433342	0.009249
4	0.154673	0.0119579	0.111644	0.191324	0.00121227	0.0281997	0.0304359	0.0102861	0.0298941	0.0223415	0.0144376	0.049268	0.0102988	0.0937964	0.0336499	0.108277	0.06093	0.0241435	0.000339777	0.0128908
5	0.0456152	0.0178834	0.0196991	0.029001	0.047939	0.0161961	0.0437621	0.0934733	0.0348774	0.211656	0.0321059	0.0180411	0.00797057	0.0350278	0.0895977	0.0307095	0.0243118	0.0660699	0.0783007	0.0577626
6	0.0250608	0.00741296	0.00126534	0.00212177	0.0557268	0.00306655	0.005911	0.195409	0.00276093	0.491554	0.0495887	0.00497575	0.00139467	0.0041805	0.00629548	0.00709864	0.0101069	0.11045	0.00995547	0.0056652
7	0.164176	0.0206747	0.113558	0.129787	0.00148017	0.0161201	0.0410734	0.00728142	0.0233976	0.0200637	0.00844644	0.0438249	0.00308956	0.0690568	0.0422965	0.166256	0.0841648	0.0211459	0.000910753	0.023196
8	0.0184016	0.00524101	0.00415683	0.0210999	0.13974	0.00486231	0.192652	0.0133384	0.026276	0.0786582	0.0106866	0.00395409	0.00312107	0.00593522	0.0940023	0.0171867	0.0125312	0.0469374	0.0489768	0.252242
9	0.0609115	0.0225555	0.000909068	0.00235189	0.0148909	0.00205243	0.00466344	0.427619	0.00442576	0.217603	0.0473781	0.0012121	0.00753429	0.0142849	0.00950832	0.00583129	0.0139286	0.111695	0.0144719	0.0161741
10	0.156326	0.0118656	0.103212	0.185955	0.00131564	0.0291311	0.0290627	0.0103096	0.0326511	0.0231206	0.0149393	0.0508572	0.0144125	0.0953406	0.0346663	0.108626	0.0603357	0.0246955	0.000331957	0.0128459
11	0.0535105	0.0212118	0.000550594	0.00100891	0.0193716	0.0016791	0.00402708	0.45095	0.00301869	0.180066	0.0422828	0.00099548	0.00417185	0.00519618	0.00570373	0.00804574	0.0108668	0.163922	0.00675034	0.0166712
12	0.0807733	0.00145756	0.587348	0.194612	0.000955349	0.00751975	0.00649481	0.00146367	0.0065871	0.00196108	0.00128561	0.0281863	0.000845147	0.0252225	0.00727651	0.0345437	0.00419775	0.00811652	0.000415201	0.000737834
13	0.00955269	0.0137548	0.00219393	0.0026186	0.00311726	0.00395415	0.00315166	0.00908324	0.00324214	0.507792	0.377291	0.00331113	0.0191037	0.00315586	0.00359343	0.00572224	0.0054872	0.00661069	0.00154286	0.0157215
14	0.104337	0.0135493	0.0108429	0.0109664	0.00645767	0.211516	0.0105749	0.0515326	0.0110297	0.0221923	0.0156985	0.0868684	0.00990173	0.016086	0.0118705	0.173633	0.196407	0.0283184	0.00298681	0.00522988
15	0.0413408	0.0164183	0.00649909	0.0090274	0.0618705	0.0104716	0.0112595	0.148347	0.00894988	0.408164	0.0707119	0.0086279	0.00834555	0.0127803	0.0134622	0.015852	0.0196811	0.098948	0.00974486	0.0194978
16	0.0928813	0.00210202	0.170597	0.450227	0.00192903	0.0190139	0.00203365	0.0155246	0.00191069	0.0121725	0.0024209	0.0295526	0.00120124	0.00295703	0.00206598	0.10633	0.0809527	0.00422376	0.000779793	0.0011252
17	0.102903	0.012014	0.0484389	0.126087	0.026001	0.0330474	0.0332034	0.0135071	0.0632627	0.0412724	0.0115375	0.0427106	0.0127317	0.0855577	0.170862	0.05541	0.0396991	0.0573048	0.00564586	0.0188046
18	0.0482864	0.0160688	0.00153054	0.000981305	0.0141636	0.00995059	0.00102287	0.184612	0.00401534	0.0588456	0.0191698	0.00453373	0.000668438	0.00134565	0.00416572	0.0127437	0.0307185	0.581164	0.00128743	0.00472514
19	0.0374514	0.0179443	0.00118501	0.0015354	0.0041559	0.00887734	0.00131359	0.16327	0.00769427	0.0412648	0.00943962	0.00794755	0.000892074	0.0015924	0.00856864	0.00583704	0.0345087	0.641664	0.00396331	0.000894844
20	0.0426879	0.0309709	0.000451409	0.000698738	0.0730966	0.00354357	0.000953459	0.258575	0.000647985	0.155351	0.0137027	0.00277775	0.000481516	0.00254184	0.000683761	0.0128109	0.00694376	0.358885	0.00155021	0.0326453
21	0.0513378	0.00972964	0.00780519	0.00328638	0.00685208	0.00954164	0.00308332	0.134543	0.00396124	0.120218	0.0742368	0.0035767	0.00216915	0.0029384	0.00366484	0.0705831	0.212535	0.273435	0.00291325	0.00359042
22	0.00909251	0.00790418	0.00045996	0.000527277	0.00715399	0.00326823	0.000743149	0.591209	0.000775734	0.0544553	0.00536903	0.001016	0.000474618	0.000809125	0.000960947	0.00243897	0.00341937	0.306625	0.000520405	0.00277774
23	0.611239	0.00653083	0.00457645	0.00480254	0.00122693	0.270649	0.00180296	0.00351842	0.00188934	0.00357721	0.00122408	0.00234671	0.000736554	0.00179256	0.00120937	0.0588388	0.0149189	0.00760848	0.000641722	0.000870758
24	0.194869	0.0149808	0.0259556	0.025871	0.0124827	0.375925	0.019063	0.0231889	0.0192062	0.0308776	0.0132911	0.0453027	0.0126524	0.0183773	0.0156751	0.0613145	0.0429736	0.0348921	0.00563314	0.00746784
25	0.0860675	0.0236351	0.0248334	0.0296009	0.0161194	0.0304111	0.013287	0.0395178	0.020502	0.0361791	0.0239433	0.0518038	0.0197242	0.0274026	0.0240271	0.122377	0.284223	0.108496	0.00530593	0.0125444
26	0.096481	0.0181142	0.0796142	0.0454695	0.0145256	0.0706851	0.0238506	0.0195859	0.024914	0.0289593	0.0181913	0.248304	0.024033	0.0394003	0.0411765	0.077444	0.0782602	0.0356375	0.00560415	0.00974999
27	0.197033	0.0149826	0.0375624	0.0294442	0.00738261	0.368953	0.0223656	0.0182072	0.0235054	0.0215636	0.0110565	0.0609594	0.0148154	0.0191684	0.0173853	0.0633566	0.0347291	0.029177	0.00418313	0.00416998
28	0.102292	0.017062	0.029983	0.0426644	0.017059	0.0445327	0.0315828	0.0323812	0.222586	0.0395273	0.0163672	0.037038	0.0167957	0.0560348	0.107417	0.0762604	0.0470391	0.0440022	0.00608377	0.0132913
29	0.195922	0.0118481	0.025475	0.0274422	0.0107497	0.373086	0.0216632	0.0216854	0.0220754	0.0312706	0.0144654	0.0428376	0.0132747	0.0204061	0.0176984	0.0691465	0.0405963	0.02853	0.00476665	0.00706068
30	0.0360437	0.00403093	0.0195506	0.00635861	0.00261968	0.00886495	0.00271441	0.00432122	0.0121515	0.00929976	0.0041762	0.0306694	0.0380447	0.00502501	0.0117058	0.50691	0.281991	0.00953247	0.00424855	0.00174186
31	0.0319024	0.107857	0.00476409	0.00658404	0.0410641	0.0117996	0.00592908	0.015612	0.00761387	0.0214532	0.00824513	0.040825	0.00859955	0.00766495	0.0085785	0.139065	0.348896	0.175635	0.00285524	0.00505593
32	0.0717987	0.0861611	0.00175458	0.00170466	0.0316971	0.00527442	0.00385909	0.162867	0.00489122	0.126739	0.0128842	0.00403767	0.00111326	0.00336174	0.00269386	0.0326142	0.0521777	0.375554	0.00197145	0.0168453
33	0.345632	0.0665993	0.00500923	0.00988567	0.034877	0.00759697	0.00555603	0.00795124	0.0341093	0.0124759	0.00621026	0.0384881	0.00403614	0.0082141	0.166633	0.0433921	0.149608	0.0469358	0.00259234	0.00419821
34	0.0769519	0.0398008	0.00150901	0.00190685	0.166778	0.00793585	0.00318309	0.0355443	0.00178473	0.246438	0.175917	0.00225585	0.00115264	0.00298353	0.00200983	0.029735	0.0330245	0.0369952	0.000826752	0.133267
35	0.0554588	0.0188455	0.000455195	0.00105627	0.0139752	0.00118037	0.00437946	0.477574	0.00336737	0.191374	0.0455385	0.000606568	0.00490912	0.00611659	0.00643203	0.00591374	0.0103246	0.128864	0.00760733	0.0160222
36	0.131809	0.00453113	0.130934	0.384238	0.00161853	0.0166772	0.00815386	0.0130474	0.00645726	0.0112332	0.00353317	0.0417611	0.00256749	0.0197663	0.00864846	0.117794	0.0842258	0.00806438	0.000710801	0.00422906
37	0.300035	0.00367447	0.00815752	0.0460743	0.00242106	0.0181069	0.0128133	0.00351649	0.0157395	0.00524617	0.00324945	0.0428559	0.00348898	0.112437	0.0166762	0.287415	0.0842627	0.0301007	0.000959839	0.00277005
38	0.0567939	0.0170978	0.000447144	0.000513088	0.0133858	0.00109934	0.00451561	0.500949	0.00306762	0.173243	0.0452667	0.000604579	0.00482923	0.00418206	0.00516817	0.005985	0.00816093	0.134172	0.00529496	0.0152247
39	0.119477	0.0686625	0.00308076	0.00341367	0.11944	0.0212611	0.00433565	0.0255308	0.00355192	0.242752	0.1253	0.00358995	0.00228989	0.00399253	0.00328902	0.0214495	0.0250276	0.0278914	0.00153733	0.174128
40	0.00971316	0.0177073	0.00778525	0.0193847	0.0332468	0.028126	0.0257406	0.131369	0.0333076	0.374373	0.0555137	0.0167986	0.00359427	0.048249	0.0508095	0.0128797	0.0188348	0.0766008	0.011783	0.0241824
41	0.366102	0.0153394	0.0338271	0.0697262	0.0178176	0.00767969	0.0637593	0.00393566	0.0269777	0.021778	0.00351211	0.0344756	0.00238856	0.156979	0.0735981	0.0606027	0.0229346	0.0141811	0.000950377	0.00343548
42	0.238188	0.00685754	0.0368777	0.0743355	0.00412463	0.0263743	0.0599184	0.00676534	0.0132861	0.0101957	0.00520444	0.0365241	0.00355139	0.14072	0.016102	0.261562	0.0356568	0.0171918	0.00132876	0.00523529
43	0.0807202	0.00693735	0.165811	0.0277326	0.0061029	0.181625	0.0336748	0.00564934	0.0228254	0.0129783	0.0140166	0.284001	0.0295152	0.0383273	0.018227	0.0472644	0.0114826	0.00496106	0.00389853	0.00424949
44	0.0234868	0.0211443	0.00315043	0.0275163	0.121821	0.0153403	0.0344699	0.0960506	0.0516881	0.268756	0.0582399	0.0114566	0.0130969	0.0235877	0.061474	0.00656818	0.00919013	0.0712185	0.0216388	0.0601052
45	0.0104206	0.00404295	0.00253641	0.00296015	0.00244022	0.0188467	0.0180345	0.0069272	0.386619	0.00559542	0.00331367	0.0173924	0.0016749	0.0334965	0.286774	0.122698	0.0651008	0.00802894	0.00128869	0.00180982
46	0.0490741	0.0405718	0.00425989	0.0056134	0.0311714	0.00611655	0.00503607	0.0441214	0.00508218	0.0136334	0.0126421	0.00885652	0.0245056	0.00663742	0.00554704	0.0273867	0.404489	0.300218	0.00210424	0.00293337
47	0.593531	0.0537857	0.00339857	0.00601702	0.00346134	0.161153	0.00401574	0.0248109	0.00346308	0.033861	0.00426922	0.00434989	0.00208659	0.0036563	0.00400228	0.0309634	0.0139941	0.0444957	0.00240565	0.0022796
48	0.0661069	0.0461257	0.0035574	0.00484628	0.00474981	0.00609756	0.00503099	0.0190931	0.0467762	0.20395	0.00811172	0.0057757	0.00298932	0.00573893	0.00578099	0.156238	0.171783	0.232458	0.00197815	0.00281201
49	0.0127117	0.00426815	0.00199706	0.00850084	0.306271	0.00264311	0.159109	0.0199736	0.00687174	0.0691958	0.017433	0.00247387	0.00404288	0.00414674	0.0309539	0.020643	0.0119072	0.0414637	0.0149808	0.260413
50	0.0735283	0.0190388	0.0024713	0.0038857	0.00327473	0.11274	0.00293782	0.00975143	0.003511	0.0334755	0.0319953	0.0513433	0.00578462	0.0323331	0.00345762	0.214461	0.352206	0.0405916	0.00117632	0.00203727
51	0.074154	0.0118883	0.0278679	0.0278452	0.00687141	0.0194238	0.0132474	0.0111766	0.104856	0.0271516	0.00782585	0.0385239	0.0366572	0.0250654	0.0640179	0.29006	0.16894	0.0334783	0.00506151	0.00588741
52	0.122956	0.0118719	0.0369389	0.0286187	0.0267217	0.0317306	0.00917059	0.0409659	0.0199258	0.0542971	0.0174928	0.0360611	0.324815	0.024064	0.0201309	0.058897	0.0724685	0.0489589	0.00349401	0.0104208
53	0.0921087	0.018473	0.0290647	0.0499197	0.0678717	0.0426497	0.168034	0.0389237	0.034121	0.0626529	0.0213464	0.0296397	0.0139108	0.0511741	0.0538894	0.0481641	0.035165	0.053641	0.0147324	0.0745175
54	0.0143647	0.00372306	0.000486011	0.00062003	0.0693899	0.000920892	0.00519172	0.179676	0.000600583	0.577391	0.0435291	0.00441803	0.000502625	0.000822287	0.00377199	0.00309562	0.00162522	0.0783535	0.0102698	0.00124822
55	0.0139191	0.0205039	0.00390381	0.0181368	0.0382336	0.0146148	0.020284	0.174208	0.0275382	0.373196	0.0458777	0.00941194	0.00385702	0.0367307	0.0368853	0.00948604	0.022792	0.0850755	0.0198297	0.0255156
56	0.0651462	0.00264486	0.0677753	0.107643	0.0276181	0.0304726	0.0608657	0.00220133	0.0714144	0.0208187	0.00208189	0.045043	0.00123459	0.0924804	0.253797	0.0439224	0.0191424	0.0762791	0.000927718	0.00849065
57	0.0129347	0.0085448	0.00128287	0.00689117	0.546496	0.00243592	0.0118184	0.0415258	0.00182026	0.0107614	0.0252355	0.00192881	0.00621584	0.00930597	0.00191132	0.00391507	0.00329757	0.00395703	0.0334488	0.266273
58	0.077121	0.0446409	0.00624974	0.03999	0.0104551	0.00851674	0.00640904	0.0101144	0.010896	0.0129622	0.00792949	0.356905	0.00413943	0.00766769	0.127712	0.0214006	0.187003	0.0530509	0.00288989	0.0039464
59	0.115687	0.0108352	0.12512	0.248629	0.0104617	0.0386989	0.0247982	0.0192757	0.0280246	0.0294897	0.0139843	0.0418356	0.0132633	0.0600331	0.04104	0.0787531	0.0524589	0.0339722	0.00355335	0.0100867
60	0.0958351	0.017567	0.0365114	0.0586397	0.0298552	0.031166	0.031542	0.0255714	0.0871088	0.0559417	0.0158632	0.0366044	0.017421	0.054617	0.212324	0.0566464	0.0487313	0.0603858	0.00784902	0.0198195
61	0.0518241	0.0192635	0.000451811	0.000523043	0.0223133	0.00135321	0.00369757	0.455603	0.0023128	0.1729	0.0380214	0.000886655	0.00370453	0.0038908	0.00409847	0.00793303	0.00722499	0.180964	0.00516374	0.0178704
62	0.0975003	0.0328208	0.0125156	0.0326726	0.0126354	0.0149237	0.0133446	0.011038	0.113398	0.0720414	0.00539608	0.0133245	0.0032825	0.0813466	0.274287	0.0478728	0.0483351	0.104711	0.0027754	0.00577802
63	0.0384073	0.012389	0.000521573	0.000586948	0.0156137	0.00165062	0.00509225	0.491305	0.0022415	0.180118	0.0324916	0.000723256	0.0031682	0.0029827	0.00374372	0.00527239	0.00592942	0.173245	0.0066087	0.0179103
64	0.0768835	0.0131341	0.154196	0.0116696	0.00331568	0.100572	0.0248463	0.00426519	0.0236002	0.0169553	0.0262322	0.384618	0.0246904	0.0519375	0.0198431	0.0488288	0.00562393	0.00518924	0.00208757	0.00151128
65	0.102517	0.00550539	0.108107	0.0291188	0.00575307	0.257171	0.045916	0.00698833	0.0550273	0.020227	0.0197916	0.23071	0.0118321	0.0318167	0.0158075	0.0332333	0.00837933	0.00586237	0.00443904	0.00179641
66	0.0941066	0.00210059	0.0446974	0.138381	0.0336011	0.034909	0.0325103	0.00156348	0.0821958	0.0318598	0.00145689	0.0284778	0.000954704	0.124211	0.188882	0.0353126	0.0295435	0.0818568	0.000508244	0.0128715
67	0.0807733	0.00145756	0.587348	0.194612	0.000955349	0.00751975	0.00649481	0.00146367	0.0065871	0.00196108	0.00128561	0.0281863	0.000845147	0.0252225	0.00727651	0.0345437	0.00419775	0.00811652	0.000415201	0.000737834
68	0.161884	0.0124007	0.103685	0.189736	0.00112574	0.0263566	0.0308848	0.00974733	0.0295344	0.021646	0.0134999	0.0487246	0.00910061	0.0933426	0.0336657	0.114664	0.0627985	0.0235097	0.000318215	0.0133748
69	0.129292	0.00331286	0.102151	0.143035	0.0153318	0.00649323	0.00749729	0.0412728	0.0287123	0.114223	0.040195	0.00964355	0.00892855	0.148995	0.0522858	0.0566968	0.0309471	0.0316346	0.0140544	0.0152983
70	0.0134252	0.00486558	0.000604394	0.00150169	0.071907	0.00132516	0.0070862	0.17683	0.0017502	0.568163	0.042496	0.00462281	0.000637116	0.00224011	0.00530283	0.00328053	0.00315804	0.0758627	0.0128301	0.00211093
71	0.0548732	0.319302	0.00235831	0.00278447	0.00282095	0.00366121	0.0164569	0.196106	0.00289221	0.0449694	0.00357636	0.00330335	0.00192747	0.0036093	0.00347234	0.0449806	0.0722359	0.21718	0.00121071	0.00227994
72	0.648211	0.0154734	0.00141109	0.00223364	0.00114843	0.0328473	0.00919489	0.0142158	0.00126774	0.00295982	0.00133547	0.0104777	0.00081808	0.0157517	0.00147443	0.206264	0.0125211	0.0211351	0.000449666	0.000809519
73	0.0579106	0.0297646	0.00135599	0.00218272	0.242536	0.00618325	0.00599029	0.0368157	0.00197971	0.240778	0.183293	0.0021098	0.00152428	0.00427053	0.00251639	0.0256553	0.0227521	0.0241386	0.00120362	0.10704
74	0.167262	0.0131222	0.0995121	0.193304	0.0011626	0.024975	0.0311271	0.0102039	0.0297167	0.0211118	0.0127752	0.0483054	0.00853495	0.0882918	0.0334543	0.113868	0.0613469	0.0264659	0.000367254	0.0150926
75	0.0982989	0.00215295	0.0424101	0.134794	0.0350098	0.0355325	0.0338461	0.00124276	0.082271	0.0314659	0.00104923	0.0274571	0.000565118	0.122718	0.193559	0.0347938	0.02921	0.0802217	0.00041225	0.0129902
76	0.00199403	0.00324097	0.000442705	0.000534114	0.00298575	0.00310652	0.000609389	0.648667	0.000524031	0.0452514	0.0032869	0.000614489	0.000331899	0.000580906	0.00070799	0.00110354	0.00113583	0.284137	0.000222302	0.000522939
77	0.0109852	0.00419308	0.0180235	0.0475849	0.0031484	0.00408211	0.0030497	0.320239	0.00362795	0.0249384	0.0341975	0.00355416	0.0170271	0.0211948	0.00371121	0.00677042	0.270642	0.186302	0.00097353	0.0157548
78	0.0679909	0.00178982	0.0310149	0.00954775	0.00165235	0.0030346	0.00166563	0.00246773	0.0173619	0.0103716	0.00166833	0.0377289	0.0901343	0.00206888	0.019197	0.455268	0.232489	0.00459887	0.00880531	0.00114405
79	0.0393403	0.0181802	0.00861394	0.0119632	0.0580579	0.011048	0.0117991	0.14136	0.0100098	0.409444	0.0640136	0.01116	0.00623618	0.0124586	0.0181214	0.0209084	0.0234592	0.0946057	0.0101805	0.0190406
80	0.0334218	0.00355479	0.0199819	0.0062419	0.00248953	0.00610575	0.0025997	0.00442854	0.0121737	0.00812391	0.00338565	0.0298112	0.0378795	0.00375966	0.0116251	0.522565	0.27763	0.0082297	0.00418699	0.00180534
81	0.0176581	0.00866997	0.0024402	0.0171696	0.479032	0.00399517	0.028375	0.0355903	0.00611828	0.0409032	0.026008	0.00384489	0.015357	0.00849437	0.0105317	0.00821087	0.00631631	0.0139937	0.0229578	0.244333
82	0.0137363	0.00874244	0.00133337	0.00695837	0.52767	0.00238649	0.0194416	0.0410826	0.0023296	0.0140686	0.0244962	0.00210081	0.00588192	0.00893722	0.00444798	0.0044552	0.00381509	0.00600802	0.0330131	0.269095
83	0.128867	0.0114912	0.0974836	0.171317	0.0124915	0.0314053	0.0380143	0.0164094	0.0349883	0.0330871	0.019107	0.0409356	0.0138388	0.136926	0.054802	0.0669377	0.0422409	0.0365831	0.00305229	0.0100215
84	0.0129912	0.00854341	0.00131093	0.00672841	0.543831	0.00228082	0.0122166	0.0420505	0.00178295	0.0103705	0.0255239	0.00186751	0.00601799	0.0093296	0.00187376	0.00376953	0.00320942	0.00389089	0.0337884	0.268623
85	0.242008	0.0094536	0.00462651	0.00670153	0.00477517	0.162708	0.00529262	0.0439029	0.00588349	0.016765	0.0119453	0.0481189	0.00507391	0.0112245	0.00704257	0.132167	0.257171	0.0201677	0.00176383	0.00320784
86	0.180486	0.0347547	0.0134468	0.0243822	0.0982043	0.0226993	0.0204386	0.0341667	0.0174169	0.052479	0.0284357	0.0246225	0.0251404	0.0252683	0.0386193	0.0453813	0.192262	0.090365	0.00861596	0.0228144
87	0.0444838	0.0184066	0.0085399	0.0082574	0.0519225	0.0145281	0.0119351	0.164141	0.0125789	0.371026	0.069002	0.0128447	0.00739	0.0128825	0.0156793	0.0200992	0.0246002	0.10535	0.00895899	0.0173732
88	0.678546	0.0257533	0.00135836	0.00257276	0.000990012	0.0971161	0.00234592	0.00905008	0.00153724	0.00855039	0.0010654	0.0039649	0.000690525	0.00331635	0.00141366	0.101374	0.0132097	0.0454389	0.000933304	0.000772557
89	0.654699	0.0486157	0.00267705	0.00457531	0.00370116	0.0758518	0.00439266	0.0512254	0.00411318	0.0359808	0.00514336	0.00566835	0.00217877	0.00512691	0.00461098	0.0406451	0.013337	0.0331059	0.00205268	0.00229876
90	0.0133219	0.0043859	0.000502315	0.00128055	0.0748585	0.00120085	0.00601808	0.170005	0.00181632	0.5755	0.0452014	0.00464958	0.000800986	0.00134072	0.00471572	0.00306641	0.00169114	0.0760777	0.0115181	0.00204864
91	0.0395257	0.0199464	0.0783819	0.0556679	0.00388719	0.00444067	0.0571725	0.0587179	0.0717972	0.0647638	0.0186085	0.0314031	0.00176132	0.0752662	0.0629761	0.0616938	0.00703838	0.0339301	0.13537	0.117652
92	0.0556661	0.0221096	0.000488834	0.00198872	0.0167446	0.00142433	0.00460081	0.433289	0.00434461	0.217742	0.0439677	0.000793349	0.00515267	0.00993777	0.00964479	0.00558282	0.0139368	0.123104	0.0118429	0.0176387
93	0.0468245	0.0399494	0.00166759	0.00236201	0.287294	0.00564468	0.0071165	0.0333995	0.0017076	0.23634	0.176648	0.00222913	0.0013931	0.00728872	0.00257547	0.0255137	0.0222009	0.0199218	0.000764608	0.0791581
94	0.132481	0.0226053	0.073236	0.118285	0.00239709	0.0543851	0.0165551	0.00687788	0.107082	0.0184314	0.0150261	0.0943037	0.0389075	0.0999271	0.0542194	0.079928	0.0332208	0.025589	0.000620529	0.00592175
95	0.0637043	0.0654139	0.00335899	0.00393865	0.00372154	0.00544341	0.00379744	0.0052427	0.00395765	0.324471	0.0238194	0.00489365	0.137572	0.0217432	0.00422367	0.00725178	0.00767719	0.306026	0.00123071	0.00251401
96	0.0800305	0.00148599	0.474274	0.270177	0.000983874	0.00940825	0.00495454	0.00480822	0.00506845	0.00417956	0.0015265	0.0323584	0.000900715	0.018978	0.0058564	0.0521193	0.0250088	0.00649976	0.000517433	0.000864075
97	0.0588639	0.0382671	0.000428434	0.000724982	0.0624699	0.00315607	0.000697796	0.216569	0.000630803	0.151216	0.0125063	0.00375079	0.00039743	0.00343151	0.000753654	0.0134154	0.00778666	0.390968	0.000309765	0.0336569
98	0.251381	0.00386193	0.00271469	0.00411303	0.00327268	0.00389888	0.00401523	0.16801	0.00360567	0.0879459	0.0437245	0.00488899	0.00196384	0.0296106	0.00400969	0.00830076	0.0073117	0.251689	0.113521	0.00215979
99	0.00237475	0.00314066	0.000483953	0.000550225	0.00367486	0.00353415	0.00101706	0.636901	0.000549692	0.0563894	0.00378089	0.000635573	0.000383792	0.000598492	0.000755739	0.0012405	0.00117539	0.280375	0.000759586	0.00167893
100	0.0248867	0.0194428	0.00128027	0.00281964	0.158516	0.00367297	0.0079662	0.113573	0.00265871	0.440236	0.0955712	0.00389992	0.00120052	0.00457033	0.00451864	0.0108314	0.010471	0.0537241	0.00689791	0.0332618
101	0.113008	0.0104862	0.156501	0.238589	0.0140369	0.0311806	0.0228149	0.0210051	0.0244698	0.0322471	0.0165999	0.0404344	0.013232	0.0542153	0.0361937	0.0747645	0.0507287	0.0332409	0.00496834	0.0112829
102	0.0292622	0.0141727	0.000987765	0.0011991	0.0147215	0.00510069	0.00144077	0.416986	0.00245572	0.0807993	0.0133025	0.00278248	0.00100129	0.00211357	0.00348766	0.00597976	0.0139583	0.380057	0.00301664	0.00717485
103	0.182683	0.013334	0.0310791	0.0251986	0.0112489	0.378502	0.0222453	0.0157638	0.0247969	0.0228829	0.0140518	0.0568647	0.0104812	0.0212675	0.0202778	0.0684444	0.0431626	0.0250842	0.00500513	0.00762692
104	0.0181503	0.0100481	0.00137134	0.00171649	0.0503599	0.0031495	0.0045202	0.100146	0.00218437	0.534544	0.177317	0.0041133	0.00635264	0.002526	0.00406329	0.00706881	0.00622452	0.0452418	0.00581527	0.0150867
105	0.182719	0.0117814	0.032416	0.0258837	0.00832881	0.383549	0.0231259	0.023623	0.0208918	0.0258495	0.0129826	0.0583476	0.0124224	0.0202411	0.0179995	0.0643169	0.0392345	0.0257938	0.00403727	0.00645603
106	0.204663	0.0131965	0.0323351	0.0240574	0.00989967	0.389211	0.0248788	0.0185415	0.0203545	0.023516	0.011798	0.0529882	0.00975612	0.0203663	0.0164634	0.0588151	0.0338391	0.0251132	0.00357641	0.00663065
107	0.0904213	0.0206234	0.03648	0.0530856	0.0307465	0.031014	0.0329121	0.0276903	0.0952612	0.0573007	0.0149118	0.0348211	0.0149421	0.04926	0.206294	0.0656613	0.0539378	0.0549324	0.00906613	0.0206381
108	0.0283294	0.0196015	0.00173028	0.00325823	0.147306	0.00475087	0.00847013	0.110175	0.00420136	0.428846	0.100553	0.00446064	0.00207267	0.0065854	0.00630623	0.0125364	0.011563	0.0558107	0.00686275	0.0365798
109	0.0806962	0.00694973	0.404003	0.135807	0.00681561	0.0312294	0.0144833	0.0100831	0.0135303	0.016938	0.00799902	0.0796754	0.0173009	0.0323779	0.0190994	0.0615433	0.0337168	0.0168641	0.00272563	0.0081614
110	0.582657	0.0181396	0.00207252	0.00591152	0.00213257	0.0402486	0.00473314	0.0102078	0.00305821	0.0100375	0.00632883	0.0120656	0.00263024	0.0145684	0.00385185	0.180573	0.0454443	0.052802	0.00129527	0.00124125
111	0.0966464	0.021721	0.00377856	0.00493856	0.0158508	0.00633135	0.00464282	0.0454766	0.00495204	0.0218021	0.0214005	0.00688725	0.0110877	0.00736567	0.00486129	0.0232863	0.363856	0.330566	0.00180611	0.00274339
112	0.0985983	0.0180839	0.088432	0.050948	0.00998623	0.0646636	0.0210259	0.020917	0.0225274	0.0346226	0.0187351	0.2504	0.0241021	0.0407106	0.0334363	0.0782029	0.0761736	0.0339096	0.00582678	0.00869802
113	0.0567939	0.0170978	0.000447144	0.000513088	0.0133858	0.00109934	0.00451561	0.500949	0.00306762	0.173243	0.0452667	0.000604579	0.00482923	0.00418206	0.00516817	0.005985	0.00816093	0.134172	0.00529496	0.0152247
114	0.040861	0.0270467	0.000422226	0.000662328	0.0622939	0.00314345	0.00127364	0.277781	0.00076751	0.162743	0.0140437	0.00248581	0.000607482	0.00251637	0.000850976	0.0116578	0.00596877	0.352022	0.0022008	0.0306511
115	0.0906973	0.00221498	0.246797	0.399909	0.00148629	0.0141084	0.00369623	0.0121228	0.00337535	0.0091963	0.00249514	0.036173	0.00123922	0.00995021	0.00423712	0.0869756	0.0681713	0.00498811	0.00077461	0.00139267
116	0.37663	0.0168924	0.00249666	0.00301134	0.00290159	0.0187427	0.0168181	0.0042074	0.00305162	0.00647678	0.00339465	0.0468819	0.290859	0.00351263	0.00314145	0.127995	0.0620972	0.00748793	0.00153651	0.0018647
117	0.0656178	0.00979292	0.364027	0.0428629	0.00836711	0.0135386	0.0290892	0.00538108	0.00765255	0.0161741	0.0050085	0.112617	0.0394696	0.0207953	0.0255243	0.122533	0.0645342	0.0105748	0.00176717	0.0346732
118	0.0580313	0.0383851	0.000423919	0.000714914	0.062906	0.0031761	0.0006729	0.21969	0.000619784	0.152779	0.0131922	0.00349548	0.000387169	0.00349953	0.000679931	0.013839	0.00771835	0.386361	0.000353694	0.0330744
119	0.629643	0.0243874	0.000876754	0.00096961	0.000933058	0.0306351	0.00368293	0.00748281	0.00111581	0.00265988	0.00123741	0.00741619	0.000563975	0.00608717	0.00138092	0.247632	0.0164146	0.0157243	0.000454849	0.000702561
120	0.0481092	0.0185246	0.00061889	0.000711568	0.0245709	0.0051824	0.00152731	0.252528	0.00251856	0.113299	0.0180087	0.00324255	0.00094362	0.00208143	0.00306463	0.00822398	0.0146514	0.466735	0.00260939	0.0128496
121	0.00193025	0.00320643	0.000443644	0.000530804	0.00301401	0.0031214	0.000606981	0.649797	0.000510282	0.0451307	0.00328224	0.000609964	0.000334513	0.000578199	0.000706974	0.00111206	0.00112799	0.283212	0.000224138	0.000520508
122	0.129343	0.0176418	0.005009	0.00562106	0.0130906	0.00769194	0.00492414	0.0730557	0.00562758	0.0303829	0.0271781	0.00714352	0.00805154	0.00913235	0.00628097	0.0249555	0.317985	0.300914	0.00248384	0.00348674
123	0.0403981	0.00507772	0.0326667	0.00452844	0.00269011	0.0328423	0.00325825	0.00634196	0.00626953	0.00969306	0.0060314	0.180793	0.0272445	0.00617595	0.00791169	0.251628	0.358082	0.0141755	0.00213342	0.002058
124	0.00194751	0.00332487	0.000446176	0.000525828	0.00303731	0.00308922	0.00058475	0.650923	0.000521856	0.0439791	0.00330851	0.00061398	0.000333322	0.000583447	0.000708187	0.0010994	0.00113685	0.283167	0.000215553	0.000454239
125	0.387585	0.0052411	0.156915	0.0252382	0.00265235	0.315426	0.00329937	0.00378577	0.00444811	0.00555886	0.00268635	0.0047644	0.00184329	0.00432852	0.0033573	0.0522608	0.0105821	0.0071469	0.00134461	0.00153583
126	0.0136694	0.00342981	0.000484137	0.000605808	0.0697466	0.00092665	0.00520173	0.174394	0.000566628	0.5843	0.0434005	0.00449634	0.000426316	0.00076543	0.00373952	0.003068	0.00148434	0.0780172	0.0102973	0.000980877
127	0.0936252	0.0101184	0.36865	0.12755	0.00873895	0.029018	0.018613	0.0110965	0.0183444	0.0174599	0.00986873	0.0691783	0.0208858	0.0360664	0.0233921	0.0643631	0.0335409	0.022296	0.00496617	0.0122273
128	0.0975036	0.0203604	0.0409576	0.0488891	0.0627426	0.0400082	0.158024	0.0320174	0.0313283	0.0611801	0.0226621	0.0407798	0.0119538	0.0463095	0.0544101	0.0561847	0.043348	0.0570803	0.0119825	0.0622784
129	0.0430221	0.0338893	0.00266243	0.0562851	0.00329022	0.00427846	0.00327833	0.108501	0.0333732	0.00608578	0.0559974	0.00377357	0.00205966	0.18458	0.00336178	0.00638575	0.248952	0.196268	0.00123118	0.00272511
130	0.0825356	0.00144774	0.580396	0.19595	0.00095067	0.00819302	0.00695412	0.00163263	0.00680681	0.00209135	0.00152405	0.028359	0.000849327	0.0259788	0.0072978	0.0349662	0.00455945	0.00833884	0.000435367	0.000733199
131	0.013166	0.00957196	0.00134619	0.00666138	0.533928	0.00241405	0.0113788	0.0447889	0.00185171	0.0101887	0.0246444	0.00200594	0.00582799	0.00907605	0.00186115	0.00382311	0.00339791	0.00389899	0.0410689	0.2691
132	0.0438356	0.0160518	0.00579082	0.00836339	0.0659159	0.00969496	0.0118712	0.145916	0.0101267	0.395879	0.068795	0.00870279	0.00657174	0.0117856	0.0142059	0.0204641	0.0226304	0.0995959	0.00986219	0.0239409
133	0.18743	0.0131917	0.027226	0.0275115	0.00948125	0.384237	0.020797	0.019796	0.024065	0.0249445	0.012751	0.0484042	0.0133249	0.0199981	0.0182418	0.0684423	0.0416286	0.0287079	0.00393567	0.00588571
134	0.0437283	0.002458	0.458344	0.0340353	0.0127917	0.0153378	0.00799607	0.00316587	0.00222163	0.0151048	0.00245671	0.152039	0.0682778	0.0066123	0.0173395	0.0888037	0.0347004	0.00476375	0.000911397	0.0289121
135	0.0211262	0.00419724	0.0927511	0.00389631	0.00343044	0.0132006	0.00383843	0.00563366	0.00554577	0.00740559	0.00390042	0.189919	0.0105661	0.00448587	0.00704941	0.166519	0.44046	0.0110682	0.0018519	0.00315441
136	0.0172797	0.0185258	0.00406942	0.0155909	0.0329871	0.0138348	0.0245132	0.195893	0.0320786	0.327992	0.0419089	0.00978638	0.00436053	0.0310954	0.0539973	0.0111664	0.0208755	0.10523	0.0166304	0.0221839
137	0.127552	0.00546631	0.128899	0.323143	0.00400226	0.0309683	0.0105189	0.0269716	0.010761	0.0137652	0.0075787	0.107379	0.00797161	0.0247605	0.0119159	0.073266	0.068001	0.0112756	0.00184887	0.00395548
138	0.247298	0.00249005	0.0516087	0.0242	0.00167914	0.0347465	0.0660258	0.00274185	0.204032	0.0614534	0.00192949	0.0084439	0.00125797	0.06618	0.0486645	0.116844	0.00399577	0.0546056	0.000705387	0.00109789
139	0.0037524	0.00412184	0.000450328	0.000527808	0.00428543	0.003057	0.000633859	0.639093	0.000523358	0.0476861	0.0040978	0.000673618	0.000379846	0.000662085	0.000725897	0.00145342	0.0014454	0.284773	0.00036331	0.00129516
140	0.571124	0.00690467	0.00546097	0.00556961	0.00128505	0.316976	0.00171708	0.00313268	0.0023499	0.0045548	0.00135956	0.00176571	0.000812772	0.00144631	0.00137268	0.052516	0.0138465	0.00625866	0.000629321	0.00091694
141	0.111345	0.0190807	0.00284057	0.00436737	0.287846	0.0041683	0.0403674	0.0215349	0.03626	0.0535481	0.0040813	0.00397612	0.00213186	0.00411443	0.187405	0.00655847	0.00598067	0.0388115	0.00448051	0.161101
142	0.12106	0.00755885	0.227238	0.193815	0.00434419	0.0228837	0.030719	0.0103466	0.0257277	0.0209098	0.0118378	0.0448726	0.011529	0.0938803	0.0321467	0.0724789	0.0357799	0.0209864	0.00315633	0.00872864
143	0.0905135	0.0185637	0.0293163	0.0359351	0.0171432	0.0346289	0.0299921	0.0383016	0.225357	0.0438399	0.0204172	0.0361931	0.0150554	0.054039	0.112776	0.0752598	0.0482623	0.0500933	0.0088575	0.0154541
144	0.639625	0.0376863	0.00162075	0.00219228	0.00179541	0.0384716	0.00450119	0.0097552	0.00329347	0.0062761	0.0023233	0.00691815	0.00157162	0.00701159	0.00441912	0.192666	0.0169882	0.0208423	0.000756839	0.00128523
145	0.156095	0.00949838	0.0408245	0.0357433	0.00802016	0.3644	0.0768834	0.0118519	0.0327273	0.0190425	0.0111482	0.0771903	0.00857519	0.0294222	0.0187902	0.0495947	0.0221805	0.0189149	0.00418816	0.00490895
146	0.00194751	0.00332487	0.000446176	0.000525828	0.00303731	0.00308922	0.00058475	0.650923	0.000521856	0.0439791	0.00330851	0.00061398	0.000333322	0.000583447	0.000708187	0.0010994	0.00113685	0.283167	0.000215553	0.000454239
147	0.0617195	0.0295569	0.00139145	0.00188337	0.237386	0.00618222	0.00395987	0.0376087	0.00143773	0.239941	0.186013	0.00199885	0.0012186	0.00375708	0.00177738	0.0266068	0.0235723	0.0246007	0.000732759	0.108656
148	0.0931203	0.0192721	0.0304963	0.0496047	0.037195	0.0306406	0.0337823	0.0295493	0.0862812	0.0501098	0.0138723	0.0367718	0.0121899	0.0503278	0.218793	0.0603204	0.0533823	0.0591046	0.0113258	0.0238602
149	0.253611	0.00283046	0.0299305	0.0721036	0.00269071	0.0471964	0.0113371	0.00809249	0.0753179	0.0178955	0.00683098	0.0299807	0.130641	0.0706997	0.0387091	0.120012	0.0552818	0.0150971	0.00065293	0.0110884
150	0.10116	0.00264722	0.0916365	0.048881	0.00726847	0.281431	0.0572659	0.0083246	0.0257222	0.00705615	0.00706502	0.226829	0.0103788	0.0417944	0.0203569	0.0420763	0.00910412	0.00305228	0.00708597	0.000864666
151	0.0386187	0.0181313	0.00240292	0.00339637	0.00284576	0.0202799	0.0171255	0.0858149	0.44522	0.00684273	0.00290048	0.00382423	0.00173025	0.078848	0.183595	0.0105473	0.0236488	0.0509782	0.0010761	0.00217388
152	0.10258	0.00395496	0.016569	0.0160576	0.0190072	0.023908	0.00172456	0.047676	0.0127326	0.0436853	0.0103754	0.0115274	0.513278	0.0122201	0.0191776	0.0243582	0.0818581	0.0374524	0.000676307	0.00118087
153	0.0679773	0.0438969	0.000620154	0.00107259	0.0589316	0.00400426	0.00117533	0.197262	0.00134861	0.146711	0.0120144	0.00376063	0.00110134	0.00331714	0.00118128	0.0175051	0.0120788	0.395993	0.000408192	0.0296411
154	0.00194751	0.00332487	0.000446176	0.000525828	0.00303731	0.00308922	0.00058475	0.650923	0.000521856	0.0439791	0.00330851	0.00061398	0.000333322	0.000583447	0.000708187	0.0010994	0.00113685	0.283167	0.000215553	0.000454239
155	0.0453639	0.0383437	0.000666657	0.00121427	0.0752098	0.00606893	0.00122903	0.237453	0.00100589	0.15887	0.013469	0.0030704	0.00052172	0.00311334	0.00136317	0.0168665	0.00862199	0.346144	0.00127989	0.0401251
156	0.104032	0.00318606	0.0943673	0.0526903	0.00798622	0.264016	0.0556241	0.00888562	0.0258805	0.00693213	0.00679792	0.223157	0.0113196	0.0450547	0.0236881	0.0449407	0.0103071	0.00362066	0.00652889	0.000984971
157	0.0577093	0.0241584	0.00383649	0.0090713	0.0629106	0.0239325	0.0117527	0.157771	0.0138452	0.32251	0.0924208	0.00643624	0.00448022	0.0164906	0.0184738	0.0150696	0.017776	0.0709504	0.00828096	0.0621242
158	0.18818	0.00354683	0.0124586	0.0398682	0.0106407	0.0612266	0.00462057	0.0284879	0.0400429	0.0410814	0.00700194	0.0110551	0.328781	0.0216434	0.0319392	0.0738617	0.0682486	0.0224242	0.00103789	0.00385263
159	0.0222516	0.0211677	0.0032391	0.0294641	0.114245	0.0163492	0.031377	0.102417	0.0491676	0.284483	0.0630481	0.0124474	0.0139736	0.0240089	0.0522352	0.00691517	0.00980725	0.0733091	0.0203155	0.0497778
160	0.0939305	0.0308139	0.0104686	0.0160701	0.00900009	0.116124	0.00569694	0.0214641	0.0113139	0.05116	0.0351428	0.0490231	0.223737	0.0194015	0.0117254	0.0992091	0.138239	0.0522484	0.00184454	0.00338631
161	0.0148253	0.0211302	0.00385678	0.0177255	0.0397762	0.0145809	0.0197772	0.175595	0.028131	0.364821	0.0481318	0.00924416	0.00432055	0.037505	0.0371687	0.00919141	0.0227353	0.0845071	0.0201968	0.0267806
162	0.159757	0.00562049	0.0813684	0.116928	0.00845245	0.0299061	0.0167813	0.0276729	0.0436934	0.0367732	0.0265725	0.0506858	0.0643546	0.132563	0.037231	0.0806353	0.0368745	0.0336504	0.00277269	0.00770717
163	0.0523261	0.014884	0.0228212	0.0125138	0.00697949	0.0292464	0.00642935	0.0090463	0.0101419	0.0166936	0.0109041	0.172262	0.0211202	0.0160442	0.0136327	0.291352	0.234515	0.0506583	0.00378747	0.00464179
164	0.146193	0.00649622	0.0173049	0.00345683	0.00361908	0.0190068	0.00328584	0.141844	0.00345727	0.0968994	0.0979672	0.00387334	0.00195857	0.00377281	0.00352102	0.0682207	0.12048	0.253844	0.00227406	0.00252516
165	0.666009	0.0208261	0.000565107	0.000834737	0.000759491	0.0341248	0.00373276	0.00824619	0.000822529	0.00248119	0.000851182	0.00790198	0.000518836	0.00626778	0.000981665	0.21167	0.0156549	0.0168705	0.000318307	0.000562882
166	0.0781073	0.0214668	0.00261563	0.00411309	0.00341634	0.118547	0.0030209	0.00982253	0.00337197	0.0381126	0.0325649	0.0497377	0.00627859	0.0324542	0.0035677	0.196704	0.351178	0.0415292	0.00118122	0.00220946
167	0.60651	0.0280612	0.00139695	0.00724346	0.00145552	0.0482999	0.00154751	0.00520996	0.00173797	0.0273628	0.00163837	0.00191002	0.00107066	0.00185542	0.00210218	0.0149427	0.0309852	0.209238	0.00624956	0.00118244
168	0.0221253	0.00589535	0.000390171	0.000483186	0.0569027	0.000893668	0.00495443	0.216044	0.00076812	0.514919	0.0400978	0.00451089	0.000918218	0.00115556	0.00316649	0.00419136	0.00267647	0.107306	0.0085241	0.00407657
169	0.295975	0.00461644	0.00381926	0.025657	0.00356771	0.0292892	0.00399985	0.00623254	0.00437041	0.029953	0.149036	0.00566846	0.00316591	0.124486	0.00454821	0.108144	0.119601	0.0731986	0.00191578	0.00275499
170	0.507025	0.024653	0.00158517	0.0128939	0.00195711	0.043541	0.00232102	0.00388556	0.00248969	0.0468052	0.0024564	0.00265187	0.0012803	0.00246359	0.00279169	0.0116728	0.0499913	0.267215	0.0108505	0.00147062
171	0.0486678	0.0307803	0.000426174	0.000533386	0.0595125	0.00300507	0.00113374	0.278121	0.000819041	0.161077	0.0175326	0.00262253	0.000986805	0.0029861	0.00119503	0.0130948	0.00659433	0.338994	0.00191349	0.030005
172	0.151767	0.0129896	0.103934	0.188468	0.00142614	0.0269344	0.0328285	0.0115564	0.03014	0.0265543	0.0155937	0.0477733	0.00962511	0.0971679	0.0358504	0.106989	0.0604557	0.0234655	0.00129158	0.0151891
173	0.0234771	0.00446559	0.00110008	0.00170521	0.0565845	0.00198458	0.00859217	0.169266	0.00164835	0.514236	0.0430558	0.0108976	0.000680932	0.00259307	0.00472076	0.00459928	0.00499057	0.128386	0.0144273	0.00258993
174	0.103697	0.00381285	0.0160069	0.0163055	0.0182949	0.0244927	0.00159248	0.0465856	0.0130521	0.0420676	0.0104493	0.0106529	0.517001	0.0124311	0.0200417	0.0237817	0.0818362	0.0360538	0.00066709	0.00117651
175	0.493905	0.00950664	0.00847216	0.00813224	0.00235454	0.335725	0.00406633	0.00567745	0.00411219	0.00824753	0.00366813	0.00560896	0.00245321	0.00387052	0.00247132	0.0626853	0.0171114	0.0193463	0.00100007	0.00158564
176	0.0820218	0.0137669	0.0354613	0.0492612	0.0450399	0.0333834	0.108142	0.0201686	0.0692265	0.0506338	0.012644	0.0337902	0.00892374	0.0517832	0.19053	0.0490065	0.0345363	0.0513112	0.0137149	0.0466542
177	0.0251231	0.0668857	0.00251524	0.00478939	0.342336	0.00566644	0.0223218	0.0207731	0.0042353	0.242677	0.140488	0.00433276	0.00239142	0.0209516	0.00505533	0.0166989	0.0270098	0.0145715	0.00219875	0.0289789
178	0.0267043	0.0224338	0.00215812	0.00499085	0.0116395	0.00376677	0.00552435	0.259898	0.00739661	0.22904	0.0307886	0.00410126	0.00285308	0.0118612	0.022223	0.00692341	0.0412662	0.252267	0.0442772	0.00988632
179	0.0393782	0.013935	0.000533719	0.000657387	0.0206744	0.00150237	0.00442446	0.465869	0.00212248	0.187619	0.0343297	0.000708078	0.00326024	0.00345913	0.00393139	0.00598484	0.00653175	0.176033	0.00841709	0.0206294
180	0.0377444	0.0299726	0.00069368	0.00135609	0.0834985	0.00354966	0.00252059	0.206849	0.00143091	0.250433	0.0166766	0.00332885	0.000642667	0.00312134	0.00240443	0.0111238	0.0104655	0.302018	0.0030426	0.0291285
181	0.0851738	0.00720007	0.394393	0.125199	0.00762001	0.0395461	0.0169169	0.00981663	0.0173601	0.0169459	0.00944754	0.0761571	0.0187132	0.0332125	0.0189655	0.0623237	0.0305846	0.0186535	0.00246464	0.00930623
182	0.220117	0.0255381	0.00899687	0.0160802	0.0206919	0.0274189	0.00847276	0.104474	0.0143894	0.0700429	0.0199863	0.0112036	0.00973433	0.0167981	0.0178427	0.0364422	0.054294	0.296968	0.00897895	0.0115292
183	0.559087	0.00576354	0.0059975	0.00654871	0.00131231	0.326158	0.00170682	0.00248369	0.00265	0.0038544	0.00132673	0.00155521	0.00088887	0.00142179	0.00140369	0.0558143	0.0144019	0.00604107	0.000699042	0.000884742
184	0.0915512	0.0194969	0.0389525	0.0454161	0.0559768	0.0602734	0.144225	0.0374411	0.0396344	0.064688	0.0245009	0.0452037	0.0127822	0.0471051	0.0500129	0.0594614	0.0431319	0.0561256	0.0128339	0.0511867
185	0.096087	0.0180156	0.10351	0.0552382	0.0148416	0.0643029	0.0229944	0.0244446	0.0252561	0.0303835	0.0171642	0.227901	0.028655	0.0390835	0.0383034	0.0713377	0.0724438	0.035517	0.00489012	0.00963014
186	0.160582	0.00635119	0.0178043	0.0898233	0.0339353	0.0440053	0.00638214	0.0253775	0.0169541	0.0815988	0.0112438	0.0133765	0.317861	0.0454087	0.0195493	0.0305245	0.0455344	0.0267883	0.00236209	0.00453782
187	0.119635	0.00612553	0.072706	0.178052	0.00564191	0.00999446	0.136043	0.010883	0.00908575	0.0136402	0.0297457	0.0336632	0.0300705	0.27795	0.0105339	0.0224328	0.0137316	0.0138263	0.00243454	0.00380564
188	0.639655	0.0217053	0.000733422	0.000935097	0.000881683	0.0321719	0.00403318	0.00812603	0.000995	0.00249695	0.000969577	0.00763612	0.000573799	0.00663941	0.00120244	0.238556	0.015264	0.0163541	0.000479752	0.000591944
189	0.135372	0.0139797	0.00439664	0.00525776	0.0101742	0.00735914	0.00393174	0.0668135	0.00385732	0.0309921	0.0375462	0.00442615	0.0081379	0.00704155	0.00346491	0.0242946	0.296079	0.332615	0.00186645	0.00239417
190	0.100356	0.00232752	0.0394274	0.134046	0.0343482	0.038723	0.0326041	0.00146803	0.0819622	0.032894	0.00112421	0.0255834	0.00072595	0.121011	0.198293	0.0348634	0.0302675	0.0774921	0.000400556	0.0120816
191	0.201051	0.00518024	0.00741161	0.0327924	0.0773397	0.00734203	0.0513782	0.0313736	0.00689303	0.0592708	0.0280417	0.0279708	0.00345652	0.0773361	0.0539967	0.0329131	0.0653157	0.114051	0.0487308	0.0681553
192	0.0331406	0.0118764	0.000775652	0.00167428	0.0942838	0.00359908	0.00513219	0.133927	0.00174068	0.484375	0.0920595	0.00424969	0.00115067	0.00227246	0.00426184	0.0100975	0.00883824	0.0646909	0.00725612	0.0345976
