446	20
1	0.028229	0.0199191	0.00151194	0.00815724	0.0379324	0.0140451	0.00689659	0.238469	0.0088206	0.226239	0.130146	0.00968328	0.0221124	0.00703552	0.0237919	0.0345158	0.0384756	0.129466	0.000396244	0.0141571
2	0.016948	0.00877054	0.0141682	0.0171225	0.00473761	0.0272043	0.021576	0.0153565	0.498877	0.0125	0.0059799	0.013191	0.0072864	0.0601255	0.217406	0.0326856	0.0123774	0.00647199	0.00385286	0.00336316
3	0.119436	0.0289744	0.00843084	0.00897515	0.103961	0.024104	0.0147187	0.0339841	0.0401722	0.1684	0.0558224	0.0697479	0.030478	0.0246823	0.018261	0.0842052	0.117792	0.0377531	0.00325345	0.00684835
4	0.10445	0.0144755	0.00563974	0.00939262	0.00389418	0.0542723	0.00878506	0.0154001	0.0129091	0.0264384	0.0258714	0.0537704	0.0222398	0.0403209	0.0133441	0.33814	0.218221	0.0297052	0.000444038	0.00228611
5	0.0420029	0.0178522	0.00961698	0.00150131	0.0176154	0.00215508	0.00169579	0.274285	0.00560511	0.108573	0.0133431	0.00551581	0.00551531	0.00211284	0.00540516	0.0245324	0.0186704	0.433668	0.000358962	0.00997608
6	0.146621	0.0102286	0.00778473	0.00503533	0.00376888	0.0711931	0.0139165	0.0103189	0.0079017	0.0782089	0.0213543	0.113901	0.117289	0.0240017	0.011244	0.173738	0.11314	0.0528735	0.00163784	0.0158438
7	0.00802933	0.00119456	0.197325	0.664011	0.00125614	0.0067975	0.0064859	0.00164477	0.011	0.0120489	0.00331465	0.01165	0.00244462	0.0197647	0.018186	0.0242842	0.00421598	0.00551	0.000293446	0.000543235
8	0.10368	0.0222974	0.0120569	0.00621364	0.0351717	0.0426618	0.0242529	0.0348889	0.0155986	0.0660301	0.0144231	0.0861844	0.020701	0.0181962	0.0191987	0.191677	0.251587	0.0315493	0.000743143	0.00288835
9	0.0452352	0.0403778	0.00196965	0.00303605	0.0368916	0.0318501	0.0131841	0.058037	0.00995625	0.501987	0.0626572	0.00976686	0.0142579	0.0281397	0.0139562	0.0220616	0.0178794	0.080963	0.00106769	0.00672561
10	0.0178794	0.00437595	0.364955	0.378602	0.00613279	0.0329611	0.00834859	0.00713151	0.00983597	0.016919	0.00393655	0.0389098	0.0106218	0.0268053	0.0133671	0.0394526	0.00768083	0.0110773	0.000328203	0.000679657
11	0.0164971	0.0103815	0.0140762	0.0188949	0.00496103	0.0210637	0.0255883	0.0142961	0.469844	0.0133804	0.00687106	0.0209924	0.00725302	0.0597828	0.223016	0.0429616	0.0162932	0.00628999	0.00414008	0.00341646
12	0.0296865	0.0150415	0.00160493	0.00789018	0.0319614	0.0104163	0.00639262	0.244481	0.0088137	0.220524	0.130299	0.00952845	0.0191289	0.00655057	0.0177137	0.0358921	0.0405281	0.154837	0.000284663	0.00842494
13	0.0444325	0.0135022	0.0198837	0.0212313	0.00813966	0.0338815	0.030099	0.0175652	0.310899	0.0254717	0.0111097	0.0452664	0.0310081	0.0626636	0.142235	0.110389	0.0424032	0.0174461	0.00458958	0.00778301
14	0.0114829	0.00241593	0.265621	0.555091	0.0030594	0.0164171	0.00689033	0.00372724	0.010345	0.014116	0.00324938	0.0212798	0.00557867	0.0222253	0.016126	0.0286211	0.00534178	0.00753405	0.000253069	0.000625376
15	0.00852818	0.00126002	0.198672	0.658079	0.00140824	0.00664684	0.00685886	0.00166285	0.0112451	0.0121624	0.00342359	0.0117542	0.00252588	0.0200674	0.0195405	0.0248448	0.00440465	0.00603991	0.000281307	0.000594526
16	0.0310275	0.0119788	0.0179046	0.00530756	0.187389	0.0439138	0.0471829	0.0227031	0.0102619	0.0737633	0.00984546	0.008684	0.0092844	0.0223223	0.0229113	0.0341137	0.016195	0.0351541	0.0565607	0.333497
17	0.107831	0.0143935	0.0196246	0.017215	0.00515775	0.0815133	0.0470306	0.0132807	0.0163544	0.0551361	0.0103457	0.198237	0.0316532	0.0544454	0.0176638	0.184958	0.0871685	0.0277406	0.0021406	0.00810941
18	0.0616972	0.0407542	0.0154572	0.0240316	0.130198	0.0584681	0.033823	0.0561492	0.0159761	0.113387	0.0158965	0.012373	0.0155573	0.0265004	0.0489931	0.0426535	0.024012	0.0376567	0.0333475	0.193069
19	0.0257029	0.0140875	0.00134888	0.00787544	0.0318507	0.0106187	0.00584749	0.253484	0.00894732	0.222522	0.134585	0.0095395	0.0186859	0.00512311	0.0201456	0.0332437	0.0366668	0.150167	0.000319326	0.00923943
20	0.0721081	0.0101241	0.0300947	0.0569658	0.00665982	0.0280032	0.0687583	0.0167883	0.0407376	0.0351058	0.00955202	0.0441468	0.121781	0.245581	0.0258934	0.118603	0.042493	0.0181039	0.00213034	0.00637081
21	0.0944868	0.00631946	0.0030542	0.00284064	0.00208032	0.0226012	0.00334468	0.00376984	0.0121413	0.0228338	0.0091702	0.0798152	0.0165026	0.0839736	0.0194532	0.412166	0.181948	0.0214743	0.00050517	0.00152019
22	0.046779	0.0182477	0.00394891	0.00527286	0.0351683	0.0332076	0.018629	0.0708507	0.0103411	0.452161	0.0684683	0.0122669	0.0181624	0.0612833	0.0125899	0.0267337	0.0197767	0.0788617	0.0011333	0.00611718
23	0.0123094	0.009165	0.0135535	0.0167035	0.00728795	0.0179491	0.0258057	0.0145242	0.496039	0.0119692	0.00614798	0.0112635	0.00578305	0.0597978	0.235124	0.0312565	0.0122345	0.00595578	0.00362483	0.0035055
24	0.0352724	0.0173086	0.00161056	0.00653708	0.0340744	0.01589	0.0088098	0.162863	0.0084458	0.308108	0.136409	0.00936701	0.0230809	0.0131429	0.0150096	0.0376262	0.0334597	0.125034	0.000331647	0.00761942
25	0.00766095	0.000921527	0.189299	0.67723	0.00101025	0.00488607	0.00654726	0.00118643	0.0112764	0.0118353	0.00342343	0.0101913	0.00201973	0.0194981	0.0187005	0.0239817	0.00412155	0.00534008	0.0002981	0.000572457
26	0.0389767	0.0570576	0.00426686	0.00839544	0.0514103	0.0236309	0.0145659	0.14615	0.0147215	0.302361	0.0663224	0.0105959	0.0171585	0.0178192	0.0405613	0.0309735	0.0256828	0.0852047	0.00464583	0.0395005
27	0.00837032	0.0012726	0.2021	0.655012	0.00148754	0.00701984	0.00658082	0.00185752	0.0110766	0.0125099	0.00345433	0.0124386	0.00274802	0.0201482	0.0183124	0.0244839	0.0044432	0.00581316	0.000295541	0.000575206
28	0.0374234	0.0136816	0.0176469	0.0188834	0.0113165	0.0301914	0.0297814	0.0335162	0.330693	0.037366	0.0159783	0.0282588	0.0241568	0.0532295	0.173821	0.0530752	0.0290917	0.0449098	0.00584743	0.0111322
29	0.0492216	0.018057	0.00154029	0.00213992	0.0414768	0.0354357	0.0136063	0.0586101	0.00810847	0.500056	0.0694035	0.00907446	0.0146146	0.0292031	0.0110016	0.0216284	0.0177445	0.0899581	0.00141065	0.00770913
30	0.185596	0.0125781	0.0173874	0.0140231	0.0075867	0.0800542	0.0461379	0.0168809	0.0131041	0.0555747	0.0137266	0.106414	0.0395596	0.0276549	0.0191182	0.192735	0.0884383	0.0538703	0.00198082	0.00757884
31	0.0948802	0.00647346	0.00333276	0.00278629	0.00240244	0.0241194	0.00422001	0.00443129	0.0117529	0.0252397	0.0108095	0.0838116	0.0163884	0.0863843	0.0199287	0.390658	0.188042	0.021959	0.000547985	0.00183162
32	0.0093776	0.00167919	0.215667	0.630164	0.00202797	0.00998791	0.00657608	0.00268855	0.0107233	0.0128218	0.00329241	0.0158557	0.00357952	0.020636	0.0175799	0.0252111	0.00481467	0.00641172	0.00031702	0.000589407
33	0.0113451	0.00821396	0.0136611	0.0159522	0.00467921	0.0180057	0.0218441	0.0142474	0.521271	0.0109624	0.00539176	0.00979254	0.00412838	0.0585638	0.231913	0.0294778	0.0104203	0.00432052	0.00372489	0.00208423
34	0.0887718	0.0327557	0.0131726	0.0607313	0.0099618	0.0198549	0.014871	0.0583611	0.0308592	0.018563	0.067353	0.0196049	0.019216	0.0153738	0.0153004	0.233393	0.257792	0.0176324	0.00151868	0.00491378
35	0.0220363	0.00597551	0.402288	0.30433	0.00767901	0.0397173	0.00828886	0.00957614	0.0102459	0.0190326	0.00404237	0.0462635	0.0126617	0.0326515	0.0116854	0.0388067	0.0102356	0.0132927	0.000314795	0.000875632
36	0.0253404	0.0127435	0.00107446	0.00868306	0.0320902	0.00983489	0.00588377	0.254386	0.00880416	0.21005	0.145819	0.0100496	0.0200435	0.00455209	0.0191966	0.0348034	0.0395471	0.148369	0.00024362	0.0084856
37	0.0652142	0.0047963	0.0337647	0.023951	0.00455864	0.0115377	0.223139	0.015464	0.0137059	0.0310927	0.00517987	0.0375827	0.0380585	0.375939	0.00746028	0.0582255	0.0256005	0.017324	0.000902841	0.00650213
38	0.0413882	0.017656	0.029266	0.030606	0.0144142	0.0293346	0.0400173	0.0194835	0.245457	0.0300949	0.0145656	0.0378735	0.0251234	0.0894674	0.169793	0.0817336	0.0408181	0.0196016	0.00653909	0.0167673
39	0.0616492	0.00766683	0.0280667	0.0259008	0.00714804	0.0240848	0.18501	0.0312651	0.0242921	0.0299968	0.00767553	0.0707683	0.0403738	0.262226	0.0211115	0.100265	0.0403253	0.0198668	0.00162812	0.0106794
40	0.0488898	0.0611659	0.0233659	0.013506	0.0763858	0.0529023	0.0626113	0.0283942	0.0309254	0.0610038	0.014993	0.04437	0.0245821	0.0682542	0.0451647	0.0710686	0.0365926	0.0348642	0.0241063	0.176854
41	0.0329353	0.0134114	0.0145439	0.00562208	0.182453	0.0460914	0.0435008	0.0248821	0.0102334	0.072462	0.010768	0.00845064	0.00871023	0.0229046	0.0210843	0.036162	0.0170488	0.040612	0.0607784	0.327345
42	0.05736	0.018608	0.0156074	0.00957288	0.119142	0.0404351	0.0622595	0.0572152	0.0172726	0.100367	0.0214173	0.0172435	0.0164993	0.0272476	0.0316894	0.0432333	0.0249587	0.0436843	0.0364717	0.239716
43	0.0324883	0.00736054	0.148917	0.420146	0.00444294	0.0186922	0.0250119	0.00888618	0.0262628	0.0198795	0.00648664	0.0333577	0.0205718	0.0736367	0.0250491	0.0810737	0.0272577	0.0141557	0.00121061	0.00511301
44	0.027524	0.0137602	0.00147096	0.00764802	0.0323852	0.0113387	0.00648684	0.24244	0.00898853	0.229303	0.134077	0.00956041	0.0186115	0.00606512	0.0197426	0.0329715	0.0362547	0.152708	0.000362351	0.00830078
45	0.12392	0.0142919	0.0133669	0.00917292	0.00782852	0.0932882	0.0192263	0.0177666	0.0181552	0.0405855	0.0119273	0.0726732	0.0422085	0.0346219	0.0373874	0.252169	0.146689	0.0379886	0.00138267	0.00535011
46	0.0668534	0.0273229	0.0291747	0.0183443	0.0109427	0.0415557	0.0454894	0.0147211	0.0304276	0.0377983	0.0115862	0.279584	0.0292798	0.0425767	0.0277313	0.127716	0.0631909	0.0219364	0.00571352	0.0680555
47	0.0977878	0.038009	0.0180899	0.00934359	0.0123499	0.115267	0.019689	0.0200398	0.0144353	0.0610206	0.0144407	0.0703274	0.0295627	0.024917	0.0224677	0.204955	0.177848	0.0417687	0.00138193	0.00629829
48	0.0762421	0.0184239	0.0111952	0.00964729	0.0315405	0.0484626	0.0228525	0.0714191	0.0172069	0.232418	0.0529159	0.0376258	0.0291651	0.0318537	0.0217747	0.106077	0.091184	0.0784495	0.00153728	0.0100083
49	0.0805705	0.0269728	0.0195712	0.0164016	0.0552428	0.0423511	0.0348056	0.0280453	0.0357543	0.0484177	0.016394	0.133525	0.0312608	0.0366365	0.0834365	0.136139	0.122973	0.0311886	0.00628468	0.0140284
50	0.0334826	0.0150269	0.00385826	0.00391656	0.0270762	0.00492702	0.0031972	0.285818	0.00679628	0.174358	0.0698056	0.00598521	0.00978476	0.00258067	0.0114886	0.02892	0.0241871	0.28067	0.000277101	0.00784493
51	0.0121338	0.00175581	0.204764	0.628983	0.0016928	0.00961363	0.00704686	0.00237849	0.0112221	0.0153715	0.00383514	0.0143809	0.00456777	0.0206593	0.0184359	0.0289849	0.00602524	0.00697052	0.000401351	0.000776902
52	0.0520896	0.017665	0.00194633	0.00379324	0.0462867	0.0283209	0.0118754	0.093215	0.00997368	0.415067	0.0896254	0.0128875	0.0169704	0.0237794	0.0118066	0.0298855	0.0282397	0.0978748	0.00104347	0.00765463
53	0.05726	0.0218563	0.0221377	0.0252612	0.0165613	0.0346986	0.124528	0.0177361	0.0935734	0.032576	0.0140586	0.063027	0.0337761	0.105315	0.103397	0.131179	0.054366	0.0207203	0.00405898	0.0239137
54	0.0144302	0.0218614	0.0131186	0.0173177	0.00594863	0.0195974	0.0263346	0.0140531	0.454169	0.0129885	0.00901677	0.0173451	0.00829424	0.0637375	0.218058	0.0441071	0.0203859	0.00780286	0.0055018	0.00593125
55	0.112822	0.0123706	0.0236923	0.0213157	0.0109412	0.0431711	0.0734738	0.0204267	0.0342128	0.0575613	0.0141878	0.0473888	0.0632252	0.213056	0.024586	0.118174	0.0677366	0.029132	0.00270974	0.00981599
56	0.136769	0.0367934	0.0109749	0.0431758	0.0115241	0.0237582	0.0141622	0.0444993	0.0168504	0.0206129	0.0862874	0.0188034	0.0186925	0.0141617	0.013071	0.211425	0.253822	0.019416	0.0013536	0.00384687
57	0.0601226	0.00908484	0.135368	0.224805	0.00893961	0.0382706	0.0228477	0.0162337	0.0303788	0.0366912	0.0113285	0.0409549	0.124884	0.0546158	0.0338362	0.0891854	0.0333296	0.0199117	0.0022289	0.00698242
58	0.0478888	0.0176633	0.00903192	0.00305895	0.0183852	0.0055414	0.00347179	0.267339	0.00604867	0.118327	0.0229329	0.00980006	0.009399	0.00384257	0.00771758	0.0299628	0.0218226	0.38775	0.000558048	0.00945954
59	0.432804	0.00754585	0.013464	0.0102957	0.0119711	0.0482386	0.0189022	0.0188896	0.010209	0.0283521	0.0108416	0.0400149	0.0212317	0.016182	0.0141124	0.178684	0.0544095	0.0585811	0.00138028	0.00389067
60	0.0138581	0.00869426	0.0168976	0.0156498	0.00481286	0.0196015	0.0228375	0.0143161	0.507507	0.0116181	0.00529202	0.0126375	0.0061358	0.0613787	0.22206	0.0327531	0.010991	0.00609123	0.00382865	0.00303941
61	0.0395881	0.0171514	0.0265673	0.0365411	0.0149879	0.0319132	0.0311602	0.0303646	0.272688	0.0394427	0.0164344	0.0360287	0.0254035	0.0515759	0.174612	0.0726811	0.0368836	0.0252173	0.00494413	0.0158147
62	0.0598842	0.0224013	0.0134981	0.0123105	0.0757312	0.0446404	0.0337188	0.0519406	0.0204346	0.170725	0.031198	0.0246132	0.0333508	0.0297614	0.0280079	0.0961024	0.0385388	0.0540271	0.020792	0.138324
63	0.0744341	0.0253916	0.0231589	0.0189018	0.00410687	0.0728313	0.0477007	0.0114183	0.0277756	0.0242746	0.00748968	0.258536	0.0180618	0.0417701	0.024533	0.216174	0.0764836	0.0162635	0.0025264	0.00816883
64	0.293501	0.00829916	0.0275178	0.0351341	0.00734671	0.131035	0.00905186	0.0492825	0.00885029	0.0162552	0.00764524	0.0241949	0.0122315	0.0123602	0.0100307	0.0572047	0.248372	0.0354041	0.00129854	0.00498529
65	0.0356146	0.0147863	0.00312809	0.00751679	0.0393362	0.0135117	0.00757578	0.231142	0.00911959	0.213447	0.105133	0.0114733	0.0188133	0.00867099	0.0196039	0.0423197	0.0506182	0.156072	0.000930021	0.0111877
66	0.0407689	0.0478894	0.00262	0.00508764	0.0362825	0.0241486	0.0111267	0.120154	0.015093	0.41347	0.0644189	0.0092597	0.0143595	0.0208732	0.0206625	0.0255642	0.0200527	0.0929399	0.00161474	0.0136136
67	0.199773	0.00266139	0.00409903	0.00232721	0.0028507	0.18543	0.0193731	0.022577	0.00442091	0.0537378	0.0264182	0.0410013	0.0538864	0.0211919	0.00476655	0.195615	0.0938529	0.0642465	0.00015284	0.00161895
68	0.0826708	0.0152085	0.0136353	0.0215199	0.008582	0.0700798	0.0354296	0.0151606	0.0754182	0.0348773	0.0131154	0.0698625	0.0493877	0.121605	0.0470106	0.184459	0.103809	0.0281523	0.00237861	0.00763825
69	0.0339523	0.0155836	0.00417287	0.00337278	0.0241067	0.0041097	0.00242254	0.295613	0.00660372	0.169961	0.0582822	0.00543708	0.00779887	0.00204379	0.0107357	0.0270725	0.0217474	0.299194	0.000255168	0.00753547
70	0.0249714	0.0125249	0.0010673	0.00869516	0.0317972	0.00991866	0.00576548	0.252203	0.00873376	0.215104	0.14517	0.0100668	0.0198333	0.0048259	0.0186915	0.0343505	0.0390254	0.148915	0.000237429	0.00810188
71	0.0904063	0.00814178	0.0367511	0.0173768	0.00445759	0.0308375	0.0806159	0.0123694	0.0171577	0.0336365	0.00720167	0.0263491	0.337437	0.150845	0.0189814	0.076524	0.026668	0.0159735	0.00107789	0.00719227
72	0.0305237	0.0113301	0.0135231	0.00497412	0.201949	0.0474449	0.0329337	0.0235371	0.00714465	0.0756058	0.0100192	0.00562906	0.00707221	0.0209594	0.0182786	0.0331113	0.0158158	0.0349714	0.0624202	0.342756
73	0.0702866	0.0177399	0.00531897	0.00516186	0.0314453	0.0387378	0.0116231	0.108416	0.00958252	0.332	0.053809	0.0153285	0.0218229	0.0219521	0.0131315	0.0476663	0.0306015	0.153433	0.00185348	0.01009
74	0.0977529	0.0116918	0.0181578	0.0115519	0.00578753	0.0326392	0.0134229	0.00720143	0.0502641	0.0453989	0.0087742	0.0574827	0.118081	0.0681835	0.0218607	0.323255	0.083993	0.0165484	0.00203179	0.00592059
75	0.148754	0.00774023	0.0114402	0.012853	0.00437395	0.0387888	0.0344307	0.012176	0.0255984	0.0601953	0.0109975	0.0479048	0.141894	0.211202	0.0109378	0.120109	0.070396	0.0231011	0.00150403	0.00560226
76	0.00780872	0.000989852	0.191416	0.67379	0.00113042	0.0054016	0.00653742	0.00125129	0.0111683	0.0118733	0.00332898	0.0106025	0.0021343	0.0193929	0.0185283	0.0242619	0.00414994	0.00536998	0.000305938	0.000558332
77	0.0677343	0.0121023	0.0269851	0.0429704	0.00895049	0.0423737	0.147285	0.0163325	0.0221555	0.0534642	0.0113998	0.122781	0.0296123	0.109582	0.0304211	0.13644	0.0563664	0.0450486	0.00312064	0.0148747
78	0.0579795	0.0134377	0.0895126	0.0425163	0.00802152	0.0374119	0.0755216	0.036822	0.0248111	0.0330701	0.0102182	0.132723	0.0419872	0.201297	0.0257095	0.0928506	0.0415897	0.0213947	0.00256824	0.0105574
79	0.146669	0.00843819	0.0138824	0.013762	0.00645925	0.0732812	0.0726817	0.0198421	0.016287	0.074707	0.0305551	0.0371744	0.0881883	0.164652	0.0130429	0.12341	0.0532902	0.0367771	0.00180287	0.00509733
80	0.113223	0.0133834	0.010754	0.00539414	0.00538127	0.0893961	0.014194	0.0149562	0.0121192	0.049396	0.0116687	0.0783881	0.031592	0.0480901	0.0154245	0.252991	0.174878	0.0546227	0.000772384	0.00337573
81	0.0422229	0.0191216	0.00728136	0.0019233	0.0200927	0.00297	0.00201908	0.27115	0.00561819	0.133266	0.0263593	0.00491861	0.0061823	0.0023154	0.00693815	0.0274271	0.0183326	0.392778	0.000315511	0.00876804
82	0.049622	0.0170331	0.00442945	0.00289971	0.0253039	0.0100163	0.0047198	0.231665	0.00939832	0.240609	0.0480116	0.00579534	0.00910722	0.0083811	0.00979065	0.0251026	0.0188748	0.269975	0.000802462	0.00846224
83	0.133685	0.00667698	0.00514451	0.0047297	0.00288322	0.0435849	0.00708305	0.00646773	0.013463	0.0258843	0.00862222	0.0730971	0.0450954	0.119357	0.0139527	0.317506	0.145011	0.0248001	0.000716773	0.00223952
84	0.139208	0.0706511	0.0131295	0.0183892	0.0234357	0.0290358	0.0215674	0.0498921	0.0199892	0.0571724	0.0694016	0.0370476	0.0310959	0.0217865	0.0208725	0.150383	0.182186	0.0347983	0.00304814	0.00691009
85	0.0336467	0.0149593	0.0027586	0.00464577	0.0286287	0.00686604	0.00404388	0.26947	0.00747494	0.202249	0.0840538	0.00665797	0.0114244	0.00405409	0.012644	0.0289397	0.0261508	0.243204	0.000269376	0.00785878
86	0.0076366	0.00090716	0.187836	0.679232	0.000997596	0.00470559	0.00654353	0.0011535	0.0112845	0.0118001	0.00342497	0.0100848	0.0019636	0.0194693	0.0187621	0.0238935	0.00413142	0.00530661	0.000295017	0.000572122
87	0.133647	0.017738	0.0186577	0.0184199	0.0166324	0.0596578	0.02758	0.0238192	0.0320291	0.099694	0.0182063	0.0380055	0.147114	0.0390305	0.0728804	0.120065	0.0575952	0.0402223	0.00518068	0.0138246
88	0.300148	0.0165617	0.0113715	0.0120963	0.0395218	0.0405823	0.0211613	0.0502465	0.0147938	0.0351731	0.0193853	0.0355805	0.0221634	0.0162193	0.0187106	0.175283	0.13171	0.032899	0.00160803	0.00478446
89	0.0196032	0.0147096	0.0127965	0.0331851	0.00480341	0.0208104	0.0326712	0.0144638	0.385309	0.0213585	0.0174796	0.0258681	0.0161468	0.0738602	0.209287	0.0495429	0.0309131	0.00912503	0.00361606	0.00445152
90	0.0603143	0.016319	0.0138604	0.0129371	0.0567389	0.0307585	0.0305655	0.0489536	0.0227956	0.232815	0.0409098	0.0218808	0.0319202	0.121369	0.027491	0.057128	0.0691841	0.0850215	0.00522289	0.0138143
91	0.0356252	0.0164286	0.0052397	0.0034499	0.0245151	0.0043738	0.00279399	0.279971	0.0065406	0.156809	0.0562565	0.0061105	0.00925846	0.00274597	0.0101024	0.0276934	0.0246801	0.318659	0.000269466	0.00847771
92	0.114563	0.0348242	0.0104671	0.0174054	0.0138652	0.0485438	0.0168851	0.0884441	0.0136691	0.0445001	0.0639313	0.0228076	0.0597551	0.0165775	0.0184135	0.181063	0.187936	0.0390141	0.00141545	0.00592058
93	0.0615898	0.0252894	0.00348227	0.00643216	0.0427604	0.0196848	0.0103708	0.127216	0.0102452	0.275689	0.113428	0.0156429	0.0236945	0.0158785	0.0161014	0.0579468	0.048564	0.117878	0.000694584	0.00741114
94	0.156158	0.00993095	0.00347032	0.00293019	0.00220882	0.115176	0.00783495	0.021169	0.00580208	0.0323722	0.00965268	0.0171874	0.181984	0.0561908	0.00703369	0.189768	0.13659	0.0406985	0.000630808	0.00321156
95	0.00780335	0.000945077	0.187552	0.675795	0.00102939	0.00484763	0.00688525	0.00123099	0.0114451	0.011855	0.00354074	0.0101827	0.00210037	0.0195945	0.0198376	0.024587	0.00420716	0.00566051	0.000293007	0.000607303
96	0.0628127	0.0175437	0.0836513	0.145529	0.0172186	0.0411346	0.0207351	0.0486924	0.0181379	0.147692	0.0322094	0.0333149	0.0298651	0.0326518	0.0316628	0.10616	0.0427293	0.0751648	0.00424562	0.00884883
97	0.0512204	0.0658403	0.0165498	0.0169604	0.0187761	0.0311976	0.0572827	0.0153748	0.0754813	0.0301735	0.0386537	0.16121	0.0235732	0.0412027	0.0548824	0.16798	0.0559635	0.020621	0.0442029	0.0128539
98	0.12171	0.0109797	0.0085012	0.00955856	0.00597441	0.0241402	0.008573	0.00791462	0.0130076	0.0560135	0.00812836	0.0423173	0.0190026	0.132945	0.0146471	0.314008	0.13978	0.0562681	0.00161897	0.00491119
99	0.0419914	0.0191634	0.00738233	0.00164708	0.0188941	0.00229377	0.00158719	0.275351	0.005568	0.128773	0.0221518	0.00472089	0.00567457	0.00186042	0.00656908	0.0264815	0.0176751	0.403238	0.000285199	0.00869135
100	0.0335819	0.0152935	0.00386634	0.00365844	0.0252006	0.00476864	0.00291643	0.289763	0.00672512	0.17669	0.0641438	0.00565274	0.0087085	0.0025523	0.0110322	0.027541	0.0229327	0.286864	0.00027813	0.00783022
101	0.0633461	0.00352944	0.0290805	0.0253886	0.00384303	0.0105702	0.226653	0.0151954	0.0118647	0.0315874	0.00481467	0.0294321	0.039071	0.397544	0.00576714	0.0541794	0.025269	0.0177324	0.000827453	0.00430455
102	0.0771066	0.0177186	0.00964583	0.0090581	0.103009	0.0484712	0.0228681	0.0621744	0.0121143	0.195845	0.0215253	0.0123744	0.0162006	0.0472374	0.024105	0.034943	0.020009	0.0778747	0.041932	0.145788
103	0.0875697	0.0076117	0.0233801	0.0243995	0.00587674	0.0446802	0.104667	0.0147948	0.0487208	0.0353992	0.00916759	0.038661	0.0838117	0.28324	0.0179491	0.106236	0.0363195	0.0179027	0.00207516	0.00753799
104	0.0664608	0.00348947	0.026691	0.0230206	0.00322363	0.0120538	0.195389	0.0148485	0.0152551	0.0351375	0.00539154	0.0264176	0.0507469	0.417293	0.00533522	0.0571728	0.0230448	0.0149301	0.000695453	0.00340242
105	0.0448383	0.0178922	0.00191398	0.00248169	0.0384142	0.0339847	0.0148831	0.0589818	0.00821809	0.506125	0.0699664	0.0103006	0.0154517	0.0343809	0.0114704	0.0204879	0.0165734	0.0876801	0.000931094	0.00502386
106	0.105671	0.00520918	0.00977452	0.00941733	0.00159787	0.0410111	0.0174232	0.0117088	0.00520114	0.0467073	0.00712125	0.0157677	0.540763	0.029774	0.0157641	0.0865319	0.0289841	0.0167048	0.00127247	0.00359437
107	0.143958	0.00582981	0.00458987	0.00366408	0.0020825	0.131964	0.012078	0.0223211	0.0047328	0.0372432	0.0142993	0.0217065	0.239691	0.0367461	0.00844955	0.168394	0.094912	0.0442679	0.000477314	0.00259228
108	0.0252781	0.0125315	0.00106687	0.00879162	0.0319986	0.00975785	0.00582439	0.255228	0.00871873	0.208424	0.146394	0.0101138	0.0199353	0.00446026	0.0190535	0.0349584	0.0395649	0.149279	0.000244192	0.00837629
109	0.119981	0.00796086	0.0246085	0.0115831	0.00353812	0.0692008	0.0295513	0.010713	0.00651865	0.0352815	0.00811554	0.0181276	0.460276	0.0379142	0.019247	0.0838743	0.0296553	0.0173193	0.00119505	0.00533836
110	0.0445924	0.0177333	0.00122408	0.00237582	0.0392773	0.0330464	0.0132991	0.0661606	0.00860908	0.500063	0.0764444	0.00871049	0.0142414	0.0282747	0.0100946	0.0204569	0.0173023	0.0921596	0.000818756	0.00511605
111	0.144287	0.00896532	0.00678385	0.00598256	0.00780107	0.157417	0.0314638	0.0223216	0.00903262	0.129119	0.0429156	0.0301265	0.0670099	0.0247663	0.0116106	0.142474	0.0965245	0.0555843	0.00076689	0.00504729
112	0.0918948	0.00602327	0.0113629	0.0101845	0.00223842	0.0279635	0.0107196	0.00788843	0.00437458	0.0353876	0.00467763	0.0117498	0.618015	0.0228202	0.0160403	0.0826759	0.0231134	0.00992802	0.000500237	0.00244197
113	0.20375	0.00176262	0.00314708	0.00179164	0.0029869	0.18161	0.0186349	0.0235621	0.00469448	0.0552706	0.0276293	0.0355292	0.0599722	0.0213223	0.00494632	0.191891	0.0923359	0.0671161	0.000158284	0.00189042
114	0.206575	0.00170508	0.00300354	0.00178766	0.00272497	0.182245	0.0186076	0.0224081	0.00442873	0.054085	0.0271449	0.0345004	0.0602227	0.0212366	0.00468908	0.195383	0.0922489	0.0649318	0.000156852	0.00191465
115	0.20973	0.00249736	0.00374577	0.00312592	0.00283734	0.255327	0.013876	0.0169815	0.00373746	0.0405213	0.0187705	0.03041	0.0444026	0.0156811	0.00498915	0.199922	0.0789515	0.0527574	0.000279214	0.00145686
116	0.207865	0.00164901	0.00298072	0.00172562	0.00260901	0.184171	0.0186332	0.0226298	0.00425513	0.0540236	0.0271159	0.0344935	0.0590025	0.0212352	0.00454642	0.193897	0.0924177	0.0648253	0.000141293	0.00178336
117	0.211734	0.00250565	0.00362968	0.002521	0.00312673	0.186428	0.0180872	0.0222625	0.00462623	0.0524538	0.0263993	0.0378478	0.0526749	0.0205555	0.00468765	0.192284	0.0947197	0.0616085	0.000183336	0.0016641
118	0.165161	0.00667515	0.00829258	0.0066943	0.0033183	0.229556	0.0160324	0.0143446	0.00723994	0.0426439	0.0150631	0.0618811	0.0347962	0.019521	0.00851466	0.232126	0.0825898	0.0426606	0.000609479	0.00228039
119	0.0462499	0.0184256	0.00122174	0.00319241	0.0431206	0.0258853	0.0117629	0.094177	0.00842438	0.44209	0.0928777	0.00942862	0.0176789	0.0238048	0.0114346	0.0251543	0.0219896	0.0960462	0.000598176	0.00643736
120	0.19775	0.00263087	0.00413089	0.00358229	0.00252726	0.266574	0.0139694	0.0174354	0.00374901	0.0423901	0.0187937	0.033648	0.0432665	0.0156375	0.00469876	0.193672	0.079945	0.0538892	0.000242725	0.001467
121	0.205404	0.00313492	0.00555716	0.00367942	0.00314997	0.151926	0.0229781	0.0198752	0.00890179	0.0600104	0.0253587	0.0313081	0.0965541	0.0338146	0.0147855	0.16253	0.0841058	0.0604011	0.00150435	0.00502074
122	0.058649	0.0174664	0.00192294	0.003047	0.0394042	0.0386634	0.0153175	0.0526015	0.00815828	0.48484	0.0679652	0.0103718	0.0165301	0.0293357	0.0128504	0.0268178	0.0223455	0.0880194	0.00104576	0.0046479
123	0.205749	0.00170749	0.00346859	0.00195541	0.00261122	0.184083	0.0192346	0.02271	0.00430463	0.0540794	0.0271048	0.0354689	0.0579431	0.0214602	0.00459931	0.194398	0.0924118	0.064851	0.000130281	0.00172972
124	0.205344	0.00173225	0.00284912	0.00167024	0.00258314	0.181059	0.0183143	0.0224823	0.00477593	0.0544476	0.027173	0.0337763	0.06313	0.0218579	0.0049689	0.192128	0.0933533	0.0661633	0.000164531	0.00202792
125	0.0916533	0.00888219	0.0150839	0.0264244	0.0175662	0.0647633	0.0268638	0.0207102	0.0536911	0.0149161	0.00583673	0.193207	0.0320292	0.0213763	0.0914564	0.242116	0.0462547	0.0218349	0.00174731	0.0035876
126	0.149605	0.0098414	0.0164316	0.0363123	0.0256308	0.0625575	0.0405965	0.0131181	0.0169685	0.087153	0.0108855	0.0655579	0.0876431	0.043745	0.0536281	0.163739	0.0380459	0.0447971	0.0226243	0.0111186
127	0.0823418	0.0148294	0.00413151	0.00737997	0.0308755	0.0103538	0.0197441	0.201375	0.00811486	0.157729	0.122128	0.0102405	0.0644299	0.00971202	0.0143287	0.0660492	0.0334526	0.121755	0.000904178	0.0201255
128	0.123305	0.00994939	0.0312442	0.027702	0.0076596	0.0768946	0.0230485	0.0143331	0.0177226	0.0725739	0.0120815	0.0346617	0.132204	0.0412657	0.0549579	0.230226	0.0489103	0.0261923	0.00604241	0.009026
129	0.0879461	0.00556442	0.0100445	0.0119861	0.00156578	0.0325796	0.0109702	0.00913334	0.00393542	0.0368522	0.0068885	0.0127787	0.596965	0.0221258	0.0203427	0.0885483	0.0248809	0.0135434	0.000757972	0.00259077
130	0.0112287	0.00810751	0.0133461	0.0162967	0.00458088	0.0176416	0.0222918	0.0139696	0.521109	0.0108291	0.00522819	0.0098085	0.00392552	0.0581412	0.234163	0.0292421	0.0103501	0.00414501	0.00344146	0.00215426
131	0.0778675	0.0227953	0.053953	0.037965	0.0228682	0.0495897	0.0366679	0.0609194	0.0360423	0.0765466	0.0402162	0.0439297	0.0325356	0.0575089	0.104793	0.0740942	0.0943268	0.0718012	0.00150029	0.00407942
132	0.0076366	0.00090716	0.187836	0.679232	0.000997596	0.00470559	0.00654353	0.0011535	0.0112845	0.0118001	0.00342497	0.0100848	0.0019636	0.0194693	0.0187621	0.0238935	0.00413142	0.00530661	0.000295017	0.000572122
133	0.0219937	0.00618825	0.374792	0.34074	0.00802787	0.0331688	0.0077817	0.00954098	0.0153551	0.0189095	0.00672642	0.0327883	0.0112476	0.0391618	0.0143373	0.0331432	0.00765127	0.0174283	0.000241823	0.000775863
134	0.0563566	0.0115987	0.0231369	0.0422124	0.00946316	0.0349886	0.08379	0.035612	0.150005	0.0529784	0.0205346	0.0717464	0.0385206	0.0390781	0.173076	0.0655014	0.0367595	0.0386982	0.00224484	0.0136983
135	0.0272984	0.00869437	0.448737	0.211283	0.0113105	0.046862	0.00870469	0.0136388	0.0136721	0.0234813	0.0051895	0.0445229	0.015828	0.0406377	0.010452	0.0389056	0.00931204	0.0202648	0.000310574	0.000894349
136	0.0267184	0.00787708	0.458119	0.206468	0.0102442	0.0492549	0.00911843	0.0129103	0.0118774	0.0235762	0.00403389	0.0484338	0.0164903	0.036038	0.010127	0.0411778	0.00919429	0.017258	0.000263468	0.000818923
137	0.0518529	0.0146687	0.173192	0.0796871	0.00785301	0.0401071	0.0240936	0.0199375	0.0125036	0.0324539	0.00973294	0.0758776	0.0276086	0.0272753	0.0143476	0.226668	0.110629	0.0423865	0.00148956	0.00763505
138	0.0223196	0.00647457	0.468416	0.21067	0.00874477	0.0507188	0.00859957	0.0105132	0.00897662	0.0199943	0.00328245	0.057322	0.0146115	0.0307595	0.010811	0.0431009	0.00926092	0.0143044	0.000294267	0.000825018
139	0.237378	0.0128577	0.0890051	0.0690231	0.0166536	0.176049	0.0205144	0.0282967	0.00869891	0.0241568	0.00599374	0.0219577	0.0123997	0.0129039	0.0508401	0.119036	0.0225236	0.0451429	0.0019854	0.0245843
140	0.00766197	0.000915879	0.188114	0.678767	0.00100717	0.00474947	0.00653315	0.00116223	0.011284	0.0118157	0.00343273	0.0101199	0.00197483	0.0194895	0.0187478	0.023898	0.00413353	0.00532255	0.000298467	0.000572155
141	0.0141377	0.00883082	0.0160375	0.0170299	0.00478561	0.0192476	0.0240664	0.016302	0.491025	0.0129538	0.00631194	0.0159355	0.00646085	0.0601818	0.226812	0.0356528	0.0126355	0.0058319	0.00357962	0.00218135
142	0.0748922	0.0505858	0.0242385	0.0153518	0.00781402	0.130519	0.0707142	0.0196113	0.0208518	0.0411597	0.0421463	0.0597523	0.0357802	0.065091	0.0271322	0.196231	0.0666999	0.0326429	0.00340247	0.0153841
143	0.0231451	0.00656465	0.472169	0.19855	0.00888013	0.0515835	0.00862504	0.0111235	0.00900568	0.0203251	0.00347398	0.0599504	0.0152701	0.0314575	0.0106972	0.0435532	0.00953914	0.0147969	0.000290962	0.000998965
144	0.0500459	0.0522028	0.060263	0.0135048	0.00989154	0.184152	0.127976	0.0196724	0.0166722	0.0298364	0.01553	0.0288797	0.0537622	0.0697321	0.0216114	0.0630583	0.0619657	0.0545555	0.00265408	0.0640338
145	0.022904	0.00689029	0.462091	0.213254	0.0091625	0.0504282	0.00903389	0.0110312	0.0096944	0.0208668	0.00338812	0.0546474	0.015745	0.0321541	0.0111565	0.0425403	0.00886546	0.0150009	0.000315446	0.000830642
146	0.0904809	0.00542477	0.0117027	0.0103517	0.00134101	0.0298732	0.0107383	0.00741779	0.00304497	0.0315637	0.00456152	0.0127299	0.622146	0.0241435	0.0189829	0.0793669	0.0232352	0.00998979	0.000613516	0.00229187
147	0.166605	0.00446533	0.00416922	0.0029205	0.00265896	0.12006	0.0188021	0.0181474	0.00868579	0.0659176	0.0242471	0.0536838	0.103094	0.0286422	0.0126575	0.181689	0.100422	0.074746	0.0012346	0.0071514
148	0.130093	0.0110244	0.00594289	0.00382782	0.00361345	0.100733	0.0116694	0.0181399	0.00890836	0.0364372	0.0118528	0.0365502	0.138929	0.0529705	0.0102167	0.212488	0.151817	0.0491546	0.000833523	0.00479823
149	0.140499	0.014061	0.0162405	0.040777	0.00981881	0.0460199	0.0228477	0.0123437	0.0197195	0.0765525	0.0138988	0.0590998	0.26802	0.0347514	0.0502367	0.106844	0.0328398	0.0225882	0.00504881	0.00779294
150	0.0554802	0.0118416	0.0557373	0.0356075	0.00980569	0.0460128	0.06692	0.0378382	0.0471418	0.0719083	0.0404965	0.0893554	0.0245274	0.0273375	0.160161	0.116928	0.0545312	0.0433273	0.00149897	0.00354307
151	0.0244456	0.00807222	0.455484	0.213963	0.0105844	0.0484971	0.00875135	0.0124917	0.0109129	0.0223585	0.00393992	0.0494262	0.0164576	0.0348286	0.0101867	0.0420094	0.00907577	0.0174094	0.000289495	0.000816562
152	0.0550148	0.0151606	0.048415	0.0177844	0.044947	0.0293747	0.0243926	0.0220569	0.101876	0.072996	0.0139116	0.0274062	0.0924334	0.0750386	0.0766004	0.0930546	0.0437568	0.124911	0.0080118	0.0128577
153	0.155054	0.0288728	0.0803543	0.00938544	0.00516672	0.0197694	0.0100961	0.00844996	0.0346631	0.0607654	0.00664454	0.0188022	0.195783	0.0400555	0.0128029	0.251955	0.0432182	0.0109163	0.00179863	0.00544697
154	0.139506	0.00826906	0.0163127	0.0109727	0.00311725	0.157483	0.0315062	0.0252677	0.00639631	0.0521872	0.0220533	0.0796968	0.0431422	0.0322923	0.00910514	0.201972	0.0989609	0.058661	0.000487441	0.00261035
155	0.100756	0.04604	0.0105132	0.00884543	0.0432093	0.0279855	0.0153476	0.0171156	0.0438624	0.0418817	0.0198069	0.105823	0.0648106	0.0209091	0.0221964	0.197219	0.181151	0.0228774	0.00385959	0.00578962
156	0.0891345	0.00939532	0.0134905	0.0111428	0.00947169	0.0407405	0.0406183	0.0170846	0.012539	0.0859425	0.013846	0.0214095	0.409212	0.046671	0.023078	0.0867825	0.0321127	0.023439	0.00302999	0.0108602
157	0.181897	0.00236371	0.0034503	0.00222719	0.00354926	0.161754	0.0171977	0.0255418	0.00882797	0.0654115	0.0294685	0.0335656	0.0726907	0.0255245	0.00810971	0.179476	0.0930419	0.0819193	0.000418046	0.00356609
158	0.176512	0.0279982	0.011598	0.0283968	0.0076831	0.0562802	0.0181864	0.00993029	0.0112669	0.121313	0.0303296	0.0742623	0.115476	0.0448628	0.0221625	0.159162	0.0454883	0.0266177	0.00398671	0.00848706
159	0.142196	0.0139212	0.0156516	0.0220743	0.0110079	0.0929185	0.0256156	0.0219633	0.132402	0.0613686	0.0146814	0.0252527	0.0444163	0.060791	0.0972656	0.0620634	0.0625535	0.0502583	0.00466891	0.0389301
160	0.105279	0.0267085	0.0196438	0.00579425	0.0117181	0.102907	0.0166169	0.0272935	0.015606	0.0540331	0.00990206	0.093435	0.0264545	0.0166736	0.0225212	0.223173	0.163929	0.0558012	0.000405975	0.00210364
161	0.090744	0.0195534	0.0279598	0.00932431	0.00687359	0.0885643	0.0241957	0.0158422	0.0115749	0.0494463	0.00786847	0.119424	0.0193659	0.0192675	0.0141776	0.232906	0.192587	0.0461028	0.000627248	0.00359448
162	0.0841011	0.0066354	0.00910944	0.0095804	0.000928538	0.0299642	0.00976695	0.00849205	0.00295331	0.0303523	0.00459401	0.0101045	0.626265	0.02321	0.0151414	0.0873933	0.0284017	0.0106153	0.000251735	0.00213986
163	0.124062	0.025272	0.0107562	0.00465499	0.0122927	0.0518522	0.0107293	0.0125664	0.0110773	0.0568015	0.0203726	0.122687	0.0568203	0.0215587	0.01119	0.209051	0.182646	0.0479753	0.000715906	0.0069187
164	0.0653858	0.0261973	0.00830379	0.00713868	0.00492177	0.078048	0.00848322	0.0449506	0.0106714	0.0449499	0.0620841	0.0315451	0.182106	0.0143799	0.0227296	0.341225	0.0288363	0.0126351	0.00123146	0.00417743
165	0.162587	0.00331918	0.00390341	0.00340443	0.00307529	0.125034	0.0177747	0.0224167	0.0122041	0.0692758	0.0250341	0.0394841	0.113501	0.0345082	0.013646	0.17235	0.090111	0.0784805	0.00154786	0.00834232
166	0.124615	0.00509675	0.00947745	0.00763602	0.004429	0.113964	0.0299409	0.0134426	0.0320221	0.0643944	0.0124429	0.0515192	0.12287	0.023782	0.0344297	0.227346	0.0574045	0.0443676	0.00484911	0.0159711
167	0.126376	0.010771	0.0122197	0.045783	0.00747084	0.0845508	0.0234636	0.0370049	0.192069	0.0345542	0.0348596	0.0256944	0.0880682	0.0679485	0.0849066	0.0510106	0.0332837	0.0239323	0.00280695	0.0132264
168	0.104014	0.0060608	0.00842589	0.00892468	0.00147072	0.0416884	0.010827	0.00896056	0.00511033	0.0373966	0.00653769	0.0157717	0.53604	0.022943	0.0155795	0.109228	0.0401606	0.0166545	0.000685921	0.00352014
169	0.168869	0.00582317	0.00910527	0.0127616	0.0061916	0.0731117	0.0263468	0.0105834	0.0148296	0.0769283	0.00910016	0.0322796	0.1709	0.0245954	0.0456651	0.197304	0.046054	0.0351152	0.0153978	0.0190378
170	0.170685	0.00530413	0.00983775	0.00540775	0.00277484	0.170903	0.024877	0.0243754	0.00542272	0.0543613	0.0268769	0.0565131	0.0516394	0.0246098	0.00667995	0.19678	0.0952188	0.0653142	0.000219229	0.00219928
171	0.0460379	0.0180038	0.0011228	0.00206786	0.0392817	0.0316913	0.0126308	0.0677267	0.00813421	0.501655	0.0729804	0.00854558	0.0141116	0.028184	0.0100668	0.0205388	0.0167385	0.0943269	0.000820659	0.00533521
172	0.0923532	0.0129618	0.00692949	0.00679199	0.00501252	0.107	0.00967806	0.0616888	0.0105706	0.050353	0.037556	0.0202109	0.200032	0.0184418	0.0422932	0.236255	0.0534766	0.0206056	0.00223036	0.00555892
173	0.205848	0.00182535	0.0030038	0.00172023	0.00269287	0.181098	0.0179447	0.0228288	0.00461142	0.0540943	0.026991	0.033388	0.0635667	0.0218136	0.00511193	0.191887	0.0940141	0.0654505	0.000200139	0.00190946
174	0.152826	0.00847268	0.01342	0.00776495	0.00317468	0.157318	0.0296051	0.0228291	0.0062037	0.0498671	0.0200668	0.0751082	0.0439503	0.0283024	0.00821091	0.211284	0.103117	0.0558503	0.000383819	0.00224536
175	0.04088	0.0167289	0.00112047	0.00432505	0.0386847	0.0228188	0.0101128	0.118226	0.00790149	0.405078	0.105174	0.00887078	0.0191731	0.0219023	0.0125442	0.0265546	0.0263703	0.106986	0.000474715	0.00607407
176	0.153011	0.0138143	0.00444206	0.00397012	0.00222147	0.109747	0.00714664	0.0185788	0.00592917	0.0271029	0.00758283	0.0151771	0.217477	0.0523807	0.00812493	0.182202	0.134392	0.0327015	0.000847704	0.00315021
177	0.178083	0.00490151	0.00435811	0.00316379	0.00304513	0.13507	0.0160583	0.0201256	0.00729078	0.0522894	0.0202349	0.0339183	0.129972	0.0319462	0.0106344	0.179355	0.101369	0.0620558	0.00106673	0.00506208
178	0.0515073	0.0195326	0.022868	0.00962106	0.108369	0.0760064	0.0711004	0.0239461	0.014073	0.0594758	0.0131394	0.0218114	0.0222742	0.0306791	0.0239604	0.0776477	0.0338452	0.0496179	0.0355964	0.234929
179	0.0943198	0.0175275	0.0272237	0.0220576	0.0156664	0.0618042	0.112936	0.0207068	0.03783	0.0393788	0.0149792	0.0767096	0.0361429	0.0530669	0.0390211	0.198547	0.0781213	0.0307832	0.00452307	0.0186553
180	0.0306199	0.0119175	0.0141425	0.00494748	0.199237	0.0479887	0.033705	0.0239477	0.00710014	0.0747145	0.0105491	0.00559181	0.00742612	0.0211535	0.0179242	0.0329111	0.0159416	0.036057	0.0618081	0.342317
181	0.0453558	0.0198966	0.0145012	0.0174316	0.043437	0.0300874	0.120387	0.0206645	0.143358	0.0648406	0.0113954	0.0253902	0.0352262	0.0416853	0.139319	0.0523937	0.0286258	0.0214123	0.00727333	0.11732
182	0.0464362	0.0161977	0.00455576	0.00576739	0.0277722	0.0102605	0.00747095	0.237757	0.00761377	0.166371	0.0948694	0.00898074	0.021019	0.00564682	0.014152	0.045272	0.0423612	0.22278	0.000794754	0.0139213
183	0.109871	0.0250045	0.0203683	0.00726188	0.00798604	0.100585	0.0175731	0.018047	0.0126442	0.0484222	0.00835993	0.100783	0.0200301	0.0191605	0.020305	0.232267	0.178702	0.0503213	0.000345374	0.00196217
184	0.218156	0.0120987	0.061563	0.0639728	0.0135009	0.158439	0.0378461	0.0178422	0.0108732	0.0407309	0.00725795	0.0518272	0.0190887	0.0179317	0.050737	0.130034	0.0268645	0.0453719	0.00242044	0.013444
185	0.0227718	0.00655236	0.475145	0.199595	0.00893368	0.0517562	0.00864117	0.0106995	0.00901314	0.0202179	0.00334267	0.0581562	0.014957	0.0311278	0.0107209	0.0433581	0.00932135	0.0145765	0.000293556	0.000820211
186	0.0940755	0.0143197	0.0222969	0.0182949	0.00593511	0.105438	0.0350753	0.0141885	0.0274461	0.0291549	0.00936628	0.212575	0.0274603	0.0322249	0.030204	0.2048	0.0820404	0.0256482	0.00230928	0.00714657
187	0.0243463	0.00673817	0.467208	0.196357	0.00899362	0.0533878	0.00910297	0.0106976	0.0091631	0.0206004	0.00337495	0.0586268	0.0151508	0.0310761	0.0115707	0.0463716	0.0105529	0.0150336	0.000384793	0.00126327
188	0.207549	0.00951057	0.0111107	0.00869266	0.00800914	0.123089	0.0222951	0.0224058	0.0244721	0.0526373	0.0310805	0.0586164	0.0483922	0.0235776	0.0192605	0.171989	0.0866505	0.0635326	0.00133657	0.00579154
189	0.045874	0.0180594	0.00152703	0.00193836	0.042247	0.0340676	0.0137004	0.0577562	0.00806697	0.506651	0.0692862	0.00871451	0.0139611	0.0301717	0.0102642	0.0202162	0.0167679	0.0884688	0.00187462	0.010387
190	0.0267582	0.0130276	0.0011977	0.00877523	0.0320317	0.00983788	0.00637263	0.247414	0.00892675	0.205011	0.150116	0.0103168	0.0204004	0.00451778	0.0197743	0.0369316	0.0405312	0.149371	0.000254937	0.00843481
191	0.183128	0.0149178	0.142768	0.0627321	0.033678	0.178644	0.0236798	0.0211517	0.0132752	0.0292014	0.00859233	0.0303573	0.0197389	0.0239045	0.0399514	0.0898046	0.0327037	0.0346499	0.00228311	0.0148393
192	0.104358	0.0078781	0.00576718	0.0068441	0.00140853	0.0545723	0.0067639	0.0142419	0.0039077	0.0284595	0.00466672	0.00989914	0.469168	0.037486	0.0110487	0.132736	0.0779787	0.01979	0.000563768	0.00246242
193	0.0914676	0.0135988	0.0217944	0.0351489	0.00794237	0.101685	0.0368017	0.0132506	0.046338	0.020763	0.006528	0.228364	0.0237714	0.0326877	0.0425177	0.20309	0.0499582	0.0166879	0.00187706	0.00572785
194	0.0381967	0.0169188	0.00505601	0.00288572	0.0243807	0.00396483	0.00246112	0.283646	0.00611722	0.159361	0.0490667	0.00529623	0.00766097	0.00224194	0.00946654	0.0274725	0.0208741	0.326531	0.000287711	0.00811508
195	0.119705	0.0135929	0.0158032	0.0124728	0.0161649	0.046748	0.0283839	0.0187911	0.0208436	0.0578777	0.0127054	0.0378209	0.283337	0.0406419	0.0281422	0.111126	0.0507541	0.0316886	0.00610743	0.0472928
