291	20
1	0.00929451	0.00436013	0.000865659	0.00112469	0.511288	0.000955158	0.0164673	0.00139048	0.00122637	0.0106089	0.00697371	0.00129521	0.00472458	0.00130502	0.00122569	0.00176124	0.00521609	0.0126989	0.00391086	0.403308
2	0.0458433	0.0152372	0.257614	0.0591904	0.0165487	0.0294653	0.0173527	0.0314389	0.0536463	0.12889	0.021333	0.0693312	0.0132922	0.041788	0.0284967	0.064594	0.0393788	0.0487631	0.00458661	0.0132095
3	0.020022	0.0319483	0.00173826	0.00183194	0.166095	0.00238235	0.00415843	0.0897818	0.00479377	0.423384	0.101817	0.00787976	0.00595598	0.00870801	0.0031517	0.00574656	0.0101818	0.0633478	0.0101248	0.0369514
4	0.102098	0.0218562	0.00409404	0.0022345	0.0265569	0.000994608	0.00105978	0.208045	0.00172259	0.253729	0.0294474	0.00146015	0.00484851	0.00190473	0.00136044	0.00407079	0.0307062	0.30138	0.000467883	0.00196301
5	0.00756444	0.00602054	0.00268988	0.00545481	0.00416854	0.000569877	0.000405714	0.305335	0.00371704	0.0309492	0.0124004	0.000860449	0.00190108	0.000976083	0.00118222	0.00800775	0.00444428	0.602248	0.000195577	0.000908797
6	0.0144051	0.0198434	0.00368077	0.0010349	0.00680291	0.00106173	0.000789047	0.372898	0.00123929	0.259868	0.0073892	0.00216632	0.00182067	0.00110164	0.00154048	0.00204662	0.00472304	0.293832	0.000301931	0.0034549
7	0.0742712	0.00664373	0.0121366	0.0165155	0.00767583	0.704492	0.00801189	0.0026099	0.034547	0.00573475	0.003186	0.0316789	0.00206166	0.00906032	0.0174311	0.049156	0.0067812	0.00516475	0.000854797	0.00198644
8	0.067757	0.00933152	0.0166408	0.0207246	0.00823562	0.640074	0.00846391	0.00396398	0.0459645	0.00883871	0.004267	0.0470551	0.00147974	0.0134332	0.0213446	0.0609228	0.0101602	0.00757525	0.000933882	0.00283365
9	0.129196	0.00855468	0.0181257	0.0387387	0.0202143	0.0154347	0.00761523	0.0885261	0.0133413	0.025701	0.0239024	0.0135403	0.169685	0.0158792	0.0104286	0.20405	0.0507799	0.129797	0.0100954	0.00639455
10	0.350346	0.0212432	0.00424087	0.00981355	0.00316885	0.351783	0.00293187	0.00787702	0.0138491	0.0120505	0.00483974	0.0095339	0.00478186	0.00387051	0.0105173	0.160222	0.0131729	0.0122125	0.000783558	0.00276125
11	0.0421704	0.00378609	0.0131795	0.0175833	0.00870682	0.742669	0.00861425	0.00168243	0.0392561	0.00428066	0.00244594	0.0362865	0.00117706	0.0102446	0.017859	0.0383793	0.00540377	0.0036201	0.000724277	0.00193079
12	0.00733304	0.00183971	0.00167987	0.00151095	0.0458974	0.00147382	0.00530444	0.105529	0.00598625	0.634546	0.0933405	0.00158272	0.00116517	0.00586703	0.00237087	0.00665523	0.006967	0.0603441	0.00241579	0.00819149
13	0.664647	0.0136329	0.00345499	0.00204451	0.00454472	0.0339648	0.00314017	0.00629054	0.00306659	0.00207786	0.0012226	0.00132797	0.00133576	0.0154046	0.00188787	0.182898	0.030509	0.0276508	0.000257224	0.000642099
14	0.136207	0.549228	0.00246098	0.00279917	0.0409435	0.00549174	0.00904358	0.00347288	0.0175551	0.0141636	0.00218654	0.00353823	0.00145138	0.00256133	0.00254793	0.100808	0.0705247	0.0252269	0.000734055	0.00905683
15	0.684814	0.0143812	0.00332962	0.00161547	0.00291121	0.0339811	0.00311061	0.00623514	0.00230241	0.00170586	0.00107269	0.000771774	0.000850999	0.0160608	0.00173927	0.170729	0.0262613	0.0274843	0.000170945	0.000472659
16	0.684882	0.014371	0.0033317	0.00161455	0.00291292	0.033908	0.003111	0.00622924	0.00229305	0.00169683	0.00107269	0.000771434	0.000849745	0.0160833	0.00173138	0.170697	0.0262957	0.027505	0.00017119	0.000472339
17	0.138524	0.000680604	0.0773445	0.0708586	0.00105715	0.069234	0.000730766	0.0169774	0.0670254	0.0377191	0.0174619	0.109555	0.00159473	0.0495669	0.0724062	0.199738	0.0542298	0.01162	0.00294669	0.000729733
18	0.039225	0.0455934	0.00224808	0.00887944	0.173098	0.00264287	0.0772604	0.00499233	0.00654193	0.429837	0.0040039	0.0209439	0.00279962	0.0478781	0.0055582	0.00641524	0.00512516	0.00590709	0.015021	0.0960298
19	0.027041	0.00181281	0.194304	0.0854322	0.00727912	0.46019	0.00744522	0.00261118	0.0331962	0.00512439	0.00295727	0.0713169	0.00225063	0.026069	0.014265	0.0400301	0.00918068	0.00657392	0.000622862	0.00229768
20	0.287865	0.00288674	0.00423289	0.00465823	0.00389816	0.00335743	0.003419	0.00648414	0.401288	0.0560144	0.0248451	0.00466517	0.00225792	0.0642279	0.087915	0.00783835	0.00707729	0.0224277	0.00144431	0.00319734
21	0.0135442	0.00518249	0.0123382	0.00994469	0.00565479	0.00545924	0.00999266	0.00368122	0.506361	0.00804124	0.00945548	0.0552722	0.00477232	0.0401534	0.214355	0.0414329	0.0390434	0.0136141	0.000376546	0.00132485
22	0.0984864	0.0413331	0.00359783	0.00425113	0.00408991	0.00267217	0.00233092	0.0551941	0.0041092	0.0115376	0.00651626	0.00469602	0.0136422	0.00364005	0.00458411	0.0447566	0.256376	0.427749	0.00135315	0.00908315
23	0.218681	0.0700256	0.00205943	0.00211166	0.00266869	0.0308483	0.00112307	0.0865123	0.00157582	0.195764	0.0585805	0.00779177	0.000967888	0.0111517	0.00143334	0.0600055	0.0612379	0.186094	0.000328638	0.00103852
24	0.01575	0.0414932	0.00613374	0.00145679	0.0114324	0.00104167	0.00105003	0.198983	0.00168545	0.367994	0.0111895	0.00177256	0.00335385	0.00156664	0.00155269	0.00258489	0.00642833	0.318647	0.000427157	0.00545699
25	0.0948533	0.121874	0.00383196	0.00547444	0.25617	0.00331492	0.00329841	0.11146	0.0069706	0.18359	0.0290398	0.00634257	0.0113567	0.00592511	0.00441558	0.00758764	0.0126669	0.114419	0.00360525	0.013804
26	0.0199564	0.00188691	0.481813	0.075458	0.00212438	0.0497019	0.0100875	0.00360951	0.029812	0.00783512	0.00217127	0.182635	0.00194156	0.0326936	0.0112584	0.0612308	0.0117302	0.0111685	0.000645924	0.00223904
27	0.00929451	0.00436013	0.000865659	0.00112469	0.511288	0.000955158	0.0164673	0.00139048	0.00122637	0.0106089	0.00697371	0.00129521	0.00472458	0.00130502	0.00122569	0.00176124	0.00521609	0.0126989	0.00391086	0.403308
28	0.0828067	0.00804132	0.00860274	0.033563	0.012319	0.00591766	0.00454789	0.235722	0.0159969	0.0609579	0.0499732	0.00873413	0.0143574	0.00980287	0.00814897	0.0290031	0.0246155	0.376564	0.00219484	0.00813065
29	0.0487507	0.00179577	0.10006	0.154375	0.00194036	0.0108355	0.0135921	0.0357323	0.152915	0.010017	0.0106391	0.0318993	0.00254927	0.0870239	0.0305565	0.0509196	0.12646	0.10368	0.000590013	0.025668
30	0.027102	0.00284217	0.0214003	0.103329	0.0114639	0.00275285	0.00678551	0.0113172	0.0212303	0.0255788	0.00819097	0.0152926	0.586434	0.0357019	0.0123461	0.0454412	0.0351365	0.0157248	0.00521247	0.0067178
31	0.0091197	0.00767088	0.0022571	0.00484141	0.012026	0.00246524	0.00222015	0.0176297	0.00419614	0.0191468	0.00254438	0.00745879	0.00550883	0.00358621	0.00712675	0.333894	0.526864	0.0273341	0.00223478	0.00187548
32	0.0343263	0.00210119	0.00329571	0.036101	0.0257605	0.0015833	0.00531305	0.0227485	0.00705402	0.0437493	0.0105683	0.00563981	0.577276	0.0404336	0.00660056	0.0567429	0.068931	0.0397438	0.00914578	0.00288523
33	0.0430077	0.00476414	0.0401508	0.022814	0.00885603	0.657165	0.00866742	0.00314729	0.0423848	0.00696733	0.0039346	0.0450071	0.00241909	0.0143395	0.0200051	0.0556073	0.010976	0.00592821	0.0011149	0.00274363
34	0.0149445	0.0309515	0.00203625	0.00274299	0.00282327	0.00319551	0.00196977	0.00316037	0.00503079	0.00454158	0.00155852	0.0146811	0.00165354	0.00269852	0.0168293	0.087222	0.774288	0.0274891	0.000536508	0.00164735
35	0.230186	0.176599	0.00565981	0.0186035	0.010292	0.223945	0.00295413	0.01689	0.0169441	0.041375	0.0152595	0.0124328	0.00459217	0.00532102	0.00430626	0.129448	0.0295725	0.0448508	0.00168642	0.00908239
36	0.199412	0.0218131	0.0130474	0.048766	0.0118375	0.0159029	0.00404617	0.139452	0.0131503	0.0427284	0.0264659	0.0102724	0.061265	0.0109315	0.00740494	0.0657932	0.0255545	0.271224	0.00510829	0.00582441
37	0.0355026	0.00679144	0.0917049	0.0977842	0.00845401	0.0494402	0.0366806	0.0149125	0.0550241	0.0213829	0.00910478	0.358121	0.0201405	0.042453	0.0273544	0.0653932	0.0288961	0.0222098	0.00166454	0.00698498
38	0.0970963	0.023177	0.0129462	0.0463217	0.0125193	0.0101801	0.00521489	0.204846	0.0238017	0.05554	0.0206049	0.00974873	0.019444	0.0139435	0.00905894	0.0314136	0.0353893	0.358401	0.00398871	0.00636427
39	0.041745	0.0049001	0.0193037	0.0233793	0.00906178	0.716044	0.00808196	0.00290996	0.0423339	0.00574451	0.00328089	0.0392329	0.00177505	0.0116549	0.0183561	0.0374084	0.00602888	0.00510237	0.000910354	0.00274614
40	0.0659688	0.15018	0.0920011	0.0319325	0.0168958	0.032403	0.0144766	0.0289913	0.0913169	0.102574	0.0160955	0.0358623	0.0182991	0.0195215	0.0207537	0.145241	0.0403028	0.0531374	0.00505664	0.0189897
41	0.0168239	0.00599163	0.00308017	0.0223065	0.0405211	0.00307763	0.00716765	0.45724	0.0158403	0.0942072	0.0193571	0.0051315	0.00423056	0.00863081	0.00448505	0.00884366	0.0125598	0.25269	0.00325839	0.0145574
42	0.0515887	0.00527241	0.0101145	0.0490585	0.0152264	0.00326123	0.00678927	0.0150228	0.0249639	0.0368549	0.0103409	0.00803466	0.584583	0.0514845	0.0148036	0.0387436	0.0391588	0.0224328	0.00728129	0.00498431
43	0.0225659	0.00598967	0.0199429	0.0256024	0.0112213	0.0087435	0.0123239	0.0245869	0.34316	0.0577901	0.0217565	0.037836	0.00736992	0.0396916	0.219457	0.034162	0.0632505	0.033195	0.00366248	0.00769302
44	0.0387267	0.0100619	0.0291818	0.0365115	0.0242834	0.0650078	0.0193965	0.022494	0.280063	0.0271174	0.0115738	0.1085	0.0103694	0.040937	0.07305	0.0584817	0.0514304	0.0295003	0.0023448	0.0609688
45	0.00963637	0.00222934	0.00190547	0.00274359	0.045543	0.0016139	0.0056828	0.124206	0.00574297	0.607481	0.0873235	0.00159452	0.00113998	0.00507565	0.0028069	0.00703697	0.00774903	0.0696791	0.00204058	0.00876988
46	0.0258556	0.0493739	0.00199745	0.00376201	0.251733	0.00385682	0.00250464	0.0961627	0.00635156	0.207512	0.162967	0.0173092	0.00394401	0.0180368	0.00419562	0.00537792	0.0137207	0.050991	0.0216483	0.0527002
47	0.0467543	0.108602	0.0262441	0.0275218	0.0203622	0.0210355	0.189504	0.0304029	0.0326143	0.0315733	0.0149225	0.0325435	0.118403	0.0241102	0.0261472	0.1347	0.0403328	0.0353409	0.00579747	0.0330882
48	0.0114948	0.0320423	0.00569624	0.0365433	0.0404612	0.00592007	0.16097	0.0393179	0.0129526	0.0137221	0.0294048	0.0334118	0.00424588	0.160323	0.142062	0.0161466	0.12355	0.0132434	0.00194796	0.116545
49	0.667042	0.0132337	0.00327125	0.00181744	0.00303387	0.0418129	0.0028827	0.00638398	0.0024732	0.00188282	0.0010908	0.000919296	0.00119304	0.014425	0.00210553	0.178615	0.0300428	0.0269146	0.000308565	0.000550689
50	0.601443	0.0135751	0.00246355	0.00155753	0.00227856	0.102714	0.00234479	0.00602049	0.00341068	0.00232597	0.00115647	0.0011956	0.00201338	0.0105229	0.00385041	0.204982	0.0191547	0.0180969	0.00026182	0.000631896
51	0.0136916	0.00314701	0.00371561	0.0498019	0.0113851	0.00348471	0.0283958	0.274687	0.0346185	0.324471	0.0253302	0.0147034	0.00313969	0.0395816	0.0202354	0.045556	0.0384519	0.056482	0.00387031	0.00525153
52	0.00945229	0.00138675	0.00169975	0.00318731	0.0588103	0.00164997	0.00703937	0.114829	0.00615544	0.611897	0.0861626	0.00154893	0.000852029	0.0046136	0.00262916	0.0075769	0.00570104	0.0599347	0.00252979	0.0123448
53	0.0496157	0.00186148	0.0127042	0.0189322	0.00816285	0.642797	0.0191009	0.00282501	0.0580206	0.00401266	0.00272706	0.0551573	0.00078152	0.0207074	0.0350361	0.0444108	0.0148048	0.00568629	0.000528032	0.0021284
54	0.0614026	0.00541334	0.0574577	0.032362	0.00578328	0.0296151	0.00720652	0.0139542	0.0387699	0.0451486	0.0350963	0.147616	0.0308997	0.143142	0.0796425	0.160356	0.083813	0.0146762	0.0027237	0.00492154
55	0.134331	0.00104115	0.0835683	0.0696183	0.00112204	0.0718533	0.000837554	0.0152997	0.0665605	0.0358535	0.0180405	0.110964	0.00176011	0.0449103	0.0691988	0.208152	0.052767	0.0104548	0.00282625	0.000840358
56	0.00545055	0.00273481	0.00289074	0.00372271	0.00333518	0.00323595	0.554593	0.0117332	0.00393587	0.0186679	0.00323326	0.0192401	0.00243476	0.0174482	0.0165507	0.00849462	0.00580316	0.018928	0.00128093	0.296286
57	0.0103117	0.00532934	0.000896625	0.00133804	0.00882781	0.00184651	0.000395239	0.670626	0.000900233	0.0546833	0.00116713	0.00262326	0.00178542	0.000590264	0.001846	0.00319102	0.00290029	0.228433	0.000163012	0.00214534
58	0.0154898	0.00513841	0.0134563	0.00922075	0.00529401	0.0104681	0.0115788	0.00405597	0.512468	0.0104723	0.0113497	0.0477766	0.00438698	0.0375884	0.198829	0.050623	0.0370344	0.012795	0.000439999	0.00153447
59	0.134719	0.00131267	0.0808958	0.0709196	0.00123276	0.0738513	0.000846459	0.0156358	0.0660456	0.0368721	0.0182953	0.106895	0.00189304	0.0452636	0.0692045	0.20996	0.0517429	0.0107079	0.00288905	0.000817567
60	0.0167339	0.00342153	0.00343962	0.0440484	0.0154882	0.00318088	0.022633	0.284583	0.0309883	0.304944	0.0216178	0.0209841	0.00299827	0.0283865	0.014269	0.0361365	0.0366245	0.0977971	0.00471423	0.00701127
61	0.0835322	0.00334341	0.0316278	0.038819	0.00625581	0.03578	0.0287594	0.0122236	0.195893	0.016562	0.0108154	0.151586	0.00354595	0.0574513	0.108267	0.120948	0.068446	0.0197147	0.00120173	0.00522828
62	0.012371	0.0326739	0.00498159	0.00723912	0.314653	0.0322468	0.00527487	0.00986171	0.0337331	0.0381911	0.00649363	0.0327069	0.00482627	0.00761108	0.0339102	0.0409717	0.0385396	0.038638	0.273429	0.0316469
63	0.115838	0.00160203	0.0411335	0.0524709	0.00356324	0.0494154	0.0195546	0.0239429	0.11925	0.0254988	0.0197403	0.130525	0.00160576	0.0593089	0.0865903	0.140386	0.0799013	0.0253034	0.00204159	0.0023277
64	0.00960616	0.0148849	0.00110454	0.0217478	0.218016	0.0169665	0.0594098	0.0259412	0.0238574	0.100539	0.017737	0.0363743	0.00190572	0.0472178	0.0101582	0.0394737	0.0278857	0.0237826	0.00813991	0.295252
65	0.025496	0.00215836	0.0492062	0.0684692	0.00251186	0.00462863	0.00484034	0.0491275	0.276471	0.0978273	0.076186	0.0368209	0.00191504	0.0461577	0.143252	0.0133657	0.0258753	0.0720056	0.00160013	0.00208481
66	0.123448	0.0265308	0.0603685	0.017445	0.00352044	0.029719	0.00243539	0.0485762	0.0492917	0.073087	0.00499462	0.106096	0.0018629	0.0221736	0.0115754	0.113387	0.0942464	0.198467	0.000973173	0.0118022
67	0.146714	0.000831517	0.0824845	0.0781797	0.00151789	0.0670625	0.000883679	0.0171658	0.0631634	0.0345232	0.0177411	0.102769	0.00178605	0.0546275	0.0680593	0.192378	0.0540414	0.0105712	0.00463558	0.000864564
68	0.00949028	0.00442711	0.00185671	0.00235646	0.0761354	0.00165612	0.00467716	0.116827	0.00578604	0.562816	0.118179	0.00241638	0.000846526	0.00451467	0.00376574	0.00665354	0.00636794	0.0552418	0.00420009	0.0117863
69	0.0626995	0.00320896	0.0125714	0.0220625	0.00495013	0.0211476	0.0394856	0.0428356	0.25251	0.0280982	0.0755804	0.0862397	0.00204866	0.0653729	0.139317	0.0309778	0.0518219	0.0526916	0.00315705	0.00322392
70	0.0109436	0.00211041	0.216748	0.172103	0.00223004	0.00243015	0.00181357	0.0218171	0.19431	0.0116426	0.00215282	0.0780213	0.00818469	0.0396888	0.0446626	0.102825	0.0657895	0.0191223	0.000545107	0.00285975
71	0.116656	0.00111757	0.0107368	0.0305728	0.00861716	0.0166929	0.0561394	0.00940107	0.173787	0.0103852	0.00889155	0.158681	0.000749888	0.0756533	0.0958876	0.108564	0.0895905	0.0227856	0.00029532	0.00479519
72	0.0337551	0.00399401	0.0293859	0.0296825	0.00950762	0.181399	0.00362896	0.0150913	0.271649	0.00599278	0.00320754	0.1676	0.00185248	0.0651906	0.0308706	0.0928512	0.0300581	0.00627036	0.000744244	0.0172688
73	0.00877998	0.00554553	0.00159839	0.00162547	0.0138291	0.00206932	0.000443494	0.676187	0.000992881	0.0397019	0.00246064	0.00194796	0.00194318	0.000706835	0.00158687	0.00355231	0.00745077	0.224702	0.00016082	0.00471579
74	0.0161765	0.00187643	0.187743	0.162896	0.00190237	0.00328047	0.00241916	0.0195164	0.208552	0.0123384	0.00283731	0.0746556	0.00929118	0.043034	0.0478886	0.0908521	0.078422	0.0306264	0.000594657	0.00509705
75	0.0115984	0.00972915	0.00519842	0.0115729	0.0426836	0.00809903	0.396549	0.0351899	0.0151686	0.0399878	0.0110577	0.0246261	0.0037885	0.024476	0.0217967	0.0210398	0.0166737	0.0215861	0.00338464	0.275793
76	0.0130688	0.00149043	0.00235368	0.0368942	0.0858797	0.00256668	0.0237857	0.272464	0.0245878	0.218751	0.0448397	0.012437	0.00403418	0.0238418	0.00500204	0.0120434	0.00458549	0.154795	0.0107571	0.0458223
77	0.0444339	0.00388886	0.105704	0.207159	0.00481383	0.00552212	0.00512514	0.0106656	0.0298823	0.0112833	0.0139615	0.0946225	0.226873	0.0103436	0.0174063	0.176585	0.0143946	0.00938871	0.00267656	0.00526914
78	0.259776	0.0804979	0.00330283	0.0258632	0.00830113	0.253854	0.00114115	0.019426	0.0258775	0.0471388	0.0269199	0.0070521	0.00139585	0.0027912	0.00178729	0.154311	0.0251156	0.0429864	0.000689685	0.011773
79	0.00630124	0.00570746	0.00169456	0.00780805	0.182409	0.00631407	0.0418827	0.0660945	0.119218	0.130744	0.0581469	0.013687	0.00179558	0.0296829	0.0561637	0.0247082	0.0132672	0.0415709	0.00285786	0.189947
80	0.643807	0.00998979	0.00497315	0.00235201	0.00230047	0.154814	0.00169392	0.00546421	0.00591562	0.00371048	0.00221954	0.00224195	0.0348608	0.0032636	0.0173474	0.0872267	0.0100644	0.0057289	0.000530137	0.00149555
81	0.0150083	0.0211869	0.00224161	0.0863546	0.0218241	0.00256539	0.0228509	0.0102136	0.164974	0.0045834	0.00209725	0.0318061	0.00464348	0.0233525	0.0919574	0.159464	0.263935	0.0488854	0.000728987	0.0213264
82	0.0087013	0.0019914	0.00179817	0.00099417	0.0772951	0.00180797	0.00494194	0.108728	0.00486957	0.623142	0.0843846	0.00109423	0.00100184	0.00333542	0.00236493	0.00844935	0.00563207	0.0473224	0.00245778	0.00968814
83	0.0243003	0.00294305	0.00371515	0.0667871	0.0150654	0.0125922	0.0124385	0.232447	0.114457	0.080839	0.00699711	0.00681197	0.00201837	0.0192348	0.0201195	0.0212836	0.0612372	0.282456	0.00114545	0.0131114
84	0.0154576	0.00126127	0.537423	0.0766511	0.00143221	0.0523389	0.0071983	0.00250217	0.0264392	0.0039297	0.00129955	0.155302	0.00103099	0.0312813	0.00747453	0.0589957	0.00843321	0.00913582	0.000475373	0.00193737
85	0.148223	0.00274882	0.0420849	0.0598696	0.00337994	0.00276306	0.0166508	0.00476007	0.189327	0.0183398	0.00285886	0.0304851	0.267104	0.0425804	0.0430308	0.110138	0.00605932	0.00587368	0.00108777	0.00263474
86	0.00514419	0.00295098	0.0136705	0.003034	0.0134491	0.0587111	0.533755	0.00459157	0.00360402	0.00507104	0.0023428	0.198028	0.00210331	0.00344698	0.0257616	0.0559963	0.00486059	0.0053815	0.0115632	0.0465344
87	0.040321	0.0210418	0.00572982	0.0894297	0.0130869	0.00265081	0.00904534	0.0319561	0.135193	0.00516864	0.00319605	0.029126	0.0155134	0.0142237	0.0588026	0.0871396	0.381905	0.0459816	0.00104904	0.00943902
88	0.0136259	0.00396007	0.000666751	0.00135419	0.006467	0.00156807	0.000466994	0.645633	0.00106677	0.0730488	0.00100639	0.0036656	0.00145392	0.000684085	0.00191062	0.00291676	0.00210565	0.236719	0.00021662	0.00146349
89	0.00810019	0.010188	0.00717342	0.00222025	0.0484435	0.00270467	0.00111169	0.653421	0.00240779	0.0113651	0.00674482	0.00161409	0.00260083	0.0017538	0.00218098	0.00355638	0.0236661	0.190739	0.000388524	0.0196199
90	0.0144234	0.0331768	0.00655503	0.00128565	0.0067293	0.00101885	0.0010222	0.207497	0.00156691	0.363179	0.0116474	0.0015778	0.0024208	0.0014774	0.00152514	0.00213021	0.00577819	0.331128	0.000417397	0.00544406
91	0.0136259	0.00396007	0.000666751	0.00135419	0.006467	0.00156807	0.000466994	0.645633	0.00106677	0.0730488	0.00100639	0.0036656	0.00145392	0.000684085	0.00191062	0.00291676	0.00210565	0.236719	0.00021662	0.00146349
92	0.67404	0.0151275	0.00324287	0.00162329	0.00288719	0.0393506	0.00307195	0.00610391	0.00240934	0.00171324	0.00110275	0.000902953	0.000931314	0.0154253	0.00184818	0.178061	0.0253252	0.0261566	0.000175056	0.00050181
93	0.0212892	0.0508776	0.0248661	0.00566946	0.00505163	0.00398707	0.00362343	0.010592	0.00645416	0.0482805	0.0651781	0.00568523	0.0253995	0.00508768	0.0260492	0.0360879	0.193671	0.455457	0.00110801	0.00558514
94	0.0673665	0.0129163	0.0238482	0.0469448	0.00862048	0.572612	0.00797156	0.00738294	0.0383713	0.0139412	0.00636689	0.0407576	0.003722	0.0148356	0.0201574	0.0781367	0.0167713	0.0125336	0.00280699	0.00393712
95	0.231145	0.099308	0.00320072	0.0262024	0.00692175	0.276045	0.001257	0.016759	0.0235036	0.052723	0.0219698	0.00856756	0.00159813	0.00290477	0.00201685	0.147756	0.0269765	0.0394593	0.000984979	0.0107005
96	0.0387358	0.0167457	0.0209182	0.101699	0.0702453	0.0161596	0.0267244	0.0246313	0.0846686	0.0303191	0.0136782	0.0356818	0.0138758	0.0515597	0.197243	0.122137	0.0743148	0.0321815	0.00712101	0.0213601
97	0.0337	0.0131381	0.0269918	0.113166	0.0127651	0.00752876	0.011067	0.0184448	0.0249427	0.0278995	0.0106308	0.0197364	0.474818	0.0303341	0.0166508	0.0543663	0.0342416	0.021405	0.00631933	0.0418542
98	0.0154526	0.0012473	0.536552	0.0768585	0.00141649	0.0519	0.00732174	0.00249706	0.0264509	0.00386723	0.00130089	0.156519	0.000978195	0.0313937	0.00738112	0.0586926	0.00853026	0.00921486	0.000455755	0.00196956
99	0.00918044	0.00804344	0.00196679	0.00175757	0.0187473	0.00309283	0.000473407	0.673101	0.00101642	0.0332816	0.00270409	0.00172703	0.00309894	0.000710918	0.00158989	0.00332308	0.00893669	0.220672	0.000197542	0.00637865
100	0.0254796	0.00218679	0.00518791	0.0946062	0.00906512	0.00186649	0.00670527	0.00822088	0.0223002	0.0264225	0.0063712	0.00418314	0.642196	0.0413124	0.0140347	0.0253469	0.0409906	0.0128772	0.00450906	0.00613745
101	0.0357606	0.00236814	0.0137014	0.0182399	0.00952572	0.739424	0.01004	0.00131995	0.0474362	0.00306885	0.0020702	0.044215	0.000885412	0.0116316	0.0202124	0.0308317	0.00377143	0.00297666	0.000526506	0.00199394
102	0.225343	0.0604052	0.0796558	0.0270063	0.00431569	0.0628477	0.00265674	0.0443909	0.0176176	0.082268	0.00786637	0.0595758	0.00370362	0.00845413	0.00375225	0.0983145	0.0607249	0.140427	0.00117086	0.00950393
103	0.0263709	0.00192999	0.049063	0.0679035	0.00231781	0.00446489	0.00453658	0.0503114	0.266789	0.10109	0.0771432	0.0378503	0.00160542	0.0458544	0.143242	0.0132595	0.0264718	0.0761892	0.00141747	0.00218974
104	0.018014	0.00151134	0.128515	0.541904	0.0123943	0.0188013	0.0116716	0.00372381	0.0477575	0.00476369	0.00242484	0.0229594	0.0121781	0.107343	0.0138956	0.0259451	0.0162604	0.00524129	0.000620818	0.00407497
105	0.0158426	0.0593679	0.00256491	0.0291941	0.15118	0.00301696	0.167496	0.00579258	0.0173404	0.262345	0.00401721	0.0320721	0.00227023	0.0164882	0.0154212	0.00825595	0.00657994	0.00642057	0.00590205	0.188432
106	0.23469	0.124967	0.0029374	0.0222888	0.00666062	0.264515	0.00125173	0.016945	0.0199445	0.0444617	0.0179722	0.00900726	0.00128736	0.00299232	0.00174119	0.146354	0.0278803	0.0416819	0.000787747	0.011634
107	0.0167349	0.00776515	0.0036321	0.00863856	0.00958122	0.00292528	0.00214345	0.528364	0.0152647	0.0809943	0.00976225	0.00489261	0.00222176	0.00621398	0.0123357	0.00760731	0.0147268	0.261636	0.000587804	0.00397209
108	0.0127711	0.00574126	0.0041421	0.00717321	0.0206341	0.00554252	0.00322872	0.0143452	0.00718915	0.0361081	0.00342907	0.00796002	0.00578975	0.00514707	0.00635055	0.390511	0.439544	0.0194232	0.00211124	0.00285914
109	0.054496	0.00272135	0.0304793	0.0391949	0.00978529	0.46468	0.00875027	0.00751157	0.0948701	0.0168517	0.00678583	0.0790669	0.00169141	0.0345496	0.0354739	0.0786262	0.021055	0.0084428	0.00134863	0.00361875
110	0.0134887	0.0054435	0.0125128	0.0100987	0.00569317	0.00557653	0.0101079	0.00367176	0.503412	0.00796574	0.00940725	0.0550952	0.00489251	0.0401544	0.21562	0.0421626	0.0394455	0.0135451	0.000380171	0.00132669
111	0.01029	0.0190457	0.00072936	0.00133597	0.00162788	0.000739242	0.000891325	0.00235456	0.0024474	0.00267589	0.00103624	0.012816	0.000878073	0.00113181	0.0164556	0.0826757	0.815383	0.0263565	0.000281909	0.000847767
112	0.0262194	0.0200713	0.00512131	0.00437111	0.0287047	0.00259502	0.0050725	0.153623	0.00641363	0.447026	0.040991	0.00344037	0.00385755	0.00521404	0.00262929	0.00785168	0.0132652	0.213627	0.00203441	0.00787258
113	0.0130362	0.0231471	0.00238038	0.00468251	0.00269862	0.00100693	0.00049535	0.262864	0.002493	0.0489651	0.0104481	0.00127735	0.00443598	0.000968306	0.000843063	0.00661286	0.00460857	0.607656	0.000611205	0.000769394
114	0.00686236	0.00519137	0.00249969	0.00583888	0.00295237	0.000410315	0.000375188	0.285654	0.00262909	0.0314067	0.0126418	0.00058202	0.00176527	0.00059963	0.00068867	0.00839298	0.00316464	0.627784	0.000144475	0.000416457
115	0.0425604	0.016225	0.0166643	0.0244473	0.049977	0.515772	0.010934	0.0129549	0.0420283	0.0225167	0.00921078	0.0400385	0.0105731	0.0167103	0.0186281	0.0595316	0.0553356	0.0166521	0.00788289	0.0113567
116	0.487674	0.0124425	0.00169343	0.00350589	0.0019274	0.245268	0.00138711	0.00897202	0.00769513	0.00753495	0.00261864	0.00286777	0.00543412	0.00208065	0.00918421	0.177378	0.0119653	0.0079484	0.000572698	0.00185002
117	0.0409915	0.0144004	0.0105419	0.0142732	0.0131627	0.393843	0.00740233	0.0124967	0.0172032	0.0485565	0.00771252	0.0482729	0.0451361	0.0102451	0.0122213	0.207192	0.0649515	0.0154129	0.0103158	0.00566828
118	0.0443943	0.109846	0.0986074	0.0372708	0.0194881	0.016878	0.0258407	0.0244968	0.0309409	0.03372	0.0169749	0.0287981	0.122766	0.0181736	0.0217641	0.13786	0.0318552	0.0338429	0.0093815	0.137101
119	0.00686163	0.00518404	0.00250001	0.00582948	0.00295367	0.000410865	0.0003735	0.286274	0.00263226	0.0314819	0.0126293	0.000590192	0.00175247	0.000598331	0.00069219	0.0083793	0.00315369	0.627142	0.000144463	0.000417065
120	0.453125	0.00981817	0.00184444	0.00285791	0.00216497	0.232972	0.00137925	0.00729861	0.00675487	0.00538737	0.00223821	0.0029266	0.00532123	0.00225145	0.00805941	0.233384	0.0131265	0.00665459	0.000849155	0.0015866
121	0.0165624	0.00877647	0.00264866	0.00264464	0.0660203	0.00223382	0.00638583	0.103826	0.00797463	0.572167	0.074531	0.00291767	0.00544052	0.0056022	0.00361776	0.0082094	0.0112288	0.0794346	0.0028149	0.0169637
122	0.0224767	0.00487799	0.114794	0.523145	0.0144265	0.0229537	0.00929557	0.00869979	0.0406149	0.00912947	0.00423421	0.0261977	0.0199284	0.0863081	0.0180847	0.0312004	0.0238191	0.0106402	0.00199009	0.00718355
123	0.11145	0.436404	0.00319911	0.00416055	0.0300624	0.00523335	0.0087544	0.00676733	0.0175091	0.0115571	0.00238511	0.00798868	0.00321938	0.00337959	0.00465508	0.118731	0.173286	0.0407013	0.000877516	0.00967943
124	0.537847	0.00563283	0.00144373	0.00199889	0.00158995	0.213077	0.00119624	0.00658286	0.00638999	0.00328511	0.00123347	0.00183298	0.00635278	0.00251444	0.00954955	0.180881	0.0116502	0.00538456	0.000538658	0.00101852
125	0.190953	0.123516	0.00551936	0.0205048	0.00763109	0.277816	0.00455594	0.0153667	0.019447	0.038846	0.0149349	0.0122857	0.00633306	0.00478868	0.00429918	0.174608	0.0293437	0.0358123	0.00297202	0.0104658
126	0.084565	0.0370408	0.00563976	0.00995794	0.18188	0.00630254	0.00644627	0.141613	0.0146587	0.15697	0.131888	0.0180496	0.00703531	0.0155046	0.00908165	0.0170756	0.0261506	0.085044	0.0105431	0.0345533
127	0.0108249	0.00309052	0.00212114	0.00289617	0.0483953	0.00187816	0.00577166	0.122445	0.00673223	0.604065	0.0849936	0.00214761	0.00133218	0.00573967	0.00302761	0.00763456	0.00796884	0.0667359	0.00214822	0.0100509
128	0.11664	0.00110459	0.010789	0.0306351	0.00865127	0.0164121	0.0565943	0.00924356	0.173084	0.0103091	0.0085204	0.158346	0.000744843	0.0758441	0.0952399	0.109009	0.0908174	0.0228781	0.000284001	0.00485343
129	0.158489	0.0240733	0.0377663	0.0496047	0.00332887	0.27991	0.00278157	0.0123483	0.0451493	0.0291037	0.0130413	0.0592635	0.00149954	0.0286653	0.0365883	0.154713	0.0369712	0.020721	0.00228132	0.00370131
130	0.00775798	0.00292055	0.0015846	0.00371189	0.109395	0.00160688	0.00392046	0.150466	0.00364931	0.503266	0.11928	0.00145478	0.000787671	0.00319067	0.00452261	0.0062818	0.00425806	0.0591954	0.00248164	0.0102688
131	0.0305132	0.00442097	0.0314897	0.0256474	0.0159034	0.442598	0.0143717	0.00471983	0.12894	0.00659808	0.00280447	0.164032	0.00136559	0.0411558	0.0229808	0.0369146	0.01039	0.0072476	0.000575046	0.00733228
132	0.00956541	0.020808	0.00110016	0.0168811	0.242287	0.017677	0.0452472	0.0328234	0.021199	0.113766	0.028323	0.0371698	0.0027713	0.0481239	0.00825606	0.0318571	0.0244072	0.0245603	0.00837036	0.264807
133	0.0402254	0.00343079	0.129279	0.23758	0.00340333	0.00261072	0.00296141	0.00825553	0.019232	0.00928333	0.0155491	0.0998865	0.205313	0.0045904	0.0145348	0.184322	0.00637266	0.00635954	0.00194333	0.00486695
134	0.0953591	0.0410291	0.00382311	0.00337494	0.00325192	0.00217472	0.00213878	0.0343664	0.00387408	0.00756483	0.0062894	0.00341824	0.0148818	0.00280404	0.0045246	0.0531102	0.28517	0.421782	0.000765084	0.0102976
135	0.0993278	0.00787366	0.00512649	0.0616303	0.052203	0.00529341	0.00669016	0.0128283	0.0911185	0.0102087	0.0057511	0.0164276	0.0057913	0.029456	0.0181754	0.177318	0.369733	0.0172291	0.00213911	0.00567883
136	0.0296224	0.0116359	0.00251454	0.00478744	0.00534971	0.000544418	0.000430903	0.260609	0.00263463	0.0613967	0.0158896	0.0008135	0.00312753	0.00107534	0.000939109	0.00668756	0.00723014	0.583985	0.000242445	0.000484251
137	0.194799	0.0560371	0.00233833	0.00251083	0.00820448	0.0230224	0.00148441	0.107556	0.00359223	0.19835	0.0825188	0.00761093	0.00166705	0.0103893	0.00238141	0.0515959	0.0546073	0.188499	0.000448626	0.00238749
138	0.159461	0.0063011	0.00575594	0.00974434	0.0386268	0.00595719	0.00517248	0.159171	0.00983779	0.0186373	0.181509	0.0375165	0.00540227	0.00825138	0.0114906	0.0405213	0.0510561	0.18395	0.00197788	0.0596596
139	0.0190184	0.00658733	0.013284	0.0194145	0.0118475	0.00913622	0.0186072	0.0181897	0.319753	0.0338769	0.0105175	0.035132	0.0090915	0.0487881	0.335665	0.0260365	0.0335823	0.0218699	0.00123984	0.00836267
140	0.130272	0.011416	0.055015	0.0379779	0.00339336	0.109235	0.0030564	0.0133418	0.0376654	0.0252904	0.0107775	0.0696751	0.00832015	0.0273877	0.0352523	0.333224	0.0659855	0.0173909	0.00257607	0.00274755
141	0.0238074	0.0154761	0.0170116	0.0158122	0.00641244	0.00342869	0.00337525	0.385549	0.0488759	0.0438967	0.034695	0.0105858	0.00306911	0.0280057	0.0308952	0.0163023	0.0335021	0.274574	0.00109472	0.00363122
142	0.0611283	0.0669781	0.00323992	0.00422014	0.124464	0.00295183	0.00278481	0.0659508	0.00567663	0.326195	0.0115375	0.00482301	0.0808103	0.00576183	0.00380799	0.00864379	0.0270097	0.169795	0.00181341	0.022409
143	0.0100236	0.00287912	0.00301197	0.00203927	0.0478159	0.00213881	0.00643698	0.0968563	0.0070375	0.634977	0.0884929	0.00235277	0.00131174	0.00518614	0.00346341	0.00843298	0.00893126	0.0554758	0.00235363	0.0107829
144	0.0888127	0.00260043	0.0239881	0.0310108	0.00608816	0.0273309	0.0302474	0.0109594	0.23062	0.0160091	0.0117243	0.117627	0.00655452	0.0590418	0.149341	0.101326	0.0628009	0.0186273	0.000889817	0.00440058
145	0.0371471	0.00269712	0.0160333	0.0198259	0.0113035	0.697903	0.00932813	0.0018319	0.0612864	0.00345787	0.00241525	0.0513147	0.000797232	0.0146706	0.022664	0.0354317	0.00491708	0.00367147	0.000561189	0.00274218
146	0.0438674	0.0797378	0.00390986	0.00929629	0.252582	0.00762122	0.0241159	0.0647719	0.0133916	0.212817	0.0532476	0.0170762	0.0095317	0.0191276	0.00815606	0.0142855	0.0173868	0.0616781	0.0165439	0.0708548
147	0.0250922	0.00339781	0.467838	0.0971364	0.00481104	0.0437553	0.00857923	0.00925954	0.0340841	0.0152298	0.00429262	0.130656	0.00621003	0.0363275	0.0139576	0.0613852	0.0152059	0.0169962	0.00140652	0.00437924
148	0.0227669	0.0182001	0.00505257	0.0277684	0.016716	0.00412383	0.0146641	0.00632403	0.0946837	0.00926699	0.0108891	0.00999963	0.0115425	0.296878	0.331284	0.0542101	0.0412478	0.0203459	0.000742798	0.00329429
149	0.021188	0.0304926	0.0168125	0.0923256	0.00444674	0.0172088	0.203097	0.0439727	0.0945163	0.049092	0.00335836	0.0489619	0.00263497	0.0330383	0.127494	0.104032	0.0523583	0.0203001	0.00078111	0.033889
150	0.0343029	0.0029545	0.0165733	0.0185352	0.0121303	0.705716	0.0093317	0.00148148	0.0628966	0.00290129	0.0022913	0.0499257	0.000830417	0.0141387	0.0237223	0.0312606	0.00402379	0.00368236	0.000515303	0.00278641
151	0.00694822	0.00525247	0.00252637	0.00580031	0.00293267	0.000424218	0.000374835	0.286377	0.0027035	0.0313821	0.012654	0.000627441	0.00176366	0.000694419	0.000901829	0.0084819	0.00346117	0.626113	0.000145308	0.000435353
152	0.0135525	0.00509674	0.0122773	0.00997275	0.00584621	0.00536962	0.0100602	0.00383615	0.503712	0.00844108	0.00941268	0.0550262	0.0049328	0.040644	0.216711	0.0407953	0.0385965	0.0139181	0.000376746	0.00142223
153	0.0188814	0.00904399	0.00399052	0.00995121	0.0747327	0.00221169	0.00305907	0.408611	0.0067197	0.0847093	0.0530733	0.00387234	0.00255905	0.00551587	0.00510592	0.00664117	0.0167367	0.258117	0.00225783	0.0242103
154	0.0261543	0.00168089	0.00423363	0.0390119	0.0363672	0.00450187	0.0414872	0.267467	0.0436238	0.277708	0.021205	0.0152112	0.00941799	0.032157	0.00436262	0.0129565	0.00867473	0.132125	0.0132911	0.00836283
155	0.0477099	0.00257322	0.0731066	0.24529	0.00305105	0.0281686	0.0165501	0.0728882	0.0526133	0.0541901	0.0149923	0.019916	0.00264679	0.0127395	0.00616789	0.0732375	0.148254	0.119871	0.000875337	0.00515833
156	0.0094851	0.0048093	0.000882471	0.00121571	0.532639	0.000971898	0.0150327	0.00138051	0.00128404	0.0120611	0.00821034	0.00129083	0.00441519	0.00142712	0.00122852	0.001794	0.00593075	0.014416	0.00436617	0.37716
157	0.0151022	0.00132402	0.502164	0.0740329	0.0014683	0.0498481	0.0100773	0.0025186	0.0273416	0.00462431	0.00137543	0.190339	0.000935948	0.0349881	0.00773342	0.0561055	0.00815246	0.00946808	0.000477336	0.00192324
158	0.00985225	0.0189931	0.000745522	0.00102399	0.00147308	0.000758369	0.000762643	0.00230607	0.00143038	0.00273887	0.00102773	0.0129413	0.00102104	0.00111089	0.0160253	0.0820367	0.820522	0.02424	0.000286763	0.000703736
159	0.00690391	0.00531636	0.0024941	0.00582188	0.00293199	0.000416267	0.000377569	0.284964	0.00262777	0.0316333	0.0126374	0.000588615	0.00181035	0.000596596	0.000693717	0.00837882	0.00312967	0.628111	0.000141373	0.000425121
160	0.00643996	0.00112769	0.00157031	0.00137122	0.0413756	0.00148596	0.00521988	0.102739	0.0059313	0.649899	0.086832	0.00101886	0.000977925	0.00483524	0.00222562	0.00638171	0.0070213	0.0623348	0.00204704	0.00916575
161	0.0294624	0.0436624	0.00206452	0.00365653	0.22658	0.00314086	0.00220744	0.090574	0.00836892	0.219464	0.172039	0.0196487	0.00431509	0.0201714	0.00393147	0.00690701	0.0169755	0.0490601	0.0300545	0.0477169
162	0.47898	0.0192246	0.00462817	0.00829234	0.00338815	0.251214	0.00212718	0.00802716	0.0127415	0.0101737	0.00486799	0.0079818	0.0105112	0.00470363	0.0119459	0.132365	0.0138287	0.0118439	0.000656067	0.00249824
163	0.010804	0.00633186	0.0049004	0.00235673	0.0256928	0.00235898	0.00112323	0.66738	0.00251623	0.00950818	0.00911127	0.00180055	0.00196797	0.00202629	0.00209198	0.00388351	0.0426404	0.186344	0.000354195	0.0168073
164	0.0645786	0.00738772	0.0120093	0.0172212	0.00907652	0.68643	0.00785025	0.00311135	0.0346749	0.0077037	0.0034744	0.0327404	0.00264325	0.00950293	0.0165971	0.0642777	0.0103683	0.00586097	0.0017827	0.0027084
165	0.034838	0.0136446	0.0153475	0.0332704	0.0162277	0.0147215	0.0230964	0.026756	0.167072	0.0305581	0.0161638	0.03995	0.020395	0.0530421	0.273919	0.0548208	0.117919	0.0317406	0.00449148	0.0120249
166	0.0488292	0.0018102	0.0996762	0.154023	0.00195004	0.0109617	0.0138879	0.0358016	0.152356	0.010209	0.0108017	0.0318877	0.00249897	0.0878167	0.0304804	0.0506728	0.126222	0.103786	0.000591953	0.0257377
167	0.0147459	0.00262277	0.0563727	0.0483735	0.00324865	0.0863402	0.0502417	0.00393065	0.030883	0.0191132	0.00333665	0.562993	0.00256722	0.0516626	0.0165822	0.0232034	0.00536319	0.014807	0.0010178	0.00259423
168	0.0603711	0.0418296	0.00383945	0.00215992	0.0410645	0.00195744	0.00187586	0.161676	0.00307298	0.356258	0.0251802	0.00258647	0.0180473	0.00302479	0.00179577	0.00501085	0.0176422	0.244669	0.000832577	0.0071059
169	0.0192279	0.00124366	0.14293	0.561382	0.0116141	0.0215709	0.00681463	0.00224488	0.0350003	0.0031996	0.00141844	0.0235388	0.0138609	0.0982103	0.0144071	0.0219922	0.0140408	0.00288035	0.000596854	0.00382601
170	0.121485	0.00094777	0.00984334	0.0323758	0.00760314	0.0182014	0.0453508	0.0116664	0.176127	0.0100405	0.00820915	0.158318	0.000830763	0.0776205	0.0872347	0.105471	0.0974638	0.0265812	0.000410488	0.00421906
171	0.254868	0.0108712	0.00574411	0.00543104	0.00826596	0.00170385	0.00163332	0.177001	0.00275716	0.125177	0.0268448	0.00280182	0.0119597	0.00248001	0.00239484	0.00541999	0.0219327	0.330395	0.000620231	0.00169855
172	0.0127199	0.0102084	0.0259904	0.0109091	0.00209487	0.039332	0.019002	0.0132602	0.0223581	0.00381061	0.00243879	0.21517	0.00298942	0.0123789	0.0129333	0.398494	0.188351	0.00456715	0.00127743	0.0017142
173	0.0340273	0.00689554	0.0258461	0.0235671	0.0268492	0.51656	0.00967874	0.00355471	0.14036	0.00354605	0.00313759	0.0952049	0.000875768	0.0336432	0.0243631	0.0293631	0.0064649	0.00676876	0.000457059	0.00883654
174	0.00884115	0.00650782	0.00398472	0.00802445	0.0768903	0.00436706	0.0565556	0.0743443	0.272616	0.0609315	0.0298209	0.012618	0.00594862	0.0211808	0.186885	0.0137086	0.0158391	0.0485405	0.00154448	0.090851
175	0.00824214	0.00547081	0.0015091	0.00171592	0.0138344	0.00216329	0.000399292	0.677323	0.00102589	0.0370445	0.00229661	0.00176958	0.00207739	0.000626486	0.00161428	0.00398986	0.0061485	0.228331	0.000157451	0.00425965
176	0.0553479	0.00284854	0.0173288	0.0414722	0.0266273	0.0214025	0.0151442	0.267969	0.0424825	0.162649	0.024061	0.00814722	0.0859588	0.0398714	0.00424814	0.00860686	0.00829001	0.143652	0.0199755	0.00391684
177	0.030772	0.0260201	0.00347773	0.0250854	0.0114672	0.00312913	0.0155291	0.00464568	0.056532	0.00494251	0.0159012	0.00544829	0.0145	0.361324	0.275651	0.067602	0.0456418	0.0290788	0.00100582	0.00224593
178	0.0108686	0.01796	0.000755143	0.00104455	0.00171684	0.000991882	0.000789799	0.00269953	0.00129006	0.0033463	0.0010572	0.0128161	0.000940268	0.00115369	0.0150436	0.0972637	0.80493	0.024298	0.00030978	0.000724939
179	0.0167713	0.0126536	0.0215939	0.0126427	0.00244048	0.0355777	0.0193135	0.0117217	0.0182849	0.00453597	0.00226562	0.196012	0.00408706	0.0105347	0.0107605	0.42062	0.19231	0.00476449	0.00144908	0.00166098
180	0.100388	0.100161	0.00132543	0.00378009	0.00795832	0.0080529	0.00130237	0.171731	0.00233844	0.00446564	0.0014454	0.00812854	0.00918372	0.00169295	0.0017025	0.00293828	0.0348796	0.529847	0.00731769	0.00136174
181	0.0400246	0.00300448	0.126645	0.218906	0.00303599	0.0023193	0.00258503	0.00782551	0.0209158	0.00878009	0.0125651	0.0808165	0.243842	0.00487937	0.0162776	0.188413	0.00688076	0.00532239	0.00213716	0.00482404
182	0.00503091	0.00286088	0.0134691	0.00295602	0.013294	0.0592147	0.533538	0.00463814	0.00372854	0.00509745	0.00235786	0.198421	0.00207573	0.00347372	0.0252739	0.0561801	0.00490013	0.00541828	0.0117276	0.0463434
183	0.0089845	0.00534885	0.00110774	0.00142918	0.0112559	0.00203419	0.000395613	0.685023	0.000848916	0.0438317	0.00150036	0.00214311	0.00191465	0.000603546	0.00171155	0.00351831	0.00444044	0.220661	0.000155232	0.0030913
184	0.0093	0.0043684	0.00087584	0.00113124	0.510833	0.000955034	0.0164947	0.00138835	0.00128843	0.0106219	0.00696902	0.00129916	0.00472171	0.00130612	0.0012361	0.00177042	0.00520971	0.0126801	0.00389338	0.403658
185	0.328584	0.0830517	0.00890948	0.0346978	0.0058367	0.192862	0.0022663	0.0167024	0.0178258	0.0393847	0.0170285	0.00904004	0.00515038	0.00555078	0.00294416	0.147008	0.0245169	0.0497895	0.000780138	0.00807043
186	0.00835617	0.00511803	0.00179346	0.00410697	0.0056413	0.000833686	0.000383581	0.395754	0.00189003	0.0518791	0.00846652	0.00131103	0.00168055	0.000541501	0.00106949	0.0062151	0.00228854	0.502051	0.000120186	0.000499315
187	0.0389663	0.00360025	0.0140789	0.0216832	0.00907553	0.735246	0.00863186	0.00250167	0.0409545	0.00469116	0.00268501	0.036228	0.00162937	0.0117182	0.01774	0.037212	0.00653996	0.0039338	0.00078015	0.00210439
188	0.0199559	0.00240934	0.412892	0.180428	0.00443489	0.0393203	0.00690616	0.00551216	0.0383951	0.00723922	0.00343903	0.115679	0.014876	0.0433076	0.0128523	0.0605582	0.01619	0.0113342	0.000744335	0.003526
189	0.100493	0.100115	0.00132407	0.00378008	0.00795547	0.00806956	0.00129235	0.17168	0.00233428	0.00446532	0.00146	0.00813457	0.00918093	0.00169465	0.00171203	0.0029753	0.0348703	0.529742	0.00735901	0.00136196
190	0.209669	0.0686657	0.00348187	0.00223281	0.00239339	0.0318703	0.00113514	0.0866201	0.00214384	0.193289	0.0559742	0.0107835	0.000948964	0.01244	0.00136851	0.0624682	0.0646633	0.188222	0.000350885	0.00127891
191	0.0298068	0.00207326	0.00471625	0.0333462	0.0215652	0.00248535	0.00440369	0.0266271	0.00930246	0.0741957	0.0208873	0.00418756	0.588618	0.0535622	0.00576888	0.0250562	0.0421094	0.0365548	0.011687	0.00304712
