256	20
1	0.0828468	0.0248663	0.0292049	0.0335528	0.0142154	0.0448296	0.0538538	0.0139645	0.0742772	0.0126104	0.0091269	0.111523	0.0568463	0.0541586	0.0915025	0.159421	0.0804135	0.0328457	0.000413851	0.019527
2	0.0867973	0.0537543	0.0103479	0.0145946	0.0414445	0.00738115	0.0126148	0.185419	0.0120818	0.103188	0.0231164	0.0150257	0.00294005	0.0141312	0.0192983	0.0474303	0.103834	0.228528	0.00362487	0.0144471
3	0.0359912	0.0244115	0.0050799	0.0077358	0.385568	0.00275737	0.00239332	0.167657	0.00192225	0.0941446	0.0567801	0.00335424	0.00203604	0.00326881	0.00259746	0.0113879	0.0339126	0.106045	0.0129296	0.0400279
4	0.0678605	0.0277155	0.0302502	0.0434109	0.0174336	0.0438838	0.0516144	0.0112622	0.0918539	0.0104783	0.0116971	0.110806	0.0217756	0.0593543	0.112034	0.160893	0.0846206	0.0209192	0.000768423	0.0213687
5	0.0201179	0.0403176	0.00116957	0.00159041	0.255318	0.00149263	0.0423228	0.00179478	0.00621863	0.0328474	0.0066283	0.0349936	0.00129553	0.007023	0.00159707	0.0142784	0.0235017	0.0079576	0.0106469	0.488888
6	0.0696123	0.00869261	0.182956	0.113912	0.00390568	0.0147918	0.00326623	0.065236	0.0267006	0.0391351	0.0370329	0.0697966	0.0275429	0.084526	0.00812118	0.0686434	0.0656274	0.0906307	0.00832684	0.011544
7	0.18125	0.0481493	0.00246921	0.00420842	0.006475	0.0611048	0.00458683	0.0106792	0.00563467	0.0267926	0.00939985	0.0281815	0.00332502	0.00451397	0.008139	0.411302	0.142164	0.0389581	0.00100225	0.00166411
8	0.0966107	0.017582	0.031966	0.0289077	0.0105467	0.0563208	0.0515085	0.0149532	0.0537306	0.0186626	0.00743616	0.109328	0.105659	0.0524948	0.0762164	0.148518	0.0743459	0.0319947	0.000706831	0.0125116
9	0.0244522	0.0226722	0.0706615	0.0646077	0.034577	0.0392402	0.157635	0.00442723	0.0593273	0.0283621	0.00494715	0.140942	0.00288607	0.135862	0.0608501	0.0400029	0.020453	0.00813973	0.0309026	0.0490507
10	0.0949726	0.0178099	0.0174168	0.0187971	0.0102795	0.00991418	0.0518781	0.0331764	0.0370529	0.0558475	0.0139945	0.0587592	0.197616	0.0519136	0.0658733	0.0938551	0.11065	0.057032	0.000410153	0.00275119
11	0.0328504	0.0126804	0.00043133	0.0029359	0.00831837	0.00184608	0.00155363	0.380149	0.000957415	0.191165	0.02875	0.000731347	0.00213547	0.00295117	0.00219449	0.0125149	0.0159221	0.300494	0.000257825	0.0011608
12	0.0200339	0.0398482	0.0012005	0.00155707	0.255146	0.00149578	0.0431299	0.00169557	0.00625937	0.0328057	0.00666171	0.0357112	0.00125457	0.00702452	0.00164661	0.0142751	0.0234695	0.00784595	0.0075405	0.491398
13	0.352056	0.029268	0.00889419	0.0078336	0.00471956	0.265031	0.00137395	0.00173886	0.00328981	0.00510799	0.00222452	0.0180433	0.00121522	0.00484001	0.00485426	0.263404	0.0173173	0.00721788	0.00055601	0.00101513
14	0.109088	0.0467847	0.00180514	0.00284622	0.00698962	0.00214018	0.0119604	0.0709896	0.00358466	0.395207	0.133086	0.00805739	0.0050603	0.00307047	0.00437268	0.0134819	0.0498616	0.118407	0.000977629	0.0122303
15	0.367282	0.042976	0.00587713	0.00662016	0.0053349	0.192109	0.00113665	0.00198546	0.00355721	0.0043693	0.0018899	0.0216189	0.00100153	0.00369586	0.00519832	0.306111	0.0204236	0.0075251	0.000367517	0.000920547
16	0.017362	0.02011	0.00358419	0.00484076	0.269464	0.00352685	0.0126553	0.0690261	0.00327455	0.027579	0.0168658	0.0050426	0.00290237	0.00482176	0.00416632	0.0104235	0.014098	0.0302153	0.442577	0.0374654
17	0.119684	0.0766554	0.0081516	0.0200898	0.0195436	0.0693202	0.0230122	0.0154469	0.0373345	0.0122063	0.0140881	0.0471178	0.0109519	0.0360279	0.0446064	0.327458	0.078362	0.0260223	0.00326309	0.010658
18	0.103734	0.0194809	0.0218669	0.0180076	0.0111864	0.0169501	0.0475342	0.0302844	0.0381492	0.0405972	0.00778479	0.080247	0.144865	0.0503574	0.0693483	0.12973	0.111939	0.0522107	0.000406515	0.00532052
19	0.0482272	0.0117154	0.0396869	0.0593042	0.0222745	0.0217076	0.0629732	0.00628313	0.131748	0.0239828	0.00919118	0.0644548	0.009655	0.0747798	0.243602	0.0838682	0.0502583	0.0147395	0.00120346	0.0203456
20	0.0952135	0.0170579	0.0178562	0.0221271	0.0103638	0.0119654	0.0510039	0.0294521	0.0440405	0.0513748	0.0114437	0.0637288	0.174576	0.0556478	0.0767092	0.10068	0.111274	0.0517264	0.000370456	0.00338862
21	0.0341469	0.00356464	0.427298	0.179135	0.00207608	0.0216903	0.0128528	0.00590635	0.0177548	0.00756702	0.00606349	0.0972263	0.00854781	0.0365042	0.0128972	0.0697533	0.0360526	0.0099817	0.00336872	0.00761219
22	0.0514358	0.0073396	0.00590693	0.014796	0.111599	0.00529902	0.0297653	0.0368061	0.0173593	0.118443	0.110629	0.0272156	0.0388075	0.0674119	0.0512078	0.100662	0.0314553	0.056035	0.0182193	0.0996058
23	0.0653821	0.0258833	0.0262266	0.0309539	0.0279524	0.0219407	0.040279	0.0697784	0.0594246	0.0638283	0.0234695	0.0571987	0.0339792	0.0440486	0.140391	0.0798193	0.070057	0.09582	0.00491773	0.0186493
24	0.0135222	0.0037407	0.000755956	0.00270233	0.0266819	0.00127734	0.00872332	0.313097	0.00712971	0.401998	0.0555619	0.00165151	0.00155577	0.00401652	0.00269646	0.00493642	0.00595943	0.136801	0.000433258	0.00675897
25	0.454146	0.0340617	0.0068873	0.0145127	0.00457773	0.210927	0.00287171	0.00348311	0.0038222	0.0138921	0.00918742	0.0130887	0.00223352	0.00754893	0.0045992	0.145062	0.0176031	0.0487119	0.000672582	0.00211127
26	0.0352402	0.0135271	0.00045328	0.0027831	0.0064041	0.0021296	0.000992244	0.378239	0.000589605	0.168149	0.0241937	0.00073227	0.0023552	0.00309155	0.00200189	0.0136448	0.0171219	0.327336	0.000264178	0.000751578
27	0.296539	0.0495817	0.00444523	0.00656239	0.00551268	0.159659	0.00249397	0.005416	0.00387203	0.0141267	0.00533421	0.0224148	0.00164867	0.00450425	0.00597058	0.308638	0.0753578	0.0256034	0.000865992	0.00145352
28	0.0640427	0.0314883	0.00651165	0.00792681	0.00580911	0.0198047	0.0097664	0.0111017	0.0106804	0.0180706	0.0118707	0.0404708	0.0103261	0.00894211	0.0132626	0.366827	0.326303	0.031675	0.00125738	0.00386342
29	0.0360781	0.0240621	0.00526353	0.0079928	0.382416	0.00277759	0.00249503	0.166542	0.00204831	0.0949125	0.0571328	0.00355045	0.00232195	0.00369308	0.0029183	0.0122571	0.0337831	0.106219	0.012679	0.0408577
30	0.028715	0.00939259	0.000599775	0.00529457	0.0109632	0.001642	0.00347438	0.395085	0.00235829	0.21277	0.044478	0.00146768	0.00179822	0.0029817	0.00911348	0.0119346	0.0200638	0.233957	0.000465869	0.00344508
31	0.0444514	0.00564586	0.326519	0.170516	0.00309078	0.0174074	0.0096254	0.0271632	0.0276544	0.0259182	0.0184483	0.0699533	0.021196	0.06321	0.0139261	0.0631007	0.0411014	0.038966	0.00362476	0.00848192
32	0.0703151	0.0615674	0.0141892	0.0515538	0.0305754	0.0565501	0.0406611	0.0262573	0.0705764	0.0161391	0.0331389	0.0650922	0.00815051	0.0524959	0.0671943	0.190264	0.0838274	0.0393719	0.00663441	0.0154452
33	0.0400224	0.026786	0.00561647	0.00912486	0.345521	0.00277522	0.00340773	0.169527	0.00283834	0.100084	0.0549486	0.00508189	0.00202937	0.00477425	0.00479117	0.0128873	0.0417098	0.116931	0.0146178	0.0365265
34	0.0269662	0.00206191	0.484965	0.209027	0.00106165	0.0160639	0.0118482	0.00168081	0.0154196	0.00637682	0.00380054	0.0821253	0.00745804	0.0310277	0.0106017	0.052035	0.0257562	0.00358408	0.00149236	0.00664781
35	0.0535408	0.0218206	0.0124805	0.0158072	0.0280898	0.00859794	0.0464247	0.208107	0.0173401	0.145342	0.0387967	0.0219201	0.0207362	0.0381736	0.025257	0.0347096	0.0700418	0.176054	0.00230603	0.0144545
36	0.0892983	0.0212901	0.0338155	0.0280342	0.0110892	0.0168204	0.0535592	0.0274591	0.036773	0.0439938	0.0105378	0.0597939	0.171683	0.0510268	0.0692239	0.104292	0.109957	0.0562913	0.000737159	0.00432468
37	0.0201517	0.0396223	0.00123154	0.00168028	0.259297	0.00150624	0.041899	0.00448516	0.00616754	0.0332601	0.00745801	0.0342091	0.00131768	0.00696615	0.00167928	0.0141633	0.0237051	0.00925674	0.0153767	0.476567
38	0.189454	0.0442139	0.00603972	0.0120885	0.0044442	0.0137103	0.00637169	0.00594969	0.00621891	0.0265847	0.00415022	0.0094082	0.53226	0.0178647	0.0127627	0.0565769	0.0362653	0.0118383	0.00110353	0.00269484
39	0.192904	0.0512546	0.00260342	0.00873849	0.00404786	0.00787374	0.00336267	0.00434991	0.00325464	0.0267102	0.00381361	0.00441504	0.571259	0.0149526	0.00903495	0.0466469	0.0321194	0.00876356	0.0013296	0.00256526
40	0.0670097	0.0277402	0.017887	0.0161929	0.00851688	0.0247503	0.0204689	0.0140446	0.0237641	0.0175961	0.0116042	0.0858706	0.0222639	0.0213899	0.0303464	0.266873	0.28237	0.0307589	0.0015416	0.0090106
41	0.0655724	0.0472929	0.0352881	0.0380348	0.0215401	0.0429387	0.0586908	0.0129914	0.0953323	0.0139794	0.0140101	0.14646	0.0190746	0.058003	0.0797276	0.139376	0.0605244	0.0247237	0.00269141	0.0237485
42	0.0360643	0.0137754	0.000453009	0.00286407	0.00712317	0.00200398	0.00180705	0.371853	0.000710949	0.179152	0.0269783	0.000817071	0.00227697	0.00311213	0.00221631	0.0139475	0.017181	0.315978	0.000251898	0.00143449
43	0.0419271	0.00905524	0.0102057	0.0115765	0.00777056	0.0061221	0.00641911	0.12902	0.00788467	0.148657	0.34194	0.00974446	0.00678792	0.123179	0.00573923	0.0722848	0.0353784	0.0198435	0.00183187	0.00463336
44	0.0121403	0.0200472	0.00367424	0.00466181	0.234595	0.00435276	0.015917	0.0284586	0.00373231	0.00914648	0.0060828	0.00559444	0.0033477	0.00567075	0.00471586	0.0108793	0.00948484	0.00897311	0.567585	0.0409399
45	0.0556907	0.0116562	0.00988202	0.0321569	0.0708004	0.00983836	0.0261524	0.0610179	0.0144254	0.110489	0.148796	0.0315971	0.0343467	0.0622468	0.0251031	0.133019	0.0291478	0.0795294	0.00912162	0.0449836
46	0.111196	0.0244288	0.0221788	0.0258272	0.0129958	0.022335	0.029185	0.0355246	0.023511	0.0501162	0.0167523	0.0381218	0.289095	0.0368477	0.0417182	0.0750177	0.0724632	0.0634683	0.00221089	0.00700635
47	0.0967314	0.0159912	0.0369114	0.0309412	0.0089573	0.0330223	0.0524825	0.0196086	0.0445167	0.0257398	0.00667131	0.0914667	0.132842	0.0441519	0.0879123	0.134796	0.0882021	0.0397318	0.000659995	0.00866329
48	0.0881355	0.0198841	0.0270922	0.0277428	0.0109746	0.0382691	0.0467695	0.01683	0.0614212	0.0192156	0.00702859	0.114167	0.0938836	0.0457451	0.0817733	0.159191	0.0911117	0.0366434	0.000390988	0.0137304
49	0.0666686	0.00896098	0.264461	0.127272	0.00522753	0.0604294	0.0280012	0.0102442	0.0236779	0.0122178	0.00735945	0.0753668	0.078349	0.0312666	0.0323551	0.0820789	0.0474267	0.029259	0.00235094	0.00702755
50	0.0333764	0.0101459	0.00157102	0.00352807	0.0242483	0.001527	0.0158888	0.248895	0.00717883	0.385258	0.06653	0.00409683	0.00221099	0.00509939	0.00585856	0.00661464	0.0174739	0.145982	0.000565812	0.0139495
51	0.0146369	0.00382962	0.00075914	0.00273403	0.0272908	0.00121796	0.00961233	0.30537	0.00731432	0.40276	0.0591928	0.00158618	0.00154704	0.00407895	0.00286417	0.00473752	0.0060071	0.136521	0.000418217	0.00752173
52	0.0527298	0.0145268	0.00137996	0.00417793	0.0133376	0.00315345	0.0058305	0.324727	0.00288579	0.226259	0.0514444	0.00289305	0.00312016	0.00448544	0.00521138	0.0128757	0.0234074	0.241043	0.000410784	0.00610017
53	0.0561749	0.0280024	0.00238809	0.00391935	0.00449885	0.0150745	0.00545178	0.00933804	0.00442656	0.0174593	0.0123139	0.0353983	0.00272198	0.00404954	0.00469047	0.361294	0.395967	0.03326	0.00102046	0.00255017
54	0.094602	0.053182	0.00152542	0.00235343	0.00377082	0.0263528	0.00771278	0.0152686	0.00697558	0.0129403	0.00694045	0.0310184	0.00180699	0.00397776	0.00982408	0.52266	0.166024	0.0309125	0.000736656	0.00141584
55	0.362506	0.0412693	0.00631117	0.00704974	0.00510326	0.207566	0.00115205	0.00195703	0.00333953	0.00426654	0.00188165	0.021001	0.000994013	0.00389172	0.00543123	0.296998	0.0202175	0.00777469	0.000384076	0.000905106
56	0.0296451	0.00265896	0.466523	0.210871	0.00124841	0.0150862	0.011986	0.00466269	0.0159833	0.00894455	0.00512932	0.0788198	0.00872696	0.0349088	0.0106444	0.0514487	0.0272899	0.00722173	0.00162185	0.00657927
57	0.0204521	0.0399856	0.00121198	0.00161196	0.253869	0.00146861	0.0418408	0.0018095	0.00640353	0.0331893	0.00692647	0.0357834	0.00124088	0.00723815	0.00171917	0.0144624	0.0236475	0.0082206	0.00758795	0.491331
58	0.0759169	0.0295666	0.0064331	0.00969537	0.0226215	0.00403038	0.0133453	0.0990562	0.00836917	0.32502	0.131807	0.0135801	0.0249315	0.019978	0.0101971	0.0345413	0.0386474	0.112526	0.00290374	0.0168325
59	0.0290849	0.0102706	0.0212896	0.0494002	0.0220777	0.0163583	0.0593112	0.00968942	0.153304	0.0264018	0.00809967	0.050555	0.0187014	0.0959661	0.310267	0.0533086	0.0403407	0.0117216	0.00150313	0.0123491
60	0.0147043	0.00416673	0.000674469	0.00267205	0.0258099	0.00118846	0.00832488	0.320864	0.00625285	0.387126	0.0539432	0.001508	0.00144184	0.00385149	0.00251864	0.0049611	0.00624525	0.14701	0.000420137	0.00631726
61	0.012401	0.0223769	0.00327868	0.00429373	0.225194	0.00401144	0.0217161	0.0212319	0.00408446	0.0110222	0.00561488	0.00952004	0.00318535	0.00550366	0.00416467	0.0108636	0.0110664	0.00734938	0.506074	0.107047
62	0.0252026	0.00754299	0.0249405	0.134211	0.00896577	0.0180441	0.0641669	0.00562099	0.13178	0.0325137	0.00870745	0.051077	0.0130327	0.116692	0.216621	0.057364	0.0585005	0.00783499	0.000903009	0.0162794
63	0.136066	0.0833852	0.00311804	0.0389171	0.0383993	0.0601529	0.00573579	0.0258949	0.022715	0.0508832	0.049394	0.0108547	0.0137457	0.0362154	0.0249928	0.191689	0.104431	0.0786802	0.0214308	0.00329856
64	0.0666158	0.0328073	0.017101	0.0188398	0.0438856	0.00223755	0.020708	0.163889	0.0189557	0.118017	0.0249211	0.0221936	0.00229302	0.0186917	0.0317913	0.0215813	0.131173	0.22007	0.00195814	0.022271
65	0.0360912	0.0244468	0.00507436	0.00769333	0.385392	0.00277972	0.00242819	0.167427	0.00192017	0.0944039	0.0567581	0.0035571	0.00203041	0.00326235	0.00267598	0.0113689	0.0338752	0.10592	0.0129044	0.0399903
66	0.0778232	0.01618	0.0676052	0.0498842	0.00992871	0.0464595	0.0387177	0.0208725	0.064387	0.0122752	0.0120055	0.138952	0.038812	0.0492123	0.0699422	0.15423	0.075755	0.0334113	0.002644	0.0209029
67	0.0762205	0.0300372	0.0318302	0.0330824	0.0152687	0.0580835	0.0477396	0.0104869	0.0776802	0.00437223	0.0106597	0.150393	0.0177234	0.0474573	0.0836018	0.183067	0.0776726	0.0195558	0.000867752	0.0242005
68	0.083845	0.0246406	0.0303939	0.0299377	0.0126067	0.050723	0.0438132	0.0108339	0.0685586	0.00661793	0.00930113	0.150883	0.0251864	0.0466817	0.0826725	0.186583	0.0897221	0.0220592	0.000727157	0.0242135
69	0.0277614	0.00220493	0.481396	0.211933	0.00112986	0.0157781	0.0117816	0.00197954	0.0152571	0.00658126	0.0037966	0.0811842	0.00741098	0.0313554	0.0108325	0.0514856	0.0261975	0.0038618	0.00151418	0.0065582
70	0.0215582	0.0392847	0.00132194	0.00166961	0.251011	0.00160398	0.0408918	0.00196427	0.00632253	0.0349018	0.00685976	0.0346398	0.00153656	0.00827264	0.00184734	0.0156112	0.025848	0.00805845	0.00757896	0.489218
71	0.0576326	0.155573	0.00522016	0.00897418	0.0406963	0.0170427	0.00729086	0.0344662	0.0100663	0.0397579	0.01176	0.084348	0.017401	0.00947613	0.0142306	0.375435	0.0521574	0.0441239	0.00271512	0.0116323
72	0.353222	0.0419097	0.0070607	0.00717665	0.00711399	0.184772	0.00162164	0.00276794	0.00449937	0.00513821	0.0022928	0.0219253	0.00217237	0.00409582	0.00565515	0.317592	0.0213791	0.0080077	0.000434319	0.00116284
73	0.182832	0.0440551	0.00862883	0.014235	0.00596935	0.0157161	0.00825588	0.00724633	0.00802959	0.0278776	0.00558988	0.0129573	0.510127	0.0188703	0.0150933	0.0540625	0.0403102	0.0152193	0.00150549	0.0034192
74	0.0351108	0.0148168	0.000772304	0.00337911	0.0106329	0.00193535	0.00277997	0.364636	0.00159396	0.199057	0.0319449	0.00142991	0.00220784	0.00324643	0.00336903	0.0140017	0.0183489	0.287532	0.000598863	0.00260517
75	0.0873816	0.0335143	0.00663995	0.0107918	0.0108703	0.0241136	0.00819785	0.0139702	0.00928881	0.039115	0.0180583	0.0315124	0.00959684	0.011344	0.0117765	0.313747	0.308709	0.0436423	0.002699	0.0050318
76	0.143471	0.0417587	0.0171229	0.0159575	0.00902866	0.0585627	0.021134	0.0127251	0.0304272	0.0141536	0.00871509	0.0789623	0.018195	0.0206683	0.0379047	0.352925	0.0810162	0.0278766	0.00116442	0.00823065
77	0.0595569	0.0450118	0.00492058	0.00732595	0.204427	0.00404979	0.00711372	0.113179	0.00478815	0.236452	0.101621	0.00783958	0.00475343	0.00833098	0.00546673	0.0189254	0.0369503	0.096707	0.00662998	0.0259508
78	0.0328979	0.00420825	0.4385	0.191927	0.00444736	0.0182553	0.0153816	0.00650121	0.0206213	0.00914301	0.00637489	0.0824457	0.0100054	0.0346496	0.0161019	0.0574781	0.0303257	0.00992335	0.0022224	0.00858924
79	0.0141286	0.0204826	0.00491708	0.0056822	0.223968	0.00489894	0.0169992	0.0289906	0.00441497	0.0117507	0.00819722	0.00681887	0.00384766	0.00752514	0.00548694	0.0126168	0.0113035	0.0101479	0.556425	0.0413984
80	0.171944	0.0680659	0.00800935	0.0104266	0.0104598	0.0660067	0.0118283	0.0126814	0.0193794	0.0122758	0.00737211	0.0650059	0.00994239	0.013813	0.0219383	0.384532	0.0742339	0.0244074	0.00124489	0.00643286
81	0.0687147	0.0187128	0.258125	0.165703	0.00531687	0.01384	0.00721246	0.0436239	0.0176598	0.0209661	0.0193827	0.0517759	0.0186499	0.0591569	0.0204569	0.0611075	0.0759178	0.0587363	0.00692397	0.00801746
82	0.0671644	0.0327584	0.016112	0.0183816	0.0438214	0.00220567	0.0209515	0.164147	0.0190277	0.117518	0.0248521	0.0220594	0.00215426	0.0184185	0.0317253	0.0216595	0.131522	0.221052	0.00197418	0.0224955
83	0.0269662	0.00206191	0.484965	0.209027	0.00106165	0.0160639	0.0118482	0.00168081	0.0154196	0.00637682	0.00380054	0.0821253	0.00745804	0.0310277	0.0106017	0.052035	0.0257562	0.00358408	0.00149236	0.00664781
84	0.0704778	0.0147298	0.01353	0.0174626	0.02873	0.0040847	0.0337697	0.0696369	0.0299587	0.110298	0.0611962	0.0423348	0.135503	0.0539156	0.049863	0.0625875	0.081242	0.0966333	0.00312392	0.0209231
85	0.0685554	0.0187066	0.0448843	0.0396077	0.0141607	0.0466746	0.0577989	0.00754118	0.0881441	0.00650509	0.00783134	0.16351	0.0175781	0.0536263	0.0992095	0.155875	0.0632299	0.0194932	0.00111185	0.0259555
86	0.0600273	0.0174929	0.00817141	0.011507	0.0267508	0.00411352	0.0159964	0.240777	0.0121214	0.169156	0.0707368	0.0147545	0.00557307	0.0130221	0.0655786	0.0208459	0.0709638	0.139529	0.00198298	0.0309005
87	0.0314885	0.0116417	0.000402798	0.00313136	0.00893275	0.00180792	0.00177878	0.386037	0.000978489	0.193844	0.0308154	0.000735269	0.00198523	0.00290884	0.00225728	0.0120542	0.015634	0.291972	0.000232548	0.00136207
88	0.462473	0.0542048	0.00404753	0.0174713	0.00594841	0.160028	0.00295269	0.00666289	0.00394496	0.0221223	0.0184062	0.00917997	0.00282228	0.00993039	0.00429799	0.0877776	0.0341104	0.089063	0.00165439	0.00290192
89	0.0888347	0.0645891	0.00321435	0.00699647	0.0101831	0.0298396	0.00840967	0.0122236	0.00941551	0.0165513	0.0103953	0.0355217	0.00881945	0.00871229	0.0124046	0.396928	0.24	0.030062	0.00168532	0.00521391
90	0.344911	0.201531	0.00430176	0.0229098	0.00816009	0.0492402	0.00487819	0.00985905	0.00701123	0.0152357	0.00923261	0.0146181	0.00487477	0.0178539	0.00773202	0.189572	0.0386405	0.0442479	0.00169319	0.00349605
91	0.091025	0.042963	0.0340346	0.0257446	0.012456	0.0417923	0.0288945	0.0146794	0.0380608	0.0135592	0.0100842	0.0975527	0.0188268	0.0271205	0.0464318	0.322755	0.0946335	0.0258948	0.00143641	0.0120547
92	0.0359765	0.0144886	0.00155197	0.00399319	0.00961224	0.00200134	0.00254401	0.364999	0.00195397	0.171039	0.0259249	0.002393	0.00225347	0.00381377	0.00444566	0.0147349	0.0259552	0.309637	0.0003315	0.00235088
93	0.0387548	0.00512692	0.426474	0.182092	0.00363038	0.0233479	0.0149147	0.00515628	0.0215975	0.00822663	0.00603315	0.081495	0.0104016	0.0338747	0.0179094	0.0706498	0.0314717	0.00874351	0.00210859	0.00799085
94	0.0612456	0.0271539	0.00769463	0.0112826	0.00886652	0.0199602	0.0118178	0.0121163	0.0156781	0.0229746	0.0232994	0.0586581	0.00925334	0.0155723	0.0181869	0.280747	0.351554	0.0353538	0.00178677	0.00679859
95	0.0773441	0.0324103	0.00869659	0.0111756	0.00867888	0.0235734	0.0123839	0.0138379	0.0143461	0.0230311	0.0128611	0.0431281	0.015673	0.0143607	0.0193556	0.308891	0.315177	0.0371753	0.00187708	0.006023
96	0.0476145	0.0359594	0.00285936	0.00596603	0.0164703	0.00410022	0.00398197	0.320063	0.00322175	0.151832	0.0254562	0.00466057	0.0028788	0.00558121	0.00540121	0.0196779	0.0304343	0.308497	0.000948535	0.00439467
97	0.139907	0.0417396	0.00294963	0.00797393	0.00804909	0.0334454	0.00626921	0.0131349	0.00665765	0.0344909	0.016609	0.0299501	0.00685621	0.00695183	0.00748546	0.295631	0.276228	0.0612195	0.00182571	0.00262717
98	0.0350734	0.0135167	0.00045733	0.00277933	0.00648104	0.0021059	0.00101552	0.378622	0.000608335	0.168759	0.0243041	0.00073889	0.00234283	0.00310173	0.00201394	0.0136487	0.0170868	0.326335	0.00026944	0.000740123
99	0.0136541	0.0215572	0.00680016	0.00673433	0.219119	0.00560142	0.0174221	0.0266446	0.00532523	0.00992387	0.00641909	0.00847824	0.00418659	0.0072941	0.00601893	0.0132815	0.0116375	0.00932909	0.553779	0.0467943
100	0.0281562	0.00266857	0.459578	0.194152	0.0023717	0.0182994	0.0177704	0.0016273	0.0221554	0.00670208	0.00408581	0.0886331	0.00681381	0.034542	0.0177928	0.0549127	0.0256713	0.00408583	0.0016644	0.00831671
101	0.0347963	0.0134501	0.00044623	0.00280968	0.00673302	0.00207768	0.00109323	0.377871	0.000634124	0.172318	0.0244785	0.000736255	0.00238914	0.00310207	0.00199197	0.013516	0.01689	0.323604	0.000258071	0.000804671
102	0.0275969	0.00230794	0.474689	0.206637	0.00113763	0.0161905	0.0115476	0.0031342	0.015666	0.00692914	0.00489573	0.083667	0.00796826	0.0317423	0.0104672	0.0530116	0.0276428	0.00548474	0.00184099	0.00744322
103	0.0576224	0.0178018	0.0543794	0.0666714	0.0230892	0.0328023	0.0653006	0.00669606	0.126374	0.0135057	0.0135602	0.0904784	0.00852332	0.0641763	0.149244	0.106806	0.052426	0.0204862	0.00118331	0.0288733
104	0.0920123	0.0335098	0.0211603	0.0297087	0.0192049	0.0401751	0.0534958	0.0240958	0.0776292	0.0183353	0.0135779	0.0805575	0.0511781	0.0565165	0.0733043	0.169486	0.0984898	0.0303067	0.00161346	0.0156427
105	0.02141	0.00892881	0.0176274	0.0716715	0.012847	0.0185805	0.0680065	0.00991693	0.161674	0.0268084	0.00768563	0.0554404	0.0213514	0.118396	0.265212	0.0488266	0.0439343	0.00831275	0.000987225	0.0123832
106	0.0176445	0.00593776	0.000931829	0.00320124	0.0397935	0.00132023	0.00835082	0.311812	0.00625092	0.364272	0.0537004	0.00177582	0.00160954	0.00413719	0.00285769	0.00613569	0.00921536	0.152521	0.000751445	0.00778115
107	0.0345188	0.0138427	0.00190835	0.00513569	0.011232	0.00931332	0.00259731	0.371689	0.00168319	0.149111	0.0230056	0.00254866	0.00287873	0.00674298	0.00299934	0.0151759	0.0186171	0.324253	0.000936376	0.00181016
108	0.157664	0.0346998	0.0292645	0.0263241	0.0124799	0.0511559	0.0268919	0.0196051	0.0353002	0.0274776	0.0131255	0.0887633	0.0386428	0.0309872	0.0434453	0.185648	0.120614	0.0448143	0.00193561	0.0111614
109	0.0364681	0.020338	0.0527407	0.0669582	0.0233506	0.0333584	0.12954	0.00999862	0.0723896	0.0312546	0.00884444	0.109804	0.0208413	0.131978	0.0988225	0.0582117	0.0396699	0.0142074	0.00605778	0.0351658
110	0.0284454	0.00263312	0.471885	0.207679	0.00149056	0.0168394	0.0127644	0.00305862	0.0162532	0.00716819	0.00450834	0.0811618	0.00814982	0.032882	0.0116374	0.052639	0.0270935	0.00511873	0.00178661	0.00680506
111	0.0594595	0.015807	0.0445994	0.0535587	0.0163306	0.0342436	0.0603821	0.00729089	0.113811	0.0136552	0.009073	0.116136	0.01763	0.0640418	0.152022	0.118207	0.0608367	0.0183419	0.00124201	0.0233316
112	0.139791	0.0131687	0.165412	0.124362	0.00753921	0.0705773	0.016328	0.0146542	0.0188609	0.0194763	0.0116578	0.0531605	0.128719	0.0293137	0.0274342	0.0688127	0.0493055	0.0319818	0.00363852	0.00580651
113	0.0651171	0.0238901	0.0131095	0.0139355	0.025058	0.0127014	0.00862616	0.253079	0.00937985	0.148095	0.0310228	0.0150551	0.0151463	0.0135023	0.0127508	0.0437936	0.0456497	0.239351	0.00255049	0.00818688
114	0.0200339	0.0398482	0.0012005	0.00155707	0.255146	0.00149578	0.0431299	0.00169557	0.00625937	0.0328057	0.00666171	0.0357112	0.00125457	0.00702452	0.00164661	0.0142751	0.0234695	0.00784595	0.0075405	0.491398
115	0.033258	0.00392761	0.444375	0.190357	0.00241735	0.0188793	0.0147525	0.00531766	0.0181772	0.00974421	0.00545728	0.0835328	0.0120234	0.0341594	0.0146767	0.0582043	0.0309454	0.00951021	0.00238128	0.00790295
116	0.0301774	0.0121346	0.000582441	0.0034983	0.0164703	0.00164777	0.0030192	0.371547	0.00194971	0.217543	0.0370511	0.00111517	0.00185133	0.00333666	0.00264425	0.0114568	0.0158705	0.264945	0.00040261	0.00275644
117	0.198809	0.0705269	0.00247432	0.00376848	0.00668148	0.0608788	0.00470399	0.0122584	0.0120493	0.0084722	0.00575585	0.0327999	0.00316159	0.0048716	0.0117877	0.474073	0.063447	0.0200065	0.00100354	0.00246996
118	0.0141663	0.0207673	0.0038945	0.00532859	0.23937	0.00491425	0.015475	0.0333768	0.00394005	0.0138552	0.00904227	0.00591783	0.00360283	0.00621443	0.00475854	0.0125719	0.0111978	0.013923	0.534266	0.0434175
119	0.104205	0.023948	0.0316027	0.029828	0.0125555	0.0614446	0.0440327	0.0132049	0.0714257	0.0146399	0.00860287	0.109672	0.0669947	0.0450067	0.083786	0.156687	0.0738887	0.0326261	0.000646758	0.0152029
120	0.0586719	0.00560607	0.279359	0.13682	0.00527434	0.0635095	0.012414	0.0171689	0.0228744	0.0153167	0.0116899	0.0926127	0.0147156	0.0491672	0.0145391	0.107299	0.0470114	0.0262375	0.0118599	0.00785375
121	0.116749	0.0173413	0.0167901	0.0169903	0.0159862	0.0113268	0.0475998	0.0318912	0.0453675	0.0482422	0.0100053	0.0587945	0.175557	0.0459422	0.0669222	0.100277	0.113711	0.056804	0.000547844	0.00315364
122	0.0241876	0.017521	0.101297	0.0879736	0.02534	0.0380137	0.15471	0.00322184	0.0527926	0.0281542	0.00409026	0.149427	0.00301754	0.138633	0.0568465	0.0360428	0.0191944	0.00648776	0.00901623	0.0440326
123	0.0589769	0.0275975	0.0130276	0.0153655	0.0363818	0.00217819	0.0248604	0.191668	0.019412	0.127801	0.0322563	0.0213244	0.00268227	0.0165193	0.0351817	0.0188543	0.120524	0.213287	0.00129496	0.0208068
124	0.0323587	0.0311717	0.00642722	0.0102074	0.28171	0.00662983	0.0226347	0.0768513	0.0105782	0.0609773	0.0292473	0.0229637	0.00484108	0.0125279	0.0112369	0.0284504	0.0324959	0.0524872	0.0947261	0.171477
125	0.443513	0.0438298	0.00654731	0.0175557	0.0061731	0.167137	0.00391092	0.00742648	0.00453538	0.0311348	0.0159704	0.0106517	0.00429399	0.0104741	0.00489135	0.0848596	0.0398837	0.0924827	0.00160256	0.00312595
126	0.0481847	0.0262857	0.0025344	0.00372298	0.004211	0.0130196	0.00556274	0.00883106	0.00457705	0.0168201	0.0121375	0.0352712	0.00255173	0.00417202	0.00481857	0.365106	0.409659	0.0286775	0.00107381	0.00278354
127	0.31729	0.189596	0.00536389	0.0213912	0.0144519	0.0445432	0.00657451	0.0219503	0.00669547	0.0369866	0.0181155	0.0128286	0.00737983	0.0166381	0.0086521	0.090245	0.0600034	0.112295	0.00357033	0.00542894
128	0.248835	0.0326743	0.0174026	0.0174128	0.00966487	0.213703	0.0129013	0.00669425	0.0196166	0.0120151	0.00847709	0.0369722	0.00854872	0.0183298	0.0204148	0.249576	0.0402974	0.0177367	0.00289354	0.00583452
129	0.427722	0.0322702	0.00836572	0.018068	0.00484076	0.23734	0.00279144	0.00317176	0.00399834	0.0122694	0.00752531	0.0134331	0.00352502	0.00755734	0.00517283	0.152018	0.0176437	0.0391892	0.00105814	0.00203969
130	0.0302294	0.00282293	0.463043	0.202933	0.00166606	0.0180328	0.0131463	0.00380999	0.0172683	0.00774722	0.00454011	0.0815333	0.00940967	0.0326667	0.0136956	0.0539409	0.0278054	0.00665915	0.00188576	0.00716436
131	0.341822	0.0331891	0.0127951	0.0165835	0.00903086	0.22928	0.00492129	0.00595406	0.00768607	0.0135577	0.00769651	0.0206585	0.00843806	0.0101366	0.00989596	0.20648	0.0291468	0.0279031	0.00173702	0.00308769
132	0.0842381	0.0391522	0.0168807	0.0143215	0.00804466	0.0293776	0.0181024	0.0141901	0.0240514	0.0138733	0.00934052	0.078744	0.0150444	0.0181252	0.0306463	0.383838	0.164374	0.0288167	0.00101758	0.00782209
133	0.10896	0.0457837	0.001783	0.00288997	0.00719523	0.00227237	0.0111169	0.0839683	0.00345071	0.386152	0.125047	0.00795546	0.00493714	0.00322303	0.00422641	0.0136019	0.0485602	0.126118	0.000937649	0.011821
134	0.047935	0.0178064	0.0336797	0.055089	0.0183205	0.0257223	0.0559029	0.0159383	0.106658	0.0309592	0.0122114	0.0638848	0.030661	0.0800691	0.21888	0.0880254	0.0575515	0.0229955	0.00195771	0.0157516
135	0.0209794	0.00634661	0.000594359	0.00272882	0.0228656	0.00125655	0.00791311	0.327059	0.00461155	0.330533	0.051248	0.00141499	0.00150652	0.00477619	0.00266208	0.00660929	0.00890978	0.19181	0.000329221	0.00584623
136	0.0219921	0.0432156	0.00207126	0.00265231	0.258143	0.00280304	0.0385883	0.0121144	0.00686771	0.0356827	0.0100109	0.0327297	0.00292667	0.00745984	0.00273222	0.0181024	0.0257752	0.0149669	0.021155	0.44001
137	0.036533	0.00475829	0.429067	0.185351	0.0033704	0.022934	0.0168327	0.00567878	0.0210327	0.00963027	0.00693033	0.0814826	0.0131023	0.0359108	0.0172423	0.0588293	0.0303013	0.0105292	0.00219855	0.00828531
138	0.0590101	0.0199908	0.0179694	0.0355207	0.02809	0.0188211	0.0403573	0.0799159	0.0569151	0.121241	0.0360169	0.0409332	0.0398755	0.0563716	0.121558	0.0619312	0.0617954	0.0780248	0.0048831	0.0207788
139	0.0354099	0.013582	0.0251772	0.0559711	0.0188908	0.0215918	0.063027	0.0111436	0.136496	0.0270526	0.00899133	0.0584	0.0218879	0.0903851	0.263824	0.0670298	0.0499482	0.014699	0.00147792	0.0150145
140	0.0683956	0.01948	0.045052	0.0402314	0.0148206	0.0460316	0.0587271	0.0077707	0.0896082	0.00656691	0.00813087	0.15856	0.0173996	0.0541282	0.100622	0.155707	0.0623642	0.0197265	0.00111475	0.0255628
141	0.0386643	0.0141355	0.00360092	0.00608783	0.025228	0.00369605	0.0104345	0.209546	0.0195524	0.348357	0.113304	0.00780054	0.00654342	0.0193804	0.00825558	0.0204315	0.0231229	0.108183	0.00181446	0.0118619
142	0.0291681	0.00318377	0.468242	0.214028	0.00153773	0.0153174	0.0158214	0.00281285	0.0153699	0.00715178	0.00397712	0.0790445	0.00743794	0.0354719	0.0114829	0.0499156	0.0269843	0.00468723	0.00162114	0.00674478
143	0.0644768	0.0212912	0.036026	0.0413684	0.0171852	0.0362512	0.0740104	0.0122702	0.0858748	0.0154633	0.0111121	0.110246	0.0332421	0.0582621	0.130371	0.133657	0.062432	0.032659	0.00151114	0.0222897
144	0.113148	0.0708673	0.00427669	0.00631946	0.010289	0.0343776	0.0100386	0.0154314	0.0150805	0.0134353	0.00745652	0.0570645	0.00693606	0.00917184	0.0183091	0.465897	0.108468	0.0271336	0.000796103	0.00550351
145	0.0632357	0.0247423	0.0208137	0.0194647	0.00883031	0.023846	0.0216174	0.0136313	0.0275278	0.0184394	0.0129625	0.0836175	0.0226996	0.0248228	0.0347686	0.259581	0.2762	0.0322981	0.00158098	0.00932037
146	0.0372705	0.0149196	0.00469844	0.0100847	0.017142	0.00430114	0.00520145	0.350101	0.00372553	0.156703	0.0275369	0.00486167	0.00271791	0.00735902	0.0075208	0.0153201	0.0334835	0.290537	0.00118566	0.00533059
147	0.0198851	0.00550803	0.000764994	0.00291055	0.0243433	0.00128471	0.00964766	0.319406	0.00525498	0.346132	0.0529921	0.00154076	0.00137957	0.00430772	0.00284586	0.00596388	0.00855571	0.179949	0.000368193	0.00696028
148	0.0204249	0.0389161	0.00141488	0.00184364	0.25836	0.00159229	0.0405719	0.00736319	0.00622146	0.034317	0.00792374	0.0339951	0.00135597	0.00703003	0.00176005	0.0141046	0.0238951	0.0113782	0.0166433	0.470888
149	0.0692659	0.0211601	0.17058	0.123892	0.01267	0.0308752	0.0293898	0.0202788	0.0432874	0.0258575	0.0153919	0.0682225	0.0287407	0.0522262	0.0570384	0.0983315	0.0854359	0.0310185	0.00369184	0.0126467
150	0.105058	0.0253339	0.0186258	0.0203993	0.0157338	0.0186435	0.043249	0.0357236	0.0359276	0.0473402	0.0130591	0.0596407	0.135741	0.0504805	0.0625196	0.129588	0.117026	0.0598036	0.00270872	0.0033986
151	0.191345	0.045632	0.00341968	0.0100059	0.00415841	0.00843697	0.00435214	0.00506847	0.00435792	0.0276487	0.00379165	0.00623734	0.558976	0.0177789	0.010738	0.0511534	0.0330982	0.0102791	0.00113636	0.00238548
152	0.0359105	0.0126124	0.00351136	0.0059854	0.0527148	0.00176907	0.0110444	0.256585	0.00706031	0.31846	0.0621845	0.00527216	0.00280472	0.00673102	0.0107319	0.0100997	0.0260888	0.149183	0.00159899	0.0196529
153	0.0297885	0.0106163	0.000894058	0.00291522	0.0193195	0.0013722	0.00788686	0.294138	0.00543378	0.341055	0.058212	0.00232185	0.00204811	0.00392563	0.0027553	0.00783029	0.013831	0.188457	0.000528915	0.00667089
154	0.0362827	0.0134908	0.0222459	0.0581302	0.0174881	0.0222609	0.0588404	0.0102876	0.140032	0.0254591	0.00935695	0.055357	0.0206382	0.092699	0.268011	0.0698099	0.0502855	0.0143549	0.00123766	0.0137326
155	0.0360514	0.012033	0.00067279	0.00307776	0.0142214	0.00172224	0.00433576	0.343699	0.00229707	0.244017	0.0411818	0.00149569	0.00205949	0.00320448	0.00325084	0.0107779	0.0160348	0.25542	0.000442841	0.00400537
156	0.423848	0.1336	0.00479812	0.0693497	0.00670561	0.0627318	0.00436556	0.00810442	0.00509972	0.0154033	0.00930268	0.00879003	0.0044796	0.0435392	0.00650332	0.109566	0.0421987	0.0360735	0.00214775	0.00339326
157	0.0138245	0.0225803	0.00423862	0.00542633	0.226703	0.00566164	0.0168035	0.0274276	0.00427782	0.0104254	0.00680328	0.00690213	0.00400668	0.00624911	0.00537976	0.0133492	0.0110421	0.00984691	0.552234	0.0468181
158	0.0607295	0.0158322	0.138987	0.0769918	0.0125224	0.0409828	0.045531	0.00921417	0.0745235	0.0113072	0.00977357	0.135499	0.0200316	0.0504019	0.0751745	0.126857	0.0541158	0.0194833	0.00194008	0.020101
159	0.0169903	0.00773097	0.0126621	0.0788947	0.0104749	0.016825	0.0666104	0.0103666	0.163363	0.0292739	0.0075893	0.0457033	0.0242106	0.123836	0.280114	0.0426553	0.0455892	0.00662825	0.00076809	0.00971444
160	0.0621133	0.0391914	0.0341655	0.0446998	0.0283065	0.0515742	0.0639737	0.0123345	0.103229	0.00768234	0.0162204	0.100738	0.00723281	0.0677477	0.100505	0.153237	0.0607344	0.0192836	0.0010356	0.0259949
161	0.0280264	0.00223636	0.476846	0.205634	0.00125273	0.0164191	0.0123197	0.00269502	0.0160499	0.00685457	0.00427739	0.0838743	0.00756244	0.0321116	0.0111248	0.052895	0.0265844	0.00485364	0.0016457	0.00673732
162	0.0990712	0.0200056	0.0215228	0.0183298	0.0120848	0.0111943	0.049603	0.0309885	0.0357411	0.0514478	0.010715	0.0591316	0.181855	0.0510486	0.0665815	0.106833	0.115054	0.0555409	0.000399046	0.00285304
163	0.0467956	0.0212731	0.0411044	0.0487853	0.0263529	0.0350322	0.102516	0.00691984	0.0930878	0.0144757	0.00953117	0.125235	0.00857899	0.0713397	0.127742	0.105826	0.058186	0.01621	0.00252909	0.0384791
164	0.0200591	0.0400632	0.00118538	0.0015884	0.25531	0.00147673	0.0421168	0.00190681	0.00622701	0.0332218	0.00680667	0.0352643	0.00123853	0.00700599	0.00160459	0.0142945	0.0235514	0.00818226	0.00765081	0.491246
165	0.0221655	0.00667862	0.00051949	0.00310165	0.018632	0.00124819	0.00573055	0.360194	0.00368141	0.297045	0.0487517	0.00110386	0.00145975	0.00348631	0.00313464	0.00739622	0.0107715	0.200129	0.000322904	0.00444825
166	0.269904	0.0828826	0.00323087	0.0160638	0.0143761	0.0571706	0.00448591	0.015212	0.0066611	0.0561347	0.0219625	0.0165824	0.0124316	0.0124672	0.00863055	0.192537	0.12869	0.0743171	0.00302749	0.00323223
167	0.211906	0.0696043	0.0044995	0.0139675	0.0176613	0.0367831	0.00654915	0.0538336	0.00742884	0.094017	0.0491154	0.014998	0.00480119	0.0105998	0.0103276	0.112043	0.153101	0.117406	0.00422196	0.00713568
168	0.0359709	0.024359	0.00505801	0.00771694	0.385614	0.00275729	0.00239154	0.167762	0.00192217	0.0940673	0.0568357	0.00336025	0.00203959	0.00328074	0.00258379	0.0113418	0.0340613	0.105981	0.0129257	0.0399713
169	0.138208	0.0632433	0.00454126	0.0505677	0.0360797	0.0800506	0.00615098	0.0297798	0.0247137	0.0579855	0.0648339	0.0114365	0.0158366	0.0371008	0.0207165	0.164762	0.0935241	0.0800993	0.0178912	0.00247787
170	0.0601146	0.00882861	0.100415	0.0659001	0.0116633	0.0109697	0.00698882	0.0763467	0.0173132	0.0843312	0.127455	0.0395939	0.0206339	0.117861	0.00854298	0.0946628	0.0539802	0.0761707	0.00609806	0.0121307
171	0.0280003	0.00259347	0.461269	0.195665	0.00224002	0.018088	0.0171994	0.00169461	0.0217934	0.00668767	0.00411393	0.0877435	0.00691214	0.0342603	0.0175782	0.054465	0.0258041	0.00409606	0.00165009	0.00814605
172	0.0561933	0.0169352	0.0514225	0.0665731	0.0205011	0.0322986	0.0715742	0.00622258	0.125847	0.0134858	0.0109552	0.0903437	0.00865835	0.0671518	0.15158	0.109495	0.053242	0.0177456	0.00110175	0.0286737
173	0.0354759	0.0144611	0.000483248	0.00285753	0.00644256	0.00238493	0.00110291	0.378617	0.000649766	0.162921	0.0234239	0.000848093	0.00237144	0.00338459	0.00199641	0.0137847	0.0173716	0.330326	0.000272236	0.000825227
174	0.0353257	0.0135669	0.000444172	0.00277269	0.00631635	0.0021863	0.00100861	0.378007	0.000581829	0.166848	0.0239967	0.000742772	0.00234867	0.00311809	0.00199677	0.0136576	0.0171179	0.328935	0.000273292	0.000755668
175	0.036046	0.0137733	0.000463908	0.00277014	0.00642361	0.00220316	0.0010296	0.375983	0.000634917	0.166618	0.0240335	0.000779272	0.0023487	0.0031409	0.00203543	0.013977	0.0173813	0.329208	0.000292093	0.000858165
176	0.0255879	0.00884843	0.000497948	0.00302248	0.0158088	0.00154906	0.00406963	0.35963	0.00265967	0.266438	0.0384831	0.000917658	0.00176458	0.00337457	0.00236143	0.00930091	0.0119576	0.240242	0.000332999	0.00315279
177	0.0344522	0.00418301	0.446038	0.192777	0.00276964	0.0202381	0.0140167	0.00486956	0.0184733	0.00951166	0.00561606	0.0812298	0.0113611	0.033667	0.0151358	0.0573096	0.0298109	0.00881312	0.00201184	0.00771653
178	0.0530919	0.0163713	0.000927152	0.00375036	0.0111929	0.00151145	0.00601791	0.304204	0.00307556	0.264486	0.0729535	0.00317967	0.00247744	0.0030492	0.00654788	0.010144	0.0259998	0.203066	0.000472698	0.007482
179	0.0524432	0.0193457	0.0372732	0.0530074	0.0199951	0.0247631	0.0517999	0.0187195	0.0990465	0.0332536	0.013344	0.0664364	0.0320245	0.0720122	0.209143	0.0870298	0.0610962	0.0275971	0.00315596	0.0185138
180	0.0515198	0.00670675	0.00600603	0.0158794	0.115708	0.00443376	0.0221106	0.0444889	0.0201516	0.120026	0.113766	0.03316	0.0303103	0.0661129	0.0452582	0.0971288	0.0258124	0.070693	0.0128663	0.09786
181	0.145636	0.0281565	0.0118724	0.0156573	0.00742685	0.0130498	0.026248	0.015942	0.0204104	0.0340122	0.00676419	0.0320701	0.382952	0.0304008	0.0430172	0.072044	0.0800296	0.0301586	0.000817795	0.00333439
182	0.290504	0.0737993	0.00163816	0.0208104	0.0140908	0.0657339	0.00236682	0.0165616	0.00512159	0.0481168	0.0234393	0.0131484	0.00409992	0.0109461	0.00539021	0.161606	0.141487	0.0950067	0.00444626	0.00168647
183	0.0667533	0.0325667	0.0159381	0.0181506	0.0433172	0.00218634	0.0209312	0.165049	0.0189887	0.11763	0.0252543	0.0221611	0.00218341	0.0184528	0.0320453	0.0214613	0.131547	0.221037	0.00195233	0.0223948
184	0.173562	0.0393033	0.0116457	0.0179845	0.00609141	0.0174594	0.0103152	0.00877191	0.0095726	0.028074	0.00571	0.0170765	0.494253	0.0193399	0.019356	0.0543406	0.0439384	0.0183325	0.00141788	0.00345558
185	0.100089	0.0308521	0.0032603	0.00577485	0.0173635	0.00212813	0.0127287	0.130966	0.00545539	0.319921	0.105407	0.00842676	0.00414039	0.00618857	0.00997801	0.01595	0.0441138	0.151682	0.00115543	0.0244179
186	0.246284	0.0640018	0.00204427	0.0134609	0.0188968	0.0546216	0.0023527	0.0162555	0.00584025	0.0571402	0.0296615	0.0159682	0.00489231	0.00859469	0.00601371	0.172514	0.168329	0.105858	0.00501639	0.00225473
187	0.0289028	0.00948872	0.0257694	0.120101	0.0107052	0.0207886	0.0637395	0.00585916	0.133012	0.0292857	0.00920129	0.055295	0.0129147	0.110048	0.205559	0.0680018	0.0619133	0.00934754	0.000761903	0.019305
188	0.0315688	0.0147073	0.00427903	0.00790908	0.112708	0.00425374	0.00920947	0.235292	0.00708633	0.276814	0.0553999	0.00568015	0.00365206	0.00874337	0.00663671	0.0158184	0.0240891	0.15239	0.00400292	0.0197593
189	0.0599695	0.0371942	0.0379764	0.0462746	0.0261058	0.0504679	0.0679181	0.0105685	0.109041	0.00751247	0.0140426	0.105212	0.00724908	0.0673645	0.103209	0.147429	0.0574266	0.0187814	0.00106339	0.025195
190	0.041064	0.0214396	0.0612302	0.0567834	0.0259748	0.0368205	0.126607	0.00819728	0.0626484	0.0227434	0.00651091	0.154565	0.0162911	0.100175	0.0742873	0.0792378	0.0412219	0.0161001	0.00594524	0.042158
191	0.0189413	0.00998615	0.0153476	0.0920031	0.00812364	0.0251711	0.0622325	0.00695801	0.136432	0.0383905	0.0106259	0.0451373	0.0194835	0.128911	0.243024	0.0575013	0.0625615	0.00708028	0.000705988	0.011384
192	0.240037	0.0129498	0.0613862	0.0287362	0.0106151	0.226252	0.0105645	0.00339505	0.0335171	0.0260213	0.00974446	0.0422663	0.0169206	0.038673	0.0137023	0.18736	0.0244307	0.00892645	0.00235074	0.00215108
193	0.0690507	0.173206	0.00453761	0.00684933	0.0695415	0.030224	0.00526488	0.0102625	0.00748827	0.0147671	0.00744543	0.0380367	0.103672	0.00932677	0.0296195	0.29522	0.0642438	0.0139226	0.00229867	0.0450228
