392	20
1	0.0271977	0.00835248	0.00128089	0.0410671	0.00216602	0.0171663	0.0410222	0.0123457	0.178992	0.0384536	0.00737351	0.00191397	0.0142687	0.0496248	0.447984	0.0371365	0.0306317	0.0286394	0.00769588	0.00668736
2	0.0708166	0.0116425	0.00246902	0.00295076	0.026202	0.00566878	0.00258637	0.0326371	0.00272356	0.0542925	0.00623215	0.00314349	0.0383983	0.00357504	0.012146	0.0526419	0.0247649	0.0438027	0.589848	0.0134587
3	0.036531	0.00575598	0.000604852	0.00174123	0.0472028	0.00955918	0.00269893	0.197979	0.000317046	0.367229	0.06597	0.000982805	0.00190202	0.00488833	0.00126134	0.00873915	0.0236487	0.218453	0.00331755	0.00121747
4	0.268423	0.0193382	0.00648381	0.00380753	0.0170946	0.266246	0.00282172	0.0374033	0.00218	0.0391902	0.0260829	0.00973383	0.00733767	0.00426521	0.00395766	0.11514	0.0764103	0.0890127	0.00206963	0.0030023
5	0.051628	0.00504347	0.00242388	0.00252015	0.0766599	0.00538427	0.00172907	0.0779169	0.00103444	0.512252	0.114204	0.00232679	0.00135968	0.0155613	0.00150601	0.0130865	0.0253402	0.0806012	0.00174333	0.00767884
6	0.305772	0.0314111	0.00245832	0.00324939	0.0389192	0.0559555	0.00221927	0.0722966	0.00143548	0.0620647	0.0266416	0.00314093	0.00925996	0.00239122	0.00267183	0.146079	0.0782108	0.150381	0.000873217	0.00456821
7	0.658355	0.00974474	0.00396576	0.00109492	0.00162615	0.0646001	0.000613805	0.00788704	0.000645148	0.0031963	0.0190417	0.00410212	0.00614504	0.00107991	0.000909948	0.105638	0.0509959	0.048026	0.00869572	0.00363708
8	0.245417	0.0408932	0.00635237	0.00777962	0.00518767	0.192499	0.00121355	0.0103969	0.00197717	0.0129449	0.00423315	0.0606669	0.00546866	0.00827304	0.0132751	0.285212	0.0736926	0.0182336	0.000655802	0.00562751
9	0.0935978	0.0370036	0.00243224	0.0022512	0.0496333	0.0365911	0.00154094	0.217184	0.00137655	0.147774	0.0963352	0.00523059	0.00539752	0.0025978	0.00366688	0.0382348	0.037117	0.213476	0.00399922	0.00455953
10	0.0748616	0.012463	0.00249802	0.00343536	0.0373556	0.00799623	0.00353712	0.0478106	0.00247741	0.0835137	0.0110118	0.00311166	0.0303035	0.00341105	0.00997104	0.0459851	0.0268904	0.0705382	0.510003	0.0128258
11	0.0388442	0.00261726	0.00318754	0.000801145	0.027881	0.00558085	0.00107469	0.33128	0.000437056	0.197377	0.0783325	0.00542841	0.00486607	0.00193844	0.000701297	0.0205384	0.0262228	0.249666	0.00208715	0.00113792
12	0.0346045	0.00222856	0.0014296	0.0983622	0.00364676	0.00346092	0.0300768	0.00389942	0.007743	0.0359342	0.0446995	0.00199159	0.00133127	0.648534	0.0133768	0.0318016	0.0287666	0.00515729	0.00108511	0.00187035
13	0.256436	0.0802784	0.0132157	0.00526621	0.0234391	0.0481538	0.00229816	0.0662551	0.00190825	0.0352732	0.0294324	0.00856536	0.00750427	0.00470287	0.00294761	0.244436	0.0681057	0.087423	0.0114243	0.00293475
14	0.242917	0.0692397	0.00636957	0.00696593	0.00753483	0.153261	0.000916007	0.0195832	0.00145954	0.0218834	0.00987766	0.0474091	0.00380824	0.00656342	0.00712675	0.294248	0.0650441	0.0292952	0.00188617	0.00461169
15	0.0373832	0.00169477	0.0091998	0.00452928	0.00423483	0.875096	0.00314148	0.00175901	0.00131181	0.00477429	0.00273037	0.00438564	0.00143624	0.00132938	0.0118127	0.0184734	0.0115945	0.00396507	0.000454799	0.000693236
16	0.149363	0.0130709	0.0105902	0.00953345	0.0112294	0.0582097	0.00460124	0.0977588	0.00233257	0.0518392	0.0177912	0.0494678	0.00680984	0.0129544	0.00833809	0.214865	0.166361	0.110755	0.000925808	0.00320386
17	0.160518	0.0258058	0.00585742	0.00743193	0.00818121	0.190994	0.00512858	0.0301146	0.00329248	0.0310051	0.00682921	0.0509466	0.0325143	0.00773487	0.0105849	0.27483	0.117691	0.0239572	0.00111443	0.00546926
18	0.0249675	0.00974373	0.00740841	0.00799705	0.182057	0.0181247	0.0316465	0.0239461	0.00557827	0.0543362	0.0168664	0.0281795	0.0029215	0.0174519	0.0320425	0.0892479	0.0252227	0.0277373	0.0118104	0.382714
19	0.115961	0.0178812	0.0225915	0.00459367	0.0198143	0.0406056	0.003213	0.0988085	0.0128471	0.10595	0.0670156	0.0480881	0.00380798	0.00888951	0.00702609	0.109984	0.214777	0.0941391	0.00143688	0.00256924
20	0.00977065	0.0192855	0.00285644	0.00506687	0.509648	0.0202636	0.00246864	0.0139416	0.00088618	0.0781904	0.0149097	0.00190389	0.00168272	0.00863572	0.00240791	0.0233384	0.00385845	0.0103253	0.0188261	0.251734
21	0.440233	0.0122634	0.00870281	0.00303834	0.00268792	0.209071	0.00105691	0.0108248	0.00115723	0.00862458	0.0086031	0.0142213	0.0149907	0.00379276	0.00380486	0.177485	0.0406737	0.0327516	0.00316848	0.0028482
22	0.157999	0.0184584	0.0205812	0.0100063	0.0193214	0.0512599	0.00938897	0.113469	0.0043034	0.0715401	0.0281039	0.046932	0.00603662	0.015014	0.00801997	0.187058	0.118351	0.110506	0.00104262	0.00260957
23	0.0461813	0.0102953	0.00865949	0.0193283	0.154813	0.0125184	0.0134138	0.0666484	0.00404603	0.194792	0.0449081	0.00425918	0.00586241	0.00613834	0.00956808	0.0408443	0.0416223	0.0858613	0.00857663	0.221663
24	0.158011	0.0301911	0.00768734	0.0083739	0.016273	0.0418736	0.00416967	0.0607323	0.00725724	0.040656	0.016199	0.0198564	0.0138262	0.00746168	0.00639695	0.420569	0.0654333	0.0600563	0.00249446	0.0124812
25	0.0808896	0.0157506	0.0284895	0.0144877	0.00879181	0.0689483	0.0535134	0.00422252	0.00512059	0.0172628	0.00330693	0.0236691	0.385291	0.0623717	0.0301369	0.148466	0.0100262	0.037043	0.000814737	0.00139819
26	0.243514	0.0208359	0.0134716	0.0138939	0.0144218	0.0381906	0.00836358	0.106023	0.00188483	0.0522265	0.0218165	0.0149689	0.00504145	0.00947547	0.00977304	0.174985	0.102898	0.144982	0.00107473	0.00215901
27	0.0190972	0.00852831	0.000581308	0.00269066	0.0436407	0.00388619	0.00147177	0.209663	0.000340838	0.486857	0.0614466	0.0075893	0.00111124	0.00233576	0.0014846	0.00650627	0.0102122	0.131072	0.000773444	0.000711431
28	0.0218946	0.0234222	0.00302396	0.0275184	0.0111593	0.0238539	0.0220379	0.0182203	0.283665	0.0303157	0.0109461	0.0164967	0.0121156	0.041944	0.333727	0.0428127	0.0300142	0.0343271	0.00599399	0.00651133
29	0.145154	0.00595321	0.0713175	0.0988915	0.00746077	0.0402275	0.0206215	0.0447176	0.0344296	0.0528321	0.0147268	0.0319735	0.003181	0.0354873	0.0659401	0.127409	0.0929771	0.0908874	0.000903198	0.0149091
30	0.194006	0.0137201	0.0126958	0.016478	0.0113187	0.042047	0.0062568	0.105196	0.00285692	0.0525195	0.0177616	0.0326387	0.0052372	0.013576	0.0144612	0.193629	0.1365	0.125733	0.00101024	0.00235812
31	0.0272118	0.0057805	0.00420289	0.00728903	0.0150023	0.0296277	0.0064726	0.043269	0.00360541	0.285774	0.338935	0.0126625	0.00450659	0.0764506	0.00474445	0.0281436	0.0308895	0.0478936	0.0237374	0.00380211
32	0.0795827	0.0091075	0.0288037	0.0131893	0.0197034	0.503083	0.054893	0.0054114	0.0122278	0.0213717	0.00366939	0.0651184	0.0109826	0.00337523	0.0265103	0.110434	0.0209682	0.00792746	0.00135481	0.00228644
33	0.0324176	0.0174177	0.00304293	0.00396387	0.301424	0.0106837	0.00647868	0.0457513	0.00174913	0.200567	0.028749	0.00447517	0.00552494	0.00305906	0.00221425	0.019532	0.0144831	0.0683889	0.010451	0.219627
34	0.0253749	0.00354107	0.233489	0.0318704	0.00670954	0.0248876	0.0186676	0.0129481	0.00943618	0.0101725	0.0060682	0.303224	0.00281179	0.00505383	0.0379654	0.10355	0.149796	0.00948912	0.00171993	0.00322506
35	0.0350852	0.00239583	0.00555009	0.100499	0.00391299	0.0041052	0.0295236	0.0046026	0.00807918	0.0356073	0.0436544	0.00341503	0.00142397	0.637471	0.0142269	0.0320175	0.0291172	0.00600921	0.0010814	0.00222259
36	0.0253232	0.00792625	0.00287812	0.0431563	0.00254348	0.0194222	0.0336427	0.0157712	0.185469	0.0404503	0.00802032	0.00393323	0.0178013	0.0531848	0.406195	0.0513457	0.0352384	0.0349545	0.0061226	0.0066218
37	0.037386	0.00240063	0.00184395	0.115085	0.00427231	0.00397317	0.0405675	0.00462687	0.00778487	0.0391595	0.0404591	0.00244087	0.0013903	0.576327	0.0211757	0.0429849	0.0485135	0.00635937	0.00115092	0.00209802
38	0.0271108	0.00530081	0.000571686	0.00208908	0.0425971	0.00430175	0.00138217	0.219809	0.000201491	0.42992	0.0548313	0.00131439	0.0017364	0.00111401	0.000841776	0.00773205	0.0166189	0.180199	0.00167191	0.000655239
39	0.163665	0.017621	0.147983	0.0454885	0.00718918	0.109633	0.00783626	0.0152795	0.0109254	0.0165693	0.0073352	0.133809	0.00387855	0.0116223	0.0261142	0.140554	0.102385	0.0248291	0.00168757	0.00559575
40	0.0827034	0.00980739	0.0240364	0.0037177	0.0457692	0.0567262	0.00390819	0.0866308	0.0302455	0.143487	0.100233	0.0491984	0.00273352	0.00550089	0.018483	0.115056	0.159016	0.0565318	0.00303213	0.00318353
41	0.0351578	0.0092009	0.00142036	0.00314742	0.0616676	0.011156	0.00236454	0.207971	0.00172225	0.361277	0.0411423	0.00289032	0.00224639	0.00268853	0.00723784	0.0103026	0.0168721	0.21628	0.00329869	0.00195663
42	0.413847	0.0171344	0.00542831	0.00326665	0.00271931	0.213388	0.000710444	0.0119355	0.000812108	0.0105119	0.00843743	0.0178147	0.00702686	0.00316473	0.0045084	0.183993	0.0491942	0.0402785	0.00287988	0.00294881
43	0.138674	0.0182485	0.0266329	0.00885224	0.0753645	0.0279954	0.00609534	0.100623	0.00442596	0.0657715	0.0279363	0.0161572	0.00830482	0.010465	0.00736054	0.134884	0.113748	0.195127	0.00551171	0.00782158
44	0.175354	0.0815478	0.00419359	0.00447327	0.144386	0.123935	0.00397748	0.0388997	0.00396623	0.0673758	0.0246812	0.00894124	0.00746283	0.00450055	0.00597502	0.124371	0.039946	0.0889781	0.0150601	0.0319751
45	0.0361654	0.0740216	0.0097241	0.0118135	0.0482925	0.055174	0.00577007	0.0450753	0.234052	0.0230554	0.0210447	0.103014	0.0192656	0.0173863	0.0802216	0.117197	0.0353179	0.0530533	0.00363747	0.00671831
46	0.0220932	0.00259223	0.389045	0.0857751	0.00898388	0.0391851	0.0103835	0.00945999	0.00827449	0.00713142	0.00838939	0.210719	0.00196506	0.00871267	0.028534	0.0558153	0.0922757	0.0070062	0.0013273	0.0023313
47	0.0503522	0.00816633	0.000609777	0.00125916	0.0696621	0.0133889	0.00177732	0.232935	0.000285781	0.265497	0.0405077	0.000633739	0.00225263	0.000862883	0.00179248	0.011862	0.0253734	0.262631	0.00864046	0.00150981
48	0.0315099	0.000551409	0.00817999	0.00376814	0.00285615	0.904013	0.00108799	0.00140152	0.000761499	0.00395231	0.00266703	0.00196981	0.000834651	0.00115868	0.0112155	0.0106168	0.00981613	0.00292797	0.000301364	0.000410321
49	0.115891	0.0085266	0.0805944	0.0966346	0.0124885	0.326917	0.0141447	0.0137915	0.0366611	0.0185821	0.00931102	0.0222607	0.00843026	0.00975291	0.0229578	0.117217	0.0314646	0.044594	0.00333773	0.00644181
50	0.228901	0.048283	0.00640492	0.00617741	0.0112954	0.0662392	0.00325333	0.0155732	0.00714094	0.0155684	0.00782384	0.119655	0.00620872	0.00700285	0.00772376	0.275918	0.0752379	0.0501014	0.00209262	0.039399
51	0.122118	0.0256553	0.00105349	0.00118822	0.0976247	0.0335233	0.00020892	0.146247	0.000175171	0.220061	0.0324054	0.000387751	0.000557045	0.00030274	0.00362014	0.0292133	0.0289824	0.248055	0.0061013	0.00251998
52	0.0418027	0.0013227	0.00888307	0.00424366	0.00329378	0.874058	0.00165089	0.00233943	0.00094889	0.00518252	0.00297943	0.00302487	0.00175493	0.00137595	0.0112405	0.016135	0.0135064	0.00538373	0.000365381	0.000508071
53	0.0231618	0.004191	0.000713492	0.00157334	0.0614834	0.00596722	0.00149767	0.307292	0.000346883	0.324281	0.0441715	0.007581	0.00209628	0.00235705	0.00138434	0.00642165	0.0146418	0.187416	0.00188524	0.00153746
54	0.0301953	0.0106322	0.000507664	0.00265376	0.0759853	0.0118234	0.00420039	0.195657	0.000694432	0.388071	0.0355461	0.0011852	0.00396715	0.000803754	0.00197965	0.00766238	0.0129412	0.207786	0.00401658	0.00369171
55	0.215966	0.00585932	0.00146378	0.00176343	0.00983723	0.0349486	0.0115012	0.0377752	0.00191649	0.0342006	0.00332403	0.0239352	0.185631	0.0019264	0.0113504	0.242405	0.147934	0.0143236	0.000774031	0.013164
56	0.0430727	0.00163697	0.00943162	0.00536579	0.00318917	0.869888	0.00256062	0.00179987	0.001418	0.00487178	0.00282048	0.00382896	0.00142879	0.00140495	0.0116811	0.0173929	0.0124844	0.00491298	0.00031116	0.000499622
57	0.0687985	0.00666864	0.00549301	0.0128615	0.0821257	0.0137126	0.00216764	0.0811463	0.00781508	0.256445	0.0672233	0.00144826	0.00715402	0.00396111	0.00912079	0.0882643	0.0931762	0.14154	0.0134778	0.0374002
58	0.113827	0.0244777	0.00103522	0.00124372	0.098318	0.0287671	0.000626855	0.132811	0.000332772	0.270653	0.0355192	0.000626261	0.00147947	0.00101117	0.00302815	0.0276999	0.028936	0.219607	0.00541312	0.00458791
59	0.0766781	0.0495245	0.0259343	0.00479413	0.0101208	0.0111289	0.00420968	0.0420614	0.00460759	0.0585711	0.00782056	0.00895468	0.0047303	0.00588269	0.0059061	0.520363	0.0176159	0.0177665	0.0027437	0.120586
60	0.0776434	0.0141837	0.0261834	0.0130103	0.00891991	0.067915	0.0505508	0.00412986	0.00528866	0.0175604	0.0029138	0.0241865	0.398198	0.0568332	0.0315907	0.153038	0.012234	0.0333248	0.000880953	0.00141452
61	0.110243	0.00569179	0.00202594	0.00909434	0.0138092	0.0088291	0.0112111	0.0598271	0.00548938	0.05489	0.0233012	0.00772866	0.42438	0.00551959	0.00345106	0.0993905	0.106356	0.0444928	0.000983803	0.00328505
62	0.0763782	0.0176772	0.00320429	0.00344134	0.0207724	0.00688445	0.0025279	0.028784	0.00273675	0.0538577	0.00487154	0.00345559	0.0521485	0.00365273	0.0177385	0.0661764	0.0222796	0.0370898	0.559616	0.016707
63	0.122885	0.0255441	0.00110662	0.00117656	0.0980948	0.0337034	0.000217535	0.144908	0.00020219	0.219268	0.0326772	0.000373899	0.000567143	0.000331513	0.00362152	0.0297955	0.029479	0.247293	0.00624304	0.00251138
64	0.0398511	0.00194684	0.0010788	0.000582534	0.0338836	0.00665145	0.00135985	0.298569	0.00022655	0.241239	0.0565486	0.00131851	0.00479019	0.00177431	0.000444738	0.0126264	0.0280208	0.265869	0.00248155	0.000737274
65	0.0348551	0.00739612	0.000487594	0.00213517	0.0585823	0.00891843	0.00340895	0.229388	0.000477573	0.339242	0.0426501	0.000881318	0.00396042	0.000887711	0.0014507	0.00940931	0.0186855	0.231674	0.00327452	0.00223576
66	0.136013	0.0241963	0.00125711	0.00124312	0.103233	0.0321436	0.000528221	0.11355	0.000561708	0.257257	0.0368125	0.000601906	0.00240181	0.00127532	0.00311736	0.0400304	0.0353954	0.20105	0.00499985	0.00433207
67	0.0482849	0.00266226	0.000679707	0.000366114	0.0343337	0.012016	0.000977413	0.295129	0.000275672	0.185685	0.0372089	0.00203786	0.00509404	0.00152006	0.000495183	0.01027	0.0320781	0.327978	0.00193359	0.000974482
68	0.0438819	0.00130568	0.00867409	0.00422758	0.00409422	0.871119	0.00190894	0.00263803	0.00124167	0.00607865	0.00437853	0.00327665	0.00148609	0.00139039	0.0112083	0.0147947	0.0113524	0.00556357	0.000710878	0.000668281
69	0.292894	0.049269	0.00580248	0.0104267	0.0123825	0.0760184	0.00243433	0.0557801	0.00102713	0.0567485	0.016288	0.00906057	0.0051999	0.00309297	0.00348083	0.236864	0.0663227	0.0916749	0.00294321	0.0022897
70	0.118718	0.0261742	0.00131196	0.00135305	0.0982278	0.0325479	0.000216405	0.145306	0.000195173	0.225266	0.0322751	0.000422524	0.000700734	0.000396637	0.00375365	0.028726	0.0291552	0.246457	0.00594241	0.0028543
71	0.04335	0.00440172	0.00916477	0.00427685	0.00805537	0.854592	0.0032532	0.00226009	0.00175156	0.00582784	0.00294044	0.00510017	0.00165767	0.00164416	0.0115284	0.0218101	0.0114743	0.00464032	0.0014046	0.000866491
72	0.0144529	0.0158296	0.00283514	0.0047181	0.370767	0.0149676	0.0043694	0.020755	0.000994074	0.104603	0.0180702	0.00353937	0.0024777	0.00762834	0.00373587	0.0241531	0.00641829	0.0262206	0.0162071	0.337258
73	0.0360169	0.0190014	0.00596936	0.00649175	0.237376	0.111445	0.00813253	0.0587054	0.0049402	0.181731	0.0263726	0.00977776	0.00773726	0.00696081	0.00730147	0.100995	0.0257603	0.0518478	0.0117958	0.081642
74	0.0715623	0.00740579	0.0073657	0.0121899	0.0752651	0.0229329	0.0045802	0.0677494	0.00922847	0.236317	0.072113	0.00197852	0.00556	0.00361363	0.0125385	0.0819648	0.0993145	0.164382	0.0200388	0.0238998
75	0.0425625	0.00199553	0.000861277	0.00095703	0.0348773	0.00598287	0.00138642	0.283572	0.000373848	0.262633	0.0741662	0.00275229	0.00378501	0.00575614	0.000632945	0.012191	0.0272353	0.234877	0.00247617	0.000926784
76	0.011205	0.0176613	0.00392118	0.00527549	0.419836	0.0190228	0.0043953	0.014122	0.00114866	0.0755485	0.0195448	0.0034864	0.00237121	0.00946206	0.00306467	0.0300027	0.00591466	0.0120824	0.0690709	0.272864
77	0.0472754	0.00721787	0.00352132	0.00537994	0.0796899	0.00873439	0.0035988	0.0651404	0.00396434	0.185965	0.140936	0.00551997	0.243662	0.0292329	0.00432985	0.0529749	0.0411502	0.0654445	0.00210398	0.00415879
78	0.0737807	0.0124627	0.0287488	0.0133011	0.0103375	0.0536458	0.049962	0.00399445	0.00664684	0.0214984	0.00315749	0.030699	0.401022	0.057078	0.0326856	0.153714	0.0117763	0.0333369	0.000862787	0.00128996
79	0.0356754	0.0238154	0.00191292	0.00109238	0.308698	0.0127658	0.0059233	0.058207	0.0019329	0.233503	0.0378767	0.00510134	0.00976205	0.00254899	0.00220546	0.0190368	0.0148133	0.115543	0.0132781	0.0963075
80	0.082861	0.00966304	0.0026659	0.00290877	0.032412	0.0050501	0.002525	0.0436692	0.00228928	0.0494309	0.00575653	0.00317787	0.0373547	0.0030654	0.00982645	0.0530527	0.0334949	0.0541203	0.556658	0.0100174
81	0.0512251	0.00452888	0.00372389	0.00678337	0.0160535	0.0238656	0.0270404	0.0388929	0.00444884	0.274764	0.117705	0.00360812	0.00270904	0.0696381	0.00846101	0.0327522	0.0613842	0.227806	0.0206586	0.00395153
82	0.0290379	0.00644295	0.000675378	0.00209331	0.0440562	0.00473986	0.00213768	0.178381	0.000373676	0.435683	0.103168	0.00273923	0.00127493	0.00425595	0.00119024	0.00792834	0.0178433	0.155081	0.00167335	0.00122344
83	0.0237747	0.614101	0.00475156	0.0187903	0.0832922	0.0109931	0.00401513	0.0100999	0.0036609	0.0269817	0.00816373	0.00550544	0.00390143	0.0205565	0.00492096	0.0989589	0.0115885	0.0127572	0.0287745	0.00441273
84	0.0340739	0.00824704	0.00035996	0.00225209	0.0706136	0.00965417	0.00230917	0.218757	0.000234255	0.35994	0.0349103	0.000458441	0.00205425	0.000519695	0.00182911	0.00646655	0.0159628	0.22751	0.00312293	0.000725458
85	0.045477	0.0306077	0.00147064	0.00154305	0.280767	0.0169814	0.0065603	0.0634675	0.00204606	0.233583	0.0386376	0.00519101	0.00997119	0.00158245	0.0012373	0.0217154	0.0164137	0.116208	0.0147767	0.0917634
86	0.0595399	0.00480239	0.00322466	0.0186088	0.0415268	0.011313	0.00568763	0.0978609	0.00371912	0.303209	0.181942	0.00926681	0.00885318	0.0677079	0.00624838	0.0402112	0.0420659	0.0791954	0.00642992	0.00858727
87	0.0891872	0.0542345	0.00194207	0.00256488	0.185438	0.0411294	0.00381429	0.0712056	0.00187541	0.206126	0.0513003	0.00303797	0.00531436	0.00234618	0.0033227	0.0290049	0.0270319	0.153792	0.0243534	0.0429784
88	0.0369284	0.00285896	0.000662509	0.000811738	0.0455065	0.00793697	0.00165459	0.276536	0.000200009	0.277758	0.0471533	0.000825444	0.00281819	0.00103866	0.000728572	0.00871921	0.0237817	0.260582	0.00289371	0.000605671
89	0.247693	0.0109485	0.0108137	0.00351856	0.00288344	0.508175	0.00106725	0.0121661	0.0014312	0.0144359	0.0058904	0.00578422	0.00558545	0.00396889	0.00437663	0.0802942	0.0376474	0.0414979	0.000754789	0.00106725
90	0.250799	0.0349923	0.00652434	0.00713385	0.00581382	0.193541	0.00133235	0.0109158	0.00168967	0.0134502	0.00547379	0.0765737	0.00387953	0.0138113	0.0110425	0.2531	0.0786055	0.0249657	0.000933055	0.00542252
91	0.0268937	0.00478801	0.0307928	0.00993539	0.0902651	0.0278084	0.239915	0.0335294	0.0155576	0.0421393	0.00772877	0.164256	0.00536235	0.0808258	0.0325531	0.0973386	0.0163564	0.0162478	0.0042607	0.0534465
92	0.200024	0.0463608	0.00635901	0.0163458	0.0110155	0.22934	0.00366378	0.00954517	0.00435603	0.0135191	0.00456253	0.0435793	0.00509591	0.00675046	0.0166667	0.298288	0.0530184	0.0166313	0.0023435	0.0125344
93	0.108731	0.062392	0.0326821	0.0268547	0.0169945	0.0498292	0.00384883	0.0559026	0.00788784	0.0640075	0.0491706	0.0934823	0.0215297	0.0900308	0.00554159	0.19103	0.0826886	0.0311773	0.00236161	0.00385679
94	0.188655	0.0081398	0.00493469	0.00488721	0.0103944	0.0325059	0.0106728	0.0478112	0.0112659	0.029669	0.0069705	0.0284232	0.125465	0.00499883	0.0186121	0.262099	0.171639	0.0211597	0.00117248	0.0105228
95	0.00949567	0.0180753	0.00308454	0.00487577	0.447201	0.0184076	0.00254884	0.0145303	0.00097894	0.0799404	0.0213292	0.00233992	0.0021022	0.00893187	0.00254247	0.0293815	0.00410778	0.0110974	0.0587759	0.260253
96	0.0255921	0.0190576	0.00176722	0.00132684	0.360066	0.0108519	0.00493088	0.0580172	0.00167912	0.21257	0.0436531	0.00625819	0.00692247	0.00305079	0.00133792	0.0233595	0.0124937	0.0844044	0.0147599	0.107901
97	0.118869	0.0278133	0.0346646	0.0138862	0.0177162	0.0585296	0.00490546	0.091151	0.0072076	0.0689856	0.0424107	0.0943958	0.00869647	0.0428131	0.0085536	0.179229	0.103704	0.0723161	0.00121339	0.00293983
98	0.0837551	0.0136325	0.00852811	0.00758004	0.0255607	0.0230749	0.0066836	0.170037	0.00788292	0.0807676	0.0299015	0.0184178	0.0106448	0.0126346	0.00912671	0.0848212	0.277229	0.115344	0.00470374	0.00967464
99	0.666045	0.00859424	0.00391641	0.000905688	0.00158538	0.0625608	0.000616422	0.00735004	0.000644051	0.00257994	0.0191796	0.00402176	0.00627938	0.0010795	0.000923267	0.102612	0.0510908	0.0474076	0.00884727	0.00376142
100	0.187156	0.0319471	0.0174179	0.00932656	0.0130516	0.0364074	0.00499634	0.112164	0.00225809	0.047001	0.0197906	0.0383783	0.0140062	0.014342	0.00586364	0.214105	0.102273	0.125481	0.00144184	0.0025927
101	0.0950879	0.0217256	0.00090869	0.0017667	0.0806217	0.0248808	0.00109115	0.164128	0.000323835	0.258733	0.034568	0.00110159	0.00229673	0.000716045	0.00282505	0.022653	0.0272004	0.251544	0.00465481	0.00317193
102	0.0804758	0.0201674	0.000974718	0.00167708	0.0856945	0.023265	0.00151823	0.17581	0.000512498	0.240014	0.0349209	0.00156841	0.00319749	0.000817593	0.00275763	0.0199056	0.0251059	0.270267	0.00454107	0.00680833
103	0.116131	0.0111603	0.00807113	0.00947489	0.0106572	0.012717	0.0316357	0.0133797	0.0544943	0.0256429	0.0108323	0.0300302	0.0107589	0.0125189	0.0245459	0.246512	0.337723	0.024043	0.00548411	0.00418807
104	0.2186	0.0536644	0.00578572	0.00825746	0.0066384	0.192453	0.00145678	0.0103441	0.00221135	0.0157579	0.00475563	0.0613927	0.0041233	0.00938569	0.0115895	0.297029	0.0736965	0.0165275	0.000671357	0.00566038
105	0.0545416	0.00650618	0.00105588	0.00100739	0.0477266	0.0111874	0.0016027	0.244564	0.000331006	0.254774	0.0694654	0.00138618	0.00275275	0.00184045	0.00125692	0.0131158	0.0248358	0.25439	0.00584359	0.00181662
106	0.0225235	0.00936365	0.000761825	0.0393973	0.00165762	0.0160889	0.0420765	0.00976072	0.135708	0.0355252	0.00642469	0.00107216	0.00924359	0.0526472	0.516186	0.0336615	0.0313063	0.0248259	0.00566482	0.00610379
107	0.0467919	0.00733052	0.067522	0.0339458	0.0117895	0.0230935	0.0122531	0.0466738	0.021126	0.017476	0.00953791	0.378602	0.00622942	0.0105431	0.0398754	0.140834	0.0983434	0.0184536	0.00223727	0.00734195
108	0.0211729	0.0179948	0.00232167	0.00331187	0.460415	0.0206972	0.0041697	0.0356725	0.00127484	0.139845	0.0259112	0.00334757	0.00376113	0.00615945	0.00265982	0.0219363	0.00819365	0.0468939	0.0156306	0.158631
109	0.0789494	0.0152914	0.0266722	0.0133211	0.00897887	0.0677264	0.0516948	0.0038347	0.00519211	0.0169108	0.00297696	0.0235294	0.395862	0.0603309	0.0316387	0.150341	0.00997881	0.0346057	0.00081895	0.00134582
110	0.118972	0.00555361	0.0849714	0.111342	0.00831861	0.0451667	0.0296909	0.0268595	0.0518182	0.0507017	0.0236483	0.0416068	0.00265419	0.0404657	0.0912027	0.0811534	0.0727054	0.0930571	0.00131112	0.0188007
111	0.031854	0.00342256	0.0633012	0.0145356	0.0447617	0.0107764	0.223557	0.0135681	0.0248105	0.011874	0.00453165	0.239309	0.00236376	0.0623141	0.0422771	0.117785	0.0087812	0.00810346	0.0017123	0.0703612
112	0.0187275	0.00813708	0.00448035	0.0254724	0.0068098	0.0309483	0.0237756	0.0101088	0.131518	0.0240459	0.00982629	0.0091426	0.021064	0.0485514	0.501944	0.0479753	0.0416332	0.0280629	0.00383167	0.00394534
113	0.0333669	0.000937376	0.00840404	0.00395664	0.0028756	0.894252	0.00129336	0.00152392	0.000836872	0.00404424	0.00258962	0.00313985	0.000980891	0.00126642	0.0116123	0.0142319	0.0108368	0.0030862	0.000319306	0.000445369
114	0.124755	0.0288961	0.00582678	0.00706547	0.0579933	0.0117863	0.00593686	0.0320843	0.00576758	0.0412958	0.0711449	0.00830754	0.207093	0.0323777	0.00630972	0.110937	0.133487	0.101745	0.00305632	0.00413566
115	0.101564	0.0110236	0.00114949	0.000929742	0.029037	0.0190871	0.000887172	0.202904	0.000680115	0.0799789	0.0298991	0.00361767	0.00896919	0.00244267	0.00125665	0.0113854	0.0492515	0.440903	0.00086208	0.00417179
116	0.161637	0.0131241	0.00480426	0.00431826	0.0337921	0.0285753	0.00390018	0.12902	0.00325498	0.10679	0.0402564	0.0125367	0.0064163	0.00464695	0.00415747	0.127661	0.0921813	0.213795	0.00311839	0.0060139
117	0.0314963	0.000566412	0.00818225	0.00378525	0.00284805	0.904091	0.00105185	0.00141136	0.000738941	0.00394136	0.00268197	0.00191345	0.000834728	0.00116387	0.0112502	0.0105547	0.00984669	0.00291825	0.000315198	0.000408313
118	0.0358757	0.00847594	0.00228152	0.00440701	0.0624682	0.00991867	0.00281396	0.236327	0.00181426	0.309756	0.0516486	0.00579093	0.00409397	0.00432979	0.00335582	0.0226816	0.0323139	0.171026	0.0049214	0.0256999
119	0.0232378	0.00511227	0.00104034	0.00168009	0.0381193	0.00314583	0.00140925	0.162884	0.000498431	0.494436	0.121489	0.00592957	0.00111591	0.00555125	0.000906881	0.00860819	0.0152651	0.10728	0.000780957	0.00150882
120	0.03177	0.0151652	0.00642411	0.0301385	0.0129314	0.0237088	0.0216773	0.0210213	0.27875	0.03549	0.0144835	0.0174219	0.0149038	0.0752539	0.268438	0.0459254	0.036388	0.0360822	0.00576915	0.00825672
121	0.247316	0.00689725	0.0127665	0.00454552	0.00403858	0.544666	0.00208518	0.00821184	0.00202552	0.0090345	0.00529792	0.00617135	0.007188	0.00405183	0.00607101	0.0750336	0.0263899	0.0249537	0.00146208	0.00179379
122	0.0115522	0.0242887	0.00308696	0.00701288	0.451832	0.0206534	0.00284457	0.015993	0.000837589	0.101943	0.0172864	0.0019205	0.00222536	0.0105079	0.00233111	0.0251183	0.00472617	0.0135855	0.0202399	0.262015
123	0.213406	0.0145887	0.00556838	0.00480164	0.02095	0.036586	0.00627577	0.119154	0.00100422	0.0661164	0.0282719	0.0130413	0.00564278	0.00645893	0.0043981	0.155647	0.0984534	0.196883	0.000595033	0.00215807
124	0.132693	0.00684087	0.00852683	0.00458403	0.00598028	0.684123	0.00141199	0.0103626	0.00192922	0.0132032	0.00615773	0.00356455	0.00339674	0.00230664	0.0090733	0.0488688	0.0248301	0.0299068	0.000820933	0.00141986
125	0.0246399	0.00682674	0.00063702	0.00264209	0.0467736	0.00422275	0.00148647	0.191123	0.000291019	0.478541	0.0619859	0.00302001	0.00146494	0.00232677	0.00109668	0.0068158	0.0134018	0.150601	0.00133012	0.000773789
126	0.130148	0.0501356	0.00739585	0.00985109	0.0129457	0.206353	0.00513993	0.00895772	0.00493641	0.0131765	0.00396825	0.0395557	0.00416318	0.00504123	0.00953468	0.414996	0.0544577	0.012541	0.00203291	0.00467024
127	0.202322	0.0109515	0.0100419	0.00366814	0.00348374	0.57734	0.0018746	0.00935627	0.00160057	0.0150646	0.00539704	0.0053506	0.00483783	0.00299348	0.00574419	0.0705231	0.0344395	0.0334298	0.000582525	0.000997887
128	0.389581	0.0272593	0.00548972	0.00488004	0.00683751	0.0888011	0.00270189	0.0209385	0.00357889	0.0165057	0.0121541	0.0234034	0.0131917	0.00459177	0.00563508	0.264601	0.0609295	0.0387574	0.00394394	0.00621835
129	0.0453457	0.00454431	0.00175491	0.00070788	0.0310984	0.00833727	0.00107725	0.327192	0.000469622	0.176809	0.069526	0.00427843	0.0051723	0.00165775	0.000777765	0.0196394	0.0268863	0.271358	0.00207842	0.00128881
130	0.0217603	0.0185018	0.00197514	0.00183509	0.38784	0.0112135	0.00417166	0.0531348	0.0013695	0.196465	0.0391288	0.0049633	0.00625336	0.00408416	0.00136863	0.0225977	0.0109685	0.0698459	0.0173124	0.125211
131	0.187649	0.0165045	0.00446533	0.0039955	0.0412438	0.0326117	0.00322149	0.123426	0.00225948	0.0964922	0.0327427	0.0122828	0.00747421	0.00453906	0.00368908	0.131807	0.0880695	0.199176	0.00219007	0.00616075
132	0.137316	0.0373029	0.0409652	0.0457572	0.0401057	0.0457059	0.00585836	0.0205306	0.00967953	0.107931	0.0132545	0.0109859	0.00615175	0.211243	0.0102448	0.0306042	0.0744984	0.140797	0.00398522	0.0070821
133	0.0399887	0.00181734	0.000727298	0.000502738	0.0393516	0.00779799	0.00147984	0.291896	0.000194389	0.245395	0.0479002	0.000613506	0.0033602	0.00119968	0.000421627	0.00967627	0.0282431	0.275947	0.00291589	0.000571266
134	0.0149272	0.0242818	0.00318836	0.00534562	0.465859	0.0214378	0.00252186	0.0185201	0.000998906	0.0837783	0.0155001	0.00190035	0.00207653	0.0087766	0.00233513	0.0238246	0.0045393	0.012646	0.0189635	0.268578
135	0.138181	0.00499399	0.0253114	0.0197604	0.0148602	0.010086	0.0163218	0.0407851	0.0778985	0.0296169	0.0175314	0.0949767	0.0181516	0.020686	0.0372691	0.261713	0.14038	0.0136847	0.00325226	0.0145402
136	0.0243619	0.0185382	0.00195329	0.00184743	0.380092	0.011236	0.00429498	0.0539621	0.00140718	0.201255	0.0344852	0.00475164	0.00829194	0.00335319	0.00158692	0.020492	0.0117567	0.0764913	0.0139476	0.125895
137	0.0258977	0.00749128	0.000435307	0.0027182	0.0538342	0.00462301	0.00167114	0.201889	0.000219703	0.453123	0.0466656	0.000684404	0.00158681	0.000794661	0.00133147	0.00609784	0.0133363	0.175337	0.00167931	0.000584052
138	0.0224077	0.00328767	0.00134437	0.00148278	0.0434281	0.00195078	0.00108887	0.115271	0.000436913	0.567387	0.125696	0.00307703	0.000481934	0.0081952	0.000700756	0.00859566	0.0147359	0.0777612	0.000620844	0.00204979
139	0.0242601	0.00356174	0.000878455	0.00156368	0.0434046	0.00186797	0.00104653	0.130634	0.000420909	0.54147	0.126134	0.00352369	0.000471083	0.00694278	0.000710491	0.00923162	0.0156806	0.0858436	0.000520192	0.0018342
140	0.0672225	0.0172896	0.000745701	0.00221449	0.0707403	0.0159581	0.00156063	0.197609	0.000267974	0.319032	0.0377558	0.000948579	0.00187944	0.000636607	0.00221377	0.016522	0.0195912	0.22274	0.00330587	0.00176588
141	0.665645	0.00872563	0.0039832	0.00091785	0.0016135	0.0620247	0.000620813	0.0074369	0.000647857	0.00265335	0.0194319	0.00386592	0.00623954	0.00108107	0.000923891	0.102894	0.0511588	0.0471578	0.00928962	0.0036886
142	0.0385447	0.00403225	0.000523365	0.00112094	0.0503144	0.00869533	0.00220799	0.26217	0.000191365	0.281714	0.0423222	0.000532365	0.00275377	0.000863524	0.000966737	0.00832961	0.0242253	0.265828	0.00401008	0.000653934
143	0.142482	0.025252	0.000959531	0.000965591	0.0882726	0.0365646	0.000359131	0.136117	0.000368144	0.197206	0.0330337	0.000418359	0.0029955	0.000352295	0.00322489	0.0393345	0.0382642	0.245952	0.00493445	0.00294305
144	0.0496589	0.00370083	0.00120149	0.0010128	0.0307414	0.00974153	0.00128967	0.270373	0.000608034	0.176426	0.040062	0.00299736	0.0662603	0.00207667	0.00103523	0.0144014	0.0347452	0.289587	0.00194219	0.00213898
145	0.214836	0.0063991	0.00147156	0.00185554	0.0125773	0.0324886	0.0102006	0.040552	0.00187568	0.0405569	0.0046803	0.0202166	0.185529	0.00234535	0.00996355	0.232412	0.151024	0.0190396	0.000738196	0.0112379
146	0.0599317	0.00706846	0.000716001	0.000604598	0.053199	0.0145855	0.00127452	0.251013	0.000165465	0.251144	0.0438855	0.000478235	0.00231102	0.000887794	0.0010168	0.0135223	0.0279547	0.265782	0.00348993	0.000969912
147	0.0612648	0.00282501	0.00150603	0.00079531	0.0232486	0.0121414	0.00143456	0.291726	0.000542649	0.101929	0.0380253	0.0176243	0.00616782	0.00207909	0.00084198	0.0408378	0.0427656	0.351698	0.000908676	0.00163741
148	0.243475	0.0607818	0.00510057	0.00426588	0.0242842	0.0662225	0.00291733	0.0886148	0.00203098	0.0358177	0.0157452	0.00963951	0.0477893	0.00448529	0.00419481	0.203358	0.0823583	0.0919568	0.00270665	0.00425587
149	0.0307242	0.0122212	0.000352693	0.00325237	0.0789279	0.00727538	0.00250693	0.193911	0.000264554	0.413839	0.0336369	0.000647811	0.00201611	0.000490056	0.00224667	0.00574039	0.0117642	0.197157	0.00217351	0.000851863
150	0.266637	0.0273189	0.000628888	0.000771296	0.0510742	0.0503846	0.00123634	0.0661527	0.00148452	0.110295	0.034405	0.00053848	0.0218892	0.000822517	0.00166324	0.126103	0.0786935	0.153531	0.000469242	0.00590124
151	0.141374	0.0221934	0.00219868	0.00358846	0.0784322	0.0351744	0.000874734	0.101095	0.00233673	0.20303	0.0476635	0.000627847	0.00655722	0.0012288	0.00484173	0.072485	0.0641017	0.19563	0.00691012	0.0096571
152	0.0943163	0.0153979	0.00163047	0.00300075	0.0633704	0.0202935	0.0014882	0.158744	0.00109327	0.2298	0.104084	0.00215697	0.00250291	0.00346001	0.00341486	0.0278117	0.0321839	0.219326	0.00573259	0.0101925
153	0.0436362	0.0316271	0.00149242	0.000957515	0.288832	0.0165375	0.00655524	0.060374	0.00211642	0.235557	0.0374987	0.00528819	0.0110574	0.00139596	0.000857337	0.0227551	0.0149696	0.11062	0.0150576	0.0928151
154	0.0340969	0.0224048	0.00181113	0.00103058	0.3188	0.0124034	0.00561271	0.062849	0.00186068	0.227656	0.0405125	0.00523409	0.00814156	0.0024415	0.00168658	0.0195144	0.0162956	0.109933	0.0152079	0.0925072
155	0.0423312	0.00199975	0.00125589	0.000511471	0.0297541	0.00778566	0.00102214	0.320621	0.000328823	0.176568	0.0488662	0.00502219	0.00538835	0.00165075	0.000565098	0.0208213	0.0326256	0.300374	0.00168243	0.000825443
156	0.0169111	0.00816441	0.000813434	0.0273858	0.00170512	0.0183839	0.0313536	0.0102076	0.130259	0.0277036	0.00545211	0.00107673	0.00699455	0.0506423	0.562064	0.033444	0.0345325	0.0228302	0.00515555	0.00492086
157	0.125715	0.00706497	0.00501279	0.0377312	0.0321677	0.0109708	0.00829322	0.0593325	0.0376738	0.0306856	0.0153289	0.0280569	0.374161	0.00924543	0.00589326	0.0476769	0.0835878	0.0750543	0.00257713	0.00377093
158	0.0312246	0.0223698	0.0526137	0.0275559	0.059482	0.0166076	0.0518818	0.153143	0.0260949	0.0800528	0.0244773	0.019091	0.00254887	0.0219035	0.0199467	0.0302444	0.083766	0.182599	0.00192365	0.0924734
159	0.262709	0.0394014	0.00404853	0.0034363	0.0376467	0.0498295	0.00187452	0.0678929	0.00132288	0.0851738	0.0315295	0.00492569	0.00948573	0.00286069	0.00224199	0.184169	0.0729441	0.131906	0.0020375	0.00456357
160	0.0402519	0.00190341	0.000770459	0.000521015	0.0384565	0.00779551	0.00140332	0.293579	0.000188126	0.243101	0.0474157	0.000954191	0.00354033	0.00123592	0.000455413	0.0104647	0.0283996	0.276174	0.00279843	0.00059185
161	0.122509	0.0254754	0.00107021	0.00113689	0.0976919	0.0333558	0.000254189	0.147143	0.000194026	0.217784	0.0322359	0.000463944	0.000605053	0.00032067	0.00357338	0.029549	0.0291141	0.249007	0.00599507	0.00252164
162	0.0250719	0.00681298	0.000528548	0.00248052	0.0494453	0.00390119	0.00147799	0.201814	0.000239601	0.460425	0.0575588	0.0015717	0.00147039	0.00115411	0.00117363	0.0066576	0.0130181	0.163222	0.00138752	0.000588788
163	0.523786	0.00897167	0.00813153	0.00285405	0.00229944	0.202159	0.000908278	0.0108349	0.00111322	0.00808555	0.0119673	0.00626789	0.00759284	0.00310284	0.00164393	0.100323	0.041176	0.0512665	0.00472195	0.00279312
164	0.238017	0.030489	0.000831637	0.000765828	0.0735649	0.0472744	0.000881821	0.0915206	0.00161633	0.114796	0.0315666	0.000452984	0.0105304	0.000523372	0.00304496	0.100195	0.0599741	0.186159	0.00195538	0.00584155
165	0.01121	0.0201581	0.00299821	0.00492411	0.457912	0.0203429	0.00264727	0.0178549	0.00072155	0.0967076	0.019996	0.0021718	0.00225134	0.00893525	0.0021735	0.0260794	0.00446331	0.0152464	0.0265533	0.256653
166	0.0334667	0.00417434	0.00261092	0.00430367	0.03905	0.00681161	0.00405655	0.0969954	0.0037324	0.515156	0.109462	0.00366411	0.00230765	0.0306191	0.00645412	0.01317	0.0207614	0.0947333	0.00400348	0.00446765
167	0.030694	0.00604911	0.00120772	0.00236439	0.0267235	0.00574952	0.00484411	0.0742574	0.000913357	0.464676	0.198997	0.00291447	0.000958772	0.0241729	0.00136156	0.00992776	0.0329589	0.10416	0.00360004	0.00347023
168	0.278894	0.0308344	0.00071367	0.000684235	0.061886	0.0500309	0.00122746	0.0737416	0.00196215	0.0824806	0.0326684	0.000461161	0.0138356	0.000670391	0.00199152	0.125448	0.0735857	0.161678	0.000383445	0.00682352
169	0.0386098	0.0030533	0.00115066	0.00135613	0.0387657	0.0566543	0.00126726	0.262131	0.00112586	0.0969265	0.012532	0.00364078	0.00474671	0.00232951	0.00189567	0.00774946	0.018512	0.444592	0.000983204	0.0019774
170	0.0262622	0.00668091	0.000921258	0.00161974	0.0314401	0.00355215	0.00365241	0.113542	0.000711068	0.47218	0.17349	0.00324998	0.000865506	0.0122267	0.0011687	0.00828343	0.0273798	0.108386	0.00189806	0.00249013
171	0.0278886	0.0119182	0.000355942	0.00339747	0.0729053	0.00595378	0.00220448	0.191657	0.000299427	0.435255	0.0394367	0.000781706	0.00182224	0.000502095	0.00202156	0.00576523	0.0107138	0.184065	0.00182748	0.00122868
172	0.0685676	0.0113205	0.000671472	0.00084524	0.0674285	0.019065	0.00113641	0.213752	0.000179885	0.261242	0.0385383	0.000385049	0.00169387	0.00061294	0.00176772	0.0158667	0.02904	0.262237	0.00442575	0.00122311
173	0.022035	0.0080494	0.00052963	0.00312748	0.0597563	0.00324841	0.00142812	0.178516	0.000235058	0.506881	0.054044	0.00135423	0.00106582	0.00130894	0.00153866	0.00558765	0.00991979	0.139652	0.00102369	0.000699363
174	0.0309084	0.00483555	0.000625871	0.00195036	0.0397704	0.00510647	0.00129098	0.229103	0.00021881	0.396111	0.0563261	0.00117051	0.00211442	0.00125247	0.000797338	0.00816259	0.0183863	0.199397	0.00180208	0.000670489
175	0.121948	0.0258544	0.00105476	0.00118279	0.0972641	0.0337386	0.000196741	0.147232	0.000164078	0.221334	0.0330657	0.000377516	0.000566349	0.000297315	0.00356759	0.028622	0.0290474	0.245932	0.00601	0.00254407
176	0.273187	0.0324102	0.00152337	0.00158345	0.0470482	0.0445246	0.00135503	0.0679026	0.0014091	0.0933051	0.0346504	0.000807496	0.0112806	0.000925561	0.00168681	0.161704	0.0712843	0.147137	0.0012813	0.00499416
177	0.0508734	0.00764416	0.00380241	0.00742795	0.0493279	0.0103674	0.00774982	0.0548036	0.00444878	0.194	0.0918071	0.00566908	0.2992	0.017983	0.00633113	0.0640119	0.0483773	0.0630601	0.00454796	0.00856714
178	0.0675231	0.0110233	0.000678785	0.00109076	0.0680022	0.0232942	0.00122486	0.208661	0.000289531	0.233383	0.030862	0.00137668	0.0027147	0.000860553	0.00197179	0.0136076	0.0248333	0.303234	0.00375269	0.00161619
179	0.27919	0.0287945	0.000583876	0.000731425	0.05921	0.0546798	0.00130201	0.0696089	0.0016397	0.0922555	0.0362156	0.000526008	0.0131234	0.000706999	0.00189753	0.118015	0.0734786	0.156455	0.000469663	0.0111175
180	0.0423693	0.00237811	0.00122208	0.000698156	0.0266594	0.0184994	0.000932334	0.313791	0.000525049	0.124506	0.0316343	0.00372721	0.00588604	0.0018404	0.000987746	0.0117791	0.0249173	0.38521	0.00113569	0.00130225
181	0.21501	0.0167866	0.00152848	0.00577909	0.0328988	0.0327192	0.00512271	0.0571223	0.00354553	0.0903656	0.0257592	0.0054332	0.16795	0.00369399	0.00358353	0.116175	0.0967107	0.113768	0.000951541	0.0050968
182	0.0396345	0.00248964	0.000632699	0.000735662	0.0426499	0.00805631	0.001647	0.282194	0.000199432	0.255254	0.0449965	0.000566618	0.00298388	0.00104578	0.000583617	0.00914189	0.0269075	0.276404	0.00326595	0.000611043
183	0.0687438	0.00933929	0.00701941	0.0218135	0.0773339	0.0161232	0.00261331	0.083274	0.00533653	0.250321	0.0603855	0.00171957	0.0109564	0.00542209	0.0136236	0.0788343	0.0777107	0.155036	0.0152854	0.0391088
184	0.107612	0.0118498	0.0732278	0.102016	0.0148493	0.0456176	0.0241457	0.0237894	0.0657248	0.0573359	0.0256565	0.0492106	0.00753197	0.0461743	0.0892941	0.077997	0.0679927	0.0941063	0.0013612	0.014507
185	0.176676	0.00817688	0.0311514	0.164236	0.0132117	0.0485544	0.0133323	0.0507907	0.016587	0.0515635	0.0136786	0.0336021	0.0253687	0.0493161	0.0306496	0.0731887	0.0589466	0.126444	0.0024346	0.0120916
186	0.130133	0.00631381	0.0618879	0.142458	0.00859049	0.0274198	0.0136417	0.0635212	0.0476138	0.0554537	0.0257372	0.0218494	0.00379193	0.0254548	0.070162	0.0770645	0.0441823	0.163126	0.00185041	0.00974782
187	0.137394	0.00431004	0.105293	0.120713	0.0061929	0.0839677	0.0184171	0.0245302	0.0466957	0.0362973	0.0141305	0.0435304	0.0023773	0.0341519	0.0778846	0.0829538	0.0741611	0.0746718	0.000921123	0.0114067
188	0.0295366	0.00517388	0.0198654	0.0276824	0.0195129	0.0669231	0.00175824	0.0132759	0.184197	0.0190974	0.0211343	0.040303	0.0828107	0.0457223	0.212345	0.0931606	0.0650934	0.0507509	0.000675158	0.000981057
189	0.0299536	0.00519006	0.0198611	0.0275758	0.0197587	0.0672975	0.00174925	0.0133006	0.184335	0.0191452	0.0212102	0.0399728	0.0825244	0.0455883	0.212005	0.0929204	0.06489	0.0510425	0.000680246	0.000999635
190	0.0728431	0.00606924	0.00538186	0.0120596	0.0163821	0.010643	0.0142724	0.0422891	0.00771607	0.082738	0.0239121	0.0106874	0.494225	0.0118756	0.00632388	0.0596212	0.0556032	0.0638609	0.00126693	0.00222882
191	0.0264956	0.009815	0.000795578	0.048184	0.00169827	0.0142522	0.043107	0.0121013	0.156962	0.0454162	0.00791252	0.00108133	0.0124227	0.0537864	0.449943	0.0420571	0.029169	0.0310039	0.00610565	0.00769165
