324	20
1	0.39885	0.00267046	0.001631	0.00300892	0.00232154	0.150012	0.00300302	0.0185367	0.00293765	0.00594442	0.0188056	0.00267742	0.00144264	0.00340575	0.00343614	0.0430195	0.123538	0.211665	0.00076776	0.00232629
2	0.553361	0.0150073	0.00175891	0.00341212	0.00164718	0.0444715	0.00270592	0.0053703	0.00242869	0.00855612	0.00547275	0.00446695	0.00227781	0.00427073	0.00978036	0.25545	0.0407225	0.0220929	0.00317116	0.0135751
3	0.0356438	0.00101957	0.450535	0.202766	0.00621655	0.00781751	0.0109447	0.00797263	0.0379159	0.00259856	0.0067554	0.0844469	0.000914222	0.0833948	0.00649892	0.0278238	0.022585	0.00284625	0.000364763	0.00093989
4	0.036359	0.00199446	0.000592547	0.00166329	0.0263063	0.000970176	0.00400021	0.114971	0.000467215	0.616204	0.108135	0.00278735	0.000437872	0.0057439	0.00890504	0.00934929	0.0119743	0.0471286	0.000164711	0.00184513
5	0.0266799	0.00522573	0.000218387	0.0015492	0.0520238	0.000459239	0.000628639	0.263486	0.000257461	0.343102	0.0485754	0.000847664	0.00281348	0.000559823	0.000297727	0.00205028	0.011043	0.234216	0.000509324	0.00545673
6	0.0448589	0.00510681	0.000436129	0.00192024	0.00620967	0.00373523	0.0025248	0.322075	0.00064097	0.048976	0.0102833	0.00141833	0.00553358	0.00278741	0.00124963	0.0113685	0.0143242	0.514174	0.000614704	0.00176237
7	0.100907	0.0016633	0.0767334	0.172363	0.00160128	0.0162847	0.0313463	0.00226698	0.148013	0.00647245	0.00190323	0.0276956	0.0140301	0.138191	0.157814	0.0455972	0.0443298	0.00565931	0.000307873	0.00681994
8	0.189862	0.118499	0.00363813	0.00347825	0.00451443	0.0491278	0.0242333	0.00868167	0.0163072	0.0548236	0.0112642	0.0373328	0.00231895	0.0435011	0.0349944	0.193909	0.152287	0.0464188	0.00161959	0.00318829
9	0.0277719	0.00271839	0.000747915	0.0026361	0.0915811	0.00281331	0.00575325	0.103747	0.00146646	0.529759	0.103777	0.00391169	0.00111507	0.00954023	0.00728074	0.0104366	0.00975512	0.065585	0.00370454	0.0159002
10	0.0747945	0.0022133	0.0273141	0.259953	0.00911722	0.0187163	0.0327355	0.0408037	0.0679891	0.0322946	0.0335661	0.0289275	0.000653681	0.114413	0.0701226	0.0548635	0.0322525	0.0835428	0.000739174	0.0149881
11	0.316785	0.0171973	0.0278411	0.143963	0.0027037	0.0228112	0.00712125	0.00559967	0.0636443	0.0276298	0.00598178	0.12182	0.00537792	0.0687282	0.0458096	0.0861074	0.0141498	0.0122803	0.00156328	0.00288645
12	0.0976664	0.00510423	0.0232485	0.238199	0.0080521	0.0162134	0.0548973	0.0390115	0.0655711	0.0494778	0.027758	0.0354095	0.00340904	0.10538	0.0763696	0.0462694	0.0287656	0.063668	0.00209539	0.0134347
13	0.0195737	0.00908794	0.0506015	0.032729	0.00124972	0.426668	0.0489875	0.00215296	0.101032	0.0048238	0.00327315	0.153488	0.0137988	0.0627461	0.0389004	0.0147838	0.0103003	0.00380351	0.000533413	0.00146637
14	0.130295	0.0489213	0.000840733	0.00206754	0.0156835	0.010457	0.00203813	0.181022	0.0013927	0.0757876	0.015403	0.0070816	0.00111264	0.00342729	0.00217287	0.0202764	0.0535121	0.425106	0.000725812	0.00267603
15	0.0877273	0.00163672	0.0753515	0.181716	0.00153801	0.0141047	0.0294058	0.00237475	0.151466	0.00592213	0.0018643	0.0282048	0.0184755	0.14002	0.157924	0.0419844	0.0492539	0.00479316	0.000346357	0.0058903
16	0.0240502	0.0254975	0.00182326	0.0160369	0.0943234	0.00824067	0.204299	0.0251269	0.0106479	0.0560726	0.0171492	0.0248103	0.00206148	0.0266819	0.0248715	0.0310454	0.0631252	0.0704801	0.0209026	0.252753
17	0.0246183	0.00546863	0.000249187	0.00274557	0.00998946	0.00323319	0.00359402	0.385142	0.000329465	0.0701568	0.0116355	0.000498122	0.000924296	0.000651031	0.00141549	0.00261369	0.00588887	0.467528	0.000877938	0.00244056
18	0.049179	0.012931	0.00175563	0.00488024	0.35822	0.0135417	0.0237826	0.0375829	0.00989394	0.0651927	0.0836844	0.00535026	0.00260527	0.020071	0.00701401	0.0315908	0.0120942	0.0609732	0.0134869	0.186171
19	0.0794621	0.000667557	0.0135714	0.000902165	0.000566749	0.84839	0.00535296	0.00114274	0.000758308	0.00161683	0.000928035	0.00242704	0.0011113	0.00167562	0.000839384	0.0232155	0.00924866	0.00398941	0.000228731	0.00390575
20	0.0205809	0.00547471	0.000236849	0.00259195	0.0103975	0.00300636	0.00358582	0.407114	0.00031626	0.0779404	0.0129665	0.000379438	0.000470849	0.000451797	0.00135462	0.00175161	0.00488961	0.44285	0.00100174	0.00263903
21	0.0604969	0.00694397	0.000576822	0.0011195	0.00393469	0.0131855	0.000881709	0.0034829	0.0129937	0.00635652	0.00149007	0.0126708	0.769654	0.0101496	0.00675033	0.0575074	0.0138114	0.0081915	0.000290584	0.00951254
22	0.0619523	0.000719884	0.0162187	0.00194666	0.000601255	0.85685	0.00653623	0.00122496	0.00204497	0.0016739	0.000955159	0.00435152	0.000677374	0.00285603	0.00135366	0.0219072	0.00990764	0.00393473	0.000229826	0.00405756
23	0.233747	0.00370056	0.0302768	0.0568971	0.00194676	0.190688	0.0139963	0.0133154	0.0598569	0.0170736	0.00669678	0.0416651	0.105017	0.0349481	0.0229937	0.103924	0.0259541	0.0276571	0.00171552	0.00793055
24	0.152302	0.00585389	0.0568155	0.167474	0.00319455	0.0388237	0.0243826	0.00935949	0.101447	0.0149563	0.00932331	0.0567708	0.0118597	0.108808	0.0951099	0.0789493	0.0350868	0.0215078	0.00114489	0.0068309
25	0.069251	0.0306675	0.00222078	0.00810827	0.0364218	0.0114488	0.0185365	0.186996	0.00699827	0.0517499	0.0143394	0.0624572	0.00166125	0.0318122	0.0074199	0.0483211	0.10775	0.297273	0.00178819	0.00477915
26	0.0779814	0.00936883	0.0450776	0.0565518	0.0152751	0.0152437	0.0131861	0.115404	0.0124759	0.229089	0.124842	0.0447274	0.00969991	0.0215983	0.0134486	0.0329102	0.0616523	0.0890772	0.0038974	0.0084937
27	0.102629	0.00172119	0.0811327	0.169398	0.00160436	0.0173284	0.0330045	0.00234914	0.145334	0.0068412	0.00202134	0.0272537	0.0152159	0.135594	0.155016	0.0455702	0.0448841	0.00557496	0.000316693	0.0072105
28	0.019647	0.00359688	0.000424758	0.00123966	0.0646593	0.000879192	0.00141053	0.172973	0.000540667	0.47714	0.0696724	0.00140028	0.00247869	0.00252601	0.00235237	0.00582132	0.0094829	0.15362	0.000833017	0.00930237
29	0.0293821	0.0105342	0.00064648	0.0027351	0.110533	0.00273289	0.0181713	0.163952	0.00150956	0.256312	0.0730341	0.00437632	0.0094981	0.0078211	0.00178796	0.0124787	0.0299774	0.192151	0.0144473	0.0579197
30	0.0356438	0.00101957	0.450535	0.202766	0.00621655	0.00781751	0.0109447	0.00797263	0.0379159	0.00259856	0.0067554	0.0844469	0.000914222	0.0833948	0.00649892	0.0278238	0.022585	0.00284625	0.000364763	0.00093989
31	0.463104	0.00433488	0.0264518	0.0803145	0.00178362	0.0440661	0.00755468	0.00441879	0.0340352	0.0324112	0.009849	0.0133075	0.0162987	0.0561229	0.0249837	0.12079	0.0277664	0.0283993	0.00179748	0.00221039
32	0.0363177	0.00198625	0.00059496	0.00167787	0.0262753	0.000974943	0.00398127	0.114863	0.000469483	0.616345	0.108402	0.00279551	0.000440779	0.0057349	0.00894069	0.00933113	0.0119315	0.0469483	0.000166724	0.00182306
33	0.0717133	0.00185395	0.0328829	0.244985	0.00787146	0.0198355	0.0307841	0.0381232	0.0740682	0.0306552	0.0320101	0.0285451	0.000934101	0.118336	0.0773064	0.0604788	0.0345676	0.0810099	0.00074003	0.0132997
34	0.020942	0.00950583	0.00112625	0.00351001	0.0256304	0.00263554	0.00771021	0.426812	0.00123693	0.17321	0.0631245	0.00317844	0.0244839	0.00489105	0.00174552	0.0116448	0.0179262	0.174208	0.0112783	0.0151991
35	0.0884121	0.00164483	0.075377	0.181156	0.00149505	0.014218	0.0294121	0.00236749	0.151206	0.00594074	0.00185838	0.0281107	0.0181175	0.140123	0.158381	0.0420957	0.048988	0.00481865	0.000342416	0.00593497
36	0.0469427	0.0146725	0.000886785	0.00389303	0.221447	0.00554412	0.0392673	0.123888	0.00215199	0.116598	0.0497423	0.00576373	0.00500835	0.0137604	0.00201762	0.0096287	0.0391851	0.174539	0.020945	0.104119
37	0.0212721	0.00552653	0.000238249	0.00268372	0.0106222	0.00308413	0.00372598	0.398842	0.000300695	0.0751321	0.012311	0.000370568	0.000466198	0.000466354	0.0013989	0.00171583	0.005052	0.45324	0.000986076	0.00256505
38	0.0285487	0.00459717	0.00262083	0.0045693	0.0317961	0.00342462	0.00445017	0.191573	0.00202656	0.348261	0.0466378	0.0130787	0.0455017	0.00333653	0.00333063	0.00935786	0.0299718	0.215188	0.00270822	0.00902168
39	0.169081	0.111859	0.00105645	0.00170763	0.00410416	0.00360347	0.00168348	0.00399547	0.00167206	0.0155476	0.00804808	0.0101198	0.00645739	0.00191599	0.00200374	0.143094	0.313991	0.196959	0.000706679	0.00239373
40	0.0505973	0.0064223	0.0122954	0.0331933	0.00867882	0.0100922	0.0867274	0.0196863	0.211113	0.0238138	0.0165006	0.0536304	0.0423023	0.0684134	0.209193	0.0233339	0.0866499	0.0249865	0.00447313	0.00789709
41	0.0552492	0.00901026	0.084163	0.0431298	0.0155191	0.0282753	0.210264	0.0127649	0.0253297	0.0342195	0.0146121	0.148095	0.0191432	0.0398013	0.0348222	0.0589885	0.0979156	0.0429379	0.00251858	0.0232409
42	0.0772635	0.00949797	0.0772366	0.274463	0.0103608	0.02907	0.0277152	0.0295545	0.0562313	0.0296149	0.0232803	0.0380482	0.0104002	0.0820121	0.0612731	0.0549013	0.0390764	0.0526876	0.00379019	0.0135229
43	0.0825032	0.020833	0.0238202	0.00778638	0.0527847	0.0167173	0.0565432	0.0204016	0.0177994	0.0737656	0.0175355	0.125387	0.0058975	0.10365	0.0404834	0.0817198	0.200294	0.0323104	0.00299603	0.0167728
44	0.564577	0.00321302	0.00201635	0.00245794	0.00101334	0.219024	0.00189834	0.00354676	0.00223901	0.00882263	0.00848601	0.0157549	0.00912345	0.00501541	0.00186232	0.115607	0.0159209	0.011735	0.00235795	0.00532974
45	0.467859	0.00201689	0.00460536	0.000875865	0.00062043	0.406368	0.00263895	0.00204335	0.000829767	0.00377372	0.0045627	0.0041995	0.00530728	0.00176043	0.000852722	0.0636036	0.01437	0.00961916	0.000434236	0.00365918
46	0.601743	0.00254552	0.000937312	0.00125811	0.000675281	0.224982	0.00103274	0.00269698	0.000948125	0.00498576	0.00778878	0.00613721	0.00979209	0.00221211	0.0010319	0.0936142	0.0200012	0.0140182	0.00059838	0.00300095
47	0.0357919	0.0145602	0.00198754	0.00371678	0.354847	0.0107138	0.0163163	0.0369111	0.00592135	0.0696518	0.124	0.00474538	0.00226464	0.0245407	0.00522391	0.0220621	0.00893741	0.0650343	0.00747375	0.1853
48	0.029543	0.00770966	0.00212027	0.00520266	0.00743381	0.00421738	0.00345649	0.456145	0.00288993	0.116579	0.174614	0.00396772	0.00235771	0.00523924	0.00310958	0.0109794	0.0109612	0.146223	0.00233857	0.0049114
49	0.624174	0.00299923	0.00167661	0.00237503	0.00102471	0.195629	0.00164111	0.00463003	0.0013268	0.00649706	0.00805543	0.0066175	0.00637274	0.00280401	0.0013092	0.0860156	0.0210091	0.0208652	0.0010905	0.00388759
50	0.211243	0.0361858	0.0739387	0.090541	0.00273916	0.128309	0.00600559	0.0186225	0.00456329	0.00905582	0.00681811	0.0208002	0.00602617	0.234882	0.00640554	0.108785	0.0199199	0.00908291	0.00115633	0.00492068
51	0.408122	0.00312053	0.00192874	0.00296893	0.00364499	0.142976	0.00290584	0.026522	0.0025838	0.0100387	0.0280672	0.00256874	0.00152988	0.00331626	0.00315657	0.0432781	0.111227	0.199048	0.000699085	0.00229898
52	0.0544731	0.0163268	0.00100287	0.00493857	0.160594	0.00468133	0.0503727	0.134928	0.00294887	0.0938164	0.0466502	0.00712268	0.00450655	0.0180609	0.00258456	0.0103673	0.0478505	0.203457	0.0243231	0.110994
53	0.388253	0.0101164	0.00473838	0.00964244	0.00374041	0.125985	0.00711744	0.0118762	0.00620356	0.0390677	0.0287733	0.0117068	0.0069409	0.0115131	0.0066065	0.200793	0.0176154	0.0164196	0.0442935	0.0485979
54	0.0697841	0.0109832	0.0228617	0.080769	0.0166714	0.014011	0.100192	0.0215555	0.0689655	0.0402898	0.0154256	0.0318229	0.0130943	0.0655244	0.289332	0.0432996	0.0412856	0.0259613	0.00992266	0.0182491
55	0.0363206	0.00199044	0.000592966	0.00166633	0.0263378	0.000969819	0.00399918	0.114954	0.000467212	0.616089	0.108183	0.00278997	0.00043787	0.00575609	0.00889459	0.00936496	0.0119795	0.0471906	0.000164694	0.00185194
56	0.0871826	0.0118495	0.0625717	0.0346322	0.00622187	0.068578	0.0210704	0.0153648	0.0571754	0.0214672	0.0155919	0.039414	0.0160663	0.0373793	0.0318595	0.181256	0.253952	0.0273268	0.00318501	0.00785554
57	0.0377791	0.00814586	0.0446487	0.0227361	0.0012891	0.503054	0.041481	0.00158816	0.0688706	0.00428182	0.00286956	0.113699	0.00958026	0.0511374	0.0326261	0.0358328	0.0133858	0.00338391	0.000566183	0.003044
58	0.078066	0.00401603	0.0452278	0.104555	0.00562978	0.0157963	0.0397317	0.0110505	0.176546	0.0183889	0.00699642	0.0286051	0.0120743	0.106147	0.242286	0.0392775	0.0435072	0.0103229	0.00303031	0.00874647
59	0.108749	0.00993005	0.00303986	0.00683455	0.00726926	0.00599115	0.00609712	0.0617863	0.0032383	0.0251884	0.00860736	0.00466405	0.504196	0.00648465	0.00413467	0.0207224	0.0791067	0.128716	0.00107223	0.00417228
60	0.230762	0.0023702	0.00851497	0.00356549	0.00130714	0.586243	0.00483534	0.0061431	0.0050393	0.00585759	0.00585749	0.00411496	0.00664132	0.00370273	0.00355479	0.0421767	0.0275242	0.045365	0.000837853	0.00558651
61	0.139902	0.0482963	0.00157225	0.00233829	0.0195773	0.0227855	0.00283615	0.155947	0.00199051	0.108301	0.0166719	0.00692879	0.00138738	0.00458409	0.00267653	0.0220681	0.0465323	0.387963	0.00371553	0.00392652
62	0.17593	0.268839	0.00306696	0.00443218	0.0317725	0.0102127	0.00459677	0.0509706	0.00408769	0.0550638	0.0281441	0.00736452	0.00270223	0.00747808	0.00512317	0.022685	0.0732591	0.23845	0.00120536	0.00461643
63	0.0363206	0.00199044	0.000592966	0.00166633	0.0263378	0.000969819	0.00399918	0.114954	0.000467212	0.616089	0.108183	0.00278997	0.00043787	0.00575609	0.00889459	0.00936496	0.0119795	0.0471906	0.000164694	0.00185194
64	0.421509	0.00291482	0.00151672	0.00255563	0.00225231	0.13696	0.00314981	0.0179943	0.00208071	0.00578668	0.0193953	0.00257533	0.00133492	0.00308165	0.00313263	0.0473164	0.116191	0.207464	0.000715214	0.00207385
65	0.0759655	0.0151853	0.00516949	0.00936048	0.0137492	0.0153988	0.00894795	0.158718	0.0263838	0.0558196	0.0194909	0.0219943	0.00590308	0.0119526	0.00859728	0.0354971	0.309947	0.192579	0.00260596	0.00673481
66	0.066219	0.0199309	0.00720549	0.0223716	0.0166585	0.0169396	0.0172733	0.0406901	0.0127773	0.270927	0.026203	0.0158064	0.0902087	0.021627	0.06872	0.132312	0.0356911	0.103179	0.00500475	0.0102555
67	0.0645176	0.000692971	0.0144414	0.00126175	0.000590431	0.862566	0.00586381	0.00121977	0.00102211	0.00153506	0.000873944	0.00285987	0.000964427	0.0019046	0.000827506	0.0213971	0.00922631	0.00388914	0.00022312	0.00412269
68	0.060407	0.00715834	0.000699896	0.00105169	0.00373761	0.013041	0.000983936	0.00447779	0.0128403	0.00568248	0.00130884	0.0124857	0.767699	0.00986522	0.00663877	0.0559521	0.0152048	0.0110955	0.000281444	0.0093884
69	0.0640788	0.00068033	0.0146828	0.0013679	0.000574437	0.860907	0.0060967	0.00118628	0.00115947	0.00156351	0.000916695	0.00331778	0.000777924	0.00233027	0.000883667	0.0216736	0.00971233	0.00393698	0.000229175	0.00392408
70	0.318806	0.0347785	0.00130966	0.00165362	0.0143323	0.0125787	0.00166287	0.101564	0.00196728	0.0777902	0.0177478	0.00661683	0.00091439	0.00318802	0.0023536	0.0378438	0.0678534	0.293696	0.000598448	0.0027447
71	0.213512	0.0105297	0.00632287	0.0129568	0.00550981	0.11763	0.00755118	0.0728679	0.00824785	0.110588	0.0450478	0.00769059	0.0077689	0.0144745	0.00794522	0.0869475	0.221924	0.0335752	0.00372817	0.00518263
72	0.152168	0.0144962	0.0427847	0.0438264	0.0127953	0.0493786	0.0337736	0.0184589	0.0340541	0.0393931	0.0226278	0.2574	0.0220028	0.0464942	0.0396753	0.067262	0.0464275	0.0380169	0.00419697	0.0147678
73	0.0557007	0.00438542	0.00233237	0.00471387	0.219997	0.0206701	0.0121331	0.0641424	0.00357429	0.352657	0.0856659	0.00699621	0.00218159	0.0148987	0.00673146	0.0247081	0.00877563	0.0571428	0.00979521	0.042798
74	0.189275	0.0173945	0.0015058	0.00474196	0.0118635	0.0099926	0.00239769	0.133864	0.00987401	0.0783408	0.0491726	0.00556319	0.000715526	0.010877	0.00567266	0.0340645	0.120124	0.311183	0.000480476	0.00289651
75	0.146429	0.0903691	0.0081618	0.00779455	0.00699327	0.0627157	0.0236844	0.0120688	0.0104004	0.0563335	0.013353	0.0653783	0.00443334	0.0275804	0.0211107	0.20382	0.181136	0.0500411	0.00208932	0.00610682
76	0.327014	0.00319654	0.0192738	0.022548	0.00149865	0.236855	0.00705594	0.00944062	0.0246636	0.0109474	0.0044179	0.0213953	0.120634	0.0155649	0.0126192	0.109399	0.0188423	0.0267738	0.000670583	0.00718924
77	0.0932401	0.0142083	0.000498612	0.00228397	0.0111893	0.00999022	0.0021513	0.263121	0.00127747	0.0635158	0.0219264	0.00504717	0.00335579	0.00365141	0.00184708	0.020549	0.0361995	0.443404	0.000476225	0.00206747
78	0.398839	0.00817775	0.00687401	0.00913675	0.00892177	0.0579526	0.00823644	0.0223304	0.0060913	0.147808	0.0956405	0.0111913	0.00556975	0.0180053	0.00591282	0.0562133	0.0579518	0.0659994	0.00384387	0.00530405
79	0.0717481	0.0401315	0.100008	0.0723289	0.00572329	0.0663757	0.0190684	0.00926154	0.0157011	0.0189637	0.0144834	0.104645	0.024069	0.121896	0.0188769	0.141033	0.0725617	0.0209752	0.00215468	0.0599948
80	0.561598	0.0141598	0.00324001	0.0066472	0.00169693	0.100897	0.00317505	0.00487076	0.00464963	0.0124106	0.0078446	0.00863585	0.00506008	0.00857228	0.00884029	0.181055	0.0357013	0.0203672	0.00236102	0.00821678
81	0.0435818	0.0038385	0.037837	0.00560062	0.055763	0.00803259	0.0919582	0.00936732	0.0234335	0.0635464	0.0201948	0.19426	0.00514453	0.101102	0.0613369	0.0373173	0.195236	0.0153819	0.00193193	0.0251358
82	0.127161	0.0347127	0.0742821	0.036181	0.0087131	0.0141487	0.00798684	0.014825	0.00576294	0.162467	0.0681036	0.0107135	0.00404257	0.0364831	0.00653433	0.204036	0.129203	0.048456	0.00178745	0.00440074
83	0.0729595	0.00702545	0.352728	0.120079	0.00308972	0.0557131	0.0178095	0.0190835	0.0231999	0.00804323	0.0091086	0.0954499	0.0173216	0.0501165	0.016771	0.0783039	0.0272457	0.0192512	0.00141125	0.00528947
84	0.129927	0.0169566	0.05318	0.0381985	0.00482107	0.231795	0.0349055	0.00154154	0.0477699	0.00619316	0.00418187	0.0916753	0.00173785	0.0449452	0.0579579	0.178892	0.0364517	0.00464279	0.000941348	0.0132862
85	0.1856	0.0206513	0.0382136	0.00939974	0.0606552	0.0219896	0.00837581	0.056488	0.00686198	0.0756047	0.052934	0.00978994	0.00386931	0.0122334	0.00930574	0.159491	0.0725341	0.185984	0.00346104	0.00655784
86	0.0841238	0.00671279	0.00174856	0.00217092	0.00351883	0.0220875	0.00116179	0.00256607	0.0136791	0.00527997	0.00131904	0.0131469	0.732242	0.010679	0.00711508	0.0613202	0.0137176	0.00785192	0.000317016	0.00924213
87	0.0265064	0.00431523	0.000681438	0.00224747	0.0373716	0.00121776	0.00281579	0.127394	0.000639484	0.537248	0.123395	0.00228607	0.00100865	0.00427994	0.00558941	0.0102127	0.0115908	0.0909087	0.00143305	0.00885939
88	0.0259328	0.00515056	0.000219607	0.00161216	0.0463987	0.000802173	0.000891522	0.277097	0.000265413	0.313737	0.0448901	0.000806122	0.00247409	0.000518474	0.00043001	0.00201386	0.0103146	0.260762	0.000576276	0.00510755
89	0.208828	0.0263803	0.00241105	0.00183121	0.0307593	0.019614	0.00213153	0.130741	0.0014817	0.0803296	0.0321352	0.00718263	0.000810252	0.00391013	0.00206502	0.0338427	0.0598933	0.349592	0.000986526	0.00507449
90	0.00889284	0.00713554	0.00040878	0.000630717	0.00211019	0.000878959	0.000721925	0.613571	0.000537882	0.171531	0.0293538	0.000641391	0.00121569	0.000763756	0.00065985	0.00604284	0.00308609	0.149687	0.0015352	0.000595331
91	0.356635	0.0561353	0.00155114	0.00244334	0.00467075	0.0462235	0.00423289	0.0160175	0.00290968	0.0245507	0.00750214	0.00996388	0.00203363	0.00593318	0.00942176	0.212097	0.161016	0.0697377	0.00129326	0.0056323
92	0.0740864	0.00252716	0.0288258	0.00715699	0.00109221	0.77119	0.00791206	0.00291477	0.0047562	0.00307756	0.0034423	0.00858318	0.00356908	0.00635397	0.00496559	0.0341489	0.0232903	0.00690511	0.000414906	0.0047873
93	0.14661	0.0398968	0.0872269	0.0761439	0.00305611	0.0980265	0.00723144	0.0140059	0.00986845	0.00960149	0.00741206	0.0563888	0.0113191	0.2548	0.0104392	0.103793	0.0392696	0.0119984	0.00142695	0.0114855
94	0.116509	0.0067217	0.0066522	0.017398	0.00630056	0.221451	0.00956228	0.0477593	0.0791186	0.0202137	0.0135155	0.0110658	0.00985138	0.0187189	0.0524164	0.0342557	0.0346463	0.251383	0.00349617	0.0389641
95	0.25948	0.00191068	0.0358824	0.0386696	0.00135632	0.149786	0.00834201	0.0148776	0.0430308	0.0129154	0.00329643	0.0377902	0.146114	0.0291726	0.0177323	0.141506	0.025261	0.0238134	0.000775909	0.00828745
96	0.179367	0.0298988	0.00471316	0.00606975	0.00528588	0.0202665	0.028663	0.030547	0.0083325	0.0671735	0.00985767	0.0152408	0.00382448	0.0938614	0.0624266	0.223074	0.159804	0.0454415	0.00212451	0.00402768
97	0.0478048	0.0153497	0.00158835	0.00539809	0.203331	0.00915346	0.0778352	0.109568	0.00410393	0.108932	0.045585	0.010792	0.00452397	0.0171739	0.00465797	0.0152229	0.0392695	0.159337	0.0173016	0.103073
98	0.0619249	0.0108029	0.0148175	0.0704803	0.0213196	0.0250793	0.0777035	0.0239356	0.0328411	0.0426664	0.0925576	0.03098	0.0122829	0.296098	0.0375659	0.04033	0.0366637	0.039358	0.00934877	0.0232444
99	0.076131	0.0107937	0.00132576	0.0250753	0.0496872	0.00266496	0.0328888	0.206115	0.0205004	0.0976095	0.0321481	0.0176542	0.0013306	0.0208388	0.0304849	0.0372056	0.0734414	0.223888	0.00570934	0.0345077
100	0.0265899	0.00519564	0.000217014	0.00152818	0.0518483	0.000490621	0.00065389	0.262329	0.000263808	0.344726	0.0498308	0.000873202	0.00284611	0.000586045	0.00035996	0.00213846	0.0111996	0.232235	0.000550485	0.00553789
101	0.00417068	0.000903388	0.702456	0.030838	0.000928908	0.0221078	0.00478043	0.00204027	0.0131841	0.00640819	0.00134466	0.115432	0.0224887	0.00655405	0.0115417	0.0404398	0.00645466	0.00217684	0.00031854	0.00543121
102	0.0544275	0.0150853	0.00334315	0.00919768	0.0203211	0.0240385	0.0352335	0.184031	0.00874125	0.0664974	0.0110461	0.060425	0.00293406	0.068629	0.0101235	0.0927464	0.108853	0.218317	0.00169845	0.00431165
103	0.0746114	0.0167495	0.00216055	0.0591909	0.0237831	0.0045192	0.016987	0.164761	0.0330032	0.0740355	0.0206645	0.0222287	0.00132684	0.0458142	0.0317395	0.036579	0.0665185	0.296307	0.00128986	0.00773083
104	0.210114	0.0107988	0.0569761	0.0504169	0.00242394	0.176981	0.0185506	0.00199824	0.0506334	0.0112538	0.00475637	0.0745679	0.00829974	0.0477658	0.0581364	0.16846	0.0305323	0.0063017	0.00190278	0.00913034
105	0.0295562	0.00466584	0.00059423	0.0016321	0.0354283	0.000986954	0.00322007	0.124458	0.000610829	0.556427	0.117574	0.00231131	0.000758092	0.00456298	0.00654489	0.0112236	0.0128302	0.0765119	0.00144386	0.00865976
106	0.0118101	0.00153495	0.000710159	0.00538856	0.28253	0.00763114	0.0144536	0.047295	0.00484377	0.356722	0.0901693	0.00960172	0.00152038	0.0251376	0.00881793	0.0151162	0.00298537	0.0451865	0.0134692	0.0550766
107	0.101124	0.00165661	0.0764605	0.172039	0.0016394	0.0163736	0.0312654	0.00228225	0.148012	0.00658295	0.00187847	0.0277428	0.0139202	0.137892	0.158306	0.0457003	0.0443306	0.0056863	0.000307564	0.00679869
108	0.0603422	0.00678156	0.000537328	0.000875328	0.00370881	0.0134584	0.000791172	0.00177109	0.013323	0.00471549	0.00103846	0.012999	0.77656	0.0101634	0.00679572	0.0577212	0.0128904	0.0056192	0.000264485	0.009644
109	0.0206941	0.0111162	0.000360631	0.00179579	0.00461802	0.00157879	0.00169238	0.539324	0.000636881	0.132206	0.0375817	0.000933503	0.00150934	0.00108415	0.00114639	0.0102896	0.00657341	0.223716	0.00217294	0.000969181
110	0.167952	0.11249	0.00109621	0.00175185	0.00441327	0.00399966	0.00179493	0.00432281	0.00180406	0.0169767	0.008091	0.0102386	0.00640893	0.00218742	0.0021625	0.143633	0.312428	0.194942	0.000785861	0.00252162
111	0.0461469	0.00905783	0.00716727	0.0249066	0.00339908	0.0086513	0.0518901	0.00492711	0.251359	0.00881562	0.0182594	0.0888444	0.0820343	0.109525	0.213161	0.0126979	0.0469151	0.00755189	0.0014513	0.00323832
112	0.0692019	0.00480967	0.00261152	0.0047748	0.313851	0.0220142	0.0216715	0.0113032	0.032597	0.0821969	0.0472516	0.0046896	0.00300827	0.0270599	0.0193068	0.0893784	0.00795716	0.0188797	0.0400883	0.177348
113	0.269919	0.00195458	0.0328437	0.0361626	0.00109596	0.151803	0.00985206	0.0120552	0.0370564	0.014027	0.00334441	0.0344829	0.146482	0.0255379	0.0200054	0.145988	0.022522	0.0254192	0.000719185	0.00873011
114	0.277057	0.00582324	0.015685	0.092065	0.0042984	0.0940376	0.00713831	0.0386596	0.0175854	0.0522442	0.0190893	0.0115948	0.0429117	0.041334	0.0114012	0.0873892	0.126146	0.0473908	0.00319094	0.00495805
115	0.0833381	0.0101984	0.00116995	0.02664	0.0192459	0.00240306	0.0258299	0.240798	0.0252601	0.103335	0.030499	0.0169621	0.000760508	0.0215548	0.0369266	0.038296	0.0779625	0.227211	0.00113751	0.0104709
116	0.0267836	0.00519222	0.000206199	0.00165204	0.0445956	0.000810415	0.000925562	0.282714	0.000274772	0.304428	0.0456843	0.000770135	0.00240356	0.000532616	0.00039103	0.00213367	0.0106518	0.264531	0.000541213	0.00477846
117	0.258567	0.00444589	0.0394202	0.0316391	0.0017086	0.140505	0.0176054	0.0100357	0.0289972	0.0229773	0.00509185	0.0299913	0.0933188	0.0246694	0.0485969	0.159282	0.0322984	0.0314643	0.00236768	0.0170185
118	0.0881937	0.00166271	0.0698495	0.196267	0.00287445	0.0160563	0.0299523	0.0115977	0.128628	0.0121041	0.00736018	0.0337709	0.0113297	0.129495	0.143098	0.0448695	0.0406245	0.0243975	0.00043798	0.00743184
119	0.612486	0.00425995	0.00174608	0.00225412	0.000995715	0.192295	0.00162353	0.00418538	0.00160629	0.0107043	0.00825081	0.00713889	0.00691067	0.00317561	0.00172275	0.0985269	0.0218802	0.0146278	0.00140225	0.00420835
120	0.0472597	0.0141285	0.000797774	0.00337627	0.245573	0.00638514	0.0345427	0.121887	0.00196682	0.118753	0.049284	0.00473669	0.00526768	0.0121255	0.00178299	0.00873363	0.0343697	0.164554	0.0198757	0.1046
121	0.100989	0.00165691	0.07667	0.172262	0.00160886	0.0162925	0.0313821	0.00227749	0.147951	0.0064964	0.00188654	0.0276882	0.0139904	0.138082	0.157923	0.0456892	0.0443106	0.00569752	0.000304227	0.00684177
122	0.0779865	0.00783221	0.00108339	0.0270064	0.0177218	0.00236109	0.0327136	0.242428	0.0291006	0.117738	0.0245728	0.0137221	0.00106284	0.0223249	0.0460209	0.0398047	0.0844705	0.199408	0.000938357	0.0117029
123	0.504944	0.0176949	0.0030572	0.0040008	0.00362634	0.040234	0.00443268	0.00765866	0.00386889	0.0129294	0.00766573	0.00696304	0.00321321	0.00659476	0.0113903	0.279101	0.0415893	0.0231714	0.00503598	0.0128285
124	0.0710661	0.00192305	0.0261261	0.244516	0.00848378	0.0202279	0.0298995	0.0390952	0.0684986	0.0275483	0.0388309	0.0284463	0.000689597	0.12824	0.0693236	0.0592397	0.0409148	0.08366	0.000812464	0.012458
125	0.0404242	0.0102834	0.00182561	0.0140558	0.001702	0.00356543	0.0614131	0.00508673	0.272909	0.00584799	0.0210978	0.0823733	0.103257	0.108	0.196543	0.00576591	0.0557563	0.00728827	0.00109855	0.00170669
126	0.059744	0.00668527	0.000624377	0.000935885	0.00368622	0.0135375	0.000876638	0.00182495	0.0145207	0.00518683	0.00107895	0.0136324	0.77304	0.0115847	0.00718975	0.0575855	0.012798	0.0056419	0.000297994	0.00952875
127	0.0675407	0.0010004	0.0141735	0.00100981	0.000595586	0.858276	0.00559735	0.00117892	0.000880054	0.00172466	0.00104378	0.00260516	0.000736673	0.00187561	0.000952849	0.0227857	0.0096834	0.00409013	0.000225513	0.00402472
128	0.076301	0.00949839	0.00195935	0.00175073	0.00368804	0.0188099	0.00154141	0.00389131	0.0124454	0.00549739	0.00144551	0.0138909	0.732695	0.0105369	0.00716273	0.0627257	0.01747	0.00949835	0.000361286	0.00883115
129	0.168702	0.111833	0.00105509	0.00176096	0.00408426	0.00361063	0.00166955	0.00399422	0.00168347	0.0155261	0.00808508	0.0100776	0.0064739	0.00191666	0.00198124	0.14316	0.314185	0.197083	0.000725821	0.00239309
130	0.0549669	0.0186961	0.00130472	0.00636177	0.22015	0.0141784	0.0889914	0.0820545	0.00434682	0.118848	0.0414667	0.0104212	0.0036048	0.0133953	0.0040415	0.0158551	0.0310442	0.123861	0.0164664	0.129945
131	0.00901144	0.00705135	0.000408145	0.000637736	0.00257353	0.000867961	0.000715851	0.609492	0.000535809	0.17374	0.0293143	0.000638079	0.00123649	0.000765742	0.000662306	0.00595635	0.00316488	0.151073	0.00153353	0.000620961
132	0.0714763	0.0521872	0.126619	0.170378	0.00423268	0.0972172	0.00927681	0.038767	0.00523481	0.0145058	0.0696666	0.0117595	0.00962907	0.00947931	0.00775007	0.129664	0.0905914	0.0758492	0.00165387	0.00406073
133	0.0211223	0.00506899	0.000298156	0.00128598	0.0681184	0.000627095	0.00158232	0.229743	0.000394864	0.370375	0.0496886	0.000987524	0.00367789	0.0012744	0.000382487	0.00321023	0.012541	0.216663	0.00178441	0.0111751
134	0.0684819	0.00706341	0.00172515	0.0018605	0.00363988	0.0167964	0.00102631	0.0027283	0.0134568	0.0051462	0.00120475	0.013573	0.753621	0.0101849	0.00715819	0.0619194	0.0136992	0.00702314	0.000285878	0.00940561
135	0.0709824	0.0020395	0.0281882	0.247222	0.00982543	0.0204991	0.0297566	0.0416074	0.0700114	0.0283579	0.0374561	0.02884	0.000686634	0.123841	0.0692402	0.0586583	0.0363346	0.082774	0.000807485	0.0128718
136	0.00606748	0.000962141	0.681543	0.029992	0.000965787	0.0222648	0.00654246	0.00214978	0.0130292	0.00661843	0.00143232	0.12059	0.0298612	0.00720183	0.0127216	0.0421593	0.00775709	0.00233769	0.000320262	0.00548332
137	0.0220321	0.00555808	0.000234257	0.00275433	0.0107681	0.0032267	0.00371154	0.388524	0.00030141	0.0741088	0.0118869	0.000381452	0.000516539	0.000529485	0.00140734	0.00179083	0.00523932	0.46358	0.000919883	0.00252904
138	0.0416276	0.0151075	0.00567502	0.0173828	0.0391632	0.0103577	0.0747118	0.0124381	0.0794757	0.0406061	0.0341523	0.06347	0.00496446	0.0416159	0.377693	0.071842	0.0224691	0.0147178	0.00592865	0.0266012
139	0.0641814	0.0197336	0.00297119	0.0108467	0.015442	0.00854148	0.0108158	0.0811034	0.00540381	0.0501153	0.0168119	0.00770731	0.476352	0.0118872	0.00554487	0.0371449	0.0479726	0.115621	0.00220075	0.00960383
140	0.0220892	0.00558565	0.000233354	0.00270686	0.0108566	0.00327945	0.00369653	0.386363	0.000301652	0.0758063	0.0121048	0.000386891	0.00051723	0.000525249	0.00140406	0.00178828	0.00523236	0.463699	0.000913117	0.0025102
141	0.026825	0.00527334	0.000224515	0.00154902	0.0516115	0.000468889	0.000633063	0.265365	0.000261592	0.341911	0.0485286	0.000833698	0.00284451	0.0005597	0.000296952	0.00208118	0.0111019	0.233755	0.000508108	0.00536706
142	0.0199968	0.00553957	0.000438306	0.00116798	0.0559264	0.000902851	0.00178133	0.172533	0.000599143	0.45764	0.0884521	0.00145133	0.00187736	0.00248089	0.00253814	0.00817635	0.0104874	0.152073	0.00188989	0.0140478
143	0.213361	0.0295577	0.00120497	0.00102445	0.0223169	0.0178777	0.000938909	0.13789	0.000997533	0.0738163	0.0249684	0.00725861	0.000507619	0.00258934	0.00148732	0.0280412	0.0577565	0.375193	0.000365993	0.00284629
144	0.0761535	0.000776601	0.0139857	0.00152247	0.000754161	0.844826	0.00562115	0.0012853	0.00116475	0.00179774	0.000988967	0.00305808	0.00133416	0.00204675	0.0012321	0.0245559	0.0101168	0.00455806	0.000219917	0.00400191
145	0.186482	0.00537105	0.0282391	0.00802764	0.0310929	0.0364489	0.05473	0.0115037	0.00599397	0.144909	0.13806	0.1219	0.00492558	0.0548195	0.00640572	0.0943172	0.0164248	0.0425706	0.00307509	0.00470378
146	0.102912	0.00990329	0.0522744	0.0332832	0.0032763	0.261706	0.0400662	0.0042041	0.0758783	0.0209272	0.0179881	0.0861916	0.0108612	0.0807494	0.0564708	0.096876	0.0250449	0.0128022	0.00161092	0.00697429
147	0.447201	0.00576024	0.0307657	0.0880554	0.00146913	0.0540322	0.0104589	0.00570958	0.018439	0.0256019	0.0148867	0.00816637	0.0227751	0.0852432	0.0198755	0.116736	0.023317	0.0186417	0.00111073	0.00175429
148	0.0232053	0.00485434	0.00021826	0.00137691	0.0567132	0.000509855	0.00062777	0.246654	0.00030347	0.367166	0.0476541	0.000912013	0.00317961	0.000742186	0.000330915	0.00236336	0.01064	0.225578	0.00061747	0.0063525
149	0.0680862	0.0121907	0.00870163	0.0356829	0.0174537	0.0126773	0.0826879	0.0262353	0.0615324	0.0543481	0.0131633	0.0272699	0.00818701	0.0498307	0.376876	0.0455379	0.0453315	0.0259236	0.00925033	0.0190336
150	0.100989	0.00165691	0.07667	0.172262	0.00160886	0.0162925	0.0313821	0.00227749	0.147951	0.0064964	0.00188654	0.0276882	0.0139904	0.138082	0.157923	0.0456892	0.0443106	0.00569752	0.000304227	0.00684177
151	0.0137115	0.00164103	0.000731748	0.00480136	0.306991	0.00809432	0.0142789	0.0492587	0.00443532	0.33565	0.0823311	0.00857038	0.00201382	0.0227989	0.00811774	0.0137078	0.00300716	0.0470219	0.0144179	0.0584199
152	0.181304	0.0364003	0.000697181	0.000951019	0.0203876	0.0126084	0.000827205	0.148519	0.000656521	0.0769117	0.0177507	0.00794501	0.000446755	0.00231322	0.00133784	0.0249417	0.0603931	0.402448	0.000300348	0.00286079
153	0.0287014	0.0111149	0.0550692	0.02934	0.00135398	0.329454	0.0595238	0.00165697	0.109104	0.00524999	0.00362855	0.172457	0.0176468	0.0748525	0.0500949	0.0304073	0.0148844	0.00293091	0.000423406	0.00210508
154	0.0196015	0.0111572	0.000374999	0.000967262	0.0177742	0.000847682	0.000746334	0.498446	0.000521745	0.208626	0.0455294	0.000649334	0.00201567	0.000900208	0.000504071	0.0088625	0.00653321	0.171965	0.00184522	0.00213331
155	0.0603422	0.00678156	0.000537328	0.000875328	0.00370881	0.0134584	0.000791172	0.00177109	0.013323	0.00471549	0.00103846	0.012999	0.77656	0.0101634	0.00679572	0.0577212	0.0128904	0.0056192	0.000264485	0.009644
156	0.0637943	0.0232152	0.00176904	0.00443584	0.149075	0.00627119	0.0319257	0.0952437	0.00350287	0.100802	0.0345243	0.00649643	0.00486849	0.012515	0.00400749	0.0119871	0.050751	0.277962	0.0162549	0.100598
157	0.180031	0.0361103	0.00071166	0.00095674	0.02034	0.012507	0.000832991	0.149599	0.000644245	0.0762432	0.0176462	0.00785488	0.000472182	0.00230319	0.00133226	0.0246237	0.0602936	0.404352	0.000305988	0.00284024
158	0.0681022	0.0100543	0.0402944	0.102463	0.00379307	0.0424648	0.0553022	0.00806265	0.00843949	0.0123069	0.0453307	0.125916	0.00762552	0.0599681	0.00986812	0.181199	0.169155	0.0398529	0.00170847	0.00809355
159	0.0795943	0.0191365	0.00979581	0.0083013	0.00551374	0.0544443	0.02209	0.00935876	0.00904386	0.0177038	0.0102306	0.0138116	0.00491573	0.0132237	0.00851923	0.320101	0.36118	0.0264573	0.0018635	0.00471568
160	0.0355931	0.0120455	0.00259555	0.00659396	0.259558	0.0120853	0.0233541	0.0224095	0.0102133	0.0586925	0.116608	0.00724346	0.0024015	0.040931	0.00778908	0.0397719	0.0123583	0.0564899	0.0101905	0.263075
161	0.0579817	0.00782705	0.0150799	0.17094	0.0101064	0.0378152	0.0452692	0.0331483	0.0900877	0.0916192	0.0908722	0.0232928	0.00410145	0.107799	0.0442754	0.0646106	0.0276337	0.0553999	0.00528606	0.0168543
162	0.579784	0.00250801	0.000964308	0.000963126	0.00063615	0.260952	0.00098138	0.00262575	0.000672751	0.00470971	0.00644372	0.00629	0.00887454	0.00195791	0.000753898	0.0879179	0.0169012	0.01266	0.000515389	0.00288781
163	0.150296	0.00696594	0.0157739	0.0222804	0.00661623	0.0866751	0.0301352	0.0585947	0.168675	0.0648014	0.0192544	0.0273898	0.0773681	0.0261164	0.029798	0.0503137	0.0994906	0.0472069	0.00312612	0.00912251
164	0.0662596	0.000892537	0.0146356	0.00186278	0.000766177	0.852192	0.00583858	0.00128781	0.00193461	0.00158459	0.000972091	0.00366211	0.00136582	0.00250014	0.00138389	0.0236721	0.010388	0.00455176	0.000252872	0.00399736
165	0.181978	0.0359182	0.000713894	0.000948639	0.0205353	0.0126805	0.000823802	0.148197	0.000644235	0.0764176	0.0179105	0.00798382	0.000438287	0.00231659	0.00132223	0.0250785	0.0606601	0.402262	0.000297367	0.00287274
166	0.201367	0.100122	0.00287924	0.00293353	0.00402831	0.0589178	0.0164539	0.00782677	0.00964173	0.0410861	0.0155213	0.0394034	0.00254309	0.0249679	0.0293332	0.210064	0.175137	0.0539926	0.0010303	0.00275038
167	0.146115	0.0273238	0.000839547	0.00692957	0.0287404	0.00925171	0.00907595	0.182082	0.00588689	0.0807694	0.0238548	0.0120953	0.000610292	0.00906904	0.00920263	0.0259058	0.0683924	0.342546	0.00227548	0.00903378
168	0.0779381	0.00352993	0.022437	0.00784439	0.000888627	0.777283	0.00742835	0.0027403	0.00464118	0.00334423	0.00305815	0.007845	0.00258969	0.0104018	0.00406431	0.0330982	0.018938	0.00692146	0.000446492	0.0045621
169	0.0140416	0.00232555	0.000861554	0.00830172	0.258848	0.00778093	0.0148092	0.0543257	0.00776014	0.350104	0.0859783	0.00961931	0.001583	0.029478	0.0115627	0.017149	0.00500464	0.0522793	0.0129188	0.0552687
170	0.0670682	0.00816298	0.00618498	0.0175316	0.0825674	0.0766257	0.0780935	0.0548287	0.00798196	0.0310612	0.0552607	0.0450039	0.177735	0.087802	0.00799708	0.107569	0.020645	0.0586585	0.00286282	0.00636012
171	0.508374	0.0289212	0.00153943	0.00244293	0.00202259	0.0235428	0.00305456	0.00642735	0.00239801	0.0132891	0.00430341	0.0059807	0.0014684	0.0042937	0.0130941	0.27485	0.0606909	0.0319488	0.0017218	0.00963589
172	0.00806375	0.000957705	0.682304	0.0402825	0.0011851	0.0220025	0.00565774	0.00234872	0.0151643	0.00629976	0.00172388	0.112032	0.0213285	0.0109807	0.0127447	0.0408931	0.00754262	0.00293636	0.000344197	0.00520824
173	0.0166049	0.0809196	0.00291875	0.00474019	0.0203247	0.0239675	0.00485912	0.00788277	0.00384641	0.614	0.00559605	0.00541669	0.00302513	0.00619402	0.00456348	0.0122344	0.0424436	0.136015	0.0013907	0.00305755
174	0.0218117	0.00573719	0.000240281	0.00271314	0.0106764	0.00317942	0.00371713	0.392009	0.000300053	0.0740321	0.0116202	0.000386755	0.000522867	0.000527215	0.00141436	0.00178919	0.00521656	0.460669	0.000920813	0.00251691
175	0.00889284	0.00713554	0.00040878	0.000630717	0.00211019	0.000878959	0.000721925	0.613571	0.000537882	0.171531	0.0293538	0.000641391	0.00121569	0.000763756	0.00065985	0.00604284	0.00308609	0.149687	0.0015352	0.000595331
176	0.308621	0.0970852	0.00132498	0.00159829	0.005637	0.0155643	0.00314756	0.00779506	0.00220959	0.0321837	0.00551285	0.015135	0.00299362	0.00388488	0.00595787	0.186528	0.195191	0.105148	0.000608099	0.00387424
177	0.0219198	0.00555777	0.0002358	0.00276935	0.0107518	0.00320369	0.00374815	0.390303	0.000301451	0.0731933	0.0116513	0.000381519	0.000517662	0.000521216	0.00142369	0.00177821	0.0052043	0.463064	0.000926892	0.0025472
178	0.06293	0.000659565	0.0146723	0.00133834	0.00056725	0.864585	0.00587548	0.00119528	0.00109786	0.00152729	0.000855346	0.00287396	0.000540381	0.00189109	0.00085365	0.0211665	0.00936521	0.00378989	0.00022576	0.0039897
179	0.0409371	0.0129884	0.00134925	0.0034474	0.329703	0.0170614	0.0425907	0.061078	0.0052719	0.0935211	0.0661609	0.00573007	0.00292898	0.0152677	0.00470851	0.018807	0.0164714	0.0870846	0.0113518	0.163541
180	0.0454075	0.00609558	0.461766	0.061643	0.0016265	0.0656777	0.0126673	0.00541514	0.0191276	0.0079126	0.00560157	0.108186	0.0211083	0.0254621	0.0183477	0.0940704	0.0217542	0.00919269	0.0005967	0.00834079
181	0.0371535	0.00624491	0.00258598	0.0349085	0.0319197	0.0122084	0.0289787	0.111457	0.0034639	0.091634	0.0466514	0.00825232	0.337928	0.0273506	0.00493988	0.0595977	0.0431184	0.0998824	0.00225086	0.00947326
182	0.0581584	0.00256975	0.000814028	0.00191679	0.00156842	0.00463443	0.00175919	0.285924	0.00120655	0.0204753	0.0116876	0.00292057	0.0110009	0.00631576	0.00141629	0.0243181	0.0213996	0.540291	0.000338646	0.00128491
183	0.0922262	0.00475254	0.0522971	0.177917	0.00465669	0.0595188	0.0364249	0.0161944	0.0936614	0.0166235	0.0161449	0.0388848	0.00805151	0.115651	0.10681	0.0769114	0.0383074	0.0332605	0.00113855	0.0105679
184	0.0192588	0.00675522	0.00024361	0.00217599	0.00941117	0.00243615	0.00266785	0.449619	0.000309646	0.104861	0.0194087	0.000446049	0.00092205	0.000527917	0.00114201	0.00337506	0.00555924	0.36664	0.00216014	0.00208022
185	0.0204657	0.00567246	0.000237662	0.002439	0.00983642	0.0028052	0.00335295	0.418555	0.000318304	0.0824282	0.014653	0.000383369	0.000554685	0.000454044	0.00129907	0.00209896	0.00495461	0.426004	0.00112803	0.00235968
186	0.0609104	0.00874874	0.0543495	0.0663263	0.00873794	0.0146923	0.235889	0.0124121	0.0084199	0.0425184	0.0151231	0.18218	0.00603372	0.0176807	0.0144064	0.0626278	0.070454	0.0788591	0.00263341	0.0369967
187	0.00889284	0.00713554	0.00040878	0.000630717	0.00211019	0.000878959	0.000721925	0.613571	0.000537882	0.171531	0.0293538	0.000641391	0.00121569	0.000763756	0.00065985	0.00604284	0.00308609	0.149687	0.0015352	0.000595331
188	0.128035	0.0166134	0.0748249	0.0420832	0.00328391	0.223673	0.034417	0.00224037	0.0446488	0.00506019	0.00420093	0.0927484	0.00305437	0.0431953	0.0456751	0.176985	0.0387966	0.00629649	0.000862474	0.0133054
189	0.143264	0.0085621	0.0781959	0.0730517	0.00211231	0.0924378	0.0134233	0.00798621	0.0314822	0.0112079	0.00970262	0.105914	0.0675258	0.0849015	0.0198038	0.162236	0.0517426	0.0238831	0.00137341	0.0111942
190	0.0270889	0.00528272	0.000222915	0.00155137	0.0494054	0.000599179	0.000691416	0.266317	0.000251158	0.333507	0.0473359	0.000828517	0.00270374	0.00052475	0.000331125	0.00200924	0.0109132	0.244657	0.000512402	0.00526703
