313	20
1	0.0441399	0.00370675	0.00804415	0.00757647	0.00483968	0.145903	0.0290988	0.00648906	0.0859897	0.110471	0.345141	0.0521905	0.0050365	0.0382444	0.072901	0.0109111	0.0114765	0.011703	0.00337939	0.00275924
2	0.138151	0.000956717	0.210541	0.10352	0.0028331	0.0424657	0.00491747	0.00279664	0.0926666	0.0327277	0.0212429	0.0634283	0.0390855	0.0502115	0.0472577	0.0687969	0.0650845	0.0116447	0.000658533	0.00101385
3	0.0800412	0.000885222	0.235805	0.120966	0.00151482	0.0947095	0.00254085	0.00415351	0.12185	0.0042422	0.00361014	0.120769	0.0131521	0.0159071	0.0488489	0.0811093	0.0436857	0.00491423	0.000574753	0.00072043
4	0.0956693	0.00157174	0.240882	0.233094	0.00448263	0.0250512	0.00903768	0.00264597	0.0767227	0.0305612	0.0218381	0.0327225	0.0304301	0.0644801	0.0486863	0.0349413	0.0314861	0.012984	0.00129908	0.00141371
5	0.0173004	0.00155939	0.00279945	0.00194279	0.14596	0.00276106	0.0100178	0.174118	0.00794157	0.201503	0.0357217	0.00579128	0.00125479	0.00142403	0.00185601	0.022766	0.0243943	0.2969	0.00438181	0.0396062
6	0.147484	0.138801	0.12138	0.0257195	0.00857292	0.0912325	0.0904494	0.0133635	0.0178115	0.0317031	0.00831316	0.0265192	0.0139779	0.0362491	0.0461051	0.113333	0.0313683	0.0247271	0.00335155	0.00953805
7	0.0967807	0.0310043	0.00837333	0.00198202	0.00282247	0.00266861	0.00340817	0.234217	0.00193661	0.0987485	0.0305016	0.00476552	0.00349805	0.00183205	0.00220474	0.00994871	0.0331816	0.430123	0.000675822	0.00132704
8	0.074632	0.0172821	0.00648864	0.00165651	0.0245238	0.00370663	0.00541809	0.245616	0.00248808	0.128194	0.0585	0.00404865	0.00250227	0.00425462	0.00291748	0.0111765	0.0260257	0.372155	0.000553379	0.0078604
9	0.0643598	0.00487696	0.0500532	0.0783778	0.0145449	0.204021	0.0162302	0.0132804	0.0391997	0.104743	0.00715831	0.0993518	0.016957	0.0153767	0.0342838	0.0614897	0.145467	0.0233402	0.00199484	0.00489334
10	0.142505	0.0048779	0.050059	0.0442759	0.00144507	0.073389	0.0149304	0.00994839	0.0410594	0.0208483	0.00241049	0.0491573	0.103715	0.0456865	0.0239058	0.223714	0.135705	0.0108141	0.000408325	0.0011441
11	0.0343369	0.0339337	0.0039427	0.00636188	0.277246	0.00952002	0.00550466	0.0512255	0.0149529	0.150762	0.026138	0.00522037	0.00372659	0.00799127	0.00393032	0.058226	0.0149214	0.0929269	0.00811952	0.191013
12	0.0191662	0.00708115	0.0119199	0.0174812	0.133476	0.0374687	0.0537837	0.0175083	0.0121118	0.298536	0.0753803	0.00947568	0.101787	0.0189381	0.0120868	0.0174652	0.0109415	0.0410422	0.0148258	0.0895249
13	0.0835993	0.00193281	0.116332	0.458159	0.00220008	0.0184033	0.00432106	0.00712516	0.0562133	0.00684863	0.00341258	0.0512881	0.00600394	0.0507887	0.0503265	0.0306469	0.0383985	0.0110249	0.000864722	0.00211082
14	0.116235	0.0790868	0.0534026	0.130737	0.0440261	0.0122975	0.00995551	0.0088714	0.013229	0.0394233	0.0575738	0.00949435	0.0154002	0.128858	0.0141114	0.156642	0.0149236	0.0865961	0.00244639	0.00669041
15	0.032415	0.0388827	0.00507148	0.00820098	0.0633862	0.00496399	0.0176876	0.100199	0.00459385	0.323972	0.0591614	0.00443175	0.00339446	0.00352596	0.00770084	0.00891551	0.00867575	0.144019	0.120576	0.0402252
16	0.0659394	0.0147704	0.062801	0.0465446	0.0137207	0.0377527	0.0774041	0.0189452	0.110923	0.0465409	0.0169333	0.0309395	0.0179132	0.0770474	0.233111	0.0252569	0.0314236	0.0134687	0.00537016	0.0531945
17	0.190174	0.00965732	0.0945567	0.101156	0.00646272	0.0386419	0.0141317	0.00870867	0.0338472	0.0211901	0.00839242	0.0364296	0.106048	0.0272619	0.0230233	0.193783	0.0627888	0.018549	0.00168219	0.00351604
18	0.0315917	0.0365193	0.00155862	0.00160724	0.326982	0.00194709	0.0011259	0.0491247	0.00889584	0.147088	0.0324788	0.00135077	0.00104506	0.000892822	0.00178356	0.022304	0.00653253	0.0777746	0.00367312	0.245724
19	0.0136921	0.00830121	0.0029817	0.004225	0.0907408	0.00507552	0.0260195	0.0527423	0.0028365	0.445705	0.0966857	0.00611686	0.0063887	0.0023422	0.00499295	0.0068532	0.0111161	0.117872	0.0421031	0.0532093
20	0.0647264	0.00279509	0.0330241	0.349309	0.00382415	0.0148486	0.0513212	0.0134647	0.141647	0.0311033	0.00512761	0.00673978	0.00328721	0.107502	0.010071	0.0963676	0.0480494	0.0115853	0.00166935	0.0035368
21	0.03386	0.00981568	0.0563042	0.0503489	0.00483086	0.113888	0.0773287	0.00759865	0.0506262	0.0168398	0.00703351	0.0102625	0.139868	0.208793	0.152926	0.0210245	0.0189169	0.0112817	0.00287948	0.00557385
22	0.0349616	0.0407603	0.00187733	0.00249549	0.302236	0.00616597	0.00264818	0.048024	0.00959578	0.153229	0.0317792	0.00176805	0.00130659	0.00123372	0.00239266	0.0251797	0.0078691	0.0856711	0.0115451	0.22926
23	0.0745787	0.00518177	0.0886891	0.0455417	0.0612732	0.016788	0.116698	0.0645707	0.126704	0.04404	0.00880617	0.0453242	0.00735384	0.0142193	0.179888	0.0447792	0.0168506	0.016105	0.0112086	0.0114001
24	0.0220418	0.00997995	0.00324324	0.0023621	0.198045	0.00331512	0.00769847	0.160734	0.00805717	0.190096	0.033063	0.00486409	0.00187789	0.0016573	0.00251032	0.0242252	0.0163786	0.225806	0.00995765	0.0740866
25	0.0255414	0.0147236	0.0025357	0.00651635	0.0916763	0.0033232	0.0148777	0.0876634	0.00393766	0.327931	0.0498838	0.00487463	0.00217942	0.00148657	0.00491379	0.0105441	0.00859987	0.179968	0.0795391	0.0792843
26	0.0842023	0.0220449	0.00749266	0.0011471	0.0130032	0.00254543	0.00386626	0.245526	0.00219956	0.115518	0.0397258	0.00453941	0.00252248	0.00201273	0.00148511	0.010366	0.0283474	0.409732	0.000495255	0.00322888
27	0.0955002	0.0255221	0.00780899	0.00132312	0.00337289	0.00199649	0.00366701	0.245874	0.00166214	0.101935	0.0345264	0.00474728	0.00277458	0.00166986	0.00175489	0.00978498	0.030974	0.423814	0.000557165	0.000734335
28	0.0340173	0.0035183	0.0483629	0.263681	0.00491652	0.0109925	0.0194218	0.0920564	0.171975	0.0161856	0.00612241	0.0488731	0.00985695	0.0814076	0.0281241	0.039136	0.0651908	0.0495957	0.00302554	0.00354045
29	0.0816575	0.00502714	0.185288	0.052617	0.00618166	0.0857828	0.0131355	0.0115597	0.0359723	0.0290725	0.00968381	0.0365061	0.0239129	0.100956	0.0255382	0.0725075	0.199293	0.0189392	0.00216114	0.0042076
30	0.0657289	0.00513594	0.110252	0.16321	0.100611	0.0859793	0.00799179	0.0087224	0.011258	0.0465654	0.00794195	0.0103473	0.282279	0.00771611	0.0197886	0.0205916	0.0166044	0.0198066	0.00226054	0.0072087
31	0.131357	0.0842724	0.110148	0.358586	0.0102159	0.0192942	0.0104274	0.0473873	0.0149975	0.0195767	0.00803965	0.0151136	0.0592591	0.013029	0.0171252	0.0307437	0.0198731	0.0208357	0.0026527	0.00706521
32	0.124317	0.0117733	0.137807	0.123329	0.0340948	0.0185709	0.00690622	0.00638483	0.0264143	0.157709	0.0640199	0.0108921	0.0541552	0.0893927	0.0200539	0.0399794	0.024396	0.0408092	0.00246526	0.00653038
33	0.0127271	0.00189666	0.103698	0.188744	0.00287345	0.00462944	0.00314456	0.152308	0.0848102	0.00736866	0.0023934	0.111884	0.0190476	0.0456817	0.0292372	0.0277479	0.0609056	0.137819	0.00129965	0.00178436
34	0.122718	0.00320887	0.0347937	0.0163336	0.0102486	0.0105571	0.00878643	0.103208	0.024813	0.282213	0.116906	0.0128757	0.0046723	0.0685484	0.0312292	0.0164133	0.0210527	0.0948582	0.0132351	0.00332929
35	0.0738605	0.0206657	0.00679893	0.0566973	0.00177441	0.0418086	0.0683162	0.0190398	0.117476	0.0856118	0.0183157	0.0525245	0.0131869	0.0583574	0.256126	0.0202055	0.0543508	0.0144207	0.000818433	0.0196449
36	0.117627	0.00536609	0.105662	0.0136064	0.0100765	0.0228036	0.0745266	0.179566	0.0138345	0.119055	0.0145035	0.0145441	0.0063556	0.0148599	0.0239355	0.0336043	0.0977656	0.123997	0.00353599	0.004774
37	0.090669	0.00477693	0.101805	0.138081	0.0677761	0.0891633	0.0107641	0.0102739	0.0183288	0.138719	0.0191681	0.00983151	0.140479	0.0241435	0.0469529	0.0295321	0.0250451	0.0269655	0.00218752	0.00533638
38	0.0423765	0.00131836	0.350706	0.282339	0.00143459	0.0309323	0.0516438	0.00167615	0.0325705	0.0233944	0.00149254	0.0252293	0.04835	0.00339245	0.0213735	0.0165653	0.0176683	0.0406537	0.00616537	0.000718527
39	0.0587945	0.00625499	0.119151	0.160122	0.069262	0.242594	0.0166387	0.0103512	0.0278664	0.0412834	0.00818783	0.0226533	0.0584783	0.0200161	0.0280904	0.0446158	0.0340222	0.0245009	0.00230606	0.00481069
40	0.0216121	0.0185769	0.00188339	0.00401359	0.175366	0.00355335	0.0123904	0.0514557	0.0049741	0.305685	0.0563149	0.00371167	0.00323183	0.00127327	0.00483229	0.01189	0.00638053	0.12671	0.038986	0.147159
41	0.075561	0.0017302	0.363684	0.071049	0.00180075	0.0398866	0.00264485	0.00563297	0.0575217	0.00535104	0.0025059	0.144798	0.0240936	0.00521705	0.0138047	0.116446	0.0464927	0.019899	0.000725836	0.00115502
42	0.0679609	0.0709531	0.00942396	0.0105539	0.133088	0.102441	0.0110014	0.0122582	0.0155502	0.0832802	0.00873716	0.0144563	0.0062454	0.00712284	0.0109898	0.123515	0.0471396	0.114013	0.039939	0.111331
43	0.156381	0.00212265	0.234582	0.189819	0.0143481	0.0388508	0.0279817	0.00360737	0.0922654	0.017905	0.00658862	0.013696	0.0092063	0.0859792	0.0252218	0.0283711	0.0313923	0.0182107	0.00156156	0.00191015
44	0.0197524	0.00460082	0.00350476	0.00366724	0.133681	0.00530391	0.0108778	0.124169	0.00900873	0.218094	0.0281987	0.00728983	0.001802	0.00240113	0.00409591	0.0240965	0.0273905	0.298842	0.0127105	0.0605127
45	0.0300234	0.0331819	0.00167564	0.00227497	0.307464	0.00268963	0.00304602	0.0490978	0.00850411	0.164497	0.0370734	0.00170984	0.00147718	0.00108145	0.00247664	0.0204042	0.0066022	0.0859456	0.00790924	0.232865
46	0.0264355	0.003379	0.12883	0.00512474	0.00955126	0.0203794	0.00327636	0.00343519	0.0239086	0.00663199	0.00181661	0.110483	0.00320635	0.00401146	0.00538455	0.225784	0.405834	0.00986757	0.00095918	0.00170107
47	0.042575	0.00732991	0.0203321	0.0195951	0.0111227	0.185921	0.0155157	0.0126346	0.175723	0.0295744	0.0572965	0.0178677	0.0638116	0.0137793	0.094189	0.0308425	0.120166	0.0720174	0.00302778	0.00667791
48	0.220551	0.0023341	0.22332	0.0445215	0.00288576	0.0249516	0.0118978	0.00404552	0.037378	0.0122064	0.00613828	0.0766636	0.058739	0.0135414	0.055442	0.127027	0.0655568	0.00958021	0.00125472	0.00196593
49	0.137047	0.00974526	0.321064	0.115456	0.00626524	0.0548176	0.0634215	0.00469276	0.0422819	0.0176048	0.00584999	0.0141057	0.0143805	0.0730351	0.0538358	0.0220679	0.023681	0.0158058	0.0021134	0.00272873
50	0.152397	0.00452953	0.0112345	0.00919959	0.00587425	0.00819772	0.011696	0.142126	0.016536	0.038682	0.162243	0.00928798	0.00538764	0.143565	0.119154	0.0345209	0.0138788	0.0971337	0.0111754	0.00318081
51	0.0238292	0.00209623	0.100221	0.36173	0.00205819	0.00456783	0.00299446	0.0816962	0.0645554	0.00595986	0.00246804	0.103292	0.0102927	0.0480585	0.0360022	0.0209372	0.0563247	0.0704049	0.0009308	0.00158137
52	0.0549248	0.0011479	0.00462856	0.0839468	0.00129128	0.0542488	0.0182979	0.00268374	0.363442	0.00382917	0.00179768	0.0422138	0.00182783	0.0627128	0.228197	0.0188178	0.0359123	0.0033483	0.0148644	0.00186729
53	0.0264621	0.0243934	0.00312557	0.00777797	0.0751472	0.00324395	0.0171962	0.0911359	0.00269894	0.343337	0.0524787	0.00404182	0.00232198	0.00157209	0.00478677	0.00745824	0.00718465	0.16024	0.112291	0.0531069
54	0.0231194	0.0196502	0.00222056	0.00338339	0.180825	0.00311518	0.0109406	0.0678615	0.00581997	0.285485	0.043744	0.00409329	0.00246298	0.00119168	0.00358938	0.0147077	0.00838798	0.141861	0.0357923	0.141749
55	0.131787	0.00272153	0.117643	0.287742	0.00479731	0.0879656	0.0101782	0.0038173	0.0536626	0.020615	0.00622874	0.0143649	0.00806321	0.08155	0.0133798	0.0797257	0.0435683	0.0288559	0.00106514	0.00226888
56	0.348124	0.00542939	0.16524	0.0181459	0.00479342	0.0129219	0.0347353	0.00657536	0.00976687	0.0134471	0.00577423	0.0536569	0.102308	0.00817045	0.0298295	0.132315	0.0316982	0.0126868	0.00119368	0.00318706
57	0.092598	0.00412565	0.062625	0.0477407	0.0543878	0.0114761	0.0869811	0.0312305	0.140277	0.0566737	0.00578285	0.0577396	0.00496632	0.00975541	0.222764	0.0711761	0.0126632	0.0109239	0.00884193	0.00727145
58	0.0348841	0.006758	0.00316197	0.0346464	0.189805	0.0233683	0.0400867	0.013849	0.0231229	0.137744	0.0115979	0.00690238	0.00224914	0.00625581	0.0152334	0.00786785	0.00504394	0.0952243	0.128432	0.213767
59	0.197684	0.00434456	0.0352081	0.0692316	0.00759095	0.0205989	0.0149379	0.018448	0.0827386	0.0216688	0.00580495	0.174211	0.0109291	0.018601	0.0737256	0.118067	0.0492731	0.0676492	0.00438089	0.00490683
60	0.054084	0.00591963	0.127031	0.0715601	0.00808547	0.225599	0.00914603	0.0100493	0.0331736	0.0158686	0.00459456	0.0989763	0.0137685	0.0119393	0.0199209	0.219493	0.0520515	0.0131243	0.00175667	0.00385835
61	0.0444314	0.00896431	0.0643756	0.0615376	0.0141213	0.110536	0.216259	0.0564523	0.0213301	0.0664131	0.0105346	0.0147847	0.0096244	0.0154251	0.0739966	0.104436	0.0193143	0.0220641	0.00494847	0.0604516
62	0.285831	0.0234568	0.0213922	0.0242978	0.00335988	0.0702887	0.00864168	0.0087482	0.0223043	0.0189254	0.00288431	0.0520497	0.0271307	0.0346594	0.0135679	0.241406	0.122714	0.01479	0.00104072	0.00251107
63	0.17721	0.0672278	0.0260283	0.0698325	0.00576452	0.0320022	0.0385358	0.0141891	0.0503855	0.0352162	0.0101572	0.0200174	0.0126447	0.115036	0.246501	0.0226987	0.0249416	0.0180385	0.00405161	0.00952153
64	0.0665325	0.00846889	0.0307145	0.0266565	0.00943751	0.029375	0.0137126	0.0134722	0.0330413	0.0274737	0.0135853	0.0274597	0.0351963	0.0146214	0.272274	0.0468474	0.285134	0.030843	0.00528432	0.00986989
65	0.12399	0.101421	0.0117555	0.00910214	0.0174829	0.0258536	0.00971129	0.0100685	0.0137096	0.0151401	0.00540774	0.142463	0.00940032	0.00746858	0.0319867	0.331184	0.0465481	0.0235259	0.00248757	0.0612929
66	0.0243444	0.00722706	0.00471231	0.00328125	0.178776	0.00471524	0.00866555	0.18587	0.00831322	0.175957	0.0406721	0.00528058	0.00192563	0.00263677	0.00304194	0.0233482	0.017924	0.234949	0.00653359	0.061826
67	0.411282	0.0216796	0.012975	0.0100098	0.00495601	0.320398	0.00728578	0.00639625	0.00953861	0.0162788	0.00615197	0.00998811	0.0186365	0.00534157	0.0141453	0.0515452	0.033406	0.0337407	0.00216697	0.00407858
68	0.0310619	0.0356016	0.00172121	0.00173221	0.330959	0.00211915	0.00124053	0.0488855	0.00927855	0.147692	0.0318097	0.00145114	0.00110738	0.000988328	0.00192041	0.0225593	0.0065586	0.0762996	0.00359287	0.243421
69	0.0153622	0.00266099	0.00520435	0.00407779	0.0121209	0.00569034	0.0101649	0.0151962	0.00696516	0.740855	0.0709998	0.0103692	0.00551162	0.00856052	0.00560848	0.0182926	0.0250226	0.031194	0.00217893	0.0039649
70	0.0711681	0.00285599	0.00655893	0.00486566	0.048399	0.00568447	0.00912019	0.170448	0.019424	0.186123	0.150721	0.00529566	0.00465528	0.00395661	0.00557465	0.0113147	0.0185452	0.197051	0.00527003	0.072968
71	0.311884	0.0108456	0.0252804	0.018468	0.0112237	0.0220804	0.0141288	0.0256662	0.0222574	0.0355273	0.206123	0.0177533	0.015363	0.0224217	0.0299478	0.122069	0.0290233	0.0389936	0.00714003	0.0138039
72	0.0358126	0.00551494	0.0155031	0.0140157	0.0153033	0.0147358	0.0117489	0.0093819	0.212043	0.11567	0.0120957	0.0127898	0.00845373	0.0115631	0.0761848	0.0217934	0.14212	0.0181958	0.140995	0.10608
73	0.179049	0.0159166	0.0163795	0.0723723	0.00449833	0.0275828	0.0226744	0.0100798	0.157249	0.0232809	0.00663727	0.0249489	0.00706572	0.0712938	0.285532	0.0209673	0.028558	0.0138517	0.00583072	0.00623308
74	0.0888044	0.00603208	0.0843512	0.0354609	0.0354295	0.0184261	0.0814415	0.0490174	0.128208	0.0398451	0.00702825	0.060861	0.00643252	0.0174272	0.255513	0.0386435	0.0172621	0.0119695	0.00741103	0.0104355
75	0.0829174	0.0688426	0.0119218	0.0108461	0.201055	0.0202458	0.00766889	0.0118867	0.0179194	0.0204834	0.00757937	0.0277862	0.00792743	0.008919	0.0156844	0.301934	0.13081	0.0256494	0.00438194	0.0155409
76	0.0321621	0.00147303	0.00423257	0.00219123	0.089571	0.00387651	0.00953396	0.267739	0.00486567	0.188254	0.0938743	0.00282833	0.0013643	0.00310082	0.00208932	0.0142344	0.0183204	0.238158	0.00232994	0.0198012
77	0.0368866	0.00240481	0.585579	0.117415	0.00427433	0.0194751	0.0170691	0.00331896	0.0171094	0.0499475	0.00617019	0.0278831	0.0246649	0.0139753	0.0168031	0.0204595	0.0161254	0.0163857	0.0019491	0.00210345
78	0.0307678	0.00165669	0.504864	0.19162	0.00153795	0.0228982	0.0369956	0.00204719	0.0211481	0.0346631	0.00152672	0.0292655	0.0428948	0.00423637	0.0156004	0.0130168	0.0131491	0.0270064	0.0042039	0.000900767
79	0.0358442	0.005659	0.565271	0.0414222	0.00254162	0.0246379	0.00450368	0.00441573	0.0225912	0.0112976	0.00591282	0.115722	0.0110497	0.00434366	0.0261404	0.0765534	0.029696	0.0103772	0.000832333	0.00118898
80	0.0574753	0.0937489	0.0137194	0.00685601	0.0170398	0.00820976	0.00428837	0.0243686	0.0319973	0.0216293	0.00320542	0.120812	0.0055994	0.00448871	0.00839795	0.23069	0.254	0.0882368	0.00207905	0.00315763
81	0.0308838	0.0166661	0.00235894	0.00621289	0.130115	0.00444625	0.0113863	0.0728561	0.00531061	0.28822	0.0379342	0.00468111	0.00159102	0.0013683	0.00443311	0.0168519	0.00905938	0.179482	0.0633433	0.1128
82	0.122471	0.00221086	0.0562489	0.055422	0.00488722	0.0802202	0.0141664	0.00882789	0.0390986	0.0167222	0.00326329	0.071444	0.195816	0.0298404	0.025846	0.12577	0.117012	0.0277644	0.0013157	0.00165389
83	0.126955	0.00254458	0.0362362	0.0594204	0.00190849	0.0670493	0.00831238	0.00841061	0.0598814	0.0402848	0.00172829	0.072631	0.0146087	0.0304633	0.02417	0.223106	0.214564	0.00579279	0.000807161	0.00112637
84	0.0246908	0.00920508	0.0608801	0.0223085	0.00493566	0.622636	0.00498126	0.00426746	0.014527	0.0156171	0.00257615	0.0220508	0.00931246	0.00624606	0.050033	0.0839287	0.0232082	0.00824904	0.00149782	0.00884939
85	0.0567491	0.00307081	0.0747397	0.149351	0.0464606	0.00861711	0.0895893	0.0556525	0.107628	0.100428	0.0258316	0.0465908	0.00449476	0.0296738	0.0255137	0.0443292	0.00855062	0.0335029	0.0464588	0.0427681
86	0.136444	0.00147665	0.286125	0.092363	0.00522872	0.0222747	0.00527693	0.00208708	0.0453648	0.103292	0.0258815	0.0220379	0.0375335	0.0773484	0.0207132	0.0432226	0.0441069	0.0266862	0.0010121	0.00152473
87	0.016644	0.00371542	0.00284641	0.00195646	0.174765	0.00303354	0.00848813	0.175181	0.00818881	0.186273	0.0307326	0.0056423	0.00120704	0.0016055	0.002074	0.0246661	0.0210691	0.277949	0.00256124	0.0514006
88	0.0202143	0.00774782	0.651213	0.0395281	0.00185908	0.0141157	0.00586795	0.00310829	0.0129827	0.0150419	0.00807481	0.109937	0.00967397	0.00378188	0.0345925	0.0376755	0.0134573	0.00905448	0.000800967	0.00127264
89	0.251031	0.00443008	0.0175452	0.0136075	0.00870044	0.0279274	0.00574245	0.0101118	0.00770558	0.0154908	0.0123753	0.00668987	0.366309	0.00547966	0.0219631	0.020102	0.0266202	0.162475	0.00159347	0.0140997
90	0.0165287	0.00145775	0.00310031	0.00213031	0.16129	0.00303535	0.00884505	0.192428	0.00827285	0.189318	0.0331656	0.0062068	0.00125012	0.00168207	0.00208414	0.0258298	0.0210198	0.283901	0.00349372	0.0349599
91	0.177349	0.000804089	0.12435	0.289636	0.00325801	0.0730235	0.00899659	0.00182417	0.0576487	0.0168432	0.00326166	0.00388082	0.00301078	0.0901665	0.00493473	0.0497514	0.0510383	0.0386174	0.00043573	0.00116895
92	0.0551717	0.00297949	0.0173248	0.109085	0.00185854	0.0590898	0.0226303	0.00512141	0.298262	0.00973068	0.0032327	0.0380437	0.00598292	0.0795084	0.209745	0.0201687	0.0406568	0.0056038	0.0127248	0.00307994
93	0.0678106	0.0152421	0.0404351	0.0398916	0.0206246	0.0426605	0.378979	0.0263013	0.0351046	0.0494763	0.0124435	0.0271094	0.0179019	0.0256437	0.0555732	0.0468285	0.0336712	0.0345353	0.010782	0.0189853
94	0.0867844	0.00174881	0.0101861	0.00599918	0.0196819	0.00533185	0.00603801	0.186371	0.00619128	0.343987	0.123804	0.00666402	0.00185868	0.007384	0.00556447	0.00705535	0.0181638	0.144885	0.00306638	0.00923414
95	0.15802	0.00118501	0.0366483	0.0839178	0.00160479	0.00648874	0.00200419	0.0530938	0.0613734	0.0126706	0.00163171	0.0559965	0.00272959	0.065095	0.0764304	0.116926	0.127812	0.134555	0.000681172	0.00113641
96	0.0657913	0.00888016	0.0436696	0.0255993	0.0121454	0.0522517	0.0709718	0.0128225	0.0416378	0.0363821	0.0100783	0.250894	0.0161451	0.0147804	0.0406224	0.062837	0.200355	0.0241519	0.00376294	0.00622143
97	0.0421431	0.00584814	0.0733203	0.0177738	0.014354	0.163902	0.0143664	0.238121	0.0134645	0.227191	0.0368488	0.012615	0.0086778	0.0104709	0.0152452	0.0261321	0.0216177	0.0455158	0.00557057	0.00682225
98	0.0741051	0.0208342	0.00683204	0.057322	0.00178018	0.0418798	0.067834	0.0193393	0.118203	0.0848925	0.018415	0.0517113	0.0133507	0.0581091	0.255385	0.020257	0.0552139	0.0143397	0.000819401	0.0193768
99	0.0656412	0.0890706	0.00737607	0.00561754	0.0132307	0.0064554	0.00302436	0.031552	0.0383041	0.0230268	0.00250818	0.0940069	0.00439564	0.00334665	0.00542907	0.261838	0.263757	0.0776879	0.00120331	0.00252854
100	0.0557304	0.00869866	0.0294839	0.0850585	0.0126945	0.0245211	0.0127603	0.0218315	0.120639	0.0300412	0.00955014	0.0269717	0.115386	0.018821	0.0259936	0.208986	0.0429962	0.138895	0.00395288	0.00698887
101	0.347885	0.0386421	0.0108079	0.00781349	0.00502697	0.0759686	0.0077178	0.00763276	0.00746451	0.0133179	0.00450519	0.0285424	0.023589	0.0154752	0.00790146	0.303057	0.0734667	0.0160155	0.00167458	0.00349572
102	0.0374857	0.00232207	0.181185	0.0242587	0.00644673	0.0520327	0.00353332	0.00505974	0.0313635	0.00731329	0.00184888	0.119604	0.00596046	0.00551955	0.00861666	0.198562	0.296893	0.00946388	0.00103	0.00150113
103	0.0956326	0.00204705	0.147954	0.124218	0.00301956	0.0560501	0.0158486	0.0104008	0.0767286	0.0235711	0.00721506	0.0467664	0.0955302	0.0387536	0.0354266	0.105575	0.0938927	0.0184871	0.00136529	0.00151651
104	0.0145366	0.00220195	0.00480909	0.0180087	0.21053	0.0374053	0.10334	0.0039969	0.0286842	0.176207	0.00653824	0.0301354	0.00634869	0.0298366	0.0234876	0.0065792	0.00597256	0.0333631	0.0577592	0.20026
105	0.0305085	0.00409118	0.00409173	0.0315305	0.205201	0.0257675	0.0432167	0.00488757	0.0249207	0.103689	0.00651323	0.00818715	0.00499097	0.00722847	0.0175046	0.00814385	0.00658683	0.0784884	0.146732	0.237721
106	0.022562	0.00694797	0.00637518	0.00823643	0.133041	0.00945471	0.0302784	0.107531	0.00979561	0.240767	0.0398709	0.00726797	0.00290371	0.00355101	0.00588223	0.0183091	0.0196192	0.234667	0.0324677	0.0604717
107	0.0515192	0.0103739	0.0709215	0.0258246	0.00888461	0.0397699	0.0190233	0.0131044	0.0293865	0.025082	0.0114274	0.499713	0.012865	0.0133107	0.0300887	0.0510659	0.0495555	0.0278046	0.00420178	0.00607761
108	0.127998	0.00364095	0.0527087	0.101011	0.0105474	0.169408	0.0137626	0.00889553	0.0477151	0.0321729	0.0051483	0.0448286	0.0356282	0.0294944	0.0317558	0.0906883	0.168765	0.0194971	0.00220204	0.00413147
109	0.0199581	0.0079095	0.00330984	0.00354114	0.135071	0.0043166	0.0131628	0.108319	0.00752577	0.284155	0.0460037	0.00665096	0.00308486	0.00227644	0.00383696	0.0194118	0.0165759	0.224982	0.0265451	0.063364
110	0.0301789	0.0271634	0.00280207	0.00771843	0.295055	0.00752787	0.0124333	0.0390115	0.0115362	0.131682	0.0265694	0.00371134	0.0138006	0.00325975	0.00567142	0.0195462	0.00746591	0.0728376	0.0216564	0.260373
111	0.0368265	0.002632	0.562504	0.102342	0.0013567	0.0296863	0.0102038	0.0059746	0.029025	0.0195994	0.00286957	0.0688737	0.0177257	0.00852954	0.0187799	0.0439181	0.0254671	0.0116447	0.00110341	0.000938206
112	0.0846547	0.0144674	0.0341203	0.0368164	0.0356121	0.031253	0.0174704	0.0309799	0.0273905	0.167492	0.0179258	0.0182346	0.265759	0.0255067	0.0259619	0.050763	0.0348013	0.0543409	0.00610468	0.0203448
113	0.0222274	0.00437527	0.0114104	0.0120827	0.311926	0.0185749	0.0659313	0.00791632	0.00981566	0.0256207	0.0139551	0.00911564	0.208665	0.00724077	0.0114196	0.0146269	0.0121713	0.0126844	0.00567603	0.214565
114	0.0522897	0.0324901	0.00734033	0.00607499	0.00258471	0.0249518	0.0244039	0.00467275	0.0097937	0.00800462	0.00361959	0.0047374	0.00374533	0.0249859	0.720428	0.0497996	0.00917703	0.00661126	0.00118306	0.00310597
115	0.0474359	0.00177075	0.359683	0.270557	0.00160075	0.0278071	0.0456802	0.00202187	0.0396509	0.0218733	0.00153414	0.0256001	0.0528216	0.00422084	0.019125	0.0145368	0.0157582	0.0419741	0.00556947	0.000778404
116	0.07571	0.0146541	0.0390033	0.0288649	0.00946425	0.449795	0.00889934	0.00776484	0.015519	0.021943	0.0050165	0.0297965	0.0157898	0.010602	0.0407089	0.154996	0.041931	0.0176369	0.00255975	0.00934562
117	0.374914	0.00572414	0.0132448	0.00921691	0.00470117	0.0110581	0.00516736	0.00808748	0.00824448	0.0130824	0.0048636	0.012455	0.00961497	0.00820531	0.010065	0.0534042	0.307342	0.132896	0.00171994	0.00599295
118	0.0565499	0.00734808	0.201593	0.06705	0.00960252	0.282877	0.0179798	0.0137561	0.0401918	0.0267808	0.0070386	0.065885	0.0196936	0.0203933	0.038886	0.063233	0.0377374	0.0161127	0.00239451	0.00489714
119	0.028985	0.0291584	0.00289307	0.0039461	0.329435	0.00420705	0.00856277	0.0391059	0.00981475	0.123966	0.0261375	0.00252894	0.0175463	0.00228484	0.00352083	0.0211434	0.00671082	0.0647481	0.0109923	0.264312
120	0.0782601	0.0227143	0.0218959	0.0130743	0.0395275	0.0139248	0.00919162	0.139878	0.0130271	0.115098	0.0302598	0.0134904	0.0114312	0.00817417	0.0118508	0.0291581	0.0410536	0.355848	0.0114972	0.0206453
121	0.0760092	0.01643	0.0354103	0.0412352	0.0110358	0.047036	0.033886	0.0180916	0.0655052	0.0375571	0.014306	0.0244799	0.0171376	0.0350219	0.379033	0.0504988	0.0427138	0.0297339	0.0125003	0.012378
122	0.0199429	0.00971467	0.0219696	0.00706816	0.00394323	0.734263	0.00491779	0.00328647	0.0096387	0.016042	0.00341437	0.00670088	0.00788584	0.00422027	0.0582146	0.0529719	0.0164115	0.00871837	0.00154627	0.00912894
123	0.0296944	0.0280314	0.00223888	0.00700038	0.308124	0.00644765	0.0114497	0.0386247	0.0107949	0.124835	0.025461	0.00290907	0.0120572	0.00228094	0.0051583	0.0193041	0.00731357	0.0723412	0.0196052	0.266328
124	0.149075	0.00395523	0.0223182	0.0159269	0.0164938	0.0296488	0.00527255	0.00614503	0.00759606	0.0146778	0.00418569	0.00955676	0.59973	0.00617624	0.0172057	0.0257072	0.0228419	0.0373217	0.00144809	0.00471783
125	0.0305225	0.0332902	0.00199582	0.00277332	0.320866	0.00303237	0.00406671	0.0451789	0.00930215	0.138038	0.0324234	0.00168465	0.00893298	0.0013135	0.00290305	0.0209504	0.00661223	0.0737098	0.00750851	0.254896
126	0.213344	0.00992453	0.0783237	0.0329801	0.00597571	0.041913	0.0158784	0.00887106	0.0298616	0.0189306	0.00657009	0.0758745	0.0926137	0.021238	0.0640476	0.184406	0.0728431	0.0192525	0.0020029	0.0051491
127	0.136345	0.00528644	0.0118364	0.00664731	0.0151621	0.00888185	0.00634315	0.0288997	0.0527318	0.259547	0.15323	0.0181396	0.00459685	0.0802965	0.0666583	0.0219667	0.0270515	0.0399709	0.0533735	0.00303498
128	0.062119	0.00596914	0.0168911	0.0133401	0.00829153	0.0636866	0.0202473	0.0285588	0.0492746	0.06876	0.290282	0.0246167	0.00955669	0.0401475	0.198559	0.0260329	0.028326	0.0300039	0.00622658	0.00911123
129	0.116525	0.00363594	0.0679868	0.2706	0.00576252	0.0525875	0.0103665	0.00728275	0.0297948	0.0967493	0.0135032	0.0162924	0.0106212	0.0326652	0.0381698	0.11997	0.084654	0.0190272	0.00154208	0.00226431
130	0.0956568	0.00438987	0.132126	0.0384427	0.00486552	0.0792513	0.00832322	0.00701136	0.0402053	0.0217325	0.00383626	0.0764026	0.0207855	0.0235365	0.0214809	0.160374	0.245483	0.0119958	0.00161085	0.00248975
131	0.0740854	0.0335766	0.0207833	0.00331373	0.00231889	0.00521872	0.00351169	0.0693984	0.0041499	0.0505288	0.0120387	0.00453754	0.0179496	0.00271997	0.00672748	0.013673	0.0576099	0.614881	0.00100283	0.00197449
132	0.114334	0.00140524	0.0524314	0.0621088	0.0013632	0.0773644	0.0221129	0.0111839	0.0693404	0.0196189	0.00205494	0.0334864	0.151369	0.0547431	0.0347595	0.140349	0.142432	0.00806174	0.000417232	0.00106408
133	0.178631	0.105412	0.0192801	0.0147534	0.0104151	0.0364159	0.0102884	0.0158908	0.0173684	0.0210523	0.00577458	0.0352881	0.0644074	0.0135581	0.0171883	0.184171	0.20631	0.0359447	0.00274746	0.00510292
134	0.222564	0.0131879	0.0109482	0.00794969	0.00575232	0.0429003	0.00736855	0.0639989	0.010588	0.0426609	0.0555627	0.00930042	0.0291801	0.00824002	0.0138366	0.0190987	0.0272726	0.39092	0.00168243	0.0169875
135	0.109562	0.0267247	0.00632773	0.000984741	0.00216622	0.00204126	0.00336777	0.227353	0.00132667	0.11826	0.0426167	0.00423893	0.00307008	0.0012886	0.00148325	0.00912971	0.0324669	0.405947	0.000462572	0.00118205
136	0.0725065	0.0164189	0.0891305	0.0397461	0.0101109	0.053824	0.0112892	0.0155902	0.0830476	0.0231005	0.00538105	0.170844	0.0129829	0.0130644	0.0276972	0.21618	0.103142	0.0263248	0.0028641	0.00675532
137	0.190577	0.101541	0.0271997	0.0238497	0.0106605	0.0242823	0.119863	0.0126512	0.0196785	0.0804505	0.0114344	0.0156332	0.0125715	0.168949	0.0386375	0.0828881	0.0207373	0.0271055	0.00416573	0.00712526
138	0.022856	0.00871699	0.0254741	0.00967197	0.00544297	0.728019	0.00673047	0.00437874	0.00868193	0.0167925	0.00356628	0.0081216	0.0111854	0.00544687	0.0433336	0.0483803	0.0235572	0.00994593	0.00166503	0.00803261
139	0.0271821	0.00652486	0.0129628	0.012261	0.0244131	0.0127857	0.0153647	0.0272302	0.0147967	0.601392	0.0490289	0.01298	0.0116487	0.0132333	0.0131697	0.0474961	0.0290448	0.0467545	0.00861351	0.0131176
140	0.0378692	0.00818679	0.0167981	0.0144485	0.0266513	0.018575	0.0124261	0.0176732	0.020101	0.051389	0.0122963	0.0148451	0.00877167	0.0102154	0.0189294	0.0979558	0.0210315	0.0275631	0.548329	0.0159449
141	0.029247	0.00460959	0.011321	0.0101164	0.00629395	0.0115528	0.00640106	0.020113	0.0427237	0.391038	0.11553	0.0223916	0.00698275	0.0120104	0.0155024	0.0489953	0.157131	0.078696	0.00486889	0.00447475
142	0.0302066	0.00480617	0.151227	0.0198754	0.00542306	0.252877	0.0448448	0.00940606	0.0503435	0.0183682	0.00590805	0.270245	0.00558334	0.00716353	0.0340515	0.0383584	0.0321899	0.0125633	0.00238291	0.00417586
143	0.0814101	0.00809043	0.0725186	0.0129052	0.00958035	0.0132112	0.0115606	0.141676	0.0144204	0.202999	0.022912	0.0374005	0.00529099	0.0138313	0.0115585	0.0265937	0.0401519	0.266446	0.00203764	0.00540534
144	0.178937	0.00241213	0.0205243	0.0119995	0.00967663	0.0270149	0.00365561	0.00379371	0.00520253	0.00814833	0.00242041	0.00510887	0.621643	0.00359668	0.011627	0.0227763	0.0172092	0.0411336	0.00107487	0.00204561
145	0.0308372	0.00570052	0.636293	0.0700591	0.00283484	0.0208223	0.0120218	0.00504801	0.017562	0.0240023	0.00496516	0.0541041	0.0155183	0.00986559	0.0229282	0.0326598	0.0192279	0.0122259	0.00130481	0.0020191
146	0.0188459	0.00847259	0.00370695	0.00947572	0.095316	0.00734224	0.0303599	0.0490245	0.00754553	0.355581	0.0468799	0.00877899	0.00440547	0.00331567	0.00773083	0.00962004	0.00844862	0.147563	0.0573212	0.120266
147	0.0292919	0.00520157	0.627509	0.0693166	0.00255195	0.0208293	0.0120885	0.00460532	0.0165937	0.0244194	0.0052826	0.0583432	0.018421	0.00848492	0.02449	0.0324386	0.0223109	0.0137334	0.00193396	0.0021541
148	0.50126	0.0208593	0.0190886	0.0126617	0.00730176	0.0597503	0.00545783	0.00841294	0.00734194	0.0163904	0.00598709	0.0106629	0.152497	0.00683921	0.0157712	0.0515967	0.036562	0.0526167	0.00122344	0.00771963
149	0.185925	0.0173583	0.00877581	0.00409128	0.00315424	0.010494	0.00436115	0.133485	0.00551927	0.0631373	0.0527006	0.006127	0.0488159	0.00361159	0.00673066	0.0120722	0.034062	0.37011	0.00137141	0.0280976
150	0.0628866	0.0115465	0.022789	0.0251735	0.0106175	0.0275931	0.0229502	0.0167514	0.0475484	0.0302461	0.0141605	0.0230388	0.0238077	0.0203542	0.339919	0.03578	0.222575	0.0283505	0.00471716	0.009195
151	0.179499	0.00801653	0.0191193	0.0181379	0.00907987	0.0171232	0.0707445	0.166481	0.0203188	0.0340997	0.0351761	0.0136562	0.00774513	0.0987747	0.151965	0.0277673	0.0259005	0.0455101	0.0455625	0.00532232
152	0.177692	0.00649423	0.0137942	0.00811433	0.00930358	0.0086315	0.00668731	0.142468	0.00919203	0.318752	0.0983038	0.00774271	0.0045535	0.0118891	0.0110629	0.0108969	0.0170011	0.123572	0.00371335	0.0101355
153	0.0967086	0.0573518	0.0182831	0.0180896	0.0104841	0.0177382	0.0162825	0.0158427	0.105331	0.103052	0.0197295	0.0610993	0.00969334	0.16588	0.0307211	0.0295434	0.0247015	0.187005	0.00555998	0.00690287
154	0.0704588	0.00456313	0.0570281	0.028353	0.0069573	0.0873952	0.0131721	0.00732818	0.0845944	0.027594	0.00710574	0.115527	0.0132861	0.0171234	0.0371181	0.11353	0.289016	0.0139617	0.00227572	0.00361164
155	0.138246	0.00459007	0.0517674	0.0133769	0.00646217	0.0204807	0.00831073	0.0088608	0.0126991	0.0162119	0.00526223	0.0132147	0.298688	0.00928125	0.20723	0.0214011	0.126099	0.0304158	0.00256725	0.00483539
156	0.0757579	0.0206265	0.00737079	0.0568526	0.00192175	0.0448373	0.0693378	0.0192416	0.114441	0.0831443	0.0174214	0.0517856	0.012531	0.0539802	0.257114	0.0222748	0.0561823	0.0156478	0.000849925	0.0186824
157	0.0971739	0.00212496	0.0712164	0.313596	0.00410889	0.0290879	0.0359926	0.0077791	0.0873512	0.0550819	0.00850516	0.0085634	0.00638051	0.0897946	0.0128387	0.0944929	0.0547107	0.0167657	0.00165088	0.00278418
158	0.115027	0.00406838	0.0277199	0.0403213	0.00371639	0.0779114	0.0134978	0.0104405	0.136027	0.0242134	0.00497555	0.0517911	0.0206474	0.0223847	0.119214	0.10194	0.202687	0.0174408	0.00270734	0.00326881
159	0.140314	0.00114525	0.0634869	0.067582	0.00149685	0.05563	0.00830134	0.0181549	0.0448241	0.0431695	0.00369458	0.0899296	0.0217043	0.0370544	0.0428994	0.144552	0.182412	0.0316359	0.000810325	0.00120251
160	0.134385	0.000793535	0.0467481	0.0613117	0.000867422	0.0739239	0.0108034	0.00933308	0.0557728	0.0327023	0.00151162	0.0685226	0.0341356	0.0426421	0.0257167	0.206259	0.189262	0.00425487	0.000378915	0.000675779
161	0.174345	0.0127577	0.0163693	0.0128761	0.153073	0.017693	0.0119269	0.010605	0.0191611	0.0204981	0.00954361	0.0698714	0.00938777	0.00924039	0.152957	0.0929309	0.0713514	0.0237444	0.00470951	0.106959
162	0.0315917	0.0365193	0.00155862	0.00160724	0.326982	0.00194709	0.0011259	0.0491247	0.00889584	0.147088	0.0324788	0.00135077	0.00104506	0.000892822	0.00178356	0.022304	0.00653253	0.0777746	0.00367312	0.245724
163	0.0819806	0.0156858	0.0303371	0.0375136	0.0193881	0.166772	0.030582	0.0212094	0.0445527	0.0569593	0.0198939	0.0296002	0.0290661	0.0221806	0.127963	0.0574277	0.0467011	0.141825	0.00707745	0.0132846
164	0.0636868	0.00126733	0.235375	0.0949016	0.00178314	0.118426	0.00577433	0.00620406	0.0971712	0.00824621	0.00304579	0.149788	0.0120064	0.0119685	0.0395936	0.0881712	0.0542196	0.00664852	0.000784199	0.000938406
165	0.158667	0.00309751	0.186628	0.0825156	0.00854192	0.0239244	0.00585758	0.00475716	0.0462283	0.0957006	0.0464179	0.0225347	0.0524988	0.0737866	0.0400157	0.063365	0.058296	0.0234693	0.00147327	0.00222544
166	0.081714	0.00676065	0.129992	0.0155844	0.00723733	0.0171971	0.0181976	0.207104	0.0149134	0.0593351	0.00942105	0.0162141	0.00762818	0.0152224	0.0133416	0.0859282	0.0731277	0.214588	0.00197409	0.00451825
167	0.0160079	0.00276707	0.004083	0.00312315	0.0844706	0.00534408	0.0226913	0.0891963	0.005128	0.343547	0.232679	0.005356	0.00521365	0.00258917	0.00444665	0.00674348	0.0121161	0.101235	0.0117898	0.041473
168	0.0566593	0.0237179	0.0262078	0.0148196	0.0248361	0.0135199	0.00999835	0.0467345	0.0179929	0.101243	0.012159	0.0242475	0.0108784	0.0100182	0.0173675	0.123486	0.13418	0.319221	0.00311728	0.00959613
169	0.100221	0.027834	0.00635605	0.000966454	0.00151063	0.00179466	0.00345888	0.235806	0.00108185	0.102748	0.0340981	0.0041212	0.00274009	0.000906632	0.00141625	0.00884375	0.0320334	0.433097	0.000439531	0.000526201
170	0.340066	0.0241327	0.0236061	0.0155148	0.00424168	0.0821866	0.0102189	0.00820609	0.0137634	0.0160541	0.00452854	0.0255921	0.105171	0.0197209	0.0143715	0.203254	0.063087	0.0222563	0.00112915	0.00289981
171	0.0765731	0.0189241	0.00731959	0.0591791	0.0023614	0.0384462	0.0626856	0.0178458	0.117202	0.0847664	0.0200147	0.0473039	0.0124203	0.0550747	0.259225	0.0276963	0.0537397	0.0173663	0.00111072	0.0207449
172	0.0365808	0.00355524	0.142966	0.0346347	0.00481081	0.281775	0.015975	0.00747247	0.113631	0.0146277	0.00416084	0.153339	0.00648703	0.00805131	0.0809949	0.0396408	0.0373859	0.00912695	0.00159953	0.00318408
173	0.184318	0.00410014	0.0425283	0.0451548	0.00253511	0.0101068	0.00351914	0.0353434	0.0250598	0.0193772	0.00302911	0.0619197	0.00479955	0.0483871	0.0372269	0.12623	0.185515	0.157773	0.00123746	0.00183951
174	0.0185102	0.00831993	0.00266356	0.0124165	0.138962	0.0130609	0.0327966	0.0304055	0.0109854	0.29867	0.0560833	0.00750697	0.00437326	0.00566795	0.0150124	0.00654585	0.00471209	0.101149	0.0840161	0.148143
175	0.0315917	0.0365193	0.00155862	0.00160724	0.326982	0.00194709	0.0011259	0.0491247	0.00889584	0.147088	0.0324788	0.00135077	0.00104506	0.000892822	0.00178356	0.022304	0.00653253	0.0777746	0.00367312	0.245724
176	0.18105	0.00832487	0.0246651	0.0230547	0.00580924	0.0308517	0.00878754	0.00934988	0.0178331	0.0227972	0.00532924	0.0170931	0.270888	0.0120009	0.0473996	0.0460082	0.223193	0.0329814	0.00224254	0.0103402
177	0.0328065	0.00140826	0.00373157	0.00188839	0.0785445	0.00336597	0.0111973	0.231263	0.00514095	0.207148	0.106127	0.00312251	0.0013121	0.00298014	0.00173499	0.0125209	0.0224765	0.248081	0.00308809	0.0220619
178	0.0600296	0.189335	0.0153384	0.0114631	0.0127532	0.0156791	0.00863289	0.0104846	0.0149289	0.0177019	0.00555645	0.13616	0.00832432	0.00803128	0.0864967	0.320559	0.0366401	0.020706	0.00236134	0.0188178
179	0.200905	0.0801878	0.0140371	0.00847507	0.0157182	0.0685336	0.00867415	0.0103127	0.0120372	0.0152504	0.00297824	0.0420738	0.0206785	0.0118794	0.0103306	0.331505	0.120703	0.0175284	0.00198533	0.00620684
180	0.0722109	0.00443709	0.0136996	0.00967424	0.00758963	0.0113706	0.00885842	0.206733	0.0110277	0.032134	0.198203	0.00943527	0.00572651	0.145704	0.0516088	0.0743854	0.0140671	0.115403	0.00450693	0.00322533
181	0.0504941	0.00897791	0.0702681	0.0287872	0.0110677	0.040715	0.0182731	0.0159957	0.0325199	0.0246905	0.00916372	0.495525	0.013549	0.0149687	0.0288778	0.0496126	0.0483718	0.0248484	0.00548428	0.00780971
182	0.0416987	0.00741084	0.00746488	0.00370249	0.0431813	0.00484709	0.00945199	0.126016	0.00706626	0.322377	0.0641146	0.0116055	0.00247483	0.0039468	0.0038145	0.0150604	0.0514475	0.252778	0.00688973	0.0146512
183	0.700944	0.0344729	0.00204237	0.00156763	0.000890042	0.106422	0.00128425	0.00139109	0.00141979	0.0100788	0.00101663	0.00197498	0.00945067	0.00148038	0.00195556	0.0579183	0.0219305	0.0425626	0.000480281	0.000717281
184	0.0214161	0.00784318	0.0032727	0.00239668	0.186985	0.00381143	0.0078473	0.166729	0.00901724	0.181206	0.0339126	0.00527407	0.00159971	0.00182037	0.00302929	0.0243892	0.0184064	0.247531	0.00502187	0.0684908
185	0.0116779	0.0195567	0.548842	0.00949474	0.00267068	0.00741989	0.00429911	0.00445619	0.0054878	0.00857863	0.0200418	0.210899	0.00353763	0.00396385	0.0769945	0.0392405	0.00806642	0.0114564	0.00142066	0.00189556
186	0.0599765	0.0127625	0.0180339	0.0388487	0.00551839	0.0319201	0.0284232	0.0102541	0.138627	0.0241874	0.00802681	0.0290666	0.00876742	0.035703	0.453916	0.0360474	0.0360216	0.0111445	0.00542171	0.00733304
187	0.0418223	0.00166177	0.106293	0.609086	0.00164829	0.00403735	0.00281553	0.00538653	0.0284747	0.00559375	0.00316804	0.0306912	0.00339605	0.0485402	0.0421636	0.0285459	0.0265637	0.00714522	0.000770016	0.00219714
188	0.101205	0.00977454	0.0101749	0.00547427	0.00802792	0.00479587	0.00544864	0.102267	0.00509588	0.35277	0.0658195	0.00922052	0.00338331	0.00492113	0.00538082	0.00926174	0.0249316	0.259348	0.00549182	0.00720816
189	0.0806595	0.0175387	0.00498296	0.00132719	0.0173942	0.00222464	0.00355043	0.271567	0.0022539	0.126245	0.0559319	0.00347029	0.00214144	0.00170451	0.00144847	0.00906963	0.0251501	0.367823	0.000554125	0.00496297
190	0.0450075	0.00927669	0.047774	0.0227863	0.0108391	0.553714	0.0111859	0.0153937	0.0242163	0.0322158	0.0171545	0.0224572	0.013876	0.0126911	0.0480962	0.0538868	0.0308649	0.0156306	0.00238581	0.0105473
191	0.181248	0.00150933	0.0187272	0.0108833	0.0090324	0.0271253	0.00249934	0.00302178	0.00362767	0.0064281	0.0020186	0.00406913	0.638842	0.00248625	0.0107925	0.0178402	0.0136805	0.0438772	0.00101839	0.00127246
192	0.670048	0.042442	0.00255209	0.00212482	0.00199002	0.102287	0.00207772	0.0030143	0.0021116	0.017523	0.00117785	0.00271461	0.00926748	0.00202204	0.00347944	0.0575834	0.0233604	0.0515329	0.000957759	0.00173275
193	0.030445	0.0355786	0.00156027	0.00169872	0.315366	0.00232758	0.00193178	0.0475753	0.00846312	0.157628	0.0441494	0.00141597	0.00156563	0.000928886	0.00216674	0.0213064	0.0065704	0.0758424	0.00504407	0.238436
194	0.0315917	0.0365193	0.00155862	0.00160724	0.326982	0.00194709	0.0011259	0.0491247	0.00889584	0.147088	0.0324788	0.00135077	0.00104506	0.000892822	0.00178356	0.022304	0.00653253	0.0777746	0.00367312	0.245724
