286	20
1	0.153056	0.0186614	0.117951	0.092607	0.0144934	0.0475401	0.0326773	0.0165094	0.0325277	0.0497554	0.0174177	0.0399101	0.0234914	0.0437326	0.0435097	0.122101	0.0543771	0.0685107	0.00104704	0.0101241
2	0.0478348	0.0159058	0.118968	0.0691206	0.00619681	0.0755224	0.041797	0.00605494	0.0333075	0.0145278	0.00599128	0.167672	0.0390287	0.01569	0.0797563	0.201457	0.0394706	0.0121558	0.00141243	0.00813032
3	0.0312488	0.0054159	0.282665	0.462851	0.000751126	0.0267271	0.0127728	0.000916564	0.0325873	0.00867754	0.000949299	0.0254466	0.00787953	0.0537427	0.00507111	0.0118749	0.00450981	0.00888116	0.000354576	0.0166776
4	0.00527197	0.0384486	0.00697027	0.00249476	0.336087	0.00365699	0.0639039	0.038642	0.00366421	0.0108737	0.00213479	0.00302488	0.0031558	0.00244338	0.0173127	0.0318608	0.00428973	0.0120319	0.00114598	0.412587
5	0.0375274	0.00609755	0.248083	0.435872	0.00195681	0.0287149	0.0150957	0.002163	0.0384698	0.0120035	0.00283546	0.0264046	0.00766454	0.066026	0.0112545	0.0189896	0.0104776	0.0117322	0.000420718	0.0182113
6	0.0366345	0.0133825	0.0567479	0.0520584	0.0283679	0.0479178	0.0256215	0.00919284	0.0921384	0.0234504	0.00737871	0.150205	0.0309804	0.0168254	0.0843791	0.210907	0.07811	0.0195864	0.00204569	0.0140707
7	0.00568653	0.00067416	0.00194216	0.000722871	0.0525665	0.000814394	0.00497895	0.0569502	0.00111581	0.74037	0.083936	0.000915523	0.00166504	0.00337625	0.00324697	0.00474151	0.00352065	0.032125	0.000174674	0.00047674
8	0.0765226	0.0241405	0.00344941	0.00328669	0.0651915	0.0155103	0.00733498	0.202886	0.0134558	0.0767179	0.0372175	0.0335062	0.023152	0.00442055	0.0200105	0.0674148	0.0506299	0.264543	0.00397228	0.00663797
9	0.0885723	0.0165983	0.0676557	0.0668124	0.0328316	0.0145011	0.0283214	0.038808	0.0571894	0.0766819	0.0315697	0.0532974	0.00816843	0.0554149	0.0644278	0.0971561	0.0500119	0.132573	0.00076379	0.018645
10	0.0186583	0.00721788	0.00611053	0.0299617	0.00249977	0.0496584	0.0324667	0.0187654	0.171074	0.0260553	0.0353339	0.0142159	0.00893226	0.0651681	0.398775	0.0400221	0.0319388	0.0203357	0.0200584	0.00275202
11	0.0336205	0.00137664	0.000426892	0.00141943	0.0118755	0.00216876	0.000609465	0.273213	0.00185513	0.0883278	0.0435839	0.00123848	0.00272611	0.000575718	0.00256319	0.00322184	0.0180028	0.511494	0.00146875	0.00023154
12	0.0788318	0.0485046	0.00920542	0.0445843	0.00694204	0.006851	0.0261626	0.0601447	0.0193782	0.0169469	0.0737372	0.0447935	0.0037917	0.00873395	0.0196664	0.129995	0.240777	0.140016	0.00160985	0.0193283
13	0.0293775	0.00110581	0.000320328	0.00114598	0.0125155	0.00207233	0.000391629	0.303815	0.0009991	0.0858981	0.0446974	0.000617205	0.00173103	0.00038525	0.00149105	0.00118574	0.0142775	0.496413	0.00134945	0.000210979
14	0.0310479	0.00575109	0.279977	0.453906	0.000939918	0.0277989	0.0134931	0.00124032	0.0326119	0.00897235	0.00150643	0.0301692	0.00772026	0.0520956	0.00583529	0.0142654	0.00595781	0.00919445	0.000380539	0.0171357
15	0.0687074	0.012587	0.0420531	0.0236167	0.0109887	0.0468	0.0300303	0.021658	0.0394933	0.0203221	0.0166565	0.172706	0.0110989	0.0143646	0.0396374	0.218493	0.16862	0.0297919	0.0016451	0.0107304
16	0.102761	0.00380074	0.336647	0.16081	0.00268712	0.0540911	0.0128716	0.0129343	0.0392685	0.00822927	0.00757442	0.0475804	0.00233825	0.0092616	0.0115417	0.0673588	0.0820494	0.0344641	0.000808705	0.00292185
17	0.260711	0.0573439	0.0579292	0.0509789	0.0043638	0.0641691	0.0122612	0.00547187	0.0117942	0.0225077	0.0108393	0.0111164	0.0127793	0.00964178	0.014246	0.249847	0.0925381	0.0481343	0.00186678	0.00146009
18	0.110375	0.0414858	0.0157677	0.0146429	0.0150785	0.0224955	0.00979965	0.0155179	0.0229653	0.0175838	0.0126668	0.0258368	0.010432	0.00612979	0.0128312	0.348349	0.268411	0.0223961	0.00397805	0.00325597
19	0.0302468	0.0010702	0.000333492	0.00112774	0.0128575	0.00209771	0.000366409	0.281788	0.00107183	0.105703	0.0450185	0.000577409	0.00174071	0.000369346	0.0017002	0.00112119	0.0144061	0.496271	0.0019093	0.000222678
20	0.0299163	0.00106454	0.000309401	0.0012408	0.0114983	0.00204969	0.000352319	0.277391	0.000972006	0.0882605	0.042739	0.000618835	0.00175232	0.000343087	0.00143586	0.00116907	0.0138592	0.523486	0.00134884	0.000193247
21	0.0304357	0.00192023	0.0156989	0.099095	0.00103116	0.00549197	0.03444	0.0320717	0.228752	0.0196048	0.0267847	0.027554	0.00163812	0.208199	0.168133	0.0237971	0.0469753	0.0224817	0.00450222	0.00139229
22	0.00927082	0.0134003	0.0593455	0.016288	0.00458554	0.0110974	0.0529084	0.00393959	0.157856	0.035805	0.0126492	0.339078	0.00426162	0.0541335	0.0881876	0.0919689	0.0135787	0.00756088	0.00115581	0.0229298
23	0.0130645	0.00691207	0.0187923	0.0675085	0.0029386	0.0574086	0.0111891	0.00885755	0.245859	0.0151857	0.025556	0.0346681	0.00531088	0.024794	0.362788	0.0454002	0.0336095	0.0145299	0.00304875	0.00257947
24	0.02093	0.0238209	0.0230048	0.00689958	0.0426433	0.00257655	0.339067	0.00185141	0.0272436	0.0107992	0.00201875	0.0638144	0.0276387	0.0832848	0.0515458	0.0289474	0.035036	0.00920353	0.000564694	0.199109
25	0.0498305	0.0258232	0.093534	0.0632671	0.0057408	0.19417	0.0608039	0.00751027	0.035829	0.0271669	0.0335651	0.0686237	0.0131403	0.0380576	0.134948	0.0898162	0.0287394	0.0163259	0.00385941	0.00924881
26	0.0749756	0.0128453	0.00352251	0.00486378	0.0213973	0.00651807	0.00722502	0.223087	0.0320357	0.0668272	0.053667	0.0159784	0.00544655	0.00378537	0.0288668	0.056372	0.117711	0.259898	0.00386917	0.00110833
27	0.00890007	0.00189956	0.00263245	0.00223002	0.0527475	0.00272064	0.00622177	0.0636845	0.00399079	0.691729	0.0786094	0.00282787	0.00233179	0.00570955	0.00652926	0.0100222	0.00541241	0.0491264	0.000551103	0.00212364
28	0.00885764	0.00137252	0.00233137	0.00111776	0.0530803	0.00111456	0.00472558	0.072423	0.00212147	0.689954	0.0779771	0.00114777	0.00295315	0.00436797	0.00390001	0.00603558	0.00531276	0.0603413	0.00032277	0.000543179
29	0.0296027	0.00526024	0.256816	0.490796	0.000600402	0.0259269	0.0127746	0.00068745	0.0336431	0.0087269	0.000831756	0.024189	0.00824583	0.0561895	0.00471246	0.0114422	0.00366646	0.00834652	0.000294513	0.0172474
30	0.179174	0.00777151	0.00899634	0.00994381	0.0229588	0.00893341	0.00577822	0.100983	0.016689	0.137477	0.0632287	0.0171855	0.0280602	0.0104468	0.0240281	0.077725	0.0593898	0.213016	0.0026477	0.00556788
31	0.0305384	0.0012645	0.000359339	0.00138667	0.0114511	0.00232525	0.000492295	0.274391	0.00127288	0.0918572	0.0431681	0.000914718	0.00180713	0.000380095	0.00167614	0.00194494	0.0149816	0.518126	0.00146647	0.000196512
32	0.0423695	0.00697635	0.0547503	0.170277	0.0011193	0.0256608	0.0668025	0.0100882	0.0799868	0.0412832	0.00935784	0.0239859	0.00690555	0.286276	0.116678	0.0232064	0.0185461	0.0105751	0.000795391	0.00436034
33	0.0309213	0.00107756	0.000337384	0.00153943	0.0110151	0.00215147	0.000405566	0.271878	0.00109407	0.0898656	0.0420223	0.000790523	0.00177151	0.000353839	0.00144928	0.00150576	0.0141469	0.526021	0.00144215	0.000210493
34	0.00564267	0.000672623	0.00191882	0.00072236	0.0522821	0.000800432	0.00494795	0.0570014	0.0011187	0.740666	0.0841536	0.000916318	0.00165961	0.00329083	0.00325065	0.00467782	0.00348724	0.0321468	0.00017465	0.000469226
35	0.128817	0.00761245	0.00136266	0.00792691	0.00252144	0.00209237	0.00838455	0.0819101	0.0154116	0.0118017	0.0434009	0.0467329	0.00382564	0.00157107	0.0147257	0.146576	0.404046	0.0682338	0.000401944	0.00264599
36	0.0288967	0.00519609	0.321554	0.421108	0.000912033	0.0280325	0.0137871	0.000987134	0.030513	0.00814199	0.000980972	0.0346231	0.00717282	0.0492072	0.00507162	0.0123582	0.00453473	0.00832061	0.000333325	0.0182682
37	0.00564799	0.000682101	0.00195649	0.000741916	0.0518534	0.000825741	0.00546023	0.0570234	0.00115147	0.735581	0.0880039	0.000971478	0.0016537	0.00336734	0.00361223	0.00468433	0.003512	0.032576	0.000176595	0.000518667
38	0.0264336	0.00183313	0.5432	0.045278	0.00181308	0.0715999	0.030171	0.00219037	0.0195414	0.00422246	0.0017019	0.187244	0.00100658	0.0115843	0.00748758	0.0249536	0.00943188	0.00785094	0.000919459	0.0015368
39	0.0060265	0.000768532	0.00222596	0.000738302	0.0582156	0.000930077	0.00484279	0.060241	0.00118954	0.726001	0.0803733	0.00106365	0.00203695	0.00401029	0.00332541	0.00544269	0.00358023	0.038171	0.000306552	0.000511176
40	0.072805	0.0203582	0.00280117	0.00388378	0.0348066	0.00778261	0.0116033	0.233	0.0181969	0.0600462	0.0385542	0.0227258	0.00360923	0.00225359	0.0264019	0.0717542	0.111212	0.249533	0.0073482	0.00132494
41	0.0285436	0.00117544	0.000385145	0.00123596	0.0124194	0.00212256	0.00058079	0.322003	0.00111548	0.0836914	0.045426	0.000833599	0.0017639	0.000423497	0.00174217	0.00178464	0.0150369	0.478114	0.00137533	0.000227479
42	0.0267913	0.00454534	0.00549158	0.00756148	0.0214077	0.026805	0.00613469	0.00449995	0.232791	0.0592412	0.00558976	0.0972259	0.00478853	0.0217005	0.115657	0.173973	0.128283	0.0239866	0.00176725	0.031759
43	0.00994179	0.00575611	0.00668704	0.0256472	0.0021503	0.0441265	0.0288371	0.00805892	0.268731	0.0268538	0.022012	0.0232984	0.00468784	0.0485218	0.394752	0.0324512	0.0234157	0.0128239	0.00792927	0.00331749
44	0.243533	0.101351	0.0277399	0.0255114	0.00469109	0.123215	0.013547	0.00553998	0.011258	0.0285061	0.0137008	0.0111272	0.0133176	0.0119231	0.021498	0.257414	0.0431061	0.0342685	0.004714	0.00403911
45	0.014203	0.0352891	0.0436935	0.0173645	0.242262	0.0106227	0.0970256	0.0280088	0.0125983	0.0181259	0.00446786	0.0184789	0.00854929	0.0208628	0.0301936	0.0412958	0.013939	0.0160457	0.00285839	0.324115
46	0.0291674	0.00127912	0.000377648	0.00122512	0.0129532	0.00214494	0.000681101	0.313909	0.00124369	0.0851196	0.0466146	0.00102361	0.00177156	0.000410785	0.00196949	0.00229063	0.0156673	0.48049	0.00142569	0.000235396
47	0.0453252	0.166543	0.00624627	0.00629872	0.0813801	0.00820166	0.00566046	0.0038908	0.00896202	0.0116213	0.00500166	0.00925257	0.00213921	0.00492271	0.00770963	0.428305	0.180992	0.00806852	0.00665197	0.00282698
48	0.216182	0.0797274	0.0351522	0.0341279	0.0113406	0.0657366	0.0308638	0.00745907	0.0170471	0.0271787	0.0124189	0.0142318	0.010271	0.0136291	0.0234744	0.276825	0.0846205	0.0303713	0.00404403	0.00529914
49	0.0409705	0.00611364	0.445127	0.136203	0.00273966	0.0599691	0.0282973	0.00356165	0.0240891	0.00867097	0.00366294	0.126877	0.00411002	0.0219619	0.016526	0.0353801	0.014729	0.0126426	0.00152924	0.00683936
50	0.124834	0.00579094	0.00551202	0.00439067	0.00246572	0.676556	0.00526862	0.00382272	0.0182827	0.022558	0.00460871	0.00574822	0.0020869	0.00474199	0.010812	0.0606401	0.0102835	0.0244756	0.00460378	0.00251742
51	0.051743	0.0165081	0.128892	0.0955954	0.011548	0.0920843	0.0376942	0.0119256	0.0612289	0.0281069	0.0153372	0.0997741	0.00635966	0.0438776	0.100818	0.0963983	0.0454971	0.0421218	0.00159911	0.0128907
52	0.0540267	0.0398028	0.0235029	0.0228885	0.0249973	0.0658861	0.0285161	0.0389406	0.0576995	0.0370757	0.0249596	0.0326591	0.0127119	0.0336367	0.100321	0.100623	0.048522	0.06498	0.171834	0.0164156
53	0.0524086	0.0462411	0.0126004	0.0128984	0.106606	0.0208425	0.0151258	0.0586726	0.0194608	0.183773	0.0192263	0.0593423	0.0309128	0.01284	0.0355104	0.137278	0.0345889	0.10834	0.00368054	0.0296515
54	0.00782408	0.00084921	0.00220243	0.001189	0.0545638	0.00124334	0.00588393	0.0552016	0.00170748	0.678147	0.13183	0.00177883	0.00242381	0.00386597	0.00425791	0.00804944	0.00387032	0.0330297	0.000335201	0.00174688
55	0.0270749	0.00246141	0.527477	0.0521557	0.00210129	0.0684197	0.0320501	0.00254611	0.0195786	0.00501744	0.00195601	0.181745	0.00147816	0.0111138	0.0100106	0.0305136	0.0109218	0.00849213	0.00103364	0.00385249
56	0.0500306	0.00256448	0.00179477	0.00277787	0.0128273	0.00324039	0.00138385	0.24707	0.0055143	0.0952568	0.0439009	0.00374345	0.00577425	0.00204827	0.00573612	0.0116598	0.0255982	0.476125	0.00212731	0.000826735
57	0.0175112	0.0343043	0.00797167	0.00383564	0.309699	0.00785824	0.0551098	0.0415304	0.00809404	0.100379	0.0137935	0.0083326	0.00649229	0.00680994	0.0227954	0.0516448	0.0181641	0.0348776	0.00226034	0.248536
58	0.0199932	0.0254799	0.0191788	0.0065517	0.0378642	0.00335133	0.353762	0.00276421	0.035816	0.0110267	0.00271196	0.0670917	0.0226721	0.0703514	0.0433628	0.0296122	0.0364356	0.00979107	0.00081146	0.201372
59	0.0307277	0.00128507	0.00032295	0.00126176	0.011782	0.00210896	0.000446585	0.278299	0.001206	0.0866899	0.0428096	0.000833937	0.0017717	0.000356287	0.0017452	0.00182046	0.0157214	0.519214	0.0013953	0.000202685
60	0.0929274	0.0119771	0.00970437	0.0116172	0.012866	0.0171659	0.00722879	0.0860046	0.0728522	0.0430426	0.0376647	0.016287	0.00830191	0.0222591	0.0684382	0.0850521	0.196662	0.194824	0.00179328	0.00333187
61	0.0236385	0.00235737	0.533548	0.0387899	0.00213262	0.0728533	0.0333237	0.00214013	0.0187463	0.00472317	0.00214945	0.196123	0.00122712	0.0112193	0.00897282	0.0286081	0.008635	0.00697076	0.00155679	0.00228428
62	0.0380302	0.00854504	0.0521922	0.157717	0.00122763	0.0271963	0.0716839	0.00988214	0.070931	0.0448877	0.00651864	0.0239144	0.00904189	0.300891	0.126376	0.0232948	0.0137279	0.00849781	0.000505616	0.00493917
63	0.0507986	0.024612	0.116209	0.102829	0.0238606	0.0611728	0.0443566	0.0200416	0.0545563	0.0499798	0.0242352	0.0804385	0.00617674	0.053495	0.0771904	0.0890252	0.0413883	0.0578173	0.00108728	0.0207296
64	0.0885209	0.00650675	0.0190074	0.00962941	0.00308076	0.65719	0.00865445	0.00509598	0.0172169	0.0189591	0.00545476	0.0139306	0.00288054	0.00693331	0.0202839	0.0696711	0.0104258	0.0261192	0.00691998	0.0035198
65	0.00658613	0.0145456	0.0586586	0.0160449	0.00274214	0.00572582	0.0600541	0.0029693	0.155178	0.0400092	0.0141588	0.354626	0.00284455	0.0633385	0.0862748	0.0846323	0.00628247	0.00536465	0.0010977	0.0188666
66	0.0325402	0.00859831	0.0273637	0.0555018	0.00884855	0.0388754	0.027243	0.0210696	0.264778	0.0328339	0.0269014	0.0426661	0.00823716	0.0693135	0.183629	0.0552972	0.047429	0.0339624	0.00665488	0.00825728
67	0.0315093	0.00106871	0.000364928	0.00111612	0.0135021	0.00223539	0.000398192	0.277163	0.00139925	0.121758	0.0475259	0.000621853	0.00175866	0.000375513	0.00162637	0.00123215	0.0152856	0.47829	0.00253418	0.000234502
68	0.0249127	0.0281556	0.0226973	0.0076352	0.0489229	0.00306459	0.315649	0.00199028	0.0240194	0.0129205	0.00192557	0.05852	0.0269293	0.082874	0.0478257	0.0303565	0.037458	0.0108357	0.000595725	0.212712
69	0.111582	0.00851115	0.00194853	0.00424301	0.0041956	0.00626752	0.0180164	0.0496795	0.0277896	0.0125711	0.0167669	0.0414255	0.0359882	0.00558882	0.0426351	0.156226	0.401768	0.0484052	0.000617181	0.0057751
70	0.295447	0.0180244	0.00656452	0.0223711	0.0337929	0.0219526	0.00552271	0.0492698	0.00772811	0.0890109	0.0153237	0.010128	0.00386927	0.00530928	0.0119801	0.116809	0.134818	0.147369	0.00191405	0.00279467
71	0.0322056	0.00111777	0.000480559	0.00116448	0.0138469	0.00225886	0.000439227	0.275821	0.00150327	0.122391	0.0483008	0.000887962	0.00175331	0.000402352	0.00175024	0.00156497	0.015201	0.476021	0.00263715	0.000252881
72	0.0337812	0.00861739	0.229633	0.435686	0.00192177	0.0294062	0.0188876	0.00356117	0.0383028	0.0125681	0.00375378	0.0323673	0.00812493	0.0609625	0.0168942	0.024063	0.0113605	0.012554	0.000841598	0.0167136
73	0.00948223	0.000852724	0.00194745	0.00118937	0.0533301	0.00113493	0.0047753	0.105102	0.00177595	0.612566	0.0922479	0.00163819	0.00169955	0.00334973	0.0036012	0.00541868	0.00605773	0.092416	0.000872128	0.000542408
74	0.123716	0.00821714	0.00137006	0.00868512	0.00250002	0.00194341	0.00815045	0.0868276	0.0156749	0.0115866	0.0438762	0.044578	0.0035334	0.00151355	0.0146697	0.142218	0.407153	0.070681	0.000376985	0.0027289
75	0.164791	0.0105969	0.0103974	0.0094985	0.00595171	0.524907	0.0071365	0.0115747	0.0150312	0.0241467	0.00664192	0.00773086	0.00517132	0.00664454	0.0135392	0.0776277	0.0193961	0.0698931	0.0063383	0.0029856
76	0.104341	0.00922091	0.00178507	0.00234862	0.00434898	0.00783472	0.0254194	0.0275828	0.0327558	0.00886557	0.00765081	0.0397613	0.0480623	0.00696389	0.0494553	0.166081	0.409489	0.0386979	0.000823051	0.00851227
77	0.02462	0.00201161	0.542716	0.0403209	0.00184922	0.0722409	0.0313947	0.00212139	0.0185737	0.00440664	0.00184376	0.193392	0.00106088	0.01105	0.00788177	0.0262569	0.00842002	0.00713588	0.00100264	0.00170073
78	0.0205362	0.0211052	0.0125755	0.0243533	0.00617711	0.0423993	0.0394109	0.0134873	0.109487	0.0343648	0.0183144	0.016948	0.00828062	0.0561121	0.48607	0.0377183	0.0208478	0.0202289	0.00616337	0.00542012
79	0.193421	0.00281811	0.00241481	0.00570229	0.0118461	0.0035779	0.00240811	0.126844	0.0249689	0.0568323	0.0639785	0.00463826	0.14289	0.00693304	0.0317996	0.0534636	0.122535	0.140948	0.00076684	0.00121491
80	0.085788	0.0104776	0.0184574	0.0151528	0.00955816	0.595811	0.0121375	0.00519092	0.0229004	0.0217112	0.00702786	0.0149387	0.00503929	0.0111726	0.0294507	0.0792384	0.0154342	0.0249763	0.00637519	0.00916176
81	0.00724941	0.000780678	0.00200275	0.00076628	0.0523269	0.000908859	0.0046996	0.0695506	0.00124496	0.702598	0.0801258	0.00105433	0.00193599	0.00367006	0.00332948	0.00533046	0.00432435	0.0572187	0.000294298	0.00058795
82	0.00564267	0.000672623	0.00191882	0.00072236	0.0522821	0.000800432	0.00494795	0.0570014	0.0011187	0.740666	0.0841536	0.000916318	0.00165961	0.00329083	0.00325065	0.00467782	0.00348724	0.0321468	0.00017465	0.000469226
83	0.106268	0.0503907	0.0368424	0.0274449	0.0215678	0.0542533	0.0207723	0.0128371	0.0342307	0.0313615	0.0126591	0.0419973	0.0104314	0.0159004	0.0474414	0.312554	0.117371	0.0288287	0.00550403	0.0113432
84	0.0496806	0.00667827	0.263833	0.356946	0.00189875	0.0378858	0.0166693	0.0031843	0.0326991	0.0112596	0.00366941	0.0470889	0.00739833	0.0434455	0.0144598	0.0557504	0.0202262	0.0135566	0.00088727	0.0127829
85	0.0308209	0.00154352	0.000323436	0.00113298	0.0111742	0.00234059	0.000363434	0.301718	0.000959116	0.0929234	0.0468327	0.00056331	0.00217432	0.000335456	0.00137496	0.00108735	0.0144414	0.488317	0.0013571	0.000216861
86	0.0428393	0.175577	0.00563034	0.00549673	0.0919492	0.00715293	0.00599818	0.00471743	0.00782458	0.0111926	0.00490908	0.00922247	0.00248027	0.0051396	0.00875235	0.424294	0.168851	0.00825767	0.0066901	0.00302584
87	0.282226	0.0396185	0.0516163	0.0430282	0.00507153	0.0983331	0.0168903	0.00628234	0.0181853	0.0280963	0.0120205	0.0181424	0.0159512	0.0325369	0.0289142	0.210719	0.0529382	0.0315481	0.00390233	0.00397902
88	0.051497	0.00381289	0.000901745	0.00228851	0.0129337	0.00309392	0.00200085	0.254083	0.00566428	0.0786927	0.0433317	0.00453002	0.00425796	0.00110587	0.00692735	0.0144157	0.0460951	0.461636	0.00226598	0.000465154
89	0.0058306	0.000681796	0.00191634	0.000717864	0.052339	0.000812897	0.00490607	0.0587373	0.00111149	0.735754	0.0836902	0.000935368	0.00169935	0.0033218	0.00326241	0.00470353	0.00352116	0.0354057	0.000184844	0.000467827
90	0.289851	0.00464421	0.00225888	0.00344531	0.0168223	0.00698202	0.0152842	0.0147136	0.0192686	0.00802041	0.0158041	0.025988	0.0192819	0.00367712	0.0312802	0.166359	0.297822	0.0473445	0.000749047	0.0104026
91	0.0593304	0.00334827	0.378245	0.089743	0.00158814	0.0618256	0.0226503	0.00375725	0.0238046	0.00587577	0.00243476	0.149872	0.00289007	0.0125971	0.0209949	0.109474	0.0327784	0.016315	0.000763962	0.00171199
92	0.016682	0.00601126	0.00737159	0.031497	0.00603288	0.00888375	0.0589549	0.0309356	0.0116548	0.298684	0.115785	0.0421882	0.00427751	0.174916	0.0387582	0.0663438	0.0123978	0.0615155	0.00220171	0.00490933
93	0.0254386	0.0309262	0.0868594	0.0725644	0.00379038	0.172055	0.0845622	0.00355972	0.028497	0.0237144	0.0212667	0.0941971	0.0118013	0.047651	0.15118	0.103142	0.0201762	0.00744211	0.00287597	0.00830072
94	0.00879255	0.106156	0.00812888	0.00442241	0.29589	0.00735378	0.0571946	0.0448397	0.00647208	0.0144477	0.00304813	0.00563178	0.00751654	0.00387858	0.0216332	0.0477177	0.00654762	0.0153682	0.00336403	0.331596
95	0.0529496	0.00890972	0.113893	0.0450393	0.00509092	0.0697953	0.0366152	0.00433404	0.0246461	0.00945927	0.00239354	0.198036	0.00849543	0.007844	0.0460416	0.309382	0.0429051	0.00725586	0.00111486	0.00579961
96	0.0306313	0.00112861	0.000352752	0.00128778	0.0114476	0.00211749	0.000405714	0.27714	0.00107403	0.0856217	0.0423684	0.000657395	0.00179079	0.000423655	0.0015673	0.00134609	0.0154963	0.523519	0.00137436	0.00024998
97	0.172335	0.00928893	0.0319588	0.0217668	0.0302412	0.00732995	0.011076	0.0600285	0.0325037	0.108721	0.0376537	0.0449473	0.00988695	0.0326169	0.0528926	0.0737568	0.0571437	0.197151	0.00142383	0.00727696
98	0.132912	0.0186183	0.130143	0.0822202	0.00271555	0.0598703	0.0205935	0.00337533	0.0238881	0.00840107	0.0038843	0.12127	0.0093553	0.00779569	0.0393325	0.264496	0.0517994	0.0163222	0.000585828	0.00242108
99	0.215939	0.0388731	0.0231257	0.0222354	0.00696086	0.0488505	0.00829752	0.0028599	0.0199571	0.021445	0.0103908	0.013418	0.00416845	0.00762946	0.00559524	0.37037	0.155331	0.0184769	0.00463193	0.00144403
100	0.101323	0.00538015	0.0474439	0.0798931	0.00646232	0.0371786	0.0467044	0.0281474	0.127208	0.0449851	0.0407022	0.033675	0.00336573	0.0892498	0.109332	0.0524241	0.0885184	0.0470997	0.0024428	0.00846456
101	0.188776	0.00516186	0.00309866	0.00488605	0.0169708	0.0052524	0.00346564	0.150261	0.0164051	0.091561	0.0639384	0.0106419	0.0467805	0.00602809	0.0220798	0.0567389	0.0677021	0.236376	0.0024236	0.00145132
102	0.0547467	0.0413129	0.0218331	0.0212449	0.0218361	0.0821443	0.0273489	0.0345879	0.0580002	0.0418189	0.0205216	0.0283915	0.0123666	0.0290709	0.115422	0.102829	0.044852	0.0594385	0.167459	0.0147751
103	0.161	0.0246746	0.0148278	0.0142051	0.0101248	0.0223934	0.0101421	0.0172289	0.02053	0.0164149	0.0140525	0.02215	0.0136034	0.00592266	0.0137938	0.30217	0.281754	0.0290349	0.00290011	0.0030768
104	0.0314679	0.0730349	0.0253804	0.0186157	0.0541039	0.0311871	0.241154	0.0136867	0.0364289	0.0241183	0.0102589	0.0441981	0.0135069	0.0475548	0.087841	0.0662123	0.0372001	0.0193587	0.00611387	0.118578
105	0.0311989	0.0216586	0.111453	0.0587351	0.00600759	0.114174	0.0578267	0.00704929	0.0539712	0.0208103	0.0119013	0.152227	0.0113649	0.0318821	0.12563	0.128012	0.0292881	0.012564	0.00185412	0.0123923
106	0.192397	0.0170686	0.0559453	0.0429624	0.00212572	0.138678	0.0300412	0.00832518	0.071587	0.0419054	0.0298818	0.035775	0.00354651	0.0350477	0.0746443	0.0967745	0.100058	0.0165092	0.00108128	0.00564537
107	0.0144156	0.180415	0.0191047	0.0114775	0.0430935	0.0341241	0.0404042	0.0102057	0.0569307	0.0249853	0.00451074	0.0151605	0.0034035	0.0155393	0.295586	0.146246	0.0267203	0.0108308	0.0183813	0.028465
108	0.0603831	0.0015317	0.00072618	0.00148313	0.0112942	0.00252663	0.000803642	0.256475	0.00231836	0.0965744	0.0517637	0.00172183	0.00177168	0.0006941	0.00189061	0.00751023	0.023434	0.474384	0.00232454	0.000388604
109	0.285438	0.0265618	0.050525	0.0392533	0.00470637	0.218423	0.0133812	0.00864673	0.0195389	0.0260448	0.0120071	0.0158964	0.0154688	0.0149832	0.0303625	0.127051	0.0501535	0.0343109	0.00323473	0.0040126
110	0.27247	0.0949185	0.0300069	0.027334	0.00372693	0.10169	0.0119503	0.0052795	0.00963722	0.033831	0.019178	0.00938859	0.0131555	0.0109157	0.016466	0.245804	0.0429633	0.0439337	0.0046461	0.00270495
111	0.030535	0.0012579	0.000316372	0.00113285	0.0118665	0.00225259	0.000363839	0.293512	0.000943536	0.0921437	0.0473189	0.000559364	0.00194407	0.000325217	0.00136242	0.00106389	0.0143424	0.49721	0.00135481	0.000194916
112	0.0308758	0.00147673	0.0003193	0.00111198	0.0113826	0.00231402	0.000347206	0.299467	0.000973909	0.092986	0.0469184	0.000562299	0.00212254	0.000332834	0.00138603	0.00108491	0.0144128	0.490357	0.00135793	0.000210349
113	0.0205011	0.030988	0.0181247	0.0117895	0.0710995	0.00377092	0.297398	0.00225024	0.0207401	0.010044	0.00222016	0.0447833	0.0208273	0.0873399	0.0544384	0.0293236	0.0384813	0.00971742	0.000721745	0.225441
114	0.030165	0.00108455	0.000309954	0.00113575	0.0131459	0.00203204	0.000362288	0.285945	0.000991643	0.0898149	0.0460989	0.000573098	0.00174327	0.000356993	0.00148729	0.00111748	0.013993	0.508069	0.0013742	0.000199031
115	0.0861724	0.0120591	0.0510272	0.0544464	0.0149103	0.0243163	0.0257986	0.0402915	0.085062	0.0435592	0.0360384	0.0694006	0.0055121	0.0376952	0.0982532	0.102248	0.106922	0.0942188	0.0015829	0.0104862
116	0.11295	0.00842067	0.0026312	0.00322795	0.00541778	0.0109128	0.0221558	0.0208826	0.0327091	0.00729038	0.0071933	0.0376581	0.0418716	0.00872045	0.0379759	0.189971	0.41181	0.0306793	0.000687167	0.00683418
117	0.0266273	0.0327093	0.0892713	0.0643734	0.00350675	0.2007	0.0847012	0.00324675	0.0224807	0.0249472	0.0208215	0.0926437	0.0137261	0.0401777	0.139906	0.103214	0.0184711	0.00648909	0.0033015	0.00868521
118	0.162184	0.0853671	0.007935	0.0198756	0.00404741	0.128509	0.0203107	0.0039414	0.0355978	0.084779	0.00866475	0.0221539	0.00268382	0.0180408	0.0933501	0.145886	0.120836	0.0188995	0.00122045	0.015717
119	0.301804	0.028043	0.0639779	0.0331577	0.0026634	0.0768529	0.0100479	0.00531555	0.00971657	0.0388598	0.00926267	0.00656284	0.162501	0.0195124	0.0329587	0.114785	0.0473872	0.0333159	0.00124126	0.00203429
120	0.0322884	0.00161775	0.000370758	0.00119715	0.0113834	0.00237141	0.00041618	0.299587	0.0011254	0.0939256	0.0467511	0.000795557	0.00248919	0.000387775	0.00150266	0.00163317	0.015872	0.484564	0.00148849	0.000233543
121	0.00551324	0.0042036	0.00189526	0.0109491	0.00141187	0.0170514	0.0603018	0.00454052	0.136214	0.0450935	0.0217128	0.00651997	0.00417164	0.0721431	0.542658	0.0318071	0.00928484	0.00717049	0.0124656	0.0048925
122	0.0538952	0.00394429	0.00115605	0.00167418	0.0165067	0.00339358	0.00217204	0.243649	0.00780034	0.123492	0.0519978	0.00541472	0.0033131	0.00109888	0.00740437	0.0168795	0.0361268	0.414678	0.00495648	0.000447505
123	0.319868	0.0323719	0.0955024	0.0766196	0.00117713	0.0734297	0.0164104	0.00373469	0.0108128	0.0174935	0.00897062	0.0136569	0.0185985	0.0121183	0.0215445	0.191049	0.0541992	0.0310373	0.000500031	0.000905743
124	0.101586	0.0038094	0.0382798	0.0586347	0.00378013	0.0381424	0.0628663	0.034171	0.135248	0.0470843	0.0474289	0.0325431	0.00269028	0.0696028	0.118398	0.0505149	0.111316	0.0310152	0.00249634	0.0103922
125	0.0307667	0.00152104	0.000324433	0.00113203	0.0112462	0.00230744	0.000361898	0.301284	0.000959011	0.0926743	0.0468873	0.000563215	0.00214845	0.000335481	0.00137545	0.00108226	0.0144234	0.489028	0.0013631	0.000216347
126	0.0235461	0.00194474	0.0130295	0.0998708	0.00118909	0.0085129	0.0429532	0.022428	0.179581	0.0336616	0.0213813	0.0251251	0.00256505	0.167219	0.252265	0.0322805	0.0453126	0.0201848	0.00499205	0.00195758
127	0.123241	0.00658777	0.115902	0.0808254	0.00430953	0.111463	0.0416952	0.00795787	0.0943263	0.0296076	0.0176794	0.0526477	0.00260004	0.0657562	0.0853441	0.076634	0.0488956	0.0274725	0.00115461	0.00589968
128	0.00564562	0.00355933	0.0031336	0.0124643	0.00128976	0.0140567	0.0661075	0.00395273	0.137036	0.0539771	0.0213901	0.00730602	0.00349326	0.0811105	0.520085	0.0306769	0.00884412	0.00780585	0.0126714	0.00539349
129	0.0133587	0.00114693	0.00380646	0.00224846	0.0472171	0.0026688	0.00478136	0.0878918	0.00181753	0.622029	0.0817205	0.00170984	0.00265992	0.00382525	0.00429987	0.00621541	0.0067388	0.104367	0.000989318	0.000507452
130	0.0300435	0.0564933	0.064908	0.037797	0.0328918	0.111361	0.0422688	0.0148753	0.0459133	0.0314557	0.00399509	0.0856936	0.00617978	0.0166205	0.13039	0.181312	0.0403711	0.0124673	0.00716355	0.0478
131	0.0299468	0.00107957	0.000346814	0.00136486	0.0108222	0.00229196	0.000393112	0.269955	0.00107331	0.0902313	0.0412825	0.00071525	0.00174628	0.000379919	0.00140901	0.00129738	0.0139118	0.530179	0.00134551	0.000228067
132	0.00684881	0.000781066	0.00208847	0.00104631	0.0566121	0.000869942	0.00492925	0.0676644	0.00152798	0.693364	0.0938445	0.00119414	0.00179161	0.00348198	0.00345166	0.00519648	0.00384607	0.0502735	0.000637469	0.000549972
133	0.0194243	0.019431	0.00963598	0.0260701	0.00538513	0.0868693	0.0226477	0.0182279	0.108123	0.0304501	0.0155099	0.0164998	0.0141432	0.0427256	0.501289	0.0209594	0.0150958	0.0236069	0.00262215	0.00128432
134	0.306125	0.0497645	0.0670046	0.052859	0.00227954	0.0909853	0.0125225	0.00348898	0.00975736	0.023105	0.00917309	0.00986175	0.0276665	0.0110625	0.0215277	0.20704	0.063809	0.0293362	0.00113078	0.00150084
135	0.0339779	0.0309569	0.096128	0.0491011	0.00780449	0.134082	0.0659114	0.00641643	0.0312039	0.022131	0.0108028	0.129345	0.0164885	0.0285021	0.121906	0.154989	0.0325181	0.0089245	0.00259564	0.016215
136	0.0081854	0.0125771	0.0517732	0.0128228	0.00376597	0.00895806	0.150054	0.0033817	0.113947	0.0312563	0.0107557	0.320334	0.0054183	0.0610781	0.0717339	0.0838231	0.0093803	0.00641796	0.00101668	0.0333204
137	0.197959	0.0018765	0.0021885	0.0053269	0.0115434	0.00271016	0.00218037	0.129344	0.0276419	0.0579925	0.0722185	0.00390448	0.104715	0.00687674	0.0331626	0.0534443	0.13496	0.150206	0.000584252	0.00116512
138	0.0296027	0.00526024	0.256816	0.490796	0.000600402	0.0259269	0.0127746	0.00068745	0.0336431	0.0087269	0.000831756	0.024189	0.00824583	0.0561895	0.00471246	0.0114422	0.00366646	0.00834652	0.000294513	0.0172474
139	0.0380541	0.0319501	0.0230617	0.0278668	0.0136159	0.0444784	0.0423296	0.0145115	0.0798573	0.0360401	0.0170405	0.0357515	0.00937998	0.0406185	0.361561	0.0965443	0.0425522	0.0250666	0.00803452	0.0116853
140	0.019087	0.067053	0.0126995	0.0193335	0.012746	0.0517715	0.0331319	0.0149099	0.0942935	0.0265344	0.0130826	0.0158339	0.00880439	0.0413673	0.462339	0.0520984	0.0188558	0.0209337	0.00812424	0.00700035
141	0.0061824	0.000707421	0.00265414	0.00147831	0.0522888	0.000996458	0.00507167	0.0571637	0.00130407	0.725613	0.0936094	0.00117686	0.00166531	0.00359351	0.0034662	0.00500994	0.00366331	0.0335252	0.000190739	0.000640066
142	0.0297316	0.0226715	0.0472823	0.0300693	0.0414802	0.0238051	0.270946	0.00985108	0.0428071	0.025428	0.00852937	0.0614562	0.0152994	0.0627728	0.0825592	0.0564523	0.0369419	0.0170266	0.00464438	0.110245
143	0.0338447	0.00287868	0.0218983	0.110845	0.00135449	0.0102802	0.0393897	0.0285873	0.183453	0.0258471	0.0236444	0.0270097	0.00239192	0.203789	0.181165	0.0264495	0.0485782	0.0223859	0.00416499	0.00204361
144	0.00563936	0.00068503	0.0019344	0.000740416	0.0518788	0.000824385	0.00542824	0.057038	0.0011366	0.736208	0.0876444	0.000966872	0.00166024	0.00335843	0.00361358	0.00468093	0.00350331	0.0323637	0.000176582	0.000519121
145	0.00731496	0.00093748	0.00227854	0.000976647	0.0550581	0.00110052	0.00520653	0.0547247	0.00154914	0.682737	0.132063	0.00174818	0.00245081	0.00363367	0.0039447	0.00746308	0.00363918	0.0315992	0.000272063	0.00130236
146	0.0632609	0.00535295	0.00509921	0.00534825	0.18304	0.00672397	0.0755197	0.00482455	0.022436	0.218837	0.0215496	0.0261355	0.00854646	0.0209794	0.0760227	0.116755	0.00991697	0.0137662	0.00184492	0.114041
147	0.223183	0.01128	0.227225	0.130281	0.00164683	0.0643647	0.0171284	0.0070057	0.0198714	0.0115977	0.0111782	0.0239966	0.00946196	0.00898909	0.0143882	0.122591	0.0620305	0.0315719	0.000604373	0.00160421
148	0.0609774	0.00342844	0.377004	0.0913225	0.00171837	0.061561	0.0224021	0.00385518	0.0236835	0.00598346	0.00273671	0.147476	0.00284766	0.0126635	0.0209669	0.108552	0.0328993	0.0172943	0.000806624	0.00182031
149	0.0196363	0.0215717	0.00656261	0.020632	0.00612756	0.0829039	0.0243623	0.0188472	0.0918148	0.0351928	0.0165913	0.0123228	0.0165186	0.0452862	0.519623	0.0184781	0.0125404	0.0266731	0.00314541	0.0011697
150	0.107713	0.00687088	0.277526	0.118038	0.00514396	0.080187	0.0283375	0.00670711	0.0411542	0.0240723	0.0104713	0.0677628	0.00532147	0.0366367	0.0403135	0.0633171	0.035995	0.0381248	0.000908066	0.00539857
151	0.0527301	0.049428	0.0514851	0.0628289	0.0524263	0.0667542	0.05587	0.016035	0.0451807	0.0367495	0.0132471	0.0666157	0.00586805	0.0393667	0.0967305	0.117312	0.0509105	0.0588343	0.00368349	0.057944
152	0.0913554	0.0165464	0.0615918	0.0613361	0.0324055	0.0120829	0.0291852	0.0398144	0.0622893	0.0747464	0.0301718	0.0512816	0.00892748	0.0541841	0.0635348	0.100458	0.049578	0.142213	0.000718763	0.0175801
153	0.030772	0.0011336	0.000356622	0.00124634	0.0117047	0.00207029	0.000374585	0.28003	0.0010028	0.0858639	0.0428409	0.000674523	0.00180143	0.00039634	0.00150738	0.00122695	0.0148281	0.520584	0.00137026	0.000214579
154	0.114403	0.0403814	0.0236727	0.0234512	0.00825705	0.0329598	0.00820787	0.0014994	0.0269013	0.0226235	0.00984178	0.0171336	0.00288491	0.0085241	0.00335005	0.410322	0.22509	0.0150031	0.00450286	0.000989749
155	0.0308618	0.0015704	0.000384121	0.00129003	0.0107677	0.00272393	0.000444291	0.29656	0.00108758	0.0950313	0.0453892	0.000609894	0.00222681	0.000417805	0.00137744	0.00127865	0.01441	0.491975	0.00135194	0.000242202
156	0.0349074	0.0127607	0.158317	0.144001	0.0230589	0.0541123	0.0226668	0.0212142	0.0468879	0.0574522	0.0396082	0.03754	0.00357055	0.0678357	0.0610339	0.0735199	0.0516265	0.0686689	0.00106928	0.0201484
157	0.0296027	0.00526024	0.256816	0.490796	0.000600402	0.0259269	0.0127746	0.00068745	0.0336431	0.0087269	0.000831756	0.024189	0.00824583	0.0561895	0.00471246	0.0114422	0.00366646	0.00834652	0.000294513	0.0172474
158	0.00636545	0.00666805	0.00277941	0.0116177	0.00178696	0.0222654	0.0516842	0.00525108	0.141477	0.0409934	0.0191317	0.00773589	0.00404758	0.0609628	0.557003	0.0286368	0.00887578	0.00797331	0.0103684	0.00437612
159	0.0284843	0.0313473	0.10223	0.0571756	0.0114411	0.177232	0.0565445	0.00755169	0.0301779	0.0244653	0.0137581	0.101789	0.00961923	0.035055	0.118581	0.119305	0.0261023	0.012001	0.0121681	0.0249717
160	0.0105485	0.0352206	0.01366	0.0108851	0.269932	0.00646518	0.0971579	0.0283243	0.00957803	0.0157911	0.00283266	0.0155191	0.00520721	0.0165932	0.0268052	0.0360474	0.010329	0.0128457	0.00149695	0.374761
161	0.12097	0.0303443	0.0152164	0.0155548	0.0078295	0.0229528	0.00813156	0.0129005	0.0225687	0.0246215	0.0125116	0.0200452	0.00727416	0.00566384	0.00983082	0.363832	0.265533	0.0280901	0.0040789	0.00205001
162	0.0303779	0.00106918	0.000311323	0.0011117	0.0130386	0.0020626	0.000362109	0.286387	0.000983905	0.0898373	0.0466355	0.000592848	0.00173565	0.000343569	0.00146153	0.00115115	0.0140111	0.506928	0.00139548	0.000203775
163	0.0300497	0.00106796	0.000318699	0.00123021	0.0115849	0.00201577	0.000358244	0.277577	0.000992311	0.0877403	0.0428242	0.000666114	0.00173412	0.000331929	0.00145242	0.00120438	0.0141332	0.523167	0.00135051	0.000200945
164	0.104056	0.0077031	0.00179012	0.00741081	0.00279551	0.00318262	0.015245	0.0631389	0.0278114	0.00895453	0.0399882	0.0843108	0.00936594	0.00292095	0.0156242	0.162865	0.381205	0.0570804	0.000625824	0.00392602
165	0.0304581	0.00118275	0.000305026	0.00111287	0.012166	0.00216555	0.000350471	0.290836	0.00095939	0.0915172	0.0475518	0.000564766	0.00188532	0.000327781	0.00136668	0.00105953	0.0142987	0.500333	0.00136387	0.000194754
166	0.0221447	0.00189799	0.0140569	0.082166	0.00106571	0.00633483	0.0536053	0.0200411	0.175611	0.0341073	0.018985	0.0279739	0.00249531	0.189444	0.247239	0.0331791	0.0462403	0.0167725	0.00457789	0.0020619
167	0.0628841	0.199889	0.00740769	0.0071071	0.0489631	0.01999	0.00737474	0.00444122	0.0105028	0.0132792	0.0067748	0.00934729	0.00268612	0.0060166	0.0104547	0.444166	0.119031	0.0111138	0.0053699	0.00320165
168	0.0196176	0.0214974	0.00657467	0.0206879	0.00610553	0.082942	0.0242469	0.0188325	0.0918085	0.0352839	0.0166884	0.0124328	0.0165353	0.0453053	0.519391	0.0184634	0.0125474	0.0267253	0.00314582	0.00116795
169	0.025292	0.00307136	0.51357	0.041523	0.00221081	0.0681795	0.031769	0.0025876	0.0232977	0.00642951	0.00252143	0.194566	0.00157374	0.013635	0.0124634	0.0353707	0.0100583	0.00799204	0.00123833	0.00265067
170	0.0214893	0.0147405	0.0155759	0.0402466	0.005957	0.0348487	0.063623	0.0139981	0.101849	0.0433117	0.0187436	0.0188193	0.00841298	0.106905	0.395455	0.0323075	0.0204743	0.0289826	0.00508524	0.00917445
171	0.18687	0.00659499	0.00746729	0.0048475	0.00779859	0.0117181	0.00552751	0.0582607	0.0278643	0.045128	0.0425821	0.00678946	0.250281	0.00908709	0.0465926	0.0941691	0.101413	0.0823918	0.0016332	0.00298348
172	0.0126711	0.00703665	0.0241718	0.0270344	0.00528407	0.0421978	0.0272545	0.00655084	0.281872	0.0261652	0.015858	0.122095	0.00532414	0.0363765	0.222604	0.0742006	0.0354619	0.0145768	0.00337495	0.0098895
173	0.00776862	0.00115475	0.00213828	0.00121018	0.0548871	0.00141088	0.00612944	0.0553399	0.00234932	0.722957	0.080171	0.00213553	0.00265644	0.00522817	0.00706461	0.00895606	0.00461049	0.0320018	0.000353526	0.00147719
174	0.0211938	0.00104921	0.00107378	0.00109728	0.0288101	0.00160906	0.00218128	0.185493	0.00181669	0.369658	0.0661196	0.000834928	0.00165682	0.00154056	0.00265306	0.00309222	0.0109705	0.297003	0.00177936	0.000367529
175	0.00619465	0.0366101	0.00735574	0.00311689	0.372397	0.00376485	0.0696735	0.032918	0.00546318	0.0134973	0.00254552	0.00529206	0.00309238	0.0044738	0.0190843	0.0366548	0.00557424	0.0116738	0.00144312	0.359175
176	0.0358369	0.00583185	0.455707	0.13795	0.00251582	0.0573389	0.0266295	0.0031117	0.0248276	0.00843241	0.00326233	0.126336	0.00310042	0.0237808	0.0139996	0.0359379	0.0151704	0.0108797	0.00144157	0.00791014
177	0.0486886	0.00526995	0.000996103	0.00267401	0.0141863	0.00359466	0.00346918	0.277833	0.00764656	0.0705382	0.0426278	0.00763869	0.00294175	0.00127303	0.00939979	0.0231113	0.0915898	0.383454	0.00245919	0.000607982
178	0.0303636	0.00107497	0.000297998	0.00127315	0.011129	0.0020957	0.000343328	0.276146	0.00100755	0.0893164	0.0433608	0.000665363	0.00177057	0.000334578	0.00137732	0.00125407	0.0142203	0.522375	0.00140134	0.000192242
179	0.0285287	0.230196	0.0177373	0.0127163	0.0835677	0.0272296	0.0342365	0.0179205	0.0341125	0.0280259	0.00749548	0.0182063	0.00814743	0.0128663	0.105336	0.170493	0.0552869	0.0168316	0.0484098	0.0426564
180	0.300717	0.0129198	0.0231286	0.0214881	0.012325	0.0404522	0.0126396	0.0205223	0.0159835	0.024464	0.0165225	0.0327039	0.0147219	0.00747412	0.0228749	0.125821	0.227537	0.060943	0.00123778	0.00552348
181	0.010291	0.000968907	0.00180785	0.000845337	0.0474834	0.00106796	0.00464448	0.0797034	0.00167724	0.674066	0.0803996	0.00120293	0.00238391	0.0030318	0.00358923	0.00560839	0.00670658	0.0735745	0.000462692	0.000484969
182	0.123096	0.00816913	0.00758086	0.01107	0.00425797	0.0104557	0.0246614	0.0614718	0.0387483	0.0148294	0.0306499	0.0507023	0.0149581	0.00978508	0.0331008	0.133088	0.362924	0.0537212	0.00105061	0.00567837
183	0.0379226	0.00985392	0.28187	0.416571	0.00178982	0.029662	0.0151815	0.00207996	0.0319369	0.0102532	0.00301526	0.0318994	0.0079447	0.0484871	0.0102406	0.0207964	0.0104483	0.010985	0.00069582	0.0183668
184	0.0068254	0.000756211	0.00212014	0.00089162	0.052762	0.00104934	0.00499086	0.0556075	0.0013332	0.689501	0.132804	0.0011829	0.00185993	0.00341516	0.00340616	0.00530318	0.00348429	0.0318205	0.000236685	0.000650641
185	0.0388358	0.00773559	0.0543609	0.166259	0.00106031	0.026056	0.0730793	0.00778178	0.0701278	0.0450238	0.00611959	0.0239447	0.00755911	0.307574	0.114611	0.0232421	0.0137871	0.00823295	0.000427179	0.00418153
186	0.00477326	0.0370266	0.00656956	0.00254002	0.345772	0.00287394	0.0663324	0.033582	0.00353571	0.0110444	0.00204185	0.00293567	0.00144934	0.00271691	0.0179813	0.0319212	0.00426517	0.0108629	0.00105187	0.410724
187	0.089755	0.010311	0.00367891	0.00373563	0.0239957	0.00671855	0.00606235	0.198266	0.0147522	0.0873607	0.0482738	0.0203696	0.010045	0.00450702	0.0188087	0.0495242	0.0598684	0.338552	0.0036871	0.00172829
188	0.029946	0.00147057	0.00042185	0.00122045	0.0123579	0.00241841	0.000517261	0.307504	0.0013673	0.0874867	0.0451213	0.000972088	0.0020768	0.000545536	0.00188073	0.00215779	0.0149945	0.485685	0.00140547	0.000450515
189	0.00460959	0.0358662	0.00641421	0.00269774	0.382211	0.00291717	0.0664401	0.032627	0.003586	0.0101647	0.00210719	0.00287243	0.00144882	0.00281939	0.017141	0.0337707	0.00441853	0.0105853	0.00106113	0.376241
190	0.0294677	0.0259725	0.0324236	0.0220342	0.0410763	0.0268752	0.281574	0.00856912	0.0396679	0.0293057	0.00991814	0.0589459	0.0164637	0.0582991	0.0873812	0.0573905	0.0369499	0.0166054	0.00399446	0.117086
191	0.141541	0.00367895	0.00440818	0.00341483	0.00237648	0.68451	0.00429406	0.0035656	0.0150463	0.0179499	0.00376014	0.00479484	0.00175361	0.0039658	0.00783113	0.0593344	0.00718621	0.0236435	0.00481429	0.00213059
