286	20
1	0.0865524	0.003194	0.180127	0.191213	0.00302931	0.0586621	0.0143275	0.00778767	0.106657	0.01109	0.0106932	0.0651841	0.0217505	0.066488	0.0392755	0.0773249	0.0435965	0.0116176	0.000431057	0.000999318
2	0.0688666	0.00411703	0.210269	0.202292	0.00507346	0.03823	0.0129622	0.00965274	0.0782879	0.0191252	0.00740535	0.117532	0.0315133	0.0425218	0.0283141	0.0799543	0.0286802	0.0107027	0.00114222	0.00335748
3	0.0176304	0.0102931	0.00509589	0.00159795	0.468805	0.00361187	0.0220277	0.0244665	0.00263184	0.0444206	0.0132112	0.00879694	0.00680777	0.00813016	0.00571621	0.00982246	0.0133737	0.0415395	0.0460676	0.245954
4	0.029809	0.00442676	0.0241481	0.0384382	0.00646337	0.0292031	0.00573282	0.0217097	0.0945832	0.116505	0.0122487	0.0193744	0.396136	0.0565026	0.0333549	0.061627	0.0155023	0.0268281	0.00256812	0.00483804
5	0.0732154	0.00551457	0.245075	0.0488327	0.00620073	0.0526947	0.0272989	0.0167982	0.0756082	0.0106954	0.00578791	0.10369	0.0124564	0.0268733	0.0317272	0.131824	0.0793427	0.0380881	0.00172824	0.00654749
6	0.0344955	0.0173789	0.00856073	0.0163057	0.135658	0.00319878	0.0290537	0.129276	0.007392	0.277161	0.0406082	0.0059069	0.026004	0.00464936	0.0119104	0.0182851	0.0401774	0.0879993	0.0438414	0.0621373
7	0.0200216	0.00617148	0.120126	0.0288667	0.0320599	0.0168186	0.13653	0.0152119	0.104869	0.0120589	0.0144546	0.164054	0.0334835	0.0293916	0.0514514	0.0919961	0.0224611	0.0283731	0.0236756	0.0479252
8	0.0158833	0.0322414	0.0596864	0.00937991	0.00380822	0.00939145	0.0176637	0.0165024	0.0233757	0.0132663	0.00939377	0.0766076	0.0243887	0.00748108	0.0193033	0.242955	0.39809	0.0148942	0.00170883	0.00397917
9	0.0335751	0.0198049	0.00881257	0.0225684	0.101737	0.00457208	0.0370235	0.146806	0.0104195	0.263328	0.0412298	0.00652789	0.0245805	0.00381507	0.017863	0.0177685	0.040534	0.0912859	0.0496178	0.0581306
10	0.0168468	0.0204589	0.00928668	0.0131824	0.0196045	0.00274535	0.00678101	0.208382	0.0171884	0.241329	0.145176	0.00323554	0.00203633	0.00342807	0.0256782	0.0110265	0.0154026	0.228322	0.00178161	0.00810859
11	0.138867	0.00471388	0.084103	0.111564	0.00279021	0.0723221	0.0224596	0.0109172	0.111205	0.00758997	0.00472159	0.0815244	0.0201656	0.0474119	0.0405345	0.158722	0.0616676	0.0131704	0.000891173	0.00465959
12	0.147187	0.0823179	0.0112846	0.0350972	0.0309507	0.0104782	0.120983	0.115607	0.0148381	0.0143575	0.0304468	0.103659	0.0069607	0.0117842	0.0134177	0.0435952	0.015334	0.0645597	0.00301054	0.124131
13	0.00920901	0.0165276	0.00229085	0.00256592	0.0566407	0.00154918	0.00211223	0.113805	0.00559353	0.562631	0.0902812	0.0034099	0.00137043	0.00399534	0.00772936	0.0112686	0.00992528	0.0841266	0.00449741	0.0104705
14	0.010684	0.0171551	0.0556366	0.0097858	0.00306997	0.00564569	0.0101284	0.0119502	0.0232424	0.0113974	0.00739246	0.0722498	0.0245697	0.00507591	0.0170654	0.251653	0.44989	0.00883668	0.00101719	0.00355377
15	0.0282409	0.00321316	0.0247548	0.0388877	0.00310957	0.0336999	0.00370762	0.0160855	0.10384	0.115923	0.00782288	0.0187871	0.42406	0.0455395	0.0279769	0.0647522	0.0140173	0.0210532	0.00136026	0.00316869
16	0.0790318	0.0046465	0.14765	0.202267	0.00217769	0.0840283	0.0169842	0.0086448	0.103111	0.00515743	0.0144951	0.0415217	0.0366436	0.0639932	0.0464074	0.0848227	0.050074	0.00717846	0.000371497	0.000794082
17	0.0164114	0.0215596	0.00862896	0.014058	0.0151013	0.00266834	0.00630498	0.214465	0.0185837	0.218626	0.152428	0.00333034	0.00162616	0.00337268	0.0259518	0.010606	0.0149803	0.244115	0.000779298	0.00640344
18	0.0176304	0.0102931	0.00509589	0.00159795	0.468805	0.00361187	0.0220277	0.0244665	0.00263184	0.0444206	0.0132112	0.00879694	0.00680777	0.00813016	0.00571621	0.00982246	0.0133737	0.0415395	0.0460676	0.245954
19	0.13686	0.00140179	0.0809665	0.092923	0.00263132	0.0738109	0.0208482	0.0130092	0.0991988	0.0061465	0.00206734	0.110314	0.00269289	0.0548851	0.0353553	0.178381	0.0661803	0.0169858	0.000416832	0.00492428
20	0.0473128	0.00856394	0.0261867	0.048468	0.00384229	0.0184135	0.0348499	0.00128044	0.365237	0.0272365	0.0110092	0.0358674	0.00543425	0.0861732	0.20683	0.0357441	0.019452	0.0108275	0.0005335	0.00673773
21	0.050836	0.0156058	0.00869764	0.0156357	0.059413	0.0142553	0.0148036	0.0588188	0.0342362	0.323092	0.0943489	0.045762	0.00792417	0.0436714	0.0306089	0.0475746	0.0277656	0.0493054	0.00813647	0.0495086
22	0.017009	0.102842	0.0108101	0.0130333	0.0339784	0.0097984	0.0103044	0.0146472	0.1856	0.0148226	0.00735053	0.0395693	0.0296464	0.0398663	0.218092	0.127225	0.0230481	0.0143328	0.00658575	0.0814382
23	0.0190976	0.00297027	0.141666	0.0164673	0.00405292	0.227669	0.0240165	0.00528561	0.107238	0.0188245	0.00289909	0.224715	0.012512	0.0261037	0.0234889	0.11115	0.0144608	0.00522508	0.00119403	0.0109633
24	0.0177875	0.00881077	0.00699378	0.00841867	0.00631317	0.00770387	0.0338567	0.0387037	0.182409	0.11917	0.00606561	0.0100351	0.0216776	0.024963	0.37483	0.0148509	0.0350986	0.0746132	0.00205519	0.00564399
25	0.139235	0.00867576	0.0445258	0.0414917	0.0124785	0.0854399	0.0335665	0.0115749	0.0525174	0.0164089	0.00300653	0.117417	0.00573381	0.0353333	0.0209801	0.274269	0.0725729	0.015903	0.00106143	0.00780891
26	0.0304642	0.00332204	0.140198	0.0336947	0.00420552	0.218107	0.0233777	0.00624136	0.106496	0.0157799	0.00365034	0.197305	0.011727	0.0322379	0.025933	0.109948	0.0198691	0.00681585	0.0011361	0.0094919
27	0.0176304	0.0102931	0.00509589	0.00159795	0.468805	0.00361187	0.0220277	0.0244665	0.00263184	0.0444206	0.0132112	0.00879694	0.00680777	0.00813016	0.00571621	0.00982246	0.0133737	0.0415395	0.0460676	0.245954
28	0.0377271	0.0890204	0.0280804	0.00827475	0.00966118	0.0124629	0.0120835	0.0330221	0.0181264	0.0291562	0.0334563	0.0376914	0.0133793	0.00966933	0.029261	0.206575	0.354064	0.0296257	0.00220243	0.00646075
29	0.00669198	0.0118836	0.00129975	0.00130587	0.0643354	0.0011143	0.00162853	0.113242	0.00345629	0.614186	0.073	0.00271997	0.00120893	0.00349219	0.00548686	0.00971261	0.00733213	0.0619121	0.00479412	0.0111975
30	0.0637369	0.00174317	0.386528	0.212511	0.00557498	0.00674847	0.00556105	0.00895632	0.0496535	0.0487056	0.00246776	0.0620163	0.0304143	0.0411782	0.022508	0.0294529	0.00911025	0.010178	0.000852559	0.00210264
31	0.0578646	0.0103609	0.15559	0.219356	0.00308744	0.0502651	0.0185206	0.00959174	0.112178	0.00983318	0.0266517	0.0325689	0.0191241	0.0957232	0.0514514	0.0654587	0.0453886	0.0131681	0.0020919	0.00172643
32	0.212319	0.138635	0.00338964	0.0038973	0.0183123	0.0175698	0.00359938	0.147302	0.0085182	0.0781248	0.0433218	0.00512736	0.0100727	0.00405138	0.00503627	0.0680332	0.0413663	0.185317	0.00326786	0.00273744
33	0.0229716	0.0211242	0.00657129	0.0101138	0.0248831	0.00421377	0.0070162	0.244335	0.0144399	0.217939	0.105292	0.00472148	0.00448382	0.00342915	0.0183969	0.0113542	0.0190333	0.245665	0.00365179	0.0103643
34	0.0716002	0.0118092	0.0520433	0.100546	0.00819187	0.0255428	0.0291456	0.0154167	0.17763	0.0254684	0.0290362	0.0757348	0.0123864	0.106963	0.145303	0.046281	0.0309964	0.0205475	0.00289349	0.0124641
35	0.0439663	0.0110043	0.0108125	0.0142454	0.284228	0.037892	0.0277984	0.0247063	0.01298	0.0343719	0.0120528	0.0396665	0.0347766	0.0126589	0.0200618	0.0481167	0.0378357	0.02963	0.0479179	0.215278
36	0.0456611	0.0158795	0.0202003	0.019079	0.0195889	0.0489721	0.0129084	0.0906878	0.0489584	0.129325	0.0534704	0.0308315	0.162422	0.0267431	0.0545489	0.0783924	0.0812072	0.0399903	0.0101298	0.0110043
37	0.0389879	0.0151631	0.00826993	0.0259959	0.0709177	0.0380511	0.0252498	0.0490275	0.108978	0.151106	0.0522298	0.016978	0.006485	0.0556857	0.101089	0.0813568	0.0225501	0.0895029	0.00260003	0.039775
38	0.0914287	0.0436702	0.0177157	0.0147365	0.038985	0.0667459	0.0391962	0.0835657	0.0164537	0.0145472	0.00966423	0.0189624	0.125676	0.0315895	0.047673	0.182391	0.114494	0.0233714	0.0067066	0.0124272
39	0.212118	0.135417	0.00330034	0.0040654	0.0191299	0.0189164	0.004029	0.147012	0.00864519	0.0767718	0.0434895	0.00581377	0.00978871	0.0042122	0.00517738	0.0678193	0.042923	0.184824	0.00328212	0.00326451
40	0.0933755	0.0216762	0.0555568	0.0168567	0.0132261	0.543326	0.0150432	0.0104279	0.0157322	0.00494321	0.00484965	0.0376171	0.0106492	0.0107461	0.0221011	0.0822547	0.0230488	0.0119169	0.00276515	0.0038876
41	0.117986	0.118232	0.00521257	0.00674367	0.0178944	0.0104634	0.00492053	0.190591	0.0123469	0.133692	0.0861503	0.00486469	0.00736319	0.00410228	0.0113627	0.0373768	0.0222211	0.201516	0.0020261	0.00493413
42	0.0348727	0.0177475	0.0091735	0.0195176	0.128456	0.00454318	0.0369409	0.125957	0.00940298	0.241754	0.0392685	0.00723962	0.0249654	0.00507681	0.0149845	0.018456	0.0450112	0.0945526	0.050248	0.0718318
43	0.231629	0.0619156	0.00783107	0.0104636	0.0218586	0.0227642	0.00850868	0.117079	0.0219253	0.0657118	0.0359106	0.016472	0.0118673	0.0129506	0.0130526	0.0960661	0.0671794	0.162859	0.00712589	0.0068295
44	0.0979452	0.0599898	0.0323007	0.0187798	0.00980421	0.212783	0.0123172	0.0229594	0.0269616	0.0152515	0.00906271	0.035052	0.0764227	0.0115863	0.0549845	0.176319	0.098782	0.0153288	0.00353043	0.00983905
45	0.0569011	0.00986891	0.261146	0.0896007	0.0088531	0.0444073	0.0331844	0.0143124	0.0704623	0.0171163	0.0107941	0.077516	0.0204164	0.0343365	0.056481	0.1098	0.053153	0.0188183	0.00329216	0.00954004
46	0.182075	0.0144312	0.0241557	0.113419	0.0150801	0.0187206	0.0186288	0.0265263	0.0815693	0.0668006	0.0172763	0.0258987	0.100486	0.0696213	0.0292408	0.0539283	0.0274009	0.0284687	0.038564	0.047709
47	0.0204518	0.00220509	0.117785	0.526712	0.00576134	0.0159654	0.0210635	0.00635083	0.00627573	0.00932302	0.00456117	0.00532511	0.00346946	0.154582	0.0225782	0.0179329	0.0298257	0.021731	0.000804676	0.00729576
48	0.0466118	0.108017	0.0241776	0.00349237	0.00386267	0.0204041	0.00324454	0.010821	0.0105617	0.00474629	0.00671255	0.0178131	0.002308	0.00744524	0.019268	0.555534	0.127831	0.00807147	0.00124443	0.0178328
49	0.026069	0.0143824	0.0115316	0.0128166	0.321152	0.0119289	0.028637	0.0496674	0.0255973	0.066867	0.0186161	0.020399	0.0105215	0.0332907	0.024433	0.0286917	0.021705	0.0442972	0.0317026	0.197694
50	0.0376051	0.00462447	0.176639	0.341706	0.00447338	0.029144	0.0205978	0.011873	0.0532581	0.0101323	0.00983269	0.0201047	0.0101844	0.109024	0.0444166	0.046255	0.0451637	0.0197967	0.00116784	0.00400183
51	0.0826671	0.0143651	0.0419313	0.0237822	0.0209614	0.0144598	0.0130594	0.0404095	0.0177057	0.157789	0.0438429	0.0159948	0.0355563	0.0108175	0.0186398	0.0307706	0.143563	0.25142	0.00882354	0.013441
52	0.0199098	0.011499	0.0110816	0.00495172	0.436156	0.00549858	0.0239269	0.0280385	0.0067995	0.0531758	0.0144704	0.0110707	0.00895997	0.00944313	0.00921546	0.0166245	0.0164888	0.0406109	0.04297	0.229109
53	0.160442	0.0338538	0.0255147	0.0495531	0.00499467	0.094351	0.0125912	0.0108385	0.159038	0.0151477	0.00543763	0.0243718	0.0644134	0.0137944	0.0303072	0.219502	0.0530515	0.0108108	0.0029565	0.00903067
54	0.0510982	0.00176484	0.411234	0.226256	0.00625415	0.00451674	0.00501585	0.00996998	0.0446565	0.0443697	0.00189163	0.0536353	0.0363112	0.0371673	0.0203801	0.0281697	0.00688491	0.0080418	0.00074687	0.0016348
55	0.0115241	0.0121889	0.00227681	0.00357399	0.0748542	0.00114613	0.00550696	0.144545	0.00404284	0.535119	0.0665957	0.00292189	0.00419692	0.00256905	0.00706119	0.00972942	0.010608	0.0733069	0.00937651	0.0188557
56	0.00772758	0.0105128	0.0019513	0.00231433	0.110875	0.00146635	0.00404336	0.108931	0.00327222	0.563832	0.0687232	0.00609239	0.0025823	0.00377165	0.00800375	0.0115126	0.00767882	0.0493372	0.0065511	0.0208199
57	0.0255567	0.00734041	0.207128	0.0403422	0.0169657	0.0165055	0.0756243	0.0369959	0.0444125	0.0174307	0.0189014	0.212023	0.0195787	0.0516671	0.0287156	0.0404773	0.0201953	0.0266376	0.00551181	0.0879909
58	0.0303825	0.00348335	0.021931	0.0386493	0.00321984	0.0261036	0.00444045	0.0229469	0.104077	0.0962073	0.00873396	0.0143583	0.412935	0.0603659	0.0414243	0.0666807	0.0126233	0.0268193	0.001472	0.00314586
59	0.011806	0.00941144	0.00117451	0.00276994	0.0120856	0.00723244	0.00440306	0.372465	0.00875218	0.0871934	0.0114531	0.00525993	0.00479923	0.00118974	0.00598023	0.00360502	0.00872728	0.435663	0.000435897	0.0055924
60	0.0108566	0.0153647	0.00315669	0.00488184	0.0552567	0.00176958	0.00494895	0.143561	0.00725967	0.506353	0.0886805	0.00300768	0.00231377	0.00327781	0.0112044	0.0100978	0.0101493	0.0986443	0.00555822	0.0136577
61	0.0612459	0.0048893	0.0710288	0.19151	0.00475141	0.0101137	0.00763075	0.00811694	0.182062	0.02795	0.0171876	0.0353718	0.00730986	0.189281	0.0497676	0.0586353	0.044148	0.0141065	0.011751	0.00314212
62	0.0781043	0.00266153	0.332568	0.210078	0.00497305	0.0158548	0.00709334	0.0081305	0.0615803	0.0443629	0.00439668	0.0556021	0.0247823	0.0495265	0.0278541	0.0367747	0.0170629	0.0155311	0.000914607	0.0021486
63	0.0212518	0.00649653	0.00577238	0.0552976	0.0530221	0.0257676	0.14508	0.0331586	0.0795906	0.0832638	0.0177084	0.0271944	0.00691261	0.00700153	0.0910621	0.0256321	0.011639	0.0111984	0.0806007	0.21235
64	0.0313803	0.0145733	0.0601976	0.0405506	0.0242372	0.0410526	0.178045	0.027126	0.0816541	0.0360399	0.0146573	0.171866	0.0184915	0.0434842	0.0476938	0.0592021	0.035284	0.0300342	0.00803826	0.0363922
65	0.0218388	0.00293203	0.139721	0.0185158	0.00398472	0.224411	0.0244476	0.0055475	0.105666	0.0182198	0.00283897	0.222581	0.0119342	0.0269566	0.0237103	0.113535	0.015627	0.00568054	0.00113275	0.0107194
66	0.0573237	0.00697282	0.00938104	0.0724023	0.00679288	0.00970851	0.117895	0.0524984	0.10369	0.0355377	0.00655007	0.0343484	0.0607598	0.0339635	0.099472	0.0182832	0.119829	0.125272	0.00293059	0.0263892
67	0.0191741	0.0190105	0.078548	0.00975713	0.00584745	0.0187258	0.023772	0.0419925	0.0303899	0.0126766	0.00856083	0.0694641	0.0509836	0.00794987	0.0306512	0.208635	0.328975	0.0288087	0.00160369	0.00447416
68	0.0254029	0.00450238	0.245697	0.0422807	0.0171068	0.0427737	0.0727504	0.0139813	0.0816972	0.013809	0.0135638	0.182361	0.0310967	0.0274319	0.0296524	0.0717645	0.0256694	0.0229088	0.0069377	0.0286119
69	0.0401428	0.0183164	0.0104741	0.019819	0.101884	0.00512301	0.0263571	0.13941	0.00752982	0.270437	0.0468233	0.00637744	0.0356653	0.00452785	0.0130021	0.0217947	0.0509825	0.092052	0.0481617	0.0411204
70	0.0418395	0.00597636	0.297722	0.0571715	0.0116784	0.0179401	0.0289607	0.0167317	0.0425815	0.0311896	0.0265529	0.204071	0.0167149	0.0245219	0.0370909	0.0546853	0.0195468	0.0177677	0.0034769	0.0437801
71	0.17979	0.0232961	0.00601529	0.0228632	0.0596149	0.0298868	0.0567585	0.0339276	0.00969288	0.0090552	0.00507175	0.00871934	0.162131	0.0239234	0.0136781	0.228956	0.0305589	0.0525071	0.0177771	0.0257769
72	0.102711	0.00511721	0.118625	0.154557	0.00230596	0.0818127	0.0195713	0.00797089	0.0937722	0.00994268	0.00835023	0.0576748	0.0418858	0.0476831	0.0474737	0.126972	0.0621834	0.00821727	0.000339237	0.00283437
73	0.0228992	0.0055451	0.0854034	0.0944767	0.0181041	0.0351656	0.149321	0.0209989	0.0915619	0.01122	0.0208617	0.137684	0.0222416	0.075721	0.0352009	0.0341554	0.0173298	0.0637882	0.00435324	0.0539688
74	0.0285587	0.00311533	0.150146	0.0684821	0.030226	0.0222728	0.0806081	0.0218987	0.0971913	0.00664885	0.0434823	0.121287	0.0389436	0.0631378	0.0324427	0.0473009	0.0178553	0.0729848	0.00432986	0.0490885
75	0.0399507	0.0230844	0.0170501	0.0174668	0.103858	0.00593587	0.0221651	0.123444	0.00894125	0.291945	0.0475627	0.00741176	0.0535092	0.00683653	0.0133495	0.0228963	0.0501493	0.0738102	0.0374585	0.0331754
76	0.0681776	0.00825728	0.241674	0.0621147	0.00697825	0.0329385	0.047629	0.0125863	0.0915167	0.0108774	0.00753023	0.0720696	0.0149342	0.0322357	0.0722673	0.128749	0.0626242	0.0175453	0.00261474	0.00668016
77	0.130955	0.0264431	0.0496861	0.0608947	0.00512518	0.0976914	0.0129427	0.0102039	0.0430403	0.0231965	0.00530917	0.040098	0.144251	0.0112016	0.0590526	0.195728	0.0562672	0.00758861	0.0022537	0.0180715
78	0.047296	0.00846253	0.0261145	0.0483775	0.00389724	0.0181702	0.0350737	0.0014058	0.36683	0.0271314	0.0109373	0.0363862	0.00570152	0.086277	0.204206	0.0355438	0.0200693	0.0108832	0.000552213	0.00668388
79	0.127537	0.0516485	0.0071094	0.018389	0.0111446	0.0156481	0.00936344	0.159532	0.0907072	0.0477038	0.0285572	0.0282217	0.00901045	0.0240723	0.0227518	0.0507189	0.0392469	0.22278	0.0279429	0.00791494
80	0.0320858	0.0150982	0.00607406	0.0195271	0.0696636	0.0185147	0.0340131	0.0970799	0.103438	0.180362	0.0581504	0.0135298	0.0051464	0.0429983	0.0686261	0.0526952	0.0199491	0.126727	0.00356446	0.032756
81	0.0690778	0.057039	0.0194892	0.0145246	0.0102397	0.0403213	0.0106234	0.017126	0.0246938	0.0128452	0.00640518	0.0248137	0.0235863	0.0119554	0.0803727	0.41411	0.0894766	0.011743	0.0045615	0.0569959
82	0.0424823	0.158855	0.038287	0.00866627	0.0102176	0.01551	0.0132867	0.0253701	0.0167392	0.024163	0.0382019	0.0246254	0.00895914	0.00900798	0.0213128	0.202022	0.269053	0.0620526	0.0028527	0.00833505
83	0.0431694	0.0769919	0.0278798	0.0722929	0.0208085	0.0200256	0.0281064	0.0820923	0.0517713	0.0418545	0.0156414	0.0337863	0.0157386	0.0307193	0.232467	0.0502874	0.0444556	0.0334804	0.0113598	0.0670711
84	0.0219061	0.027212	0.0022895	0.0041376	0.0103128	0.00982196	0.00398481	0.319436	0.00831588	0.0771259	0.0275122	0.00663337	0.00379405	0.00183077	0.00749607	0.00719164	0.0103943	0.444243	0.000848053	0.005514
85	0.0290887	0.0612286	0.0250831	0.0536799	0.00900879	0.0192605	0.0143454	0.0336726	0.0599347	0.0153609	0.0111955	0.04927	0.0122233	0.0521975	0.248976	0.0887158	0.168995	0.0316982	0.00435008	0.0117152
86	0.267109	0.060442	0.00417697	0.00501915	0.0253445	0.017153	0.00423844	0.111401	0.0122943	0.0695271	0.0380728	0.00730344	0.00712078	0.00796131	0.00697541	0.0879506	0.0808866	0.178106	0.00548036	0.00343654
87	0.175076	0.0627027	0.0200479	0.0127182	0.0164543	0.222497	0.0146011	0.039077	0.0212007	0.0252946	0.01413	0.0252562	0.018285	0.0156331	0.0441337	0.0933737	0.0717965	0.0728141	0.0249992	0.00990959
88	0.0350822	0.0409486	0.0176487	0.0301065	0.0127722	0.0158319	0.020653	0.0878797	0.0753273	0.0572643	0.0127612	0.0276206	0.0161911	0.0266502	0.338578	0.0430764	0.0560448	0.0624472	0.00575175	0.017364
89	0.0979052	0.0465944	0.0324954	0.0185457	0.00986408	0.0741265	0.0192086	0.0145274	0.0331147	0.0167664	0.00714245	0.17737	0.0117498	0.0183665	0.0235086	0.311932	0.0580519	0.014329	0.00248852	0.011913
90	0.0134557	0.0065189	0.0011221	0.00398503	0.0142367	0.00526245	0.00624495	0.411037	0.00763648	0.0934501	0.00894842	0.00494976	0.00593314	0.00117518	0.00752415	0.00469109	0.0109547	0.383457	0.000394668	0.00902306
91	0.093659	0.00295646	0.132255	0.162015	0.00217145	0.0665977	0.0185091	0.00946554	0.124505	0.004962	0.00927433	0.0761356	0.0157728	0.0626854	0.0443974	0.106241	0.0558495	0.0103782	0.00045886	0.00171054
92	0.0830534	0.0211301	0.0924965	0.0511867	0.00979931	0.358094	0.0157162	0.0131319	0.0311922	0.00889476	0.0149204	0.0370838	0.0409709	0.0205486	0.0323406	0.119355	0.0327441	0.0103482	0.00183927	0.00515437
93	0.0176304	0.0102931	0.00509589	0.00159795	0.468805	0.00361187	0.0220277	0.0244665	0.00263184	0.0444206	0.0132112	0.00879694	0.00680777	0.00813016	0.00571621	0.00982246	0.0133737	0.0415395	0.0460676	0.245954
94	0.124551	0.0697105	0.0241486	0.0200096	0.0074441	0.113474	0.00924982	0.0185594	0.0221256	0.012432	0.00541192	0.0341373	0.115633	0.00854218	0.0917289	0.216914	0.0796871	0.00880488	0.00311466	0.0143206
95	0.0182076	0.0103559	0.00574574	0.00455133	0.408394	0.00461054	0.0256728	0.0379361	0.00621282	0.122991	0.0254652	0.0104932	0.00867281	0.00839823	0.00926591	0.0138973	0.0162962	0.0409237	0.0369109	0.184999
96	0.133513	0.0240895	0.0574364	0.0488914	0.00474757	0.0872624	0.0134037	0.0107193	0.0553831	0.0221826	0.0052005	0.0526455	0.168922	0.0135962	0.0456746	0.183741	0.0498561	0.00863916	0.00184477	0.0122515
97	0.0858366	0.0158793	0.0783829	0.0641079	0.00505961	0.0688197	0.0145719	0.023001	0.0774468	0.0268314	0.0104236	0.043093	0.150448	0.024003	0.0364638	0.129606	0.12173	0.0172015	0.00176272	0.00533102
98	0.0976279	0.0799253	0.00753408	0.00865498	0.0139036	0.060486	0.0377108	0.0814293	0.0359198	0.074322	0.0732375	0.0627702	0.00774744	0.0134246	0.014492	0.0713818	0.143342	0.100489	0.00848512	0.00711749
99	0.0533814	0.0797896	0.010092	0.0136269	0.0331878	0.0525639	0.0223284	0.146169	0.029024	0.0865582	0.103524	0.0765796	0.00948861	0.0150499	0.0165509	0.0446515	0.106903	0.0830721	0.00877873	0.00868079
100	0.0410339	0.068419	0.018803	0.00411093	0.00363642	0.0257605	0.00491686	0.00932866	0.0160007	0.00553613	0.00428933	0.0363893	0.0035163	0.0124133	0.0171851	0.579122	0.129425	0.00488742	0.00117271	0.0140537
101	0.0507033	0.0130416	0.0155885	0.0280856	0.0113377	0.0156903	0.0319247	0.032915	0.19724	0.085869	0.0150831	0.0227542	0.0150217	0.0421181	0.256716	0.0356372	0.0491169	0.0652028	0.00305947	0.0128945
102	0.16632	0.00740315	0.0521523	0.0919289	0.00628111	0.0828983	0.0197429	0.0120822	0.0833285	0.0209711	0.00469681	0.0672871	0.0202793	0.0448674	0.0310634	0.210379	0.0531455	0.0155752	0.00208297	0.00751464
103	0.0264232	0.0028023	0.120485	0.474427	0.00583382	0.0195347	0.0191502	0.0067513	0.0221871	0.00963421	0.00617034	0.00968279	0.0080031	0.152871	0.0291753	0.0274156	0.0315159	0.0205909	0.0012654	0.0060812
104	0.0393407	0.0111724	0.0234543	0.0406469	0.0079335	0.0168183	0.0502603	0.0115448	0.302915	0.0425844	0.0102109	0.0374144	0.00886698	0.0683733	0.230351	0.0357095	0.025085	0.0245865	0.00223659	0.010496
105	0.0225196	0.011503	0.00644107	0.0140543	0.0285861	0.0112123	0.0446777	0.0698474	0.127701	0.144933	0.0243989	0.0139449	0.0145172	0.0256236	0.26819	0.0277161	0.0289417	0.0940465	0.00347714	0.0176681
106	0.0763275	0.00459472	0.141063	0.206209	0.00244752	0.0827431	0.0171564	0.00968001	0.107154	0.00466996	0.0175873	0.0424019	0.0299896	0.0710371	0.0474217	0.0803318	0.0495971	0.00818981	0.000501126	0.000896889
107	0.0115354	0.0109375	0.00136474	0.00296761	0.0119039	0.00776179	0.00417889	0.3594	0.00850625	0.084245	0.0133193	0.00551813	0.00449432	0.00132789	0.00612882	0.00379487	0.00864824	0.44821	0.000492185	0.0052658
108	0.0392772	0.0551509	0.0324253	0.142113	0.0187821	0.0241656	0.0238683	0.0681975	0.0493093	0.107336	0.0470718	0.0318022	0.0117689	0.124007	0.0433411	0.0332288	0.0356996	0.0887528	0.00560029	0.0181017
109	0.0897909	0.00392052	0.0655472	0.0738194	0.00327421	0.0458844	0.021198	0.00837593	0.204189	0.0162287	0.0061821	0.0914021	0.0038611	0.0764759	0.0973294	0.12319	0.0519429	0.0112507	0.0017051	0.00443202
110	0.0260297	0.0273049	0.00652095	0.0106201	0.0387171	0.00331069	0.0124209	0.22096	0.0162227	0.249549	0.102522	0.00413038	0.00575803	0.00334554	0.017402	0.0109122	0.0231472	0.196771	0.00815536	0.0162008
111	0.274603	0.0599983	0.00376467	0.00463945	0.0239902	0.0164951	0.0040699	0.112936	0.0115793	0.0702292	0.0398722	0.00689789	0.00668756	0.00733678	0.00610934	0.087305	0.083118	0.172015	0.00538756	0.00296652
112	0.0771747	0.0263435	0.00642592	0.0388683	0.00509862	0.0060947	0.00571105	0.101751	0.126117	0.00963833	0.00513734	0.0390012	0.00459701	0.0377031	0.0275375	0.0610325	0.0409604	0.369675	0.00642551	0.0047077
113	0.243244	0.0766467	0.00608384	0.0056939	0.0163129	0.0635075	0.0108246	0.0741301	0.0138834	0.0603187	0.0299913	0.0166235	0.00685614	0.0087864	0.0107775	0.0811169	0.114804	0.148907	0.00707885	0.00441186
114	0.0210706	0.0139632	0.00469966	0.00959068	0.121676	0.00354056	0.0163513	0.115112	0.0138251	0.393648	0.0508498	0.00652163	0.011299	0.00924227	0.0145764	0.0234255	0.0275175	0.0742952	0.0209846	0.0478104
115	0.137152	0.00139896	0.080668	0.0925343	0.00264444	0.0740444	0.0207625	0.0130031	0.0988885	0.00623335	0.0020625	0.110294	0.00280005	0.054786	0.0351337	0.179205	0.0661102	0.016924	0.000416897	0.00493857
116	0.133074	0.00164648	0.0797524	0.0855034	0.00317515	0.0743118	0.0223165	0.0132185	0.0967215	0.006541	0.00207077	0.11271	0.00301256	0.0532081	0.0360829	0.183032	0.0695409	0.0187406	0.000498766	0.00484261
117	0.0138711	0.0136075	0.00330819	0.00518252	0.132297	0.00170982	0.00994939	0.110581	0.00366234	0.474364	0.0584173	0.00523412	0.00749866	0.00392114	0.00796485	0.0122852	0.0147354	0.0570285	0.0195905	0.0447912
118	0.0761771	0.00471021	0.145717	0.204561	0.00212954	0.0814253	0.016684	0.00883879	0.107807	0.00479418	0.0161729	0.0419997	0.0324217	0.0683555	0.0470659	0.0824863	0.0496863	0.00776887	0.00050856	0.000690686
119	0.0752108	0.0123015	0.117858	0.0690018	0.00828826	0.40089	0.0241091	0.0108285	0.0402505	0.00523288	0.00681576	0.0416861	0.0147241	0.0315692	0.0283586	0.0765734	0.0210812	0.0106822	0.00169868	0.00284013
120	0.00805674	0.0129638	0.056611	0.0100526	0.00270806	0.00439337	0.01039	0.0106323	0.0214144	0.0117636	0.00661109	0.0763944	0.0254932	0.00447145	0.0167825	0.246844	0.462302	0.0079948	0.00100973	0.00311055
121	0.0512787	0.00167106	0.40826	0.225633	0.0058992	0.00471194	0.00492893	0.0101937	0.0457401	0.0433368	0.00181753	0.0549313	0.0365276	0.0391379	0.0209206	0.0276487	0.00696051	0.00808257	0.000689771	0.00163026
122	0.0898668	0.00496767	0.0595532	0.207533	0.00420812	0.00642905	0.00705271	0.00808836	0.180298	0.0311368	0.0125519	0.0326475	0.00577365	0.189577	0.0481515	0.051515	0.0345904	0.0122232	0.00913452	0.0047014
123	0.0205163	0.00221306	0.115905	0.527338	0.00572627	0.0160641	0.0213715	0.00624218	0.00614824	0.00919798	0.00457436	0.00516987	0.00312225	0.155816	0.0225375	0.0178605	0.0299178	0.022102	0.000815095	0.0073613
124	0.0553934	0.0137636	0.0318452	0.128336	0.00999265	0.0170814	0.0696767	0.0417624	0.0794409	0.0408409	0.0132225	0.118583	0.0109779	0.179204	0.0641688	0.0271047	0.0208988	0.0305182	0.00545681	0.0417321
125	0.0638207	0.00247061	0.34327	0.207614	0.00460672	0.00937651	0.00896429	0.00831705	0.0634856	0.0398229	0.00460942	0.0609507	0.0252189	0.0712177	0.0256118	0.0344574	0.0124015	0.0110204	0.00105413	0.00170932
126	0.0428776	0.00849655	0.029622	0.0533354	0.00451611	0.0167646	0.0488516	0.0030372	0.328313	0.0259761	0.0103212	0.0384676	0.00572897	0.0952274	0.200744	0.038045	0.0234132	0.012744	0.00156456	0.0119542
127	0.00698805	0.0124896	0.00164291	0.00159482	0.0626667	0.00117975	0.00164486	0.109217	0.00369634	0.608853	0.0776515	0.00324328	0.00120377	0.00388554	0.00611294	0.0103898	0.00817336	0.0633947	0.00452856	0.0114438
128	0.112556	0.0220572	0.00683665	0.00937967	0.0165234	0.0252068	0.0139234	0.118064	0.0722925	0.116036	0.0716168	0.0632386	0.01088	0.0424289	0.0252717	0.0793431	0.0782032	0.0869469	0.0190539	0.0101418
129	0.0671704	0.00159325	0.376662	0.201825	0.00507739	0.00788677	0.0058093	0.0082216	0.0554675	0.0446684	0.00272417	0.0688252	0.0283422	0.0454008	0.0237176	0.0320507	0.0102728	0.0118021	0.000612508	0.00187052
130	0.0652447	0.00224223	0.326691	0.208653	0.00429124	0.0231959	0.00881892	0.00864269	0.0707041	0.0324111	0.00537463	0.0608723	0.0279245	0.04849	0.0312693	0.0431549	0.0204577	0.00971778	0.000593448	0.00125005
131	0.0291487	0.0079499	0.0667374	0.10014	0.016163	0.0525545	0.135448	0.0244927	0.0725642	0.0192024	0.0148026	0.147968	0.0163689	0.0875959	0.0392654	0.0390546	0.0192003	0.0430676	0.00649052	0.0617857
132	0.0297264	0.0161099	0.00746863	0.0139934	0.187357	0.00351222	0.030449	0.126853	0.00923107	0.22553	0.0350032	0.00644075	0.0183874	0.00600675	0.012802	0.0159245	0.0309515	0.0892956	0.0410403	0.0939175
133	0.016154	0.0198878	0.00599125	0.00940477	0.0333195	0.00395899	0.00510972	0.159834	0.0145823	0.364531	0.121305	0.00461322	0.0019712	0.00604827	0.0213615	0.0176955	0.0142785	0.167779	0.00264424	0.00952967
134	0.0302911	0.01525	0.00862996	0.0122309	0.127008	0.0126919	0.0205688	0.0599162	0.0354677	0.300551	0.0772102	0.0435033	0.0100597	0.023641	0.0305602	0.0579868	0.0313293	0.0472828	0.0102509	0.0455706
135	0.0313708	0.00357687	0.14364	0.0700076	0.0280718	0.0223779	0.076762	0.0203392	0.109476	0.00814037	0.0426675	0.114457	0.0374216	0.0652859	0.0401359	0.0470437	0.0180602	0.0708586	0.00377614	0.046531
136	0.116951	0.00157725	0.10017	0.103838	0.00258804	0.0829481	0.0223553	0.0130002	0.104646	0.00613482	0.00412623	0.109631	0.00728928	0.0547268	0.0357609	0.155441	0.0590194	0.0147719	0.000453054	0.00457213
137	0.0319288	0.00928528	0.0525985	0.0326766	0.00810745	0.0655511	0.0108286	0.0263639	0.102307	0.0818036	0.0378212	0.0505	0.256417	0.0313701	0.0289491	0.0544987	0.060593	0.0479716	0.0029343	0.00749449
138	0.0246633	0.0179441	0.0997116	0.0107304	0.00772764	0.0434494	0.0165497	0.0864781	0.0677646	0.0150435	0.0109148	0.0647677	0.0531904	0.0117198	0.0297757	0.145292	0.230501	0.0548371	0.00254943	0.00638917
139	0.105983	0.00931295	0.100324	0.140864	0.00242467	0.0797312	0.0188424	0.00806552	0.0887027	0.0184067	0.00902669	0.0351029	0.107303	0.0366056	0.0502709	0.123606	0.0525778	0.00691502	0.00092036	0.00501479
140	0.0868715	0.0782885	0.0311766	0.00547916	0.00507211	0.0351623	0.00469803	0.0154618	0.0147915	0.00553689	0.00494161	0.0228969	0.00871413	0.00804996	0.0212469	0.521391	0.107649	0.00682311	0.00163547	0.0141141
141	0.0372301	0.0134282	0.0240892	0.0563807	0.0546999	0.18068	0.0661263	0.0472884	0.0451103	0.0396329	0.0140711	0.0711353	0.0123302	0.0168093	0.0709402	0.0398124	0.0209698	0.0201757	0.0568398	0.11225
142	0.040099	0.0219516	0.0128816	0.0156794	0.059062	0.00565313	0.017191	0.171998	0.0171097	0.228977	0.090596	0.0047999	0.0140433	0.00737737	0.0232421	0.0169971	0.0377087	0.164416	0.0187358	0.0314808
143	0.156521	0.0119568	0.0388515	0.0525393	0.0104514	0.136664	0.0461182	0.0156532	0.0449772	0.0140538	0.00541871	0.0780186	0.0152449	0.0284971	0.0254739	0.198366	0.0637571	0.031879	0.00294311	0.022615
144	0.0812143	0.00586503	0.0711926	0.112434	0.00371364	0.0385767	0.0244567	0.00878083	0.196771	0.0181262	0.00946486	0.067502	0.00914077	0.101545	0.100735	0.0863204	0.0419935	0.0128914	0.00266666	0.00661034
145	0.0333555	0.00852527	0.241725	0.033313	0.0345024	0.0231749	0.0836315	0.0193039	0.0633773	0.0151707	0.0142695	0.139513	0.0236212	0.0265525	0.0367838	0.0812642	0.0612753	0.0276002	0.00592247	0.027118
146	0.0622796	0.0238451	0.0278402	0.029679	0.0463345	0.0421089	0.0442001	0.0435626	0.0576414	0.0663668	0.0245604	0.0391381	0.0263385	0.0295501	0.044647	0.121898	0.045594	0.0412374	0.134063	0.0491153
147	0.0468971	0.0130158	0.0260326	0.0362315	0.0131344	0.0326255	0.0146336	0.0608724	0.0782039	0.0836358	0.0148549	0.0244918	0.318174	0.0411872	0.0372872	0.0699271	0.0313618	0.0426397	0.00524355	0.00955005
148	0.0327134	0.00881994	0.137567	0.0710329	0.0490924	0.0236156	0.0851179	0.0450208	0.0660252	0.0258595	0.0261028	0.0915534	0.0513587	0.0396761	0.0323814	0.0719519	0.0241171	0.0475079	0.00975809	0.0607273
149	0.0897786	0.0214122	0.0545281	0.0132159	0.0136445	0.587527	0.0149001	0.0101437	0.0106961	0.00360623	0.00448053	0.0347341	0.00607357	0.00892986	0.0206481	0.0691674	0.0201799	0.0105073	0.00285873	0.00296815
150	0.0374048	0.0735923	0.0252449	0.0361622	0.0129123	0.0167828	0.0172583	0.0392251	0.0911764	0.0268618	0.00986654	0.0313099	0.0153189	0.0333027	0.357609	0.0637599	0.0560881	0.0279736	0.00500309	0.0231478
151	0.0966953	0.022549	0.0607884	0.017194	0.0134278	0.549286	0.0210984	0.0118908	0.0138593	0.00504951	0.00536043	0.0330542	0.00752177	0.0117887	0.0206867	0.0697772	0.0199218	0.0138995	0.00256678	0.00358457
152	0.0170833	0.0114255	0.00333845	0.0073843	0.0306094	0.00436057	0.00930807	0.329474	0.015154	0.165855	0.0437382	0.00430626	0.00581674	0.00340378	0.0127255	0.00784742	0.0143295	0.29812	0.00344758	0.0122723
153	0.0176262	0.0103165	0.00509625	0.00159799	0.46869	0.00361132	0.0220359	0.0244227	0.00268216	0.0443931	0.013258	0.00878835	0.00679756	0.0081782	0.00573778	0.00988767	0.0133488	0.0415902	0.0462034	0.245738
154	0.0864021	0.00314479	0.160742	0.182411	0.00251359	0.0648199	0.0162194	0.00842562	0.113753	0.00664471	0.0114728	0.0668577	0.0199403	0.0666456	0.0421206	0.0867053	0.048939	0.0108312	0.000378389	0.00103301
155	0.0667531	0.0052037	0.113889	0.166845	0.00353374	0.0649605	0.0223423	0.00871325	0.154639	0.0110507	0.0146248	0.049633	0.0356722	0.0832263	0.0748916	0.0685458	0.039834	0.0108099	0.000771645	0.00405983
156	0.00820085	0.0139699	0.0571978	0.00950999	0.00284898	0.00425891	0.010807	0.0111279	0.0216182	0.0128475	0.00729128	0.0799515	0.0253716	0.00433898	0.0178102	0.241265	0.459004	0.00851447	0.00103192	0.00303331
157	0.0289768	0.0163095	0.00619547	0.0151285	0.0976649	0.0115116	0.0229986	0.144665	0.0569374	0.22916	0.0537073	0.0102644	0.00835848	0.0224273	0.0364822	0.0355937	0.0212691	0.134433	0.00989398	0.0380227
158	0.0165416	0.0210999	0.00352333	0.00464278	0.0572797	0.00190811	0.00528022	0.120563	0.00649853	0.505186	0.0857681	0.003334	0.0048626	0.00432344	0.00843026	0.0130203	0.0183311	0.0979665	0.00835808	0.0130825
159	0.0114266	0.0197549	0.00186178	0.00325609	0.00837095	0.0126446	0.0038744	0.318773	0.00731525	0.0550336	0.0120754	0.00808149	0.00335187	0.00191323	0.00631186	0.00478015	0.00806854	0.507105	0.000868552	0.00513328
160	0.0308003	0.0104963	0.0237918	0.0457593	0.0397193	0.0263575	0.135841	0.0275873	0.094914	0.0581364	0.0175078	0.0442569	0.0149707	0.0193795	0.0711334	0.0497272	0.0236259	0.0190676	0.118327	0.1286
161	0.0114531	0.0197339	0.00185796	0.00324073	0.00839941	0.0126336	0.00388406	0.319138	0.0072623	0.0550381	0.0119183	0.0080759	0.00336099	0.00191572	0.00625806	0.00479092	0.00806562	0.506955	0.000867476	0.0051514
162	0.0488448	0.00963824	0.101424	0.0298913	0.00844802	0.194014	0.0264305	0.0108892	0.0835859	0.0187405	0.00701725	0.19895	0.0132629	0.0276401	0.0259405	0.135909	0.0327967	0.0118108	0.00264237	0.0121247
163	0.0406002	0.0249753	0.0194662	0.0805996	0.0641777	0.054584	0.0255004	0.125186	0.0428627	0.10504	0.0742464	0.0287463	0.0135458	0.0282851	0.0366924	0.0402621	0.0340586	0.11912	0.0122967	0.0297542
164	0.082145	0.0139085	0.10948	0.150618	0.0178474	0.238781	0.0192945	0.0121947	0.0538188	0.00866263	0.0114861	0.0375278	0.0201927	0.0449661	0.0442643	0.0761686	0.0334517	0.0163033	0.00273894	0.0061503
165	0.0592063	0.0034567	0.292862	0.226452	0.00620432	0.0260799	0.011755	0.0105927	0.0647974	0.0289746	0.00659551	0.0536937	0.0286044	0.0581069	0.0292453	0.0530163	0.0234703	0.0120619	0.00114195	0.0036828
166	0.0332822	0.0137307	0.03716	0.073044	0.0203576	0.0252001	0.201715	0.0276716	0.0799086	0.0361958	0.0154506	0.0701782	0.0165019	0.143267	0.0571537	0.0389597	0.0335223	0.0372193	0.00888251	0.0305998
167	0.0130225	0.0187755	0.00429088	0.00488699	0.060458	0.00358105	0.00483859	0.0815819	0.00754597	0.545771	0.0779706	0.0078365	0.00504565	0.0136605	0.00852199	0.0270722	0.0293018	0.0650708	0.00671419	0.0140535
168	0.037295	0.0266739	0.0312524	0.05069	0.0145205	0.0141784	0.0265255	0.020452	0.188964	0.0305387	0.0127679	0.042801	0.0147806	0.0919043	0.174949	0.103282	0.0457749	0.0198473	0.0304189	0.022383
169	0.0132765	0.00653203	0.00109887	0.00386981	0.0140394	0.0053878	0.00612658	0.410368	0.00772331	0.0929646	0.00877758	0.00502832	0.00594029	0.00118061	0.00739864	0.00464264	0.0108641	0.385565	0.000397651	0.00881843
170	0.0317663	0.0393059	0.00632268	0.00991309	0.0430083	0.00538751	0.00870069	0.194498	0.0147259	0.269784	0.115766	0.00532517	0.00472527	0.00451032	0.0165276	0.0148434	0.0199381	0.174258	0.00649571	0.0141971
171	0.0637416	0.130158	0.0244795	0.00636048	0.00583775	0.0235399	0.00500599	0.0207179	0.0138703	0.00951919	0.00944735	0.0182782	0.00743822	0.00832175	0.0247559	0.478982	0.110849	0.0189882	0.00287722	0.0168321
172	0.0491862	0.0249914	0.011585	0.0142451	0.0385842	0.0198276	0.0389944	0.095327	0.0293096	0.178618	0.0862786	0.0570643	0.0170311	0.0178294	0.0182433	0.0605961	0.121964	0.0582757	0.0419007	0.0201483
173	0.0283672	0.00381076	0.094822	0.471003	0.0117178	0.0220485	0.0180197	0.00767928	0.0158013	0.0101701	0.00628301	0.00820625	0.00492917	0.165386	0.0363701	0.0274206	0.0340468	0.0254685	0.00188787	0.00656173
174	0.0298488	0.00405903	0.0527988	0.0711566	0.0150914	0.00525115	0.00792677	0.0135032	0.217256	0.0557659	0.0176667	0.0518989	0.0158081	0.214735	0.0442236	0.0533724	0.102649	0.00934927	0.0126405	0.00499905
175	0.059509	0.0159985	0.0845532	0.0175025	0.0173538	0.456817	0.0180965	0.0106236	0.0362534	0.00863058	0.00436526	0.0987676	0.00856992	0.0148851	0.0229425	0.0865282	0.019451	0.00979194	0.00326102	0.00609947
176	0.0808751	0.0234895	0.0615455	0.0142414	0.015773	0.569631	0.0146727	0.0104662	0.0111663	0.00368259	0.0048926	0.0414548	0.00765071	0.00906975	0.0225905	0.0752751	0.0177253	0.00959453	0.00293641	0.00326705
177	0.038002	0.00429396	0.398502	0.0614673	0.00958333	0.0228349	0.0310471	0.0106033	0.0675192	0.0194475	0.00679113	0.128111	0.0162277	0.0208716	0.0288874	0.064647	0.0394692	0.0161448	0.00274492	0.0128048
178	0.0159177	0.0205487	0.00746084	0.0116443	0.0223715	0.00236925	0.00630372	0.215282	0.0154727	0.258251	0.135963	0.00290867	0.00185635	0.0028405	0.0236657	0.00993253	0.0146257	0.222661	0.00184811	0.0080766
179	0.0487788	0.00836626	0.0257567	0.0488605	0.00404338	0.0197177	0.0336395	0.00136669	0.363683	0.0269477	0.0108188	0.0365001	0.00540789	0.0861806	0.207173	0.0355807	0.0190397	0.0110745	0.000527797	0.00653715
180	0.0911885	0.00743514	0.135201	0.185542	0.00230123	0.0861045	0.0164588	0.00806711	0.0980787	0.0069701	0.0128602	0.0381773	0.0489239	0.0578057	0.0482357	0.0967889	0.05112	0.0066493	0.000478629	0.0016136
181	0.215383	0.0823579	0.00661972	0.00705347	0.0184799	0.023215	0.00733461	0.0969332	0.0172142	0.0549031	0.0319958	0.0125484	0.00930284	0.0086329	0.00998787	0.112148	0.111407	0.165277	0.00501641	0.00418977
182	0.0180142	0.0103898	0.00512463	0.00252667	0.460027	0.00398086	0.0240655	0.024644	0.00386521	0.0465022	0.013171	0.00926384	0.0068203	0.00813684	0.00726378	0.0102748	0.0132447	0.0409704	0.0459209	0.245794
183	0.0917029	0.00246466	0.130162	0.160347	0.0019839	0.0690487	0.0196154	0.00975474	0.122019	0.00406165	0.00897398	0.0796672	0.0154923	0.0621424	0.0440761	0.107708	0.0589208	0.00997406	0.000331924	0.00155332
184	0.0199915	0.0498366	0.0143749	0.029008	0.00782726	0.0159224	0.0140505	0.0330435	0.0917891	0.0150198	0.0054591	0.0680266	0.00924466	0.0434635	0.335985	0.0609172	0.128952	0.0417232	0.00375648	0.0116085
185	0.0393015	0.0167796	0.00908054	0.0175924	0.122257	0.0047104	0.0262796	0.129571	0.00837241	0.265745	0.0400585	0.00697742	0.0272941	0.00503233	0.0130786	0.0202475	0.0418039	0.0930782	0.0618658	0.0508738
186	0.0696541	0.0280066	0.00644336	0.0233593	0.0736806	0.0396814	0.0221532	0.0537047	0.0858536	0.142096	0.0482773	0.0159972	0.00593014	0.0505754	0.0569151	0.094142	0.0231298	0.101883	0.00304143	0.0554756
187	0.0118208	0.0160259	0.0221633	0.0402644	0.00452949	0.0270893	0.021949	0.0478561	0.112057	0.00851891	0.00450865	0.124783	0.00645591	0.0289503	0.217973	0.052936	0.191339	0.0535094	0.00202704	0.00524443
188	0.106328	0.024568	0.0434384	0.0282402	0.0106035	0.307445	0.0171062	0.0249387	0.0336626	0.0105323	0.00658712	0.0659531	0.0226937	0.0199517	0.0286941	0.158242	0.0639595	0.0177091	0.00262335	0.0067233
189	0.0288111	0.0112828	0.00494468	0.0169608	0.0425182	0.00366487	0.0196389	0.341601	0.00913535	0.142774	0.0282185	0.00459514	0.00936451	0.00378574	0.0155822	0.0181674	0.0247322	0.22828	0.0117086	0.0342338
190	0.0348386	0.00382006	0.0381227	0.0771045	0.0104429	0.00464031	0.00593304	0.0175561	0.213439	0.059029	0.0137249	0.0609686	0.0113331	0.217666	0.0394258	0.0561294	0.106206	0.00878015	0.0165074	0.00433254
191	0.0101223	0.0126936	0.00192756	0.00330487	0.0664126	0.00126146	0.00412376	0.144463	0.00491505	0.543898	0.0707621	0.00268022	0.00253244	0.00286064	0.00736324	0.00942725	0.00962226	0.0802804	0.00638758	0.0149611
192	0.0490673	0.00503743	0.111562	0.342553	0.00532901	0.0469149	0.0253423	0.00967794	0.0568524	0.0103433	0.0101727	0.0451501	0.0138892	0.125271	0.0325665	0.0472013	0.0355272	0.0175562	0.00137813	0.00860884
193	0.0859097	0.00311483	0.137971	0.176898	0.0020518	0.0703163	0.0188784	0.00935715	0.121799	0.00381452	0.0115899	0.0675012	0.0182918	0.0650782	0.0441066	0.0973417	0.0552609	0.00912329	0.000433762	0.00116233
194	0.0555575	0.0134602	0.0059424	0.0356831	0.0560536	0.0400914	0.0284261	0.0528732	0.0967534	0.14561	0.039864	0.0123325	0.00636777	0.0484823	0.0711253	0.0989781	0.027713	0.111765	0.00198055	0.0509407
195	0.027022	0.0288188	0.00709746	0.0106071	0.0443881	0.00254191	0.0103172	0.203433	0.0130234	0.269618	0.111145	0.00303419	0.00657565	0.00321612	0.0172257	0.0115132	0.0210631	0.181428	0.00891919	0.0190121
