253	20
1	0.0892292	0.00191617	0.0728804	0.0279491	0.0146937	0.0284309	0.0258991	0.0042436	0.142859	0.067599	0.0775245	0.0621826	0.00301228	0.0788902	0.109404	0.0834015	0.0575978	0.0300973	0.000452644	0.0217373
2	0.011747	0.0159058	0.00395544	0.00489289	0.351709	0.00216259	0.00847923	0.0685414	0.0105479	0.235773	0.0667504	0.00361195	0.00339355	0.00578473	0.00764072	0.00729054	0.00969114	0.0489879	0.0249488	0.108186
3	0.00560271	0.000379527	0.000712142	0.0157427	0.0651621	0.000646068	0.0110618	0.368756	0.00830581	0.0333408	0.000748155	0.00116139	0.000411881	0.00448526	0.0228774	0.0119655	0.0295384	0.260073	0.00352883	0.1555
4	0.0202517	0.00307575	0.594645	0.03378	0.00599974	0.0098683	0.026006	0.00426523	0.0108507	0.00355119	0.00315516	0.111225	0.0227638	0.00589139	0.0075215	0.107041	0.0134527	0.00589528	0.00531605	0.00544534
5	0.0293885	0.000665038	0.00268008	0.0880149	0.0159874	0.00102771	0.0395513	0.038119	0.218219	0.00825761	0.000953318	0.00466086	0.000653096	0.114854	0.220279	0.0435964	0.0973527	0.0351598	0.000341444	0.040238
6	0.384427	0.0614969	0.00116602	0.00179116	0.0172971	0.0141857	0.00167232	0.0910902	0.00223693	0.0429105	0.00340894	0.0018227	0.00163353	0.00155515	0.00184511	0.0146681	0.0444801	0.311248	0.000221405	0.000843149
7	0.025206	0.000435287	0.0171404	0.0832495	0.0110717	0.00242622	0.01494	0.0561921	0.197144	0.0240017	0.00544441	0.0411208	0.000381317	0.0440949	0.192852	0.0504727	0.0963781	0.112605	0.00176403	0.0230794
8	0.00232291	0.00350926	0.000447893	0.00055341	0.00997651	0.00173749	0.000356949	0.693171	0.000700398	0.0686877	0.00974334	0.00245389	0.000173622	0.000480466	0.000589922	0.00533115	0.0145035	0.183305	8.80781e-05	0.00186728
9	0.0045375	0.00112532	0.0166248	0.117652	0.16527	0.00477556	0.056181	0.0626331	0.0650496	0.0235821	0.0212503	0.0649218	0.00129543	0.0238226	0.035848	0.0648423	0.0748707	0.032117	0.0103572	0.153244
10	0.0248913	0.0051713	0.00121214	0.0025358	0.0143418	0.000399912	0.00125729	0.183705	0.00145435	0.206419	0.044546	0.000656963	0.000930568	0.0012974	0.00147645	0.00132249	0.0144656	0.489332	9.44746e-05	0.00448957
11	0.0305175	0.000674486	0.00248556	0.0889608	0.0161648	0.00144685	0.0396782	0.0378775	0.219951	0.00785639	0.00108072	0.00437002	0.000712445	0.116323	0.218238	0.0436435	0.0956848	0.0343346	0.000325562	0.0396744
12	0.517104	0.000941982	0.00825222	0.00946369	0.00143679	0.338432	0.00174832	0.0022049	0.00286393	0.00208552	0.00127161	0.00232225	0.000934673	0.00173865	0.00809111	0.0935436	0.00345959	0.00252203	0.000362845	0.00122045
13	0.0170327	0.000137529	0.00106249	0.00141073	0.000255368	0.969727	0.000905245	0.000256573	0.000936399	0.000283799	0.000190362	0.00268774	0.00011433	0.00111019	0.00035355	0.00182882	0.00107877	0.000383902	5.25122e-05	0.000191698
14	0.0155765	0.00122772	0.205794	0.00335111	0.0018659	0.00251872	0.0023523	0.00275268	0.324656	0.00279363	0.00179713	0.268693	0.00117217	0.00267337	0.0553895	0.0654644	0.0352006	0.00390757	0.000562177	0.00225116
15	0.0166544	0.000129383	0.000206788	0.000915199	0.00020418	0.974164	0.000912441	0.000244895	0.00039924	0.000258129	0.000187764	0.00111612	0.000112856	0.00107675	0.000343903	0.00150062	0.00101935	0.000329325	4.92843e-05	0.000175374
16	0.0166243	0.000146664	0.0015684	0.001694	0.00027334	0.967931	0.000913693	0.000279414	0.0012058	0.000287889	0.000203186	0.00340893	0.000113812	0.00121908	0.000387992	0.00180804	0.00126044	0.000446514	4.9791e-05	0.000178003
17	0.0240757	0.00107587	0.439285	0.01379	0.00170706	0.0017488	0.0572792	0.00237321	0.00340193	0.00243146	0.00212679	0.386328	0.00173927	0.00259697	0.0230152	0.0206674	0.0116497	0.00284054	0.00039966	0.00146871
18	0.0166207	0.000129328	0.000330702	0.00102337	0.000207598	0.973507	0.000911508	0.000244863	0.000499519	0.000258124	0.000188381	0.00140402	0.000112943	0.00108412	0.000344244	0.00150613	0.00105874	0.000339463	5.02341e-05	0.000178797
19	0.321947	0.147788	0.00216012	0.0127626	0.00262207	0.0121745	0.0132269	0.147941	0.0337993	0.0217985	0.056261	0.00476809	0.00147206	0.0234381	0.0127286	0.0689829	0.0188963	0.0930337	0.000940555	0.00325942
20	0.123874	0.0431091	0.00117042	0.00668049	0.00799919	0.00510425	0.00117113	0.360529	0.00752381	0.0725566	0.114269	0.00693962	0.00200441	0.00177456	0.00182113	0.0378695	0.0700852	0.13423	0.000272529	0.00101573
21	0.0623104	0.0114226	0.00188774	0.00279811	0.00209185	0.0100889	0.00178379	0.00207481	0.0030346	0.0018959	0.00227649	0.00559778	0.000885105	0.00212132	0.00559264	0.773417	0.106163	0.00246406	0.000342134	0.00175183
22	0.0104351	0.00333775	0.00373249	0.00308373	0.398065	0.0014106	0.0100749	0.0617951	0.00982096	0.127514	0.0419523	0.00282456	0.00365779	0.00603036	0.00769875	0.00585455	0.0153279	0.0745755	0.0543746	0.158434
23	0.0145296	0.0039664	0.00522476	0.00892432	0.0286774	0.00507571	0.212362	0.00991966	0.0905902	0.030157	0.00443865	0.0195899	0.00256683	0.00693323	0.497728	0.0157147	0.0180937	0.0180342	0.000921691	0.00655153
24	0.0249917	0.00538569	0.00608202	0.0101586	0.019318	0.0067676	0.261104	0.0184146	0.122362	0.0197924	0.00352866	0.0396673	0.00245204	0.0102681	0.342388	0.0306139	0.0338064	0.0319069	0.00097706	0.0100147
25	0.250784	0.00793341	0.0204546	0.147418	0.00718575	0.0140876	0.0266036	0.0168103	0.158398	0.0435359	0.0867402	0.0205406	0.00859572	0.0413969	0.0541378	0.0306289	0.0246937	0.0265686	0.00159068	0.0118948
26	0.142108	0.00426143	0.00784065	0.0113208	0.0062242	0.00728724	0.00721976	0.0520489	0.425851	0.11072	0.00655596	0.0133614	0.036042	0.0120439	0.0159951	0.0758123	0.0431743	0.0138412	0.00189309	0.00639847
27	0.00466839	0.00125251	0.00225504	0.00385591	0.456402	0.0127842	0.0778897	0.00297423	0.0265602	0.0032592	0.00208312	0.0146821	0.00112686	0.00294969	0.0145902	0.00469385	0.00382897	0.00372551	0.000588889	0.35983
28	0.033719	0.00308485	0.00517051	0.112096	0.00424221	0.00446865	0.0051669	0.322977	0.0880763	0.00933317	0.0519946	0.00758277	0.00295509	0.0150782	0.0430106	0.0092516	0.0108182	0.23281	0.00113486	0.0370285
29	0.281366	0.00316909	0.0991696	0.101425	0.00428481	0.00542257	0.00835267	0.00512379	0.00980784	0.0060538	0.0058692	0.0556226	0.249499	0.0566196	0.0293824	0.0561242	0.00861124	0.00855973	0.00102118	0.00451575
30	0.0289528	0.0118166	0.0792358	0.0622197	0.11776	0.0022852	0.0136383	0.00277042	0.18236	0.0983327	0.0661048	0.169567	0.00125786	0.0236547	0.103245	0.00538935	0.00463475	0.00337322	0.000523382	0.0228779
31	0.0177731	0.000129883	0.00022069	0.000986223	0.000205391	0.972475	0.000934532	0.000259932	0.000412454	0.000261444	0.000187348	0.00111531	0.000112857	0.00107716	0.000374667	0.0018666	0.0010496	0.000333686	4.95412e-05	0.000174662
32	0.0187049	0.000322112	0.00603079	0.0047911	0.00120385	0.931607	0.00132328	0.00120625	0.00405106	0.00104609	0.000900885	0.0104069	0.000347665	0.00600141	0.00182691	0.00426221	0.00286557	0.00176679	0.000238972	0.00109634
33	0.0294798	0.00125062	0.00736719	0.0185069	0.0020172	0.00205504	0.00915227	0.00274348	0.0285179	0.00968603	0.0126336	0.00641975	0.798429	0.0188123	0.0108598	0.0113921	0.0083175	0.0201474	0.000423358	0.00178914
34	0.0275533	0.000844841	0.427399	0.00500288	0.0142183	0.00841213	0.0302712	0.00205726	0.00316199	0.00191674	0.00159746	0.170271	0.000775477	0.00204382	0.00262564	0.26055	0.00290831	0.00285892	0.0217125	0.0138191
35	0.0166124	0.000129603	0.000337678	0.000994866	0.000219352	0.973462	0.000910254	0.000245141	0.00051821	0.000256795	0.00019519	0.00145821	0.000114491	0.00108242	0.000353206	0.00150275	0.00104277	0.000341145	4.92846e-05	0.000173733
36	0.0166544	0.000129383	0.000206788	0.000915199	0.00020418	0.974164	0.000912441	0.000244895	0.00039924	0.000258129	0.000187764	0.00111612	0.000112856	0.00107675	0.000343903	0.00150062	0.00101935	0.000329325	4.92843e-05	0.000175374
37	0.0359014	0.00364364	0.306486	0.0114493	0.00200065	0.00592146	0.0526448	0.00252879	0.0258845	0.0025459	0.0015041	0.354487	0.0217241	0.00845908	0.0571425	0.0857066	0.0114708	0.00816727	0.000367017	0.00196541
38	0.0165293	0.000128633	0.000981299	0.00136924	0.000271244	0.970821	0.000910377	0.000251089	0.000875966	0.000271469	0.000190272	0.00240452	0.000112541	0.00118831	0.000357355	0.00158697	0.00110608	0.000419441	4.82195e-05	0.000176484
39	0.0175491	0.000129137	0.000214272	0.00096723	0.000204181	0.972961	0.000919803	0.000241802	0.000403088	0.000255075	0.000189171	0.00111919	0.00011283	0.0010737	0.000375056	0.00170575	0.00102166	0.00033313	4.92072e-05	0.000175998
40	0.00460986	0.00121863	0.123707	0.0122603	0.00161146	0.00170873	0.0693433	0.020047	0.269377	0.00246417	0.00192723	0.138547	0.0102701	0.019837	0.282077	0.00410882	0.0221489	0.00306825	0.00989096	0.00177822
41	0.0178624	0.000129632	0.000473532	0.0011865	0.000215276	0.970535	0.000925283	0.00026783	0.000550864	0.00028485	0.00019266	0.0017845	0.000113241	0.00130292	0.000415633	0.00214339	0.00103915	0.000352269	4.97938e-05	0.000174823
42	0.0166544	0.000129383	0.000206788	0.000915199	0.00020418	0.974164	0.000912441	0.000244895	0.00039924	0.000258129	0.000187764	0.00111612	0.000112856	0.00107675	0.000343903	0.00150062	0.00101935	0.000329325	4.92843e-05	0.000175374
43	0.0198931	0.000849188	0.406118	0.00395178	0.0131267	0.00614844	0.0385525	0.00177425	0.00261362	0.00163952	0.00145068	0.183402	0.000718552	0.00183298	0.0022762	0.284126	0.00245263	0.00240799	0.0143076	0.0123582
44	0.0207525	0.00181443	0.00041617	0.00063707	0.004922	0.000357259	0.000410791	0.276375	0.000788352	0.0566235	0.00185	0.000650225	0.000250571	0.000558218	0.000651377	0.000821116	0.000908166	0.630773	9.53742e-05	0.000345022
45	0.00559134	0.000381125	0.000711695	0.0157236	0.065101	0.000646149	0.0110388	0.368902	0.00831932	0.0333512	0.000748427	0.00116151	0.000411805	0.00448022	0.0228616	0.0120067	0.0295283	0.260011	0.0035419	0.155482
46	0.0034636	0.00410213	0.000960569	0.00125764	0.115682	0.000636817	0.000974774	0.169373	0.0022041	0.607923	0.0393778	0.00134563	0.000417062	0.0011364	0.00174667	0.00162408	0.00307164	0.0430925	0.000451217	0.00115982
47	0.00488723	0.00113104	0.00196295	0.142505	0.00152641	0.00172222	0.00195888	0.116947	0.127217	0.0269676	0.0199161	0.00289576	0.00116491	0.0738866	0.112083	0.00377398	0.020322	0.327447	0.000496148	0.0111895
48	0.516773	0.0285224	0.00142752	0.00330682	0.00366837	0.124639	0.0052784	0.0327436	0.00399332	0.0216142	0.00519048	0.00852722	0.00887614	0.0017995	0.00223823	0.0685926	0.0717811	0.0894777	0.000394404	0.00115567
49	0.0106945	0.00180467	0.466484	0.0831685	0.00255235	0.0166664	0.012219	0.0177447	0.00749649	0.00462227	0.00286621	0.194763	0.00956475	0.00538687	0.0196191	0.0537119	0.0682814	0.0186677	0.000696334	0.00298982
50	0.0732854	0.00885026	0.0379265	0.203117	0.00860945	0.0164398	0.0189475	0.00118141	0.103254	0.0388526	0.00110302	0.0129989	0.278442	0.0297227	0.0378153	0.0655354	0.0334425	0.0137998	0.000255334	0.0164209
51	0.0623111	0.00110827	0.0665776	0.051852	0.00647981	0.163115	0.0168216	0.00280174	0.0719194	0.00237961	0.00171779	0.31384	0.000886101	0.0259885	0.0418423	0.149755	0.0155222	0.00279425	0.000393503	0.00189326
52	0.0280016	0.0156385	0.0166715	0.0493743	0.0109824	0.00636231	0.00173667	0.136963	0.0226995	0.310688	0.162062	0.0023703	0.000775871	0.0540259	0.00243178	0.0146874	0.020197	0.123619	0.000471338	0.0202403
53	0.0216169	0.00164074	0.0640166	0.0223617	0.00259752	0.00343258	0.0687521	0.00462439	0.0192453	0.0180677	0.00294142	0.391744	0.00187846	0.0202276	0.028278	0.178161	0.114853	0.018824	0.000543427	0.0161945
54	0.00412508	0.000890493	0.00921013	0.00225787	0.00137932	0.00144993	0.00183596	0.00934116	0.0103611	0.00199789	0.00154311	0.114924	0.000823141	0.00551949	0.00276625	0.33698	0.489882	0.00279947	0.000445314	0.00146896
55	0.00633658	0.00473532	0.00151327	0.00194531	0.115209	0.00133546	0.00186697	0.157183	0.00438834	0.574	0.0436144	0.00189519	0.000894074	0.00182036	0.00304034	0.0025015	0.00503902	0.055289	0.00193792	0.0154553
56	0.0371687	0.0112694	0.0209341	0.0463404	0.0141713	0.00774198	0.00148846	0.127057	0.0153867	0.32798	0.16469	0.00209867	0.000622887	0.0518648	0.00221031	0.017629	0.0185125	0.111631	0.000435042	0.0207663
57	0.0714975	0.00561812	0.330549	0.151144	0.0114195	0.0187649	0.0257486	0.0101895	0.0298853	0.00134834	0.00568017	0.139436	0.0974165	0.00165252	0.0128686	0.0722324	0.0111817	0.00222584	0.000205573	0.000936544
58	0.00986356	0.00221916	0.0029022	0.00105353	0.422502	0.000633492	0.011341	0.0590362	0.00903387	0.162361	0.0415206	0.000997131	0.00363852	0.00513664	0.00705181	0.00370075	0.00641668	0.0602298	0.0139154	0.176447
59	0.0299109	0.000780056	0.00139898	0.0546759	0.00913247	0.002289	0.0539263	0.01981	0.297132	0.0048286	0.00118496	0.00859238	0.00469084	0.0928905	0.253085	0.0407019	0.0686826	0.0270179	0.000338524	0.0289308
60	0.00796195	0.00195683	0.0197049	0.0595178	0.197036	0.0488222	0.157724	0.00918823	0.044461	0.0380505	0.00483031	0.0560538	0.0017997	0.0359692	0.0679176	0.0584568	0.0116226	0.00843755	0.00177409	0.168715
61	0.00984827	0.0013215	0.00313794	0.0333448	0.0419863	0.00311229	0.184346	0.109578	0.26284	0.0555	0.00341594	0.0482506	0.00159692	0.0309879	0.0801323	0.0348556	0.0234366	0.0547383	0.00107606	0.0164956
62	0.0115461	0.00149935	0.00332581	0.000900017	0.425643	0.000596216	0.01504	0.0748158	0.00734915	0.145171	0.0427991	0.000855477	0.00241943	0.00630425	0.00883649	0.00409454	0.004866	0.0629535	0.00967867	0.171306
63	0.0332362	0.000496701	0.0086367	0.0559343	0.0168336	0.00415363	0.0161623	0.0591556	0.248106	0.0235052	0.0105353	0.0391683	0.00041613	0.0274517	0.203498	0.0481836	0.0659643	0.112509	0.00339113	0.0226624
64	0.506861	0.00108961	0.00858924	0.00934112	0.00142623	0.348662	0.00168189	0.00247908	0.00333234	0.00233491	0.00123028	0.00342999	0.00100355	0.00176493	0.00781038	0.0901391	0.00427804	0.0028875	0.000324914	0.00133432
65	0.0774402	0.000473954	0.106983	0.358132	0.000959961	0.0367977	0.000855454	0.00871804	0.143906	0.00110354	0.00442931	0.014056	0.0736769	0.0860782	0.0308504	0.0270696	0.0139277	0.00947197	0.000178115	0.00489273
66	0.0505884	0.00953145	0.170569	0.0120089	0.00198971	0.00183251	0.0569636	0.00261191	0.0544666	0.00253571	0.00165151	0.286732	0.0691077	0.0194147	0.0731913	0.161751	0.00321076	0.0198999	0.000279346	0.00166366
67	0.0195328	0.000132141	0.00028032	0.000970783	0.000219693	0.97007	0.000916465	0.000250717	0.00042383	0.000260173	0.000189323	0.00112375	0.000124258	0.00108028	0.000424846	0.00238005	0.00102777	0.000363779	4.9308e-05	0.000179295
68	0.0209986	0.000455534	0.0400244	0.49338	0.00605087	0.0690852	0.00121948	0.0162659	0.055387	0.00770922	0.00117263	0.00153838	0.0075253	0.164341	0.0329102	0.0141665	0.026762	0.0398536	0.000198672	0.000954881
69	0.0414114	0.00116081	0.0250479	0.0133098	0.00192442	0.0335348	0.099699	0.00236085	0.112787	0.00269482	0.0211222	0.488273	0.084981	0.0166878	0.0225948	0.0135803	0.00338812	0.00330203	0.000405995	0.0117347
70	0.016592	0.000129556	0.000505663	0.00112886	0.000227233	0.972762	0.00091267	0.000249255	0.000594009	0.000267907	0.000189559	0.00170298	0.000114975	0.00109509	0.000346674	0.00152334	0.00107039	0.000350994	4.92157e-05	0.000188019
71	0.07287	0.00114686	0.0306469	0.0518073	0.00180501	0.156032	0.00243246	0.00273063	0.147858	0.0354483	0.104784	0.00382075	0.00112026	0.163341	0.127765	0.0775686	0.0129554	0.00367908	0.000506509	0.00168115
72	0.0700827	0.0012051	0.0542986	0.0124042	0.0657766	0.00201093	0.279238	0.0125671	0.0241181	0.00291833	0.00201329	0.0528933	0.0013456	0.0128896	0.0138397	0.0415019	0.15424	0.0241877	0.000356835	0.172112
73	0.0164863	0.000129066	0.000690534	0.00121746	0.000252935	0.972223	0.000904251	0.000243654	0.000623085	0.00026262	0.000187843	0.00195463	0.00013615	0.00111722	0.000344797	0.00155437	0.00105245	0.00038564	5.00432e-05	0.000183906
74	0.223023	0.0010888	0.00183255	0.0143856	0.00164647	0.00181995	0.0171976	0.00251679	0.385453	0.00277744	0.00178008	0.0139118	0.0111941	0.0186238	0.241716	0.0229354	0.0127818	0.0126382	0.00051367	0.0121641
75	0.0591115	0.00076002	0.111233	0.0179838	0.0134735	0.0980211	0.0128201	0.00189024	0.106404	0.00185152	0.00146459	0.331317	0.000890654	0.0131044	0.0568178	0.130913	0.0382708	0.00218076	0.000309765	0.00118172
76	0.405033	0.00105404	0.00746572	0.00916323	0.00187844	0.431051	0.00227789	0.00266972	0.00347936	0.00240099	0.00158121	0.00285715	0.00110844	0.00228046	0.0115851	0.106198	0.00332724	0.00272734	0.000456836	0.00140541
77	0.0799872	0.00052108	0.114428	0.360668	0.000952584	0.0311435	0.000913814	0.00866081	0.152146	0.00112368	0.0049133	0.0135153	0.0684476	0.0783894	0.033124	0.0241684	0.0130713	0.00930849	0.000164737	0.00435211
78	0.00674601	0.000973394	0.744368	0.0153828	0.00149376	0.00257154	0.0289637	0.00284701	0.00302066	0.00164652	0.00143536	0.0861022	0.0374085	0.00195828	0.00352325	0.0432306	0.0135054	0.00332934	0.000284924	0.00120835
79	0.00253091	0.0112199	0.00131493	0.00680047	0.00132021	0.00109631	0.00110167	0.112608	0.0325448	0.662533	0.0240925	0.00647885	0.00080981	0.00147018	0.0150783	0.00268521	0.034026	0.0806405	0.000260214	0.00138779
80	0.00560271	0.000379527	0.000712142	0.0157427	0.0651621	0.000646068	0.0110618	0.368756	0.00830581	0.0333408	0.000748155	0.00116139	0.000411881	0.00448526	0.0228774	0.0119655	0.0295384	0.260073	0.00352883	0.1555
81	0.00415715	0.00299541	0.000408791	0.000558829	0.0107355	0.00142748	0.000362682	0.61322	0.000618935	0.105869	0.0171897	0.00175803	0.000185329	0.000457928	0.000587746	0.00437953	0.0118202	0.221558	7.53458e-05	0.00163407
82	0.0218721	0.00142924	0.0647766	0.0475135	0.0112728	0.011155	0.0289538	0.0028104	0.434183	0.0324906	0.0017532	0.0221767	0.06504	0.0125371	0.161704	0.0441855	0.0126205	0.00318338	0.000476389	0.0198657
83	0.026942	0.00253609	0.000468253	0.000817621	0.00614992	0.000410488	0.000533196	0.263024	0.000861562	0.0806442	0.00691783	0.000724532	0.000322993	0.000622857	0.000757757	0.000958122	0.00258844	0.603642	9.47392e-05	0.000983538
84	0.0298705	0.00134556	0.0111097	0.0204675	0.0021827	0.00229167	0.00895932	0.00294357	0.0285857	0.0101386	0.0119675	0.00786849	0.789681	0.017597	0.0110173	0.0132654	0.00833112	0.0198396	0.000480999	0.00205648
85	0.0671038	0.0450418	0.0201538	0.0470314	0.0117792	0.0121956	0.00228839	0.0658458	0.0042361	0.154889	0.022096	0.0139629	0.165012	0.0512209	0.0237104	0.0150004	0.0138062	0.26187	0.000536038	0.00222032
86	0.0105497	0.000383637	0.042087	0.0285711	0.00331755	0.772517	0.00123248	0.00115259	0.0270913	0.00108816	0.00128518	0.0847837	0.000422692	0.00478912	0.00205213	0.00649363	0.00709255	0.00426361	0.000105168	0.000721608
87	0.0830298	0.0108116	0.0186124	0.0230601	0.0143387	0.0115808	0.014942	0.0760394	0.047369	0.0419727	0.0213616	0.03128	0.00640663	0.0202046	0.0346343	0.0670746	0.303751	0.158012	0.00182719	0.0136913
88	0.00288529	0.000649985	0.0849443	0.0576365	0.0063962	0.581056	0.00123042	0.00168208	0.0540164	0.00171313	0.00133628	0.165879	0.000681595	0.00755132	0.00201727	0.00853783	0.0127486	0.00777008	0.000275542	0.00099186
89	0.064464	0.000420111	0.0500906	0.347265	0.00595872	0.0113623	0.0143766	0.0154007	0.129901	0.0267451	0.0186233	0.0213861	0.000438969	0.0782566	0.0716244	0.0528011	0.0551011	0.0308957	0.000145182	0.00474385
90	0.0160728	0.00534244	0.00282753	0.0102526	0.0229449	0.000505706	0.00328943	0.226018	0.00380712	0.218959	0.0288168	0.000898632	0.00294462	0.00364738	0.00337769	0.00161579	0.0272403	0.416168	0.000128079	0.00514343
91	0.00532667	0.00896804	0.000648918	0.000951358	0.0236921	0.000535988	0.000531206	0.257759	0.00264155	0.55803	0.0577633	0.000953631	0.000314583	0.000728943	0.00127198	0.00120987	0.00613332	0.0690889	0.000350547	0.00310017
92	0.357203	0.0650744	0.0030073	0.0186671	0.0178764	0.12555	0.0429161	0.0279771	0.0187951	0.0397081	0.020361	0.0175965	0.00421022	0.00341622	0.00430186	0.0132747	0.0547276	0.16207	0.00080284	0.00246451
93	0.0387965	0.00411049	0.204332	0.371147	0.0304031	0.022178	0.0129155	0.0138381	0.0479386	0.0131737	0.0101005	0.0346682	0.0235989	0.0559533	0.0262411	0.0361098	0.0274501	0.0201626	0.00122747	0.00565441
94	0.00462641	0.00774548	0.000604596	0.000696312	0.0447264	0.000380605	0.000479609	0.199126	0.00205133	0.611604	0.0656882	0.000800937	0.000279712	0.000620781	0.00104344	0.00106746	0.00486456	0.051194	0.000460371	0.00193954
95	0.071738	0.000830397	0.0449363	0.0114822	0.00606687	0.00135571	0.00845217	0.0989547	0.03706	0.0719759	0.0125875	0.03859	0.00654992	0.00696688	0.018057	0.0752622	0.250997	0.225042	0.000319718	0.0127759
96	0.0162077	0.00561492	0.00297473	0.0104075	0.0210428	0.000489385	0.0029012	0.225186	0.00342554	0.219446	0.0296737	0.000793636	0.00256268	0.00315496	0.00344794	0.00158416	0.0262763	0.419829	0.00014032	0.00484183
97	0.0647459	0.00333109	0.000679265	0.00104598	0.00553389	0.000537095	0.000662054	0.291354	0.00119605	0.0975258	0.00110718	0.00107957	0.000372074	0.000753057	0.000910875	0.0012246	0.00124593	0.524337	9.61204e-05	0.00226279
98	0.360754	0.0630701	0.00192321	0.00325737	0.027677	0.0216084	0.00288089	0.0768518	0.00675343	0.143232	0.0136157	0.00289095	0.00690879	0.0024608	0.00444323	0.00732363	0.0237866	0.225814	0.000270789	0.00447755
99	0.0401396	0.00054537	0.00098172	0.0194197	0.00113414	0.00206139	0.0473434	0.00196811	0.405106	0.00142777	0.00177813	0.0255893	0.0116748	0.0675552	0.323608	0.0196098	0.0126746	0.00481179	0.000225578	0.012346
100	0.0166544	0.000129383	0.000206788	0.000915199	0.00020418	0.974164	0.000912441	0.000244895	0.00039924	0.000258129	0.000187764	0.00111612	0.000112856	0.00107675	0.000343903	0.00150062	0.00101935	0.000329325	4.92843e-05	0.000175374
101	0.0163831	0.000135721	0.00143742	0.0017199	0.000290517	0.968431	0.000912428	0.00026288	0.00114757	0.000278608	0.000213759	0.00375767	0.000107683	0.00114039	0.000380335	0.00158961	0.00116211	0.00041511	5.12002e-05	0.000183395
102	0.0186012	0.00390266	0.00564145	0.0199982	0.00894635	0.00876271	0.0123244	0.010111	0.312504	0.0617757	0.009829	0.0147066	0.000960933	0.0176598	0.459989	0.0129974	0.00177466	0.00835693	0.00290398	0.00825469
103	0.0169998	0.000139137	0.000844937	0.00136533	0.000241705	0.970293	0.000974922	0.000249816	0.000774928	0.000292799	0.000211709	0.00229613	0.00011356	0.00116667	0.000462959	0.00187723	0.00109086	0.000376302	4.79363e-05	0.000179997
104	0.019621	0.000137567	0.000446467	0.000996415	0.000230245	0.968499	0.000923071	0.000374976	0.000403204	0.000310305	0.000226898	0.00128879	0.000113491	0.00108315	0.00065693	0.0029663	0.001037	0.000360171	7.50524e-05	0.000249928
105	0.0159858	0.0028985	0.00421303	0.012813	0.00603363	0.00585334	0.0125331	0.0102634	0.323512	0.107401	0.0110558	0.0127926	0.000705703	0.0160476	0.41987	0.00929906	0.00241396	0.0091406	0.00651061	0.0106564
106	0.0169635	0.000139475	0.000645585	0.00125057	0.00027084	0.971623	0.000928299	0.000264447	0.000711409	0.000264728	0.000202055	0.00190073	0.000112725	0.0010878	0.000358308	0.00159837	0.00108582	0.000357321	5.08814e-05	0.000183983
107	0.0433988	0.00544937	0.0906636	0.0277472	0.0100975	0.035966	0.034893	0.0107293	0.0527135	0.0135676	0.00941017	0.427749	0.017298	0.0180634	0.0308855	0.104056	0.0397931	0.0161645	0.00127976	0.0100748
108	0.310092	0.0416285	0.00191888	0.0130708	0.0111109	0.00223512	0.0029296	0.107433	0.0322111	0.0127925	0.091731	0.0218876	0.00979914	0.0301978	0.00361943	0.0527896	0.12387	0.0933978	0.00975159	0.0275336
109	0.0962463	0.0163372	0.00297435	0.00522411	0.00398136	0.0167093	0.295296	0.00357407	0.14176	0.00512562	0.00262776	0.04743	0.0017544	0.00382175	0.212373	0.101245	0.0205546	0.00733748	0.000729893	0.014898
110	0.0100436	0.00243146	0.00291747	0.00136253	0.422278	0.000707854	0.0109393	0.0565218	0.00967842	0.161916	0.0418484	0.00128892	0.00375092	0.00514655	0.00722041	0.00397138	0.00746632	0.0588282	0.0153113	0.176371
111	0.255476	0.0135773	0.00228475	0.00811713	0.00196716	0.00204775	0.00215067	0.0296765	0.194427	0.0285713	0.0368372	0.00369323	0.00122803	0.0200868	0.0719593	0.0640697	0.101779	0.157769	0.000611687	0.00367043
112	0.0040213	0.000837594	0.00911779	0.00226035	0.00137592	0.00145051	0.00185236	0.00944481	0.0105234	0.00201135	0.00155531	0.116257	0.000812599	0.00555465	0.00276803	0.33359	0.491904	0.00274513	0.00042898	0.00148917
113	0.255489	0.00130493	0.00221126	0.00364605	0.0109685	0.0214549	0.0200078	0.0025744	0.0283112	0.00273152	0.00215189	0.0421645	0.122832	0.0116228	0.0165961	0.425107	0.0254998	0.00304127	0.00052197	0.00176296
114	0.0780526	0.00122813	0.00240365	0.00370256	0.0109884	0.00204508	0.00221657	0.0581739	0.129845	0.00331856	0.0120085	0.0229883	0.00127194	0.0125898	0.176271	0.0823479	0.263934	0.133758	0.000545055	0.00231172
115	0.0140212	0.00126164	0.00285916	0.0185757	0.00255867	0.0150606	0.0203443	0.00517846	0.381574	0.00298976	0.00353838	0.0176327	0.0173694	0.124394	0.257601	0.0473214	0.0513458	0.00956802	0.000622775	0.00618295
116	0.513582	0.0186611	0.00158661	0.00273528	0.00469249	0.0239145	0.00193638	0.0791816	0.0037121	0.01051	0.00185007	0.00290497	0.00247124	0.00212923	0.00298589	0.0302198	0.108113	0.186998	0.000423268	0.00139103
117	0.0300503	0.00165842	0.0094598	0.0200495	0.00267661	0.00271741	0.00902545	0.00341592	0.0318683	0.0124696	0.0136801	0.00739564	0.773644	0.0192828	0.0122457	0.0121039	0.00974912	0.0261122	0.00051523	0.00188028
118	0.0782534	0.00142372	0.0869905	0.0263609	0.02211	0.0262257	0.0273014	0.00307524	0.1487	0.0533949	0.0761572	0.0711681	0.0023116	0.0662521	0.115262	0.0776096	0.0656201	0.0229367	0.000455592	0.028391
119	0.0111687	0.00149962	0.0032983	0.000887221	0.42538	0.000593325	0.0147421	0.0746733	0.00731432	0.146077	0.0428736	0.000857044	0.00245064	0.00618589	0.00859492	0.00408533	0.00482555	0.0630976	0.0098302	0.171566
120	0.242999	0.0754161	0.00385818	0.0105086	0.0190665	0.0300889	0.0037891	0.00369042	0.00657199	0.00421615	0.00838561	0.0486864	0.00298532	0.00481584	0.0647842	0.427323	0.0162376	0.00540061	0.000681109	0.020496
121	0.0166653	0.000911005	0.028669	0.498498	0.00565911	0.0505786	0.00313912	0.0199223	0.0541476	0.0317303	0.00316972	0.00359342	0.0123143	0.169527	0.0336795	0.0132151	0.0212432	0.0308282	0.000395437	0.00211336
122	0.118995	0.00405658	0.025342	0.0352606	0.010052	0.0335256	0.0138681	0.0141203	0.188953	0.149226	0.00554186	0.0847314	0.026459	0.0640484	0.092924	0.075769	0.0227452	0.0194093	0.000516584	0.0144563
123	0.0211375	0.000146381	0.000351289	0.00112952	0.000218138	0.966969	0.000933211	0.000290495	0.000563797	0.000282891	0.000221129	0.00117271	0.000119207	0.00111063	0.00051147	0.00297143	0.00124607	0.000359745	5.50904e-05	0.000210219
124	0.0525645	0.000476629	0.0669239	0.378958	0.00794974	0.0118524	0.0140823	0.0188913	0.0935453	0.02696	0.0208399	0.0211726	0.000876858	0.0868723	0.0512181	0.0574622	0.0578986	0.0267437	0.00015842	0.00455281
125	0.0738019	0.00899465	0.0380428	0.202053	0.00874619	0.0163536	0.0187121	0.00116098	0.103892	0.0391917	0.00124772	0.0129006	0.279924	0.0299221	0.0372606	0.0642961	0.033055	0.0138694	0.000255183	0.0163198
126	0.0935358	0.00752385	0.00358616	0.015005	0.0040441	0.77439	0.0157815	0.00443019	0.00568646	0.00593469	0.00376426	0.0053718	0.00167274	0.00386729	0.00483806	0.0119758	0.0189269	0.0164171	0.000377323	0.00287115
127	0.0209133	0.000457452	0.0402008	0.495438	0.00587761	0.0666629	0.00123847	0.0161553	0.0551869	0.00786217	0.00117965	0.00156215	0.00774145	0.165186	0.0324457	0.0140003	0.0268149	0.0399292	0.000201679	0.000945184
128	0.0556078	0.000386233	0.0655418	0.386026	0.00764539	0.00824349	0.0144622	0.0181898	0.0964522	0.0262369	0.0185733	0.0232893	0.000417752	0.077937	0.0517546	0.0638698	0.0572538	0.0244586	0.000139281	0.00351497
129	0.0254545	0.000428969	0.0172846	0.0820576	0.0110496	0.00247239	0.0146821	0.0575327	0.19521	0.0247001	0.00560739	0.0416102	0.000374949	0.0429812	0.192872	0.050952	0.0958576	0.113614	0.00182332	0.0234337
130	0.00643291	0.00819135	0.00148983	0.00277855	0.0414401	0.000650809	0.000478866	0.187085	0.00305253	0.606799	0.0692762	0.000873676	0.000280114	0.00281454	0.00121009	0.00189913	0.0065842	0.0553935	0.000430152	0.00283995
131	0.0484846	0.00236277	0.0718652	0.311013	0.0060912	0.0126654	0.0325972	0.0147267	0.113275	0.02111	0.0134877	0.0548885	0.00470449	0.113647	0.0373691	0.0497178	0.0445506	0.0404634	0.000685709	0.00629486
132	0.0109096	0.00954303	0.00314524	0.00952728	0.0162932	0.00180569	0.00115828	0.150748	0.0198607	0.589381	0.0614487	0.00296827	0.000603316	0.00843907	0.006491	0.00551147	0.0193408	0.0781167	0.000282651	0.00442535
133	0.0174769	0.00221399	0.00412335	0.0216152	0.00466698	0.00502769	0.0161033	0.0106599	0.385905	0.031959	0.0106355	0.0331214	0.00315374	0.0456493	0.36913	0.0150407	0.00770135	0.00759747	0.0016387	0.00658116
134	0.0158978	0.00590438	0.00468113	0.0107083	0.00972281	0.00227744	0.00202658	0.151239	0.00737427	0.308031	0.101762	0.00217883	0.00114046	0.0108216	0.00283035	0.0226568	0.0375344	0.285808	0.000426599	0.0169778
135	0.00637984	0.00754861	0.000613842	0.000749846	0.0279428	0.000446743	0.000487566	0.280523	0.00144916	0.482584	0.0629274	0.000823044	0.00031125	0.000657418	0.000894483	0.00111328	0.00524734	0.116667	0.000334073	0.00229955
136	0.217333	0.0127568	0.00514021	0.0098863	0.006763	0.024886	0.0113612	0.00726855	0.0122274	0.00642084	0.00513504	0.0259271	0.017864	0.00654277	0.0224551	0.506943	0.085668	0.00975322	0.00130557	0.00436308
137	0.0278861	0.00316117	0.555	0.0643352	0.00460618	0.00829486	0.0339659	0.00568261	0.0154752	0.00253371	0.00318899	0.144931	0.0372344	0.00604565	0.0125964	0.0525552	0.0148154	0.00399991	0.00116998	0.00252141
138	0.0319874	0.0023449	0.000462087	0.000759437	0.00521033	0.000375437	0.000490474	0.271267	0.000837186	0.0717925	0.00318476	0.000698459	0.000298412	0.000617442	0.000725519	0.000901802	0.00133015	0.605665	8.73718e-05	0.000964281
139	0.382719	0.00177273	0.00661473	0.0083293	0.00136791	0.471416	0.00193921	0.00289144	0.00271599	0.00230942	0.00126885	0.0026182	0.00124227	0.00186479	0.00828639	0.0917156	0.00564462	0.00374329	0.00036808	0.00117166
140	0.00359344	0.00460449	0.000803107	0.00104493	0.097576	0.000598622	0.000788447	0.167826	0.00231685	0.623464	0.044199	0.00118539	0.000382267	0.000973014	0.00153955	0.00148367	0.00330696	0.0426699	0.000495982	0.00114855
141	0.02228	0.00203711	0.000437508	0.000608606	0.00513592	0.000348502	0.000470329	0.259639	0.000763266	0.0701151	0.00476113	0.000664821	0.000229532	0.000560615	0.000629356	0.000794045	0.0013356	0.628472	9.08243e-05	0.000626741
142	0.0190247	0.000325574	0.000615404	0.0011622	0.000331666	0.966409	0.00103607	0.000784808	0.000703552	0.000423187	0.00028811	0.00166966	0.000116226	0.00123122	0.000663571	0.00198057	0.00124614	0.00172065	6.60691e-05	0.000201373
143	0.0097091	0.0023945	0.00284498	0.00106419	0.422162	0.0006334	0.010948	0.0572363	0.00945512	0.163104	0.0416681	0.00102802	0.00384568	0.00510032	0.00685967	0.00365682	0.00672953	0.059407	0.0150501	0.177103
144	0.0307371	0.00141058	0.00788646	0.0182587	0.00187642	0.00228936	0.00854765	0.00343056	0.0278807	0.010476	0.0119558	0.00761832	0.795266	0.0180787	0.0108491	0.0123875	0.00785339	0.0207759	0.000476174	0.00194499
145	0.0289019	0.00468309	0.0310682	0.0147074	0.00660861	0.0171527	0.0174336	0.00647541	0.0227058	0.00910582	0.00529032	0.485355	0.00409837	0.014325	0.0189527	0.238407	0.0556341	0.0102489	0.00166743	0.00717931
146	0.495368	0.0427207	0.00130473	0.00193842	0.0114586	0.0141946	0.00167907	0.0744953	0.00262107	0.0271956	0.00191447	0.00199937	0.00164961	0.00168196	0.00218684	0.0160463	0.0585994	0.241659	0.000288252	0.000998045
147	0.0166185	0.000129246	0.000510985	0.00105534	0.000230763	0.972867	0.000910455	0.000245847	0.000596706	0.000260848	0.000186852	0.00166097	0.000112524	0.0010986	0.000343571	0.00151979	0.00104904	0.000378762	4.96641e-05	0.000174772
148	0.0366642	0.00357056	0.0535248	0.0382241	0.00901846	0.0254283	0.0244413	0.0139336	0.352793	0.0176701	0.00871684	0.125114	0.010194	0.0378446	0.145675	0.0401812	0.0286195	0.01834	0.00141794	0.00862846
149	0.0410491	0.00937434	0.00680533	0.00517562	0.00370824	0.00939696	0.00788304	0.00631313	0.00656036	0.00473634	0.00387902	0.0161752	0.00301249	0.00545784	0.00631954	0.731203	0.122318	0.00692306	0.00095394	0.00275501
150	0.0233296	0.00595007	0.00170948	0.00246004	0.00143065	0.00636768	0.00169334	0.00197214	0.00300191	0.00190742	0.00144526	0.00321849	0.000847369	0.00226527	0.00241851	0.785192	0.150913	0.00222634	0.00036467	0.00128723
151	0.00342292	0.00391652	0.00095662	0.00125556	0.116253	0.000637663	0.000959245	0.165078	0.00234734	0.613173	0.0392534	0.00136864	0.00043183	0.00112732	0.00176977	0.00167709	0.00300247	0.0418127	0.000458449	0.00109879
152	0.00360388	0.00587611	0.000521469	0.000832926	0.017712	0.00107657	0.000450155	0.434361	0.00252261	0.365261	0.0280846	0.00134656	0.000226567	0.000573857	0.0012582	0.00273382	0.00852629	0.122382	0.000188432	0.00246274
153	0.295686	0.0233215	0.0026126	0.0175339	0.00844182	0.0355807	0.00459106	0.00352359	0.00700399	0.00380516	0.00363762	0.065428	0.00803887	0.00392809	0.0785116	0.400568	0.0251645	0.00395249	0.000623435	0.00804702
154	0.195212	0.00674869	0.00175222	0.0107498	0.00140034	0.0012263	0.00144165	0.0628139	0.143098	0.0370434	0.0331745	0.0020702	0.000947677	0.0187651	0.0917372	0.0672149	0.0753291	0.243122	0.000397178	0.00575557
155	0.106882	0.0433241	0.00127027	0.00666579	0.00884815	0.00529632	0.00137188	0.373701	0.007639	0.0895593	0.123829	0.00716287	0.00215866	0.00186242	0.00210173	0.0375206	0.0709672	0.108421	0.000298273	0.00112058
156	0.023386	0.00601024	0.00170139	0.00240975	0.00137371	0.00642985	0.00168214	0.00195631	0.00295559	0.00190714	0.00145194	0.00276478	0.000846961	0.00223929	0.00242215	0.787568	0.149037	0.00218979	0.000364092	0.00130371
157	0.113596	0.000949459	0.0587676	0.0320723	0.00699767	0.0826381	0.0155077	0.00222453	0.115054	0.0021506	0.00167354	0.320981	0.00108766	0.0158519	0.0624717	0.146094	0.0175901	0.00267638	0.0003096	0.0013059
158	0.226448	0.0125953	0.00339082	0.00672802	0.00507728	0.0257335	0.00863607	0.00548263	0.00791084	0.00530844	0.00298164	0.0228605	0.0162219	0.00481886	0.0222261	0.531754	0.0782464	0.00763552	0.00168977	0.00425469
159	0.0220889	0.00071446	0.00120035	0.0169494	0.00110447	0.00249296	0.0263682	0.00350051	0.438558	0.00153508	0.00330259	0.044693	0.00651884	0.0669692	0.322387	0.019505	0.0128079	0.00291779	0.000215045	0.00617117
160	0.120968	0.0116151	0.0123272	0.0329433	0.00674728	0.0141521	0.00852819	0.0210195	0.0284167	0.0662916	0.00990461	0.0120404	0.464519	0.0170289	0.0152916	0.0456986	0.0235039	0.0810831	0.00139437	0.00652672
161	0.0914334	0.00189465	0.0162463	0.243201	0.00494178	0.0106473	0.0102427	0.00992576	0.312603	0.0296899	0.0103123	0.0126238	0.00215442	0.03221	0.0779378	0.0280896	0.0417638	0.0560897	0.000771681	0.00722106
162	0.0030091	0.00342164	0.000441958	0.00060189	0.0083381	0.00210162	0.000403914	0.672242	0.000739646	0.0624844	0.0106159	0.00207477	0.000149099	0.000465089	0.000565967	0.00648202	0.0167906	0.206742	0.000100645	0.00222921
163	0.518612	0.00115237	0.00984657	0.0112992	0.00169605	0.335532	0.0022789	0.00229705	0.00325922	0.00249983	0.00154507	0.00255619	0.00111312	0.00191961	0.00795752	0.0873506	0.00414723	0.00304472	0.000360197	0.00153325
164	0.0731698	0.00517619	0.332463	0.153691	0.0107447	0.0195217	0.0240273	0.0103575	0.0280967	0.00137917	0.0053923	0.140733	0.0960601	0.00149701	0.0116235	0.0713801	0.0114857	0.00199515	0.000230962	0.00097579
165	0.00988147	0.00195646	0.00393606	0.007674	0.39983	0.010077	0.0508987	0.0341771	0.0220641	0.0570029	0.0162699	0.0116989	0.00235944	0.00632845	0.0151633	0.00876508	0.00944073	0.0315779	0.00623775	0.294661
166	0.0376513	0.0026385	0.0363497	0.0676474	0.00312787	0.00324674	0.0564972	0.00432533	0.0448761	0.00990838	0.032375	0.0130092	0.535103	0.0627722	0.0310417	0.0272877	0.0128945	0.0153683	0.000719428	0.00316076
167	0.0085246	0.00220543	0.00338339	0.00424599	0.44261	0.00600153	0.0412708	0.036831	0.0167246	0.086237	0.0244643	0.00752388	0.00239657	0.00479825	0.0110467	0.00631815	0.00771075	0.036298	0.00920261	0.242206
168	0.0516043	0.0148408	0.0175132	0.0300458	0.0144169	0.0125355	0.0132984	0.0298905	0.0366587	0.019935	0.0122598	0.0584601	0.00579812	0.0183571	0.0283718	0.150125	0.433077	0.0413667	0.00174589	0.00969958
169	0.0272559	0.00571291	0.00969736	0.0120176	0.00625366	0.00596666	0.00769819	0.018243	0.018973	0.00919846	0.00699892	0.0765326	0.00153092	0.00990401	0.0109088	0.301243	0.444033	0.021979	0.0010908	0.00476267
170	0.00235322	0.00746265	0.000955647	0.00434054	0.00665983	0.000888321	0.000950816	0.1309	0.0269539	0.699224	0.0201162	0.0041368	0.000502493	0.00113191	0.011532	0.00182081	0.0204681	0.0584565	0.000177628	0.000968758
171	0.0360534	0.00145958	0.0316878	0.0803914	0.0108522	0.00203308	0.0289715	0.0288683	0.054308	0.0161829	0.00295932	0.0785774	0.00167682	0.0210111	0.00396693	0.145573	0.213421	0.222769	0.00049425	0.0187425
172	0.0294611	0.00134608	0.00720579	0.0194994	0.00225039	0.0022362	0.0090159	0.00322248	0.0287379	0.0102559	0.0122895	0.00656944	0.797243	0.0180963	0.0106023	0.011882	0.00815929	0.0194256	0.000419034	0.00208278
173	0.0143551	0.0330057	0.00773218	0.0395524	0.00578169	0.00536382	0.0907551	0.091069	0.0413567	0.00743094	0.0345873	0.120297	0.00386507	0.12189	0.00992106	0.0723304	0.0701838	0.223328	0.00149206	0.00570215
174	0.00726106	0.00752967	0.00102463	0.00186351	0.026819	0.000627449	0.000580054	0.245178	0.00441684	0.51558	0.0569659	0.001211	0.000385541	0.00135311	0.0019513	0.00150863	0.00811069	0.114783	0.000337029	0.00251315
175	0.0219985	0.000139274	0.000330198	0.00104633	0.000220832	0.96705	0.000933022	0.000276425	0.000452409	0.000291842	0.000193147	0.00114115	0.00013198	0.00108357	0.000448965	0.00261075	0.00104887	0.00035777	4.93559e-05	0.00019571
176	0.0481882	0.0167893	0.00138332	0.00469716	0.00955464	0.0032427	0.00135204	0.242624	0.00457777	0.128496	0.0934979	0.00310949	0.00165543	0.00180294	0.00215283	0.0146162	0.0416755	0.376183	0.000269643	0.00413161
177	0.374062	0.069101	0.0012931	0.0019219	0.0216092	0.00800025	0.00146237	0.0997614	0.0027489	0.0493682	0.00419199	0.00176682	0.00114469	0.00186826	0.00230594	0.0122255	0.0336772	0.3121	0.000267143	0.00112493
178	0.0111445	0.00151507	0.0032776	0.000881536	0.424787	0.000600734	0.0146171	0.074067	0.00737723	0.14674	0.0428776	0.000864084	0.00250409	0.00615514	0.00847919	0.00407563	0.0048558	0.0629463	0.00998021	0.172254
179	0.26993	0.0131267	0.0112825	0.00485614	0.00527152	0.0102847	0.00408162	0.109347	0.017044	0.0188182	0.00874244	0.0118073	0.00238424	0.00838919	0.00887271	0.0526671	0.190794	0.24607	0.00100524	0.00522481
180	0.0193869	0.00479993	0.00126637	0.00326622	0.0178734	0.000314786	0.00140017	0.253606	0.00151521	0.227869	0.0413522	0.000530529	0.0011007	0.00146214	0.00156424	0.00122472	0.0143205	0.403433	8.10737e-05	0.00363263
181	0.357009	0.0840627	0.0021628	0.0074729	0.00798544	0.0201931	0.00617161	0.128977	0.0190228	0.0313992	0.0352953	0.00545225	0.00283742	0.0115897	0.00916838	0.0512026	0.0459945	0.169652	0.00101393	0.00333643
182	0.0296939	0.0043611	0.540769	0.102759	0.00641207	0.0232074	0.0188832	0.00845601	0.0247149	0.00501776	0.00454706	0.0851241	0.0359061	0.0143949	0.014302	0.0474332	0.0220093	0.00807675	0.000852246	0.00307917
183	0.0188734	0.00449559	0.00114238	0.00256102	0.016938	0.000339557	0.00118031	0.272048	0.00134045	0.225131	0.0416952	0.000569009	0.000941357	0.00127945	0.00139788	0.00131379	0.0130996	0.392121	7.33207e-05	0.00346028
184	0.0417884	0.00185151	0.0100144	0.0248071	0.00237302	0.00273044	0.00930464	0.00333085	0.0294463	0.0108162	0.0116341	0.00789419	0.76397	0.0186355	0.0119498	0.0166527	0.00888828	0.020822	0.000404662	0.00268598
185	0.016703	0.000134512	0.000762006	0.00137363	0.000307068	0.969724	0.000952435	0.000246731	0.000774786	0.000358202	0.00019087	0.00257376	0.000130566	0.00113875	0.000583304	0.00161763	0.00160412	0.000593682	4.88793e-05	0.000181758
186	0.00405139	0.00624412	0.000518466	0.000807015	0.019544	0.000926841	0.000514361	0.382862	0.00330938	0.426553	0.0334309	0.00130485	0.000258771	0.000612724	0.00151066	0.00229071	0.00814959	0.104438	0.00021958	0.00245435
187	0.00395391	0.00346947	0.000483541	0.000621714	0.0100728	0.00158349	0.000404514	0.657927	0.000719872	0.0756458	0.0105577	0.0023227	0.000210075	0.000515993	0.000639633	0.00486424	0.013641	0.210429	8.60636e-05	0.00185161
