408	20
1	0.0380371	0.0146114	0.028171	0.0608037	0.0202485	0.0168316	0.0311735	0.0795651	0.0738201	0.132104	0.124512	0.0248011	0.0156196	0.0764956	0.064123	0.0400687	0.0620038	0.0788866	0.00671058	0.011413
2	0.296312	0.0127467	0.0117526	0.0234285	0.0116339	0.0356485	0.017943	0.039996	0.0180115	0.0353275	0.00992587	0.0113385	0.0511006	0.0161953	0.0209322	0.0990442	0.134426	0.12759	0.00228438	0.0243636
3	0.160506	0.00899266	0.0559123	0.137179	0.00426858	0.0576009	0.00669648	0.0199753	0.100892	0.0218364	0.0176306	0.0496552	0.0111407	0.0504973	0.0277201	0.154603	0.0883113	0.0179945	0.0026011	0.00598708
4	0.0383115	0.0060975	0.0166851	0.0744738	0.00550468	0.0307282	0.0206573	0.0252855	0.276881	0.0251697	0.0295603	0.0611853	0.00740244	0.0724497	0.160996	0.0561474	0.0596566	0.022642	0.0053285	0.00483753
5	0.152526	0.011527	0.0323291	0.0405839	0.0060214	0.0478749	0.0127748	0.0995367	0.0460564	0.0403047	0.0399298	0.0240006	0.0115524	0.0508749	0.0284735	0.107996	0.139661	0.0953725	0.00139481	0.0112097
6	0.0302606	0.0192841	0.251785	0.0222554	0.00774437	0.192028	0.0322835	0.0310407	0.0170577	0.0167683	0.00314149	0.133888	0.0227277	0.0138049	0.0214957	0.127738	0.0265237	0.00529134	0.00247889	0.0224028
7	0.0161245	0.0164338	0.00312256	0.0030256	0.0785032	0.00398435	0.0101153	0.123459	0.00320112	0.510226	0.0541676	0.00629655	0.0131269	0.0156831	0.0156468	0.0176627	0.00764962	0.0703149	0.0126836	0.0185727
8	0.0868703	0.0066751	0.030596	0.0846611	0.00504758	0.0336948	0.0143822	0.0595311	0.14564	0.0339118	0.0386463	0.0607716	0.0101941	0.0391877	0.0845513	0.0826215	0.111827	0.0634121	0.00202103	0.00575816
9	0.00792221	0.86873	0.00253047	0.00286285	0.00155304	0.00668214	0.00653501	0.0030497	0.00794618	0.0169083	0.0057903	0.006904	0.00209055	0.00283933	0.00346438	0.0179845	0.00426516	0.0212583	0.00482959	0.00585418
10	0.107135	0.0102569	0.015312	0.016442	0.00764343	0.0264584	0.0221871	0.0208836	0.0218922	0.0516816	0.00580433	0.0139412	0.247248	0.0377369	0.0585076	0.182088	0.0984617	0.0382523	0.00727865	0.0107898
11	0.0154115	0.0122279	0.00341609	0.00385511	0.0545623	0.00427305	0.00581456	0.143467	0.00547662	0.491383	0.0743302	0.00438351	0.0108091	0.0146823	0.0162959	0.01888	0.0169155	0.0864653	0.0108565	0.0064941
12	0.00792221	0.86873	0.00253047	0.00286285	0.00155304	0.00668214	0.00653501	0.0030497	0.00794618	0.0169083	0.0057903	0.006904	0.00209055	0.00283933	0.00346438	0.0179845	0.00426516	0.0212583	0.00482959	0.00585418
13	0.0202427	0.0133818	0.00366066	0.00270903	0.096562	0.00414336	0.00859731	0.15887	0.00635363	0.433973	0.0493387	0.00770965	0.0119018	0.0161899	0.0141287	0.0181641	0.00931339	0.102123	0.00997316	0.0126647
14	0.0393623	0.00924237	0.229522	0.121425	0.00288032	0.130087	0.0215273	0.0124265	0.0685143	0.0163203	0.00495201	0.115759	0.0116392	0.0239121	0.0293419	0.0648655	0.0421313	0.0234226	0.00616495	0.0265044
15	0.0899521	0.00390786	0.00432374	0.0214345	0.0193671	0.015447	0.00705899	0.217775	0.021455	0.0537414	0.0488384	0.00617367	0.00984184	0.0142532	0.0132564	0.0141692	0.0555701	0.365752	0.000770679	0.0169122
16	0.0292628	0.0167206	0.00494181	0.00527288	0.177329	0.00330173	0.0229882	0.188636	0.0137378	0.215869	0.0355568	0.0138498	0.0140713	0.0156574	0.0124048	0.0318257	0.0180393	0.13412	0.00289719	0.0435184
17	0.033341	0.00823488	0.235461	0.1453	0.00204273	0.0536091	0.0262768	0.00992688	0.10337	0.0180824	0.00432554	0.150182	0.0138743	0.0270638	0.0232718	0.0481571	0.0299795	0.0369732	0.00223024	0.0282975
18	0.0364899	0.00758884	0.240499	0.142611	0.0018517	0.0549834	0.0262997	0.00962549	0.100901	0.0174698	0.00470131	0.148414	0.0132729	0.0274702	0.0227208	0.048315	0.0302996	0.0370112	0.0020829	0.0273932
19	0.177915	0.0110595	0.0180103	0.0204872	0.00947801	0.0563051	0.0187144	0.0210263	0.0269073	0.0390787	0.00770218	0.0198147	0.165402	0.0292968	0.0521033	0.152363	0.103233	0.0497218	0.00905358	0.0123284
20	0.0628877	0.0189518	0.0294266	0.0619589	0.0111013	0.0424619	0.0436011	0.060461	0.0851448	0.0315565	0.028186	0.061413	0.0188908	0.031066	0.102178	0.113757	0.116082	0.0624406	0.0034843	0.0149516
21	0.0161798	0.0149193	0.00236498	0.00209637	0.0635257	0.00411528	0.00573798	0.125728	0.00196506	0.54309	0.0585399	0.00420028	0.01233	0.0152545	0.0166528	0.0144568	0.00574042	0.0708182	0.0141543	0.00813027
22	0.015809	0.0138761	0.0028651	0.0022323	0.0633052	0.0042717	0.00630102	0.134852	0.00270558	0.52856	0.056045	0.00461077	0.0120828	0.0149869	0.0152298	0.0153633	0.00708077	0.0788198	0.0128423	0.00816007
23	0.134327	0.0134593	0.0370876	0.05408	0.0148077	0.0763956	0.020458	0.0303122	0.0747681	0.0174156	0.0112308	0.0579968	0.0445296	0.0526223	0.035064	0.181587	0.104038	0.0207468	0.00963165	0.00944274
24	0.0110641	0.830363	0.00448875	0.00421903	0.00341286	0.00661689	0.00785423	0.0063519	0.0101524	0.0247731	0.00954906	0.00724527	0.00263522	0.0045196	0.00502817	0.0185373	0.005118	0.0265122	0.00528498	0.00627347
25	0.0884112	0.0135016	0.0857582	0.0813858	0.00399563	0.232416	0.00927079	0.0196543	0.0783357	0.0168797	0.0201434	0.0530872	0.00947672	0.0292576	0.0450897	0.115898	0.0632381	0.0183156	0.00517267	0.0107121
26	0.0158137	0.00891056	0.0181009	0.0143535	0.0335806	0.00779827	0.660963	0.0106374	0.0165431	0.0158949	0.00770289	0.0213518	0.00798726	0.037329	0.039212	0.0278741	0.0153341	0.0160102	0.0033772	0.0212252
27	0.0757674	0.0420398	0.0474768	0.0545298	0.0275699	0.0438718	0.0237417	0.0395717	0.0845212	0.0219707	0.0115785	0.0688491	0.0230302	0.0270591	0.0402284	0.178878	0.122937	0.0415958	0.00610258	0.0186804
28	0.0297383	0.0359434	0.00948929	0.0175327	0.27407	0.0048634	0.0514954	0.0681132	0.0205449	0.112728	0.0159156	0.0414779	0.0228205	0.0303995	0.0200478	0.0537251	0.0210765	0.0491839	0.00330843	0.117526
29	0.00792221	0.86873	0.00253047	0.00286285	0.00155304	0.00668214	0.00653501	0.0030497	0.00794618	0.0169083	0.0057903	0.006904	0.00209055	0.00283933	0.00346438	0.0179845	0.00426516	0.0212583	0.00482959	0.00585418
30	0.0158847	0.013404	0.0231855	0.113935	0.00429431	0.00718536	0.071515	0.0139713	0.215499	0.0364058	0.0278869	0.0390117	0.011128	0.146917	0.155091	0.0363534	0.0307718	0.0218683	0.0105759	0.00511679
31	0.10561	0.00595676	0.0972463	0.219427	0.0050724	0.0498844	0.0120915	0.0106333	0.0782924	0.0154623	0.0396703	0.0118658	0.04625	0.0466767	0.0142189	0.0206541	0.12934	0.0804561	0.00301072	0.00818144
32	0.00792221	0.86873	0.00253047	0.00286285	0.00155304	0.00668214	0.00653501	0.0030497	0.00794618	0.0169083	0.0057903	0.006904	0.00209055	0.00283933	0.00346438	0.0179845	0.00426516	0.0212583	0.00482959	0.00585418
33	0.015687	0.0143188	0.00311448	0.00307659	0.0605249	0.00630321	0.00744777	0.126706	0.00347989	0.532627	0.0563494	0.00524832	0.0127747	0.0157336	0.0165116	0.0168886	0.00850327	0.0712519	0.0128501	0.0106022
34	0.0222637	0.0133632	0.0421113	0.215874	0.00621053	0.0112861	0.0522096	0.0168118	0.155777	0.0329756	0.0276031	0.0383781	0.0132001	0.15326	0.112878	0.0247086	0.0286685	0.0189193	0.00648725	0.00701402
35	0.0227701	0.0250147	0.0333497	0.0145985	0.0620169	0.00764824	0.431918	0.013826	0.0184616	0.0259268	0.005834	0.0608262	0.0131819	0.0338029	0.0484274	0.0550777	0.0211332	0.0195225	0.00410136	0.0825624
36	0.0247725	0.00666942	0.00527057	0.00548514	0.0472681	0.00517312	0.00914036	0.238645	0.0128098	0.278585	0.0957611	0.00607041	0.00905936	0.0135504	0.0145553	0.0215719	0.0376683	0.160445	0.00315657	0.0043423
37	0.0417612	0.00701271	0.0175869	0.0366984	0.0135618	0.0117843	0.00907587	0.183447	0.0287709	0.150166	0.0886296	0.00912594	0.0069881	0.0160731	0.0415998	0.0226565	0.0813821	0.224315	0.00129197	0.0080737
38	0.00792221	0.86873	0.00253047	0.00286285	0.00155304	0.00668214	0.00653501	0.0030497	0.00794618	0.0169083	0.0057903	0.006904	0.00209055	0.00283933	0.00346438	0.0179845	0.00426516	0.0212583	0.00482959	0.00585418
39	0.0610329	0.0180472	0.0179531	0.0244762	0.02244	0.0193639	0.0299201	0.0222745	0.0211198	0.0752	0.0108265	0.0135419	0.270389	0.039105	0.0617544	0.16193	0.05797	0.0377732	0.00390639	0.0309756
40	0.0177853	0.00886112	0.00678753	0.00837524	0.0432182	0.00543386	0.0123968	0.151327	0.0107325	0.414189	0.0761431	0.00468578	0.0111354	0.0204382	0.018219	0.025168	0.0425972	0.109334	0.00653339	0.00663955
41	0.00792221	0.86873	0.00253047	0.00286285	0.00155304	0.00668214	0.00653501	0.0030497	0.00794618	0.0169083	0.0057903	0.006904	0.00209055	0.00283933	0.00346438	0.0179845	0.00426516	0.0212583	0.00482959	0.00585418
42	0.0350404	0.00928766	0.0185437	0.0805658	0.00499912	0.0239244	0.0320181	0.0217573	0.262556	0.0288503	0.0345444	0.0498252	0.00866652	0.0811609	0.174255	0.0453834	0.0492483	0.0223205	0.0114286	0.00562445
43	0.0541887	0.0030161	0.0228279	0.110941	0.00357038	0.0380661	0.00913215	0.0386875	0.225057	0.0353078	0.0277486	0.0692957	0.00979873	0.0419785	0.124629	0.0602391	0.0891797	0.0309188	0.00273648	0.00268135
44	0.0613412	0.0253639	0.0242156	0.0660821	0.0237301	0.021968	0.0444468	0.0630706	0.0761812	0.0444134	0.0333978	0.0614718	0.0230325	0.0376046	0.0731509	0.0889691	0.097196	0.110191	0.00244451	0.0217285
45	0.0988692	0.0123952	0.0378632	0.0433772	0.0101681	0.0389282	0.0177925	0.0212829	0.0390859	0.0244761	0.00691795	0.0641834	0.0499885	0.0287561	0.0444453	0.205697	0.18982	0.0232716	0.0334048	0.00927682
46	0.052827	0.0047601	0.0263639	0.127316	0.00467538	0.0342786	0.0146997	0.0309737	0.235301	0.0406788	0.0254889	0.0591459	0.0148606	0.0572671	0.107163	0.049633	0.0752868	0.0324056	0.00290988	0.00396583
47	0.0152218	0.0153857	0.0028734	0.00258629	0.0654887	0.00420489	0.00665829	0.124592	0.00236513	0.538924	0.0590022	0.00463425	0.012708	0.0154132	0.016034	0.0150445	0.00599529	0.0699696	0.0137382	0.00916062
48	0.0892703	0.0102231	0.145109	0.108648	0.00468237	0.127352	0.013178	0.0186791	0.0482843	0.0202682	0.00985143	0.0603902	0.0168231	0.025716	0.0298045	0.107121	0.107095	0.0213138	0.0196263	0.0165645
49	0.0595111	0.00930125	0.0121677	0.130748	0.0177507	0.0184981	0.0359962	0.0320696	0.13103	0.0657662	0.0245622	0.0180863	0.0438518	0.0656342	0.0503085	0.0689516	0.0649998	0.138957	0.00359449	0.00821544
50	0.0305335	0.00742758	0.231233	0.123523	0.00265594	0.0679428	0.0280316	0.00996359	0.0987882	0.018301	0.00468328	0.149136	0.012173	0.0266512	0.0280133	0.0623697	0.0330919	0.0325439	0.00213134	0.0308074
51	0.0412983	0.0139998	0.0398786	0.0754056	0.010737	0.0644731	0.0320943	0.0270244	0.117291	0.0698956	0.0245814	0.0447976	0.0282209	0.0807079	0.14169	0.0755695	0.0581038	0.0345145	0.00769984	0.0120172
52	0.0691925	0.00413979	0.00470361	0.0154764	0.0267901	0.0121764	0.00543882	0.249367	0.0195092	0.0883121	0.0470644	0.00665181	0.00774661	0.013122	0.0102339	0.0135533	0.0412119	0.351444	0.000587753	0.0132786
53	0.146799	0.00783577	0.0692282	0.0939172	0.00414297	0.0645843	0.00799549	0.020124	0.104447	0.0181679	0.0184253	0.0584925	0.0119896	0.0472683	0.0320583	0.167029	0.0980427	0.0180812	0.00424161	0.00712959
54	0.050772	0.0190745	0.167602	0.0741151	0.00500105	0.277097	0.0165422	0.0240949	0.0450102	0.014657	0.00643933	0.0874995	0.0110318	0.0160911	0.0277821	0.0741171	0.0372783	0.0174321	0.00704354	0.0213195
55	0.0178687	0.0194875	0.0027935	0.0038323	0.108783	0.00359675	0.0142307	0.115506	0.00398259	0.461341	0.0500744	0.00955595	0.0144205	0.0159832	0.015271	0.0241673	0.00779449	0.0683052	0.0113262	0.0316802
56	0.0641588	0.00899854	0.0111165	0.00842792	0.00393774	0.0119905	0.0290681	0.0222577	0.0130548	0.0738307	0.00641262	0.00286117	0.344499	0.0480736	0.0766934	0.161647	0.0682136	0.0365548	0.00120002	0.00700332
57	0.0630205	0.00901241	0.0112024	0.00818449	0.00388141	0.0114255	0.0294495	0.0216706	0.0123477	0.0718714	0.00627678	0.00258271	0.346152	0.0492659	0.076329	0.165986	0.0676175	0.0359588	0.000913879	0.00685098
58	0.0324162	0.0125897	0.276372	0.0708022	0.00517982	0.117573	0.030444	0.0226056	0.0501249	0.015337	0.00341432	0.149613	0.0192074	0.0173769	0.0167451	0.087299	0.0268415	0.0194817	0.00190076	0.024676
59	0.041825	0.0242073	0.0089621	0.0302208	0.182657	0.00895492	0.0466629	0.108047	0.0267143	0.1033	0.0410552	0.0228429	0.0294998	0.0216258	0.0255003	0.0402741	0.03491	0.136707	0.00272676	0.0633069
60	0.268011	0.00907956	0.0142453	0.022645	0.00513774	0.0410092	0.00715018	0.0605863	0.0164099	0.0328694	0.0110211	0.010833	0.023231	0.0151113	0.0169295	0.128231	0.160702	0.142772	0.00221887	0.0118059
61	0.0346734	0.00981173	0.00650458	0.00576638	0.062084	0.00529311	0.0114624	0.216671	0.0143064	0.287307	0.0468876	0.00798232	0.0129791	0.014441	0.0135114	0.0294134	0.0220775	0.187462	0.00445309	0.00691216
62	0.0378399	0.0103185	0.21931	0.13207	0.00381811	0.0540444	0.0256283	0.0155612	0.104867	0.0182261	0.00522143	0.147791	0.0127715	0.026663	0.0282186	0.0540092	0.0358716	0.0388925	0.0022349	0.0266437
63	0.213392	0.0125177	0.0310543	0.0427569	0.00477413	0.167255	0.00678688	0.0329359	0.0371518	0.0211912	0.0118008	0.0214584	0.0200193	0.0195978	0.0270472	0.133611	0.1007	0.0826409	0.00340668	0.00990209
64	0.0225133	0.0105572	0.00704796	0.00898995	0.0467925	0.00624919	0.00987765	0.142393	0.0133662	0.414167	0.0639519	0.00778609	0.0167947	0.0210061	0.0210222	0.0370837	0.0370791	0.0979272	0.00738884	0.00800614
65	0.0617552	0.0113666	0.122602	0.0971248	0.0078666	0.0241788	0.03226	0.11476	0.0357387	0.0214442	0.00971537	0.099388	0.0310961	0.0167457	0.0249937	0.0824231	0.0859308	0.0897396	0.0181678	0.0127026
66	0.0186703	0.00684473	0.137683	0.0655507	0.00536534	0.192447	0.0181593	0.00882679	0.0695323	0.0245422	0.0131778	0.0842957	0.00699216	0.0331149	0.0896085	0.15065	0.045303	0.00639619	0.00431753	0.0185218
67	0.02389	0.0167558	0.0910052	0.0968925	0.00788637	0.0495181	0.0673459	0.0118677	0.102928	0.0424	0.0125268	0.0776738	0.0214341	0.119231	0.0955539	0.0795182	0.0363761	0.0193604	0.00452157	0.0233146
68	0.0320837	0.025926	0.0384876	0.0117296	0.00935517	0.0156274	0.0163085	0.0375791	0.0178245	0.162403	0.00766808	0.00658599	0.165623	0.0688628	0.0760829	0.171816	0.0407546	0.0854018	0.00292621	0.00695357
69	0.0886771	0.0160068	0.0129398	0.0128676	0.019897	0.0254869	0.0184321	0.0152282	0.030153	0.0476055	0.00584957	0.012753	0.217954	0.0281781	0.0522701	0.242941	0.087759	0.0309999	0.00775633	0.026245
70	0.0329708	0.0080464	0.203265	0.148388	0.00361595	0.0492912	0.0279496	0.0110881	0.119306	0.0196669	0.00730203	0.133031	0.0134682	0.0374277	0.0354081	0.0460267	0.0336466	0.0371788	0.00468699	0.0282363
71	0.0381446	0.0420477	0.00794174	0.014233	0.257368	0.00351499	0.053065	0.0358213	0.0176358	0.108534	0.0092435	0.0485456	0.0320895	0.0212859	0.014092	0.074588	0.0185446	0.045396	0.00348352	0.154426
72	0.00792221	0.86873	0.00253047	0.00286285	0.00155304	0.00668214	0.00653501	0.0030497	0.00794618	0.0169083	0.0057903	0.006904	0.00209055	0.00283933	0.00346438	0.0179845	0.00426516	0.0212583	0.00482959	0.00585418
73	0.0673818	0.0574606	0.0109469	0.0108889	0.0383251	0.0251586	0.0173185	0.0118745	0.0196991	0.0815403	0.00622965	0.0107186	0.124067	0.016703	0.0264854	0.304861	0.0388482	0.0661302	0.00323299	0.0621298
74	0.0716664	0.00446878	0.00466356	0.016155	0.0343846	0.0113131	0.00594879	0.236904	0.0196383	0.0955678	0.0488096	0.00676554	0.00905163	0.0142357	0.0113945	0.0144194	0.0446945	0.336012	0.00089974	0.0130075
75	0.015724	0.00907328	0.0182099	0.0123569	0.0299339	0.00810964	0.684528	0.0100405	0.0129625	0.0151943	0.00753072	0.0193864	0.00803931	0.0324532	0.0354569	0.0275993	0.0144896	0.015798	0.00307739	0.0200364
76	0.038004	0.005143	0.0209461	0.113431	0.00378499	0.026182	0.0245698	0.0388908	0.224717	0.0313491	0.0294005	0.0615041	0.00953471	0.0668949	0.134254	0.0562377	0.0747811	0.0330199	0.00468828	0.00266725
77	0.0155547	0.0130119	0.0297027	0.125642	0.00506189	0.00481413	0.0814672	0.0134139	0.187469	0.0414301	0.0271518	0.0424601	0.0143788	0.162552	0.129249	0.0365933	0.03182	0.0226258	0.00896958	0.00663274
78	0.0316325	0.00791395	0.202159	0.180006	0.0034634	0.0474715	0.0342524	0.0102789	0.104552	0.024218	0.00698047	0.118207	0.0162939	0.0493669	0.029164	0.0411989	0.0302932	0.0378495	0.00252583	0.0221732
79	0.0450349	0.0383314	0.153228	0.0776395	0.021272	0.0512393	0.0344546	0.0292975	0.0744011	0.0169097	0.0036587	0.137675	0.0111436	0.0184974	0.0340218	0.110508	0.0644175	0.0399858	0.00209438	0.0361896
80	0.0434142	0.00326348	0.0201073	0.0923315	0.00426262	0.0331666	0.011349	0.039726	0.262517	0.0279515	0.0294168	0.0723639	0.00925167	0.0441809	0.128854	0.0560711	0.0841616	0.0313901	0.00306577	0.0031552
81	0.0350667	0.00723997	0.252304	0.138194	0.00198044	0.0562985	0.0276851	0.00959078	0.0941345	0.0169644	0.00400192	0.150718	0.0126566	0.0255755	0.0216516	0.0477636	0.0305774	0.036192	0.00218584	0.0292192
82	0.0239545	0.0103656	0.00425107	0.00284995	0.0701537	0.00441272	0.00619938	0.208345	0.00787262	0.381793	0.052521	0.00621441	0.0115639	0.0128311	0.0124384	0.0197083	0.0126746	0.138335	0.0070181	0.00649719
83	0.0271569	0.0434428	0.00617212	0.0131042	0.298835	0.00189483	0.0573782	0.0439492	0.0116743	0.106654	0.0110107	0.0398838	0.0243499	0.0218669	0.01276	0.0578752	0.0149568	0.0386488	0.00271399	0.165672
84	0.00795665	0.867606	0.00252978	0.0031058	0.00157689	0.00666472	0.00659337	0.0032727	0.00792958	0.0171279	0.00578057	0.00689605	0.00215519	0.00286942	0.00346536	0.0179442	0.00438735	0.0213822	0.00485622	0.00589958
85	0.0809101	0.0252507	0.0666213	0.195258	0.00729449	0.0482455	0.0259354	0.0183066	0.0725589	0.0635887	0.0121924	0.0541372	0.020074	0.120865	0.0435998	0.0708474	0.0390248	0.0208103	0.00488612	0.00959292
86	0.0337804	0.00947385	0.234266	0.137308	0.0031031	0.051908	0.0268792	0.0107182	0.100052	0.0198598	0.00440558	0.150652	0.0142143	0.0260336	0.0235071	0.0518762	0.032445	0.0394993	0.0021864	0.0278316
87	0.00792221	0.86873	0.00253047	0.00286285	0.00155304	0.00668214	0.00653501	0.0030497	0.00794618	0.0169083	0.0057903	0.006904	0.00209055	0.00283933	0.00346438	0.0179845	0.00426516	0.0212583	0.00482959	0.00585418
88	0.108995	0.00556983	0.0378399	0.0938401	0.00472844	0.0481555	0.00692416	0.0252126	0.21198	0.02415	0.0225471	0.0597132	0.0104802	0.0462057	0.0697221	0.108478	0.08697	0.021262	0.0030123	0.00421366
89	0.0739053	0.00498069	0.00691571	0.0266358	0.0159893	0.0140117	0.00656561	0.219108	0.0293379	0.0613679	0.0556813	0.0081217	0.00773381	0.0130175	0.0191705	0.0122761	0.0544923	0.354411	0.000921705	0.0153557
90	0.0411019	0.0596732	0.0082805	0.0114412	0.232247	0.00363966	0.0830828	0.0333743	0.0131627	0.10136	0.0103491	0.0328805	0.0173585	0.0371164	0.0368112	0.0490666	0.0354399	0.0373984	0.0187014	0.137514
91	0.0427039	0.00562379	0.00573834	0.00696921	0.0511564	0.00818086	0.006181	0.283383	0.0156725	0.176628	0.0468595	0.00798915	0.00906921	0.0113452	0.00934121	0.0218985	0.0276871	0.256281	0.000609183	0.00668256
92	0.00792221	0.86873	0.00253047	0.00286285	0.00155304	0.00668214	0.00653501	0.0030497	0.00794618	0.0169083	0.0057903	0.006904	0.00209055	0.00283933	0.00346438	0.0179845	0.00426516	0.0212583	0.00482959	0.00585418
93	0.022421	0.0308572	0.00491435	0.00943165	0.265323	0.00258695	0.0549217	0.0761454	0.0132489	0.197298	0.021213	0.0257459	0.0223747	0.0238751	0.0143911	0.0455051	0.0168499	0.047263	0.00390426	0.10173
94	0.0507493	0.00346815	0.0224581	0.0989673	0.003469	0.0381667	0.0114601	0.0481087	0.206148	0.0309243	0.0311989	0.0695342	0.0103773	0.0379756	0.125566	0.0714418	0.098799	0.0360351	0.00248365	0.00266918
95	0.00852337	0.851158	0.00309389	0.00332054	0.0037688	0.00684607	0.00782598	0.0042647	0.00833725	0.0190168	0.0058984	0.00763735	0.00256386	0.00396971	0.00455864	0.0192745	0.00495044	0.0220939	0.00504465	0.00785298
96	0.0615366	0.0283935	0.00955717	0.0136604	0.197725	0.00518398	0.0331465	0.100431	0.0197477	0.122502	0.0338742	0.0194712	0.0170112	0.0184734	0.0321101	0.035181	0.0326582	0.139229	0.00700309	0.0731049
97	0.0343726	0.00704196	0.00636147	0.00318353	0.0692776	0.00477028	0.00730604	0.285887	0.0148128	0.214776	0.0434873	0.00892652	0.0108775	0.011323	0.0089806	0.0262201	0.0198832	0.216595	0.000916996	0.00499914
98	0.0705135	0.0134628	0.0764717	0.0733464	0.00921848	0.0194863	0.0200925	0.179561	0.0283018	0.0296418	0.0195721	0.0757419	0.0188716	0.0165699	0.0254668	0.0595328	0.111924	0.135085	0.00930488	0.00783437
99	0.0178747	0.00631857	0.135076	0.0685727	0.00507395	0.187944	0.016993	0.0097404	0.0751294	0.021593	0.0142352	0.0867597	0.00619863	0.0320849	0.0950095	0.14615	0.0465771	0.00678371	0.00372506	0.0181599
100	0.01559	0.00861657	0.0183079	0.0123647	0.0291041	0.00794363	0.689284	0.0101983	0.0124349	0.0145122	0.00759833	0.0190556	0.00768811	0.0322803	0.0353021	0.0271874	0.0145937	0.0154422	0.0030624	0.019434
101	0.0147417	0.0131531	0.0280771	0.122649	0.00473857	0.0051968	0.0836863	0.0136782	0.194706	0.0393235	0.0269704	0.0408336	0.0135501	0.160731	0.135144	0.0352503	0.0298875	0.021959	0.00969937	0.00602487
102	0.0319433	0.0193047	0.268604	0.0169373	0.00995386	0.179775	0.0345451	0.0439138	0.0126435	0.0140004	0.00305044	0.137898	0.0249223	0.0115493	0.0137713	0.117995	0.0262126	0.00772383	0.00223478	0.0230213
103	0.016056	0.00894645	0.0181086	0.0126217	0.0293157	0.00793231	0.683066	0.00984746	0.0135651	0.0148856	0.00777468	0.019752	0.00774919	0.033513	0.036071	0.027285	0.014454	0.0154143	0.00338763	0.0202541
104	0.0482747	0.00261464	0.0239073	0.102044	0.00310284	0.0353312	0.0107948	0.0486851	0.213431	0.0297559	0.0309831	0.0743756	0.0103035	0.0385098	0.124884	0.0638466	0.0973423	0.0370104	0.00243083	0.00237237
105	0.0354001	0.00765954	0.00617964	0.00502349	0.0816462	0.00515719	0.00925333	0.262199	0.0154582	0.211052	0.0515591	0.00889724	0.0112515	0.0123887	0.0109515	0.0264025	0.0261514	0.203917	0.00131322	0.00813909
106	0.0245843	0.00952952	0.0256922	0.133002	0.0048219	0.0156464	0.0473007	0.0232102	0.234317	0.0312124	0.0284819	0.0523884	0.0108897	0.117642	0.12396	0.0398598	0.0444467	0.0217446	0.00708818	0.00418204
107	0.0444433	0.00686955	0.0770834	0.106592	0.00461608	0.057315	0.0248553	0.0243992	0.155745	0.025093	0.0211629	0.0841798	0.0123945	0.0610045	0.095117	0.0881014	0.07187	0.0238871	0.00594118	0.00933016
108	0.0168392	0.0142026	0.0285774	0.115585	0.0058175	0.0066346	0.0836259	0.0162983	0.183787	0.0388297	0.0260492	0.0469516	0.0148628	0.154476	0.133255	0.0417175	0.0327491	0.0221159	0.00928188	0.00834372
109	0.0962487	0.00626431	0.0894691	0.236847	0.00530843	0.0424454	0.0115826	0.0108246	0.0714258	0.0155018	0.0429635	0.00893155	0.0442655	0.0488959	0.0146207	0.0187169	0.144979	0.0800148	0.00312131	0.00757309
110	0.0348794	0.00772193	0.2377	0.139011	0.00283504	0.0515758	0.0337588	0.00966222	0.0961778	0.0196614	0.00502766	0.140638	0.0137442	0.0403648	0.0263972	0.0466464	0.0301824	0.0345163	0.00229451	0.0272053
111	0.0318485	0.0100576	0.00556786	0.00417188	0.140423	0.00403243	0.015249	0.2334	0.0148902	0.206671	0.0380615	0.010493	0.0121129	0.0135553	0.0109047	0.0289849	0.0195833	0.176872	0.00154369	0.021577
112	0.0990803	0.0175614	0.0410884	0.136956	0.0318341	0.0255974	0.0268353	0.0479015	0.0853009	0.0426544	0.0273364	0.0566648	0.0202398	0.036841	0.0478893	0.0560258	0.0640476	0.115976	0.004746	0.0154228
113	0.0487975	0.00279744	0.0169249	0.0885906	0.00450426	0.034949	0.00963388	0.0333515	0.273221	0.0313596	0.0279783	0.0659692	0.00808179	0.0480369	0.134	0.0579387	0.0806215	0.0267304	0.00294016	0.00357333
114	0.0260066	0.00956128	0.093155	0.323038	0.00626132	0.0329944	0.0251212	0.0158634	0.0914466	0.0305025	0.0139776	0.0398418	0.0235666	0.15455	0.0417356	0.0190327	0.0234544	0.0208741	0.00162538	0.00739204
115	0.0272415	0.00497093	0.00805046	0.0148891	0.0240722	0.0072253	0.00646329	0.20835	0.0228704	0.231935	0.129881	0.00578971	0.00570062	0.0159711	0.0249157	0.0228466	0.0707328	0.163047	0.00129341	0.00375319
116	0.0309162	0.00794291	0.0187226	0.0769856	0.00565365	0.029903	0.0318702	0.0198565	0.255857	0.0272124	0.027811	0.0553776	0.0080725	0.0984184	0.177393	0.0465594	0.0479402	0.020444	0.00733468	0.00572932
117	0.0600475	0.0100137	0.0173412	0.119149	0.0126017	0.0292534	0.0417809	0.0573597	0.128211	0.0610012	0.0346258	0.0279891	0.0230983	0.0618832	0.0686937	0.0462031	0.0832624	0.105069	0.00331462	0.0091015
118	0.0444946	0.00245655	0.0187838	0.0938014	0.00410424	0.0305103	0.00888097	0.0448804	0.280988	0.0285933	0.03092	0.0706077	0.00895443	0.0392927	0.116325	0.0534979	0.0864051	0.0318023	0.00237555	0.00232515
119	0.065466	0.00590914	0.00849134	0.0213877	0.0234231	0.0169496	0.00801766	0.22042	0.0286352	0.0867949	0.0470054	0.010222	0.0089825	0.014475	0.0237804	0.0224505	0.0529445	0.321353	0.00104972	0.0122424
120	0.0332758	0.00870403	0.235021	0.127711	0.00338932	0.0534083	0.0289616	0.0105804	0.102436	0.0183333	0.00426959	0.152733	0.014048	0.0259077	0.0231734	0.0579286	0.0325626	0.0364097	0.00217685	0.0289699
121	0.0632944	0.0462559	0.10731	0.0548904	0.0252438	0.0517578	0.0378783	0.0394957	0.0659244	0.0170355	0.00520275	0.126273	0.0121238	0.0163181	0.0444589	0.132723	0.0784067	0.0407255	0.00303735	0.0316453
122	0.0256425	0.00918583	0.00623003	0.0030737	0.0652445	0.00462453	0.00729783	0.227364	0.00966248	0.342799	0.0475365	0.00636897	0.0111251	0.0127361	0.0111695	0.0211321	0.0154409	0.161681	0.00518459	0.00650179
123	0.0341714	0.00693049	0.00612915	0.00352558	0.067041	0.00477954	0.00676956	0.272553	0.0145372	0.231841	0.0462512	0.00949911	0.0104375	0.0113013	0.00992882	0.0275454	0.0210008	0.209846	0.00132785	0.00458349
124	0.0229413	0.012933	0.0398264	0.131574	0.00758222	0.00776455	0.0807304	0.0116244	0.155363	0.0472616	0.0228512	0.0415521	0.0192642	0.174112	0.113973	0.0327256	0.0346032	0.0251589	0.00633753	0.0118217
125	0.0157586	0.0143303	0.026217	0.132505	0.00460272	0.00592831	0.074854	0.0136212	0.19798	0.0369308	0.0271265	0.0405888	0.0124278	0.153742	0.142592	0.0327021	0.0307814	0.021776	0.0100817	0.00545278
126	0.0623196	0.121597	0.054417	0.0346955	0.0207371	0.0590567	0.0251644	0.0624509	0.0625259	0.0168762	0.0088679	0.0904811	0.010743	0.0162188	0.0330299	0.150275	0.0927408	0.053471	0.00244647	0.0218862
127	0.120096	0.00533709	0.0588881	0.103748	0.00343157	0.0588449	0.00730547	0.021477	0.13919	0.0188014	0.0229886	0.0667508	0.00954023	0.0473003	0.0564484	0.133474	0.0997894	0.0182976	0.00407997	0.00421171
128	0.146466	0.00743894	0.0450902	0.103374	0.00336532	0.0435069	0.00625365	0.0328732	0.115964	0.0212178	0.0247501	0.049382	0.0090402	0.0386336	0.0565658	0.140588	0.117952	0.029692	0.00254115	0.00530493
129	0.0379452	0.00502426	0.0137227	0.0715193	0.00546247	0.031339	0.012846	0.0267906	0.329337	0.0244167	0.034323	0.0616667	0.00670512	0.0532665	0.14647	0.0482026	0.0608302	0.0216154	0.00450638	0.00401141
130	0.0330194	0.00630876	0.0196552	0.0917755	0.013355	0.0227548	0.0259462	0.0308661	0.299567	0.0266671	0.0253257	0.0645334	0.010382	0.0870998	0.102898	0.0426241	0.058187	0.0283608	0.00485818	0.00581597
131	0.172055	0.00936644	0.0519878	0.0586356	0.00567298	0.0274559	0.00761681	0.0410853	0.0309904	0.0254437	0.0100898	0.053351	0.0173774	0.0221615	0.0271159	0.168088	0.213484	0.0383248	0.0133259	0.00637299
132	0.0234442	0.0127052	0.0667954	0.153384	0.00806284	0.0114636	0.0876365	0.00781844	0.126164	0.0516496	0.017692	0.046168	0.0225143	0.175673	0.0888994	0.0339596	0.0300607	0.0187834	0.00490629	0.01222
133	0.0323162	0.00827851	0.00527217	0.00330111	0.0789438	0.00453743	0.008385	0.251289	0.0127344	0.265236	0.0461621	0.00822709	0.0121204	0.0119279	0.0106532	0.0241286	0.0192571	0.187233	0.00308652	0.00691065
134	0.026768	0.00948026	0.0863589	0.26074	0.00602368	0.0296027	0.0342046	0.0137264	0.130395	0.0297617	0.0157269	0.048637	0.0265505	0.132865	0.0561866	0.0223136	0.0309655	0.0290285	0.00318264	0.00748342
135	0.0231721	0.0114613	0.0203766	0.115765	0.00523379	0.00970912	0.0649307	0.0191912	0.211452	0.0453596	0.0321634	0.0378601	0.0123814	0.126662	0.132849	0.0400924	0.0402707	0.0373936	0.00895305	0.00472208
136	0.0346937	0.0546325	0.0123156	0.0183888	0.233814	0.00521361	0.0675374	0.0308013	0.0141525	0.0832667	0.00727732	0.0575944	0.029974	0.0199453	0.0185648	0.0803924	0.0191612	0.0416827	0.00384607	0.166746
137	0.0369971	0.00650482	0.00601542	0.00413325	0.0623859	0.00545458	0.00682085	0.28077	0.0153047	0.209159	0.0482465	0.00879443	0.0101086	0.0114993	0.0090927	0.026696	0.0234351	0.222849	0.000787544	0.00494397
138	0.119884	0.00467099	0.0495697	0.124669	0.00411699	0.0473934	0.00734603	0.0221567	0.162625	0.0245077	0.0214313	0.0618614	0.00966218	0.0510197	0.0644944	0.109645	0.0874911	0.0212369	0.00266406	0.00355397
139	0.0702342	0.0536543	0.0667792	0.0390303	0.02783	0.0403026	0.0355212	0.0573504	0.0649942	0.0158855	0.00659292	0.115775	0.0105271	0.0145474	0.043722	0.156182	0.0986659	0.0506616	0.00194617	0.0297986
140	0.138971	0.0284404	0.0379027	0.031216	0.00953378	0.0605743	0.0122939	0.121597	0.0364897	0.0293308	0.0211308	0.0339311	0.0126455	0.0214796	0.035956	0.0913281	0.119228	0.142885	0.00224275	0.0128232
141	0.0794531	0.00940254	0.100297	0.186284	0.00556488	0.0575924	0.0194378	0.0196163	0.104399	0.0346034	0.017753	0.0642421	0.0156902	0.0454227	0.0518005	0.0603786	0.0676608	0.0356246	0.00344565	0.0213309
142	0.0619727	0.0268539	0.0368508	0.0719365	0.00919546	0.0170852	0.0278127	0.0823424	0.0486932	0.0987406	0.0344247	0.0277585	0.0179861	0.0620989	0.102304	0.0824709	0.0906698	0.0860475	0.00297268	0.0117832
143	0.021869	0.0146065	0.0469841	0.123217	0.0102028	0.00617534	0.0962296	0.00832618	0.136436	0.0542191	0.0187808	0.0436242	0.025203	0.195376	0.0985245	0.0339696	0.0286669	0.020787	0.0051679	0.0116345
144	0.0192754	0.0161812	0.0201231	0.0940964	0.00515434	0.0118079	0.0626218	0.0148438	0.246256	0.0320847	0.0325593	0.0391051	0.010837	0.122	0.163011	0.0404166	0.0325364	0.0210635	0.0104823	0.00554328
145	0.0206773	0.0138904	0.0491533	0.127564	0.00856675	0.00641446	0.0910247	0.00811811	0.138701	0.0543901	0.0188729	0.0438181	0.0248489	0.194882	0.100844	0.0339193	0.0287855	0.0186689	0.00517446	0.0116858
146	0.0367447	0.00812611	0.219329	0.14358	0.00228163	0.0542497	0.0251071	0.0129842	0.108968	0.0186671	0.00580469	0.142689	0.0133283	0.0287832	0.0281397	0.0503139	0.0346145	0.0375443	0.00211464	0.026629
147	0.0452813	0.00411791	0.00745404	0.01386	0.019787	0.0123929	0.005603	0.21233	0.0200142	0.183634	0.124435	0.00627354	0.0056677	0.0151583	0.0181319	0.0254691	0.0736373	0.200502	0.000882001	0.0053691
148	0.0406786	0.0455981	0.0593417	0.0213232	0.0723778	0.0132838	0.102975	0.0272319	0.040121	0.0375203	0.00420084	0.140094	0.0183516	0.0214001	0.064129	0.0975165	0.0507153	0.0293533	0.00498068	0.108807
149	0.122143	0.0285782	0.0521118	0.0427764	0.00867933	0.057569	0.00953676	0.0954081	0.0487429	0.0166486	0.0176773	0.0491398	0.010293	0.0316388	0.0197667	0.179375	0.131248	0.057492	0.00155028	0.0196252
150	0.191371	0.0136058	0.0195596	0.0293219	0.00936694	0.0339788	0.0315187	0.0755187	0.0288557	0.029802	0.0180533	0.0212913	0.0242546	0.0335065	0.0309513	0.131412	0.137328	0.123887	0.00219254	0.0142238
151	0.0333967	0.0157264	0.00453519	0.00306788	0.0849095	0.00411067	0.00689849	0.138107	0.00531951	0.437859	0.0501004	0.00656788	0.0115613	0.0152698	0.0195159	0.0162636	0.0102002	0.110906	0.0140222	0.0116627
152	0.0287399	0.00987403	0.116357	0.0960334	0.00585285	0.0874092	0.0455206	0.0242603	0.112479	0.0262277	0.0152832	0.0808806	0.0129832	0.0621509	0.0928285	0.0805229	0.0454796	0.0310529	0.00508093	0.020984
153	0.0335605	0.00838726	0.21979	0.136213	0.00302844	0.0541018	0.0261591	0.012086	0.107494	0.0231844	0.00548148	0.144775	0.0134179	0.02861	0.0296307	0.0527473	0.0333128	0.0389408	0.00232663	0.0267533
154	0.0341741	0.00705196	0.00508933	0.00495283	0.0579446	0.00532359	0.00659755	0.252785	0.0135987	0.256038	0.0542183	0.00758602	0.0100619	0.0124271	0.0106165	0.022677	0.0238623	0.206902	0.002579	0.00551502
155	0.0244636	0.0125013	0.0532526	0.199353	0.00909442	0.010356	0.0600759	0.0127683	0.137941	0.0408035	0.0245623	0.0377958	0.017297	0.171388	0.102727	0.0244682	0.028344	0.0180224	0.00506347	0.00972197
156	0.0449418	0.0113642	0.157673	0.16476	0.00317337	0.0627904	0.0264205	0.0135606	0.113101	0.0280809	0.00752594	0.113886	0.0190474	0.0513088	0.0525987	0.0477585	0.0331368	0.0272297	0.0036718	0.0179708
157	0.033816	0.00825152	0.233168	0.14857	0.00200597	0.0542917	0.0260017	0.00996865	0.103874	0.0182689	0.00427347	0.14915	0.0140491	0.0282652	0.0234906	0.0474167	0.0292222	0.0371239	0.0020732	0.0267206
158	0.0790495	0.0037245	0.00430032	0.0197341	0.0181209	0.013981	0.00544077	0.231849	0.0217877	0.0568513	0.0489056	0.00599289	0.00761192	0.0130311	0.0119754	0.0102172	0.0493422	0.381405	0.000647526	0.0160321
159	0.0215034	0.00599278	0.111393	0.0753111	0.00453934	0.164785	0.0162403	0.0115681	0.0917005	0.0211805	0.0183983	0.0810572	0.0070183	0.0363784	0.104696	0.144946	0.0572484	0.00767405	0.00440923	0.0139601
160	0.208189	0.00994738	0.0419285	0.052561	0.00591521	0.0313562	0.00756736	0.0467945	0.0253004	0.0226778	0.0110202	0.031877	0.0167629	0.0194783	0.0199031	0.153905	0.194966	0.0841648	0.00681896	0.00886657
161	0.0255231	0.0412024	0.0054221	0.0118468	0.303721	0.00184511	0.0592173	0.0558084	0.0128491	0.114213	0.0141496	0.0343908	0.0231497	0.0218753	0.013364	0.0535255	0.0166755	0.0430801	0.00281411	0.145327
162	0.0791827	0.0184244	0.0346436	0.0538092	0.0103302	0.0158506	0.0843238	0.0784754	0.0427434	0.03265	0.0474989	0.0570229	0.0136814	0.0439854	0.142005	0.0666177	0.0753185	0.0827987	0.00250847	0.01813
163	0.0504402	0.00276131	0.0215895	0.100846	0.00339846	0.0348328	0.0104632	0.0506817	0.213536	0.0308255	0.0329048	0.0716084	0.0099035	0.0375612	0.124091	0.0621599	0.0983862	0.0393218	0.00221757	0.00247081
164	0.056859	0.00438932	0.021112	0.0802188	0.0065157	0.0345728	0.0118042	0.0320786	0.288365	0.027129	0.0321859	0.064769	0.00854571	0.0492206	0.114795	0.0598497	0.072647	0.0268986	0.00332149	0.00472321
165	0.0429563	0.00653626	0.00659935	0.00504308	0.0655426	0.0056257	0.00698399	0.267257	0.0155575	0.198474	0.0430535	0.00894242	0.0109493	0.0118755	0.0097313	0.0277655	0.0232866	0.23671	0.00109211	0.00601844
166	0.0662388	0.0204452	0.0166528	0.0657157	0.0237809	0.0181231	0.0492088	0.0730766	0.0737638	0.0615414	0.0672369	0.0360564	0.0180555	0.0341973	0.0880003	0.0501036	0.0785658	0.138389	0.00246411	0.0183837
167	0.0157022	0.0141095	0.00372572	0.00389196	0.058904	0.00440945	0.00691125	0.126474	0.00422521	0.532908	0.0566116	0.00464712	0.0131224	0.017697	0.0163255	0.017337	0.00951563	0.0724118	0.0129219	0.00814815
168	0.0351952	0.00642895	0.00608876	0.00425766	0.0620439	0.00522085	0.00659515	0.271807	0.0158686	0.226211	0.0484123	0.0087429	0.00999208	0.0123408	0.0094016	0.0273625	0.0222283	0.21622	0.000960355	0.00462163
169	0.0534776	0.00677538	0.162415	0.219776	0.00311846	0.0588077	0.0236142	0.00986875	0.101039	0.0172696	0.0152994	0.077266	0.0261041	0.0490729	0.0203087	0.0302084	0.0593275	0.0483971	0.00216113	0.0156931
170	0.0146219	0.0132773	0.0279146	0.126576	0.00461978	0.00460961	0.0814661	0.0136143	0.193872	0.038999	0.0278049	0.0418824	0.0134538	0.158807	0.134033	0.0355627	0.030858	0.0222161	0.00998101	0.00583012
171	0.0444078	0.00575314	0.00571327	0.00698744	0.0520278	0.0066894	0.00611934	0.276071	0.0172132	0.182011	0.0509527	0.00982055	0.00946139	0.0114307	0.00961589	0.0222924	0.0308692	0.246017	0.000617142	0.00592908
172	0.0325138	0.00728541	0.243485	0.123581	0.00269883	0.0743152	0.0280756	0.0101744	0.0888226	0.0169442	0.00429244	0.145941	0.0116471	0.026239	0.0294616	0.058839	0.0304239	0.0317231	0.002238	0.0312986
173	0.149877	0.0104307	0.0606301	0.0853498	0.00456571	0.0637167	0.00749519	0.0281233	0.0911214	0.0200846	0.0216159	0.0581506	0.00989633	0.0383132	0.0366463	0.180037	0.0983811	0.0258176	0.00276876	0.00697848
174	0.0258734	0.00901967	0.00455536	0.0035828	0.0662421	0.00454941	0.00589843	0.228978	0.00922354	0.343842	0.0502659	0.00660334	0.0108393	0.0122701	0.0112514	0.0209617	0.014411	0.160809	0.00520893	0.00561423
175	0.0253711	0.0126707	0.0329202	0.175574	0.00600082	0.0094692	0.057145	0.0163352	0.1667	0.0350076	0.0263368	0.0376101	0.0121665	0.153229	0.133481	0.0289928	0.0327576	0.0239547	0.00742423	0.00685239
176	0.0147753	0.013722	0.0261437	0.135249	0.00449437	0.00452329	0.0781686	0.014101	0.194457	0.0368454	0.0276543	0.0402674	0.0122203	0.158293	0.135059	0.0337671	0.0316639	0.0227607	0.010336	0.00549893
177	0.0227835	0.00774365	0.174641	0.0817666	0.00625195	0.156409	0.0208177	0.0109915	0.0712458	0.0217734	0.00856918	0.109005	0.00803097	0.028928	0.0667563	0.120584	0.0412023	0.0128145	0.00372034	0.0259655
178	0.0431127	0.0788682	0.00828831	0.0105085	0.195601	0.00407791	0.086324	0.0247896	0.0115551	0.110016	0.00799792	0.03073	0.0167203	0.0314308	0.038245	0.0579949	0.0388568	0.0392904	0.0296636	0.135929
179	0.0353575	0.00714611	0.253602	0.138823	0.0018213	0.056345	0.0274053	0.0095964	0.094066	0.0166757	0.00401768	0.150266	0.0126198	0.0256033	0.0215606	0.0473832	0.0303191	0.0363352	0.00220782	0.0288493
180	0.0363309	0.00726585	0.0877597	0.201896	0.00277	0.0513118	0.0112903	0.0302422	0.154383	0.0276801	0.0167155	0.0875297	0.0166963	0.0634247	0.0761053	0.0483219	0.0475889	0.0236511	0.00247264	0.00656424
181	0.014574	0.0147598	0.00229894	0.00207214	0.0623235	0.00417667	0.00589841	0.125423	0.00191443	0.548692	0.0592519	0.00413497	0.0125457	0.0153456	0.0160643	0.0145148	0.00549685	0.0687792	0.0139982	0.00773484
182	0.0352255	0.00725963	0.251484	0.137846	0.00187579	0.0557983	0.0274553	0.00961668	0.0949292	0.0168714	0.00402054	0.150834	0.0126875	0.0256923	0.021558	0.0484873	0.0306527	0.0365287	0.00217212	0.0290054
183	0.0845872	0.0411593	0.0857027	0.0566904	0.0192557	0.0529495	0.0206242	0.0509968	0.0773115	0.0138233	0.00927233	0.104261	0.0080967	0.0190158	0.0322461	0.155223	0.0964067	0.049353	0.00146304	0.0215616
184	0.0267825	0.0838746	0.118726	0.0170194	0.0684131	0.0122205	0.0280927	0.0193923	0.0270733	0.159958	0.0707866	0.0136869	0.0143685	0.0678675	0.0325054	0.0261919	0.0221154	0.141388	0.0388816	0.0106555
185	0.0536477	0.00675254	0.0202447	0.0938786	0.005654	0.028211	0.0173405	0.0715854	0.175021	0.0378725	0.0359245	0.0577505	0.0100372	0.0436214	0.117622	0.0554604	0.0997732	0.0616175	0.00227485	0.00571139
186	0.123985	0.0234687	0.0557678	0.0779706	0.00802767	0.0536715	0.0112405	0.0556277	0.0721566	0.0188986	0.0241564	0.0458552	0.0123417	0.0389695	0.0272445	0.161106	0.11524	0.0492065	0.00190021	0.0231652
187	0.0405352	0.0479651	0.0461214	0.0273982	0.0220279	0.0210122	0.0867128	0.0431556	0.0552381	0.0282918	0.00387431	0.153035	0.0232497	0.0223384	0.097753	0.123926	0.0687513	0.030749	0.00422179	0.0536426
188	0.0343602	0.0443506	0.0706682	0.0588977	0.0410493	0.0189468	0.0975045	0.0250859	0.0597067	0.0351396	0.00971884	0.104661	0.0184593	0.063274	0.0756084	0.0826483	0.0457328	0.0481742	0.00494428	0.0610693
189	0.0615731	0.00616874	0.0184555	0.124687	0.00520041	0.0327634	0.0189293	0.0260152	0.190457	0.0838766	0.0242949	0.0401513	0.0128486	0.0613048	0.125244	0.0490642	0.0730824	0.0366096	0.00393828	0.00533562
190	0.0221382	0.0146795	0.0354983	0.134511	0.00687268	0.00689827	0.078651	0.0119079	0.163586	0.0419632	0.0229577	0.0425659	0.0172243	0.176278	0.118113	0.0330115	0.0359146	0.0214838	0.00733747	0.0084082
191	0.0614228	0.00319701	0.016334	0.101258	0.00473022	0.0301678	0.0118103	0.0385316	0.219583	0.0510135	0.0328724	0.0531271	0.0102706	0.0402283	0.118853	0.0615994	0.0939621	0.0457439	0.00220208	0.00309293
192	0.0350432	0.00655641	0.00585656	0.00366199	0.064913	0.00515722	0.00680441	0.288094	0.0145381	0.214023	0.0443429	0.00876733	0.0104156	0.0109389	0.00869975	0.0255357	0.0202323	0.220606	0.000913521	0.00489891
193	0.0432565	0.00480518	0.0827535	0.124716	0.00367461	0.0440502	0.0168412	0.0287536	0.18636	0.0253135	0.0209611	0.0932306	0.0114673	0.0473631	0.0935869	0.060134	0.0678082	0.0319607	0.00335655	0.00960683
194	0.0893655	0.0215388	0.0479859	0.0682763	0.00760405	0.066208	0.0120977	0.0559012	0.106466	0.0171738	0.0219941	0.0726818	0.0102491	0.0272399	0.0656547	0.152904	0.106275	0.0389261	0.00208178	0.00937595
195	0.0220705	0.00431519	0.00813446	0.0160855	0.0104673	0.00859787	0.00711244	0.176744	0.0217995	0.236755	0.182734	0.00524554	0.00445843	0.0191067	0.026532	0.0228401	0.0954932	0.126941	0.00140998	0.00315789
196	0.0513584	0.0540145	0.100095	0.0482326	0.0284648	0.0388473	0.041645	0.0412229	0.0619745	0.0161103	0.00375114	0.135002	0.0114085	0.015127	0.0445568	0.138637	0.081281	0.04614	0.00252584	0.0396062
