536	20
1	0.0209548	0.003168	0.0242255	0.141084	0.00840825	0.018392	0.0205377	0.00686757	0.0389393	0.0354436	0.0101371	0.0362924	0.00237142	0.513585	0.0208981	0.0325371	0.039268	0.00983474	0.000602544	0.0164528
2	0.0588179	0.00448962	0.00636637	0.0151986	0.0133622	0.00542877	0.00570155	0.237328	0.0193363	0.264975	0.0426428	0.00484578	0.0043546	0.0150321	0.014477	0.017465	0.0487043	0.210529	0.00168178	0.00926428
3	0.0391992	0.00234138	0.154382	0.505109	0.00187792	0.00652754	0.0141876	0.00436705	0.0677578	0.00747093	0.00324193	0.0368188	0.00387237	0.0445962	0.0278589	0.03001	0.0233361	0.0136276	0.000247619	0.0131694
4	0.0393405	0.0055802	0.00100562	0.00206428	0.0415848	0.00390522	0.0021387	0.182928	0.00262737	0.468762	0.0552206	0.0017122	0.0023445	0.00273906	0.00194794	0.0101699	0.0202232	0.148579	0.00106359	0.00606387
5	0.0252204	0.0239888	0.00093958	0.00162161	0.309379	0.00102805	0.00608127	0.0701752	0.00826092	0.247428	0.049848	0.00376143	0.00183552	0.00337732	0.00802259	0.00670137	0.0192774	0.084909	0.0135953	0.114549
6	0.0484387	0.00135687	0.144396	0.544092	0.00182794	0.00383412	0.0121293	0.00411666	0.0473075	0.00939248	0.00228602	0.0312831	0.00189101	0.0380607	0.0145849	0.0398079	0.0253906	0.0160468	0.00024789	0.0135105
7	0.058845	0.0170521	0.0504203	0.0680523	0.00771516	0.0150689	0.051001	0.033573	0.14384	0.0445089	0.0239534	0.0634217	0.00921417	0.0578893	0.0956342	0.113313	0.0960851	0.0291173	0.00108106	0.0202139
8	0.634015	0.038067	0.00070164	0.00146564	0.00300019	0.0438935	0.00264915	0.0204495	0.00134607	0.0312676	0.00943834	0.00724806	0.004197	0.00137407	0.000988053	0.0791019	0.070325	0.047857	0.000183756	0.00243176
9	0.0349796	0.0394822	0.0104308	0.0447281	0.00931525	0.00894604	0.00496198	0.139258	0.158119	0.162846	0.0606802	0.00724078	0.00331241	0.0516351	0.102065	0.0178306	0.0493655	0.0765747	0.00462314	0.0136047
10	0.0453351	0.0138693	0.0262966	0.138737	0.00644077	0.0335023	0.0574038	0.0046937	0.186706	0.0105481	0.0109587	0.047348	0.00181735	0.120163	0.223607	0.0331871	0.0198711	0.0043243	0.00390757	0.0112829
11	0.0216549	0.0131932	0.173312	0.0458159	0.00496112	0.0241072	0.0330377	0.0116138	0.0306208	0.0144812	0.00936735	0.418105	0.0130454	0.0236666	0.0232012	0.0787764	0.0379633	0.00989448	0.000775607	0.0124068
12	0.0447134	0.00575867	0.00519639	0.00680927	0.0125508	0.0113458	0.00749501	0.252174	0.0116914	0.119178	0.0333459	0.00597385	0.00193703	0.00882947	0.00279786	0.0419879	0.168951	0.249308	0.0013249	0.008632
13	0.0453537	0.00772838	0.00225204	0.00354986	0.0304648	0.00536363	0.00370972	0.305089	0.00576442	0.202109	0.043729	0.0031585	0.00217129	0.00428961	0.00192155	0.0149139	0.0437533	0.263524	0.00279934	0.00835544
14	0.0784949	0.010662	0.00248584	0.00316382	0.0327541	0.0066234	0.00227366	0.222786	0.00367203	0.203586	0.0419074	0.00261427	0.00180588	0.00344789	0.00141037	0.0162694	0.0511273	0.302627	0.00360463	0.00868402
15	0.0309205	0.0638085	0.00260787	0.00514165	0.194377	0.00428339	0.0314637	0.035615	0.0304024	0.128405	0.0363847	0.0210868	0.00975871	0.0205167	0.0626246	0.0449885	0.0350622	0.0420017	0.00893691	0.191614
16	0.0246975	0.0111138	0.00150542	0.00308227	0.0624771	0.0042547	0.00463449	0.113833	0.00598346	0.539746	0.0731501	0.00536899	0.0120645	0.00431152	0.0055773	0.027057	0.0233908	0.0668563	0.000755511	0.0101406
17	0.0696807	0.0102638	0.0859981	0.197857	0.00568773	0.231202	0.0111659	0.0113264	0.0203837	0.0117642	0.00952223	0.0711444	0.0699909	0.0416535	0.0167736	0.0958118	0.0146329	0.0152818	0.00138663	0.00847296
18	0.0359935	0.00917796	0.0236945	0.00988837	0.003409	0.0261697	0.0159355	0.0217387	0.0304525	0.00758886	0.00884448	0.0445292	0.00937165	0.0157815	0.0168002	0.180274	0.508424	0.0263208	0.00141937	0.00418603
19	0.0541955	0.00921967	0.0199193	0.0359578	0.00184546	0.752832	0.00557462	0.015161	0.00666825	0.00349934	0.00211402	0.0198325	0.00165742	0.00602927	0.013394	0.0355605	0.00749881	0.00364803	0.000329116	0.00506336
20	0.198039	0.0585165	0.00344682	0.0117344	0.0109476	0.0394643	0.00504889	0.0352871	0.00695987	0.00860871	0.0275894	0.00970939	0.0154129	0.0101469	0.006716	0.326722	0.128447	0.0851277	0.0004628	0.0116125
21	0.052291	0.00948437	0.0181015	0.0382816	0.00152699	0.767734	0.00569162	0.0103618	0.00639526	0.0021988	0.00159887	0.0191258	0.00164028	0.00611053	0.0121418	0.0343594	0.00519732	0.00258749	0.000297353	0.00487409
22	0.0266166	0.0120656	0.0172018	0.0390315	0.00968865	0.0157357	0.0410411	0.022816	0.316963	0.0391138	0.0119962	0.0464431	0.00902088	0.073259	0.199713	0.0465184	0.041431	0.0189253	0.00148416	0.0109354
23	0.09276	0.0381866	0.0165064	0.0334708	0.0382119	0.0165734	0.0186418	0.0507259	0.0297008	0.0937051	0.02502	0.0203648	0.0119185	0.0200819	0.0405486	0.0840073	0.260236	0.0927024	0.00180415	0.0148336
24	0.0107948	0.0104756	0.00297104	0.0128303	0.286797	0.0204433	0.0575172	0.0419225	0.0153971	0.203583	0.0745589	0.0218902	0.00261371	0.0224058	0.00881655	0.0106649	0.0104268	0.0269685	0.00232457	0.156597
25	0.016154	0.00769335	0.000636173	0.00118416	0.0290474	0.00127447	0.0022896	0.457239	0.00237999	0.152739	0.0405356	0.00232544	0.00281463	0.00172749	0.00113793	0.00378578	0.00874276	0.260717	0.00135634	0.00621987
26	0.784261	0.0159235	0.000620739	0.000920152	0.000596546	0.00565685	0.000642397	0.00652992	0.00172987	0.0150962	0.00112399	0.00180213	0.000502433	0.0015486	0.000752395	0.121605	0.0127765	0.0223662	0.000125227	0.00542101
27	0.0543026	0.00595575	0.00520387	0.0067939	0.012252	0.00794351	0.00711463	0.265193	0.012806	0.121824	0.0329594	0.00444035	0.000820116	0.00860747	0.00187875	0.0384417	0.0925676	0.310952	0.00146089	0.00848149
28	0.0184503	0.0276648	0.00636054	0.0123815	0.0256385	0.00825022	0.0077889	0.0527126	0.0400244	0.418278	0.210494	0.0143679	0.00316967	0.012609	0.0458777	0.0458154	0.0162725	0.0234799	0.0027632	0.00760034
29	0.0471067	0.00976814	0.00182088	0.00274781	0.0400754	0.00498314	0.00243087	0.200952	0.00309112	0.311573	0.0379537	0.00290841	0.00327357	0.00269738	0.00179015	0.0110718	0.0301283	0.272935	0.00356911	0.00912358
30	0.0185649	0.00133648	0.00121462	0.0040732	0.00851827	0.00127848	0.00619003	0.337244	0.00884381	0.337434	0.0852395	0.00144038	0.0035716	0.00474118	0.00511638	0.0100751	0.0151148	0.147526	0.000681891	0.00179541
31	0.0278168	0.0130151	0.0138267	0.0409744	0.0113292	0.0147001	0.0448471	0.019553	0.243865	0.0265243	0.0123521	0.0446029	0.00685233	0.0862809	0.300173	0.0400366	0.0242547	0.0141346	0.00144115	0.0134197
32	0.0530554	0.0102591	0.0475363	0.194928	0.00732566	0.0352172	0.127394	0.00718891	0.0754576	0.0159452	0.00891497	0.0382594	0.0026362	0.0963258	0.131422	0.0836756	0.0144575	0.00894174	0.0162409	0.0248187
33	0.00837352	0.00185062	0.0012407	0.00454177	0.148933	0.0013871	0.0232451	0.110139	0.00866075	0.322275	0.200727	0.0057538	0.000737626	0.00445981	0.00191939	0.00970625	0.0297127	0.059396	0.000599493	0.0563414
34	0.204274	0.0640265	0.00359191	0.0103346	0.0101754	0.0363309	0.00475362	0.0385675	0.00695398	0.0087735	0.0302481	0.00945797	0.0136257	0.0121945	0.00668755	0.315873	0.124256	0.0885579	0.000621796	0.0106957
35	0.0282701	0.0145561	0.000439289	0.000765143	0.0678215	0.00173141	0.00222058	0.354996	0.00136112	0.165556	0.0443674	0.00374067	0.00170054	0.00235282	0.000640158	0.00173266	0.0120401	0.277967	0.00296923	0.0147715
36	0.0126949	0.00980917	0.000895237	0.00119693	0.46419	0.000888614	0.00142891	0.0703689	0.00601088	0.195852	0.0390258	0.00154352	0.00114593	0.00284686	0.00201802	0.00255287	0.0107131	0.0765547	0.0088088	0.0914551
37	0.00802343	0.00748519	0.000399762	0.00112883	0.0491615	0.00179425	0.00174351	0.156943	0.00132054	0.60251	0.0441882	0.00180634	0.0017105	0.00166807	0.00125258	0.0061988	0.00581299	0.100539	0.000212411	0.00610149
38	0.490426	0.0452921	0.00147501	0.00311025	0.0107353	0.053929	0.00358992	0.0301455	0.00231916	0.0609791	0.013285	0.00820041	0.00766418	0.00261639	0.00254908	0.0563889	0.088753	0.11588	0.000506814	0.00215524
39	0.0545272	0.0160129	0.0732658	0.0672215	0.00352407	0.0236142	0.0277404	0.0132304	0.0690809	0.0122254	0.00814386	0.121464	0.23043	0.0497531	0.0529315	0.0959573	0.0446044	0.0263161	0.000299266	0.00965795
40	0.0411008	0.00698806	0.034557	0.0413062	0.00583912	0.009172	0.024588	0.0298677	0.0806712	0.0206622	0.011398	0.0333469	0.00457138	0.0356053	0.0511334	0.110206	0.423584	0.0262419	0.000562697	0.00859736
41	0.168244	0.00484956	0.0360095	0.0678429	0.0127091	0.0232809	0.0227933	0.0807121	0.0368033	0.0401423	0.0266114	0.0153892	0.0252555	0.0344061	0.0381893	0.0494374	0.0736603	0.232103	0.000518887	0.0110423
42	0.0892204	0.0182642	0.0439666	0.0646109	0.0102234	0.0163859	0.0315782	0.0198845	0.050285	0.0148553	0.00622197	0.096319	0.230995	0.052713	0.0387191	0.0943327	0.050836	0.0638707	0.000470339	0.00624767
43	0.0244654	0.00367379	0.0272125	0.0173454	0.0119545	0.00248043	0.0197533	0.0154747	0.0305468	0.583904	0.0225299	0.0210018	0.00163396	0.0370452	0.0204157	0.0509589	0.0136001	0.0677861	0.000644781	0.0275725
44	0.242124	0.0530139	0.00492652	0.0134636	0.0157375	0.030479	0.00336079	0.0791605	0.00422705	0.0690693	0.00459842	0.0131381	0.06527	0.00379799	0.0158669	0.0328382	0.0080991	0.336956	0.000696772	0.00317596
45	0.0590281	0.0172279	0.0505471	0.0678501	0.00773677	0.0158663	0.0508711	0.0332821	0.143025	0.0442183	0.0238677	0.0637067	0.00965517	0.0580207	0.09475	0.114336	0.0957749	0.0289731	0.00106953	0.0201936
46	0.0104723	0.00655207	0.00032181	0.000690508	0.073661	0.00208076	0.00121773	0.124013	0.000519847	0.632496	0.0495492	0.00197329	0.00154714	0.00188347	0.000815668	0.00668804	0.00832551	0.06615	0.000222326	0.0108198
47	0.0305569	0.0134229	0.00127478	0.00175881	0.0602843	0.00223946	0.00217594	0.316183	0.00182026	0.149985	0.0411618	0.00357863	0.00188227	0.00248971	0.00106325	0.00388654	0.0142629	0.335892	0.00292261	0.0131593
48	0.096106	0.077727	0.0046954	0.00668416	0.0489242	0.101612	0.00622456	0.0582892	0.00863087	0.162283	0.197217	0.00803323	0.00411442	0.00773283	0.00753938	0.059986	0.0804784	0.0556317	0.0011436	0.00694705
49	0.0301414	0.00219111	0.0227698	0.00967172	0.00226524	0.00676961	0.00849116	0.0339279	0.0254959	0.00575113	0.00790907	0.0119528	0.00188402	0.0145154	0.0133318	0.122015	0.64624	0.0325487	0.000377695	0.00175026
50	0.220617	0.0294079	0.0181681	0.0282411	0.00267814	0.0476563	0.0272877	0.00971073	0.0194523	0.0255423	0.0145958	0.0170464	0.220554	0.0199639	0.0354058	0.148113	0.0516558	0.045077	0.000485298	0.0183417
51	0.0209615	0.00283686	0.0213029	0.108174	0.0119616	0.015297	0.0221768	0.00408604	0.0301274	0.0281506	0.00889551	0.0337116	0.00163272	0.565856	0.0191882	0.0357901	0.0444375	0.00515522	0.000559678	0.019699
52	0.0483883	0.00745014	0.00491629	0.00945167	0.0105503	0.00956849	0.0111632	0.313507	0.0155455	0.120637	0.0292179	0.00812823	0.0011592	0.011736	0.00344269	0.0318482	0.0807242	0.271757	0.00156418	0.00924468
53	0.0242839	0.0209306	0.000916436	0.00140887	0.310423	0.00101489	0.00461393	0.0780359	0.00666948	0.259729	0.0503979	0.0031475	0.00176578	0.00278803	0.00653332	0.00549851	0.0199472	0.0797152	0.0151979	0.106982
54	0.0246373	0.00366621	0.0268423	0.0170331	0.0120437	0.00248637	0.0197862	0.0155764	0.030599	0.583963	0.0224009	0.020984	0.00162177	0.0369631	0.0205877	0.0510606	0.0135043	0.0680182	0.000643831	0.0275821
55	0.0126326	0.00400664	0.333167	0.0773513	0.00461109	0.0140305	0.049131	0.00928197	0.0283465	0.00952573	0.0175612	0.248516	0.00598288	0.0266248	0.0234422	0.0684204	0.0368167	0.00949653	0.000388218	0.0206669
56	0.107349	0.035367	0.00467403	0.00616021	0.0276775	0.0176738	0.0170956	0.241796	0.00667841	0.182662	0.038418	0.0548816	0.00427307	0.00823056	0.00614177	0.0257075	0.0185084	0.133784	0.0289986	0.0339231
57	0.00877182	0.00652357	0.000310457	0.000717011	0.0668973	0.00200538	0.00102521	0.11931	0.000522931	0.652641	0.0493424	0.00174632	0.00163179	0.00173854	0.000879023	0.00604948	0.00750835	0.0632525	0.000106693	0.0090208
58	0.0572922	0.0160886	0.0500527	0.0681965	0.00749257	0.0137294	0.0504981	0.0334956	0.144645	0.0458649	0.0249834	0.0630562	0.0086726	0.0580415	0.0987297	0.112681	0.0967633	0.0286119	0.00109368	0.0200104
59	0.029746	0.0140955	0.000384209	0.0007015	0.0642152	0.00199986	0.00216521	0.353006	0.00142597	0.171308	0.0458004	0.00361714	0.00170934	0.00223854	0.00056752	0.00210377	0.0134813	0.273526	0.00314711	0.0147615
60	0.116707	0.057446	0.063092	0.0323233	0.00960967	0.058091	0.0319155	0.010766	0.0542733	0.0138002	0.015391	0.124061	0.0303782	0.0559835	0.0320144	0.218755	0.0374393	0.0168774	0.00051751	0.0205583
61	0.0457281	0.00877294	0.0018167	0.00233684	0.0362099	0.00498168	0.00218526	0.209229	0.00325973	0.318871	0.0446039	0.00244818	0.0021652	0.00278328	0.0016783	0.0123422	0.0330883	0.256671	0.0029433	0.00788496
62	0.0138489	0.00221855	0.000911264	0.00276158	0.0120375	0.000821487	0.00505488	0.306041	0.00582189	0.416162	0.062751	0.00094102	0.00251773	0.00319485	0.00344791	0.00748022	0.00771777	0.144782	0.000256626	0.00123207
63	0.00166141	0.00391311	0.000728303	0.000938924	0.00509485	0.000799915	0.00099648	0.61097	0.00113523	0.0331825	0.0174383	0.00166797	0.00509183	0.000779016	0.000963525	0.0038085	0.00138714	0.30845	0.000149003	0.000843686
64	0.00785421	0.00585383	0.000700873	0.00124088	0.263854	0.00125173	0.001629	0.129391	0.00343756	0.37913	0.0647838	0.00142233	0.00155221	0.00253775	0.00114896	0.00374372	0.00582821	0.0968913	0.00203706	0.025711
65	0.00303344	0.00137652	0.782792	0.0597328	0.00293505	0.0190388	0.0192443	0.00409611	0.00355072	0.0031309	0.00137619	0.0512021	0.000830588	0.00730718	0.00478444	0.0149546	0.00630362	0.00266428	0.000321978	0.011324
66	0.0272305	0.00110194	0.0662618	0.721522	0.00118156	0.00566687	0.00493348	0.00180783	0.0304072	0.00411391	0.00349047	0.0226495	0.00194928	0.036437	0.00703205	0.0301319	0.0176593	0.00918098	0.000276014	0.00696687
67	0.311815	0.14276	0.00964846	0.00637425	0.00504982	0.0227915	0.00772002	0.0149931	0.00580853	0.015099	0.00967334	0.0251349	0.0113616	0.0068982	0.00723685	0.307124	0.047052	0.0348493	0.000523414	0.00808773
68	0.0245041	0.0144754	0.0423965	0.0283467	0.0153472	0.0113431	0.348621	0.0241638	0.0444038	0.0649349	0.0153707	0.0542416	0.00877608	0.128474	0.0389278	0.0417413	0.0234972	0.0277255	0.00252777	0.0401808
69	0.0236419	0.0384654	0.0278868	0.00743087	0.00517531	0.00478765	0.454831	0.00926438	0.0319108	0.0797099	0.0205526	0.0621425	0.00315199	0.0144809	0.137033	0.0162227	0.00726339	0.0265775	0.00117219	0.0282986
70	0.59801	0.0395158	0.000793162	0.00163826	0.00276163	0.0513812	0.00363618	0.0255673	0.00127224	0.0339502	0.0104	0.0093419	0.0059091	0.00106566	0.00104017	0.0577936	0.095275	0.0593283	0.000202128	0.00111818
71	0.02392	0.0241881	0.00560154	0.0207884	0.00883509	0.0241876	0.0491649	0.0611842	0.172894	0.0746836	0.00675572	0.0388659	0.0228556	0.079644	0.222464	0.0391106	0.0501414	0.0650152	0.000738242	0.0089625
72	0.0700382	0.0391949	0.00460657	0.00740294	0.0202868	0.00766568	0.0176075	0.0883575	0.0215615	0.0750317	0.0738471	0.0262434	0.186169	0.0114543	0.0167456	0.11811	0.113016	0.0959883	0.000843851	0.00582938
73	0.0377089	0.0153621	0.0230591	0.0291673	0.00915525	0.0103892	0.0426184	0.017685	0.235794	0.0292635	0.0136017	0.0438885	0.00767284	0.0522663	0.315666	0.0559262	0.0318393	0.0185798	0.00164303	0.00871432
74	0.00166141	0.00391311	0.000728303	0.000938924	0.00509485	0.000799915	0.00099648	0.61097	0.00113523	0.0331825	0.0174383	0.00166797	0.00509183	0.000779016	0.000963525	0.0038085	0.00138714	0.30845	0.000149003	0.000843686
75	0.0177645	0.00942045	0.00065527	0.00123696	0.104953	0.00166025	0.00277056	0.253993	0.00257659	0.332569	0.0585572	0.00271474	0.00205865	0.00231581	0.00118641	0.00421218	0.0109197	0.173229	0.00226678	0.01494
76	0.234088	0.0275512	0.0112894	0.0270303	0.00303358	0.510026	0.004995	0.0147433	0.00461434	0.0161632	0.00500281	0.0137319	0.0054969	0.00575539	0.00900037	0.0538684	0.0281882	0.0203183	0.000304356	0.0047986
77	0.00887844	0.00406446	0.000674838	0.00281615	0.153863	0.00159544	0.00910905	0.109422	0.00404491	0.444317	0.134012	0.0034982	0.00104251	0.00305312	0.00131631	0.00766393	0.0166312	0.0611035	0.000785457	0.0321085
78	0.0293443	0.00282514	0.0196986	0.00802447	0.00206507	0.00676029	0.00807022	0.0325667	0.0212407	0.0052904	0.00762625	0.0113799	0.00103749	0.0118199	0.0103982	0.124087	0.662442	0.0335706	0.000314931	0.001438
79	0.321718	0.0232045	0.0119527	0.0264715	0.00485798	0.0694949	0.0251156	0.0132527	0.0112495	0.0340877	0.0239236	0.0111502	0.0971197	0.0119379	0.0175007	0.153479	0.0774044	0.0523617	0.000509913	0.0132077
80	0.122277	0.0714526	0.0086941	0.00797889	0.00419964	0.0277012	0.00688772	0.0120101	0.00729602	0.0080345	0.0145674	0.0373909	0.0199007	0.0072922	0.00756319	0.517734	0.0764611	0.0365102	0.000267906	0.00577965
81	0.0157327	0.00635309	0.00102253	0.00263463	0.0563904	0.00300194	0.00211793	0.13225	0.0028333	0.594085	0.0440599	0.00233013	0.0231713	0.00332393	0.00292766	0.00727077	0.00916495	0.083368	0.000356413	0.00760532
82	0.0279869	0.0144591	0.000367951	0.000719088	0.0664634	0.00173618	0.00230494	0.35915	0.00139791	0.167673	0.0454789	0.00376669	0.00169471	0.00227876	0.000622585	0.00167931	0.0122094	0.272239	0.002956	0.0148161
83	0.0533766	0.0145924	0.0577075	0.0989036	0.00813931	0.0158793	0.0431503	0.0306265	0.14754	0.041304	0.0204376	0.0661502	0.00697843	0.0610729	0.09379	0.105391	0.0872489	0.0284938	0.00102572	0.0181922
84	0.0130244	0.00452136	0.000979072	0.00417088	0.0342909	0.00158228	0.0044596	0.20211	0.00691435	0.5131	0.0788699	0.00170734	0.00214529	0.00385036	0.00682317	0.00978009	0.0116426	0.094355	0.000638373	0.00503484
85	0.0403978	0.00817101	0.0380281	0.436896	0.00610859	0.0337814	0.0222385	0.00756233	0.0558633	0.0174917	0.0168819	0.0374128	0.00863211	0.112548	0.0320986	0.0752049	0.0272191	0.0123367	0.00122541	0.00990138
86	0.0568066	0.0158041	0.0527586	0.0718798	0.00758113	0.0138441	0.0493716	0.0341348	0.143379	0.044859	0.0234717	0.0655935	0.00807928	0.056963	0.0944454	0.111853	0.0984102	0.0297802	0.0010467	0.0199382
87	0.0929133	0.0199178	0.019486	0.00716902	0.00656367	0.0174091	0.0205617	0.147112	0.0642458	0.149348	0.00726295	0.037277	0.0042396	0.0120196	0.039581	0.0550428	0.208075	0.0855953	0.000891382	0.00528901
88	0.00800773	0.0018289	0.00117591	0.00462097	0.143704	0.00156654	0.021568	0.105045	0.00782995	0.332506	0.206462	0.00565822	0.000733015	0.00446542	0.00181537	0.00971387	0.0294732	0.0580599	0.00029969	0.0554665
89	0.0246659	0.0630316	0.105433	0.00733371	0.0183028	0.0191773	0.111871	0.00838009	0.0406482	0.0392871	0.0188864	0.216129	0.00309848	0.0665386	0.125712	0.0863994	0.00748002	0.0103679	0.00114437	0.0261127
90	0.0815954	0.00537465	0.00484267	0.0122347	0.0140115	0.00495694	0.00658274	0.236426	0.0113379	0.274142	0.0453726	0.00774629	0.0471146	0.0236686	0.0115886	0.0173791	0.0475668	0.135389	0.00219214	0.0104779
91	0.0302816	0.0249059	0.00115752	0.00198601	0.294172	0.00122065	0.00711215	0.0754982	0.00877257	0.231108	0.0470605	0.00457598	0.00209717	0.00416207	0.0124304	0.0091385	0.0236907	0.0756094	0.0236102	0.12141
92	0.226613	0.124248	0.00515448	0.00733896	0.0165433	0.213013	0.00601617	0.0535426	0.00716389	0.0897633	0.0175053	0.00748388	0.00405035	0.0105966	0.0073887	0.096059	0.0248385	0.0607318	0.00101567	0.0209334
93	0.593779	0.0389732	0.000918799	0.00174235	0.00305383	0.0509598	0.00413458	0.0258847	0.00144223	0.0342608	0.0105232	0.00928304	0.00584736	0.00131804	0.00133151	0.0567895	0.0981417	0.0602233	0.000197583	0.00119529
94	0.0685952	0.0137104	0.0319058	0.0299547	0.055293	0.0246045	0.113994	0.0376572	0.0285067	0.0925407	0.025242	0.0630248	0.00423809	0.0632209	0.0253913	0.150785	0.0273008	0.0428069	0.0195289	0.0816989
95	0.0108203	0.0152062	0.0031101	0.0113653	0.31345	0.021312	0.0620575	0.0342882	0.0187882	0.16425	0.0421421	0.0276513	0.00313634	0.0264779	0.0125762	0.0118574	0.00818389	0.0241776	0.00241621	0.186733
96	0.062557	0.00607557	0.00632962	0.00595197	0.0212602	0.00816018	0.00632464	0.235202	0.00881493	0.154302	0.0397397	0.00358327	0.00163567	0.00813505	0.00194541	0.0350506	0.0894235	0.295553	0.00171542	0.00824068
97	0.0460895	0.0430929	0.0263535	0.00378961	0.00238499	0.0078259	0.0146998	0.00658531	0.0272823	0.00745121	0.00578104	0.0494187	0.0499361	0.00532103	0.0188654	0.468445	0.198274	0.0130079	0.0025719	0.00282331
98	0.0991458	0.0159194	0.0397471	0.0435415	0.00401068	0.0361892	0.0256977	0.0148653	0.0559988	0.0244602	0.00808104	0.0631715	0.225193	0.0485933	0.0532678	0.143598	0.0566059	0.0322745	0.00032436	0.00931436
99	0.01709	0.0110877	0.0122181	0.0480336	0.00775222	0.0108001	0.0544798	0.0236732	0.380698	0.0179599	0.0105308	0.026401	0.00645257	0.0862895	0.215114	0.025441	0.0185237	0.0116413	0.00167094	0.0141422
100	0.0568675	0.0102786	0.0010799	0.00127194	0.0520959	0.00511708	0.00193931	0.252175	0.00221567	0.216384	0.0462892	0.00253384	0.0022394	0.00190369	0.000894169	0.00908369	0.0317209	0.290431	0.00433832	0.01114
101	0.00905069	0.00675689	0.000424758	0.000822198	0.11208	0.00174979	0.00152885	0.117105	0.00125552	0.589994	0.0535201	0.00194559	0.0013469	0.0021627	0.000995946	0.00560682	0.00800351	0.0685412	0.000570801	0.0165386
102	0.0279214	0.0145377	0.000360881	0.000703372	0.0665756	0.00173199	0.00225772	0.359687	0.00137422	0.167111	0.0452747	0.00376834	0.00168379	0.00226972	0.000604418	0.0016197	0.0121486	0.272586	0.00296139	0.0148222
103	0.0126153	0.00914167	0.191961	0.210029	0.0020715	0.0260807	0.0431812	0.010845	0.171771	0.00485528	0.0137021	0.0910654	0.0172999	0.10501	0.0636877	0.00709809	0.0111188	0.00461059	0.000511971	0.00334455
104	0.0471265	0.00557846	0.00566541	0.00788741	0.0149299	0.00814468	0.00975744	0.275987	0.012905	0.115546	0.0326219	0.00532632	0.00118732	0.0118795	0.00203366	0.0427613	0.0976208	0.291006	0.00133987	0.0106956
105	0.00927034	0.00645877	0.000335643	0.000731751	0.0732289	0.00188875	0.00128246	0.121735	0.000561423	0.638898	0.0504615	0.00195901	0.00161162	0.00191185	0.000802224	0.00658015	0.00794396	0.0637112	0.000128707	0.0104987
106	0.0438879	0.0184206	0.0390245	0.0550064	0.0142579	0.00987489	0.0493569	0.0284198	0.19604	0.0603561	0.0235054	0.0485005	0.00663402	0.0655822	0.1534	0.0811652	0.0584162	0.0248322	0.00580406	0.017515
107	0.0620095	0.0065626	0.0872248	0.0376286	0.216206	0.0066509	0.00718306	0.122146	0.0820884	0.155962	0.0586842	0.0318104	0.00470788	0.00841054	0.0101598	0.0163471	0.0117625	0.0656751	0.00177325	0.00700744
108	0.0294246	0.0232229	0.01395	0.029356	0.00998111	0.0213902	0.0515171	0.0450595	0.183169	0.0672229	0.0108018	0.0447661	0.0223377	0.0738007	0.196067	0.0586169	0.0600938	0.0450671	0.00105742	0.013098
109	0.509443	0.0872858	0.00150277	0.00236185	0.00452407	0.0781937	0.00369955	0.026284	0.00240011	0.0481417	0.0102756	0.00856489	0.00497724	0.00244575	0.0020995	0.0636169	0.0780227	0.0617592	0.000323016	0.00407887
110	0.0099811	0.00487996	0.000424625	0.00111758	0.0494744	0.00182147	0.00214149	0.199255	0.0019997	0.549761	0.0550411	0.00157596	0.00175434	0.00177919	0.00155376	0.00622369	0.00705452	0.0980559	0.00030515	0.00580013
111	0.00175216	0.00399675	0.000748286	0.00094897	0.0051569	0.000796941	0.000996743	0.610242	0.00113805	0.0331502	0.0173529	0.00166012	0.00506485	0.000780015	0.000967024	0.00384647	0.0014322	0.308978	0.000148565	0.000842348
112	0.0111976	0.00739259	0.00101282	0.00170606	0.280882	0.00139395	0.00436584	0.0944715	0.00464065	0.384384	0.0644974	0.00281435	0.00110264	0.00286492	0.00178534	0.00553034	0.0116256	0.0651016	0.00358826	0.049642
113	0.074572	0.0427026	0.0046057	0.00592048	0.0461436	0.0200693	0.00818728	0.118019	0.00925265	0.15376	0.0852709	0.00922367	0.00654761	0.00786303	0.00794824	0.050555	0.0855399	0.247175	0.00259568	0.0140485
114	0.0140926	0.0078864	0.201548	0.255679	0.00196941	0.0220036	0.037668	0.00920593	0.15772	0.00417764	0.0117847	0.081459	0.0168032	0.0941682	0.0557113	0.00675614	0.0108594	0.00506537	0.000428002	0.00501334
115	0.0292544	0.0265254	0.0232528	0.0583575	0.0107381	0.0146822	0.0532436	0.0086613	0.148885	0.0105817	0.009715	0.0319689	0.0102625	0.079498	0.406454	0.0406956	0.0159146	0.010559	0.00417577	0.00657431
116	0.041507	0.0196516	0.00852803	0.0219027	0.0084159	0.0262713	0.0322636	0.0837498	0.158997	0.0538502	0.00971242	0.0392478	0.0140428	0.0869512	0.232584	0.0317191	0.0371924	0.0827368	0.00123826	0.00943743
117	0.0307269	0.0351181	0.0305972	0.0205746	0.0664359	0.0150908	0.0732483	0.0939485	0.0315053	0.111196	0.0458261	0.0442727	0.0015447	0.0624465	0.0194387	0.0818678	0.0734981	0.104848	0.00454275	0.053273
118	0.0291721	0.00191638	0.0207064	0.00815815	0.00202099	0.00663047	0.00832763	0.0343827	0.0221858	0.00491696	0.00810932	0.0108838	0.000962726	0.0125123	0.0107843	0.120845	0.660656	0.0350075	0.000301496	0.00151964
119	0.700128	0.0254763	0.00163944	0.00209377	0.00181929	0.0173537	0.00173875	0.0145548	0.00273996	0.0198924	0.00600636	0.00547066	0.00297403	0.00213561	0.00188949	0.119887	0.0372643	0.0322873	0.000159691	0.00448866
120	0.0506958	0.00574867	0.00530367	0.00722089	0.0112456	0.0082631	0.00803601	0.278028	0.0138735	0.11287	0.0320496	0.00494634	0.000821149	0.00966015	0.00193112	0.041128	0.0948092	0.302854	0.00138541	0.00912975
121	0.0156844	0.00185711	0.00103191	0.00299025	0.00998794	0.00123136	0.00536997	0.324877	0.00769773	0.370934	0.0723501	0.00110291	0.0037364	0.00352736	0.00387528	0.00832184	0.0102303	0.153148	0.000819466	0.00122639
122	0.0502819	0.0123112	0.0486017	0.156774	0.00376879	0.0298881	0.0504759	0.011401	0.167969	0.0209124	0.0120191	0.0574655	0.00298466	0.0946801	0.152884	0.0566731	0.0421862	0.013391	0.00326166	0.0120709
123	0.0302433	0.0107519	0.0190171	0.0278182	0.0151915	0.012207	0.0330262	0.0202151	0.281864	0.0543338	0.0112708	0.0511409	0.0119829	0.0664556	0.229154	0.0650808	0.0298302	0.0171849	0.000987083	0.0122441
124	0.00969934	0.00335514	0.00113948	0.00161754	0.515389	0.00152113	0.0114432	0.0223723	0.00304629	0.073598	0.00810891	0.00199229	0.000873019	0.00206277	0.00234591	0.00713065	0.00842496	0.0244455	0.0125136	0.288921
125	0.0274791	0.0263431	0.0216841	0.0438017	0.0116575	0.0119991	0.0514964	0.011632	0.156732	0.0155455	0.0106507	0.0329398	0.0102609	0.0717496	0.408331	0.0440822	0.0192773	0.0133449	0.00371265	0.00727947
126	0.0572922	0.0160886	0.0500527	0.0681965	0.00749257	0.0137294	0.0504981	0.0334956	0.144645	0.0458649	0.0249834	0.0630562	0.0086726	0.0580415	0.0987297	0.112681	0.0967633	0.0286119	0.00109368	0.0200104
127	0.0085849	0.0154235	0.0719395	0.0234827	0.00369007	0.482432	0.0484225	0.00456646	0.0780066	0.0027585	0.00401421	0.0990747	0.0033111	0.0341792	0.0391059	0.0652203	0.00216618	0.00557983	0.000252402	0.00778987
128	0.0566399	0.00608181	0.121861	0.201563	0.00643568	0.00755537	0.0412295	0.0209137	0.102159	0.0569954	0.0160069	0.0657044	0.00310932	0.053386	0.0454476	0.0829874	0.0679085	0.031989	0.000498247	0.0115282
129	0.0724314	0.0139149	0.00312717	0.00585994	0.0215504	0.00818623	0.00562008	0.241403	0.00736928	0.181064	0.0332651	0.00919911	0.00257415	0.0072296	0.00266124	0.0286614	0.0608279	0.267755	0.00897966	0.0183194
130	0.0414375	0.011522	0.0180352	0.010846	0.0112781	0.0055354	0.0397631	0.0184963	0.0293309	0.0154868	0.0119778	0.59045	0.0044764	0.0108183	0.00802871	0.049184	0.0852491	0.0152007	0.00138134	0.0215027
131	0.0201626	0.012663	0.000417544	0.00099165	0.0529425	0.00169549	0.00230186	0.281268	0.00174603	0.331575	0.0417337	0.00274942	0.00179533	0.00199992	0.000894717	0.00361905	0.00946341	0.219131	0.00229713	0.0105527
132	0.0272406	0.00640185	0.00135648	0.00262155	0.0480863	0.00409821	0.00257559	0.18389	0.00364731	0.45187	0.0523771	0.00227156	0.00191314	0.00297201	0.00167657	0.0129906	0.0269733	0.15455	0.00215481	0.0103335
133	0.028554	0.0148939	0.000555955	0.000811152	0.0670918	0.00180005	0.00224942	0.35542	0.00143404	0.165417	0.0445157	0.00373949	0.00169843	0.00227702	0.000617053	0.00200374	0.0125972	0.276939	0.00295674	0.014429
134	0.620324	0.0359518	0.000727604	0.00151359	0.00222645	0.0488701	0.00310053	0.0238027	0.00119728	0.0294392	0.00906403	0.00928254	0.00552073	0.000991964	0.000848837	0.0669258	0.0867432	0.0518462	0.000188339	0.00143483
135	0.0750404	0.019801	0.0547085	0.0603236	0.00863788	0.0438772	0.03999	0.0231241	0.118761	0.0311677	0.021377	0.0755296	0.0167825	0.0638413	0.0738709	0.154919	0.0733666	0.0258282	0.000763529	0.0182902
136	0.0825044	0.0241681	0.0166214	0.0204203	0.0237713	0.010371	0.00633059	0.21532	0.00982698	0.073583	0.0210089	0.00790403	0.00971592	0.00834532	0.00855493	0.0395097	0.0435159	0.368177	0.00232169	0.00802881
137	0.083375	0.00681845	0.00320173	0.00318316	0.0272626	0.00865763	0.00192476	0.187712	0.00410816	0.224278	0.0437821	0.00176995	0.00226463	0.00328972	0.00167808	0.0222162	0.0630837	0.301917	0.00332206	0.0061556
138	0.0393681	0.0024979	0.0788634	0.60087	0.00235658	0.00876055	0.0121185	0.00586191	0.0397879	0.0109417	0.00574198	0.029737	0.00648637	0.0486466	0.0129407	0.0453377	0.0280425	0.0133345	0.000397434	0.00790825
139	0.0301448	0.00112366	0.071651	0.701285	0.00121019	0.00514528	0.00737755	0.00204732	0.0318799	0.00584596	0.00349865	0.0245816	0.00175388	0.0370089	0.00668412	0.0328696	0.0193846	0.00991434	0.000271772	0.00632182
140	0.0520429	0.0133127	0.0226758	0.0500465	0.00221733	0.7138	0.00876172	0.0101338	0.0122103	0.00336566	0.0023966	0.0236588	0.00311977	0.0108236	0.0161064	0.0378874	0.00664252	0.00468461	0.000537701	0.00557612
141	0.039021	0.0129324	0.000604161	0.000810922	0.0576203	0.00321971	0.001812	0.317903	0.00172479	0.188718	0.0462808	0.00315734	0.00214264	0.00217125	0.000615092	0.0046188	0.0205968	0.278494	0.0040604	0.013497
142	0.00303344	0.00137652	0.782792	0.0597328	0.00293505	0.0190388	0.0192443	0.00409611	0.00355072	0.0031309	0.00137619	0.0512021	0.000830588	0.00730718	0.00478444	0.0149546	0.00630362	0.00266428	0.000321978	0.011324
143	0.0275257	0.0143261	0.000366761	0.000729724	0.0657007	0.00170771	0.00229877	0.358768	0.00143685	0.171692	0.0455626	0.00367735	0.00167748	0.00226029	0.00062013	0.00169444	0.0119712	0.270619	0.00287769	0.0144873
144	0.0456075	0.0199753	0.0285875	0.046213	0.00798815	0.0187879	0.0341231	0.0153076	0.111076	0.0196694	0.00894204	0.073269	0.162426	0.0702514	0.179717	0.0857836	0.0391412	0.0233074	0.00166182	0.00816493
145	0.223169	0.261733	0.0100886	0.00946674	0.0225792	0.0315432	0.012156	0.0483906	0.0156326	0.0404455	0.0199228	0.0206442	0.0112075	0.0125174	0.0225938	0.118832	0.038248	0.0634284	0.00207083	0.0153309
146	0.0343339	0.0521043	0.0264726	0.00831869	0.00462588	0.00845921	0.0188255	0.0136571	0.0276443	0.0119466	0.00715906	0.157604	0.0139679	0.00868425	0.0250385	0.359256	0.196767	0.0155464	0.0028725	0.00671688
147	0.0266545	0.0874575	0.0137337	0.0108432	0.0865202	0.00917939	0.0485305	0.0467391	0.0219327	0.156666	0.0499786	0.0239657	0.00407269	0.0301204	0.0195565	0.0656091	0.0552162	0.147955	0.00549279	0.0897767
148	0.00404639	0.004539	0.00078201	0.001124	0.0091233	0.000936138	0.00119278	0.565337	0.00134947	0.0468747	0.0205013	0.00177836	0.00481983	0.000935574	0.00106238	0.00407969	0.00227044	0.327117	0.000353378	0.001777
149	0.00167734	0.00392434	0.000726365	0.000958056	0.00514515	0.000806698	0.00102552	0.610976	0.00114793	0.033208	0.0175809	0.00171685	0.00509175	0.000785303	0.000958889	0.00381703	0.00144837	0.308012	0.000149003	0.000844622
150	0.0290907	0.0182763	0.016612	0.0280884	0.0109081	0.0115705	0.0454531	0.0173436	0.217833	0.0257781	0.0133668	0.0397467	0.00803461	0.0600058	0.363773	0.044086	0.0231908	0.0148042	0.00203357	0.0100049
151	0.00856207	0.0012054	0.00105566	0.00123145	0.520114	0.00101582	0.0105921	0.0140499	0.00161898	0.0451624	0.00127209	0.00153023	0.000726108	0.00131378	0.00161351	0.00735006	0.00800513	0.013905	0.0139498	0.345726
152	0.00791674	0.00321393	0.692505	0.0493376	0.00264896	0.0124499	0.022267	0.00635606	0.0136225	0.00611033	0.00505188	0.0829184	0.00350498	0.0123832	0.0138311	0.0367057	0.01158	0.00477128	0.000345338	0.0124806
153	0.0709497	0.00544761	0.00470797	0.054551	0.0705802	0.0355237	0.0234218	0.0290046	0.0606359	0.302193	0.00558624	0.00639468	0.0890534	0.0232107	0.0666798	0.043953	0.0272356	0.0745901	0.000975874	0.00530484
154	0.196968	0.0416433	0.00459156	0.0124576	0.0118204	0.0189737	0.0100933	0.0685174	0.00569605	0.0580902	0.00861207	0.011584	0.27434	0.00707671	0.0139979	0.0568025	0.0138284	0.180276	0.000641784	0.00398924
155	0.0563798	0.015885	0.0478865	0.068321	0.00746705	0.0138476	0.0494391	0.0328871	0.148681	0.0466664	0.0249813	0.0624001	0.00977041	0.0594801	0.100306	0.110832	0.095684	0.0287586	0.00106076	0.0192669
156	0.0199051	0.0178481	0.000854233	0.00124768	0.344501	0.000923538	0.00280729	0.0910353	0.00622271	0.224082	0.0531753	0.00211466	0.00211468	0.00260125	0.00456994	0.00397736	0.0171759	0.0931045	0.0133155	0.0984233
157	0.0529609	0.0635724	0.0146897	0.0222338	0.0193454	0.026776	0.0409083	0.0130266	0.160495	0.0287925	0.0102668	0.0330962	0.0235712	0.0720735	0.270422	0.0825434	0.0374191	0.0151498	0.00316522	0.00949197
158	0.137773	0.0462482	0.0340814	0.0246992	0.00821716	0.0622851	0.0173913	0.010722	0.0264621	0.013821	0.0187128	0.0561193	0.0201264	0.0419796	0.0180801	0.377058	0.0509334	0.0248542	0.000316766	0.0101185
159	0.00912882	0.00774952	0.00129157	0.00181532	0.33396	0.00267649	0.061393	0.0143221	0.00462319	0.0303101	0.00609767	0.00373608	0.000847616	0.00297145	0.00756544	0.0151915	0.00684353	0.0170711	0.0107644	0.461641
160	0.0584342	0.00581269	0.00620094	0.0065129	0.0137273	0.00908353	0.00665991	0.263848	0.0113845	0.132687	0.0400551	0.00419261	0.00100202	0.00961636	0.00233971	0.0377412	0.0871268	0.294743	0.00128587	0.00754686
161	0.0134141	0.00295042	0.0133651	0.0827901	0.0116094	0.0195995	0.0456572	0.00530665	0.0232699	0.0478888	0.016746	0.0353849	0.00358396	0.552672	0.0187866	0.0439831	0.0316178	0.00622779	0.00140464	0.0237419
162	0.0877447	0.0970017	0.00947889	0.00510114	0.00451962	0.0179704	0.0067815	0.0110688	0.00610914	0.00884592	0.00886466	0.045424	0.00764511	0.00474898	0.00788656	0.557361	0.0764348	0.031866	0.000432541	0.00471419
163	0.0269324	0.0174719	0.0169318	0.041427	0.0114039	0.0139353	0.0448787	0.0176338	0.21689	0.0230889	0.0116589	0.0368464	0.00834248	0.077209	0.346295	0.0397528	0.0217956	0.014584	0.00268201	0.0102401
164	0.0527975	0.00951216	0.01758	0.0384947	0.00151382	0.769558	0.00537464	0.01042	0.00590192	0.00218696	0.00158978	0.0184001	0.00167951	0.00594227	0.0119051	0.0342021	0.00524603	0.00258014	0.00029736	0.00481758
165	0.0242693	0.0138059	0.0157256	0.0320711	0.0114113	0.013628	0.0439199	0.0236637	0.264231	0.0426478	0.0113999	0.0417285	0.00978816	0.0717572	0.269365	0.0469167	0.03183	0.0188815	0.00160199	0.0113578
166	0.76289	0.0191041	0.000818593	0.00136849	0.000934059	0.0096983	0.00108859	0.00782067	0.00200638	0.0176209	0.00243026	0.00256151	0.00198549	0.00180324	0.0011833	0.117912	0.018397	0.0247531	0.000122838	0.00550115
167	0.0324554	0.015014	0.0180002	0.0392489	0.0106906	0.0215991	0.039736	0.0192862	0.23805	0.0331513	0.0126962	0.0482389	0.00843537	0.0661397	0.288264	0.0475834	0.0290209	0.0185655	0.00147923	0.0123446
168	0.0573648	0.0160741	0.0500234	0.0679623	0.00752928	0.0137334	0.0505261	0.0335045	0.144702	0.0459314	0.0252101	0.0628884	0.00867788	0.0582696	0.0987463	0.11261	0.0965381	0.0285887	0.00109634	0.0200229
169	0.567327	0.0318967	0.00245759	0.00219905	0.000962021	0.0121791	0.00142743	0.00665313	0.00263254	0.0124035	0.00287303	0.0155724	0.00220112	0.0026377	0.00167625	0.28333	0.0257587	0.0213852	0.000135756	0.00429141
170	0.0512513	0.0153093	0.078613	0.0705274	0.0142561	0.0107843	0.0711286	0.0297456	0.131222	0.0520532	0.0182286	0.068442	0.00580736	0.0641881	0.0788152	0.104193	0.0704964	0.0305375	0.00106743	0.0333337
171	0.00821955	0.00304333	0.00107863	0.0012905	0.416173	0.00146531	0.0279201	0.0125214	0.00175811	0.0332296	0.00343738	0.00154223	0.000766937	0.00128982	0.00274232	0.0105767	0.00741394	0.0176186	0.01125	0.436663
172	0.0279214	0.0145377	0.000360881	0.000703372	0.0665756	0.00173199	0.00225772	0.359687	0.00137422	0.167111	0.0452747	0.00376834	0.00168379	0.00226972	0.000604418	0.0016197	0.0121486	0.272586	0.00296139	0.0148222
173	0.00897803	0.00173986	0.0010206	0.0047648	0.131635	0.00136191	0.0205686	0.115649	0.0073814	0.349013	0.194083	0.00531592	0.000754038	0.00445555	0.00223713	0.0102565	0.0290747	0.063048	0.00037723	0.0482867
174	0.00798822	0.00162176	0.00111932	0.00483615	0.145806	0.0013367	0.0198509	0.106299	0.00755006	0.342678	0.209636	0.00539647	0.00073629	0.00413496	0.00183843	0.0100009	0.0277517	0.05347	0.000274184	0.0476751
175	0.0846994	0.00660555	0.00322879	0.00312232	0.0272839	0.00831747	0.00187726	0.188256	0.0040628	0.224796	0.0435381	0.00183456	0.00229294	0.00337781	0.00173008	0.021591	0.0628711	0.300925	0.00340288	0.00618692
176	0.0192771	0.0169531	0.0680622	0.0312119	0.00445785	0.495446	0.0393354	0.00612396	0.0634936	0.00252361	0.00483555	0.0897043	0.00487811	0.0322294	0.0366606	0.0675839	0.00251985	0.00740267	0.000249982	0.00705112
177	0.614187	0.0362826	0.000823889	0.00171757	0.00239402	0.0485959	0.00334239	0.0246428	0.00125303	0.0296312	0.00924542	0.0102008	0.00627925	0.00116032	0.000924333	0.0676227	0.0864465	0.0535428	0.000208824	0.0014983
178	0.0277805	0.0682996	0.0233918	0.0177309	0.0558877	0.009641	0.0522407	0.089618	0.0559975	0.0797908	0.0437635	0.0345644	0.00344168	0.0534654	0.051215	0.112699	0.0751161	0.106973	0.00301237	0.0353712
179	0.0649753	0.00938488	0.00140988	0.00152882	0.0442705	0.00606517	0.00141925	0.231898	0.00229095	0.227183	0.0450473	0.00213315	0.00236284	0.00196058	0.00106388	0.0113184	0.0368107	0.295146	0.00443861	0.00929317
180	0.00782525	0.0175386	0.0399438	0.0023484	0.00215963	0.00423965	0.01375	0.0102796	0.0348176	0.00993623	0.00888596	0.0850609	0.0238595	0.00230106	0.0286337	0.290382	0.391621	0.0176155	0.00664651	0.0021551
181	0.059813	0.0666409	0.0140243	0.0134143	0.00389862	0.00905094	0.00868566	0.0167276	0.0192182	0.00936831	0.00422686	0.197811	0.00557796	0.00880631	0.0081581	0.460113	0.0703214	0.0103033	0.000769941	0.0130706
182	0.200093	0.0860055	0.00796146	0.0034772	0.00129334	0.0138762	0.0049249	0.00365185	0.00359129	0.00701996	0.00351432	0.0447562	0.00439489	0.00279558	0.00500674	0.543585	0.0450023	0.0153031	0.000221254	0.00352656
183	0.0423329	0.00690609	0.00388025	0.00732882	0.0154423	0.0073218	0.00982894	0.332284	0.0131612	0.134	0.0320129	0.00627453	0.0011178	0.00954581	0.00274393	0.0261104	0.0655834	0.274426	0.00128075	0.0084175
184	0.11104	0.0218372	0.0554763	0.0291332	0.00853567	0.109057	0.0304173	0.0082982	0.0480524	0.0108919	0.0216052	0.0802154	0.031633	0.0917234	0.0311895	0.228916	0.0469523	0.0187354	0.000340295	0.0159505
185	0.018887	0.00451665	0.00124833	0.00340294	0.0256318	0.00195533	0.00585278	0.271328	0.00571885	0.397565	0.0554091	0.00197865	0.00238815	0.00397697	0.00489128	0.00804634	0.0157308	0.165781	0.000901625	0.00479005
186	0.0148196	0.00225994	0.000976081	0.00268766	0.00971889	0.000914658	0.00543086	0.325667	0.00659228	0.37672	0.0666738	0.00109585	0.00285846	0.00324829	0.00328007	0.00781504	0.00885291	0.158766	0.000426279	0.00119645
187	0.0178236	0.0240789	0.0498061	0.0214038	0.0212167	0.00639115	0.319831	0.0203727	0.0327498	0.0400719	0.00839024	0.0977511	0.00295893	0.0678715	0.0471722	0.0557452	0.00846556	0.0270605	0.00394746	0.126892
188	0.030397	0.0266009	0.0231169	0.0667611	0.0195708	0.0157237	0.0490355	0.0155133	0.186225	0.0324645	0.0169791	0.0302186	0.00782754	0.0937089	0.285011	0.0419441	0.0220173	0.014861	0.0116519	0.0103714
189	0.00997879	0.00728979	0.00121731	0.00162284	0.3675	0.00183424	0.0368019	0.0210655	0.00410875	0.0584068	0.0109799	0.00273725	0.000871272	0.00268283	0.00620465	0.0125236	0.00824891	0.0278704	0.0110155	0.407039
190	0.0872353	0.195633	0.0130557	0.00723037	0.00707238	0.0189429	0.010549	0.014927	0.0101822	0.0125785	0.00994143	0.0479286	0.00746183	0.00650282	0.0128067	0.454652	0.0503618	0.02501	0.000691602	0.00723681
191	0.108269	0.0203247	0.0637742	0.0376837	0.00828448	0.114481	0.0281711	0.00812393	0.04435	0.010955	0.0233023	0.0808275	0.0286827	0.0958447	0.0280092	0.216944	0.043831	0.0203108	0.000454475	0.0173766
192	0.0232682	0.0115348	0.0129189	0.0259265	0.0118233	0.0185439	0.0424499	0.0247219	0.272392	0.0544546	0.0109943	0.0520892	0.0117424	0.0704656	0.219	0.0553959	0.0489897	0.0225361	0.000823729	0.00992891
