309	20
1	0.0414305	0.00242432	0.206866	0.0765026	0.0190224	0.0744338	0.0146207	0.0150044	0.0395894	0.0313095	0.01752	0.0793378	0.043044	0.0475558	0.0428031	0.106078	0.0865603	0.0319525	0.00113364	0.0228111
2	0.0282945	0.00388967	0.38362	0.0282493	0.00922549	0.0153782	0.137211	0.00793707	0.0133769	0.0114638	0.00590582	0.14463	0.0116771	0.0130314	0.0126918	0.0557675	0.0348694	0.0121838	0.00207024	0.0685269
3	0.00710706	0.00445263	0.00117486	0.00134837	0.418502	0.00126439	0.0317018	0.0106396	0.0063128	0.0443595	0.00685483	0.00735875	0.000639043	0.0061307	0.0066806	0.0133548	0.00932054	0.0135933	0.130391	0.278814
4	0.0224281	0.000956688	0.000957132	0.00535149	0.00427097	0.00474096	0.00143932	0.340129	0.00314357	0.157539	0.0399692	0.00152491	0.000929388	0.00161937	0.00341796	0.00834027	0.00345961	0.38971	0.00404132	0.00603231
5	0.4788	0.011776	0.00125913	0.00278241	0.00288434	0.371588	0.00199874	0.00299969	0.00223478	0.00653592	0.00188196	0.0079641	0.00139799	0.00235941	0.00281837	0.0349699	0.0387244	0.0163486	0.000749835	0.00992646
6	0.0345786	0.00550657	0.000913955	0.00362465	0.0104435	0.00944362	0.00194905	0.182638	0.00214589	0.4398	0.121817	0.00149207	0.00096627	0.00253705	0.00288716	0.00590348	0.00582969	0.164428	0.00110974	0.0019862
7	0.024679	0.00878308	0.00427774	0.00665482	0.224498	0.00535491	0.0177865	0.0817613	0.00953477	0.112081	0.0332544	0.0104836	0.00549841	0.00724911	0.0120879	0.0297807	0.0251811	0.108282	0.0224017	0.25037
8	0.0849166	0.0340821	0.0172663	0.0419235	0.0192161	0.0196319	0.0126112	0.0221574	0.0238416	0.0367718	0.013557	0.0658034	0.0119411	0.0191004	0.0173377	0.306679	0.188084	0.0532197	0.00233609	0.00952376
9	0.0484109	0.00524548	0.0127722	0.0314599	0.0069496	0.0504495	0.00663369	0.0184304	0.0105525	0.0814338	0.0352135	0.0106868	0.474194	0.0150597	0.0176734	0.0680164	0.0247483	0.0724963	0.00249536	0.00707809
10	0.181435	0.0234382	0.0180252	0.0143647	0.00280528	0.0324278	0.0168728	0.00411197	0.0318135	0.00650287	0.00557208	0.0057371	0.0575231	0.0129724	0.00715682	0.498455	0.053331	0.0175528	0.00203106	0.00787168
11	0.0285053	0.00167832	0.379027	0.0635096	0.00156478	0.028871	0.0270225	0.00256036	0.0246969	0.00346833	0.00285852	0.202615	0.0107992	0.0122495	0.0161629	0.0969404	0.0803545	0.00905119	0.000542525	0.00752263
12	0.00750486	0.00287809	0.00109957	0.00109182	0.451091	0.00124187	0.0329646	0.0099646	0.00677987	0.0475237	0.00858122	0.00757171	0.000617583	0.00542576	0.00710254	0.0133239	0.00808277	0.0134029	0.0717055	0.302046
13	0.0669879	0.00293455	0.0059504	0.0146499	0.00666779	0.0074354	0.0174317	0.131754	0.166451	0.118673	0.0619968	0.0337895	0.00400264	0.12087	0.0580238	0.0227183	0.055124	0.0878989	0.00522419	0.0114163
14	0.0065918	0.00274775	0.00106438	0.00102086	0.457359	0.00114469	0.0345329	0.0097191	0.00703086	0.0492502	0.00694014	0.0077719	0.000575934	0.00483306	0.00724321	0.0127516	0.00714816	0.013909	0.0737402	0.294625
15	0.0983564	0.030311	0.00473327	0.0062267	0.0170859	0.0343565	0.00551468	0.109759	0.00632921	0.293951	0.142418	0.00673681	0.00613272	0.00769214	0.00931744	0.0249046	0.0463901	0.136788	0.00201186	0.0109843
16	0.0521732	0.0023101	0.0114848	0.019039	0.00877229	0.0585084	0.0158438	0.00928756	0.178252	0.0101199	0.0106921	0.218625	0.00343596	0.0155988	0.0670939	0.195204	0.0775478	0.03445	0.00212122	0.00943995
17	0.053101	0.000927253	0.0409167	0.0293875	0.00217613	0.0510151	0.0147056	0.00369665	0.02015	0.0176454	0.00281569	0.0304531	0.0105352	0.0236436	0.0524961	0.319274	0.309539	0.00539804	0.00936742	0.00275628
18	0.0545741	0.0622238	0.102427	0.0250367	0.0347099	0.200544	0.0167738	0.0285487	0.0191593	0.025303	0.012536	0.0364672	0.0592636	0.0195579	0.0251165	0.0938424	0.0390549	0.0671032	0.00710238	0.0706553
19	0.0647209	0.000545709	0.0174068	0.0540409	0.0223697	0.0283615	0.0434223	0.0188507	0.123097	0.0115576	0.0147497	0.0626344	0.000752842	0.048869	0.0978512	0.208832	0.131696	0.0292417	0.00111519	0.0198845
20	0.36563	0.0320023	0.00274903	0.00366285	0.0024879	0.415338	0.00341433	0.00311812	0.00348442	0.0109902	0.00230398	0.0148046	0.00227998	0.00333761	0.00486614	0.051294	0.0452983	0.0249549	0.00077178	0.0072119
21	0.104574	0.00389838	0.00830736	0.0479987	0.0478171	0.0158509	0.0200834	0.0338421	0.0304786	0.0163723	0.0119147	0.0522817	0.00194778	0.03485	0.0205872	0.309564	0.175208	0.0483456	0.000839567	0.0152374
22	0.0109509	0.0011026	0.0011903	0.0379779	0.0490851	0.00241486	0.0282364	0.148002	0.00682943	0.297946	0.0687813	0.00369548	0.00897249	0.00413535	0.0353962	0.0134539	0.0379951	0.218563	0.000905577	0.0243658
23	0.0302604	0.00746408	0.000863549	0.00149535	0.0114279	0.00996961	0.00144041	0.141244	0.00147888	0.528781	0.138733	0.00133198	0.000726119	0.0029402	0.0019095	0.00328143	0.00617947	0.108928	0.000430051	0.00111532
24	0.0247238	0.00322385	0.00427274	0.0154316	0.0374514	0.0072008	0.0348864	0.311445	0.0115658	0.10283	0.0238152	0.0102508	0.0290668	0.0104237	0.0177251	0.0398049	0.068748	0.184459	0.0031818	0.0594941
25	0.047386	0.00290064	0.162755	0.0333817	0.00648852	0.0410845	0.0515037	0.0102113	0.0493375	0.0288994	0.0294642	0.26239	0.0102003	0.0157599	0.0221775	0.138099	0.0643122	0.0135927	0.00179721	0.00825846
26	0.0382473	0.0040587	0.00481981	0.0228134	0.108578	0.0157316	0.0200561	0.116583	0.0159838	0.106808	0.103559	0.0136088	0.054418	0.0391497	0.0535152	0.0340201	0.0328216	0.150508	0.00477268	0.0599468
27	0.083187	0.00417873	0.0129441	0.0219709	0.0144063	0.0287344	0.105594	0.0231499	0.0659768	0.0305983	0.0183889	0.0253634	0.0130162	0.0507112	0.348866	0.0500037	0.039005	0.0337051	0.00834662	0.021853
28	0.255827	0.0201248	0.0110972	0.0610265	0.00793802	0.0484814	0.0295954	0.00594115	0.0391561	0.00680228	0.00456337	0.0142711	0.00992376	0.0570992	0.0104111	0.297046	0.0584269	0.0255601	0.00402709	0.0326818
29	0.041841	0.00174198	0.403021	0.0394544	0.00262936	0.0433052	0.0228091	0.00504276	0.0169346	0.00541532	0.0038605	0.181679	0.0712805	0.00898121	0.0120318	0.0660321	0.0550225	0.0113639	0.00104575	0.0065077
30	0.0245343	0.0345139	0.00544168	0.00835308	0.102241	0.00652819	0.0126462	0.138859	0.0112112	0.0468627	0.0233066	0.0109866	0.00887925	0.00879092	0.0117995	0.0201846	0.0358686	0.20802	0.00406835	0.276904
31	0.142413	0.00325182	0.0186646	0.0459545	0.0363681	0.0311569	0.0101982	0.0479299	0.0139932	0.0180482	0.0216655	0.0531736	0.00473568	0.036626	0.0138478	0.246328	0.171848	0.0728516	0.00130232	0.00964283
32	0.0146822	0.00281883	0.00137683	0.00204773	0.304273	0.00548646	0.00683043	0.0906263	0.00437183	0.313766	0.0576025	0.00219962	0.00147471	0.00214617	0.00659153	0.0143966	0.00491061	0.109268	0.0238107	0.0313196
33	0.200851	0.0028109	0.0320801	0.00856635	0.00674933	0.127613	0.00808891	0.0417462	0.00821904	0.0119359	0.00968543	0.00870892	0.00542567	0.00989587	0.0761293	0.0568796	0.0197422	0.31704	0.00271339	0.0451183
34	0.00917117	0.00258326	0.000865966	0.00127816	0.278744	0.00566846	0.00479698	0.0915795	0.00356911	0.358731	0.0558781	0.00178476	0.00105274	0.00160689	0.00565397	0.0100921	0.00232088	0.113902	0.021997	0.0287242
35	0.0123847	0.00265309	0.00116614	0.00189315	0.303384	0.00682069	0.00752401	0.0881541	0.00454776	0.311521	0.062876	0.00273612	0.00176438	0.00233297	0.00635865	0.0119601	0.00523721	0.104577	0.0254069	0.0367016
36	0.0732278	0.000815894	0.0177247	0.0191829	0.00409658	0.0418308	0.0382557	0.00486709	0.0419148	0.0130579	0.00428031	0.0502079	0.0034521	0.033645	0.0493282	0.346024	0.241949	0.00688012	0.00297277	0.00628659
37	0.095025	0.00371866	0.0231964	0.0105689	0.0340423	0.313012	0.0313651	0.0105164	0.00936568	0.0390693	0.00676264	0.103725	0.0490083	0.0238001	0.0305416	0.0634252	0.0138874	0.0136076	0.0488372	0.0765255
38	0.0666215	0.00995406	0.0771411	0.0291683	0.0961168	0.0805154	0.0116116	0.0649083	0.0260925	0.0213183	0.0167406	0.0567475	0.0394378	0.0184687	0.0285019	0.129529	0.0697394	0.0713935	0.00228338	0.0837105
39	0.0532116	0.00149623	0.00443363	0.0696592	0.178677	0.0418569	0.0244077	0.0910537	0.0253346	0.122286	0.0132009	0.0091688	0.103223	0.0342625	0.108235	0.0355216	0.0111697	0.0589883	0.0026344	0.0111794
40	0.0105577	0.000832308	0.00122657	0.038843	0.0514721	0.00222372	0.02873	0.148089	0.00711051	0.291821	0.0656684	0.00374435	0.00951136	0.00409565	0.0359302	0.0140544	0.038362	0.220852	0.000900663	0.0259749
41	0.0328059	0.00172085	0.00133983	0.014596	0.00848889	0.00428084	0.00566147	0.229726	0.00954694	0.211479	0.0456354	0.00228653	0.0016158	0.00307087	0.0119994	0.00890106	0.013931	0.384605	0.00257261	0.00573642
42	0.255048	0.00292315	0.0130492	0.0211273	0.00535091	0.127431	0.0122299	0.00669895	0.0757402	0.0115577	0.00753196	0.0417968	0.0110941	0.0467673	0.0606426	0.212199	0.0695066	0.0101291	0.00226476	0.00691229
43	0.0886072	0.00125978	0.00234104	0.0367503	0.0304393	0.0047287	0.0255053	0.165589	0.0558319	0.100646	0.0206054	0.0193805	0.00373678	0.0285661	0.0551684	0.0273578	0.080757	0.217673	0.0025562	0.0325004
44	0.134506	0.00768431	0.010072	0.0104819	0.00326372	0.0398824	0.0114527	0.00697241	0.0202979	0.00997358	0.00974045	0.0167141	0.0118985	0.0135526	0.0266193	0.507664	0.135771	0.0180327	0.00182777	0.00359253
45	0.103233	0.000945576	0.111631	0.0539595	0.00290001	0.102728	0.0297238	0.0134817	0.0869686	0.0174129	0.0274229	0.258546	0.0117972	0.0118084	0.0385769	0.0996899	0.0163966	0.00782089	0.000976912	0.00398073
46	0.156612	0.00211159	0.027925	0.0717177	0.0282326	0.0313006	0.0147351	0.0282401	0.0902348	0.0275732	0.074515	0.0217153	0.00560274	0.0783469	0.112698	0.109278	0.0751264	0.0321835	0.00188209	0.00996921
47	0.0552581	0.000810603	0.0017671	0.00515258	0.00177293	0.00641387	0.00255215	0.00285447	0.00298877	0.0304642	0.0105146	0.00244674	0.808142	0.00380072	0.00427062	0.0170843	0.0086719	0.0312782	0.00120123	0.00255451
48	0.0922436	0.00262445	0.128578	0.0437541	0.00615083	0.0359945	0.00791705	0.00989923	0.0349815	0.284062	0.0341014	0.0102791	0.006791	0.035547	0.0126255	0.0184086	0.112833	0.113355	0.00308291	0.00677193
49	0.0390478	0.00845946	0.00748813	0.0079028	0.109221	0.0435107	0.245418	0.00812594	0.0369114	0.0136331	0.00810557	0.0118518	0.00568821	0.13326	0.0306574	0.0682971	0.0119732	0.0158161	0.0444311	0.150202
50	0.0681677	0.00824749	0.00697327	0.0188112	0.0171161	0.127197	0.0104733	0.0661077	0.0123994	0.144711	0.0270397	0.0130733	0.168025	0.0185847	0.0289004	0.0877283	0.0326134	0.127983	0.00479688	0.0110514
51	0.0446868	0.00254146	0.00208452	0.00498391	0.0187527	0.0216222	0.00421069	0.253766	0.00318388	0.219112	0.15573	0.00332466	0.00362209	0.00365113	0.0069977	0.0185844	0.0152512	0.202735	0.00213047	0.0130288
52	0.182904	0.00174716	0.00436454	0.0103391	0.00752817	0.0103375	0.0137763	0.0107833	0.0692861	0.067313	0.0101467	0.0362546	0.0382815	0.0747132	0.259384	0.0498243	0.0677794	0.0636996	0.00605634	0.0154806
53	0.0262845	0.00176132	0.00172603	0.00385458	0.00405074	0.00267178	0.00100767	0.238511	0.00424548	0.130652	0.0286895	0.00114747	0.000652301	0.00129778	0.00251109	0.00779789	0.0211614	0.516002	0.00209604	0.0038798
54	0.1062	0.00199155	0.00283848	0.00568967	0.0111186	0.054906	0.0112243	0.0693222	0.00766797	0.100158	0.0903637	0.0147201	0.00356689	0.0337326	0.0148058	0.10518	0.230975	0.130231	0.000981781	0.0043269
55	0.0106162	0.00672049	0.00174402	0.00211454	0.37306	0.00201442	0.0248729	0.0111146	0.0058662	0.0359765	0.0114464	0.00654772	0.000811308	0.0102836	0.00626237	0.0188534	0.0194621	0.0146964	0.15893	0.278606
56	0.0733815	0.00208196	0.00366522	0.0122668	0.0127374	0.0354673	0.0113321	0.106954	0.0169182	0.0816662	0.0260824	0.0387791	0.00304891	0.0361563	0.0182209	0.0873865	0.202584	0.217427	0.00202956	0.011814
57	0.127515	0.0323489	0.00478431	0.00697074	0.00306208	0.0151255	0.00616961	0.0043555	0.0170106	0.00582243	0.00799385	0.00746862	0.0232107	0.00416576	0.00517957	0.59859	0.0968814	0.0289656	0.00084966	0.0035308
58	0.116739	0.00109788	0.0168629	0.0320423	0.0031641	0.445279	0.00886332	0.00394554	0.0582946	0.00950844	0.0113911	0.0809887	0.0232846	0.00902896	0.0823402	0.067082	0.0178719	0.00501348	0.00216254	0.00503886
59	0.14311	0.00165759	0.00534433	0.0158922	0.0259084	0.0497623	0.00859953	0.0691414	0.00944715	0.0456708	0.0254345	0.0311725	0.00223886	0.0234952	0.018479	0.16668	0.231403	0.120465	0.000825242	0.00527287
60	0.0682941	0.000968998	0.0125083	0.0338446	0.0271129	0.0311008	0.024255	0.0820777	0.0841695	0.0651105	0.0254583	0.0385235	0.00319068	0.0328922	0.0666741	0.108584	0.174458	0.10378	0.00387773	0.0131189
61	0.0539701	0.00129253	0.01536	0.0232749	0.00774878	0.0284422	0.0219422	0.011154	0.0720774	0.0248007	0.00755335	0.045155	0.00487141	0.0221104	0.0552175	0.234421	0.345147	0.0161981	0.00342008	0.00584369
62	0.0150281	0.0317527	0.00610771	0.00437514	0.182491	0.00467655	0.0148817	0.0702473	0.00820647	0.0414524	0.0109597	0.0126476	0.00450087	0.00661216	0.00781816	0.0169092	0.0183756	0.100407	0.0214758	0.421075
63	0.0741792	0.00102505	0.124609	0.0622302	0.00327779	0.0622584	0.0437747	0.00427907	0.034629	0.00890039	0.00436123	0.0914336	0.00862943	0.0401671	0.0312372	0.208236	0.179367	0.00862063	0.00222181	0.00656309
64	0.00696317	0.00313504	0.00113547	0.00112681	0.451366	0.00116136	0.0333611	0.00966761	0.0068463	0.047953	0.00696743	0.00763111	0.000574389	0.00529236	0.00723021	0.0134361	0.00808611	0.0140676	0.0842902	0.289709
65	0.0321146	0.00387639	0.0127439	0.0180495	0.0147296	0.0157755	0.217969	0.0611029	0.0355246	0.0296963	0.0865109	0.016624	0.00630864	0.0346272	0.217077	0.0307123	0.0320763	0.0673289	0.0426083	0.0245443
66	0.0785845	0.00318824	0.377592	0.0678225	0.00183455	0.0170657	0.113225	0.00283861	0.0110269	0.00395602	0.00277044	0.108503	0.00488477	0.0164893	0.00569474	0.108464	0.0587328	0.0046129	0.000717298	0.011997
67	0.0576958	0.000840584	0.00214076	0.00538838	0.00278655	0.00670157	0.00276535	0.00272876	0.00333156	0.0301767	0.0104944	0.00248435	0.797207	0.00547757	0.00603123	0.0187563	0.0101569	0.0308148	0.00151821	0.00250339
68	0.0471748	0.00237022	0.00229936	0.00682742	0.00222491	0.81615	0.010014	0.00330432	0.0097908	0.00417226	0.00309348	0.0140745	0.00608246	0.00455544	0.0239104	0.0222243	0.0107934	0.00540433	0.00146893	0.00406489
69	0.0127138	0.00369215	0.00192945	0.002471	0.348863	0.00218559	0.0210681	0.0156686	0.00572985	0.0310344	0.0289447	0.00701102	0.0010285	0.0120887	0.00621095	0.0308701	0.0307073	0.0145236	0.0561428	0.367117
70	0.0388953	0.00227701	0.00286995	0.017501	0.118857	0.00465258	0.0271021	0.160241	0.0108986	0.151896	0.0750447	0.00653386	0.00771782	0.00865843	0.0289892	0.0331596	0.054844	0.193425	0.00419046	0.0522465
71	0.0149111	0.00419278	0.00436166	0.00549792	0.211156	0.0209153	0.266332	0.0086909	0.0173543	0.0242378	0.008275	0.0108188	0.00242251	0.06609	0.0200983	0.0358398	0.0113254	0.0134341	0.042158	0.211889
72	0.0258398	0.0026809	0.0695473	0.0522853	0.0154238	0.0305153	0.0280448	0.0355412	0.121894	0.0408465	0.0184856	0.0675383	0.0132699	0.0150276	0.0643296	0.0941074	0.25146	0.0421633	0.00561648	0.00538352
73	0.529222	0.0100866	0.00172174	0.00310504	0.00258706	0.234427	0.00268474	0.00597403	0.0026267	0.00668662	0.00671005	0.00680757	0.00171352	0.00294606	0.0038706	0.0447309	0.04503	0.0810855	0.000983559	0.00700063
74	0.0490413	0.00319723	0.00215437	0.0188814	0.105629	0.00371258	0.0239852	0.137985	0.0255852	0.118045	0.0494403	0.0111546	0.00829891	0.0157021	0.0333348	0.0376866	0.0576623	0.218204	0.00492548	0.0753746
75	0.0254021	0.00563544	0.00107179	0.0016075	0.0109671	0.0103199	0.0016365	0.127006	0.00131168	0.503579	0.202309	0.00146011	0.000781807	0.00460474	0.00191567	0.00388215	0.00745462	0.0872445	0.000521528	0.00128978
76	0.029065	0.00191005	0.0323537	0.0478601	0.0174446	0.0245672	0.0231779	0.038001	0.158769	0.0394246	0.0176891	0.0628181	0.00953044	0.018432	0.0802161	0.0899752	0.251078	0.0450147	0.00707247	0.0056007
77	0.0610233	0.000617826	0.186635	0.124177	0.00130607	0.132684	0.0096644	0.00382932	0.0817103	0.00444337	0.00955594	0.241668	0.0302466	0.0190472	0.0333693	0.0424589	0.00933893	0.00474934	0.000656121	0.00281943
78	0.0596037	0.00617155	0.0233498	0.0240586	0.0157	0.0820657	0.0209516	0.0391124	0.0313657	0.184041	0.0272465	0.0295108	0.020192	0.0336497	0.0930076	0.0809079	0.14942	0.0576739	0.00591255	0.0160593
79	0.0612627	0.000332794	0.0464708	0.171518	0.00131188	0.0126143	0.0136777	0.00999046	0.181928	0.0224899	0.0135165	0.0924499	0.00484859	0.116887	0.132109	0.0561209	0.0331479	0.0162041	0.00741798	0.00570169
80	0.0182	0.000758883	0.0654268	0.058222	0.00205847	0.0720444	0.020591	0.0030639	0.0412515	0.0308335	0.00323716	0.0306317	0.527641	0.0114564	0.0440339	0.0321122	0.0108021	0.0073889	0.000874192	0.0193718
81	0.119232	0.00311214	0.0733485	0.0361574	0.00488858	0.154531	0.0154388	0.0087619	0.0234519	0.0267935	0.0107521	0.086774	0.0266031	0.0149708	0.0326154	0.275551	0.0609331	0.0159182	0.002651	0.00751509
82	0.0295125	0.0168666	0.0247061	0.0171754	0.175185	0.012978	0.0158698	0.0629109	0.0123137	0.0332865	0.00914972	0.0478382	0.0101763	0.0117619	0.0103203	0.047118	0.0319534	0.0384803	0.0123771	0.38002
83	0.0535769	0.0176139	0.0260786	0.0429583	0.182101	0.016662	0.0202155	0.0668911	0.0215894	0.0143007	0.00983085	0.0532178	0.0140382	0.0192678	0.0120725	0.113627	0.0685737	0.033292	0.00275661	0.211336
84	0.0209371	0.0321033	0.0094691	0.0084772	0.170424	0.00741881	0.0154541	0.0748608	0.00901275	0.0387273	0.0127157	0.0189394	0.0056545	0.00842729	0.00801371	0.0267766	0.025098	0.0796337	0.0164421	0.411414
85	0.0381255	0.00124994	0.00264305	0.0070879	0.013885	0.00453019	0.0106156	0.00435222	0.113658	0.0199682	0.00320978	0.0118595	0.00587991	0.200455	0.424679	0.0429039	0.0523737	0.0202797	0.00115019	0.0210936
86	0.0371554	0.00815743	0.00255349	0.0105661	0.115871	0.00387575	0.0147877	0.157944	0.010274	0.0916238	0.0591621	0.00615994	0.00792372	0.0104469	0.0171075	0.0255284	0.0352815	0.280277	0.0057712	0.0995334
87	0.035711	0.00138998	0.00716187	0.0232692	0.00612242	0.0154803	0.0676236	0.00616401	0.0584984	0.00819576	0.0143979	0.109046	0.00227003	0.0422546	0.0351804	0.35345	0.185448	0.00915419	0.00103159	0.0181508
88	0.021283	0.00388675	0.00275726	0.0035803	0.363926	0.00615952	0.0276922	0.0350836	0.00723175	0.0776901	0.0442957	0.00798338	0.00365756	0.0091737	0.0100146	0.0231302	0.0227733	0.0373202	0.0501439	0.242217
89	0.0236967	0.00112699	0.0026453	0.0043878	0.00187377	0.00370209	0.0788612	0.0576049	0.211001	0.0290352	0.0266985	0.0111721	0.00179312	0.0202691	0.315073	0.02921	0.0877433	0.0764408	0.00182718	0.0158373
90	0.1821	0.00879026	0.00428732	0.00533199	0.00438141	0.0229876	0.00496744	0.00832677	0.00761096	0.00600867	0.0444859	0.00728853	0.00991969	0.00553684	0.00746676	0.514518	0.12125	0.0302336	0.00121269	0.00329618
91	0.194633	0.00326214	0.00375908	0.00770788	0.0240936	0.019746	0.00595498	0.00672532	0.0162043	0.0434502	0.00635396	0.00628751	0.336093	0.0544636	0.0546157	0.0906729	0.0684579	0.030337	0.0197699	0.00741211
92	0.0287152	0.00187201	0.30532	0.0415195	0.00259036	0.034867	0.0398862	0.00459959	0.0202663	0.0101711	0.00466018	0.17251	0.157151	0.00921533	0.0159172	0.0715835	0.0564721	0.0110788	0.00119369	0.0104109
93	0.0906261	0.013802	0.0383189	0.0302209	0.16038	0.0510783	0.0133494	0.0668916	0.0232002	0.0202136	0.0239853	0.0418778	0.0416752	0.0114145	0.0239604	0.103002	0.0602968	0.0706568	0.00274821	0.112302
94	0.0513043	0.00119322	0.16102	0.125808	0.00690281	0.0634388	0.0176892	0.00550611	0.051414	0.0205478	0.0104808	0.0463548	0.172299	0.040732	0.0473611	0.0631361	0.0699473	0.0286412	0.00067248	0.0155512
95	0.19267	0.00701522	0.0238692	0.0204823	0.00628359	0.204133	0.0156393	0.0099688	0.0220148	0.016129	0.0130222	0.100736	0.0114633	0.0194546	0.0213191	0.241208	0.0390077	0.0238823	0.0028041	0.00889852
96	0.06263	0.00111226	0.168719	0.182716	0.00704851	0.0437679	0.0126912	0.00718165	0.0683052	0.0152952	0.0126443	0.0460527	0.0667848	0.0672242	0.049643	0.066492	0.0759802	0.0345844	0.00116052	0.00996694
97	0.00653927	0.00296005	0.00117958	0.00102256	0.451402	0.00116394	0.033966	0.0101835	0.0069243	0.0499319	0.00699455	0.00785595	0.000596977	0.00483516	0.00719278	0.0127797	0.0071108	0.0144955	0.0728082	0.300058
98	0.446217	0.0128307	0.0020163	0.00396129	0.00365039	0.37993	0.00292552	0.00329607	0.00450964	0.00719849	0.00240043	0.0118147	0.00280494	0.00329039	0.00621288	0.0414023	0.0380177	0.0166878	0.00117048	0.00966228
99	0.0346792	0.00299303	0.415125	0.0696303	0.00883427	0.0344114	0.0318748	0.00689006	0.0524652	0.0121739	0.0086146	0.105156	0.0211482	0.0259142	0.0341146	0.0564309	0.0487488	0.0163248	0.00213746	0.0123327
100	0.0279812	0.00453694	0.00791574	0.00943283	0.0108267	0.0143822	0.00538263	0.0804605	0.00703122	0.467797	0.193962	0.00539949	0.00321297	0.0329954	0.0130367	0.0145743	0.0320811	0.062178	0.00175883	0.00505422
101	0.049523	0.00229919	0.00320855	0.00705424	0.00355472	0.80573	0.0101401	0.00361537	0.010238	0.00595773	0.00271796	0.0148779	0.00666219	0.005071	0.0232321	0.0221629	0.0109151	0.0056701	0.00217982	0.00518963
102	0.0269551	0.0644862	0.0548274	0.0605746	0.0107371	0.0186872	0.0662911	0.0557066	0.0817502	0.066572	0.0572603	0.035868	0.00720454	0.0867987	0.0662718	0.0368978	0.159473	0.0286556	0.00393028	0.0110528
103	0.0924978	0.00374884	0.0195333	0.113101	0.0138605	0.020275	0.0153993	0.0153529	0.021754	0.0230691	0.0135168	0.0181078	0.121303	0.140737	0.0293252	0.114605	0.0823017	0.0531083	0.0413371	0.0470672
104	0.0539208	0.00299589	0.00444294	0.0503183	0.123713	0.0108949	0.0188	0.0906849	0.0351398	0.0876212	0.0226764	0.013875	0.0280793	0.0113194	0.0583169	0.0312294	0.0458658	0.195156	0.0019675	0.112983
105	0.0393776	0.0064884	0.118502	0.0428816	0.0708143	0.0503697	0.0323604	0.0795867	0.0210087	0.0543824	0.016306	0.0548948	0.0202014	0.0541465	0.0257946	0.104612	0.0667564	0.0532272	0.00283359	0.0854558
106	0.0954198	0.00340304	0.0337816	0.0111924	0.0224812	0.30503	0.0225007	0.00941163	0.00779792	0.0538128	0.00642428	0.0986337	0.0508009	0.0290876	0.0427541	0.0628062	0.012217	0.0131264	0.04379	0.0755293
107	0.0918375	0.002703	0.00776194	0.0150175	0.0145191	0.0517138	0.0119487	0.0589495	0.0363429	0.0619663	0.0243614	0.0253716	0.00339476	0.0244594	0.0260582	0.186508	0.25538	0.09532	0.00165722	0.00472955
108	0.0669751	0.00317598	0.117374	0.0968968	0.0105359	0.0381304	0.0119066	0.0141977	0.0354007	0.0654582	0.0266292	0.0751637	0.0440787	0.074904	0.0412289	0.121077	0.0757302	0.0666081	0.0019933	0.0125351
109	0.0514791	0.000977297	0.0982602	0.381318	0.00451601	0.0122784	0.00616645	0.0208587	0.0469926	0.0207711	0.0222933	0.0173729	0.0139463	0.10291	0.0374444	0.0573516	0.0451552	0.0277125	0.00620133	0.0259945
110	0.255292	0.00303782	0.0747795	0.0668546	0.00883252	0.152551	0.0103822	0.00940712	0.0271796	0.0160785	0.00954615	0.0247436	0.106457	0.046264	0.0830514	0.0467692	0.0250606	0.0172741	0.00459138	0.0118471
111	0.29545	0.00839873	0.00318546	0.00346671	0.00166256	0.013398	0.00346482	0.00324188	0.00797487	0.00308088	0.00998064	0.00281585	0.0102887	0.0034231	0.00450914	0.528914	0.0758799	0.0175417	0.000661192	0.00266202
112	0.0626906	0.000893858	0.00232469	0.0289053	0.022143	0.00433969	0.025069	0.162621	0.0694775	0.168125	0.0444113	0.0226174	0.00321837	0.0445297	0.0528597	0.0241643	0.0635388	0.171233	0.003337	0.0235006
113	0.151055	0.00281279	0.0178525	0.0165106	0.00939312	0.0941	0.0114965	0.0176287	0.0171024	0.0170697	0.0362028	0.181304	0.00839659	0.0447423	0.0158116	0.23141	0.0341279	0.0804539	0.00276567	0.00976435
114	0.0472952	0.00385981	0.0176104	0.0312376	0.0144856	0.019842	0.0172357	0.0702618	0.0859469	0.0862621	0.0228367	0.056689	0.00802745	0.0256286	0.0439939	0.0529232	0.203123	0.17162	0.00495321	0.0161672
115	0.129315	0.00195704	0.00164283	0.00303883	0.00926071	0.0704521	0.00934721	0.083007	0.00595036	0.0911152	0.050342	0.0105701	0.00113001	0.0273378	0.0111978	0.0850167	0.223294	0.183356	0.000569495	0.00209975
116	0.0585911	0.000462417	0.0771105	0.127028	0.00228048	0.0417149	0.022268	0.00568283	0.16954	0.010506	0.0163332	0.149456	0.00892297	0.0840608	0.114735	0.0560259	0.0251027	0.0185015	0.00277782	0.00889858
117	0.251245	0.0021145	0.00592577	0.00924416	0.00707311	0.00929265	0.0308284	0.00913402	0.0125792	0.0973686	0.0317711	0.0577252	0.00812138	0.0747028	0.159947	0.0454173	0.0875928	0.0186155	0.0381022	0.0431987
118	0.0385854	0.00207179	0.00172624	0.0057672	0.00853187	0.0161941	0.00181471	0.295328	0.00297838	0.220444	0.10269	0.00304264	0.00258422	0.00227293	0.00638851	0.0209449	0.00512388	0.254011	0.00296667	0.00653411
119	0.0998494	0.0012371	0.00252424	0.0464665	0.0232814	0.00435532	0.0188152	0.143881	0.0470475	0.0956169	0.0151713	0.0272133	0.00389341	0.0299407	0.0306371	0.0377356	0.0886302	0.225243	0.00264728	0.0558131
120	0.0630492	0.000320917	0.0436122	0.152644	0.000798626	0.0128259	0.0241334	0.00477234	0.17353	0.0108923	0.0121809	0.115744	0.0018309	0.111986	0.167965	0.0608108	0.0243204	0.010773	0.00396364	0.00384688
121	0.0323211	0.00187032	0.310351	0.258792	0.00610065	0.0168091	0.0104844	0.010977	0.0283538	0.0120542	0.0115139	0.0217955	0.0150884	0.0828248	0.0839719	0.0324461	0.0309944	0.0174485	0.00474845	0.011054
122	0.0602435	0.000588908	0.192237	0.121357	0.00128487	0.122039	0.0104116	0.0037819	0.086363	0.00448256	0.00996368	0.242284	0.0304762	0.0190444	0.0338526	0.0425706	0.0106164	0.00487812	0.000631783	0.00289231
123	0.0594633	0.000699315	0.193823	0.106656	0.00191685	0.100159	0.0141607	0.00413648	0.101527	0.00647396	0.0137707	0.223996	0.0287226	0.0276704	0.0400326	0.0437548	0.0191446	0.00878383	0.000621621	0.00448627
124	0.0784193	0.00589159	0.0123237	0.0177995	0.133713	0.0301661	0.0389332	0.0982745	0.0197803	0.0211657	0.0194108	0.0203361	0.0454403	0.0106426	0.0278011	0.0608289	0.0837629	0.101502	0.00481486	0.168994
125	0.0758888	0.00250255	0.202407	0.0746043	0.0142534	0.0564836	0.0134805	0.0245397	0.0265249	0.0163741	0.0116169	0.0880459	0.0410782	0.0284639	0.023833	0.13131	0.104233	0.0479667	0.00123864	0.0151545
126	0.105737	0.00291061	0.00954557	0.0117491	0.118717	0.0140648	0.0115147	0.139982	0.00499661	0.0956795	0.14713	0.00472657	0.00325137	0.00531862	0.00973045	0.045449	0.0713021	0.134877	0.00232602	0.0609928
127	0.0255229	0.00124436	0.00176317	0.00300658	0.00351905	0.00216655	0.00100735	0.242632	0.00434543	0.0969946	0.0267834	0.00102193	0.000554136	0.00119854	0.00227817	0.00741451	0.024745	0.547743	0.00188716	0.00417261
128	0.0206149	0.00255361	0.00141216	0.00624523	0.240106	0.00510021	0.0109811	0.10421	0.0051639	0.313044	0.0603476	0.00271732	0.00242067	0.00296105	0.00975873	0.0204046	0.0111195	0.133668	0.0174516	0.0297204
129	0.0271976	0.00341798	0.019791	0.0177064	0.0183423	0.0145042	0.572744	0.0196006	0.0204185	0.043106	0.0137017	0.0512054	0.00603567	0.0206367	0.038544	0.0330928	0.028576	0.0177235	0.00528601	0.02837
130	0.0357791	0.00619275	0.00621807	0.0234398	0.143473	0.0118108	0.0195564	0.145991	0.0171199	0.124008	0.038867	0.0244712	0.0378426	0.0151444	0.0325773	0.0300082	0.0339766	0.191149	0.00622206	0.0561531
131	0.0567123	0.0023845	0.00374703	0.00645244	0.00248634	0.802671	0.0102416	0.00287583	0.00970343	0.00634452	0.0027551	0.0146838	0.00547944	0.00518363	0.022067	0.0240137	0.0109302	0.00549278	0.00153441	0.00424063
132	0.0275233	0.00330218	0.503771	0.0510093	0.00442511	0.0246445	0.0336587	0.00688334	0.0230031	0.0111769	0.00666875	0.120261	0.0153264	0.0161661	0.022376	0.0547564	0.0505723	0.013694	0.00142965	0.009352
133	0.0269585	0.0062374	0.00105285	0.00155451	0.0110181	0.00948157	0.00166413	0.178498	0.00155582	0.513166	0.133026	0.00151912	0.000759048	0.00340741	0.00194527	0.00394276	0.00644649	0.0959016	0.000523086	0.0013418
134	0.115814	0.0245833	0.00444666	0.00470879	0.00148739	0.0139715	0.00464422	0.00240737	0.0117195	0.00412379	0.006874	0.00476544	0.0278537	0.00261313	0.00442397	0.662264	0.0763463	0.0243079	0.000540053	0.0021047
135	0.0251286	0.0111948	0.00654519	0.011709	0.170062	0.0129505	0.0663541	0.029594	0.00985288	0.0335469	0.0122733	0.0184942	0.0049659	0.0139356	0.0126434	0.025491	0.0238422	0.0332305	0.0265972	0.451588
136	0.30533	0.00997291	0.00388513	0.00458507	0.00171973	0.0153234	0.00452686	0.00356917	0.0118286	0.00314676	0.00844335	0.00362759	0.0117612	0.00472629	0.00483171	0.513144	0.0678752	0.0180633	0.000748855	0.00289006
137	0.0295035	0.0019159	0.0363134	0.048167	0.0167519	0.0229512	0.0288587	0.0377778	0.14597	0.0371613	0.0209567	0.0637955	0.00897384	0.0200982	0.0926139	0.0966392	0.233141	0.045292	0.00600652	0.00711288
138	0.0539831	0.00227471	0.00718806	0.00810031	0.0051431	0.745957	0.0110782	0.00587407	0.0106355	0.00768752	0.00391052	0.0168134	0.00808111	0.00731479	0.0238892	0.0441674	0.0171564	0.0121335	0.00186555	0.00674659
139	0.00788141	0.00261117	0.00115532	0.00155287	0.446481	0.00161854	0.0366751	0.00989166	0.00918738	0.0481961	0.00671453	0.00811042	0.00102171	0.00474048	0.00805872	0.0133472	0.0076811	0.0170437	0.070567	0.297464
140	0.173982	0.00223018	0.00524545	0.0465627	0.00541297	0.0317976	0.00712241	0.117975	0.00767229	0.325507	0.0297121	0.00765376	0.00566639	0.00866347	0.0113647	0.161537	0.0328402	0.0102625	0.00239838	0.00639433
141	0.224163	0.0137719	0.00943782	0.0159974	0.0753721	0.0555319	0.0488442	0.0189752	0.0210124	0.0145589	0.00865712	0.0212767	0.0472188	0.0321466	0.0227501	0.129641	0.0551568	0.056531	0.0450513	0.0839056
142	0.0259122	0.00245419	0.00588739	0.153017	0.0117165	0.00909887	0.0115865	0.143874	0.0126678	0.14224	0.0147591	0.0118946	0.00567016	0.123053	0.0165878	0.0215673	0.0220436	0.249178	0.0034604	0.0133314
143	0.0343543	0.00662074	0.00726451	0.0294084	0.151787	0.0191244	0.0301976	0.0355676	0.0136815	0.036573	0.0230497	0.0226027	0.00944828	0.0369338	0.0297184	0.0405509	0.0281466	0.0276947	0.31221	0.105066
144	0.0298188	0.00262253	0.405851	0.205934	0.00420601	0.02299	0.0240266	0.00754666	0.0286005	0.00911092	0.00922701	0.0548574	0.0142142	0.0463026	0.0338719	0.0354879	0.0350467	0.0145095	0.00413571	0.0116406
145	0.0151706	0.00111294	0.00362132	0.224621	0.0440284	0.00911383	0.0709635	0.0169201	0.0233697	0.00569782	0.00405833	0.0782968	0.0146291	0.255235	0.0391393	0.08216	0.0279955	0.00734503	0.00187458	0.0746475
146	0.00675554	0.00287334	0.00108207	0.00104395	0.455232	0.00115962	0.0340954	0.00966732	0.00697095	0.048902	0.00693289	0.00765332	0.000599755	0.00498333	0.00722495	0.0129652	0.00742005	0.0140077	0.0778591	0.292571
147	0.07487	0.00359032	0.00718162	0.00991022	0.140512	0.0413995	0.0968699	0.0932736	0.00838257	0.0695921	0.167801	0.0100274	0.00810384	0.0129705	0.0162495	0.0318986	0.0841247	0.0531052	0.00510745	0.0650297
148	0.162516	0.00140083	0.0646384	0.100203	0.00200234	0.0225776	0.151306	0.0032893	0.0153578	0.00393885	0.00294759	0.107916	0.00177836	0.0354455	0.00593335	0.209086	0.0880686	0.00422955	0.000817879	0.0165466
149	0.0277642	0.00347507	0.00958727	0.0607655	0.0134219	0.015327	0.0130153	0.0206797	0.0143792	0.204922	0.0644685	0.0145967	0.00737327	0.300924	0.0935132	0.0716822	0.0257145	0.0216815	0.00553662	0.0111724
150	0.0208114	0.000903906	0.00117197	0.0053483	0.00373355	0.00506867	0.00177016	0.418141	0.00344255	0.130016	0.0399365	0.00194415	0.00143385	0.00223838	0.00412113	0.0090093	0.00491573	0.335208	0.00419867	0.00658653
151	0.0491624	0.00131624	0.0164387	0.307042	0.0129986	0.0198682	0.0340941	0.012139	0.046822	0.00806875	0.00883123	0.0474401	0.00859989	0.215292	0.0445876	0.0667787	0.0613931	0.0106182	0.00326474	0.0252443
152	0.0199403	0.00086271	0.0748623	0.0690182	0.00235804	0.0740741	0.0213067	0.00328841	0.04602	0.0294136	0.00311712	0.034286	0.484395	0.0137063	0.0474861	0.0341126	0.0138892	0.00768315	0.000837764	0.0193424
153	0.0225983	0.000827387	0.00108471	0.00591529	0.00484466	0.00546984	0.00228901	0.361416	0.00309793	0.15478	0.0481279	0.00177223	0.00134272	0.00188334	0.00443855	0.00993021	0.00415426	0.350868	0.0055304	0.00962956
154	0.306839	0.00461801	0.00424426	0.00804833	0.00634356	0.0149423	0.00561165	0.0100114	0.00930039	0.00676125	0.0116907	0.0101899	0.00576685	0.0068516	0.00870774	0.38413	0.164036	0.026718	0.00147099	0.00371802
155	0.226654	0.0109556	0.00320823	0.00316758	0.00147197	0.0143421	0.00347353	0.00289686	0.00860816	0.00301816	0.0107522	0.00261834	0.0129751	0.00303154	0.00457253	0.587631	0.0798997	0.0179658	0.000668589	0.00208927
156	0.073288	0.000784534	0.00198212	0.00654662	0.005501	0.0032262	0.0134359	0.00429936	0.149041	0.0318584	0.00297898	0.0236209	0.00794406	0.113036	0.405807	0.0400941	0.0630028	0.0357167	0.0008373	0.0169979
157	0.0354667	0.00244984	0.00352517	0.00176999	0.00388882	0.000946065	0.00099578	0.136786	0.00679606	0.0619052	0.0182946	0.00139746	0.000538022	0.00144808	0.00166213	0.0112977	0.0590009	0.647674	0.000605577	0.00355211
158	0.0526213	0.000540825	0.00164226	0.00491654	0.00143749	0.00573126	0.00231695	0.00226157	0.00247552	0.0278591	0.010655	0.0021316	0.823752	0.00284695	0.00291913	0.0148042	0.00705537	0.0310773	0.000785978	0.00216987
159	0.00900378	0.0054173	0.00169044	0.0017984	0.385936	0.00155699	0.0284305	0.0113817	0.0061034	0.0404637	0.0101505	0.00764238	0.000828481	0.00688577	0.00668523	0.0158835	0.0124936	0.014145	0.103992	0.329511
160	0.0582496	0.00444694	0.00877757	0.0165224	0.0539224	0.0248958	0.0774115	0.145433	0.0187934	0.075305	0.179637	0.0161016	0.00893909	0.0179092	0.0291844	0.0416442	0.0986051	0.0829034	0.00526	0.0360585
161	0.035171	0.00246677	0.00349354	0.00178078	0.00385975	0.00102985	0.00100334	0.13507	0.00683088	0.0619225	0.0181997	0.00169752	0.000546841	0.0016032	0.00167474	0.0117041	0.0611425	0.646689	0.000613912	0.00349979
162	0.394798	0.0377269	0.0026669	0.00351262	0.00274655	0.37296	0.00283332	0.00331457	0.00335622	0.0102517	0.00255586	0.0158687	0.00211559	0.00354845	0.00352798	0.0544913	0.0490293	0.0259355	0.000887094	0.00787325
163	0.0898439	0.00585486	0.00603601	0.0134453	0.0206488	0.047256	0.0115356	0.197342	0.0132713	0.102752	0.126283	0.0353578	0.0453532	0.0178881	0.0705148	0.0751832	0.0266857	0.0770953	0.00364128	0.0140128
164	0.0351209	0.00214505	0.0042047	0.0085084	0.00460025	0.779693	0.0290003	0.00618411	0.0097633	0.00692786	0.00481709	0.0141755	0.0065232	0.00931054	0.0255389	0.0239169	0.0110962	0.00727476	0.00393675	0.00726279
165	0.0506496	0.00661419	0.0338277	0.028473	0.135044	0.0314613	0.034974	0.0307057	0.0336859	0.0389202	0.019591	0.218765	0.0141592	0.0341907	0.0324775	0.0645582	0.0470855	0.0405826	0.0185485	0.0856867
166	0.0205958	0.00240036	0.00680049	0.0101661	0.0252159	0.0109156	0.646966	0.0448176	0.0126123	0.0231292	0.0168271	0.0154922	0.00710603	0.0180125	0.044537	0.0204532	0.0207065	0.0271738	0.00466148	0.0214108
167	0.0344784	0.00171532	0.123018	0.44757	0.00457599	0.0595105	0.0108537	0.00629396	0.0355628	0.0100711	0.0093855	0.065751	0.0217382	0.0373997	0.028969	0.0393158	0.0317716	0.015705	0.00876383	0.0075502
168	0.169864	0.00477971	0.0126832	0.0213666	0.0151073	0.0212712	0.0296764	0.0182412	0.0411716	0.0375122	0.0201932	0.0273234	0.011029	0.0966754	0.181345	0.0481142	0.0470149	0.0359622	0.00990592	0.150763
169	0.0413794	0.00444913	0.2957	0.0549602	0.0121911	0.037549	0.0213565	0.0165547	0.0343976	0.0226767	0.01349	0.06593	0.0627793	0.0247017	0.0288786	0.0641082	0.12956	0.0502724	0.00371854	0.0153465
170	0.017149	0.00247632	0.0427013	0.0473483	0.0169164	0.0272813	0.0175071	0.0345662	0.146143	0.0563558	0.0282672	0.0702722	0.0216129	0.00806444	0.0644534	0.069605	0.28092	0.0399806	0.00600851	0.00237154
171	0.0231063	0.00288803	0.544734	0.0454787	0.00353831	0.0223361	0.0354031	0.00566448	0.0189713	0.00760386	0.0051987	0.125858	0.0152177	0.0143273	0.0182107	0.0471964	0.0432417	0.0107186	0.000917762	0.00938937
172	0.131508	0.0140471	0.00589028	0.00679476	0.00155432	0.0275207	0.00545445	0.00250468	0.017939	0.00415246	0.00755215	0.00546615	0.0178239	0.00567559	0.00649246	0.658447	0.0604754	0.017056	0.00072341	0.00292149
173	0.0797056	0.00393989	0.0216372	0.0505067	0.00831521	0.276557	0.0701966	0.0117745	0.0402175	0.0136774	0.0102294	0.0452217	0.00728603	0.0439552	0.0939953	0.140176	0.0490744	0.0150644	0.00367643	0.0147936
174	0.0514238	0.00197617	0.00336813	0.00685549	0.0021082	0.807323	0.0106014	0.00296959	0.00949371	0.00499525	0.0030615	0.0137436	0.00600818	0.00496307	0.0229407	0.0246089	0.0112397	0.00601249	0.00180672	0.00450076
175	0.0346427	0.00197367	0.0602439	0.521636	0.00887565	0.0319718	0.0155782	0.0144237	0.0287246	0.0175538	0.0113364	0.0263942	0.0139362	0.0587543	0.0306592	0.0443043	0.0335506	0.0191184	0.0135237	0.0127987
176	0.0582715	0.210461	0.0189105	0.0223795	0.0368824	0.0287892	0.023558	0.0953494	0.0242152	0.0472328	0.029997	0.0260318	0.0194924	0.0285658	0.0380674	0.135441	0.057974	0.0475535	0.00691241	0.0439154
177	0.149179	0.00877802	0.0153596	0.0169855	0.0052254	0.469413	0.0110394	0.00727134	0.0253473	0.0128094	0.0097744	0.0654083	0.0111097	0.0107315	0.0346004	0.090361	0.0284132	0.0148564	0.00384382	0.00949351
178	0.028222	0.00149871	0.00216954	0.00244769	0.00387896	0.00193733	0.0010595	0.207233	0.00488146	0.0824989	0.0232673	0.00106952	0.00066035	0.00145466	0.00209501	0.00805346	0.0327708	0.589142	0.00148618	0.00417445
179	0.0520959	0.000540298	0.00164606	0.0049265	0.00137233	0.00568858	0.00227401	0.00225817	0.0024053	0.0279603	0.0106201	0.00214362	0.825545	0.00262879	0.00279572	0.0144679	0.00681345	0.0309275	0.000735628	0.00215462
180	0.0973488	0.00381044	0.00837368	0.0127187	0.130369	0.0147953	0.0123004	0.0693929	0.00867776	0.0295453	0.0873104	0.012182	0.00879726	0.0122844	0.011791	0.080358	0.108195	0.0773871	0.00777706	0.206586
181	0.0156898	0.00113257	0.00343028	0.23445	0.0439185	0.00912398	0.063896	0.0185108	0.0213282	0.00578823	0.00431363	0.0738116	0.0171294	0.248968	0.040526	0.0900074	0.0295174	0.00693678	0.00194344	0.0695787
182	0.0177416	0.00195012	0.00399691	0.0122112	0.00481164	0.00687944	0.0261715	0.0504168	0.088741	0.0628535	0.0432635	0.0105672	0.00396804	0.0185287	0.331074	0.0205669	0.0890907	0.106225	0.00281355	0.0981294
183	0.00664505	0.00296257	0.00125633	0.00108435	0.450449	0.00116539	0.0338286	0.00993736	0.00696806	0.0484511	0.00708739	0.00804664	0.000592142	0.0049437	0.00717345	0.0130359	0.00764964	0.0139704	0.0728847	0.301869
184	0.0181501	0.00197237	0.0273772	0.0141266	0.0544351	0.0106393	0.199181	0.0549703	0.0666003	0.0115378	0.00883893	0.0591337	0.0946139	0.101392	0.117607	0.0395905	0.0107526	0.0610172	0.00439794	0.0436666
185	0.104746	0.00214437	0.00561432	0.00716534	0.109609	0.0183214	0.0166084	0.122151	0.00423558	0.0501967	0.224026	0.00503246	0.00397918	0.00547267	0.00846389	0.0340384	0.106591	0.105548	0.00203528	0.064021
186	0.060221	0.00220367	0.0144703	0.0132599	0.00751689	0.0178569	0.00787851	0.0112446	0.0108041	0.0282662	0.0110944	0.0100742	0.634284	0.0124383	0.0179655	0.0357451	0.0604078	0.0289609	0.00689018	0.00841788
187	0.0070557	0.00322074	0.00131943	0.00116327	0.43778	0.00129041	0.032959	0.0104061	0.00668519	0.0467895	0.0077693	0.00792513	0.000601047	0.0051389	0.0069617	0.0130697	0.00784436	0.0138638	0.0720427	0.316114
188	0.233642	0.00801006	0.0173475	0.0312218	0.002933	0.0555442	0.00934867	0.00402105	0.0875754	0.00741637	0.00400503	0.00795545	0.0138382	0.0283509	0.0180249	0.423824	0.0265497	0.0102336	0.00135887	0.00879957
189	0.109838	0.00205058	0.006419	0.00885509	0.134752	0.0118055	0.0135736	0.130572	0.00577496	0.0714621	0.131291	0.00479174	0.00307283	0.0062	0.0106822	0.0424509	0.0899814	0.13821	0.00262458	0.0755931
190	0.0320159	0.00159323	0.375958	0.071101	0.00152931	0.0321844	0.0256406	0.00273424	0.0243884	0.00322858	0.00291086	0.203214	0.012518	0.0121474	0.0161369	0.0934609	0.0727759	0.00891622	0.00057107	0.00697501
191	0.0764736	0.00418098	0.00696071	0.0153266	0.140144	0.0117801	0.0254872	0.0955212	0.0184377	0.0663659	0.0568884	0.0224372	0.0121331	0.0334044	0.0399612	0.0629693	0.0622879	0.136337	0.0142955	0.098608
192	0.134328	0.0021894	0.0143336	0.0197631	0.00539455	0.505505	0.00810416	0.00612647	0.0464733	0.0112065	0.00889138	0.0391452	0.0424465	0.0129999	0.0477181	0.0570706	0.019661	0.00876274	0.00293222	0.00694873
193	0.0601358	0.0236875	0.00623772	0.013056	0.00647126	0.0422466	0.00771268	0.015071	0.00821422	0.164779	0.0409064	0.00881603	0.192199	0.035126	0.0391406	0.177723	0.0830885	0.0643958	0.00438985	0.00660327
