373	20
1	0.0620889	0.0129694	0.00885163	0.0134417	0.0172851	0.0113604	0.00838087	0.152785	0.0163676	0.155754	0.189255	0.0156422	0.0135957	0.0157207	0.0108241	0.0271977	0.0447817	0.208075	0.00294947	0.0126741
2	0.0078399	0.00504863	0.000816972	0.000965716	0.566331	0.000944491	0.0106039	0.00542116	0.00505572	0.0572197	0.00833765	0.00429576	0.000370995	0.00103107	0.000815778	0.00173988	0.0067945	0.00421844	0.0179549	0.294194
3	0.00576337	0.949787	0.00252964	0.00322866	0.00125653	0.00249668	0.00217722	0.00180281	0.00366829	0.0025111	0.00207008	0.00295262	0.000977612	0.00327446	0.00232018	0.00397716	0.00395668	0.00317841	0.000490306	0.00158124
4	0.0208752	0.00228263	0.0297306	0.0178301	0.413375	0.0033906	0.0434814	0.0263778	0.00474514	0.00354179	0.0150729	0.0813141	0.00154617	0.0178413	0.0555635	0.0055752	0.00558943	0.0291956	0.000864611	0.221807
5	0.0103576	0.00202022	0.00439574	0.0427562	0.00151919	0.00298293	0.0167405	0.00328698	0.00924369	0.0245896	0.033993	0.00481136	0.00163361	0.813449	0.00401161	0.0107487	0.00619517	0.00396751	0.00109187	0.00220585
6	0.00487753	0.954773	0.00223086	0.00280689	0.00105222	0.00227256	0.00207618	0.00168203	0.00341732	0.00233633	0.00200267	0.00258572	0.000933915	0.00287421	0.00217995	0.00387476	0.00342444	0.00280986	0.000513185	0.00127635
7	0.0804904	0.00365999	0.026103	0.574778	0.00187871	0.0074164	0.00951699	0.00772396	0.0372297	0.0109471	0.0079159	0.0106683	0.00169855	0.102362	0.0108923	0.0654158	0.017203	0.0154455	0.0027901	0.00586356
8	0.0317368	0.00335505	0.0278118	0.27908	0.00270623	0.00583251	0.0125647	0.0168737	0.0231571	0.0447209	0.0704492	0.0157459	0.00317862	0.391903	0.0154021	0.024386	0.0131323	0.0119702	0.00219766	0.00379657
9	0.134883	0.00885378	0.00265108	0.0032475	0.00119991	0.00260706	0.00210831	0.00314714	0.00378175	0.00253361	0.00219734	0.00348979	0.00174959	0.00338243	0.0138126	0.0651825	0.732328	0.00813976	0.00197979	0.00272468
10	0.124048	0.00156552	0.0184207	0.00551293	0.0297493	0.0197825	0.0168886	0.0758981	0.0350698	0.175371	0.103894	0.00911367	0.00266351	0.0368676	0.00490894	0.115806	0.0578985	0.164778	0.000500417	0.00126305
11	0.0251307	0.00756593	0.00953314	0.00662671	0.000476571	0.887844	0.00177849	0.00131027	0.00521138	0.00369684	0.00139759	0.00812694	0.000883106	0.0034749	0.00192466	0.0261795	0.00348093	0.00368706	0.000671147	0.00100011
12	0.089196	0.0141444	0.00568479	0.00779034	0.00864466	0.00230323	0.010172	0.204615	0.00653935	0.100974	0.174443	0.0255706	0.00130512	0.00961359	0.006434	0.0114888	0.0320885	0.27972	0.000920288	0.00835172
13	0.00512412	0.953631	0.00223122	0.00281425	0.001054	0.00228243	0.0020838	0.00177058	0.00342499	0.00254526	0.0021704	0.00271443	0.000929386	0.00286289	0.00222109	0.0039195	0.00352794	0.00283923	0.000555677	0.00129753
14	0.0251594	0.00509955	0.00843315	0.00993867	0.00216441	0.475964	0.00594181	0.00468003	0.0148101	0.00601074	0.00515305	0.0382086	0.003566	0.00816765	0.0117971	0.159306	0.201533	0.00970113	0.00160598	0.00275942
15	0.0417967	0.00482746	0.0182388	0.0501082	0.00701353	0.0190778	0.0207679	0.00940796	0.510266	0.0139827	0.012057	0.0253318	0.00800745	0.0473043	0.12784	0.028652	0.0298579	0.0146849	0.00226828	0.00850886
16	0.00544824	0.00104866	0.166499	0.0484224	0.00115318	0.0128886	0.0111846	0.00185643	0.133451	0.0118423	0.0017593	0.0779634	0.038991	0.0607089	0.0024681	0.193314	0.21696	0.0121693	0.000436835	0.00143392
17	0.0574147	0.00104261	0.144633	0.424114	0.00102655	0.0108486	0.0279698	0.0196416	0.0444983	0.0109743	0.0104987	0.0337637	0.0126411	0.0109772	0.0283904	0.055657	0.0456765	0.0501628	0.000436667	0.00963251
18	0.0431308	0.0161723	0.00292486	0.0154063	0.00124959	0.0116033	0.00271369	0.0980362	0.00597039	0.0596832	0.00816109	0.00306164	0.00128622	0.00327666	0.00275522	0.00472445	0.359117	0.35746	0.000779728	0.00248712
19	0.297567	0.0136586	0.0194309	0.00632432	0.00358463	0.0234807	0.0040138	0.00365702	0.00533098	0.00321487	0.00308364	0.0218903	0.00152161	0.00451236	0.00301096	0.536704	0.0165	0.0292766	0.000933475	0.00230351
20	0.227735	0.00585661	0.0932009	0.0490024	0.00627679	0.0960746	0.0159101	0.00109636	0.108417	0.0193709	0.00112225	0.14133	0.00619216	0.0346195	0.0610283	0.027516	0.0777081	0.0122259	0.000290052	0.0150269
21	0.0864951	0.0434645	0.00171368	0.0101321	0.00074717	0.00963433	0.016371	0.115296	0.0322169	0.267327	0.118894	0.023581	0.00121953	0.00208614	0.0555218	0.014885	0.081585	0.0419791	0.0410954	0.0357554
22	0.00634316	0.00101469	0.00187727	0.0409092	0.000973573	0.00158301	0.0162337	0.00175544	0.00303199	0.0238344	0.0359381	0.00210138	0.00081568	0.847234	0.00181857	0.00743547	0.00326368	0.00238029	0.000428717	0.00102764
23	0.0129365	0.00104743	0.776771	0.0367524	0.000968116	0.0104487	0.00907154	0.00194235	0.00797887	0.00261275	0.00192441	0.0615936	0.00444533	0.00697563	0.00282772	0.0482607	0.0069129	0.00192091	0.000564319	0.00404523
24	0.0860763	0.000687848	0.00698539	0.0301429	0.020681	0.00193235	0.0459529	0.0865293	0.0298197	0.21794	0.0465228	0.0234545	0.000736318	0.0589993	0.0291598	0.0194951	0.0545975	0.238655	0.000263553	0.00136889
25	0.010399	0.00115531	0.00328008	0.00334722	0.0122135	0.000655499	0.000439493	0.0817776	0.00420099	0.683233	0.148522	0.00107839	0.0003334	0.00612593	0.000519725	0.00115225	0.00940081	0.02806	0.000111939	0.00399387
26	0.00887474	0.00393187	0.00124979	0.00309656	0.000220383	0.000812873	0.000379865	0.443933	0.00136729	0.123208	0.0233406	0.0035188	0.000163061	0.00170041	0.00117179	0.00306553	0.0114673	0.368211	6.30433e-05	0.000224269
27	0.282816	0.0344751	0.00229943	0.00748453	0.000709718	0.0108753	0.00261157	0.0567321	0.00228063	0.0870541	0.0264884	0.0256653	0.000717559	0.0280124	0.00150396	0.10343	0.203369	0.118305	0.00038653	0.00478323
28	0.0401106	0.0172487	0.00219124	0.00164787	0.010679	0.00326342	0.00109327	0.0656267	0.00492485	0.553366	0.0472897	0.0134441	0.00101579	0.00596881	0.00338404	0.030514	0.0635895	0.133216	0.000368993	0.00105713
29	0.0327215	0.000932501	0.00968636	0.0636195	0.00965026	0.0108458	0.0270586	0.031016	0.375401	0.0101012	0.00533442	0.0071693	0.00951694	0.0766829	0.184008	0.0287232	0.0500486	0.0600486	0.000392843	0.00704233
30	0.205402	0.00366717	0.103848	0.041386	0.0041408	0.231895	0.00719366	0.0377941	0.0112297	0.0392554	0.0382623	0.0100398	0.00547651	0.00897175	0.00815531	0.182433	0.012675	0.0425393	0.00188047	0.00375416
31	0.032015	0.0149349	0.000830903	0.00104249	0.0200445	0.00401168	0.000824251	0.170978	0.00240425	0.471224	0.0183335	0.0122911	0.000792365	0.00177353	0.00164984	0.00669755	0.0384803	0.19965	0.00124198	0.000779819
32	0.477977	0.0404276	0.00203922	0.00181242	0.000918441	0.0919803	0.000973212	0.00120063	0.00214692	0.00140284	0.000881405	0.00282206	0.000637949	0.00236845	0.00124027	0.351215	0.0125743	0.00576818	0.000281978	0.00133162
33	0.281667	0.00214795	0.00219353	0.00250718	0.00093165	0.00318581	0.00220191	0.0494278	0.00253256	0.00198426	0.0262035	0.0108564	0.00116967	0.00251845	0.00206213	0.289901	0.284427	0.0325762	0.000458654	0.00104724
34	0.0734615	0.14133	0.0121522	0.0147792	0.00511118	0.0125188	0.0104179	0.0149609	0.0169439	0.0173105	0.0113777	0.0163611	0.00531685	0.0142043	0.0618949	0.126458	0.397121	0.0302359	0.00702678	0.0110172
35	0.0212121	0.00640165	0.00102979	0.00195174	0.0116601	0.00378689	0.000658213	0.249723	0.00170454	0.323109	0.0348656	0.00340619	0.00114934	0.00129439	0.000938219	0.00324773	0.00914829	0.322523	0.0012556	0.000935086
36	0.0700357	0.0116593	0.0171219	0.0161949	0.00352952	0.0120676	0.0062787	0.0164114	0.0177766	0.0173597	0.0121181	0.0205653	0.00502562	0.0099986	0.0166804	0.11662	0.585124	0.038693	0.00203328	0.00470587
37	0.0266124	0.00202243	0.0391394	0.0105816	0.00245087	0.0174607	0.0102315	0.00325182	0.0167813	0.00458879	0.00353857	0.785116	0.00424673	0.00894194	0.0089302	0.0344918	0.0122097	0.00593984	0.000910109	0.00255427
38	0.0887747	0.00161568	0.00217937	0.00363968	0.00111582	0.00258017	0.00248963	0.00596219	0.00357008	0.00427049	0.00217027	0.00314289	0.00120025	0.00320178	0.00226761	0.03253	0.123465	0.710642	0.000440005	0.00474171
39	0.0229282	0.000855075	0.0377059	0.00352517	0.00104868	0.0105939	0.00156349	0.00188042	0.00623699	0.00228563	0.00176462	0.86124	0.000952722	0.00258428	0.00283093	0.0333727	0.00432412	0.00265238	0.000464431	0.00119029
40	0.00759573	0.00559961	0.000753043	0.000914198	0.61589	0.000918101	0.00437537	0.00885947	0.00380811	0.0577379	0.0077412	0.00507182	0.000319986	0.0010651	0.000833415	0.00151396	0.00693745	0.00381854	0.0181978	0.248049
41	0.00715136	0.000556677	0.816014	0.0250003	0.00052902	0.00253146	0.00865093	0.000833203	0.00507892	0.0010018	0.000746293	0.0622142	0.000474397	0.0015731	0.00104054	0.0552139	0.00597116	0.00127866	0.000211723	0.00392845
42	0.127033	0.000924725	0.124131	0.121837	0.00825067	0.00185941	0.00168718	0.0238201	0.0872786	0.00306154	0.00149481	0.0569131	0.191131	0.0253063	0.0915748	0.0453074	0.0487516	0.0238271	0.000397647	0.0154132
43	0.0303773	0.00584439	0.00486745	0.00918188	0.000490614	0.00122715	0.00259108	0.374991	0.00491491	0.107079	0.0140182	0.00271139	0.000550529	0.00221173	0.00481568	0.00589071	0.0144329	0.413096	0.000143275	0.000564272
44	0.0868034	0.000811895	0.00454393	0.0338866	0.0374612	0.00267522	0.0725584	0.109936	0.0436657	0.101358	0.0340947	0.0283028	0.000815823	0.102096	0.0520236	0.0188895	0.0491504	0.218319	0.00037913	0.0022288
45	0.336139	0.0176659	0.00609064	0.00327051	0.00093666	0.337442	0.00397352	0.0016489	0.00356865	0.0025633	0.00204911	0.0123939	0.000971716	0.00601618	0.00773871	0.233532	0.011807	0.00604001	0.000373756	0.00577934
46	0.0656528	0.0152642	0.0036916	0.00278608	0.0107873	0.00490061	0.00231931	0.0466942	0.00760501	0.501091	0.0595391	0.0139649	0.00241446	0.0109071	0.00391076	0.0403731	0.0734668	0.131623	0.000400053	0.00260816
47	0.0215415	0.00105442	0.00856445	0.0170469	0.0152764	0.0108215	0.065587	0.0234073	0.350615	0.0244148	0.0130473	0.0247464	0.0050477	0.0829018	0.244168	0.00971907	0.0339175	0.0342616	0.000298159	0.0135631
48	0.0640601	0.024415	0.0397401	0.308924	0.00295079	0.00490522	0.0715089	0.00448626	0.00906346	0.102349	0.0280027	0.00944125	0.00226157	0.0886003	0.0105311	0.159185	0.00970805	0.00784614	0.0236026	0.0284179
49	0.0413382	0.00327388	0.00596335	0.00805321	0.0817072	0.00720524	0.006011	0.0752829	0.00886272	0.222651	0.0889981	0.00716042	0.00308683	0.00874092	0.00594012	0.00986795	0.398313	0.0126688	0.00107999	0.00379494
50	0.0437433	0.0206336	0.00109685	0.00135894	0.0154742	0.0066756	0.00181951	0.169937	0.00264794	0.407785	0.0217202	0.0170565	0.000940178	0.00209591	0.00268437	0.0088629	0.0724084	0.199275	0.00121556	0.00257001
51	0.00990262	0.00677075	0.00122837	0.00175154	0.00198899	0.00884682	0.0065102	0.234702	0.010042	0.279463	0.0794288	0.0039948	0.00596981	0.00463622	0.00508455	0.0079344	0.176477	0.145522	0.000234431	0.00951173
52	0.00628056	0.00497499	0.00069752	0.000895371	0.588953	0.00086276	0.00565134	0.00950647	0.00335709	0.0591701	0.00682536	0.00524611	0.000315281	0.00105338	0.000754992	0.00142425	0.00628468	0.003247	0.0149341	0.279565
53	0.0172256	0.0107579	0.00191057	0.00197569	0.000386383	0.909534	0.000728329	0.00117845	0.00222074	0.00329456	0.00149209	0.00165326	0.00110456	0.00196942	0.0010474	0.0335684	0.00327261	0.00574378	0.000198605	0.000737869
54	0.00166453	0.00311697	0.000478056	0.000707773	0.0145262	0.00110232	0.000465569	0.225141	0.00186682	0.592283	0.0347443	0.00116831	0.000283193	0.000878376	0.000531588	0.00378276	0.00224325	0.114588	0.000115062	0.000312975
55	0.00958755	0.00192623	0.00415562	0.00557076	0.00394908	0.00530044	0.025317	0.00541683	0.564997	0.00448795	0.0140227	0.00692617	0.00166117	0.0308526	0.275734	0.0134742	0.015332	0.00674478	0.000595401	0.00394774
56	0.020337	0.00732545	0.0102178	0.00743291	0.000354298	0.892191	0.00185988	0.00104303	0.00579093	0.00365364	0.00124308	0.00821521	0.000926993	0.00331063	0.00167766	0.0257922	0.00391535	0.00341969	0.000566949	0.000726007
57	0.0844859	0.0169277	0.00507785	0.0024994	0.00770545	0.00205227	0.00170163	0.233838	0.00245328	0.112594	0.201985	0.0141206	0.000844455	0.00240857	0.00152849	0.0103661	0.0241457	0.264693	0.000530652	0.0100407
58	0.508219	0.0441953	0.00198964	0.00202269	0.000822198	0.0885295	0.000974799	0.00114484	0.00214633	0.00143989	0.000858358	0.00248483	0.000587743	0.00205645	0.00116318	0.321343	0.0127406	0.00574193	0.000284352	0.00125489
59	0.514365	0.0217815	0.00741566	0.0113825	0.00280122	0.0249039	0.00438321	0.0135997	0.0134372	0.0188106	0.0095791	0.0122151	0.00759423	0.0121765	0.00860207	0.147805	0.131625	0.0329045	0.00091773	0.00370024
60	0.00582759	0.0020154	0.00197751	0.00219943	0.294876	0.00163807	0.0337304	0.00441079	0.00313618	0.0361162	0.00678128	0.00469638	0.000672226	0.00179449	0.00226345	0.00406766	0.00418529	0.0147803	0.0203864	0.554445
61	0.36334	0.0207498	0.00249956	0.00446262	0.00119578	0.0252759	0.00374364	0.0145232	0.00382297	0.0761871	0.0973908	0.0388373	0.00103725	0.0193035	0.00224082	0.0638445	0.139871	0.0859492	0.000530481	0.0351947
62	0.0262276	0.0491932	0.064671	0.180458	0.0507115	0.00392723	0.235906	0.00336359	0.0422166	0.00464629	0.00314562	0.0200957	0.00166762	0.0383019	0.0348866	0.0410485	0.0064639	0.00505249	0.0495166	0.1385
63	0.00725836	0.00503739	0.00380337	0.00891704	0.00185357	0.00277169	0.803625	0.00290948	0.010192	0.0108104	0.00277996	0.0473907	0.00139553	0.0345643	0.0138027	0.0144695	0.00958193	0.0063665	0.00206275	0.0104078
64	0.657374	0.122729	0.00302773	0.00690181	0.0132589	0.0553409	0.0023669	0.00761999	0.00549547	0.0111035	0.00434078	0.00401112	0.0020118	0.00375543	0.00309251	0.0341647	0.0243731	0.0357704	0.000825353	0.00243738
65	0.14282	0.0118234	0.0312512	0.0725214	0.000918094	0.00238099	0.0935858	0.0113834	0.0335022	0.0687478	0.0662077	0.0459662	0.00104627	0.0658813	0.147379	0.0449905	0.0325682	0.0123309	0.0107725	0.103923
66	0.105681	0.000492865	0.00415563	0.0354549	0.0196793	0.00137465	0.0633945	0.119345	0.027893	0.082774	0.0348795	0.0292496	0.000630894	0.063365	0.0349923	0.0247327	0.053481	0.295948	0.000274142	0.00220119
67	0.00737131	0.000931778	0.00293885	0.0029467	0.0129823	0.000421275	0.000339418	0.0926073	0.00367415	0.704838	0.125633	0.000634692	0.00019603	0.0060388	0.000433062	0.00108648	0.0046135	0.0289692	8.59024e-05	0.00325748
68	0.011803	0.000572418	0.0395802	0.0316933	0.000546054	0.760168	0.0076175	0.00515938	0.0378869	0.0110482	0.000716338	0.0363328	0.000485146	0.0159468	0.0054953	0.0245665	0.00338192	0.00143545	0.00488309	0.000681288
69	0.0864951	0.0434645	0.00171368	0.0101321	0.00074717	0.00963433	0.016371	0.115296	0.0322169	0.267327	0.118894	0.023581	0.00121953	0.00208614	0.0555218	0.014885	0.081585	0.0419791	0.0410954	0.0357554
70	0.26591	0.065325	0.00858497	0.00306611	0.00346666	0.00306368	0.00177264	0.0268784	0.00245877	0.049751	0.00569062	0.00568925	0.000812166	0.00578744	0.00159693	0.11699	0.166619	0.264508	0.00047246	0.00155667
71	0.00868574	0.000638183	0.00368391	0.00369985	0.0140978	0.000375798	0.000330935	0.0758937	0.00435222	0.6973	0.156439	0.000540599	0.000179743	0.00650918	0.000382814	0.000597192	0.00490747	0.0174078	9.26337e-05	0.00388529
72	0.0694182	0.000566487	0.0395925	0.449346	0.000720986	0.024061	0.00130622	0.00614651	0.224302	0.0143676	0.00133056	0.00213213	0.000613646	0.0635516	0.0766884	0.00779174	0.00839119	0.00646693	0.000373499	0.00283296
73	0.217486	0.210614	0.00396179	0.00387936	0.0343963	0.00398102	0.00215624	0.0613692	0.00751152	0.0605349	0.00920631	0.00375578	0.00143959	0.00347079	0.00291148	0.0180431	0.115261	0.235836	0.0024301	0.00175586
74	0.0210692	0.00214744	0.0501643	0.0283586	0.000426419	0.777896	0.00589713	0.00248817	0.0215936	0.00617627	0.00150179	0.0372321	0.00129848	0.00896531	0.00438411	0.0206376	0.00467532	0.00250911	0.00186882	0.000710116
75	0.0961499	0.00039905	0.0148763	0.236501	0.000313957	0.0321255	0.017231	0.000894819	0.229339	0.0142809	0.00407272	0.0422494	0.000618801	0.0798057	0.0888022	0.0863007	0.0443209	0.0109208	0.000131809	0.000665992
76	0.079478	0.0502263	0.00191585	0.0046554	0.000864156	0.0339827	0.00165695	0.0825803	0.00642628	0.0179203	0.0169438	0.00240986	0.000754088	0.00195952	0.00202749	0.00319635	0.296096	0.394354	0.000448943	0.00210374
77	0.0157293	0.00494764	0.00301788	0.00320967	0.0123573	0.0029095	0.00196804	0.105802	0.00679449	0.59056	0.122427	0.00318831	0.00159498	0.00644146	0.003537	0.00662232	0.0483168	0.0537314	0.00175766	0.00508792
78	0.158156	0.000473141	0.0664706	0.495983	0.000345133	0.0115488	0.0031562	0.000816894	0.0996182	0.00103642	0.000767803	0.0189569	0.000397665	0.0787604	0.0242212	0.023745	0.00629644	0.00856677	0.000187407	0.000496748
79	0.00884334	0.000647598	0.0036968	0.00362064	0.0138369	0.000442892	0.000339884	0.0762729	0.00457896	0.693774	0.156452	0.000596475	0.000178035	0.00723119	0.000401502	0.000888228	0.00600717	0.0182114	9.55235e-05	0.00388489
80	0.00940055	0.00550687	0.00239686	0.00273971	0.059857	0.00141148	0.00344927	0.0655226	0.00363638	0.718783	0.0683856	0.0023997	0.000668724	0.0047559	0.00173511	0.00412898	0.00749501	0.0345536	0.000734148	0.00243945
81	0.00991065	0.000810998	0.768513	0.0314638	0.00130918	0.00430307	0.00943632	0.00140235	0.00912025	0.00234628	0.00179575	0.0700493	0.0018964	0.00461209	0.00266682	0.0613171	0.00812829	0.00273998	0.00061998	0.0075589
82	0.0989054	0.000409977	0.0144619	0.231241	0.000326299	0.0320078	0.0176008	0.000887648	0.228693	0.0134311	0.0039726	0.0428314	0.000597673	0.0793255	0.0893774	0.0881364	0.0458614	0.0113043	0.000133373	0.000495832
83	0.721757	0.0227327	0.00212624	0.00975104	0.0023184	0.153131	0.00191959	0.00146866	0.00615512	0.0115941	0.00106122	0.00658865	0.00244924	0.00275957	0.00297357	0.0328002	0.0100492	0.00590738	0.000420294	0.00203678
84	0.00804702	0.00337188	0.00349608	0.0391068	0.00263949	0.00297148	0.736041	0.0028567	0.00653502	0.00690347	0.00252545	0.110788	0.00134203	0.0112847	0.0111008	0.0100663	0.00832133	0.00427168	0.00245779	0.0258723
85	0.1111	0.00180306	0.00510388	0.0397794	0.0127187	0.00463997	0.0593782	0.090711	0.0290981	0.0543636	0.0233825	0.0401893	0.00320353	0.0488953	0.0622924	0.0357728	0.170865	0.200341	0.000847956	0.0055142
86	0.0581581	0.00710544	0.0888906	0.246964	0.000757771	0.167451	0.00759586	0.00129562	0.0661387	0.00146164	0.0013171	0.0373512	0.000745786	0.053022	0.00876379	0.1397	0.104337	0.00779948	0.000361632	0.000783788
87	0.144543	0.000959426	0.00188225	0.00362862	0.000911566	0.0112101	0.0396158	0.0283237	0.0501181	0.0187139	0.00292168	0.0387864	0.000990955	0.0210866	0.116451	0.109251	0.368658	0.031698	0.000290438	0.0099586
88	0.00646308	0.00520437	0.000682527	0.000840241	0.602249	0.000702859	0.00484924	0.00644023	0.0033698	0.0560058	0.00559768	0.00532484	0.000299747	0.000919005	0.00070906	0.00139113	0.00651113	0.0015952	0.0155873	0.275258
89	0.0151297	0.00184047	0.0340311	0.0351528	0.000651934	0.760138	0.00569218	0.0036301	0.0364658	0.00833565	0.000829351	0.030281	0.000953167	0.0194054	0.00495635	0.0307088	0.00593818	0.00202803	0.00329309	0.000539031
90	0.0840362	0.00136227	0.110508	0.00486315	0.00144978	0.00365413	0.368887	0.0327752	0.0338509	0.00371451	0.00297884	0.157118	0.0152456	0.0194447	0.0033664	0.0204386	0.0682131	0.0656453	0.000875648	0.00157313
91	0.0173526	0.00051084	0.0307831	0.0313235	0.000491387	0.00510738	0.00191122	0.00183991	0.0140474	0.00237584	0.000813426	0.00312186	0.840916	0.0130709	0.00113604	0.0202534	0.00821012	0.00323497	0.00017451	0.00332617
92	0.0727849	0.00152706	0.00306656	0.376181	0.00164675	0.00359955	0.00755899	0.05564	0.0191344	0.0035643	0.00267915	0.00520889	0.00151087	0.102496	0.00340307	0.0653186	0.124339	0.132476	0.00068391	0.0171812
93	0.0460793	0.00174748	0.00332513	0.00660178	0.00177231	0.00490602	0.0072462	0.0864161	0.00888402	0.0880905	0.0663401	0.00514886	0.486798	0.00431399	0.00360073	0.0107168	0.0301473	0.134304	0.000955588	0.00260642
94	0.190805	0.0395123	0.00499652	0.00682107	0.00290053	0.0285085	0.0491473	0.0145534	0.00838519	0.021929	0.0347234	0.0342407	0.00280409	0.00955518	0.00696087	0.201058	0.214655	0.120413	0.00184041	0.006191
95	0.050487	0.000909669	0.00221616	0.178296	0.000957188	0.00184608	0.011077	0.0113615	0.176004	0.00197429	0.0109618	0.0303002	0.0706033	0.110579	0.0238073	0.104829	0.170869	0.0411765	0.000414923	0.00133094
96	0.111706	0.0750866	0.00511474	0.00515483	0.0143895	0.00774764	0.00262115	0.134689	0.00549435	0.119146	0.0351997	0.00597118	0.00238542	0.00339036	0.0029338	0.0103373	0.0823656	0.367651	0.00534196	0.00327272
97	0.0470966	0.000798577	0.105894	0.0511945	0.0248841	0.0017577	0.0199717	0.00312594	0.122581	0.0404957	0.0056322	0.257907	0.0485108	0.0734171	0.0498016	0.0681098	0.050502	0.00790689	0.000396656	0.0200158
98	0.0184766	0.0121925	0.00112315	0.00271665	0.00199936	0.0103484	0.00618933	0.212889	0.0108048	0.293996	0.0778419	0.0058699	0.00432031	0.00375179	0.0117818	0.0104699	0.168446	0.125174	0.00478426	0.0168248
99	0.0535726	0.00227991	0.00406359	0.00569232	0.00217038	0.173511	0.0267385	0.00466489	0.13832	0.00530461	0.0223898	0.11106	0.00342139	0.00596719	0.0757463	0.168976	0.147261	0.0453949	0.000859527	0.00260607
100	0.22826	0.00169681	0.00378802	0.00488481	0.00177286	0.00378216	0.0443763	0.119478	0.0294558	0.0537073	0.0466424	0.00459437	0.167258	0.00436942	0.00410327	0.0345332	0.137085	0.107117	0.000810783	0.00228486
101	0.0416091	0.00428824	0.0185992	0.0267604	0.00499461	0.0129628	0.0498242	0.0129313	0.230424	0.0126295	0.00939687	0.0114719	0.440978	0.0184307	0.0161539	0.0368227	0.0211598	0.0194226	0.00311442	0.00802541
102	0.642427	0.165713	0.00317495	0.00632576	0.0232563	0.0820417	0.00225536	0.00260684	0.00505999	0.00612289	0.00234588	0.00414087	0.00159214	0.00396336	0.00319734	0.0172001	0.0120819	0.0135672	0.000721306	0.00220542
103	0.0139296	0.0036911	0.00273431	0.00448838	0.0054675	0.00182367	0.00279725	0.419739	0.00321639	0.103049	0.0203765	0.00405323	0.00250786	0.00416409	0.00260267	0.00435442	0.0127697	0.3866	0.000269135	0.00136655
104	0.0204797	0.00620824	0.00115899	0.00250143	0.0109678	0.00200904	0.000734227	0.274985	0.00175776	0.28552	0.0201624	0.00288457	0.000898384	0.00131385	0.0010886	0.00305112	0.009465	0.353112	0.00132803	0.000373469
105	0.00470388	0.000399074	0.00391998	0.00106658	0.0110549	0.000777963	0.00058237	0.345076	0.00112213	0.00288744	0.00790037	0.000895594	0.000371584	0.0039309	0.000745311	0.00129535	0.0012697	0.611462	0.00018557	0.000353228
106	0.0211365	0.00259444	0.0054323	0.00369462	0.000935475	0.0120098	0.00153085	0.00212666	0.0166153	0.00182331	0.00897589	0.0173757	0.00278821	0.00302544	0.0150026	0.363259	0.49915	0.0208327	0.000628945	0.0010623
107	0.0201457	0.00740799	0.00903413	0.00589286	0.000369898	0.894004	0.00189629	0.00158457	0.00570601	0.00390779	0.00138974	0.00699301	0.00107729	0.00333567	0.00205499	0.0256992	0.00390239	0.00442555	0.000428355	0.000744924
108	0.00618785	0.00412495	0.00218319	0.00595167	0.00226801	0.00129274	0.855438	0.00152378	0.00649292	0.00736259	0.00108674	0.0407024	0.000659322	0.0137361	0.0124154	0.00905964	0.00701362	0.00250945	0.00230519	0.0176859
109	0.0111453	0.000929236	0.777789	0.0362917	0.000759256	0.00629395	0.00943385	0.00168823	0.00891338	0.00226778	0.00152222	0.05969	0.00189854	0.00486557	0.0024535	0.056808	0.0105678	0.00233252	0.000595932	0.00375461
110	0.00863516	0.00063759	0.0036276	0.00358485	0.0137252	0.000368877	0.000335499	0.0754162	0.00429914	0.700645	0.154303	0.000531958	0.000177748	0.00645812	0.000390136	0.000602169	0.00490622	0.0173525	9.1297e-05	0.00391166
111	0.0293942	0.000829982	0.00977771	0.0167432	0.0169518	0.0146856	0.0944859	0.0143694	0.363093	0.0431369	0.0114119	0.0304682	0.00753481	0.0545598	0.198739	0.00831155	0.0309784	0.0411657	0.000379531	0.012983
112	0.142435	0.00743317	0.20096	0.0486504	0.00866417	0.0212474	0.0191524	0.0165253	0.0659155	0.0166925	0.0782345	0.0389792	0.0901248	0.107235	0.0205304	0.0389644	0.0301188	0.0250349	0.00693874	0.0161642
113	0.00838071	0.000642906	0.00338904	0.00338111	0.012789	0.000361346	0.000334603	0.0735336	0.00392556	0.715259	0.144369	0.000549702	0.000175121	0.00626972	0.000405209	0.00061447	0.00488393	0.0168743	8.93328e-05	0.00377311
114	0.0670883	0.00110387	0.0231573	0.392949	0.0204966	0.012874	0.0661431	0.00198232	0.178897	0.0132189	0.00216127	0.00271574	0.0110315	0.0793465	0.0190965	0.0048941	0.00425201	0.00322476	0.000543802	0.094824
115	0.0323853	0.0012945	0.0694908	0.301134	0.00116047	0.00242901	0.00230614	0.0473514	0.0222632	0.124282	0.122627	0.0385128	0.00125839	0.162019	0.0350373	0.0041564	0.0153439	0.0149423	0.000646654	0.00135916
116	0.00191377	0.00298564	0.000513084	0.000802281	0.0139674	0.000837412	0.000502246	0.257232	0.00186834	0.558011	0.0310832	0.00122319	0.000291768	0.000989122	0.000568271	0.00351721	0.00288164	0.120388	0.000107351	0.000317446
117	0.00962665	0.00529121	0.00244463	0.00268658	0.0562522	0.00154468	0.00316002	0.0665571	0.00389261	0.714067	0.0735187	0.00238703	0.000661476	0.00392458	0.00128561	0.00310667	0.00732767	0.036736	0.000360895	0.00516853
118	0.0433605	0.000701661	0.0468144	0.400548	0.000739238	0.0114784	0.00126963	0.0189182	0.293991	0.0151723	0.00111829	0.00177538	0.000711936	0.0868147	0.046315	0.0052128	0.0126755	0.00911218	0.000220433	0.00304996
119	0.198954	0.00425054	0.0164248	0.116188	0.00676564	0.0235285	0.00962565	0.0101903	0.164751	0.0594095	0.0110703	0.0323225	0.0469811	0.192624	0.0301506	0.030937	0.0210739	0.0171011	0.00108215	0.00656879
120	0.230637	0.00457453	0.00268341	0.00320817	0.00126797	0.00346242	0.00251558	0.040784	0.00308991	0.00222553	0.0188105	0.00820449	0.0013297	0.00269635	0.00370695	0.276812	0.366378	0.0246604	0.00127266	0.00167942
121	0.137207	0.000413888	0.0574404	0.495411	0.000404266	0.0105456	0.00239292	0.00227697	0.127814	0.00198357	0.000838216	0.0126018	0.000361437	0.0814983	0.031467	0.0190524	0.00543731	0.0120041	0.000225533	0.000624869
122	0.0104594	0.000463444	0.189145	0.0526472	0.000525422	0.594649	0.00633845	0.0019928	0.0264289	0.0040028	0.000909081	0.0623182	0.00842934	0.0151452	0.00370471	0.0120521	0.00742923	0.00138473	0.00151869	0.00045667
123	0.0795045	0.00235286	0.00379891	0.00594132	0.00208925	0.00478976	0.00588533	0.00539603	0.176059	0.0426598	0.0382394	0.00740804	0.00184184	0.0585112	0.0825828	0.105697	0.366074	0.00716561	0.000784017	0.00321982
124	0.0167345	0.000605625	0.107521	0.0381307	0.000882056	0.631422	0.0100045	0.00259611	0.0252264	0.00425543	0.00130512	0.113023	0.00203043	0.00949939	0.00462247	0.0213674	0.00551419	0.00323957	0.00149027	0.0005298
125	0.00414388	0.000642848	0.00322615	0.00124693	0.0110337	0.000855725	0.000626999	0.417583	0.00127785	0.00585064	0.00848428	0.00101737	0.000370506	0.00349769	0.000911561	0.00160678	0.00182207	0.535198	0.000191892	0.000412325
126	0.0445956	0.00130826	0.126943	0.0443641	0.0270756	0.00414357	0.0260703	0.00243709	0.117098	0.0300769	0.0127124	0.304922	0.0214599	0.0622155	0.0322544	0.0548583	0.04727	0.0143913	0.000533689	0.0252701
127	0.00470388	0.000399074	0.00391998	0.00106658	0.0110549	0.000777963	0.00058237	0.345076	0.00112213	0.00288744	0.00790037	0.000895594	0.000371584	0.0039309	0.000745311	0.00129535	0.0012697	0.611462	0.00018557	0.000353228
128	0.00511386	0.00230521	0.00180502	0.00174731	0.33294	0.00137054	0.0307303	0.0047303	0.00300631	0.0348236	0.00585989	0.00463399	0.000642259	0.00169814	0.00196688	0.00286935	0.00396499	0.0122035	0.0171899	0.530399
129	0.0689866	0.0116458	0.015005	0.0146401	0.00329738	0.00830224	0.00635639	0.0129629	0.0153532	0.0116746	0.0108822	0.0215213	0.00601085	0.00916168	0.0175312	0.120337	0.608793	0.0315643	0.00197723	0.00399709
130	0.00711385	0.00383478	0.00344497	0.0145945	0.00120425	0.00242553	0.753216	0.00241672	0.00507323	0.00811834	0.00155198	0.148297	0.000841613	0.0137317	0.00373749	0.0100884	0.00769557	0.00338394	0.000799231	0.00843045
131	0.0141258	0.0112018	0.00134409	0.00165535	0.000332162	0.920913	0.000668304	0.000811752	0.00184805	0.00299031	0.00135859	0.00116246	0.000984646	0.00187828	0.000918161	0.0295059	0.00296834	0.00466623	0.00017854	0.000487696
132	0.0690088	0.00336362	0.0936746	0.476324	0.00411454	0.0251603	0.0106241	0.0102185	0.0810446	0.0156892	0.00953973	0.0231556	0.00447681	0.0610189	0.022613	0.0389828	0.0258637	0.0164655	0.00221902	0.00644221
133	0.00955013	0.00118534	0.00344723	0.00361594	0.0138422	0.000656614	0.000577243	0.0783778	0.00446936	0.693581	0.148203	0.00112029	0.000338366	0.00646337	0.000604077	0.00182845	0.00637241	0.0218287	0.000158446	0.00377995
134	0.00457873	0.00321392	0.00109923	0.00129728	0.0436962	0.00142761	0.000583481	0.199766	0.00238215	0.570058	0.0493119	0.00154142	0.000328616	0.00183056	0.00059311	0.00291778	0.0038922	0.105977	0.000542986	0.00496176
135	0.203076	0.00449632	0.0209587	0.0207052	0.00254994	0.00921459	0.0176007	0.0660904	0.0251706	0.0222445	0.0160747	0.0104423	0.375464	0.0120715	0.0156788	0.0722187	0.0431074	0.05602	0.00157779	0.0052373
136	0.822582	0.0506253	0.00155156	0.00786562	0.00283758	0.0266899	0.00116305	0.0013561	0.00226523	0.00580798	0.00106191	0.00242047	0.0010713	0.00218567	0.00130388	0.0304052	0.0254903	0.0120879	0.000449601	0.000779301
137	0.00248079	0.00432661	0.000837895	0.00370126	0.000604259	0.000998331	0.882583	0.000823492	0.00164605	0.00867586	0.000668295	0.0500174	0.000389069	0.0157501	0.00223618	0.00901558	0.00565626	0.00134908	0.000525248	0.00771506
138	0.305966	0.00444075	0.00663028	0.00208217	0.000785726	0.49539	0.00623365	0.00119822	0.00259754	0.00232672	0.00143322	0.0172909	0.000646843	0.0071092	0.0153948	0.105021	0.0100869	0.0024375	0.000341659	0.0125858
139	0.013357	0.00322193	0.00455047	0.00721347	0.183814	0.00245197	0.0830055	0.00307883	0.00616755	0.0246023	0.0072707	0.00636724	0.00229828	0.00568334	0.00676069	0.0124502	0.00650991	0.0168752	0.0175518	0.58677
140	0.0214016	0.0010646	0.032646	0.0394817	0.000710935	0.00631442	0.00233227	0.00389	0.0164627	0.00423788	0.00262118	0.00532811	0.803365	0.0135514	0.00348803	0.0217569	0.00993853	0.00733367	0.000205706	0.00386901
141	0.127554	0.0125009	0.00255845	0.323581	0.0526461	0.120573	0.00250694	0.00264036	0.152726	0.0659311	0.00185697	0.0251805	0.0015987	0.0363589	0.0241104	0.0150123	0.0159985	0.014907	0.00057088	0.00118712
142	0.00430632	0.0107395	0.00182669	0.0022314	0.140384	0.00180587	0.00708286	0.00162444	0.00233877	0.802254	0.00862767	0.00210696	0.000907208	0.00214792	0.00158341	0.00315096	0.00315581	0.00245554	0.000316105	0.000954393
143	0.00440011	0.00115121	0.00186829	0.00191613	0.221405	0.0014759	0.0470983	0.00266357	0.00297131	0.0250496	0.00550748	0.00365792	0.000680639	0.00208836	0.0018162	0.00287393	0.0034234	0.0146958	0.0151134	0.640144
144	0.0696556	0.000915806	0.0331211	0.0738588	0.000949276	0.0110808	0.00222227	0.00183005	0.195062	0.00222627	0.00151247	0.0109047	0.345669	0.0117987	0.0108449	0.194614	0.0294574	0.00270326	0.000454166	0.00111981
145	0.00249204	0.00437137	0.000833804	0.00369776	0.000570396	0.000993393	0.882514	0.000814313	0.00158874	0.00862767	0.000665218	0.0501875	0.000414393	0.0158969	0.00213294	0.00909026	0.00562022	0.0013324	0.000527872	0.00762918
146	0.00430632	0.0107395	0.00182669	0.0022314	0.140384	0.00180587	0.00708286	0.00162444	0.00233877	0.802254	0.00862767	0.00210696	0.000907208	0.00214792	0.00158341	0.00315096	0.00315581	0.00245554	0.000316105	0.000954393
147	0.353545	0.0014841	0.00387361	0.0059188	0.0455938	0.00329118	0.0332865	0.172572	0.0876787	0.00430709	0.00306498	0.00458725	0.00179108	0.00419503	0.0190062	0.00572242	0.00683837	0.180941	0.000791016	0.061512
148	0.0830793	0.0063132	0.00549839	0.00472245	0.000417958	0.821909	0.00261588	0.00119348	0.00348122	0.00345594	0.00116455	0.00821929	0.00106519	0.00365512	0.00525909	0.0368974	0.00393037	0.00348095	0.000413091	0.00322837
149	0.00614025	0.00362339	0.00250766	0.0133723	0.00139132	0.00192367	0.754275	0.00221722	0.00383976	0.0076328	0.00178949	0.152707	0.000893327	0.0126947	0.00467459	0.00878331	0.00711748	0.00305393	0.0010556	0.010307
150	0.00484202	0.00263251	0.000864706	0.00112041	0.394267	0.00111101	0.022995	0.00369735	0.00314235	0.0463	0.00659	0.00265978	0.000421633	0.00112763	0.000841499	0.00176072	0.00461635	0.0109759	0.0218583	0.468176
151	0.0173802	0.00763868	0.0116154	0.00593378	0.000305859	0.898726	0.00159682	0.000928002	0.00493788	0.00342646	0.00136429	0.00753271	0.00119458	0.00314798	0.00127231	0.0244853	0.0038641	0.00358017	0.000448652	0.000620574
152	0.0112181	0.00179947	0.00456156	0.00590921	0.00249373	0.370141	0.0044155	0.0042863	0.00869933	0.00504835	0.00421576	0.072422	0.00217751	0.00549957	0.00543264	0.20963	0.271097	0.00743039	0.000985579	0.00253746
153	0.677933	0.0328328	0.00167279	0.00407092	0.0014691	0.0702373	0.000975058	0.00131065	0.00307207	0.00446109	0.000996423	0.00271796	0.00100304	0.00332484	0.000967948	0.173314	0.0123634	0.00585556	0.000370351	0.00105239
154	0.0498979	0.0121668	0.0217147	0.0282424	0.0179667	0.018299	0.0567416	0.0204047	0.0270568	0.0266247	0.0203099	0.0222258	0.0141859	0.0257341	0.0204322	0.0322077	0.0362796	0.03509	0.472558	0.0418619
155	0.0593436	0.00369422	0.0101648	0.0117868	0.00554091	0.00887322	0.086151	0.00818932	0.0130402	0.00988261	0.0442306	0.011211	0.119927	0.198886	0.00768329	0.014821	0.0148664	0.0502896	0.123324	0.198094
156	0.0451651	0.000982329	0.0988363	0.0517892	0.0278724	0.00185014	0.0275283	0.00193433	0.120356	0.0424259	0.00605769	0.292588	0.026046	0.0807037	0.0439025	0.0647465	0.0391203	0.00744011	0.000396053	0.0202598
157	0.00902292	0.00177927	0.00198295	0.0402692	0.00111461	0.0018251	0.0159989	0.00204312	0.00446922	0.0242302	0.0350439	0.00276295	0.00128343	0.837533	0.00242314	0.00874747	0.0044912	0.00287305	0.000552434	0.00155405
158	0.0269858	0.00115265	0.0220425	0.0189242	0.0104784	0.0215482	0.0889356	0.0184707	0.3096	0.0343989	0.00790675	0.0430289	0.00458114	0.087695	0.195656	0.0136143	0.051502	0.0354431	0.000512221	0.00752277
159	0.0190942	0.000920289	0.0112913	0.0872771	0.0118734	0.0122157	0.0203276	0.0283691	0.376826	0.00565756	0.00338172	0.00469213	0.0163176	0.0747431	0.163084	0.0375382	0.0699524	0.046448	0.000421206	0.00957007
160	0.0362546	0.00026482	0.380632	0.391634	0.000323238	0.0154246	0.00266754	0.00256436	0.0470486	0.000651692	0.000603064	0.0225669	0.000425281	0.0454449	0.0137481	0.0351303	0.00326287	0.000834539	0.000140568	0.000377757
161	0.00674748	0.00836705	0.00161727	0.00204243	0.277446	0.00212871	0.0048067	0.0302142	0.003337	0.540949	0.0339652	0.00259308	0.000762209	0.00237991	0.00144682	0.00318777	0.00459072	0.0153039	0.00381403	0.0543011
162	0.394614	0.00166275	0.102455	0.0966822	0.00175388	0.00359587	0.0177471	0.0199743	0.0660602	0.00394087	0.00322191	0.00554498	0.113173	0.0366795	0.00699224	0.0389526	0.022874	0.0612972	0.000525502	0.00225353
163	0.229488	0.00498813	0.0826316	0.0550104	0.00479058	0.0999058	0.0138979	0.000972251	0.108019	0.0197326	0.000940671	0.135232	0.00731808	0.0353598	0.0623272	0.0302618	0.085671	0.00983137	0.000241133	0.0133804
164	0.00580476	0.00288236	0.00105048	0.0015312	0.187775	0.00347466	0.000963934	0.163017	0.00292361	0.436669	0.0596697	0.00183285	0.00050163	0.00308893	0.00110392	0.00349989	0.00472347	0.0930815	0.0025968	0.0238082
165	0.0312119	0.00491203	0.0146683	0.0161103	0.00696254	0.112502	0.148602	0.0104282	0.0247077	0.0140457	0.0108226	0.0739915	0.240768	0.0130178	0.0630487	0.163285	0.0242526	0.0159974	0.00357053	0.00709516
166	0.0175511	0.00886813	0.00319899	0.00272674	0.00028731	0.918503	0.000961805	0.000709585	0.00241629	0.00310888	0.00128987	0.00282751	0.000942335	0.00212185	0.000982241	0.0261233	0.00258532	0.00396469	0.000261882	0.000568876
167	0.369989	0.0125323	0.00264796	0.013744	0.00117555	0.00236076	0.00220404	0.0139759	0.00382487	0.00242898	0.00225589	0.00298831	0.392593	0.00285951	0.0025435	0.00567101	0.00410731	0.160424	0.000461335	0.00121296
168	0.0043859	0.000603362	0.0029808	0.00127284	0.0124875	0.000901765	0.000763251	0.462492	0.0016369	0.00608475	0.00772515	0.0010731	0.000453264	0.00361797	0.00104802	0.00155058	0.00176844	0.488422	0.000252639	0.000479849
169	0.059849	0.0196084	0.0011265	0.00126143	0.0244878	0.00266939	0.000979269	0.120047	0.00165755	0.304114	0.0111589	0.00309076	0.00377208	0.00127083	0.000947091	0.00168562	0.00985785	0.423903	0.00732942	0.00118399
170	0.00690772	0.00140733	0.00214219	0.00290997	0.330076	0.0122015	0.00205242	0.125728	0.00342085	0.195067	0.125709	0.00261293	0.00105837	0.00667179	0.00246214	0.00386235	0.00409272	0.0889924	0.0102657	0.0723595
171	0.0483842	0.00671697	0.0379392	0.0365271	0.00710725	0.0302176	0.0185585	0.0135562	0.0474605	0.0146445	0.0108303	0.332032	0.0092118	0.0214858	0.0251633	0.0610151	0.24602	0.0210058	0.0026158	0.00950773
172	0.0400394	0.0044359	0.00837071	0.00607254	0.00143676	0.0117205	0.00268311	0.00504349	0.0163371	0.00313036	0.00887424	0.01632	0.00299082	0.00426422	0.0148725	0.347396	0.480522	0.022658	0.000935828	0.00189705
173	0.0276425	0.00168511	0.0456911	0.0120009	0.00299787	0.0168902	0.0213185	0.00432583	0.0164972	0.0055276	0.00326715	0.768805	0.00325164	0.00788282	0.00681497	0.0326001	0.0134157	0.0051749	0.000660956	0.00354981
174	0.00487753	0.954773	0.00223086	0.00280689	0.00105222	0.00227256	0.00207618	0.00168203	0.00341732	0.00233633	0.00200267	0.00258572	0.000933915	0.00287421	0.00217995	0.00387476	0.00342444	0.00280986	0.000513185	0.00127635
175	0.00169573	0.00280966	0.000548063	0.000782283	0.0148112	0.000902058	0.000516234	0.249317	0.00192944	0.576183	0.0305234	0.00116921	0.000294598	0.000936948	0.000579869	0.00346335	0.00237687	0.110691	0.000116083	0.00035432
176	0.00856031	0.00316345	0.00280382	0.00267506	0.00229878	0.0116959	0.00457947	0.215427	0.0263992	0.181649	0.140299	0.0030932	0.0149132	0.0205882	0.0041475	0.00925187	0.217542	0.124949	0.000420501	0.00554199
177	0.126594	0.000925992	0.124365	0.121246	0.00818836	0.00185927	0.00168578	0.0240282	0.0871599	0.00309119	0.00150793	0.0573614	0.190863	0.0253116	0.0922715	0.0453646	0.0489363	0.0235326	0.000412045	0.0152956
178	0.0329974	0.00205928	0.00356229	0.00679307	0.00172697	0.00519635	0.00537311	0.0771962	0.00743694	0.0875229	0.0623322	0.00491528	0.526935	0.0043518	0.00384233	0.00932455	0.0241183	0.129809	0.00105683	0.00344961
179	0.0398279	0.00967258	0.00589783	0.00643139	0.113037	0.00758072	0.00829213	0.163441	0.0160038	0.174898	0.0651763	0.00927968	0.00289423	0.0109213	0.0109864	0.0103335	0.044923	0.179002	0.00949655	0.111905
180	0.108095	0.000834208	0.0221891	0.0278364	0.0110531	0.0211418	0.0120094	0.0543302	0.337571	0.0228941	0.0197303	0.0053305	0.00265127	0.0413973	0.20779	0.0271287	0.0454328	0.0295667	0.000284575	0.00273357
181	0.018402	0.00080245	0.620306	0.0474732	0.00082101	0.0729553	0.0151317	0.00135849	0.0169689	0.00172862	0.00126295	0.109487	0.01404	0.0353143	0.0151931	0.0196359	0.0056085	0.00208009	0.000335835	0.00109386
182	0.0160108	0.00537403	0.0216619	0.0141835	0.0188239	0.00606469	0.0430822	0.00287581	0.11558	0.00927162	0.0064898	0.090621	0.00574452	0.0235647	0.53871	0.052708	0.0156981	0.00690828	0.000927629	0.00569969
183	0.00887474	0.00393187	0.00124979	0.00309656	0.000220383	0.000812873	0.000379865	0.443933	0.00136729	0.123208	0.0233406	0.0035188	0.000163061	0.00170041	0.00117179	0.00306553	0.0114673	0.368211	6.30433e-05	0.000224269
184	0.00716689	0.00569976	0.000703261	0.000857587	0.625508	0.000735044	0.00400989	0.00640646	0.00369335	0.0559236	0.00644114	0.00516591	0.000308138	0.000953828	0.000724748	0.00139197	0.00700561	0.00159419	0.0166227	0.249088
185	0.0194066	0.00502503	0.00340296	0.00481645	0.00170053	0.00441373	0.00373072	0.00445648	0.0217727	0.00382515	0.0203683	0.0291278	0.00114621	0.00450233	0.0195258	0.296465	0.503298	0.0505887	0.00077151	0.0016567
186	0.0850405	0.0610397	0.00343498	0.00958791	0.00136406	0.00944527	0.013727	0.118367	0.0267764	0.2087	0.107635	0.0293438	0.00198371	0.00431964	0.0762158	0.0346641	0.104207	0.0350017	0.0399193	0.0292269
187	0.0394864	0.00155937	0.150987	0.0309608	0.00135807	0.305639	0.0135444	0.00256312	0.0197337	0.00292595	0.00243239	0.285579	0.00130901	0.00679352	0.00584847	0.112963	0.0078328	0.00627455	0.000561065	0.00164823
