290	20
1	0.0152074	0.0109433	0.000363528	0.00390949	0.0145039	0.000740892	0.000811085	0.274316	0.000646346	0.0485688	0.0187934	0.00107189	0.0022377	0.00230132	0.000553451	0.00700513	0.00515543	0.591273	0.000111485	0.00148716
2	0.0966526	0.018059	0.00872029	0.0178979	0.10377	0.0117134	0.0254491	0.0303817	0.023009	0.187699	0.0407134	0.0167975	0.12477	0.0894917	0.0332829	0.0434835	0.0410432	0.0584472	0.0047986	0.0238201
3	0.0193697	0.873937	0.00158724	0.00223651	0.00778815	0.0075708	0.0133572	0.00299843	0.00321087	0.0104692	0.00333459	0.0031141	0.00714158	0.00380999	0.0027558	0.0118611	0.00531727	0.012671	0.000334971	0.00713425
4	0.0600204	0.728346	0.00251221	0.00436255	0.0108032	0.00696688	0.0333883	0.0081175	0.00514243	0.0145483	0.00594386	0.00562938	0.0203052	0.00759664	0.00372663	0.0306578	0.0100567	0.0217185	0.000613432	0.0195442
5	0.0109872	0.00361154	0.0403051	0.233659	0.00413081	0.00382015	0.0557065	0.128479	0.0250058	0.146068	0.0893037	0.0515547	0.0034149	0.0378464	0.0054155	0.0278282	0.063724	0.0653973	0.00070803	0.0030348
6	0.0197994	0.868333	0.00155513	0.00233688	0.00792033	0.00746572	0.0137563	0.0037377	0.00246449	0.0109841	0.0032454	0.00291505	0.00697524	0.00377491	0.00255729	0.0129755	0.00653906	0.0142958	0.000283147	0.00808556
7	0.179785	0.00774179	0.0440252	0.0299176	0.00393513	0.263448	0.0225198	0.00675023	0.0253081	0.0136117	0.00779274	0.0755912	0.0178494	0.0247741	0.0171056	0.196516	0.042532	0.0156474	0.000628321	0.0045202
8	0.12313	0.0117761	0.00153826	0.0020401	0.0027023	0.00292469	0.0029972	0.12519	0.00411523	0.0881465	0.0202069	0.0114319	0.00171269	0.00508396	0.00807009	0.0214166	0.150711	0.414269	0.000467979	0.00206976
9	0.0359479	0.00725196	0.00425475	0.00507339	0.0290685	0.00502564	0.00556015	0.263369	0.00982292	0.177758	0.186385	0.00961653	0.00873148	0.0113984	0.0269128	0.0154159	0.102998	0.0890369	0.00088913	0.00548343
10	0.0194483	0.873875	0.00155255	0.00242688	0.00757518	0.00724508	0.0137268	0.00331153	0.00273957	0.0104697	0.00323539	0.00339531	0.00703338	0.0037068	0.00242014	0.011784	0.00543462	0.0131996	0.000406864	0.00701287
11	0.239946	0.0108855	0.0243298	0.0128202	0.0252397	0.0412573	0.0220741	0.0288801	0.00785966	0.0570883	0.0283123	0.0368897	0.0980443	0.0313505	0.00646466	0.179655	0.0464787	0.0808279	0.00073443	0.0208617
12	0.0917677	0.00379273	0.0721656	0.0331299	0.00185869	0.119336	0.0122424	0.00996752	0.0419292	0.0114329	0.00482355	0.146304	0.0560554	0.0500158	0.0290957	0.217263	0.0885242	0.00882456	0.000298021	0.00117287
13	0.0283495	0.810366	0.00221775	0.00338665	0.00979842	0.00930367	0.0137172	0.00739414	0.0034422	0.027554	0.00750722	0.00472394	0.00791437	0.00581608	0.00335583	0.0180293	0.00812347	0.0208972	0.000480995	0.00762222
14	0.0128829	0.00169725	0.000360008	0.00321421	0.00883949	0.00185487	0.00210715	0.376635	0.000618503	0.359616	0.0110246	0.0020555	0.00306726	0.00244311	0.000759682	0.00228242	0.00544446	0.202793	0.00147805	0.000827035
15	0.0143124	0.00120947	0.00128711	0.0084447	0.000480636	0.00743454	0.0157426	0.00495309	0.453008	0.00560406	0.0112176	0.018212	0.0101738	0.0281271	0.380756	0.0162237	0.0152436	0.00712212	9.1701e-05	0.000355862
16	0.153019	0.0253971	0.00899454	0.00859419	0.00865187	0.0387335	0.0105034	0.0166583	0.0214146	0.0348564	0.0639705	0.0913833	0.00176878	0.0360225	0.021288	0.306295	0.115974	0.0345612	0.000352396	0.00156177
17	0.0174614	0.00145384	0.0104631	0.0861691	0.00134802	0.00175535	0.0763732	0.00216706	0.237772	0.00303296	0.00181017	0.0680524	0.00636432	0.244625	0.133425	0.0524816	0.0432851	0.0101969	0.000612736	0.00115055
18	0.0266284	0.00715514	0.00821931	0.00976371	0.0145791	0.00157479	0.0048121	0.2364	0.00592901	0.0322519	0.0317563	0.0141897	0.00545032	0.0136154	0.00906996	0.022044	0.147121	0.395719	0.000258677	0.0134615
19	0.0258068	0.00624736	0.447809	0.120913	0.00523341	0.0881305	0.0174855	0.00276737	0.0123278	0.00457407	0.00830601	0.141645	0.00669235	0.0300307	0.0117027	0.0480845	0.0124052	0.00519324	0.000344932	0.00430115
20	0.0136849	0.0082543	0.000480683	0.0042448	0.0128551	0.000904909	0.000961323	0.324292	0.000784139	0.0855187	0.0146526	0.00118925	0.00240172	0.00261062	0.000694115	0.00616803	0.00619536	0.512573	0.000269463	0.00126581
21	0.0323287	0.00108886	0.00094499	0.00144239	0.00621163	0.012553	0.00160947	0.00204712	0.00458963	0.00463411	0.00159073	0.02523	0.00625065	0.00295425	0.00973772	0.252428	0.620512	0.0101196	0.000305212	0.0034222
22	0.0581922	0.0103019	0.134106	0.364082	0.000748772	0.0350166	0.0227878	0.00386283	0.024364	0.031388	0.024742	0.0476821	0.0015347	0.0971502	0.0324111	0.0444948	0.0391438	0.0248609	0.000140884	0.00298917
23	0.0293348	0.00638701	0.378307	0.120666	0.0023917	0.129823	0.0170979	0.00527233	0.0177699	0.00521314	0.00686617	0.127922	0.0108863	0.0264178	0.00991604	0.0754122	0.0183982	0.00758147	0.000461347	0.0038758
24	0.0135977	0.00712901	0.000451244	0.00404116	0.0126541	0.00108396	0.0011445	0.350895	0.000816926	0.105897	0.0129404	0.00137306	0.00249667	0.00265544	0.000737108	0.00615089	0.00657398	0.467738	0.00042823	0.001196
25	0.0693022	0.00649531	0.0214094	0.0992931	0.00292139	0.00559233	0.00387548	0.00477561	0.0710927	0.0261855	0.00352213	0.0113829	0.367235	0.0872081	0.0401748	0.0933867	0.068729	0.0147353	0.000539287	0.00214316
26	0.0158474	0.00386841	0.0215263	0.022581	0.00169718	0.0136065	0.0202212	0.00937463	0.37189	0.0124604	0.0116761	0.0500065	0.00966572	0.0550071	0.279975	0.0274749	0.0537514	0.0153378	0.000394496	0.00363794
27	0.0400264	0.0177368	0.0896599	0.173875	0.00200379	0.0134574	0.0528331	0.00716989	0.0390435	0.0322065	0.0215832	0.0975187	0.00602669	0.161089	0.0814724	0.115811	0.025114	0.0175511	0.000428918	0.0053929
28	0.0152043	0.000895132	0.000398584	0.00377906	0.00610454	0.00218031	0.00225111	0.417313	0.000625625	0.296606	0.00634703	0.00196591	0.00354459	0.00275349	0.000705142	0.00269413	0.00548176	0.228811	0.00167455	0.000665889
29	0.00724028	0.0165967	0.0120474	0.00310932	0.129733	0.00249945	0.180328	0.0317588	0.00272945	0.121309	0.0318912	0.0608795	0.00395365	0.14477	0.00726961	0.0744318	0.039492	0.0533637	0.00438881	0.0722086
30	0.0129699	0.0229638	0.00669565	0.00603835	0.130027	0.0032639	0.151579	0.0360455	0.00740185	0.0655814	0.050517	0.0308983	0.00615925	0.137279	0.0383349	0.0394231	0.0307991	0.0327634	0.0251975	0.166063
31	0.0317005	0.762873	0.0027349	0.00342299	0.0320238	0.00781651	0.0149047	0.00777621	0.00513337	0.0225665	0.00958948	0.00589787	0.00797167	0.0074403	0.0041099	0.0253488	0.00916513	0.025913	0.000743451	0.0128678
32	0.0138317	0.00107184	0.00125928	0.00828497	0.000440073	0.00738619	0.0156369	0.00462816	0.45438	0.00544148	0.0110831	0.018324	0.0101857	0.0280325	0.381863	0.0161347	0.0145682	0.00703224	8.31863e-05	0.000332789
33	0.0919061	0.00421287	0.0870411	0.0532703	0.0882333	0.0692053	0.012405	0.0057088	0.00594858	0.0107713	0.0233036	0.345486	0.0146294	0.0701218	0.0494164	0.0390832	0.00957103	0.0126489	0.00110932	0.00592723
34	0.0191028	0.877782	0.00141256	0.00209703	0.00767456	0.00727078	0.0132745	0.00296009	0.0028006	0.0104506	0.00285606	0.00275174	0.00727056	0.00346026	0.00242064	0.0115249	0.00485101	0.0127374	0.000300994	0.0070004
35	0.0627387	0.0107513	0.128334	0.352714	0.000741203	0.0358741	0.0242441	0.00420898	0.0235213	0.0341801	0.0276044	0.0486948	0.0011627	0.0960347	0.0332328	0.0460177	0.040815	0.0256638	0.000148005	0.00331835
36	0.017446	0.0391794	0.00794265	0.00801158	0.0038969	0.025272	0.0194071	0.00659756	0.248539	0.0324757	0.0137065	0.014223	0.0241215	0.0586043	0.319751	0.0597998	0.0732419	0.022359	0.00146916	0.00395607
37	0.00321048	0.00178396	0.000929878	0.00207359	0.470816	0.00108895	0.0158061	0.00743378	0.00149624	0.0341982	0.00973171	0.00672874	0.00154522	0.0163019	0.0050614	0.00750931	0.0102614	0.0181183	0.0753641	0.310541
38	0.00734061	0.0163991	0.0118624	0.00317067	0.130176	0.002559	0.17869	0.0314323	0.00275243	0.123306	0.032224	0.0606255	0.00404619	0.145344	0.00744979	0.0744858	0.038905	0.0525739	0.00447796	0.0721785
39	0.0405158	0.0147909	0.0790196	0.0521565	0.00235402	0.0132924	0.0532054	0.0178221	0.0858205	0.0400521	0.0218691	0.0989007	0.0172739	0.131719	0.122659	0.0993116	0.0539984	0.034679	0.000528078	0.0200311
40	0.0160231	0.00389812	0.243556	0.48609	0.00154456	0.0292358	0.00991218	0.00261184	0.0107155	0.00819069	0.00694429	0.0417424	0.00862068	0.0390583	0.0091308	0.0298074	0.0329909	0.0175433	0.000276829	0.00210715
41	0.0889583	0.0227561	0.0220261	0.0270449	0.0167078	0.0436919	0.0200303	0.0196105	0.0312817	0.0325776	0.0194284	0.0835673	0.024863	0.0378426	0.0279564	0.299794	0.129	0.0404741	0.00217774	0.0102119
42	0.0146864	0.00095817	0.00123552	0.00802463	0.000474767	0.00749959	0.0142332	0.00430579	0.477174	0.00476119	0.0112893	0.0168802	0.00999235	0.0282858	0.363073	0.0158349	0.0135852	0.00728827	8.73152e-05	0.000330201
43	0.0497565	0.00607885	0.13055	0.32211	0.00603124	0.0243487	0.011452	0.0149355	0.0320329	0.0188641	0.00721892	0.0380371	0.130081	0.0495344	0.0191575	0.0567796	0.0474082	0.0305499	0.00147067	0.003603
44	0.0282241	0.0125995	0.00710924	0.0101219	0.107703	0.00866068	0.0138388	0.0666483	0.0159634	0.318781	0.148684	0.0120265	0.0527783	0.0313989	0.0477315	0.0223224	0.0257455	0.0458093	0.00352211	0.0203317
45	0.0116557	0.00274307	0.00830899	0.00574489	0.0447553	0.00443726	0.00121452	0.0543242	0.00767684	0.531154	0.236889	0.00160551	0.00244209	0.0147425	0.0112042	0.00823997	0.00689216	0.0246847	0.00430162	0.0169834
46	0.261597	0.0036113	0.00863847	0.00444523	0.00585704	0.0956849	0.00336168	0.0063639	0.00891856	0.0150701	0.00582267	0.0216892	0.0145421	0.0384575	0.00694021	0.252784	0.224632	0.0153497	0.000589775	0.00564519
47	0.00736308	0.00464754	0.000614015	0.00184927	0.0265663	0.000895733	0.00379503	0.252725	0.00169496	0.508758	0.0466005	0.00191809	0.00239853	0.002537	0.00260066	0.00158914	0.00952581	0.120552	0.000426903	0.00294308
48	0.0159222	0.0313321	0.00206935	0.0036438	0.0275108	0.00377568	0.00519939	0.161802	0.00387891	0.536819	0.0443484	0.0046308	0.00320788	0.007667	0.00401085	0.0103685	0.015524	0.112993	0.000827865	0.00446804
49	0.0057799	0.00619925	0.000482536	0.00148337	0.025772	0.000625395	0.00211504	0.188881	0.000656582	0.614973	0.0369015	0.00154839	0.00067833	0.00191287	0.00131389	0.00129083	0.00670816	0.100445	0.000355558	0.00187783
50	0.0150059	0.000964487	0.00131447	0.00728708	0.000501175	0.00764281	0.0123436	0.00367599	0.516459	0.00425272	0.0120801	0.0146861	0.00884887	0.0285432	0.332374	0.0146113	0.012075	0.00680153	0.000110372	0.000422593
51	0.0138317	0.00107184	0.00125928	0.00828497	0.000440073	0.00738619	0.0156369	0.00462816	0.45438	0.00544148	0.0110831	0.018324	0.0101857	0.0280325	0.381863	0.0161347	0.0145682	0.00703224	8.31863e-05	0.000332789
52	0.0137926	0.000718625	0.000421162	0.00394458	0.0066286	0.00192512	0.00226074	0.449605	0.000635803	0.253175	0.00423683	0.00181127	0.00320043	0.00264675	0.000687147	0.00332804	0.00469673	0.244383	0.00136095	0.000541898
53	0.0100731	0.00443681	0.000699264	0.00269139	0.0204469	0.00128211	0.00227442	0.284207	0.00166818	0.458468	0.0397384	0.00228125	0.00293816	0.00236417	0.0024321	0.0026452	0.00948478	0.14945	0.000783846	0.00163478
54	0.0105816	0.00521286	0.0056431	0.0120366	0.0107355	0.00150477	0.0019285	0.267462	0.00740947	0.0299613	0.0156662	0.00867905	0.00506998	0.0112305	0.00717138	0.0157112	0.117563	0.456362	0.000259874	0.00981057
55	0.0181772	0.00623912	0.5003	0.155229	0.00357667	0.0717513	0.0187092	0.00196652	0.00618283	0.00447144	0.00775374	0.109519	0.00379768	0.0314578	0.00590097	0.0365663	0.0100361	0.0042926	0.000250708	0.00382207
56	0.23783	0.0163227	0.0160085	0.0159716	0.0116545	0.0549752	0.00938066	0.0183025	0.0175895	0.0257243	0.0169885	0.0314409	0.0314855	0.0328524	0.0132497	0.215887	0.182442	0.0423364	0.00111026	0.00844697
57	0.112338	0.0242491	0.0185711	0.0289846	0.00561872	0.116206	0.0111636	0.00830654	0.0707988	0.0152258	0.0224451	0.0979758	0.00892325	0.0448443	0.030051	0.304917	0.0473179	0.0282409	0.000658933	0.00316336
58	0.00371281	0.00192167	0.000984686	0.00231259	0.470252	0.001236	0.0156334	0.00735614	0.00197398	0.0342635	0.00969799	0.00658178	0.00156831	0.0152309	0.00515473	0.00774941	0.0104499	0.0168884	0.0783706	0.308661
59	0.0135895	0.000973449	0.000435355	0.00410791	0.00731053	0.0018104	0.00230944	0.455711	0.000606913	0.236877	0.0043518	0.00171098	0.00317908	0.00266359	0.00070887	0.00377963	0.00456758	0.253499	0.00122441	0.000582648
60	0.00331647	0.00130947	0.000867351	0.0019024	0.486824	0.00100315	0.0146587	0.00703403	0.00157019	0.0352571	0.00915934	0.00635725	0.00117793	0.0132708	0.0045676	0.00720921	0.0096395	0.01584	0.0686365	0.310399
61	0.0411774	0.00348596	0.00418684	0.00459407	0.00772181	0.0169524	0.00474619	0.0103284	0.00963215	0.00992221	0.00485112	0.0316269	0.00742458	0.00892387	0.0153774	0.237657	0.552284	0.0220258	0.000801242	0.0062806
62	0.0225566	0.0051061	0.195808	0.484675	0.00323843	0.0260961	0.0123736	0.00518955	0.0141052	0.0148679	0.0104718	0.0415501	0.0110267	0.0469278	0.0129077	0.0336773	0.0358061	0.0204132	0.000810626	0.0023918
63	0.106421	0.00689652	0.0179088	0.0964311	0.00541478	0.0171609	0.00948241	0.0143836	0.0484986	0.0239897	0.00524777	0.0231024	0.376814	0.0787076	0.0248683	0.0713448	0.0471425	0.0212731	0.00108586	0.00382577
64	0.0527381	0.0211025	0.020229	0.0286519	0.0365117	0.0443939	0.181565	0.0278762	0.04159	0.0408079	0.0237009	0.0572861	0.0145508	0.0885247	0.0407245	0.125783	0.0595813	0.0409146	0.00301939	0.0504483
65	0.0768763	0.0127296	0.0114293	0.0142502	0.0122347	0.0311857	0.0116748	0.0145685	0.0187597	0.0210396	0.0152371	0.059292	0.018761	0.0228765	0.0177275	0.286011	0.315728	0.0294841	0.00104844	0.00908652
66	0.0150166	0.000995015	0.00132939	0.00735754	0.000573713	0.00760756	0.0122496	0.0036586	0.517065	0.00426856	0.0124669	0.014692	0.0087568	0.0284801	0.331035	0.0147686	0.0121685	0.00694326	0.000117534	0.000449999
67	0.0266243	0.00854411	0.0162278	0.0347349	0.00635855	0.0160049	0.0327778	0.0102154	0.263812	0.0191	0.0150685	0.039534	0.0181369	0.124654	0.260162	0.0466779	0.0345058	0.0184619	0.00117964	0.00721928
68	0.0113709	0.00243363	0.000346127	0.00282756	0.0107657	0.00159061	0.0019496	0.339324	0.000670769	0.412663	0.015889	0.00271718	0.00265649	0.00224949	0.000922086	0.00192812	0.00584743	0.181632	0.00129805	0.00091854
69	0.0148728	0.000936866	0.00126517	0.00739288	0.0004985	0.00764157	0.0124771	0.0037138	0.513409	0.00418444	0.0119109	0.0148882	0.00897779	0.028664	0.334803	0.0147601	0.0122135	0.00688044	0.000109177	0.000400713
70	0.0116462	0.00207165	0.000460727	0.00287826	0.0109018	0.001625	0.00215386	0.347655	0.00181203	0.373522	0.0337463	0.002431	0.0036699	0.00243111	0.002537	0.00216127	0.009805	0.186353	0.00111975	0.00101944
71	0.013899	0.00108648	0.00129716	0.00813417	0.000438204	0.00753807	0.0154013	0.00455983	0.458059	0.00542335	0.0111905	0.0186169	0.0100089	0.0280718	0.37842	0.0161838	0.0143461	0.00689477	9.18603e-05	0.000338977
72	0.00796635	0.00433302	0.000375018	0.00190961	0.0176555	0.000967782	0.00164363	0.253909	0.000813905	0.524794	0.0320147	0.00177381	0.00151717	0.00179455	0.00132539	0.00151037	0.00659616	0.137193	0.000743576	0.00116374
73	0.0204193	0.0156636	0.00913923	0.0100102	0.00643047	0.0133907	0.0131748	0.0231286	0.141959	0.0182234	0.0099124	0.0206047	0.0122514	0.0298084	0.197086	0.0700663	0.332288	0.0504526	0.00136455	0.00462599
74	0.0140666	0.0102528	0.000335057	0.00409583	0.0142534	0.000598366	0.000533011	0.274752	0.000610116	0.0450853	0.0182632	0.00086228	0.00217622	0.00231071	0.000536919	0.00646529	0.0039787	0.599384	9.66617e-05	0.00134347
75	0.0169567	0.00355839	0.00965232	0.0651597	0.00357276	0.00355645	0.0547527	0.00528084	0.0953068	0.00844953	0.00582803	0.038796	0.00534864	0.497861	0.106514	0.0362444	0.0268513	0.0114019	0.00193375	0.00297462
76	0.101199	0.00662226	0.0627422	0.0267538	0.00493994	0.15925	0.0147834	0.00596002	0.147195	0.0120965	0.0125283	0.0901974	0.00886592	0.0899651	0.094085	0.113036	0.0365273	0.00963162	0.000570851	0.00305038
77	0.0924662	0.0105789	0.0961699	0.273026	0.0095726	0.0340213	0.0201759	0.0146652	0.0312101	0.0300586	0.0242416	0.0479157	0.0290154	0.0712768	0.0297059	0.095012	0.0495263	0.0327963	0.00101604	0.00754968
78	0.0678413	0.0114014	0.0504015	0.0141163	0.00226687	0.212026	0.0218088	0.00317816	0.0928601	0.00479414	0.00862833	0.180598	0.00694296	0.0416997	0.0797798	0.166395	0.026199	0.00644807	0.000298457	0.00231595
79	0.140862	0.00768102	0.00337531	0.00421236	0.00510172	0.00354133	0.00491151	0.120763	0.00713411	0.0454744	0.0410107	0.0105018	0.00304898	0.00782194	0.00815733	0.019821	0.252061	0.308853	0.000698301	0.00497021
80	0.015881	0.055724	0.00149334	0.00215429	0.00900517	0.00847002	0.00267185	0.230942	0.00884961	0.0799755	0.0293507	0.00976199	0.00453203	0.00614525	0.00246198	0.043591	0.0765814	0.408983	0.00027323	0.00315239
81	0.00862996	0.00254754	0.000605836	0.00231447	0.0155106	0.000782338	0.00180821	0.308419	0.00545245	0.378381	0.103132	0.00349012	0.00526934	0.00187733	0.00777627	0.00177817	0.0182267	0.132354	0.000323547	0.0013202
82	0.0214922	0.00519341	0.167841	0.462025	0.00147049	0.0249444	0.0114202	0.00311697	0.0128569	0.0116618	0.00927586	0.0342331	0.00705647	0.12926	0.0156223	0.0295554	0.0323283	0.0178307	0.000498157	0.00231747
83	0.0371199	0.00778315	0.193303	0.308343	0.00260455	0.0314051	0.0210941	0.00476975	0.0339907	0.0192527	0.0153377	0.0609633	0.0108282	0.116627	0.0363107	0.0448459	0.0313058	0.019008	0.000683558	0.00442451
84	0.188246	0.00533842	0.0596714	0.00724477	0.00629207	0.00743221	0.0054508	0.0447126	0.0233815	0.0111967	0.00833812	0.0277568	0.00489244	0.0651277	0.0058796	0.205736	0.229374	0.0721576	0.000991925	0.0207785
85	0.100904	0.109526	0.00443035	0.00721752	0.158823	0.0104774	0.0507161	0.0380334	0.0320216	0.122587	0.0440306	0.0117799	0.0129538	0.0219958	0.0167019	0.0301479	0.0283902	0.139728	0.00150546	0.0580302
86	0.0119817	0.0031722	0.00742077	0.0181557	0.0082747	0.0013431	0.0019825	0.252617	0.00568592	0.038412	0.0128523	0.0108307	0.00853685	0.0158279	0.00645156	0.0121539	0.111548	0.463343	0.000310672	0.00909936
87	0.0252026	0.0160143	0.000460704	0.00335426	0.0125578	0.00147351	0.00121674	0.243206	0.00178615	0.0586948	0.0193431	0.00254889	0.002381	0.00288447	0.00111155	0.0114545	0.0202606	0.573954	0.000171839	0.00192322
88	0.0110115	0.00265727	0.227786	0.536841	0.00115105	0.0240723	0.00833828	0.00190293	0.00809162	0.00503319	0.00542251	0.0365952	0.00841664	0.0311216	0.00537099	0.0261359	0.0382426	0.0201785	0.000299757	0.00133063
89	0.00202621	0.000766213	0.000656617	0.000943914	0.55279	0.000732125	0.0115125	0.00395117	0.00101316	0.0363211	0.00660228	0.00382325	0.00075086	0.00871549	0.00260182	0.00467056	0.00775017	0.0119011	0.0302356	0.312235
90	0.0168668	0.00177781	0.00645344	0.0133368	0.00941115	0.00118311	0.00256477	0.250908	0.00626308	0.0291014	0.0178049	0.00919286	0.00467079	0.01092	0.0108483	0.0128783	0.144841	0.437418	0.000205256	0.0133543
91	0.0113221	0.00523702	0.0039894	0.0253184	0.00964989	0.00150345	0.00166241	0.262804	0.00341962	0.033393	0.0118358	0.00617846	0.00553876	0.0204451	0.00347915	0.00831296	0.0454119	0.535542	0.000397072	0.00455899
92	0.016986	0.00782109	0.00527453	0.00765075	0.244413	0.0073772	0.0134306	0.0229197	0.00756257	0.267891	0.186819	0.00979317	0.00927866	0.110072	0.0128632	0.0184408	0.0161499	0.0176768	0.00289323	0.0146882
93	0.0207662	0.869442	0.0017487	0.00239421	0.00773366	0.00899893	0.0135978	0.00303913	0.00248217	0.0107656	0.00287244	0.00352622	0.00730253	0.00361654	0.0025088	0.0129204	0.0054841	0.0134903	0.000311237	0.00699863
94	0.0827451	0.00206767	0.171798	0.202079	0.00229557	0.0444551	0.00283338	0.0324465	0.0210614	0.0264149	0.00703719	0.0716335	0.0871416	0.0273017	0.0103456	0.090988	0.0712909	0.0440114	0.000506504	0.00154774
95	0.172398	0.00563132	0.113733	0.154439	0.00272271	0.0315202	0.00438605	0.0230456	0.0480559	0.0318832	0.0310975	0.0582761	0.0511065	0.016036	0.00735172	0.101351	0.0833155	0.0603141	0.000772043	0.00256462
96	0.0219785	0.865928	0.00157918	0.00233766	0.00861292	0.00767298	0.0132237	0.00383913	0.0025667	0.0107743	0.00339608	0.00345051	0.00764994	0.00366352	0.00242166	0.0130764	0.00605352	0.0144213	0.000332517	0.00702192
97	0.180929	0.0577945	0.00821413	0.0118097	0.00663866	0.00913297	0.104217	0.0108388	0.0935501	0.0142203	0.00999786	0.0416142	0.00736636	0.169039	0.0461013	0.0740097	0.126551	0.0176202	0.00190358	0.00845104
98	0.0139816	0.00107429	0.00127021	0.00824576	0.000438466	0.00746171	0.0154325	0.00456049	0.458291	0.00534552	0.0111578	0.0181388	0.0100379	0.0281367	0.378371	0.0161564	0.0144273	0.00702962	8.52647e-05	0.000356688
99	0.187754	0.00786484	0.00718151	0.0918717	0.0671184	0.00656086	0.00883316	0.058356	0.00862061	0.0378224	0.0101547	0.0116491	0.00869748	0.0636224	0.0325697	0.201725	0.0744627	0.108149	0.00151476	0.00547181
100	0.119519	0.00951624	0.00240559	0.0632054	0.25868	0.00357949	0.0194565	0.0435605	0.0350427	0.0126979	0.0258462	0.0059619	0.00352713	0.037518	0.0224072	0.0625008	0.0327711	0.0221637	0.000775344	0.218865
101	0.100911	0.00382302	0.00412307	0.0056904	0.0089131	0.0397162	0.00495265	0.010333	0.0126336	0.0117752	0.00669851	0.0238064	0.00607223	0.0137977	0.0358772	0.194531	0.47451	0.0346497	0.000806781	0.00637899
102	0.0814047	0.00558085	0.065536	0.062201	0.00291911	0.0495258	0.0399405	0.0108045	0.0859121	0.0172245	0.0122698	0.113822	0.0780119	0.142715	0.0506398	0.0882401	0.0590136	0.0263124	0.000588204	0.00733817
103	0.0901962	0.0133407	0.0015907	0.0358519	0.18261	0.00202574	0.0298508	0.0515651	0.0303916	0.0116543	0.027892	0.00560449	0.00220439	0.0421594	0.0222846	0.0895109	0.0667199	0.0359895	0.000725773	0.257832
104	0.0403862	0.0176296	0.0120533	0.0268368	0.201755	0.01263	0.0306458	0.0279681	0.016532	0.0500934	0.0227556	0.0217322	0.0198498	0.0438741	0.0241692	0.0403609	0.0599468	0.0480983	0.135753	0.14693
105	0.0227986	0.00548135	0.0507151	0.0473211	0.0046335	0.0393902	0.0129182	0.0277175	0.253618	0.0351146	0.0170293	0.125978	0.00921438	0.063851	0.104863	0.0288204	0.102043	0.038803	0.00100748	0.00868211
106	0.212053	0.157207	0.00388519	0.00653889	0.0328882	0.011837	0.00593531	0.0107831	0.00734003	0.0374662	0.0349761	0.0222149	0.0178632	0.0172323	0.00682845	0.285703	0.0292656	0.0944322	0.00120605	0.00434364
107	0.134078	0.163918	0.00205206	0.00319321	0.0229141	0.017956	0.00359442	0.0162078	0.00362864	0.0832398	0.0423714	0.0392213	0.00668775	0.0326758	0.00371664	0.173985	0.0335608	0.213895	0.000606538	0.0024977
108	0.0140054	0.0407922	0.000738707	0.00333185	0.0119043	0.0030753	0.00114758	0.262527	0.00389605	0.0496217	0.0211354	0.00257347	0.00423095	0.00337414	0.00102097	0.0235741	0.0253218	0.525846	0.000121899	0.00176144
109	0.0444146	0.0108995	0.0323035	0.0635021	0.0161575	0.0212372	0.0381227	0.0138407	0.0590838	0.0279149	0.0189047	0.0474093	0.0155956	0.392945	0.0678837	0.0530174	0.0373364	0.0254962	0.00275193	0.0111838
110	0.0135786	0.0100915	0.000369912	0.00353423	0.0130986	0.00091724	0.000856003	0.275518	0.000936624	0.144357	0.0178549	0.00126933	0.00217066	0.00238934	0.000709413	0.00591996	0.00601156	0.498761	0.000378837	0.00127703
111	0.0152985	0.00374268	0.00296188	0.0105674	0.000930806	0.010044	0.0170156	0.00518503	0.428149	0.00857648	0.0114083	0.0195664	0.011909	0.032487	0.370421	0.0212965	0.019646	0.00913414	0.000119566	0.00154134
112	0.039071	0.013685	0.022603	0.0624825	0.019805	0.0132918	0.0407904	0.0150184	0.0592549	0.0263141	0.0161832	0.0366523	0.0170461	0.422163	0.0702308	0.0440607	0.0361292	0.0272187	0.00309974	0.0148998
113	0.0135039	0.00146535	0.00122407	0.00810133	0.000431575	0.0074988	0.0160047	0.00453554	0.449913	0.00609267	0.0109826	0.0179672	0.010343	0.0283427	0.384699	0.0167141	0.0147619	0.00699773	9.2404e-05	0.000328354
114	0.0833729	0.0022689	0.143814	0.161683	0.0019484	0.0567516	0.00344876	0.0351997	0.0235918	0.0311704	0.00612738	0.0786177	0.0864011	0.0348031	0.0128581	0.11192	0.0796859	0.0444085	0.000491626	0.00143668
115	0.0423783	0.0142886	0.0263848	0.0178522	0.107661	0.0285727	0.175202	0.0259965	0.0163491	0.0549702	0.0249582	0.161701	0.0118252	0.0761761	0.0235898	0.0605072	0.0382341	0.0379759	0.00361713	0.0517597
116	0.0140995	0.00147332	0.00156732	0.00837803	0.000556957	0.00783922	0.0147392	0.00429822	0.473081	0.00546413	0.0112462	0.0175926	0.00962803	0.0292587	0.360549	0.0162283	0.0159619	0.00750919	0.000135936	0.000392914
117	0.014003	0.00113811	0.00129133	0.00802341	0.000461569	0.00754452	0.0150073	0.00436671	0.465241	0.00534457	0.0111933	0.017432	0.00987922	0.0286782	0.37276	0.0161825	0.0140049	0.0069955	8.56938e-05	0.000366992
118	0.0410778	0.00286937	0.00251476	0.0023077	0.00695469	0.0179274	0.00327404	0.00364957	0.00649334	0.00776967	0.00413311	0.0309532	0.00711006	0.00649225	0.0117074	0.26332	0.562749	0.0133919	0.000330356	0.00497445
119	0.00937096	0.00314152	0.00501196	0.00424745	0.194176	0.00292604	0.00233578	0.0684204	0.00514117	0.445955	0.168551	0.0026656	0.00364718	0.0134401	0.0080079	0.00689898	0.00754204	0.0358218	0.00234029	0.0103584
120	0.00233399	0.0015956	0.000711019	0.00107337	0.54693	0.000775269	0.0123926	0.00472729	0.00135485	0.0467481	0.00875954	0.00392502	0.000889391	0.00875495	0.00281406	0.00486838	0.00778262	0.0123623	0.0295304	0.301672
121	0.00259823	0.00136181	0.000760419	0.0015657	0.490319	0.000867936	0.0155035	0.00668805	0.00133641	0.0358563	0.0088746	0.00599556	0.00117743	0.0129565	0.00463177	0.00673063	0.00977228	0.0151727	0.0598433	0.317988
122	0.0186459	0.0101316	0.0033088	0.00617134	0.0257592	0.00368102	0.0127157	0.222377	0.00567074	0.383301	0.0477099	0.00903927	0.00627151	0.0222806	0.0066646	0.0146066	0.0258752	0.162493	0.00188499	0.0114113
123	0.0264194	0.00548189	0.189214	0.461116	0.0033535	0.0273509	0.0139176	0.0070897	0.0163236	0.0179186	0.0127344	0.03975	0.0110994	0.0508521	0.0159939	0.0361506	0.0377201	0.0228932	0.000696457	0.00392445
124	0.0390325	0.0107655	0.0283492	0.0660139	0.01999	0.0146323	0.0443596	0.0140855	0.0624639	0.0257736	0.0204721	0.0373627	0.0154661	0.406342	0.0703795	0.0480516	0.0350528	0.0260759	0.00228636	0.0130443
125	0.00937873	0.00327619	0.00146787	0.00481262	0.0186622	0.000972212	0.00215154	0.278996	0.00555999	0.389454	0.103028	0.0038401	0.00550551	0.00353059	0.0105987	0.00256685	0.0226415	0.130478	0.000523616	0.00255547
126	0.0104443	0.00124337	0.00089474	0.00273322	0.0135426	0.000853057	0.00187297	0.363117	0.00785667	0.263794	0.132675	0.00450347	0.00808654	0.00229545	0.0112814	0.00224101	0.0248793	0.145962	0.000288363	0.0014363
127	0.00738847	0.00473544	0.000539773	0.00183345	0.0211626	0.000758965	0.00194107	0.247564	0.00232785	0.514244	0.0554163	0.00235344	0.0027604	0.00200531	0.00334433	0.0016845	0.0104906	0.117436	0.000452213	0.00156183
128	0.0151592	0.00110701	0.00169144	0.00763592	0.000500969	0.0076762	0.0125808	0.00380297	0.510514	0.00453644	0.0123341	0.0151369	0.0091452	0.0294847	0.333429	0.0149975	0.0125027	0.00719392	0.000113783	0.000457708
129	0.0652755	0.00642538	0.00437005	0.00621366	0.02318	0.00470585	0.264948	0.0201833	0.0409412	0.0228393	0.0202318	0.0480753	0.00470431	0.0955287	0.0466353	0.0558488	0.0420085	0.0238869	0.00235888	0.201639
130	0.0768998	0.00827606	0.0531619	0.014844	0.00315474	0.193769	0.0177233	0.00342421	0.129606	0.00647468	0.00960185	0.158092	0.00416742	0.0583561	0.101088	0.132391	0.0213381	0.0056353	0.000383457	0.00161417
131	0.277188	0.0255701	0.00524489	0.00699198	0.0114201	0.00597554	0.00842167	0.084649	0.0120331	0.0772451	0.177741	0.0127423	0.00999993	0.0432954	0.011627	0.048556	0.0301033	0.144768	0.000961159	0.00546586
132	0.0581067	0.017794	0.138491	0.219737	0.00256393	0.0293999	0.0893238	0.00543949	0.0289739	0.023592	0.0192996	0.0828102	0.00478385	0.122867	0.0391293	0.058288	0.0361271	0.0183387	0.000617973	0.00431645
133	0.294424	0.183922	0.00329053	0.00523092	0.0416456	0.00588396	0.00692517	0.0207756	0.00640848	0.0276561	0.0408023	0.0117631	0.0193445	0.0143465	0.00703638	0.0956419	0.0844014	0.124682	0.00133114	0.00448753
134	0.0247576	0.0392185	0.00189927	0.00261395	0.00483218	0.0053575	0.00282324	0.202185	0.016311	0.127355	0.0225158	0.0138829	0.00333107	0.00851533	0.00349125	0.0467552	0.114731	0.356473	0.000339059	0.00261108
135	0.070507	0.00882662	0.0480478	0.0170786	0.00270561	0.185231	0.016395	0.00336829	0.104854	0.00565219	0.0113092	0.177499	0.00748357	0.0448279	0.0903561	0.17028	0.0277108	0.0060672	0.000378639	0.00142156
136	0.0140082	0.0100928	0.000421125	0.00433901	0.0140497	0.000616941	0.000530417	0.274401	0.000665061	0.0448899	0.0181425	0.00105432	0.00224495	0.00252662	0.000716802	0.00645495	0.00586281	0.597491	9.69939e-05	0.00139538
137	0.0288448	0.00285712	0.0284858	0.119142	0.00147346	0.00448976	0.0581605	0.00296659	0.207718	0.00683608	0.0066232	0.0661487	0.00698025	0.230236	0.119739	0.0566038	0.0349126	0.0152067	0.000448454	0.00212797
138	0.00984488	0.00561988	0.527632	0.174664	0.00122499	0.0709226	0.0160489	0.00166674	0.00505597	0.0024714	0.00656862	0.0946751	0.00336081	0.0240615	0.00252119	0.0364599	0.00983983	0.00362452	0.000214013	0.00352354
139	0.082846	0.0109793	0.0822018	0.0511592	0.00665553	0.27143	0.0324036	0.00980429	0.0308164	0.0168124	0.0119334	0.106077	0.0130273	0.0341764	0.0263195	0.13917	0.0439854	0.0209347	0.00136615	0.00790143
140	0.0103667	0.00116729	0.000817593	0.00269648	0.013396	0.000862693	0.00184102	0.362687	0.00774808	0.267742	0.131177	0.00449667	0.00789282	0.00217559	0.0111223	0.00225073	0.0246334	0.145257	0.00029887	0.00137104
141	0.052935	0.00532222	0.24244	0.0624337	0.0259227	0.0732459	0.0150046	0.00517689	0.00965152	0.00855993	0.0122637	0.303509	0.0132541	0.0441092	0.0231035	0.0654283	0.0198324	0.0110058	0.000918277	0.00588282
142	0.0276885	0.0154898	0.00320527	0.0075305	0.121839	0.00436582	0.0129255	0.190124	0.00753416	0.205109	0.081175	0.0087394	0.0069945	0.0167541	0.0109835	0.0168616	0.027806	0.210563	0.00236298	0.0219486
143	0.00202556	0.000770605	0.000654318	0.000933536	0.552597	0.000724769	0.0115374	0.00394832	0.00100575	0.0363658	0.00662339	0.00380984	0.000746814	0.00870928	0.00260959	0.00465238	0.00775325	0.0118333	0.0300426	0.312656
144	0.00202948	0.000764753	0.000655162	0.000925849	0.55283	0.000724919	0.0114632	0.00396735	0.000996138	0.03629	0.0066043	0.00384442	0.000746273	0.00873498	0.0026104	0.00467593	0.00776319	0.011906	0.0303274	0.31214
145	0.366522	0.00242268	0.0140661	0.0049625	0.00330342	0.122602	0.00344523	0.00670885	0.017578	0.0262735	0.00395362	0.0222494	0.0585857	0.0296232	0.00274575	0.229618	0.0581261	0.0240662	0.000438306	0.00270945
146	0.0599225	0.012611	0.104636	0.203311	0.00176559	0.0250995	0.104539	0.00571137	0.0419882	0.0227025	0.0186874	0.0827416	0.00779949	0.142827	0.042435	0.0553252	0.0428088	0.0198471	0.000384556	0.00485596
147	0.236473	0.00758781	0.0251571	0.0125334	0.00417773	0.247226	0.0214375	0.00625238	0.0160904	0.0154956	0.00520339	0.0657246	0.0267555	0.021149	0.00962019	0.210555	0.0453083	0.0174438	0.000661016	0.00514852
148	0.114027	0.00565794	0.0283486	0.0343562	0.00554261	0.00564237	0.00649954	0.0352099	0.0895542	0.208743	0.0729989	0.081829	0.00578033	0.0557812	0.0409887	0.0449073	0.0575011	0.101337	0.000942084	0.00435306
149	0.0141679	0.00110297	0.00167012	0.00865861	0.000436554	0.00741955	0.0156734	0.00468388	0.452586	0.00549793	0.011478	0.0188533	0.010107	0.028169	0.381134	0.0162349	0.0145797	0.007115	8.25358e-05	0.000349167
150	0.0112971	0.00381949	0.00457797	0.00473413	0.289676	0.00464999	0.0037135	0.0356131	0.00607885	0.353074	0.187621	0.00460202	0.00614821	0.0242559	0.00957689	0.0101778	0.00869747	0.0212844	0.00173098	0.00867131
151	0.01673	0.0583213	0.00178604	0.00231708	0.00451015	0.00694062	0.00251509	0.207597	0.0176139	0.147878	0.0215171	0.0107247	0.00426702	0.0118257	0.00331119	0.0543029	0.0939101	0.331736	0.000764537	0.00143207
152	0.00943621	0.00355715	0.458967	0.300059	0.000983475	0.0483311	0.0114141	0.00149225	0.00424521	0.00221248	0.00426338	0.0620545	0.00698216	0.0242982	0.00319492	0.0328857	0.0154681	0.00701934	0.000214589	0.00292103
153	0.00345376	0.00105153	0.000723552	0.00205482	0.53656	0.000806903	0.0138242	0.00553987	0.00158055	0.0359416	0.00741563	0.00436302	0.0010266	0.00999152	0.00345331	0.00608674	0.00872584	0.0126825	0.0314741	0.313244
154	0.00631514	0.00546245	0.000445273	0.00149215	0.0223638	0.000642612	0.0018665	0.209255	0.00121487	0.57875	0.0445091	0.00176952	0.00135287	0.00189311	0.00195197	0.00127397	0.0077576	0.10963	0.0004153	0.00163891
155	0.102237	0.0187556	0.0104343	0.031414	0.00537227	0.0928408	0.0162476	0.00840312	0.0317258	0.0247681	0.0554643	0.112335	0.00481126	0.0945885	0.042622	0.230434	0.0924924	0.0228925	0.000428357	0.00173273
156	0.0555839	0.0379919	0.00567739	0.00593372	0.0190314	0.00571332	0.0358616	0.159918	0.00951948	0.0541335	0.103024	0.0269286	0.00852174	0.0191396	0.0123209	0.0464055	0.104605	0.25963	0.000745685	0.0293145
157	0.122464	0.014514	0.00132011	0.00158434	0.00339395	0.00323581	0.0031886	0.123285	0.0038917	0.0904105	0.0221172	0.010358	0.00160338	0.0051678	0.00696457	0.0231678	0.134672	0.426207	0.000430885	0.00202403
158	0.217463	0.103414	0.00621109	0.0219587	0.0211695	0.00899748	0.0141506	0.0511606	0.0157081	0.0743437	0.0170689	0.0138615	0.167627	0.0275794	0.0163699	0.0612671	0.0415394	0.109292	0.00264708	0.00817137
159	0.00458683	0.11177	0.00123421	0.00179054	0.00492395	0.0109096	0.0020583	0.249651	0.0121134	0.0704168	0.0282967	0.0066237	0.00729566	0.00574866	0.00213434	0.0711449	0.0800808	0.327429	0.000355189	0.00143576
160	0.0138317	0.00107184	0.00125928	0.00828497	0.000440073	0.00738619	0.0156369	0.00462816	0.45438	0.00544148	0.0110831	0.018324	0.0101857	0.0280325	0.381863	0.0161347	0.0145682	0.00703224	8.31863e-05	0.000332789
161	0.0532802	0.0299767	0.00126779	0.0027359	0.0323754	0.00145297	0.0518523	0.04353	0.00830629	0.0579757	0.0220536	0.0123805	0.00191142	0.0363531	0.0331828	0.158298	0.190772	0.116198	0.000328443	0.145769
162	0.0293668	0.00459193	0.0467238	0.150207	0.00124985	0.00891116	0.0567397	0.00298742	0.195954	0.0101356	0.00864321	0.0666846	0.00661981	0.206865	0.0926258	0.0537775	0.0371872	0.0181715	0.000336329	0.00222099
163	0.0167026	0.00132904	0.0103716	0.0883559	0.00136938	0.00171068	0.0764422	0.00209701	0.250814	0.00269118	0.00158257	0.0665515	0.00647622	0.239315	0.129295	0.051341	0.0415412	0.0105394	0.000540831	0.000934234
164	0.0263538	0.0126912	0.00103092	0.0038447	0.01277	0.00168559	0.00179675	0.239444	0.00267109	0.221462	0.0237538	0.00348474	0.00295241	0.00400979	0.00231043	0.010841	0.0278653	0.398721	0.00050968	0.00180224
165	0.0219778	0.00838346	0.00273485	0.00615956	0.0121331	0.00115319	0.00198968	0.244417	0.00209566	0.0426162	0.0226547	0.00500395	0.00306747	0.00537457	0.00357929	0.0102233	0.0593171	0.538338	0.000136028	0.008645
166	0.124614	0.00527203	0.0293782	0.0190023	0.00617472	0.111583	0.00861744	0.010362	0.0196689	0.016251	0.00650799	0.0694173	0.0586553	0.029567	0.0145706	0.25302	0.194217	0.0173225	0.00103195	0.00476718
167	0.0991662	0.00649225	0.00551906	0.0592192	0.0327895	0.00590269	0.165505	0.0112634	0.00739494	0.0372116	0.0417555	0.0107107	0.00592991	0.246239	0.00895076	0.095145	0.114256	0.039769	0.00173683	0.0050437
168	0.0175899	0.00590495	0.467479	0.186102	0.00223998	0.0665526	0.0164339	0.00402058	0.0120577	0.00562158	0.00796805	0.0887293	0.00684013	0.0303054	0.0117747	0.041041	0.0166155	0.00783128	0.000865868	0.00402639
169	0.064969	0.0332089	0.0612141	0.0336687	0.0338774	0.00395178	0.0193766	0.162474	0.00661816	0.0256594	0.00728921	0.034727	0.0404333	0.0256821	0.0066299	0.0741339	0.200344	0.161151	0.00104771	0.00354356
170	0.0137371	0.00132847	0.0116637	0.0677566	0.00144425	0.00188	0.0801259	0.00242397	0.272612	0.00288578	0.00178535	0.080764	0.0083216	0.225267	0.120061	0.0611243	0.0360074	0.009274	0.00053515	0.00100145
171	0.0178272	0.00343047	0.0152555	0.00392181	0.0108346	0.0130861	0.00379241	0.00494513	0.0273766	0.00647116	0.0039454	0.313205	0.0146575	0.0218392	0.0117086	0.41596	0.100156	0.00860536	0.000786128	0.00219549
172	0.0646404	0.00730865	0.0252269	0.0109607	0.0273638	0.0820143	0.0109542	0.00646361	0.0221365	0.0109019	0.0116307	0.320963	0.0150893	0.0281553	0.0173896	0.265465	0.0555107	0.0126867	0.00097393	0.00416484
173	0.0602476	0.00418154	0.00648737	0.00703297	0.00357556	0.00234125	0.0177583	0.166284	0.0569962	0.0575069	0.00574956	0.0435721	0.00280869	0.00907638	0.0163961	0.0596913	0.285396	0.191918	0.000667272	0.00231288
174	0.112754	0.0111907	0.00205464	0.034805	0.209804	0.00262714	0.0280486	0.048129	0.0364995	0.00934967	0.0246088	0.00503239	0.00283941	0.03193	0.0243448	0.0970861	0.0478104	0.0308174	0.000760257	0.239509
175	0.0365982	0.00778855	0.0830269	0.0484731	0.00235063	0.0166103	0.0338468	0.0161131	0.0982894	0.0347892	0.0269057	0.12601	0.0186157	0.125774	0.119484	0.074166	0.0671619	0.0371345	0.000498197	0.026363
176	0.08526	0.019937	0.00195039	0.0338757	0.189113	0.00338237	0.030142	0.0516801	0.0271292	0.018728	0.0337611	0.00756627	0.00332593	0.0473239	0.0239966	0.0832951	0.0560813	0.0314335	0.00181848	0.2502
177	0.0173279	0.00256906	0.00882355	0.0556189	0.00151636	0.00346248	0.077099	0.00351864	0.292817	0.00488829	0.00523709	0.0569673	0.00766371	0.182414	0.182398	0.045588	0.0354337	0.0100444	0.00103426	0.00557823
178	0.0178059	0.0093245	0.0056547	0.00404165	0.123653	0.00315296	0.201115	0.0302738	0.00886319	0.0514757	0.01669	0.0407461	0.00404403	0.0757036	0.0137086	0.0474794	0.0333116	0.0364398	0.00679456	0.269722
179	0.0329908	0.00119062	0.000963019	0.00148252	0.00621919	0.0130035	0.00164319	0.00219103	0.00490523	0.00492149	0.00166794	0.0307019	0.00602415	0.00306956	0.00974797	0.263195	0.601043	0.0109549	0.000293694	0.00379115
180	0.00246799	0.00112029	0.000715334	0.00151458	0.504379	0.000796145	0.0136962	0.00671852	0.00122663	0.0353899	0.00875807	0.00617276	0.000966807	0.0112663	0.00378052	0.00686362	0.00915256	0.014931	0.0573477	0.312736
181	0.208768	0.191805	0.00301624	0.00477536	0.0474743	0.0068948	0.00608636	0.0117353	0.00493583	0.0424633	0.0401859	0.014892	0.0243003	0.0139908	0.00524889	0.245813	0.0258036	0.0962906	0.0011586	0.00436306
182	0.0309314	0.0148641	0.000490004	0.00313144	0.0119665	0.00137984	0.00142329	0.235057	0.00163731	0.0608396	0.0194245	0.00293114	0.00224693	0.00285161	0.00133868	0.0114188	0.0223785	0.573547	0.000208808	0.00193384
183	0.00688859	0.00262619	0.2474	0.53215	0.00131744	0.0261247	0.00683079	0.0016903	0.00883904	0.00305361	0.00267444	0.037293	0.00866686	0.03072	0.00539685	0.0278265	0.0323649	0.0165241	0.000293167	0.00131968
184	0.0136075	0.000642302	0.000438729	0.0038814	0.00677271	0.00191166	0.0023004	0.451212	0.0006982	0.25429	0.00573741	0.0018489	0.00332612	0.00262922	0.000890403	0.00324098	0.00495527	0.239738	0.00132113	0.000557956
185	0.33011	0.101765	0.00238769	0.0162582	0.00544811	0.00294867	0.00841905	0.0967322	0.00399693	0.0390439	0.00783531	0.00540914	0.108695	0.00672903	0.00406967	0.0346483	0.0351594	0.186734	0.000792758	0.00281719
186	0.0230726	0.017545	0.0110017	0.0201842	0.00511431	0.0110338	0.0181591	0.00976585	0.192749	0.031505	0.010564	0.0197177	0.186105	0.0594131	0.218672	0.0786088	0.0615089	0.0181434	0.00100353	0.00613329
187	0.0134981	0.000659598	0.00043247	0.00400353	0.00703037	0.00184814	0.00236084	0.45898	0.000632182	0.245295	0.00377727	0.00173363	0.00320439	0.00272213	0.000720518	0.00345921	0.00456711	0.243279	0.00124574	0.00055066
188	0.113417	0.25049	0.00867066	0.0117471	0.0258594	0.0153781	0.0126825	0.0166	0.0131004	0.0443991	0.0652442	0.0285013	0.0131557	0.0258293	0.0128387	0.227588	0.0371278	0.067843	0.00136934	0.00815855
189	0.0136634	0.0013061	0.00124685	0.00811827	0.000459394	0.00747975	0.0156738	0.00457163	0.452608	0.00582723	0.0110231	0.0179254	0.0102397	0.0280631	0.383423	0.0162172	0.0146946	0.00704029	8.69383e-05	0.000332577
190	0.00960216	0.00387311	0.43279	0.309396	0.00100094	0.0548863	0.012418	0.0015548	0.00542986	0.00293719	0.0047422	0.0639895	0.00491901	0.0290765	0.00387817	0.0319726	0.0163645	0.00789709	0.000197632	0.0030749
191	0.0125058	0.00659928	0.524184	0.151711	0.00160746	0.0781125	0.0171234	0.00192284	0.00568022	0.00313989	0.00672718	0.102604	0.00316984	0.0251113	0.00335618	0.0398146	0.00897316	0.0037257	0.000250078	0.00368148
