286	20
1	0.0427526	0.0143733	0.000340774	0.000761785	0.0420427	0.0103799	0.000650089	0.241632	0.000849023	0.262821	0.0571858	0.000908883	0.00104706	0.00125866	0.00176154	0.0054443	0.0182592	0.289	0.00640338	0.0021285
2	0.0495929	0.0339915	0.00136627	0.00977309	0.168739	0.0205783	0.00982535	0.22313	0.00286666	0.147463	0.0106077	0.00347792	0.00183142	0.00306428	0.00352066	0.00562817	0.00576372	0.142325	0.0536647	0.10279
3	0.286109	0.0379309	0.00183977	0.00328998	0.0430934	0.069216	0.00308793	0.0668452	0.00321034	0.129256	0.00437947	0.0067012	0.00283253	0.00606392	0.00349911	0.16419	0.130641	0.0343614	0.00112025	0.00233304
4	0.04564	0.0137949	0.000361338	0.000822704	0.0419735	0.0114895	0.00103109	0.214757	0.00135296	0.292186	0.0728973	0.00136333	0.00201644	0.00216904	0.00218938	0.00531149	0.0181302	0.266032	0.00505063	0.00143024
5	0.195062	0.0530551	0.00090644	0.00172371	0.0346811	0.116242	0.00137725	0.155325	0.00144492	0.156511	0.00138041	0.00173114	0.00130684	0.00215444	0.00177359	0.0500209	0.0398776	0.183924	0.00058955	0.000911748
6	0.0518477	0.0170081	0.000382601	0.000856239	0.0472045	0.0150453	0.000686923	0.225022	0.000771424	0.262811	0.0559652	0.000949686	0.000873302	0.00121714	0.00164569	0.00557777	0.0175645	0.286813	0.00539439	0.00236356
7	0.204556	0.0498143	0.000912303	0.0018008	0.0329384	0.114243	0.00145957	0.141913	0.0015081	0.168599	0.00162295	0.00197292	0.00142634	0.00228229	0.00181533	0.0530413	0.0470085	0.171539	0.000589921	0.000956428
8	0.19462	0.0527307	0.000932513	0.00179173	0.0348872	0.115713	0.0014528	0.155937	0.00145094	0.154818	0.00164969	0.00172256	0.00131531	0.0023319	0.00182628	0.0501834	0.0398407	0.185233	0.000601739	0.000961212
9	0.194924	0.05305	0.000885881	0.00166925	0.0347061	0.116484	0.00136437	0.154064	0.00139242	0.159385	0.00137718	0.00173728	0.00128856	0.00208373	0.00165154	0.0497256	0.0405617	0.182248	0.000529979	0.000871634
10	0.0471179	0.0151002	0.000339272	0.000772352	0.0447746	0.0113891	0.000568481	0.217119	0.000844659	0.28665	0.0620616	0.000867655	0.00104381	0.00123434	0.00169352	0.00454095	0.0178566	0.279276	0.00532436	0.00142551
11	0.0448813	0.0138202	0.000337507	0.000762477	0.0432603	0.0107191	0.00064034	0.215209	0.000987291	0.294114	0.0678824	0.000974597	0.00132705	0.00144249	0.00196955	0.00462364	0.0179278	0.272502	0.00522608	0.00139246
12	0.0477913	0.0164169	0.000362376	0.000755233	0.0457245	0.0119074	0.000581822	0.225377	0.000806496	0.271668	0.0604834	0.00085395	0.000998152	0.00128544	0.0017787	0.00467724	0.0178459	0.283826	0.00533637	0.00152412
13	0.0526642	0.016279	0.000357789	0.000781221	0.0452191	0.0146744	0.000584303	0.214371	0.000809455	0.281108	0.0592447	0.000869432	0.000934639	0.00121197	0.00165791	0.00555373	0.0182201	0.279023	0.00503914	0.00139728
14	0.212586	0.0570473	0.00181624	0.00297595	0.0337138	0.0935251	0.00297794	0.092457	0.00256792	0.186565	0.0032608	0.00422227	0.00247869	0.00414394	0.00307551	0.122672	0.0955674	0.0748125	0.000990651	0.00254383
15	0.170468	0.0498174	0.000749311	0.00152532	0.0393575	0.0918832	0.00114846	0.156832	0.00114545	0.194302	0.0105524	0.00146439	0.00114063	0.00164812	0.00166891	0.0415387	0.0423665	0.190335	0.00127948	0.000776739
16	0.0464406	0.0382357	0.00147882	0.0100104	0.185182	0.0202022	0.0102514	0.215292	0.00301575	0.144391	0.00794427	0.00366297	0.00192274	0.00333974	0.00358658	0.00594637	0.00533996	0.129303	0.0563276	0.108126
17	0.014416	0.220184	0.00180016	0.00350194	0.260057	0.00869254	0.00616352	0.0362828	0.00510584	0.105817	0.0269948	0.0113467	0.00535927	0.0118888	0.0197051	0.041229	0.0180801	0.0336197	0.0700427	0.0997128
18	0.0476232	0.0163976	0.000360939	0.000755543	0.0456095	0.0118246	0.000582763	0.22613	0.000793702	0.270706	0.0603991	0.000848233	0.000999451	0.00127731	0.00178329	0.00469113	0.0178574	0.284495	0.00533517	0.00153006
19	0.0462403	0.0408436	0.00148298	0.010099	0.184418	0.0199776	0.0101387	0.215147	0.00312467	0.144263	0.00809465	0.0036263	0.0018689	0.00340756	0.00385527	0.00605893	0.00550918	0.128623	0.0573519	0.10587
20	0.0164354	0.0222571	0.00291439	0.00196872	0.000917835	0.0106723	0.0177539	0.0167325	0.453173	0.0111817	0.00447076	0.0196521	0.00660256	0.0375369	0.294625	0.0374278	0.0157843	0.0200876	0.00918724	0.000619616
21	0.0153262	0.0205157	0.00274396	0.0018863	0.000958805	0.0118683	0.0159566	0.0164089	0.460162	0.0108216	0.00466189	0.0190263	0.00674339	0.0374014	0.291434	0.0396697	0.0158613	0.018499	0.0093706	0.000684709
22	0.0138535	0.247163	0.00193606	0.00346369	0.248872	0.00913376	0.00344872	0.0240793	0.00568486	0.108027	0.031826	0.012686	0.00677999	0.01371	0.0232995	0.0478976	0.0212739	0.0279882	0.0747177	0.0741596
23	0.0319955	0.0993182	0.00145576	0.00692711	0.208583	0.0141546	0.0071327	0.169345	0.0038008	0.151454	0.0130233	0.00529862	0.00230127	0.00567214	0.00766485	0.0115548	0.00964162	0.109434	0.0616999	0.079543
24	0.0235829	0.00471158	0.00286192	0.0312885	0.0725976	0.0198774	0.0988029	0.0181582	0.137686	0.0657576	0.00293436	0.108393	0.036187	0.193988	0.0604805	0.0142825	0.0048772	0.0226841	0.00413449	0.0767147
25	0.021805	0.0427559	0.00337261	0.0135772	0.143596	0.0142745	0.0339356	0.0683909	0.0578571	0.191547	0.0186352	0.0568561	0.013485	0.0531908	0.0586697	0.0221746	0.0109838	0.0400375	0.0569882	0.0778682
26	0.0531023	0.0233723	0.00975338	0.0233323	0.00627112	0.586106	0.00695422	0.00988711	0.00977746	0.0218757	0.00629045	0.0216831	0.00706178	0.0141634	0.0165065	0.127652	0.0355251	0.0145692	0.00170281	0.00441383
27	0.0146596	0.0190289	0.00261939	0.00184099	0.000800801	0.0102137	0.0157301	0.0157605	0.46515	0.0104279	0.00444381	0.0179485	0.00663996	0.0364843	0.296129	0.0375607	0.0159255	0.0187121	0.00941777	0.000506353
28	0.0317119	0.0100268	0.000466532	0.000963661	0.0314362	0.00866696	0.00156528	0.268293	0.0015711	0.226673	0.0491032	0.0014875	0.00151989	0.00185694	0.00200375	0.00503972	0.0134819	0.338123	0.00374704	0.00226291
29	0.0200933	0.00470997	0.00339551	0.0501598	0.0436205	0.0160937	0.0904797	0.0132505	0.0974672	0.11156	0.0077429	0.0853013	0.0209964	0.284117	0.0444461	0.0146616	0.00911149	0.0185585	0.00439169	0.059842
30	0.00811405	0.0071895	0.000872126	0.0015608	0.367902	0.00188074	0.0493153	0.00295819	0.00155446	0.0267817	0.00295936	0.0116308	0.00120662	0.00231854	0.00524137	0.0192405	0.00740507	0.00879491	0.00920449	0.463869
31	0.0479839	0.00840144	0.00867077	0.0103094	0.00232373	0.02097	0.0110713	0.0218544	0.0454859	0.0229891	0.0145306	0.025052	0.0158424	0.0642192	0.0311668	0.291499	0.329697	0.0256662	0.000869488	0.00139704
32	0.0267833	0.0078275	0.000839948	0.00167591	0.0259353	0.00565741	0.00595289	0.175743	0.00558716	0.35959	0.162657	0.00627061	0.00961281	0.0107313	0.00629276	0.0133522	0.0202396	0.150929	0.00277	0.0015518
33	0.00685701	0.00181415	0.283885	0.5309	0.00832662	0.0177876	0.00596099	0.0107501	0.0221082	0.00527539	0.00874562	0.00826523	0.0100947	0.0215115	0.0163777	0.0103052	0.0165236	0.0100814	0.000694834	0.00373471
34	0.00848	0.00808865	0.000914532	0.00161891	0.364849	0.00203168	0.0489011	0.0045825	0.00174243	0.0286029	0.00339428	0.0115048	0.00138893	0.00246363	0.00551887	0.0194371	0.00756924	0.00979481	0.0100484	0.459068
35	0.0265275	0.00325993	0.535788	0.090829	0.00157644	0.0615304	0.0164387	0.00296561	0.0179113	0.00751758	0.00187241	0.14331	0.00146434	0.0187012	0.00713082	0.0457138	0.00442513	0.0087638	0.000569206	0.00370458
36	0.202766	0.0327952	0.00740718	0.0156846	0.0736952	0.0970464	0.00918554	0.0686809	0.0132436	0.105055	0.00954909	0.0213108	0.0120999	0.016032	0.00923454	0.110295	0.117946	0.0682763	0.00303415	0.00666147
37	0.0515873	0.0117106	0.0114047	0.0296921	0.00499942	0.0415791	0.0269992	0.0126598	0.0276829	0.0157917	0.0112746	0.0499544	0.0553923	0.110106	0.0339703	0.187818	0.295037	0.0189487	0.00126544	0.00212716
38	0.0222591	0.00803045	0.00138983	0.00255902	0.0223742	0.00401959	0.00957194	0.135462	0.00756853	0.380856	0.215045	0.00958414	0.0131501	0.0177709	0.00742354	0.0202428	0.0207183	0.0979197	0.00220461	0.0018506
39	0.115786	0.00301748	0.00140847	0.0122413	0.00205716	0.00489499	0.00414001	0.100551	0.0575539	0.0841268	0.0569765	0.0112883	0.0117476	0.0441454	0.0238037	0.168619	0.18731	0.106451	0.000692485	0.00318908
40	0.0705616	0.0202921	0.000842122	0.00214127	0.0395545	0.0246994	0.00224539	0.216119	0.00304295	0.224905	0.0486874	0.00293065	0.0039641	0.00398661	0.00329931	0.016659	0.0270792	0.279741	0.00504974	0.00419847
41	0.0656412	0.0183014	0.00840806	0.0199711	0.00726661	0.393983	0.00731379	0.0146921	0.0140905	0.0341029	0.00713733	0.0253563	0.011005	0.0250821	0.0138805	0.175348	0.137589	0.0166023	0.00126153	0.00296706
42	0.00404394	0.00216942	0.000492075	0.000905333	0.0105267	0.00150533	0.000909426	0.369463	0.00101885	0.0985619	0.0117126	0.0012502	0.000757869	0.00123831	0.000988262	0.00286483	0.00289194	0.48476	0.00101857	0.00292194
43	0.0318509	0.00797051	0.00328495	0.0082112	0.0205369	0.00934576	0.0377455	0.13661	0.048699	0.33324	0.0902414	0.0177261	0.018917	0.0247903	0.0478402	0.028385	0.0216698	0.0943971	0.00770385	0.0108348
44	0.0177958	0.00449987	0.00692497	0.0820001	0.0124125	0.024179	0.0391305	0.00720752	0.135426	0.0547713	0.0128027	0.0428296	0.00961747	0.395881	0.0764904	0.0236531	0.0235751	0.0142834	0.00165998	0.0148599
45	0.308855	0.0688729	0.00725737	0.0198482	0.0186887	0.146618	0.00494504	0.0461146	0.00737448	0.0590971	0.0094224	0.0258866	0.00699774	0.0185634	0.0156758	0.133934	0.0339163	0.061796	0.00197384	0.00416215
46	0.214299	0.00791546	0.0314124	0.0790227	0.0113268	0.0827841	0.00633809	0.0197641	0.0499356	0.0258928	0.0162799	0.101619	0.011847	0.0522313	0.0143529	0.127158	0.0805438	0.0652369	0.000805697	0.00123443
47	0.0281531	0.0020926	0.550302	0.106761	0.00116912	0.0674665	0.010788	0.00186391	0.0179442	0.00667308	0.00147668	0.118208	0.00121635	0.0198313	0.00723045	0.0430584	0.00304037	0.00852764	0.000448854	0.0037489
48	0.0546582	0.0202406	0.003038	0.00697606	0.0414425	0.0206609	0.0121423	0.155348	0.0200635	0.261687	0.0831058	0.0167227	0.0123462	0.0267642	0.0147656	0.0287205	0.0312956	0.168604	0.00667454	0.0147427
49	0.181463	0.00580856	0.00437516	0.0132853	0.0084946	0.00921249	0.00767888	0.0683321	0.0835452	0.0749935	0.147155	0.010884	0.162487	0.0153875	0.0754644	0.0352171	0.0309365	0.0558096	0.00269954	0.00677028
50	0.438808	0.0398996	0.00287173	0.02136	0.00613154	0.094924	0.00372065	0.00888631	0.00488982	0.0178059	0.0184615	0.0188691	0.00514746	0.0149616	0.0204873	0.217058	0.0283779	0.0338763	0.00117799	0.00228478
51	0.0234335	0.0316008	0.00474002	0.00766285	0.017546	0.00953108	0.0104152	0.078022	0.00849172	0.271086	0.351163	0.0120474	0.0117127	0.0194514	0.00957106	0.0243145	0.0206311	0.0801475	0.00271989	0.00571188
52	0.0310524	0.00423606	0.51144	0.0967824	0.00173053	0.0659481	0.0135696	0.00379723	0.0228293	0.00899951	0.00207288	0.130661	0.00200717	0.0223798	0.00847945	0.0509797	0.00915203	0.00963352	0.000437733	0.00381233
53	0.0762334	0.00440628	0.00144699	0.00756698	0.0104948	0.00685419	0.018993	0.131569	0.0167801	0.22153	0.154949	0.0236304	0.0384662	0.0267423	0.0144997	0.0668882	0.0463308	0.127998	0.00122706	0.0033933
54	0.0364542	0.0342695	0.00500456	0.0322339	0.00392483	0.634225	0.00524831	0.00660865	0.00506399	0.0174959	0.00428739	0.0143865	0.00545296	0.0104516	0.0154554	0.132144	0.0234331	0.00952026	0.00154054	0.00279969
55	0.0392502	0.024688	0.0146227	0.0221839	0.00485444	0.541389	0.00966124	0.00801294	0.0351122	0.0199722	0.00660222	0.0307468	0.00645137	0.0216414	0.0446924	0.120325	0.031652	0.0125066	0.00185816	0.00377731
56	0.0473639	0.00738759	0.00560174	0.00740855	0.00343851	0.0265627	0.0109141	0.0100853	0.0171976	0.0206584	0.00844177	0.0217133	0.0110016	0.0543588	0.00945156	0.32067	0.401805	0.0134031	0.0010322	0.00150439
57	0.299021	0.0188042	0.0131653	0.0587004	0.00928277	0.0592325	0.00805031	0.0202254	0.0232286	0.0272669	0.0237197	0.046187	0.0146307	0.0325595	0.0165796	0.193797	0.0498375	0.0799554	0.00167106	0.00408567
58	0.0283262	0.00568822	0.456114	0.172415	0.00338284	0.0565177	0.0124345	0.00689722	0.0247629	0.0102474	0.00444358	0.0958782	0.0079744	0.0248257	0.0139364	0.0441272	0.0105877	0.0146262	0.000933098	0.00588212
59	0.100127	0.00608384	0.00915879	0.0198917	0.0056937	0.0105468	0.0129018	0.0155878	0.014626	0.0195065	0.016854	0.0215216	0.477597	0.0346349	0.027689	0.113575	0.0630841	0.0246889	0.00160861	0.00462291
60	0.0130725	0.00978467	0.00230681	0.00478208	0.282757	0.00638571	0.0719737	0.0100256	0.0108917	0.0332969	0.00786407	0.0185469	0.00498527	0.0183156	0.0151797	0.0269186	0.00889045	0.0142338	0.00986949	0.429919
61	0.25848	0.0197786	0.00651115	0.0230692	0.00896998	0.0377156	0.00956252	0.0577858	0.0257613	0.058643	0.0392233	0.02254	0.0238387	0.0245657	0.0494913	0.0991212	0.0476832	0.177064	0.00213287	0.00806241
62	0.0146273	0.0186911	0.00262979	0.00191127	0.000857982	0.0102468	0.0153159	0.016554	0.4591	0.0113138	0.00462945	0.0176348	0.00660254	0.0368968	0.298033	0.0378649	0.0157565	0.0198125	0.01086	0.000660482
63	0.0526269	0.0150369	0.000689011	0.00144201	0.0418445	0.0137165	0.00164441	0.202182	0.00189493	0.28903	0.0636231	0.00178511	0.00262292	0.00281808	0.00270552	0.00773588	0.0190182	0.272042	0.00505105	0.00249052
64	0.0133769	0.0199586	0.00116485	0.0020188	0.341508	0.00300638	0.0426708	0.00387041	0.00218696	0.0357555	0.00500007	0.011612	0.00219446	0.00338108	0.00619328	0.0299031	0.0112491	0.00922714	0.0101914	0.445531
65	0.0405818	0.0128497	0.000341736	0.000753725	0.0416333	0.00997429	0.000813116	0.235913	0.00106939	0.269922	0.0614764	0.000984247	0.00162776	0.00154196	0.00191046	0.00476507	0.0163154	0.289856	0.00537566	0.00229482
66	0.0337391	0.00875767	0.00165156	0.00366871	0.0316802	0.00582925	0.0109579	0.136581	0.00870774	0.331455	0.18881	0.00981419	0.0142862	0.0204199	0.00803371	0.0371284	0.0367258	0.106104	0.00331072	0.00233857
67	0.0777948	0.00760919	0.00601816	0.0145837	0.0038301	0.0147083	0.0117684	0.0101539	0.0189199	0.0137616	0.0141883	0.0363098	0.451597	0.0305409	0.0413134	0.121603	0.107835	0.0128895	0.00141136	0.00316332
68	0.0271575	0.00205446	0.520936	0.142882	0.00126896	0.0573343	0.0130145	0.00272435	0.0157096	0.00675929	0.00170248	0.107528	0.00275672	0.0278452	0.007054	0.0471399	0.00381729	0.00803761	0.000397546	0.00388085
69	0.0988065	0.00669822	0.00290608	0.0124414	0.00286819	0.00922857	0.00647857	0.0939607	0.134611	0.0667124	0.0548351	0.0142656	0.0162622	0.0377125	0.0704257	0.138222	0.146484	0.0818006	0.00201079	0.00326998
70	0.0165367	0.0189597	0.0032914	0.00278377	0.00139613	0.0173579	0.0159877	0.0185513	0.453529	0.0115683	0.00502813	0.0200747	0.00650356	0.0374993	0.28548	0.0413282	0.0162135	0.0181219	0.00900809	0.000780788
71	0.0163898	0.0194614	0.00288662	0.00223486	0.00104745	0.0102723	0.0190749	0.0158289	0.454735	0.0118266	0.00447276	0.0195092	0.00722135	0.0394824	0.293381	0.0378388	0.0157849	0.0185621	0.00920452	0.00078589
72	0.0146816	0.0189889	0.00262064	0.00189935	0.000800408	0.01017	0.0158465	0.0157566	0.464605	0.0104361	0.00451496	0.0179309	0.00661829	0.0363545	0.296404	0.0375513	0.0160502	0.0188331	0.0094305	0.000507738
73	0.00813853	0.00714403	0.000898183	0.00160935	0.367408	0.00192345	0.0502438	0.00303947	0.00154572	0.0263868	0.00299787	0.0117502	0.00119476	0.00230543	0.0053175	0.0190692	0.0073421	0.00898421	0.0091329	0.463568
74	0.012437	0.00269915	0.311762	0.455362	0.00770243	0.0283934	0.00538585	0.0101246	0.0296722	0.00661713	0.0080487	0.027005	0.0087063	0.017667	0.0170544	0.0170378	0.018106	0.01176	0.000733139	0.00372616
75	0.0745906	0.0173544	0.0140248	0.0248413	0.0136632	0.0491985	0.0138086	0.0428035	0.0393539	0.0494821	0.0195652	0.0404679	0.0249213	0.0474093	0.0227343	0.182376	0.253642	0.0578705	0.0033481	0.00854519
76	0.0254016	0.0217366	0.00959039	0.0107205	0.00728841	0.0211471	0.0178536	0.0183812	0.397737	0.0202231	0.0078539	0.0266122	0.00956805	0.0543735	0.243088	0.0464555	0.0251805	0.0240722	0.00933258	0.00338463
77	0.0277161	0.0137468	0.00159961	0.0030235	0.0201341	0.00754342	0.00306455	0.299713	0.00478929	0.131822	0.0257503	0.00616189	0.00336837	0.00440499	0.0042222	0.0138339	0.0218743	0.399304	0.00299033	0.0049363
78	0.0233619	0.00484596	0.0028272	0.0315709	0.077408	0.0183838	0.11292	0.016902	0.120817	0.0670265	0.00393182	0.10347	0.0339843	0.197365	0.0524916	0.0152166	0.00561208	0.0227499	0.00406679	0.0850477
79	0.0152058	0.019363	0.00304198	0.00197706	0.000841743	0.0108367	0.0165286	0.0155595	0.460321	0.0109013	0.00461063	0.0193475	0.00658671	0.0389587	0.293603	0.0376888	0.0158827	0.0188502	0.00926471	0.000629307
80	0.0463758	0.0355701	0.0399258	0.0234645	0.00612362	0.089322	0.0395387	0.0142212	0.145685	0.0198197	0.0101609	0.180911	0.00781276	0.0894317	0.0660848	0.114989	0.040317	0.0171673	0.00229163	0.010787
81	0.0690167	0.0330024	0.022721	0.0242683	0.00844453	0.0335222	0.0167714	0.109693	0.0371383	0.0469809	0.0217852	0.0845999	0.0189104	0.0319808	0.0199071	0.0949266	0.171974	0.148374	0.00187223	0.00411109
82	0.0460426	0.0205688	0.00300109	0.00815175	0.0489068	0.021807	0.0130272	0.145744	0.0200321	0.272028	0.0876068	0.0132357	0.0139857	0.0261638	0.0156734	0.0273702	0.0270407	0.162449	0.00908047	0.0180849
83	0.0356147	0.105939	0.0167626	0.0792533	0.00839121	0.0465574	0.0158586	0.015616	0.0249915	0.0236437	0.0105191	0.222655	0.00786984	0.0241646	0.0202657	0.286634	0.0260725	0.0185543	0.0034737	0.00716335
84	0.104692	0.00799617	0.0120421	0.0252043	0.00836628	0.0114638	0.0152711	0.0183305	0.0266336	0.0316571	0.0226043	0.022085	0.477201	0.0381457	0.0297161	0.0723224	0.0420334	0.0267506	0.00217851	0.00530619
85	0.0383625	0.0612283	0.0111715	0.0129474	0.00196892	0.00423122	0.0169953	0.161635	0.0154072	0.0367427	0.0136893	0.0434115	0.00585772	0.0152924	0.0107381	0.0437845	0.143466	0.360675	0.000579498	0.00181548
86	0.0106959	0.0177341	0.000998947	0.00239163	0.355567	0.00432983	0.0444996	0.0107099	0.00278463	0.0397918	0.00582747	0.012877	0.00214407	0.00503198	0.00629565	0.0221651	0.00902621	0.0140673	0.0140258	0.419037
87	0.0355536	0.00605878	0.450735	0.109443	0.00190853	0.0901749	0.0119989	0.00557586	0.0251783	0.00901018	0.00286612	0.133551	0.00295819	0.0255556	0.00955352	0.0511446	0.0119353	0.0124803	0.000496632	0.0038214
88	0.0128239	0.00199853	0.334105	0.441754	0.00679206	0.0283378	0.00655189	0.00915783	0.0213803	0.00595356	0.00691982	0.0293583	0.00968961	0.0241379	0.0146386	0.0174494	0.0142558	0.0100707	0.000593151	0.00403201
89	0.0281717	0.00562479	0.00568663	0.00645352	0.00160474	0.0229739	0.0140917	0.00550483	0.0152119	0.0167192	0.00627332	0.0264108	0.0113633	0.0652117	0.0099449	0.309982	0.439081	0.00787152	0.000639075	0.00117945
90	0.0277579	0.183541	0.00268738	0.00447733	0.243568	0.0163091	0.00967988	0.0458527	0.00617276	0.112872	0.0252655	0.0147539	0.00664918	0.0141695	0.0176377	0.0446523	0.0193334	0.0440269	0.0539229	0.10667
91	0.0426879	0.0580948	0.00857543	0.0103632	0.00183243	0.00391704	0.0172446	0.158709	0.0199938	0.0390357	0.0129684	0.045219	0.00815026	0.019911	0.0138057	0.0557223	0.167996	0.313633	0.000547048	0.00159304
92	0.0152981	0.0351374	0.001739	0.0057032	0.31113	0.00763203	0.0418034	0.0173138	0.0159187	0.0716758	0.00960708	0.0301392	0.0077074	0.0221291	0.0150088	0.0259086	0.0102606	0.0189377	0.0213641	0.315586
93	0.0210305	0.00554738	0.00338975	0.0347252	0.0359223	0.0178421	0.0910382	0.0120107	0.165538	0.0744541	0.00659987	0.070966	0.0195769	0.274162	0.0764189	0.0169216	0.00981316	0.0189106	0.00382199	0.0413114
94	0.00313937	0.00185403	0.000496691	0.000915407	0.00993041	0.00132	0.000924955	0.371722	0.00102677	0.0956684	0.0109072	0.00125547	0.000778388	0.00125393	0.000991049	0.0028062	0.00265713	0.488484	0.000934512	0.00293429
95	0.0889012	0.00531757	0.00313523	0.0105029	0.00291077	0.00784764	0.0102122	0.0089432	0.0139837	0.0118462	0.0152604	0.0226921	0.50999	0.0278367	0.0366538	0.114855	0.0943798	0.0112737	0.0014226	0.00203538
96	0.022208	0.0050554	0.00275574	0.0285329	0.08858	0.0179129	0.0986488	0.0177688	0.128456	0.0696652	0.00384084	0.096245	0.0446787	0.189548	0.0515834	0.0151	0.00620744	0.0217643	0.00407369	0.0873753
97	0.217784	0.00791307	0.0312371	0.0791947	0.0115768	0.0842158	0.00553232	0.0196921	0.0517743	0.025638	0.0147894	0.102391	0.0111311	0.0498404	0.0147503	0.127363	0.0795649	0.0636515	0.000728115	0.00123248
98	0.00503472	0.00165659	0.296708	0.532258	0.00959671	0.0193628	0.00207888	0.0108829	0.0240152	0.00547687	0.0092158	0.00655887	0.00922974	0.0118168	0.0172507	0.00633374	0.01773	0.010379	0.000750165	0.00366383
99	0.0379947	0.00976848	0.000483929	0.00112516	0.0323566	0.00754766	0.00335716	0.19135	0.00316567	0.31841	0.128969	0.00446563	0.00695316	0.00723234	0.00438918	0.00994381	0.0199198	0.207492	0.00376602	0.00131001
100	0.146879	0.00620209	0.0116456	0.0332974	0.0111523	0.0649309	0.0120084	0.0629537	0.0326046	0.0716712	0.0439217	0.0593815	0.0593887	0.0307478	0.0128109	0.122546	0.112496	0.101463	0.00121421	0.00268579
101	0.174421	0.0084239	0.0313312	0.0811957	0.00701066	0.113869	0.00635347	0.0271473	0.0865904	0.0404172	0.010326	0.110618	0.0174424	0.0355899	0.0292839	0.102165	0.0748533	0.0401839	0.000873962	0.00190352
102	0.0502326	0.0310179	0.0145184	0.0125226	0.00225969	0.0339079	0.0245028	0.0117653	0.283045	0.015798	0.00742383	0.076061	0.0104758	0.08168	0.183233	0.088284	0.0482635	0.0167003	0.00489713	0.00341187
103	0.0878807	0.00922792	0.00372616	0.0101016	0.00271437	0.00886441	0.00864991	0.0849259	0.0548777	0.0571256	0.035708	0.0184625	0.020115	0.0398554	0.0200185	0.199509	0.23429	0.100509	0.000854118	0.00258425
104	0.0893385	0.0230524	0.00067734	0.00176929	0.0390995	0.034778	0.00168035	0.191643	0.00261881	0.255003	0.0505225	0.00250655	0.0038844	0.00368922	0.00376891	0.0177311	0.0248857	0.247087	0.00417581	0.00208862
105	0.058064	0.106282	0.00932626	0.011998	0.00400283	0.0104854	0.0139173	0.132357	0.0358286	0.0357211	0.01123	0.0371688	0.00831715	0.0378512	0.0133601	0.0600471	0.087157	0.321598	0.00123085	0.00405758
106	0.0286712	0.00847176	0.000969551	0.00158124	0.0299299	0.00591556	0.00553212	0.168071	0.00483795	0.342416	0.175127	0.00589793	0.00886464	0.010137	0.00554927	0.0140295	0.0203125	0.159298	0.00279837	0.00158885
107	0.0915641	0.00600998	0.00621568	0.0113035	0.0023884	0.0169565	0.00729668	0.0436074	0.0469561	0.0501481	0.0242427	0.0218528	0.00940569	0.0685302	0.0179843	0.257315	0.269013	0.0469611	0.000818119	0.00143113
108	0.00385134	0.00215825	0.000501078	0.00095073	0.0103802	0.00151704	0.000920621	0.369261	0.00101269	0.0978342	0.0113252	0.00124939	0.000758415	0.00123971	0.00097555	0.00286391	0.00289661	0.4864	0.000989714	0.00291411
109	0.00812769	0.00718652	0.000883829	0.00156249	0.367983	0.00188157	0.0496173	0.00296445	0.00155341	0.0265703	0.00289374	0.0116508	0.00119321	0.00230849	0.00525746	0.0191901	0.00738039	0.00878437	0.00920387	0.463807
110	0.028769	0.00326679	0.536025	0.100498	0.00118968	0.0701174	0.0113523	0.00220591	0.0188964	0.00699698	0.00172192	0.12447	0.00151033	0.0202703	0.00818872	0.0461868	0.00494431	0.00909682	0.0004809	0.00381245
111	0.0338897	0.0462742	0.00145581	0.00807416	0.228483	0.0150875	0.0169469	0.156434	0.0053079	0.125581	0.012541	0.00827361	0.00246484	0.00730255	0.00707256	0.0120854	0.00814691	0.0959233	0.0489143	0.159742
112	0.0309206	0.0167715	0.376681	0.0682621	0.00180868	0.0742672	0.0231703	0.00552078	0.0450505	0.0103438	0.00481867	0.176237	0.00263489	0.0341546	0.0162458	0.0788527	0.017365	0.0113779	0.000636513	0.00487999
113	0.0373963	0.0227529	0.0305136	0.0227891	0.0107459	0.0367096	0.0353007	0.016747	0.258857	0.0269691	0.0109012	0.0864949	0.0147172	0.0694331	0.186228	0.0643276	0.0294427	0.0217905	0.00664716	0.0112363
114	0.0288622	0.0434141	0.0036509	0.00759921	0.269659	0.0126359	0.0310709	0.0601687	0.0106039	0.094945	0.0199303	0.0165579	0.00630813	0.0173319	0.0117655	0.0266685	0.0156578	0.0607897	0.0262709	0.23611
115	0.2089	0.0207939	0.0048525	0.0117975	0.0184233	0.069461	0.00503677	0.0347344	0.0120369	0.0847654	0.00980251	0.0182005	0.00831843	0.0183059	0.00846355	0.273836	0.160878	0.0278121	0.00123283	0.00234838
116	0.0502528	0.0128148	0.0121075	0.0466841	0.00613362	0.0539562	0.0192457	0.0144856	0.226439	0.032774	0.011716	0.056156	0.00865496	0.181952	0.129602	0.0575504	0.0505758	0.0205879	0.00332283	0.00498933
117	0.0454403	0.0237689	0.0438597	0.0430806	0.0324427	0.0418787	0.120935	0.0192989	0.0829127	0.042691	0.0145841	0.13971	0.0186341	0.096384	0.0489639	0.0780781	0.0291626	0.0339912	0.0042773	0.0399066
118	0.00972335	0.00188978	0.314611	0.481022	0.00788333	0.0216013	0.00582924	0.010406	0.0213968	0.00641293	0.00820196	0.0159933	0.0105578	0.022019	0.015264	0.0122309	0.0199107	0.0103687	0.000658389	0.00402011
119	0.0970196	0.0124545	0.00282822	0.0133512	0.00706062	0.00580291	0.00949115	0.141039	0.0240153	0.116404	0.0763664	0.0162448	0.0447478	0.0278119	0.0289812	0.0509779	0.0700279	0.245577	0.0012113	0.00858773
120	0.0426314	0.0145215	0.00125198	0.00420679	0.0411011	0.0125134	0.00347567	0.234892	0.00575457	0.235504	0.0652149	0.00467006	0.00521952	0.00683013	0.00491186	0.0152581	0.0222574	0.261654	0.0076264	0.0105057
121	0.0506138	0.0303096	0.0241513	0.0325333	0.0137416	0.47702	0.0101655	0.0234915	0.0217739	0.0352161	0.00934218	0.0313224	0.00936197	0.0226193	0.0215935	0.104018	0.0425835	0.030543	0.00335462	0.00624518
122	0.0398877	0.00343871	0.0933793	0.461785	0.00316974	0.00563699	0.0508734	0.0197329	0.00738349	0.00811832	0.003383	0.0181487	0.0305583	0.167709	0.00570544	0.0471221	0.0200228	0.00922887	0.00119922	0.00351694
123	0.0172674	0.00605975	0.000425736	0.000947305	0.0254484	0.00470873	0.000845491	0.326657	0.000983583	0.161892	0.0342497	0.000967355	0.000962794	0.00122977	0.00143816	0.00341938	0.00826071	0.394461	0.00394615	0.00582971
124	0.015484	0.0183874	0.00290507	0.00226976	0.00118816	0.0107527	0.015731	0.0160634	0.43919	0.0145717	0.00485694	0.0174658	0.00698218	0.045792	0.301054	0.037066	0.0155238	0.0204963	0.0133068	0.000912705
125	0.0161726	0.00566518	0.000421946	0.000774602	0.0231344	0.00441118	0.000770764	0.331564	0.000851443	0.159913	0.0274943	0.000990035	0.00073235	0.00113888	0.0011017	0.00337203	0.00727168	0.407703	0.00301003	0.00350711
126	0.155603	0.00400102	0.00496473	0.0247191	0.00334257	0.00704784	0.0211614	0.00551232	0.0101323	0.0112055	0.00554157	0.024199	0.55499	0.0548159	0.0168536	0.0599288	0.0206349	0.0112933	0.00110893	0.00294463
127	0.0256417	0.0118047	0.00224444	0.0040569	0.0234953	0.00597816	0.00978717	0.126502	0.00805558	0.355371	0.227077	0.0100704	0.0126008	0.01904	0.00842708	0.0229984	0.0232051	0.0974621	0.00289759	0.0032845
128	0.161045	0.0864839	0.0182144	0.0237369	0.00427703	0.133063	0.0202523	0.00958068	0.0364827	0.0140827	0.0112826	0.128343	0.00664916	0.0339841	0.0421158	0.218532	0.0246661	0.0196535	0.00165089	0.00590421
129	0.0519906	0.0203165	0.0286095	0.0241176	0.00283948	0.0405546	0.0125107	0.011371	0.0485791	0.0139003	0.0167413	0.0593466	0.0196609	0.0596053	0.0199076	0.252848	0.299652	0.0151677	0.000790352	0.00149175
130	0.00328584	0.0018977	0.000492001	0.000902487	0.0100891	0.00134772	0.000926651	0.371139	0.00102607	0.0963541	0.0111809	0.00123875	0.000782323	0.00125647	0.000994604	0.00280443	0.00271082	0.487657	0.000965306	0.00294961
131	0.0249045	0.00667043	0.502795	0.0861305	0.00147803	0.0645081	0.0155286	0.00366302	0.021184	0.00839731	0.0023911	0.156575	0.00156915	0.0226512	0.0079216	0.054297	0.00575259	0.00917975	0.000539532	0.00386358
132	0.0237188	0.0808259	0.00152714	0.00468746	0.183964	0.00933383	0.00639489	0.103338	0.00632827	0.211033	0.060696	0.0109107	0.00429048	0.0122469	0.0161809	0.0254725	0.016945	0.102129	0.0608944	0.0590822
133	0.358901	0.0729745	0.0067577	0.0260262	0.00551823	0.148559	0.00673396	0.0097514	0.0122519	0.0141194	0.0121327	0.0506855	0.00869982	0.0427501	0.0214645	0.151569	0.0182253	0.0282705	0.00160688	0.0030024
134	0.0286579	0.0086723	0.0059223	0.0267371	0.0224226	0.0197713	0.0777686	0.00967964	0.197478	0.0443343	0.00661016	0.0703532	0.0152471	0.253279	0.123269	0.0269431	0.012483	0.0226253	0.00289713	0.0248494
135	0.074576	0.0179607	0.0034557	0.0125967	0.00707547	0.0109981	0.0125113	0.149143	0.0221358	0.103784	0.0576472	0.0214152	0.0756438	0.0219927	0.0191977	0.0793132	0.0961759	0.207058	0.00163851	0.00568001
136	0.0336032	0.00814493	0.000817058	0.00178677	0.0251974	0.00595127	0.00603742	0.198367	0.00628754	0.305279	0.142031	0.00657771	0.0124444	0.0106362	0.00958542	0.013762	0.0275498	0.180963	0.00311035	0.00186958
137	0.0303783	0.00397243	0.0468997	0.308166	0.0137981	0.00945632	0.0708996	0.0125064	0.0451105	0.0367663	0.00413756	0.0510886	0.024009	0.239318	0.0211335	0.0368524	0.0141192	0.0122622	0.00159859	0.0175272
138	0.0400769	0.00350734	0.0816185	0.46102	0.00287724	0.00498502	0.0558757	0.0177257	0.0066014	0.00709987	0.0029656	0.0198874	0.0328971	0.171139	0.00499368	0.0521431	0.0205145	0.00950354	0.00119453	0.00337362
139	0.0242656	0.0691041	0.00322081	0.00756986	0.241135	0.0127039	0.0231208	0.077482	0.0086642	0.100987	0.0189479	0.0134284	0.00500716	0.0130485	0.0149221	0.0266485	0.0135457	0.0565633	0.0658477	0.203787
140	0.0358867	0.00324906	0.0812683	0.463685	0.00294991	0.00473717	0.0561345	0.0161163	0.00661826	0.00640347	0.00293018	0.0194822	0.0465081	0.15847	0.00480351	0.055662	0.0181	0.0118642	0.00110816	0.00402257
141	0.140044	0.00725997	0.0391056	0.169552	0.0106662	0.064186	0.0212007	0.0208276	0.066885	0.0280853	0.0100225	0.0963035	0.0155844	0.089405	0.0199023	0.0837242	0.0550801	0.0549498	0.00156991	0.00564591
142	0.0240021	0.0178349	0.00838236	0.00412804	0.00531985	0.0148189	0.0444908	0.0121161	0.378308	0.0186704	0.00480061	0.0453212	0.0134849	0.0726538	0.244264	0.0459967	0.0145597	0.0174439	0.00675639	0.00664737
143	0.0367976	0.0125991	0.000826076	0.00196811	0.0436174	0.00873171	0.0043498	0.184306	0.00343649	0.316762	0.114009	0.00333868	0.00624213	0.00696696	0.00409844	0.0105898	0.0195049	0.21274	0.00487838	0.00423769
144	0.0521044	0.0232451	0.0286337	0.0304297	0.0117659	0.513957	0.00918167	0.0245401	0.0192648	0.0386492	0.00741484	0.0247966	0.00934567	0.0223606	0.0191798	0.0922393	0.0345662	0.0305132	0.00248432	0.00532777
145	0.0127712	0.00157715	0.415945	0.366967	0.00547075	0.0318286	0.0053346	0.00691272	0.0198649	0.00638811	0.00572927	0.0439134	0.00577819	0.0150673	0.0127878	0.0186031	0.0113146	0.00882213	0.000502679	0.0044208
146	0.0135086	0.00627644	0.000582906	0.00117431	0.0182041	0.00363077	0.00121482	0.339162	0.00123874	0.134141	0.0236444	0.0019068	0.0011671	0.00166725	0.00153906	0.00425825	0.0086044	0.431949	0.00248611	0.00364451
147	0.0673398	0.142851	0.0102998	0.015002	0.0919694	0.036003	0.0156555	0.066176	0.0546883	0.079892	0.0231442	0.0412509	0.0115823	0.030015	0.0431033	0.0737534	0.0445062	0.0890539	0.0232117	0.0405019
148	0.0627938	0.0752147	0.00153419	0.00408475	0.134144	0.030131	0.00474667	0.172081	0.00393473	0.188054	0.028961	0.005294	0.00270577	0.00511938	0.00668333	0.023476	0.0332559	0.153564	0.0289699	0.0352517
149	0.147413	0.0220687	0.0230149	0.0341149	0.0104865	0.0635311	0.0159953	0.026235	0.0488148	0.0358661	0.0196585	0.0475338	0.0452924	0.0417529	0.034289	0.207422	0.12177	0.0408513	0.00347734	0.0104124
150	0.051558	0.0233196	0.00231608	0.007855	0.0463444	0.0193066	0.0100846	0.148069	0.0184241	0.257519	0.0815265	0.0138116	0.0170574	0.0244192	0.0142335	0.0362112	0.0376783	0.162059	0.0101829	0.0180232
151	0.0317092	0.0636022	0.00756551	0.00840617	0.0198493	0.023076	0.0204329	0.0243042	0.311121	0.0231797	0.0091999	0.036441	0.00963157	0.0412301	0.225116	0.0586451	0.0322929	0.0314045	0.0125936	0.010199
152	0.0330175	0.0434905	0.00718073	0.0136692	0.163781	0.0167802	0.0341345	0.0508258	0.015195	0.0871873	0.0708889	0.0225779	0.0109196	0.0249955	0.0222793	0.044241	0.022051	0.0560962	0.0281417	0.232547
153	0.0256852	0.0133021	0.00128024	0.00241304	0.0213562	0.00767879	0.00257773	0.301681	0.00388553	0.135393	0.0251675	0.00501431	0.00324771	0.0043604	0.00310328	0.0117708	0.0207059	0.404024	0.00296658	0.00438629
154	0.0903553	0.00709039	0.00698045	0.0189554	0.00765732	0.0116941	0.0156821	0.0158111	0.064512	0.0240958	0.0189664	0.0250951	0.449441	0.0366021	0.075471	0.0655807	0.0383181	0.0177831	0.00313206	0.00677638
155	0.0901138	0.00792871	0.00634029	0.00835258	0.005563	0.0275842	0.00944106	0.0149965	0.0181921	0.027819	0.0103775	0.0200131	0.0116069	0.0475724	0.010126	0.304389	0.362136	0.0153004	0.000740584	0.00140673
156	0.263085	0.0143289	0.00254466	0.00639357	0.0141598	0.0358796	0.00425255	0.0235835	0.00968202	0.0632953	0.0149576	0.00988546	0.0054271	0.0179985	0.00757665	0.313182	0.172303	0.018171	0.00105016	0.00224421
157	0.0193512	0.0202054	0.00362978	0.0209786	0.00396565	0.703995	0.00447773	0.00611392	0.0041648	0.0188814	0.00403884	0.00888442	0.00526076	0.00844336	0.0156202	0.112903	0.0263764	0.00827271	0.00138468	0.00305179
158	0.0156197	0.0187718	0.00311169	0.00227719	0.000821652	0.0117442	0.0169419	0.0154031	0.453914	0.0113653	0.00450657	0.0194729	0.00690532	0.0421782	0.291775	0.0400236	0.0164368	0.0187696	0.00932563	0.000635799
159	0.0945339	0.045825	0.00390599	0.00720965	0.0948329	0.068419	0.00851081	0.131713	0.00883042	0.209139	0.0253653	0.0120698	0.00738511	0.0142145	0.00796729	0.0403514	0.0333539	0.139431	0.0160125	0.0309289
160	0.0854778	0.0228043	0.0318416	0.0399103	0.00880644	0.11367	0.0183787	0.0202538	0.0554518	0.0298358	0.0125958	0.127526	0.0184338	0.0544269	0.0246233	0.139132	0.15914	0.0314079	0.00131599	0.00496766
161	0.00409018	0.00287676	0.000601259	0.00105547	0.0102847	0.00154497	0.00104977	0.367801	0.00122685	0.0967307	0.0118152	0.00201511	0.000774692	0.00136575	0.0010392	0.00327313	0.0045562	0.483925	0.000962419	0.00301161
162	0.0342918	0.0845142	0.00815527	0.00943254	0.00250987	0.00533492	0.0136691	0.170121	0.0144853	0.0467834	0.00987574	0.0488182	0.00527322	0.0146753	0.00924249	0.0405908	0.118405	0.361023	0.00089003	0.00190851
163	0.00316856	0.00186743	0.000490044	0.000919236	0.00996964	0.00133476	0.000925298	0.371631	0.00102692	0.0957843	0.0109933	0.00125129	0.000778275	0.00125416	0.000998506	0.00280694	0.00267364	0.488259	0.000937119	0.00293038
164	0.0371171	0.0105325	0.00111542	0.00292167	0.030196	0.0077564	0.00625849	0.166048	0.00650258	0.322648	0.145945	0.00714592	0.0109266	0.0123167	0.00638673	0.0185138	0.0243338	0.176661	0.00386497	0.00281037
165	0.0735336	0.0178996	0.105622	0.250108	0.00656061	0.0622443	0.0270318	0.0180298	0.025568	0.0203021	0.0114256	0.0570079	0.0400046	0.0719267	0.0157477	0.122516	0.0373745	0.0297833	0.00199786	0.00531602
166	0.238118	0.0270181	0.00929524	0.0224549	0.0197094	0.0528564	0.00964463	0.0906356	0.0214392	0.093722	0.032841	0.0232546	0.0162745	0.0185095	0.0193821	0.0929935	0.040711	0.160756	0.00343118	0.00695284
167	0.0173921	0.0190235	0.00262846	0.00275877	0.00207047	0.0107297	0.0167728	0.0218785	0.444086	0.0170395	0.00662933	0.0187643	0.00813034	0.0383247	0.281912	0.0404509	0.0191945	0.0206236	0.00939889	0.00219211
168	0.0412102	0.0339607	0.0378172	0.0288455	0.00767108	0.113666	0.0398754	0.0141516	0.10841	0.0246785	0.0110421	0.196937	0.00797213	0.132479	0.0439753	0.0931538	0.0346361	0.0155884	0.0018114	0.0121187
169	0.051472	0.0245788	0.0240136	0.0296588	0.038932	0.0324245	0.0334936	0.0552323	0.0471586	0.198797	0.0484803	0.0947773	0.0221249	0.0751573	0.0301033	0.0571766	0.0398668	0.0597947	0.00982535	0.0269324
170	0.0148795	0.0191917	0.00285703	0.00192425	0.0008445	0.0107493	0.0160214	0.0157764	0.462896	0.0105692	0.00449071	0.0195048	0.00661536	0.0367671	0.294495	0.0376166	0.0159942	0.0188748	0.00932774	0.000604711
171	0.0184469	0.0189673	0.00500531	0.00301743	0.00214002	0.0130961	0.0227952	0.0141135	0.430873	0.012555	0.00464263	0.0286358	0.0106195	0.0514157	0.272489	0.044264	0.0183897	0.0176396	0.00845976	0.00243427
172	0.038514	0.0130238	0.00248336	0.00449843	0.0248761	0.00995679	0.0101123	0.130101	0.013616	0.3151	0.195619	0.0123154	0.014896	0.0181949	0.0117671	0.0306415	0.0275008	0.118571	0.00364924	0.00456299
173	0.0310135	0.00583469	0.482819	0.12033	0.00252227	0.0803853	0.0119071	0.00476316	0.0224141	0.010126	0.00503272	0.112725	0.00358214	0.0228828	0.01011	0.0474405	0.0097127	0.011102	0.000798202	0.00449861
174	0.13061	0.00797338	0.00925378	0.0568072	0.0400421	0.0642307	0.0398921	0.0257397	0.0198021	0.0733628	0.0263649	0.0364693	0.0816347	0.0574479	0.0123447	0.0890949	0.0759661	0.145556	0.00192062	0.00548686
175	0.0389666	0.0526578	0.128948	0.0353238	0.00464391	0.154715	0.0533158	0.0141165	0.0519276	0.0182143	0.011073	0.172716	0.00544996	0.0463442	0.0240387	0.113853	0.0256975	0.0369875	0.00252131	0.00848889
176	0.0533061	0.0266573	0.0368349	0.0286361	0.00705495	0.513419	0.00859643	0.0159079	0.0229993	0.030647	0.00790888	0.0308004	0.00984687	0.0205491	0.0214624	0.103397	0.0361251	0.0194645	0.00185114	0.00453503
177	0.0175361	0.0793101	0.001664	0.00395987	0.295401	0.00903177	0.0245899	0.0214797	0.00506372	0.105213	0.0168062	0.015764	0.00656916	0.0115826	0.0112241	0.0475846	0.0125236	0.0236272	0.0333921	0.257677
178	0.0195177	0.00373405	0.412139	0.26663	0.00684598	0.0401849	0.0107165	0.00875325	0.0179534	0.0103237	0.00570879	0.0602374	0.0218248	0.0264218	0.0119989	0.0324802	0.0105989	0.0141735	0.00140773	0.0183499
179	0.145047	0.00551183	0.00527263	0.0224827	0.00474513	0.00991599	0.0134381	0.0107137	0.0149775	0.0176849	0.0123265	0.0222358	0.532634	0.0405117	0.0222727	0.0667598	0.0307625	0.0175429	0.00117352	0.00399063
180	0.00814444	0.0072432	0.000883826	0.00156238	0.367711	0.00186817	0.0495924	0.00298118	0.0015554	0.0265917	0.00291227	0.0116482	0.00119322	0.0023136	0.00524525	0.0192598	0.00739055	0.00878997	0.00920017	0.463913
181	0.144333	0.0246234	0.00567971	0.0167971	0.0250126	0.0354432	0.0149701	0.123705	0.0185551	0.124727	0.036252	0.0205409	0.0169333	0.0219315	0.0162263	0.0661889	0.0507316	0.224558	0.00434777	0.00844273
182	0.025321	0.0192962	0.0124258	0.011624	0.00642811	0.0211414	0.0219134	0.0191205	0.386671	0.0209728	0.00812954	0.0335333	0.00882333	0.0576464	0.235475	0.0481605	0.0254995	0.0232143	0.0078685	0.0067346
183	0.0137672	0.00479099	0.000393393	0.000919085	0.0193459	0.00364948	0.00085031	0.334776	0.00113418	0.150078	0.0295649	0.00108915	0.00102404	0.00127969	0.00130016	0.00312036	0.00679499	0.42077	0.0022704	0.00308083
184	0.154842	0.0131583	0.00877098	0.0169751	0.0115218	0.0206272	0.177588	0.0156916	0.0183541	0.025198	0.0118766	0.0674874	0.0161551	0.145879	0.0144883	0.128167	0.0245274	0.116319	0.00397235	0.00840128
185	0.0265113	0.00727244	0.00102856	0.00205915	0.0235094	0.00481567	0.00735364	0.159656	0.00634918	0.365823	0.185122	0.00788684	0.0113872	0.0138518	0.0065451	0.0171493	0.0217075	0.127872	0.00238735	0.00171266
186	0.0812519	0.00446458	0.00125132	0.00739152	0.0106037	0.0057952	0.0127264	0.122687	0.0184573	0.229361	0.164274	0.0237373	0.0288649	0.0329532	0.0133098	0.0612699	0.0613397	0.116411	0.000989938	0.00286107
187	0.0316324	0.0106332	0.00343019	0.00919389	0.051972	0.0121632	0.0423653	0.0687595	0.0132954	0.280001	0.180472	0.016183	0.0171625	0.0920704	0.0118581	0.0621872	0.0251845	0.0571997	0.00575603	0.00848115
188	0.056562	0.0138888	0.220152	0.100667	0.00415396	0.197746	0.0132286	0.0123505	0.0337986	0.0166424	0.00588691	0.14349	0.0089562	0.0482078	0.0133397	0.0612452	0.0244779	0.0198863	0.00138779	0.00393259
189	0.0178071	0.0181071	0.00499145	0.00749596	0.00217444	0.0239392	0.0200332	0.0144597	0.404526	0.0161604	0.00595315	0.0251999	0.00751019	0.0769039	0.263953	0.0419028	0.0208191	0.016918	0.00886268	0.00228313
190	0.0149222	0.0187627	0.00262392	0.00189133	0.00089714	0.0101848	0.0160875	0.0156042	0.462861	0.0107227	0.00468789	0.0179211	0.00684965	0.0376023	0.295219	0.0374356	0.0168059	0.0188555	0.00949588	0.000569591
191	0.0152373	0.0189098	0.00292724	0.00199445	0.00128327	0.011117	0.0164629	0.0160149	0.459529	0.0109997	0.00456259	0.0195544	0.00699369	0.0392629	0.291672	0.0383351	0.0159406	0.0187443	0.00931577	0.00114346
192	0.0391061	0.0133297	0.000355201	0.00110178	0.0457095	0.00957827	0.00118441	0.244747	0.00126932	0.258133	0.0601876	0.00119671	0.00158823	0.00165962	0.00215712	0.00512019	0.0166855	0.278983	0.0104482	0.00746045
193	0.0171021	0.0191524	0.0031182	0.00280548	0.0013388	0.0125724	0.0167325	0.0159773	0.449087	0.0128627	0.00547571	0.0210731	0.00824215	0.0419247	0.287741	0.0381647	0.016825	0.0191794	0.00950165	0.00112366
