221	20
1	0.0248733	0.00549407	0.0165515	0.0543057	0.00123883	0.0328637	0.00711567	0.00214636	0.172341	0.00417091	0.00957018	0.0212588	0.0613172	0.079181	0.436345	0.0397889	0.0256654	0.00331595	0.000727652	0.00172886
2	0.0517977	0.0170122	0.00788098	0.0275011	0.0479867	0.0107884	0.0209901	0.0560107	0.156043	0.196373	0.0428131	0.0157172	0.00478498	0.0180663	0.150033	0.0452302	0.0584348	0.044956	0.00397058	0.0236098
3	0.141452	0.00475852	0.0176402	0.0728169	0.0034976	0.0140007	0.0138048	0.0136739	0.0414662	0.0497517	0.00491103	0.00662066	0.455894	0.011509	0.0221118	0.0526286	0.0253621	0.0352315	0.00884056	0.00402818
4	0.108238	0.000746047	0.169324	0.252996	0.00548289	0.0307267	0.0239239	0.00129069	0.0871586	0.0166093	0.00448172	0.0367581	0.0386766	0.0187569	0.0598694	0.1035	0.0310951	0.00602405	0.000398776	0.00394285
5	0.0812116	0.0119046	0.0560753	0.0809843	0.0326704	0.0189333	0.0286358	0.0209057	0.056992	0.0413359	0.0291902	0.0257755	0.0174716	0.147756	0.0653274	0.0515427	0.0470453	0.0380441	0.106358	0.0418407
6	0.0191942	0.00176511	0.00313112	0.00954365	0.0334987	0.00134177	0.00818615	0.07888	0.0289017	0.472321	0.25687	0.00249234	0.000940067	0.00166068	0.00543913	0.00512799	0.00777335	0.0460014	0.00270545	0.0142257
7	0.00714168	0.00116035	0.00262776	0.00303923	0.00143934	0.00550029	0.0913032	0.00143327	0.355486	0.0348011	0.023605	0.0425518	0.000770422	0.0373118	0.332166	0.0470224	0.00290664	0.00387549	0.00166385	0.00419393
8	0.08299	0.000681565	0.186917	0.237216	0.00681394	0.0441936	0.0322704	0.000898107	0.0845684	0.0202718	0.00458118	0.0544756	0.0173485	0.023827	0.0632468	0.0878948	0.0414952	0.00372176	0.000206311	0.00638268
9	0.0435605	0.0081871	0.0130699	0.0256658	0.019398	0.00722901	0.103912	0.016754	0.0857362	0.157833	0.0433735	0.0674551	0.00590416	0.0571759	0.113718	0.05114	0.0601141	0.0251464	0.00442125	0.0902062
10	0.0263454	0.00228761	0.0615403	0.0116903	0.00229855	0.243708	0.0184826	0.002762	0.115839	0.0064281	0.0109597	0.289197	0.00251894	0.0176596	0.0313531	0.10834	0.0401378	0.00469274	0.00112031	0.00264033
11	0.00595039	0.00186669	0.00109468	0.00208644	0.00646773	0.00126244	0.00239679	0.111837	0.00649474	0.65263	0.131358	0.0013308	0.000569014	0.00125805	0.00234639	0.00709212	0.0120422	0.0382221	0.00280779	0.0108861
12	0.103916	0.00237829	0.00302114	0.00473521	0.0184427	0.00254601	0.415483	0.00321255	0.0322119	0.00606363	0.00376057	0.178406	0.00355025	0.0219769	0.0053277	0.160531	0.0242523	0.00589763	0.00130366	0.0029847
13	0.0442239	0.0124838	0.00639245	0.0166487	0.00544289	0.0190436	0.0123745	0.00883474	0.0231033	0.0155864	0.00833184	0.0197964	0.00785684	0.0229846	0.0281687	0.347181	0.370977	0.0184237	0.00195597	0.0101896
14	0.0261842	0.00740162	0.00414763	0.00300342	0.00963303	0.00226318	0.00690511	0.280288	0.00553821	0.104574	0.0219411	0.00219022	0.00477775	0.00259402	0.00445662	0.00484098	0.015508	0.482325	0.00309093	0.00833628
15	0.0767394	0.265304	0.0126129	0.0157539	0.0210867	0.0189752	0.0218899	0.0362898	0.0173497	0.0797719	0.0353778	0.0135936	0.0105371	0.0142824	0.0237378	0.0407602	0.109992	0.16885	0.00314136	0.0139552
16	0.0892196	0.00185529	0.0474286	0.531424	0.0063536	0.00265678	0.0068628	0.00287415	0.0430179	0.00680328	0.00534832	0.00437619	0.0025046	0.100662	0.0414175	0.0269511	0.037936	0.0316322	0.00498022	0.005696
17	0.0637963	0.00506602	0.0540167	0.560167	0.00472818	0.0125274	0.0105415	0.00483276	0.0222464	0.00965586	0.00667995	0.0148567	0.0072704	0.0407469	0.0250579	0.117137	0.0226506	0.0125785	0.00146674	0.00397751
18	0.64969	0.00338032	0.00663218	0.00979226	0.00433103	0.0623076	0.00671203	0.00263376	0.00604258	0.0112701	0.0107717	0.0143033	0.00242846	0.00770475	0.0187185	0.131751	0.0172099	0.0283625	0.00126697	0.00469077
19	0.00726819	0.00118744	0.00252358	0.00336859	0.00141557	0.00584442	0.0882589	0.00137497	0.350943	0.0353313	0.0248605	0.0417502	0.00115051	0.038234	0.335609	0.048434	0.0030297	0.00376337	0.00158804	0.00406429
20	0.0503125	0.185951	0.0107923	0.0154938	0.179731	0.0194731	0.0225767	0.0549641	0.0208851	0.0924094	0.0299702	0.0148523	0.00578737	0.0145945	0.0240096	0.0315177	0.0626791	0.114588	0.00843302	0.0409791
21	0.117024	0.00719761	0.017642	0.0642322	0.00426769	0.0159121	0.0206526	0.0150918	0.0375449	0.0600873	0.0113023	0.00992092	0.425962	0.0105734	0.0247325	0.0627995	0.0314443	0.0478113	0.00828174	0.00751981
22	0.0919232	0.0105009	0.0650807	0.0598872	0.01665	0.0853234	0.066126	0.0152667	0.0732969	0.0367658	0.0173857	0.158311	0.00989133	0.0300044	0.0658314	0.0940452	0.054715	0.0258587	0.00523758	0.0178989
23	0.0256818	0.0100472	0.00358607	0.00565251	0.0221728	0.0038785	0.00606029	0.285277	0.0124653	0.289664	0.101234	0.00254751	0.000720141	0.00187368	0.0144417	0.0076776	0.00729002	0.194126	0.000946911	0.00465683
24	0.178764	0.00781713	0.0349146	0.0520351	0.0303126	0.212418	0.0362912	0.00705258	0.0157366	0.0213698	0.0209896	0.0864903	0.00193453	0.0248347	0.0449236	0.161452	0.0302146	0.00694756	0.000620592	0.0248808
25	0.0707756	0.000774833	0.220237	0.338221	0.00464652	0.0149504	0.0249393	0.00178147	0.0598677	0.0267826	0.0080262	0.040197	0.00871885	0.0377325	0.0478051	0.0479396	0.033648	0.00533484	0.00171037	0.00591171
26	0.0812419	0.262096	0.0114748	0.0189207	0.0248586	0.0182886	0.0237244	0.0349464	0.0205593	0.074339	0.0328117	0.0145529	0.00947345	0.0186381	0.02739	0.0414055	0.113205	0.154105	0.00405632	0.0139124
27	0.0275317	0.00701488	0.0515464	0.016785	0.207735	0.00880972	0.0164839	0.0106395	0.0154549	0.0229043	0.0122163	0.0120219	0.00469939	0.0164573	0.0278529	0.0228252	0.0177455	0.0172065	0.11082	0.37325
28	0.0914278	0.00514284	0.0328172	0.010668	0.00911894	0.475602	0.0354448	0.00402894	0.0606538	0.0200358	0.00815219	0.0444433	0.00774929	0.0374816	0.0482076	0.0776266	0.014594	0.00706856	0.00168884	0.00804755
29	0.0472362	0.00973452	0.0141989	0.023654	0.0163464	0.0176342	0.126495	0.0115927	0.0356596	0.0247204	0.0109153	0.0408781	0.0347953	0.0249659	0.0301721	0.190839	0.294386	0.0261136	0.00284161	0.0168211
30	0.717519	0.00303911	0.00333307	0.00483595	0.00274646	0.0410292	0.00388316	0.00942546	0.00453853	0.0329931	0.00903291	0.00454785	0.00351497	0.00413554	0.01921	0.051327	0.0134993	0.0680762	0.000986101	0.00232738
31	0.0227708	0.00519319	0.00401896	0.00859758	0.00283079	0.0196358	0.0082291	0.00404283	0.0123565	0.00691312	0.00635334	0.0174532	0.00671918	0.0148817	0.0159067	0.486371	0.339588	0.010326	0.00150439	0.00630747
32	0.00605432	0.00882321	0.00180316	0.00258848	0.542293	0.00174521	0.00254685	0.127556	0.00369898	0.0952423	0.0103447	0.00228606	0.000915131	0.0030478	0.00363529	0.00460605	0.00432731	0.0645642	0.0126962	0.101226
33	0.0141715	0.00283062	0.00206083	0.00666841	0.0226637	0.00170364	0.00681634	0.077595	0.021294	0.536921	0.227972	0.00200187	0.000865997	0.0025725	0.00477179	0.00589361	0.0100816	0.0343091	0.00308922	0.0157165
34	0.0202081	0.0136051	0.000845737	0.00112308	0.0185328	0.00453558	0.00480337	0.36826	0.00145267	0.243464	0.0534164	0.0010392	0.000423911	0.00116213	0.00514562	0.00571865	0.00204496	0.252946	0.000295428	0.000976482
35	0.00522626	0.000769636	0.001115	0.0024152	0.00636076	0.00110157	0.0023862	0.082977	0.00733611	0.683308	0.147929	0.00136751	0.000645311	0.00126041	0.00177393	0.00657378	0.0125184	0.0198423	0.0032654	0.0118274
36	0.0733157	0.0148236	0.0773972	0.034531	0.0145345	0.430553	0.0236617	0.00749659	0.0387014	0.0266059	0.0142693	0.046615	0.0120042	0.0263506	0.0337597	0.068013	0.0241921	0.0161731	0.00251002	0.014493
37	0.0758948	0.000711759	0.218017	0.201919	0.00634753	0.0401308	0.0337485	0.000964522	0.0866208	0.0279045	0.00644314	0.0683815	0.0107205	0.0268161	0.0585385	0.0774943	0.0477239	0.00338602	0.000318629	0.00791822
38	0.0740009	0.00746259	0.00635787	0.0361371	0.00770213	0.00580359	0.00887676	0.215452	0.021383	0.044776	0.0283544	0.00850077	0.00288888	0.00774764	0.0512602	0.0307401	0.227292	0.206634	0.00220129	0.00642859
39	0.0965039	0.150372	0.0331693	0.0276105	0.020283	0.18747	0.030308	0.0224406	0.0311636	0.0553616	0.027362	0.0320067	0.0167671	0.0292908	0.0404163	0.0761129	0.0500802	0.0524345	0.00454617	0.0163011
40	0.0453917	0.00737134	0.0137008	0.028255	0.00703964	0.0110745	0.016486	0.0105627	0.0534355	0.0237022	0.00898585	0.023976	0.00702484	0.0482071	0.0954756	0.14493	0.419229	0.0142412	0.00205558	0.0188553
41	0.060318	0.00853431	0.0218621	0.0343894	0.0545264	0.0208445	0.0547053	0.0231397	0.0859251	0.0654827	0.0208438	0.0330598	0.0186493	0.0375204	0.199879	0.0479635	0.0361318	0.0280265	0.0138647	0.134333
42	0.262429	0.00621016	0.0281296	0.0411197	0.0179596	0.199838	0.0240909	0.00567256	0.0153958	0.0130447	0.0143164	0.0743745	0.00214734	0.015906	0.0543231	0.162113	0.0335799	0.00982022	0.00115733	0.0183715
43	0.0629426	0.282821	0.00525896	0.00904097	0.0146421	0.00851571	0.0134299	0.035768	0.0118727	0.0545516	0.0334596	0.00839908	0.00338264	0.00920849	0.0173161	0.0274259	0.183973	0.208569	0.00117493	0.00824711
44	0.0193887	0.00436064	0.0094529	0.0180971	0.00281458	0.0408735	0.0325413	0.00296448	0.202957	0.0180859	0.0371151	0.0353669	0.0101835	0.0377347	0.406336	0.0967048	0.0134	0.00563	0.00156529	0.00442792
45	0.0123369	0.00900518	0.00345248	0.00607765	0.472534	0.0048275	0.00711314	0.10692	0.00683515	0.107962	0.016205	0.00358615	0.00154968	0.00658222	0.00873984	0.00863468	0.00709217	0.0587732	0.0158642	0.135909
46	0.107646	0.184756	0.0182144	0.0256331	0.0200636	0.0184464	0.0279423	0.0328805	0.0265351	0.153335	0.0300948	0.0210397	0.0104788	0.0244177	0.0354287	0.110201	0.0576505	0.0659443	0.00449734	0.0247955
47	0.20059	0.00687381	0.046601	0.0528201	0.0226953	0.157725	0.032747	0.00700776	0.0148123	0.0130266	0.0155786	0.108674	0.00138766	0.0168305	0.0434862	0.179353	0.0372673	0.0141445	0.000942165	0.027438
48	0.0282189	0.00204834	0.00501177	0.00409373	0.00529889	0.00151311	0.00610636	0.25495	0.0100859	0.0573483	0.0114338	0.0018061	0.000810375	0.00301355	0.00591335	0.00581964	0.0468297	0.534928	0.00398599	0.0107847
49	0.0735194	0.00103349	0.216094	0.179971	0.00605909	0.0420794	0.0341057	0.00135691	0.100108	0.0302679	0.00678919	0.0747252	0.00882022	0.0290275	0.0562594	0.0752655	0.049352	0.00363475	0.000398603	0.0111332
50	0.148698	0.00906868	0.0155148	0.0783567	0.00132171	0.0340118	0.00827358	0.00879546	0.052391	0.0437955	0.00294517	0.0034301	0.465515	0.0055406	0.00876406	0.0573372	0.0210085	0.025833	0.00803043	0.00136879
51	0.148097	0.00425916	0.0125184	0.0769881	0.000830934	0.0134448	0.00941649	0.0102003	0.0424128	0.0430945	0.0019146	0.00332647	0.501701	0.00568102	0.0103361	0.0548554	0.0251002	0.0243383	0.0105283	0.000956233
52	0.0882337	0.00360525	0.00472136	0.0173184	0.00299135	0.0055534	0.00651859	0.0239563	0.011505	0.167797	0.00493985	0.00450821	0.431044	0.00506676	0.00711272	0.0329531	0.0106373	0.164985	0.00288968	0.00366281
53	0.0795894	0.00117709	0.193897	0.431082	0.0038508	0.00909672	0.0154681	0.00232439	0.0495836	0.0125214	0.00746735	0.0184331	0.00805843	0.0535595	0.0398834	0.0371185	0.0197243	0.0078064	0.00415626	0.00520153
54	0.146591	0.00398056	0.011668	0.0773974	0.000773789	0.0115453	0.0102796	0.0107483	0.0399895	0.0391969	0.00189735	0.00289412	0.513476	0.00616495	0.00908936	0.0541929	0.0254819	0.0231452	0.0105791	0.000909066
55	0.0756108	0.000744112	0.276017	0.198501	0.00665551	0.0178925	0.0324528	0.00111418	0.0756492	0.0359887	0.0124725	0.0626569	0.0072562	0.0381618	0.0516655	0.0545766	0.0386549	0.00454014	0.00219089	0.0071987
56	0.0770034	0.00519578	0.0946901	0.449451	0.00733778	0.0132149	0.0156726	0.00707009	0.0478855	0.0222647	0.00929699	0.0204634	0.0286499	0.0494538	0.0516866	0.0472195	0.0268141	0.0159195	0.00221215	0.00849785
57	0.122946	0.00698436	0.0184623	0.0696735	0.00538913	0.0157461	0.0177465	0.0151146	0.0406658	0.0559487	0.00859901	0.00788641	0.433435	0.0138554	0.0277924	0.0555607	0.0271758	0.0422045	0.00815225	0.00666171
58	0.0876654	0.00106454	0.0129422	0.124529	0.061796	0.0116956	0.0234187	0.0612301	0.0486611	0.120911	0.0433581	0.0353798	0.0127876	0.0482406	0.0876184	0.0442624	0.0216912	0.074336	0.0117872	0.0666246
59	0.0072823	0.00116547	0.00281279	0.00302635	0.00141558	0.0054788	0.0920916	0.00137673	0.353223	0.0350535	0.0232956	0.0439617	0.000782608	0.0371274	0.33195	0.0470881	0.00280742	0.00392181	0.00179682	0.00434222
60	0.0598806	0.0218645	0.00385452	0.00753834	0.00806107	0.00214124	0.0054982	0.167286	0.0070138	0.0678199	0.0265256	0.00417534	0.00150483	0.00346225	0.00879332	0.017143	0.19355	0.386197	0.00209718	0.00559349
61	0.673443	0.00389376	0.00427751	0.0063807	0.00331136	0.0490018	0.00431245	0.0029658	0.004627	0.0107568	0.0174882	0.0099206	0.00157988	0.00775757	0.0161311	0.136013	0.0166655	0.0270547	0.000798341	0.00362107
62	0.0868005	0.00264605	0.0758892	0.224664	0.00171239	0.0106066	0.0205613	0.0158196	0.138059	0.0328172	0.0191184	0.0242443	0.00511234	0.0718493	0.159674	0.0651816	0.0305219	0.0122775	0.000765502	0.00167936
63	0.341865	0.0202899	0.0326128	0.0552073	0.00425597	0.0183456	0.00829525	0.00437294	0.014848	0.0197946	0.00681192	0.0521254	0.0026521	0.014065	0.0187426	0.258835	0.0799083	0.0404184	0.00172243	0.00483185
64	0.0258827	0.00247602	0.00395425	0.00118779	0.0044461	0.00118246	0.00642747	0.282956	0.00387048	0.0817454	0.0166523	0.00100947	0.000440282	0.00137166	0.00188839	0.00222018	0.00907108	0.543137	0.00321968	0.00686059
65	0.377338	0.0203137	0.0045244	0.0321468	0.00333058	0.00470521	0.0207547	0.00356755	0.106043	0.00775443	0.00422954	0.0219787	0.00166451	0.0225799	0.113168	0.11867	0.0437041	0.0877166	0.00111471	0.00469579
66	0.0867316	0.0034607	0.045174	0.211449	0.000993116	0.0108857	0.0176921	0.0177216	0.150194	0.0308801	0.0211703	0.0213257	0.00381864	0.077234	0.190957	0.0660081	0.0306565	0.0123994	0.000445287	0.000803418
67	0.0115709	0.00251195	0.00299904	0.00610336	0.0137999	0.00301109	0.00535504	0.0832561	0.0144572	0.555847	0.18271	0.00344576	0.00127281	0.00448497	0.00610368	0.00920393	0.028686	0.0265606	0.0138527	0.0247679
68	0.0749044	0.027713	0.0196653	0.0263869	0.00886245	0.0116449	0.0152112	0.02825	0.0305173	0.033467	0.0159778	0.0183626	0.00992535	0.0251635	0.0354028	0.115083	0.423206	0.0645995	0.00247482	0.0131819
69	0.043494	0.093406	0.0107296	0.0149962	0.0120487	0.0182374	0.0154034	0.0198593	0.0218113	0.0414734	0.0873618	0.0157352	0.00806787	0.0136425	0.0283019	0.341195	0.153532	0.0468591	0.00394767	0.00989769
70	0.0605416	0.0406128	0.0070113	0.00858732	0.0208004	0.00780915	0.0139512	0.192411	0.0106883	0.0911092	0.0245467	0.00746135	0.00497618	0.00679883	0.010701	0.0161661	0.0447097	0.415728	0.00307778	0.0123124
71	0.170376	0.00692412	0.1753	0.127414	0.00770662	0.0347245	0.0248531	0.00413582	0.0542489	0.0301756	0.0102687	0.0838431	0.00804902	0.0303304	0.0447028	0.0915378	0.0677677	0.0144015	0.00200437	0.0112357
72	0.0598618	0.00956864	0.030392	0.0633996	0.00843566	0.0269816	0.0354056	0.0148894	0.144214	0.0427377	0.018319	0.0309088	0.0220103	0.0615517	0.293257	0.0559062	0.0469162	0.0181351	0.00373205	0.0133779
73	0.0920301	0.0086738	0.211099	0.161527	0.0106355	0.0688363	0.0301689	0.0104987	0.0688276	0.0323101	0.0166041	0.0421175	0.0121522	0.0424984	0.0624726	0.0559451	0.0335915	0.0196503	0.00496986	0.0153908
74	0.114084	0.00312454	0.218428	0.274177	0.00496391	0.0146933	0.0207227	0.00317647	0.0696097	0.0194356	0.0104176	0.030128	0.0108468	0.0542291	0.0546099	0.049841	0.0256379	0.00879742	0.00553953	0.00753748
75	0.00425767	0.000705623	0.000998049	0.00195019	0.00436757	0.000950859	0.0020018	0.0853838	0.00588658	0.70192	0.132758	0.00139531	0.000569441	0.00121334	0.00180658	0.00692021	0.0124999	0.0196263	0.00324992	0.0115387
76	0.147261	0.00405686	0.0118182	0.0777939	0.000814276	0.0117853	0.0100688	0.0107439	0.0399062	0.0386719	0.00188463	0.0029139	0.512076	0.00604991	0.00902783	0.0547193	0.025843	0.0233051	0.010344	0.000915675
77	0.0919426	0.00852338	0.194608	0.132059	0.0103543	0.0321223	0.029552	0.011277	0.0639743	0.032638	0.016268	0.0538204	0.0133915	0.0328442	0.0551018	0.0795912	0.102667	0.0229114	0.00397297	0.0123814
78	0.0560083	0.00582705	0.00647884	0.00963428	0.0730421	0.458246	0.0130227	0.00630119	0.0134944	0.0849614	0.0407535	0.0101328	0.00422743	0.0940671	0.01247	0.0202351	0.0130568	0.0102361	0.00244105	0.0653643
79	0.0591789	0.00618133	0.0932608	0.0283629	0.0127494	0.502378	0.021245	0.00563478	0.0378022	0.0227373	0.0117203	0.0467458	0.00724648	0.026605	0.0279062	0.0496843	0.0166223	0.00962853	0.00219483	0.0121151
80	0.482858	0.00720755	0.00585366	0.0101511	0.00343247	0.0193899	0.00587572	0.00376632	0.0065301	0.00969082	0.00879719	0.0113812	0.0038631	0.0248181	0.0104382	0.334308	0.0321032	0.0149257	0.00134479	0.0032651
81	0.189052	0.00685646	0.0411862	0.0628579	0.027869	0.177598	0.0315252	0.00745443	0.0146388	0.0132736	0.0181109	0.0968583	0.00123821	0.0186709	0.0513785	0.176864	0.030086	0.00695055	0.000421227	0.0271093
82	0.100214	0.0656275	0.0102853	0.0145284	0.0288351	0.0098501	0.178241	0.1194	0.0179726	0.138403	0.0151737	0.0162937	0.00871991	0.0158842	0.0255651	0.0402497	0.0299078	0.0667236	0.00320929	0.0949142
83	0.00601887	0.00854454	0.00181428	0.00293845	0.538376	0.00198302	0.00254966	0.12965	0.00442218	0.096237	0.0102716	0.0023182	0.00090449	0.0032171	0.00498106	0.00447946	0.0043339	0.0640467	0.0139474	0.0989664
84	0.75104	0.00194498	0.00236126	0.00333627	0.00169154	0.0410058	0.00299664	0.00203003	0.00491327	0.0132651	0.00701825	0.00468063	0.00096125	0.00386538	0.0244517	0.0634982	0.0169497	0.0513866	0.000920071	0.00168368
85	0.0867878	0.00345428	0.0451178	0.211479	0.00104249	0.0108596	0.0176973	0.0176735	0.150011	0.0308363	0.02119	0.0212812	0.00380225	0.0773947	0.190904	0.0660504	0.0306847	0.0124655	0.000459342	0.000808683
86	0.0795071	0.218448	0.00224615	0.00315612	0.00908706	0.00277377	0.00663466	0.0411579	0.00588821	0.0337048	0.0234796	0.0043007	0.00122872	0.0029954	0.00429644	0.0184909	0.319365	0.220164	0.000815572	0.00226016
87	0.0193618	0.00563359	0.00219417	0.000973251	0.00913218	0.0020922	0.00493905	0.344641	0.00231459	0.132901	0.036598	0.000868193	0.000410844	0.00104463	0.00257316	0.00313253	0.00484071	0.421233	0.00160013	0.00351634
88	0.0295498	0.00817738	0.02375	0.0608707	0.00119148	0.0278079	0.0115539	0.00382795	0.175073	0.00682412	0.0152491	0.0195567	0.0301911	0.0994417	0.388449	0.0601985	0.0325574	0.00363278	0.000652097	0.00144571
89	0.187637	0.0204749	0.00597168	0.0998961	0.00511817	0.00312909	0.0270844	0.00448149	0.073268	0.0965102	0.00620892	0.0407183	0.00180849	0.0840379	0.125383	0.0122012	0.100779	0.0431028	0.00288929	0.0593003
90	0.0198712	0.0132002	0.000827613	0.00111208	0.0180406	0.00443243	0.00469734	0.371253	0.00143206	0.240822	0.0533406	0.00103364	0.000434624	0.00115719	0.00511786	0.0056571	0.0020341	0.254248	0.000291771	0.000996455
91	0.00987495	0.00188607	0.00470683	0.00938979	0.0023805	0.00796758	0.0810873	0.00207859	0.328482	0.0319781	0.022707	0.0389714	0.00517786	0.0466128	0.342315	0.04723	0.00632933	0.0044607	0.00164017	0.0047241
92	0.0448264	0.003728	0.00441647	0.0085849	0.00814342	0.00414844	0.00608251	0.230316	0.00783417	0.127024	0.125502	0.00590402	0.00212539	0.005566	0.0120088	0.0368378	0.202166	0.15772	0.00218489	0.00488229
93	0.0544951	0.0264262	0.00293327	0.0237318	0.02962	0.0108313	0.0158189	0.0818675	0.122676	0.194741	0.0412317	0.00879846	0.00122232	0.00979442	0.164807	0.0482509	0.112525	0.0409841	0.00164201	0.00760189
94	0.0262458	0.00297131	0.00367426	0.00134107	0.00490503	0.00135552	0.00556906	0.292876	0.00380793	0.0884593	0.019147	0.000924418	0.000430279	0.00116937	0.00198982	0.00233407	0.00947755	0.524157	0.00297101	0.00619349
95	0.081916	0.00593748	0.102627	0.439943	0.00625067	0.0140686	0.016556	0.00682108	0.0481087	0.0198838	0.00945138	0.01967	0.0237967	0.0454039	0.0552005	0.052333	0.0283111	0.0142292	0.00210014	0.0073912
96	0.0602222	0.320029	0.00257865	0.00367295	0.0136997	0.00404454	0.00840017	0.0388012	0.00416893	0.0473386	0.0356003	0.00400009	0.00144223	0.00339858	0.00502664	0.00867755	0.169452	0.266012	0.000865592	0.00256859
97	0.0178561	0.00754043	0.00274473	0.00559532	0.027391	0.00304283	0.00562129	0.195853	0.0108712	0.445452	0.0958567	0.00299851	0.00105861	0.00322402	0.00938506	0.00963778	0.0125379	0.127719	0.00273336	0.0128809
98	0.0923239	0.0150641	0.00242897	0.00903286	0.00314406	0.0023046	0.00370901	0.105571	0.00940962	0.0246521	0.0113365	0.00520584	0.00139309	0.00310539	0.0101799	0.0367081	0.464006	0.19716	0.000967269	0.00229708
99	0.0227647	0.00925831	0.0059206	0.0112389	0.00629211	0.059422	0.010781	0.00685435	0.011005	0.0130102	0.0105798	0.0144881	0.0971996	0.0097991	0.0116219	0.562674	0.116017	0.0115517	0.00289619	0.00662557
100	0.0875646	0.00189506	0.219485	0.301172	0.00483301	0.017216	0.0228115	0.00302577	0.0683396	0.0204871	0.0111172	0.0327116	0.0121385	0.0480908	0.0523769	0.050758	0.0271314	0.00804275	0.00410579	0.00669734
101	0.0122363	0.00449207	0.0111258	0.00728011	0.374234	0.00455023	0.00793157	0.034751	0.00521093	0.0312825	0.00639597	0.00417275	0.00149665	0.00611914	0.0189163	0.00923794	0.00808063	0.0205842	0.0500323	0.38187
102	0.310572	0.175329	0.0345682	0.0344362	0.00547335	0.0330394	0.0518347	0.00561505	0.00803942	0.114428	0.0324798	0.0317304	0.00256292	0.0537702	0.00890983	0.0632505	0.0132824	0.0127476	0.00218267	0.00574843
103	0.0206911	0.0124748	0.00108113	0.0011139	0.0182224	0.00408335	0.00488859	0.363052	0.00152535	0.224806	0.0527624	0.000979201	0.000448519	0.00118054	0.00462669	0.00559236	0.00361566	0.277223	0.000421023	0.00121157
104	0.0939675	0.000600832	0.239358	0.248464	0.00492035	0.0175111	0.0329615	0.00101789	0.076643	0.0208742	0.0086945	0.0343394	0.0136805	0.0406754	0.0596393	0.0612997	0.0276893	0.0068285	0.00361843	0.00721629
105	0.0531599	0.0277939	0.00250108	0.0289386	0.0255486	0.00762346	0.0177229	0.0826048	0.125233	0.159953	0.0359929	0.0112932	0.000864976	0.0116673	0.165448	0.0554853	0.148906	0.0363814	0.000676274	0.00220413
106	0.0179479	0.00899438	0.00126763	0.000830491	0.0140672	0.00294795	0.00500359	0.357232	0.00165112	0.182533	0.0470337	0.00079458	0.000425078	0.00101732	0.00344976	0.00400416	0.00221652	0.345978	0.000795489	0.00180903
107	0.0226021	0.0142141	0.000941955	0.0011551	0.0180907	0.0049749	0.00516521	0.364006	0.00161803	0.23933	0.0530457	0.00120486	0.000477932	0.00118182	0.00505691	0.00688693	0.00271744	0.255828	0.000307827	0.00119438
108	0.070727	0.000849245	0.226525	0.173058	0.0061008	0.0389752	0.0335638	0.00113001	0.0894262	0.0348274	0.00728039	0.0796341	0.00709405	0.0292431	0.0586342	0.0733788	0.0560769	0.00339711	0.000342557	0.00973599
109	0.33769	0.0927649	0.0428979	0.0516093	0.00465158	0.00871284	0.0125608	0.00453523	0.0104986	0.0515886	0.0101369	0.0265783	0.0032466	0.017507	0.00993986	0.221836	0.048188	0.0388768	0.00157538	0.00460522
110	0.0933679	0.00342504	0.0739856	0.0574553	0.00710177	0.288625	0.0398668	0.00529299	0.0666763	0.0338097	0.00839259	0.07282	0.0199727	0.0392583	0.0908194	0.0596616	0.0204095	0.0080596	0.00256787	0.00843241
111	0.0784044	0.00359962	0.00561484	0.0130292	0.00361622	0.0055933	0.00716188	0.0234129	0.0104035	0.185325	0.0061898	0.0055491	0.413174	0.00582143	0.00838713	0.0302686	0.0106769	0.176993	0.00249492	0.00428448
112	0.0796602	0.0010354	0.256458	0.266871	0.005867	0.0167285	0.0326925	0.00163556	0.0666062	0.0233713	0.00917924	0.0384167	0.0102913	0.0389744	0.0499707	0.0517778	0.0343206	0.00636385	0.00319882	0.00658105
113	0.0307819	0.00481132	0.00499574	0.00421808	0.00604724	0.00212666	0.0052412	0.243873	0.0066168	0.0602814	0.0134455	0.00275932	0.000955822	0.00255396	0.00598162	0.00691678	0.0577998	0.527804	0.00352345	0.00926649
114	0.0058972	0.00835219	0.00180897	0.0025349	0.546609	0.00179543	0.00233458	0.12732	0.00345743	0.0942518	0.0104153	0.0022871	0.000895184	0.00293064	0.00351583	0.00440411	0.00399086	0.0617973	0.0128091	0.102594
115	0.278775	0.0122828	0.03416	0.0472737	0.0101534	0.0566659	0.0327167	0.00609234	0.0188081	0.0185924	0.011138	0.0830416	0.00396494	0.0182108	0.0278995	0.223131	0.079715	0.0233087	0.00185687	0.0122134
116	0.0768437	0.00791847	0.0243006	0.0286433	0.0159763	0.0230237	0.28384	0.00927977	0.0583449	0.0281429	0.0145341	0.133308	0.00875198	0.0703776	0.0491501	0.100513	0.0299944	0.0163478	0.00305207	0.0176574
117	0.0908702	0.0101891	0.0643101	0.0645017	0.0159156	0.08934	0.0546959	0.0167225	0.0645544	0.0361241	0.0206615	0.154515	0.0109146	0.0316643	0.06086	0.108202	0.0563765	0.0267995	0.00399589	0.0187872
118	0.0180687	0.00715485	0.00152494	0.000873202	0.0119046	0.00247285	0.00497518	0.354814	0.00176417	0.158863	0.0440463	0.000783635	0.000390794	0.000978206	0.00287834	0.00357979	0.00258781	0.378972	0.00108862	0.00227903
119	0.0761476	0.00498868	0.0867405	0.472576	0.00794386	0.0140929	0.0156273	0.00740257	0.0439247	0.0216261	0.00917042	0.0186325	0.0190347	0.0485424	0.0471173	0.0497568	0.0251143	0.0179706	0.00297638	0.0106143
120	0.0734928	0.0363838	0.017338	0.0303927	0.0114784	0.0150919	0.0163497	0.034059	0.0329749	0.037362	0.018047	0.0203031	0.0123004	0.0237577	0.0390336	0.110022	0.377708	0.0741822	0.00339628	0.016327
121	0.0658623	0.0935982	0.00629969	0.0112966	0.0200611	0.00542239	0.0111619	0.0910726	0.0146088	0.0554564	0.0262038	0.0111604	0.0041276	0.00902921	0.0156895	0.0238702	0.195629	0.33035	0.00245372	0.00664622
122	0.032221	0.00532602	0.0214008	0.0742215	0.00142824	0.0285712	0.00851939	0.00388171	0.172168	0.00678007	0.0113502	0.0181019	0.0603826	0.0775865	0.409151	0.0367254	0.0253183	0.00432679	0.000830541	0.00170898
123	0.139916	0.00319812	0.0759321	0.172267	0.00514018	0.0400188	0.0153983	0.00656069	0.0773337	0.0162207	0.0109594	0.0361807	0.0127848	0.0265549	0.206413	0.116834	0.0235134	0.00929994	0.000873602	0.00460033
124	0.0592082	0.101262	0.0111395	0.0249115	0.0244251	0.0128856	0.0301904	0.0516528	0.0670175	0.212982	0.0354154	0.0162667	0.00546591	0.0224898	0.130311	0.0439315	0.0647068	0.0602852	0.0030135	0.0224386
125	0.0228848	0.00337915	0.00424283	0.0169892	0.00366531	0.00398616	0.00724509	0.00428045	0.0375509	0.00796564	0.00676536	0.0169898	0.00260645	0.0870297	0.0549013	0.108055	0.565504	0.00897324	0.00195137	0.0350341
126	0.0687556	0.00138717	0.00919412	0.0664285	0.0729884	0.00771885	0.0327	0.0559474	0.0653646	0.125152	0.0518156	0.0333546	0.0240806	0.051001	0.0979908	0.0558429	0.0154353	0.0806576	0.00696278	0.0772218
127	0.0300278	0.0379088	0.00508315	0.00991086	0.219629	0.00561865	0.0130457	0.121738	0.0145297	0.119397	0.0314086	0.00798944	0.00530097	0.0102396	0.0152865	0.0171851	0.0461205	0.233524	0.00620421	0.0498523
128	0.0577857	0.00974516	0.024098	0.0609317	0.0114423	0.026327	0.0367723	0.0162311	0.143727	0.0451423	0.0200241	0.0294363	0.0188801	0.0731662	0.288361	0.0521461	0.0406579	0.0222616	0.00499546	0.0178689
129	0.095993	0.00569655	0.208261	0.170772	0.011622	0.0636723	0.0301149	0.00904843	0.0684133	0.0315773	0.0151304	0.0444945	0.0160496	0.0411911	0.0601521	0.0617543	0.0321163	0.0150387	0.00464282	0.0142598
130	0.096596	0.00447629	0.00573066	0.0082445	0.00506731	0.00599789	0.192242	0.0658653	0.0406419	0.0125962	0.00702534	0.0374083	0.193626	0.0073246	0.191262	0.0405849	0.00989696	0.00925908	0.00294307	0.0632112
131	0.0365971	0.00604553	0.0271087	0.0840962	0.00144389	0.0304298	0.0107597	0.00505344	0.167983	0.009603	0.0132637	0.020069	0.0376849	0.0984149	0.367819	0.0475595	0.0289595	0.00502233	0.000657163	0.0014297
132	0.450424	0.0104918	0.022113	0.0274708	0.00979437	0.135292	0.0173903	0.0055598	0.0215925	0.0227673	0.0143864	0.0362785	0.00845844	0.0170533	0.0422998	0.0964387	0.0216779	0.0269793	0.00196421	0.0115673
133	0.0440695	0.00218141	0.0614592	0.0238294	0.00389911	0.226527	0.0154644	0.00310315	0.0981007	0.00705055	0.0154013	0.255808	0.00176542	0.0140311	0.0319107	0.121038	0.0648225	0.0041555	0.00094569	0.00443727
134	0.0112929	0.00326912	0.0137007	0.00669406	0.331551	0.00337483	0.00732444	0.0124871	0.00503113	0.0139916	0.00478943	0.0042563	0.00178654	0.00526693	0.0234966	0.00887921	0.00775105	0.00961431	0.0661158	0.459327
135	0.118282	0.00101198	0.289589	0.248747	0.00262095	0.00141331	0.0135253	0.00151639	0.0786244	0.010156	0.015687	0.014176	0.00296802	0.0845771	0.0509818	0.0210054	0.0139806	0.00924948	0.0132732	0.00861456
136	0.0275672	0.00614724	0.0155163	0.0393657	0.00383228	0.0193653	0.0107953	0.00463171	0.121909	0.00862097	0.0104135	0.0147966	0.0311194	0.240357	0.353527	0.0376534	0.0395079	0.00793745	0.00257792	0.00435853
137	0.0103538	0.00463589	0.0021764	0.00470204	0.00213022	0.0205396	0.00433338	0.00239844	0.00711407	0.00431184	0.00527448	0.0146549	0.00542267	0.00931547	0.0101217	0.567455	0.314721	0.00471329	0.00086207	0.00476326
138	0.00425767	0.000705623	0.000998049	0.00195019	0.00436757	0.000950859	0.0020018	0.0853838	0.00588658	0.70192	0.132758	0.00139531	0.000569441	0.00121334	0.00180658	0.00692021	0.0124999	0.0196263	0.00324992	0.0115387
139	0.186965	0.00690213	0.0425126	0.0639536	0.0277462	0.176396	0.031539	0.00726656	0.0157427	0.0132236	0.0178956	0.0970067	0.00123796	0.018672	0.0518878	0.176363	0.0305103	0.00686766	0.000413122	0.0268992
140	0.0317494	0.0450489	0.00590827	0.00761265	0.0925112	0.00560241	0.0121262	0.0341757	0.0105688	0.110071	0.0502188	0.00971145	0.00315507	0.0089124	0.0117617	0.015722	0.171684	0.358878	0.0026443	0.0119377
141	0.0342874	0.0168041	0.00785443	0.0150165	0.0236332	0.00835909	0.0124864	0.0970208	0.0262535	0.439179	0.0994324	0.00883735	0.0146341	0.0118386	0.0301054	0.0262773	0.0310185	0.0715842	0.00424407	0.0211333
142	0.0842762	0.00343683	0.0439466	0.208744	0.00097677	0.0109647	0.0169832	0.0171774	0.152697	0.0296267	0.0211048	0.0221762	0.00429284	0.0776596	0.194946	0.0665345	0.0299843	0.0130887	0.000458559	0.000925099
143	0.0758567	0.020866	0.0352835	0.0228572	0.0193598	0.00324929	0.118264	0.00466321	0.0135483	0.162963	0.0455424	0.0269033	0.00240841	0.108184	0.115337	0.0276461	0.0128908	0.00798523	0.00116391	0.175029
144	0.159067	0.0116805	0.0044201	0.00456103	0.0129138	0.00723142	0.0074696	0.141842	0.00573643	0.0774449	0.0335433	0.0043265	0.00224159	0.00453871	0.00710928	0.00944581	0.0296585	0.469573	0.00228108	0.00491552
145	0.0165351	0.00548203	0.00389379	0.00874461	0.0609407	0.00427885	0.0205151	0.164626	0.0318901	0.179256	0.0115496	0.00453287	0.0015986	0.0218348	0.0310856	0.0109815	0.0330844	0.32439	0.0028522	0.0619282
146	0.088394	0.0377341	0.00313274	0.0114903	0.0109906	0.00446658	0.00859773	0.0597084	0.0541302	0.0721042	0.0158988	0.00675046	0.00142072	0.00644259	0.0539231	0.0612278	0.421644	0.0759513	0.00101071	0.00498133
147	0.066095	0.00958309	0.0580874	0.0833406	0.00998271	0.0329136	0.0413939	0.0140611	0.200015	0.0503202	0.0253968	0.0391066	0.0231013	0.0431476	0.171267	0.0572296	0.0384563	0.0202006	0.00354495	0.0127565
148	0.0075599	0.00491425	0.00232476	0.00374125	0.00214974	0.0252997	0.00447241	0.00216294	0.00386961	0.00471875	0.00589507	0.0159854	0.0065851	0.00397179	0.00478135	0.625419	0.268512	0.0042163	0.000898744	0.0025224
149	0.0627341	0.00761705	0.0176958	0.0175099	0.00878567	0.149589	0.0138911	0.00617959	0.0171218	0.0113183	0.0119484	0.0342196	0.0172431	0.0138455	0.0260443	0.449763	0.115872	0.00872411	0.00222985	0.00766913
150	0.0196285	0.0131738	0.000875275	0.00133218	0.0200544	0.00438238	0.00473282	0.356745	0.00256358	0.262808	0.0616996	0.00111125	0.000448079	0.00139946	0.00559521	0.0057468	0.002279	0.233628	0.000348036	0.0014493
151	0.0244267	0.00909361	0.0064407	0.0112873	0.0238309	0.00420352	0.0114264	0.0858921	0.028034	0.469926	0.188677	0.00636776	0.00456182	0.00640073	0.0185168	0.0136276	0.0186154	0.0488841	0.00287687	0.0169111
152	0.0266465	0.0135998	0.00378865	0.00212981	0.0128545	0.00272339	0.00667256	0.238995	0.00578201	0.116209	0.0236404	0.00212541	0.00352434	0.0030111	0.00468013	0.00475757	0.0211377	0.497795	0.00263983	0.00728721
153	0.0603096	0.00749995	0.0900413	0.0261366	0.011157	0.491489	0.0230678	0.006188	0.038516	0.022291	0.0110547	0.044797	0.0113818	0.0280091	0.0303455	0.0511925	0.0200084	0.0111119	0.00277899	0.0126236
154	0.0373694	0.19503	0.00411832	0.0053739	0.0426967	0.0056716	0.0316213	0.0613837	0.00857122	0.220958	0.0464525	0.00555529	0.00205364	0.00647662	0.0117095	0.0165565	0.0668998	0.214841	0.00165867	0.0150021
155	0.0724403	0.00707512	0.0916494	0.0292853	0.0107957	0.473027	0.0224009	0.00860927	0.0385822	0.0213653	0.0119893	0.0494487	0.0095418	0.0242541	0.0309388	0.0560012	0.0180211	0.0130524	0.00171806	0.00980444
156	0.0797884	0.00527161	0.106612	0.435329	0.00685285	0.0167316	0.0185378	0.00634651	0.0500842	0.0223087	0.0102066	0.0224981	0.0219129	0.0443772	0.0513692	0.051878	0.0255202	0.0137608	0.00301619	0.00759814
157	0.0195511	0.00212583	0.00281284	0.0171649	0.00250903	0.00262041	0.00620818	0.00244271	0.0427138	0.00552186	0.00298355	0.0167767	0.00163104	0.0615842	0.0625338	0.126323	0.591925	0.00548046	0.00108811	0.0260037
158	0.0946003	0.00069812	0.205375	0.27515	0.00684707	0.0224336	0.029197	0.00149621	0.0755962	0.019303	0.00903656	0.033729	0.0250715	0.0320969	0.0615148	0.0705991	0.025479	0.00520807	0.00174103	0.00482699
159	0.0924764	0.000529731	0.177325	0.331506	0.0058916	0.0263774	0.0262358	0.000940246	0.0691284	0.0144488	0.00527275	0.0319649	0.0255503	0.0283031	0.0524556	0.0775616	0.0245307	0.004688	0.000665804	0.00414748
160	0.0456688	0.00172582	0.0632167	0.731926	0.00224817	0.00265622	0.00394751	0.00241881	0.00978775	0.00625421	0.00305184	0.00347782	0.00264211	0.0527526	0.0146309	0.029746	0.0114085	0.00930057	0.000849522	0.00228994
161	0.022093	0.00202204	0.00416288	0.00114169	0.00390432	0.00105743	0.0053077	0.279864	0.00383632	0.0786341	0.0159546	0.00108654	0.000462737	0.00121668	0.00150047	0.00210644	0.00886674	0.5561	0.00334415	0.00733793
162	0.0590784	0.00170139	0.00913629	0.0631202	0.0534076	0.0122574	0.0164834	0.0929702	0.0867879	0.170204	0.0394528	0.0195353	0.00888952	0.0340115	0.0954774	0.0289861	0.020676	0.104733	0.0115977	0.0714939
163	0.180277	0.00970777	0.0027351	0.00443949	0.00285548	0.0025274	0.00474944	0.01909	0.00882196	0.00932649	0.00337561	0.00585784	0.00160217	0.00356589	0.00490801	0.0485009	0.624836	0.0585395	0.00132865	0.00295477
164	0.0052636	0.000724746	0.00102637	0.0023753	0.00667886	0.00101281	0.00247924	0.0838445	0.00766558	0.673358	0.153427	0.0014148	0.000646094	0.00117875	0.0018592	0.0063081	0.0150854	0.0197677	0.00370527	0.0121789
165	0.0908071	0.00532995	0.0470152	0.186442	0.000985568	0.0157576	0.0197584	0.0183963	0.160652	0.0300164	0.0260938	0.0172666	0.00702073	0.066515	0.205222	0.0559072	0.0332774	0.0121026	0.000491875	0.000942148
166	0.0819319	0.000772293	0.260792	0.201734	0.00572675	0.0170092	0.0299258	0.00189869	0.0798525	0.0355385	0.0117444	0.0576643	0.00753421	0.041388	0.0594904	0.0561575	0.0363986	0.00522505	0.00225051	0.00696508
167	0.0597436	0.288133	0.00407275	0.00503428	0.0214084	0.00451356	0.0149705	0.0371864	0.00559173	0.121095	0.0353412	0.00542402	0.00160433	0.00502555	0.00756385	0.0142941	0.123959	0.23558	0.00128443	0.00817393
168	0.0621979	0.00509914	0.00700362	0.0107643	0.0072969	0.00949371	0.0396768	0.00875894	0.232035	0.109344	0.0119272	0.0258096	0.00340517	0.0133259	0.325387	0.0677243	0.012125	0.0130063	0.00396727	0.031652
169	0.335166	0.00780103	0.10543	0.137367	0.00271421	0.00635178	0.00689802	0.00233166	0.0270034	0.033258	0.00369816	0.0664754	0.00502165	0.0321277	0.0258422	0.129438	0.0460273	0.0234972	0.00096634	0.00258407
170	0.25163	0.020143	0.00311943	0.00491077	0.00333285	0.0199924	0.144908	0.12308	0.005674	0.00830996	0.00398454	0.0393447	0.0018675	0.0044301	0.0215806	0.0753271	0.00600067	0.241226	0.00115846	0.019979
171	0.00987321	0.00305084	0.159627	0.014937	0.00206941	0.675983	0.0164258	0.00262299	0.0298994	0.00666715	0.00293161	0.02969	0.00219701	0.0164329	0.00648061	0.00946289	0.00397724	0.00423744	0.00107496	0.00235952
172	0.0596236	0.3187	0.00270055	0.00370071	0.0136207	0.00410182	0.00871	0.0395412	0.00421024	0.0472879	0.0354004	0.00410715	0.00142256	0.00363545	0.00523476	0.00875023	0.167832	0.267751	0.000913847	0.0027559
173	0.0972176	0.00108458	0.261196	0.253882	0.00377832	0.00878242	0.0212615	0.00235982	0.0749893	0.0175806	0.0129254	0.0254172	0.0065345	0.0669207	0.0614323	0.0417513	0.0214791	0.00754871	0.00723583	0.00662313
174	0.021617	0.0276105	0.0014634	0.00107687	0.0156164	0.0035113	0.00859566	0.336083	0.00205347	0.183359	0.0491251	0.00118508	0.000474569	0.00131464	0.00386882	0.00518354	0.010237	0.324399	0.00088127	0.00234427
175	0.0177975	0.00970555	0.00111039	0.000920435	0.0182483	0.00317693	0.00530781	0.348273	0.00219858	0.194054	0.0477767	0.000893971	0.000416359	0.00162207	0.00407251	0.00445914	0.00353525	0.33379	0.000565794	0.00207565
176	0.0834506	0.0344517	0.0135523	0.0224349	0.0160881	0.0121264	0.0254923	0.0335325	0.0264631	0.0393837	0.0200659	0.0736474	0.00897619	0.0211158	0.0272122	0.0613051	0.323858	0.137364	0.00439469	0.0150852
177	0.00582144	0.00850663	0.00182823	0.00252912	0.546289	0.0018138	0.0023596	0.128186	0.00342558	0.09506	0.0103176	0.00235259	0.000895349	0.00285934	0.00357909	0.0043888	0.00397949	0.0618823	0.0132101	0.100716
178	0.0945253	0.00855685	0.0407564	0.0349715	0.0135605	0.271801	0.0237285	0.00780361	0.0393179	0.0187767	0.0144095	0.0566015	0.0129386	0.0245581	0.0397919	0.212852	0.0556167	0.0138181	0.00267791	0.0129377
179	0.0699687	0.010362	0.0467433	0.0951418	0.0218132	0.0333442	0.0303663	0.0164413	0.0707548	0.0407325	0.0197104	0.0290718	0.017761	0.201511	0.130681	0.0522146	0.0490999	0.0334423	0.00686409	0.0239758
180	0.0189288	0.0051715	0.007482	0.011953	0.00591017	0.00902931	0.00940686	0.00588685	0.0312926	0.0117262	0.00874095	0.00992055	0.0372874	0.461895	0.30306	0.0170476	0.022943	0.0115189	0.00372528	0.007074
181	0.120172	0.00795338	0.0167229	0.0632863	0.00416886	0.0171765	0.019877	0.0141078	0.0423105	0.0558832	0.00683313	0.0107873	0.428533	0.0137138	0.0290526	0.0587444	0.030374	0.0465605	0.00749114	0.00625173
182	0.00756863	0.00500398	0.0023349	0.00371076	0.00213806	0.0256155	0.0045037	0.00217999	0.00381715	0.00460792	0.00592496	0.0160995	0.00667125	0.00387343	0.00463571	0.626573	0.267097	0.00426711	0.000900564	0.00247667
183	0.0869112	0.00500388	0.0448964	0.177981	0.0013003	0.017558	0.0196736	0.0183954	0.163849	0.0295828	0.0272029	0.0171332	0.0119852	0.0624686	0.217545	0.0517688	0.0322892	0.0126372	0.000550963	0.00126861
184	0.0287948	0.002115	0.0176518	0.0183535	0.00328397	0.0202106	0.123034	0.00342784	0.216884	0.0691848	0.00875117	0.0800078	0.0022853	0.0115569	0.293168	0.03688	0.006672	0.0194266	0.015561	0.0227505
185	0.0815775	0.00339165	0.0107458	0.0111934	0.0158979	0.0113851	0.367937	0.00412411	0.0492029	0.0111581	0.00594037	0.17059	0.00670292	0.0372285	0.0159496	0.154193	0.0259305	0.0090407	0.00199337	0.00581726
186	0.0125209	0.000838896	0.00163334	0.00626098	0.0229444	0.00101785	0.00569365	0.076158	0.0217182	0.549277	0.233879	0.00158107	0.000733784	0.00146389	0.00312143	0.0048964	0.00939528	0.0273671	0.00320738	0.0162921
187	0.145503	0.00262224	0.0936107	0.158264	0.0025776	0.0195908	0.0157347	0.00543812	0.077792	0.030106	0.00426003	0.0272604	0.19749	0.0167347	0.0558728	0.0917619	0.0323372	0.0160848	0.00453527	0.00242452
188	0.0217917	0.00723548	0.00287707	0.00157719	0.0124971	0.00237342	0.00574876	0.302147	0.00392066	0.140431	0.0311512	0.00138332	0.000853806	0.00209345	0.00365114	0.00468899	0.00900618	0.43784	0.00223795	0.00649434
189	0.129933	0.00264671	0.0242324	0.144351	0.0283335	0.00267647	0.018053	0.00367644	0.180997	0.00755299	0.0170855	0.00557312	0.00183966	0.152029	0.0626817	0.0450521	0.0786771	0.0683043	0.00915582	0.0171499
190	0.0877317	0.00131759	0.149322	0.222832	0.00509929	0.0368082	0.0252887	0.0037572	0.0896968	0.0190364	0.00798268	0.0398841	0.0182126	0.0291782	0.128971	0.092919	0.0313637	0.00543741	0.000388537	0.00477283
191	0.0113933	0.00324952	0.0137227	0.00678294	0.330066	0.00348117	0.00732233	0.0113266	0.00514271	0.013325	0.0047839	0.0042838	0.001813	0.00529039	0.0238149	0.0090154	0.00785452	0.00912856	0.0666238	0.46158
192	0.0214775	0.00134583	0.00596481	0.00152248	0.00300124	0.000848485	0.00554413	0.261492	0.00538966	0.0594478	0.00885617	0.00135104	0.000572275	0.00182081	0.002175	0.00219523	0.0123145	0.588457	0.00505559	0.0111695
