303	20
1	0.0224084	0.00478551	0.00161228	0.00232489	0.0652033	0.00298198	0.000483198	0.160903	0.00127022	0.457722	0.085535	0.00487847	0.00651013	0.00221771	0.00431046	0.0126153	0.0282877	0.131311	0.0033408	0.0012987
2	0.048305	0.00293192	0.236604	0.278581	0.00249691	0.0550543	0.0261263	0.0035976	0.046542	0.00875705	0.00278758	0.0779629	0.00614769	0.0725904	0.0332394	0.0658511	0.0224249	0.00734327	0.000594975	0.00206167
3	0.0243748	0.00162203	0.0206323	0.0260241	0.258358	0.00770561	0.136338	0.0461336	0.0202274	0.0963882	0.00237093	0.00868215	0.0034287	0.0386396	0.00916284	0.0324055	0.00923628	0.0467956	0.0123553	0.199119
4	0.0757776	0.00886357	0.0224887	0.0498151	0.00910897	0.0256913	0.0352063	0.0192154	0.228849	0.0303516	0.0178585	0.0576104	0.0171537	0.0540358	0.109923	0.0852578	0.104249	0.0312789	0.00543232	0.0118321
5	0.113016	0.00434276	0.0553931	0.0168751	0.00673395	0.0189469	0.00719942	0.00946332	0.0290403	0.0149954	0.0043669	0.0187564	0.318092	0.0365899	0.0660546	0.205535	0.042295	0.0187567	0.00244426	0.011102
6	0.113795	0.0119093	0.0253389	0.0273979	0.0144389	0.0387601	0.0109703	0.0190612	0.0177319	0.0296113	0.00858925	0.0187033	0.087912	0.0328817	0.018742	0.329212	0.155176	0.0277802	0.00243978	0.00954954
7	0.0333467	0.00819993	0.00695284	0.0229045	0.215169	0.0193731	0.0151055	0.0488292	0.00794484	0.155196	0.057806	0.0084251	0.00744795	0.0120565	0.0201135	0.0317296	0.028874	0.0475358	0.219716	0.0332742
8	0.120278	0.0225367	0.00296861	0.00405078	0.0112082	0.00735775	0.00242333	0.298268	0.0075097	0.0654271	0.0180688	0.0361276	0.00902053	0.00399276	0.0185714	0.0669882	0.0770422	0.222019	0.00279699	0.00334428
9	0.0360634	0.00528787	0.00204407	0.00516174	0.0631506	0.00608798	0.00161076	0.149704	0.00391859	0.407531	0.075739	0.00924132	0.00728675	0.00383253	0.00666717	0.0156	0.0331875	0.161478	0.00390678	0.00250084
10	0.296606	0.0334288	0.0097511	0.0120537	0.0147302	0.0327421	0.00526406	0.018619	0.0139585	0.0293225	0.0119633	0.019017	0.0186534	0.0132733	0.0146099	0.263356	0.102823	0.0789887	0.00373991	0.0071002
11	0.222173	0.0076107	0.00259333	0.00260398	0.0437305	0.134336	0.00200759	0.0490958	0.00304439	0.131787	0.0199129	0.00459793	0.0016912	0.00319315	0.00411884	0.0958425	0.0606028	0.203053	0.00184775	0.00615753
12	0.0399637	0.00871299	0.00092249	0.00136963	0.0210251	0.00439873	0.000596555	0.346401	0.00267885	0.09439	0.0357269	0.00156803	0.00267198	0.000943335	0.00513631	0.0114322	0.0197637	0.398571	0.000422868	0.00330426
13	0.0384288	0.0386142	0.0104456	0.00532669	0.305938	0.0093838	0.00622937	0.0590821	0.00610993	0.117113	0.0358905	0.0118268	0.0063342	0.00872028	0.00679887	0.0455818	0.0312415	0.0698421	0.0133061	0.173787
14	0.0800264	0.0317807	0.00362162	0.0032424	0.218648	0.061976	0.00276254	0.0187719	0.00366248	0.101741	0.0042334	0.00460248	0.00319735	0.00402811	0.00426409	0.218519	0.200102	0.0286396	0.00211042	0.00407075
15	0.0464882	0.00959514	0.000629836	0.00112993	0.0156387	0.00521562	0.000455541	0.309267	0.00179455	0.0930896	0.0233881	0.000782537	0.00247366	0.000733955	0.00409464	0.00683145	0.00616372	0.46844	0.00027432	0.00351429
16	0.0201965	0.00738834	0.0042534	0.00427422	0.142849	0.00325023	0.00227001	0.250833	0.00511238	0.200062	0.0987003	0.00705497	0.00345651	0.00475925	0.0083589	0.0226762	0.0397871	0.121931	0.0040695	0.0487176
17	0.0465029	0.00954926	0.000652058	0.00112661	0.0157673	0.00520728	0.000473791	0.31074	0.001876	0.0931052	0.0238873	0.000893845	0.00246035	0.000758362	0.00421396	0.00716273	0.0066779	0.465153	0.000286039	0.00350642
18	0.120529	0.0105726	0.000495216	0.00049073	0.0821652	0.0327676	0.00040699	0.165859	0.000727045	0.194356	0.0162951	0.00127276	0.000636601	0.00247451	0.00297828	0.0407611	0.037647	0.2834	0.000887703	0.00527833
19	0.120024	0.0101096	0.000568558	0.000831686	0.0711206	0.0289125	0.000571096	0.181185	0.00122224	0.183597	0.0182226	0.00259642	0.0012168	0.00245204	0.00386639	0.0367388	0.0351159	0.295753	0.00107133	0.00482478
20	0.144592	0.138812	0.0100903	0.00567944	0.0102746	0.0620963	0.00663254	0.00748913	0.00972097	0.0132972	0.00542701	0.0204079	0.00971048	0.00661612	0.0100785	0.45568	0.0588237	0.0168574	0.00187847	0.00583621
21	0.015823	0.00370235	0.00145279	0.00232185	0.0705976	0.000641739	0.000354837	0.126277	0.000666039	0.503448	0.101033	0.00458413	0.00665083	0.00220478	0.00426074	0.0107192	0.023736	0.116031	0.00431838	0.00117677
22	0.122883	0.0104307	0.000553978	0.000528191	0.0819049	0.0328949	0.000433674	0.16415	0.000748044	0.194374	0.0169264	0.00127419	0.000628434	0.00244721	0.0028963	0.0397511	0.0373614	0.283717	0.000897457	0.00519963
23	0.133396	0.00947759	0.000987483	0.00131752	0.0713883	0.0427181	0.000791925	0.154918	0.00154388	0.178016	0.0240349	0.00163146	0.00122379	0.00281636	0.00336388	0.0377882	0.0337733	0.294435	0.00113919	0.00523859
24	0.050347	0.0084026	0.0492243	0.122301	0.01569	0.0275898	0.060823	0.0406772	0.083725	0.0522991	0.0307375	0.0304371	0.00796517	0.111134	0.0937628	0.0505378	0.060583	0.0729637	0.00415332	0.0266468
25	0.0180603	0.00479761	0.00468076	0.0132786	0.0344021	0.0366	0.260693	0.00713658	0.0574914	0.065255	0.0249017	0.0467988	0.00206044	0.0649297	0.127171	0.0267144	0.00909298	0.019416	0.0111542	0.165365
26	0.159485	0.0247424	0.00266361	0.00260996	0.109847	0.179335	0.00218501	0.0736032	0.00302791	0.148719	0.0191214	0.00425367	0.00213833	0.00340702	0.0040982	0.0760941	0.0679495	0.0991096	0.00235299	0.0152579
27	0.0210166	0.00541528	0.00169558	0.00147647	0.0345601	0.00205592	0.000906442	0.397548	0.00387025	0.208717	0.0638697	0.00417942	0.00347438	0.00173187	0.00695687	0.0180655	0.044639	0.176295	0.00106267	0.00246385
28	0.0200648	0.0123916	0.0516453	0.0455702	0.0247155	0.0486127	0.206558	0.00473573	0.0854488	0.0267094	0.0123426	0.121283	0.00237352	0.052857	0.0817589	0.0531945	0.028295	0.0173303	0.00777061	0.0963426
29	0.0155902	0.00481161	0.00236609	0.0105635	0.039085	0.0362402	0.271026	0.00313161	0.0578158	0.0619895	0.0249467	0.0476179	0.00180613	0.0559424	0.129567	0.0273278	0.00511702	0.0147613	0.0126666	0.177628
30	0.110646	0.0200531	0.00246598	0.00229996	0.0865543	0.0647553	0.00153365	0.143183	0.00244195	0.244877	0.0131319	0.00339191	0.00256529	0.00355745	0.00387792	0.040957	0.0824149	0.162848	0.0017239	0.00672083
31	0.130687	0.00867439	0.0655437	0.0478953	0.0127181	0.197334	0.0198957	0.0213068	0.0450314	0.0202188	0.0143044	0.0263623	0.0285915	0.0363326	0.0390438	0.11603	0.0671023	0.0778085	0.00841176	0.0167083
32	0.0232679	0.0011562	0.0205906	0.0660438	0.00121978	0.0263678	0.0566581	0.00414356	0.30547	0.00673488	0.00757465	0.0832138	0.007343	0.0763959	0.168341	0.0845358	0.0528353	0.00401911	0.00330855	0.000780284
33	0.0241184	0.00136341	0.0273065	0.0761336	0.00558781	0.0176431	0.0348802	0.00623254	0.356544	0.00836824	0.00570723	0.0886983	0.0112238	0.0519838	0.153442	0.0703909	0.0442782	0.0100954	0.00267816	0.00332489
34	0.16583	0.00265301	0.0361191	0.0752194	0.00920715	0.0549024	0.0282376	0.00757945	0.00852634	0.0276382	0.00737782	0.0134116	0.0756257	0.0842836	0.00458071	0.193396	0.164997	0.028341	0.00139093	0.0106828
35	0.0146516	0.0035974	0.00142608	0.00232824	0.0669133	0.000802213	0.000363891	0.12057	0.000736124	0.513692	0.104545	0.00438226	0.00639195	0.00238038	0.00445384	0.0110467	0.0242175	0.112085	0.00441735	0.000999222
36	0.00881512	0.0161632	0.0145069	0.00168509	0.369747	0.00174652	0.00228274	0.0398074	0.00666801	0.0941958	0.0435393	0.0140686	0.00115846	0.00835701	0.00279688	0.0414208	0.0260503	0.0252444	0.000993793	0.280753
37	0.0417852	0.00101343	0.252276	0.279231	0.00157696	0.0573126	0.0279603	0.00181543	0.0510636	0.00721986	0.00135592	0.0855865	0.00539168	0.0696125	0.0340482	0.0638384	0.0143517	0.0026838	0.000545796	0.00133132
38	0.277429	0.0161321	0.00674352	0.0118936	0.0170653	0.0641056	0.00606644	0.0391793	0.00753875	0.0486956	0.0135999	0.0244719	0.0114133	0.0114799	0.00947605	0.124385	0.193348	0.110403	0.00171708	0.00485687
39	0.0443967	0.00714322	0.00112222	0.00166422	0.0412171	0.00696054	0.000891293	0.239496	0.00225059	0.255525	0.0526175	0.00337444	0.00413776	0.00225594	0.00522815	0.0155011	0.0225879	0.288762	0.00174102	0.00312714
40	0.0208618	0.00841018	0.0432726	0.248145	0.0149213	0.0396309	0.0523795	0.010433	0.0280463	0.168433	0.0125044	0.0104857	0.00827264	0.199607	0.0160937	0.035764	0.0388134	0.0159417	0.00322778	0.0247572
41	0.0144256	0.00193006	0.0210718	0.0816025	0.00905719	0.00963352	0.020161	0.00660282	0.449462	0.0127764	0.00520132	0.0721123	0.00530012	0.0717011	0.120324	0.0444321	0.0251909	0.017489	0.00359996	0.007926
42	0.0409851	0.00780432	0.000734591	0.00101621	0.0168702	0.00414196	0.000543647	0.343717	0.00288293	0.118294	0.0370328	0.00130013	0.00260018	0.000821774	0.00534695	0.0101171	0.0142889	0.387883	0.000335038	0.00328421
43	0.0176397	0.00540395	0.047896	0.152108	0.00984216	0.0180808	0.0371206	0.00535275	0.301516	0.0253268	0.00828993	0.0472328	0.00505015	0.152036	0.0694719	0.0447858	0.0225771	0.0107739	0.00229994	0.017196
44	0.0591774	0.00380849	0.221591	0.255751	0.00374974	0.0643838	0.0260648	0.00655428	0.0451094	0.00765472	0.0036861	0.0772064	0.00653796	0.0678407	0.0322696	0.0722774	0.0285076	0.0130654	0.000639802	0.00412449
45	0.106119	0.0145974	0.10486	0.188719	0.015369	0.05048	0.0228216	0.0250874	0.0521727	0.0387113	0.0181341	0.047143	0.0140013	0.0590282	0.0425679	0.0781864	0.0615005	0.0425702	0.00469567	0.013235
46	0.0478853	0.00695098	0.00802488	0.0103439	0.0674221	0.0124015	0.00619587	0.106361	0.0106768	0.370768	0.0725111	0.0136997	0.00893654	0.0114458	0.0143551	0.0371324	0.0633462	0.106683	0.015853	0.00900653
47	0.0420592	0.0121303	0.0107005	0.010271	0.203908	0.0152896	0.00978336	0.0758945	0.0105132	0.164483	0.0888653	0.0154192	0.00758328	0.014514	0.0147514	0.0694804	0.0419509	0.0700221	0.0211046	0.101276
48	0.0235427	0.00516303	0.00395814	0.00315295	0.0611458	0.00358094	0.00111181	0.179326	0.00235829	0.433962	0.0780026	0.00599167	0.00640322	0.00253535	0.00530241	0.0130176	0.0374278	0.129373	0.00312137	0.00152304
49	0.024077	0.00441813	0.00182663	0.00333037	0.0633105	0.00268624	0.00115896	0.14121	0.00228604	0.452448	0.0932053	0.00509715	0.00684452	0.00279406	0.00541811	0.0130138	0.0254815	0.145682	0.00392328	0.00178847
50	0.0851001	0.0181947	0.054688	0.0412819	0.0295963	0.272073	0.0288127	0.028432	0.0241036	0.0511298	0.0150752	0.0397246	0.013772	0.0252683	0.031703	0.109397	0.0539426	0.0536346	0.00818822	0.0158819
51	0.0416103	0.0127804	0.0065295	0.00496613	0.286323	0.0188887	0.0051536	0.0789651	0.00521726	0.197988	0.0409426	0.00797639	0.00375091	0.0071235	0.00855347	0.047414	0.0515674	0.078382	0.0139393	0.0819282
52	0.0471816	0.0067223	0.00108368	0.00271774	0.0346255	0.00765446	0.00113629	0.32476	0.00400369	0.172692	0.0570302	0.00356903	0.00312682	0.00189384	0.00664124	0.0193786	0.0313858	0.269753	0.00127485	0.00336982
53	0.159303	0.0542079	0.0177679	0.012744	0.01536	0.0473344	0.00785724	0.019012	0.0153455	0.0267002	0.00919047	0.0236574	0.0217684	0.0120533	0.0148746	0.412982	0.0879905	0.031138	0.00314308	0.00757034
54	0.0258535	0.00710045	0.00520949	0.00406177	0.324119	0.00996483	0.00939802	0.0883978	0.00367542	0.266284	0.0454669	0.0059813	0.00359653	0.00877144	0.00976501	0.0196531	0.0184334	0.0665758	0.0165055	0.0611866
55	0.0143269	0.00350795	0.00150063	0.00231768	0.0705287	0.000657093	0.000396763	0.115918	0.000700808	0.515106	0.104954	0.00436402	0.00629081	0.00232166	0.00452127	0.0112292	0.0239575	0.108335	0.00648958	0.0025774
56	0.0157018	0.00363438	0.0015569	0.00259304	0.0659598	0.00105789	0.000566029	0.129092	0.00153618	0.490861	0.110678	0.00460845	0.00612536	0.00286362	0.00489447	0.0117357	0.025223	0.112958	0.00639165	0.0019623
57	0.154041	0.00661641	0.00619571	0.00949522	0.0131168	0.0359929	0.00801631	0.0400795	0.00864456	0.053409	0.0123605	0.132524	0.00945166	0.0126164	0.0181385	0.178161	0.204671	0.0866775	0.00276585	0.00702716
58	0.107921	0.0109212	0.000795184	0.00116021	0.0698563	0.0269864	0.000484946	0.183424	0.000977728	0.166215	0.0185418	0.00158786	0.000972841	0.00224289	0.00298746	0.0347044	0.0340898	0.330222	0.00100122	0.00490785
59	0.0723842	0.0377854	0.00281942	0.00289826	0.237049	0.0629783	0.00254197	0.0220254	0.00335324	0.109648	0.00423697	0.00388775	0.00252383	0.0038279	0.00423378	0.195884	0.193178	0.0324522	0.00229125	0.00400178
60	0.0840676	0.0118099	0.115628	0.173107	0.00840814	0.0758172	0.0327442	0.0158867	0.0508182	0.0210974	0.0122574	0.0499219	0.0159677	0.114469	0.0376469	0.0836943	0.0530085	0.0289147	0.00280664	0.0119289
61	0.042052	0.00107253	0.251275	0.275938	0.00165311	0.0602807	0.0276974	0.00202556	0.0503594	0.00672622	0.00140819	0.0859749	0.00556425	0.068894	0.0343228	0.0651302	0.0148521	0.00290547	0.000579803	0.00128829
62	0.0181969	0.00450815	0.00148205	0.00147904	0.0289742	0.00154842	0.0011657	0.506048	0.00653983	0.0923988	0.076671	0.00341092	0.0023845	0.00151444	0.00904903	0.0241847	0.0612453	0.155754	0.000661355	0.00278337
63	0.168517	0.00612237	0.0055224	0.0090693	0.0126839	0.0914838	0.00787597	0.0521608	0.00829133	0.0410396	0.00985527	0.0881142	0.00718147	0.028544	0.0402557	0.155116	0.169157	0.0902765	0.00228031	0.00645391
64	0.0234435	0.00115726	0.0208253	0.06602	0.00121716	0.0264878	0.0563523	0.0041921	0.30616	0.00678888	0.00765506	0.0832305	0.00770236	0.0758298	0.167298	0.0846951	0.0527573	0.0041165	0.00327919	0.00079217
65	0.0205992	0.00446595	0.00151622	0.00142721	0.0314904	0.00238995	0.0011315	0.500506	0.00623846	0.0963878	0.0729753	0.0033515	0.0023684	0.00157495	0.00872755	0.0244404	0.05979	0.157107	0.000675784	0.00283644
66	0.0760063	0.254752	0.0148204	0.0193216	0.0417402	0.044029	0.0161227	0.0424007	0.0193092	0.0565535	0.0179527	0.0325941	0.0174431	0.0170697	0.0221598	0.165664	0.0490422	0.0619886	0.00949744	0.0215328
67	0.0455951	0.0093895	0.000634618	0.0010513	0.0154646	0.00505831	0.000451674	0.316443	0.00192661	0.0924073	0.0245776	0.000835319	0.00246085	0.000773089	0.00423718	0.00700211	0.00685876	0.461029	0.000273455	0.00353055
68	0.103343	0.00274879	0.0528319	0.00385561	0.0049009	0.00468382	0.00303649	0.00955011	0.0404046	0.0115298	0.00370535	0.0199329	0.370702	0.0289076	0.0963529	0.195882	0.0247255	0.013236	0.00178221	0.0078889
69	0.0180692	0.00509455	0.00519402	0.0185097	0.100927	0.016828	0.00534307	0.0155148	0.00635975	0.268917	0.202118	0.00780757	0.00781635	0.00793563	0.0157804	0.019699	0.0242026	0.0222395	0.2257	0.00594489
70	0.0956928	0.00560125	0.0134419	0.0246566	0.0466316	0.0167391	0.0686836	0.0370845	0.0403849	0.171043	0.0768201	0.0167731	0.0144737	0.0904117	0.0905625	0.0646062	0.0466544	0.0447219	0.0063337	0.0286831
71	0.0529063	0.00922492	0.00900495	0.0182261	0.107939	0.0123654	0.0154784	0.0799761	0.016371	0.263136	0.0504813	0.0112305	0.0838558	0.0189347	0.0242627	0.0465758	0.0333603	0.0912098	0.020188	0.0352737
72	0.0933961	0.259564	0.014763	0.0168152	0.037634	0.0432549	0.0160761	0.04461	0.0172	0.052744	0.0176911	0.0312115	0.0193367	0.0216835	0.0199148	0.151966	0.0467379	0.0634376	0.00709874	0.024865
73	0.0269689	0.00105325	0.020972	0.0629496	0.00140013	0.0253275	0.0511422	0.00603461	0.31103	0.00788882	0.00780131	0.0806671	0.0141182	0.0705738	0.161744	0.088278	0.0524134	0.00540448	0.00330321	0.000929617
74	0.0121896	0.00175425	0.0180898	0.0962478	0.00884453	0.00830989	0.0162495	0.00488577	0.480401	0.0121656	0.00507535	0.0636376	0.00351308	0.0864445	0.100571	0.0362889	0.020484	0.0137919	0.00258823	0.00846804
75	0.0244209	0.0100175	0.139779	0.0947661	0.00505489	0.319322	0.0622933	0.00408213	0.0399914	0.00769045	0.00370878	0.109545	0.00351826	0.0232498	0.0487242	0.0602342	0.0234704	0.00907888	0.00240289	0.00865043
76	0.0163632	0.00920101	0.0370873	0.191317	0.0298901	0.0140704	0.0521481	0.00788396	0.201974	0.0539855	0.0235729	0.021708	0.00714561	0.143914	0.0266491	0.0635671	0.0189072	0.0139431	0.00227623	0.0643963
77	0.0849655	0.00527856	0.0210549	0.0602606	0.0291284	0.0294038	0.0145184	0.136674	0.0257288	0.135547	0.0700539	0.0272833	0.00548815	0.0230489	0.0284375	0.0282221	0.0636258	0.192296	0.00830383	0.0106809
78	0.124903	0.00558137	0.0262883	0.0209551	0.0112999	0.0208168	0.00962775	0.0137332	0.0154507	0.0220427	0.00729778	0.0133561	0.280717	0.108594	0.029331	0.167162	0.0407365	0.0405403	0.00471774	0.0368484
79	0.0156755	0.00354867	0.00142984	0.00219411	0.076542	0.000879348	0.0003423	0.124678	0.000652785	0.502501	0.100781	0.00440874	0.00646663	0.0023374	0.00428714	0.0106033	0.0234804	0.11324	0.00457192	0.00138022
80	0.0308691	0.0077754	0.00181221	0.00710102	0.0520373	0.00365485	0.00153742	0.187454	0.00325447	0.335059	0.0946684	0.00583042	0.00564349	0.00327285	0.00672592	0.0154509	0.0292815	0.202627	0.00345627	0.00248833
81	0.0412566	0.0070134	0.0266005	0.0534138	0.00709968	0.0278498	0.0474041	0.0146102	0.233193	0.0155747	0.0122471	0.0697527	0.0151192	0.0582546	0.148478	0.127766	0.0668083	0.0156069	0.0045507	0.00740025
82	0.0837179	0.00133756	0.00825223	0.0442781	0.0228522	0.0214904	0.0158963	0.124008	0.0340537	0.173301	0.0785175	0.0325017	0.00673178	0.0248005	0.0350444	0.0285445	0.0670205	0.175669	0.0101066	0.0118764
83	0.0812941	0.0163914	0.102075	0.113241	0.0143306	0.0707183	0.0514304	0.02693	0.0586437	0.015542	0.0132593	0.0696209	0.00529522	0.0481276	0.0620612	0.098893	0.0726697	0.053124	0.00228671	0.0240651
84	0.192402	0.0171691	0.0381014	0.0202656	0.00995026	0.0880038	0.0107861	0.00704593	0.0140685	0.0357819	0.00548555	0.0137941	0.0508552	0.0226957	0.0137847	0.356369	0.0726546	0.0195137	0.00290539	0.00836725
85	0.0143833	0.00355201	0.00142332	0.00221585	0.0678467	0.000548802	0.000329831	0.119485	0.000629699	0.518322	0.103115	0.00435606	0.00637962	0.00225971	0.0042011	0.0105483	0.0237492	0.111432	0.00423642	0.000985692
86	0.0521588	0.00983287	0.0414975	0.151063	0.0604919	0.0270381	0.100276	0.0186661	0.0366826	0.0559144	0.0148359	0.0198277	0.0463013	0.145613	0.0255217	0.0651167	0.0405083	0.0301028	0.00692679	0.0516242
87	0.0143635	0.0196416	0.0400696	0.135655	0.0141865	0.0147124	0.120638	0.00713643	0.0550568	0.039697	0.0105042	0.0222909	0.00709832	0.378169	0.0198825	0.0304613	0.0144752	0.013516	0.00229512	0.0401508
88	0.0302489	0.00843423	0.00171108	0.00191263	0.059969	0.00489447	0.00103787	0.15291	0.00120896	0.438056	0.069891	0.00495197	0.00700152	0.00323573	0.0042321	0.0127189	0.0266011	0.165834	0.00286066	0.00228934
89	0.024604	0.00611107	0.017602	0.0327528	0.0207936	0.0280011	0.199021	0.0177764	0.0899979	0.0485033	0.0223656	0.0475493	0.00483665	0.120466	0.123168	0.0409619	0.0295295	0.0335803	0.00691082	0.0854692
90	0.0254485	0.00414906	0.00276059	0.00722344	0.0292359	0.00386402	0.00415824	0.456409	0.0127379	0.0986004	0.0763649	0.00665459	0.0022478	0.00597869	0.0160852	0.0236593	0.0624072	0.15572	0.00170491	0.00459023
91	0.0294754	0.00546684	0.00383547	0.00540648	0.358749	0.0130719	0.00597136	0.0834701	0.00441117	0.255413	0.0406081	0.00564472	0.00351912	0.00983011	0.0222932	0.01917	0.0159098	0.0593078	0.0288266	0.0296206
92	0.0645277	0.00591945	0.00414325	0.0124564	0.0240898	0.0108031	0.00789367	0.334972	0.0235542	0.110986	0.0455115	0.0125098	0.0103559	0.0103404	0.0226012	0.0301904	0.0484038	0.209742	0.0041465	0.00685261
93	0.0256956	0.00425118	0.0172926	0.0231843	0.257143	0.0129834	0.126111	0.0427489	0.0249923	0.0994328	0.0142186	0.0149037	0.00483826	0.0358772	0.0250655	0.033417	0.0143894	0.0439938	0.0154966	0.163965
94	0.0747916	0.00915403	0.00136698	0.00185417	0.145252	0.0181514	0.00188106	0.193207	0.00147865	0.161305	0.0250924	0.00225938	0.0017861	0.00403355	0.00574604	0.02561	0.023335	0.275793	0.00795599	0.0199464
95	0.0145244	0.00349958	0.00142773	0.00234423	0.0674021	0.000714264	0.000441292	0.118853	0.000770734	0.516471	0.104087	0.00440169	0.00646036	0.0022902	0.00440392	0.010895	0.0239633	0.11138	0.00466521	0.00100516
96	0.174483	0.101062	0.0176181	0.0189748	0.0285536	0.189196	0.010694	0.0259451	0.0112651	0.0490811	0.0117309	0.0214189	0.00977861	0.0141057	0.0162583	0.18162	0.0532506	0.0496845	0.00443017	0.0108488
97	0.0463788	0.00956979	0.000633132	0.00113043	0.0154896	0.00516751	0.000455626	0.309579	0.00179783	0.0929908	0.0234313	0.000782648	0.00247482	0.000727417	0.00409046	0.00675746	0.00609728	0.468655	0.00027474	0.00351609
98	0.190325	0.0060904	0.00292121	0.00949816	0.0518641	0.0475574	0.0024136	0.0574476	0.0068025	0.0504394	0.0233564	0.0405605	0.0100421	0.00743704	0.0101802	0.176615	0.184082	0.109391	0.00559221	0.00738366
99	0.0225038	0.0123039	0.0284921	0.0600041	0.0196524	0.0202595	0.181572	0.0155396	0.0540501	0.0491704	0.0142094	0.0359779	0.00683071	0.276626	0.05807	0.0326103	0.0204381	0.0313462	0.00414659	0.0561968
100	0.0730975	0.0108594	0.000634805	0.00106372	0.0416419	0.0139179	0.000414708	0.254459	0.00124064	0.123937	0.0204294	0.00109383	0.00178664	0.00131706	0.0034776	0.0183808	0.0179486	0.409573	0.000494133	0.00423235
101	0.120023	0.0107515	0.000510284	0.000497208	0.0809431	0.0320133	0.000408376	0.167925	0.000755827	0.192713	0.01611	0.00160095	0.000644071	0.00248695	0.00320289	0.0408234	0.0379088	0.28465	0.000863974	0.00516788
102	0.0228931	0.00295736	0.0181069	0.0228102	0.258535	0.00826953	0.120947	0.0410402	0.0182999	0.0992284	0.00663102	0.00975361	0.00409833	0.0374585	0.0101296	0.038524	0.0108925	0.0416093	0.0114255	0.216391
103	0.0916656	0.16489	0.00842811	0.00430702	0.00624976	0.0974381	0.00705856	0.00596592	0.0067714	0.0122533	0.00446332	0.0166612	0.00729856	0.00465512	0.00737086	0.486083	0.0528524	0.0100372	0.00159383	0.0039568
104	0.467719	0.0857899	0.00440871	0.00524087	0.0242771	0.00974043	0.00398734	0.0288959	0.00581672	0.119385	0.00624557	0.00595683	0.00383239	0.00656276	0.00663081	0.0148714	0.0127088	0.180522	0.00241603	0.00499219
105	0.120444	0.0105217	0.000499592	0.000496205	0.0821633	0.0324688	0.00040361	0.165937	0.000731205	0.195227	0.0164075	0.00130997	0.000688136	0.00245501	0.00296211	0.0406047	0.0378011	0.282744	0.00091418	0.00522101
106	0.0607021	0.00837143	0.00445125	0.00563766	0.0229506	0.00723846	0.00411948	0.383461	0.00936256	0.0775977	0.0510612	0.0137209	0.00637431	0.00540117	0.0148294	0.0598763	0.0993083	0.158656	0.00209943	0.00478078
107	0.0461652	0.00698326	0.00178297	0.00712987	0.0226512	0.00674491	0.00300333	0.268307	0.0117161	0.162198	0.0774614	0.00656496	0.0037272	0.00452654	0.00880163	0.0152442	0.0269262	0.313796	0.0020578	0.00421203
108	0.120241	0.0105125	0.000505433	0.00049345	0.0820714	0.0325882	0.000401174	0.166125	0.000732619	0.194753	0.0165365	0.00128681	0.000681935	0.00246727	0.00296024	0.0406641	0.0376845	0.283115	0.000894655	0.00528429
109	0.0441229	0.001684	0.0285869	0.0411791	0.0118903	0.00869228	0.100819	0.0715718	0.0653991	0.055779	0.0565925	0.00345081	0.0059815	0.093297	0.149586	0.0344544	0.0894969	0.0973893	0.000945203	0.0390819
110	0.144318	0.151068	0.00668606	0.0033519	0.00726253	0.0592933	0.00429841	0.00530401	0.00832685	0.00896069	0.00363119	0.0218914	0.00926219	0.00415783	0.00722915	0.485373	0.054148	0.0104919	0.00153551	0.00340945
111	0.0301106	0.00634776	0.0044775	0.00470744	0.30124	0.0122963	0.006604	0.0932191	0.00357507	0.273708	0.0488453	0.00566577	0.00376663	0.00754936	0.0114092	0.0214799	0.0217835	0.0769591	0.0191454	0.0471107
112	0.0322241	0.00362251	0.00252099	0.00301709	0.500101	0.0163871	0.00168484	0.0921777	0.00154024	0.170691	0.0164058	0.0032753	0.00123261	0.00709842	0.0148183	0.0139369	0.00864831	0.0528847	0.026225	0.0315082
113	0.0228885	0.00116321	0.0200736	0.0636424	0.00135654	0.026095	0.0538719	0.00430943	0.306211	0.00676556	0.00734152	0.0823792	0.00759747	0.074143	0.175735	0.0845601	0.052402	0.00422005	0.00433253	0.00091199
114	0.0229553	0.00820607	0.0144636	0.0304613	0.0210176	0.0241465	0.220941	0.0177228	0.0575369	0.0567932	0.0219884	0.0389723	0.00396122	0.163527	0.109065	0.0302646	0.0204014	0.0345146	0.00646902	0.0965923
115	0.0221654	0.00421594	0.00222427	0.00274116	0.265177	0.00710378	0.00111105	0.115336	0.00112176	0.341782	0.0655543	0.0042929	0.00429023	0.00421474	0.00883764	0.0127604	0.0172033	0.0882017	0.0118034	0.0198631
116	0.0230628	0.00204128	0.0184981	0.023676	0.252739	0.0146928	0.133394	0.0442413	0.0183838	0.107577	0.00279669	0.00839633	0.00324608	0.0381903	0.00964872	0.0337627	0.00915888	0.0461199	0.0144791	0.195895
117	0.0117269	0.00170738	0.0344535	0.0990862	0.0166389	0.00344043	0.00444145	0.0066108	0.478959	0.0133918	0.00339481	0.0971135	0.00388066	0.0301748	0.114158	0.0333743	0.0161976	0.0179343	0.00112031	0.0121956
118	0.169383	0.00287234	0.0323273	0.0868803	0.00850593	0.0360635	0.0192033	0.0120589	0.00707882	0.0391378	0.00939166	0.00909379	0.0660015	0.0701295	0.00439416	0.194974	0.186881	0.0368444	0.0013876	0.0073913
119	0.042507	0.0017985	0.244965	0.273547	0.00271246	0.0568904	0.0303632	0.0031023	0.0497383	0.00821915	0.00215242	0.0833922	0.00554721	0.0692169	0.0342723	0.065831	0.0170691	0.00522905	0.000688931	0.0027573
120	0.0172452	0.0119356	0.0138847	0.00814778	0.344844	0.00535252	0.0327443	0.0476209	0.00999241	0.108503	0.0340952	0.0125103	0.00143111	0.0156329	0.00796973	0.0368167	0.021871	0.0349631	0.00645259	0.227987
121	0.0770276	0.00161643	0.00760502	0.0426222	0.0257442	0.019265	0.0143326	0.130552	0.029519	0.188897	0.0824495	0.0354592	0.00567309	0.0267291	0.0350193	0.0268139	0.0650594	0.160138	0.0129511	0.0125264
122	0.430446	0.038375	0.00298321	0.00340232	0.00374042	0.00778585	0.00217026	0.00514192	0.00385905	0.0144379	0.0127733	0.00410965	0.00236217	0.00423906	0.00411018	0.0767519	0.26047	0.118269	0.00164542	0.00292789
123	0.0141776	0.00362934	0.0016567	0.00300045	0.0702726	0.00201661	0.000727421	0.105338	0.00123409	0.499675	0.127402	0.00446464	0.00599094	0.00307046	0.00516803	0.0112975	0.0228	0.0980564	0.0183287	0.00169297
124	0.0471613	0.00869499	0.0504892	0.105366	0.0149011	0.0337447	0.0487088	0.0170189	0.173298	0.0300095	0.0158385	0.0635423	0.0111038	0.0665949	0.137242	0.0712596	0.0514499	0.0275544	0.00624709	0.0197744
125	0.0431067	0.00228548	0.0268954	0.0418636	0.01251	0.0103293	0.118037	0.0593208	0.063119	0.0641003	0.0538083	0.00656059	0.00597264	0.103233	0.141177	0.0342193	0.0784819	0.0847808	0.00133689	0.0488622
126	0.174891	0.0142645	0.00611548	0.0105564	0.0498556	0.127008	0.00508289	0.0845586	0.00877023	0.119447	0.0170291	0.0188805	0.00804496	0.00853407	0.0110787	0.084422	0.140207	0.100132	0.00294383	0.00817872
127	0.0269659	0.0101	0.00791431	0.0057799	0.395775	0.0114666	0.0136895	0.0728766	0.00573719	0.151225	0.0321347	0.00866183	0.00294549	0.00979273	0.0108513	0.0310553	0.0219362	0.0525756	0.0186261	0.10989
128	0.0461476	0.00892067	0.000588437	0.000891094	0.0157835	0.00557002	0.000499199	0.33131	0.00212945	0.0946232	0.0232021	0.000884983	0.00248662	0.000770045	0.00467861	0.00714714	0.00678929	0.443957	0.000287639	0.00333354
129	0.0638392	0.0042314	0.00529633	0.00869104	0.00705419	0.00744488	0.0229782	0.0285284	0.0580048	0.0396909	0.161528	0.0602338	0.00454712	0.101972	0.0586119	0.0970831	0.233055	0.0304948	0.00207736	0.00463789
130	0.021021	0.00586956	0.013829	0.0210526	0.079608	0.0301965	0.234679	0.0174973	0.0469744	0.0646401	0.0194682	0.0471287	0.00326062	0.0603964	0.0838514	0.0341085	0.0139744	0.0279308	0.0107644	0.163749
131	0.0504252	0.0395017	0.0227631	0.0221235	0.05377	0.0319053	0.132426	0.0135139	0.0680119	0.075916	0.0168417	0.0702491	0.0138748	0.0345614	0.0948682	0.083206	0.0249109	0.0235026	0.0319237	0.0957052
132	0.0895524	0.00376934	0.0120843	0.0133471	0.00994476	0.0124018	0.00611755	0.0240051	0.222688	0.0556516	0.0116546	0.0326736	0.117352	0.0293837	0.139675	0.140737	0.0364439	0.0285869	0.00262728	0.0113029
133	0.128846	0.00582191	0.0616296	0.0637047	0.0128128	0.11215	0.0395401	0.0160752	0.0292514	0.0147797	0.007488	0.0390958	0.0453731	0.0854266	0.0153707	0.158454	0.103058	0.0384939	0.00169707	0.0209315
134	0.0233707	0.0216107	0.0840398	0.0441483	0.00818222	0.0669291	0.142721	0.0025835	0.113054	0.0049867	0.00534392	0.183851	0.00127851	0.0298802	0.0962165	0.079565	0.0477632	0.0146619	0.00540448	0.0244101
135	0.0978351	0.00479563	0.00567923	0.0246417	0.0227559	0.0195004	0.0116964	0.0191795	0.126845	0.140273	0.0296859	0.0270725	0.086718	0.0289257	0.142291	0.0975431	0.0349656	0.041386	0.00481051	0.0333997
136	0.0141213	0.00158221	0.0372745	0.0945898	0.0154034	0.00594211	0.00994507	0.00680931	0.445579	0.0111022	0.0035524	0.105359	0.00479962	0.0284257	0.123203	0.0440981	0.022613	0.0149429	0.00146309	0.00919402
137	0.00814128	0.016737	0.0144353	0.00209279	0.381086	0.00171686	0.00431662	0.0435243	0.00597546	0.0973601	0.0451921	0.0135932	0.0010848	0.00806003	0.00281637	0.040095	0.0252193	0.0272333	0.00112183	0.260198
138	0.0165012	0.00446663	0.474607	0.0114087	0.00959698	0.0300967	0.00585346	0.00839811	0.0148804	0.0135035	0.00602054	0.284299	0.004264	0.0106632	0.00850526	0.0408198	0.0339737	0.0136994	0.00271937	0.0057229
139	0.0354943	0.0150391	0.0114291	0.00841822	0.35009	0.0183724	0.0127954	0.0557688	0.00883066	0.11226	0.0288744	0.010767	0.00597582	0.0129118	0.0106504	0.076874	0.0425588	0.0452264	0.0123699	0.125294
140	0.0161939	0.00472122	0.00318059	0.0116752	0.0398177	0.034809	0.267619	0.00457014	0.0571658	0.0622687	0.0248467	0.0459548	0.00208158	0.0600976	0.126071	0.0279134	0.00659608	0.0161382	0.0120029	0.176276
141	0.0252615	0.0011344	0.0212873	0.0645851	0.00129959	0.0264078	0.0536366	0.0048619	0.309772	0.00755972	0.00764016	0.0821634	0.0100189	0.0724979	0.164559	0.0861374	0.0522804	0.0047485	0.00329784	0.000850394
142	0.0204969	0.012514	0.0150231	0.0121739	0.326985	0.0057701	0.0358187	0.0478213	0.00941149	0.100581	0.0325265	0.0128726	0.00385219	0.0170436	0.00813	0.0404397	0.0220921	0.0450036	0.00727774	0.224167
143	0.0311244	0.00477476	0.00247691	0.00903614	0.0411141	0.00492594	0.00358878	0.256914	0.0079021	0.272626	0.0922762	0.00868435	0.00506985	0.00532169	0.0137698	0.0166943	0.0374311	0.178478	0.00395102	0.00383971
144	0.0694503	0.00158783	0.00797891	0.0433497	0.020322	0.0219153	0.0185729	0.126159	0.0412741	0.17086	0.0974507	0.0344571	0.00506782	0.0255395	0.0343879	0.0244478	0.0693794	0.168075	0.00923636	0.0104883
145	0.0813897	0.00591226	0.0165108	0.0352175	0.0165435	0.0178259	0.0526874	0.0426337	0.0866761	0.119536	0.0372562	0.0162367	0.017469	0.0987941	0.141205	0.0499603	0.0824205	0.0536429	0.00332954	0.0247535
146	0.417486	0.035725	0.00301108	0.00363913	0.00462627	0.00970904	0.00232712	0.00664343	0.00400485	0.0157507	0.0120156	0.00482085	0.00246427	0.00444924	0.00463023	0.0924582	0.23835	0.133352	0.00151452	0.00302221
147	0.016974	0.00371889	0.0014289	0.00228868	0.0686659	0.00106588	0.000401982	0.129668	0.000851936	0.497371	0.101541	0.00439288	0.00627403	0.00223774	0.00433735	0.0113691	0.0246055	0.117334	0.0041227	0.00135103
148	0.0443022	0.0013012	0.249637	0.279033	0.00169284	0.0568713	0.0272683	0.00232625	0.0500601	0.00692957	0.00169591	0.0846347	0.00524608	0.0692953	0.034079	0.0636906	0.015947	0.00386053	0.000610174	0.00151889
149	0.087146	0.00991652	0.115346	0.107452	0.0233254	0.079083	0.0347624	0.047114	0.0458263	0.0138267	0.0152472	0.038016	0.00710315	0.048895	0.0490666	0.10923	0.0550525	0.0861404	0.00220185	0.0252486
150	0.0449825	0.00179759	0.243415	0.267808	0.00255243	0.0580271	0.0275169	0.00379326	0.0529189	0.0072647	0.00243393	0.0858196	0.00549234	0.0678015	0.036022	0.0648989	0.0183809	0.00603357	0.000726779	0.00231344
151	0.0124545	0.0131944	0.0130569	0.00491192	0.395418	0.004338	0.0161651	0.0465201	0.00651995	0.102124	0.0361844	0.0119571	0.00179695	0.0111604	0.00498632	0.0389643	0.021597	0.0318652	0.00568827	0.221097
152	0.0219764	0.00123773	0.0189113	0.069263	0.0017951	0.023553	0.0497388	0.00453353	0.324282	0.00761565	0.007287	0.0761102	0.00673803	0.0795843	0.167977	0.0780611	0.0497692	0.006136	0.00379895	0.00163222
153	0.0433048	0.00149434	0.0284212	0.0439884	0.0111831	0.00929714	0.0969043	0.0682801	0.0778705	0.0526575	0.0538748	0.00629605	0.00627314	0.0899242	0.15246	0.03668	0.0900357	0.0941041	0.00108436	0.0358664
154	0.0260626	0.00682907	0.00157311	0.00230544	0.0277015	0.00255468	0.00120153	0.426926	0.00496729	0.0932546	0.075185	0.00453713	0.00275689	0.00160422	0.00749471	0.0265088	0.0585185	0.226114	0.000838941	0.0030662
155	0.0527243	0.00805774	0.0013169	0.00228603	0.0478197	0.0102884	0.00124859	0.249877	0.00255634	0.197224	0.0416202	0.00335354	0.00391494	0.00210713	0.00541435	0.0176688	0.0224155	0.323253	0.00207538	0.00477762
156	0.073431	0.0458541	0.0205768	0.00669367	0.0143731	0.0946246	0.00742269	0.00714229	0.0100647	0.0176099	0.0049526	0.0209353	0.0140404	0.00708988	0.00748679	0.511801	0.117523	0.0112725	0.00203832	0.00506769
157	0.0253227	0.00560753	0.00187057	0.00437725	0.0306925	0.0031183	0.0026456	0.422466	0.00746823	0.12355	0.0855774	0.00621286	0.00338882	0.00350732	0.0108326	0.0251547	0.060394	0.172647	0.00154285	0.00362326
158	0.0306071	0.00398974	0.0169742	0.0441051	0.00767712	0.0214499	0.0416644	0.0106493	0.249684	0.0196771	0.009968	0.0634393	0.01545	0.0571249	0.222262	0.109687	0.0439892	0.0136156	0.00946396	0.00852102
159	0.106956	0.0116623	0.00748735	0.0412255	0.0844418	0.0138231	0.017285	0.0567591	0.0192711	0.095978	0.0159147	0.0110859	0.104863	0.0217549	0.0255506	0.103911	0.0334497	0.0910986	0.0646409	0.0728414
160	0.0877393	0.00548083	0.00811465	0.0430768	0.0619761	0.0145269	0.0435824	0.0471644	0.0512866	0.141791	0.0190364	0.01116	0.08868	0.0456738	0.0688521	0.0646382	0.0241706	0.0681228	0.0149348	0.089992
161	0.0258759	0.00764685	0.00598127	0.00428406	0.372944	0.0104004	0.0103797	0.0815966	0.00431092	0.205693	0.040041	0.00659779	0.00182341	0.0164992	0.0171303	0.0219395	0.0145233	0.0470246	0.0158382	0.0894703
162	0.0415164	0.00973855	0.013033	0.0304133	0.0646768	0.0272505	0.0383075	0.0323383	0.0590793	0.104655	0.0429134	0.0303556	0.0150468	0.0287229	0.0954474	0.0553008	0.0396086	0.0401365	0.201591	0.029868
163	0.127403	0.0103483	0.000597702	0.000575909	0.0814889	0.0327073	0.00046636	0.160243	0.000820811	0.193175	0.0180386	0.00118241	0.000642428	0.00245046	0.00278911	0.0386727	0.0366484	0.285591	0.000958391	0.0052004
164	0.0145798	0.0168104	0.0108042	0.00184702	0.400307	0.00425471	0.00161645	0.0611852	0.00410304	0.119627	0.0433557	0.0107764	0.00104023	0.00715745	0.00543236	0.0341102	0.0212043	0.0389206	0.00717343	0.195694
165	0.0793254	0.00961778	0.000797127	0.00139671	0.0340592	0.0140951	0.000556684	0.252024	0.00233795	0.127792	0.0260906	0.00170188	0.00273644	0.00157402	0.0041479	0.0174839	0.0171819	0.402145	0.000994013	0.00394295
166	0.0327403	0.00952917	0.00122202	0.0021389	0.0273141	0.00348905	0.000989853	0.377198	0.00450695	0.098832	0.0707004	0.00300178	0.00244972	0.00123617	0.00653946	0.0204444	0.0450885	0.28879	0.000564617	0.00322417
167	0.0291192	0.00451378	0.00140579	0.00236686	0.0681266	0.00256008	0.000383031	0.147059	0.000820628	0.448523	0.0875901	0.00456875	0.00748499	0.00193726	0.00431049	0.0134078	0.0247733	0.14607	0.00364066	0.00133901
168	0.0108993	0.0149203	0.0125992	0.00297998	0.402871	0.00355046	0.00738476	0.0492937	0.00548309	0.106898	0.03982	0.0131345	0.0010832	0.00884865	0.00449799	0.0351836	0.0221188	0.0326761	0.00375856	0.221999
169	0.0142739	0.00349381	0.00141221	0.00222631	0.0689848	0.000633134	0.000372694	0.117332	0.000752501	0.515817	0.106786	0.00426411	0.00633187	0.00238156	0.00446943	0.0106833	0.0235054	0.10936	0.00569561	0.00122445
170	0.0206603	0.00925921	0.00549973	0.00286936	0.320637	0.009229	0.00292977	0.0771994	0.00264565	0.275014	0.047768	0.00659665	0.00261742	0.00611391	0.00789853	0.0261779	0.0285848	0.0569456	0.0125036	0.0788504
171	0.0143833	0.00355201	0.00142332	0.00221585	0.0678467	0.000548802	0.000329831	0.119485	0.000629699	0.518322	0.103115	0.00435606	0.00637962	0.00225971	0.0042011	0.0105483	0.0237492	0.111432	0.00423642	0.000985692
172	0.0173386	0.00410458	0.471918	0.0169433	0.00915873	0.0302252	0.00699396	0.00813927	0.0167717	0.0129844	0.00594633	0.276716	0.00431278	0.0122939	0.00902103	0.040593	0.0350509	0.0129504	0.00276126	0.00577705
173	0.0373846	0.00851639	0.000900671	0.00126842	0.0217883	0.00399016	0.000564359	0.361839	0.0023407	0.0874512	0.0356647	0.00126826	0.0023116	0.00091672	0.00470071	0.011655	0.0220777	0.391807	0.000366625	0.00318819
174	0.0226481	0.0204923	0.0935464	0.0446305	0.00839197	0.0657959	0.162987	0.00248723	0.0962163	0.00510204	0.0048718	0.191035	0.00107748	0.0262641	0.0793617	0.0753358	0.0465454	0.0160896	0.00659223	0.0305287
175	0.144815	0.0230126	0.0345813	0.0310523	0.0343771	0.207088	0.0170841	0.0411952	0.0203869	0.067399	0.0160315	0.0256486	0.0164033	0.0240454	0.0263198	0.105039	0.0590461	0.0864017	0.00542007	0.0146525
176	0.0667161	0.0130296	0.0111512	0.0237079	0.0962827	0.0228282	0.0135231	0.101687	0.0180495	0.0975036	0.0315723	0.0172322	0.024367	0.0188725	0.0232572	0.101251	0.0470958	0.076942	0.164338	0.0305935
177	0.0151881	0.00480286	0.0148912	0.0235412	0.0273612	0.0429822	0.270124	0.00337369	0.060814	0.0458775	0.0194653	0.0809091	0.00185163	0.0556325	0.101038	0.0271517	0.0104207	0.0156482	0.00962605	0.169301
178	0.200585	0.00243234	0.00224199	0.0191152	0.00838615	0.0205308	0.00185892	0.0869288	0.00936497	0.0620722	0.0186217	0.0334763	0.0217379	0.00477604	0.00574881	0.148809	0.260738	0.0892908	0.00111697	0.00216858
179	0.00936374	0.0159893	0.0141356	0.00210554	0.370391	0.00196979	0.00438996	0.0422749	0.00642119	0.0977834	0.0437286	0.0134577	0.00131728	0.00917732	0.00328155	0.0402337	0.0259073	0.0273906	0.00157417	0.269107
180	0.0353696	0.00410356	0.00298211	0.00357286	0.465166	0.0153311	0.00386189	0.097199	0.00198809	0.172464	0.0186639	0.003821	0.0015443	0.00788931	0.0153121	0.0160511	0.0105223	0.058062	0.0254767	0.0406198
181	0.0492484	0.00922159	0.00969501	0.049219	0.152348	0.0187166	0.0228669	0.0476207	0.0127752	0.117136	0.0421706	0.0115536	0.0188615	0.0170718	0.0197655	0.0446222	0.0341823	0.078128	0.201369	0.0434282
182	0.0161634	0.00359861	0.00141388	0.00232032	0.0677186	0.000553543	0.000342859	0.127605	0.000771863	0.500295	0.103583	0.00436683	0.00664088	0.00219629	0.00436731	0.0109216	0.0240597	0.117516	0.00457893	0.000986824
183	0.102363	0.0199408	0.0187873	0.00249229	0.0133478	0.0445835	0.0041206	0.00459844	0.014295	0.0112026	0.00268365	0.0224544	0.0200703	0.0034218	0.00600985	0.575003	0.122504	0.0065619	0.0010203	0.00453851
184	0.0746269	0.00732123	0.00178866	0.00259189	0.30656	0.0194463	0.00127395	0.119556	0.00146011	0.16969	0.0220817	0.00298963	0.00142679	0.0054826	0.00882101	0.0275292	0.0255512	0.154914	0.0166386	0.0302504
185	0.0479863	0.00829929	0.000593364	0.000804384	0.0166034	0.00548256	0.000496146	0.31144	0.00192783	0.122515	0.0244856	0.000947887	0.00239808	0.000787118	0.00469341	0.00789585	0.00570932	0.432929	0.000288296	0.00371753
186	0.0988902	0.0110771	0.0206551	0.0204961	0.0193168	0.0195528	0.00967909	0.0870748	0.0311623	0.0583852	0.0162626	0.020506	0.19226	0.0321488	0.0421341	0.144262	0.0633614	0.0801623	0.0129602	0.0196529
187	0.0182169	0.00522565	0.00198016	0.00225825	0.0681162	0.00142376	0.00037906	0.133239	0.000695337	0.501813	0.0854548	0.0055159	0.00801291	0.00202926	0.00389543	0.0097698	0.0272842	0.120177	0.0035743	0.000939814
188	0.120518	0.0105767	0.000495101	0.00049059	0.08218	0.0326522	0.0004061	0.165975	0.000727037	0.194351	0.0162845	0.00127277	0.000636602	0.00247699	0.00297408	0.0406834	0.0376323	0.283497	0.000889355	0.0052821
189	0.0221542	0.00456065	0.00162406	0.00296962	0.0593744	0.00126713	0.00057992	0.149975	0.00189883	0.444079	0.10389	0.00458417	0.00663333	0.00201266	0.00481601	0.0140254	0.0255516	0.145074	0.00350999	0.00142009
190	0.0294923	0.00530859	0.00196414	0.00234527	0.0566065	0.0039033	0.000760701	0.181006	0.00173879	0.401903	0.0759855	0.00529095	0.00605734	0.00218599	0.00469232	0.0150107	0.0311365	0.170078	0.00290846	0.00162616
191	0.0202918	0.00441601	0.00158045	0.00265756	0.0560535	0.00150647	0.000661053	0.224913	0.00249259	0.379669	0.0927094	0.00471091	0.00594369	0.00242459	0.0060243	0.0146354	0.0316152	0.141604	0.00345079	0.00263995
192	0.0532154	0.00557827	0.00140446	0.00413507	0.0711143	0.00932546	0.000965749	0.14666	0.00192225	0.377925	0.0740918	0.005349	0.00569335	0.00337305	0.00510905	0.0206128	0.0299897	0.175447	0.00486282	0.00322578
193	0.0470532	0.0084798	0.000555174	0.000798364	0.01652	0.00529544	0.000535002	0.320582	0.00216341	0.109464	0.0260401	0.00115807	0.0025229	0.000895436	0.00482353	0.00992816	0.00938975	0.429948	0.000349262	0.00349793
