615	20
1	0.0330384	0.00500561	0.0839825	0.368824	0.00174658	0.0165075	0.044339	0.00644935	0.0533618	0.0331533	0.00551134	0.0184925	0.00447944	0.181017	0.0320422	0.0533358	0.0413523	0.0150412	0.000711138	0.00160874
2	0.043754	0.015162	0.00510682	0.00272761	0.00796804	0.00125783	0.000699405	0.171845	0.0018323	0.0438994	0.0145955	0.00340914	0.00078387	0.00223612	0.00141744	0.00575738	0.0335074	0.636208	0.00289009	0.00494349
3	0.401551	0.0355087	0.0177371	0.0131878	0.0193777	0.0539029	0.0104364	0.036802	0.00541758	0.0305001	0.00376453	0.00551178	0.00219597	0.0092993	0.00352698	0.17519	0.0336454	0.107566	0.000554909	0.0343237
4	0.0230734	0.0207537	0.000793622	0.00286468	0.0320796	0.00210406	0.00036499	0.27551	0.000673062	0.184437	0.0462636	0.00347073	0.000181096	0.00208761	0.00189229	0.00219952	0.0361739	0.358356	0.00265985	0.00406112
5	0.0801712	0.0197274	0.0192863	0.00821155	0.00392035	0.0117712	0.0547326	0.00912892	0.023527	0.0464159	0.024504	0.0220305	0.439563	0.0335158	0.0271192	0.0761538	0.0321815	0.0295383	0.00663622	0.0318647
6	0.106256	0.0168305	0.0160032	0.0136023	0.00518397	0.0121298	0.0295671	0.0155882	0.0183447	0.0682257	0.0336556	0.0339867	0.396152	0.0259266	0.0460147	0.0595951	0.0441725	0.0401318	0.00320246	0.0154312
7	0.294033	0.0639637	0.00474803	0.00459113	0.00659012	0.0134616	0.00322104	0.135777	0.00435748	0.114353	0.0301228	0.00336598	0.0146534	0.00555308	0.0049665	0.0582123	0.0388964	0.192138	0.000852532	0.00614283
8	0.0204574	0.00210871	0.00891954	0.0295636	0.00374949	0.00557427	0.0215551	0.00701698	0.369618	0.0191662	0.0228834	0.0495836	0.000288147	0.068524	0.289838	0.0306922	0.0355941	0.0105793	0.00120233	0.00308629
9	0.0378906	0.00301301	0.020539	0.205047	0.00150653	0.00274872	0.00238752	0.0550484	0.0802697	0.0273086	0.0123495	0.0255814	0.0154517	0.10501	0.0034343	0.0535898	0.241009	0.0966234	0.000641438	0.0105507
10	0.0015208	0.00602356	0.000722628	0.000981983	0.417863	0.000951734	0.022005	0.00100794	0.00625747	0.0239372	0.0200171	0.0011118	0.00045434	0.00449188	0.010864	0.00187304	0.00157119	0.0206558	0.0111127	0.446577
11	0.0789779	0.00350212	0.00404386	0.0597941	0.00179199	0.0181415	0.00349069	0.00433972	0.1134	0.0205051	0.00396543	0.04217	0.550393	0.0080338	0.00395073	0.0528816	0.0121484	0.0138251	0.00214224	0.00250221
12	0.00406034	0.010044	0.00164048	0.0017756	0.460341	0.00268155	0.0307292	0.00409165	0.00603801	0.0317592	0.021167	0.00383096	0.00175675	0.00560348	0.0115283	0.00437943	0.00383356	0.0239284	0.01232	0.358491
13	0.0458482	0.00265582	0.0211393	0.20597	0.00105136	0.00231397	0.0018771	0.0729016	0.0919852	0.0389654	0.00621384	0.0177355	0.0244349	0.124252	0.0026384	0.0374132	0.195559	0.101147	0.0005246	0.00537413
14	0.0484562	0.0204959	0.00315419	0.00676586	0.0281688	0.0049224	0.00678109	0.0990543	0.00621384	0.492154	0.0783897	0.00738353	0.037154	0.0104972	0.00931139	0.0197459	0.0225589	0.0904216	0.00286339	0.00550822
15	0.0418776	0.00397306	0.375213	0.200468	0.00393549	0.0208673	0.0170772	0.00658233	0.0371057	0.0126532	0.00872316	0.0844822	0.0120799	0.0382588	0.0187047	0.0603326	0.036567	0.0159785	0.00164279	0.00347704
16	0.221775	0.00850317	0.0322517	0.0107892	0.00196933	0.0267032	0.0231832	0.00885061	0.0178191	0.0300143	0.00924962	0.0261312	0.349197	0.024696	0.0109064	0.115936	0.0553899	0.0144118	0.00321653	0.00900674
17	0.016997	0.014644	0.00622204	0.00764291	0.397975	0.0085629	0.029516	0.0230494	0.0101049	0.0764914	0.0296506	0.011128	0.0078502	0.00990024	0.0113506	0.0179036	0.0147515	0.0368749	0.0126777	0.256707
18	0.0536446	0.0135112	0.0689329	0.141206	0.00872014	0.0330329	0.032248	0.0239777	0.112219	0.0520257	0.0187413	0.0536835	0.0133931	0.130814	0.0787967	0.0725672	0.0514378	0.0302758	0.00257397	0.00819916
19	0.0752383	0.00449428	0.0353838	0.0849606	0.00615328	0.0149336	0.01595	0.0147186	0.251166	0.0253643	0.00531747	0.0258254	0.00947156	0.152871	0.137228	0.0921767	0.0373566	0.00815793	0.00079456	0.00243873
20	0.045917	0.0026557	0.0212252	0.206041	0.00105166	0.00238977	0.00192212	0.0728574	0.0919382	0.0390216	0.00624167	0.0177002	0.0243097	0.124443	0.0026355	0.0374981	0.195185	0.101073	0.000524439	0.00536918
21	0.438425	0.0374215	0.00237097	0.00210067	0.00114997	0.00329002	0.00160465	0.00257847	0.00234641	0.00389822	0.00195971	0.00338568	0.00159541	0.00218885	0.00201325	0.474876	0.00944982	0.00741181	0.000690528	0.00124379
22	0.00250118	0.00484179	0.00139716	0.00444682	0.0104678	0.000659646	0.000385086	0.498942	0.001489	0.0540236	0.0143098	0.000625858	0.000243625	0.001131	0.00270872	0.00115832	0.0131641	0.385582	0.000387223	0.00153448
23	0.0866807	0.0119026	0.0521595	0.117529	0.00414365	0.0336594	0.0264746	0.0218868	0.150331	0.0387648	0.0173095	0.0755557	0.000518606	0.096221	0.0804184	0.103377	0.0558691	0.0205836	0.00196547	0.00464995
24	0.209609	0.321582	0.00425143	0.0114086	0.0252954	0.00981188	0.0027795	0.0106179	0.00442324	0.00817327	0.00386741	0.0085659	0.00741816	0.00424776	0.00396784	0.14983	0.0682978	0.126572	0.0012722	0.0180076
25	0.00470898	0.00363099	0.000660938	0.00114909	0.00399696	0.000761506	0.000605625	0.54738	0.00113232	0.225713	0.0096357	0.000863226	0.000428535	0.00105133	0.00094007	0.0019282	0.00323644	0.191225	0.000296027	0.00065551
26	0.0215212	0.00145426	0.252579	0.544863	0.000545103	0.0077589	0.00898827	0.00180907	0.0205908	0.00467999	0.00264365	0.0151342	0.0133255	0.0493533	0.007017	0.0247242	0.0163549	0.00581682	0.000255949	0.000585652
27	0.0876878	0.0177926	0.0431821	0.0953686	0.00416591	0.0371831	0.0389566	0.019634	0.145106	0.030167	0.0140181	0.107921	0.00118904	0.0857818	0.0897563	0.10709	0.0493078	0.0167125	0.00189674	0.00708291
28	0.045788	0.00199128	0.0828057	0.107801	0.0024697	0.120051	0.0190924	0.00261817	0.0528066	0.0118257	0.0190381	0.338569	0.0012725	0.0275397	0.00429813	0.122144	0.0204814	0.00379934	0.000858787	0.0147493
29	0.017307	0.00469885	0.0729983	0.441681	0.00175111	0.0100744	0.0520267	0.00390944	0.0328293	0.0337128	0.00423045	0.00700689	0.00381715	0.207178	0.0233308	0.0374036	0.0308837	0.0128503	0.000730083	0.00158037
30	0.0360475	0.0178128	0.0155505	0.00862566	0.0057133	0.0303211	0.00394981	0.00588333	0.0152521	0.0102126	0.00868961	0.0318616	0.0118093	0.0194047	0.0130155	0.424124	0.319076	0.0189481	0.000943243	0.00275931
31	0.025618	0.0137806	0.00162339	0.00275966	0.0191896	0.00162751	0.000892853	0.279282	0.00187681	0.196091	0.0496259	0.00265927	0.00110625	0.00269896	0.0024573	0.0043535	0.0258851	0.364029	0.00160449	0.00283894
32	0.00943113	0.00676867	0.00096917	0.00269907	0.0371981	0.0014154	0.00151352	0.0785873	0.00235043	0.676978	0.114882	0.00192222	0.00187117	0.00436772	0.00200189	0.0046068	0.0075079	0.0374535	0.00259034	0.00488545
33	0.0242414	0.0142045	0.00172787	0.00292657	0.0139563	0.00146154	0.000722959	0.333229	0.00144863	0.122685	0.0330361	0.00209818	0.000925694	0.00191412	0.00239434	0.00414002	0.024379	0.410359	0.00163465	0.00251546
34	0.439393	0.0359812	0.00296045	0.00282915	0.00160355	0.00723245	0.00213184	0.00363406	0.00325833	0.00494126	0.00207629	0.00365422	0.00201654	0.00333028	0.00235228	0.458886	0.0107382	0.00993426	0.000661288	0.00238516
35	0.151485	0.031007	0.0153709	0.027628	0.0182089	0.0215081	0.0103664	0.107131	0.0229441	0.219933	0.0590929	0.0157597	0.0143274	0.023861	0.0179122	0.067831	0.0428017	0.120499	0.00259114	0.00974157
36	0.0438957	0.0200764	0.0181475	0.0460553	0.0488493	0.0169426	0.114208	0.0387406	0.0632178	0.168741	0.0393919	0.0466035	0.0236659	0.0488311	0.0652193	0.0496767	0.0425121	0.0456886	0.00599088	0.0535461
37	0.0556653	0.0200085	0.0570133	0.0489152	0.0095125	0.111794	0.0156186	0.0133751	0.0385166	0.0229112	0.015362	0.0671808	0.0144592	0.0378303	0.0239942	0.208448	0.203227	0.02492	0.00290628	0.00834221
38	0.0735511	0.0125471	0.0650667	0.0435352	0.00722178	0.0511615	0.0214695	0.00797455	0.0435747	0.0185678	0.0104731	0.154963	0.0146719	0.0294109	0.0265671	0.306716	0.0850632	0.0141125	0.00177696	0.0115751
39	0.452828	0.0230362	0.0240502	0.0212157	0.00908862	0.0305276	0.00838478	0.0165137	0.0146274	0.0328244	0.00664684	0.0144666	0.0144296	0.0199436	0.0110086	0.210735	0.0299942	0.0450775	0.000839627	0.0137621
40	0.0567401	0.0119471	0.00971424	0.0115433	0.0437371	0.537141	0.0161073	0.0124415	0.0172852	0.0242523	0.00994737	0.044342	0.00778756	0.0192047	0.0159317	0.0653668	0.0134037	0.0183917	0.00705608	0.0576591
41	0.0292088	0.0061625	0.0149578	0.0356302	0.00414101	0.0113542	0.0288417	0.00727848	0.295681	0.0200288	0.0157065	0.0461398	0.00221032	0.0665628	0.331141	0.0376878	0.0311814	0.0102416	0.00100076	0.00484375
42	0.0650062	0.0243821	0.0309005	0.0440844	0.00782573	0.0215159	0.0123988	0.0367823	0.035846	0.0489185	0.0258493	0.0421664	0.015401	0.0338916	0.0298624	0.165724	0.294435	0.057003	0.00188194	0.0061251
43	0.0563221	0.0142759	0.0044012	0.00138314	0.00265101	0.000777107	0.000785789	0.143106	0.00107714	0.0246584	0.0112226	0.00316711	0.00154228	0.00128621	0.00116425	0.00488627	0.0302699	0.689891	0.00186029	0.00527209
44	0.0293008	0.0170261	0.00298747	0.0024736	0.00775769	0.000719318	0.000445761	0.248225	0.00120972	0.0442662	0.0138193	0.00228298	0.000595873	0.00180242	0.00147854	0.00350728	0.0273426	0.589833	0.00143595	0.00349099
45	0.292087	0.0158916	0.0230476	0.0254685	0.0053883	0.255741	0.0113957	0.0137583	0.0308704	0.0175934	0.00774029	0.0355126	0.0198009	0.038654	0.016472	0.119457	0.0270626	0.0314923	0.000958799	0.0116074
46	0.0218975	0.013587	0.0190288	0.246157	0.00765456	0.00874322	0.0156876	0.0392503	0.0359209	0.215297	0.0267946	0.0103898	0.00534793	0.0992028	0.015422	0.07432	0.0629569	0.0733332	0.00265085	0.00635771
47	0.00462577	0.0101684	0.00226056	0.00259163	0.400712	0.00488948	0.0298933	0.0046127	0.00702557	0.0318184	0.0197704	0.00563468	0.00203153	0.0062813	0.0121897	0.00523168	0.00321016	0.0227814	0.015077	0.409194
48	0.489329	0.0330917	0.00605795	0.00640581	0.0037058	0.0175866	0.00329086	0.0084954	0.00524996	0.0110343	0.00270264	0.00559023	0.0025836	0.00780022	0.00371497	0.33815	0.0174297	0.0304076	0.000660936	0.00671316
49	0.00634814	0.00665648	0.00134877	0.00399002	0.0133742	0.000840627	0.000371704	0.475648	0.00140291	0.067752	0.0173762	0.00117413	0.000256933	0.00129998	0.00238233	0.00140718	0.0159245	0.380077	0.000678744	0.0016898
50	0.346542	0.0398686	0.0142406	0.0204987	0.00936405	0.030282	0.00923168	0.0773274	0.0181794	0.0593526	0.017523	0.0143707	0.0130901	0.0177469	0.011842	0.140222	0.0385052	0.107429	0.00136164	0.0130222
51	0.0159173	0.0316393	0.0052667	0.047188	0.00947919	0.00877401	0.0151401	0.019322	0.160872	0.239968	0.0982153	0.0116437	0.00526882	0.13709	0.017308	0.0535252	0.0684485	0.0459156	0.00166032	0.00735805
52	0.438425	0.0374215	0.00237097	0.00210067	0.00114997	0.00329002	0.00160465	0.00257847	0.00234641	0.00389822	0.00195971	0.00338568	0.00159541	0.00218885	0.00201325	0.474876	0.00944982	0.00741181	0.000690528	0.00124379
53	0.0141975	0.008927	0.00115754	0.00400933	0.0473643	0.00227386	0.00222703	0.0717152	0.00473515	0.6455	0.103956	0.00235973	0.00253187	0.00547653	0.00289807	0.00680287	0.0107048	0.0559309	0.00155472	0.00567765
54	0.0188072	0.00923567	0.00155623	0.0139124	0.00127943	0.00205228	0.0149241	0.00203397	0.207249	0.0123966	0.00615612	0.0115509	0.000587865	0.053374	0.610633	0.0163614	0.00938246	0.00671698	0.00032508	0.00146532
55	0.0400381	0.000698699	0.469987	0.192242	0.000329703	0.0167238	0.007929	0.0022456	0.0242434	0.00594212	0.00347447	0.11529	0.00411	0.0180433	0.0150472	0.049174	0.0234928	0.00932001	0.00136588	0.00030397
56	0.0395521	0.017123	0.0330825	0.039041	0.00176085	0.121669	0.0531764	0.00688967	0.287713	0.00510477	0.00305944	0.132666	0.00153111	0.0957404	0.0985857	0.0408625	0.0108752	0.00498296	0.000867694	0.0057167
57	0.0249738	0.00321299	0.0123386	0.0337345	0.00389757	0.00725487	0.0215972	0.00750884	0.35131	0.0191602	0.0198609	0.0486103	0.00172124	0.0818507	0.273193	0.0364895	0.0381908	0.0109831	0.00115299	0.00295899
58	0.0197558	0.0454873	0.00621491	0.0153524	0.00264769	0.00641433	0.0177997	0.00836022	0.178657	0.0144826	0.0066127	0.0166262	0.00158932	0.0442265	0.562	0.0231919	0.0116716	0.0147446	0.000916362	0.00324932
59	0.0542949	0.0223528	0.0050131	0.00663562	0.0136233	0.00566684	0.00322759	0.22469	0.00581089	0.0883478	0.0288233	0.00683036	0.00738815	0.00567655	0.00710964	0.0201821	0.0364814	0.447343	0.00292116	0.00758201
60	0.00301982	0.00441603	0.00142746	0.00430305	0.0102592	0.000642841	0.000391696	0.510995	0.00146088	0.0529048	0.013428	0.000743709	0.000233837	0.00112371	0.00261955	0.00122578	0.0123502	0.376592	0.000379108	0.00148363
61	0.00452572	0.0106921	0.00183152	0.00236144	0.389724	0.00464847	0.0269927	0.00498515	0.00728952	0.0318264	0.0197954	0.00589688	0.00195917	0.00586902	0.0110591	0.00524736	0.00382662	0.0227391	0.0145642	0.424166
62	0.0614934	0.0270859	0.0343877	0.0480275	0.0125968	0.0227467	0.0151739	0.0438705	0.0362551	0.0542981	0.0264837	0.0416564	0.0176005	0.0355241	0.0256426	0.140651	0.280259	0.064043	0.00297251	0.00923135
63	0.0295907	0.0126865	0.0101236	0.00306019	0.00512613	0.0407646	0.00224611	0.00176517	0.00915536	0.00440894	0.00487343	0.0252361	0.0122514	0.0139569	0.00995832	0.580518	0.220055	0.0115854	0.000512202	0.00212595
64	0.0845831	0.012026	0.0201938	0.0336391	0.00545523	0.0189789	0.0180886	0.0100466	0.0407813	0.0373463	0.014525	0.0322093	0.460471	0.0207635	0.0135042	0.0900358	0.0405542	0.0247092	0.00808111	0.0140078
65	0.0102797	0.0059848	0.000944243	0.00252645	0.0175502	0.00151553	0.00130721	0.358855	0.0023712	0.380299	0.0615483	0.00166645	0.00124873	0.00363245	0.00251721	0.00464619	0.00906986	0.13107	0.000970125	0.00199822
66	0.0389064	0.0104278	0.0373783	0.0601808	0.00917055	0.0224295	0.0312391	0.0183113	0.252402	0.0381181	0.0244953	0.0556528	0.00522614	0.0716096	0.196006	0.0544259	0.0421318	0.0207598	0.00250418	0.00862469
67	0.0148899	0.0116164	0.00311449	0.00602925	0.0367435	0.00265718	0.00328033	0.0873247	0.00802019	0.611815	0.0958386	0.00470112	0.00379245	0.00871409	0.00623415	0.00917464	0.015461	0.0609165	0.00261722	0.00705923
68	0.113606	0.0279647	0.0290196	0.0310116	0.00622242	0.0548616	0.0108582	0.0153771	0.0357859	0.0229585	0.0120052	0.0472365	0.0155433	0.0260256	0.0276647	0.377387	0.109538	0.0267042	0.00180375	0.00842601
69	0.0575698	0.0132734	0.0808741	0.0629639	0.0146288	0.0604216	0.0414847	0.0142293	0.0817914	0.0395795	0.019059	0.167086	0.0154763	0.0433074	0.0560293	0.125835	0.0600505	0.0234901	0.00339467	0.0194557
70	0.0583268	0.0135676	0.0618486	0.118222	0.0140934	0.0336126	0.0315613	0.0193295	0.123957	0.0514606	0.0196562	0.0486541	0.0141086	0.130687	0.0975415	0.0717849	0.0470609	0.027065	0.00377299	0.0136895
71	0.0410305	0.00898469	0.0293822	0.0573349	0.0076234	0.0164295	0.033134	0.0120634	0.273146	0.0301587	0.0223303	0.0512095	0.00447888	0.0725149	0.224534	0.050402	0.0380869	0.016269	0.00197467	0.00891237
72	0.00150728	0.00597465	0.000713158	0.000976604	0.418092	0.000888139	0.0219896	0.000960781	0.00624793	0.0238871	0.0200362	0.00106708	0.000444401	0.00447162	0.0108738	0.00185656	0.00156499	0.0206536	0.0110637	0.446731
73	0.0279212	0.0126959	0.0123846	0.0335634	0.00485661	0.00765549	0.0285663	0.00742564	0.210397	0.0193965	0.0120694	0.0304219	0.00221509	0.0566323	0.457153	0.0316063	0.0233451	0.0135866	0.00126105	0.00684647
74	0.0241993	0.00128649	0.322086	0.452941	0.000507335	0.00894262	0.00973386	0.00177983	0.0215893	0.00489497	0.00362873	0.0400612	0.0103458	0.0352296	0.0080639	0.0298013	0.0172141	0.00649012	0.000628928	0.000575109
75	0.00523955	0.00671219	0.00110543	0.00398577	0.0613589	0.00112143	0.00120521	0.0366557	0.00298813	0.731494	0.0973485	0.00162223	0.00153612	0.00373105	0.0012421	0.00374406	0.00599222	0.0204456	0.00322175	0.00924978
76	0.0723822	0.0205026	0.00436749	0.0965692	0.0637468	0.00434226	0.0877942	0.00523227	0.0423803	0.0944744	0.0367723	0.00555138	0.00258454	0.142376	0.00605362	0.116316	0.164107	0.00761678	0.00109389	0.0257372
77	0.0298257	0.00242935	0.438344	0.210318	0.000955566	0.0141553	0.0298437	0.00384911	0.0267922	0.00810844	0.00979136	0.0757068	0.00610484	0.0444714	0.0131473	0.0494017	0.0239992	0.0106612	0.00110659	0.000988805
78	0.0826847	0.029814	0.00393439	0.0029407	0.00634401	0.00355636	0.00113625	0.172227	0.00215628	0.0643493	0.0223098	0.00331033	0.00521928	0.00232792	0.00239799	0.0147919	0.0335303	0.541024	0.0015424	0.00440267
79	0.0462566	0.00458117	0.00994204	0.00957906	0.00207793	0.740326	0.00457047	0.00428907	0.0170221	0.0065605	0.00358744	0.0395664	0.00268122	0.010344	0.0160148	0.0574831	0.00962884	0.0075894	0.00138976	0.0065105
80	0.0201935	0.013777	0.00316483	0.00648781	0.0436419	0.00328153	0.00574132	0.0909122	0.00950932	0.570339	0.0850197	0.00650795	0.00654337	0.00930675	0.00962342	0.0127065	0.0167276	0.0692508	0.00279832	0.0144671
81	0.0126499	0.00509001	0.000701101	0.00098418	0.00798635	0.000988196	0.00062783	0.311031	0.00166325	0.262958	0.26229	0.00115193	0.000468984	0.00214151	0.00188634	0.00289283	0.0185595	0.104761	0.000325035	0.000843366
82	0.0596738	0.028322	0.0312162	0.0413752	0.00784287	0.0225072	0.0127841	0.0361938	0.0436585	0.042177	0.0247414	0.0392857	0.0152699	0.0348031	0.0299712	0.176722	0.282254	0.0638076	0.00228729	0.00510717
83	0.0429143	0.00342531	0.00648349	0.00787766	0.00225714	0.776353	0.00337518	0.00216297	0.0103147	0.00446714	0.00254482	0.0370574	0.00610813	0.00779937	0.0147104	0.0511221	0.00825698	0.00537695	0.000719805	0.00667267
84	0.040472	0.00467201	0.371545	0.213108	0.00153216	0.0216865	0.0168285	0.00583368	0.0372731	0.0113981	0.00909518	0.080669	0.00924367	0.0420922	0.021381	0.0612165	0.0345828	0.0131615	0.00183649	0.00237247
85	0.0478386	0.0142393	0.00461402	0.00187794	0.00277261	0.0006235	0.00056097	0.147539	0.00134343	0.0239547	0.0105495	0.00379633	0.000895168	0.001308	0.000901521	0.00532677	0.0324072	0.691867	0.00184304	0.00574181
86	0.0435306	0.0318792	0.00962555	0.0034609	0.00597667	0.0285294	0.00265405	0.00298493	0.0109426	0.00649057	0.0073385	0.023708	0.00935098	0.0133817	0.0101399	0.4139	0.347364	0.0255636	0.000691101	0.00248825
87	0.00482545	0.00369508	0.000660087	0.000933166	0.00277272	0.000820771	0.000695951	0.566937	0.00114545	0.229687	0.0112637	0.000969345	0.00052228	0.00118315	0.000886205	0.00211902	0.00241638	0.167485	0.00036324	0.00061866
88	0.0652172	0.00535304	0.0927065	0.117454	0.00207556	0.0653619	0.0268752	0.00765492	0.0917106	0.0171943	0.0128618	0.217794	0.00338986	0.0547215	0.0333627	0.11889	0.0488908	0.0100924	0.00122295	0.00717083
89	0.0680693	0.00998215	0.036967	0.155962	0.00394776	0.0118038	0.0108909	0.0324874	0.047949	0.0298977	0.0105765	0.0208789	0.217213	0.101607	0.0146917	0.0427401	0.0821375	0.0940244	0.00190204	0.00627127
90	0.0185123	0.00193062	0.172008	0.049243	0.000770121	0.0449261	0.0141264	0.00126081	0.0391327	0.00209734	0.00127785	0.14194	0.0304319	0.0145609	0.015736	0.275038	0.169022	0.00678137	0.000371783	0.000832179
91	0.356422	0.0146045	0.0151763	0.0172831	0.00492616	0.1637	0.0101937	0.0117704	0.0223216	0.0142483	0.00499105	0.0332823	0.020192	0.0375456	0.00791507	0.195311	0.0252404	0.0325536	0.000816571	0.0115057
92	0.0168365	0.0132714	0.0170758	0.00338542	0.00867955	0.0388146	0.00222651	0.00214883	0.00975758	0.00454175	0.0062477	0.0232101	0.00710552	0.0145546	0.0100134	0.515449	0.290501	0.014098	0.000545841	0.00153724
93	0.10108	0.117844	0.000930125	0.00212802	0.0131696	0.00467522	0.000930898	0.208053	0.00177075	0.145629	0.0390315	0.00248385	0.00975017	0.00205257	0.0034666	0.0238441	0.0361505	0.283813	0.00133492	0.00186353
94	0.0136617	0.00827063	0.00145892	0.00320985	0.0309466	0.00212738	0.00243642	0.0938336	0.00308582	0.661611	0.0756501	0.00252236	0.00339623	0.00887738	0.00404685	0.00838773	0.0114533	0.0603584	0.00164942	0.00301601
95	0.00496506	0.00598415	0.00159045	0.00407462	0.00984538	0.000648687	0.000383523	0.469988	0.00144608	0.0557917	0.013915	0.000856655	0.000286139	0.001151	0.00251813	0.00143074	0.0141723	0.408638	0.000565382	0.00174911
96	0.0310742	0.0197935	0.0115304	0.0164428	0.0348131	0.00925793	0.0104852	0.143755	0.0317751	0.265065	0.172668	0.0179468	0.00588614	0.0196429	0.0252062	0.0265261	0.038657	0.0952369	0.00293422	0.0213034
97	0.0609837	0.0260229	0.0309337	0.0388673	0.00929869	0.0210564	0.0131119	0.0338581	0.0392011	0.0535039	0.0218568	0.0457275	0.0258057	0.0295838	0.0295801	0.171993	0.279158	0.057461	0.00273187	0.00926404
98	0.0652376	0.022769	0.0364429	0.0419601	0.010345	0.0202406	0.01433	0.0486501	0.0495388	0.05299	0.0280139	0.0492958	0.0158913	0.0347434	0.0325378	0.146455	0.258888	0.0611356	0.00250527	0.00802932
99	0.0393898	0.00678713	0.171643	0.344081	0.00463013	0.01927	0.0195406	0.0108079	0.055407	0.0275964	0.0113144	0.0400624	0.0135333	0.0833911	0.0327661	0.0536374	0.0414875	0.0190421	0.00125781	0.0043549
100	0.0131125	0.00878044	0.00177867	0.00384193	0.00989155	0.000908966	0.000416953	0.44595	0.00155033	0.0671337	0.0149547	0.00134072	0.000701865	0.00135632	0.0022197	0.00262567	0.0171599	0.403528	0.000738657	0.00200948
101	0.00450832	0.00809187	0.00154381	0.00387854	0.0475976	0.00315618	0.00340228	0.0353654	0.00343935	0.754953	0.0697041	0.00430783	0.00258525	0.00454129	0.00272729	0.00482937	0.0049686	0.0138253	0.0121658	0.0144087
102	0.0279983	0.0102422	0.0168506	0.0433086	0.00256908	0.00965768	0.0271465	0.00719355	0.214649	0.0184578	0.0103606	0.0335343	0.00267647	0.0743493	0.426646	0.034435	0.0236383	0.0116566	0.000741057	0.00388917
103	0.12865	0.00384039	0.00485035	0.0206308	0.00140118	0.0824654	0.00487507	0.00313897	0.025093	0.0128203	0.00301153	0.180633	0.0111101	0.015321	0.00699067	0.441292	0.0410972	0.00500346	0.000747492	0.00702766
104	0.0324745	0.014453	0.0105805	0.015074	0.0313474	0.0117078	0.00826421	0.155757	0.0316277	0.259987	0.173068	0.0174429	0.012423	0.0160537	0.0258964	0.0303955	0.0340198	0.0989602	0.00334923	0.0171183
105	0.0284766	0.0167133	0.0144255	0.0462357	0.0255917	0.011244	0.0126845	0.0573797	0.0381768	0.444983	0.0620914	0.0158942	0.0113194	0.0596284	0.026222	0.030996	0.0330595	0.0513193	0.00346861	0.0100907
106	0.00512266	0.0094255	0.00194932	0.0024192	0.411658	0.00381827	0.0309121	0.00381318	0.00707904	0.0314186	0.0206422	0.00499374	0.00181845	0.00667779	0.0120281	0.00504643	0.00401368	0.0224489	0.0122416	0.402473
107	0.0174335	0.0103719	0.00455477	0.0185655	0.00210566	0.00365055	0.0186245	0.00421688	0.261308	0.0141986	0.0112363	0.0259382	0.000474585	0.0527567	0.500202	0.021844	0.0192537	0.0104383	0.000736803	0.00208954
108	0.0380733	0.00552059	0.0215103	0.0302427	0.00268555	0.529268	0.0178503	0.00481468	0.0817676	0.00989231	0.00585264	0.0803616	0.00356848	0.0304293	0.038634	0.0630961	0.0214792	0.00700311	0.00116244	0.00678807
109	0.107654	0.00577179	0.0114162	0.0197682	0.00192929	0.0875797	0.00487862	0.00327912	0.0247762	0.0101092	0.0039076	0.131319	0.0197064	0.0181878	0.0102504	0.443838	0.0819022	0.00702477	0.000786141	0.0059149
110	0.0311332	0.00156884	0.326521	0.403526	0.000501913	0.0116102	0.00922097	0.00256975	0.0232899	0.00586105	0.00330342	0.0441968	0.0117215	0.0432944	0.0107975	0.0381921	0.0231599	0.0082899	0.000664152	0.000577652
111	0.00215918	0.00387409	0.00137564	0.00425123	0.0101982	0.000609709	0.000370185	0.508876	0.00147129	0.059843	0.0148448	0.000622688	0.000224313	0.00104063	0.00258518	0.00112986	0.0123471	0.372388	0.000363926	0.00142477
112	0.0227823	0.0187119	0.00123803	0.00370404	0.0294716	0.00269804	0.00144412	0.266883	0.00186975	0.187019	0.058779	0.00493864	0.000479648	0.00407258	0.00343488	0.00460302	0.0441686	0.338165	0.00221704	0.00331929
113	0.0194321	0.00575509	0.00566287	0.018776	0.00252611	0.00357514	0.0484362	0.00363423	0.254797	0.015719	0.00969178	0.0335393	0.000847878	0.052506	0.465035	0.0266284	0.0180608	0.00761523	0.000673817	0.00708824
114	0.0437688	0.00672824	0.123761	0.342807	0.00449108	0.0224209	0.0240668	0.0111286	0.05459	0.0342	0.00815955	0.0299948	0.00797965	0.128678	0.0323995	0.0541214	0.0443655	0.0215634	0.00155031	0.00322506
115	0.0430818	0.019286	0.00288015	0.00205256	0.0110842	0.0013348	0.000572406	0.220059	0.00143291	0.0883122	0.0266826	0.00299833	0.00156085	0.00166679	0.00183085	0.00616712	0.0302251	0.532909	0.00187961	0.00398331
116	0.27674	0.0130537	0.00362975	0.00543953	0.00286123	0.298035	0.0212345	0.00463155	0.03828	0.00692698	0.00431741	0.00585161	0.00465039	0.105492	0.00555236	0.142647	0.0199622	0.0300269	0.00110582	0.00956212
117	0.0268365	0.0677683	0.0123738	0.0175725	0.133643	0.0244906	0.0291787	0.0455185	0.0164375	0.160846	0.0304575	0.0348377	0.0192771	0.0209463	0.0127266	0.0330685	0.0291027	0.0542773	0.124856	0.105785
118	0.0230517	0.0116706	0.0028452	0.00268332	0.00627383	0.000590647	0.000398405	0.294286	0.00102463	0.0327844	0.0105018	0.00172088	0.000396271	0.00138549	0.00169743	0.00269646	0.0213557	0.579911	0.00126021	0.00346635
119	0.00291717	0.00481925	0.00145814	0.0045327	0.0105203	0.000664886	0.000421193	0.507141	0.00154785	0.0470219	0.0132002	0.000763118	0.00024383	0.00121516	0.0027288	0.00123963	0.0128977	0.384773	0.000391253	0.0015029
120	0.00145577	0.00752987	0.000659332	0.000939062	0.508469	0.000827026	0.0229012	0.00197321	0.00467914	0.0277317	0.0226705	0.000992732	0.000371766	0.00432289	0.00968781	0.00219818	0.00205673	0.0224326	0.00985808	0.348244
121	0.0380113	0.00366237	0.361553	0.217685	0.0019827	0.0205315	0.0173465	0.00646121	0.0401784	0.0105475	0.00749819	0.0828508	0.00896762	0.039932	0.0229792	0.0624541	0.039015	0.0139025	0.00173641	0.00270491
122	0.0433522	0.00807053	0.174622	0.361963	0.00392016	0.0182233	0.0165742	0.0148079	0.0464622	0.0249724	0.0104173	0.0384356	0.0111098	0.0751218	0.0289177	0.0505267	0.0409197	0.0244677	0.00296453	0.00415165
123	0.0363748	0.0136035	0.00344044	0.00134864	0.00410559	0.000472271	0.000442162	0.210436	0.000753123	0.0263754	0.010051	0.00240971	0.000705171	0.0012941	0.00102279	0.00353142	0.0252599	0.652579	0.00160375	0.0041917
124	0.0586361	0.0176386	0.0438537	0.0606092	0.0473356	0.0234188	0.124878	0.0194747	0.0897928	0.0547005	0.02083	0.0665468	0.0186704	0.0545084	0.0907573	0.0697589	0.0436853	0.029064	0.00614545	0.0596951
125	0.0160853	0.016638	0.00651077	0.00647626	0.327905	0.0226994	0.0363228	0.00777001	0.012108	0.0347594	0.0196771	0.0159581	0.00921052	0.0110861	0.0163398	0.0194726	0.0114031	0.0250791	0.013724	0.370775
126	0.0165847	0.00929367	0.00144655	0.00395222	0.0326441	0.00224588	0.00224822	0.107929	0.00715704	0.569202	0.141323	0.00429623	0.00243019	0.0061286	0.00383529	0.0077095	0.0145771	0.0606872	0.00173286	0.00457779
127	0.0242335	0.00629718	0.0115711	0.0290857	0.0040859	0.0124257	0.0381646	0.00579255	0.291799	0.0179466	0.0146527	0.0550042	0.000826819	0.0611639	0.348629	0.0337449	0.0277244	0.00917889	0.00121288	0.00646101
128	0.0216341	0.0019117	0.506555	0.119645	0.00118637	0.014789	0.0368587	0.00333647	0.0220697	0.00580166	0.0110197	0.131901	0.00373688	0.0202001	0.00927685	0.0523084	0.0256156	0.00894222	0.0014093	0.00180154
129	0.0593239	0.004447	0.261345	0.273617	0.00183053	0.0291033	0.0116128	0.00932998	0.0357975	0.0115568	0.00678158	0.0653899	0.00949097	0.0671336	0.0227135	0.0678102	0.0446437	0.0164173	0.000688221	0.000967614
130	0.0293919	0.016657	0.0181718	0.0377298	0.00468738	0.0138342	0.0284607	0.0107767	0.183369	0.02266	0.0121665	0.0336747	0.00341207	0.0519695	0.44187	0.0411064	0.0268111	0.0158569	0.000850195	0.00654457
131	0.0453352	0.00464762	0.0103403	0.0132824	0.00490503	0.711775	0.00559082	0.00529322	0.0208277	0.00672698	0.00320493	0.0384739	0.00710892	0.0154108	0.0181268	0.057099	0.0130355	0.00923732	0.00117169	0.00840685
132	0.043615	0.0261228	0.00866241	0.00747465	0.173248	0.0135268	0.0238004	0.079995	0.0117482	0.0598859	0.023181	0.0179217	0.00897213	0.0116404	0.0153426	0.02598	0.0298641	0.235239	0.0118978	0.171882
133	0.046937	0.022541	0.0087558	0.0114338	0.0169949	0.00513056	0.00360271	0.234302	0.00720309	0.0872687	0.0266353	0.00569519	0.0044384	0.00547092	0.00735697	0.0145492	0.0319225	0.44786	0.00237333	0.00952822
134	0.0354271	0.0331165	0.0262205	0.0322742	0.119467	0.02829	0.027693	0.0398903	0.0300972	0.102381	0.030558	0.0326981	0.0390546	0.0271412	0.0269085	0.0526057	0.0338331	0.0491042	0.134802	0.0984374
135	0.042141	0.00682848	0.177537	0.36266	0.00259501	0.0199818	0.0184285	0.0154063	0.0481947	0.0243507	0.0083994	0.0377399	0.0176447	0.0789934	0.0242589	0.0507555	0.0355444	0.0246706	0.000862121	0.00300774
136	0.04228	0.00580513	0.177236	0.376965	0.00385921	0.0228308	0.0172659	0.0111146	0.0498022	0.0264357	0.00878405	0.032423	0.0121404	0.0770891	0.0287038	0.0487053	0.036409	0.018006	0.00133638	0.00280856
137	0.020349	0.013065	0.0114894	0.0019835	0.00665099	0.0334537	0.00225518	0.00189204	0.00881204	0.00483709	0.00621738	0.0231233	0.00856342	0.0152969	0.0106124	0.516211	0.295645	0.0172143	0.000507569	0.00182095
138	0.0160878	0.00512056	0.000715441	0.00125259	0.0129133	0.00141064	0.000895884	0.279736	0.0026901	0.318316	0.239952	0.00127694	0.000907103	0.00329049	0.00237475	0.00389686	0.0167318	0.0912166	0.000343442	0.000871942
139	0.0740905	0.0428127	0.00241561	0.00376653	0.00884745	0.00307287	0.000999716	0.308664	0.0027939	0.107828	0.0240967	0.00271064	0.0057745	0.0025145	0.00319087	0.0194871	0.0309823	0.352485	0.00107455	0.00239272
140	0.00312198	0.00551627	0.000674955	0.00302795	0.0448494	0.000843945	0.000819137	0.0349475	0.00232877	0.781186	0.0866013	0.00112694	0.00103528	0.00270663	0.00117011	0.0024825	0.00365732	0.0125493	0.00373109	0.00762398
141	0.0508405	0.0173981	0.00268254	0.00443855	0.0294185	0.00442883	0.00408907	0.0919871	0.00622737	0.520864	0.100938	0.00626112	0.00673909	0.00853394	0.00583663	0.0214397	0.0219845	0.0939032	0.000612777	0.00137693
142	0.0919329	0.00945117	0.0235432	0.0279887	0.00220536	0.0233494	0.0128801	0.00616178	0.0436867	0.0201014	0.00764442	0.0530329	0.412608	0.0204538	0.0133785	0.140872	0.0617904	0.0186217	0.0031864	0.00711117
143	0.0567448	0.00945523	0.0910194	0.068346	0.00529493	0.0124901	0.105077	0.00978878	0.192137	0.0225967	0.00818084	0.0212035	0.0605358	0.115784	0.091684	0.0633513	0.0428519	0.0123877	0.00151533	0.00955592
144	0.0742689	0.0104092	0.00842186	0.0269742	0.00183403	0.0401945	0.0953751	0.00460368	0.0578587	0.0281801	0.0207618	0.236127	0.00405294	0.0638149	0.0523442	0.156954	0.0903908	0.0162309	0.000749201	0.0104537
145	0.159168	0.103921	0.00168508	0.00156867	0.0014231	0.00497143	0.000922055	0.174957	0.00148462	0.0878831	0.0290512	0.00159028	0.0136845	0.00139173	0.00286445	0.0379264	0.0367864	0.336537	0.000539506	0.0016446
146	0.0232273	0.00322108	0.00184818	0.0086993	0.00381571	0.0015819	0.158631	0.00206693	0.174735	0.0201356	0.00315964	0.0523108	0.000836299	0.0344181	0.443595	0.026411	0.00568106	0.00466836	0.000759357	0.0301989
147	0.00329529	0.00859345	0.00170033	0.00192677	0.415256	0.00372371	0.0386828	0.0033173	0.00511042	0.0417386	0.0300936	0.0057104	0.00156219	0.00933545	0.0117196	0.00345977	0.00271928	0.0252117	0.0106391	0.376205
148	0.0627351	0.0282695	0.00302335	0.00248208	0.010318	0.0027394	0.000916027	0.189397	0.00150126	0.0946628	0.0257465	0.00336625	0.00515002	0.00228399	0.00290957	0.0106489	0.0317867	0.516648	0.00175387	0.00366173
149	0.0164057	0.0141106	0.00402453	0.00518364	0.39327	0.006727	0.0298019	0.0216748	0.00984749	0.0985415	0.0300815	0.00773987	0.00369016	0.00992188	0.014541	0.0144605	0.0121071	0.0401716	0.0122064	0.255493
150	0.0178577	0.0100835	0.00276801	0.00607068	0.0349138	0.00336149	0.00413185	0.0952377	0.00873753	0.604516	0.0840069	0.00601796	0.00375151	0.00938091	0.00807953	0.011071	0.0157165	0.0640623	0.00323874	0.00699693
151	0.116291	0.0243424	0.027238	0.0309383	0.0067167	0.0541186	0.0135987	0.0106172	0.0418653	0.0215748	0.0106503	0.05341	0.0233521	0.0328758	0.0298418	0.374061	0.0959952	0.0221452	0.00259265	0.00777514
152	0.314922	0.033748	0.0256603	0.0356041	0.00926906	0.038404	0.0154447	0.0397383	0.0339414	0.0445445	0.0189608	0.0268641	0.0341128	0.0313689	0.0204946	0.154847	0.0424261	0.0686464	0.00143011	0.00957243
153	0.0587338	0.0241141	0.0337217	0.0380408	0.0115528	0.0225464	0.0133914	0.0461669	0.0426532	0.0551762	0.0245528	0.0509795	0.0152384	0.031922	0.0306418	0.166468	0.261852	0.0593848	0.00283148	0.0100313
154	0.0149667	0.00723041	0.000798531	0.00179392	0.0143366	0.0013179	0.000911206	0.361159	0.00169089	0.246627	0.135974	0.00160535	0.00057835	0.00233155	0.00256977	0.00333383	0.0181691	0.182557	0.000752137	0.00129648
155	0.0820962	0.0102314	0.0153905	0.0226859	0.00215293	0.0200073	0.0146319	0.00640522	0.0311419	0.0196428	0.00942886	0.027025	0.512278	0.0183187	0.0102399	0.120952	0.0411484	0.0188449	0.00705281	0.0103258
156	0.0577345	0.0135915	0.100843	0.0787126	0.0130679	0.0573254	0.0355444	0.0151825	0.085408	0.0325988	0.0193514	0.165188	0.0115682	0.049404	0.0508171	0.116628	0.0515124	0.0237442	0.0036109	0.018167
157	0.326204	0.00887964	0.0147639	0.00963185	0.00185501	0.0877319	0.0070039	0.00677772	0.0158191	0.0127032	0.00335824	0.0378025	0.119254	0.0234901	0.00645365	0.253851	0.0449703	0.0129175	0.00131526	0.00521708
158	0.042485	0.00917753	0.00747653	0.0418964	0.0557547	0.00814837	0.0369379	0.0114275	0.230689	0.130595	0.0683822	0.0115843	0.0288536	0.0305622	0.0939522	0.0721057	0.0996466	0.0126923	0.00183427	0.00579842
159	0.0148638	0.00349658	0.0971967	0.48625	0.00125227	0.00970574	0.0344672	0.00305157	0.0247955	0.0324733	0.00355861	0.00694286	0.00437052	0.191567	0.0142392	0.0330859	0.026795	0.00978078	0.00067706	0.00143013
160	0.0034532	0.0102365	0.00226241	0.00202642	0.454403	0.00440654	0.0273144	0.00461381	0.0054068	0.0351183	0.0226606	0.00565466	0.00206116	0.00656105	0.0105761	0.00472513	0.00357137	0.0245516	0.0136959	0.356701
161	0.177936	0.0342754	0.00453654	0.0042161	0.00562521	0.00785997	0.00215845	0.139228	0.00300234	0.0489058	0.0179195	0.00402174	0.00584176	0.00363906	0.00250692	0.0240016	0.0337899	0.473737	0.00147112	0.00532767
162	0.0724683	0.00997403	0.191953	0.251963	0.00558361	0.0576465	0.0102954	0.00779596	0.0351649	0.0157067	0.0115338	0.0457996	0.00609024	0.115877	0.0288668	0.06869	0.0470252	0.0163373	0.000534367	0.00069328
163	0.0389415	0.0310846	0.0240444	0.0251279	0.128216	0.0300511	0.026667	0.0324292	0.0365795	0.0946255	0.0353803	0.0324071	0.0469829	0.0254978	0.025777	0.0512603	0.0344964	0.0538768	0.116481	0.110074
164	0.00784547	0.00670345	0.00169988	0.00397574	0.00942109	0.000630413	0.0003843	0.449693	0.00131919	0.0485681	0.0136554	0.000946375	0.000304234	0.00127222	0.00239386	0.00151885	0.0157625	0.431364	0.000610164	0.00193146
165	0.24668	0.285896	0.00354663	0.0135103	0.0149753	0.00674853	0.0021338	0.0111826	0.00369123	0.00615755	0.00252788	0.00854953	0.00885187	0.00344572	0.00360407	0.150299	0.0783369	0.138271	0.00061475	0.0109781
166	0.0558838	0.00409859	0.00509298	0.0324204	0.0161523	0.00352851	0.213596	0.00393267	0.162313	0.0131424	0.0039814	0.0606754	0.00346113	0.0340439	0.206863	0.0721307	0.0213115	0.00575764	0.0011081	0.0805065
167	0.151547	0.0175156	0.0259911	0.0636716	0.00930426	0.0375948	0.046185	0.00969385	0.0918168	0.0294705	0.0137892	0.0658983	0.00709039	0.0975326	0.0495207	0.17153	0.0842974	0.0196395	0.00115014	0.00676112
168	0.108216	0.0129094	0.010411	0.0393527	0.0032347	0.0169117	0.0151737	0.0096081	0.074847	0.0307615	0.0103965	0.0340065	0.469053	0.0168038	0.014029	0.0619499	0.0258247	0.0350773	0.00255626	0.00887824
169	0.0659584	0.0953136	0.00266362	0.00423824	0.00828593	0.00288004	0.0010304	0.208896	0.002186	0.0772652	0.0236718	0.00271598	0.00407375	0.00233482	0.00268696	0.0156317	0.0325023	0.44328	0.00144655	0.0029386
170	0.0517839	0.0112307	0.0307348	0.0364744	0.0056012	0.0403142	0.126247	0.00563776	0.0695415	0.0267656	0.0163966	0.259524	0.00344492	0.0521938	0.0678572	0.103751	0.0593024	0.013233	0.00199706	0.017969
171	0.0305745	0.0128805	0.00335578	0.00216119	0.00643556	0.000723038	0.000430308	0.246214	0.00106864	0.034989	0.011254	0.00223593	0.000556777	0.00160547	0.00142147	0.00337118	0.0255114	0.609753	0.00154549	0.00391281
172	0.0170976	0.00922777	0.00253609	0.00296406	0.00689589	0.000555368	0.000380141	0.344355	0.00120246	0.0397547	0.0101405	0.00148984	0.000323207	0.00135013	0.00188994	0.00227612	0.0182112	0.535365	0.00100899	0.00297625
173	0.0506338	0.0151396	0.0207481	0.0293585	0.0292032	0.0277121	0.091228	0.0149708	0.0333475	0.0298835	0.0179757	0.059686	0.030946	0.0394775	0.0272456	0.220736	0.101793	0.0260577	0.00681443	0.127043
174	0.0593797	0.0213835	0.0208965	0.0188883	0.00632138	0.0273429	0.00726159	0.00804029	0.0282627	0.0168517	0.0105743	0.0436178	0.0169992	0.0239563	0.0199501	0.31382	0.328367	0.0220819	0.00160617	0.00439918
175	0.0358533	0.000772623	0.485762	0.182785	0.000393148	0.0155705	0.0106042	0.002547	0.023666	0.0056091	0.00485105	0.116018	0.00373858	0.0181946	0.0142141	0.0466955	0.0217197	0.00948058	0.00120626	0.000318187
176	0.0118162	0.0114325	0.00203299	0.00246224	0.374093	0.00148453	0.0519005	0.00260831	0.0127163	0.0268263	0.0157547	0.00294945	0.000681355	0.004273	0.0198865	0.00597361	0.00332707	0.0206405	0.00852188	0.42062
177	0.0274842	0.0127425	0.0133593	0.0304597	0.00496197	0.0200311	0.0306743	0.00889822	0.210742	0.0246049	0.012608	0.0349444	0.00357999	0.0566608	0.426882	0.0365289	0.025046	0.0122243	0.0010089	0.00655871
178	0.0883653	0.0255797	0.0176894	0.0284271	0.00661711	0.0153822	0.0183997	0.0369961	0.0274397	0.0584108	0.0218811	0.0238214	0.358526	0.023625	0.0186692	0.0775842	0.0472134	0.085976	0.00650141	0.0128954
179	0.0451239	0.01447	0.00483883	0.00359866	0.00391238	0.00124259	0.00112295	0.150694	0.00263162	0.0290687	0.0114314	0.00426231	0.000930816	0.00234165	0.00161797	0.00693023	0.0602908	0.648366	0.00177456	0.00535062
180	0.0882197	0.0100361	0.0217846	0.0350063	0.00348586	0.0178838	0.0175086	0.0109634	0.0376756	0.0302912	0.0129202	0.0287841	0.476965	0.0223831	0.0129303	0.0868439	0.0415195	0.0251616	0.00714217	0.0124946
181	0.0183649	0.00955416	0.00211707	0.00356218	0.0238371	0.00256825	0.00223827	0.213716	0.00506968	0.453705	0.0954082	0.00350656	0.00210227	0.0065007	0.00373519	0.00801124	0.0165715	0.124748	0.0015271	0.00315695
182	0.0289698	0.0563861	0.0201089	0.0818928	0.00859824	0.0149284	0.1124	0.0207332	0.0554462	0.0351984	0.0149998	0.0314248	0.00871507	0.203457	0.11806	0.0397053	0.0312533	0.104246	0.00430498	0.00917187
183	0.0537251	0.0120577	0.0403745	0.0388507	0.00476169	0.0345481	0.133832	0.00757689	0.0496106	0.0317806	0.019914	0.241641	0.00579873	0.053331	0.0396609	0.111815	0.0877846	0.0159289	0.00235332	0.0146553
184	0.00153776	0.00647317	0.000747646	0.00101165	0.430993	0.00107047	0.0224227	0.00126658	0.0058347	0.0251969	0.020587	0.00135812	0.000575213	0.00459234	0.0104406	0.00199361	0.00173403	0.0210381	0.0114966	0.42963
185	0.0354184	0.0134518	0.000655134	0.00218121	0.0350211	0.00410476	0.000447537	0.258719	0.00173001	0.252542	0.0777033	0.00265459	0.000359384	0.00192887	0.00270406	0.002882	0.0260476	0.277315	0.00179953	0.00233352
186	0.00381643	0.00646702	0.0011664	0.00140887	0.419717	0.00112554	0.0347473	0.00149601	0.00608998	0.0310865	0.0223308	0.00179969	0.000525495	0.00536256	0.014695	0.00281881	0.00192372	0.0231215	0.00915286	0.411148
187	0.0400381	0.000698699	0.469987	0.192242	0.000329703	0.0167238	0.007929	0.0022456	0.0242434	0.00594212	0.00347447	0.11529	0.00411	0.0180433	0.0150472	0.049174	0.0234928	0.00932001	0.00136588	0.00030397
188	0.0557056	0.00995413	0.0172671	0.0320502	0.00275975	0.343227	0.021139	0.007967	0.154123	0.0124261	0.0079154	0.0559817	0.00202244	0.0472925	0.149396	0.0442544	0.0208566	0.00838065	0.00121707	0.00606402
189	0.0224412	0.00534582	0.000698628	0.00108641	0.0207912	0.0020843	0.000840694	0.241028	0.00198013	0.371227	0.218602	0.00110832	0.000936315	0.00330673	0.00241734	0.00421842	0.0133611	0.0871353	0.000407546	0.000983526
190	0.00931791	0.00802349	0.001593	0.00209817	0.397732	0.00104864	0.0569362	0.00198318	0.00687727	0.0317043	0.0200277	0.00211164	0.000547851	0.00483288	0.0197098	0.00490394	0.00278676	0.0250768	0.00770398	0.394985
191	0.0199235	0.0249352	0.00621858	0.0261287	0.0188137	0.00803573	0.00598127	0.0396626	0.051335	0.426586	0.229994	0.0220268	0.00253111	0.0140831	0.0132311	0.0203674	0.033122	0.0310239	0.00175554	0.00424498
