505	20
1	0.0242542	0.012539	0.16795	0.0204763	0.00217377	0.0638309	0.0302647	0.00829415	0.024192	0.0165483	0.00537485	0.204494	0.0107981	0.0220805	0.0273047	0.244945	0.0876754	0.00628547	0.0073032	0.0132159
2	0.0686428	0.0324564	0.0344399	0.029362	0.0187251	0.0263751	0.0291987	0.0561484	0.036415	0.0534427	0.0298417	0.191084	0.0185398	0.0398521	0.0366682	0.114027	0.0613687	0.0924922	0.00465082	0.0262693
3	0.101587	0.023605	0.018627	0.0263644	0.0204602	0.0256969	0.0562533	0.023535	0.210844	0.0149466	0.0116756	0.00437317	0.00221013	0.0448206	0.230901	0.0788742	0.0213319	0.0272093	0.00121368	0.0554704
4	0.0280516	0.00717888	0.000810443	0.00234335	0.0131256	0.00343108	0.00029274	0.402323	0.000402908	0.0867359	0.0160449	0.000666041	0.00139238	0.00241827	0.000623868	0.00502345	0.0115523	0.416719	0.000128572	0.000736351
5	0.0187819	0.042327	0.00729142	0.0147243	0.00182929	0.0122868	0.0597431	0.0134172	0.197371	0.0196717	0.00303793	0.0593617	0.00177911	0.0820577	0.253233	0.0906792	0.079516	0.0289102	0.00294941	0.0110324
6	0.0369871	0.0150173	0.0137906	0.00987955	0.00687459	0.0154429	0.0053507	0.00933907	0.0134296	0.0151186	0.0104211	0.0775055	0.00483012	0.0130628	0.0214163	0.27657	0.43434	0.012767	0.000826193	0.00703139
7	0.106585	0.0208143	0.00466974	0.00510497	0.00745671	0.019761	0.00203541	0.00740219	0.0121755	0.0121896	0.0144879	0.0485147	0.0016374	0.00907492	0.0200772	0.313727	0.378783	0.0110031	0.000384519	0.00411619
8	0.0173844	0.0216098	0.00662278	0.0174031	0.0043727	0.0110979	0.0482139	0.0157133	0.255077	0.0244394	0.0083268	0.0275982	0.00797355	0.0799756	0.350809	0.0417614	0.0293259	0.0173021	0.00615929	0.00883381
9	0.0374764	0.0236874	0.0108317	0.0174874	0.144323	0.0145242	0.0427656	0.0535439	0.0304396	0.064644	0.0277922	0.027494	0.00952674	0.0231869	0.0250366	0.058211	0.0731981	0.0432968	0.0158676	0.256666
10	0.0211961	0.00805099	0.00428716	0.00186621	0.00327814	0.0127861	0.00104736	0.00388243	0.00861339	0.0100394	0.00477351	0.0428199	0.00058583	0.00560139	0.0247205	0.281644	0.552	0.00758511	0.000401171	0.00482103
11	0.0849417	0.0019891	0.00106661	0.00156103	0.0921379	0.0144627	0.00160677	0.116163	0.00182144	0.308047	0.0127566	0.00166465	0.0311392	0.00580856	0.00567686	0.0137887	0.0114264	0.2398	0.0328654	0.0212764
12	0.0165345	0.00241348	0.00144339	0.00274109	0.212459	0.016618	0.0049695	0.11535	0.00222215	0.337091	0.023175	0.00412814	0.014193	0.00449171	0.00265146	0.00851946	0.00619207	0.0444748	0.108852	0.0714807
13	0.028835	0.00775298	0.00264065	0.0100075	0.0138801	0.00741185	0.00163977	0.0037418	0.00613369	0.0153277	0.0249302	0.133018	0.00115814	0.00966593	0.010993	0.35089	0.355328	0.00628912	0.00061167	0.00974523
14	0.0269768	0.0086246	0.00343274	0.00407119	0.440138	0.00558409	0.0103654	0.0491803	0.00736734	0.104089	0.0271261	0.00710671	0.00543984	0.00851765	0.00611031	0.0173592	0.0201498	0.0392709	0.0361394	0.172951
15	0.00680378	0.0030882	0.00262591	0.000903842	0.0364392	0.00103827	0.00550871	0.141827	0.00112998	0.663375	0.0377929	0.00103457	0.000494951	0.00200342	0.00209655	0.00306177	0.00510892	0.0845748	0.000374443	0.000717594
16	0.0246623	0.00984856	0.004242	0.00514585	0.430509	0.00565621	0.01445	0.0404685	0.00730119	0.0963425	0.0251257	0.00892692	0.037062	0.00884443	0.00600839	0.0195595	0.0192987	0.0344485	0.037548	0.164552
17	0.0139563	0.0061842	0.00379464	0.0233172	0.0145843	0.00529312	0.00881981	0.094708	0.198073	0.115179	0.0497813	0.0216172	0.0074397	0.0671112	0.21479	0.0234469	0.0283306	0.0726423	0.00237243	0.0285582
18	0.239718	0.0792309	0.007488	0.00709176	0.0308337	0.0305385	0.00612579	0.0310129	0.0120039	0.0363245	0.0217456	0.0627127	0.00969365	0.0140244	0.0110072	0.19065	0.131695	0.0681189	0.00107615	0.00890763
19	0.0157276	0.00742265	0.00226923	0.00083505	0.0494601	0.00402091	0.00400524	0.199328	0.00102275	0.526844	0.0368635	0.00127991	0.00101287	0.00222643	0.00156299	0.00537249	0.0127262	0.125686	0.000807224	0.00152721
20	0.021141	0.00410425	0.000689669	0.00135218	0.46173	0.00400019	0.0058199	0.0444145	0.00209816	0.151145	0.0271621	0.00398882	0.00467199	0.00430571	0.00126301	0.014028	0.0118187	0.0274935	0.0554973	0.153276
21	0.0306506	0.00784604	0.0695452	0.218008	0.0159364	0.0102725	0.0350913	0.0228277	0.105419	0.0555129	0.029517	0.0315995	0.00314098	0.158069	0.0832894	0.0424886	0.0426978	0.0198225	0.000675006	0.0175914
22	0.0506936	0.0134161	0.0707586	0.171562	0.0342493	0.017217	0.0449727	0.0207774	0.0658298	0.0429101	0.0214699	0.0378651	0.00779355	0.157976	0.0568268	0.0877895	0.050274	0.0240574	0.00425013	0.0193111
23	0.0531675	0.0178295	0.000920426	0.000613937	0.153134	0.0164892	0.00227825	0.19003	0.00130897	0.297217	0.0368956	0.00182165	0.00419268	0.00437762	0.0017707	0.0190634	0.0243234	0.137014	0.0152599	0.0222924
24	0.0240716	0.0334769	0.00697737	0.0255506	0.00188393	0.0148773	0.0706485	0.00995873	0.169774	0.0308197	0.00356012	0.0449491	0.00215731	0.106112	0.300024	0.057553	0.05752	0.0194734	0.0033868	0.0172255
25	0.0150242	0.0164235	0.00413243	0.019305	0.00483071	0.00687469	0.0400382	0.0176074	0.267108	0.0261214	0.0110423	0.0215287	0.00909801	0.0762536	0.366332	0.0368227	0.0231469	0.0244039	0.0044287	0.00947781
26	0.0863622	0.00214784	0.00110954	0.00150855	0.0921194	0.0141304	0.00170994	0.114718	0.00187717	0.303703	0.012294	0.00183788	0.0311451	0.00623266	0.00613676	0.0147373	0.0114708	0.244451	0.0310953	0.0212135
27	0.388487	0.0337774	0.00260312	0.00270116	0.0184818	0.033344	0.00619736	0.0235311	0.00573924	0.0207451	0.0263409	0.0246388	0.00489772	0.00731528	0.00533846	0.245654	0.0754362	0.0716115	0.000636145	0.00252379
28	0.0308888	0.027909	0.0587753	0.0224487	0.044041	0.0289218	0.047857	0.0304803	0.0277701	0.0414214	0.0202911	0.240576	0.0105966	0.0335367	0.0270782	0.123159	0.0434467	0.0329152	0.00835688	0.0995309
29	0.0390692	0.02298	0.00120256	0.000340263	0.087506	0.0108216	0.00044385	0.299848	0.000699011	0.262681	0.0374395	0.00207122	0.000615026	0.00386948	0.00138254	0.0104594	0.0313368	0.184432	0.000364319	0.00243841
30	0.0196469	0.00788771	0.00387874	0.00288316	0.413578	0.00367231	0.0273364	0.0292083	0.00903439	0.0642167	0.0183955	0.00562239	0.00398975	0.00708373	0.00289441	0.0102994	0.0149474	0.0237723	0.0277292	0.303923
31	0.0216768	0.00497786	0.000985103	0.00201195	0.485049	0.00394979	0.00599732	0.038974	0.00277426	0.118626	0.0265702	0.00509201	0.00451598	0.00674376	0.00183852	0.0142075	0.014284	0.0290784	0.0530029	0.159644
32	0.00694154	0.0031778	0.00262567	0.000900777	0.0367764	0.0010644	0.00548861	0.143224	0.00112975	0.660541	0.0376839	0.00105236	0.000493387	0.00200664	0.00205426	0.00307409	0.0052197	0.0854372	0.000374342	0.000734301
33	0.114451	0.0285905	0.000296863	0.000327251	0.0832844	0.0442785	0.00279823	0.165394	0.00194052	0.255204	0.041103	0.000564576	0.00370997	0.00329894	0.000528462	0.0427133	0.0325483	0.173665	0.0046739	0.000629055
34	0.0223096	0.00999191	0.00153566	0.00203202	0.0356167	0.00628295	0.00127607	0.404195	0.00114964	0.192046	0.0565038	0.00509518	0.00124452	0.00562763	0.00280587	0.00723386	0.0216869	0.220225	0.000238105	0.00290399
35	0.371072	0.0492546	0.00107996	0.00359184	0.0310409	0.0657192	0.00402122	0.0490078	0.00291828	0.0505724	0.0264409	0.0174275	0.00642867	0.00443656	0.00398319	0.0915395	0.100682	0.114465	0.000417446	0.00590172
36	0.0420692	0.0211285	0.00122026	0.000658668	0.0738641	0.00898662	0.000471104	0.316782	0.000792921	0.224609	0.0311324	0.0017977	0.00080878	0.00307673	0.00131652	0.00893068	0.027096	0.232718	0.000225622	0.00231518
37	0.0224141	0.0115824	0.00179249	0.000949584	0.0667052	0.00624046	0.00286561	0.226642	0.00111971	0.43445	0.0441015	0.00171839	0.000780211	0.00263596	0.0015856	0.0069598	0.0192441	0.145967	0.000537672	0.00170864
38	0.0725676	0.0129934	0.0195147	0.0235743	0.0109672	0.0163471	0.00711657	0.0120591	0.0151348	0.0176562	0.0198527	0.11706	0.00724998	0.079723	0.0165875	0.307471	0.222437	0.00988696	0.00116602	0.010635
39	0.401	0.0305921	0.0014052	0.00158127	0.00886942	0.0445572	0.00611682	0.0184718	0.00489282	0.00940961	0.0172999	0.0129944	0.00231391	0.00775781	0.00543587	0.307968	0.0926298	0.0248382	0.000281146	0.00158485
40	0.0861675	0.00377215	0.000978939	0.00140497	0.0893344	0.0176389	0.00164923	0.1226	0.00185505	0.304037	0.0153098	0.00152358	0.028677	0.00551415	0.00519367	0.015943	0.0127847	0.235293	0.0303708	0.0199526
41	0.105224	0.0278532	0.000394182	0.000347257	0.0851744	0.0407448	0.00264012	0.175995	0.00179504	0.265198	0.0422488	0.000703235	0.00318592	0.00349383	0.000628469	0.0389914	0.0335005	0.167184	0.00404978	0.000648438
42	0.0959029	0.0204429	0.0360983	0.0296808	0.00832723	0.155702	0.0146567	0.0283907	0.0230086	0.0223552	0.0119927	0.0633268	0.224329	0.0386418	0.0270655	0.117141	0.0420644	0.0298242	0.00301113	0.00803719
43	0.0323382	0.0176286	0.00152955	0.000443394	0.0843175	0.00925056	0.000831278	0.295003	0.000820974	0.295537	0.0384549	0.00208834	0.000641303	0.00298497	0.00140906	0.00905982	0.0281421	0.176631	0.000383628	0.00250468
44	0.120691	0.02962	0.000463825	0.000419023	0.077776	0.0411771	0.00271986	0.169819	0.00209815	0.243983	0.0393024	0.000741602	0.00347481	0.00347181	0.00071658	0.0401648	0.031014	0.187528	0.00409411	0.000724903
45	0.0621345	0.0220295	0.00103487	0.000857884	0.144623	0.0278568	0.00164617	0.23196	0.00404806	0.234973	0.0488951	0.00204137	0.00159171	0.00362643	0.00184609	0.0216197	0.0376782	0.147729	0.00189803	0.00191128
46	0.00906531	0.00459122	0.00233403	0.0010859	0.0422134	0.00183178	0.00503108	0.152912	0.00125542	0.622423	0.0439561	0.00115944	0.000529519	0.0023537	0.00231978	0.00391209	0.00783822	0.0938404	0.000346982	0.0010015
47	0.211907	0.0583666	0.00134997	0.00861107	0.0491105	0.140938	0.00185588	0.0661168	0.00294601	0.0889564	0.0246034	0.0120427	0.0014301	0.00843703	0.00302	0.131977	0.109585	0.0668729	0.000431423	0.0114416
48	0.0282435	0.0115993	0.00115899	0.00113864	0.0440634	0.0058046	0.000324704	0.363283	0.000494116	0.173888	0.0265727	0.00139279	0.00106802	0.00238463	0.000957692	0.00696615	0.0266359	0.30194	0.000128228	0.00195583
49	0.0823793	0.034355	0.00689626	0.00655948	0.00581192	0.0094599	0.00305636	0.0187188	0.00505887	0.0154686	0.00476462	0.0304227	0.00268172	0.0208299	0.0127728	0.200723	0.51058	0.0257572	0.000576612	0.00312663
50	0.196737	0.0120451	0.00642756	0.00788746	0.0140511	0.174847	0.00802559	0.100141	0.00951787	0.1381	0.19346	0.0114726	0.00675788	0.0160413	0.0101874	0.0294233	0.0198331	0.0326286	0.00298005	0.0094351
51	0.0238707	0.00867581	0.00108076	0.00164078	0.0271441	0.00439544	0.000271462	0.396568	0.000384146	0.136986	0.0214533	0.00100257	0.00138872	0.00237678	0.000763931	0.00608569	0.0220325	0.342208	0.000114799	0.00155626
52	0.010351	0.00840886	0.00205378	0.00725906	0.00661107	0.00475049	0.0235437	0.0116671	0.337844	0.0124967	0.00881081	0.014514	0.0144497	0.0479586	0.419533	0.0358944	0.0109717	0.014182	0.00397677	0.00472299
53	0.0259755	0.00965601	0.316502	0.327155	0.00452028	0.00915743	0.0201157	0.00562655	0.043046	0.0171298	0.00505918	0.0247226	0.00282603	0.0805132	0.0166386	0.0399184	0.0214848	0.019328	0.00117719	0.00944807
54	0.323085	0.00701834	0.00387731	0.0070689	0.020107	0.302375	0.00503814	0.112277	0.00797232	0.0962114	0.0222011	0.00706748	0.00363643	0.0069892	0.00558054	0.0133973	0.0106956	0.0392737	0.001543	0.00458526
55	0.0180468	0.00583218	0.00134639	0.00242676	0.0100146	0.00303272	0.000424235	0.411285	0.000529944	0.121233	0.0175248	0.000815856	0.00189722	0.00254584	0.000928106	0.00441424	0.0177681	0.377871	0.000177988	0.00188527
56	0.0240948	0.035512	0.00511529	0.0265231	0.00145573	0.0111624	0.071279	0.0109169	0.171269	0.0330495	0.00393705	0.0379439	0.00218043	0.121214	0.300468	0.0457554	0.053896	0.02237	0.00284962	0.0190078
57	0.073635	0.0138834	0.00578595	0.00570999	0.00811557	0.00894891	0.0398465	0.107409	0.00781448	0.0483265	0.0208025	0.0116133	0.208209	0.0669658	0.0140297	0.0264903	0.0670682	0.257994	0.0018993	0.00545239
58	0.244795	0.0234452	0.0134656	0.0155936	0.00709816	0.402465	0.00468742	0.0176327	0.0108425	0.0356933	0.0138985	0.0303068	0.0119692	0.0124639	0.0130763	0.0896859	0.0281862	0.0169439	0.00102778	0.00672308
59	0.0203538	0.0223545	0.379665	0.185024	0.00648572	0.0131495	0.0544559	0.00741274	0.0304727	0.0179179	0.0109381	0.0613955	0.00922545	0.0549072	0.0170761	0.0397095	0.0291461	0.014371	0.00180531	0.0241339
60	0.0323415	0.0179884	0.00130031	0.000452332	0.0842072	0.00894111	0.000280638	0.318536	0.000678686	0.251397	0.0373441	0.00217179	0.000530699	0.00299066	0.00139299	0.00838949	0.030326	0.197912	0.000143125	0.00267652
61	0.0318569	0.00865285	0.000751644	0.00179285	0.0137602	0.00406136	0.000281552	0.354919	0.000403822	0.0857163	0.0152094	0.000532184	0.00152642	0.0016652	0.000669896	0.00573198	0.0113202	0.460346	0.000122594	0.000679393
62	0.00955151	0.029766	0.00215889	0.0102027	0.0108192	0.00988353	0.0450418	0.0279703	0.181674	0.0313601	0.031053	0.0108447	0.0168835	0.101712	0.394156	0.0361199	0.0175043	0.012985	0.0169486	0.00336561
63	0.0131746	0.00568602	0.00135085	0.00474848	0.0113706	0.00322708	0.00215999	0.369506	0.00162701	0.200051	0.0858884	0.00233762	0.00353585	0.00303898	0.00422495	0.00684313	0.0140976	0.264815	0.000291346	0.00202432
64	0.0322048	0.00748056	0.228659	0.355863	0.00648684	0.0118431	0.0258565	0.00414641	0.0548025	0.0215153	0.00540149	0.0214948	0.0032156	0.0969214	0.0231699	0.0519218	0.0245747	0.0180544	0.000447097	0.00594124
65	0.0429281	0.0187533	0.0266664	0.0537978	0.0292231	0.00682719	0.0229396	0.12266	0.0691354	0.0786031	0.0285274	0.0255989	0.00605176	0.0391612	0.0584043	0.0692284	0.113002	0.159971	0.000627821	0.0278926
66	0.0566996	0.0137363	0.000923845	0.0011295	0.0672974	0.0151949	0.00107616	0.2717	0.00125962	0.212177	0.030134	0.00147438	0.00719936	0.0032847	0.00191332	0.0191448	0.0231368	0.263303	0.0050958	0.00412013
67	0.114663	0.017401	0.0323992	0.034058	0.00869029	0.0548298	0.0183557	0.0275117	0.0547544	0.0263056	0.0159523	0.0635494	0.201446	0.0430638	0.0626275	0.12273	0.0566916	0.03142	0.00337321	0.0101777
68	0.428675	0.121144	0.001975	0.0040534	0.012061	0.0365128	0.00615168	0.0331792	0.00720608	0.0192994	0.0131319	0.0108162	0.00216457	0.00576372	0.00569683	0.179132	0.0641342	0.0442503	0.000732578	0.00391893
69	0.0234664	0.0593822	0.169982	0.0276594	0.0996507	0.0122504	0.0988689	0.0327202	0.0196845	0.0431222	0.020239	0.0572723	0.00755649	0.0211968	0.0247843	0.0544018	0.0294033	0.024907	0.00574866	0.167704
70	0.0141205	0.0116843	0.00113135	0.00372154	0.0499074	0.00676164	0.00124248	0.277731	0.0029765	0.284033	0.119546	0.00418833	0.00110281	0.00499663	0.00320558	0.0083528	0.03066	0.172208	0.00023596	0.0021948
71	0.0446895	0.0110296	0.00144724	0.00117322	0.0573621	0.00767833	0.00379692	0.225435	0.00409522	0.277527	0.0206123	0.00212899	0.00747014	0.00343869	0.00485046	0.00910708	0.0254478	0.271222	0.00631665	0.0151721
72	0.0329157	0.00533449	0.148483	0.0372984	0.00174836	0.0426463	0.04	0.00958951	0.0439507	0.0243215	0.00856907	0.206879	0.00860896	0.0403643	0.0347233	0.204429	0.0865506	0.00623843	0.00301589	0.0143334
73	0.135518	0.0237349	0.0287061	0.0252128	0.00733477	0.41386	0.0130679	0.00722045	0.00735752	0.0432904	0.0239308	0.103798	0.0131483	0.00928536	0.0254782	0.0533335	0.0101228	0.0229384	0.00436601	0.0282954
74	0.031185	0.00842892	0.0272718	0.026123	0.0308416	0.0117758	0.00876842	0.207622	0.0631698	0.142044	0.0488799	0.0287833	0.0121711	0.0186124	0.0565756	0.0434186	0.0657618	0.139637	0.00245287	0.0264769
75	0.350308	0.177387	0.00127458	0.00446017	0.0166853	0.0335169	0.00480815	0.0208033	0.00667069	0.019298	0.0138276	0.0112688	0.0018856	0.00479556	0.00435466	0.197103	0.0651165	0.0625998	0.000414756	0.00342146
76	0.016766	0.0144008	0.0102685	0.00573594	0.267119	0.00843744	0.0963538	0.0181542	0.0201151	0.0572487	0.0175309	0.00574226	0.00418141	0.0134422	0.00614162	0.00878519	0.00879494	0.00814665	0.00237113	0.410264
77	0.017645	0.00651007	0.00143534	0.00210887	0.0170459	0.0038261	0.000630731	0.398676	0.000736071	0.145389	0.02801	0.00136637	0.00160069	0.00284065	0.0014318	0.00506894	0.0208239	0.341983	0.000166141	0.00270551
78	0.0317791	0.0196431	0.279038	0.302755	0.00610906	0.0116254	0.0248214	0.00580955	0.0420303	0.0185031	0.00589274	0.0308019	0.0042081	0.0915717	0.0172904	0.0451723	0.0340782	0.0171672	0.00166638	0.0100365
79	0.0469955	0.0208832	0.0289876	0.0379278	0.0148198	0.0209972	0.0204062	0.0814363	0.0395897	0.0448979	0.0263752	0.0835328	0.0135323	0.088529	0.0409583	0.116529	0.20484	0.0486918	0.00279364	0.0172767
80	0.25327	0.119766	0.00280844	0.00646192	0.0104283	0.0340033	0.00413493	0.033194	0.0303035	0.0547268	0.0470652	0.00896548	0.0024859	0.00653531	0.00569901	0.223739	0.0737282	0.0768723	0.000842108	0.00497085
81	0.0299535	0.00583168	0.138231	0.0332287	0.00160323	0.0445254	0.0369067	0.0102787	0.0308467	0.0224739	0.00727901	0.234883	0.00761516	0.0353258	0.0286022	0.21559	0.0907834	0.00599911	0.00323193	0.0168111
82	0.0202027	0.00937645	0.0119586	0.0186384	0.0299875	0.00688407	0.00798049	0.181228	0.0663643	0.231243	0.0765072	0.022837	0.00750311	0.0327215	0.0780764	0.0286481	0.0393625	0.106317	0.00288708	0.0212762
83	0.0534443	0.0157727	0.146814	0.0738706	0.0119149	0.0275194	0.0334487	0.0252578	0.0959192	0.0380475	0.0227495	0.0713091	0.0627215	0.0455784	0.0522624	0.0836623	0.0678723	0.0312655	0.00338692	0.0371834
84	0.0946338	0.0381605	0.0291327	0.0203482	0.00763432	0.443353	0.00836398	0.0130406	0.0144009	0.0462354	0.0145987	0.0767541	0.0233164	0.0130852	0.0175966	0.0822906	0.0240258	0.0169343	0.0020364	0.0140582
85	0.0741072	0.0526903	0.0692401	0.171376	0.0143663	0.0245705	0.0274307	0.0354029	0.0422034	0.0275311	0.0218356	0.0363762	0.0111814	0.0645624	0.0376219	0.116523	0.110494	0.0395135	0.00224159	0.0207322
86	0.0227108	0.00875621	0.00431654	0.00206773	0.00337524	0.0123382	0.00105251	0.00412762	0.00838362	0.0101831	0.00490951	0.0431575	0.000599718	0.00588218	0.0241187	0.279875	0.550268	0.0083024	0.00040046	0.00517444
87	0.0227816	0.0348834	0.104162	0.0143145	0.00486272	0.0321257	0.027461	0.00993032	0.0158706	0.0164261	0.00623662	0.305046	0.00989402	0.0201163	0.0188351	0.251564	0.0567312	0.022485	0.00320373	0.0230712
88	0.0129356	0.0050654	0.00246225	0.00187086	0.036534	0.00356276	0.00843546	0.160659	0.00232096	0.575066	0.0585242	0.00234395	0.0011425	0.00305026	0.00328314	0.00813438	0.00889478	0.101219	0.00107298	0.00342296
89	0.0324322	0.0200178	0.0288697	0.0495428	0.00705991	0.0157361	0.0567802	0.0189932	0.20712	0.0333422	0.0140318	0.0464824	0.013519	0.0966399	0.217327	0.0586662	0.04093	0.023708	0.00407179	0.0147295
90	0.0474111	0.0204293	0.020493	0.0467974	0.0143352	0.0140923	0.0271699	0.108466	0.0813958	0.0896878	0.0329196	0.0264462	0.0179275	0.0803972	0.11026	0.0568718	0.087319	0.100156	0.000864831	0.0165594
91	0.055547	0.00448372	0.162906	0.321868	0.00800573	0.0328252	0.0175577	0.00506556	0.0628233	0.0145571	0.00412171	0.0325437	0.0282492	0.0863223	0.0275656	0.0817932	0.0298727	0.0175505	0.000412651	0.00592915
92	0.0713251	0.00847242	0.0523198	0.0435837	0.00440743	0.0252963	0.040088	0.0131675	0.178437	0.0355405	0.0207001	0.0761824	0.0742717	0.0680809	0.101331	0.087681	0.0633641	0.0256319	0.00377328	0.00634639
93	0.0747669	0.0104532	0.0628356	0.157879	0.00821429	0.0477083	0.0181938	0.0168516	0.10235	0.0233204	0.014237	0.052282	0.112738	0.055481	0.0581546	0.0965094	0.0467127	0.0286479	0.00219387	0.0104712
94	0.0271556	0.00651614	0.134268	0.0298134	0.00191186	0.0416384	0.0342194	0.0115911	0.0254449	0.0195359	0.00622093	0.255997	0.0074203	0.0334697	0.024926	0.219161	0.0944489	0.00804141	0.00339375	0.0148259
95	0.0714258	0.0084983	0.052497	0.0435217	0.0043846	0.0252868	0.04004	0.0131745	0.17832	0.0354555	0.0206631	0.0762032	0.0744996	0.0678799	0.1012	0.0878169	0.0634542	0.0255652	0.00377648	0.00633774
96	0.0304083	0.0061885	0.238085	0.068226	0.00300138	0.0270048	0.0623992	0.0117156	0.0850077	0.0215438	0.00643284	0.173778	0.00554836	0.0537591	0.0777029	0.0801571	0.0236784	0.00699833	0.00177761	0.0165874
97	0.00948615	0.00414801	0.00255001	0.000885693	0.0412738	0.00182828	0.00500538	0.15724	0.00112259	0.625709	0.0375931	0.00117011	0.000697975	0.00214275	0.00199816	0.00362134	0.00723285	0.0947912	0.000569565	0.000933873
98	0.02284	0.0117773	0.125539	0.0216218	0.00248498	0.0433949	0.0399577	0.00925	0.0233054	0.0222924	0.00547057	0.25095	0.00734968	0.025522	0.0356382	0.22147	0.0787515	0.00743827	0.00343026	0.0415167
99	0.0342058	0.0315615	0.0209936	0.0289367	0.00100936	0.0296588	0.054298	0.00892182	0.206252	0.027997	0.00241018	0.0682886	0.00426631	0.0736508	0.249395	0.07355	0.0613815	0.0121466	0.00536011	0.00571579
100	0.0210377	0.00424338	0.000862099	0.00145794	0.46595	0.00365028	0.00621953	0.0441975	0.00278754	0.147917	0.027871	0.00442685	0.00499394	0.00484974	0.00153855	0.0130581	0.0131915	0.0294464	0.053193	0.149108
101	0.0628273	0.0246283	0.0573908	0.0563898	0.0080719	0.0148327	0.0394235	0.0373432	0.118147	0.0279448	0.0140113	0.0758516	0.0181915	0.0658271	0.0874062	0.115597	0.10835	0.0479797	0.00170255	0.0180843
102	0.0189489	0.0127027	0.0230348	0.0151101	0.00745326	0.0136196	0.0825088	0.0152201	0.0711336	0.0182001	0.0108599	0.319897	0.00817813	0.0941376	0.0254106	0.16766	0.0383318	0.0380348	0.00316135	0.0163971
103	0.0237813	0.0157132	0.00111374	0.00204584	0.0757599	0.0082488	0.000585186	0.27927	0.00210991	0.281065	0.0780358	0.0030811	0.00064264	0.00405242	0.00194806	0.00886809	0.0332193	0.177769	0.000230848	0.0024594
104	0.0299746	0.0182129	0.00147193	0.000572547	0.0732161	0.00835165	0.000818462	0.291396	0.000808938	0.310569	0.0402413	0.00211828	0.000547896	0.00335694	0.00166422	0.00894132	0.0282618	0.176694	0.000248484	0.00253275
105	0.0325774	0.0168443	0.00946473	0.0349819	0.12207	0.0167464	0.0238425	0.0958641	0.0231437	0.20012	0.0306733	0.020675	0.0662581	0.0200564	0.0207885	0.0306896	0.028709	0.0611844	0.0285555	0.116755
106	0.0169194	0.0190238	0.00808372	0.0234292	0.00633106	0.0100129	0.0395005	0.0187859	0.240928	0.0289629	0.0148283	0.0279631	0.0103739	0.0911806	0.336971	0.0428392	0.0281798	0.0198982	0.00563446	0.0101544
107	0.00781926	0.0123182	0.0991053	0.0334597	0.00165556	0.620669	0.0117336	0.00294456	0.0298529	0.0099511	0.00218492	0.049204	0.0103413	0.0270424	0.0183319	0.044367	0.00714108	0.00311396	0.00354933	0.00521463
108	0.411708	0.0617021	0.000931917	0.0012149	0.00779056	0.0373005	0.00615188	0.0114438	0.00421083	0.00616727	0.0155881	0.0113349	0.000676039	0.00665671	0.00524549	0.314863	0.0703798	0.0249742	0.000337655	0.00132222
109	0.0380883	0.0156041	0.0252791	0.0476275	0.0227301	0.0067585	0.0198761	0.132946	0.0790078	0.0647592	0.028885	0.0296382	0.00544943	0.0455259	0.0739481	0.0613905	0.119462	0.15966	0.000424282	0.0229401
110	0.0115974	0.0047115	0.00329264	0.00122641	0.0358035	0.00282187	0.00411522	0.227721	0.00109045	0.49514	0.0424538	0.00154519	0.000772345	0.00193873	0.0016803	0.00417215	0.00942798	0.148723	0.000327695	0.00143867
111	0.00860328	0.00504215	0.00144571	0.00489345	0.00727415	0.00327898	0.0174032	0.00998462	0.364386	0.00986059	0.00903912	0.0128837	0.0160369	0.0398181	0.429613	0.033822	0.00655415	0.0127003	0.00360257	0.0037581
112	0.0442634	0.0090175	0.158477	0.130561	0.00482766	0.0701177	0.0376187	0.0112348	0.0950238	0.0207561	0.00793437	0.114538	0.0239501	0.0545651	0.0620954	0.0874673	0.0383026	0.0146897	0.00219218	0.0123676
113	0.0941051	0.0638488	0.0102202	0.00664101	0.0133177	0.011117	0.00550656	0.0251396	0.00937027	0.0301777	0.0103409	0.0227135	0.00423838	0.0133667	0.0174827	0.176319	0.435758	0.039746	0.0018096	0.00878194
114	0.061444	0.00422522	0.159326	0.311581	0.0068963	0.0352305	0.0162895	0.00504258	0.0649846	0.0136529	0.00376721	0.0350029	0.0303756	0.0829391	0.0283853	0.0853612	0.0312372	0.0180418	0.000358365	0.0058584
115	0.219637	0.0381849	0.00980761	0.0113773	0.00786901	0.362709	0.00547591	0.0189583	0.00692883	0.0362586	0.0275623	0.0430708	0.0447837	0.0101563	0.0119373	0.0777431	0.0316007	0.0252281	0.00119284	0.00951908
116	0.0330273	0.0192411	0.00133822	0.000589578	0.0808468	0.00915737	0.000347726	0.311675	0.000979512	0.256407	0.0390045	0.00219847	0.000704727	0.00401683	0.00176609	0.0090458	0.0307712	0.195892	0.000253699	0.00273742
117	0.198718	0.0328282	0.00224015	0.00332112	0.0214704	0.0109898	0.0034742	0.13431	0.00307907	0.0585054	0.0216396	0.0104877	0.00620639	0.00436383	0.00288145	0.038357	0.0501185	0.393308	0.00084064	0.00285997
118	0.0323757	0.00877044	0.000739527	0.00180069	0.0137934	0.00420636	0.000287192	0.353446	0.000402518	0.0845192	0.0151136	0.000553821	0.00155159	0.00169653	0.000661798	0.0057825	0.0111392	0.462399	0.000126742	0.000633774
119	0.0201483	0.00736983	0.0039766	0.00329984	0.414524	0.00370281	0.0270118	0.0256464	0.008163	0.064622	0.0181004	0.00553784	0.0035242	0.00652802	0.00268659	0.0103402	0.0135822	0.0212031	0.0274426	0.312591
120	0.354676	0.0516591	0.00350595	0.00285709	0.0160425	0.0454031	0.00375441	0.0300272	0.00386872	0.023106	0.0126735	0.0116273	0.00319166	0.00570357	0.00539605	0.172827	0.192334	0.0579996	0.000407934	0.00294004
121	0.0722667	0.0168758	0.0611452	0.0259845	0.00420875	0.566027	0.00943996	0.00804429	0.0216263	0.021664	0.00677515	0.0458062	0.0162183	0.020827	0.0166047	0.0539833	0.0141096	0.0088026	0.00239107	0.00719996
122	0.0690295	0.011627	0.050143	0.0441681	0.00507028	0.0223047	0.0549779	0.0139609	0.175844	0.0323314	0.0296643	0.070747	0.0677895	0.0621933	0.0966685	0.092201	0.060477	0.0296471	0.00345028	0.00770552
123	0.0218876	0.00767034	0.367242	0.340931	0.00294825	0.00597304	0.0137775	0.00675152	0.03545	0.0148871	0.00387638	0.0194751	0.00176486	0.0626075	0.0100354	0.0332605	0.0170593	0.0222864	0.00086432	0.0112515
124	0.02853	0.016605	0.00462629	0.00215834	0.00380766	0.0107659	0.00105607	0.00413092	0.00762908	0.0125485	0.0049415	0.0369316	0.000620749	0.00543002	0.0194133	0.263966	0.56307	0.00926167	0.000436369	0.00407076
125	0.0339119	0.0168068	0.0238697	0.0350451	0.0104489	0.0181293	0.0327829	0.0258219	0.258296	0.0318984	0.016499	0.0357229	0.0130861	0.0626269	0.241713	0.0564869	0.037987	0.0277437	0.00406289	0.0170597
126	0.121484	0.0278956	0.0026671	0.00317504	0.0373362	0.019366	0.00450604	0.141651	0.0039056	0.157282	0.0557719	0.0113623	0.0151939	0.0176897	0.00274696	0.0678033	0.0573502	0.246822	0.00214957	0.00384154
127	0.119804	0.0267245	0.00076043	0.00109708	0.078913	0.0525353	0.00295463	0.151031	0.00221734	0.254082	0.0545531	0.00176789	0.00379111	0.00504275	0.00115268	0.0451791	0.0332598	0.159201	0.00444964	0.00148492
128	0.0179252	0.013285	0.00646604	0.0141482	0.00950844	0.00999797	0.0106382	0.032094	0.175512	0.255581	0.149524	0.0151928	0.00587811	0.126433	0.0686811	0.0259519	0.0193671	0.0293095	0.00326634	0.0112391
129	0.0567295	0.00993311	0.082556	0.0233635	0.00447284	0.0562014	0.0242053	0.0151589	0.0599792	0.0248123	0.00912664	0.165311	0.00727443	0.0490062	0.0527463	0.242977	0.0947809	0.00816427	0.00266685	0.010535
130	0.0913398	0.0141902	0.0504334	0.0403276	0.00596806	0.0257852	0.0332052	0.0172422	0.1646	0.0311429	0.0212439	0.0714293	0.0672786	0.0608923	0.102114	0.0985073	0.0642607	0.0268163	0.00305959	0.0101629
131	0.14453	0.0114192	0.00748102	0.0262628	0.00774354	0.0378887	0.00566266	0.0223145	0.0493769	0.0149299	0.00789858	0.0213147	0.267315	0.0133472	0.03105	0.155451	0.118562	0.0494984	0.00148117	0.00647297
132	0.0255061	0.0221526	0.0108332	0.0254292	0.00615533	0.0244476	0.0516553	0.0401035	0.130307	0.0395505	0.0280525	0.0208451	0.039966	0.111178	0.297546	0.0559683	0.037886	0.0181637	0.00833624	0.00591712
133	0.0174394	0.0206706	0.00597007	0.0104371	0.136513	0.00555444	0.0552695	0.0740974	0.0380125	0.104109	0.0321328	0.052855	0.0300199	0.0282155	0.0155612	0.0501215	0.0534361	0.0583763	0.018256	0.192952
134	0.0285664	0.0139778	0.019922	0.0332996	0.0135034	0.0136573	0.0302875	0.0250803	0.270087	0.0289904	0.0154892	0.0322825	0.0162964	0.0586639	0.265615	0.0537984	0.0322588	0.0259642	0.00434276	0.0179171
135	0.0153007	0.0685447	0.00511644	0.00841056	0.0583657	0.00934773	0.0140191	0.0372589	0.0193487	0.0586978	0.0645624	0.031848	0.00725938	0.112801	0.308025	0.100728	0.0486278	0.0134385	0.0108115	0.00748796
136	0.047228	0.0162348	0.00737011	0.00503575	0.00716122	0.0209207	0.00191364	0.00856159	0.0108201	0.0146193	0.00872166	0.0437864	0.0028097	0.0112944	0.0212145	0.285537	0.468468	0.0118328	0.000967395	0.00550314
137	0.0324725	0.0311169	0.014841	0.0204779	0.000965166	0.035685	0.0539466	0.00765886	0.206876	0.0276307	0.00141239	0.0749561	0.00120039	0.0713548	0.256629	0.0784803	0.0622081	0.0110212	0.00541786	0.0056488
138	0.0109276	0.00617948	0.00140402	0.00314821	0.0157847	0.00362917	0.00402777	0.348625	0.00199004	0.272344	0.132374	0.00318864	0.00196958	0.00312896	0.00648239	0.00899855	0.0119154	0.161536	0.000326465	0.0020193
139	0.0207375	0.00748457	0.376321	0.355069	0.00268058	0.00536221	0.0111246	0.00756159	0.0314376	0.0140673	0.00339472	0.0183778	0.00138395	0.0520675	0.00793688	0.0308697	0.0168808	0.0234175	0.00115576	0.0126689
140	0.0228059	0.0288954	0.00817472	0.0183196	0.00185022	0.0158777	0.0557955	0.0129322	0.2359	0.0274844	0.00371072	0.0415902	0.00316564	0.0801805	0.315702	0.0509514	0.0448935	0.0178039	0.00504817	0.00891847
141	0.049224	0.0733	0.00735561	0.00761303	0.0138183	0.0131706	0.00767012	0.14545	0.0109953	0.114989	0.0560628	0.0147368	0.0049753	0.0212833	0.0111171	0.210752	0.0616498	0.123876	0.00213684	0.0498238
142	0.0757462	0.0226973	0.000778175	0.000531441	0.0882741	0.0261717	0.00163236	0.226256	0.00142954	0.257628	0.0380744	0.00131336	0.00365569	0.00380585	0.00114413	0.0294603	0.0297994	0.18627	0.00332786	0.00200475
143	0.114782	0.0290943	0.000290992	0.000316424	0.0835254	0.044944	0.00283426	0.164559	0.00193202	0.256345	0.0414114	0.000572453	0.0034805	0.00328374	0.000489346	0.0431215	0.0329129	0.171203	0.00445066	0.000451892
144	0.0340939	0.0191579	0.00132378	0.000326256	0.089408	0.00971414	0.000278773	0.311384	0.000674124	0.259785	0.0379371	0.00220314	0.000508874	0.00308099	0.00142256	0.00911243	0.0309549	0.185762	0.000169207	0.002703
145	0.0446717	0.0155866	0.02084	0.100143	0.048287	0.011203	0.0269908	0.0329164	0.0273223	0.267121	0.0300204	0.0156374	0.00608939	0.22768	0.026073	0.0291627	0.0249889	0.0249499	0.00265847	0.0176576
146	0.0333713	0.0190099	0.00129205	0.000401204	0.0890927	0.00955849	0.000292327	0.308887	0.000759541	0.261875	0.0396368	0.00231228	0.000455336	0.00317178	0.00139961	0.00875753	0.0307751	0.186149	0.000140577	0.00266327
147	0.114908	0.028912	0.000292231	0.000319102	0.083612	0.0449844	0.00289956	0.164291	0.00193118	0.256029	0.0414657	0.000565852	0.00353448	0.00325925	0.000476195	0.0435926	0.0331467	0.170802	0.00450971	0.000468713
148	0.00820874	0.00919277	0.00228898	0.0105704	0.0611062	0.00619025	0.00272641	0.198417	0.0126133	0.288429	0.185742	0.00669495	0.00181518	0.00750429	0.00841497	0.0129036	0.0376524	0.128974	0.00199208	0.00856299
149	0.184774	0.356435	0.00401628	0.0191098	0.010484	0.0259688	0.00532948	0.0175173	0.0245221	0.0333378	0.0144708	0.0074346	0.002412	0.006665	0.00582295	0.140409	0.029262	0.102766	0.00168827	0.00757502
150	0.0971822	0.0294001	0.00047325	0.000467452	0.0894636	0.0327617	0.00217525	0.146396	0.0014631	0.328461	0.039837	0.000734222	0.00239587	0.00633803	0.00103097	0.0438535	0.0314949	0.140951	0.00459668	0.000523929
151	0.0336727	0.0189855	0.00132665	0.000324877	0.0890167	0.00957378	0.000273418	0.313662	0.000671595	0.258258	0.0377871	0.0022195	0.000476295	0.00303914	0.00140313	0.00883329	0.0311098	0.186507	0.000140241	0.00271962
152	0.217844	0.061258	0.00131731	0.00831641	0.0470414	0.140451	0.00192578	0.0642748	0.00324983	0.0880151	0.0244364	0.0122856	0.00148661	0.00832506	0.00300634	0.130935	0.107442	0.066715	0.000407329	0.0112681
153	0.43792	0.0305762	0.000546369	0.00078681	0.00821652	0.0420239	0.00684032	0.010628	0.00301215	0.00468628	0.0147078	0.0117283	0.000508501	0.00696966	0.00473412	0.322197	0.069751	0.0231081	0.000202806	0.000855619
154	0.0179432	0.00234918	0.000814461	0.00148662	0.370648	0.00897781	0.00597037	0.070192	0.00135065	0.241502	0.0293044	0.00410229	0.0073163	0.00446563	0.00150087	0.0109768	0.00884206	0.0297932	0.0720012	0.110463
155	0.0139215	0.00222494	0.0013691	0.00244183	0.24822	0.0164618	0.00572157	0.103777	0.0020084	0.324773	0.0251769	0.00441201	0.0107614	0.00435212	0.00226455	0.00890994	0.00617147	0.0330237	0.104287	0.0797212
156	0.128019	0.0222033	0.0208201	0.0250665	0.0118099	0.0312467	0.00551868	0.0144496	0.0566949	0.0197119	0.0249378	0.0637935	0.00859567	0.0292547	0.0393015	0.27289	0.2	0.0157049	0.000947026	0.009034
157	0.0471048	0.0292342	0.0025351	0.0201031	0.252234	0.00406011	0.0243881	0.0411766	0.0131047	0.0677821	0.0493484	0.0423998	0.00478529	0.00961381	0.00793576	0.0437421	0.0173016	0.0331337	0.0394291	0.250588
158	0.0336068	0.0190371	0.00133207	0.000321969	0.0891596	0.00955118	0.000272408	0.313333	0.000672334	0.258606	0.0377593	0.00220895	0.000483177	0.00303427	0.00140233	0.00882837	0.0309747	0.186567	0.000140232	0.00270904
159	0.0189617	0.00877541	0.00362602	0.00364723	0.0363441	0.0118483	0.00270428	0.334453	0.00763249	0.226105	0.0953482	0.0113161	0.00232968	0.00819482	0.00967933	0.0148167	0.0243863	0.165149	0.0015556	0.0131272
160	0.0958217	0.0225111	0.0398672	0.0202956	0.0105831	0.0747087	0.0179763	0.0341968	0.0209784	0.0244207	0.0157411	0.105168	0.223545	0.0347986	0.0248933	0.148312	0.0459726	0.0281318	0.00285291	0.00922481
161	0.0171294	0.00607673	0.00134388	0.00266885	0.0142476	0.00326609	0.00112491	0.419171	0.000655786	0.148295	0.0463871	0.00176126	0.00168973	0.00308862	0.00229246	0.00539493	0.0151474	0.308369	0.000190283	0.00169982
162	0.0818334	0.0201013	0.0788792	0.0308626	0.00358363	0.0620126	0.0204634	0.0224029	0.0232045	0.0161987	0.0105446	0.138946	0.15394	0.0286401	0.0258159	0.213299	0.0443684	0.0142372	0.00188641	0.00878023
163	0.048889	0.0158991	0.00219899	0.00258158	0.0526522	0.0158574	0.00386872	0.210726	0.00412647	0.318299	0.0749415	0.0050282	0.00483048	0.00858144	0.00458402	0.0294786	0.0268275	0.163197	0.00225068	0.00518296
164	0.0183331	0.0209886	0.00382496	0.00716944	0.15578	0.00697837	0.03528	0.0980687	0.0391217	0.115942	0.0497597	0.0229377	0.00795714	0.0200168	0.0185256	0.0289103	0.0299114	0.0794143	0.0229319	0.218148
165	0.031897	0.0105806	0.00151723	0.00236221	0.020518	0.0055376	0.000835623	0.35133	0.00255909	0.109402	0.0222159	0.00176556	0.00188555	0.00274877	0.00222249	0.01147	0.0176866	0.400984	0.000240598	0.00224057
166	0.0210188	0.00805216	0.00429637	0.00184456	0.00341532	0.0127014	0.00104005	0.00388433	0.00854697	0.010061	0.00474839	0.0431087	0.00058334	0.00560981	0.024695	0.281737	0.551886	0.00755728	0.000410537	0.00480325
167	0.0131575	0.00641947	0.00134154	0.00314733	0.0143902	0.00372371	0.00374222	0.36583	0.0018848	0.238573	0.129255	0.00334733	0.00198294	0.0030865	0.00758768	0.0077433	0.0121561	0.180036	0.000318928	0.00227702
168	0.0372791	0.00871988	0.241551	0.334838	0.00667551	0.0131141	0.0228181	0.00563692	0.0525215	0.0211627	0.00580828	0.023558	0.00522394	0.0938889	0.022548	0.0521539	0.0253909	0.0191801	0.000597128	0.00733499
169	0.0168191	0.0126769	0.00109549	0.0032655	0.0597321	0.00714132	0.00107718	0.265702	0.00296845	0.296253	0.107559	0.00369097	0.000877073	0.00459061	0.00255088	0.00849572	0.031793	0.1713	0.00021159	0.00220005
170	0.0949948	0.101188	0.00739768	0.0066438	0.0157929	0.0187667	0.00502679	0.197844	0.00678157	0.0606209	0.0171267	0.00837917	0.00474004	0.0283715	0.00863716	0.111405	0.096552	0.153192	0.00160991	0.0549294
171	0.0183202	0.0145384	0.00427524	0.011425	0.00674462	0.00812398	0.0310637	0.0247858	0.317876	0.0269432	0.0102394	0.0183524	0.00822614	0.0522724	0.344657	0.0372046	0.0262229	0.0192425	0.00309005	0.0163971
172	0.106666	0.025621	0.00038665	0.000381163	0.085562	0.0401969	0.00264331	0.168258	0.00189214	0.26055	0.0398201	0.000648239	0.00505544	0.00352076	0.000805484	0.0401853	0.0316615	0.178181	0.00630015	0.00166557
173	0.111153	0.028605	0.000325627	0.000318458	0.0843806	0.0436817	0.00286605	0.169045	0.00188629	0.258346	0.0420434	0.000605464	0.0033442	0.0032883	0.000522089	0.0418717	0.0330807	0.169846	0.00428294	0.000507864
174	0.033279	0.0216535	0.0221709	0.0226772	0.028778	0.0746128	0.149813	0.0324837	0.0266545	0.0890082	0.0241952	0.0283266	0.0104217	0.16886	0.0298015	0.0492711	0.0758908	0.0276099	0.00461682	0.0798758
175	0.145679	0.0222961	0.0079226	0.0106145	0.011603	0.0942536	0.00700067	0.13606	0.0644302	0.0276767	0.0139167	0.0110133	0.00561147	0.0126522	0.0106743	0.189744	0.0556962	0.162002	0.00233692	0.0088178
176	0.0143463	0.0236115	0.00143494	0.00827759	0.172062	0.00302845	0.0411383	0.0865575	0.0304763	0.0895897	0.0434827	0.025811	0.0078564	0.016002	0.0131523	0.0290368	0.0296287	0.061125	0.0326238	0.270758
177	0.0190472	0.00233942	0.00093537	0.00133905	0.398987	0.00668544	0.00847283	0.0585309	0.00166805	0.228185	0.0361924	0.00531462	0.00550849	0.00612012	0.00193973	0.0113067	0.0116117	0.0254836	0.0613554	0.108976
178	0.00936111	0.00539445	0.00130802	0.00352103	0.0102219	0.00404389	0.00386081	0.3623	0.00285797	0.235081	0.161819	0.00415666	0.00196077	0.00382897	0.00737132	0.00907278	0.0120163	0.158828	0.000389054	0.00260717
179	0.0371021	0.0304558	0.00923105	0.0349897	0.0279073	0.0296427	0.052211	0.0380153	0.0130175	0.0182193	0.0751527	0.105945	0.00374273	0.16688	0.0372064	0.131848	0.0395298	0.034138	0.0610839	0.0536812
180	0.0276858	0.0232633	0.204233	0.0424887	0.00687327	0.0315981	0.0619836	0.0122229	0.0291974	0.0197994	0.0085161	0.19128	0.0100235	0.0265022	0.0345371	0.160269	0.0500329	0.0113973	0.00293961	0.045156
181	0.0363525	0.0130956	0.0332	0.0365222	0.0217917	0.0103226	0.0112867	0.16884	0.0745206	0.132282	0.0428932	0.0392857	0.0134106	0.0276161	0.0701838	0.0604243	0.0616602	0.121506	0.000983194	0.0238228
182	0.0326026	0.00764029	0.233246	0.351814	0.00625713	0.0111945	0.0263435	0.00408556	0.0551741	0.0225035	0.00534374	0.0217449	0.00299853	0.0950247	0.0233233	0.0520095	0.0241117	0.0183135	0.000464617	0.0058044
183	0.00500804	0.0025758	0.00796724	0.00246413	0.185622	0.00258604	0.00217083	0.0576066	0.00884874	0.417726	0.204727	0.00341119	0.00133966	0.00942103	0.0119681	0.0201535	0.0206875	0.00753566	0.0131087	0.0150725
184	0.0146834	0.0252128	0.00294558	0.00869478	0.178029	0.00372071	0.0565398	0.0705556	0.0298126	0.0833466	0.0378552	0.0228299	0.00981414	0.0156364	0.0168527	0.0256876	0.026556	0.0491869	0.0276585	0.294382
185	0.00972027	0.059408	0.24173	0.0242675	0.0253297	0.00594517	0.206694	0.0239812	0.00714991	0.0268096	0.0063307	0.100108	0.0032319	0.00834093	0.0278851	0.0561817	0.0285361	0.0093918	0.00181837	0.127141
186	0.0884146	0.00224486	0.0739018	0.271291	0.00381629	0.0639747	0.00685956	0.00827417	0.0654036	0.0055371	0.00329229	0.0599898	0.0875419	0.0487229	0.0382366	0.115321	0.0297235	0.0187705	0.000742554	0.00794151
187	0.216925	0.0619042	0.00269584	0.00278377	0.019056	0.00811352	0.0129307	0.0686506	0.00295722	0.0711928	0.062584	0.0403507	0.0260642	0.00704678	0.00264889	0.077846	0.113906	0.198981	0.000609616	0.00275307
188	0.0291982	0.0301219	0.0143156	0.0217347	0.0010525	0.0303118	0.0580495	0.00983044	0.20701	0.0298539	0.00229994	0.0673709	0.00180762	0.0768427	0.270086	0.0678697	0.0568648	0.0130502	0.0049566	0.00737348
189	0.202053	0.027888	0.00419093	0.00410226	0.007429	0.021636	0.002976	0.00945626	0.00613571	0.0105246	0.0107215	0.0316889	0.00120485	0.0142052	0.0102742	0.316678	0.298822	0.0164903	0.000464205	0.00305874
190	0.130547	0.024397	0.0123719	0.0137188	0.0368459	0.0219332	0.00658352	0.026271	0.0439022	0.0533656	0.0426738	0.0710253	0.00807546	0.0205666	0.0227552	0.242697	0.17669	0.0326311	0.00158951	0.0113604
191	0.0253705	0.00895636	0.152198	0.0251114	0.00216	0.0480816	0.0331717	0.00930714	0.0263112	0.0183729	0.00586321	0.232499	0.00810065	0.0269874	0.0307826	0.225436	0.0947584	0.00676916	0.00450735	0.0152558
192	0.0546937	0.0194838	0.00212847	0.00182944	0.0621665	0.0171657	0.00272072	0.250111	0.00315857	0.281134	0.0605409	0.00314788	0.00242273	0.00483331	0.0037773	0.0218239	0.0277417	0.176045	0.00182915	0.0032464
193	0.125625	0.0183823	0.0194215	0.011268	0.00729818	0.0511793	0.0094694	0.0501127	0.0150904	0.0172803	0.0105755	0.0830221	0.215167	0.0223474	0.0162526	0.164891	0.131236	0.0242329	0.00159518	0.00555335
