388	20
1	0.0487273	0.0449426	0.0149842	0.00214226	0.169891	0.0355138	0.00176277	0.0277521	0.00379543	0.16927	0.00785685	0.00356587	0.00607674	0.00271544	0.00617243	0.0121397	0.0142474	0.0565582	0.347446	0.0244398
2	0.0220978	0.00869268	0.141955	0.0617403	0.00571645	0.0191051	0.173663	0.00860217	0.0723549	0.024264	0.00188936	0.185695	0.00987633	0.0420052	0.0682854	0.0721901	0.0266832	0.0248256	0.00150201	0.0288561
3	0.0445859	0.0127639	0.0655768	0.0262605	0.00669019	0.239363	0.0268308	0.0145545	0.0280615	0.0168882	0.010529	0.0887924	0.01735	0.0182722	0.0564623	0.216254	0.0757851	0.0214553	0.00200245	0.0115225
4	0.0717107	0.0134194	0.0374662	0.0503159	0.00364628	0.134444	0.0158591	0.0175496	0.0471168	0.0173811	0.0131938	0.0805282	0.0194115	0.0254284	0.0270933	0.261661	0.134603	0.0210401	0.00157719	0.00655454
5	0.157081	0.0363058	0.017574	0.0138726	0.0185773	0.0552184	0.012371	0.0262864	0.0196748	0.0340286	0.0158078	0.0419896	0.0169647	0.015297	0.0232021	0.304313	0.117769	0.0527443	0.00787139	0.0130517
6	0.385666	0.0310892	0.00175908	0.00212214	0.00445508	0.00814983	0.00166631	0.0119246	0.00268312	0.0332519	0.0064357	0.00352203	0.00272472	0.00282078	0.00343935	0.146349	0.0933441	0.254491	0.00148854	0.00261673
7	0.0512311	0.0406659	0.00471916	0.00332115	0.310208	0.0300838	0.00710557	0.0392509	0.00529646	0.0781318	0.00984348	0.00939584	0.00640201	0.00305906	0.00807386	0.0295164	0.0152086	0.0497967	0.178883	0.119807
8	0.0468065	0.00842119	0.143548	0.0503142	0.011288	0.0300935	0.0816824	0.0280186	0.0401288	0.0656943	0.0102177	0.180299	0.0144623	0.0337855	0.041119	0.0734114	0.0645216	0.0510692	0.00455859	0.0205604
9	0.381381	0.0188236	0.0131202	0.0063657	0.00898309	0.0360652	0.00352356	0.0215152	0.00820995	0.0232795	0.0090556	0.0770027	0.00877067	0.00713549	0.00818355	0.185412	0.09634	0.077106	0.00261915	0.00710854
10	0.0502669	0.0397016	0.00775502	0.00267976	0.17933	0.0317132	0.00396509	0.0352369	0.00413995	0.183285	0.0142311	0.00542071	0.00762011	0.00433975	0.00852931	0.0197409	0.0196638	0.0528131	0.283318	0.0462496
11	0.0201982	0.00516954	0.000913093	0.000829779	0.242455	0.0115467	0.00133672	0.0783925	0.00139245	0.490406	0.0336795	0.000956999	0.00682046	0.000903405	0.00167027	0.00366884	0.0160795	0.0558028	0.0124609	0.0153173
12	0.062587	0.00595255	0.0539725	0.00441771	0.00817175	0.0191312	0.0051435	0.0533664	0.00700982	0.0340128	0.0117185	0.346874	0.00655628	0.0107952	0.0157806	0.0916595	0.124914	0.125312	0.00342357	0.00920161
13	0.346901	0.0788763	0.00283319	0.00225147	0.00973764	0.0402322	0.00164883	0.0515557	0.00588176	0.0299793	0.0146882	0.00504263	0.00477248	0.00547099	0.00578654	0.231447	0.0809383	0.0740305	0.00440375	0.00352212
14	0.299435	0.108723	0.0016791	0.00151417	0.0019835	0.0620747	0.000967763	0.0111047	0.00637934	0.0124384	0.00632967	0.00227593	0.00468614	0.00807496	0.00543302	0.332931	0.068597	0.0601228	0.00415479	0.00109462
15	0.381248	0.034742	0.00651946	0.00327343	0.00393959	0.0488878	0.00136647	0.0183692	0.00813191	0.0171019	0.00790243	0.0123032	0.00563461	0.00484877	0.00723252	0.29239	0.0899251	0.051836	0.00219508	0.0021519
16	0.239629	0.013377	0.00495231	0.00334392	0.0679576	0.0471059	0.00401813	0.0512006	0.00535879	0.085658	0.0193002	0.0422844	0.00654382	0.00479878	0.00828435	0.0346246	0.181011	0.132737	0.00471882	0.0430946
17	0.0265193	0.00781713	0.000943426	0.000312958	0.0301004	0.00383888	0.000471469	0.335922	0.00444474	0.126863	0.0960369	0.00124269	0.000671117	0.00276186	0.00257187	0.0044218	0.0262786	0.327811	0.000325798	0.000646021
18	0.442264	0.0207751	0.0050045	0.0027158	0.00545977	0.119064	0.00160907	0.00855765	0.00541618	0.0171908	0.00304955	0.00609832	0.00635414	0.00222469	0.00602999	0.277532	0.0416899	0.0257561	0.00180079	0.00140821
19	0.0574436	0.00377013	0.0373452	0.154292	0.00913185	0.0439271	0.0171311	0.0218944	0.0924882	0.0365512	0.0167748	0.039472	0.0593942	0.16322	0.0856995	0.0852401	0.0394167	0.0279716	0.0039637	0.00487197
20	0.107894	0.0194481	0.00347214	0.00888298	0.0342328	0.0206431	0.00635646	0.150813	0.0124967	0.127383	0.033802	0.0116437	0.00970295	0.00935592	0.0387712	0.0944588	0.0575536	0.233383	0.00937312	0.0103338
21	0.038055	0.00840735	0.00404376	0.0101688	0.0500223	0.0139134	0.00473963	0.159519	0.0585714	0.30372	0.0746607	0.010327	0.00763922	0.0130418	0.0417138	0.0286539	0.0375296	0.107378	0.00591615	0.0219798
22	0.0475125	0.00765673	0.00148381	0.0017857	0.184519	0.0163671	0.00193312	0.103806	0.00321858	0.383596	0.0355391	0.00320521	0.00872303	0.00203091	0.00415175	0.0159564	0.0460714	0.10749	0.0109934	0.0139608
23	0.0665618	0.0138003	0.0224131	0.00910213	0.0249081	0.0216899	0.0111429	0.0578296	0.00909385	0.0827564	0.0216529	0.0997121	0.0111192	0.00997514	0.0145791	0.156978	0.230893	0.109351	0.0069903	0.0194514
24	0.00809218	0.00293083	0.000602497	0.00082995	0.163443	0.00491538	0.00125055	0.0949189	0.0030342	0.574833	0.0603813	0.000936352	0.00246038	0.000938845	0.00423668	0.00282648	0.0118471	0.0364355	0.00585214	0.019235
25	0.0511079	0.00711071	0.0236702	0.0547926	0.0124597	0.0287872	0.0267705	0.0193078	0.0976018	0.0413232	0.0128697	0.029201	0.232945	0.10366	0.112657	0.0651361	0.0390819	0.0265585	0.00544922	0.00950962
26	0.0132222	0.0246184	0.00909839	0.0116841	0.154443	0.00585007	0.132048	0.01611	0.00496813	0.0431268	0.0126488	0.0706789	0.0050645	0.095777	0.0173021	0.0134725	0.0503004	0.0236914	0.0117611	0.284134
27	0.0385335	0.00554896	0.0147632	0.0107592	0.00306466	0.0195616	0.00315173	0.0255201	0.00692401	0.0115011	0.00780383	0.0349536	0.00536326	0.00896769	0.0066123	0.373972	0.391089	0.0286823	0.0012981	0.00192917
28	0.0413001	0.0140076	0.00174989	0.00481528	0.171676	0.00510548	0.0055056	0.0792319	0.00597068	0.196143	0.0809725	0.0088635	0.00418758	0.0064573	0.00492214	0.0389469	0.034539	0.068812	0.0342145	0.192578
29	0.584814	0.0212921	0.00413269	0.00364964	0.00118135	0.0480938	0.000431448	0.00466546	0.00415907	0.00964612	0.00131434	0.00444354	0.00252485	0.000913865	0.00367075	0.237545	0.0440108	0.0217558	0.00106529	0.000689657
30	0.0404266	0.0159809	0.0120414	0.0282788	0.144496	0.0210738	0.0616297	0.0398993	0.0174409	0.0880969	0.030202	0.0399927	0.0147607	0.164037	0.0241694	0.0368601	0.0464392	0.0513777	0.0150475	0.107749
31	0.0202611	0.00209639	0.00123051	0.00175205	0.0209579	0.00316659	0.00157411	0.0724901	0.00280819	0.343845	0.462195	0.0027039	0.00203872	0.0023672	0.00380306	0.00563687	0.0082725	0.0391522	0.00142726	0.0022217
32	0.112661	0.012314	0.0158343	0.0173787	0.0251243	0.470691	0.00584823	0.0225965	0.0154057	0.0423182	0.00993882	0.016945	0.0254428	0.00938734	0.0208909	0.0637682	0.0461083	0.0457336	0.0117414	0.00987207
33	0.012752	0.00391205	0.000605337	0.001152	0.156422	0.00336616	0.0014471	0.0995179	0.00395103	0.495092	0.0752948	0.00167697	0.00202145	0.00240414	0.00383263	0.00575452	0.0118315	0.0413542	0.00812562	0.0694867
34	0.240056	0.00142945	0.00114329	0.00111864	0.00547433	0.0506896	0.000893683	0.1105	0.0091342	0.137438	0.0242377	0.00161371	0.0587102	0.00111308	0.00209087	0.00977415	0.0242995	0.317773	0.00105933	0.00145037
35	0.038596	0.01373	0.00668749	0.00894672	0.0331788	0.0158262	0.0159227	0.0333944	0.0125443	0.155928	0.0209701	0.0133087	0.0633915	0.0595692	0.0197985	0.213542	0.0352985	0.040385	0.115672	0.0833096
36	0.256041	0.017681	0.0075378	0.00864848	0.025066	0.306685	0.003418	0.0246171	0.00903862	0.045049	0.0109689	0.00944359	0.0299024	0.00643345	0.0101701	0.113405	0.0490762	0.0533263	0.00817735	0.00531457
37	0.0241503	0.00206411	0.00220691	0.000302206	0.0148878	0.00287658	0.00208116	0.456277	0.00424901	0.0722042	0.0178464	0.00534818	0.000819487	0.000930801	0.00293567	0.00735761	0.0249228	0.357764	0.000276992	0.00049907
38	0.13586	0.0265039	0.000424636	0.000633869	0.0555456	0.0222215	0.000364768	0.150375	0.000473081	0.200546	0.0435994	0.00468588	0.00462657	0.0023098	0.002642	0.0683455	0.0731179	0.201427	0.000363456	0.00593418
39	0.0384491	0.00548402	0.00120924	0.00120849	0.612122	0.00406596	0.00122898	0.013419	0.0020332	0.0880299	0.0104544	0.0019546	0.00254485	0.00166267	0.00221718	0.0301241	0.0117455	0.0403928	0.0247482	0.106905
40	0.027103	0.015447	0.0129211	0.022155	0.10468	0.012588	0.124222	0.0315834	0.00987338	0.133083	0.0567571	0.0548023	0.00974211	0.178296	0.0225025	0.0315823	0.0415901	0.045286	0.0102188	0.0555673
41	0.0655974	0.0061275	0.000265376	0.000262646	0.0509891	0.00981709	0.000283941	0.242056	0.00078875	0.3692	0.0331381	0.00155147	0.000492047	0.00183809	0.00408933	0.00642239	0.0122096	0.192992	0.000269207	0.00160986
42	0.0291956	0.00671836	0.00109022	0.000904705	0.267143	0.0159519	0.000824596	0.0756924	0.000904953	0.440167	0.0222325	0.000744618	0.00965592	0.000611752	0.000957024	0.00361759	0.0201657	0.0745007	0.0174058	0.011515
43	0.0184626	0.0157088	0.0215502	0.0163091	0.109977	0.00779223	0.150006	0.0208602	0.0120445	0.079987	0.0176942	0.0783394	0.00920618	0.107261	0.0248386	0.0273879	0.037536	0.0304868	0.0145183	0.200034
44	0.211258	0.0113339	0.00454663	0.00683812	0.0285856	0.409639	0.00173125	0.0236994	0.003438	0.0601443	0.0107821	0.00397778	0.0303714	0.00414397	0.00524063	0.0762274	0.0339899	0.0617247	0.00968048	0.00264695
45	0.0799713	0.00732063	0.000282693	0.00035047	0.054904	0.0101115	0.000296605	0.228854	0.000805008	0.367473	0.0314898	0.00164819	0.000671692	0.00167925	0.003741	0.00995247	0.0171759	0.181136	0.000305204	0.00183063
46	0.015472	0.00225198	0.00104583	0.0013816	0.0212648	0.0028034	0.00140094	0.0763896	0.00213909	0.347832	0.463593	0.00268211	0.00180695	0.00202093	0.00313493	0.00427118	0.00633379	0.041113	0.00105113	0.00201186
47	0.118785	0.0118608	0.0141299	0.0176432	0.0297002	0.469975	0.00472792	0.0219874	0.00970994	0.0452394	0.00969079	0.015215	0.030495	0.00741113	0.0169604	0.0599955	0.0469206	0.0459071	0.0139076	0.00973806
48	0.298343	0.124364	0.00314529	0.00271909	0.00873004	0.0635374	0.00171405	0.0130882	0.00589359	0.0303874	0.00667115	0.0037054	0.00489957	0.00645764	0.00545819	0.290199	0.045543	0.0589991	0.0235654	0.00257881
49	0.0217841	0.013898	0.00391723	0.0043361	0.189029	0.0102556	0.0606118	0.015788	0.0104284	0.031205	0.00771774	0.0316229	0.00571459	0.00769123	0.0182635	0.0186188	0.0195078	0.0172088	0.0887437	0.423658
50	0.307707	0.0523307	0.003203	0.00238405	0.00261991	0.053176	0.00103038	0.0220971	0.00681703	0.0128883	0.0114452	0.00459068	0.00538609	0.0069424	0.00603556	0.322982	0.101578	0.0721196	0.00277279	0.00189455
51	0.192735	0.129403	0.00338831	0.00232511	0.00737502	0.0597061	0.00244647	0.0230826	0.011447	0.0209937	0.0136004	0.00779089	0.00920958	0.0203877	0.00905232	0.29149	0.0876718	0.0989925	0.00543222	0.00347051
52	0.0071679	0.00815064	0.00112118	0.00465462	0.242566	0.0028732	0.0859659	0.00865958	0.00194723	0.0117993	0.00369264	0.0302213	0.0031577	0.00763764	0.00871759	0.0176189	0.0142232	0.0103188	0.0180497	0.511457
53	0.076989	0.00990207	0.00246425	0.000957533	0.0360983	0.00981746	0.00179557	0.216898	0.00514497	0.20332	0.124756	0.00395138	0.00342216	0.0029507	0.00391142	0.0278263	0.0580451	0.205782	0.000839516	0.00512685
54	0.0571635	0.0118497	0.00268948	0.00185712	0.0315323	0.00944001	0.00221575	0.235884	0.00859648	0.149371	0.105009	0.00490963	0.00364584	0.00326257	0.00476907	0.0326114	0.115978	0.210783	0.00127952	0.00715116
55	0.0655576	0.018154	0.0273573	0.00876495	0.00306678	0.0754421	0.0104624	0.0181619	0.0227551	0.0141816	0.0207298	0.0980013	0.0153664	0.0134664	0.0330266	0.322375	0.191073	0.0378283	0.0011029	0.00312727
56	0.0839543	0.0903852	0.00343646	0.00549175	0.00904373	0.0096372	0.00397903	0.155918	0.0340076	0.0740096	0.00997436	0.00637884	0.00759404	0.00482625	0.0385049	0.116076	0.0486509	0.173148	0.117407	0.00757589
57	0.0592711	0.0100297	0.00246902	0.00257283	0.0844661	0.0132654	0.00309363	0.173963	0.00508054	0.330865	0.0441399	0.00564572	0.00917225	0.0032807	0.00834635	0.0201002	0.0313726	0.175393	0.00682922	0.0106434
58	0.010288	0.00819085	0.00136956	0.00396431	0.265031	0.00351853	0.0710561	0.012813	0.00255763	0.0187785	0.00610333	0.0272806	0.00340105	0.00652709	0.00734653	0.0148214	0.0140007	0.0153568	0.0196176	0.487978
59	0.0362757	0.00700808	0.000689027	0.000374631	0.0311405	0.00487217	0.000352033	0.312915	0.0037324	0.154733	0.0960605	0.00113139	0.00108074	0.00252264	0.00253096	0.00475123	0.024452	0.314373	0.000352157	0.000653831
60	0.0925177	0.00269271	0.0701949	0.226741	0.00491497	0.0255227	0.0190752	0.0446635	0.0755267	0.0389418	0.021948	0.0683958	0.0158067	0.112396	0.031331	0.0527742	0.0640346	0.0252037	0.00148857	0.00582987
61	0.00423259	0.00759061	0.000811027	0.00411978	0.248745	0.00188481	0.0888125	0.00634504	0.00126542	0.00582255	0.00182026	0.0298733	0.00270318	0.00716892	0.00743166	0.0107876	0.0117159	0.00833698	0.0167516	0.533781
62	0.0339532	0.00283099	0.00400847	0.00647651	0.0241297	0.0274128	0.00748199	0.0512614	0.204591	0.138026	0.0432933	0.0163268	0.00849641	0.0483667	0.236914	0.0146928	0.0356203	0.0700933	0.00454543	0.0214787
63	0.289551	0.00318489	0.002429	0.0354101	0.0046058	0.010036	0.00160856	0.0559344	0.0858957	0.00924578	0.00927507	0.0180767	0.00829422	0.00389467	0.0452047	0.12283	0.215243	0.052459	0.02352	0.00330176
64	0.0448303	0.0029874	0.00214215	0.00278496	0.027701	0.0339234	0.00342376	0.0610725	0.184176	0.138774	0.0554055	0.0184453	0.00561226	0.0352351	0.223528	0.00982578	0.043559	0.0750457	0.00446572	0.0270622
65	0.0455344	0.00314838	0.00199522	0.00232901	0.0333304	0.0302789	0.00414108	0.058704	0.179135	0.138737	0.0567246	0.0239707	0.00317322	0.0387744	0.21327	0.00928707	0.0431347	0.0755584	0.00704099	0.0317327
66	0.110184	0.00194948	0.0546745	0.249099	0.00497162	0.0258245	0.00157109	0.0390407	0.070883	0.0434307	0.024944	0.0544398	0.0162741	0.139094	0.0208256	0.0540173	0.060301	0.0252523	0.00130365	0.00192015
67	0.0355266	0.00083997	0.0190842	0.0330351	0.00185542	0.0194404	0.0328786	0.00393076	0.281336	0.0113129	0.0183419	0.0274471	0.0693536	0.0526694	0.305343	0.0542711	0.0166503	0.0105055	0.00394302	0.00223595
68	0.0599152	0.0155533	0.0196311	0.0570801	0.0379295	0.0358065	0.0220469	0.0414241	0.0314731	0.116777	0.0262096	0.0304912	0.0283587	0.14417	0.0373806	0.139519	0.0550577	0.0631879	0.0168616	0.021127
69	0.0434316	0.0186977	0.00519742	0.00539303	0.137797	0.0157725	0.024227	0.0449259	0.0171595	0.132798	0.0355927	0.0217555	0.00876721	0.010488	0.0221907	0.0363631	0.0294201	0.0431739	0.126794	0.220056
70	0.00447352	0.00800768	0.000931363	0.00413508	0.246545	0.00203356	0.092175	0.00668513	0.00151972	0.00693104	0.00200267	0.0304034	0.00283566	0.0080259	0.00768091	0.0110117	0.011912	0.00871158	0.0173935	0.526585
71	0.0705372	0.00669683	0.0533569	0.192961	0.0154041	0.0545617	0.025188	0.0360882	0.0647942	0.0513254	0.0247501	0.0550648	0.0236971	0.0858012	0.0487085	0.0695977	0.0537534	0.0404104	0.00741683	0.0198865
72	0.0521633	0.00764055	0.00197059	0.00129158	0.0432962	0.00990502	0.00193835	0.281908	0.00356733	0.208693	0.0559972	0.00302061	0.00358738	0.00300966	0.00377197	0.0140084	0.0290074	0.269674	0.00131564	0.00423478
73	0.0206117	0.0034716	0.000688847	0.000694218	0.058865	0.00364315	0.000898702	0.163624	0.00584572	0.419106	0.174943	0.00216065	0.00165531	0.00174879	0.00617935	0.00630015	0.0192609	0.0982728	0.00151712	0.0105123
74	0.0248989	0.00741045	0.147631	0.129667	0.0105476	0.36268	0.0101731	0.0148283	0.0335374	0.0204477	0.00855682	0.0428109	0.0097169	0.0103121	0.0110331	0.0272226	0.0462721	0.0240368	0.00443264	0.0537846
75	0.180414	0.0119731	0.00544567	0.00765744	0.0527282	0.423849	0.0028293	0.0294933	0.00443425	0.053311	0.0140548	0.00716288	0.0347068	0.00535088	0.00792832	0.0427547	0.0448059	0.0537131	0.0110786	0.00630864
76	0.0315028	0.014991	0.0115996	0.0160708	0.124304	0.014322	0.157837	0.0362077	0.0103785	0.207032	0.0265638	0.0386259	0.0197244	0.0535728	0.0214428	0.0347578	0.0365417	0.0485301	0.017072	0.0789241
77	0.0597448	0.0124935	0.00124382	0.00176459	0.0620052	0.0101035	0.00155234	0.189063	0.00551035	0.276545	0.0925264	0.00297318	0.00384711	0.00258439	0.00494541	0.0276991	0.0529198	0.17727	0.0028968	0.0123127
78	0.109469	0.0125388	0.0143577	0.0196025	0.0277991	0.46762	0.00615553	0.0268744	0.0129368	0.0439133	0.00995115	0.015074	0.0257363	0.0136074	0.0217043	0.0633906	0.0403665	0.0488266	0.010989	0.00908768
79	0.032926	0.00103938	0.0175801	0.0364301	0.00197166	0.0164199	0.0347337	0.00303465	0.261829	0.00836063	0.00993882	0.0280302	0.074757	0.0551957	0.308316	0.0634248	0.0254523	0.0107846	0.0080507	0.00172484
80	0.0476535	0.00680648	0.0142758	0.00294613	0.0427952	0.0345929	0.0551642	0.0316435	0.0739463	0.0621007	0.0116593	0.0639567	0.00788651	0.00371432	0.107753	0.015079	0.0354132	0.0301023	0.199893	0.152618
81	0.107046	0.0406617	0.00832376	0.00593382	0.0648993	0.234393	0.00289227	0.0193478	0.0050382	0.087798	0.0104028	0.00601094	0.0166676	0.00435978	0.00808022	0.0219709	0.0295234	0.0510463	0.258953	0.0166507
82	0.0346294	0.00223354	0.0155929	0.0367014	0.00514286	0.0272533	0.0268579	0.00878118	0.259069	0.0178294	0.0401744	0.0241498	0.0572945	0.0466476	0.293238	0.0578682	0.0200879	0.0159807	0.00629473	0.00417408
83	0.0834821	0.00841599	0.00399574	0.00400732	0.0654645	0.0397498	0.0176083	0.0922331	0.0580472	0.0948879	0.0394307	0.084245	0.00993477	0.00798227	0.0979988	0.02725	0.0358435	0.0634066	0.0723827	0.0936337
84	0.239367	0.00422197	0.00108002	0.000959837	0.00993032	0.03243	0.000922165	0.144703	0.00533385	0.166037	0.0318493	0.00223232	0.0372669	0.00143897	0.00230473	0.0203914	0.0296088	0.266525	0.0012484	0.00214964
85	0.0568442	0.0132015	0.0209586	0.010391	0.00362293	0.0669504	0.00746041	0.0216835	0.0177795	0.0129345	0.0124052	0.0577184	0.0125781	0.0111401	0.0204343	0.358061	0.263238	0.0282278	0.00187936	0.00249073
86	0.00662849	0.00271132	0.000581562	0.000807802	0.160347	0.00441227	0.00135155	0.0946004	0.00324054	0.584439	0.0584822	0.000993998	0.00238176	0.000892803	0.00450762	0.00268482	0.0116667	0.0337113	0.00542462	0.0201339
87	0.0716335	0.0106696	0.000688138	0.00102133	0.228401	0.0289428	0.000604542	0.0982471	0.000751768	0.304499	0.0246225	0.00203921	0.00780049	0.00101994	0.00214964	0.0147594	0.0439801	0.143993	0.00931799	0.00485938
88	0.0376128	0.00669809	0.00140454	0.00142295	0.591128	0.00468192	0.00175801	0.0155909	0.00230173	0.0928807	0.0114373	0.00255268	0.00302915	0.001883	0.00249536	0.0383462	0.0134899	0.0440124	0.0236194	0.103655
89	0.051156	0.0110888	0.00910461	0.00599649	0.0448491	0.0150709	0.0119854	0.133513	0.0147033	0.0794763	0.144394	0.15098	0.00795292	0.0117743	0.0204054	0.0400788	0.0484295	0.107285	0.0136039	0.0781521
90	0.109824	0.0439652	0.00099456	0.00173019	0.0578602	0.0324578	0.00115198	0.152123	0.00217837	0.140748	0.049682	0.00611428	0.00602199	0.00315578	0.00455277	0.0663462	0.101854	0.210329	0.00190259	0.00700923
91	0.144466	0.035929	0.00102926	0.00163104	0.0500974	0.0549175	0.000729257	0.108526	0.00137372	0.129822	0.052671	0.00559889	0.0129738	0.00260959	0.00355071	0.092731	0.0954294	0.198025	0.0013718	0.00651809
92	0.0764953	0.0454283	0.0419363	0.00917902	0.0800185	0.0456428	0.00993526	0.0350552	0.00783568	0.108715	0.0230075	0.0181991	0.013263	0.00758672	0.0111181	0.0795463	0.191909	0.0416323	0.015375	0.138122
93	0.0424086	0.0317789	0.00345024	0.00843	0.0346782	0.0118237	0.00530609	0.108978	0.00710937	0.314819	0.118811	0.00584543	0.0062608	0.0441037	0.00980944	0.023074	0.0263157	0.18121	0.00360376	0.0121839
94	0.0908591	0.0148622	0.000948571	0.00144105	0.183312	0.0399692	0.00108574	0.099767	0.00133596	0.251388	0.0367053	0.00478814	0.00684476	0.00175795	0.00361371	0.0389651	0.0492359	0.16133	0.00641078	0.00538077
95	0.102665	0.045915	0.00280705	0.00868372	0.0759241	0.0154269	0.00995756	0.0868587	0.0032701	0.159707	0.058306	0.0171166	0.00643493	0.00311483	0.00826795	0.115804	0.0914261	0.104501	0.0203236	0.0634897
96	0.18979	0.0277656	0.0046001	0.00520116	0.0182035	0.0433044	0.00196427	0.102852	0.00683953	0.0481935	0.0365509	0.00691758	0.00741158	0.0187088	0.00654992	0.159389	0.127889	0.176338	0.00394283	0.00759007
97	0.300417	0.112145	0.00188289	0.00164598	0.00194126	0.0601865	0.00106773	0.0111914	0.00660236	0.0131145	0.00607435	0.00278004	0.00482626	0.00779647	0.00561847	0.331895	0.0676514	0.0579308	0.00413474	0.00109844
98	0.144971	0.0197597	0.00456887	0.00323559	0.0271169	0.0163569	0.00244758	0.147686	0.00331389	0.0849149	0.0754259	0.00426109	0.00561197	0.00287226	0.00417192	0.0867142	0.109581	0.248226	0.00221555	0.0065488
99	0.0339242	0.00306512	0.00223195	0.000377664	0.0181557	0.00408668	0.00172854	0.426391	0.00378098	0.0888652	0.0249586	0.0055214	0.00171616	0.00137752	0.00259603	0.00993201	0.0300039	0.339876	0.000429315	0.000981503
100	0.0566502	0.0125507	0.0255249	0.123215	0.0912033	0.0286066	0.0352124	0.0338125	0.0319539	0.0612462	0.0250114	0.0410592	0.0184338	0.175179	0.0227968	0.0492216	0.0886345	0.0469214	0.00676616	0.0259999
101	0.0381949	0.00517836	0.000512898	0.000572921	0.0520621	0.00600004	0.000534814	0.233813	0.00345341	0.368824	0.0678111	0.00135586	0.000832581	0.00209928	0.00487538	0.00628597	0.0176537	0.183546	0.000638095	0.00575552
102	0.0244049	0.00235839	0.00241165	0.000289448	0.0151733	0.00289969	0.00205572	0.447007	0.00451418	0.0734638	0.0198606	0.00562295	0.000922392	0.00101684	0.00291641	0.00822733	0.026785	0.359074	0.000338837	0.000657694
103	0.321083	0.0130332	0.00591157	0.0054536	0.0185492	0.316024	0.001772	0.0152762	0.00398268	0.0328113	0.00728922	0.00539616	0.0226084	0.00358272	0.00676007	0.143824	0.0322348	0.0359841	0.00582983	0.00259414
104	0.292725	0.108393	0.00522272	0.00240307	0.00636187	0.0553076	0.00266917	0.0139291	0.00787041	0.0190079	0.00884086	0.00738758	0.00601687	0.00759306	0.00763128	0.326859	0.0607795	0.0522123	0.00532162	0.00346706
105	0.481137	0.0226344	0.00502357	0.00211364	0.002097	0.0781789	0.000517825	0.00596846	0.00504985	0.0121685	0.00151237	0.00392374	0.00350201	0.00143912	0.00449144	0.302991	0.0443607	0.0208056	0.00125074	0.000834
106	0.0534461	0.0094507	0.0605019	0.0104555	0.00925429	0.0492271	0.0272741	0.0226347	0.0182009	0.0205817	0.00821901	0.340048	0.0108247	0.0138054	0.0318274	0.175761	0.0740312	0.0474533	0.00287632	0.0141266
107	0.0783749	0.00598869	0.0868172	0.00527352	0.0109316	0.0149721	0.00627161	0.0685982	0.0055491	0.0656723	0.0102235	0.282516	0.00861203	0.0109267	0.0157509	0.0600021	0.131883	0.116874	0.00384133	0.0109216
108	0.198584	0.023493	0.00292698	0.00154435	0.0320885	0.0217787	0.00135775	0.125571	0.00212893	0.0938712	0.0503737	0.00395421	0.00534449	0.00269766	0.00326739	0.0960901	0.133572	0.191392	0.00236549	0.00759789
109	0.00423259	0.00759061	0.000811027	0.00411978	0.248745	0.00188481	0.0888125	0.00634504	0.00126542	0.00582255	0.00182026	0.0298733	0.00270318	0.00716892	0.00743166	0.0107876	0.0117159	0.00833698	0.0167516	0.533781
110	0.0489567	0.0266874	0.00525007	0.0304587	0.0708271	0.0110422	0.0164463	0.074472	0.00843442	0.166297	0.0460993	0.0447385	0.00925041	0.00687218	0.0147434	0.115348	0.0844969	0.0504465	0.0318113	0.137322
111	0.0617615	0.0061767	0.00039453	0.000312857	0.0467738	0.0087381	0.000306545	0.245783	0.00145282	0.33876	0.0579825	0.00156797	0.000846713	0.00188127	0.00377685	0.00747984	0.0156358	0.198057	0.000384182	0.00192829
112	0.0422054	0.00969753	0.0695975	0.0156636	0.00396129	0.0712037	0.0385872	0.0123196	0.0311653	0.0121948	0.0075761	0.297719	0.0170956	0.0173719	0.0366823	0.218695	0.0649023	0.0227589	0.00119741	0.00940586
113	0.0245377	0.00829057	0.182771	0.0583891	0.00355987	0.0364607	0.139828	0.00701138	0.0569058	0.0177197	0.00195643	0.177754	0.0195384	0.0280913	0.0599712	0.106543	0.023902	0.0214804	0.00153492	0.0237534
114	0.0222584	0.00740637	0.143371	0.0612935	0.00290939	0.0191282	0.174293	0.00775817	0.0770669	0.0204737	0.00121457	0.193511	0.00979419	0.0343625	0.0697323	0.078237	0.0277377	0.0224418	0.0015123	0.0254975
115	0.00524198	0.0025324	0.000561665	0.000814392	0.153743	0.00390802	0.00142844	0.095612	0.00335788	0.592654	0.0606293	0.00106403	0.00206364	0.000900045	0.00476348	0.00266285	0.0111093	0.0318346	0.0050237	0.0200948
116	0.023632	0.00800458	0.186136	0.0618654	0.00316069	0.0351658	0.142085	0.00762835	0.0579997	0.018503	0.0018054	0.176986	0.0201413	0.0281027	0.0586427	0.0981688	0.0238649	0.0218475	0.00153445	0.0247248
117	0.0500631	0.00509044	0.0261261	0.041893	0.00998418	0.029326	0.0385989	0.0203896	0.218892	0.0332894	0.0200514	0.0361502	0.0461917	0.053283	0.219248	0.0650173	0.0359934	0.0293209	0.00984476	0.0112464
118	0.0413948	0.00734008	0.0224619	0.0283488	0.0139343	0.0271486	0.0416969	0.0207687	0.178789	0.0402849	0.0174862	0.0368878	0.0407494	0.051986	0.280336	0.0667526	0.0263648	0.0272822	0.0181739	0.0118133
119	0.0378148	0.00597752	0.0135766	0.0444859	0.00575819	0.0220476	0.00407708	0.0280471	0.0110097	0.0171952	0.00937238	0.0316965	0.00784492	0.0090002	0.00764929	0.333121	0.375	0.0306266	0.00250627	0.00319299
120	0.057214	0.054574	0.0113386	0.00555456	0.0973755	0.0407734	0.0126464	0.0286286	0.0181203	0.0943668	0.0153721	0.0139518	0.00943099	0.00967722	0.0285585	0.0321822	0.024622	0.044755	0.343688	0.0571701
121	0.270562	0.0160812	0.0248786	0.0271402	0.0149824	0.0380586	0.00446972	0.0370569	0.0176575	0.0344497	0.0193393	0.0195007	0.0305916	0.059529	0.0177628	0.091709	0.199669	0.060008	0.0078256	0.0087287
122	0.0395699	0.007773	0.00100283	0.00229242	0.15223	0.00369949	0.00203896	0.111225	0.00595288	0.234919	0.0795479	0.00407179	0.00332803	0.00735646	0.00257833	0.0245407	0.0203684	0.0904451	0.0184174	0.188643
123	0.0273295	0.00342017	0.00221199	0.000282498	0.0188835	0.00456355	0.00168309	0.41904	0.00405736	0.0968532	0.0332506	0.00417471	0.00105735	0.00133793	0.00269856	0.00693827	0.0246749	0.34652	0.000360824	0.000662029
124	0.0456371	0.00806404	0.0010082	0.00105112	0.237825	0.0176513	0.000878919	0.103279	0.00137071	0.354522	0.0352275	0.00155832	0.00755307	0.00132355	0.00203869	0.0118165	0.0264178	0.111856	0.0125295	0.0183916
125	0.116661	0.0144755	0.0103093	0.0115634	0.0301894	0.242238	0.00447756	0.0450428	0.0085587	0.0572806	0.0202512	0.0209267	0.0167106	0.00769404	0.0114901	0.0792401	0.180314	0.103143	0.00823348	0.0112004
126	0.189898	0.0107107	0.004054	0.0080423	0.0449052	0.428859	0.00255983	0.0318598	0.00337706	0.0463064	0.0113247	0.00417144	0.0533747	0.00414133	0.00531828	0.0434403	0.0411425	0.0515691	0.0109738	0.00397089
127	0.0662128	0.0203755	0.000595302	0.000556964	0.0837641	0.0186922	0.000546493	0.201335	0.00111161	0.337191	0.0306923	0.00184169	0.00292104	0.00178607	0.00373684	0.0127878	0.0229959	0.186237	0.00316774	0.00345291
128	0.111674	0.0752913	0.0034496	0.00646364	0.131689	0.0206896	0.00738268	0.057086	0.0094671	0.0848048	0.0548233	0.0110514	0.00955009	0.00529887	0.0132857	0.196859	0.0585834	0.107496	0.0128081	0.0222455
129	0.0908388	0.0224029	0.00234152	0.00547912	0.102151	0.0157232	0.00483313	0.112833	0.00505525	0.212121	0.0550518	0.0101682	0.00742644	0.00490918	0.00681989	0.134255	0.0728355	0.102344	0.00818081	0.0242297
130	0.0869756	0.0202358	0.00220156	0.00254069	0.07065	0.0182637	0.00375858	0.106261	0.00546031	0.2253	0.0412183	0.00814441	0.0250292	0.00404369	0.00609443	0.0935116	0.111589	0.149709	0.00684171	0.0121724
131	0.0837178	0.0212135	0.0124105	0.00728239	0.00311601	0.0476057	0.00533223	0.0355756	0.0135014	0.0118335	0.0223907	0.0314142	0.0183657	0.0105497	0.0108329	0.354918	0.244591	0.0619943	0.00129884	0.00205586
132	0.0259781	0.0036347	0.0169355	0.00112725	0.016217	0.00483658	0.00275428	0.419591	0.00512166	0.0744436	0.0209191	0.00898002	0.00177802	0.00200233	0.00380368	0.0106411	0.0265408	0.35157	0.0015783	0.00154699
133	0.023803	0.00584525	0.000961833	0.000888495	0.284388	0.0130612	0.000952539	0.0731708	0.000807879	0.444658	0.0260563	0.000830794	0.00762378	0.000736123	0.000923948	0.00433985	0.0172674	0.0616013	0.0146562	0.0174268
134	0.0257577	0.00813777	0.000816552	0.000325494	0.0301574	0.0035026	0.000463856	0.334347	0.00471221	0.120046	0.099322	0.00121723	0.00063293	0.00268625	0.00270142	0.00429412	0.0276251	0.332231	0.000338549	0.000685884
135	0.0397987	0.00310199	0.0192892	0.0195264	0.00669292	0.0214951	0.0580795	0.0123688	0.121162	0.0346117	0.0102451	0.0275842	0.335673	0.0316723	0.16174	0.05335	0.015627	0.016387	0.00330681	0.00828872
136	0.0524807	0.0162611	0.0338373	0.00921482	0.00239535	0.0763229	0.0110824	0.0159651	0.0258013	0.0130085	0.0171906	0.087205	0.0160793	0.0136828	0.0362865	0.358959	0.191092	0.0204612	0.000792229	0.0018817
137	0.124362	0.0145668	0.00482989	0.00556438	0.222135	0.0139304	0.0140996	0.0830682	0.00724808	0.073482	0.0258024	0.0131362	0.0401636	0.00740003	0.00882216	0.0333285	0.0273647	0.0411562	0.0324864	0.207053
138	0.0268547	0.001009	0.0221576	0.0398593	0.00227386	0.0112905	0.0678422	0.00324461	0.231949	0.0118268	0.00709597	0.0292664	0.0422923	0.0797702	0.334012	0.0558301	0.0130208	0.0136624	0.00544251	0.0013003
139	0.023982	0.00935012	0.115847	0.0529643	0.0168529	0.0200018	0.186499	0.0132429	0.061146	0.0322732	0.00591292	0.17402	0.0122772	0.0456106	0.0610273	0.0683008	0.0306501	0.0295022	0.00302182	0.037518
140	0.0128086	0.00694524	0.000996472	0.00360221	0.334836	0.00284821	0.0591334	0.0121116	0.0018362	0.0367258	0.00688451	0.0214929	0.00301333	0.00565068	0.00588825	0.0149336	0.0122306	0.0185426	0.0176902	0.42183
141	0.0302651	0.00483166	0.0455411	0.0397433	0.00882103	0.0169132	0.0980469	0.011333	0.168906	0.0217774	0.00881952	0.0622283	0.0369942	0.0610111	0.250756	0.0659482	0.0207198	0.0235751	0.00802459	0.0157438
142	0.0275383	0.00768152	0.000681538	0.000285032	0.0317026	0.00393275	0.000386659	0.326616	0.00431113	0.137894	0.101708	0.00105067	0.000627443	0.00273115	0.00248849	0.00441693	0.0263524	0.318624	0.000327797	0.000643479
143	0.0588653	0.0514731	0.00884243	0.00203986	0.148673	0.0505415	0.00195158	0.0256256	0.00327871	0.153849	0.00714823	0.00421158	0.00620394	0.00218998	0.00727432	0.0120944	0.0159291	0.0507844	0.361742	0.0272829
144	0.195594	0.0402377	0.00424592	0.00295097	0.0154252	0.0291906	0.00269803	0.0655597	0.00543217	0.0429935	0.049379	0.00560579	0.00812367	0.00642498	0.00680667	0.26227	0.0878973	0.159655	0.00340869	0.00610066
145	0.0901174	0.0481677	0.00270362	0.00412356	0.291168	0.0177261	0.00459269	0.0471834	0.0128136	0.116582	0.0270328	0.00752733	0.0134864	0.00337969	0.0190617	0.105882	0.0426634	0.0743805	0.0248902	0.0465172
146	0.081856	0.00862302	0.000481705	0.00087603	0.0811148	0.0121751	0.000417725	0.204781	0.000741601	0.319653	0.0320011	0.00309576	0.00285877	0.00335246	0.00325907	0.0266656	0.0322173	0.179694	0.00181731	0.00431833
147	0.110392	0.0109638	0.0194042	0.0180391	0.0285312	0.453501	0.00664323	0.0244947	0.0145746	0.0404313	0.0112229	0.0232059	0.0249872	0.00929354	0.0247057	0.070321	0.0426577	0.0438436	0.0118735	0.0109139
148	0.040829	0.00444281	0.00158597	0.000340524	0.0217489	0.00609581	0.00148372	0.372402	0.00416229	0.128903	0.0349405	0.00401147	0.0021944	0.00161703	0.00329034	0.00805608	0.0248401	0.33802	0.000326959	0.000709979
149	0.0643992	0.00617883	0.000269397	0.00028037	0.0505747	0.0098281	0.00027601	0.245496	0.000913312	0.360583	0.0360229	0.00152507	0.000495853	0.00185674	0.00393854	0.00620473	0.012636	0.196708	0.000270791	0.00154263
150	0.236487	0.00778169	0.00827364	0.00585302	0.0181359	0.0314704	0.00364839	0.0499884	0.0103783	0.0437127	0.0793929	0.0090828	0.0100952	0.00767968	0.00910077	0.0560034	0.323441	0.0740742	0.00623473	0.00916577
151	0.0748494	0.0127717	0.0050279	0.00571163	0.0318298	0.0143251	0.00339487	0.223794	0.0080452	0.0962121	0.0421889	0.0134458	0.00684769	0.00578	0.00793763	0.0724936	0.173798	0.18325	0.00513976	0.0131566
152	0.0345332	0.00304648	0.00859139	0.012061	0.00317364	0.0118684	0.00201735	0.0372424	0.00361306	0.0161377	0.00710046	0.0191172	0.00475384	0.00893826	0.00387365	0.329836	0.448272	0.0422169	0.0013106	0.00229646
153	0.0203206	0.00749272	0.00103278	0.00283836	0.32051	0.00423069	0.0441705	0.0302648	0.00223767	0.0584141	0.0132719	0.0178836	0.0043899	0.0052322	0.00518006	0.0177111	0.0134775	0.0269347	0.0254522	0.378955
154	0.0652472	0.00664764	0.111781	0.00910803	0.0119658	0.0201925	0.0102454	0.0433579	0.0101016	0.03925	0.0115739	0.226035	0.0104287	0.0113368	0.0217618	0.0665621	0.172928	0.13748	0.00378168	0.0102148
155	0.494845	0.0243587	0.00490097	0.00210907	0.00106292	0.0605044	0.000442702	0.00531281	0.00497701	0.0106638	0.00129361	0.00375041	0.00262815	0.00079313	0.0045126	0.309228	0.0470966	0.0198693	0.00107343	0.00057714
156	0.0697052	0.0830103	0.00921383	0.0028521	0.113905	0.0641191	0.00230344	0.0181511	0.00448013	0.102453	0.00634487	0.00367277	0.0060686	0.00302313	0.00775658	0.0163561	0.0154627	0.0499911	0.397944	0.0231873
157	0.00900281	0.00783189	0.000934458	0.0037181	0.266654	0.00272973	0.0713118	0.0117206	0.00170115	0.0262589	0.00630378	0.0259136	0.00360648	0.00713144	0.00644451	0.0126032	0.0127657	0.014494	0.0194393	0.489435
158	0.0156257	0.00215863	0.00106022	0.00139257	0.0210979	0.00277919	0.00138807	0.0754633	0.00207513	0.346314	0.467009	0.00268057	0.00182572	0.00195811	0.00321537	0.0043476	0.00654682	0.0400698	0.00103784	0.00195428
159	0.246155	0.00579956	0.00290041	0.00245142	0.0368145	0.0474554	0.00209736	0.0541339	0.00326948	0.0764509	0.0175522	0.0102689	0.00356035	0.00468864	0.00375189	0.0227132	0.341048	0.0955682	0.00280832	0.0205122
160	0.0257057	0.00125869	0.00267959	0.000437219	0.0121131	0.00276277	0.00237942	0.470208	0.00405023	0.0645146	0.00501885	0.00781184	0.000979035	0.000822163	0.00301287	0.0097423	0.0266234	0.35886	0.00036814	0.00065168
161	0.532054	0.0214749	0.00453034	0.00352993	0.00130499	0.0459633	0.000593606	0.00730437	0.0049018	0.0092472	0.00237739	0.00536768	0.00336251	0.0020144	0.00433547	0.254743	0.0700812	0.0247378	0.00125676	0.000819213
162	0.495473	0.0226724	0.00541445	0.00202947	0.00107071	0.0611193	0.000413348	0.00519697	0.00495141	0.0103957	0.00120134	0.00398369	0.00300005	0.000712556	0.00459405	0.309395	0.0476624	0.0190739	0.00103753	0.000602609
163	0.0658254	0.00605937	0.000266174	0.000273447	0.0520132	0.0100112	0.000288896	0.24362	0.0007912	0.366703	0.0332994	0.00163	0.000489207	0.00181006	0.00421553	0.00663538	0.0123639	0.191787	0.000284478	0.00163348
164	0.0923446	0.0127023	0.000684853	0.00116741	0.0722624	0.0125888	0.00075378	0.208527	0.000966904	0.209102	0.0379184	0.00687214	0.00363486	0.00767268	0.00274709	0.0605713	0.0601743	0.1968	0.000738121	0.0117708
165	0.0188901	0.0124902	0.0707371	0.0323344	0.0471931	0.011287	0.186734	0.0235569	0.0339827	0.0571687	0.0121347	0.159706	0.0071611	0.117267	0.0521673	0.036124	0.0314567	0.0360655	0.00274952	0.0507931
166	0.0251581	0.00729178	0.133862	0.111258	0.00826114	0.31186	0.0397146	0.0132133	0.0517321	0.0205423	0.00621112	0.0674851	0.0102493	0.0156209	0.0230222	0.03932	0.036253	0.0223405	0.00440319	0.0522012
167	0.0298568	0.00392529	0.00238238	0.00231974	0.0319979	0.00567139	0.00287689	0.106952	0.07153	0.204925	0.222785	0.0041749	0.0200441	0.00268829	0.0240822	0.0766164	0.0856937	0.0604359	0.00267298	0.0383687
168	0.0596599	0.00866425	0.0110142	0.151495	0.0114142	0.0115075	0.00478618	0.103839	0.014752	0.0841898	0.10181	0.0183886	0.0102399	0.085292	0.0412174	0.0540221	0.0300218	0.187564	0.00393707	0.006185
169	0.0750647	0.00304864	0.0567125	0.234728	0.00715691	0.0599968	0.00787369	0.028773	0.0528228	0.0467675	0.0186198	0.0547309	0.0329288	0.15048	0.0185777	0.0726906	0.0464053	0.0251439	0.00187218	0.00560617
170	0.0144141	0.00733514	0.00110959	0.00323049	0.347649	0.00337006	0.0556345	0.011086	0.00171602	0.0291634	0.00546781	0.02094	0.00305743	0.00558851	0.00556504	0.016172	0.0122371	0.0190942	0.019477	0.417693
171	0.038757	0.0087062	0.00178021	0.00202018	0.319342	0.0129691	0.00318147	0.0703364	0.00399513	0.312201	0.0297597	0.00315558	0.00729122	0.00233759	0.00449694	0.0200547	0.0239144	0.0720802	0.020764	0.042857
172	0.0921819	0.0161596	0.00272968	0.00530465	0.0311864	0.0155672	0.00330306	0.1164	0.00421017	0.110094	0.0323043	0.00835669	0.00690414	0.00528525	0.00515768	0.135651	0.254922	0.141858	0.0028235	0.00959971
173	0.161699	0.0117391	0.00652431	0.00907067	0.032495	0.413602	0.00488654	0.0252795	0.0121758	0.0449383	0.0120456	0.0101464	0.064161	0.00601242	0.0158278	0.0621321	0.0437842	0.0479619	0.0100311	0.00548745
174	0.229289	0.023172	0.00544226	0.00278538	0.0285431	0.0538597	0.00266675	0.071367	0.00494049	0.0914859	0.0514945	0.00855724	0.00844856	0.00514913	0.00566348	0.105974	0.173463	0.116412	0.00296841	0.0083171
175	0.0457868	0.00782121	0.0102042	0.0100976	0.00325196	0.0170317	0.00258793	0.0332939	0.00555234	0.0140383	0.00910087	0.0223017	0.00643001	0.00979069	0.00476404	0.342654	0.403789	0.0471687	0.00174419	0.00259076
176	0.071586	0.0118626	0.0430082	0.0130229	0.0143095	0.0817873	0.0117937	0.0362381	0.0170726	0.03892	0.0146934	0.219097	0.0133899	0.0132474	0.0232751	0.125946	0.136914	0.0954734	0.00616916	0.0121939
177	0.0392078	0.00783816	0.00200195	0.00222607	0.0903285	0.00951093	0.00234068	0.185412	0.0079997	0.25815	0.144622	0.0234454	0.00405516	0.00533675	0.00906698	0.0250793	0.030343	0.112607	0.00612676	0.0343014
178	0.0300974	0.00365844	0.000679096	0.000885597	0.0747206	0.00513338	0.00122213	0.175651	0.00427119	0.495374	0.055332	0.0021074	0.00151558	0.00163285	0.00631624	0.00758055	0.020624	0.0996579	0.00174082	0.0117997
179	0.0197599	0.00681815	0.00105233	0.00278433	0.402894	0.00326146	0.0412942	0.0143055	0.00188945	0.0437809	0.00731757	0.0154726	0.00351662	0.00376455	0.00481889	0.0249858	0.0116024	0.0232786	0.0214403	0.345962
180	0.264312	0.0059434	0.00508055	0.00354224	0.0233376	0.0655462	0.00258328	0.0560441	0.0062519	0.0493291	0.0197287	0.0086896	0.00713246	0.00781553	0.00563036	0.0389299	0.348138	0.0651142	0.00384268	0.0130073
181	0.0612322	0.00783621	0.00107198	0.00141722	0.341838	0.0191865	0.00130543	0.0652726	0.00155006	0.269815	0.0193625	0.00200975	0.00825161	0.00149614	0.00200112	0.0163699	0.0350581	0.0995582	0.014106	0.0312615
182	0.12109	0.0108208	0.0115057	0.0142782	0.0314411	0.435252	0.00900024	0.0239064	0.0151905	0.0458849	0.0106203	0.0162205	0.0622767	0.00797688	0.0191587	0.0529852	0.0434127	0.0482095	0.0133089	0.00746016
183	0.0487943	0.0146494	0.0289236	0.00979388	0.00574771	0.139458	0.0230993	0.0168889	0.0222701	0.0121099	0.0114789	0.112113	0.0153671	0.0118855	0.0473503	0.326355	0.128042	0.0178497	0.00143136	0.00639162
184	0.0405566	0.0119663	0.0508047	0.0833194	0.0375939	0.0237697	0.134343	0.0368017	0.0333615	0.108028	0.0232017	0.0710383	0.0208055	0.0402751	0.0395197	0.0684326	0.0438646	0.0943578	0.00886945	0.0290898
185	0.21308	0.039382	0.0049161	0.00594078	0.0273693	0.286276	0.00278601	0.0308442	0.00544994	0.0427863	0.0358819	0.00722123	0.0491986	0.00577563	0.00668904	0.0653757	0.074467	0.0813226	0.00898704	0.00625106
186	0.0258507	0.00831316	0.00152311	0.000345306	0.0255174	0.00372821	0.00108484	0.359625	0.00721545	0.116499	0.0659268	0.00268989	0.000639215	0.0021477	0.00373664	0.00578063	0.0250839	0.342399	0.00110307	0.000791411
187	0.103472	0.0127278	0.0791766	0.0293386	0.0206656	0.0349107	0.011032	0.0747715	0.0201297	0.0445803	0.0191053	0.0534421	0.101419	0.0306932	0.0233922	0.0938718	0.163421	0.0613393	0.00643682	0.016075
188	0.0341038	0.00400329	0.00163171	0.00033023	0.0270211	0.00490273	0.0011763	0.376605	0.00301351	0.166952	0.0396825	0.00384708	0.000892544	0.00169271	0.00265565	0.00680126	0.0219865	0.301308	0.000293963	0.00109948
189	0.162409	0.0156412	0.00741419	0.00162641	0.0289784	0.0151716	0.00435302	0.135694	0.00224588	0.117911	0.121565	0.00391919	0.00578144	0.00222127	0.00270608	0.0564388	0.0904029	0.219268	0.00109699	0.00515679
190	0.0219933	0.00788124	0.189469	0.0728952	0.00301176	0.0408872	0.154966	0.00755717	0.0628698	0.020261	0.00177051	0.164427	0.0141342	0.029012	0.0587314	0.0774488	0.0240797	0.0218583	0.00194362	0.0248021
191	0.534038	0.024002	0.00432085	0.00334901	0.00174344	0.0521248	0.000592193	0.00710414	0.00521769	0.0119032	0.00259533	0.0049924	0.00288611	0.00178393	0.00443812	0.260738	0.0491078	0.0268236	0.00125709	0.000981981
192	0.0536609	0.0123839	0.00625493	0.00640587	0.0436044	0.0137553	0.00516837	0.122603	0.0113296	0.201857	0.245972	0.0130345	0.00837785	0.00754183	0.012206	0.0426654	0.0458384	0.115727	0.00687154	0.0247423
