624	20
1	0.0171807	0.0159071	0.00351814	0.00794656	0.361994	0.012199	0.01415	0.0239592	0.0116009	0.164287	0.047243	0.00430833	0.0273234	0.0135959	0.00898564	0.0125814	0.0114142	0.0138717	0.0242247	0.203708
2	0.0376867	0.0243627	0.000607913	0.00100357	0.0107614	0.00055072	0.000834078	0.239158	0.00241016	0.113263	0.0183925	0.00257113	0.00238878	0.00114859	0.0017001	0.015433	0.0643768	0.461387	0.000678122	0.00128641
3	0.0500945	0.00324995	0.0465928	0.0172773	0.0401504	0.00562653	0.0300473	0.0406923	0.117336	0.111853	0.0748834	0.286926	0.0030271	0.0172721	0.0328094	0.0287401	0.0178498	0.0526872	0.00277602	0.0201086
4	0.00653571	0.00245505	0.000213209	0.00132088	0.00812994	0.000198026	0.00180505	0.383462	0.00168487	0.0351182	0.00921711	0.000198107	0.00106991	0.00232028	0.00152402	0.000418045	0.0145411	0.528085	0.00104382	0.000659487
5	0.0556517	0.00329545	0.0556564	0.0490613	0.00312493	0.510509	0.0162433	0.00560025	0.072954	0.00735894	0.00454105	0.0574018	0.00589024	0.0197052	0.0260238	0.0800671	0.0128653	0.00975491	0.00102989	0.00326521
6	0.0637703	0.00495802	0.140598	0.43081	0.00302198	0.0184138	0.0129359	0.0114201	0.0627239	0.0169127	0.00679986	0.0311488	0.008976	0.065807	0.0277446	0.0324985	0.0310282	0.0240707	0.00246962	0.00389133
7	0.0538224	0.00584216	0.0298598	0.0351618	0.00887165	0.0156704	0.021425	0.0166327	0.208025	0.0467868	0.0153255	0.0289383	0.0148256	0.0394936	0.334962	0.0394035	0.0444659	0.0268801	0.00436856	0.00923931
8	0.158253	0.258571	0.0092095	0.0154728	0.00592416	0.0133537	0.0070241	0.012478	0.0189381	0.0157553	0.00909326	0.170038	0.00599587	0.0110938	0.0134096	0.0195496	0.232222	0.0160874	0.00218561	0.00534584
9	0.0698086	0.0388188	0.0883413	0.0474606	0.0124558	0.0358214	0.039649	0.0164789	0.0491065	0.0317004	0.0237413	0.324199	0.0119181	0.0308553	0.0426828	0.0588803	0.0325125	0.0278275	0.00390146	0.0138407
10	0.0057812	0.00242944	0.000219135	0.00142087	0.00729787	0.000200164	0.00186162	0.42376	0.00170461	0.0381866	0.00837906	0.00023389	0.000802124	0.00237804	0.00189411	0.000612488	0.0134578	0.487713	0.000959528	0.000708408
11	0.502786	0.0136059	0.00199747	0.00398606	0.000509282	0.0281167	0.00130444	0.0104434	0.00408332	0.00501978	0.00291085	0.00186218	0.00619817	0.00184148	0.00178582	0.345925	0.04382	0.0204538	0.0009445	0.00240637
12	0.0552482	0.00175169	0.00974784	0.00644475	0.00606928	0.838183	0.00674436	0.00100562	0.0078946	0.00178665	0.00200508	0.010275	0.0068517	0.00262714	0.00569738	0.0299025	0.00442095	0.00142897	0.00112373	0.000791899
13	0.184731	0.125584	0.0109349	0.0166987	0.00608433	0.0233774	0.00887709	0.0328058	0.0154019	0.0300261	0.013785	0.0197708	0.0150693	0.0183247	0.0131312	0.248418	0.0657946	0.13553	0.0101249	0.00552979
14	0.0660114	0.000718811	0.00311144	0.0137745	0.00373006	0.0131954	0.0102484	0.0116627	0.403276	0.0276674	0.00358697	0.020263	0.0215651	0.0199685	0.302756	0.034675	0.0310472	0.0113902	0.000262581	0.00108907
15	0.0461751	0.00258194	0.00892002	0.00503049	0.00138048	0.00210058	0.00157404	0.0106969	0.551956	0.0199488	0.0273879	0.00249025	0.00312418	0.0110686	0.283535	0.00585108	0.00480425	0.0099294	0.000366219	0.00107881
16	0.00896794	0.00561665	0.00303094	0.00283983	0.37547	0.00446856	0.0279268	0.0167336	0.00486828	0.0603565	0.014768	0.00191166	0.00305857	0.00577132	0.00816272	0.00508019	0.00738702	0.00911287	0.0418331	0.392636
17	0.288428	0.0338866	0.00427769	0.00592429	0.00262564	0.00395501	0.00341505	0.00429702	0.247286	0.176558	0.00361626	0.00439636	0.00264594	0.00470964	0.0770386	0.121145	0.00659818	0.0061147	0.00111291	0.00196901
18	0.0295465	0.00219868	0.00345383	0.019719	0.00245309	0.0122491	0.011032	0.00469121	0.376897	0.0146456	0.000804709	0.0342348	0.0111553	0.0200861	0.397558	0.0275421	0.0261279	0.00473435	0.000140288	0.000730526
19	0.0130242	0.00505399	0.00297098	0.00174841	0.011311	0.000565995	0.000481755	0.0832851	0.00135138	0.590158	0.249187	0.000590975	0.000288242	0.00196205	0.0014146	0.00373761	0.00297901	0.0262654	0.00310234	0.000521491
20	0.00730943	0.00317043	0.000567741	0.00210877	0.00460527	0.000719266	0.00179246	0.550512	0.00301112	0.0699299	0.0125473	0.00103242	0.00053451	0.00326173	0.00709949	0.00224486	0.0113819	0.316677	0.000596319	0.000898523
21	0.0377091	0.00154693	0.00278156	0.0239221	0.00189394	0.00418111	0.00188456	0.0632278	0.333996	0.169223	0.0734801	0.0144762	0.00125781	0.0187797	0.13837	0.0136851	0.0315809	0.0650217	0.000744391	0.0022378
22	0.162053	0.000439014	0.109848	0.300365	0.000456182	0.0457356	0.00732979	0.00404257	0.0405233	0.00106584	0.00110871	0.146033	0.000315642	0.0368942	0.0453136	0.0755961	0.0172174	0.00515723	0.000161595	0.000343151
23	0.0193819	0.00228166	0.084147	0.0536255	0.000339981	0.607351	0.0185974	0.00248604	0.0594266	0.000670517	0.000418341	0.077032	0.00241965	0.0128765	0.0107912	0.042243	0.000683089	0.00277049	0.000165704	0.00229225
24	0.0217923	0.00126497	0.173346	0.0500483	0.00113702	0.00223493	0.0277582	0.00241176	0.211503	0.0325883	0.00184382	0.222043	0.0018407	0.0885729	0.112364	0.0242448	0.0136616	0.00955525	0.000726984	0.00106225
25	0.00263116	0.00258383	0.00403339	0.000710035	0.377343	0.00217623	0.0331395	0.00205771	0.000918905	0.00753808	0.00315668	0.000558156	0.000326649	0.000774399	0.00331854	0.00280292	0.00457665	0.000889305	0.0107908	0.539674
26	0.158345	0.00108621	0.15934	0.455382	0.000645879	0.0269958	0.00472388	0.00114794	0.0222119	0.00371284	0.00669588	0.0126056	0.0131116	0.042583	0.00413058	0.0304188	0.0502501	0.00263342	0.000224467	0.0037542
27	0.135095	0.00134918	0.135941	0.475097	0.000725304	0.0239513	0.00328972	0.00104091	0.0379731	0.00409241	0.00735928	0.0109533	0.00662341	0.0486767	0.00552672	0.0332005	0.0648344	0.00200425	0.000187054	0.00207951
28	0.531226	0.0360655	0.00549849	0.00614082	0.00135705	0.316536	0.0011605	0.0044313	0.00272309	0.014475	0.00866896	0.00195051	0.0143462	0.0024178	0.00233758	0.0238482	0.0113569	0.0139442	0.000580826	0.000934986
29	0.0197008	0.00220393	0.000474544	0.000953855	0.00990727	0.00133049	0.00148033	0.298236	0.00115109	0.453977	0.0206793	0.00400429	0.000418665	0.00152074	0.00113278	0.00106305	0.00761343	0.17251	0.000322993	0.00132029
30	0.130668	0.00150507	0.21691	0.291413	0.00161381	0.00877757	0.0135453	0.000861311	0.0234836	0.00831082	0.00161291	0.0354172	0.000589091	0.0761296	0.00764754	0.131821	0.041591	0.00735435	0.000237119	0.000511303
31	0.00343518	0.00289224	0.000278441	0.00105439	0.00384633	0.000252269	0.00163173	0.551366	0.00116789	0.0524361	0.00547635	0.000289025	0.000414701	0.00197668	0.00224207	0.00135824	0.00751503	0.36137	0.000471765	0.0005247
32	0.29911	0.0355956	0.0052331	0.0113064	0.00501611	0.00645451	0.00327204	0.086552	0.00813337	0.0523114	0.0203118	0.00363908	0.00507849	0.00540892	0.0093741	0.0284233	0.0560099	0.354927	0.00113034	0.00271266
33	0.0238614	0.000999329	0.0231766	0.0374992	0.00894802	0.00185278	0.013342	0.0375911	0.19592	0.151604	0.00339158	0.00198541	0.000879639	0.0865369	0.364432	0.00808168	0.00699495	0.0165923	0.000396635	0.0159139
34	0.116326	0.00122264	0.230455	0.29171	0.00245777	0.00922687	0.0331882	0.000739991	0.0336222	0.0127536	0.00140886	0.0386667	0.000437698	0.118274	0.00714088	0.0653006	0.0299122	0.00668721	0.000165482	0.000303503
35	0.0564884	0.0138858	0.0148904	0.0370868	0.0364468	0.016176	0.0171626	0.0595865	0.0383421	0.210656	0.162482	0.0247094	0.00866424	0.116346	0.0406739	0.0284891	0.0301349	0.052961	0.0161404	0.0186781
36	0.214175	0.0222737	0.00335085	0.00992192	0.00387811	0.00325462	0.00358412	0.132798	0.00862028	0.0554944	0.0265585	0.00245296	0.00505474	0.0028509	0.00976644	0.0173549	0.0540576	0.422009	0.000632301	0.00191187
37	0.146445	0.00236614	0.190974	0.377612	0.00124585	0.0121319	0.0099622	0.000613217	0.034987	0.00836448	0.00309304	0.02517	0.00240618	0.0742294	0.0129626	0.0477443	0.044422	0.00425972	0.000146115	0.000865349
38	0.182896	0.000935414	0.0792421	0.0150125	0.00111532	0.078237	0.00892883	0.00296641	0.00837807	0.0247219	0.0156772	0.31052	0.00215981	0.0301147	0.0106856	0.186025	0.0173247	0.023615	0.000485632	0.000958899
39	0.0552705	0.00468253	0.00715111	0.00616458	0.031281	0.760255	0.0119176	0.00574789	0.00780963	0.0133909	0.00823593	0.00867029	0.00752332	0.00593418	0.00855551	0.0307515	0.0094273	0.00549924	0.00243491	0.00929743
40	0.551474	0.0331842	0.0153546	0.0215203	0.00346102	0.07538	0.00518786	0.01696	0.0168471	0.0176195	0.010264	0.0149117	0.0129253	0.0112748	0.0125433	0.0927061	0.0348146	0.049454	0.00167525	0.00244211
41	0.0290765	0.00657196	0.0842236	0.0540645	0.00817942	0.00760251	0.158964	0.0110653	0.0196573	0.0226108	0.0503879	0.231139	0.00521293	0.126257	0.0252287	0.0546907	0.0489991	0.04774	0.00225763	0.00607097
42	0.00677846	0.00241267	0.000189148	0.00132373	0.00848058	0.000198042	0.00184371	0.383473	0.00170512	0.0345173	0.00970792	0.000189555	0.00092861	0.00231867	0.00156098	0.000400217	0.0146495	0.527565	0.00109038	0.000668147
43	0.015466	0.00141416	0.000481741	0.000814856	0.00850015	0.00153428	0.00160638	0.307586	0.000992674	0.479577	0.0147663	0.00427065	0.000352249	0.00174973	0.00105696	0.0011163	0.00637062	0.151019	0.000115091	0.00121013
44	0.0401348	0.00639159	0.506821	0.0553788	0.00439287	0.0205723	0.0626735	0.00512692	0.0189567	0.0126592	0.00736121	0.113112	0.0078894	0.0245681	0.0180117	0.0550104	0.0218536	0.00972407	0.000644006	0.00871765
45	0.00618075	0.00222243	0.000197012	0.00175291	0.0083137	0.000206002	0.00220251	0.395333	0.00194726	0.0324949	0.00880321	0.000217401	0.000870026	0.00229547	0.00182614	0.000405389	0.0161283	0.516726	0.00103798	0.000839341
46	0.0407212	0.357983	0.0131792	0.0146825	0.00689512	0.0513671	0.00814628	0.0105145	0.0564014	0.0147918	0.00942882	0.312814	0.00622292	0.0124595	0.011551	0.0230031	0.0263155	0.015641	0.00269012	0.00519166
47	0.00676471	0.00854194	0.00211067	0.00278745	0.26149	0.00187102	0.0164912	0.0613909	0.00356807	0.260555	0.239562	0.00269621	0.00883498	0.0105064	0.00279012	0.00336015	0.0049182	0.0766511	0.000767991	0.0243422
48	0.110337	0.0034414	0.49511	0.112462	0.00427445	0.0282296	0.0108247	0.00871747	0.0199289	0.0097948	0.00530923	0.0602851	0.0117701	0.0208241	0.0127148	0.0465307	0.0219872	0.0125628	0.000406572	0.00448977
49	0.025238	0.00111031	0.576975	0.295988	0.00120183	0.00268867	0.00345862	0.00346872	0.00821841	0.00225182	0.00328633	0.0195884	0.00263293	0.0146468	0.00183979	0.0224431	0.011208	0.0019961	0.00021347	0.00154573
50	0.478932	0.0118012	0.00862737	0.00845789	0.000557355	0.438419	0.000623872	0.000985211	0.00171439	0.00138583	0.00423151	0.000943044	0.0176183	0.00132293	0.00120717	0.016027	0.00184533	0.00463547	0.000253616	0.000411703
51	0.0103277	0.00487519	0.00368214	0.00145437	0.0116405	0.000359543	0.000348215	0.0858393	0.00120816	0.584026	0.255128	0.000409582	0.000225277	0.00173498	0.00162782	0.00347999	0.00303023	0.0268521	0.0032346	0.000516529
52	0.00876255	0.0104008	0.00427707	0.00437396	0.00665183	0.00766519	0.00356349	0.595818	0.00565399	0.178909	0.0195266	0.00341445	0.00259782	0.00490907	0.0192312	0.0182725	0.00526686	0.0957184	0.00194308	0.00304342
53	0.0152227	0.000497158	0.849002	0.0732332	0.00107344	0.00144656	0.00216075	0.00083153	0.00137782	0.0021251	0.00119772	0.0329132	0.000484605	0.00335615	0.00206615	0.006539	0.00268896	0.00223295	0.000201917	0.00134933
54	0.47773	0.0119285	0.00840865	0.00835338	0.000561369	0.442028	0.000615106	0.000902009	0.00163876	0.00128527	0.00415813	0.000881916	0.0175045	0.00131277	0.00106297	0.0149326	0.00165653	0.00439075	0.00023661	0.000412413
55	0.0534253	0.00107469	0.0118498	0.122202	0.00145308	0.0120406	0.0220606	0.00263197	0.262537	0.0229682	0.00216961	0.00226701	0.0540575	0.107848	0.0311111	0.00388058	0.0130541	0.271597	0.000627657	0.00114456
56	0.24359	0.00296562	0.043451	0.142033	0.00343814	0.0248153	0.00904308	0.000545242	0.173121	0.0138336	0.00346619	0.030862	0.00066056	0.0904677	0.0739286	0.0423826	0.0475689	0.0458137	0.000107179	0.00790758
57	0.274225	0.185244	0.0143134	0.0542894	0.0134264	0.00961047	0.00199728	0.0454535	0.00739735	0.0207191	0.00254971	0.0029248	0.00151919	0.00680564	0.00664975	0.0709525	0.0464412	0.233175	0.00089834	0.00140821
58	0.0309742	0.00530934	0.00565705	0.011524	0.0158633	0.00480819	0.00563116	0.263941	0.0621137	0.210637	0.170735	0.0068223	0.00348229	0.0182078	0.0336986	0.00714933	0.0227208	0.109076	0.00876287	0.00288608
59	0.0505053	0.0120127	0.0233995	0.0757876	0.00169222	0.00220732	0.0314729	0.0646708	0.0420853	0.00335518	0.00207486	0.00211753	0.028501	0.0686906	0.0617353	0.074201	0.309328	0.14435	0.000532419	0.00128027
60	0.0208731	0.0109676	0.0225116	0.0305637	0.0014132	0.00147724	0.039369	0.00621633	0.246827	0.00573979	0.0103906	0.00990345	0.00075687	0.0419296	0.305954	0.0140735	0.193425	0.0229574	0.000302872	0.014348
61	0.00439819	0.00395521	0.00341593	0.00146166	0.359944	0.00261157	0.0333733	0.00523429	0.00409188	0.0177174	0.00490479	0.00120362	0.000579529	0.0024055	0.00709752	0.00385719	0.00689525	0.00223146	0.0151738	0.519448
62	0.00303877	0.00860408	0.000889213	0.00241614	0.00643854	0.00054561	0.00054032	0.0411853	0.00183283	0.81441	0.0449404	0.000662365	0.000347633	0.00779866	0.00113911	0.00210187	0.00701743	0.0544756	0.000242313	0.00137338
63	0.0227767	0.000893158	0.00892803	0.016056	0.00791137	0.0146612	0.0461556	0.00245253	0.257228	0.0104274	0.00151927	0.145027	0.00325718	0.0227883	0.324461	0.0890677	0.0112879	0.0139881	0.000331532	0.000782236
64	0.00246963	0.0032633	0.000535821	0.00206558	0.00724254	0.000281343	0.000215273	0.043776	0.00164625	0.855578	0.0478732	0.00029236	0.000166353	0.00634096	0.00053491	0.00174456	0.0029489	0.0213541	0.000212499	0.00145893
65	0.0575072	0.0108734	0.000528402	0.00166304	0.0314789	0.000677272	0.000538527	0.335006	0.000902601	0.15189	0.0991579	0.00114739	0.000404363	0.000627571	0.000656556	0.00496806	0.0117393	0.281673	0.00255636	0.00600486
66	0.636427	0.027587	0.0015635	0.00206409	0.000770989	0.0791148	0.000858488	0.0205399	0.00228224	0.0189478	0.0170025	0.00184959	0.00972194	0.00230945	0.00236628	0.0817521	0.0453	0.0481206	0.000857915	0.000563467
67	0.100041	0.00175065	0.00299676	0.00360297	0.0052829	0.0716527	0.00305642	0.00303624	0.0138953	0.00351072	0.00657562	0.00283785	0.0151234	0.00284567	0.00285109	0.662983	0.0811346	0.0150249	0.000478989	0.00131856
68	0.0194268	0.00227142	0.404777	0.419449	0.000782024	0.00668609	0.00226667	0.0053995	0.0291949	0.00244736	0.003517	0.0125287	0.00102668	0.0328456	0.00912073	0.0280648	0.0163304	0.00305562	0.000255345	0.000554978
69	0.0746961	0.00646141	0.00764938	0.0213973	0.00460187	0.00952303	0.00540121	0.00436269	0.0222091	0.0129952	0.00446846	0.00634828	0.747252	0.00662801	0.0180546	0.0234973	0.0124326	0.00781611	0.000815923	0.00338982
70	0.0256647	0.00154092	0.422379	0.436846	0.000701279	0.00512239	0.00103735	0.00544769	0.0131199	0.00162729	0.00429867	0.0117067	0.002371	0.0205607	0.00162267	0.0273724	0.0160384	0.00162141	0.000317262	0.000603842
71	0.0826466	0.00670651	0.0058378	0.0153091	0.0021154	0.00113545	0.00809442	0.159511	0.0116797	0.0611102	0.0110165	0.00124187	0.00159961	0.0014823	0.0158474	0.00331289	0.0290219	0.579901	0.000694606	0.00173597
72	0.466025	0.0136002	0.000860013	0.00253026	0.000337602	0.00853196	0.000433211	0.0029721	0.000670216	0.00304113	0.000832921	0.000762903	0.00249989	0.000784032	0.000547081	0.466158	0.0168917	0.00856091	9.25896e-05	0.00386789
73	0.0152116	0.00651244	0.004076	0.014026	0.00107386	0.00362814	0.001731	0.00442396	0.466903	0.00944334	0.00707939	0.0116374	0.00373958	0.00843087	0.42275	0.00651425	0.0080777	0.00360551	0.000317159	0.000818972
74	0.0297394	0.0021116	0.00194779	0.00651014	0.00799207	0.0034037	0.00114516	0.264259	0.0479927	0.311003	0.0491763	0.00325553	0.00167259	0.00694755	0.0293331	0.00239963	0.01916	0.209268	0.0014743	0.0012078
75	0.11423	0.0105657	0.00852744	0.021442	0.00331269	0.0156342	0.00473896	0.0051376	0.0210629	0.012622	0.00396031	0.00617486	0.685926	0.00699186	0.013129	0.0364209	0.0177722	0.00864154	0.0006481	0.00306133
76	0.00790271	0.00282425	0.000215485	0.00135941	0.00991838	0.000203165	0.00178029	0.381494	0.00175256	0.0394109	0.0119064	0.000298862	0.000870894	0.00219907	0.00159319	0.00061685	0.015363	0.518416	0.00113789	0.000736752
77	0.05551	0.0750215	0.00435129	0.00781132	0.0350652	0.00388379	0.00426869	0.114693	0.00819068	0.103715	0.118009	0.0061693	0.00370501	0.010839	0.0084746	0.0149036	0.0283658	0.375885	0.00401796	0.0171214
78	0.00192869	0.00350216	0.000291115	0.000442501	0.000631541	0.000275854	0.00114767	0.655061	0.000469829	0.0710715	0.00345704	0.000330496	0.000176091	0.00187605	0.0028264	0.00222175	0.00148813	0.252548	9.62898e-05	0.0001579
79	0.0319224	0.00187884	0.733396	0.0866641	0.00268635	0.00475588	0.0105805	0.00277078	0.00754373	0.00518791	0.0032687	0.0423736	0.00290315	0.0106479	0.00532799	0.0268296	0.01124	0.00532893	0.000438633	0.00425445
80	0.438771	0.0130284	0.00850383	0.0108433	0.00230856	0.0300255	0.00329054	0.00725199	0.00798505	0.0083618	0.00876512	0.00752531	0.00981829	0.00622504	0.00524055	0.380332	0.0289098	0.0179724	0.00132699	0.00351478
81	0.133002	0.0134733	0.0147847	0.024282	0.00458551	0.0398016	0.01465	0.0129875	0.026506	0.0197575	0.00927333	0.0184071	0.0243324	0.0220006	0.0245307	0.377272	0.182779	0.0306165	0.00371049	0.00324753
82	0.00802161	0.000962493	0.238612	0.0533101	0.00120898	0.00760321	0.0259593	0.0017858	0.124436	0.00587212	0.00192769	0.0880318	0.00483024	0.0603755	0.295506	0.0432439	0.0232448	0.00842848	0.00563255	0.00100657
83	0.00796513	0.00207003	0.00310511	0.0182322	0.407814	0.00287522	0.0029768	0.00768111	0.00467195	0.0484997	0.0117633	0.00335999	0.00244425	0.0113125	0.00737382	0.00560985	0.00492776	0.0047562	0.328426	0.114136
84	0.0577735	0.00125878	0.165503	0.338621	0.00106751	0.00308721	0.0203706	0.00251367	0.0128235	0.0107958	0.00178406	0.0324819	0.00108785	0.0082631	0.0191709	0.254036	0.0635502	0.0041181	0.000512147	0.00118117
85	0.00668881	0.00235487	0.000193327	0.00134431	0.00838896	0.00019181	0.00186486	0.383561	0.00173677	0.0341312	0.00950266	0.000189462	0.00094503	0.00233844	0.00161017	0.000383162	0.0147091	0.528101	0.00108624	0.000678781
86	0.0116396	0.0192921	0.00228724	0.00334736	0.00737721	0.0116534	0.0043152	0.408869	0.00312634	0.405619	0.0104421	0.00327422	0.00185714	0.00464962	0.00718365	0.0079189	0.00519533	0.0737784	0.000635594	0.00753868
87	0.0759269	0.00206284	0.021129	0.10334	0.00520871	0.00909624	0.00389586	0.147305	0.0529794	0.205496	0.0217929	0.00794537	0.00372835	0.0105626	0.0522423	0.0119995	0.0334635	0.227465	0.00248667	0.00187505
88	0.342988	0.00285055	0.00849951	0.091584	0.00244209	0.0208323	0.00456491	0.0199355	0.0962706	0.00535487	0.00234409	0.0160439	0.00271528	0.0461929	0.0356555	0.156058	0.116242	0.027296	0.000567631	0.00156202
89	0.435235	0.0154014	0.00612799	0.00754241	0.00176555	0.428588	0.00207808	0.00299146	0.00312732	0.00556059	0.00539428	0.00284535	0.0125913	0.00306474	0.00377045	0.0400933	0.0117789	0.0105591	0.00105153	0.000434208
90	0.0100997	0.00480318	0.00289198	0.00240185	0.0149821	0.000614679	0.00143532	0.110014	0.00356361	0.580657	0.20615	0.00103722	0.000580667	0.00323634	0.00329872	0.00363481	0.00451692	0.0404873	0.00278236	0.00281258
91	0.0186812	0.000765545	0.00835687	0.145628	0.000815546	0.0276521	0.00241327	0.00723271	0.307323	0.00729031	0.00749332	0.00816837	0.00148861	0.283963	0.0963074	0.0182996	0.0367173	0.0203152	0.00026294	0.000826036
92	0.0648314	0.0736448	0.0202909	0.0280393	0.00371599	0.00457013	0.00377492	0.00822174	0.00773974	0.0914085	0.0411761	0.0527581	0.0025126	0.0661251	0.0765671	0.138656	0.0820549	0.0742016	0.135375	0.0243358
93	0.0451232	0.0307947	0.000748011	0.00114258	0.00576718	0.000604449	0.000760637	0.163039	0.00144623	0.127318	0.00359068	0.00426368	0.00342091	0.000858344	0.00113335	0.0263652	0.0909126	0.492121	0.000260462	0.000329212
94	0.0951999	0.00787705	0.119509	0.0965888	0.00728205	0.028838	0.016848	0.0149824	0.0478819	0.0246935	0.0107231	0.0392285	0.142696	0.118954	0.0253879	0.120921	0.0441211	0.028115	0.00271823	0.00743508
95	0.0924732	0.00691872	0.0113725	0.00773495	0.00557407	0.654747	0.00620587	0.00290392	0.00938197	0.00466974	0.00429402	0.0118515	0.010911	0.00889504	0.00901005	0.120813	0.0226653	0.00702026	0.00166093	0.000896816
96	0.04779	0.00478668	0.0171379	0.0310852	0.0454807	0.0190287	0.0309556	0.0291807	0.23405	0.0392305	0.0127832	0.0229159	0.00990918	0.0376977	0.212331	0.0479856	0.100604	0.0346769	0.00224094	0.0201299
97	0.292961	0.106179	0.0035657	0.00439868	0.00154649	0.114799	0.00211404	0.00414578	0.00390738	0.00447259	0.00253154	0.00285979	0.213521	0.00351581	0.0031256	0.217241	0.0124532	0.00441088	0.00082744	0.00142419
98	0.00299806	0.00273145	0.000253177	0.000851025	0.00326287	0.000234758	0.00139494	0.570786	0.000955044	0.0556872	0.00575841	0.00028714	0.000414569	0.0020888	0.00233121	0.0014867	0.00573644	0.341895	0.000445069	0.000402853
99	0.0632592	0.013039	0.00112096	0.00334477	0.0391614	0.00100585	0.00120998	0.263069	0.00227332	0.127635	0.0707803	0.00201923	0.000908609	0.00228526	0.00252609	0.00840815	0.0158184	0.36973	0.00185067	0.010554
100	0.0813127	0.0195828	0.0588368	0.0317307	0.00672135	0.0635386	0.0461905	0.0158691	0.0444195	0.0245524	0.0137264	0.262312	0.0131838	0.0320683	0.0422607	0.171011	0.0372167	0.0244103	0.00413653	0.00692002
101	0.353154	0.0209114	0.013152	0.0173881	0.00228808	0.0377405	0.00419233	0.00678224	0.0145124	0.00734456	0.00696578	0.0155156	0.0120682	0.0108226	0.0152917	0.398273	0.0386721	0.0203528	0.00113268	0.00343981
102	0.0132557	0.00234695	0.000806006	0.00120681	0.0066217	0.00183543	0.00150112	0.379337	0.0021129	0.386182	0.0182236	0.00341439	0.000443017	0.00245074	0.00348923	0.00182101	0.00710596	0.166425	0.00026333	0.00115881
103	0.0776139	0.0319136	0.0315031	0.0286529	0.0111295	0.029972	0.0187649	0.105862	0.0317807	0.0434304	0.021141	0.14135	0.0192775	0.0319236	0.0262661	0.225897	0.045156	0.0574923	0.00657063	0.014304
104	0.0024902	0.00326117	0.00053574	0.00206322	0.00722525	0.000284246	0.000213369	0.0437012	0.00164475	0.855676	0.0479293	0.000292213	0.00016726	0.00633224	0.000528734	0.00174295	0.00294926	0.0212886	0.000216684	0.00145735
105	0.148231	0.0031362	0.0609604	0.181877	0.00432695	0.0231303	0.0144723	0.010423	0.188307	0.0189316	0.00617941	0.0334615	0.0193852	0.0806367	0.0862579	0.0521472	0.0376677	0.0249081	0.000601998	0.00495892
106	0.101208	0.00318427	0.135675	0.343627	0.00313233	0.0580073	0.00784249	0.00917298	0.0220796	0.0101366	0.0265998	0.122134	0.0043989	0.0174404	0.0153211	0.0235213	0.0187933	0.0743901	0.000946435	0.00238985
107	0.0833178	0.00352194	0.00855882	0.00773301	0.00595197	0.718788	0.00613027	0.00373205	0.00836877	0.00578013	0.00338525	0.00871292	0.0555312	0.00721569	0.00779283	0.036732	0.0188241	0.00700034	0.00132682	0.00159623
108	0.00920313	0.0150059	0.0422859	0.644774	0.00196009	0.00322637	0.00274769	0.00355803	0.0859302	0.0191028	0.00364574	0.00306393	0.00189706	0.00385172	0.00372247	0.018854	0.0182991	0.102284	0.000899929	0.0156885
109	0.207778	0.0010649	0.153052	0.462334	0.000682155	0.0233272	0.00341772	0.0012762	0.0180745	0.00363102	0.0045606	0.0117573	0.0114781	0.0366789	0.00377556	0.0228206	0.028893	0.00264291	0.000289509	0.00246571
110	0.17531	0.000526859	0.0560946	0.26877	0.00223432	0.031566	0.000534368	0.0160708	0.0745557	0.0236303	0.00329594	0.0348135	0.0854214	0.068853	0.00956188	0.0475867	0.0375163	0.0630685	0.000215929	0.000374331
111	0.0165577	0.0125433	0.00237579	0.00346584	0.36735	0.0052528	0.0192182	0.0447375	0.00850913	0.162721	0.0352442	0.00221666	0.00417493	0.0108961	0.0105005	0.00827381	0.00963668	0.0239621	0.0348778	0.217486
112	0.0218832	0.000810631	0.00169034	0.00269842	0.00740272	0.00157731	0.00111586	0.220177	0.10527	0.375489	0.0366009	0.00150147	0.000799896	0.00724749	0.0711611	0.00256964	0.00236141	0.138339	0.000452314	0.000851483
113	0.0149355	0.0015121	0.0115833	0.0747684	0.00117581	0.00215335	0.32236	0.00228189	0.1038	0.00829409	0.0018684	0.0438789	0.00128945	0.213301	0.121984	0.0230082	0.00889127	0.0224817	0.000649646	0.0197833
114	0.5521	0.0200212	0.00514469	0.00485372	0.000895098	0.0723284	0.00185243	0.0101006	0.0046287	0.00959283	0.00775023	0.00719429	0.0092662	0.00446654	0.00392452	0.176769	0.0644373	0.0419339	0.00204338	0.000695951
115	0.042955	0.000463528	0.00450872	0.0227853	0.00329421	0.0166098	0.0165722	0.00593377	0.362671	0.0192354	0.00055954	0.0305821	0.0149115	0.0284897	0.356775	0.0355058	0.0311614	0.00619625	0.00011817	0.000672107
116	0.0372589	0.00161021	0.0124334	0.0140626	0.011476	0.00213355	0.00166782	0.0906914	0.186977	0.323684	0.0158961	0.00298415	0.00140024	0.0425125	0.0582782	0.00473421	0.114382	0.0559127	0.000701168	0.0212038
117	0.0830428	0.0594007	0.00412077	0.00227177	0.00141461	0.00106809	0.00140665	0.209597	0.00650348	0.135357	0.00299205	0.00144786	0.0066917	0.0014098	0.00144831	0.00567777	0.0143577	0.460125	0.000265762	0.00140104
118	0.0137016	0.00114835	0.00226818	0.00301872	0.00514811	0.00292487	0.0530495	0.00396567	0.281368	0.142574	0.064196	0.0104258	0.0090471	0.0295053	0.354243	0.01077	0.00456088	0.00631378	0.000512608	0.0012585
119	0.0555997	0.000971506	0.0439938	0.0787917	0.00100992	0.00644642	0.0254209	0.00170988	0.240812	0.0452597	0.00241876	0.0904002	0.00388357	0.103891	0.184895	0.0389953	0.0458973	0.0278424	0.0002731	0.00148759
120	0.00463452	0.00290656	0.00392865	0.0012426	0.362112	0.00237281	0.045058	0.00483865	0.00424434	0.0188383	0.00563259	0.00103324	0.00035605	0.00210531	0.0074058	0.00289726	0.0061012	0.00167397	0.0121108	0.510507
121	0.050032	0.00429788	0.0559142	0.033225	0.00310673	0.527053	0.0222882	0.00457578	0.0396455	0.00639485	0.00454079	0.0990421	0.00701654	0.014178	0.0170878	0.0865288	0.0133119	0.00750341	0.00111523	0.00314174
122	0.71703	0.0818939	0.00106641	0.00144613	0.0006888	0.0674575	0.000833366	0.00820036	0.0014101	0.0262502	0.0136617	0.00143505	0.00239883	0.00419941	0.00304902	0.0228628	0.0204574	0.0249451	0.000160434	0.000553546
123	0.625634	0.00799412	0.0050205	0.00364566	0.000557098	0.105684	0.00104626	0.00773055	0.00403589	0.00815147	0.0060617	0.00531745	0.00755374	0.00318473	0.00338004	0.140083	0.0347533	0.0246472	0.00483198	0.000687548
124	0.398222	0.0123595	0.00111476	0.00154165	0.000755089	0.000997733	0.000966757	0.0799608	0.00156405	0.0222189	0.0514541	0.00118704	0.0106992	0.00137511	0.00139827	0.0285103	0.100353	0.284503	0.000242464	0.000575925
125	0.00720768	0.00233779	0.0002237	0.00161629	0.00797621	0.000219041	0.00195413	0.374947	0.00190632	0.0341741	0.00924536	0.000209702	0.00122201	0.00235187	0.00184402	0.000424307	0.0148535	0.535572	0.00104716	0.000666923
126	0.00770013	0.00238016	0.000222423	0.00178014	0.00792447	0.000203303	0.0020611	0.376173	0.00200955	0.033805	0.00907952	0.000205273	0.00120553	0.00231086	0.00208685	0.000468095	0.0156738	0.532938	0.00102353	0.00074948
127	0.246709	0.0165904	0.0156323	0.0220924	0.0112461	0.101649	0.012534	0.10546	0.031809	0.0542843	0.134084	0.0235884	0.0139581	0.0234024	0.024294	0.0537845	0.0363138	0.0574495	0.00460937	0.0105089
128	0.624098	0.0772981	0.00213942	0.00450599	0.00702663	0.0470537	0.00241625	0.0130494	0.0058186	0.0710644	0.0180777	0.00378581	0.00496621	0.00589459	0.00755703	0.0286555	0.0369725	0.0345218	0.00124836	0.00384974
129	0.0175969	0.00567652	0.00614679	0.0106524	0.30311	0.00416598	0.0411662	0.0816268	0.0110346	0.124435	0.025172	0.00490435	0.00467299	0.0126837	0.0113951	0.00833758	0.00984672	0.0290772	0.134688	0.153611
130	0.036555	0.00144375	0.57625	0.211661	0.0022757	0.00666113	0.00806731	0.00399991	0.0162327	0.00596885	0.00338408	0.0309794	0.00721285	0.0252272	0.010199	0.0283331	0.0159104	0.0069323	0.000539782	0.00216637
131	0.0389323	0.00637469	0.111859	0.477426	0.000426247	0.0072201	0.0147629	0.00446782	0.0982367	0.0007506	0.000566666	0.0171728	0.00470906	0.172765	0.0238746	0.0105431	0.00877099	0.000787188	9.27531e-05	0.000261039
132	0.0134216	0.00127074	0.188194	0.0588112	0.00156837	0.00529865	0.038343	0.00187406	0.109764	0.00871206	0.00248588	0.0885649	0.00949254	0.0570723	0.313123	0.0424568	0.038	0.0168479	0.00375828	0.000940396
133	0.0153985	0.00576924	0.00402746	0.0139335	0.00122718	0.0041497	0.00252053	0.00431209	0.455904	0.0108946	0.00665618	0.0125372	0.00434507	0.00962989	0.42637	0.0083304	0.0090524	0.00387571	0.000270371	0.000795269
134	0.00432769	0.013958	0.00187552	0.00232608	0.0435949	0.00285582	0.00188551	0.326948	0.0519581	0.0712081	0.0187728	0.00207003	0.000841584	0.010679	0.0400412	0.00307795	0.0885888	0.292159	0.000358922	0.022473
135	0.152491	0.00147434	0.146573	0.384165	0.000771019	0.0266413	0.00709249	0.00239081	0.0343241	0.00522995	0.00300611	0.049997	0.00292843	0.060614	0.0240012	0.0532421	0.0390685	0.00493836	0.000155021	0.000896666
136	0.00431956	0.00248688	0.00069656	0.00260189	0.00801669	0.000429452	0.00234682	0.515898	0.00299268	0.0419023	0.00729559	0.00057344	0.00069107	0.00463857	0.00346918	0.00148209	0.0125415	0.385444	0.000627346	0.0015459
137	0.27787	0.302093	0.00393738	0.0118028	0.00281077	0.0170887	0.00334632	0.0105095	0.0458145	0.0515899	0.00827077	0.00893854	0.0447044	0.00539728	0.0100504	0.125242	0.0385269	0.0205496	0.00935484	0.00210217
138	0.153149	0.00700728	0.0138781	0.136541	0.00317498	0.0429804	0.0156934	0.00323365	0.221924	0.0106426	0.0080063	0.0130371	0.000990737	0.113052	0.0813382	0.0760425	0.066671	0.0231254	0.000319594	0.00919248
139	0.0331833	0.00232892	0.0081598	0.0248872	0.00259047	0.0126359	0.0134819	0.00545917	0.372339	0.0161117	0.00290034	0.0421394	0.00937084	0.0296101	0.364768	0.0308823	0.0216685	0.00617698	0.000253926	0.00105178
140	0.464871	0.0149352	0.000874655	0.00251232	0.000368916	0.0090381	0.000439443	0.00292634	0.000744163	0.0037519	0.0011454	0.000960523	0.00285572	0.00104768	0.000579536	0.459908	0.0190237	0.0102174	0.000104157	0.00369612
141	0.00496822	0.0049226	0.00340067	0.00174419	0.352625	0.00210667	0.0323167	0.00682579	0.00504086	0.0208689	0.00578949	0.00130467	0.000518951	0.00323223	0.00891864	0.00404611	0.00932973	0.00277797	0.0161449	0.513117
142	0.00415197	0.00100829	0.262332	0.0492356	0.001137	0.00853367	0.0260201	0.00178711	0.106034	0.00265152	0.00158305	0.068265	0.00475908	0.0626077	0.327603	0.0373844	0.0204635	0.00638273	0.00718633	0.000874778
143	0.016112	0.00119874	0.000476004	0.000787646	0.0089085	0.00141644	0.00175026	0.297617	0.000922538	0.490789	0.0144169	0.00441368	0.000339976	0.00175536	0.000957482	0.000882221	0.00627656	0.149539	0.000115973	0.00132508
144	0.0386534	0.0140057	0.0106041	0.020317	0.0300109	0.00817052	0.0246454	0.0589173	0.0641342	0.269715	0.157991	0.0111387	0.00419232	0.026268	0.043195	0.0158617	0.0245526	0.054678	0.0652224	0.0577275
145	0.0225384	0.0107968	0.00171855	0.00870073	0.00104336	0.00110999	0.00128063	0.023483	0.00213464	0.00920788	0.0174782	0.00192277	0.00101344	0.0128387	0.00930145	0.00594753	0.216394	0.651851	0.000404184	0.000834247
146	0.0146552	0.000719867	0.00733007	0.15931	0.000754538	0.0287337	0.00111418	0.00769497	0.306172	0.00726876	0.00606302	0.00687445	0.000623575	0.297324	0.0750485	0.0185233	0.0375419	0.0232401	0.000280653	0.000726854
147	0.144168	0.00411375	0.0306186	0.0103498	0.00134807	0.00213371	0.00230895	0.119699	0.00311152	0.162094	0.0112036	0.00153853	0.00114631	0.00170545	0.00192128	0.00355369	0.00255929	0.488321	0.000499676	0.00760596
148	0.0193819	0.00228166	0.084147	0.0536255	0.000339981	0.607351	0.0185974	0.00248604	0.0594266	0.000670517	0.000418341	0.077032	0.00241965	0.0128765	0.0107912	0.042243	0.000683089	0.00277049	0.000165704	0.00229225
149	0.028988	0.00591807	0.00442123	0.003691	0.238282	0.00100703	0.0344019	0.125699	0.0049308	0.252679	0.0442188	0.00112905	0.00135582	0.00648227	0.0151553	0.00271973	0.00412153	0.0848241	0.0085584	0.131417
150	0.204048	0.0019833	0.133356	0.0622318	0.00172775	0.003294	0.00311481	0.00328221	0.0625882	0.00598792	0.00295308	0.0565588	0.323394	0.0231834	0.0112111	0.0674358	0.0103185	0.007309	0.000793487	0.0152291
151	0.184394	0.00340866	0.0032803	0.0170991	0.00098254	0.023544	0.00342439	0.00233812	0.0173412	0.00831827	0.00940404	0.00439149	0.68952	0.00239212	0.00860561	0.00957462	0.00530577	0.00468397	0.00047671	0.00151487
152	0.0774429	0.0029709	0.00590252	0.202297	0.0246073	0.0048725	0.0472436	0.00587824	0.0075757	0.00800737	0.0055277	0.10106	0.00288825	0.311425	0.028679	0.0534933	0.0521629	0.00729998	0.0475857	0.0030801
153	0.075696	0.00367209	0.313004	0.182644	0.00164683	0.0933936	0.0139578	0.00520555	0.0350787	0.00619701	0.00490313	0.109203	0.00252803	0.0424343	0.0247383	0.0519998	0.0183195	0.0121829	0.000476644	0.00271952
154	0.0295547	0.00490793	0.00251483	0.0096616	0.0105307	0.00323755	0.00414436	0.351471	0.020987	0.0803932	0.0166697	0.00344609	0.00190308	0.00671893	0.0322294	0.00581118	0.033052	0.37483	0.00106911	0.00686831
155	0.0118002	0.00332572	0.00055242	0.00453529	0.00870289	0.000850409	0.0031136	0.412475	0.00778312	0.040854	0.00856055	0.000916989	0.000763005	0.00317255	0.0106103	0.0017202	0.0282146	0.448507	0.000655702	0.00288695
156	0.0177391	0.0062466	0.00345415	0.00414487	0.338451	0.00229913	0.027304	0.0786206	0.00905662	0.148961	0.0241247	0.00361337	0.00277997	0.00967436	0.0134283	0.00685032	0.00868895	0.042443	0.0173889	0.234731
157	0.0490537	0.00493724	0.449404	0.17242	0.00303526	0.0157446	0.0172	0.00785599	0.033507	0.0116376	0.00667763	0.0397201	0.0131912	0.0668871	0.0216397	0.0418351	0.0242777	0.0134496	0.0020445	0.00548209
158	0.126384	0.0095487	0.0112735	0.0126356	0.00800778	0.0145992	0.0103617	0.0146381	0.0173479	0.279281	0.00997588	0.0108889	0.290461	0.0150339	0.0133075	0.0203774	0.108785	0.0176971	0.00280703	0.00658905
159	0.0582808	0.0145951	0.0262511	0.0206547	0.0249127	0.0158803	0.0210745	0.0571672	0.0328245	0.116181	0.0299591	0.215946	0.00937951	0.0253288	0.0285791	0.102218	0.0386827	0.0718407	0.0136823	0.0765628
160	0.00627837	0.00259497	0.000215911	0.00141013	0.00789981	0.000202653	0.00184206	0.401006	0.00172391	0.0351707	0.00890588	0.000189056	0.000902601	0.0024866	0.0016405	0.000518968	0.014733	0.510589	0.000997376	0.000692699
161	0.0118499	0.00936167	0.00218074	0.00307172	0.433832	0.00382457	0.00713376	0.086816	0.00620372	0.270501	0.0395677	0.00237006	0.00292924	0.00976803	0.0049573	0.00583258	0.00760536	0.0178698	0.0147281	0.059597
162	0.220959	0.0146942	0.0114852	0.00801723	0.00171885	0.0312258	0.00251112	0.020646	0.0208754	0.00541586	0.00381291	0.0121299	0.181151	0.00362659	0.00268663	0.208165	0.231865	0.016336	0.00104092	0.00163817
163	0.00235971	0.00354747	0.000272078	0.000573181	0.00138775	0.000255364	0.00133616	0.628884	0.000595423	0.0659966	0.00389691	0.000312714	0.000230732	0.0020049	0.00286842	0.00200199	0.00284703	0.280209	0.000203686	0.000217415
164	0.482453	0.0122279	0.00811939	0.00824241	0.000534163	0.439107	0.000589705	0.00093038	0.001631	0.00128752	0.00417589	0.000874324	0.016644	0.00104971	0.00103315	0.0142293	0.00142302	0.00481647	0.000229624	0.00040222
165	0.233694	0.0168162	0.0251448	0.0420654	0.00691754	0.0535423	0.0138935	0.0243684	0.030843	0.0297923	0.0137703	0.0198666	0.0210192	0.0306174	0.0273683	0.125084	0.214719	0.0609041	0.00407109	0.0055026
166	0.0880297	0.0109193	0.0160562	0.0156619	0.0147246	0.546151	0.0149299	0.0189582	0.0200807	0.0282127	0.0170076	0.0162203	0.0131205	0.0150578	0.017048	0.0434871	0.0224162	0.0247364	0.0484594	0.00872297
167	0.00641001	0.00149647	0.0141053	0.0032693	0.0343107	0.00257418	0.00226792	0.564996	0.00570986	0.112106	0.163675	0.00329339	0.00953391	0.00546374	0.00437207	0.00605078	0.0132628	0.0343067	0.0115483	0.00124786
168	0.0360723	0.0011956	0.369174	0.299631	0.00106794	0.00218474	0.00791559	0.00213997	0.0093942	0.00269502	0.00174037	0.0139308	0.195484	0.00300575	0.00948823	0.0246971	0.0158443	0.00285673	0.00051892	0.00096354
169	0.0653007	0.00335468	0.188036	0.391495	0.00102025	0.0144221	0.0126756	0.00546765	0.0696039	0.00779913	0.00372182	0.0290508	0.00533795	0.109437	0.0249512	0.0322183	0.0241352	0.00989914	0.00104882	0.00102503
170	0.0324282	0.0351171	0.0102238	0.0150227	0.0586709	0.0167497	0.309087	0.0264844	0.0256756	0.0487806	0.0154383	0.0183531	0.00451198	0.0233663	0.0301764	0.0214008	0.01504	0.0228298	0.036148	0.234495
171	0.177981	0.00129307	0.453449	0.0197409	0.000839222	0.0296605	0.0128218	0.0125944	0.0255839	0.00661285	0.00126629	0.135352	0.00613101	0.00170159	0.0301559	0.0503751	0.0262253	0.00203327	0.000289749	0.00589256
172	0.0523597	0.0028386	0.0800944	0.0258867	0.00302859	0.0932131	0.0229827	0.0416801	0.0259496	0.0644459	0.00408813	0.141321	0.0419894	0.00540066	0.172994	0.0908461	0.120257	0.00705455	0.000917023	0.00265353
173	0.0920506	0.0133483	0.023509	0.0213369	0.0939252	0.0152154	0.0627031	0.0352476	0.0314552	0.0507557	0.02317	0.164291	0.00726235	0.0211291	0.0244613	0.0344493	0.0295423	0.104447	0.00476408	0.146937
174	0.479723	0.0120622	0.00815794	0.00817059	0.000553813	0.442002	0.000587281	0.000934652	0.00161216	0.00126518	0.00418397	0.000889744	0.016852	0.001069	0.00107191	0.0144358	0.00131737	0.0044787	0.000229106	0.000403888
175	0.0250138	0.000753709	0.00168728	0.0039744	0.00702386	0.00201748	0.00113261	0.216645	0.100962	0.364705	0.0386666	0.00154468	0.00106935	0.00832396	0.0637984	0.00245445	0.00504327	0.153533	0.000813731	0.00083675
176	0.0299962	0.00187959	0.724995	0.0729218	0.00472645	0.00140403	0.0189608	0.000992203	0.00258529	0.00395934	0.00471588	0.0402561	0.00125508	0.00975967	0.00120052	0.0542105	0.0129299	0.00347395	0.000203276	0.00957425
177	0.0107601	0.0100965	0.00220704	0.00297304	0.299781	0.00242639	0.029644	0.0158399	0.0130141	0.0548801	0.0119224	0.00290146	0.00122317	0.00804278	0.0204799	0.00826494	0.0172066	0.00742152	0.0204399	0.460475
178	0.00837532	0.00229075	0.00795251	0.00287713	0.20146	0.00213044	0.00571092	0.404627	0.00471509	0.161904	0.125099	0.00239733	0.00897159	0.00441683	0.00403469	0.00466106	0.00624345	0.0257047	0.00645619	0.009972
179	0.0273142	0.00110702	0.0533351	0.429432	0.00149237	0.0188148	0.0294485	0.00261401	0.0514288	0.0128992	0.0121622	0.228371	0.00110786	0.0434414	0.0720221	0.00495698	0.00393649	0.00451161	0.000542606	0.00106252
180	0.663612	0.00269906	0.00130257	0.00194556	0.000571533	0.105422	0.00101624	0.0042615	0.00231456	0.00668133	0.00297431	0.00118413	0.00642932	0.0012017	0.0015731	0.145838	0.0291192	0.0139356	0.00740183	0.000516168
181	0.227664	0.162813	0.00501141	0.018331	0.00435297	0.011985	0.00147361	0.0781368	0.0105616	0.0216677	0.00215137	0.00196603	0.000910815	0.00779646	0.00735123	0.0551442	0.0689689	0.312221	0.000552547	0.000940525
182	0.0373935	0.00102197	0.0266267	0.0443427	0.0140872	0.0016323	0.0688925	0.0219648	0.0295125	0.0554157	0.0259744	0.460232	0.00107734	0.0364533	0.0660315	0.0256776	0.0456711	0.0333484	0.000404063	0.0042409
183	0.0116602	0.222322	0.00440785	0.00722572	0.0885813	0.00442585	0.00388672	0.00596637	0.00741223	0.410178	0.122472	0.0471691	0.00249824	0.00643635	0.00622473	0.00858699	0.00785928	0.0292106	0.0011175	0.00235932
184	0.0700061	0.00393091	0.00681318	0.0269582	0.00135037	0.00566445	0.00444646	0.00245819	0.0329207	0.0203331	0.00276226	0.00775218	0.754845	0.00440723	0.0231222	0.0157523	0.00667317	0.00760229	0.000252658	0.00194873
185	0.0180899	0.00150265	0.00248615	0.0253048	0.0464332	0.250625	0.256141	0.002724	0.0149351	0.0830052	0.00225115	0.0029613	0.0128344	0.002937	0.013875	0.0159096	0.00427654	0.0148304	0.00052851	0.228349
186	0.544996	0.115625	0.00244365	0.00618995	0.00177363	0.00290027	0.00113349	0.0239062	0.00255386	0.00437817	0.00120588	0.00119377	0.000685559	0.00234201	0.00196576	0.0318699	0.0556451	0.19829	0.000364976	0.000536519
187	0.0108825	0.0019476	0.00333241	0.00537831	0.00397745	0.0178209	0.203143	0.0210309	0.250581	0.0890303	0.0787996	0.00682315	0.00324438	0.0244076	0.1938	0.0534436	0.022075	0.00622965	0.00101153	0.00304103
188	0.00559787	0.00196815	0.000380809	0.00323422	0.00869233	0.000379257	0.00273162	0.411943	0.00271445	0.0276732	0.00716776	0.00047963	0.000787193	0.0023273	0.00213097	0.000804499	0.0254233	0.493092	0.000880371	0.00159242
189	0.287655	0.0225126	0.017881	0.0206763	0.00925622	0.048553	0.00780524	0.0203839	0.0202387	0.0264546	0.0965557	0.0245479	0.0144083	0.0212938	0.0161923	0.248755	0.0452253	0.0407521	0.00397885	0.0068734
