350	20
1	0.0134677	0.00469731	0.00532623	0.0351493	0.00312907	0.00528363	0.0292616	0.00626663	0.00772144	0.00849442	0.00506756	0.217623	0.0026776	0.00675494	0.00525591	0.442038	0.188853	0.00752951	0.00160951	0.00379418
2	0.123779	0.00398828	0.00506915	0.0269973	0.0052032	0.0137687	0.00169362	0.0214001	0.0285799	0.0117428	0.00363446	0.0147821	0.533504	0.00623052	0.00181527	0.0997932	0.03762	0.0570606	0.00142853	0.00190943
3	0.0193807	0.00785294	0.00430802	0.00330484	0.206078	0.00567644	0.00330557	0.0254613	0.0021267	0.491556	0.0828802	0.00282577	0.00275996	0.00354181	0.00559398	0.00813687	0.00497376	0.0267542	0.00313597	0.0903471
4	0.156374	0.0232563	0.0320839	0.0396107	0.00154313	0.00482065	0.00197553	0.0365038	0.0213613	0.0205863	0.00227691	0.12955	0.000733515	0.0120416	0.00216749	0.135034	0.248581	0.129157	0.000722667	0.0016208
5	0.119308	0.00313278	0.0322393	0.0590215	0.017038	0.0852067	0.00284235	0.00448533	0.0493765	0.00539382	0.00363854	0.00450451	0.00111002	0.0490256	0.00349932	0.315283	0.202934	0.0218656	0.0174002	0.00269608
6	0.0115607	0.0114493	0.00724407	0.00965901	0.00302826	0.00327929	0.00923661	0.00375906	0.11994	0.0251135	0.00500737	0.015616	0.00194199	0.0159652	0.703223	0.025648	0.0128278	0.00448216	0.000599686	0.0104187
7	0.0401089	0.0098931	0.0198681	0.0355794	0.0840338	0.0145129	0.12191	0.0202011	0.0394968	0.032904	0.0150108	0.128202	0.00385732	0.0381009	0.0286045	0.0335966	0.0276372	0.018677	0.033899	0.253907
8	0.0219056	0.00707568	0.00148951	0.0392703	0.00113289	0.00169606	0.00643154	0.00304377	0.461906	0.022449	0.0103061	0.0157446	0.000482381	0.131579	0.230329	0.0176879	0.0220612	0.00258642	0.00125059	0.0015728
9	0.00644753	0.0104373	0.000543108	0.00253925	0.0606306	0.0017952	0.000860828	0.037105	0.00110682	0.705845	0.10841	0.000688808	0.00305531	0.00152435	0.00263014	0.00290719	0.00428422	0.0406294	0.000956802	0.00760231
10	0.0599677	0.0157005	0.017748	0.0422117	0.0402405	0.0319774	0.0375955	0.0415565	0.0321008	0.0611624	0.0273948	0.0457063	0.00797812	0.0301842	0.0219596	0.049109	0.0484122	0.0432458	0.271573	0.0741757
11	0.00704569	0.00457107	0.000578413	0.00100595	0.0188061	0.000760738	0.000482282	0.358808	0.00106755	0.173476	0.0197639	0.00278144	0.000250423	0.0109799	0.00151869	0.00154145	0.0464427	0.329785	0.00612068	0.0142147
12	0.108375	0.00493883	0.0213427	0.025599	0.110997	0.0240454	0.0198856	0.0746902	0.00495307	0.04934	0.00502358	0.0923947	0.00113817	0.00524425	0.00334698	0.0663166	0.0944865	0.0618215	0.143824	0.0822366
13	0.00849859	0.009367	0.000915902	0.00370965	0.0515489	0.00228229	0.00310925	0.0705533	0.00285048	0.665452	0.0962421	0.00155445	0.00312291	0.00261736	0.00420307	0.00498918	0.00717291	0.0526573	0.000994062	0.00815887
14	0.431827	0.0200854	0.00429923	0.0129033	0.00411121	0.29888	0.00431383	0.0098024	0.0188055	0.0375423	0.00842222	0.0120133	0.00421287	0.00749712	0.00485614	0.0773973	0.0214255	0.0162083	0.00228745	0.00310928
15	0.0832006	0.00353978	0.0269433	0.278271	0.000422332	0.000648673	0.00584129	0.01007	0.25513	0.0117513	0.0155869	0.0208029	0.00321665	0.117279	0.0904223	0.0237591	0.0364874	0.0116346	0.00242446	0.00256803
16	0.595673	0.0502656	0.000750422	0.00136204	0.00777732	0.0710345	0.00564395	0.0173495	0.00315621	0.0222215	0.00728404	0.00348902	0.000859975	0.00112035	0.000648258	0.122683	0.0553503	0.0326223	0.000249268	0.000459478
17	0.0217325	0.00278188	0.00278668	0.0548066	0.011957	0.00511027	0.0239291	0.00486868	0.00237667	0.00349497	0.00769373	0.0303224	0.00081621	0.747503	0.00372258	0.0506834	0.0131891	0.00339647	0.000793582	0.00803505
18	0.0250246	0.016221	0.000788117	0.00379499	0.00111367	0.000687598	0.000643525	0.33524	0.000831512	0.0373291	0.00553924	0.00176389	0.00320642	0.00106127	0.000730156	0.00974801	0.0151119	0.539784	0.000409596	0.000970797
19	0.00519393	0.00204263	0.0198615	0.0131552	0.00126144	0.00187527	0.010483	0.00283262	0.0202571	0.00319869	0.00216809	0.02208	0.123724	0.0028523	0.0112139	0.343256	0.409077	0.00317692	0.000710589	0.00158008
20	0.0629557	0.00108992	0.352176	0.218164	0.000915916	0.00146794	0.00678955	0.0015652	0.0231806	0.0133959	0.00132175	0.0534935	0.124018	0.050943	0.0185703	0.058839	0.00211835	0.00198233	0.00047854	0.00653343
21	0.0842241	0.00125711	0.119909	0.616377	0.00672595	0.00522459	0.0029963	0.012055	0.0328005	0.00312045	0.00123323	0.0129917	0.00046056	0.0479285	0.00443907	0.0108011	0.00685829	0.0283766	0.00137132	0.000849779
22	0.203157	0.0115906	0.0145057	0.0216869	0.00698579	0.0689378	0.00813629	0.014559	0.075996	0.0178437	0.155302	0.0168618	0.00393379	0.238045	0.0218893	0.0315598	0.0628477	0.0152493	0.00329088	0.00762115
23	0.00971766	0.00876175	0.000353717	0.000635533	0.0133907	0.000388824	0.000356488	0.393345	0.000658636	0.218958	0.0295226	0.00165204	0.000144362	0.00824437	0.00128272	0.000982874	0.0156486	0.286135	0.00343636	0.00638452
24	0.135144	0.00142187	0.116144	0.227345	0.00295449	0.0129718	0.0284887	0.00967285	0.131581	0.0111327	0.00275994	0.0756794	0.000146599	0.0891325	0.0598197	0.0353512	0.0337277	0.0158827	0.000733617	0.00991083
25	0.101338	0.00156536	0.0847929	0.570791	0.0108732	0.00408827	0.00200376	0.00930299	0.037697	0.00781768	0.00173991	0.0081045	0.000590927	0.12439	0.00343153	0.00797867	0.00495563	0.0115616	0.00578993	0.00118801
26	0.00773902	0.0085373	0.00108203	0.0026099	0.0387647	0.00234863	0.000974062	0.0314172	0.00467983	0.642543	0.213367	0.00166143	0.00255272	0.00444492	0.00217513	0.00320177	0.00373241	0.0245839	0.000421483	0.00316328
27	0.0654046	0.00327265	0.0184948	0.23293	0.00104264	0.00108586	0.00568562	0.0126791	0.311965	0.0100176	0.010199	0.0192131	0.00225804	0.0854211	0.152186	0.024975	0.025967	0.00846997	0.00600612	0.00272663
28	0.333055	0.00179611	0.0676289	0.116952	0.00133087	0.0396031	0.00153948	0.00245832	0.147619	0.0108615	0.00637109	0.0477879	0.000647155	0.0295255	0.0409991	0.12988	0.017528	0.00261446	0.000454817	0.00134721
29	0.0496667	0.0128879	0.00282492	0.00754294	0.0250225	0.00228404	0.408824	0.00268364	0.0340965	0.00535389	0.00598121	0.271356	0.000836532	0.0876428	0.00339493	0.019863	0.00396709	0.0030971	0.0042349	0.0484394
30	0.0895202	0.00253222	0.0113543	0.0125645	0.00157468	0.00236527	0.00177635	0.229477	0.0641588	0.124053	0.0390047	0.00325482	0.000721519	0.0860317	0.0373633	0.0330811	0.00438386	0.253804	0.00116264	0.0018152
31	0.0129702	0.00170084	0.00987849	0.0479348	0.15329	0.0018612	0.102527	0.0219461	0.1363	0.0537837	0.0184573	0.0101719	0.000529384	0.0513644	0.0365755	0.00392411	0.00315048	0.00298161	0.0340907	0.296561
32	0.0678368	0.00603024	0.0897812	0.524496	0.00939143	0.0111833	0.0122447	0.0181255	0.0458998	0.0132414	0.00641707	0.022866	0.00295523	0.0770977	0.0168639	0.020211	0.0154772	0.0279408	0.00324018	0.00870014
33	0.180582	0.00375669	0.0026138	0.0059652	0.00166464	0.00246731	0.00291693	0.00277575	0.313448	0.00636189	0.00498007	0.0266251	0.000748147	0.0589639	0.263956	0.0599635	0.0450814	0.00347517	0.000824588	0.0128307
34	0.0727431	0.00488379	0.00111487	0.0957196	0.000575688	0.000927614	0.0200649	0.0729786	0.274849	0.0698226	0.0111566	0.0122877	0.00031857	0.0602129	0.202982	0.0140239	0.0264722	0.0575629	0.000426571	0.000877257
35	0.0315969	0.0201373	0.00222121	0.00541601	0.0391934	0.00593441	0.00583782	0.159687	0.00570524	0.340682	0.022705	0.00531063	0.000940905	0.0261489	0.0489083	0.0216455	0.0715555	0.16433	0.00435852	0.0176866
36	0.0263021	0.00788387	0.00713154	0.0314945	0.00335343	0.0049188	0.0189836	0.0121068	0.280974	0.0212504	0.00891119	0.0170095	0.00782375	0.0659004	0.423814	0.0216671	0.0169086	0.0130758	0.000854124	0.00963592
37	0.0478028	0.0140996	0.0110656	0.0264855	0.0197949	0.00913999	0.431444	0.0152857	0.0234518	0.034258	0.0219386	0.103933	0.00321651	0.0442265	0.0397478	0.0343366	0.0193392	0.0169846	0.0125131	0.0709368
38	0.0214375	0.0100404	0.657947	0.165168	0.00235868	0.00571656	0.00765198	0.00284675	0.011058	0.00416394	0.00152794	0.0504904	0.00438198	0.0137505	0.00576597	0.0201136	0.00648733	0.0069063	0.000938519	0.00124839
39	0.0206355	0.0108638	0.000826962	0.00318342	0.0134205	0.00188118	0.00350708	0.325514	0.00269588	0.19753	0.0287114	0.00321071	0.00101124	0.0102693	0.00313515	0.00492279	0.0191807	0.339353	0.00357419	0.00657279
40	0.0583972	0.0867556	0.0139449	0.0218479	0.0528616	0.0179758	0.015965	0.0769339	0.0167586	0.129597	0.298735	0.0168149	0.00458528	0.0260106	0.0251213	0.0394821	0.0311479	0.0476859	0.00817755	0.0112022
41	0.524703	0.0235797	0.00081332	0.00143159	0.00180947	0.0654845	0.00133796	0.00427601	0.00160994	0.00601179	0.00378923	0.0037797	0.000959306	0.00376917	0.000688343	0.326133	0.0170287	0.0117914	0.000406043	0.000597407
42	0.0396047	0.00664188	0.0436696	0.10533	0.0253267	0.010722	0.251205	0.00932127	0.0374929	0.0240276	0.017353	0.147243	0.00147762	0.110564	0.021799	0.0316876	0.0189269	0.0121273	0.0197543	0.0657258
43	0.0126803	0.00908252	0.000647526	0.00140555	0.0118916	0.000753076	0.000493504	0.3653	0.00102847	0.166018	0.0206392	0.00422241	0.000809043	0.00744516	0.00128058	0.00295159	0.0298705	0.352738	0.0038131	0.00692952
44	0.012946	0.00173786	0.00954932	0.044988	0.149032	0.0019135	0.108047	0.020601	0.132286	0.0521046	0.0173659	0.0126539	0.000541974	0.0515555	0.0368501	0.00394828	0.0034833	0.00293172	0.0346379	0.302827
45	0.516183	0.00420228	0.00284705	0.0290345	0.00220627	0.00349958	0.00256068	0.00599145	0.00336537	0.00586195	0.00376895	0.00468236	0.00186366	0.00418676	0.00941241	0.00700858	0.25957	0.130152	0.00113482	0.00246825
46	0.00959275	0.000864449	0.0126976	0.00130004	0.507613	0.000987948	0.00721781	0.00366704	0.00133106	0.0441607	0.00428152	0.00475379	0.000315218	0.00509497	0.00874383	0.00174089	0.00141897	0.00870892	0.00835743	0.367152
47	0.258742	0.00227385	0.00552416	0.0143405	0.00090958	0.592639	0.00217484	0.00188427	0.00909582	0.0124442	0.00211928	0.0312315	0.00227304	0.00345151	0.00166525	0.0467814	0.00591572	0.00388626	0.00157323	0.00107447
48	0.0574851	0.00240818	0.0938559	0.210013	0.000714741	0.0124431	0.0212555	0.037251	0.0835468	0.114615	0.0123313	0.0313618	0.000357167	0.0877701	0.01756	0.0260573	0.0488902	0.139478	0.000378641	0.00222639
49	0.379694	0.390239	0.00362492	0.0229977	0.00233361	0.00592126	0.00277722	0.00663916	0.00528259	0.00669824	0.013279	0.00533582	0.00108895	0.0177227	0.00417116	0.0298563	0.00941335	0.0891538	0.00111036	0.00266141
50	0.0972558	0.00273582	0.00841372	0.0427483	0.00138045	0.0253626	0.00339341	0.0265526	0.0743179	0.00898077	0.00323554	0.0247738	0.501869	0.0097645	0.0158001	0.0773304	0.0240291	0.0480338	0.000749918	0.00327277
51	0.0715475	0.00231988	0.0358998	0.0835381	0.00154531	0.0130752	0.00183628	0.0138398	0.341229	0.0844593	0.00251594	0.072623	0.00147304	0.0363668	0.00318323	0.0947482	0.100671	0.036188	0.00100776	0.00193249
52	0.342534	0.0190833	0.0651875	0.0462571	0.00580355	0.164716	0.00884063	0.0150512	0.0590757	0.0208717	0.0218014	0.0338291	0.0111002	0.0223201	0.0267565	0.0802567	0.0281332	0.0183399	0.00323931	0.00680346
53	0.307558	0.00319378	0.0422229	0.0683581	0.00242285	0.0882121	0.00341213	0.00427536	0.155565	0.00761697	0.0888526	0.0178827	0.0011376	0.0130075	0.100347	0.0746621	0.0102963	0.00617975	0.00123151	0.00356496
54	0.130614	0.00441675	0.00382431	0.00755836	0.00287546	0.435063	0.00369791	0.0058057	0.0616768	0.0282648	0.00443448	0.00653667	0.228603	0.00601521	0.00414254	0.0475292	0.00743485	0.00715185	0.00139298	0.00296228
55	0.008728	0.00474961	0.000561555	0.000790117	0.0217985	0.000728356	0.000546903	0.363088	0.00101208	0.201604	0.0286904	0.00208111	0.000273144	0.0146339	0.0019504	0.00165702	0.0178952	0.315185	0.00565737	0.00836913
56	0.0166638	0.00674395	0.000539405	0.00339836	0.0210382	0.00213237	0.00595754	0.290534	0.00151548	0.413232	0.0497642	0.0013466	0.000391468	0.0062637	0.00424447	0.00410065	0.0120416	0.152265	0.00227558	0.00555187
57	0.0590543	0.0760011	0.0134348	0.0299961	0.0179027	0.0152328	0.372246	0.0213235	0.0328507	0.029164	0.0218744	0.0960978	0.00545176	0.0442216	0.03052	0.0385766	0.0233795	0.023248	0.00724002	0.0421839
58	0.0375443	0.0100582	0.00826229	0.029234	0.0631028	0.0138305	0.0394853	0.0819624	0.0815679	0.22889	0.0351796	0.01566	0.00386268	0.0252389	0.0289697	0.0191126	0.0199423	0.0606413	0.0573365	0.140119
59	0.0224435	0.00113047	0.0163289	0.00810263	0.000862535	0.793778	0.00103862	0.00153617	0.0046854	0.00242702	0.00160432	0.11807	0.000654187	0.00186479	0.00158861	0.0155868	0.00288102	0.00415041	0.000339031	0.000927977
60	0.368539	0.0158662	0.00945063	0.033179	0.00573708	0.0100615	0.00845146	0.0268982	0.019882	0.0294279	0.01185	0.0220868	0.00494285	0.0191888	0.0468138	0.0255423	0.17279	0.160517	0.00324757	0.00552827
61	0.0660054	0.0192257	0.0059492	0.00869375	0.00328858	0.00718503	0.00328511	0.00939632	0.00694203	0.00950454	0.00903946	0.0128242	0.0185804	0.00624421	0.00459685	0.297575	0.472897	0.0326256	0.00356659	0.00257499
62	0.0936842	0.0260778	0.034062	0.142843	0.00964762	0.0256473	0.0198227	0.0187713	0.0434186	0.023404	0.0178324	0.045298	0.020981	0.0495724	0.0232578	0.29491	0.0690014	0.0246023	0.00641651	0.0107499
63	0.361985	0.389645	0.00511192	0.0172926	0.00319929	0.00618251	0.00449724	0.00831282	0.00627539	0.00896022	0.0291087	0.00673063	0.00183057	0.0521775	0.00485751	0.0304618	0.0127441	0.0444591	0.00180572	0.00436282
64	0.00959275	0.000864449	0.0126976	0.00130004	0.507613	0.000987948	0.00721781	0.00366704	0.00133106	0.0441607	0.00428152	0.00475379	0.000315218	0.00509497	0.00874383	0.00174089	0.00141897	0.00870892	0.00835743	0.367152
65	0.0164891	0.0304236	0.743789	0.086416	0.00198326	0.00483637	0.00669611	0.00327827	0.00246404	0.00542467	0.00236318	0.0512864	0.000928923	0.00375758	0.00207073	0.0223191	0.00626057	0.00660458	0.000565034	0.0020438
66	0.0764865	0.0123896	0.0473191	0.0705086	0.010296	0.0291056	0.05542	0.022161	0.138205	0.0333248	0.0134843	0.22545	0.00910654	0.043392	0.0712376	0.0518609	0.0360461	0.0294968	0.00453888	0.0201706
67	0.593018	0.0503673	0.000893253	0.00187015	0.00769076	0.0679226	0.00566492	0.0173614	0.0032626	0.0223325	0.00814103	0.00362283	0.00082936	0.0012062	0.000730869	0.118688	0.0606394	0.0349498	0.000237664	0.000571634
68	0.0135663	0.0122117	0.785135	0.0981712	0.000662564	0.0035216	0.00449808	0.00115084	0.00126439	0.00186037	0.00103463	0.0463641	0.00100296	0.00163328	0.00105129	0.0177305	0.00379028	0.00423607	0.000342206	0.000772383
69	0.019344	0.0124484	0.000459095	0.00310465	0.0239362	0.00176921	0.00249237	0.191427	0.00219473	0.534848	0.065672	0.00107086	0.000793955	0.00247132	0.00241709	0.00332447	0.0102359	0.113076	0.00277767	0.00613724
70	0.0278041	0.0178216	0.000571745	0.00194349	0.00710571	0.00416105	0.00404204	0.420874	0.00113527	0.294102	0.0668786	0.00113666	0.00021953	0.0037993	0.00401615	0.00846649	0.021413	0.111814	0.000834773	0.00186139
71	0.031544	0.00815824	0.000883457	0.00306337	0.0176191	0.00436126	0.00488427	0.273109	0.00424453	0.305741	0.0427713	0.00267988	0.000273978	0.0298688	0.0150146	0.00813452	0.0366338	0.197973	0.00491201	0.00812962
72	0.0243294	0.0052354	0.00281944	0.00406029	0.0528805	0.0055998	0.00275905	0.259839	0.00668952	0.146153	0.290823	0.00400328	0.00112717	0.0899732	0.00623313	0.00724579	0.00640587	0.0263041	0.00157161	0.0559475
73	0.00417373	0.00616517	0.00879886	0.00237963	0.00118219	0.00213524	0.00540865	0.00213366	0.205636	0.00960928	0.00244241	0.0158977	0.00162161	0.0135477	0.641597	0.0376025	0.0166419	0.00310894	0.000446893	0.0194712
74	0.048281	0.0011829	0.279316	0.231642	0.00142663	0.0186965	0.0365053	0.00330017	0.0751026	0.00829103	0.00187989	0.142647	0.000427677	0.0783921	0.0360504	0.0192133	0.00893687	0.00511448	0.000403546	0.00319028
75	0.449379	0.00206091	0.00198464	0.00827047	0.000883098	0.414279	0.00391626	0.00178008	0.00818974	0.014787	0.00152049	0.00770226	0.000440339	0.00474322	0.00135217	0.0633533	0.0083563	0.0022256	0.00366487	0.00111078
76	0.00311651	0.00957752	0.000337898	0.00199904	0.0607616	0.00142718	0.000325108	0.0311	0.000826524	0.732691	0.10638	0.000521663	0.00317171	0.00108233	0.00194665	0.00254709	0.00368036	0.0334994	0.000163068	0.00484563
77	0.0744385	0.00470391	0.117769	0.214544	0.00217831	0.0178559	0.0249473	0.029464	0.0996084	0.0811753	0.0168385	0.0634979	0.000822894	0.0742355	0.0383519	0.0349795	0.0435694	0.051295	0.000592983	0.00913151
78	0.0121097	0.00254252	0.00100396	0.00821674	0.0188044	0.00222005	0.0405554	0.251103	0.00147729	0.458255	0.0524422	0.00185461	0.000395359	0.017129	0.00712762	0.00844122	0.00943938	0.0953585	0.000501635	0.0110228
79	0.00939706	0.00823131	0.000343464	0.00060496	0.0138686	0.000432259	0.000318873	0.391137	0.000670907	0.216421	0.0288518	0.00167883	0.000141787	0.00871734	0.00129868	0.000959732	0.0158265	0.290952	0.00361227	0.00653564
80	0.0684605	0.00784865	0.00113233	0.0878068	0.000824014	0.00122051	0.0273125	0.077346	0.250148	0.076768	0.0105688	0.0112099	0.000376472	0.0637978	0.21606	0.0142899	0.0273361	0.0560372	0.000344	0.0011132
81	0.077919	0.00438483	0.0282891	0.0590918	0.0053498	0.0312619	0.0264612	0.0201536	0.224209	0.0224235	0.0050674	0.123292	0.0227941	0.0136366	0.19365	0.0387879	0.0257734	0.0541428	0.000785332	0.0225269
82	0.0391502	0.00871036	0.00138801	0.0285124	0.00108526	0.00171623	0.0064121	0.00216076	0.448613	0.0170141	0.011858	0.0171982	0.000971616	0.128014	0.232242	0.0221712	0.0267786	0.00232497	0.000975106	0.0027036
83	0.00699094	0.00896351	0.000342073	0.00254323	0.0443541	0.00112565	0.000624492	0.059783	0.00148444	0.699489	0.0909036	0.000581796	0.00216935	0.00113119	0.00152344	0.00205778	0.00503835	0.0626816	0.00142933	0.00678301
84	0.113061	0.0221235	0.0012506	0.0116588	0.00428965	0.0136395	0.00108211	0.170828	0.0153262	0.269035	0.040016	0.0100258	0.000405203	0.00550239	0.0146805	0.0129319	0.0307061	0.238418	0.0144105	0.0106099
85	0.0960182	0.0316743	0.0131073	0.0350321	0.00152397	0.0646415	0.0250335	0.0410282	0.098125	0.0420381	0.00270022	0.14401	0.00199317	0.0780933	0.0746795	0.0291195	0.101055	0.0942812	0.00091793	0.0249281
86	0.0538491	0.118287	0.00238782	0.00395561	0.0141607	0.00784951	0.00223219	0.0256085	0.00286953	0.0667833	0.00311303	0.00863028	0.000991491	0.00378045	0.00291297	0.0188609	0.148828	0.51195	0.00095242	0.00199698
87	0.0296078	0.033657	0.000738647	0.00112877	0.00211138	0.00229008	0.00082862	0.481535	0.000883335	0.195468	0.0753106	0.00116816	0.000253252	0.0012489	0.00117086	0.00449328	0.0181768	0.148418	0.000410415	0.00110059
88	0.0867046	0.018689	0.0110653	0.0439774	0.00207657	0.0500585	0.0372642	0.0395042	0.116079	0.039437	0.00258078	0.162797	0.00401101	0.0619676	0.0986105	0.0336974	0.082896	0.0803445	0.000774585	0.0274647
89	0.00375263	0.0100967	0.000499708	0.00231014	0.0660778	0.00162668	0.000567935	0.0312159	0.00100289	0.714935	0.114851	0.000690975	0.00385681	0.00137925	0.0034067	0.00261768	0.00376199	0.0316617	0.000521012	0.00516735
90	0.348994	0.0254712	0.0149908	0.00456276	0.00164026	0.0753527	0.00242154	0.026542	0.11841	0.0150396	0.00260864	0.0275476	0.000803463	0.0036212	0.0368014	0.228015	0.060218	0.00395025	0.00110948	0.00189948
91	0.125121	0.00147723	0.118713	0.222892	0.00303061	0.0132795	0.0307896	0.00940606	0.13536	0.012071	0.00276706	0.0773814	0.000166183	0.090771	0.0604639	0.0351554	0.0335945	0.0164822	0.000763854	0.0103149
92	0.0166378	0.00309411	0.00945796	0.037423	0.137521	0.00454958	0.0719457	0.0251859	0.139282	0.0928085	0.0438938	0.0255081	0.00115999	0.0378539	0.0666323	0.00929819	0.00952812	0.00730893	0.0381916	0.22272
93	0.524094	0.0643504	0.00140358	0.00364565	0.00834427	0.0567781	0.00490282	0.0250451	0.00840272	0.0267759	0.0139081	0.00403695	0.00155268	0.00257666	0.00140602	0.145625	0.0633586	0.0418966	0.000654509	0.00124198
94	0.0280905	0.00829095	0.0732622	0.108396	0.00747125	0.0175867	0.0125297	0.0666793	0.0607895	0.223207	0.109245	0.0715144	0.00568961	0.0402262	0.0398399	0.0153351	0.0645357	0.0272161	0.000739697	0.019355
95	0.0843378	0.00337662	0.0273763	0.279593	0.000396141	0.00044927	0.00575308	0.00921915	0.25666	0.0106972	0.0153496	0.0212899	0.00332668	0.117017	0.0904732	0.0242791	0.0350317	0.0102555	0.00250218	0.00261732
96	0.00876223	0.00324419	0.0131463	0.0224995	0.0463084	0.00213984	0.29667	0.00303469	0.00819104	0.00487778	0.00298617	0.186776	0.000823257	0.0476666	0.0282449	0.00945651	0.0223535	0.00355807	0.0765741	0.212687
97	0.219733	0.00418588	0.00583734	0.0214609	0.00226816	0.011611	0.0027262	0.0303561	0.0220372	0.0103969	0.00461167	0.0115401	0.456716	0.00632341	0.00363997	0.0628404	0.0396726	0.0798287	0.00132388	0.00288976
98	0.151008	0.174319	0.00261105	0.00494991	0.00258222	0.025082	0.0027253	0.0578336	0.0040396	0.0142163	0.0298659	0.0230085	0.000914923	0.0305368	0.00292392	0.0284931	0.378913	0.06152	0.000880378	0.00357645
99	0.00616249	0.0084252	0.000493353	0.00241717	0.052856	0.00153551	0.00122948	0.0615343	0.00141558	0.674095	0.126252	0.00069406	0.00280766	0.0044618	0.00212739	0.00270472	0.00367671	0.0402511	0.00051262	0.00634832
100	0.425052	0.00591558	0.00213914	0.0105569	0.00127746	0.415618	0.00335192	0.00277631	0.00945083	0.0208289	0.00286062	0.00682028	0.00131206	0.00449609	0.00157444	0.067546	0.00987224	0.00470273	0.00272788	0.00112002
101	0.00959275	0.000864449	0.0126976	0.00130004	0.507613	0.000987948	0.00721781	0.00366704	0.00133106	0.0441607	0.00428152	0.00475379	0.000315218	0.00509497	0.00874383	0.00174089	0.00141897	0.00870892	0.00835743	0.367152
102	0.048528	0.0258234	0.00579109	0.00946676	0.00764018	0.0108112	0.00351372	0.200415	0.0071236	0.0409455	0.0106025	0.0241793	0.00258954	0.00937864	0.00588955	0.0354311	0.30096	0.242232	0.00246906	0.00621017
103	0.491471	0.0318643	0.00887511	0.0208743	0.00731454	0.0731415	0.00694711	0.0203696	0.0204919	0.0246188	0.0136411	0.0124446	0.00863281	0.0165434	0.0137945	0.134032	0.0516283	0.0373291	0.00233688	0.00364975
104	0.0372409	0.00459142	0.0297169	0.136279	0.0115757	0.0130061	0.0282699	0.0109469	0.0308515	0.0161847	0.0140682	0.0561843	0.00165846	0.481	0.016002	0.0612688	0.0236443	0.0151305	0.00177241	0.0106081
105	0.0363822	0.0084741	0.0142637	0.0119297	0.00563097	0.0122981	0.00624672	0.0117308	0.0103352	0.33316	0.0453887	0.0109008	0.37804	0.0104926	0.00656135	0.0171116	0.0552206	0.0147885	0.00366382	0.00738024
106	0.0384694	0.0955147	0.00218135	0.00371317	0.0108201	0.00777849	0.0020574	0.0576472	0.00280347	0.0554577	0.00281899	0.00991137	0.00096024	0.00342904	0.0026128	0.0148397	0.203616	0.48274	0.000931267	0.00169711
107	0.0768991	0.0351157	0.00786258	0.0123144	0.00828606	0.0166146	0.00615058	0.151489	0.010696	0.0486895	0.020768	0.0276398	0.0063534	0.016601	0.00856492	0.0585191	0.346919	0.131003	0.00275907	0.00675496
108	0.0231576	0.0100419	0.0008127	0.00562032	0.0510026	0.00490669	0.00714748	0.0934107	0.00330718	0.557276	0.0853513	0.0027326	0.00325241	0.00561321	0.0033132	0.00391661	0.00896897	0.0990877	0.00431699	0.0267635
109	0.0207948	0.000932805	0.0165621	0.00785664	0.00074959	0.795194	0.00105223	0.00147317	0.00430044	0.00209272	0.00128761	0.120022	0.000431313	0.0017365	0.00130234	0.0159058	0.00306321	0.0039038	0.000414547	0.000924095
110	0.0453077	0.00669656	0.0107938	0.01456	0.00469797	0.00758452	0.0102961	0.00555717	0.262903	0.0211666	0.00938029	0.0266568	0.00833458	0.0321792	0.439485	0.0366857	0.0183868	0.0091866	0.00132483	0.0288174
111	0.016686	0.011353	0.00831175	0.0127843	0.00344439	0.00412693	0.0081921	0.00665435	0.115261	0.0243915	0.00577085	0.0183152	0.0025022	0.0164145	0.670327	0.0281389	0.0267107	0.00853548	0.0012403	0.0108389
112	0.580741	0.0533055	0.000815142	0.00155404	0.0096123	0.0698116	0.00703893	0.0179454	0.00279971	0.0256269	0.00599527	0.00486659	0.000531271	0.00123508	0.000653378	0.121376	0.0600973	0.0352263	0.000257401	0.00051129
113	0.146211	0.131394	0.00148515	0.00225261	0.00119769	0.00284167	0.00140436	0.0169282	0.00245033	0.00519944	0.0215045	0.00373492	0.000562661	0.00388799	0.00150217	0.232822	0.377101	0.0441737	0.00205178	0.00129519
114	0.0223429	0.00613943	0.00260798	0.00447638	0.0461502	0.0056625	0.00620231	0.23054	0.00755965	0.202337	0.271486	0.00401148	0.00119126	0.0867365	0.00632347	0.00743585	0.00695954	0.0283222	0.00174003	0.0517758
115	0.0383503	0.00950137	0.0142388	0.0704256	0.0437072	0.018578	0.073436	0.0278916	0.0220391	0.0344747	0.0110958	0.0634628	0.00307941	0.0239512	0.0187031	0.0327057	0.0768295	0.0237746	0.166096	0.22766
116	0.0498217	0.0229296	0.000918555	0.00202957	0.0052362	0.00819551	0.00388028	0.361994	0.00154332	0.310468	0.0852304	0.00200626	0.000257137	0.00353613	0.00424746	0.0103828	0.0268105	0.0976748	0.00105818	0.00177948
117	0.0171899	0.00181356	0.00389684	0.0294234	0.0223673	0.00498968	0.0489311	0.00482695	0.00237049	0.0112805	0.0180209	0.053838	0.000622272	0.689578	0.00291066	0.0499061	0.0187388	0.00409977	0.000483784	0.0147122
118	0.0135419	0.01223	0.782721	0.0978111	0.000642299	0.00346513	0.00460771	0.00108872	0.00139493	0.00187743	0.00102813	0.0473235	0.00169095	0.00197116	0.00111189	0.0183193	0.00381249	0.00418139	0.000330693	0.000850698
119	0.00311323	0.00946869	0.000509896	0.00204137	0.0625831	0.00143801	0.000345259	0.031255	0.000891575	0.730286	0.105366	0.000529692	0.00318466	0.00111914	0.00207602	0.00287575	0.00386552	0.0339125	0.000165734	0.0049728
120	0.0663035	0.0211597	0.000815288	0.00622457	0.011788	0.00849801	0.00144215	0.153673	0.00985791	0.410077	0.0472204	0.00560908	0.000498964	0.00385326	0.00840665	0.0079426	0.0270615	0.182332	0.0132615	0.0139751
121	0.0223768	0.0195692	0.00817263	0.0168666	0.154822	0.002454	0.0100626	0.0922954	0.00330083	0.168595	0.371635	0.00249071	0.000914775	0.0102978	0.0504097	0.0130082	0.0166892	0.017917	0.0163326	0.00178907
122	0.0397388	0.0221449	0.684862	0.0801171	0.00158501	0.00466782	0.0071721	0.00407575	0.00585025	0.00500538	0.00282742	0.0685474	0.000734615	0.00496915	0.00326916	0.0267705	0.0148977	0.0198771	0.000839851	0.00204836
123	0.0548916	0.0125909	0.00197233	0.0142869	0.136592	0.01441	0.0098108	0.0466634	0.0029892	0.381678	0.113508	0.00326692	0.00803394	0.00343431	0.00271735	0.00562015	0.0046104	0.0854237	0.00895201	0.0885483
124	0.0958239	0.00346494	0.0517112	0.269315	0.0012432	0.00417041	0.0166108	0.00865357	0.217387	0.0109361	0.0108035	0.0380011	0.00201362	0.106372	0.0824286	0.0271772	0.0326879	0.0113119	0.00334926	0.00653815
125	0.123052	0.00150446	0.115749	0.245245	0.00487846	0.0136099	0.0295981	0.008423	0.124147	0.0107772	0.00281512	0.0758909	0.000133454	0.0925179	0.0579159	0.0343305	0.0323759	0.0153876	0.000796857	0.0108508
126	0.0137307	0.00250931	0.000471005	0.00460118	0.0243106	0.00140295	0.00701966	0.268619	0.00097734	0.502291	0.0571783	0.00066837	0.000179913	0.00309609	0.0028911	0.00365651	0.0050849	0.0973429	0.000929894	0.00303971
127	0.0285021	0.00924003	0.15139	0.464283	0.0141433	0.00727694	0.00178597	0.00219228	0.0316927	0.00311753	0.0020778	0.0515223	0.00055056	0.0668167	0.0419306	0.0483494	0.0514177	0.02142	0.000795761	0.00149613
128	0.042204	0.0192911	0.00888517	0.0106572	0.0178406	0.0232619	0.0246336	0.00614245	0.192828	0.00627211	0.0200751	0.0133051	0.0784363	0.0415472	0.417431	0.0243948	0.00723292	0.0237091	0.00101966	0.020833
129	0.0861199	0.00938075	0.0031365	0.0103626	0.26643	0.0262796	0.00764675	0.0302173	0.00466011	0.286195	0.100147	0.00473265	0.00559978	0.00584914	0.00392658	0.0253082	0.00639854	0.0454149	0.00632945	0.0658652
130	0.0121861	0.0100229	0.00519556	0.00954372	0.00487557	0.0025074	0.00534454	0.0074617	0.0896572	0.10128	0.0181175	0.0121128	0.00168305	0.0123571	0.639866	0.0400991	0.0115539	0.00411364	0.000746112	0.0112757
131	0.136815	0.0205479	0.0132036	0.0208057	0.00585242	0.391559	0.00949059	0.0159661	0.0168204	0.0147214	0.0104941	0.0549128	0.00528404	0.0180753	0.00687641	0.133602	0.0896648	0.0247041	0.00433174	0.00627211
132	0.318044	0.0717564	0.0125607	0.0065065	0.00292812	0.0204665	0.00223072	0.17059	0.00308282	0.0499407	0.0450605	0.00374569	0.00101007	0.0171481	0.00277889	0.0620691	0.016574	0.190695	0.000764121	0.00204827
133	0.0493451	0.00715284	0.0102112	0.0711887	0.00404845	0.00423502	0.0107665	0.0121077	0.365646	0.0350327	0.0260531	0.0190197	0.00272659	0.120122	0.191876	0.0237251	0.0238981	0.0112854	0.00167552	0.0098852
134	0.0522038	0.00201211	0.0151737	0.00961617	0.00123943	0.752244	0.00202483	0.00393001	0.00788629	0.00544805	0.00269629	0.101656	0.00146033	0.00302054	0.00239452	0.0227485	0.00533122	0.00712865	0.00057419	0.00121055
135	0.50015	0.0267702	0.004264	0.0181213	0.00674188	0.0267673	0.00471428	0.0150025	0.00616791	0.0163569	0.00768748	0.00704604	0.00540466	0.0063914	0.0074323	0.0580104	0.198181	0.0808073	0.0011818	0.00280169
136	0.040973	0.0583551	0.00322216	0.00641638	0.00784158	0.00796297	0.00279386	0.109039	0.00462602	0.0444243	0.00491403	0.0123933	0.00153192	0.00610985	0.0035171	0.020023	0.207826	0.453171	0.00144177	0.0034181
137	0.0571234	0.00282217	0.0148814	0.0104746	0.00200001	0.740433	0.00228519	0.00247796	0.0116849	0.00687472	0.00361195	0.0968017	0.00444673	0.00379359	0.00335362	0.0231331	0.00553737	0.00540943	0.000821151	0.00203388
138	0.0940113	0.0199556	0.0141972	0.0202687	0.00668389	0.0192009	0.00563655	0.0260273	0.0116303	0.0165584	0.00843461	0.0878803	0.0054928	0.010424	0.00386503	0.21672	0.33864	0.0868371	0.00263757	0.00489846
139	0.144901	0.024473	0.0209041	0.11793	0.0063424	0.0115668	0.014928	0.00968351	0.0350134	0.0137337	0.0145165	0.0244108	0.00428446	0.373264	0.0186046	0.115891	0.0232899	0.0164538	0.00170283	0.00810627
140	0.181891	0.0158165	0.0793922	0.0720118	0.0101691	0.0175589	0.0119118	0.0265102	0.0471925	0.0260058	0.00997619	0.112186	0.00545215	0.0297002	0.0232045	0.112219	0.106251	0.0997938	0.00435441	0.00840294
141	0.0599966	0.0136464	0.00520516	0.00521928	0.00181684	0.00273158	0.00323121	0.00549261	0.00596942	0.00631983	0.0059978	0.00781791	0.0233172	0.00267953	0.00347004	0.335882	0.483326	0.0234638	0.00313842	0.00127891
142	0.0095973	0.000881661	0.0127058	0.00188613	0.503186	0.000947222	0.00847774	0.00396668	0.00284097	0.0441455	0.00446302	0.00480081	0.000320664	0.00564597	0.00901029	0.00176781	0.00142591	0.00861368	0.00868613	0.366631
143	0.0180396	0.0152697	0.00224475	0.00422848	0.0502988	0.00265009	0.00239733	0.061763	0.0122817	0.465378	0.285514	0.00244575	0.00185871	0.0177479	0.00747344	0.00496629	0.00543336	0.0306115	0.00241843	0.00697933
144	0.122776	0.0024132	0.11868	0.284593	0.00513176	0.0105938	0.0193273	0.00708206	0.0966982	0.00850507	0.00265732	0.0689852	0.000305116	0.101253	0.0443248	0.0409794	0.0432766	0.014405	0.00101274	0.00699983
145	0.0173801	0.00810704	0.000472538	0.00273952	0.0194347	0.00186859	0.00380413	0.301604	0.00144097	0.378235	0.0514604	0.00134485	0.00029376	0.007182	0.0029616	0.00335611	0.0125759	0.177229	0.00277891	0.00573136
146	0.011642	0.00123891	0.0120849	0.00245845	0.491377	0.00205202	0.00840661	0.00636973	0.00358518	0.0582366	0.0103315	0.00469264	0.000563976	0.00620142	0.00875819	0.00208152	0.00181426	0.0109487	0.00855213	0.348605
147	0.0283462	0.00156314	0.30574	0.23494	0.00107698	0.0217722	0.0422033	0.00196794	0.0576745	0.00926445	0.00179739	0.183101	0.000600558	0.0665196	0.0220314	0.0146836	0.00266248	0.00231693	0.000556648	0.00118216
148	0.0202624	0.000914681	0.0165774	0.0076646	0.000739851	0.796833	0.00097127	0.00146309	0.00405116	0.00198686	0.00125136	0.120463	0.000420945	0.00166398	0.00125233	0.0155257	0.00277292	0.00392409	0.00033715	0.000924151
149	0.0259831	0.0181846	0.000771667	0.00412627	0.000662759	0.000795821	0.000590682	0.33733	0.000998558	0.0358875	0.00608059	0.00180178	0.00382442	0.00130442	0.0007596	0.0104525	0.00878473	0.540808	0.000289956	0.000563269
150	0.0389461	0.00463238	0.0995073	0.123134	0.0178644	0.0123609	0.0250944	0.0337472	0.203518	0.00691096	0.0206072	0.0347079	0.00642358	0.0314415	0.28836	0.01195	0.00879567	0.0248513	0.00166745	0.00547991
151	0.0838831	0.00342758	0.0272231	0.279238	0.000408236	0.000483257	0.00585383	0.00945112	0.25634	0.0110713	0.0155401	0.0210524	0.00326834	0.117463	0.0899543	0.0241136	0.0355363	0.0105625	0.00250281	0.00262714
152	0.0152149	0.0090238	0.000558703	0.00315776	0.0335401	0.00188792	0.00227753	0.123953	0.00209807	0.610633	0.0936618	0.00100232	0.00154936	0.00220764	0.00253378	0.00287564	0.00584669	0.0805149	0.00158512	0.00587803
153	0.0161761	0.00863617	0.64322	0.152481	0.000773368	0.00905007	0.0131982	0.00127895	0.0160553	0.00346987	0.00113211	0.0843595	0.000670103	0.0191671	0.00684499	0.0154641	0.00328651	0.00366239	0.000266225	0.000808308
154	0.0837611	0.00323041	0.0282099	0.271687	0.000670063	0.000539561	0.00551658	0.0105792	0.256829	0.0100772	0.0150626	0.0213046	0.00379587	0.114716	0.10248	0.0232484	0.0326916	0.0108241	0.00241555	0.00236124
155	0.00655045	0.00225842	0.00218829	0.0179512	0.0367734	0.00236154	0.00188908	0.0525853	0.126691	0.332527	0.134774	0.0183761	0.000791706	0.00465065	0.192471	0.0180766	0.0258422	0.00485785	0.00257623	0.0158079
156	0.0114784	0.00915657	0.000387791	0.00105727	0.0125049	0.000505054	0.000405696	0.385101	0.000741459	0.198402	0.028298	0.00170307	0.000427341	0.00829494	0.00138976	0.00193378	0.0146559	0.31429	0.00342739	0.00583975
157	0.235116	0.196976	0.00191681	0.00397605	0.00194107	0.00817885	0.00194547	0.0306524	0.00338731	0.00778227	0.0342933	0.00689168	0.000745905	0.00930762	0.00239669	0.106637	0.269837	0.0755372	0.000738254	0.00174313
158	0.0844424	0.00337235	0.0274215	0.279645	0.000396711	0.000455055	0.00576254	0.00922237	0.256541	0.0106912	0.0153432	0.021337	0.00332628	0.116944	0.0904501	0.0242784	0.0349973	0.0102574	0.00249828	0.00261752
159	0.148858	0.00162409	0.0223309	0.0544731	0.00136296	0.00194226	0.00813963	0.00292267	0.248764	0.109903	0.0617441	0.0219527	0.000735181	0.0634994	0.129916	0.0597679	0.00921449	0.00508515	0.000650556	0.0471137
160	0.157556	0.00791901	0.00547904	0.0107223	0.210923	0.0121199	0.00742402	0.0389263	0.00740461	0.250172	0.102188	0.00876156	0.00212234	0.0106836	0.00717349	0.108201	0.0127876	0.0201488	0.00326519	0.0160216
161	0.0204021	0.000877508	0.0170968	0.00842675	0.00074316	0.79334	0.00126782	0.00147102	0.00476146	0.00197773	0.00124693	0.119813	0.000419306	0.00190321	0.00140986	0.0163678	0.00324266	0.00392654	0.000331001	0.000975107
162	0.011241	0.00124502	0.0122672	0.00234141	0.494541	0.00132542	0.00858193	0.00517882	0.00283275	0.0507331	0.00689672	0.00488507	0.000541892	0.00571924	0.00893465	0.00204832	0.00199699	0.011439	0.00865506	0.358595
163	0.173424	0.014229	0.0645977	0.00363883	0.00177102	0.0416213	0.00207484	0.0450863	0.0246838	0.109027	0.0405984	0.00374979	0.296632	0.00354289	0.0025201	0.0169262	0.0988141	0.0176332	0.0126521	0.0267781
164	0.0263225	0.0168974	0.000667068	0.00406155	0.000607061	0.000600806	0.000563776	0.335649	0.00080522	0.0359797	0.00569149	0.00142587	0.00340492	0.000969225	0.000674543	0.0102207	0.00752087	0.547126	0.000276693	0.000535646
165	0.0762878	0.0173101	0.00139928	0.00235604	0.00124656	0.00181916	0.00134771	0.00491746	0.00213665	0.00626848	0.00727396	0.00340324	0.000779434	0.00235984	0.00160155	0.341285	0.498122	0.0252999	0.00368018	0.00110606
166	0.19707	0.0300936	0.00674391	0.0142711	0.00678829	0.117321	0.00782362	0.0350524	0.00991385	0.0117786	0.00769341	0.0380831	0.00217745	0.0117262	0.00431464	0.235195	0.184127	0.0726757	0.00350033	0.00365109
167	0.0319847	0.00620829	0.00691925	0.047904	0.0126454	0.00978115	0.0260976	0.00890532	0.011552	0.00944695	0.0131855	0.0323072	0.00202701	0.683792	0.00980718	0.0494905	0.0180471	0.00829258	0.000932038	0.0106742
168	0.0888489	0.0297006	0.00682442	0.0103002	0.00751752	0.0109781	0.0039482	0.0759637	0.00795334	0.0319672	0.0114569	0.0224051	0.00369543	0.00996734	0.0064045	0.0894265	0.386949	0.18639	0.00392222	0.00538043
169	0.0101585	0.000934776	0.0123731	0.0044604	0.474464	0.00111028	0.0169439	0.0049313	0.00971291	0.0449743	0.00586823	0.00713295	0.000416907	0.00856636	0.0105322	0.00202956	0.00196016	0.00845484	0.0108381	0.364137
170	0.00520581	0.00198387	0.0215722	0.0121735	0.00131381	0.00179336	0.00968741	0.00284717	0.0191283	0.0032801	0.00209983	0.0212198	0.13125	0.00292662	0.010711	0.334994	0.412312	0.00324708	0.000686531	0.00156769
171	0.0160355	0.0319075	0.00898826	0.00950358	0.00565015	0.00601536	0.00902859	0.00616237	0.0913384	0.0303066	0.00633845	0.0168707	0.00732803	0.0148352	0.678088	0.0268147	0.0146053	0.00909627	0.00103052	0.0100566
172	0.0462244	0.00700885	0.0247753	0.0571915	0.0147368	0.0094293	0.0110501	0.114165	0.109811	0.196209	0.115913	0.0272569	0.00354037	0.0702291	0.0586184	0.0216382	0.0300209	0.0632633	0.00194126	0.0169779
173	0.00765497	0.00296708	0.000523601	0.00083151	0.0223866	0.00072708	0.00044151	0.3404	0.00118777	0.209152	0.0331017	0.00191808	0.00022338	0.0250394	0.0022971	0.00142304	0.0158447	0.316847	0.00693304	0.0101001
174	0.0241938	0.010085	0.634255	0.180611	0.00225393	0.00534024	0.0072182	0.0039265	0.0123838	0.00437	0.00136422	0.0502729	0.00409694	0.0171106	0.00712339	0.0191972	0.00630161	0.00771854	0.000743075	0.00143381
175	0.171981	0.0283674	0.00354437	0.00477178	0.103583	0.00429605	0.00314987	0.0410559	0.00319191	0.104541	0.0221641	0.0322242	0.00538305	0.00363992	0.00278309	0.138453	0.093484	0.182231	0.0208318	0.0303235
176	0.026315	0.0169039	0.000666796	0.00406227	0.000622115	0.000601093	0.000563124	0.335721	0.000802457	0.0361556	0.00570661	0.00142427	0.00339227	0.000968946	0.00066679	0.0102176	0.00751659	0.546877	0.000275716	0.000541047
177	0.103174	0.0253618	0.00100005	0.00899397	0.00495796	0.0147209	0.00122207	0.161942	0.0114703	0.304862	0.0481717	0.00953086	0.000452809	0.00368242	0.0113072	0.012598	0.032756	0.22017	0.0129324	0.0106941
178	0.140022	0.0255752	0.0144421	0.0290051	0.0265199	0.0855049	0.0164135	0.00321017	0.0154802	0.00414953	0.0031932	0.305414	0.000966251	0.0500817	0.0142145	0.219617	0.0162217	0.00372007	0.000887218	0.0253616
179	0.154083	0.0315016	0.00127852	0.00227653	0.0587826	0.00169756	0.00114335	0.0554776	0.00208113	0.0813471	0.0224113	0.00619228	0.0144879	0.00216329	0.00142761	0.205401	0.200678	0.147572	0.00499224	0.00500566
180	0.00871689	0.00897195	0.000381816	0.00301922	0.0469727	0.00160776	0.00121343	0.0599518	0.00160433	0.686782	0.0908371	0.000649104	0.00231778	0.00132847	0.00157561	0.00216408	0.00476075	0.0655205	0.0016566	0.00996828
181	0.498248	0.0180019	0.000712353	0.000999178	0.00059375	0.0608922	0.000614969	0.000841189	0.000793808	0.00149236	0.0013464	0.0041218	0.0004927	0.00444326	0.000702882	0.391668	0.00957526	0.0036441	0.000263059	0.000552388
182	0.0745951	0.0255108	0.0233703	0.049102	0.00336616	0.305013	0.0233949	0.0245329	0.00552453	0.0296785	0.0260374	0.0756811	0.0214042	0.0442385	0.00454267	0.223613	0.0276243	0.00758798	0.00137701	0.0038054
183	0.0124724	0.00399628	0.00041169	0.00267731	0.0228843	0.000864024	0.00346887	0.304943	0.000958441	0.387516	0.0422145	0.00107861	0.000153952	0.00648205	0.0023552	0.0022037	0.00968954	0.188025	0.0025851	0.00501989
184	0.511877	0.0267767	0.00120106	0.00274445	0.00263623	0.144383	0.00257426	0.00540919	0.0030574	0.0110742	0.00656401	0.00443392	0.00165834	0.00380762	0.000887467	0.235562	0.0212292	0.0123229	0.000976541	0.00082469
185	0.305122	0.0817131	0.00422824	0.0989537	0.00272613	0.00705671	0.00404401	0.00667601	0.00598698	0.00784987	0.0137299	0.00638	0.00159091	0.158353	0.00465217	0.246712	0.0287735	0.0098365	0.00161658	0.00399849
186	0.0770317	0.0175262	0.00141213	0.00229481	0.00127794	0.00191338	0.00139188	0.00499534	0.00211955	0.00612902	0.007236	0.00340626	0.000604068	0.00241674	0.00157864	0.343877	0.494552	0.0255016	0.00363939	0.0010961
187	0.320962	0.0713078	0.0137995	0.00648587	0.00302609	0.0223647	0.00205873	0.177041	0.00323405	0.0554874	0.0469233	0.00399847	0.000987626	0.0153388	0.00266888	0.0641936	0.018456	0.168973	0.000788318	0.00190465
188	0.0678576	0.00689145	0.0043787	0.0278888	0.0260872	0.00380688	0.441451	0.00573742	0.0239033	0.0327546	0.0390377	0.0773548	0.00112571	0.050641	0.00379595	0.0585727	0.00900156	0.00773561	0.00249834	0.10948
189	0.0313077	0.00762225	0.00618525	0.0351863	0.00367777	0.00611303	0.0198137	0.0140133	0.35927	0.0237701	0.0106474	0.0172897	0.00891434	0.0927201	0.303932	0.0192304	0.0182828	0.0142994	0.000924134	0.00680016
190	0.0236646	0.0200296	0.00747845	0.0146381	0.154528	0.00262417	0.00855968	0.0991319	0.00399044	0.162686	0.376099	0.00229887	0.000870314	0.0134881	0.0428634	0.0119181	0.0145745	0.0211929	0.0137904	0.00557369
