251	20
1	0.0820173	0.0150398	6.109e-05	8.04894e-05	0.0811113	0.0214768	0.00013619	0.214076	0.000131176	0.271194	0.0390962	0.000159991	0.000399842	0.00016334	0.000114914	0.0185298	0.0238139	0.229766	0.000461313	0.00217077
2	0.375954	0.0166493	0.000884876	0.000290411	0.0148405	0.380882	0.000699539	0.0029363	0.000416476	0.0130105	0.00403784	0.000693264	0.000411366	0.00057191	0.00179574	0.149772	0.0254804	0.00820567	0.000383729	0.00208426
3	0.174945	0.00994454	0.000210232	0.000197541	0.070482	0.0828609	0.000274415	0.110438	0.000231736	0.254267	0.052495	0.000309344	0.00138464	0.000415465	0.000298168	0.0706451	0.0420616	0.116541	0.011429	0.000570165
4	0.0501485	0.0139979	0.000251535	0.00366726	0.200252	0.0199676	0.000538144	0.103235	0.00338446	0.219311	0.0646103	0.00681951	0.000963203	0.00381732	0.00323256	0.014288	0.0051032	0.0724645	0.0373845	0.176564
5	0.0252227	0.00483365	0.00113176	0.000868852	0.0599289	0.00964439	0.00211557	0.10227	0.00188733	0.361391	0.166976	0.00205928	0.00299649	0.00286217	0.00243369	0.0124123	0.037604	0.145488	0.0169122	0.0409618
6	0.562021	0.0467594	0.000345516	0.000511866	0.00218695	0.00922777	0.00131842	0.00487604	0.000484686	0.0128048	0.00231957	0.000871063	0.000681402	0.000859831	0.000707684	0.196418	0.141597	0.0144574	0.000670343	0.000880832
7	0.0473104	0.0181463	0.000409594	0.00215724	0.197761	0.013898	0.000582187	0.131183	0.00536451	0.235695	0.0804661	0.00435787	0.00185657	0.00231406	0.00382449	0.0123627	0.0108066	0.0867986	0.0356628	0.109042
8	0.143108	0.00604683	0.00302516	0.00356627	0.010238	0.0733045	0.00676437	0.014877	0.00416015	0.0224748	0.0487746	0.360711	0.00461744	0.00544118	0.00518812	0.102648	0.156778	0.0191716	0.0035571	0.00554814
9	0.00786808	0.000647947	0.000201517	0.000189164	0.00433577	0.00108877	0.000406554	0.683192	0.000300191	0.0461585	0.0465281	0.00361057	0.000420993	0.00273979	0.000392172	0.00391757	0.00897019	0.188251	0.000296642	0.00048508
10	0.18846	0.00926967	0.00130303	0.00213761	0.011959	0.641494	0.00141638	0.00508678	0.00395557	0.0179066	0.00559916	0.00713416	0.000935711	0.00233023	0.00588921	0.0601234	0.0244183	0.00785181	0.00100181	0.00172716
11	0.363629	0.012028	0.00115016	0.000670114	0.0145488	0.412578	0.00169481	0.008604	0.00130814	0.0163264	0.00873337	0.00092197	0.000771824	0.00106732	0.00322452	0.106205	0.0265109	0.0170343	0.000996715	0.00199735
12	0.06294	0.00583082	0.0289818	0.0235791	0.013913	0.0363589	0.0352775	0.0164023	0.0293837	0.0320411	0.0222805	0.438513	0.0130448	0.0316965	0.0170899	0.0918946	0.0590404	0.0260712	0.0042711	0.0113901
13	0.0676654	0.0100433	0.334446	0.0491252	0.0200344	0.043637	0.0293671	0.0233117	0.0462985	0.0275829	0.0212787	0.0579726	0.00937366	0.0461084	0.0219718	0.0843411	0.0466464	0.0395443	0.00625156	0.0150004
14	0.0969518	0.0158649	0.000172763	0.000424437	0.0644353	0.0231897	0.000720785	0.212437	0.000398876	0.226563	0.04258	0.000550315	0.000837069	0.000803602	0.000298302	0.0227455	0.0280276	0.259235	0.0013695	0.00239454
15	0.473121	0.0451598	0.000515681	0.000225816	0.00124572	0.0364684	0.00059535	0.00270955	0.000343044	0.004129	0.00232594	0.000777958	0.000292048	0.0014792	0.000310294	0.341565	0.0771269	0.0103816	0.000287801	0.000939297
16	0.0614399	0.00601592	0.025606	0.0206115	0.0146019	0.0400095	0.0294974	0.017922	0.0331399	0.0355838	0.0245071	0.43552	0.0130926	0.030623	0.0223104	0.0894342	0.0569222	0.0247519	0.00701784	0.0113929
17	0.36702	0.0161411	0.0017836	0.000817408	0.00427748	0.0682428	0.00344333	0.00930977	0.00104086	0.00699575	0.00741488	0.0194512	0.0015237	0.00253883	0.0017917	0.396951	0.0357871	0.0513613	0.000930242	0.00317778
18	0.0278453	0.00462437	0.00193793	0.00101868	0.0808431	0.0130016	0.00185718	0.116349	0.00124411	0.316076	0.204563	0.00208907	0.0038552	0.0029127	0.00234288	0.0173866	0.0232731	0.154773	0.00785361	0.0161535
19	0.410959	0.0123561	0.00178358	0.000441457	0.0058904	0.253271	0.000594728	0.00230228	0.000312943	0.00611985	0.00289902	0.00104374	0.000349774	0.00111619	0.00103926	0.263608	0.0237417	0.00814636	0.00048809	0.00353631
20	0.0791188	0.00687999	0.00250782	0.00484532	0.0199183	0.0172131	0.00552039	0.0191455	0.00506818	0.0242558	0.0132797	0.0107893	0.309632	0.00750831	0.00818636	0.1233	0.308424	0.0242837	0.00374103	0.0063831
21	0.516247	0.0357897	0.000603071	0.000881647	0.00524843	0.035883	0.00213395	0.0121555	0.000872549	0.0263361	0.00862087	0.0020511	0.00130254	0.00164216	0.000889839	0.207438	0.113925	0.0251842	0.00117849	0.00161625
22	0.0566523	0.00949358	0.0027806	0.00617719	0.0908225	0.0179348	0.00842616	0.073674	0.00304071	0.164676	0.0940934	0.0142254	0.00420166	0.0046749	0.00405317	0.0268897	0.0209274	0.166297	0.0402791	0.190681
23	0.279186	0.0136455	0.00230964	0.00207034	0.0107483	0.470292	0.00127392	0.00524291	0.00295151	0.0126658	0.00562065	0.00236459	0.00117165	0.00231125	0.00361443	0.142218	0.0300809	0.00902347	0.000822363	0.00238701
24	0.524541	0.0450768	0.000349995	0.000254955	0.00144458	0.0216793	0.000863136	0.00309474	0.00033096	0.00679634	0.00223686	0.000791559	0.00040471	0.00106639	0.000473672	0.275951	0.101273	0.0121562	0.0004416	0.000772751
25	0.0112122	0.00139792	0.000579334	0.00688728	0.0161853	0.0922728	0.0131427	0.00269564	0.398449	0.00912011	0.00468005	0.0422291	0.0110113	0.0165673	0.34504	0.00386073	0.00975133	0.00740549	0.000622735	0.00688981
26	0.473728	0.0156616	0.000950946	0.000898925	0.00552763	0.0186527	0.00778632	0.0259604	0.00111556	0.0126945	0.0126562	0.00204158	0.00191038	0.0015447	0.00184184	0.195694	0.0935344	0.125098	0.00104326	0.00165871
27	0.0390887	0.00367153	0.000210994	0.000218442	0.0152431	0.00328049	0.000334162	0.344631	0.00059973	0.176835	0.110162	0.000935334	0.00054575	0.00419919	0.000487558	0.011462	0.0178582	0.265578	0.00316406	0.00149438
28	0.0127939	0.00101416	0.000433049	0.000501045	0.00203346	0.0110276	0.00297591	0.00541166	0.000567946	0.00320516	0.00245754	0.0181233	0.0167076	0.000754377	0.00619719	0.180403	0.730822	0.00313587	0.000551076	0.000884136
29	0.01483	0.00183653	0.000860494	0.00014208	0.0680104	0.00423206	0.000219228	0.165743	0.000228732	0.477983	0.122725	0.000272626	0.00322961	0.00119141	0.00141678	0.0045447	0.0235273	0.107826	0.000305359	0.000875073
30	0.041602	0.0022022	0.00105671	0.00315409	0.0535829	0.130762	0.00551172	0.00477692	0.246672	0.00802112	0.0166567	0.0260749	0.0277412	0.00694274	0.336541	0.005644	0.0484984	0.0296521	0.000896419	0.00401071
31	0.106383	0.00300587	0.0218886	0.0201489	0.00696923	0.131813	0.0101159	0.0168151	0.0890462	0.0257326	0.0573178	0.0348236	0.0109252	0.173257	0.0544478	0.125132	0.0488622	0.0401093	0.00991366	0.0132924
32	0.271391	0.0118974	0.0016407	0.000783795	0.0308092	0.0498358	0.00337315	0.155247	0.0035186	0.0988925	0.0341815	0.00177536	0.00292674	0.00441088	0.00151874	0.0564023	0.0412324	0.223376	0.00256252	0.00422426
33	0.0715383	0.0127681	5.68152e-05	7.29973e-05	0.0673601	0.0163851	0.000117587	0.238549	0.000177893	0.259942	0.0497008	0.000115103	0.000288032	0.000507572	0.000118005	0.0169457	0.0235022	0.238755	0.000898696	0.00220143
34	0.0731529	0.0138025	5.61245e-05	6.57001e-05	0.0788432	0.0200625	9.88493e-05	0.219485	8.82811e-05	0.284385	0.0414145	8.27523e-05	0.000296658	0.000107512	0.000103074	0.017821	0.0231757	0.22426	0.000414511	0.00228496
35	0.0289867	0.00237506	0.000126944	0.000119121	0.0240397	0.00275716	0.000849466	0.462528	0.000230631	0.115578	0.0308335	0.00112255	0.000322005	0.00125056	0.000202903	0.00538302	0.0176177	0.303584	0.000917745	0.00117526
36	0.373873	0.0123884	0.00132743	0.000653157	0.0128971	0.379823	0.00157605	0.00989712	0.00107329	0.0143055	0.0086035	0.00166084	0.000674682	0.00113269	0.00227486	0.12813	0.0291937	0.0174227	0.000822384	0.00227095
37	0.441751	0.0207813	0.00270026	0.000570913	0.00789764	0.216232	0.00524805	0.0461762	0.000691906	0.0235694	0.0437486	0.00118645	0.000769163	0.000988131	0.00090727	0.0997402	0.0370656	0.0477294	0.00084123	0.00140461
38	0.0148173	0.000641739	0.000211465	0.000243328	0.0195628	0.00101596	0.000939162	0.504036	0.000353423	0.0533853	0.0116366	0.000744371	0.000326558	0.000511872	0.000289702	0.00264991	0.0144302	0.373462	0.000265559	0.000476571
39	0.128718	0.361075	0.00307632	0.00236918	0.243182	0.0137681	0.00422687	0.0129073	0.00339468	0.137215	0.0135744	0.00382289	0.00333067	0.00428124	0.00294501	0.0216074	0.0155557	0.0167881	0.00275309	0.00540894
40	0.0578595	0.00357783	0.0620057	0.162767	0.00852134	0.0525715	0.0299441	0.00644774	0.107034	0.015897	0.0103403	0.0847629	0.00538835	0.0879555	0.0416917	0.13594	0.0940552	0.0207529	0.00133873	0.0111486
41	0.128626	0.0219627	0.000359303	0.000346936	0.0523512	0.0309739	0.000655487	0.132133	0.000652741	0.173729	0.0472191	0.000691618	0.00098747	0.00106462	0.000517701	0.0811103	0.136954	0.184642	0.00385625	0.0011666
42	0.180565	0.0120354	0.000239421	0.000219045	0.0682483	0.0853427	0.000321608	0.105853	0.000275205	0.245977	0.0516899	0.000337775	0.00124879	0.000424782	0.000322539	0.0801877	0.0458956	0.108924	0.0110459	0.000846553
43	0.186018	0.00855243	0.00124006	0.00151914	0.0142491	0.635223	0.00177501	0.00633471	0.00547191	0.0182123	0.00711418	0.0026023	0.00157674	0.00253679	0.00899832	0.0600653	0.0259373	0.00948445	0.00129927	0.00178976
44	0.444537	0.0249629	0.00150852	0.00030874	0.00114642	0.0785363	0.00109058	0.0041512	0.000404002	0.00285842	0.00325827	0.00142372	0.000477049	0.00181267	0.000559203	0.36906	0.0454346	0.0153137	0.00035694	0.00279965
45	0.0320544	0.00685584	0.000257844	0.000351152	0.137599	0.00819641	0.000466013	0.197515	0.00044582	0.242518	0.0554186	0.000531304	0.00545093	0.000642812	0.00200165	0.00395621	0.0247833	0.188587	0.0326308	0.0597371
46	0.0087755	0.00129002	0.000637308	0.000101331	0.071406	0.00376443	0.000196915	0.160649	0.000165932	0.495063	0.13402	0.000219225	0.00192838	0.00118554	0.00179579	0.00432136	0.0302998	0.0832285	0.000161396	0.000790098
47	0.098603	0.0126737	8.9553e-05	0.000101228	0.078404	0.0338473	0.00017782	0.191347	0.000138382	0.273279	0.0466208	0.00013944	0.000820166	0.00023989	0.000261902	0.0293086	0.0283448	0.199345	0.00323119	0.003028
48	0.200463	0.00872674	0.000922254	0.00130424	0.0137688	0.630503	0.001274	0.00544278	0.00210334	0.0187486	0.00616211	0.00161562	0.000795359	0.00166135	0.0051597	0.0622571	0.0251015	0.00892973	0.00153428	0.00352673
49	0.119792	0.000862991	0.0514455	0.0401571	0.00335108	0.182517	0.0168656	0.0189222	0.0770342	0.0240913	0.0248211	0.0547728	0.0232768	0.0474342	0.0477531	0.168916	0.0394372	0.0256996	0.0130167	0.0198336
50	0.0602444	0.00324075	0.0678888	0.191957	0.00442425	0.0488633	0.0264924	0.00117129	0.127218	0.0111362	0.000986773	0.0496897	0.00317183	0.102569	0.0382097	0.148343	0.0907841	0.0139879	0.00020863	0.00941272
51	0.027977	0.0048324	0.000974956	0.000697235	0.0134521	0.00459757	0.00110243	0.229439	0.00167582	0.0537951	0.0173616	0.00101839	0.000986803	0.00152573	0.000763957	0.0104924	0.0140485	0.611396	0.0015551	0.00230776
52	0.177254	0.00223533	0.000653495	0.000845178	0.002897	0.0516881	0.00656785	0.0621452	0.000833728	0.00892671	0.0086389	0.00159543	0.00479119	0.00109617	0.00938524	0.258279	0.345041	0.0548602	0.00101259	0.00125308
53	0.0602444	0.00324075	0.0678888	0.191957	0.00442425	0.0488633	0.0264924	0.00117129	0.127218	0.0111362	0.000986773	0.0496897	0.00317183	0.102569	0.0382097	0.148343	0.0907841	0.0139879	0.00020863	0.00941272
54	0.0690055	0.00373417	0.0063032	0.0129295	0.00691642	0.023392	0.0280014	0.0296416	0.0100757	0.0123523	0.0118117	0.0182186	0.0136332	0.0106168	0.00889599	0.225142	0.472224	0.0307943	0.00203558	0.00427554
55	0.0117963	0.000928485	0.000235193	0.000224711	0.00369991	0.00157056	0.000389536	0.643329	0.000345381	0.0517669	0.0663426	0.00305892	0.00047128	0.0031991	0.00040362	0.00530179	0.00851147	0.197042	0.000782471	0.000600902
56	0.0897985	0.00199297	0.0393967	0.101446	0.00713836	0.0802478	0.0147056	0.00704857	0.151335	0.0175696	0.00909436	0.0561636	0.00868361	0.0769798	0.0928852	0.146595	0.0679148	0.0190618	0.00328787	0.00865476
57	0.0326315	0.000703291	0.0266529	0.0368183	0.0110358	0.130224	0.00485952	0.00915921	0.162682	0.00664224	0.0119426	0.136404	0.011056	0.0564036	0.121865	0.178171	0.0586047	0.00301624	0.000391037	0.000735956
58	0.0592483	0.00146946	0.0507921	0.09362	0.00626116	0.12107	0.0174038	0.0076345	0.128435	0.0113564	0.0104995	0.0874157	0.00966512	0.0737304	0.0752015	0.163672	0.0599564	0.0115516	0.00314879	0.00786822
59	0.0188517	0.00155392	0.000206113	0.000183262	0.00631449	0.00193492	0.000322116	0.604908	0.000418381	0.0717112	0.0666935	0.00279303	0.000464759	0.00427635	0.000351461	0.00667997	0.011211	0.198976	0.0013259	0.000823784
60	0.0268565	0.000478917	0.00011816	0.000123482	0.0261469	0.000621997	0.00172103	0.374593	0.000240207	0.111283	0.00677317	0.000303878	0.000186542	0.000216981	0.000186353	0.00182629	0.0149813	0.432861	0.000186537	0.00029451
61	0.0517122	0.00109349	0.119957	0.0699389	0.0124069	0.0037327	0.115337	0.0144903	0.0632982	0.00657132	0.00875553	0.199599	0.0119544	0.108445	0.0137049	0.110675	0.0188493	0.0334605	0.000692549	0.0353265
62	0.040616	0.0119771	0.0004006	0.00147703	0.189992	0.0125454	0.000498732	0.120641	0.00993658	0.263256	0.0754441	0.00277775	0.00248059	0.00169169	0.00783215	0.00965318	0.0128267	0.105914	0.0312643	0.0987749
63	0.0603995	0.00332788	0.000285939	0.000276513	0.0171152	0.00808759	0.000435627	0.250136	0.000977857	0.113583	0.120005	0.000641166	0.000557204	0.00621807	0.000475038	0.0181486	0.0199071	0.371246	0.00665952	0.00151686
64	0.0623749	0.0129019	0.000337551	0.00665989	0.179768	0.0199312	0.00308251	0.0986204	0.00078922	0.195206	0.0553887	0.0144283	0.000590923	0.0059102	0.00167539	0.0204616	0.00333476	0.0672106	0.0400566	0.211271
65	0.128498	0.0115004	0.000578731	0.000504725	0.0564749	0.0671525	0.000814376	0.182672	0.00113526	0.160531	0.0254638	0.000959967	0.00126477	0.00135272	0.000763268	0.0213564	0.0224259	0.313434	0.00127053	0.00184709
66	0.161453	0.00662822	0.00361834	0.038679	0.0113792	0.0613038	0.00432128	0.015019	0.005366	0.102839	0.372761	0.0421688	0.0044151	0.062697	0.00471271	0.0556512	0.0176876	0.0201722	0.0034928	0.00563485
67	0.00869054	0.00127578	0.000615855	0.000105415	0.0711581	0.00372966	0.000196412	0.160509	0.000165619	0.495589	0.134186	0.000219143	0.0019025	0.00118728	0.00181789	0.0042945	0.0305354	0.0828641	0.000161622	0.000795866
68	0.399608	0.0336467	0.000770314	0.000152741	0.000741068	0.0621268	0.000246823	0.00234898	0.00019623	0.00126409	0.00287546	0.00113331	0.000193277	0.00219998	0.000257369	0.429623	0.0497724	0.0111471	0.000210673	0.00148529
69	0.426037	0.0296821	0.000711254	0.000197361	0.00112616	0.0519308	0.0012444	0.00495007	0.000296294	0.00227713	0.00318315	0.00186498	0.000263573	0.00181798	0.000426755	0.396635	0.0518751	0.0239208	0.000266727	0.0012931
70	0.0252315	0.003758	0.00090712	0.000183833	0.0779889	0.0079705	0.000308919	0.161996	0.000511787	0.438895	0.121724	0.000440642	0.00220334	0.00159174	0.0016694	0.0103403	0.0301828	0.100735	0.00447839	0.00888243
71	0.0752079	0.0137664	5.82795e-05	6.83905e-05	0.0788834	0.0214524	0.000102136	0.216764	9.44346e-05	0.284149	0.0416453	8.50086e-05	0.000314918	0.000114266	0.00011563	0.0190838	0.0237156	0.221514	0.00063784	0.00222717
72	0.487992	0.00850862	0.00231404	0.000213494	0.00115233	0.133784	0.000322923	0.00164284	0.000262066	0.00187265	0.00197833	0.00091067	0.000324005	0.00102399	0.000502928	0.325083	0.0190942	0.00736855	0.000324197	0.00532559
73	0.506505	0.0530192	0.000361913	0.000242267	0.00133837	0.0261466	0.000590701	0.00280283	0.000305147	0.0056171	0.00200449	0.000653937	0.000400334	0.00116432	0.000346015	0.296511	0.091244	0.00967701	0.000333096	0.000735872
74	0.324532	0.0212345	0.000545301	0.000343362	0.0299651	0.439383	0.00101267	0.00409227	0.000469061	0.0210767	0.00551307	0.000585816	0.000645605	0.000634281	0.00163039	0.0981088	0.0378222	0.0110991	0.00044711	0.000859828
75	0.0731529	0.0138025	5.61245e-05	6.57001e-05	0.0788432	0.0200625	9.88493e-05	0.219485	8.82811e-05	0.284385	0.0414145	8.27523e-05	0.000296658	0.000107512	0.000103074	0.017821	0.0231757	0.22426	0.000414511	0.00228496
76	0.0795013	0.00895489	0.00195823	0.00180815	0.0617265	0.0325875	0.00277585	0.100507	0.00338899	0.223666	0.0763603	0.00605097	0.00205686	0.00490768	0.00319579	0.0520559	0.0264133	0.0846899	0.182754	0.0446414
77	0.0209823	0.00308407	0.000432572	0.00020189	0.048021	0.00385443	0.000615986	0.191778	0.000787143	0.433764	0.116265	0.000513563	0.00149556	0.00428172	0.00124197	0.00640998	0.0271792	0.136363	0.00152527	0.00120348
78	0.0319261	0.0212896	0.00113405	0.00145189	0.0415834	0.0435074	0.0560752	0.139501	0.00170415	0.231883	0.130251	0.0694337	0.00230163	0.058548	0.00210568	0.0289335	0.052975	0.0803612	0.00143432	0.00360118
79	0.0724541	0.0137184	5.63044e-05	6.88487e-05	0.0790139	0.0198785	9.86755e-05	0.219168	8.67671e-05	0.285719	0.0416778	8.26386e-05	0.000305038	0.000110917	0.000108615	0.0175702	0.0229948	0.223955	0.000501968	0.00242942
80	0.435993	0.0209207	0.0016671	0.00061012	0.00301382	0.0572477	0.00361629	0.0106932	0.000777802	0.00557145	0.00729156	0.00347395	0.00119296	0.00215421	0.00133493	0.347936	0.0472741	0.0462279	0.000608784	0.00239527
81	0.0127989	0.00101218	0.000459811	0.000501072	0.00203555	0.0110055	0.00297951	0.00540789	0.000570163	0.00319593	0.00244525	0.0181753	0.0166503	0.00075261	0.00614553	0.180028	0.731261	0.00314674	0.000551118	0.000877017
82	0.0341855	0.0255052	0.00078785	0.000910018	0.2367	0.0157303	0.00113562	0.0345818	0.106506	0.253718	0.0833927	0.00135083	0.00106501	0.00122112	0.0280121	0.0171943	0.0267803	0.0343643	0.0287701	0.0680898
83	0.0442989	0.000899116	0.0264635	0.0337438	0.00952484	0.177966	0.0094292	0.00924246	0.138574	0.00837855	0.0125459	0.129919	0.0112331	0.0514995	0.120742	0.156557	0.0489042	0.00551708	0.00186781	0.00269406
84	0.0487433	0.00436448	0.00154267	0.00134739	0.0751585	0.00814785	0.00196171	0.0328719	0.00150519	0.317344	0.111737	0.00305868	0.00175122	0.00245128	0.00201503	0.0118869	0.0090613	0.0638136	0.156117	0.145121
85	0.0232914	0.00311525	0.00164471	0.00305535	0.0232374	0.00720846	0.00197754	0.00843236	0.00376625	0.0249392	0.00756604	0.00436154	0.810436	0.00495479	0.00381743	0.0353297	0.0155908	0.0108514	0.00210694	0.00431748
86	0.0108656	0.000901639	0.000155758	0.000180187	0.00718719	0.00100508	0.000628491	0.307019	0.000865266	0.0359609	0.0136184	0.000608833	0.000294941	0.000651645	0.000285945	0.00208211	0.00734435	0.609639	0.000314978	0.000390663
87	0.384145	0.0245335	0.00304597	0.0040557	0.00427337	0.0822483	0.00223088	0.00925753	0.00405271	0.00735917	0.00676592	0.00456174	0.00427842	0.00480008	0.0027349	0.366257	0.0579956	0.0236933	0.000624799	0.00308632
88	0.211008	0.00529646	0.000972683	0.000951988	0.0039174	0.0730004	0.00477007	0.0531736	0.00082376	0.00956929	0.00918623	0.00159625	0.00380716	0.00133765	0.00756382	0.240148	0.32673	0.0435393	0.000862845	0.00174514
89	0.0720074	0.00286666	0.000855692	0.000978158	0.00349322	0.0218271	0.00553642	0.0380636	0.0013179	0.00844192	0.00736043	0.00944879	0.0115254	0.0010954	0.00646276	0.247381	0.532895	0.0257687	0.00116171	0.00151288
90	0.0326712	0.00325018	0.0550416	0.0374718	0.0100724	0.00795109	0.410087	0.0130302	0.0329868	0.0124967	0.00969246	0.116103	0.00645112	0.111735	0.00987974	0.0619135	0.0278724	0.0231599	0.00137486	0.0167592
91	0.40979	0.0371652	0.000673416	0.000169245	0.000752499	0.0556746	0.000264003	0.00231414	0.000199534	0.00170512	0.00270057	0.00110532	0.000200057	0.00206403	0.000275929	0.415389	0.0571954	0.0109293	0.000223863	0.00120912
92	0.0204389	0.000859711	0.000189155	0.000129607	0.0164178	0.000867315	0.00101029	0.510869	0.000289996	0.086588	0.0214957	0.00145893	0.000328784	0.00131412	0.000243387	0.00311686	0.0174778	0.316157	0.000249869	0.000497359
93	0.00699615	0.000664929	0.00016975	0.000170475	0.00328029	0.000843784	0.000527554	0.216166	0.00119773	0.0193379	0.00732123	0.000274507	0.000289679	0.000321587	0.000317473	0.00120561	0.00382628	0.736549	0.000179714	0.000359924
94	0.254398	0.0138842	0.00478101	0.00406328	0.0104851	0.403494	0.00201775	0.00646976	0.00724177	0.0127136	0.00718476	0.00851208	0.00194525	0.00469974	0.00763873	0.193762	0.040115	0.0115788	0.0015951	0.00342037
95	0.429407	0.0193881	0.00154964	0.000209764	0.00239508	0.127966	0.000322821	0.00215471	0.000229696	0.00184523	0.00258488	0.00107239	0.000318313	0.00156128	0.000444765	0.363861	0.0317661	0.00934937	0.000238684	0.00333403
96	0.0499012	0.00359829	0.000151874	0.000183204	0.0168492	0.00264048	0.000572278	0.338254	0.000504605	0.129409	0.0854895	0.000496606	0.000362105	0.00278467	0.00027657	0.0118901	0.0203447	0.332315	0.00261257	0.00136396
97	0.0604651	0.00441609	0.000198931	0.000196053	0.0160122	0.00416708	0.000285863	0.300743	0.000716342	0.128588	0.110557	0.00049269	0.000391162	0.00364887	0.000344426	0.016201	0.0204379	0.326653	0.00379632	0.00168992
98	0.238571	0.0102773	0.00151758	0.00239171	0.0157582	0.501241	0.00175382	0.0112658	0.00419967	0.021404	0.00890085	0.00702123	0.00143713	0.00243922	0.00587685	0.0896703	0.0556013	0.0172462	0.00146076	0.0019656
99	0.166091	0.0318838	0.0019378	0.00191613	0.164005	0.182809	0.00470481	0.0216245	0.00514854	0.0897034	0.0266855	0.00287555	0.00302527	0.00451688	0.00492582	0.130073	0.0315782	0.0773759	0.00625256	0.0428672
100	0.24088	0.0121553	0.000381835	0.000495176	0.0160383	0.555298	0.000587036	0.00302791	0.000567455	0.0134488	0.00408201	0.000650825	0.000553073	0.00083267	0.00240546	0.100427	0.0403994	0.0065303	0.000379098	0.000860693
101	0.0721659	0.0100286	0.000294304	0.000250035	0.0325934	0.00716919	0.000301014	0.26075	0.000934475	0.237234	0.0852101	0.000398069	0.00059203	0.00291152	0.000282729	0.0172293	0.025169	0.237413	0.0064296	0.0026437
102	0.200019	0.00271121	0.0122657	0.000883487	0.0107541	0.0397015	0.00138141	0.146786	0.0181721	0.0934724	0.0602709	0.00136072	0.0171374	0.0230423	0.000957473	0.110767	0.0487845	0.202616	0.00120549	0.0077112
103	0.012421	0.000609078	0.000144686	0.000150156	0.00898262	0.000722827	0.000919717	0.265024	0.00076839	0.0435184	0.00687581	0.000290993	0.000252787	0.000278553	0.000247149	0.00120289	0.00593124	0.651144	0.000171194	0.00034451
104	0.0508828	0.00114101	0.120441	0.0706115	0.0126147	0.00185532	0.116724	0.0144572	0.0637537	0.00636858	0.00850754	0.200524	0.0116029	0.11006	0.0133272	0.108984	0.0184419	0.0333889	0.000548693	0.0357648
105	0.0419656	0.00887331	0.00310182	0.00362841	0.0338093	0.0163522	0.00499603	0.0366118	0.00441993	0.145322	0.0434698	0.00569924	0.00401655	0.00449629	0.00519724	0.026368	0.0193516	0.0404471	0.515303	0.0365709
106	0.117337	0.000943777	0.0550595	0.0412429	0.00277764	0.1886	0.0169602	0.0194446	0.0736093	0.0242477	0.025654	0.0546227	0.0241375	0.0455491	0.0426379	0.171105	0.0371135	0.0259919	0.0132694	0.0196961
107	0.0551881	0.0107485	0.000109565	9.21014e-05	0.0655254	0.0136258	0.000150636	0.226478	0.000210413	0.300573	0.0678176	0.000137673	0.000679752	0.000882986	0.000358204	0.0137689	0.0234797	0.216826	0.000998893	0.00234803
108	0.149235	0.00199345	0.000782707	0.000769214	0.0421933	0.407259	0.00113307	0.0451084	0.028591	0.0641966	0.0143701	0.00109502	0.0010827	0.0126952	0.0207059	0.0436672	0.064406	0.0572881	0.0314091	0.0120193
109	0.0432347	0.000600435	0.0257646	0.0397731	0.0130631	0.128453	0.00505299	0.00894539	0.145709	0.0086857	0.0128594	0.124867	0.0127857	0.0638486	0.133744	0.163688	0.0618091	0.00445353	0.000858406	0.00180487
110	0.0103013	0.000635432	0.000249881	0.000249354	0.00861262	0.00118191	0.000438307	0.607406	0.000428012	0.0306471	0.0279164	0.00173472	0.000393214	0.00141982	0.000318324	0.00378721	0.0127306	0.290694	0.000409729	0.000445866
111	0.297685	0.0041681	0.000384741	0.000416501	0.0362507	0.0179126	0.000607774	0.128878	0.000638513	0.0551888	0.00831728	0.000587883	0.00060614	0.000677143	0.000598063	0.0327359	0.0475081	0.36552	0.000546968	0.000771765
112	0.178634	0.00962583	0.000171063	0.000175024	0.06867	0.0827662	0.000284678	0.10968	0.000283957	0.248925	0.0523064	0.000277891	0.00131563	0.000413785	0.000274368	0.0748592	0.0453978	0.113865	0.0116083	0.000465274
113	0.375277	0.016489	0.00119295	0.000265867	0.0100324	0.263112	0.000701449	0.00394501	0.00040615	0.00782414	0.00439759	0.000886334	0.000347022	0.00122554	0.00104033	0.261886	0.0372483	0.011009	0.000433655	0.00228117
114	0.0435847	0.00894605	0.00343652	0.00459639	0.029901	0.0190615	0.00533468	0.0361339	0.00673674	0.112217	0.0389936	0.00629948	0.00542185	0.00625791	0.00742164	0.0294286	0.0228331	0.0406583	0.540993	0.0317436
115	0.026536	0.000448894	0.000118272	0.000126373	0.0262071	0.000635254	0.00174009	0.374905	0.000239947	0.110639	0.00622489	0.000307602	0.000188316	0.000220144	0.000186026	0.00172016	0.0148443	0.434239	0.000183392	0.000289905
116	0.0522152	0.00293274	0.000231421	0.000138206	0.0212991	0.00114561	0.00100454	0.36287	0.000332161	0.126291	0.0389825	0.00033823	0.000225607	0.0010782	0.000235534	0.0084699	0.0235893	0.356326	0.00123864	0.00105662
117	0.324736	0.0241338	0.00110176	0.000794952	0.00300496	0.0503362	0.00328829	0.020434	0.00128975	0.00813401	0.00705848	0.00282673	0.00271746	0.00217693	0.00311905	0.345851	0.168102	0.0285514	0.000735189	0.00160802
118	0.0229509	0.00351037	0.00139951	0.00292545	0.0227388	0.00819043	0.0022056	0.00784697	0.00341797	0.0253152	0.00719366	0.00466512	0.806389	0.00524782	0.0040929	0.036625	0.0170709	0.0114702	0.00162624	0.00511782
119	0.0601322	0.0102376	0.000285954	0.00011004	0.0758141	0.015147	0.000221553	0.202986	0.000192308	0.337134	0.0508052	0.000179321	0.00130879	0.000344658	0.000265746	0.0133243	0.0177064	0.21141	0.000493773	0.00190202
120	0.010083	0.0014007	0.000811524	0.000102271	0.0708607	0.00379366	0.000186395	0.160856	0.000172571	0.491629	0.133925	0.00024575	0.00220539	0.00118607	0.00173461	0.00483959	0.0287783	0.0861513	0.000193941	0.000844496
121	0.400543	0.022017	0.00130564	0.000166124	0.00280372	0.124717	0.00028041	0.002459	0.000227236	0.00206414	0.00289337	0.00110406	0.000246222	0.00172806	0.000329875	0.385283	0.038939	0.0102184	0.000208931	0.00246599
122	0.236151	0.01053	0.00039223	0.000525216	0.0170216	0.619743	0.000799319	0.00261106	0.000587447	0.0247537	0.00293135	0.000713834	0.000682674	0.000845165	0.00426664	0.0494735	0.0209337	0.00565094	0.000659842	0.000728077
123	0.0731529	0.0138025	5.61245e-05	6.57001e-05	0.0788432	0.0200625	9.88493e-05	0.219485	8.82811e-05	0.284385	0.0414145	8.27523e-05	0.000296658	0.000107512	0.000103074	0.017821	0.0231757	0.22426	0.000414511	0.00228496
124	0.0743052	0.0102392	8.4705e-05	0.000115806	0.0462026	0.00995121	0.000136129	0.274895	0.000321223	0.202593	0.0708399	0.000196473	0.000307428	0.00148294	0.000173719	0.0173346	0.0249062	0.261602	0.00202491	0.00228834
125	0.463644	0.0130723	0.00212535	0.000187488	0.000901286	0.11621	0.000306468	0.00177409	0.000236817	0.00148842	0.00217995	0.000984177	0.000263281	0.00125989	0.000375668	0.356893	0.0246761	0.00862968	0.000308024	0.00448357
126	0.0587623	0.00928029	0.000582753	0.00437935	0.193133	0.0256388	0.0015755	0.0954091	0.000646027	0.13532	0.052433	0.00809052	0.00096102	0.0046508	0.0017177	0.0217861	0.00358829	0.0623601	0.0402134	0.279472
127	0.177372	0.00961088	0.000148565	0.000178367	0.0697973	0.0857124	0.000267087	0.109007	0.000239141	0.251313	0.0525646	0.000273773	0.00122611	0.000355404	0.000264655	0.0727291	0.0432457	0.113279	0.011982	0.000434041
128	0.0713537	0.0135076	6.07949e-05	7.00932e-05	0.0779714	0.0193413	0.00010318	0.219859	9.76389e-05	0.287063	0.0442386	7.9558e-05	0.000332159	0.000166593	0.000140137	0.0175686	0.0236987	0.221568	0.000496501	0.0022833
129	0.177591	0.00279421	0.00636771	0.000638029	0.0190936	0.0403623	0.0011368	0.182881	0.0129337	0.105493	0.0843526	0.00164423	0.0174803	0.023082	0.000979327	0.0691763	0.068089	0.170984	0.00159822	0.0133222
130	0.0267335	0.00376279	0.00170142	0.00339641	0.0232687	0.00866901	0.0028517	0.00885825	0.00459074	0.0249668	0.00859107	0.00603377	0.780931	0.00643433	0.00535862	0.0452915	0.019115	0.0125079	0.00189242	0.0050446
131	0.0321073	0.00675089	0.000265834	0.000358026	0.138615	0.0081958	0.000481019	0.196792	0.00044707	0.24242	0.0549166	0.000554062	0.00561799	0.000645664	0.00202134	0.00388245	0.0246637	0.187904	0.0330727	0.060288
132	0.0450842	0.0122859	0.000287553	0.00228139	0.187415	0.0151557	0.000514989	0.128942	0.00328009	0.246677	0.0676264	0.00436149	0.00195884	0.00238696	0.00355921	0.0119389	0.00943976	0.0977872	0.0375728	0.121445
133	0.0759961	0.0101987	0.000124408	0.000115841	0.0434326	0.00994444	0.00019414	0.276182	0.00053816	0.198588	0.0709384	0.000208069	0.00043925	0.0017377	0.00017528	0.0179558	0.0249943	0.263335	0.00214308	0.00275848
134	0.338825	0.0247713	0.000683287	0.000408198	0.0403059	0.402886	0.00137743	0.00554498	0.000655195	0.0296036	0.00706919	0.000690153	0.000808564	0.000775051	0.00155354	0.0890425	0.0348031	0.0178521	0.000585267	0.00175991
135	0.0731529	0.0138025	5.61245e-05	6.57001e-05	0.0788432	0.0200625	9.88493e-05	0.219485	8.82811e-05	0.284385	0.0414145	8.27523e-05	0.000296658	0.000107512	0.000103074	0.017821	0.0231757	0.22426	0.000414511	0.00228496
136	0.169842	0.0261206	0.00116353	0.00118593	0.016753	0.0499304	0.00155321	0.108716	0.00156196	0.0974576	0.0855537	0.0014421	0.00221701	0.00222011	0.0015803	0.0403299	0.290813	0.0963517	0.00235282	0.0028554
137	0.0701467	0.00567433	0.0134033	0.0009313	0.082923	0.00775353	0.00140486	0.116444	0.00166416	0.361823	0.177017	0.00154857	0.0170245	0.00242218	0.00178384	0.0272616	0.0186427	0.0846745	0.00148992	0.00596728
138	0.0828393	0.00950884	0.0041595	0.0141398	0.0183555	0.0855281	0.0119813	0.0330729	0.0146642	0.132115	0.232062	0.0240665	0.00505996	0.196725	0.00935979	0.0438783	0.0311698	0.0389542	0.0045514	0.00780904
139	0.0244984	0.000462104	0.000107378	0.000130219	0.0222318	0.00062443	0.00203317	0.362114	0.000344446	0.0992663	0.00722899	0.000294627	0.000208596	0.000231261	0.000183771	0.00162262	0.0133708	0.464579	0.000184557	0.00028374
140	0.0328192	0.00734421	0.00035156	0.000111442	0.0748756	0.0117618	0.000164087	0.191184	0.000164964	0.393695	0.0937735	0.000192264	0.0015073	0.00089502	0.000912744	0.00877201	0.0230478	0.154787	0.00104109	0.00260015
141	0.181406	0.00229911	0.000803492	0.000950711	0.00302159	0.0544165	0.00630816	0.0598835	0.00080921	0.00889443	0.00844553	0.00192129	0.00460629	0.00116222	0.0119572	0.263627	0.328635	0.0584799	0.00108944	0.00128317
142	0.41261	0.0261193	0.00173916	0.00135476	0.00160321	0.0774155	0.000970199	0.0061432	0.00101282	0.00307891	0.00314739	0.00180561	0.00135823	0.00246298	0.00111584	0.374561	0.065477	0.0153999	0.000462539	0.00216199
143	0.266698	0.228446	0.022433	0.00147402	0.0141909	0.164446	0.00374122	0.0369241	0.00170464	0.0406835	0.0414653	0.00250185	0.0021818	0.00284667	0.00225514	0.128711	0.0167681	0.0165861	0.00208356	0.00385908
144	0.135657	0.082193	0.00186583	0.00194595	0.188656	0.110458	0.0070554	0.0112977	0.00189495	0.112258	0.0459141	0.00311186	0.00286649	0.00303473	0.00241936	0.177804	0.0353214	0.0290609	0.00219288	0.0449922
145	0.0437869	0.00496818	0.00219665	0.00117462	0.0524658	0.0272242	0.00195625	0.128404	0.00135037	0.19378	0.207852	0.00196888	0.00292172	0.00389284	0.00174047	0.0344718	0.0218469	0.260069	0.00346881	0.00446011
146	0.401733	0.0326244	0.000865597	0.000164013	0.000765409	0.0650082	0.000271125	0.00232468	0.000202334	0.00129367	0.00275216	0.00112409	0.000219419	0.00247619	0.000261476	0.427084	0.0480078	0.0109796	0.000216094	0.00162582
147	0.0151205	0.00311859	0.00077241	0.000651636	0.632158	0.00563182	0.000895491	0.0527112	0.00134888	0.148317	0.0311795	0.00134573	0.00147644	0.00129305	0.00138358	0.0131974	0.00974578	0.0504407	0.00219246	0.0270197
148	0.48622	0.00978649	0.00240755	0.000256387	0.00129021	0.12184	0.000461235	0.00209793	0.000384318	0.00198641	0.00229882	0.00129364	0.000371183	0.00103812	0.000513694	0.332194	0.0192886	0.00865007	0.000323322	0.00729835
149	0.0254708	0.00436641	0.0123275	0.0169454	0.00978095	0.0136282	0.590831	0.012024	0.0146107	0.0127547	0.00957127	0.0260654	0.00383954	0.139203	0.00747121	0.0297271	0.0457941	0.0161166	0.00254716	0.00692569
150	0.188457	0.00841514	0.0018308	0.00349378	0.014533	0.557457	0.00215482	0.0122581	0.00549246	0.0213543	0.00942589	0.00480019	0.00223432	0.0059869	0.00618688	0.0785879	0.0550135	0.0159869	0.00282963	0.00350139
151	0.474859	0.0112453	0.0023153	0.000222056	0.000965088	0.118764	0.00033825	0.00189981	0.00025918	0.00166185	0.0021765	0.00117415	0.000276393	0.00121444	0.000415526	0.345864	0.0216249	0.00975964	0.000251564	0.00471367
152	0.0479282	0.00340258	0.0679377	0.0493084	0.0121977	0.0176302	0.0922374	0.014196	0.0451478	0.0185482	0.0125131	0.335667	0.00931278	0.0685605	0.016031	0.106467	0.0354491	0.0259851	0.00141483	0.020065
153	0.0684746	0.00974586	0.347235	0.0415185	0.0199705	0.0407926	0.0291147	0.0288217	0.0397644	0.032693	0.024627	0.0549353	0.0131785	0.0423181	0.0201471	0.0793668	0.0458115	0.0401447	0.00562215	0.0157186
154	0.0633418	0.00555679	0.00549018	0.00262878	0.0156207	0.0188865	0.0039129	0.207861	0.0343305	0.0601381	0.0316532	0.00593014	0.00444958	0.00913893	0.00480122	0.028832	0.027133	0.457275	0.00606065	0.00695882
155	0.471346	0.0115725	0.00306375	0.00020671	0.000960186	0.119493	0.000313597	0.00206041	0.000240592	0.00163868	0.00236855	0.00116895	0.00032396	0.00120531	0.000435599	0.347549	0.0217557	0.00905495	0.000316662	0.00492586
156	0.0684064	0.00795487	0.0163505	0.0178016	0.016627	0.0387548	0.0257184	0.0231107	0.0223185	0.0687593	0.0275805	0.403784	0.00736872	0.0232405	0.0157497	0.109545	0.0563765	0.0316742	0.00517832	0.0137005
157	0.454385	0.0155811	0.00145134	0.000842552	0.00485947	0.120117	0.00351671	0.0187007	0.00127852	0.0106562	0.0118949	0.00218351	0.00128888	0.00163897	0.00231405	0.231839	0.0739549	0.0406849	0.000673195	0.0021386
158	0.008752	0.000728996	0.000271987	0.000253464	0.00791082	0.00130695	0.000346935	0.645084	0.000363484	0.0217104	0.0281658	0.00180967	0.000431014	0.00152951	0.000384158	0.00397558	0.0123238	0.26383	0.000300493	0.000521664
159	0.277978	0.00858715	0.000615177	0.000825843	0.0124538	0.559187	0.00178269	0.00613936	0.000980761	0.0176048	0.00630973	0.00123692	0.00151562	0.00128604	0.00984494	0.0584336	0.0219041	0.0108024	0.000873352	0.0016386
160	0.0262895	0.00450136	0.00196259	0.0021657	0.023732	0.00910666	0.0023026	0.0130396	0.00346267	0.0400208	0.0108203	0.00384939	0.774018	0.00438194	0.00329088	0.0351153	0.016898	0.0167907	0.00301901	0.00523283
161	0.0412035	0.00502906	9.68563e-05	0.000121651	0.0476519	0.00827941	0.000977973	0.304778	0.00017141	0.189932	0.0211146	0.000230556	0.000336497	0.000203175	0.000182007	0.00727745	0.0167537	0.353878	0.000409617	0.00137248
162	0.466743	0.0152256	0.00122381	0.00109122	0.00704913	0.0190466	0.0187434	0.0342717	0.00134005	0.0124207	0.0268799	0.00274849	0.00242848	0.00178588	0.00181252	0.207629	0.0329223	0.142801	0.00177569	0.00206191
163	0.523385	0.00821675	0.000925629	0.000441186	0.0075559	0.195425	0.00778428	0.037687	0.000531745	0.0188536	0.0284636	0.000836205	0.000705072	0.000707914	0.00100943	0.0744736	0.0324627	0.0588093	0.000549992	0.00117666
164	0.00927854	0.000691329	0.000216609	0.000195019	0.00521024	0.00109811	0.000346714	0.674493	0.000283933	0.0348789	0.0389621	0.00268237	0.000404653	0.0022468	0.000373444	0.00511233	0.0100599	0.212674	0.000297476	0.000494614
165	0.0784195	0.00401701	0.00124124	0.0179752	0.0322124	0.00715852	0.0325735	0.0948507	0.00119465	0.162111	0.0421574	0.0525781	0.00202637	0.00320522	0.00182576	0.0409434	0.0213439	0.215459	0.0213813	0.167326
166	0.0612483	0.00543408	0.000128158	0.000143142	0.0269197	0.00377191	0.000607958	0.326129	0.000433698	0.152096	0.0614203	0.000262837	0.000271197	0.00169374	0.000203176	0.0119659	0.0234583	0.320249	0.00199313	0.00157028
167	0.00868699	0.0012748	0.000646766	0.000105416	0.0711245	0.00372909	0.000198881	0.160412	0.000165578	0.495621	0.134234	0.000219145	0.00192217	0.00118694	0.00181918	0.00430833	0.0305398	0.0828464	0.000161136	0.000797232
168	0.164518	0.00921667	0.000825507	0.000281838	0.0700917	0.0501616	0.000342689	0.140417	0.000599039	0.243647	0.0464198	0.000341335	0.00449417	0.00087094	0.000454826	0.0514135	0.0314409	0.177498	0.00573598	0.00122917
169	0.0352364	0.00835607	0.000239728	0.000298164	0.128591	0.00887141	0.000405889	0.197739	0.000375092	0.252907	0.0588705	0.000502409	0.00459487	0.000568205	0.00174106	0.00517521	0.0238225	0.191383	0.0281367	0.0521859
170	0.116104	0.121554	0.00465043	0.00262667	0.144583	0.186655	0.0087416	0.0203183	0.0038372	0.0727601	0.0713582	0.00486134	0.00394177	0.00511626	0.00363529	0.14159	0.0297512	0.0295147	0.00415295	0.0242484
171	0.299151	0.0161662	0.000526846	0.00030661	0.0175012	0.516834	0.000934555	0.0034071	0.000401939	0.0169057	0.00411711	0.000508037	0.000466055	0.000523471	0.00259062	0.0832084	0.0273078	0.00777974	0.00051224	0.000851496
172	0.0731529	0.0138025	5.61245e-05	6.57001e-05	0.0788432	0.0200625	9.88493e-05	0.219485	8.82811e-05	0.284385	0.0414145	8.27523e-05	0.000296658	0.000107512	0.000103074	0.017821	0.0231757	0.22426	0.000414511	0.00228496
173	0.351391	0.0166536	0.0036371	0.00296056	0.011455	0.279825	0.00286506	0.016811	0.00275643	0.0181637	0.0259099	0.00412497	0.0014027	0.00341239	0.00292658	0.19234	0.0331565	0.0253815	0.00114651	0.00368045
174	0.0102095	0.00181381	0.000554117	0.0001189	0.0637913	0.00408693	0.000297405	0.228688	0.000211448	0.43359	0.121697	0.000672403	0.00188585	0.00158169	0.00152602	0.00439272	0.0261234	0.096315	0.000908464	0.00153657
175	0.206433	0.0661547	0.00135347	0.00122287	0.00682131	0.00706497	0.00510986	0.0497768	0.00179557	0.0274033	0.0413686	0.00212861	0.00203389	0.00258563	0.00180737	0.225391	0.0312198	0.315879	0.00173586	0.00271466
176	0.0948471	0.0154366	7.09612e-05	9.13722e-05	0.0786134	0.0224386	0.00012958	0.208254	0.000131996	0.256486	0.0377836	0.000148953	0.000475858	0.000140942	0.000138255	0.0201786	0.0258124	0.236225	0.000596051	0.00200038
177	0.180933	0.00884327	0.00131485	0.00140047	0.0140341	0.636623	0.00138173	0.00637968	0.00613119	0.0207742	0.00785663	0.00381864	0.00129482	0.00274612	0.00849776	0.0593702	0.026315	0.00864556	0.00153707	0.00210292
178	0.0128964	0.00187784	0.000600989	0.00011125	0.0685029	0.00401782	0.000213236	0.175063	0.000206391	0.468799	0.126066	0.000214952	0.00209451	0.00133256	0.00158718	0.00484718	0.0274978	0.101866	0.000626841	0.0015782
179	0.178532	0.00948869	0.00013558	0.000167727	0.0689334	0.08362	0.000266744	0.108118	0.000223055	0.249515	0.0521756	0.000278861	0.00122537	0.000354208	0.000276478	0.0734747	0.0453523	0.115217	0.0121974	0.00044782
180	0.0206288	0.0029966	0.00050193	0.000133294	0.0603309	0.00466373	0.000358429	0.192638	0.000386779	0.409549	0.126924	0.000400728	0.0015237	0.00194128	0.00137386	0.00820758	0.0328581	0.132215	0.00108748	0.00128043
181	0.0420675	0.00700867	0.000668811	0.00212431	0.136297	0.0104367	0.00101769	0.0582851	0.000864311	0.273062	0.0917954	0.00417415	0.00103654	0.00252444	0.0020068	0.0102045	0.00480104	0.0663112	0.10879	0.176524
182	0.192144	0.00943843	0.00137791	0.00138939	0.0139376	0.637731	0.00106159	0.00486578	0.00381167	0.0173361	0.00593562	0.00375133	0.000883007	0.00218766	0.00583349	0.0623017	0.0242879	0.00829237	0.00133158	0.0021014
183	0.0388669	0.00298293	0.00118782	0.0590971	0.0278753	0.00533498	0.0550849	0.00694966	0.117669	0.00823349	0.00612802	0.00736458	0.0510478	0.100348	0.193342	0.0539441	0.0257215	0.00948419	0.0206945	0.208643
184	0.00986031	0.00149651	0.000585652	0.00792474	0.0162808	0.0684614	0.013246	0.00275828	0.407412	0.0101861	0.00454282	0.0415686	0.0115799	0.0163236	0.359717	0.00309323	0.00924983	0.00728123	0.000654519	0.00777803
185	0.0617486	0.00858613	0.000949199	0.000688738	0.0534573	0.0156171	0.00154393	0.210161	0.00125736	0.243174	0.0559333	0.000719002	0.00174846	0.00215951	0.00122366	0.0202522	0.0454809	0.266795	0.00323332	0.00527147
186	0.00851669	0.0015115	0.000570296	0.000516771	0.00324813	0.00266742	0.000891702	0.682683	0.000674352	0.0368356	0.100409	0.00350068	0.000822853	0.00301335	0.00111246	0.00602517	0.00727273	0.137954	0.000639069	0.00113549
187	0.0673085	0.0030483	0.0662145	0.185613	0.00402765	0.0473836	0.025333	0.00139357	0.137399	0.0117581	0.00129525	0.0459259	0.00331594	0.102534	0.0398258	0.14361	0.0886687	0.0155254	0.000346075	0.00947312
