263	20
1	0.0243192	0.0140259	0.0467598	0.0343299	0.0538309	0.0458329	0.0113841	0.0922017	0.0986033	0.268243	0.0537093	0.0259921	0.0191767	0.0359833	0.0240211	0.0428168	0.0331292	0.0456588	0.00761574	0.0223664
2	0.0296596	0.0209721	0.171652	0.319225	0.00753344	0.030884	0.0174349	0.0129661	0.0469908	0.0165554	0.0198662	0.0447736	0.0246584	0.0697442	0.0127352	0.0532619	0.0320222	0.0473674	0.00216932	0.0195279
3	0.00866898	0.00192808	0.0138925	0.0280007	0.00174172	0.00876072	0.0136623	0.0165331	0.420418	0.0102437	0.00659668	0.0163782	0.00715395	0.0525911	0.297892	0.0343944	0.0369173	0.0193987	0.000610101	0.00421813
4	0.075694	0.00636987	0.13865	0.287478	0.0106761	0.0554189	0.00493449	0.00811596	0.0468781	0.0217853	0.0146967	0.0509252	0.0108062	0.0471581	0.00435529	0.0614333	0.0548375	0.052282	0.000913455	0.0465918
5	0.00617868	0.0169158	0.00716755	0.00613843	0.160915	0.0102349	0.00776887	0.0604298	0.0135794	0.458183	0.0821413	0.0123313	0.0106758	0.0291031	0.00848413	0.0175623	0.011515	0.0323856	0.013547	0.0347425
6	0.114074	0.00968054	0.00929485	0.0120884	0.00456556	0.288888	0.0254084	0.0125281	0.031317	0.0585983	0.00747183	0.137109	0.0356553	0.0414473	0.0153989	0.134391	0.0234769	0.0146836	0.00131387	0.0226096
7	0.0126604	0.0157663	0.00315154	0.00921772	0.374191	0.0130235	0.0252519	0.0495538	0.0135183	0.0985404	0.0103031	0.0148645	0.00360192	0.0184912	0.0125862	0.0262487	0.0064417	0.0182753	0.0136199	0.260693
8	0.0134313	0.0192715	0.00254092	0.00903577	0.372526	0.010375	0.0298812	0.0623467	0.0134882	0.0560669	0.00527364	0.0180627	0.00233157	0.0154295	0.0164222	0.0270548	0.00880078	0.0218029	0.0179303	0.277929
9	0.0499661	0.0105357	0.0138699	0.0279261	0.0057091	0.264303	0.0427658	0.00982764	0.0414357	0.0381073	0.00887762	0.182025	0.0100486	0.0965238	0.0154018	0.106882	0.0266744	0.0107343	0.00221112	0.0361754
10	0.00902851	0.0171374	0.00520963	0.00655973	0.248923	0.00992109	0.0193898	0.0550246	0.0123802	0.330781	0.0514813	0.0140737	0.00761513	0.023949	0.0100229	0.0206501	0.00907843	0.0249293	0.0142417	0.109603
11	0.0319994	0.016761	0.0233259	0.160243	0.00697504	0.0154048	0.0669702	0.0208624	0.0414275	0.0656457	0.0129566	0.0331089	0.022301	0.0474666	0.114515	0.132391	0.0903889	0.0788411	0.00376826	0.0146474
12	0.00539964	0.0191363	0.00816717	0.00676777	0.166696	0.0127095	0.00675853	0.0448473	0.0138457	0.454037	0.0725582	0.012845	0.0169199	0.0356066	0.00639744	0.0189021	0.00894359	0.0285142	0.019089	0.0418585
13	0.0941406	0.0297273	0.0723171	0.0462378	0.00441935	0.182826	0.0107931	0.0115939	0.0874252	0.0172645	0.00662508	0.0608166	0.00776124	0.0334857	0.0345307	0.240048	0.0379405	0.0122361	0.00101081	0.00879986
14	0.0413517	0.0106682	0.014233	0.0254999	0.0190033	0.229503	0.0503827	0.0122863	0.0394234	0.0390583	0.0114098	0.201954	0.0100158	0.0756453	0.0158694	0.091009	0.0250573	0.0140667	0.00271896	0.0708433
15	0.0332813	0.0538762	0.0125126	0.00961713	0.0357304	0.0123359	0.0163715	0.233938	0.0281054	0.0473894	0.04345	0.0312681	0.00956106	0.0403033	0.0143906	0.0882485	0.178038	0.0937731	0.00171236	0.0160973
16	0.0572511	0.202463	0.0244072	0.0291754	0.0301337	0.0297047	0.0352161	0.0520474	0.0422133	0.0541731	0.0242472	0.0482	0.0136538	0.0517597	0.040962	0.133437	0.0628161	0.0394804	0.00385967	0.0247998
17	0.0290218	0.0158852	0.0177121	0.0422514	0.0578594	0.0242664	0.0481305	0.0463337	0.0498244	0.208531	0.046617	0.0455743	0.0170586	0.134787	0.0240883	0.0624756	0.052558	0.0350017	0.00871075	0.0333131
18	0.144132	0.0804533	0.0214175	0.021489	0.0144261	0.0295806	0.0179516	0.103517	0.0344645	0.0547855	0.0271293	0.0400686	0.0279582	0.0333339	0.0243353	0.121104	0.0790814	0.104651	0.00298231	0.0171395
19	0.00773682	0.0177581	0.00699935	0.00660761	0.154977	0.0100385	0.00838629	0.0756624	0.0140023	0.424919	0.0761511	0.0129948	0.0101298	0.0294269	0.00735296	0.0198137	0.0148699	0.0443058	0.0131206	0.0447463
20	0.0136472	0.0151484	0.00243486	0.0107726	0.385353	0.0112207	0.03039	0.0503883	0.0142734	0.0576251	0.00504641	0.016595	0.00217917	0.0159238	0.0135819	0.027944	0.00686363	0.0198577	0.0140505	0.286704
21	0.026599	0.012712	0.00422518	0.0100292	0.317618	0.0133209	0.0626601	0.0433205	0.0183918	0.0581719	0.0137837	0.0306236	0.00273363	0.0259709	0.0212965	0.0407183	0.0198883	0.0163137	0.0106713	0.250951
22	0.0334916	0.0886327	0.0155314	0.0131352	0.0313948	0.014637	0.0184812	0.215747	0.0284307	0.0577826	0.0420493	0.0322424	0.00869489	0.03962	0.0181682	0.075889	0.136194	0.11116	0.00227672	0.0164416
23	0.0900132	0.00490876	0.0301714	0.0403112	0.00381201	0.00946924	0.0108173	0.0804973	0.220766	0.0831021	0.0178616	0.0203783	0.0846383	0.037231	0.0484924	0.046902	0.0755817	0.0845026	0.0021895	0.00835449
24	0.0237591	0.00697451	0.173769	0.306236	0.00884665	0.0527212	0.0139801	0.0208456	0.040909	0.0197795	0.00852285	0.0299399	0.067566	0.0551868	0.0108271	0.0659331	0.0217629	0.0566021	0.00452116	0.0113176
25	0.00958916	0.0171693	0.00632147	0.00769503	0.225804	0.0117408	0.0130914	0.0523191	0.0139354	0.343135	0.0559925	0.0152886	0.00905335	0.0277088	0.00855878	0.0248559	0.0115659	0.0303703	0.0143545	0.10145
26	0.0201393	0.00863611	0.0155183	0.0205065	0.0120635	0.0151288	0.0284886	0.0261296	0.27853	0.0418075	0.0762528	0.0414079	0.0107816	0.0544399	0.19311	0.046207	0.0480697	0.0297404	0.00346125	0.0295811
27	0.00234415	0.00950771	0.338565	0.332685	0.000977023	0.00200257	0.0262004	0.00926973	0.0343483	0.00472942	0.00304267	0.0789655	0.00708226	0.067408	0.0268547	0.0257363	0.0155164	0.00927623	0.00042679	0.00506165
28	0.0522341	0.00686036	0.00866363	0.0159271	0.0276317	0.00854132	0.0532788	0.0129667	0.215925	0.0532269	0.0392908	0.0528469	0.00753891	0.198483	0.1044	0.0529859	0.0304998	0.0129213	0.00564719	0.0401302
29	0.00901256	0.0117818	0.00779088	0.00746501	0.0976173	0.00842453	0.00734892	0.066953	0.018713	0.434616	0.148039	0.0131622	0.00999802	0.0249769	0.00649691	0.0208729	0.0159389	0.0521392	0.0095323	0.029121
30	0.0101313	0.0108571	0.00859874	0.00756712	0.0845292	0.00823504	0.00781281	0.0857092	0.0205242	0.411017	0.138837	0.0141362	0.00875228	0.0255513	0.00685536	0.0236324	0.0185241	0.0703023	0.00800641	0.0304214
31	0.13683	0.013424	0.0562631	0.0150949	0.013676	0.0153916	0.0222351	0.0210511	0.0169302	0.0605082	0.0417143	0.0758631	0.0263558	0.0607491	0.0120197	0.196015	0.149144	0.0423236	0.00177307	0.0226375
32	0.141279	0.151109	0.0220029	0.0168691	0.00999384	0.0470316	0.0185092	0.0171649	0.0438615	0.0717568	0.0112015	0.0360969	0.0171065	0.0367038	0.0666758	0.209767	0.051222	0.0199889	0.00225552	0.00940447
33	0.0544485	0.0177097	0.0166428	0.0235553	0.0225089	0.0106151	0.0169736	0.0865341	0.0389088	0.164225	0.0381336	0.0315547	0.033259	0.0410457	0.0244077	0.0655349	0.172724	0.117177	0.00367091	0.0203706
34	0.16492	0.0700599	0.0396635	0.0294757	0.00359785	0.124769	0.0089278	0.00823662	0.0732844	0.0126122	0.00483082	0.0423268	0.00748231	0.0397267	0.0392405	0.267439	0.0496868	0.00808776	0.00104713	0.00458511
35	0.023114	0.00763889	0.230035	0.318614	0.00668024	0.0322309	0.0149186	0.013794	0.0446044	0.0281297	0.00759686	0.0488935	0.0271988	0.0547774	0.0143763	0.0438672	0.024995	0.0420972	0.00208131	0.0143562
36	0.0575804	0.0191235	0.0196565	0.0246998	0.0289268	0.0171134	0.0259563	0.0627529	0.0370104	0.169066	0.0445916	0.0496516	0.025785	0.0521509	0.0250095	0.139958	0.109345	0.0609075	0.00408434	0.0266311
37	0.00906575	0.016414	0.00587547	0.00746815	0.255967	0.0117604	0.0151096	0.0482434	0.0132802	0.309848	0.0475359	0.0134416	0.00862741	0.0272965	0.00886463	0.0219925	0.00877269	0.0250533	0.015456	0.129928
38	0.100644	0.00706528	0.0211816	0.0084956	0.0448081	0.0108901	0.0795876	0.0372159	0.0380307	0.0467616	0.0501455	0.065766	0.00583343	0.0835981	0.0331837	0.0994388	0.146887	0.015043	0.00174093	0.103683
39	0.0368327	0.0164225	0.0175544	0.0595582	0.00360977	0.0115052	0.0617086	0.0120309	0.0143147	0.0257029	0.0183417	0.14139	0.0214514	0.135133	0.0131881	0.287804	0.0862826	0.00978091	0.003677	0.0237112
40	0.0122925	0.0197896	0.00357796	0.00143339	0.0102006	0.00109663	0.00150184	0.429142	0.00451151	0.107514	0.0487374	0.00706524	0.00107715	0.00285848	0.00417374	0.0226594	0.0318909	0.282424	0.000290159	0.00776383
41	0.0773497	0.0338288	0.0140944	0.0216528	0.0118335	0.0150244	0.0210284	0.00996129	0.0146769	0.0166681	0.0187679	0.124097	0.0214314	0.0616476	0.00948181	0.345477	0.139683	0.0284913	0.00323813	0.011567
42	0.0652381	0.0104545	0.0143582	0.0114475	0.0426054	0.028866	0.0117311	0.0124898	0.0263701	0.0386184	0.0399973	0.148182	0.0115835	0.0452365	0.00776828	0.310739	0.125542	0.0347147	0.0033103	0.0107475
43	0.0675247	0.0173528	0.0222644	0.0554741	0.00401151	0.00737108	0.0561143	0.0150583	0.0133385	0.0175545	0.0210229	0.0997907	0.0340819	0.109248	0.0167826	0.309763	0.103588	0.0136846	0.00212267	0.0138515
44	0.0169252	0.00491946	0.0166695	0.0510596	0.00283959	0.013143	0.0285272	0.0162809	0.333832	0.0144688	0.00827023	0.025957	0.00841655	0.0810263	0.229862	0.0637977	0.0565341	0.0192503	0.00145308	0.00676762
45	0.00846825	0.00199932	0.0136357	0.0274148	0.0016818	0.00893754	0.0139245	0.0161402	0.415868	0.00959117	0.0064694	0.0161962	0.00717515	0.0538028	0.30581	0.0344419	0.0355702	0.0183678	0.000584299	0.00392153
46	0.00871378	0.00273247	0.0206007	0.0248773	0.00191371	0.0159886	0.0150124	0.0155296	0.39737	0.0188574	0.00846935	0.018614	0.00680826	0.0462725	0.29662	0.0340618	0.0412535	0.019681	0.000624034	0.00599916
47	0.0274359	0.050499	0.00816948	0.00636664	0.0904949	0.0120656	0.0188314	0.143128	0.0321612	0.0315489	0.0731842	0.0293808	0.00468983	0.0557127	0.0159735	0.0412657	0.249424	0.0861384	0.00141975	0.0221098
48	0.0690936	0.032135	0.0324953	0.0316924	0.0095329	0.155085	0.0274348	0.0187694	0.10196	0.0305612	0.0134138	0.0701027	0.0144247	0.0509054	0.102911	0.147686	0.0456723	0.0222817	0.00219817	0.0216454
49	0.0613522	0.0159505	0.0173988	0.0157661	0.00828168	0.0123034	0.0174662	0.0165896	0.0198795	0.0284131	0.015151	0.0366015	0.0613926	0.0615402	0.0169635	0.191423	0.165652	0.187746	0.00299163	0.0471371
50	0.0123168	0.020275	0.00329194	0.00107609	0.00998346	0.00086554	0.00130947	0.439178	0.00375553	0.100504	0.0435179	0.00672319	0.000794321	0.00232163	0.00421203	0.0221907	0.0315625	0.288721	0.000274374	0.00712666
51	0.201771	0.0193584	0.0152375	0.0116158	0.00571267	0.0546562	0.0316981	0.0370269	0.0166445	0.0419314	0.0127277	0.0718363	0.0706143	0.0254269	0.0343534	0.237684	0.0561706	0.0432907	0.00185013	0.0103937
52	0.103782	0.0270256	0.0186481	0.0262882	0.00675854	0.0181199	0.0211545	0.0204884	0.0242024	0.0368448	0.0189902	0.0563626	0.0873218	0.0509028	0.0208012	0.208841	0.181803	0.0449427	0.00269885	0.0240237
53	0.00901829	0.00194578	0.0135079	0.0271101	0.00193084	0.00865452	0.014505	0.0190146	0.417571	0.0105986	0.00708977	0.0168174	0.00710129	0.0513423	0.297701	0.0339928	0.0358501	0.0207468	0.000564796	0.00493752
54	0.0151206	0.00285023	0.0139336	0.0330353	0.00304078	0.00881193	0.0145601	0.0170228	0.404862	0.0116686	0.00805672	0.0174061	0.00817572	0.0594315	0.278374	0.0416606	0.0370707	0.0188407	0.000749924	0.00532844
55	0.00859322	0.0144463	0.00706118	0.00628127	0.128704	0.00773677	0.00739572	0.0878301	0.0156506	0.427516	0.102026	0.0129246	0.00915574	0.0277536	0.00644127	0.02014	0.0168885	0.0513001	0.0104121	0.0317423
56	0.0129696	0.02025	0.00386759	0.00119754	0.00984306	0.000895233	0.00147624	0.437049	0.00414367	0.0987752	0.0448671	0.00689885	0.000974539	0.00256138	0.0050432	0.023156	0.0319061	0.28665	0.000297607	0.00717844
57	0.0537302	0.00646598	0.010821	0.109057	0.00660749	0.0622533	0.054445	0.0139409	0.0608511	0.0403567	0.025211	0.0888266	0.00548815	0.242056	0.015448	0.0611018	0.0983481	0.00960925	0.00284032	0.0325425
58	0.0172879	0.00805714	0.0132566	0.0167012	0.0103661	0.0147784	0.0292651	0.0199169	0.279914	0.040945	0.0516184	0.0578921	0.00788193	0.0359576	0.143364	0.0363463	0.0673926	0.0487295	0.00342373	0.0969048
59	0.0131039	0.0160661	0.00395774	0.00212428	0.00897601	0.00124208	0.00212017	0.384509	0.00563203	0.181296	0.0365374	0.00778982	0.00133076	0.00578658	0.00408695	0.0233295	0.0282209	0.265627	0.000376582	0.00788807
60	0.00852989	0.00186867	0.0137364	0.0276384	0.0016419	0.00879143	0.0138817	0.0163235	0.41944	0.00904797	0.00656597	0.0160086	0.00740718	0.0527519	0.303824	0.0347767	0.0351124	0.0182574	0.000565947	0.0038295
61	0.017836	0.00900499	0.0393621	0.0215542	0.00452932	0.038537	0.0163178	0.0180872	0.285491	0.0662659	0.0149207	0.02614	0.00919885	0.0381385	0.218595	0.0437455	0.087452	0.0275049	0.00257874	0.0147406
62	0.0327752	0.0091788	0.113923	0.205081	0.0120332	0.0665253	0.0187463	0.0417453	0.0938922	0.055783	0.0178495	0.061229	0.0209106	0.0976107	0.0154633	0.0517934	0.0302634	0.0348944	0.00231647	0.0179856
63	0.0330355	0.00981674	0.0109466	0.0204746	0.0206781	0.181758	0.0949031	0.011863	0.0682234	0.0328163	0.0199024	0.191492	0.00853437	0.0726949	0.0225239	0.0760199	0.0273548	0.0127988	0.00458409	0.0795791
64	0.0298323	0.00685673	0.155795	0.315427	0.00930938	0.0607412	0.0108356	0.0158704	0.0453253	0.0206748	0.00875352	0.0281774	0.0572913	0.0548041	0.00824645	0.0612903	0.0237131	0.0685234	0.00404523	0.0144872
65	0.0470218	0.00750171	0.0215102	0.0221353	0.0318391	0.00508866	0.0242254	0.173886	0.0313485	0.255674	0.0407047	0.0191712	0.00687411	0.0483645	0.00900255	0.0597148	0.0375217	0.0948025	0.00154718	0.0620654
66	0.0223371	0.0174668	0.0128302	0.0212747	0.142189	0.0194675	0.0363345	0.0522551	0.0765546	0.187782	0.0812408	0.0348905	0.0108731	0.0474437	0.0244053	0.0468241	0.0468572	0.0398535	0.00858255	0.0705379
67	0.00376002	0.0112827	0.323222	0.308885	0.00144597	0.00263759	0.0274732	0.0107208	0.0370851	0.00560195	0.00451208	0.0905242	0.00715808	0.0693379	0.0327074	0.0282953	0.0179341	0.010473	0.000721887	0.00622228
68	0.0464371	0.00500834	0.00690022	0.0110619	0.00303446	0.333417	0.0394831	0.00600834	0.0320011	0.0369989	0.00486215	0.2118	0.0101974	0.0667751	0.0112349	0.109098	0.0142702	0.00703018	0.00131526	0.0430661
69	0.0173345	0.0118193	0.00806802	0.0354949	0.173006	0.0654957	0.120128	0.0208972	0.0746773	0.0315474	0.0474516	0.0636105	0.00547354	0.0329705	0.0179165	0.0409127	0.0252155	0.0145245	0.00747248	0.185984
70	0.0466634	0.00772097	0.0170643	0.0163809	0.0212773	0.00863637	0.0192643	0.120985	0.0616626	0.18528	0.0927709	0.0659136	0.0101355	0.08381	0.0125198	0.0669141	0.0532835	0.0416422	0.00227744	0.0657987
71	0.0207465	0.0196388	0.0287538	0.0829344	0.0100234	0.0170052	0.175498	0.0236996	0.0595643	0.0261686	0.0146018	0.0626117	0.00826348	0.239433	0.0324315	0.0680156	0.0693699	0.0135288	0.00423037	0.0234815
72	0.00893801	0.00977007	0.0166545	0.107708	0.00352785	0.00992105	0.220843	0.0238132	0.0691393	0.0172857	0.00699551	0.0297264	0.00422307	0.304314	0.0257456	0.0405764	0.079287	0.00740596	0.00388182	0.0102439
73	0.0235366	0.0172563	0.24937	0.246724	0.00751882	0.01907	0.0282109	0.0188711	0.0421496	0.0242317	0.0120516	0.0720997	0.01722	0.0650674	0.0283204	0.0577232	0.0301959	0.0241521	0.00216733	0.0140638
74	0.168488	0.109094	0.0200019	0.0159121	0.00636519	0.0656472	0.014048	0.0106627	0.0295579	0.0159484	0.00699492	0.0395914	0.0211853	0.0334235	0.0255144	0.295416	0.0967282	0.0153069	0.00116063	0.00895328
75	0.0281287	0.0227434	0.0318191	0.0572192	0.0114083	0.037726	0.154311	0.0180363	0.0510586	0.0323555	0.0230613	0.124829	0.00944017	0.167749	0.0318287	0.0813536	0.0632994	0.0130286	0.00516942	0.0354359
76	0.0108389	0.00986532	0.282978	0.331631	0.0033131	0.013731	0.0239128	0.0112479	0.0367037	0.00964945	0.00520574	0.0644042	0.0175302	0.0662695	0.0214564	0.038489	0.0220465	0.0206816	0.00111646	0.00893006
77	0.00998027	0.029659	0.00729391	0.00874147	0.214484	0.0125044	0.0155761	0.0514816	0.0168329	0.337548	0.0540165	0.0173215	0.00948046	0.0289993	0.0108339	0.0263953	0.0151995	0.0296659	0.0138982	0.0900875
78	0.00507176	0.0192909	0.00800527	0.00653004	0.170758	0.0133963	0.00645032	0.0423352	0.0133459	0.456321	0.0728218	0.0120893	0.0142766	0.035688	0.00565867	0.0186853	0.00851721	0.0281906	0.0185005	0.0440673
79	0.0376328	0.0133666	0.0205276	0.022138	0.0202057	0.0134625	0.0206521	0.107888	0.0814899	0.140392	0.123104	0.0781882	0.0181029	0.0512019	0.0169577	0.0878879	0.0600789	0.051368	0.00335345	0.0320028
80	0.0136064	0.0214185	0.00292226	0.00956968	0.355567	0.0113468	0.0335923	0.0620389	0.0150926	0.0529101	0.0053984	0.0181456	0.00275494	0.0160891	0.0155021	0.0278387	0.00906416	0.0199622	0.025984	0.281196
81	0.00543078	0.0194747	0.00737806	0.00630124	0.166369	0.010824	0.00684879	0.0458912	0.0132324	0.462345	0.0771411	0.0129528	0.0120049	0.0327683	0.00632967	0.0179124	0.00993027	0.0311399	0.0156576	0.0400675
82	0.0131062	0.0157658	0.00420813	0.00231233	0.00903912	0.00120451	0.00224851	0.380994	0.00577473	0.187943	0.0356169	0.00778509	0.00131638	0.00616163	0.00403123	0.0237731	0.0282066	0.261997	0.000357	0.00815885
83	0.0153687	0.0145606	0.285065	0.268328	0.002625	0.0117471	0.0284761	0.0147822	0.0368139	0.00954871	0.00784186	0.0958418	0.00988864	0.0676418	0.0291536	0.048207	0.0273176	0.0155384	0.00137726	0.00987739
84	0.0132163	0.0216565	0.146982	0.272201	0.00350651	0.0116772	0.07504	0.0161352	0.0464205	0.0105269	0.00746869	0.0475338	0.0144994	0.145586	0.018014	0.0671745	0.053641	0.0179839	0.0017165	0.00902064
85	0.0122225	0.0202612	0.00323459	0.00103616	0.0099846	0.000864505	0.00129388	0.439281	0.00360615	0.100536	0.0435864	0.00669956	0.000801347	0.00229895	0.00419428	0.0220889	0.0315984	0.289046	0.000274148	0.00709143
86	0.0826573	0.0504036	0.0583546	0.0667185	0.00502035	0.0103331	0.0424897	0.0299015	0.0249751	0.014786	0.0244276	0.114145	0.0193878	0.0674696	0.0169224	0.205782	0.117482	0.036256	0.00213413	0.0103539
87	0.00729633	0.0104009	0.28636	0.350992	0.00274744	0.00862938	0.0221763	0.0146784	0.0316636	0.00731752	0.00467416	0.0656771	0.0150049	0.0627496	0.0200215	0.0368564	0.0270159	0.0177001	0.000950682	0.00708773
88	0.0400503	0.0086612	0.0130402	0.0257337	0.0177015	0.00524382	0.0152879	0.150424	0.039666	0.280709	0.0362202	0.0287082	0.0122986	0.0433591	0.011172	0.0528159	0.0781565	0.109371	0.0011562	0.0302245
89	0.0133449	0.011115	0.00626027	0.00575613	0.0381432	0.00327191	0.00556862	0.236845	0.0148026	0.306192	0.0796423	0.0147557	0.00412261	0.0182408	0.00420844	0.0235315	0.0250427	0.16367	0.00317691	0.0223099
90	0.0910887	0.00503701	0.0140386	0.0523732	0.0041268	0.00511329	0.0259914	0.034434	0.0751617	0.099669	0.013202	0.0567475	0.115174	0.0402266	0.0664772	0.068229	0.140223	0.0842101	0.00224907	0.00622814
91	0.0517964	0.023187	0.020956	0.0261499	0.0152112	0.0209747	0.0278358	0.0211945	0.0296144	0.0237768	0.0248771	0.205623	0.017947	0.0533691	0.0204138	0.195358	0.146233	0.0507519	0.00818715	0.0165443
92	0.0109741	0.0178437	0.00932744	0.00953239	0.124926	0.0126349	0.00966164	0.0401925	0.0358026	0.435096	0.0704814	0.0191365	0.0135466	0.0365141	0.0102253	0.0266012	0.0168347	0.0316467	0.0356521	0.0333705
93	0.0122974	0.0202878	0.00324054	0.00103996	0.00997358	0.000881518	0.00129566	0.439438	0.00362748	0.100376	0.0435407	0.00673815	0.00080138	0.00229931	0.00419114	0.0221408	0.0316752	0.288796	0.000274148	0.00708585
94	0.0170908	0.0110388	0.0136456	0.0876994	0.00672241	0.0135134	0.154813	0.0183458	0.0945994	0.0377727	0.0115051	0.0345873	0.00568387	0.270805	0.0729998	0.0615218	0.0558905	0.010783	0.00432138	0.0166612
95	0.00234954	0.00946992	0.337504	0.331725	0.000984552	0.00211889	0.0262929	0.00924015	0.0351262	0.00482733	0.0031021	0.0793358	0.00706998	0.0676875	0.0272963	0.0255569	0.015495	0.00930986	0.000433491	0.00507474
96	0.0177706	0.0292031	0.0186527	0.00491035	0.00883363	0.0036853	0.00562532	0.422483	0.0139087	0.0600651	0.049651	0.0263129	0.00414602	0.0103867	0.00980985	0.075737	0.05156	0.177514	0.000906301	0.00883817
97	0.0144086	0.0183443	0.00818156	0.0149032	0.314954	0.0140003	0.0290739	0.0530542	0.0190612	0.135233	0.0263581	0.0215703	0.0051648	0.0259747	0.0141118	0.031836	0.0174798	0.025519	0.0119185	0.198854
98	0.0420908	0.00664051	0.0491416	0.199534	0.00855696	0.0673713	0.0429147	0.0151033	0.0714987	0.0306067	0.0124765	0.0748134	0.00943243	0.218635	0.0127719	0.0495237	0.0483209	0.0160717	0.00294451	0.0215522
99	0.0477761	0.0125557	0.0877947	0.191454	0.0118861	0.129951	0.027572	0.0174359	0.0541587	0.0315307	0.0137261	0.0615089	0.0262445	0.0751774	0.0214066	0.0915417	0.0382034	0.0344215	0.00284091	0.0228149
100	0.0199162	0.047426	0.00784349	0.00646477	0.0865279	0.0188903	0.0154134	0.175611	0.0436025	0.0381536	0.052709	0.0261701	0.0042733	0.0698278	0.0127258	0.0467004	0.232859	0.0750707	0.00158087	0.0182332
101	0.00825369	0.0163314	0.00814388	0.00723435	0.143952	0.0109458	0.00805196	0.059903	0.0162691	0.447322	0.0742761	0.0133063	0.012053	0.0399164	0.00543251	0.0208315	0.0118783	0.0374484	0.0149058	0.0435447
102	0.0825829	0.0103109	0.0166384	0.0620123	0.00952911	0.00969913	0.0207998	0.0419861	0.0426265	0.136329	0.0167179	0.0295711	0.0471229	0.0339359	0.060234	0.0582308	0.133197	0.171475	0.00302682	0.0139744
103	0.0388858	0.0285759	0.0154089	0.0241298	0.00973357	0.0120321	0.036121	0.0136539	0.0215688	0.0179291	0.0209666	0.15953	0.0157059	0.0821712	0.023936	0.238866	0.178607	0.0229958	0.0255116	0.0136705
104	0.0150653	0.0101797	0.0197233	0.130744	0.00377521	0.0179959	0.146264	0.0320106	0.0619196	0.0184621	0.0087152	0.0337336	0.0049457	0.326338	0.0193528	0.0429874	0.0834618	0.00902069	0.00420634	0.0110981
105	0.0303052	0.0235709	0.00691068	0.00543604	0.0193661	0.00448998	0.00664259	0.375468	0.0221016	0.0786209	0.040165	0.0131213	0.00405457	0.0163116	0.0123611	0.0353204	0.0831599	0.209608	0.0010771	0.0119092
106	0.0101297	0.00205475	0.0135269	0.0353549	0.00193066	0.00878638	0.0129956	0.0179454	0.412973	0.0114124	0.00646423	0.0160188	0.00733208	0.0544986	0.289551	0.0361961	0.0388808	0.018995	0.000742994	0.00421117
107	0.0583178	0.17623	0.0301825	0.0334084	0.03498	0.0350223	0.0321776	0.0504334	0.043978	0.0552207	0.0219421	0.0480656	0.0155283	0.0539245	0.0398081	0.130282	0.0701895	0.038504	0.00500984	0.0267948
108	0.0199203	0.0152561	0.0124865	0.0168507	0.103993	0.0178594	0.0227962	0.0617775	0.0332896	0.324889	0.0622958	0.0323598	0.0108041	0.06647	0.012986	0.0402055	0.0269854	0.0440491	0.0110551	0.0636716
109	0.0206634	0.0661412	0.0202861	0.0177932	0.00556605	0.00898844	0.078227	0.0115352	0.0198327	0.0162186	0.0299501	0.243222	0.00931063	0.0932646	0.0474714	0.129153	0.12153	0.0148966	0.0284205	0.0175284
110	0.0585496	0.183967	0.0310382	0.0318802	0.0414363	0.0292327	0.0286221	0.0612832	0.0354155	0.0617006	0.0237806	0.0450932	0.0136669	0.0478035	0.0356489	0.131567	0.0582841	0.0454223	0.00468034	0.0309276
111	0.00297382	0.010961	0.322892	0.321815	0.00120122	0.00308121	0.0320249	0.00963831	0.0356121	0.0052363	0.00335181	0.0803704	0.00754505	0.0724934	0.0294327	0.0279163	0.0166653	0.00983283	0.000528773	0.00642787
112	0.0601705	0.0210168	0.0216824	0.0624584	0.00530955	0.00761257	0.0316601	0.0150503	0.0300386	0.0154794	0.0223364	0.127842	0.0339382	0.0852976	0.0168044	0.259224	0.151197	0.018636	0.00304747	0.011199
113	0.0122225	0.0202612	0.00323459	0.00103616	0.0099846	0.000864505	0.00129388	0.439281	0.00360615	0.100536	0.0435864	0.00669956	0.000801347	0.00229895	0.00419428	0.0220889	0.0315984	0.289046	0.000274148	0.00709143
114	0.029206	0.0153883	0.0164883	0.0369348	0.00669938	0.0155386	0.0275717	0.017313	0.142005	0.0250917	0.013131	0.0372343	0.0125522	0.0735188	0.17571	0.178422	0.112206	0.047502	0.0034415	0.0140459
115	0.0655727	0.0386044	0.0434152	0.0580999	0.00562339	0.0106123	0.032109	0.0176982	0.0346802	0.0138817	0.0191052	0.165814	0.0175168	0.0857199	0.0161546	0.215562	0.123283	0.0211526	0.00422126	0.0111738
116	0.00889704	0.00213963	0.0144444	0.0259166	0.00197118	0.00991023	0.0175836	0.0157209	0.402527	0.0142751	0.00836142	0.0233297	0.00682616	0.0482697	0.299478	0.0332815	0.0404378	0.0192933	0.000698339	0.00663897
117	0.00503956	0.0105379	0.303541	0.34226	0.00192376	0.00590773	0.0298727	0.0100642	0.0326851	0.00575398	0.00404216	0.0687089	0.0106244	0.0723524	0.0227243	0.0316976	0.019934	0.0132206	0.000682534	0.00842691
118	0.0266121	0.01236	0.193838	0.291387	0.00734338	0.0246717	0.026662	0.0181066	0.0474079	0.0223083	0.0107443	0.0539618	0.0223938	0.0688583	0.0258812	0.0599066	0.0355665	0.0332241	0.00225996	0.0165059
119	0.103082	0.0356553	0.0828879	0.028228	0.00747394	0.0111427	0.0362848	0.0479017	0.0440821	0.0238179	0.0806461	0.0975551	0.0355019	0.0411163	0.0147452	0.150946	0.100352	0.0459473	0.00196313	0.0106703
120	0.0140272	0.0162453	0.00251679	0.00929405	0.382773	0.0103151	0.0290711	0.0569071	0.0135488	0.0634842	0.00599774	0.0160987	0.00210528	0.015671	0.0144596	0.0269834	0.0082691	0.0199025	0.0147139	0.277616
121	0.00443252	0.0201922	0.00708257	0.00606786	0.162508	0.0107041	0.0064028	0.0449691	0.0121288	0.48183	0.0791099	0.0128693	0.0117869	0.0320185	0.00624626	0.0165191	0.00881208	0.0287022	0.0157343	0.0318834
122	0.0481836	0.0224643	0.141171	0.113429	0.0130988	0.0174196	0.0348423	0.0390494	0.0422644	0.0332053	0.0672683	0.103886	0.0167357	0.0580836	0.0230606	0.0943284	0.0660771	0.039609	0.00300326	0.0228203
123	0.0155884	0.0155439	0.00780721	0.00620236	0.0660764	0.0057409	0.00736886	0.210876	0.0173339	0.308413	0.0662781	0.0129301	0.00663591	0.0227365	0.00674204	0.0280001	0.0276663	0.135104	0.00546972	0.0274859
124	0.0611452	0.0268616	0.0333505	0.0544371	0.00981305	0.0366398	0.0451348	0.020621	0.0398748	0.0284808	0.0197786	0.0808344	0.0218435	0.116313	0.0315026	0.234816	0.090477	0.0214134	0.00419961	0.0224637
125	0.0129684	0.0160048	0.0041544	0.00213252	0.00908184	0.00120025	0.00215284	0.383815	0.00563335	0.18495	0.0364722	0.0077277	0.00121217	0.00589106	0.00402579	0.0234787	0.0279352	0.262853	0.000340318	0.00797087
126	0.00763494	0.0089113	0.25007	0.355143	0.00335952	0.0195962	0.0204963	0.0141353	0.0313016	0.00936159	0.00483326	0.0431382	0.0448969	0.0585042	0.0156155	0.0497377	0.0191464	0.035985	0.00268745	0.00544605
127	0.0122225	0.0202612	0.00323459	0.00103616	0.0099846	0.000864505	0.00129388	0.439281	0.00360615	0.100536	0.0435864	0.00669956	0.000801347	0.00229895	0.00419428	0.0220889	0.0315984	0.289046	0.000274148	0.00709143
128	0.0374244	0.0069197	0.125163	0.269805	0.0299949	0.0857503	0.00893812	0.0150498	0.0462661	0.0365507	0.0104516	0.0500478	0.0371402	0.0786539	0.00700117	0.063869	0.0280587	0.0410154	0.00192638	0.019974
129	0.0375617	0.0119609	0.0514017	0.170271	0.00736949	0.018824	0.0284317	0.0196249	0.028969	0.0209924	0.0419986	0.083663	0.0642898	0.109293	0.013388	0.189276	0.0607591	0.0249157	0.00314167	0.0138672
130	0.141389	0.0283348	0.0323294	0.037369	0.0100366	0.0592809	0.0303181	0.0257593	0.0914897	0.0363529	0.0225121	0.124199	0.0217817	0.0597828	0.0344544	0.129431	0.0614574	0.0288189	0.00342536	0.0214771
131	0.103698	0.015234	0.0434833	0.0177449	0.0114795	0.0381927	0.0185735	0.0176587	0.016309	0.0212123	0.0182334	0.0809393	0.0303555	0.0421613	0.0143742	0.231969	0.165465	0.0625836	0.00200365	0.0483298
132	0.0554348	0.0254412	0.163395	0.136397	0.00775142	0.0437833	0.0242903	0.0202655	0.0440461	0.0219737	0.0191739	0.0621596	0.0186302	0.0553169	0.0263826	0.174515	0.0528158	0.0298585	0.00220479	0.0161636
133	0.0131885	0.0161208	0.00417952	0.00209251	0.00908302	0.00119688	0.00213638	0.386258	0.00570611	0.180006	0.0359478	0.00758527	0.00124926	0.00558272	0.00406969	0.0239269	0.0286243	0.264764	0.000336677	0.00794539
134	0.0627195	0.0243315	0.0220203	0.0308117	0.00677726	0.0135535	0.0526896	0.0124327	0.0191232	0.0170301	0.0157291	0.0937009	0.0219908	0.0711492	0.0449142	0.307276	0.145282	0.0192762	0.00414199	0.0150503
135	0.055945	0.29331	0.0125422	0.0162526	0.0378662	0.0250394	0.0183206	0.0172567	0.0325255	0.0297376	0.012004	0.0295206	0.00859563	0.0320917	0.0388371	0.260479	0.0461265	0.0187591	0.00304413	0.0117471
136	0.113426	0.0339561	0.0790731	0.0364179	0.00346313	0.156872	0.00812165	0.00869267	0.0872114	0.0109427	0.00497028	0.0594516	0.00447008	0.026576	0.0341103	0.282622	0.0347189	0.00799707	0.000897547	0.00600838
137	0.0597201	0.0163195	0.0250851	0.0595695	0.0094171	0.00858647	0.0185253	0.0876433	0.0595581	0.0480728	0.0992069	0.0745958	0.0462841	0.060807	0.0176217	0.125908	0.111087	0.0561919	0.00201408	0.0137863
138	0.0222386	0.0110876	0.164426	0.268882	0.005921	0.0246046	0.0478627	0.0167901	0.0493328	0.0204372	0.00985497	0.0561874	0.0141513	0.132693	0.0217539	0.05474	0.0409663	0.0223143	0.00202953	0.0137263
139	0.0320738	0.0187325	0.0275115	0.0138522	0.0306536	0.00961273	0.0146317	0.154399	0.0600362	0.125627	0.0990315	0.0378504	0.00902261	0.0757919	0.012438	0.0543323	0.115449	0.058818	0.00161039	0.0485264
140	0.00904888	0.0113333	0.00821913	0.00792487	0.0947092	0.00880306	0.0081795	0.066246	0.0200621	0.425477	0.155464	0.015389	0.00896685	0.0249609	0.00768017	0.0226185	0.0160825	0.0508013	0.00942861	0.028606
141	0.0704411	0.064654	0.0897	0.0172075	0.00464729	0.0779522	0.0463455	0.031485	0.039745	0.0150018	0.00848218	0.131371	0.00753692	0.0582952	0.0938894	0.179956	0.0328605	0.0119471	0.00219885	0.0162831
142	0.106602	0.0243589	0.0387051	0.0276299	0.00249716	0.251297	0.010319	0.00671825	0.0715046	0.0152083	0.00389284	0.0814834	0.00657728	0.0288188	0.0330183	0.239087	0.0361714	0.00605536	0.000765105	0.00928962
143	0.00240983	0.0100935	0.337201	0.334693	0.00102836	0.00205898	0.025814	0.00938371	0.0335146	0.00474977	0.00302549	0.0775619	0.00713119	0.0680568	0.0259919	0.0264691	0.0158644	0.00944303	0.000417762	0.00509122
144	0.0166651	0.071138	0.084582	0.0157755	0.00592528	0.0216334	0.106556	0.0160299	0.0207994	0.0175802	0.0132036	0.230613	0.00622191	0.140524	0.0566189	0.0577883	0.0329177	0.0113778	0.00723395	0.0668164
145	0.0303896	0.0136254	0.0175321	0.0505868	0.0121917	0.018638	0.0666149	0.0219081	0.150881	0.036372	0.0216323	0.0455177	0.0129054	0.267297	0.0536542	0.0515677	0.048284	0.0213144	0.0368815	0.0222058
146	0.0138648	0.0149322	0.00252691	0.00959894	0.385174	0.0109731	0.0293987	0.0510641	0.0142239	0.0671178	0.00632675	0.016256	0.00207502	0.0165374	0.0134041	0.0277406	0.0070516	0.0191863	0.0138075	0.27874
147	0.0143212	0.0140149	0.00377831	0.0109586	0.372295	0.012949	0.0283029	0.0431282	0.0245579	0.0525682	0.00804418	0.0174306	0.00331121	0.0335149	0.0134269	0.0431894	0.00903357	0.0174905	0.0111494	0.266536
148	0.0680819	0.176709	0.0300264	0.0317714	0.0256543	0.0351134	0.026979	0.055606	0.0392569	0.0548343	0.0240079	0.0513242	0.0141738	0.0490727	0.0345933	0.147425	0.0680685	0.0424949	0.00395527	0.020851
149	0.00255422	0.00945827	0.338267	0.332611	0.00101896	0.00207281	0.0260935	0.00929677	0.0343576	0.004801	0.00304906	0.0788451	0.00712742	0.0671841	0.0266886	0.0257805	0.015701	0.00946543	0.000426282	0.00520138
150	0.0417118	0.0116453	0.010079	0.0353973	0.0333138	0.00698125	0.0876407	0.0415001	0.119854	0.0249993	0.0420886	0.126342	0.00976299	0.0595011	0.042962	0.0608582	0.149188	0.0778097	0.00227739	0.0160883
151	0.0624465	0.197532	0.0255742	0.0310092	0.0285463	0.0282302	0.0277012	0.0618179	0.0373404	0.0610792	0.0221826	0.0431292	0.0144753	0.0459794	0.0385439	0.137855	0.0625854	0.0477867	0.00403928	0.0221466
152	0.0602095	0.215333	0.022304	0.0146222	0.00969752	0.0574083	0.0150981	0.0129419	0.0808707	0.0440209	0.0084435	0.0492888	0.00593962	0.0641731	0.103478	0.185112	0.0287255	0.0121485	0.0021881	0.00799632
153	0.149301	0.0942887	0.0249609	0.0159429	0.00398716	0.120609	0.00830762	0.00794058	0.0409762	0.0105954	0.00465867	0.0334565	0.0109305	0.0383442	0.0294504	0.30355	0.0861477	0.00973876	0.000960819	0.00585277
154	0.0227434	0.0098208	0.015149	0.0175292	0.0187885	0.0151037	0.0238902	0.0333258	0.294526	0.161247	0.0332457	0.0343524	0.0127411	0.0429845	0.0714486	0.0419503	0.048016	0.0354451	0.00507624	0.0626161
155	0.0129494	0.0110285	0.0154349	0.0980652	0.00434443	0.0101018	0.20677	0.0249715	0.0647343	0.0171486	0.00784426	0.0314091	0.00463593	0.296087	0.0243037	0.0471898	0.0982559	0.00872161	0.00421068	0.0117932
156	0.00405473	0.00968355	0.328728	0.326122	0.001376	0.0033308	0.0266658	0.00950326	0.034705	0.00583678	0.00334045	0.0790679	0.00801486	0.0676418	0.029002	0.0287883	0.0173593	0.0102669	0.000710168	0.00580348
157	0.157208	0.0379706	0.0334894	0.038974	0.0196979	0.0502482	0.0289079	0.0393414	0.0451485	0.0487345	0.0204005	0.0583904	0.031375	0.0538271	0.0312347	0.14677	0.0816502	0.0442398	0.00310751	0.0292839
158	0.00809096	0.0098789	0.015565	0.116904	0.00279862	0.0094332	0.20235	0.0274282	0.0712206	0.0148972	0.00610391	0.0253144	0.00415679	0.312549	0.0215759	0.0435335	0.0902106	0.00709336	0.00354539	0.00735061
159	0.0112675	0.00481853	0.014074	0.0286339	0.00395202	0.0102713	0.0431642	0.0271996	0.368476	0.0167454	0.0123677	0.0265004	0.00806294	0.0567533	0.256586	0.0379089	0.0385169	0.0216708	0.00121201	0.0118188
160	0.0325609	0.0762049	0.0294475	0.0920376	0.00871468	0.0168039	0.133129	0.0215661	0.0450498	0.0285251	0.0135786	0.0495641	0.0117295	0.0787401	0.124186	0.129832	0.0572963	0.0252465	0.00409754	0.02169
161	0.0100132	0.0155453	0.00756316	0.00713639	0.134577	0.0085177	0.00921264	0.0734094	0.0184163	0.422349	0.0953391	0.0139299	0.0102689	0.0312254	0.00662836	0.0220469	0.0250692	0.0443217	0.0107325	0.0336975
162	0.0156219	0.00666951	0.0194376	0.0201556	0.00489377	0.0170731	0.0170951	0.0167177	0.288464	0.103836	0.015823	0.025933	0.011222	0.0338537	0.21117	0.0360644	0.0903987	0.0426746	0.00206578	0.0208308
163	0.0122225	0.0202612	0.00323459	0.00103616	0.0099846	0.000864505	0.00129388	0.439281	0.00360615	0.100536	0.0435864	0.00669956	0.000801347	0.00229895	0.00419428	0.0220889	0.0315984	0.289046	0.000274148	0.00709143
164	0.020271	0.0139156	0.0137255	0.0274677	0.0150606	0.0188975	0.173974	0.0170431	0.168187	0.0408044	0.0264592	0.11553	0.0105517	0.0855565	0.0908647	0.0495874	0.0554441	0.0223357	0.00461274	0.0297111
165	0.0240259	0.0103456	0.0166104	0.0712176	0.00427809	0.0135691	0.0304487	0.0152716	0.195412	0.0180962	0.011372	0.0595157	0.011937	0.0761791	0.163389	0.127888	0.114576	0.024546	0.00249265	0.00882884
166	0.150781	0.0094268	0.0235636	0.0178268	0.00439354	0.00720304	0.0103078	0.0249902	0.0241155	0.18823	0.0349985	0.0209631	0.119433	0.0605155	0.0198583	0.0697665	0.10673	0.0953856	0.00205587	0.00945549
167	0.165794	0.0263708	0.0285534	0.0303703	0.0072972	0.0353089	0.0225972	0.0330505	0.0377812	0.0674431	0.0234536	0.0491481	0.103032	0.044262	0.0277714	0.126201	0.0923069	0.0589123	0.00328465	0.0170611
168	0.0171932	0.00753997	0.00770708	0.0135873	0.00790809	0.00792731	0.104455	0.0132926	0.153605	0.122607	0.0422749	0.133126	0.0282927	0.113593	0.0520665	0.0524176	0.0899499	0.0157089	0.00310576	0.013642
169	0.0122438	0.0202892	0.00324703	0.00107061	0.00998552	0.000872207	0.00130134	0.43894	0.00362113	0.100692	0.0435693	0.00672261	0.000802156	0.00234168	0.00419053	0.0221236	0.0316275	0.288935	0.000271691	0.00715243
170	0.00538303	0.0176219	0.00731062	0.0061169	0.153782	0.0102352	0.00655634	0.0521259	0.0135207	0.470126	0.0876946	0.0120972	0.0110752	0.0308508	0.00648202	0.0174012	0.0110037	0.032574	0.0146215	0.0334208
171	0.130973	0.0135167	0.0115699	0.00659475	0.00707037	0.00640578	0.00654417	0.330185	0.034308	0.0544459	0.0212763	0.0134022	0.00693703	0.019186	0.0211385	0.0513771	0.0470361	0.201211	0.00112911	0.0156933
172	0.0143866	0.0146185	0.00471958	0.00316809	0.0125205	0.00138577	0.00327859	0.353751	0.00769378	0.215411	0.0395443	0.00866535	0.00162979	0.00834562	0.00423591	0.0249347	0.0279201	0.242506	0.000449053	0.0108364
173	0.0247675	0.0146951	0.0184642	0.076401	0.00951122	0.0152497	0.179644	0.0261378	0.0558849	0.0239296	0.0161481	0.0527382	0.00973947	0.232471	0.0272008	0.069699	0.105319	0.0146272	0.00532348	0.0220484
174	0.0176989	0.0187619	0.0119655	0.0161739	0.101967	0.0111339	0.0113481	0.0924038	0.0268577	0.36967	0.0698264	0.0211677	0.0134473	0.0350879	0.0130763	0.0348391	0.0246409	0.0648541	0.0103768	0.0347033
175	0.0351383	0.0170464	0.0385432	0.0495928	0.0119793	0.0454274	0.0419433	0.0247481	0.204049	0.0416385	0.0247208	0.0952952	0.014749	0.0651519	0.102016	0.0755794	0.0562388	0.0280152	0.00376889	0.0243587
176	0.0142931	0.00786649	0.0137366	0.0324278	0.00687236	0.0146562	0.0656808	0.0171365	0.311505	0.0239275	0.0144707	0.0377089	0.00820681	0.0706611	0.235215	0.0416343	0.0457778	0.0206593	0.00193646	0.0156281
177	0.0139978	0.0159041	0.0036305	0.0115655	0.362715	0.0127204	0.0273928	0.0494499	0.0155976	0.0931969	0.0121379	0.0173595	0.00366342	0.0199047	0.0132213	0.0291487	0.00963672	0.0191503	0.0141094	0.255498
178	0.0857599	0.0286148	0.0836084	0.0653689	0.00634961	0.142877	0.0103845	0.0125628	0.111092	0.0168201	0.00874896	0.0529139	0.0102892	0.0362027	0.0468269	0.214809	0.0371639	0.0178257	0.00125166	0.0105309
179	0.0138576	0.0147964	0.00229095	0.00955551	0.392499	0.0107771	0.028674	0.0506058	0.0140069	0.0599124	0.0046112	0.015729	0.00201996	0.0164176	0.0133855	0.0280224	0.00638123	0.0177939	0.0134035	0.28526
180	0.0145804	0.0270781	0.0577237	0.00760671	0.00865719	0.00542708	0.0077985	0.156739	0.032794	0.0766237	0.190756	0.0161463	0.0079776	0.0156902	0.0107017	0.0694383	0.0479624	0.235162	0.00128003	0.00985741
181	0.00265219	0.00987117	0.33034	0.337721	0.00118102	0.0030174	0.0261665	0.00962533	0.0335987	0.00490378	0.00314727	0.0762045	0.00872021	0.0674932	0.0255026	0.0275133	0.0163561	0.0102516	0.000523148	0.00521051
182	0.0956345	0.0173569	0.0387926	0.0250756	0.00733495	0.0115593	0.0686265	0.0149857	0.0166623	0.0155938	0.014306	0.0754446	0.0296661	0.0953357	0.0644402	0.233468	0.129892	0.0147773	0.00230204	0.0287462
183	0.00543701	0.0222381	0.0106636	0.00742262	0.160163	0.0149972	0.00678774	0.0404536	0.0138195	0.452102	0.0724851	0.0129567	0.0161588	0.0416371	0.00576343	0.0191899	0.00913729	0.0300192	0.0176559	0.0409128
184	0.0403561	0.00593763	0.00665302	0.0116578	0.00347052	0.301653	0.0484026	0.00700415	0.0300378	0.0375051	0.00514894	0.230287	0.00907967	0.0858517	0.00985853	0.0988805	0.0147356	0.00701959	0.0016349	0.044826
185	0.0224271	0.0081544	0.011867	0.04405	0.00929413	0.0123859	0.0647859	0.0165052	0.214227	0.0266833	0.0150737	0.0326902	0.00767994	0.221236	0.161196	0.0489642	0.0445441	0.0146529	0.00654376	0.0170386
186	0.0190658	0.0103468	0.00941425	0.014879	0.0511084	0.0202353	0.306233	0.0141193	0.0311096	0.0448961	0.105289	0.0825331	0.00694571	0.0538768	0.0179375	0.0568988	0.0291906	0.0130082	0.00422611	0.108686
187	0.111284	0.00987	0.0156684	0.00880824	0.00792078	0.00579822	0.00837046	0.338897	0.074571	0.0355114	0.0135185	0.011926	0.00601611	0.0277121	0.0364245	0.0397187	0.0752627	0.14375	0.00149828	0.0274739
188	0.0279366	0.0121193	0.0270711	0.0410689	0.0162929	0.0228603	0.0308	0.0277253	0.294755	0.0404436	0.0207362	0.0351365	0.011347	0.060988	0.17343	0.0556657	0.0485373	0.0283069	0.00252542	0.0222544
189	0.0179495	0.0175005	0.00419696	0.00185794	0.0093578	0.00133071	0.00181398	0.409908	0.00721767	0.132977	0.038475	0.00733986	0.00124424	0.00473815	0.00509373	0.0235911	0.0316405	0.275443	0.000314306	0.00801039
190	0.0725786	0.0133657	0.017725	0.0118993	0.042221	0.0220733	0.0165981	0.0199513	0.0228291	0.0432829	0.0506633	0.121819	0.0118431	0.0468424	0.0105579	0.288616	0.13718	0.0315482	0.00315132	0.0152547
191	0.0267887	0.0141791	0.0148332	0.0239394	0.0204002	0.0558269	0.208266	0.0197255	0.0750178	0.0248302	0.0244588	0.0460122	0.00883764	0.0551872	0.024835	0.0865627	0.11387	0.0192565	0.0368872	0.100285
192	0.0138627	0.00510321	0.0138118	0.0252746	0.00594713	0.0108673	0.0495978	0.0170795	0.349222	0.0224985	0.0143027	0.0493168	0.00780634	0.0565799	0.24378	0.0361894	0.0412915	0.0202981	0.00191158	0.0152595
193	0.0164864	0.0200791	0.00367371	0.00132523	0.0110684	0.00117303	0.00170389	0.429997	0.00727957	0.0984958	0.0424968	0.0069537	0.00112632	0.00404315	0.00547276	0.0230277	0.0351708	0.28161	0.000306445	0.00851021
194	0.159179	0.0100845	0.033148	0.0213412	0.00439814	0.00891108	0.0113992	0.0268874	0.0366563	0.154188	0.0263166	0.0232541	0.119066	0.0478479	0.0242269	0.0672457	0.108688	0.105474	0.00228874	0.00939998
195	0.0150502	0.016703	0.00352038	0.00948459	0.354124	0.0101873	0.0270574	0.0705666	0.0150171	0.0809879	0.0115734	0.0162601	0.00282657	0.0182287	0.0136959	0.0276659	0.0124428	0.0255102	0.0143146	0.254784
196	0.0496305	0.0171101	0.0695086	0.151299	0.00767404	0.0244911	0.0292502	0.0209248	0.0321303	0.0255681	0.021535	0.0623549	0.0796244	0.070552	0.0205123	0.189322	0.0717753	0.0380487	0.0055298	0.0131589
