212	20
1	0.0777828	0.00505831	0.066356	0.239418	0.0195579	0.0212116	0.021975	0.029989	0.103741	0.107249	0.0143305	0.0725651	0.00403576	0.0462156	0.0293156	0.0382535	0.0234776	0.0655409	0.00333951	0.0105871
2	0.0221219	0.00405701	0.000495708	0.000761497	0.0152737	0.000774889	0.000513323	0.429311	0.000783372	0.269424	0.0339477	0.000935507	0.00051256	0.00257796	0.000744897	0.00148042	0.00381563	0.203908	0.000268717	0.00829221
3	0.0316206	0.0064359	0.00371989	0.00497675	0.0516291	0.0086531	0.0078189	0.132667	0.00912817	0.418888	0.108147	0.0171786	0.00725768	0.00773679	0.00750885	0.0196162	0.0365639	0.10291	0.00488891	0.0126544
4	0.177392	0.0656336	0.0036933	0.00568414	0.00330978	0.0246318	0.00412809	0.00718437	0.0036172	0.0188327	0.00420326	0.00994891	0.00645128	0.00432071	0.00451967	0.608675	0.0275266	0.0142408	0.00116437	0.00484277
5	0.104354	0.00646665	0.0290563	0.0383303	0.0139383	0.0438677	0.0140122	0.0679294	0.0406913	0.0443742	0.0120058	0.0363063	0.234322	0.0208807	0.0231114	0.150729	0.0447326	0.0591281	0.00393302	0.0118299
6	0.106048	0.0138594	0.00202192	0.0041869	0.00826225	0.0235102	0.00341809	0.181566	0.0028727	0.044944	0.00629326	0.00433167	0.00621751	0.00343438	0.00413289	0.0228753	0.0413013	0.515003	0.000676631	0.00504461
7	0.0960913	0.00881461	0.0417376	0.0285905	0.00635301	0.470115	0.0120545	0.00890959	0.0349788	0.0123517	0.00753309	0.0635235	0.0125057	0.0169302	0.0165106	0.106376	0.0333939	0.0106576	0.000957012	0.0116156
8	0.020303	0.00752574	0.250112	0.023272	0.00163564	0.147629	0.0143487	0.0034534	0.0161048	0.00380236	0.00429346	0.285335	0.00129394	0.0274296	0.013458	0.0919539	0.0714054	0.00787195	0.000630031	0.00814292
9	0.0658327	0.0123097	0.0549377	0.035118	0.00306215	0.0440159	0.043731	0.0282468	0.0766718	0.0105712	0.0230576	0.0829195	0.0375694	0.0216731	0.0482456	0.246476	0.140708	0.0127405	0.000514681	0.0115987
10	0.0302842	0.0200877	0.00131085	0.00204365	0.299337	0.00368413	0.0053589	0.120967	0.00176647	0.264615	0.116586	0.00402942	0.000687887	0.0018934	0.00209736	0.017839	0.00894558	0.0629678	0.011371	0.0241273
11	0.0254381	0.00262808	0.00314807	0.0885794	0.00344126	0.00435138	0.0140371	0.127107	0.32968	0.0617461	0.0190227	0.0176666	0.00173473	0.00366563	0.0949981	0.0333012	0.0427308	0.0517231	0.00118514	0.0738162
12	0.184466	0.00714952	0.0102684	0.0290125	0.0276173	0.0894234	0.00501139	0.0353398	0.00542695	0.0308827	0.0160317	0.0458891	0.00231686	0.0342507	0.0221011	0.121834	0.23827	0.0857876	0.00120469	0.00771551
13	0.348401	0.0181721	0.0112418	0.00880696	0.00758948	0.321866	0.00882779	0.0348814	0.00685368	0.0396484	0.0137208	0.00817932	0.00387382	0.00671241	0.00900028	0.0642234	0.0280218	0.0478187	0.00177932	0.0103813
14	0.0237958	0.00513473	0.000440037	0.00072255	0.0132441	0.00109771	0.000488332	0.418996	0.000686241	0.227278	0.0296564	0.00130421	0.000404154	0.002176	0.00065156	0.0014314	0.00516094	0.260041	0.000224859	0.00706596
15	0.137994	0.00266578	0.0332683	0.14738	0.0517265	0.00767535	0.0513965	0.0217907	0.133743	0.0526434	0.00786834	0.148524	0.00160884	0.0877538	0.0305403	0.0352076	0.0195491	0.0236957	0.00111313	0.00385532
16	0.493926	0.0308357	0.00347767	0.0317906	0.00634514	0.0667924	0.00425315	0.00744464	0.00541383	0.0109269	0.00604059	0.0308746	0.00201582	0.0188543	0.0203742	0.162218	0.0544249	0.0146421	0.00141826	0.0279308
17	0.0301169	0.00574383	0.0656774	0.0350846	0.00389064	0.496199	0.0117247	0.0052189	0.0403356	0.0107952	0.00604572	0.100427	0.008926	0.021383	0.0163944	0.0844265	0.0366283	0.00757709	0.000863489	0.0125412
18	0.28878	0.380671	0.00483568	0.00662033	0.015208	0.00790006	0.013926	0.0519865	0.00662909	0.0288769	0.0108275	0.0127781	0.0025003	0.00614041	0.00800573	0.0232793	0.0516764	0.0613826	0.00666472	0.0113113
19	0.0205537	0.00687379	0.253716	0.0238294	0.00200755	0.147347	0.01339	0.00319914	0.014719	0.00446471	0.00482041	0.294382	0.0010692	0.0296071	0.0143322	0.0854784	0.0639272	0.00832416	0.000666479	0.00729261
20	0.435238	0.0427433	0.00435402	0.0336108	0.00631336	0.0517271	0.00413046	0.00783704	0.00592682	0.0124044	0.00648325	0.0249457	0.00235631	0.0153346	0.0171539	0.236351	0.0455823	0.0150804	0.00156029	0.0308676
21	0.0234215	0.0103375	0.000910346	0.00147493	0.0119787	0.00704414	0.00121023	0.394936	0.00153896	0.0548102	0.0235584	0.0138626	0.00114863	0.00158438	0.00146513	0.00907271	0.0228416	0.412105	0.000431808	0.0062671
22	0.00862839	0.0160058	0.00352763	0.0105154	0.38103	0.00213795	0.0319389	0.0250823	0.00574553	0.0999517	0.0137339	0.030069	0.000894722	0.00772171	0.0198037	0.00947344	0.00975216	0.0155568	0.0315463	0.276885
23	0.0303216	0.0208532	0.00131114	0.00207128	0.30112	0.00356835	0.00552764	0.121374	0.00176796	0.262003	0.116756	0.004106	0.000688098	0.00191299	0.00209734	0.017622	0.00857883	0.0624684	0.011262	0.0245908
24	0.370765	0.016209	0.0138209	0.00520398	0.0031567	0.383816	0.00809195	0.00830478	0.00326363	0.0153076	0.00862261	0.00660535	0.00329557	0.0033802	0.00501369	0.0927498	0.0268807	0.0150183	0.000741863	0.0097529
25	0.129895	0.0348207	0.00513873	0.0101304	0.0126192	0.0605843	0.0164982	0.0392055	0.015067	0.227793	0.0894523	0.0222499	0.00389704	0.0101098	0.0181799	0.0628006	0.0628417	0.164717	0.00326884	0.0107304
26	0.0760882	0.00298975	0.0827998	0.151749	0.00660523	0.026968	0.0233632	0.00315642	0.222568	0.0064012	0.00222421	0.0572717	0.0123222	0.0765627	0.127529	0.0854778	0.0294248	0.0041317	0.000187595	0.0021796
27	0.0144566	0.00659811	0.00779746	0.0159662	0.264198	0.00240921	0.017354	0.0256076	0.0142461	0.122502	0.0163654	0.0111165	0.000969035	0.0205775	0.019532	0.00551363	0.0234079	0.00643323	0.0268393	0.378109
28	0.289959	0.359286	0.00451357	0.00537331	0.0165779	0.00665103	0.015641	0.0595226	0.00576925	0.0298937	0.0113432	0.0127571	0.00225936	0.00599815	0.00626879	0.0236709	0.0586481	0.0694704	0.00741707	0.00897977
29	0.0233435	0.00302765	0.0157607	0.0568699	0.00441765	0.0103444	0.0435701	0.00849606	0.393847	0.0174884	0.00492996	0.0404162	0.00346079	0.0290658	0.275508	0.0430814	0.0117105	0.00772477	0.00125173	0.00568556
30	0.111174	0.00230974	0.0417394	0.145487	0.0162773	0.00807739	0.0145203	0.0536839	0.0485074	0.21154	0.0204199	0.00695523	0.00152276	0.0927398	0.0473961	0.0925283	0.031176	0.0471941	0.00106946	0.00568182
31	0.0967802	0.00308627	0.010199	0.00539939	0.0256563	0.0330321	0.119742	0.0130787	0.0408685	0.0507891	0.00484255	0.0768313	0.0020298	0.00803303	0.097907	0.105314	0.038068	0.0288748	0.0158517	0.223617
32	0.0198268	0.00658573	0.25515	0.0248661	0.00165963	0.155412	0.013668	0.00262572	0.0148173	0.00329425	0.0042218	0.287783	0.000769591	0.0287054	0.0144926	0.084954	0.0653427	0.00805257	0.000538614	0.00723394
33	0.136375	0.0455767	0.00414545	0.0113569	0.0056128	0.00869172	0.00548565	0.0586276	0.143908	0.130328	0.0323993	0.0214711	0.0210892	0.0205781	0.0936088	0.035371	0.038933	0.17608	0.00197171	0.00839042
34	0.00744926	0.00190537	0.00212492	0.0483925	0.00277235	0.00359124	0.00875403	0.00512922	0.488602	0.0154785	0.00311631	0.0408123	0.00148879	0.0209291	0.299746	0.0358333	0.00522095	0.00492508	0.000858265	0.00286993
35	0.100793	0.0169962	0.000472338	0.00210803	0.0091032	0.0129571	0.00181336	0.236744	0.000711692	0.0556775	0.00325306	0.000857424	0.00924212	0.000700592	0.000817835	0.0104365	0.0463569	0.488292	0.000196325	0.00247129
36	0.00678724	0.0179929	0.00281836	0.00970679	0.399546	0.00188954	0.03568	0.0229981	0.00441913	0.096657	0.0107715	0.0342495	0.00069978	0.00593459	0.0205681	0.00886796	0.00779313	0.0154339	0.0328471	0.26434
37	0.0215211	0.00367312	0.000636429	0.000939514	0.0185761	0.00109762	0.000506422	0.391135	0.00133052	0.304697	0.0388298	0.00110783	0.00183089	0.00233927	0.00112267	0.00237374	0.00766886	0.192379	0.000648398	0.00758635
38	0.459016	0.134464	0.00408327	0.0133482	0.0114275	0.0395627	0.00808364	0.0262825	0.00713967	0.0208945	0.0100622	0.014912	0.00316971	0.0104122	0.0119955	0.0624913	0.0970897	0.0495644	0.00338709	0.0126145
39	0.0208426	0.0027102	0.00199785	0.00224293	0.0512921	0.00363928	0.000800686	0.163045	0.00455477	0.488586	0.0770189	0.00284856	0.00996423	0.00158577	0.00335776	0.0101197	0.0363486	0.110453	0.00475925	0.00383268
40	0.0562349	0.0144632	0.0987535	0.042465	0.025721	0.112187	0.0264655	0.0270948	0.0525756	0.0403272	0.0223998	0.17501	0.0141046	0.0303964	0.04221	0.096724	0.068084	0.0285389	0.00337637	0.0228677
41	0.0250084	0.0137876	0.00219624	0.00321993	0.00956947	0.00811409	0.00266899	0.424233	0.0032522	0.012637	0.0182651	0.0321553	0.00171227	0.00310747	0.00374364	0.0274311	0.0753539	0.325146	0.0011229	0.0072753
42	0.0209101	0.00178744	0.00194304	0.00217291	0.0393993	0.00341127	0.00100703	0.170782	0.00476554	0.504765	0.0672902	0.00347262	0.0118542	0.00152958	0.00364912	0.0103148	0.0329787	0.11064	0.00365468	0.00367222
43	0.0222827	0.00409836	0.00045949	0.000747733	0.0148491	0.000761705	0.000510761	0.434045	0.000692249	0.264899	0.0335265	0.000907013	0.000337309	0.00261793	0.000710937	0.00141809	0.00337186	0.205074	0.00022603	0.00846485
44	0.134624	0.0266477	0.00397497	0.0226	0.0106874	0.0149627	0.0590994	0.0628568	0.00691778	0.179248	0.0597099	0.0498539	0.00427557	0.00880042	0.0278018	0.107935	0.0693427	0.121128	0.00498764	0.0245463
45	0.0210205	0.00572406	0.0678775	0.0346545	0.00116402	0.5536	0.0114973	0.00266399	0.0480378	0.00570196	0.0037787	0.0921124	0.00791767	0.0201217	0.0169904	0.0642937	0.0293408	0.00322417	0.000336882	0.00994177
46	0.104522	0.0173574	0.000515878	0.00213158	0.00937473	0.0126712	0.00182375	0.236624	0.000769885	0.0564881	0.00297344	0.000869537	0.0103314	0.00075327	0.000980789	0.0105076	0.0467307	0.481876	0.000203435	0.00249479
47	0.0546504	0.00876331	0.183933	0.129671	0.0126055	0.0916688	0.0212399	0.0148704	0.0617187	0.0249836	0.0151157	0.118694	0.0207041	0.0438845	0.0412035	0.0737706	0.0464409	0.0175022	0.00388084	0.0146997
48	0.299165	0.0125267	0.0183313	0.00781369	0.00240101	0.479219	0.00846849	0.00700815	0.00943591	0.013124	0.00757084	0.0135636	0.00215297	0.00518459	0.00434481	0.0652283	0.0222939	0.012459	0.000712861	0.00899551
49	0.0227004	0.0041499	0.000465422	0.000751466	0.0151312	0.000758717	0.000510771	0.432465	0.000687168	0.261765	0.0330345	0.000903232	0.000340319	0.00254474	0.000722269	0.00143132	0.00347316	0.209629	0.000221284	0.00831595
50	0.0216865	0.0035446	0.000905792	0.0013929	0.0226294	0.00154725	0.00106062	0.359133	0.00260208	0.335697	0.0436972	0.00189118	0.0032291	0.00253855	0.00219121	0.00386146	0.011762	0.171795	0.00119312	0.00764154
51	0.0240739	0.00539926	0.000434365	0.000747466	0.0121923	0.00133868	0.000488505	0.403028	0.000725135	0.205587	0.0272697	0.00182047	0.000372798	0.00196082	0.000652714	0.00175412	0.00608835	0.299429	0.00022708	0.00641006
52	0.0816034	0.0114876	0.0507335	0.0812616	0.0183598	0.0404826	0.0239353	0.0275706	0.0793754	0.0449238	0.0267673	0.052423	0.0187476	0.10643	0.0595406	0.164098	0.0624599	0.0294451	0.00415881	0.0161953
53	0.050079	0.0074228	0.179921	0.130738	0.0122008	0.095334	0.0229027	0.0129679	0.064048	0.0201173	0.0128894	0.122612	0.013394	0.0408413	0.0421345	0.0822199	0.053455	0.0176852	0.00230173	0.0167354
54	0.0209761	0.00184597	0.00207746	0.0022375	0.0395726	0.00320773	0.000510537	0.170907	0.00468241	0.505158	0.0687217	0.0026901	0.011692	0.00119979	0.00334698	0.00909948	0.0344814	0.110621	0.00368167	0.0032918
55	0.377461	0.0165453	0.0132276	0.00333949	0.00287026	0.409188	0.0075788	0.00858021	0.0027031	0.0154684	0.00904698	0.00404965	0.00102183	0.00269193	0.00364153	0.0717636	0.0253788	0.0159594	0.000709185	0.00877481
56	0.0186987	0.00156042	0.00165252	0.00186662	0.0407946	0.00331885	0.000463372	0.168847	0.00512419	0.516111	0.0628925	0.00214182	0.0101541	0.00110594	0.00377563	0.00864914	0.0319678	0.114177	0.00295288	0.00374578
57	0.0222827	0.00409836	0.00045949	0.000747733	0.0148491	0.000761705	0.000510761	0.434045	0.000692249	0.264899	0.0335265	0.000907013	0.000337309	0.00261793	0.000710937	0.00141809	0.00337186	0.205074	0.00022603	0.00846485
58	0.0640577	0.012847	0.0227204	0.0385497	0.0297187	0.0285639	0.106791	0.101693	0.0400423	0.105479	0.0419129	0.0596981	0.0118056	0.0957559	0.0410894	0.0638412	0.0436564	0.0473454	0.00835106	0.0360807
59	0.397717	0.0173437	0.0117244	0.0041384	0.00323779	0.375565	0.00689604	0.00852477	0.00278071	0.0169252	0.00972343	0.00462779	0.00103502	0.00332696	0.00411463	0.0755826	0.0295455	0.0177473	0.000722466	0.00872142
60	0.1109	0.0353857	0.020912	0.0217291	0.0104568	0.0484045	0.0128949	0.0190805	0.0276381	0.0246173	0.0120077	0.0409087	0.0190572	0.0152729	0.0211145	0.446499	0.0737822	0.0221514	0.00197804	0.0152097
61	0.0875053	0.0216233	0.0139894	0.0165512	0.0208005	0.02939	0.0109557	0.137809	0.0174941	0.0856364	0.0267101	0.0336503	0.012231	0.0164476	0.0178638	0.0640838	0.130622	0.238287	0.0030674	0.0152833
62	0.0670504	0.0125934	0.0295764	0.0455125	0.0280767	0.0317446	0.0248983	0.0474884	0.058189	0.0979502	0.145651	0.0423688	0.0123099	0.131735	0.0485236	0.0643709	0.0396487	0.0409491	0.0117844	0.0195784
63	0.0543736	0.0101768	0.00277913	0.00492719	0.032527	0.0258254	0.00559276	0.104755	0.00580196	0.345475	0.119623	0.0178243	0.00512793	0.00855378	0.0064805	0.0435505	0.0841622	0.111499	0.00336719	0.00757769
64	0.0549297	0.00436922	0.00744291	0.00842025	0.0118543	0.0442859	0.00350752	0.0149782	0.00426416	0.00738717	0.00420374	0.0739534	0.00856247	0.0129994	0.00477008	0.480078	0.223559	0.0171487	0.00095218	0.0123335
65	0.0775046	0.0141039	0.00041551	0.0014266	0.00664087	0.00865384	0.0012798	0.249878	0.000610966	0.0580922	0.00315685	0.00150169	0.00677052	0.00063293	0.000702796	0.00896816	0.0391877	0.518845	0.000180925	0.00144742
66	0.0768839	0.00232064	0.0206143	0.00410597	0.015251	0.0376517	0.0983767	0.0252244	0.0184479	0.036722	0.0040454	0.0943801	0.00186012	0.0112413	0.0939294	0.201311	0.0897125	0.0111337	0.00431051	0.152478
67	0.0301093	0.00196688	0.00979734	0.0113743	0.0263565	0.00710537	0.0394475	0.11151	0.0332627	0.377843	0.110096	0.0586684	0.00169209	0.0389706	0.0185847	0.0112534	0.0057038	0.0451143	0.00732293	0.0538215
68	0.0177888	0.00450531	0.0948278	0.0339705	0.00117019	0.520101	0.0103173	0.00191963	0.0405638	0.00510002	0.00295587	0.126271	0.00547678	0.0219502	0.0122042	0.056555	0.0307778	0.00349568	0.000371129	0.00967782
69	0.0890957	0.0312308	0.00213772	0.00411221	0.149883	0.00924038	0.00409231	0.226795	0.00309037	0.0977574	0.0611886	0.00438098	0.00253545	0.00302481	0.00371726	0.013399	0.0251502	0.239577	0.00233849	0.0272534
70	0.0686147	0.00329129	0.0796349	0.166265	0.0075739	0.0381284	0.011151	0.00834135	0.14972	0.00766133	0.00908255	0.0511648	0.00881862	0.0710416	0.0973365	0.154687	0.0572244	0.00740751	0.000329087	0.00252608
71	0.0647428	0.0111463	0.0118503	0.0210873	0.0138217	0.0249792	0.0134938	0.0535096	0.0416212	0.110572	0.0275857	0.0733577	0.0145435	0.0598241	0.163165	0.0451135	0.0918298	0.136881	0.00500223	0.0158737
72	0.100756	0.017007	0.00050171	0.00228864	0.0097993	0.0138692	0.00199533	0.234499	0.000731005	0.0547155	0.00380713	0.00088441	0.00890035	0.000690607	0.000786521	0.010709	0.046628	0.488407	0.000189573	0.00283439
73	0.0191236	0.0141236	0.00156812	0.00256652	0.00991056	0.00809241	0.00194841	0.419876	0.00229706	0.0187015	0.0195807	0.028667	0.00146774	0.0023122	0.00251899	0.0153634	0.0384065	0.38627	0.000771191	0.0064346
74	0.0188005	0.00156694	0.00165786	0.00188347	0.0405711	0.0032974	0.000516682	0.1695	0.00515903	0.514636	0.0631938	0.00223907	0.0101884	0.00118485	0.00376581	0.00866898	0.031976	0.114391	0.00298687	0.00381549
75	0.144378	0.0042596	0.00520889	0.00796767	0.00626165	0.0724827	0.00645907	0.0294107	0.0078723	0.0121089	0.00656511	0.0191809	0.253177	0.00667668	0.00722459	0.347404	0.033139	0.0228829	0.00186879	0.00547205
76	0.0323242	0.004198	0.0227851	0.0678088	0.00505835	0.0133246	0.0171027	0.0133372	0.3712	0.0234133	0.00786412	0.0448186	0.00492651	0.0334221	0.250684	0.0499439	0.0165671	0.012604	0.00188312	0.00673457
77	0.0597844	0.00507744	0.116091	0.270319	0.00820721	0.0520917	0.0235279	0.0128004	0.0926269	0.0223844	0.00915239	0.0768406	0.0146016	0.0542268	0.0548736	0.0639316	0.0344562	0.0159587	0.00256367	0.0104843
78	0.0195259	0.0512534	0.0046947	0.00715292	0.0065329	0.00955942	0.00569795	0.0683151	0.00728523	0.191845	0.166369	0.168316	0.00299584	0.00770259	0.00890778	0.0359276	0.137238	0.0709403	0.00240503	0.027336
79	0.0304066	0.00317643	0.0463011	0.0442861	0.00459255	0.0113632	0.0051704	0.00894961	0.0076627	0.00831015	0.00524908	0.0718428	0.0751042	0.00635892	0.006033	0.441723	0.208309	0.0086379	0.0011846	0.005339
80	0.0184436	0.0015576	0.00165192	0.00186115	0.0409331	0.00330169	0.000461305	0.169021	0.00523707	0.517142	0.0625448	0.0021259	0.0100208	0.00109956	0.00391209	0.00856982	0.0316269	0.113863	0.0029159	0.00371182
81	0.0772149	0.00287208	0.086956	0.16306	0.00701474	0.0257724	0.0211919	0.00353456	0.2128	0.00614174	0.00242758	0.0551601	0.0119941	0.07787	0.123671	0.08532	0.0299668	0.00474804	0.000191909	0.00209224
82	0.0425379	0.00125556	0.192543	0.467221	0.00188285	0.0130924	0.0249846	0.002767	0.0502611	0.00451104	0.00272845	0.045947	0.00556876	0.0583865	0.027981	0.0256744	0.0178327	0.00336411	0.00163418	0.0098265
83	0.0225934	0.00421057	0.000488927	0.000774465	0.014669	0.000796921	0.000579295	0.434059	0.000707374	0.261851	0.0330163	0.00113185	0.000462474	0.00258686	0.000727365	0.00149453	0.00406875	0.207227	0.000230579	0.00832359
84	0.0768898	0.00324089	0.0777816	0.145928	0.00633945	0.0270164	0.0250479	0.00299748	0.228149	0.00639182	0.00218362	0.0579017	0.0114872	0.0767089	0.132814	0.0836307	0.0292011	0.00395743	0.00019299	0.00214
85	0.0190116	0.00163552	0.00173885	0.00301195	0.0391418	0.00420091	0.000550991	0.16587	0.00643092	0.495941	0.0665834	0.00253048	0.00963793	0.00212359	0.00373855	0.0113644	0.0414069	0.118475	0.00300969	0.00359661
86	0.0628682	0.00332296	0.0968924	0.253003	0.00744221	0.0282134	0.0202357	0.0126826	0.159711	0.0204461	0.00814201	0.0510935	0.0129632	0.0604235	0.0906065	0.058776	0.0274341	0.0157603	0.00201112	0.00797248
87	0.096063	0.0257826	0.00143975	0.00864752	0.0190324	0.034903	0.00864006	0.230036	0.0025699	0.0460272	0.00986854	0.00311346	0.0055315	0.00199397	0.00238896	0.0131231	0.0534361	0.425105	0.000632193	0.0116655
88	0.0301407	0.0226982	0.00770365	0.0128045	0.311918	0.00806751	0.0278004	0.0599452	0.0114861	0.131489	0.0393807	0.0284847	0.00333561	0.00885221	0.0180978	0.0239332	0.0227626	0.0424938	0.0229102	0.165696
89	0.0515334	0.016731	0.000961632	0.00264995	0.0133597	0.0195499	0.00264532	0.317511	0.00137703	0.0286345	0.0235554	0.00952111	0.00310997	0.0014921	0.00160227	0.0107622	0.0346336	0.452211	0.000473131	0.00768625
90	0.0783312	0.0150175	0.0427213	0.0328119	0.0199063	0.0439457	0.108511	0.0320785	0.0519335	0.0410264	0.0215138	0.0665906	0.0188465	0.0263461	0.0579462	0.180971	0.0703592	0.0317812	0.00633256	0.0530294
91	0.0763756	0.00725365	0.0400518	0.0310722	0.00419224	0.558695	0.010865	0.00674746	0.0386286	0.012262	0.00591533	0.0632294	0.006788	0.0185961	0.0149328	0.0573875	0.0228952	0.0112607	0.00106913	0.0117823
92	0.140771	0.0168312	0.0547295	0.0254125	0.00770782	0.0481121	0.0477237	0.0205469	0.0478237	0.0202538	0.0144513	0.0542067	0.0228467	0.016401	0.0402928	0.301089	0.0807841	0.0162947	0.0018231	0.0218981
93	0.0305437	0.00257866	0.00848851	0.0110593	0.0273551	0.0075092	0.0350501	0.122098	0.0302911	0.362242	0.113222	0.0574238	0.00249723	0.0378065	0.0174579	0.0139441	0.00987086	0.0531828	0.00796	0.0494189
94	0.176385	0.280626	0.0137406	0.0149559	0.0361372	0.0312972	0.0185771	0.0575158	0.017615	0.0464189	0.0194071	0.0265333	0.00595067	0.0146043	0.0194247	0.0641558	0.0481361	0.0755999	0.00755546	0.0253642
95	0.0495856	0.0177063	0.00193086	0.0035731	0.0675921	0.0116015	0.00300702	0.31303	0.00288451	0.0308803	0.0505215	0.0109147	0.00131804	0.00281377	0.00306392	0.0177379	0.0299149	0.349352	0.00114298	0.0314284
96	0.157478	0.0796152	0.00254478	0.00441035	0.00235586	0.0233378	0.00329192	0.00422179	0.00278566	0.0117504	0.00289027	0.00636647	0.00109858	0.00297952	0.00291095	0.649451	0.0245222	0.013506	0.000800391	0.00368313
97	0.00701952	0.0184582	0.00288191	0.0102744	0.396551	0.00208167	0.0358608	0.0237651	0.00455387	0.0955718	0.0109271	0.0343939	0.000848912	0.00612754	0.0205365	0.00902612	0.00786941	0.0165635	0.0329753	0.263714
98	0.0577766	0.0082785	0.0543105	0.021301	0.00995998	0.0915169	0.0139734	0.0153337	0.0252506	0.0121755	0.00936533	0.107099	0.0128325	0.0183954	0.0206057	0.333577	0.156814	0.0186745	0.000931848	0.0118287
99	0.282044	0.0142478	0.021131	0.0151926	0.00718497	0.37172	0.0112149	0.0104312	0.01336	0.0174381	0.0106542	0.0212532	0.0113391	0.0072298	0.0115961	0.110594	0.0333569	0.016478	0.00101416	0.0125198
100	0.0757717	0.00451108	0.0382513	0.0649572	0.0262297	0.0318934	0.0574571	0.0649286	0.0647294	0.117358	0.0441931	0.121891	0.00351446	0.0985445	0.0733993	0.023317	0.0234335	0.0428328	0.00507276	0.0177142
101	0.0890299	0.186535	0.0127543	0.0172848	0.1336	0.020194	0.0272361	0.0431711	0.0163243	0.0691839	0.0220866	0.0318454	0.00613172	0.015845	0.0241879	0.0444663	0.0377512	0.0470482	0.0137776	0.141546
102	0.030756	0.0070567	0.00594312	0.0116471	0.252949	0.00316158	0.0314327	0.0362651	0.00921541	0.117215	0.028407	0.0132433	0.00111226	0.0133095	0.0150477	0.0228206	0.0548866	0.0128333	0.0230351	0.309662
103	0.046346	0.00982226	0.00156247	0.00237458	0.258586	0.0085095	0.0164524	0.106279	0.00224872	0.198708	0.147239	0.00956089	0.00090012	0.00261485	0.00289134	0.053938	0.0210174	0.0619981	0.00566543	0.0432865
104	0.0654376	0.00878503	0.0205423	0.0200018	0.0122615	0.0380823	0.0102745	0.0208881	0.0199004	0.0174816	0.0119682	0.0628473	0.0158177	0.0160984	0.0173162	0.393614	0.212588	0.0211396	0.00171099	0.013244
105	0.108375	0.0102787	0.0215891	0.0518113	0.0437421	0.211354	0.0157269	0.0112185	0.0223559	0.0299937	0.0273462	0.0507366	0.00380001	0.00979891	0.0515552	0.199812	0.0712281	0.0208074	0.00178526	0.0366858
106	0.0534912	0.00774359	0.00170572	0.0026223	0.222666	0.011594	0.0180878	0.100667	0.00236445	0.19018	0.155597	0.0149039	0.00186997	0.00398582	0.00452989	0.0646506	0.0213666	0.0747648	0.00513394	0.0420755
107	0.0508631	0.00588812	0.00564654	0.00735364	0.0509911	0.0172943	0.0382522	0.111151	0.0154656	0.273471	0.106098	0.0615405	0.00598774	0.0292709	0.0275107	0.0387516	0.0149981	0.0867048	0.0197751	0.032986
108	0.112735	0.00952534	0.0174005	0.0259135	0.0692903	0.204261	0.0351816	0.0174189	0.0143812	0.0347941	0.0460142	0.0583949	0.0042739	0.0108919	0.0286373	0.172017	0.0740891	0.0455068	0.00231421	0.0169591
109	0.0180339	0.00384719	0.0442728	0.0383753	0.00111387	0.632012	0.00947998	0.00174086	0.047464	0.00587548	0.00267675	0.0730389	0.00719793	0.0209971	0.0122401	0.049692	0.0186377	0.00211517	0.000314649	0.0108743
110	0.104029	0.00597403	0.0455732	0.1174	0.0171294	0.0283458	0.0267375	0.0249347	0.0803652	0.0455774	0.0392855	0.1124	0.00674115	0.089859	0.131969	0.0542035	0.0332425	0.0249479	0.00221102	0.00907388
111	0.116292	0.0376311	0.0151793	0.0158518	0.0124424	0.0532167	0.0117762	0.0165584	0.0189203	0.0224574	0.0128191	0.0372664	0.0152695	0.0109262	0.0211795	0.474025	0.069219	0.0208731	0.00267609	0.0154207
112	0.406007	0.0181262	0.0114587	0.00533075	0.00313601	0.362642	0.00690429	0.00826403	0.0027374	0.0153081	0.00895254	0.00560463	0.00102799	0.00375364	0.00478346	0.0805333	0.0286135	0.0163483	0.00076584	0.00970211
113	0.0630118	0.0176212	0.0891207	0.048408	0.0255769	0.0935946	0.0245253	0.0336446	0.05039	0.0439324	0.0214631	0.178073	0.0115164	0.0332435	0.0419395	0.10062	0.0604881	0.0319285	0.00560176	0.0253005
114	0.0532012	0.00347086	0.0505278	0.107329	0.00730699	0.0196726	0.020002	0.00881976	0.280844	0.0179147	0.00825489	0.0513092	0.00972174	0.0658233	0.19027	0.0645196	0.0245188	0.0104051	0.00130839	0.00477936
115	0.104676	0.00880414	0.036606	0.0284972	0.00510333	0.522151	0.0113384	0.00917295	0.0346324	0.0133363	0.00697861	0.056831	0.00740369	0.0181873	0.0136137	0.0633159	0.0276441	0.0170557	0.000987138	0.0136651
116	0.184641	0.00291055	0.0322423	0.0692381	0.0209771	0.0176431	0.00883769	0.0208549	0.0660855	0.146198	0.0423352	0.012657	0.00259747	0.114572	0.106228	0.0811944	0.0362869	0.0146729	0.00156222	0.0182661
117	0.168751	0.307548	0.0110833	0.015845	0.0278822	0.0241273	0.0187213	0.0579954	0.0143628	0.0495561	0.0212469	0.0271015	0.00612367	0.0135306	0.0176483	0.066186	0.0524792	0.067538	0.00824372	0.0240307
118	0.241608	0.010996	0.0156027	0.0319528	0.0374152	0.101541	0.0103561	0.0228702	0.0208865	0.0659025	0.0490701	0.0374782	0.00469085	0.0140722	0.0522051	0.165645	0.0801976	0.0231518	0.00193879	0.0124198
119	0.0214626	0.00477786	0.0412289	0.0369762	0.00351911	0.586008	0.0114147	0.00513406	0.0522236	0.00998498	0.00488596	0.0681013	0.00765525	0.0328935	0.0153788	0.0495191	0.0209273	0.00579315	0.000767127	0.0213486
120	0.152128	0.00300575	0.00309987	0.00827733	0.0104274	0.0590184	0.00450867	0.0824586	0.00623841	0.0232209	0.0046521	0.0237507	0.270066	0.00719691	0.00558751	0.248125	0.0246014	0.0553363	0.00117767	0.0071243
121	0.180051	0.306454	0.0145158	0.0162522	0.0288221	0.0286982	0.0179516	0.0558841	0.01625	0.0439595	0.0196003	0.0247879	0.00835186	0.0110153	0.0156455	0.0622978	0.0522689	0.0662867	0.00730692	0.0236008
122	0.0647883	0.00934636	0.032884	0.0650914	0.0150216	0.0370154	0.0263891	0.0277382	0.189198	0.0432128	0.0181003	0.0512463	0.010366	0.0390544	0.197433	0.0789365	0.0390852	0.0277347	0.00318899	0.02417
123	0.0179655	0.00481425	0.0317687	0.0757516	0.0293128	0.00815451	0.00578364	0.011837	0.130445	0.0865537	0.339571	0.0101982	0.00307448	0.0921899	0.0548667	0.039718	0.0126075	0.0108248	0.0278097	0.00675255
124	0.0662578	0.00283319	0.0802034	0.148724	0.0056701	0.0254836	0.017932	0.00387966	0.188126	0.0109397	0.00294282	0.0559931	0.0822543	0.0797016	0.105432	0.0817975	0.0309659	0.00487589	0.00160287	0.00438475
125	0.00968562	0.0151874	0.00416492	0.0107874	0.369863	0.00215382	0.0309706	0.0253046	0.00682077	0.101661	0.013075	0.0284576	0.000972881	0.00922241	0.0196704	0.00862147	0.0123016	0.0140587	0.0307005	0.28632
126	0.0749959	0.00298781	0.0943406	0.220082	0.00588222	0.0210622	0.00998581	0.00666857	0.152923	0.0056767	0.00440819	0.0466949	0.00619259	0.0931823	0.115731	0.0923705	0.0353931	0.00949584	0.00024089	0.00168599
127	0.0225918	0.00212727	0.00283427	0.0034312	0.0394515	0.00372636	0.00169282	0.170328	0.00505699	0.491093	0.0717412	0.00535294	0.0120848	0.00248803	0.00400424	0.0101204	0.0346389	0.108544	0.00397833	0.00471499
128	0.0152776	0.00326535	0.00360542	0.0720102	0.0178416	0.0054359	0.003874	0.21242	0.048986	0.225073	0.0490122	0.0203574	0.00248708	0.0297204	0.0255056	0.0362454	0.0549538	0.153242	0.00156238	0.0191249
129	0.0221777	0.00400577	0.000483621	0.000780197	0.0152072	0.000789942	0.000504902	0.427524	0.000783513	0.271971	0.0344667	0.000955637	0.000619631	0.00255757	0.000774392	0.00154362	0.00398888	0.202316	0.000278658	0.00827036
130	0.0438132	0.00231198	0.166509	0.187217	0.00353486	0.0273444	0.0205857	0.00514206	0.0836193	0.00950205	0.00359254	0.0642676	0.220853	0.0386488	0.0300394	0.0485431	0.0217054	0.00522262	0.0111403	0.00640823
131	0.0728388	0.00276426	0.121288	0.254309	0.00463319	0.0181952	0.0121631	0.00550023	0.134783	0.0048174	0.00475119	0.0484209	0.0060099	0.0916069	0.103217	0.0740731	0.0291487	0.00807281	0.000505971	0.00290149
132	0.021338	0.0034266	0.000814203	0.00106743	0.022349	0.0015373	0.000470419	0.363272	0.00181117	0.338583	0.0429668	0.0013372	0.00314317	0.00211583	0.00146562	0.00343336	0.0109063	0.172184	0.00104999	0.00672953
133	0.148728	0.0179821	0.0032478	0.0195967	0.00502029	0.0194587	0.00382737	0.278181	0.0497866	0.136782	0.00764934	0.0202533	0.00226277	0.0203395	0.022572	0.0244033	0.0105701	0.184206	0.00296543	0.0221671
134	0.0626934	0.00176256	0.198422	0.292727	0.00302906	0.0156	0.0201411	0.00353452	0.108004	0.00410671	0.0031109	0.0590317	0.00859624	0.0713891	0.0679843	0.0466981	0.0193108	0.00532726	0.00140118	0.00713039
135	0.401475	0.00343927	0.00318438	0.00450301	0.00579185	0.0064137	0.00366257	0.0749566	0.00482308	0.11514	0.0473247	0.0053519	0.00193371	0.00442264	0.0200269	0.161511	0.122347	0.0080805	0.00136315	0.00424886
136	0.0184417	0.00385884	0.0424324	0.0388911	0.00121902	0.628072	0.00980889	0.00174106	0.0499325	0.00592624	0.00269818	0.0717186	0.00759663	0.0211074	0.0140726	0.050394	0.0187678	0.00214882	0.000319209	0.0108533
137	0.0667658	0.012654	0.000373717	0.00126721	0.00664302	0.00798252	0.00113065	0.24974	0.00065225	0.0548555	0.00419078	0.00219729	0.00512197	0.000582645	0.000645499	0.00822534	0.0342114	0.541199	0.000172156	0.00138934
138	0.0791957	0.0236911	0.148023	0.0413506	0.0134905	0.0457291	0.0717295	0.0306643	0.0503502	0.0173295	0.0175706	0.0435532	0.00974127	0.0179091	0.0528417	0.111672	0.147641	0.0415189	0.00102364	0.034975
139	0.157778	0.0796766	0.00254391	0.00448562	0.0023609	0.0233152	0.00330175	0.00423356	0.00278582	0.011758	0.00290102	0.00639678	0.00107535	0.00302227	0.00288026	0.648886	0.0245962	0.0134745	0.000804917	0.00372293
140	0.0260859	0.019356	0.00142433	0.00276671	0.319542	0.00360071	0.0079162	0.11188	0.00188239	0.259086	0.102544	0.0064421	0.000700161	0.00199837	0.00385126	0.0155603	0.00763203	0.0560351	0.014294	0.0374022
141	0.0492609	0.00535281	0.0314891	0.0731331	0.00834581	0.0331164	0.0187607	0.0230245	0.318739	0.0292049	0.0138374	0.0483789	0.0112889	0.037567	0.171501	0.0671681	0.0269168	0.0190597	0.0018977	0.0119569
142	0.0574842	0.0110711	0.000395623	0.00109046	0.00784328	0.00619656	0.000950472	0.289397	0.000663595	0.0839356	0.00874295	0.00242743	0.00435204	0.000916402	0.000657099	0.00692799	0.0283038	0.486058	0.000182607	0.00240341
143	0.0619078	0.00488948	0.100347	0.333959	0.0123413	0.0399109	0.020702	0.0171452	0.0751876	0.0307965	0.0115493	0.0438668	0.0119775	0.0560216	0.0481498	0.0603174	0.0328652	0.0218043	0.00265533	0.0136062
144	0.053984	0.00759408	0.0458117	0.0524912	0.0105152	0.400767	0.0174249	0.0116341	0.0603691	0.0238735	0.0122019	0.0639749	0.00949712	0.0289534	0.0562089	0.0753016	0.0333832	0.0141097	0.00198573	0.0199191
145	0.0695407	0.0129969	0.031066	0.0597564	0.0220488	0.0303682	0.0262713	0.0301513	0.18013	0.0457793	0.0170805	0.0495737	0.0159386	0.0379288	0.19434	0.0745418	0.0370023	0.0320602	0.00531213	0.0281131
146	0.0349236	0.00284891	0.00976986	0.013007	0.0248644	0.0072148	0.0350802	0.108054	0.041719	0.367586	0.112456	0.0527649	0.00220604	0.0420678	0.020047	0.01316	0.00884884	0.0434709	0.0070029	0.0529083
147	0.00850535	0.00214051	0.00240604	0.047583	0.00287649	0.00403835	0.00956591	0.00593365	0.481993	0.0160563	0.00349735	0.0398879	0.00154698	0.0209721	0.302117	0.0355523	0.0058442	0.00554542	0.000866013	0.00307289
148	0.0619298	0.00566107	0.0684036	0.0461449	0.00350778	0.0544439	0.0300618	0.014378	0.123164	0.00853369	0.0110782	0.0602191	0.0295324	0.0165131	0.0644204	0.268345	0.11702	0.0101383	0.000451679	0.00605271
149	0.280518	0.00533148	0.00434896	0.0273717	0.0260806	0.0104124	0.00581336	0.0112635	0.0846625	0.0136634	0.02779	0.00985617	0.196517	0.0243524	0.0282565	0.129327	0.054454	0.0507891	0.00226137	0.00693013
150	0.0437908	0.0012574	0.191753	0.460915	0.00180335	0.013396	0.0250366	0.00277533	0.0522882	0.00444471	0.00270605	0.046274	0.00567611	0.0589195	0.0292003	0.0267406	0.0180011	0.00363403	0.00162331	0.00976385
151	0.0127689	0.0126607	0.00512114	0.0129015	0.329848	0.00263887	0.0269591	0.0255413	0.00900056	0.104837	0.0138797	0.0238164	0.000780471	0.012457	0.0196292	0.00974555	0.0181432	0.0125053	0.0289756	0.317791
152	0.0855526	0.0147558	0.000415336	0.00173246	0.00723513	0.0102996	0.001436	0.242603	0.000723388	0.0555979	0.00318803	0.00138013	0.0076388	0.000707726	0.000774044	0.0103867	0.0434514	0.510114	0.000228442	0.00177864
153	0.136698	0.00417827	0.00683808	0.00755948	0.0314601	0.110342	0.0836366	0.0128758	0.0344469	0.0423436	0.0065658	0.0323763	0.00258277	0.0078816	0.0711469	0.0663683	0.0596341	0.0523516	0.0066158	0.224098
154	0.0875599	0.00204128	0.0141396	0.0216426	0.0223365	0.0760585	0.00403434	0.0576041	0.00374955	0.0448672	0.0210064	0.0709509	0.00144652	0.0343701	0.0267488	0.121655	0.28476	0.100686	0.000936961	0.003405
155	0.0876965	0.0163326	0.0010699	0.00306872	0.00630237	0.0106096	0.00266471	0.236893	0.00131712	0.0461124	0.00227111	0.00425683	0.00581057	0.00130652	0.00159805	0.0306287	0.0807408	0.457783	0.000455558	0.00308211
156	0.0848893	0.0142455	0.00067969	0.00214893	0.00606687	0.00968532	0.00175511	0.233558	0.000993957	0.0472764	0.00204225	0.00301954	0.00599006	0.000958829	0.00116818	0.0229444	0.0714386	0.488746	0.00029944	0.00209362
157	0.00945529	0.0144965	0.00401867	0.0113816	0.355495	0.00205062	0.0282386	0.0299565	0.00730835	0.108041	0.0163458	0.0252669	0.000764265	0.00998688	0.019158	0.00785593	0.0119729	0.0142679	0.0313481	0.292591
158	0.0679499	0.00439709	0.0743339	0.0895452	0.00538958	0.0444451	0.0405412	0.00771199	0.201888	0.00784654	0.00498729	0.0672066	0.0201101	0.0491447	0.111433	0.130207	0.0601781	0.00683119	0.000428036	0.00542525
159	0.0768758	0.00329679	0.077844	0.145097	0.00645087	0.0268433	0.0254609	0.00298199	0.228558	0.00642576	0.00216447	0.0584695	0.0115272	0.0770926	0.13233	0.083256	0.0290622	0.00391824	0.000192706	0.00215338
160	0.131869	0.00524438	0.00725308	0.0101242	0.0139189	0.0251629	0.0146233	0.119793	0.0546729	0.162648	0.0456412	0.0409319	0.00563012	0.0668316	0.0609413	0.0167954	0.0296432	0.0878618	0.036377	0.0640379
161	0.0190409	0.00176922	0.00158375	0.00180695	0.0380276	0.00296014	0.000467856	0.193482	0.00458542	0.494697	0.0623121	0.0021052	0.00957063	0.00123589	0.0033493	0.00803327	0.0299749	0.118284	0.00287038	0.0038438
162	0.0633535	0.00169132	0.194236	0.28346	0.00528025	0.0178985	0.0260068	0.00435861	0.106848	0.00689824	0.0037109	0.0709892	0.00995779	0.0681337	0.0607678	0.0418446	0.0183957	0.00569162	0.00154832	0.00892964
163	0.209033	0.00257886	0.0426689	0.0916684	0.00731884	0.0689481	0.0172368	0.0197376	0.0768049	0.0849613	0.023674	0.0390966	0.00229287	0.0391436	0.152151	0.06123	0.0464725	0.00766148	0.00121027	0.00611066
164	0.0178329	0.00387807	0.0529424	0.0396157	0.00111224	0.613146	0.00975975	0.00176723	0.0466401	0.00585772	0.00291338	0.0779224	0.00694328	0.0212502	0.012582	0.0514379	0.0205786	0.00237018	0.000320175	0.0111297
165	0.00741002	0.0174128	0.00285905	0.00962863	0.396915	0.00197517	0.0350549	0.0246541	0.00442964	0.10181	0.01195	0.033376	0.000729649	0.00603596	0.020105	0.00924415	0.00829396	0.0153756	0.0320151	0.260725
166	0.0473709	0.00307297	0.00710398	0.00794331	0.0142828	0.0408341	0.00347446	0.0167239	0.00387897	0.00691381	0.00398377	0.0645847	0.00798159	0.0149499	0.00438095	0.487618	0.234132	0.0143477	0.00114148	0.0152813
167	0.0601021	0.00769547	0.0588275	0.0382655	0.00204021	0.0475126	0.0490139	0.0199716	0.0926524	0.00954966	0.0124839	0.0834269	0.0462011	0.0192242	0.0625028	0.228631	0.137537	0.0153686	0.000377191	0.00861665
168	0.324585	0.013071	0.0201899	0.00481305	0.00345553	0.444122	0.0109404	0.00761036	0.0044783	0.0138947	0.00858942	0.00689434	0.00144588	0.00330825	0.00450529	0.076799	0.0252157	0.0137121	0.00080027	0.0115695
169	0.00681851	0.0179784	0.0028345	0.00974147	0.398915	0.00188783	0.0356966	0.0229672	0.0044196	0.0967221	0.01082	0.0342336	0.000696403	0.00600121	0.0206044	0.00886263	0.00782103	0.0154177	0.0327742	0.264788
170	0.0293072	0.0195831	0.00132887	0.00202743	0.301058	0.00367858	0.00560914	0.119832	0.00172815	0.268705	0.115341	0.00405919	0.000728416	0.00190917	0.00215151	0.0179346	0.00857526	0.0597089	0.0117627	0.024972
171	0.0361545	0.0028325	0.0773193	0.0475267	0.122957	0.0311737	0.041644	0.0218518	0.0697731	0.139582	0.0289079	0.0355384	0.00168307	0.0442638	0.106189	0.00945955	0.0692536	0.0331853	0.0136425	0.0670628
172	0.0180231	0.00386692	0.0426305	0.0383561	0.00108716	0.635284	0.00951127	0.00174716	0.0477548	0.00588985	0.00272212	0.0716757	0.00726925	0.0208657	0.012313	0.049353	0.018285	0.00210282	0.000314753	0.0109477
173	0.106909	0.0123771	0.00315627	0.0178847	0.00383542	0.00573492	0.00369193	0.0835602	0.143979	0.117948	0.0243949	0.0457208	0.0763246	0.0491546	0.0932755	0.0258437	0.0399422	0.138398	0.00222902	0.00564056
174	0.0180231	0.00386692	0.0426305	0.0383561	0.00108716	0.635284	0.00951127	0.00174716	0.0477548	0.00588985	0.00272212	0.0716757	0.00726925	0.0208657	0.012313	0.049353	0.018285	0.00210282	0.000314753	0.0109477
175	0.0620764	0.00973922	0.11751	0.0670051	0.0167137	0.0432126	0.0207001	0.0222862	0.0654251	0.0461171	0.0954223	0.0650088	0.0115271	0.0866983	0.048032	0.128579	0.0501702	0.0220632	0.00637955	0.0153347
176	0.0590536	0.0593986	0.0139846	0.0230891	0.0195969	0.157496	0.0186498	0.0393035	0.0240115	0.148506	0.034477	0.0829156	0.00810618	0.0228209	0.0703186	0.0565254	0.0406618	0.0935946	0.00704645	0.0204442
177	0.0222404	0.0040786	0.000459195	0.000740363	0.0150618	0.000779425	0.00051284	0.432855	0.000716524	0.26627	0.0335426	0.000898989	0.000347195	0.00260564	0.000720645	0.00143908	0.00340806	0.204671	0.000225845	0.0084268
178	0.0652097	0.0125786	0.00038667	0.0012672	0.00673821	0.00788706	0.00110845	0.250297	0.000657658	0.054544	0.00439489	0.00236889	0.0049121	0.000595317	0.000637751	0.00814238	0.0335277	0.543221	0.000176505	0.00134912
179	0.00678724	0.0179929	0.00281836	0.00970679	0.399546	0.00188954	0.03568	0.0229981	0.00441913	0.096657	0.0107715	0.0342495	0.00069978	0.00593459	0.0205681	0.00886796	0.00779313	0.0154339	0.0328471	0.26434
180	0.0473073	0.0059702	0.00449982	0.0318592	0.00619156	0.00802951	0.0083003	0.156394	0.186693	0.13581	0.031628	0.0153711	0.00464823	0.0109631	0.200706	0.021011	0.0220178	0.0529644	0.0035886	0.0460482
181	0.0378666	0.0142564	0.00768425	0.0102004	0.0114308	0.0259977	0.00668284	0.0828913	0.0071384	0.0779918	0.0869668	0.152987	0.00342059	0.0152567	0.0146195	0.132548	0.207109	0.0921593	0.0022837	0.010509
182	0.0652526	0.00215316	0.0240763	0.00345871	0.0174219	0.037442	0.098643	0.02366	0.02135	0.0434565	0.00355723	0.0988696	0.00129623	0.0124527	0.103945	0.192163	0.0754231	0.0110599	0.00433417	0.159986
183	0.0980163	0.00284258	0.0555182	0.124459	0.0238211	0.0189576	0.0431166	0.00819992	0.207697	0.0185385	0.00341643	0.0902679	0.00846499	0.0911902	0.0918662	0.0770634	0.0245633	0.00860534	0.000545561	0.00285014
184	0.0183439	0.00156012	0.00163635	0.00183932	0.0410159	0.00326502	0.000466305	0.169032	0.00524142	0.517923	0.0623457	0.00212844	0.00995713	0.00110774	0.00397114	0.00860239	0.0313631	0.113616	0.00288196	0.00370386
185	0.10048	0.0141124	0.0375409	0.0620016	0.0277049	0.157017	0.00761911	0.00741413	0.0418996	0.042078	0.0430002	0.0814768	0.00249632	0.00753442	0.0553911	0.233938	0.060617	0.00925378	0.000873066	0.00755274
186	0.0851514	0.0029415	0.0700407	0.13585	0.00622911	0.0310011	0.0226319	0.004001	0.217816	0.0139077	0.00381518	0.052739	0.0123854	0.0729363	0.14139	0.0882329	0.0318873	0.00410255	0.00032982	0.0026111
187	0.0344333	0.00448454	0.00250802	0.00527172	0.0391258	0.0175903	0.00234803	0.135432	0.00594672	0.390642	0.0949012	0.00916478	0.00653182	0.0101951	0.00469633	0.0324268	0.0839406	0.112463	0.0030636	0.00483444
188	0.0272176	0.00638247	0.122027	0.0310905	0.00559821	0.379371	0.0197039	0.00492261	0.0344855	0.0083024	0.0131013	0.144161	0.00604997	0.0217655	0.0174742	0.0976759	0.043386	0.00652605	0.000487085	0.0102728
189	0.0198268	0.00658573	0.25515	0.0248661	0.00165963	0.155412	0.013668	0.00262572	0.0148173	0.00329425	0.0042218	0.287783	0.000769591	0.0287054	0.0144926	0.084954	0.0653427	0.00805257	0.000538614	0.00723394
190	0.0580855	0.0107427	0.0627882	0.03464	0.00261449	0.0444151	0.0461319	0.0259787	0.0814943	0.0108215	0.0175717	0.0860856	0.038988	0.0211446	0.0492995	0.240538	0.141988	0.013054	0.000428553	0.0131901
191	0.136907	0.00222649	0.00189743	0.0123678	0.0201974	0.0523534	0.00289682	0.158896	0.00326036	0.0580046	0.00316553	0.0174788	0.28296	0.0121099	0.00349893	0.080278	0.0254663	0.11234	0.00115202	0.0125438
192	0.0139603	0.00685827	0.00822015	0.0160293	0.269422	0.00238477	0.0173786	0.0250551	0.0147024	0.119648	0.0157804	0.0115238	0.000917404	0.0203438	0.0197189	0.00556909	0.0223668	0.00655224	0.0268125	0.376756
193	0.11374	0.00273036	0.0607582	0.266628	0.00523519	0.0524012	0.0043072	0.0377909	0.0655564	0.0657229	0.00531966	0.0088691	0.00172864	0.0631721	0.00801265	0.0711224	0.0229721	0.138905	0.00110791	0.00392109
