701	20
1	0.00789904	0.00811261	0.000851804	0.00261574	0.0279603	0.00186674	0.00140239	0.428003	0.00797272	0.287064	0.0443918	0.001779	0.020205	0.00336651	0.00136579	0.00661983	0.00614833	0.11358	0.00941414	0.0193811
2	0.0466495	0.00707326	0.0397342	0.041538	0.000848093	0.0258256	0.037003	0.00123549	0.313537	0.0133116	0.014582	0.131131	0.000637442	0.0760641	0.160053	0.0566374	0.0187665	0.00204724	0.00737047	0.00595576
3	0.0289731	0.00333847	0.0230769	0.00519089	0.00412015	0.0147036	0.00885892	0.00546648	0.206436	0.00755576	0.00452451	0.0172113	0.0126865	0.0128402	0.127479	0.352855	0.145234	0.00986983	0.0012808	0.00829924
4	0.00352486	0.0037719	0.000366077	0.000567332	0.00144748	0.000540725	0.000411952	0.428472	0.00104739	0.017013	0.00146656	0.000894318	0.00026261	0.000639417	0.00064118	0.00372309	0.0134444	0.51916	0.000183929	0.00242196
5	0.0114774	0.00868785	0.000926901	0.00216973	0.00917074	0.0019089	0.00113515	0.0281247	0.00129249	0.772587	0.110338	0.00176639	0.00104767	0.00216659	0.00141723	0.00426283	0.00466554	0.0319862	0.00143983	0.00342912
6	0.00976102	0.00252007	0.000262211	0.000564535	0.00108018	0.000627186	0.000392871	0.482824	0.000822749	0.180896	0.0224641	0.000830293	0.00180872	0.000473035	0.000446655	0.00161285	0.002947	0.28866	0.000256927	0.000750196
7	0.00251365	0.000564144	0.000372071	0.0005597	0.000494993	0.000568152	0.00043845	0.630779	0.00103515	0.207757	0.0102807	0.0028301	0.00243456	0.000545437	0.000493313	0.00106085	0.000916925	0.134251	0.000601756	0.00150321
8	0.00844301	0.0009067	0.00450012	0.00375624	0.000633621	0.948353	0.00140214	0.000409588	0.00540807	0.000646686	0.00052088	0.00605364	0.000158833	0.000930801	0.0024855	0.01093	0.00266546	0.000736629	0.000159504	0.000899882
9	0.0387307	0.00106541	0.000542808	0.000679278	0.000562265	0.000874764	0.00052852	0.000712278	0.000737945	0.000847086	0.000845324	0.00185662	0.00153515	0.0032498	0.000631838	0.932825	0.0089882	0.00126223	0.000239169	0.00328553
10	0.0126816	0.000847482	0.00535179	0.00405722	0.000708807	0.935073	0.00158146	0.000438038	0.00652888	0.000799203	0.00059154	0.00772819	0.000398559	0.00117028	0.00260569	0.0140858	0.00288885	0.00107156	0.0001632	0.001229
11	0.181426	0.011924	0.00552164	0.00564711	0.00929671	0.0493429	0.0058961	0.0177823	0.0052208	0.0144908	0.0030688	0.0101142	0.509457	0.00408486	0.00412137	0.0814611	0.0286878	0.0409334	0.00224782	0.00927486
12	0.0251845	0.00762962	0.00297855	0.0102222	0.0202482	0.00819813	0.00437907	0.399272	0.00975246	0.250007	0.0383868	0.021905	0.00404748	0.0104354	0.00895281	0.0116359	0.0175918	0.131733	0.00387313	0.0135674
13	0.0224723	0.00956283	0.000913526	0.0227551	0.00277238	0.00898445	0.00488573	0.328579	0.0188635	0.0815619	0.0375527	0.0143212	0.0090237	0.0413083	0.00261679	0.0190898	0.0378737	0.329073	0.000545373	0.0072447
14	0.0154497	0.00889893	0.000408486	0.00140622	0.0136277	0.00127674	0.00131756	0.419131	0.00224643	0.0676013	0.0257242	0.00128954	0.00132215	0.00197151	0.00091327	0.00518972	0.0174894	0.408793	0.000319249	0.00562382
15	0.00984617	0.000887263	0.00252382	0.00330445	0.000455666	0.95311	0.00095383	0.00042455	0.00420233	0.000493468	0.000438206	0.00395044	0.000197189	0.000510576	0.00205174	0.0122127	0.00290788	0.000503059	0.000155576	0.000870539
16	0.00807271	0.00510957	0.0174191	0.296323	0.00226448	0.00272021	0.0156978	0.00410913	0.00858001	0.0243403	0.0233188	0.0104848	0.00182791	0.541973	0.00696699	0.0124347	0.00744183	0.00623482	0.000953559	0.00372741
17	0.664796	0.0218831	0.0042027	0.00112003	0.00265311	0.117905	0.00106163	0.00360226	0.00124845	0.0054232	0.00272463	0.0035682	0.00509561	0.00193314	0.00147699	0.116872	0.019902	0.0201282	0.000473958	0.00392981
18	0.769241	0.0372869	0.000586759	0.000963269	0.00282024	0.0753225	0.0016262	0.00292482	0.000657228	0.00799731	0.00144063	0.00264381	0.00241217	0.00104523	0.00065638	0.0439049	0.0148265	0.0301921	0.000671697	0.00278052
19	0.00712532	0.000855025	0.0331347	0.889935	0.000710667	0.00150329	0.00150547	0.00190525	0.00767916	0.00212122	0.000920083	0.006305	0.000571352	0.0216907	0.006272	0.00749035	0.0031506	0.00490697	0.000346623	0.00187162
20	0.0066789	0.00280125	0.00189376	0.0024208	0.63009	0.00339795	0.00713592	0.0229136	0.00431783	0.0497979	0.0151435	0.00428367	0.00226542	0.00403328	0.00631238	0.00733162	0.00512416	0.0193933	0.0303419	0.174323
21	0.00272994	0.00103936	0.842911	0.0232546	0.00293199	0.00581808	0.00428145	0.000733388	0.00869833	0.0023391	0.000969192	0.0533046	0.000459092	0.00581789	0.00342289	0.0210699	0.0130204	0.00546685	0.000203717	0.00152841
22	0.00640285	0.00256142	0.00198209	0.00447659	0.346412	0.00167856	0.0178992	0.0115129	0.00857598	0.0414089	0.0122125	0.00828226	0.00116185	0.00426452	0.00503797	0.0069042	0.00539762	0.0144712	0.00978615	0.489571
23	0.0399896	0.00129731	0.000542699	0.000692689	0.000584293	0.0010159	0.000526947	0.000697698	0.000774259	0.000864682	0.000905808	0.00190534	0.00212295	0.00316834	0.000642808	0.929273	0.0100071	0.00151512	0.000231414	0.00324194
24	0.0105559	0.00208772	0.0066561	0.00521	0.000604368	0.925619	0.00169739	0.000498942	0.00703225	0.0008194	0.000949059	0.00784493	0.000299903	0.001362	0.00284568	0.0145319	0.00862986	0.00144765	0.000170756	0.00113713
25	0.181627	0.0246663	0.00248022	0.00528945	0.00341351	0.00706746	0.00302875	0.0295576	0.00477032	0.0197104	0.0334641	0.00620965	0.00336596	0.00554776	0.00396329	0.138939	0.376831	0.144334	0.00107289	0.00466056
26	0.0118976	0.00901895	0.00707096	0.0336696	0.00464477	0.00528127	0.0330121	0.00558033	0.0179842	0.0486494	0.0451813	0.0178466	0.00351554	0.69393	0.0157992	0.0184042	0.0124153	0.00796237	0.00153676	0.00659932
27	0.676234	0.0504552	0.000899983	0.00173642	0.00660337	0.0757743	0.000912038	0.0018757	0.00106265	0.00572094	0.00233103	0.00314989	0.00112574	0.00169747	0.00109735	0.122927	0.0191566	0.024055	0.00065447	0.00253012
28	0.0412641	0.067253	0.00148609	0.00442459	0.0219184	0.00534464	0.00387681	0.236506	0.00714658	0.232414	0.040987	0.00481918	0.00204158	0.00548614	0.00584342	0.0177732	0.046211	0.231868	0.00193226	0.0214052
29	0.0229848	0.000730537	0.00232341	0.0385504	0.00137637	0.00203462	0.00873027	0.00551614	0.575134	0.0275534	0.0134321	0.00388038	0.000721875	0.059778	0.202723	0.0100986	0.0109174	0.00611727	0.000698046	0.00670021
30	0.72656	0.00969565	0.00114326	0.00257001	0.000533951	0.0312754	0.000698005	0.00244249	0.00113909	0.00325931	0.00183208	0.00128316	0.000569646	0.00248513	0.00104075	0.158448	0.0219647	0.0292321	0.000264241	0.00356339
31	0.012387	0.00498875	0.000587931	0.00202711	0.0831201	0.00610487	0.0020456	0.126188	0.00143148	0.570092	0.0895796	0.00156544	0.00161421	0.00188764	0.00147122	0.00493321	0.00792241	0.0548715	0.00568355	0.0214989
32	0.0194721	0.000579992	0.000632786	0.0329733	0.000607741	0.00127488	0.00861072	0.00361198	0.566665	0.0187694	0.0100981	0.00237283	0.000370473	0.0521222	0.257977	0.0083143	0.00673133	0.0031522	0.000256652	0.00540642
33	0.104362	0.000338956	0.177265	0.320141	0.00280691	0.0142635	0.0128102	0.000968241	0.111821	0.003711	0.000552023	0.0526396	0.00533234	0.0685797	0.0531386	0.0415276	0.0161348	0.00449643	0.00114694	0.0079636
34	0.0263675	0.00501868	0.136792	0.34352	0.00113024	0.0175176	0.0139833	0.0141713	0.05381	0.053303	0.0167193	0.0288255	0.00789628	0.0767551	0.0620965	0.0327971	0.0586835	0.0406211	0.000592992	0.00939918
35	0.00662117	0.00123803	0.0130458	0.00856432	0.000929074	0.909929	0.00296826	0.000493965	0.0128419	0.000871405	0.000431342	0.0139735	0.000198313	0.00195321	0.00410294	0.0156555	0.00388803	0.000970448	0.000164096	0.00115967
36	0.025556	0.0250551	0.0027958	0.00751707	0.0517503	0.00384971	0.00836466	0.276346	0.0154581	0.144827	0.0460121	0.00397563	0.000977334	0.0041259	0.0147166	0.0126294	0.0315495	0.26103	0.00310116	0.0603628
37	0.0225151	0.000652745	0.0403927	0.235098	0.00693113	0.00728875	0.0308266	0.00450865	0.209477	0.00221298	0.003475	0.0114588	0.00230076	0.134116	0.17981	0.0575695	0.0282352	0.000979169	0.00465229	0.0175001
38	0.045415	0.0342412	0.00138966	0.00677847	0.00684668	0.00204296	0.00181544	0.180779	0.00335648	0.0465121	0.0444425	0.00384599	0.00342142	0.00926543	0.00247652	0.101172	0.228228	0.274407	0.000812543	0.00275126
39	0.0024733	0.00242251	0.000385241	0.000622765	0.00143618	0.000612803	0.000450462	0.445778	0.00109133	0.0140048	0.00078952	0.00103127	0.000276631	0.000663763	0.000617392	0.00390374	0.0138494	0.506833	0.000197738	0.00256042
40	0.0163258	0.00832046	0.00284728	0.00827989	0.0309104	0.00390893	0.0020905	0.181151	0.00423299	0.496883	0.0692168	0.00291274	0.00198633	0.00558091	0.00398929	0.00839422	0.0144096	0.123396	0.00305933	0.0121047
41	0.0176464	0.0213735	0.000187377	0.000497585	0.00243295	0.000479882	0.000342049	0.259156	0.0011192	0.0675931	0.0132756	0.000390787	0.000609219	0.000630515	0.00112477	0.00271375	0.0113441	0.597589	8.96265e-05	0.00140462
42	0.00571925	0.0051846	0.00762647	0.00644157	0.0017716	0.0062671	0.00534913	0.00240147	0.0126059	0.00411918	0.00279309	0.890802	0.00116333	0.00448941	0.00612047	0.0148421	0.0158704	0.00355371	0.00067954	0.0022
43	0.0777051	0.0378363	0.011473	0.00695073	0.0110745	0.0156717	0.0101735	0.00664358	0.0119612	0.00923797	0.00817428	0.0452256	0.332975	0.0132414	0.00990806	0.290304	0.0537241	0.0318921	0.00212092	0.0137071
44	0.00683668	0.00481866	0.00791262	0.00829117	0.00197265	0.0116111	0.00602447	0.00246613	0.013261	0.00355436	0.00222366	0.880625	0.00114335	0.00454914	0.00740956	0.0156186	0.0140565	0.00416254	0.00059568	0.00286766
45	0.0456322	0.00670403	0.00179322	0.00591044	0.0157928	0.00566506	0.00254114	0.336715	0.00532683	0.0971848	0.0281298	0.00454243	0.172438	0.00815085	0.00208317	0.0242482	0.0398381	0.189347	0.00197881	0.00597798
46	0.710073	0.0212604	0.00329815	0.00611369	0.00267593	0.0593849	0.00339647	0.00476133	0.0062317	0.0078911	0.00275082	0.00353978	0.00512304	0.00461237	0.00674462	0.0977303	0.0194479	0.0288032	0.00100267	0.0051582
47	0.0385005	0.0148156	0.0187472	0.00222237	0.00444384	0.0113229	0.00295807	0.00716296	0.00524701	0.00817759	0.00538165	0.0199667	0.013097	0.0049396	0.0113092	0.353772	0.458264	0.0125614	0.000498006	0.00661272
48	0.00622492	0.00179	0.000864774	0.00200877	0.00630447	0.00151795	0.00121641	0.598097	0.00230369	0.124007	0.0183556	0.00558219	0.00190078	0.00277553	0.000634046	0.00245544	0.00702384	0.213621	0.000391362	0.00292564
49	0.013655	0.012578	0.00646227	0.0129127	0.00677221	0.00605747	0.0487035	0.0104107	0.013737	0.0797596	0.142582	0.02506	0.00332803	0.553912	0.0102935	0.0175331	0.0130378	0.0130136	0.0028348	0.00735703
50	0.0337708	0.0195979	0.00902835	0.00392926	0.0051139	0.00843044	0.00449099	0.0138643	0.00667462	0.0155399	0.00917261	0.0233429	0.00648898	0.00453555	0.00927774	0.167224	0.624809	0.024987	0.000614235	0.00910812
51	0.0481029	0.00778255	0.282307	0.0479425	0.00169721	0.0148117	0.0222815	0.0027238	0.0181601	0.00777728	0.00263813	0.130539	0.00398294	0.023609	0.0305317	0.173478	0.173328	0.00497445	0.000554234	0.00277699
52	0.0268803	0.014972	0.328339	0.0258382	0.00537671	0.0162582	0.125022	0.00489899	0.0728999	0.00811423	0.013254	0.0649941	0.00696557	0.0415452	0.0730276	0.103581	0.0269867	0.00910416	0.00200915	0.0299328
53	0.0780958	0.00365023	0.00882251	0.0735817	0.0187663	0.0219333	0.0347439	0.0474456	0.190983	0.0278445	0.0113726	0.0149677	0.000772483	0.0888132	0.188893	0.0398319	0.0670113	0.0733794	0.0013463	0.00774498
54	0.014369	0.0116484	0.000957278	0.00346938	0.00338622	0.00122093	0.00102481	0.351631	0.00187579	0.0347282	0.0169477	0.00186101	0.000656744	0.00349232	0.00132239	0.0169085	0.0985198	0.433189	0.00043631	0.0023553
55	0.0144246	0.00654625	0.00566327	0.0107413	0.178078	0.00413002	0.0389439	0.0170477	0.0142691	0.0527091	0.0173879	0.0164426	0.00291772	0.0071364	0.0139146	0.0106871	0.0110489	0.0220895	0.0072987	0.548523
56	0.0129775	0.0106868	0.0023138	0.00121768	0.170073	0.000635184	0.00200316	0.229307	0.00175042	0.244011	0.0777381	0.00116894	0.00594637	0.00571801	0.00331144	0.00650057	0.0164033	0.148762	0.0041498	0.0553258
57	0.0477676	0.00914735	0.0411707	0.0959264	0.0184383	0.0631839	0.00576224	0.163438	0.0107561	0.173232	0.0231328	0.0123306	0.00287835	0.0124207	0.0113213	0.0217219	0.0203252	0.184714	0.0132477	0.0690842
58	0.041711	0.00278306	0.00141023	0.00139678	0.00333823	0.00380372	0.00218926	0.00243393	0.00200204	0.00307312	0.0012855	0.00362081	0.875902	0.00134537	0.00233874	0.023577	0.00932775	0.0129382	0.00103219	0.00449117
59	0.00821659	0.00153232	0.000275208	0.000538256	0.00146814	0.000622379	0.000413458	0.510978	0.000801505	0.19014	0.0221127	0.000972374	0.00209148	0.000477819	0.000398058	0.00137949	0.00218942	0.254062	0.000334578	0.000996287
60	0.0253527	0.0032717	0.111991	0.253544	0.00221442	0.0143637	0.0204654	0.0132741	0.042183	0.0464962	0.0171156	0.0451201	0.00713878	0.082397	0.0628529	0.0403511	0.152955	0.0475909	0.000571419	0.0107512
61	0.146305	0.00486791	0.00441622	0.00234767	0.119881	0.00197267	0.00478588	0.0855305	0.0202411	0.0251416	0.00275544	0.0108961	0.00106314	0.0226865	0.0195628	0.0710613	0.103564	0.209647	0.0343532	0.108922
62	0.00898136	0.00478414	0.000422842	0.000742823	0.00309122	0.00225749	0.000544502	0.329036	0.000811618	0.405497	0.0275273	0.000895045	0.0014225	0.000940192	0.000502859	0.00184831	0.0028126	0.206351	0.000323992	0.00120791
63	0.177659	0.00470799	0.00289131	0.420491	0.00231962	0.00776819	0.00388731	0.0299795	0.0355808	0.00436941	0.00293387	0.00398614	0.00140201	0.020841	0.0345001	0.0942598	0.127546	0.0192022	0.001044	0.00463004
64	0.0262469	0.00101738	0.0349954	0.195801	0.00704375	0.00633647	0.0325926	0.00309238	0.240836	0.00235699	0.00311191	0.0117945	0.00231258	0.13569	0.187493	0.0601703	0.0249035	0.00127265	0.00547107	0.0174617
65	0.00954467	0.0090281	0.000223332	0.000457545	0.0023499	0.000380885	0.000345682	0.385786	0.00114857	0.0543003	0.00831753	0.000586468	0.000514682	0.000496984	0.000717472	0.00288544	0.0122587	0.509178	9.79804e-05	0.00138216
66	0.00270092	0.00124764	0.000442182	0.000591522	0.00169784	0.00118406	0.00051482	0.546918	0.001087	0.303164	0.0153814	0.00260278	0.00190824	0.000707274	0.000551066	0.00127326	0.00111691	0.114586	0.000676199	0.00164845
67	0.125076	0.00126646	0.0557054	0.192873	0.00934782	0.0152289	0.0121197	0.0206349	0.179503	0.0577867	0.00961525	0.0224168	0.0131639	0.0595975	0.147741	0.0287303	0.0162752	0.0142827	0.00532078	0.0133142
68	0.0200659	0.000574879	0.000612598	0.0362092	0.000532214	0.000692079	0.00692459	0.00385516	0.604006	0.0231468	0.0131423	0.000872971	0.000389333	0.0593295	0.20302	0.00749899	0.00854532	0.00404553	0.000265526	0.00627112
69	0.0040791	0.000370964	0.0390748	0.901638	0.000436043	0.00115962	0.0010935	0.00162298	0.00296233	0.00133369	0.000615787	0.00566236	0.000664525	0.0212337	0.00249136	0.00661746	0.0025744	0.00454269	0.000228879	0.00159777
70	0.0186201	0.00130299	0.000828575	0.00149658	0.000784253	0.00677613	0.0140357	0.00101556	0.239183	0.00591146	0.0048126	0.0153738	0.000539096	0.0675164	0.585326	0.0277891	0.00159416	0.00144542	0.000413124	0.0052357
71	0.0536876	0.0045156	0.00186682	0.00224636	0.00467157	0.00646301	0.00313728	0.0123528	0.00261115	0.0048871	0.00154759	0.00499984	0.798516	0.00202064	0.00201546	0.0374895	0.020392	0.0308272	0.000992418	0.00476004
72	0.00129687	0.000454785	0.861037	0.02075	0.00297398	0.00534771	0.00154443	0.000587586	0.00729798	0.00211932	0.000591539	0.0530371	0.000265517	0.00455704	0.00197671	0.0191532	0.0106867	0.00540822	0.000200229	0.000714147
73	0.739295	0.0203979	0.00157558	0.000747418	0.000948876	0.0892405	0.000630418	0.00165993	0.000744424	0.00420796	0.0011105	0.0022091	0.00144235	0.000649826	0.000952982	0.0964022	0.011837	0.0235426	0.000329482	0.00207576
74	0.00404585	0.000883144	0.000290806	0.000480139	0.000415553	0.000515859	0.000369361	0.579418	0.00103356	0.2158	0.0139659	0.00182978	0.0027279	0.000499644	0.000431412	0.00117491	0.00125341	0.172944	0.000564989	0.00135551
75	0.0237605	0.00494973	0.000398524	0.00296981	0.0826983	0.012459	0.00176901	0.128023	0.00237412	0.55853	0.0837547	0.00361651	0.000571524	0.00147367	0.00250961	0.00727438	0.00981136	0.0371944	0.00983765	0.026024
76	0.411672	0.029421	0.00145702	0.00239846	0.0131114	0.0536436	0.00719125	0.0677754	0.00204203	0.0514249	0.00254401	0.00242302	0.183147	0.00208794	0.00197089	0.0631765	0.0368014	0.0518857	0.00278592	0.0130397
77	0.137192	0.0302248	0.0215564	0.0046193	0.00739764	0.292457	0.00327939	0.00471863	0.0122364	0.00817288	0.00498649	0.0334027	0.00545605	0.00501736	0.0064972	0.173402	0.229972	0.012138	0.0017373	0.00553691
78	0.0122877	0.00509481	0.00149524	0.00289124	0.153669	0.00158315	0.00387845	0.159867	0.00104688	0.340965	0.127618	0.0014145	0.00333542	0.00588064	0.0019241	0.00770559	0.014899	0.107162	0.00462411	0.0426583
79	0.00743267	0.000765217	0.00327108	0.00316331	0.00182925	0.952937	0.00117927	0.000499923	0.00496751	0.000643885	0.000413047	0.00523435	0.000337298	0.000916518	0.00226426	0.00959832	0.00235309	0.000572855	0.000204293	0.00141667
80	0.00747836	0.00135075	0.00304431	0.00322094	0.000438394	0.950993	0.00186853	0.000396957	0.00489562	0.00051534	0.000326609	0.00532881	0.000312565	0.000900957	0.00224654	0.0112739	0.00363582	0.000709893	0.000172998	0.000889639
81	0.0131831	0.00936876	0.00878862	0.0383912	0.00837397	0.00598674	0.0335266	0.00970353	0.0204866	0.0510471	0.0435426	0.0183822	0.00248469	0.669956	0.0162853	0.0164092	0.0111303	0.0121819	0.00261088	0.0081609
82	0.085004	0.0190681	0.00154207	0.00219399	0.00276872	0.00330421	0.00241546	0.0281031	0.00394637	0.0214115	0.0267616	0.0113611	0.00261148	0.00315358	0.00367832	0.130288	0.551429	0.0956914	0.000526441	0.00474139
83	0.46986	0.00258462	0.0112333	0.00134088	0.000888626	0.353331	0.00108547	0.00125947	0.00136956	0.00505533	0.00643718	0.00485722	0.00770231	0.00127333	0.0048524	0.105766	0.00955699	0.00457218	0.000520964	0.0064534
84	0.0158847	0.0065068	0.00256285	0.00656034	0.0323425	0.00548348	0.00351508	0.109648	0.00636409	0.631958	0.0695551	0.00316922	0.00215881	0.00883709	0.00669914	0.00824557	0.00966349	0.054475	0.00341519	0.0129559
85	0.0190515	0.0128173	0.0266516	0.00880657	0.00293462	0.0138535	0.0136234	0.00588844	0.0154904	0.00824413	0.00368869	0.470601	0.00654092	0.00954893	0.00946495	0.113928	0.244407	0.00934868	0.000785626	0.0043252
86	0.0585119	0.0998867	0.00115491	0.00227952	0.0102909	0.00345157	0.00159435	0.155717	0.00219239	0.231083	0.0469976	0.00390146	0.000759977	0.00686367	0.0016149	0.0323434	0.0836972	0.251323	0.000600792	0.00573632
87	0.27438	0.11683	0.00137767	0.00264848	0.0210433	0.110867	0.00320057	0.00989815	0.00271915	0.0123479	0.0120875	0.00874772	0.00667061	0.00377991	0.00265003	0.254868	0.122227	0.0242635	0.00164992	0.00774477
88	0.0319105	0.0066545	0.000514203	0.0122102	0.0315616	0.00141196	0.00063746	0.137606	0.000918314	0.288111	0.171765	0.00336318	0.00394536	0.00900738	0.00104307	0.0286755	0.0493748	0.208215	0.00567872	0.00739573
89	0.100759	0.000282864	0.187347	0.335448	0.00233009	0.0131451	0.0120675	0.000816259	0.105281	0.00275447	0.00047006	0.0496677	0.00479227	0.0704474	0.0480193	0.0398075	0.0145334	0.00369094	0.00114653	0.00719301
90	0.0575791	0.0511041	0.00161976	0.00409191	0.0128246	0.00528953	0.00229508	0.0965473	0.00417129	0.469714	0.0741714	0.00452735	0.00111317	0.00542249	0.00351788	0.018994	0.031239	0.144844	0.00196876	0.00896463
91	0.0724738	0.00165382	0.120381	0.101035	0.0553813	0.0198748	0.136207	0.0192929	0.016363	0.00360031	0.00637701	0.0758454	0.00250055	0.0552692	0.0254669	0.0991293	0.0273058	0.0474667	0.021493	0.0928826
92	0.00834828	0.00259653	0.000446693	0.00152244	0.119374	0.00588262	0.00421827	0.111344	0.00124978	0.57218	0.0974116	0.00123748	0.00106386	0.00160427	0.00105272	0.00319586	0.00538678	0.0348174	0.00563429	0.0214323
93	0.0996926	0.000267388	0.187599	0.33048	0.00244813	0.0134398	0.0122509	0.000734951	0.108155	0.0027164	0.000443218	0.0506914	0.00467648	0.0701201	0.0485243	0.0400477	0.0151602	0.00388873	0.0011359	0.00752692
94	0.0194923	0.00060699	0.000656951	0.0408715	0.000613917	0.000680655	0.00679666	0.00453879	0.603917	0.0206819	0.0111926	0.000991416	0.000384272	0.0572195	0.20743	0.00681385	0.00756928	0.00358999	0.000293911	0.00565846
95	0.00316316	0.00701719	0.0015745	0.00798142	0.101798	0.00144314	0.0537899	0.00648914	0.00810058	0.0612928	0.0156352	0.0243465	0.000615825	0.00748713	0.00308974	0.00483295	0.00788866	0.0107674	0.00102991	0.671657
96	0.00874106	0.00143216	0.0765791	0.0346877	0.0020323	0.556458	0.0241201	0.000874152	0.0527964	0.00270773	0.001148	0.182145	0.000457076	0.0171747	0.0117604	0.0180387	0.00344423	0.00279338	0.00038195	0.00222715
97	0.0174702	0.0209772	0.000175157	0.000327167	0.00211377	0.000357296	0.000228591	0.226244	0.000764349	0.0563843	0.0116715	0.000296507	0.000334505	0.000407946	0.0010753	0.002522	0.0117032	0.645468	7.79142e-05	0.00140128
98	0.0237788	0.000556261	0.0394358	0.220147	0.00724019	0.00616993	0.0254435	0.00286045	0.241871	0.00116495	0.0033754	0.0109525	0.00333913	0.128966	0.17977	0.0563271	0.030457	0.000992117	0.00398482	0.013168
99	0.0270976	0.00126272	0.000534005	0.0130629	0.0304632	0.00150756	0.000548656	0.135032	0.000937089	0.31709	0.189808	0.00373176	0.00411101	0.00873865	0.00106221	0.0241336	0.0404724	0.186975	0.00614252	0.00728892
100	0.00297077	0.00245888	0.000464569	0.000630231	0.00599674	0.00238601	0.00051749	0.279168	0.000931875	0.578283	0.0294642	0.000920007	0.000911632	0.00119947	0.000593395	0.00128655	0.00122234	0.0887667	0.000417976	0.0014097
101	0.00664206	0.00070736	0.00123915	0.00218712	0.000299675	0.966274	0.000724973	0.000368947	0.00344651	0.000418237	0.000322491	0.00257185	0.000158375	0.000423046	0.00183732	0.00901423	0.00198428	0.000460336	0.000152828	0.000766724
102	0.1821	0.0364256	0.00146738	0.00353874	0.00469236	0.0137657	0.00283274	0.0449616	0.0044026	0.0239112	0.0376385	0.00615697	0.00377372	0.00487347	0.00322814	0.139045	0.337203	0.143608	0.000918282	0.00545682
103	0.0124251	0.00321235	0.0492587	0.00388365	0.00235257	0.0094937	0.0410328	0.00291275	0.0653762	0.00426175	0.00299873	0.133747	0.159284	0.110906	0.0450649	0.252672	0.0931822	0.00365883	0.0011164	0.00316076
104	0.293985	0.0833302	0.00277658	0.00324695	0.0190206	0.146543	0.00539886	0.0117475	0.00281015	0.0141533	0.00810589	0.00984536	0.0109703	0.00373292	0.00269485	0.191187	0.144973	0.0328261	0.00261835	0.0100345
105	0.0449182	0.00711241	0.0695178	0.275507	0.0105085	0.0160127	0.0173779	0.0358409	0.0600383	0.0906788	0.0255253	0.0261178	0.0128017	0.057694	0.0616151	0.0403169	0.0796296	0.050057	0.00270869	0.0160211
106	0.00671743	0.000953539	0.807533	0.0204677	0.00292882	0.00856119	0.00240442	0.00104497	0.00847991	0.00251104	0.00160727	0.0568714	0.00133278	0.00587341	0.00367989	0.0432764	0.0184555	0.00572931	0.000244854	0.00132703
107	0.0203293	0.00223382	0.00523063	0.0176296	0.00592344	0.00612367	0.0126006	0.0063282	0.181655	0.0118192	0.00577347	0.0103076	0.00222902	0.045194	0.624176	0.0210957	0.00799779	0.00494159	0.00197654	0.00643477
108	0.0125408	0.0034953	0.157894	0.345311	0.00102363	0.0293404	0.00905869	0.0195871	0.04393	0.0557138	0.0128131	0.0214951	0.00600266	0.111838	0.0571984	0.02466	0.0472575	0.0278767	0.00075214	0.0122108
109	0.0878383	0.00378592	0.00524161	0.0723235	0.00660919	0.00237429	0.00432391	0.0408929	0.0796555	0.459265	0.0422911	0.0071129	0.00101779	0.0551252	0.0357064	0.0309743	0.00959311	0.0394392	0.00320652	0.0132235
110	0.007138	0.00204687	0.00135527	0.00193406	0.622348	0.00316363	0.00665182	0.0317452	0.00351384	0.0606799	0.0152788	0.00280543	0.00182301	0.00321147	0.00400906	0.00530937	0.00437878	0.0237638	0.0229077	0.175936
111	0.115134	0.0312246	0.0182816	0.00955245	0.0020556	0.0155663	0.0237095	0.00461015	0.202091	0.00663308	0.00624847	0.0266346	0.00156687	0.0347178	0.313724	0.109034	0.0201667	0.0478802	0.00144576	0.00972387
112	0.0298159	0.00596637	0.00226495	0.0476801	0.00298228	0.0157051	0.00419771	0.304711	0.0160327	0.11562	0.05205	0.0155618	0.00941135	0.0512692	0.00171409	0.0168353	0.035365	0.264633	0.00124415	0.00694018
113	0.111282	0.000310915	0.0960746	0.117949	0.00736862	0.0402118	0.0250505	0.00679395	0.108961	0.0394058	0.00767409	0.032388	0.116879	0.0524072	0.101735	0.0749125	0.0170008	0.0236449	0.00464116	0.0153078
114	0.0493306	0.0543506	0.000607339	0.00463528	0.00910935	0.00104513	0.000859354	0.185785	0.00110021	0.0749241	0.058369	0.00135254	0.000541614	0.00996976	0.000809921	0.0689227	0.14911	0.327942	0.000247345	0.000987421
115	0.407088	0.0277495	0.00212317	0.0027009	0.00950717	0.0380064	0.00547006	0.0716602	0.00255179	0.0570877	0.00326395	0.00324187	0.217418	0.00253325	0.00260811	0.0526787	0.0341857	0.0476469	0.00213064	0.0103486
116	0.0415977	0.00130669	0.0155148	0.0743831	0.0015928	0.0089206	0.00915557	0.0609792	0.259175	0.0343735	0.0240463	0.00227484	0.188504	0.0895319	0.0719426	0.0185682	0.0513511	0.0367781	0.000620882	0.00938388
117	0.0387307	0.00106541	0.000542808	0.000679278	0.000562265	0.000874764	0.00052852	0.000712278	0.000737945	0.000847086	0.000845324	0.00185662	0.00153515	0.0032498	0.000631838	0.932825	0.0089882	0.00126223	0.000239169	0.00328553
118	0.0553651	0.00477158	0.021751	0.0978893	0.0553959	0.0289341	0.0382454	0.0688153	0.127602	0.0326436	0.028629	0.0152452	0.000587217	0.0711303	0.129487	0.0329275	0.0826688	0.0906394	0.00148262	0.0157899
119	0.0292582	0.00102954	0.000448696	0.014238	0.030606	0.00149803	0.000491211	0.128458	0.000838551	0.315082	0.188644	0.00392729	0.00431975	0.0093763	0.000951185	0.02578	0.0439467	0.187239	0.00652898	0.00733937
120	0.0601635	0.000450505	0.249374	0.402325	0.00071264	0.0110098	0.0139713	0.000776071	0.0481847	0.00375385	0.00069347	0.0380742	0.014029	0.070714	0.0342068	0.0274396	0.0153618	0.00399251	0.00154202	0.00322537
121	0.0579921	0.000573824	0.253807	0.422856	0.000638258	0.0118526	0.0137847	0.00106581	0.0379933	0.00389655	0.000745018	0.0332482	0.0133749	0.0733068	0.0282431	0.0249287	0.0135807	0.00347185	0.00142219	0.00321808
122	0.804839	0.0358088	0.000468686	0.000641729	0.000475895	0.0703655	0.000450393	0.000552336	0.000578738	0.00591924	0.000551085	0.00280589	0.000361071	0.000510854	0.000539919	0.0379808	0.0092113	0.0271981	0.000167539	0.000572787
123	0.0564106	0.000555613	0.00701648	0.0510522	0.0397979	0.00355802	0.0176095	0.0829512	0.0527724	0.302705	0.0815531	0.0157595	0.00144635	0.0368878	0.059509	0.0231886	0.0229786	0.0739377	0.0180837	0.0522272
124	0.00502381	0.0011089	0.000886161	0.00149364	0.425718	0.0015056	0.00430194	0.0101324	0.00364845	0.0650057	0.0101973	0.00278281	0.000565886	0.00198478	0.0031511	0.0052958	0.00228133	0.0121777	0.0054798	0.437259
125	0.0427472	0.00326084	0.00152027	0.00136644	0.0033695	0.00401142	0.0023973	0.00330843	0.00232992	0.00295213	0.00103123	0.00368312	0.869801	0.00127444	0.00173031	0.0249268	0.00968656	0.0153732	0.00101613	0.00421348
126	0.0363192	0.0242192	0.000228887	0.000382496	0.00422668	0.00124266	0.0002832	0.223426	0.000856955	0.0558161	0.0124341	0.000366642	0.000264035	0.000623883	0.00100102	0.00700135	0.0165569	0.613393	8.83776e-05	0.0012696
127	0.0141991	0.00315889	0.000256601	0.000448299	0.0168923	0.00110466	0.00178976	0.508431	0.00182002	0.0993349	0.0472287	0.000735244	0.00174501	0.00036049	0.000373526	0.00119557	0.00975835	0.286412	0.000151452	0.0046045
128	0.013769	0.0122181	0.000203673	0.000476207	0.00202253	0.000377068	0.000303724	0.344541	0.00131057	0.0844661	0.0125694	0.000493199	0.000796384	0.000564784	0.000777286	0.00275926	0.0110941	0.51017	9.63317e-05	0.00099143
129	0.0185217	0.0027141	0.0116261	0.0124325	0.00453329	0.00656817	0.011798	0.00665966	0.109913	0.00745542	0.00448598	0.00964978	0.00260635	0.0336758	0.710434	0.0212692	0.00962796	0.0044995	0.00328228	0.00824801
130	0.380326	0.0245877	0.0021339	0.00297446	0.0100281	0.0393087	0.00588298	0.0771063	0.00315247	0.0456698	0.00354243	0.00360222	0.222974	0.00302541	0.00279937	0.0644133	0.0320981	0.063792	0.00237126	0.0102109
131	0.689547	0.00168846	0.000982419	0.00109238	0.000558896	0.0310309	0.000501164	0.00327529	0.000962882	0.00111998	0.000818765	0.000761201	0.000452237	0.00108346	0.000735896	0.228482	0.0180363	0.0156116	0.000287221	0.00297179
132	0.00258791	0.000842088	0.000932718	0.00118555	0.553511	0.00132174	0.00166242	0.00425512	0.00179466	0.015058	0.00273174	0.00131951	0.000733549	0.00151137	0.00170397	0.00293236	0.0020621	0.00550432	0.0128426	0.385507
133	0.026849	0.0174515	0.00877242	0.00236942	0.00451515	0.00730802	0.00249912	0.0107995	0.0035318	0.0123629	0.00609371	0.0236488	0.00420091	0.00302163	0.00651836	0.167704	0.666769	0.0167696	0.000384857	0.00842984
134	0.0121722	0.00863992	0.00115112	0.00242333	0.0082919	0.00223111	0.00130381	0.0198245	0.0015593	0.776748	0.119193	0.00218983	0.000888027	0.00260162	0.00181944	0.00454601	0.00449464	0.0245602	0.00143467	0.00392805
135	0.0276735	0.00164584	0.00205371	0.0026537	0.000646278	0.929438	0.000983008	0.000944571	0.00374463	0.00129978	0.000724711	0.00345161	0.000615586	0.000606952	0.00210622	0.0151664	0.00376636	0.00107248	0.0002175	0.00118898
136	0.0122493	0.00089957	0.00441568	0.00344433	0.000640329	0.944577	0.00133414	0.000516748	0.00556615	0.000733378	0.000388781	0.00600993	0.00036761	0.000945453	0.00251932	0.0109446	0.0024371	0.000854913	0.000199477	0.000956659
137	0.168781	0.0168865	0.00633617	0.00789812	0.00769169	0.0403579	0.00477393	0.0233646	0.0513883	0.0737336	0.0500619	0.00809438	0.00386493	0.0104502	0.0396582	0.236299	0.218495	0.018669	0.00156415	0.0116306
138	0.00816259	0.000780243	0.00492131	0.00407967	0.000383246	0.946366	0.00180748	0.000395893	0.00573236	0.00058819	0.000360976	0.00881161	0.000185114	0.00106762	0.00233731	0.0102779	0.00216255	0.000579925	0.000155253	0.000844691
139	0.316637	0.0372972	0.0130796	0.00508838	0.0101892	0.260089	0.00309495	0.00464376	0.00719491	0.0071594	0.0085885	0.00913086	0.00716796	0.00636283	0.00660192	0.246062	0.0351074	0.00918291	0.00087296	0.00644866
140	0.105828	0.0354246	0.00789762	0.0139	0.0549367	0.126471	0.0103055	0.0313323	0.0165242	0.0778266	0.0761009	0.0191822	0.00787874	0.0147413	0.018816	0.213517	0.11826	0.0259978	0.00490135	0.0201581
141	0.0169828	0.00549916	0.000394065	0.000629465	0.0357414	0.00183677	0.00335291	0.515028	0.00366921	0.0639237	0.0639694	0.000858012	0.00214864	0.0006524	0.000840299	0.00159047	0.0158407	0.256876	0.000463398	0.009703
142	0.806432	0.0353051	0.000498214	0.000655723	0.00044263	0.0685535	0.000438007	0.000543228	0.000580824	0.00588464	0.000557608	0.00274472	0.000324215	0.0005073	0.000545769	0.0382745	0.0093205	0.0275648	0.000165487	0.000661644
143	0.108044	0.000340981	0.118916	0.151007	0.00969047	0.0291941	0.0376216	0.00513543	0.10018	0.0211321	0.00414585	0.044363	0.0709022	0.057134	0.0865954	0.0760208	0.0267613	0.0209198	0.00637416	0.0255225
144	0.0806236	0.0104405	0.0193688	0.0247934	0.000868575	0.0326962	0.0528749	0.00127932	0.214412	0.0098809	0.0150551	0.0725876	0.0004693	0.0659824	0.246314	0.105256	0.0279623	0.00584033	0.00309336	0.0102022
145	0.472297	0.00213138	0.0106884	0.00139542	0.00116948	0.335113	0.00111474	0.00154548	0.00136804	0.00463015	0.00608759	0.00459415	0.00739671	0.00131008	0.00455188	0.123112	0.00992125	0.00479782	0.000449559	0.00632593
146	0.0108373	0.00366743	0.000507589	0.00166727	0.106093	0.00674523	0.003028	0.134984	0.00147222	0.562084	0.0821749	0.00178289	0.00109064	0.00162173	0.00136135	0.00380461	0.00671034	0.0433484	0.00557907	0.0214406
147	0.113091	0.00125199	0.0983518	0.170535	0.00553979	0.0201763	0.0310171	0.00526692	0.121801	0.0158665	0.00309104	0.061203	0.0110269	0.0675129	0.0890119	0.0910629	0.0523148	0.023065	0.00152536	0.0172889
148	0.113672	0.0022669	0.00867986	0.0553941	0.0442379	0.0266667	0.047737	0.0229539	0.0394177	0.26145	0.0831723	0.0111614	0.00281887	0.0604472	0.0421767	0.0404889	0.0114093	0.0261413	0.00805554	0.0916522
149	0.0395851	0.00121622	0.000554459	0.000667546	0.000551793	0.000941236	0.000517785	0.000696846	0.000754077	0.000841725	0.000905607	0.00183699	0.00193334	0.00316478	0.000635322	0.93035	0.0100091	0.0013812	0.000232324	0.00322446
150	0.00525478	0.00190657	0.0265595	0.0084554	0.00210462	0.120054	0.191346	0.00255107	0.0419201	0.00898742	0.00823631	0.170943	0.0416874	0.0509831	0.0160004	0.17521	0.120319	0.00352719	0.00105215	0.00290155
151	0.02535	0.00229856	0.039931	0.216879	0.00549122	0.00741855	0.0227506	0.00599993	0.148274	0.00760018	0.00576328	0.0112422	0.0028733	0.257605	0.124005	0.0587102	0.0340144	0.00650255	0.00323961	0.0140517
152	0.0181994	0.0230536	0.000176367	0.000509056	0.0025337	0.00053075	0.000355768	0.246574	0.00111859	0.0603889	0.0129398	0.000402469	0.000543403	0.000714445	0.00119258	0.00267909	0.0117113	0.614769	8.82438e-05	0.00151993
153	0.0192922	0.00742129	0.000892074	0.0113257	0.02597	0.00524933	0.00193088	0.221165	0.00557918	0.348641	0.0890738	0.00537129	0.00437181	0.0177286	0.00197426	0.0144351	0.0279858	0.178353	0.00332371	0.00991575
154	0.0109149	0.00711727	0.000236152	0.000474095	0.00127251	0.00041689	0.000284217	0.40552	0.000970879	0.131798	0.014773	0.000531179	0.0012919	0.000394762	0.000558478	0.00222653	0.00751616	0.412576	0.000201134	0.000925544
155	0.000919549	0.000341687	0.0280573	0.932456	0.000362251	0.000404296	0.000357497	0.00144742	0.000470511	0.000666828	0.000420788	0.00387293	0.000191112	0.0187627	0.000437019	0.00491362	0.000739405	0.00444107	0.000169543	0.000568829
156	0.0197506	0.00057084	0.00824318	0.0805091	0.00202471	0.00169706	0.0114123	0.00388337	0.514846	0.0159262	0.00911006	0.00293596	0.000940652	0.079991	0.207284	0.0174194	0.0118493	0.00298828	0.00113663	0.00748178
157	0.0318101	0.186339	0.0458024	0.0110952	0.0114758	0.0560302	0.00868792	0.00944487	0.0117499	0.0127257	0.0109382	0.012354	0.00674141	0.0102521	0.0116242	0.379946	0.0220455	0.015622	0.0422388	0.103076
158	0.00468051	0.00276574	0.000470789	0.000707854	0.00373719	0.00215207	0.000534087	0.305057	0.00102197	0.507194	0.0304532	0.000789135	0.00136802	0.00106769	0.000597428	0.00148324	0.0015183	0.132527	0.000493618	0.00138139
159	0.0599121	0.00298691	0.0186819	0.0834403	0.0409075	0.0203722	0.0321595	0.0686276	0.131404	0.100961	0.0366442	0.0162457	0.00187663	0.0588938	0.134544	0.0315771	0.058445	0.071477	0.00556888	0.0252743
160	0.0151293	0.00360689	0.0405601	0.0274917	0.00549634	0.607204	0.0521054	0.00289703	0.0384506	0.00495041	0.00320558	0.0993763	0.00151039	0.0171298	0.0141422	0.0296862	0.00917632	0.00587649	0.00180874	0.0201966
161	0.00810669	0.0296832	0.00283905	0.00355785	0.330285	0.00361879	0.00537509	0.0147904	0.00462469	0.0324486	0.0238325	0.0172751	0.00179518	0.00360276	0.00488526	0.019649	0.0293658	0.0237569	0.343354	0.097154
162	0.0808733	0.00347438	0.0285768	0.11433	0.0151325	0.0144738	0.0236206	0.0447008	0.238957	0.0545423	0.0177456	0.0187346	0.0197338	0.0609015	0.131541	0.0360487	0.0369576	0.0339953	0.00446491	0.0211953
163	0.00489724	0.000584585	0.0352121	0.882757	0.000990477	0.00141266	0.00213238	0.00212926	0.00835163	0.00255389	0.00120168	0.00607102	0.00080834	0.0258569	0.00688149	0.00748977	0.00315911	0.00559417	0.000317819	0.00159848
164	0.0139252	0.010799	0.00256629	0.000740834	0.188541	0.000652383	0.00199153	0.225574	0.00164172	0.231753	0.0698101	0.00109976	0.00439624	0.00580181	0.00366304	0.0060759	0.0169878	0.147206	0.00370928	0.063065
165	0.00154727	0.000404291	0.0284953	0.920968	0.000752151	0.000899935	0.000736033	0.00207114	0.00247097	0.00124224	0.000714461	0.00412155	0.0002419	0.0198238	0.00246419	0.00534825	0.00166127	0.00507223	0.000200789	0.000764591
166	0.0103545	0.00272769	0.00217042	0.0026632	0.417565	0.00210333	0.0103547	0.0612479	0.00693901	0.122923	0.0394822	0.00264946	0.00174421	0.00370648	0.00535926	0.00595675	0.00474268	0.0532358	0.0122157	0.231859
167	0.00313648	0.000452107	0.0354899	0.908934	0.000447196	0.000980017	0.00102794	0.00188053	0.00276045	0.0015191	0.000910107	0.00532146	0.000557606	0.0206608	0.00215119	0.00591701	0.00187619	0.00478003	0.000281686	0.000915747
168	0.0180407	0.0148241	0.000511344	0.00278796	0.017072	0.00159105	0.00147482	0.29877	0.00286937	0.128015	0.0383445	0.00128681	0.00185104	0.00281957	0.00205389	0.00605405	0.0162168	0.436423	0.00121551	0.00777866
169	0.0188311	0.014456	0.000454824	0.00291551	0.00927314	0.00103501	0.000928567	0.262944	0.00168842	0.100047	0.0669107	0.0012314	0.00102929	0.00295916	0.00123005	0.00739232	0.0198579	0.482495	0.0010128	0.00330839
170	0.021624	0.00238712	0.0113652	0.0248747	0.0035539	0.00652985	0.0142041	0.00813817	0.124446	0.0124051	0.00594928	0.0121763	0.00267853	0.0488095	0.650687	0.0222022	0.0119493	0.00754508	0.00224505	0.00622907
171	0.00368979	0.000843315	0.837133	0.0280471	0.00315041	0.00669518	0.00381265	0.00108192	0.00990774	0.00218996	0.00108568	0.0524154	0.000757461	0.00644943	0.00367627	0.0203511	0.0108799	0.00559124	0.000412817	0.00182997
172	0.124628	0.0133083	0.00939163	0.0196051	0.0039397	0.0439771	0.0617282	0.00158831	0.197977	0.0108526	0.0160981	0.0396967	0.000580971	0.0545249	0.225975	0.127413	0.0280508	0.00739258	0.00104899	0.0122234
173	0.00808728	0.00170552	0.1098	0.0301748	0.00274368	0.547207	0.0201045	0.00141064	0.0476854	0.0040548	0.00148733	0.16905	0.000534536	0.0151816	0.0121828	0.0175576	0.00440417	0.00374032	0.000476979	0.00241012
174	0.013091	0.00509356	0.0245961	0.0149775	0.00459394	0.0661433	0.139454	0.00503344	0.0286405	0.0148233	0.0127479	0.291381	0.020127	0.0627169	0.0125041	0.136542	0.133547	0.00674073	0.00131746	0.0059299
175	0.18472	0.292825	0.00333083	0.00621374	0.00507366	0.00792251	0.00408338	0.0273338	0.0251621	0.0189977	0.0579435	0.0244295	0.00231453	0.00580941	0.00473922	0.0942082	0.0470221	0.17903	0.00186235	0.00697896
176	0.0177777	0.00487446	0.000241714	0.000438553	0.0300249	0.00176107	0.00313409	0.535515	0.00282808	0.0525626	0.0622929	0.000709776	0.00178291	0.000361526	0.000374818	0.000971163	0.0156422	0.260853	0.000149184	0.00770509
177	0.025322	0.00913046	0.000918962	0.00317591	0.0122918	0.00205418	0.00192434	0.406099	0.00279847	0.0426836	0.0328711	0.00242246	0.00156723	0.00378346	0.00164676	0.0107055	0.0827602	0.352899	0.000389596	0.00455602
178	0.0141654	0.0181788	0.000196071	0.000264159	0.00191633	0.000334597	0.000237913	0.263451	0.000904146	0.0481665	0.00929153	0.000389779	0.000282206	0.000409627	0.00107046	0.00234694	0.0110801	0.625849	8.56197e-05	0.00137962
179	0.228852	0.130398	0.00239131	0.00428542	0.010984	0.0162879	0.00286328	0.0645729	0.00937307	0.0355393	0.02997	0.00905276	0.00316052	0.00581356	0.00397977	0.0538485	0.045554	0.334452	0.00187959	0.00674276
180	0.196662	0.107865	0.00399391	0.00401691	0.0280389	0.0712825	0.00401642	0.00651101	0.00406564	0.00989959	0.0106151	0.0413568	0.0101803	0.00324374	0.00384646	0.343897	0.129003	0.0152542	0.00120538	0.0050464
181	0.0223537	0.00596498	0.000851738	0.00717325	0.0358271	0.0041873	0.00170859	0.295247	0.00325024	0.240481	0.118259	0.00328513	0.00403963	0.00673435	0.00200534	0.0130134	0.0244997	0.195758	0.00416938	0.0111906
182	0.00254785	0.000420849	0.0306487	0.918033	0.000544271	0.000639899	0.000923049	0.00174201	0.00231043	0.00124049	0.000749922	0.00464168	0.000344294	0.0196849	0.00210669	0.00600266	0.00170032	0.00464904	0.000223753	0.000846461
183	0.00542249	0.00429387	0.00604455	0.00865178	0.00164594	0.00833345	0.00399403	0.0031036	0.0113071	0.00337677	0.00280723	0.898082	0.000811326	0.00514894	0.00537539	0.0124918	0.0124038	0.00348054	0.000555353	0.00267005
184	0.0124242	0.0106979	0.00230684	0.00084838	0.175181	0.000575991	0.00187262	0.241774	0.00203755	0.24539	0.0706669	0.0010672	0.00565901	0.00530339	0.00347452	0.00600013	0.0150357	0.143321	0.0035349	0.0528294
185	0.0272278	0.00424367	0.573347	0.0560965	0.0106127	0.0159517	0.0129892	0.0134178	0.0276297	0.0488762	0.0134662	0.0441733	0.00878242	0.0218393	0.0248797	0.0358917	0.023588	0.0204533	0.00358768	0.0129461
186	0.0900521	0.0060855	0.00156567	0.001296	0.00479617	0.0109153	0.00323428	0.00638375	0.00115147	0.00541759	0.00118217	0.00455707	0.774483	0.00128236	0.00092387	0.0438334	0.0141668	0.0217243	0.00125401	0.00569544
187	0.0252625	0.0026724	0.000571665	0.0109551	0.0344883	0.00212778	0.000961936	0.155429	0.00131206	0.325919	0.173398	0.00333437	0.00402264	0.00760666	0.00120111	0.020953	0.0352736	0.17967	0.00584593	0.00899572
