337	20
1	0.0277922	0.0218174	0.00925802	0.011823	0.0798306	0.00353291	0.0202863	0.161476	0.0320262	0.252707	0.0692765	0.0137249	0.00862129	0.0299505	0.0272144	0.0355955	0.0389778	0.120663	0.0081068	0.0273199
2	0.0162989	0.0164572	0.0172676	0.0812663	0.00541455	0.00714055	0.0446295	0.0203495	0.233542	0.0402789	0.00941277	0.0426643	0.004531	0.117846	0.214566	0.0538327	0.0378254	0.0150214	0.00596301	0.0156923
3	0.0312083	0.0125965	0.0101419	0.00723945	0.0528509	0.00467608	0.0287629	0.122311	0.043847	0.291123	0.0861724	0.0179134	0.0113113	0.0376775	0.0267111	0.0384728	0.0402501	0.0928077	0.0069424	0.0369847
4	0.0456866	0.00435415	0.113004	0.230264	0.00654299	0.022456	0.0225999	0.014208	0.133743	0.0188157	0.0113999	0.0650426	0.0109724	0.0817407	0.0722061	0.0666676	0.0456244	0.0231117	0.000591926	0.0109693
5	0.0470078	0.0329201	0.0417044	0.0397204	0.0444652	0.026516	0.0528326	0.0421745	0.0854267	0.0467821	0.0132412	0.0846498	0.00897017	0.0594096	0.0782775	0.110311	0.0780702	0.0579778	0.00633249	0.0432103
6	0.0434656	0.00667678	0.100196	0.228857	0.00826503	0.0252716	0.0336446	0.0144484	0.123064	0.0231371	0.0128975	0.0605483	0.0100179	0.0919392	0.0674825	0.0598197	0.0456374	0.0248155	0.000811467	0.0190046
7	0.0458837	0.00919807	0.110269	0.177916	0.011426	0.022012	0.0405543	0.0106461	0.114513	0.0194366	0.0136849	0.0858708	0.00832283	0.0687453	0.0611978	0.106105	0.0511269	0.0156201	0.00910417	0.0183679
8	0.0200229	0.0145047	0.0156727	0.0859524	0.00467407	0.00735423	0.0505871	0.0196035	0.207905	0.0422166	0.00922244	0.0515958	0.00469698	0.136061	0.201362	0.0601262	0.0361812	0.0143882	0.00377597	0.0140977
9	0.0135561	0.00822287	0.00663622	0.00541459	0.0664324	0.00412312	0.0143353	0.131588	0.0156064	0.462934	0.0794812	0.0121864	0.00475993	0.0133047	0.0215192	0.0251386	0.0288771	0.065956	0.00372769	0.0161998
10	0.00264366	0.00245665	0.00283215	0.00135259	0.0622317	0.00282642	0.00878891	0.136002	0.00185059	0.58885	0.0837199	0.00530963	0.000813948	0.00241994	0.0151221	0.00971123	0.0219336	0.0466108	0.000503205	0.00402036
11	0.0472508	0.0208521	0.0407821	0.0384578	0.0342018	0.0293949	0.0552807	0.0370482	0.0770584	0.107477	0.0226057	0.0850042	0.0142082	0.0664445	0.0612644	0.106715	0.0664441	0.0482846	0.00765686	0.0335684
12	0.049229	0.0103562	0.107768	0.172759	0.0106183	0.0445582	0.0301938	0.0152225	0.113497	0.022407	0.0129093	0.079533	0.0107145	0.0726684	0.0647547	0.0929823	0.0496204	0.0226868	0.00224467	0.0152768
13	0.00962856	0.00709422	0.00573317	0.003317	0.0782825	0.00312107	0.0115809	0.151902	0.00689285	0.494924	0.077494	0.00929299	0.00226722	0.00742646	0.0136991	0.0180431	0.0235004	0.0619003	0.00330076	0.0105997
14	0.0444579	0.0745958	0.00336048	0.00394755	0.0935115	0.0035333	0.164008	0.0110347	0.020504	0.0771811	0.0220614	0.0877094	0.00356101	0.0180202	0.00650461	0.0946095	0.0277123	0.0115256	0.00107793	0.231084
15	0.00894029	0.0150765	0.00162273	0.00336496	0.0223399	0.00266018	0.00535607	0.358911	0.00489462	0.190245	0.0530631	0.00261339	0.00131923	0.00360028	0.00275735	0.00959087	0.0133534	0.284303	0.0012643	0.0147233
16	0.0211254	0.0134278	0.0190266	0.0970524	0.00487905	0.00798231	0.0489408	0.0189907	0.203202	0.0406926	0.0095278	0.0514629	0.00517787	0.137081	0.191786	0.0619912	0.0359084	0.014473	0.00406193	0.0132109
17	0.0227695	0.0221156	0.02938	0.0840583	0.0106547	0.0117783	0.033347	0.0435639	0.182343	0.0408229	0.020982	0.0426254	0.0154043	0.0887185	0.159902	0.0518203	0.0693939	0.0522508	0.00120031	0.0168696
18	0.0144124	0.0350518	0.004319	0.0145604	0.0316363	0.00927298	0.284655	0.0434559	0.0601188	0.0522117	0.0440211	0.0298443	0.0041959	0.050245	0.0608259	0.0276864	0.0298739	0.0252168	0.00187416	0.176522
19	0.0378668	0.00355856	0.162917	0.283511	0.00470371	0.0196683	0.0206421	0.0132721	0.100288	0.0189044	0.0106962	0.0722036	0.0130322	0.0731461	0.0405137	0.0514247	0.0417857	0.0182568	0.000550197	0.0130589
20	0.0185827	0.00295088	0.375516	0.0399304	0.00151504	0.0283155	0.0240647	0.00687064	0.0218445	0.00562869	0.00185418	0.280298	0.0108525	0.0261918	0.00706521	0.0954037	0.0299188	0.016158	0.000531882	0.00650649
21	0.0144033	0.0151886	0.00149023	0.00388557	0.015365	0.00388202	0.00405297	0.383305	0.00461468	0.154376	0.0366623	0.00301383	0.00106989	0.00340586	0.0027987	0.0103902	0.0195904	0.309184	0.000856893	0.0124644
22	0.0282974	0.00523298	0.00968345	0.0104207	0.00457255	0.00390332	0.00337385	0.00427839	0.00404874	0.00892208	0.00828949	0.0381278	0.0449755	0.00976702	0.0188138	0.453306	0.324431	0.00729034	0.00134457	0.0109211
23	0.00874898	0.0151676	0.00136949	0.00428935	0.00920088	0.00277001	0.00315447	0.432943	0.00347789	0.130196	0.02452	0.00226242	0.000825802	0.00198979	0.0023493	0.0079887	0.0125181	0.324731	0.000374424	0.0111229
24	0.021301	0.0109608	0.004433	0.00716664	0.0457279	0.00628783	0.00938516	0.202547	0.0107869	0.35372	0.0673697	0.0083523	0.00287865	0.009626	0.0115796	0.0197778	0.0322956	0.159891	0.00236511	0.0135478
25	0.00223049	0.00419376	0.00111367	0.00423833	0.443633	0.00394314	0.0279672	0.0178588	0.00150681	0.0286434	0.0133285	0.00900713	0.00134682	0.00131959	0.00888787	0.0104812	0.00221233	0.0231896	0.0168229	0.378075
26	0.320035	0.0286791	0.0119264	0.0247102	0.00904683	0.0130535	0.00969527	0.0275862	0.0186326	0.017815	0.00750805	0.0142104	0.232444	0.0148177	0.00932635	0.127851	0.0711349	0.0198739	0.00469266	0.0169606
27	0.0396894	0.0138046	0.129945	0.153812	0.0120972	0.0234409	0.0332391	0.0230901	0.109719	0.0258693	0.0129085	0.0806539	0.0107476	0.0684054	0.0833942	0.0773255	0.0503422	0.028683	0.00439567	0.0184381
28	0.00696193	0.0154851	0.00127492	0.00276239	0.0116705	0.00229798	0.00321802	0.429662	0.00311669	0.142698	0.028526	0.00191562	0.00108205	0.00190602	0.00221135	0.00734989	0.0117407	0.313707	0.000546912	0.0118676
29	0.0287649	0.0248048	0.0289678	0.11083	0.00906977	0.0108155	0.0273896	0.0583797	0.156034	0.0663854	0.0154829	0.0342953	0.00869132	0.0748791	0.107919	0.0482585	0.044283	0.128605	0.00201905	0.0141254
30	0.0586888	0.0192647	0.0704785	0.0362204	0.00784173	0.43336	0.0143924	0.0094757	0.0351614	0.0117146	0.00774428	0.0815505	0.00802781	0.0183049	0.0197003	0.104452	0.0355281	0.0157365	0.00263994	0.00971665
31	0.00450619	0.00624139	0.00153113	0.00447337	0.428715	0.00447482	0.031035	0.0186901	0.00281524	0.0309425	0.014251	0.0115691	0.00174958	0.00207339	0.00971869	0.0148762	0.0039397	0.0236442	0.016112	0.368641
32	0.0894836	0.0284594	0.0245456	0.0308538	0.0161977	0.0208083	0.0185914	0.0409194	0.0292351	0.0551755	0.0390134	0.0415617	0.0229142	0.0200656	0.023333	0.226583	0.200835	0.0498787	0.00467665	0.0168691
33	0.0447464	0.0123244	0.0390391	0.11297	0.0130389	0.0192807	0.0317526	0.0307193	0.165414	0.0365966	0.0105267	0.0471276	0.0155989	0.0948622	0.130664	0.074926	0.0591366	0.0444003	0.000867217	0.0160084
34	0.00280473	0.00397802	0.00248484	0.00195453	0.0522951	0.00268055	0.00730499	0.171031	0.00255572	0.535554	0.0992943	0.00487487	0.000788136	0.00252487	0.012304	0.00818887	0.0180713	0.0626341	0.000566154	0.00811002
35	0.152521	0.0294587	0.00781028	0.010726	0.00518651	0.0125086	0.00745962	0.00643292	0.00598608	0.00911175	0.00789936	0.0238895	0.0270093	0.0169076	0.0094559	0.464586	0.181668	0.0099274	0.002854	0.00860187
36	0.246621	0.0436777	0.0192015	0.0273385	0.00492689	0.0513631	0.00650346	0.0459765	0.0258104	0.0239373	0.0188496	0.0156002	0.00315866	0.0109764	0.00687107	0.246026	0.133486	0.0657497	0.0010221	0.00290356
37	0.052032	0.00640535	0.0852225	0.184914	0.0090948	0.0238411	0.0235145	0.0211612	0.136244	0.0226572	0.0111498	0.0619886	0.0129835	0.081963	0.0834042	0.0821348	0.0578509	0.0307297	0.0011248	0.0115842
38	0.0272888	0.0248592	0.00766324	0.00912002	0.0791675	0.00454799	0.0172725	0.162543	0.0336677	0.278866	0.0683997	0.0120551	0.00638757	0.0227384	0.0184148	0.0318117	0.0326275	0.117689	0.00801503	0.0368661
39	0.0212209	0.00341781	0.0104377	0.0105399	0.00488287	0.00311163	0.00343567	0.00431462	0.00382025	0.00935128	0.00815259	0.0413065	0.046816	0.0109035	0.0187774	0.446709	0.333706	0.00687823	0.00123203	0.0109865
40	0.305106	0.013387	0.0104885	0.0227084	0.0108119	0.0059837	0.00841574	0.0520431	0.0206371	0.0175978	0.00767171	0.0122237	0.308624	0.0127431	0.00849134	0.0808631	0.052701	0.0323447	0.00227507	0.0148828
41	0.0477201	0.00382829	0.11311	0.233365	0.00661827	0.0237212	0.0219834	0.0141002	0.129271	0.0185952	0.0115558	0.0653917	0.0117569	0.0816285	0.0676197	0.0683204	0.0469915	0.0231717	0.000506874	0.0107448
42	0.0466887	0.00400448	0.123339	0.241378	0.00673488	0.0239126	0.0234541	0.0122562	0.123525	0.0183393	0.012006	0.0677596	0.0105572	0.0806344	0.06143	0.067067	0.0444952	0.0204344	0.000648797	0.0113352
43	0.0142888	0.00719529	0.00276719	0.00248256	0.0482766	0.00469763	0.0080365	0.171454	0.00514623	0.462162	0.090299	0.00581975	0.00193859	0.00630662	0.0115865	0.0131665	0.0297613	0.103538	0.00126437	0.00981392
44	0.0225932	0.0124548	0.00493835	0.00878369	0.0407085	0.00602967	0.010226	0.220368	0.0141953	0.305743	0.0642459	0.00942349	0.00350802	0.0117741	0.0109507	0.0198008	0.0321798	0.18386	0.00313554	0.0150812
45	0.0328751	0.0148755	0.0436373	0.118197	0.0100229	0.0165652	0.0297389	0.0321857	0.186201	0.0318735	0.0120076	0.0480652	0.0109263	0.0909537	0.147986	0.0627696	0.0586665	0.0343431	0.00110398	0.0170068
46	0.0824002	0.0164174	0.00102194	0.00139324	0.0235682	0.0210218	0.00348159	0.194564	0.00355302	0.150767	0.0669121	0.00964316	0.0010591	0.00784746	0.00307312	0.0317227	0.107955	0.261268	0.0007053	0.0116257
47	0.0414259	0.0191835	0.0161696	0.0153004	0.050104	0.011409	0.0202058	0.110998	0.0259749	0.320816	0.0588165	0.0265545	0.0151428	0.0224842	0.0231739	0.0737664	0.0464736	0.0750525	0.00509407	0.0218551
48	0.0371574	0.0116792	0.129578	0.154518	0.0122125	0.0237091	0.0501359	0.0197193	0.0969408	0.028154	0.0149434	0.109952	0.0111919	0.0669545	0.0597496	0.0740702	0.0486678	0.0246323	0.0033186	0.0227167
49	0.0377531	0.00395493	0.179416	0.260157	0.00503001	0.0216936	0.0229651	0.0111779	0.0986362	0.0170891	0.0107661	0.0801686	0.0112585	0.0720692	0.0399942	0.0569012	0.0404268	0.017252	0.00060552	0.0126843
50	0.0164323	0.0105187	0.0119624	0.0250538	0.0496594	0.00737794	0.0215408	0.10859	0.0445616	0.396066	0.0633793	0.0185072	0.00515528	0.0279741	0.0494858	0.0302514	0.0330005	0.058508	0.0037658	0.0182094
51	0.0027086	0.00470345	0.0015117	0.00506098	0.438381	0.0045826	0.0270318	0.0202651	0.00289709	0.0368848	0.0165589	0.00985802	0.00151724	0.00197967	0.0102252	0.0112785	0.00280825	0.0251725	0.0167311	0.359843
52	0.050349	0.00968726	0.0421017	0.0166798	0.00151245	0.74657	0.00172467	0.00309348	0.0168004	0.00339869	0.00347892	0.0173667	0.00446759	0.00179287	0.00423627	0.0554249	0.00980576	0.00911419	0.000504911	0.00189019
53	0.018465	0.0196905	0.0196199	0.0744513	0.00649222	0.0082885	0.037785	0.0254222	0.228053	0.0362863	0.00917872	0.0422543	0.00607519	0.0995939	0.227916	0.0570892	0.0432005	0.0201959	0.00395324	0.0159884
54	0.0306363	0.0183103	0.0128812	0.0159916	0.10683	0.00847883	0.0326067	0.118018	0.0353967	0.22686	0.0553238	0.0248268	0.00853945	0.0427153	0.0281775	0.0397134	0.0364129	0.088245	0.010946	0.0590905
55	0.0388666	0.0111065	0.21897	0.131787	0.00803064	0.0265991	0.0277023	0.0148898	0.0754162	0.0197885	0.0102783	0.12612	0.0147514	0.0607577	0.0391134	0.0921076	0.0451325	0.0228359	0.00299641	0.01275
56	0.0320634	0.0140626	0.0439827	0.126025	0.00878394	0.0147159	0.027929	0.0324368	0.189601	0.0308901	0.0110987	0.0473076	0.0107489	0.0920345	0.151342	0.0602283	0.0575758	0.0322411	0.000973819	0.0159574
57	0.0462415	0.0134159	0.0219805	0.0111877	0.05401	0.00754477	0.0239107	0.151478	0.0400638	0.252696	0.0578195	0.0221425	0.0113625	0.0413104	0.0199921	0.0506968	0.0400587	0.101172	0.00859979	0.0243171
58	0.334085	0.0846084	0.00566592	0.0127669	0.00524246	0.0217423	0.00649634	0.010641	0.00577784	0.00953664	0.00683349	0.0173158	0.0756559	0.00978509	0.00340536	0.262128	0.0959995	0.0145988	0.00659522	0.0111205
59	0.0471851	0.0041587	0.120072	0.240683	0.00662294	0.0231665	0.0246993	0.0121665	0.123096	0.0190802	0.011509	0.0677538	0.010523	0.082839	0.0619104	0.0666113	0.044949	0.0204421	0.000568601	0.0119632
60	0.0463288	0.00422589	0.113937	0.235691	0.00662699	0.0221592	0.0218425	0.0145917	0.13049	0.0188917	0.0113444	0.0655507	0.0109556	0.0810084	0.0696919	0.0652453	0.0470969	0.0228545	0.000505529	0.0109612
61	0.00971953	0.0096177	0.00277509	0.00382165	0.0455922	0.00292887	0.00750424	0.241704	0.0062537	0.385401	0.0742566	0.00530698	0.00170211	0.00538786	0.00969107	0.0120605	0.020917	0.14086	0.00192048	0.0125798
62	0.0803367	0.0198868	0.0540288	0.0356217	0.024351	0.0174963	0.0513203	0.020163	0.0843059	0.0267055	0.0186338	0.118984	0.00905249	0.0385011	0.0486238	0.184599	0.0856326	0.0205701	0.0270848	0.0341017
63	0.00978146	0.00726114	0.00377455	0.00312449	0.0730173	0.00267161	0.00999896	0.159541	0.00636082	0.490594	0.0828169	0.00650426	0.00230847	0.00654632	0.0136818	0.0152395	0.026314	0.067032	0.00304817	0.0103832
64	0.0257119	0.0181824	0.0264954	0.0266133	0.0504852	0.012348	0.0312689	0.0993209	0.0400364	0.310508	0.0542683	0.04852	0.0076909	0.0316053	0.034433	0.0454723	0.0385768	0.0640995	0.00634983	0.0280138
65	0.0499096	0.013293	0.0406782	0.0185407	0.00249444	0.708093	0.00355032	0.00553249	0.018192	0.00475981	0.00413051	0.0196172	0.004863	0.00382545	0.00606145	0.0659505	0.0162798	0.0105483	0.000698838	0.00298118
66	0.0389015	0.010079	0.162676	0.168522	0.00814767	0.0348505	0.0276695	0.0182675	0.107655	0.0212568	0.0114195	0.0957828	0.0108812	0.0657786	0.0583602	0.0734865	0.0461279	0.0240382	0.001925	0.0141744
67	0.0526745	0.100961	0.0234547	0.0227027	0.0375501	0.0165384	0.0310295	0.0971438	0.0347371	0.159992	0.043049	0.041055	0.0191239	0.0291839	0.0269765	0.0779935	0.0511407	0.0855048	0.00879096	0.0403978
68	0.110042	0.0374532	0.0239144	0.0304555	0.0761586	0.0155886	0.0602337	0.0370678	0.0399407	0.0636326	0.0237984	0.0513827	0.0273296	0.0275931	0.0270875	0.106165	0.0531155	0.0377193	0.00820137	0.143121
69	0.00272048	0.00476822	0.00116535	0.00430877	0.440271	0.00405472	0.028754	0.0184311	0.00172499	0.0296797	0.0134488	0.00971819	0.00137246	0.00150005	0.00900082	0.011429	0.00257933	0.0234245	0.0169286	0.37472
70	0.178861	0.139157	0.0246561	0.0190504	0.0130356	0.0214014	0.0145663	0.0197761	0.0174439	0.0302424	0.0189821	0.0406175	0.0889629	0.0142631	0.0142194	0.20741	0.0868733	0.0273025	0.00700781	0.0161712
71	0.0695641	0.0168426	0.0041469	0.00850895	0.0192172	0.0132714	0.00528227	0.221197	0.00951332	0.118795	0.0408696	0.00921463	0.00231668	0.00797338	0.00743539	0.0331868	0.0663208	0.334636	0.0012599	0.0104478
72	0.256996	0.117333	0.0118464	0.0270456	0.00398445	0.0390379	0.00638178	0.00621627	0.00656999	0.0117511	0.0119449	0.0443178	0.015699	0.00823973	0.00364778	0.318932	0.0851221	0.0171407	0.00224785	0.0055454
73	0.0623896	0.0192645	0.0613973	0.101673	0.00904513	0.261999	0.0188354	0.0286033	0.0568052	0.0259201	0.0281742	0.04429	0.00819794	0.035884	0.0321762	0.0831092	0.070464	0.036758	0.00218734	0.012827
74	0.041973	0.024272	0.00731557	0.0100855	0.0603032	0.0057191	0.0197442	0.168298	0.0218896	0.238069	0.0724469	0.0116693	0.0146734	0.0229282	0.014753	0.0382886	0.0443979	0.15499	0.00685565	0.0213276
75	0.108625	0.0199575	0.0168076	0.0423967	0.0157001	0.022265	0.00842823	0.0183875	0.0305465	0.0345369	0.00697824	0.0211196	0.262506	0.0200298	0.0134314	0.16178	0.142421	0.01592	0.00463539	0.0335265
76	0.0155169	0.00891944	0.237247	0.282955	0.00500094	0.00527873	0.0110169	0.0718533	0.0459125	0.026858	0.00691356	0.0692555	0.00922493	0.0496432	0.0195285	0.0181701	0.047332	0.0578587	0.00114362	0.0103717
77	0.10175	0.00350088	0.0228017	0.0756835	0.0182044	0.00779945	0.00321371	0.0234049	0.0502123	0.0243305	0.00270281	0.0114803	0.430202	0.0280946	0.0131504	0.0888131	0.0612253	0.00684907	0.000852065	0.0257286
78	0.0457414	0.0223649	0.053258	0.0631354	0.0170783	0.0199142	0.0315085	0.0480874	0.108562	0.0396672	0.0190053	0.0855983	0.0170781	0.0517874	0.104682	0.104915	0.0877234	0.0555989	0.00364188	0.0206536
79	0.102185	0.00350593	0.0227686	0.0758482	0.0179803	0.00782978	0.00321386	0.0233984	0.0502052	0.0244126	0.00272354	0.0114509	0.429952	0.0281504	0.0130918	0.0887455	0.0612327	0.00684115	0.000852224	0.0256122
80	0.0174937	0.00334392	0.398647	0.0427735	0.0015917	0.0253852	0.0278732	0.00762499	0.0229437	0.00570003	0.00178631	0.245918	0.0107332	0.0288155	0.00790336	0.0898819	0.0351942	0.0185572	0.000559404	0.00727452
81	0.0655623	0.0308321	0.0389819	0.0458106	0.0284827	0.0202033	0.131098	0.0350328	0.0567731	0.0486949	0.0205995	0.0567252	0.0790547	0.0415777	0.0441417	0.0917264	0.0666694	0.038286	0.00620986	0.0535381
82	0.272122	0.0958077	0.0129326	0.0210151	0.0113613	0.0396785	0.0105178	0.0255934	0.0160106	0.0263664	0.0155159	0.0273163	0.0309985	0.0145525	0.0107901	0.22454	0.0883732	0.0385211	0.00499096	0.0129963
83	0.0253699	0.0253975	0.0317648	0.0749107	0.0236348	0.0135587	0.0358572	0.0456186	0.17339	0.0429123	0.0131658	0.0448456	0.00982774	0.0858231	0.154487	0.0561826	0.0634616	0.0502587	0.00159536	0.0279377
84	0.0597279	0.282417	0.0737801	0.0132722	0.0107348	0.0128228	0.0143777	0.0152836	0.0153938	0.0621217	0.0686062	0.117783	0.0420873	0.011755	0.0143931	0.12749	0.0233256	0.0178311	0.00378529	0.0130121
85	0.267555	0.129352	0.00872877	0.0219065	0.00396361	0.0380141	0.00554148	0.00895708	0.00830026	0.0128913	0.0108237	0.0230285	0.0217508	0.00791697	0.0034255	0.280305	0.116053	0.0222678	0.00293521	0.00628372
86	0.00730667	0.0141314	0.00146628	0.00460776	0.0109	0.00206787	0.00323917	0.400248	0.00438538	0.133595	0.0250447	0.00178847	0.000885391	0.00180347	0.00253919	0.00768587	0.00941546	0.357551	0.000375577	0.0109634
87	0.0385712	0.0064359	0.120327	0.218621	0.00753669	0.0202484	0.0267289	0.0195259	0.118389	0.028021	0.0108081	0.0748962	0.0117203	0.0788799	0.0688595	0.0636185	0.0476649	0.0221625	0.00114872	0.0158369
88	0.0548914	0.0151102	0.00434134	0.00572478	0.0384145	0.0135939	0.0108407	0.175376	0.0123942	0.242094	0.075337	0.0114273	0.00443071	0.0145891	0.0107158	0.0326606	0.0735933	0.187467	0.00278887	0.0142101
89	0.0588978	0.0114676	0.0384717	0.0178251	0.00194422	0.716608	0.00218303	0.00535629	0.0174778	0.00498787	0.00409385	0.0168995	0.00570726	0.00382747	0.00590097	0.0604518	0.0146184	0.01022	0.00103756	0.00202367
90	0.00305223	0.00398117	0.00244751	0.00164945	0.0574562	0.00263992	0.00765891	0.150906	0.00246079	0.563033	0.0866468	0.00457946	0.000702241	0.00259192	0.0129839	0.00876339	0.0191294	0.0623401	0.000725582	0.0062529
91	0.0426412	0.00419405	0.151314	0.238435	0.00784277	0.03017	0.0264463	0.00691196	0.11434	0.0172403	0.0139399	0.0757762	0.00801811	0.0790276	0.0499673	0.0699329	0.0355198	0.0155614	0.000863619	0.0118573
92	0.0314149	0.0135845	0.00664214	0.00753681	0.0421464	0.00682367	0.0103304	0.225827	0.0134948	0.276299	0.0819962	0.0101253	0.00641072	0.0111567	0.0114142	0.0231748	0.0384483	0.161738	0.00300685	0.0184293
93	0.0102201	0.020793	0.00192703	0.00343371	0.0173115	0.00339304	0.00484073	0.411649	0.00501538	0.143408	0.0303813	0.0034553	0.00131136	0.00323071	0.003486	0.011	0.0156164	0.291789	0.00149593	0.0162424
94	0.0463296	0.00420117	0.11748	0.238829	0.00657096	0.0225103	0.0224083	0.0135032	0.128393	0.0183998	0.0113587	0.0665502	0.0106586	0.0812859	0.0672067	0.0652713	0.0456655	0.0217882	0.000576214	0.0110141
95	0.123039	0.0129662	0.0408046	0.0480665	0.0049315	0.0308661	0.0209107	0.18648	0.0302651	0.0274253	0.0219219	0.0447697	0.00378665	0.0122448	0.00611245	0.0757737	0.141924	0.161896	0.00145236	0.00436338
96	0.0181342	0.0132215	0.00395268	0.00583446	0.0386236	0.00467453	0.00982534	0.27414	0.00950701	0.27266	0.0608889	0.00669442	0.00332588	0.00942915	0.00873185	0.0195821	0.0287635	0.194069	0.00250514	0.0154371
97	0.0427082	0.00536259	0.148557	0.23441	0.00870287	0.028611	0.0281932	0.00762083	0.112176	0.0191125	0.0131722	0.0761633	0.00814177	0.0786465	0.0501787	0.0715766	0.0371713	0.0153358	0.000967369	0.0131921
98	0.0638225	0.0165762	0.00294163	0.00314932	0.0403125	0.0156006	0.00626344	0.196232	0.00781509	0.164635	0.05662	0.0093864	0.00208663	0.00971979	0.00496635	0.0331124	0.0822201	0.263555	0.0031631	0.0178227
99	0.0513392	0.0373581	0.0574874	0.0559138	0.018486	0.025609	0.0523564	0.0262045	0.120263	0.0330608	0.0129917	0.0693062	0.0106072	0.0651801	0.115317	0.117645	0.0604641	0.0387376	0.00479834	0.0268744
100	0.0416057	0.00410464	0.151253	0.291919	0.0050507	0.0220796	0.0249648	0.0099863	0.101222	0.0163668	0.0124189	0.0668138	0.0100319	0.0770287	0.0394283	0.0527074	0.0388976	0.0186048	0.000735259	0.0147804
101	0.0462043	0.00485496	0.106406	0.224037	0.00720802	0.0218549	0.0221472	0.0167515	0.13449	0.0202352	0.0112473	0.0645999	0.0112717	0.0819091	0.075703	0.0666376	0.0483125	0.024527	0.000494382	0.0111079
102	0.0582096	0.0348317	0.0402581	0.0359227	0.0190412	0.0324533	0.0483272	0.0583194	0.0827302	0.0468154	0.0321461	0.100628	0.00973396	0.0378456	0.0553681	0.0965315	0.119633	0.0628162	0.00472726	0.0236612
103	0.0467161	0.040813	0.0331658	0.0370965	0.0581756	0.0266572	0.0436108	0.058521	0.0740407	0.0661658	0.0157888	0.069764	0.00807902	0.0433162	0.0649401	0.10814	0.0729185	0.0813525	0.0056593	0.0450788
104	0.017637	0.00322713	0.398584	0.0428835	0.00146432	0.0255805	0.0273495	0.00759078	0.0229372	0.00565966	0.00177211	0.246888	0.0107844	0.0287564	0.00783363	0.0902229	0.0348273	0.0182734	0.000518208	0.00720996
105	0.00359791	0.0142046	0.00121855	0.00288581	0.0115924	0.00146457	0.00332252	0.40819	0.00279398	0.155891	0.0320584	0.00149446	0.000811985	0.00137103	0.00201202	0.00592429	0.00718791	0.331944	0.000361161	0.0116737
106	0.0185827	0.00295088	0.375516	0.0399304	0.00151504	0.0283155	0.0240647	0.00687064	0.0218445	0.00562869	0.00185418	0.280298	0.0108525	0.0261918	0.00706521	0.0954037	0.0299188	0.016158	0.000531882	0.00650649
107	0.0274968	0.0153524	0.00745465	0.00948904	0.0386162	0.0073106	0.0111746	0.224288	0.0153347	0.267877	0.0837474	0.0109638	0.00500046	0.0126539	0.0143029	0.0244811	0.0394458	0.1635	0.0022789	0.0192321
108	0.0293947	0.0186973	0.0349977	0.0787384	0.0212299	0.0177302	0.0409624	0.0317032	0.142997	0.0483506	0.0163906	0.0451106	0.0105735	0.0813338	0.193918	0.0655983	0.0494661	0.0315975	0.0126917	0.0285193
109	0.0121753	0.0158462	0.0018	0.00362211	0.0132189	0.0035196	0.00383243	0.412099	0.00403057	0.138271	0.0296021	0.00309525	0.0018188	0.00305702	0.00256493	0.0106494	0.0175843	0.31029	0.000721101	0.0122019
110	0.041076	0.00938307	0.0423103	0.018722	0.00178989	0.747766	0.00269446	0.00362731	0.0183222	0.00403948	0.00380843	0.0182396	0.00464776	0.00333958	0.00619582	0.0521482	0.0107059	0.00831504	0.000760595	0.00210799
111	0.00340498	0.0150745	0.00110455	0.00266028	0.00880311	0.00145078	0.00290939	0.448104	0.00261287	0.131011	0.0230797	0.00147922	0.00080002	0.00130639	0.00175164	0.00578737	0.00732748	0.32959	0.000366258	0.0113765
112	0.0326499	0.0395392	0.0353826	0.0408865	0.040368	0.013177	0.193888	0.0460162	0.0640554	0.0678957	0.0241441	0.0538527	0.0110698	0.0435315	0.0490493	0.067213	0.0433806	0.0347707	0.00547279	0.0936573
113	0.0236564	0.00412121	0.00973163	0.01012	0.00447268	0.00307819	0.00338846	0.00417391	0.00397664	0.00918669	0.00823507	0.0382146	0.0435699	0.0102485	0.0176599	0.452966	0.33413	0.00731375	0.00123302	0.0105227
114	0.0407368	0.00953352	0.0435734	0.0182123	0.00197615	0.745246	0.00242977	0.00405746	0.017869	0.00430545	0.00397864	0.018811	0.0049745	0.00340912	0.00531242	0.0535304	0.0105234	0.00831097	0.000528061	0.00268116
115	0.067243	0.0189106	0.0624035	0.0334036	0.0204412	0.0174374	0.052459	0.0197459	0.0745658	0.0192945	0.0237306	0.131261	0.00831899	0.031327	0.0447763	0.201779	0.10526	0.0180013	0.0175318	0.0321092
116	0.0617844	0.0160535	0.00182273	0.0032208	0.0222674	0.0173691	0.00415981	0.238063	0.00527789	0.150419	0.0551776	0.00800597	0.00128625	0.00734267	0.00382968	0.0274298	0.0766221	0.286641	0.00104992	0.0121778
117	0.00557426	0.00444629	0.00404781	0.00212174	0.0708004	0.00315069	0.0115822	0.141811	0.00431399	0.548111	0.0788821	0.00693197	0.00157865	0.0048812	0.0142542	0.0142482	0.021877	0.052432	0.00164892	0.0073067
118	0.263812	0.128745	0.00981273	0.0229543	0.0037566	0.0473456	0.00555843	0.00806445	0.00730892	0.011928	0.0108811	0.0296004	0.0137598	0.00843489	0.00311718	0.304169	0.0915693	0.0228425	0.00200898	0.00433161
119	0.0412606	0.00922786	0.0412632	0.0193402	0.00210387	0.743561	0.00315618	0.00383651	0.0203239	0.00408895	0.00370196	0.0177533	0.00462112	0.00421758	0.00725467	0.0525247	0.0102868	0.00758353	0.000771461	0.00312284
120	0.00384589	0.014331	0.0012197	0.00278955	0.0100602	0.00150941	0.00312464	0.421382	0.0028104	0.139013	0.0263168	0.00148802	0.000814126	0.0013096	0.00182201	0.00613616	0.00714846	0.343227	0.000350045	0.0113014
121	0.00313234	0.00707207	0.00206666	0.00236022	0.0427046	0.00219791	0.00610297	0.225602	0.00322209	0.450415	0.0878787	0.00389758	0.000830575	0.00252414	0.00907331	0.00755165	0.0151148	0.117861	0.000581192	0.00981085
122	0.0420731	0.00982579	0.0418251	0.0174108	0.00209206	0.735536	0.00395264	0.00670086	0.0172542	0.00631173	0.00464927	0.0176954	0.00450772	0.00328107	0.00552554	0.0529512	0.0119632	0.0117946	0.00128975	0.00335974
123	0.0345351	0.0187145	0.0325733	0.0771541	0.0157641	0.018385	0.0295866	0.0502589	0.1357	0.0637888	0.0297902	0.04953	0.0148632	0.0759718	0.120757	0.0676741	0.0757601	0.0701158	0.00165853	0.0174187
124	0.0214064	0.0248185	0.0233048	0.0708419	0.0130463	0.00926047	0.0384393	0.0366074	0.201573	0.0426119	0.0126771	0.0417011	0.00826585	0.0991245	0.186905	0.0519562	0.0524635	0.0409382	0.00234904	0.0217094
125	0.0198681	0.0161032	0.0226803	0.08582	0.0064203	0.00880925	0.0418959	0.0221186	0.22819	0.0368151	0.00908778	0.0435651	0.00585519	0.110469	0.206849	0.0546386	0.0410496	0.0189468	0.00485037	0.0159677
126	0.0123274	0.00960481	0.00450073	0.00631766	0.309413	0.00500938	0.0228082	0.0708302	0.00956147	0.11932	0.0282303	0.0119989	0.00341125	0.0108421	0.0119934	0.0208971	0.0137458	0.0576384	0.0417724	0.229778
127	0.0300367	0.013762	0.0506673	0.124833	0.00891403	0.0143902	0.039974	0.0205776	0.184277	0.0349686	0.010985	0.0521872	0.00995791	0.112787	0.144417	0.0619235	0.0422165	0.021385	0.00416101	0.0175794
128	0.00223049	0.00419376	0.00111367	0.00423833	0.443633	0.00394314	0.0279672	0.0178588	0.00150681	0.0286434	0.0133285	0.00900713	0.00134682	0.00131959	0.00888787	0.0104812	0.00221233	0.0231896	0.0168229	0.378075
129	0.0329089	0.0102423	0.247106	0.117664	0.00913264	0.0616109	0.024961	0.0222767	0.0566456	0.0204629	0.00936763	0.136623	0.0131768	0.0430255	0.0289066	0.077235	0.0458913	0.0279247	0.00229647	0.0125414
130	0.00558879	0.0139646	0.00137633	0.00273873	0.0107471	0.00151474	0.0029912	0.414644	0.00290194	0.131727	0.0242567	0.00163969	0.000795268	0.0013877	0.00196173	0.00701277	0.00779726	0.355421	0.000350455	0.0111834
131	0.004654	0.00555719	0.00178106	0.00534019	0.414822	0.00432103	0.0262535	0.0294677	0.00350748	0.0508835	0.0152356	0.0107102	0.0018563	0.00281426	0.00985677	0.0131188	0.00455024	0.0297056	0.0389124	0.326652
132	0.0588185	0.0176006	0.0407389	0.0183323	0.00328834	0.675302	0.00292748	0.00538347	0.0173248	0.00584148	0.00461922	0.0210956	0.00573045	0.00339057	0.00608583	0.0806237	0.0181123	0.0112836	0.00077387	0.00272689
133	0.0672913	0.0201955	0.0641263	0.0339096	0.0256332	0.0193772	0.0615872	0.0180367	0.0785758	0.0260135	0.0172747	0.128925	0.0088179	0.0364681	0.0511764	0.176843	0.0915002	0.0203854	0.0188891	0.0349745
134	0.0300285	0.00455751	0.247141	0.183463	0.00508882	0.027065	0.0236785	0.0141866	0.072757	0.0151184	0.00785615	0.131185	0.0104975	0.0561632	0.0322091	0.0683609	0.0381585	0.0206734	0.000883167	0.01093
135	0.163315	0.0380986	0.0164281	0.0232618	0.0163899	0.0338331	0.0123877	0.0960792	0.0236885	0.0598057	0.0265095	0.0249056	0.0116186	0.0153723	0.0153642	0.147357	0.0904123	0.17006	0.00264796	0.0124652
136	0.0354305	0.0162542	0.0766471	0.0725205	0.0109045	0.0169919	0.0226496	0.0661522	0.0772882	0.0246582	0.0289318	0.0947766	0.00987828	0.0281674	0.055149	0.104458	0.184024	0.0593753	0.00313802	0.0126043
137	0.00517944	0.0134634	0.00192911	0.00359291	0.0268701	0.00170881	0.00500294	0.353676	0.00531961	0.245828	0.071482	0.00270437	0.00142747	0.0036326	0.00467012	0.00805044	0.011046	0.21533	0.00103822	0.0180481
138	0.249922	0.0467342	0.019888	0.031871	0.0144952	0.042295	0.0172863	0.0446836	0.0281344	0.0448036	0.0188944	0.0307313	0.0491375	0.0220653	0.0157543	0.170468	0.0777709	0.0531397	0.00389444	0.0180316
139	0.0525365	0.0198361	0.141778	0.0733211	0.0157035	0.0249967	0.0333842	0.0188171	0.0612533	0.0264006	0.0139127	0.161556	0.0134285	0.0411236	0.0369824	0.144744	0.066659	0.025249	0.00560624	0.0227116
140	0.0135738	0.00873816	0.00837219	0.0419873	0.023541	0.0246815	0.176774	0.0187813	0.0992738	0.0661893	0.0429328	0.0541191	0.00639395	0.0930375	0.104496	0.0219458	0.0626451	0.0325921	0.00154671	0.0983786
141	0.0106354	0.00612492	0.00350797	0.00265265	0.0569644	0.00441827	0.0103851	0.14331	0.00888862	0.51083	0.0866426	0.00691232	0.00231195	0.00671283	0.0149568	0.0146513	0.0293764	0.0678975	0.0014844	0.0113365
142	0.0460233	0.00858259	0.130984	0.235279	0.00742608	0.0389501	0.0223407	0.0237239	0.100211	0.0215549	0.0120175	0.063716	0.0139139	0.0687436	0.0516988	0.0640595	0.0477887	0.0282221	0.00124892	0.0135154
143	0.313039	0.0352393	0.00625694	0.0114247	0.00927518	0.0182539	0.0183309	0.0137238	0.0105999	0.0142592	0.00845434	0.0144625	0.0207929	0.0415105	0.00567522	0.362437	0.0681896	0.0168166	0.00291134	0.00834736
144	0.19564	0.0645725	0.0167055	0.0432684	0.0061096	0.0686115	0.0176495	0.0212126	0.0171894	0.0290907	0.0181984	0.0255731	0.00999829	0.0107928	0.00801457	0.250869	0.151693	0.0348274	0.00241729	0.00756593
145	0.0429744	0.00931538	0.0400874	0.0168132	0.00211104	0.748103	0.00240583	0.00535366	0.0170302	0.0055249	0.0041374	0.0170572	0.00467616	0.00254214	0.00498202	0.0521842	0.0110519	0.0107239	0.000661509	0.00226503
146	0.0258017	0.0237085	0.00317926	0.129641	0.0028906	0.00247894	0.0130413	0.125393	0.0890002	0.15014	0.0235311	0.00429734	0.00236404	0.0232844	0.0302451	0.0169995	0.0164004	0.313137	0.000936652	0.00352902
147	0.393133	0.0172065	0.0074456	0.0136271	0.00792444	0.00555783	0.0082178	0.0323392	0.0126141	0.0129984	0.00589995	0.00886494	0.27031	0.0115629	0.00633054	0.0912323	0.0561433	0.0211625	0.00429319	0.0131364
148	0.0407285	0.00911303	0.0414796	0.0168167	0.00251324	0.757419	0.00212271	0.00335171	0.0169765	0.00409524	0.0041435	0.0171591	0.00454733	0.0023648	0.00475777	0.0517533	0.0096154	0.00808685	0.000536096	0.00241948
149	0.055985	0.00583004	0.0757918	0.176782	0.00930314	0.0210483	0.0219108	0.0236151	0.141103	0.0250891	0.00976243	0.0551509	0.0150152	0.0835624	0.0920603	0.0836912	0.0568024	0.0370526	0.000514648	0.00992998
150	0.188531	0.0454605	0.013423	0.0217225	0.0112349	0.0334777	0.011552	0.030558	0.0202395	0.0401536	0.0195156	0.0264386	0.0233087	0.0148747	0.012476	0.260222	0.164779	0.0462351	0.00342318	0.0123748
151	0.0343549	0.0328172	0.00676815	0.00893462	0.0360995	0.00626528	0.0454815	0.0226508	0.0982642	0.329357	0.0812991	0.0166022	0.0049665	0.0183848	0.037274	0.0232471	0.0180457	0.0184209	0.00239292	0.158373
152	0.042556	0.00410551	0.152416	0.240221	0.00776219	0.0302728	0.0263662	0.00659855	0.113801	0.0170299	0.014004	0.0760193	0.00796014	0.0789627	0.0489475	0.0696422	0.0353037	0.015301	0.000861943	0.0118679
153	0.047435	0.0923666	0.00407982	0.00436946	0.104032	0.00376999	0.142412	0.0104346	0.0233139	0.0879006	0.0296271	0.0906168	0.0036098	0.0213609	0.00642358	0.0871311	0.0240538	0.0108218	0.00133055	0.20491
154	0.0071188	0.00890153	0.00199019	0.00253811	0.0350168	0.00253584	0.00588505	0.26201	0.0030191	0.379071	0.0648518	0.00369682	0.000985376	0.00260178	0.00772719	0.00895304	0.0175841	0.176204	0.000657412	0.00865104
155	0.0374768	0.012291	0.0414992	0.123886	0.00899872	0.015715	0.0266717	0.0330614	0.178065	0.0297852	0.0109948	0.0431964	0.0147237	0.0913328	0.142807	0.0716117	0.0631061	0.0410524	0.000777679	0.0129465
156	0.0956108	0.0254367	0.0150907	0.0170531	0.00630656	0.0157714	0.00901044	0.00962022	0.0145575	0.0155566	0.0209122	0.0452772	0.0303895	0.0105576	0.0141194	0.349086	0.274666	0.01584	0.00415771	0.0109812
157	0.00223049	0.00419376	0.00111367	0.00423833	0.443633	0.00394314	0.0279672	0.0178588	0.00150681	0.0286434	0.0133285	0.00900713	0.00134682	0.00131959	0.00888787	0.0104812	0.00221233	0.0231896	0.0168229	0.378075
158	0.00296204	0.00276269	0.00302897	0.00156966	0.0661416	0.00278512	0.00913134	0.135958	0.00233589	0.584738	0.0806975	0.00557296	0.000791783	0.0025998	0.0149403	0.0103034	0.0210289	0.0474635	0.000641738	0.00454657
159	0.00342246	0.015322	0.00110998	0.00263849	0.00866376	0.00150862	0.00294091	0.45269	0.0026228	0.130503	0.0229031	0.0014854	0.000828399	0.0012918	0.00175382	0.00576562	0.00746629	0.325101	0.000385606	0.0115968
160	0.0218051	0.0288562	0.017465	0.0879742	0.010074	0.0126776	0.0593655	0.0351862	0.126521	0.0751976	0.00936908	0.0306714	0.0217608	0.209886	0.0703398	0.0939184	0.0328025	0.0214533	0.00299473	0.0316818
161	0.0822153	0.0165714	0.000759209	0.00131927	0.0243017	0.0211328	0.00345326	0.195741	0.00355927	0.152952	0.0666209	0.00917426	0.000905271	0.00790781	0.00285692	0.0317718	0.104681	0.261428	0.00081189	0.0118364
162	0.0326504	0.0229464	0.00621778	0.00753304	0.0868499	0.00395737	0.0142276	0.188583	0.0183733	0.265358	0.0621925	0.0118313	0.00564859	0.0190975	0.0102975	0.0352569	0.0383679	0.130506	0.0129613	0.0271437
163	0.082284	0.0165757	0.000755813	0.00129388	0.0241701	0.0212507	0.00342598	0.195762	0.00351051	0.152464	0.0666976	0.00913463	0.00090093	0.00788337	0.0028538	0.0317745	0.104918	0.26178	0.000783235	0.0117815
164	0.0315833	0.0126969	0.0116021	0.0071217	0.0661542	0.00414858	0.0269478	0.141691	0.0309485	0.278802	0.0754549	0.0172941	0.0144986	0.036234	0.0190982	0.0393819	0.0403269	0.111197	0.00871286	0.0261063
165	0.0823445	0.0165778	0.00073736	0.0012908	0.024119	0.0212564	0.00341789	0.195769	0.00348463	0.152368	0.0667137	0.0091514	0.000892844	0.00786896	0.00284422	0.0317515	0.104981	0.261891	0.000773716	0.0117659
166	0.00187874	0.00285322	0.00234485	0.00128052	0.0551455	0.00256376	0.00758249	0.148723	0.00159365	0.578551	0.0905963	0.00444169	0.000566897	0.00167246	0.0130734	0.00786101	0.018657	0.0552764	0.000324273	0.00501388
167	0.300672	0.043153	0.01159	0.0221625	0.00569036	0.057198	0.0047941	0.049872	0.023833	0.0290561	0.0173614	0.00908397	0.00250099	0.0128582	0.00667274	0.206865	0.115978	0.076878	0.000756659	0.00302428
168	0.00196306	0.00216953	0.00277795	0.00123209	0.0625626	0.00281268	0.00855989	0.135535	0.00130963	0.596439	0.083197	0.00530584	0.000599165	0.00174932	0.0149256	0.00922523	0.0212229	0.0444762	0.000308801	0.00362927
169	0.0806144	0.0165778	0.000780386	0.00135246	0.0240765	0.0209487	0.00349085	0.199391	0.00351922	0.152769	0.0657559	0.00894521	0.000911831	0.00781086	0.00279902	0.0315305	0.102992	0.263199	0.000806924	0.0117283
170	0.0823143	0.0165695	0.000737507	0.00128853	0.0241146	0.0212944	0.00344291	0.195688	0.00348538	0.152342	0.0667544	0.00913856	0.000890872	0.00786802	0.0028506	0.0317795	0.105097	0.261816	0.000764223	0.0117635
171	0.0262312	0.0195686	0.00615673	0.0074043	0.0875905	0.00283599	0.0144058	0.188377	0.0185681	0.288356	0.0704423	0.00955911	0.00570536	0.0194012	0.0113825	0.0299929	0.031858	0.127354	0.00918861	0.0256221
172	0.0327014	0.0151543	0.00955931	0.00712515	0.0839989	0.00805638	0.0288163	0.164354	0.0220026	0.25398	0.0514071	0.022012	0.00649376	0.0285664	0.012007	0.0380561	0.0305067	0.128482	0.0153547	0.0413658
173	0.0344289	0.0200088	0.00606113	0.00771746	0.0859524	0.00431901	0.0141148	0.185024	0.0185841	0.263535	0.0670041	0.0103076	0.00594702	0.0195557	0.0104976	0.032391	0.0404318	0.136531	0.0108206	0.0267675
174	0.0305711	0.0158852	0.00905801	0.00747366	0.0754115	0.00358287	0.0225612	0.162296	0.0262121	0.276844	0.0721226	0.0136722	0.0099916	0.0288814	0.0160259	0.0366379	0.0378041	0.118188	0.00914026	0.0276409
175	0.237106	0.0847233	0.0208062	0.0322912	0.00338382	0.0511927	0.00675583	0.00974838	0.0103766	0.0137624	0.017497	0.0406618	0.00922252	0.00760733	0.00386736	0.313128	0.109937	0.0218737	0.00179101	0.0042682
176	0.0177981	0.0178886	0.0118579	0.0270093	0.0375308	0.0119668	0.0196756	0.0165621	0.123391	0.0321534	0.0115489	0.0218283	0.00592898	0.124277	0.327758	0.0366325	0.0267824	0.0160093	0.0985465	0.0148551
177	0.0147689	0.00845731	0.00797632	0.0380714	0.0279194	0.0243997	0.179424	0.0201062	0.082207	0.0810216	0.0465616	0.052569	0.00698049	0.0917584	0.0891978	0.0211556	0.0611979	0.0358905	0.00157699	0.10876
178	0.085363	0.0323705	0.039124	0.0303692	0.030598	0.0178038	0.0325416	0.0176027	0.0533117	0.0523132	0.0107054	0.144907	0.00684293	0.0261802	0.0639164	0.170228	0.0672379	0.0285491	0.00676974	0.0832654
179	0.020378	0.0162245	0.0249362	0.0900306	0.00591861	0.00927028	0.0399869	0.0222983	0.227083	0.0378811	0.00952676	0.0440474	0.00583461	0.106282	0.203015	0.0570407	0.041564	0.0187365	0.00389227	0.0160518
180	0.0385758	0.0120235	0.00521012	0.00611987	0.0459609	0.00727774	0.0138996	0.15554	0.0172866	0.312918	0.0786911	0.0100285	0.0068371	0.0206217	0.018524	0.0280366	0.0566934	0.146885	0.00381697	0.0150542
181	0.0411553	0.00863193	0.183156	0.163589	0.0102797	0.0324698	0.0338191	0.00884075	0.0878	0.020833	0.01183	0.112332	0.00826442	0.0624686	0.0440844	0.093584	0.0403395	0.0171087	0.00246882	0.0169454
182	0.00447338	0.00886278	0.00123661	0.00425838	0.426858	0.00398225	0.0351544	0.018362	0.00270344	0.0328455	0.0139221	0.013927	0.00135935	0.00232379	0.00881953	0.0146614	0.00325562	0.0226052	0.0159142	0.364475
183	0.0442236	0.0177858	0.0341881	0.0244957	0.0441171	0.0248196	0.0498823	0.059602	0.062921	0.156579	0.0304311	0.0743561	0.0117687	0.062166	0.0454024	0.0879679	0.0548784	0.0708494	0.00963181	0.0339343
184	0.0300696	0.0797052	0.0183622	0.0196353	0.0215142	0.0559977	0.0223385	0.0233914	0.0340604	0.1165	0.0151873	0.0346537	0.00951909	0.0870156	0.0669945	0.106718	0.0688572	0.0258969	0.112281	0.0513026
185	0.0313579	0.0143898	0.0397506	0.117097	0.00882857	0.0146883	0.0291078	0.0321248	0.194142	0.0315401	0.0110152	0.0474049	0.0108487	0.0931618	0.155962	0.0606281	0.0579082	0.0325556	0.00111579	0.0163734
186	0.0411641	0.00919929	0.0695462	0.168677	0.00823097	0.0185539	0.023944	0.026366	0.164048	0.0260429	0.0118325	0.0562973	0.0115671	0.0861877	0.112888	0.064463	0.0561354	0.0312325	0.000619117	0.0130053
187	0.0408843	0.00393912	0.148006	0.261237	0.00680222	0.0255283	0.0267456	0.0078099	0.112005	0.0170767	0.0122345	0.073175	0.00876348	0.0783484	0.0474817	0.0648394	0.036203	0.0155422	0.00144517	0.0119325
188	0.0162539	0.017273	0.0172103	0.0817018	0.00517673	0.00736797	0.0444509	0.0210832	0.233918	0.0399524	0.00903561	0.0420201	0.00477857	0.118917	0.213295	0.0532628	0.0383107	0.0154905	0.00448288	0.0160194
189	0.0423169	0.00402044	0.15312	0.242766	0.0076097	0.0297521	0.0260057	0.0068295	0.113524	0.0169183	0.0138575	0.0754986	0.00812458	0.0788382	0.048562	0.0685062	0.0355893	0.0153987	0.000835872	0.0119265
190	0.0435174	0.00393368	0.144067	0.242136	0.00721281	0.0289433	0.0254187	0.008038	0.117029	0.0169655	0.0136097	0.0727958	0.00871863	0.0798412	0.0527337	0.0677224	0.0379182	0.017085	0.000698943	0.0116152
191	0.0829908	0.0164459	0.00105323	0.00171573	0.0245202	0.021132	0.00366478	0.195909	0.00378745	0.152042	0.0671388	0.00944004	0.000982768	0.00798035	0.00296676	0.0322847	0.104381	0.259013	0.000830665	0.0117206
192	0.0374624	0.0190878	0.0226146	0.0157827	0.0478144	0.0123649	0.0336319	0.117387	0.0522209	0.165281	0.0427213	0.043518	0.010393	0.0491796	0.0431261	0.0666665	0.0571818	0.117347	0.0112695	0.0349495
193	0.113174	0.0177111	0.0272411	0.0314158	0.0127296	0.0265893	0.015379	0.162225	0.0268594	0.0607847	0.0323907	0.0535296	0.00540705	0.0132349	0.0125421	0.0712395	0.135504	0.171027	0.00196696	0.00904996
194	0.0276277	0.0174789	0.0378646	0.103936	0.00861757	0.0144576	0.0296616	0.0383157	0.185984	0.0344891	0.0152345	0.0490387	0.0116412	0.0871482	0.156851	0.0566386	0.0699768	0.0380782	0.00101051	0.0159492
195	0.0311684	0.0117884	0.0136286	0.0069563	0.0648969	0.00537269	0.0273451	0.135471	0.0355842	0.276966	0.0704763	0.0241086	0.0112133	0.0417916	0.0202574	0.0384191	0.0348874	0.111638	0.0108622	0.0271675
