431	20
1	0.194568	0.0539019	0.00115926	0.00501403	0.0194455	0.0282496	0.00242753	0.0980343	0.010197	0.149072	0.0250053	0.0078421	0.0159245	0.00474644	0.0014857	0.102931	0.102287	0.161214	0.00328345	0.0132121
2	0.0880492	0.0453305	0.0239003	0.0264224	0.0265214	0.0353552	0.0655515	0.0354693	0.0873863	0.0458547	0.0403181	0.0254203	0.00702016	0.0407465	0.204204	0.120558	0.0380449	0.0199817	0.00291645	0.0209486
3	0.150349	0.00353744	0.010879	0.0554276	0.0147315	0.0321929	0.00451182	0.0446255	0.0537792	0.139029	0.0611403	0.0390259	0.017808	0.0528506	0.0438244	0.103318	0.109209	0.0464246	0.00116865	0.0161676
4	0.0244621	0.0405786	0.0011557	0.00330162	0.187483	0.00440358	0.011701	0.116632	0.00609448	0.299405	0.0999455	0.00691763	0.00277745	0.0248405	0.010017	0.0232246	0.0143957	0.0465288	0.0162833	0.0598526
5	0.539508	0.0695935	0.00633656	0.00381455	0.00945895	0.0559974	0.00167421	0.0134062	0.00412918	0.0253517	0.00271374	0.00464718	0.00774807	0.00189195	0.00212437	0.135696	0.0646102	0.0487258	0.000530224	0.00204244
6	0.202038	0.0640225	0.000718898	0.00520388	0.0219711	0.0300554	0.00162968	0.0974527	0.00874954	0.144978	0.0219008	0.00816822	0.0168949	0.00412424	0.000896364	0.10762	0.0946465	0.154822	0.00368844	0.0104193
7	0.0481122	0.0244301	0.000893106	0.00413728	0.00194971	0.0036768	0.00250412	0.244619	0.00189484	0.134355	0.0147518	0.00739096	0.00578527	0.00888475	0.00297815	0.0240798	0.0484968	0.419942	0.000290383	0.000827911
8	0.0293408	0.0237686	0.00606832	0.0229499	0.0972409	0.0058311	0.0381348	0.124338	0.00533657	0.344619	0.11592	0.00467268	0.00946118	0.0408464	0.00999252	0.0226785	0.0234646	0.0307833	0.00730436	0.0372492
9	0.0535561	0.035179	0.00232226	0.00251253	0.120248	0.00741891	0.00915083	0.141144	0.00381933	0.289461	0.0855447	0.00440117	0.00716856	0.0139373	0.0167966	0.0296119	0.0197538	0.112722	0.00794125	0.0373112
10	0.0377514	0.00374635	0.0100956	0.0360586	0.00295139	0.0175956	0.0142699	0.0189085	0.247379	0.0314758	0.00390666	0.0411067	0.0192168	0.110449	0.31179	0.0376385	0.0323101	0.0186855	0.000509899	0.00415429
11	0.0374296	0.002507	0.0104765	0.0393073	0.00268951	0.0179536	0.0137698	0.0171925	0.258869	0.0309373	0.00322759	0.0444983	0.0163206	0.109514	0.302019	0.0384251	0.0338191	0.0164521	0.000407429	0.00418446
12	0.0379837	0.0191971	0.00064858	0.00229315	0.0192973	0.00264988	0.00185879	0.268509	0.00114655	0.227144	0.0347926	0.00439826	0.00419132	0.00558812	0.00233942	0.0150923	0.0387242	0.309272	0.00156505	0.00330793
13	0.333316	0.0958582	0.00664809	0.0144159	0.00276424	0.125908	0.00277889	0.0165159	0.00864018	0.0288777	0.00237308	0.0223846	0.00493214	0.00367956	0.00186006	0.260685	0.0261505	0.0380869	0.000606613	0.00351824
14	0.103588	0.0147946	0.0780431	0.111067	0.00868723	0.0676369	0.0475794	0.0169035	0.0710059	0.0227372	0.00826967	0.0875214	0.012783	0.0692106	0.0549568	0.12756	0.0582184	0.0246873	0.00322436	0.011527
15	0.300257	0.0794008	0.00306624	0.00806258	0.0140583	0.0207676	0.00401162	0.0436329	0.00744469	0.113923	0.0119281	0.016006	0.00893666	0.0072635	0.00492831	0.0602606	0.163925	0.122839	0.00255949	0.00672884
16	0.0484834	0.0244678	0.000888367	0.00414528	0.0019135	0.00369376	0.00251878	0.245364	0.0018941	0.134038	0.0150431	0.00736529	0.00575741	0.00890039	0.00294206	0.0240972	0.0487139	0.418645	0.000300777	0.000827809
17	0.365946	0.0664246	0.00515248	0.0198177	0.00345889	0.144318	0.00374713	0.022863	0.00737049	0.0217563	0.00378926	0.0166187	0.0047058	0.00466027	0.00254664	0.22602	0.0286607	0.0457953	0.000870612	0.0054781
18	0.0931271	0.00809203	0.144779	0.236734	0.00798238	0.0331516	0.0204902	0.0372689	0.0415875	0.0334689	0.0113466	0.0421004	0.0177339	0.0792432	0.0375074	0.0595561	0.0399797	0.0435483	0.00200627	0.0102963
19	0.0168011	0.0108384	0.000303831	0.000751641	0.0473804	0.00202032	0.00105041	0.218894	0.000341939	0.422041	0.0701676	0.000880095	0.000424313	0.00332474	0.00191259	0.00514287	0.0231575	0.164084	0.00194358	0.00853945
20	0.384723	0.0641118	0.00591728	0.0159673	0.0043789	0.127953	0.00478769	0.020121	0.00677112	0.0217703	0.00428818	0.0184861	0.0054918	0.00548572	0.00350936	0.206781	0.0352891	0.0589216	0.000718851	0.00452745
21	0.123193	0.00471854	0.0960677	0.197971	0.00562985	0.0570375	0.019735	0.0111003	0.042984	0.0186559	0.0136285	0.0353203	0.0672569	0.110449	0.0287135	0.105897	0.03706	0.0166785	0.00137464	0.00652867
22	0.0463189	0.0738317	0.0107004	0.015746	0.0556564	0.0161306	0.0177254	0.0411832	0.0152464	0.117262	0.0205033	0.0166572	0.00798796	0.0196592	0.0421617	0.0403699	0.0250513	0.0408332	0.340104	0.0368714
23	0.0630239	0.00670825	0.0318362	0.0501316	0.00377856	0.0411598	0.0137765	0.00736683	0.0462845	0.015575	0.00889854	0.0560968	0.384894	0.0694814	0.0382284	0.0936227	0.038801	0.0276257	0.000485767	0.00222454
24	0.0637935	0.00823203	0.182257	0.397252	0.00233593	0.0271001	0.016535	0.00963872	0.0275902	0.0222523	0.00767238	0.0329466	0.027035	0.0958197	0.0133606	0.0294979	0.020439	0.0102785	0.00140574	0.00455816
25	0.0182397	0.0128835	0.000470283	0.00117264	0.0524591	0.00309629	0.00194944	0.201366	0.000611932	0.433749	0.0770603	0.00132284	0.000818143	0.00446966	0.00364591	0.00701976	0.0211754	0.144651	0.00231094	0.0115283
26	0.0140843	0.034996	0.00102844	0.00393015	0.145893	0.00535389	0.0131521	0.132403	0.00482423	0.363343	0.123721	0.00453585	0.00298443	0.0218129	0.00817224	0.0162619	0.0120855	0.0332839	0.0120258	0.0461081
27	0.0624624	0.00924871	0.0297198	0.0635645	0.00253922	0.0392101	0.0157517	0.00638025	0.0560709	0.0161821	0.0061976	0.0543859	0.313829	0.0870945	0.0493477	0.117229	0.0457975	0.0221849	0.000341163	0.00246253
28	0.201467	0.0600429	0.00110043	0.00562943	0.0260243	0.0304267	0.00271879	0.0947008	0.00889498	0.14578	0.0211355	0.00832963	0.0165399	0.00441584	0.00121237	0.106169	0.0959074	0.152397	0.00435814	0.0127508
29	0.0177761	0.0108564	0.000306218	0.000563858	0.0471266	0.00151005	0.00104157	0.250185	0.00033583	0.381209	0.0666027	0.00074579	0.000584417	0.00268079	0.00171052	0.00398982	0.0242223	0.178031	0.00267191	0.00784985
30	0.0531932	0.0427707	0.00224638	0.00424556	0.225419	0.00386645	0.00793016	0.0867257	0.0105267	0.206261	0.0368292	0.0111521	0.00264809	0.0229286	0.0139194	0.039092	0.0219877	0.0940691	0.0301436	0.084045
31	0.0803139	0.0118161	0.0951344	0.171332	0.0165639	0.0320164	0.0127815	0.0545599	0.0472241	0.0620624	0.0219396	0.0574828	0.00563827	0.0749059	0.0250219	0.0615957	0.0646017	0.0870129	0.00281952	0.015177
32	0.219851	0.0809049	0.00432687	0.00507153	0.0292785	0.0687677	0.00374635	0.069825	0.00596051	0.105016	0.0245824	0.00668522	0.00908257	0.00696334	0.0024403	0.141825	0.105962	0.0900767	0.00271982	0.0169143
33	0.340759	0.0841465	0.00610234	0.0141001	0.00455941	0.144195	0.00268648	0.0181375	0.00881629	0.0302666	0.00290619	0.0185633	0.0048528	0.00419575	0.00199714	0.234505	0.0326459	0.0422892	0.000779586	0.00349611
34	0.0285214	0.0411041	0.00129046	0.00372631	0.209057	0.00398814	0.0111444	0.105218	0.0063301	0.275167	0.081194	0.00677846	0.00253623	0.0217144	0.00976716	0.0248362	0.0147	0.0564629	0.0187026	0.0777615
35	0.0533026	0.0295574	0.0702884	0.071591	0.0591268	0.0344676	0.0509134	0.037251	0.0562822	0.0455688	0.0278558	0.091325	0.0108978	0.0483611	0.0689606	0.0815795	0.0316107	0.0318762	0.00699993	0.0921843
36	0.0178217	0.010754	0.000322679	0.000581289	0.0470331	0.00142047	0.00104657	0.257162	0.000348215	0.373499	0.0660194	0.000741426	0.000631885	0.00259977	0.00171274	0.00385512	0.024426	0.179569	0.0027716	0.00768316
37	0.0158441	0.0112482	0.000332182	0.000967994	0.0495263	0.00272675	0.00128061	0.201219	0.000475655	0.447272	0.0766534	0.00118518	0.000445247	0.00401086	0.0022182	0.00538576	0.0213277	0.145637	0.00198541	0.0102586
38	0.180895	0.0586205	0.000850363	0.00478822	0.0232613	0.0261982	0.00208338	0.110201	0.0075501	0.152866	0.0241526	0.00752973	0.014286	0.00468319	0.00186362	0.0964924	0.091958	0.177645	0.00323476	0.0108404
39	0.0372487	0.00299059	0.0094344	0.0351264	0.00254003	0.0166713	0.0139501	0.0190573	0.252753	0.0304316	0.00342292	0.0413845	0.0163062	0.112674	0.315444	0.0350639	0.0321695	0.0188971	0.000461253	0.00397277
40	0.0644396	0.0184763	0.00568635	0.0249932	0.00884938	0.0152548	0.00317012	0.176005	0.0118781	0.152928	0.0192733	0.0115548	0.0041632	0.0294671	0.00709333	0.0418059	0.0433653	0.352625	0.000691562	0.00827952
41	0.23681	0.034767	0.0213948	0.078188	0.00599756	0.0821243	0.0246955	0.0255827	0.0289934	0.0155458	0.00803867	0.0435159	0.00605214	0.0365515	0.0252116	0.175922	0.0977097	0.0454886	0.0034527	0.0039578
42	0.548253	0.0655981	0.00590278	0.00295597	0.0106086	0.057479	0.0017774	0.0138228	0.00403177	0.0256118	0.0034475	0.0038437	0.00666779	0.0022492	0.0022121	0.123608	0.0707453	0.0485319	0.000523799	0.0021297
43	0.0650921	0.0303428	0.00252393	0.00126574	0.0717199	0.00751213	0.00674231	0.164898	0.00114993	0.279661	0.08438	0.00197007	0.00590457	0.00645989	0.0159854	0.0328767	0.0239089	0.171561	0.00185041	0.0241943
44	0.10657	0.0119442	0.0554092	0.0996201	0.00791078	0.0698353	0.0366121	0.0185181	0.0869913	0.0242601	0.00808486	0.082351	0.0128606	0.0780579	0.0605943	0.13881	0.0644581	0.0289969	0.0012951	0.0068202
45	0.540114	0.0613554	0.00587209	0.00412437	0.0120195	0.0437597	0.00319133	0.01574	0.00480412	0.0269472	0.00473986	0.00360455	0.00606827	0.00335014	0.0032425	0.123469	0.08331	0.0509884	0.00084714	0.00245242
46	0.196411	0.061377	0.000861207	0.00540977	0.0226499	0.0289649	0.00183642	0.100186	0.00847887	0.148749	0.0237666	0.00779714	0.0158206	0.00438244	0.00137221	0.106362	0.0949219	0.15573	0.00349888	0.0114238
47	0.0172873	0.0108308	0.000363312	0.000607481	0.049676	0.0015274	0.00110634	0.248798	0.000439013	0.377709	0.0742159	0.00100032	0.000554039	0.0028165	0.00191961	0.00407277	0.0233826	0.172669	0.0028168	0.00820746
48	0.0139531	0.0167569	0.000563428	0.002181	0.061956	0.00433936	0.00415172	0.174781	0.00129955	0.457545	0.0976443	0.00215958	0.00108135	0.00794986	0.00352112	0.00690964	0.0175665	0.103763	0.00393403	0.0179434
49	0.105346	0.0121974	0.05374	0.098298	0.00864152	0.0691883	0.0357947	0.018825	0.0856092	0.0266494	0.00839074	0.0816901	0.0126874	0.0797161	0.0597061	0.141465	0.0628945	0.0307909	0.0013373	0.00703288
50	0.204388	0.0573283	0.00114742	0.00543485	0.0201085	0.0278237	0.00199879	0.096448	0.0109732	0.140079	0.0220145	0.00842841	0.0178326	0.00458525	0.00125528	0.107218	0.09733	0.161103	0.0035169	0.0109865
51	0.0210337	0.0125123	0.000430696	0.000643927	0.0488879	0.00191805	0.00141215	0.240217	0.000370442	0.382344	0.0684454	0.000864146	0.000772234	0.00290099	0.00230464	0.00532073	0.0237526	0.174227	0.00244495	0.00919678
52	0.190114	0.0594041	0.00168989	0.00610745	0.0189577	0.029571	0.00274817	0.118518	0.00811278	0.135842	0.0250255	0.0096575	0.0143772	0.00456632	0.00228105	0.0990743	0.0933642	0.167147	0.003307	0.0101351
53	0.0132491	0.0180173	0.000642661	0.00303073	0.0667867	0.00416442	0.00555019	0.16773	0.00156016	0.457693	0.100865	0.00227183	0.0013757	0.00923824	0.00391428	0.00778363	0.0171647	0.0938761	0.00437292	0.0207134
54	0.0788756	0.010719	0.107422	0.189064	0.0145419	0.0322404	0.0135186	0.0488705	0.0467101	0.0568923	0.021159	0.0580306	0.00721504	0.0735894	0.0235351	0.0621962	0.0625174	0.0750775	0.00255467	0.0152704
55	0.134892	0.00886151	0.0233392	0.0798616	0.0120371	0.0217992	0.0213483	0.0250698	0.0529262	0.0914207	0.0621975	0.0225145	0.00858061	0.0385457	0.0220478	0.193801	0.0837575	0.0660633	0.00327934	0.0276578
56	0.0154071	0.0114625	0.000340309	0.00107231	0.0503756	0.00282452	0.00130363	0.198924	0.000530962	0.451447	0.0774438	0.00127542	0.000449568	0.00418821	0.00218889	0.00517945	0.0210851	0.14192	0.00208993	0.0104919
57	0.0689541	0.0240173	0.0027143	0.00705056	0.0033453	0.00979918	0.00386896	0.250091	0.00310487	0.113736	0.0224635	0.0104317	0.00545651	0.00983887	0.00474521	0.032983	0.0569388	0.366633	0.000560429	0.00326652
58	0.0731124	0.00354699	0.202423	0.276399	0.00313894	0.037684	0.0206921	0.0168339	0.042222	0.0184386	0.00531753	0.0507602	0.0222623	0.0760286	0.0242012	0.0678898	0.0358478	0.0142053	0.00091109	0.00808562
59	0.069632	0.033208	0.00270257	0.00159757	0.0769157	0.00855679	0.00797802	0.149345	0.00176556	0.269114	0.0858638	0.00258805	0.00636299	0.0081001	0.0179243	0.0373911	0.0253645	0.163463	0.00261759	0.0295083
60	0.0665711	0.00353206	0.220007	0.300356	0.00295718	0.0342488	0.019468	0.0168055	0.0376848	0.0180417	0.00458656	0.0462941	0.0231452	0.0735077	0.0209343	0.0597767	0.0308079	0.0121911	0.000902029	0.00818229
61	0.117416	0.00949751	0.196267	0.0426451	0.0252456	0.0299724	0.0250073	0.0580833	0.00888709	0.0360421	0.00845149	0.076513	0.131972	0.0303004	0.00995826	0.0404442	0.106898	0.0359105	0.00278715	0.00770131
62	0.106483	0.0122976	0.0555241	0.099008	0.00809811	0.071692	0.0350892	0.0194915	0.0842726	0.0252086	0.00851012	0.0798196	0.0134627	0.0790924	0.0593686	0.141496	0.0634248	0.0291566	0.00154551	0.00695911
63	0.207205	0.062434	0.000861736	0.00631946	0.0212491	0.0266741	0.00176506	0.09143	0.00838065	0.146759	0.0206716	0.00894743	0.0152903	0.00566404	0.00125639	0.10042	0.107043	0.154573	0.00335615	0.00969973
64	0.0368322	0.00293358	0.00959765	0.0359841	0.0025955	0.0167826	0.013979	0.0185173	0.253724	0.0304098	0.00336033	0.0419177	0.0165093	0.111624	0.31483	0.0356463	0.0324375	0.017847	0.000439216	0.00403309
65	0.0532029	0.0170978	0.032453	0.0538323	0.0439534	0.0156376	0.0973555	0.0762245	0.0405165	0.0704982	0.0387936	0.0200845	0.0105237	0.103227	0.112114	0.108968	0.0512141	0.0279704	0.00206818	0.0242641
66	0.145281	0.00470937	0.00861139	0.0402575	0.0190823	0.0235974	0.00539079	0.0668591	0.0436957	0.165877	0.0649529	0.0454113	0.0121117	0.0515595	0.0385486	0.0836889	0.0971269	0.0572608	0.00106623	0.024911
67	0.461927	0.076493	0.00593763	0.00882699	0.00656779	0.0884061	0.00209133	0.0146148	0.00492974	0.0259837	0.0025062	0.0105766	0.00750323	0.00270206	0.00194275	0.182172	0.0478684	0.0459269	0.000447142	0.00257668
68	0.0173063	0.0106545	0.000347057	0.000650919	0.0475105	0.00181023	0.00110704	0.232542	0.000341368	0.402693	0.0690528	0.000766526	0.000504583	0.00304493	0.00195198	0.00474465	0.0236856	0.17078	0.00227713	0.0082281
69	0.0962206	0.0089259	0.131525	0.232991	0.00617383	0.0436605	0.0300271	0.0203825	0.0432822	0.024713	0.0108014	0.0491021	0.0213836	0.0739404	0.0283923	0.0964214	0.0470991	0.0236396	0.0017981	0.00952007
70	0.152534	0.0532019	0.00150868	0.00369974	0.0505602	0.0231239	0.00349144	0.11153	0.00660104	0.186675	0.0408355	0.00608172	0.0126864	0.00584526	0.00721763	0.0829954	0.0691267	0.15851	0.00458446	0.0191904
71	0.0152941	0.0116138	0.000350778	0.00119576	0.0501108	0.00293578	0.001329	0.197588	0.000547688	0.453905	0.0790629	0.00129618	0.000458346	0.00420873	0.00226223	0.00505748	0.0206764	0.13914	0.00216294	0.0108031
72	0.0481122	0.0244301	0.000893106	0.00413728	0.00194971	0.0036768	0.00250412	0.244619	0.00189484	0.134355	0.0147518	0.00739096	0.00578527	0.00888475	0.00297815	0.0240798	0.0484968	0.419942	0.000290383	0.000827911
73	0.154874	0.0446201	0.0108373	0.0610284	0.00925851	0.0703247	0.0152798	0.029616	0.0138024	0.0172916	0.0180135	0.0442819	0.00435911	0.0185332	0.0167039	0.189458	0.195306	0.0748888	0.00424457	0.00727829
74	0.0173235	0.0383867	0.00111801	0.00372036	0.163068	0.00478037	0.0133979	0.127632	0.00488605	0.335267	0.117027	0.00503219	0.00291628	0.0227316	0.0090756	0.0185702	0.0121672	0.0359851	0.0133972	0.0535168
75	0.21104	0.0677648	0.00124549	0.00508473	0.0208034	0.0278044	0.0018051	0.0950652	0.00934683	0.13307	0.0202243	0.0086818	0.0172646	0.00471336	0.00173663	0.108124	0.092939	0.160371	0.00334895	0.00956746
76	0.0666558	0.00442771	0.206153	0.310465	0.00348872	0.0326346	0.0188777	0.0170625	0.0378341	0.0206297	0.00574544	0.0451321	0.0222916	0.0760866	0.0199926	0.0560975	0.0325594	0.014456	0.00106481	0.00834543
77	0.102321	0.0145506	0.0526486	0.0929112	0.0105953	0.0683607	0.0372822	0.0202016	0.087718	0.0275013	0.00883464	0.0827821	0.0120527	0.0754125	0.0627256	0.139351	0.0626766	0.0311983	0.00156731	0.00930912
78	0.0984531	0.0181036	0.036831	0.0716492	0.0188501	0.0565293	0.0278183	0.0291598	0.087844	0.0535625	0.0133414	0.06777	0.0103632	0.0785064	0.0656844	0.146179	0.0575194	0.0474009	0.00306298	0.0113717
79	0.0626201	0.00995003	0.0298375	0.0635601	0.00278126	0.0398983	0.0163653	0.00689144	0.0556223	0.0165438	0.00654369	0.0539101	0.308779	0.0865254	0.0514671	0.118214	0.045127	0.0222894	0.000363746	0.00271071
80	0.114827	0.0126705	0.0492336	0.0916155	0.00793839	0.0739516	0.0345111	0.0203548	0.0861515	0.0247618	0.00850776	0.0785006	0.0135314	0.0802437	0.0600297	0.142137	0.0643727	0.0279902	0.00195929	0.0067121
81	0.0778441	0.0235771	0.00512819	0.00863946	0.0555721	0.0132883	0.00859359	0.135084	0.00587893	0.234566	0.0969417	0.00632261	0.0100384	0.0199732	0.0220255	0.049305	0.042929	0.157317	0.00104132	0.0259346
82	0.109091	0.0434779	0.00293898	0.00289143	0.0511104	0.0150615	0.00587765	0.138279	0.00318897	0.219422	0.0725748	0.00337129	0.00867676	0.00716527	0.0140084	0.0583954	0.0443761	0.175303	0.0011024	0.0236887
83	0.0378706	0.00278057	0.0102835	0.0394187	0.00264829	0.0178891	0.0136334	0.0179742	0.257732	0.0317206	0.00333445	0.0441762	0.0159634	0.110207	0.300969	0.0380342	0.033406	0.0174458	0.000423445	0.0040888
84	0.0597103	0.00579621	0.0190989	0.057849	0.00661127	0.0376712	0.019501	0.0201976	0.232317	0.0354083	0.00722837	0.0550796	0.0129008	0.0966457	0.199889	0.0692576	0.038461	0.0211313	0.000862139	0.00438291
85	0.0747039	0.0159063	0.0744859	0.127417	0.0204986	0.0377683	0.0151724	0.0541145	0.0498034	0.0692069	0.0239424	0.0659632	0.00475328	0.073946	0.0292841	0.0876025	0.0624761	0.0931346	0.00239728	0.0174228
86	0.0624624	0.00924871	0.0297198	0.0635645	0.00253922	0.0392101	0.0157517	0.00638025	0.0560709	0.0161821	0.0061976	0.0543859	0.313829	0.0870945	0.0493477	0.117229	0.0457975	0.0221849	0.000341163	0.00246253
87	0.199803	0.0667078	0.000754936	0.00494085	0.0220314	0.0304192	0.0016261	0.0984641	0.00817318	0.146676	0.0237754	0.00779683	0.0153705	0.00376548	0.000938816	0.107509	0.0942256	0.152531	0.00347153	0.011019
88	0.0160516	0.0108317	0.000371945	0.000860016	0.0505728	0.00231538	0.00119657	0.216712	0.000458106	0.422775	0.0785257	0.00114996	0.000453784	0.00357801	0.00217564	0.00500852	0.0217454	0.153695	0.00220467	0.00931755
89	0.0885403	0.0179497	0.0314887	0.0633387	0.0211067	0.0539418	0.0276545	0.0307599	0.0911304	0.0649966	0.0170905	0.0690961	0.0100693	0.0792429	0.0677027	0.145151	0.0543069	0.0500091	0.00223862	0.014186
90	0.0158194	0.0376979	0.00108863	0.00384869	0.157457	0.00483686	0.014375	0.127575	0.00482269	0.343158	0.122396	0.0047273	0.00295665	0.0233359	0.00924489	0.0184709	0.0116917	0.0326014	0.0127247	0.0511718
91	0.0215626	0.0145511	0.00129592	0.00198648	0.0394172	0.00471846	0.00223964	0.200054	0.00136785	0.331749	0.144596	0.00202875	0.00146192	0.00699063	0.00564092	0.0153234	0.0358185	0.152979	0.00194025	0.014279
92	0.201887	0.0606665	0.00113559	0.00829666	0.0204319	0.027186	0.00195805	0.0959531	0.00854192	0.145413	0.0221082	0.00865416	0.0152298	0.00582296	0.00155066	0.10132	0.0980659	0.162091	0.00340812	0.01028
93	0.411175	0.0789379	0.00820037	0.00418921	0.0215018	0.0762835	0.00359472	0.0258381	0.00385564	0.0456935	0.0112222	0.00467679	0.00506014	0.00525944	0.00267591	0.15135	0.0836931	0.0447935	0.000745611	0.011254
94	0.0122681	0.021553	0.000811541	0.0032078	0.0793867	0.00411172	0.00759908	0.177694	0.0022606	0.411424	0.124956	0.00296768	0.00195684	0.0117152	0.00523073	0.00878944	0.0148098	0.0764658	0.00729615	0.0254959
95	0.120157	0.0194604	0.114469	0.156102	0.00627198	0.0496602	0.0226711	0.0259512	0.0389547	0.0222249	0.00938941	0.0607802	0.0114476	0.0512986	0.0270405	0.115302	0.101406	0.0374322	0.00184965	0.00813164
96	0.0663305	0.0390923	0.0231573	0.0345817	0.0237539	0.0382666	0.0577303	0.0359151	0.100135	0.0451846	0.0335999	0.0327613	0.00942263	0.0678165	0.200581	0.0958367	0.0460531	0.0258771	0.00212993	0.0217743
97	0.0177397	0.0109999	0.000325522	0.000612796	0.0487034	0.00162782	0.00106972	0.242335	0.000319841	0.389133	0.0680462	0.00079588	0.000548504	0.00282481	0.00187931	0.00440796	0.0236837	0.174143	0.00252979	0.00827401
98	0.407364	0.0504094	0.00430176	0.011407	0.0166644	0.0634202	0.00669451	0.0369189	0.0105406	0.0178082	0.00634714	0.00987673	0.00381145	0.00954245	0.00880649	0.208358	0.0555659	0.066728	0.0025244	0.00291104
99	0.108741	0.00853103	0.0195341	0.051345	0.0228723	0.0306185	0.0103714	0.0506697	0.0604006	0.133308	0.0423444	0.0536178	0.0138144	0.0673606	0.0607854	0.100002	0.0840387	0.0589986	0.00161557	0.0210309
100	0.329479	0.0320109	0.00610194	0.0551399	0.0327622	0.0337276	0.00646737	0.0309593	0.0605246	0.0259213	0.00869538	0.0123147	0.00615974	0.0194379	0.0343824	0.170627	0.0437917	0.0624381	0.023288	0.0057708
101	0.0162658	0.0121406	0.000389994	0.00123386	0.0503873	0.00333939	0.00151447	0.19344	0.0005832	0.455553	0.0797897	0.00140844	0.000555397	0.00437212	0.00248486	0.00573696	0.0204294	0.13674	0.00211242	0.0115224
102	0.0983562	0.0134159	0.0516119	0.0908858	0.0177275	0.124332	0.0560947	0.0191294	0.0553421	0.0346609	0.00994344	0.0846117	0.0120731	0.0690997	0.0479811	0.113414	0.0512359	0.0272321	0.00606126	0.0167914
103	0.0907735	0.00649277	0.144558	0.176228	0.00424711	0.0511584	0.0278723	0.0178254	0.0629028	0.0191639	0.0062169	0.0726551	0.0163379	0.0722684	0.0370124	0.104398	0.0598653	0.0204807	0.00111633	0.00842701
104	0.0545178	0.0659107	0.0175382	0.0218832	0.0489231	0.0191065	0.0196716	0.036526	0.0171119	0.0894114	0.0158662	0.0185202	0.00792394	0.0198396	0.0330728	0.043514	0.0289886	0.040006	0.357106	0.044562
105	0.0378612	0.00276942	0.0101966	0.039849	0.00269394	0.0175758	0.0135626	0.018563	0.257201	0.0315714	0.003318	0.043664	0.0158067	0.112481	0.298045	0.0380196	0.0338507	0.0185458	0.000401608	0.00402342
106	0.0342894	0.0231271	0.0514313	0.0856645	0.0447907	0.0206494	0.0750954	0.0328107	0.0613679	0.041602	0.024657	0.0521686	0.0179945	0.0884265	0.106474	0.0741847	0.033477	0.01874	0.00808689	0.104963
107	0.0368772	0.00293936	0.00955709	0.0356652	0.00254114	0.016734	0.0138993	0.0185891	0.253553	0.0302926	0.00332453	0.0417689	0.0165257	0.1118	0.315843	0.03535	0.0322473	0.018056	0.000437731	0.00399953
108	0.0410869	0.0119971	0.0298861	0.0243632	0.117468	0.0174193	0.246431	0.01993	0.0215937	0.0259493	0.0228957	0.0589727	0.00477458	0.0560777	0.0500326	0.0390603	0.0221271	0.0170217	0.00969893	0.163214
109	0.564823	0.0637987	0.00551485	0.00177814	0.0119308	0.0440361	0.00196681	0.0139067	0.00410838	0.0252704	0.00372037	0.00275034	0.00616545	0.0024227	0.00286291	0.112029	0.077922	0.0525999	0.000581278	0.00181258
110	0.458452	0.0503127	0.0112764	0.00878998	0.00999295	0.132139	0.00366162	0.0188847	0.00619181	0.0286472	0.00674752	0.00728391	0.0107631	0.00522068	0.00418928	0.120658	0.0661531	0.045682	0.00119335	0.00376015
111	0.0160236	0.0111475	0.000341142	0.000980717	0.0484816	0.00263079	0.00115415	0.203168	0.000410659	0.445229	0.075386	0.00111966	0.000396671	0.00388224	0.00216958	0.00515484	0.0215634	0.149155	0.00185688	0.00974849
112	0.0691754	0.0306692	0.00446472	0.00537082	0.0411034	0.0136904	0.00620784	0.122167	0.00411812	0.204668	0.143055	0.00380714	0.00748237	0.0118342	0.0199483	0.0608982	0.0496885	0.168649	0.00114667	0.0318557
113	0.567144	0.0654138	0.00557312	0.00146207	0.0122492	0.0412008	0.00166706	0.0131139	0.00408497	0.0265362	0.00342433	0.00271539	0.00626106	0.00229274	0.00293567	0.106897	0.080783	0.053829	0.000586427	0.00182976
114	0.0178167	0.0108105	0.000328089	0.000588053	0.0471079	0.0014432	0.0010535	0.256528	0.000344768	0.374478	0.066197	0.000744429	0.000631643	0.00263833	0.00171227	0.00384322	0.0243534	0.178877	0.00275512	0.00774804
115	0.33088	0.0940751	0.00656462	0.0139577	0.00325823	0.128338	0.00293705	0.0174057	0.0081959	0.0297912	0.00280328	0.0215624	0.0049363	0.00404259	0.00183088	0.25775	0.0289615	0.0382576	0.000601773	0.00384931
116	0.157713	0.0148275	0.00895748	0.0328597	0.0232686	0.0222961	0.00790306	0.079754	0.0301219	0.161692	0.0503928	0.0344506	0.0114591	0.0534186	0.0277268	0.0871923	0.0790416	0.0868582	0.00192635	0.0281412
117	0.0619052	0.0266174	0.000921993	0.00396437	0.00646727	0.00587045	0.00268262	0.235529	0.00238866	0.149293	0.0200166	0.00685761	0.00631657	0.00818364	0.00298417	0.0312709	0.0530113	0.372358	0.000566689	0.00279473
118	0.346119	0.0761518	0.00616724	0.00939889	0.0116469	0.137354	0.00351046	0.0256436	0.00641786	0.0394387	0.00747937	0.0123719	0.00529553	0.00605505	0.00219886	0.194826	0.061066	0.0419662	0.000808828	0.00608429
119	0.0680566	0.00391422	0.211327	0.296028	0.00297605	0.0349973	0.0194632	0.0161031	0.0382833	0.0180007	0.00505555	0.0455478	0.0286142	0.0761301	0.0215794	0.0620627	0.0308777	0.0122109	0.000965488	0.007807
120	0.0788209	0.0517209	0.0191683	0.03466	0.0552355	0.0622053	0.0427015	0.0528665	0.0525995	0.0378288	0.0145819	0.055443	0.00654821	0.0318868	0.0832992	0.113572	0.077257	0.059201	0.00494872	0.0654544
121	0.208309	0.0751963	0.00182991	0.00452762	0.0250101	0.0406588	0.00225273	0.089204	0.00710148	0.135466	0.0251863	0.00714475	0.0129087	0.0043293	0.00115252	0.117706	0.093517	0.131089	0.00303433	0.0143767
122	0.154358	0.00883021	0.0699506	0.147575	0.00742093	0.0360451	0.0180029	0.0209619	0.0534466	0.0277687	0.0114841	0.0471429	0.0347902	0.0800773	0.0555758	0.0908965	0.0621566	0.0568057	0.00204293	0.0146683
123	0.0798665	0.0282081	0.127783	0.052074	0.0207243	0.0558252	0.115461	0.0162066	0.0344906	0.0265407	0.0199446	0.141781	0.00806231	0.0306744	0.0276054	0.104261	0.0233185	0.0228333	0.0102066	0.054134
124	0.0941953	0.00688013	0.0468356	0.105184	0.00425802	0.0512541	0.0153723	0.00777181	0.0435325	0.0165412	0.0115741	0.0399728	0.238618	0.100268	0.0384723	0.119269	0.0364846	0.0187896	0.00070765	0.00401853
125	0.0588526	0.0189445	0.0534192	0.0660207	0.0379162	0.0325883	0.0937711	0.0257208	0.0461471	0.0363508	0.0408413	0.0893259	0.0104565	0.0707628	0.0726061	0.122055	0.0343691	0.028827	0.00470297	0.0563217
126	0.103035	0.0128265	0.0213488	0.0339945	0.0239792	0.0303913	0.0217417	0.0174886	0.0445702	0.0287312	0.00921136	0.0421283	0.306014	0.0520575	0.0269739	0.0989913	0.0473379	0.0666893	0.00227619	0.010213
127	0.0533416	0.0434898	0.0258863	0.0286791	0.0454121	0.0201665	0.109082	0.0405253	0.0404951	0.0705067	0.0618293	0.0281543	0.00763891	0.0616966	0.163186	0.0789768	0.0301804	0.0203444	0.00422469	0.0661842
128	0.0440222	0.02215	0.000937004	0.00402416	0.00982764	0.0038377	0.00244558	0.23932	0.00290565	0.172784	0.0234231	0.00649858	0.00484219	0.00920129	0.00442191	0.0218452	0.0444585	0.380004	0.000680939	0.00236999
129	0.0471844	0.0426613	0.0117667	0.0343404	0.00867209	0.015378	0.0176257	0.073251	0.114199	0.0669437	0.0132124	0.0202251	0.00762583	0.18822	0.141549	0.0366811	0.0655151	0.0846482	0.00241564	0.00788483
130	0.0206819	0.0230389	0.00449407	0.0194991	0.230782	0.00433504	0.10855	0.00980544	0.00388357	0.0382099	0.007222	0.00698134	0.00636291	0.0129125	0.00984162	0.0231663	0.0116457	0.0314841	0.0347525	0.392351
131	0.3013	0.0379	0.00855812	0.0319539	0.0146987	0.0600296	0.0125875	0.0289925	0.0227221	0.0258052	0.0173041	0.0287313	0.00508492	0.0300386	0.0252325	0.172525	0.104917	0.0637141	0.00332199	0.00458387
132	0.487249	0.0583598	0.00465153	0.00707773	0.0208252	0.0455863	0.00299058	0.023342	0.0141495	0.0316253	0.0058305	0.00546537	0.00679184	0.00653101	0.00717589	0.12077	0.077327	0.0676546	0.00364765	0.00294951
133	0.0660227	0.0378838	0.00195338	0.00135708	0.0652613	0.00822938	0.00499232	0.170524	0.00157194	0.292958	0.0742173	0.00252498	0.00503964	0.00562569	0.0117757	0.0316985	0.0271918	0.16751	0.00263682	0.0210245
134	0.0344715	0.0143752	0.0762834	0.0349682	0.068835	0.0328543	0.144793	0.0161605	0.0246664	0.0328396	0.0156838	0.0717608	0.00865601	0.0892156	0.0520323	0.0492522	0.0273704	0.0197354	0.0178778	0.168169
135	0.546131	0.0700787	0.00531681	0.00194359	0.0120649	0.0390999	0.00191339	0.0141436	0.00420101	0.0335143	0.00406071	0.00372098	0.00599798	0.00270812	0.00320032	0.10001	0.0893085	0.0597209	0.000653197	0.00221112
136	0.0171908	0.0107485	0.000300565	0.000604686	0.0476847	0.00160224	0.00104014	0.242223	0.000323919	0.391727	0.0678072	0.000735542	0.000519323	0.00281674	0.00178909	0.00419405	0.0238334	0.174165	0.00254306	0.00815089
137	0.19036	0.0207726	0.0405995	0.0965134	0.00893296	0.111096	0.0216188	0.0220851	0.0576079	0.026629	0.010505	0.0455221	0.0158496	0.0541126	0.0365263	0.131359	0.0653644	0.0333774	0.00427544	0.00689329
138	0.0731727	0.0122818	0.0169778	0.0526208	0.0115179	0.0235327	0.0230869	0.0421684	0.127676	0.0814724	0.0204872	0.0336277	0.011607	0.118842	0.157972	0.0744766	0.0618686	0.0440316	0.0025598	0.0100195
139	0.0119198	0.0227901	0.000978373	0.00345483	0.0842768	0.00451541	0.0081341	0.167439	0.00255257	0.415624	0.133356	0.00346174	0.00221402	0.0128181	0.00561188	0.00940926	0.0137723	0.0637749	0.00683752	0.0270592
140	0.358749	0.0897357	0.0064335	0.0165634	0.00337642	0.114112	0.0030228	0.0164442	0.0076731	0.0252153	0.00263519	0.0190318	0.00495628	0.00402446	0.00215658	0.251298	0.0288108	0.0417222	0.000727234	0.00331182
141	0.0769931	0.0113038	0.104839	0.171298	0.0138243	0.0351484	0.0165268	0.0435936	0.0511534	0.0526322	0.0184444	0.0642615	0.0069845	0.0720408	0.028512	0.0728954	0.0711279	0.071465	0.00253559	0.0144201
142	0.0476201	0.0250987	0.0847464	0.0831801	0.0628903	0.0229082	0.0745402	0.0268669	0.0419929	0.0523058	0.0176212	0.0627342	0.0191377	0.0587528	0.0561398	0.0708718	0.0311084	0.0284405	0.0102726	0.122771
143	0.0205789	0.0346668	0.00236633	0.00793082	0.153352	0.00506031	0.0225136	0.121953	0.00523479	0.330549	0.114362	0.0050239	0.0040559	0.0314883	0.00968611	0.0206417	0.0151637	0.0333102	0.011762	0.0503004
144	0.143015	0.0164812	0.0423173	0.0850856	0.00936665	0.068296	0.0322234	0.0198341	0.0909614	0.0266862	0.00849761	0.0686867	0.0150076	0.0724039	0.0544967	0.140564	0.0657776	0.0302361	0.0041432	0.00591959
145	0.0640496	0.00687028	0.0327919	0.0612255	0.00392254	0.0581097	0.0153907	0.0100239	0.0535876	0.0159158	0.0081502	0.0561267	0.336802	0.0690235	0.0420884	0.0951103	0.0392105	0.0278277	0.000579622	0.00319386
146	0.0780925	0.0109569	0.107392	0.188493	0.0152108	0.0316163	0.0133785	0.0497311	0.0491139	0.056046	0.0209613	0.0562387	0.00689899	0.0742703	0.0251815	0.0582313	0.0647876	0.0749957	0.00271882	0.0156847
147	0.0209201	0.0158957	0.000471807	0.000870792	0.0790011	0.00225508	0.00257013	0.216904	0.0012185	0.367628	0.0734108	0.00169834	0.00102396	0.00617337	0.00355353	0.00839899	0.0221797	0.154834	0.00439776	0.016595
148	0.0833588	0.0183307	0.0328701	0.0673014	0.0173396	0.036617	0.0288172	0.0386417	0.061134	0.080868	0.0201188	0.0395821	0.0298134	0.156251	0.055522	0.117105	0.0519298	0.0465404	0.00450719	0.0133517
149	0.0472505	0.0216654	0.0110137	0.0441067	0.00654119	0.0136939	0.0173502	0.0758635	0.142853	0.083148	0.0121671	0.0224646	0.00885297	0.169002	0.126012	0.0357578	0.0668891	0.0904086	0.00119094	0.00376843
150	0.0463765	0.0233259	0.000842667	0.00400131	0.00518049	0.00353712	0.00230639	0.254873	0.00181267	0.151714	0.0188334	0.00676701	0.00541748	0.0083168	0.00270486	0.0218777	0.0456888	0.394525	0.000641049	0.00125758
151	0.0163514	0.0113131	0.000357137	0.000997626	0.0481876	0.00277619	0.00118781	0.201996	0.000424005	0.445064	0.0751269	0.00117079	0.000473973	0.0038529	0.00223364	0.00551928	0.0216087	0.14973	0.00180558	0.00982458
152	0.0629939	0.00706174	0.0300893	0.0569954	0.00319687	0.041799	0.0144313	0.00682825	0.050169	0.0156021	0.00792519	0.0553743	0.364217	0.0726163	0.0416692	0.0997417	0.040906	0.0256519	0.000384422	0.00234747
153	0.278075	0.0579587	0.00148733	0.00722177	0.0225869	0.0333898	0.002422	0.07375	0.0149407	0.111697	0.0161193	0.00930785	0.015223	0.00733005	0.00388874	0.113655	0.0888751	0.128572	0.00552151	0.00797792
154	0.0214858	0.0129936	0.0004413	0.000961502	0.0492376	0.00325769	0.00147805	0.203758	0.00066458	0.424346	0.0722618	0.00121257	0.00106813	0.00377723	0.00277318	0.00888375	0.0238696	0.155285	0.00191007	0.0103346
155	0.0389296	0.0210163	0.00064404	0.00310124	0.0146234	0.00295508	0.00207898	0.244633	0.00148424	0.2024	0.0286256	0.00559424	0.00425586	0.00708121	0.00269166	0.0181508	0.0420532	0.356041	0.000855087	0.00278603
156	0.0451744	0.00812231	0.0101856	0.0409096	0.00384897	0.0178132	0.0144199	0.0342907	0.215628	0.0518246	0.00620145	0.0385747	0.011335	0.129006	0.23211	0.0458516	0.048639	0.0415061	0.000972851	0.0035848
157	0.379719	0.0451751	0.00496469	0.0194111	0.0122853	0.0639294	0.0153761	0.0301321	0.00690156	0.0173943	0.0090666	0.0143448	0.00376908	0.0134322	0.00984961	0.184758	0.0978567	0.0671789	0.00142385	0.00303195
158	0.0755877	0.0514201	0.0185829	0.0205595	0.0455755	0.0230412	0.0915249	0.0425029	0.0456395	0.0455367	0.0352263	0.026218	0.00529022	0.0471622	0.203761	0.105906	0.0393399	0.022843	0.00276573	0.051517
159	0.349541	0.0855974	0.00597231	0.0149262	0.00512405	0.117326	0.00346131	0.0212654	0.00765236	0.0307958	0.00388808	0.0196363	0.0047911	0.00444164	0.00247308	0.239125	0.0352844	0.0436695	0.000810147	0.00421814
160	0.33375	0.102049	0.00584609	0.00402446	0.0355598	0.0721655	0.00331791	0.0471336	0.00478989	0.0803394	0.0186981	0.00436434	0.00673214	0.00545537	0.00380108	0.106004	0.0860856	0.0568287	0.00210799	0.0209473
161	0.141615	0.00409456	0.0123647	0.0541732	0.0162502	0.0316633	0.00561427	0.0438293	0.0606452	0.14109	0.0572709	0.0445321	0.0149622	0.0537701	0.0487506	0.101746	0.104048	0.0463782	0.00112856	0.0160739
162	0.541764	0.0689428	0.00555336	0.00202994	0.0142467	0.0472076	0.00186358	0.0163898	0.00417674	0.0296367	0.00457751	0.00297627	0.00598448	0.00247055	0.002689	0.11624	0.0771702	0.0523888	0.000642495	0.00304986
163	0.0170188	0.0106128	0.000317924	0.000620347	0.0474518	0.00169044	0.00103084	0.238689	0.000344475	0.397246	0.068389	0.000773507	0.000508065	0.00288787	0.0018296	0.00437077	0.0240098	0.171757	0.00241453	0.00803768
164	0.0848277	0.0134902	0.0176938	0.0191459	0.0418662	0.0194469	0.00801719	0.146785	0.0101158	0.139541	0.038164	0.00827384	0.00657552	0.0340901	0.0226943	0.0598228	0.0500198	0.247356	0.00162563	0.0304483
165	0.0777976	0.0220123	0.0702229	0.103098	0.0190558	0.0431436	0.0504215	0.032164	0.0575373	0.0543713	0.0168451	0.0812601	0.0108496	0.0725589	0.0447484	0.1043	0.057786	0.0521258	0.00393209	0.0257694
166	0.0364268	0.0346557	0.00308933	0.0125168	0.243735	0.00364963	0.0485557	0.0458277	0.00721365	0.121503	0.0209551	0.00820907	0.00497983	0.0146877	0.0105575	0.031306	0.0165898	0.0680722	0.0298038	0.237666
167	0.118653	0.0290992	0.0299407	0.0513003	0.00995933	0.0497755	0.0411905	0.233125	0.00910997	0.0533261	0.0305857	0.0317339	0.00505899	0.0167451	0.043426	0.0228303	0.0835563	0.11118	0.00257014	0.0268336
168	0.0205788	0.0121491	0.000447649	0.00081715	0.0505227	0.00260508	0.00155319	0.212538	0.000419126	0.413889	0.073722	0.000934645	0.000843064	0.00355779	0.00285182	0.00690005	0.0226403	0.161139	0.00198614	0.00990525
169	0.103591	0.00718876	0.0721648	0.160452	0.00843042	0.0412518	0.0240724	0.0303527	0.0829247	0.0567963	0.0195764	0.0514835	0.0215253	0.0784946	0.0327798	0.0839098	0.0792759	0.0351174	0.00142118	0.00919065
170	0.0747539	0.00770825	0.0272262	0.0628393	0.00465383	0.0406917	0.0145996	0.0111314	0.0735648	0.0323981	0.0120124	0.0502215	0.273116	0.0759674	0.057495	0.101601	0.0500607	0.0254675	0.000672055	0.00381925
171	0.030769	0.016941	0.00601993	0.0176266	0.206329	0.0081868	0.175064	0.0168442	0.00607301	0.0311695	0.0138997	0.0176614	0.00478756	0.0199694	0.0148447	0.0213237	0.0142608	0.0283683	0.025199	0.324661
172	0.223782	0.0542335	0.00172136	0.0077457	0.0203568	0.0276753	0.00299213	0.0893326	0.0123783	0.13748	0.0236123	0.00877017	0.018356	0.00645214	0.00289152	0.10601	0.0900428	0.151323	0.00380061	0.0110429
173	0.0671081	0.00363543	0.218856	0.30232	0.0030228	0.0345948	0.019289	0.016512	0.0368836	0.018245	0.00480622	0.0450625	0.0242486	0.0752229	0.0206973	0.0586882	0.0296945	0.0121546	0.000952353	0.00800685
174	0.105617	0.0118202	0.0586874	0.104428	0.00807678	0.0677693	0.0357274	0.0199321	0.0836502	0.0253466	0.0083994	0.0814285	0.0127614	0.0783898	0.0580699	0.134241	0.0653057	0.0319918	0.00126033	0.00709588
175	0.0168354	0.0108853	0.000317865	0.000756887	0.0477047	0.00212192	0.00108401	0.216418	0.000347603	0.424941	0.0712209	0.000922954	0.000425213	0.00338091	0.00200273	0.00533265	0.0231221	0.161519	0.00191692	0.00874343
176	0.0161938	0.0112151	0.000321064	0.000913421	0.0483404	0.00254688	0.00113111	0.206178	0.000418689	0.441168	0.0751496	0.00109569	0.000378939	0.00369495	0.00202554	0.00517067	0.0218831	0.150492	0.00194062	0.00974294
177	0.11154	0.0119107	0.0517413	0.0960079	0.00722183	0.0752589	0.0350413	0.0195881	0.0795744	0.0228419	0.00886462	0.0811718	0.0127442	0.0810639	0.0584277	0.141812	0.0689943	0.0280992	0.00165563	0.00644081
178	0.101068	0.0129301	0.0460089	0.0852332	0.00952491	0.0673552	0.0338952	0.020951	0.100824	0.0306111	0.00957374	0.076806	0.0128955	0.0791952	0.0792431	0.135678	0.0600511	0.0290863	0.00159248	0.00747787
179	0.144391	0.0552718	0.00150204	0.0043057	0.0360554	0.0221439	0.00297951	0.118692	0.00630052	0.212818	0.0371751	0.00664858	0.0116313	0.0053499	0.00462299	0.0783412	0.0729216	0.161311	0.00355126	0.0139867
180	0.0682229	0.0351832	0.00255018	0.00140711	0.090315	0.00784185	0.00836176	0.14565	0.00214709	0.261496	0.0822063	0.00305947	0.00610544	0.00900034	0.0184841	0.0376939	0.0235096	0.159784	0.00480265	0.0321793
181	0.0710227	0.0154241	0.00556675	0.0261731	0.0120508	0.0124899	0.00442946	0.176862	0.00893986	0.164308	0.0240313	0.00908549	0.00475964	0.0326641	0.00752822	0.0374071	0.0447908	0.332543	0.000646363	0.00927665
182	0.0442981	0.00689243	0.00889022	0.035458	0.00260753	0.0172733	0.0144185	0.033317	0.230307	0.0421215	0.00527032	0.0369418	0.0123783	0.127858	0.261888	0.0358655	0.0399097	0.0406766	0.000636385	0.002992
183	0.0672777	0.0175695	0.0782869	0.14173	0.0225763	0.0392976	0.0250422	0.0392421	0.0685577	0.0616047	0.0162297	0.0540069	0.0139551	0.0837509	0.0566132	0.077056	0.0563337	0.0522124	0.0034469	0.0252101
184	0.158686	0.0183726	0.0639136	0.112445	0.00998428	0.0937089	0.0532554	0.0151398	0.0379393	0.0212381	0.00874294	0.0630307	0.0210324	0.0905354	0.0416678	0.108379	0.0373263	0.0189828	0.0119442	0.0136751
185	0.563297	0.0647366	0.00557039	0.00190374	0.0119759	0.0432423	0.00190462	0.0139482	0.00423146	0.0258728	0.00351363	0.00272452	0.00620295	0.00235019	0.00275666	0.111431	0.0780313	0.0537629	0.000676746	0.00186739
186	0.0174497	0.0108167	0.000311181	0.00066606	0.0471656	0.00177734	0.00105198	0.235224	0.000350459	0.401564	0.0687279	0.000827004	0.000505622	0.00302222	0.00174078	0.00445273	0.0233235	0.170389	0.00233209	0.00830248
187	0.13608	0.0241723	0.037049	0.0633233	0.0210317	0.0590162	0.023657	0.0331783	0.0623502	0.0314103	0.0144633	0.0583551	0.0101664	0.0500646	0.0427624	0.171996	0.0929879	0.051195	0.00495974	0.0117811
188	0.484399	0.0750079	0.0050369	0.00412856	0.0113307	0.0293813	0.00291341	0.0128497	0.0048492	0.0514792	0.00447381	0.00780938	0.00559915	0.00482213	0.00426108	0.0768489	0.134656	0.0765219	0.000911253	0.00272064
189	0.0180774	0.0108887	0.000329236	0.000582689	0.0471599	0.00142675	0.00107124	0.25666	0.000347686	0.373111	0.0660469	0.000737108	0.000636482	0.0026112	0.00173596	0.00394408	0.0243728	0.179778	0.00275596	0.00772785
190	0.329239	0.0830448	0.0108996	0.0146021	0.00443913	0.11357	0.004289	0.0169826	0.00863057	0.0270035	0.00342169	0.0212072	0.00512159	0.00491229	0.00341427	0.275343	0.0289514	0.0400438	0.000887995	0.00399554
191	0.271952	0.0482571	0.00438962	0.0213466	0.0319406	0.0336942	0.00976948	0.0402317	0.0348787	0.0167544	0.012607	0.0202715	0.00480474	0.0264944	0.0336129	0.199745	0.0960594	0.078296	0.00894995	0.00594482
192	0.0482141	0.0243172	0.000873429	0.00406898	0.00235921	0.00364922	0.00248734	0.245612	0.00186984	0.135985	0.0153507	0.00729718	0.00573515	0.0087883	0.00295739	0.0238262	0.0483333	0.417084	0.00033022	0.000861492
193	0.252346	0.0417784	0.00485341	0.0185529	0.0733141	0.0248317	0.00814644	0.0610859	0.0262767	0.0842311	0.0140024	0.0116463	0.00865175	0.0145852	0.0161066	0.128554	0.0571689	0.107101	0.0210111	0.0257554
