213	20
1	0.0428751	0.01975	0.00026866	0.000388698	0.0917859	0.00272262	0.000248064	0.238668	0.000373611	0.292686	0.0380083	0.000614342	0.000201966	0.000358424	0.000422285	0.014081	0.0214015	0.225521	0.00528989	0.0043352
2	0.243171	0.0411589	0.00486165	0.00600275	0.0108262	0.0254717	0.00645522	0.0339674	0.0121812	0.0404089	0.0534718	0.0202327	0.00878646	0.0101966	0.00550433	0.290541	0.125498	0.0519646	0.00293397	0.0063652
3	0.190519	0.0089251	0.000350174	0.000358254	0.0712881	0.0535878	0.000256725	0.157007	0.000582097	0.226627	0.0394311	0.000932268	0.000908236	0.000719232	0.000368276	0.038283	0.0477451	0.157948	0.0020528	0.00211056
4	0.0467828	0.0210063	0.000236458	0.000223669	0.0834978	0.00314728	0.000181043	0.2361	0.000360816	0.288593	0.0382598	0.000585016	0.00018345	0.000305177	0.000265818	0.0150703	0.0231817	0.235056	0.0035971	0.00336641
5	0.0361032	0.0128431	0.000294807	0.00360034	0.0946301	0.00421025	0.000396786	0.220666	0.00111373	0.324851	0.0547909	0.000775978	0.000288002	0.00165782	0.000773302	0.0126796	0.0253936	0.189876	0.00793629	0.00711984
6	0.0289552	0.0145927	0.00177162	0.0151135	0.0759045	0.00287548	0.00208058	0.170222	0.00793378	0.203728	0.129721	0.0035053	0.0017859	0.00828226	0.00125848	0.0116217	0.11666	0.19464	0.00195973	0.00738925
7	0.0890195	0.00276805	0.000476518	0.000532607	0.0270068	0.0332569	0.000504863	0.352949	0.000802437	0.256574	0.0247423	0.00118471	0.000657519	0.000819169	0.000576291	0.0110767	0.0120112	0.182225	0.00102222	0.00179487
8	0.189278	0.00829696	0.000355025	0.000362222	0.0694025	0.0536483	0.000271665	0.162149	0.000596461	0.231201	0.0385449	0.000924191	0.000927614	0.000730216	0.000365558	0.0371533	0.0460436	0.155861	0.00190191	0.00198628
9	0.35886	0.0703904	0.00104883	0.00113131	0.00198031	0.0180755	0.00237856	0.0157069	0.00169305	0.030532	0.0253284	0.0028962	0.00355403	0.00169587	0.00133083	0.376547	0.0527051	0.0317126	0.000841015	0.00159195
10	0.0462658	0.0210781	0.000245039	0.000229912	0.0840846	0.00308407	0.000239806	0.237069	0.000366917	0.289244	0.0378094	0.000625344	0.000192352	0.000355167	0.000270978	0.0149218	0.0228157	0.234175	0.00357606	0.00335017
11	0.202628	0.0136348	0.000422966	0.000407212	0.0822269	0.0589088	0.000298355	0.128141	0.000694192	0.177184	0.0405857	0.00176903	0.00220692	0.00120935	0.000589283	0.0497184	0.059502	0.172551	0.00421657	0.00310563
12	0.0239027	0.00828606	0.000344141	0.00187306	0.150631	0.00147963	0.000291066	0.238725	0.000427674	0.284125	0.0458326	0.0008073	0.000253552	0.000510516	0.00167285	0.0116263	0.0174738	0.176923	0.0196959	0.0151181
13	0.244163	0.00385769	0.00147892	0.00151927	0.14196	0.111425	0.00145928	0.0611105	0.00261309	0.11564	0.0228154	0.00326989	0.000991849	0.00221633	0.00160131	0.0596564	0.0160358	0.147469	0.0461335	0.0145838
14	0.0369943	0.0018037	0.0262508	0.00159588	0.0551323	0.00251938	0.0376315	0.0788011	0.00250089	0.0377641	0.0360573	0.00460208	0.00123294	0.0281783	0.00268379	0.0344057	0.39095	0.201255	0.00123612	0.0184044
15	0.00835948	0.00139157	0.00157741	0.00179947	0.00208139	0.0027985	0.00228185	0.00579423	0.468471	0.0063087	0.00381398	0.132126	0.00210151	0.0299827	0.279469	0.0236276	0.00733751	0.0168286	0.0011792	0.00266994
16	0.019882	0.00067176	0.0127788	0.000826036	0.00113254	0.891515	0.000662349	0.00211854	0.00628055	0.0024083	0.00155096	0.00615532	0.00077791	0.00602255	0.000661017	0.0322173	0.00250369	0.00499638	0.00584691	0.000992004
17	0.0119063	0.00113655	0.00102956	0.00327168	0.318569	0.00134761	0.000744727	0.15354	0.00232071	0.255836	0.0476206	0.00232726	0.000883021	0.00382301	0.00264043	0.0147394	0.0164885	0.0933056	0.0301308	0.0383389
18	0.0204903	0.00271159	0.147063	0.00636111	0.00259585	0.0095228	0.0176601	0.00756077	0.0615331	0.0127844	0.00357947	0.515218	0.00289486	0.0178304	0.0126643	0.0692929	0.0677552	0.0170294	0.000989993	0.00446207
19	0.00311435	0.000728894	0.000729733	0.000974907	0.423229	0.00107559	0.000721506	0.0201034	0.00713986	0.284663	0.0512083	0.00387525	0.000583161	0.0169667	0.00073776	0.00680791	0.00511677	0.0148386	0.0457314	0.111654
20	0.236694	0.00627066	0.00637165	0.00174387	0.00155404	0.475448	0.00146079	0.00685268	0.0039056	0.00584661	0.00283755	0.00748021	0.00449105	0.00374977	0.00131753	0.192013	0.021211	0.013627	0.00524159	0.00188249
21	0.00930364	0.00430111	0.0002744	0.000317734	0.0230215	0.000582808	0.00137605	0.548377	0.000369827	0.0990475	0.0373375	0.00442572	0.000176601	0.000345845	0.000287495	0.00436179	0.0153943	0.248329	0.00111104	0.00125848
22	0.0474372	0.00108534	0.217418	0.40695	0.00184647	0.00785391	0.0197314	0.0045588	0.0290854	0.00759765	0.00290258	0.0514899	0.00456786	0.0735225	0.0308029	0.0358253	0.0278042	0.0241776	0.00105752	0.0042856
23	0.0283139	0.00724519	0.00210215	0.00520304	0.346638	0.00996375	0.00677852	0.0689856	0.00641549	0.225583	0.0486318	0.00769498	0.00236646	0.0127543	0.00305875	0.0308283	0.023329	0.0558191	0.0290314	0.079258
24	0.0624281	0.00703724	0.0117337	0.00809258	0.0367373	0.0159814	0.0138131	0.113984	0.0122855	0.0782348	0.0432415	0.0221394	0.00481363	0.0240891	0.00834223	0.056317	0.277069	0.187519	0.00349221	0.0126496
25	0.0243717	0.00077139	0.0126412	0.00146015	0.00190478	0.875286	0.00189314	0.00281312	0.00688279	0.00314806	0.00164576	0.00687173	0.000666335	0.00685139	0.0017496	0.0343879	0.00348239	0.00587989	0.00565276	0.00164032
26	0.0232879	0.00084033	0.0126894	0.00186523	0.00128815	0.87436	0.00108852	0.00363073	0.00672325	0.00427376	0.00251664	0.00720479	0.00133498	0.00619135	0.000787971	0.0349506	0.00332216	0.00634377	0.00592943	0.00137127
27	0.0318723	0.0050801	0.00926207	0.00392092	0.0410858	0.00348195	0.0119838	0.182307	0.00322953	0.0937779	0.0514748	0.00530431	0.00151533	0.0127224	0.00211148	0.0197226	0.260241	0.238894	0.00202883	0.0199834
28	0.0175827	0.00116776	0.00132198	0.00304731	0.00477819	0.00255603	0.00165039	0.109634	0.00422243	0.478122	0.139533	0.0131666	0.00118177	0.0563161	0.00102536	0.0253862	0.0471126	0.0854787	0.00126129	0.00545557
29	0.0434568	0.0163218	0.000218784	0.000385123	0.0688905	0.00342476	0.000329609	0.279355	0.00048604	0.24164	0.0442354	0.00111249	0.000186761	0.00046056	0.000257393	0.015638	0.0281164	0.24948	0.00299872	0.00300669
30	0.0501649	0.00102634	0.207855	0.411083	0.00143021	0.00805126	0.0147026	0.00341235	0.0357632	0.00721098	0.00231572	0.0480471	0.00284415	0.0852401	0.0335736	0.0358218	0.0237448	0.0222251	0.000932758	0.00455526
31	0.0520611	0.0169495	0.000326022	0.00167878	0.0775509	0.00554646	0.000231605	0.214104	0.00159959	0.267441	0.0591619	0.000810474	0.000448821	0.00170067	0.000304964	0.0168361	0.0403176	0.235888	0.00320618	0.00383742
32	0.0687817	0.00143316	0.011926	0.0483103	0.00175031	0.104423	0.0650306	0.0170984	0.0794289	0.0205751	0.00421716	0.0939996	0.00144631	0.0937821	0.0650546	0.160277	0.136056	0.0185567	0.00073012	0.00712317
33	0.331309	0.00369767	0.00201567	0.00247138	0.0746098	0.00653963	0.00252554	0.058981	0.0091214	0.0213441	0.0310579	0.00806769	0.0871705	0.00407545	0.0111617	0.0408834	0.113808	0.139693	0.00198136	0.049485
34	0.0533407	0.00144817	0.00147867	0.0175043	0.00231678	0.00874851	0.00217195	0.0891026	0.0143011	0.102856	0.0377144	0.0304101	0.00104383	0.125428	0.00540358	0.101035	0.138656	0.263893	0.00113122	0.00201527
35	0.0433866	0.00467321	0.000555327	0.000577252	0.00103608	0.000829713	0.000550209	0.217642	0.000841233	0.0610554	0.00526236	0.000956133	0.0078396	0.000774586	0.000607423	0.00746996	0.00905486	0.635369	0.000400886	0.00111877
36	0.0417205	0.00375474	0.00697395	0.0123961	0.0105392	0.0155276	0.0132101	0.0877812	0.0204274	0.0537836	0.0243247	0.0315657	0.00310917	0.127965	0.0467917	0.107516	0.200573	0.18268	0.00199215	0.00736849
37	0.0920902	0.0210006	0.00208502	0.0194984	0.0429429	0.0129341	0.116625	0.00726218	0.0185337	0.0433745	0.0048901	0.191405	0.0285195	0.00382924	0.0161374	0.207915	0.0831946	0.0306138	0.00408212	0.0530665
38	0.0876587	0.0391548	0.00166554	0.00181788	0.280914	0.0318617	0.00155309	0.00698262	0.00291763	0.0633137	0.029641	0.0165577	0.00142676	0.0168312	0.00202117	0.129701	0.0343658	0.0363496	0.00224006	0.213026
39	0.0249513	0.000937858	0.0287889	0.00697385	0.00178756	0.832172	0.00117004	0.00310892	0.00952434	0.00399493	0.00219634	0.0130867	0.0019154	0.00930662	0.00230567	0.0387966	0.00561785	0.00607652	0.00555269	0.00173589
40	0.0940627	0.0045113	0.0246392	0.0419868	0.00261268	0.0763746	0.0179888	0.0313966	0.0319598	0.0137837	0.00889195	0.0736102	0.00338449	0.0403483	0.016	0.258578	0.221991	0.033188	0.00139228	0.00329953
41	0.0261441	0.00171678	0.220722	0.409643	0.00407351	0.00426591	0.0557052	0.00730057	0.00554683	0.0086851	0.00501728	0.0765141	0.00309932	0.0259748	0.0276804	0.025617	0.0502711	0.0371338	0.00180994	0.00307981
42	0.0316466	0.0130233	0.000237457	0.000724182	0.0831692	0.00267933	0.000290079	0.289919	0.000406958	0.269065	0.0385256	0.000827422	0.000171243	0.000427778	0.000789638	0.0121954	0.0195159	0.220963	0.00944763	0.00597471
43	0.0170579	0.00114532	0.00129368	0.00289418	0.00477316	0.0026035	0.00172931	0.109397	0.00385954	0.48197	0.142331	0.0135175	0.00112195	0.0557161	0.00101047	0.0251796	0.0462095	0.081466	0.001289	0.00543517
44	0.00902203	0.00467957	0.000274014	0.000281375	0.0217075	0.000481521	0.00128701	0.566162	0.000394488	0.078881	0.0353623	0.00457203	0.000182779	0.000337369	0.00026148	0.004148	0.0160192	0.254341	0.000491077	0.00111477
45	0.0322418	0.00256963	0.0226205	0.0206955	0.00256144	0.0311823	0.0264911	0.0281407	0.136635	0.0512657	0.00501992	0.0660872	0.00501802	0.0764001	0.269399	0.116247	0.0664455	0.0350385	0.00111942	0.00482126
46	0.0139103	0.00432316	0.00101909	0.0110101	0.0293233	0.00391547	0.0019965	0.129252	0.00865103	0.446513	0.157845	0.00479289	0.00126805	0.0178545	0.00106728	0.0101178	0.044768	0.0925922	0.00332753	0.0164531
47	0.0159918	0.00393607	0.00314788	0.0110532	0.0384655	0.00375737	0.00268959	0.188048	0.0645334	0.195483	0.12653	0.00542328	0.0225791	0.0456832	0.00260067	0.0101995	0.0338931	0.215672	0.00257095	0.00774246
48	0.0122837	0.00141542	0.00404183	0.00447233	0.00261575	0.0164289	0.0264821	0.0485006	0.126078	0.101307	0.00499193	0.0541083	0.00162811	0.0857774	0.348481	0.0551431	0.037598	0.0654903	0.00084197	0.00231336
49	0.0379601	0.00734027	0.0846728	0.01977	0.0017371	0.0270696	0.0149012	0.0128621	0.186034	0.00618959	0.00391835	0.136952	0.0126106	0.0459508	0.0724789	0.231974	0.0819094	0.0069646	0.000930219	0.00777398
50	0.043882	0.00212118	0.00257001	0.0106303	0.00355667	0.0171032	0.00343417	0.0931627	0.0100942	0.0850418	0.0403648	0.0446589	0.00273461	0.0840268	0.00566356	0.119629	0.157627	0.26936	0.00134716	0.00299231
51	0.0543443	0.00122282	0.218548	0.376679	0.00202363	0.00750654	0.0210642	0.00466309	0.0261911	0.00739701	0.00321101	0.0656263	0.00377887	0.0631552	0.0274119	0.0483857	0.0347009	0.0292923	0.00127781	0.00352036
52	0.0219772	0.00389857	0.00384591	0.0047945	0.183654	0.00621134	0.00275345	0.166088	0.00563635	0.0974723	0.0794206	0.00912576	0.00238519	0.00611392	0.00526138	0.0658566	0.0168973	0.109097	0.0486556	0.160855
53	0.0181229	0.00415151	0.000374656	0.000481831	0.0135331	0.000463764	0.00100803	0.417864	0.000837631	0.0575816	0.0232845	0.00338545	0.00204908	0.000504433	0.000351349	0.00653555	0.0123273	0.435809	0.000358118	0.000975821
54	0.0480899	0.00186371	0.0115874	0.000951484	0.00257721	0.834006	0.000702953	0.00357957	0.00551173	0.00467089	0.00210518	0.00569315	0.000864195	0.0053194	0.000842868	0.0498404	0.00655708	0.00779678	0.00552838	0.00191151
55	0.377507	0.00843244	0.00195219	0.00207248	0.00417217	0.0592544	0.00200719	0.0116163	0.00157068	0.00833927	0.00476801	0.00620592	0.0344299	0.00231423	0.00122637	0.427032	0.0294354	0.0130608	0.00140543	0.00319748
56	0.0973394	0.00332494	0.0291661	0.0533116	0.0047811	0.0398538	0.0251289	0.0188293	0.092501	0.017422	0.00901066	0.103899	0.00455118	0.141946	0.0319373	0.203154	0.0762368	0.0393422	0.00198525	0.00627874
57	0.0218163	0.00417796	0.000442589	0.000479358	0.0113441	0.00066634	0.000848543	0.379194	0.000602109	0.0545689	0.0191294	0.00278205	0.00299558	0.000487373	0.000372094	0.00783135	0.0112627	0.479685	0.000343557	0.00097085
58	0.0430601	0.00128077	0.0123717	0.00183135	0.00147587	0.838167	0.000815156	0.00311423	0.00651673	0.00360688	0.0018865	0.00740476	0.00130996	0.00617059	0.0012536	0.0499833	0.00573828	0.00688654	0.0056789	0.00144734
59	0.0860467	0.000874005	0.175369	0.308447	0.00159384	0.0150668	0.00137243	0.00318906	0.0853819	0.0101478	0.00203598	0.0381879	0.00240912	0.141484	0.046103	0.0519315	0.0128462	0.00930687	0.000661516	0.007545
60	0.0480535	0.00103976	0.210912	0.414916	0.00147163	0.00758456	0.0151513	0.00352394	0.0357094	0.00708217	0.00229147	0.0488305	0.00210502	0.0856633	0.0320446	0.0342478	0.0232049	0.0208023	0.000904823	0.00446036
61	0.0114258	0.00731523	0.00113949	0.0135921	0.0837604	0.00232631	0.00385368	0.0962598	0.00374277	0.462996	0.178996	0.00214033	0.0006982	0.00532287	0.00140296	0.0108208	0.0188186	0.0762091	0.00562462	0.013555
62	0.282535	0.00204399	0.00228518	0.0020628	0.0696037	0.00341505	0.00193415	0.0895833	0.0490262	0.0401032	0.0378997	0.00464827	0.00976969	0.00342706	0.080373	0.0103429	0.140746	0.103327	0.00155191	0.0653213
63	0.0426502	0.00692188	0.0921251	0.0238119	0.00160172	0.0326942	0.018282	0.0170435	0.159748	0.00810888	0.00377444	0.152782	0.00813695	0.0516034	0.0460623	0.225184	0.0916187	0.00950427	0.000916549	0.00743034
64	0.283901	0.00858634	0.00456065	0.00132546	0.00193942	0.393108	0.00105551	0.00819384	0.00304048	0.00633238	0.0036566	0.0061947	0.00440921	0.00307026	0.00110057	0.216331	0.0277753	0.0179939	0.00587634	0.00154968
65	0.221563	0.0149678	0.00055374	0.000483112	0.0719736	0.0722177	0.000432233	0.126896	0.000877095	0.175902	0.0376146	0.00202151	0.00325605	0.00184922	0.000635598	0.0472096	0.0515643	0.163124	0.00401337	0.00284561
66	0.00693687	0.00241057	0.00147566	0.00223768	0.0100156	0.0121133	0.00396098	0.0789469	0.0229071	0.575605	0.1756	0.0035156	0.000862207	0.00600412	0.00122044	0.00786495	0.0305091	0.0201627	0.0112147	0.0264361
67	0.493791	0.00985143	0.000642592	0.000673338	0.00121638	0.137594	0.000987442	0.00918087	0.001008	0.00626776	0.00327842	0.00244591	0.00476056	0.00100883	0.000703245	0.269005	0.0316795	0.019488	0.00532033	0.00109675
68	0.0374377	0.0143231	0.00048521	0.0059552	0.0684903	0.00328881	0.000424338	0.199167	0.0037805	0.269858	0.0839949	0.00148657	0.000977272	0.00543556	0.00050101	0.012822	0.0588287	0.22547	0.00265707	0.00461678
69	0.108654	0.0015514	0.000492519	0.000513266	0.0390317	0.042289	0.000423875	0.302592	0.000774511	0.306817	0.0311333	0.00109315	0.0003737	0.000833567	0.000556173	0.0142069	0.0126145	0.13444	0.000731109	0.00087874
70	0.147666	0.0157912	0.000288491	0.000382813	0.0877779	0.0343122	0.000224442	0.158167	0.000526666	0.210319	0.0450127	0.00081832	0.00052747	0.000489657	0.000304185	0.0349405	0.04858	0.207262	0.00312837	0.00348158
71	0.330493	0.0831156	0.0017153	0.00161686	0.00366628	0.0186988	0.00211937	0.0166316	0.00206576	0.0443322	0.0364612	0.00414223	0.00410873	0.00227269	0.00147999	0.323816	0.0653609	0.0539222	0.00117086	0.00281016
72	0.0735624	0.0189519	0.000219342	0.000397006	0.0785711	0.0125697	0.00019659	0.208734	0.000441722	0.269451	0.045044	0.000648657	0.000219134	0.000445157	0.000262826	0.0235176	0.0339033	0.226468	0.00336674	0.00303073
73	0.11888	0.00124831	0.000468702	0.000473698	0.0411262	0.0450322	0.000346846	0.292399	0.000731831	0.299349	0.0302807	0.00102213	0.00032173	0.000783254	0.000543269	0.0159514	0.0146627	0.135125	0.000433958	0.000820016
74	0.265844	0.177954	0.00246606	0.00265144	0.00528417	0.055795	0.00239864	0.0173205	0.00368155	0.0793843	0.0432096	0.00526161	0.00341	0.00417667	0.00284371	0.195502	0.0575012	0.0695616	0.00199912	0.00375568
75	0.0236972	0.00950407	0.000666715	0.00621861	0.0561538	0.00230812	0.000916378	0.324875	0.00415943	0.183161	0.0919619	0.00343616	0.00115917	0.00422508	0.000636035	0.00857013	0.0543782	0.217405	0.00199536	0.00457286
76	0.00522685	0.00976224	0.00107167	0.0106174	0.0588989	0.00242504	0.00580309	0.0610597	0.00344343	0.519341	0.241267	0.00254077	0.000716493	0.0032625	0.00118408	0.012777	0.00909387	0.0396729	0.00163921	0.0101974
77	0.109484	0.000705329	0.00065375	0.000611177	0.0233777	0.0450286	0.000541818	0.351171	0.000976849	0.263183	0.0215458	0.00141726	0.000764886	0.000962089	0.00067169	0.0132415	0.0100712	0.153976	0.000521818	0.00109452
78	0.0443836	0.0159294	0.00285367	0.00454504	0.311416	0.0131622	0.0086621	0.0423613	0.00745259	0.159758	0.0436526	0.0121726	0.00221656	0.0171848	0.00636994	0.0585778	0.022396	0.0430868	0.0273706	0.156448
79	0.0332233	0.00582131	0.000314156	0.000360313	0.031313	0.00907211	0.000863899	0.44752	0.000510551	0.172728	0.0340631	0.00270995	0.000432613	0.000464626	0.000366687	0.00731819	0.0151509	0.234367	0.00164173	0.00175853
80	0.472795	0.0129872	0.000581505	0.00067803	0.00119566	0.194761	0.000738549	0.0102541	0.000852207	0.00763931	0.00222932	0.00403066	0.00126516	0.00115972	0.00064737	0.199816	0.0469488	0.0298491	0.0104876	0.00108412
81	0.0138294	0.000637652	0.000435803	0.00337129	0.245152	0.000794032	0.000371409	0.19481	0.000664301	0.256172	0.0539219	0.00116513	0.000334268	0.000743472	0.0030789	0.0123551	0.0145146	0.132086	0.0342955	0.0312674
82	0.0247809	0.00223529	0.0220987	0.0361649	0.00689571	0.0192119	0.0301849	0.0298109	0.153403	0.0574703	0.00680507	0.0550303	0.0048785	0.0942725	0.313422	0.057059	0.0339571	0.0418297	0.00258531	0.00790472
83	0.0306982	0.0109938	0.00196059	0.00382045	0.363665	0.00970996	0.009239	0.0332186	0.00718343	0.197554	0.0431197	0.0109339	0.00204557	0.016944	0.00431333	0.0428757	0.0166546	0.0314837	0.029785	0.133802
84	0.0776093	0.00115293	0.164261	0.341359	0.00195154	0.0130167	0.00385421	0.00383039	0.0680332	0.00976603	0.00221609	0.0422328	0.00382625	0.139651	0.039182	0.0523828	0.0156931	0.0124951	0.000856455	0.00663009
85	0.0271018	0.00200911	0.0138119	0.00324515	0.243859	0.00300615	0.00159043	0.0508136	0.016874	0.213942	0.0580836	0.0165599	0.00115033	0.0161317	0.0022332	0.0190107	0.0147441	0.0310539	0.140429	0.124351
86	0.0130471	0.00137565	0.00206791	0.00165665	0.00208497	0.00321175	0.00575652	0.00996644	0.396867	0.0150279	0.00474284	0.100122	0.00380816	0.0311826	0.334511	0.0338469	0.0119898	0.0248472	0.00123549	0.00265196
87	0.00348622	0.000926043	0.000760925	0.00296336	0.405407	0.00153476	0.000842482	0.0209387	0.00689702	0.296021	0.0556287	0.00402162	0.00062825	0.0181007	0.000745341	0.00705804	0.0052821	0.0156619	0.0428918	0.110204
88	0.501048	0.0102761	0.000608323	0.000662013	0.0011318	0.189292	0.00067241	0.00884257	0.000910011	0.0062974	0.00190243	0.00336835	0.00185168	0.00101603	0.000659901	0.199001	0.0379851	0.0254905	0.00802943	0.000955538
89	0.0516263	0.0200119	0.000203344	0.000228222	0.080836	0.00473332	0.000179326	0.224364	0.000341425	0.274829	0.0433205	0.000623743	0.000166008	0.000311185	0.000216409	0.0183709	0.0299171	0.242655	0.0036987	0.0033672
90	0.404618	0.00915042	0.000789017	0.000830247	0.00138084	0.119806	0.0013462	0.0106137	0.00131062	0.00570955	0.00389329	0.00259178	0.00938915	0.00132376	0.000828323	0.380798	0.0280839	0.0136296	0.0028151	0.00109253
91	0.472113	0.0130315	0.000545443	0.000621741	0.00114154	0.185118	0.000721618	0.0104855	0.000877516	0.00682877	0.00238109	0.00401664	0.00152682	0.00101818	0.000618849	0.209094	0.0481939	0.0319742	0.00882554	0.000865944
92	0.0409347	0.00451439	0.000522709	0.000567043	0.00424764	0.00116025	0.000612912	0.260274	0.000897692	0.065386	0.0105768	0.00136806	0.00649799	0.000743747	0.000576671	0.00871272	0.00994546	0.580806	0.000440437	0.00121503
93	0.084337	0.0089274	0.000281594	0.000306336	0.0564371	0.0247342	0.000235829	0.252395	0.000443815	0.315678	0.0371631	0.000631736	0.00018914	0.000401541	0.000327734	0.0160187	0.0198402	0.178101	0.00200775	0.00154263
94	0.411973	0.0085109	0.000829805	0.000927342	0.00165983	0.0626874	0.00182268	0.0109471	0.00123454	0.00563131	0.0048567	0.00278017	0.0151658	0.0012401	0.000893512	0.426575	0.0282938	0.0111401	0.00137249	0.00145796
95	0.0938163	0.00819806	0.00391537	0.00728548	0.024124	0.0150631	0.00483095	0.0903505	0.00964259	0.285852	0.103367	0.047846	0.00988407	0.0282968	0.00484498	0.0497937	0.0652699	0.130647	0.00481125	0.0121614
96	0.154883	0.0148973	0.000292211	0.000292539	0.0874624	0.0378807	0.0002311	0.155413	0.000517786	0.20794	0.0443349	0.000822269	0.000512839	0.000511815	0.000321528	0.0361598	0.0493393	0.201841	0.00316816	0.00317876
97	0.0489482	0.0041427	0.0175252	0.0560888	0.108405	0.00906441	0.279586	0.0197505	0.0368066	0.0313607	0.014933	0.0570411	0.00425683	0.0823964	0.0486001	0.0357175	0.0347205	0.0251947	0.012634	0.0728276
98	0.0217324	0.00205029	0.22057	0.0564373	0.00324168	0.00564652	0.0112103	0.00758713	0.0287813	0.0120881	0.00439546	0.476599	0.00205295	0.0203698	0.0109155	0.0454242	0.0488829	0.0172583	0.00128897	0.00346746
99	0.0455066	0.0044568	0.000547456	0.000672866	0.0010657	0.00169772	0.00052975	0.225847	0.000859215	0.063412	0.00521041	0.000951481	0.00855122	0.000915983	0.000623222	0.00758133	0.00899564	0.621041	0.000403968	0.00113031
100	0.00826818	0.00514644	0.000268821	0.000316879	0.0202045	0.000491351	0.00128793	0.573776	0.000402234	0.074065	0.0329404	0.00476003	0.000205199	0.000365559	0.000276401	0.00408288	0.016639	0.254929	0.000460949	0.00111337
101	0.0137618	0.00492783	0.00024602	0.000289109	0.0262883	0.0012774	0.00117153	0.533171	0.000331613	0.103454	0.037278	0.00389678	0.00017396	0.000329531	0.000279432	0.00490927	0.0156105	0.250241	0.000894839	0.00146819
102	0.0595182	0.00315785	0.00577911	0.00212603	0.0120818	0.00417101	0.00714574	0.181658	0.00303681	0.0363464	0.0144035	0.00507148	0.00462841	0.00862518	0.00280336	0.0169477	0.268246	0.35523	0.0013897	0.00763364
103	0.030344	0.0164458	0.000314392	0.00170287	0.0664736	0.00264299	0.00123889	0.193319	0.000882249	0.386593	0.0743546	0.000701061	0.000266679	0.000942378	0.000409102	0.012271	0.0196877	0.18326	0.00347064	0.00468105
104	0.217013	0.00516309	0.00727352	0.00212133	0.0025976	0.572781	0.000940198	0.00957148	0.00368945	0.0100333	0.00327823	0.00519529	0.0022124	0.00443984	0.00144248	0.106035	0.0207519	0.0178978	0.00603693	0.001527
105	0.0485732	0.0209643	0.0002169	0.000218877	0.0834861	0.00357456	0.000186496	0.233391	0.000341139	0.284533	0.0393629	0.000585667	0.000179228	0.000308609	0.000239919	0.0157886	0.0244285	0.236524	0.00360046	0.00349595
106	0.00544401	0.000938463	0.000627621	0.00357511	0.370124	0.00109506	0.000788754	0.0572184	0.0054282	0.295032	0.0588126	0.00303925	0.000545805	0.0133788	0.00110954	0.00806599	0.00761482	0.0372117	0.0388618	0.0910885
107	0.426131	0.0125758	0.000842128	0.00103053	0.0014735	0.0429061	0.0020089	0.0135944	0.00134051	0.00714285	0.00645144	0.00211217	0.00994287	0.00133039	0.000867189	0.431075	0.0263326	0.0105076	0.00102312	0.00131196
108	0.0165081	0.000916875	0.000513406	0.00343941	0.235772	0.000887847	0.000458366	0.194149	0.000838717	0.266529	0.0495279	0.00115739	0.000370513	0.000824365	0.00322436	0.0117559	0.0137909	0.130261	0.036587	0.0324885
109	0.0089284	0.00197541	0.00217554	0.00214441	0.464051	0.00318075	0.00213582	0.0497842	0.00536197	0.239562	0.0413619	0.00467534	0.00118203	0.00965179	0.00200285	0.0340797	0.0366243	0.022648	0.0201874	0.0482869
110	0.0460857	0.00189369	0.0037002	0.0553935	0.00622968	0.137332	0.0848728	0.0131837	0.07144	0.0170132	0.00507128	0.0551997	0.00143397	0.168765	0.0932689	0.109864	0.0921766	0.0147575	0.00194135	0.0203775
111	0.0151465	0.00119154	0.000763433	0.00922787	0.206187	0.000998255	0.000698949	0.205238	0.00199845	0.238641	0.0611004	0.00194693	0.000759275	0.00238408	0.00607805	0.0129927	0.0169592	0.141249	0.0394857	0.0369532
112	0.152658	0.00224746	0.137276	0.182795	0.00370513	0.0206494	0.00394117	0.00737303	0.0196002	0.00951168	0.00567696	0.0101714	0.171865	0.0796397	0.0217752	0.0955126	0.0594363	0.0109791	0.00170801	0.00347954
113	0.0161393	0.00697322	0.000508912	0.000640308	0.0549944	0.00124746	0.00114924	0.465217	0.000909404	0.115997	0.0433509	0.004162	0.000581044	0.000582881	0.000398247	0.00780034	0.0192009	0.253096	0.00325612	0.00379589
114	0.0101075	0.00136787	0.230814	0.00158851	0.00228139	0.0020983	0.00666105	0.00492742	0.0141935	0.00970226	0.00321334	0.608551	0.00112318	0.00652127	0.00150011	0.0310385	0.0470502	0.0144592	0.000975251	0.00182647
115	0.0700246	0.016954	0.00771201	0.0151996	0.0566668	0.01642	0.00621814	0.0954438	0.0157431	0.290239	0.075083	0.0202701	0.00755113	0.021877	0.012362	0.102027	0.0537863	0.0925877	0.00642077	0.0174136
116	0.0967784	0.00257436	0.0206726	0.0028663	0.00426044	0.0101623	0.002487	0.027164	0.0205777	0.00895492	0.00687041	0.0394883	0.0341201	0.00401825	0.00263625	0.0516641	0.646147	0.0133988	0.0014013	0.00375729
117	0.0445815	0.0106403	0.000409232	0.000539023	0.0540626	0.00642096	0.000994058	0.371446	0.000688015	0.151128	0.0448975	0.00295349	0.000520427	0.000850618	0.000483725	0.0165507	0.0325674	0.256373	0.00176404	0.00212961
118	0.0158823	0.00499613	0.000270772	0.000342343	0.0303695	0.00256091	0.00107797	0.514263	0.000367348	0.125307	0.0365611	0.0037092	0.000189663	0.000401907	0.00034781	0.00541419	0.015356	0.239025	0.00177947	0.00177757
119	0.292946	0.0158739	0.00236854	0.00415963	0.0389858	0.0664659	0.00329448	0.0838367	0.0059055	0.0894608	0.028531	0.00703371	0.0106595	0.00689667	0.00753146	0.107265	0.0593366	0.150795	0.0072059	0.0114474
120	0.499778	0.0108167	0.000586635	0.000645725	0.001138	0.19389	0.000683837	0.00901736	0.000888088	0.00660759	0.00197508	0.00363356	0.00138667	0.00102955	0.000631203	0.190483	0.0401136	0.0271561	0.00852712	0.00101324
121	0.0274616	0.00897378	0.000339485	0.000367381	0.0365205	0.00312109	0.000741939	0.387544	0.000485101	0.190327	0.031791	0.00191598	0.000776835	0.00053078	0.000325881	0.00844166	0.0184753	0.275551	0.00222444	0.00408563
122	0.00801031	0.00621264	0.00113619	0.00892002	0.0366048	0.00480989	0.00538802	0.0785248	0.00803077	0.536168	0.207078	0.00337821	0.000783547	0.00741616	0.00108817	0.0103436	0.018881	0.0402773	0.00373406	0.0132149
123	0.190592	0.0107727	0.00881027	0.00970675	0.00790967	0.0303191	0.00831927	0.0303221	0.0108953	0.0219377	0.0203375	0.0248067	0.00718887	0.0122375	0.00510883	0.206369	0.317422	0.0684872	0.00305484	0.00540353
124	0.0365547	0.00535933	0.000494475	0.00045014	0.00852362	0.00134207	0.0005916	0.267182	0.000675097	0.0863996	0.0104282	0.00134375	0.00588844	0.000630056	0.000478218	0.00719273	0.0101343	0.554321	0.000639613	0.00137038
125	0.031751	0.00758004	0.000275378	0.00070167	0.0419584	0.00569559	0.00111994	0.421891	0.000524367	0.174641	0.0446883	0.00297369	0.000246386	0.000508239	0.000333615	0.0086456	0.0184986	0.232685	0.00248622	0.00279611
126	0.0310792	0.00128453	0.0121175	0.000913914	0.00352825	0.849938	0.000611527	0.00789762	0.00595287	0.00751546	0.00343678	0.0065453	0.000948879	0.00574567	0.000837344	0.0378294	0.00530875	0.0098886	0.00556333	0.00305682
127	0.0312633	0.012911	0.00152654	0.00274432	0.363969	0.0103132	0.00414246	0.0321423	0.00614851	0.196544	0.0432531	0.00864164	0.00104792	0.0157841	0.00213596	0.0453627	0.015162	0.0306326	0.0302056	0.14607
128	0.277526	0.0247631	0.00723256	0.00988429	0.00937292	0.0536988	0.00808546	0.0256	0.0109813	0.0279057	0.019213	0.0195186	0.0104664	0.0105701	0.00605533	0.308421	0.121011	0.0397041	0.00390146	0.00608974
129	0.0189751	0.00575456	0.000338239	0.000334656	0.0309818	0.00327209	0.00101349	0.489998	0.000373909	0.139053	0.0351304	0.00332581	0.000353593	0.000394666	0.000363195	0.00580373	0.0155282	0.245175	0.00189586	0.00193423
130	0.0253474	0.00353403	0.159421	0.00861448	0.0068241	0.00921172	0.012392	0.015754	0.0335953	0.0208181	0.00785556	0.512365	0.00509429	0.0160875	0.0119625	0.05257	0.0614559	0.0271973	0.00299092	0.00690823
131	0.0534781	0.00150838	0.217107	0.380393	0.00210075	0.00952475	0.01843	0.0046185	0.035303	0.00850259	0.00344504	0.0501064	0.00854374	0.0783891	0.0312894	0.0396905	0.0282003	0.0234258	0.00116752	0.00477639
132	0.0447194	0.00745697	0.012998	0.0117878	0.00540211	0.0162932	0.0176576	0.0553008	0.0725901	0.0278158	0.0441907	0.0760179	0.00410682	0.026284	0.0123345	0.319686	0.203781	0.0339224	0.00208026	0.00557499
133	0.0224157	0.00676329	0.000314749	0.000441351	0.0255141	0.00191504	0.00090445	0.450904	0.000660736	0.108093	0.0290726	0.00318933	0.00174728	0.000660889	0.000376628	0.00660486	0.0171515	0.320497	0.00120754	0.00156659
134	0.0330684	0.00441132	0.000474355	0.000563418	0.00650722	0.000858356	0.000736362	0.280569	0.000879965	0.0592504	0.0112879	0.00206	0.00514828	0.00074246	0.000571996	0.00739139	0.0103416	0.573587	0.00040933	0.00114041
135	0.0307929	0.00410197	0.000493245	0.000607727	0.00498487	0.000674585	0.000743489	0.283086	0.000793727	0.0510896	0.0106456	0.00162526	0.00492917	0.000625188	0.000487207	0.00734638	0.00874925	0.587012	0.000356576	0.000855453
136	0.0892512	0.042475	0.00164785	0.00176376	0.283663	0.0323396	0.00155799	0.00697966	0.0030724	0.0593643	0.0312408	0.0183344	0.00228696	0.0149368	0.00202655	0.135308	0.0325223	0.0346969	0.00185201	0.20468
137	0.0521756	0.0033625	0.206261	0.179229	0.0078223	0.0322083	0.0148387	0.0139951	0.0431647	0.0201289	0.0112592	0.178416	0.0105073	0.054548	0.0262599	0.0613677	0.0444476	0.0260196	0.00632404	0.00766502
138	0.0213877	0.00172497	0.00667672	0.00549681	0.00273702	0.00875027	0.0124048	0.0220988	0.26959	0.0407951	0.00658812	0.069983	0.0056751	0.0436633	0.365043	0.0545799	0.0265653	0.0317752	0.00128997	0.00317463
139	0.0103592	0.00432546	0.000259261	0.000283721	0.0229233	0.000512215	0.00129965	0.5516	0.000346776	0.0864102	0.0375844	0.00439384	0.000276596	0.000325116	0.000272995	0.00437041	0.0153278	0.257248	0.000657966	0.00122401
140	0.0306263	0.00351301	0.0156991	0.0217828	0.010596	0.011347	0.0226182	0.031022	0.179434	0.0540067	0.0115274	0.0595143	0.00618136	0.05345	0.341747	0.0630511	0.0320699	0.040516	0.00277005	0.00852722
141	0.0534437	0.00107259	0.20659	0.398896	0.00181615	0.00818349	0.0163961	0.00408326	0.0367503	0.0073992	0.0029942	0.0499164	0.00681836	0.0831967	0.0321913	0.0377255	0.0251927	0.0213844	0.000970735	0.00497906
142	0.0387853	0.00227558	0.127319	0.00328115	0.00449425	0.00514953	0.00825901	0.0118103	0.0151468	0.0361678	0.00749729	0.520007	0.00175808	0.0243429	0.00410163	0.0257018	0.103159	0.0552833	0.00188656	0.00357386
143	0.0257056	0.00646928	0.000475007	0.0039112	0.179846	0.00268796	0.000385727	0.203372	0.00150157	0.273494	0.0594331	0.00120228	0.000464548	0.00192532	0.00184002	0.0130743	0.0233442	0.160161	0.0205948	0.0201115
144	0.0142732	0.00133096	0.00540069	0.00543929	0.002579	0.0129445	0.0224483	0.0548906	0.11531	0.112016	0.00565296	0.0524818	0.00143749	0.0773335	0.347188	0.059933	0.0377421	0.0683839	0.00106072	0.00215518
145	0.0669946	0.00239456	0.0255592	0.00874636	0.00375086	0.00688668	0.0113919	0.0891292	0.192616	0.0748591	0.0237453	0.0469976	0.00656352	0.0225185	0.192183	0.129644	0.0431227	0.047655	0.00157776	0.00366484
146	0.00830731	0.00639618	0.000335094	0.000367015	0.0189615	0.000461557	0.00131442	0.581743	0.00049029	0.0652661	0.0306505	0.00591489	0.000328836	0.000473185	0.000495849	0.00433861	0.0186763	0.254069	0.000305748	0.00110458
147	0.0152743	0.00886682	0.000438175	0.000353069	0.0381152	0.001228	0.00150835	0.496827	0.000498762	0.100794	0.0475743	0.0063123	0.000239704	0.000429964	0.000300048	0.00843236	0.0267537	0.24356	0.0010154	0.00147836
148	0.0100738	0.00139517	0.232066	0.00159412	0.00229168	0.00205814	0.00662481	0.00493575	0.0141174	0.00954456	0.00321063	0.60832	0.00112206	0.00644012	0.00149192	0.0310113	0.0466583	0.0141916	0.000987138	0.0018659
149	0.0448891	0.00217418	0.034706	0.0575565	0.00304181	0.0206866	0.0216309	0.180872	0.0461924	0.10814	0.00686696	0.113118	0.00131034	0.0482433	0.0520722	0.119315	0.051715	0.0835578	0.00119999	0.00271179
150	0.423378	0.0105132	0.000815155	0.00098685	0.00144726	0.0422031	0.0019736	0.0117012	0.00131442	0.00615717	0.00584111	0.00200884	0.0111465	0.00129415	0.000904186	0.442584	0.0246768	0.00920155	0.000638151	0.00121539
151	0.0126151	0.00548	0.000275102	0.00032485	0.0269575	0.000991966	0.00111234	0.516799	0.000402859	0.117732	0.0384918	0.00388079	0.000214885	0.000745502	0.000280358	0.00519213	0.0175929	0.248124	0.00120841	0.00157856
152	0.0590312	0.00309079	0.0122643	0.0168345	0.00491333	0.0246953	0.0321698	0.0490231	0.0536576	0.0366362	0.0320205	0.0864447	0.00314991	0.0449827	0.0156884	0.221908	0.243638	0.0550306	0.00131826	0.00350346
153	0.0934084	0.00100283	0.169063	0.293817	0.00175902	0.0170505	0.0014888	0.0032625	0.0763528	0.0116124	0.0022099	0.0369211	0.0111672	0.145423	0.0457953	0.0565417	0.0164083	0.00926017	0.000731098	0.00672503
154	0.0558795	0.00579401	0.00911525	0.00770107	0.0179196	0.0123588	0.00867941	0.0731419	0.0119639	0.0577645	0.0732697	0.0661969	0.00758327	0.0347704	0.00553642	0.071788	0.247339	0.218973	0.00312116	0.0111037
155	0.00507968	0.00885118	0.00103929	0.0107579	0.0585184	0.00257665	0.00577799	0.0636482	0.00359326	0.522541	0.237192	0.00259419	0.00069886	0.00318224	0.00112044	0.0114915	0.00966662	0.0391524	0.00183416	0.0106847
156	0.0679807	0.00173588	0.0137784	0.045427	0.00221983	0.0991062	0.0632104	0.0175593	0.0757991	0.0217325	0.00434425	0.09674	0.00186026	0.0884161	0.0622328	0.177208	0.133947	0.0185337	0.0008797	0.00728853
157	0.0328985	0.00353061	0.0133822	0.0175723	0.00866841	0.0149343	0.0202678	0.036409	0.160111	0.0595103	0.0115161	0.0532649	0.00666604	0.0553956	0.346739	0.0632142	0.0387544	0.0450144	0.00324395	0.00890681
158	0.108467	0.0129263	0.0155464	0.0137355	0.0154958	0.0338777	0.0160484	0.0401469	0.0271438	0.0325778	0.0220011	0.0422652	0.0126543	0.0234573	0.0142316	0.186149	0.31742	0.053151	0.0030188	0.00968621
159	0.00983994	0.00421576	0.000263283	0.000290563	0.02281	0.000510974	0.00129552	0.555613	0.000342791	0.0877729	0.0378066	0.00437684	0.000172171	0.000328006	0.000271691	0.00420696	0.0152988	0.252612	0.000696918	0.00127472
160	0.0215833	0.004533	0.00121453	0.00133204	0.0169397	0.00225526	0.0124941	0.524207	0.00213157	0.0629241	0.101128	0.0171523	0.00104124	0.00253131	0.00103688	0.00777404	0.0161694	0.200191	0.00103906	0.00232249
161	0.0819357	0.00703522	0.0144654	0.00862174	0.0197336	0.0199524	0.0101873	0.07162	0.0165473	0.0451175	0.0268506	0.0338723	0.0131504	0.0200109	0.00682994	0.0750088	0.428539	0.0885627	0.00236213	0.0095966
162	0.22021	0.0139414	0.00658597	0.0108206	0.00910679	0.0299428	0.045865	0.0553584	0.0201384	0.0256558	0.0202593	0.0357751	0.00747739	0.0181254	0.010658	0.296842	0.129128	0.0339546	0.00295405	0.0072009
163	0.2108	0.011601	0.000503554	0.000459858	0.079804	0.0751421	0.000295485	0.125582	0.000858392	0.178009	0.0386592	0.00148763	0.00161441	0.00112957	0.000531611	0.0473798	0.053524	0.164369	0.00516606	0.00308358
164	0.0907004	0.142597	0.00455314	0.00446249	0.00908682	0.0126364	0.0045576	0.0561207	0.00852975	0.107518	0.0938323	0.0112042	0.0034825	0.00725733	0.00477092	0.25839	0.135539	0.0351533	0.0029708	0.0066379
165	0.0595717	0.0110695	0.00639255	0.00414264	0.0840116	0.0107597	0.00879629	0.157989	0.00315299	0.18082	0.0505353	0.004319	0.00162768	0.00867745	0.0020537	0.0252703	0.156746	0.208673	0.00434716	0.0110439
166	0.0195782	0.00280343	0.00151925	0.0931572	0.0905722	0.00256387	0.00170585	0.10302	0.00907422	0.373924	0.122522	0.00293504	0.0016539	0.0228431	0.00193612	0.00759488	0.0406552	0.0741259	0.00190585	0.0259098
167	0.059533	0.0154379	0.000230535	0.000892764	0.0797167	0.00870748	0.000233127	0.228276	0.000634447	0.294617	0.0496575	0.00068376	0.000239471	0.000689839	0.000316798	0.0149173	0.0254199	0.213594	0.00317299	0.00302955
168	0.0820585	0.00697861	0.00464117	0.00552228	0.016118	0.0122417	0.00503036	0.0566359	0.00915802	0.0531979	0.0999932	0.0210876	0.00581877	0.0269635	0.00523673	0.102036	0.119707	0.356147	0.00322529	0.00820286
169	0.044294	0.00543806	0.000552386	0.000558067	0.00409149	0.00102003	0.000514047	0.217068	0.000822491	0.0688512	0.00716438	0.000953703	0.00737591	0.000749564	0.000589252	0.00800715	0.00969683	0.620661	0.00051456	0.00107821
170	0.189435	0.00889766	0.000348077	0.000363363	0.0712742	0.0535444	0.000247804	0.157911	0.00057653	0.227368	0.0393816	0.000916272	0.000874699	0.000703302	0.000369637	0.0381565	0.0475431	0.157966	0.00200836	0.00211439
171	0.391816	0.0525646	0.00105446	0.00103384	0.00182211	0.022882	0.00242229	0.0167395	0.00142651	0.0231259	0.0237314	0.00257485	0.00387468	0.00154908	0.00122063	0.366728	0.0527483	0.0302186	0.00106834	0.00139837
172	0.00909705	0.00656019	0.000891601	0.00837371	0.0426581	0.00301937	0.00443425	0.0869978	0.00514988	0.507705	0.201494	0.00333584	0.000805512	0.0098545	0.000891095	0.0108974	0.0232154	0.061508	0.00249136	0.0106201
173	0.00311435	0.000728894	0.000729733	0.000974907	0.423229	0.00107559	0.000721506	0.0201034	0.00713986	0.284663	0.0512083	0.00387525	0.000583161	0.0169667	0.00073776	0.00680791	0.00511677	0.0148386	0.0457314	0.111654
174	0.0144866	0.00116354	0.00042049	0.00311572	0.240113	0.000830683	0.000366533	0.196896	0.000642967	0.258769	0.052225	0.00107895	0.000324329	0.000720621	0.00291584	0.012229	0.0147545	0.13574	0.0330822	0.0301247
175	0.00313196	0.000711526	0.000715453	0.000953635	0.422798	0.00109777	0.000718015	0.020395	0.0072236	0.285734	0.0509304	0.00377802	0.00054854	0.0173099	0.000753316	0.00685783	0.00537097	0.0151249	0.0450848	0.110763
176	0.245826	0.00688198	0.00667408	0.00126998	0.00320688	0.546534	0.00082977	0.0082754	0.00331102	0.00840934	0.00304185	0.00582483	0.00161072	0.0036744	0.000990864	0.10502	0.0218663	0.01846	0.00678568	0.00150763
177	0.0281023	0.00134398	0.0125074	0.00201667	0.00210191	0.85755	0.00204246	0.00372092	0.00673658	0.00529595	0.00285596	0.00843349	0.00132925	0.00692786	0.0014841	0.0376912	0.00499017	0.00740865	0.00579525	0.00166559
178	0.172602	0.00223135	0.131145	0.148194	0.00383315	0.0233054	0.00197267	0.00744852	0.0215146	0.00983734	0.00597449	0.00730245	0.183402	0.0834018	0.0230224	0.10276	0.0567922	0.00990013	0.00196398	0.00339589
179	0.203984	0.0111129	0.00144567	0.0019004	0.0107521	0.0303964	0.00159224	0.0782594	0.00252857	0.140154	0.0365614	0.0348882	0.045949	0.0107411	0.00204995	0.103615	0.132797	0.144854	0.00110177	0.00531676
180	0.006653	0.00447183	0.00104001	0.00441812	0.0237252	0.00564128	0.00473928	0.0813163	0.00921464	0.581603	0.180691	0.00363702	0.000564801	0.00928969	0.000950749	0.00972254	0.0191451	0.0342253	0.00479498	0.0141558
181	0.0435009	0.00184696	0.0160803	0.0725136	0.0906033	0.00584463	0.3289	0.00572711	0.0448792	0.00634031	0.00384035	0.0622605	0.00137616	0.111681	0.0657712	0.0205706	0.00674265	0.00658654	0.0137224	0.0912117
182	0.0743628	0.0102155	0.00841523	0.0391874	0.017532	0.170517	0.023999	0.0147989	0.0157852	0.0250738	0.0105485	0.178764	0.0412754	0.00868857	0.00883258	0.20741	0.0375717	0.0247685	0.0332869	0.0489672
183	0.0161	0.00437571	0.00132186	0.00413056	0.331865	0.00350162	0.00104058	0.085415	0.00499247	0.27447	0.0531147	0.0035575	0.000816509	0.0107008	0.00139965	0.0162531	0.0159518	0.0665102	0.0328839	0.0715992
184	0.414292	0.00931173	0.000823953	0.00103059	0.00152101	0.0425286	0.00199109	0.0116115	0.00134156	0.00601389	0.00530847	0.00210509	0.0119124	0.00131914	0.000923686	0.454519	0.0235753	0.00797109	0.000671571	0.00122907
185	0.0295447	0.00465023	0.00117746	0.0610778	0.0693936	0.00178131	0.00076228	0.147382	0.0121198	0.272946	0.132457	0.00229636	0.00192181	0.0169974	0.00138893	0.00557244	0.0891632	0.132036	0.0015715	0.0157596
186	0.169016	0.00535363	0.0119834	0.0078216	0.00741014	0.0512634	0.00425597	0.0291002	0.0144079	0.0157633	0.012041	0.0273434	0.0152626	0.00931209	0.00588928	0.0780522	0.495151	0.0313344	0.00285424	0.00638422
187	0.00530631	0.00625511	0.00126944	0.00517215	0.0371057	0.00433998	0.00909612	0.0640733	0.00654897	0.559737	0.218685	0.00300213	0.000808933	0.00575861	0.00111817	0.0108297	0.0135412	0.0317716	0.00372242	0.0118583
188	0.0161425	0.00235983	0.00045408	0.00342247	0.231765	0.000926075	0.000406769	0.198679	0.000861958	0.26197	0.0525299	0.00100406	0.000367892	0.00113652	0.00264706	0.0121925	0.0163906	0.139135	0.0300073	0.0276021
