217	20
1	0.0353684	0.00124338	0.34583	0.139636	0.00176097	0.0424625	0.0544302	0.00249469	0.0518516	0.0071284	0.00802424	0.158322	0.00854859	0.0340461	0.0237029	0.0464477	0.0243707	0.00655053	0.00376174	0.00401913
2	0.00641525	0.00116429	0.00165119	0.00690296	0.106351	0.00208294	0.00752671	0.0325289	0.0193025	0.583093	0.105071	0.00327566	0.0056353	0.0187633	0.0112928	0.0107503	0.00990491	0.0518689	0.00112053	0.0152983
3	0.148613	0.0144381	0.0906498	0.0931584	0.00453656	0.150763	0.00738142	0.0194089	0.0415908	0.0280678	0.00746014	0.0304502	0.0362179	0.0328741	0.0130765	0.210165	0.0493802	0.0203702	0.000562328	0.000835381
4	0.0379492	0.00175466	0.0262903	0.0721862	0.00375003	0.0488231	0.0227175	0.00782228	0.298489	0.0313887	0.031864	0.0935192	0.00723986	0.0891068	0.139046	0.0290529	0.0429305	0.0139544	0.00164172	0.000473529
5	0.00739242	0.00243764	0.00299689	0.0127676	0.0498431	0.00431489	0.00303084	0.294096	0.00732959	0.340016	0.037063	0.00606109	0.00258143	0.00701412	0.00665195	0.00732232	0.0166623	0.177869	0.00385173	0.0106985
6	0.152311	0.0165799	0.0861602	0.0936508	0.00855554	0.152203	0.00893515	0.0210623	0.0406017	0.0348551	0.00649754	0.0428559	0.0411479	0.0286277	0.0193162	0.152988	0.0656166	0.0238753	0.0006485	0.00351197
7	0.145195	0.0126497	0.0923529	0.13801	0.00451686	0.128891	0.00815143	0.0196719	0.05479	0.0289616	0.00620614	0.0338926	0.0401773	0.0475132	0.0186489	0.140113	0.0547039	0.0239181	0.000981505	0.000655942
8	0.0732089	0.000819893	0.104485	0.364149	0.00112464	0.0263517	0.0176712	0.00994208	0.0896406	0.0183366	0.0061703	0.0196947	0.00727002	0.167437	0.0274914	0.00671988	0.0372263	0.01546	0.00532168	0.0014783
9	0.0537301	0.00214602	0.0436664	0.0690258	0.00601914	0.0434598	0.0276161	0.0150745	0.262002	0.0232466	0.0204254	0.0745043	0.0148548	0.0621882	0.156209	0.0559846	0.0465305	0.0200637	0.00201886	0.00123373
10	0.157414	0.0150697	0.0900138	0.104583	0.00512187	0.144949	0.00629485	0.0222326	0.0457888	0.031733	0.00627081	0.0355035	0.0477761	0.0307388	0.0154906	0.157422	0.0581657	0.024252	0.000504349	0.000675056
11	0.0766557	0.000831178	0.101124	0.355733	0.00119785	0.0246027	0.0176972	0.0110828	0.0902229	0.0200005	0.00723991	0.0185584	0.00774434	0.169205	0.0287926	0.00642297	0.0392102	0.0164177	0.0058912	0.00137019
12	0.224535	0.00325601	0.00284623	0.00443134	0.00354794	0.0171905	0.00472734	0.105325	0.0146306	0.0273692	0.024531	0.0147881	0.00248802	0.0044979	0.0156787	0.0663192	0.399853	0.0608383	0.00176541	0.00138142
13	0.0108611	0.00157098	0.00243845	0.00453062	0.0300468	0.00301679	0.00733319	0.016052	0.0288674	0.45762	0.303313	0.00428653	0.00334506	0.0158791	0.0367652	0.00747924	0.0155528	0.0464384	0.00169658	0.00290705
14	0.148738	0.0109469	0.131122	0.112	0.00451561	0.125093	0.0195013	0.016146	0.0408602	0.0253485	0.0105909	0.056218	0.0359892	0.0290191	0.0154452	0.148575	0.0488813	0.0184706	0.00104553	0.00149421
15	0.0391663	0.00319427	0.02195	0.0801343	0.0132482	0.00541195	0.0114522	0.0934557	0.143762	0.120713	0.054844	0.0142897	0.00273368	0.117128	0.154811	0.0144405	0.0320051	0.072539	0.00287619	0.00184542
16	0.00571089	0.00114206	0.00175433	0.0074279	0.108857	0.00207975	0.00733332	0.0505028	0.0199342	0.589156	0.0765309	0.00298189	0.00609305	0.0201076	0.00783124	0.0108982	0.00780923	0.0555501	0.00105029	0.0172491
17	0.0401771	0.00127208	0.291811	0.159424	0.00115106	0.0465676	0.0581222	0.00188198	0.0586942	0.00706253	0.00899755	0.159768	0.00882372	0.0391905	0.0275556	0.0474213	0.0274065	0.00630302	0.00431153	0.00405842
18	0.0439362	0.00114166	0.275414	0.177429	0.00109221	0.0436245	0.053777	0.00243494	0.0639874	0.00820576	0.00888593	0.142485	0.00908343	0.0510377	0.0286222	0.0426957	0.0304833	0.00702669	0.00462077	0.00401705
19	0.435709	0.00638091	0.0167482	0.0277265	0.00682592	0.11414	0.00859201	0.0174692	0.0123726	0.0148729	0.00708859	0.0153359	0.0276349	0.0101828	0.0228892	0.133056	0.0478388	0.0718198	0.00176381	0.00155352
20	0.0609923	0.0650016	0.0166713	0.013002	0.224727	0.0262671	0.0295526	0.0404801	0.00933153	0.0930481	0.0309302	0.0284542	0.00948172	0.0170345	0.0215316	0.081279	0.0517685	0.0619334	0.00576576	0.112747
21	0.0746102	0.000909852	0.0989576	0.361613	0.00112683	0.0252944	0.0182542	0.0101593	0.0904287	0.0188463	0.00623986	0.0184495	0.0071473	0.172027	0.0288986	0.00650305	0.0381755	0.0158904	0.00518911	0.00127969
22	0.0420037	0.0011353	0.234464	0.138916	0.00174468	0.0435037	0.0524557	0.00303578	0.112706	0.00826406	0.0114626	0.147512	0.00880381	0.0477487	0.053858	0.04602	0.0315935	0.00787283	0.00370491	0.00319509
23	0.0397422	0.0180372	0.0185726	0.0352598	0.0477571	0.0158848	0.0236105	0.0590561	0.0222339	0.171982	0.0554483	0.0225306	0.0200205	0.0350525	0.0378474	0.0280795	0.0428311	0.177832	0.117449	0.0107727
24	0.142619	0.0151509	0.070232	0.0778023	0.0188526	0.146971	0.0180069	0.0266891	0.0567421	0.0428716	0.0157829	0.0424285	0.0346582	0.0331479	0.0308135	0.117978	0.0606563	0.0358167	0.00389063	0.00889003
25	0.0501149	0.0579413	0.0135441	0.0117279	0.255315	0.0205037	0.0296194	0.0417547	0.00739422	0.0914564	0.030155	0.0278326	0.00985724	0.0181244	0.0207975	0.0681052	0.0452965	0.0628284	0.006757	0.130874
26	0.0119446	0.0127777	0.00511799	0.00684864	0.242297	0.00599837	0.0192081	0.0473636	0.0126689	0.331491	0.0505105	0.00792927	0.00551336	0.0161123	0.0125688	0.0150925	0.0169024	0.0681915	0.00514596	0.106317
27	0.0289884	0.00846962	0.0139672	0.0850728	0.0135999	0.013632	0.0139083	0.0233646	0.0217085	0.0899724	0.228881	0.0167909	0.0106902	0.243745	0.0237529	0.0225931	0.0257657	0.0352362	0.0749367	0.00492429
28	0.0692744	0.0235509	0.0472414	0.0426919	0.0327901	0.0310825	0.117225	0.0288212	0.0578768	0.064735	0.0216482	0.0440943	0.0268077	0.0653925	0.0546393	0.0727761	0.11734	0.0476361	0.0106014	0.0237754
29	0.109309	0.00912363	0.122628	0.162232	0.00597242	0.114392	0.0185	0.0162581	0.0655779	0.0293023	0.0092431	0.0516771	0.0288243	0.0563581	0.0263802	0.100154	0.0459475	0.021499	0.00349817	0.00312327
30	0.0058267	0.00106154	0.00141991	0.00581771	0.0190926	0.0041292	0.00238546	0.409226	0.00181489	0.196094	0.0335445	0.00193223	0.00154055	0.00234513	0.00554262	0.00328472	0.0181712	0.277965	0.000785381	0.00802015
31	0.189581	0.00555664	0.137254	0.11814	0.00480008	0.03345	0.00658698	0.0118695	0.0172176	0.0163654	0.0056378	0.0396825	0.222963	0.0188602	0.0100151	0.108504	0.0342171	0.0159365	0.00180504	0.00155747
32	0.0961982	0.00347743	0.106916	0.0970907	0.00645033	0.0350364	0.0437712	0.0369482	0.0939548	0.124864	0.0343109	0.0116973	0.00514557	0.0373699	0.012862	0.015955	0.132723	0.0756327	0.00362269	0.0259743
33	0.0418941	0.00104159	0.27426	0.251688	0.0015271	0.040116	0.0368126	0.00388033	0.0624524	0.00975445	0.0073818	0.0970972	0.0108737	0.0655209	0.0208904	0.028121	0.0242484	0.00728697	0.00787878	0.00727473
34	0.00635936	0.00122371	0.0018777	0.00806113	0.118409	0.00260713	0.00773401	0.0314923	0.0217826	0.614828	0.0602994	0.00359258	0.00680416	0.0206641	0.00555849	0.0120174	0.00598498	0.0498869	0.00126367	0.0195531
35	0.0111545	0.00157544	0.00236349	0.00481559	0.0287924	0.00305582	0.00741982	0.0173047	0.0283854	0.4535	0.302762	0.00438823	0.00329026	0.0154644	0.0375116	0.00771821	0.0163496	0.0493606	0.00211285	0.00267451
36	0.0388111	0.00116528	0.295059	0.17071	0.00109063	0.0470688	0.0557787	0.00181416	0.0564418	0.00692613	0.00856167	0.156895	0.00874573	0.0385342	0.0258464	0.0462861	0.0256514	0.00600217	0.00435775	0.00425404
37	0.0488773	0.000656412	0.0353752	0.0713883	0.00329408	0.0377521	0.0257052	0.00808853	0.314088	0.0123383	0.0202309	0.0842827	0.00886154	0.0688013	0.15865	0.040566	0.0458387	0.0135255	0.00138034	0.000299576
38	0.0455695	0.00773407	0.00190708	0.00307257	0.0195188	0.0110898	0.00624272	0.144715	0.0052152	0.111733	0.0985575	0.00437131	0.0103415	0.00327058	0.00720618	0.00717126	0.0364003	0.472015	0.00185662	0.00201139
39	0.0465997	0.00105713	0.034713	0.0857047	0.0041294	0.0338513	0.0244123	0.0116115	0.302165	0.022118	0.0217096	0.0713487	0.00867881	0.0770065	0.158371	0.0337677	0.0423972	0.018125	0.00155043	0.000683001
40	0.0483685	0.000637234	0.0353217	0.0709323	0.00325203	0.0385377	0.0261187	0.00767895	0.316638	0.0115391	0.0198351	0.0837548	0.00911129	0.0686186	0.158198	0.0413085	0.045223	0.0132838	0.00134821	0.000295422
41	0.0171331	0.00220332	0.00208947	0.00502692	0.0468231	0.00332239	0.011258	0.0275134	0.0186875	0.455983	0.217194	0.0056239	0.0056079	0.0130832	0.0347255	0.0117519	0.0317986	0.0833638	0.00321262	0.00359867
42	0.219082	0.054879	0.0089183	0.00604251	0.0482534	0.0451212	0.00601318	0.0674247	0.00629331	0.00997379	0.0304751	0.0925095	0.00633932	0.0128661	0.00764922	0.233437	0.0915661	0.0484244	0.00156152	0.00317075
43	0.137677	0.00740971	0.0475238	0.0774702	0.00703964	0.0840222	0.0140419	0.038967	0.139304	0.0257882	0.0120478	0.0588191	0.0394163	0.046693	0.062307	0.0988286	0.0434757	0.0561664	0.00153011	0.0014722
44	0.0479035	0.000905004	0.0299413	0.0640104	0.00309493	0.0336975	0.0232888	0.00754563	0.315001	0.0146845	0.0264444	0.0870619	0.00749717	0.0725184	0.169167	0.0333768	0.0478204	0.0141538	0.0014463	0.000440398
45	0.161688	0.019026	0.0806324	0.0887847	0.00939736	0.138729	0.00603267	0.0258557	0.0392861	0.0340209	0.00672659	0.0452874	0.0406314	0.0274545	0.0175709	0.15842	0.0684318	0.029153	0.000589719	0.00228232
46	0.0976731	0.00642241	0.0394367	0.0661381	0.0336792	0.0706416	0.00942564	0.0503451	0.0764682	0.223334	0.0205894	0.0469588	0.0200556	0.0388348	0.024276	0.082171	0.0328663	0.0552729	0.00205121	0.00336028
47	0.0472747	0.00200074	0.278866	0.157196	0.00130494	0.0534291	0.0552199	0.00285853	0.0578257	0.00869742	0.00928978	0.149858	0.0110784	0.0383042	0.0268173	0.0546422	0.0297161	0.0075283	0.0041642	0.00392902
48	0.102047	0.0206135	0.00178871	0.00294357	0.0348468	0.0262614	0.00282052	0.142129	0.00898001	0.124257	0.135547	0.00348481	0.0042792	0.0025605	0.00873606	0.00583243	0.042914	0.326522	0.00179873	0.00163678
49	0.0497911	0.00272865	0.299229	0.133503	0.00355344	0.0482489	0.0469921	0.00734163	0.061219	0.0140726	0.0106676	0.134551	0.0166772	0.0383634	0.029604	0.0532008	0.0296922	0.0115904	0.00467662	0.00429697
50	0.0431454	0.0146457	0.0299554	0.0485741	0.053188	0.0245935	0.0354881	0.0436242	0.033903	0.132449	0.0514898	0.0316636	0.037984	0.0662237	0.0413635	0.0407047	0.045019	0.092565	0.120624	0.0127967
51	0.0795008	0.00944887	0.0624883	0.163346	0.0220024	0.0477881	0.0156617	0.0891006	0.0630234	0.0845221	0.0238654	0.0272489	0.0295975	0.0722737	0.0353334	0.0533186	0.0429342	0.0648305	0.00522905	0.00848626
52	0.151086	0.0639963	0.0585587	0.0349071	0.0361023	0.0729673	0.0218533	0.0406651	0.0152519	0.0264273	0.0137435	0.053382	0.0226166	0.0213076	0.0197643	0.210852	0.0932769	0.023951	0.00146868	0.0178223
53	0.214727	0.00644554	0.00382024	0.00579613	0.00704281	0.017562	0.0047612	0.104849	0.0132561	0.0260732	0.02253	0.0244012	0.0040394	0.0053752	0.0218342	0.0828589	0.363495	0.0677966	0.00166826	0.00166758
54	0.0102905	0.0275279	0.00579893	0.00664402	0.347616	0.00527835	0.0277802	0.0493047	0.0047736	0.138343	0.0306888	0.00557087	0.00348407	0.013508	0.0135392	0.0106354	0.0189527	0.0750021	0.00692152	0.198341
55	0.00644618	0.0196965	0.00391729	0.00465841	0.394857	0.00345714	0.0336523	0.0315119	0.0036537	0.108119	0.0266983	0.00458769	0.00255143	0.0144043	0.0143077	0.00494659	0.0189543	0.0594726	0.00289629	0.241211
56	0.00823094	0.00259142	0.00188067	0.00616405	0.0235403	0.00444568	0.00291071	0.352401	0.00240997	0.188474	0.0334502	0.00217538	0.00176957	0.00266643	0.00568627	0.00387944	0.0167743	0.32414	0.00321968	0.0131899
57	0.0273072	0.00420602	0.00746878	0.011026	0.00639393	0.011233	0.191271	0.0112628	0.0704703	0.0692873	0.00999018	0.0279691	0.00551922	0.185311	0.142075	0.0546828	0.069393	0.0599599	0.03217	0.00300386
58	0.020676	0.0126001	0.0386611	0.0166522	0.23787	0.00968699	0.0141435	0.0809335	0.0139131	0.192412	0.0247473	0.0468565	0.00707074	0.0128656	0.0152758	0.0174625	0.0207103	0.122271	0.0594144	0.0357773
59	0.0535452	0.00179867	0.00308091	0.0125635	0.00565758	0.0119516	0.0201997	0.015225	0.0108362	0.052433	0.00417555	0.0175033	0.503074	0.0452829	0.0166336	0.108285	0.084201	0.0176975	0.0141241	0.0017311
60	0.136672	0.0151232	0.118959	0.113386	0.00448097	0.131947	0.0129389	0.018997	0.0445249	0.0276785	0.00651574	0.0522986	0.043386	0.0353454	0.0162363	0.146358	0.0521187	0.0206937	0.000939183	0.00140043
61	0.0280011	0.0036276	0.046987	0.0680028	0.0156392	0.0117481	0.0105195	0.157515	0.0850901	0.208361	0.0677891	0.0903626	0.00615542	0.0219631	0.0218716	0.0451474	0.0196114	0.0844183	0.0037584	0.00343146
62	0.152755	0.0167566	0.0890452	0.101565	0.00590024	0.139116	0.00643036	0.0260642	0.0422479	0.0307816	0.00656757	0.0377601	0.0556419	0.0300843	0.0144929	0.159536	0.0602714	0.0234252	0.000581067	0.000977886
63	0.0747508	0.000760987	0.100474	0.358936	0.00113141	0.0251014	0.0181307	0.0103625	0.0916029	0.0189836	0.00637718	0.0190884	0.00740924	0.169494	0.02954	0.00663879	0.0388243	0.0158244	0.00527078	0.00129864
64	0.230977	0.00265988	0.00296748	0.00445065	0.00392364	0.0134809	0.00479714	0.108597	0.017642	0.0345549	0.0304672	0.0129535	0.00252381	0.00470538	0.0140626	0.0640357	0.369681	0.0742684	0.00165344	0.00159892
65	0.0516952	0.0109698	0.00195298	0.00442667	0.0299799	0.0185651	0.00288114	0.254679	0.00592816	0.183103	0.0996679	0.00350044	0.00375086	0.0027637	0.00804638	0.00615719	0.0312983	0.273079	0.00204576	0.0055091
66	0.0502701	0.000746443	0.0412099	0.0720739	0.00428632	0.037415	0.0323064	0.0080842	0.299975	0.0119531	0.0200971	0.0847591	0.0115401	0.068664	0.152797	0.0395445	0.0470598	0.0150744	0.00173304	0.000410753
67	0.0731602	0.000786517	0.106624	0.364706	0.00109425	0.0251241	0.0173192	0.00982755	0.0892631	0.0183004	0.00607624	0.0182242	0.0074414	0.168232	0.0275784	0.00636978	0.0372025	0.0156786	0.00542836	0.00156352
68	0.0069061	0.0200966	0.00415231	0.00474325	0.393775	0.00432343	0.032766	0.0314154	0.00400786	0.108695	0.0262677	0.00488018	0.00275914	0.0141957	0.0154164	0.0054718	0.0188735	0.0590816	0.00295799	0.239215
69	0.165647	0.0170549	0.00456791	0.00916595	0.0235915	0.0408257	0.00694095	0.132823	0.0158861	0.0651709	0.0695934	0.00993879	0.00661346	0.00858013	0.0494466	0.0277612	0.0691798	0.272448	0.00256344	0.00220126
70	0.155974	0.0152133	0.0896404	0.103776	0.00518546	0.146238	0.00628828	0.0220905	0.0463368	0.0321039	0.00626091	0.035534	0.0448745	0.0315607	0.0158272	0.158832	0.0584721	0.024629	0.00050133	0.000661032
71	0.0651785	0.00098035	0.0678247	0.248956	0.00225738	0.0304439	0.0240409	0.0100857	0.171724	0.0183156	0.0119731	0.0411023	0.00791231	0.13563	0.0836244	0.0172565	0.0399453	0.0187282	0.00335628	0.000665096
72	0.0830163	0.0165361	0.00166348	0.00306547	0.0294269	0.0203153	0.00345254	0.151492	0.00750917	0.143655	0.126791	0.00351176	0.00444452	0.00265769	0.00876701	0.00617667	0.0407977	0.342223	0.0026197	0.00187938
73	0.0475149	0.00240076	0.0104444	0.0509468	0.024967	0.00461967	0.0183388	0.0858785	0.163133	0.113333	0.0406299	0.00847978	0.00282678	0.0675423	0.207518	0.0137386	0.0487322	0.0856129	0.00174233	0.00159986
74	0.0488727	0.000620086	0.0344612	0.0720043	0.00324091	0.0389632	0.0256359	0.00846694	0.314888	0.0123716	0.0207413	0.0846102	0.00919685	0.0689692	0.154507	0.0402713	0.0459992	0.0145496	0.00133631	0.000294771
75	0.00784986	0.00271588	0.00284011	0.0120163	0.119252	0.00275822	0.00713929	0.0358278	0.0184237	0.571713	0.0743399	0.00516155	0.00598486	0.0179434	0.00920021	0.0114689	0.00928607	0.0618737	0.00452192	0.0196839
76	0.311017	0.0164291	0.0368259	0.0448883	0.0157936	0.115807	0.0091102	0.0211926	0.0186512	0.0212013	0.00865691	0.0287543	0.0308354	0.0172458	0.0185793	0.182359	0.0530443	0.0433954	0.00137602	0.00483747
77	0.128835	0.0112278	0.130275	0.130284	0.00417463	0.126797	0.017569	0.0171959	0.0507764	0.0263603	0.00735776	0.0582578	0.033932	0.035668	0.0181924	0.131532	0.0488814	0.0198146	0.00142269	0.00144553
78	0.035732	0.00204971	0.0264054	0.0965497	0.00423401	0.0252293	0.0195894	0.0181534	0.26775	0.0470794	0.0279086	0.0636185	0.00588335	0.107551	0.169081	0.0213843	0.0360468	0.0234418	0.00155112	0.000760445
79	0.0115322	0.00212965	0.0018107	0.00629367	0.0573453	0.00238047	0.00670657	0.0475348	0.0155754	0.506044	0.150266	0.00478003	0.00512852	0.0180889	0.0204694	0.011412	0.0264857	0.0951857	0.00377737	0.00705274
80	0.100587	0.00705036	0.0690865	0.0381811	0.0162285	0.119082	0.0159623	0.0259317	0.027574	0.250605	0.0695237	0.0280649	0.0170743	0.0225482	0.0183266	0.0925831	0.0376599	0.0324639	0.00495872	0.00650819
81	0.0390329	0.00118107	0.294301	0.16998	0.001077	0.0472988	0.0558967	0.00182241	0.0565982	0.00697445	0.00861676	0.157123	0.00872105	0.0385487	0.0259349	0.046513	0.0258061	0.00599281	0.00433719	0.00424409
82	0.114552	0.0249446	0.00247918	0.00324087	0.0351667	0.0319676	0.00348652	0.146846	0.0081981	0.107693	0.116771	0.00299203	0.00386762	0.00280907	0.0108393	0.00584607	0.0426325	0.332259	0.00144754	0.00196147
83	0.026145	0.00458733	0.00235955	0.00611699	0.0550171	0.00646263	0.00638464	0.0990336	0.012216	0.364409	0.161917	0.00812416	0.00746355	0.0104857	0.0164755	0.01951	0.0373682	0.147068	0.00266752	0.00618774
84	0.144993	0.0230882	0.0903688	0.0923884	0.00956643	0.140407	0.00979496	0.0202752	0.0395517	0.0304551	0.00651982	0.0331015	0.0388024	0.0330363	0.0155276	0.188933	0.0567544	0.0206228	0.000720947	0.00509267
85	0.072555	0.00301935	0.0981072	0.300336	0.00264559	0.0335965	0.0188413	0.0146085	0.0961461	0.0306935	0.0106906	0.0264971	0.00993238	0.145556	0.04445	0.0201029	0.0451799	0.0200267	0.0050093	0.00200558
86	0.0392594	0.00682525	0.0211353	0.0303824	0.0582276	0.0214647	0.0159108	0.0608278	0.0350292	0.321463	0.0653329	0.072623	0.015251	0.0248975	0.0300536	0.038091	0.0379907	0.0813273	0.0123302	0.011577
87	0.0161042	0.00357943	0.00240334	0.00563412	0.0519921	0.0041161	0.00746491	0.0439671	0.0183866	0.468679	0.187127	0.00574799	0.00509593	0.014485	0.0240494	0.0107974	0.0246408	0.0945147	0.00549782	0.00571725
88	0.126463	0.0160285	0.11317	0.0951087	0.00801225	0.147792	0.016548	0.0181173	0.0445765	0.0312488	0.00915798	0.0470293	0.0336065	0.0338312	0.0186174	0.163591	0.0517238	0.0204634	0.00131925	0.00359594
89	0.00931807	0.00178159	0.00237201	0.00746558	0.0991578	0.00276664	0.00831904	0.0363168	0.018262	0.561407	0.104305	0.00452077	0.00543881	0.0176382	0.0129069	0.0115855	0.0130756	0.065507	0.0017554	0.0160997
90	0.0965952	0.0960176	0.0439675	0.0105261	0.0554999	0.0465675	0.0851653	0.00871755	0.00420834	0.0444708	0.00459426	0.0368539	0.0156712	0.0314434	0.0482339	0.159791	0.13267	0.0085018	0.0019389	0.068566
91	0.00646539	0.0013874	0.00152684	0.00631956	0.0242469	0.00450546	0.00208402	0.414034	0.00239199	0.217982	0.038309	0.00255235	0.00172014	0.00289614	0.00573086	0.00452742	0.0204097	0.233632	0.000996874	0.00828232
92	0.048779	0.000728738	0.0328423	0.0678558	0.00332463	0.0343482	0.0238174	0.0080079	0.318553	0.0135129	0.0226487	0.0812338	0.00799077	0.0689788	0.165863	0.0360993	0.0484338	0.0151992	0.00135406	0.000429331
93	0.0489239	0.000662939	0.0367974	0.0714608	0.00326244	0.038404	0.0263042	0.00764719	0.313575	0.0115882	0.0199443	0.0850287	0.00912339	0.0687717	0.157044	0.0409614	0.0454827	0.0133538	0.0013637	0.000300881
94	0.535436	0.00289087	0.00369044	0.0196057	0.00411822	0.0284059	0.0108666	0.00943131	0.00569109	0.0125763	0.00530317	0.00621671	0.00773916	0.00540427	0.0408929	0.115432	0.0645273	0.117963	0.00186275	0.00194674
95	0.00861196	0.00643513	0.00394615	0.00838458	0.18708	0.00363062	0.0126566	0.0420965	0.0164464	0.457959	0.061552	0.00560646	0.00804823	0.0171315	0.0107846	0.0107685	0.0122512	0.0617816	0.00460063	0.0602281
96	0.0967385	0.0964829	0.044271	0.0101947	0.0553416	0.0462773	0.083752	0.00882765	0.00422417	0.044098	0.0046506	0.0372726	0.0156117	0.0311773	0.0480008	0.161776	0.13387	0.0083967	0.00183676	0.0671993
97	0.279118	0.00651377	0.0515648	0.057265	0.00753365	0.0605038	0.00969699	0.0154019	0.0174471	0.0196284	0.00591769	0.0231358	0.198989	0.0226401	0.0179768	0.122648	0.0435634	0.0353929	0.00302152	0.00204114
98	0.166582	0.0494743	0.00928573	0.00737399	0.0993194	0.0299379	0.0113132	0.0628296	0.0120745	0.013432	0.0394953	0.146252	0.00666598	0.0122095	0.00857872	0.191224	0.0942252	0.0337039	0.00249332	0.00352974
99	0.0123916	0.0185947	0.00443713	0.00580181	0.296068	0.00461043	0.0220427	0.0693024	0.00618291	0.176931	0.0529787	0.00511453	0.00331607	0.0119095	0.0118726	0.00738805	0.0176489	0.10405	0.00573125	0.163627
100	0.343767	0.0114841	0.0301049	0.0403703	0.0110186	0.139832	0.0107582	0.0224834	0.0205703	0.0222772	0.00975604	0.0216326	0.0328731	0.0162494	0.0214286	0.131186	0.054589	0.0530641	0.00198757	0.00456806
101	0.176204	0.00969539	0.00685781	0.0126169	0.014215	0.0209019	0.00925042	0.104952	0.0164459	0.0438133	0.0295438	0.0287006	0.0197394	0.00990699	0.0195649	0.100862	0.277434	0.0930701	0.00294732	0.00327893
102	0.0838005	0.00604864	0.0596112	0.0808122	0.00636143	0.0668958	0.0244391	0.0199804	0.19919	0.0296717	0.0182846	0.0647675	0.0231866	0.0544041	0.0936578	0.088916	0.0509025	0.0251787	0.00218852	0.00170264
103	0.0569736	0.0299791	0.00591673	0.00859393	0.113464	0.0158588	0.0094221	0.106262	0.00788978	0.161101	0.0759418	0.00842268	0.00485164	0.00750961	0.0144238	0.00898793	0.0308271	0.278515	0.0138806	0.0411779
104	0.255863	0.0312886	0.0274945	0.0280876	0.0313175	0.0598321	0.0100291	0.042297	0.0164172	0.0169005	0.0191644	0.0719678	0.0245656	0.0176521	0.0168642	0.202599	0.0780649	0.0431958	0.00177022	0.00462924
105	0.106779	0.0180124	0.0213495	0.0289483	0.0685503	0.0246789	0.0584817	0.069676	0.101842	0.0431101	0.0612131	0.110976	0.010887	0.0256307	0.037049	0.109669	0.0530856	0.0405249	0.00454168	0.00499537
106	0.0229769	0.0277621	0.014325	0.011742	0.284452	0.015715	0.0368537	0.0399306	0.0103746	0.114602	0.0266225	0.0167027	0.00958721	0.0181317	0.0191576	0.0332519	0.0358547	0.0593556	0.00339262	0.199209
107	0.0835067	0.00614856	0.0290059	0.0341364	0.0107783	0.0316459	0.018726	0.0189926	0.0197511	0.0504952	0.00823753	0.024846	0.390203	0.0417729	0.0211548	0.102439	0.0668076	0.0275272	0.00889054	0.00493518
108	0.153293	0.00404988	0.0478157	0.0766376	0.00522704	0.0323806	0.0118945	0.0191257	0.0357699	0.0246678	0.00570797	0.0247476	0.296404	0.0481135	0.0254054	0.0919659	0.0548418	0.036661	0.00376151	0.00152982
109	0.107303	0.0729048	0.03316	0.0318896	0.0874295	0.0485457	0.0278786	0.0457424	0.0206732	0.0689111	0.0357957	0.0382477	0.0193427	0.0263408	0.0304632	0.112863	0.0662813	0.0742601	0.00666317	0.0453047
110	0.0513407	0.00204634	0.0057418	0.0143995	0.00729209	0.0144352	0.0165832	0.0124682	0.0108605	0.0615166	0.00486201	0.0226924	0.503971	0.0496983	0.0220714	0.104191	0.0664781	0.0156495	0.011644	0.00205819
111	0.0293397	0.00256123	0.0183277	0.0362468	0.00502839	0.0336387	0.078466	0.00851842	0.176055	0.0185946	0.0156708	0.132984	0.00737584	0.102601	0.229241	0.0252267	0.0564023	0.0164755	0.00561458	0.00163174
112	0.0640458	0.00570053	0.0132665	0.0206891	0.00998143	0.0278868	0.01693	0.0139981	0.0132331	0.0571782	0.00561999	0.0221319	0.444617	0.0425781	0.0194265	0.123275	0.0677947	0.0164943	0.0107418	0.00441194
113	0.0521167	0.000874743	0.197099	0.358664	0.00185147	0.0308603	0.0190724	0.00746776	0.071461	0.0149896	0.00627216	0.035582	0.00950779	0.112175	0.0199397	0.0115271	0.027516	0.0112945	0.00691693	0.00481188
114	0.0105788	0.00131002	0.00209492	0.00540769	0.0347439	0.00306236	0.00734367	0.0189493	0.0316085	0.492821	0.248514	0.00429978	0.00311347	0.0187635	0.0383458	0.00805986	0.015962	0.0501954	0.00159164	0.00323386
115	0.0211134	0.00205431	0.00179872	0.00265135	0.0049676	0.00307785	0.00747517	0.165757	0.00271541	0.0547524	0.0358908	0.00228578	0.00453218	0.00285153	0.00337808	0.00319532	0.0178816	0.659108	0.00123714	0.00327588
116	0.0586394	0.00175769	0.146742	0.101718	0.0034347	0.0371558	0.0443611	0.00810809	0.166069	0.0242449	0.0237438	0.109928	0.00953998	0.0478334	0.0855269	0.0448934	0.0584034	0.0143142	0.010159	0.00342759
117	0.134595	0.014074	0.0775845	0.0794317	0.0134063	0.142918	0.0226471	0.0267703	0.0611985	0.0432218	0.0196064	0.0459603	0.0375838	0.0390354	0.0342025	0.107739	0.0504053	0.0398937	0.00397986	0.00574653
118	0.00939393	0.00479835	0.00380412	0.00901494	0.148231	0.00420368	0.0103584	0.0379471	0.0173421	0.524876	0.0638126	0.00549362	0.00596103	0.0180015	0.00908888	0.013248	0.0124794	0.0562982	0.00372217	0.041925
119	0.0667953	0.0061295	0.0365365	0.0612695	0.0213621	0.0280531	0.0364681	0.0335258	0.160274	0.0657872	0.0308207	0.0551058	0.0165714	0.0664529	0.155871	0.0450504	0.0529753	0.046653	0.00632535	0.00797277
120	0.235244	0.00915149	0.0798129	0.101532	0.0050684	0.123055	0.00722604	0.0175593	0.0297615	0.0238852	0.00703911	0.0278918	0.108321	0.0243431	0.0140836	0.116881	0.0412603	0.0254183	0.001267	0.00119769
121	0.060666	0.0136683	0.0704083	0.0606935	0.055263	0.0371139	0.102897	0.0245464	0.0638706	0.0670099	0.0236162	0.0548109	0.0304181	0.0632933	0.0567527	0.0577396	0.0630853	0.0482925	0.00966481	0.0361895
122	0.144143	0.0352955	0.0386368	0.0369654	0.0318952	0.064968	0.0202723	0.0369995	0.0212328	0.0376237	0.0174452	0.0451787	0.045099	0.0244136	0.0219279	0.19977	0.126771	0.0337511	0.00297108	0.01464
123	0.0771857	0.00697149	0.236905	0.136017	0.00803079	0.0585649	0.0373475	0.011629	0.0627947	0.0251211	0.011668	0.0896464	0.0292686	0.0456747	0.0282525	0.0687262	0.0395164	0.0167461	0.00429046	0.00564296
124	0.38537	0.00592526	0.0112921	0.0251631	0.0101036	0.0302709	0.014534	0.0291211	0.0337089	0.0356377	0.0176433	0.0168362	0.0116634	0.0168628	0.069781	0.0881903	0.0648518	0.126117	0.0031624	0.00376566
125	0.157856	0.0209134	0.0694004	0.071	0.0176602	0.136787	0.0127342	0.0241992	0.0469952	0.0305022	0.0105144	0.0412728	0.0403386	0.0292694	0.02327	0.172756	0.0602473	0.0255461	0.00184626	0.00689198
126	0.132939	0.0156295	0.0830238	0.0906386	0.0157462	0.143301	0.0192773	0.0267386	0.0565168	0.037143	0.0152543	0.0473988	0.0359727	0.0387394	0.0297774	0.116441	0.0505272	0.0316829	0.00475871	0.00849303
127	0.0043544	0.00109117	0.00147364	0.00641005	0.021619	0.00421725	0.00198471	0.42706	0.00192516	0.212955	0.0343753	0.00205671	0.00144976	0.00251249	0.00597998	0.0037531	0.0192599	0.237855	0.00133318	0.00833391
128	0.0222977	0.00303177	0.00153071	0.00332672	0.0109994	0.00512674	0.00579379	0.257956	0.00279622	0.101945	0.0425247	0.00213501	0.00343672	0.00272398	0.00505591	0.00330484	0.0235802	0.497165	0.00124646	0.0040233
129	0.0176457	0.00501911	0.00235448	0.00708044	0.086423	0.00531814	0.00602275	0.09449	0.0138979	0.467845	0.0938567	0.00435424	0.00521281	0.0133965	0.00954883	0.0102543	0.0169558	0.121212	0.00454878	0.0145638
130	0.0142624	0.00277995	0.00318401	0.00806327	0.0631142	0.0050652	0.0076698	0.043309	0.021206	0.50102	0.162818	0.00551688	0.00459414	0.0175836	0.0229115	0.011259	0.0169339	0.074288	0.00411704	0.010304
131	0.00584075	0.00243947	0.00231379	0.00736721	0.146439	0.0025144	0.00973993	0.0317701	0.0209538	0.574211	0.0580226	0.00376134	0.00703973	0.0200528	0.00587738	0.0122616	0.00646269	0.0478442	0.00141204	0.0336765
132	0.0780721	0.00576619	0.0373369	0.0592162	0.00967449	0.0351586	0.0194883	0.0174869	0.0342321	0.0500982	0.0124973	0.0281333	0.314731	0.0774734	0.0284733	0.0895019	0.0636203	0.0259751	0.00902673	0.00403726
133	0.0739045	0.00818023	0.247221	0.135431	0.00752418	0.0565432	0.0351763	0.0135055	0.0604663	0.0243584	0.0119202	0.089015	0.0250646	0.0471937	0.0302369	0.0665067	0.0386519	0.0194048	0.00412653	0.00556979
134	0.0648678	0.0016739	0.272268	0.220772	0.00169045	0.0356444	0.0363356	0.00547266	0.0568403	0.0125846	0.00744426	0.0816478	0.0288471	0.0694176	0.0203705	0.0343932	0.0324957	0.00941228	0.00437998	0.00344193
135	0.0459801	0.00127622	0.0282202	0.0978728	0.00469879	0.0262596	0.0260871	0.016697	0.265851	0.0348465	0.0224177	0.0623407	0.00758808	0.1022	0.158014	0.0247026	0.0441436	0.0286869	0.00149088	0.000625808
136	0.0129203	0.0110943	0.00331799	0.00619381	0.142322	0.00514435	0.011057	0.225316	0.00295838	0.152645	0.0375568	0.00369858	0.00229824	0.00554145	0.00773891	0.00482444	0.0170168	0.262651	0.00415242	0.0815533
137	0.149796	0.0147504	0.0905181	0.0993028	0.00523146	0.154595	0.0069444	0.0213479	0.0454015	0.0341433	0.00688772	0.0344025	0.0460185	0.0318139	0.0148865	0.163966	0.0555351	0.0228941	0.00062593	0.000938743
138	0.12735	0.0156746	0.0750465	0.0762012	0.0145357	0.141679	0.0197952	0.0300128	0.0547734	0.0445181	0.021818	0.0466372	0.0432049	0.0362553	0.0304639	0.117545	0.0568601	0.0369276	0.00420864	0.00649339
139	0.0198122	0.00465796	0.00873788	0.0158276	0.0901589	0.0128645	0.0109149	0.0543683	0.0252628	0.462568	0.085505	0.0094916	0.0146987	0.0211664	0.0199621	0.0218704	0.020967	0.072435	0.0043497	0.0243815
140	0.0658704	0.0025965	0.0858074	0.331392	0.0034558	0.0238142	0.0179488	0.0122837	0.0812105	0.0241336	0.0181745	0.0183711	0.00813983	0.202615	0.0305038	0.0079522	0.0372989	0.0179555	0.00843925	0.00203648
141	0.0970642	0.0200433	0.00184052	0.00310916	0.0393291	0.0238276	0.00308627	0.144171	0.00774172	0.122157	0.125727	0.00337786	0.00422907	0.00244944	0.00876147	0.00599517	0.0405944	0.342022	0.00158906	0.00288475
142	0.00599234	0.00155388	0.00206702	0.00766167	0.126013	0.00250991	0.00881476	0.0322046	0.0227828	0.597768	0.0619112	0.00361972	0.00802554	0.0211242	0.00587681	0.013263	0.00623075	0.0487177	0.00119891	0.0226645
143	0.0471393	0.0147682	0.0318201	0.0480514	0.0460245	0.022962	0.0280191	0.045145	0.0279476	0.145971	0.0550154	0.0293086	0.0379123	0.0541493	0.0373548	0.042373	0.0463081	0.107571	0.119478	0.0126815
144	0.0286711	0.00360682	0.00159379	0.00247525	0.00775796	0.00533761	0.00814442	0.183459	0.00295323	0.0672562	0.0476778	0.00206627	0.00452903	0.00252654	0.00382616	0.00293985	0.022231	0.599131	0.00115444	0.00266258
145	0.166947	0.0119219	0.0970802	0.101298	0.00493138	0.111272	0.00604255	0.0188274	0.0424149	0.0303711	0.0060915	0.0349455	0.0981319	0.0363477	0.0154572	0.141657	0.0479925	0.0263921	0.000877999	0.00100061
146	0.0208081	0.00220849	0.0017179	0.00267232	0.00578173	0.00308457	0.00742957	0.173445	0.002726	0.0589415	0.0356776	0.00224672	0.00443078	0.00280456	0.00335982	0.0033001	0.0179913	0.646516	0.0012451	0.00361224
147	0.0505744	0.00262508	0.0053101	0.0151302	0.00645714	0.0223197	0.0170963	0.0141791	0.0121446	0.0620095	0.00602969	0.0189626	0.48408	0.0582589	0.0186971	0.0979467	0.0768684	0.0173179	0.0121454	0.00184694
148	0.149616	0.00643079	0.0456727	0.0506866	0.00893905	0.0398906	0.0155166	0.017053	0.0205288	0.0335971	0.00715642	0.0258291	0.323609	0.0340323	0.0187063	0.106376	0.0599165	0.0272484	0.00619209	0.00300356
149	0.0400426	0.00428749	0.00491334	0.0113108	0.040024	0.00738651	0.00740161	0.056759	0.00986708	0.307392	0.153206	0.0252468	0.0200861	0.00892137	0.0171562	0.0380052	0.10058	0.140691	0.00477237	0.00195014
150	0.0503899	0.000834965	0.0345902	0.0756233	0.00411663	0.0363073	0.038423	0.00795744	0.300889	0.0134276	0.01867	0.0781222	0.0167362	0.0752661	0.152836	0.0356074	0.0428903	0.0153917	0.0014578	0.000463399
151	0.0576073	0.0265253	0.148107	0.0658989	0.0248207	0.0835229	0.10842	0.00877764	0.0281782	0.0317563	0.0104871	0.121926	0.0159462	0.0269258	0.0290413	0.100429	0.0551389	0.0121459	0.00383578	0.0405095
152	0.453947	0.00915209	0.0048935	0.0133305	0.00985894	0.0312275	0.0088027	0.0220306	0.00570809	0.0126856	0.0091206	0.0182748	0.00915585	0.00650341	0.0384756	0.16405	0.100367	0.0778377	0.00200406	0.00257458
153	0.00629519	0.00135745	0.00147712	0.00600337	0.0216651	0.00460173	0.00204777	0.414519	0.00217797	0.210521	0.0386262	0.0021695	0.0016074	0.00259265	0.00609645	0.00387706	0.0198572	0.245198	0.00108302	0.00822634
154	0.0222398	0.00609093	0.00690232	0.0136835	0.126167	0.0072405	0.0105535	0.0522704	0.0179179	0.387567	0.0723566	0.0142456	0.00809998	0.0162322	0.0160638	0.0341606	0.0276119	0.121612	0.0103479	0.0286363
155	0.0209108	0.00200561	0.00180574	0.00264387	0.00491041	0.00302804	0.00749985	0.165571	0.00272041	0.0543205	0.0356067	0.00230828	0.00453919	0.00285386	0.00336612	0.00321253	0.0177782	0.660301	0.00124228	0.00337487
156	0.0531201	0.00255577	0.0806515	0.0877612	0.00630083	0.0422069	0.033712	0.0126702	0.230412	0.0239252	0.02048	0.105608	0.010966	0.0633787	0.114815	0.045885	0.0424272	0.0176886	0.00352294	0.00191266
157	0.00440747	0.00103984	0.00147332	0.00635347	0.0217497	0.00423509	0.00197354	0.428143	0.00186489	0.212459	0.0345728	0.00205662	0.00142847	0.00248299	0.00580273	0.00373207	0.019414	0.237527	0.000916691	0.00836794
158	0.136236	0.0137101	0.0792252	0.085224	0.0119066	0.152263	0.0196195	0.0254882	0.0529109	0.0427978	0.0186081	0.0458802	0.0335181	0.0391782	0.0281146	0.111423	0.05363	0.0404239	0.00444737	0.00539513
159	0.047087	0.00331345	0.308264	0.134755	0.00380643	0.0473311	0.0475534	0.0062225	0.0595637	0.0146122	0.010333	0.136979	0.0150071	0.0364837	0.0277809	0.052032	0.0304372	0.00953078	0.00442956	0.00447849
160	0.067407	0.0095976	0.0629568	0.156985	0.0132616	0.0366365	0.0317308	0.0257821	0.0946365	0.0591822	0.0288179	0.0350917	0.0332815	0.137199	0.0600501	0.0449121	0.0467363	0.0388484	0.00968308	0.00720456
161	0.00431155	0.00102898	0.00146533	0.00635089	0.0213619	0.00418874	0.00203855	0.428409	0.00187382	0.210036	0.0341935	0.00201404	0.00149829	0.00239152	0.00574849	0.00358346	0.0191162	0.241087	0.000906206	0.0083971
162	0.0945988	0.0073339	0.111354	0.207706	0.0096641	0.0538744	0.0209113	0.020701	0.0790742	0.0383708	0.0139653	0.0469689	0.0288537	0.0868649	0.0388316	0.0583149	0.0449477	0.027806	0.00489726	0.00496098
163	0.138443	0.0159594	0.0688144	0.0781781	0.017358	0.149774	0.0200744	0.0301885	0.0512707	0.042839	0.0161321	0.0426809	0.0367503	0.036656	0.0285401	0.121449	0.0572577	0.0363692	0.00352568	0.00773842
164	0.0517577	0.00250677	0.00910078	0.0389966	0.026924	0.0050575	0.0147683	0.0761265	0.160344	0.122466	0.0427507	0.00811862	0.0031749	0.0518784	0.235943	0.0141155	0.0554616	0.0769789	0.00185865	0.00167165
165	0.0105934	0.0234851	0.00591223	0.00492732	0.375696	0.00554961	0.0369071	0.0310565	0.00373573	0.104326	0.0258062	0.00588032	0.00311588	0.0148526	0.0154312	0.0129926	0.0248183	0.0569098	0.00286837	0.235135
166	0.0451546	0.00131281	0.0275393	0.0621138	0.00583336	0.0291755	0.0232624	0.0163311	0.304494	0.0275402	0.0237772	0.0687374	0.00716127	0.0654623	0.189869	0.0328448	0.0445402	0.0224215	0.00174122	0.000688034
167	0.137054	0.0260722	0.0549918	0.0548271	0.0275089	0.0766896	0.0205424	0.0309264	0.0483846	0.0412324	0.0184306	0.0489546	0.0485643	0.0304786	0.0325038	0.179105	0.0724219	0.0339251	0.00333232	0.0140547
168	0.123195	0.0243273	0.00204274	0.00255256	0.0365978	0.0266229	0.00334039	0.149683	0.00765777	0.0927584	0.114673	0.00371271	0.00370417	0.00261904	0.0100755	0.00890608	0.0507286	0.333767	0.00115369	0.00188227
169	0.0184987	0.0282373	0.00695313	0.0338868	0.0228538	0.00734666	0.00693062	0.0460576	0.00869676	0.321288	0.074245	0.0106305	0.00551337	0.00978006	0.0526956	0.0127	0.0412436	0.182421	0.105934	0.00408741
170	0.0655816	0.015184	0.133305	0.0823925	0.02559	0.0447989	0.101251	0.0236417	0.0499459	0.0984969	0.0247758	0.0540304	0.016244	0.0460557	0.0344021	0.0602862	0.0578023	0.03885	0.00799229	0.0193732
171	0.0652298	0.049725	0.0356859	0.110448	0.0160213	0.0406978	0.0268202	0.0279408	0.0869416	0.0560727	0.02652	0.0326827	0.0170398	0.105564	0.147108	0.051161	0.0474417	0.0381148	0.00922504	0.00955903
172	0.0260506	0.00519529	0.00335921	0.00500933	0.0229328	0.00746243	0.00473125	0.25578	0.00409258	0.140361	0.04611	0.00385646	0.0033961	0.00365257	0.00617905	0.00649116	0.0216068	0.423082	0.00212426	0.00852748
173	0.0644428	0.00821457	0.0327711	0.0568165	0.0297483	0.0332195	0.0313002	0.0371232	0.157725	0.06594	0.0318541	0.054798	0.0192663	0.0627541	0.144323	0.0441868	0.0606491	0.0436165	0.00572888	0.0155226
174	0.0358541	0.00598551	0.00955801	0.0216499	0.0304963	0.0089533	0.0123953	0.0858889	0.0571406	0.259448	0.126691	0.0109884	0.00640784	0.027951	0.103779	0.0201786	0.0596758	0.104254	0.00871916	0.0039863
175	0.153736	0.0238947	0.0539571	0.0551006	0.0285577	0.074607	0.0193836	0.0271622	0.0423778	0.0461623	0.0168161	0.0468205	0.0522879	0.0298344	0.0311092	0.176973	0.0687201	0.0371903	0.00330032	0.0120093
176	0.00706356	0.00110005	0.00137019	0.00474335	0.0160355	0.00351853	0.00334254	0.377699	0.00187797	0.171818	0.0322578	0.00193566	0.00181597	0.00228948	0.00502115	0.00322053	0.0176642	0.33911	0.000751508	0.00736451
177	0.190699	0.0118773	0.0104261	0.0191152	0.0275098	0.0303234	0.0123932	0.0902956	0.0159282	0.129897	0.0687565	0.0139499	0.0110648	0.0127635	0.0251449	0.0451658	0.0536686	0.220215	0.0056759	0.00512971
178	0.205915	0.0281979	0.0362268	0.034697	0.024439	0.0683633	0.013284	0.036822	0.0194854	0.024644	0.015481	0.0411304	0.0348714	0.0187577	0.0189176	0.210621	0.11995	0.0371483	0.00225667	0.00879101
179	0.0309483	0.021576	0.00775721	0.00863995	0.273602	0.0117174	0.0263825	0.0465843	0.0107632	0.168871	0.0397288	0.014423	0.0164177	0.0171827	0.0172037	0.0313709	0.0306345	0.0797787	0.00636369	0.140054
180	0.0295027	0.028359	0.0170399	0.0118718	0.263011	0.0164792	0.035816	0.0427627	0.0115561	0.121477	0.0281122	0.0166919	0.0110557	0.017874	0.0213134	0.042414	0.0361075	0.0585493	0.00383968	0.186168
181	0.0509065	0.0059703	0.165351	0.101105	0.0149459	0.0491109	0.0770158	0.0113612	0.0823808	0.0219084	0.0161227	0.143668	0.0179719	0.0496265	0.0618302	0.0541431	0.0438834	0.0166702	0.00609292	0.00993569
182	0.0840904	0.00638555	0.0253718	0.0331301	0.00937402	0.0318304	0.016375	0.0147666	0.0166651	0.0453257	0.00570538	0.0229074	0.406286	0.0418574	0.0184563	0.120832	0.0667472	0.0196053	0.0100389	0.00425005
183	0.283847	0.0141581	0.0412866	0.050937	0.0105617	0.136424	0.00593836	0.0284774	0.0225451	0.0195224	0.00806402	0.031578	0.039937	0.0177644	0.015313	0.170403	0.0565747	0.0433317	0.00110936	0.00222614
184	0.117285	0.0386835	0.0597113	0.0191329	0.0620348	0.0922148	0.0292801	0.0138114	0.00814171	0.0604734	0.00684675	0.0992703	0.0426258	0.0139061	0.033701	0.171936	0.079405	0.0130575	0.00162661	0.0368565
185	0.0705242	0.00301803	0.207405	0.200559	0.00320639	0.0505696	0.0432127	0.00933369	0.0665022	0.0302944	0.0179052	0.0891396	0.0120548	0.0562097	0.0235101	0.0548769	0.0387443	0.0141821	0.00442262	0.00432923
186	0.381332	0.00934561	0.0151673	0.022666	0.0126775	0.0432083	0.041802	0.0233737	0.0143361	0.0300294	0.0145276	0.0204639	0.0198764	0.0196492	0.0294877	0.12606	0.0682128	0.0997167	0.00369257	0.00437576
187	0.0788167	0.00455591	0.00982261	0.0691351	0.0444302	0.00980182	0.00857028	0.0727789	0.01791	0.182032	0.0282292	0.0701144	0.00804822	0.0116448	0.0384694	0.0719319	0.0726533	0.190929	0.00697884	0.00314719
188	0.0277285	0.00537189	0.00155011	0.00512524	0.0220538	0.00912827	0.00271911	0.347788	0.00369764	0.171871	0.06328	0.0022342	0.00239859	0.00235437	0.0103947	0.00361225	0.0245213	0.286639	0.00186313	0.00566822
189	0.120657	0.0764238	0.0268026	0.0186327	0.0884548	0.0725573	0.0292359	0.013282	0.00444464	0.0390412	0.00690616	0.0389075	0.0320752	0.0139436	0.0259126	0.251566	0.0741832	0.0118655	0.00179764	0.0533105
190	0.0916285	0.00625591	0.0343592	0.0409728	0.0122855	0.0330029	0.0169277	0.0229863	0.022058	0.0564769	0.0114392	0.0256166	0.363723	0.0407158	0.0190673	0.0976387	0.063037	0.0294641	0.00792677	0.00441784
191	0.258846	0.0109325	0.0566213	0.0672325	0.00927853	0.160932	0.00815224	0.0205379	0.0285383	0.0256307	0.00757938	0.0286023	0.0594603	0.0217415	0.0155733	0.135355	0.0479681	0.0325562	0.00161496	0.00284617
192	0.0900177	0.00211577	0.00691541	0.0311523	0.00484083	0.00898456	0.0251397	0.0369734	0.0259271	0.0299099	0.00678365	0.0245359	0.385075	0.0435917	0.0143783	0.0826027	0.13282	0.0384161	0.00799023	0.00182965
193	0.00646624	0.0200921	0.00391276	0.0046774	0.39513	0.00352008	0.0329673	0.0319247	0.0035974	0.108584	0.0266519	0.00451393	0.00250484	0.0140626	0.0143453	0.0049289	0.0187286	0.0599562	0.00283967	0.240596
194	0.0381579	0.00328043	0.0130366	0.0431185	0.0193645	0.00604379	0.0135093	0.0841939	0.132995	0.144706	0.0777748	0.0118175	0.00423145	0.0717364	0.15714	0.0289349	0.0518012	0.0923425	0.00347229	0.00234337
195	0.00642288	0.0196736	0.00402962	0.00475453	0.390556	0.00350052	0.0327137	0.0321446	0.00382138	0.115225	0.0269809	0.00461113	0.00254886	0.014002	0.0142075	0.00522133	0.0184314	0.0607443	0.00292129	0.237489
