251	20
1	0.0502253	0.00428766	0.154237	0.0768963	0.00303655	0.177718	0.0191897	0.00723908	0.0494522	0.009075	0.0200413	0.160238	0.00866269	0.0452213	0.077171	0.0887089	0.0229173	0.0109108	0.00618483	0.00858742
2	0.122813	0.0220051	0.0251997	0.0145367	0.00310138	0.0723344	0.0213775	0.0399792	0.0195403	0.0309506	0.0347789	0.0632354	0.00990325	0.0428442	0.00345632	0.177609	0.20732	0.073373	0.00266941	0.0129731
3	0.0071269	0.00180595	0.0026338	0.0351895	0.00254699	0.00409387	0.165791	0.00444085	0.0542135	0.0073063	0.00629941	0.0546776	0.00223578	0.35688	0.244311	0.0181789	0.0209006	0.00763252	0.000864438	0.00287097
4	0.0142156	0.00260036	0.00292817	0.00441989	0.461832	0.00393426	0.0100092	0.0183578	0.00369577	0.367713	0.020694	0.00482349	0.0167666	0.00719632	0.00570078	0.0116716	0.00635736	0.023715	0.00205067	0.011318
5	0.0567425	0.000921178	0.00120324	0.0202129	0.0674064	0.00442009	0.00199893	0.120255	0.00543971	0.0805243	0.108437	0.00210186	0.0010683	0.00300758	0.0108779	0.0397063	0.123589	0.325679	0.0108232	0.0155852
6	0.0663376	0.00188844	0.015157	0.00757475	0.00878828	0.00390527	0.0195727	0.104846	0.0148865	0.397353	0.073788	0.0173675	0.00252594	0.0328646	0.020928	0.0128353	0.0202033	0.169728	0.00182664	0.00762213
7	0.100503	0.00131986	0.0183305	0.0367281	0.00304689	0.00683117	0.0204603	0.0078572	0.0115994	0.0297064	0.00993322	0.00949615	0.456573	0.0232396	0.0704148	0.0825701	0.0563888	0.0472656	0.00281545	0.00492111
8	0.0250118	0.0013005	0.00191321	0.00319101	0.521473	0.00238765	0.0459848	0.0496761	0.00603777	0.12364	0.00384483	0.00349903	0.00447802	0.0135492	0.0113088	0.0200771	0.00470366	0.0442473	0.0190608	0.0946161
9	0.0161737	0.00164916	0.00138764	0.00302873	0.380174	0.00420756	0.0545268	0.0458691	0.00794879	0.0669214	0.00517787	0.00804432	0.00117011	0.00867374	0.0165045	0.0195935	0.00496487	0.0366227	0.0312836	0.286078
10	0.0645017	0.00155939	0.0109507	0.00803969	0.133241	0.00309872	0.00212276	0.287312	0.00211019	0.0939614	0.0212699	0.00204308	0.020837	0.00663645	0.00688503	0.0213888	0.00601785	0.288708	0.000863603	0.0184529
11	0.134303	0.0034227	0.139471	0.0222882	0.0175192	0.0116582	0.145599	0.0122259	0.0103765	0.0101232	0.00651748	0.255871	0.00662161	0.0136236	0.00995967	0.113036	0.0335117	0.0421602	0.00350626	0.00820529
12	0.0977393	0.0117305	0.0078229	0.013235	0.00848889	0.678387	0.016779	0.00378141	0.0112483	0.00604483	0.00743036	0.0150474	0.00331948	0.00854399	0.0154821	0.0633112	0.0176347	0.0103707	0.00100137	0.00260124
13	0.0726666	0.00301964	0.0048133	0.0190847	0.121623	0.011082	0.00695948	0.0128645	0.00560345	0.0341624	0.0589005	0.0101784	0.00665524	0.00658456	0.0199239	0.038002	0.0521172	0.0609865	0.369087	0.0856858
14	0.053044	0.00470985	0.106024	0.0250488	0.0120696	0.0183042	0.0511187	0.0113643	0.0142691	0.0225725	0.0111265	0.349769	0.00800866	0.0244023	0.0304631	0.157181	0.0626459	0.020692	0.00447942	0.0127062
15	0.181216	0.0319697	0.0197294	0.0127657	0.00735124	0.0775844	0.0153717	0.0345607	0.0119271	0.0318995	0.030035	0.0426741	0.00707825	0.0414093	0.00438714	0.214476	0.163501	0.052676	0.00309991	0.0162882
16	0.0173527	0.0019592	0.00274073	0.010733	0.224034	0.0084182	0.0246082	0.015443	0.00810618	0.0331071	0.025961	0.0109188	0.00625459	0.00627976	0.0145314	0.020549	0.0118808	0.0167514	0.34618	0.194192
17	0.0285383	0.00407922	0.0119399	0.0718724	0.055436	0.022371	0.0103745	0.00906894	0.0108601	0.0283728	0.0270101	0.0247443	0.0159543	0.0123342	0.0224667	0.0662999	0.0222057	0.0183127	0.422383	0.115376
18	0.0143455	0.00331152	0.000757715	0.00148336	0.0515948	0.00129819	0.00256037	0.0484736	0.000845484	0.598777	0.174273	0.00111749	0.00552294	0.00340679	0.00142156	0.00423478	0.00643971	0.072205	0.00487876	0.00305277
19	0.0271539	0.0113006	0.00843951	0.0248042	0.000718428	0.0306169	0.0097899	0.0121514	0.263183	0.00949214	0.00539448	0.0278799	0.00752039	0.0756312	0.402799	0.0589476	0.0150592	0.00588104	0.00178021	0.00145677
20	0.133811	0.0162408	0.108082	0.0421022	0.0401653	0.0927847	0.0593172	0.0266587	0.00354809	0.00615732	0.00339952	0.0675763	0.100883	0.0102731	0.0156195	0.146343	0.05611	0.00590138	0.00171833	0.063309
21	0.055638	0.00261913	0.00694522	0.0151712	0.00453806	0.0282728	0.0894762	0.00650473	0.252704	0.074519	0.0381758	0.0552645	0.00396993	0.0400945	0.143179	0.0419708	0.0530364	0.0317738	0.0357763	0.0203715
22	0.069571	0.00470112	0.00667864	0.00664079	0.0618525	0.00304737	0.00127474	0.315914	0.0015519	0.0713438	0.0347	0.0020003	0.00943403	0.00362676	0.0051023	0.0242671	0.019937	0.349964	0.00181071	0.0065817
23	0.0727566	0.00736118	0.0316756	0.00480958	0.00862298	0.0257406	0.00469525	0.00663988	0.040247	0.035703	0.0109131	0.0212953	0.0157814	0.0280563	0.0328824	0.371894	0.227822	0.0468891	0.00133517	0.00487926
24	0.0753412	0.00330487	0.0010525	0.0121684	0.0461791	0.00370707	0.00330219	0.141623	0.00933685	0.0745085	0.0927781	0.00420151	0.00283545	0.00231609	0.00749472	0.0483505	0.139764	0.31418	0.00664554	0.0109106
25	0.0116625	0.00269406	0.000685137	0.00186414	0.0606451	0.00154947	0.00140233	0.0677049	0.00104918	0.604112	0.129507	0.0011557	0.00602156	0.00259382	0.00179131	0.00377399	0.00496553	0.0887919	0.00665072	0.00138011
26	0.0358679	0.00583363	0.0349191	0.0589284	0.000828491	0.0609747	0.00762318	0.00614323	0.200735	0.00824489	0.00610594	0.0582811	0.00376589	0.125412	0.293923	0.0567952	0.022635	0.00491844	0.00431583	0.00374841
27	0.0982421	0.00100843	0.209101	0.351049	0.00115364	0.0187861	0.0322379	0.0117986	0.0241059	0.0157557	0.00643744	0.0425772	0.00978141	0.0462465	0.0453802	0.0302774	0.0474164	0.00650131	0.000583179	0.00156039
28	0.534726	0.00473523	0.00179999	0.00258314	0.00290634	0.20513	0.00196201	0.00917551	0.0022938	0.0127476	0.00465231	0.0026236	0.00177046	0.0026071	0.0101352	0.111621	0.0305828	0.0554567	0.000929689	0.00156136
29	0.484015	0.0130286	0.00175989	0.00258958	0.00534212	0.016221	0.00581137	0.00456344	0.0172959	0.0086068	0.00214409	0.00601719	0.00208725	0.0101543	0.0215232	0.213745	0.126785	0.0545028	0.00106638	0.00274207
30	0.159738	0.00897298	0.00659669	0.0226979	0.00702293	0.00612609	0.0346307	0.0889605	0.00730914	0.225091	0.0610147	0.0112004	0.00351228	0.0280916	0.0269953	0.0608633	0.024203	0.180571	0.00202145	0.0343807
31	0.0410977	0.00296254	0.0566156	0.0666128	0.00151926	0.206	0.0152505	0.00538548	0.1325	0.00571547	0.00563669	0.108484	0.00293542	0.081301	0.189092	0.0471179	0.0163235	0.00521536	0.00276971	0.00746625
32	0.0142072	0.00325065	0.000762557	0.0014383	0.0505598	0.00130838	0.00238193	0.050556	0.000823301	0.600615	0.170043	0.00112042	0.00565236	0.00316849	0.00140697	0.00418643	0.00615619	0.0744899	0.00501088	0.00286264
33	0.0117829	0.000837722	0.00687977	0.0018063	0.00559068	0.0209641	0.0053087	0.00893547	0.0242953	0.013773	0.0142642	0.12593	0.00103008	0.00198312	0.0379628	0.215885	0.466732	0.0132039	0.000689569	0.022146
34	0.00997631	0.00360679	0.000607745	0.00386354	0.00942001	0.000658629	0.000596792	0.294646	0.00211972	0.114708	0.0380685	0.00488988	0.00185832	0.000718771	0.00371998	0.00179041	0.0179075	0.488664	0.000217344	0.00196191
35	0.115114	0.105972	0.00655669	0.0132568	0.00862809	0.106811	0.0101543	0.164427	0.00866018	0.0281533	0.0230764	0.0114466	0.00480239	0.00962561	0.0123259	0.0242184	0.0254848	0.310895	0.00252332	0.00786839
36	0.0326551	0.00702179	0.0172406	0.0452383	0.00357664	0.0359943	0.0440374	0.00985481	0.15992	0.0179314	0.0109879	0.0469253	0.00731091	0.157117	0.312119	0.0508534	0.0235537	0.0108554	0.00312829	0.00367805
37	0.0673227	0.00326973	0.00240543	0.00974676	0.0368979	0.00721496	0.00922081	0.137569	0.0147114	0.0799559	0.0782635	0.0132651	0.00805922	0.00468784	0.00883839	0.0782937	0.172154	0.248642	0.00476416	0.0147181
38	0.0208678	0.00253975	0.00389806	0.0153662	0.0910842	0.0102535	0.00541137	0.0148454	0.00617018	0.101438	0.0557715	0.0119175	0.00829222	0.00697266	0.0149477	0.0255358	0.0175909	0.0299753	0.480953	0.0761682
39	0.395728	0.00796645	0.0024354	0.00547311	0.00464484	0.373748	0.00655189	0.00713118	0.00399029	0.00903207	0.00547516	0.00432343	0.00146755	0.00325329	0.00933119	0.0953945	0.0253921	0.0357037	0.00112187	0.00183591
40	0.089096	0.00583037	0.0121615	0.0170907	0.278046	0.0124743	0.16132	0.0280082	0.0117758	0.0461331	0.0106608	0.062888	0.00883641	0.0260534	0.0211503	0.0497724	0.0176122	0.0311301	0.0192152	0.0907448
41	0.066217	0.0033071	0.00501379	0.00972775	0.00948835	0.0100806	0.00827027	0.00993026	0.00627258	0.042422	0.00744653	0.448942	0.00383252	0.0391761	0.0549765	0.187772	0.0623103	0.0138847	0.0026643	0.00826571
42	0.485591	0.00231024	0.0313054	0.0302035	0.0122213	0.0209474	0.0138063	0.015227	0.00825712	0.0126621	0.00907363	0.0246026	0.0762064	0.00570059	0.0133102	0.154715	0.0254767	0.0267764	0.00154249	0.0300649
43	0.0238306	0.00310333	0.00119148	0.00275331	0.0423497	0.00223539	0.00220989	0.124674	0.001303	0.505139	0.107855	0.00218245	0.00427011	0.0036269	0.00299504	0.00577827	0.0103192	0.145287	0.00641526	0.00248077
44	0.0393863	0.00484551	0.0109969	0.0392658	0.0317345	0.0168012	0.0400415	0.0333161	0.0411138	0.191084	0.10372	0.0281841	0.00851761	0.211498	0.0673439	0.0272859	0.032968	0.0537445	0.00557565	0.0125766
45	0.0625876	0.00100269	0.00149533	0.0082832	0.0313389	0.0126821	0.020931	0.099434	0.0340194	0.11942	0.0581655	0.0326051	0.023176	0.00734459	0.012921	0.0951798	0.204596	0.146064	0.000856218	0.0278987
46	0.2749	0.00372298	0.010083	0.00829106	0.0256472	0.0133216	0.00709612	0.00739683	0.0301563	0.043714	0.0074819	0.0234815	0.0142523	0.00911337	0.0629769	0.228323	0.160392	0.0484853	0.00246553	0.0186993
47	0.0492271	0.00450171	0.0105878	0.0166098	0.0394803	0.00805023	0.00878328	0.0471539	0.0122356	0.32687	0.0629375	0.00851522	0.20177	0.0152025	0.0222639	0.040917	0.0270398	0.0848272	0.00631766	0.00670969
48	0.0926871	0.0120562	0.00161722	0.00851381	0.00986564	0.754276	0.0175836	0.00204156	0.00807396	0.0031876	0.00609736	0.0079676	0.00109757	0.00233229	0.0101262	0.0458375	0.00690437	0.00743862	0.000748301	0.00154743
49	0.035816	0.0114465	0.00198982	0.00329063	0.0499976	0.00251875	0.0548522	0.0453551	0.0797671	0.0397402	0.012737	0.0427841	0.00156346	0.0220095	0.154591	0.033469	0.0432742	0.342822	0.0010156	0.0209604
50	0.01441	0.00181411	0.00130255	0.00300174	0.375447	0.00352705	0.0565345	0.034223	0.0122482	0.033821	0.00354152	0.00826551	0.00103238	0.00839204	0.0162846	0.0154739	0.00450528	0.0177383	0.0611392	0.327299
51	0.018908	0.00209127	0.328075	0.0286042	0.00185757	0.00313566	0.0950589	0.00374615	0.00366686	0.00310034	0.00286189	0.33335	0.00162726	0.00250265	0.0104822	0.110946	0.0342065	0.0117969	0.00235594	0.00162685
52	0.0529666	0.00531033	0.0878213	0.373722	0.00403896	0.0842777	0.0121442	0.00730546	0.0211842	0.0113563	0.00652611	0.0357206	0.00494698	0.0979852	0.0295746	0.0514482	0.0746133	0.0121536	0.00252341	0.0243812
53	0.0669284	0.000883925	0.257092	0.0940455	0.00121432	0.0210679	0.055542	0.0026089	0.136273	0.00982533	0.00239681	0.125885	0.0229404	0.0724681	0.0482387	0.0406327	0.0164408	0.00868529	0.0016251	0.0152059
54	0.0727758	0.00241257	0.0011051	0.012769	0.0491276	0.00373431	0.00383045	0.127747	0.00905407	0.072073	0.0976516	0.00472679	0.00299032	0.00249748	0.00810276	0.0506371	0.144763	0.315292	0.00713925	0.0115712
55	0.0125512	0.00324112	0.00183981	0.00318595	0.254331	0.00278785	0.00506743	0.0382279	0.00235828	0.497507	0.0792629	0.00339375	0.0122327	0.00444067	0.0040389	0.00740984	0.00630372	0.0521001	0.00408696	0.0056334
56	0.0100123	0.00334338	0.00494675	0.0699076	0.00262346	0.0189352	0.0168451	0.00329601	0.12311	0.0288679	0.0335703	0.0280093	0.00177306	0.409239	0.137727	0.00822596	0.0480416	0.0479772	0.00104445	0.00250394
57	0.234238	0.00807997	0.00153871	0.00598663	0.00656688	0.594152	0.0122768	0.00419879	0.0061693	0.00518846	0.00940199	0.00604891	0.00132693	0.00224369	0.00905333	0.0549408	0.011169	0.0251974	0.000824094	0.00139922
58	0.0143723	0.00339502	0.000862667	0.00234104	0.074101	0.00216725	0.00370625	0.0550456	0.00125193	0.570338	0.157946	0.00163293	0.00601214	0.00416837	0.00217121	0.00506862	0.00820689	0.0749019	0.00732884	0.00498187
59	0.031083	0.00840503	0.537743	0.12088	0.0027364	0.0160839	0.0213989	0.00601262	0.0149429	0.0111602	0.00429759	0.111536	0.00917983	0.0180355	0.0139328	0.0408724	0.0159586	0.00774205	0.00323951	0.0047595
60	0.0135178	0.00172165	0.00130356	0.00300278	0.401799	0.00339185	0.05259	0.0306086	0.0130962	0.0317363	0.00341576	0.00771744	0.00103525	0.00867525	0.0171119	0.0153752	0.00446244	0.0170133	0.0594462	0.31298
61	0.37589	0.0110268	0.00580747	0.0110428	0.0368773	0.0171183	0.00943395	0.020899	0.0122001	0.038382	0.0110229	0.0130024	0.00645747	0.00825297	0.0191122	0.0469551	0.0826491	0.261624	0.0038416	0.00840429
62	0.00998467	0.0038448	0.000414739	0.00379424	0.00933725	0.000496825	0.000500215	0.320563	0.00208061	0.11402	0.0392334	0.00399383	0.00176015	0.000563572	0.00370184	0.00164163	0.0173791	0.464581	0.000182615	0.0019267
63	0.458342	0.00216729	0.0417219	0.0294384	0.0265118	0.0237851	0.0461146	0.0244756	0.0044785	0.00782234	0.0231217	0.00993744	0.0100315	0.00604097	0.00730144	0.11645	0.0103819	0.0844667	0.0028672	0.0645436
64	0.0174498	0.00425195	0.0118432	0.212871	0.00551033	0.0210216	0.0411878	0.00804454	0.0508735	0.024535	0.0236882	0.0262283	0.00317855	0.363699	0.0745945	0.0150898	0.0367048	0.0503369	0.001799	0.00709194
65	0.270864	0.00711948	0.0118525	0.0157728	0.0794934	0.0234726	0.0159452	0.0748618	0.011723	0.0601816	0.0316939	0.0140626	0.0144825	0.0114405	0.0187649	0.0674278	0.0587255	0.180333	0.0095451	0.0222376
66	0.0253044	0.0109207	0.00832297	0.022621	0.000762364	0.0341426	0.00834758	0.0112951	0.276662	0.00821025	0.00521984	0.0288374	0.00725672	0.0747113	0.398908	0.0560902	0.0141862	0.00498496	0.00177198	0.00144513
67	0.0274741	0.0119093	0.0087278	0.025475	0.000627311	0.0287022	0.00939311	0.0118053	0.265198	0.00868	0.00514455	0.0294368	0.0067951	0.0753833	0.402493	0.0583636	0.0157275	0.00557484	0.00175353	0.00133506
68	0.00951073	0.0171065	0.0034738	0.00548496	0.0516207	0.00383965	0.320156	0.0186913	0.00391946	0.0354783	0.00413638	0.14149	0.00239587	0.0506262	0.0973444	0.00941766	0.00774036	0.043352	0.00157534	0.17264
69	0.0208545	0.0012009	0.0417069	0.0268047	0.00161337	0.276446	0.0237262	0.00244602	0.134044	0.00318899	0.00405636	0.151609	0.00159235	0.0681635	0.191534	0.0328858	0.00470811	0.0032825	0.000973564	0.00916324
70	0.0101211	0.00397877	0.000413834	0.00379196	0.00922792	0.000497897	0.00049161	0.320184	0.00205942	0.113436	0.0395744	0.00401803	0.0017217	0.000566537	0.00369397	0.00169782	0.0174012	0.465034	0.000166649	0.00192312
71	0.0309217	0.00360909	0.00598944	0.00931387	0.00695961	0.013488	0.153795	0.00793641	0.259143	0.0328697	0.0475908	0.022452	0.00416255	0.0177339	0.145393	0.0496465	0.02719	0.0214996	0.0680134	0.0722922
72	0.0111211	0.00170637	0.000862922	0.00225986	0.0433593	0.00178246	0.00101344	0.101705	0.00109481	0.565445	0.100841	0.0015676	0.00451558	0.0028644	0.00246909	0.00288526	0.00642502	0.139142	0.00832399	0.000615935
73	0.0159965	0.00496001	0.000415632	0.00340863	0.0113509	0.000663061	0.000530482	0.336134	0.00186875	0.119271	0.0424089	0.00371714	0.00155109	0.000667742	0.00328222	0.00403326	0.0195542	0.427825	0.000534635	0.00182687
74	0.0106215	0.00169766	0.000733563	0.00225174	0.0521266	0.0019467	0.00119879	0.0917962	0.000878776	0.584263	0.105393	0.00125548	0.00486528	0.00303915	0.00233988	0.00300657	0.00579601	0.116528	0.00888728	0.0013746
75	0.0825607	0.123169	0.00664693	0.00603888	0.0043275	0.0441719	0.00482244	0.00563308	0.00627248	0.0448192	0.00495208	0.00734416	0.0700269	0.0148062	0.00732955	0.30359	0.176929	0.074411	0.00646687	0.00568288
76	0.0159698	0.00332532	0.00310745	0.00502569	0.480085	0.00430324	0.0109856	0.0157706	0.00463261	0.351385	0.012436	0.00562146	0.0220719	0.00752964	0.00593777	0.0130543	0.00676821	0.0182404	0.00145669	0.0122935
77	0.258094	0.0333601	0.00323296	0.00425188	0.00782217	0.00731342	0.00425688	0.0376816	0.00566512	0.0115639	0.0057434	0.0180173	0.00240681	0.00536737	0.00803845	0.0812933	0.104883	0.396757	0.00103717	0.00321308
78	0.0130459	0.00729336	0.541995	0.0815123	0.00190087	0.00483745	0.0399514	0.00368863	0.00864669	0.00594329	0.00271099	0.18904	0.00325015	0.00830566	0.00743238	0.0536578	0.0150034	0.00653043	0.00270717	0.00254777
79	0.0575436	0.00850066	0.0152208	0.0258864	0.0748144	0.0184873	0.0539298	0.0174317	0.01266	0.0292243	0.0148012	0.223035	0.0111705	0.0785987	0.0313742	0.170913	0.0417719	0.027877	0.0106196	0.07614
80	0.0210576	0.00198308	0.00362915	0.0145833	0.112174	0.0103826	0.00452568	0.00499946	0.00469235	0.0398133	0.0445814	0.0115823	0.00850055	0.00521118	0.0144601	0.0256542	0.0177098	0.0179256	0.543673	0.0928611
81	0.0631149	0.000810914	0.265587	0.0862507	0.00131069	0.0208936	0.0612755	0.0019842	0.143456	0.00901779	0.00224459	0.130176	0.0249738	0.0636711	0.0433983	0.0408394	0.0140297	0.00807304	0.00141278	0.0174797
82	0.102989	0.00312568	0.301682	0.0331218	0.00479557	0.0565477	0.0308868	0.00735631	0.0170728	0.0181147	0.0049031	0.150254	0.0434358	0.0218894	0.011044	0.116097	0.0283747	0.0212784	0.019529	0.00750265
83	0.00323736	0.00349898	0.000970282	0.00431159	0.269567	0.0090529	0.0338519	0.00704575	0.00572324	0.0344948	0.00828057	0.0200055	0.000790787	0.00207131	0.00723165	0.0133447	0.00773693	0.0155354	0.0126639	0.540585
84	0.13275	0.0117133	0.00356579	0.00997913	0.00847835	0.69224	0.0163959	0.00312804	0.00808567	0.00437208	0.00664358	0.00867047	0.00201845	0.00349851	0.010139	0.052687	0.0116368	0.0111253	0.000829815	0.00204184
85	0.122151	0.0124039	0.0167724	0.0274247	0.010545	0.480686	0.01631	0.0104736	0.0138039	0.0156249	0.0112677	0.0198445	0.00584381	0.0228689	0.0183457	0.0790069	0.0856001	0.0201184	0.00231714	0.00859159
86	0.0399355	0.00552359	0.00590675	0.0136048	0.00434222	0.0124993	0.0158651	0.00926415	0.352866	0.0132284	0.0134678	0.0147423	0.00454816	0.0275495	0.328117	0.0320238	0.0307925	0.0456962	0.005567	0.0244593
87	0.224746	0.000910195	0.037969	0.0277612	0.00908761	0.0368872	0.00865938	0.0210691	0.0319737	0.0277657	0.0112057	0.0318349	0.165076	0.0146322	0.0498644	0.209346	0.0610768	0.0215805	0.00264119	0.00591357
88	0.0373021	0.0148345	0.0123576	0.0498464	0.00188015	0.0232027	0.0154346	0.0103824	0.199615	0.0148285	0.0111557	0.0302199	0.00521979	0.179513	0.300506	0.0519165	0.0222323	0.0155279	0.00206554	0.00195984
89	0.00714779	0.00444726	0.00250912	0.00651748	0.253481	0.00869457	0.0451387	0.0101363	0.0089614	0.0316669	0.00927622	0.0219531	0.00199421	0.00505274	0.0125478	0.015512	0.0109345	0.0142375	0.0289547	0.500836
90	0.108311	0.0276844	0.00199192	0.00727573	0.0115494	0.014741	0.00203356	0.261929	0.00277712	0.0807453	0.0524137	0.00358497	0.00187361	0.00264367	0.00402347	0.0229847	0.0364951	0.350452	0.00139048	0.00509949
91	0.0847323	0.00300435	0.0828758	0.134167	0.00104826	0.050676	0.00708348	0.00595603	0.132005	0.00712797	0.0126774	0.108207	0.00316014	0.116897	0.118615	0.071618	0.035612	0.00649558	0.00850019	0.00954099
92	0.0293409	0.00401231	0.0107761	0.0310766	0.0671506	0.0196783	0.0092585	0.0110362	0.0124578	0.0326684	0.0332355	0.0216782	0.0172518	0.0099378	0.0235036	0.0658863	0.0204129	0.0221903	0.476694	0.0817543
93	0.503997	0.00727556	0.00635422	0.00522133	0.00396379	0.175091	0.00453852	0.010464	0.00426992	0.0128248	0.00561033	0.00541376	0.00911483	0.0049182	0.0118941	0.12938	0.0375684	0.0568498	0.00109275	0.00415775
94	0.0300099	0.00705263	0.0194392	0.0428923	0.000709264	0.045346	0.00947301	0.00729467	0.240757	0.0107927	0.00709027	0.0547351	0.00449472	0.101127	0.33097	0.0529384	0.0222287	0.00510743	0.00494519	0.00259675
95	0.0985614	0.00096301	0.232514	0.351102	0.00118637	0.018419	0.032283	0.0111422	0.0191439	0.0165988	0.00732542	0.0392921	0.0115106	0.034059	0.0429901	0.0294583	0.0458347	0.00555193	0.000495168	0.00156957
96	0.080965	0.00283626	0.155424	0.29456	0.00213419	0.0847348	0.0159984	0.00928917	0.0303167	0.0152791	0.00607385	0.044807	0.00712543	0.0888127	0.0430385	0.0553536	0.0417989	0.0105653	0.00242117	0.00846589
97	0.106786	0.00142117	0.218469	0.335898	0.00128527	0.0253102	0.0316622	0.0116308	0.0207329	0.0149649	0.0068848	0.041457	0.0118699	0.0363729	0.0443044	0.0341411	0.0473325	0.00569888	0.000797905	0.00297948
98	0.0205018	0.00313717	0.00245993	0.0057424	0.431757	0.00671581	0.0375906	0.0317987	0.0106865	0.10924	0.0121214	0.0135653	0.00774927	0.012293	0.0161343	0.0193209	0.0102468	0.0324388	0.0348925	0.181607
99	0.00335336	0.0036738	0.000897272	0.00424511	0.279337	0.00805777	0.035163	0.00652373	0.00596974	0.0313546	0.00749949	0.0197932	0.000789317	0.00223684	0.00668987	0.0117061	0.0078673	0.0131232	0.0137067	0.538012
100	0.0172456	0.000781618	0.00443938	0.0017403	0.00853603	0.0109308	0.0075324	0.0141186	0.0223252	0.00841684	0.0127481	0.0805034	0.00102175	0.00197725	0.0530984	0.229649	0.478673	0.0211722	0.000599999	0.0244899
101	0.019066	0.00181594	0.324001	0.0268329	0.0018846	0.00318564	0.0996819	0.00366988	0.00378014	0.00306156	0.00294232	0.332041	0.00172079	0.00260169	0.0110883	0.111427	0.0351212	0.0119851	0.00236719	0.00172616
102	0.194635	0.000901883	0.0427564	0.0551615	0.0059938	0.0299437	0.00932252	0.0148958	0.0274245	0.0347351	0.00768774	0.0207813	0.21895	0.028666	0.0476635	0.185783	0.0457005	0.0195441	0.0038347	0.00561873
103	0.0630027	0.00109262	0.00134509	0.00699835	0.0323377	0.0118878	0.0215049	0.0983333	0.0326634	0.118143	0.0608833	0.0313904	0.0201246	0.00678052	0.0114508	0.0953854	0.209062	0.150718	0.00071385	0.0261815
104	0.138806	0.0255771	0.000996378	0.00526955	0.0121445	0.00802204	0.00152858	0.312373	0.00199684	0.109616	0.0499909	0.00210963	0.00104628	0.00196301	0.00237473	0.0358057	0.0484996	0.233579	0.00209646	0.0062055
105	0.0255996	0.0111751	0.00825009	0.0227747	0.000704104	0.032576	0.00853924	0.0115501	0.274675	0.00822797	0.00529615	0.02863	0.00716203	0.074234	0.401752	0.0563853	0.0143175	0.005015	0.00173818	0.00139836
106	0.0961801	0.00397223	0.102686	0.151189	0.00112258	0.108262	0.00369143	0.00956426	0.0704073	0.00643974	0.00712728	0.0852111	0.00421174	0.107483	0.0899471	0.08797	0.0418253	0.0076802	0.0054724	0.00955653
107	0.0162564	0.00167424	0.00135486	0.00293588	0.385912	0.00326366	0.0587136	0.0391472	0.0117435	0.0386577	0.00322825	0.00711438	0.00109937	0.00883377	0.0164396	0.0160739	0.00437032	0.0201973	0.0587734	0.304211
108	0.00569778	0.00295853	0.000993412	0.00368902	0.36488	0.00660729	0.0317886	0.00953937	0.00680629	0.0378463	0.00625584	0.015207	0.00124234	0.00445912	0.00771295	0.0120467	0.00644036	0.0152744	0.0174225	0.443133
109	0.0196067	0.00262802	0.00964001	0.0450168	0.0053884	0.00758095	0.0135854	0.00646021	0.408842	0.0334599	0.114762	0.0247357	0.0029454	0.105754	0.140568	0.0166228	0.0221849	0.012938	0.00250312	0.00477735
110	0.132946	0.00217664	0.230528	0.0255798	0.00387505	0.0146352	0.0611899	0.015972	0.0150392	0.00825186	0.0037155	0.245333	0.0113398	0.00763896	0.00646766	0.143839	0.0334332	0.0280255	0.00608246	0.00393174
111	0.00598562	0.00508785	0.00125902	0.00634425	0.248356	0.00732679	0.086326	0.00669159	0.00742844	0.029239	0.011489	0.0293977	0.000995727	0.00423038	0.0105311	0.012309	0.0132224	0.0121753	0.0113931	0.490212
112	0.011601	0.00349645	0.000867759	0.00446316	0.0104153	0.00050888	0.000458381	0.295707	0.00203601	0.107942	0.0402388	0.0036179	0.0021945	0.000585847	0.00412806	0.00207794	0.0185288	0.48846	0.000187317	0.00248459
113	0.024737	0.0033812	0.0230099	0.0626673	0.00222967	0.0199812	0.0179737	0.0045033	0.311011	0.0207883	0.03511	0.0574765	0.00258402	0.130815	0.185976	0.0360017	0.0415564	0.0122033	0.00410568	0.00388902
114	0.421419	0.00192843	0.00211388	0.0029617	0.00456047	0.0110201	0.019922	0.00354558	0.0335794	0.00766608	0.00288259	0.0142466	0.00179364	0.00488409	0.0481506	0.074342	0.258796	0.0818085	0.00094181	0.00343788
115	0.0115913	0.00340261	0.00102081	0.0046714	0.0106422	0.000506039	0.000492054	0.292387	0.00204377	0.106803	0.0410312	0.00363809	0.00230389	0.000601763	0.0042031	0.00228152	0.0187168	0.490811	0.00019281	0.00265921
116	0.0116442	0.00318615	0.000620402	0.00364459	0.0143378	0.000600058	0.000614683	0.272019	0.00203316	0.17975	0.0441883	0.0035335	0.00210247	0.00107224	0.00367435	0.00196221	0.0174748	0.434137	0.00165812	0.0017471
117	0.028919	0.00450206	0.0176994	0.00553526	0.00465257	0.0416578	0.00851921	0.0128342	0.0261572	0.0158169	0.0283426	0.129314	0.00244388	0.00960596	0.0266764	0.211969	0.380595	0.0201911	0.00151988	0.0230486
118	0.0326322	0.00697425	0.0141426	0.0382996	0.00456181	0.030006	0.0493539	0.00998134	0.156028	0.0190909	0.0126977	0.0439347	0.00487663	0.164555	0.326399	0.0440172	0.0230577	0.0123852	0.00218849	0.00481735
119	0.0347906	0.0101636	0.00211459	0.00342716	0.0495864	0.00268724	0.0478061	0.0477108	0.0910257	0.0379502	0.0113864	0.0399595	0.00159089	0.0225542	0.158347	0.0279916	0.041736	0.346619	0.0010388	0.0215142
120	0.0329432	0.00201131	0.282188	0.0351696	0.00353738	0.00820717	0.0990448	0.00527373	0.0162022	0.00641263	0.00427373	0.314825	0.00649987	0.0107789	0.0146896	0.10235	0.034752	0.0140194	0.00279451	0.00402706
121	0.0170791	0.000756845	0.00436659	0.00175686	0.00834777	0.0110876	0.00767924	0.013997	0.0223609	0.00842299	0.0129298	0.0814012	0.00101614	0.00198389	0.0521874	0.229757	0.479147	0.0211469	0.000599449	0.0239762
122	0.0298268	0.00132423	0.00504576	0.0101918	0.170695	0.00637092	0.00550395	0.281719	0.00238489	0.171007	0.0437646	0.00295107	0.00622597	0.00747781	0.00626241	0.00960918	0.00995213	0.164249	0.0010546	0.0643835
123	0.020846	0.00154704	0.00720204	0.00359727	0.00561745	0.0263576	0.00513831	0.00759263	0.0175832	0.0260397	0.013108	0.224576	0.00175105	0.00923976	0.0337335	0.228783	0.338482	0.0107252	0.00104901	0.0170303
124	0.0209497	0.00122151	0.0408674	0.0257699	0.00160312	0.273096	0.0240472	0.00237406	0.136361	0.00324464	0.0039006	0.152109	0.00150185	0.068782	0.19393	0.0324848	0.00453295	0.00324858	0.000979189	0.00899695
125	0.0113249	0.00343764	0.0009289	0.00455112	0.0104761	0.000500352	0.00045818	0.293831	0.00204787	0.107269	0.0402993	0.0036161	0.00227365	0.000596102	0.00420429	0.00206487	0.0186167	0.490765	0.000172421	0.00256662
126	0.350252	0.00231184	0.00343217	0.0595894	0.00530959	0.00566151	0.0249752	0.0224953	0.0585947	0.0249387	0.0407752	0.00637006	0.0377108	0.0236752	0.0818518	0.0112268	0.0998485	0.135307	0.00177317	0.00390094
127	0.00497486	0.00365183	0.00124167	0.00486968	0.282294	0.00741712	0.0409392	0.0103423	0.00685319	0.0320039	0.00743949	0.0193978	0.000923638	0.00342144	0.00864508	0.0126284	0.0080519	0.01427	0.0206116	0.510023
128	0.0257953	0.0112959	0.00834324	0.0230791	0.00068219	0.0320358	0.00859174	0.0114657	0.273806	0.0082007	0.005363	0.028704	0.00699637	0.074495	0.401651	0.0567145	0.0144849	0.00511876	0.00177394	0.00140262
129	0.00787862	0.0108541	0.655648	0.117337	0.00184273	0.00289927	0.0126936	0.00399466	0.00233479	0.00682634	0.00248177	0.12165	0.0015729	0.00746269	0.00386272	0.0274112	0.00565017	0.00376552	0.001791	0.00204276
130	0.0377536	0.00537936	0.306886	0.444602	0.00226391	0.0116821	0.0140473	0.00657682	0.00804013	0.0136641	0.00505098	0.0395368	0.00543373	0.0263688	0.0179613	0.0195813	0.0225385	0.00604799	0.00112384	0.00546142
131	0.374398	0.00428424	0.0209758	0.0237922	0.0116022	0.0292814	0.0154867	0.0182494	0.0136147	0.0233448	0.0117803	0.0186975	0.161001	0.009978	0.0257734	0.14083	0.0470911	0.0345271	0.00272698	0.012565
132	0.449618	0.0109854	0.00214253	0.0117502	0.00410572	0.0455596	0.00700106	0.00413024	0.0129829	0.00840802	0.00226145	0.00610921	0.00225942	0.00574458	0.0193346	0.163236	0.20155	0.0393115	0.000907651	0.00260219
133	0.0664387	0.00730049	0.00493011	0.00677472	0.0373434	0.0045536	0.00311053	0.297025	0.00416727	0.0863661	0.0478757	0.00446679	0.00578514	0.00388343	0.00614743	0.0348419	0.0406115	0.328507	0.0028206	0.0070501
134	0.0173998	0.00371224	0.00132208	0.00279955	0.0945835	0.00184195	0.00650941	0.0343765	0.00191005	0.520355	0.213136	0.00228682	0.00557048	0.00772121	0.00233872	0.00595012	0.0137422	0.0521158	0.00308452	0.00924394
135	0.494199	0.00600264	0.00172264	0.00381144	0.00279197	0.256598	0.00331917	0.00758009	0.00269225	0.0102192	0.00453305	0.00308606	0.00142936	0.00213355	0.00885912	0.110265	0.033867	0.0447175	0.000785474	0.00138738
136	0.0188139	0.00240452	0.0038401	0.0227884	0.101395	0.0143272	0.00969554	0.00729108	0.00720771	0.0317588	0.0333796	0.0159635	0.0111972	0.00602365	0.0176341	0.0322799	0.0155512	0.0167437	0.509913	0.121792
137	0.0670505	0.00480262	0.0942213	0.214301	0.00611637	0.0402872	0.0399102	0.0117437	0.061163	0.0178093	0.0122301	0.115276	0.00651629	0.119065	0.0688338	0.0553603	0.0368368	0.0153418	0.00400421	0.00912995
138	0.021516	0.00279641	0.00155489	0.00355094	0.0462858	0.00209536	0.00264247	0.158057	0.00159202	0.443482	0.087887	0.00240251	0.00510626	0.0036024	0.0037124	0.00779181	0.0115435	0.183107	0.00608078	0.00519382
139	0.0629146	0.00554803	0.00324728	0.00737038	0.010768	0.00599818	0.0038382	0.430117	0.00368434	0.0472453	0.209909	0.00554284	0.00202572	0.00422319	0.0054654	0.0172054	0.0357724	0.13285	0.00279796	0.00347668
140	0.0519725	0.00434254	0.138039	0.0304709	0.0120422	0.0224696	0.057518	0.0120075	0.0371445	0.0201322	0.0122276	0.334858	0.0078117	0.0266593	0.0338695	0.105335	0.0503641	0.0238371	0.00413234	0.0147655
141	0.0613795	0.00370183	0.121638	0.450393	0.00766837	0.0256748	0.0210997	0.0145906	0.0212946	0.0227869	0.0108661	0.0354984	0.0103947	0.0526987	0.0360489	0.034548	0.0377843	0.0167549	0.00415814	0.0110206
142	0.238669	0.00431254	0.0216286	0.0248139	0.0148068	0.0270685	0.0119164	0.0356467	0.017015	0.0465082	0.0104785	0.016733	0.217599	0.0134746	0.0339718	0.163384	0.0552107	0.0372374	0.00245317	0.0070728
143	0.0078374	0.00206703	0.00283068	0.0354625	0.00293229	0.00396858	0.184338	0.00584917	0.0463558	0.00835093	0.00638059	0.0503367	0.00230093	0.336828	0.256951	0.0177818	0.0175898	0.00736909	0.000926434	0.00354321
144	0.0638481	0.194627	0.0716671	0.0238287	0.013987	0.0287635	0.0186265	0.0171426	0.0158495	0.0265732	0.0143924	0.0266473	0.0182158	0.0202305	0.0172466	0.212493	0.0623494	0.082729	0.00719065	0.0635919
145	0.0835096	0.00113938	0.0312098	0.0674686	0.0109325	0.0315804	0.0139386	0.0369304	0.0458909	0.0667619	0.0135771	0.0219146	0.210543	0.060227	0.0543326	0.0965683	0.0835372	0.0371036	0.00573511	0.0270993
146	0.130907	0.021567	0.0271498	0.0163407	0.00191162	0.076838	0.0227129	0.0374972	0.0158173	0.0231627	0.0292429	0.0627166	0.0074452	0.0416793	0.00319749	0.196142	0.197942	0.0711077	0.00247485	0.014148
147	0.022389	0.0306496	0.525839	0.139331	0.0031167	0.00918197	0.0146266	0.00578954	0.00630462	0.00765208	0.00450558	0.123716	0.00276351	0.0110846	0.00932138	0.0546224	0.0132648	0.00631514	0.00287017	0.00665606
148	0.0824054	0.000941846	0.03701	0.0382751	0.00565554	0.0161773	0.00951514	0.0309929	0.0463626	0.0594488	0.00920534	0.0235266	0.260375	0.0447463	0.0542097	0.133727	0.0612735	0.0496684	0.0108663	0.0256176
149	0.27276	0.0109033	0.00389589	0.0330749	0.00381203	0.0823905	0.00381854	0.00420564	0.0042467	0.00923154	0.00416338	0.00567411	0.00259198	0.00564746	0.00679734	0.228096	0.30333	0.0114425	0.00138483	0.00253376
150	0.0911733	0.0118301	0.00610119	0.014779	0.00899271	0.721453	0.0206997	0.00234759	0.00808752	0.00364506	0.00570951	0.00962817	0.00182209	0.00654517	0.0092525	0.0569932	0.0103293	0.00733808	0.000824863	0.00244809
151	0.0632888	0.000855809	0.252394	0.078646	0.00134753	0.0205071	0.0618493	0.00185414	0.151128	0.00911854	0.00297021	0.136365	0.0242787	0.0623303	0.0480212	0.0420707	0.0151878	0.00849012	0.00153499	0.0177627
152	0.0654165	0.00134988	0.00156006	0.00683575	0.0311935	0.0125838	0.0216898	0.0946716	0.0322105	0.115	0.0593797	0.0319446	0.0211227	0.0081629	0.0114102	0.0944889	0.218242	0.145893	0.000702536	0.0261414
153	0.0101079	0.00157168	0.000683029	0.00210878	0.0463833	0.00185977	0.000932267	0.0923032	0.000831003	0.591067	0.102284	0.00114517	0.00468902	0.00260492	0.00226522	0.00265538	0.00543218	0.121667	0.00889031	0.000518365
154	0.0236451	0.00443064	0.00786793	0.0615314	0.00445317	0.0375687	0.0365351	0.00978151	0.0792743	0.0250791	0.0586086	0.0468742	0.00400561	0.340821	0.0749931	0.0276612	0.0969423	0.0522355	0.00193275	0.00575852
155	0.0472433	0.00549021	0.000786462	0.00378757	0.0238013	0.0021056	0.000804672	0.362824	0.00161812	0.124863	0.0532658	0.00230475	0.00126185	0.00117	0.00267175	0.0145609	0.0300185	0.315149	0.00286514	0.00340762
156	0.126997	0.0042616	0.103566	0.192978	0.00114201	0.0667787	0.00705529	0.0113948	0.0688953	0.00731693	0.00942552	0.0869088	0.00440919	0.092175	0.0729942	0.075912	0.0491519	0.00593976	0.00594668	0.00675061
157	0.0802999	0.00263897	0.184875	0.315456	0.00381171	0.0249009	0.0255954	0.0107983	0.0257268	0.0345837	0.00974688	0.0429271	0.0244305	0.0419111	0.0563263	0.0574247	0.0395401	0.0103708	0.00337274	0.00526283
158	0.0502121	0.00364874	0.00358605	0.0114465	0.0441942	0.00689948	0.0094441	0.121356	0.0103894	0.199727	0.126047	0.0112963	0.00637189	0.0100361	0.00940995	0.0391756	0.0984806	0.220169	0.00484418	0.0132666
159	0.386179	0.0344673	0.00326907	0.00346582	0.00725963	0.0322202	0.00271126	0.00593958	0.00796607	0.0163837	0.00339631	0.00529796	0.00661257	0.0105245	0.00997043	0.299375	0.11075	0.0484892	0.00244532	0.00327702
160	0.314579	0.00223516	0.0210341	0.023166	0.0184878	0.0487626	0.00679138	0.0213243	0.0145096	0.0295139	0.00586542	0.0197878	0.104095	0.00614939	0.0330001	0.223085	0.0746308	0.0276915	0.000858486	0.00443202
161	0.00364614	0.00516927	0.000994249	0.00522283	0.259297	0.00714438	0.0579968	0.00663466	0.00741517	0.0291754	0.00801785	0.021987	0.000759887	0.00207211	0.00675057	0.0103606	0.0099134	0.0108083	0.0126724	0.533963
162	0.014443	0.00381443	0.000712103	0.00378463	0.0132799	0.000691008	0.000532954	0.295167	0.00199802	0.122093	0.0403363	0.00397196	0.0017713	0.000807401	0.00364541	0.00356687	0.0210794	0.465391	0.000471297	0.00244422
163	0.0476736	0.00384456	0.0524703	0.0464945	0.00498899	0.0452142	0.0248165	0.00814025	0.265071	0.0138438	0.0259403	0.148784	0.00876682	0.0561596	0.137243	0.045039	0.0317085	0.0167633	0.00534715	0.0116904
164	0.0600881	0.00277573	0.027529	0.00473798	0.0193926	0.0123224	0.00484058	0.0063395	0.0348862	0.0338863	0.0195175	0.0257706	0.00819539	0.0141325	0.051637	0.39116	0.245485	0.0274949	0.00124156	0.00856696
165	0.0197406	0.00243277	0.000733966	0.00223708	0.0412108	0.00187538	0.000937468	0.172712	0.000966279	0.470982	0.0851111	0.00136768	0.00362795	0.00234639	0.00225009	0.00585125	0.0121018	0.164964	0.00721579	0.00133602
166	0.186739	0.00517945	0.221905	0.0992787	0.00831687	0.0354153	0.0314784	0.0155442	0.0282038	0.0182596	0.010505	0.0780642	0.0325368	0.0279031	0.0281601	0.0897147	0.0382504	0.024493	0.0068631	0.0131896
167	0.056424	0.00197869	0.0214985	0.0428573	0.00302072	0.0046863	0.0207224	0.00410738	0.281213	0.00758595	0.0359761	0.316175	0.00237689	0.0287231	0.0738704	0.0277073	0.0236285	0.0262279	0.00297809	0.0182427
168	0.0207539	0.00388801	0.0105434	0.0667746	0.0116161	0.0117101	0.3157	0.0198737	0.0206418	0.0265552	0.0213032	0.0595207	0.00550904	0.260588	0.0664962	0.0241869	0.0181428	0.01785	0.00236815	0.0159782
169	0.0137526	0.00339021	0.000713389	0.00197282	0.0519105	0.00121318	0.00271851	0.0488304	0.00109728	0.597383	0.174009	0.00113395	0.00527275	0.00354209	0.00163529	0.00459458	0.00668447	0.0720117	0.00498985	0.00314514
170	0.0102496	0.00360456	0.000601101	0.0038991	0.0113376	0.000686696	0.000486254	0.287078	0.00206588	0.142849	0.0407978	0.00373247	0.0020119	0.000635885	0.00370639	0.00158802	0.017686	0.464272	0.000757777	0.00195357
171	0.0519213	0.00600264	0.0573502	0.102561	0.00857881	0.154153	0.012036	0.00988004	0.00991752	0.016809	0.0107678	0.0194074	0.00449189	0.119141	0.0227956	0.113783	0.244085	0.0189954	0.00301351	0.0143094
172	0.0168803	0.00351798	0.00132128	0.0046486	0.012802	0.00110186	0.000607244	0.291933	0.00203346	0.101949	0.0384828	0.00346508	0.00337689	0.000817719	0.00419231	0.00335732	0.0201446	0.486594	0.000212662	0.00256146
173	0.097888	0.0111896	0.00473797	0.0115322	0.0090617	0.721077	0.017362	0.00260097	0.0104611	0.00401451	0.0065363	0.0117442	0.00145662	0.00604302	0.0131015	0.0489	0.0094728	0.00976704	0.000856855	0.00219704
174	0.0625548	0.00119012	0.00143241	0.0069603	0.0342543	0.0127417	0.0231121	0.0966468	0.0315825	0.122338	0.0644553	0.0314533	0.0199177	0.0070618	0.0115891	0.0934897	0.206201	0.144762	0.000730859	0.0275266
175	0.0636107	0.00697933	0.0878373	0.377056	0.0135747	0.0248258	0.0223757	0.0203971	0.0231265	0.0736531	0.019069	0.029916	0.0208984	0.0454125	0.038159	0.0442997	0.0389276	0.0295148	0.00747355	0.0128934
176	0.123586	0.0110494	0.00355519	0.0113036	0.00824535	0.692461	0.0162711	0.00287933	0.00828115	0.00460457	0.00641578	0.00805571	0.00361733	0.00467715	0.00985851	0.0547679	0.016851	0.0107406	0.000763742	0.00201581
177	0.0136212	0.00180359	0.00165574	0.00300469	0.419112	0.00359097	0.0476457	0.0283741	0.013637	0.0313398	0.00395684	0.00769106	0.00102176	0.00993263	0.0157203	0.0147896	0.00479922	0.0167227	0.0596168	0.301964
178	0.0109563	0.00632487	0.00326424	0.00783288	0.20595	0.0098532	0.0816945	0.0124799	0.00947908	0.0315069	0.00821345	0.0592343	0.00279634	0.0146374	0.0391361	0.0214598	0.0137998	0.0211375	0.0150408	0.425203
179	0.10554	0.0212829	0.00743046	0.0120742	0.00931675	0.659009	0.0312126	0.00372214	0.0163396	0.004668	0.00699163	0.0203366	0.00290512	0.00661503	0.011643	0.0531677	0.0127262	0.00965203	0.00110939	0.00425752
180	0.116972	0.000946719	0.0871135	0.0579544	0.00284269	0.0123268	0.0150218	0.0108456	0.0354602	0.051636	0.0100972	0.0304552	0.241744	0.0371148	0.0768822	0.139586	0.036288	0.0217133	0.00839644	0.0066026
181	0.0503607	0.00122684	0.00330549	0.0190347	0.108054	0.0089071	0.00208578	0.194706	0.00244665	0.141412	0.0758549	0.00208518	0.00411035	0.00661981	0.00797504	0.0183553	0.0482026	0.265211	0.0048539	0.0351937
182	0.095449	0.0326628	0.00706325	0.012821	0.0122519	0.632046	0.0210546	0.00952367	0.0116548	0.0104858	0.0102724	0.014043	0.00444052	0.00750623	0.01494	0.0564844	0.0191972	0.0202637	0.00168227	0.00615785
183	0.161742	0.0646503	0.0110055	0.00805421	0.00400144	0.0550822	0.00894886	0.0154748	0.00883692	0.0336595	0.0130208	0.0224376	0.0234061	0.0359725	0.00553519	0.230066	0.20342	0.0757064	0.0112976	0.00768191
184	0.0639307	0.00535879	0.319437	0.0439773	0.00510411	0.033901	0.0363415	0.00863048	0.015735	0.0163804	0.00836703	0.172478	0.0258969	0.0195034	0.0211452	0.109881	0.027298	0.0199418	0.0370581	0.00963557
185	0.0129807	0.00179912	0.00131872	0.00295591	0.418169	0.00393061	0.0469735	0.0271888	0.0122132	0.0315755	0.00380126	0.00798779	0.00118516	0.0087961	0.0153494	0.0147188	0.00466028	0.0166344	0.0585789	0.309183
186	0.0125798	0.00367638	0.000728517	0.00408558	0.0100891	0.000646741	0.000621383	0.307123	0.00271311	0.113259	0.0400927	0.003892	0.00196219	0.000760557	0.00446251	0.00255433	0.0192715	0.468913	0.000463051	0.00210591
187	0.103368	0.00315989	0.0110234	0.0898541	0.0310281	0.0989626	0.00683482	0.0076625	0.00737343	0.0625721	0.00747473	0.0095212	0.00409821	0.0972291	0.166511	0.138618	0.134933	0.0113231	0.0023684	0.00608347
188	0.0389276	0.00274301	0.237386	0.0192345	0.00449198	0.00507216	0.120326	0.00686197	0.00732333	0.00633076	0.00423201	0.32338	0.00301903	0.00539985	0.010929	0.10916	0.0619174	0.0265819	0.00272278	0.00396044
189	0.101682	0.0042412	0.0157599	0.0422974	0.0830587	0.00844682	0.26172	0.0105409	0.00796951	0.0120598	0.00994833	0.204732	0.00624705	0.0503896	0.0113943	0.120732	0.015891	0.0175993	0.00264516	0.0126461
190	0.0574029	0.00211807	0.01832	0.0539812	0.0176272	0.00421641	0.0339959	0.0190489	0.066421	0.164888	0.0729185	0.0451856	0.00265165	0.176063	0.222793	0.0235285	0.00707717	0.00678825	0.00163192	0.00334252
191	0.114968	0.00109942	0.086117	0.0549088	0.00282811	0.0117513	0.0162229	0.0107951	0.0363136	0.050584	0.0106592	0.0306867	0.248862	0.0372745	0.0792945	0.13494	0.0356622	0.0212251	0.00912323	0.00668391
192	0.140136	0.0175677	0.11938	0.10346	0.0130824	0.0999667	0.0515829	0.0113329	0.0082543	0.00634208	0.00356512	0.0831616	0.0296636	0.0403348	0.0127721	0.108716	0.086978	0.00747824	0.0026068	0.053618
