318	20
1	0.0288854	0.00613137	0.00120804	0.000525619	0.0543384	0.00258709	0.000907513	0.226241	0.00280603	0.349908	0.0954295	0.00493274	0.00556654	0.000395753	0.000320847	0.00497804	0.0160694	0.194071	0.00210076	0.00259572
2	0.0240141	0.019098	0.0449655	0.0735863	0.00219565	0.0400888	0.107708	0.0127853	0.136869	0.0279562	0.00400335	0.053695	0.0412494	0.139532	0.121961	0.0594331	0.0381786	0.0134026	0.00107166	0.0382071
3	0.131035	0.00290726	0.044065	0.124656	0.0343243	0.0456418	0.0440488	0.0762378	0.0200721	0.0128104	0.00726446	0.0389491	0.0195772	0.0485744	0.00620685	0.0848539	0.117375	0.12912	0.00534376	0.00693734
4	0.0413936	0.00817132	0.00200978	0.000993537	0.0567723	0.00520268	0.00110007	0.216379	0.00375629	0.238525	0.0910335	0.00624214	0.00502799	0.00055197	0.000409114	0.00584664	0.0260846	0.285154	0.00193073	0.0034161
5	0.0178131	0.00422748	0.000616875	0.000525784	0.0619207	0.00443123	0.000625069	0.274862	0.000787115	0.359044	0.0393923	0.00199238	0.00934812	0.000432858	0.000369725	0.00639427	0.0199591	0.193439	0.00293051	0.00088883
6	0.0147151	0.0301282	0.00373556	0.00463682	0.33343	0.00343176	0.0149321	0.0364713	0.00114921	0.390257	0.0242081	0.00410996	0.00584444	0.0063143	0.000768527	0.0241829	0.0122617	0.0429141	0.00698708	0.0395213
7	0.109759	0.00420402	0.0616551	0.100267	0.00858245	0.104233	0.0504412	0.0272391	0.0702095	0.0150662	0.00613985	0.0590252	0.0171104	0.0562054	0.0344522	0.112728	0.0787283	0.0695368	0.00510199	0.00931559
8	0.0897995	0.00659708	0.018591	0.0189379	0.00880977	0.0403047	0.0199889	0.0241198	0.0812611	0.0195154	0.00952923	0.124484	0.01075	0.0136907	0.0295309	0.234129	0.211049	0.0273411	0.00484694	0.00672378
9	0.0571143	0.00133587	0.000718091	0.0119937	0.00788882	0.0160233	0.0310125	0.0296795	0.240971	0.0388869	0.0195982	0.0371234	0.0284165	0.044441	0.19883	0.074698	0.0666335	0.0592609	0.0183679	0.0170071
10	0.0167529	0.00498187	0.00043787	0.000531598	0.046891	0.00246061	0.00082856	0.171532	0.000787135	0.492426	0.0844242	0.00110718	0.00791247	0.00058167	0.000251769	0.0069798	0.0137021	0.142466	0.0019811	0.00296455
11	0.217123	0.128208	0.0031819	0.00291112	0.0620437	0.00733407	0.00351091	0.0241356	0.00314958	0.0354783	0.00890781	0.0545969	0.00476545	0.00443856	0.00331011	0.17701	0.128516	0.099977	0.00240532	0.0289972
12	0.0498618	0.00995928	0.00057467	0.000875195	0.0665575	0.00562264	0.00141268	0.169921	0.00129723	0.346619	0.0673882	0.00106635	0.0138657	0.000361937	0.000268748	0.00626392	0.0249214	0.22603	0.005398	0.00173357
13	0.0178638	0.00583762	0.000880181	0.00116686	0.0502447	0.00368018	0.00329424	0.175826	0.00260533	0.475709	0.0835216	0.00266312	0.00667151	0.0015743	0.00159829	0.0093536	0.0152846	0.136039	0.00176385	0.00442261
14	0.0132239	0.00722811	0.00204284	0.000497667	0.0465713	0.00168753	0.000747872	0.1983	0.00579414	0.381688	0.153638	0.00931311	0.00398753	0.000705112	0.000377854	0.0067039	0.0147973	0.145809	0.00133349	0.00555397
15	0.0922801	0.00539101	0.00190539	0.00210343	0.0535077	0.0134158	0.00166842	0.105115	0.00684427	0.172759	0.0199766	0.00354323	0.248876	0.00161973	0.000931215	0.0513294	0.0460126	0.165806	0.00443309	0.00248228
16	0.139008	0.178287	0.00297028	0.002183	0.0382238	0.00958498	0.00218164	0.0229385	0.0019817	0.0373537	0.0104744	0.0315376	0.00500117	0.00225991	0.00165801	0.26802	0.148037	0.0848193	0.00162165	0.0118585
17	0.0633417	0.00668301	0.00110952	0.00193913	0.0610381	0.0179007	0.00134831	0.199293	0.00203431	0.166748	0.0403977	0.00249063	0.00649842	0.000594805	0.00044976	0.0115131	0.0408906	0.371046	0.00287881	0.00180382
18	0.0633021	0.00603338	0.0013749	0.00171904	0.0617601	0.00800785	0.00245985	0.114452	0.0069731	0.242767	0.0365965	0.00359776	0.228315	0.00173099	0.00104356	0.0376252	0.0332001	0.141262	0.00415086	0.00362798
19	0.148202	0.00730997	0.00131066	0.00157112	0.0676463	0.00682007	0.00404111	0.122777	0.00225418	0.257547	0.0722285	0.000991221	0.00767213	0.000685805	0.000508006	0.00723574	0.039354	0.2469	0.00332167	0.00162414
20	0.544132	0.00620553	0.0016219	0.00228051	0.00462712	0.0621353	0.00186046	0.00336062	0.00108486	0.00901786	0.00181775	0.00401498	0.00138576	0.00094431	0.00489909	0.203271	0.12475	0.0206895	0.000705434	0.00119497
21	0.0260169	0.0039347	0.00161644	0.00109104	0.03887	0.00501979	0.000656588	0.309937	0.00231613	0.128138	0.0428238	0.00462594	0.0015162	0.000510807	0.000427313	0.00445319	0.0279717	0.398455	0.000684232	0.000936401
22	0.142298	0.00734267	0.00129324	0.00152377	0.0665482	0.00434133	0.00432654	0.124564	0.00223007	0.262124	0.0737946	0.000978989	0.00754633	0.000630375	0.00048454	0.00486406	0.0373946	0.252563	0.00349865	0.00165247
23	0.169897	0.0165901	0.0458845	0.085407	0.00768137	0.134505	0.0161152	0.0188549	0.0147015	0.0157555	0.00569019	0.0227047	0.0208275	0.022905	0.00458517	0.244836	0.0743074	0.0681183	0.00696295	0.00367054
24	0.0404766	0.0142474	0.00675263	0.00660687	0.0312056	0.0166443	0.0105062	0.0908417	0.013032	0.207421	0.0243197	0.053722	0.0652208	0.0127137	0.0114282	0.0798857	0.0737428	0.0918961	0.13711	0.0122258
25	0.0370097	0.00225579	0.000849587	0.00138242	0.0320108	0.00798534	0.000660373	0.228231	0.000988613	0.0681707	0.0178233	0.00155568	0.00116578	0.00067931	0.000483323	0.00609341	0.0555196	0.535794	0.000605484	0.000736049
26	0.0416027	0.0251188	0.00441495	0.00581787	0.345854	0.0152192	0.0146711	0.0575459	0.00296598	0.200312	0.0253214	0.00485275	0.00713664	0.00386906	0.00195825	0.0386583	0.0254008	0.0777266	0.00863028	0.092924
27	0.197985	0.0138002	0.000695044	0.00188983	0.107775	0.0701528	0.000840672	0.121676	0.000820162	0.130658	0.010775	0.00121144	0.0091696	0.0010049	0.000943442	0.072875	0.0733738	0.176744	0.00529249	0.00231791
28	0.0231503	0.0516881	0.00413853	0.0028325	0.264966	0.00739952	0.0113516	0.0435196	0.00193171	0.364719	0.0453201	0.00536149	0.0148152	0.0113989	0.00126315	0.0300988	0.0120008	0.047548	0.018619	0.0378774
29	0.291008	0.0204907	0.0093722	0.0087034	0.0062662	0.099715	0.00656898	0.0115236	0.00552279	0.0161205	0.00473245	0.0171702	0.00514429	0.00260755	0.00465528	0.284382	0.174964	0.0256988	0.00308398	0.00227062
30	0.0151094	0.0104328	0.00121704	0.00137564	0.0643425	0.00410398	0.0035041	0.0863797	0.00300956	0.541311	0.11951	0.0036758	0.0110766	0.00351861	0.00105325	0.0219113	0.0127436	0.0839428	0.00521546	0.00656679
31	0.00968255	0.00240745	0.000565835	0.000346801	0.0444674	0.00174139	0.000458992	0.276304	0.000620044	0.421916	0.0576882	0.00181582	0.00306067	0.000376681	0.000295892	0.0046703	0.0117226	0.159651	0.00107	0.00113885
32	0.433223	0.0265624	0.00947601	0.008861	0.00875141	0.142306	0.00319342	0.00929917	0.00312949	0.0202395	0.00323266	0.00525722	0.00301892	0.00251885	0.0058476	0.195234	0.0847297	0.0305268	0.00292902	0.00166326
33	0.0055947	0.00553078	0.000606923	0.000508311	0.0305805	0.0015909	0.00056462	0.118328	0.000839236	0.580149	0.125173	0.00133969	0.00817631	0.000492544	0.000299184	0.00883662	0.00990029	0.0971889	0.00107176	0.00322857
34	0.122999	0.0357152	0.00308514	0.00186776	0.016962	0.00331265	0.00175762	0.291854	0.00233571	0.0302303	0.167391	0.00443425	0.0182725	0.00196349	0.00145557	0.0337296	0.129956	0.128015	0.00190942	0.0027533
35	0.069454	0.00988078	0.00536633	0.00645083	0.0453779	0.013413	0.0110928	0.0642368	0.0209679	0.212412	0.0317609	0.00986708	0.258792	0.0116702	0.0121255	0.062133	0.0452851	0.0924343	0.00824509	0.00903435
36	0.0676907	0.035734	0.00487566	0.00752292	0.221232	0.0147154	0.0172893	0.0313461	0.0078983	0.302249	0.0405943	0.00878285	0.00884434	0.0431965	0.00398409	0.0691296	0.0246933	0.047207	0.018503	0.0245113
37	0.336966	0.00957375	0.00760572	0.0132113	0.00982758	0.0568187	0.0140095	0.0218965	0.0600588	0.0284709	0.0122264	0.0149486	0.0128428	0.0188895	0.0686198	0.141413	0.102969	0.0532351	0.00871578	0.00770083
38	0.0376727	0.00648229	0.120702	0.267686	0.00378844	0.0293086	0.0541387	0.0142073	0.088726	0.0194228	0.0113283	0.0409233	0.0155745	0.106336	0.046451	0.0525183	0.0309414	0.0357218	0.00186346	0.0162078
39	0.0409993	0.00705504	0.0156413	0.0334538	0.00533693	0.0264605	0.066775	0.0225468	0.193146	0.0411316	0.0133761	0.0473013	0.0358655	0.0788033	0.174782	0.0732249	0.0545647	0.036954	0.0103379	0.0222441
40	0.0144494	0.00355672	0.000943192	0.000430106	0.0452147	0.00187312	0.00058172	0.25489	0.00164	0.404401	0.0749054	0.00342546	0.00423458	0.00039025	0.000253144	0.00517124	0.013099	0.167416	0.00127877	0.00184613
41	0.180882	0.0464716	0.0296741	0.0216458	0.00905994	0.212146	0.00635691	0.00875474	0.0101941	0.0245311	0.0079227	0.0197108	0.00923939	0.00545036	0.00580165	0.305162	0.061162	0.0275911	0.00468378	0.00355959
42	0.0111793	0.0206213	0.00288111	0.00374897	0.484848	0.00833902	0.0146338	0.0285205	0.00121685	0.109048	0.0093563	0.00323977	0.00225013	0.00143577	0.00101114	0.0319506	0.0128153	0.0329592	0.0160234	0.203922
43	0.144121	0.00939068	0.000973443	0.00177247	0.0819199	0.0286847	0.00210846	0.138236	0.00154801	0.188377	0.0389591	0.00135134	0.00808925	0.000863724	0.000759028	0.0295795	0.0542701	0.263254	0.00382975	0.00191275
44	0.18569	0.0408446	0.0118109	0.0182075	0.014407	0.0532691	0.0128169	0.0268341	0.017956	0.0352675	0.00933363	0.0285127	0.00976096	0.0122572	0.0140979	0.251018	0.19503	0.0496199	0.00496836	0.00829713
45	0.0441531	0.0029002	0.168029	0.330437	0.00351428	0.0449329	0.0365822	0.0126029	0.0523663	0.0124117	0.00953299	0.0497936	0.00655971	0.07892	0.0160873	0.0551634	0.0268722	0.0404376	0.0011154	0.007589
46	0.0282719	0.0121761	0.0363713	0.0541583	0.0103965	0.0299649	0.167953	0.034919	0.0862404	0.0568955	0.018183	0.0469569	0.0284338	0.134003	0.0852759	0.0672465	0.0404953	0.0235177	0.00388519	0.0346551
47	0.0606546	0.00695295	0.000964327	0.00121045	0.0595064	0.0060465	0.00149876	0.203731	0.00144535	0.275141	0.0500993	0.00154355	0.00744861	0.000401378	0.000310061	0.00467997	0.0284116	0.285595	0.00304952	0.00130997
48	0.568682	0.00449856	0.00120764	0.00176782	0.00357761	0.0726382	0.00103625	0.00202321	0.000880678	0.00929436	0.00125402	0.00250381	0.000888757	0.000572637	0.00565019	0.201536	0.10173	0.0189008	0.000550585	0.000807467
49	0.0193423	0.0503705	0.00877723	0.00314928	0.340276	0.00452324	0.0111615	0.0449795	0.00141462	0.279388	0.0268984	0.0101017	0.00526762	0.00556295	0.000980935	0.0298725	0.0104556	0.0553006	0.00947608	0.0827008
50	0.0251426	0.0278381	0.00203919	0.0129136	0.274753	0.0228548	0.0519381	0.0197979	0.00163585	0.0324212	0.00371167	0.00267407	0.00170622	0.00180596	0.00139142	0.0784945	0.0183504	0.0197459	0.00978944	0.390996
51	0.172861	0.0259603	0.00370058	0.00462961	0.0509841	0.0342852	0.00423937	0.0987323	0.00525431	0.0946268	0.0167756	0.00886118	0.00989449	0.0061434	0.00451037	0.121079	0.187733	0.137139	0.00438644	0.00820357
52	0.117335	0.031113	0.0195414	0.0209825	0.0137308	0.174838	0.00888468	0.0158196	0.00875072	0.0553288	0.0109023	0.0461159	0.0122707	0.00862846	0.00660492	0.318866	0.0563043	0.0597388	0.00843138	0.00581195
53	0.0779673	0.0327017	0.0660895	0.0665977	0.00754291	0.0362863	0.0543192	0.0156729	0.0627788	0.0238464	0.00784735	0.0339947	0.102535	0.0861181	0.0769041	0.136021	0.043451	0.0241476	0.00957912	0.0355992
54	0.202244	0.0131355	0.0114096	0.0214485	0.0285924	0.0222825	0.0125883	0.0812003	0.00954365	0.0749189	0.0171106	0.0138651	0.0104676	0.0408195	0.00757043	0.0635447	0.183628	0.144196	0.00445988	0.036974
55	0.0952233	0.0078227	0.00238842	0.0021626	0.0592972	0.00668134	0.00249421	0.180276	0.00911502	0.217225	0.0783059	0.00671153	0.0124194	0.000784783	0.00074568	0.00837365	0.0340731	0.270104	0.0030064	0.00278914
56	0.141298	0.0397234	0.0175864	0.0169256	0.106867	0.170911	0.0115955	0.0423245	0.0125619	0.0661981	0.0181263	0.0150043	0.00983307	0.00853445	0.00818022	0.157505	0.0528434	0.0603224	0.00806174	0.0355974
57	0.386399	0.0306803	0.0139689	0.0116061	0.0115503	0.155099	0.00409998	0.0135079	0.00579044	0.0242635	0.00418429	0.00864013	0.00370682	0.00370296	0.00688045	0.199733	0.0770265	0.0344597	0.00289951	0.00180225
58	0.0114451	0.00635373	0.00119877	0.000545575	0.0381057	0.00232237	0.00132926	0.134559	0.00146247	0.540741	0.112978	0.00225414	0.00774472	0.000842007	0.00050807	0.0111169	0.0127011	0.108403	0.00153828	0.00385055
59	0.00728701	0.00613199	0.000752423	0.000605861	0.0310066	0.00249155	0.000954337	0.105488	0.00173044	0.574288	0.134528	0.00211642	0.00861123	0.00100157	0.000434847	0.0104408	0.0118099	0.0953201	0.00142216	0.00357828
60	0.0412027	0.0133782	0.0921791	0.0213812	0.0101041	0.0457838	0.0309625	0.0116848	0.0225051	0.0175207	0.00754488	0.427724	0.00728004	0.0104603	0.0134078	0.149425	0.0415072	0.0188447	0.00400915	0.0130951
61	0.432676	0.0145246	0.0058924	0.00990454	0.0212615	0.073531	0.00417616	0.0287678	0.00435284	0.040932	0.00940428	0.00778366	0.00653942	0.00477183	0.00764838	0.164085	0.0896047	0.0671196	0.00228066	0.00474348
62	0.319111	0.0200232	0.0080412	0.0142358	0.0167074	0.053469	0.00948292	0.0308601	0.0131023	0.0342554	0.0123581	0.016548	0.00699984	0.00845383	0.0105154	0.181384	0.175452	0.0583097	0.00418218	0.00650908
63	0.024837	0.0486979	0.00454746	0.00443295	0.424073	0.0135065	0.0136027	0.0301936	0.00184252	0.187606	0.0188948	0.00579067	0.0048731	0.00447947	0.00175889	0.038943	0.014453	0.0339456	0.0102914	0.11323
64	0.19427	0.0397027	0.035174	0.0247963	0.0105135	0.228562	0.0104499	0.0111732	0.0181724	0.0255084	0.00691759	0.0252396	0.00767148	0.00812108	0.0105064	0.237884	0.0658005	0.0286841	0.00565181	0.00520108
65	0.0320161	0.00832637	0.0957681	0.0234378	0.0113751	0.0370827	0.028812	0.0201829	0.0228938	0.0250839	0.0133549	0.473006	0.00781301	0.0131242	0.0141683	0.0950148	0.0347356	0.0263509	0.00468086	0.0127723
66	0.0929092	0.0065166	0.00272321	0.00476313	0.0477167	0.0106456	0.00210128	0.1666	0.00228812	0.139534	0.0361731	0.0023913	0.0039876	0.000876597	0.00109177	0.0121961	0.0480546	0.415737	0.00205275	0.00164104
67	0.0972515	0.0210026	0.0141483	0.0198107	0.029012	0.0302063	0.0205999	0.044155	0.042071	0.0726805	0.0192102	0.0234102	0.161703	0.0234461	0.0343462	0.116271	0.131853	0.0680063	0.01798	0.0128367
68	0.0611185	0.00490591	0.145446	0.307057	0.00789483	0.0488003	0.0330361	0.0191939	0.0385758	0.0167025	0.0102943	0.0426379	0.00753171	0.0708994	0.0135441	0.0720166	0.0360048	0.0514378	0.00335664	0.00954582
69	0.00687571	0.00584869	0.000633875	0.000475723	0.0291869	0.00189048	0.000605677	0.105122	0.000675897	0.591074	0.127402	0.000803565	0.00857448	0.000387788	0.000324196	0.00942247	0.0106037	0.0960496	0.000899177	0.0031442
70	0.0332987	0.00418794	0.00124771	0.00140487	0.0387042	0.00620146	0.00132598	0.307549	0.00130615	0.133628	0.0365689	0.00293489	0.0032262	0.00087674	0.000470935	0.00734948	0.0385915	0.37458	0.00131383	0.00523345
71	0.0331699	0.00495307	0.00139739	0.00141363	0.0412635	0.00559326	0.000923608	0.29028	0.00213934	0.155216	0.0453522	0.00414684	0.0027869	0.000668622	0.000581278	0.00713457	0.035727	0.364568	0.00120786	0.00147704
72	0.322202	0.0695838	0.0102642	0.00733775	0.0108711	0.127162	0.00210023	0.00723317	0.00292645	0.0230989	0.00492971	0.0109554	0.00470587	0.00292025	0.00542228	0.277096	0.0722353	0.0325385	0.00268382	0.00373385
73	0.0110429	0.00311961	0.000717681	0.000377243	0.048077	0.00191563	0.000466321	0.278986	0.00102285	0.39588	0.062335	0.00267218	0.00338408	0.000375985	0.000314771	0.00453583	0.0122801	0.169921	0.00123965	0.00133696
74	0.018132	0.0477872	0.0056171	0.00397507	0.317308	0.00433849	0.0163254	0.0362402	0.00115783	0.352044	0.0293939	0.00629777	0.0065509	0.00892738	0.000885711	0.0305011	0.00986746	0.0445101	0.00965532	0.0504849
75	0.443194	0.0136016	0.0077759	0.0100863	0.0171115	0.0732162	0.00449237	0.0259217	0.00769069	0.0330598	0.0109333	0.0100502	0.00646472	0.00436282	0.00934718	0.164313	0.0954303	0.0544862	0.00303989	0.00542276
76	0.0245825	0.0052404	0.000774935	0.000698294	0.045847	0.00362914	0.00089867	0.188927	0.0012429	0.426021	0.0801885	0.0018171	0.0065323	0.000768715	0.000405026	0.00716343	0.0178939	0.182843	0.00173226	0.00279391
77	0.0522156	0.00146284	0.00196815	0.0145099	0.00676891	0.0175068	0.0357656	0.0293284	0.235091	0.0407578	0.0190431	0.0396685	0.0307433	0.0482528	0.199563	0.0747432	0.0642612	0.0533034	0.0161276	0.0189182
78	0.0254036	0.014157	0.033869	0.0679296	0.00249395	0.0393348	0.102467	0.0178385	0.140346	0.0310653	0.00513772	0.06325	0.0374956	0.133387	0.121262	0.0747702	0.040055	0.0159898	0.00223029	0.0315169
79	0.0415824	0.00196981	0.153448	0.0859832	0.00326509	0.236652	0.0502278	0.00370189	0.0936783	0.0097199	0.00411123	0.150946	0.00271353	0.0157128	0.0235983	0.0990074	0.0155337	0.00494602	0.0014417	0.00176023
80	0.0443259	0.00622827	0.0141178	0.0495114	0.013775	0.0233337	0.0412151	0.0246941	0.230359	0.0556208	0.0472865	0.0339346	0.0252204	0.0746004	0.12658	0.0611181	0.0504294	0.0443856	0.0139213	0.019343
81	0.0342662	0.0113179	0.0036687	0.000967675	0.0496886	0.00239924	0.00113109	0.212272	0.00705478	0.228074	0.164511	0.0125288	0.00289881	0.000699581	0.000489694	0.0070631	0.0271028	0.227089	0.00133909	0.00543713
82	0.0400534	0.0185389	0.0522827	0.0793398	0.00363223	0.0412511	0.0998714	0.0156169	0.107576	0.0343838	0.0046694	0.0523759	0.0356183	0.124308	0.110752	0.0707724	0.0455515	0.0317508	0.00202604	0.0296285
83	0.0265694	0.00434552	0.00118702	0.000866841	0.0485479	0.00458095	0.000577762	0.275454	0.00185598	0.249297	0.0458441	0.00336216	0.0043412	0.000557268	0.000371083	0.00532785	0.0223514	0.302024	0.00152292	0.00101525
84	0.0247258	0.0061531	0.00150591	0.00248591	0.0414799	0.00377683	0.00144178	0.152105	0.00102568	0.455433	0.0871222	0.0016896	0.00836857	0.00110905	0.000444605	0.00894168	0.018207	0.177937	0.00206421	0.00398389
85	0.0366064	0.00980084	0.0247779	0.0500377	0.00627646	0.0329622	0.0673128	0.0214705	0.199878	0.0382943	0.0168829	0.0461214	0.030047	0.103412	0.13495	0.066106	0.048463	0.0329738	0.00888177	0.0247454
86	0.0247308	0.0763364	0.00555772	0.00503604	0.144341	0.00956445	0.0125912	0.0263122	0.00482733	0.365038	0.0252092	0.00675316	0.00919489	0.0871314	0.00318064	0.0306644	0.0172499	0.0624427	0.0361798	0.0476583
87	0.110873	0.140339	0.00600225	0.00398214	0.0210886	0.0425449	0.00424853	0.0220766	0.00256544	0.0373398	0.0104299	0.0240761	0.00921126	0.00384012	0.00313986	0.330362	0.149372	0.0629768	0.00780996	0.00772216
88	0.0510039	0.0125108	0.0149456	0.0257668	0.0396788	0.0250619	0.034852	0.0626372	0.124386	0.167317	0.0548198	0.0311975	0.0320491	0.0438698	0.0762824	0.0551737	0.046422	0.0714108	0.0136213	0.0169928
89	0.035142	0.0300686	0.00257053	0.00334584	0.0793902	0.00775829	0.00486156	0.105241	0.00250583	0.413876	0.0763711	0.00363158	0.0100032	0.0066002	0.00110674	0.0271965	0.0286293	0.142744	0.00730748	0.0116505
90	0.185126	0.0848181	0.0211238	0.0125461	0.0213899	0.264374	0.00520766	0.013362	0.00726707	0.0377304	0.00945501	0.0113561	0.00549002	0.00453836	0.00681057	0.214125	0.0546368	0.0296104	0.00493393	0.00609922
91	0.106727	0.0151866	0.0748955	0.13283	0.0190611	0.0901592	0.0258604	0.0191622	0.0308122	0.0222718	0.00953425	0.0391628	0.0161028	0.0374826	0.0165568	0.213164	0.0564203	0.0525109	0.00750709	0.0145928
92	0.0313977	0.00211924	0.000795151	0.00141563	0.0256916	0.00698177	0.000749434	0.300095	0.000784943	0.0587891	0.0152518	0.0013653	0.00112975	0.000754703	0.000566132	0.00561271	0.052923	0.491956	0.000611609	0.00100978
93	0.0138713	0.00509047	0.000922557	0.000520516	0.0530985	0.00255389	0.000934957	0.196594	0.00110985	0.47512	0.0791133	0.00204091	0.00596113	0.000514934	0.000294839	0.00713827	0.0129895	0.137049	0.00137404	0.00370893
94	0.182407	0.041892	0.0245294	0.0222711	0.0259373	0.0805202	0.0139651	0.0219275	0.016938	0.0348761	0.0113513	0.0398412	0.0200567	0.0130879	0.0126436	0.280755	0.0855247	0.0440319	0.00862634	0.0188173
95	0.103088	0.0193055	0.0614967	0.029935	0.0185768	0.0476744	0.0271457	0.0275049	0.0298979	0.0310244	0.0155709	0.305728	0.00869213	0.0177915	0.0196963	0.115265	0.0616294	0.0411859	0.00579913	0.0129923
96	0.0229718	0.0355718	0.00565503	0.00367489	0.0342041	0.0300107	0.00574025	0.057668	0.00378993	0.505723	0.104709	0.00456873	0.0105773	0.00859792	0.00252183	0.0208312	0.0568373	0.0739142	0.00595913	0.00647361
97	0.0137812	0.00648497	0.00112788	0.000861115	0.0400403	0.00225699	0.00123059	0.145849	0.00345523	0.505979	0.116424	0.00327122	0.00799515	0.00124934	0.000930439	0.00955079	0.0143545	0.119003	0.00168569	0.0044688
98	0.0201804	0.0309442	0.0042519	0.00807124	0.32693	0.00548582	0.0280934	0.0304317	0.00234105	0.351257	0.0237098	0.00468851	0.00538007	0.00917553	0.00143479	0.0335602	0.0171661	0.0424785	0.00801172	0.0464084
99	0.137187	0.0353216	0.0134489	0.0240182	0.0434625	0.0467084	0.0133755	0.0763781	0.0155023	0.0751167	0.0233428	0.026941	0.0182206	0.013203	0.0105377	0.156573	0.0821398	0.169718	0.00798452	0.0108213
100	0.00675512	0.00552299	0.000504672	0.000494789	0.0310661	0.00207378	0.00060594	0.109855	0.000561242	0.592889	0.117461	0.000979483	0.00870948	0.000622967	0.000316406	0.00926752	0.0102578	0.0977418	0.00112346	0.00319176
101	0.0436197	0.00726916	0.0477728	0.045832	0.00584445	0.0980678	0.0549458	0.0185377	0.171443	0.0306183	0.0130732	0.0713725	0.0258916	0.0590632	0.12972	0.0782316	0.0441965	0.0291811	0.0081591	0.0171607
102	0.0950701	0.112239	0.0125277	0.006097	0.017403	0.0338067	0.00428603	0.0180851	0.00351459	0.0294142	0.0122027	0.0215806	0.031861	0.00660706	0.00380913	0.407554	0.125844	0.0462779	0.00519181	0.00662782
103	0.355455	0.0229265	0.0114385	0.00809712	0.00846111	0.0778851	0.0041057	0.00942448	0.00476098	0.0186888	0.00538226	0.0136507	0.0074895	0.00489992	0.0062356	0.315657	0.092143	0.0276213	0.00275522	0.00292222
104	0.0266027	0.023638	0.00320643	0.00369481	0.279193	0.00673525	0.0103112	0.0710255	0.00206025	0.339871	0.0402444	0.00433546	0.00683687	0.00541949	0.00104604	0.0243471	0.0166974	0.0801453	0.00727856	0.0473109
105	0.0120322	0.0274643	0.00326604	0.00392909	0.342123	0.00266092	0.0125226	0.0333533	0.000826082	0.388166	0.0277148	0.00374513	0.00526951	0.00569215	0.000676317	0.0222991	0.00975612	0.044694	0.00688448	0.0469257
106	0.10821	0.0952457	0.00349589	0.00403062	0.263828	0.0643262	0.00579576	0.0443118	0.00281706	0.173139	0.0430392	0.00510977	0.00525671	0.00443943	0.00898414	0.0939273	0.0353774	0.0252835	0.00493567	0.00844653
107	0.213646	0.0857842	0.0182117	0.0100338	0.0165157	0.267875	0.00235492	0.0088121	0.00430883	0.0320285	0.00760922	0.0052492	0.00443144	0.00268912	0.00629776	0.21953	0.0554373	0.0289154	0.00613327	0.00413656
108	0.173875	0.0370828	0.0443373	0.034188	0.0157761	0.223455	0.0163781	0.0208847	0.0275364	0.0378128	0.0101639	0.0393049	0.00838961	0.0125539	0.0145324	0.177659	0.0561942	0.038918	0.00589803	0.00505939
109	0.00962764	0.00236271	0.000565265	0.000355624	0.0451368	0.00175087	0.000449625	0.279357	0.000572054	0.41819	0.0561413	0.00171465	0.00301511	0.000383441	0.000295739	0.00465231	0.0117784	0.16153	0.00105973	0.00106163
110	0.308553	0.00548716	0.00392366	0.00560116	0.0100939	0.00842737	0.00577853	0.0653201	0.09957	0.0188716	0.0341165	0.00685454	0.00572963	0.0074476	0.0756654	0.0504705	0.0856457	0.19155	0.00475204	0.00614113
111	0.05517	0.00107386	0.000713089	0.0121338	0.00753577	0.0161521	0.0317707	0.029989	0.242958	0.0388936	0.0193808	0.0373631	0.0290549	0.0453788	0.199244	0.075021	0.0664066	0.0577544	0.0168283	0.0171778
112	0.0386362	0.00165327	0.189357	0.402238	0.00185778	0.014159	0.0344717	0.0113436	0.0306422	0.0105443	0.0119494	0.0328167	0.00222417	0.0919267	0.00905881	0.0430884	0.0235118	0.0444397	0.000680668	0.00540026
113	0.0373527	0.0117449	0.0331762	0.061378	0.00471298	0.0339755	0.0804592	0.019827	0.153164	0.0337235	0.00968379	0.0494564	0.0365429	0.112145	0.143546	0.0683527	0.0473807	0.0289188	0.0071837	0.0272758
114	0.0517269	0.00152676	0.00214483	0.0150449	0.00669863	0.0178111	0.0362922	0.0293903	0.235088	0.0411561	0.018907	0.0399224	0.0312486	0.0492292	0.19829	0.0743781	0.0638828	0.0526629	0.0158043	0.0187948
115	0.0110882	0.0205094	0.00295222	0.00329753	0.503137	0.00695056	0.0135427	0.0276782	0.00117459	0.120952	0.00968755	0.00363569	0.00219141	0.00159723	0.00109204	0.0279609	0.0127943	0.0337483	0.0135908	0.182419
116	0.0279189	0.0042171	0.283301	0.0621171	0.00621631	0.0887739	0.0209376	0.00728681	0.0345305	0.0113815	0.00587903	0.240044	0.00385848	0.0108275	0.0252401	0.135288	0.0144765	0.011902	0.00208245	0.00372141
117	0.0541838	0.00128639	0.00150892	0.0132729	0.00728537	0.016696	0.0330538	0.0295895	0.241447	0.0391041	0.0191494	0.037845	0.0300847	0.0469944	0.197906	0.0744039	0.0660384	0.0563015	0.0162488	0.0176003
118	0.0480429	0.00343141	0.00674117	0.0227402	0.0057052	0.0226747	0.0464668	0.0265232	0.219456	0.0389272	0.0174573	0.0433795	0.0354703	0.0591382	0.187381	0.0764911	0.0614948	0.0457745	0.0132196	0.0194843
119	0.151645	0.00209547	0.0478005	0.119002	0.0141491	0.0662304	0.0355463	0.0436207	0.022048	0.0117518	0.0068014	0.0406264	0.0141143	0.0514601	0.00646726	0.129764	0.104701	0.119401	0.00658853	0.00618678
120	0.555756	0.00452903	0.00220307	0.0038677	0.00412004	0.0715229	0.00170968	0.00327147	0.0011668	0.00968063	0.00137903	0.00319861	0.00103695	0.00137339	0.00536221	0.198173	0.108114	0.0218948	0.000717062	0.000923688
121	0.150415	0.00224564	0.0481321	0.11973	0.014491	0.0649653	0.0372519	0.04458	0.0223147	0.0119137	0.00655059	0.040954	0.014055	0.0514613	0.00672301	0.124948	0.105298	0.121128	0.00656669	0.00627665
122	0.138724	0.0082662	0.00170535	0.0015743	0.0625559	0.00448942	0.00395269	0.127988	0.00250317	0.252005	0.0835773	0.00156779	0.0073579	0.000651282	0.0004885	0.00592515	0.0396658	0.252071	0.00314806	0.00178337
123	0.031564	0.00573436	0.0475109	0.00597309	0.00910588	0.01881	0.0464529	0.0115907	0.00869403	0.0164659	0.00810537	0.49035	0.00592468	0.00458789	0.00417043	0.2117	0.034272	0.0166083	0.00372757	0.0186526
124	0.163577	0.0986848	0.0016935	0.00164491	0.054361	0.0201469	0.00187951	0.0544854	0.00140308	0.0719967	0.00811394	0.0200937	0.0048154	0.00284001	0.00173355	0.246181	0.125462	0.101789	0.00219032	0.0169083
125	0.159443	0.0688214	0.00504983	0.00494403	0.118304	0.151509	0.00406925	0.0509611	0.00604134	0.100652	0.0690787	0.00734646	0.0065962	0.00546094	0.0295386	0.136752	0.0317611	0.0314595	0.00611114	0.00610129
126	0.00743679	0.00592853	0.000811369	0.000518559	0.0298358	0.0021728	0.000789576	0.103685	0.00114339	0.582293	0.132147	0.0012447	0.00859506	0.000598877	0.000455795	0.010084	0.0109345	0.0957897	0.00201123	0.00352449
127	0.0275214	0.0116779	0.0021176	0.00261358	0.0700151	0.00703356	0.00362772	0.124837	0.00322978	0.472546	0.0893171	0.00307538	0.0115504	0.00376446	0.00226663	0.0189935	0.0182295	0.11467	0.0052304	0.00768229
128	0.0114858	0.00888595	0.00179639	0.000539584	0.0655521	0.00140921	0.00130602	0.145473	0.00312061	0.46818	0.122269	0.00580862	0.00640662	0.000699929	0.000321746	0.00902804	0.0125703	0.123093	0.00170329	0.0103505
129	0.00671723	0.00591712	0.000755045	0.000463136	0.0311446	0.00180721	0.000527328	0.135136	0.00100764	0.545049	0.123579	0.0018019	0.00717544	0.000397601	0.00029853	0.00820343	0.01133	0.114705	0.00104154	0.00294319
130	0.554676	0.00789413	0.00226059	0.00236721	0.00372437	0.0892831	0.00101469	0.00230965	0.00108747	0.0106901	0.00155044	0.00258288	0.00107817	0.000643535	0.00594763	0.195234	0.0957958	0.0201869	0.000758647	0.000914044
131	0.218268	0.0155368	0.000920083	0.00198978	0.0867117	0.0536874	0.00120185	0.11273	0.00136989	0.115421	0.0116634	0.0026779	0.00637238	0.00191593	0.00145681	0.0725804	0.0873362	0.199439	0.00431132	0.00441034
132	0.00984521	0.00754865	0.000856543	0.0010247	0.0499462	0.0021341	0.0018736	0.0933459	0.00144624	0.574658	0.119016	0.00195282	0.0102063	0.00153915	0.000687385	0.0150673	0.0107677	0.0894376	0.00268153	0.00596486
133	0.195012	0.0939451	0.0240189	0.0109163	0.00559085	0.250815	0.00164686	0.00555442	0.00416951	0.0238549	0.00403768	0.00533767	0.00554831	0.00203454	0.00382151	0.270889	0.0634477	0.0241539	0.00304928	0.00215684
134	0.0309628	0.00642922	0.0261629	0.00385472	0.0250245	0.00745176	0.171862	0.128096	0.00464024	0.149673	0.0703049	0.0205416	0.00815663	0.113956	0.0174801	0.069408	0.0384986	0.0466027	0.00634018	0.0545534
135	0.0120093	0.00765881	0.00149046	0.000709196	0.0316338	0.00291306	0.000839803	0.115856	0.000720885	0.535667	0.118181	0.00143918	0.00920921	0.000569215	0.000439514	0.01198	0.0215536	0.122564	0.00156238	0.00300294
136	0.0768168	0.0157997	0.00194721	0.00201468	0.105777	0.0117874	0.00463085	0.0922091	0.00434468	0.360062	0.0862489	0.00530348	0.0210524	0.00487768	0.00164876	0.0411247	0.0262297	0.1206	0.0102345	0.00729043
137	0.114047	0.00778207	0.00405586	0.0042452	0.0446393	0.0150734	0.00507415	0.0865785	0.0122089	0.122395	0.0212396	0.00608461	0.29832	0.00577778	0.00430743	0.0629799	0.0625467	0.112225	0.00585486	0.00456455
138	0.0993827	0.0341196	0.0230757	0.0043525	0.0334757	0.0086377	0.00387786	0.100504	0.00448981	0.214723	0.167257	0.00692619	0.00711443	0.00251953	0.00221	0.0161358	0.0812503	0.180267	0.00329997	0.0063814
139	0.145201	0.00748228	0.00151283	0.00152722	0.0660867	0.00440902	0.0041662	0.122179	0.00219436	0.262606	0.0753591	0.00108093	0.00744206	0.000659287	0.000513739	0.00489764	0.0380582	0.249553	0.00339035	0.00167971
140	0.00820409	0.0147161	0.00149445	0.00149129	0.114549	0.00187624	0.00523298	0.0795885	0.000574714	0.554764	0.0812681	0.00176589	0.00918226	0.00313166	0.000382789	0.0164202	0.00912847	0.0769049	0.00363145	0.0156926
141	0.023939	0.0191643	0.045043	0.0736806	0.00219704	0.0401608	0.108037	0.0127466	0.136781	0.0278844	0.00398286	0.0535535	0.0411634	0.139394	0.121933	0.0592934	0.0382436	0.013362	0.00107166	0.0383696
142	0.0372609	0.025314	0.00249683	0.0187277	0.240391	0.0277467	0.051244	0.027631	0.00241452	0.028935	0.00449547	0.00333472	0.00282878	0.00275614	0.00175113	0.0930275	0.0185533	0.0284762	0.00963723	0.372978
143	0.14873	0.0144073	0.0459717	0.0143025	0.00650584	0.0498895	0.00541185	0.00908849	0.0060357	0.014516	0.0218827	0.0342581	0.0345748	0.0220059	0.00390904	0.491644	0.0500813	0.0184341	0.0042047	0.00414662
144	0.144128	0.00238395	0.0428807	0.122864	0.0149906	0.068054	0.0335876	0.0460144	0.0202648	0.0117632	0.00627105	0.0393647	0.0135313	0.052012	0.0083863	0.117844	0.108508	0.134421	0.00631619	0.00641488
145	0.005291	0.00524538	0.000627784	0.000458242	0.0289972	0.00187827	0.000597019	0.101656	0.000735645	0.603871	0.123511	0.000744982	0.00879213	0.000481662	0.00039772	0.010058	0.00986716	0.0927803	0.00091924	0.00309064
146	0.1516	0.00265482	0.0490081	0.120525	0.013114	0.0621356	0.0394346	0.0398068	0.0223059	0.0116255	0.00622169	0.0394305	0.0133505	0.0510415	0.00630045	0.135561	0.100177	0.121864	0.00786109	0.00598204
147	0.0223683	0.0194431	0.0027125	0.00273441	0.204322	0.00389656	0.00776618	0.109105	0.00136198	0.386024	0.0478785	0.00404615	0.00752948	0.00335529	0.000561992	0.0170051	0.0153917	0.108479	0.00539412	0.0306258
148	0.177699	0.0384773	0.0216418	0.022858	0.0227912	0.0862322	0.0141538	0.0238607	0.0200759	0.0424335	0.0136975	0.0293088	0.0188545	0.0133957	0.015463	0.293997	0.0852333	0.0422096	0.00634321	0.0112734
149	0.0612382	0.0091837	0.0183036	0.0312637	0.0103987	0.0322723	0.0470798	0.029712	0.175436	0.0404151	0.0182899	0.0436629	0.0313044	0.060989	0.16614	0.0812515	0.0592077	0.0493719	0.0142191	0.0202599
150	0.20607	0.0139757	0.000756747	0.00196589	0.104548	0.0681714	0.000868719	0.119396	0.000718462	0.123353	0.0100818	0.00116865	0.00755447	0.00105116	0.000870874	0.0756193	0.0759188	0.179856	0.00558327	0.00247003
151	0.0953337	0.155705	0.0017042	0.00178387	0.0264525	0.00489644	0.00193127	0.0289077	0.00146706	0.0459643	0.0101035	0.026459	0.00581747	0.0015432	0.00110557	0.339843	0.163307	0.0784265	0.00106718	0.00818126
152	0.213339	0.0882231	0.0192345	0.0101377	0.00582363	0.241146	0.00172726	0.00554998	0.00406325	0.0251386	0.00422052	0.0057999	0.00454332	0.0019001	0.00485661	0.274718	0.058775	0.0251677	0.00376368	0.0018724
153	0.0428492	0.0136509	0.00268173	0.000957181	0.0634426	0.00378024	0.0012484	0.222822	0.00519271	0.203318	0.10986	0.00957627	0.00464536	0.000598024	0.000427694	0.00515959	0.0248157	0.278469	0.00237085	0.00413555
154	0.0310871	0.00433676	0.00134106	0.00118556	0.0487686	0.00548022	0.000589203	0.274843	0.00178868	0.170662	0.0377666	0.00368359	0.00259716	0.000435109	0.000343568	0.00395218	0.0249885	0.384226	0.00128107	0.000643594
155	0.0163265	0.0084743	0.00165149	0.00111723	0.0419972	0.00312874	0.00353695	0.126988	0.00511073	0.479027	0.151728	0.00617868	0.007579	0.00229433	0.0014184	0.0114875	0.01567	0.106354	0.00412365	0.0058085
156	0.0202108	0.00585706	0.000695417	0.000593678	0.044069	0.00316511	0.000828689	0.190269	0.00122192	0.447721	0.0777583	0.0021942	0.00651983	0.000586489	0.000343771	0.00912244	0.0177645	0.166772	0.00143453	0.00287236
157	0.0659281	0.00774959	0.00064344	0.00143414	0.0740877	0.013125	0.00153519	0.18761	0.00157321	0.277253	0.0459073	0.00143178	0.0143879	0.000442042	0.000397314	0.00969146	0.036243	0.254494	0.0046371	0.0014291
158	0.283777	0.0423715	0.00321325	0.00502893	0.0266263	0.0400152	0.0032263	0.0337955	0.00320241	0.0553141	0.00776595	0.010552	0.00609183	0.00279006	0.00660885	0.225749	0.112789	0.12248	0.00275385	0.00584945
159	0.0367032	0.0269759	0.00797691	0.0138063	0.239609	0.018942	0.0420774	0.0353179	0.0131649	0.0751068	0.0132453	0.011618	0.00628995	0.0134884	0.0133538	0.0706217	0.0264935	0.0394175	0.0144738	0.281318
160	0.217149	0.0137268	0.000786575	0.00195058	0.0993285	0.0710132	0.000860725	0.121598	0.000781599	0.119418	0.00904588	0.00132757	0.00709922	0.00117352	0.000884257	0.0708449	0.0745894	0.18095	0.00492965	0.0025431
161	0.22528	0.0860298	0.0189435	0.00921732	0.00482693	0.274341	0.00148711	0.00493533	0.00387573	0.0264519	0.00369301	0.00430796	0.00313906	0.00127419	0.00535872	0.239628	0.0551933	0.0281078	0.00262928	0.00127971
162	0.026126	0.0363265	0.00283291	0.0103447	0.289678	0.0267304	0.0398677	0.0226099	0.0018283	0.0668396	0.00763169	0.00373705	0.00280566	0.00244781	0.00174507	0.0756223	0.0162971	0.0221317	0.0103837	0.334014
163	0.00505273	0.00377071	0.000460792	0.00038307	0.0331572	0.00167309	0.00046253	0.157336	0.000742208	0.565808	0.0985861	0.000973132	0.00671517	0.000389189	0.000249292	0.00673	0.00988017	0.103817	0.000918606	0.00289437
164	0.013909	0.0129551	0.00434025	0.00289997	0.345423	0.00590467	0.00466816	0.10091	0.00244935	0.0755709	0.0275505	0.00563083	0.00369791	0.00351161	0.00260894	0.0194547	0.0299202	0.134969	0.0247138	0.178912
165	0.0209158	0.0242077	0.00323451	0.00856831	0.386707	0.015754	0.031454	0.023933	0.00219414	0.0786207	0.00730245	0.00434407	0.00287334	0.00346207	0.00163509	0.0621318	0.0165932	0.0282764	0.0119476	0.265844
166	0.0391788	0.00599109	0.131369	0.291297	0.00350552	0.0253095	0.0596422	0.0151003	0.0597966	0.0169326	0.0103579	0.0389147	0.0128272	0.112675	0.0369555	0.0542004	0.0313451	0.0391498	0.00147566	0.0139761
167	0.00937391	0.00438991	0.000684622	0.000486129	0.0343422	0.00188344	0.000666949	0.153942	0.00104052	0.540956	0.105707	0.00211109	0.00708311	0.00035709	0.000343156	0.00810114	0.011466	0.112949	0.00108865	0.00302865
168	0.0559687	0.00173455	0.00100539	0.0114656	0.010739	0.0161995	0.0300412	0.029208	0.236739	0.0379834	0.0219939	0.0379628	0.027069	0.0429718	0.192046	0.0801998	0.069693	0.0615888	0.0191664	0.0162243
169	0.0765385	0.00766484	0.00415951	0.00489449	0.00856613	0.0366798	0.0104307	0.042498	0.0219171	0.0179814	0.00834327	0.156521	0.00550281	0.00394832	0.00334697	0.203828	0.357468	0.0208436	0.00343736	0.00543035
170	0.0255891	0.0124366	0.0313685	0.0491664	0.00542092	0.0304288	0.171703	0.0221077	0.104921	0.0437147	0.010582	0.0545202	0.0386919	0.124575	0.112178	0.0752678	0.0381367	0.016314	0.00222699	0.0306512
171	0.0417708	0.00625017	0.0144369	0.0302879	0.00452823	0.0240453	0.0670279	0.0224757	0.183271	0.0375085	0.0119826	0.0538609	0.0417046	0.0771523	0.18279	0.0789899	0.055299	0.0350777	0.00937459	0.0221661
172	0.0422419	0.00101431	0.19694	0.413023	0.00168486	0.0154662	0.0260329	0.0115981	0.0283536	0.0085278	0.00989625	0.0340004	0.0024531	0.0875176	0.00551547	0.0448104	0.0212502	0.0431527	0.00062871	0.0058923
173	0.0422419	0.00101431	0.19694	0.413023	0.00168486	0.0154662	0.0260329	0.0115981	0.0283536	0.0085278	0.00989625	0.0340004	0.0024531	0.0875176	0.00551547	0.0448104	0.0212502	0.0431527	0.00062871	0.0058923
174	0.042324	0.00101986	0.196913	0.412028	0.00168549	0.0162229	0.0261274	0.0115701	0.0285184	0.00848443	0.00985418	0.0344608	0.0024482	0.0870376	0.00561367	0.0450613	0.0211766	0.0429657	0.000633054	0.00585557
175	0.144887	0.00207997	0.0484506	0.135926	0.0171647	0.0620357	0.0351658	0.043427	0.0264099	0.0113298	0.00673817	0.0395526	0.0152974	0.0502013	0.00602594	0.113152	0.10745	0.121615	0.00599303	0.00709897
176	0.14721	0.00349003	0.00274358	0.00296398	0.0400242	0.00681065	0.00324161	0.0276907	0.0208609	0.0643635	0.00471781	0.00406579	0.455435	0.00278017	0.00208522	0.0952518	0.0398285	0.0709471	0.00209441	0.00339459
177	0.0879113	0.0081487	0.0754661	0.188644	0.0169092	0.0200894	0.0160536	0.029954	0.0144995	0.110786	0.0143316	0.0173673	0.0107092	0.0237503	0.0071407	0.0456173	0.0374738	0.259809	0.00609001	0.00924905
178	0.00516416	0.00319919	0.000398896	0.000339615	0.0347395	0.00146068	0.000478336	0.174918	0.000461622	0.553753	0.0897545	0.000783148	0.00612113	0.000359109	0.000305064	0.00673062	0.00980262	0.10791	0.000796598	0.00252484
179	0.16238	0.0589267	0.0466589	0.022873	0.00502599	0.29945	0.00426515	0.00606424	0.00968037	0.0204383	0.0042435	0.0136544	0.00679662	0.00334714	0.00414481	0.234935	0.0686869	0.0215249	0.0049443	0.00195948
180	0.0703534	0.00958723	0.00473754	0.00944715	0.113983	0.013353	0.0456081	0.0297881	0.101377	0.122328	0.112433	0.0160198	0.0134913	0.0528412	0.0462346	0.0702886	0.0323652	0.066688	0.0567563	0.0123186
181	0.132841	0.0534286	0.0125599	0.0147001	0.0141462	0.0569621	0.00821838	0.0225091	0.00755085	0.0252762	0.0115938	0.0115425	0.0520568	0.0447665	0.0440279	0.134944	0.10532	0.0275825	0.206941	0.0130329
182	0.126868	0.024272	0.0399137	0.0673252	0.0095182	0.202556	0.012369	0.0144515	0.0149999	0.0213586	0.00740257	0.0234154	0.0151645	0.0145553	0.00660073	0.252391	0.0735547	0.0415662	0.0276265	0.00409124
183	0.536729	0.00630966	0.00249565	0.00290838	0.00373674	0.083425	0.00107878	0.00201114	0.00107887	0.0102496	0.00123379	0.00254223	0.00126568	0.000591992	0.00591492	0.216	0.10202	0.0189077	0.000741318	0.000759371
184	0.0243435	0.0076444	0.00397786	0.000891463	0.0562381	0.0023451	0.000785795	0.284507	0.00777635	0.172766	0.119331	0.0158149	0.00174828	0.000590608	0.000467536	0.00572265	0.0173636	0.272649	0.000780843	0.00425709
185	0.205348	0.0153826	0.000688903	0.00188249	0.107278	0.0688557	0.000805891	0.118982	0.000835704	0.123526	0.0106776	0.00120234	0.00748899	0.00106527	0.000960937	0.0770055	0.074974	0.17551	0.00505753	0.00247163
186	0.0759841	0.0276012	0.0122086	0.0178773	0.0689123	0.0380803	0.0175757	0.0503933	0.0314867	0.105319	0.0311471	0.0291682	0.0262926	0.0239999	0.0300447	0.0892608	0.0642043	0.0654446	0.155541	0.0394576
187	0.0346476	0.0205503	0.0159255	0.0216811	0.135014	0.0172104	0.0862455	0.0482314	0.0234326	0.27581	0.0362417	0.0198125	0.0150254	0.0401289	0.0249707	0.0491042	0.0335475	0.0589292	0.00937157	0.0341191
188	0.220473	0.0132995	0.000756689	0.00189636	0.0977969	0.0676248	0.000913609	0.120866	0.00107213	0.12117	0.00964204	0.00122924	0.00705231	0.0012044	0.00107328	0.0710734	0.0744467	0.180986	0.00493104	0.00249227
189	0.110615	0.00739072	0.00100098	0.00394316	0.0723438	0.0284733	0.00144295	0.163703	0.00148359	0.159714	0.0338263	0.00135232	0.00641542	0.000534534	0.000540523	0.0211697	0.0493632	0.332385	0.00324013	0.00106362
190	0.030667	0.00896213	0.00489803	0.00152977	0.0668444	0.0040502	0.00296717	0.200292	0.0262195	0.186059	0.232025	0.0325414	0.00588303	0.00286456	0.00111339	0.0132756	0.0255894	0.136033	0.00533888	0.0128477
191	0.244814	0.0119756	0.0308273	0.0842069	0.0159379	0.065259	0.020976	0.029817	0.0147041	0.0201449	0.00918294	0.0255908	0.0121055	0.0271919	0.00699984	0.142647	0.144466	0.0782816	0.00625689	0.00861479
192	0.145167	0.00731498	0.00130766	0.0015414	0.0660464	0.00429835	0.00421929	0.123576	0.0023093	0.261099	0.0737	0.00100913	0.00749066	0.000668237	0.000538595	0.00485465	0.0377058	0.252016	0.00342871	0.0017082
