368	20
1	0.096269	0.00586267	0.00318614	0.00340188	0.00320169	0.767313	0.00127749	0.00377095	0.0075777	0.00259058	0.00312586	0.00793837	0.00145487	0.00468529	0.0189563	0.0523575	0.0102112	0.00453975	0.000687727	0.00159222
2	0.100337	0.00567996	0.00293089	0.00257405	0.00105915	0.802666	0.000372367	0.00142534	0.000625728	0.00145483	0.00119874	0.00541297	0.000604819	0.00328274	0.00890223	0.0511079	0.00795549	0.00165347	0.000269286	0.000487321
3	0.0546109	0.00745743	0.00179977	0.00332198	0.060498	0.00621683	0.00363251	0.146497	0.00734342	0.166188	0.116899	0.0220423	0.0150712	0.0200728	0.00616524	0.0253841	0.0996738	0.156834	0.0572712	0.0230193
4	0.0629978	0.00336276	0.00411332	0.0067777	0.00616265	0.0331241	0.00427451	0.0601278	0.184163	0.0478512	0.0230403	0.013783	0.0097864	0.00575512	0.311888	0.0430143	0.0779481	0.084324	0.0137632	0.00374305
5	0.317174	0.0102555	0.0030402	0.00666757	0.0136969	0.026233	0.00199642	0.0356758	0.00438973	0.0347331	0.00982051	0.0267044	0.200582	0.00855652	0.00440718	0.0889891	0.0953729	0.105914	0.00215438	0.00363603
6	0.388886	0.0562688	0.0005456	0.000898213	0.00848032	0.0346271	0.00261852	0.00726398	0.00210589	0.0122615	0.0112685	0.0134832	0.0118411	0.00192611	0.000893685	0.322142	0.101562	0.0216246	0.00038801	0.000914731
7	0.174397	0.0339932	0.000334524	0.00059062	0.151179	0.0486066	0.000406387	0.0744132	0.000732956	0.143652	0.0319644	0.00137511	0.0151371	0.00428429	0.00081687	0.0969233	0.0737271	0.119503	0.018767	0.0091962
8	0.0131569	0.0106312	0.000261055	0.000294753	0.542779	0.00382812	0.00588473	0.028543	0.000506705	0.172301	0.0157283	0.000466457	0.00249985	0.000462856	0.00169137	0.00725942	0.00506801	0.031282	0.0197928	0.137563
9	0.0552345	0.00495617	0.000383372	0.000352998	0.0336995	0.00563978	0.000195947	0.37308	0.000265892	0.138384	0.0390928	0.001496	0.00118574	0.000834991	0.00101178	0.00982978	0.0260181	0.306891	0.000357776	0.00109063
10	0.0149263	0.016801	0.000418398	0.000568691	0.429562	0.00539848	0.0149727	0.0224602	0.00151426	0.127756	0.0134766	0.0035272	0.00181229	0.00313615	0.00273961	0.0162065	0.00873956	0.0274362	0.0189049	0.269643
11	0.272018	0.00832557	0.00296211	0.00350958	0.0373732	0.193534	0.0015974	0.0548388	0.00420917	0.0252686	0.0310606	0.00460275	0.00233143	0.00281486	0.00250012	0.0250202	0.058312	0.265773	0.00164858	0.00229989
12	0.0468686	0.0179461	0.00039047	0.00166724	0.136751	0.0100723	0.000857685	0.0810367	0.00138578	0.439738	0.098876	0.00272543	0.0014183	0.00519309	0.00163531	0.0183939	0.0170353	0.110415	0.00420891	0.00338509
13	0.123233	0.00314078	0.0714164	0.292019	0.02349	0.0343258	0.013841	0.0396401	0.0117113	0.0198279	0.0331142	0.0306175	0.00875212	0.0359814	0.0151806	0.0700868	0.120947	0.0434449	0.00261932	0.00661106
14	0.0450221	0.00613961	0.0034069	0.00196369	0.0642616	0.0132323	0.0151507	0.0518055	0.0133756	0.0417654	0.141968	0.111952	0.0024576	0.0277131	0.0704382	0.209252	0.0612663	0.0661703	0.00427559	0.0483841
15	0.0582424	0.00646793	0.000925151	0.00230531	0.0231232	0.00695985	0.00252152	0.179745	0.00130839	0.212069	0.255542	0.00447438	0.00145847	0.00697462	0.00233776	0.0268574	0.0392978	0.163833	0.002548	0.00300905
16	0.355669	0.0206174	0.00139488	0.023637	0.00633322	0.244692	0.00200842	0.0101063	0.00276902	0.00727234	0.00583844	0.00363362	0.0210269	0.0150349	0.0165818	0.145696	0.0334513	0.0804167	0.00166098	0.00216001
17	0.0487486	0.00528606	0.00453669	0.00338099	0.0947663	0.0111288	0.0335133	0.0671194	0.0138816	0.0550223	0.0936017	0.0680755	0.00248905	0.0154486	0.0388487	0.166551	0.0752892	0.0643957	0.00422623	0.13369
18	0.0573167	0.0230782	0.000404281	0.00103312	0.122941	0.00841255	0.00271222	0.226551	0.00116014	0.189005	0.0364414	0.00431442	0.00194218	0.00140463	0.00198039	0.032461	0.0378562	0.228427	0.00370212	0.018857
19	0.26721	0.0573525	0.00126046	0.00194927	0.0126739	0.0930334	0.010795	0.0123078	0.00143582	0.0158513	0.0128269	0.0107898	0.0513706	0.0025562	0.0039124	0.344398	0.0774336	0.0208125	0.000630153	0.00140036
20	0.0386897	0.0152482	0.00731794	0.00558018	0.0783034	0.0058011	0.00307915	0.149922	0.0162432	0.193926	0.0860786	0.0641635	0.00328919	0.00501148	0.0100583	0.0591098	0.0761332	0.155481	0.00585432	0.0207097
21	0.142797	0.00746121	0.00252301	0.00367534	0.0122126	0.125824	0.00240436	0.0832399	0.00617345	0.135511	0.197711	0.00678603	0.0061904	0.00455024	0.00460407	0.114874	0.039032	0.0989497	0.00185422	0.00362704
22	0.094144	0.0123574	0.00297522	0.00316653	0.0748549	0.015999	0.00267339	0.152745	0.00477969	0.168686	0.0791417	0.0157076	0.0056715	0.0151878	0.00591956	0.0769734	0.0780441	0.174045	0.00564363	0.0112838
23	0.0508623	0.00563666	0.0664873	0.00916722	0.0056443	0.0237067	0.0165791	0.0256162	0.015778	0.00870751	0.00937325	0.44459	0.00818144	0.00821061	0.0207224	0.162432	0.0827237	0.0111878	0.00149699	0.022896
24	0.0195087	0.00450613	0.00041035	0.00146533	0.0865693	0.00645112	0.000525704	0.0541912	0.00186916	0.563008	0.133506	0.00404955	0.00141595	0.0105523	0.00205715	0.0250481	0.0236555	0.058318	0.00162943	0.00126298
25	0.0502492	0.0118519	0.000710252	0.000896526	0.0700724	0.0122379	0.00190284	0.224189	0.00117775	0.16309	0.0609775	0.00541862	0.00166059	0.00288477	0.00192338	0.0286567	0.0438904	0.305068	0.00279781	0.0103449
26	0.10473	0.00223355	0.0178241	0.0215419	0.0173548	0.0218975	0.000748052	0.0842163	0.00821046	0.0818754	0.0593607	0.00699278	0.0290911	0.00598566	0.0170839	0.144404	0.309771	0.0648657	0.000515664	0.00129727
27	0.00999656	0.0153814	0.000406673	0.000526682	0.408859	0.00674269	0.0088462	0.0204058	0.00202165	0.102395	0.0123749	0.00476702	0.00146624	0.00415277	0.00319801	0.0125068	0.00717381	0.0218259	0.0190984	0.337854
28	0.0319774	0.00787819	0.000438675	0.00188128	0.118706	0.00623813	0.00112555	0.0733724	0.00177127	0.489855	0.11852	0.0033053	0.00207958	0.00711907	0.00190267	0.0219269	0.0222889	0.0811819	0.00332598	0.00510516
29	0.0615782	0.00531705	0.00312973	0.00155417	0.0887603	0.0100748	0.0353532	0.0598174	0.01636	0.0585782	0.1223	0.0586288	0.00146905	0.0222546	0.0580887	0.175873	0.074079	0.0529676	0.00483209	0.0889834
30	0.0157239	0.00349201	0.0686068	0.0559023	0.0844247	0.0218999	0.00245299	0.130802	0.0720942	0.0547776	0.0297273	0.0266164	0.0331303	0.00333769	0.00800697	0.0783654	0.116375	0.140853	0.00173117	0.0516803
31	0.0346007	0.00742113	0.00156045	0.0172598	0.0818958	0.00756272	0.00296005	0.124678	0.00672442	0.286192	0.224723	0.00605209	0.00592854	0.00587487	0.00615355	0.0268909	0.030856	0.0870854	0.0200115	0.0155686
32	0.0180177	0.00568325	0.0198419	0.0229959	0.00701447	0.279968	0.195334	0.0101575	0.151782	0.00977878	0.00788434	0.166223	0.0189996	0.00453375	0.00544877	0.0210271	0.0143729	0.0129811	0.00235438	0.0256013
33	0.0150637	0.010139	0.000605832	0.00124981	0.375337	0.00409159	0.00671969	0.0616058	0.0015982	0.199448	0.0538465	0.00153137	0.00226714	0.00103389	0.0164734	0.0107924	0.00960502	0.0435104	0.0179364	0.167145
34	0.0164185	0.00451597	0.169276	0.0276449	0.00680121	0.0809093	0.00266317	0.0113227	0.00356899	0.0096583	0.00813057	0.0426381	0.17316	0.0248857	0.00495916	0.320968	0.0740524	0.0120792	0.00206883	0.00427959
35	0.0397166	0.00635779	0.000788534	0.00184858	0.116865	0.00683447	0.00907014	0.209921	0.00191243	0.26395	0.0464422	0.00467734	0.0359468	0.00242719	0.00284936	0.0310368	0.0402146	0.143848	0.00774844	0.0275447
36	0.406953	0.00309322	0.000945942	0.0199161	0.0088316	0.00893715	0.000909258	0.00580496	0.00923439	0.0104721	0.00330254	0.00243687	0.0970816	0.00441698	0.00151852	0.282683	0.114667	0.0166888	0.00086028	0.00124683
37	0.0538181	0.00181622	0.0768609	0.140625	0.00321279	0.037818	0.0498324	0.00480149	0.14529	0.00417564	0.00708355	0.0773562	0.00589509	0.0955118	0.0679594	0.0916292	0.112803	0.0209689	0.000873906	0.0016681
38	0.636597	0.0136529	0.000390382	0.000967274	0.00141738	0.0457676	0.000470291	0.00234183	0.00292133	0.00259596	0.00367749	0.00169955	0.0030603	0.00344762	0.000651601	0.253063	0.01361	0.0127276	0.000376072	0.000564996
39	0.521195	0.0242019	0.000572617	0.00135583	0.00383478	0.0420611	0.00113367	0.00406974	0.00242719	0.00591883	0.00594775	0.00512295	0.00623539	0.00248849	0.000777868	0.315353	0.0377764	0.0184614	0.000401269	0.00066452
40	0.0448256	0.0030969	0.0934578	0.00382759	0.00446933	0.0225395	0.0138929	0.0299772	0.0059999	0.00653702	0.00557039	0.49494	0.00450434	0.00305058	0.0143402	0.159063	0.0541205	0.00712469	0.00122712	0.0274351
41	0.0128736	0.0105632	0.000253639	0.000297097	0.545266	0.00384907	0.00582983	0.0285601	0.000491695	0.172149	0.0157491	0.00046392	0.0024975	0.000451656	0.00172023	0.00729442	0.00495711	0.0311376	0.0197065	0.135888
42	0.036188	0.0151081	0.000807226	0.00147596	0.0782256	0.00389188	0.00400869	0.209554	0.00265166	0.193998	0.0890725	0.00515942	0.00240313	0.00361923	0.00335584	0.0378553	0.0557936	0.226578	0.00825283	0.0220006
43	0.115232	0.00632942	0.00284166	0.00331822	0.00118934	0.77896	0.000406668	0.00165985	0.00065647	0.00161059	0.00121267	0.00514707	0.0010164	0.00373446	0.0086504	0.0553087	0.00905567	0.00287343	0.000294152	0.000502716
44	0.3116	0.0206619	0.00126738	0.00300211	0.0230083	0.038574	0.00062418	0.0915023	0.00285866	0.0664275	0.0375786	0.00208279	0.00301686	0.00149468	0.0014796	0.0854877	0.162252	0.143128	0.00048782	0.00346646
45	0.136937	0.0107544	0.00167411	0.00386514	0.00808183	0.0391628	0.000978984	0.183437	0.00213947	0.0796383	0.0784713	0.0102808	0.00719217	0.00269274	0.00187411	0.133849	0.124787	0.171474	0.00071059	0.00199953
46	0.0761432	0.14859	0.00314223	0.0043575	0.171354	0.0149406	0.00516113	0.0134591	0.00532979	0.0681846	0.00974113	0.00787241	0.0151842	0.0685065	0.00552599	0.153941	0.041329	0.0154647	0.00448076	0.167292
47	0.0331924	0.00287315	0.0011066	0.000526918	0.0619987	0.0235851	0.000549356	0.241485	0.000481347	0.380296	0.0738374	0.00133711	0.00443523	0.00064315	0.000800445	0.00746824	0.0197716	0.14221	0.000784728	0.00261701
48	0.0381551	0.0130077	0.00173671	0.0022745	0.128488	0.00615233	0.0121517	0.191064	0.00278229	0.202646	0.0545913	0.0087033	0.00441404	0.00304583	0.00446994	0.0657558	0.0492966	0.185953	0.00473713	0.0205747
49	0.282505	0.0453462	0.000575772	0.00382942	0.00948757	0.0363277	0.00261218	0.00725723	0.00199288	0.0129182	0.00961699	0.0111998	0.0334967	0.00101682	0.00106586	0.386179	0.134618	0.0187673	0.000467619	0.000719601
50	0.0168045	0.00172608	0.00106298	0.000302378	0.0578225	0.00510261	0.000245952	0.253058	0.000364954	0.42186	0.0640469	0.000964722	0.00590906	0.000400236	0.000471279	0.00198189	0.0150271	0.151616	0.000336048	0.000896283
51	0.0230861	0.00190891	0.000536648	0.000811952	0.113954	0.00400427	0.0014627	0.146988	0.00134134	0.501655	0.0411204	0.00134863	0.0101304	0.00110594	0.00108845	0.00753255	0.0162161	0.118991	0.00194543	0.00477217
52	0.245595	0.0147163	0.00545048	0.00314406	0.0624208	0.180998	0.00101199	0.0667596	0.00702863	0.067908	0.0432451	0.00671713	0.0040302	0.00265633	0.00253951	0.0563833	0.0931423	0.130382	0.00221514	0.00365676
53	0.182769	0.00624286	0.00281255	0.00382625	0.00180767	0.671835	0.000404624	0.00212586	0.000614029	0.00186574	0.00142977	0.00685995	0.000915255	0.00391373	0.00756805	0.0851566	0.0125881	0.00631882	0.000371668	0.000575047
54	0.0134861	0.0126175	0.000285421	0.000347411	0.504286	0.00351732	0.00629537	0.0335603	0.000511507	0.164288	0.0175874	0.000510606	0.00205593	0.00048892	0.00208522	0.00709953	0.00562125	0.0353064	0.0217239	0.168326
55	0.0218264	0.00197466	0.000895154	0.000304704	0.0527133	0.0045799	0.000264183	0.292744	0.000332314	0.351493	0.0557391	0.00121352	0.00481608	0.00044058	0.000479819	0.00296106	0.0163134	0.18952	0.000380151	0.00100802
56	0.616518	0.0157044	0.000391252	0.00106421	0.00175513	0.0475592	0.000612599	0.00248155	0.00275491	0.00296815	0.00385559	0.0020827	0.00353325	0.00324967	0.00069887	0.264076	0.0164123	0.0133788	0.000382105	0.000520971
57	0.0134403	0.00090341	0.659712	0.0773194	0.00162302	0.0320921	0.00666308	0.00223707	0.0114976	0.00256001	0.00166574	0.112376	0.000825966	0.0181068	0.0055889	0.0285543	0.00725941	0.007652	0.000695083	0.0092283
58	0.361208	0.0284797	0.000776926	0.00317349	0.018647	0.0349427	0.000998888	0.0473291	0.00321897	0.0549387	0.0307949	0.00400008	0.0102187	0.00158514	0.00131824	0.18395	0.111515	0.0991095	0.000640198	0.00315491
59	0.0149311	0.0169671	0.000477256	0.000506425	0.389507	0.00443032	0.00726563	0.0329827	0.00127977	0.133701	0.0180409	0.00275963	0.00186124	0.00206655	0.00275254	0.0105808	0.00791825	0.0439382	0.0292156	0.278818
60	0.0490379	0.0193628	0.000357709	0.00244324	0.165397	0.0101108	0.00125428	0.166873	0.000873559	0.302204	0.0577085	0.00318978	0.00237428	0.00111862	0.000992042	0.0188148	0.0199524	0.156743	0.0118977	0.00929523
61	0.045226	0.00520628	0.00299598	0.00860908	0.00489404	0.0784899	0.00476323	0.0100355	0.0183842	0.00697647	0.0234845	0.034994	0.00983173	0.0160478	0.0396347	0.300685	0.377968	0.00785669	0.000933209	0.00298315
62	0.0392548	0.0395227	0.00236585	0.00245062	0.0117707	0.0171162	0.0480464	0.0136614	0.11201	0.0197088	0.0184668	0.0527718	0.0149296	0.0381994	0.356675	0.0966047	0.0612787	0.0177685	0.0116442	0.025754
63	0.0224698	0.0132315	0.00044541	0.000634819	0.474873	0.00405071	0.0117196	0.0281799	0.000924414	0.162815	0.0160838	0.000879702	0.00245584	0.001428	0.00203674	0.0177594	0.0101444	0.0373392	0.0186347	0.173894
64	0.0323713	0.017776	0.000654083	0.0010507	0.0124608	0.0148667	0.0693014	0.00926942	0.153789	0.0259291	0.0207229	0.0420269	0.00899208	0.0542132	0.251542	0.0682594	0.0897058	0.0240878	0.0451721	0.057809
65	0.0418829	0.0188255	0.000379407	0.00106497	0.0703467	0.00462001	0.00283708	0.265661	0.00142548	0.158406	0.0801664	0.00481605	0.0014327	0.00408746	0.00291442	0.0347785	0.0541282	0.228037	0.0060041	0.0181859
66	0.0803199	0.0120366	0.000821721	0.000221237	0.0524078	0.0145549	0.000468551	0.243671	0.000247466	0.24147	0.0327745	0.00130405	0.00169252	0.00050742	0.000318078	0.0219089	0.0333603	0.25881	0.000512296	0.0025933
67	0.0525127	0.00457551	0.000462874	0.000706329	0.0317989	0.00496074	0.000446254	0.403356	0.000469412	0.150071	0.0319102	0.00144139	0.00147369	0.0010894	0.000944215	0.00910306	0.0333198	0.269635	0.000346984	0.00137629
68	0.0823233	0.0275741	0.00549592	0.00662138	0.22522	0.0797782	0.00525911	0.0638159	0.00974062	0.0317286	0.0223153	0.0125205	0.012496	0.00896926	0.0122578	0.29804	0.0460532	0.036101	0.00425719	0.00943287
69	0.309572	0.0350888	0.00114371	0.0213845	0.00863447	0.292685	0.00142251	0.0105428	0.0017387	0.00886002	0.00652819	0.00440273	0.0102857	0.0199112	0.00779821	0.16178	0.0514543	0.0443375	0.000939069	0.00149142
70	0.171148	0.0410532	0.000415913	0.000622551	0.137598	0.0474345	0.000521086	0.0826001	0.000746256	0.135154	0.0214659	0.0013897	0.0301413	0.0045302	0.000739911	0.0949176	0.0891859	0.124788	0.0104558	0.00509154
71	0.0273772	0.00613714	0.00096324	0.000669591	0.0662022	0.00541567	0.000873309	0.260176	0.00037215	0.335569	0.0684092	0.00174064	0.00477586	0.000895894	0.000675478	0.00921953	0.0247645	0.180376	0.00187923	0.00350834
72	0.0648015	0.00492085	0.0166518	0.270969	0.0131269	0.0489236	0.0205888	0.0195115	0.012997	0.0171923	0.0449619	0.0112386	0.00719183	0.243878	0.00755198	0.0284896	0.01814	0.0813583	0.00359006	0.0639166
73	0.0304502	0.00704102	0.000802981	0.00242313	0.154494	0.00377065	0.00350354	0.183572	0.00141541	0.313207	0.0557413	0.00437059	0.00369912	0.00100174	0.00206051	0.0316987	0.0313503	0.136649	0.005833	0.0269148
74	0.0498932	0.00644016	0.000769167	0.00120627	0.025684	0.00526293	0.00290257	0.176269	0.00126281	0.272986	0.18401	0.00602519	0.00130891	0.00846793	0.0024979	0.0249111	0.0498589	0.174382	0.00222131	0.00364003
75	0.103563	0.00567139	0.00290513	0.00259178	0.00106415	0.798397	0.000377932	0.00151435	0.000610743	0.00158224	0.00114056	0.0053865	0.000628135	0.00324786	0.00883097	0.051557	0.00824985	0.00192751	0.000266521	0.000487726
76	0.0194012	0.0066317	0.000480898	0.00286753	0.250489	0.0041354	0.00508346	0.105327	0.0013919	0.326486	0.0554412	0.00238922	0.00474312	0.00152486	0.00395327	0.021844	0.0153394	0.0628454	0.01558	0.0940447
77	0.111461	0.00660482	0.000930041	0.00194185	0.0126059	0.0923295	0.00098815	0.216416	0.00168949	0.132873	0.0811976	0.00399735	0.00174002	0.00193074	0.00138832	0.0610735	0.0623601	0.205919	0.000739638	0.0018132
78	0.0221929	0.00230039	0.000932788	0.000485368	0.0513279	0.00683999	0.000321989	0.201486	0.000500853	0.464177	0.082608	0.00148439	0.00401078	0.00144746	0.000700014	0.00516357	0.0203412	0.132351	0.000501717	0.000826942
79	0.0155456	0.00257002	0.000698523	0.000670779	0.0500404	0.00435759	0.000706621	0.157463	0.00117822	0.532628	0.0829196	0.00190376	0.00306966	0.00321294	0.00174436	0.00835568	0.0184675	0.111621	0.00109003	0.00175691
80	0.346019	0.0256834	0.000498362	0.00205697	0.0268801	0.0411327	0.000458983	0.0580796	0.00226393	0.0655452	0.031767	0.00122646	0.0010605	0.000843086	0.000746541	0.0864045	0.179356	0.126254	0.000404445	0.00331975
81	0.0721385	0.0178544	0.000579887	0.000252346	0.0593217	0.0111926	0.000547914	0.237707	0.000224343	0.214394	0.0347061	0.00158289	0.00124321	0.000895575	0.000417733	0.0237245	0.0419588	0.275249	0.000938312	0.00507162
82	0.144375	0.0613022	0.0109512	0.0178202	0.0142198	0.113428	0.0114664	0.0180441	0.0363919	0.0187183	0.0138606	0.0193787	0.0109548	0.0964113	0.0805582	0.187928	0.0736908	0.0565386	0.00368502	0.0102764
83	0.588642	0.0198268	0.00055088	0.00166536	0.00407442	0.0341346	0.00103781	0.0051102	0.00432572	0.00716622	0.00830866	0.00491469	0.00871582	0.00402905	0.00118866	0.231831	0.05061	0.0220709	0.000450789	0.0013461
84	0.042084	0.00735642	0.00154147	0.002009	0.0101309	0.0236841	0.269176	0.019774	0.0867227	0.0112408	0.0112662	0.0173155	0.0039997	0.0489864	0.182404	0.110023	0.0483247	0.0124989	0.00882086	0.082642
85	0.0360837	0.00436987	0.0336281	0.0180125	0.125333	0.0059908	0.00228189	0.132035	0.0236441	0.163116	0.0509974	0.0315598	0.00619294	0.00224838	0.0205126	0.0889139	0.0631181	0.149926	0.00293262	0.0391029
86	0.30937	0.0128337	0.000745064	0.00149313	0.034353	0.0455472	0.000429042	0.0574403	0.00319747	0.102772	0.036137	0.00152434	0.000717826	0.00092549	0.000696816	0.0640873	0.172172	0.150391	0.000468749	0.00469825
87	0.0293132	0.00779185	0.00107286	0.00158172	0.106821	0.00320581	0.00700764	0.197404	0.00178161	0.235883	0.0949098	0.00687158	0.00257967	0.00312127	0.0061986	0.0294208	0.0499222	0.183968	0.00537754	0.0257669
88	0.017028	0.0040533	0.000587151	0.00116578	0.162274	0.00409269	0.0015759	0.0670747	0.00307409	0.559896	0.0485465	0.00144273	0.00473137	0.00313392	0.00182448	0.011211	0.0133124	0.0651279	0.00447155	0.0253766
89	0.0101776	0.0305285	0.000842809	0.00109449	0.184145	0.0133842	0.0159084	0.00528728	0.00723763	0.034423	0.00956248	0.0214421	0.00149849	0.0184087	0.00814234	0.0440808	0.0187931	0.00709659	0.017938	0.550009
90	0.295786	0.0108537	0.000770192	0.00142088	0.0333915	0.0468858	0.000467199	0.0612422	0.00317684	0.105267	0.0348668	0.00170613	0.000808073	0.00102298	0.000734299	0.0616395	0.178802	0.156259	0.000513073	0.00438659
91	0.440146	0.0152499	0.000604693	0.0101009	0.00383607	0.251662	0.000855822	0.00483816	0.00205371	0.00374076	0.00354766	0.00253489	0.00722396	0.0105129	0.00411687	0.176243	0.0316593	0.0296502	0.000506293	0.000916614
92	0.0245951	0.00344877	0.000629892	0.000436783	0.0450047	0.00480544	0.000610601	0.213425	0.000955539	0.447275	0.0590501	0.00170508	0.00294656	0.00139149	0.00162316	0.00757395	0.0183042	0.163633	0.000671632	0.00191447
93	0.0350917	0.0699935	0.00181738	0.00187766	0.11959	0.0221609	0.0105716	0.00756479	0.00666308	0.0428579	0.00833893	0.0169564	0.00430198	0.0223958	0.00700767	0.0801687	0.0232357	0.00994064	0.0155603	0.493905
94	0.040038	0.00931575	0.000438847	0.00105482	0.053033	0.0044573	0.00211949	0.152725	0.00119437	0.343544	0.131243	0.00527491	0.00107985	0.00563838	0.00187631	0.0233246	0.052799	0.161698	0.00325068	0.00589472
95	0.0374393	0.0186015	0.000270951	0.00101744	0.0698019	0.00430649	0.00318451	0.229436	0.00149383	0.174465	0.0731357	0.0049892	0.00180175	0.0039945	0.00241184	0.041949	0.063327	0.239828	0.0090799	0.0194659
96	0.571608	0.0228143	0.000647966	0.00688082	0.00412609	0.10327	0.00196202	0.00653157	0.00281536	0.00528393	0.00468618	0.00345507	0.0255127	0.0081887	0.00361085	0.16929	0.0321011	0.0253239	0.000668831	0.00122255
97	0.0230382	0.00171217	0.000686273	0.000743314	0.110782	0.00401206	0.00119546	0.178153	0.000918071	0.469879	0.0437129	0.00139311	0.00694341	0.000548886	0.000827932	0.00727243	0.0175493	0.120515	0.00143612	0.00868217
98	0.0999618	0.00578369	0.00294272	0.00253789	0.00106345	0.801892	0.00041544	0.0016417	0.000658852	0.00145487	0.00117912	0.0053457	0.000792586	0.00330184	0.00896403	0.0510809	0.00819393	0.00203034	0.000272994	0.000485789
99	0.183487	0.00229823	0.0496254	0.0594339	0.0147511	0.0500203	0.00117493	0.0693695	0.00666087	0.0507198	0.0461428	0.019605	0.0228328	0.0146834	0.0102829	0.13364	0.196464	0.0664654	0.000787961	0.0015548
100	0.18874	0.00485989	0.00267611	0.00377683	0.00126978	0.668776	0.000419395	0.00167816	0.00064775	0.00164811	0.00121676	0.00597165	0.000847591	0.00345907	0.00736498	0.0894696	0.0104998	0.00579485	0.000307629	0.000575345
101	0.19245	0.125667	0.00202414	0.00682968	0.0377914	0.174125	0.00395066	0.0153925	0.00434624	0.0180311	0.0146363	0.0315245	0.00977285	0.00680557	0.00461145	0.243517	0.0569593	0.0446854	0.00217014	0.00471005
102	0.0355884	0.00177673	0.000262277	0.000374942	0.0287216	0.00212211	0.000213216	0.436729	0.00029775	0.105877	0.0417354	0.0018256	0.0011816	0.00107006	0.00116918	0.00416164	0.0195717	0.316415	0.000225231	0.000681106
103	0.0112365	0.00198778	0.000617621	0.0151001	0.00280178	0.0228149	0.00812844	0.0125117	0.432894	0.0145793	0.0124358	0.0235956	0.00195473	0.0131841	0.38776	0.0135339	0.0107923	0.00511255	0.00654912	0.00240998
104	0.306333	0.0227501	0.00144335	0.00939765	0.00753383	0.142224	0.00373544	0.0195888	0.00168528	0.0173882	0.0078268	0.00630494	0.117466	0.0102384	0.00637738	0.182001	0.0715873	0.0632463	0.000878547	0.00199308
105	0.201212	0.155683	0.00115524	0.00150812	0.0128452	0.0349398	0.00373202	0.0096216	0.001805	0.0125153	0.0113669	0.0393067	0.0112822	0.00221107	0.00225009	0.36386	0.11231	0.0197027	0.000972449	0.00172049
106	0.0895448	0.0135473	0.000762988	0.000573846	0.0422813	0.0188497	0.000261567	0.232687	0.000285264	0.228743	0.0421198	0.00134149	0.00155821	0.000989418	0.000362582	0.0281848	0.0420523	0.253102	0.000416312	0.00233701
107	0.206166	0.0142251	0.00153468	0.00315001	0.0202427	0.0283359	0.00117677	0.0551422	0.00169329	0.0531265	0.0130739	0.0081599	0.281005	0.00539171	0.00438014	0.107816	0.0795067	0.111793	0.0012825	0.00279818
108	0.405804	0.00693248	0.00087518	0.015241	0.00983963	0.0115009	0.00107127	0.00570445	0.00675387	0.0112369	0.00354793	0.00265723	0.0836394	0.00382761	0.00131493	0.298201	0.116179	0.01397	0.000630614	0.00107326
109	0.0151535	0.00966798	0.000439726	0.000830896	0.409757	0.00396896	0.018381	0.0506468	0.00100774	0.237206	0.0293689	0.0012749	0.00287069	0.000852441	0.00319116	0.0112035	0.00783472	0.0393575	0.0173996	0.139587
110	0.119715	0.0129144	0.00336016	0.00502652	0.00463899	0.729014	0.000800056	0.00319306	0.00177885	0.0038885	0.00274564	0.00619388	0.00248499	0.00545058	0.0088652	0.065605	0.0147448	0.00820583	0.00063868	0.000736241
111	0.249277	0.00702567	0.00237464	0.00729713	0.00148485	0.590715	0.000576222	0.00277849	0.000812686	0.00192	0.00154885	0.00514884	0.00248126	0.00590038	0.00739045	0.0884424	0.0133853	0.0103504	0.000419491	0.000670741
112	0.0194844	0.00103904	0.608812	0.0890529	0.00252716	0.0328837	0.00916756	0.0041295	0.017441	0.00288152	0.00258159	0.105627	0.00134244	0.0248366	0.00891898	0.0311862	0.0146094	0.0131934	0.00074601	0.00953983
113	0.0303065	0.00163106	0.00479886	0.0998865	0.00300199	0.0193471	0.0558321	0.00463925	0.0169314	0.0167623	0.00761554	0.00159618	0.00867291	0.669909	0.0019599	0.0134043	0.00398766	0.0333085	0.000752342	0.00565596
114	0.0268822	0.00679946	0.000660753	0.00238423	0.329984	0.00489185	0.00304622	0.133582	0.00167732	0.239244	0.0401701	0.00336945	0.00680323	0.0010108	0.00222654	0.0237255	0.022394	0.0863522	0.0106684	0.054128
115	0.0145475	0.000882269	0.649644	0.0794277	0.00172416	0.0328363	0.00721097	0.0023534	0.0134846	0.00230694	0.00179201	0.110692	0.000877945	0.019302	0.00663845	0.0303374	0.0083555	0.00781812	0.000596271	0.00917295
116	0.0579719	0.00205217	0.0674612	0.297308	0.00796996	0.0737927	0.0805413	0.018529	0.0389251	0.0144872	0.00687776	0.0300706	0.0122348	0.0576554	0.0702494	0.060166	0.0642031	0.0329044	0.0021408	0.00445944
117	0.0824789	0.00705246	0.00432789	0.0419172	0.0176945	0.0117082	0.00736565	0.197922	0.0604407	0.163506	0.0843055	0.0117833	0.00548542	0.0602291	0.0838474	0.0284483	0.0221019	0.0864642	0.00890488	0.0140166
118	0.147747	0.01268	0.0330774	0.0111308	0.0104703	0.0775091	0.0036776	0.0500724	0.00429097	0.0463682	0.0415951	0.00945246	0.047603	0.00652791	0.0319996	0.295223	0.132983	0.0334796	0.00142467	0.00268806
119	0.0372742	0.00683552	0.00161861	0.00171956	0.0154414	0.051912	0.00682882	0.0163261	0.0191294	0.00635521	0.0185139	0.00710138	0.00380096	0.00379437	0.0948436	0.514306	0.184744	0.00630884	0.00121595	0.00193059
120	0.00839566	0.0196243	0.000479101	0.000699777	0.365468	0.00801291	0.00998873	0.0159893	0.0030898	0.0756337	0.0101921	0.00763242	0.00107637	0.00641072	0.00392122	0.0176754	0.00860961	0.0174465	0.0189812	0.400673
121	0.0125989	0.011917	0.000256057	0.000372983	0.526248	0.00422639	0.00624423	0.027683	0.000824026	0.158994	0.0149814	0.00143803	0.00234633	0.000931368	0.00219182	0.00791939	0.00533038	0.0296827	0.0197908	0.166023
122	0.043226	0.00433244	0.0839873	0.00407004	0.00728665	0.0225818	0.0135041	0.0338965	0.0081645	0.0083916	0.00975208	0.463649	0.00595533	0.00406899	0.0228598	0.172336	0.0538571	0.00975881	0.00191004	0.026412
123	0.113544	0.0443623	0.00162739	0.00186087	0.10725	0.0661799	0.00186906	0.0611122	0.00273309	0.122864	0.0146545	0.00340596	0.00710032	0.00426013	0.00331865	0.0571479	0.098942	0.0671677	0.183881	0.0367199
124	0.0667848	0.00503856	0.00957114	0.0166285	0.138828	0.00681246	0.00280041	0.139365	0.0231244	0.148893	0.0699952	0.0152942	0.00458764	0.00367332	0.0122156	0.0412981	0.0911586	0.10918	0.00549252	0.0892576
125	0.0289201	0.00571645	0.000458248	0.00136906	0.203666	0.00507456	0.00161005	0.115786	0.00130195	0.437477	0.0380647	0.0017546	0.00568752	0.00142373	0.00116559	0.0121616	0.0140153	0.0978612	0.00554375	0.0209425
126	0.209753	0.08192	0.0012607	0.00121151	0.027243	0.081083	0.0101977	0.0177736	0.00140479	0.02651	0.0186146	0.00920295	0.0215463	0.00140396	0.00206897	0.417306	0.0563604	0.01316	0.000715172	0.00126392
127	0.0435309	0.0135727	0.000504661	0.00104555	0.0837723	0.00503008	0.00317898	0.220784	0.00140069	0.201231	0.0727649	0.00741033	0.00154247	0.00393195	0.00265525	0.0356892	0.0583062	0.221723	0.00500037	0.0169252
128	0.218555	0.0890292	0.000636601	0.000820776	0.00979941	0.0414339	0.00303767	0.00916709	0.000861257	0.0132085	0.0160033	0.0145055	0.0135062	0.00129236	0.00122466	0.396709	0.141456	0.0275474	0.000407691	0.00079883
129	0.0767739	0.0195894	0.000611493	0.000217188	0.0601252	0.0132402	0.000463007	0.228204	0.000205174	0.220168	0.0325298	0.00133544	0.00111311	0.000750837	0.000329916	0.0248898	0.0430356	0.271676	0.000591559	0.00415023
130	0.102446	0.00567427	0.00296178	0.00264686	0.00119123	0.798649	0.000443745	0.0017094	0.000638476	0.00156253	0.00118438	0.00547279	0.000616074	0.00330369	0.00885426	0.0517352	0.00813623	0.0020268	0.00027419	0.00047263
131	0.329647	0.0307791	0.00191232	0.022499	0.00752067	0.285313	0.0015247	0.0129028	0.00215884	0.0066564	0.00531228	0.00494529	0.00932235	0.030458	0.007354	0.16241	0.0427664	0.0340662	0.000916459	0.00153484
132	0.0614118	0.0139223	0.000538484	0.00136471	0.0891642	0.00839719	0.00166893	0.212751	0.000719295	0.254406	0.0619601	0.00287942	0.00157463	0.00130683	0.00122127	0.027956	0.0399242	0.205735	0.00435468	0.00874412
133	0.0717806	0.00544914	0.000444399	0.000340314	0.0507696	0.00550215	0.000284527	0.32677	0.000403751	0.13591	0.02689	0.00165556	0.00292163	0.000576987	0.00106554	0.00994206	0.0243371	0.332916	0.00035051	0.00168968
134	0.434441	0.0257061	0.000900148	0.00326184	0.0065712	0.159644	0.00198881	0.0051347	0.00258081	0.00707175	0.00662688	0.00679715	0.00812726	0.00387661	0.00307608	0.263324	0.0401223	0.0194614	0.000371545	0.000916598
135	0.063033	0.0190764	0.000590094	0.000704443	0.0761002	0.01052	0.00155446	0.202876	0.000973957	0.236523	0.0552793	0.00328258	0.00167473	0.00206303	0.0011761	0.0304386	0.0481202	0.234973	0.00296581	0.00807432
136	0.122339	0.00979649	0.00878005	0.0107291	0.0250223	0.0235713	0.00147488	0.123333	0.00609825	0.0914687	0.0627094	0.00699009	0.0196085	0.00416068	0.01059	0.122526	0.235736	0.109412	0.00150416	0.00415032
137	0.0786419	0.0249794	0.000405342	0.000755264	0.212204	0.0226009	0.000462764	0.113137	0.000937895	0.294886	0.0271908	0.00308396	0.00210552	0.000804988	0.000836156	0.0104248	0.0060024	0.192764	0.00631985	0.00145658
138	0.0509242	0.00637956	0.000584822	0.000279647	0.0486368	0.00961777	0.000422111	0.282187	0.000372289	0.172051	0.0411099	0.00489561	0.00152668	0.000598689	0.00051018	0.0126818	0.0253353	0.339633	0.00042104	0.00183268
139	0.080247	0.0114256	0.000717449	0.00281528	0.0381301	0.0120342	0.00105511	0.179952	0.00114349	0.147871	0.02878	0.00199644	0.00233988	0.00113454	0.00145619	0.0271468	0.0377157	0.41893	0.00119691	0.00391176
140	0.0146661	0.0273971	0.00137359	0.00192975	0.111325	0.0235551	0.0133511	0.00745055	0.00873221	0.0280837	0.00912264	0.0308328	0.0023267	0.0130762	0.00699771	0.0621513	0.0189531	0.0100043	0.0720046	0.536666
141	0.0379392	0.00176872	0.000271494	0.000464547	0.0295152	0.00237155	0.000215463	0.432186	0.000295686	0.113104	0.0392284	0.00177408	0.0012163	0.000989168	0.00105971	0.00446094	0.0211997	0.31107	0.000201825	0.000667592
142	0.0272769	0.00250131	0.0136238	0.142004	0.00391624	0.0340313	0.0392624	0.00739466	0.010687	0.0162948	0.00777876	0.00267463	0.00386266	0.596627	0.00197705	0.0464166	0.00631377	0.031707	0.00115296	0.00449733
143	0.0428529	0.0043565	0.00167404	0.0645317	0.0181942	0.00721111	0.0395637	0.0465436	0.192452	0.0803063	0.0368208	0.0338266	0.00258684	0.0463759	0.144643	0.0472263	0.0120474	0.123289	0.0164796	0.0390197
144	0.104554	0.0064852	0.00607497	0.00358284	0.00203269	0.762099	0.000895766	0.00272912	0.0028255	0.00257026	0.00228116	0.0104828	0.0010607	0.00699588	0.00868603	0.0590837	0.0126877	0.00350118	0.000470586	0.000900319
145	0.0824521	0.0132703	0.00484809	0.00944393	0.0702075	0.0205822	0.0097786	0.0366987	0.0242902	0.0443951	0.0710975	0.0172575	0.0100659	0.0125189	0.0709329	0.0518229	0.0359184	0.0462402	0.348112	0.0200666
146	0.144794	0.00375375	0.115414	0.160427	0.0389352	0.093476	0.0268598	0.0443722	0.0406488	0.00932256	0.00945626	0.0443669	0.00383559	0.0681135	0.0112002	0.0581863	0.0212305	0.0345173	0.0190024	0.0520866
147	0.0831005	0.0197327	0.00288371	0.00718669	0.0352517	0.0067767	0.00302161	0.154583	0.0731036	0.101313	0.050449	0.00788796	0.019751	0.00694359	0.0284231	0.0562165	0.0211142	0.198726	0.0825829	0.0409532
148	0.198856	0.00501679	0.00260548	0.00439763	0.00122757	0.651456	0.000429724	0.00186809	0.000616839	0.00164216	0.00120749	0.00577873	0.00126137	0.00403577	0.00716816	0.0931363	0.0110968	0.00728138	0.000313782	0.000604313
149	0.0132014	0.010484	0.000249982	0.000315219	0.547132	0.00392381	0.00566382	0.0282014	0.000500314	0.174712	0.0157042	0.000474608	0.00262359	0.000472165	0.00170269	0.00722603	0.00500071	0.0307564	0.0197312	0.131925
150	0.221261	0.00446335	0.0160664	0.0060779	0.0576853	0.212624	0.00148192	0.0664743	0.0160547	0.060188	0.0601227	0.0170188	0.00306238	0.00290136	0.00371061	0.0450402	0.103091	0.0982272	0.00138995	0.00305984
151	0.0926153	0.0133025	0.000499539	0.000549372	0.04417	0.00911039	0.000348975	0.252706	0.000351506	0.159297	0.0275944	0.00136005	0.00120708	0.00109952	0.00120253	0.0292488	0.042301	0.31645	0.00186291	0.00472244
152	0.213948	0.0810484	0.00157316	0.000858461	0.0154341	0.0642695	0.00724556	0.0166175	0.00107183	0.0288591	0.0182639	0.00960458	0.0293707	0.00132206	0.0028349	0.422765	0.0683246	0.0149693	0.000586814	0.00103159
153	0.380308	0.0315801	0.000511085	0.00371048	0.0277717	0.0541193	0.000449473	0.0514151	0.0027858	0.0738436	0.0370783	0.00117667	0.00124853	0.00102077	0.000754139	0.113488	0.108613	0.106373	0.000457669	0.00329524
154	0.126924	0.00839149	0.000677835	0.000575482	0.0319308	0.0720358	0.000430357	0.218125	0.000576356	0.176234	0.0323563	0.00105955	0.00104797	0.000693115	0.000836862	0.0300357	0.0313401	0.265072	0.000291037	0.00136593
155	0.359709	0.0299938	0.000345847	0.00176794	0.030422	0.0435691	0.000326027	0.0643029	0.002045	0.0726355	0.0327344	0.000776004	0.00113218	0.000799574	0.000514327	0.0831257	0.126922	0.144687	0.000518759	0.00367222
156	0.0869434	0.0152446	0.000601708	0.00107817	0.0315088	0.0136823	0.000690376	0.223953	0.000681393	0.163916	0.115384	0.00210511	0.00155492	0.00219546	0.00127368	0.0367907	0.0525545	0.244316	0.00131687	0.00420906
157	0.182772	0.0335181	0.000431206	0.000459199	0.145864	0.0587155	0.000361243	0.0735867	0.000726758	0.161151	0.0236699	0.00103675	0.0102567	0.00457193	0.000558245	0.0839283	0.0850726	0.120629	0.0079475	0.00474358
158	0.0912223	0.0122891	0.000911727	0.000131762	0.0483775	0.016303	0.000117505	0.229987	0.000150227	0.243297	0.030771	0.000836459	0.00127495	0.00035942	0.000185173	0.022391	0.0351287	0.264654	0.000111831	0.00150099
159	0.517415	0.0113971	0.000417988	0.00523136	0.0027425	0.181799	0.000770465	0.00379649	0.00253461	0.00398886	0.004225	0.00197898	0.00511824	0.00548319	0.00250869	0.200544	0.0214188	0.0275182	0.000383751	0.000728258
160	0.0387927	0.00801025	0.000608904	0.00161391	0.0689841	0.0033367	0.00390778	0.181495	0.00229627	0.234546	0.113388	0.0263135	0.00379324	0.00968106	0.00270123	0.0243428	0.0844316	0.165364	0.0147272	0.0116657
161	0.088996	0.0139441	0.000828073	0.000164508	0.0497397	0.0146234	0.000204511	0.232628	0.000158864	0.236709	0.0315377	0.000935321	0.00163949	0.000473875	0.000229493	0.0226958	0.0365059	0.265514	0.000292757	0.00217995
162	0.0625219	0.0565312	0.00068042	0.000676344	0.0640988	0.0134655	0.0031847	0.244738	0.00106675	0.143012	0.0182094	0.00288913	0.00281141	0.00243785	0.00103865	0.0496763	0.0424731	0.279425	0.00219529	0.00886819
163	0.0890157	0.0191595	0.000839615	0.0010755	0.239277	0.0191075	0.000808402	0.105883	0.00139215	0.217166	0.0187944	0.00861825	0.00611879	0.00125951	0.00170329	0.0230099	0.010864	0.219437	0.0125292	0.00394111
164	0.251617	0.0348383	0.000353453	0.000860901	0.0589154	0.0335321	0.000365669	0.123696	0.00150888	0.121368	0.0346099	0.000944864	0.00332625	0.00145714	0.000754849	0.0738998	0.0671944	0.18309	0.00228727	0.00537871
165	0.348892	0.0434088	0.000370323	0.00216051	0.0415484	0.0371367	0.000405467	0.0703739	0.00346907	0.0875453	0.0440933	0.00104825	0.00273324	0.00114937	0.000684094	0.116384	0.0719599	0.120899	0.00129344	0.00444479
166	0.100058	0.00577654	0.00307313	0.00261273	0.00111073	0.79561	0.000474422	0.0015998	0.0011816	0.00157536	0.00132087	0.00549552	0.000855653	0.00326084	0.0102284	0.0540565	0.00900832	0.00194129	0.000259471	0.000500806
167	0.0657422	0.0105535	0.0056784	0.00297343	0.0831793	0.00941949	0.0129825	0.0587718	0.0272606	0.109804	0.120969	0.0531802	0.00214803	0.0127962	0.0495714	0.143469	0.0779299	0.0784439	0.0117859	0.0633404
168	0.028627	0.00558728	0.000378574	0.00263252	0.166895	0.00339283	0.00315551	0.180932	0.0012449	0.330315	0.0534573	0.00370507	0.00415177	0.000718757	0.00182005	0.0264994	0.0272155	0.120943	0.00650062	0.0318271
169	0.0869355	0.00177635	0.000498434	0.0163486	0.00311665	0.00386678	0.000513796	0.0874712	0.00450031	0.0363414	0.0130557	0.00175226	0.00918815	0.00139028	0.00471344	0.0141027	0.0383724	0.674295	0.000524361	0.00123723
170	0.483753	0.0233608	0.000790199	0.00248844	0.0106323	0.0597765	0.00119471	0.0452113	0.00275377	0.0297987	0.0129762	0.00198566	0.00243783	0.00201656	0.00196126	0.0666835	0.0443315	0.204725	0.000915053	0.00220804
171	0.663263	0.00953752	0.000562369	0.00420143	0.00354089	0.0171628	0.000604016	0.00394063	0.00652548	0.00530862	0.00574628	0.0023771	0.0223535	0.00929467	0.0012823	0.168163	0.0621341	0.0126116	0.000513938	0.0008766
172	0.07966	0.00385104	0.00225953	0.00312146	0.235267	0.00756422	0.00182371	0.201643	0.00541147	0.155688	0.0459382	0.0086951	0.00226336	0.00099229	0.00797554	0.0405975	0.0464411	0.110141	0.00216732	0.0384992
173	0.0324091	0.0236936	0.00047673	0.00215922	0.0177037	0.0185314	0.0407835	0.0190488	0.175642	0.02713	0.0268476	0.0705649	0.00364761	0.0340555	0.283429	0.111342	0.0395755	0.0286278	0.0160877	0.0282446
174	0.0578259	0.00344023	0.0371649	0.0746044	0.00580284	0.0188744	0.0436317	0.00833093	0.244671	0.0112644	0.00858191	0.185623	0.00506837	0.059766	0.0657056	0.0620752	0.0641883	0.0354296	0.00245466	0.00549716
175	0.0372676	0.00857613	0.000610979	0.00164958	0.0981995	0.00708933	0.00180897	0.157016	0.00157134	0.412022	0.055442	0.00317432	0.00312655	0.00246333	0.00164707	0.025147	0.027058	0.140885	0.00398025	0.0112651
176	0.0127491	0.000862801	0.661805	0.0778246	0.00148841	0.0312776	0.00669586	0.00206469	0.0114695	0.00227233	0.00153721	0.113276	0.000796375	0.0181899	0.0054143	0.0282383	0.0067413	0.00757053	0.000456891	0.00926952
177	0.00983438	0.00104265	0.000616355	0.0169432	0.0019183	0.0228555	0.0058217	0.0117698	0.457109	0.0139364	0.0108429	0.0217605	0.00168862	0.0116222	0.384565	0.00900343	0.00846935	0.00341019	0.00587901	0.000911695
178	0.622656	0.0139284	0.00197748	0.00436769	0.00711787	0.0328696	0.00188422	0.0122856	0.0151128	0.0130378	0.0119699	0.0045324	0.00926161	0.00697598	0.00381189	0.156254	0.0382805	0.0389775	0.000902748	0.0037962
179	0.412541	0.0603053	0.000770706	0.00286377	0.0200577	0.0259164	0.00146231	0.0655652	0.0120737	0.0667866	0.0374709	0.00211671	0.00235331	0.00153857	0.00145311	0.120095	0.0671255	0.0877287	0.00074697	0.0110288
180	0.0407748	0.0102929	0.000283069	0.000759251	0.0365721	0.00279854	0.00164672	0.347882	0.00107492	0.127527	0.0794504	0.00368218	0.00128148	0.00569758	0.00397724	0.019731	0.0430271	0.264121	0.00266515	0.00675545
181	0.0490356	0.228893	0.00285993	0.00402236	0.0345097	0.0182722	0.00481253	0.159559	0.00712062	0.0414362	0.0149886	0.00788829	0.0153235	0.00593519	0.00653911	0.171822	0.032591	0.172185	0.0135113	0.00869515
182	0.0349067	0.00325699	0.00448669	0.00101173	0.00246583	0.0195711	0.00140465	0.00476714	0.00514807	0.00631217	0.00727217	0.0203908	0.01548	0.00768854	0.0295554	0.315427	0.516296	0.00275235	0.000586547	0.00122074
183	0.104468	0.00140929	0.000629116	0.0273399	0.00209961	0.00615021	0.000719498	0.0890673	0.00745691	0.0320403	0.0219005	0.00183614	0.0178331	0.00156289	0.0076535	0.0166293	0.0477847	0.611912	0.000554603	0.000952847
184	0.0952128	0.00258326	0.00392354	0.0875269	0.0053109	0.0205919	0.00228729	0.0216965	0.0334409	0.00776441	0.0192569	0.0202171	0.00278489	0.0314488	0.0331537	0.0997913	0.475269	0.0346156	0.00106329	0.00206078
185	0.0302604	0.00151285	0.00485775	0.103052	0.00236105	0.0193772	0.0547044	0.00466169	0.0170514	0.0165904	0.00731152	0.00148129	0.00528441	0.677363	0.00130227	0.0119455	0.00378085	0.0337238	0.00064668	0.00273223
186	0.081495	0.00226762	0.000778037	0.0221034	0.00731835	0.00527854	0.00102509	0.0977194	0.00507298	0.0458641	0.0198163	0.00222077	0.0107128	0.00281684	0.00535048	0.017702	0.041446	0.627702	0.000995814	0.00231486
187	0.0364266	0.00129561	0.0632749	0.311756	0.00208656	0.0149209	0.041806	0.00343087	0.138735	0.00342264	0.00489605	0.0748551	0.00417194	0.0957704	0.0493572	0.0543598	0.0787401	0.0182949	0.000559614	0.0018399
188	0.0145771	0.00101281	0.437172	0.263594	0.00194676	0.0228942	0.0146891	0.00266564	0.024655	0.0025016	0.0021615	0.108493	0.00107713	0.0387556	0.00925825	0.0254614	0.0135389	0.00817559	0.000574906	0.00679434
189	0.296946	0.0125372	0.000842236	0.00184659	0.0310321	0.0460656	0.00064605	0.0593592	0.00309401	0.0953122	0.0331996	0.00169391	0.00121898	0.00120573	0.000844343	0.06043	0.184252	0.16445	0.000733631	0.0042906
