458	20
1	0.146536	0.00989042	0.0209271	0.0298898	0.0188624	0.0381292	0.0052963	0.0846882	0.0170485	0.0542914	0.0178477	0.00945534	0.032124	0.0182957	0.0187946	0.106372	0.0855496	0.283781	0.00081952	0.00140216
2	0.00331615	0.0087935	0.00162958	0.00525523	0.269097	0.00501755	0.00868886	0.0350033	0.0031313	0.477889	0.0978532	0.00253861	0.00120178	0.00962598	0.00402096	0.00970808	0.0172227	0.010029	0.00999577	0.0199829
3	0.0996226	0.0211279	0.01561	0.00524995	0.0177297	0.0355448	0.00559692	0.00418409	0.0236113	0.0363907	0.00280209	0.026389	0.384873	0.0305996	0.00673847	0.236834	0.020478	0.00962764	0.0144323	0.00255797
4	0.0645704	0.028348	0.124751	0.02381	0.00469696	0.101164	0.0226078	0.00891035	0.0417002	0.0111374	0.00793379	0.235576	0.00605264	0.0115667	0.0241539	0.221092	0.0491822	0.00452683	0.00310503	0.00511515
5	0.0136229	0.00323428	0.00340137	0.00766227	0.000690481	0.918938	0.00164566	0.000881569	0.00832134	0.00150416	0.000806303	0.00198779	0.000469204	0.00200885	0.0190107	0.0124908	0.00136775	0.00111564	0.000308843	0.000532457
6	0.0218521	0.00378119	0.563089	0.128982	0.00544848	0.0181831	0.0146564	0.015684	0.0142588	0.0337505	0.00837116	0.0464101	0.00294021	0.0209945	0.00853642	0.0491111	0.00950635	0.0246928	0.00115556	0.00859649
7	0.0501472	0.0454764	0.0012511	0.015067	0.0998749	0.00796672	0.0244565	0.151343	0.0279067	0.132595	0.0594703	0.00728918	0.00891832	0.0162875	0.0216791	0.0448914	0.0645113	0.154864	0.00726216	0.0587421
8	0.00393439	0.0523923	0.00217095	0.00426916	0.112969	0.00279878	0.0554086	0.00726608	0.00955113	0.00914077	0.00398835	0.0075808	0.00138024	0.0180865	0.036046	0.0122167	0.00824767	0.00889087	0.00299538	0.640666
9	0.0696879	0.0140762	0.0414643	0.0441548	0.0231168	0.0204685	0.0855107	0.0243415	0.0654659	0.0238053	0.0304577	0.0779708	0.0448423	0.0791057	0.0684484	0.129098	0.0879081	0.0383529	0.00465601	0.0270682
10	0.0252316	0.00385898	0.00664408	0.003632	0.00073335	0.907412	0.00116773	0.00108848	0.00458125	0.00179981	0.000902277	0.00347406	0.000782393	0.00193812	0.0150963	0.0155823	0.00266986	0.00228565	0.00052363	0.000596667
11	0.0140811	0.010055	0.00500082	0.030168	0.00173152	0.0194322	0.0176124	0.0147754	0.408139	0.0104174	0.0179572	0.0341447	0.00295139	0.0398374	0.27714	0.0364476	0.0436522	0.0070871	0.00616718	0.00320231
12	0.00153036	0.0436952	0.000905374	0.00288106	0.120256	0.00098397	0.0559716	0.00673578	0.00451196	0.00654807	0.00314957	0.00340312	0.000624738	0.015732	0.0222866	0.00708472	0.00680639	0.0080455	0.0025446	0.686304
13	0.0712516	0.00461836	0.0075073	0.0102728	0.0215837	0.00425389	0.005416	0.24108	0.0182324	0.08056	0.0630546	0.0119263	0.00753117	0.00839861	0.0301591	0.0351392	0.119624	0.246054	0.00811725	0.00521922
14	0.018051	0.0237736	0.0104376	0.0138628	0.0236239	0.0261858	0.0389738	0.0209805	0.0968767	0.0419418	0.0211802	0.0269485	0.0119582	0.0320083	0.159417	0.0350782	0.0338107	0.0237191	0.322399	0.0187729
15	0.145295	0.0560124	0.00382029	0.00568465	0.0127048	0.00732573	0.0074304	0.0212613	0.108734	0.0303537	0.00328569	0.0196055	0.0651012	0.0326467	0.0628813	0.191688	0.155471	0.0662804	0.00131523	0.00310246
16	0.0462337	0.00641612	0.00456593	0.0148471	0.031982	0.00346176	0.00570527	0.237869	0.0160728	0.100426	0.135386	0.0101857	0.00506684	0.0151722	0.0282135	0.0238388	0.097101	0.199694	0.0119522	0.00580904
17	0.00145293	0.0380522	0.000890326	0.0026776	0.13577	0.000967599	0.0558978	0.00616715	0.00544486	0.00953161	0.00317929	0.00384366	0.000663584	0.0151163	0.0228204	0.00678725	0.00682697	0.00690344	0.00264886	0.674358
18	0.0199272	0.00380577	0.276786	0.281257	0.00692587	0.00539632	0.0360429	0.0480474	0.026422	0.0415773	0.0272023	0.0120395	0.0035628	0.0514483	0.0103005	0.0356883	0.00766957	0.0842348	0.00161247	0.0200538
19	0.0145432	0.00416742	0.0037231	0.00302879	0.00110254	0.923209	0.00212613	0.000766502	0.00574274	0.00120005	0.000731994	0.00240089	0.000448889	0.00293412	0.0182717	0.0116188	0.00142366	0.00102589	0.000536276	0.000998193
20	0.0153904	0.00397225	0.284073	0.435425	0.000949306	0.0195345	0.0216168	0.00166948	0.0444381	0.00395503	0.00130144	0.0389349	0.00996903	0.0620072	0.0209681	0.0153179	0.00418253	0.0148629	0.000324877	0.00110729
21	0.0171874	0.0169316	0.0064177	0.00859415	0.230055	0.0113551	0.0181727	0.0619329	0.0148174	0.099811	0.0422345	0.0108348	0.0104205	0.0127941	0.0188685	0.0241495	0.0237343	0.0316985	0.305071	0.0349191
22	0.0198852	0.0281138	0.0354563	0.0336009	0.0120612	0.0546478	0.0720226	0.0118875	0.159224	0.0143517	0.00729294	0.074424	0.00270723	0.067042	0.263253	0.0712187	0.0230189	0.0150235	0.0109996	0.0237689
23	0.0176308	0.0303863	0.0272566	0.0282554	0.00657666	0.061392	0.0708529	0.0106753	0.177411	0.0125596	0.00619961	0.0725067	0.00123158	0.066851	0.28939	0.067115	0.0159626	0.0085207	0.0128905	0.0163357
24	0.0381253	0.0107923	0.0400146	0.0424568	0.00620341	0.530188	0.0180522	0.00691595	0.03356	0.013138	0.00612761	0.060113	0.00479633	0.0285125	0.0356145	0.0861129	0.0209711	0.00875712	0.00442905	0.00511892
25	0.0655667	0.00707825	0.0146668	0.0243558	0.0128644	0.0208581	0.00804417	0.0727689	0.162291	0.1104	0.0541948	0.0135921	0.00364768	0.0216555	0.127977	0.0395485	0.0862944	0.146542	0.00336407	0.00428986
26	0.167621	0.00618231	0.00518416	0.0308645	0.00927472	0.00648473	0.00779903	0.164021	0.0865812	0.0158767	0.119411	0.0362404	0.102274	0.0105353	0.0699841	0.0258308	0.101819	0.0242507	0.00382797	0.00593587
27	0.101224	0.0415112	0.0246292	0.00858435	0.00513214	0.0377535	0.0549899	0.0074989	0.0359359	0.0122605	0.0259606	0.148442	0.00537851	0.0105248	0.0132457	0.299899	0.151647	0.00646307	0.00225169	0.00666853
28	0.0152961	0.00368701	0.00362754	0.00293238	0.000553359	0.930751	0.00108992	0.000650239	0.00426262	0.00108219	0.000610516	0.00324024	0.000348619	0.0016908	0.0147578	0.0121808	0.00155264	0.000920083	0.000282946	0.000483489
29	0.0166133	0.0292167	0.0291188	0.0295443	0.00822468	0.0592811	0.0739993	0.0117609	0.172134	0.0131587	0.00579928	0.075599	0.00104124	0.0688291	0.281625	0.0669495	0.0169335	0.00920866	0.0120195	0.0189429
30	0.0163034	0.00403899	0.00757325	0.00687124	0.000858072	0.907176	0.00135235	0.001286	0.00490934	0.00210207	0.000991686	0.00464236	0.00197926	0.00283383	0.0156106	0.0163005	0.00270107	0.00147279	0.00046728	0.000529855
31	0.0117588	0.00450153	0.00154458	0.0343337	0.00146618	0.0113698	0.00778821	0.0221331	0.460879	0.0164386	0.0182095	0.0286628	0.00220789	0.0329714	0.250822	0.0319866	0.0535453	0.00487936	0.00249082	0.00201067
32	0.00771737	0.0111527	0.0016106	0.00493701	0.264857	0.00529307	0.0119111	0.0749217	0.00568118	0.390175	0.0914901	0.00301777	0.00160567	0.0116011	0.00568582	0.0133097	0.0284189	0.0192476	0.0104214	0.036945
33	0.0166471	0.00589057	0.00440055	0.115936	0.0352401	0.0424087	0.03232	0.0695006	0.00834672	0.157737	0.0790175	0.00763314	0.0117214	0.113368	0.0449807	0.0802831	0.0825685	0.0822075	0.00382404	0.00596777
34	0.0129359	0.0235753	0.00744165	0.00745778	0.229786	0.0148261	0.0245019	0.0287802	0.017707	0.0818313	0.0280816	0.015678	0.0101104	0.0138541	0.0217883	0.0256728	0.0185609	0.0158026	0.355186	0.0464231
35	0.11265	0.0139835	0.0094629	0.00657589	0.0252062	0.0127076	0.015646	0.00685271	0.0120497	0.0475778	0.00346788	0.0147857	0.398322	0.0294402	0.00782795	0.165106	0.0932848	0.0166696	0.00414835	0.00423611
36	0.0500947	0.00560666	0.00245122	0.00291577	0.00292451	0.0099782	0.0168079	0.00494834	0.0231262	0.0204362	0.00516307	0.0437733	0.00338278	0.00410002	0.0183425	0.405211	0.371147	0.00516129	0.00122394	0.0032056
37	0.0181026	0.00391037	0.00618312	0.00388947	0.000793034	0.911918	0.00142211	0.00108578	0.00481817	0.00126009	0.000858514	0.00310607	0.000842382	0.00224741	0.015023	0.0188855	0.00248498	0.00185159	0.000491358	0.000826577
38	0.272199	0.0106127	0.0173497	0.018249	0.0129775	0.0449808	0.0112745	0.046832	0.0164195	0.0465328	0.0126196	0.0116663	0.0606641	0.0314436	0.0147307	0.0996949	0.0849584	0.181935	0.00134902	0.00351112
39	0.126677	0.0113041	0.00254507	0.0180569	0.0167144	0.0050928	0.00333973	0.103512	0.0483067	0.0394599	0.0424119	0.024612	0.00625078	0.0308536	0.0297457	0.113209	0.233497	0.135703	0.00119387	0.00751444
40	0.00138424	0.0290403	0.00095988	0.00209016	0.162384	0.000956618	0.0441737	0.00480287	0.00601287	0.0127968	0.00306698	0.00390581	0.000601699	0.0103982	0.0201857	0.00520684	0.00614912	0.00476382	0.00197963	0.679141
41	0.00896861	0.00272398	0.237699	0.500031	0.00100612	0.0119388	0.0240142	0.00236314	0.0390815	0.00647831	0.0023832	0.0294815	0.00719184	0.0688137	0.0141955	0.0106464	0.00522279	0.0256422	0.000334659	0.00178326
42	0.0213877	0.00484703	0.00727286	0.00394866	0.00145406	0.875519	0.0032937	0.00180144	0.00681669	0.00267339	0.00139889	0.00759838	0.00272541	0.00415044	0.0170232	0.0262976	0.00708963	0.00266768	0.000836495	0.00119817
43	0.0126839	0.00366205	0.278169	0.451525	0.000942552	0.017871	0.0228877	0.00145882	0.0417723	0.00433782	0.00129444	0.0364502	0.00930816	0.0644935	0.0188177	0.0124065	0.00377499	0.0166759	0.000325691	0.0011428
44	0.0024451	0.00503728	0.00122344	0.00262193	0.649421	0.00820205	0.00626596	0.0318839	0.00319771	0.155787	0.0376844	0.00218596	0.00116526	0.00410405	0.00277058	0.00695854	0.00914376	0.00658259	0.0170751	0.0462444
45	0.120649	0.0434231	0.0184425	0.0399394	0.0132759	0.0379947	0.0439522	0.0459685	0.102249	0.0717579	0.0442906	0.0240418	0.00938973	0.029903	0.149317	0.106714	0.0355521	0.0471819	0.00647656	0.00948165
46	0.117007	0.0240295	0.0587684	0.00818501	0.00213047	0.284905	0.0313201	0.00484073	0.0240017	0.0166485	0.0124372	0.0980273	0.00226504	0.0105249	0.0430725	0.205251	0.0416378	0.0029817	0.0103178	0.00164826
47	0.0223485	0.00634607	0.014127	0.00715618	0.00155791	0.856857	0.0028226	0.00176936	0.00740098	0.00296207	0.00185241	0.0123746	0.00184596	0.00361499	0.0160637	0.0301211	0.00620068	0.00297095	0.000657715	0.00095017
48	0.00629861	0.00546617	0.00369426	0.00426216	0.427154	0.00330939	0.019804	0.00868507	0.0414691	0.0469017	0.00796573	0.0340143	0.00245242	0.0068134	0.0355951	0.0135132	0.025663	0.00681133	0.00334166	0.296785
49	0.0160458	0.00586594	0.00234835	0.00611148	0.0337998	0.00245728	0.00375557	0.260077	0.00713504	0.233665	0.198959	0.0124807	0.0021104	0.00860297	0.0142895	0.00902914	0.0316733	0.145205	0.00387937	0.00250959
50	0.00743525	0.00460951	0.452748	0.123016	0.0412174	0.00478899	0.15571	0.00739606	0.0103229	0.0108794	0.00643049	0.0111012	0.00247637	0.044169	0.022778	0.0158733	0.00787324	0.0119615	0.00208784	0.0571255
51	0.0145696	0.00368312	0.00373392	0.00353548	0.00090882	0.925011	0.00211748	0.00122858	0.00504962	0.00179327	0.00127111	0.00240364	0.000627307	0.00235692	0.014795	0.0116578	0.00269408	0.00164576	0.000298249	0.000619221
52	0.0709286	0.0176919	0.0437387	0.0626892	0.0278782	0.0227873	0.0814007	0.0339046	0.0542689	0.0205536	0.0261145	0.0691932	0.0291171	0.0795628	0.0709709	0.127408	0.0783924	0.0451608	0.00598044	0.0322584
53	0.0165353	0.00410307	0.0061574	0.00488906	0.00102367	0.906074	0.00125478	0.00121391	0.00697322	0.00228733	0.00151443	0.00347474	0.00104442	0.00250207	0.0174897	0.0157978	0.00396756	0.00156462	0.00143783	0.000694806
54	0.139364	0.00679181	0.00258268	0.0181815	0.0109529	0.0054223	0.00215885	0.0954106	0.0339481	0.0372419	0.0264033	0.0261189	0.00530594	0.0201992	0.0204616	0.0999089	0.331358	0.11072	0.00067688	0.0067929
55	0.00392909	0.0061259	0.00155878	0.00265294	0.371603	0.00467978	0.0251159	0.0164344	0.0112005	0.179986	0.042775	0.00856581	0.00112475	0.00609199	0.0143857	0.00597128	0.0175271	0.00406905	0.00919062	0.267012
56	0.0633417	0.00401755	0.00593599	0.00977138	0.0206516	0.00337789	0.00448738	0.216804	0.0319003	0.044139	0.0430112	0.012243	0.0124225	0.00905305	0.0233119	0.0508615	0.216692	0.218638	0.004282	0.00505807
57	0.16376	0.0157	0.100059	0.0632413	0.00891405	0.207831	0.0261199	0.01198	0.0203586	0.0138848	0.00904344	0.0411628	0.00822867	0.0229624	0.0368023	0.15483	0.0683682	0.0146282	0.0079785	0.00414732
58	0.194254	0.0424674	0.0148766	0.015736	0.0117701	0.00974108	0.027668	0.0104807	0.0104013	0.0400375	0.00165934	0.0238689	0.190446	0.045123	0.00560208	0.192817	0.0806476	0.0717181	0.00124024	0.00944456
59	0.0612039	0.013702	0.235885	0.0570725	0.0119206	0.0644207	0.0119358	0.00498758	0.0332301	0.0276126	0.0047596	0.224904	0.0119756	0.00814604	0.00839538	0.169221	0.0373669	0.00812743	0.000877444	0.00425593
60	0.0325165	0.014899	0.0996983	0.052368	0.008194	0.168612	0.0198021	0.00685717	0.0998117	0.0283737	0.0053511	0.194483	0.00834932	0.0309896	0.0385819	0.143138	0.0277977	0.0080413	0.0028824	0.00925375
61	0.120709	0.0248269	0.0697909	0.0634787	0.0215162	0.0257729	0.0359135	0.0478955	0.0338625	0.0573574	0.0321302	0.0636576	0.0163207	0.0441035	0.0361746	0.147171	0.0730792	0.0660019	0.00666354	0.0135734
62	0.138205	0.0082214	0.00252368	0.0208529	0.0142112	0.00667504	0.00204278	0.104446	0.0444257	0.041065	0.0324033	0.0215195	0.00568851	0.0235731	0.0255038	0.105441	0.24959	0.145409	0.000627245	0.0075766
63	0.00154714	0.0351753	0.000910024	0.00235704	0.152041	0.0010146	0.047964	0.00586515	0.00538132	0.0113032	0.00358116	0.00346324	0.000625797	0.0118847	0.0202713	0.00587296	0.00615371	0.00619621	0.00202382	0.676368
64	0.0111706	0.00571453	0.00241724	0.0248777	0.00093474	0.0220794	0.0197236	0.00713203	0.388652	0.00538866	0.0136095	0.0269576	0.00629467	0.0327025	0.356585	0.0334002	0.0255254	0.00722492	0.00849404	0.00111557
65	0.0156369	0.00401444	0.00784994	0.00454243	0.000701416	0.909374	0.00171056	0.000986643	0.00652113	0.00149175	0.000882657	0.00734195	0.000449755	0.00195115	0.0160452	0.0157536	0.00248667	0.00119928	0.000322254	0.000738291
66	0.0982759	0.0264427	0.0422543	0.0460963	0.0230598	0.0368918	0.0710509	0.0221515	0.0442357	0.0210685	0.02093	0.0615323	0.0209585	0.0819219	0.0693331	0.1623	0.0736476	0.0426318	0.00987495	0.0253423
67	0.0263662	0.0672133	0.0130614	0.0138311	0.0461346	0.0338768	0.0353998	0.0264562	0.0317398	0.0529866	0.0259912	0.0294613	0.0150415	0.026156	0.051589	0.0572653	0.0300315	0.026001	0.355577	0.0358208
68	0.0985003	0.00982086	0.0121283	0.0191501	0.0148455	0.0152572	0.00777076	0.0834524	0.104375	0.113246	0.0507603	0.012266	0.00399255	0.0218354	0.126991	0.0555891	0.0738658	0.168986	0.00209931	0.00506873
69	0.125614	0.0164752	0.0212163	0.0245572	0.0467577	0.0717288	0.0247558	0.0417652	0.0406859	0.0906988	0.0959222	0.040965	0.0110484	0.0474579	0.0478523	0.104957	0.0422768	0.0697053	0.0259232	0.00963721
70	0.0286248	0.00336976	0.404765	0.0904056	0.00394792	0.0776331	0.00544999	0.00420191	0.0114021	0.0108292	0.00218675	0.231897	0.00346305	0.00830561	0.0089208	0.0756803	0.0132945	0.0113556	0.00074896	0.00351873
71	0.0641265	0.00891894	0.0185635	0.0178197	0.0349021	0.016056	0.0146121	0.0709781	0.117955	0.131024	0.0627045	0.0123459	0.00294955	0.0213272	0.115975	0.0366733	0.0686125	0.175824	0.00344713	0.00518469
72	0.00874436	0.0046323	0.00166638	0.0352442	0.000990088	0.017871	0.017195	0.00868985	0.403543	0.0050336	0.0117614	0.0231768	0.00515374	0.0393929	0.351137	0.0261033	0.024509	0.00713294	0.00702416	0.000999125
73	0.0120135	0.00988996	0.022287	0.00910904	0.0312547	0.00650896	0.365969	0.0147745	0.028296	0.0832154	0.00675028	0.0557277	0.00954352	0.12101	0.0413604	0.0260651	0.0184855	0.0142721	0.0224473	0.10102
74	0.0159805	0.00532074	0.00389953	0.00325416	0.00108248	0.917084	0.00144514	0.00133065	0.00536821	0.00247296	0.00135942	0.0029957	0.00051232	0.00229966	0.015912	0.0138466	0.00251945	0.00203917	0.000658141	0.00061962
75	0.0748138	0.0188947	0.042852	0.0588544	0.0250038	0.0230721	0.0782465	0.0311853	0.0545579	0.0214774	0.0283634	0.0679622	0.0259199	0.0799399	0.0735709	0.130458	0.0790127	0.0501706	0.00676389	0.0288812
76	0.00151177	0.0232545	0.000887825	0.00168029	0.18483	0.000945444	0.0399507	0.00410268	0.00715493	0.0166203	0.00328096	0.00474563	0.00064228	0.00824769	0.0193474	0.00451461	0.00640705	0.00358662	0.00145772	0.666831
77	0.233272	0.0349585	0.0200956	0.017438	0.0108717	0.0330614	0.0115474	0.0227568	0.0165995	0.0249583	0.00348728	0.0231	0.106048	0.0258585	0.00695757	0.193044	0.0746252	0.135132	0.00120576	0.00498229
78	0.0354325	0.011753	0.316058	0.0954924	0.00799383	0.0536935	0.0162328	0.00630919	0.0340671	0.0124979	0.00491888	0.213622	0.00614691	0.0193527	0.0219008	0.0998208	0.0240918	0.0116426	0.00199364	0.00697937
79	0.066815	0.02143	0.0243064	0.0214078	0.021246	0.139599	0.0211908	0.0225704	0.0249425	0.116925	0.0237521	0.0417176	0.0311455	0.0301864	0.0300488	0.265302	0.048001	0.0278861	0.0105823	0.0109455
80	0.0351142	0.0112735	0.418279	0.0754957	0.00653967	0.0438368	0.0143747	0.00655281	0.0346523	0.0114468	0.00447266	0.136526	0.00854092	0.0133426	0.0186403	0.114291	0.0266735	0.0114625	0.00177278	0.00671221
81	0.0499214	0.0468645	0.00117481	0.0154952	0.0993271	0.00797432	0.0249845	0.151015	0.0277622	0.131338	0.0588901	0.00724125	0.00897948	0.0163159	0.0213989	0.0448978	0.0645674	0.155067	0.00745524	0.059329
82	0.00144828	0.0333116	0.00101238	0.0023498	0.163888	0.00105191	0.0525099	0.0053077	0.00620426	0.0139567	0.00386144	0.0044267	0.000598737	0.0130193	0.0212343	0.00609647	0.00697129	0.00590535	0.00202225	0.654824
83	0.00822745	0.00285525	0.242694	0.502105	0.00103195	0.0119459	0.0243757	0.00237077	0.0353388	0.00672005	0.00215414	0.0291372	0.00652755	0.0681184	0.0130859	0.0104221	0.00479894	0.0258608	0.00036161	0.00186893
84	0.0141698	0.00342391	0.00330927	0.00267568	0.000520022	0.938888	0.000593115	0.000614745	0.00407668	0.000869483	0.000496626	0.00145193	0.00032843	0.0015673	0.0146608	0.00986519	0.000957781	0.00087547	0.000238029	0.000417418
85	0.0735923	0.0254609	0.0395831	0.0531375	0.0854906	0.02983	0.0262236	0.0416706	0.0127155	0.206872	0.0688169	0.0297251	0.00447907	0.0344861	0.0164094	0.100854	0.068351	0.0386296	0.037817	0.0058554
86	0.0197303	0.0269373	0.0125266	0.0137637	0.0660917	0.0232052	0.0360829	0.0308381	0.0377584	0.0723399	0.0312671	0.0201897	0.0176158	0.0216224	0.0497708	0.0403514	0.0312886	0.0268961	0.3941	0.0276243
87	0.0311262	0.0330812	0.0102521	0.00989355	0.00736997	0.0144729	0.0193503	0.0381527	0.128446	0.0171496	0.0481585	0.0883283	0.0047745	0.0240859	0.325223	0.0263616	0.0436221	0.063942	0.0398834	0.026327
88	0.102966	0.0277317	0.121283	0.0998833	0.026741	0.0169809	0.0800482	0.0135159	0.130438	0.01482	0.0149368	0.0335486	0.00955936	0.0712305	0.0856773	0.0731105	0.0297704	0.0155603	0.0204627	0.0117351
89	0.0355814	0.00642481	0.36239	0.0791989	0.00411837	0.178793	0.00847521	0.00483382	0.0204653	0.0118799	0.00349285	0.139196	0.00329195	0.0109584	0.0156845	0.0813969	0.0181705	0.00896004	0.00282215	0.00386648
90	0.056553	0.0209616	0.00645449	0.0245996	0.10123	0.0187438	0.0123769	0.0649412	0.0230877	0.217634	0.0966459	0.0166277	0.00469675	0.0356292	0.0352997	0.0558041	0.0455507	0.147623	0.00686474	0.00867554
91	0.0712397	0.00373197	0.00299613	0.00548836	0.00427886	0.0447594	0.0968331	0.0331936	0.0312066	0.013136	0.0202914	0.0254122	0.19785	0.17543	0.09633	0.087297	0.0409433	0.0436206	0.00167162	0.00428965
92	0.00896666	0.00297703	0.252148	0.490702	0.000986059	0.0132346	0.0247	0.00196119	0.0360498	0.00603025	0.00181269	0.031461	0.00701574	0.0672471	0.013996	0.01058	0.00456039	0.0235927	0.000334824	0.00164404
93	0.0207154	0.00418144	0.00516792	0.00368301	0.00117277	0.899012	0.00151797	0.00191167	0.00508052	0.00273062	0.0011336	0.00318371	0.00206594	0.002298	0.0155233	0.0210008	0.00423554	0.00394836	0.000774667	0.000663024
94	0.0599177	0.0258117	0.0433187	0.051947	0.0295342	0.0182801	0.110353	0.0279602	0.057309	0.0204109	0.02138	0.072419	0.0360771	0.093231	0.0682461	0.121377	0.0622563	0.0426256	0.00481208	0.0327337
95	0.0146989	0.0038211	0.00379693	0.0028601	0.000563874	0.928958	0.00121625	0.000747615	0.00526211	0.0011047	0.000670053	0.00281433	0.00046782	0.00200102	0.0163519	0.0113522	0.00141321	0.00101087	0.000322947	0.000565723
96	0.00928088	0.00592029	0.00218246	0.0227506	0.00116528	0.0179118	0.0185066	0.00899042	0.381182	0.00682317	0.0162097	0.0261022	0.00684525	0.0323363	0.35073	0.0302453	0.0355276	0.0125771	0.0133431	0.00137009
97	0.00265233	0.0369965	0.00114878	0.00274915	0.140267	0.00106491	0.0563175	0.00756446	0.00599315	0.0127527	0.00422961	0.00453418	0.000614116	0.0150464	0.0212514	0.00715523	0.00789051	0.00798895	0.002787	0.660996
98	0.127313	0.00943008	0.00324281	0.02309	0.0146436	0.00637407	0.00318647	0.100812	0.0518607	0.050977	0.0348374	0.0221625	0.00515644	0.0273741	0.0441473	0.09606	0.227228	0.143587	0.000900876	0.00761675
99	0.0403232	0.0229602	0.0149705	0.0154013	0.036338	0.0277663	0.0269323	0.0220845	0.0460495	0.044397	0.0220258	0.0263048	0.11777	0.0346653	0.049625	0.0817027	0.0294318	0.0210326	0.303676	0.0165431
100	0.0205513	0.00710041	0.0401032	0.245142	0.00767612	0.234849	0.0421036	0.0107838	0.116212	0.0143051	0.0103809	0.0230046	0.00744012	0.0309573	0.0747255	0.0765025	0.0159312	0.0136794	0.00335099	0.00520116
101	0.0537982	0.0266417	0.163177	0.0386094	0.00823452	0.0414141	0.0241408	0.00660312	0.0543441	0.0113419	0.00774146	0.256629	0.00967086	0.0124587	0.0139259	0.203237	0.0528377	0.00702072	0.00129922	0.0068741
102	0.0703153	0.0182336	0.041979	0.0595854	0.025655	0.0210186	0.0797512	0.0331474	0.0559086	0.0211068	0.0286359	0.0694962	0.0277961	0.0814331	0.073273	0.125221	0.0805518	0.0504363	0.00615564	0.0303001
103	0.00329295	0.0163064	0.00220078	0.00284494	0.31527	0.0022985	0.0344966	0.0096522	0.0230054	0.0318278	0.00877237	0.0109918	0.00129738	0.00822247	0.0230362	0.00824352	0.0120526	0.00725788	0.00280581	0.476125
104	0.063447	0.00272371	0.0137853	0.00614406	0.0275751	0.00235524	0.00907155	0.283169	0.0112294	0.0512912	0.0498289	0.0206777	0.00668733	0.00565927	0.0157527	0.0323112	0.124072	0.258836	0.00511493	0.0102686
105	0.0164986	0.00388117	0.00529278	0.00439895	0.000819669	0.906956	0.00190005	0.00208485	0.0081301	0.00207793	0.00169389	0.00372952	0.000735984	0.00333317	0.0190114	0.0136092	0.00248764	0.00198944	0.000635498	0.000733661
106	0.121537	0.0107004	0.139525	0.126519	0.0111639	0.0452277	0.0249417	0.0221072	0.0451626	0.013773	0.0116038	0.0880956	0.00951459	0.0516593	0.0396824	0.137407	0.0694204	0.017362	0.00329762	0.0112996
107	0.014881	0.01617	0.00716089	0.00921716	0.116811	0.0161421	0.0212312	0.0517245	0.0192671	0.262902	0.121633	0.00850781	0.00589955	0.0137491	0.0223546	0.0233222	0.0236776	0.0338406	0.193355	0.0181532
108	0.00986378	0.00933021	0.00389708	0.0223417	0.00204392	0.0206569	0.0205215	0.00703335	0.389019	0.00798437	0.0107691	0.0274036	0.00470078	0.029973	0.361348	0.0337554	0.0220144	0.00668946	0.00804672	0.00260711
109	0.11583	0.0234846	0.0591362	0.00534972	0.00241842	0.216726	0.0331112	0.00516037	0.037909	0.014156	0.0109728	0.142981	0.0023822	0.0101057	0.0394902	0.227057	0.041387	0.00316904	0.0071588	0.0020155
110	0.0283403	0.00503453	0.00813678	0.00594675	0.00103208	0.874848	0.0021806	0.00184096	0.00587973	0.00273102	0.00159486	0.00579074	0.00193989	0.00341101	0.015598	0.0230145	0.00550457	0.00562833	0.000957372	0.000590417
111	0.0698669	0.00696248	0.0192906	0.0228178	0.0181474	0.022933	0.00710722	0.0695554	0.119811	0.12954	0.0581337	0.0136174	0.00283623	0.0186199	0.105875	0.0451273	0.0901272	0.173164	0.0020332	0.00443402
112	0.0075122	0.00865577	0.00384566	0.011023	0.0686531	0.00475212	0.00596761	0.191626	0.00890251	0.120231	0.40903	0.00792975	0.00235797	0.014079	0.013688	0.0117885	0.0331758	0.0683744	0.0046138	0.00379345
113	0.00950151	0.138895	0.0436581	0.0111951	0.126246	0.0261219	0.0952961	0.00459738	0.00720581	0.020246	0.0201293	0.162891	0.00266552	0.0101936	0.0124599	0.16611	0.0358083	0.0122318	0.0370842	0.0574639
114	0.017583	0.00404371	0.0184009	0.020919	0.00126692	0.857712	0.00398857	0.00265472	0.010124	0.00278367	0.00202053	0.0069369	0.00209682	0.00720778	0.0180898	0.015868	0.00320202	0.00336697	0.000531833	0.00120243
115	0.01479	0.0259922	0.0209683	0.0233618	0.00529907	0.051792	0.0576088	0.00908406	0.229769	0.0118761	0.00745339	0.0635631	0.00190855	0.0556938	0.308077	0.0620377	0.0158099	0.0089111	0.0137076	0.0122967
116	0.0155304	0.00370446	0.00621894	0.00428281	0.000949263	0.919782	0.00110352	0.000864992	0.00724563	0.00139565	0.000759472	0.00313758	0.00041659	0.00207829	0.0156738	0.0126585	0.00176252	0.00125796	0.00065879	0.000519231
117	0.142552	0.00785412	0.0034513	0.0213703	0.0132007	0.00954591	0.00217073	0.100809	0.044717	0.0411418	0.030039	0.0218582	0.00632459	0.023322	0.0245397	0.105557	0.246838	0.145682	0.000715769	0.00831186
118	0.00823119	0.010029	0.00274022	0.0146802	0.192386	0.00576764	0.00624323	0.0786141	0.00573342	0.310537	0.2259	0.0053318	0.00158253	0.0139352	0.00840324	0.0154743	0.0185844	0.058045	0.00779891	0.00998247
119	0.0846729	0.0126386	0.00903692	0.0230079	0.0176446	0.0111093	0.00649144	0.0952574	0.0739853	0.0997897	0.0477783	0.0132988	0.00397695	0.028181	0.0920693	0.0538697	0.120042	0.194768	0.00278182	0.00959961
120	0.0420729	0.0703907	0.0243045	0.0148859	0.0332942	0.0938202	0.0295716	0.0134817	0.0290972	0.033392	0.0217868	0.0433617	0.0146839	0.0223291	0.0453941	0.118892	0.0301433	0.0149049	0.286807	0.0173866
121	0.211714	0.0119603	0.0324426	0.0344258	0.0143484	0.0666596	0.00673894	0.0495187	0.0393493	0.0216077	0.00725502	0.0224061	0.0414367	0.0167734	0.0109456	0.163164	0.102191	0.142012	0.00210262	0.00294839
122	0.0496818	0.0228079	0.161327	0.0417106	0.0076981	0.0479445	0.0309891	0.00691437	0.043607	0.0112418	0.0121632	0.249869	0.00797066	0.0120461	0.013249	0.203747	0.0633362	0.00620443	0.00130066	0.00619123
123	0.0368901	0.019028	0.0314566	0.00975155	0.00469108	0.682332	0.0110364	0.00509933	0.0151984	0.00880667	0.00515983	0.032119	0.00435309	0.0105445	0.0288038	0.0632687	0.0170654	0.00640367	0.00432911	0.00366292
124	0.0429249	0.0231218	0.335123	0.0552608	0.00677734	0.030086	0.0152207	0.0060266	0.0798351	0.00940257	0.00506468	0.148575	0.00543431	0.00929122	0.0182663	0.157377	0.035278	0.00753107	0.00186504	0.00753894
125	0.116754	0.046313	0.00304302	0.00837087	0.0103113	0.00529957	0.00474582	0.0428494	0.120756	0.0407407	0.0116326	0.0135882	0.0422879	0.0350136	0.0881384	0.135831	0.177905	0.0916074	0.00156829	0.00324488
126	0.0018724	0.0167702	0.00110698	0.00169345	0.264641	0.00125889	0.039524	0.0034766	0.0119961	0.0316374	0.00551425	0.00839686	0.000762572	0.00826088	0.0239317	0.00470843	0.00973895	0.00318638	0.00139252	0.56013
127	0.00993002	0.00126332	0.65034	0.144243	0.00112953	0.0281342	0.00361147	0.00331698	0.0110979	0.00526976	0.000885633	0.0696847	0.00103996	0.0134069	0.00900629	0.0246806	0.00798583	0.0102688	0.000378453	0.00432599
128	0.0308094	0.0178481	0.0120165	0.00565304	0.00341648	0.810409	0.00511735	0.00232661	0.00773765	0.00538282	0.00466631	0.0154661	0.00120129	0.00573629	0.0198247	0.0365078	0.00789666	0.00282355	0.00279888	0.00236124
129	0.022734	0.13489	0.0428639	0.0339921	0.111361	0.0269496	0.0386767	0.00464283	0.00748018	0.0675226	0.00759135	0.197024	0.0028229	0.0315904	0.0276927	0.12823	0.0148277	0.035068	0.010326	0.0537153
130	0.0124041	0.0207992	0.00737503	0.00811846	0.263682	0.0137721	0.0183417	0.03098	0.0157804	0.0850097	0.0284259	0.0140542	0.00793819	0.0114769	0.0214081	0.0241146	0.01839	0.0158801	0.341234	0.040815
131	0.054291	0.008468	0.209103	0.106237	0.011617	0.00915039	0.019758	0.0892033	0.0201721	0.111238	0.0441261	0.0151742	0.00695703	0.044977	0.0134148	0.0870718	0.0205521	0.110597	0.00373557	0.014157
132	0.0307755	0.00255101	0.413138	0.0946867	0.00436183	0.0760062	0.00415392	0.00440114	0.0109485	0.0121543	0.0018164	0.222316	0.00366027	0.00788557	0.00888539	0.0742534	0.0116801	0.0125172	0.000652297	0.00315557
133	0.121685	0.0224191	0.0569712	0.016838	0.00633783	0.267808	0.0262122	0.00939674	0.0199743	0.0203502	0.011677	0.0678125	0.0108927	0.0166832	0.0370314	0.200995	0.0563304	0.0103826	0.0168391	0.00336352
134	0.0646877	0.027596	0.00679552	0.0230489	0.0966385	0.0180491	0.0131229	0.0769535	0.0314487	0.17907	0.0900818	0.0150044	0.00532789	0.0294559	0.0420333	0.0542913	0.0510871	0.156075	0.00760966	0.0116237
135	0.161073	0.00750952	0.0087244	0.050597	0.00858002	0.0111437	0.0147301	0.136543	0.0835332	0.0188429	0.1242	0.0319426	0.118976	0.0190269	0.080608	0.0268727	0.0695526	0.0164352	0.00414884	0.00696067
136	0.0138615	0.0152283	0.059816	0.0136495	0.00704658	0.0248125	0.103521	0.0088006	0.142361	0.0114367	0.0509969	0.065575	0.00442793	0.0768528	0.262076	0.0644887	0.0167608	0.0390249	0.00896402	0.0103
137	0.0153823	0.00373426	0.00515509	0.00311205	0.000668844	0.926751	0.00109545	0.00115699	0.00477653	0.00117119	0.000671678	0.00259119	0.00034237	0.00203623	0.0150455	0.0126421	0.00156926	0.00112028	0.000494522	0.000483089
138	0.0384147	0.0152322	0.0375772	0.0320851	0.0317825	0.0136112	0.133174	0.0161122	0.092742	0.0329304	0.0154793	0.073993	0.0225573	0.0939715	0.078049	0.133956	0.0585691	0.0384588	0.00363252	0.0376719
139	0.0972207	0.0137422	0.0167715	0.0202825	0.0537785	0.0173677	0.0121944	0.0755543	0.0393043	0.103451	0.0645998	0.0278728	0.0101908	0.0614944	0.0335647	0.0908804	0.0903738	0.158237	0.00541561	0.00770371
140	0.0271115	0.00910195	0.00784207	0.0962101	0.0151278	0.0970201	0.0650185	0.0717176	0.016	0.125433	0.0780964	0.0116632	0.0526644	0.095795	0.0545091	0.0710447	0.0361392	0.0523505	0.00383794	0.0133173
141	0.0729964	0.0169844	0.0570119	0.060459	0.021602	0.0323965	0.0690379	0.035116	0.0454041	0.0208875	0.0356045	0.0604686	0.0288083	0.0651895	0.067551	0.121451	0.0621779	0.0919246	0.00587525	0.0290538
142	0.0268772	0.0192536	0.00165434	0.00673394	0.0471487	0.00816811	0.00959991	0.195541	0.0177456	0.322865	0.0732043	0.0071311	0.00363591	0.00894236	0.0140545	0.022709	0.0292393	0.169765	0.0037058	0.0120252
143	0.0620187	0.0150104	0.0550438	0.0842794	0.020893	0.0193746	0.0806401	0.0564493	0.0717918	0.0179467	0.026124	0.0654797	0.0280763	0.0853982	0.0717106	0.109511	0.0647462	0.0362216	0.00497345	0.0243112
144	0.0539588	0.0345883	0.00544982	0.0162829	0.0907209	0.0107408	0.0287093	0.108848	0.030412	0.140936	0.0840786	0.0266152	0.0122912	0.0257611	0.0297868	0.0748075	0.0621846	0.122781	0.0124399	0.028608
145	0.00910485	0.00485955	0.00203757	0.026003	0.000882964	0.0222614	0.0156308	0.00740991	0.398304	0.00508424	0.0123776	0.0260396	0.00529839	0.0311005	0.364585	0.031154	0.024101	0.00598215	0.00698784	0.000795823
146	0.176226	0.0110169	0.013934	0.0104549	0.00692079	0.00727977	0.0619341	0.00672675	0.00701035	0.0645625	0.00415455	0.0222576	0.271966	0.0906793	0.0141997	0.106343	0.0897208	0.0261358	0.00102508	0.00745189
147	0.0256375	0.0726285	0.0117195	0.0132795	0.144896	0.103668	0.0251009	0.0382476	0.0153645	0.161577	0.088821	0.0249281	0.00620804	0.0167051	0.0214821	0.0480568	0.0284656	0.0302441	0.0699559	0.0530144
148	0.00663296	0.00346524	0.00296671	0.235701	0.010772	0.0363352	0.060644	0.0696937	0.0058188	0.121694	0.0719689	0.00470056	0.0176305	0.153877	0.0402109	0.0359436	0.0435735	0.0694966	0.00185566	0.00701988
149	0.1526	0.00589953	0.0487027	0.00813076	0.00722317	0.0665515	0.00957079	0.014754	0.0113608	0.0356801	0.024685	0.0104563	0.0883881	0.0194671	0.00963226	0.0814893	0.351854	0.0467651	0.00266326	0.00412568
150	0.0123262	0.00604234	0.00231717	0.00176081	0.0289378	0.00194031	0.00759487	0.333027	0.00319622	0.0743805	0.0302252	0.00384605	0.000987708	0.0025127	0.0032713	0.00629764	0.0191641	0.454813	0.00103362	0.00632549
151	0.0470731	0.0442231	0.00152051	0.00893648	0.105666	0.0050108	0.0391912	0.160673	0.0281494	0.120415	0.0454895	0.00541102	0.00622489	0.0183165	0.0129242	0.04859	0.0760146	0.108014	0.0047889	0.113367
152	0.0148105	0.00366154	0.00193916	0.0378299	0.00196158	0.0271474	0.00781543	0.00946442	0.554199	0.00592061	0.0186047	0.0154766	0.00215612	0.0502938	0.187605	0.0202775	0.0285944	0.00823004	0.00236697	0.00164483
153	0.0141698	0.00342391	0.00330927	0.00267568	0.000520022	0.938888	0.000593115	0.000614745	0.00407668	0.000869483	0.000496626	0.00145193	0.00032843	0.0015673	0.0146608	0.00986519	0.000957781	0.00087547	0.000238029	0.000417418
154	0.0523208	0.0183927	0.035798	0.0563947	0.0133809	0.031199	0.0727119	0.0195024	0.160338	0.0169399	0.0241649	0.0571153	0.014331	0.0700936	0.172468	0.0909921	0.0442712	0.0258476	0.00743105	0.0163065
155	0.00996099	0.0113795	0.00779328	0.0197921	0.00239951	0.0349551	0.0313117	0.00691262	0.277977	0.0080857	0.0144572	0.0366621	0.0126789	0.0488256	0.37867	0.033085	0.0239702	0.0131957	0.0234427	0.00444513
156	0.0456161	0.0222164	0.0989839	0.0504156	0.0262485	0.0511582	0.0462015	0.0105807	0.0617575	0.0163706	0.0109786	0.200964	0.0114227	0.0280711	0.0295925	0.212626	0.0445234	0.015166	0.00343627	0.0136704
157	0.010962	0.0225108	0.0088243	0.0050963	0.123524	0.0035697	0.129833	0.0208892	0.01339	0.0740777	0.0105962	0.0172366	0.00526906	0.0401049	0.0246662	0.0157362	0.0178612	0.0174784	0.0116896	0.426684
158	0.00728806	0.00432394	0.45933	0.125688	0.0403761	0.00527333	0.149467	0.00698173	0.0103181	0.0105169	0.00615407	0.0128749	0.00239298	0.0425933	0.022952	0.0159981	0.00767182	0.0115243	0.00191519	0.05636
159	0.0738794	0.0164715	0.0139936	0.0168899	0.0368324	0.0155098	0.0187019	0.0812346	0.0257602	0.332063	0.0489177	0.0173098	0.0235976	0.0230566	0.0291492	0.0611958	0.0554111	0.0874595	0.00985322	0.0127127
160	0.0379535	0.00997072	0.00918778	0.0173995	0.0358118	0.00882317	0.010714	0.114881	0.0659478	0.096218	0.19832	0.0162208	0.00750476	0.041344	0.0532686	0.0318323	0.0514036	0.177726	0.00798645	0.00748645
161	0.0495179	0.0119851	0.00768605	0.0141954	0.0315233	0.0106993	0.0124541	0.12599	0.0273726	0.301732	0.0555179	0.0108787	0.0114051	0.0174493	0.0306289	0.038693	0.0770441	0.148223	0.0061625	0.0108418
162	0.0392974	0.0337625	0.0545452	0.0437838	0.014122	0.0260456	0.0359711	0.0125095	0.0584653	0.0153026	0.0131148	0.234555	0.012408	0.0610092	0.0492523	0.202533	0.057217	0.0180396	0.00353108	0.0145352
163	0.00919705	0.00959633	0.00290389	0.00655889	0.251838	0.00653144	0.0100781	0.0522923	0.00661699	0.434761	0.0858402	0.00571051	0.00222779	0.0107568	0.00712122	0.0160035	0.0225615	0.0296023	0.00929974	0.0205026
164	0.0319881	0.0183965	0.0159143	0.0386712	0.0281847	0.0209666	0.0707039	0.0422253	0.0783428	0.114247	0.0291332	0.0297116	0.0316399	0.156496	0.115606	0.0558293	0.0396834	0.0491027	0.00952427	0.0236331
165	0.020845	0.0131746	0.00727345	0.0106763	0.0349165	0.00822151	0.0887474	0.12207	0.0215856	0.345507	0.0495654	0.0133671	0.00501783	0.022979	0.0240701	0.0238748	0.0307959	0.0829845	0.0430331	0.031295
166	0.0159425	0.00389783	0.00561884	0.00382055	0.000756396	0.917692	0.00157954	0.00100277	0.00502092	0.00135694	0.000764884	0.00511617	0.000580936	0.00214141	0.0151231	0.0145674	0.00242616	0.00138303	0.00059239	0.00061595
167	0.0489196	0.0183591	0.0137213	0.0236759	0.0170845	0.0227719	0.0280088	0.0383022	0.113286	0.0426779	0.0484932	0.0331715	0.0133278	0.0370064	0.240651	0.0974243	0.0928568	0.0477406	0.0101759	0.0123455
168	0.00918102	0.0229533	0.0109023	0.00826781	0.0409018	0.00600339	0.240054	0.0173636	0.0167067	0.0631459	0.00746489	0.026823	0.00479301	0.0731983	0.0309791	0.0193348	0.0348486	0.0351023	0.0693578	0.262618
169	0.0677452	0.00385947	0.00220271	0.00312311	0.00310078	0.00813037	0.0110182	0.00915283	0.0183755	0.0209717	0.00354987	0.0365307	0.00472973	0.00374257	0.0160424	0.317334	0.460297	0.00699049	0.00100687	0.00209657
170	0.0484788	0.00388197	0.00543131	0.00468922	0.0252014	0.00247107	0.00518029	0.245229	0.00847106	0.0455116	0.0372592	0.00869029	0.00482203	0.00423552	0.0109252	0.0202466	0.0816299	0.428092	0.00315506	0.00639767
171	0.161322	0.0157152	0.0232687	0.0206464	0.0117444	0.22944	0.0168154	0.0275851	0.0235191	0.025846	0.0112999	0.0229864	0.0408188	0.0407934	0.0251409	0.128036	0.0645798	0.10033	0.00458793	0.00552498
172	0.00999318	0.00540647	0.00207439	0.0260877	0.00150607	0.0169366	0.0136076	0.00894375	0.449609	0.00678941	0.0129168	0.024214	0.00412827	0.0290231	0.317544	0.0315773	0.0267903	0.00575499	0.00569902	0.00139802
173	0.0261394	0.00594124	0.00788061	0.0944386	0.0112594	0.0450059	0.0794037	0.0906342	0.0145366	0.100771	0.0708579	0.0146046	0.0754943	0.139468	0.0426281	0.0674575	0.036254	0.0544213	0.00242093	0.0203824
174	0.146674	0.0144446	0.0530007	0.0199111	0.00703877	0.17836	0.0141866	0.0266696	0.0193761	0.016612	0.00981208	0.0363815	0.0388592	0.0302696	0.0206289	0.189182	0.133849	0.0336504	0.00656802	0.00452588
175	0.175352	0.0175525	0.0143843	0.0330566	0.00937336	0.00814693	0.0382848	0.0109047	0.00752612	0.0715336	0.00594827	0.0165776	0.259625	0.0896216	0.0130942	0.1154	0.0637392	0.0291605	0.00210308	0.0186154
176	0.142702	0.00907948	0.0202195	0.0282741	0.0192346	0.0347914	0.00514976	0.0978686	0.0170476	0.0525662	0.0192349	0.00939466	0.031423	0.0166175	0.0183792	0.100582	0.0901809	0.284523	0.00112821	0.0016035
177	0.213064	0.013478	0.020104	0.0098196	0.00703933	0.00748951	0.045534	0.00511484	0.00415237	0.0596333	0.00294953	0.0194106	0.235319	0.0749051	0.00416739	0.121349	0.114922	0.0337752	0.00119917	0.00657471
178	0.12709	0.0318585	0.023096	0.00398921	0.00463181	0.129522	0.0168329	0.00429718	0.0163089	0.0193103	0.00670304	0.0718398	0.00481238	0.0164834	0.0244146	0.415128	0.0692921	0.00461882	0.0040769	0.00569422
179	0.0831114	0.016483	0.273311	0.0612598	0.0118834	0.0396562	0.0210157	0.0163739	0.0398213	0.0202715	0.0117405	0.114876	0.0145494	0.0251954	0.0248869	0.126912	0.0418525	0.0423849	0.00282851	0.0115864
180	0.00208759	0.00174891	0.00113642	0.00140991	0.798949	0.00400561	0.00329882	0.0227249	0.00704637	0.0342358	0.00512926	0.00488846	0.00100156	0.00188704	0.00420368	0.00771942	0.00446445	0.008454	0.0085487	0.0770595
181	0.0520613	0.011376	0.275329	0.0784475	0.00498842	0.133319	0.0146	0.00700559	0.0314953	0.0124013	0.00562626	0.150393	0.0051475	0.0128146	0.0184947	0.13218	0.0377198	0.00872569	0.00267185	0.00520366
182	0.0770131	0.0167671	0.0479152	0.0505569	0.0215688	0.0218654	0.0761449	0.0250267	0.0562202	0.0199653	0.0235198	0.0673788	0.0748829	0.0724009	0.0681565	0.13271	0.0741263	0.0432395	0.00533052	0.0252109
183	0.00930704	0.0047295	0.00182409	0.0264694	0.000836156	0.0213747	0.0148307	0.0080829	0.407567	0.00542922	0.0130659	0.0267097	0.00463562	0.0307445	0.354368	0.0314793	0.0256806	0.00568006	0.00643629	0.000749694
184	0.126463	0.0111059	0.285396	0.141197	0.0104427	0.0307214	0.0138612	0.0169574	0.0299081	0.0366557	0.010846	0.0668956	0.00843762	0.0254538	0.0152652	0.109333	0.0290694	0.0232405	0.00187508	0.00687553
185	0.0171637	0.0256281	0.0174922	0.0215008	0.00602864	0.0346855	0.0381437	0.0101142	0.25111	0.0115418	0.0115228	0.063481	0.00467262	0.0438987	0.308021	0.0678135	0.0236009	0.0195778	0.0130196	0.0109827
186	0.046478	0.033957	0.00285081	0.0090332	0.0964893	0.0050665	0.0309283	0.20052	0.0233903	0.115666	0.0409407	0.00710434	0.00628453	0.0277909	0.012591	0.0366389	0.0677551	0.128343	0.00494959	0.103223
187	0.0167837	0.011819	0.00675189	0.0101961	0.0100025	0.0102237	0.0448323	0.0564196	0.155467	0.0413738	0.0557053	0.023696	0.00724473	0.0480904	0.179079	0.0194479	0.0839949	0.0801211	0.12797	0.0107808
188	0.0637811	0.0149662	0.0101516	0.0241268	0.0307114	0.0174723	0.0135706	0.0641233	0.0350796	0.0913506	0.127315	0.020699	0.00965281	0.0298819	0.0553184	0.13543	0.134881	0.103506	0.00556191	0.0124205
189	0.0194649	0.0134736	0.0434841	0.0346182	0.0870212	0.0112313	0.0254239	0.00909607	0.249564	0.0158446	0.00780817	0.066097	0.00470818	0.044926	0.103924	0.107166	0.0623521	0.0140504	0.00315537	0.0765911
190	0.00633261	0.00568809	0.00367458	0.00370156	0.699898	0.00531433	0.0083296	0.0320928	0.0101019	0.0595961	0.0160019	0.00690177	0.00239881	0.00641419	0.00972292	0.011733	0.00859841	0.0162813	0.0109478	0.07627
191	0.101457	0.0180167	0.0161959	0.0108191	0.0181527	0.0223763	0.0261316	0.0113288	0.0224174	0.038957	0.00577964	0.0255226	0.351103	0.047204	0.0232335	0.16924	0.0523125	0.0260946	0.00761709	0.00604
192	0.122598	0.0552361	0.00240114	0.00542425	0.0100083	0.00447662	0.00466501	0.0297582	0.132433	0.0290753	0.00528937	0.0135983	0.0511722	0.0349264	0.0995205	0.153226	0.175951	0.0660742	0.00157057	0.00259618
193	0.0639796	0.00249371	0.137569	0.3059	0.00245098	0.0154979	0.0204815	0.0122808	0.131752	0.0131358	0.0230407	0.0588452	0.0117652	0.0921508	0.0396223	0.0340543	0.0264203	0.00504205	0.00110645	0.0024119
