672	20
1	0.0418778	0.0276466	0.00521258	0.0183279	0.288078	0.035245	0.0298185	0.043292	0.0105422	0.122373	0.0242987	0.00536347	0.0051562	0.0224646	0.0239475	0.026838	0.0321858	0.0773583	0.0148513	0.145122
2	0.0257117	0.0169724	0.000658921	0.00107484	0.0665661	0.0109185	0.000353604	0.261468	0.00462411	0.33794	0.0524018	0.00315177	0.00246726	0.00277539	0.00246351	0.0134684	0.020557	0.16438	0.00439831	0.00764804
3	0.065671	0.00340288	0.0553319	0.0248044	0.012425	0.133003	0.0395024	0.017634	0.107301	0.0185124	0.00660603	0.160631	0.0096868	0.0241762	0.0967933	0.144919	0.0395734	0.0286004	0.000838498	0.0105876
4	0.0970285	0.0120587	0.0259084	0.0251179	0.0119446	0.122992	0.0165262	0.0142081	0.12003	0.0225214	0.0105183	0.0567817	0.0395859	0.0288474	0.0962878	0.17897	0.0893244	0.0228853	0.00120547	0.00725875
5	0.0121481	0.00456425	0.00265696	0.0145128	0.0693001	0.00553783	0.0106694	0.104315	0.030649	0.414139	0.128528	0.009746	0.00478959	0.010571	0.00735196	0.018095	0.0277108	0.0810176	0.00492473	0.0387725
6	0.157258	0.0250361	0.0107443	0.0434815	0.0205812	0.022599	0.0064884	0.111288	0.00886994	0.0625025	0.0372368	0.0115978	0.0122135	0.0100116	0.01438	0.101397	0.0762878	0.259163	0.00330339	0.00555942
7	0.0347837	0.0391545	0.0964657	0.0523077	0.0144234	0.0360814	0.104621	0.0139352	0.0603635	0.0151469	0.0247573	0.194114	0.00883425	0.0445197	0.0212229	0.102439	0.083263	0.0362133	0.0016254	0.0157278
8	0.0130586	0.0194429	0.00369112	0.0212339	0.0998075	0.00627241	0.0288832	0.166746	0.0733093	0.0771596	0.00632061	0.00695921	0.0595488	0.0109681	0.0937304	0.0167584	0.0470507	0.139197	0.00564854	0.104214
9	0.0546376	0.00574594	0.0810598	0.0467348	0.0103574	0.133405	0.0340069	0.0216562	0.0963765	0.0247471	0.00683046	0.137573	0.0137568	0.0277837	0.0828458	0.134312	0.0484086	0.027801	0.00142015	0.0105406
10	0.0817271	0.0161782	0.0145102	0.0131783	0.0139545	0.0799605	0.020699	0.0959534	0.0235308	0.0482996	0.0131111	0.0932553	0.064748	0.0122034	0.0236158	0.164978	0.0712379	0.0911783	0.00573073	0.0519498
11	0.0808866	0.00471127	0.0114058	0.0442527	0.0146874	0.00917662	0.0382567	0.127341	0.0197262	0.199008	0.0719323	0.0210172	0.00376305	0.0195111	0.0260408	0.0472916	0.0595731	0.190948	0.0025372	0.0079333
12	0.0382936	0.00546097	0.0458009	0.0835195	0.00546759	0.00816011	0.00536694	0.0322884	0.160447	0.0175869	0.0325823	0.0467557	0.160632	0.0301919	0.0585752	0.0982726	0.135434	0.0289366	0.00180863	0.00441923
13	0.195675	0.0255513	0.0367305	0.0475167	0.0315452	0.178115	0.00514082	0.010238	0.0250636	0.0328832	0.0427681	0.0514496	0.0358476	0.0171734	0.0163703	0.141995	0.0707925	0.0243881	0.00636251	0.00439479
14	0.272129	0.0227268	0.00428249	0.00573947	0.00898626	0.0664767	0.00328596	0.0138694	0.0296592	0.0279536	0.00963749	0.0121163	0.0485821	0.0519763	0.0165508	0.206026	0.119488	0.075754	0.00137343	0.00338663
15	0.0471314	0.00375639	0.0543253	0.025943	0.00901275	0.151869	0.034342	0.030151	0.110689	0.0159442	0.00507068	0.103687	0.0110259	0.0319234	0.141668	0.108734	0.0366063	0.0634961	0.000729406	0.0138958
16	0.0631161	0.0100391	0.177736	0.307936	0.00572713	0.031981	0.0152482	0.00856966	0.0595569	0.0136052	0.00918152	0.0411634	0.0138851	0.0864702	0.0268218	0.066443	0.0319316	0.0219135	0.00299624	0.00567836
17	0.0995285	0.016549	0.0590921	0.111062	0.0126774	0.0449159	0.0892402	0.013081	0.0904025	0.0170909	0.0121031	0.0574257	0.0124576	0.123154	0.0463588	0.111816	0.0432113	0.0260295	0.00127529	0.0125295
18	0.0410841	0.00797727	0.035149	0.0279435	0.00412334	0.672288	0.00532784	0.0037957	0.0223602	0.00865999	0.00351396	0.0289117	0.00877064	0.0183148	0.0123871	0.0651219	0.0224568	0.00724285	0.00166623	0.00290491
19	0.196891	0.0351317	0.0124108	0.0111704	0.0255687	0.0356887	0.00871199	0.0315671	0.0115964	0.0286529	0.0167633	0.0216835	0.020411	0.0141193	0.0100188	0.201908	0.228104	0.0784496	0.00399878	0.00715393
20	0.00807734	0.00635382	0.001422	0.00707378	0.0818949	0.00788381	0.00249196	0.197033	0.0222739	0.29221	0.126251	0.00690686	0.00455505	0.00984123	0.00225634	0.0132665	0.0277437	0.130923	0.00433485	0.047206
21	0.107844	0.0077286	0.0122433	0.0282714	0.0188201	0.00980031	0.014676	0.133998	0.0132028	0.148125	0.142227	0.0197442	0.00293186	0.0121277	0.0347296	0.0757123	0.0392539	0.167829	0.00270798	0.00802744
22	0.0261862	0.00467346	0.0058466	0.00153588	0.00212497	0.889217	0.000699818	0.0022536	0.00774165	0.00455096	0.000952717	0.0049903	0.00146594	0.00367565	0.00233324	0.0265487	0.0109716	0.00133609	0.00117102	0.00172478
23	0.039268	0.0196944	0.00232428	0.00435396	0.0441723	0.00983534	0.00187303	0.214711	0.00730921	0.198703	0.0475042	0.00501013	0.00549516	0.00427014	0.00606707	0.0191329	0.0310507	0.328701	0.00269261	0.00783167
24	0.0123559	0.011355	0.00680949	0.00396112	0.406475	0.00448751	0.032326	0.0193597	0.00306388	0.0772309	0.0160432	0.00249208	0.00273893	0.011465	0.00829664	0.0154846	0.00986388	0.0193098	0.0382793	0.298602
25	0.015845	0.0177345	0.000911685	0.0017773	0.0402904	0.00169624	0.000392409	0.247447	0.00477401	0.372515	0.119531	0.00204155	0.00253808	0.00370643	0.000986194	0.0101985	0.014904	0.138415	0.000443266	0.00385207
26	0.012284	0.00790544	0.0229418	0.0102294	0.00233081	0.00522241	0.00886949	0.0193037	0.00923979	0.0040945	0.00696313	0.0143079	0.834487	0.0101537	0.00301167	0.0108392	0.00895115	0.00681903	0.000728544	0.00131794
27	0.060296	0.170351	0.0106522	0.00860543	0.0157535	0.0220113	0.0137545	0.0312054	0.0101531	0.033108	0.0108861	0.0167811	0.0121535	0.00914435	0.00810924	0.172876	0.322975	0.0568674	0.00383113	0.0104851
28	0.0170575	0.0227189	0.000972591	0.00173784	0.0408842	0.00265444	0.000333891	0.264702	0.00512187	0.337836	0.118234	0.00225732	0.00224742	0.00407883	0.00103932	0.0117764	0.0156025	0.146919	0.000499494	0.00332632
29	0.0761116	0.0109771	0.0864657	0.211592	0.00894962	0.0291713	0.0329007	0.0185873	0.0928161	0.0219808	0.0138803	0.0420519	0.0182813	0.123544	0.0495826	0.0616585	0.0582772	0.0316227	0.00225337	0.00929568
30	0.0226192	0.0155071	0.0759914	0.0406815	0.00780775	0.0512771	0.16863	0.00918647	0.0630324	0.0147151	0.0103724	0.267328	0.00687227	0.0599735	0.0315728	0.0832712	0.0351411	0.0184153	0.00136125	0.0162438
31	0.00822611	0.0126749	0.00184986	0.0019721	0.0152589	0.010199	0.00118661	0.492083	0.00416882	0.144968	0.113785	0.00509284	0.00453724	0.00537517	0.0030398	0.0103183	0.011164	0.146846	0.00208125	0.00517308
32	0.0135321	0.00747915	0.00125002	0.00351644	0.0419266	0.00232875	0.00222223	0.0542681	0.00711015	0.661918	0.113837	0.00150642	0.00583918	0.00456133	0.00488513	0.00607332	0.00872531	0.0383841	0.0169951	0.00364201
33	0.0326151	0.00582629	0.00686382	0.00186601	0.0028735	0.851557	0.00251071	0.0035066	0.0102506	0.00590785	0.00131923	0.00743861	0.00123175	0.00416281	0.00453388	0.0338957	0.0168551	0.0032545	0.00128451	0.00224699
34	0.025249	0.0169064	0.00154816	0.00103979	0.0367266	0.00842319	0.000593803	0.301447	0.00389768	0.192869	0.0418117	0.00282286	0.00410511	0.00317406	0.00250139	0.012986	0.0251537	0.310771	0.00299987	0.00497356
35	0.0274065	0.0182202	0.00100881	0.00180302	0.0552028	0.00960615	0.00065631	0.218686	0.00489983	0.395364	0.0717326	0.00343805	0.00270207	0.00355704	0.0028416	0.0175825	0.0308938	0.126678	0.00225474	0.0054648
36	0.0079294	0.00717478	0.0050682	0.00899508	0.21945	0.00836416	0.0172835	0.105604	0.019346	0.172449	0.0840629	0.0073143	0.00488782	0.0133572	0.00713592	0.0174764	0.0298316	0.0809887	0.0169789	0.166302
37	0.0104223	0.0116156	0.00734954	0.00443452	0.393071	0.00541825	0.0338321	0.0195098	0.00408101	0.0634857	0.0153322	0.00303502	0.00305215	0.0130657	0.0092052	0.0171703	0.0120146	0.0200965	0.0424085	0.3114
38	0.0193872	0.0123702	0.000652928	0.000881211	0.0512722	0.00725892	0.000353183	0.287178	0.00426535	0.32127	0.051228	0.00271321	0.00292493	0.0026045	0.00215182	0.00937317	0.0147765	0.201153	0.00289829	0.00528733
39	0.0263511	0.00389035	0.0103265	0.0197054	0.00346391	0.0170814	0.0326911	0.00558248	0.265426	0.0154036	0.0168112	0.0372408	0.0119999	0.0517071	0.398118	0.0306416	0.0265857	0.00779982	0.0022813	0.0168924
40	0.0135263	0.00706439	0.00243701	0.0060805	0.130743	0.00451017	0.012798	0.0507596	0.0128914	0.474243	0.160806	0.00694491	0.00489531	0.00730987	0.00542122	0.0154084	0.0259564	0.0432772	0.00530862	0.00961837
41	0.156417	0.0170257	0.010695	0.0118929	0.073769	0.0164177	0.00561517	0.0163717	0.0123225	0.0169167	0.0116871	0.0102673	0.0565996	0.0122678	0.00899661	0.197264	0.292875	0.0646208	0.00212888	0.0058498
42	0.027916	0.0171928	0.0202925	0.00965648	0.109833	0.0230552	0.0356217	0.0354767	0.0100194	0.0473609	0.0119197	0.0262357	0.00868296	0.0147343	0.00933961	0.146276	0.107888	0.0346673	0.140436	0.163395
43	0.00432302	0.00959076	0.0020068	0.00149703	0.00374296	0.0137414	0.00123995	0.592513	0.0027692	0.0802392	0.0978774	0.00579465	0.00597219	0.00489287	0.00370667	0.00943131	0.00858509	0.14507	0.00295521	0.00405137
44	0.0453648	0.0255917	0.00215675	0.00134398	0.0205753	0.00461964	0.000467799	0.196161	0.00213682	0.076327	0.0153957	0.00157492	0.00427378	0.00118604	0.00281719	0.0151476	0.0442991	0.529201	0.00225349	0.00910581
45	0.0275521	0.00475655	0.00792774	0.00229832	0.00247806	0.878444	0.000876651	0.00298309	0.00795475	0.00493806	0.00115321	0.00539117	0.000853285	0.00400459	0.00271757	0.0274786	0.011885	0.00258004	0.00137151	0.00235597
46	0.0816581	0.00339789	0.010345	0.0269555	0.0164624	0.00641435	0.0273649	0.144358	0.0252285	0.111066	0.131143	0.0568231	0.0038472	0.0292165	0.0224381	0.0765111	0.0719851	0.13813	0.00626426	0.0103913
47	0.645682	0.0249136	0.00224389	0.00848076	0.00667493	0.0609638	0.00575549	0.00481588	0.00418706	0.0162945	0.00465965	0.0032903	0.0070149	0.00548323	0.00107317	0.160858	0.0233741	0.0105372	0.000681763	0.00301626
48	0.0379117	0.00626734	0.0163615	0.00875238	0.00459327	0.737134	0.00665342	0.0053488	0.021128	0.00807538	0.00269594	0.0278772	0.00539674	0.00835543	0.0136213	0.057278	0.0198774	0.00651876	0.00186282	0.00429075
49	0.0418677	0.0177095	0.0049155	0.00109919	0.0299094	0.00768266	0.00069896	0.236492	0.00725749	0.0808903	0.0147064	0.00193103	0.00398226	0.00168995	0.00303253	0.020942	0.0386792	0.470941	0.00899958	0.00657287
50	0.0333658	0.0191752	0.0452167	0.206726	0.00452932	0.0458382	0.0692207	0.0067083	0.103667	0.0147798	0.00435959	0.0435538	0.00866667	0.26653	0.0483061	0.0340267	0.0212412	0.00956553	0.000939838	0.0135833
51	0.442834	0.0209412	0.00277927	0.00391391	0.00553871	0.0928069	0.00201206	0.00857599	0.0171915	0.0163412	0.0116938	0.00845925	0.00744691	0.007437	0.00818393	0.194866	0.112427	0.0342013	0.000811833	0.00153757
52	0.00896585	0.0126899	0.00146863	0.00172461	0.310159	0.00521011	0.00313194	0.0311987	0.00251629	0.460473	0.0615121	0.00531816	0.00138593	0.00190495	0.00180546	0.0136157	0.0127887	0.0591158	0.00103959	0.00397559
53	0.0705872	0.0478283	0.0014467	0.00243982	0.117939	0.0364805	0.000753912	0.158841	0.00478592	0.294109	0.0202604	0.00563971	0.00102103	0.00698826	0.00438065	0.0337155	0.0678204	0.120145	0.00117044	0.00364767
54	0.0154437	0.0189927	0.000892521	0.00162038	0.0366736	0.00377866	0.000442335	0.293006	0.00453755	0.30018	0.107155	0.00298567	0.00261698	0.00473225	0.0012466	0.0110177	0.013563	0.176323	0.000917908	0.00387499
55	0.175234	0.0358617	0.00543138	0.0066652	0.0357377	0.028691	0.00354818	0.10689	0.00621177	0.083194	0.0248505	0.00894337	0.00788973	0.0064295	0.00614962	0.0658994	0.095476	0.286556	0.00260192	0.00773854
56	0.104205	0.0448692	0.00266855	0.00263968	0.262102	0.0350292	0.00243394	0.0774419	0.0134489	0.232231	0.00499257	0.00313489	0.00247183	0.00418812	0.00471479	0.0727981	0.0215681	0.104413	0.0014948	0.00315451
57	0.0162505	0.0236425	0.00106793	0.00196465	0.0379292	0.00221023	0.000408351	0.271179	0.00608166	0.322264	0.13391	0.00226999	0.00245447	0.00444081	0.000916477	0.0115796	0.0154681	0.142494	0.000211983	0.0032575
58	0.123291	0.207887	0.00909119	0.00713642	0.0192179	0.0344675	0.00702037	0.0216921	0.010668	0.0273335	0.0123667	0.0263674	0.00756723	0.0109682	0.00575855	0.314236	0.095788	0.0447997	0.00350766	0.0108357
59	0.108487	0.109384	0.00573573	0.00901669	0.133009	0.0650428	0.00548434	0.0815596	0.00967858	0.127431	0.0226201	0.00918004	0.00484065	0.00862774	0.00662343	0.0638349	0.0557053	0.159544	0.00352687	0.0106674
60	0.109805	0.0595149	0.00402885	0.00408819	0.0803971	0.040565	0.000974896	0.131568	0.00380311	0.219798	0.0333338	0.00694719	0.00246956	0.00370385	0.00339591	0.0912321	0.100425	0.100406	0.00156743	0.0019762
61	0.0505931	0.295808	0.00483846	0.00389975	0.0119549	0.0275826	0.00752077	0.0238376	0.00617262	0.0346591	0.0099233	0.013167	0.00989984	0.00732924	0.00359243	0.1694	0.213555	0.0982837	0.00200008	0.00598206
62	0.302051	0.0207058	0.0153496	0.0149768	0.0159098	0.0353833	0.00723113	0.0207045	0.0156701	0.0193183	0.0119982	0.0495777	0.0108734	0.0128801	0.0139994	0.205043	0.176252	0.0454245	0.00138397	0.00526791
63	0.00871509	0.0126339	0.00159133	0.0017491	0.323084	0.00537685	0.00376563	0.0285879	0.00230539	0.439858	0.071817	0.00556709	0.0014655	0.00193942	0.00179437	0.0153937	0.0134779	0.0560242	0.000864853	0.00398897
64	0.0757031	0.0498121	0.00199558	0.00316589	0.0895944	0.0353865	0.000783243	0.15923	0.0037274	0.281306	0.0285825	0.00580881	0.00172031	0.00554921	0.00438085	0.042618	0.0841701	0.122188	0.000990038	0.00328835
65	0.10209	0.025981	0.0222635	0.0234105	0.0228049	0.0308987	0.0127869	0.0323822	0.0410315	0.0314558	0.0182208	0.027864	0.131211	0.0210215	0.0246363	0.123363	0.241923	0.049446	0.00496428	0.0122444
66	0.198842	0.0492509	0.00484698	0.00257266	0.00402766	0.0477642	0.0045984	0.015754	0.00543077	0.00766135	0.00862144	0.0239535	0.00935598	0.0226439	0.00330129	0.392596	0.150749	0.0426637	0.00134769	0.00401799
67	0.013808	0.0135824	0.00121561	0.00291134	0.0441568	0.00325686	0.00144735	0.198552	0.00779815	0.432885	0.120433	0.0027145	0.00572088	0.00456363	0.00224294	0.0091261	0.0158183	0.107305	0.00365484	0.00880678
68	0.276875	0.0334835	0.0133592	0.0103456	0.0136907	0.0521471	0.00831598	0.0165858	0.0166723	0.0237943	0.0104657	0.0273717	0.0118662	0.0134706	0.0111864	0.331546	0.084449	0.0326589	0.00301244	0.00870383
69	0.0166975	0.00816462	0.000778599	0.00265119	0.031675	0.00128281	0.00141213	0.0860444	0.00589509	0.648857	0.105958	0.000793151	0.00296218	0.00274927	0.00385002	0.00554468	0.0102107	0.0558838	0.00657166	0.00201805
70	0.0934998	0.0926923	0.0238812	0.0253854	0.0237155	0.0496456	0.019817	0.0203248	0.0811285	0.0286404	0.0153407	0.0399291	0.0150992	0.0305402	0.0356695	0.268953	0.0852042	0.0339711	0.0053965	0.0111661
71	0.437083	0.0269334	0.00657766	0.00790049	0.020192	0.0503574	0.00610217	0.0273594	0.00984563	0.0515001	0.0150814	0.0160666	0.00937268	0.00823684	0.00758262	0.161867	0.0826711	0.0482466	0.00158586	0.00543836
72	0.0232544	0.0125719	0.00410283	0.00613004	0.0112312	0.0103793	0.00294817	0.430215	0.00829896	0.0887858	0.083887	0.00777519	0.00690197	0.00727072	0.01656	0.0271089	0.0254065	0.21753	0.0033342	0.00630852
73	0.377954	0.0499743	0.00948502	0.0141119	0.0295081	0.0582211	0.00990076	0.0299579	0.0436801	0.0795551	0.0204172	0.0130325	0.00999587	0.0167924	0.01677	0.1216	0.0455631	0.0433358	0.00415434	0.00599135
74	0.0407838	0.0230421	0.0252778	0.0081885	0.0400949	0.0310901	0.0336947	0.0269276	0.0106948	0.0393398	0.0108584	0.0383453	0.00967258	0.0101702	0.0123516	0.252364	0.227057	0.0313965	0.0421421	0.0865075
75	0.0398528	0.010717	0.0705846	0.0434938	0.0173628	0.0296806	0.0368062	0.0277905	0.056512	0.0869007	0.0361556	0.250517	0.0155114	0.0683283	0.0463021	0.0689327	0.0418891	0.0360059	0.0038045	0.0128524
76	0.0275046	0.00508169	0.00491273	0.000663583	0.00221898	0.890785	0.000496019	0.00230854	0.00700853	0.00470455	0.000729967	0.00414129	0.000573706	0.00323576	0.001961	0.0276785	0.0114683	0.00168366	0.0011084	0.00173529
77	0.070127	0.00606997	0.0261884	0.0520055	0.0110414	0.00987571	0.00669997	0.0897965	0.175017	0.0617475	0.10159	0.0120127	0.0583271	0.0176775	0.0421617	0.0322173	0.0878522	0.127515	0.00435841	0.00771879
78	0.0179409	0.0241494	0.000995513	0.0016211	0.0363384	0.00461916	0.000449555	0.292763	0.00482791	0.258877	0.101367	0.00315714	0.00304828	0.00483727	0.00122296	0.0127232	0.0164278	0.209772	0.0011865	0.00367681
79	0.051637	0.00735134	0.0463539	0.12806	0.010613	0.015397	0.0177443	0.0259323	0.14775	0.0207618	0.0310917	0.0385794	0.0975119	0.0798111	0.049521	0.0846597	0.0977793	0.0404503	0.00173027	0.00726435
80	0.284324	0.0209331	0.0477255	0.0551576	0.00886179	0.167208	0.00643658	0.00488291	0.0275478	0.0188644	0.0089054	0.0411439	0.0184693	0.0271043	0.0155133	0.185668	0.0399254	0.0152204	0.0029367	0.00317129
81	0.0270118	0.00500637	0.00544073	0.0014086	0.00270216	0.891321	0.000536156	0.00224318	0.00729767	0.00457482	0.000763201	0.00457701	0.000949144	0.00339455	0.00217173	0.025663	0.0106449	0.00138777	0.0011853	0.00172098
82	0.0290307	0.00515009	0.00561484	0.00165364	0.00227222	0.883582	0.00068038	0.00232518	0.00751466	0.00490084	0.000829529	0.00435347	0.000987867	0.00352115	0.00273886	0.0293773	0.0109224	0.00177271	0.00106834	0.00170388
83	0.212223	0.0401488	0.00548696	0.00765727	0.0148143	0.0248017	0.00354371	0.0304703	0.00804133	0.0191282	0.00887817	0.0109769	0.169048	0.0253287	0.00838262	0.146078	0.18909	0.0697253	0.00235708	0.00381931
84	0.0145163	0.0125459	0.0105062	0.0109032	0.30647	0.0134177	0.0399439	0.0240755	0.00864951	0.0632409	0.0156207	0.00942188	0.00634654	0.0168282	0.0169706	0.0310881	0.0224028	0.0284223	0.024801	0.323829
85	0.00927648	0.0117015	0.00824479	0.00660991	0.349974	0.00486167	0.042303	0.0154739	0.00446382	0.0586236	0.0125785	0.00366525	0.00362863	0.0156364	0.0121181	0.0155352	0.0096771	0.0196645	0.0220877	0.373876
86	0.016841	0.011384	0.000967881	0.00252442	0.0401963	0.00235767	0.000955425	0.167577	0.00587589	0.503256	0.104842	0.00167183	0.0028898	0.00319914	0.00262201	0.00844704	0.0144504	0.101701	0.00341132	0.00483064
87	0.0199904	0.0144086	0.00113161	0.00212133	0.0513112	0.00744808	0.00100437	0.2597	0.00605783	0.361358	0.0775735	0.00322836	0.00358482	0.00363049	0.00315183	0.0103854	0.0167015	0.146634	0.00371668	0.00686158
88	0.112581	0.0366972	0.021325	0.0164995	0.0137026	0.247697	0.0112948	0.0187194	0.0233422	0.0270375	0.0107687	0.0413797	0.0106451	0.0164517	0.0174369	0.263401	0.0676823	0.0298914	0.00374363	0.0097033
89	0.0227902	0.00438441	0.00726054	0.0122459	0.00639284	0.0178939	0.050305	0.00900242	0.140886	0.0232173	0.0183705	0.0407247	0.0137417	0.050393	0.490906	0.024817	0.0240533	0.0110729	0.00180903	0.0297329
90	0.515118	0.0170342	0.00507164	0.00543007	0.00618706	0.0304204	0.00392571	0.0154425	0.0051252	0.016821	0.0084825	0.0609826	0.00703449	0.00633543	0.0033833	0.19577	0.0618813	0.0314343	0.00112732	0.00299384
91	0.0188247	0.0101078	0.00202213	0.00332144	0.0412347	0.00419269	0.00219443	0.0924795	0.00815009	0.602728	0.0976438	0.00367505	0.00359561	0.00506684	0.00541824	0.0101845	0.0139784	0.0647426	0.00691481	0.00352409
92	0.0251458	0.00460077	0.00527951	0.00103471	0.00212923	0.897481	0.000499013	0.00241924	0.00702288	0.00461346	0.000676072	0.00408902	0.000595733	0.00322102	0.00220707	0.0246687	0.0102215	0.00130273	0.00110905	0.00168386
93	0.0977692	0.0200734	0.0135394	0.0151757	0.0119717	0.0185866	0.00677951	0.0423614	0.0164071	0.0279506	0.0115562	0.0174672	0.446706	0.0189315	0.0125625	0.0602593	0.0721445	0.0795623	0.00314371	0.00705266
94	0.0489926	0.00799362	0.0820529	0.218753	0.00623174	0.0315969	0.0265281	0.0139139	0.177753	0.0216844	0.0132944	0.0375833	0.0138571	0.0939451	0.0833078	0.0497533	0.0382087	0.0225656	0.00343833	0.00854609
95	0.0518846	0.0404385	0.00132084	0.00191719	0.127771	0.0224341	0.000944304	0.184816	0.0064873	0.296432	0.0394069	0.0036947	0.00190066	0.00414745	0.00335251	0.0265476	0.0355365	0.144674	0.00177548	0.00451864
96	0.0272428	0.00536556	0.00502735	0.00100614	0.00334597	0.877943	0.00122085	0.00559623	0.0067288	0.00775115	0.00109139	0.00409513	0.000634853	0.00318344	0.00178791	0.0268065	0.0128846	0.00428556	0.00139034	0.00261281
97	0.054444	0.0217622	0.00388196	0.00485306	0.0451337	0.0364457	0.00273673	0.284891	0.00617901	0.143024	0.041234	0.00817213	0.00586463	0.00657359	0.0057416	0.0466269	0.0423393	0.229792	0.00356285	0.00674222
98	0.475146	0.0285893	0.00566658	0.00737655	0.00906055	0.0543907	0.00489594	0.0101412	0.00725775	0.0172549	0.00777823	0.0134622	0.00804855	0.00767952	0.00385681	0.252991	0.0544277	0.0276951	0.00113636	0.00314574
99	0.0201095	0.0148668	0.00126691	0.00100702	0.0347012	0.00879768	0.000682713	0.3509	0.0029877	0.185134	0.0460513	0.00287112	0.00351273	0.00324767	0.00225135	0.0107468	0.0178003	0.286422	0.00274288	0.00390072
100	0.026409	0.00462109	0.00493735	0.000664884	0.00205879	0.898557	0.000458622	0.00214613	0.00691684	0.00443811	0.000583858	0.00405701	0.000526148	0.00320346	0.00187048	0.0243452	0.01024	0.00112233	0.00116975	0.00167388
101	0.0204199	0.0230767	0.000768986	0.00150646	0.0476584	0.00594949	0.000373495	0.284041	0.00485659	0.301412	0.0884959	0.00282878	0.00232888	0.00409711	0.00129213	0.0120452	0.0149315	0.178885	0.00159419	0.00343898
102	0.0425578	0.0913609	0.00453371	0.00551109	0.0681066	0.0163324	0.00456588	0.0873551	0.00871537	0.414884	0.065158	0.00722803	0.00602558	0.00776487	0.00677522	0.0358325	0.0396787	0.0749126	0.00510691	0.00759484
103	0.0103567	0.0110692	0.00700475	0.00390861	0.400018	0.00416077	0.0334886	0.0184705	0.00325757	0.065186	0.0150132	0.00254918	0.00279169	0.0121444	0.00852457	0.0151354	0.0102933	0.0193948	0.0380844	0.319148
104	0.0100595	0.0113873	0.00711237	0.00381457	0.398234	0.00417919	0.0343104	0.0181072	0.00351693	0.0632178	0.0144808	0.00271325	0.00293973	0.0126568	0.009694	0.0144681	0.00954755	0.0197589	0.0337323	0.326069
105	0.052869	0.0319753	0.00263683	0.00354115	0.079472	0.0244795	0.00223679	0.178754	0.00636577	0.31619	0.0441989	0.00818415	0.0023643	0.00513698	0.00489845	0.0453563	0.0645033	0.117035	0.00317594	0.00662607
106	0.130925	0.0089845	0.00468854	0.00139101	0.00408035	0.746134	0.00128142	0.00286839	0.00769427	0.00746745	0.00184361	0.00470128	0.0019599	0.00346091	0.00241632	0.0463944	0.0144594	0.00460535	0.00261853	0.00202459
107	0.0581069	0.0161331	0.0187364	0.0140721	0.0200102	0.0210406	0.0151315	0.0797583	0.0187064	0.0857421	0.0270256	0.173265	0.0202086	0.017243	0.0152626	0.120316	0.138015	0.119104	0.00514388	0.0169781
108	0.273034	0.0252275	0.010858	0.00775251	0.0140344	0.0715899	0.0077553	0.0186801	0.014666	0.0267954	0.0404255	0.0157325	0.0106294	0.0094792	0.0119566	0.212979	0.171706	0.0468928	0.00214184	0.00766381
109	0.0187747	0.00869766	0.00108788	0.0032098	0.102597	0.0131062	0.00135318	0.23439	0.0115338	0.299014	0.054512	0.00516161	0.00401926	0.00574245	0.00390259	0.0119545	0.0190184	0.156233	0.0114759	0.0342159
110	0.413442	0.0260296	0.0119554	0.0275353	0.0179167	0.11194	0.00741632	0.0133226	0.0153342	0.0777732	0.0290162	0.0164427	0.00959697	0.0111412	0.00693031	0.134552	0.034179	0.0247992	0.00457728	0.00610035
111	0.455986	0.0219661	0.00322035	0.00432798	0.00660364	0.0880106	0.00191137	0.0106042	0.0125939	0.015145	0.0115637	0.00930243	0.0070848	0.00674516	0.00686697	0.188353	0.108527	0.0389271	0.000956549	0.00130448
112	0.36719	0.0438639	0.0113833	0.00392391	0.00748763	0.0361722	0.00248914	0.0079586	0.00442808	0.0158137	0.00473243	0.0104839	0.00440144	0.0062339	0.00210674	0.409083	0.0279515	0.0305236	0.00170584	0.00206723
113	0.0133964	0.00884194	0.000981641	0.00401158	0.0288361	0.00124807	0.0020638	0.0506173	0.00716537	0.682249	0.127728	0.000960448	0.00307685	0.00344921	0.00494126	0.00518224	0.00909537	0.0353009	0.00906451	0.00179032
114	0.0206951	0.0124673	0.0188892	0.0649257	0.265863	0.0116313	0.0593609	0.0254647	0.0166617	0.0481226	0.0172629	0.0134811	0.00661114	0.0302817	0.0158481	0.0364337	0.0264502	0.0284057	0.0195187	0.261625
115	0.0632597	0.0322639	0.00171865	0.00278319	0.0715444	0.0288213	0.00112517	0.215048	0.00349419	0.25604	0.0283839	0.0052493	0.00208406	0.0041763	0.0036884	0.0318165	0.0611601	0.181492	0.00216321	0.0036866
116	0.0323478	0.0121886	0.00150976	0.00426431	0.0469771	0.00625091	0.00202552	0.176423	0.00564492	0.445451	0.0717092	0.00293027	0.00261032	0.0034115	0.0038946	0.0128111	0.0243184	0.138934	0.00255544	0.00374216
117	0.0264703	0.0046017	0.00481127	0.00054673	0.00206866	0.894261	0.000628321	0.00232234	0.00719541	0.00447897	0.000690767	0.00509342	0.000703513	0.00320421	0.0020388	0.0264081	0.0104713	0.0011884	0.00106314	0.00175406
118	0.616892	0.0253275	0.00235814	0.00631914	0.00612695	0.0572786	0.00410716	0.00664703	0.00415999	0.0130487	0.00591924	0.00430018	0.00662095	0.00416774	0.00177004	0.177772	0.0380721	0.015838	0.000461456	0.00281383
119	0.0465339	0.0254008	0.00226813	0.000978484	0.0213953	0.00478758	0.000480041	0.191985	0.00212156	0.0670092	0.0163734	0.00149492	0.0042809	0.00112209	0.00272148	0.0154721	0.0435748	0.540515	0.00228137	0.00920323
120	0.0560191	0.0081952	0.135696	0.310082	0.00976342	0.0363867	0.0215716	0.0140167	0.0685858	0.020251	0.0117253	0.0333247	0.013308	0.0826228	0.0377464	0.0603753	0.0379366	0.028893	0.00334357	0.0101572
121	0.0687323	0.0257289	0.0057669	0.0110414	0.0460439	0.0198351	0.00651932	0.16915	0.0116122	0.234261	0.0968611	0.0136826	0.00562836	0.0104821	0.00973514	0.0424645	0.0971045	0.115238	0.00226265	0.00784969
122	0.0104726	0.0163225	0.00142597	0.00146257	0.309291	0.00597682	0.00153723	0.0438609	0.00234846	0.454289	0.0420221	0.00536522	0.00118282	0.00185138	0.00177896	0.0131975	0.010036	0.0712079	0.00112035	0.00525053
123	0.0701381	0.00931061	0.00939566	0.0425179	0.0192483	0.00980373	0.0208637	0.142473	0.0223463	0.215566	0.0674131	0.0162065	0.00711992	0.0282947	0.0251797	0.0419766	0.0632445	0.179636	0.00235559	0.00691009
124	0.0871263	0.0157041	0.0861321	0.0811043	0.0083654	0.203108	0.00556615	0.00236138	0.048565	0.0172834	0.00976218	0.0782583	0.0299057	0.0366837	0.0275541	0.183324	0.0573962	0.015532	0.00443954	0.0018282
125	0.281679	0.0336219	0.00494878	0.0231577	0.0550956	0.0717579	0.00366132	0.0643315	0.00841242	0.125715	0.0695838	0.00622853	0.00438452	0.00415135	0.00344524	0.0591743	0.0448634	0.125474	0.00414996	0.00616399
126	0.107216	0.0103152	0.0572853	0.0395751	0.0159992	0.0852325	0.020071	0.00906928	0.0691825	0.0193684	0.00782897	0.0909125	0.0246863	0.0188393	0.0576685	0.199378	0.131595	0.0283243	0.00123993	0.00621185
127	0.0222386	0.0110489	0.000619457	0.00193561	0.0908654	0.0132351	0.00062817	0.259956	0.0098698	0.318989	0.0411187	0.00393417	0.0028751	0.00378421	0.00433348	0.0106661	0.0161371	0.157371	0.00992489	0.0204697
128	0.0759249	0.0316915	0.00257296	0.00489511	0.14535	0.0367985	0.00466438	0.143927	0.00725981	0.225887	0.0261893	0.00466419	0.00674278	0.00618888	0.00517314	0.0311625	0.037266	0.188534	0.00340814	0.0117
129	0.0399442	0.00495633	0.059936	0.0443632	0.00915923	0.154799	0.039749	0.0290649	0.104895	0.0164963	0.00604199	0.09698	0.0129569	0.0399174	0.125416	0.0967102	0.0459367	0.0547947	0.000732438	0.01715
130	0.128206	0.0192239	0.0730773	0.0636931	0.00777257	0.0102629	0.00599822	0.135106	0.018964	0.0207718	0.0207728	0.0133803	0.0738945	0.0455359	0.0449405	0.0418957	0.113092	0.128884	0.0273381	0.00719117
131	0.0106104	0.0133943	0.00335604	0.00338364	0.00603301	0.00466111	0.0272588	0.0390974	0.097551	0.308921	0.194832	0.0893743	0.0218698	0.0487814	0.017255	0.0513731	0.0472316	0.0092869	0.00152304	0.00420603
132	0.0216228	0.0112699	0.0142096	0.00603578	0.220523	0.013548	0.0598785	0.0414644	0.00512933	0.0897689	0.0123206	0.0197818	0.00827758	0.0214032	0.00824087	0.0959543	0.0539481	0.0198235	0.0518807	0.224919
133	0.0130233	0.0205268	0.05536	0.0304516	0.00679197	0.0585579	0.27434	0.00780692	0.0568972	0.0109745	0.00796665	0.23965	0.00541068	0.044956	0.0275643	0.0708804	0.0318826	0.0136748	0.00148799	0.0217968
134	0.0923235	0.0136632	0.267349	0.110512	0.00637518	0.0290639	0.0121111	0.0164341	0.0375451	0.0200301	0.00683798	0.128397	0.0193786	0.046999	0.0188104	0.115013	0.0342602	0.0207958	0.00211683	0.00198408
135	0.00941792	0.0103228	0.00889742	0.00487112	0.336328	0.00625563	0.0282175	0.0464474	0.00650682	0.120231	0.0365335	0.00369341	0.00343875	0.012663	0.00805473	0.0150716	0.0140229	0.0372199	0.029145	0.262662
136	0.0462442	0.0120368	0.0616663	0.158156	0.00418916	0.027557	0.0655177	0.00748225	0.13603	0.0184635	0.00580464	0.0502091	0.00996072	0.216716	0.0984907	0.0369686	0.024301	0.0111632	0.00113101	0.00791139
137	0.022661	0.0110969	0.000817665	0.000616065	0.0513	0.0102848	0.000367493	0.31621	0.00268095	0.219492	0.0169069	0.00242057	0.00294823	0.00210253	0.00169658	0.0110958	0.0178907	0.302952	0.00317519	0.00328469
138	0.0214385	0.00990337	0.00139354	0.0032407	0.102239	0.014414	0.00343464	0.24476	0.0105424	0.283128	0.0436713	0.00599364	0.00560621	0.00561322	0.00753941	0.0141123	0.0191739	0.15308	0.0154049	0.0353107
139	0.142441	0.0824081	0.0102949	0.00623224	0.0139151	0.074195	0.00880162	0.0185372	0.00970912	0.0172414	0.00754836	0.0315581	0.00698147	0.0125726	0.0069422	0.413328	0.0914931	0.0304055	0.00312528	0.0122701
140	0.0602779	0.0256502	0.00701285	0.00684045	0.0357775	0.0167237	0.00786784	0.0808894	0.0120386	0.135314	0.0110924	0.0223943	0.00712224	0.00760966	0.00726252	0.331509	0.148062	0.0624093	0.00554602	0.00859976
141	0.0349308	0.0299454	0.000972465	0.00137829	0.0506442	0.0206886	0.000711516	0.330062	0.0046876	0.238902	0.0383595	0.00356894	0.0045232	0.00299421	0.00264993	0.0130781	0.0225294	0.191623	0.0035478	0.00420267
142	0.0625552	0.0468312	0.00129144	0.00234924	0.0919313	0.0344185	0.000447463	0.184432	0.00317694	0.295413	0.025166	0.00677584	0.00100819	0.00562206	0.0048879	0.0360693	0.0770744	0.116363	0.00118018	0.00300619
143	0.0451753	0.0202082	0.00172112	0.00479649	0.0606868	0.017655	0.00243707	0.214884	0.004798	0.303889	0.040797	0.00434759	0.00260985	0.00340699	0.00417155	0.0210974	0.0392988	0.200461	0.00251937	0.00504024
144	0.0767291	0.0531405	0.00237272	0.00320487	0.0857684	0.039698	0.000566909	0.160608	0.00331762	0.258414	0.031226	0.00730406	0.00127126	0.00484835	0.00408641	0.0643453	0.103391	0.0974743	0.000660127	0.00157349
145	0.0423733	0.0226397	0.000692916	0.000813159	0.101915	0.0163007	0.000395876	0.229872	0.0051887	0.331011	0.0303721	0.00286904	0.00154231	0.00248729	0.00290356	0.0189466	0.0231757	0.155343	0.00434539	0.00681261
146	0.0177911	0.00697102	0.00280632	0.0131856	0.0555528	0.00516878	0.00572558	0.138788	0.0206963	0.395613	0.124273	0.00912009	0.00365063	0.00957646	0.00751021	0.0222135	0.0303004	0.10113	0.00480843	0.0251176
147	0.272218	0.0550451	0.00523901	0.0153419	0.0350709	0.087931	0.00250157	0.0277689	0.00548133	0.0296649	0.0176589	0.012523	0.0073173	0.00573888	0.0045986	0.203858	0.112485	0.0940583	0.00253315	0.00296694
148	0.0556137	0.0385671	0.00109431	0.00199655	0.0842441	0.0297829	0.000453428	0.205956	0.00305625	0.297808	0.0273351	0.00589867	0.00114589	0.00478181	0.00489442	0.0313293	0.0668624	0.1342	0.00154674	0.0034343
149	0.012439	0.0251424	0.00138939	0.00171704	0.0168095	0.00921569	0.000989633	0.429391	0.00457874	0.166638	0.0877687	0.00416107	0.00666887	0.00589104	0.00195574	0.0103787	0.0127413	0.197272	0.00211192	0.00274089
150	0.0565571	0.0473248	0.00542516	0.0058025	0.0415181	0.00966959	0.0054161	0.155037	0.00777973	0.0722089	0.0205335	0.00442589	0.0113175	0.0040446	0.0085308	0.0312728	0.0559456	0.414424	0.00531199	0.0374534
151	0.0129156	0.0132048	0.00678618	0.00432999	0.392105	0.00473341	0.0359806	0.0183131	0.00389882	0.0676456	0.0158131	0.00295142	0.00288212	0.0129211	0.00972299	0.0173072	0.010054	0.0196121	0.0338692	0.314953
152	0.0804877	0.0151687	0.00221042	0.0014896	0.0656623	0.0223535	0.0014457	0.213902	0.00239122	0.118225	0.0294522	0.00259272	0.00444113	0.00140782	0.00229267	0.0227229	0.0276825	0.378226	0.00262324	0.00522294
153	0.028959	0.00495439	0.00632019	0.00322453	0.00227501	0.875176	0.0012737	0.0025358	0.00845166	0.0050818	0.000976979	0.00562415	0.000999509	0.00504332	0.00280604	0.0303128	0.0112042	0.00173178	0.0011821	0.001867
154	0.0517841	0.020174	0.00866014	0.012866	0.0222295	0.00863545	0.00738344	0.202515	0.0299214	0.0825523	0.0320802	0.0128889	0.0154792	0.0164967	0.0380102	0.055908	0.0767393	0.284717	0.00577019	0.0151891
155	0.0243787	0.0025426	0.00679127	0.0112951	0.00426381	0.0156888	0.0074242	0.0039748	0.489585	0.00934332	0.0134069	0.0266405	0.00742175	0.0411716	0.263607	0.0364583	0.0274124	0.00445046	0.00260466	0.00153807
156	0.0140899	0.00904878	0.00348645	0.00569793	0.202711	0.00907905	0.0109184	0.148503	0.0125786	0.179338	0.0673849	0.0066603	0.0050181	0.00933843	0.0057208	0.0152924	0.0219112	0.122744	0.0199253	0.130553
157	0.0755124	0.0179991	0.0118538	0.0209253	0.0205949	0.0136314	0.00795827	0.164431	0.0290246	0.093934	0.0407336	0.0133636	0.0136732	0.0155752	0.0378479	0.0444536	0.0547984	0.30906	0.00478374	0.0098463
158	0.0641222	0.0117688	0.0427852	0.025995	0.0086945	0.0532622	0.0292145	0.0092864	0.0450279	0.0151094	0.00889999	0.181536	0.0190363	0.0471557	0.0183771	0.288635	0.0969565	0.017125	0.00220088	0.0148113
159	0.0289462	0.00758425	0.00796493	0.0129974	0.0228458	0.0207548	0.014592	0.0144982	0.340943	0.0835085	0.0543702	0.0448813	0.00987054	0.0345444	0.171209	0.0715568	0.0338451	0.0149235	0.00322694	0.00693808
160	0.047212	0.0307658	0.00142075	0.00158193	0.281706	0.0161079	0.00124589	0.0593555	0.00648868	0.383136	0.0235353	0.00367368	0.00134498	0.00258508	0.00212465	0.0247963	0.0148289	0.0936586	0.000922608	0.00350921
161	0.565793	0.0256795	0.00404487	0.00683003	0.00647129	0.0614914	0.00416937	0.00583639	0.00393232	0.0149848	0.00431222	0.00483051	0.00670036	0.00532161	0.0013686	0.231492	0.027877	0.0156094	0.000626115	0.00262989
162	0.100047	0.00883608	0.00682954	0.00640837	0.00932694	0.0432074	0.00965458	0.0676008	0.00967066	0.144511	0.00858072	0.0969184	0.179713	0.00933599	0.00699217	0.123973	0.0966276	0.0275587	0.0049917	0.0392165
163	0.0897343	0.0163076	0.00200416	0.00166353	0.0766153	0.0197067	0.00142273	0.194889	0.00276673	0.139481	0.032982	0.00258447	0.0072578	0.00157149	0.00288407	0.0233873	0.029709	0.346384	0.00281694	0.00583272
164	0.08934	0.0202715	0.0106348	0.01631	0.167515	0.0232238	0.0144482	0.048644	0.0192998	0.135914	0.0292092	0.0246802	0.00614678	0.0123968	0.0345441	0.123319	0.113725	0.0832877	0.00654344	0.0205471
165	0.0271259	0.017853	0.00113554	0.00170187	0.178036	0.0100458	0.00106562	0.133333	0.00486859	0.401405	0.0467706	0.00366648	0.00204525	0.00275388	0.00222054	0.0150201	0.0155015	0.125351	0.0031963	0.0069034
166	0.269117	0.0448655	0.00700291	0.00648347	0.0589748	0.0578259	0.00287878	0.0786936	0.00182882	0.082849	0.0396004	0.005791	0.00265929	0.00075552	0.00156604	0.0768257	0.0729714	0.181378	0.0028545	0.00507885
167	0.0552314	0.0646727	0.00440919	0.00615631	0.0215855	0.00932645	0.00264024	0.153505	0.00435618	0.0872242	0.021794	0.00436769	0.0630739	0.00821784	0.00991469	0.038269	0.0890622	0.345225	0.00221369	0.00875515
168	0.0899415	0.080862	0.0432577	0.0191811	0.0260319	0.0235602	0.010502	0.0783578	0.0167449	0.0551098	0.0258325	0.0242778	0.0176276	0.0176179	0.0131975	0.088667	0.122235	0.232129	0.00449483	0.0103722
169	0.0232329	0.0140724	0.000666434	0.00126058	0.0707284	0.0129943	0.000507508	0.286067	0.00747159	0.302929	0.0425557	0.0046953	0.00269529	0.00324113	0.00313622	0.0121274	0.0170885	0.176586	0.0065255	0.0114199
170	0.0220282	0.0194039	0.00125493	0.00213093	0.179918	0.0192624	0.00124305	0.14577	0.00491317	0.37591	0.0385408	0.00419191	0.00191756	0.0036738	0.0034233	0.0159656	0.0225396	0.111737	0.00611888	0.0200557
171	0.0929895	0.1231	0.0100957	0.00633536	0.0148689	0.0327567	0.0121286	0.0290651	0.00982878	0.0246761	0.0104708	0.022088	0.00940759	0.0123844	0.00656614	0.29111	0.226823	0.0503235	0.00310584	0.0118758
172	0.00747773	0.0141295	0.00153388	0.00154062	0.0137424	0.00967924	0.000926731	0.491288	0.00311568	0.141916	0.0986595	0.00642048	0.00441323	0.00523057	0.00285452	0.00988253	0.00954263	0.17171	0.00243245	0.0035047
173	0.0302055	0.0148477	0.000491403	0.000750451	0.0787482	0.00925115	0.00036932	0.237225	0.0040541	0.374325	0.0439349	0.00209068	0.00195362	0.00192993	0.00257231	0.0106119	0.0170437	0.158538	0.00396976	0.00708664
174	0.297968	0.113708	0.00735405	0.00479711	0.0200385	0.0422513	0.0026186	0.0120649	0.00474037	0.0332407	0.00767003	0.0095567	0.00528544	0.0053215	0.00222974	0.355222	0.0287112	0.0391093	0.00406454	0.00404919
175	0.0559024	0.0438827	0.00241633	0.0023815	0.0289722	0.00757496	0.00136511	0.223971	0.00305977	0.0655087	0.0276852	0.00466542	0.00967765	0.00381532	0.00482358	0.0260601	0.0761132	0.385653	0.00311065	0.0233613
176	0.0100181	0.013111	0.00731129	0.0040648	0.380978	0.00420252	0.0357457	0.0185135	0.00373648	0.0660063	0.0144964	0.002818	0.00339016	0.0131216	0.0112081	0.0145371	0.00924498	0.0215212	0.0285169	0.337458
177	0.0296538	0.0144146	0.00061486	0.000683263	0.059911	0.0139817	0.000364686	0.296433	0.00292193	0.247007	0.0191859	0.00282203	0.00274226	0.00200547	0.00226431	0.0115685	0.0216906	0.263588	0.00343657	0.00471059
178	0.0253889	0.00450328	0.00581192	0.00192312	0.00271885	0.890131	0.000879871	0.00256054	0.00774187	0.00488656	0.000726154	0.00504169	0.000642615	0.00361559	0.00277178	0.0251472	0.0106042	0.00195661	0.0010689	0.0018789
179	0.239536	0.0419048	0.00546649	0.00625617	0.0670554	0.0578068	0.00332165	0.0842617	0.00180243	0.0894227	0.0420261	0.00315029	0.00313087	0.000793847	0.00195983	0.066277	0.0650931	0.212219	0.00271954	0.00579656
180	0.0525856	0.0313602	0.00106126	0.00136879	0.151977	0.0249077	0.000753022	0.197455	0.00789682	0.285776	0.018451	0.00286125	0.0017947	0.00308989	0.00309688	0.0231485	0.0236105	0.157773	0.00428319	0.00675005
181	0.0589692	0.00254338	0.0198699	0.0378229	0.0358234	0.00445401	0.0227466	0.0825365	0.0391253	0.148506	0.076328	0.0481296	0.00316607	0.0413067	0.0566207	0.0817364	0.0837736	0.119554	0.00794594	0.0290421
182	0.0549826	0.00485419	0.0337017	0.0607112	0.00643966	0.0137477	0.00416745	0.0243119	0.162147	0.0198934	0.0154383	0.0741948	0.166755	0.0292506	0.0764102	0.104498	0.120749	0.0238701	0.000986482	0.00289021
183	0.436421	0.0295898	0.0133544	0.00906432	0.0101544	0.113471	0.00419898	0.00824349	0.00969617	0.0359496	0.0104473	0.00958468	0.00875207	0.00796731	0.00390598	0.225109	0.035016	0.0226275	0.00366579	0.00278053
184	0.0326857	0.0190913	0.00162561	0.000774533	0.0352261	0.00887478	0.00046673	0.2828	0.00216098	0.132396	0.019094	0.00231964	0.00472395	0.00169915	0.00179903	0.0170234	0.0380015	0.391629	0.00231157	0.0052961
185	0.0659578	0.0131353	0.00925977	0.0163606	0.0289867	0.0491185	0.0403567	0.015657	0.130572	0.0437772	0.0138554	0.0191956	0.0515542	0.0527484	0.10924	0.160187	0.140666	0.0255176	0.00165284	0.0122012
186	0.0328478	0.00597002	0.00672412	0.00446466	0.00271748	0.867801	0.000978605	0.0024922	0.00791574	0.00605484	0.00163189	0.00486621	0.00120452	0.00486475	0.00249935	0.0295301	0.0122584	0.0021181	0.00109303	0.00196732
187	0.031884	0.0152717	0.00055114	0.000716917	0.0733822	0.00949621	0.000286328	0.238662	0.00388357	0.372213	0.0439513	0.00226569	0.00201352	0.0019886	0.00246974	0.0118373	0.0188726	0.160525	0.00339611	0.0063329
188	0.0954493	0.0148404	0.00213404	0.00380982	0.0138651	0.0830182	0.0301933	0.0147282	0.142557	0.0378566	0.0213345	0.0107647	0.0171846	0.0476173	0.133728	0.20264	0.0975466	0.01507	0.000879897	0.0147839
189	0.124947	0.0191325	0.0250115	0.00626118	0.0623732	0.0874055	0.0044665	0.0407898	0.00656563	0.124228	0.0391087	0.00911978	0.005657	0.00681841	0.00571863	0.283207	0.0257321	0.0442403	0.0720196	0.00719696
190	0.0832822	0.0147217	0.0815735	0.0717063	0.010267	0.199089	0.00668743	0.00349382	0.056414	0.0164781	0.00891988	0.0813692	0.0295727	0.0294212	0.0329	0.184833	0.0664956	0.0166139	0.00384203	0.00231974
191	0.0622982	0.048784	0.00883228	0.0132329	0.0202228	0.00777629	0.00396395	0.170101	0.0106072	0.0682862	0.0187868	0.00598785	0.0950872	0.0120976	0.0281598	0.0425478	0.0801058	0.283943	0.00540082	0.0137787
192	0.0520128	0.00218197	0.0197147	0.0381928	0.0926608	0.00450034	0.0335492	0.0518426	0.0345367	0.123336	0.0760727	0.0653078	0.00290952	0.0203335	0.0383049	0.106434	0.075566	0.0953033	0.0128726	0.0543676
