203	20
1	0.0225642	0.00361346	0.00463565	0.00762007	0.321541	0.00665104	0.0501246	0.0547841	0.006069	0.156308	0.11514	0.011584	0.00225289	0.014747	0.00816224	0.0331142	0.0208705	0.0412836	0.0114239	0.107511
2	0.140469	0.00361287	0.0155066	0.0460363	0.0136162	0.0482272	0.0139579	0.0423657	0.117038	0.0449946	0.0174787	0.0318753	0.0412439	0.0782383	0.0844041	0.156963	0.0673318	0.0251069	0.00400792	0.00752562
3	0.0262608	0.00123396	0.00719259	0.0178966	0.100459	0.00280938	0.010187	0.0903213	0.00170449	0.440684	0.103816	0.0199733	0.00119651	0.00892787	0.00250286	0.0193624	0.0151681	0.0369421	0.00275674	0.0906053
4	0.389629	0.00496978	0.0028111	0.00281491	0.0143975	0.0385563	0.00320598	0.0350016	0.0383652	0.0341592	0.0200219	0.00748963	0.00365034	0.0170115	0.00881437	0.197298	0.0255593	0.119047	0.00156258	0.0356354
5	0.0312088	0.00119802	0.0107783	0.00311578	0.00277681	0.0259752	0.00523134	0.00451324	0.710533	0.00415633	0.00284317	0.0122357	0.0134805	0.00376417	0.0982077	0.0257622	0.0256031	0.0148693	0.0010875	0.00265989
6	0.00430803	0.000595704	0.00110297	0.00097048	0.199981	0.00118089	0.0353254	0.00233392	0.00562306	0.00683127	0.00146784	0.00265452	0.000741235	0.00584077	0.00115383	0.00709548	0.00690581	0.00679253	0.00544189	0.703653
7	0.0115363	0.00210503	0.00031583	0.000339287	0.0198708	0.000363291	0.000388083	0.403089	0.000335159	0.289497	0.0310555	0.000527949	0.00128391	0.000371386	0.000354388	0.000762374	0.00643287	0.214767	0.00148559	0.0151192
8	0.0337049	0.0065232	0.0412255	0.0251425	0.0150351	0.0176711	0.0253177	0.0178851	0.0349767	0.0193505	0.0119951	0.463031	0.00562846	0.0189921	0.109224	0.0590854	0.0356282	0.0169501	0.0138161	0.0288173
9	0.0254054	0.00231573	0.00101507	0.00168028	0.0722078	0.00103139	0.00142181	0.395357	0.000773967	0.257098	0.0573217	0.00154551	0.00193268	0.00132227	0.000827759	0.00193422	0.00801184	0.147853	0.00102776	0.0199158
10	0.0165218	0.00146571	0.0146525	0.0519621	0.261579	0.0125242	0.0224556	0.035643	0.0916483	0.0240256	0.00322035	0.0135676	0.00136443	0.0133137	0.115672	0.063168	0.0603025	0.0541891	0.0267153	0.116009
11	0.0173034	0.000251856	0.000439888	0.000425141	0.00886046	0.00046112	0.000481876	0.375181	0.000501939	0.0390882	0.00980037	0.000701662	0.00109765	0.000485837	0.00227967	0.00306927	0.0141505	0.51424	0.00307207	0.00810759
12	0.0820422	0.0381503	0.00185672	0.00186993	0.00374276	0.00293568	0.00239464	0.157406	0.00333336	0.240459	0.0518144	0.00434578	0.018805	0.00405197	0.00454112	0.0297857	0.0763711	0.269871	0.00148494	0.00473826
13	0.0172244	0.000282328	0.000434081	0.000417445	0.00915579	0.000453607	0.000480961	0.37562	0.000499628	0.0443842	0.0102479	0.000689279	0.00111317	0.000480699	0.00224251	0.00303083	0.0141085	0.507896	0.00307673	0.00816219
14	0.0261421	0.000895292	0.288076	0.406819	0.00290069	0.0141234	0.00642299	0.00368056	0.043632	0.00486068	0.0148245	0.0386852	0.0117491	0.0404134	0.0181385	0.0351978	0.015912	0.00627242	0.0074795	0.0137741
15	0.0110723	0.00482455	0.00167615	0.0023	0.311659	0.00204835	0.071382	0.0527389	0.0023871	0.0927056	0.0471542	0.0124751	0.00141319	0.00736479	0.00611189	0.00768706	0.0103248	0.0491432	0.0168255	0.288706
16	0.0751304	0.00270142	0.00458812	0.00619202	0.0267737	0.070355	0.00588793	0.0131495	0.00648762	0.0224186	0.00975086	0.0127634	0.00479994	0.00618874	0.00603412	0.309023	0.356432	0.0433069	0.00768517	0.0103317
17	0.24169	0.0360374	0.00674526	0.0096897	0.00807833	0.0221944	0.0147219	0.0124926	0.0210003	0.0187865	0.00872069	0.0162665	0.0100371	0.0365702	0.00928721	0.434989	0.049586	0.0314472	0.00306066	0.0085992
18	0.202538	0.0268773	0.00495267	0.00315839	0.0138639	0.0139824	0.00867974	0.120229	0.00650505	0.0438439	0.0403219	0.0126777	0.0621605	0.00719072	0.00578913	0.112691	0.138433	0.16213	0.00259412	0.0113811
19	0.0279438	0.00966969	0.0493982	0.0167924	0.0148648	0.0234001	0.0219228	0.0201507	0.0155216	0.0185788	0.0127366	0.549015	0.00580348	0.0128964	0.0362062	0.0555262	0.0393721	0.0195833	0.0153446	0.0352735
20	0.150775	0.0161215	0.00493213	0.00365156	0.0173713	0.0158069	0.0104969	0.12046	0.0065747	0.0607257	0.0435782	0.00975348	0.157666	0.0078673	0.00608953	0.0834134	0.148554	0.120985	0.00159013	0.0135883
21	0.168349	0.00558692	0.0646997	0.0175679	0.0101086	0.0642806	0.032928	0.0644399	0.0187995	0.0733487	0.0115045	0.156336	0.00728381	0.019693	0.0132589	0.0757326	0.0842202	0.0976961	0.00478666	0.00937922
22	0.0759787	0.0037596	0.028228	0.0322163	0.0110897	0.101874	0.0730352	0.0134072	0.354642	0.0209107	0.0119223	0.0293639	0.00909314	0.0324198	0.0837722	0.051079	0.0325681	0.0222449	0.002879	0.00951584
23	0.141838	0.00462912	0.0397992	0.101293	0.0123967	0.0361956	0.0263349	0.0263299	0.0675638	0.0486222	0.0120992	0.0487594	0.0852458	0.0753861	0.0537901	0.115098	0.0624022	0.0264441	0.00485229	0.010921
24	0.0280547	0.00357549	0.00201807	0.00458493	0.0725556	0.0134081	0.00503518	0.0975602	0.00200779	0.426461	0.238485	0.00387136	0.00610209	0.00453376	0.00279771	0.00916345	0.0181704	0.0366221	0.00255343	0.0224394
25	0.166668	0.00977684	0.0174664	0.0131399	0.0124441	0.322056	0.188371	0.0125185	0.0165052	0.0184414	0.0108352	0.028338	0.00412899	0.00868581	0.0120188	0.103518	0.0200831	0.0186045	0.00442942	0.0119712
26	0.0173034	0.000251856	0.000439888	0.000425141	0.00886046	0.00046112	0.000481876	0.375181	0.000501939	0.0390882	0.00980037	0.000701662	0.00109765	0.000485837	0.00227967	0.00306927	0.0141505	0.51424	0.00307207	0.00810759
27	0.0366876	0.0111	0.0293325	0.00838703	0.00539051	0.681212	0.0597941	0.0069575	0.0110919	0.0188902	0.0135425	0.0495908	0.00280584	0.00580881	0.00566636	0.0235944	0.0113738	0.0101331	0.00287879	0.00576212
28	0.0424442	0.0043978	0.031645	0.0299221	0.0177142	0.0301738	0.196891	0.0165555	0.0301322	0.0231482	0.0127825	0.174867	0.00493025	0.0177712	0.0946109	0.190051	0.0311172	0.0222614	0.0059255	0.0226593
29	0.0399826	0.00132573	0.000826139	0.00114432	0.00935427	0.025122	0.00133209	0.18464	0.000902861	0.491574	0.0654989	0.00572021	0.00305219	0.00459263	0.000994975	0.0120352	0.0437183	0.101006	0.00275268	0.00442534
30	0.00815502	0.00156381	0.00251224	0.003655	0.0186089	0.00284667	0.00501377	0.00505086	0.0620425	0.0191349	0.00388288	0.0174303	0.00165054	0.00493954	0.817605	0.00701465	0.00646949	0.00639881	0.00175936	0.00426627
31	0.0575146	0.00343294	0.00751941	0.0104554	0.0139952	0.060997	0.0133208	0.00962545	0.00846107	0.0185197	0.00847443	0.182823	0.00488463	0.00641817	0.00905408	0.268847	0.271262	0.0278526	0.0064965	0.0100459
32	0.189846	0.0109303	0.0218412	0.00387867	0.00607709	0.024867	0.00442855	0.0651155	0.00512493	0.0243823	0.0346241	0.0591967	0.0335703	0.00563313	0.00444024	0.217736	0.164331	0.116454	0.00216129	0.00536263
33	0.0737728	0.0426335	0.00246006	0.0034859	0.0591382	0.00323996	0.00360579	0.285815	0.00271173	0.0372605	0.0621718	0.00350049	0.00172871	0.00713654	0.00272201	0.0492875	0.0138453	0.335824	0.00520363	0.004457
34	0.0134604	0.00242631	0.00039739	0.000376925	0.0194902	0.000468309	0.000476493	0.436173	0.000458406	0.277541	0.0452171	0.000582955	0.00126862	0.000452953	0.000396106	0.000872338	0.00671625	0.177015	0.00118904	0.0150215
35	0.327989	0.0160401	0.0118378	0.00458768	0.00139604	0.459699	0.0030526	0.00145813	0.000960037	0.00535485	0.00387663	0.00544888	0.000651359	0.00105503	0.000908415	0.118694	0.0173393	0.0178919	0.000506783	0.00125362
36	0.0727382	0.00101011	0.312374	0.142215	0.0198754	0.00202525	0.0882456	0.00683928	0.0325624	0.0126348	0.00625485	0.13009	0.00102401	0.0706958	0.0102385	0.0425397	0.0157438	0.0133292	0.00864611	0.0109185
37	0.304988	0.0287076	0.0025286	0.0028072	0.00322053	0.00531889	0.0144407	0.00408183	0.00316299	0.00487565	0.00509293	0.00524536	0.0123284	0.00767049	0.00257591	0.492433	0.0659801	0.0302608	0.00122991	0.00305114
38	0.0139207	0.0017238	0.000324206	0.000322505	0.0221088	0.00061241	0.00035904	0.375036	0.000344488	0.345086	0.042193	0.000724357	0.00124218	0.00036634	0.00030596	0.00110482	0.0075475	0.168401	0.00182186	0.0164549
39	0.423556	0.0102724	0.00189895	0.00176313	0.00503538	0.0191078	0.00190237	0.00996879	0.0729115	0.0115347	0.0144673	0.0112845	0.0012291	0.0139741	0.0176714	0.231859	0.00724421	0.105998	0.00107894	0.0372416
40	0.0341208	0.00155693	0.00266262	0.0391277	0.0167028	0.00348355	0.0758787	0.00509723	0.121046	0.0336545	0.00420935	0.171405	0.0017358	0.0810346	0.383472	0.00699605	0.00689638	0.00605486	0.00148497	0.00337991
41	0.0191163	0.00311937	0.000469312	0.000520726	0.0202695	0.00139839	0.000594459	0.442855	0.000571821	0.264505	0.0703633	0.000961368	0.0019716	0.000668394	0.000539436	0.00156315	0.00868189	0.144762	0.000957218	0.0161123
42	0.0246882	0.00136081	0.00334911	0.013847	0.0840102	0.00353063	0.0151716	0.0779863	0.001484	0.471231	0.143888	0.0099384	0.00163231	0.0125139	0.00222498	0.0188805	0.017188	0.0299611	0.00163981	0.065474
43	0.092968	0.000341133	0.0646632	0.128451	0.0028586	0.0256522	0.0088915	0.0140608	0.244444	0.0160686	0.0143966	0.0477039	0.000488328	0.0858863	0.140502	0.0541796	0.0355861	0.0199787	0.00120194	0.00167788
44	0.0323387	0.0830941	0.13465	0.011804	0.0750589	0.0146087	0.0119932	0.0176999	0.00981077	0.0187538	0.0117708	0.217299	0.00581994	0.0511418	0.0121693	0.0572412	0.0661273	0.0187885	0.00900068	0.14083
45	0.0144069	0.0103762	0.0014241	0.00179881	0.134596	0.00195358	0.0419762	0.0784995	0.00207402	0.113859	0.0220553	0.0199822	0.00120958	0.00221492	0.0101075	0.00467574	0.0120811	0.0555148	0.0285132	0.442681
46	0.0150309	0.00146589	0.000511206	0.000597927	0.0145695	0.000691869	0.000737556	0.364322	0.000782728	0.174421	0.0205893	0.00105771	0.00393221	0.000822118	0.00151495	0.00293783	0.0114677	0.369573	0.00480726	0.0101671
47	0.0228124	0.003668	0.286222	0.0338862	0.0049721	0.194148	0.0525144	0.00695463	0.0662829	0.00828141	0.00560353	0.235882	0.0102531	0.00483706	0.0130872	0.0126857	0.0100533	0.00972908	0.0115677	0.00655917
48	0.025981	0.00476557	0.411752	0.0400222	0.00719508	0.0338766	0.025618	0.0096714	0.0628858	0.00623417	0.00392515	0.211847	0.00328103	0.00918809	0.0489959	0.0332901	0.0222206	0.0207714	0.0064856	0.0119929
49	0.0893725	0.0229172	0.00352108	0.0167381	0.0448701	0.00238939	0.0101109	0.0939104	0.0112013	0.17001	0.121834	0.0114775	0.00177543	0.00690891	0.0195096	0.0529163	0.088778	0.115671	0.0390156	0.0770729
50	0.0429334	0.0121716	0.0351537	0.00866667	0.00526577	0.683813	0.0343071	0.00704776	0.0111475	0.0178009	0.0133985	0.0617308	0.00330254	0.00440471	0.00557386	0.0244517	0.00917175	0.010709	0.00331027	0.00563974
51	0.0493729	0.00179778	0.031041	0.00315282	0.0170894	0.00381495	0.018389	0.0618799	0.198179	0.0684392	0.004534	0.0316015	0.00166982	0.0168708	0.0869083	0.0204496	0.0831386	0.296308	0.0015946	0.00376898
52	0.0895023	0.00596699	0.0157363	0.0191442	0.0190449	0.0144549	0.13245	0.0250673	0.0177203	0.0288554	0.0160815	0.0228179	0.00903881	0.410791	0.0146972	0.0313092	0.0762787	0.029768	0.00571384	0.0155605
53	0.0547485	0.00524748	0.0045769	0.02877	0.0931044	0.00822393	0.0216434	0.212664	0.00576737	0.106984	0.115009	0.0108501	0.00455212	0.0168979	0.00687495	0.017156	0.0632698	0.191955	0.00571264	0.0259911
54	0.37121	0.0637708	0.00585738	0.00669126	0.0110595	0.0926318	0.00789322	0.0811043	0.00730573	0.0599419	0.036164	0.00909941	0.0325353	0.0105634	0.00571293	0.0728685	0.0714411	0.0434415	0.00205983	0.0086485
55	0.0627102	0.00723037	0.0136258	0.031706	0.0287728	0.0052228	0.0071067	0.146261	0.0159669	0.219387	0.121542	0.0223674	0.00212034	0.0167727	0.00716981	0.0390858	0.074598	0.105553	0.0186775	0.0541246
56	0.0850182	0.0140244	0.004401	0.019193	0.0288482	0.00634618	0.00615156	0.138149	0.0072563	0.204125	0.124803	0.0174938	0.0036429	0.0121483	0.00771093	0.0439922	0.0934533	0.115259	0.0233132	0.0446694
57	0.0871116	0.00541401	0.00318715	0.00965638	0.0277142	0.0196196	0.00632141	0.169164	0.00460532	0.209413	0.171169	0.009895	0.00813939	0.00941736	0.00531899	0.0334262	0.0811958	0.0948406	0.00904915	0.0353415
58	0.117846	0.0334005	0.00300382	0.0169443	0.0345059	0.00246601	0.0136387	0.0802817	0.0138314	0.137946	0.0514115	0.00759146	0.00181486	0.0046122	0.00787499	0.0432003	0.0966217	0.180398	0.0464148	0.106196
59	0.363771	0.0225777	0.0109417	0.00539849	0.00112305	0.42384	0.00196401	0.00509906	0.000936275	0.0073408	0.00524454	0.00478852	0.00150386	0.000936192	0.000955729	0.106886	0.0167979	0.0183226	0.000461789	0.00111056
60	0.0145174	0.0104566	0.00144503	0.00180074	0.134295	0.00194884	0.0418277	0.0786946	0.00204758	0.114066	0.0221881	0.0200276	0.00121183	0.00219509	0.0102153	0.00466166	0.012172	0.0557315	0.0285553	0.441943
61	0.0789846	0.00924704	0.0069526	0.0359044	0.032705	0.0036003	0.00502845	0.136273	0.00795273	0.237293	0.107795	0.0254428	0.0009112	0.00934136	0.00641245	0.0365311	0.081812	0.0857282	0.031143	0.0609409
62	0.0235212	0.00295055	0.00547951	0.0095148	0.0725722	0.00652694	0.00910924	0.102605	0.00519452	0.372249	0.160694	0.0335224	0.0028325	0.00728977	0.0232224	0.0871707	0.0180758	0.0240048	0.00443313	0.0290315
63	0.0610157	0.00960532	0.0121989	0.0386964	0.00253921	0.0115319	0.0141363	0.00280021	0.318879	0.0949645	0.0252932	0.0245472	0.000582579	0.0938986	0.196393	0.0274591	0.02012	0.0341825	0.00536298	0.00579391
64	0.061991	0.00947799	0.0124685	0.0387727	0.00272969	0.0116016	0.013799	0.00280214	0.3202	0.0938205	0.0252788	0.0244768	0.000583446	0.0934526	0.196109	0.0282026	0.0198046	0.0333503	0.00516249	0.00591716
65	0.0358458	0.0039849	0.00364056	0.0105572	0.0655713	0.00528194	0.00710216	0.118237	0.00622843	0.371637	0.125069	0.0101408	0.00651561	0.00539091	0.0057669	0.0165853	0.0280738	0.0668472	0.0330016	0.0745234
66	0.0400063	0.000528295	0.185933	0.379823	0.00379692	0.0162635	0.0118337	0.00242486	0.0836097	0.00598255	0.00381882	0.0553675	0.0164728	0.0704299	0.03798	0.039102	0.0317054	0.00899217	0.00212069	0.00380899
67	0.165174	0.102012	0.00338056	0.0022878	0.00281434	0.00353395	0.00260433	0.123629	0.00244623	0.0152052	0.0150095	0.0160514	0.00812851	0.00284229	0.00245043	0.154427	0.166078	0.208038	0.00121136	0.00267713
68	0.0177306	0.00064579	0.000340554	0.000730069	0.0203711	0.00423011	0.000376822	0.221397	0.000457113	0.538203	0.0370177	0.00202077	0.00178995	0.000515625	0.000385191	0.00377133	0.0125425	0.123587	0.00488461	0.00900367
69	0.0929664	0.000339778	0.0660738	0.130468	0.00256471	0.0261365	0.00878426	0.0143585	0.243011	0.0163639	0.014465	0.0483435	0.000492777	0.0860158	0.137881	0.0532141	0.0354292	0.0202759	0.00124884	0.00156589
70	0.123401	0.0110341	0.100548	0.118484	0.00796795	0.151659	0.0266582	0.012118	0.0397085	0.0240021	0.00413292	0.080011	0.00680761	0.0130867	0.0949448	0.0892343	0.0192896	0.00741137	0.0146739	0.0548269
71	0.0197842	0.00203265	0.00474824	0.0115534	0.257659	0.00524958	0.0441163	0.129787	0.00436158	0.114872	0.130459	0.0230999	0.00239318	0.0560066	0.00516936	0.0127255	0.0358191	0.0904697	0.00309522	0.0465995
72	0.0479758	0.00104861	0.0279464	0.0280495	0.00263847	0.00223509	0.00236541	0.0568241	0.178157	0.0299521	0.0823226	0.0512918	0.00120183	0.0566366	0.301405	0.0243612	0.0890565	0.00418483	0.00986177	0.00248562
73	0.0284727	0.00377948	0.00169919	0.0042904	0.0725155	0.0152417	0.00562192	0.087262	0.00220108	0.411066	0.270458	0.00296882	0.00475852	0.00408948	0.00344105	0.00917034	0.0196845	0.0290868	0.00239108	0.021801
74	0.0211313	0.00238004	0.244139	0.0275779	0.00401644	0.258538	0.0673357	0.00506835	0.0757825	0.00752212	0.00457407	0.225641	0.013387	0.00290654	0.00320699	0.00674992	0.00598737	0.00643509	0.0141524	0.00346844
75	0.0173034	0.000251856	0.000439888	0.000425141	0.00886046	0.00046112	0.000481876	0.375181	0.000501939	0.0390882	0.00980037	0.000701662	0.00109765	0.000485837	0.00227967	0.00306927	0.0141505	0.51424	0.00307207	0.00810759
76	0.0282078	0.00645633	0.0639828	0.182081	0.0129466	0.0258202	0.0568382	0.00220005	0.0724281	0.0192968	0.0196026	0.0871894	0.000802765	0.0138081	0.0604788	0.167392	0.146767	0.025488	0.000685198	0.00752702
77	0.0143602	0.00537245	0.00355649	0.0141967	0.219124	0.00385368	0.0881304	0.0873967	0.00670342	0.0821185	0.0536247	0.0141595	0.00171293	0.0127041	0.00943945	0.0106705	0.0177994	0.0777758	0.0128788	0.264422
78	0.0302723	0.00237544	0.00116581	0.00299717	0.0284889	0.00358918	0.00311333	0.384433	0.00148952	0.211853	0.0881549	0.00204639	0.00563802	0.00284221	0.00170358	0.00441787	0.0216758	0.171875	0.00108971	0.0307787
79	0.0134807	0.001451	0.000306719	0.000456032	0.0210741	0.0015039	0.000327437	0.325103	0.000355046	0.394221	0.0348351	0.000946383	0.00144013	0.000351219	0.000320671	0.00182888	0.00802934	0.178834	0.00269435	0.012441
80	0.0217104	0.00142256	0.00255027	0.0030287	0.0169987	0.00346168	0.00315429	0.0938218	0.0749857	0.259369	0.0179853	0.00422204	0.00174054	0.104999	0.156915	0.00613989	0.0992165	0.122905	0.00154786	0.00382506
81	0.00750254	0.00136475	0.00217782	0.00299642	0.0149193	0.00263926	0.00451414	0.00471589	0.0614657	0.0185995	0.00358072	0.0176792	0.00151946	0.00423429	0.830629	0.00551451	0.00552127	0.00542354	0.00169939	0.00330313
82	0.124742	0.00261229	0.0018752	0.0136324	0.00237442	0.0382902	0.00399039	0.00349291	0.0687625	0.01274	0.00285815	0.0318248	0.00975256	0.0207435	0.0191222	0.585437	0.0503911	0.00429029	0.00084903	0.00221886
83	0.065565	0.00112781	0.00166522	0.00192757	0.0162066	0.0671866	0.00207912	0.00285487	0.00215498	0.0158306	0.00246498	0.00902695	0.00141925	0.00186248	0.0020108	0.363989	0.400478	0.0271159	0.00877713	0.00625738
84	0.0525714	0.00215044	0.00345935	0.00780897	0.0107119	0.0248754	0.00843993	0.211383	0.00438423	0.307949	0.086648	0.0121491	0.00441343	0.0170855	0.00597032	0.0181776	0.0659795	0.13962	0.00327704	0.0129467
85	0.00668841	0.00168559	0.00265454	0.00185968	0.181131	0.00170808	0.0342931	0.00849841	0.00518467	0.0144493	0.00330254	0.0091452	0.00145119	0.00643036	0.00228234	0.00774695	0.0093021	0.0108086	0.00749463	0.683883
86	0.162727	0.00840682	0.00194202	0.00251205	0.0244059	0.0237905	0.018303	0.187223	0.00483847	0.108734	0.0849392	0.00374476	0.036335	0.0155597	0.00451552	0.0608867	0.135989	0.0943351	0.00140591	0.019406
87	0.11021	0.00317068	0.00316416	0.00318137	0.0144118	0.0760757	0.00409787	0.0093481	0.00383837	0.0283471	0.00756845	0.00979098	0.00598855	0.00378999	0.00350482	0.234366	0.403692	0.0514587	0.00561188	0.0183839
88	0.0652292	0.00122276	0.0300114	0.0558225	0.0111491	0.0175142	0.015408	0.0194108	0.246932	0.0219265	0.0256576	0.0361909	0.00524923	0.0693893	0.211323	0.0841885	0.0591894	0.015734	0.00276634	0.00568583
89	0.0315919	0.00184608	0.415846	0.199386	0.00562825	0.011297	0.0198025	0.0070645	0.0509049	0.00619565	0.0106109	0.0836977	0.00674442	0.0256976	0.0342218	0.0392581	0.0171169	0.0160131	0.00631096	0.0107656
90	0.0172085	0.00241661	0.000463795	0.000545543	0.0197848	0.00208971	0.000590534	0.407125	0.000575042	0.32268	0.0622607	0.00107279	0.00192788	0.000527365	0.000500339	0.00219413	0.00809286	0.135454	0.00125348	0.0132368
91	0.393622	0.0370671	0.00373795	0.00361091	0.00819357	0.0855683	0.00529736	0.0446693	0.00473266	0.0457308	0.0152131	0.00796936	0.0317032	0.00502287	0.0040753	0.0741711	0.164005	0.0562278	0.00161477	0.00776755
92	0.0631876	0.042929	0.00630899	0.00639642	0.0654287	0.00977101	0.0341998	0.0122114	0.00705808	0.044718	0.00902632	0.0407309	0.00339602	0.006637	0.00674343	0.0718313	0.406857	0.0149241	0.00294186	0.144703
93	0.203312	0.0179192	0.00248062	0.0035658	0.0301862	0.01628	0.0471362	0.150871	0.00607984	0.085795	0.0661399	0.00442403	0.0313674	0.0186285	0.00567712	0.0648295	0.147936	0.0765566	0.00281105	0.0180045
94	0.0120276	0.00212231	0.000320988	0.000326716	0.0202726	0.000380356	0.000385449	0.41104	0.000346165	0.28529	0.0333994	0.000529456	0.00119539	0.000371404	0.000352192	0.000746492	0.00672217	0.206568	0.00126733	0.0163353
95	0.0244711	0.00935674	0.081115	0.044425	0.0128935	0.0141603	0.0107033	0.0458117	0.0110671	0.0160939	0.0101826	0.348072	0.00466771	0.0117475	0.0539619	0.0223357	0.0873717	0.0145189	0.0707246	0.10632
96	0.0180689	0.000408987	0.000493592	0.000477118	0.00820805	0.000583468	0.000560483	0.35794	0.000676871	0.0434663	0.0119229	0.000919218	0.00123283	0.000622559	0.00231369	0.00343842	0.0150983	0.523106	0.00281673	0.00764506
97	0.128631	0.00888843	0.00336027	0.00727568	0.0688977	0.016067	0.0128538	0.198293	0.00633693	0.100869	0.0593102	0.007989	0.0162212	0.0111601	0.00592728	0.0357558	0.141757	0.137702	0.00544009	0.0272647
98	0.330081	0.01752	0.0222615	0.00446879	0.00137136	0.456094	0.00235619	0.00170341	0.00108904	0.00534537	0.00378772	0.00527909	0.000866187	0.00111963	0.000944761	0.112128	0.0140395	0.0177744	0.000498716	0.00127174
99	0.201199	0.00712286	0.0350167	0.0514886	0.0189498	0.0552496	0.0147957	0.0335003	0.0503985	0.0642703	0.0166525	0.0628721	0.0131846	0.0608461	0.031312	0.142606	0.0719578	0.0427098	0.0074234	0.0184447
100	0.0411795	0.000506487	0.179004	0.384432	0.00250812	0.0207356	0.00910984	0.00156334	0.0867996	0.00426474	0.00213039	0.0521125	0.0197832	0.0662095	0.0498367	0.0370389	0.0317172	0.00833342	0.000926971	0.00180831
101	0.0685919	0.00699739	0.0123634	0.0145774	0.0181805	0.0178301	0.141614	0.0232538	0.0190454	0.032556	0.0181557	0.0217061	0.00782824	0.450908	0.0165522	0.0286734	0.0530799	0.0295557	0.005944	0.0125873
102	0.124065	0.000756876	0.116213	0.0925122	0.00139476	0.00929371	0.00251292	0.0154502	0.11479	0.0048979	0.0113152	0.13558	0.000681564	0.0541332	0.0817501	0.152201	0.069673	0.00517233	0.00132324	0.00628309
103	0.186352	0.00374505	0.00566441	0.0822514	0.00911205	0.0078908	0.169218	0.0394818	0.00720007	0.0439151	0.00939847	0.0109997	0.056091	0.0359509	0.0090188	0.0145276	0.0448971	0.0413991	0.00292447	0.219962
104	0.122687	0.00719513	0.0124483	0.0135031	0.169974	0.157252	0.0153257	0.0202948	0.0133019	0.0277853	0.11457	0.0208271	0.00800453	0.0977914	0.0123707	0.114292	0.0258438	0.0252048	0.00585298	0.015474
105	0.0922104	0.000824741	0.0598036	0.120852	0.00296119	0.0239129	0.00840009	0.0144469	0.248835	0.0199598	0.0164378	0.0469973	0.000493238	0.0920405	0.140995	0.0503416	0.0357695	0.0214197	0.00133562	0.0019626
106	0.115356	0.00452763	0.0181827	0.0378816	0.0233579	0.0385814	0.0259578	0.071798	0.0430715	0.0831891	0.0399357	0.0629609	0.00832454	0.167762	0.03225	0.0799952	0.0551716	0.0752708	0.00508992	0.0113362
107	0.0204204	0.00257683	0.000630606	0.00106601	0.0302812	0.00357229	0.00101147	0.237143	0.000774485	0.417901	0.039504	0.00209861	0.00191111	0.0013609	0.000663504	0.00746164	0.0123244	0.203916	0.00683464	0.00854847
108	0.0733908	0.000794062	0.0268874	0.0587234	0.0164008	0.0205759	0.0203762	0.00842703	0.292598	0.0171499	0.0131895	0.0296375	0.00264457	0.0714433	0.182344	0.102356	0.0379099	0.0178894	0.000537106	0.00672477
109	0.0257344	0.00143969	0.0118678	0.128967	0.0739307	0.0122885	0.151347	0.112723	0.0509532	0.014775	0.0137437	0.00355955	0.00144068	0.0222954	0.0352022	0.0245457	0.0512603	0.168249	0.00127685	0.0944007
110	0.0670803	0.00499203	0.00821539	0.020342	0.0623831	0.0130446	0.12336	0.257441	0.0111994	0.0612787	0.0335237	0.0127643	0.00605904	0.0449067	0.0123065	0.0226411	0.041144	0.170608	0.00379638	0.022913
111	0.0116419	0.00209901	0.000319845	0.000337187	0.0201179	0.000368667	0.000384891	0.403195	0.000334181	0.289559	0.0315458	0.000535501	0.00127342	0.000369572	0.000346057	0.000768233	0.00645302	0.213571	0.00147683	0.0153025
112	0.166769	0.00480743	0.0396316	0.0344424	0.0433528	0.0554928	0.0148463	0.0332665	0.0463337	0.0532798	0.0196741	0.0546793	0.0240801	0.0547829	0.0295326	0.188733	0.0692333	0.033897	0.00972496	0.0234402
113	0.00463105	0.000732156	0.00113307	0.000964874	0.205447	0.00118698	0.0352563	0.003693	0.005465	0.00929561	0.00220954	0.00289032	0.000762341	0.00569197	0.00141972	0.00693817	0.00687998	0.00773429	0.00612919	0.69154
114	0.137484	0.00910851	0.0963948	0.117225	0.00768329	0.222337	0.0242059	0.00903516	0.0295433	0.0143721	0.00532511	0.0733822	0.00550484	0.00976421	0.0634187	0.0993397	0.0184072	0.00972814	0.0108858	0.0368552
115	0.0636013	0.011192	0.00349437	0.0116677	0.0707386	0.00549956	0.0139951	0.0885276	0.0132711	0.202144	0.205488	0.00971935	0.00232628	0.00616614	0.0249838	0.0406251	0.069598	0.0737754	0.027899	0.0552878
116	0.0191179	0.00200026	0.000660737	0.00108314	0.0134645	0.000947454	0.000952509	0.34757	0.000831627	0.0831386	0.0265683	0.00117744	0.00141179	0.00122244	0.00203595	0.005199	0.013804	0.467286	0.00301056	0.00851769
117	0.0285734	0.00606151	0.0627001	0.178635	0.0131735	0.0246746	0.0544161	0.00232068	0.0731408	0.0221086	0.0208043	0.0884796	0.00087665	0.0133136	0.0626291	0.167411	0.147191	0.0254978	0.000699637	0.00729376
118	0.0863851	0.000759515	0.011081	0.0425643	0.0103701	0.0359112	0.0165109	0.0260323	0.282466	0.018761	0.0127073	0.0164321	0.0377643	0.0659	0.136534	0.125527	0.0529485	0.0176594	0.000570053	0.0031159
119	0.0224208	0.0035969	0.00239372	0.00322875	0.076882	0.0193585	0.00356729	0.0756743	0.00315818	0.240186	0.458103	0.00359551	0.00386561	0.00289161	0.00423541	0.00832971	0.0221992	0.029223	0.00270624	0.0143844
120	0.076211	0.00177341	0.0305122	0.0748073	0.0122593	0.0321604	0.02705	0.0125874	0.213865	0.0179061	0.0124986	0.0349497	0.0118432	0.0610168	0.120576	0.176378	0.059191	0.0178076	0.000906406	0.00570006
121	0.077566	0.00135098	0.00169851	0.00200736	0.0152421	0.0704459	0.00232312	0.00311167	0.00287345	0.0153877	0.00326574	0.0105936	0.00170055	0.00242258	0.00235862	0.356207	0.38936	0.0273889	0.00797254	0.00672355
122	0.00749011	0.00138218	0.0022326	0.00321647	0.0148682	0.00268636	0.00443784	0.0047549	0.0611447	0.0187799	0.0036263	0.0175133	0.00155938	0.0040894	0.830263	0.00562546	0.00561948	0.00545278	0.00180807	0.00344971
123	0.0746146	0.000596545	0.0323866	0.0701859	0.0146047	0.0219103	0.0207161	0.0083538	0.289099	0.0159065	0.0121173	0.0313886	0.00214927	0.0701232	0.177506	0.0975696	0.0368563	0.0176769	0.000494193	0.00574459
124	0.0374846	0.010865	0.0276449	0.00865263	0.0067976	0.674281	0.0616932	0.00794699	0.0105359	0.0193935	0.013829	0.0475026	0.00314937	0.00608098	0.00568371	0.0248756	0.0107471	0.012263	0.00294605	0.0076272
125	0.0785038	0.00327893	0.00312244	0.00634278	0.0976825	0.0385448	0.00824294	0.295493	0.00408803	0.0229704	0.0525869	0.00584451	0.00328023	0.00668642	0.00385786	0.011873	0.103005	0.195801	0.00232902	0.0564662
126	0.0173034	0.000251856	0.000439888	0.000425141	0.00886046	0.00046112	0.000481876	0.375181	0.000501939	0.0390882	0.00980037	0.000701662	0.00109765	0.000485837	0.00227967	0.00306927	0.0141505	0.51424	0.00307207	0.00810759
127	0.0373062	0.002206	0.0462835	0.00410713	0.0611398	0.023402	0.00464926	0.0079204	0.0972666	0.133224	0.0362513	0.0581859	0.0352808	0.0377053	0.0383803	0.141854	0.170904	0.00945839	0.00224237	0.0522324
128	0.242425	0.0202274	0.00231742	0.00455801	0.011936	0.00849974	0.00701016	0.103306	0.004231	0.222268	0.0635799	0.00500389	0.0128339	0.00615732	0.00368004	0.0442786	0.0971747	0.114141	0.00358176	0.0227894
129	0.0232013	0.000847605	0.511251	0.0383915	0.00210814	0.00221803	0.0142504	0.00916041	0.0813027	0.00316711	0.00199411	0.139735	0.00100819	0.00159879	0.0759957	0.0404835	0.0220034	0.0287614	0.000729983	0.001792
130	0.0213508	0.00124797	0.36266	0.359459	0.00326033	0.014748	0.00477645	0.0044343	0.028249	0.00516708	0.0241686	0.0324897	0.0125574	0.0314921	0.00595533	0.039025	0.00811637	0.00553991	0.0123063	0.0229962
131	0.0175458	0.000992032	0.000334577	0.000624966	0.0231121	0.00267096	0.000428718	0.271422	0.000449913	0.434665	0.0341146	0.00156338	0.00144666	0.000567681	0.000509082	0.00301132	0.0120039	0.178858	0.00406728	0.0116131
132	0.0174287	0.00192351	0.000373324	0.000449208	0.023547	0.000892443	0.000397363	0.367876	0.000451379	0.346879	0.0552717	0.00094332	0.00153849	0.000433983	0.00035815	0.00142259	0.00809083	0.15091	0.00177365	0.0190401
133	0.0843202	0.000802202	0.309848	0.151038	0.0144222	0.00164311	0.0667284	0.00759058	0.0373773	0.0122778	0.0073504	0.132393	0.000909997	0.0686229	0.0133713	0.0475088	0.0203849	0.0126024	0.00485829	0.00595005
134	0.0172283	0.000255697	0.000455041	0.000441772	0.00854404	0.000461262	0.000488196	0.36994	0.000518942	0.0393587	0.0100105	0.000712537	0.00107916	0.000488163	0.00223546	0.00308189	0.0139444	0.519931	0.00295796	0.00786738
135	0.332122	0.0163225	0.0117254	0.00435904	0.00104063	0.465484	0.0022231	0.00121244	0.000852999	0.00494796	0.00371366	0.00510082	0.000501261	0.000833217	0.000769637	0.11542	0.0141763	0.0178131	0.000400819	0.000981855
136	0.0428209	0.00383009	0.00537233	0.00818803	0.0096535	0.00920455	0.0165889	0.260187	0.00914385	0.163157	0.0588585	0.0111583	0.00844067	0.0246253	0.0156628	0.0215054	0.0533009	0.263708	0.000940836	0.013652
137	0.332173	0.0162906	0.0117385	0.00436882	0.00104259	0.465284	0.0022584	0.00121826	0.000853823	0.00495147	0.00371613	0.0052027	0.000501087	0.000847326	0.000772598	0.115441	0.0141629	0.0177761	0.000402751	0.000998325
138	0.300649	0.00818179	0.00341746	0.00381129	0.00703976	0.0777933	0.00356988	0.00840087	0.00991474	0.012221	0.0106527	0.0236811	0.0045983	0.0053456	0.00432629	0.303604	0.176137	0.0293481	0.00327996	0.00402681
139	0.0124905	0.00200691	0.000292617	0.000373303	0.0181716	0.000422622	0.000438738	0.40968	0.000389023	0.262236	0.0371388	0.000556857	0.00128785	0.000379009	0.000477275	0.000914012	0.00687019	0.230918	0.00158997	0.0133661
140	0.048049	0.00168171	0.0309654	0.00317555	0.0180027	0.00364816	0.0194636	0.0598829	0.204534	0.064585	0.00434391	0.031767	0.00166144	0.0174223	0.0870494	0.0194626	0.0801962	0.298788	0.0016083	0.00371258
141	0.0119537	0.000617252	0.00120846	0.00114499	0.509572	0.00133216	0.0139999	0.00227823	0.00275412	0.0422144	0.0121702	0.00207393	0.000661344	0.00316055	0.00134037	0.00511207	0.0043189	0.00846022	0.0201946	0.355433
142	0.128139	0.00311306	0.0463241	0.0319474	0.202841	0.0804888	0.0630865	0.00574262	0.00386435	0.0226528	0.00443897	0.181869	0.00192307	0.0196698	0.00399624	0.0517156	0.0228147	0.00660286	0.00172149	0.117049
143	0.0270144	0.00149329	0.0145646	0.02201	0.103982	0.00262406	0.0101898	0.113731	0.00288609	0.360294	0.132434	0.021706	0.00134727	0.0111776	0.00345142	0.0193105	0.0273885	0.0443077	0.00576475	0.0743237
144	0.0216052	0.000676667	0.000476666	0.000978655	0.0164263	0.00895406	0.000520895	0.174591	0.000597776	0.591587	0.0395077	0.00356417	0.0024734	0.00106071	0.000517317	0.00687402	0.0176509	0.102801	0.00437085	0.00476606
145	0.0706128	0.000868772	0.0234655	0.0510999	0.0171884	0.0184174	0.0204289	0.00993814	0.290538	0.0166757	0.0160786	0.0309351	0.00282693	0.0708057	0.18908	0.106757	0.0373975	0.0168361	0.000824436	0.00922559
146	0.0331601	0.00188007	0.0865941	0.0395796	0.00453411	0.00393335	0.00355081	0.10876	0.00396543	0.0362882	0.050246	0.0656932	0.00213131	0.0333307	0.0319293	0.0544318	0.224791	0.209167	0.00211255	0.00392283
147	0.0154271	0.00137518	0.00199927	0.00372335	0.636	0.00333174	0.00722599	0.0148198	0.00306509	0.105042	0.0278699	0.00439391	0.00137646	0.00354785	0.00309734	0.00671259	0.00614315	0.0166205	0.0268648	0.111364
148	0.02304	0.000843234	0.510977	0.0373092	0.00194869	0.00213606	0.0142375	0.00904726	0.0817247	0.00311901	0.00197431	0.14066	0.000997428	0.00133943	0.0766658	0.0408646	0.0219282	0.0286886	0.000709035	0.0017898
149	0.0181905	0.00287777	0.00476591	0.00558005	0.0741421	0.0054774	0.00596058	0.132543	0.0540902	0.193005	0.0636662	0.00842981	0.0614092	0.00610597	0.00615517	0.0117264	0.01289	0.0792602	0.195792	0.0579336
150	0.0413604	0.000283736	0.172977	0.39302	0.0019088	0.0164969	0.00905359	0.000833455	0.095799	0.00345756	0.000996125	0.0589571	0.0159807	0.0629488	0.0428274	0.038926	0.0349225	0.00798996	0.000370465	0.000890788
151	0.0413604	0.000283736	0.172977	0.39302	0.0019088	0.0164969	0.00905359	0.000833455	0.095799	0.00345756	0.000996125	0.0589571	0.0159807	0.0629488	0.0428274	0.038926	0.0349225	0.00798996	0.000370465	0.000890788
152	0.144131	0.0131058	0.00333337	0.00333309	0.0252982	0.00452094	0.00444168	0.246932	0.00391577	0.0236669	0.0587949	0.00507694	0.00382825	0.0177514	0.0041012	0.0744807	0.0311123	0.309829	0.0163811	0.0059657
153	0.0412282	0.00213711	0.00157756	0.00303106	0.0114665	0.0232366	0.00366119	0.189827	0.00191127	0.433293	0.0721271	0.0069255	0.00380363	0.00764857	0.00261079	0.0126925	0.0498411	0.123114	0.00286043	0.00700714
154	0.12163	0.000919888	0.133441	0.0846844	0.00193625	0.00608748	0.00286706	0.0135928	0.0932006	0.00386712	0.00986208	0.154874	0.000932129	0.0486108	0.0643519	0.179346	0.0687228	0.00365485	0.00103734	0.00638252
155	0.0201255	0.00157079	0.00306154	0.0141634	0.155133	0.00447173	0.00786697	0.0945293	0.00173476	0.471019	0.092224	0.00886695	0.00192086	0.00693378	0.00226018	0.013248	0.0130537	0.0443157	0.00263547	0.0408658
156	0.0523681	0.000377524	0.172311	0.350362	0.00204465	0.0143418	0.00901	0.00243296	0.091106	0.00354226	0.00218319	0.0758691	0.0125648	0.0621348	0.047061	0.0541938	0.0388704	0.00720603	0.000477721	0.00154249
157	0.0824541	0.000761734	0.051446	0.103041	0.00878461	0.0335294	0.0166316	0.0107122	0.256726	0.0159181	0.0122811	0.0397596	0.00221953	0.0749759	0.156091	0.0750637	0.0346589	0.0176224	0.00145084	0.00587148
158	0.0741848	0.000873001	0.305419	0.146156	0.0190232	0.0018108	0.0803209	0.00690658	0.0353715	0.0132728	0.00638079	0.13719	0.000978898	0.0735527	0.0108645	0.0425519	0.0165775	0.0140964	0.00665294	0.00781478
159	0.0654621	0.00112663	0.00166732	0.00192809	0.0161468	0.0674254	0.00206039	0.00284928	0.00216983	0.0157855	0.00247747	0.00908221	0.00142851	0.00183068	0.00201145	0.363543	0.400873	0.0271697	0.00869541	0.00626705
160	0.331461	0.0162965	0.0117375	0.00436964	0.00104397	0.466347	0.00228418	0.00122758	0.000846484	0.00493701	0.00371506	0.00509635	0.000500334	0.000855786	0.000769417	0.115232	0.0141432	0.0177541	0.000390478	0.000991808
161	0.143585	0.0302175	0.00793034	0.00310316	0.0082965	0.0119182	0.00569164	0.0930272	0.0050822	0.0254079	0.0276719	0.0206682	0.131124	0.00456853	0.00454211	0.15146	0.163483	0.153347	0.00173021	0.00714477
162	0.00431198	0.000647925	0.00111982	0.000968131	0.200285	0.00120126	0.0352049	0.00248241	0.00563138	0.0072103	0.00157359	0.00272538	0.000750016	0.00576227	0.00118268	0.00720524	0.00702561	0.00704355	0.00547286	0.702196
163	0.0117989	0.00210635	0.000306136	0.000345943	0.019689	0.000393252	0.00040298	0.400952	0.000352283	0.287543	0.030802	0.000559669	0.00139656	0.000412742	0.000432691	0.000869879	0.00672081	0.218377	0.00159122	0.0149476
164	0.0337062	0.00449207	0.00671817	0.0353743	0.0470266	0.00775354	0.0129605	0.0601064	0.00937776	0.345817	0.131928	0.0137985	0.00370829	0.12906	0.00856863	0.0226908	0.0488644	0.0365026	0.00627043	0.0352766
165	0.0338823	0.0125429	0.0324381	0.0147269	0.0643113	0.0152681	0.0301754	0.0355801	0.0104158	0.036904	0.0128195	0.198824	0.00441246	0.014219	0.021312	0.0284429	0.034214	0.0238909	0.0199841	0.355636
166	0.383344	0.00388502	0.00356735	0.0023483	0.00336268	0.0262281	0.003409	0.00805856	0.00296216	0.00737327	0.0271912	0.0224744	0.00433368	0.00318923	0.00216184	0.241186	0.200072	0.0501047	0.00120044	0.00354795
167	0.10077	0.00200054	0.00308891	0.00527301	0.0331236	0.020931	0.300058	0.0486841	0.00421804	0.0359816	0.00492958	0.0399339	0.00315202	0.00457959	0.044104	0.0232988	0.0083054	0.022767	0.00188491	0.292916
168	0.375722	0.00963426	0.00539262	0.0056481	0.00837131	0.00746074	0.00602614	0.0221442	0.00671596	0.0137921	0.00889637	0.00919783	0.00468722	0.00681771	0.00676856	0.0497598	0.0966978	0.346287	0.0033225	0.00665808
169	0.00872724	0.00135318	0.00302202	0.0043513	0.0145933	0.00305307	0.00505778	0.00470537	0.0661057	0.0183604	0.00381315	0.0178844	0.00150939	0.00521912	0.818273	0.00694344	0.00643997	0.0056818	0.00165652	0.00324984
170	0.522758	0.0847063	0.00167437	0.00229526	0.00216958	0.0820198	0.00163324	0.0671936	0.00207208	0.0396769	0.00658216	0.00289875	0.0136194	0.00181533	0.00166102	0.0665615	0.0616806	0.035953	0.000813547	0.00221503
171	0.118622	0.000701007	0.107208	0.102924	0.00162338	0.0140902	0.00411424	0.014284	0.138226	0.006884	0.0120005	0.114958	0.000611572	0.0584369	0.103363	0.127178	0.0607084	0.00781035	0.00145881	0.00479644
172	0.137145	0.0141133	0.00290121	0.00417697	0.015657	0.0131737	0.0108347	0.11992	0.00635785	0.149039	0.0625682	0.00525076	0.154175	0.009254	0.0055543	0.0586609	0.0905684	0.124478	0.00235611	0.0138158
173	0.113493	0.00236126	0.0793814	0.0414204	0.0399451	0.00783005	0.15031	0.00642522	0.0227697	0.0251886	0.0051685	0.0616361	0.00184529	0.0230409	0.00557353	0.373052	0.00895181	0.00768546	0.00246562	0.0214554
174	0.0440692	0.000774492	0.0104337	0.0137434	0.0151727	0.0150137	0.0303282	0.264791	0.00998049	0.158866	0.0464605	0.0126606	0.0115906	0.0387039	0.0169988	0.0204814	0.0453303	0.226916	0.000621801	0.0170631
175	0.0115363	0.00210503	0.00031583	0.000339287	0.0198708	0.000363291	0.000388083	0.403089	0.000335159	0.289497	0.0310555	0.000527949	0.00128391	0.000371386	0.000354388	0.000762374	0.00643287	0.214767	0.00148559	0.0151192
176	0.545613	0.0749508	0.00150417	0.00212275	0.00214498	0.0766587	0.00150828	0.056025	0.00199853	0.0359086	0.00551047	0.00300583	0.0146519	0.00180246	0.00161404	0.0718134	0.0642228	0.0361109	0.000751421	0.00208234
177	0.140661	0.00348416	0.0596249	0.0918919	0.00785291	0.0395394	0.0126833	0.0287713	0.131588	0.0365823	0.0133544	0.0690494	0.00549791	0.0726652	0.0907768	0.0992521	0.0572613	0.0250584	0.00597783	0.00842804
178	0.00430803	0.000595704	0.00110297	0.00097048	0.199981	0.00118089	0.0353254	0.00233392	0.00562306	0.00683127	0.00146784	0.00265452	0.000741235	0.00584077	0.00115383	0.00709548	0.00690581	0.00679253	0.00544189	0.703653
179	0.215181	0.0395968	0.00160646	0.00183045	0.00237573	0.00195269	0.00203673	0.0727376	0.00205295	0.295184	0.0387222	0.00260642	0.00538945	0.00197942	0.00190578	0.0530756	0.0867036	0.168749	0.0011223	0.0051909
180	0.220209	0.00899629	0.03521	0.052142	0.0156714	0.0503054	0.0167645	0.0372908	0.0537285	0.0726666	0.0129326	0.0573943	0.00910321	0.0596431	0.0340188	0.124075	0.0771605	0.0405525	0.00814305	0.0139927
181	0.0137766	0.000755142	0.00137494	0.00138438	0.704099	0.0016374	0.00422314	0.00261381	0.00151097	0.0646866	0.0185897	0.00218668	0.000752323	0.00159909	0.00142934	0.00410016	0.00302292	0.0100776	0.0335877	0.128592
182	0.0442752	0.00370909	0.0223743	0.0140428	0.0181735	0.0375207	0.113078	0.00898572	0.014544	0.0175016	0.00787748	0.261143	0.0033865	0.0124333	0.0179438	0.355009	0.0215013	0.0127953	0.00266391	0.0110414
183	0.0736659	0.000721831	0.0274591	0.059042	0.0162654	0.0210358	0.020623	0.00824595	0.291293	0.0167593	0.0126844	0.0296059	0.0027537	0.0715157	0.181844	0.103389	0.0381497	0.0179357	0.000491394	0.00651956
184	0.0137766	0.000755142	0.00137494	0.00138438	0.704099	0.0016374	0.00422314	0.00261381	0.00151097	0.0646866	0.0185897	0.00218668	0.000752323	0.00159909	0.00142934	0.00410016	0.00302292	0.0100776	0.0335877	0.128592
185	0.0140903	0.00840536	0.0047415	0.00347478	0.130372	0.00298467	0.0375673	0.0685646	0.00353569	0.0885799	0.0178638	0.037297	0.00130144	0.00378473	0.0116089	0.00637996	0.0147532	0.0450545	0.0298919	0.469749
186	0.00744339	0.00137073	0.0021769	0.00294718	0.0148495	0.00261831	0.0043717	0.00494537	0.0611109	0.01945	0.00351934	0.0174899	0.00152581	0.00422677	0.829967	0.00555245	0.00578612	0.00577853	0.00165112	0.0032188
187	0.0199863	0.000611348	0.000422352	0.000814085	0.0167296	0.00790579	0.000467238	0.187369	0.000508385	0.583769	0.0380438	0.00281835	0.00211151	0.000788439	0.000482058	0.0061785	0.0156423	0.105897	0.00411762	0.0053372
188	0.220209	0.00899629	0.03521	0.052142	0.0156714	0.0503054	0.0167645	0.0372908	0.0537285	0.0726666	0.0129326	0.0573943	0.00910321	0.0596431	0.0340188	0.124075	0.0771605	0.0405525	0.00814305	0.0139927
189	0.0182937	0.000386115	0.000362343	0.000859819	0.0190771	0.00566687	0.000405125	0.187478	0.00052382	0.587301	0.0368023	0.00244553	0.00222512	0.000587298	0.0004419	0.00498898	0.0138834	0.107101	0.00475089	0.00641982
190	0.170207	0.0993731	0.00321729	0.0022194	0.00280312	0.00395744	0.0025487	0.126367	0.00228572	0.0154067	0.014208	0.014823	0.00831079	0.00274458	0.00239517	0.152668	0.162557	0.210336	0.00111039	0.00246104
191	0.332127	0.0163993	0.0118323	0.00433115	0.00104714	0.464503	0.00222929	0.00119909	0.000866936	0.0050488	0.00366535	0.00507407	0.000486869	0.000831827	0.000778133	0.115765	0.014345	0.0180832	0.000403481	0.0009826
