451	20
1	0.0263356	0.00115706	0.0855215	0.391272	0.00111391	0.0410884	0.00790664	0.0086397	0.231185	0.0109792	0.000943534	0.0273484	0.0065658	0.0557566	0.0352972	0.0272489	0.0176074	0.0183191	0.000169196	0.00554521
2	0.0288353	0.00148356	0.089983	0.377276	0.00125373	0.0444645	0.00708751	0.00907704	0.225236	0.0122708	0.0013334	0.029643	0.00812608	0.0533422	0.0349233	0.0324649	0.0173537	0.0207611	0.000194904	0.0048899
3	0.0134924	0.005808	0.0226807	0.265674	0.00594737	0.00601992	0.0476828	0.0125646	0.066168	0.0484742	0.00799138	0.016726	0.00681027	0.316892	0.0842702	0.0207917	0.0114246	0.00920095	0.00794139	0.0234393
4	0.0353216	0.00639259	0.00246377	0.00724809	0.0715296	0.0104176	0.00271762	0.19321	0.00855835	0.306033	0.049536	0.00594499	0.0109691	0.00553937	0.00737567	0.0190615	0.0225685	0.222497	0.00311091	0.00950571
5	0.0501915	0.0170242	0.028548	0.0532031	0.0394519	0.017949	0.0647632	0.110993	0.0668901	0.0430595	0.012311	0.102267	0.0153495	0.0194736	0.0325924	0.0664818	0.17572	0.0660338	0.00307323	0.0146234
6	0.0061665	0.932669	0.00176751	0.00606243	0.0010953	0.00164378	0.00566485	0.00190838	0.00237527	0.00252826	0.000867168	0.00238004	0.000997944	0.00153557	0.00625873	0.00756957	0.00656998	0.0021209	0.000384618	0.00943396
7	0.0856977	0.0182583	0.0260605	0.0225843	0.00705853	0.0354857	0.00957972	0.011533	0.020564	0.0915896	0.00233764	0.012475	0.320954	0.0285626	0.0389829	0.203773	0.0281438	0.0288396	0.000826033	0.00669423
8	0.0423817	0.00585625	0.00176707	0.00526279	0.0307621	0.00684659	0.00156078	0.31607	0.00621649	0.143761	0.0221196	0.00320477	0.00403274	0.00252982	0.0045013	0.00714915	0.0202611	0.373328	0.000984272	0.00140499
9	0.0061665	0.932669	0.00176751	0.00606243	0.0010953	0.00164378	0.00566485	0.00190838	0.00237527	0.00252826	0.000867168	0.00238004	0.000997944	0.00153557	0.00625873	0.00756957	0.00656998	0.0021209	0.000384618	0.00943396
10	0.012991	0.0242725	0.0127231	0.0173907	0.0934524	0.00874229	0.190751	0.0160965	0.0474654	0.223638	0.00877048	0.0412566	0.0121112	0.0667831	0.100404	0.0354589	0.0475148	0.0170943	0.00361324	0.0194707
11	0.00233707	0.0122488	0.199278	0.279761	0.00280648	0.0785331	0.0115108	0.00238032	0.0798162	0.00563676	0.00706952	0.0773617	0.000959817	0.0504525	0.0439917	0.090524	0.0328207	0.0202216	0.000584561	0.00170554
12	0.0124263	0.0768634	0.0337149	0.00587511	0.0711257	0.00947409	0.0774974	0.111809	0.047684	0.0429311	0.018253	0.0375062	0.00306965	0.0396151	0.11676	0.0550907	0.0554033	0.073827	0.0098987	0.101176
13	0.0120255	0.00365788	0.27181	0.106872	0.00243298	0.0309517	0.011271	0.0217778	0.0608242	0.00859742	0.00256546	0.320706	0.00333773	0.0155029	0.0116823	0.0643279	0.0350093	0.00422075	0.000575198	0.0118522
14	0.0623826	0.00558368	0.0158216	0.0125627	0.00850744	0.0128819	0.0147461	0.0154011	0.0114744	0.0793593	0.00240953	0.0114154	0.56416	0.0207166	0.013079	0.107909	0.0205912	0.0142676	0.000213096	0.00651727
15	0.0137516	0.0104601	0.0151964	0.0664176	0.0106304	0.00933598	0.00793397	0.026337	0.391096	0.029207	0.0093298	0.0401276	0.00329553	0.0533747	0.212184	0.0337208	0.0344872	0.0258464	0.00307085	0.00419641
16	0.136142	0.00525386	0.00775814	0.023152	0.00614742	0.0172331	0.00508938	0.254207	0.0307826	0.0327853	0.0154387	0.0227922	0.00552775	0.0137592	0.0236918	0.0844744	0.234314	0.0663154	0.000872739	0.0142631
17	0.00972426	0.00178939	0.00190434	0.0166687	0.0357579	0.0161973	0.0207661	0.0565616	0.0120489	0.707498	0.00247253	0.0128175	0.0218582	0.0241179	0.0120124	0.0102661	0.00237136	0.0227316	0.00239078	0.0100451
18	0.0601178	0.00542909	0.01644	0.0134232	0.00651691	0.0122813	0.0149767	0.0145545	0.0114974	0.0785534	0.00228698	0.0108633	0.563853	0.0214947	0.0141019	0.114494	0.0198783	0.0137224	0.000194943	0.00531998
19	0.0061665	0.932669	0.00176751	0.00606243	0.0010953	0.00164378	0.00566485	0.00190838	0.00237527	0.00252826	0.000867168	0.00238004	0.000997944	0.00153557	0.00625873	0.00756957	0.00656998	0.0021209	0.000384618	0.00943396
20	0.0141966	0.00588474	0.00656774	0.0065904	0.013777	0.00916164	0.512309	0.0137083	0.0107814	0.205634	0.0157224	0.0211418	0.00372541	0.0568686	0.0123497	0.0257502	0.0242165	0.00666064	0.0016772	0.0332767
21	0.0198279	0.00653787	0.0258774	0.00688626	0.00856912	0.0130021	0.649036	0.0155751	0.0127721	0.0511692	0.00449277	0.0495227	0.00585656	0.0278043	0.0104655	0.0166141	0.0321335	0.00351059	0.00183138	0.038515
22	0.0709859	0.0596397	0.024974	0.0146658	0.0187573	0.0337295	0.00753442	0.0444366	0.0159863	0.028116	0.00558087	0.0263752	0.0125887	0.00834956	0.0173788	0.41579	0.11751	0.0700099	0.00133843	0.00625305
23	0.0040358	0.00969385	0.00152508	0.0071733	0.670749	0.00402053	0.00874711	0.0249486	0.00183638	0.114616	0.000809592	0.00198494	0.008235	0.00127283	0.00188076	0.0165836	0.00435811	0.0113483	0.00815212	0.0980293
24	0.0061665	0.932669	0.00176751	0.00606243	0.0010953	0.00164378	0.00566485	0.00190838	0.00237527	0.00252826	0.000867168	0.00238004	0.000997944	0.00153557	0.00625873	0.00756957	0.00656998	0.0021209	0.000384618	0.00943396
25	0.0127866	0.00188291	0.0111971	0.112902	0.0101413	0.00167393	0.0446019	0.0045673	0.0747807	0.056214	0.00232866	0.021281	0.0170312	0.546326	0.0377473	0.0193101	0.0120631	0.00306258	0.00184517	0.00825769
26	0.0141437	0.0357221	0.102669	0.0873535	0.00932038	0.0506666	0.0722902	0.0098854	0.0468206	0.0379051	0.0065062	0.0277814	0.00609229	0.0951331	0.0639431	0.131124	0.120096	0.0117752	0.0028169	0.0679553
27	0.0061665	0.932669	0.00176751	0.00606243	0.0010953	0.00164378	0.00566485	0.00190838	0.00237527	0.00252826	0.000867168	0.00238004	0.000997944	0.00153557	0.00625873	0.00756957	0.00656998	0.0021209	0.000384618	0.00943396
28	0.026144	0.0084441	0.00180147	0.00589042	0.0916822	0.00998264	0.00286194	0.16875	0.0120818	0.388536	0.0706254	0.0059476	0.00734092	0.00935225	0.00951396	0.0216646	0.0183352	0.120049	0.00584239	0.0151547
29	0.0116728	0.0103718	0.193986	0.293406	0.0104806	0.055879	0.0115149	0.00593171	0.10415	0.0121627	0.0060225	0.0617937	0.00459315	0.0467829	0.0355517	0.0831444	0.0280419	0.0187895	0.00113518	0.00458991
30	0.0234113	0.00364769	0.0070591	0.101885	0.00243604	0.648661	0.00370286	0.00460571	0.0352843	0.00527092	0.00669868	0.0188794	0.00468253	0.0161035	0.0791437	0.0170254	0.00303428	0.0155062	0.00226504	0.000697015
31	0.0393291	0.00805544	0.00266684	0.00551591	0.106498	0.0126829	0.00211535	0.143817	0.0093533	0.342101	0.0756848	0.00652518	0.00906903	0.00492812	0.00997543	0.0284213	0.0245721	0.139022	0.00610953	0.0235574
32	0.0640304	0.00575975	0.0148392	0.0153014	0.00699568	0.0120177	0.0180679	0.0173079	0.0159874	0.0857022	0.00434139	0.0113812	0.530647	0.0212879	0.0141885	0.113426	0.0271933	0.0161284	0.000265406	0.00513134
33	0.0489886	0.0101782	0.015457	0.0247371	0.0197683	0.00831736	0.040546	0.0283002	0.0460079	0.199822	0.00733167	0.0211225	0.0593923	0.0699513	0.0605415	0.162757	0.115438	0.0542205	0.000909366	0.00621387
34	0.0928058	0.0146687	0.0649868	0.187862	0.00468628	0.0237804	0.00607994	0.0607485	0.0853602	0.0551833	0.0195718	0.0710169	0.0051672	0.0259285	0.0393325	0.0868012	0.0842422	0.0648336	0.00169929	0.00524485
35	0.0274769	0.00119059	0.0862095	0.374466	0.00110644	0.0426573	0.00799154	0.00828147	0.234943	0.0117165	0.00165101	0.0312463	0.00766682	0.0546666	0.0364286	0.0295801	0.0183045	0.0188119	0.000328607	0.00527678
36	0.118994	0.00875756	0.0340544	0.0679255	0.0106298	0.0517146	0.00952307	0.107588	0.0518915	0.0543665	0.0187951	0.0330212	0.0198753	0.0271625	0.0299561	0.0920213	0.158344	0.0962993	0.00192628	0.00715287
37	0.0137388	0.100749	0.0119357	0.00580354	0.0824254	0.0118082	0.147515	0.0287039	0.0132572	0.0949659	0.00345809	0.0859261	0.00770765	0.0145977	0.0698837	0.0517275	0.0847953	0.0294188	0.00827648	0.133306
38	0.0465033	0.109891	0.0183426	0.0149857	0.101846	0.0281925	0.0601635	0.0480345	0.0273008	0.0666474	0.00881898	0.0457722	0.007571	0.0116391	0.0398387	0.148972	0.0651407	0.054857	0.00407951	0.0914035
39	0.0175653	0.0135386	0.00271742	0.00189747	0.252049	0.0103247	0.00205875	0.140042	0.0026945	0.325413	0.0297419	0.00287979	0.00666887	0.00225303	0.00581044	0.0126264	0.0256896	0.113871	0.00534346	0.0268144
40	0.229008	0.0145674	0.00813768	0.0264896	0.00559414	0.0122892	0.00537473	0.161572	0.0282946	0.0197744	0.0127962	0.0202345	0.00600612	0.0159289	0.0225644	0.0942865	0.19492	0.113486	0.000998243	0.0076782
41	0.0312656	0.00681448	0.0741654	0.200468	0.00506785	0.0538915	0.0120779	0.0140954	0.20532	0.0400808	0.00741685	0.0306501	0.022797	0.079779	0.0297955	0.0804696	0.0416915	0.0548384	0.00333016	0.00598456
42	0.0336783	0.00604312	0.00185269	0.00959751	0.0457198	0.0103178	0.00310489	0.200593	0.0111997	0.327747	0.0583006	0.0078715	0.00973647	0.00755356	0.00856949	0.0211139	0.0192819	0.208778	0.00278287	0.0061579
43	0.061041	0.0052052	0.0153281	0.0126192	0.00662089	0.0121052	0.0147704	0.0147788	0.0114073	0.0797263	0.00230079	0.0107176	0.569626	0.0209227	0.0133061	0.110085	0.0202842	0.0137259	0.000164075	0.00526575
44	0.0341691	0.00639457	0.133613	0.147423	0.0045914	0.0656246	0.00668856	0.00958012	0.231763	0.0460661	0.00367193	0.0371552	0.0596182	0.0274312	0.0298262	0.09507	0.0317709	0.0230782	0.00128568	0.00517915
45	0.127489	0.00595321	0.0284305	0.035531	0.0117773	0.0159762	0.0176589	0.144289	0.0640514	0.085637	0.0132653	0.0364193	0.050812	0.0169938	0.0453187	0.0470135	0.147037	0.096716	0.000951668	0.00867847
46	0.273474	0.00997893	0.0654633	0.0308174	0.00453155	0.066844	0.00994392	0.0286759	0.0576633	0.0182187	0.00470163	0.0992217	0.0107365	0.0205718	0.0306746	0.15792	0.0775185	0.0260156	0.000825708	0.00620275
47	0.00847754	0.011649	0.00370143	0.00753302	0.583117	0.00944631	0.0090093	0.0433112	0.00463497	0.121757	0.00599607	0.00610048	0.0127526	0.00200111	0.00468879	0.0270015	0.0142817	0.0214039	0.00796812	0.0951689
48	0.0212469	0.00420919	0.00438623	0.00439522	0.0108258	0.0119582	0.662965	0.0198203	0.00769484	0.0664148	0.00533841	0.0335989	0.00435231	0.0318416	0.00709141	0.0112725	0.0452357	0.00380489	0.00138156	0.0421658
49	0.0414614	0.00662865	0.00245584	0.00499709	0.0230727	0.00535635	0.00183121	0.394581	0.00357048	0.0956204	0.0126843	0.00271107	0.0021494	0.00137028	0.00367012	0.00370249	0.0203729	0.372313	0.000947342	0.000504453
50	0.0570256	0.0133027	0.038053	0.0247637	0.00657479	0.0717005	0.0239614	0.0975375	0.0497124	0.0216179	0.00500265	0.161157	0.0159369	0.0395186	0.0515018	0.185338	0.0873546	0.0405689	0.00162845	0.00774369
51	0.0242168	0.00711679	0.19535	0.0708258	0.00359915	0.0397942	0.0160143	0.0397113	0.057107	0.0122826	0.00534542	0.274052	0.00807964	0.0127759	0.0210243	0.107151	0.0800137	0.0093455	0.000909035	0.0152859
52	0.0161559	0.0127845	0.00224338	0.00308428	0.230854	0.0131813	0.00372831	0.112442	0.00356563	0.398879	0.0271329	0.00419974	0.00759075	0.00413407	0.00589187	0.012792	0.0186074	0.0868771	0.00656783	0.0292876
53	0.0135686	0.00581692	0.00487137	0.0787266	0.0152052	0.00511504	0.00608316	0.0467695	0.42655	0.0462936	0.0111372	0.0432959	0.00137314	0.0556008	0.140197	0.0308263	0.0224215	0.0413971	0.00232087	0.0024307
54	0.0263938	0.00332706	0.153053	0.357503	0.00261575	0.0361215	0.00658251	0.00766785	0.186292	0.0173619	0.00148685	0.0349012	0.00741446	0.0668237	0.0258763	0.029094	0.0142374	0.0161767	0.000436123	0.00663437
55	0.061002	0.00517988	0.0152025	0.0126295	0.0066468	0.0119528	0.0148238	0.0147787	0.011328	0.0799511	0.00230823	0.0106842	0.570814	0.020589	0.0127743	0.110085	0.0201891	0.0136229	0.000164585	0.00527395
56	0.0353032	0.00957758	0.00209751	0.00442092	0.118427	0.0125836	0.00215257	0.131645	0.00769469	0.378387	0.0679032	0.00616735	0.00826279	0.0043222	0.00922987	0.0276955	0.0195484	0.116863	0.00794475	0.0297739
57	0.00306342	0.012864	0.199652	0.267884	0.00288626	0.0735199	0.0107044	0.00306655	0.083802	0.00592752	0.00982446	0.07398	0.00117752	0.0500707	0.0542488	0.0872497	0.0366698	0.0209248	0.000573801	0.0019111
58	0.0228582	0.0126346	0.00256406	0.00179112	0.207811	0.0120704	0.00233978	0.125793	0.00304047	0.347499	0.0442001	0.00331488	0.00594962	0.00211603	0.00596683	0.0190846	0.0207704	0.109716	0.00803778	0.0424418
59	0.00609538	0.0153984	0.00202644	0.00731503	0.51992	0.00530283	0.0216322	0.024438	0.00572805	0.0992598	0.00149528	0.00288759	0.00747592	0.00302896	0.00247871	0.0206276	0.00503928	0.0124234	0.0111418	0.226285
60	0.0061665	0.932669	0.00176751	0.00606243	0.0010953	0.00164378	0.00566485	0.00190838	0.00237527	0.00252826	0.000867168	0.00238004	0.000997944	0.00153557	0.00625873	0.00756957	0.00656998	0.0021209	0.000384618	0.00943396
61	0.00771516	0.0104426	0.182422	0.307516	0.00249223	0.06663	0.00947674	0.00391308	0.115593	0.00757597	0.00526185	0.064437	0.00277311	0.0560661	0.038035	0.0716714	0.0266976	0.0181914	0.000463632	0.00262613
62	0.108731	0.0113321	0.058953	0.096983	0.0072965	0.0231372	0.007751	0.0897142	0.0870083	0.0493187	0.0273652	0.0429198	0.0100556	0.0240492	0.0384979	0.102625	0.145454	0.0594902	0.00186662	0.00745226
63	0.00616673	0.931792	0.00177844	0.00623413	0.00110694	0.00170224	0.00582133	0.00195077	0.00238572	0.00255511	0.000912057	0.00242807	0.00102925	0.00155749	0.00625028	0.00766193	0.0066643	0.00214714	0.000384367	0.00947173
64	0.011578	0.00815961	0.13745	0.070823	0.0105184	0.0143101	0.0379443	0.0182057	0.0439623	0.02977	0.0157897	0.393902	0.021115	0.0108186	0.0172006	0.111425	0.0320363	0.00826782	0.000727461	0.00599593
65	0.114067	0.0138159	0.0504585	0.15416	0.00392164	0.0248864	0.00381617	0.0648926	0.0919458	0.0493343	0.027702	0.041371	0.00567058	0.0317714	0.039793	0.100812	0.10047	0.0737699	0.00220962	0.00513276
66	0.0633002	0.0056063	0.00849832	0.00586916	0.118933	0.0174348	0.00380406	0.145951	0.00645088	0.194673	0.0502363	0.00547148	0.0126986	0.00307496	0.00735232	0.0352091	0.0559608	0.232019	0.00256341	0.0248927
67	0.0426752	0.00569324	0.00173338	0.00456739	0.0280529	0.00539923	0.00146753	0.337203	0.00345786	0.119367	0.00933689	0.00266205	0.00360897	0.00139723	0.00331705	0.00402292	0.0202572	0.404249	0.000718885	0.000812885
68	0.0061665	0.932669	0.00176751	0.00606243	0.0010953	0.00164378	0.00566485	0.00190838	0.00237527	0.00252826	0.000867168	0.00238004	0.000997944	0.00153557	0.00625873	0.00756957	0.00656998	0.0021209	0.000384618	0.00943396
69	0.0488265	0.0481799	0.0156363	0.0548677	0.0315161	0.0107116	0.107048	0.0557567	0.0323804	0.0751483	0.00401711	0.047788	0.0102862	0.0543296	0.0439013	0.206739	0.0747412	0.0433882	0.00153231	0.0332058
70	0.00898982	0.00981849	0.115046	0.0617361	0.00952074	0.0103466	0.0817996	0.0344903	0.038865	0.0197645	0.009888	0.3045	0.0117078	0.0163347	0.0260959	0.149487	0.0658238	0.0192606	0.0010914	0.00543397
71	0.0061665	0.932669	0.00176751	0.00606243	0.0010953	0.00164378	0.00566485	0.00190838	0.00237527	0.00252826	0.000867168	0.00238004	0.000997944	0.00153557	0.00625873	0.00756957	0.00656998	0.0021209	0.000384618	0.00943396
72	0.105263	0.010536	0.00961284	0.0103154	0.0134212	0.00421387	0.00693993	0.0415747	0.0111755	0.235972	0.00606027	0.00514771	0.0355336	0.0358364	0.0174857	0.288224	0.082692	0.072776	0.00059798	0.00662141
73	0.0412397	0.0188757	0.155202	0.0519568	0.00497054	0.0214475	0.0309919	0.0866458	0.0832706	0.0151216	0.0363974	0.0564387	0.0150799	0.00638914	0.0265322	0.145916	0.161778	0.0225226	0.00103084	0.018193
74	0.0399547	0.0137033	0.0546088	0.0100643	0.00519143	0.0227862	0.555504	0.00870065	0.0379275	0.0189369	0.0025308	0.0790701	0.0193076	0.0173585	0.0148872	0.0433054	0.0181099	0.00469401	0.00276133	0.0305978
75	0.0377714	0.00367722	0.0282553	0.147033	0.00179513	0.0266735	0.0143083	0.0109249	0.329664	0.0156427	0.0157135	0.0754294	0.00234614	0.0576271	0.109403	0.0542566	0.042637	0.0193341	0.00339193	0.00411529
76	0.00706433	0.00419182	0.147494	0.0805273	0.0032394	0.179152	0.0467693	0.00458519	0.0287963	0.0223988	0.0021509	0.270536	0.00516941	0.00713103	0.0592384	0.0641417	0.00759372	0.00578679	0.00433562	0.0496973
77	0.0137033	0.0885716	0.0268982	0.0212868	0.0249864	0.0100942	0.443077	0.00885252	0.0410408	0.0637888	0.00337034	0.0202484	0.00669459	0.0125635	0.0903162	0.0383233	0.0226425	0.00628475	0.0416691	0.0155875
78	0.0282546	0.00553273	0.042858	0.193272	0.000779071	0.0316904	0.0234523	0.0076148	0.278498	0.0160055	0.0168628	0.0669462	0.00338998	0.0790204	0.0850135	0.0458547	0.046928	0.0176633	0.00317562	0.00718883
79	0.0127445	0.297758	0.00390837	0.00419459	0.0490999	0.0198801	0.036628	0.020737	0.00493321	0.0312668	0.0260963	0.013434	0.00187373	0.00346538	0.020659	0.0667948	0.0276813	0.012777	0.0739584	0.27211
80	0.0118303	0.00194356	0.285299	0.112391	0.00143121	0.0343639	0.00855079	0.0212529	0.0490378	0.00760873	0.00155149	0.342083	0.00193842	0.0168149	0.00960802	0.048671	0.0293897	0.00224508	0.00064769	0.0133417
81	0.0447456	0.0173583	0.0356901	0.0234377	0.0493565	0.0157976	0.0255737	0.100706	0.0368217	0.16907	0.0111255	0.0563212	0.055304	0.0411685	0.0473282	0.114395	0.085328	0.0374989	0.00321249	0.0297607
82	0.0459532	0.00583555	0.00144214	0.00451513	0.0241794	0.00532049	0.00160955	0.380745	0.0029802	0.0854785	0.00659322	0.00287453	0.00219645	0.00118218	0.00339733	0.00395431	0.0184872	0.401679	0.00113235	0.000443836
83	0.407564	0.00511236	0.0523706	0.0347463	0.00496777	0.0227481	0.00847142	0.0228977	0.0255914	0.0309457	0.00545324	0.0916082	0.0126891	0.0216856	0.0158933	0.130842	0.0723715	0.0265483	0.00124216	0.00625017
84	0.105271	0.0137004	0.0555099	0.160048	0.00344166	0.0270266	0.00369743	0.0606892	0.103498	0.0493317	0.0267688	0.0436655	0.00589981	0.0349615	0.0401132	0.0998403	0.0877759	0.0711757	0.00210288	0.00548243
85	0.0369966	0.00606278	0.00172423	0.00643275	0.0404572	0.00727464	0.00193297	0.277788	0.00693052	0.211718	0.032787	0.00421256	0.00598253	0.00435621	0.00526204	0.0109518	0.0197966	0.314772	0.00147127	0.00309083
86	0.033231	0.00293569	0.0412465	0.192588	0.000664099	0.0288212	0.0183787	0.00771959	0.29931	0.014887	0.0162894	0.0746981	0.00295588	0.0637592	0.0881979	0.0451377	0.0441911	0.0170865	0.00236178	0.00554011
87	0.0887217	0.00861547	0.0622905	0.189901	0.00185227	0.0527534	0.00530111	0.0236147	0.210198	0.0207915	0.00915673	0.0480529	0.00658187	0.0325265	0.0444143	0.10441	0.0477363	0.0385176	0.000955571	0.003609
88	0.0758042	0.0833601	0.0315992	0.0372154	0.070855	0.0363622	0.0973084	0.00942408	0.0196473	0.0146085	0.00200555	0.0297704	0.0227063	0.0162358	0.0657834	0.227503	0.0425138	0.0323142	0.000575139	0.0844077
89	0.0491611	0.0105035	0.00509195	0.00793729	0.0788329	0.0108617	0.00477314	0.112638	0.0129755	0.323619	0.0607587	0.00892031	0.0135376	0.0106767	0.0124167	0.104234	0.0384314	0.111799	0.0045103	0.0183215
90	0.0363564	0.00842215	0.0107385	0.114251	0.00724934	0.0289274	0.00951823	0.0313432	0.117931	0.26532	0.00469849	0.1326	0.0481594	0.0306503	0.0141688	0.103008	0.0151448	0.0120688	0.00186927	0.00757507
91	0.0639025	0.00731012	0.0305574	0.0172133	0.00544912	0.0234928	0.0110727	0.0129323	0.0162488	0.0744519	0.00201419	0.0124117	0.457408	0.0342388	0.0316956	0.156459	0.0192794	0.0165263	0.000521668	0.00681504
92	0.0429135	0.00561125	0.00137725	0.0043918	0.024037	0.00522661	0.00129474	0.343879	0.00353948	0.113569	0.00899873	0.00257124	0.00301738	0.00120573	0.00324405	0.00321441	0.0184799	0.412181	0.000742143	0.000505763
93	0.0307234	0.0021324	0.0718437	0.272176	0.00108883	0.0398281	0.0105496	0.00851706	0.271939	0.0164929	0.00733296	0.0507537	0.00764728	0.0549039	0.0542696	0.0430818	0.0284947	0.0223131	0.00108919	0.00482295
94	0.0349573	0.00175586	0.0630466	0.349852	0.00431966	0.0576905	0.00700033	0.00876843	0.20093	0.0123501	0.00332243	0.0326707	0.00469324	0.047073	0.0785435	0.0440574	0.019166	0.0244666	0.000439454	0.00489629
95	0.0260794	0.0055623	0.0242811	0.152545	0.00383931	0.0211879	0.021359	0.0204649	0.31224	0.0265758	0.0243775	0.0685244	0.00270785	0.0636694	0.106471	0.0446405	0.0380572	0.0275529	0.00328257	0.00658275
96	0.0588641	0.00492485	0.0102531	0.0521953	0.00529566	0.00691705	0.00625898	0.244554	0.161558	0.0520138	0.0621777	0.0205433	0.00271705	0.0269813	0.0530631	0.0534396	0.0695919	0.0998382	0.000536231	0.00827693
97	0.0404518	0.00259988	0.0852669	0.344379	0.00119468	0.0443827	0.00616323	0.0142205	0.216351	0.0164511	0.00347209	0.031316	0.00783224	0.0503576	0.0373825	0.0439544	0.0206755	0.028757	0.000217326	0.00457381
98	0.300845	0.00501306	0.0471741	0.0580637	0.0149227	0.0785505	0.0164165	0.0194309	0.0455673	0.0387017	0.0150125	0.0295778	0.0077577	0.0232688	0.0220512	0.0938156	0.0944809	0.0837592	0.000694923	0.0048961
99	0.0288654	0.00731358	0.00184576	0.00807842	0.0480443	0.00883346	0.00239498	0.212554	0.0184795	0.321087	0.0990275	0.00738689	0.00803137	0.0119885	0.013896	0.0264118	0.0249064	0.142455	0.00338172	0.0050185
100	0.156727	0.0103805	0.00899532	0.0588922	0.00610243	0.0789267	0.00838236	0.010505	0.0390785	0.017837	0.0122864	0.0214836	0.00461379	0.0106719	0.0193612	0.168345	0.24168	0.121565	0.0012226	0.002944
101	0.026636	0.00112094	0.0857017	0.39429	0.00108131	0.0415721	0.00768905	0.00870129	0.230365	0.0108562	0.000632959	0.0269158	0.00655858	0.055395	0.0346996	0.0272073	0.0164302	0.018459	0.000164747	0.00552337
102	0.0284715	0.00713738	0.0203416	0.119787	0.00896939	0.0221185	0.00889455	0.0495691	0.309547	0.0300048	0.0189624	0.0476384	0.00264702	0.0460619	0.135457	0.053404	0.0435749	0.040157	0.00263312	0.00462401
103	0.0244567	0.00303499	0.0662558	0.333694	0.00223056	0.032396	0.0137544	0.0141494	0.238182	0.0161973	0.0046038	0.0343385	0.00488755	0.0680872	0.0635954	0.0298636	0.0212353	0.0182937	0.00141639	0.00932721
104	0.0751523	0.0302929	0.0473151	0.0682567	0.00322922	0.06638	0.0088042	0.0192992	0.207164	0.0111439	0.00576584	0.0717329	0.00862994	0.0205664	0.0635079	0.197453	0.0581086	0.0276144	0.00387915	0.00570407
105	0.026371	0.00128204	0.0867738	0.39199	0.00107298	0.0422181	0.00776064	0.00886063	0.227351	0.0108809	0.000795789	0.0274947	0.00667794	0.0557201	0.0348775	0.0287368	0.0164757	0.0186951	0.000235755	0.00572961
106	0.0447272	0.00593953	0.00153261	0.00439246	0.0242519	0.00520159	0.00168588	0.374444	0.00310744	0.0915862	0.00811368	0.00266795	0.00226952	0.00138211	0.00351793	0.00386037	0.0184207	0.401349	0.000999847	0.000550006
107	0.0114431	0.00583829	0.00460052	0.0780206	0.0180163	0.00481612	0.00479608	0.0433248	0.436321	0.0489047	0.00826977	0.0415461	0.00160191	0.0499307	0.14708	0.0321395	0.0201356	0.0386238	0.00214594	0.00244506
108	0.0263087	0.00143682	0.0835438	0.393466	0.00115263	0.040398	0.00872783	0.00899671	0.227632	0.0114118	0.000873223	0.027089	0.00634169	0.0567827	0.0373053	0.0272841	0.0164342	0.0179716	0.000303852	0.00654027
109	0.0149992	0.00760412	0.0103264	0.0814726	0.00785578	0.0122624	0.0150525	0.0229856	0.39669	0.0270516	0.0112924	0.0470128	0.00292956	0.103126	0.142033	0.0316583	0.0328143	0.0245219	0.0031823	0.00512975
110	0.0645748	0.00472158	0.0157855	0.124592	0.00307519	0.324493	0.0040467	0.00668332	0.174567	0.00722322	0.00729254	0.0284888	0.00507151	0.023081	0.0797314	0.0762798	0.0258281	0.0209791	0.00168115	0.00180401
111	0.0285056	0.00137074	0.0992834	0.390145	0.00123964	0.0405936	0.0069026	0.00837921	0.21949	0.0125429	0.000697079	0.0288298	0.00696376	0.0586812	0.0311936	0.026703	0.0151324	0.0178459	0.000218811	0.00528168
112	0.0259783	0.00781866	0.00959166	0.243115	0.0211765	0.132155	0.00401526	0.00993823	0.101403	0.0236806	0.0349456	0.0389385	0.00190922	0.0151666	0.168214	0.0796166	0.0367596	0.0420516	0.00069447	0.00283152
113	0.044246	0.00580977	0.0019689	0.00519481	0.0226676	0.00500336	0.00186182	0.397001	0.00313701	0.0806528	0.00823747	0.00294958	0.0019959	0.001134	0.00353383	0.00400033	0.0190036	0.389953	0.0012001	0.00044907
114	0.0319468	0.00987118	0.0365738	0.0523431	0.0267329	0.0337193	0.00958571	0.0812193	0.224058	0.106294	0.0198133	0.0320601	0.0106333	0.0591673	0.0319303	0.0406634	0.0825426	0.101932	0.00192635	0.00698719
115	0.0372294	0.00215071	0.0458241	0.220169	0.000555355	0.0342882	0.0146908	0.00759629	0.3025	0.0133689	0.0124187	0.065721	0.00353687	0.0571137	0.0759793	0.0457797	0.036982	0.0173985	0.00197671	0.00472112
116	0.00599317	0.0102647	0.191207	0.309999	0.00271197	0.0677981	0.010076	0.00319995	0.0997516	0.00640227	0.00573818	0.0661876	0.00164585	0.0544165	0.0393176	0.0756601	0.0287759	0.0179608	0.000550424	0.00234352
117	0.014584	0.00634593	0.0118759	0.00988219	0.00628123	0.00191943	0.00585334	0.571719	0.00800597	0.0698042	0.0605934	0.00219004	0.00154654	0.00264723	0.00760405	0.00480084	0.0246983	0.187684	0.000426139	0.00153891
118	0.0226178	0.0134006	0.0239632	0.114765	0.0039437	0.0325206	0.0626703	0.00683921	0.232254	0.0276659	0.0250657	0.07438	0.00667845	0.129705	0.096517	0.0407684	0.0400001	0.0173443	0.00608145	0.0228195
119	0.0432682	0.00365212	0.0421332	0.169667	0.000824735	0.0376694	0.0127258	0.00699625	0.320291	0.0160403	0.0141045	0.0672823	0.00468677	0.0514352	0.0737411	0.067836	0.0413699	0.0200579	0.00200649	0.0042119
120	0.0512162	0.00718471	0.0101852	0.0178047	0.0478969	0.011051	0.00560091	0.19492	0.0637584	0.185516	0.0945297	0.0206298	0.0116225	0.016471	0.0322081	0.0381429	0.0680804	0.115074	0.00145186	0.0066558
121	0.0705065	0.00582616	0.0111373	0.00584885	0.132485	0.0127545	0.00481546	0.163461	0.00323994	0.127922	0.0227993	0.00317758	0.00949656	0.00391148	0.00474046	0.0250102	0.0653122	0.313765	0.00045215	0.0133382
122	0.040019	0.00441187	0.0744775	0.321155	0.00188961	0.0411676	0.00943445	0.0190673	0.203041	0.0213054	0.00664684	0.0340216	0.00667835	0.0619076	0.0464218	0.0452887	0.0264016	0.0287608	0.00116533	0.00673844
123	0.0329908	0.00286208	0.0452003	0.206462	0.000731873	0.0302236	0.0178151	0.0077432	0.292226	0.0153074	0.0152031	0.0706011	0.00340762	0.0625907	0.0832499	0.0447338	0.0433939	0.0171301	0.00207146	0.00605528
124	0.0292803	0.00782489	0.0015026	0.00798188	0.0497062	0.00897421	0.00236313	0.200083	0.0194351	0.326958	0.100414	0.00755696	0.00831186	0.0122963	0.0144653	0.0278585	0.0254591	0.140708	0.00362054	0.00519936
125	0.0122253	0.00580282	0.0125292	0.0101487	0.00497181	0.00167966	0.00625688	0.593169	0.00716074	0.0679124	0.0646248	0.00213035	0.00133805	0.00244573	0.00809621	0.00411077	0.0258715	0.168108	0.000389802	0.00102879
126	0.286906	0.0075563	0.0853713	0.0305764	0.00354405	0.0643361	0.00740889	0.0301974	0.0842312	0.0127767	0.00374645	0.0991661	0.00619906	0.0288085	0.0340674	0.143139	0.0415392	0.0242153	0.000942943	0.00527181
127	0.110254	0.00811222	0.0362272	0.0590567	0.014217	0.0258237	0.00641154	0.137	0.0664556	0.0843608	0.0269493	0.0508897	0.0196575	0.0303932	0.0354142	0.0639927	0.118116	0.0998647	0.00108846	0.00571514
128	0.0354988	0.00767584	0.00267319	0.00712008	0.079536	0.0107216	0.00244119	0.181267	0.0114103	0.307104	0.072995	0.00655411	0.00900141	0.00750433	0.0100219	0.0243695	0.0269298	0.182625	0.00337005	0.0111811
129	0.00507236	0.072808	0.0370899	0.0474738	0.0046469	0.0036652	0.334675	0.0138594	0.0295367	0.0248298	0.00225728	0.0157333	0.0083964	0.0582138	0.212466	0.0155092	0.0242947	0.00471398	0.00365462	0.0811039
130	0.0133854	0.0099666	0.0263711	0.399028	0.00614216	0.00711804	0.0447775	0.0211099	0.0686443	0.0321907	0.00697924	0.0191503	0.00126563	0.138999	0.113343	0.0295789	0.0110569	0.00739928	0.00537435	0.0381201
131	0.0854332	0.0600077	0.0306282	0.0292513	0.0183536	0.0376014	0.0233932	0.0227436	0.0838131	0.0324997	0.00877785	0.0523811	0.0230029	0.0169122	0.104022	0.263686	0.0549762	0.0280114	0.0039223	0.0205831
132	0.0306186	0.0018168	0.0675482	0.32565	0.000941841	0.0395543	0.010743	0.00963108	0.252007	0.0121039	0.00569646	0.0420264	0.0051633	0.0578666	0.0540265	0.0339939	0.0256021	0.0188567	0.000964812	0.0051879
133	0.0360394	0.00335469	0.0296227	0.14926	0.0017335	0.0264402	0.0143463	0.0118616	0.33535	0.0163132	0.0157205	0.0745021	0.0021744	0.0578007	0.103914	0.0524078	0.0417828	0.0194687	0.00390605	0.0040018
134	0.0335925	0.00319331	0.0451019	0.1814	0.000692943	0.029623	0.0181426	0.00702526	0.294689	0.0146496	0.0178965	0.0808972	0.00281785	0.0619776	0.0884641	0.0494083	0.0461374	0.0166065	0.00238238	0.00530202
135	0.0236433	0.00791442	0.00171235	0.00629127	0.10514	0.0113352	0.00493838	0.134424	0.00983726	0.450235	0.0539901	0.00636515	0.00849614	0.00956292	0.00853606	0.0187432	0.0148632	0.0987069	0.00654049	0.0187245
136	0.131751	0.00466223	0.00796578	0.0302617	0.00629886	0.012291	0.00426643	0.23216	0.0535612	0.0330622	0.0244732	0.026781	0.00645297	0.0164277	0.0315782	0.0825706	0.201108	0.0833442	0.000503414	0.0104808
137	0.046488	0.00243037	0.0440199	0.213307	0.000808695	0.0375558	0.0112309	0.00708236	0.309893	0.0119126	0.0103165	0.0577681	0.00436222	0.04776	0.0692055	0.0626454	0.0374114	0.0199703	0.00177202	0.00405953
138	0.014448	0.00617184	0.0340851	0.32311	0.00479147	0.0101342	0.0434125	0.0142659	0.0997249	0.0357205	0.00721227	0.0225472	0.00437562	0.206027	0.0910221	0.0250813	0.0176487	0.00903495	0.00501698	0.0261697
139	0.0502341	0.0052564	0.00424363	0.00552381	0.0598587	0.00799385	0.00249136	0.25511	0.00420492	0.157452	0.0181581	0.00295591	0.00648211	0.00223034	0.00362409	0.0106824	0.0318555	0.366163	0.000812408	0.00466758
140	0.0136438	0.00955392	0.203012	0.112362	0.00610886	0.0127454	0.0118928	0.0107052	0.134374	0.0140463	0.0485935	0.0206305	0.00646693	0.059697	0.225268	0.026079	0.0610672	0.0133194	0.00252979	0.007905
141	0.0933212	0.00536797	0.0184792	0.101739	0.00198985	0.0466198	0.00350105	0.00506925	0.376467	0.0065928	0.00743302	0.0351599	0.00608348	0.0226949	0.06005	0.135241	0.0476925	0.0231054	0.00114923	0.00224356
142	0.0384534	0.00568574	0.00350327	0.00579748	0.0195306	0.0043613	0.00333988	0.422669	0.0037618	0.0831472	0.0165043	0.00262831	0.00203068	0.0014317	0.00421824	0.00372619	0.0194389	0.35826	0.000946986	0.000564787
143	0.0564369	0.00589284	0.00701225	0.0283875	0.00630724	0.00546104	0.00522703	0.279949	0.126991	0.0453713	0.0596963	0.0154944	0.00179222	0.0233386	0.0388108	0.0587462	0.0961933	0.124317	0.000530865	0.014044
144	0.0194205	0.00842669	0.264485	0.174227	0.0042169	0.0411536	0.00909487	0.0119668	0.0599154	0.0108151	0.00314721	0.222467	0.00271862	0.0656311	0.0157224	0.039591	0.0205465	0.00693513	0.000954664	0.0185646
145	0.530722	0.00442448	0.0475764	0.0240986	0.00479889	0.0254354	0.0119425	0.0166281	0.0236259	0.0191522	0.00810428	0.0501259	0.00385488	0.0197591	0.0198843	0.0907137	0.0667804	0.0220189	0.000614195	0.0097393
146	0.0134181	0.00605562	0.0117337	0.0747366	0.0122796	0.00759078	0.00578874	0.0306226	0.424805	0.0330953	0.00846006	0.0381207	0.00196731	0.0547356	0.184645	0.0311384	0.0267598	0.0286468	0.0025612	0.00283856
147	0.0348155	0.00636819	0.00400437	0.0194813	0.0335433	0.00950464	0.00345129	0.203636	0.0564652	0.260467	0.0892941	0.0107513	0.00834472	0.0157874	0.0243021	0.0339933	0.0291151	0.148285	0.00250595	0.005885
148	0.0244047	0.0112806	0.025374	0.131732	0.00104541	0.0440666	0.0387128	0.0056518	0.232916	0.0178843	0.0239196	0.0593023	0.00541418	0.155933	0.0718236	0.0531791	0.0565448	0.0199401	0.0108852	0.00999026
149	0.128761	0.0135676	0.0177938	0.0421724	0.0108971	0.016714	0.0142771	0.027769	0.0492264	0.144249	0.0059714	0.0434734	0.0802693	0.0216695	0.0962556	0.115156	0.0446852	0.116685	0.0022852	0.00812225
150	0.00945296	0.00222663	0.00248704	0.0181633	0.0316441	0.0179897	0.025458	0.0583162	0.0134971	0.698905	0.00201599	0.0133804	0.0205683	0.0277528	0.0128585	0.0112043	0.00292216	0.0202127	0.00203761	0.00890753
151	0.0963421	0.0111373	0.0425242	0.0886397	0.0121422	0.0186848	0.0226959	0.0693415	0.0744761	0.100296	0.0164755	0.0357752	0.0204547	0.0377351	0.0444037	0.121793	0.123227	0.0561943	0.00160191	0.0060601
152	0.0207868	0.00325914	0.118572	0.371162	0.00157772	0.0501755	0.00754414	0.00803406	0.196969	0.0100983	0.00163499	0.035957	0.00645597	0.0541918	0.0334711	0.0383581	0.0179714	0.0192727	0.000217642	0.0042904
153	0.0326281	0.0082055	0.0242425	0.135499	0.00283078	0.0384525	0.0291488	0.00703698	0.23982	0.0206876	0.0158683	0.0523441	0.00612026	0.180082	0.0791829	0.0540421	0.0409622	0.0178993	0.00727692	0.00767035
154	0.0398146	0.00421926	0.00685315	0.0353393	0.0057935	0.00454216	0.00741904	0.270621	0.181153	0.0560318	0.0708513	0.0143371	0.00152611	0.0292648	0.0520514	0.0433962	0.0508968	0.11719	0.000457273	0.00824235
155	0.0310958	0.00253546	0.0530353	0.238153	0.000787259	0.0317671	0.0165676	0.00744628	0.283357	0.013652	0.0127079	0.0638815	0.00357808	0.0619608	0.0745457	0.0408781	0.0398663	0.016772	0.00177816	0.00563509
156	0.0979381	0.00879293	0.0403291	0.0642128	0.0183166	0.0175643	0.0155007	0.0844094	0.065552	0.11681	0.016522	0.0373792	0.0227722	0.0373212	0.0418657	0.118289	0.124624	0.0652776	0.00119954	0.00532363
157	0.166238	0.00799419	0.0358141	0.0517093	0.0232497	0.0962343	0.0187521	0.0526143	0.0349917	0.0569259	0.013152	0.0245078	0.012	0.0197195	0.0199364	0.109604	0.118002	0.127326	0.000846229	0.0103832
158	0.0321215	0.00217479	0.0512656	0.238952	0.000693039	0.0321451	0.0146955	0.00757647	0.292799	0.0141652	0.0116206	0.0620924	0.00390722	0.0594543	0.0736168	0.0419144	0.0360595	0.0169797	0.00181155	0.00595544
159	0.0467933	0.00505044	0.00828213	0.0458142	0.00643007	0.00976017	0.00584542	0.23497	0.206107	0.0620912	0.0640544	0.0266892	0.00231972	0.0319293	0.0451834	0.0406406	0.067257	0.0831788	0.000578542	0.00702521
160	0.0368332	0.0754851	0.0139662	0.00599057	0.00378939	0.0190641	0.0110849	0.0241787	0.0658479	0.0187573	0.0305824	0.223989	0.00354346	0.0172236	0.229605	0.08659	0.105417	0.0231308	0.00111828	0.00380333
161	0.0256861	0.0101192	0.00250141	0.00784639	0.0768146	0.010521	0.00467771	0.154998	0.0152654	0.402304	0.0693404	0.00717401	0.00789118	0.0139619	0.0113478	0.0231252	0.0180893	0.116014	0.00734687	0.014976
162	0.0479724	0.0159852	0.0300849	0.0244679	0.00383565	0.0916681	0.0155025	0.0556102	0.0479383	0.0139708	0.000890301	0.167458	0.0224343	0.0238985	0.0585227	0.234963	0.116321	0.0211999	0.00109691	0.00617908
163	0.00915108	0.00166523	0.00190335	0.01815	0.0319585	0.0163404	0.0226633	0.0553584	0.0128665	0.711484	0.00181642	0.0129784	0.0210607	0.0264811	0.0122447	0.0104094	0.00232194	0.0200871	0.00198605	0.00907371
164	0.0368284	0.00723899	0.00212702	0.00768606	0.0713989	0.0129821	0.0024494	0.174549	0.0164148	0.311816	0.0997893	0.00836131	0.00939307	0.00819178	0.0173402	0.0302861	0.0269311	0.137692	0.0042136	0.0143106
165	0.027115	0.00108563	0.0893874	0.389885	0.001107	0.0431167	0.00719443	0.00855907	0.229369	0.011215	0.000594855	0.0277264	0.00757867	0.0542717	0.033303	0.0282639	0.0159339	0.0190518	0.000168442	0.00507215
166	0.0030779	0.0124838	0.194156	0.277722	0.002834	0.0767522	0.0112022	0.00271865	0.0823534	0.00587885	0.00729009	0.0770083	0.00104711	0.0511656	0.0469853	0.0914864	0.0326881	0.02089	0.000631385	0.00162879
167	0.0260112	0.0618315	0.00962184	0.00527796	0.126258	0.00589122	0.0173386	0.149896	0.00779951	0.125399	0.0435426	0.00837604	0.00333637	0.0298394	0.00828349	0.051421	0.0183289	0.257457	0.00429411	0.0397964
168	0.0202075	0.0199665	0.0156469	0.109603	0.0019579	0.0605447	0.0531646	0.0046398	0.172821	0.0221471	0.0222563	0.0411979	0.00747423	0.228491	0.0526384	0.0554014	0.0533877	0.0259805	0.01906	0.0134137
169	0.0120169	0.00165528	0.294486	0.112113	0.00117652	0.0359678	0.00736201	0.0212648	0.0475277	0.00719222	0.00120131	0.342039	0.00145523	0.0166941	0.00920429	0.0448886	0.0280699	0.00201331	0.000653535	0.0130178
170	0.00918443	0.169977	0.198075	0.00752169	0.0481721	0.0172059	0.0590021	0.0201817	0.0101103	0.0631975	0.00370586	0.0932262	0.00337999	0.0325072	0.0219026	0.0775944	0.00900189	0.00683447	0.0013252	0.147894
171	0.033797	0.00648315	0.00161374	0.00901492	0.0447868	0.0103112	0.00202885	0.195302	0.0157463	0.315727	0.0866071	0.00765308	0.00913281	0.00886458	0.0118739	0.0254577	0.0220793	0.18385	0.00300319	0.00666781
172	0.0270359	0.00111429	0.0880457	0.391814	0.00109006	0.0424858	0.00738527	0.00863803	0.229793	0.0110177	0.000610211	0.0273617	0.00706439	0.0545723	0.0336735	0.0278949	0.016123	0.018908	0.000168601	0.00520295
173	0.0159811	0.00238985	0.0148052	0.122015	0.0093415	0.00447507	0.0417263	0.00512099	0.0903787	0.0548803	0.00402253	0.02878	0.0155224	0.492801	0.0426823	0.023648	0.0167338	0.00446413	0.00163248	0.0085995
174	0.0535628	0.0484303	0.0399554	0.012409	0.0810639	0.0182773	0.0135025	0.0910434	0.0668914	0.0592945	0.00478134	0.137844	0.00870666	0.00834368	0.0207346	0.209559	0.0624597	0.0147591	0.0240946	0.0242874
175	0.0290581	0.00816109	0.00247864	0.00646139	0.0964385	0.0152204	0.00459407	0.118282	0.00929066	0.450036	0.0510379	0.00998465	0.010244	0.00787405	0.00874464	0.0220794	0.014398	0.104433	0.00969747	0.0214872
176	0.0366569	0.0151753	0.0401318	0.113048	0.00383614	0.0228783	0.0192887	0.0119606	0.240185	0.0162526	0.0238601	0.139575	0.0047738	0.0609574	0.11044	0.068258	0.0456935	0.017072	0.00277011	0.00718721
177	0.138468	0.00513836	0.0114947	0.0360726	0.00698959	0.0144907	0.00491553	0.216364	0.044731	0.0352847	0.021578	0.0292679	0.00838374	0.016617	0.0304868	0.0848838	0.204828	0.0791661	0.000574019	0.0102658
178	0.0566998	0.0387083	0.167634	0.0753861	0.00334911	0.153985	0.0183462	0.0123211	0.0528484	0.0139801	0.00258538	0.0733873	0.0272711	0.00681715	0.0177511	0.217635	0.0272788	0.0265149	0.00140067	0.00609951
179	0.0477593	0.0158643	0.0298178	0.0218341	0.00326405	0.0831086	0.0152579	0.059629	0.046856	0.0143464	0.000735926	0.173324	0.021533	0.0239621	0.0578816	0.240069	0.117894	0.0197591	0.000921426	0.00618226
180	0.0348452	0.0114502	0.0157495	0.0400847	0.0290632	0.00616415	0.0718421	0.0226653	0.059225	0.209779	0.0111922	0.0336092	0.0741787	0.0604614	0.064324	0.121345	0.100187	0.0263883	0.000938075	0.00650847
181	0.0165018	0.00670726	0.0497282	0.358624	0.00458308	0.0156789	0.0344011	0.0185855	0.0978177	0.0328461	0.00579431	0.0199925	0.0034298	0.161488	0.0876835	0.0264931	0.0159549	0.015177	0.00471119	0.0238014
182	0.0243781	0.00988949	0.0351626	0.151228	0.00107215	0.0414201	0.0359603	0.00614723	0.237588	0.0169181	0.0213901	0.0630417	0.00468323	0.135116	0.0712595	0.0559179	0.0527937	0.0187332	0.00849733	0.008804
183	0.0302226	0.0120855	0.00436437	0.00292755	0.226621	0.00898803	0.00257242	0.174056	0.00249941	0.223903	0.0241912	0.00230269	0.00653663	0.00297175	0.0058583	0.0140421	0.0358567	0.196652	0.00294233	0.0204061
184	0.0376099	0.00775633	0.00290358	0.00591074	0.112266	0.0124048	0.00294253	0.141551	0.00756538	0.367856	0.0537854	0.00632897	0.0112506	0.00536386	0.00787696	0.0233596	0.0230665	0.144387	0.00553008	0.0202847
185	0.0142566	0.0153327	0.00535641	0.177719	0.023552	0.164782	0.00547018	0.00968536	0.103795	0.0267962	0.073527	0.0512421	0.00261627	0.0107541	0.14208	0.0821265	0.0441649	0.0421806	0.000920156	0.00364352
186	0.032974	0.154072	0.0123854	0.0212517	0.14724	0.0272406	0.0346601	0.0331114	0.0431024	0.0807573	0.0201945	0.0214226	0.00910373	0.0212201	0.0289308	0.141145	0.0787747	0.0547341	0.00208509	0.0355945
187	0.0342397	0.00305921	0.0366785	0.171438	0.000608722	0.0276592	0.0192683	0.00731261	0.302579	0.0153936	0.0188242	0.0828942	0.00283449	0.0634075	0.0930449	0.0484236	0.0478275	0.0163768	0.00254759	0.00558221
188	0.0329971	0.00325942	0.0327388	0.154707	0.00120236	0.0273476	0.0170153	0.00968684	0.319947	0.0157677	0.0175989	0.0850748	0.00244398	0.0606391	0.099784	0.0487715	0.0453124	0.0176395	0.00311019	0.00495615
189	0.0180623	0.00222725	0.0454241	0.22673	0.00845451	0.0192072	0.0300181	0.00630378	0.148507	0.0362874	0.00279383	0.0247437	0.0140439	0.311244	0.0429499	0.0245288	0.0183291	0.0110381	0.00164633	0.00746035
190	0.0325837	0.0117451	0.00246213	0.00520422	0.099007	0.0116243	0.00286622	0.139577	0.0101182	0.390829	0.07103	0.00687448	0.00745193	0.0075263	0.00959826	0.0278542	0.0181127	0.112304	0.00960718	0.0236246
191	0.0385781	0.00460481	0.00626137	0.0309669	0.0163338	0.00481741	0.00578863	0.275984	0.145621	0.0805884	0.09039	0.0127573	0.00273632	0.0257418	0.0425561	0.0421831	0.0502975	0.115968	0.00042583	0.00739955
192	0.0286214	0.00184834	0.0928882	0.355408	0.00127068	0.0450208	0.00653015	0.00955466	0.225722	0.0156625	0.00171009	0.0330728	0.0105955	0.0541559	0.0335575	0.0379708	0.0176505	0.0238241	0.00025821	0.00467846
193	0.0078526	0.114144	0.0235329	0.0246268	0.0326972	0.00639138	0.37716	0.0075663	0.0358244	0.0804787	0.0030684	0.0105522	0.00427522	0.0100697	0.135098	0.0412899	0.0242782	0.00632481	0.0427539	0.0120158
