318	20
1	0.0516134	0.00575567	0.0143226	0.0398716	0.0345348	0.0155301	0.0188837	0.111049	0.0395638	0.230803	0.1281	0.0206139	0.00710641	0.0409791	0.0782849	0.0365664	0.0342334	0.069744	0.00558745	0.0168566
2	0.03138	0.000765946	0.0228855	0.0344046	0.00133473	0.00455473	0.0592918	0.0061228	0.233094	0.0159629	0.0126772	0.059315	0.00457869	0.0855015	0.30601	0.0568162	0.0319363	0.0128835	0.000164299	0.020321
3	0.0192913	0.00249065	0.000687563	0.00165142	0.00606095	0.00143251	0.000723993	0.559406	0.000647078	0.062545	0.0134737	0.000639583	0.00043127	0.000450787	0.000809459	0.00417428	0.0105502	0.311896	0.000226222	0.00241193
4	0.0133946	0.00374198	0.000432743	0.000627204	0.0218041	0.000462099	0.000436078	0.36301	0.000579167	0.324237	0.0481595	0.0023661	0.000248546	0.000456664	0.000944744	0.00132961	0.00833601	0.208816	9.33893e-05	0.000523454
5	0.0116482	0.00155035	0.000418464	0.00154238	0.00587126	0.00043177	0.000649763	0.585524	0.000521911	0.0641471	0.0128972	0.000464234	0.000243224	0.000392333	0.00050961	0.00200927	0.00593149	0.302684	0.000100173	0.00246373
6	0.0744999	0.014842	0.000699278	0.000878615	0.0168664	0.00813064	0.000851779	0.323684	0.00102531	0.171929	0.0389818	0.00184751	0.00186649	0.00140122	0.00243834	0.0102854	0.0264263	0.300322	0.000142356	0.00288134
7	0.104403	0.00331277	0.0818844	0.0345415	0.00400386	0.518547	0.0188084	0.00961947	0.0122043	0.00673739	0.00302556	0.0850558	0.00577713	0.0186184	0.0159319	0.0344941	0.0087861	0.0216144	0.000409424	0.0122256
8	0.495892	0.0320511	0.00993985	0.0235213	0.0111233	0.144384	0.00436918	0.0186466	0.00588504	0.0419861	0.0106222	0.019194	0.00675712	0.00879733	0.00738433	0.0902441	0.0172316	0.0411669	0.000725491	0.010078
9	0.11304	0.00614568	0.0673954	0.0340195	0.00661084	0.443914	0.0176506	0.0106781	0.0152968	0.0105127	0.00499993	0.0712276	0.00732438	0.0205861	0.0183144	0.0820143	0.0225491	0.0345182	0.000596422	0.0126065
10	0.0379337	0.00329995	0.0196395	0.111836	0.00348559	0.0245891	0.0214963	0.00986146	0.145589	0.0449	0.0328668	0.030988	0.00565845	0.173735	0.252508	0.0369018	0.0228708	0.0132449	0.000801595	0.00779518
11	0.0366324	0.00739667	0.000851931	0.00168887	0.0176686	0.00354987	0.000907032	0.344917	0.00112391	0.254835	0.0414263	0.00233671	0.00111723	0.00104347	0.00180428	0.00528233	0.015196	0.259934	0.000473319	0.00181487
12	0.0948801	0.00325339	0.0831702	0.0353646	0.00429166	0.510228	0.0191631	0.00987943	0.0138473	0.0068971	0.00311446	0.0860048	0.00671829	0.0195801	0.0172795	0.0392353	0.0105542	0.0243233	0.000371189	0.0118437
13	0.13257	0.00288599	0.00525729	0.00896998	0.0485781	0.0260065	0.00864804	0.0105557	0.0349624	0.0270876	0.00560743	0.00825088	0.00284235	0.0405473	0.0543414	0.159986	0.1265	0.0458142	0.0163215	0.234267
14	0.0222639	0.00371301	0.0722504	0.0201349	0.00489374	0.0278668	0.0583249	0.00509168	0.0601501	0.00612089	0.0116417	0.0979723	0.00204854	0.0409877	0.0198978	0.222983	0.271428	0.00763378	0.000703739	0.0438932
15	0.0138341	0.00373672	0.000543065	0.00137053	0.0229194	0.000533283	0.00044713	0.348572	0.000570433	0.344657	0.0520815	0.00267855	0.000276001	0.000473764	0.00107111	0.00148733	0.00882001	0.194843	0.000524673	0.000561055
16	0.420166	0.0497133	0.0053582	0.0142313	0.00926611	0.0533846	0.00378951	0.051266	0.0085491	0.0513789	0.0166842	0.00621224	0.00397192	0.00558021	0.00574393	0.0935068	0.0864621	0.107149	0.000454748	0.00713116
17	0.0931542	0.00169055	0.0980049	0.232953	0.00165706	0.012597	0.0127644	0.00775127	0.142095	0.0152726	0.0124685	0.0304691	0.0244024	0.128803	0.0935617	0.0546938	0.0228483	0.013248	0.000169583	0.00139561
18	0.032729	0.00980148	0.0199393	0.0167593	0.0324415	0.00193802	0.196579	0.0302741	0.110946	0.0324843	0.0226117	0.0852657	0.00901876	0.0593749	0.123534	0.0900715	0.0364875	0.0375601	0.00297071	0.0492133
19	0.0212331	0.00151131	0.00284429	0.0107702	0.0416333	0.00371778	0.00582048	0.135583	0.00312088	0.546542	0.10982	0.00704004	0.00106698	0.00198995	0.00494695	0.00767798	0.0157339	0.0615187	0.00635256	0.0110764
20	0.34442	0.0541805	0.00163516	0.00675188	0.00118379	0.0351243	0.00169626	0.0318275	0.002131	0.00758156	0.00995181	0.00617404	0.000864932	0.00160693	0.00189187	0.403741	0.0382775	0.0409243	0.000303979	0.00973184
21	0.125384	0.000583009	0.0711684	0.0663515	0.0242085	0.107785	0.0294573	0.00189885	0.0138687	0.0170235	0.0206859	0.0769785	0.000687518	0.0676948	0.0501711	0.258966	0.0380019	0.0101757	0.00260534	0.0163047
22	0.0653143	0.00163095	0.146149	0.246728	0.00868383	0.0106304	0.022193	0.0207922	0.0988405	0.0192474	0.0098327	0.0297432	0.0128651	0.128715	0.0718975	0.0374255	0.0416521	0.0218991	0.000573064	0.00518773
23	0.0291316	0.000700208	0.106525	0.0802232	0.00113987	0.154654	0.0670945	0.00331189	0.123649	0.00673012	0.00573749	0.167592	0.0229776	0.0700485	0.0772558	0.0635028	0.0115462	0.00679253	0.000305415	0.00108213
24	0.0300849	0.0087918	0.0282253	0.0207531	0.0429463	0.00162761	0.239094	0.03081	0.0975156	0.0278747	0.0211117	0.0986971	0.0062672	0.0503093	0.0818127	0.0857716	0.028377	0.0410491	0.00600113	0.0528798
25	0.0498954	0.00053304	0.362644	0.228351	0.00263909	0.048284	0.017894	0.00160171	0.0464649	0.00355251	0.00489468	0.0791104	0.00265137	0.0295011	0.0141247	0.0799726	0.0133178	0.0117038	0.000250053	0.00261366
26	0.015108	0.00179515	0.00109829	0.00178201	0.0055276	0.00095983	0.000656956	0.549167	0.000976697	0.0615209	0.013	0.000643145	0.000531702	0.000480067	0.000984168	0.00549827	0.0138662	0.323626	0.000400891	0.00237642
27	0.12151	0.00623902	0.024429	0.0105393	0.00269732	0.00447243	0.00278291	0.0884789	0.0110625	0.0507284	0.00516214	0.0370357	0.00167277	0.00302748	0.00988325	0.101861	0.319755	0.196031	0.000582985	0.00204855
28	0.0125402	0.00413074	0.000632484	0.000773904	0.01886	0.0006054	0.000633894	0.325662	0.000861402	0.324499	0.0446011	0.00235754	0.000330264	0.000657534	0.00100406	0.0018273	0.00935461	0.249962	0.00010957	0.000596051
29	0.0114456	0.0014722	0.000354542	0.00154771	0.00597354	0.000396786	0.000582327	0.584507	0.000458112	0.0642222	0.0128219	0.000440821	0.00019075	0.000397703	0.000461444	0.00180231	0.0054113	0.304854	8.35741e-05	0.00257555
30	0.0416944	0.000749589	0.423397	0.210985	0.00434378	0.0321743	0.0165543	0.00321476	0.0394458	0.00476603	0.00498085	0.0698192	0.00383925	0.0339435	0.015431	0.0608037	0.0178326	0.0115927	0.00031874	0.00411286
31	0.0526653	0.000769972	0.0315676	0.0732986	0.0133578	0.0132334	0.0218609	0.0980245	0.0985695	0.103702	0.0356128	0.0599714	0.00230096	0.0821342	0.0964061	0.0787701	0.0678512	0.0591973	0.00668592	0.00402073
32	0.0368834	0.000734306	0.029762	0.0417872	0.00261425	0.0063838	0.0658871	0.00862292	0.211291	0.0161315	0.0131662	0.0606316	0.00677701	0.0866014	0.269891	0.0725304	0.0371436	0.0131969	0.000301216	0.0196628
33	0.0281389	0.00179876	0.00358646	0.00939529	0.147561	0.00632748	0.024968	0.0465895	0.00877987	0.467901	0.08979	0.00603117	0.00157659	0.00336759	0.00759859	0.0160742	0.0228248	0.0289462	0.00420609	0.0745387
34	0.025354	0.000608752	0.498122	0.115706	0.00309053	0.111602	0.0166281	0.00223465	0.0239124	0.0036099	0.0025367	0.0973913	0.00201225	0.0221262	0.0113022	0.0446118	0.00970675	0.00588347	0.000373506	0.00318698
35	0.143314	0.025125	0.000706199	0.000859054	0.0117575	0.0179765	0.00057861	0.217889	0.00093693	0.100665	0.026732	0.00210291	0.00243182	0.000789328	0.00223689	0.0172306	0.0438994	0.381769	0.000145841	0.00285452
36	0.0373796	0.00189334	0.0105662	0.039214	0.00408538	0.0367554	0.0165518	0.0103057	0.128927	0.0581045	0.0433902	0.0432662	0.00525507	0.192366	0.26432	0.0543833	0.0303628	0.0138664	0.00110371	0.00790421
37	0.185158	0.00717429	0.00389444	0.00619611	0.00785671	0.199067	0.00330097	0.0581351	0.00781081	0.019311	0.0144539	0.00590325	0.0296324	0.00483445	0.00486541	0.105387	0.118313	0.205789	0.00103234	0.0118839
38	0.011665	0.00149373	0.000357789	0.00152936	0.00623716	0.000393445	0.000593288	0.5816	0.000485425	0.0668869	0.0133167	0.000461667	0.000213796	0.000444302	0.000551476	0.00184264	0.00551562	0.303706	8.40866e-05	0.00262127
39	0.077364	0.0543996	0.0162891	0.0532475	0.027974	0.0043443	0.0904032	0.0500378	0.0198132	0.0730253	0.00697737	0.0763181	0.00377617	0.0706479	0.0594555	0.0248604	0.0783587	0.205748	0.000849833	0.00611034
40	0.40496	0.0202415	0.00378675	0.0131636	0.00585774	0.368869	0.00232471	0.0192919	0.00300375	0.0208976	0.00574625	0.00487447	0.00910125	0.00443861	0.00283355	0.0447566	0.0131702	0.038556	0.000395225	0.0137312
41	0.0221104	0.0112441	0.032424	0.029012	0.0474921	0.00190749	0.239388	0.0177521	0.064872	0.0306366	0.0180464	0.137761	0.00315993	0.044083	0.050734	0.108301	0.0249281	0.0473191	0.00906935	0.059759
42	0.376815	0.0133901	0.00332719	0.0110877	0.00431891	0.430175	0.00224469	0.0187668	0.00329587	0.0155685	0.00454733	0.00423959	0.0114097	0.00475779	0.00329551	0.0305659	0.00814491	0.0382444	0.000462265	0.0153425
43	0.359579	0.0544576	0.00150718	0.00580086	0.0010982	0.0346106	0.00160181	0.030415	0.00203917	0.00719209	0.0103862	0.0056824	0.000823818	0.00158007	0.00172371	0.389274	0.044524	0.0386235	0.000310869	0.00876994
44	0.0414956	0.00479865	0.0217481	0.0365193	0.0772189	0.00689218	0.0506336	0.0367913	0.0186459	0.0477459	0.0032827	0.0329525	0.00107375	0.0571085	0.0437019	0.102149	0.0338731	0.0333136	0.000775799	0.34928
45	0.0982411	0.00733911	0.0103697	0.0277687	0.0188864	0.014005	0.0202851	0.150914	0.0262251	0.100641	0.0491984	0.0178332	0.145247	0.029033	0.0244131	0.0482567	0.0453909	0.147029	0.000467437	0.0184557
46	0.0939882	0.000487362	0.0581503	0.082079	0.00765526	0.0386383	0.00591804	0.0114652	0.119337	0.0258593	0.0221257	0.045256	0.0397935	0.0838948	0.106654	0.167591	0.0646113	0.019129	0.000265131	0.0071012
47	0.0448934	0.00377632	0.0096719	0.00593291	0.00200445	0.00762208	0.00141702	0.274266	0.00778129	0.0209212	0.0122353	0.00210557	0.00398319	0.00233113	0.00680333	0.0447872	0.0984053	0.445879	0.00375659	0.0014275
48	0.0230905	0.00121661	0.00379495	0.0147308	0.0692424	0.00366312	0.00561701	0.107961	0.00288962	0.513758	0.132011	0.00812388	0.00087219	0.00152145	0.00519321	0.00791104	0.0178335	0.0485019	0.0181642	0.0139041
49	0.0791986	0.00763608	0.00379578	0.212563	0.00311598	0.0410032	0.0300592	0.048555	0.201836	0.0246506	0.0128494	0.0548765	0.00143145	0.0245315	0.115921	0.0556342	0.0497227	0.0132718	0.00859701	0.0107512
50	0.0887149	0.00183505	0.10939	0.255605	0.000748006	0.00897506	0.0143742	0.00682856	0.144251	0.0130713	0.0106009	0.0293667	0.023585	0.13143	0.0931892	0.0388073	0.0167709	0.0117002	0.000136983	0.000619958
51	0.274137	0.00863005	0.0286985	0.0466581	0.00875811	0.0544666	0.0108438	0.0237304	0.0208639	0.0415059	0.0129449	0.0140147	0.225085	0.0217822	0.0187768	0.0759773	0.0450186	0.0591489	0.00110734	0.00785194
52	0.0149456	0.000614151	0.14927	0.0540231	0.00397153	0.467306	0.0328465	0.0046319	0.0195778	0.00192826	0.00115647	0.156164	0.000851139	0.0302084	0.0257807	0.0220145	0.00202248	0.00269459	0.000167871	0.00982534
53	0.057803	0.00802616	0.0024621	0.00164977	0.0361412	0.00231127	0.00255676	0.397997	0.00458446	0.136205	0.0872146	0.000924329	0.00779431	0.00979002	0.01263	0.0151722	0.0308644	0.175711	0.000144247	0.0100182
54	0.090775	0.00183886	0.111826	0.252563	0.000794019	0.00962681	0.0143522	0.00680552	0.143121	0.0127846	0.0103844	0.0299143	0.0240711	0.128993	0.0940197	0.0385659	0.0171963	0.0115686	0.000151938	0.000647979
55	0.0652265	0.000586656	0.260358	0.270693	0.0025108	0.057591	0.0191934	0.00167382	0.0596701	0.0034353	0.00641225	0.0731112	0.00318906	0.0340768	0.0188197	0.090015	0.0154392	0.0144169	0.000248518	0.00333373
56	0.351942	0.0466361	0.00344219	0.00478828	0.0053251	0.0212503	0.00272745	0.0399991	0.00707424	0.013836	0.0283467	0.00761564	0.0023758	0.00292865	0.00415887	0.0955343	0.226092	0.132238	0.000768358	0.00292099
57	0.0341489	0.000753352	0.514726	0.171922	0.00346778	0.023284	0.0131188	0.00273415	0.0361901	0.00468899	0.00440713	0.067332	0.00427073	0.031886	0.0148612	0.0454272	0.0147478	0.00882043	0.000284376	0.00292961
58	0.0158392	0.00177453	0.00223186	0.00933115	0.0335049	0.00142415	0.00130992	0.182284	0.00101305	0.533446	0.104792	0.00608122	0.000404345	0.000787763	0.00369002	0.00440953	0.0114851	0.0766199	0.00682122	0.0027506
59	0.0120351	0.00319381	0.000836176	0.00244506	0.0258257	0.00050621	0.000412991	0.302269	0.000623038	0.412839	0.0642285	0.00354212	0.000261011	0.000549415	0.00161003	0.0019424	0.00827031	0.15669	0.00130777	0.000613031
60	0.0111938	0.00152166	0.000395414	0.00150636	0.00592346	0.000412443	0.000607417	0.591301	0.000479101	0.0650221	0.0128442	0.000470685	0.000193551	0.000416518	0.000475147	0.00179982	0.00534371	0.297563	8.9693e-05	0.00244102
61	0.538221	0.0372586	0.00681301	0.0191777	0.00834182	0.107205	0.00287259	0.0227724	0.00604341	0.0309857	0.0090806	0.00720398	0.00814957	0.00578851	0.0058364	0.0953041	0.0358073	0.0441398	0.000415012	0.00858369
62	0.211572	0.0591681	0.00414558	0.0103723	0.0130579	0.0335457	0.00386176	0.143026	0.00684272	0.0992092	0.0240365	0.00540232	0.00353958	0.00433405	0.00604521	0.0363449	0.0455495	0.28219	0.000631339	0.00712558
63	0.2308	0.025683	0.016069	0.0154526	0.00572947	0.0278399	0.00925403	0.0380549	0.0141761	0.0242403	0.0157782	0.0192574	0.0112963	0.0115371	0.0136248	0.217324	0.208096	0.0842594	0.00110966	0.010419
64	0.125139	0.000581036	0.0712635	0.0664652	0.0242858	0.107427	0.0294497	0.00197881	0.0137469	0.0170669	0.0206415	0.077048	0.000643967	0.0678849	0.0503044	0.258867	0.0379391	0.0101692	0.00262505	0.0164723
65	0.0368088	0.00824726	0.0449279	0.019254	0.0444254	0.00780405	0.148581	0.0222614	0.0429419	0.0281226	0.0198986	0.112081	0.00402161	0.0499672	0.0447287	0.235273	0.033138	0.0468842	0.00416527	0.0464674
66	0.0177549	0.000642881	0.649573	0.0994366	0.0036508	0.0171115	0.0102009	0.00245154	0.0147614	0.00558918	0.00218579	0.0916102	0.00112993	0.0198107	0.00377482	0.0415361	0.0107848	0.00632349	0.000355515	0.00131624
67	0.106727	0.000870935	0.0807964	0.151387	0.00455765	0.0234055	0.0105058	0.00909895	0.100008	0.0189847	0.0124056	0.0297472	0.0910933	0.0876548	0.075634	0.117416	0.0565691	0.0181983	0.000513092	0.00442592
68	0.0773184	0.0120492	0.00575063	0.003587	0.0049833	0.0116873	0.000984992	0.250493	0.00412622	0.0441457	0.0160516	0.00190013	0.00349882	0.00134344	0.00442183	0.0341936	0.0815648	0.437721	0.00221618	0.0019628
69	0.0510862	0.0080872	0.108201	0.0585248	0.0148883	0.111486	0.0423264	0.0210737	0.0469438	0.0262807	0.0152854	0.222408	0.0103173	0.0427656	0.0425624	0.0950966	0.0327812	0.0288	0.00165566	0.0194299
70	0.0180015	0.00387731	0.000857828	0.00150646	0.0245399	0.000689196	0.000758934	0.356439	0.00105614	0.321267	0.0603035	0.00252571	0.00116267	0.00161915	0.00264577	0.00327406	0.0108324	0.186043	0.000673423	0.00192717
71	0.138319	0.0250395	0.000810055	0.000923885	0.0114269	0.0172185	0.000589307	0.219937	0.000923411	0.0973461	0.0269528	0.00201375	0.00238987	0.000755584	0.00218687	0.0177079	0.0447611	0.387594	0.000193946	0.00291034
72	0.374951	0.0562733	0.00132397	0.00251104	0.00182455	0.0294664	0.00119382	0.0436208	0.00723991	0.00579494	0.00826761	0.00345475	0.00104978	0.00151519	0.00155526	0.142268	0.184365	0.130931	0.00027595	0.00211751
73	0.343723	0.0748772	0.00645531	0.013777	0.00663884	0.051086	0.00715693	0.033912	0.00822821	0.0227383	0.0121133	0.0121052	0.00325171	0.00582428	0.0065343	0.251287	0.0635244	0.0658189	0.000630247	0.0103177
74	0.0667904	0.000741683	0.0325905	0.117725	0.026451	0.0170926	0.0219824	0.0880402	0.0949588	0.115033	0.0407439	0.030983	0.000683588	0.0896707	0.104471	0.0399874	0.0494738	0.0518994	0.00472054	0.00596121
75	0.0416859	0.00619342	0.00190309	0.00127391	0.0323656	0.00122082	0.00214392	0.402726	0.00342091	0.171028	0.0790562	0.00117696	0.00568345	0.0068827	0.00911066	0.0119203	0.0254823	0.189377	0.000145351	0.00720366
76	0.551411	0.0461819	0.00366368	0.0153057	0.00728119	0.0963733	0.0013875	0.0178328	0.00161112	0.0269938	0.00836418	0.00521133	0.00141411	0.00213624	0.00171965	0.16058	0.0166631	0.0269397	0.000296214	0.00863343
77	0.0284333	0.00726302	0.0322633	0.0235064	0.0499347	0.00198389	0.251402	0.0245143	0.100363	0.0247281	0.0185752	0.0985076	0.00523562	0.043594	0.069975	0.092226	0.0249087	0.0383328	0.00887102	0.0553816
78	0.070691	0.00154962	0.0245379	0.0343209	0.00318668	0.00477454	0.0217824	0.0309497	0.0253587	0.0398951	0.037163	0.0254412	0.0210636	0.0270411	0.0417046	0.391618	0.153002	0.0251946	0.000573868	0.0201513
79	0.0566454	0.00738228	0.00287137	0.00250097	0.0364041	0.00208658	0.00343149	0.391265	0.0052943	0.141125	0.0908418	0.00135482	0.00892176	0.0113605	0.0144136	0.0162021	0.030865	0.165378	0.000151332	0.0115054
80	0.0492675	0.00516983	0.0157708	0.0339508	0.0886684	0.00692261	0.0499518	0.0343425	0.016778	0.0447361	0.00370503	0.0273909	0.00102844	0.0549458	0.0396628	0.092012	0.0409269	0.0388576	0.00120148	0.354711
81	0.0290923	0.00070162	0.106173	0.0803453	0.00114026	0.154501	0.0673543	0.00328271	0.123668	0.00673024	0.00572916	0.167678	0.0228809	0.070108	0.0773945	0.0635024	0.0114878	0.00681551	0.000306805	0.00110798
82	0.0431053	0.00403222	0.0100725	0.00763893	0.00189322	0.00812096	0.0016625	0.273532	0.0105106	0.0239164	0.0120186	0.00218909	0.00402872	0.0032457	0.00797334	0.0430758	0.0952941	0.442908	0.0033835	0.00139839
83	0.0668375	0.00440586	0.0102152	0.0226141	0.0066095	0.0104899	0.0116084	0.0120606	0.147447	0.0447076	0.00902283	0.0329413	0.329095	0.0450415	0.0498155	0.0617289	0.0708716	0.0571202	0.00144479	0.00592355
84	0.0156978	0.0157147	0.00657996	0.0103185	0.0358769	0.0206286	0.0526349	0.0257718	0.298636	0.0110133	0.00690177	0.0306757	0.00400304	0.0138	0.192364	0.0581295	0.127278	0.0345871	0.000931297	0.0384573
85	0.0172147	0.0403884	0.00595791	0.00837097	0.018615	0.0133382	0.0217217	0.0158026	0.357249	0.0104732	0.00689365	0.0158993	0.00376933	0.00855029	0.234444	0.0320987	0.13043	0.0381638	0.00124038	0.019379
86	0.0117618	0.00154543	0.00042652	0.00155172	0.00595215	0.000432684	0.000605836	0.584496	0.000488686	0.0643209	0.0127846	0.000477096	0.00021921	0.000405525	0.00051272	0.0021028	0.005863	0.303456	9.76268e-05	0.00250017
87	0.479316	0.0476138	0.00314527	0.0089197	0.00348712	0.0621863	0.00181993	0.0214414	0.0022309	0.014836	0.00788369	0.00710153	0.00144372	0.00258684	0.00203782	0.26273	0.0304062	0.0326628	0.000261156	0.00789031
88	0.0392801	0.00176095	0.0282278	0.0569678	0.0029108	0.0180687	0.0457807	0.00933873	0.183298	0.0256382	0.0194881	0.050322	0.00704416	0.114697	0.276746	0.0572257	0.0320952	0.0152502	0.000506665	0.0153526
89	0.0114493	0.0014765	0.000354272	0.00154291	0.00595817	0.000397066	0.000599457	0.584607	0.000465441	0.0641873	0.0128455	0.000441838	0.000190997	0.000402293	0.000463039	0.00180475	0.00544071	0.304722	8.32074e-05	0.00256796
90	0.0776265	0.00466412	0.0260842	0.0463388	0.0086479	0.0215996	0.046574	0.0221298	0.152045	0.0316134	0.0208191	0.0449468	0.00993618	0.0737886	0.244559	0.0746519	0.0416633	0.0298561	0.00163829	0.0208175
91	0.132977	0.0017631	0.0664981	0.0535117	0.0178646	0.0984654	0.0258946	0.00203312	0.0131635	0.0130601	0.0217336	0.0837583	0.000755577	0.0639006	0.0420668	0.29411	0.0458926	0.00859885	0.00196244	0.0119907
92	0.0110748	0.00149412	0.000407967	0.00152136	0.00589848	0.000420978	0.000611649	0.594129	0.000513757	0.0646524	0.0129589	0.000502447	0.000233297	0.000419358	0.000535909	0.0018893	0.00535185	0.294845	9.40698e-05	0.00244466
93	0.0272576	0.00234204	0.423001	0.0705512	0.00542189	0.036941	0.0207006	0.00392048	0.0310526	0.00768418	0.0064446	0.100292	0.00449147	0.024707	0.0133991	0.112818	0.0878308	0.00756831	0.000650544	0.0129262
94	0.0885201	0.00786988	0.0120997	0.0376264	0.032872	0.0123737	0.048008	0.132936	0.0312965	0.110583	0.0585142	0.0258565	0.0263478	0.0228752	0.035965	0.0435409	0.0502719	0.181856	0.000510843	0.0400767
95	0.0577585	0.00755775	0.00265246	0.00186414	0.0374528	0.00201027	0.00279449	0.403839	0.00490892	0.125512	0.091937	0.000849949	0.0086261	0.0108386	0.0139414	0.0162683	0.032035	0.167909	0.000162765	0.0110815
96	0.0163163	0.00353261	0.000627599	0.00146601	0.0197279	0.00079611	0.000818111	0.407837	0.000961979	0.264639	0.0447129	0.00216085	0.000747437	0.000929742	0.00177733	0.0027659	0.00944155	0.218639	0.000387766	0.00171458
97	0.0719801	0.0220925	0.0328503	0.00873847	0.00790062	0.0442231	0.0215228	0.00745089	0.0301646	0.00854534	0.00668483	0.12692	0.0023337	0.00987418	0.00634912	0.534083	0.0384161	0.0102422	0.00101628	0.0086118
98	0.113287	0.00201608	0.0167811	0.0415353	0.00688388	0.0232971	0.00648372	0.00960101	0.0322914	0.0514515	0.00789008	0.015423	0.444559	0.0280134	0.017567	0.108896	0.0408293	0.0289107	0.000953173	0.00332969
99	0.0656909	0.00155253	0.204552	0.223738	0.0288485	0.0158346	0.0307105	0.0158237	0.0420483	0.0159852	0.00929582	0.0415549	0.004944	0.0821727	0.0268209	0.0647555	0.0786488	0.0312206	0.000793514	0.0150088
100	0.065065	0.000483188	0.0296617	0.120386	0.0266689	0.0187566	0.0253253	0.0855101	0.0992402	0.115753	0.0397334	0.032488	0.00049373	0.0894366	0.105093	0.0371314	0.0457878	0.051838	0.00393371	0.00721413
101	0.0834927	0.00504656	0.0111611	0.243292	0.0103358	0.0130455	0.0115797	0.118984	0.0198784	0.0986683	0.0144021	0.0427625	0.00673922	0.0157005	0.0190454	0.123886	0.0559642	0.0946204	0.00227798	0.00911744
102	0.0946523	0.0164439	0.00169579	0.00146988	0.0140524	0.0109282	0.00101177	0.277415	0.00192963	0.114291	0.0359153	0.00174814	0.00307126	0.00207766	0.00354739	0.0178278	0.0453621	0.352473	0.000534543	0.00355188
103	0.325099	0.0434132	0.0024534	0.00333344	0.00309533	0.0497938	0.00203017	0.0493589	0.0145173	0.00810858	0.00818687	0.00474318	0.00418373	0.00219581	0.00258495	0.134627	0.186702	0.152182	0.000336192	0.00305451
104	0.0550498	0.0100527	0.0142811	0.0354081	0.0836628	0.00722601	0.051318	0.0375482	0.0164098	0.0593957	0.00534664	0.0374869	0.00116766	0.0520788	0.0433465	0.0734799	0.0479301	0.0517439	0.000915429	0.316152
105	0.0823159	0.00146898	0.0325217	0.073562	0.00397967	0.0148765	0.0127514	0.0122484	0.0497245	0.0252358	0.0139685	0.0171893	0.207998	0.0587355	0.0461718	0.234253	0.0856671	0.0187734	0.000838398	0.00771964
106	0.111474	0.000531884	0.0929314	0.0816965	0.0213604	0.147463	0.0296225	0.00229153	0.0167718	0.0140966	0.0169932	0.0834603	0.000832216	0.0600856	0.0429198	0.219611	0.0316505	0.00977946	0.00210505	0.0143237
107	0.472241	0.0453248	0.00137974	0.00252101	0.00126905	0.0312325	0.0012743	0.0311764	0.00619338	0.00589356	0.00614592	0.00359008	0.00118775	0.00153758	0.00173633	0.130499	0.153309	0.10139	0.000266189	0.00183217
108	0.0352191	0.00405674	0.0259411	0.0360682	0.0779413	0.02664	0.0112097	0.0697867	0.015601	0.157989	0.0545015	0.0556139	0.0099358	0.0321211	0.012915	0.101763	0.130899	0.110287	0.00137602	0.0301353
109	0.0385147	0.00152536	0.172639	0.287867	0.0161402	0.0130583	0.0230229	0.00611469	0.025541	0.00778	0.0214321	0.104803	0.0211875	0.0487684	0.0421879	0.0847529	0.0239131	0.025166	0.000660118	0.0349254
110	0.0458502	0.00398036	0.0095554	0.00579017	0.00217883	0.00774527	0.0014234	0.274178	0.00752177	0.0213099	0.0124657	0.00198554	0.00398898	0.00224196	0.00666157	0.0448321	0.0980031	0.444979	0.00382929	0.00147979
111	0.096403	0.00849133	0.0102193	0.0376963	0.020914	0.0128002	0.0365589	0.148258	0.0285867	0.105761	0.0601492	0.0227919	0.028391	0.0224847	0.0343927	0.0440106	0.0523566	0.200858	0.000202291	0.0286739
112	0.0400774	0.00147968	0.167581	0.273463	0.0115626	0.0143693	0.0261439	0.00483098	0.0263343	0.00671833	0.0197356	0.108059	0.0292615	0.0421102	0.0433533	0.0992603	0.0209548	0.0268954	0.000638783	0.0371709
113	0.019801	0.0011131	0.00281806	0.0112127	0.135624	0.00317005	0.0057849	0.103048	0.00267292	0.501837	0.114689	0.00690003	0.000818852	0.00121736	0.00379013	0.00716086	0.0139936	0.0413278	0.00867323	0.0143486
114	0.483684	0.0532228	0.00782635	0.0363394	0.0245875	0.155654	0.00258187	0.0213383	0.00326177	0.0538617	0.0156908	0.00551661	0.00210887	0.00355838	0.00289664	0.0848031	0.00594031	0.0250713	0.000529007	0.0115277
115	0.135209	0.00274615	0.00758989	0.0361571	0.00663053	0.021997	0.00450755	0.00731956	0.0284433	0.0795885	0.00813182	0.0177846	0.461695	0.0141875	0.0100913	0.0972232	0.0267512	0.0301995	0.000927122	0.00281994
116	0.0157338	0.00404662	0.00100809	0.00307956	0.0252751	0.00059398	0.000587192	0.302232	0.000845829	0.397318	0.0661726	0.0034151	0.00045039	0.000884327	0.00212616	0.00238813	0.0100148	0.160902	0.00189662	0.00102955
117	0.130708	0.0212174	0.00192289	0.00159047	0.00988121	0.0160372	0.000760605	0.229462	0.00212988	0.0871704	0.0237971	0.00288765	0.00263233	0.00118008	0.00398646	0.0211422	0.0504959	0.38983	0.000598597	0.00257041
118	0.0148256	0.000610861	0.149484	0.0537298	0.00404827	0.471878	0.0325996	0.00462987	0.0182385	0.00189472	0.0011273	0.155598	0.000639816	0.029541	0.024938	0.0215542	0.00194613	0.0026061	0.000168228	0.00994271
119	0.0293612	0.0090693	0.0214507	0.0213673	0.0350918	0.00228216	0.204555	0.03375	0.11407	0.0337553	0.020602	0.0874823	0.00786091	0.0566163	0.107427	0.0835337	0.0376565	0.041021	0.00343058	0.0496166
120	0.098991	0.00147048	0.0262991	0.0767443	0.00296359	0.0115671	0.0126919	0.00453867	0.0543818	0.0205986	0.00373606	0.00848464	0.334082	0.0633223	0.0417069	0.158498	0.0598387	0.0168888	0.000658427	0.00253789
121	0.0130988	0.00370666	0.000438154	0.000747229	0.0221993	0.000434597	0.000421754	0.361974	0.000562468	0.330059	0.0490873	0.00246461	0.000229571	0.000432833	0.000928875	0.00124264	0.00815357	0.203229	0.000117908	0.000471933
122	0.0935664	0.000579921	0.0582405	0.080603	0.00766309	0.0390625	0.00603173	0.0112322	0.12088	0.0258241	0.0223085	0.0449787	0.0393737	0.0830756	0.107116	0.168538	0.0644405	0.0191643	0.000276824	0.00704458
123	0.0596829	0.00136446	0.211708	0.212862	0.0308688	0.00349067	0.0415847	0.0173814	0.0426904	0.0142156	0.0034692	0.0232735	0.00210492	0.096141	0.0162601	0.0497007	0.123395	0.0339585	0.000606724	0.0152419
124	0.0121838	0.0029577	0.00122376	0.00384094	0.0276162	0.000590193	0.000471352	0.276798	0.000686559	0.441176	0.0702597	0.00455382	0.000297802	0.000653414	0.00213501	0.00236375	0.00892232	0.140074	0.00254899	0.000647138
125	0.0326088	0.000733714	0.0239321	0.0352126	0.00138237	0.00418752	0.0626404	0.00644848	0.232866	0.014513	0.0126941	0.0572484	0.00476304	0.0870123	0.296593	0.0610962	0.0331601	0.0127232	0.000131069	0.0200532
126	0.0558629	0.00199049	0.0293107	0.0674954	0.0141293	0.0116585	0.0215362	0.111366	0.0854705	0.110903	0.036599	0.0489786	0.00496959	0.0724132	0.100314	0.0638073	0.0679844	0.0851414	0.00450563	0.00556385
127	0.0118907	0.00149429	0.000357408	0.00158609	0.00587905	0.000409035	0.000647577	0.585545	0.00050835	0.063491	0.0130511	0.000465432	0.000217891	0.000400665	0.000486219	0.00179333	0.00564219	0.303549	8.31827e-05	0.00250276
128	0.144565	0.0251658	0.000723514	0.000888979	0.0119415	0.0184852	0.00059508	0.21654	0.000955386	0.0989237	0.0272116	0.00210118	0.00267192	0.000814426	0.00226255	0.0179854	0.0450211	0.380017	0.000178277	0.0029526
129	0.503861	0.0515692	0.00747938	0.0288759	0.016751	0.158941	0.00178126	0.0231389	0.00199473	0.0493547	0.013243	0.00482223	0.00200343	0.00284709	0.00218211	0.0861102	0.0060076	0.0264676	0.000333761	0.0122355
130	0.0111891	0.00159231	0.000352348	0.00148932	0.00610739	0.000382485	0.000597524	0.587323	0.000479651	0.0678553	0.0132011	0.000477222	0.000193716	0.00039214	0.000458723	0.00177812	0.00535529	0.298249	8.87119e-05	0.00243771
131	0.051245	0.00576754	0.0162192	0.0407748	0.091076	0.00945219	0.0398571	0.0450266	0.0193372	0.0581055	0.00542333	0.0289462	0.000917953	0.0492866	0.0447286	0.0713281	0.03993	0.042804	0.000784343	0.33899
132	0.0730915	0.00334757	0.0492768	0.0598516	0.0106644	0.080661	0.0350253	0.0114241	0.10525	0.0227774	0.0195195	0.0573326	0.0138738	0.0694895	0.182495	0.129402	0.0426438	0.019515	0.00179293	0.0125658
133	0.014821	0.00060819	0.149545	0.0536347	0.00405487	0.473005	0.0323857	0.00465033	0.0178901	0.00186805	0.0011055	0.155661	0.000565645	0.029475	0.0246889	0.0213545	0.00193575	0.00259053	0.00016931	0.0099902
134	0.0658764	0.00945356	0.00370431	0.191264	0.00292595	0.0372205	0.0356699	0.0458922	0.214891	0.0171398	0.00975155	0.0564406	0.00151956	0.0327509	0.136884	0.0559582	0.053038	0.0141392	0.00637471	0.00910477
135	0.237396	0.00414977	0.00235556	0.00331794	0.0362735	0.0366898	0.00310935	0.0799385	0.00332916	0.108157	0.0710654	0.00311604	0.0252142	0.00238947	0.00296095	0.106146	0.138144	0.131403	0.000546393	0.00429772
136	0.0527054	0.00481903	0.0165937	0.0365565	0.0755668	0.0085422	0.0251482	0.205357	0.0377571	0.169471	0.058878	0.0115793	0.00851748	0.0241899	0.0546492	0.0238605	0.0409077	0.111597	0.00296272	0.0303404
137	0.0866144	0.00844581	0.00929287	0.0296607	0.0237012	0.0103229	0.0314335	0.195487	0.0245882	0.106136	0.0650678	0.0181928	0.02677	0.0206892	0.0322126	0.038929	0.0495456	0.198513	0.000179206	0.0242179
138	0.0584494	0.00144942	0.20754	0.225734	0.0297858	0.00670702	0.0340349	0.014978	0.0370236	0.0126269	0.00575927	0.0371362	0.00429068	0.0825471	0.0179866	0.0610014	0.108716	0.0379172	0.000836708	0.0154787
139	0.0508509	0.0125871	0.0140482	0.0391667	0.00972096	0.00669651	0.0264043	0.155649	0.0439231	0.061346	0.0349192	0.0140302	0.019305	0.0346375	0.0612685	0.0316054	0.0746156	0.29748	0.000637698	0.011109
140	0.0130623	0.00371357	0.000429582	0.000588863	0.0222728	0.000436258	0.000411158	0.363159	0.0005607	0.328078	0.0489282	0.00242429	0.000238172	0.000433803	0.000926805	0.00121968	0.00803509	0.204535	8.5581e-05	0.000461507
141	0.0643138	0.000688326	0.0285596	0.120116	0.0289856	0.020104	0.0271054	0.083809	0.0999962	0.117995	0.0398858	0.0317144	0.000479477	0.0892152	0.10493	0.0356079	0.0432111	0.0500572	0.00371715	0.00950955
142	0.291948	0.00206324	0.0696696	0.0837556	0.00337045	0.0102234	0.0156426	0.0186784	0.00825693	0.0101321	0.0043199	0.0182045	0.221755	0.0244508	0.011231	0.0510288	0.0423961	0.108505	0.00074401	0.00362392
143	0.014821	0.00060819	0.149545	0.0536347	0.00405487	0.473005	0.0323857	0.00465033	0.0178901	0.00186805	0.0011055	0.155661	0.000565645	0.029475	0.0246889	0.0213545	0.00193575	0.00259053	0.00016931	0.0099902
144	0.0193769	0.000660654	0.635052	0.104841	0.00318262	0.0250077	0.0101569	0.00203899	0.016587	0.00493414	0.00224272	0.0912545	0.00160745	0.0186547	0.00488313	0.041954	0.0096555	0.00610098	0.000352936	0.00145543
145	0.0563121	0.000648033	0.039823	0.108795	0.0207763	0.015695	0.0212441	0.0927272	0.0952855	0.109684	0.0358702	0.039219	0.000888883	0.0900073	0.114582	0.0502831	0.0463761	0.0521514	0.00428258	0.00534972
146	0.144729	0.0254066	0.000647558	0.000838831	0.0119258	0.0181798	0.00056285	0.217821	0.000925324	0.100129	0.027021	0.00208445	0.00242438	0.000787362	0.0021998	0.0171169	0.0434794	0.380695	0.000125259	0.00290075
147	0.0457698	0.0038223	0.00698506	0.0149216	0.229243	0.0065143	0.0243207	0.0572805	0.0157263	0.102881	0.0406236	0.0105145	0.00221193	0.017316	0.0179704	0.0338154	0.0488552	0.0832237	0.00816736	0.229837
148	0.0814861	0.0159145	0.00139867	0.00141502	0.0455803	0.00848369	0.00192289	0.329134	0.00288856	0.109637	0.0460145	0.00163447	0.00399432	0.00393962	0.0057454	0.0136131	0.0306652	0.282147	0.00085402	0.0135317
149	0.0660673	0.00910254	0.00241953	0.00175858	0.0357131	0.00321649	0.00250803	0.388623	0.00453895	0.125459	0.0870617	0.000905776	0.00809022	0.0099649	0.0126493	0.0158412	0.0328339	0.182772	0.000154312	0.0103205
150	0.354274	0.0567452	0.00139251	0.00229493	0.00187757	0.0296153	0.00137587	0.043333	0.0080465	0.00616742	0.00760256	0.00420285	0.00128128	0.00161375	0.00169872	0.125391	0.202296	0.148595	0.000280564	0.00191592
151	0.0762297	0.00833853	0.00404835	0.00732434	0.0307463	0.00543873	0.00806533	0.338554	0.00892325	0.121808	0.0818474	0.00447168	0.0118069	0.0135996	0.0168837	0.0223313	0.0361807	0.189009	0.000144529	0.0142488
152	0.0915986	0.000505253	0.0589135	0.0797472	0.00765238	0.0395414	0.00632173	0.0109017	0.117796	0.0260206	0.0214415	0.0460722	0.0424308	0.0820267	0.109705	0.168864	0.0637912	0.0190184	0.000264316	0.0073878
153	0.0931294	0.00051065	0.0591071	0.0824666	0.007569	0.0386274	0.00609922	0.0111912	0.119141	0.0257882	0.021884	0.0453551	0.0404716	0.083623	0.107702	0.166792	0.0640436	0.0190086	0.000264901	0.00722503
154	0.145027	0.0253763	0.000655726	0.000832469	0.0120189	0.0181376	0.000577084	0.217091	0.000927368	0.09999	0.0270055	0.00209038	0.00248233	0.000790655	0.0021856	0.017451	0.0439144	0.380385	0.000131599	0.00292985
155	0.0259976	0.00120649	0.00453669	0.020853	0.042821	0.00293077	0.00254878	0.136073	0.00212859	0.515652	0.123309	0.00906807	0.000704751	0.00111972	0.00443213	0.00643502	0.0222593	0.0600818	0.0131919	0.0046499
156	0.0967719	0.00823487	0.0101421	0.037293	0.0212201	0.0129499	0.0362672	0.147917	0.0283321	0.106184	0.0605793	0.0229776	0.0290498	0.0225009	0.0330943	0.0442987	0.0523089	0.20003	0.00020281	0.0296457
157	0.032426	0.000357517	0.0240117	0.0368578	0.000665929	0.00433304	0.0587354	0.00562693	0.236923	0.0142721	0.0123163	0.0553935	0.0042207	0.0898463	0.303008	0.0575544	0.0318289	0.0124442	0.000126577	0.0190518
158	0.0315121	0.00127394	0.0255697	0.0341247	0.00313437	0.00361996	0.0753675	0.00948343	0.220648	0.014586	0.0129232	0.0635104	0.00479222	0.0840953	0.278759	0.0671192	0.0342799	0.013694	0.000195781	0.0213117
159	0.0114456	0.0014722	0.000354542	0.00154771	0.00597354	0.000396786	0.000582327	0.584507	0.000458112	0.0642222	0.0128219	0.000440821	0.00019075	0.000397703	0.000461444	0.00180231	0.0054113	0.304854	8.35741e-05	0.00257555
160	0.0560291	0.00723091	0.00262728	0.00183822	0.0377944	0.00184021	0.00277154	0.406236	0.00489428	0.12723	0.0925749	0.000868958	0.00852177	0.0107495	0.0138489	0.0160885	0.0317545	0.16604	0.000162165	0.0108985
161	0.0122993	0.00255955	0.000459035	0.00108275	0.0153707	0.00049435	0.00058122	0.487061	0.000644165	0.194673	0.0326904	0.00148477	0.000427545	0.000596361	0.00107553	0.00183578	0.00712479	0.237867	9.3492e-05	0.00157913
162	0.145139	0.0254217	0.000642477	0.000834699	0.0119312	0.018241	0.000562302	0.217495	0.000916815	0.100294	0.0269653	0.00208592	0.00241921	0.000780278	0.00218983	0.0170909	0.0434149	0.380573	0.000124899	0.00287816
163	0.0915796	0.00350896	0.0866009	0.0369435	0.00428776	0.512845	0.0200021	0.00879904	0.0127744	0.00612317	0.00292675	0.0901644	0.00498986	0.0195992	0.0178198	0.0386464	0.00951172	0.0202701	0.000418543	0.0121889
164	0.472466	0.0422351	0.00521568	0.021081	0.0109137	0.238941	0.00157799	0.024041	0.00237897	0.0373806	0.00906664	0.0045163	0.00407212	0.00320354	0.00225454	0.0683112	0.00953463	0.0308141	0.000428179	0.011568
165	0.0198759	0.000688599	0.148314	0.061263	0.00398501	0.419259	0.0346473	0.00454513	0.0331306	0.00292063	0.00190862	0.152385	0.0043312	0.0330654	0.0307539	0.0314671	0.00465652	0.00380846	0.000214861	0.00878018
166	0.0321892	0.00688214	0.0198938	0.0205005	0.0203925	0.00230757	0.150903	0.0231547	0.151387	0.0260056	0.0208779	0.0754806	0.0096949	0.069016	0.186683	0.0798568	0.0350549	0.0281964	0.00155449	0.0399693
167	0.0126167	0.00156959	0.000424551	0.00171017	0.00568595	0.000525386	0.000813866	0.580064	0.000640304	0.0624214	0.0136622	0.00049209	0.000249577	0.000428746	0.000552713	0.00234373	0.00749771	0.305732	0.000143207	0.00242561
168	0.237078	0.0184275	0.020357	0.0249563	0.00918128	0.273886	0.00873264	0.0161315	0.0100186	0.0174221	0.00988706	0.0265726	0.00947163	0.0188023	0.0152685	0.188712	0.0356972	0.0449331	0.00116819	0.013297
169	0.0738071	0.0124898	0.00744551	0.0531092	0.14068	0.019115	0.0250965	0.0543651	0.0475651	0.218881	0.0415326	0.00682746	0.00227245	0.020997	0.066152	0.0314951	0.0230635	0.0297788	0.00109685	0.12423
170	0.11152	0.00115208	0.0559542	0.0607893	0.0328437	0.0921128	0.0430646	0.00663568	0.0255029	0.0179321	0.0326357	0.0752941	0.00155853	0.0700747	0.0801608	0.20815	0.0439089	0.0116637	0.00728019	0.0217655
171	0.0283795	0.00674419	0.00126138	0.00136671	0.0154725	0.00299882	0.000808607	0.313939	0.00147979	0.267274	0.0372171	0.00225865	0.000889294	0.00103968	0.00164236	0.0060775	0.0179	0.291809	0.000322484	0.00111978
172	0.3283	0.0360081	0.00212981	0.00354079	0.00700352	0.0556223	0.00179076	0.0673136	0.00737	0.0259699	0.0169543	0.00464659	0.00658171	0.0023289	0.00260463	0.111916	0.152165	0.163774	0.00034637	0.00363368
173	0.0325879	0.000526114	0.019961	0.0447444	0.000708657	0.0071064	0.0511122	0.00509192	0.225563	0.0188757	0.0164541	0.0495038	0.0051787	0.106094	0.304984	0.0513736	0.0289561	0.0138036	0.000151342	0.0172241
174	0.0823812	0.000481421	0.0405075	0.0940308	0.0145574	0.0238297	0.0120198	0.0516446	0.110118	0.0631981	0.0329168	0.0430779	0.0172894	0.0948265	0.109053	0.107025	0.060086	0.0352562	0.00264316	0.00505699
175	0.0119943	0.00266987	0.00112507	0.00376674	0.0270524	0.000634745	0.000506252	0.270408	0.000691206	0.453997	0.0738561	0.00412967	0.000297574	0.000655002	0.00235184	0.00255037	0.00836722	0.131813	0.00233653	0.000797102
176	0.0302716	0.00172492	0.0290878	0.0339785	0.00588113	0.00344794	0.0888914	0.0129659	0.201111	0.0159444	0.0139532	0.0694325	0.00502169	0.0837088	0.256923	0.0731437	0.0349357	0.0153681	0.000551247	0.0236573
177	0.053775	0.00606079	0.00831536	0.00505132	0.0028162	0.00844273	0.00125846	0.269504	0.00647254	0.0289711	0.0129285	0.00202392	0.0042283	0.00199653	0.00586938	0.0404377	0.0905962	0.446588	0.00311766	0.00154633
178	0.0318328	0.000945827	0.0231547	0.0358583	0.00105114	0.00446407	0.0578218	0.00606322	0.23923	0.0140864	0.012304	0.0551953	0.00420054	0.0880121	0.303317	0.0570831	0.0329397	0.0128252	0.00013156	0.0194828
179	0.0130623	0.00371357	0.000429582	0.000588863	0.0222728	0.000436258	0.000411158	0.363159	0.0005607	0.328078	0.0489282	0.00242429	0.000238172	0.000433803	0.000926805	0.00121968	0.00803509	0.204535	8.5581e-05	0.000461507
180	0.0128053	0.00365293	0.000430174	0.000647835	0.0212698	0.000422607	0.000440672	0.380711	0.000582179	0.312411	0.0466321	0.00228988	0.000243206	0.000420902	0.000908299	0.0012614	0.00778937	0.206469	9.38122e-05	0.000518439
181	0.0387031	0.00075235	0.448413	0.182261	0.00779005	0.0271762	0.0173679	0.00437366	0.0323518	0.00570167	0.0040894	0.0690666	0.00263893	0.0335973	0.0106615	0.0617907	0.0351528	0.0131749	0.000400024	0.00453728
182	0.0362282	0.0117377	0.0181032	0.0146445	0.0323092	0.00194311	0.197641	0.0297129	0.123039	0.0275864	0.0254134	0.0796055	0.0120665	0.0568681	0.127626	0.083668	0.0339752	0.0365069	0.00277959	0.0485456
183	0.0338637	0.00505994	0.000933273	0.00174476	0.00984123	0.00301293	0.000778624	0.50661	0.00114274	0.0708557	0.0210273	0.000764292	0.00118991	0.00131013	0.00200589	0.00698805	0.0163772	0.313059	0.000214708	0.00322086
184	0.0138417	0.00210422	0.00177949	0.00726481	0.0316725	0.00113939	0.000916721	0.214748	0.000886971	0.506694	0.0914058	0.00538866	0.000377304	0.000732471	0.00320113	0.0036309	0.0101898	0.0971784	0.00492358	0.00192383
185	0.0241163	0.0431918	0.0130536	0.0293782	0.0363991	0.00296336	0.257639	0.0115101	0.027906	0.0464847	0.0174747	0.162394	0.00268928	0.0703893	0.0491618	0.0692892	0.0319471	0.0413654	0.00314303	0.0595048
186	0.122404	0.00872369	0.0406602	0.0664878	0.0226311	0.176315	0.0204618	0.0168414	0.0212908	0.0494163	0.0186452	0.0448038	0.00676243	0.0387953	0.0351369	0.187588	0.0399957	0.0285034	0.00259496	0.0519421
187	0.0129669	0.0024863	0.517729	0.0572934	0.0104212	0.0117057	0.0145691	0.00380695	0.0077546	0.0135628	0.00309899	0.184133	0.00160999	0.0280948	0.00413164	0.0979135	0.0122586	0.01253	0.000683139	0.00325055
188	0.166788	0.00266117	0.00397312	0.00810272	0.00472949	0.319675	0.00386184	0.0289697	0.00798034	0.00984573	0.00554379	0.00618242	0.0306393	0.0053952	0.00580068	0.118321	0.0817777	0.170843	0.000986812	0.017923
189	0.240153	0.00614607	0.00263055	0.00330366	0.033373	0.0356168	0.00281744	0.079785	0.00354253	0.101861	0.0671838	0.00351086	0.0219949	0.00233042	0.0028932	0.109712	0.151612	0.127387	0.000506664	0.00364016
190	0.0165528	0.000644389	0.665334	0.0940283	0.00340984	0.0144854	0.00945257	0.00193721	0.0135652	0.004842	0.00181413	0.096314	0.000912319	0.0178545	0.00296875	0.0404098	0.00857287	0.0054309	0.000378156	0.00109316
191	0.0871838	0.0021377	0.0881992	0.241323	0.00129058	0.0090502	0.0146828	0.0086541	0.142851	0.0141125	0.0159723	0.0273937	0.0330623	0.141976	0.0950043	0.0431455	0.0169866	0.0154065	0.000192665	0.00137592
