628	20
1	0.0244497	0.00137522	0.258694	0.406277	0.00938397	0.00762908	0.0137036	0.0305939	0.0282926	0.0254333	0.00649883	0.020741	0.00416215	0.0489807	0.0186604	0.0215049	0.018164	0.0447063	0.00371776	0.0070318
2	0.0145702	0.000637635	0.420612	0.309021	0.00209987	0.0224317	0.0168061	0.00505657	0.0205519	0.00293777	0.0054933	0.0715567	0.0219735	0.0261913	0.0101374	0.0318432	0.0073726	0.00306544	0.000942641	0.00669874
3	0.00876182	0.00600157	0.000583136	0.00109425	0.0306963	0.00144433	0.00130474	0.185561	0.00127335	0.581795	0.0958364	0.000732911	0.00150116	0.00143285	0.00400417	0.00188637	0.0125576	0.0580647	0.00338859	0.002079
4	0.0110558	0.00768245	0.00284836	0.00146911	0.447106	0.00572991	0.00716159	0.0718408	0.00144458	0.128422	0.0397817	0.00778536	0.000624001	0.00642386	0.00186312	0.0132028	0.0102967	0.030165	0.00575535	0.199341
5	0.0272917	0.000823541	0.343228	0.132145	0.00639433	0.0508228	0.0359185	0.0114635	0.0146431	0.00959712	0.00149533	0.238477	0.0034571	0.0199567	0.0229857	0.0397883	0.0303096	0.00616134	0.000178112	0.00486354
6	0.0146808	0.000613934	0.40985	0.317752	0.00149199	0.0240369	0.0171918	0.00461193	0.019103	0.00202463	0.00643448	0.0727877	0.0251592	0.0265148	0.0104709	0.0317538	0.0057883	0.00243521	0.000630654	0.00666785
7	0.0467839	0.000748414	0.302117	0.121474	0.00485517	0.0571266	0.0349784	0.00954096	0.0248503	0.00749242	0.00152801	0.226464	0.00570746	0.0299645	0.0282079	0.0544842	0.0337557	0.00489663	0.00022204	0.00480206
8	0.1013	0.0027636	0.0839298	0.133226	0.00701254	0.00363084	0.0478853	0.0049199	0.0531924	0.0656652	0.0449582	0.0794725	0.0010498	0.124281	0.0844401	0.0359294	0.0944131	0.023613	0.00460845	0.0037091
9	0.0313368	0.00126936	0.303583	0.116381	0.00666089	0.027451	0.033201	0.0102566	0.0254767	0.0118149	0.0036499	0.218057	0.00792662	0.0351823	0.0198005	0.0949833	0.0342145	0.0079439	0.000980041	0.00983031
10	0.0671817	0.00276142	0.0394952	0.0448665	0.0102362	0.00421194	0.0534358	0.0472881	0.00500675	0.0670994	0.0107534	0.0230821	0.00165952	0.11406	0.333304	0.00862652	0.0942342	0.0695088	0.000478722	0.00270899
11	0.0127074	0.0173324	0.00383886	0.00170381	0.358701	0.00457091	0.0221371	0.0276647	0.00139288	0.0483176	0.0137093	0.00700746	0.00268252	0.00520834	0.00239777	0.0133701	0.0111201	0.0182024	0.00602989	0.421905
12	0.0154621	0.000604199	0.396126	0.341015	0.0021388	0.0222792	0.0154109	0.00479142	0.0209243	0.00286271	0.00592089	0.0591401	0.0234911	0.0293233	0.0109168	0.0318159	0.00676866	0.00327459	0.00105224	0.00668121
13	0.310954	0.00329234	0.141713	0.125902	0.00415846	0.0495221	0.0072248	0.00787131	0.0263203	0.00964173	0.00639046	0.00856593	0.00283389	0.0918261	0.0111541	0.0357743	0.123497	0.0285889	0.000872723	0.00389729
14	0.0201231	0.00747252	0.00640943	0.0141567	0.00224663	0.0118621	0.00948507	0.0164208	0.318094	0.0111844	0.01138	0.0257671	0.00254047	0.0536151	0.43112	0.0282149	0.0170892	0.00976809	0.000134179	0.00291643
15	0.0739749	0.00266103	0.037107	0.0364736	0.0164525	0.00745272	0.0499002	0.0541207	0.00548296	0.093216	0.019417	0.0210208	0.00139921	0.0917486	0.352872	0.00946617	0.0662521	0.0579589	0.000507411	0.00251633
16	0.186793	0.00117371	0.0464946	0.22785	0.00416783	0.0269426	0.0132046	0.0375772	0.0490155	0.0435885	0.0102958	0.0139356	0.0148492	0.116415	0.0921991	0.0357549	0.025106	0.0504537	0.000302759	0.00388042
17	0.0782653	0.0107373	0.00259712	0.0130575	0.023295	0.00975389	0.0121562	0.170653	0.00940109	0.125325	0.0460703	0.00934604	0.0141741	0.0108495	0.0234769	0.0215752	0.0423974	0.341968	0.000828298	0.0340724
18	0.0136323	0.000591432	0.409909	0.335573	0.00221307	0.0225299	0.0149674	0.00608125	0.0198685	0.00242972	0.00570239	0.0607721	0.0239054	0.0255314	0.00915021	0.029521	0.00659812	0.00351167	0.00106483	0.00644736
19	0.19157	0.00124467	0.0527981	0.208985	0.00395618	0.0223295	0.0114758	0.0411613	0.0450762	0.0390834	0.0136269	0.0136606	0.0122067	0.112058	0.107247	0.0421788	0.0280551	0.0490913	0.000414547	0.00378151
20	0.147275	0.00116431	0.0511807	0.253346	0.0055285	0.028967	0.0167384	0.0363391	0.0536625	0.0408506	0.00967515	0.0170945	0.01737	0.12264	0.0752908	0.0359963	0.0278489	0.0546133	0.000296466	0.00412253
21	0.0120505	0.00595545	0.00113462	0.0040588	0.0300258	0.00409471	0.00384371	0.143138	0.00365051	0.555596	0.132604	0.00226244	0.00157615	0.00499914	0.015061	0.00492872	0.016521	0.0515617	0.00298772	0.00394918
22	0.084289	0.000613468	0.188842	0.13076	0.000962649	0.0600083	0.0362288	0.0067532	0.0628615	0.00440256	0.00405822	0.0902692	0.0210965	0.0684513	0.0714179	0.11489	0.0456359	0.00330855	0.00028516	0.00486648
23	0.060698	0.00836025	0.0171809	0.0616169	0.001065	0.0223886	0.0324152	0.00905651	0.190295	0.0186517	0.0168852	0.0608204	0.000340736	0.120565	0.25631	0.0541247	0.0473457	0.0186515	0.000106846	0.00312201
24	0.0526532	0.0122515	0.0220703	0.041871	0.00673608	0.0592463	0.0431246	0.0135133	0.137944	0.0169899	0.0103621	0.0492777	0.003724	0.0903242	0.31898	0.0560044	0.0372945	0.0207991	0.000412577	0.00642093
25	0.0353954	0.00124408	0.316683	0.143318	0.00618462	0.0465296	0.0330225	0.0120467	0.019585	0.0144054	0.00334906	0.210229	0.00433238	0.0277775	0.0338467	0.044299	0.0348125	0.00764829	0.000422892	0.00486728
26	0.0824828	0.00799592	0.0168949	0.0858999	0.00254695	0.0365306	0.0364562	0.0107459	0.145053	0.0180672	0.0170383	0.0531829	0.00333346	0.11938	0.224756	0.0519552	0.0481227	0.0314744	0.000261247	0.00782267
27	0.043887	0.0141507	0.0148875	0.0424723	0.00208444	0.0320465	0.0507111	0.00926005	0.154063	0.0156066	0.0109677	0.0636635	0.000499841	0.0957375	0.346574	0.0440754	0.0381224	0.0165654	0.000178949	0.00444582
28	0.035277	0.0177842	0.00297982	0.0140905	0.00583374	0.0283595	0.0254831	0.0147195	0.106153	0.0110446	0.00549366	0.0126202	0.00122791	0.0355565	0.605441	0.0303762	0.0318129	0.0130219	0.000364141	0.00236093
29	0.0767138	0.0125661	0.00645708	0.0266586	0.0145729	0.0278797	0.0373834	0.0253038	0.0611293	0.031489	0.0150459	0.0160453	0.00349626	0.0446135	0.475377	0.0498703	0.0466667	0.0250427	0.000405211	0.00328378
30	0.0454831	0.0128521	0.0110836	0.0357198	0.00412278	0.0217866	0.0289825	0.0230766	0.186804	0.0211425	0.0198296	0.0495529	0.00215335	0.0869621	0.313187	0.0562212	0.045419	0.030909	0.000219495	0.00449247
31	0.0860898	0.00421612	0.00518538	0.0250178	0.0535823	0.0425439	0.038067	0.108157	0.0280626	0.147132	0.104931	0.0127766	0.00142539	0.0562488	0.177477	0.0383832	0.0258893	0.035473	0.000726922	0.00861463
32	0.130089	0.00179897	0.0115173	0.0491446	0.0158606	0.0163394	0.0247444	0.0196347	0.149357	0.0445919	0.0219938	0.0392283	0.0126922	0.0620132	0.119253	0.136523	0.0960944	0.0382756	0.000330286	0.010518
33	0.0308206	0.000399332	0.276972	0.423482	0.00872685	0.00315419	0.0118306	0.006833	0.0396245	0.0157244	0.000885191	0.0203989	0.00144505	0.0606627	0.0259592	0.0250561	0.0231262	0.0115999	0.00538638	0.00791332
34	0.0273037	0.00850375	0.00345778	0.0044792	0.263279	0.00485339	0.0233423	0.0260017	0.00791711	0.197371	0.0548119	0.00496253	0.00137748	0.0147751	0.0109759	0.0110256	0.0145229	0.0699171	0.12424	0.126883
35	0.0107662	0.00243325	0.00103299	0.0088376	0.0264575	0.0100105	0.0198983	0.282371	0.00357686	0.153815	0.0286086	0.0165731	0.01032	0.00249821	0.00474506	0.00907045	0.0103651	0.357652	0.000263206	0.0407051
36	0.172441	0.0387539	0.0168773	0.0355725	0.0162132	0.00893233	0.0161525	0.0143286	0.0229218	0.047001	0.0286881	0.0280547	0.0018483	0.0149951	0.0219971	0.228663	0.22074	0.0629539	0.000539434	0.002327
37	0.0630044	0.0108058	0.0110167	0.037234	0.00489463	0.020161	0.0238378	0.00917081	0.241465	0.0306216	0.0148307	0.040097	0.00104698	0.0991798	0.265721	0.0674537	0.0349247	0.0192396	0.000163197	0.00513217
38	0.102483	0.00266378	0.0727199	0.125923	0.00757791	0.00447668	0.0396945	0.00467758	0.069533	0.0586429	0.0463615	0.0724179	0.0016835	0.112522	0.0936946	0.0466299	0.101977	0.0263328	0.00560854	0.00437983
39	0.253399	0.0206873	0.00891985	0.100241	0.0384311	0.0140331	0.0160272	0.0202871	0.0480205	0.016921	0.00952383	0.014682	0.0193552	0.0214585	0.0150878	0.128853	0.0701339	0.113111	0.027766	0.043061
40	0.0159214	0.0141272	0.000869131	0.00307921	0.0123593	0.00142511	0.0026396	0.428364	0.00277758	0.0819846	0.0375673	0.00235936	0.00236978	0.00240868	0.00209021	0.00647413	0.0210524	0.357001	0.000112976	0.00501645
41	0.109814	0.00235825	0.0148413	0.0460161	0.0178981	0.0179015	0.0224347	0.00977651	0.236018	0.0645577	0.0261184	0.0258629	0.00402594	0.0688146	0.128555	0.113461	0.0531711	0.0206706	0.000356036	0.0173485
42	0.0433087	0.00902073	0.0143417	0.0375957	0.00700323	0.0210144	0.0590506	0.00859898	0.200904	0.0163823	0.0115438	0.0895228	0.00122835	0.0965132	0.265224	0.0482151	0.0439039	0.0171221	0.00019235	0.00931402
43	0.056208	0.0130907	0.0129045	0.050294	0.00184102	0.0209918	0.0358172	0.0107276	0.17861	0.0198839	0.0138459	0.0564686	0.000694667	0.104044	0.300397	0.0547166	0.0473268	0.0188972	0.000134835	0.00310513
44	0.026411	0.00850464	0.0204254	0.0178292	0.257955	0.00815099	0.0120083	0.0991107	0.00651248	0.23355	0.0625892	0.00994162	0.00158806	0.0138598	0.00996869	0.0209531	0.0244647	0.0554098	0.007308	0.10346
45	0.0118357	0.00701818	0.0033646	0.00526774	0.00170952	0.00916679	0.00500835	0.0184435	0.352778	0.0080126	0.00948278	0.0204054	0.00247837	0.043076	0.463229	0.0205417	0.00848332	0.00682408	7.35589e-05	0.00280048
46	0.018156	0.00110869	0.0954966	0.0606358	0.0128793	0.0138369	0.044615	0.00740782	0.0609086	0.0151902	0.00273119	0.239804	0.000614899	0.102699	0.0307206	0.181105	0.069436	0.0143284	0.000172633	0.0281538
47	0.0183936	0.0100416	0.00493448	0.00760963	0.289827	0.00716952	0.0100506	0.155532	0.00526649	0.145968	0.0455766	0.00833033	0.00316708	0.0102015	0.00924998	0.0186038	0.0173115	0.0959936	0.00607429	0.130698
48	0.0142141	0.00783172	0.00266435	0.00325339	0.313324	0.00513457	0.00809503	0.0932594	0.00266441	0.236826	0.055679	0.0069825	0.00161928	0.00748675	0.00610833	0.0125209	0.0130575	0.0528154	0.0080913	0.148372
49	0.04607	0.0302575	0.00728279	0.0429934	0.00901589	0.00710619	0.0365539	0.0295392	0.0993516	0.163987	0.0669485	0.0837127	0.00239389	0.0453367	0.122527	0.0456835	0.0873716	0.0212548	0.00115751	0.051456
50	0.0224378	0.00134545	0.0827044	0.070647	0.012104	0.0137859	0.0489274	0.00772793	0.0685136	0.0154507	0.00371732	0.222874	0.00104626	0.103874	0.0325579	0.177738	0.0741619	0.0131972	0.000388435	0.026801
51	0.0130131	0.0235492	0.00470757	0.00126649	0.330373	0.00472373	0.0287726	0.00889579	0.00117637	0.0103449	0.00209249	0.00272804	0.00395991	0.00160214	0.00152435	0.011307	0.0101449	0.00452824	0.00555484	0.529735
52	0.0393254	0.0137317	0.0102516	0.0455016	0.0103783	0.0107263	0.0175662	0.0887724	0.0664478	0.0497692	0.0228935	0.0334839	0.00951561	0.0456969	0.0699055	0.118554	0.16594	0.17012	0.000215296	0.0112035
53	0.00915982	0.00635497	0.00329904	0.00404652	0.00203875	0.00799434	0.00387847	0.0204122	0.357925	0.0107289	0.0103336	0.017635	0.00283538	0.0392151	0.467704	0.0204933	0.00726538	0.00628603	0.000112935	0.00228128
54	0.00223286	0.00156855	0.000444102	0.000627959	0.00636919	0.000581403	0.000706411	0.675556	0.00282952	0.122047	0.0474666	0.00197681	0.000423249	0.000817811	0.000744988	0.00165814	0.00773956	0.125352	0.00013964	0.000717773
55	0.0523208	0.00946065	0.0161557	0.0522732	0.000782695	0.0207309	0.0363315	0.00841498	0.199775	0.0176389	0.0143532	0.0651047	0.00121095	0.117624	0.265842	0.0541686	0.0455029	0.0191536	0.000131071	0.00302495
56	0.0980887	0.00276093	0.0818118	0.132647	0.00643682	0.00427799	0.0477268	0.00372405	0.0645061	0.0596023	0.0427581	0.0753221	0.00123746	0.124915	0.0868891	0.0386715	0.0979837	0.0225348	0.00450694	0.00359867
57	0.0187283	0.00758154	0.00316831	0.00882333	0.0368431	0.00319726	0.00682703	0.144642	0.00603488	0.46042	0.149698	0.00493365	0.0017958	0.00951091	0.0138019	0.0102324	0.0246589	0.0714563	0.00550857	0.0121372
58	0.270445	0.114886	0.00830316	0.0182027	0.0100457	0.0762405	0.0111775	0.091844	0.0179175	0.00972097	0.00711598	0.00710072	0.00300616	0.00833435	0.0218819	0.0725623	0.0423992	0.199304	0.00146049	0.00805135
59	0.0309702	0.00174984	0.281738	0.0909372	0.00736376	0.0256131	0.0330329	0.0114036	0.0273168	0.0137296	0.00282388	0.250137	0.0035343	0.0362047	0.0198953	0.102341	0.0424812	0.00896679	0.000390329	0.00937005
60	0.102912	0.00268658	0.0147992	0.0465303	0.0161788	0.0183092	0.0220491	0.00904632	0.240067	0.0635154	0.025072	0.0280658	0.00318294	0.0733723	0.140926	0.107161	0.0509024	0.0192628	0.000308637	0.0156517
61	0.173084	0.0423971	0.00370476	0.0835824	0.00485321	0.0948117	0.0909693	0.0066692	0.0369754	0.00660675	0.00489424	0.00884589	0.00275973	0.265128	0.04398	0.090741	0.021773	0.0122183	0.000832777	0.00517314
62	0.150134	0.0145208	0.00777454	0.0143155	0.00647473	0.0242343	0.0121319	0.0137026	0.01274	0.0141721	0.0087406	0.0295077	0.0214677	0.0216144	0.019066	0.323477	0.275149	0.0232214	0.000664052	0.00689225
63	0.00856234	0.00624966	0.000595679	0.00050609	0.0524816	0.00146656	0.000878234	0.139702	0.0010875	0.614824	0.0971541	0.000827329	0.00139761	0.00130358	0.00369247	0.00183565	0.012066	0.0408814	0.00389986	0.0105893
64	0.0267638	0.00364849	0.110859	0.215546	0.0105573	0.00755383	0.0359332	0.107126	0.0108105	0.151187	0.041709	0.00689515	0.00203335	0.0512275	0.00575964	0.0128869	0.0123651	0.181261	0.000651063	0.00522545
65	0.00564338	0.00567083	0.00086676	0.0045013	0.0153657	0.00441177	0.00825339	0.400132	0.00320447	0.122304	0.0257379	0.0103395	0.00537957	0.00171585	0.00215981	0.00549888	0.0110114	0.351484	0.000140893	0.0161774
66	0.0301924	0.00178618	0.306622	0.0743497	0.00602237	0.019266	0.0258403	0.0108539	0.0196007	0.018461	0.00280248	0.277488	0.00102365	0.0232462	0.0124665	0.119169	0.0363278	0.00740378	0.000338926	0.00673936
67	0.0130611	0.0233673	0.00466871	0.00124299	0.331468	0.00469805	0.0283553	0.00972178	0.00117189	0.0113243	0.00241542	0.00278037	0.00391445	0.00173408	0.00152972	0.0114228	0.010181	0.00472561	0.00548793	0.526729
68	0.0502289	0.0340525	0.0512376	0.060379	0.0111379	0.00706626	0.011901	0.0782699	0.0195946	0.113663	0.0484492	0.0937878	0.00312719	0.0436441	0.0254124	0.0471478	0.158987	0.131526	0.000959312	0.00942844
69	0.00709875	0.00631172	0.000626609	0.00110755	0.029854	0.00148933	0.00175176	0.318851	0.00157083	0.413382	0.0710468	0.00171363	0.00171589	0.00135424	0.00312201	0.00236813	0.011371	0.1204	0.00233278	0.00253245
70	0.395329	0.00646199	0.00274399	0.00759473	0.00876877	0.0865721	0.0056552	0.0201126	0.00423521	0.0413477	0.0135029	0.0191476	0.0405499	0.013194	0.00894425	0.16705	0.0564689	0.0877987	0.00056685	0.0139556
71	0.0441947	0.00923867	0.00476417	0.011412	0.130157	0.00817843	0.01786	0.0684094	0.0199997	0.202718	0.0636046	0.00659546	0.00335152	0.04202	0.0446378	0.029941	0.0371079	0.0967633	0.0450166	0.11403
72	0.0276555	0.00856911	0.00340885	0.00431348	0.262579	0.00486556	0.0229463	0.0260791	0.00799978	0.199017	0.054138	0.00482516	0.00138248	0.0146345	0.0109191	0.0110341	0.0142867	0.069476	0.125424	0.126445
73	0.00533194	0.00959025	0.00109593	0.002428	0.0118631	0.00232491	0.00340307	0.383613	0.00240714	0.17905	0.032538	0.00393465	0.00335398	0.00151383	0.00164742	0.00444841	0.011113	0.333989	0.000374325	0.00597988
74	0.156902	0.00921146	0.00813089	0.0655153	0.0114735	0.0238115	0.0145492	0.0198066	0.0155499	0.0196306	0.0103285	0.046168	0.0754042	0.0258775	0.0143515	0.211968	0.0428199	0.20926	0.00336002	0.0158819
75	0.0407349	0.000449983	0.247687	0.390066	0.00975681	0.00274585	0.0153074	0.00648376	0.041621	0.0220494	0.00621703	0.0274964	0.000705063	0.0704851	0.0321381	0.0255737	0.0352534	0.0126827	0.00538818	0.00715779
76	0.277687	0.111212	0.00722245	0.0790538	0.00972579	0.018092	0.0693299	0.0522599	0.0416757	0.014585	0.0095341	0.0172978	0.00421321	0.0131945	0.0174365	0.0789545	0.0285661	0.10805	0.00446578	0.0374434
77	0.079511	0.00218728	0.012409	0.0101668	0.0017889	0.0110109	0.00885092	0.00427042	0.015724	0.00815436	0.00257773	0.00736007	0.689521	0.0198021	0.0172045	0.069275	0.0194261	0.0183809	0.000196092	0.00218271
78	0.114412	0.00153747	0.0149205	0.0589121	0.017429	0.0158778	0.023599	0.0220759	0.146865	0.0487361	0.024899	0.0360699	0.00940726	0.0615101	0.114544	0.128421	0.108589	0.0395276	0.000426891	0.0122409
79	0.0382311	0.0239967	0.000986217	0.00487369	0.0162119	0.00210024	0.00365289	0.227809	0.00559029	0.0931611	0.0718127	0.0024311	0.00196496	0.00644622	0.00435354	0.0125691	0.0675892	0.402044	0.0002055	0.013971
80	0.0085255	0.00618893	0.000633852	0.000646904	0.0417194	0.00148677	0.000845657	0.142193	0.0011605	0.626831	0.0989002	0.000761245	0.00145972	0.00128718	0.0038382	0.00161782	0.0120524	0.0417785	0.00398084	0.00409331
81	0.134226	0.00108306	0.0671302	0.257729	0.00356638	0.029725	0.0183162	0.0240039	0.0566216	0.0322905	0.00733434	0.0150018	0.0348964	0.120381	0.0657513	0.0490399	0.0269577	0.0490869	0.000323772	0.0065352
82	0.0113809	0.00216495	0.00103778	0.00907987	0.0266099	0.0106678	0.0208091	0.277452	0.00366066	0.15451	0.0287013	0.0168783	0.0112343	0.00247152	0.00471135	0.00926514	0.0103214	0.357027	0.000275942	0.0417409
83	0.0089534	0.00649423	0.000682526	0.000870641	0.0395738	0.00153527	0.00176175	0.132099	0.00113613	0.622262	0.112575	0.000672907	0.00161492	0.00132101	0.0040413	0.00216187	0.0124451	0.0404816	0.00591193	0.00340604
84	0.0215021	0.000808997	0.378161	0.111076	0.00602407	0.0293557	0.0380084	0.0116093	0.0129827	0.00981358	0.0013205	0.271092	0.00184534	0.0165193	0.0137511	0.0412305	0.0232367	0.00528929	0.000148005	0.00622462
85	0.0325726	0.000388256	0.270819	0.423208	0.00912318	0.0028832	0.0119592	0.00706744	0.040823	0.0167752	0.000705205	0.0196808	0.000779894	0.0619125	0.0276238	0.0244973	0.0238027	0.0116796	0.00563834	0.00806062
86	0.0547891	0.0274402	0.00143894	0.00933203	0.00165104	0.00160843	0.00133464	0.124541	0.00162038	0.0361102	0.0142455	0.00163025	0.000605229	0.00293279	0.0033744	0.0168345	0.0304029	0.668847	0.000217482	0.00104389
87	0.682177	0.00313158	0.00130741	0.00234973	0.00248575	0.0894389	0.00244464	0.0124528	0.00194049	0.0331988	0.00266468	0.00271946	0.00733273	0.00241459	0.00262406	0.0675784	0.0457732	0.0334268	0.000230693	0.00430777
88	0.0283704	0.00400946	0.00250538	0.0229158	0.00247772	0.00338958	0.0113078	0.00454507	0.186612	0.097542	0.168942	0.0518648	0.00154279	0.0995484	0.151047	0.0238872	0.0956752	0.00618251	0.000570342	0.0370645
89	0.0433334	0.000434674	0.258876	0.372619	0.00736337	0.00931871	0.0156081	0.00734922	0.0478745	0.0133977	0.00079618	0.0294758	0.00601149	0.0606215	0.0356785	0.0409801	0.0260417	0.0112886	0.00440929	0.00852213
90	0.087054	0.00701908	0.0142653	0.0890249	0.110607	0.00602355	0.030214	0.0981658	0.0102774	0.115722	0.0598949	0.00933906	0.00210959	0.0390784	0.0122905	0.020085	0.0480735	0.226744	0.000901115	0.0131111
91	0.0519594	0.0262693	0.00100632	0.00466754	0.00663766	0.00151966	0.00137549	0.137843	0.00378138	0.065171	0.0521816	0.00178936	0.000667165	0.00443658	0.00397053	0.0172899	0.0905499	0.519532	0.000208798	0.00914375
92	0.0244734	0.00607096	0.00317373	0.0681091	0.0545476	0.00686138	0.0283709	0.111669	0.0412242	0.258576	0.12062	0.0273029	0.00148836	0.0383255	0.0882166	0.0198572	0.0225692	0.0509721	0.00158563	0.0259863
93	0.113318	0.00144107	0.0136453	0.0549777	0.017338	0.0163307	0.0245819	0.0213091	0.154602	0.048835	0.0241032	0.0360444	0.00922128	0.0608503	0.119121	0.131213	0.102678	0.0378309	0.000332415	0.0122278
94	0.0375838	0.00557217	0.00466799	0.026144	0.0347872	0.00429739	0.0306146	0.142114	0.0153468	0.28118	0.134358	0.0105817	0.000871991	0.0233617	0.0402204	0.0218675	0.0390375	0.121747	0.00124633	0.0244009
95	0.0130131	0.0235492	0.00470757	0.00126649	0.330373	0.00472373	0.0287726	0.00889579	0.00117637	0.0103449	0.00209249	0.00272804	0.00395991	0.00160214	0.00152435	0.011307	0.0101449	0.00452824	0.00555484	0.529735
96	0.050254	0.00092221	0.0125435	0.00626699	0.0011892	0.00953698	0.00842803	0.0022774	0.0152295	0.00687831	0.00110399	0.00824505	0.745291	0.0176221	0.0174143	0.0647161	0.015936	0.0146924	0.000258852	0.00119368
97	0.0177737	0.0009887	0.0926621	0.0616874	0.0131878	0.0140618	0.0453694	0.00720665	0.061249	0.0145262	0.00254493	0.241374	0.000581224	0.104413	0.0287516	0.182623	0.0706272	0.0132137	0.000177293	0.0269806
98	0.0238054	0.0178973	0.0135906	0.0120786	0.276056	0.00770498	0.0321927	0.0239876	0.00929584	0.044688	0.0152513	0.0206676	0.00462402	0.0130785	0.011918	0.0271435	0.0217867	0.0243504	0.00719329	0.39269
99	0.0869408	0.000591589	0.190851	0.132978	0.000711179	0.0574125	0.0355949	0.00754071	0.066249	0.00230282	0.00248459	0.0805779	0.0257562	0.0626446	0.0726292	0.122069	0.0444704	0.00289731	0.000176118	0.0051226
100	0.0630902	0.00711376	0.0432529	0.0685767	0.00166428	0.0231222	0.0336403	0.00678551	0.159832	0.019523	0.0185135	0.0748051	0.0018589	0.122176	0.217338	0.0615311	0.0569232	0.0160536	0.000579789	0.00362065
101	0.0134768	0.0190582	0.000966269	0.00232027	0.0196858	0.00115829	0.00253326	0.428315	0.00302307	0.0699787	0.0347988	0.00231097	0.00326234	0.00317645	0.00116384	0.00642276	0.0256308	0.358225	0.000217153	0.00427584
102	0.0496138	0.0662872	0.00486829	0.0352577	0.0108445	0.00839609	0.0411279	0.0478014	0.0906964	0.0265077	0.0296143	0.0285039	0.00309533	0.0751278	0.0862927	0.087809	0.164741	0.133999	0.000375001	0.00904138
103	0.0675956	0.00468371	0.0932918	0.184156	0.00475208	0.0208285	0.0546344	0.0277574	0.0913265	0.0227188	0.00887489	0.0377853	0.00920976	0.131435	0.126705	0.0423237	0.0306792	0.0347564	0.0012143	0.00527138
104	0.0145861	0.0306968	0.00142948	0.00253822	0.0117484	0.00127059	0.00162116	0.386269	0.00180855	0.050597	0.0218923	0.0015173	0.00265461	0.00218221	0.00118478	0.00802036	0.0196337	0.439101	0.000118419	0.00112948
105	0.0203786	0.00476462	0.0207443	0.0105204	0.122717	0.00336834	0.216067	0.00642908	0.106277	0.0239008	0.00950602	0.123222	0.00159475	0.0138513	0.145978	0.0557191	0.0153744	0.0133651	0.000641147	0.0855805
106	0.0207967	0.0195307	0.00133274	0.00348197	0.00644075	0.00101003	0.00138736	0.268824	0.00207543	0.0475685	0.0178485	0.00162092	0.0021406	0.00152148	0.00226759	0.0118165	0.0197806	0.568672	8.8573e-05	0.0017949
107	0.0471042	0.0402898	0.00847727	0.0258259	0.0119746	0.0183823	0.0476651	0.0634632	0.0446726	0.0372625	0.0227121	0.0211663	0.00388753	0.0413826	0.360529	0.05318	0.0604154	0.079783	0.000674681	0.0111524
108	0.00466602	0.00948885	0.000957038	0.00161718	0.00878653	0.000834075	0.00149595	0.537205	0.00225134	0.0803398	0.0275738	0.00198915	0.00199915	0.00129621	0.000670191	0.00345721	0.0108583	0.302816	7.46089e-05	0.00162375
109	0.138187	0.0400758	0.0108635	0.0390829	0.0161592	0.0242192	0.0136092	0.0178301	0.0194314	0.0366194	0.0177119	0.0183332	0.00152808	0.00948107	0.0246352	0.259758	0.235878	0.0718182	0.000814475	0.00396422
110	0.020681	0.000678019	0.391831	0.129172	0.00513766	0.0305404	0.0372432	0.0102613	0.0132461	0.00863494	0.00157981	0.247223	0.00393372	0.0176579	0.0133916	0.0366363	0.0211741	0.00468316	0.000187618	0.00610726
111	0.0273811	0.00866645	0.00333895	0.00458518	0.251616	0.00494321	0.0210569	0.0310219	0.00845558	0.20287	0.0585214	0.00480479	0.00151224	0.015762	0.0119249	0.0117755	0.0153708	0.0748517	0.115767	0.125775
112	0.053764	0.00552917	0.0159313	0.0138661	0.00449594	0.0190367	0.0130379	0.0150605	0.0118124	0.0138676	0.00605543	0.039082	0.383688	0.0196783	0.0167166	0.140958	0.194854	0.0268364	0.00069118	0.0050386
113	0.0134085	0.00516674	0.00138291	0.00652745	0.0137334	0.0109313	0.00978973	0.250375	0.0201108	0.137531	0.0322452	0.0110151	0.00807964	0.00664659	0.0132594	0.0266897	0.0609701	0.341145	0.000336418	0.0306562
114	0.0512588	0.0364117	0.00544507	0.0435958	0.0166423	0.00487548	0.0173144	0.114741	0.0460431	0.0638784	0.0495727	0.0344098	0.0032294	0.0444835	0.0622245	0.0978768	0.111075	0.172294	0.000185088	0.0244433
115	0.0401276	0.0036087	0.169526	0.265555	0.0470082	0.0319316	0.0371083	0.0512931	0.0200005	0.0427945	0.0129343	0.0382408	0.00473303	0.0314117	0.0211005	0.0360491	0.0639661	0.0279788	0.00213532	0.0524971
116	0.0891326	0.000597336	0.189351	0.133755	0.000757903	0.0533532	0.0338141	0.00750366	0.0672183	0.00237553	0.00244351	0.0789874	0.0280265	0.0621934	0.0718491	0.123935	0.0457371	0.00325643	0.000168101	0.00554409
117	0.00168258	0.000779385	0.000426389	0.000516185	0.00581878	0.000492342	0.000574154	0.684285	0.00238523	0.131	0.0439025	0.00190185	0.000301847	0.000717464	0.000700807	0.00162227	0.00637431	0.116101	7.48454e-05	0.000343255
118	0.0332591	0.00987878	0.0148271	0.0256602	0.00625577	0.0212514	0.0236779	0.0193606	0.214685	0.0240464	0.0127327	0.035608	0.00960782	0.0582147	0.389905	0.0410623	0.0324019	0.0195951	0.000745866	0.00722354
119	0.0565349	0.00130294	0.169752	0.11972	0.00722362	0.0237442	0.0337561	0.00633434	0.0522494	0.0173596	0.015073	0.145148	0.00862451	0.0867678	0.0419269	0.120419	0.06707	0.0105996	0.000950173	0.0154437
120	0.00850848	0.00639936	0.000876402	0.00106134	0.038677	0.00142646	0.00136823	0.176716	0.00137098	0.584805	0.0929382	0.00103298	0.00155984	0.00157252	0.00409007	0.0023013	0.0124185	0.0563102	0.00373712	0.00282981
121	0.0186092	0.00806304	0.00668004	0.0122495	0.00215253	0.0172623	0.014453	0.0153041	0.306255	0.00909735	0.009382	0.0281208	0.00223104	0.0509597	0.447219	0.0253885	0.014626	0.0089262	0.000123498	0.00289745
122	0.0570336	0.0300901	0.0178145	0.0631094	0.0035533	0.0204118	0.0840766	0.0108086	0.122038	0.0427223	0.0169723	0.0880577	0.00125682	0.117355	0.176709	0.0457308	0.0589063	0.0185348	0.00088186	0.0239368
123	0.0510618	0.0367959	0.00547171	0.043247	0.016203	0.00498803	0.0172648	0.114827	0.0459953	0.0638041	0.049638	0.0345357	0.00321353	0.0446738	0.0620243	0.0978807	0.111777	0.172124	0.000184801	0.0242892
124	0.0215773	0.000825412	0.372895	0.11282	0.00617155	0.0302749	0.0426457	0.0118128	0.013309	0.00970866	0.00131659	0.266327	0.0021725	0.0170626	0.0145779	0.0403015	0.0241171	0.00572402	0.00017854	0.00618198
125	0.0133939	0.00812875	0.00152587	0.00405054	0.0268104	0.00269446	0.00434282	0.189486	0.00291151	0.476998	0.0942909	0.00330257	0.0022019	0.00370658	0.00697982	0.00656603	0.0208257	0.122343	0.00253678	0.0069053
126	0.0297202	0.000993818	0.33115	0.11932	0.00648077	0.0569755	0.0367383	0.0114964	0.0148163	0.00968927	0.00170291	0.252361	0.00177203	0.0209372	0.0219959	0.0413995	0.0310656	0.00628214	0.000213227	0.00488937
127	0.0862256	0.0521158	0.00544805	0.0205446	0.0229353	0.0183258	0.0179339	0.0267129	0.130819	0.0188907	0.0289896	0.0179389	0.00320875	0.117273	0.112715	0.09244	0.134875	0.0861039	0.000389627	0.00611455
128	0.0105395	0.00664506	0.000802824	0.00188678	0.0450918	0.00192429	0.00199939	0.132095	0.00171277	0.602785	0.108088	0.00112457	0.00141004	0.00261919	0.00572204	0.00342123	0.0143909	0.0447236	0.0054267	0.0075916
129	0.00601923	0.0150992	0.00119618	0.00157506	0.010927	0.000555783	0.00125607	0.467616	0.00215251	0.0628673	0.0220895	0.00165978	0.00250197	0.00152597	0.000578202	0.00431106	0.013347	0.384175	6.54728e-05	0.000481223
130	0.00880361	0.00755647	0.0025855	0.00327557	0.00150291	0.00879155	0.00374249	0.0167857	0.356643	0.00661184	0.00858092	0.0179975	0.00219831	0.0406211	0.481223	0.0181858	0.00710447	0.00587563	6.25196e-05	0.00185187
131	0.0329055	0.0198132	0.00157072	0.00547452	0.00255635	0.00282344	0.00240216	0.140801	0.0114497	0.0526847	0.0175809	0.00492323	0.0029744	0.00588296	0.0106104	0.0348733	0.0792564	0.566494	0.000263479	0.00465945
132	0.090844	0.0105104	0.00343016	0.0541555	0.00474128	0.135403	0.04613	0.0352005	0.00584864	0.0241104	0.00429669	0.00754667	0.00227882	0.00771456	0.0534193	0.298941	0.152002	0.0407409	0.000671013	0.0220145
133	0.0819171	0.00278622	0.00607708	0.0170935	0.00589983	0.771631	0.00517255	0.00347229	0.00602693	0.00483248	0.00241747	0.00835545	0.00288593	0.00836373	0.0165266	0.0304106	0.0147891	0.00652318	0.000422055	0.00439734
134	0.0223024	0.0203456	0.00284263	0.00508406	0.0114704	0.00341178	0.00394784	0.304038	0.0040426	0.070422	0.0267435	0.0044613	0.00422388	0.00368834	0.00401099	0.0130853	0.0256006	0.463811	0.000258284	0.00621007
135	0.0181846	0.0248378	0.00135471	0.003087	0.00767131	0.000727554	0.00125411	0.306051	0.00136464	0.0451881	0.0180208	0.00115723	0.00189621	0.00157585	0.00158577	0.00965452	0.0181796	0.537367	7.80823e-05	0.000764348
136	0.0457706	0.0140251	0.00915433	0.0177196	0.00816166	0.016947	0.0154521	0.0820263	0.0227205	0.0276859	0.0168142	0.0342185	0.0256679	0.0227642	0.0286759	0.228271	0.306617	0.0666584	0.000762588	0.00988629
137	0.0660075	0.033118	0.00720636	0.0265882	0.00780859	0.0179031	0.0248513	0.0214045	0.171053	0.0156112	0.0158253	0.0322029	0.00163882	0.0917104	0.29405	0.0740743	0.0610552	0.0340647	0.000495344	0.00333167
138	0.0583218	0.0342585	0.00850703	0.0327384	0.0086372	0.0172807	0.0320008	0.0433105	0.0849819	0.03251	0.0320197	0.0451917	0.00382823	0.0699152	0.185728	0.106913	0.110692	0.0837067	0.000310581	0.00914869
139	0.0239837	0.00554571	0.0032995	0.00558373	0.00309138	0.0237611	0.00650925	0.0110234	0.00667577	0.00519988	0.00418547	0.0256693	0.0130005	0.0211578	0.0105498	0.524014	0.292472	0.00965391	0.000758972	0.00386489
140	0.129043	0.0154733	0.00830013	0.0114651	0.0163989	0.108965	0.0146163	0.0163109	0.00992817	0.025449	0.0144406	0.0563626	0.0770763	0.0249365	0.0146731	0.312258	0.0620926	0.0447893	0.00193419	0.0354876
141	0.00768271	0.0145052	0.00127594	0.00172337	0.0100453	0.000539757	0.00111219	0.430187	0.00158403	0.0606612	0.023206	0.0013577	0.00215077	0.00143502	0.000675543	0.00487238	0.0124767	0.424073	6.16036e-05	0.000373919
142	0.0113599	0.00795466	0.00281261	0.0014878	0.436812	0.0054679	0.00730383	0.0685301	0.00172199	0.131575	0.0399904	0.00745864	0.00062308	0.00680041	0.00198328	0.0127765	0.0104814	0.0312591	0.00821746	0.205385
143	0.0582842	0.00239161	0.0166256	0.0101094	0.00158416	0.012394	0.00969491	0.00673159	0.0146384	0.00928471	0.00281642	0.00996221	0.680996	0.0193954	0.0178635	0.0798494	0.0242644	0.020721	0.00026338	0.00212971
144	0.0587783	0.00877507	0.0177169	0.0476788	0.0102969	0.0161826	0.0309635	0.0181714	0.182881	0.0564506	0.0365764	0.0424978	0.00857721	0.128893	0.177652	0.0606276	0.05267	0.0273076	0.00170121	0.0156012
145	0.0211342	0.00917205	0.00264963	0.00969897	0.0734191	0.00422177	0.0101958	0.102085	0.0171552	0.403884	0.126897	0.00835107	0.00193939	0.0147999	0.0235354	0.0131105	0.0280051	0.0656931	0.0172218	0.0468312
146	0.0804981	0.00576251	0.0166816	0.0480683	0.00818743	0.0215535	0.0259681	0.00779504	0.228641	0.0411625	0.0213274	0.0433909	0.00157827	0.103929	0.191893	0.0854901	0.0415504	0.0175869	0.000217403	0.00871904
147	0.0377311	0.0234254	0.00117098	0.00492713	0.000820496	0.000783167	0.000767775	0.134301	0.000688435	0.0365664	0.0141861	0.000811156	0.000418716	0.00110553	0.00283591	0.0156201	0.0280275	0.694815	0.000126498	0.000871
148	0.0333151	0.00447512	0.00399208	0.0164865	0.00534584	0.00611665	0.0128365	0.00821599	0.218298	0.0487699	0.164418	0.0233198	0.00301527	0.0633774	0.131468	0.0229933	0.103867	0.0101461	0.00109899	0.118445
149	0.0107176	0.00983315	0.00276193	0.00131662	0.430211	0.00495113	0.00822691	0.059906	0.00148436	0.126616	0.036181	0.00724393	0.000762816	0.00583271	0.00184366	0.0122887	0.0103962	0.0290086	0.00856053	0.231857
150	0.0197671	0.0025275	0.253033	0.0767176	0.0131372	0.0205931	0.0252974	0.0338552	0.0305645	0.0232407	0.00318397	0.271696	0.00120323	0.029986	0.0256175	0.0758084	0.0589663	0.0250365	0.000455286	0.00931383
151	0.0940692	0.133794	0.0158907	0.0250859	0.0285571	0.0303841	0.0338848	0.0692858	0.0393429	0.0494655	0.0270499	0.0318579	0.0110192	0.0360481	0.0600203	0.104317	0.0612218	0.113351	0.00338852	0.0319659
152	0.0465668	0.00430556	0.00435837	0.00449147	0.00778977	0.0848023	0.0135826	0.0437168	0.00376173	0.0660617	0.0507609	0.0750728	0.043225	0.0501879	0.0364082	0.181409	0.133883	0.131297	0.00043982	0.0178799
153	0.10624	0.00695654	0.00970181	0.0364406	0.00471927	0.0258346	0.0308942	0.00912087	0.180783	0.0175776	0.0108079	0.0759733	0.00181775	0.090051	0.232782	0.0877896	0.0368539	0.0319511	0.000238953	0.00346631
154	0.100604	0.120869	0.0131187	0.0269369	0.0429978	0.0302289	0.0277449	0.0736911	0.0355993	0.0499004	0.0269819	0.0284668	0.00949243	0.0385197	0.0537373	0.108844	0.059875	0.103896	0.00496723	0.0435275
155	0.016199	0.00292213	0.0776882	0.0478085	0.0103715	0.0754039	0.0409671	0.00634251	0.0624611	0.0161583	0.00307409	0.214568	0.00131318	0.0900846	0.0294418	0.205462	0.0651569	0.0131076	0.00031013	0.0211597
156	0.0830738	0.00276102	0.0218594	0.0796349	0.112763	0.00368579	0.0463799	0.0374941	0.00288833	0.0471986	0.0304615	0.0571783	0.0108166	0.0114824	0.0220558	0.0750944	0.0940324	0.0340226	0.000367051	0.22675
157	0.00632437	0.00160565	0.00178273	0.00379327	0.0017763	0.00567525	0.00323225	0.198514	0.0377482	0.10464	0.0122257	0.0115166	0.00972402	0.0113364	0.0301925	0.0632042	0.106108	0.377384	0.0003796	0.012837
158	0.0281384	0.00704185	0.00289703	0.016761	0.0411821	0.0032105	0.0133134	0.151785	0.0170047	0.413705	0.102834	0.00835808	0.00114527	0.0205522	0.0301058	0.0132292	0.031197	0.0827571	0.00233053	0.0124528
159	0.0826603	0.012002	0.0143252	0.0239885	0.00917658	0.295763	0.0170366	0.0155708	0.0229424	0.0170851	0.0116309	0.0365882	0.00979319	0.0270031	0.0377381	0.211539	0.112742	0.0291502	0.000778216	0.0124862
160	0.05424	0.00260988	0.0156234	0.0090928	0.00161028	0.0113587	0.0100522	0.00373744	0.0135719	0.00772742	0.00176708	0.00895921	0.70246	0.0181943	0.0171496	0.0836952	0.0218189	0.013951	0.000427471	0.00195312
161	0.0112315	0.0072476	0.0027644	0.00193837	0.431785	0.00581909	0.00767072	0.0812902	0.001601	0.12949	0.0398343	0.00804764	0.000826368	0.00635886	0.00226391	0.0132426	0.010518	0.0377767	0.00523989	0.195054
162	0.0679777	0.015587	0.00844674	0.015211	0.173751	0.0147715	0.017869	0.053605	0.00631311	0.0812136	0.0317282	0.0129192	0.0157724	0.0488105	0.0536408	0.0869758	0.0604942	0.070667	0.00320542	0.161041
163	0.0467757	0.0338426	0.00464881	0.0156867	0.0217483	0.00268213	0.00913576	0.147805	0.0143788	0.154353	0.111948	0.0119383	0.00183977	0.0266328	0.0168949	0.0289697	0.108759	0.220823	0.000592628	0.0205448
164	0.0184226	0.000984193	0.094378	0.0628339	0.0129512	0.0148649	0.0452411	0.00720672	0.0610639	0.0144939	0.00255754	0.23953	0.0009337	0.103008	0.029051	0.18204	0.0708028	0.0128828	0.000176615	0.0265771
165	0.0316915	0.00346674	0.00150246	0.00657114	0.0243208	0.0222346	0.0150087	0.255367	0.00661046	0.115031	0.0176451	0.0117865	0.051357	0.00453632	0.00872655	0.019194	0.0161659	0.362349	0.000258024	0.0261778
166	0.0673187	0.00532047	0.0131946	0.0118824	0.00430067	0.0739111	0.0334326	0.0109651	0.025008	0.0109254	0.00997267	0.137532	0.00777048	0.0598669	0.0626	0.237968	0.197861	0.0220832	0.000589638	0.00749713
167	0.0513623	0.0362995	0.00547435	0.0435877	0.0165769	0.00488999	0.0173317	0.114555	0.0462521	0.063862	0.0495578	0.0344829	0.00323805	0.0445629	0.062345	0.0979487	0.111115	0.171892	0.000183663	0.024482
168	0.0950427	0.113258	0.0143037	0.0206762	0.0553981	0.0283825	0.0266988	0.0768118	0.0306426	0.0756015	0.0312306	0.0258268	0.00788756	0.0310166	0.0403786	0.094945	0.0552724	0.116684	0.0030331	0.0569101
169	0.078848	0.0103196	0.00487608	0.0198617	0.0239905	0.0306029	0.0100464	0.0510731	0.0210583	0.0395858	0.0199908	0.0250353	0.194103	0.043004	0.0256266	0.173926	0.109301	0.103127	0.00104501	0.0145783
170	0.0313433	0.00708436	0.015569	0.131246	0.00791889	0.076729	0.0653207	0.01371	0.0183427	0.0148201	0.0101351	0.0693813	0.00511319	0.122331	0.0480033	0.220251	0.0296401	0.101584	0.00142345	0.0100537
171	0.100799	0.124735	0.0177134	0.0274341	0.0363446	0.0327189	0.0285008	0.073588	0.0352643	0.0618353	0.0307322	0.0256974	0.0123867	0.0347872	0.0507966	0.106908	0.0577472	0.110668	0.00220941	0.0291325
172	0.100797	0.0180582	0.00540852	0.083282	0.00350561	0.0736361	0.114635	0.0067316	0.0279211	0.00831784	0.00445469	0.0112431	0.00221712	0.397682	0.0464444	0.0474249	0.0317292	0.0105635	0.000876012	0.00507292
173	0.148836	0.0327697	0.00185257	0.00896731	0.0309838	0.109528	0.0171353	0.00369992	0.0101363	0.0128686	0.00928144	0.0326978	0.00372956	0.0404062	0.0202492	0.415789	0.0585683	0.0133963	0.000296781	0.0288076
174	0.109485	0.00239012	0.0146978	0.0460174	0.0177507	0.0180616	0.0222994	0.00975341	0.236159	0.0647357	0.0261015	0.0260096	0.00401991	0.0689816	0.128716	0.11339	0.0534577	0.0204567	0.000338098	0.0171786
175	0.0646262	0.0032882	0.0367734	0.0307483	0.00516739	0.643202	0.00818769	0.00576138	0.0172209	0.00462022	0.00342645	0.0244469	0.00553243	0.0146952	0.0349865	0.0530288	0.0304171	0.00789921	0.000620658	0.00535088
176	0.0444354	0.00157599	0.0175533	0.00937983	0.00196034	0.0104753	0.0153343	0.00328242	0.0167222	0.00802111	0.00164408	0.00968904	0.707287	0.0178918	0.0254509	0.0703361	0.0234618	0.0133962	0.000186458	0.00191604
177	0.0258729	0.00907543	0.00332166	0.00419671	0.280084	0.00492839	0.0217357	0.0272757	0.00746998	0.187532	0.0507272	0.00508697	0.00150612	0.0138851	0.0105159	0.0114904	0.0139585	0.0630709	0.112036	0.146229
178	0.0564453	0.0116982	0.0137518	0.0568367	0.0127428	0.0102747	0.018476	0.0740824	0.0707825	0.042253	0.0244359	0.0383764	0.00991238	0.051071	0.083126	0.137821	0.158776	0.118386	0.000160065	0.0105916
179	0.0065281	0.0140288	0.0011297	0.00294995	0.0118859	0.00158068	0.0026646	0.4105	0.00287407	0.0743873	0.0235566	0.0030665	0.00358509	0.0018939	0.00102965	0.00494676	0.0137546	0.41589	7.39459e-05	0.00367373
180	0.0270813	0.00151335	0.3358	0.0826112	0.00603667	0.0236364	0.0338358	0.0113199	0.0175274	0.0166889	0.00183356	0.277326	0.0010976	0.0204691	0.0137617	0.08464	0.0307035	0.00691136	0.000300316	0.00690588
181	0.0435333	0.0133393	0.00648161	0.0162957	0.00871663	0.0473016	0.0124567	0.0730194	0.0185272	0.0552692	0.0614098	0.0582624	0.027688	0.0544002	0.0579242	0.157057	0.129921	0.137203	0.000272822	0.0209212
182	0.053346	0.0172835	0.00873447	0.0247284	0.0175011	0.0163225	0.0152683	0.108512	0.0270196	0.103798	0.0474451	0.0239998	0.0149117	0.0292176	0.0349609	0.126114	0.17505	0.140436	0.000858268	0.0144924
183	0.0353679	0.0212975	0.00111195	0.00649996	0.00249803	0.00134886	0.00181375	0.154964	0.00126439	0.0488567	0.0171912	0.00181232	0.00110077	0.00140028	0.00395234	0.0157877	0.0259684	0.654915	0.000136839	0.00271251
184	0.0129844	0.0233471	0.00461337	0.00124159	0.335056	0.00490452	0.0278896	0.0116617	0.00160021	0.0180578	0.00440489	0.00338288	0.00388685	0.00210453	0.00227211	0.0121549	0.0104573	0.0065175	0.00574053	0.507722
185	0.050283	0.0155515	0.0121798	0.0429647	0.0018782	0.0208908	0.0345332	0.0104122	0.191484	0.0174327	0.0154708	0.0544093	0.000652794	0.106289	0.300757	0.0521609	0.0468639	0.0225713	0.000131132	0.00308384
186	0.0241218	0.00106857	0.364403	0.135449	0.00650022	0.0280159	0.0335442	0.0108967	0.0186557	0.00923328	0.00279775	0.22728	0.00567769	0.0248755	0.0150089	0.0505714	0.0233074	0.00661755	0.000687296	0.0112874
187	0.0128737	0.0221044	0.00460298	0.001302	0.339242	0.00471035	0.0280572	0.0145734	0.00120335	0.0184202	0.00452323	0.00295504	0.00369929	0.0018681	0.00147064	0.0114134	0.0100653	0.00603877	0.005688	0.505188
188	0.0593826	0.0100615	0.0268633	0.0540122	0.00580006	0.0202301	0.0336805	0.0139608	0.186261	0.0237879	0.0195661	0.0445529	0.010193	0.147275	0.221602	0.0552646	0.0403375	0.0196389	0.000507112	0.00702298
189	0.00875921	0.00720743	0.00270746	0.0034565	0.00152874	0.00849662	0.00363335	0.0171119	0.359767	0.00695541	0.00882526	0.0180627	0.00227154	0.0403595	0.47752	0.0183725	0.00715886	0.00585351	6.57809e-05	0.00188635
190	0.00360263	0.00188422	0.000540734	0.00155749	0.00814868	0.00120014	0.00260757	0.577253	0.00183334	0.194134	0.0570939	0.00237428	0.000625633	0.0012316	0.00170087	0.0025647	0.00832297	0.129258	0.000190305	0.00387645
191	0.0575332	0.0116177	0.010519	0.0421027	0.0104847	0.0114755	0.0230587	0.049731	0.123621	0.0410794	0.021159	0.0444685	0.00593754	0.0560604	0.11853	0.120255	0.161774	0.0807206	0.000300521	0.00957165
192	0.00653282	0.00444741	0.000633392	0.00073388	0.0245387	0.00156523	0.00106696	0.223926	0.00122065	0.56773	0.084947	0.000958477	0.00147695	0.00139683	0.00355878	0.00189254	0.00953648	0.0594149	0.00283772	0.00158569
