294	20
1	0.0417069	0.00500269	0.00492525	0.0117439	0.00373513	0.00548195	0.0196164	0.13809	0.162576	0.0306099	0.0240796	0.00457948	0.0135876	0.0498558	0.365985	0.0268811	0.0199964	0.0661495	0.000843898	0.00455418
2	0.0145382	0.00840282	0.00160529	0.00527027	0.0453551	0.00250134	0.00517188	0.222042	0.00567501	0.343988	0.0669664	0.003358	0.00538508	0.00356718	0.00371502	0.00684859	0.0174894	0.221717	0.00588991	0.0105141
3	0.10819	0.00867326	0.0830618	0.148315	0.00247322	0.0293462	0.0310908	0.00968468	0.12263	0.0194422	0.0107823	0.0633875	0.00327514	0.104283	0.0718489	0.0925606	0.0656269	0.0172128	0.00357317	0.00454285
4	0.105388	0.00916266	0.0606995	0.147698	0.00366674	0.0203185	0.0227352	0.0105878	0.161838	0.0254049	0.0174068	0.0495078	0.00273345	0.141459	0.106621	0.0565289	0.0401628	0.0149646	0.00129717	0.00182053
5	0.00926557	0.00553321	0.00178389	0.00273848	0.023172	0.00113505	0.00484294	0.26767	0.00396276	0.444875	0.0436095	0.00278342	0.00211349	0.00369573	0.00291721	0.00370044	0.00900797	0.15721	0.00446661	0.00551726
6	0.0101803	0.00292319	0.00415759	0.0122294	0.00347726	0.00691503	0.0102169	0.0482626	0.202692	0.00724781	0.0180862	0.00475583	0.00380498	0.0334514	0.573909	0.0127506	0.00635384	0.0286391	0.00096851	0.00897854
7	0.107249	0.00869814	0.0884534	0.150654	0.00200198	0.0304016	0.0329326	0.00932079	0.11564	0.0185811	0.00948533	0.0660524	0.00345338	0.097646	0.0648046	0.098377	0.0697159	0.017415	0.00400539	0.00511262
8	0.11491	0.00450374	0.0172638	0.118721	0.0405513	0.0130652	0.058982	0.0520122	0.0670399	0.131754	0.0277132	0.00896915	0.0191698	0.108848	0.0372933	0.0392106	0.0252314	0.100214	0.00114374	0.0134046
9	0.0164471	0.010363	0.000906767	0.00210092	0.175001	0.00222096	0.00513653	0.0869579	0.00253419	0.429955	0.118182	0.00134373	0.00452501	0.0048012	0.00187172	0.00755389	0.012805	0.0649229	0.0108963	0.0414751
10	0.0102251	0.0112637	0.00211356	0.00326347	0.0266569	0.00072333	0.000639043	0.427438	0.00228388	0.224082	0.0322546	0.00515157	0.000439691	0.00190513	0.000622566	0.0042212	0.0108705	0.218855	0.00458082	0.0124096
11	0.0141764	0.000841059	0.00286348	0.00276427	0.000895268	0.000681039	0.000623187	0.356479	0.000737646	0.0686133	0.00581317	0.000974598	0.000418199	0.000701614	0.000655764	0.00136556	0.010394	0.530126	0.000229762	0.000645895
12	0.0349345	0.0064714	0.013478	0.0187551	0.0376022	0.00834337	0.00814564	0.0281543	0.0128546	0.126916	0.00905539	0.0117315	0.375397	0.00807612	0.00763282	0.109895	0.149007	0.0243071	0.00231443	0.00692891
13	0.0444667	0.00193782	0.0442771	0.0221614	0.0145782	0.0744869	0.0222661	0.00351448	0.0156871	0.00393881	0.0183179	0.0701332	0.0111212	0.0110974	0.0163356	0.519313	0.0790147	0.0051103	0.00666591	0.0155758
14	0.0916986	0.0241766	0.161907	0.25399	0.00240882	0.0454327	0.0152521	0.00393089	0.0206205	0.00997882	0.00776872	0.0488159	0.00775523	0.0438459	0.0259641	0.11842	0.0785891	0.0224915	0.00118921	0.0157642
15	0.0147631	0.0101017	0.416809	0.0456685	0.00442733	0.0191385	0.00889125	0.0237361	0.01248	0.00781523	0.0031505	0.257583	0.00813569	0.0235692	0.00476849	0.0601112	0.0478757	0.0146806	0.000711263	0.0155834
16	0.115919	0.00694328	0.118295	0.320621	0.00139404	0.0110243	0.00906527	0.00434279	0.0388678	0.00588382	0.00519428	0.0380218	0.100825	0.04841	0.0126282	0.0814043	0.0409867	0.0306312	0.000435224	0.00910612
17	0.0330681	0.0118773	0.0163053	0.0327815	0.056113	0.0132243	0.338761	0.0215467	0.030773	0.0323377	0.0311791	0.0778824	0.00756028	0.101873	0.0288429	0.0412433	0.0305614	0.0262887	0.00856306	0.0592179
18	0.0443602	0.00725863	0.0273819	0.0083545	0.0365368	0.0698868	0.0114094	0.0175417	0.0314977	0.191424	0.104533	0.105543	0.0118469	0.164594	0.00999553	0.0664264	0.0369507	0.0415212	0.00167126	0.0112656
19	0.0396538	0.0651735	0.00836346	0.00555833	0.02229	0.123839	0.0143819	0.00668225	0.0149829	0.00605822	0.0148473	0.289296	0.00392228	0.00427958	0.00423245	0.24121	0.100026	0.0290827	0.00184062	0.00427976
20	0.0605004	0.0092844	0.178552	0.336363	0.00465265	0.0195131	0.0152594	0.00543609	0.033771	0.00977284	0.00791614	0.0414294	0.0290733	0.0841427	0.025943	0.0622061	0.0418026	0.0226992	0.00104313	0.01064
21	0.0277074	0.0068025	0.0676948	0.0884079	0.187615	0.00578539	0.0420755	0.0159453	0.0229321	0.0408189	0.0147278	0.00874312	0.00478832	0.00588601	0.00755243	0.0286989	0.0289885	0.0177702	0.0127441	0.364316
22	0.0218474	0.0027148	0.00254611	0.00898564	0.0050308	0.00358142	0.00273188	0.192038	0.0103266	0.21755	0.0163539	0.00328049	0.030109	0.0118233	0.00296143	0.0520151	0.110858	0.301974	0.000772062	0.00250095
23	0.254973	0.0539032	0.0504463	0.00706574	0.00517074	0.0516482	0.0183993	0.00968918	0.0104916	0.0177644	0.046247	0.0150683	0.0715603	0.0106934	0.0203953	0.274639	0.0320534	0.044038	0.00149484	0.00425834
24	0.133033	0.000960023	0.102339	0.290134	0.00101987	0.00131607	0.0077215	0.0048469	0.05647	0.00589025	0.00521696	0.0378509	0.14488	0.0490039	0.0106106	0.0723274	0.0360805	0.0366553	0.00031731	0.00332603
25	0.140759	0.0831122	0.0289529	0.0345696	0.00626729	0.00604281	0.212031	0.00947416	0.0269844	0.0105234	0.00800974	0.00620034	0.027022	0.0064186	0.201257	0.128251	0.0159238	0.0124434	0.00205241	0.0337047
26	0.053213	0.00591124	0.197556	0.148545	0.132819	0.0101258	0.0452809	0.0142259	0.0399951	0.0443922	0.0128198	0.0159922	0.00624465	0.00995571	0.0108501	0.025217	0.0305051	0.0187115	0.00200323	0.175637
27	0.0886601	0.0103262	0.0416865	0.151	0.00429531	0.0211576	0.0201901	0.00825424	0.213321	0.0415514	0.0292352	0.0318496	0.00201127	0.152147	0.109793	0.0327681	0.0251635	0.0153121	0.000289607	0.000987201
28	0.0440699	0.0396461	0.0142323	0.046368	0.050371	0.0402721	0.0283797	0.0233067	0.127347	0.0543361	0.0275921	0.0342957	0.00557861	0.074579	0.211666	0.0510901	0.0498797	0.0247452	0.0207869	0.0314578
29	0.0104385	0.0018335	0.00257386	0.00231605	0.0163061	0.00189692	0.0134745	0.214341	0.0058913	0.581709	0.0243244	0.00181345	0.00531341	0.00636779	0.0126893	0.00478753	0.00617839	0.0822454	0.00299713	0.00250235
30	0.112149	0.0097576	0.0879085	0.160813	0.00205598	0.0342726	0.0303661	0.00885305	0.109369	0.0174763	0.00916815	0.0617733	0.004585	0.0960565	0.0622393	0.0956781	0.0690588	0.0188487	0.00456161	0.00500899
31	0.0146392	0.00807477	0.00389022	0.00195514	0.2291	0.00329751	0.0263397	0.00812104	0.000877751	0.00749847	0.00564744	0.00326984	0.000674917	0.0013224	0.000888204	0.00712645	0.0070574	0.00952883	0.0346672	0.626024
32	0.0101751	0.0112466	0.00212291	0.00323622	0.0264653	0.000714684	0.000651438	0.42927	0.00224556	0.224807	0.0324142	0.00518535	0.000419672	0.00191255	0.000629289	0.00415398	0.0107837	0.216445	0.00462553	0.0124961
33	0.0346082	0.0380587	0.00168727	0.00183267	0.00206517	0.00288436	0.00367785	0.00368733	0.00162339	0.00948137	0.00636937	0.0145788	0.000949451	0.00160855	0.00152563	0.374493	0.478286	0.0147626	0.00046873	0.00735208
34	0.0158952	0.00296732	0.0699239	0.0642406	0.00217644	0.655086	0.01301	0.00852632	0.00653473	0.00360844	0.00661272	0.0899826	0.00227056	0.00878209	0.0030233	0.0223447	0.0131514	0.00471449	0.000403221	0.00674621
35	0.018103	0.0112633	0.00124733	0.00253242	0.237198	0.00274222	0.00501996	0.0676568	0.0018721	0.412481	0.0713644	0.00145893	0.00412359	0.00613618	0.00188435	0.00739578	0.0120271	0.0590072	0.0175695	0.0589162
36	0.0199913	0.00286765	0.139618	0.00829835	0.00742099	0.0204467	0.0106072	0.00511002	0.0221241	0.00560411	0.00625206	0.116617	0.00340481	0.00842519	0.0227353	0.280527	0.290511	0.00963999	0.00195178	0.0178477
37	0.0552504	0.00844864	0.02638	0.0234938	0.00309731	0.743559	0.00595121	0.00518257	0.0028175	0.0043988	0.00356179	0.0324186	0.0103627	0.00362157	0.00167269	0.0464964	0.0134617	0.0062415	0.000417068	0.00316662
38	0.14899	0.0177431	0.0660276	0.0194637	0.0104671	0.0411396	0.0149768	0.0293284	0.0283518	0.0219027	0.0712798	0.0217792	0.0197746	0.0136691	0.0167524	0.177971	0.159492	0.109578	0.00290742	0.00840617
39	0.218525	0.0111431	0.00744388	0.00904077	0.0891035	0.0448621	0.00983023	0.0393105	0.0135829	0.0435722	0.0397294	0.0602009	0.0051443	0.0108418	0.0631179	0.114418	0.0881982	0.0166491	0.00530897	0.109977
40	0.105219	0.00856599	0.0718334	0.147658	0.00280284	0.0256721	0.0280037	0.0103788	0.145068	0.0216346	0.0134088	0.0570174	0.00299193	0.122746	0.0876753	0.0753234	0.0529044	0.0155142	0.00251621	0.00306467
41	0.652472	0.0138998	0.00658906	0.00587529	0.00373223	0.0891852	0.00287732	0.00402916	0.00215385	0.00860502	0.00229681	0.00452067	0.00559788	0.00270118	0.00190619	0.164095	0.0174771	0.00983329	0.000669496	0.00148397
42	0.46288	0.091389	0.00415164	0.0046378	0.035141	0.0072927	0.01928	0.043881	0.00414178	0.0684688	0.00583571	0.0334248	0.00316045	0.00475399	0.0197217	0.0236965	0.0229242	0.087305	0.0013325	0.0565819
43	0.0137622	0.00883375	0.00117355	0.00568387	0.0596307	0.00317184	0.00756841	0.166888	0.00565788	0.403689	0.0948529	0.00251672	0.00729801	0.00249279	0.00272123	0.00505539	0.0184086	0.172382	0.00636288	0.0118504
44	0.0601541	0.0126411	0.0103056	0.011703	0.233258	0.0115009	0.0189738	0.021663	0.0176457	0.0382099	0.0201622	0.0166188	0.00662396	0.0476687	0.022816	0.0780785	0.0230924	0.0245031	0.171899	0.152482
45	0.0733846	0.0218864	0.00669603	0.00585419	0.0124255	0.00490415	0.00704776	0.0492701	0.00961693	0.0315931	0.017932	0.0122566	0.00852807	0.00665281	0.0112717	0.122945	0.367511	0.221482	0.00120657	0.00753677
46	0.0983221	0.00546064	0.159521	0.257763	0.00354436	0.0146188	0.0111045	0.0085749	0.0404916	0.0108385	0.00665179	0.0355818	0.119108	0.0441624	0.0129396	0.0624737	0.050677	0.0504237	0.000849803	0.00689292
47	0.056615	0.00644898	0.0483895	0.028483	0.0140852	0.0846688	0.0201999	0.00587711	0.0137763	0.0063665	0.0168793	0.066255	0.0112435	0.0115262	0.0145954	0.494842	0.0667215	0.00672891	0.011833	0.0144652
48	0.0251095	0.00788712	0.00844909	0.0211475	0.0100998	0.034262	0.0132614	0.06501	0.16775	0.0308651	0.0393592	0.0095841	0.0112784	0.0411392	0.424368	0.0221369	0.0145999	0.0375798	0.00334838	0.0127635
49	0.0181047	0.00777749	0.0257587	0.0232086	0.21744	0.00425425	0.0292495	0.0105678	0.00806776	0.0163905	0.00816461	0.0051061	0.00163226	0.00282537	0.00323631	0.0140511	0.0119869	0.0114776	0.0274818	0.553218
50	0.0198293	0.00908594	0.00358305	0.00212145	0.248768	0.00290611	0.0380152	0.011595	0.00117134	0.00896682	0.00834289	0.00444501	0.000773655	0.00164207	0.00106086	0.00922806	0.00955302	0.0113949	0.0356473	0.57187
51	0.0369539	0.0104867	0.0221552	0.0491397	0.0135208	0.0048171	0.0175517	0.15632	0.0615859	0.142471	0.0330135	0.0594778	0.00336477	0.0580198	0.0122494	0.00920445	0.0968817	0.207786	0.000872085	0.00412848
52	0.0815633	0.0101322	0.0498505	0.145597	0.00884172	0.0183929	0.0356452	0.0141372	0.146815	0.0483898	0.0208075	0.0504027	0.00334187	0.148449	0.0880182	0.0527885	0.0406204	0.023243	0.00415147	0.0088128
53	0.160548	0.0133734	0.0127109	0.0220031	0.102394	0.0750469	0.0175853	0.057438	0.0227374	0.152755	0.0912724	0.0234254	0.0161416	0.0281225	0.0199641	0.0565469	0.0375413	0.0601553	0.00602259	0.0242164
54	0.113993	0.0228854	0.150907	0.232747	0.0026001	0.0576122	0.0111173	0.00427862	0.0156162	0.0121098	0.0126612	0.0379726	0.0084584	0.0356381	0.0269959	0.126035	0.0875381	0.0270027	0.00138531	0.012446
55	0.0143854	0.000916921	0.00285236	0.0027586	0.00090214	0.000683487	0.000629187	0.356014	0.00073091	0.0683995	0.00579104	0.00101997	0.000421662	0.000702921	0.000680454	0.00136222	0.010432	0.530437	0.00023023	0.000649509
56	0.128841	0.0140707	0.00406488	0.00198777	0.00560256	0.700467	0.00173792	0.00349127	0.00172063	0.00377539	0.00221691	0.0051669	0.0194322	0.001573	0.00165261	0.0821891	0.012075	0.00778336	0.000553039	0.00159851
57	0.160714	0.0260431	0.00915218	0.00753794	0.0806681	0.0385935	0.00605863	0.180035	0.00492077	0.0509788	0.0343624	0.00794742	0.0318096	0.00919307	0.00665522	0.0392456	0.0541744	0.200019	0.00153019	0.0503618
58	0.00565924	0.0120754	0.392421	0.0181369	0.00234323	0.0126321	0.00760761	0.0292489	0.00800132	0.00402661	0.00311714	0.318253	0.00228123	0.0240995	0.00282773	0.0752502	0.0502386	0.0130989	0.000600314	0.0180816
59	0.147793	0.00919323	0.0369256	0.0471686	0.0064972	0.0229136	0.0172886	0.00429907	0.0307491	0.0283245	0.00688757	0.0120582	0.387434	0.0202429	0.0144449	0.148807	0.0303432	0.0246464	0.000589093	0.00339466
60	0.0270397	0.0347283	0.00486577	0.029537	0.0658001	0.0164474	0.0404537	0.0165526	0.110036	0.0909322	0.03222	0.0544891	0.00199306	0.0518732	0.152919	0.0701705	0.0769045	0.0172172	0.0459936	0.0598276
61	0.0216914	0.0171793	0.00266235	0.0103176	0.0816853	0.0047369	0.00856356	0.12903	0.0158035	0.293831	0.107492	0.00654193	0.01129	0.00486512	0.00325009	0.00898799	0.0478774	0.195939	0.0059301	0.0223255
62	0.024512	0.0159088	0.000874426	0.00692435	0.13178	0.00533362	0.01074	0.146687	0.0062401	0.270635	0.123641	0.00280011	0.0096057	0.00172221	0.00177588	0.00640842	0.0327608	0.168318	0.00688025	0.026453
63	0.100181	0.010044	0.0838041	0.1422	0.00377968	0.0293077	0.0353229	0.0109465	0.11399	0.0220685	0.0104441	0.0631992	0.00329652	0.0963446	0.0686869	0.0987533	0.0742378	0.020219	0.00528822	0.00788649
64	0.0157829	0.0117991	0.000771195	0.00145556	0.199544	0.00156323	0.00480759	0.0747742	0.00231694	0.453954	0.0798887	0.0010525	0.00436469	0.00512515	0.00126657	0.00533229	0.0134143	0.0624438	0.0119827	0.0483613
65	0.0211127	0.0163623	0.0155091	0.0385107	0.0233496	0.00244231	0.00919282	0.149795	0.0670048	0.105208	0.0204838	0.0401714	0.00191589	0.0343996	0.0122816	0.0126368	0.0915577	0.331729	0.000693092	0.00564389
66	0.130955	0.00105868	0.0456545	0.0763699	0.00746969	0.030109	0.0249289	0.00150646	0.0384022	0.0136268	0.00119196	0.0180051	0.391118	0.0359794	0.0229054	0.0958271	0.0334543	0.027103	0.000274428	0.00406001
67	0.0231943	0.00328582	0.00218261	0.00987704	0.00707718	0.00342641	0.00210674	0.203856	0.0114131	0.224603	0.0182832	0.00336432	0.0209779	0.00887504	0.00214823	0.0467998	0.102705	0.302667	0.000666438	0.00248966
68	0.00612331	0.010106	0.370902	0.0218509	0.00286077	0.0149179	0.00560516	0.0260545	0.0090875	0.00374294	0.00266326	0.353191	0.00217429	0.0207861	0.00275411	0.0653342	0.0542746	0.0128093	0.000597634	0.014165
69	0.0354762	0.00875484	0.013766	0.0196956	0.0506614	0.00914062	0.00937144	0.142792	0.00882417	0.302503	0.0240216	0.0148351	0.20433	0.00774485	0.00808265	0.0241508	0.0405991	0.0586407	0.0030362	0.0135746
70	0.015688	0.00211978	0.00275586	0.00271173	0.000989795	0.000748952	0.000639353	0.349591	0.000758455	0.0644165	0.00560782	0.00143837	0.000450188	0.00070722	0.000848159	0.00146153	0.0122543	0.535914	0.000239763	0.000659159
71	0.0506607	0.0101844	0.232183	0.16794	0.00584785	0.203012	0.0142842	0.00783836	0.024793	0.0113349	0.00796499	0.0650848	0.014139	0.034319	0.0188828	0.0534987	0.0439977	0.0168842	0.00177949	0.0153721
72	0.0795895	0.00593278	0.0265841	0.122731	0.0169981	0.0129707	0.0303863	0.0807365	0.0727294	0.1604	0.050684	0.0160038	0.0111741	0.0944762	0.033589	0.0146785	0.041013	0.117868	0.000471177	0.0109839
73	0.0134953	0.00223132	0.00263733	0.00331329	0.00423817	0.000648171	0.000599878	0.374764	0.000877276	0.0839329	0.0096692	0.00151603	0.000411505	0.00085599	0.000634874	0.00164358	0.010068	0.485853	0.000706024	0.00190378
74	0.041875	0.0226317	0.0237108	0.0382833	0.0486291	0.0340701	0.0339673	0.0247329	0.0634797	0.0559966	0.0285129	0.0368291	0.024536	0.0435662	0.137563	0.0647143	0.0509248	0.0271223	0.138112	0.0607424
75	0.0232367	0.0151819	0.000829217	0.00544499	0.151327	0.00486323	0.0101028	0.133787	0.0052461	0.295104	0.119384	0.00225257	0.00833112	0.00222368	0.00180105	0.00690391	0.032161	0.145802	0.00754221	0.0284754
76	0.0109367	0.0132296	0.00160226	0.00355172	0.0299864	0.000730891	0.000663281	0.388327	0.00303254	0.220839	0.0276623	0.00673239	0.000512007	0.00190753	0.000696585	0.00489291	0.0120729	0.26061	0.00324523	0.00876862
77	0.0119085	0.0123851	0.00162758	0.00363686	0.0278344	0.0007116	0.000661371	0.376236	0.00302152	0.205975	0.0257996	0.00640996	0.000500217	0.00178484	0.000674455	0.00483797	0.01215	0.29375	0.00269925	0.00739693
78	0.0346407	0.038105	0.00168703	0.00183021	0.00206657	0.00290065	0.00367893	0.00371351	0.00162624	0.00947126	0.00639965	0.0145978	0.000975118	0.00165663	0.00152005	0.375032	0.477546	0.0147156	0.0004687	0.00736821
79	0.228856	0.0108861	0.0700237	0.0196309	0.00729501	0.107355	0.00974555	0.0109282	0.0624113	0.0136382	0.0623428	0.0130786	0.0132538	0.0133016	0.0159387	0.13387	0.148016	0.0513492	0.00179529	0.00628385
80	0.0463972	0.0118701	0.0114536	0.0141648	0.0713816	0.0241662	0.013456	0.0850696	0.0171097	0.34934	0.051911	0.0171826	0.0237871	0.0209254	0.0159495	0.0807886	0.0462677	0.0704321	0.00733766	0.02101
81	0.0699225	0.0144838	0.269918	0.267153	0.00579593	0.0364466	0.0106144	0.00369214	0.0151704	0.0109275	0.00539923	0.0426474	0.0277783	0.0355774	0.015476	0.0684687	0.0588972	0.024263	0.00103321	0.0163358
82	0.0599217	0.00973809	0.199491	0.358261	0.00185454	0.020317	0.0128966	0.00467772	0.0196129	0.00550463	0.00524459	0.0459785	0.0335106	0.0585228	0.0184763	0.067522	0.0435843	0.0227661	0.000684204	0.0114361
83	0.0844591	0.0289633	0.00210048	0.00249466	0.00561083	0.00148375	0.00173033	0.182657	0.00247546	0.0150138	0.00283905	0.0153103	0.00139781	0.00204674	0.00661635	0.00401966	0.0624626	0.57638	0.000454364	0.00148396
84	0.574994	0.020373	0.0138884	0.0165346	0.00535496	0.0460272	0.00553849	0.00898613	0.00678322	0.0130392	0.00625201	0.009503	0.0094029	0.00625175	0.00524789	0.17192	0.0522441	0.0236846	0.000988835	0.0029857
85	0.0150846	0.00807779	0.00732028	0.00610271	0.201287	0.0151575	0.024618	0.00951882	0.00261688	0.00949664	0.00638401	0.00475753	0.00768042	0.00284106	0.00900871	0.0126056	0.00828681	0.0105824	0.0425878	0.595986
86	0.0167782	0.0130515	0.000688013	0.00145538	0.204933	0.0013939	0.00465448	0.0726826	0.00221135	0.449472	0.0763752	0.00101319	0.00423645	0.00514596	0.00122592	0.00467123	0.0144463	0.0624666	0.0121993	0.0508998
87	0.0151335	0.0118035	0.0010606	0.00135037	0.227294	0.000961709	0.00433452	0.0601353	0.00172508	0.455511	0.0661126	0.0011724	0.00378161	0.00587767	0.00161368	0.00498376	0.0124132	0.0457071	0.0137742	0.0652546
88	0.0273029	0.02531	0.141478	0.0266608	0.0110139	0.0526236	0.0421958	0.023066	0.0153951	0.0127245	0.0112107	0.361848	0.00530792	0.0223864	0.0101712	0.0965662	0.0675519	0.0253937	0.00165409	0.0201394
89	0.00914629	0.00495374	0.0022654	0.00278816	0.0223898	0.00112435	0.00460842	0.281523	0.00356324	0.444295	0.0477639	0.00226625	0.00135103	0.00381147	0.00273705	0.00309621	0.00826886	0.139495	0.00737061	0.00718197
90	0.0137355	0.00374565	0.00652041	0.0134213	0.00462437	0.00672395	0.0104603	0.0459543	0.189888	0.00927346	0.0169832	0.0052798	0.00348179	0.0342634	0.572239	0.0155246	0.00892496	0.0275745	0.00149134	0.00988946
91	0.0511098	0.00195125	0.0499558	0.0184841	0.0149363	0.0532727	0.0187939	0.00335937	0.0281935	0.00386826	0.0115871	0.0926602	0.00689112	0.0189576	0.0297973	0.469746	0.0997825	0.0048065	0.0039589	0.0178876
92	0.0144641	0.00985619	0.428994	0.0478648	0.00367953	0.0208682	0.00566179	0.023733	0.012421	0.00520141	0.00337825	0.249827	0.00747619	0.0248273	0.00521156	0.0607401	0.0463225	0.0132004	0.000735379	0.0155375
93	0.0137687	0.00180787	0.0027489	0.00287361	0.00320521	0.000635648	0.000596936	0.362159	0.000912341	0.0797699	0.00724553	0.00144272	0.000422675	0.000793863	0.00063444	0.00165531	0.0107772	0.506913	0.000402439	0.00123512
94	0.129157	0.00102453	0.050425	0.093883	0.00664386	0.0266896	0.023637	0.00171125	0.0393478	0.013929	0.00147167	0.0201931	0.371148	0.0388959	0.0221055	0.0925688	0.0341083	0.02905	0.000265866	0.00374426
95	0.0196073	0.00916865	0.00358545	0.0021062	0.248585	0.00292636	0.0380154	0.0114531	0.00106248	0.00890537	0.00814138	0.00475108	0.000769436	0.00164192	0.00108306	0.00914636	0.00950051	0.0111474	0.0352428	0.573161
96	0.0457181	0.087668	0.00570763	0.00419937	0.0275136	0.10167	0.0206086	0.00871243	0.014456	0.00683713	0.0143306	0.259567	0.0031201	0.00374219	0.00347295	0.185446	0.168126	0.0336526	0.00112034	0.0043321
97	0.098744	0.00582002	0.0362534	0.062288	0.0131034	0.0242631	0.0163792	0.0190417	0.0324005	0.0475323	0.00738183	0.0174604	0.40974	0.0200984	0.0156589	0.0887834	0.0421188	0.0299453	0.00181768	0.0111697
98	0.0227798	0.0119697	0.00112635	0.00547691	0.168252	0.00433222	0.00591857	0.123576	0.00436655	0.281528	0.083637	0.00304064	0.0060358	0.00310011	0.00257125	0.00852888	0.0217622	0.199591	0.0119704	0.0304369
99	0.0594375	0.00820594	0.00261237	0.00493863	0.227364	0.0178512	0.00578828	0.0939387	0.0115444	0.111191	0.0580546	0.00407606	0.00797932	0.00340128	0.00349521	0.0198912	0.0697335	0.268105	0.00421331	0.0181789
100	0.00973443	0.00312475	0.00735913	0.0315795	0.121918	0.00430648	0.0217951	0.0734048	0.0862836	0.124649	0.0615464	0.020297	0.0156039	0.00756393	0.0216683	0.0103896	0.0253522	0.0387902	0.00144029	0.313194
101	0.711557	0.0155319	0.00473265	0.00447411	0.00230925	0.0547354	0.00100348	0.00247765	0.00129534	0.00821936	0.00132671	0.00147253	0.0021216	0.00124043	0.00111615	0.161017	0.0170462	0.00699279	0.000336123	0.00099369
102	0.0138776	0.00804153	0.00394766	0.00193992	0.225039	0.00335979	0.0250775	0.00770894	0.000866213	0.00744889	0.00543857	0.00312424	0.000633766	0.00132683	0.000876992	0.00697952	0.00678904	0.00928106	0.0338604	0.634382
103	0.132737	0.00709513	0.00354179	0.00538596	0.00702801	0.00369083	0.00238116	0.130237	0.00625762	0.189491	0.0254721	0.00377271	0.0147473	0.0052403	0.00422372	0.0736281	0.0960834	0.285152	0.000822499	0.00301156
104	0.0101815	0.011117	0.00218679	0.00323141	0.0264215	0.000714364	0.000642461	0.430275	0.00221773	0.225158	0.0325855	0.00510819	0.000422097	0.00191916	0.000627884	0.00411057	0.0108487	0.214746	0.00478678	0.0126991
105	0.015334	0.00443882	0.00256776	0.00258308	0.00845807	0.000659948	0.00068292	0.349523	0.00153799	0.114106	0.00989885	0.00266799	0.000442204	0.000910708	0.000715208	0.00228814	0.0108516	0.469759	0.000587161	0.00198817
106	0.187869	0.00361196	0.00389599	0.00523854	0.0226332	0.00541802	0.00385658	0.0370137	0.0193056	0.242492	0.206365	0.00408321	0.0792727	0.00419812	0.0181687	0.0995629	0.0297179	0.00822074	0.0158028	0.00327332
107	0.0642236	0.0110948	0.0270245	0.128058	0.00777221	0.0186933	0.0200807	0.0296497	0.211299	0.0388569	0.0605593	0.0231305	0.00359599	0.106849	0.154314	0.0281384	0.0229795	0.0344707	0.00222196	0.00698766
108	0.671828	0.0222625	0.0108546	0.00637483	0.00228071	0.0439862	0.00236676	0.0037478	0.00223627	0.0128682	0.00356543	0.00281148	0.0058902	0.00274077	0.00215782	0.171223	0.020416	0.0107641	0.000374133	0.00125099
109	0.0120929	0.0232946	0.00611	0.0290001	0.0182574	0.00320812	0.0137931	0.140936	0.0663305	0.0436353	0.00895488	0.0167643	0.00201163	0.0505029	0.0474996	0.0378131	0.051055	0.415071	0.000952541	0.0127177
110	0.0602319	0.0125035	0.0306023	0.0857651	0.0150815	0.0242121	0.0234748	0.0349663	0.208563	0.041531	0.0284138	0.030432	0.0154347	0.0785426	0.164006	0.0471031	0.0372101	0.0405688	0.00390355	0.0174546
111	0.0203757	0.0124899	0.231139	0.0223597	0.00521964	0.0184714	0.0129123	0.0220551	0.0121393	0.00672169	0.00551562	0.342235	0.00428455	0.0202948	0.00851476	0.143451	0.0791557	0.0175202	0.00120156	0.0139425
112	0.133033	0.000960023	0.102339	0.290134	0.00101987	0.00131607	0.0077215	0.0048469	0.05647	0.00589025	0.00521696	0.0378509	0.14488	0.0490039	0.0106106	0.0723274	0.0360805	0.0366553	0.00031731	0.00332603
113	0.178597	0.0151577	0.0114281	0.0023105	0.00404984	0.00231912	0.00325691	0.0983051	0.0152469	0.0280495	0.0399566	0.0120631	0.0112669	0.00258333	0.0214077	0.0904573	0.0974445	0.363429	0.000595288	0.00207646
114	0.061873	0.0072088	0.0882763	0.322633	0.00904607	0.0161926	0.0209374	0.00972428	0.0628413	0.0225558	0.0175193	0.0322129	0.0266229	0.134698	0.0419413	0.0506458	0.0369491	0.0266829	0.00240376	0.00903515
115	0.0711448	0.0143166	0.0108231	0.0549877	0.00364515	0.0041905	0.0150118	0.151293	0.0850586	0.112357	0.0910351	0.0072379	0.00347513	0.0936561	0.0768019	0.0203418	0.0264613	0.155192	0.000523306	0.00244818
116	0.104286	0.00783314	0.0561647	0.166303	0.00405191	0.0161204	0.0186472	0.010188	0.167572	0.0267635	0.0185571	0.0451093	0.00232927	0.151143	0.109997	0.0461164	0.0319272	0.0147612	0.000745028	0.0013837
117	0.191037	0.0460555	0.0124733	0.0116085	0.0186831	0.284752	0.0107237	0.0725221	0.0103134	0.0505945	0.0134555	0.0394918	0.0107288	0.0128018	0.0113282	0.0591391	0.0278345	0.0989975	0.0016574	0.0158024
118	0.0262533	0.0103959	0.00146291	0.00275052	0.186883	0.00523058	0.00574662	0.0858651	0.00331407	0.359277	0.146621	0.00183358	0.00647518	0.00465747	0.00265751	0.0187427	0.0165669	0.0661065	0.0110812	0.0380788
119	0.00634563	0.00182931	0.00227755	0.00865139	0.00232559	0.00543367	0.00910095	0.048093	0.215654	0.0048448	0.0168007	0.00182937	0.00252729	0.0308764	0.594861	0.00987143	0.00420648	0.0264561	0.000664564	0.00735061
120	0.108364	0.00819243	0.066201	0.141968	0.00325385	0.0210817	0.0230338	0.00979517	0.154623	0.0235261	0.0160964	0.0621847	0.00266435	0.131217	0.0997338	0.0644078	0.0443019	0.0153934	0.00163769	0.0023244
121	0.705114	0.0281438	0.00555583	0.00635595	0.00199636	0.0412128	0.00139403	0.00271558	0.00147008	0.00901879	0.00177774	0.00166522	0.00174458	0.00150445	0.0013129	0.162161	0.0181738	0.00698788	0.000363275	0.00133192
122	0.00883699	0.00402293	0.0165541	0.0167179	0.0106176	0.00380761	0.491805	0.00866366	0.00510496	0.00831841	0.0103286	0.185824	0.00234048	0.0554352	0.00600141	0.0301375	0.0188993	0.0113983	0.00159333	0.103592
123	0.0109798	0.0131739	0.00162095	0.00352367	0.0299511	0.000727502	0.000681543	0.386806	0.00319016	0.220823	0.0274975	0.00683147	0.000515463	0.00189385	0.000680405	0.00480424	0.012193	0.262199	0.00318239	0.00872455
124	0.00640013	0.00183387	0.00282186	0.00767895	0.00231622	0.00533592	0.0083878	0.0452777	0.201685	0.00481076	0.0151511	0.00186337	0.00258475	0.030109	0.612631	0.010795	0.00417458	0.0268028	0.000655446	0.00868422
125	0.113321	0.0556709	0.149782	0.0831291	0.0105536	0.0390566	0.0221744	0.017483	0.0166843	0.0195047	0.0220079	0.0447128	0.092052	0.0235229	0.0275471	0.161738	0.047683	0.0322681	0.00359055	0.0175182
126	0.39606	0.0123302	0.00444183	0.00305686	0.00891873	0.368853	0.00193848	0.00416255	0.00209373	0.00485156	0.00267895	0.00365707	0.0178552	0.00208471	0.00193652	0.141791	0.0126064	0.00818182	0.000734063	0.0017681
127	0.248015	0.0187595	0.00335232	0.00305178	0.00698085	0.0174068	0.00265519	0.142554	0.00359182	0.0367602	0.00791243	0.0107014	0.00394976	0.00242235	0.0163393	0.0249131	0.0364421	0.40965	0.000750929	0.00379125
128	0.152472	0.0411733	0.0043346	0.00348268	0.0122781	0.00356385	0.00384102	0.121094	0.00455223	0.0249365	0.0156917	0.0114874	0.00902567	0.00377232	0.0087791	0.0349744	0.0766762	0.462057	0.000744313	0.00506408
129	0.0193806	0.0127157	0.00109285	0.00826002	0.0922806	0.00888059	0.0110932	0.12296	0.00683083	0.253395	0.137389	0.00354437	0.0185707	0.00132081	0.0032776	0.00782357	0.0356328	0.226092	0.0115544	0.0179054
130	0.174514	0.0581096	0.00607974	0.00253457	0.0088458	0.00392177	0.00246416	0.115633	0.00656977	0.0378078	0.0424158	0.00695421	0.0170126	0.00216039	0.0100216	0.079917	0.0955824	0.325054	0.000660385	0.0037411
131	0.102351	0.00989172	0.0593973	0.147487	0.00395009	0.0199958	0.0235295	0.0110397	0.159442	0.0257188	0.0173795	0.0492139	0.00326003	0.141263	0.107723	0.056435	0.0421544	0.0155203	0.00173491	0.00251286
132	0.0193827	0.0105193	0.00124964	0.00165558	0.273382	0.00170923	0.00479845	0.059304	0.00170544	0.389308	0.0620827	0.00142919	0.00346598	0.00616477	0.00187882	0.00591614	0.0111192	0.0551722	0.0176977	0.0720595
133	0.0155802	0.0117856	0.000726604	0.000837265	0.231495	0.000816678	0.00450678	0.0653495	0.00127229	0.446003	0.0723788	0.000822583	0.00359308	0.00598935	0.00123734	0.00451775	0.0111597	0.0484785	0.0145467	0.0589033
134	0.322094	0.0275272	0.0206831	0.00257957	0.0025537	0.0329577	0.0767555	0.0113967	0.0163706	0.026719	0.0346376	0.033641	0.0142772	0.0213946	0.0213993	0.239	0.0176088	0.0727685	0.000650304	0.00498641
135	0.023958	0.0308931	0.00598538	0.0344421	0.0459973	0.0251441	0.042796	0.0191282	0.101863	0.105124	0.0412091	0.0550772	0.00400658	0.0428348	0.149766	0.0575931	0.0642021	0.0180459	0.0554504	0.0764838
136	0.0135369	0.00545177	0.00177784	0.00304577	0.0609171	0.00277901	0.00664545	0.147109	0.0046096	0.487291	0.123341	0.00224693	0.00563364	0.00444992	0.00333843	0.00801763	0.0116845	0.0893797	0.00537351	0.0133715
137	0.0793958	0.00571457	0.143736	0.364049	0.00138811	0.012055	0.0156159	0.00371311	0.0344641	0.00555912	0.00416695	0.0348327	0.0725998	0.0586818	0.0177662	0.0662427	0.0422032	0.0293618	0.000779416	0.00767445
138	0.105467	0.00864597	0.089002	0.152233	0.00196059	0.0300194	0.0334317	0.0094342	0.115554	0.0183707	0.00935446	0.0665056	0.00379591	0.0973069	0.0646134	0.0974435	0.0699617	0.0175734	0.00415392	0.00517276
139	0.00938821	0.012123	0.00202003	0.00750507	0.0290096	0.00107664	0.00240516	0.353098	0.00290267	0.271054	0.0349982	0.00463591	0.000891148	0.00568301	0.00160762	0.00492219	0.00917526	0.211993	0.0260489	0.00946268
140	0.00567393	0.00619889	0.327554	0.0142422	0.00242404	0.0159526	0.00586603	0.0157769	0.0101975	0.00408543	0.00301485	0.248274	0.00183142	0.0138369	0.00621062	0.101576	0.192466	0.0111162	0.00064429	0.0130581
141	0.103685	0.00404709	0.096766	0.300165	0.00466097	0.0113331	0.0138836	0.00688346	0.0422233	0.0122859	0.00633619	0.0312955	0.15256	0.0490054	0.0158952	0.0694096	0.0371953	0.0337169	0.0012992	0.0073524
142	0.020724	0.0168549	0.000811181	0.012229	0.0933129	0.00528325	0.0102986	0.131017	0.00784918	0.253069	0.127652	0.00439098	0.0124797	0.00116633	0.00287205	0.00684857	0.0250378	0.234879	0.00989772	0.0233271
143	0.104359	0.00836781	0.0904263	0.148639	0.00192949	0.0298976	0.0317688	0.00968689	0.115346	0.0198284	0.00920696	0.0648266	0.00333125	0.0956396	0.0619245	0.10656	0.0717637	0.0175556	0.0038832	0.00505813
144	0.380345	0.00926554	0.00613553	0.00667229	0.00685939	0.14482	0.00530219	0.102503	0.00637362	0.0400722	0.00564206	0.00986974	0.00484097	0.0064965	0.00728854	0.0799851	0.0109506	0.159341	0.00126952	0.0059671
145	0.344004	0.0238544	0.0280658	0.00478785	0.00320083	0.050364	0.0348575	0.0190242	0.0169782	0.0258246	0.0224292	0.0252922	0.0274977	0.0191703	0.0138991	0.251435	0.0179028	0.0669797	0.000671192	0.00376123
146	0.106551	0.00878844	0.0891687	0.151308	0.00208334	0.0297219	0.0328904	0.0093355	0.115361	0.0193098	0.00964843	0.0658935	0.00339121	0.0980841	0.0653305	0.0970372	0.0693508	0.0175946	0.00389425	0.00525731
147	0.0450838	0.00611821	0.0232672	0.130591	0.0402497	0.0106247	0.0465184	0.0404381	0.114395	0.0860972	0.0315591	0.0103772	0.00693684	0.115503	0.0618003	0.0330518	0.0505392	0.100152	0.00324085	0.0434562
148	0.130284	0.0137711	0.00505065	0.00590829	0.115071	0.0166709	0.00536892	0.127097	0.00702003	0.142037	0.0378345	0.00560036	0.0148963	0.00557714	0.00527442	0.0387648	0.0419848	0.260442	0.00380987	0.0175367
149	0.10945	0.00438289	0.26248	0.18694	0.0366095	0.00547723	0.0415104	0.00674471	0.0353979	0.122358	0.00519589	0.0601776	0.0043193	0.00548836	0.0209501	0.00985072	0.0429541	0.0284969	0.00110536	0.0101115
150	0.057657	0.00900124	0.0100542	0.0370791	0.00246655	0.00279892	0.0162269	0.148244	0.15288	0.0526151	0.097281	0.00412454	0.00317886	0.0973872	0.11237	0.0267018	0.0153133	0.151993	0.000540488	0.00208656
151	0.00981012	0.00164461	0.0712217	0.0668908	0.00175379	0.675681	0.0131492	0.00855764	0.00454598	0.00288162	0.00576836	0.0857798	0.00167548	0.00821813	0.00166072	0.0189736	0.01108	0.00329695	0.000367643	0.00704293
152	0.0552116	0.00680676	0.0265177	0.0475299	0.0169527	0.00549588	0.00709605	0.0769764	0.00892982	0.155594	0.00642904	0.0279202	0.391848	0.00526875	0.00582618	0.0227091	0.0691211	0.0569791	0.0015078	0.00527961
153	0.202154	0.0179008	0.0337958	0.0223059	0.00896272	0.0915333	0.0220598	0.00979474	0.0184556	0.0152067	0.0204661	0.0450426	0.0737387	0.016914	0.0163696	0.303739	0.0401502	0.0314223	0.0027421	0.00724658
154	0.0171072	0.0114321	0.00145406	0.00309776	0.222308	0.00235863	0.00733389	0.0674823	0.00623836	0.390043	0.0750663	0.00278407	0.00474998	0.00612857	0.00330385	0.00745363	0.014144	0.0608595	0.0145668	0.0820885
155	0.13091	0.00105893	0.0457467	0.0766669	0.00745728	0.030402	0.0249789	0.0015031	0.038381	0.0135693	0.00119533	0.0181419	0.389984	0.03609	0.0229806	0.0955766	0.0337819	0.0273014	0.000277585	0.0039963
156	0.038883	0.0314535	0.00511152	0.00283053	0.00261818	0.00584027	0.00471467	0.00396057	0.0026753	0.00931316	0.0089168	0.0210111	0.00162621	0.00220973	0.00273744	0.327953	0.502231	0.0183603	0.000749761	0.0068037
157	0.0448154	0.0194521	0.0102607	0.0234198	0.0149637	0.0074835	0.0323561	0.134121	0.0527907	0.0415172	0.0216738	0.016747	0.00744626	0.0403448	0.0609591	0.0624793	0.0707309	0.323795	0.00209531	0.0125483
158	0.338966	0.0440186	0.0118291	0.004446	0.00910575	0.0241319	0.0200382	0.0522119	0.0075334	0.0285987	0.0237402	0.0154498	0.0152762	0.0088242	0.0110032	0.154979	0.0387894	0.179368	0.00100347	0.0106873
159	0.638853	0.0109595	0.00371267	0.00374313	0.00435741	0.129141	0.0012646	0.00287294	0.00165936	0.00632753	0.0016992	0.00224701	0.00573069	0.001566	0.00135078	0.158094	0.0174599	0.00721128	0.000500044	0.00124992
160	0.0527082	0.0052868	0.00469	0.00556452	0.255843	0.00875265	0.00522324	0.0259275	0.0116276	0.0228374	0.0309373	0.00549756	0.0041354	0.00501323	0.00546316	0.0665358	0.128314	0.28949	0.0018967	0.0642561
161	0.0523095	0.00794781	0.0277437	0.0247517	0.00305142	0.739528	0.00614178	0.00576335	0.00388634	0.00421706	0.00397212	0.0334564	0.0100147	0.00479178	0.00224548	0.0451351	0.0136907	0.00704459	0.000694572	0.0036141
162	0.122179	0.00148475	0.0320838	0.0610236	0.00637685	0.0188727	0.0201429	0.00247307	0.0393707	0.0245992	0.00178589	0.0122415	0.453295	0.0236994	0.0153093	0.114045	0.0246767	0.0223198	0.000495581	0.00352421
163	0.0089253	0.00383891	0.0150592	0.0155813	0.00907719	0.00406286	0.520404	0.00695458	0.00526949	0.00675992	0.00745511	0.185193	0.00257549	0.0419485	0.00671486	0.0392134	0.0236225	0.00813743	0.00192575	0.0872806
164	0.683326	0.0110631	0.00380933	0.00385494	0.00354768	0.0885659	0.00112464	0.00271893	0.00142113	0.00680409	0.00141985	0.00174006	0.00327596	0.00143775	0.00117279	0.158236	0.0177775	0.00714523	0.000425926	0.00113329
165	0.696443	0.0128401	0.00459236	0.00402041	0.00283347	0.068153	0.00131497	0.00297946	0.00142644	0.00758514	0.00169847	0.00179278	0.00275252	0.00151366	0.00131577	0.161487	0.0169461	0.00883453	0.000376381	0.00109349
166	0.0120607	0.012493	0.00147294	0.00777208	0.0444745	0.0016176	0.00255785	0.318109	0.00405887	0.220245	0.0568881	0.00582629	0.00277332	0.00256678	0.00186449	0.00769125	0.014278	0.264396	0.00699101	0.0118637
167	0.154089	0.0308987	0.0068122	0.00849669	0.048099	0.0132811	0.00420781	0.133604	0.00624088	0.0596097	0.0246519	0.0080043	0.101607	0.00437538	0.00623168	0.0401897	0.0768176	0.255717	0.00120307	0.015863
168	0.00838947	0.00346001	0.0169883	0.0199914	0.00900343	0.00377038	0.507337	0.00612095	0.00516488	0.00623128	0.00758821	0.184896	0.00239378	0.0469525	0.00662334	0.0294352	0.0191336	0.00803931	0.00164099	0.10684
169	0.0148298	0.00816036	0.00509081	0.00345014	0.216999	0.00460972	0.0265095	0.0110168	0.00216222	0.0123243	0.00767633	0.00397898	0.00199997	0.00212831	0.00212314	0.00888413	0.00876406	0.0143735	0.0325278	0.612391
170	0.017563	0.0118946	0.00138209	0.00743859	0.0773792	0.00804699	0.0100162	0.120739	0.00688294	0.275114	0.152273	0.00358338	0.0262525	0.0018442	0.00261026	0.00798876	0.0463826	0.199723	0.00765487	0.0152309
171	0.0156754	0.0114835	0.000884413	0.00222984	0.215198	0.00122931	0.00556402	0.0743967	0.00454497	0.417599	0.07593	0.00174037	0.00459092	0.00536445	0.00224803	0.00487861	0.012777	0.0601112	0.0131037	0.0704503
172	0.0157922	0.00938781	0.00158163	0.00607161	0.0968412	0.00356153	0.00718213	0.131557	0.00500362	0.388822	0.0990426	0.00300851	0.00847164	0.00443278	0.00373245	0.00691824	0.0167287	0.160016	0.00878257	0.0230666
173	0.0104007	0.0126857	0.00178852	0.00334911	0.0286129	0.000739352	0.000622867	0.40813	0.00276538	0.223822	0.0293413	0.00632772	0.000515269	0.00184974	0.000664158	0.00496716	0.0116577	0.23771	0.00365954	0.0103904
174	0.0736209	0.00895365	0.128571	0.268445	0.00495494	0.0202069	0.0196262	0.00679232	0.0797062	0.0167281	0.0114663	0.0402381	0.0178632	0.105963	0.0603764	0.0623407	0.0447182	0.0193079	0.00171806	0.00840324
175	0.0364158	0.0352094	0.00483137	0.00261617	0.0026074	0.00491093	0.00417208	0.00516556	0.00250551	0.0100302	0.00802429	0.0169196	0.00153023	0.00195665	0.00254017	0.355922	0.476189	0.020449	0.000662087	0.00734303
176	0.058684	0.00878351	0.0228578	0.0210476	0.00332764	0.733661	0.00655554	0.00701575	0.00376522	0.00477303	0.00380685	0.0275336	0.0119198	0.00483925	0.00319339	0.0497441	0.0154157	0.00801438	0.000857633	0.0042037
177	0.128567	0.0140804	0.00405985	0.00202822	0.00559792	0.700701	0.00177533	0.00350128	0.00177118	0.00376083	0.00221216	0.00515247	0.0193445	0.00160746	0.00165258	0.0821365	0.0120806	0.00781793	0.000553039	0.00159978
178	0.0565933	0.0110111	0.0314799	0.0944002	0.0145906	0.015997	0.127001	0.0198535	0.155432	0.0379458	0.0239306	0.0462497	0.00684577	0.163113	0.067695	0.0417888	0.0330039	0.0290807	0.00371717	0.0202709
179	0.0138199	0.00802452	0.00395101	0.00194176	0.224816	0.00335846	0.0249829	0.00769035	0.000866934	0.00744261	0.00541987	0.00311046	0.000631871	0.00132576	0.000876998	0.00697646	0.00678054	0.00926223	0.0337925	0.634929
180	0.0578384	0.0163586	0.281037	0.2776	0.00728921	0.0398451	0.0106642	0.00356753	0.00897478	0.00949414	0.0057459	0.0428224	0.0130152	0.0341874	0.0156916	0.070688	0.0598993	0.0218326	0.000830196	0.0226181
181	0.129279	0.0126997	0.00847638	0.00795738	0.00479933	0.673814	0.00299827	0.00728895	0.00422196	0.00570595	0.00304577	0.00991848	0.0169559	0.00327716	0.00261111	0.0757849	0.0161771	0.0120986	0.000658614	0.00223123
182	0.0356578	0.0282564	0.0513474	0.0143395	0.00879433	0.0221291	0.0151546	0.0175751	0.0151881	0.0169434	0.0112295	0.0985367	0.0107508	0.00990248	0.013653	0.165505	0.423046	0.029731	0.00197345	0.0102862
183	0.0397824	0.0636585	0.030362	0.015196	0.0118691	0.0151778	0.0202582	0.103805	0.0162728	0.0213521	0.0167773	0.0936547	0.014769	0.0143397	0.014545	0.11441	0.327478	0.0525999	0.00234613	0.0113471
184	0.0752996	0.00830953	0.2123	0.29092	0.00856497	0.0211474	0.0145062	0.00765186	0.0311235	0.0181737	0.00754843	0.0360697	0.0472774	0.0496565	0.0191399	0.0572929	0.0440221	0.0365581	0.00106867	0.0133689
185	0.0723473	0.0465032	0.00315053	0.003207	0.00695935	0.00300167	0.00411902	0.19008	0.00391163	0.0114304	0.00421329	0.0150075	0.00308146	0.00330904	0.00645285	0.0116028	0.114159	0.493754	0.000849976	0.00285925
186	0.0718938	0.0307882	0.00768003	0.00740096	0.00469596	0.0106417	0.00923163	0.0165748	0.00669256	0.0145124	0.0139293	0.0172628	0.00595498	0.00468526	0.00451324	0.236693	0.464638	0.0649698	0.000901851	0.00634012
187	0.0140823	0.00422617	0.0126221	0.0143878	0.00519134	0.00842727	0.0117067	0.045494	0.181925	0.00980854	0.0161616	0.00646212	0.00413989	0.0324049	0.557225	0.0201744	0.0112051	0.0305313	0.00216485	0.0116596
188	0.0700962	0.0288059	0.0100388	0.0089696	0.00561996	0.0107366	0.0083142	0.0164819	0.00876233	0.0156896	0.0125467	0.0191264	0.00539646	0.00662243	0.00742289	0.21627	0.471698	0.0699843	0.000895518	0.00652225
189	0.020108	0.0118083	0.00107202	0.00855754	0.121609	0.00525346	0.00741162	0.115503	0.0051828	0.24929	0.11258	0.00329461	0.00915463	0.00228353	0.00543527	0.0104585	0.0184104	0.248791	0.018785	0.0250114
190	0.0252235	0.0389632	0.0071642	0.0247643	0.063554	0.0142174	0.143369	0.0358069	0.0647807	0.0690273	0.0503649	0.0492445	0.00393379	0.0635451	0.108668	0.0501268	0.0537142	0.0201994	0.0443125	0.0690208
191	0.0155826	0.011792	0.000742767	0.000864547	0.235293	0.000834626	0.0045157	0.0645586	0.0012412	0.44104	0.0718716	0.000859323	0.00358608	0.0059173	0.00127568	0.0045438	0.0113524	0.0483464	0.0147876	0.060994
192	0.0453518	0.0209904	0.0254551	0.011869	0.00948366	0.392161	0.00993375	0.00543877	0.0113827	0.0052989	0.00897387	0.0924709	0.00730143	0.00626411	0.00732409	0.21235	0.104979	0.0149069	0.00182576	0.00623851
