259	20
1	0.0350918	0.00127164	0.00943246	0.047183	0.00055872	0.0204053	0.0226178	0.0173491	0.274889	0.0283097	0.0422581	0.0660206	0.0166856	0.130643	0.184585	0.0529925	0.0340293	0.0148242	0.000223022	0.000629612
2	0.0513054	0.00035002	0.00160931	0.0245951	0.00678522	0.00169885	0.00919194	0.156693	0.00210519	0.23802	0.0854528	0.00267043	0.00660112	0.0129767	0.0103609	0.00938596	0.0649655	0.312747	0.00122708	0.0012593
3	0.0902726	0.00331264	0.045493	0.0049505	0.00131699	0.669092	0.0167462	0.00172532	0.00830623	0.0195105	0.00171968	0.0376033	0.00144237	0.00468691	0.0178283	0.0558553	0.00758683	0.00738209	0.00408775	0.0010818
4	0.0384534	0.000449273	0.216649	0.323128	0.00200615	0.0448652	0.0202132	0.00198023	0.0353404	0.0184541	0.0133471	0.0562021	0.00152699	0.100824	0.0228674	0.0754134	0.0197952	0.00379807	0.000641705	0.00404507
5	0.211698	0.000505965	0.0678385	0.0591487	0.00214399	0.0815615	0.00375821	0.0142253	0.0764444	0.0119479	0.0129702	0.0476555	0.0408647	0.06581	0.0482556	0.135087	0.0744484	0.0432282	0.000370537	0.00203771
6	0.0423754	0.665021	0.0101422	0.0147935	0.00516732	0.0266883	0.0254199	0.00743264	0.00978481	0.0228	0.00722317	0.0115232	0.0178433	0.00990124	0.0523584	0.0356927	0.0183719	0.0109818	0.00225973	0.00421964
7	0.0836807	0.00271637	0.0237505	0.0305868	0.0344237	0.042317	0.00883702	0.0724295	0.0735029	0.100451	0.0618382	0.0353897	0.00256028	0.0240238	0.072064	0.0949662	0.127045	0.106353	0.00037295	0.00269031
8	0.0375543	0.650439	0.00814053	0.015362	0.00533627	0.0161058	0.0267854	0.00667331	0.0104354	0.0261768	0.00526849	0.0100582	0.0452475	0.0114205	0.0568316	0.0373368	0.0153438	0.00898553	0.0028186	0.00367996
9	0.178553	0.00133902	0.0817639	0.102641	0.00217703	0.199839	0.00502571	0.0066988	0.054602	0.00826585	0.023042	0.0554936	0.0127044	0.0746276	0.0323096	0.0779018	0.0410862	0.0379133	0.00132776	0.00268876
10	0.204895	0.000490261	0.0437942	0.0443884	0.00206212	0.0728339	0.00669338	0.0069619	0.0552629	0.0236023	0.00616662	0.0285745	0.11399	0.060334	0.0520692	0.155391	0.0724544	0.0468487	0.000878004	0.0023087
11	0.0693628	0.00317564	0.0816028	0.173982	0.00917722	0.180315	0.0117221	0.011554	0.0550723	0.0318414	0.0608177	0.0468153	0.00922288	0.076855	0.0425045	0.0614544	0.0349746	0.0300778	0.00269115	0.00678136
12	0.0216499	0.00110577	0.0116827	0.00898533	0.166618	0.0131806	0.0482218	0.0178011	0.00888357	0.27067	0.0457599	0.0153628	0.0128476	0.0412031	0.020754	0.0641822	0.0132598	0.0245527	0.00736972	0.185909
13	0.0872185	0.00191965	0.0135704	0.0117777	0.099288	0.0482579	0.114569	0.00783291	0.0104286	0.0259789	0.00734891	0.00864825	0.00986385	0.045803	0.0827575	0.17815	0.0501088	0.0692933	0.0352107	0.0919743
14	0.0313034	0.652162	0.00765959	0.0142529	0.00591659	0.0180182	0.0261227	0.00986763	0.00831921	0.0483414	0.0105071	0.00977374	0.0187989	0.00781073	0.0524919	0.0362315	0.0192968	0.0156217	0.00214641	0.00535744
15	0.101275	0.00130809	0.0410149	0.0480213	0.0556568	0.0794948	0.0196522	0.0138047	0.0193116	0.0910593	0.0139385	0.0149009	0.00626401	0.0476606	0.0787138	0.204251	0.0883894	0.0311912	0.00614175	0.0379503
16	0.0914709	0.00238181	0.0213047	0.0264446	0.0335488	0.0313309	0.0162635	0.0930375	0.072237	0.0868599	0.0474185	0.0355393	0.00292026	0.0195337	0.0826581	0.0845967	0.120212	0.128003	0.000557719	0.00368136
17	0.0256346	0.723892	0.00636881	0.0142317	0.00302288	0.0150286	0.028294	0.00493044	0.00849475	0.0205453	0.00486755	0.00706732	0.0150772	0.00707121	0.0575569	0.0355345	0.0103291	0.00706528	0.00179308	0.00319461
18	0.138617	0.00257914	0.0118114	0.00613753	0.00439695	0.00925823	0.00587788	0.190869	0.0083997	0.0576441	0.0190465	0.0112848	0.0041818	0.00803192	0.0106234	0.135581	0.170832	0.18592	0.00170386	0.0172049
19	0.0904703	0.00280516	0.0269807	0.029714	0.0184815	0.0523325	0.0182732	0.046896	0.0885097	0.0910429	0.0441652	0.0297625	0.0178946	0.0356799	0.160925	0.070736	0.0806406	0.0833006	0.00340669	0.00798271
20	0.092427	0.0173791	0.0517744	0.0156476	0.0146834	0.0398241	0.00533328	0.0699894	0.0342224	0.0807152	0.0533368	0.0407496	0.00306801	0.0262724	0.0324227	0.0811972	0.229299	0.107197	0.000908284	0.00355358
21	0.0190826	0.0013619	0.0559604	0.00326151	0.00964235	0.0559997	0.0119447	0.0107044	0.147701	0.004828	0.00244567	0.34634	0.00209868	0.005974	0.0863506	0.0996967	0.101211	0.0123501	0.000701603	0.0223453
22	0.0760054	0.00344259	0.311205	0.0467938	0.00274223	0.112177	0.00466542	0.00361436	0.021708	0.00699249	0.00332562	0.157241	0.00705883	0.0150838	0.0108764	0.130293	0.067364	0.012302	0.0026778	0.00443191
23	0.0186092	0.00110618	0.00450951	0.0171933	0.0741893	0.00520339	0.0032983	0.0384482	0.00662176	0.470751	0.159357	0.00638822	0.0087569	0.0436691	0.00953552	0.0257378	0.0141366	0.0689925	0.0133748	0.0101207
24	0.395804	0.00104941	0.0142823	0.00426382	0.0101904	0.00453428	0.00277236	0.00336973	0.00512783	0.0477052	0.00289027	0.0147747	0.362662	0.00518763	0.00633519	0.0768721	0.0172303	0.015389	0.00170683	0.0078525
25	0.00555015	0.000313719	0.00233778	0.00182438	0.667602	0.0024973	0.00947745	0.00515899	0.00263112	0.0205884	0.00332131	0.00419521	0.00132961	0.00415336	0.00340759	0.0114164	0.00290576	0.00400109	0.00414064	0.243148
26	0.0453732	0.004241	0.108542	0.0425892	0.00705524	0.0557655	0.019531	0.0144913	0.0815263	0.0127797	0.0091659	0.334925	0.0138675	0.0276201	0.0425651	0.0924701	0.0535903	0.0176048	0.00210426	0.0141924
27	0.0311566	0.00112753	0.00791637	0.0407919	0.000657386	0.0203999	0.019812	0.0152042	0.328632	0.0229766	0.0396124	0.0623246	0.0135829	0.104014	0.190224	0.0450212	0.0446914	0.0108677	0.00025922	0.000728076
28	0.00960813	0.000407998	0.00558007	0.00206153	0.461978	0.00342478	0.0535837	0.00926896	0.00630753	0.0252701	0.00399849	0.0158197	0.00310832	0.0151435	0.00997725	0.0236397	0.00341207	0.00555987	0.00443657	0.337414
29	0.37328	0.000564615	0.00414439	0.00317867	0.00115412	0.0192137	0.00156159	0.0017863	0.0071781	0.00420887	0.00168096	0.00253684	0.00123824	0.00385238	0.00574204	0.513329	0.0495253	0.00299346	0.0016823	0.00114908
30	0.0225917	0.000636879	0.0085561	0.00539564	0.438202	0.00843557	0.027295	0.0151527	0.0116756	0.0331619	0.0208908	0.00916735	0.00680801	0.0114033	0.0148895	0.0301651	0.0160222	0.0147825	0.0851586	0.21961
31	0.02937	0.000962364	0.00247994	0.0125131	0.0374008	0.0022587	0.00596549	0.18019	0.00385377	0.333497	0.0533128	0.00632754	0.0184787	0.00944149	0.00719936	0.0174381	0.0263677	0.244339	0.00455104	0.00405359
32	0.082833	0.00351356	0.012444	0.0195914	0.00635801	0.0107629	0.00798677	0.088383	0.00936102	0.139899	0.154299	0.0121078	0.00518368	0.0205931	0.0147702	0.0365373	0.14256	0.224279	0.00427688	0.0042605
33	0.110721	0.00427678	0.0495902	0.0278812	0.0124976	0.0398505	0.0137098	0.0262934	0.0516282	0.0430764	0.02454	0.0666306	0.0218623	0.031389	0.0489855	0.160731	0.199983	0.0488694	0.00642014	0.0110641
34	0.0529309	0.025272	0.0297032	0.0417759	0.0608038	0.0399591	0.149683	0.0206548	0.0458617	0.0458719	0.0187677	0.055481	0.0242721	0.0705995	0.0631272	0.0740262	0.040739	0.0331111	0.00675401	0.100606
35	0.0420858	0.00264137	0.099531	0.042869	0.00898598	0.059093	0.0210179	0.0157017	0.0918244	0.0173778	0.0087689	0.327701	0.0109483	0.0290814	0.0491622	0.0893596	0.0503704	0.0175602	0.00172	0.0141995
36	0.367651	0.000571049	0.00409554	0.00329897	0.00120332	0.0184927	0.00159175	0.00179497	0.00732299	0.00445094	0.00178171	0.0025826	0.00134259	0.00398261	0.00532589	0.521532	0.0471777	0.00295382	0.00158118	0.00126711
37	0.00495483	0.000284379	0.00188112	0.00170685	0.69067	0.00229754	0.00366948	0.0045542	0.00223506	0.0206494	0.00344389	0.00252257	0.000988291	0.00237041	0.00232444	0.010255	0.00273004	0.00388539	0.00435337	0.234224
38	0.355162	0.000719967	0.00728485	0.00513198	0.00157231	0.0194981	0.00234548	0.00244114	0.00830025	0.00689227	0.00273488	0.00484081	0.00349586	0.00517097	0.00801682	0.498619	0.0583313	0.00517965	0.00236306	0.00189904
39	0.0168031	0.00136764	0.0325391	0.00795325	0.00529796	0.00822442	0.00570777	0.318908	0.0672122	0.105639	0.0964928	0.0619699	0.00469182	0.0566163	0.0984026	0.0166707	0.0120816	0.042033	0.0360058	0.0053834
40	0.0851784	0.00261005	0.0243248	0.0335153	0.0342758	0.0401541	0.00889668	0.0732474	0.0744276	0.100625	0.0625958	0.0331775	0.00267616	0.0243467	0.0737513	0.0885427	0.12521	0.109144	0.000455182	0.00284462
41	0.0583955	0.0101696	0.170744	0.0327804	0.00199205	0.361794	0.00815043	0.00359681	0.0304198	0.00787036	0.00248286	0.154177	0.00519381	0.00751098	0.0125565	0.07471	0.0426834	0.0068309	0.00353372	0.00440823
42	0.160089	0.00123747	0.0544318	0.169626	0.00228973	0.0401578	0.00462513	0.0199467	0.0669132	0.0130144	0.0064536	0.0242541	0.0340431	0.104567	0.0276159	0.121757	0.0793147	0.0502121	0.00113738	0.0183138
43	0.0485274	0.00214477	0.0141234	0.0476699	0.000601054	0.0130592	0.0241821	0.0202594	0.268515	0.0244132	0.0298511	0.0728275	0.0193292	0.129051	0.17376	0.0576202	0.0376898	0.015438	0.000247103	0.000691032
44	0.0621278	0.00311115	0.0104137	0.00903421	0.00684335	0.0129991	0.0207971	0.00707565	0.0266538	0.154672	0.00505421	0.00864714	0.267479	0.0525263	0.0451191	0.234764	0.0457837	0.0188106	0.00159615	0.00649155
45	0.0650092	0.00152955	0.0419216	0.0346519	0.0145099	0.0545177	0.0611927	0.0391122	0.0647073	0.100432	0.0354594	0.0161142	0.0460026	0.0362421	0.162205	0.0688136	0.0674988	0.0669993	0.00194404	0.0211368
46	0.117508	0.00179565	0.0642217	0.0367488	0.119193	0.00864182	0.00688928	0.00696724	0.11618	0.011147	0.0911991	0.00833758	0.0348893	0.00978177	0.0618798	0.0471398	0.13519	0.0103762	0.0360884	0.075826
47	0.0559371	0.0626999	0.0572388	0.0223835	0.00922907	0.0392167	0.0125527	0.0229679	0.0481377	0.0299793	0.0191088	0.194387	0.0110759	0.0282688	0.0403722	0.0889246	0.209056	0.0344312	0.00396006	0.0100725
48	0.0703363	0.00313494	0.0404507	0.101196	0.0150746	0.0389811	0.0282886	0.0174995	0.0816831	0.0421915	0.0324376	0.047313	0.02719	0.219294	0.0674969	0.063687	0.0403367	0.0463315	0.00368933	0.0133875
49	0.0436113	0.000805373	0.194421	0.322947	0.0023901	0.0405297	0.0244897	0.00259643	0.0346772	0.0264382	0.0196857	0.0551206	0.00220778	0.108573	0.0229285	0.0676796	0.0188909	0.00611527	0.000777876	0.00511467
50	0.0711262	0.00375548	0.270756	0.0917394	0.00798727	0.079774	0.0136964	0.0111653	0.0438044	0.0193067	0.0121118	0.124678	0.014205	0.0361549	0.0291566	0.0833902	0.0529908	0.0209923	0.00333278	0.00987686
51	0.0411242	0.00176478	0.00580835	0.00417749	0.00273282	0.0334287	0.0033456	0.0156242	0.0300276	0.00648259	0.00341787	0.0879274	0.0283407	0.00528397	0.00734855	0.337511	0.376072	0.00544098	0.00154991	0.00259067
52	0.0104839	0.000278262	0.00119159	0.00113433	0.0192779	0.00128484	0.000815547	0.497199	0.00141884	0.0292761	0.00546759	0.00232092	0.000993563	0.00141329	0.00152858	0.00386803	0.00197654	0.419164	0.000320482	0.000585985
53	0.111254	0.0107829	0.050935	0.0174054	0.0148544	0.0358881	0.00584863	0.0538341	0.0369171	0.0806011	0.0555235	0.0437658	0.00396588	0.0226857	0.0358086	0.0864967	0.221573	0.107568	0.000953427	0.00333903
54	0.0381651	0.000409738	0.233119	0.296443	0.00161852	0.046197	0.0183017	0.00195162	0.0329909	0.0167955	0.0120069	0.0765083	0.00215853	0.0942743	0.0217259	0.0794449	0.0195941	0.00354023	0.000629382	0.00412517
55	0.0616345	0.00587482	0.0380948	0.103467	0.00950331	0.0387574	0.0275664	0.0145861	0.0699769	0.042404	0.034837	0.0499683	0.0172801	0.271649	0.0596664	0.055852	0.0374933	0.0458835	0.00344189	0.012063
56	0.040461	0.00663624	0.00977878	0.0141783	0.0606285	0.0116524	0.0106758	0.0714333	0.01948	0.402088	0.0794012	0.0124649	0.0212524	0.024458	0.0216531	0.043674	0.0307676	0.0966335	0.00987543	0.0128073
57	0.0380675	0.00126104	0.0105309	0.0467048	0.00047033	0.017629	0.022844	0.0180169	0.279771	0.027023	0.0396858	0.0674691	0.0167702	0.125924	0.183906	0.055352	0.0339834	0.0138559	0.000202697	0.000532725
58	0.0211667	0.0010002	0.0350491	0.00276854	0.0027325	0.0216853	0.0470069	0.0084732	0.100574	0.00435225	0.00223475	0.510287	0.00975483	0.00942168	0.0411254	0.145002	0.025832	0.00435287	0.00103609	0.00614438
59	0.0631309	0.00384936	0.115879	0.0345592	0.00310761	0.388624	0.0113613	0.00598829	0.03488	0.013252	0.00517563	0.155507	0.00741575	0.0120589	0.0228869	0.0689188	0.0340237	0.0112115	0.00325159	0.00491842
60	0.485263	0.00105433	0.038059	0.00865588	0.00228348	0.0259632	0.00333126	0.0465574	0.00580484	0.0145901	0.00449059	0.00506724	0.00542213	0.00525778	0.00892521	0.0549025	0.0683055	0.210894	0.00138184	0.00379009
61	0.0667996	0.0317835	0.0281591	0.0394581	0.015295	0.0392676	0.0262153	0.027996	0.110622	0.0456696	0.0311273	0.0749653	0.0281971	0.0619046	0.163984	0.0812997	0.0615306	0.0442206	0.0068181	0.0146874
62	0.15792	0.00284494	0.0420463	0.0130052	0.00159799	0.541473	0.0119298	0.00431265	0.012113	0.0161612	0.00326766	0.0304668	0.0056089	0.0113948	0.0205383	0.0810687	0.0197292	0.018695	0.00374079	0.00208545
63	0.00732441	0.000675297	0.00266385	0.00255526	0.133147	0.00406063	0.00190872	0.0648076	0.00266229	0.547617	0.0954545	0.00270993	0.0110781	0.0111876	0.00359175	0.0228076	0.00444449	0.0581446	0.00756051	0.0155997
64	0.083692	0.0039407	0.0279296	0.0268183	0.0186146	0.0249698	0.011289	0.062545	0.047093	0.116443	0.136588	0.0272583	0.00925182	0.0302209	0.0437894	0.0803681	0.12404	0.108005	0.0079258	0.00921805
65	0.0406081	0.00429437	0.0113014	0.0156431	0.0649535	0.0117677	0.0107738	0.071813	0.0213267	0.394863	0.0763227	0.0123375	0.0298082	0.028454	0.0254919	0.0437157	0.0298653	0.0838846	0.00871066	0.0140648
66	0.0764539	0.00428081	0.25789	0.0928761	0.00880875	0.0804872	0.0105889	0.0123727	0.0398704	0.0204161	0.0130604	0.123823	0.0138423	0.0353551	0.0284453	0.0862632	0.0601245	0.0222385	0.00258672	0.0102152
67	0.0568153	0.000355413	0.00168357	0.0210548	0.00555473	0.00186636	0.00907097	0.146784	0.00193481	0.228156	0.112575	0.00225942	0.00594262	0.0125938	0.00995861	0.0149577	0.0760976	0.289175	0.00171776	0.00144694
68	0.0213558	0.00628859	0.0362312	0.0117214	0.150568	0.0220124	0.0739035	0.0123556	0.0408297	0.0208824	0.00519553	0.127263	0.00839875	0.0261723	0.0327767	0.062358	0.0316999	0.00991007	0.00307005	0.297007
69	0.0190843	0.0027128	0.34036	0.111549	0.000927029	0.102867	0.00211879	0.00150466	0.0327455	0.0059537	0.00136848	0.255164	0.0121874	0.00938683	0.008166	0.0443377	0.0399493	0.00223274	0.000511653	0.00687464
70	0.291974	0.00144108	0.104253	0.0352616	0.00378542	0.0912117	0.00574462	0.0193055	0.0360368	0.0156505	0.00937193	0.0383641	0.0166389	0.0348608	0.0298303	0.0985881	0.06975	0.0921991	0.00153568	0.00419634
71	0.0119191	0.000241504	0.00105579	0.00102504	0.0294741	0.00107446	0.000741082	0.537807	0.00131563	0.0573903	0.00413786	0.00264015	0.00103261	0.00130314	0.00132726	0.00422536	0.0018679	0.340471	0.00030411	0.000646827
72	0.0522966	0.00700225	0.0266788	0.0183992	0.053554	0.0484732	0.0151532	0.0488378	0.0228834	0.123339	0.0951593	0.0267013	0.0155561	0.0246424	0.0316999	0.0609244	0.0400994	0.0448615	0.211572	0.0321662
73	0.00519074	0.000651677	0.00232399	0.00241015	0.124479	0.00273486	0.00179199	0.0324979	0.00272242	0.594524	0.105763	0.00259351	0.0119521	0.0113796	0.00327662	0.0226056	0.00394873	0.0478483	0.00796918	0.0133371
74	0.0212335	0.745838	0.00469758	0.0127402	0.00301394	0.0138977	0.0294552	0.00397334	0.00523837	0.0189218	0.00355869	0.0057778	0.015679	0.00490967	0.0619615	0.0310458	0.00820253	0.00567588	0.00142982	0.00274905
75	0.03887	0.00286405	0.0227604	0.0841132	0.0278515	0.0185763	0.199887	0.0138235	0.0587674	0.0350142	0.0150628	0.0300721	0.0185713	0.199688	0.0745919	0.0486506	0.0301697	0.0211678	0.00356813	0.0559301
76	0.149469	0.0127624	0.0483376	0.0302894	0.0147601	0.0414951	0.0159978	0.018304	0.03312	0.0386213	0.0159761	0.0587972	0.0375112	0.02829	0.038967	0.275128	0.0961016	0.027741	0.00492397	0.0134066
77	0.148936	0.000751073	0.062439	0.0879306	0.00327979	0.248405	0.00667762	0.00608839	0.052141	0.0145786	0.0106787	0.0344553	0.022546	0.0646775	0.0522352	0.108644	0.0437401	0.0278255	0.00141224	0.00255767
78	0.0528069	0.0023904	0.0165459	0.0394694	0.00155528	0.00860807	0.0142913	0.0444916	0.229769	0.0177722	0.0152305	0.132377	0.0222424	0.155047	0.119093	0.0374574	0.0676509	0.0208277	0.000755465	0.00161854
79	0.0245802	0.72224	0.00563649	0.0151001	0.0032921	0.0160695	0.0281055	0.0049834	0.00757382	0.0197607	0.00484436	0.00737921	0.0174548	0.00739816	0.056891	0.0331327	0.0113633	0.00908561	0.00164529	0.00346347
80	0.0112168	0.000473697	0.00946768	0.00185487	0.242609	0.00211965	0.115127	0.0098133	0.00992441	0.0208719	0.00151256	0.0295528	0.00514647	0.0292946	0.0177079	0.036605	0.00289576	0.00246825	0.00170965	0.449629
81	0.0209552	0.00265669	0.343825	0.111927	0.00101068	0.0975131	0.00261801	0.00205664	0.0333694	0.0064395	0.00160063	0.249913	0.0128631	0.010261	0.00835203	0.0442242	0.040684	0.00253736	0.000556869	0.00663623
82	0.0646431	0.00133535	0.00515728	0.00447436	0.465517	0.0236666	0.0034097	0.110471	0.00492761	0.0348957	0.0232716	0.00569867	0.00375745	0.00618105	0.00596489	0.0113391	0.00862285	0.0651469	0.00282545	0.148695
83	0.134545	0.00382538	0.0290073	0.0238509	0.0132694	0.029621	0.0129925	0.0530836	0.0270497	0.114801	0.0441489	0.0229974	0.0288914	0.0257761	0.0374738	0.1139	0.166858	0.105587	0.00374532	0.00857671
84	0.318358	0.000772593	0.0241151	0.0165001	0.00331768	0.0315602	0.00506933	0.00522116	0.0359847	0.0140336	0.00621418	0.0178683	0.01634	0.020582	0.0231553	0.367679	0.0685729	0.0181167	0.00300655	0.00353179
85	0.00703557	0.000334952	0.00255549	0.00207474	0.631696	0.00290637	0.0169537	0.00753283	0.00348604	0.0225084	0.00392373	0.00623752	0.00187299	0.00584367	0.00456994	0.013074	0.00290512	0.00499198	0.00425658	0.25524
86	0.0190722	0.00128715	0.00482942	0.19422	0.0062603	0.030175	0.00382074	0.00410635	0.0285683	0.040911	0.0217064	0.0387822	0.00294787	0.448625	0.0454365	0.00996041	0.0220915	0.0730026	0.00141113	0.00278605
87	0.0650386	0.00191119	0.0140458	0.0133929	0.00814586	0.0206388	0.044692	0.0131924	0.040072	0.0988452	0.00695864	0.00761171	0.272105	0.0352332	0.115302	0.115809	0.0980057	0.0228703	0.00146585	0.00466289
88	0.147884	0.0015237	0.0190362	0.0592791	0.0102743	0.021439	0.00974577	0.0837797	0.0202385	0.148246	0.0551241	0.0149016	0.0123636	0.0400096	0.0268534	0.0459592	0.0617789	0.214895	0.0015266	0.00514154
89	0.0219618	0.000847746	0.00276736	0.00669215	0.0145762	0.00353033	0.00401134	0.301106	0.00403089	0.180402	0.00607932	0.0299639	0.00614729	0.00443579	0.00485692	0.0363677	0.0136242	0.355234	0.00118395	0.00217993
90	0.0199399	0.00269706	0.338017	0.114365	0.000912286	0.101427	0.00253355	0.00154256	0.0334076	0.00621603	0.00165019	0.250807	0.011845	0.0107289	0.00838603	0.0455782	0.0400266	0.00234945	0.000507494	0.00706363
91	0.168374	0.00240341	0.0170018	0.00965583	0.00547404	0.0123309	0.00559844	0.166764	0.0107944	0.0452981	0.0143754	0.0117046	0.00431416	0.0107948	0.0131884	0.11611	0.169601	0.18928	0.00167261	0.0252635
92	0.00500138	0.000766608	0.00257217	0.00241447	0.119132	0.00277527	0.00177885	0.0319966	0.00287217	0.59868	0.106964	0.00270424	0.0128376	0.0116645	0.00322671	0.0230713	0.00422184	0.0478497	0.0080123	0.0114584
93	0.0268888	0.00103491	0.00651503	0.0369017	0.00059668	0.0245814	0.0184887	0.0128508	0.340039	0.024087	0.0444566	0.0557978	0.011438	0.0966155	0.196714	0.0404113	0.0521312	0.00940442	0.000257047	0.000789211
94	0.028434	0.00107824	0.348746	0.218285	0.00215547	0.0520595	0.0125478	0.00251102	0.0331569	0.0140877	0.00826227	0.120857	0.00574319	0.0490275	0.0142621	0.0520125	0.0269135	0.00457681	0.000679764	0.00460415
95	0.0105552	0.000281267	0.00114351	0.0011195	0.0215113	0.00116028	0.000785321	0.50595	0.00137193	0.0334341	0.00564296	0.00234026	0.00100419	0.00138338	0.00149638	0.00381419	0.00186618	0.404223	0.000319846	0.00059747
96	0.0448962	0.00177267	0.0213815	0.350001	0.0280403	0.0530278	0.00598663	0.00526769	0.0446586	0.0154373	0.00912868	0.0421394	0.00425063	0.164764	0.140188	0.0231259	0.0161026	0.0241269	0.00201872	0.00368473
97	0.33831	0.000598217	0.0537051	0.0229265	0.00315812	0.0458408	0.00433285	0.0143216	0.0113132	0.0231411	0.00427048	0.0144435	0.00482045	0.0105517	0.0285651	0.165482	0.159711	0.0867591	0.00341939	0.00432995
98	0.0192805	0.00764297	0.00740626	0.00690015	0.524655	0.00865922	0.0164726	0.0280793	0.00851713	0.056145	0.0166852	0.00949662	0.00649892	0.00996452	0.0114524	0.0206189	0.0109181	0.0248532	0.00580484	0.19995
99	0.0190035	0.00119195	0.00316017	0.00463882	0.078827	0.00353624	0.00430014	0.0479159	0.00452862	0.521356	0.147558	0.00394232	0.00993608	0.0127163	0.00884077	0.0317248	0.0137114	0.059672	0.0129541	0.0104855
100	0.224203	0.000595236	0.102659	0.0635025	0.000909472	0.0732876	0.00436995	0.00913966	0.0710874	0.00674128	0.00899914	0.0446514	0.0220416	0.0618443	0.0409443	0.133326	0.0925255	0.036168	0.000849136	0.00215543
101	0.222365	0.000363898	0.0753636	0.0647706	0.000522075	0.0827662	0.00422068	0.00947374	0.0758053	0.00710245	0.0112426	0.0503586	0.029328	0.0735206	0.0465127	0.133986	0.0716408	0.0385669	0.000414704	0.00167578
102	0.020963	0.00107671	0.0411054	0.00340878	0.00259844	0.021473	0.048253	0.00874624	0.099225	0.00451383	0.00198963	0.519817	0.00961693	0.0102573	0.0364784	0.135406	0.023521	0.00445373	0.00117391	0.00592235
103	0.087037	0.00532163	0.0128278	0.0188021	0.0100064	0.0172022	0.0330653	0.0142016	0.0933125	0.115473	0.0137235	0.0185904	0.23404	0.0436278	0.0932435	0.0959411	0.0578953	0.0247188	0.00228091	0.00868846
104	0.161802	0.000334916	0.0443968	0.025828	0.00516745	0.0313086	0.00817263	0.00139245	0.00752242	0.0235002	0.00360639	0.0288814	0.00152798	0.0112002	0.0326286	0.375093	0.207886	0.0118498	0.0108804	0.00702109
105	0.0706433	0.00176257	0.0222469	0.230658	0.00730944	0.032184	0.00687607	0.00785971	0.0300442	0.0300464	0.0484387	0.0302973	0.00885483	0.27775	0.039829	0.0361909	0.0288439	0.0819184	0.00167811	0.00656831
106	0.0104262	0.000281954	0.00112481	0.00115222	0.0196707	0.00129857	0.000844624	0.496873	0.00142211	0.0316087	0.00544366	0.00248974	0.00101382	0.00141979	0.00145621	0.00405884	0.0020671	0.416442	0.000316143	0.000590165
107	0.0104913	0.000278263	0.00119335	0.00113422	0.0192241	0.00128543	0.000815293	0.496972	0.00141873	0.0293813	0.00546316	0.00235626	0.000991734	0.00141414	0.00152682	0.00388316	0.00200955	0.419255	0.000320089	0.000586006
108	0.107467	0.00707043	0.0443159	0.0247041	0.0123077	0.0408309	0.0144838	0.0344138	0.0442941	0.0492068	0.0211823	0.0581169	0.0288287	0.0285702	0.0486855	0.163006	0.20433	0.0530685	0.00457537	0.0105428
109	0.0110996	0.000267626	0.00125048	0.00134931	0.0425541	0.0012646	0.000895645	0.54504	0.00146327	0.105545	0.00331514	0.0043001	0.00137015	0.00163158	0.00159401	0.00564612	0.00284508	0.267502	0.000384526	0.000681981
110	0.0115445	0.00029017	0.0013277	0.00108316	0.0927903	0.00199405	0.000974262	0.518386	0.00148049	0.0823426	0.00380141	0.00311089	0.00126392	0.00148216	0.00146229	0.00477722	0.00211806	0.260275	0.000355317	0.00914005
111	0.0118086	0.000489094	0.00191768	0.00349474	0.074787	0.00177746	0.00211462	0.344277	0.00230666	0.285502	0.0429127	0.00462898	0.00614242	0.00522727	0.00278881	0.0119573	0.00751857	0.181072	0.00424124	0.0050363
112	0.0645056	0.0156677	0.113454	0.203408	0.0107655	0.0646235	0.0180522	0.0125956	0.0579763	0.0284808	0.0231547	0.0676433	0.0113598	0.107396	0.051345	0.0679744	0.038975	0.0315329	0.00240519	0.00868366
113	0.0713843	0.00616296	0.270041	0.085521	0.00654107	0.0789603	0.0137355	0.0108719	0.0395583	0.0219608	0.0131418	0.13018	0.0145825	0.0338527	0.0282821	0.0849646	0.0537175	0.0221362	0.00457251	0.00983297
114	0.0411101	0.00206964	0.0156808	0.0134781	0.146097	0.0116179	0.115764	0.0145534	0.0180026	0.0323618	0.00739616	0.025353	0.0692053	0.036664	0.0368783	0.062531	0.0238568	0.0158984	0.00487947	0.306602
115	0.0627948	0.00229143	0.0141778	0.0196384	0.0195186	0.0113363	0.00787875	0.222002	0.0141112	0.128968	0.0397314	0.0163292	0.00991036	0.0185188	0.0159806	0.0392767	0.0448964	0.304051	0.00389055	0.00469674
116	0.0519154	0.00290092	0.0123499	0.0552197	0.000696738	0.0128891	0.033524	0.0171477	0.263377	0.0213651	0.0275795	0.0653629	0.0148509	0.120172	0.175075	0.0627753	0.0486008	0.0131097	0.000288369	0.000799508
117	0.226562	0.000639158	0.0242869	0.0141228	0.00356584	0.0345248	0.0068331	0.00156456	0.00758449	0.0164133	0.00473149	0.015937	0.0015654	0.00842347	0.0398958	0.37657	0.195001	0.0102815	0.0055247	0.00597277
118	0.0412352	0.00123647	0.0221198	0.00699121	0.0067617	0.012389	0.0391841	0.00582446	0.0188935	0.0483718	0.00356441	0.00512666	0.344028	0.0657874	0.0768579	0.140283	0.127966	0.028359	0.00151349	0.00350707
119	0.0268534	0.00100282	0.00772776	0.0344434	0.00100581	0.0263719	0.0231813	0.0132876	0.28699	0.02258	0.0691957	0.101137	0.0116302	0.0953753	0.181712	0.0462458	0.0384964	0.0111011	0.000594784	0.00106842
120	0.17575	0.000838775	0.049288	0.0185921	0.00194309	0.459514	0.0112449	0.00629677	0.0175792	0.0224323	0.00412719	0.0263433	0.00964218	0.017501	0.0312151	0.076022	0.0289559	0.0380927	0.0025723	0.00204879
121	0.0367804	0.000485367	0.00334538	0.0153209	0.0165752	0.00289533	0.00733049	0.168807	0.00442404	0.268072	0.0489596	0.00922832	0.00811842	0.00788846	0.00764477	0.019287	0.0379214	0.331371	0.00304257	0.00250268
122	0.0397754	0.00194901	0.0050823	0.00449862	0.00263157	0.0343444	0.00343028	0.0175673	0.0314596	0.0067935	0.00353413	0.0889919	0.0330256	0.00609789	0.00731739	0.332324	0.371575	0.00582637	0.00114724	0.00262813
123	0.0130319	0.00111458	0.0460311	0.00406093	0.00625995	0.0514397	0.0117126	0.00947392	0.175761	0.00464827	0.00735153	0.336479	0.00232794	0.00770436	0.110414	0.0894131	0.0960149	0.00841414	0.000550726	0.0177962
124	0.0517218	0.000444411	0.00209789	0.0205402	0.00547764	0.0019342	0.0126663	0.133335	0.0027441	0.238473	0.0531595	0.005701	0.00830025	0.0100121	0.00789602	0.0125503	0.0557912	0.374678	0.000832387	0.00164411
125	0.00950633	0.000659192	0.00311243	0.0037652	0.17145	0.00417096	0.00217945	0.0350444	0.00448316	0.52674	0.0933925	0.00377916	0.011512	0.0116261	0.00563862	0.0230674	0.00629226	0.0479538	0.00786103	0.027766
126	0.111288	0.00259225	0.0595312	0.0348956	0.00282122	0.0148397	0.00890438	0.0354069	0.163474	0.0234155	0.00457315	0.23263	0.011257	0.0617417	0.0760929	0.0524083	0.0810783	0.0177933	0.00122959	0.0040261
127	0.229663	0.000771393	0.0977673	0.0596773	0.000794199	0.0801726	0.00411542	0.0111928	0.0766675	0.00627196	0.00965824	0.051755	0.0239889	0.0598998	0.0411181	0.131946	0.0766474	0.0355141	0.000600963	0.00177821
128	0.379541	0.000588804	0.00427306	0.00331335	0.00113867	0.0191981	0.00169308	0.00184131	0.00748913	0.00446916	0.00184894	0.00252673	0.00121895	0.00393016	0.00642553	0.501787	0.0523471	0.00347791	0.00165908	0.00123314
129	0.0590874	0.0042055	0.156458	0.0433301	0.00142685	0.439252	0.00915068	0.00183392	0.0215914	0.0108172	0.00227581	0.123608	0.00493323	0.00953564	0.0146913	0.0597172	0.0252215	0.00639485	0.00302249	0.00344743
130	0.0373737	0.00887324	0.0113607	0.0159375	0.0704342	0.0168214	0.0094196	0.0672992	0.0146631	0.405677	0.077674	0.0134791	0.0179954	0.0264583	0.0196304	0.0406103	0.0248929	0.0946498	0.00923065	0.0175199
131	0.0651178	0.00271673	0.0350456	0.0228584	0.0289189	0.0505092	0.00678542	0.0487112	0.0807911	0.0945609	0.0977378	0.0373301	0.00303896	0.0319669	0.0807299	0.0914763	0.140877	0.0771041	0.000591304	0.00313184
132	0.0403721	0.00149414	0.0123928	0.0449	0.000652057	0.0150624	0.020408	0.0242734	0.292303	0.0224442	0.0320714	0.0829271	0.0196674	0.113566	0.171658	0.0497418	0.0403839	0.0145649	0.000354331	0.000762216
133	0.00524745	0.000281626	0.00193377	0.00167641	0.684637	0.00232709	0.00428136	0.00468953	0.00228172	0.0211717	0.00346493	0.00291367	0.00121481	0.00253271	0.0024311	0.00997556	0.00275739	0.00413282	0.00442412	0.237625
134	0.023548	0.00135731	0.00498578	0.00505311	0.0357664	0.00434143	0.00537616	0.0769798	0.00735825	0.274501	0.196254	0.00721866	0.00567565	0.0111153	0.0132766	0.0302769	0.0180346	0.0741328	0.185242	0.0195066
135	0.0102982	0.000616306	0.00223448	0.00238537	0.376062	0.00439625	0.00205637	0.0326749	0.00275835	0.304973	0.0773515	0.00272416	0.00754623	0.00959699	0.00336348	0.0188886	0.00407913	0.0366706	0.00996887	0.0913548
136	0.166103	0.0179299	0.0285624	0.0234585	0.0108927	0.0234872	0.0204029	0.0138584	0.0396738	0.0645732	0.0122809	0.0349647	0.255471	0.0351091	0.0550025	0.0958504	0.0542576	0.0326443	0.00341081	0.012067
137	0.0569791	0.000369002	0.00193195	0.02304	0.00487633	0.00183324	0.00862619	0.14737	0.00231934	0.220955	0.0492398	0.00601916	0.0121132	0.00905247	0.0073853	0.0124631	0.0476307	0.385707	0.000693456	0.00139513
138	0.185148	0.000388971	0.037263	0.0215131	0.00415853	0.0242443	0.00666108	0.00135757	0.0101675	0.0198849	0.00261313	0.0213056	0.00146419	0.0123963	0.0249877	0.432852	0.168942	0.00879449	0.0106689	0.00518874
139	0.039852	0.00139076	0.0112734	0.0467224	0.000454904	0.0165591	0.0229915	0.0181512	0.281055	0.0261611	0.0374888	0.0678115	0.0168734	0.124829	0.183106	0.056155	0.0347505	0.0136573	0.000200133	0.000517187
140	0.0597729	0.00669293	0.0189257	0.0371348	0.0381117	0.0187803	0.012934	0.0582125	0.0412964	0.163603	0.176318	0.0230976	0.0110511	0.0493918	0.0404896	0.0588859	0.0545051	0.0946822	0.0215523	0.0145628
141	0.317148	0.00444894	0.0181813	0.0120042	0.0101202	0.0144744	0.00964361	0.0053194	0.01974	0.0505066	0.00551532	0.0160061	0.323704	0.0182015	0.0241025	0.0880105	0.0306248	0.0206556	0.0021437	0.00944927
142	0.0328593	0.00120992	0.00888028	0.0413993	0.00048631	0.0186579	0.0204993	0.0166291	0.318196	0.0238623	0.0395099	0.0631173	0.0153533	0.110783	0.185784	0.0493685	0.0411249	0.0113654	0.000223586	0.000689946
143	0.0135937	0.00142866	0.0607071	0.00281162	0.00666098	0.0586958	0.0140595	0.0111575	0.146099	0.00317449	0.00143688	0.358923	0.0021147	0.00553951	0.0848773	0.109027	0.089042	0.00831386	0.000609691	0.021728
144	0.0872189	0.00440111	0.088732	0.0278635	0.00214883	0.505377	0.0121007	0.00355016	0.020508	0.0141019	0.00458376	0.0651817	0.0049679	0.0141576	0.0224598	0.0783322	0.0263158	0.0113807	0.00399939	0.00261938
145	0.0332497	0.00143906	0.12839	0.300235	0.00372054	0.139526	0.0100384	0.00308597	0.0614301	0.0132786	0.0251063	0.0290614	0.00268727	0.0915975	0.0444157	0.0758401	0.0245792	0.00771246	0.000953303	0.00365324
146	0.015128	0.00135572	0.458328	0.123089	0.00126863	0.062912	0.0060272	0.00220309	0.0336124	0.0117478	0.00221533	0.183004	0.00875581	0.0103038	0.00700524	0.03381	0.0308589	0.00268644	0.000520465	0.00516754
147	0.0470189	0.00929121	0.0221423	0.0190305	0.0549236	0.0428796	0.0148522	0.0497633	0.0221748	0.125992	0.0932865	0.0245638	0.0130688	0.0250737	0.0297648	0.058542	0.0337125	0.0434333	0.233675	0.0368112
148	0.181098	0.00926818	0.0245063	0.0166323	0.00974551	0.0208855	0.0201794	0.0126597	0.0346405	0.0626744	0.00881738	0.0282157	0.29449	0.0312553	0.0494114	0.100839	0.0554039	0.0262221	0.00322269	0.00983189
149	0.0504639	0.00362868	0.0148228	0.0146078	0.0103992	0.0223247	0.0202849	0.0156329	0.0664026	0.0965983	0.0177371	0.0151927	0.0310828	0.0215735	0.192667	0.148638	0.222511	0.027203	0.00205802	0.00617128
150	0.0354237	0.000357964	0.00168175	0.0144582	0.0108622	0.00168623	0.00642812	0.216747	0.00214814	0.23727	0.0370448	0.0082652	0.00719462	0.00712985	0.00549185	0.0142923	0.0358719	0.355317	0.000889073	0.00144059
151	0.214479	0.000548841	0.0813799	0.0621283	0.000713092	0.081105	0.00469349	0.00995962	0.0819934	0.00753607	0.0113716	0.0547521	0.0265205	0.0678585	0.0505711	0.131072	0.0734668	0.037674	0.000442536	0.00173322
152	0.0250268	0.000516958	0.356269	0.241396	0.00136764	0.0383466	0.0180025	0.00215181	0.0335955	0.0147668	0.00791933	0.0973476	0.00391833	0.0560428	0.0135569	0.0564525	0.0261385	0.00275929	0.000535448	0.00389027
153	0.0480795	0.0139468	0.0195653	0.033222	0.0363692	0.0161502	0.0116512	0.0593753	0.0354137	0.198894	0.166039	0.0218095	0.0127462	0.0534896	0.0350272	0.0524119	0.045959	0.0985401	0.0280335	0.0132759
154	0.0114755	0.000264056	0.00109652	0.00110192	0.0222443	0.00115533	0.000779037	0.515085	0.00138959	0.0375786	0.00502566	0.00239209	0.00102286	0.00130161	0.00145105	0.0038984	0.00187799	0.389955	0.000301342	0.000603887
155	0.0828833	0.0100841	0.0208934	0.0461483	0.0012829	0.00995773	0.029215	0.0156605	0.218681	0.01744	0.0172704	0.0627087	0.0131756	0.152295	0.156846	0.0624123	0.0681975	0.0129301	0.000554037	0.00136425
156	0.0507286	0.00242217	0.0158133	0.047101	0.000590038	0.0123471	0.0242235	0.0203697	0.266748	0.023766	0.0281153	0.0764107	0.0186532	0.12922	0.170309	0.0571036	0.0396617	0.0155511	0.000222102	0.000644622
157	0.0441657	0.00404442	0.0834676	0.032431	0.00643756	0.05782	0.0218117	0.0133049	0.092596	0.0135878	0.0104234	0.344178	0.0115814	0.0287786	0.0519373	0.103333	0.0534356	0.0144147	0.00129848	0.010952
158	0.01766	0.00185719	0.0084457	0.126534	0.00515458	0.00847232	0.337506	0.00780871	0.00789136	0.0411959	0.0064227	0.00854584	0.00596657	0.265458	0.071469	0.0176265	0.0123722	0.0109474	0.0024628	0.0362035
159	0.0725342	0.0389785	0.0293413	0.0429506	0.0151649	0.0427592	0.0237916	0.0271887	0.117898	0.0431705	0.0289808	0.0572988	0.0306916	0.0631193	0.172772	0.0823179	0.0626322	0.033724	0.0040797	0.0106062
160	0.0244405	0.000953173	0.00330339	0.0058689	0.0751112	0.00456415	0.00474517	0.0554396	0.00729566	0.488255	0.13482	0.0043249	0.00984851	0.0130906	0.00985733	0.0346416	0.0218938	0.0772146	0.0144526	0.00987884
161	0.0230797	0.000348162	0.00161465	0.00893222	0.0157166	0.00169455	0.00416344	0.299198	0.00208292	0.203398	0.0183723	0.00994193	0.0055874	0.00468838	0.00365226	0.0142119	0.0207939	0.360825	0.000704283	0.000994073
162	0.0189491	0.000881387	0.00370121	0.00401615	0.203242	0.00629548	0.00503756	0.149752	0.00542554	0.311166	0.0654219	0.00470521	0.00957115	0.00924359	0.00597561	0.0210294	0.0111877	0.119384	0.00718506	0.0378304
163	0.0181151	0.000708215	0.0054008	0.00556219	0.522196	0.00603997	0.0210326	0.0227947	0.0119809	0.0619311	0.0177084	0.0137073	0.00646195	0.0105719	0.0110894	0.0221608	0.00927239	0.0175857	0.0058985	0.209782
164	0.107539	0.00604101	0.0470926	0.0335229	0.0132864	0.0421881	0.0140503	0.0295769	0.0469546	0.0462497	0.0252334	0.0632807	0.0248426	0.0343963	0.0481186	0.162124	0.188322	0.0476713	0.00803188	0.0114772
165	0.1098	0.00264016	0.0544561	0.0604666	0.0124942	0.0431446	0.0181089	0.0139542	0.0680752	0.043638	0.0198892	0.0489131	0.0334169	0.0936714	0.0583738	0.195714	0.0739014	0.029485	0.00411334	0.0157434
166	0.0886162	0.00141398	0.142349	0.0305681	0.00443953	0.0074579	0.0050515	0.148603	0.126678	0.0117312	0.00458727	0.112485	0.00484369	0.00792447	0.059407	0.0390261	0.0140606	0.184878	0.00189388	0.0039853
167	0.165387	0.000667142	0.0603921	0.0176186	0.0106569	0.0435236	0.0145598	0.00205951	0.0063944	0.0190855	0.0042774	0.0429587	0.00205479	0.0160969	0.0287093	0.347917	0.188116	0.00992742	0.0067078	0.0128898
168	0.0556404	0.00220795	0.0546249	0.122103	0.00553483	0.0387722	0.0164018	0.018127	0.197555	0.0261132	0.0306698	0.0659291	0.0137731	0.100092	0.115395	0.0636525	0.0435146	0.022487	0.00232222	0.00508469
169	0.0233123	0.00120952	0.0185392	0.241723	0.00600402	0.0226763	0.00970495	0.00349661	0.0214112	0.0347397	0.0259992	0.0351555	0.00252892	0.42447	0.0378764	0.015087	0.0176014	0.053567	0.00130392	0.00359445
170	0.229316	0.00040169	0.0858453	0.06402	0.000664048	0.0821208	0.00408527	0.00902061	0.0717721	0.00662526	0.0102202	0.0506397	0.026482	0.0667485	0.0442199	0.135244	0.0719801	0.0383708	0.000529888	0.00169392
171	0.162186	0.000319772	0.0446557	0.0245588	0.005418	0.0344183	0.00843013	0.0013524	0.0069536	0.0235042	0.00374794	0.0284741	0.00143011	0.0111673	0.0339258	0.367479	0.213603	0.0116042	0.00944309	0.0073285
172	0.0507603	0.0019195	0.22569	0.22335	0.0034612	0.0616748	0.0120971	0.00793534	0.0632582	0.0168837	0.0116674	0.0956013	0.00871044	0.0677146	0.0301454	0.0659331	0.0338565	0.0127293	0.00121323	0.00539883
173	0.0682144	0.00327052	0.0988034	0.0318268	0.00260444	0.426506	0.0121865	0.00445528	0.0321756	0.0137233	0.00425335	0.134151	0.00646961	0.0130821	0.0243768	0.0696991	0.0352476	0.0107947	0.00315428	0.00500525
174	0.0105043	0.000268475	0.00116862	0.00106057	0.049665	0.00118982	0.000808273	0.552753	0.00139726	0.0954112	0.00282137	0.00355064	0.00122676	0.0014222	0.00145981	0.00488417	0.00207772	0.266672	0.000371716	0.0012867
175	0.38149	0.00117792	0.0142949	0.00478674	0.0107949	0.00530997	0.00443104	0.00349064	0.00652284	0.0495398	0.00281109	0.0140395	0.358687	0.00740202	0.0108634	0.0781529	0.0205537	0.0159812	0.00149567	0.0081748
176	0.0112429	0.000475887	0.00945918	0.00183559	0.243574	0.00215199	0.115038	0.00972033	0.00976426	0.0207635	0.0015032	0.0294885	0.00521251	0.0291089	0.0176018	0.0365627	0.002914	0.00252004	0.00170108	0.449362
177	0.0155665	0.00123304	0.00508315	0.138961	0.0031616	0.0158223	0.00498427	0.00358091	0.0141883	0.0506371	0.0425888	0.0399946	0.00310839	0.54849	0.018421	0.00921539	0.0152673	0.0657796	0.00116013	0.00275607
178	0.0579006	0.00603495	0.0227875	0.0165128	0.045658	0.0393355	0.0154855	0.0516453	0.0237317	0.126287	0.0925402	0.0257395	0.0158956	0.0212913	0.0290433	0.068933	0.0434807	0.0455423	0.219798	0.0323571
179	0.0124546	0.00111331	0.0559703	0.00207403	0.00596111	0.0522339	0.0183664	0.0100084	0.147562	0.00310837	0.00127875	0.376756	0.00280108	0.00534466	0.0845647	0.112146	0.081686	0.00759431	0.000451653	0.0185238
180	0.00989402	0.000442714	0.00842539	0.00172952	0.295802	0.00208779	0.10012	0.00875992	0.00884586	0.0200935	0.00149181	0.0259275	0.00472635	0.025574	0.0156032	0.0328459	0.00294162	0.00248519	0.00207246	0.430131
181	0.0534251	0.000521256	0.0020456	0.0182365	0.00508065	0.00205468	0.00851283	0.138194	0.00298789	0.23287	0.147438	0.00242497	0.0049009	0.0120857	0.0114498	0.0219867	0.0699568	0.256227	0.00679593	0.0028062
182	0.0479318	0.000443662	0.00261889	0.0152074	0.00694757	0.00330268	0.00714713	0.201432	0.00400495	0.206577	0.041404	0.0089227	0.00686589	0.00780512	0.00806357	0.0334377	0.0561819	0.337822	0.000725502	0.00315869
183	0.155503	0.00320266	0.0760039	0.151702	0.00926708	0.0654234	0.011339	0.0176438	0.0514222	0.02939	0.0219683	0.0436708	0.0239535	0.0719426	0.047149	0.102641	0.0611894	0.0471789	0.00239221	0.00701709
184	0.0449517	0.00234578	0.0987752	0.0205983	0.00474926	0.0681676	0.0119774	0.00957121	0.080008	0.00691707	0.00358983	0.286213	0.00749757	0.0112562	0.0472015	0.156406	0.116019	0.00997961	0.00166368	0.0121111
185	0.0250668	0.00122429	0.0411498	0.190728	0.00330676	0.0272579	0.00742441	0.0047438	0.0332871	0.0386797	0.0482999	0.0491946	0.00307716	0.398541	0.0307345	0.0235448	0.0177825	0.0520185	0.000894933	0.00304398
186	0.225351	0.00210595	0.0164969	0.0114393	0.0142544	0.0155876	0.0194738	0.00835545	0.0168323	0.0482742	0.00838987	0.0163548	0.289243	0.0217001	0.0277708	0.12079	0.0340731	0.0213263	0.00478014	0.0774015
187	0.0863068	0.00953976	0.0708125	0.0362154	0.0060089	0.44397	0.0139766	0.00894536	0.0302223	0.0221035	0.0101897	0.0658819	0.00685252	0.0224262	0.0306082	0.073864	0.0318795	0.0188679	0.00577224	0.00555632
188	0.216568	0.000396333	0.0635139	0.0555799	0.00103437	0.0829841	0.00379392	0.00869526	0.0657794	0.0105222	0.00776773	0.0397412	0.0809996	0.0651772	0.0477529	0.13458	0.0690142	0.0431488	0.000722896	0.0022281
189	0.162416	0.00077784	0.0696756	0.0758144	0.00209552	0.258596	0.00588107	0.00603888	0.0485073	0.0114557	0.00950943	0.0355804	0.0213905	0.0572782	0.0448834	0.111637	0.0467765	0.0276144	0.00134274	0.00272932
190	0.204415	0.000503618	0.064786	0.0624707	0.00129877	0.0772806	0.00413805	0.0104464	0.0767964	0.0123333	0.0112109	0.0516164	0.0310046	0.0759451	0.0513247	0.146671	0.0721767	0.0431372	0.000578593	0.00186598
191	0.0230554	0.734301	0.00516386	0.0130146	0.00381319	0.0146973	0.0279439	0.00599887	0.00607975	0.0227898	0.00580497	0.00635986	0.016253	0.00586182	0.0557448	0.0305148	0.00960619	0.0076817	0.00177001	0.00354526
192	0.0721957	0.000875327	0.011088	0.00857673	0.014663	0.0271398	0.0477337	0.00617075	0.0229059	0.0617564	0.0027559	0.00655246	0.242463	0.0290805	0.0968136	0.194735	0.131325	0.0164682	0.00192809	0.00477358
193	0.0256879	0.000943892	0.0311897	0.00294207	0.00238309	0.0165177	0.0509363	0.00814668	0.0977807	0.00456683	0.00249348	0.523929	0.012953	0.00946271	0.0329832	0.151669	0.016333	0.00386375	0.00108588	0.00413198
