265	20
1	0.0315001	0.00245096	0.000609958	0.0034112	0.3347	0.0207524	0.0228162	0.0326121	0.000749053	0.0662412	0.0139661	0.00694029	0.000831021	0.00563044	0.000770104	0.0164469	0.00834883	0.0160053	0.012858	0.40236
2	0.0594522	0.00203525	0.00246694	0.0457014	0.0435181	0.0295701	0.00553361	0.0157921	0.127455	0.10753	0.0134564	0.015864	0.235743	0.0669593	0.067166	0.0258108	0.0268071	0.0269552	0.0254541	0.0567297
3	0.283838	0.00456792	0.00212509	0.0180233	0.0178311	0.0220188	0.00323928	0.0477529	0.00448696	0.050772	0.0507906	0.0133095	0.00200857	0.0180362	0.00400466	0.0804435	0.163798	0.207877	0.00107285	0.004003
4	0.0681636	0.000503252	0.00105684	0.00114833	0.00932637	0.0287142	0.000966552	0.00547651	0.00429061	0.0122427	0.00214094	0.0118261	0.710986	0.00806981	0.00454684	0.102639	0.0144555	0.00352942	0.000591773	0.00932576
5	0.0658739	0.0017608	0.00269668	0.00399443	0.00625511	0.00444698	0.0184061	0.0785717	0.415694	0.0337213	0.0248563	0.00724967	0.00202721	0.0207293	0.206431	0.0476506	0.0285503	0.00884423	0.00126437	0.0209758
6	0.0390292	0.00433599	0.142337	0.0419482	0.00644177	0.0832204	0.0494235	0.0136926	0.0248279	0.0326149	0.0159903	0.194124	0.0290247	0.0710271	0.00952844	0.121914	0.0989779	0.00681631	0.00128238	0.0134436
7	0.0314552	0.00062956	0.0038467	0.000738479	0.0928308	0.0049371	0.000409669	0.0816706	0.000628206	0.62319	0.0974626	0.00126711	0.00100436	0.00678502	0.00058749	0.00958288	0.00255233	0.0300849	0.00193364	0.00840325
8	0.0192271	0.00892205	0.00412908	0.00561856	0.00564	0.0203207	0.0267243	0.0104771	0.0303904	0.0103053	0.033897	0.420768	0.0418182	0.0119925	0.00212157	0.237605	0.096546	0.00792823	0.00177152	0.0037966
9	0.0614087	0.022674	0.00651884	0.000901312	0.107259	0.0308946	0.000559998	0.124625	0.000675391	0.13012	0.0279701	0.00924575	0.00131885	0.00104081	0.000662604	0.0540721	0.0601145	0.131727	0.0688683	0.159344
10	0.0686529	0.00271368	0.00144475	0.00187667	0.174762	0.00333509	0.00142866	0.0192585	0.00168758	0.384363	0.0864718	0.00329238	0.0334265	0.00194789	0.00148415	0.0453075	0.00575791	0.0149096	0.130013	0.0178656
11	0.0366873	0.00764077	0.00470018	0.00438022	0.0614591	0.0183873	0.00836566	0.045032	0.00438815	0.0754408	0.0184056	0.0142299	0.00449116	0.00794827	0.00577531	0.0592719	0.0243397	0.078836	0.209011	0.31121
12	0.0650881	0.0324167	0.00404675	0.00119631	0.0772095	0.0306807	0.000871923	0.125092	0.000764477	0.116689	0.0236371	0.0239178	0.00113741	0.00126154	0.000843236	0.0662195	0.0819098	0.122966	0.0497753	0.174277
13	0.107279	0.00989973	0.00112634	0.0005486	0.287881	0.0530026	0.000603971	0.0928828	0.000704065	0.21257	0.0653424	0.00135853	0.00512445	0.0011229	0.000787017	0.0113159	0.0206721	0.0817496	0.0269846	0.0190436
14	0.0519572	0.000331514	0.00198198	0.00442172	0.00124837	0.851288	0.00138876	0.00172596	0.00102897	0.00455037	0.00786505	0.0155756	0.000404035	0.0004716	0.00235346	0.0282953	0.0157527	0.00502636	0.000378296	0.00395433
15	0.165174	0.0050687	0.00394309	0.00251439	0.148039	0.0964353	0.00264968	0.090858	0.00229692	0.0648382	0.03285	0.00663152	0.03951	0.002193	0.00218234	0.103436	0.0327439	0.192012	0.00229048	0.00433383
16	0.0344328	0.00173492	0.00032875	0.000296622	0.0400473	0.00610308	0.000403322	0.287057	0.000522323	0.372598	0.0650639	0.0015364	0.000388609	0.00034164	0.00158483	0.00349214	0.0174524	0.162284	0.00252227	0.00180979
17	0.110426	0.00726577	0.00262577	0.00291228	0.0209253	0.00954545	0.00220755	0.0522743	0.00324854	0.508974	0.0510189	0.00514087	0.00366696	0.00423551	0.00355647	0.102142	0.0172457	0.0818759	0.00305874	0.00765308
18	0.148726	0.0072072	0.00110172	0.00151733	0.0437138	0.0646829	0.0011104	0.122586	0.0010948	0.16285	0.153935	0.00220065	0.00187258	0.00201414	0.0012381	0.0653406	0.134144	0.0794662	0.00231633	0.00288328
19	0.0787079	0.00547338	0.000806349	0.00017182	0.0624218	0.0259548	0.000324945	0.202957	0.000570731	0.316527	0.0555815	0.000924358	0.00118926	0.000193446	0.000663709	0.0092915	0.018306	0.213187	0.00360019	0.00314743
20	0.129214	0.0442936	0.00098605	0.00151029	0.0779144	0.0159364	0.00156879	0.0759292	0.00122037	0.0940674	0.143576	0.00290982	0.00171866	0.00206218	0.0012382	0.0535909	0.122164	0.224775	0.00179435	0.00353105
21	0.055106	0.0189734	0.000727973	0.000986475	0.170309	0.0090926	0.000735229	0.108393	0.000742144	0.242662	0.240647	0.00162439	0.00122938	0.00384725	0.000585195	0.0204818	0.0393326	0.0703279	0.00726848	0.00692805
22	0.192244	0.00909094	0.000862144	0.000890328	0.0297792	0.0900501	0.00373669	0.103398	0.000607327	0.0685305	0.0728986	0.00147833	0.00110917	0.00150539	0.000841103	0.0276767	0.0487956	0.344341	0.000712817	0.0014525
23	0.0351766	0.00280321	0.0007831	0.000709879	0.0504542	0.0148898	0.000837519	0.339368	0.00066773	0.175521	0.037207	0.0218806	0.000808962	0.000881604	0.00137659	0.0719935	0.0689491	0.169667	0.00149753	0.00452696
24	0.041142	0.0057056	0.00667917	0.00601109	0.0604662	0.0137136	0.00520339	0.0579819	0.00539659	0.375052	0.181588	0.013177	0.00586449	0.11578	0.00446111	0.0229679	0.0202953	0.0414355	0.00467289	0.0124073
25	0.0357191	0.00195872	0.000375259	0.000260304	0.0456065	0.0080677	0.000449209	0.302869	0.000471478	0.353458	0.0573016	0.00163831	0.000515502	0.000295679	0.00210708	0.00382845	0.0189313	0.161142	0.00318425	0.00182069
26	0.0679333	0.00104483	0.000454946	0.00057331	0.00224103	0.00110075	0.000380203	0.246181	0.000472698	0.227579	0.016433	0.0039707	0.00393285	0.000572008	0.000539304	0.00938247	0.026438	0.386494	0.000501441	0.00377551
27	0.0189704	0.00250124	0.00289642	0.00311231	0.0101169	0.0115632	0.00308836	0.0665145	0.00308908	0.0169235	0.0100932	0.00928755	0.00416325	0.00344433	0.026319	0.587878	0.19813	0.0136072	0.00265146	0.00565021
28	0.05214	0.000345651	0.00171029	0.0042487	0.00118868	0.853211	0.0014071	0.00172065	0.000895536	0.00452026	0.00778749	0.0151657	0.000408644	0.000459536	0.00214184	0.0276174	0.0156327	0.00503682	0.000377051	0.0039854
29	0.0104482	0.000901592	0.000402484	0.000445543	0.0425949	0.00255157	0.000443699	0.433422	0.00040002	0.30297	0.0493456	0.00294972	0.000653671	0.000528906	0.00544438	0.00265786	0.0183427	0.117381	0.00670088	0.00141584
30	0.0400931	0.0006394	0.000827314	0.000712853	0.328513	0.00232005	0.000612476	0.136684	0.000447721	0.198723	0.0474743	0.00106994	0.00437935	0.000682736	0.000661879	0.0029388	0.0307266	0.109312	0.0608751	0.0323064
31	0.0342356	0.00348222	0.00195329	0.00156751	0.072332	0.00630944	0.00126499	0.0845648	0.000886598	0.528942	0.168063	0.00167738	0.00275108	0.00556883	0.00129922	0.0115568	0.0110742	0.0532323	0.002018	0.00722116
32	0.355772	0.0190989	0.000665126	0.00503949	0.0155011	0.0348537	0.00116918	0.0424748	0.00067655	0.104702	0.045311	0.00392204	0.00180075	0.00702392	0.00133467	0.0580447	0.117483	0.182587	0.000726089	0.00181297
33	0.0556053	0.0189056	0.000751202	0.000522429	0.0910329	0.00893107	0.000754869	0.1633	0.000476801	0.215088	0.258896	0.00170243	0.000804502	0.00295386	0.000520826	0.0231498	0.0451792	0.0992671	0.00846388	0.00369365
34	0.0427607	0.00176168	0.00175304	0.0023286	0.115769	0.00461225	0.414299	0.00851783	0.00199855	0.0101225	0.0235686	0.0951876	0.00233366	0.0533596	0.00215177	0.118094	0.00800976	0.00916429	0.00260642	0.0816007
35	0.00893107	0.000410576	0.000511077	0.00158243	0.199392	0.0154191	0.0303812	0.0153618	0.000460046	0.0250784	0.00602148	0.000985385	0.000775104	0.00176862	0.000358754	0.00425759	0.00272298	0.0055415	0.00446042	0.675581
36	0.0807083	0.00795446	0.0253194	0.0604959	0.0039721	0.0261665	0.0105278	0.0699462	0.0632968	0.0286514	0.0320419	0.0228848	0.0028327	0.0808113	0.0138198	0.118464	0.130895	0.209482	0.00075925	0.0109709
37	0.0628122	0.000398065	0.000509328	0.000645084	0.00927877	0.0290814	0.000564812	0.00514479	0.00400818	0.0121782	0.00180282	0.0117758	0.721093	0.00786251	0.00438061	0.102483	0.0139198	0.00219128	0.0005552	0.00931514
38	0.0326665	0.0015125	0.231605	0.0348578	0.00681349	0.0183484	0.0319318	0.0334324	0.00453116	0.013513	0.00622857	0.261621	0.00415187	0.0235296	0.00314493	0.15812	0.0914277	0.00793605	0.00170351	0.032924
39	0.0430552	0.0159077	0.00252912	0.00131049	0.089493	0.0182719	0.00158022	0.214445	0.00158828	0.164538	0.0579623	0.00837999	0.00312205	0.0025817	0.00212373	0.0426413	0.092368	0.153779	0.0223957	0.0619274
40	0.0184842	0.0365583	0.0638722	0.0395907	0.0119339	0.00811297	0.00347358	0.0476281	0.00408547	0.0211358	0.271334	0.00612717	0.00464289	0.0053081	0.0651656	0.0441521	0.165402	0.079843	0.0659478	0.0372027
41	0.0386666	0.00490557	0.00173669	0.0209138	0.0422119	0.0185537	0.0290066	0.00968904	0.182006	0.0237844	0.0214466	0.0345006	0.0329953	0.0762885	0.288253	0.0500776	0.0641518	0.0305249	0.00132359	0.0289632
42	0.0304627	0.00141098	0.252175	0.2098	0.0147786	0.0338833	0.0438842	0.00272903	0.0262969	0.0133305	0.00459841	0.10431	0.0770372	0.0445629	0.0281883	0.0390278	0.039786	0.0123037	0.000788703	0.020646
43	0.0682998	0.00730074	0.0103836	0.00249328	0.0731605	0.0405848	0.00133899	0.205462	0.00140347	0.194431	0.0503403	0.00613882	0.00302843	0.0020257	0.00199525	0.0231183	0.0400015	0.243649	0.0101479	0.0146957
44	0.0320927	0.00150946	0.239663	0.199385	0.0126755	0.0401848	0.0476126	0.00143833	0.0327006	0.010172	0.00460825	0.0964159	0.0988036	0.0490399	0.0217975	0.0415669	0.0449453	0.00846333	0.000390109	0.0165344
45	0.0269751	0.000875212	0.000899718	0.00141324	0.24492	0.0684413	0.038182	0.00847934	0.000998287	0.0123143	0.0149792	0.0470147	0.00116133	0.019637	0.00839831	0.0559981	0.0235815	0.0160391	0.0909794	0.318713
46	0.0517622	0.000400166	0.00313453	0.00525407	0.00142922	0.841133	0.00138016	0.00199947	0.00126457	0.00480578	0.00846738	0.0170833	0.000432128	0.000663599	0.0031562	0.0318246	0.0163634	0.0050968	0.000423622	0.00392593
47	0.0120608	0.00102755	0.000885072	0.00102292	0.0269958	0.00318808	0.022345	0.00403512	0.000878903	0.00564544	0.0145693	0.00230169	0.00125158	0.0012808	0.020119	0.0197132	0.00402749	0.00467772	0.813195	0.0407797
48	0.0300568	0.000364339	0.00186784	0.000309067	0.0837213	0.00456568	0.000277471	0.0669292	0.000277516	0.653037	0.107571	0.000495933	0.000383369	0.00492349	0.000315514	0.00881607	0.00139537	0.026039	0.0002804	0.0083739
49	0.00412842	0.000643772	0.000545972	0.000614936	0.0570416	0.00151331	0.000584847	0.444275	0.000475818	0.31493	0.0532318	0.00314871	0.000705277	0.00084715	0.00507203	0.00212409	0.0143913	0.0796669	0.0143646	0.00169466
50	0.0238248	0.00509082	0.00656118	0.0255575	0.0287742	0.0149166	0.0422017	0.00992274	0.198504	0.0208829	0.0205947	0.0238817	0.0138198	0.0673437	0.360461	0.0443633	0.0507584	0.0273835	0.000786109	0.0143721
51	0.114832	0.00275987	0.0305143	0.00632877	0.0125755	0.0431785	0.0439032	0.0728452	0.00409327	0.0751005	0.039604	0.045579	0.0315258	0.0294145	0.00326301	0.221277	0.0508186	0.0202815	0.00286078	0.149245
52	0.0610045	0.0186287	0.000583818	0.000627581	0.0710922	0.00878158	0.0005487	0.158858	0.000480167	0.213675	0.306317	0.00102306	0.000839611	0.00271311	0.000563423	0.0206182	0.0582408	0.063558	0.0105953	0.00125065
53	0.0110962	0.00204421	0.00224094	0.019796	0.00820962	0.00496255	0.855853	0.00924528	0.00190126	0.0115112	0.00630694	0.00448807	0.00245016	0.00359993	0.00202504	0.00960313	0.0276233	0.0104195	0.00212924	0.00449405
54	0.463543	0.00129613	0.000905745	0.00926549	0.0175462	0.042809	0.000870639	0.016958	0.00094155	0.0110232	0.0518882	0.00246837	0.00542861	0.0219577	0.00728712	0.121204	0.147058	0.0749979	0.000768082	0.00178319
55	0.0682652	0.00394403	0.0487785	0.00493115	0.0120707	0.0436526	0.00352018	0.0190387	0.00376529	0.0215905	0.0449983	0.087709	0.00462724	0.00575023	0.00427875	0.0174236	0.180126	0.384702	0.032953	0.00787498
56	0.0578367	0.000387785	0.00210912	0.00458406	0.00172684	0.837594	0.00158774	0.00263207	0.000974032	0.00460358	0.00809776	0.0152626	0.00044715	0.000600757	0.00261845	0.0286812	0.0194383	0.00610907	0.000507444	0.00420112
57	0.267517	0.00409081	0.00756116	0.0335986	0.0122515	0.0320551	0.00742025	0.036423	0.0194101	0.0292787	0.0346625	0.0112079	0.00637901	0.0310574	0.0103357	0.12639	0.142896	0.177796	0.00144246	0.0082256
58	0.0245409	0.00573062	0.0165974	0.00705463	0.00776781	0.0157929	0.0201327	0.0191472	0.0180433	0.0138896	0.0240696	0.319934	0.0272883	0.00947646	0.00561563	0.290655	0.151131	0.0135903	0.00270685	0.0068362
59	0.0652117	0.007564	0.000812709	0.000866925	0.186403	0.00433239	0.000929259	0.0842022	0.000801242	0.218969	0.295728	0.0013345	0.00103072	0.00518638	0.000638033	0.0209343	0.0470239	0.0526072	0.00340165	0.00202229
60	0.0428117	0.00982833	0.000614898	0.000691658	0.137484	0.00429078	0.000638922	0.163578	0.000560241	0.178374	0.275204	0.00141297	0.00145729	0.00246637	0.000773765	0.0163063	0.0456484	0.0992531	0.0109702	0.00763509
61	0.0404394	0.00362336	0.000881049	0.00049006	0.173069	0.00722904	0.000424098	0.122575	0.000590591	0.38842	0.117092	0.00122998	0.00175035	0.00270013	0.000512358	0.00941685	0.0171627	0.0837176	0.0135526	0.0151239
62	0.136711	0.00176375	0.00135109	0.00122032	0.0403314	0.0161554	0.00125038	0.420966	0.00101058	0.125357	0.048435	0.00195191	0.00138529	0.00133338	0.00101735	0.00616484	0.00788795	0.180915	0.00219767	0.00259501
63	0.277531	0.0422998	0.00111007	0.000833707	0.0338696	0.0542249	0.00186034	0.0642268	0.000786725	0.170887	0.0332593	0.00169263	0.0012965	0.00674909	0.000874734	0.0250245	0.0567069	0.224394	0.000816438	0.00155602
64	0.049421	0.000871259	0.000232165	0.000308027	0.0237085	0.00418942	0.000233844	0.252697	0.000477433	0.378369	0.0574378	0.000695208	0.000477944	0.000294146	0.000643679	0.00270026	0.0152464	0.210443	0.000403307	0.0011507
65	0.00885225	0.000396724	0.000492955	0.00151779	0.198967	0.0154648	0.0304314	0.0153997	0.000442796	0.0250857	0.00606453	0.00097823	0.000741747	0.00176089	0.000359753	0.0042389	0.00268543	0.00550519	0.004478	0.676136
66	0.0505562	0.00138058	0.000217729	0.000262147	0.0312525	0.00714694	0.000203315	0.23461	0.000644661	0.402684	0.0668813	0.000495902	0.000237601	0.000231698	0.000493311	0.00277464	0.0147272	0.183647	0.000298439	0.00125435
67	0.012432	0.00197329	0.0088469	0.0295459	0.0079571	0.00693943	0.808024	0.0102903	0.00495476	0.0134022	0.00647144	0.0073133	0.00543097	0.00746901	0.00675772	0.0117068	0.0304484	0.0124482	0.00210333	0.00548459
68	0.021974	0.00352582	0.00103271	0.00103278	0.0221509	0.00288315	0.00112343	0.271117	0.000702815	0.104777	0.399446	0.00141923	0.00126107	0.00204143	0.000801615	0.005181	0.0244156	0.131405	0.00205632	0.00165308
69	0.145332	0.0160058	0.000726461	0.000757053	0.412233	0.0555344	0.000686935	0.0406443	0.000596046	0.181735	0.0616997	0.00100691	0.000847428	0.001388	0.000615143	0.0134131	0.0108347	0.0199276	0.0134869	0.0225296
70	0.0245479	0.00696039	0.00314875	0.0221355	0.0323595	0.0203703	0.0384867	0.00881641	0.174959	0.0220519	0.0191611	0.0273086	0.00948034	0.0510867	0.358287	0.0569473	0.0698889	0.0386512	0.000920944	0.014431
71	0.0521629	0.000328998	0.00161727	0.00411191	0.00119191	0.854146	0.00139822	0.00170634	0.000880423	0.00449995	0.00778336	0.0149667	0.000387712	0.000465508	0.00207772	0.0271913	0.0156598	0.00506311	0.000381023	0.00397935
72	0.0252698	0.00367762	0.000812186	0.000715062	0.0325923	0.00333046	0.000891105	0.232933	0.000603615	0.207176	0.337643	0.00118158	0.000930109	0.00173208	0.000680063	0.0052425	0.0209209	0.119452	0.00227129	0.00194533
73	0.0133931	0.00210141	0.00199172	0.00188652	0.19613	0.00371834	0.00159638	0.142031	0.00150221	0.126823	0.156239	0.00283886	0.0029853	0.00206585	0.00141039	0.00702393	0.0105721	0.0395134	0.0233948	0.262782
74	0.0122807	0.000933261	0.000454888	0.00206009	0.219454	0.017387	0.0304259	0.0175082	0.000443524	0.0263292	0.00950734	0.00494435	0.000749443	0.00399495	0.000946643	0.00931211	0.00541943	0.00877005	0.0129584	0.616121
75	0.0627057	0.00113079	0.0358198	0.0307787	0.00545559	0.522187	0.00414115	0.00590966	0.0179843	0.00690762	0.0150492	0.0778954	0.00251446	0.00586776	0.0458922	0.119192	0.0289674	0.00734969	0.0010954	0.00315603
76	0.243475	0.0399875	0.00387915	0.00818779	0.0683761	0.0271358	0.00447149	0.0377225	0.00480348	0.0440739	0.0342335	0.00711336	0.00641625	0.00794778	0.00474306	0.13782	0.247518	0.0569687	0.00393157	0.0111954
77	0.0093433	0.000387731	0.00051282	0.00146088	0.198312	0.0172672	0.0312336	0.0147726	0.00045113	0.0239532	0.00641306	0.00213878	0.000755395	0.00216089	0.000600635	0.00545426	0.00322204	0.00547973	0.00654224	0.669538
78	0.048013	0.00241825	0.00280895	0.0129582	0.0198199	0.00872378	0.01985	0.0296587	0.385064	0.0353672	0.0238214	0.0205101	0.0198407	0.0655952	0.184004	0.041378	0.0419524	0.0162735	0.00109787	0.0208444
79	0.0703682	0.00150753	0.00104932	0.0290621	0.0554885	0.0134949	0.015106	0.0173894	0.212169	0.0303094	0.0173691	0.0435033	0.0892672	0.120355	0.0945222	0.0559817	0.0548585	0.0370298	0.00291986	0.038249
80	0.0321958	0.0149108	0.0288304	0.0113828	0.0104386	0.110373	0.0542896	0.034776	0.0541592	0.028062	0.0776108	0.122306	0.163127	0.0388548	0.00782487	0.080942	0.106597	0.0133416	0.00348584	0.0064921
81	0.0476573	0.002764	0.003831	0.03094	0.0422564	0.0145434	0.0235828	0.0121631	0.216794	0.0278959	0.0224484	0.0306642	0.0616298	0.100207	0.216519	0.0411661	0.0481447	0.028352	0.00272459	0.025717
82	0.0526024	0.00550781	0.0096867	0.0566091	0.0214109	0.0228591	0.0397399	0.0407172	0.131754	0.0280857	0.0212935	0.0191773	0.0137143	0.0549606	0.170958	0.0679801	0.105813	0.120165	0.0014679	0.0154988
83	0.0610745	0.00449846	0.00118682	0.000374537	0.0578327	0.0237328	0.000665104	0.19621	0.0030617	0.344539	0.0741878	0.00165941	0.00106965	0.000635229	0.000791862	0.00867092	0.0182341	0.18735	0.00483359	0.00939249
84	0.0553726	0.00275425	0.000600202	0.000692174	0.00340211	0.00195203	0.000503845	0.220647	0.000598829	0.203216	0.016226	0.00737189	0.008831	0.000623709	0.000812545	0.0154716	0.0368239	0.416639	0.000813376	0.00664768
85	0.0124976	0.00112122	0.00101464	0.00124929	0.0219624	0.00226149	0.0209765	0.00579526	0.00126053	0.00692979	0.014524	0.0015046	0.00205119	0.00138519	0.0215001	0.0183068	0.0040729	0.00606274	0.817997	0.037527
86	0.0382985	0.0182647	0.00113869	0.000298341	0.0749527	0.0150943	0.00318952	0.251946	0.00065718	0.272255	0.0494907	0.00796043	0.000864387	0.000915751	0.00146178	0.0196751	0.0165657	0.19665	0.0165132	0.0138074
87	0.0256665	0.00241698	0.000935508	0.000901059	0.0438691	0.0227281	0.000960175	0.321338	0.000784869	0.157248	0.0327402	0.0204352	0.00101511	0.00107441	0.00140386	0.0932814	0.0908448	0.175384	0.000908466	0.00606392
88	0.0534653	0.000531261	0.0121741	0.0127755	0.00235438	0.787912	0.0017636	0.00254169	0.00254737	0.00498537	0.00867698	0.0256095	0.0014606	0.0011469	0.00847232	0.0456506	0.0181331	0.00526123	0.000690259	0.00384755
89	0.0186266	0.114205	0.00188748	0.00202581	0.0900747	0.00715805	0.00206836	0.155515	0.00174357	0.126309	0.102178	0.00400906	0.00215291	0.0166086	0.00161364	0.0413082	0.0352664	0.185852	0.0372106	0.0541867
90	0.07947	0.00538534	0.00144024	0.000193797	0.0780079	0.0372771	0.000351596	0.212337	0.000442901	0.24971	0.0439279	0.00105946	0.00277207	0.000188314	0.001048	0.0131946	0.0237435	0.238359	0.00656196	0.00452931
91	0.00899745	0.00113814	0.00136473	0.00131525	0.0309913	0.00317137	0.00131359	0.382345	0.00105965	0.376728	0.0549481	0.012823	0.00163403	0.00139613	0.0137139	0.0049276	0.0259027	0.067404	0.00570324	0.00312326
92	0.00927893	0.000349243	0.000474166	0.000610012	0.621751	0.00138442	0.000532998	0.0135448	0.00410691	0.131549	0.0118644	0.000571863	0.000930617	0.00051788	0.000370489	0.00169543	0.00146671	0.00684106	0.000430106	0.191729
93	0.0534504	0.010155	0.00120402	0.000460715	0.0973429	0.0210962	0.00148658	0.195033	0.000940392	0.300375	0.0569471	0.00686491	0.00123662	0.00127131	0.000897819	0.0148452	0.0146961	0.203743	0.00925615	0.00869744
94	0.280422	0.0404175	0.000645947	0.000803606	0.0130548	0.0241672	0.000757417	0.0570253	0.000636598	0.262115	0.0402385	0.00136317	0.00125525	0.00301223	0.000773742	0.0313408	0.0722442	0.167549	0.000696671	0.00148132
95	0.0950878	0.042894	0.00089942	0.00108673	0.0859146	0.00833904	0.0011094	0.0874926	0.00104099	0.126904	0.183132	0.00238079	0.00135086	0.00237321	0.00101744	0.0517493	0.118244	0.179689	0.003781	0.00551326
96	0.0566828	0.039988	0.00308645	0.0034328	0.0332189	0.00935072	0.00294351	0.273295	0.00285832	0.142525	0.246434	0.00569109	0.00462735	0.029611	0.00356563	0.0489065	0.0267085	0.0527479	0.00654423	0.00778233
97	0.471243	0.00604134	0.000832686	0.000999931	0.0170297	0.226256	0.000831445	0.043165	0.000756316	0.072924	0.047312	0.00170918	0.00178198	0.000986752	0.00067475	0.0277451	0.00709734	0.0693376	0.000978171	0.00229709
98	0.147119	0.00268013	0.00682915	0.137955	0.0109559	0.00878019	0.00288794	0.180538	0.00429807	0.0578888	0.0127128	0.00689189	0.00415828	0.00604719	0.00401414	0.0187732	0.291675	0.0862554	0.0031564	0.00638429
99	0.304748	0.000906667	0.00283857	0.00510673	0.00363725	0.536696	0.00119613	0.00755441	0.00138821	0.0063962	0.00649948	0.0145719	0.000934151	0.000923466	0.00344119	0.0452286	0.024388	0.0219771	0.000702923	0.0108659
100	0.0296715	0.00181012	0.0011027	0.00132259	0.489395	0.00738935	0.00142853	0.0366289	0.00281292	0.215622	0.0320328	0.00188997	0.00244525	0.00199558	0.000642075	0.00555023	0.00643233	0.030627	0.00857499	0.122626
101	0.0542209	0.010235	0.000713875	0.000895762	0.140988	0.00385094	0.000755187	0.0918676	0.000820798	0.218	0.311439	0.00119017	0.000926834	0.00372496	0.000638542	0.028847	0.0642888	0.0607989	0.00415182	0.00164696
102	0.0521722	0.000328909	0.00167326	0.00420294	0.00119145	0.8539	0.00139299	0.00170565	0.00088053	0.00450303	0.00777086	0.0150052	0.000394356	0.000462732	0.00209521	0.0272553	0.0156462	0.00505231	0.000381617	0.00398488
103	0.011098	0.000528708	0.000787645	0.00174617	0.200119	0.0197573	0.0301344	0.0155299	0.000798185	0.0250023	0.00721382	0.003279	0.00113679	0.00272547	0.000863357	0.00745243	0.00433989	0.00640318	0.00877279	0.652312
104	0.0419546	0.0235122	0.000573069	0.000629186	0.0105983	0.00383537	0.000528602	0.166527	0.000654384	0.108282	0.0606919	0.00144319	0.00293226	0.000721528	0.00267537	0.0491765	0.0455438	0.47744	0.000591576	0.00168894
105	0.10794	0.0505188	0.00524686	0.00542875	0.0472762	0.021802	0.00508781	0.047154	0.005237	0.380369	0.0913237	0.00906637	0.0693471	0.00729514	0.00525076	0.0334331	0.027236	0.0462323	0.0210542	0.0137007
106	0.0310668	0.00545036	0.00359655	0.00768319	0.0151855	0.00950593	0.00297625	0.108272	0.0048243	0.0946358	0.0359755	0.0074557	0.165843	0.00632768	0.00345727	0.0525574	0.0202664	0.4131	0.00430936	0.00751025
107	0.0610686	0.00385442	0.00171063	0.00219724	0.0836465	0.0147653	0.0169092	0.0241465	0.00309621	0.0397898	0.0369188	0.0128918	0.00210478	0.00666302	0.0109343	0.0289021	0.0165767	0.0246795	0.502714	0.106431
108	0.111472	0.00139624	0.0292329	0.0143412	0.0054633	0.384474	0.0328893	0.00845948	0.00372181	0.0110689	0.00896052	0.112206	0.00352486	0.00408531	0.00625719	0.221226	0.0243759	0.00945668	0.00112002	0.00626898
109	0.0309737	0.00628103	0.0219445	0.0148624	0.0173645	0.0475022	0.0179112	0.0255779	0.0191219	0.034784	0.0700048	0.315175	0.0179632	0.179616	0.00648691	0.0792016	0.0512142	0.0262994	0.00517476	0.0125406
110	0.0427027	0.00297225	0.00066118	0.000454759	0.0400295	0.0086831	0.000413216	0.240036	0.000698445	0.335861	0.127092	0.00162995	0.000897996	0.000998977	0.00100182	0.0059733	0.0177028	0.166691	0.00314927	0.00235154
111	0.0771544	0.00570032	0.012463	0.0114985	0.0160268	0.111868	0.0112435	0.0354611	0.0064023	0.0276586	0.018507	0.0466644	0.0122752	0.00925329	0.0109625	0.475362	0.0595913	0.0356874	0.00370388	0.0125163
112	0.014043	0.000526819	0.000584842	0.00254277	0.287004	0.0161653	0.0283876	0.0230806	0.00073182	0.0441595	0.00717839	0.00320162	0.000890171	0.00355569	0.000371035	0.00846461	0.00457258	0.00919665	0.00610657	0.539236
113	0.0124352	0.00146182	0.00171292	0.00130429	0.0204681	0.00298975	0.0318198	0.00501688	0.00116426	0.00701557	0.0143747	0.00266701	0.00184769	0.00150251	0.0177144	0.0244357	0.00476157	0.00572672	0.807341	0.0342402
114	0.507862	0.00231765	0.000867028	0.00336728	0.00918353	0.236396	0.00116736	0.0215186	0.00113581	0.0237238	0.0206258	0.00659453	0.00217999	0.00391548	0.00172001	0.0489409	0.0390296	0.0557714	0.00120157	0.0124823
115	0.374683	0.00502954	0.00144677	0.00712713	0.0355185	0.112036	0.0015749	0.0321422	0.00157378	0.0432657	0.0520153	0.0032971	0.00446032	0.0113811	0.00389929	0.0915617	0.138825	0.0759794	0.00108665	0.00309716
116	0.0794717	0.00758187	0.025354	0.0602072	0.00399225	0.0256366	0.0105982	0.0683931	0.0648218	0.0291239	0.0340631	0.023028	0.00298921	0.0825104	0.0137499	0.117359	0.130731	0.208179	0.000793474	0.0114161
117	0.0521886	0.0122242	0.0043828	0.00541762	0.0196295	0.0112377	0.00236318	0.137641	0.00264009	0.140987	0.0409093	0.00794983	0.00989557	0.00507178	0.00380728	0.036245	0.0607825	0.435912	0.00364742	0.00706734
118	0.232835	0.00720105	0.00331036	0.026074	0.025317	0.0244748	0.00421223	0.164121	0.0043917	0.0977909	0.0299665	0.00738132	0.00556834	0.00645814	0.00392127	0.0394162	0.229849	0.0740235	0.00419777	0.00949006
119	0.105085	0.00430118	0.00155743	0.00526181	0.0153778	0.0375929	0.00200479	0.111022	0.00145883	0.0829415	0.0512282	0.00377736	0.00138104	0.00272401	0.00144688	0.077965	0.325205	0.15729	0.00172785	0.0106516
120	0.0132304	0.00264306	0.00965829	0.0478415	0.00614952	0.13617	0.00885789	0.0234852	0.0430271	0.0123409	0.014445	0.347531	0.0100123	0.0606485	0.00436878	0.20626	0.0395665	0.00801861	0.00158089	0.00416458
121	0.047157	0.00209639	0.00157208	0.000484883	0.0979685	0.00799381	0.000451297	0.129106	0.000491932	0.512641	0.104233	0.00109925	0.000565615	0.0038488	0.000434819	0.0138672	0.0102718	0.0564199	0.00247103	0.00682515
122	0.0267926	0.00165909	0.00195178	0.00232405	0.0418611	0.00268603	0.0100492	0.458109	0.00182095	0.0310565	0.00396051	0.0129512	0.0017032	0.00167511	0.00219164	0.00436228	0.00482543	0.368073	0.0196323	0.00231503
123	0.101398	0.00186562	0.00113676	0.00285636	0.00705179	0.756781	0.00148021	0.00966799	0.00064673	0.0240438	0.0141677	0.0118563	0.00127774	0.000629588	0.00108716	0.0286031	0.0160391	0.0140908	0.000876914	0.0044438
124	0.0320927	0.00150946	0.239663	0.199385	0.0126755	0.0401848	0.0476126	0.00143833	0.0327006	0.010172	0.00460825	0.0964159	0.0988036	0.0490399	0.0217975	0.0415669	0.0449453	0.00846333	0.000390109	0.0165344
125	0.0698021	0.000904284	0.242049	0.0530566	0.0139558	0.119077	0.0115708	0.0178285	0.0223907	0.0403487	0.00408769	0.0050653	0.126524	0.0118076	0.00118563	0.0716141	0.116878	0.0326057	0.0270084	0.01224
126	0.031057	0.000509645	0.000270794	0.000341512	0.0318281	0.00401313	0.000271939	0.27908	0.000589696	0.407041	0.0636863	0.0009929	0.000293678	0.000321181	0.00159887	0.00175037	0.0158164	0.157614	0.00171417	0.00120976
127	0.115094	0.00641529	0.0148894	0.0400113	0.0063354	0.0475275	0.0192177	0.0458755	0.0496451	0.0333425	0.029824	0.0125438	0.00164296	0.0572667	0.0279436	0.131934	0.125115	0.22031	0.00076229	0.0143037
128	0.00799787	0.000919384	0.00635932	0.181962	0.00359197	0.00274034	0.0306466	0.113193	0.0013119	0.0728444	0.00598317	0.0226265	0.0215495	0.125514	0.0135141	0.0302768	0.177491	0.168626	0.00115098	0.0117006
129	0.0333804	0.00100989	0.000590685	0.000662158	0.307538	0.00214722	0.000639415	0.102472	0.000460547	0.234166	0.0451019	0.00102845	0.00544912	0.000835209	0.000521224	0.00380687	0.0230144	0.0956518	0.103426	0.0380997
130	0.0634429	0.00104466	0.0580786	0.0274134	0.00487557	0.531527	0.00345835	0.00527564	0.00778544	0.00755649	0.0111718	0.0761496	0.00192255	0.00347246	0.0285393	0.128207	0.0296706	0.00592802	0.00133257	0.0031482
131	0.0230443	0.00226341	0.01472	0.0176583	0.471122	0.0046922	0.00347897	0.0114234	0.0184973	0.0163927	0.00644327	0.00323533	0.0499233	0.00224919	0.00147835	0.00713054	0.00580554	0.0257637	0.00199874	0.31268
132	0.165872	0.00494186	0.00807373	0.0259921	0.00720535	0.0727638	0.0202675	0.0634459	0.0231845	0.0693855	0.0301062	0.0241921	0.0030357	0.033725	0.0123009	0.154871	0.119726	0.136504	0.00111986	0.0232872
133	0.0158802	0.00336655	0.00204662	0.00368705	0.00800507	0.00558297	0.00215253	0.109886	0.0026478	0.146819	0.0517975	0.00475684	0.105842	0.00367893	0.0022669	0.0194102	0.013659	0.490577	0.0023911	0.00554638
134	0.068699	0.000869946	0.0477314	0.0297268	0.00436902	0.542081	0.00248688	0.00452828	0.00774273	0.00594514	0.0110187	0.0691337	0.00138631	0.00121273	0.0313717	0.132038	0.0306289	0.0054909	0.00093705	0.00260222
135	0.0326529	0.00521103	0.147211	0.0638736	0.00725384	0.097065	0.0516218	0.00807829	0.0338201	0.0320223	0.0181257	0.164232	0.0458491	0.0869152	0.0133737	0.0709146	0.104104	0.00647719	0.000974855	0.0102239
136	0.401571	0.000867601	0.0376095	0.0247818	0.00321681	0.00254912	0.00493717	0.0471943	0.00506217	0.0237724	0.00750229	0.0101449	0.20686	0.0150416	0.00473384	0.0674088	0.0349165	0.0982695	0.00108708	0.00247336
137	0.165135	0.00645307	0.00241382	0.00490083	0.0626368	0.014505	0.00272502	0.0470725	0.00324495	0.0228487	0.0146604	0.00399317	0.00292763	0.00386446	0.00274627	0.0599772	0.52432	0.0461931	0.00295887	0.00642252
138	0.0599511	0.00489886	0.00128121	0.000469682	0.0594962	0.0255926	0.0007671	0.235045	0.000932623	0.310927	0.0538598	0.00317614	0.00145502	0.000742079	0.00133997	0.0116921	0.0210431	0.197249	0.00509844	0.00498354
139	0.0272157	0.00711953	0.0928465	0.0353709	0.00587129	0.116709	0.0513029	0.0116568	0.0382203	0.041199	0.0289182	0.174042	0.0413211	0.0940347	0.0149806	0.0715685	0.132544	0.00733822	0.00135397	0.00638702
140	0.0257463	0.00606999	0.00344174	0.0216816	0.0346222	0.016523	0.0347954	0.00892218	0.182787	0.0212376	0.0205575	0.0257828	0.0132538	0.0586992	0.374323	0.0487167	0.0559856	0.0302324	0.000865935	0.0157563
141	0.0435556	0.00371512	0.000657821	0.000602452	0.273166	0.00773631	0.000733912	0.126845	0.000696532	0.27099	0.0715851	0.00147451	0.00304225	0.00124911	0.000438812	0.00613292	0.0193624	0.111662	0.0291105	0.0272436
142	0.0151423	0.00092608	0.000555291	0.00155132	0.56247	0.00373946	0.00490088	0.0184909	0.00342616	0.118236	0.0141616	0.00225913	0.00100114	0.00178773	0.000454373	0.00500732	0.00450377	0.0104521	0.00395947	0.226974
143	0.479713	0.00138065	0.000877023	0.00807115	0.0138194	0.0375468	0.000841725	0.0140084	0.00089065	0.0115789	0.0471375	0.00241752	0.00792023	0.0161945	0.00509323	0.108823	0.153285	0.0875992	0.000951625	0.00184928
144	0.0338351	0.00056983	0.00223796	0.000609055	0.102845	0.00510785	0.000399658	0.0560151	0.000784215	0.640424	0.0922811	0.00194832	0.000967579	0.00505318	0.0006286	0.0128393	0.00318692	0.0258169	0.00236406	0.0120862
145	0.0111634	0.00203485	0.00224014	0.0197012	0.00819523	0.00493794	0.855248	0.00927923	0.00189704	0.0115311	0.00642756	0.00476659	0.00250506	0.00363191	0.00202797	0.00985078	0.0275106	0.0103584	0.00212623	0.0045663
146	0.0205444	0.0283927	0.00432886	0.0327073	0.414314	0.00871291	0.0365884	0.075245	0.00400286	0.0278357	0.0135068	0.0063856	0.00664504	0.00616352	0.00317328	0.0141225	0.0142788	0.146027	0.00642716	0.130598
147	0.0710281	0.0113378	0.00158776	0.000529554	0.0746652	0.0276146	0.000820703	0.186422	0.000708172	0.262837	0.0374398	0.00200647	0.00229433	0.000699269	0.00107283	0.0123123	0.0353454	0.254871	0.010878	0.00553038
148	0.0285594	0.000357609	0.00187868	0.000308575	0.0858571	0.00439505	0.000278724	0.0766259	0.000321715	0.638636	0.107129	0.000522897	0.000422567	0.00475236	0.000340369	0.00841297	0.00150119	0.030164	0.00123687	0.00829953
149	0.0869918	0.0018435	0.00128544	0.00158026	0.0367633	0.0534822	0.00242505	0.0147942	0.00491804	0.0220747	0.00771606	0.0117077	0.597461	0.00730943	0.00435191	0.0987157	0.0168826	0.0150568	0.00336459	0.0112758
150	0.0245212	0.00248675	0.000736916	0.00066949	0.24596	0.00237838	0.000680313	0.1956	0.000460573	0.282107	0.0531692	0.00147006	0.00397152	0.00090343	0.000902101	0.00345561	0.0172222	0.0944076	0.0444775	0.0244203
151	0.0709134	0.0014605	0.000447531	0.000577568	0.00315211	0.00155152	0.000399561	0.242053	0.000485637	0.224665	0.019486	0.00332075	0.0036609	0.000538242	0.000564142	0.00915995	0.025233	0.388322	0.000571035	0.00343861
152	0.0142492	0.000422756	0.000288621	0.000411685	0.034758	0.00175296	0.000388021	0.385824	0.000346777	0.353101	0.0535843	0.00242552	0.000440618	0.000395327	0.00399756	0.00147689	0.0188155	0.12172	0.00461673	0.000984996
153	0.104235	0.00777725	0.00077445	0.000210983	0.0599806	0.031205	0.000391328	0.183197	0.000570341	0.323628	0.0507095	0.000828518	0.00112324	0.000470733	0.000526775	0.0103704	0.0170339	0.201261	0.00307734	0.00262966
154	0.375436	0.00953405	0.000656946	0.000713065	0.0283576	0.268531	0.000572538	0.0412602	0.000575758	0.102937	0.0528849	0.00108853	0.00227635	0.000704152	0.000610311	0.0378682	0.00856869	0.0656489	0.00053757	0.0012392
155	0.059929	0.00218789	0.000273813	0.000258556	0.0443449	0.0149028	0.000236636	0.190962	0.00124667	0.414902	0.0768323	0.000736427	0.00030815	0.000289154	0.000236794	0.0047184	0.0143035	0.170524	0.000468903	0.00233773
156	0.0723538	0.0120878	0.00123049	0.0012888	0.00716618	0.0048672	0.00101876	0.18398	0.00126941	0.0641839	0.0385063	0.00207222	0.00230506	0.00134089	0.0024996	0.0924616	0.0427596	0.465328	0.00114244	0.00213819
157	0.177712	0.0154648	0.00189296	0.000609267	0.0547098	0.108502	0.00590311	0.088925	0.00059546	0.0868466	0.0567119	0.00251935	0.00190181	0.00185453	0.000666192	0.0247855	0.0362739	0.332294	0.000545924	0.00128577
158	0.0659504	0.00337611	0.000419898	0.000215895	0.0532489	0.0198256	0.000296586	0.186804	0.00100643	0.389331	0.0713563	0.000910696	0.000588821	0.000260107	0.000300726	0.00713716	0.0147175	0.17992	0.00158523	0.00274899
159	0.0111941	0.00205114	0.00230595	0.0198612	0.00798684	0.00495785	0.855866	0.00935859	0.00190798	0.011615	0.00633634	0.00436238	0.00242262	0.00351173	0.00201281	0.0094056	0.0277153	0.0104781	0.002124	0.00452659
160	0.0294385	0.000694229	0.000229943	0.000316022	0.0334321	0.00368612	0.000305042	0.293499	0.000452184	0.390612	0.061254	0.00116062	0.000306887	0.000260399	0.00184102	0.00183663	0.0168904	0.160584	0.00209344	0.00110799
161	0.0714652	0.00738619	0.00360399	0.000296464	0.0770854	0.0318541	0.000835121	0.216642	0.000812199	0.237624	0.0455291	0.00215919	0.00203504	0.000336103	0.00135884	0.0139529	0.0222142	0.228555	0.0155887	0.0206666
162	0.244934	0.00493973	0.00318855	0.00388331	0.0864878	0.0089244	0.00334204	0.0261106	0.00360841	0.202902	0.0107242	0.00551697	0.00401371	0.00421515	0.00341786	0.0464942	0.2164	0.0482674	0.00489042	0.0677393
163	0.0534197	0.00832953	0.0010776	0.000467951	0.0627594	0.022093	0.00121284	0.220912	0.000862074	0.239705	0.0460181	0.00533816	0.00457859	0.000820884	0.00153144	0.0281233	0.0263251	0.263378	0.00625355	0.00679447
164	0.0218438	0.00569408	0.00542116	0.0268398	0.0289864	0.0156021	0.0465459	0.00976971	0.184309	0.020793	0.0200115	0.023273	0.0105251	0.0597949	0.37701	0.0456737	0.0531793	0.0306045	0.000995737	0.0131277
165	0.0233413	0.00880819	0.00465338	0.00637948	0.00676896	0.0215657	0.0255782	0.0137305	0.0274885	0.0129748	0.0401834	0.396817	0.0450828	0.0130826	0.0025729	0.245717	0.0876994	0.00928114	0.00215502	0.00612014
166	0.0360471	0.00134907	0.0298488	0.130319	0.0095734	0.011038	0.00776036	0.0200594	0.0299453	0.0482402	0.0153488	0.0148492	0.472166	0.0416095	0.0287743	0.0240222	0.0209579	0.0398754	0.00297282	0.0152431
167	0.0586219	0.00172472	0.169154	0.10809	0.0236424	0.00408741	0.00166427	0.10108	0.0332058	0.181253	0.00662621	0.00417051	0.00230804	0.0186667	0.00252588	0.125199	0.105029	0.0472149	0.00189779	0.00383735
168	0.0608754	0.000728446	0.00300648	0.00507805	0.00328112	0.80061	0.00220848	0.00455449	0.00139086	0.00736204	0.00891289	0.0160593	0.000784108	0.00135619	0.00329554	0.041149	0.0178317	0.00887466	0.00096862	0.0116722
169	0.00789987	0.0111299	0.0111734	0.015161	0.00655203	0.0032709	0.00188905	0.486684	0.0117569	0.0881136	0.00457536	0.0235573	0.00159588	0.00160566	0.0226143	0.00426533	0.0154754	0.2777	0.00237039	0.00261033
170	0.0330726	0.00145703	0.243089	0.20472	0.0142055	0.037939	0.0477581	0.001549	0.0298444	0.0107415	0.00417249	0.0973422	0.0900223	0.0472903	0.0230113	0.0416551	0.0441061	0.0094595	0.00041564	0.0181491
171	0.0683309	0.0120252	0.00115173	0.00128198	0.188562	0.0104113	0.00105834	0.123722	0.00114941	0.184743	0.205242	0.00335089	0.001633	0.00433752	0.00106839	0.0455996	0.0492868	0.0854954	0.00520486	0.00634564
172	0.027208	0.000833517	0.00101623	0.00144738	0.240153	0.0655327	0.0506217	0.0084568	0.000996233	0.0122914	0.0148609	0.0485998	0.00119257	0.0201764	0.00797671	0.0559056	0.0242286	0.0167587	0.0903706	0.311373
173	0.062938	0.00110536	0.00133562	0.00236012	0.0104129	0.0326929	0.00303154	0.00668605	0.0137833	0.0138784	0.00586909	0.0287749	0.653111	0.0146469	0.00610337	0.10955	0.018084	0.00444543	0.000776284	0.0104152
174	0.0373755	0.001882	0.227898	0.158703	0.0186722	0.0455728	0.0551633	0.00519739	0.0270058	0.0142363	0.00574644	0.113807	0.0693851	0.0427774	0.0196996	0.049511	0.0544989	0.0169768	0.00115545	0.0347366
175	0.0355717	0.00284377	0.00082072	0.00417021	0.369196	0.0172977	0.0188308	0.04785	0.00114718	0.0665278	0.018549	0.00466347	0.0019799	0.00496936	0.00065559	0.0125533	0.00907176	0.0265905	0.0120797	0.344631
176	0.0338398	0.00120223	0.00124639	0.00184411	0.00700337	0.0426837	0.00143784	0.130035	0.00135763	0.0949296	0.0429281	0.00336739	0.00172586	0.00165651	0.00142617	0.158476	0.332656	0.114887	0.00133757	0.0259591
177	0.074812	0.00606463	0.00115457	0.000617667	0.0696216	0.0228217	0.000804851	0.23451	0.00062643	0.187516	0.0583148	0.0113839	0.00149093	0.000867562	0.000870168	0.0488378	0.0596978	0.205479	0.0043362	0.0101721
178	0.0291575	0.00369937	0.0634264	0.0645075	0.0190311	0.0192555	0.0538925	0.0140912	0.264417	0.0217043	0.01623	0.0361784	0.0286401	0.0584482	0.192748	0.0380858	0.0411618	0.0214539	0.00112449	0.0127471
179	0.0383242	0.00142524	0.258755	0.203175	0.0125305	0.0368206	0.0415073	0.0049948	0.0273812	0.0134719	0.00456758	0.0869452	0.0925144	0.0425205	0.0202154	0.0372641	0.0468318	0.0140821	0.000686874	0.0159857
180	0.089163	0.00663755	0.000882186	0.000180787	0.0718233	0.0340709	0.000371627	0.191828	0.000655295	0.306752	0.0586347	0.000985903	0.00137175	0.000305423	0.00056432	0.01153	0.0213316	0.195614	0.00402124	0.00327648
181	0.0372656	0.000671075	0.000533476	0.000573059	0.342143	0.00178398	0.000390297	0.111995	0.000415677	0.212846	0.0525689	0.000792975	0.00537855	0.00052862	0.000411356	0.00214621	0.0251419	0.118449	0.0470212	0.0389432
182	0.401999	0.00195685	0.00188915	0.00265251	0.00674642	0.290628	0.00211187	0.0282982	0.00194889	0.0131569	0.0089383	0.0199412	0.00247948	0.00237382	0.00253597	0.0405949	0.0530779	0.0748992	0.0023202	0.0414511
183	0.0680155	0.00733584	0.00190776	0.00024568	0.0780733	0.0307147	0.000860955	0.219164	0.000748906	0.247332	0.0483938	0.00208157	0.00204571	0.000270141	0.00246632	0.0135238	0.0188257	0.238776	0.0100871	0.00913228
184	0.0775374	0.00534281	0.00160194	0.000187145	0.0765339	0.036829	0.000387511	0.212658	0.000584481	0.247384	0.0451271	0.00112376	0.00256796	0.000199236	0.00139	0.0127876	0.0224952	0.242884	0.00704963	0.00532892
185	0.054536	0.0231642	0.00414638	0.00160149	0.157025	0.0250988	0.00273396	0.104874	0.000550033	0.122079	0.0301565	0.00985847	0.00098499	0.00207691	0.000786552	0.0482881	0.0595597	0.110387	0.059151	0.182942
186	0.0339368	0.000431502	0.00183294	0.000349595	0.0873965	0.00531512	0.000316216	0.0603344	0.000351394	0.651913	0.10803	0.000487409	0.000475613	0.00520153	0.000336231	0.00960966	0.00131909	0.0230613	0.000451435	0.00884956
187	0.0793701	0.00419457	0.000954582	0.000698073	0.102468	0.0203162	0.000627841	0.264839	0.000697731	0.230503	0.0759915	0.00310149	0.00118995	0.000667816	0.000767824	0.0189478	0.039761	0.141358	0.00920302	0.0043422
188	0.0775743	0.00562668	0.00150918	0.000221886	0.0807545	0.0369957	0.000417925	0.214877	0.000452269	0.244582	0.0428274	0.00123062	0.00334371	0.000221671	0.0010796	0.013971	0.0233126	0.23929	0.00681519	0.00489602
189	0.00927893	0.000349243	0.000474166	0.000610012	0.621751	0.00138442	0.000532998	0.0135448	0.00410691	0.131549	0.0118644	0.000571863	0.000930617	0.00051788	0.000370489	0.00169543	0.00146671	0.00684106	0.000430106	0.191729
