379	20
1	0.0184106	0.00621231	0.00406142	0.00650066	0.0070485	0.00734325	0.0269492	0.0186809	0.071099	0.0795407	0.390873	0.029452	0.00244183	0.00569577	0.0308812	0.0565588	0.0570926	0.173971	0.00268827	0.00449942
2	0.021013	0.0271313	0.00480296	0.00286489	0.0242566	0.00383979	0.0142956	0.172505	0.0035807	0.262354	0.0161437	0.0039013	0.00139515	0.00484478	0.0032795	0.0099743	0.0135025	0.400803	0.00487783	0.00463362
3	0.0191368	0.0172508	0.00115099	0.00141871	0.0936334	0.00392297	0.00338448	0.0933751	0.00168335	0.414519	0.117406	0.00476982	0.00433753	0.00164901	0.00260561	0.0136648	0.00831649	0.140196	0.00490478	0.0526755
4	0.0295588	0.012215	0.000244738	0.00193489	0.0106043	0.000458528	0.000444147	0.330528	0.00238236	0.0403476	0.0221013	0.000382838	0.000379807	0.000242612	0.00209211	0.0060448	0.0256006	0.513616	0.00019925	0.000622167
5	0.0449218	0.00799775	0.137862	0.162699	0.00535689	0.0389217	0.0323314	0.0103476	0.0738448	0.0193102	0.0149508	0.070014	0.00513778	0.166261	0.0709512	0.0757644	0.0340312	0.0174462	0.00381587	0.00803461
6	0.0168693	0.00690697	0.000348948	0.00182094	0.0340357	0.000624483	0.000673462	0.40023	0.000706255	0.187398	0.0542331	0.00103002	0.00603057	0.000487723	0.00250669	0.00176806	0.0123595	0.26685	0.00226167	0.00285922
7	0.0588375	0.0285706	0.0082315	0.0179603	0.00687364	0.0158024	0.015061	0.00517856	0.0120222	0.0215053	0.00255956	0.00591949	0.617762	0.0174054	0.0251829	0.106888	0.0199355	0.00727342	0.00149385	0.00553678
8	0.00878073	0.0131927	0.000655764	0.000846125	0.0641185	0.00194017	0.00117873	0.110536	0.00108225	0.498194	0.173526	0.00120002	0.00466177	0.000828817	0.0020638	0.00991229	0.00514556	0.0866334	0.00437006	0.0111329
9	0.00768727	0.0380724	0.000348086	0.000563319	0.385957	0.00419451	0.0344843	0.00139419	0.000475646	0.0548905	0.000594695	0.00594558	0.00219842	0.00396536	0.00382804	0.0219663	0.00290559	0.0172244	0.00639374	0.406911
10	0.0452005	0.0647575	0.0201491	0.101235	0.0156668	0.0143819	0.0805604	0.021509	0.0577062	0.0373015	0.0621527	0.147398	0.00590676	0.0491604	0.0671141	0.051311	0.0454747	0.0355691	0.0604048	0.0170395
11	0.0474089	0.0184714	0.0235021	0.256328	0.0135307	0.0823848	0.020556	0.0240906	0.031094	0.0284634	0.013984	0.0260137	0.00537374	0.0313596	0.0407611	0.0995894	0.126032	0.0315648	0.0679849	0.0115062
12	0.0150558	0.0121065	0.00468403	0.00760682	0.00113154	0.0146917	0.0149586	0.00690095	0.319026	0.0313338	0.0188044	0.0399143	0.000414541	0.0452202	0.421451	0.0124946	0.0225057	0.00660064	0.00442329	0.000675628
13	0.232148	0.0282662	0.00406715	0.00943476	0.0262012	0.0138076	0.00671586	0.123113	0.0107457	0.0698951	0.0279589	0.00552837	0.0030652	0.0098248	0.0111289	0.0455121	0.0416276	0.320905	0.00426629	0.00578868
14	0.0116346	0.0459435	0.00108948	0.00111483	0.315671	0.0147586	0.0412111	0.0119438	0.00146498	0.0833476	0.00552559	0.00739751	0.00497879	0.00472275	0.00492252	0.0256333	0.00662143	0.0253546	0.00755969	0.379105
15	0.0504738	0.0054726	0.0383312	0.192935	0.00761278	0.00452692	0.0238262	0.00410924	0.208213	0.00835689	0.00545013	0.0172938	0.000811374	0.208611	0.147579	0.0397262	0.0213427	0.00549418	0.00320232	0.00663202
16	0.0874257	0.00523294	0.00408894	0.0203057	0.00790564	0.00722737	0.0343002	0.168694	0.0316269	0.156667	0.0798428	0.003102	0.00140113	0.0412893	0.00969128	0.0352304	0.0547114	0.246365	0.00143561	0.00345672
17	0.152266	0.0349884	0.0137634	0.0180905	0.0261857	0.0338003	0.0129664	0.0675156	0.0223643	0.0450401	0.0212659	0.02763	0.0140289	0.0141225	0.0262009	0.231058	0.0718093	0.142819	0.0107828	0.0133008
18	0.0269717	0.0122602	0.000479136	0.00192617	0.0130514	0.000507132	0.000728021	0.338477	0.00212137	0.0642101	0.0240848	0.000648819	0.00105235	0.000345072	0.00203496	0.00576743	0.0235242	0.480524	0.000450795	0.000835441
19	0.0948556	0.00792908	0.0543001	0.0651164	0.00433476	0.399358	0.0154548	0.00592724	0.0316791	0.00843399	0.00786159	0.0422418	0.00260862	0.0628299	0.0978922	0.0622978	0.0161211	0.0102173	0.00261169	0.00792847
20	0.393546	0.0673118	0.0138306	0.0177989	0.0135245	0.0691068	0.0466446	0.0177532	0.0138697	0.0161808	0.0101789	0.0123479	0.0184473	0.0155888	0.0222271	0.144152	0.0539264	0.0376703	0.00622679	0.00966749
21	0.515666	0.0330647	0.0011827	0.00176351	0.010339	0.00285969	0.00255435	0.0123245	0.00167677	0.00487269	0.00272395	0.00215624	0.00119268	0.0113779	0.00291518	0.0268758	0.00971529	0.35374	0.00123783	0.0017618
22	0.0675676	0.246354	0.0204344	0.0135606	0.0150129	0.0347853	0.0170466	0.0417871	0.0197853	0.0202536	0.01019	0.0360337	0.00945081	0.0117416	0.0792678	0.252164	0.0428243	0.0397048	0.00809351	0.0139418
23	0.0421082	0.00154213	0.0449527	0.0751079	0.0012307	0.10077	0.0340464	0.00211993	0.0845682	0.00173919	0.0126816	0.157903	0.000531844	0.0551801	0.184201	0.133485	0.0327636	0.0121925	0.00132778	0.021548
24	0.00551782	0.0127977	0.00041819	0.000583187	0.0600201	0.00128855	0.000886984	0.112142	0.000588588	0.514518	0.171013	0.000921195	0.00364955	0.00065419	0.00134386	0.008331	0.00305466	0.0871399	0.0041763	0.0109555
25	0.067176	0.0169791	0.0477687	0.119315	0.0119547	0.0143519	0.0540208	0.0300297	0.0992745	0.0572464	0.0342381	0.0244011	0.000719536	0.0988435	0.0995664	0.0673773	0.0770873	0.0444907	0.0179168	0.0172426
26	0.0203265	0.0156812	0.0127491	0.0687776	0.0197095	0.0275321	0.0155266	0.0124826	0.0243354	0.0341998	0.00907561	0.0144296	0.00474473	0.0202457	0.0325737	0.0385788	0.0250459	0.0152163	0.577114	0.0116548
27	0.0615023	0.0105057	0.0101623	0.0189798	0.00916888	0.0130432	0.0182073	0.00699017	0.0124867	0.0249908	0.00362112	0.00475798	0.632995	0.0177989	0.0136775	0.0992575	0.0221039	0.00829437	0.00280728	0.00864955
28	0.273952	0.00365005	0.00145121	0.0201242	0.00239426	0.0212777	0.0127479	0.00288245	0.0487171	0.0307201	0.00251797	0.0125642	0.0312064	0.0426569	0.0475366	0.340738	0.0377261	0.0563562	0.000934546	0.00984656
29	0.0365886	0.0172938	0.642781	0.0782796	0.00111764	0.0101019	0.0204036	0.0014344	0.000960249	0.00201151	0.0011382	0.0917504	0.0219851	0.00781794	0.00294286	0.0508368	0.00780946	0.0031656	0.000618778	0.000963115
30	0.0150019	0.0102108	0.0146641	0.0205194	0.00154158	0.0254312	0.0157491	0.00565782	0.245887	0.022215	0.0140271	0.0488977	0.000423699	0.056092	0.450637	0.0192741	0.0194755	0.00670855	0.00532318	0.00226404
31	0.00639951	0.0136578	0.000476849	0.000647616	0.0699752	0.00120319	0.000894169	0.094289	0.000607239	0.519971	0.174743	0.000996876	0.0044835	0.0006905	0.00111518	0.0096184	0.00232215	0.0808063	0.00446822	0.0126347
32	0.0180747	0.00705247	0.000316453	0.00204004	0.0355414	0.000620568	0.000578938	0.409285	0.000663965	0.170666	0.0507743	0.000855942	0.00662579	0.000380464	0.0023872	0.00171742	0.0116696	0.27639	0.00202651	0.00233342
33	0.0292477	0.0124898	0.000252053	0.00199802	0.0108993	0.000457229	0.00045086	0.338509	0.00233337	0.0403736	0.0217664	0.000410648	0.000444585	0.000281855	0.00199282	0.00640821	0.0260103	0.504855	0.000199256	0.000619969
34	0.0435513	0.012646	0.0438795	0.0858438	0.0208533	0.0242977	0.0798098	0.014866	0.0826956	0.040566	0.0167335	0.0475665	0.0143226	0.20426	0.102755	0.0555824	0.0365741	0.0283383	0.0116362	0.033223
35	0.0265327	0.013961	0.00171168	0.00199424	0.0300753	0.00202874	0.00237739	0.286455	0.00231618	0.174448	0.038596	0.00196958	0.00255663	0.00127861	0.00248429	0.00712923	0.0202537	0.377872	0.00287153	0.0030887
36	0.032247	0.0167864	0.00206149	0.00195174	0.0727775	0.00409185	0.00319424	0.183038	0.00318415	0.30413	0.0754275	0.0028847	0.00361384	0.00202406	0.003799	0.0113161	0.0222027	0.238018	0.00667665	0.0105752
37	0.0577609	0.0153656	0.485614	0.108657	0.00331542	0.0214747	0.0217712	0.00695429	0.02087	0.00959774	0.0069811	0.0822129	0.0169752	0.0295642	0.0180932	0.055823	0.0186244	0.0146332	0.00249798	0.00321445
38	0.047997	0.0171059	0.288371	0.120236	0.010334	0.0312058	0.0209702	0.0298419	0.0408272	0.0303045	0.0121094	0.0820309	0.0113622	0.0349244	0.0323964	0.0639967	0.033812	0.0773559	0.00431934	0.0104991
39	0.126577	0.0325921	0.0228062	0.0216411	0.024423	0.0537024	0.0195118	0.0244174	0.0263806	0.0286775	0.0139696	0.0788159	0.0269683	0.0218864	0.0297058	0.306258	0.0825811	0.0335851	0.0043762	0.0211252
40	0.0507064	0.0141264	0.204883	0.105554	0.0103838	0.0394735	0.0274179	0.0237389	0.0439368	0.0258431	0.0173233	0.0975068	0.0103532	0.0420265	0.0403555	0.082592	0.115932	0.0327376	0.0058999	0.00920996
41	0.0345422	0.0175825	0.615042	0.0772559	0.00156255	0.0138362	0.0202639	0.00208146	0.00393108	0.00250375	0.00136635	0.106363	0.020581	0.00815159	0.00466793	0.055958	0.00845125	0.00388542	0.00073187	0.00124246
42	0.106989	0.0170488	0.018609	0.065777	0.00565487	0.0199208	0.0234602	0.00328945	0.00809991	0.0490414	0.00296197	0.00246006	0.503095	0.0441386	0.00780239	0.0854481	0.0247191	0.00495484	0.00141147	0.0051178
43	0.18547	0.00353959	0.0124005	0.0381952	0.0211411	0.0208521	0.0119486	0.111599	0.0334633	0.100257	0.0790759	0.00357868	0.000738265	0.0147018	0.0195331	0.0436716	0.130732	0.163685	0.00171645	0.00370096
44	0.0283002	0.0143657	0.000470626	0.00214967	0.0102335	0.00102551	0.00111274	0.340097	0.00228811	0.0395129	0.021714	0.000982254	0.000524323	0.000584329	0.00262733	0.0106657	0.0375721	0.484352	0.000499809	0.000921932
45	0.0359572	0.00158535	0.189777	0.352782	0.00069684	0.0422321	0.0139586	0.00846086	0.0551977	0.00978899	0.0106867	0.0900707	0.003355	0.0834302	0.0194764	0.0407638	0.0237812	0.016515	0.000487485	0.000996715
46	0.00636858	0.0164714	0.00150006	0.00232407	0.00422293	0.0169897	0.00326677	0.00760918	0.00221441	0.552285	0.314216	0.00295658	0.0112802	0.00207852	0.0163824	0.0075166	0.0180062	0.0102346	0.00159784	0.00247923
47	0.0272147	0.0115356	0.000368444	0.00209006	0.0145438	0.00044934	0.000579416	0.343111	0.00207654	0.0673953	0.0272342	0.000560596	0.00149526	0.000326375	0.00212485	0.00524422	0.0223908	0.469819	0.000586867	0.000853615
48	0.0467617	0.00465348	0.0388473	0.194923	0.00750103	0.00696235	0.0210377	0.00333777	0.200533	0.0069766	0.00479494	0.020538	0.000783997	0.211446	0.155275	0.0413472	0.0198356	0.00470291	0.00291633	0.00682637
49	0.108183	0.00252174	0.013756	0.043773	0.0237933	0.0168696	0.00744412	0.121181	0.0778106	0.0852982	0.138489	0.00585412	0.000651835	0.0308093	0.0501986	0.036496	0.100417	0.128142	0.000879402	0.00743286
50	0.0509473	0.0348988	0.0482008	0.196898	0.0104439	0.0235459	0.033429	0.0191277	0.135072	0.0300305	0.017971	0.0408557	0.00350408	0.0887988	0.104054	0.0611482	0.0439101	0.0331296	0.0109792	0.0130553
51	0.0277414	0.025231	0.00253826	0.00197635	0.0242353	0.0031461	0.00319151	0.235631	0.00226045	0.188357	0.0255864	0.00277087	0.00161516	0.00134334	0.0020948	0.00916935	0.0194768	0.415583	0.00257395	0.00547814
52	0.0621859	0.0164858	0.0349185	0.137316	0.0126325	0.00919331	0.046026	0.0228141	0.131173	0.046747	0.0270131	0.0275664	0.000435724	0.112682	0.127059	0.0606171	0.0593391	0.0343905	0.0145437	0.0168617
53	0.0544208	0.0148874	0.0342883	0.126085	0.0118274	0.0118196	0.0394254	0.0218831	0.166252	0.0382886	0.026523	0.0327627	0.000442231	0.0989252	0.151488	0.0575202	0.0553614	0.0313898	0.0128054	0.0136042
54	0.0309214	0.0751697	0.00861885	0.027236	0.0486998	0.0231831	0.0874605	0.0180458	0.0174632	0.040813	0.0174757	0.0241099	0.010695	0.0210118	0.0241804	0.044925	0.0278271	0.0247812	0.368855	0.0585272
55	0.176703	0.0145318	0.0205644	0.114307	0.00940106	0.0245127	0.0267912	0.0489209	0.0825913	0.0306659	0.0418646	0.0387834	0.00149551	0.0847122	0.0793266	0.0843183	0.04519	0.0560012	0.00807299	0.0112462
56	0.0420756	0.0015562	0.044916	0.0751766	0.00123407	0.100709	0.0340029	0.00214138	0.0846766	0.00173461	0.0126895	0.157793	0.000528587	0.0550953	0.184383	0.133473	0.0327534	0.0122053	0.00135664	0.0214994
57	0.0502946	0.00608052	0.0370059	0.194371	0.00818443	0.00465658	0.0239358	0.00550287	0.199249	0.0107466	0.00674392	0.0178775	0.000796037	0.200654	0.146602	0.0434464	0.0249557	0.0075282	0.00387725	0.00749257
58	0.0352392	0.00323932	0.0875453	0.137417	0.00155819	0.115425	0.023845	0.00608248	0.09601	0.00482034	0.00975415	0.135152	0.00128417	0.0526163	0.140552	0.0871994	0.027481	0.0201411	0.00230503	0.0123333
59	0.0295468	0.0121294	0.000244837	0.00195921	0.0112949	0.00043344	0.000456234	0.332082	0.00246763	0.0427227	0.0224881	0.000381934	0.000483655	0.000249607	0.00217129	0.00596206	0.0250194	0.50907	0.000215599	0.000621146
60	0.0225851	0.00568423	0.107395	0.0304662	0.00473369	0.0328736	0.0667559	0.00503067	0.0417071	0.00864712	0.00800004	0.325575	0.00190752	0.0699039	0.132536	0.0476413	0.0538195	0.0121539	0.00270135	0.0198828
61	0.0286754	0.0124796	0.000351253	0.00190234	0.0104914	0.000561517	0.000518135	0.34277	0.00234689	0.0397959	0.0214883	0.000490465	0.000441215	0.000304766	0.00197711	0.00682327	0.0279415	0.499771	0.000242924	0.000626991
62	0.0184438	0.0161193	0.00526347	0.0148139	0.00239899	0.0125141	0.0243173	0.0112392	0.287283	0.037375	0.0181812	0.0440578	0.000414653	0.0553142	0.386308	0.0147671	0.0285768	0.0142693	0.00502586	0.00331729
63	0.00832448	0.0341191	0.000629387	0.000864933	0.299137	0.00560384	0.0445694	0.00163817	0.0009517	0.0350627	0.00113231	0.00856234	0.00304172	0.00520339	0.00500822	0.0250083	0.00385561	0.015579	0.00789441	0.493814
64	0.0984747	0.0153937	0.0239003	0.10983	0.0144395	0.0157006	0.03373	0.0618202	0.0888286	0.0505247	0.0466634	0.0218184	0.00152843	0.0754087	0.106518	0.0570296	0.0847941	0.0703889	0.00956297	0.0136458
65	0.042839	0.00748697	0.00427198	0.00450762	0.0335174	0.00728752	0.0322932	0.132011	0.00722161	0.0140411	0.00951975	0.0346431	0.00320875	0.00500877	0.101204	0.046584	0.21412	0.265784	0.0291563	0.00529466
66	0.0280943	0.0160222	0.0167631	0.0316654	0.00610415	0.0297366	0.0189643	0.0121329	0.185861	0.0253575	0.0170957	0.0491623	0.00252555	0.0577297	0.407998	0.0374858	0.0262811	0.0180985	0.00567886	0.00724314
67	0.0352001	0.00164273	0.185861	0.339219	0.000792812	0.0438353	0.0146725	0.00826059	0.0566487	0.010068	0.0106428	0.0958637	0.00374666	0.0817728	0.0221044	0.0445906	0.0258145	0.0170882	0.00050706	0.00166878
68	0.0108044	0.0156608	0.178293	0.0109205	0.0105606	0.085038	0.00676037	0.0157229	0.0231717	0.0164444	0.00158959	0.382027	0.00326167	0.00193731	0.0164863	0.193675	0.0212811	0.0040451	0.000782591	0.00153855
69	0.0244836	0.0190045	0.0160889	0.0281198	0.00579037	0.0311413	0.0188344	0.01167	0.190657	0.0259299	0.0161119	0.0464815	0.00176436	0.0528138	0.422495	0.0343885	0.0264343	0.0154149	0.00573448	0.00664158
70	0.0352955	0.00839214	0.0709063	0.123625	0.00288044	0.0436299	0.0326906	0.0216118	0.152061	0.00524309	0.00541935	0.136211	0.000924035	0.0149507	0.100355	0.099781	0.0471325	0.0847166	0.00220295	0.0119701
71	0.11013	0.015863	0.0220198	0.0359764	0.0126155	0.505588	0.0115981	0.0105248	0.0172632	0.0151796	0.00762669	0.0313765	0.00705767	0.0203265	0.0490946	0.0644938	0.0278097	0.018043	0.00363497	0.0137791
72	0.00747535	0.0353623	0.000298557	0.000532375	0.348827	0.00514909	0.0368834	0.000949262	0.000448297	0.0399779	0.000563809	0.00660892	0.00219822	0.00401078	0.00408438	0.0210752	0.00286765	0.0164054	0.00613231	0.46015
73	0.0386602	0.00989995	0.0314343	0.0986668	0.00654918	0.0179549	0.0254508	0.00940978	0.234183	0.0238648	0.0145548	0.0389038	0.00129733	0.122807	0.237764	0.036705	0.027132	0.012522	0.00486273	0.00737734
74	0.581809	0.0173747	0.00223496	0.00730858	0.0037254	0.16223	0.00486248	0.00370049	0.0032264	0.0054455	0.00221102	0.00801048	0.00329528	0.0036798	0.00979833	0.113386	0.0466708	0.017026	0.00153629	0.00246956
75	0.0601752	0.0124908	0.0258097	0.0432503	0.00734306	0.461534	0.013544	0.00651059	0.0532723	0.0114482	0.00834931	0.0425073	0.00217283	0.029423	0.120559	0.0521554	0.0202848	0.0105566	0.00826241	0.0103505
76	0.0573684	0.00555162	0.15271	0.133152	0.00410107	0.0568478	0.0282325	0.00755184	0.0554588	0.010345	0.0102745	0.166458	0.00405477	0.0645042	0.0809847	0.103438	0.0299522	0.0147523	0.002324	0.0119378
77	0.00747176	0.0146881	0.00134108	0.0019417	0.0153991	0.0134923	0.00269346	0.0212662	0.00193258	0.546939	0.292968	0.00283343	0.0131932	0.00170735	0.0127057	0.00801375	0.0152615	0.0207674	0.00179299	0.00359151
78	0.0151146	0.0125256	0.00448823	0.00730781	0.00115593	0.01393	0.0154641	0.00695566	0.314014	0.0315097	0.0180782	0.0401626	0.00038758	0.0464754	0.426453	0.0118014	0.0226655	0.00672668	0.00409943	0.000684255
79	0.0417869	0.00241354	0.182855	0.324237	0.00101014	0.0429958	0.0237134	0.0081354	0.0547099	0.0144945	0.0147077	0.072886	0.00307049	0.104256	0.0199322	0.0433844	0.026	0.0169906	0.00128698	0.00113375
80	0.696273	0.0186546	0.00110047	0.00134207	0.00250953	0.155628	0.00277473	0.00137152	0.000954945	0.00211554	0.00122455	0.00167415	0.0021801	0.00124122	0.00846815	0.040856	0.047452	0.0121769	0.000811813	0.00119066
81	0.00540436	0.0134561	0.00106797	0.00149553	0.0306112	0.00880469	0.00201658	0.0457915	0.00124492	0.553695	0.25104	0.00203564	0.00800713	0.00137484	0.00816748	0.00789405	0.00911165	0.0397763	0.00278302	0.00622132
82	0.0608223	0.0165214	0.0347331	0.134869	0.0124023	0.0095688	0.044683	0.022463	0.139283	0.0453685	0.0275466	0.0287144	0.00043815	0.108094	0.132641	0.0597051	0.0584305	0.0335267	0.0139404	0.016248
83	0.0397634	0.00509557	0.188169	0.180595	0.00305632	0.0728191	0.0751761	0.00695097	0.0481961	0.0499177	0.0328963	0.0251018	0.00326566	0.144238	0.00969754	0.0533744	0.0438458	0.0122172	0.00331952	0.0023029
84	0.00894801	0.0412255	0.000465002	0.000963646	0.339483	0.00565736	0.0385041	0.00263703	0.00170227	0.047761	0.00148786	0.00771612	0.0033314	0.00504617	0.00482039	0.0280337	0.00496625	0.0183786	0.00707752	0.431795
85	0.0351644	0.00175843	0.188502	0.361634	0.000697572	0.042259	0.0135641	0.00853069	0.0541725	0.00965972	0.0103607	0.0869861	0.00325167	0.0832285	0.0187699	0.0396682	0.0240279	0.0162489	0.000621595	0.000893547
86	0.00699615	0.0364675	0.000304082	0.000500916	0.370363	0.00441818	0.0367915	0.000836133	0.000417069	0.0454302	0.000557974	0.00635068	0.00238566	0.00436541	0.00412921	0.0201916	0.00300887	0.0183248	0.0065013	0.43166
87	0.0302754	0.0129345	0.000307923	0.00200476	0.0132775	0.000588137	0.000482741	0.328375	0.00222498	0.0502842	0.024576	0.000418852	0.0005793	0.000267824	0.0020612	0.00652585	0.0249936	0.498716	0.000311352	0.000795084
88	0.535626	0.0344518	0.0012338	0.00170143	0.0106985	0.00286069	0.00249291	0.00257349	0.0015003	0.0035801	0.00210437	0.00222172	0.00120505	0.0121208	0.00263708	0.0279244	0.00829793	0.343976	0.0011232	0.00166989
89	0.0276621	0.0114393	0.000304297	0.00223349	0.0229894	0.000816347	0.00112863	0.356647	0.00193504	0.104669	0.0467031	0.000645708	0.00276724	0.00109246	0.00223884	0.00607736	0.0206468	0.386935	0.00116828	0.00190148
90	0.0211539	0.0229583	0.00065131	0.000730822	0.320834	0.00427265	0.0112315	0.0845627	0.00118061	0.250625	0.0326676	0.00310362	0.00644086	0.00203711	0.00234777	0.0197566	0.014054	0.0701281	0.0160406	0.115223
91	0.0370321	0.0159685	0.492067	0.098458	0.0035297	0.0260062	0.022114	0.00496713	0.0178646	0.00758902	0.0057092	0.113733	0.0199902	0.0253409	0.0172097	0.0647674	0.0152833	0.00801521	0.00106171	0.00329236
92	0.525759	0.0208238	0.00842057	0.0138637	0.0136792	0.0903591	0.0070319	0.0199964	0.0125141	0.0221328	0.00891953	0.00839929	0.0122707	0.014296	0.0183348	0.0744811	0.0538357	0.0679161	0.00324991	0.0037162
93	0.0368498	0.0149028	0.531253	0.101669	0.00203347	0.0218137	0.0212342	0.00515252	0.0156297	0.0069114	0.00412741	0.09986	0.0175373	0.022006	0.0160146	0.0563028	0.0135057	0.00935644	0.00163413	0.00220605
94	0.0133446	0.034641	0.0024865	0.00415641	0.328025	0.0120982	0.0891172	0.0132297	0.0103501	0.0598307	0.00780113	0.0124903	0.00559859	0.00870194	0.0177347	0.044541	0.0116535	0.0238192	0.0107632	0.289617
95	0.0484257	0.00590179	0.0825856	0.19881	0.00533958	0.0305736	0.0268164	0.00801404	0.124729	0.0144496	0.0114833	0.0563747	0.00145967	0.152924	0.115981	0.0590653	0.0292098	0.0143627	0.00415889	0.00933433
96	0.0609501	0.0104823	0.0115367	0.0198899	0.00927911	0.0136248	0.0161396	0.00765162	0.0106968	0.0279473	0.00319089	0.00615633	0.639959	0.0178234	0.0128007	0.0972238	0.0202385	0.0060977	0.00195519	0.00635597
97	0.0461018	0.0161666	0.611815	0.0928996	0.00170643	0.0104552	0.0193716	0.00205593	0.00193845	0.00271257	0.00166156	0.0854195	0.0290871	0.0127765	0.00466773	0.0479025	0.00768339	0.00363448	0.000732626	0.00121155
98	0.0737786	0.00829164	0.00825594	0.0227491	0.00744441	0.0109117	0.0157476	0.00167101	0.0088721	0.0205976	0.00144021	0.00161839	0.65651	0.0177458	0.00926867	0.105983	0.0214419	0.00249541	0.000793818	0.00438276
99	0.0323582	0.0155778	0.585782	0.0735675	0.00163462	0.0165209	0.0190796	0.00234742	0.0069795	0.00302231	0.00156066	0.131608	0.0187612	0.00869237	0.00715399	0.0584566	0.0103406	0.0040279	0.00101148	0.00151738
100	0.00745547	0.0354932	0.000288457	0.000509913	0.355558	0.00492857	0.0352507	0.000811857	0.000427719	0.0402572	0.000544731	0.00654372	0.00199625	0.00375049	0.00383241	0.02091	0.00279199	0.0160117	0.00572991	0.456908
101	0.032568	0.0120119	0.00224662	0.00362165	0.0850657	0.00468673	0.00901987	0.17769	0.00357854	0.306547	0.0829949	0.00489634	0.0457226	0.0058975	0.00599108	0.017255	0.0182565	0.146038	0.0093386	0.0265731
102	0.0605787	0.0214997	0.0284987	0.114469	0.0137735	0.00793864	0.0600247	0.0298837	0.10441	0.0633179	0.0312106	0.028072	0.000537672	0.0993038	0.12239	0.05971	0.0664621	0.0482858	0.0167297	0.0229035
103	0.0127879	0.0142507	0.00381805	0.00534362	0.00139972	0.0107064	0.0201556	0.00588594	0.237937	0.0313308	0.0121098	0.0357643	0.000470206	0.0624246	0.509702	0.00879909	0.0162179	0.00657143	0.00332202	0.00100279
104	0.164447	0.00990772	0.000868467	0.00110555	0.0118999	0.00576677	0.00212124	0.0411677	0.0012022	0.0210732	0.0348271	0.00139267	0.00177435	0.000864509	0.0015206	0.187403	0.494683	0.0160051	0.000713885	0.00125635
105	0.0295588	0.012215	0.000244738	0.00193489	0.0106043	0.000458528	0.000444147	0.330528	0.00238236	0.0403476	0.0221013	0.000382838	0.000379807	0.000242612	0.00209211	0.0060448	0.0256006	0.513616	0.00019925	0.000622167
106	0.0653472	0.0103757	0.0233977	0.0205014	0.0114869	0.0132478	0.0190042	0.00636037	0.0121707	0.0285183	0.00322064	0.006802	0.601818	0.0189374	0.0117244	0.101159	0.0238672	0.00748496	0.00282851	0.0117472
107	0.00613191	0.0339292	0.000631718	0.000827174	0.317826	0.00461705	0.051783	0.00626043	0.0007454	0.0542405	0.00102107	0.00637753	0.0153793	0.0128887	0.00627971	0.0182439	0.00392764	0.025718	0.0199729	0.413199
108	0.0259847	0.0178452	0.000466706	0.000527412	0.27964	0.00332655	0.00301312	0.126946	0.000723979	0.314273	0.0496582	0.00192471	0.00559229	0.000802529	0.00101495	0.0136248	0.0175712	0.0944281	0.0153054	0.0273309
109	0.0872505	0.00515944	0.00385037	0.0196932	0.00738626	0.00652858	0.0338963	0.170865	0.029951	0.158607	0.0791712	0.00291795	0.00135247	0.0397292	0.00810965	0.0342278	0.0519301	0.25476	0.00140215	0.00321162
110	0.0416536	0.00163088	0.0453676	0.0744073	0.00129162	0.0986973	0.0443032	0.00247087	0.0826755	0.00197304	0.0122811	0.154699	0.000574097	0.0545396	0.182922	0.128036	0.0342499	0.0125459	0.00138965	0.0242917
111	0.0281995	0.00571418	0.117368	0.102218	0.00385514	0.0523632	0.0420049	0.00770909	0.0770405	0.00886542	0.00979493	0.246173	0.00213359	0.0518216	0.0885188	0.0845501	0.0326714	0.0203154	0.00239508	0.0162884
112	0.0588925	0.00854318	0.00846385	0.0192832	0.00517123	0.0112838	0.0159755	0.00154465	0.0100406	0.0202906	0.000979522	0.0011856	0.689708	0.0179878	0.0103245	0.0968514	0.0160641	0.0019469	0.000580372	0.00488297
113	0.0359572	0.00158535	0.189777	0.352782	0.00069684	0.0422321	0.0139586	0.00846086	0.0551977	0.00978899	0.0106867	0.0900707	0.003355	0.0834302	0.0194764	0.0407638	0.0237812	0.016515	0.000487485	0.000996715
114	0.00906065	0.0197164	0.00576402	0.000785218	0.00132005	0.00133889	0.00450992	0.176629	0.000862522	0.302048	0.00162125	0.00351367	0.000703925	0.000975892	0.00133545	0.00296439	0.0043856	0.458652	0.00289345	0.000920482
115	0.708616	0.0188642	0.000725104	0.00104004	0.00240751	0.147975	0.00270281	0.00132233	0.000892722	0.00190919	0.00119544	0.00124272	0.0021621	0.000862134	0.00786068	0.0385374	0.0480624	0.0121273	0.000605202	0.000889713
116	0.0238999	0.019669	0.000683384	0.00111931	0.252012	0.00436198	0.0065819	0.105446	0.00134597	0.312505	0.0539084	0.00287671	0.00928458	0.00275957	0.00203945	0.0187679	0.0165168	0.0834203	0.0130431	0.0697584
117	0.0273656	0.0126725	0.000581247	0.00210679	0.0196694	0.000732524	0.00129758	0.332572	0.00258418	0.08334	0.0285999	0.000949082	0.0018748	0.000756403	0.0029085	0.00605574	0.0230063	0.45049	0.00104642	0.00139112
118	0.0386302	0.0112284	0.029834	0.0901421	0.00620047	0.0290181	0.0265259	0.0089907	0.161831	0.0216049	0.0142071	0.0457631	0.00127557	0.184486	0.231789	0.0428682	0.0275125	0.0141962	0.00522985	0.00866739
119	0.708616	0.0188642	0.000725104	0.00104004	0.00240751	0.147975	0.00270281	0.00132233	0.000892722	0.00190919	0.00119544	0.00124272	0.0021621	0.000862134	0.00786068	0.0385374	0.0480624	0.0121273	0.000605202	0.000889713
120	0.0519371	0.0171882	0.0252155	0.0421116	0.00445627	0.143062	0.0201447	0.00861396	0.0998081	0.0136587	0.0120165	0.0661793	0.00411795	0.0436001	0.31599	0.0674611	0.0289242	0.0152677	0.00891473	0.0113322
121	0.0140339	0.0109343	0.00323545	0.0126774	0.0259103	0.0224267	0.00959451	0.0126662	0.00488674	0.0503644	0.00447427	0.0047189	0.00626004	0.00708697	0.00928446	0.0274324	0.0109507	0.0139812	0.733959	0.0151217
122	0.04904	0.01656	0.0538633	0.145506	0.0072861	0.0207715	0.0356355	0.0311853	0.149501	0.0231057	0.0152202	0.0676486	0.000675881	0.0477324	0.11667	0.0772116	0.0489368	0.0738878	0.00730001	0.0122617
123	0.0071463	0.0353825	0.000343745	0.000499413	0.358716	0.0046785	0.0356914	0.00109915	0.0004411	0.0450216	0.000632359	0.00660082	0.00236582	0.00412558	0.00404187	0.0211156	0.00302448	0.0169808	0.00637019	0.445723
124	0.00982554	0.0101979	0.189129	0.0223845	0.0070659	0.0780735	0.00712786	0.0120615	0.0397406	0.0115653	0.00206764	0.377809	0.00194514	0.00474119	0.029724	0.162091	0.0255901	0.00559273	0.000776336	0.00249103
125	0.041572	0.00362156	0.167281	0.334476	0.00160434	0.0397164	0.0155668	0.0167082	0.0668015	0.0118154	0.0110248	0.0744586	0.00276769	0.0759859	0.0267677	0.0415066	0.0350406	0.0289467	0.00200538	0.00233357
126	0.0238664	0.102565	0.0700971	0.00934793	0.0375361	0.0913712	0.0125644	0.0153886	0.014235	0.0227787	0.00561734	0.242367	0.00515636	0.00544843	0.014706	0.259916	0.0308333	0.0212266	0.00357291	0.0114055
127	0.00684278	0.0144201	0.000432359	0.000610005	0.063496	0.00158846	0.000991278	0.0999342	0.000705854	0.517145	0.173739	0.000931935	0.00370787	0.000709455	0.00137932	0.00947826	0.00352904	0.084171	0.00429042	0.0118977
128	0.00458929	0.0132322	0.00061563	0.0010407	0.0441251	0.00452147	0.00140652	0.0666368	0.000909707	0.556648	0.209862	0.00135862	0.0050947	0.00109686	0.004355	0.00773913	0.00550277	0.0590726	0.00317641	0.009017
129	0.204428	0.0156939	0.00236739	0.00532268	0.0133648	0.0189933	0.00601588	0.0368687	0.00706703	0.0217766	0.0283472	0.00635031	0.00650495	0.00492704	0.00768803	0.203595	0.375927	0.0295464	0.00194929	0.00326621
130	0.0138815	0.0131839	0.00423722	0.00754862	0.00131512	0.0129044	0.0185086	0.0064424	0.27286	0.0303106	0.0147726	0.0374159	0.000458432	0.0516422	0.472085	0.0110057	0.0191857	0.0070183	0.00425595	0.000967119
131	0.0150535	0.00651073	0.000315463	0.00132453	0.0368331	0.000655205	0.000598679	0.393054	0.000432418	0.217621	0.0636469	0.00110551	0.00621062	0.000441714	0.00256442	0.0016018	0.0120508	0.234044	0.00275484	0.00318043
132	0.0373742	0.0125786	0.031232	0.0965707	0.00664658	0.0216171	0.026741	0.010204	0.16019	0.0237334	0.0129998	0.0406627	0.00291455	0.192207	0.22812	0.0406432	0.0268793	0.0145924	0.00494023	0.00915278
133	0.0392493	0.00517772	0.0460017	0.113549	0.00359481	0.0634611	0.0284159	0.00623174	0.133934	0.00869651	0.0125195	0.112132	0.00063091	0.0755211	0.187132	0.0950149	0.0315607	0.0174624	0.00479044	0.0149231
134	0.0321723	0.0109257	0.000612366	0.00224079	0.0290182	0.00236865	0.00142057	0.341873	0.00315218	0.137131	0.0586812	0.00151589	0.00317747	0.00137301	0.0050185	0.00800111	0.0299545	0.326238	0.00229925	0.00282618
135	0.0325097	0.0359631	0.00512728	0.00568068	0.0436596	0.0290562	0.0316822	0.0303922	0.0314307	0.00986529	0.00728627	0.104664	0.00641729	0.0156582	0.0145638	0.351863	0.166447	0.0146668	0.00364127	0.0594262
136	0.0106942	0.0143449	0.00051302	0.000768161	0.121652	0.00174112	0.00140828	0.0918909	0.000833066	0.476034	0.14004	0.00131875	0.00639387	0.000859206	0.00139076	0.0117468	0.00487914	0.0768437	0.00638758	0.0302601
137	0.0108317	0.0180564	0.183152	0.0116818	0.0103937	0.0840215	0.00749614	0.0147803	0.0234124	0.0157461	0.00162336	0.378161	0.00380964	0.00193586	0.0165505	0.191036	0.0205013	0.00442212	0.000761573	0.0016265
138	0.00834082	0.035003	0.000343571	0.000545168	0.352376	0.00502166	0.0342647	0.00366927	0.000790523	0.0548666	0.00145416	0.00637466	0.00291443	0.00384675	0.00410567	0.0219819	0.00330848	0.0171606	0.00642221	0.43721
139	0.0405149	0.0349818	0.0328881	0.0416501	0.0748519	0.0284007	0.179177	0.0245725	0.0415109	0.0485136	0.0236187	0.0451272	0.0299408	0.0392807	0.0585029	0.0704895	0.04049	0.0365138	0.0193636	0.0896111
140	0.0346292	0.0189692	0.000703508	0.00155415	0.257256	0.00498929	0.00417674	0.157865	0.00239918	0.247912	0.0426689	0.00410775	0.00449776	0.00134661	0.00273874	0.0201578	0.0249468	0.12982	0.0167704	0.0224913
141	0.109787	0.00758323	0.0164364	0.0604921	0.0170609	0.0123406	0.016347	0.0796576	0.139312	0.0658808	0.0851964	0.014495	0.000886818	0.037339	0.093615	0.0578468	0.0941367	0.0781245	0.00539421	0.00806769
142	0.0812522	0.0305029	0.000505886	0.00108433	0.0776907	0.00884506	0.00166836	0.17947	0.00361183	0.140759	0.0759698	0.0023108	0.00095688	0.00102196	0.00241727	0.0257431	0.0503623	0.294405	0.00491828	0.0165047
143	0.0430549	0.00876668	0.123158	0.299805	0.00772949	0.0413628	0.0222076	0.0121947	0.070852	0.0173964	0.0128011	0.0599824	0.0203781	0.0827353	0.0543258	0.0531044	0.0310611	0.0202572	0.0117676	0.00705908
144	0.0479375	0.012448	0.0521854	0.113331	0.0165007	0.0254161	0.0363094	0.018923	0.107855	0.0346567	0.0159179	0.0420279	0.0163808	0.197246	0.11283	0.0591852	0.0328277	0.0274001	0.00891842	0.0217031
145	0.0499136	0.00922803	0.0350706	0.175537	0.0133276	0.007	0.0313689	0.0104843	0.159925	0.022436	0.012473	0.0214236	0.000901593	0.193286	0.131914	0.0512808	0.0341801	0.0169034	0.00682025	0.0165263
146	0.440647	0.025574	0.00143491	0.00578841	0.0127246	0.0277511	0.00579224	0.0165396	0.00711012	0.00751658	0.00260774	0.00389199	0.0125366	0.00885119	0.0102017	0.227425	0.0519598	0.127719	0.00124123	0.0026874
147	0.028433	0.00633126	0.106582	0.0548251	0.00388969	0.142865	0.0212995	0.0066286	0.0624651	0.00593324	0.00770086	0.223484	0.00161676	0.0330512	0.116265	0.128618	0.0266564	0.0100013	0.00132769	0.0120255
148	0.0313515	0.0347548	0.00564906	0.00832464	0.244688	0.0758857	0.114348	0.0165364	0.0249363	0.0280561	0.0120892	0.0254802	0.00738089	0.00970027	0.0310385	0.178572	0.0267686	0.0221868	0.0073742	0.0948792
149	0.330874	0.0377722	0.0012439	0.00359589	0.0242227	0.00814227	0.00509069	0.0441689	0.00155937	0.0082122	0.00988351	0.00188557	0.00921945	0.00226438	0.00451599	0.298593	0.134836	0.0709523	0.00113961	0.00182891
150	0.0115379	0.0967039	0.00405431	0.00380672	0.0909233	0.0342043	0.407998	0.0303093	0.00488882	0.0629592	0.0307845	0.00621127	0.00374663	0.00537861	0.0318645	0.0426886	0.00855405	0.0102139	0.00540009	0.107772
151	0.204939	0.00592084	0.00241437	0.0260459	0.00375838	0.216304	0.00440905	0.00447753	0.00236682	0.0187871	0.00240337	0.0378032	0.00178595	0.00247285	0.00405764	0.388873	0.044502	0.0226903	0.00245585	0.00353282
152	0.0224525	0.0215825	0.00100403	0.00162595	0.31796	0.00468787	0.0100333	0.0923371	0.00190235	0.259578	0.0309275	0.00318946	0.00723554	0.00268971	0.00298244	0.0188387	0.0158739	0.0711854	0.0137215	0.100192
153	0.038686	0.0314888	0.00633871	0.00969689	0.285764	0.0234718	0.0335892	0.0325638	0.0153362	0.0928111	0.0179262	0.025814	0.0118116	0.00842031	0.0189437	0.109984	0.0298151	0.0385543	0.0105637	0.15842
154	0.0935019	0.0254564	0.0290986	0.0297299	0.0115016	0.179053	0.0141169	0.0110183	0.0243143	0.0201304	0.00750931	0.116091	0.0082089	0.0101934	0.0316088	0.283368	0.0431651	0.0498216	0.00329766	0.00881454
155	0.00965886	0.0335088	0.000605335	0.000942043	0.351345	0.00642739	0.0366902	0.00565713	0.00269694	0.0620546	0.00204017	0.00696464	0.00491211	0.00541052	0.00617714	0.0334595	0.00694431	0.0166931	0.0087265	0.399086
156	0.0375023	0.0173624	0.0777585	0.0539978	0.0131423	0.0531363	0.0306605	0.0206383	0.0508845	0.0168158	0.0142956	0.214916	0.00830573	0.0328817	0.0645558	0.146104	0.0961054	0.024514	0.00711696	0.0193055
157	0.115517	0.0170076	0.0283432	0.0360399	0.00942805	0.476692	0.0125368	0.0131344	0.0168523	0.0168842	0.0098413	0.0325822	0.00655515	0.0199216	0.0471931	0.0811817	0.027727	0.0180681	0.00614711	0.00834737
158	0.134321	0.0209375	0.00694897	0.00989681	0.017399	0.0235248	0.012674	0.0361097	0.0169133	0.0258143	0.027325	0.0268586	0.0114118	0.0127378	0.015134	0.225037	0.33367	0.0271631	0.00388972	0.0122327
159	0.632799	0.0171053	0.00239165	0.00358608	0.00330609	0.164267	0.00361	0.00569861	0.00342833	0.00974979	0.00298001	0.00333867	0.00590638	0.00462328	0.0126066	0.0554108	0.0488248	0.0160619	0.00242265	0.00188216
160	0.0985962	0.0174355	0.023905	0.0323673	0.0129518	0.517268	0.0114395	0.00874511	0.0143751	0.0140313	0.00867274	0.0313527	0.00641073	0.0158274	0.0459712	0.0753246	0.0241369	0.0152021	0.0140364	0.0119503
161	0.0296684	0.012319	0.000261303	0.00186985	0.0120744	0.000544118	0.000467864	0.331968	0.00232734	0.0445811	0.0238255	0.000395405	0.00061231	0.000259167	0.00205282	0.00613618	0.0254368	0.504203	0.000264421	0.000732551
162	0.0137274	0.0106198	0.00258506	0.0176159	0.0241091	0.0217771	0.0105474	0.0105733	0.00434057	0.0460153	0.00382466	0.00484256	0.00604196	0.00700378	0.00874392	0.0278257	0.00893975	0.014064	0.743399	0.0134042
163	0.0273524	0.0142338	0.0152512	0.0347585	0.00504576	0.0331985	0.0210448	0.00939942	0.192128	0.0278307	0.0152802	0.0457915	0.0011949	0.0583794	0.411037	0.036148	0.0246669	0.0130866	0.00655378	0.00761794
164	0.0994188	0.00266111	0.0128687	0.0257759	0.0245621	0.0172602	0.00543075	0.165692	0.0723304	0.0800271	0.115971	0.0104351	0.00108498	0.0169452	0.0850546	0.0306751	0.106207	0.121514	0.00121494	0.00487165
165	0.274013	0.00365524	0.00144224	0.0201649	0.0023924	0.0212903	0.0127332	0.00290044	0.0487094	0.0307069	0.00250371	0.0125861	0.0311806	0.0426459	0.0474623	0.340721	0.0377933	0.056395	0.000925846	0.00977798
166	0.635133	0.0276396	0.00101587	0.00204034	0.00634477	0.121874	0.00370212	0.00753768	0.00144864	0.00388702	0.00249922	0.00214978	0.0042941	0.00200306	0.0084249	0.0764312	0.0599108	0.0313665	0.000927229	0.00137033
167	0.0153241	0.00618055	0.00031754	0.0015342	0.0347065	0.000769749	0.000777598	0.405265	0.000635369	0.203909	0.0620752	0.00122972	0.00619533	0.0005543	0.00322317	0.00159663	0.012755	0.237599	0.00266959	0.00268288
168	0.0329214	0.00655509	0.0906659	0.158361	0.00193083	0.0453913	0.0289362	0.0169178	0.129723	0.00356235	0.00480841	0.145857	0.00117683	0.019881	0.0937598	0.0947544	0.036489	0.0747611	0.000961227	0.012587
169	0.0427518	0.00688191	0.390675	0.240374	0.00113731	0.0268472	0.0146754	0.00572072	0.0292984	0.0065549	0.00637044	0.0791263	0.0145323	0.0539388	0.0152825	0.038296	0.0158068	0.0101321	0.000657235	0.000941671
170	0.346735	0.0216786	0.00136605	0.00888847	0.0126624	0.0141771	0.00805815	0.0194996	0.0174175	0.0132712	0.00221672	0.0050649	0.0242505	0.0143869	0.0192176	0.325497	0.0612836	0.0785297	0.00118691	0.00461271
171	0.0368904	0.00984643	0.0942672	0.243197	0.00355654	0.329528	0.0116826	0.00812148	0.0313346	0.00890723	0.00783358	0.0473153	0.00245142	0.0467277	0.0377473	0.0375795	0.019985	0.0137684	0.00593943	0.00332057
172	0.0937603	0.013885	0.0219964	0.0392097	0.00897984	0.521018	0.0138992	0.0115731	0.0159626	0.0224299	0.0113434	0.0289831	0.00460626	0.019336	0.047424	0.0645293	0.0283566	0.0167499	0.00569713	0.0102601
173	0.0166071	0.0121192	0.00332294	0.0171701	0.0238556	0.0219067	0.0101316	0.0125014	0.00565199	0.048348	0.00501331	0.00591933	0.00585166	0.00801493	0.00844758	0.0290737	0.0113593	0.0155675	0.726743	0.0123955
174	0.0344042	0.00226415	0.170801	0.299518	0.000906393	0.0446758	0.0209978	0.00754626	0.062226	0.00902661	0.0131432	0.121029	0.00297303	0.0807846	0.036198	0.0473151	0.0245318	0.0155913	0.00100333	0.00506413
175	0.0414583	0.0193872	0.510783	0.143059	0.00188448	0.0179817	0.0266326	0.00359679	0.0120706	0.00683658	0.00460608	0.0804605	0.0176457	0.0267717	0.00692342	0.0583382	0.0120034	0.00649958	0.00153072	0.00153052
176	0.024486	0.0358093	0.0122264	0.0332834	0.00656413	0.016657	0.0255571	0.0112288	0.176916	0.0342556	0.015119	0.0349477	0.00171703	0.0813423	0.404472	0.027817	0.0272305	0.0173368	0.00618624	0.00684832
177	0.141516	0.0171473	0.00771789	0.011646	0.0146898	0.0203558	0.0118716	0.0344644	0.0171393	0.0224903	0.0266799	0.0245555	0.0117074	0.00885245	0.0152899	0.215557	0.35743	0.0270157	0.00376079	0.0101125
178	0.105822	0.0170495	0.0056578	0.00761417	0.0347601	0.0149404	0.00843601	0.131892	0.0105344	0.0734606	0.036261	0.0113914	0.0038368	0.00636271	0.0146596	0.101965	0.271736	0.127594	0.00657619	0.00945066
179	0.280693	0.0275848	0.0033575	0.00698687	0.0228104	0.00862295	0.00403686	0.114909	0.00553732	0.0563578	0.0234244	0.00368206	0.0019625	0.00787727	0.00629059	0.0429584	0.0421413	0.332111	0.00208375	0.00657213
180	0.0432692	0.00922957	0.128389	0.311787	0.00549776	0.0386481	0.0206274	0.0169657	0.0694414	0.01796	0.0137342	0.0600501	0.00867822	0.083291	0.0505451	0.0473216	0.0313693	0.0296214	0.00741302	0.00616
181	0.0384704	0.016324	0.50935	0.102485	0.00327128	0.0274899	0.0212196	0.00700648	0.0159954	0.0072	0.00515781	0.100631	0.0170923	0.0235159	0.0149421	0.0590701	0.01533	0.0119609	0.00105682	0.00243079
182	0.0195749	0.0149909	0.000945698	0.0023362	0.066974	0.00649142	0.00295397	0.100487	0.00280614	0.440778	0.188532	0.00317638	0.00656678	0.00187603	0.00644001	0.0126523	0.0164139	0.08987	0.00538292	0.0107521
183	0.0394375	0.0165632	0.496445	0.100443	0.00275162	0.0244581	0.0217257	0.00558763	0.0215531	0.00748134	0.0053402	0.10258	0.0199665	0.0244967	0.0214411	0.0580626	0.0146491	0.0121209	0.00171063	0.00318555
184	0.0217628	0.0120183	0.00113777	0.00186619	0.0618013	0.00335009	0.00279002	0.286786	0.00161997	0.271327	0.0712738	0.00321465	0.00505362	0.00172244	0.00329736	0.00762871	0.0166112	0.214807	0.00523332	0.0066978
185	0.413573	0.0232498	0.011701	0.0159973	0.0112718	0.076387	0.0100703	0.0185255	0.0117525	0.0132859	0.00800307	0.0187542	0.0119015	0.0116918	0.016193	0.190642	0.0791822	0.0491223	0.00358094	0.00511504
186	0.0163529	0.0135662	0.0027837	0.00128775	0.0199815	0.00121175	0.00250317	0.273463	0.0010938	0.232375	0.0307234	0.00190649	0.00289416	0.00089197	0.00186578	0.00371279	0.0119213	0.376766	0.00261092	0.00208854
187	0.0216121	0.0173324	0.0122584	0.02565	0.0104851	0.0285069	0.0205761	0.00726128	0.198138	0.0263768	0.0138711	0.0443747	0.00148711	0.0556925	0.431637	0.0286091	0.0223599	0.0115165	0.00652769	0.015727
188	0.665705	0.0198004	0.000777242	0.0019717	0.00426779	0.131315	0.00308379	0.00557047	0.00134287	0.00434871	0.0030724	0.00164816	0.00299737	0.00173321	0.00773857	0.0584353	0.056375	0.0276253	0.000864992	0.00132632
189	0.0752326	0.06725	0.00357013	0.00553604	0.00840453	0.276484	0.0610901	0.00860504	0.00619061	0.0117165	0.0328041	0.0105363	0.00386727	0.00488814	0.0361671	0.186532	0.128192	0.011559	0.00370245	0.0576721
190	0.00898533	0.0129638	0.000630102	0.00126154	0.0615284	0.00196254	0.00130768	0.110823	0.00159053	0.499453	0.171893	0.00114443	0.00462703	0.00129942	0.00227804	0.00983016	0.00601549	0.0874137	0.00408799	0.010905
191	0.0181409	0.0186682	0.00342157	0.00695598	0.0013798	0.011601	0.024813	0.00759117	0.29438	0.0453533	0.0150939	0.0450928	0.000560666	0.0623119	0.399593	0.0114545	0.0204309	0.00832689	0.00356052	0.00127089
192	0.0428345	0.00794215	0.0375867	0.0731733	0.00260779	0.484479	0.0130283	0.00494669	0.0406251	0.00514891	0.00662986	0.0549687	0.00140463	0.0343895	0.102964	0.0511625	0.0148454	0.00979041	0.00351433	0.0079581
