273	20
1	0.12174	0.0092545	0.0764792	0.113077	0.00656339	0.0571115	0.0159135	0.0202913	0.0654657	0.0396108	0.0322483	0.072962	0.0060965	0.0707521	0.0442735	0.111614	0.0845664	0.0465712	0.000391273	0.00501746
2	0.00707196	0.00655636	0.00121436	0.00402844	0.338603	0.00176585	0.0204066	0.0104485	0.00182953	0.0148708	0.00972014	0.00585191	0.00213453	0.00414204	0.0115797	0.0121205	0.00256203	0.00758983	0.0956016	0.441902
3	0.0528698	0.00389989	0.00519652	0.100377	0.00560112	0.0174661	0.0324492	0.117067	0.0631106	0.132649	0.00372182	0.0197933	0.00332439	0.0773472	0.0665742	0.00934609	0.0199509	0.263755	0.000899681	0.00459983
4	0.13365	0.0151839	0.0509968	0.0946814	0.0067499	0.0393459	0.0155547	0.0436284	0.0767628	0.0599156	0.0349888	0.0438897	0.0514562	0.0697675	0.0358653	0.116122	0.0668562	0.0371202	0.00119502	0.00626899
5	0.224376	0.0582563	0.00756258	0.00348586	0.00361024	0.478994	0.00407823	0.0100924	0.00386114	0.0125643	0.00291988	0.0127	0.00223718	0.0119554	0.0199708	0.0452077	0.00896953	0.0843111	0.00128585	0.00356135
6	0.0298309	0.0136379	0.0174705	0.0513932	0.00497128	0.00134517	0.0205134	0.0491012	0.126383	0.012205	0.026903	0.0483577	0.00107679	0.0501997	0.0829955	0.139204	0.253449	0.0536989	0.000449943	0.0168139
7	0.0197596	0.0149506	0.000296155	0.000449493	0.00826161	0.000893301	0.00064865	0.408021	0.000448939	0.109216	0.0245456	0.000572803	0.000312154	0.00054488	0.000533293	0.00776869	0.0249922	0.376885	0.00012534	0.000774948
8	0.11527	0.0193638	0.00466198	0.0200327	0.0201409	0.00557368	0.0201436	0.112105	0.034138	0.0162607	0.0345685	0.0208239	0.0176404	0.0215124	0.00672518	0.0352041	0.0517812	0.402772	0.00110458	0.0401772
9	0.0396273	0.00341423	0.277801	0.442347	0.0157023	0.00467025	0.018726	0.0171161	0.0161693	0.00818889	0.0100667	0.0272978	0.0167247	0.0204064	0.00851587	0.0303502	0.0123509	0.020759	0.00054767	0.00921919
10	0.0291654	0.00910524	0.338172	0.0334399	0.0151001	0.0057978	0.0513497	0.0249948	0.00616826	0.00639643	0.0032714	0.354438	0.00476533	0.0188022	0.00614608	0.0370514	0.0320357	0.00722625	0.000929314	0.0156445
11	0.0179586	0.0122026	0.00478722	0.00912547	0.0191841	0.00683407	0.00961401	0.0345053	0.00809011	0.278839	0.348859	0.0457316	0.0062082	0.00857503	0.018783	0.0239205	0.0175056	0.0849014	0.00471136	0.0396633
12	0.0983588	0.139801	0.00253061	0.0096512	0.00720134	0.00467808	0.010265	0.0782987	0.0210263	0.0366068	0.0456152	0.0247716	0.00176738	0.00671667	0.0208064	0.0445739	0.300628	0.13761	0.00100518	0.00808711
13	0.126551	0.00984132	0.0756111	0.113183	0.00623451	0.0425196	0.0197424	0.0181214	0.0676591	0.0390961	0.0308506	0.0742785	0.00645068	0.0773462	0.0451983	0.118567	0.0832647	0.0390017	0.000395011	0.00608788
14	0.00240582	0.00305163	0.000444517	0.000843054	0.0522676	0.000505481	0.0013951	0.0840984	0.000640851	0.690512	0.103444	0.00108749	0.00151439	0.00614773	0.00345634	0.00177064	0.00487629	0.0382362	0.00245167	0.000850744
15	0.0555747	0.0218417	0.0520134	0.0600489	0.0116898	0.0439148	0.0336313	0.0447444	0.0310841	0.0505225	0.0430413	0.0476747	0.0763141	0.0544669	0.0368381	0.072945	0.136777	0.100607	0.00161426	0.0246561
16	0.012119	0.0204585	0.0503442	0.0182347	0.132795	0.00221234	0.259387	0.00353959	0.00261177	0.0204147	0.00202938	0.0511227	0.00167651	0.0422114	0.019291	0.0210459	0.0117356	0.00395739	0.000686562	0.324126
17	0.0412938	0.0188115	0.0642752	0.0813889	0.120187	0.0111348	0.0233941	0.0405754	0.0216871	0.208273	0.0221251	0.0264741	0.0751125	0.0286853	0.0227055	0.0352238	0.0328225	0.0974476	0.00527334	0.0231096
18	0.0171364	0.00754	0.0624977	0.0101316	0.00869637	0.00868193	0.297119	0.0143018	0.0199895	0.00953263	0.00416711	0.243193	0.00554576	0.0280915	0.0304427	0.154962	0.0419106	0.0113114	0.00129811	0.023451
19	0.0891227	0.006463	0.139372	0.289357	0.00828482	0.0298299	0.0175308	0.0202781	0.043078	0.0344799	0.0241498	0.0465622	0.0112186	0.053345	0.0280991	0.0701929	0.0499872	0.0312498	0.000673745	0.00672526
20	0.426616	0.0111927	0.00503144	0.0304916	0.00928262	0.101526	0.00861038	0.0115645	0.00849707	0.0143959	0.0069214	0.00994449	0.200796	0.00902212	0.0298927	0.0708739	0.0179951	0.0187425	0.00234488	0.00625813
21	0.29177	0.0255736	0.0271145	0.0428312	0.00977787	0.114351	0.0120767	0.00410355	0.00232952	0.0112194	0.00199197	0.0437152	0.00685362	0.00735349	0.00361248	0.300837	0.0777064	0.00593441	0.00163692	0.009211
22	0.0194431	0.0158313	0.000367467	0.000544444	0.0140089	0.00101676	0.00233082	0.355743	0.000783284	0.228216	0.0475634	0.000780552	0.00137963	0.000915881	0.00194724	0.00802087	0.0252472	0.272702	0.000564758	0.00259405
23	0.0579719	0.0173873	0.00536653	0.0296122	0.0106026	0.0311971	0.0137977	0.110656	0.0227615	0.309977	0.0262909	0.013314	0.00571965	0.0244124	0.0245038	0.0193881	0.0321902	0.234953	0.00189113	0.00800721
24	0.012119	0.0204585	0.0503442	0.0182347	0.132795	0.00221234	0.259387	0.00353959	0.00261177	0.0204147	0.00202938	0.0511227	0.00167651	0.0422114	0.019291	0.0210459	0.0117356	0.00395739	0.000686562	0.324126
25	0.112683	0.010138	0.0849862	0.0865507	0.00741434	0.036102	0.0199057	0.0252523	0.0572464	0.0320402	0.024122	0.156037	0.00759915	0.06339	0.0353997	0.120246	0.0692331	0.0438114	0.000695752	0.00714731
26	0.010495	0.0149842	0.00075324	0.00162716	0.0107306	0.00324247	0.00336489	0.143776	0.00170258	0.570494	0.0455388	0.00183058	0.00157357	0.00250526	0.00626707	0.00743754	0.014677	0.156494	0.000675834	0.00183011
27	0.0538692	0.0205898	0.0229411	0.0388014	0.003491	0.0096484	0.0367085	0.0125375	0.230153	0.0169545	0.0176452	0.0209844	0.00255693	0.0695229	0.387626	0.0203763	0.0263115	0.00542506	0.000380225	0.00347669
28	0.059418	0.010743	0.0295558	0.0752491	0.0325474	0.00429186	0.0503688	0.0859176	0.0492925	0.106246	0.0217685	0.0321882	0.0192294	0.0906083	0.0435441	0.0525894	0.0787452	0.12227	0.00326748	0.0321596
29	0.0473718	0.0293003	0.0203663	0.0360382	0.0139415	0.0200498	0.0398954	0.0256504	0.156485	0.0331066	0.0159656	0.0423074	0.0136001	0.0558376	0.311303	0.048122	0.0380485	0.024999	0.00376013	0.0238517
30	0.00153697	0.00681099	0.000627729	0.00393931	0.384392	0.000915661	0.0190268	0.0107197	0.00113445	0.0140424	0.00332987	0.00268351	0.0020272	0.00406014	0.00977829	0.0100626	0.00133938	0.00743435	0.0154677	0.500671
31	0.0318487	0.0240058	0.00364054	0.00595339	0.0836906	0.0405033	0.0107567	0.00866791	0.0483063	0.0100785	0.00809985	0.0615003	0.00452314	0.00727401	0.10115	0.0986949	0.0252477	0.00871502	0.0466441	0.370699
32	0.10944	0.0934127	0.00282388	0.0178194	0.00855565	0.00695647	0.0219118	0.103351	0.00872714	0.0316349	0.0104315	0.0274222	0.00429954	0.00643156	0.0189263	0.213782	0.173465	0.133921	0.00102917	0.00565998
33	0.110571	0.0275753	0.0174872	0.00909484	0.00280241	0.61423	0.00706653	0.00961357	0.00735473	0.0190843	0.00270733	0.0294328	0.00235895	0.024564	0.018132	0.0507839	0.0133424	0.027633	0.000827315	0.00533893
34	0.0789471	0.00733216	0.0830417	0.0834208	0.00823218	0.0523504	0.0384915	0.0201056	0.0706481	0.0567798	0.0176039	0.124323	0.0258406	0.0650342	0.0594583	0.109919	0.051736	0.0213627	0.00065184	0.0247212
35	0.0202956	0.0141495	0.00091586	0.001459	0.0267766	0.00112259	0.00149959	0.483565	0.00138199	0.0859017	0.0197791	0.00176609	0.00053425	0.00151255	0.00156607	0.00784041	0.020205	0.307969	0.000307026	0.00145275
36	0.0461115	0.284314	0.00581183	0.0126932	0.0111775	0.00830459	0.0124071	0.048031	0.0111028	0.110597	0.0136198	0.0324466	0.00640262	0.0167739	0.0170073	0.164847	0.0625284	0.112129	0.00820815	0.0154876
37	0.0206045	0.0157253	0.000293458	0.000435683	0.00817829	0.000969653	0.00106617	0.391823	0.000467584	0.146346	0.0327893	0.000603566	0.000627816	0.000528483	0.000787571	0.00809393	0.026285	0.342933	0.00019755	0.00124395
38	0.582329	0.0159267	0.000576859	0.00556203	0.00712864	0.0598696	0.00808196	0.00895437	0.00671758	0.00886421	0.00854055	0.00476028	0.00395435	0.0049711	0.00862246	0.170633	0.0454068	0.0459773	0.00250291	0.000620063
39	0.0197429	0.0155702	0.000287211	0.000443005	0.00782814	0.00100877	0.000637506	0.403207	0.000464644	0.100193	0.0237596	0.000574329	0.0003423	0.000538254	0.000522969	0.00729233	0.027095	0.389656	0.000137224	0.000699223
40	0.0467381	0.0208616	0.109817	0.0539439	0.0168609	0.0276529	0.0374283	0.0263	0.0267627	0.024917	0.0110159	0.336696	0.00920759	0.0379452	0.0308752	0.086163	0.0439284	0.0249128	0.00302706	0.0249464
41	0.0664713	0.022268	0.020155	0.0306776	0.0394479	0.018603	0.022882	0.0490379	0.0242483	0.159455	0.0288487	0.0284266	0.205044	0.030538	0.0325472	0.084935	0.0430673	0.0625115	0.00625427	0.024581
42	0.001464	0.00683415	0.000583839	0.00382281	0.385969	0.000936865	0.0185091	0.0106483	0.00101456	0.0143896	0.00335775	0.00269999	0.00202513	0.00379067	0.00963599	0.0100576	0.00133678	0.00748521	0.0157087	0.49973
43	0.0215182	0.0310506	0.00329701	0.0564156	0.0237583	0.0178178	0.0248626	0.0322232	0.367679	0.00722553	0.0184708	0.00764397	0.00255807	0.113806	0.141402	0.0095627	0.00835898	0.0332443	0.00133363	0.0777713
44	0.0639212	0.0196547	0.0219207	0.0355628	0.0433931	0.0183487	0.0256049	0.0443236	0.0215772	0.162882	0.0249269	0.0282469	0.203568	0.0374741	0.0361369	0.0874089	0.0381028	0.0598086	0.00500252	0.0221346
45	0.041553	0.0287428	0.0217485	0.0361863	0.0253944	0.0215636	0.153732	0.0262114	0.0970258	0.0376817	0.0141469	0.0563335	0.00954936	0.05723	0.205625	0.0625448	0.0312847	0.0297649	0.0092476	0.0344337
46	0.0198119	0.0153913	0.000298441	0.000463741	0.00826054	0.000853448	0.000677992	0.416329	0.000416973	0.10734	0.0239538	0.000597409	0.000316042	0.000554667	0.000591993	0.00754046	0.0247213	0.370993	0.000127942	0.000759902
47	0.00145402	0.00668913	0.000582632	0.00398717	0.391041	0.000935817	0.017865	0.0102822	0.00102299	0.0136071	0.00324721	0.00265989	0.00203399	0.00370545	0.00983973	0.0100255	0.00133953	0.00772415	0.0152927	0.496665
48	0.581782	0.0150007	0.000656306	0.0130388	0.0064543	0.0556732	0.00806119	0.00988863	0.00986341	0.0108032	0.0107436	0.00454491	0.00394811	0.00555784	0.0114191	0.174335	0.0426967	0.0323872	0.00236539	0.000779704
49	0.0194532	0.0147333	0.000314955	0.000500563	0.00772077	0.0011005	0.0006442	0.409484	0.000499792	0.0866613	0.0224703	0.000704468	0.000317129	0.000643539	0.000594266	0.00732666	0.0332718	0.392753	0.000136423	0.000669452
50	0.577884	0.0160076	0.000450045	0.00560619	0.00566541	0.0612048	0.00796691	0.00872524	0.00661786	0.00855804	0.00835905	0.00551357	0.00382705	0.00467662	0.0093314	0.181699	0.0506073	0.0343281	0.00235909	0.000613304
51	0.11975	0.00882641	0.106863	0.115071	0.00595253	0.0475983	0.0162358	0.0185566	0.0614403	0.0372403	0.0299474	0.0745084	0.0104301	0.0701867	0.0403786	0.108468	0.081135	0.0419793	0.000409234	0.00502301
52	0.12255	0.00985685	0.0768695	0.115816	0.00659234	0.0448066	0.0163385	0.0193561	0.0672277	0.0387885	0.0318098	0.0744178	0.00607707	0.0737875	0.043947	0.117299	0.0865474	0.0422908	0.000379701	0.00524273
53	0.61577	0.015127	0.000408166	0.0054018	0.00531981	0.056241	0.00712295	0.00764103	0.00609849	0.00866055	0.00864118	0.00405831	0.0034512	0.00434285	0.00818746	0.166276	0.0413156	0.0332964	0.00213358	0.000506737
54	0.00141578	0.00682508	0.000579565	0.00385284	0.384949	0.000931885	0.01857	0.0105456	0.000964341	0.0135491	0.0032185	0.00260267	0.0020211	0.00380292	0.00966563	0.0100464	0.0012996	0.00735466	0.0153897	0.502415
55	0.0158095	0.0598144	0.203252	0.0125527	0.00820294	0.0380527	0.0349068	0.0104585	0.0324631	0.0142185	0.00586799	0.220967	0.0619092	0.0108825	0.0343394	0.196296	0.0171262	0.0122912	0.00229179	0.00829736
56	0.0704711	0.0130246	0.0481906	0.0644039	0.010734	0.0884195	0.0419135	0.0161509	0.0462381	0.0375154	0.0171034	0.124599	0.00931169	0.1336	0.0554235	0.125848	0.0536297	0.0235648	0.00136083	0.0184984
57	0.106168	0.139517	0.0127723	0.0433373	0.0109557	0.0275686	0.0360862	0.0359432	0.0108491	0.0250382	0.0100108	0.028252	0.00632259	0.0117093	0.0149606	0.265156	0.155808	0.046871	0.00166425	0.0110102
58	0.0146875	0.0141353	0.00043204	0.00062371	0.0101939	0.000889722	0.000732852	0.531442	0.000647961	0.0774436	0.0189035	0.000856003	0.000392243	0.000782727	0.000801019	0.00709637	0.0190106	0.299974	0.000160952	0.000794114
59	0.0209211	0.0160984	0.000424468	0.000580134	0.0119818	0.00114918	0.00232277	0.333597	0.000830301	0.254221	0.0502908	0.000740721	0.00172281	0.000820322	0.00226927	0.00851824	0.0267421	0.262927	0.000838886	0.0030038
60	0.0409853	0.0100207	0.0105549	0.0215232	0.00641024	0.0417914	0.00817653	0.0116681	0.0151619	0.0289641	0.00530498	0.113244	0.00534091	0.0177034	0.010088	0.411063	0.222156	0.0123118	0.00127101	0.00626079
61	0.114627	0.0279727	0.0165291	0.0113705	0.00631804	0.57903	0.00922549	0.0115939	0.0106986	0.0191659	0.0039669	0.0274527	0.00601381	0.0214781	0.0225323	0.0555872	0.017256	0.0309632	0.00164113	0.00657744
62	0.0501411	0.00582123	0.221558	0.370848	0.0131444	0.0123483	0.0197424	0.0188988	0.0327413	0.0183816	0.0126311	0.0479643	0.0148004	0.0359124	0.0219911	0.044301	0.0245872	0.0242741	0.000783633	0.00912954
63	0.0771022	0.0437411	0.0179676	0.0312278	0.024713	0.0235116	0.0219071	0.119628	0.0322143	0.0546673	0.0225568	0.0564516	0.0163065	0.0290927	0.0358683	0.196152	0.0829409	0.0936565	0.00370124	0.0165934
64	0.120493	0.0301375	0.0168813	0.0121304	0.00550902	0.563388	0.00791951	0.0120808	0.00988964	0.0195288	0.0050936	0.0278503	0.00465471	0.0229829	0.0228353	0.0578498	0.018938	0.0323282	0.00149056	0.00801941
65	0.565348	0.0160251	0.00329727	0.00912601	0.00569529	0.0595344	0.00772157	0.00753619	0.00624577	0.00909688	0.00781866	0.00992814	0.00395774	0.00512523	0.00780571	0.191798	0.0509942	0.0293091	0.00211493	0.00152136
66	0.115472	0.0308497	0.0171083	0.012182	0.00596188	0.561422	0.00872609	0.0120706	0.0104357	0.0204827	0.0048648	0.0275675	0.00422772	0.0220179	0.0212686	0.0594629	0.0198039	0.0330597	0.00255342	0.0104624
67	0.047596	0.0159	0.0206908	0.0386609	0.0118491	0.0173385	0.024199	0.0219954	0.315263	0.0261717	0.0248188	0.0408184	0.00643287	0.0648447	0.178458	0.0447379	0.0496565	0.0296281	0.00421124	0.0167295
68	0.0772817	0.0290272	0.0174823	0.0314502	0.0113717	0.0304798	0.0186001	0.0283751	0.0303964	0.0314514	0.0133252	0.0809339	0.0101968	0.0288099	0.0253245	0.275378	0.204301	0.0417726	0.00226348	0.011779
69	0.0472393	0.00909474	0.00911859	0.260165	0.0105237	0.0120167	0.0212721	0.0575303	0.0351852	0.0649803	0.00846959	0.0185077	0.00646594	0.111305	0.033805	0.0229609	0.0260805	0.228448	0.00222033	0.0146102
70	0.0147769	0.00313461	0.0022387	0.011302	0.00320423	0.0173375	0.00353133	0.00463513	0.012108	0.0197978	0.00280027	0.130923	0.00260736	0.0124877	0.00380573	0.468147	0.278704	0.00474194	0.00079086	0.00292587
71	0.229226	0.0697435	0.0037181	0.00936689	0.00872909	0.013761	0.0114404	0.0305339	0.014954	0.027631	0.0189995	0.037233	0.00360275	0.0309577	0.0136227	0.0383044	0.328656	0.10038	0.00203354	0.00710689
72	0.0421561	0.0216181	0.0233724	0.0315942	0.00809039	0.0214547	0.0364495	0.0160171	0.261638	0.0205721	0.0185898	0.0810034	0.00632908	0.0598668	0.221049	0.0489354	0.0379117	0.0215842	0.00150637	0.0202617
73	0.0270644	0.00685056	0.00350673	0.022738	0.236424	0.00395033	0.103325	0.0696886	0.0709078	0.157733	0.0265908	0.00852908	0.00299536	0.0559839	0.0341855	0.0105775	0.00862902	0.0375667	0.00886358	0.10389
74	0.0228827	0.0179432	0.000335171	0.000495032	0.00874598	0.00101193	0.00149485	0.36747	0.000522567	0.187009	0.0439585	0.000650109	0.000978578	0.000576652	0.000926941	0.00878059	0.0274754	0.306961	0.000153238	0.00162906
75	0.0113361	0.0108041	0.000448042	0.000905563	0.0251881	0.00102845	0.00343804	0.245756	0.000883251	0.437686	0.0746197	0.00107256	0.00265734	0.00306273	0.00438312	0.00607763	0.018107	0.149685	0.000934033	0.00192812
76	0.0196013	0.0164239	0.000416688	0.000695989	0.00940068	0.000949313	0.00297382	0.341985	0.000597946	0.276982	0.050768	0.000761798	0.00175322	0.000724688	0.00209232	0.00864712	0.0256936	0.237528	0.000161522	0.00184384
77	0.00373082	0.00426031	0.000528762	0.000977852	0.0493834	0.000750951	0.00194987	0.0845771	0.00102988	0.674956	0.107217	0.00198604	0.00181479	0.00574291	0.00413484	0.00291049	0.00626606	0.0424938	0.00262867	0.00266118
78	0.0546246	0.00992866	0.0607357	0.365208	0.00988151	0.0161698	0.0199825	0.0236747	0.041608	0.0354252	0.0136839	0.0343957	0.0116576	0.116376	0.0359076	0.0435866	0.0332509	0.0582901	0.00185191	0.0137609
79	0.598608	0.0158023	0.00182505	0.00732281	0.0058706	0.0574772	0.00746432	0.00778261	0.00647619	0.00886732	0.00828369	0.00580194	0.00351612	0.00486738	0.0081664	0.173827	0.0434095	0.0315324	0.00221254	0.000887173
80	0.0023585	0.00547439	0.000802301	0.00167021	0.627523	0.000977549	0.00681601	0.0274619	0.00357627	0.11934	0.0285931	0.00957626	0.0026207	0.0019375	0.00250802	0.00346887	0.00444677	0.0170191	0.0245139	0.109316
81	0.117046	0.0317421	0.0155031	0.00967055	0.00518278	0.568951	0.0091423	0.0119269	0.0111954	0.0187967	0.00418695	0.0257963	0.00558518	0.0207375	0.0283476	0.0546178	0.0164607	0.0344023	0.00142719	0.00928234
82	0.0432101	0.0217924	0.0979669	0.06172	0.0170506	0.0258581	0.0365632	0.0210542	0.0280864	0.0278481	0.0148237	0.352272	0.011355	0.037672	0.0333744	0.0794583	0.0391355	0.0265863	0.00357662	0.0205956
83	0.485195	0.0221512	0.00645967	0.0107105	0.00517578	0.164203	0.00824252	0.00797232	0.00637069	0.010354	0.00655917	0.0134114	0.0049145	0.00831637	0.0115747	0.151903	0.036546	0.0353626	0.00218476	0.00239368
84	0.0432165	0.00753717	0.0118049	0.0203278	0.00309876	0.0101537	0.0125649	0.00626698	0.43636	0.00929009	0.0277558	0.0288348	0.00133057	0.07186	0.231791	0.024848	0.0393775	0.0097271	0.000459197	0.00339532
85	0.055616	0.043959	0.011172	0.0195978	0.0193235	0.0116874	0.0166947	0.178231	0.0282804	0.0940752	0.0344139	0.0301511	0.00720591	0.0203954	0.0251405	0.0598381	0.169336	0.155703	0.00386338	0.015315
86	0.052344	0.0134841	0.00278153	0.0280059	0.0066727	0.00461785	0.00858763	0.117751	0.0322685	0.100912	0.0558129	0.018293	0.00283309	0.00555995	0.0216621	0.0652503	0.144668	0.311064	0.00121717	0.00621448
87	0.0473496	0.0273138	0.0223748	0.0330675	0.00375586	0.0110117	0.0441424	0.019817	0.215196	0.0211809	0.0206721	0.0237505	0.00467724	0.0655403	0.375284	0.0235347	0.0232747	0.00923052	0.000882771	0.00794346
88	0.0465362	0.0250559	0.0436228	0.0518047	0.0135657	0.0301199	0.0438253	0.0240534	0.0847328	0.0357951	0.0146726	0.176397	0.0121716	0.0544677	0.160899	0.0779978	0.0416333	0.0320035	0.00316031	0.0274861
89	0.0332391	0.00585561	0.368992	0.0226545	0.017393	0.00309057	0.059216	0.0280773	0.00489171	0.00604156	0.00281522	0.336325	0.00366676	0.0181051	0.00477181	0.0306797	0.0286829	0.00664668	0.000840137	0.0180146
90	0.044347	0.0209965	0.098306	0.0574796	0.0169571	0.0320814	0.0381697	0.0229416	0.0313115	0.0234684	0.00989114	0.350602	0.00906343	0.0408224	0.0327909	0.080008	0.0430475	0.0252576	0.00354875	0.0189098
91	0.366588	0.0276154	0.0198229	0.0298654	0.00834816	0.0654686	0.0137441	0.0171681	0.0145208	0.0211933	0.0107642	0.0322974	0.0132384	0.0165268	0.0164587	0.222633	0.061037	0.0328354	0.00278667	0.00708738
92	0.101111	0.0256021	0.0338728	0.0375076	0.0201632	0.0350665	0.0288412	0.0260565	0.0239343	0.0516541	0.0137686	0.0462885	0.142876	0.0375293	0.028701	0.226541	0.0567831	0.0377782	0.00463555	0.0212886
93	0.0482187	0.0318673	0.0161453	0.039517	0.0312092	0.0173666	0.0360522	0.0391514	0.0986368	0.103944	0.026997	0.0334657	0.0211314	0.0487202	0.256014	0.0433511	0.0317788	0.0434531	0.00524913	0.0277311
94	0.0083289	0.00777309	0.00261359	0.00611109	0.455803	0.0033653	0.0165658	0.0327669	0.00754419	0.0737737	0.0182068	0.0106631	0.00503659	0.00995791	0.00934111	0.0168272	0.0135114	0.0372296	0.0182867	0.246294
95	0.126668	0.0479233	0.0140672	0.00717322	0.00591738	0.567065	0.00621	0.0118772	0.00517584	0.0183304	0.00379239	0.0225397	0.00518494	0.0161308	0.0189302	0.0546668	0.0159975	0.0428765	0.00153255	0.00794142
96	0.0427721	0.0207703	0.0172219	0.0277344	0.00406361	0.0121406	0.0300993	0.0135957	0.30611	0.0162517	0.0210801	0.0315635	0.00470058	0.0660865	0.306828	0.0260995	0.029258	0.013143	0.000989996	0.00949127
97	0.0014672	0.00666553	0.000585475	0.00399007	0.394125	0.00097046	0.0177139	0.0103915	0.00104345	0.0146929	0.00344371	0.00276358	0.0020477	0.00368009	0.00977529	0.0100923	0.00142591	0.00798611	0.0153214	0.491818
98	0.0171947	0.0145303	0.000714353	0.000921973	0.00852468	0.00123459	0.00132741	0.449463	0.000859597	0.122673	0.0365326	0.00106215	0.000750846	0.00104656	0.00135125	0.00783633	0.0377792	0.294494	0.000279064	0.00142418
99	0.0492136	0.00969943	0.0550512	0.256489	0.00426052	0.00908139	0.0216589	0.0236374	0.114993	0.0418731	0.0111846	0.0137106	0.0102771	0.114282	0.199991	0.0208398	0.0194454	0.0190595	0.000935915	0.00431621
100	0.0171212	0.0146858	0.000484412	0.000866891	0.0136138	0.00129245	0.0038348	0.309568	0.0010297	0.325769	0.0656914	0.00105357	0.0034291	0.00134837	0.00373225	0.00831153	0.0245184	0.199462	0.0007769	0.00341014
101	0.153967	0.0856521	0.00224159	0.0293192	0.00762036	0.00377767	0.0103525	0.0960674	0.00424828	0.0453923	0.00353355	0.023644	0.00557262	0.00486612	0.0310901	0.233124	0.0726246	0.182502	0.00100127	0.00340336
102	0.0655532	0.0232948	0.0197491	0.0200248	0.0200128	0.275338	0.0195804	0.0127873	0.0167601	0.0224934	0.00655047	0.0345265	0.00559962	0.0271703	0.0569556	0.272757	0.0519225	0.0253666	0.00172776	0.0218296
103	0.47882	0.0289546	0.00283522	0.00423358	0.0047916	0.197175	0.00689234	0.00905508	0.00535692	0.00936371	0.00632533	0.00805996	0.00357866	0.00773212	0.013185	0.133741	0.0309316	0.0454795	0.00214062	0.00134778
104	0.0480073	0.00568895	0.068614	0.0460785	0.0362276	0.0438054	0.0630979	0.0272525	0.13779	0.0324838	0.0147818	0.139831	0.00547965	0.0508873	0.075433	0.0755612	0.031197	0.0111543	0.00114468	0.0854832
105	0.0402164	0.00417535	0.267719	0.414807	0.0146668	0.00591837	0.0187381	0.0182981	0.0211088	0.0104762	0.0106675	0.0434091	0.0149277	0.0248423	0.0129456	0.0313785	0.0153261	0.0209118	0.000994313	0.00847351
106	0.0443169	0.0504783	0.0172964	0.0300794	0.00538076	0.0166318	0.0439454	0.0180756	0.150225	0.0408301	0.0139934	0.0384758	0.0155715	0.0638332	0.337946	0.0494157	0.0266586	0.0180284	0.00267614	0.0161416
107	0.134227	0.0419718	0.0547072	0.0396827	0.00931733	0.0791996	0.0155114	0.0118896	0.00608306	0.00904281	0.00264292	0.228822	0.0114967	0.00934126	0.00732545	0.24997	0.0703456	0.00882878	0.00100583	0.00858837
108	0.00141377	0.00680575	0.000581187	0.00384396	0.385261	0.000932585	0.0185614	0.0106027	0.000974531	0.0138361	0.00326086	0.0026232	0.0020267	0.00379756	0.00965876	0.0100355	0.00132662	0.0073877	0.0154476	0.501623
109	0.0423092	0.0180565	0.0387247	0.0424581	0.0151977	0.0289512	0.153653	0.018931	0.0992493	0.0326971	0.0132641	0.126098	0.00808961	0.0538105	0.126655	0.0846154	0.038229	0.0225892	0.00267512	0.0337469
110	0.0150504	0.0143418	0.000440552	0.000637694	0.0106846	0.000929118	0.000664326	0.534093	0.000659959	0.074151	0.0177659	0.000909069	0.000387613	0.000790693	0.000834049	0.00690173	0.0187112	0.301093	0.000168007	0.000785994
111	0.00337463	0.00690159	0.00219525	0.00409265	0.460256	0.00161361	0.0201813	0.0174216	0.00379296	0.0535503	0.0126026	0.00799967	0.00269358	0.0056582	0.0089184	0.0107725	0.0044177	0.0121405	0.0189379	0.342479
112	0.0557136	0.0274379	0.0189697	0.0256417	0.0680384	0.124177	0.0282104	0.0171259	0.0359329	0.0284818	0.0116576	0.0558164	0.00803283	0.0325749	0.0594817	0.085865	0.0344647	0.023489	0.0234648	0.235424
113	0.034074	0.0214719	0.00349933	0.0639484	0.0800557	0.0041673	0.0882148	0.0390515	0.0301839	0.0944982	0.0553149	0.0137791	0.00281909	0.302336	0.0537586	0.0114274	0.00841129	0.0162999	0.031747	0.0449414
114	0.00240582	0.00305163	0.000444517	0.000843054	0.0522676	0.000505481	0.0013951	0.0840984	0.000640851	0.690512	0.103444	0.00108749	0.00151439	0.00614773	0.00345634	0.00177064	0.00487629	0.0382362	0.00245167	0.000850744
115	0.0475668	0.0257235	0.00110765	0.00158821	0.0493554	0.0062137	0.0103332	0.142365	0.00949455	0.311993	0.118362	0.00302194	0.0070768	0.00202006	0.0154141	0.0151792	0.0491566	0.10751	0.0198225	0.0566947
116	0.0230191	0.0189493	0.000356468	0.000555592	0.00972605	0.00104279	0.0021785	0.347776	0.000685413	0.234086	0.0533867	0.000698826	0.00148783	0.000627775	0.00155372	0.00987948	0.0276945	0.262752	0.000471242	0.00307268
117	0.00252633	0.00565163	0.00102118	0.0015801	0.633303	0.00105588	0.00584281	0.0289434	0.00398959	0.132997	0.0326712	0.010935	0.00309804	0.00177702	0.0020172	0.00315263	0.0045034	0.0190062	0.027678	0.0782496
118	0.0611037	0.00451927	0.0161525	0.0750967	0.0156742	0.0481436	0.00519023	0.00522029	0.197897	0.0186292	0.00447311	0.0195497	0.00224178	0.0793333	0.198672	0.138971	0.0853082	0.00697521	0.00103739	0.0158113
119	0.0242198	0.0199197	0.000407371	0.000624187	0.00981377	0.00108808	0.00277014	0.322499	0.000999519	0.269203	0.0581196	0.00080977	0.00176568	0.000758385	0.00281607	0.0104819	0.0296204	0.239819	0.000635546	0.00362945
120	0.0207714	0.018107	0.000372529	0.000584435	0.00882658	0.000989686	0.00245179	0.330349	0.00068165	0.269313	0.0522635	0.000688393	0.00157511	0.000682034	0.00202671	0.00973788	0.0279742	0.250434	0.000188685	0.00198272
121	0.574154	0.0194161	0.000341613	0.00511016	0.00607061	0.0693231	0.00946255	0.00916492	0.00705224	0.0086004	0.00847751	0.00574244	0.00450166	0.00507456	0.00863682	0.175524	0.0443087	0.0355885	0.0029756	0.000474774
122	0.574331	0.017697	0.000404899	0.00514237	0.00574834	0.0815131	0.00858928	0.0101768	0.00672989	0.00884791	0.0078671	0.00496718	0.00455421	0.00502341	0.0087827	0.168241	0.0415546	0.0365563	0.00270678	0.000566265
123	0.0196366	0.0152427	0.000292361	0.000470352	0.00788711	0.00101957	0.000612756	0.406752	0.00047596	0.0895578	0.0212124	0.000627903	0.000318735	0.000571869	0.000554776	0.00704221	0.028227	0.398721	0.000140334	0.00063638
124	0.00411879	0.0058223	0.000461071	0.000919357	0.0380839	0.000948599	0.00159426	0.0790449	0.000744975	0.694079	0.0936054	0.00116068	0.0013852	0.00466441	0.00420298	0.00305128	0.00680954	0.0564868	0.00193662	0.00087986
125	0.0434067	0.0135595	0.00412129	0.0299708	0.0912872	0.00627302	0.262722	0.0472222	0.0212512	0.0966866	0.0262232	0.031383	0.00370415	0.142012	0.0508494	0.0147448	0.0103271	0.0163951	0.0607484	0.0271127
126	0.0395585	0.0275774	0.00123836	0.00198688	0.0631668	0.0057651	0.0124017	0.140846	0.0092713	0.326586	0.122852	0.0033001	0.00578284	0.00319124	0.0144515	0.0173122	0.0449455	0.0904851	0.0163625	0.0529184
127	0.115542	0.0296475	0.0165359	0.0102249	0.00431709	0.587048	0.00685666	0.011834	0.007934	0.0191621	0.00412619	0.0242195	0.00445877	0.0215988	0.0200127	0.0541163	0.0164638	0.0365612	0.00158971	0.0077501
128	0.010474	0.0224527	0.120835	0.145695	0.0065592	0.00579033	0.0106625	0.00965843	0.00598498	0.00846626	0.00397181	0.52336	0.00324166	0.0555804	0.00794044	0.0323284	0.0111275	0.00923299	0.00147028	0.00516815
129	0.0204459	0.0158221	0.000332663	0.000388507	0.00813626	0.000848624	0.000980201	0.398693	0.000480835	0.150102	0.0366861	0.000606875	0.000650819	0.000549022	0.000565149	0.00923173	0.0249151	0.329228	0.000126718	0.00121007
130	0.122096	0.00967412	0.0791675	0.116723	0.00675397	0.0461443	0.0161359	0.0195562	0.0670384	0.0371276	0.0317397	0.0738439	0.00612827	0.0728606	0.0433079	0.114957	0.0886284	0.0427562	0.000371819	0.00498939
131	0.0157905	0.0110823	0.00118445	0.00226967	0.435254	0.00319079	0.0105094	0.0798324	0.00657648	0.173638	0.0540645	0.0070335	0.00362765	0.00535806	0.00685424	0.0110298	0.0269425	0.0509927	0.0201306	0.0746384
132	0.564326	0.0197865	0.000395332	0.00559621	0.00647434	0.0699071	0.0107922	0.0111632	0.00875284	0.0088976	0.00807638	0.00636039	0.0047623	0.00635404	0.0086838	0.174962	0.0458821	0.0345714	0.00363187	0.000624942
133	0.00240582	0.00305163	0.000444517	0.000843054	0.0522676	0.000505481	0.0013951	0.0840984	0.000640851	0.690512	0.103444	0.00108749	0.00151439	0.00614773	0.00345634	0.00177064	0.00487629	0.0382362	0.00245167	0.000850744
134	0.0255363	0.20909	0.00229038	0.0154834	0.00492688	0.00350211	0.00575707	0.0540108	0.00887956	0.0674202	0.0354523	0.0212937	0.00167829	0.0051426	0.0091752	0.0490806	0.352759	0.11306	0.000969779	0.0144915
135	0.040506	0.022465	0.0154164	0.0279384	0.00940732	0.00182848	0.0291142	0.0443344	0.102961	0.0139051	0.0148236	0.0447756	0.00130897	0.0400292	0.0613259	0.202937	0.26213	0.0378066	0.000703031	0.0262836
136	0.0280009	0.0517159	0.0103291	0.0177946	0.00288197	0.0168556	0.0496673	0.0153061	0.140046	0.0311515	0.00917989	0.037188	0.0347931	0.0492507	0.419987	0.0273617	0.0198235	0.0129142	0.00398166	0.0217707
137	0.573821	0.0193149	0.00033758	0.00506196	0.00596631	0.0703015	0.00955107	0.00927945	0.00713236	0.00857488	0.0083638	0.00584594	0.00467935	0.00507794	0.008721	0.174961	0.0440838	0.0354028	0.00303233	0.000491214
138	0.133752	0.0840527	0.00767249	0.0140924	0.0458758	0.00940275	0.0142166	0.159426	0.0491092	0.0709486	0.0171746	0.0167162	0.00712626	0.0183074	0.146426	0.0331414	0.0343313	0.118919	0.00496715	0.0143424
139	0.209439	0.0221275	0.0655537	0.0741094	0.00934885	0.106335	0.0142253	0.00744071	0.0169702	0.0187819	0.00792075	0.0575365	0.00865876	0.0237143	0.0128641	0.248546	0.0738517	0.0121097	0.000994061	0.00947302
140	0.608912	0.0154616	0.000371592	0.0053373	0.00538661	0.0601211	0.00735449	0.00798675	0.00612897	0.00854457	0.00839944	0.00424369	0.00372205	0.00439114	0.00825876	0.167224	0.0416492	0.0337433	0.00224699	0.000516681
141	0.00240582	0.00305163	0.000444517	0.000843054	0.0522676	0.000505481	0.0013951	0.0840984	0.000640851	0.690512	0.103444	0.00108749	0.00151439	0.00614773	0.00345634	0.00177064	0.00487629	0.0382362	0.00245167	0.000850744
142	0.614192	0.0154647	0.0003929	0.00524661	0.00537243	0.0569821	0.00717687	0.00765151	0.00604156	0.00855866	0.00858419	0.00409609	0.00352998	0.00432111	0.00818296	0.166536	0.0413623	0.0336522	0.00216843	0.000487744
143	0.0528218	0.0174932	0.0199625	0.0403637	0.00464259	0.013125	0.030544	0.0117398	0.270728	0.0159273	0.0178356	0.0264153	0.00258222	0.0690525	0.330851	0.027577	0.0321849	0.0100326	0.000591575	0.00552976
144	0.558199	0.0150865	0.000930297	0.0143858	0.0110285	0.0572347	0.0111327	0.0164031	0.0103893	0.00914408	0.00777758	0.00543894	0.00399709	0.00793997	0.0087113	0.177062	0.0518603	0.0293391	0.00290479	0.00103441
145	0.0175613	0.0158103	0.000463827	0.000788472	0.00948719	0.00100769	0.00368886	0.323555	0.000723608	0.314609	0.053093	0.000857952	0.00204613	0.00081792	0.00286773	0.00860445	0.0253277	0.216637	0.000178451	0.00187421
146	0.00237663	0.00674862	0.00100431	0.00420217	0.423315	0.00143137	0.0169473	0.0142114	0.00194029	0.0313653	0.00766757	0.00452232	0.00271686	0.00460779	0.00904744	0.0102652	0.0032713	0.0138519	0.0163814	0.424125
147	0.254292	0.0282943	0.0372176	0.053025	0.0113247	0.118274	0.0132552	0.00321932	0.00178248	0.0109989	0.00140605	0.0471547	0.00727176	0.00768386	0.002622	0.314174	0.0729748	0.00263752	0.00123245	0.0111588
148	0.0389284	0.0471425	0.0184005	0.0276611	0.00221934	0.022419	0.0700995	0.0149429	0.151582	0.015497	0.00841559	0.0841827	0.00607521	0.0520798	0.329357	0.0503895	0.0166234	0.0207693	0.00137159	0.0218436
149	0.00641125	0.00751873	0.000431437	0.000884243	0.0297547	0.00113575	0.00196072	0.0956523	0.000907883	0.660988	0.0853876	0.00110056	0.00139331	0.00380478	0.00484689	0.00440527	0.0103056	0.0806576	0.0015185	0.000934628
150	0.00725905	0.00741857	0.00210431	0.00465826	0.531019	0.0028726	0.0140805	0.0318477	0.00790907	0.100726	0.0243995	0.0116157	0.00372156	0.00834179	0.00814129	0.00838435	0.00585485	0.0171767	0.0494289	0.153041
151	0.105517	0.00766832	0.109411	0.11233	0.00536205	0.0563457	0.02408	0.0162721	0.0599791	0.041214	0.024339	0.0870159	0.0109085	0.070064	0.0442948	0.106384	0.0752181	0.0358112	0.000365262	0.00742029
152	0.07743	0.0143157	0.00394185	0.00684334	0.0531681	0.0159769	0.043349	0.0098585	0.0156308	0.0127326	0.0288486	0.0434943	0.00469801	0.00831993	0.050745	0.0568764	0.013499	0.0113124	0.307731	0.221228
153	0.016063	0.014417	0.000441857	0.000781535	0.012855	0.00100265	0.00350414	0.3205	0.000693302	0.320287	0.0598089	0.000885042	0.00259039	0.00127423	0.00321746	0.00766517	0.0237046	0.208396	0.000225309	0.00168718
154	0.0186463	0.0151056	0.000312662	0.000505455	0.00845569	0.00106722	0.000604129	0.435446	0.000552342	0.0866086	0.0206529	0.000665913	0.000331557	0.000629316	0.000649051	0.00722657	0.0265697	0.375164	0.000130861	0.000675906
155	0.12194	0.00962659	0.0790195	0.11662	0.00680682	0.0462726	0.0161113	0.0195861	0.0670962	0.0371654	0.0318346	0.0739133	0.0061136	0.0727616	0.0433545	0.114897	0.0887357	0.0428023	0.000375848	0.00496823
156	0.0538692	0.0205898	0.0229411	0.0388014	0.003491	0.0096484	0.0367085	0.0125375	0.230153	0.0169545	0.0176452	0.0209844	0.00255693	0.0695229	0.387626	0.0203763	0.0263115	0.00542506	0.000380225	0.00347669
157	0.0175657	0.0158331	0.000324472	0.000472562	0.00802739	0.00100978	0.000605916	0.445974	0.000539326	0.0821292	0.0196077	0.000717801	0.00030811	0.000677547	0.000622773	0.00671379	0.0277185	0.370315	0.000151249	0.000685924
158	0.0108352	0.00756418	0.00413497	0.00798536	0.299131	0.00686717	0.038441	0.0988557	0.00731293	0.0392972	0.00606551	0.00949287	0.00356568	0.0519797	0.00898771	0.102469	0.105253	0.0578573	0.00169318	0.132212
159	0.0144128	0.0144492	0.000443059	0.000640558	0.0104116	0.000901921	0.000744639	0.541892	0.000685217	0.0739969	0.0179505	0.000921307	0.000385294	0.000812166	0.000841058	0.00694261	0.0187057	0.293883	0.000173316	0.000807196
160	0.108163	0.0219961	0.0273405	0.0235983	0.00331661	0.546691	0.00717684	0.010344	0.0128765	0.0223763	0.00632471	0.0345183	0.00246919	0.0273144	0.0202256	0.0697829	0.0268707	0.0233488	0.000627383	0.00463926
161	0.0192418	0.0151518	0.00032034	0.000537	0.00820251	0.000933859	0.00146608	0.382829	0.000500501	0.171768	0.0346905	0.000629947	0.000772432	0.000575713	0.00106172	0.00809277	0.0245341	0.327443	0.000136618	0.00111284
162	0.0229302	0.0321616	0.00249697	0.00527055	0.0201157	0.011487	0.00561297	0.180877	0.0038124	0.413049	0.0582738	0.00469011	0.00328547	0.00489675	0.00773536	0.0200162	0.029739	0.162727	0.00306177	0.00776156
163	0.0522531	0.0131848	0.279711	0.128944	0.0161202	0.0208635	0.0376216	0.0216043	0.0326077	0.0194724	0.0114051	0.150294	0.0119002	0.0340901	0.0318033	0.0617657	0.0369776	0.0206375	0.00189935	0.0168448
164	0.0101479	0.0170279	0.0178639	0.0343681	0.0408043	0.00474029	0.0970948	0.0352487	0.0918823	0.0659238	0.00416633	0.0981412	0.0023478	0.0362732	0.106403	0.0361907	0.0997954	0.108322	0.00113295	0.0921245
165	0.0764254	0.0242914	0.0602239	0.0442174	0.0176671	0.0880672	0.0353774	0.0230849	0.0308942	0.0386508	0.0154282	0.171516	0.0775889	0.0380973	0.036879	0.110031	0.0524125	0.0339139	0.00354538	0.0216873
166	0.0103129	0.0283211	0.00390879	0.00688359	0.0491956	0.164014	0.0272831	0.0105058	0.0067754	0.0312826	0.00554942	0.0104471	0.00429462	0.0295388	0.0651897	0.366696	0.0952418	0.0332094	0.00196612	0.0493839
167	0.0046326	0.00593544	0.0012683	0.00332407	0.60536	0.00130019	0.0148244	0.0297659	0.00676694	0.132853	0.0316637	0.00955082	0.00273925	0.00543063	0.00392217	0.00365225	0.00503641	0.0194134	0.0230426	0.0895182
168	0.0473811	0.016321	0.0352312	0.197231	0.0289535	0.0156225	0.0251133	0.0499496	0.0373957	0.201545	0.0273139	0.0321747	0.0172792	0.0615036	0.0395178	0.0421958	0.0309162	0.074356	0.00343733	0.0165613
169	0.124992	0.0198944	0.0359819	0.0811895	0.0174816	0.0393229	0.0304561	0.0301485	0.063697	0.046892	0.0227615	0.0503449	0.0116349	0.16123	0.0578846	0.0755413	0.0610265	0.0457682	0.00440867	0.0193435
170	0.00281652	0.00418747	0.000669442	0.00151403	0.102656	0.000884443	0.00247983	0.0943173	0.00100426	0.625533	0.0967947	0.00169239	0.00178261	0.00949733	0.00520622	0.00324198	0.00521324	0.0357353	0.00223066	0.00254347
171	0.029913	0.272086	0.00816854	0.0152267	0.0149072	0.0143355	0.0172792	0.0227191	0.0145289	0.123763	0.0123624	0.0266647	0.0129088	0.0618062	0.0208506	0.155015	0.0262787	0.0384605	0.0511226	0.0616022
172	0.018944	0.01426	0.000958573	0.00171166	0.0335756	0.00187897	0.00427476	0.259039	0.00294977	0.35061	0.0727949	0.00245264	0.0026207	0.00361046	0.0049806	0.0089174	0.0244845	0.17822	0.00368754	0.01003
173	0.0636027	0.0254015	0.0409375	0.0517868	0.0211999	0.0282427	0.0321206	0.0472018	0.0356132	0.0511233	0.0169716	0.224084	0.0108523	0.0380385	0.0393784	0.0895049	0.0612191	0.102187	0.00324198	0.0172923
174	0.00141578	0.00682508	0.000579565	0.00385284	0.384949	0.000931885	0.01857	0.0105456	0.000964341	0.0135491	0.0032185	0.00260267	0.0020211	0.00380292	0.00966563	0.0100464	0.0012996	0.00735466	0.0153897	0.502415
175	0.19067	0.0940891	0.00314959	0.00861041	0.00983904	0.00766909	0.0143137	0.0389702	0.0178631	0.0460345	0.0297171	0.0237124	0.00228039	0.0159398	0.0113133	0.0348546	0.308631	0.134919	0.00135691	0.00606705
176	0.0519435	0.013677	0.0585064	0.0979118	0.010352	0.043866	0.0689766	0.0186861	0.0882665	0.0332539	0.0132315	0.151571	0.00766493	0.0621105	0.0983606	0.0830434	0.0471933	0.0255453	0.00201109	0.0238283
177	0.0619019	0.0724952	0.0626924	0.191956	0.0246068	0.0244909	0.0301872	0.0314156	0.034355	0.0453308	0.0179913	0.0445778	0.0821611	0.0458823	0.0464896	0.0692067	0.043694	0.0423886	0.00446485	0.0237115
178	0.0383724	0.00724781	0.0106186	0.0165993	0.0027419	0.00951419	0.0110986	0.00680536	0.456031	0.00857972	0.0305215	0.0311301	0.00133373	0.0722723	0.217911	0.0225892	0.0405152	0.0117479	0.000567587	0.00380233
179	0.00791807	0.00685211	0.000549976	0.000918556	0.0487259	0.00104183	0.00283361	0.107462	0.00162992	0.62584	0.0979347	0.00132034	0.00196505	0.00499471	0.0048394	0.00382884	0.0122989	0.0589073	0.00372146	0.00641771
180	0.0591676	0.01908	0.0397761	0.146192	0.00857902	0.0204863	0.0287452	0.0282513	0.122518	0.043443	0.0168608	0.0356085	0.0352512	0.097454	0.167476	0.0517255	0.0338289	0.0285042	0.00209582	0.0149569
181	0.0694795	0.00669601	0.0424023	0.0508465	0.00917664	0.11928	0.0641809	0.0114952	0.0577766	0.0577675	0.00946423	0.123916	0.0082664	0.151904	0.0478602	0.0825963	0.0371731	0.00964144	0.00153455	0.0385419
182	0.0242953	0.00787662	0.00345727	0.0317481	0.222126	0.00375774	0.107568	0.055524	0.0641095	0.156222	0.0233527	0.00927056	0.00311682	0.0900127	0.0295788	0.0111092	0.00925888	0.0377354	0.0108974	0.0989833
183	0.0151026	0.0112061	0.00636717	0.0115833	0.481776	0.00653542	0.0131271	0.0363563	0.0104156	0.141036	0.0329815	0.0337313	0.00927818	0.0111172	0.0131506	0.0168207	0.0165928	0.0516744	0.0204814	0.0606662
184	0.0771488	0.030892	0.0089684	0.0132247	0.020464	0.0456275	0.0215295	0.119391	0.0116321	0.0177964	0.00747009	0.208338	0.00594839	0.012504	0.0122705	0.177583	0.122024	0.0784528	0.00173043	0.00700388
185	0.0022733	0.00427344	0.000795807	0.00120562	0.377322	0.000750974	0.00321396	0.0523325	0.00199166	0.392656	0.0660168	0.00514159	0.0019647	0.0040371	0.00280524	0.00234596	0.00440332	0.0258099	0.01363	0.0370301
186	0.0652658	0.021859	0.0243146	0.0240103	0.00497883	0.0214569	0.0294527	0.0621939	0.203286	0.0333978	0.0105819	0.0384587	0.00394838	0.0708351	0.256416	0.0352435	0.0174758	0.0661634	0.00130631	0.00935556
187	0.0894144	0.00944532	0.044712	0.0775178	0.0251493	0.0173667	0.0270624	0.0580647	0.0481397	0.107986	0.040818	0.0541311	0.0129586	0.0917377	0.0316004	0.0887663	0.0750942	0.0678962	0.0103386	0.0218006
188	0.0513759	0.0126577	0.0271286	0.255046	0.0131246	0.0150898	0.0208243	0.0289201	0.0359864	0.0346239	0.0152404	0.031308	0.00894993	0.127274	0.0316454	0.0724438	0.0723756	0.105046	0.00256932	0.0383703
189	0.0454632	0.00498685	0.00958883	0.11943	0.0103637	0.0140823	0.0315634	0.093723	0.0603025	0.117811	0.00865712	0.0184144	0.00403813	0.153809	0.0627272	0.0117372	0.0199676	0.203135	0.00210714	0.00809296
190	0.0464972	0.00342169	0.0934157	0.452925	0.00466973	0.00405927	0.0150866	0.0421105	0.0504856	0.0566316	0.0136246	0.00674365	0.0148159	0.0931492	0.0336271	0.0182354	0.0151431	0.0307653	0.000849389	0.00374343
191	0.07274	0.00893414	0.0345851	0.0625953	0.0257566	0.00583974	0.0398303	0.0958096	0.040173	0.0924172	0.0286777	0.025647	0.0415553	0.0749573	0.0302095	0.0395086	0.0757732	0.178481	0.00210701	0.0244026
192	0.0319384	0.00630353	0.366272	0.0257267	0.0186625	0.00343597	0.0591148	0.0283549	0.0047464	0.00581905	0.0028686	0.333193	0.00417274	0.0177541	0.00463005	0.0313533	0.0302667	0.00646856	0.000843226	0.0180755
