312	20
1	0.0988578	0.000876282	0.105421	0.0555672	0.00371675	0.0696095	0.0319554	0.00815334	0.0780784	0.0307615	0.00559146	0.0699076	0.0244436	0.0926961	0.118569	0.126404	0.0515158	0.0116604	0.00807151	0.00814329
2	0.0280668	0.00735977	0.566761	0.0280939	0.00440227	0.0273885	0.0104564	0.00715246	0.0216521	0.0130212	0.00520017	0.152257	0.0143532	0.0136166	0.0137994	0.0505446	0.0190552	0.0114396	0.00177497	0.0036052
3	0.00641557	0.00173039	0.0457035	0.00260716	0.00237497	0.0139247	0.078403	0.00371771	0.00299601	0.00392213	0.00232657	0.716904	0.00129036	0.00374917	0.0173641	0.0441876	0.0403866	0.00971443	0.000602407	0.00167983
4	0.0451311	0.00274682	0.00323775	0.00185799	0.00959273	0.00240032	0.00376801	0.199891	0.00391488	0.0572425	0.0110335	0.0030852	0.00157825	0.00306316	0.00131593	0.0116188	0.0807411	0.554604	0.000279633	0.00289773
5	0.377468	0.020095	0.00134657	0.00123616	0.0117841	0.0361552	0.000920279	0.119536	0.0010675	0.125993	0.0295615	0.00134392	0.000659497	0.00151762	0.00350078	0.024595	0.0361359	0.204832	0.00094662	0.00130522
6	0.0235249	0.0014508	0.002723	0.00199293	0.00697207	0.00123203	0.00451746	0.270114	0.00352999	0.0397403	0.00518965	0.00277013	0.000800613	0.00525595	0.00147156	0.0101687	0.0915075	0.522509	0.000327579	0.0042015
7	0.297548	0.0231197	0.00167015	0.000983798	0.0105931	0.0226832	0.000796826	0.138079	0.000795736	0.134686	0.034344	0.00152319	0.000591631	0.00154318	0.00385776	0.0319764	0.0573941	0.236788	0.000252471	0.000774204
8	0.0612686	0.00277774	0.00397234	0.0115079	0.00661044	0.014877	0.00230455	0.143514	0.0316147	0.330666	0.026337	0.017936	0.00178539	0.00405329	0.0290682	0.0141325	0.146552	0.148811	0.000672133	0.0015399
9	0.0167704	0.000332199	0.000743821	0.000627868	0.0302554	0.00067549	0.000606739	0.175745	0.00127463	0.603223	0.0330222	0.000692561	0.0016645	0.00682093	0.000799781	0.00423837	0.00425225	0.104127	0.00596	0.00816756
10	0.226081	0.000333306	0.0775168	0.11288	0.0113531	0.0359452	0.0176356	0.00595997	0.0751646	0.00636717	0.00873743	0.0322287	0.203449	0.0234175	0.0274127	0.0645625	0.0468962	0.0212462	0.000128794	0.00268484
11	0.315871	0.0072641	0.00786797	0.0721016	0.00056539	0.0108706	0.000595558	0.0177726	0.136451	0.0368077	0.00604036	0.010434	0.128829	0.0853891	0.0632493	0.048104	0.018322	0.0327444	0.000222319	0.0004986
12	0.033274	0.000972986	0.0758469	0.00388215	0.000644938	0.806047	0.0026292	0.00101368	0.0036564	0.00175906	0.000873023	0.029394	0.000485527	0.00136329	0.00330068	0.0301112	0.00240017	0.00159654	0.000334612	0.000415047
13	0.100918	0.00124805	0.0941066	0.222428	0.0133188	0.0159185	0.0025902	0.0137217	0.00315973	0.0154165	0.00284699	0.00347771	0.0031993	0.0600535	0.036196	0.0734397	0.290221	0.0352603	0.00074587	0.0117327
14	0.1422	0.000732285	0.364946	0.0334148	0.0143436	0.0317203	0.0113748	0.00204307	0.0283044	0.0254679	0.0013985	0.0449917	0.166327	0.0176515	0.0386789	0.0179439	0.0390334	0.0129574	0.000281292	0.00618901
15	0.0116697	0.000673462	0.00123283	0.00136734	0.00730328	0.000883034	0.00142928	0.436286	0.000931425	0.0280463	0.00178497	0.001131	0.000597691	0.00165078	0.00091046	0.00250575	0.0154134	0.485006	0.000230971	0.000946215
16	0.210114	0.000479757	0.069813	0.0993233	0.0101555	0.0360759	0.015333	0.00560963	0.0733007	0.00603371	0.00925001	0.0300222	0.260378	0.0205125	0.0258534	0.0611248	0.0415045	0.0223009	0.000175909	0.00263996
17	0.234684	0.00812702	0.00552092	0.0551458	0.00119983	0.0078512	0.00489787	0.0260049	0.140156	0.053363	0.0166929	0.0199375	0.0907022	0.120935	0.111684	0.0649146	0.0129305	0.0240187	0.000356823	0.000876972
18	0.251897	0.00506356	0.0105677	0.0112509	0.00731579	0.485694	0.00860902	0.00538873	0.0292271	0.00696609	0.0236851	0.0135684	0.00776372	0.0139269	0.0128227	0.0711487	0.0168004	0.0106837	0.00184828	0.0057721
19	0.0517595	0.012076	0.0245319	0.0340193	0.0196425	0.0206958	0.332564	0.0273946	0.0383253	0.0290204	0.0169061	0.10049	0.013203	0.0448338	0.0418057	0.056017	0.0473185	0.0448049	0.025671	0.0189204
20	0.0370243	0.00751589	0.0141867	0.0224621	0.0097526	0.0107138	0.0136592	0.0216927	0.666975	0.020766	0.0108372	0.0161918	0.0103586	0.0233033	0.0298378	0.0238915	0.0295372	0.0221966	0.00285956	0.00623849
21	0.0182847	0.00534324	0.00421739	0.00783827	0.117143	0.00192318	0.00587505	0.286637	0.0105783	0.16735	0.0683695	0.00196044	0.000512554	0.0048788	0.00468424	0.00412728	0.012077	0.24178	0.0084362	0.0279832
22	0.735511	0.0332129	0.00188664	0.00220401	0.0102371	0.0177678	0.00157245	0.0100308	0.00236659	0.0287176	0.0128228	0.00309266	0.00132714	0.00273466	0.00247285	0.0372937	0.0600429	0.0346036	0.000570442	0.00153257
23	0.0458289	0.00330358	0.00277899	0.0179059	0.0120159	0.0061734	0.0014391	0.136284	0.0100066	0.396737	0.0573262	0.00769359	0.00106594	0.00371001	0.015827	0.0201236	0.140636	0.119421	0.000480608	0.00124303
24	0.130334	0.0285876	0.0025526	0.0818399	0.0018824	0.00329736	0.0211244	0.00497929	0.122739	0.0278222	0.0135352	0.0227501	0.00153456	0.0717914	0.174111	0.0490069	0.128336	0.0892862	0.00922667	0.0152631
25	0.22704	0.000352936	0.0769336	0.112606	0.0115134	0.0360239	0.0178958	0.00597724	0.0755374	0.0063746	0.00905227	0.0326556	0.203208	0.0232021	0.0277015	0.0638043	0.0462181	0.0211051	0.000149683	0.00264879
26	0.0127761	0.000568091	0.00127006	0.00120808	0.00737304	0.000852946	0.00128684	0.419807	0.00104534	0.0290971	0.00194156	0.00110162	0.000585962	0.00138168	0.000856674	0.00231025	0.0154188	0.499928	0.0002185	0.000972421
27	0.00559401	0.00266115	0.00181493	0.00338102	0.011237	0.00216608	0.0362399	0.369283	0.021959	0.135394	0.00258038	0.00257266	0.00135889	0.00622794	0.0725383	0.00774786	0.0493796	0.208352	0.000529685	0.0589825
28	0.0493737	0.0085316	0.00794398	0.025643	0.0074873	0.015738	0.0280736	0.0154909	0.118927	0.0309437	0.0370913	0.0215582	0.00935531	0.0355965	0.500907	0.0254991	0.0262523	0.0199637	0.00240713	0.0132171
29	0.0117228	0.00205459	0.00201806	0.003272	0.327865	0.00265088	0.00227313	0.0292003	0.003321	0.154402	0.0460375	0.00938995	0.00553265	0.00445069	0.00334127	0.016806	0.020167	0.029658	0.0335702	0.292267
30	0.0586003	0.00105514	0.0378569	0.00360947	0.00183329	0.752169	0.00293511	0.00231658	0.00474021	0.00298779	0.00214874	0.0583607	0.00139265	0.00372983	0.0105052	0.0462337	0.00435246	0.0035406	0.00061649	0.00101539
31	0.123144	0.0522481	0.0053944	0.0397163	0.101285	0.0175287	0.0965975	0.00404239	0.0211322	0.0440438	0.023753	0.0602155	0.00148749	0.15103	0.0178216	0.0899415	0.0173287	0.0587032	0.01971	0.0548764
32	0.100385	0.00451181	0.00361161	0.00494139	0.0169833	0.025941	0.00190147	0.10422	0.00262054	0.0520604	0.00485201	0.00324683	0.0608051	0.00303904	0.012661	0.119178	0.113248	0.363777	0.00061688	0.00139908
33	0.0208211	0.0043104	0.00168789	0.00297882	0.0224903	0.0022692	0.00207614	0.348793	0.00409399	0.231188	0.071713	0.00148312	0.000941816	0.00208905	0.00191859	0.00539033	0.011671	0.257695	0.0012629	0.00512578
34	0.0506445	0.000273266	0.00741171	0.0013757	0.000353909	0.900842	0.00295789	0.000677889	0.00198313	0.000702073	0.00094624	0.00427312	0.000615911	0.000523532	0.00109404	0.0221033	0.00128733	0.000821351	0.000116959	0.000996562
35	0.0865553	0.00121852	0.0016494	0.0410621	0.0661172	0.00187709	0.0712438	0.0684256	0.0378095	0.0578948	0.0114638	0.0278499	0.00127381	0.0284446	0.0890928	0.0304816	0.0466095	0.140873	0.00875549	0.181302
36	0.620535	0.0320895	0.00171324	0.00173506	0.00705337	0.0249523	0.00152535	0.0196444	0.00250586	0.0309133	0.00810877	0.00397276	0.00473664	0.00447474	0.00305596	0.0728783	0.0732864	0.0853969	0.000438534	0.000983776
37	0.0672542	0.0126035	0.0123855	0.0022636	0.00196694	0.00240623	0.00371894	0.0709592	0.0915105	0.125521	0.0131253	0.0504047	0.00159224	0.025663	0.0576767	0.111861	0.301641	0.0454708	0.000637061	0.00133874
38	0.142788	0.000730564	0.365781	0.0332437	0.0141989	0.0314191	0.0111295	0.00202912	0.0282313	0.0253315	0.00140222	0.0450012	0.166435	0.017494	0.0384365	0.0179748	0.0389849	0.0129793	0.000294258	0.00611428
39	0.0199811	0.00379538	0.00149108	0.00281056	0.0134887	0.00195387	0.00160027	0.376354	0.0057128	0.225464	0.0616623	0.00181408	0.0010556	0.00213974	0.00225282	0.00524358	0.0156648	0.253782	0.00070093	0.0030319
40	0.314107	0.00714018	0.00797387	0.0727618	0.000567234	0.0110291	0.000614123	0.0177463	0.136698	0.0375054	0.00607618	0.0107841	0.128076	0.0855624	0.063798	0.0487541	0.018142	0.0319373	0.000222215	0.000504277
41	0.316181	0.0075516	0.00752063	0.0698625	0.000653832	0.0105022	0.000644415	0.0179393	0.134457	0.0350967	0.00580912	0.00987053	0.132753	0.0856655	0.0647406	0.046763	0.0185452	0.0347117	0.000231889	0.000501095
42	0.0418099	0.000195628	0.00863134	0.00138369	0.000328661	0.912297	0.00258109	0.000575707	0.00189404	0.000494486	0.000730043	0.00465123	0.000240733	0.000551768	0.00126341	0.0200671	0.000787207	0.000779712	0.000105989	0.000631022
43	0.17251	0.000925671	0.138375	0.35969	0.00747667	0.0406951	0.00172507	0.00467129	0.013547	0.00266536	0.00841046	0.0154189	0.00306723	0.0691618	0.0235653	0.0588692	0.0532261	0.024464	0.000320179	0.00121547
44	0.0344314	0.00294532	0.00402245	0.00509749	0.00403704	0.00407941	0.239399	0.0488761	0.0249713	0.0576837	0.00449422	0.00573303	0.0462104	0.00625375	0.0256879	0.00898618	0.00973509	0.0885171	0.31365	0.0651889
45	0.0136454	0.00185003	0.000926375	0.000856254	0.0093683	0.000997583	0.00111824	0.381296	0.00195552	0.203666	0.0592508	0.00050005	0.00102329	0.000591726	0.000728035	0.00253775	0.0060235	0.311696	0.000460759	0.00150824
46	0.0604362	0.0233517	0.0744703	0.083172	0.00670818	0.0210907	0.203914	0.00835482	0.0834437	0.0188159	0.00977053	0.082965	0.00842934	0.0625089	0.0722456	0.106328	0.0479337	0.0161277	0.0039442	0.00599001
47	0.226985	0.000334222	0.0769969	0.112658	0.0114362	0.0360798	0.0176991	0.00594322	0.0755943	0.00633348	0.00890336	0.032419	0.203422	0.023109	0.027487	0.0641501	0.0464251	0.0212001	0.000148073	0.00267559
48	0.00482484	0.00955827	0.605875	0.00326074	0.00166463	0.0197089	0.0100523	0.00279905	0.0181917	0.0110566	0.00188412	0.221029	0.00127441	0.00227473	0.00231998	0.0660604	0.012678	0.00367188	0.000509807	0.0013059
49	0.0473952	0.000848337	0.0284902	0.0171776	0.00110443	0.823122	0.00373858	0.00232772	0.00454132	0.00265922	0.00233678	0.00855991	0.0024983	0.00389546	0.00498957	0.0349061	0.00574351	0.00394757	0.000471553	0.00124648
50	0.0963956	0.00181881	0.0968986	0.057499	0.00472859	0.0669829	0.0307704	0.00742197	0.0801225	0.029378	0.00537168	0.0634176	0.0248991	0.098321	0.123489	0.121491	0.0600536	0.0142736	0.00724009	0.00942663
51	0.361241	0.00829125	0.00291166	0.00573118	0.037655	0.0137599	0.00274739	0.0957048	0.00359771	0.0404384	0.0117912	0.00401451	0.00308899	0.00464488	0.00470103	0.0156437	0.0333887	0.345753	0.0010756	0.00382047
52	0.0531942	0.00023262	0.0068531	0.00126955	0.000340606	0.900389	0.00311253	0.000548368	0.00169432	0.00057087	0.000925221	0.00364512	0.000390875	0.000443691	0.000938796	0.022646	0.000992503	0.000751749	9.9273e-05	0.000961538
53	0.0510619	0.00865417	0.00557963	0.00364597	0.00815756	0.00922037	0.0042243	0.123097	0.00677375	0.048484	0.00915945	0.00992962	0.010633	0.00694016	0.0057544	0.0743308	0.26134	0.348428	0.00102255	0.00356242
54	0.036289	0.00282704	0.00316873	0.0229194	0.00490715	0.0224636	0.0177486	0.00592359	0.0837123	0.0132821	0.0118011	0.00888266	0.00620839	0.0136052	0.694576	0.0114423	0.0107562	0.00851524	0.00150789	0.0194633
55	0.0145414	0.00260919	0.0561981	0.00591268	0.00705915	0.0152714	0.0639265	0.00671385	0.00662761	0.00718003	0.00385144	0.679678	0.00357462	0.0088675	0.0165265	0.0428705	0.0400693	0.0144462	0.00112752	0.00294819
56	0.0298238	0.00435949	0.0122171	0.0218633	0.105343	0.00295581	0.0133445	0.216606	0.0108647	0.209167	0.0682053	0.00893497	0.00119492	0.0103466	0.00776491	0.0078678	0.0184377	0.190037	0.00977599	0.050891
57	0.0173072	0.000605344	0.00101435	0.00126661	0.0358554	0.000721415	0.000915822	0.187643	0.00193897	0.563745	0.0353281	0.000816944	0.00161195	0.00653451	0.00112235	0.00419586	0.0049602	0.118092	0.00666559	0.00965967
58	0.461476	0.00786511	0.00644518	0.00768819	0.00740401	0.142656	0.00644801	0.0840808	0.00908576	0.0645873	0.00950076	0.00882876	0.00473618	0.00983598	0.00797037	0.0209789	0.0172489	0.0323951	0.0523504	0.038418
59	0.0135545	0.00074768	0.0014119	0.00108192	0.010652	0.000891147	0.0013302	0.413098	0.00144618	0.0391969	0.00518983	0.00110715	0.000630299	0.00129115	0.000916085	0.00256306	0.01776	0.485514	0.000255611	0.0013618
60	0.0303016	0.00790819	0.00169283	0.00496149	0.0307798	0.00255402	0.0100726	0.302539	0.00620051	0.19638	0.0620372	0.00366036	0.000707083	0.00567755	0.00393771	0.0238995	0.0365177	0.26253	0.00123991	0.00640244
61	0.135577	0.0382461	0.00624792	0.00802075	0.00672847	0.00703192	0.00655109	0.0441759	0.00826833	0.0127971	0.0387673	0.0728167	0.133505	0.0695969	0.00823831	0.240985	0.134855	0.0211858	0.00183104	0.00457429
62	0.00913	0.00566403	0.00286885	0.00362759	0.00311282	0.0034219	0.00451348	0.00442645	0.0044001	0.0201094	0.0549459	0.0139587	0.00995311	0.00496359	0.00408402	0.267373	0.568817	0.0113449	0.00101186	0.00227333
63	0.0656238	0.00616252	0.00533991	0.00958655	0.0158284	0.00620648	0.00608621	0.202288	0.00837181	0.0758808	0.0208958	0.00736576	0.00624148	0.00845268	0.00968705	0.0228125	0.065438	0.449447	0.00138837	0.00689698
64	0.0660449	0.0227759	0.0114643	0.0217006	0.115674	0.0561313	0.136673	0.012208	0.0183051	0.0231521	0.0187889	0.144204	0.00424351	0.11267	0.0187818	0.102221	0.0318188	0.0305643	0.00797881	0.0446004
65	0.0418066	0.732297	0.00643459	0.0102133	0.00794748	0.00944326	0.00829471	0.0269726	0.0103567	0.0165313	0.0133723	0.0102354	0.00789334	0.0115749	0.00961076	0.0251795	0.0212232	0.0238393	0.00186495	0.00490867
66	0.168069	0.00463373	0.00710216	0.0817567	0.00701077	0.00694442	0.00650953	0.174141	0.0150475	0.0250283	0.0179172	0.013226	0.0181275	0.0182603	0.0220849	0.0452322	0.031516	0.331529	0.0012512	0.00461199
67	0.113585	0.00271697	0.00366285	0.0468785	0.00285813	0.0411251	0.0273423	0.00552422	0.0644153	0.00498855	0.0324139	0.118938	0.0189185	0.00537085	0.0195586	0.133789	0.245946	0.109492	0.000761878	0.00171355
68	0.0988149	0.000876895	0.105598	0.0555313	0.00370378	0.0695626	0.031922	0.00814056	0.0780381	0.0307586	0.00561145	0.0698075	0.0245994	0.0926658	0.118425	0.126575	0.0515067	0.0116855	0.00806655	0.00810987
69	0.104931	0.00669562	0.00520317	0.00402052	0.00555837	0.00673892	0.00224746	0.149363	0.0051574	0.0561223	0.0324542	0.00987066	0.00320026	0.00433777	0.00281243	0.0259909	0.129531	0.443403	0.000487753	0.00187394
70	0.261825	0.0271926	0.00163803	0.0010144	0.0104399	0.0217517	0.000973279	0.139661	0.00074182	0.151588	0.037135	0.00162873	0.000505963	0.00237453	0.00380313	0.0340756	0.0580103	0.244757	0.000184559	0.00069989
71	0.0889567	0.00148321	0.00184223	0.0391269	0.00193607	0.0397177	0.0318287	0.00371134	0.0709262	0.00359713	0.0352534	0.121876	0.0207146	0.00320844	0.0209126	0.125064	0.286327	0.101258	0.000670376	0.00158923
72	0.0610615	0.014955	0.0350339	0.051367	0.0296927	0.0217364	0.261214	0.0172834	0.0482611	0.0279169	0.0193352	0.0643152	0.00952436	0.122256	0.050605	0.0529763	0.0487058	0.0344636	0.00725821	0.0220386
73	0.0861212	0.00208485	0.100251	0.0557495	0.00371644	0.0670718	0.0142963	0.00570606	0.0620931	0.0356242	0.00435191	0.046891	0.100138	0.116817	0.0584745	0.111689	0.0921394	0.0293147	0.00272231	0.00474784
74	0.0445095	0.00705768	0.00394437	0.00741032	0.252261	0.0718764	0.0935124	0.00949477	0.00686319	0.0106446	0.0329994	0.0266538	0.00367349	0.075578	0.00820956	0.1528	0.046904	0.0149369	0.00287807	0.127792
75	0.0391982	0.000332787	0.00933061	0.00169738	0.000242555	0.913203	0.0026895	0.000528618	0.00190417	0.00050424	0.000762199	0.00493976	0.000249722	0.000510454	0.00146724	0.0201458	0.000933968	0.000730115	8.50103e-05	0.000544872
76	0.0466957	0.71952	0.00726745	0.00961287	0.0105176	0.0097662	0.00857472	0.02739	0.0113056	0.0159179	0.0137585	0.0115076	0.00564304	0.0121706	0.0102387	0.0272108	0.0204639	0.0242818	0.00243665	0.00572046
77	0.0718083	0.0114228	0.0185296	0.026125	0.0159072	0.0169168	0.0132844	0.0414185	0.0257995	0.150589	0.0282772	0.0244415	0.150791	0.0277227	0.0292015	0.0601799	0.198931	0.0713337	0.00364277	0.0136785
78	0.0909974	0.0211987	0.0090978	0.031632	0.00583056	0.00504702	0.0464492	0.033974	0.134399	0.050873	0.0267836	0.0476712	0.0109688	0.117996	0.246834	0.0584037	0.0286436	0.0284811	0.00176447	0.00295469
79	0.0974566	0.00515772	0.0732933	0.0473243	0.00455901	0.0561992	0.0285816	0.00708851	0.0967083	0.0276823	0.00488317	0.0518985	0.022928	0.0954432	0.161836	0.0953847	0.0834126	0.0285304	0.00490144	0.00673091
80	0.136756	0.014549	0.00272878	0.00864477	0.0159394	0.0103457	0.0017557	0.147964	0.00522147	0.249504	0.0553789	0.00522776	0.000759382	0.00295625	0.00849719	0.0345173	0.0966713	0.201054	0.000250503	0.00127827
81	0.0143289	0.000320903	0.000634002	0.000609407	0.0307448	0.00068846	0.000591334	0.16491	0.00120017	0.613653	0.0405299	0.000673879	0.00124743	0.00651087	0.000735938	0.0037145	0.00489999	0.102274	0.00492458	0.00680885
82	0.0989355	0.0011634	0.101751	0.0548338	0.00373815	0.0693883	0.0321763	0.00876858	0.0788926	0.0306017	0.00624593	0.0692163	0.0233528	0.0923994	0.121569	0.126453	0.051957	0.012187	0.00835598	0.00801352
83	0.146918	0.00352739	0.0678013	0.00929482	0.00540364	0.350465	0.00498279	0.00897058	0.00824197	0.00959999	0.00684066	0.191516	0.003953	0.00680431	0.0119599	0.132099	0.0125545	0.012912	0.00180795	0.00434708
84	0.0464713	0.00373479	0.00803915	0.0167214	0.0803573	0.00291143	0.00534114	0.21013	0.0110069	0.25815	0.0853519	0.0189929	0.00196382	0.0140013	0.0128969	0.0112332	0.0285647	0.135272	0.00882655	0.0400335
85	0.334571	0.0209673	0.00150857	0.00158289	0.0100965	0.0250864	0.00092856	0.130249	0.0014504	0.115371	0.0341899	0.00178569	0.00102876	0.00247642	0.00628572	0.0390887	0.0518901	0.219876	0.000429946	0.00113704
86	0.0688347	0.0251929	0.0230009	0.00815459	0.0131462	0.00722609	0.0825264	0.0146086	0.133497	0.0425431	0.0088328	0.0650743	0.000948878	0.0727225	0.329408	0.042072	0.0386456	0.0216664	0.000625618	0.00127406
87	0.00807143	0.00196918	0.0232853	0.003157	0.00402277	0.0106451	0.219698	0.00436579	0.00349037	0.00454658	0.00321001	0.612225	0.00205784	0.00696828	0.0119925	0.040736	0.0276062	0.0090389	0.000776901	0.00213739
88	0.0613708	0.00181559	0.00249413	0.002544	0.00125628	0.0161573	0.00998907	0.00211573	0.00334145	0.00221372	0.00234566	0.00206698	0.836542	0.00196472	0.00190998	0.0165556	0.00725823	0.0266346	0.000385064	0.00103934
89	0.0152384	0.0035418	0.0389226	0.00574566	0.00680617	0.0162836	0.0697	0.00760467	0.00708206	0.00880088	0.00521521	0.675081	0.00329896	0.00919797	0.0176079	0.0429433	0.0411592	0.018327	0.00134469	0.00609869
90	0.0435454	0.00753857	0.00417137	0.00775977	0.0885764	0.00305746	0.00760569	0.26254	0.00869243	0.190407	0.065302	0.00211241	0.00071035	0.00476907	0.00439313	0.00942869	0.0177717	0.244804	0.00565109	0.0211637
91	0.284803	0.00255635	0.00287611	0.0026103	0.00228893	0.590276	0.00368082	0.00602703	0.0054112	0.00596579	0.00468841	0.00299183	0.00823987	0.00349292	0.00288477	0.0373913	0.0124291	0.00780755	0.00167063	0.0119085
92	0.0521871	0.000224728	0.00678776	0.00126705	0.000314725	0.900416	0.00333826	0.000537807	0.00188048	0.000552556	0.00100833	0.0035806	0.000355301	0.000451771	0.000901854	0.0235009	0.000943397	0.000733013	9.87558e-05	0.000920066
93	0.0736918	0.00425745	0.00334556	0.00215135	0.0180368	0.00313505	0.00370559	0.170625	0.00399809	0.072133	0.0140804	0.00218466	0.00125022	0.00245098	0.00191818	0.0128474	0.0720301	0.530489	0.000714279	0.00695463
94	0.010632	0.000564966	0.000846681	0.00181625	0.0280462	0.00174729	0.000644598	0.149215	0.00180883	0.579844	0.0763671	0.00117742	0.000814024	0.00447501	0.00142523	0.00374493	0.0188536	0.111471	0.0026668	0.00383941
95	0.0141824	0.00199404	0.0010132	0.00109376	0.0118151	0.000935733	0.00130528	0.370867	0.0022819	0.208111	0.0610125	0.000539724	0.000991	0.000777543	0.00088176	0.00282691	0.00648138	0.310302	0.000563618	0.00202404
96	0.0124835	0.00119967	0.000989598	0.000867098	0.00921342	0.000785142	0.000916852	0.407248	0.00148762	0.155081	0.0394779	0.000608468	0.00080219	0.000649059	0.000683971	0.00219938	0.00624627	0.357946	0.000266398	0.000848441
97	0.0557342	0.000329076	0.00697841	0.00131677	0.000499731	0.883609	0.00448645	0.000687156	0.00237657	0.000664562	0.00154443	0.0036642	0.000362066	0.000600181	0.00121276	0.0325996	0.00119717	0.00103498	0.000136526	0.000966402
98	0.0234525	0.00350019	0.00238291	0.00653896	0.0288023	0.00454982	0.0031603	0.15029	0.00613023	0.496889	0.0843577	0.00504712	0.00181972	0.00984309	0.00606122	0.00850623	0.0246828	0.12352	0.00290653	0.00755999
99	0.0386356	0.000190918	0.00882782	0.0013848	0.000245489	0.916619	0.00243006	0.000616401	0.00161119	0.00053058	0.000644128	0.00469129	0.000311203	0.000407205	0.00118799	0.0194255	0.000782185	0.000656903	0.000107487	0.000693893
100	0.0479476	0.725215	0.0072578	0.00908309	0.00801952	0.00993857	0.00740939	0.0285999	0.00914773	0.0171261	0.0135753	0.010106	0.00565201	0.0109302	0.00869286	0.0288053	0.0219691	0.0242136	0.00181343	0.00449755
101	0.0349925	0.00161557	0.0850646	0.564018	0.00333759	0.0227797	0.00585488	0.0118999	0.0245185	0.00621124	0.0147047	0.0125852	0.00288988	0.111529	0.0254898	0.0187718	0.0220195	0.0284449	0.00116625	0.00210719
102	0.0954734	0.00172403	0.00225259	0.0300491	0.00243877	0.0400708	0.0518671	0.00442254	0.0727178	0.0055897	0.052663	0.138108	0.0143241	0.00582505	0.0276476	0.118982	0.238107	0.0948881	0.000959316	0.00188998
103	0.0647164	0.00454993	0.011864	0.0151358	0.0405533	0.00752606	0.00556739	0.0688318	0.00748279	0.358285	0.0877756	0.0981561	0.00471749	0.0226301	0.00813664	0.0876527	0.028304	0.0692568	0.00181784	0.00704022
104	0.0677497	0.00256425	0.00403725	0.0430628	0.00445821	0.00433807	0.0210323	0.0062306	0.00470542	0.0472112	0.00402898	0.0426631	0.0202343	0.520871	0.0307413	0.0289789	0.0816373	0.0421836	0.00102728	0.0222446
105	0.233424	0.00446877	0.0779008	0.0614637	0.0424919	0.0124058	0.00708162	0.0452789	0.00798656	0.0528747	0.172272	0.0128523	0.00538888	0.0100725	0.0102754	0.153696	0.0645167	0.0171108	0.00272196	0.00571728
106	0.017631	0.00559531	0.00390279	0.00745489	0.093298	0.00190273	0.00495302	0.303208	0.00901826	0.172266	0.0710405	0.00169242	0.000525946	0.00417801	0.00484482	0.00379655	0.0108483	0.252798	0.00794702	0.0230982
107	0.159364	0.000604808	0.122701	0.440119	0.00392454	0.0244421	0.00112165	0.00526396	0.0195499	0.00161881	0.00455297	0.0175788	0.0043349	0.0594096	0.0316762	0.0373529	0.041953	0.0234988	0.000229692	0.000702424
108	0.31591	0.00120734	0.0825661	0.172207	0.00273851	0.0162185	0.0219528	0.00373057	0.0467605	0.0139	0.0239324	0.0044533	0.00221998	0.0590666	0.0591861	0.0872579	0.0494196	0.0352506	0.000590718	0.00143171
109	0.412954	0.0324068	0.00148629	0.00168545	0.00854287	0.0665167	0.00129428	0.0952628	0.0018199	0.102074	0.0210375	0.00298927	0.000924612	0.00553558	0.00337992	0.0457782	0.0332604	0.159193	0.00166309	0.00219526
110	0.0327685	0.0107824	0.00319429	0.0116806	0.0556499	0.00306642	0.0044005	0.224506	0.0185651	0.237241	0.0820115	0.00407953	0.000588724	0.00904048	0.00954705	0.0113833	0.0403866	0.227514	0.00274585	0.0108485
111	0.0250637	0.000678793	0.0224254	0.151286	0.00103141	0.00142109	0.0232556	0.0124416	0.249977	0.00215334	0.00145907	0.0221829	0.00841152	0.0814696	0.249016	0.00831691	0.0848529	0.053458	0.000352083	0.000747844
112	0.047245	0.00489139	0.0184987	0.0472708	0.00675302	0.0167038	0.0282836	0.0103669	0.116399	0.0198952	0.011537	0.0235463	0.0100171	0.0380012	0.519424	0.0198385	0.0271523	0.0185464	0.00163625	0.0139932
113	0.00575598	0.0012664	0.00180939	0.391325	0.00209409	0.00262441	0.00171027	0.0144584	0.0241423	0.00390061	0.00258468	0.00256354	0.00130722	0.179815	0.0128225	0.0796128	0.108183	0.162008	0.000659723	0.00135672
114	0.0626656	0.0013696	0.0993177	0.136626	0.00284038	0.00637891	0.0158818	0.016258	0.0112903	0.00509468	0.00300979	0.0100661	0.310601	0.0369752	0.033348	0.107443	0.129817	0.00795793	0.000620988	0.00243797
115	0.0853244	0.143092	0.00260777	0.00388779	0.0033758	0.032599	0.0036349	0.0811228	0.00383253	0.143471	0.0362162	0.0043121	0.00265011	0.0640471	0.0180706	0.0253371	0.0259781	0.317314	0.000869546	0.00225741
116	0.093145	0.00104405	0.104486	0.0820066	0.00333748	0.0228683	0.0143436	0.00842872	0.0363031	0.0101578	0.00407027	0.0272071	0.298763	0.0430424	0.0412917	0.121144	0.0727763	0.0111511	0.00162244	0.00281102
117	0.228982	0.0232973	0.0014481	0.00135374	0.0127509	0.0152668	0.00135441	0.163564	0.00100435	0.17711	0.0386523	0.00113186	0.000581249	0.0018478	0.00360483	0.0276623	0.0470646	0.252391	0.000159705	0.000772766
118	0.178478	0.00115403	0.0058234	0.0039156	0.00524604	0.0576603	0.00472939	0.00343125	0.0162513	0.0033595	0.00242997	0.025831	0.00151948	0.0108696	0.01635	0.632682	0.0138748	0.0056901	0.000701637	0.0100024
119	0.0853103	0.00030012	0.160677	0.254392	0.00157271	0.0245129	0.0274187	0.00421581	0.120916	0.00901132	0.00165664	0.0530544	0.000296108	0.100937	0.121548	0.0131463	0.00980381	0.00916889	0.000151361	0.0019115
120	0.0139294	0.000998419	0.00083686	0.000919432	0.028241	0.000974095	0.00125095	0.227617	0.00182162	0.504742	0.043946	0.000719792	0.00130024	0.00486043	0.00135388	0.0037021	0.00596989	0.14618	0.00400649	0.00663028
121	0.0232391	0.0712662	0.0023071	0.00336836	0.00364008	0.00294969	0.00253804	0.167901	0.0918801	0.0192052	0.0262496	0.0460934	0.00180179	0.00431173	0.045057	0.0484872	0.130959	0.305523	0.000923179	0.0022994
122	0.01399	0.00173696	0.000876392	0.000811915	0.00959594	0.000866143	0.00111322	0.374204	0.00199003	0.218931	0.0615648	0.000478554	0.00105001	0.000588098	0.000749642	0.00264578	0.00557763	0.301233	0.000447224	0.00154909
123	0.0385893	0.000197827	0.00846176	0.00137007	0.000238841	0.917789	0.00248803	0.000492106	0.0015242	0.000467792	0.000630712	0.00450618	0.000210373	0.000375009	0.00112235	0.0194983	0.000727026	0.000646305	7.85721e-05	0.000586204
124	0.0132996	0.00275681	0.00234141	0.00959379	0.0246689	0.0140978	0.00208167	0.0426705	0.00367527	0.496634	0.138802	0.00440147	0.00188275	0.00503241	0.00469067	0.0131125	0.0939241	0.123838	0.000682601	0.00181459
125	0.07537	0.00111881	0.13538	0.252749	0.00293449	0.021744	0.0256245	0.00626029	0.128215	0.0104429	0.00325284	0.0618374	0.0014013	0.11511	0.113851	0.0143833	0.0149066	0.012482	0.000397565	0.00253852
126	0.0533796	0.698781	0.00763398	0.0104612	0.00877662	0.0147403	0.00855881	0.0279659	0.00976585	0.0180044	0.0134708	0.0110339	0.00832324	0.0136787	0.00996399	0.0325832	0.02169	0.0237373	0.00217997	0.00527132
127	0.0415987	0.000262987	0.00848113	0.00136912	0.000358831	0.911842	0.00253963	0.00101981	0.00159435	0.000881847	0.000845334	0.00451005	0.000240137	0.000395101	0.00112952	0.0200691	0.000863027	0.00129067	7.66941e-05	0.000631987
128	0.0570375	0.00059634	0.00758185	0.00139648	0.000405623	0.891477	0.0028329	0.00117359	0.00187542	0.00116603	0.00099455	0.00412417	0.000551022	0.000796423	0.00128904	0.0222627	0.00145315	0.0016765	0.000302313	0.00100757
129	0.0912438	0.00907019	0.00954108	0.00576397	0.00452419	0.0335304	0.00609174	0.00842451	0.0129849	0.0106424	0.00648855	0.0319318	0.00353352	0.0103107	0.0142143	0.647163	0.0744977	0.0127145	0.000854465	0.00647433
130	0.024369	0.00671607	0.588641	0.0283303	0.00385817	0.0238952	0.00971525	0.00387352	0.019626	0.0112022	0.00398012	0.164344	0.0111409	0.0111062	0.01012	0.0516964	0.0160191	0.00799687	0.000960905	0.00240863
131	0.581744	0.0130863	0.00158682	0.00303468	0.00484345	0.236685	0.00420042	0.00531863	0.00766751	0.00698853	0.00448714	0.0043275	0.00602463	0.00894566	0.00644521	0.0550837	0.0198825	0.0226451	0.00107609	0.00592688
132	0.0187853	0.00241631	0.00216511	0.00298194	0.5307	0.00268406	0.00259347	0.017017	0.00277514	0.154063	0.0374182	0.0234214	0.00230224	0.00373556	0.00371409	0.00855768	0.00963578	0.0173427	0.0587606	0.0989308
133	0.0892772	0.00934314	0.00780994	0.00412409	0.00396046	0.0317094	0.0060814	0.0083296	0.0104658	0.00808022	0.00523956	0.0286244	0.00384425	0.00876963	0.0107041	0.656653	0.0875396	0.0125401	0.00166414	0.00523974
134	0.0455824	0.000204065	0.0082813	0.00135565	0.000295732	0.905815	0.00286962	0.00060293	0.00175986	0.000700188	0.000861725	0.0051423	0.000305912	0.00052961	0.00106197	0.0221246	0.000865886	0.000756425	8.88863e-05	0.000795411
135	0.0139585	0.00173386	0.000881122	0.000792534	0.0093961	0.000890945	0.00110499	0.375125	0.00198569	0.218805	0.0611622	0.000504653	0.00103849	0.000590487	0.000745752	0.0026087	0.00556322	0.301136	0.000441095	0.00153565
136	0.00383419	0.00190249	0.000925632	0.00149494	0.00120966	0.00252242	0.00928828	0.00229971	0.00450531	0.00517212	0.0143988	0.0276523	0.0102519	0.00475948	0.00191347	0.359501	0.543294	0.00383714	0.000370389	0.000867075
137	0.539188	0.0700121	0.00086853	0.00180173	0.00306147	0.0595976	0.00128436	0.00942118	0.00157574	0.0107366	0.00630969	0.00271418	0.000824567	0.00798632	0.00162135	0.210684	0.0469099	0.0242818	0.000371169	0.000749206
138	0.0180524	0.00373466	0.0457641	0.0066674	0.0069422	0.0236268	0.0657933	0.00805198	0.00893495	0.00943248	0.00565162	0.657063	0.00440739	0.00870202	0.019068	0.047041	0.0378256	0.016618	0.00127184	0.00535115
139	0.0857301	0.00290959	0.010158	0.013566	0.00184777	0.0174096	0.0102928	0.00420248	0.0114985	0.00390106	0.00322569	0.00534217	0.74765	0.00701582	0.00606978	0.0285027	0.0136818	0.0252155	0.000380797	0.00139934
140	0.252008	0.0214293	0.00207928	0.00231748	0.0106027	0.0209228	0.000898112	0.136697	0.00177016	0.163348	0.0397783	0.00231545	0.000781996	0.00184654	0.00470874	0.0342196	0.0677488	0.23556	0.000209178	0.000757991
141	0.0234759	0.00145349	0.000842412	0.00109532	0.0274117	0.00100706	0.000667822	0.175926	0.00142728	0.576808	0.0343994	0.000952017	0.00152765	0.0062267	0.00105963	0.00533774	0.00741298	0.12049	0.00515703	0.00732128
142	0.0392477	0.00036506	0.00879869	0.00151519	0.000266828	0.912222	0.00256909	0.000650475	0.00189201	0.00103819	0.000919203	0.00509692	0.000502742	0.000514665	0.00129632	0.0201616	0.00122333	0.000909858	0.000159243	0.00065069
143	0.0875919	0.00150292	0.00162927	0.0409757	0.0653806	0.00186751	0.0713553	0.0678495	0.0378638	0.0577822	0.0119169	0.0275362	0.00125625	0.0294159	0.0877483	0.0309332	0.0451226	0.141436	0.00905539	0.18178
144	0.257813	0.0223154	0.00138364	0.00103705	0.0133012	0.01805	0.00118602	0.151658	0.000952848	0.163611	0.0381986	0.00103122	0.000538365	0.00119538	0.00383874	0.0294078	0.0500535	0.243518	0.000163829	0.000746661
145	0.409593	0.0532312	0.000655664	0.00091784	0.000661896	0.0543792	0.000590583	0.00209182	0.00107465	0.00167843	0.0082796	0.000918975	0.000467259	0.00798101	0.000871851	0.393146	0.0519156	0.0109043	0.000213293	0.000427884
146	0.0711669	0.00233716	0.269087	0.209662	0.0029858	0.0235397	0.0216625	0.00679779	0.0805066	0.00945364	0.0039611	0.0795847	0.00533981	0.0719704	0.0848061	0.0237497	0.0161175	0.0133777	0.00124723	0.00264618
147	0.0379753	0.00206391	0.00304731	0.0437349	0.0238519	0.0028789	0.00506323	0.128798	0.0529568	0.291309	0.116733	0.00556697	0.00197974	0.0307116	0.102545	0.00631011	0.0408535	0.0189669	0.0134405	0.0712135
148	0.00941989	0.000379044	0.000669196	0.000634207	0.0299614	0.00111394	0.00067161	0.158897	0.00133995	0.587696	0.0707711	0.000693449	0.000766474	0.00437506	0.000693071	0.00286604	0.00769638	0.114296	0.00293489	0.00412508
149	0.14973	0.0141626	0.00747242	0.00248393	0.00828232	0.0161054	0.00164986	0.138801	0.00350176	0.0918864	0.0224901	0.00373879	0.00775613	0.00233083	0.00406469	0.0471715	0.106968	0.369624	0.000363611	0.00141655
150	0.538303	0.00166671	0.00230973	0.0141638	0.0259606	0.128934	0.0223815	0.00417205	0.0387141	0.00410665	0.00350238	0.016836	0.00213572	0.0604348	0.0487936	0.059063	0.0175156	0.00695726	0.000706741	0.00334268
151	0.132275	0.0537976	0.00544489	0.0400997	0.0876917	0.0189197	0.0993823	0.00349195	0.0240219	0.0458352	0.0237682	0.0633628	0.00152726	0.149372	0.019607	0.0894286	0.015007	0.0554699	0.0198031	0.0516947
152	0.0386624	0.000205898	0.00928302	0.0020597	0.000280501	0.914042	0.00251359	0.000529522	0.00179851	0.000508104	0.000702087	0.00513909	0.000233846	0.000690098	0.0013226	0.0196806	0.000726165	0.000804238	0.000143212	0.000675275
153	0.105114	0.000481172	0.00605884	0.00148057	0.00065817	0.833667	0.0033456	0.0014637	0.00258388	0.00113743	0.00167085	0.00350052	0.00167211	0.000799708	0.00113328	0.0278234	0.00280389	0.00182183	0.000268465	0.002516
154	0.0332799	0.000968653	0.0011901	0.00167914	0.00807659	0.00888368	0.0188372	0.0239116	0.0672314	0.00901494	0.00176482	0.0381351	0.00111243	0.0597302	0.0560751	0.28503	0.380087	0.00359475	0.000401734	0.000995574
155	0.127848	0.00812182	0.00261792	0.00280415	0.0170504	0.0344142	0.00181681	0.0524028	0.00256137	0.0391381	0.00246756	0.00331451	0.0430217	0.00353832	0.00801532	0.169884	0.163542	0.315565	0.000519442	0.00135642
156	0.0161217	0.00196825	0.000864121	0.000784006	0.00921451	0.000904446	0.00111068	0.370603	0.00194726	0.220504	0.0619088	0.000502118	0.00101074	0.000608442	0.000761782	0.00301525	0.00603714	0.300256	0.000405107	0.00147325
157	0.0661145	0.0148817	0.00528649	0.0362299	0.117223	0.00463295	0.0344189	0.0466203	0.0430822	0.253814	0.0794218	0.0115657	0.00320718	0.0539118	0.0312266	0.0208664	0.0359436	0.0365462	0.00837498	0.0966318
158	0.425195	0.0543147	0.000663545	0.000976468	0.000805259	0.0563368	0.000657645	0.0033176	0.00116841	0.00332564	0.00776598	0.00123761	0.000483589	0.00827617	0.000904374	0.367699	0.0520168	0.0140327	0.00031076	0.000511996
159	0.037594	0.00447054	0.0795714	0.601849	0.00439219	0.021425	0.0079382	0.0198022	0.016304	0.00641788	0.0218825	0.00983326	0.00557706	0.0844459	0.0181902	0.0165927	0.0160772	0.0240544	0.00112479	0.00245812
160	0.0345797	0.00916186	0.0058843	0.006529	0.0325199	0.00603376	0.00781815	0.156545	0.0127661	0.0464761	0.0140938	0.0396352	0.0047709	0.0106907	0.0106229	0.0347171	0.222501	0.337731	0.00156017	0.00536415
161	0.0133187	0.00516008	0.00304505	0.00515251	0.00248505	0.00502146	0.00896476	0.00591957	0.0070524	0.0109409	0.018438	0.028934	0.0347968	0.00725468	0.00466292	0.285042	0.533873	0.0170968	0.000940333	0.00190085
162	0.040363	0.00267236	0.0821351	0.586379	0.00493104	0.0232458	0.0064388	0.0159256	0.0248381	0.00870713	0.0205555	0.0131307	0.00602402	0.0820637	0.0238157	0.0166483	0.0166014	0.0216999	0.000763777	0.00306118
163	0.0501057	0.00705131	0.00245206	0.00549795	0.0208852	0.00399263	0.00353954	0.267364	0.00568287	0.201282	0.0592175	0.00307442	0.00114896	0.00364338	0.00389888	0.013962	0.0437466	0.29816	0.00103343	0.00426144
164	0.0249261	0.0484314	0.0055955	0.00927375	0.398792	0.0130912	0.0544598	0.0516773	0.00911628	0.0199992	0.0122665	0.104693	0.00717791	0.0163843	0.0642886	0.0359182	0.0196286	0.017729	0.00563675	0.0809151
165	0.0409118	0.000463915	0.0581896	0.00768176	0.000686155	0.839098	0.00313376	0.00138906	0.00296161	0.00140689	0.00124596	0.0107392	0.000639762	0.00149723	0.00241392	0.0231016	0.00196976	0.00129711	0.000264785	0.000907858
166	0.666066	0.0204189	0.00144537	0.00263185	0.00515596	0.121127	0.00271691	0.0127637	0.0048287	0.015634	0.00557687	0.00357435	0.00298124	0.00661612	0.00456171	0.0461321	0.0243303	0.0490584	0.00130044	0.00308055
167	0.0883741	0.00638206	0.00992942	0.119688	0.0152324	0.00662228	0.0103236	0.193251	0.0157536	0.0500638	0.0214464	0.0146909	0.0113092	0.0260151	0.0231897	0.0256901	0.0355996	0.317583	0.00157701	0.00727892
168	0.0844019	0.00313096	0.0803687	0.0303668	0.0222521	0.0506828	0.0915861	0.00883258	0.0718181	0.0185114	0.0064712	0.0507718	0.0278818	0.158874	0.106042	0.0635728	0.0513082	0.0135879	0.00482016	0.0547187
169	0.0478853	0.00287035	0.0188199	0.0283909	0.0332127	0.00554275	0.00505356	0.100395	0.00813938	0.382403	0.0962127	0.0449397	0.00247211	0.0461459	0.00950159	0.0238479	0.0375691	0.0934765	0.00245527	0.0106665
170	0.0156941	0.00163233	0.0012124	0.00318002	0.0269271	0.00151954	0.00123224	0.208003	0.00294769	0.480717	0.0687788	0.00195867	0.00112104	0.00507576	0.00256507	0.00466139	0.0140541	0.150338	0.00290006	0.00548225
171	0.140499	0.0152493	0.00225021	0.00716063	0.0203369	0.00924067	0.00193862	0.163324	0.00613016	0.227893	0.0557911	0.00394801	0.000565157	0.0032316	0.00993962	0.0305704	0.0908073	0.209126	0.000414023	0.00158403
172	0.098865	0.000877166	0.105503	0.0559348	0.00371702	0.0694871	0.0319748	0.00814623	0.0781926	0.0307296	0.0055713	0.0698014	0.0244134	0.0927423	0.118554	0.12617	0.0514591	0.0116571	0.00805584	0.00814841
173	0.0479482	0.00863158	0.0128077	0.0196733	0.00902332	0.0165691	0.0615952	0.0115163	0.0874744	0.0226189	0.0109558	0.0304152	0.0042002	0.0371871	0.544472	0.0257219	0.0212322	0.0164231	0.00158919	0.00994486
174	0.510476	0.0853129	0.0013645	0.00175033	0.00228503	0.0451914	0.00129536	0.0271025	0.00176712	0.0164794	0.00560644	0.00700892	0.00125443	0.0107617	0.00213377	0.181417	0.0465142	0.0506169	0.000527409	0.00113433
175	0.165777	0.0011655	0.01297	0.158644	0.00217505	0.00247712	0.0126411	0.130804	0.0306481	0.00417978	0.00307541	0.0246986	0.00192763	0.0344105	0.0584836	0.0208815	0.0167833	0.315654	0.000791345	0.00181304
176	0.159364	0.000604808	0.122701	0.440119	0.00392454	0.0244421	0.00112165	0.00526396	0.0195499	0.00161881	0.00455297	0.0175788	0.0043349	0.0594096	0.0316762	0.0373529	0.041953	0.0234988	0.000229692	0.000702424
177	0.053422	0.0026719	0.00867765	0.00150938	0.00589302	0.00384245	0.0034172	0.154207	0.0118437	0.0589039	0.00947106	0.00514255	0.000966389	0.00334112	0.00226868	0.0202345	0.141277	0.509895	0.000292642	0.00272241
178	0.538087	0.00171783	0.00213292	0.0121959	0.0253775	0.153425	0.0222711	0.00433237	0.0362391	0.00407974	0.00365631	0.0148327	0.00248638	0.051173	0.0431076	0.0569199	0.0159591	0.00749255	0.000724134	0.00379
179	0.0849839	0.000299854	0.159831	0.254439	0.00158233	0.0245421	0.0274085	0.00424052	0.120885	0.00900621	0.00165877	0.0533848	0.000296085	0.101523	0.121686	0.013121	0.00985706	0.00920674	0.000151019	0.00189674
180	0.0871994	0.00047058	0.154099	0.243815	0.00168102	0.0242426	0.0254696	0.00418796	0.129451	0.00898967	0.00174989	0.0520455	0.000473565	0.102762	0.126064	0.0144655	0.0111158	0.00955744	0.000211777	0.00194942
181	0.0909765	0.0156	0.00266258	0.00728704	0.0401742	0.00531621	0.00315758	0.199774	0.00865205	0.246196	0.0636132	0.00489356	0.000579876	0.00506064	0.0077573	0.0253222	0.0599898	0.205861	0.00123447	0.00589175
182	0.0848022	0.00352771	0.0158761	0.0463665	0.0124425	0.0135577	0.00280914	0.160824	0.00666948	0.262801	0.0470401	0.0291627	0.00295809	0.00989243	0.00667625	0.0232516	0.0605991	0.205258	0.00144125	0.00404357
183	0.0301417	0.00247793	0.00315833	0.0443449	0.020807	0.00279912	0.00802594	0.106126	0.0561696	0.306677	0.156595	0.0056706	0.00194696	0.040795	0.0770255	0.00688016	0.0385721	0.0273321	0.00915917	0.0552968
184	0.012812	0.00329055	0.00119139	0.00135004	0.0142061	0.00165383	0.00142315	0.37588	0.00286638	0.212263	0.0828612	0.000821708	0.00113834	0.00126633	0.00127381	0.003306	0.00624322	0.272651	0.000634906	0.00286687
185	0.0865028	0.000386685	0.159692	0.248573	0.0016326	0.0247936	0.0269611	0.00414311	0.124587	0.00891097	0.00167883	0.0532328	0.00043401	0.101727	0.121937	0.0133486	0.0100881	0.00932156	0.000167691	0.00188261
186	0.0843235	0.00192865	0.128979	0.0578107	0.00396112	0.0731909	0.0339062	0.00797614	0.0568713	0.0239377	0.00598666	0.0711517	0.0168166	0.0753805	0.110265	0.122212	0.0485321	0.0117813	0.0581418	0.00684724
187	0.0459208	0.00191259	0.00255379	0.00350779	0.381286	0.00336116	0.00280432	0.0271689	0.00540926	0.117897	0.0346731	0.019104	0.00391393	0.00427022	0.00379948	0.0174368	0.0171229	0.030231	0.0647298	0.212896
188	0.251395	0.00333523	0.084484	0.127759	0.0352147	0.0626227	0.0134537	0.0141443	0.0386209	0.0157755	0.0487747	0.0529403	0.069701	0.0292866	0.0251297	0.0627133	0.0380534	0.0196474	0.002656	0.00429256
189	0.0410698	0.00639105	0.0255903	0.0193077	0.0127851	0.0185189	0.0445251	0.0239133	0.0170411	0.023008	0.0149028	0.502001	0.0070062	0.0182308	0.0222826	0.049252	0.060805	0.0833942	0.00219997	0.00777499
