395	20
1	0.0639112	0.00617588	0.00816306	0.0126537	0.0751047	0.0157443	0.00843677	0.190485	0.00565532	0.23031	0.099019	0.00501038	0.0149204	0.00947388	0.0139319	0.0378352	0.0441808	0.131576	0.00695114	0.0204617
2	0.0820965	0.0037476	0.00944245	0.0161123	0.084811	0.0257916	0.0106922	0.173628	0.0024355	0.159659	0.113931	0.00628304	0.0151886	0.0115903	0.0225795	0.0561785	0.0607602	0.100353	0.00795503	0.0367651
3	0.0713227	0.00119757	0.0589077	0.0791282	0.00469698	0.0201714	0.0533179	0.0265902	0.192494	0.0306261	0.0118689	0.041578	0.00829288	0.090682	0.147091	0.063204	0.0448584	0.043009	0.00358938	0.00737298
4	0.0174331	0.00228415	0.000481035	0.00441923	0.0114339	0.00117902	0.000519277	0.395613	0.00132135	0.0860055	0.0221357	0.00170417	0.00157845	0.000598238	0.000463199	0.00307423	0.00789871	0.437309	0.000990569	0.00355791
5	0.109274	0.00132913	0.0182095	0.0530074	0.00774816	0.190786	0.0104898	0.00813076	0.0999919	0.012907	0.00424015	0.0360716	0.193286	0.034953	0.0105758	0.128783	0.042303	0.025751	0.00295482	0.00920826
6	0.0631227	0.00259213	0.0149684	0.0144125	0.0684931	0.0129132	0.0134543	0.124852	0.0126457	0.355189	0.0746273	0.0106061	0.0126275	0.0172626	0.00967766	0.0326365	0.0476907	0.0915205	0.0043509	0.0163575
7	0.058167	0.000440184	0.0510288	0.080735	0.00282609	0.0184802	0.0443857	0.0346343	0.218707	0.0370408	0.0144231	0.0408056	0.00665949	0.0872474	0.132661	0.0725673	0.0504669	0.0414746	0.00301649	0.0042327
8	0.0177054	0.00437351	0.0158364	0.0528821	0.0095872	0.0153097	0.0360353	0.0132091	0.24144	0.0139562	0.00684988	0.031371	0.00551755	0.092492	0.351169	0.0325246	0.0282813	0.0215912	0.00547051	0.00439875
9	0.00930529	0.00218093	0.0160547	0.0302413	0.0137652	0.0201776	0.0461281	0.0181953	0.168075	0.0139642	0.00983515	0.0360972	0.00402207	0.0960301	0.429006	0.0328392	0.0232304	0.0185273	0.00844033	0.00388542
10	0.118373	0.0017238	0.0487001	0.0294702	0.00725348	0.0820338	0.0319627	0.0177324	0.0814244	0.0262101	0.00719268	0.0392656	0.11691	0.0465542	0.0706342	0.176266	0.0642446	0.0153147	0.0107781	0.00795616
11	0.0830096	0.00366601	0.00959792	0.0160664	0.0853825	0.0255237	0.0107183	0.174406	0.00255824	0.1577	0.112275	0.00664775	0.014877	0.0116136	0.0226984	0.0566806	0.0611565	0.100048	0.00783383	0.0375406
12	0.0428704	0.000869098	0.297082	0.163959	0.0114157	0.0700004	0.0797509	0.00382191	0.00812	0.00425292	0.00331277	0.122434	0.00410639	0.02148	0.015385	0.0448136	0.0377031	0.017494	0.000651695	0.050477
13	0.106743	0.00391529	0.0269429	0.0426866	0.0383947	0.0295622	0.00843574	0.140462	0.0176195	0.0822915	0.0455282	0.0310935	0.0516068	0.0137263	0.00938956	0.0811754	0.118192	0.124801	0.00244607	0.0249878
14	0.0163631	0.00256158	0.000633518	0.0146406	0.00871338	0.00133736	0.0015113	0.378499	0.0044846	0.0852445	0.0270191	0.00148716	0.00143184	0.00168433	0.0017056	0.00319793	0.0090734	0.436209	0.000813373	0.00338907
15	0.313017	0.00779082	0.0229114	0.0246583	0.00238641	0.0630529	0.00363447	0.0177725	0.0189052	0.0507217	0.00179129	0.00420982	0.207887	0.00486849	0.0165301	0.102306	0.0719271	0.0541478	0.000996682	0.0104841
16	0.0256844	0.00218404	0.00175029	0.00596686	0.0236477	0.00258919	0.00114364	0.340722	0.0042197	0.202687	0.0315547	0.00141905	0.00368926	0.00268745	0.00237691	0.00442265	0.00680069	0.332086	0.00199219	0.00237524
17	0.0336531	0.000720979	0.0445505	0.0550187	0.00296111	0.0185165	0.0690552	0.0156966	0.260805	0.022786	0.0115119	0.0757694	0.00717416	0.0750517	0.151679	0.0817609	0.0270322	0.0335333	0.00222366	0.0105007
18	0.02727	0.00102454	0.239345	0.058651	0.00301518	0.039897	0.0225241	0.012072	0.0577021	0.0231436	0.0084426	0.337386	0.00565695	0.0212648	0.0134874	0.0689588	0.0341412	0.0117905	0.00199827	0.0122288
19	0.00361292	0.0119013	0.00152078	0.00211912	0.274311	0.00133104	0.025152	0.0011711	0.00189906	0.00890977	0.0075893	0.0014657	0.00355285	0.00880621	0.00858486	0.0176997	0.00802844	0.00536266	0.0163131	0.590669
20	0.0107234	0.000531985	0.00729544	0.00467561	0.0653309	0.00221389	0.00676311	0.0159546	0.0130085	0.634491	0.129163	0.00625468	0.00167051	0.0240391	0.00818882	0.0200373	0.00457968	0.0247348	0.00083545	0.019508
21	0.0141981	0.00117811	0.209282	0.0176476	0.00264348	0.0113428	0.0131789	0.0164311	0.0496779	0.0373371	0.0102023	0.474389	0.00381954	0.0104687	0.00576992	0.0703065	0.035496	0.00824289	0.0014085	0.00697967
22	0.368305	0.00484317	0.00500564	0.00959915	0.0212768	0.0246247	0.00335628	0.044556	0.00815239	0.0449493	0.0186376	0.00374799	0.00750081	0.00324915	0.00656901	0.0862715	0.120685	0.209592	0.00047651	0.00860228
23	0.0192176	0.00175999	0.0371655	0.185887	0.00258687	0.0151057	0.027522	0.00451437	0.135083	0.019856	0.0142287	0.035353	0.0130298	0.363641	0.0639828	0.0217158	0.0223739	0.00831934	0.00108466	0.00757303
24	0.00723657	0.0116776	0.00221482	0.00533215	0.260842	0.00272971	0.0239612	0.00800089	0.00339467	0.0170386	0.0114915	0.00307622	0.00425252	0.0110706	0.00926091	0.0199537	0.0112486	0.0107592	0.0155159	0.560943
25	0.00342968	0.0104222	0.00141433	0.00196009	0.274947	0.00125082	0.0245112	0.0010793	0.00177219	0.00895439	0.00758227	0.00140584	0.00315013	0.00886121	0.00853708	0.0174283	0.00754299	0.0052974	0.0164591	0.593994
26	0.131618	0.005397	0.0187288	0.0199886	0.00877187	0.566127	0.0025262	0.0144475	0.0132635	0.016769	0.00653627	0.00776469	0.0161017	0.0105763	0.0225352	0.0483955	0.0260437	0.0576106	0.00214553	0.00465257
27	0.0483771	0.0020677	0.128295	0.320058	0.0250055	0.0166323	0.00797171	0.0231023	0.0680007	0.0150945	0.00558735	0.0395725	0.0437977	0.069895	0.00824042	0.0278892	0.0395992	0.0986249	0.00174207	0.0104475
28	0.0129941	0.00236553	0.000461822	0.00440651	0.00944978	0.00130757	0.000509666	0.401784	0.00126414	0.0818012	0.0221667	0.00140197	0.0014447	0.000407541	0.00041772	0.0029615	0.00827707	0.442016	0.000937718	0.00362463
29	0.156494	0.00184182	0.0351807	0.0860474	0.00500662	0.0686151	0.00617073	0.00767085	0.0293425	0.0131318	0.00229021	0.00783609	0.0213012	0.0113873	0.0045224	0.344121	0.164018	0.0251059	0.000851976	0.00906441
30	0.0112943	0.00223297	0.000816245	0.00427897	0.00783812	0.00419975	0.000660185	0.454375	0.0016918	0.100752	0.0197436	0.00143036	0.00165264	0.000882562	0.000670349	0.00308904	0.00766305	0.372656	0.000872025	0.00320072
31	0.0669583	0.0046095	0.0249374	0.0280771	0.0168957	0.479493	0.00746634	0.0259893	0.0239527	0.0571206	0.015073	0.0239924	0.021014	0.0217061	0.027918	0.0722076	0.0266802	0.0344782	0.00651568	0.0149149
32	0.0109714	0.0174346	0.0259322	0.00821731	0.0032433	0.00466129	0.00911022	0.0205079	0.0148507	0.0104107	0.00763941	0.0582045	0.00504741	0.00929842	0.00912724	0.400718	0.350906	0.0132628	0.0168854	0.0035709
33	0.0825469	0.00173629	0.00491055	0.0230278	0.0153175	0.0168825	0.0125729	0.010174	0.0247647	0.0279022	0.00273583	0.00735013	0.589213	0.0174478	0.0396847	0.0826568	0.023878	0.0104228	0.0015842	0.00519107
34	0.0667716	0.000688049	0.00240176	0.021476	0.0125213	0.0141591	0.0108051	0.00660803	0.0200554	0.0204959	0.00163574	0.00391619	0.669579	0.0176876	0.0341972	0.0682076	0.0192001	0.00573763	0.000706057	0.00315095
35	0.0243141	0.00122832	0.0393951	0.162688	0.0043385	0.0163029	0.0576578	0.0076002	0.124381	0.0189786	0.011086	0.0438257	0.0115707	0.320783	0.0801428	0.0267078	0.0251588	0.0134087	0.00110985	0.00932196
36	0.0121781	0.0219724	0.00755252	0.0377368	0.00443515	0.00810237	0.0270025	0.0278034	0.2323	0.00761584	0.0257055	0.212294	0.0634795	0.027704	0.00840272	0.0592776	0.156817	0.0283129	0.00154299	0.0297651
37	0.0501628	0.0022251	0.00504686	0.00859843	0.425648	0.010302	0.00638776	0.0844664	0.00765804	0.16915	0.0303368	0.00544455	0.00796339	0.00873082	0.00771774	0.0247295	0.0312845	0.0831128	0.00282826	0.0282067
38	0.113387	0.00282544	0.0375263	0.0451491	0.0149152	0.0170969	0.0175689	0.0240477	0.0660263	0.0300667	0.0134646	0.0731097	0.0171355	0.0431074	0.0317809	0.147229	0.269597	0.0309751	0.000845002	0.0041468
39	0.284535	0.00549788	0.00377521	0.00934626	0.0353991	0.0180316	0.00394088	0.0821856	0.00747984	0.0599597	0.033125	0.00301486	0.00744709	0.00282708	0.00840889	0.0733515	0.0751378	0.273798	0.000523391	0.0122156
40	0.0126433	0.00242103	0.000431353	0.00428924	0.00965072	0.00118423	0.000459182	0.394534	0.00108352	0.0825223	0.0221108	0.00135536	0.00138002	0.000386462	0.00040103	0.00296589	0.00826465	0.449214	0.000979362	0.00372285
41	0.0570192	0.00672133	0.0247516	0.0796499	0.211119	0.0265504	0.0183133	0.0329441	0.0315166	0.0498604	0.0153251	0.0255449	0.175535	0.0247076	0.0258259	0.0707174	0.0472946	0.039349	0.00495336	0.032302
42	0.0418071	0.0014032	0.280545	0.186968	0.0117596	0.0562935	0.0458974	0.0132726	0.0320385	0.0115657	0.00804609	0.095329	0.00711536	0.0397694	0.0199154	0.0432271	0.0319523	0.0206586	0.00450842	0.0479284
43	0.0902392	0.00379205	0.0415216	0.0932487	0.0121164	0.0283579	0.0170621	0.0324344	0.0621751	0.0234924	0.0153208	0.0423687	0.0229273	0.0327159	0.0288372	0.140753	0.255569	0.0434252	0.0026456	0.0109976
44	0.0631011	0.00441689	0.0274291	0.0215386	0.00276535	0.729743	0.00219549	0.00377085	0.0127047	0.0045215	0.000900742	0.0144208	0.0101714	0.0117083	0.0246987	0.0412746	0.00964044	0.0097809	0.00243378	0.00278382
45	0.129192	0.00490624	0.0169036	0.0298603	0.010198	0.0336498	0.0173136	0.0156514	0.0430892	0.0175788	0.00867422	0.0219487	0.167433	0.0239428	0.0266591	0.31796	0.0746781	0.0250081	0.00522839	0.0101246
46	0.299693	0.0170911	0.0120735	0.0118166	0.00237231	0.0106726	0.00439572	0.00582721	0.0131757	0.00539265	0.0141911	0.0194882	0.0172052	0.00521435	0.00326979	0.476097	0.0548857	0.0241927	0.000446746	0.00249937
47	0.0241911	0.00290926	0.174707	0.0431075	0.0264338	0.0190728	0.0211514	0.0148463	0.0418927	0.0355845	0.0733927	0.235305	0.01019	0.053723	0.0238562	0.0722549	0.0345279	0.0174106	0.00302435	0.0724194
48	0.0453787	0.00289756	0.013575	0.0125575	0.0993366	0.0135363	0.011349	0.150773	0.00975742	0.282988	0.0893394	0.00755821	0.00936085	0.0132138	0.012833	0.0342769	0.0428868	0.0651756	0.0559641	0.027242
49	0.0263574	0.00522857	0.0336723	0.0226651	0.0518205	0.0186506	0.0127175	0.0421441	0.0258481	0.0688484	0.0126272	0.0187772	0.0136424	0.0204719	0.0223413	0.079279	0.0309578	0.0257543	0.405563	0.0626338
50	0.0158088	0.00240293	0.000581649	0.00558334	0.00931404	0.00168411	0.000628651	0.388759	0.00216921	0.0820967	0.0260129	0.00133422	0.00152723	0.000587611	0.000659552	0.00371514	0.0104336	0.44217	0.000921106	0.00361067
51	0.118583	0.00154792	0.00799463	0.022683	0.0126121	0.0229528	0.0110185	0.00848817	0.0236231	0.024436	0.00232242	0.00685264	0.56142	0.0163852	0.0310742	0.0779313	0.0301531	0.0135036	0.00122594	0.00519204
52	0.177755	0.134424	0.0197623	0.0177095	0.00754753	0.00983231	0.00659629	0.0138829	0.0198681	0.0124453	0.0142697	0.0297881	0.014505	0.0130863	0.00885369	0.394508	0.0748904	0.0207202	0.00269092	0.00686343
53	0.328761	0.00357136	0.00594131	0.0104669	0.00278381	0.0390543	0.0117287	0.0175088	0.0333022	0.00957667	0.00530739	0.00706742	0.017314	0.0122694	0.00653389	0.346419	0.0953218	0.0436622	0.000586972	0.00282282
54	0.0258724	0.000870934	0.0348242	0.0459857	0.00303758	0.0274836	0.0700737	0.00787293	0.311885	0.0207559	0.00985825	0.0774747	0.00883258	0.0519379	0.160078	0.0954723	0.0147783	0.0169126	0.00197063	0.0140222
55	0.0216614	0.731194	0.00527897	0.00977625	0.0169766	0.00528276	0.00503012	0.0446826	0.0307626	0.0280245	0.00521957	0.00566877	0.00679594	0.00622269	0.0052557	0.0255278	0.0142114	0.0251201	0.00152627	0.0057821
56	0.007901	0.00275715	0.0134774	0.0291184	0.0142576	0.0172006	0.0393744	0.0122051	0.218396	0.0134156	0.00666498	0.0356154	0.00414767	0.0823541	0.413593	0.034882	0.0251375	0.0160262	0.00929323	0.00418244
57	0.00342968	0.0104222	0.00141433	0.00196009	0.274947	0.00125082	0.0245112	0.0010793	0.00177219	0.00895439	0.00758227	0.00140584	0.00315013	0.00886121	0.00853708	0.0174283	0.00754299	0.0052974	0.0164591	0.593994
58	0.0242526	0.00171639	0.163861	0.0417735	0.00382281	0.00993938	0.0162309	0.02497	0.176578	0.00766472	0.00802397	0.19196	0.00668332	0.017721	0.116721	0.0565782	0.0566732	0.031853	0.0205413	0.0224351
59	0.309869	0.022423	0.0127017	0.00882313	0.00126578	0.003841	0.00210016	0.00266452	0.0100765	0.00281467	0.0176471	0.0240977	0.0155206	0.00333999	0.0019942	0.507699	0.0347378	0.0165017	0.000478599	0.00140429
60	0.0870827	0.00131887	0.0188756	0.0199772	0.00255174	0.153596	0.00394306	0.0038163	0.092937	0.0114816	0.0219817	0.0186056	0.00453723	0.0123727	0.214266	0.243714	0.0540152	0.0308385	0.00134411	0.0027446
61	0.063556	0.00047267	0.0504415	0.0707358	0.00354725	0.0174543	0.0486602	0.0395606	0.220037	0.0487791	0.0100116	0.0331664	0.00489187	0.10557	0.134878	0.0615866	0.0421354	0.0362195	0.00450971	0.00378654
62	0.0832639	0.00427173	0.0193092	0.0406292	0.00974736	0.030922	0.0169198	0.0185725	0.0901329	0.0181462	0.0132703	0.032104	0.147695	0.0365728	0.0345428	0.288785	0.0719477	0.0229476	0.00724489	0.0129748
63	0.0273922	0.00113701	0.00447588	0.0520398	0.00848544	0.028905	0.0200403	0.0103671	0.0776521	0.00878276	0.00839489	0.106195	0.0249975	0.0103044	0.0487378	0.368955	0.158978	0.00940211	0.000895276	0.0238624
64	0.0127017	0.00429966	0.00768326	0.00901452	0.00182892	0.00275683	0.0192046	0.00526567	0.0312188	0.00467571	0.0140448	0.0188468	0.00469834	0.0211196	0.02243	0.44843	0.35991	0.00591798	0.00354207	0.00241017
65	0.0156899	0.105385	0.00942382	0.0132538	0.204057	0.00714244	0.0433508	0.00769974	0.0188002	0.0148222	0.00907302	0.00946629	0.0323329	0.0131474	0.0128985	0.0252113	0.0395736	0.0113899	0.0106637	0.396619
66	0.0455059	0.000904296	0.0383766	0.0764477	0.00241319	0.016275	0.0292174	0.0406118	0.213244	0.0259061	0.0240181	0.0417728	0.00677698	0.0866595	0.124089	0.0714162	0.0902053	0.0541423	0.00218363	0.00983349
67	0.106251	0.00214585	0.0311063	0.235688	0.00285928	0.00626249	0.00596014	0.00739044	0.31097	0.0108898	0.0183335	0.0152258	0.0440547	0.0602475	0.0795499	0.0131351	0.0248797	0.00754603	0.00126652	0.0162388
68	0.01178	0.00109693	0.179953	0.0107384	0.00318632	0.00899239	0.0122706	0.0277217	0.0120118	0.0605704	0.0103097	0.463852	0.00453922	0.00748872	0.00544735	0.112291	0.0461714	0.012248	0.00113211	0.00819832
69	0.0541073	0.00334295	0.0576152	0.0396428	0.00385146	0.57539	0.00761166	0.00623842	0.0271997	0.00798857	0.00675178	0.0250304	0.00872945	0.0558786	0.0279788	0.043787	0.0276427	0.0119205	0.00277509	0.0065172
70	0.114457	0.00111643	0.0380523	0.0535557	0.00805728	0.0116014	0.0158898	0.0388977	0.0856494	0.0103264	0.00495389	0.0520739	0.0120913	0.0210825	0.0343988	0.0787444	0.381597	0.034317	0.000545728	0.00259141
71	0.0544447	0.00120988	0.00518252	0.0365454	0.0220168	0.0100439	0.0354197	0.0344908	0.0281628	0.01192	0.00392525	0.0071494	0.375403	0.00993376	0.0567697	0.217663	0.0635114	0.0205079	0.00165779	0.00404182
72	0.254124	0.0155445	0.005172	0.011303	0.0584889	0.0253318	0.00520259	0.0872417	0.00536992	0.0839379	0.0400355	0.00393637	0.00815321	0.00482965	0.0111525	0.070171	0.0668767	0.225342	0.00164201	0.0161449
73	0.115947	0.00128688	0.0869917	0.168768	0.00227066	0.0302178	0.00502667	0.00466758	0.15893	0.00590027	0.00299404	0.0197917	0.00736522	0.0314806	0.00806543	0.23923	0.0847571	0.0233981	0.000807919	0.00210317
74	0.0249868	0.00196901	0.00189663	0.00617037	0.0243407	0.00416779	0.00218106	0.368855	0.00493628	0.226437	0.03157	0.00189772	0.00411066	0.00314294	0.00298575	0.00476933	0.00645295	0.275194	0.00159116	0.00234427
75	0.00915138	0.00165581	0.00966682	0.0352335	0.00940536	0.0413488	0.227712	0.00430684	0.0201928	0.00904392	0.00361522	0.0603052	0.0268686	0.255523	0.169985	0.0547485	0.0463001	0.00658616	0.00124823	0.00710368
76	0.0049811	0.0105157	0.00216691	0.00230721	0.271817	0.0021646	0.0242653	0.00295711	0.00222958	0.0128073	0.0087405	0.0019951	0.00342603	0.00978092	0.00883955	0.0181793	0.00809467	0.00644196	0.0160307	0.58226
77	0.0514448	0.00405622	0.02791	0.0221868	0.00426968	0.716602	0.00272063	0.00349571	0.0142167	0.00630811	0.00221405	0.0177114	0.00810047	0.0123601	0.0281445	0.0512918	0.00982335	0.00952128	0.00219507	0.00542676
78	0.0114145	0.00369457	0.00722634	0.00914468	0.00174828	0.00244754	0.0200775	0.00478066	0.0314953	0.00454162	0.0146849	0.0169111	0.00458049	0.0225119	0.023742	0.444694	0.365304	0.00554939	0.00322109	0.00223089
79	0.0521533	0.00428104	0.0225313	0.0206882	0.00219166	0.758741	0.00172458	0.00257516	0.0119545	0.00313241	0.00198696	0.010017	0.00529511	0.0119704	0.0329507	0.038018	0.00783786	0.007614	0.00240939	0.00192752
80	0.202624	0.00247829	0.0128638	0.0171891	0.0088603	0.0303382	0.025758	0.00967953	0.029854	0.0117528	0.00259929	0.00658332	0.0274634	0.0258409	0.00863037	0.477543	0.0774681	0.015438	0.000478999	0.00655692
81	0.0390576	0.00451689	0.00107338	0.00817016	0.0177373	0.00216407	0.0010228	0.339148	0.00477605	0.11646	0.0369602	0.00149068	0.00411438	0.0020237	0.0019938	0.00693202	0.0134398	0.394489	0.000994853	0.0034348
82	0.21738	0.00180818	0.0284698	0.0438241	0.0337195	0.0305277	0.0369419	0.00529948	0.0340781	0.0324312	0.00304116	0.0107017	0.0517898	0.0224642	0.0209234	0.331342	0.0655421	0.00819708	0.00111341	0.0204043
83	0.0639352	0.00496896	0.0278507	0.021833	0.0028228	0.739575	0.0012016	0.00349844	0.0100109	0.00438681	0.00120359	0.0104138	0.00968495	0.0124271	0.0256454	0.0366099	0.00988646	0.00927055	0.00239167	0.0023827
84	0.00367374	0.010952	0.00323992	0.00282196	0.271619	0.00170657	0.0259636	0.00116216	0.00201037	0.00884978	0.00753531	0.00209323	0.00349326	0.00973956	0.00848579	0.0174115	0.0085656	0.00588732	0.0164244	0.588365
85	0.011032	0.000757748	0.00321765	0.00431134	0.51003	0.00886957	0.00347689	0.0724659	0.00410986	0.228483	0.010708	0.00328402	0.00278702	0.00974341	0.00285066	0.00914225	0.00747309	0.0389162	0.00129699	0.067044
86	0.0490453	0.00401661	0.0686979	0.0389913	0.00479269	0.0303271	0.0173775	0.0185249	0.0824952	0.0242611	0.0401941	0.0813133	0.0140098	0.0336462	0.0794086	0.246068	0.10909	0.0459573	0.00356617	0.0082169
87	0.0302502	0.00139437	0.0377332	0.203435	0.00535775	0.0259784	0.0121378	0.0394395	0.0892522	0.0385532	0.0216549	0.0803642	0.00606354	0.224	0.015228	0.0129158	0.0439892	0.0485284	0.00104875	0.0626755
88	0.0444451	0.0015134	0.249497	0.257261	0.00587	0.0494034	0.0255241	0.00769545	0.0589926	0.00895527	0.00485409	0.0840115	0.00771549	0.0568528	0.0210373	0.0541393	0.0299985	0.0145922	0.00164248	0.0159995
89	0.0230438	0.000926949	0.165894	0.0395375	0.0030303	0.0232916	0.0878068	0.0152799	0.0226971	0.0169212	0.00324429	0.27376	0.0104761	0.0252889	0.0139062	0.14665	0.0510992	0.0506916	0.000743675	0.0257118
90	0.0370198	0.00270056	0.00197131	0.00865846	0.0240616	0.00417169	0.00252932	0.325447	0.00524562	0.123225	0.0505815	0.0022293	0.00498182	0.00358585	0.00387985	0.0120395	0.0208205	0.357554	0.00240154	0.00689648
91	0.0298334	0.0180074	0.00696386	0.12518	0.00247243	0.00607092	0.00898255	0.00454425	0.261035	0.0244004	0.006598	0.00876727	0.00751815	0.242779	0.0887126	0.0331759	0.114114	0.00642358	0.000995308	0.00342669
92	0.023804	0.0018791	0.000706628	0.00458457	0.020266	0.00131651	0.000557723	0.366024	0.00250669	0.129265	0.0289525	0.00119083	0.00284229	0.00150464	0.00140948	0.00351398	0.00677449	0.397121	0.00286966	0.00291121
93	0.0712066	0.003411	0.0537008	0.027738	0.00291847	0.675279	0.00225134	0.00294026	0.0130522	0.00531223	0.00129771	0.0143406	0.019245	0.013358	0.0229656	0.0429133	0.0141844	0.00759878	0.00217362	0.00411341
94	0.0566056	0.00143476	0.156754	0.216699	0.00697544	0.0472044	0.00505633	0.0682473	0.0521882	0.0288396	0.00608375	0.0206467	0.0116375	0.0650954	0.00595813	0.0199648	0.0669634	0.131031	0.00181661	0.0307983
95	0.020084	0.00119675	0.00704631	0.00864993	0.425426	0.0089757	0.00907496	0.0623217	0.00978483	0.252117	0.0331945	0.00962404	0.00536845	0.0130359	0.00810859	0.0283557	0.0150325	0.0415131	0.00718332	0.0339065
96	0.197166	0.0035453	0.0250468	0.0265065	0.0220344	0.028714	0.00619739	0.125848	0.0210214	0.0543021	0.0422971	0.0172841	0.0257531	0.00985757	0.00830952	0.0763783	0.130202	0.167769	0.00120785	0.0105601
97	0.134398	0.117269	0.0410212	0.172712	0.0183022	0.0346987	0.0138092	0.0270779	0.0622367	0.0299871	0.0179717	0.0278989	0.0282315	0.0393914	0.025873	0.0881883	0.0551096	0.0452342	0.00456728	0.0160226
98	0.358752	0.00541355	0.00337619	0.00724222	0.026643	0.0218143	0.00310291	0.0516584	0.0059789	0.0514424	0.0220795	0.00196537	0.00407684	0.00221133	0.00709403	0.0798321	0.104412	0.232908	0.000392665	0.00960311
99	0.0826896	0.00361001	0.0120991	0.0210572	0.0314618	0.0165316	0.00833595	0.205188	0.0222195	0.0713918	0.101952	0.0148935	0.0133235	0.0143645	0.0125724	0.0783057	0.160403	0.110425	0.00375196	0.015423
100	0.0239794	0.00117313	0.0143385	0.0330491	0.00212685	0.0235031	0.0802014	0.00333703	0.382714	0.0259199	0.010938	0.0677561	0.0102742	0.0304321	0.131172	0.120419	0.00640397	0.00959076	0.000869268	0.0218028
101	0.0217942	0.000583895	0.164354	0.392336	0.00303047	0.0216939	0.0151297	0.00444849	0.0784303	0.0114346	0.00436986	0.0775465	0.00630343	0.110906	0.0216584	0.0340709	0.0120381	0.0107622	0.000665793	0.00844285
102	0.155388	0.00204837	0.0211527	0.0277698	0.0130602	0.0593505	0.0236996	0.0134557	0.0297292	0.0246525	0.00264351	0.0134726	0.289329	0.018593	0.0244932	0.173482	0.0785215	0.0186535	0.00258254	0.0079226
103	0.0278185	0.00331762	0.0117389	0.0151447	0.0488048	0.477055	0.00746185	0.00858102	0.0153138	0.0446484	0.00672807	0.0163416	0.0390629	0.012212	0.0111903	0.139252	0.0139845	0.0384723	0.00194751	0.0609239
104	0.0546729	0.00169256	0.00166331	0.00550706	0.0491266	0.0023155	0.00116745	0.260837	0.00705443	0.314311	0.0467211	0.00112031	0.00931193	0.00493266	0.00462627	0.00616057	0.00443712	0.220401	0.00325362	0.000688017
105	0.131468	0.00107601	0.0116956	0.0379845	0.00286985	0.0210107	0.00491013	0.0252513	0.0116057	0.0099404	0.0024414	0.0085023	0.0281037	0.00559294	0.00400782	0.295293	0.335576	0.0561296	0.000823962	0.00571725
106	0.0102323	0.000552041	0.00451541	0.00510585	0.439865	0.00400765	0.00582063	0.0522859	0.00678736	0.348921	0.0264898	0.00359638	0.00231955	0.00982577	0.00246212	0.00987903	0.00698516	0.0339417	0.00105593	0.0253514
107	0.0715651	0.0019519	0.0018067	0.0096094	0.0402709	0.00199578	0.00120147	0.239807	0.0102157	0.254186	0.0579962	0.00109254	0.0106065	0.00652661	0.00428555	0.00895816	0.0085772	0.265952	0.00248846	0.000907493
108	0.300825	0.00645543	0.00270476	0.00732276	0.0501159	0.0207163	0.00335428	0.060289	0.00382509	0.079185	0.0259465	0.0017281	0.00512905	0.00193877	0.0100537	0.0708822	0.0625116	0.273276	0.00053136	0.0132086
109	0.171134	0.00331336	0.0140558	0.01816	0.00474867	0.192271	0.0053898	0.00654865	0.0686752	0.0319152	0.0318468	0.0154034	0.0100741	0.0120981	0.117912	0.21042	0.0373273	0.0404513	0.00167597	0.00657794
110	0.0276801	0.00186011	0.0236122	0.0642075	0.00448248	0.0190282	0.0557601	0.00905883	0.304335	0.0212984	0.00855896	0.0474003	0.0184371	0.094309	0.182276	0.0704614	0.0197535	0.0148494	0.00219537	0.0104359
111	0.00504358	0.00914362	0.00358097	0.00285731	0.305354	0.00258573	0.0214094	0.011656	0.00294968	0.0329343	0.014863	0.00293074	0.0035263	0.0107668	0.00817886	0.0173607	0.00785134	0.009321	0.015617	0.51207
112	0.0636769	0.00349467	0.209873	0.0875419	0.0115134	0.0541475	0.0259491	0.0217304	0.0467286	0.0262692	0.0136006	0.103109	0.0212632	0.0307006	0.0249183	0.086159	0.10871	0.0353587	0.0054059	0.0198507
113	0.0519955	0.00424404	0.0229504	0.0211258	0.001778	0.778963	0.000971237	0.00236209	0.00860496	0.00242439	0.00076168	0.0072291	0.00509301	0.012452	0.0294046	0.0313251	0.00726184	0.00725231	0.0027972	0.00100366
114	0.0240341	0.00143618	0.002765	0.00738433	0.0275701	0.00672774	0.00198705	0.367819	0.00588893	0.331266	0.0342939	0.00175037	0.00513158	0.00418424	0.00474374	0.00495091	0.00466648	0.159966	0.00213386	0.00130057
115	0.0178327	0.000813172	0.00726399	0.00514026	0.0790362	0.00310234	0.00844652	0.0354674	0.0109297	0.644008	0.0885981	0.00510363	0.00236917	0.017159	0.00583602	0.0151523	0.00882323	0.0283015	0.00156513	0.0150513
116	0.0525182	0.00440251	0.0234837	0.0217142	0.00191582	0.775834	0.00106583	0.00255539	0.00896086	0.00265911	0.000736462	0.0082761	0.00589654	0.012672	0.0265369	0.031427	0.00735002	0.00733092	0.00297325	0.00169076
117	0.0137817	0.000584672	0.00747265	0.00480245	0.0702951	0.00229318	0.0075201	0.0344291	0.0118639	0.637065	0.108179	0.00562874	0.00187062	0.0190599	0.00676287	0.0164721	0.00643352	0.0272233	0.00209476	0.0161679
118	0.0949659	0.00463747	0.0231121	0.0223047	0.00255731	0.699127	0.00184333	0.00366257	0.0105269	0.00573749	0.00131149	0.00759771	0.00996335	0.0114529	0.0248073	0.0425659	0.0163834	0.0128805	0.00238018	0.00218248
119	0.00404004	0.0102396	0.00255213	0.00234355	0.26949	0.00149156	0.0237326	0.00292268	0.00222812	0.0104431	0.00773388	0.00173775	0.00341576	0.00899462	0.008484	0.0184729	0.00824875	0.00548955	0.0336325	0.574307
120	0.026808	0.00106464	0.0530664	0.144612	0.00214178	0.00779117	0.0180476	0.00444984	0.235697	0.0152614	0.0070137	0.0412908	0.0836445	0.268079	0.0444921	0.0235115	0.0144083	0.00454328	0.000899615	0.00317694
121	0.0501839	0.000615747	0.292358	0.188892	0.0052435	0.08153	0.0454129	0.00358641	0.0226939	0.00431791	0.00281386	0.121899	0.00408279	0.0304562	0.0187861	0.0589302	0.0334804	0.0082866	0.000552261	0.0258781
122	0.110695	0.00168904	0.00485765	0.0205803	0.0122683	0.0127955	0.00379431	0.294228	0.0275397	0.0610006	0.113286	0.00451524	0.00534615	0.00426795	0.00406516	0.0314566	0.0726364	0.210069	0.000980444	0.00392854
123	0.311005	0.0207897	0.0128292	0.00879288	0.00140381	0.00440828	0.00224207	0.00285164	0.0103046	0.00285986	0.0167674	0.0235328	0.0147828	0.00348218	0.00211186	0.504785	0.0368941	0.0182945	0.000497104	0.00136526
124	0.0588028	0.000894314	0.0697271	0.0847756	0.0025528	0.0245943	0.0298059	0.0258504	0.188964	0.0269712	0.0260749	0.0426522	0.00980449	0.0832599	0.105203	0.0976748	0.0589556	0.0563001	0.00236954	0.00476795
125	0.0640047	0.00110597	0.236511	0.132714	0.00407779	0.24919	0.0271668	0.00356613	0.0249501	0.00392734	0.00184265	0.0931191	0.00575141	0.018311	0.0288014	0.053524	0.0272142	0.00620664	0.000638801	0.0173782
126	0.0479564	0.000368816	0.132546	0.0527254	0.000867279	0.25002	0.0225934	0.00911684	0.110848	0.00561861	0.00147142	0.143083	0.00884103	0.0286427	0.0351964	0.107859	0.0152796	0.00496739	0.000365361	0.0216334
127	0.309468	0.00595919	0.00251754	0.00736771	0.038852	0.01743	0.00344674	0.0593628	0.00486697	0.0578034	0.0294713	0.00123622	0.00423572	0.00157937	0.00860883	0.0730164	0.072567	0.287859	0.00043192	0.0139198
128	0.108438	0.00304982	0.0392612	0.0366647	0.0110588	0.0135346	0.0102639	0.0465867	0.0402245	0.0510886	0.0144487	0.0457603	0.074705	0.0262396	0.00659005	0.0693182	0.249771	0.145666	0.000702289	0.00662733
129	0.0724463	0.000967338	0.00472857	0.0225958	0.0128209	0.0214958	0.0118674	0.008227	0.0220929	0.0214299	0.00232028	0.00593004	0.630137	0.0183369	0.0342473	0.0750254	0.0230035	0.00786611	0.00098816	0.00347318
130	0.0301203	0.00252976	0.00115278	0.00620541	0.0180961	0.00134589	0.000798591	0.342725	0.00425783	0.116913	0.0327928	0.00139652	0.00683802	0.0020555	0.00119799	0.00544513	0.0105998	0.411551	0.00108414	0.00289483
131	0.0299741	0.00412367	0.0578198	0.020676	0.111957	0.0134733	0.0129831	0.0660611	0.0181911	0.134166	0.0345268	0.0162603	0.0127222	0.017935	0.0157303	0.0556134	0.0323521	0.0306377	0.267223	0.0475741
132	0.0207194	0.00280391	0.167898	0.0183528	0.0822094	0.011515	0.012343	0.00996923	0.0286393	0.0588572	0.0918844	0.0626037	0.00998216	0.14872	0.0244381	0.0715123	0.0181149	0.013864	0.00319218	0.142382
133	0.0306438	0.00254621	0.0223558	0.0556229	0.00833619	0.0394225	0.0340024	0.0241344	0.089464	0.0122146	0.00535612	0.165458	0.02341	0.014395	0.0284373	0.25153	0.155201	0.0177027	0.00086741	0.0188996
134	0.0450904	0.00204734	0.00426559	0.00587964	0.0723701	0.00693967	0.00425815	0.251356	0.00483402	0.252158	0.157642	0.00330629	0.00624133	0.00546666	0.00821578	0.0160225	0.0174424	0.0947646	0.0170353	0.0246643
135	0.07093	0.00182271	0.00179696	0.0115057	0.0382102	0.00192425	0.00124348	0.24111	0.0111255	0.242785	0.0590348	0.00122166	0.0102425	0.00727307	0.00435405	0.00849013	0.00889898	0.274904	0.0023446	0.000782458
136	0.0166476	0.00028975	0.189791	0.351577	0.000612816	0.0108367	0.012001	0.000930189	0.0903251	0.013118	0.003913	0.11768	0.00492003	0.114213	0.0239449	0.0353549	0.00427969	0.00247663	0.000240659	0.00684708
137	0.0269262	0.00138667	0.030304	0.112624	0.00248982	0.0235865	0.0366773	0.011686	0.196131	0.0209596	0.0109123	0.0318121	0.00988421	0.264676	0.1166	0.0430232	0.0353153	0.017947	0.00161266	0.00544529
138	0.0463123	0.00031558	0.112293	0.0637756	0.000941864	0.179098	0.0337276	0.00899816	0.157537	0.00909795	0.00489085	0.125105	0.00827704	0.0379681	0.0573963	0.108146	0.0196607	0.0103081	0.000950891	0.0151987
139	0.0260069	0.00114009	0.0129572	0.016378	0.0933189	0.00314137	0.0573096	0.0970434	0.0433885	0.45122	0.0423828	0.0205789	0.00350993	0.0315151	0.00321924	0.0171426	0.0162206	0.0573596	0.00202671	0.00414039
140	0.0126842	0.00246266	0.000447964	0.00483186	0.00954945	0.0011888	0.000508808	0.393054	0.00123353	0.0825184	0.022416	0.00134487	0.00139091	0.000426743	0.00043837	0.00302858	0.00826625	0.449532	0.000974998	0.00370228
141	0.0696005	0.000605504	0.0818036	0.112759	0.00173074	0.0274629	0.0224201	0.0164431	0.192925	0.0163123	0.0134269	0.0352572	0.0160133	0.0639076	0.0695266	0.133028	0.0778794	0.0445844	0.00162775	0.00268596
142	0.0148875	0.000293883	0.184162	0.37473	0.000609488	0.010455	0.0124605	0.000945463	0.0886262	0.0117714	0.00409393	0.107518	0.0044572	0.116351	0.0221845	0.0332104	0.00415257	0.0027079	0.000216687	0.00616599
143	0.0453437	0.00133554	0.0684988	0.131517	0.00323746	0.00712598	0.0201445	0.00826436	0.279413	0.0166618	0.00440043	0.0613586	0.143702	0.115421	0.0215431	0.0436538	0.014536	0.00815348	0.00128994	0.0043994
144	0.0129646	0.00243754	0.000446878	0.00486199	0.00959945	0.00118967	0.000491824	0.393869	0.00130292	0.0828736	0.0223955	0.00138397	0.00138161	0.000497111	0.000431532	0.00302692	0.00828654	0.447896	0.000972484	0.00369087
145	0.0348223	0.00241355	0.00424964	0.00813039	0.467977	0.0092461	0.00549827	0.0840151	0.00757283	0.166677	0.0184462	0.0064194	0.00696034	0.00876242	0.00720217	0.0191181	0.0190416	0.0825878	0.00189845	0.0389615
146	0.295669	0.0189325	0.0131532	0.0112423	0.00575512	0.00797516	0.00356385	0.0139699	0.0123498	0.0116601	0.0254881	0.0221553	0.0149917	0.00566536	0.00465834	0.445328	0.0417985	0.0414664	0.000744651	0.00343312
147	0.0129434	0.000810587	0.00285044	0.00449239	0.495675	0.00641972	0.00436265	0.086576	0.00475371	0.236245	0.0146306	0.00304688	0.00309038	0.00806531	0.00266141	0.00879716	0.00759061	0.0507683	0.00141003	0.044811
148	0.0055916	0.00883558	0.00609939	0.0039885	0.241816	0.00280809	0.0213944	0.00605334	0.00412277	0.0163603	0.00732453	0.00291924	0.00434484	0.00966444	0.00880847	0.0243298	0.00908956	0.00588391	0.0970927	0.513473
149	0.012567	0.000518589	0.00605543	0.0045445	0.166493	0.00251045	0.00666094	0.03245	0.00853017	0.615293	0.0589709	0.00398218	0.00165282	0.0141388	0.00361157	0.0112504	0.0057994	0.0262138	0.00119757	0.0175596
150	0.10418	0.00612914	0.0568974	0.0404487	0.00877451	0.0378255	0.0228891	0.0174373	0.0497349	0.0288838	0.0158558	0.1185	0.0212548	0.0570502	0.0262725	0.229883	0.120801	0.0258952	0.00214973	0.00913692
151	0.0258549	0.00156808	0.0472372	0.045527	0.00946666	0.0688059	0.0539637	0.0135621	0.176891	0.0161364	0.00816353	0.0523305	0.00700071	0.0921529	0.271655	0.0538753	0.024103	0.0176011	0.00458956	0.00951524
152	0.0345264	0.000799947	0.220744	0.0508118	0.00200055	0.00712949	0.0291956	0.00449818	0.182044	0.00366651	0.00398912	0.313213	0.00270567	0.0265529	0.0204842	0.0500396	0.0316776	0.00577969	0.00627236	0.00386978
153	0.338361	0.00582079	0.0168934	0.0264102	0.00163248	0.0599686	0.00262447	0.0202226	0.0193453	0.0523981	0.00151556	0.00246638	0.203133	0.00352624	0.0139128	0.0917392	0.0727976	0.0598417	0.000564692	0.00682582
154	0.05989	0.0034426	0.0475694	0.0317717	0.00269555	0.690987	0.00364623	0.00363507	0.0160868	0.00389736	0.0019645	0.0152672	0.00769645	0.0258783	0.0256273	0.034317	0.0120018	0.00773965	0.00208651	0.00379915
155	0.0537671	0.00507726	0.0293865	0.0219362	0.00363224	0.729529	0.00194785	0.00310315	0.0115731	0.00456865	0.00118138	0.0137705	0.00782515	0.0120192	0.0271403	0.0484846	0.00952915	0.00845741	0.00244717	0.0046237
156	0.0189176	0.00184661	0.0531973	0.257566	0.00199338	0.0141889	0.0205035	0.0032576	0.135779	0.0168941	0.00986808	0.0364658	0.0111973	0.308516	0.0564206	0.0183019	0.0212018	0.0077907	0.000492892	0.00560076
157	0.0163599	0.00140493	0.00378999	0.0087303	0.0236766	0.00939604	0.00274456	0.377048	0.00648977	0.369155	0.0329468	0.00213458	0.00405165	0.00487213	0.00520278	0.00534223	0.0048154	0.118678	0.00186748	0.00129449
158	0.0140803	0.00237602	0.000521145	0.00446836	0.00934461	0.00148372	0.000528113	0.399084	0.00175903	0.0812963	0.0244649	0.00146316	0.00145686	0.000471613	0.000473467	0.00358686	0.01049	0.438087	0.00094956	0.00361532
159	0.00986892	0.000771621	0.00313781	0.00380391	0.520337	0.00677171	0.00283572	0.0662664	0.00362803	0.254035	0.010549	0.00260357	0.00262295	0.00753204	0.00240436	0.0085893	0.00777802	0.0371557	0.00141287	0.0478967
160	0.0722039	0.0106796	0.02127	0.0197055	0.00215023	0.736948	0.00158899	0.00322094	0.0102858	0.00497442	0.0018081	0.00733208	0.00708659	0.0119417	0.0247936	0.039922	0.00940605	0.0101081	0.00257279	0.00200191
161	0.058623	0.00321723	0.0559737	0.0325852	0.00186269	0.708159	0.00243105	0.0026189	0.0119143	0.0028584	0.000936636	0.0157529	0.00767175	0.0136618	0.024024	0.0363254	0.0106022	0.00601834	0.00180977	0.00295386
162	0.130724	0.00399089	0.00726233	0.0141716	0.0649168	0.0215022	0.00705071	0.161633	0.00498988	0.111538	0.0997838	0.00443146	0.0112378	0.00742269	0.0158279	0.0649471	0.0694186	0.166803	0.00530929	0.027039
163	0.0394536	0.00173722	0.209746	0.0785131	0.00469045	0.0625365	0.0299512	0.0138449	0.0568213	0.0209321	0.00776208	0.234817	0.00864356	0.0303656	0.0215317	0.109113	0.0364208	0.0161508	0.00216056	0.0148073
164	0.0156713	0.00238616	0.0087431	0.0498057	0.00598503	0.00960017	0.00673091	0.00894325	0.101741	0.0113488	0.00693184	0.0118981	0.182979	0.134409	0.0385161	0.307039	0.0154714	0.0112107	0.0377283	0.0328615
165	0.0543333	0.000865111	0.173246	0.0548907	0.0021105	0.00593859	0.0245907	0.00579409	0.244814	0.00389886	0.00407696	0.224826	0.00288371	0.0285814	0.0422958	0.0653425	0.037068	0.00828251	0.0115827	0.00457816
166	0.0320617	0.00542777	0.0787837	0.0472485	0.0562478	0.0262362	0.119869	0.0128342	0.117003	0.0263292	0.0238035	0.0472163	0.0130523	0.0840043	0.141194	0.0490464	0.0269026	0.0195702	0.00437001	0.0687993
167	0.00342968	0.0104222	0.00141433	0.00196009	0.274947	0.00125082	0.0245112	0.0010793	0.00177219	0.00895439	0.00758227	0.00140584	0.00315013	0.00886121	0.00853708	0.0174283	0.00754299	0.0052974	0.0164591	0.593994
168	0.0399677	0.00104382	0.0339064	0.0672032	0.00318402	0.0144223	0.0337541	0.0513742	0.227181	0.0333173	0.0247225	0.0327106	0.00619638	0.0668336	0.146091	0.0730923	0.0766141	0.0593095	0.00243753	0.00663763
169	0.0528354	0.00332521	0.0530827	0.0850098	0.00229515	0.631742	0.00503098	0.00310097	0.0197128	0.00367127	0.00151654	0.0201292	0.00768588	0.0217727	0.0241678	0.0383898	0.0127525	0.00805526	0.00190059	0.00382377
170	0.0161637	0.00028429	0.189808	0.353792	0.000630723	0.0100497	0.0118375	0.000960249	0.0914727	0.0132732	0.0038885	0.116141	0.00527494	0.114128	0.023425	0.0351401	0.00418223	0.00258785	0.000241575	0.00671911
171	0.0322203	0.00155161	0.00940882	0.014483	0.167115	0.0080652	0.0454284	0.139992	0.0260495	0.319263	0.0531826	0.0135435	0.00513225	0.0213134	0.00739836	0.0208884	0.0217687	0.0657726	0.00408203	0.0233413
172	0.0968814	0.00153851	0.0241936	0.0327126	0.00822508	0.0123307	0.0109176	0.0823771	0.0481476	0.0238682	0.0152047	0.0448152	0.0273909	0.0167155	0.0132165	0.0992194	0.337855	0.0986622	0.000713521	0.00501467
173	0.00360151	0.010347	0.00159347	0.00199062	0.274483	0.00123801	0.0242303	0.00109156	0.00186262	0.00888583	0.00772189	0.00154744	0.00318725	0.00901384	0.0084993	0.0173697	0.00759004	0.00531532	0.0177311	0.5927
174	0.273708	0.0138108	0.0054269	0.0186197	0.0305705	0.0170242	0.00399173	0.0611218	0.00956216	0.064191	0.0366294	0.0043423	0.00705857	0.0040453	0.00886697	0.0617811	0.101754	0.266291	0.000784058	0.0104203
175	0.0418164	0.0028883	0.025847	0.0329673	0.0182621	0.0348841	0.019781	0.0131627	0.0501897	0.0208172	0.00703153	0.100794	0.238383	0.0253212	0.0549052	0.19355	0.0592727	0.0180967	0.00336542	0.0386641
176	0.016346	0.0022441	0.000733126	0.00455744	0.0132163	0.00163476	0.000567938	0.380333	0.00184078	0.1214	0.0245158	0.00135322	0.00230034	0.00103539	0.00114367	0.00332804	0.00743608	0.411625	0.00112915	0.0032597
177	0.146797	0.00198804	0.0101523	0.0314008	0.00265593	0.0216622	0.00816504	0.0216576	0.0138425	0.00860576	0.00258995	0.00697429	0.0275444	0.00798345	0.0047379	0.363188	0.269967	0.0437901	0.00106336	0.00523364
178	0.00794372	0.00238938	0.0125814	0.0304918	0.0123893	0.0184846	0.0444207	0.0130473	0.172483	0.0109019	0.00708426	0.0358138	0.00391024	0.0970165	0.444328	0.0333488	0.0260482	0.0162755	0.00732399	0.00371694
179	0.0374822	0.00105307	0.0282426	0.0699538	0.00198138	0.018514	0.0598348	0.0099162	0.337355	0.029243	0.00987942	0.0658827	0.0199963	0.0508313	0.124188	0.08844	0.0170352	0.0156344	0.0012554	0.0132806
180	0.0686094	0.00286914	0.0801557	0.031494	0.00155	0.67977	0.00128089	0.00228038	0.0125822	0.00196853	0.00080262	0.0155867	0.0069269	0.012224	0.0223067	0.0377062	0.0137401	0.00489133	0.00167205	0.00158275
181	0.00654359	0.0119312	0.0044881	0.0071142	0.256319	0.00584577	0.0249351	0.0038428	0.00540407	0.0115046	0.00879457	0.004421	0.00458585	0.0113106	0.0105035	0.0228147	0.0103975	0.00753317	0.0171364	0.564574
182	0.0276638	0.00660509	0.0329322	0.0205665	0.0475387	0.0149888	0.0120689	0.0576182	0.0232281	0.107398	0.0205157	0.0190132	0.0106083	0.0176821	0.0227422	0.0665168	0.0268634	0.0307045	0.396165	0.0385803
183	0.0753759	0.002082	0.114732	0.0485127	0.00153028	0.475369	0.00728419	0.00488815	0.0375347	0.00454827	0.00144104	0.0552964	0.00885768	0.0153677	0.0220387	0.0896746	0.0212624	0.00567337	0.00117323	0.00735748
184	0.0351397	0.000896455	0.252818	0.327565	0.00244545	0.0295455	0.0179963	0.00331136	0.0531568	0.00792929	0.00335527	0.0821389	0.00647564	0.0731506	0.0159399	0.0538777	0.015279	0.00842416	0.000597806	0.00995674
185	0.0474785	0.00178186	0.00253813	0.00580512	0.0934419	0.00245582	0.0026706	0.230025	0.00752949	0.323592	0.0426306	0.0015486	0.00813984	0.00601975	0.00427874	0.00660706	0.00508173	0.201068	0.00234782	0.00495977
186	0.0294678	0.00136869	0.0126866	0.0171154	0.0971196	0.00362882	0.054165	0.10033	0.0405615	0.432835	0.047305	0.0191315	0.00344614	0.0305505	0.00369329	0.0182573	0.0192449	0.0625374	0.00198573	0.00456964
187	0.0126433	0.00242103	0.000431353	0.00428924	0.00965072	0.00118423	0.000459182	0.394534	0.00108352	0.0825223	0.0221108	0.00135536	0.00138002	0.000386462	0.00040103	0.00296589	0.00826465	0.449214	0.000979362	0.00372285
188	0.0683981	0.00297651	0.0782458	0.030804	0.00137235	0.695214	0.000852546	0.0020158	0.0098755	0.00185121	0.000781076	0.0111299	0.00657474	0.0118314	0.0219407	0.0356699	0.0128117	0.00493027	0.00172399	0.00100066
189	0.0510667	0.000318591	0.141366	0.0494646	0.000804304	0.278476	0.0182172	0.0103562	0.0791579	0.00528309	0.000859848	0.146202	0.0101295	0.0220215	0.0261211	0.118979	0.0171674	0.00436282	0.000285078	0.019361
190	0.0381738	0.000681424	0.0361022	0.125173	0.00424854	0.0105426	0.0759696	0.0129442	0.144831	0.024027	0.00695829	0.0666559	0.00455207	0.256093	0.090039	0.0260255	0.0257939	0.0325222	0.00100027	0.0176666
191	0.161968	0.00111641	0.0163663	0.0510045	0.0050724	0.0363945	0.008409	0.0118357	0.0114456	0.0140861	0.00242131	0.0050909	0.0330862	0.00881882	0.00496387	0.391086	0.193765	0.0331391	0.000589187	0.00934085
192	0.140353	0.00439709	0.0315175	0.0299198	0.0323329	0.0204494	0.0105482	0.0617646	0.0298602	0.0658606	0.0267656	0.032613	0.0318396	0.0177768	0.0128669	0.0973922	0.213488	0.12821	0.00110817	0.0109375
