527	20
1	0.0720374	0.000382426	0.307446	0.292614	0.00624737	0.0577617	0.00113212	0.00134417	0.0169453	0.0234718	0.005916	0.0971258	0.00185885	0.0618088	0.011306	0.0186037	0.017297	0.00557336	0.000358736	0.000770263
2	0.479749	0.0167839	0.00043647	0.000890034	0.000803589	0.0171179	0.000421911	0.00110049	0.0010116	0.00109717	0.000972724	0.000560039	0.000635443	0.000715236	0.000946109	0.446712	0.0237269	0.0054428	0.000299699	0.000577934
3	0.0434878	0.000668706	0.000402096	0.000708583	0.47253	0.00129268	0.000422049	0.0661793	0.000749476	0.262928	0.0234596	0.000648822	0.000292298	0.000793393	0.000888869	0.00673974	0.00837945	0.0976623	0.000845685	0.0109215
4	0.0980142	0.00341638	0.00107239	0.00228191	0.0236776	0.0193319	0.0120284	0.123948	0.163698	0.107138	0.00690811	0.00143385	0.00114579	0.0133097	0.172849	0.0219831	0.0571808	0.13612	0.000922033	0.0335409
5	0.0127578	0.00181665	0.0226905	0.07799	0.0170291	0.00441572	0.00293122	0.0199965	0.159583	0.0247614	0.27614	0.0361635	0.00186012	0.0437257	0.185594	0.0366051	0.00925751	0.0485396	0.00178218	0.016361
6	0.0276633	0.0377975	0.00193605	0.00408685	0.16069	0.00680567	0.00168457	0.0222299	0.00317936	0.578958	0.0835085	0.00308591	0.00154625	0.00432786	0.00669656	0.00590564	0.0149127	0.0248372	0.00704941	0.00309896
7	0.0866221	0.00428921	0.0191608	0.0103604	0.00444833	0.0262123	0.00971411	0.00663794	0.00654604	0.0116556	0.00516516	0.25483	0.00270897	0.0291803	0.00593802	0.346204	0.145991	0.0205064	0.00140235	0.002427
8	0.0557265	0.00202463	0.00246138	0.00837449	0.00999228	0.0115259	0.00242133	0.322177	0.0102706	0.0551102	0.0234053	0.00581489	0.228231	0.00923007	0.007165	0.0223459	0.0235936	0.192852	0.00219222	0.0050859
9	0.00981333	0.000944262	0.000208113	0.000295721	0.00518251	0.00039152	0.000169548	0.534512	0.000670487	0.0566606	0.0117083	0.000252233	0.0013371	0.000277624	0.000326403	0.00114337	0.006563	0.369295	8.88999e-05	0.000159736
10	0.0197703	0.000792921	0.000802959	0.00186841	0.00520118	0.00142725	0.00138504	0.290025	0.00138552	0.180861	0.405984	0.000911452	0.000643411	0.0019748	0.00147773	0.00277939	0.00557476	0.0723162	0.0010306	0.00378767
11	0.0317291	0.0238255	0.0012807	0.00228539	0.288703	0.0059574	0.0014299	0.0193317	0.00214502	0.507325	0.0479006	0.00177337	0.00133364	0.00273475	0.0030763	0.00493404	0.0131025	0.0290661	0.00857424	0.00349163
12	0.0292183	0.0452972	0.000518297	0.00169643	0.000966419	0.00113143	0.000433234	0.15021	0.00174217	0.0623056	0.0116705	0.000922775	0.000426133	0.000857832	0.0015146	0.0185639	0.149717	0.521889	0.000355626	0.00056338
13	0.0288307	0.0369706	0.00139762	0.00342357	0.00209097	0.00272277	0.000811218	0.108758	0.00433326	0.0657325	0.00956496	0.00238981	0.00114251	0.00273042	0.00339375	0.0198612	0.207034	0.495995	0.000849138	0.00196831
14	0.107988	0.00152912	0.00256491	0.239113	0.0588575	0.0394797	0.00203119	0.0051132	0.00554901	0.0758952	0.0210134	0.002821	0.00226284	0.00466457	0.00411701	0.00736204	0.0253332	0.00789964	0.236401	0.150004
15	0.0881436	0.00212081	0.00026505	0.00131774	0.0139631	0.00620995	0.000185033	0.344051	0.0013456	0.148282	0.0143897	0.000277947	0.00759983	0.000370073	0.000431823	0.00691016	0.0179704	0.344781	0.000844984	0.000541236
16	0.359263	0.0423554	0.00164197	0.00480371	0.010635	0.0695463	0.00193084	0.0693247	0.00354178	0.0404268	0.0315312	0.00537663	0.00222984	0.00566027	0.00489531	0.110219	0.057951	0.172099	0.0015868	0.00498106
17	0.189883	0.0295211	0.00714333	0.0042254	0.0362438	0.0115889	0.000653299	0.010926	0.00089897	0.0307636	0.0426367	0.014224	0.00306022	0.000934246	0.00112878	0.225924	0.3243	0.0644644	0.000319571	0.00116037
18	0.0733505	0.00834071	0.000254226	0.000347009	0.0528357	0.0205012	0.000215734	0.228726	0.000436265	0.34238	0.0161235	0.000310694	0.00245097	0.000428209	0.000445409	0.000677661	0.0146465	0.224359	0.0109405	0.00222919
19	0.0733505	0.00834071	0.000254226	0.000347009	0.0528357	0.0205012	0.000215734	0.228726	0.000436265	0.34238	0.0161235	0.000310694	0.00245097	0.000428209	0.000445409	0.000677661	0.0146465	0.224359	0.0109405	0.00222919
20	0.189316	0.0280351	0.0072666	0.00456684	0.0344794	0.0116348	0.000676079	0.0111676	0.00087282	0.0321873	0.0421072	0.0140795	0.0029859	0.000889553	0.00115623	0.222548	0.327707	0.0666297	0.000323043	0.00137037
21	0.283388	0.0107647	0.00114411	0.00405904	0.0222201	0.0360655	0.0141557	0.0515152	0.00865615	0.0932191	0.0389047	0.0214612	0.00759077	0.0779657	0.00706884	0.0960011	0.0761489	0.136836	0.0110182	0.00181708
22	0.0118721	0.000250765	0.000156134	0.000277529	0.00784983	0.00026858	0.000129108	0.46222	0.000256257	0.0810567	0.016937	0.000176458	0.000102368	0.000202189	0.000228119	0.000713855	0.0067336	0.410336	7.55393e-05	0.000157497
23	0.188145	0.0291399	0.0075949	0.00423803	0.0361909	0.0110959	0.000613897	0.0110508	0.000839999	0.0305097	0.041437	0.014763	0.00309379	0.000893535	0.00104994	0.224793	0.327429	0.065863	0.0003036	0.000955682
24	0.0910391	0.0089753	0.000258929	0.000353213	0.0496517	0.0210886	0.000204656	0.219199	0.000475133	0.344748	0.0151821	0.000384852	0.00324213	0.000436187	0.000450932	0.000826386	0.0127162	0.221274	0.00766218	0.00183197
25	0.0467008	0.00508531	0.00122085	0.00159273	0.0683485	0.0245223	0.00139521	0.260455	0.00197155	0.268552	0.0115514	0.00134221	0.00177549	0.00217099	0.00196316	0.00311622	0.0320701	0.190781	0.0716668	0.00371867
26	0.0200914	0.00360727	0.000941379	0.00353648	0.0428194	0.00322932	0.00256757	0.130695	0.00452957	0.577503	0.0804803	0.00194856	0.00206298	0.00479204	0.00670888	0.00604888	0.0124863	0.0844213	0.00255546	0.00897452
27	0.0450043	0.00965138	0.00196758	0.00397851	0.309878	0.0220919	0.00255063	0.0192509	0.00381336	0.388692	0.0199648	0.00334828	0.00244893	0.00452356	0.00475106	0.00913744	0.0141412	0.0480141	0.0815729	0.00521945
28	0.0439916	0.000652744	0.00042691	0.000751572	0.46997	0.00132109	0.000433839	0.0667122	0.000760995	0.264184	0.0234123	0.000655939	0.000293107	0.000813159	0.000888983	0.00685039	0.0083691	0.097792	0.000845663	0.0108744
29	0.200191	0.00794752	0.00838104	0.0122149	0.0107981	0.0263942	0.00663306	0.0183901	0.0132148	0.0239496	0.0175471	0.0136898	0.008703	0.0144564	0.0146331	0.139047	0.407312	0.0478592	0.00242247	0.00621561
30	0.00906721	0.0164717	0.000284091	0.000405777	0.00273418	0.000479235	0.000232282	0.133602	0.000489684	0.058806	0.00092915	0.000287272	0.000169262	0.000495994	0.000521509	0.000933088	0.0034384	0.770151	0.000199844	0.000302241
31	0.0447006	0.00491596	0.00119679	0.00183391	0.0689933	0.0210252	0.00318845	0.270242	0.00207787	0.262002	0.0112758	0.00132629	0.00166145	0.00252044	0.00254802	0.00297935	0.0278035	0.191186	0.070747	0.00777536
32	0.0381004	0.00536654	0.00578625	0.00959259	0.381612	0.0090348	0.0125774	0.0540609	0.00866325	0.188357	0.0237669	0.00522052	0.00377322	0.00745535	0.00941544	0.0186767	0.0195449	0.0794258	0.0104103	0.10916
33	0.391704	0.00551815	0.00779689	0.00490021	0.00222141	0.240308	0.00201094	0.00252039	0.00714465	0.00476352	0.00425941	0.0109972	0.00498855	0.00464951	0.00528593	0.245877	0.0335148	0.0197662	0.000677975	0.00109513
34	0.0358689	0.00187102	0.0409592	0.0405473	0.0308325	0.0361114	0.0149833	0.00705406	0.00375144	0.0119833	0.00473476	0.156354	0.00149176	0.0134151	0.00397904	0.150621	0.429498	0.0125645	0.00126241	0.00211766
35	0.0434878	0.000668706	0.000402096	0.000708583	0.47253	0.00129268	0.000422049	0.0661793	0.000749476	0.262928	0.0234596	0.000648822	0.000292298	0.000793393	0.000888869	0.00673974	0.00837945	0.0976623	0.000845685	0.0109215
36	0.442042	0.0113522	0.000432533	0.00213539	0.0017591	0.0122387	0.000437374	0.00130733	0.00140475	0.00116608	0.0014412	0.000887184	0.00127266	0.000848174	0.00217931	0.477655	0.0345524	0.00474738	0.000329746	0.00181208
37	0.0756227	0.00261696	0.067906	0.257235	0.00899777	0.0187233	0.012412	0.0165122	0.0498003	0.0169051	0.0141817	0.0304546	0.0115804	0.102177	0.0339971	0.0633813	0.179539	0.0261911	0.00293485	0.00883192
38	0.455896	0.0157277	0.000836394	0.00105873	0.000964455	0.0211918	0.000497088	0.00114076	0.00142863	0.00114542	0.00100953	0.000976238	0.00139642	0.000770748	0.00128062	0.45821	0.0302456	0.00524802	0.000313858	0.000661778
39	0.00906091	0.00142706	0.000277411	0.00222344	0.0216968	0.000291084	0.0013094	0.361758	0.000363294	0.37841	0.0566741	0.000220409	0.000932141	0.00147961	0.000487037	0.000554317	0.00397696	0.154175	0.000210066	0.00447306
40	0.61979	0.0108219	0.000481411	0.00169878	0.00108471	0.0112394	0.000405645	0.00131568	0.0018567	0.000914595	0.00158099	0.00176571	0.00219793	0.00103468	0.00193667	0.304921	0.0292632	0.00670559	0.000309569	0.000675704
41	0.0705523	0.00316193	0.131959	0.355007	0.00953003	0.0267009	0.0127948	0.0119858	0.0543319	0.0151646	0.0120345	0.0324279	0.00973661	0.0823549	0.046438	0.0415475	0.0391825	0.0189906	0.00723763	0.0188611
42	0.239048	0.00536453	0.00690115	0.0181683	0.0134304	0.151094	0.0317571	0.0425007	0.0222785	0.0776561	0.0250779	0.0201443	0.00579898	0.0526922	0.0436071	0.165357	0.0347108	0.0289668	0.00257677	0.0128693
43	0.0211814	0.000445878	0.0470265	0.319194	0.0012825	0.00391998	0.038598	0.00499675	0.094507	0.00715899	0.00602967	0.0252709	0.00136544	0.24324	0.110092	0.0414286	0.0230009	0.00750926	0.00108569	0.00266641
44	0.350217	0.0034958	0.0065919	0.00888233	0.00385597	0.436437	0.00162382	0.0034315	0.00279705	0.0081387	0.00945835	0.00467619	0.00114005	0.00415927	0.00448191	0.111297	0.0225917	0.0148565	0.000642798	0.0012256
45	0.00286561	0.000488876	0.00248413	0.0240311	0.000540472	0.00200933	0.00154862	0.00481168	0.556394	0.00265589	0.00126929	0.00211389	0.000310043	0.0114425	0.366101	0.00292742	0.0107034	0.00651577	0.000300772	0.000486557
46	0.377272	0.00795839	0.00719733	0.0238751	0.011367	0.0793775	0.00741032	0.0221425	0.0193933	0.0325556	0.0173503	0.0159171	0.0076362	0.104523	0.0174994	0.0668632	0.0790483	0.0884802	0.00579678	0.0083359
47	0.0745055	0.00309664	0.00364375	0.011802	0.00497157	0.019571	0.00462833	0.0719703	0.083432	0.0169967	0.0180998	0.0108496	0.003466	0.109004	0.431727	0.0613492	0.0350664	0.0300448	0.00247412	0.00330074
48	0.366122	0.0160156	0.00757741	0.00542914	0.0168716	0.0127816	0.00268043	0.0124436	0.00357865	0.0181547	0.0207436	0.0121758	0.00379414	0.0069864	0.00520309	0.19364	0.21768	0.072865	0.00115935	0.00409734
49	0.090709	0.000369917	0.366451	0.311503	0.00297371	0.0290811	0.000932913	0.00129593	0.0166059	0.0108438	0.00326468	0.0735172	0.00253318	0.0394898	0.00945614	0.0257628	0.0101857	0.004018	0.000317392	0.000688677
50	0.15418	0.00103488	0.000926268	0.00805564	0.00776834	0.00405398	0.000851886	0.00205556	0.00157379	0.00281133	0.00202094	0.00141399	0.000763324	0.00177335	0.00505078	0.684518	0.106702	0.00333692	0.000615167	0.0104933
51	0.0148023	0.00280756	0.000898143	0.00223736	0.0212179	0.00332526	0.00159908	0.105122	0.00227341	0.652734	0.107083	0.00145056	0.000753067	0.00436798	0.00386237	0.00554645	0.0105001	0.0534171	0.0018698	0.00413196
52	0.0028728	0.000521551	0.00246292	0.0240711	0.000552292	0.0020473	0.0015602	0.00497804	0.556639	0.00266449	0.00128218	0.00211565	0.00032734	0.0113206	0.36563	0.00290011	0.0107027	0.00652864	0.000325381	0.000498205
53	0.264586	0.000756605	0.00145969	0.0449865	0.00118837	0.0113081	0.00817908	0.00204725	0.24984	0.00954359	0.0084517	0.00173756	0.000837942	0.0847025	0.172532	0.129493	0.00368351	0.0030732	0.000687849	0.000905744
54	0.194897	0.0225076	0.00576593	0.00390014	0.032118	0.0116621	0.000655468	0.0137766	0.00113096	0.039304	0.0518037	0.0136875	0.00245912	0.000992451	0.00115481	0.203983	0.33622	0.0617011	0.000344913	0.00193641
55	0.0071083	0.000796603	0.00088792	0.0158823	0.000432327	0.00604004	0.00999653	0.00445241	0.349168	0.00479038	0.00438555	0.00803204	0.000248018	0.0545603	0.49735	0.0131521	0.0116189	0.0105678	0.000189912	0.000340549
56	0.111518	0.000678241	0.0176485	0.0925743	0.000927913	0.0195585	0.0116065	0.0132714	0.137831	0.00605547	0.00265105	0.0135607	0.00318319	0.162921	0.068598	0.169129	0.143924	0.023187	0.000534199	0.000641785
57	0.0149118	0.000691958	0.00985113	0.0365084	0.0528224	0.00189287	0.000932637	0.127264	0.0773163	0.105313	0.134675	0.0104525	0.059191	0.0444622	0.0135597	0.0430763	0.140698	0.102441	0.0143528	0.00958834
58	0.484804	0.00987749	0.00353001	0.00649907	0.00497501	0.259917	0.0018767	0.0112153	0.00453151	0.0137388	0.012831	0.005871	0.00256372	0.00825661	0.00592136	0.072086	0.0405049	0.0461374	0.00122738	0.00363584
59	0.00957587	0.000565873	0.000702793	0.00132473	0.0259325	0.00188869	0.140845	0.0162201	0.255653	0.0317626	0.00450934	0.0483238	0.000548329	0.0194687	0.364916	0.00275543	0.0172273	0.0114923	0.00629743	0.0399907
60	0.00673559	0.000959842	0.00153554	0.00324983	0.00224602	0.00290107	0.00154719	0.00314193	0.268134	0.131972	0.00266058	0.00203364	0.00111144	0.0940621	0.323004	0.00483761	0.00481507	0.131503	0.012089	0.00146064
61	0.0132627	0.00511527	0.00285095	0.00688915	0.0271643	0.00265933	0.000632267	0.143466	0.00478114	0.546563	0.0645018	0.00253753	0.00037969	0.0151205	0.0355604	0.00118281	0.0041133	0.104388	0.00680624	0.0120255
62	0.0105135	0.0047585	0.00790461	0.0308568	0.000571596	0.00593069	0.010578	0.00768365	0.317265	0.0226379	0.0127916	0.00191303	0.000875082	0.0619338	0.363353	0.019025	0.0783288	0.0422343	0.000400468	0.000445217
63	0.0508954	0.00100066	0.00155001	0.00232567	0.00204949	0.00257855	0.00120242	0.0575399	0.350438	0.0507695	0.0137853	0.00218341	0.1092	0.0599933	0.140984	0.0487273	0.0272946	0.0640803	0.000821286	0.0125802
64	0.0109249	0.00059391	0.1047	0.0216939	0.00111103	0.712783	0.000763438	0.00184948	0.0206743	0.00222978	0.00150681	0.0849367	0.000648393	0.001808	0.00931876	0.0169372	0.00337128	0.00288578	0.000467525	0.00079591
65	0.0728443	0.000376471	0.491638	0.115661	0.00162065	0.0228936	0.021585	0.00350064	0.0296019	0.00404554	0.0196932	0.0265668	0.000727567	0.0618312	0.0281659	0.042182	0.0438104	0.00921183	0.000812792	0.00323116
66	0.0265539	0.00938522	0.000359122	0.0056682	0.0594427	0.000795357	0.0208871	0.25452	0.00730177	0.249349	0.0377273	0.00337193	0.000251597	0.0176484	0.0280073	0.0057258	0.0412947	0.154682	0.0149658	0.0620625
67	0.00866786	0.0174639	0.000294458	0.000435168	0.00421642	0.000459056	0.000267587	0.141121	0.000427553	0.042419	0.000444777	0.000273675	0.000156836	0.000461348	0.000456835	0.000817237	0.00212569	0.779089	0.000179045	0.000223462
68	0.0153771	0.00613893	0.00221456	0.00949916	0.0381017	0.00257983	0.00259864	0.135163	0.0100364	0.477087	0.062744	0.0028853	0.000316686	0.0161442	0.0536863	0.00198634	0.00936495	0.121616	0.00737808	0.025081
69	0.0098597	0.023879	0.000320015	0.000380088	0.00302925	0.00057099	0.00025147	0.13911	0.000533139	0.0443214	0.000474573	0.000316801	0.000174348	0.000445903	0.000519795	0.000821063	0.00226462	0.772272	0.000195843	0.000260404
70	0.0802442	0.000163736	0.0586867	0.332299	0.00647348	0.0259578	0.0216735	0.0171978	0.0892863	0.0154262	0.0182501	0.0248196	0.000190622	0.07411	0.0771356	0.0551933	0.0489055	0.0277534	0.00424947	0.0219832
71	0.226696	0.00164801	0.00342914	0.0970021	0.00379021	0.00587114	0.00358351	0.0303082	0.0548186	0.0287613	0.0336632	0.0418976	0.0448461	0.0769384	0.00855374	0.0572661	0.223698	0.0529351	0.00158701	0.00270582
72	0.0109249	0.00059391	0.1047	0.0216939	0.00111103	0.712783	0.000763438	0.00184948	0.0206743	0.00222978	0.00150681	0.0849367	0.000648393	0.001808	0.00931876	0.0169372	0.00337128	0.00288578	0.000467525	0.00079591
73	0.0260621	0.000355524	0.270126	0.514473	0.00329235	0.0128058	0.000622391	0.000922101	0.0102993	0.00887629	0.00475922	0.0308565	0.00951123	0.0478642	0.00715611	0.0149914	0.0293176	0.00500577	0.000191729	0.00251165
74	0.0140808	0.00499442	0.000840539	0.00214664	0.0621355	0.00163891	0.00374192	0.222974	0.00225381	0.216729	0.103624	0.00321846	0.000722391	0.0269384	0.00525576	0.0143726	0.110511	0.173983	0.00406718	0.0257706
75	0.00231167	7.9498e-05	0.000146941	0.000235212	0.000308183	0.00028025	0.000141906	0.788322	0.00142926	0.0210515	0.00519618	0.000211963	9.95166e-05	0.000262219	0.0002758	0.000763673	0.00584166	0.172799	9.26746e-05	0.000151155
76	0.118018	0.000454819	0.000720835	0.00482674	0.000648226	0.0166646	0.00137504	0.00184429	0.00277058	0.00456199	0.00102212	0.00318402	0.761121	0.00551848	0.00443333	0.0303063	0.024802	0.0169601	0.000273806	0.000493541
77	0.298526	0.0306347	0.00169411	0.00295148	0.00502167	0.296649	0.0021179	0.0225713	0.00239373	0.0229306	0.0550374	0.0285427	0.000904079	0.013467	0.0233849	0.119952	0.0449342	0.0262411	0.00088727	0.00115912
78	0.040072	0.00135353	0.496484	0.102991	0.00349315	0.0359956	0.00737209	0.0103666	0.0202614	0.00785039	0.00779372	0.131965	0.00161725	0.0304513	0.0151337	0.0432878	0.0288163	0.0106911	0.000734329	0.00326947
79	0.173064	0.00251482	0.00733352	0.0044651	0.00238674	0.737298	0.00162509	0.00339312	0.0018494	0.00474549	0.00468392	0.00204287	0.000764598	0.00293199	0.00278253	0.0305455	0.00818591	0.00785016	0.000451163	0.00108641
80	0.0309065	0.000449967	0.193436	0.484362	0.00723892	0.0137725	0.00564885	0.00541555	0.029922	0.0111709	0.00766124	0.0303499	0.00782734	0.0505989	0.0228135	0.0222537	0.0495279	0.0148799	0.0012619	0.0105021
81	0.0209907	0.000377431	0.000170327	0.000381299	0.00698046	0.000768217	0.00014124	0.458603	0.000425762	0.0751728	0.0146025	0.000214204	0.000683537	0.000259994	0.000283747	0.00193979	0.00856397	0.409184	8.89e-05	0.000168829
82	0.0118721	0.000250765	0.000156134	0.000277529	0.00784983	0.00026858	0.000129108	0.46222	0.000256257	0.0810567	0.016937	0.000176458	0.000102368	0.000202189	0.000228119	0.000713855	0.0067336	0.410336	7.55393e-05	0.000157497
83	0.0815146	0.000180818	0.0587782	0.338321	0.00651575	0.0264554	0.0214141	0.0175577	0.0872758	0.0155195	0.0187439	0.0245133	0.000203003	0.0733142	0.0747831	0.0541068	0.0476735	0.0272526	0.00434704	0.0215295
84	0.0312357	0.000437331	0.0155376	0.00649101	0.000790848	0.890102	0.00205371	0.00191415	0.00448772	0.00327327	0.00137889	0.00542172	0.00467672	0.00550159	0.00532111	0.0111294	0.0046881	0.00425571	0.00057427	0.00072922
85	0.0885601	0.00164974	0.00102548	0.00603169	0.00915332	0.00584499	0.000331911	0.34057	0.00434974	0.0912843	0.0188173	0.000926896	0.00540907	0.000497787	0.00139531	0.0158192	0.0285456	0.378675	0.000170206	0.000943061
86	0.41712	0.00623469	0.0043448	0.00763101	0.00534121	0.338633	0.00385828	0.00977133	0.00502424	0.0451949	0.0164334	0.00754064	0.00219452	0.00839553	0.00834984	0.074231	0.019952	0.0154104	0.00129717	0.00304225
87	0.185791	0.00360827	0.00280117	0.00506493	0.0070933	0.00638325	0.00281765	0.0076568	0.00467275	0.0961467	0.0315443	0.00472811	0.00231528	0.00489997	0.00638591	0.280808	0.278509	0.0160344	0.001623	0.0511162
88	0.0123867	0.00342751	0.000159289	0.000314068	0.00614588	0.000473147	0.000169362	0.424352	0.000457373	0.0648358	0.0114367	0.000211571	0.000351716	0.000274749	0.000308843	0.00107644	0.00583422	0.467492	0.000112965	0.000180261
89	0.00388952	0.000508574	0.559599	0.0260004	0.000954559	0.00519698	0.000999435	0.00912421	0.0132414	0.00339217	0.00124119	0.30082	0.000436755	0.00951661	0.00588975	0.0343018	0.0154692	0.00832362	0.000367856	0.00072706
90	0.0815258	0.00105003	0.0714157	0.256494	0.00552332	0.0217342	0.0184197	0.0133877	0.14271	0.0159701	0.0146662	0.025727	0.00420262	0.10232	0.100953	0.0489342	0.0367969	0.0234896	0.00354129	0.0111374
91	0.308291	0.00823148	0.000519357	0.00366007	0.00349011	0.00870582	0.000547606	0.00148275	0.00132524	0.00166272	0.00131043	0.000981255	0.000522678	0.00110121	0.00330735	0.598691	0.0480327	0.00387392	0.000425311	0.00383853
92	0.30412	0.00567192	0.00791871	0.0149917	0.0114832	0.0155711	0.00908646	0.0213793	0.0185641	0.0227665	0.13207	0.103465	0.171844	0.0181398	0.0166128	0.0438565	0.0341727	0.0351017	0.00519813	0.00798614
93	0.0114799	0.000216882	0.00017217	0.000485937	0.00584161	0.000443149	0.00013517	0.534747	0.000627514	0.0660542	0.0144781	0.000208826	0.000256348	0.000230282	0.000290893	0.00106167	0.00680701	0.356183	8.81916e-05	0.000191624
94	0.0514601	0.0034658	0.0132717	0.0108303	0.00523479	0.0129955	0.00437168	0.00965033	0.00925012	0.0131613	0.00747108	0.0126594	0.00307857	0.00815804	0.012348	0.133503	0.662074	0.0220612	0.00203783	0.00291737
95	0.0192504	0.000476289	0.0125022	0.00360512	0.00083465	0.931052	0.00208956	0.00108238	0.00177243	0.00192356	0.00115872	0.00386343	0.000555284	0.00363445	0.0022187	0.00787869	0.00282364	0.00247351	0.0002305	0.000574897
96	0.0689801	0.00218279	0.138693	0.350272	0.00834849	0.0297684	0.0141782	0.0183733	0.0445372	0.02671	0.0158875	0.0327366	0.00649515	0.0831858	0.0372299	0.0396989	0.0355923	0.0253802	0.0044271	0.0173234
97	0.184745	0.00860536	0.0256798	0.0197348	0.00666534	0.0387607	0.0046865	0.00818817	0.0129419	0.011038	0.00797326	0.0295198	0.00835122	0.0132903	0.0158267	0.425471	0.15232	0.0200656	0.00160156	0.00453479
98	0.178959	0.0024044	0.0379883	0.270662	0.00740193	0.020282	0.012568	0.0222928	0.0567037	0.0185905	0.0173245	0.01911	0.00541777	0.0507853	0.0819919	0.0417769	0.108339	0.0308597	0.00433398	0.0122093
99	0.114801	0.000617201	0.0015119	0.00811779	0.00111424	0.0160307	0.00377879	0.00462461	0.00802695	0.00681779	0.00210312	0.00325518	0.732241	0.0110915	0.00834797	0.03341	0.0246843	0.0176603	0.00059841	0.00116739
100	0.0293842	0.00828516	0.000566206	0.00169424	0.00936266	0.00198063	0.000997335	0.324847	0.00397264	0.0896684	0.0157617	0.000777792	0.00526454	0.00142085	0.00277351	0.00463068	0.0182475	0.477567	0.00104007	0.00175764
101	0.00946306	0.00122451	0.00021066	0.00240974	0.0207863	0.000323006	0.00148227	0.37802	0.000424756	0.342166	0.0561393	0.000231006	0.000857687	0.00133835	0.000502849	0.000572176	0.00423566	0.174975	0.000207687	0.00443018
102	0.00548092	0.000441762	0.00135383	0.0156633	0.00054306	0.00468592	0.00733347	0.0047105	0.433965	0.00342568	0.00243786	0.00664744	0.000307957	0.0332333	0.45416	0.00757966	0.00983333	0.00738039	0.000271937	0.000544202
103	0.149163	0.00118821	0.0308326	0.206292	0.006657	0.124442	0.00652155	0.0100995	0.0708033	0.0316961	0.009299	0.0186114	0.00626092	0.180095	0.0270027	0.0522353	0.0180113	0.0402502	0.00409843	0.00643971
104	0.457519	0.00180197	0.00136933	0.00293937	0.00291985	0.00469068	0.00199688	0.0178486	0.0162879	0.00438371	0.0030295	0.00295807	0.0859081	0.0030634	0.0031022	0.330219	0.0184135	0.0386569	0.000803067	0.00208889
105	0.00743743	0.000217791	0.0168952	0.00274675	0.000486404	0.948312	0.00196708	0.000679238	0.0021235	0.000842952	0.000538308	0.00637847	0.000194303	0.00235876	0.00216425	0.00326641	0.00144983	0.00143275	0.000232103	0.000276688
106	0.0408946	0.00122455	0.00903406	0.00884023	0.00400177	0.0714877	0.00221671	0.00390871	0.00539213	0.00558557	0.00455123	0.0180343	0.00147872	0.00320532	0.00815545	0.296574	0.495508	0.0178039	0.000598301	0.00150474
107	0.0390344	0.00141077	0.483682	0.10529	0.00312776	0.0421327	0.00742079	0.00856232	0.0188115	0.00776334	0.00823206	0.130237	0.00435017	0.0286254	0.0142692	0.0500024	0.0319237	0.0103155	0.00126038	0.00354924
108	0.0204903	0.00257074	0.0033997	0.00739747	0.0865072	0.00637906	0.122088	0.0405952	0.182917	0.0250425	0.0340175	0.0756793	0.00195896	0.016672	0.250365	0.0115421	0.0419327	0.0413463	0.00480608	0.0242934
109	0.100789	0.214289	0.130716	0.0059964	0.0048734	0.00614324	0.00322153	0.00764295	0.00597876	0.00982945	0.00593027	0.0314977	0.00230823	0.00613434	0.00672172	0.401689	0.0370009	0.0130643	0.0023586	0.00381498
110	0.0475858	0.000635401	0.0252004	0.00158963	0.00919942	0.189208	0.00109336	0.00216508	0.0288647	0.0025788	0.00183255	0.0270293	0.0336423	0.00194105	0.0170922	0.533778	0.071088	0.00390368	0.000611427	0.000961057
111	0.0216357	0.00616136	0.000486121	0.00140071	0.00964034	0.00203367	0.00110308	0.350418	0.0020775	0.0854205	0.0152633	0.000679833	0.00352233	0.00118812	0.00226524	0.00334556	0.0124695	0.477403	0.00128233	0.00220364
112	0.0558046	0.00586926	0.00224457	0.00637386	0.0277232	0.00449829	0.00213972	0.272905	0.0055553	0.136109	0.0741383	0.0061517	0.00326112	0.00923923	0.00410785	0.0414869	0.103039	0.227074	0.00223186	0.0100473
113	0.445974	0.00314353	0.00514556	0.00903042	0.00191137	0.418054	0.000792747	0.00262119	0.001633	0.00936427	0.00779812	0.00182219	0.00071118	0.00245856	0.0026243	0.0646983	0.0126552	0.00796731	0.000638364	0.000957257
114	0.0823793	0.00316201	0.0486029	0.0241313	0.00974582	0.179755	0.0141464	0.00759105	0.0176588	0.0128187	0.00747959	0.115863	0.00706822	0.0183189	0.0122917	0.263395	0.156569	0.015023	0.0011891	0.00281125
115	0.053167	0.00368772	0.010434	0.0169101	0.00655341	0.0132701	0.00404388	0.0221585	0.0127653	0.0203278	0.0122362	0.0156169	0.00287723	0.00859036	0.0125337	0.119453	0.629149	0.0310095	0.0022891	0.00292663
116	0.00921642	0.00438549	0.00757918	0.0299445	0.000720832	0.00549295	0.0108729	0.00920111	0.315383	0.0261208	0.0135508	0.00141464	0.000851425	0.0580923	0.343477	0.0191786	0.0984621	0.0450456	0.000429114	0.00058148
117	0.00905455	0.0162194	0.000288736	0.000407669	0.00271849	0.000487683	0.000226947	0.133081	0.000485909	0.0598367	0.00094569	0.000308375	0.000176373	0.000622572	0.000551832	0.000939327	0.0034882	0.769591	0.000248632	0.000321669
118	0.0812878	0.00187588	0.000252395	0.00153415	0.00976059	0.00476767	0.000179606	0.36774	0.00152507	0.11585	0.0133831	0.000279832	0.00608035	0.000347473	0.000520047	0.00851154	0.021089	0.364323	0.000345881	0.000346132
119	0.227658	0.0033331	0.00899028	0.00720477	0.00621289	0.00588113	0.00459398	0.00314495	0.00353638	0.00986229	0.00552846	0.00440747	0.00150475	0.00610819	0.0153441	0.518576	0.136138	0.0213907	0.000726894	0.00985777
120	0.0114243	0.000587587	0.111016	0.0219167	0.00113427	0.703172	0.000953816	0.00184149	0.0204746	0.00223512	0.00161781	0.0839774	0.000722617	0.00212827	0.00937333	0.019349	0.00387235	0.00295614	0.000461861	0.000785592
121	0.0316399	0.00108316	0.00150124	0.168254	0.00207214	0.00265382	0.0266619	0.0034361	0.0830116	0.0049837	0.00316203	0.00193762	0.00150344	0.0527526	0.261951	0.0707638	0.0292372	0.0303219	0.173735	0.0493385
122	0.0118163	0.00162544	0.000315577	0.00223236	0.021951	0.000846544	0.00127388	0.356056	0.000414518	0.384954	0.054745	0.0002607	0.000944248	0.00169586	0.000597941	0.000607971	0.0045534	0.150326	0.000525167	0.00425859
123	0.0208468	0.000834378	0.00136256	0.0421531	0.0136301	0.00335579	0.00144997	0.098736	0.226559	0.0719638	0.00294174	0.00243774	0.00105934	0.00300966	0.104865	0.00526865	0.0504949	0.334967	0.0123177	0.00174636
124	0.0120222	0.000280677	0.000156142	0.000285087	0.00773062	0.000270904	0.000138139	0.453456	0.000257528	0.0785262	0.0164418	0.000179457	0.000100813	0.000224111	0.000232432	0.000694847	0.00621521	0.422561	7.3655e-05	0.000153514
125	0.0155576	0.00130336	0.0021622	0.108954	0.00169839	0.011058	0.00395691	0.00362918	0.202532	0.0137169	0.00371987	0.00337909	0.00129618	0.123245	0.400749	0.0411514	0.0198351	0.0401092	0.000918785	0.00102752
126	0.00964153	0.0217229	0.000282265	0.00035464	0.00313821	0.000465984	0.000217	0.140139	0.000490158	0.0436879	0.000478706	0.000304783	0.000157947	0.000441852	0.000497643	0.000815053	0.00216435	0.774605	0.000165276	0.000230197
127	0.0446004	0.000613545	0.000998514	0.00828146	0.00120573	0.0235533	0.000724398	0.00192724	0.00801674	0.0022893	0.00286213	0.00121869	0.000671732	0.00136712	0.0107649	0.116005	0.75695	0.0166317	0.000508911	0.000808741
128	0.37924	0.0207667	0.00106744	0.00204874	0.00169372	0.00280746	0.00114244	0.00288967	0.00232276	0.00431831	0.00366866	0.0336311	0.00298334	0.0469923	0.00282544	0.286214	0.111872	0.0912386	0.000863406	0.00141349
129	0.0640318	0.000274667	0.325474	0.322715	0.00435977	0.0413232	0.00112037	0.000962057	0.0179908	0.0174278	0.00408988	0.0914056	0.0027664	0.0512263	0.0139326	0.0179807	0.0158528	0.00602974	0.000257113	0.000779343
130	0.106451	0.000554777	0.00119175	0.0221669	0.0013536	0.00231209	0.00961282	0.01066	0.0268686	0.00300431	0.00144768	0.00588051	0.668298	0.0501531	0.0164322	0.0548769	0.00582724	0.0113837	0.000569405	0.000954661
131	0.0524747	0.00174018	0.0430807	0.0584464	0.00505635	0.68654	0.0053598	0.00514105	0.0159084	0.00853917	0.00548312	0.0280614	0.0015723	0.0180222	0.0110894	0.0263063	0.0119999	0.00896269	0.00296279	0.00325354
132	0.0163066	0.000323875	0.0552004	0.398265	0.000833281	0.00127952	0.0427558	0.00478745	0.0681908	0.00516837	0.00626039	0.0317729	0.000395355	0.240207	0.0618809	0.0391823	0.0203435	0.00415397	0.000323676	0.00236876
133	0.0222115	0.000381353	0.0114773	0.00379043	0.00100511	0.0140696	0.000428864	0.00118669	0.00308245	0.00126507	0.00137781	0.0222262	0.000353435	0.00115632	0.00637783	0.577304	0.326755	0.00396904	0.000265294	0.00131643
134	0.0321297	0.00382063	0.0035298	0.0113363	0.32253	0.00587405	0.0214096	0.0568009	0.00768779	0.148772	0.02009	0.0039328	0.00435199	0.00871176	0.0120845	0.0143562	0.0427676	0.0720503	0.0153504	0.192414
135	0.00790652	0.00106797	0.000382765	0.00147509	0.0126925	0.000533683	0.000891387	0.181698	0.000560033	0.634019	0.0746661	0.000393537	0.000357106	0.0043674	0.00188791	0.00155807	0.00550299	0.065824	0.000616342	0.00359981
136	0.0333678	0.000505089	0.487374	0.145802	0.00214998	0.0219554	0.00300375	0.00635796	0.0183985	0.00664163	0.00383948	0.167303	0.00161462	0.0291122	0.0111653	0.0331277	0.019014	0.00779858	0.000381523	0.00108751
137	0.00990246	0.000635056	0.000964659	0.00902587	0.000456543	0.00687386	0.0134525	0.0036299	0.351342	0.00463236	0.00336672	0.0103045	0.000470837	0.0544475	0.494601	0.0137666	0.0121768	0.00937213	0.000231775	0.000346835
138	0.0201591	0.0016691	0.000899609	0.00258504	0.0115331	0.00187224	0.00299171	0.224218	0.0017587	0.305391	0.315336	0.00110844	0.000706437	0.00383793	0.0034606	0.00475049	0.0104727	0.0783464	0.0023356	0.00656725
139	0.0268236	0.00152951	0.00168595	0.00440537	0.0133962	0.00304831	0.00269659	0.388234	0.00596231	0.18689	0.184973	0.00264882	0.00626447	0.00415475	0.0044428	0.00896412	0.017951	0.126863	0.00220024	0.00686698
140	0.257198	0.000306601	0.0431196	0.0319218	0.000797079	0.161812	0.0218943	0.0012135	0.0335912	0.00150929	0.00382044	0.0750324	0.00049085	0.0485475	0.0166082	0.243551	0.0503232	0.00583199	0.000364668	0.00206629
141	0.00545871	0.00154789	0.000210699	0.000400002	0.0173632	0.000410063	0.000257285	0.063236	0.000473959	0.773964	0.100311	0.000304242	0.000179411	0.00175669	0.000632215	0.00188904	0.00754418	0.0230869	0.000144395	0.000830658
142	0.010032	0.00366741	0.000217501	0.000367206	0.00473811	0.000426474	0.0001844	0.460229	0.000582768	0.0522466	0.00946298	0.000216146	0.0002169	0.000315921	0.000330673	0.00118372	0.00574511	0.449535	0.000117597	0.000184259
143	0.141249	0.000328877	0.0820191	0.250602	0.0027806	0.0301215	0.0134516	0.00820405	0.112187	0.0114299	0.00859501	0.0287152	0.00315915	0.128615	0.0684781	0.0583917	0.0287286	0.0145788	0.00151595	0.00684981
144	0.109521	0.000552808	0.0366286	0.0151693	0.00541228	0.20339	0.00519014	0.00166116	0.0301775	0.00240709	0.00257202	0.0547731	0.0187737	0.0206699	0.0155087	0.411426	0.0599527	0.00482336	0.000465533	0.000925147
145	0.738589	0.00132473	0.000545113	0.0030905	0.000563559	0.00166683	0.000432787	0.00090799	0.00309055	0.000991529	0.00275008	0.00307365	0.000595099	0.000834819	0.00342758	0.182456	0.0492685	0.00566726	0.000266964	0.000457152
146	0.146864	0.000201839	0.0334032	0.124212	0.000456349	0.0250331	0.0115152	0.0116249	0.116005	0.00893756	0.00310989	0.0247237	0.00521531	0.153152	0.0615627	0.186916	0.0675668	0.0190221	0.000179744	0.000298509
147	0.0954133	0.0900706	0.0122831	0.0283095	0.0182766	0.0308495	0.015136	0.0386731	0.107474	0.0539839	0.025439	0.0179238	0.00715325	0.0334839	0.23228	0.0512127	0.0571623	0.0603111	0.00635939	0.0182057
148	0.0719521	0.00048013	0.0130154	0.0378698	0.000677245	0.00944778	0.0252344	0.00155129	0.306745	0.0117864	0.00126763	0.0169655	0.0121111	0.0917542	0.28586	0.0562704	0.0406338	0.0128572	0.00305764	0.000462438
149	0.00741578	0.000474874	0.00114709	0.0147628	0.000458317	0.00556457	0.00841391	0.00424155	0.422108	0.00331637	0.00268561	0.00775476	0.000317299	0.0394983	0.455205	0.00922061	0.00942156	0.00739699	0.000238632	0.000357295
150	0.046588	0.0038804	0.00431654	0.00370838	0.00564624	0.00904829	0.00104595	0.00415077	0.00340898	0.00804856	0.0142574	0.0085933	0.00107599	0.0015573	0.00779737	0.210342	0.647795	0.0162146	0.000480779	0.00204418
151	0.0945924	0.00163696	0.0108151	0.0324923	0.00540482	0.00834563	0.0132341	0.0166704	0.097421	0.0145195	0.00785247	0.00900764	0.447016	0.0686165	0.0530477	0.0582303	0.028362	0.0237007	0.00300995	0.00602449
152	0.0580958	0.006891	0.107219	0.0261935	0.00834018	0.0501429	0.0121518	0.0108199	0.0154916	0.0142601	0.0091475	0.303662	0.00693718	0.0224013	0.0131393	0.217594	0.0900314	0.0201719	0.0038395	0.00346895
153	0.0692657	0.00250986	0.137691	0.373881	0.00736043	0.022831	0.0129899	0.0119873	0.0482531	0.0153098	0.0114248	0.0343181	0.0106378	0.0813005	0.0438416	0.0408421	0.0376184	0.0191263	0.00562453	0.0131862
154	0.00231167	7.9498e-05	0.000146941	0.000235212	0.000308183	0.00028025	0.000141906	0.788322	0.00142926	0.0210515	0.00519618	0.000211963	9.95166e-05	0.000262219	0.0002758	0.000763673	0.00584166	0.172799	9.26746e-05	0.000151155
155	0.395148	0.0165225	0.0051146	0.00903502	0.0114434	0.209307	0.00357979	0.0216664	0.00779291	0.0224339	0.0397875	0.0155571	0.00580107	0.0127483	0.0113242	0.121112	0.0411425	0.0430476	0.00132973	0.00610638
156	0.0153225	0.00239161	0.000982575	0.00247893	0.0215843	0.00191899	0.00128889	0.0969996	0.00447886	0.657442	0.11606	0.00192371	0.00167789	0.00430555	0.00526767	0.00621333	0.0117296	0.0426248	0.00156142	0.00374758
157	0.030703	0.00108853	0.0501616	0.0499718	0.0252953	0.0425966	0.0175346	0.00582739	0.00241634	0.0106523	0.00270985	0.146123	0.00103978	0.0141159	0.00268993	0.164564	0.421912	0.00863505	0.000694391	0.00126866
158	0.0763598	0.00218529	0.000226374	0.00141372	0.0158343	0.00546891	0.0005078	0.35557	0.00141396	0.143448	0.0163933	0.00031599	0.00617587	0.000688659	0.00063705	0.00686874	0.0200898	0.343285	0.00160608	0.00151083
159	0.0330273	0.00207659	0.000532334	0.000960352	0.306585	0.0024154	0.000522727	0.0723844	0.000866927	0.412	0.0350129	0.00069368	0.000757479	0.0015763	0.00183597	0.00509185	0.0091965	0.105295	0.00123127	0.00793774
160	0.0190632	0.00267855	0.000636736	0.00262	0.0285562	0.00273119	0.00185492	0.207865	0.0033503	0.503727	0.0689165	0.000960994	0.00124578	0.00447371	0.00795674	0.00362613	0.0110627	0.119507	0.00279032	0.00637671
161	0.240778	0.00453832	0.00170848	0.00123346	0.010825	0.0321464	0.000688067	0.135018	0.00129308	0.0495419	0.0655971	0.000986366	0.00239588	0.00127997	0.00123317	0.124875	0.0621854	0.253112	0.000423027	0.0101414
162	0.156298	0.00165324	0.00219312	0.00320643	0.002671	0.347258	0.00160796	0.00412818	0.00355522	0.00584199	0.00419654	0.00302131	0.00161771	0.00321403	0.0034905	0.27767	0.0887233	0.0865966	0.0010173	0.00203923
163	0.0054493	0.00167343	0.000225891	0.00044139	0.0186027	0.000428124	0.000269643	0.060272	0.000455504	0.776354	0.100202	0.000321488	0.000182605	0.00161514	0.000478994	0.00185999	0.00756628	0.0227863	0.000149011	0.000666372
164	0.0162629	0.000301441	0.00483204	0.00269596	0.000777174	0.00662969	0.000403489	0.00105344	0.00248201	0.00127018	0.00219202	0.00926305	0.000291321	0.000762687	0.00705307	0.272087	0.66674	0.0039397	0.000227191	0.00073571
165	0.0103355	0.00185706	0.000711146	0.00302824	0.0188715	0.000614443	0.00119551	0.299578	0.000625955	0.462572	0.0547518	0.000538616	0.000704568	0.0051817	0.00349908	0.000827595	0.00568176	0.123567	0.00116013	0.00469869
166	0.0264448	0.0143167	0.000413279	0.00137649	0.00160068	0.00186464	0.000374322	0.4462	0.00169836	0.0381105	0.00753445	0.000687905	0.000386458	0.000789966	0.00125927	0.0120356	0.0767381	0.367412	0.000299749	0.000456491
167	0.0299435	0.010474	0.000839805	0.00195922	0.294011	0.002891	0.000896996	0.051794	0.00222889	0.454259	0.0559662	0.00140236	0.00053362	0.00274284	0.00376448	0.00561538	0.0117162	0.0595701	0.00301101	0.00638059
168	0.0216955	0.00231777	0.000287861	0.00168783	0.0244975	0.00321541	0.000928731	0.330236	0.000425536	0.356475	0.046131	0.000220579	0.00142717	0.00145785	0.000603972	0.000935181	0.00714444	0.195414	0.00123097	0.00366792
169	0.0325257	0.00360957	0.000219632	0.00150008	0.0348739	0.00685615	0.000909244	0.311766	0.000323009	0.36164	0.0427979	0.000225027	0.00207711	0.000967524	0.000405104	0.000523975	0.00773968	0.184588	0.00286689	0.00358445
170	0.290677	0.00247317	0.00203117	0.00235699	0.00959247	0.0192959	0.00108366	0.0711858	0.00218492	0.0445009	0.00940366	0.00216308	0.000783732	0.00177492	0.00260146	0.0277306	0.0557506	0.452195	0.000732143	0.00148325
171	0.0289246	0.0496531	0.0004844	0.00125866	0.000715652	0.00119614	0.00045965	0.134489	0.00155161	0.0528573	0.00917055	0.000881126	0.000473634	0.000986733	0.00140211	0.0197905	0.173435	0.521369	0.000398135	0.000502912
172	0.24786	0.00925522	0.00513966	0.00104516	0.00470438	0.0282398	0.000558196	0.0906717	0.00098515	0.108662	0.0516911	0.00336382	0.00165598	0.00091453	0.00114075	0.0475429	0.0356671	0.357708	0.000427566	0.00276641
173	0.212095	0.0280616	0.00591759	0.00372564	0.0277478	0.00899082	0.000687896	0.00874447	0.00118931	0.0236155	0.0348395	0.0186174	0.00634399	0.00796452	0.00184531	0.255834	0.285462	0.0668395	0.000312431	0.00116551
174	0.00856767	0.000965578	0.000261966	0.00154095	0.0163134	0.000391866	0.000998011	0.250924	0.000556613	0.526084	0.083498	0.000342965	0.000498563	0.00258968	0.00122313	0.00128859	0.00479717	0.0949695	0.00034478	0.00384376
175	0.0562359	0.000956436	0.00155186	0.0469971	0.0866143	0.0157178	0.00132814	0.0152533	0.0902866	0.0623152	0.00294894	0.0134693	0.15375	0.0307118	0.0483136	0.049929	0.0162934	0.0814294	0.0522034	0.173695
176	0.068573	0.00130768	0.00952712	0.0411275	0.0121294	0.00285369	0.000932532	0.172597	0.0172553	0.0523368	0.0467928	0.0106503	0.000833454	0.00188212	0.00753212	0.0255621	0.107271	0.411099	0.000698031	0.00903979
177	0.00598327	0.00156737	0.000263045	0.000530679	0.017485	0.000514741	0.000283425	0.0655031	0.000604976	0.767872	0.0985674	0.000348962	0.000190832	0.00204871	0.00151316	0.0018709	0.00709643	0.026279	0.000327717	0.00114932
178	0.0878381	0.00132462	0.000293187	0.00211567	0.00780106	0.00546204	0.000237137	0.38005	0.00208184	0.0887791	0.0125688	0.000359097	0.00561603	0.000450804	0.000729756	0.0131335	0.0249197	0.365788	0.000132579	0.000319463
179	0.827493	0.0100411	0.000254206	0.00124627	0.00132042	0.00733899	0.000272893	0.000639293	0.00114133	0.000698829	0.00135999	0.00118297	0.000326086	0.000463317	0.00131407	0.121509	0.0150944	0.00785658	0.000171374	0.00027564
180	0.0274234	0.00664193	0.000819212	0.00242531	0.184181	0.00432284	0.00210176	0.0799499	0.00272158	0.512672	0.0554639	0.0016135	0.00121288	0.00442747	0.00493579	0.00490999	0.0127051	0.0677983	0.00816807	0.0155057
181	0.0403298	0.0102208	0.000780888	0.00147573	0.368348	0.0040798	0.000666312	0.0356766	0.00141102	0.404149	0.0338562	0.00113741	0.000722922	0.00162272	0.00157537	0.00546198	0.0174076	0.0603579	0.00431875	0.00640051
182	0.0128194	0.00139812	0.000171776	0.000367989	0.00606945	0.000495001	0.000132498	0.483101	0.000528848	0.0647498	0.0131704	0.000186315	0.000369969	0.00026705	0.000268025	0.00112951	0.00667937	0.407822	9.09466e-05	0.000182399
183	0.385964	0.233136	0.00708482	0.0107913	0.0130032	0.0199205	0.0051676	0.0240473	0.0125944	0.0190807	0.014227	0.0104356	0.00392137	0.00959806	0.0139273	0.0363757	0.0739549	0.0515269	0.00435918	0.0508837
184	0.0223362	0.00447391	0.00194909	0.00484493	0.0394187	0.00424298	0.00233525	0.102836	0.00622291	0.604864	0.0814213	0.0032395	0.00201188	0.00641687	0.0103224	0.00934433	0.0150835	0.0679418	0.00407055	0.00662364
185	0.0440398	0.00119385	0.0015166	0.00291672	0.0046617	0.00400806	0.00172203	0.467264	0.00279679	0.0622956	0.239617	0.00219659	0.00281888	0.00271666	0.0031696	0.00766286	0.0169301	0.129358	0.000908768	0.00220523
186	0.10457	0.000484777	0.00382742	0.0128001	0.00159605	0.0159929	0.00403245	0.0110182	0.00967139	0.00677277	0.00229795	0.00441183	0.720302	0.0152182	0.00958753	0.0303915	0.023512	0.0204383	0.000709576	0.00236514
187	0.0474096	0.0043598	0.00800804	0.0106444	0.0062312	0.014376	0.00297965	0.0121417	0.00909119	0.0125016	0.00963959	0.00971879	0.00208466	0.00518437	0.0115776	0.137029	0.664273	0.0270352	0.0016203	0.00409468
