305	20
1	0.00230598	0.00040506	0.000447559	0.00065353	0.0131117	0.00285487	0.000463735	0.0583698	0.000683918	0.80453	0.0801892	0.000620673	0.00193936	0.00349677	0.00056694	0.00201105	0.00458905	0.0141852	0.000231057	0.00834496
2	0.0577391	0.00564246	0.0314786	0.0138166	0.217882	0.00542709	0.0233775	0.0547076	0.0121366	0.2264	0.0724842	0.0338485	0.00216866	0.0064588	0.00276484	0.028544	0.038815	0.0399535	0.0452939	0.0810613
3	0.0281765	0.043058	0.00383162	0.0056624	0.0457512	0.0243382	0.00390119	0.0125411	0.00479917	0.0308746	0.041333	0.0469375	0.00455118	0.00561869	0.00455764	0.082541	0.543281	0.0599363	0.00313435	0.00517502
4	0.014064	0.000972101	0.783551	0.0144386	0.000922162	0.0158282	0.0124967	0.00131955	0.0035467	0.00137239	0.00114054	0.101577	0.0010839	0.00201906	0.00385379	0.0245757	0.0143952	0.00147183	0.000433232	0.000938079
5	0.0275034	0.00323923	0.0132713	0.0433505	0.162748	0.00518499	0.00224469	0.0308964	0.0307239	0.444274	0.0505066	0.00351653	0.00418044	0.0513686	0.0386109	0.0303313	0.00384424	0.0135613	0.00410232	0.0365409
6	0.0243376	0.00562572	0.00399796	0.0127107	0.211783	0.00402649	0.0132904	0.0144889	0.00671768	0.0272615	0.0153008	0.00625037	0.00122907	0.0108985	0.00618271	0.00928931	0.0153776	0.0129434	0.0308036	0.567485
7	0.0902979	0.00318489	0.0306101	0.615428	0.00299748	0.00875397	0.00583374	0.00563692	0.0475244	0.0213628	0.00471849	0.0126135	0.00205823	0.109898	0.0075161	0.0126386	0.00869876	0.00540628	0.00157697	0.00324461
8	0.00294268	0.0018136	0.000674841	0.00121651	0.05805	0.00237235	0.000664851	0.0585133	0.00117036	0.767732	0.0655101	0.000831878	0.00388127	0.0030665	0.00119221	0.00266901	0.00347629	0.0111992	0.000269655	0.0127531
9	0.169024	0.00448868	0.0172273	0.0168055	0.0138935	0.109561	0.00519367	0.0129316	0.0132276	0.0106839	0.0115943	0.0419578	0.00318554	0.00745973	0.0334625	0.271596	0.20535	0.0447867	0.00269642	0.0048746
10	0.0618938	0.0136995	0.0142637	0.100237	0.0286552	0.019772	0.0157557	0.0553322	0.0192208	0.0717312	0.22874	0.0202799	0.0126388	0.0296783	0.0218342	0.0348696	0.0343775	0.115841	0.0811153	0.0200644
11	0.461484	0.0072992	0.00252276	0.0039257	0.00420938	0.130264	0.00252486	0.0225365	0.00462614	0.0196887	0.122638	0.0195008	0.00147936	0.0036903	0.0042595	0.115909	0.039665	0.0296501	0.00156069	0.00256659
12	0.0604759	0.00285618	0.0197806	0.0369407	0.00301151	0.00356078	0.0359439	0.00471797	0.0461257	0.0215605	0.00435545	0.106713	0.00171861	0.371527	0.00421451	0.0236534	0.00641974	0.00572175	0.0013888	0.239314
13	0.468122	0.0468588	0.000720555	0.00127309	0.000689445	0.0431974	0.00157362	0.0446953	0.000854061	0.0155806	0.00702267	0.0125775	0.000395841	0.000942616	0.00252885	0.0999581	0.0863897	0.165635	0.000313253	0.000670981
14	0.0205707	0.00465617	0.00185084	0.00905771	0.288369	0.00149616	0.0125825	0.00845728	0.00176509	0.0392287	0.0190104	0.00108756	0.000444271	0.00204511	0.00149157	0.00274493	0.00890495	0.00688921	0.0348075	0.534541
15	0.00773312	0.00995758	0.0100496	0.00148638	0.546074	0.00237045	0.00883143	0.00580442	0.00135172	0.177966	0.0279286	0.00168868	0.000487785	0.00706838	0.00663217	0.00273488	0.00201265	0.0135036	0.0408443	0.125475
16	0.504601	0.0486976	0.000522554	0.000902219	0.000644081	0.0315415	0.00148415	0.0386564	0.00071746	0.0135826	0.00695295	0.00969451	0.000300333	0.000772026	0.00213344	0.101076	0.0802397	0.156488	0.000299199	0.000694911
17	0.0615396	0.079325	0.00137215	0.00952903	0.00138275	0.00254237	0.00140246	0.184414	0.0260431	0.0688958	0.00180843	0.00187464	0.0014584	0.0171182	0.0196812	0.0350633	0.0840256	0.391083	0.000750137	0.0106901
18	0.00386654	0.00429429	0.00113117	0.00155568	0.675192	0.000819554	0.0166409	0.0105255	0.00095977	0.0170523	0.00802039	0.000859016	0.0003475	0.00112072	0.00101684	0.0104031	0.00446328	0.00190077	0.00483411	0.234996
19	0.0670247	0.00764211	0.349041	0.23552	0.00402962	0.00104189	0.0221847	0.00108895	0.0297575	0.00454203	0.000791524	0.0925332	0.000407719	0.0529163	0.0215874	0.0598296	0.0442691	0.00107031	0.0036117	0.00111055
20	0.186646	0.0213028	0.00257104	0.00585702	0.00522566	0.0180394	0.014396	0.0593339	0.00328549	0.152152	0.135961	0.00330849	0.00152032	0.00517883	0.015368	0.0174996	0.00700124	0.29414	0.0154828	0.0357304
21	0.0028316	0.00407936	0.000627959	0.000943159	0.70359	0.00075957	0.0174874	0.010789	0.000935219	0.0104036	0.00705676	0.000774849	0.000259698	0.000956044	0.000749699	0.0110384	0.0042635	0.0011835	0.00208867	0.219182
22	0.00288914	0.0040426	0.000632056	0.000975521	0.700023	0.000775625	0.017382	0.0109523	0.00093254	0.0102082	0.00705779	0.000849692	0.000257778	0.000960304	0.000747882	0.0109685	0.00444403	0.00142604	0.00200934	0.222465
23	0.00685591	0.00224325	0.00211027	0.00378088	0.00237688	0.00270581	0.00255477	0.00257635	0.0124835	0.00361003	0.00275816	0.0103674	0.00146386	0.0189311	0.905795	0.00546518	0.00450338	0.00470434	0.00218985	0.00252365
24	0.014669	0.00063822	0.0380614	0.0589967	0.0014986	0.0100749	0.0510636	0.00164312	0.373056	0.00294857	0.000691545	0.0536514	0.00027985	0.055719	0.2295	0.0541163	0.0466893	0.00531709	0.000396477	0.000989483
25	0.0554076	0.0303998	0.00251178	0.0378789	0.00286258	0.0173378	0.0399841	0.101348	0.00354713	0.151976	0.0657215	0.229399	0.0431878	0.0545446	0.0177502	0.0296391	0.0361488	0.0764288	0.00137116	0.00255546
26	0.124991	0.00734922	0.0335621	0.0841224	0.0110859	0.0308723	0.0191692	0.0123847	0.0509545	0.0193151	0.0118923	0.0326273	0.370975	0.0298723	0.0229808	0.0424013	0.0535678	0.0279706	0.0032114	0.0106953
27	0.0172122	0.0679673	0.227925	0.0795846	0.253969	0.00795789	0.00770967	0.00802354	0.0112767	0.0101062	0.00729295	0.107287	0.00340143	0.00937266	0.00790447	0.0804298	0.0122639	0.0103564	0.00240829	0.0675505
28	0.0393232	0.000617421	0.148664	0.130565	0.000597494	0.159112	0.0284508	0.00103938	0.127127	0.00525704	0.000935321	0.228229	0.00559736	0.06104	0.0204139	0.0307561	0.00585988	0.0011385	0.000344436	0.00493043
29	0.13882	0.00918555	0.0299536	0.0222533	0.00296269	0.357339	0.0286118	0.00354915	0.00339436	0.00376349	0.00337297	0.120265	0.00787676	0.0093574	0.00378063	0.237145	0.00810342	0.00661539	0.00109175	0.00255832
30	0.134418	0.0065548	0.0169508	0.0337875	0.00596222	0.358475	0.0151383	0.00568645	0.00525946	0.00508942	0.00499511	0.061454	0.0196365	0.0202179	0.00570046	0.275032	0.0101965	0.0107962	0.0013688	0.00328013
31	0.0114784	0.00276534	0.00069249	0.00575254	0.414745	0.000913713	0.0101407	0.00775336	0.00113196	0.0131975	0.00991122	0.000969588	0.000367322	0.000963245	0.000913778	0.00534244	0.00721972	0.00474637	0.0169919	0.484004
32	0.476639	0.0496525	0.000535949	0.000821719	0.000547797	0.0251086	0.00123206	0.047064	0.000670839	0.0170465	0.00600046	0.00918422	0.000327534	0.00076286	0.00218568	0.0967185	0.0888945	0.175913	0.000232063	0.000462278
33	0.00351162	0.00340772	0.000332681	0.000529509	0.00340718	0.000361273	0.000342523	0.557241	0.00044978	0.133113	0.0473173	0.000477018	0.000276355	0.000904502	0.00124874	0.000790314	0.00271035	0.243126	0.000151694	0.000302268
34	0.173616	0.0382803	0.00130113	0.00257113	0.117287	0.00811868	0.00139517	0.126815	0.00294543	0.0403362	0.0604338	0.023636	0.000629182	0.00198185	0.00192086	0.126843	0.0998664	0.140661	0.0092519	0.0221098
35	0.613855	0.0910408	0.00150883	0.00277642	0.00222492	0.0372116	0.00423438	0.0122025	0.0020554	0.0088758	0.00474988	0.0198407	0.000974405	0.00234721	0.00279816	0.0810365	0.0452854	0.063658	0.000794314	0.00252938
36	0.0149817	0.00760052	0.00883238	0.00947227	0.000845466	0.91104	0.00404691	0.00200495	0.00527409	0.00465287	0.00142508	0.0092404	0.000785526	0.00306802	0.000977167	0.00733534	0.00266448	0.00350482	0.000416674	0.00183155
37	0.00347325	0.000476995	0.000369902	0.00089467	0.0143064	0.00161361	0.000868627	0.159778	0.00145243	0.686933	0.062069	0.000581717	0.000791749	0.00456575	0.000790617	0.00177924	0.0062789	0.0479435	0.00146362	0.00356855
38	0.0988096	0.00611538	0.109731	0.520128	0.000964137	0.0356236	0.0145164	0.00400739	0.0319881	0.00252733	0.00797118	0.0458799	0.00155464	0.0720823	0.00429176	0.0355912	0.00507544	0.00184461	0.000388717	0.000909203
39	0.0378981	0.00130004	0.000446505	0.000863417	0.0216336	0.000524362	0.00047352	0.305911	0.00485253	0.276921	0.0444595	0.000648581	0.0028082	0.00584205	0.00277233	0.00111371	0.0122026	0.277421	0.00146397	0.000444143
40	0.0336593	0.00149976	0.000410655	0.000716071	0.0196479	0.000504493	0.000432572	0.33058	0.00494002	0.272045	0.0401964	0.000547385	0.00257782	0.00607717	0.00281005	0.000905003	0.0126248	0.268153	0.00129458	0.000377826
41	0.0675413	0.00765583	0.347449	0.236198	0.00407452	0.00099393	0.0220801	0.00110505	0.0298302	0.00455365	0.000803155	0.0927459	0.000407753	0.0530543	0.0216699	0.0600937	0.0442304	0.00104334	0.00363776	0.00083205
42	0.0469647	0.0207669	0.0106465	0.0280804	0.193868	0.0111601	0.00838758	0.0561896	0.0249738	0.0872457	0.0228183	0.00739123	0.00315443	0.0248347	0.00550817	0.0264605	0.046178	0.0282281	0.0672874	0.279856
43	0.0123202	0.00356801	0.000233863	0.0003984	0.0113909	0.000323779	0.000233499	0.442329	0.00164836	0.227122	0.0451996	0.000394034	0.000759643	0.00234601	0.00189211	0.000657827	0.00674891	0.241444	0.000768358	0.000222623
44	0.0195009	0.000824466	0.0255673	0.301983	0.00109489	0.00126836	0.00608858	0.010697	0.240618	0.00929187	0.00642234	0.0911464	0.00057585	0.116829	0.0786615	0.0508082	0.00716003	0.0217863	0.000578138	0.00909699
45	0.0155704	0.00104404	0.119932	0.0579902	0.00154228	0.0574115	0.0824561	0.00958075	0.0370876	0.00261099	0.00164499	0.458384	0.000608702	0.0683683	0.0018169	0.0531	0.0261034	0.00274718	0.000602167	0.00139862
46	0.0409036	0.00298522	0.00606561	0.00509941	0.392557	0.00584764	0.00798689	0.0386087	0.00199924	0.268748	0.0986798	0.00985822	0.000580713	0.00331023	0.00219008	0.00730729	0.00488213	0.0239072	0.0402562	0.0382265
47	0.0452395	0.00134076	0.00151019	0.0184042	0.00141924	0.0185557	0.200299	0.00993557	0.106156	0.0115661	0.00184789	0.0471154	0.000723058	0.0271583	0.32071	0.0981362	0.0664245	0.0110968	0.000783279	0.0115791
48	0.00550055	0.00443318	0.00175107	0.00224997	0.665671	0.00160598	0.0173331	0.0158352	0.00220505	0.0152745	0.00797171	0.00174547	0.000723926	0.00197613	0.00164397	0.0158408	0.0062791	0.00294735	0.00653377	0.222478
49	0.0310306	0.000999009	0.140988	0.0816609	0.00214021	0.0419002	0.00322599	0.00147139	0.0233712	0.00785168	0.0013444	0.0814259	0.000562893	0.00718028	0.0145611	0.326277	0.212228	0.00616757	0.000532828	0.0150819
50	0.119085	0.00169569	0.242153	0.253328	0.00138723	0.106912	0.0101994	0.00224741	0.0820422	0.00258137	0.0115957	0.0417974	0.0231514	0.0326034	0.0159902	0.037148	0.0113696	0.00280452	0.0005516	0.00135707
51	0.0176425	0.00544594	0.00196221	0.00694261	0.417799	0.00177814	0.0134175	0.0122131	0.00260462	0.0399886	0.0159256	0.00118987	0.000529604	0.00252266	0.00162286	0.00589959	0.00834752	0.0069642	0.0261411	0.411063
52	0.00374557	0.000458966	0.000352946	0.000595541	0.0199049	0.00052008	0.000408755	0.273217	0.00246688	0.57657	0.0425843	0.000493354	0.000261796	0.00188278	0.000530833	0.00118801	0.00417531	0.0675785	0.00268651	0.000378387
53	0.0675413	0.00765583	0.347449	0.236198	0.00407452	0.00099393	0.0220801	0.00110505	0.0298302	0.00455365	0.000803155	0.0927459	0.000407753	0.0530543	0.0216699	0.0600937	0.0442304	0.00104334	0.00363776	0.00083205
54	0.0217566	0.00474947	0.00101236	0.0108698	0.244963	0.00160221	0.00966932	0.00956376	0.00222608	0.0261236	0.0168406	0.00107067	0.00047209	0.00213787	0.00119229	0.00263632	0.01052	0.00718156	0.0337102	0.591702
55	0.00879779	0.00145302	0.00102258	0.00340785	0.0210834	0.00293141	0.00129279	0.113426	0.00270311	0.688994	0.0744014	0.00178486	0.00187943	0.0050074	0.00250344	0.00434861	0.0070347	0.0481881	0.00145861	0.00828118
56	0.0956787	0.00142222	0.00150201	0.0759411	0.00152794	0.0182942	0.00175011	0.0107464	0.265344	0.0113357	0.00195055	0.00205667	0.00068989	0.0348147	0.35166	0.108567	0.0117193	0.00270754	0.000913629	0.00137806
57	0.0369909	0.00309051	0.00637365	0.0020917	0.450262	0.00637291	0.00903014	0.0327707	0.00140689	0.221843	0.0897216	0.0087195	0.000499094	0.00251242	0.00226098	0.00587115	0.00407216	0.0206285	0.0441289	0.0513534
58	0.0119206	0.000639669	0.0354034	0.0593553	0.00141902	0.0100731	0.0535743	0.00119261	0.369851	0.00267069	0.00082162	0.0474377	0.000331993	0.0534859	0.25745	0.0501683	0.0388058	0.00416096	0.000424822	0.000812943
59	0.0372639	0.00429509	0.00519699	0.0125096	0.323775	0.00467752	0.00637296	0.037701	0.0035362	0.3229	0.114326	0.0144645	0.000891064	0.00717097	0.00376315	0.0125986	0.00474705	0.0287673	0.0258577	0.0291861
60	0.0271644	0.0199973	0.0665738	0.0820588	0.00317076	0.00145481	0.0210234	0.0080893	0.0517965	0.00204964	0.00167156	0.0605809	0.00075244	0.0330832	0.0792417	0.215092	0.309669	0.0126289	0.000446371	0.00345547
61	0.0797095	0.141121	0.00222652	0.00376025	0.0019784	0.582813	0.00213324	0.0238153	0.00273712	0.0552578	0.0125163	0.00282035	0.00158017	0.0132484	0.00287938	0.0154837	0.00423984	0.0487709	0.000976835	0.00193203
62	0.025547	0.00539592	0.122762	0.0898145	0.00297957	0.0199443	0.00765522	0.00296533	0.0363631	0.00462495	0.00100141	0.0792824	0.000497305	0.0173607	0.034819	0.288196	0.240326	0.0107786	0.000420012	0.009267
63	0.00337138	0.00343579	0.000339747	0.000542538	0.00336178	0.000360557	0.000342292	0.556733	0.000448279	0.133643	0.0477329	0.000478702	0.000246709	0.000894389	0.00125048	0.000788429	0.0026777	0.242904	0.000151709	0.000296849
64	0.00522912	0.00120676	0.055168	0.0548539	0.0470757	0.0117285	0.0868746	0.00721633	0.0516425	0.0292435	0.00677021	0.0919791	0.000587811	0.0100313	0.0336188	0.0450126	0.0624248	0.010106	0.073651	0.315579
65	0.758745	0.0141696	0.000659589	0.00220444	0.00117479	0.023832	0.000795316	0.00102729	0.00102325	0.00343435	0.00440851	0.00246072	0.000334983	0.000929548	0.000752239	0.139491	0.0341708	0.00526956	0.000340507	0.00477641
66	0.0503837	0.00331135	0.00214651	0.00317485	0.106184	0.0029056	0.0020551	0.208661	0.00233706	0.0710496	0.18718	0.00276233	0.0413308	0.00314933	0.00261138	0.0164314	0.00450358	0.280786	0.00291882	0.00611771
67	0.0510993	0.00627896	0.0668265	0.141831	0.00140628	0.00241136	0.0324217	0.00516317	0.20276	0.0450126	0.00188487	0.0116982	0.140268	0.0445413	0.11061	0.0192178	0.0401469	0.0551719	0.00079942	0.0204515
68	0.0546472	0.00563903	0.294193	0.363521	0.00264983	0.0159524	0.0150708	0.00610502	0.028117	0.00432286	0.00441948	0.0575369	0.00250845	0.0429629	0.0109317	0.0445237	0.032897	0.00552154	0.00141711	0.00706249
69	0.0158229	0.00784535	0.0088643	0.00992025	0.000861196	0.907074	0.00440636	0.00202162	0.00534499	0.00479129	0.00126879	0.00869331	0.000980113	0.00346935	0.00116952	0.00819411	0.00281623	0.00405501	0.000404149	0.00199718
70	0.0249244	0.00632989	0.0855988	0.146795	0.0106702	0.00830414	0.00811375	0.0044361	0.0237304	0.0035747	0.00227755	0.0577814	0.000825718	0.0206947	0.0602861	0.235481	0.270528	0.0154545	0.000774709	0.0134183
71	0.0840253	0.0179698	0.000520162	0.000661387	0.00747664	0.00342279	0.000493789	0.202196	0.000710668	0.0421168	0.0147436	0.000694817	0.0212497	0.000746602	0.000661402	0.00930085	0.0206017	0.571669	0.000226793	0.000512059
72	0.0840656	0.0181513	0.000525517	0.000658593	0.00757366	0.00342455	0.000503336	0.202286	0.000720535	0.0419941	0.0152508	0.000744689	0.0211056	0.000756416	0.000664076	0.00929812	0.0204189	0.571064	0.000226956	0.000568012
73	0.00764605	0.00490093	0.00243891	0.00281138	0.59501	0.00117388	0.0184059	0.00985068	0.00169422	0.0377444	0.012958	0.00162802	0.000331528	0.00215808	0.00175877	0.00855942	0.0057477	0.00360923	0.0144192	0.267154
74	0.241229	0.00390262	0.0350881	0.0115783	0.00639328	0.0763513	0.0300185	0.00629197	0.0299837	0.00818736	0.0071266	0.0619773	0.39518	0.0293445	0.00717916	0.0167477	0.0111355	0.0132766	0.00221789	0.00679098
75	0.0196461	0.00216501	0.0413774	0.00407081	0.0283958	0.123682	0.143638	0.00370206	0.0572098	0.0184381	0.0159762	0.206232	0.00123954	0.0895641	0.0912186	0.018852	0.0616248	0.00454279	0.00108236	0.0673424
76	0.209026	0.0125348	0.0225863	0.198033	0.0117629	0.0632664	0.00961704	0.0215682	0.0143099	0.015948	0.0136922	0.0167679	0.00592464	0.0172585	0.0619976	0.0500398	0.116087	0.122092	0.00653123	0.0109569
77	0.128383	0.00887916	0.0251639	0.0291851	0.0152086	0.0308593	0.0192296	0.0288493	0.0320142	0.0230421	0.0153068	0.0307115	0.392053	0.018682	0.0209609	0.0382709	0.0369337	0.0886171	0.00428438	0.0133645
78	0.00375065	0.000456446	0.000357122	0.000596944	0.0199063	0.000497759	0.000418401	0.274235	0.00246683	0.575585	0.042367	0.00048828	0.000252895	0.00187624	0.000524909	0.00119686	0.0041864	0.067833	0.00267485	0.000329176
79	0.0218285	0.00134545	0.000335627	0.000581057	0.0208775	0.000430795	0.000356622	0.298785	0.00339256	0.372056	0.0474101	0.000607706	0.00136777	0.00394541	0.00195609	0.000903542	0.00995603	0.210859	0.00257701	0.000427647
80	0.0164211	0.0305021	0.00525537	0.0125284	0.00504128	0.00733194	0.00626019	0.18673	0.0936958	0.0108311	0.00705845	0.00784648	0.00236084	0.105127	0.126984	0.133512	0.139599	0.0952337	0.00222186	0.0054597
81	0.00226151	0.000507736	0.000601848	0.000920144	0.00449222	0.000690097	0.000566843	0.258286	0.000887045	0.00508609	0.000650114	0.000829814	0.000286958	0.000919889	0.000770635	0.00162895	0.0014609	0.718254	0.000371068	0.000527695
82	0.0142592	0.0139227	0.0720245	0.192559	0.00234258	0.00283931	0.0578378	0.0290856	0.171558	0.0111809	0.00297581	0.00658521	0.00938424	0.056798	0.157259	0.059965	0.0662744	0.0553446	0.00083665	0.0169672
83	0.278179	0.00141532	0.00325334	0.00611835	0.00157774	0.624679	0.00131182	0.0020631	0.00180195	0.00261062	0.00158687	0.00229896	0.00106224	0.00194734	0.00188829	0.0321004	0.0307357	0.00333171	0.000706914	0.00133078
84	0.00928886	0.00146611	0.00467545	0.0170452	0.00367236	0.00344878	0.0214099	0.00248086	0.0766669	0.00301406	0.00295791	0.0489726	0.512103	0.00674003	0.0455582	0.0945513	0.130755	0.0118793	0.000695342	0.00261857
85	0.0346629	0.00146759	0.000415063	0.000739558	0.0202315	0.000517581	0.000456554	0.319709	0.00501602	0.278608	0.0408792	0.000540383	0.00237636	0.00605771	0.00273037	0.000928634	0.0128095	0.270078	0.00139178	0.000384626
86	0.113259	0.0172037	0.00720833	0.0200718	0.0697749	0.0345915	0.00377516	0.220323	0.00666406	0.130022	0.0853459	0.00459821	0.0264401	0.0123969	0.00451247	0.00833982	0.0401978	0.131386	0.0249383	0.0389511
87	0.00782164	0.00180341	0.0747612	0.44684	0.00185393	0.00328179	0.0212116	0.0153461	0.00374378	0.00443759	0.0260967	0.00949494	0.0236217	0.299135	0.0025438	0.0345432	0.016396	0.00381674	0.00105189	0.00219864
88	0.572133	0.163137	0.00164735	0.00281185	0.00237793	0.0430313	0.00563343	0.00733066	0.00262176	0.0156411	0.00257214	0.00803472	0.000943132	0.00306132	0.00333958	0.0221065	0.0616424	0.0787433	0.00116668	0.00202539
89	0.0220295	0.0045351	0.00797719	0.037478	0.00782366	0.00759096	0.00628443	0.015652	0.079945	0.20241	0.105539	0.00950833	0.00324346	0.312402	0.0151499	0.0506123	0.0837289	0.0174517	0.00271879	0.00791983
90	0.00356112	0.000404794	0.000376263	0.00060229	0.0209634	0.000680533	0.000427531	0.256013	0.00227651	0.593984	0.0465193	0.00051723	0.000454247	0.00203033	0.000492546	0.001263	0.00413412	0.0617925	0.00241424	0.00109358
91	0.023352	0.00226508	0.000297834	0.000520173	0.015939	0.000383433	0.000347038	0.38676	0.00297456	0.247953	0.0399929	0.000464428	0.0014545	0.00434299	0.00297923	0.000681706	0.00963607	0.258488	0.000886765	0.000281602
92	0.0571018	0.00375728	0.0626198	0.535625	0.00361236	0.0124217	0.0116521	0.00939191	0.0372839	0.0116979	0.0115533	0.0204859	0.00886609	0.138251	0.0114435	0.030242	0.0196107	0.00955886	0.00148713	0.00333807
93	0.225068	0.00804911	0.0106913	0.0111579	0.0104171	0.0968659	0.00537513	0.010491	0.00726996	0.00967022	0.0095738	0.0263153	0.00374942	0.00477809	0.0135937	0.288403	0.226092	0.0269276	0.00172654	0.00378604
94	0.135979	0.0170128	0.00343203	0.024631	0.0732662	0.024185	0.00693797	0.15841	0.0137031	0.131016	0.0720211	0.00799113	0.0867386	0.0122286	0.0075115	0.0151123	0.0627185	0.0847668	0.0250761	0.0372628
95	0.00375065	0.000456446	0.000357122	0.000596944	0.0199063	0.000497759	0.000418401	0.274235	0.00246683	0.575585	0.042367	0.00048828	0.000252895	0.00187624	0.000524909	0.00119686	0.0041864	0.067833	0.00267485	0.000329176
96	0.0187997	0.00486843	0.00261777	0.0140488	0.0360602	0.00625206	0.00431265	0.123172	0.00967932	0.569867	0.0591869	0.00592459	0.00331338	0.0132373	0.0121908	0.030455	0.0213212	0.0469304	0.00319328	0.0145696
97	0.235674	0.0623525	0.00512077	0.0084437	0.00772616	0.00947233	0.00806495	0.0401036	0.00730919	0.0505831	0.0375195	0.307656	0.00388866	0.00855308	0.00707411	0.0464165	0.096599	0.0486649	0.00344628	0.0053317
98	0.0233559	0.018814	0.00351786	0.0316107	0.0296667	0.00387182	0.0149114	0.275283	0.0222114	0.184917	0.051862	0.0134863	0.000557143	0.0269837	0.0267989	0.0299235	0.0667565	0.149247	0.000799968	0.0254251
99	0.0124855	0.00357482	0.00024686	0.000407022	0.0107914	0.00030666	0.000241714	0.453389	0.00156167	0.209539	0.0449865	0.000392183	0.000754614	0.0023367	0.00199936	0.000623768	0.00689678	0.24863	0.00061921	0.000217383
100	0.0473774	0.0146572	0.0409959	0.0218355	0.00444771	0.181276	0.0149525	0.00544124	0.0145035	0.00708035	0.00494207	0.416948	0.00351705	0.0141259	0.00599081	0.179673	0.0110171	0.00677213	0.00132337	0.00312289
101	0.00340026	0.00395372	0.000754459	0.00142994	0.691369	0.000968128	0.0371816	0.010257	0.00136378	0.00984995	0.0088933	0.00108972	0.000360813	0.00129279	0.00105321	0.0131834	0.00448968	0.00146921	0.00186131	0.205778
102	0.0104102	0.0023073	0.0368682	0.332959	0.00318389	0.00411159	0.0336573	0.0116337	0.00527135	0.0062733	0.0162568	0.0230121	0.0423424	0.37632	0.00422997	0.0668097	0.0133776	0.00607234	0.00217189	0.00273132
103	0.00734938	0.014422	0.00174632	0.00263548	0.00371484	0.00381829	0.00415022	0.0354146	0.00283001	0.0130669	0.0144052	0.0140209	0.0158813	0.00276317	0.00232744	0.216448	0.632332	0.00979854	0.000970726	0.00190455
104	0.0391219	0.00537228	0.00317853	0.0167477	0.0516152	0.00689527	0.00404488	0.0610375	0.00753895	0.563655	0.123639	0.00782497	0.00354458	0.0131206	0.0107255	0.012243	0.00969883	0.0392756	0.00465889	0.0160618
105	0.0538115	0.0111794	0.000580176	0.000688329	0.00798718	0.00224215	0.000508248	0.295503	0.00081149	0.0495178	0.0141306	0.000667507	0.0125452	0.00101092	0.000976905	0.00528495	0.0130043	0.528765	0.000286414	0.000499434
106	0.635567	0.0174397	0.00216396	0.00553272	0.00281278	0.0194188	0.00294761	0.00822891	0.00434251	0.0102688	0.00707772	0.00741466	0.00132867	0.00313232	0.0041875	0.132679	0.102963	0.0263752	0.000873555	0.00524591
107	0.015267	0.00984356	0.00323729	0.00497581	0.00507956	0.00519296	0.00565804	0.015251	0.00405221	0.013876	0.00741977	0.0164559	0.0121259	0.00380351	0.00364158	0.121295	0.732614	0.0178789	0.00064149	0.00169039
108	0.0793579	0.0103574	0.0164768	0.0306108	0.0120626	0.0196156	0.0127699	0.0325304	0.408703	0.0762317	0.0143458	0.0723692	0.00692912	0.0439121	0.0467225	0.033766	0.0352501	0.0332354	0.00345607	0.0112977
109	0.760594	0.0132814	0.000607225	0.0016103	0.000896075	0.0180118	0.000652523	0.00102491	0.000932033	0.00429808	0.00290746	0.00261743	0.000354928	0.000903124	0.0007695	0.122529	0.0564304	0.00547259	0.000311082	0.00579636
110	0.267441	0.00226404	0.00302105	0.00481414	0.00278017	0.00373463	0.0338903	0.00417711	0.00426358	0.00551801	0.00325359	0.0290792	0.00166799	0.019238	0.102531	0.475132	0.00629329	0.00559458	0.0222769	0.00302876
111	0.0109662	0.00449204	0.00544054	0.0125074	0.00384527	0.00600786	0.00882372	0.00641185	0.0347958	0.0105162	0.00584936	0.0411535	0.00249686	0.0711755	0.740543	0.0116967	0.00951071	0.00667418	0.00280864	0.00428442
112	0.00340153	0.00345178	0.000339059	0.00053974	0.00340404	0.000362342	0.000343049	0.557708	0.000450022	0.133736	0.0483268	0.000477871	0.000250298	0.000905989	0.00124632	0.000784273	0.00269872	0.241132	0.000143649	0.000298542
113	0.0486708	0.0870514	0.00225634	0.0030368	0.00188205	0.00258924	0.00230113	0.0136083	0.0917114	0.00318651	0.0022176	0.024083	0.010795	0.0031614	0.337179	0.0342874	0.0745137	0.222713	0.0117532	0.0230026
114	0.0410958	0.0053994	0.450678	0.220764	0.00313594	0.0126261	0.0173324	0.00289509	0.0226624	0.00380358	0.00236325	0.078334	0.00134747	0.0286215	0.0112581	0.0582698	0.0277559	0.00312374	0.00168121	0.00685245
115	0.048935	0.00544731	0.00573997	0.00895926	0.363525	0.00718399	0.00744783	0.0417704	0.00348603	0.248447	0.109291	0.00913691	0.00354497	0.00621443	0.00420783	0.011228	0.0080488	0.0321758	0.0337248	0.0414852
116	0.015609	0.00631814	0.00884242	0.00846211	0.000884551	0.913699	0.00427814	0.00182321	0.0051563	0.00380767	0.00135789	0.00922717	0.0010677	0.00314297	0.000992681	0.00680414	0.00289848	0.00335066	0.000417592	0.00186045
117	0.234387	0.0176347	0.002393	0.00367472	0.0380174	0.00365305	0.00208667	0.0122229	0.0162317	0.0725402	0.0687238	0.00387145	0.00124966	0.00373744	0.00335323	0.319558	0.121806	0.054856	0.00161664	0.0183866
118	0.00649964	0.00213031	0.00195562	0.00349393	0.00229604	0.00262187	0.00236669	0.00263543	0.0118889	0.00338011	0.00269999	0.01089	0.00114652	0.0192242	0.907775	0.00534919	0.00431229	0.00461988	0.00227267	0.00244137
119	0.00862168	0.00200033	0.00275279	0.00611839	0.00278227	0.00352772	0.00417672	0.00306981	0.0157856	0.00454261	0.00385453	0.0113784	0.00122258	0.0212161	0.884346	0.00696236	0.00621234	0.0049123	0.0025882	0.00392902
120	0.694913	0.0122232	0.00187295	0.00437315	0.00346829	0.0594002	0.0017193	0.00251793	0.00203666	0.00425897	0.00650671	0.00615335	0.000894872	0.00178203	0.00218499	0.149794	0.0325416	0.00798725	0.000731996	0.00463925
121	0.0487508	0.00550756	0.00498908	0.00941133	0.00552162	0.00796786	0.489887	0.00810546	0.0159415	0.0163436	0.00687778	0.0075657	0.0347737	0.287977	0.00812491	0.0139756	0.0106042	0.00954897	0.00253419	0.00559274
122	0.129753	0.0177107	0.0664578	0.0641076	0.00212899	0.387427	0.0150326	0.0045098	0.0114961	0.00445189	0.00300946	0.110997	0.00624313	0.0127712	0.00413102	0.13765	0.00905652	0.00866869	0.00134617	0.00305209
123	0.135856	0.0170383	0.0034281	0.0246269	0.0731034	0.0242431	0.00693523	0.158547	0.013708	0.130906	0.0720731	0.00800987	0.0865891	0.0122666	0.00753404	0.015109	0.0626669	0.0850391	0.0250475	0.0372723
124	0.0544547	0.00150322	0.33842	0.0529812	0.00167598	0.0180259	0.0417959	0.00224721	0.0128714	0.0033932	0.00178198	0.0950358	0.000983545	0.0275593	0.00380598	0.283425	0.045934	0.00311524	0.000779435	0.0102111
125	0.641351	0.00818712	0.00187997	0.00370055	0.00187117	0.140937	0.00122249	0.00177062	0.00167945	0.0032986	0.00443464	0.00344501	0.000785384	0.00158559	0.0012898	0.150981	0.0231887	0.00400749	0.00068691	0.00369694
126	0.677818	0.00912666	0.00107396	0.00276615	0.00158351	0.107485	0.00103491	0.00140648	0.00134869	0.00325467	0.00396673	0.00244921	0.000620356	0.00147237	0.00116966	0.150176	0.0247096	0.00399903	0.000570242	0.00396847
127	0.0182377	0.0134687	0.00319127	0.025937	0.0303043	0.00355396	0.0149085	0.250056	0.0154155	0.229351	0.0571519	0.0199759	0.0004891	0.0190267	0.0190206	0.0200871	0.0651209	0.162973	0.00126262	0.0304675
128	0.0699418	0.00751098	0.0456133	0.0225802	0.171062	0.00592319	0.0299365	0.0387312	0.0242065	0.149666	0.0462823	0.030909	0.00156152	0.00929882	0.00405483	0.0675351	0.0550992	0.0212373	0.053232	0.145618
129	0.193079	0.015714	0.0212466	0.0784316	0.00786056	0.358486	0.0109287	0.0121077	0.0145495	0.0156908	0.010363	0.01935	0.0638071	0.0162967	0.0102615	0.0589419	0.0199014	0.0632879	0.0033866	0.00630933
130	0.334759	0.00536471	0.00401051	0.00765981	0.00454599	0.0110601	0.00498815	0.00674595	0.0056069	0.00991053	0.00530337	0.0295382	0.00283209	0.00702714	0.00729765	0.167933	0.369247	0.01021	0.00169148	0.00426803
131	0.0410072	0.00233945	0.00631975	0.10115	0.0031032	0.00888341	0.0090913	0.0150917	0.34223	0.0103426	0.00680166	0.0122776	0.00193459	0.0779387	0.288962	0.0141973	0.0262145	0.0129904	0.0120814	0.00704331
132	0.677583	0.0127299	0.00396109	0.00850258	0.00384363	0.0201577	0.00242174	0.00345835	0.00375073	0.00784654	0.00728252	0.00545473	0.00064126	0.00311621	0.00472558	0.169261	0.0414382	0.00995589	0.00117104	0.0126983
133	0.75985	0.0133192	0.000622374	0.00181634	0.000857645	0.0211748	0.000654047	0.00088873	0.000895426	0.00351735	0.00351965	0.00227451	0.000307693	0.000883263	0.000853454	0.139853	0.038653	0.00485954	0.000319351	0.00488072
134	0.0445198	0.0150679	0.00271202	0.00469702	0.173894	0.00607524	0.00229318	0.19804	0.00312143	0.0501365	0.0838368	0.00276083	0.00749606	0.00443026	0.00365323	0.00843478	0.00808348	0.232142	0.0200311	0.128573
135	0.00462475	0.00333825	0.000336248	0.000540624	0.00379819	0.00037142	0.000337567	0.560021	0.000518432	0.133004	0.0457945	0.000479654	0.00041537	0.00101086	0.00129551	0.000781123	0.00289493	0.239944	0.000162531	0.000331161
136	0.2735	0.00135404	0.00368168	0.00664775	0.00157021	0.629415	0.00125888	0.00194058	0.00166773	0.00253481	0.0015132	0.00225348	0.00096918	0.00193455	0.00172899	0.0348589	0.028265	0.00295244	0.000643794	0.00130933
137	0.0152403	0.00456303	0.00801253	0.00866883	0.00100447	0.916367	0.00539708	0.00185973	0.00473739	0.00316357	0.00128177	0.00801972	0.000954403	0.00258425	0.0016273	0.00768818	0.00272687	0.00286475	0.000440418	0.00279827
138	0.314782	0.21767	0.00381777	0.00602282	0.13162	0.00478517	0.00424715	0.0498572	0.00493531	0.00757654	0.00508737	0.00487602	0.00197933	0.00576488	0.0047044	0.0299747	0.00839963	0.187999	0.00182228	0.00407881
139	0.179219	0.00154673	0.232468	0.0453285	0.00220318	0.0384397	0.0276393	0.0391474	0.0199616	0.011412	0.0109359	0.127649	0.00917044	0.0206557	0.0132921	0.091955	0.0337592	0.0921214	0.00115552	0.00194025
140	0.207261	0.00244243	0.00283533	0.00543844	0.0289073	0.239343	0.00281107	0.0170552	0.0162675	0.00521804	0.01909	0.0235183	0.00244449	0.00479954	0.0199319	0.334745	0.0283694	0.0359219	0.00141746	0.0021822
141	0.028559	0.00835011	0.0126911	0.0103343	0.00382479	0.00761793	0.0189309	0.0121605	0.00700657	0.0132835	0.00667021	0.0194893	0.00780994	0.00657906	0.00833647	0.216088	0.596445	0.0108225	0.0012193	0.00378151
142	0.111064	0.000764968	0.000890851	0.00164075	0.000806102	0.00128667	0.00106234	0.00122595	0.00124466	0.00150289	0.000947331	0.00126907	0.0048974	0.00137708	0.00116168	0.829917	0.0360076	0.0015425	0.000452017	0.0009396
143	0.0418017	0.0128172	0.00788696	0.0149183	0.00130575	0.0017986	0.0745898	0.00275996	0.00842657	0.013303	0.00274247	0.735105	0.000839427	0.002416	0.0140155	0.0137576	0.0374454	0.0119468	0.000636701	0.00148742
144	0.0586952	0.00372357	0.00463691	0.00718391	0.00450713	0.00537362	0.00427083	0.00821688	0.0056361	0.125338	0.148928	0.00616143	0.00237195	0.00676203	0.0051203	0.0107692	0.190061	0.39563	0.0019733	0.00463952
145	0.0320887	0.00205787	0.00454948	0.0785007	0.0614722	0.0112386	0.0016593	0.0588845	0.0210804	0.428927	0.0529599	0.00287527	0.00607109	0.0483008	0.0419262	0.0534494	0.003254	0.0198489	0.0101867	0.0606685
146	0.769816	0.0136774	0.00056612	0.0015881	0.000865303	0.0182815	0.000636462	0.00101159	0.00081875	0.00433651	0.00290087	0.00222081	0.000303545	0.000834409	0.000708906	0.121836	0.0481765	0.0057925	0.000323756	0.00530475
147	0.227962	0.0053034	0.0577169	0.0986591	0.00229199	0.450084	0.0053904	0.00359164	0.00410036	0.00444291	0.00359033	0.0178293	0.0052151	0.00540927	0.00393464	0.0841134	0.00901305	0.00766327	0.00112822	0.00256111
148	0.0479828	0.00219746	0.00386905	0.0634782	0.0264278	0.00362597	0.0189338	0.00485148	0.369316	0.0338773	0.0719876	0.00466784	0.0012812	0.104425	0.134379	0.0218702	0.00842344	0.00422844	0.00243691	0.0717401
149	0.0354726	0.00767928	0.0345303	0.028513	0.0129997	0.00404854	0.0133134	0.104393	0.126929	0.216242	0.0634408	0.0221454	0.00427801	0.0677694	0.105487	0.00945676	0.0316099	0.079556	0.000397494	0.0317379
150	0.015585	0.00640183	0.00099486	0.00699393	0.369499	0.00143127	0.0119164	0.0127172	0.00181551	0.0291854	0.0130468	0.00090728	0.000409747	0.00207858	0.00114734	0.00460531	0.00856275	0.00648117	0.0256778	0.480543
151	0.0141357	0.00168308	0.156395	0.0201495	0.00133469	0.571862	0.00461083	0.00190735	0.0228824	0.00240896	0.00171106	0.153904	0.000825188	0.0190002	0.00164336	0.0184243	0.00302608	0.00229369	0.000603673	0.00119911
152	0.0215329	0.00231444	0.000375996	0.000830913	0.0143356	0.000436051	0.000489566	0.426807	0.00269723	0.218192	0.0410727	0.000630979	0.00159013	0.00456649	0.00373012	0.000935352	0.00958817	0.248543	0.000767169	0.000564464
153	0.0116234	0.00177978	0.0065438	0.0209574	0.0036982	0.00409561	0.0242005	0.0029527	0.0893503	0.00439674	0.002838	0.0449741	0.500277	0.00873589	0.045752	0.0819236	0.125456	0.0166406	0.000744141	0.00305997
154	0.0998674	0.0248123	0.00109196	0.0018442	0.00515302	0.00925988	0.00115457	0.17254	0.00212653	0.0334547	0.00979969	0.00157266	0.0337691	0.0019735	0.00197739	0.0356173	0.0283484	0.533771	0.000484085	0.00138255
155	0.118	0.00563002	0.00184682	0.00310523	0.0408752	0.0487767	0.00166434	0.0476198	0.110514	0.156818	0.0613355	0.0213014	0.000774069	0.0283153	0.0445306	0.15809	0.0381226	0.0964839	0.000722741	0.0154728
156	0.0162675	0.00458086	0.008319	0.00977794	0.000738099	0.916768	0.00415928	0.00154543	0.00546656	0.00334598	0.00137492	0.00877793	0.000830603	0.00272477	0.00106832	0.00716074	0.00257153	0.00242553	0.000431807	0.00166483
157	0.0208977	0.0108486	0.00285351	0.00457646	0.00639331	0.00547665	0.00577944	0.0170237	0.00415748	0.0135649	0.00732317	0.0144198	0.00758733	0.0036109	0.00392727	0.0908027	0.75089	0.0263587	0.00130122	0.00220671
158	0.0274719	0.00934659	0.00816959	0.0180506	0.0612924	0.0114064	0.0860627	0.115974	0.0145628	0.021468	0.406645	0.0121468	0.0055733	0.118688	0.012389	0.0201237	0.0175931	0.0190069	0.00453963	0.0094901
159	0.526653	0.00807165	0.0138315	0.0532835	0.00619472	0.0274279	0.00680188	0.00669774	0.00751843	0.0107662	0.00989556	0.0152657	0.00345187	0.00902422	0.0124544	0.225364	0.0348126	0.0106952	0.00230961	0.00948033
160	0.0513665	0.00954167	0.0187719	0.0235066	0.0162534	0.0191865	0.477785	0.0185041	0.029129	0.0270599	0.0146027	0.0266391	0.0224579	0.0983859	0.0287223	0.0388962	0.0281038	0.0213889	0.00843058	0.021268
161	0.113631	0.000801055	0.000925984	0.00165626	0.000811984	0.00127665	0.00105229	0.00123775	0.0012541	0.0015204	0.00095398	0.00129006	0.00476044	0.00135849	0.0011297	0.828151	0.0351837	0.00161837	0.00045214	0.000934714
162	0.0191572	0.00647314	0.0124353	0.0029666	0.456538	0.00348969	0.0100241	0.0148518	0.00208808	0.175588	0.0570174	0.00517195	0.000522819	0.00499241	0.00425842	0.00487739	0.00508599	0.0147899	0.0695042	0.130168
163	0.00226151	0.000507736	0.000601848	0.000920144	0.00449222	0.000690097	0.000566843	0.258286	0.000887045	0.00508609	0.000650114	0.000829814	0.000286958	0.000919889	0.000770635	0.00162895	0.0014609	0.718254	0.000371068	0.000527695
164	0.0140962	0.00334246	0.0050493	0.151297	0.0050393	0.00565093	0.00509344	0.00988854	0.0159706	0.105441	0.213096	0.00631324	0.00305223	0.374495	0.00710005	0.0156209	0.0437246	0.00946487	0.00192129	0.00434386
165	0.229048	0.0219442	0.0016813	0.00244149	0.0417975	0.00282601	0.00157732	0.0217101	0.0180644	0.0617663	0.0639535	0.00397285	0.000966516	0.0025316	0.00260971	0.309299	0.116281	0.0736661	0.00165868	0.0222042
166	0.0048599	0.00477715	0.000690282	0.00167035	0.658457	0.000738569	0.0185087	0.0102904	0.000933909	0.0126449	0.0089132	0.000738515	0.000266921	0.000901233	0.000718737	0.00967667	0.00443878	0.00134752	0.00559356	0.253834
167	0.0626331	0.00379056	0.173378	0.512601	0.00222341	0.0134682	0.0101384	0.00900827	0.0240732	0.00425564	0.00493887	0.0325597	0.00164752	0.051986	0.00683688	0.0405372	0.0350693	0.00663759	0.00112308	0.00309363
168	0.026078	0.00238822	0.00397809	0.0669457	0.0760165	0.00617087	0.00168939	0.0724229	0.0201393	0.447288	0.0315632	0.00259141	0.0138963	0.0406309	0.0407741	0.0271996	0.00325924	0.0195602	0.00502083	0.0923876
169	0.0367107	0.00123243	0.143399	0.500363	0.00148105	0.00973038	0.00143868	0.0228492	0.00976635	0.0026218	0.00216452	0.00961363	0.000729519	0.0577391	0.00182469	0.0722072	0.105364	0.0185622	0.000655361	0.00154707
170	0.467066	0.00605094	0.000881501	0.00225432	0.00127277	0.0116717	0.00147286	0.00119667	0.00123104	0.00301956	0.00274443	0.00203528	0.00212123	0.0016848	0.00247708	0.452712	0.032961	0.00320009	0.000759822	0.00318707
171	0.00785148	0.00561397	0.00335993	0.00224517	0.668094	0.00168452	0.0159423	0.0125704	0.00225544	0.0371998	0.0124027	0.00344079	0.000417838	0.00255479	0.00246834	0.0115627	0.00601424	0.00497868	0.0064777	0.192865
172	0.0526693	0.000984815	0.0284954	0.127259	0.0131856	0.00528981	0.0182049	0.0324881	0.139148	0.0354232	0.0617536	0.0302366	0.000635506	0.112376	0.213012	0.0553847	0.0462742	0.00214677	0.0150567	0.00997611
173	0.35485	0.00213792	0.0291881	0.0564442	0.0022872	0.00323494	0.0280234	0.0165319	0.0943153	0.00631752	0.00283015	0.0032429	0.00180559	0.017932	0.0555645	0.122804	0.155767	0.0167966	0.0011296	0.0287981
174	0.0197007	0.00417621	0.00146312	0.00925898	0.265042	0.00141229	0.0101345	0.00795181	0.00171248	0.0279238	0.0173338	0.00102011	0.000444552	0.00162258	0.00119926	0.00241402	0.00915722	0.00655074	0.034682	0.5768
175	0.424741	0.0643103	0.00154109	0.00472886	0.00431994	0.0337187	0.00277737	0.0565416	0.0054073	0.0231548	0.00821055	0.00888661	0.00220268	0.0039805	0.0174517	0.0689481	0.0811642	0.182433	0.00157901	0.00390284
176	0.0544244	0.00141424	0.0644447	0.3606	0.00122204	0.032632	0.00160862	0.00300196	0.251635	0.0244613	0.00193923	0.00295021	0.000701061	0.0465419	0.111513	0.0123707	0.0137591	0.0115864	0.00115096	0.00204314
177	0.15473	0.211647	0.00245657	0.00476254	0.022273	0.0312588	0.00294473	0.00503719	0.00389487	0.0456486	0.00461866	0.0043812	0.0448172	0.00338815	0.00328324	0.132964	0.204219	0.110044	0.00291962	0.00471288
178	0.0322436	0.000839298	0.000812503	0.00135661	0.00882978	0.00109548	0.00100792	0.303154	0.0107829	0.12956	0.0154167	0.0208466	0.000499323	0.0014528	0.0116776	0.0544787	0.220156	0.18448	0.000412307	0.000897258
179	0.00876614	0.0102108	0.00691983	0.00280941	0.443641	0.00228241	0.00598293	0.0169089	0.00190139	0.326825	0.0327238	0.00199597	0.00188384	0.00568826	0.00531298	0.00351061	0.0023431	0.0123859	0.020684	0.087223
180	0.022344	0.00443943	0.00144837	0.00401535	0.0213279	0.00297843	0.00147378	0.22989	0.00493365	0.436303	0.050194	0.00280451	0.00260994	0.00529926	0.00384586	0.0071193	0.0179835	0.173648	0.00256488	0.00477669
181	0.0369887	0.00476307	0.000340155	0.000572511	0.014425	0.000926942	0.00044112	0.337815	0.00285639	0.210807	0.0348758	0.000497942	0.00489874	0.00389738	0.0023911	0.00213537	0.0118938	0.328206	0.000843181	0.000424481
182	0.0140346	0.00120944	0.780497	0.0136174	0.000810726	0.015293	0.0125687	0.00152356	0.00402567	0.00180117	0.00106488	0.102252	0.00044256	0.00228726	0.00452074	0.0250934	0.0153919	0.00206311	0.000413042	0.00108919
183	0.0187152	0.0104183	0.00343196	0.00435335	0.00534443	0.00614614	0.00576116	0.0170923	0.00439986	0.0133576	0.0077499	0.0150571	0.00789594	0.00411702	0.00466944	0.100904	0.744303	0.0235423	0.00089475	0.00184586
184	0.0208794	0.00603938	0.00140334	0.00955091	0.229209	0.00250938	0.00741118	0.0257485	0.00336943	0.0274819	0.0151806	0.00235821	0.000861951	0.00364737	0.00212131	0.00564905	0.0162116	0.028013	0.0311469	0.561207
185	0.0124008	0.00060206	0.79795	0.00841474	0.000637697	0.014759	0.0123085	0.00114654	0.00247678	0.00112966	0.000785343	0.103236	0.000395386	0.000994425	0.00346818	0.0232313	0.0138855	0.00123184	0.000340118	0.000605414
186	0.021047	0.0161235	0.00168803	0.00265568	0.00432831	0.00466317	0.00316436	0.0245598	0.00275312	0.0089477	0.00567495	0.00857487	0.00623471	0.00304057	0.00263215	0.0613474	0.725928	0.0941185	0.000831705	0.00168679
187	0.0211247	0.0154829	0.0034457	0.0294337	0.0293128	0.00369374	0.0161071	0.255227	0.0191692	0.230418	0.0511203	0.0138423	0.000603504	0.0252698	0.0243142	0.0235225	0.0592026	0.153403	0.00097216	0.024336
188	0.0160192	0.000473644	0.0418326	0.0672994	0.00325001	0.0364613	0.0382644	0.000990576	0.388729	0.0070332	0.000670009	0.099428	0.000278215	0.0965166	0.14907	0.0162302	0.0348604	0.00158391	0.000388232	0.000620939
