297	20
1	0.0259369	0.00621304	0.00136648	0.00118793	0.060687	0.00408358	0.0040652	0.139468	0.00100863	0.462345	0.107973	0.00297263	0.00369852	0.00334294	0.00196049	0.0122929	0.0268337	0.127687	0.00105902	0.00581925
2	0.0559471	0.0262209	0.025292	0.00795114	0.0043417	0.0242564	0.00732073	0.0187762	0.00550458	0.00796727	0.0122203	0.0449059	0.0071124	0.00326229	0.0218683	0.451571	0.250678	0.00562697	0.00561717	0.0135603
3	0.0409203	0.00898939	0.0356024	0.0271454	0.0043426	0.0110142	0.0213062	0.0101485	0.017582	0.0284821	0.00584253	0.0139115	0.589234	0.0412044	0.0270334	0.0662514	0.0347917	0.0103064	0.00125901	0.00463281
4	0.180322	0.0336443	0.00353003	0.00594387	0.0209151	0.0371696	0.00439071	0.0760843	0.00640182	0.0817468	0.0455972	0.0119169	0.0183606	0.0119309	0.00809987	0.134352	0.184002	0.120735	0.00455178	0.0103048
5	0.404593	0.0180651	0.0136321	0.0078654	0.00544956	0.186441	0.0074404	0.00530544	0.00170444	0.00516814	0.00189606	0.00555979	0.0284971	0.00410756	0.00449672	0.188289	0.0477125	0.045598	0.000557251	0.017622
6	0.00677084	0.0399253	0.00938548	0.0241324	0.0218722	0.0221409	0.0548956	0.0221236	0.11403	0.0673721	0.00659328	0.0300096	0.0123273	0.158536	0.291277	0.0424796	0.0131078	0.0218374	0.0264325	0.0147511
7	0.0342572	0.016451	0.00513701	0.0016099	0.109028	0.00537572	0.00676439	0.154072	0.00643281	0.331418	0.0919838	0.00412418	0.00803497	0.00597902	0.0057265	0.017395	0.0280431	0.143049	0.00167431	0.0234436
8	0.0197748	0.0268559	0.00398544	0.00723441	0.217033	0.00639339	0.00557146	0.128084	0.0103127	0.283887	0.0723216	0.00584381	0.00648622	0.00669169	0.00948612	0.0235321	0.0215458	0.0947623	0.00854279	0.0416557
9	0.0566026	0.0164476	0.00135533	0.00350277	0.0851607	0.00800088	0.00802251	0.199789	0.00221577	0.202334	0.0690935	0.000988389	0.0048868	0.00152075	0.00105542	0.0259091	0.0474048	0.254255	0.00577423	0.00568163
10	0.0168844	0.00631381	0.00439301	0.00822558	0.00562768	0.0176427	0.00934254	0.0466781	0.229761	0.0407845	0.059088	0.0171136	0.00733318	0.0417562	0.320352	0.0497938	0.0593556	0.0561918	0.00111251	0.00224989
11	0.0677083	0.0117545	0.175643	0.0915823	0.0114778	0.0132983	0.0377559	0.00651755	0.0836938	0.0322249	0.0087743	0.13119	0.00883946	0.0260918	0.0410883	0.128612	0.0792714	0.0127122	0.00293435	0.0288302
12	0.0636549	0.00799232	0.0753277	0.0809604	0.0251478	0.0309589	0.0666122	0.0145436	0.052082	0.0379457	0.0234148	0.0649444	0.0650821	0.0671139	0.0589066	0.121392	0.0865688	0.0152968	0.0067714	0.0352842
13	0.0155185	0.0101752	0.0020608	0.00103949	0.109682	0.00260386	0.00254179	0.159573	0.00163009	0.451378	0.0871207	0.00445569	0.00215539	0.00317547	0.00171701	0.010342	0.0203298	0.101309	0.000998235	0.0121949
14	0.0907882	0.0162454	0.0278599	0.140143	0.00633726	0.0440622	0.0121152	0.0286198	0.155587	0.0581344	0.0278755	0.0556879	0.0213371	0.0708108	0.0947544	0.0615945	0.0406198	0.0403592	0.00359942	0.00346885
15	0.0601821	0.00822289	0.00955675	0.00415632	0.0787134	0.00575571	0.0280938	0.0880558	0.0284135	0.218963	0.0942559	0.0113628	0.0378341	0.027492	0.029579	0.0230196	0.0364584	0.150842	0.000994772	0.058048
16	0.00929562	0.0165953	0.01069	0.022564	0.00996244	0.016482	0.0284474	0.0368577	0.211549	0.0424329	0.0229006	0.0329726	0.0092859	0.0854617	0.313537	0.0481572	0.0285565	0.0375999	0.0108186	0.00583396
17	0.0236845	0.0423198	0.00382455	0.00462634	0.0542468	0.00575519	0.530865	0.00750943	0.00626297	0.03937	0.00520751	0.0597918	0.0132454	0.0410605	0.0349588	0.0432509	0.0169532	0.0110885	0.0014862	0.0544926
18	0.0512375	0.00957304	0.020436	0.0310617	0.00512973	0.0207011	0.0145616	0.0166435	0.0663453	0.0255153	0.011699	0.0190509	0.467238	0.0426977	0.0640767	0.078312	0.036941	0.0143348	0.00170805	0.00273743
19	0.020433	0.0441161	0.00512001	0.00478598	0.050904	0.00570774	0.4947	0.00975294	0.00759789	0.0343362	0.00605527	0.0703203	0.0141219	0.035948	0.0513409	0.041833	0.0213113	0.0131481	0.00170595	0.0667618
20	0.0232602	0.0350202	0.00515427	0.00498837	0.227659	0.00529716	0.00881575	0.116203	0.00804709	0.226232	0.0656003	0.00547506	0.00870878	0.00794339	0.00836114	0.0386531	0.0294398	0.0960087	0.0119252	0.0672073
21	0.0188702	0.223644	0.0170759	0.0057825	0.0258652	0.0299946	0.0785448	0.00883932	0.0146855	0.0115616	0.00751789	0.0335834	0.00770385	0.00868574	0.0526614	0.35651	0.0785534	0.0115804	0.00390111	0.00443888
22	0.0368731	0.150535	0.0358137	0.0122065	0.0178773	0.0239255	0.0428065	0.0127234	0.0425906	0.0163173	0.0113371	0.0263324	0.0117126	0.0204224	0.0891974	0.325697	0.092159	0.0175697	0.0062134	0.0076905
23	0.0117147	0.00210133	0.000429099	0.000474186	0.0273912	0.00113407	0.00136182	0.427301	0.00254714	0.147953	0.0744561	0.00071528	0.00154	0.00057295	0.00240529	0.00166399	0.00329226	0.292168	0.000180744	0.000597352
24	0.0451603	0.00627006	0.00883293	0.00441406	0.0808708	0.00531369	0.0315761	0.0890165	0.0349951	0.227805	0.106516	0.0111419	0.0368935	0.0346134	0.0369814	0.0178705	0.0324858	0.137597	0.000516227	0.05113
25	0.0178487	0.00541323	0.000822028	0.000967599	0.0460585	0.00241822	0.00249224	0.375176	0.00228152	0.154222	0.0683092	0.00107606	0.0023101	0.000689998	0.00245944	0.00588768	0.0112989	0.296291	0.00105206	0.00292625
26	0.0257673	0.00487604	0.359027	0.192438	0.00167082	0.0207281	0.0306702	0.00206691	0.0661635	0.0109824	0.00109142	0.105371	0.0140222	0.0610203	0.0175282	0.0398685	0.023028	0.0217357	0.000347379	0.00159778
27	0.0624867	0.0137738	0.000803141	0.0046055	0.0651685	0.0088904	0.0103063	0.199322	0.00233448	0.192597	0.06909	0.000790723	0.00534511	0.00205261	0.00111385	0.0261584	0.0529629	0.273272	0.0059372	0.00298963
28	0.0271353	0.00347226	0.370608	0.223466	0.000987178	0.0207109	0.0304547	0.00110994	0.0634809	0.00943589	0.000808144	0.07319	0.0149211	0.0640298	0.0145451	0.0362226	0.0240328	0.0203992	0.000227732	0.000762324
29	0.0253111	0.00452681	0.368029	0.198619	0.00138293	0.0199307	0.0314952	0.00197512	0.0645327	0.0102145	0.000964928	0.0976964	0.0139329	0.0611553	0.0169687	0.0384038	0.0227402	0.0208125	0.000316649	0.000991726
30	0.0220836	0.0327739	0.0087498	0.00888621	0.040588	0.0086332	0.495451	0.0128126	0.010266	0.0400808	0.00776457	0.085516	0.0145486	0.0474908	0.0413099	0.0416773	0.0217398	0.0154443	0.0020325	0.0421512
31	0.0103328	0.00235655	0.000462823	0.000545341	0.0258405	0.00147931	0.00168059	0.428552	0.00226329	0.126977	0.0685389	0.000916894	0.00174024	0.000647602	0.00242906	0.00179066	0.00427167	0.318098	0.000184335	0.000892128
32	0.00887645	0.0121417	0.00336304	0.00474026	0.077688	0.0122938	0.0180083	0.242042	0.0259288	0.0293955	0.0136785	0.0162839	0.0221523	0.005316	0.0207799	0.00939059	0.0601282	0.393763	0.00113769	0.022892
33	0.0121321	0.0131799	0.0029647	0.00383847	0.0733423	0.0129374	0.0141256	0.229111	0.0194245	0.0461038	0.0191301	0.0121547	0.0201226	0.00437	0.0218106	0.0094931	0.0541583	0.409523	0.00140072	0.0206773
34	0.0401048	0.00788344	0.0131027	0.0119916	0.00160902	0.0080315	0.0159435	0.00923797	0.010666	0.0283987	0.00354764	0.00736824	0.693583	0.0334111	0.0205306	0.0656096	0.0201846	0.0072805	0.000409077	0.0011058
35	0.0496706	0.00562979	0.140307	0.0827102	0.00751951	0.00543824	0.040653	0.0100802	0.0982769	0.0208208	0.00865153	0.157111	0.0128228	0.0294199	0.0679817	0.117987	0.0966904	0.00980919	0.0056327	0.0327865
36	0.0171146	0.0162309	0.00330975	0.00114326	0.13756	0.00200893	0.00147691	0.28246	0.00373279	0.232357	0.0705438	0.00309224	0.00144519	0.000961943	0.00163027	0.0107357	0.0151903	0.182124	0.00193919	0.0149433
37	0.0341043	0.00944483	0.368182	0.183601	0.00365238	0.0274322	0.0366522	0.00206831	0.0586282	0.0193792	0.00163018	0.0769983	0.0157758	0.0560282	0.0137413	0.0436473	0.0248699	0.0193319	0.000333114	0.0044988
38	0.0669618	0.00765785	0.0467313	0.0776037	0.0262661	0.0290555	0.0660613	0.0149068	0.0284116	0.0314973	0.0255003	0.0357774	0.123634	0.0728096	0.055967	0.124269	0.0963304	0.0156378	0.00893848	0.045983
39	0.0645392	0.0201838	0.216515	0.093114	0.0212092	0.0287263	0.0335357	0.00530641	0.0580028	0.0430478	0.00421051	0.172862	0.00496518	0.0204984	0.014899	0.114798	0.0430681	0.0153341	0.00108024	0.0241039
40	0.384203	0.0237911	0.0167759	0.00787406	0.00827285	0.14051	0.012556	0.00854959	0.00222197	0.00830555	0.00379921	0.0081297	0.0510799	0.00502865	0.00480121	0.184162	0.0487726	0.0539534	0.000964414	0.0262487
41	0.0271552	0.00342198	0.36823	0.226397	0.00099413	0.0205322	0.0300523	0.00111646	0.0635383	0.00929202	0.000803231	0.0731594	0.0149204	0.0641673	0.0144758	0.0362211	0.0239659	0.0205513	0.000240492	0.000765488
42	0.034954	0.00829706	0.0518544	0.109536	0.00399707	0.0373551	0.0190617	0.0262893	0.225107	0.0258244	0.0237942	0.0503337	0.0181129	0.10193	0.145336	0.0526944	0.0377768	0.0201409	0.00662395	0.000980669
43	0.0561477	0.0212798	0.0121199	0.0039517	0.113966	0.00541343	0.0279804	0.0726006	0.0210175	0.18846	0.0768375	0.00899338	0.0334631	0.0228801	0.0223869	0.0344218	0.0460099	0.138302	0.00462939	0.0891397
44	0.0130572	0.0029683	0.000536697	0.000599184	0.0328828	0.00132347	0.00155011	0.415263	0.00250838	0.154497	0.0740697	0.000857412	0.00160145	0.00059298	0.00236712	0.00249243	0.00467363	0.286499	0.00037477	0.00128541
45	0.0271496	0.00350988	0.368065	0.225906	0.00108724	0.0205956	0.0300446	0.00114719	0.0633175	0.00937821	0.000805144	0.0738096	0.0148883	0.0640155	0.0144074	0.0363165	0.0239631	0.0204947	0.000240736	0.000858346
46	0.0288497	0.00547782	0.388303	0.189429	0.00184695	0.0237825	0.0354366	0.00135372	0.0611054	0.0126046	0.00106697	0.0735638	0.0148122	0.059565	0.0150282	0.0396965	0.0259939	0.0191486	0.000343282	0.00259218
47	0.0467551	0.0212903	0.0219053	0.0140588	0.172049	0.043585	0.0380668	0.0199018	0.00825216	0.0467464	0.0136293	0.0387364	0.00928007	0.0103927	0.0191542	0.0977264	0.02563	0.0339102	0.00325747	0.315673
48	0.0629778	0.0144274	0.000790172	0.00440376	0.0671618	0.00935018	0.00980382	0.19722	0.00229573	0.188139	0.0688655	0.000722203	0.00503544	0.00180788	0.00115233	0.0273057	0.0546918	0.274467	0.00627204	0.00311025
49	0.092141	0.0230984	0.0176081	0.00741118	0.00463756	0.0236873	0.00815503	0.0111213	0.00398777	0.00751553	0.017454	0.0197572	0.00749303	0.00418004	0.032606	0.530336	0.163568	0.00526193	0.00209766	0.0178828
50	0.0497591	0.00560584	0.139029	0.0830365	0.00734746	0.00568091	0.0403069	0.010219	0.100545	0.0206723	0.00911511	0.154819	0.013021	0.0299875	0.069533	0.117068	0.0964012	0.00988615	0.00585324	0.0321143
51	0.0184235	0.00570131	0.00153395	0.000904705	0.0695457	0.00333603	0.00344721	0.12894	0.00103058	0.515333	0.104591	0.00344618	0.00336771	0.00410533	0.00200296	0.0107394	0.0239899	0.0912063	0.000394211	0.00796001
52	0.181445	0.0255295	0.00734487	0.00729323	0.0199284	0.0370866	0.00697636	0.0692681	0.00600544	0.0668045	0.0367017	0.0102332	0.0342908	0.0149842	0.0090113	0.19155	0.145102	0.10821	0.00443287	0.0178019
53	0.0709405	0.0188985	0.0275516	0.0306228	0.00521644	0.0369529	0.00604137	0.0246136	0.0243428	0.00836833	0.0126525	0.0235572	0.014395	0.00842311	0.0589277	0.402142	0.199631	0.0151123	0.00207857	0.00953107
54	0.0078435	0.0134052	0.00509823	0.0112066	0.00841452	0.015945	0.0205317	0.0422061	0.222173	0.0385001	0.0290151	0.0215204	0.00892611	0.0740059	0.345988	0.0454417	0.0344931	0.0423353	0.00803518	0.00491602
55	0.0410418	0.00804773	0.0135787	0.012116	0.00210304	0.00835328	0.0161675	0.00997116	0.0105933	0.0297982	0.00574073	0.00744387	0.684353	0.0331032	0.0203956	0.0654029	0.0210818	0.00872656	0.000702328	0.0012793
56	0.0759499	0.0168962	0.0142694	0.0153521	0.0196436	0.0187556	0.0252855	0.0279618	0.0132484	0.175925	0.192685	0.0138608	0.219806	0.0127406	0.0162032	0.0277995	0.0394511	0.0585957	0.00426191	0.0113088
57	0.0302912	0.0502219	0.00510852	0.00883374	0.206142	0.0142745	0.0111272	0.0726388	0.0166944	0.19205	0.0428095	0.00955214	0.00906564	0.016143	0.0227665	0.0542049	0.0381917	0.0804889	0.058826	0.0605701
58	0.027178	0.00344576	0.36941	0.225272	0.00101518	0.0206332	0.0302015	0.00111901	0.0634117	0.00934641	0.000803236	0.0730387	0.0149229	0.0640787	0.0144768	0.0361417	0.0239567	0.0205249	0.000240887	0.000782503
59	0.0151612	0.023007	0.00481186	0.00129357	0.197942	0.00177558	0.00092716	0.224991	0.00333048	0.269656	0.0689213	0.00457256	0.00117424	0.00134158	0.00122852	0.0128531	0.0179146	0.122726	0.00253987	0.023832
60	0.0212015	0.029489	0.0173896	0.0149169	0.0348851	0.0108081	0.461495	0.00951712	0.0156461	0.0341123	0.00596521	0.0955543	0.0152098	0.0722333	0.048807	0.0420985	0.0213359	0.0134388	0.00258812	0.0333083
61	0.0118031	0.00204583	0.000424399	0.000481371	0.0269896	0.00113349	0.00136136	0.427272	0.00249476	0.148251	0.0746304	0.000696571	0.00153474	0.000569573	0.00241565	0.00165449	0.00325826	0.292233	0.000165433	0.000585194
62	0.0155483	0.0198223	0.00416051	0.00132422	0.179273	0.00189907	0.00147977	0.214228	0.00310578	0.301183	0.070024	0.00453413	0.00156546	0.00192666	0.00147897	0.0123321	0.0184301	0.124139	0.00232027	0.0212256
63	0.0293245	0.0273219	0.183862	0.0501275	0.00918856	0.0580964	0.0248973	0.0129201	0.0621788	0.0240349	0.00631377	0.362148	0.0280384	0.0385023	0.00907982	0.0353894	0.014631	0.0135784	0.00225143	0.00811591
64	0.0202868	0.0229996	0.00473684	0.00130932	0.180366	0.00215159	0.00110442	0.214447	0.00320863	0.275755	0.0706715	0.00463778	0.00163923	0.00127407	0.00115397	0.015252	0.0203662	0.129809	0.00236202	0.0264686
65	0.0290339	0.0142451	0.0442457	0.0504214	0.0262526	0.026746	0.0226341	0.0263045	0.197808	0.0312512	0.0183908	0.0315363	0.0830292	0.0698905	0.194314	0.0521178	0.0405005	0.0269271	0.00747013	0.00688163
66	0.0679676	0.0286825	0.032463	0.0143277	0.00648136	0.038118	0.00893445	0.0199015	0.00900635	0.0110276	0.0118985	0.0372704	0.00921581	0.00484051	0.026531	0.419362	0.225555	0.0110953	0.00467928	0.0126419
67	0.0998102	0.0265653	0.0352	0.0102676	0.0112565	0.0216382	0.00868849	0.0282683	0.00718854	0.025469	0.0149641	0.0178036	0.025649	0.00749658	0.0225305	0.441581	0.154723	0.0248653	0.00298292	0.0130514
68	0.0105649	0.00995969	0.00507636	0.0106185	0.00727665	0.0167036	0.0157495	0.0417438	0.23289	0.0381801	0.0364633	0.0199835	0.0091371	0.0588302	0.344242	0.0451792	0.0420387	0.0462579	0.00540879	0.00369649
69	0.0445293	0.0204762	0.00259531	0.00245735	0.116244	0.00587233	0.00514821	0.204425	0.00248715	0.225501	0.0708845	0.00194141	0.00380431	0.00117399	0.0010389	0.0236333	0.0369227	0.21465	0.00437545	0.0118387
70	0.0147866	0.0177402	0.00930705	0.00720004	0.0215293	0.011816	0.401491	0.0100113	0.00981742	0.0281923	0.00693396	0.21751	0.00769509	0.0637033	0.0604882	0.0470363	0.0200333	0.0112119	0.00170293	0.0317936
71	0.0226743	0.0297546	0.0150768	0.0149839	0.0340589	0.0118965	0.460429	0.0102584	0.0139806	0.0360523	0.00630038	0.0913124	0.0179117	0.0728722	0.0465204	0.0424302	0.021932	0.0138568	0.00288124	0.0348172
72	0.386811	0.0195123	0.013566	0.00637166	0.00549202	0.113604	0.00692317	0.00558967	0.00309613	0.00641884	0.00570905	0.00650922	0.0239984	0.00777392	0.00905972	0.268329	0.0559132	0.0393494	0.000606382	0.0153673
73	0.0167078	0.00664456	0.00162962	0.000888709	0.0745254	0.00294495	0.00285471	0.177921	0.00133855	0.44847	0.0907129	0.00304881	0.00245349	0.00313494	0.00187213	0.00963054	0.0198497	0.126191	0.000614695	0.00856646
74	0.399988	0.0185632	0.0133753	0.00692444	0.00568692	0.188953	0.00738247	0.00594037	0.00211549	0.00612249	0.00258509	0.00555584	0.0293514	0.00454946	0.0052295	0.186616	0.0464132	0.0465523	0.000541023	0.0175551
75	0.0312651	0.00669628	0.377823	0.18188	0.0036421	0.0237393	0.0343163	0.00206561	0.0601762	0.014767	0.00167786	0.0762402	0.0157842	0.0566502	0.0161334	0.0446022	0.0274688	0.0196763	0.000557106	0.0048389
76	0.305477	0.0171503	0.0153064	0.01277	0.00999154	0.253845	0.00993847	0.0110358	0.00865198	0.0133662	0.00562818	0.0115163	0.0245548	0.00836319	0.0163931	0.167675	0.0460439	0.0419088	0.00125226	0.0191322
77	0.0831329	0.00993827	0.0033731	0.0040697	0.0361405	0.00863884	0.0109619	0.129696	0.00937729	0.0324096	0.115067	0.0245854	0.00458601	0.0057578	0.0121593	0.0333782	0.339488	0.116687	0.00206617	0.0184873
78	0.318857	0.0355561	0.0172304	0.00756074	0.00965662	0.0957334	0.00888922	0.0124405	0.00365496	0.0123371	0.0090032	0.0079329	0.0383261	0.00770433	0.0107113	0.277451	0.0645548	0.0431259	0.00110982	0.0181654
79	0.0187267	0.00725319	0.0020557	0.000802742	0.0770861	0.00335702	0.00333647	0.142126	0.00118839	0.482861	0.108026	0.00337008	0.00376556	0.0035216	0.00204519	0.0119721	0.024917	0.0945367	0.000576073	0.00847615
80	0.0172204	0.00312158	0.00182289	0.00108506	0.0340545	0.00228381	0.00231197	0.365813	0.00254965	0.163001	0.122128	0.00216612	0.00629725	0.00142209	0.00254898	0.00572439	0.0160635	0.248214	0.000705079	0.00146609
81	0.100748	0.019975	0.0142879	0.00833394	0.00749417	0.0321367	0.00851027	0.0128948	0.00719445	0.0108093	0.0306583	0.0152466	0.00783922	0.00600144	0.0439439	0.4966	0.144905	0.00925025	0.00185762	0.0213126
82	0.0282339	0.00577625	0.00248623	0.00197885	0.0547918	0.00524344	0.00550512	0.114265	0.0038804	0.477441	0.129047	0.00522222	0.0155244	0.00500315	0.00546574	0.012668	0.0259446	0.0925764	0.00109635	0.00784921
83	0.0152712	0.00936932	0.00204279	0.00110853	0.113702	0.00270125	0.00260348	0.152179	0.00163236	0.459295	0.0885443	0.00382797	0.00230308	0.00385513	0.001856	0.00983459	0.0198884	0.097353	0.000880036	0.0117536
84	0.0195047	0.00436171	0.00141154	0.000864491	0.058815	0.00336186	0.00386143	0.122752	0.000814324	0.52594	0.111022	0.00331243	0.00346877	0.00395304	0.00221426	0.0103776	0.0241346	0.0930433	0.000301946	0.00648458
85	0.133088	0.0216246	0.0142904	0.00752185	0.00657815	0.0274186	0.00790636	0.0105136	0.00540668	0.00945124	0.0252814	0.0141001	0.00866054	0.00674878	0.0383315	0.513883	0.121223	0.00847964	0.00163798	0.0178543
86	0.109727	0.107694	0.0409663	0.00766621	0.0221132	0.0201509	0.0161164	0.0127792	0.00845032	0.0139519	0.0111858	0.0154351	0.0244707	0.0064549	0.0262361	0.435621	0.0973329	0.0113818	0.00206823	0.0101976
87	0.141178	0.0581771	0.00744691	0.00602611	0.0778066	0.0267991	0.00753911	0.0441575	0.00702003	0.0820306	0.0431952	0.0089542	0.0115961	0.0120406	0.0253761	0.194454	0.165224	0.0608274	0.00531968	0.0148313
88	0.00706493	0.0416241	0.00975301	0.0245802	0.0224255	0.0224961	0.0563988	0.0211285	0.11115	0.0687462	0.0061297	0.0292808	0.0127873	0.161615	0.285517	0.0424303	0.0136873	0.0213272	0.0267403	0.015119
89	0.0318528	0.00907839	0.0175287	0.0404648	0.00650751	0.0328701	0.0114869	0.0408449	0.199988	0.0213375	0.0283141	0.0233541	0.0214506	0.0574671	0.264671	0.0771694	0.0782777	0.0314662	0.00338495	0.00248591
90	0.196375	0.0262994	0.00403578	0.00782875	0.0105072	0.0248581	0.00411998	0.0824348	0.0134716	0.0830713	0.0319962	0.0201526	0.0119204	0.0145419	0.00680161	0.122943	0.174868	0.155333	0.00255767	0.00588453
91	0.0720081	0.0200947	0.205985	0.105805	0.0202981	0.0277566	0.0338516	0.00463572	0.0607015	0.0420269	0.00435606	0.145668	0.00452671	0.0229999	0.0167651	0.118952	0.0514724	0.0171019	0.00110786	0.0238871
92	0.0317977	0.0251706	0.217213	0.0691147	0.0116931	0.03682	0.0353989	0.0135376	0.0555463	0.0313135	0.00460638	0.302227	0.0159764	0.0266835	0.0127063	0.060276	0.022002	0.0127064	0.00164293	0.0135678
93	0.0400863	0.00871438	0.0131617	0.0170647	0.00339965	0.00855995	0.024574	0.0102629	0.00933804	0.0442414	0.0070687	0.00848863	0.642279	0.0342198	0.0244122	0.0620122	0.0281744	0.0100306	0.000836457	0.00307441
94	0.0737979	0.0107431	0.203188	0.113697	0.0110659	0.0195812	0.0327491	0.00436539	0.0797063	0.0340542	0.00460498	0.136045	0.0055307	0.0280216	0.0261595	0.114017	0.0665008	0.0148743	0.00165947	0.0196385
95	0.102629	0.00662006	0.023549	0.0730744	0.0104531	0.0158231	0.00550538	0.037987	0.155233	0.0195844	0.0436771	0.0412968	0.016538	0.0414773	0.136318	0.133291	0.0981819	0.0353475	0.00136437	0.00205001
96	0.0551211	0.00662339	0.00892275	0.00480071	0.0826884	0.00590342	0.0306871	0.0848198	0.0300096	0.223139	0.101163	0.0103246	0.0528565	0.0285723	0.0336791	0.0219452	0.0321442	0.138712	0.00077179	0.0471171
97	0.0922196	0.0194411	0.0050838	0.0124319	0.0453326	0.046196	0.0138578	0.0493939	0.0482134	0.238994	0.0826621	0.0530351	0.00821136	0.043555	0.0861441	0.0459597	0.043359	0.048372	0.00500356	0.0125342
98	0.0463549	0.01223	0.00137222	0.0027615	0.0731828	0.00814304	0.00656187	0.172052	0.0017205	0.300024	0.083427	0.0017505	0.00437038	0.0020895	0.00101167	0.02218	0.0430324	0.208308	0.00401098	0.00541667
99	0.060562	0.0157166	0.00113754	0.00380824	0.0772254	0.00883215	0.00863391	0.195475	0.00223152	0.197076	0.0698134	0.000868822	0.00498149	0.00163025	0.00105994	0.0270317	0.0507502	0.262115	0.00588903	0.00516206
100	0.0219494	0.0723692	0.00373753	0.00478226	0.265442	0.00724384	0.00936487	0.0577783	0.00695339	0.180357	0.0366304	0.00594139	0.00855342	0.00916453	0.00772	0.0666555	0.038728	0.07188	0.039226	0.0855225
101	0.00977898	0.0141067	0.0220493	0.00615421	0.0277258	0.00592192	0.148952	0.0348166	0.0214942	0.0113328	0.0189075	0.256847	0.00598926	0.00850852	0.0663384	0.0849394	0.069787	0.0155838	0.00264991	0.168117
102	0.0429806	0.0450141	0.0153225	0.00611726	0.0069282	0.0256302	0.0107312	0.024508	0.00765576	0.00990026	0.0139414	0.0718096	0.00553464	0.00572653	0.0173788	0.337122	0.316172	0.0089796	0.0165523	0.0119947
103	0.049281	0.0185696	0.00213553	0.00277536	0.103751	0.00661984	0.00598955	0.202619	0.00230575	0.218823	0.0713012	0.00155329	0.00416608	0.00119642	0.00103612	0.0241602	0.0401752	0.229564	0.00472535	0.00925305
104	0.0633015	0.0146503	0.000797225	0.00436755	0.0684676	0.00936933	0.00982045	0.195642	0.00234761	0.188794	0.0688267	0.000757641	0.00517492	0.00182908	0.00107171	0.0275486	0.054589	0.273036	0.00635897	0.00325073
105	0.0464657	0.0253954	0.213834	0.115289	0.0521894	0.0638396	0.0351028	0.0105408	0.029009	0.0449906	0.00777289	0.0937819	0.0129238	0.0240315	0.0143308	0.0840055	0.0306186	0.0217521	0.00180649	0.0723199
106	0.0579322	0.015989	0.00128752	0.00360391	0.0820963	0.00820811	0.00803869	0.197655	0.0021912	0.202132	0.071298	0.00112777	0.00474787	0.00155988	0.00102302	0.0266618	0.0481029	0.254924	0.00558531	0.00583476
107	0.054521	0.0456976	0.00321159	0.024441	0.061523	0.0625125	0.00399949	0.0297621	0.0676688	0.316879	0.072131	0.0209765	0.0112851	0.0116711	0.0718884	0.0346194	0.0221819	0.0425323	0.0141052	0.0283934
108	0.0225632	0.0637673	0.00309642	0.00401051	0.277634	0.00451321	0.00967663	0.058029	0.00470597	0.17241	0.0366112	0.0044841	0.00813979	0.00841724	0.00544898	0.0796339	0.0409952	0.0719826	0.0243177	0.0995627
109	0.0633163	0.0145339	0.000793033	0.00435976	0.0682465	0.00941823	0.00983647	0.19537	0.00230222	0.189154	0.0687657	0.000738104	0.00507208	0.0018304	0.00106514	0.0275417	0.0547121	0.273378	0.00636333	0.00320288
110	0.0680807	0.0185493	0.0033287	0.00432408	0.0763036	0.0105523	0.0100013	0.145304	0.00777218	0.241092	0.0810286	0.00381593	0.0174561	0.00611827	0.00774373	0.0349892	0.0466295	0.194551	0.00433031	0.0180292
111	0.0593487	0.00856197	0.00781526	0.00755424	0.0563014	0.00834659	0.0225268	0.129733	0.0315015	0.114081	0.0902508	0.0394315	0.0124348	0.017586	0.0383425	0.0383881	0.197719	0.0983229	0.00141371	0.0203405
112	0.193379	0.0287788	0.00340779	0.00707798	0.0127139	0.0264058	0.00380846	0.0822533	0.011192	0.0850081	0.0342978	0.0188033	0.0108108	0.0136832	0.00743949	0.125163	0.179239	0.147019	0.00290825	0.00661033
113	0.0317342	0.0138639	0.00261383	0.00127624	0.0941689	0.00436448	0.00382572	0.145244	0.00229502	0.402071	0.0959661	0.00312661	0.00464987	0.00306035	0.00231897	0.0164643	0.0296037	0.127521	0.00136806	0.0144636
114	0.0350461	0.00923937	0.049748	0.112058	0.00440686	0.0405565	0.017318	0.0262163	0.220674	0.0250012	0.0213744	0.050013	0.0185301	0.0966941	0.144473	0.0591894	0.0411784	0.0212974	0.00591357	0.00107227
115	0.0291875	0.00548861	0.381794	0.192341	0.00234967	0.0230067	0.0334227	0.00177112	0.0618413	0.0126083	0.00131626	0.0771805	0.0145697	0.0590294	0.0154869	0.0402003	0.0259395	0.0194908	0.000357426	0.00261833
116	0.096479	0.0157296	0.043357	0.0687137	0.0120756	0.021336	0.0233943	0.0246201	0.0765704	0.0177473	0.0195234	0.0432984	0.06843	0.0469145	0.0917545	0.154995	0.130314	0.0252003	0.00347155	0.0160744
117	0.0321003	0.00915893	0.0708459	0.108535	0.00499362	0.0290334	0.0262478	0.0209402	0.202148	0.024879	0.0195543	0.0586793	0.030399	0.0879402	0.138778	0.057513	0.0448262	0.020785	0.00764745	0.00499583
118	0.0524024	0.030951	0.0150952	0.005572	0.00415686	0.0252756	0.0054245	0.0261305	0.0038398	0.00732879	0.0136814	0.0569753	0.00506173	0.00332573	0.0151591	0.374145	0.327781	0.00658143	0.00888801	0.0122252
119	0.102416	0.0289159	0.0266664	0.0265629	0.0151536	0.0321938	0.0491031	0.0342166	0.00859599	0.0980722	0.0850088	0.00904408	0.216936	0.0102491	0.0100194	0.0363398	0.0696015	0.127446	0.0033431	0.0101158
120	0.0151846	0.0228367	0.00502782	0.00132632	0.195597	0.00191659	0.00101632	0.226883	0.00330948	0.270453	0.0697401	0.00458829	0.00118797	0.00130906	0.00129713	0.0129729	0.018586	0.120638	0.00262944	0.0234993
121	0.0566618	0.0105227	0.00783897	0.0139345	0.00775142	0.0143853	0.029598	0.0208789	0.149657	0.0382399	0.130293	0.0138696	0.00742652	0.01823	0.166645	0.109048	0.17776	0.0205718	0.00174956	0.00493854
122	0.135233	0.0238074	0.00283033	0.00536457	0.0403463	0.0226029	0.00690154	0.12668	0.00515397	0.123069	0.0514483	0.00775005	0.0141503	0.00770825	0.00508945	0.0874395	0.127994	0.190328	0.00654915	0.00955485
123	0.0103467	0.0137507	0.0214633	0.00702035	0.0261333	0.00604964	0.147749	0.0345668	0.0211004	0.0114557	0.01982	0.251004	0.00614963	0.00880376	0.0690877	0.0897975	0.0715097	0.0154838	0.00278377	0.165924
124	0.0966957	0.0753445	0.00538756	0.0110475	0.0215307	0.0673045	0.0101225	0.0489765	0.058124	0.117702	0.0777979	0.0169747	0.0096242	0.0377077	0.110112	0.0597262	0.128977	0.0349336	0.0041586	0.00775214
125	0.0668863	0.00804171	0.0277476	0.0557886	0.00815478	0.0546429	0.0046852	0.0633892	0.0852521	0.010778	0.0144131	0.0295956	0.0258608	0.0201444	0.113874	0.1573	0.204413	0.0446756	0.00130173	0.00305468
126	0.0147616	0.0225868	0.00481249	0.00138748	0.197217	0.00179047	0.000939333	0.229786	0.00334595	0.266142	0.0684859	0.00448578	0.00121331	0.00132717	0.00129266	0.0125061	0.0177767	0.124373	0.0025883	0.0231815
127	0.0555668	0.0084893	0.146056	0.0790456	0.0090798	0.0114558	0.0321441	0.0118086	0.106214	0.029459	0.00976426	0.124754	0.0110714	0.0290024	0.0634643	0.132488	0.0935378	0.020161	0.00361431	0.0228238
128	0.0179307	0.0100734	0.00225357	0.00125296	0.108596	0.00322101	0.00280653	0.143354	0.00210012	0.462226	0.0931392	0.00372861	0.00321105	0.0035303	0.00234916	0.0111036	0.021724	0.0941267	0.000966269	0.0123067
129	0.0266532	0.0050321	0.396418	0.196784	0.00129413	0.0239472	0.0344808	0.00120799	0.0603467	0.0113792	0.000857518	0.070377	0.0150867	0.0607521	0.0142243	0.0359068	0.0238563	0.0196162	0.000224159	0.00155644
130	0.0281146	0.00528795	0.377023	0.190917	0.00196209	0.0228845	0.0369527	0.00193396	0.0641422	0.0127992	0.00120739	0.0734963	0.0148855	0.0616897	0.0185226	0.039327	0.0263199	0.0197392	0.000519358	0.00227664
131	0.0112869	0.00229842	0.000440588	0.000541316	0.0258147	0.00128792	0.00151268	0.431055	0.00230294	0.136261	0.0750153	0.000717347	0.00154727	0.000626006	0.00225666	0.0018103	0.00351412	0.300918	0.000190363	0.000603938
132	0.0194661	0.00617533	0.00919299	0.0190803	0.00650442	0.0193477	0.0101565	0.0464177	0.238894	0.0291415	0.0420546	0.0208943	0.0106932	0.0454367	0.304232	0.0580042	0.0631032	0.0471589	0.00180578	0.00224028
133	0.0455191	0.00613959	0.0103451	0.00538024	0.08251	0.00521306	0.0318519	0.0894918	0.0345915	0.233426	0.101373	0.0126334	0.03356	0.0335109	0.036847	0.018479	0.0333414	0.133774	0.000508772	0.0515033
134	0.00992836	0.0023907	0.000503878	0.000612324	0.0239772	0.00149082	0.00175078	0.437446	0.00221461	0.121242	0.0685573	0.000936265	0.00163753	0.000703129	0.0022347	0.00193282	0.00443641	0.317027	0.000211058	0.000767337
135	0.0353666	0.0120708	0.0495452	0.0553676	0.0105453	0.0245373	0.0196156	0.0335077	0.221008	0.0360935	0.031049	0.0455205	0.0209496	0.0580102	0.180883	0.062269	0.0547622	0.036182	0.00556064	0.00715658
136	0.0515263	0.00596095	0.145253	0.0827145	0.00801188	0.00636093	0.0408098	0.00937321	0.0951113	0.0217872	0.00801845	0.157504	0.0116735	0.0291321	0.0630499	0.119398	0.0964321	0.00992984	0.00521258	0.0327409
137	0.210273	0.0195945	0.0082428	0.0170761	0.0044758	0.0234954	0.0101753	0.0560904	0.0243664	0.0487034	0.0155989	0.0428972	0.00810322	0.0227274	0.0124147	0.131998	0.143426	0.195798	0.00103561	0.00350758
138	0.0594484	0.0127982	0.00159412	0.00397604	0.0623931	0.00830392	0.00917769	0.175971	0.00306036	0.244665	0.0795089	0.00186844	0.00639935	0.0029758	0.00225828	0.0259012	0.0559094	0.233966	0.00496121	0.00486399
139	0.184273	0.0349648	0.00392806	0.00659347	0.0194541	0.0384945	0.00442341	0.0732702	0.00701405	0.0847875	0.0470298	0.0125537	0.0172857	0.0117743	0.00891888	0.128724	0.178702	0.121142	0.00443316	0.012232
140	0.0758822	0.0217279	0.0221353	0.0249223	0.0257329	0.0224998	0.0250085	0.0527726	0.0878821	0.0939378	0.0427891	0.0321661	0.020735	0.0301363	0.06921	0.0805986	0.183178	0.0705706	0.00474053	0.0133738
141	0.00997863	0.00253067	0.000535796	0.000701776	0.0247933	0.00157694	0.00212711	0.432303	0.00248242	0.119061	0.0668926	0.00110537	0.00187021	0.000797087	0.00261739	0.00204191	0.00541767	0.321909	0.000221502	0.00103749
142	0.0398783	0.0225829	0.0559297	0.0349386	0.0166655	0.0192968	0.0373987	0.0260171	0.0446763	0.0307124	0.0171864	0.212754	0.0130444	0.0282688	0.046532	0.118479	0.149646	0.0237011	0.0314118	0.03088
143	0.0415346	0.040664	0.274777	0.0933544	0.0228749	0.033966	0.0340484	0.0162536	0.0418306	0.0687378	0.0112183	0.107062	0.013149	0.0310881	0.0178386	0.0713014	0.0298135	0.0266576	0.0021928	0.0216373
144	0.0721425	0.0112623	0.00273808	0.00665579	0.0422434	0.0101432	0.00819996	0.244334	0.00648917	0.137116	0.0603433	0.00699487	0.0115887	0.00690042	0.00477382	0.0341036	0.054991	0.270886	0.00282695	0.00526799
145	0.0177296	0.00363283	0.000891193	0.000752317	0.0426261	0.00223456	0.00268353	0.257546	0.00171436	0.352495	0.0984835	0.00211254	0.00262926	0.00216229	0.00323593	0.00680713	0.0156463	0.182629	0.000354721	0.00363386
146	0.0449741	0.0191875	0.00240382	0.00242833	0.107834	0.00585895	0.00519262	0.195077	0.00224837	0.244919	0.0745473	0.00205755	0.00406319	0.00136831	0.00109415	0.0232656	0.0378534	0.21012	0.00412057	0.0113858
147	0.382267	0.0191383	0.0134292	0.00781282	0.00626875	0.205077	0.0081405	0.00618507	0.00180743	0.00613342	0.00231019	0.00585705	0.0305452	0.0040948	0.00617507	0.183502	0.0452194	0.0452106	0.000585289	0.0202403
148	0.0163117	0.00300935	0.000431034	0.000674521	0.0295674	0.00165614	0.00194259	0.409441	0.00239318	0.146945	0.0755796	0.000717501	0.0019732	0.000621334	0.00228236	0.00349619	0.00655607	0.2951	0.000557282	0.000744392
149	0.190894	0.0244001	0.00454034	0.00850188	0.00964697	0.0237738	0.00450983	0.0819765	0.0153504	0.0826025	0.0296806	0.0218253	0.0123002	0.0161965	0.00702399	0.121924	0.171935	0.165376	0.00222387	0.00531805
150	0.0628786	0.0311471	0.1668	0.110573	0.0320282	0.0292477	0.0350075	0.00845016	0.0431126	0.061154	0.00772793	0.116874	0.0107311	0.0359185	0.018105	0.127407	0.0437639	0.0193739	0.00194015	0.0377599
151	0.292921	0.0295662	0.0180215	0.0149512	0.0334187	0.083829	0.00949732	0.0406569	0.00388465	0.0465271	0.0179773	0.00769156	0.0317246	0.00775305	0.00976859	0.158162	0.0824511	0.0743313	0.00288783	0.0339792
152	0.425479	0.0186907	0.0142715	0.00660726	0.00519207	0.165938	0.00727062	0.0050672	0.0014648	0.00501633	0.00174923	0.00549559	0.029856	0.00422661	0.00325036	0.18668	0.0475593	0.0484501	0.000476962	0.0172579
153	0.0213326	0.011551	0.00231724	0.00120013	0.106017	0.00360813	0.00293854	0.170963	0.00170413	0.405307	0.086657	0.00342516	0.00263669	0.00267792	0.00154908	0.0126264	0.0244512	0.125946	0.00156112	0.0115308
154	0.0711548	0.0360749	0.0169867	0.0292077	0.00774358	0.0394393	0.0135334	0.0300183	0.0864303	0.0175577	0.0278025	0.0216118	0.0169548	0.0361779	0.150179	0.211856	0.142141	0.036923	0.00257277	0.00563467
155	0.00689531	0.0412781	0.00957168	0.024737	0.0224039	0.0221915	0.0562007	0.0213363	0.111577	0.0679891	0.00593768	0.0293996	0.0127658	0.161062	0.287425	0.0426952	0.0129783	0.0212298	0.02713	0.0151961
156	0.0380726	0.0203658	0.0231854	0.0143002	0.201428	0.0448512	0.055812	0.00941589	0.00543104	0.0368996	0.00712539	0.0414461	0.00588824	0.00685921	0.0182159	0.0980767	0.01329	0.0206972	0.00195967	0.33668
157	0.0431846	0.00606993	0.00879754	0.00422043	0.0827152	0.00463114	0.0298347	0.0944365	0.0314002	0.248698	0.102597	0.011409	0.0321767	0.0307366	0.0333484	0.0175085	0.032749	0.134442	0.000549961	0.0504943
158	0.0557556	0.00681808	0.141975	0.0870962	0.011549	0.0093855	0.0429812	0.0100964	0.0849688	0.0232277	0.00917524	0.144674	0.0163199	0.0331584	0.0589923	0.121944	0.0912486	0.00977038	0.00480062	0.0360623
159	0.0637489	0.0138808	0.00115548	0.00462995	0.0660712	0.00899761	0.0114468	0.193113	0.00269438	0.192193	0.0676637	0.00113837	0.00717824	0.00286416	0.00162971	0.028029	0.0574897	0.266321	0.0059105	0.00384367
160	0.00874258	0.0535484	0.0147103	0.0240028	0.0200006	0.024148	0.0617989	0.0195712	0.107404	0.0571401	0.00657092	0.0312917	0.0114756	0.138641	0.269924	0.0628414	0.025974	0.0232864	0.0262801	0.0126479
161	0.0268384	0.0198796	0.00347761	0.00120404	0.127156	0.00356908	0.00250893	0.183569	0.00220793	0.332896	0.0827228	0.00333135	0.0027582	0.0016697	0.00128205	0.0173961	0.0261942	0.142884	0.00207554	0.0163796
162	0.0299081	0.0245437	0.0197085	0.0235279	0.0167533	0.0193929	0.143821	0.0197586	0.0802087	0.0389956	0.0262904	0.0468003	0.0202969	0.0819834	0.156918	0.0613026	0.141887	0.0229265	0.00819132	0.0167857
163	0.423229	0.0189965	0.014257	0.00642398	0.00504349	0.165204	0.00748178	0.00490035	0.00146559	0.00492801	0.00176865	0.00557921	0.0307964	0.00424185	0.00327846	0.188329	0.0472644	0.0489423	0.000479762	0.0173903
164	0.187116	0.0316719	0.00301286	0.00624842	0.0166874	0.029762	0.00381519	0.0816348	0.00892848	0.0866543	0.0374854	0.0165045	0.0114439	0.0123564	0.00747039	0.127588	0.184851	0.13537	0.00361569	0.00778354
165	0.063499	0.0142809	0.000791215	0.00450351	0.066305	0.00917296	0.0103377	0.197892	0.00235646	0.187533	0.0683673	0.000762906	0.00541021	0.00196026	0.00109229	0.0270626	0.0543311	0.27509	0.00619604	0.00305525
166	0.0316935	0.00823175	0.00360997	0.00173562	0.0883039	0.00360769	0.00952461	0.12927	0.00803868	0.384537	0.115374	0.00464444	0.0167631	0.00893746	0.0088056	0.0142048	0.0280287	0.115486	0.000831755	0.0183713
167	0.0439163	0.0125297	0.00133475	0.0025075	0.0726265	0.00606002	0.00591714	0.258822	0.00235116	0.185371	0.0764456	0.0009823	0.00394909	0.00123234	0.00136991	0.0195976	0.0347927	0.261606	0.00388377	0.00470496
168	0.0380225	0.0154359	0.283218	0.119041	0.00926295	0.0279738	0.0312767	0.00600123	0.0600977	0.0254248	0.00306079	0.185517	0.0121798	0.0376186	0.0169618	0.06833	0.0304773	0.0170322	0.00129958	0.0117679
169	0.0200972	0.0047372	0.00148743	0.000954468	0.059288	0.00339773	0.00385178	0.124528	0.00115031	0.518851	0.1109	0.00346694	0.00347095	0.00390375	0.00229598	0.0104924	0.0266704	0.0934382	0.000377624	0.00664076
170	0.0189244	0.0179936	0.0139362	0.0218519	0.0122401	0.0221568	0.0269167	0.0350243	0.167937	0.0450652	0.029622	0.0281217	0.0137004	0.0727755	0.318344	0.0551933	0.0463884	0.0355593	0.010469	0.00778041
171	0.0848054	0.00836479	0.0265786	0.0450061	0.00759715	0.015504	0.0132414	0.0256733	0.0766244	0.0177872	0.0201544	0.0280996	0.295146	0.0447428	0.0721567	0.121372	0.0651622	0.0237327	0.00161339	0.00663766
172	0.0266291	0.0214823	0.00618321	0.00160352	0.150924	0.00287478	0.00476987	0.190854	0.00599158	0.283628	0.0786758	0.00462004	0.00561482	0.00462881	0.00445884	0.0172125	0.0236188	0.135065	0.00208231	0.0290829
173	0.202113	0.0150941	0.0267524	0.0364585	0.00507552	0.0260695	0.00779486	0.036763	0.0566976	0.0356487	0.0135252	0.0427937	0.0139154	0.0334194	0.0398001	0.142124	0.138063	0.123293	0.000873163	0.00372559
174	0.0272891	0.00342471	0.367855	0.226269	0.000992085	0.0205034	0.0301186	0.00110251	0.0636205	0.00934647	0.000813453	0.0732601	0.0149047	0.0641054	0.0144485	0.0362892	0.0241355	0.0205186	0.000238696	0.000764228
175	0.0497276	0.0109891	0.00789073	0.00700506	0.0763295	0.014505	0.0255074	0.078527	0.0443137	0.23932	0.105016	0.0142524	0.0289116	0.0299172	0.0467462	0.0231922	0.0316813	0.119852	0.0021695	0.0441468
176	0.0201456	0.00605668	0.00263928	0.00148185	0.0678233	0.00332139	0.0041032	0.151702	0.00213006	0.425196	0.143449	0.00547979	0.00594726	0.00399054	0.00334063	0.0106438	0.0287197	0.105001	0.000814177	0.00801434
177	0.0491784	0.00776027	0.0192617	0.0516858	0.00742093	0.039219	0.00659686	0.040916	0.178862	0.0151464	0.0281311	0.0234141	0.025214	0.0396356	0.242519	0.087543	0.103117	0.0308152	0.00171532	0.00184856
178	0.0161408	0.0388996	0.0102672	0.0242384	0.028627	0.0252395	0.0481051	0.0242687	0.096406	0.103622	0.0152255	0.0303482	0.0133525	0.138803	0.236091	0.0422994	0.0186534	0.0254849	0.0473563	0.0165719
179	0.0473725	0.0143511	0.0489135	0.0852989	0.0131554	0.20531	0.0205197	0.0247485	0.0971332	0.0372684	0.0198428	0.0336454	0.0180441	0.0544767	0.114692	0.0769459	0.04556	0.0276127	0.00561483	0.00949495
180	0.0319877	0.0173545	0.0854904	0.0328238	0.0121657	0.0333056	0.0956432	0.0201532	0.0388878	0.0315144	0.011178	0.342041	0.0159727	0.0454823	0.0419133	0.061117	0.0328004	0.0209495	0.00403427	0.025185
181	0.00765234	0.0418827	0.00940613	0.024977	0.0235288	0.0220033	0.0560908	0.0207242	0.111873	0.0686414	0.00640534	0.0286264	0.0129501	0.164044	0.279391	0.0430201	0.0130131	0.0207341	0.0280303	0.0170069
182	0.0144768	0.0221705	0.0053788	0.00130899	0.198062	0.00183951	0.00106869	0.231051	0.00329032	0.262618	0.0735585	0.00451414	0.00159899	0.00137944	0.00138247	0.0126333	0.0186176	0.120059	0.00258035	0.0224117
183	0.22555	0.0175382	0.0120774	0.00851349	0.00644559	0.21683	0.00780958	0.00793899	0.00353308	0.0080157	0.0091647	0.0107609	0.0166142	0.00496756	0.0229045	0.309012	0.070699	0.0248321	0.00128198	0.0155117
184	0.0257039	0.0596915	0.00408187	0.00309599	0.273748	0.00370461	0.0133439	0.044223	0.00321765	0.139583	0.0327182	0.00438247	0.0109219	0.0116586	0.00444386	0.086916	0.0517401	0.0735942	0.0231134	0.130117
185	0.0127632	0.00220665	0.000421914	0.000557758	0.0274287	0.00129712	0.00155166	0.42325	0.00245171	0.148483	0.0749221	0.000698641	0.00155847	0.000599754	0.00238981	0.00201195	0.00413472	0.29241	0.000249452	0.000614398
186	0.037559	0.0126997	0.00140807	0.00218349	0.0770453	0.00490002	0.00656914	0.211758	0.00179778	0.288075	0.0809975	0.0016471	0.00522333	0.00198729	0.0012682	0.0186229	0.0333074	0.203972	0.0031562	0.00582305
187	0.0163602	0.0231983	0.00475912	0.00131954	0.192815	0.00187466	0.000923807	0.222226	0.00332255	0.272544	0.0690631	0.00460829	0.00119198	0.00129665	0.00116072	0.0136064	0.018774	0.123766	0.00250857	0.0246818
188	0.0472799	0.00809304	0.0216928	0.0241982	0.00372301	0.0114329	0.0163396	0.0133503	0.034163	0.0246963	0.00764155	0.0154088	0.555667	0.0379494	0.0405758	0.0818962	0.0393524	0.0115466	0.00102328	0.00397
189	0.0166461	0.00936854	0.00197529	0.00104968	0.101779	0.00263622	0.00262939	0.165498	0.00163993	0.442253	0.0928783	0.00364221	0.00278878	0.00318641	0.00196015	0.0102176	0.020196	0.108026	0.000865545	0.010764
190	0.0667514	0.00744189	0.0460258	0.0766242	0.0285901	0.029667	0.065306	0.0143835	0.0296312	0.0292187	0.0247107	0.0356883	0.11967	0.0737573	0.0549151	0.127428	0.0962625	0.0166529	0.0096797	0.0475951
191	0.0608184	0.00887868	0.188227	0.0966525	0.0094456	0.0127618	0.0368513	0.00569576	0.0894268	0.0299783	0.00567727	0.144785	0.00687335	0.0271564	0.0383811	0.118544	0.0794312	0.0138526	0.00271652	0.0238468
192	0.0264725	0.0241986	0.213224	0.0665545	0.00806317	0.0536382	0.0263296	0.0113953	0.0600639	0.0232718	0.00482678	0.33669	0.0264079	0.0369337	0.00851571	0.036158	0.0144584	0.01354	0.00182472	0.00743285
193	0.0948601	0.0116622	0.00970316	0.0112837	0.0158519	0.0146074	0.020309	0.0601519	0.0097871	0.0671311	0.0277955	0.00840575	0.365634	0.0204562	0.012936	0.071987	0.0658838	0.100597	0.00299491	0.00796233
