254	20
1	0.170089	0.00537225	0.196734	0.268429	0.000653125	0.0257581	0.0125915	0.00314084	0.0485184	0.0103812	0.000472329	0.0409483	0.0103972	0.0655744	0.0443512	0.057131	0.0315004	0.00528111	0.00215939	0.000518267
2	0.077998	0.0165136	0.00361856	0.00331126	0.00418479	0.021045	0.0133021	0.00801957	0.00344385	0.0148494	0.00626207	0.0228769	0.0410909	0.0111187	0.0038072	0.249482	0.477711	0.0170735	0.000850984	0.0034412
3	0.0357275	0.0136347	0.00162392	0.0180844	0.0225502	0.0141769	0.012937	0.0470906	0.215696	0.0784477	0.0381045	0.00329481	0.00162337	0.139554	0.209145	0.0264938	0.101077	0.00704454	0.000729393	0.0129646
4	0.0331344	0.0171426	0.00596621	0.00381659	0.0487021	0.00141249	0.00589126	0.115643	0.000736934	0.576272	0.0430397	0.00334505	0.00424338	0.00305991	0.00169706	0.00391543	0.0177951	0.102998	0.00305379	0.00813561
5	0.0687306	0.0026805	0.00119001	0.00181413	0.00273407	0.00977132	0.00205335	0.178314	0.00838332	0.0986547	0.00826333	0.00158881	0.00506156	0.0163415	0.00426904	0.025966	0.137175	0.425353	0.00048298	0.0011726
6	0.216479	0.00976839	0.00225762	0.00264914	0.074834	0.0218035	0.00585676	0.0552519	0.0023388	0.0428074	0.0237227	0.00408097	0.0355987	0.0197655	0.00327084	0.201841	0.125392	0.124747	0.00121913	0.0263152
7	0.0461143	0.00809892	0.000655427	0.00111963	0.0246544	0.00320361	0.00295265	0.224363	0.00755857	0.176788	0.0262662	0.00103283	0.0292985	0.00616255	0.0147674	0.0062963	0.043131	0.371841	0.000341161	0.0053547
8	0.124746	0.023406	0.00304341	0.0236765	0.00405152	0.0227152	0.0787912	0.0276147	0.0038983	0.0200159	0.0360549	0.0840722	0.0731891	0.0659278	0.00557008	0.174865	0.112053	0.104185	0.000999826	0.0111247
9	0.0786185	0.018918	0.00165262	0.0172211	0.00228737	0.0136536	0.0146721	0.0189772	0.00160301	0.0530457	0.0270325	0.0133593	0.420046	0.0238793	0.00248471	0.0264479	0.0995085	0.148215	0.000738291	0.0176394
10	0.241234	0.00578066	0.00150026	0.00325433	0.00160653	0.0623396	0.00592551	0.0101622	0.0114301	0.00474908	0.00695648	0.00717287	0.432475	0.013651	0.00431873	0.123246	0.02481	0.0362312	0.000446166	0.00271013
11	0.0609794	0.00346817	0.000713958	0.00118301	0.00725725	0.0046632	0.00167363	0.20065	0.00454766	0.129213	0.0170058	0.000950097	0.0114902	0.00631791	0.0069862	0.0123069	0.0661288	0.462939	0.000258669	0.00126674
12	0.074671	0.00416721	0.019738	0.0743189	0.0774414	0.00548358	0.0903887	0.00546658	0.00328814	0.00734367	0.0499795	0.00607451	0.00246675	0.0495987	0.00473488	0.0314329	0.0798961	0.140107	0.0598172	0.213585
13	0.00643214	0.0103116	0.00151367	0.00165538	0.00193286	0.0190703	0.0655586	0.00250591	0.123342	0.00787692	0.00193323	0.0174695	0.00123604	0.0180364	0.697963	0.0126569	0.00421904	0.00392131	0.000581481	0.00178379
14	0.417719	0.0221391	0.00342995	0.00393103	0.0209476	0.276132	0.00429166	0.0057208	0.00299178	0.00780486	0.00400141	0.00477652	0.00378565	0.0220413	0.0243956	0.0561241	0.105567	0.00966459	0.00113901	0.00339663
15	0.0665081	0.0196046	0.00601259	0.00116525	0.00201979	0.0417196	0.00133842	0.00279681	0.00123532	0.00261486	0.00148786	0.0197542	0.00183901	0.00616413	0.00166236	0.718523	0.0994886	0.00429727	0.00037573	0.00139246
16	0.040411	0.0069249	0.00386365	0.00217565	0.00305843	0.0161639	0.0110783	0.0116175	0.0014579	0.0213	0.00692874	0.0154186	0.00651314	0.00611539	0.00599509	0.259964	0.562278	0.0159779	0.000725173	0.00203323
17	0.0193415	0.0122038	0.00109697	0.000531209	0.0337871	0.0048465	0.00511197	0.401555	0.000498301	0.11912	0.0475566	0.00246972	0.00117775	0.000783403	0.000621157	0.00203849	0.0108021	0.332499	0.00018382	0.0037757
18	0.0538221	0.0123119	0.000959216	0.00143288	0.0254035	0.00442417	0.0041771	0.180348	0.0115844	0.249035	0.0236066	0.00129643	0.040143	0.00923383	0.0244437	0.00715329	0.0553785	0.282329	0.00186222	0.0110546
19	0.0505493	0.0271744	0.00107475	0.00296838	0.483261	0.00572689	0.0141203	0.017452	0.000986473	0.052799	0.00543319	0.00139587	0.00315479	0.00232171	0.00758136	0.0282037	0.00590787	0.0192746	0.0258893	0.244725
20	0.116159	0.00340705	0.17778	0.193915	0.00265914	0.0249418	0.0216135	0.00361802	0.0586221	0.00835478	0.00124594	0.0514241	0.140919	0.0440258	0.0500245	0.0648617	0.0236668	0.00912349	0.00163595	0.00200231
21	0.0489604	0.0047179	0.0196194	0.00331268	0.143405	0.023906	0.0257607	0.0395072	0.00269651	0.00656476	0.00369294	0.0543966	0.00264869	0.0228184	0.0854017	0.245528	0.113144	0.0773888	0.0192091	0.0573219
22	0.0568273	0.0318118	0.00566698	0.0131054	0.1032	0.0110061	0.0533221	0.0150691	0.0039952	0.021277	0.0125988	0.0109346	0.00603196	0.0213421	0.00746189	0.0449028	0.0349413	0.0269342	0.0434332	0.476138
23	0.0372374	0.00804411	0.00982131	0.00128547	0.000938077	0.846898	0.0010225	0.00181655	0.000941053	0.00181902	0.00114619	0.00146644	0.00307174	0.00159436	0.00567328	0.0645862	0.00456363	0.00663991	0.00041445	0.00102055
24	0.135625	0.00937505	0.00745949	0.00789668	0.00801289	0.0149412	0.0089304	0.0848305	0.0073934	0.18026	0.0130287	0.0487705	0.00596296	0.0128318	0.159599	0.0260908	0.240271	0.0191307	0.0022817	0.00730847
25	0.0562178	0.00421698	0.0242652	0.0170816	0.0307004	0.0118767	0.207684	0.0195703	0.0436391	0.0710483	0.0642831	0.0479553	0.0128382	0.0478019	0.0961448	0.0266698	0.0422956	0.0582171	0.000851522	0.116642
26	0.213626	0.0185412	0.0120532	0.015158	0.00421717	0.490104	0.00600606	0.00566034	0.00908848	0.007353	0.00439905	0.00484545	0.0128629	0.0102759	0.0272984	0.112155	0.0213968	0.0199058	0.000783733	0.00426945
27	0.0392446	0.00312769	0.00204642	0.00222682	0.00241017	0.0161957	0.00800894	0.00930624	0.00195251	0.0502592	0.0162038	0.0428158	0.00298118	0.00509465	0.0064529	0.162258	0.610149	0.0161513	0.000895196	0.0022196
28	0.0728146	0.00400405	0.0798437	0.140842	0.00556525	0.0184397	0.0470373	0.00707512	0.0328977	0.0374727	0.00622912	0.040979	0.236324	0.0603707	0.0553885	0.0776847	0.0537502	0.0152544	0.00160526	0.00642156
29	0.0601131	0.00836757	0.00213795	0.00333704	0.00584581	0.00858049	0.00914568	0.0545706	0.00186737	0.0476836	0.0264988	0.0108642	0.00557146	0.018681	0.00775261	0.199965	0.443531	0.0817211	0.000684753	0.00308091
30	0.0835492	0.0280871	0.00227242	0.0156515	0.00404458	0.0281111	0.115974	0.0335792	0.00263055	0.0195465	0.0340079	0.05264	0.0574871	0.069066	0.0034916	0.202704	0.131337	0.104601	0.000949842	0.0102696
31	0.376471	0.00452336	0.0456448	0.110662	0.00449859	0.0356302	0.00699973	0.0404701	0.0139551	0.0240206	0.00473563	0.0185449	0.00301563	0.0406148	0.0434285	0.11916	0.060302	0.0314824	0.00180825	0.0140328
32	0.013017	0.00226804	0.00178205	0.00149135	0.0633431	0.000864491	0.00417479	0.0710075	0.000718397	0.757525	0.0320552	0.00075616	0.000715066	0.000971141	0.00121917	0.00158027	0.00345852	0.0364545	0.00429747	0.00230102
33	0.151201	0.0914035	0.00336311	0.353428	0.00379159	0.0292717	0.0051714	0.00729613	0.00904399	0.00920114	0.0053011	0.00609767	0.00352987	0.16163	0.0450133	0.0731462	0.0283247	0.00864589	0.001636	0.00350388
34	0.171153	0.00562132	0.196866	0.273372	0.000369548	0.0252067	0.0126236	0.00295254	0.0480854	0.00963437	0.000474938	0.0408931	0.00918521	0.0654978	0.0434013	0.056152	0.0310715	0.00515379	0.00195689	0.000329388
35	0.170361	0.024678	0.0389704	0.0582018	0.00439446	0.0164964	0.0250015	0.0350424	0.0282194	0.151205	0.0903953	0.0233624	0.00580732	0.0431618	0.0601595	0.0613309	0.0840085	0.0703986	0.00094392	0.00786092
36	0.141043	0.0328276	0.00123203	0.001287	0.00187889	0.589561	0.00156789	0.00582017	0.00120761	0.0026841	0.00162123	0.00161073	0.00751181	0.00204796	0.0104996	0.164563	0.00362601	0.0276944	0.000463531	0.00125281
37	0.115119	0.0151737	0.0901733	0.073782	0.0367595	0.0475034	0.139456	0.0049159	0.0714896	0.0255384	0.00619842	0.0276052	0.00450833	0.0123624	0.0445898	0.0665687	0.0786788	0.0529436	0.00169406	0.0849396
38	0.0463834	0.00427045	0.048621	0.0467085	0.0312879	0.0768661	0.16712	0.00743926	0.0479836	0.0344629	0.0159189	0.0681488	0.00636525	0.0616658	0.180616	0.0193987	0.0267622	0.0328217	0.00139069	0.0757685
39	0.302654	0.168669	0.000776269	0.00084889	0.00519828	0.0062065	0.000986949	0.0389796	0.000720441	0.0139081	0.00576401	0.00104159	0.000862424	0.00140682	0.000986126	0.0948673	0.158832	0.196313	0.000239022	0.000739005
40	0.0776443	0.0260669	0.00135048	0.00175824	0.0591093	0.0113313	0.00491272	0.113312	0.0176593	0.222204	0.0340877	0.00207105	0.0318342	0.0302474	0.0470105	0.00734344	0.0561269	0.239635	0.000848621	0.0154466
41	0.0665489	0.050039	0.00325289	0.00158242	0.00757107	0.0113589	0.00175188	0.253878	0.00101922	0.282559	0.0330724	0.012875	0.000949167	0.00285821	0.00142036	0.0129825	0.0314443	0.2158	0.00361602	0.00542003
42	0.179434	0.0375126	0.00297483	0.00274456	0.107697	0.00640461	0.00449346	0.00669503	0.00314352	0.0713742	0.0211785	0.00382996	0.0030548	0.0219355	0.00456475	0.0298976	0.205819	0.203759	0.00132644	0.0821608
43	0.128126	0.0558515	0.00419934	0.00248485	0.00354355	0.0856642	0.00357711	0.00539753	0.00561099	0.00810105	0.00462922	0.046088	0.228977	0.00550359	0.00784076	0.32807	0.0582115	0.0148116	0.000633995	0.00267868
44	0.0655917	0.0204613	0.00500737	0.000806258	0.00100193	0.041734	0.000963645	0.00136812	0.000786177	0.00184422	0.000981843	0.0200162	0.002137	0.00564383	0.00108747	0.731501	0.0958607	0.00202217	0.00027863	0.000906481
45	0.0106762	0.00159886	0.0148878	0.000848675	0.000819255	0.93463	0.00116344	0.0010459	0.000599621	0.00141174	0.000825357	0.00104259	0.000973363	0.00101235	0.00459845	0.0190432	0.00200403	0.00185301	0.000278445	0.000687317
46	0.0389224	0.00217015	0.0069116	0.0012737	0.0168712	0.00231368	0.0059399	0.0603738	0.0139449	0.555634	0.0639763	0.00320731	0.00100875	0.0545589	0.0337849	0.0231091	0.0730029	0.0390983	0.000537999	0.00335976
47	0.499449	0.0181827	0.00158506	0.00817553	0.010599	0.0973378	0.0016987	0.00233545	0.00148854	0.0103104	0.00925692	0.00975736	0.00615445	0.0199356	0.00188659	0.272289	0.0207492	0.00441073	0.000392867	0.00400527
48	0.265675	0.0401628	0.00327767	0.00493337	0.00427766	0.310797	0.00342818	0.0126786	0.00296932	0.00791494	0.00389172	0.00695783	0.00826556	0.00687808	0.00760716	0.224677	0.0190185	0.0629122	0.00115656	0.00252143
49	0.0481159	0.0443342	0.00178802	0.00109916	0.0106364	0.0115911	0.00281516	0.438216	0.000846451	0.111593	0.0336304	0.0147969	0.000955689	0.00188337	0.00123104	0.010111	0.0200708	0.243787	0.000476037	0.00202316
50	0.30753	0.00298473	0.00207527	0.00200965	0.014347	0.0196111	0.00330949	0.00434414	0.00205757	0.0063241	0.0248134	0.0280669	0.00217177	0.00364702	0.00269083	0.232378	0.276871	0.0620011	0.00076089	0.00200598
51	0.278927	0.0148812	0.00119582	0.00155783	0.00625945	0.0398356	0.00234846	0.082053	0.00148396	0.035349	0.0165865	0.0025353	0.024771	0.00511341	0.00170033	0.107331	0.182399	0.190847	0.000568816	0.00425562
52	0.0159287	0.0232375	0.0111133	0.00176411	0.130017	0.00308637	0.0254953	0.211506	0.00112233	0.27233	0.0441632	0.0505452	0.00133407	0.0146447	0.0208979	0.0257738	0.0204806	0.0491336	0.00522153	0.072205
53	0.0149421	0.0009523	0.00235967	0.000789126	0.0694527	0.00766277	0.00102149	0.0441568	0.000938397	0.436193	0.324672	0.00719141	0.000706209	0.0186364	0.00172384	0.0192233	0.00993959	0.0198913	0.000636121	0.0189112
54	0.530162	0.00878797	0.00119767	0.00204842	0.00588172	0.0908588	0.00134721	0.00261097	0.00105253	0.0042554	0.00357215	0.0100982	0.00531931	0.00508653	0.00186127	0.215785	0.10063	0.00543141	0.000404235	0.00360875
55	0.0311563	0.0443541	0.00150914	0.00146237	0.247301	0.0090068	0.0297552	0.0345275	0.00139584	0.25179	0.0287252	0.00820541	0.000991505	0.0111674	0.0106264	0.0104742	0.0279556	0.110161	0.0276983	0.111737
56	0.18963	0.0518975	0.00156006	0.00125123	0.00651732	0.0185481	0.00135606	0.0947082	0.00107911	0.224922	0.0169301	0.00180353	0.00243826	0.00261287	0.00171987	0.025443	0.0579892	0.290499	0.00392786	0.00516703
57	0.326769	0.0141648	0.00229221	0.0131838	0.00182636	0.0178389	0.0158777	0.00511397	0.0238966	0.00495233	0.00299662	0.0028888	0.202367	0.0814532	0.00311196	0.176769	0.0713812	0.0204083	0.000628826	0.0120793
58	0.0151188	0.00111485	0.0393206	0.0132663	0.00115577	0.877243	0.00265754	0.00118769	0.0021539	0.00219745	0.00117434	0.00354551	0.0012145	0.00359273	0.00507967	0.0198247	0.00488028	0.00328846	0.000338585	0.00164542
59	0.0915692	0.00125684	0.532076	0.0491954	0.00283196	0.062214	0.0388711	0.00177588	0.00486763	0.00223743	0.00144604	0.0677444	0.0141683	0.00519242	0.0101809	0.0812948	0.0225578	0.00316151	0.000440038	0.00691862
60	0.0298097	0.00822434	0.0433263	0.202606	0.00400294	0.00969347	0.148761	0.0143435	0.0316974	0.0341958	0.0268526	0.0757618	0.00337338	0.0919292	0.12196	0.0186296	0.0649384	0.0579612	0.000866969	0.0110664
61	0.0165876	0.00536904	0.000253569	0.000299084	0.0299491	0.00151086	0.00123975	0.359222	0.000302257	0.124339	0.0337839	0.000656784	0.00103523	0.000439481	0.000365018	0.000920948	0.00436112	0.415008	0.000101652	0.00425532
62	0.027716	0.0115593	0.00212976	0.00163013	0.0418517	0.00507847	0.00399295	0.0902367	0.00115354	0.624444	0.0327314	0.00226504	0.00130504	0.00286115	0.00302527	0.00417004	0.0208807	0.099998	0.0113769	0.0115935
63	0.0165876	0.00536904	0.000253569	0.000299084	0.0299491	0.00151086	0.00123975	0.359222	0.000302257	0.124339	0.0337839	0.000656784	0.00103523	0.000439481	0.000365018	0.000920948	0.00436112	0.415008	0.000101652	0.00425532
64	0.200279	0.0345335	0.00246602	0.003856	0.00391289	0.00652008	0.00419495	0.00567813	0.00349447	0.0221321	0.00419745	0.00395207	0.172239	0.0385168	0.00385264	0.116752	0.303262	0.0653163	0.00108358	0.00376117
65	0.0804578	0.00418724	0.331284	0.0857683	0.0198309	0.0740567	0.0678929	0.00234971	0.0325503	0.0104823	0.00237701	0.0548251	0.0218774	0.0196306	0.0441424	0.0621067	0.0413912	0.0155038	0.00183163	0.027454
66	0.11715	0.0844993	0.0110146	0.00217046	0.00208482	0.0639594	0.00347482	0.00291039	0.0117733	0.0127647	0.00233282	0.177227	0.0333036	0.00283807	0.00330214	0.330908	0.120039	0.0154925	0.000914804	0.00184055
67	0.315218	0.0388039	0.000745038	0.000995847	0.00990039	0.00247573	0.00115263	0.138404	0.000723942	0.0165882	0.010789	0.00127678	0.00186927	0.00135523	0.000965205	0.00783998	0.00582754	0.443677	0.00037307	0.00101957
68	0.0612056	0.0235477	0.00850139	0.0201814	0.0734923	0.010872	0.0394513	0.0138782	0.00494848	0.019761	0.0141073	0.0132458	0.00787051	0.0258369	0.00904963	0.0472829	0.0674869	0.0300341	0.0431418	0.466105
69	0.0652266	0.00341973	0.132509	0.115602	0.0368087	0.196463	0.0358563	0.00558697	0.035016	0.0211407	0.00264332	0.0448269	0.0393333	0.064777	0.0313528	0.0629588	0.0224328	0.0210934	0.0104893	0.0524626
70	0.0984121	0.00332758	0.0319019	0.0637369	0.0024248	0.0156984	0.00681842	0.0189343	0.0507241	0.00729594	0.00303402	0.00707837	0.509573	0.0183278	0.0570706	0.0597364	0.0298821	0.013037	0.000732528	0.00225352
71	0.150863	0.0256767	0.0029854	0.00401497	0.00556933	0.0469414	0.0282192	0.0139913	0.00310032	0.0721159	0.00778501	0.0367355	0.00804785	0.00899804	0.00487559	0.21802	0.180915	0.176261	0.00113791	0.00374637
72	0.0380379	0.0200733	0.00126672	0.00287455	0.360666	0.00516102	0.0166462	0.0339015	0.00104189	0.0840353	0.0115609	0.00280148	0.00301938	0.00270504	0.0175867	0.0231686	0.00831886	0.0532552	0.0560125	0.257867
73	0.0528986	0.0219407	0.0011113	0.00300457	0.456411	0.00627261	0.012592	0.0195926	0.000942096	0.0546397	0.00486568	0.00129723	0.00316531	0.00227149	0.00802533	0.0299245	0.00566693	0.0208929	0.0314757	0.263009
74	0.0770308	0.00201692	0.38049	0.0948985	0.00611647	0.0402277	0.0390993	0.00228069	0.0385979	0.00544794	0.0017503	0.0767587	0.0687851	0.0219416	0.040513	0.0698431	0.0193528	0.0069922	0.00130948	0.00654776
75	0.21639	0.00545992	0.00607343	0.0141234	0.00155869	0.0302047	0.0126152	0.00663716	0.0136575	0.00709406	0.00402629	0.00475565	0.482531	0.0277401	0.00865448	0.107924	0.0250975	0.0211438	0.000502468	0.00380968
76	0.0898292	0.0601376	0.0409319	0.0179447	0.00227254	0.0145397	0.0148713	0.0180528	0.0170377	0.270503	0.126785	0.00651481	0.00180801	0.0286306	0.042076	0.0885294	0.129224	0.0272129	0.000871653	0.00222716
77	0.255424	0.0242283	0.0276108	0.056854	0.0230228	0.150956	0.00683454	0.00687016	0.0122876	0.0352754	0.0291531	0.0263968	0.0561045	0.012817	0.0873052	0.0451471	0.0388733	0.0993282	0.00143309	0.00407782
78	0.360353	0.00396093	0.0935377	0.134207	0.0037753	0.0919218	0.0150137	0.00522592	0.037193	0.0104033	0.00145307	0.0145956	0.00633148	0.0271697	0.0255812	0.118159	0.0201205	0.0260995	0.000997073	0.0039016
79	0.0931821	0.00223236	0.232741	0.154707	0.00412506	0.311882	0.0176584	0.00306153	0.0138997	0.00427659	0.00216613	0.0180229	0.00267054	0.0199821	0.0141466	0.0438526	0.0395901	0.0160365	0.00122695	0.00453983
80	0.0326458	0.0117416	0.00300132	0.00214995	0.0520074	0.00439457	0.00373093	0.210152	0.00262569	0.399973	0.0311234	0.00181152	0.0226711	0.00679948	0.00678125	0.00372366	0.0206272	0.158886	0.00466482	0.0204892
81	0.274836	0.000772836	0.0339088	0.170017	0.0008806	0.0460495	0.0167697	0.0020317	0.106611	0.0098528	0.00510937	0.00927567	0.0109728	0.0699042	0.123569	0.049271	0.0499317	0.0172277	0.000859516	0.00214857
82	0.208325	0.00349971	0.159051	0.232904	0.000380883	0.0381713	0.0131317	0.0023862	0.0657984	0.00804477	0.00114976	0.0319861	0.0107959	0.0608509	0.0569659	0.0577886	0.0389843	0.00725544	0.00157017	0.000960529
83	0.0541306	0.0034099	0.0133082	0.00760758	0.0275901	0.00662638	0.143539	0.0194659	0.0529112	0.273576	0.0643145	0.0333002	0.00687107	0.0482903	0.0751525	0.0194433	0.0318892	0.0427407	0.00161179	0.0742212
84	0.0286667	0.0276557	0.00416846	0.00124888	0.0577343	0.00378184	0.00967855	0.459095	0.000965365	0.193156	0.0826122	0.0036136	0.00204878	0.00458595	0.00263083	0.00374768	0.0150393	0.0954491	0.000353056	0.00376882
85	0.045554	0.0312807	0.00378652	0.00165227	0.0133099	0.00178677	0.00179706	0.10238	0.000601116	0.473979	0.0621427	0.00348791	0.000966469	0.00473367	0.000927829	0.00693436	0.0607488	0.175353	0.00520766	0.00337078
86	0.0167592	0.00557462	0.000253173	0.000292941	0.0295109	0.00160997	0.00128865	0.362217	0.000306091	0.123644	0.0338925	0.000767007	0.00105185	0.000435	0.000368787	0.000969413	0.00454198	0.412171	9.81077e-05	0.00424795
87	0.025217	0.0333219	0.00166931	0.00149248	0.257216	0.00658217	0.0290048	0.0450356	0.0012287	0.206605	0.0295882	0.00790551	0.00104171	0.00875016	0.0153396	0.0127947	0.0184124	0.0939225	0.0532299	0.151643
88	0.0479166	0.0344716	0.00392118	0.00162367	0.0143361	0.00171465	0.00181756	0.101307	0.000620488	0.466669	0.063316	0.00372521	0.000918358	0.00472405	0.00101231	0.00772821	0.0621204	0.17439	0.00483638	0.0028311
89	0.117769	0.0274886	0.075134	0.387696	0.00536894	0.0359087	0.0177982	0.0162371	0.0270733	0.0201335	0.0106472	0.0209888	0.0178163	0.0575022	0.039375	0.0536522	0.034382	0.0258269	0.00288354	0.00631874
90	0.0652603	0.0191641	0.00503523	0.000797444	0.0009324	0.0410186	0.000956127	0.00136047	0.000751744	0.00166713	0.000969847	0.018436	0.00143205	0.00569337	0.00107623	0.736846	0.0954803	0.00197182	0.000279	0.000871609
91	0.186837	0.0094113	0.00931226	0.0207714	0.00444151	0.0312499	0.00955858	0.016212	0.0120144	0.0379339	0.011208	0.0078893	0.450208	0.0169985	0.0140361	0.0671284	0.0364313	0.0505667	0.0010301	0.00676091
92	0.141055	0.0329696	0.00114778	0.00128903	0.00193718	0.588119	0.00149191	0.0058804	0.00122092	0.00268924	0.00160069	0.00169047	0.00752593	0.00203158	0.0104888	0.165637	0.00370109	0.0278088	0.000474216	0.00124136
93	0.0733104	0.0204596	0.00684495	0.00189431	0.00242447	0.0411762	0.00222471	0.00380558	0.00143191	0.00350305	0.00222008	0.0195159	0.00291015	0.00733087	0.00189968	0.696122	0.10349	0.00661195	0.000576296	0.00224769
94	0.0565803	0.00865176	0.00501331	0.00727377	0.0316108	0.0870264	0.0675223	0.110802	0.00466301	0.123503	0.0381495	0.11568	0.0355308	0.0608613	0.00715433	0.0555164	0.0527457	0.123527	0.00153694	0.00665179
95	0.0354648	0.00398987	0.00185613	0.00174032	0.00240776	0.00861888	0.00816045	0.02725	0.00128038	0.0469179	0.0132218	0.0147667	0.00259131	0.0074867	0.0112741	0.189433	0.583863	0.037324	0.000597022	0.00175595
96	0.0136905	0.000957802	0.00175511	0.000750496	0.0667648	0.00851444	0.000827288	0.045265	0.00063928	0.429899	0.34768	0.0052308	0.000596031	0.015996	0.00092171	0.0156804	0.00588119	0.0166242	0.000612085	0.0217144
97	0.110931	0.00937813	0.172921	0.241273	0.00481203	0.0327945	0.0175308	0.0421082	0.0316498	0.0273664	0.0125031	0.0349087	0.0113584	0.0753815	0.0345884	0.0482026	0.0371344	0.0365296	0.00250851	0.0161203
98	0.016443	0.00532578	0.00025202	0.000298768	0.0298898	0.00157248	0.00130921	0.359803	0.000302048	0.123247	0.0346124	0.000674469	0.00103418	0.000446663	0.000367826	0.00094338	0.0044538	0.414627	0.00010715	0.0042906
99	0.115564	0.0347419	0.00218458	0.0235981	0.00388518	0.0266293	0.0802702	0.0408398	0.00315724	0.0293659	0.0331764	0.0316679	0.122181	0.0956124	0.00313896	0.160171	0.0770728	0.0976922	0.000810487	0.0182414
100	0.0813224	0.00380849	0.494427	0.0457475	0.00565733	0.0386763	0.0371312	0.00496959	0.0108482	0.00630725	0.00403679	0.117386	0.0172522	0.0111376	0.0156402	0.0624537	0.0240322	0.00904235	0.00100315	0.00912072
101	0.0165876	0.00536904	0.000253569	0.000299084	0.0299491	0.00151086	0.00123975	0.359222	0.000302257	0.124339	0.0337839	0.000656784	0.00103523	0.000439481	0.000365018	0.000920948	0.00436112	0.415008	0.000101652	0.00425532
102	0.0766022	0.000985954	0.0371589	0.0758104	0.000860238	0.0102491	0.00370249	0.00930861	0.0388695	0.00354796	0.00110251	0.00376264	0.607815	0.0124704	0.0452605	0.0489856	0.0157675	0.00663397	0.000328352	0.000778017
103	0.454262	0.00505002	0.0118318	0.0371573	0.00463967	0.0581861	0.0176156	0.00616775	0.0516018	0.043068	0.0541139	0.0195257	0.0193553	0.0266248	0.0464326	0.0387919	0.0654431	0.0348951	0.00117481	0.00406241
104	0.0130637	0.00828519	0.00222442	0.00151005	0.0129429	0.00233704	0.00357961	0.470952	0.00119539	0.285785	0.097546	0.00179188	0.00222044	0.0160984	0.00861665	0.00378452	0.00609162	0.0523762	0.000494457	0.00910431
105	0.303655	0.164932	0.000793326	0.000839116	0.00531238	0.00689916	0.00101759	0.0403688	0.000704354	0.0140627	0.00612634	0.00102461	0.0010243	0.00142633	0.000960151	0.0932489	0.157979	0.198614	0.00024072	0.000771128
106	0.271044	0.000430128	0.0344523	0.168402	0.000471118	0.0451815	0.0168362	0.00201152	0.110916	0.00844337	0.00415801	0.00901002	0.0091872	0.0742015	0.127057	0.0503797	0.0487339	0.0160527	0.000892442	0.00213831
107	0.226646	0.00562187	0.00129717	0.0155145	0.0250219	0.0172341	0.00862903	0.166747	0.00907414	0.146405	0.0248714	0.00160006	0.00301837	0.0103552	0.0030866	0.00969	0.0139381	0.307035	0.00151077	0.00270348
108	0.360053	0.03562	0.00115913	0.00120109	0.00220406	0.0611851	0.00144991	0.0915159	0.00119355	0.0515742	0.0241605	0.00158118	0.0126717	0.00194125	0.00131351	0.0277487	0.111641	0.209996	0.000545887	0.00124528
109	0.00666431	0.00980285	0.00152751	0.0016079	0.00196951	0.0194009	0.0703664	0.00258676	0.132085	0.00740105	0.00207515	0.0191517	0.00133562	0.0197689	0.680139	0.0135488	0.00440697	0.00373879	0.000630739	0.00179206
110	0.271044	0.000430128	0.0344523	0.168402	0.000471118	0.0451815	0.0168362	0.00201152	0.110916	0.00844337	0.00415801	0.00901002	0.0091872	0.0742015	0.127057	0.0503797	0.0487339	0.0160527	0.000892442	0.00213831
111	0.0720562	0.0435999	0.00161641	0.00149508	0.0056359	0.0150154	0.00243421	0.407368	0.00158968	0.107302	0.0301989	0.0127337	0.00140335	0.00275298	0.0015915	0.0125688	0.0261016	0.252197	0.000599115	0.00174049
112	0.0724555	0.0195256	0.00119693	0.00145429	0.02206	0.00478968	0.00711227	0.154979	0.0207167	0.220707	0.0283727	0.00154164	0.0534429	0.0112382	0.0372825	0.00988325	0.0613149	0.264525	0.000392351	0.007009
113	0.0438397	0.00398564	0.00304393	0.00312135	0.00349395	0.00767492	0.0037133	0.100184	0.00530568	0.0831161	0.00565361	0.00360262	0.00312802	0.0109905	0.00434078	0.0440371	0.378741	0.288204	0.00097893	0.002844
114	0.226096	0.0105486	0.0013818	0.00999333	0.0201519	0.0245949	0.00588241	0.145741	0.00597487	0.183434	0.0306095	0.00164201	0.0024797	0.00721343	0.00254811	0.01237	0.0213819	0.281383	0.0025651	0.00400757
115	0.0485084	0.0387715	0.0068215	0.00152976	0.0341943	0.00323666	0.00555164	0.333701	0.000744181	0.276513	0.0770754	0.00481076	0.00216411	0.00379571	0.00154118	0.00501081	0.0254768	0.126204	0.00104181	0.00330684
116	0.0888601	0.00225265	0.514064	0.0648612	0.00409466	0.0526506	0.0356687	0.00360995	0.00994795	0.00494047	0.00270072	0.0641595	0.0144368	0.0129685	0.0156444	0.0713361	0.0237178	0.00574657	0.000736636	0.00760275
117	0.132976	0.00507346	0.367077	0.0896449	0.00530101	0.0376963	0.0299206	0.00630136	0.0212256	0.00878093	0.00503608	0.120166	0.0149586	0.0251721	0.0223411	0.0613907	0.0273157	0.0111442	0.00127259	0.00720655
118	0.0518283	0.0144641	0.00437179	0.00123362	0.00120877	0.0325104	0.00419813	0.00339057	0.000949119	0.00626363	0.00233276	0.0156181	0.00257983	0.00492084	0.0021986	0.565808	0.279714	0.00476073	0.00038021	0.00126843
119	0.0780329	0.0090965	0.00530716	0.0204805	0.101418	0.00671689	0.0165638	0.00831167	0.00251893	0.0164508	0.00974975	0.0123024	0.00331159	0.0343602	0.0058931	0.0442426	0.0388246	0.0216642	0.10529	0.459464
120	0.511594	0.0186942	0.00109649	0.0048095	0.00830432	0.114732	0.00127464	0.00233966	0.00113733	0.0065933	0.0056483	0.00678341	0.00657521	0.0130318	0.00180444	0.258992	0.0269182	0.0055925	0.000343402	0.00373631
121	0.15189	0.0083439	0.00486453	0.00504509	0.0540691	0.195553	0.00646333	0.0576474	0.00508259	0.00979095	0.0064959	0.0332971	0.00446772	0.00787721	0.0070223	0.314035	0.107671	0.0134695	0.00170545	0.00520922
122	0.202416	0.015108	0.0197523	0.0187279	0.00564307	0.228175	0.0116933	0.00674294	0.0128039	0.00828583	0.00778751	0.0114871	0.219506	0.0108646	0.034413	0.121691	0.0256969	0.0280225	0.00124532	0.00993815
123	0.0399392	0.0221864	0.00169624	0.00184334	0.0204468	0.0181073	0.0038565	0.147657	0.00146917	0.338703	0.00812538	0.00243644	0.00428607	0.00350012	0.00328886	0.00644406	0.0392596	0.263571	0.0225708	0.0506127
124	0.0372577	0.0405473	0.00172612	0.0018429	0.24828	0.0208958	0.0350905	0.0201613	0.00164243	0.308794	0.0191257	0.0212182	0.00129881	0.0196158	0.0104598	0.0118146	0.0227058	0.0575262	0.00881345	0.111183
125	0.0277052	0.0464232	0.00164964	0.00150215	0.280904	0.0127508	0.0328809	0.0279094	0.00130154	0.284595	0.0229622	0.0140959	0.00104853	0.017799	0.0137473	0.0156711	0.01842	0.0529879	0.00992925	0.115717
126	0.0887252	0.0121121	0.0803887	0.0339993	0.00104761	0.00202278	0.0339736	0.00677257	0.328373	0.00236222	0.00131394	0.0848035	0.0399591	0.101142	0.107655	0.0526816	0.00818639	0.013087	0.000321421	0.00107269
127	0.256961	0.00451883	0.00120107	0.00229082	0.00184729	0.0565555	0.00659212	0.00852893	0.00851438	0.00629007	0.00680835	0.00709348	0.449861	0.0118316	0.00387685	0.11069	0.0201562	0.0335784	0.000480921	0.00232225
128	0.0127343	0.00214412	0.0019543	0.00163022	0.0977958	0.000942303	0.00505396	0.075191	0.000858627	0.712007	0.0308006	0.000912874	0.000768899	0.000950446	0.00155507	0.00164522	0.00322171	0.0439324	0.00378562	0.00211556
129	0.179681	0.00508792	0.195329	0.267796	0.000388253	0.028317	0.0132624	0.00261854	0.0494643	0.00863963	0.00050116	0.0387174	0.00890077	0.0616459	0.0419022	0.0574742	0.0327153	0.00544295	0.0017596	0.000356646
130	0.00715631	0.000726767	0.0136875	0.000669521	0.000779231	0.947014	0.000735611	0.000969026	0.000538569	0.00125799	0.000785905	0.000755668	0.00053815	0.000953114	0.0040329	0.0154736	0.00160954	0.00144086	0.0002453	0.000630447
131	0.314992	0.0389049	0.00072853	0.00102604	0.0099634	0.00248202	0.00113476	0.138616	0.000749521	0.0168635	0.0108695	0.0012811	0.00186694	0.00137354	0.000965285	0.00776477	0.00581224	0.443217	0.000371753	0.00101732
132	0.0877235	0.00253439	0.509591	0.0459029	0.00399124	0.0432214	0.0527601	0.00337119	0.00626912	0.00481374	0.00287455	0.0820992	0.016338	0.00968471	0.0131363	0.0703916	0.0281765	0.00622389	0.000470549	0.0104262
133	0.0173958	0.00586495	0.000284949	0.000310469	0.0288518	0.00191176	0.00143653	0.365869	0.000317663	0.122058	0.0353236	0.000944829	0.00103416	0.000457314	0.000369455	0.00107967	0.00517013	0.406809	0.000102616	0.00440784
134	0.270938	0.105403	0.00123098	0.00114247	0.00585925	0.00809027	0.00207805	0.0512058	0.00112919	0.0171307	0.00975975	0.00186641	0.00286765	0.00275755	0.00176113	0.182857	0.135902	0.196024	0.000317145	0.00168055
135	0.0177756	0.00757599	0.000539407	0.000398769	0.0277512	0.00299337	0.00209124	0.37786	0.000366921	0.118267	0.0422174	0.00162933	0.00114061	0.000649839	0.000473932	0.00154855	0.00751621	0.384281	0.00013536	0.00478765
136	0.0805402	0.00818061	0.0186541	0.116804	0.00635914	0.00720043	0.170358	0.0473122	0.011466	0.0784181	0.067848	0.0412783	0.00688631	0.113066	0.0255402	0.0306175	0.0550658	0.0721375	0.00138981	0.0408783
137	0.171099	0.018421	0.00417584	0.00189359	0.00300742	0.0492779	0.0011962	0.00156897	0.00105416	0.00285224	0.00217303	0.0151972	0.0037617	0.00785616	0.00122015	0.635783	0.0738173	0.00331964	0.00027626	0.00204996
138	0.207436	0.0432272	0.00209794	0.00225738	0.0041736	0.113696	0.0038918	0.0892881	0.00213113	0.218082	0.0116764	0.00395669	0.00437765	0.00434461	0.00361372	0.0268583	0.048967	0.197444	0.00489164	0.00758915
139	0.0427103	0.0120058	0.00603241	0.00202564	0.00175014	0.0334077	0.00609626	0.00393139	0.000910018	0.0100471	0.00363514	0.0156247	0.00354626	0.00527003	0.0027486	0.473575	0.369056	0.00604978	0.00035768	0.00122014
140	0.0959604	0.0107098	0.0592278	0.0421676	0.0033194	0.0116919	0.0244818	0.00965046	0.263241	0.00944853	0.00631622	0.05312	0.161466	0.0705993	0.0766318	0.0550607	0.0192577	0.020526	0.00130307	0.00582096
141	0.0377647	0.0644162	0.00781732	0.00967085	0.0212778	0.0107124	0.237654	0.00954176	0.0132612	0.0237666	0.0459889	0.0167967	0.00620468	0.0186897	0.0255947	0.045457	0.0242383	0.0247464	0.00558692	0.350814
142	0.0595681	0.0152692	0.00202834	0.00188575	0.0432784	0.00464528	0.00541392	0.173328	0.0109545	0.290026	0.0373403	0.00171231	0.0496689	0.0159949	0.0235018	0.00627487	0.0366427	0.207964	0.000633562	0.013869
143	0.198598	0.0327219	0.00194047	0.00216978	0.00320824	0.388734	0.00255392	0.0166727	0.00209023	0.00454527	0.00250862	0.00311563	0.00430806	0.00366064	0.00668139	0.239635	0.0066163	0.0778113	0.000733049	0.00169565
144	0.0108119	0.00191798	0.0133701	0.000999815	0.000925065	0.934863	0.000814756	0.00124704	0.000578691	0.00167257	0.000960533	0.000901417	0.000743335	0.00104589	0.00445078	0.0197579	0.00184402	0.00203239	0.000319698	0.000743144
145	0.135537	0.0109341	0.159209	0.06968	0.0167657	0.217322	0.100748	0.00904478	0.020112	0.0149541	0.00767574	0.0278632	0.0193836	0.0256202	0.0272814	0.0583143	0.0349161	0.0207962	0.0031894	0.0206538
146	0.467357	0.0154052	0.00499843	0.0104012	0.00914054	0.121109	0.00277764	0.00303926	0.00428942	0.0100224	0.0082943	0.00843024	0.00602387	0.0226588	0.00605034	0.251306	0.0349771	0.00919446	0.000506269	0.00401881
147	0.0986716	0.00294388	0.444225	0.117326	0.00304552	0.0505981	0.0289621	0.00418509	0.0166633	0.0060683	0.00232152	0.057678	0.017989	0.0241682	0.0213644	0.0644123	0.0252185	0.00656265	0.00098508	0.00661177
148	0.13868	0.0311693	0.0013033	0.00289359	0.00813848	0.0384885	0.00258064	0.134493	0.00195893	0.270838	0.00636072	0.00248395	0.00151792	0.00331338	0.00229381	0.0106154	0.0236586	0.284875	0.0133967	0.0209409
149	0.0322403	0.0185536	0.00697553	0.00167802	0.036758	0.0033468	0.00239301	0.0810961	0.00157198	0.472065	0.149867	0.00812179	0.00129064	0.0108827	0.00321189	0.0115747	0.0384493	0.109346	0.00271547	0.00786302
150	0.0140367	0.00103636	0.00170644	0.000793116	0.0658133	0.00937446	0.000926012	0.0475665	0.000635422	0.425039	0.350132	0.00519359	0.000541916	0.0163043	0.0010082	0.0155614	0.00599681	0.0168631	0.000592873	0.0208788
151	0.0102786	0.00164489	0.012451	0.000630258	0.000776003	0.939635	0.000714521	0.000966829	0.0005364	0.00124629	0.000811924	0.000744807	0.000825959	0.000982478	0.00446397	0.0191424	0.00159134	0.00167513	0.000252161	0.000630097
152	0.172038	0.0225634	0.00161146	0.00186367	0.0151213	0.00698944	0.00230456	0.114717	0.00127452	0.0388363	0.0363835	0.00232999	0.00669437	0.00652756	0.00253284	0.26236	0.174067	0.127106	0.000519007	0.00415939
153	0.0541651	0.00640731	0.000860747	0.00101187	0.0110975	0.00445347	0.0017324	0.251584	0.00281644	0.126431	0.026501	0.00156978	0.00740499	0.00458103	0.00449389	0.00877096	0.0479716	0.436117	0.000225013	0.00180467
154	0.171366	0.0185648	0.00144543	0.00175511	0.0113429	0.00734545	0.00211977	0.109952	0.00120477	0.0363461	0.0349681	0.00245133	0.00702757	0.00596831	0.00245161	0.255932	0.19197	0.133715	0.000482665	0.00359047
155	0.302761	0.167711	0.000768141	0.000830285	0.00519986	0.00624886	0.000978943	0.0392191	0.000723036	0.0138878	0.00580891	0.0010422	0.000878319	0.00141134	0.000988788	0.0946379	0.159103	0.196821	0.000241278	0.000739723
156	0.351645	0.0252175	0.000974655	0.00107878	0.00231609	0.0542254	0.00112996	0.100864	0.000938123	0.0434493	0.0227677	0.00122978	0.0147606	0.00173782	0.00109526	0.0217149	0.100927	0.252508	0.000378646	0.0010425
157	0.0670784	0.0176449	0.00643044	0.00105307	0.00184951	0.0511705	0.00111168	0.00204762	0.000860197	0.00189332	0.00108888	0.0187219	0.00148408	0.00688569	0.00126912	0.725244	0.0905011	0.00235013	0.000279302	0.00103639
158	0.251159	0.00636854	0.00231358	0.00348307	0.00282827	0.101865	0.00467286	0.0087065	0.0074141	0.00593251	0.0126169	0.012406	0.370345	0.00628417	0.00775523	0.126824	0.0237138	0.0423818	0.000591568	0.00233803
159	0.135178	0.00410273	0.304973	0.222999	0.00160552	0.0310671	0.0194765	0.00253304	0.0360162	0.00722065	0.000692304	0.0472298	0.0123833	0.0477594	0.0375089	0.0542302	0.0276424	0.00471275	0.0014627	0.00120536
160	0.134272	0.00500391	0.264637	0.228939	0.00224934	0.0294081	0.0188705	0.00418151	0.0377824	0.0100205	0.00135073	0.0475563	0.014033	0.0574318	0.0391863	0.0614786	0.0316575	0.00651925	0.00167363	0.0037482
161	0.302716	0.169546	0.000823727	0.000867743	0.00516466	0.00627164	0.000997235	0.0390037	0.000763462	0.0146564	0.00571117	0.00104113	0.000883008	0.0014213	0.00101879	0.0937469	0.157685	0.196671	0.00024486	0.000765721
162	0.114899	0.00359396	0.00501915	0.0279432	0.0961513	0.00539092	0.0107219	0.00439921	0.00233776	0.00813788	0.0091294	0.0177561	0.00212236	0.0513173	0.0033761	0.0612145	0.0475728	0.0150486	0.119605	0.394264
163	0.0372969	0.00150256	0.00682427	0.00112691	0.0154449	0.00190728	0.00683913	0.060917	0.0145724	0.567873	0.0641124	0.00341192	0.000973789	0.0536782	0.0332109	0.022645	0.0693302	0.0344012	0.000446485	0.00348582
164	0.350014	0.0219013	0.0011737	0.00134352	0.00176233	0.0731516	0.00162858	0.0929047	0.00123485	0.0510827	0.0270551	0.00169806	0.0143157	0.00223809	0.00155011	0.0272822	0.12091	0.20687	0.000430671	0.00145238
165	0.104295	0.00858193	0.00553279	0.0266762	0.00792612	0.00970044	0.102058	0.0422155	0.010447	0.229623	0.0602474	0.0337501	0.0168194	0.102881	0.0150711	0.0716848	0.0627776	0.0557604	0.000935333	0.0330176
166	0.0103626	0.0103283	0.00288356	0.00451085	0.00234482	0.0188423	0.0622833	0.00317309	0.12572	0.00892272	0.00237303	0.0175373	0.00437407	0.0206921	0.677547	0.0143591	0.00669777	0.00438264	0.000589012	0.00207576
167	0.0112945	0.00206087	0.0116973	0.000639958	0.000738901	0.935796	0.000724513	0.00088585	0.000511922	0.00126526	0.000751526	0.000702333	0.000900973	0.000979014	0.00493864	0.0219292	0.00154346	0.00177713	0.000249069	0.000613735
168	0.0153132	0.00332609	0.00185505	0.00133233	0.0484863	0.000965756	0.00366028	0.0917106	0.00101856	0.7294	0.04278	0.000899354	0.000681281	0.00276467	0.00203843	0.00254257	0.00793985	0.0376078	0.00380193	0.0018764
169	0.0887288	0.0121244	0.0803416	0.0340828	0.00105539	0.00207833	0.0340593	0.00676949	0.32796	0.00238786	0.0013254	0.0847591	0.0400785	0.101122	0.107715	0.0526645	0.00823985	0.0131056	0.000322915	0.00107863
170	0.0175963	0.00213949	0.00148712	0.00159425	0.00159678	0.0080196	0.0173933	0.00699706	0.00133609	0.0205762	0.00627957	0.0101946	0.00490828	0.00434597	0.00500221	0.156521	0.721189	0.010281	0.000702651	0.00183921
171	0.0137356	0.00097644	0.00169587	0.000741318	0.0662848	0.00851378	0.000787854	0.0454065	0.00063866	0.430907	0.347374	0.00526066	0.000546085	0.0159585	0.000926253	0.0157207	0.00586655	0.0166172	0.000609436	0.0214328
172	0.237548	0.00249579	0.0658979	0.0506739	0.00465499	0.186038	0.0371822	0.00272728	0.0359273	0.00502771	0.00245323	0.0168412	0.101606	0.0281643	0.0346299	0.102235	0.044507	0.00616511	0.00122815	0.0339969
173	0.0786462	0.00567513	0.000887397	0.00165132	0.00558288	0.00653841	0.00200544	0.17281	0.00501394	0.15246	0.0135209	0.00109717	0.0113261	0.00670233	0.0092723	0.0120805	0.0657388	0.444225	0.00160271	0.00316362
174	0.0114496	0.0111959	0.0030458	0.00432175	0.00407369	0.0203687	0.0620342	0.00519772	0.1174	0.0124674	0.00339541	0.0178998	0.00205871	0.0215083	0.668265	0.0155841	0.00892909	0.00611537	0.000667814	0.00402131
175	0.0136849	0.000946859	0.00171209	0.000737371	0.0665088	0.00851208	0.000790577	0.0454438	0.000639284	0.430705	0.347226	0.0052723	0.000545439	0.0159837	0.000922953	0.0157537	0.00588003	0.0166915	0.000609162	0.0214341
176	0.264275	0.000407377	0.0361021	0.170934	0.000442573	0.0438609	0.0179194	0.00205459	0.114081	0.00821879	0.00384339	0.0103015	0.00943871	0.0739902	0.127456	0.0460959	0.0500275	0.0171506	0.000909632	0.00249163
177	0.135064	0.00422214	0.00247103	0.00293167	0.00263069	0.0179258	0.039343	0.00345966	0.0286035	0.00573994	0.00358381	0.187536	0.00303023	0.0186014	0.0536488	0.327241	0.115741	0.0452655	0.000835178	0.00212525
178	0.561286	0.00878577	0.00179333	0.00185077	0.00815192	0.205401	0.00255736	0.00299408	0.00191688	0.00471872	0.00273309	0.00447177	0.00197145	0.0101618	0.00916063	0.0741764	0.0901431	0.00528349	0.0005643	0.00187721
179	0.0386767	0.00203853	0.00790456	0.00169995	0.0143571	0.00205647	0.00715828	0.0618004	0.0157732	0.561518	0.0632871	0.00363572	0.000974352	0.05398	0.0348171	0.0226487	0.0692296	0.0343199	0.000488031	0.00363622
180	0.264054	0.000410279	0.0368763	0.17124	0.000443781	0.0438072	0.0179516	0.00206715	0.113738	0.00812581	0.00382236	0.0103782	0.00941561	0.0738349	0.126986	0.0461543	0.0501643	0.0171522	0.000909058	0.00246765
181	0.0165932	0.00535666	0.000266101	0.000304865	0.0298764	0.00157196	0.00125084	0.356951	0.00030302	0.127218	0.0336225	0.000657419	0.00160259	0.00047764	0.000396601	0.000945264	0.00463478	0.413467	0.000135872	0.00436801
182	0.281504	0.0946155	0.00121293	0.00215029	0.00584977	0.0212411	0.00187803	0.0783498	0.00145831	0.0420699	0.0162305	0.00188088	0.00659119	0.00326373	0.00223809	0.0982555	0.145466	0.193603	0.000360458	0.00178099
183	0.0412751	0.00217738	0.0266664	0.156318	0.00272157	0.0135872	0.0941147	0.00303927	0.0676911	0.0384432	0.0113262	0.0666291	0.00236202	0.168572	0.185747	0.0271659	0.0579646	0.0204561	0.000623741	0.0131203
184	0.102536	0.00724838	0.00573109	0.00561131	0.255976	0.00971724	0.0589984	0.00956026	0.00468868	0.0148014	0.0605546	0.00807927	0.00407796	0.00993782	0.0359229	0.0144507	0.013961	0.0166119	0.339537	0.0219983
185	0.0124179	0.00197998	0.00158089	0.00131777	0.058946	0.0013712	0.00366429	0.0688659	0.000747132	0.741431	0.056488	0.000963682	0.000559162	0.00192231	0.00121292	0.00267389	0.00379778	0.0322172	0.00479935	0.0030442
186	0.205994	0.00592964	0.00227085	0.204153	0.00236279	0.026694	0.00273566	0.0148287	0.0968695	0.02688	0.0140834	0.0258004	0.00171625	0.221342	0.0158106	0.0965503	0.0169515	0.0161786	0.000797767	0.00205081
187	0.0165962	0.00538159	0.000253371	0.000293096	0.0299386	0.00152348	0.00125082	0.359635	0.000302175	0.124296	0.0338142	0.000671386	0.00103331	0.000439202	0.000368002	0.000923333	0.00439395	0.414529	0.000101554	0.00425541
188	0.389757	0.00926868	0.0534697	0.101724	0.0106415	0.0604529	0.0162268	0.00729692	0.0350636	0.0283318	0.0082306	0.0107697	0.00603667	0.0346771	0.0422345	0.0938811	0.0304367	0.0532606	0.00177704	0.00646269
189	0.245927	0.00111634	0.0260916	0.139731	0.00106646	0.0330897	0.0229147	0.0073046	0.108898	0.00802124	0.003821	0.00780818	0.0117879	0.0794369	0.176428	0.0434264	0.0616842	0.017978	0.00109141	0.00237722
