212	20
1	0.0142428	0.000992343	0.0100842	0.00678642	0.0445339	0.00135051	0.00134827	0.161991	0.00226163	0.57222	0.0455402	0.00160607	0.00168194	0.00307174	0.00478111	0.00742743	0.0127056	0.090794	0.00465292	0.0119279
2	0.0599236	0.0237399	0.0272592	0.0569118	0.00501151	0.374679	0.0236433	0.0528726	0.045897	0.0946668	0.0260912	0.00635934	0.00368203	0.00498611	0.0257832	0.0140377	0.0767296	0.0511653	0.00151255	0.0250481
3	0.0818698	0.000774781	0.240451	0.365464	0.00833856	0.0303104	0.0251655	0.00478179	0.0154698	0.00589601	0.00152295	0.0450344	0.00726124	0.0541282	0.0235552	0.0529054	0.0188374	0.0134784	0.000260711	0.00449428
4	0.0722961	0.00509807	0.0163123	0.0189846	0.0370146	0.00116702	0.00593014	0.13356	0.00997185	0.333564	0.113585	0.00685538	0.00109878	0.0168588	0.0395651	0.0175547	0.0233509	0.0864233	0.00918954	0.0516193
5	0.0245402	0.00612236	0.00416242	0.00695454	0.0215565	0.0187494	0.00240261	0.0509897	0.0111352	0.557491	0.179467	0.00807862	0.00273208	0.0100769	0.0272438	0.00930265	0.0103081	0.0442954	0.000914024	0.00347824
6	0.0374115	0.000452459	0.0128412	0.0317404	0.0199179	0.00386139	0.00450672	0.178907	0.0580043	0.166163	0.0615315	0.013412	0.000508828	0.0379595	0.0347338	0.0103042	0.0454666	0.274682	0.000141408	0.00745472
7	0.0265792	0.000883858	0.0581613	0.0658178	0.00124574	0.365285	0.0423238	0.00239338	0.123793	0.00959581	0.00157912	0.0844355	0.00106031	0.038319	0.133305	0.0371859	0.0033415	0.00293843	0.000346296	0.00140967
8	0.569863	0.0234142	0.00191406	0.00225888	0.0174209	0.0201068	0.00168221	0.0206993	0.00179476	0.0386755	0.0192032	0.00257476	0.00229774	0.00226046	0.0021699	0.116183	0.0761	0.0767639	0.000346333	0.0042717
9	0.271328	0.00907035	0.00600713	0.00812361	0.00251045	0.0204619	0.00449709	0.00773498	0.00489758	0.0109866	0.00902207	0.00696096	0.00414525	0.00527909	0.0084573	0.259088	0.290527	0.0663807	0.000378436	0.0041435
10	0.0449031	0.00380284	0.304666	0.0704655	0.00692098	0.0546912	0.012769	0.00842908	0.0173644	0.0141853	0.00579216	0.0669631	0.00677416	0.0168517	0.0287107	0.195033	0.119535	0.0148549	0.00103798	0.00625002
11	0.0172408	0.00256042	0.00113477	0.00106141	0.0188592	0.00112894	0.000558549	0.42583	0.000440075	0.180052	0.0217347	0.000728168	0.00217556	0.00365641	0.000597629	0.00262273	0.00469537	0.310876	0.00066012	0.00338684
12	0.152177	0.007394	0.103485	0.103359	0.0141877	0.037839	0.088988	0.0142981	0.0349754	0.023389	0.00963746	0.060256	0.0218995	0.0432941	0.0460691	0.133553	0.0593875	0.02684	0.0023216	0.0166495
13	0.00613544	0.00440167	0.000903519	0.00241228	0.0539417	0.00092518	0.000444171	0.350259	0.000532171	0.305865	0.0368855	0.00108576	0.0008685	0.00284649	0.000800636	0.00219283	0.00426396	0.223021	0.000314783	0.00189903
14	0.0838102	0.00180809	0.0657155	0.113918	0.0070628	0.0346714	0.0477329	0.0202397	0.081819	0.032376	0.0125747	0.0943864	0.00687324	0.104468	0.121244	0.0851507	0.042496	0.0276455	0.00115447	0.0148544
15	0.146063	0.0315979	0.0034585	0.00393752	0.0193584	0.0294782	0.00298759	0.111804	0.00594494	0.0908552	0.0362712	0.0108122	0.243861	0.00278157	0.00800336	0.0715109	0.0315601	0.14004	0.00729402	0.00238033
16	0.0620091	0.000672603	0.00863943	0.030995	0.00547253	0.00164499	0.0190011	0.0257657	0.136685	0.0573688	0.0192159	0.0437741	0.000819659	0.116204	0.283731	0.0687204	0.0526492	0.0541455	0.00452698	0.00796003
17	0.0297586	0.00291186	0.00181873	0.000603712	0.0134361	0.00141701	0.000731166	0.413539	0.000549856	0.140559	0.0188648	0.000658123	0.00290122	0.0038138	0.000669899	0.00420465	0.00842294	0.348736	0.000869288	0.00553387
18	0.0907225	0.00446288	0.00826948	0.0147312	0.0643222	0.00791145	0.00946348	0.0911934	0.105426	0.0829486	0.0487653	0.0213919	0.00964807	0.0338243	0.234438	0.0709585	0.0310395	0.0595636	0.00195981	0.00896034
19	0.0415622	0.00687649	0.00204081	0.00194511	0.330205	0.0147966	0.0357611	0.0406157	0.00745155	0.071403	0.0387495	0.0136133	0.000980384	0.0265995	0.00186279	0.0109352	0.00600965	0.015528	0.00039557	0.332669
20	0.0444548	0.00281188	0.00358312	0.0122221	0.002992	0.0113547	0.0208176	0.0107158	0.236748	0.0310888	0.00855261	0.015614	0.0135819	0.0468927	0.406706	0.0644285	0.0452199	0.0197698	0.000623208	0.00182301
21	0.015868	0.000911436	0.00188609	0.0069891	0.00127213	0.00908747	0.00712707	0.539719	0.0170994	0.0214978	0.0154992	0.00152549	0.00269208	0.00671261	0.0126841	0.00349222	0.00945195	0.325252	0.000270526	0.000961965
22	0.0359267	0.00138679	0.121285	0.123074	0.017175	0.140668	0.0802761	0.00577203	0.0426412	0.0135845	0.00631687	0.165335	0.00727121	0.0613719	0.0536116	0.0474442	0.0200856	0.0089073	0.00276318	0.0451036
23	0.105773	0.00725602	0.030127	0.0473166	0.0039146	0.385224	0.0112882	0.0119405	0.0212395	0.0137939	0.00735897	0.0318257	0.00935016	0.0296778	0.024133	0.193239	0.0417277	0.019058	0.00084441	0.00491215
24	0.0378728	0.000447968	0.0130089	0.0320685	0.0193466	0.00387129	0.00451287	0.179557	0.0580891	0.162892	0.0617444	0.0133145	0.000551354	0.0376692	0.0356123	0.0106464	0.0457584	0.275332	0.000145676	0.00755904
25	0.019571	0.048746	0.00263122	0.00338885	0.0195771	0.00318328	0.00442179	0.128765	0.00849923	0.431586	0.166246	0.0031857	0.00170662	0.0141103	0.0231808	0.0159776	0.0333715	0.0632904	0.000577727	0.00798378
26	0.00513012	0.00347909	0.000377929	0.00228785	0.0324573	0.000811073	0.000330917	0.388783	0.000448431	0.27901	0.0319832	0.00101108	0.00103576	0.00313252	0.000697626	0.00102064	0.00281855	0.244197	0.00016266	0.000826143
27	0.0454732	0.0260651	0.00102722	0.00539991	0.0237154	0.0109339	0.000850323	0.216371	0.00117035	0.0376758	0.0157975	0.00117746	0.000602368	0.00110816	0.00125026	0.0971833	0.197334	0.315987	0.000233768	0.000643774
28	0.31154	0.00895187	0.0049142	0.01402	0.00191309	0.0169372	0.00562657	0.00357244	0.00388321	0.0184181	0.0240084	0.0162346	0.00537219	0.0135092	0.0156323	0.221118	0.263904	0.0431121	0.000521413	0.00681141
29	0.0367805	0.00233204	0.00644356	0.0213048	0.00346098	0.00460864	0.0369136	0.0133937	0.228944	0.0305239	0.00967648	0.0226794	0.00579597	0.070229	0.353496	0.0630853	0.0553146	0.0294254	0.0013102	0.00428184
30	0.00507452	0.00339175	0.000381519	0.00227027	0.0333587	0.000792968	0.000321684	0.388612	0.000448247	0.281422	0.0316048	0.00101534	0.00107818	0.00301981	0.000692593	0.00101831	0.00301446	0.241482	0.000173843	0.000826949
31	0.0411242	0.00444217	0.00694327	0.0161585	0.00394388	0.0100888	0.0238722	0.0171481	0.23519	0.0405279	0.0113203	0.0193192	0.0128403	0.0509994	0.344873	0.0664171	0.0656025	0.0250396	0.000938524	0.00321142
32	0.0313813	0.000642097	0.0138587	0.0333424	0.0154142	0.00580322	0.00670352	0.227012	0.0506166	0.147222	0.0545493	0.00963024	0.00120067	0.0308178	0.0288453	0.0123031	0.0389378	0.283963	0.000166706	0.0075888
33	0.00928258	0.0103902	0.00266607	0.00272707	0.032557	0.00535937	0.00191615	0.0789135	0.0249212	0.625256	0.11471	0.0036833	0.0018017	0.0165844	0.0355012	0.0141708	0.00871847	0.00818185	0.000712585	0.00194655
34	0.405969	0.0194837	0.00147898	0.0016643	0.00125585	0.100653	0.00139974	0.00225479	0.00196171	0.01133	0.00530802	0.00660933	0.00104443	0.00154343	0.00280329	0.374508	0.0519982	0.00750927	0.000294169	0.000930585
35	0.0267958	0.000856999	0.0586985	0.0661088	0.00122065	0.36572	0.0426964	0.002403	0.12353	0.0095042	0.0016116	0.0852332	0.00106221	0.0383376	0.130521	0.0376651	0.00329705	0.00297546	0.000345077	0.00141628
36	0.015208	0.00679017	0.00586713	0.0108759	0.0146024	0.00333029	0.00106947	0.0927317	0.00114998	0.455764	0.299238	0.00729893	0.00472299	0.00415874	0.00217578	0.00237768	0.0103625	0.0611173	0.000226239	0.000931859
37	0.00651412	0.000975652	0.74242	0.0242935	0.00285569	0.00280085	0.00191818	0.00265327	0.001811	0.00374986	0.00223715	0.171761	0.00114358	0.00993193	0.0104314	0.00439916	0.00427736	0.00406504	0.000466449	0.00129502
38	0.0540327	0.00639022	0.00264003	0.00296403	0.010085	0.0124373	0.00291372	0.375028	0.00406039	0.11051	0.0222093	0.00239161	0.00241085	0.00361396	0.00358608	0.00979069	0.0214263	0.345443	0.000840149	0.00722648
39	0.323502	0.00434607	0.00606964	0.00838048	0.00133182	0.0223976	0.00256096	0.00161774	0.00404424	0.00676171	0.00682186	0.00450957	0.00209798	0.0033286	0.00446678	0.27169	0.264961	0.057729	0.000254499	0.00312897
40	0.0724341	0.00120711	0.227021	0.357247	0.00862798	0.0388774	0.0231585	0.00614713	0.0288157	0.00851121	0.00257303	0.0518346	0.00719427	0.0476943	0.0246005	0.0504206	0.01941	0.0183981	0.000587769	0.00524002
41	0.029434	0.00060929	0.00480406	0.0222534	0.00254454	0.0011085	0.0405298	0.0108029	0.238207	0.0234211	0.00812073	0.0244612	0.00150806	0.082857	0.363583	0.073333	0.0482039	0.0196112	0.00142614	0.00318107
42	0.0455444	0.00869802	0.01294	0.0171519	0.0715429	0.0117337	0.00983683	0.0617498	0.0251376	0.341446	0.0655383	0.0562888	0.00743603	0.0235394	0.105396	0.031639	0.0279587	0.05522	0.00358426	0.0176176
43	0.0432624	0.00228995	0.00588976	0.0101266	0.028579	0.00373898	0.00301263	0.204261	0.0587314	0.121459	0.0460741	0.0139771	0.0170951	0.0104284	0.192738	0.0653955	0.0281985	0.140489	0.000876044	0.00337735
44	0.139216	0.00403254	0.0316961	0.0311579	0.00736348	0.0460631	0.0485017	0.0151034	0.0527843	0.0194038	0.0106798	0.0440305	0.15311	0.0294129	0.11327	0.147053	0.0731272	0.0239595	0.00125817	0.00877701
45	0.0655813	0.00379908	0.0226915	0.0467015	0.0081808	0.0168265	0.0310878	0.02418	0.115984	0.0679143	0.0193162	0.0478846	0.00959801	0.115859	0.215713	0.0889005	0.0497445	0.0380139	0.00288327	0.00914015
46	0.068097	0.000897321	0.28381	0.327954	0.0075902	0.0366269	0.0215929	0.00493465	0.0193001	0.00711475	0.00189011	0.0596471	0.00627271	0.0455979	0.0230703	0.0479135	0.0190965	0.0137056	0.000403468	0.00448453
47	0.0319263	0.0278132	0.00202641	0.00239269	0.274346	0.00223138	0.00174892	0.166289	0.00205871	0.159204	0.100796	0.00230788	0.00136658	0.00236689	0.00286957	0.0220425	0.0210995	0.164658	0.000470836	0.0119843
48	0.051511	0.00471672	0.0144457	0.0326477	0.00628191	0.0171096	0.0314257	0.0175716	0.15609	0.0361394	0.0128408	0.0376852	0.00859975	0.11299	0.309045	0.0653648	0.0465645	0.0293516	0.00208592	0.00753286
49	0.0685577	0.0135353	0.00208042	0.000521208	0.0131791	0.00260879	0.00196235	0.269044	0.000443472	0.139285	0.0464382	0.000484957	0.000668215	0.00302785	0.00141017	0.00897909	0.0299345	0.389197	0.000937686	0.00770552
50	0.504608	0.0054619	0.00578515	0.0050463	0.00488043	0.0343286	0.0149533	0.00286469	0.00583658	0.0183527	0.00472927	0.0275793	0.00514836	0.00318273	0.0130747	0.257164	0.0705699	0.0134577	0.000481583	0.00249504
51	0.0454732	0.0260651	0.00102722	0.00539991	0.0237154	0.0109339	0.000850323	0.216371	0.00117035	0.0376758	0.0157975	0.00117746	0.000602368	0.00110816	0.00125026	0.0971833	0.197334	0.315987	0.000233768	0.000643774
52	0.0392572	0.0393548	0.00491547	0.0061261	0.0265874	0.00140531	0.00700496	0.154135	0.00331438	0.326993	0.15915	0.00309873	0.00250064	0.0186471	0.0162503	0.0183463	0.0352652	0.113418	0.0019897	0.0222408
53	0.10519	0.0107716	0.00792457	0.00858155	0.00976807	0.0782983	0.00717919	0.0651567	0.0367488	0.0338584	0.0135497	0.010902	0.365614	0.0083928	0.0577689	0.034708	0.0207779	0.117381	0.00293067	0.00449823
54	0.0788332	0.00225147	0.213006	0.315683	0.0224249	0.0277198	0.0302076	0.0113681	0.0206119	0.0122459	0.00403282	0.0510785	0.0124595	0.0637744	0.0290824	0.0519333	0.0235094	0.0162607	0.000954813	0.012563
55	0.0728648	0.00178874	0.0366816	0.0664197	0.00614651	0.0502247	0.0449493	0.0246494	0.0801656	0.0221864	0.0163527	0.0982898	0.0145243	0.0740333	0.124458	0.130755	0.0940549	0.0240692	0.0013295	0.016057
56	0.0709307	0.00980401	0.00214201	0.000436877	0.0123543	0.00270684	0.00153201	0.280076	0.000385571	0.127422	0.0360546	0.00038656	0.000658851	0.00171971	0.000465914	0.00792859	0.027435	0.40936	0.000991575	0.00720892
57	0.302591	0.00733749	0.00565536	0.00820644	0.00198932	0.0212162	0.00330471	0.00404149	0.00422771	0.0094768	0.00848311	0.00570096	0.00320802	0.00429236	0.00546362	0.263284	0.270684	0.0667602	0.000360793	0.00371617
58	0.0135077	0.0051091	0.00601621	0.00986192	0.0176192	0.00298789	0.000916992	0.101192	0.0008655	0.489984	0.256901	0.00630006	0.00327543	0.00364876	0.00183171	0.00229381	0.0102962	0.0655181	0.000580173	0.00129477
59	0.0498039	0.00249422	0.00643279	0.0162633	0.00332487	0.0159114	0.0198899	0.013787	0.216745	0.0324008	0.00986563	0.0190636	0.0154002	0.0486403	0.393148	0.0654235	0.045238	0.0225942	0.000816994	0.00275621
60	0.00444358	0.0032189	0.00058613	0.00229162	0.0343393	0.000811334	0.000327153	0.366812	0.000442782	0.31383	0.0304384	0.0010346	0.00100167	0.00286596	0.000730447	0.00119352	0.00329912	0.230642	0.000237149	0.00145445
61	0.0667207	0.000641956	0.0115172	0.0389984	0.00653645	0.0048962	0.0259459	0.0206518	0.144715	0.0497694	0.0159707	0.0463187	0.0012951	0.119294	0.275095	0.0708808	0.0455975	0.0435034	0.00319874	0.00845318
62	0.0541413	0.00156235	0.00899203	0.016012	0.00268233	0.0844155	0.01631	0.0291383	0.0481815	0.00651734	0.0194766	0.0800531	0.0837871	0.00640438	0.0970241	0.230429	0.195356	0.0142047	0.000683099	0.0046291
63	0.0256666	0.00386565	0.041265	0.0728929	0.0327278	0.0760913	0.150149	0.002163	0.0324402	0.0117022	0.00565224	0.239316	0.00475988	0.0733224	0.0379819	0.0527365	0.0244323	0.00656865	0.00851124	0.0977553
64	0.0814741	0.00803334	0.0360104	0.0507235	0.00493756	0.441156	0.0187227	0.0166936	0.0337647	0.0234188	0.00833559	0.0384464	0.00727431	0.0255279	0.0357098	0.105591	0.0345229	0.0197955	0.000926005	0.0089358
65	0.0145599	0.00782326	0.00401562	0.00826113	0.0216816	0.00279859	0.00115697	0.161553	0.000814288	0.410981	0.22846	0.00512108	0.00320021	0.00450799	0.00204548	0.00279564	0.0099807	0.108503	0.000197552	0.0015433
66	0.0064157	0.00348852	0.000422296	0.0020668	0.0301619	0.00080532	0.00032853	0.399048	0.000395876	0.257404	0.0309453	0.00075945	0.00100496	0.00321812	0.00057258	0.0011272	0.00286402	0.25746	0.000272706	0.00123908
67	0.00607653	0.00141477	0.00558524	0.00363151	0.0592739	0.00143692	0.000884563	0.152014	0.00083736	0.595052	0.0341539	0.00115872	0.000894219	0.00132462	0.00116945	0.00460462	0.0108162	0.107894	0.00250716	0.00927102
68	0.0657593	0.00911145	0.00230162	0.000490403	0.0128887	0.00257214	0.00184762	0.296524	0.000378238	0.125422	0.0318611	0.000427497	0.00108862	0.00197002	0.000504435	0.00840464	0.0248772	0.405794	0.000918631	0.00685792
69	0.217441	0.0631236	0.00453673	0.00567177	0.0104091	0.0580331	0.00470433	0.0465293	0.00382162	0.0292101	0.0108665	0.00648879	0.00378887	0.0070167	0.00563979	0.135589	0.206503	0.174229	0.000680078	0.00571819
70	0.189771	0.0144195	0.0211827	0.0335563	0.00441342	0.373281	0.00912154	0.0175875	0.0180582	0.024759	0.00830666	0.0210999	0.0117381	0.0234747	0.018931	0.12261	0.043918	0.0344496	0.000890433	0.00843209
71	0.106264	0.0059818	0.0229808	0.0220275	0.00783038	0.0440558	0.0138624	0.0210937	0.0780419	0.0268176	0.0133251	0.0225838	0.20663	0.0226742	0.216293	0.0796834	0.0460123	0.0372517	0.00157472	0.00501537
72	0.0416596	0.0067786	0.266257	0.0547267	0.00876241	0.0334185	0.00910847	0.0132608	0.0162187	0.0178583	0.00935877	0.052652	0.010911	0.0146584	0.0259531	0.169809	0.2187	0.0222184	0.00164495	0.00604548
73	0.0726814	0.00282841	0.020073	0.0251783	0.00542582	0.123422	0.0182002	0.0218583	0.054495	0.0169693	0.0137485	0.0471763	0.142651	0.0188743	0.132251	0.152804	0.0994965	0.0254076	0.000764652	0.00569429
74	0.139007	0.057273	0.034659	0.111566	0.0126323	0.0261643	0.0906901	0.0196279	0.0239058	0.0318186	0.0147306	0.0409172	0.0117071	0.0373867	0.0339541	0.146657	0.113937	0.0364359	0.00272898	0.014202
75	0.0627743	0.0107766	0.0352763	0.105415	0.00788005	0.329157	0.0204085	0.0688446	0.0302755	0.0486675	0.0177934	0.028359	0.00667347	0.0250975	0.0303358	0.0677299	0.0458887	0.0427698	0.00140667	0.0144698
76	0.0435349	0.00218223	0.00685969	0.0162357	0.0028301	0.0229924	0.0251022	0.0124203	0.234037	0.0307212	0.00869175	0.0198525	0.0124863	0.050509	0.375196	0.0666255	0.046825	0.0194499	0.000900634	0.00254831
77	0.0130798	0.00100746	0.0274733	0.00171272	0.00154641	0.00190938	0.00170776	0.00227067	0.00269005	0.0187584	0.00237032	0.00173129	0.0011031	0.00276804	0.0180441	0.372266	0.521925	0.00610468	0.000399129	0.00113206
78	0.0601721	0.00269533	0.00476514	0.0115485	0.00404692	0.0514107	0.0259964	0.0357659	0.0321894	0.0110565	0.0294096	0.0650739	0.0267184	0.00891316	0.0821351	0.23824	0.2726	0.0315412	0.00078304	0.00493901
79	0.0136416	0.00100418	0.0236433	0.00174161	0.00156398	0.00166803	0.00317205	0.00230167	0.0063421	0.0238259	0.00251306	0.00179527	0.00105813	0.00678372	0.0192655	0.323706	0.554443	0.0101025	0.000402998	0.00102541
80	0.0207122	0.0112517	0.00730615	0.0109639	0.0177731	0.00365206	0.0021843	0.105487	0.0044209	0.428452	0.232685	0.00886116	0.00335342	0.00797421	0.0071875	0.00830016	0.0265226	0.0870003	0.000755597	0.0051577
81	0.142265	0.0469789	0.086189	0.0221812	0.123589	0.0113938	0.0600309	0.0146126	0.0493482	0.0207949	0.0107772	0.107517	0.00601126	0.0169502	0.019065	0.027379	0.0583994	0.0548852	0.0036128	0.11802
82	0.371722	0.0119677	0.0017351	0.00228672	0.00109555	0.0933644	0.00151014	0.00188762	0.00244201	0.0148959	0.00763426	0.00597586	0.0013032	0.001614	0.00305502	0.369773	0.0949902	0.0112258	0.000335471	0.00118624
83	0.206147	0.0556545	0.00248091	0.00296991	0.0388998	0.0275116	0.00254334	0.0591581	0.00310994	0.123775	0.109804	0.0027763	0.00263866	0.0035022	0.00335625	0.15915	0.0754764	0.106536	0.000588885	0.0139205
84	0.00790106	0.00110484	0.00516415	0.00347033	0.0418209	0.00133369	0.000865849	0.187247	0.00118158	0.554055	0.03339	0.00117294	0.00158787	0.00174844	0.0013101	0.00452233	0.010297	0.130726	0.00236076	0.00873983
85	0.0824558	0.0017224	0.0519266	0.0950222	0.00695749	0.037405	0.0514569	0.0204068	0.0845827	0.0317469	0.0118495	0.103595	0.00690369	0.107292	0.12867	0.0907874	0.0432149	0.0272397	0.00118695	0.0155784
86	0.0784373	0.00370435	0.0339316	0.0544041	0.00870369	0.0400654	0.0650682	0.0190739	0.0879142	0.0185194	0.0129472	0.109559	0.0144449	0.0558954	0.11453	0.14273	0.0918293	0.0294272	0.00236261	0.0164527
87	0.0111768	0.00274614	0.000701104	0.00149501	0.0249971	0.000809586	0.000350583	0.415788	0.000427278	0.217085	0.0256139	0.00075	0.00165415	0.00345386	0.00055945	0.00166709	0.00351954	0.284381	0.00050015	0.00232409
88	0.0403385	0.0550929	0.00336165	0.00416109	0.0234775	0.00328255	0.00636335	0.161252	0.00368832	0.26695	0.142704	0.00237314	0.00291725	0.019897	0.0176955	0.0397025	0.0425996	0.142514	0.00123699	0.0203914
89	0.0630301	0.0102236	0.0106939	0.00880647	0.0109351	0.0103101	0.00892803	0.042812	0.0141659	0.054997	0.0178487	0.00858703	0.00746032	0.0151908	0.0174978	0.211669	0.362863	0.118465	0.00137839	0.00413797
90	0.0798875	0.00985861	0.00215406	0.000682404	0.011637	0.00311115	0.00164178	0.289598	0.000500788	0.126349	0.0325469	0.000521282	0.00082908	0.00201365	0.000613054	0.0078718	0.0266996	0.395625	0.000945167	0.00691465
91	0.0643156	0.00499971	0.0795816	0.169839	0.00703192	0.300491	0.0232776	0.0157825	0.0357532	0.019173	0.00691826	0.0464481	0.00780662	0.0375058	0.0397875	0.0833598	0.0284051	0.0186366	0.00102381	0.00986298
92	0.0795377	0.000787817	0.237624	0.374373	0.00814654	0.0299745	0.0232494	0.00480986	0.0164659	0.00673092	0.00154927	0.0451925	0.0073187	0.0510409	0.0224548	0.0543827	0.0186303	0.0131799	0.00026046	0.00429027
93	0.0744444	0.0039408	0.0233417	0.0226803	0.00763736	0.0916661	0.0133403	0.0264122	0.0488532	0.0222404	0.0107652	0.0284942	0.292122	0.0193019	0.121781	0.0843854	0.0557446	0.0450063	0.00174121	0.00610194
94	0.0251053	0.00188059	0.00194989	0.00241057	0.00819073	0.00340118	0.00260931	0.460298	0.00612085	0.0884093	0.0140069	0.000962623	0.00454906	0.00474884	0.00430093	0.00401736	0.00739567	0.355192	0.000627589	0.00382287
95	0.0641172	0.00525123	0.0828476	0.171338	0.00944463	0.279899	0.0286423	0.0152659	0.0366472	0.017767	0.00636755	0.0553694	0.00738685	0.0368671	0.0409293	0.0803459	0.0306188	0.0182078	0.00169204	0.0109955
96	0.0273769	0.00544597	0.00963116	0.00840885	0.189353	0.009784	0.00812023	0.12576	0.0126215	0.0241946	0.0479601	0.0477803	0.00644337	0.00972691	0.16245	0.0217417	0.0555141	0.0594355	0.00148102	0.16677
97	0.0826016	0.00162232	0.0515998	0.0967724	0.00743155	0.0370681	0.0493229	0.0211719	0.0862074	0.0317792	0.011858	0.0978707	0.00760427	0.106577	0.1291	0.088489	0.0458233	0.0295389	0.00117429	0.0163871
98	0.0530278	0.00635948	0.00179715	0.000417449	0.0136693	0.00205537	0.00107037	0.344595	0.000383073	0.127894	0.0289341	0.000369828	0.00154963	0.00254338	0.000443569	0.00615358	0.0186118	0.38206	0.00161805	0.00644731
99	0.0482421	0.00170026	0.00308849	0.0156372	0.00285372	0.0858479	0.0158885	0.0376103	0.0428256	0.00609819	0.0239568	0.0837813	0.0434274	0.00550657	0.0996965	0.230497	0.233737	0.0146543	0.000678111	0.00427303
100	0.0542573	0.0041558	0.0203576	0.0381891	0.00706417	0.0246205	0.0275928	0.0181949	0.143799	0.0392845	0.0145214	0.03694	0.0137674	0.107741	0.289602	0.0658884	0.0511649	0.0333627	0.00202114	0.00747573
101	0.0449919	0.0262551	0.00103562	0.00548423	0.0235018	0.0107171	0.000857721	0.21773	0.00117293	0.0374952	0.0166822	0.00118067	0.000613712	0.00109913	0.00122548	0.0969736	0.196489	0.315608	0.000238347	0.000649139
102	0.100002	0.00363969	0.040606	0.0843854	0.00524847	0.00826098	0.0247535	0.0065433	0.0225149	0.0141232	0.011229	0.0565078	0.194424	0.301921	0.0113081	0.0833922	0.0154711	0.0114447	0.000933133	0.00329224
103	0.0710118	0.00982629	0.00213676	0.000436456	0.0124022	0.0026997	0.0015344	0.27928	0.00038627	0.127287	0.0363129	0.000390527	0.000653705	0.00168763	0.000469429	0.0079476	0.0275822	0.409726	0.00101512	0.00721451
104	0.0687591	0.00589324	0.0160979	0.0179679	0.0348701	0.00139858	0.00569651	0.129604	0.00938344	0.339915	0.119061	0.00658463	0.00138709	0.0170667	0.0380059	0.0169268	0.0228751	0.0893839	0.00818795	0.0509355
105	0.0072668	0.00170077	0.391569	0.0484504	0.00236307	0.0504933	0.00201455	0.00410064	0.0128715	0.00540363	0.00315074	0.0795398	0.00152444	0.00294359	0.025453	0.201621	0.15197	0.00543289	0.000551004	0.00157958
106	0.138359	0.0186151	0.0202909	0.0116126	0.18165	0.0179838	0.0211614	0.0453317	0.0134805	0.11641	0.0388774	0.0254626	0.00623919	0.016605	0.0196648	0.0343602	0.0697438	0.0491775	0.00280543	0.152169
107	0.185367	0.00458154	0.0110588	0.123307	0.005966	0.106371	0.00760779	0.00989003	0.00827385	0.0136706	0.00736313	0.0391866	0.00597516	0.120573	0.0113279	0.24616	0.0195558	0.0667466	0.00156094	0.00545814
108	0.0960486	0.00148044	0.0548776	0.100637	0.00622135	0.0329755	0.0435733	0.0183805	0.0837063	0.0328687	0.0130579	0.0984633	0.0062556	0.102936	0.128708	0.0882662	0.0472874	0.029337	0.00110223	0.0138172
109	0.200094	0.02357	0.0111489	0.0117554	0.00292818	0.0767379	0.0106334	0.188216	0.00257348	0.0823643	0.00359319	0.0286758	0.00218968	0.0024922	0.00310976	0.0499907	0.072417	0.176141	0.000678547	0.0506902
110	0.0241339	0.00256698	0.0108326	0.0287294	0.0236253	0.00716956	0.00413506	0.204781	0.0301468	0.278341	0.0653584	0.00705908	0.00117311	0.0237449	0.0186168	0.00944528	0.0264277	0.22471	0.000710712	0.00829207
111	0.0709278	0.00102327	0.00224833	0.00334134	0.00196706	0.0191106	0.0114926	0.00454048	0.218101	0.0193058	0.00818748	0.0139685	0.0223559	0.027065	0.445076	0.0881127	0.0328382	0.00897906	0.000331125	0.00102777
112	0.423417	0.00183	0.00614222	0.00437778	0.0127078	0.00829267	0.0598455	0.00349961	0.00525629	0.00732298	0.00334315	0.0510505	0.00425159	0.00341951	0.00622225	0.2811	0.107419	0.007716	0.00079424	0.00199185
113	0.0341701	0.0277305	0.00217474	0.00244483	0.27776	0.0023566	0.00178255	0.163064	0.00206612	0.152466	0.102882	0.00244759	0.00132484	0.00241283	0.00302803	0.0244822	0.0232358	0.16231	0.000493398	0.011368
114	0.0163498	0.00425644	0.00514131	0.00965639	0.0147069	0.00840777	0.00111603	0.0630651	0.00137469	0.515442	0.252316	0.00968173	0.00283603	0.00409962	0.00520892	0.00278072	0.00916541	0.0730493	0.0002651	0.00108124
115	0.0656724	0.00398732	0.0725203	0.160564	0.00994903	0.0448995	0.0317633	0.0201477	0.0902851	0.0326757	0.0130142	0.0490084	0.00765665	0.0647145	0.184341	0.0661665	0.041274	0.0299808	0.00262351	0.00875712
116	0.0701421	0.00897606	0.0109953	0.0535044	0.00869072	0.0116233	0.364114	0.0152757	0.0105711	0.0966441	0.0111096	0.00979635	0.00644423	0.153073	0.0110378	0.0668567	0.0621584	0.0198918	0.00187743	0.00721775
117	0.0996803	0.0178431	0.280233	0.105051	0.0641659	0.0188964	0.0324734	0.0156825	0.0259205	0.0215327	0.00963589	0.109823	0.0073768	0.0304681	0.0258914	0.0355849	0.0317617	0.0304595	0.00279922	0.0347211
118	0.088237	0.00937404	0.0328862	0.0335072	0.0109704	0.0465138	0.0131151	0.0350005	0.0352742	0.0365415	0.0173001	0.0207169	0.348819	0.0336501	0.0527172	0.073739	0.0451466	0.0572885	0.00281828	0.0063847
119	0.00651412	0.000975652	0.74242	0.0242935	0.00285569	0.00280085	0.00191818	0.00265327	0.001811	0.00374986	0.00223715	0.171761	0.00114358	0.00993193	0.0104314	0.00439916	0.00427736	0.00406504	0.000466449	0.00129502
120	0.0165162	0.000996335	0.00182403	0.00604863	0.00136438	0.00749041	0.00646247	0.52865	0.0175523	0.0189481	0.0139213	0.00147007	0.00271014	0.00595589	0.0110958	0.00363457	0.0107045	0.34341	0.000264017	0.000980763
121	0.0192006	0.00230468	0.00133397	0.00107715	0.0164419	0.00159299	0.000756839	0.435502	0.000665716	0.164439	0.0191963	0.000882659	0.00250061	0.00389539	0.000972996	0.00300579	0.00499471	0.316604	0.000716453	0.0039166
122	0.0168041	0.00318583	0.005227	0.00930995	0.0179489	0.00994537	0.00117728	0.0595643	0.0016101	0.531538	0.229417	0.0104572	0.00255653	0.00388693	0.00591455	0.00321803	0.00916792	0.0771069	0.000353661	0.00161042
123	0.0108445	0.00259151	0.000746581	0.00142343	0.0246621	0.000815231	0.000419743	0.418091	0.000418032	0.216745	0.0240911	0.000829815	0.0017632	0.00336727	0.000576442	0.00179167	0.00338489	0.284625	0.000512359	0.00230168
124	0.0777274	0.00364556	0.059143	0.126568	0.00582162	0.323459	0.0188305	0.0126975	0.02853	0.0123967	0.0057593	0.0399588	0.00787899	0.04246	0.0306942	0.151174	0.0298086	0.0171103	0.00106782	0.00526817
125	0.0756644	0.00183413	0.214187	0.319591	0.00790075	0.0443116	0.0236422	0.00779727	0.0370694	0.0123569	0.00484767	0.0497539	0.0123824	0.0504827	0.0366731	0.0549292	0.0230049	0.0178016	0.000632092	0.00513714
126	0.0299642	0.00606329	0.00673025	0.00544887	0.00704808	0.00635637	0.00412585	0.262621	0.00924765	0.0419814	0.115507	0.00845975	0.00255791	0.00680725	0.00712037	0.0211836	0.11144	0.342953	0.000934771	0.00344922
127	0.051536	0.00669667	0.0166901	0.0217572	0.00864045	0.0206265	0.0194408	0.0204194	0.12285	0.0376209	0.0142369	0.0297647	0.0175567	0.0398689	0.266951	0.0950503	0.170898	0.0302042	0.00138553	0.00780628
128	0.0285246	0.00103731	0.54861	0.127665	0.00480029	0.0218678	0.0102291	0.00410234	0.0102993	0.0061045	0.00254663	0.122678	0.00295582	0.0227778	0.0185461	0.0360624	0.0195064	0.00816481	0.000520506	0.00300022
129	0.0827225	0.0016191	0.0515953	0.0968356	0.0074211	0.0371626	0.0493431	0.0211518	0.0862182	0.0317936	0.0118388	0.097909	0.00760042	0.106505	0.128873	0.0885554	0.0457629	0.0295375	0.00117394	0.0163812
130	0.0867281	0.0027478	0.232805	0.316642	0.0271732	0.0242001	0.0306657	0.0142252	0.0156153	0.00837427	0.00349343	0.0481557	0.0150407	0.0537197	0.0214821	0.0459827	0.0184928	0.0145014	0.000840587	0.0191133
131	0.199643	0.0094958	0.00737569	0.00909791	0.00612022	0.0200925	0.00836384	0.0160017	0.00937267	0.0224588	0.0325619	0.0126516	0.00923681	0.00931526	0.0168449	0.247152	0.291729	0.0673059	0.00094065	0.00423995
132	0.688732	0.0174287	0.00179972	0.00218625	0.0145881	0.0521547	0.0017463	0.00622736	0.00185844	0.0398826	0.00711315	0.002511	0.00435233	0.00247199	0.00263608	0.062516	0.0254408	0.0613541	0.000441616	0.00455842
133	0.0847202	0.00158957	0.0556959	0.0969155	0.00642841	0.0337168	0.0493475	0.0205641	0.0848979	0.0339436	0.0121013	0.0973077	0.00650086	0.118238	0.127899	0.0859357	0.041947	0.0269071	0.00112158	0.0142229
134	0.0617189	0.00292442	0.0227475	0.0083767	0.00569862	0.00482952	0.00408561	0.167663	0.0290842	0.106378	0.152174	0.0410096	0.0044169	0.0123688	0.0121078	0.0468282	0.140454	0.172427	0.000819902	0.00388648
135	0.410886	0.0763079	0.00316164	0.00296472	0.00538611	0.176265	0.00261364	0.00561256	0.00275261	0.0436675	0.0068654	0.00436475	0.00426911	0.00461925	0.00322653	0.077907	0.0609566	0.100926	0.000496473	0.00675172
136	0.0710118	0.00982629	0.00213676	0.000436456	0.0124022	0.0026997	0.0015344	0.27928	0.00038627	0.127287	0.0363129	0.000390527	0.000653705	0.00168763	0.000469429	0.0079476	0.0275822	0.409726	0.00101512	0.00721451
137	0.0356708	0.000608956	0.00486698	0.0267796	0.00323443	0.00119316	0.0393193	0.0110184	0.213334	0.0250776	0.00875099	0.0266789	0.00144392	0.0965982	0.360184	0.0707828	0.0464587	0.0223398	0.00172109	0.00393933
138	0.834736	0.00224743	0.000811209	0.000900616	0.00607784	0.00947606	0.000730123	0.00135395	0.00130888	0.01537	0.00228452	0.00190457	0.00204249	0.00103133	0.00169691	0.0764638	0.018333	0.0204416	0.000208254	0.00258137
139	0.834736	0.00224743	0.000811209	0.000900616	0.00607784	0.00947606	0.000730123	0.00135395	0.00130888	0.01537	0.00228452	0.00190457	0.00204249	0.00103133	0.00169691	0.0764638	0.018333	0.0204416	0.000208254	0.00258137
140	0.0198188	0.00528119	0.0109114	0.0186474	0.0170447	0.00358331	0.0016376	0.0924995	0.00336375	0.444505	0.247669	0.0127798	0.0029269	0.0090543	0.00704254	0.00433513	0.0170063	0.073794	0.00120365	0.0068953
141	0.0573767	0.00355069	0.0152591	0.0142111	0.00340556	0.0319453	0.0141048	0.0149261	0.0577509	0.0194597	0.0126302	0.0339191	0.0203441	0.0230521	0.130259	0.212392	0.307416	0.0229705	0.000831241	0.00419613
142	0.0784348	0.00772873	0.0372514	0.0495055	0.00604161	0.412875	0.0182762	0.0195187	0.0374751	0.0236859	0.00968181	0.0391669	0.0111167	0.0280238	0.0404212	0.109321	0.0372266	0.0238443	0.00153202	0.00887237
143	0.0523769	0.00639593	0.0217933	0.0356599	0.0105542	0.043	0.104695	0.0181842	0.187678	0.0347873	0.0132571	0.0449619	0.0103723	0.0588255	0.190784	0.0733804	0.0486205	0.028786	0.00339252	0.0124951
144	0.0139897	0.00758679	0.00388595	0.00410512	0.0465499	0.00509202	0.00221255	0.0763681	0.0299528	0.580176	0.123412	0.00477662	0.00174416	0.0234691	0.0353356	0.0131383	0.00891749	0.0128138	0.00121766	0.00525625
145	0.0242007	0.00637406	0.00418296	0.00598034	0.0262809	0.00273787	0.00160346	0.209986	0.00290602	0.371983	0.106822	0.00362296	0.00351961	0.00473866	0.00421206	0.00664403	0.0146778	0.191233	0.00124102	0.00705464
146	0.00885833	0.00409497	0.0043993	0.00333118	0.127538	0.00208375	0.00135985	0.119561	0.00162174	0.549345	0.0309636	0.00205039	0.00081327	0.00195773	0.00229027	0.0070862	0.0109206	0.10724	0.00177318	0.0127117
147	0.287722	0.00539777	0.0059478	0.00760664	0.00136721	0.0195548	0.00288192	0.00204124	0.0038088	0.00817599	0.00866473	0.00568009	0.00238779	0.00442155	0.00631517	0.281897	0.290381	0.0519118	0.000301569	0.00353588
148	0.144833	0.00639732	0.0312609	0.0247801	0.00394607	0.163441	0.00960623	0.0133983	0.0176617	0.0127378	0.0116623	0.0370389	0.0153051	0.0135076	0.0336548	0.26251	0.167799	0.025323	0.000660925	0.00447501
149	0.00670349	0.00207014	0.00466298	0.00383457	0.0478761	0.00145199	0.000717029	0.224344	0.000715637	0.493493	0.0454814	0.00116673	0.000876848	0.00216504	0.00124044	0.00367807	0.00844573	0.143299	0.00193038	0.00584785
150	0.0773847	0.00750134	0.0411005	0.0574826	0.0122582	0.191683	0.0950142	0.0181771	0.0460787	0.026083	0.0107218	0.0795352	0.0135377	0.0472148	0.0570812	0.127138	0.0494063	0.0203779	0.00204331	0.0201809
151	0.296136	0.0869118	0.00853009	0.012297	0.00697081	0.0326268	0.0106863	0.00988771	0.00638165	0.0222163	0.0127739	0.0139426	0.00723723	0.0402402	0.0126267	0.121728	0.233374	0.0531832	0.00173506	0.0105154
152	0.0240718	0.00264483	0.0507959	0.0716292	0.022218	0.173998	0.0991957	0.00641779	0.0372376	0.0218994	0.00811679	0.205949	0.00666766	0.0670164	0.0513612	0.0472182	0.0234879	0.00796929	0.00332913	0.0687764
153	0.0072668	0.00170077	0.391569	0.0484504	0.00236307	0.0504933	0.00201455	0.00410064	0.0128715	0.00540363	0.00315074	0.0795398	0.00152444	0.00294359	0.025453	0.201621	0.15197	0.00543289	0.000551004	0.00157958
154	0.401831	0.00254366	0.00756526	0.00710479	0.00165367	0.0257796	0.00591774	0.0018412	0.0091015	0.00707228	0.00577169	0.0115524	0.00461421	0.00314867	0.0055497	0.271975	0.184626	0.0397394	0.000371274	0.00224155
155	0.172674	0.0287241	0.00221111	0.00273943	0.0220784	0.0225834	0.00229828	0.129343	0.00378499	0.103291	0.0311227	0.0125229	0.210671	0.00252872	0.00468341	0.0481383	0.0227156	0.165705	0.0103077	0.00187751
156	0.0994969	0.00181566	0.0311188	0.0426079	0.0023404	0.424012	0.0029967	0.00483103	0.00514621	0.00591071	0.00302176	0.0293141	0.00212882	0.0417078	0.00404	0.254753	0.0318907	0.0104595	0.000737771	0.00167038
157	0.323177	0.00440929	0.00560475	0.00786769	0.00131742	0.0223613	0.00253019	0.00164234	0.00389393	0.0067164	0.00679958	0.00444789	0.00211143	0.00317438	0.00439387	0.271726	0.267347	0.0570611	0.000250612	0.00316807
158	0.0341296	0.00330968	0.0019763	0.000490128	0.0130608	0.00150174	0.000829166	0.403717	0.000390701	0.135139	0.0192578	0.000653382	0.00303157	0.0038539	0.000569097	0.00475726	0.00970929	0.356704	0.000963459	0.0059562
159	0.138698	0.00220245	0.0521265	0.0395529	0.0148785	0.00319522	0.0286185	0.043869	0.0152909	0.0598829	0.0415577	0.0271304	0.119447	0.00306109	0.00409337	0.136592	0.15873	0.108178	0.000767079	0.00212756
160	0.0521917	0.00366058	0.0147762	0.0366718	0.00583714	0.0144541	0.0289014	0.0191758	0.155333	0.0382541	0.0129176	0.0378842	0.00965742	0.10891	0.306857	0.0667238	0.0459792	0.0325578	0.00209813	0.00715994
161	0.0529762	0.00128921	0.0758117	0.103358	0.0057945	0.218167	0.0455963	0.00882715	0.0812733	0.0164136	0.00528915	0.0957327	0.00457277	0.0645921	0.10408	0.0681731	0.0224453	0.0122307	0.000939074	0.0124384
162	0.0546854	0.0063449	0.00400544	0.00110547	0.0115072	0.00203687	0.00140376	0.329049	0.00171426	0.124403	0.0266358	0.000695511	0.00177325	0.00417281	0.00114986	0.00681427	0.0196623	0.395733	0.000841659	0.00626556
163	0.168477	0.00273048	0.0834228	0.0923258	0.00462225	0.00737183	0.00667165	0.00641912	0.105633	0.0294822	0.0418915	0.0115633	0.250208	0.0969763	0.00845117	0.0560774	0.0131479	0.0106987	0.000950374	0.00288015
164	0.223539	0.00144033	0.0556138	0.0383554	0.00291368	0.0566421	0.0290099	0.00474387	0.0320197	0.00864707	0.00312846	0.0618964	0.126664	0.0214197	0.0558662	0.178047	0.0746223	0.0153005	0.00058043	0.00954972
165	0.011062	0.00201094	0.0133513	0.0133737	0.349822	0.0216328	0.0380253	0.00793187	0.00352964	0.0128501	0.00699922	0.00390496	0.00157123	0.00559939	0.00313825	0.0287895	0.0269781	0.017566	0.000663155	0.431201
166	0.0137983	0.00500434	0.00797692	0.0147772	0.0153664	0.00371483	0.000937394	0.08471	0.00108574	0.472293	0.280909	0.00938763	0.00348219	0.00487213	0.00278097	0.00223704	0.0125078	0.0625239	0.000334293	0.00130072
167	0.0162244	0.00217066	0.00118833	0.0010954	0.0183956	0.00105717	0.00044592	0.428638	0.000417341	0.180417	0.0208796	0.000730951	0.00236686	0.00421054	0.000572854	0.00242915	0.0040612	0.310579	0.000622009	0.00349777
168	0.353223	0.00147399	0.0374202	0.0195581	0.00196363	0.0557771	0.0193597	0.00214175	0.0246017	0.00481285	0.00226778	0.0515899	0.0273068	0.00731834	0.0233283	0.253871	0.091405	0.0176777	0.000322867	0.00458057
169	0.344545	0.00144083	0.0426482	0.0213529	0.00203193	0.0559405	0.0221689	0.00219088	0.0241746	0.0045294	0.00235286	0.0541852	0.0290405	0.00804213	0.0252567	0.245899	0.0924939	0.0160976	0.000435368	0.00517324
170	0.299142	0.0217623	0.00565066	0.00791698	0.0022342	0.0296707	0.0129462	0.00360935	0.00363524	0.016706	0.00900667	0.0169064	0.0111281	0.00816431	0.015626	0.193193	0.27476	0.0480959	0.000504084	0.0193418
171	0.00583612	0.000699456	0.00603831	0.00383939	0.0467317	0.00147376	0.000841548	0.150042	0.000841955	0.610911	0.0331694	0.00128973	0.00112928	0.00129285	0.00122648	0.00464825	0.0118564	0.107095	0.00265027	0.00838677
172	0.0627668	0.00108624	0.0126016	0.0354986	0.00813491	0.00202326	0.00332068	0.107803	0.0792156	0.126253	0.040423	0.0535039	0.00297797	0.0543305	0.152439	0.0673704	0.048348	0.135401	0.00205776	0.00444533
173	0.421652	0.0731689	0.0026556	0.00280283	0.0051278	0.201243	0.00248967	0.00433014	0.00301356	0.0486534	0.00590478	0.00359206	0.00469904	0.00415719	0.00302769	0.0599531	0.0518911	0.0941476	0.000492512	0.00699708
174	0.05976	0.00808549	0.00255139	0.000467169	0.0123952	0.00218095	0.00153328	0.313385	0.000515887	0.120442	0.0277882	0.000424839	0.00132386	0.00235226	0.000538451	0.00831705	0.0210406	0.409607	0.000897877	0.00639399
175	0.00606814	0.004084	0.000433558	0.00268716	0.0322503	0.000917028	0.000393874	0.381016	0.000477796	0.279475	0.035539	0.000958193	0.00111936	0.00366527	0.000752477	0.00136007	0.00320704	0.244451	0.000138003	0.00100669
176	0.342189	0.0120049	0.00606743	0.00738531	0.00142364	0.131636	0.00240275	0.00237148	0.00363268	0.009942	0.00483489	0.0155227	0.00237835	0.00741287	0.00421178	0.377234	0.055429	0.0123492	0.000402679	0.00116921
177	0.0914659	0.178693	0.0312096	0.0275237	0.0187991	0.025093	0.0250691	0.0365645	0.0242662	0.0592783	0.0290225	0.0308815	0.0163761	0.167418	0.0350422	0.0580854	0.0641186	0.0623165	0.00519341	0.0135838
178	0.0460789	0.00107777	0.00549627	0.0146022	0.00243821	0.0110071	0.0268247	0.0100105	0.234209	0.0239869	0.00889822	0.0208104	0.0107207	0.0548046	0.375954	0.083192	0.0502124	0.0160197	0.00101184	0.00264501
179	0.0846895	0.0137469	0.0239983	0.0289774	0.0171646	0.0270109	0.0148084	0.0622296	0.0273024	0.168565	0.0311794	0.0215446	0.155389	0.0255868	0.0360126	0.11537	0.0513954	0.0815208	0.00368574	0.00982297
180	0.0702732	0.00971858	0.00214619	0.000454978	0.0124124	0.00277866	0.00154695	0.281957	0.000387924	0.127824	0.0357772	0.000383292	0.000694228	0.00178126	0.000463447	0.00786764	0.026972	0.408455	0.000990093	0.0071162
181	0.0614539	0.00306445	0.00237474	0.00488008	0.0022404	0.0167097	0.0067271	0.00865168	0.20729	0.032844	0.00958874	0.0110934	0.0299152	0.0263478	0.455086	0.0645906	0.0401692	0.0154655	0.000430938	0.00107648
182	0.00856973	0.0112513	0.00235929	0.0127844	0.00246324	0.00265824	0.00328319	0.0243826	0.236098	0.0726463	0.0123076	0.00257857	0.0239357	0.0363899	0.417815	0.00656559	0.0785274	0.0432662	0.000579494	0.00153843
183	0.0191323	0.00181275	0.00184296	0.00255113	0.00952291	0.0022053	0.00286016	0.269221	0.00300999	0.341921	0.0134315	0.0185834	0.0262737	0.00291796	0.0107361	0.00781291	0.00607164	0.254247	0.000588082	0.00525758
184	0.0838992	0.192325	0.107689	0.0231603	0.0260312	0.0251804	0.0204505	0.0430361	0.0217226	0.0538095	0.0307912	0.0337288	0.016766	0.0312605	0.0219949	0.0524826	0.052168	0.140429	0.00418711	0.0188882
185	0.0485328	0.00142167	0.0705565	0.0668522	0.011319	0.0259103	0.00470823	0.00340647	0.0419392	0.0327624	0.00385545	0.0162335	0.370301	0.0544035	0.0505539	0.0909058	0.0807249	0.0229509	0.000576181	0.00208587
186	0.0616917	0.00597	0.0620741	0.0919806	0.018948	0.0307768	0.105925	0.0117337	0.0750614	0.0200371	0.00689676	0.127872	0.00461558	0.0814229	0.0998205	0.0857102	0.0391026	0.0212599	0.00599666	0.043104
187	0.186936	0.1678	0.0318411	0.023685	0.0314905	0.0318216	0.0234945	0.0339702	0.0208766	0.0426848	0.0197262	0.0991478	0.0149209	0.0293788	0.0216261	0.0632011	0.06461	0.0619548	0.00454719	0.0262869
188	0.129293	0.00134219	0.00236949	0.00217684	0.0019676	0.0329179	0.0131796	0.0039207	0.290727	0.0195974	0.00585234	0.00817998	0.0105202	0.0269095	0.311637	0.0909023	0.0250365	0.0217435	0.000479182	0.00124813
189	0.0129979	0.00127551	0.0379591	0.05767	0.0316748	0.146453	0.128994	0.00238463	0.0211235	0.0152196	0.00901654	0.262546	0.00791343	0.0777671	0.0285172	0.0379328	0.0160988	0.00356907	0.00447433	0.0964131
190	0.018861	0.00171623	0.00395808	0.00256623	0.00217399	0.00240152	0.012933	0.00410042	0.0322133	0.0305977	0.00437881	0.00293793	0.00164288	0.0344077	0.0373097	0.158638	0.614335	0.0328089	0.000554507	0.00146529
191	0.0996011	0.00556725	0.0306598	0.0424156	0.00586133	0.384415	0.0110743	0.0127969	0.0203373	0.0140908	0.00686318	0.031873	0.00947291	0.0295589	0.0221739	0.203912	0.0452721	0.0176078	0.000908187	0.00553836
