333	20
1	0.308216	0.0459741	0.00593082	0.00273765	0.00568548	0.128134	0.00479288	0.0174379	0.00364747	0.0263883	0.0150513	0.0128043	0.00819257	0.00347254	0.00754958	0.280989	0.0756279	0.0409538	0.000901639	0.00551245
2	0.0334977	0.00744474	0.00106253	0.00129657	0.262334	0.00393981	0.0437819	0.0812051	0.00257296	0.254359	0.0481269	0.00341472	0.00668274	0.0231964	0.00459897	0.017475	0.033512	0.0639722	0.0143429	0.0931843
3	0.00885471	0.0132052	0.501228	0.0638388	0.00427987	0.00480048	0.00196213	0.00521698	0.0100575	0.0162376	0.00375078	0.195375	0.0271794	0.00217164	0.00263757	0.0502958	0.0679458	0.00800796	0.0014381	0.0115171
4	0.028944	0.00301817	0.00369181	0.00143574	0.243357	0.00392106	0.0190074	0.0207612	0.00137191	0.04331	0.0249671	0.00975311	0.00256325	0.00242842	0.00457609	0.0225111	0.0472373	0.0376923	0.0116404	0.467813
5	0.100932	0.0181043	0.137581	0.248968	0.0565265	0.00815735	0.0130272	0.00867324	0.0055854	0.0582668	0.0134919	0.0408416	0.0137423	0.0496406	0.017097	0.0625285	0.0360149	0.0427717	0.00170408	0.0663459
6	0.0915061	0.0272928	0.000314532	0.000336046	0.118542	0.0315245	0.00172514	0.108152	0.00144129	0.326571	0.0595396	0.000543585	0.00123511	0.00539622	0.0016644	0.0491096	0.0455088	0.119357	0.00623342	0.00400628
7	0.045085	0.0203375	0.000374668	0.000818307	0.0143062	0.00457501	0.0016509	0.257854	0.00201853	0.0936163	0.0411017	0.00501549	0.00101636	0.00204582	0.00199054	0.0360756	0.111556	0.352742	0.00338078	0.00443902
8	0.246987	0.0113603	0.00578263	0.00278879	0.00171952	0.547209	0.00384134	0.00345503	0.00222486	0.0108086	0.0050865	0.0154067	0.00414798	0.00221127	0.00687954	0.0973156	0.0198285	0.00742986	0.000461669	0.00505503
9	0.0194104	0.00783362	0.000362203	0.00248032	0.0238219	0.00306727	0.000819649	0.337988	0.000980604	0.125674	0.0345281	0.00140268	0.00440424	0.00117223	0.00171034	0.00690577	0.0196493	0.404367	0.00139893	0.0020236
10	0.090508	0.067597	0.00082467	0.00067299	0.131229	0.0521781	0.000848145	0.0971835	0.00168717	0.20777	0.0350106	0.000979384	0.00219828	0.00269854	0.00130199	0.0779798	0.0715938	0.141498	0.00848769	0.00775358
11	0.0563889	0.0308002	0.00181158	0.00185801	0.0132281	0.0067038	0.00259484	0.181444	0.00286169	0.0565605	0.0402788	0.00668061	0.00122024	0.00976151	0.00232986	0.0397685	0.164596	0.370458	0.00310434	0.00755011
12	0.384588	0.0151449	0.00362812	0.00125075	0.00171766	0.338345	0.00141353	0.00403706	0.00171254	0.0172344	0.00912247	0.0138597	0.00187879	0.00330215	0.00498889	0.146593	0.0325627	0.00842256	0.000504476	0.0096937
13	0.0748312	0.0333571	0.00029879	0.000308347	0.130068	0.0267057	0.00144739	0.15359	0.000853449	0.320341	0.0430053	0.000545681	0.00460635	0.00148936	0.00197561	0.0243247	0.0357589	0.131295	0.0079117	0.00728638
14	0.0495597	0.0234394	0.000325062	0.000664384	0.0152027	0.00530877	0.00175932	0.241188	0.000839711	0.0751407	0.0374971	0.00491566	0.000637834	0.00190861	0.000622475	0.041491	0.121739	0.369222	0.00406159	0.00447761
15	0.40363	0.0171065	0.00354779	0.000858307	0.00178315	0.298753	0.000906911	0.00263161	0.00137616	0.0192723	0.0084743	0.0149578	0.00109311	0.00332311	0.00406265	0.16135	0.0377075	0.00668581	0.000565485	0.011915
16	0.110924	0.049809	0.0150505	0.00304212	0.127614	0.00736955	0.003235	0.0881853	0.00264177	0.0440904	0.00943401	0.0215413	0.00249444	0.0187704	0.0039673	0.0724048	0.0802363	0.262	0.0262654	0.0509242
17	0.0894416	0.048649	0.000324715	0.0003617	0.143101	0.0441634	0.000752367	0.115535	0.00159883	0.241642	0.0362502	0.000530717	0.00420253	0.00202359	0.00109851	0.0547099	0.0612281	0.137068	0.00953846	0.00778068
18	0.0378324	0.0179794	0.000343285	0.00116375	0.0163082	0.00416592	0.00148781	0.271253	0.00179788	0.113899	0.0456512	0.00552625	0.00167679	0.00180833	0.00167725	0.0299925	0.089806	0.350344	0.00300534	0.00428124
19	0.0480214	0.00728172	0.156546	0.132289	0.0307446	0.0169924	0.0638642	0.0148321	0.0548201	0.0394737	0.025521	0.108632	0.00644865	0.0913619	0.0508439	0.0602799	0.0359215	0.0311468	0.00305402	0.0219258
20	0.105093	0.0396984	0.000258084	0.000311494	0.129971	0.0446032	0.000638822	0.10206	0.00202496	0.250011	0.0471019	0.000421344	0.00153939	0.00333027	0.00106365	0.0674617	0.0655354	0.125852	0.00786757	0.00515701
21	0.0534653	0.0237493	0.000428396	0.00152154	0.0486537	0.0111846	0.000918509	0.30376	0.00130109	0.173038	0.040405	0.00121971	0.00669704	0.00116345	0.00161149	0.0095848	0.0252195	0.290158	0.00283903	0.00308216
22	0.603104	0.00934704	0.000740357	0.000483399	0.00101832	0.09257	0.000522335	0.00167478	0.0042689	0.00383319	0.0020055	0.00428729	0.000647463	0.00082697	0.00418387	0.237185	0.018989	0.0119297	0.000331605	0.0020508
23	0.473206	0.016193	0.00203897	0.000714686	0.00139965	0.187492	0.000795607	0.00211453	0.0030388	0.0108127	0.00458663	0.00826971	0.000954443	0.00160592	0.00353025	0.237914	0.027799	0.0109037	0.000412973	0.00621727
24	0.0971524	0.0447469	0.000290515	0.000350403	0.13699	0.0423962	0.00085676	0.114062	0.00208013	0.244317	0.0440797	0.000841937	0.00275942	0.00193703	0.00240812	0.0511692	0.0619405	0.127417	0.0133619	0.0108425
25	0.0338212	0.0136748	0.0014031	0.000382204	0.0566725	0.00630716	0.00250195	0.119951	0.000387629	0.546791	0.0809285	0.000694867	0.000672136	0.00661792	0.00181898	0.00914854	0.0147843	0.097934	0.00175038	0.00375743
26	0.122566	0.0931447	0.00234968	0.0054991	0.00998218	0.0135086	0.00222912	0.12911	0.00400616	0.0369696	0.01869	0.00521366	0.00197245	0.00440697	0.00273004	0.05545	0.21183	0.272676	0.00207419	0.00559142
27	0.116972	0.055358	0.00323296	0.0026461	0.0242755	0.00797472	0.00382798	0.106195	0.00468036	0.0643302	0.0319897	0.00726388	0.00309714	0.0131886	0.0125832	0.098604	0.128203	0.274762	0.0121652	0.028651
28	0.527756	0.0144238	0.00549134	0.00149772	0.00369667	0.132538	0.00185422	0.0465237	0.0152482	0.0191222	0.0295398	0.00207688	0.00727177	0.00238298	0.0170634	0.0872416	0.0135337	0.069504	0.000898599	0.00233577
29	0.0411008	0.00747503	0.00804621	0.00475454	0.00106268	0.844239	0.00730797	0.00137469	0.00190197	0.00376451	0.00122972	0.0204041	0.00709118	0.000647556	0.00992497	0.0327077	0.00383046	0.00199707	0.000364542	0.000774903
30	0.333497	0.0166316	0.0116687	0.00206962	0.00594306	0.315219	0.00274878	0.00662211	0.00182101	0.0248428	0.0101867	0.0149397	0.00644066	0.0053763	0.00696711	0.16424	0.0462296	0.0141477	0.000845252	0.00956313
31	0.0548553	0.00769641	0.00784188	0.00462309	0.00107322	0.823824	0.00711754	0.001429	0.00187925	0.00443147	0.00153519	0.0200462	0.0068364	0.00079456	0.00966652	0.0375928	0.00516793	0.00209667	0.000366729	0.00112543
32	0.028448	0.00650231	0.000411966	0.00230344	0.0295845	0.00436236	0.00174649	0.301637	0.00432145	0.244817	0.0663484	0.00287889	0.00516303	0.00187892	0.00439793	0.00966982	0.0381781	0.237009	0.00447578	0.00586604
33	0.0297409	0.0170112	0.00982368	0.00953084	0.018518	0.0236554	0.0467454	0.0202667	0.00910343	0.046048	0.00377119	0.0047159	0.587299	0.00362051	0.0037599	0.0910452	0.0348116	0.0354699	0.00128079	0.00378225
34	0.0984466	0.0179565	0.125222	0.265217	0.0549761	0.00874131	0.0112848	0.00919696	0.00993678	0.0656294	0.0118167	0.0308362	0.0106512	0.0599965	0.0255482	0.0570626	0.0320128	0.0393102	0.00147542	0.0646828
35	0.017377	0.0090375	0.000401158	0.00268321	0.0196883	0.00256219	0.000578395	0.326977	0.000673752	0.0966959	0.026736	0.00125603	0.00459959	0.00110714	0.00117531	0.00794043	0.0202096	0.458109	0.000831095	0.00136045
36	0.0382853	0.0183481	0.0142757	0.0134264	0.0205566	0.0120161	0.00964014	0.186834	0.075444	0.0994416	0.117612	0.0268899	0.00532388	0.0521035	0.0761435	0.0409603	0.0711995	0.100508	0.00582182	0.0151694
37	0.35818	0.0646322	0.00102814	0.00184062	0.00325384	0.0547184	0.00233336	0.0125285	0.00063577	0.0148895	0.00406885	0.00645363	0.0243886	0.000740643	0.00078753	0.236323	0.129163	0.0822382	0.000421647	0.00137427
38	0.0270886	0.00241181	0.00444651	0.00134037	0.220419	0.00345444	0.015403	0.0157329	0.000969324	0.027829	0.0229361	0.0111174	0.00167018	0.0010929	0.00481025	0.0238489	0.0436085	0.0362891	0.0103401	0.525192
39	0.0290161	0.00950545	0.00271954	0.00194424	0.0669608	0.00771201	0.0156204	0.129982	0.00189568	0.49051	0.072493	0.00214445	0.0032424	0.0139561	0.00431481	0.0126057	0.0241275	0.0920667	0.00569306	0.0134909
40	0.0712468	0.026993	0.156546	0.0342821	0.0203298	0.0265769	0.0195346	0.0241683	0.0155265	0.0357027	0.0180352	0.180558	0.0186379	0.0275383	0.0232663	0.0845879	0.132078	0.056295	0.00538703	0.0227098
41	0.0832249	0.0443977	0.000415751	0.00173001	0.051491	0.0199309	0.00112628	0.20217	0.00137984	0.166779	0.0492822	0.00162691	0.00308261	0.00197819	0.000815931	0.0413767	0.0638921	0.253795	0.00628693	0.00521799
42	0.0634135	0.0157749	0.000697946	0.00126353	0.150906	0.0193855	0.00906143	0.116432	0.00498707	0.327662	0.0734307	0.00221461	0.00222287	0.00537071	0.0102941	0.0172456	0.0393126	0.0954764	0.0202827	0.0245656
43	0.0888741	0.0150524	0.0543915	0.0410762	0.016808	0.108112	0.0119659	0.00821127	0.0656452	0.0200905	0.0127519	0.0666702	0.00156375	0.0213981	0.173426	0.202399	0.0553527	0.0182269	0.00577298	0.012211
44	0.0452004	0.0224405	0.000348726	0.000346884	0.166627	0.0147433	0.00329227	0.193957	0.000289812	0.324622	0.0349162	0.000537225	0.0119865	0.000648157	0.0018804	0.0064595	0.0171407	0.133981	0.00933053	0.0112521
45	0.0171082	0.00998436	0.00441984	0.0277948	0.00956846	0.0313828	0.0084541	0.0072411	0.213784	0.031046	0.0163084	0.00595201	0.00584925	0.0546227	0.500194	0.0293668	0.00696712	0.00824526	0.00520088	0.00650978
46	0.180507	0.0501141	0.00876438	0.00652019	0.0148357	0.0222992	0.008617	0.0239845	0.00426462	0.0251967	0.013342	0.120035	0.00705069	0.0360726	0.00676327	0.0361402	0.265981	0.128352	0.00448318	0.0366761
47	0.0451322	0.0150708	0.000479035	0.000354747	0.106375	0.0107467	0.00275613	0.146226	0.000282969	0.452733	0.0652322	0.000594502	0.00288415	0.00294734	0.00207751	0.00737327	0.0130806	0.116701	0.00329797	0.00565447
48	0.0458176	0.0252203	0.000409924	0.000783683	0.166608	0.0156445	0.00313943	0.200376	0.000400935	0.271284	0.0304064	0.000614663	0.0104684	0.000501599	0.0014128	0.00839982	0.0187663	0.171149	0.0143886	0.0142076
49	0.198335	0.066397	0.00207041	0.00552843	0.0218627	0.0239684	0.00180858	0.10204	0.00230053	0.0254239	0.0113571	0.0039599	0.0020093	0.00351007	0.00253904	0.0946704	0.137411	0.286415	0.00275061	0.00564252
50	0.0521204	0.0149467	0.0554276	0.080283	0.0151065	0.0297168	0.0298497	0.0240742	0.113949	0.0319495	0.0203997	0.0463314	0.00995858	0.0851486	0.15523	0.0968016	0.0858757	0.0284122	0.00535581	0.0190632
51	0.113103	0.028662	0.000996787	0.00187599	0.0315187	0.0147092	0.00218619	0.182294	0.00144464	0.0699081	0.0332679	0.00500639	0.00117892	0.00326481	0.0013086	0.062996	0.131436	0.305542	0.00371135	0.00558929
52	0.0825904	0.044067	0.000300143	0.000439026	0.112944	0.0298829	0.000708571	0.191202	0.000717615	0.23116	0.0348168	0.000501937	0.0059747	0.00123573	0.000970059	0.0262541	0.0397819	0.183192	0.00729867	0.0059629
53	0.415881	0.0170711	0.00374355	0.00124584	0.00393068	0.24464	0.00174362	0.00412733	0.00221138	0.0170753	0.00811544	0.0160883	0.00265486	0.00355774	0.00487503	0.190429	0.0400605	0.011407	0.000831684	0.0103114
54	0.0566695	0.0321888	0.000501462	0.00109993	0.0132947	0.00656993	0.00166049	0.224981	0.00152884	0.0983972	0.0477801	0.00426879	0.00109398	0.00199234	0.00121121	0.0517608	0.12964	0.317547	0.00338149	0.00443311
55	0.0529781	0.0262384	0.000355609	0.000542562	0.0147305	0.00585948	0.00179293	0.232845	0.000913686	0.0717606	0.0378115	0.00497661	0.000404087	0.00198455	0.000591517	0.0440269	0.128831	0.364952	0.00385255	0.00455228
56	0.0865751	0.246722	0.00273718	0.00338473	0.314076	0.0359447	0.00306966	0.0086117	0.00295787	0.17758	0.0203155	0.00437597	0.00281753	0.0041531	0.00305886	0.0263808	0.0384435	0.0116613	0.00223486	0.00489947
57	0.363889	0.0653072	0.000928146	0.00195358	0.00320483	0.0472293	0.00227235	0.0111981	0.000537631	0.0129439	0.00178112	0.00600275	0.027196	0.000717621	0.000720638	0.229824	0.134775	0.0878631	0.000423821	0.00123208
58	0.0705442	0.0396744	0.00211167	0.00277321	0.0346572	0.00814046	0.00159049	0.193468	0.00164111	0.06487	0.0324659	0.00705051	0.00729624	0.00476156	0.00143531	0.0488645	0.107238	0.346752	0.005248	0.0194167
59	0.235294	0.048189	0.00249226	0.00176134	0.0071348	0.0777296	0.00292049	0.0393937	0.00216072	0.0632	0.0242523	0.00792649	0.00202365	0.00234266	0.00214525	0.343183	0.0647738	0.0693087	0.00119399	0.00257362
60	0.407633	0.0173828	0.0033773	0.000808786	0.00171184	0.284423	0.000853974	0.00258121	0.00143266	0.0187875	0.00765117	0.0138755	0.00106635	0.002998	0.00407042	0.175237	0.0371917	0.0075791	0.000520001	0.0108188
61	0.0522737	0.0076588	0.0082957	0.00460044	0.00139343	0.823491	0.00719092	0.00166285	0.00195099	0.00501423	0.00154252	0.0212266	0.00683422	0.000749097	0.0101353	0.0367979	0.00546247	0.00232817	0.000363154	0.00102808
62	0.0340234	0.0112851	0.00118411	0.000391139	0.0642392	0.0066073	0.00319524	0.125655	0.000379362	0.525883	0.0872042	0.00074348	0.00104359	0.00651946	0.00194717	0.00804684	0.0138551	0.101555	0.00205611	0.00418615
63	0.088168	0.0894027	0.00169178	0.00511437	0.0586142	0.0272801	0.00280276	0.151381	0.00168048	0.098203	0.0466318	0.00276189	0.142815	0.0111035	0.00239758	0.0555844	0.0772376	0.106866	0.0118563	0.0184075
64	0.10218	0.0698952	0.000702135	0.00324369	0.0255839	0.024692	0.00120216	0.176754	0.00221738	0.10661	0.0365462	0.00191094	0.00385599	0.00231753	0.00139793	0.0417253	0.0916271	0.299356	0.00276668	0.0054169
65	0.0436549	0.00794057	0.0176055	0.0127675	0.00274176	0.787394	0.0104801	0.00288664	0.00479322	0.00625629	0.00266432	0.0229079	0.0083577	0.00484888	0.0144282	0.0366322	0.00677941	0.00396572	0.000527181	0.00236767
66	0.0812823	0.0143869	0.0343591	0.0511165	0.00946556	0.00950793	0.0608149	0.0289738	0.0593465	0.0396289	0.00934001	0.0419772	0.0445927	0.108626	0.0816341	0.148778	0.109453	0.0390747	0.00862454	0.0190179
67	0.0999519	0.0299557	0.11027	0.233906	0.0570492	0.0115655	0.0161261	0.0149738	0.0121841	0.0582437	0.0154621	0.0308793	0.0109443	0.062142	0.023466	0.0634356	0.0397274	0.039035	0.00243306	0.0682491
68	0.109712	0.0149182	0.00718591	0.00410546	0.00318485	0.688881	0.00627973	0.0047753	0.00179446	0.00739826	0.00288401	0.0173842	0.0123168	0.00162505	0.00850549	0.0664536	0.0236839	0.0165985	0.000501161	0.00181203
69	0.0767459	0.0227519	0.0142562	0.0137385	0.0164948	0.0281996	0.0511257	0.0195911	0.0102631	0.0404609	0.00755414	0.0161249	0.412015	0.0127708	0.0179534	0.104967	0.0849641	0.0365605	0.00320855	0.0102543
70	0.0373886	0.0119042	0.00127545	0.000375457	0.068922	0.00764059	0.00307691	0.121263	0.000359188	0.530275	0.0785919	0.000660081	0.00128173	0.00634736	0.00209023	0.00868606	0.0149893	0.0983219	0.00225359	0.00429731
71	0.0313185	0.0137822	0.00052996	0.00230788	0.0236116	0.00443417	0.00108119	0.307654	0.000807569	0.1043	0.0410268	0.00194899	0.00373722	0.00159878	0.00126706	0.0128686	0.0345818	0.407755	0.00151371	0.00387499
72	0.0763927	0.0270508	0.0199814	0.021151	0.029389	0.0279888	0.105765	0.0408186	0.0145233	0.117373	0.0254038	0.0244025	0.0339907	0.0303403	0.0230775	0.178439	0.0690706	0.0980559	0.00726123	0.0295248
73	0.0866174	0.0929357	0.00127345	0.00719001	0.0383841	0.0276848	0.00253975	0.190338	0.00167094	0.0967598	0.062115	0.00487943	0.0784537	0.00510631	0.00162609	0.0763468	0.106252	0.0901817	0.00339805	0.0262473
74	0.0427925	0.00750925	0.00803346	0.00475417	0.00107262	0.841951	0.00728305	0.00138434	0.00190424	0.00384394	0.00126751	0.0203686	0.00706035	0.000655231	0.00990147	0.0330981	0.00394768	0.00202104	0.000364163	0.000786857
75	0.635629	0.00844556	0.000454953	0.000430011	0.000957534	0.0633405	0.000490657	0.00163564	0.00464279	0.0021069	0.00128253	0.00324717	0.000582637	0.000589557	0.00427284	0.241262	0.0172011	0.0120776	0.000346403	0.00100494
76	0.100307	0.0572807	0.000651272	0.00278392	0.0359025	0.0232721	0.00100918	0.242612	0.00139075	0.154272	0.0603109	0.00095405	0.00562688	0.00172103	0.000874793	0.0141995	0.0198179	0.270659	0.0019746	0.00438022
77	0.0170949	0.00885013	0.000405055	0.00257844	0.0205082	0.00263254	0.000576812	0.333362	0.000634921	0.0991024	0.0268963	0.00116419	0.00468477	0.00116003	0.00123328	0.00715356	0.0185674	0.451346	0.000775454	0.00127385
78	0.0917979	0.0081049	0.00771963	0.00425152	0.00127186	0.768637	0.00638499	0.0017273	0.00204916	0.0062762	0.0022479	0.0193462	0.00578129	0.00144898	0.00911966	0.0490885	0.00952229	0.00284995	0.000393165	0.00198164
79	0.392068	0.0169566	0.0038365	0.000920651	0.00281683	0.294308	0.0012533	0.00291389	0.00129871	0.020886	0.00971893	0.0167621	0.00141362	0.00352482	0.00430966	0.165151	0.0414044	0.00723868	0.000669496	0.0125496
80	0.151214	0.0215907	0.0123274	0.037154	0.0166666	0.176908	0.0168615	0.0605475	0.0114172	0.0576383	0.0210067	0.0245538	0.00998953	0.078033	0.0185761	0.124311	0.0898836	0.0547306	0.0039633	0.0126276
81	0.0207356	0.00136208	0.000354954	0.00275781	0.030201	0.0023156	0.00249501	0.267376	0.00233628	0.310682	0.0717148	0.0030413	0.00279672	0.00119972	0.00267885	0.00778509	0.0382895	0.217391	0.00599373	0.00849194
82	0.195953	0.0158352	0.0301712	0.00424708	0.0329439	0.136077	0.0111251	0.0183007	0.00358371	0.0556892	0.0133436	0.0126508	0.0625189	0.00965329	0.010807	0.206358	0.112525	0.0578049	0.00250056	0.00791197
83	0.0830964	0.00936554	0.0410006	0.0573659	0.00806647	0.00709323	0.0609463	0.0204913	0.0530712	0.0316823	0.00775689	0.0477571	0.0318777	0.119296	0.0866082	0.166275	0.105705	0.0334442	0.0103905	0.0187103
84	0.195034	0.014068	0.0304543	0.00732809	0.0584964	0.269826	0.00489362	0.0389007	0.00517782	0.0924398	0.0332031	0.00818427	0.0116528	0.0125781	0.0405296	0.0630613	0.0500563	0.0528674	0.00431789	0.00692978
85	0.0184888	0.0101264	0.0047592	0.0302989	0.0109921	0.0353282	0.00966083	0.00796224	0.207029	0.0310215	0.0161133	0.00645998	0.00573225	0.0564704	0.490808	0.0289812	0.00753302	0.00931429	0.00641018	0.00651016
86	0.00883729	0.0130785	0.507072	0.0666868	0.00466289	0.00437205	0.00318008	0.00483607	0.0101135	0.0157226	0.00398546	0.188493	0.0275315	0.00330687	0.00245949	0.0499133	0.0651452	0.00718737	0.00131291	0.0121028
87	0.0643074	0.0228865	0.000476837	0.0013048	0.190361	0.0213575	0.00885988	0.130961	0.00400449	0.251889	0.0513308	0.00239986	0.00527693	0.00299516	0.00629873	0.0223042	0.0393684	0.111846	0.0264326	0.0353382
88	0.0186016	0.00950792	0.000393093	0.002386	0.0191162	0.00258155	0.000657259	0.324717	0.000734557	0.0968459	0.0281352	0.00163135	0.00426951	0.00111378	0.00126138	0.00946442	0.0265604	0.449479	0.000898686	0.00164522
89	0.362347	0.0663171	0.00102077	0.00197228	0.00315167	0.0464033	0.00223643	0.0114144	0.000503591	0.0131539	0.00181537	0.00619491	0.027598	0.000737669	0.00077419	0.22934	0.135191	0.0882158	0.000431068	0.00118209
90	0.540227	0.0248592	0.00626305	0.00156151	0.00362235	0.118865	0.00169865	0.0537239	0.0114342	0.0180985	0.0315189	0.00247126	0.0104292	0.00251439	0.0119542	0.0652977	0.018727	0.073084	0.00104484	0.00260524
91	0.0424595	0.00772814	0.00815812	0.00476134	0.00146957	0.840812	0.00725666	0.00142808	0.00191137	0.00397716	0.00141462	0.0204717	0.00709837	0.000708023	0.00988226	0.032954	0.00399815	0.00232197	0.000367173	0.000822139
92	0.340377	0.0415745	0.00411245	0.00272596	0.0200685	0.0850732	0.00306143	0.0461383	0.00463178	0.0564193	0.0210698	0.0056187	0.0111389	0.00333607	0.00559031	0.14525	0.0825704	0.114901	0.00214375	0.00419877
93	0.359208	0.0152919	0.00654738	0.00481116	0.00680718	0.302401	0.00197569	0.0122044	0.00277316	0.034852	0.0115534	0.0127316	0.0039171	0.0166276	0.00758765	0.133132	0.0375769	0.0192718	0.00108426	0.00964614
94	0.359563	0.065472	0.00128527	0.00303385	0.00405761	0.0466464	0.00250206	0.0150976	0.000892352	0.0154431	0.00471507	0.00879271	0.0238616	0.00144471	0.000994079	0.22807	0.130415	0.0851744	0.000553703	0.00198505
95	0.0580764	0.00818954	0.0084014	0.00511541	0.00278552	0.80147	0.00720841	0.00385282	0.00199097	0.010057	0.00279002	0.0195272	0.00678959	0.00137315	0.0102892	0.0375407	0.0075209	0.00468533	0.000663245	0.00167294
96	0.032701	0.0100868	0.000732796	0.00200235	0.0272429	0.00664639	0.0019444	0.316253	0.00261995	0.178256	0.0668341	0.00164182	0.0035536	0.00589986	0.00410854	0.00825047	0.0248222	0.300977	0.0019246	0.00350253
97	0.635629	0.00844556	0.000454953	0.000430011	0.000957534	0.0633405	0.000490657	0.00163564	0.00464279	0.0021069	0.00128253	0.00324717	0.000582637	0.000589557	0.00427284	0.241262	0.0172011	0.0120776	0.000346403	0.00100494
98	0.569168	0.0213795	0.000510322	0.000829299	0.00156176	0.0578566	0.000807258	0.00453805	0.00330038	0.00593141	0.0019751	0.0038616	0.00646664	0.000611823	0.0029903	0.239096	0.045654	0.0321082	0.000341583	0.00101253
99	0.501147	0.0181929	0.00330478	0.00106936	0.00286313	0.144894	0.00119068	0.0176807	0.00602691	0.0152032	0.0127168	0.00591815	0.00559327	0.00197206	0.00726747	0.175103	0.0343543	0.0411614	0.000542666	0.00379804
100	0.0750743	0.0435021	0.00659874	0.00685488	0.239658	0.0619609	0.0160152	0.0696104	0.00687835	0.157576	0.0403102	0.0106621	0.00869347	0.00858311	0.0100276	0.0404615	0.0491472	0.0727426	0.0228686	0.052775
101	0.0534042	0.0088512	0.0139583	0.00764045	0.00258381	0.753817	0.00886861	0.0021748	0.00692537	0.00594517	0.00258194	0.0268722	0.00637401	0.00305804	0.023573	0.0563395	0.0104954	0.00358658	0.000718607	0.00223213
102	0.61306	0.0110218	0.000521913	0.000475049	0.00116214	0.0629625	0.000648765	0.00279445	0.00441832	0.00397673	0.00179402	0.00344531	0.0014107	0.000614417	0.00386035	0.247336	0.0220883	0.0170305	0.00034613	0.00103242
103	0.03357	0.0188855	0.0098743	0.00951847	0.0189332	0.0250294	0.0441278	0.0213242	0.00926473	0.0479676	0.00410461	0.00406608	0.579931	0.00367342	0.00379581	0.0886711	0.0344576	0.0376334	0.00142037	0.00375133
104	0.0186065	0.00723717	0.000381036	0.00230222	0.0216828	0.00277712	0.000864804	0.339899	0.00120017	0.12939	0.0362536	0.00154201	0.00437556	0.0011113	0.00198094	0.00713926	0.0222239	0.397335	0.00151385	0.00218348
105	0.0438053	0.00754301	0.00851553	0.00510552	0.00124469	0.833264	0.00727768	0.00144474	0.00261316	0.00413254	0.00138339	0.0206537	0.00693749	0.000879503	0.0116843	0.0352861	0.00453271	0.00230506	0.000440487	0.000951275
106	0.0540827	0.0347297	0.000775833	0.00147965	0.0124907	0.0056022	0.00171808	0.220767	0.00311683	0.167276	0.074553	0.00331574	0.00253024	0.00245734	0.00307856	0.0484681	0.118254	0.23696	0.00291893	0.00542614
107	0.0234592	0.00780326	0.00213648	0.000600191	0.0355027	0.00356229	0.00404888	0.115744	0.000577509	0.580373	0.0922995	0.00126252	0.00132021	0.00820706	0.00194643	0.00743672	0.0174561	0.0888487	0.00307106	0.00434418
108	0.0371061	0.0102704	0.00095761	0.00226122	0.331462	0.00613891	0.03907	0.0702588	0.00499809	0.148164	0.0432106	0.00440641	0.00847162	0.0112392	0.00635886	0.0192218	0.0353545	0.0614361	0.0237819	0.135832
109	0.314059	0.0672954	0.00146265	0.00350123	0.010256	0.0437392	0.00196568	0.0369146	0.000709543	0.0173663	0.00743953	0.00555123	0.0160511	0.00106752	0.000945241	0.200089	0.129902	0.139604	0.000506323	0.00157413
110	0.040871	0.0126841	0.000585354	0.000485402	0.0887069	0.00931823	0.00302898	0.15665	0.00037551	0.441605	0.078462	0.000963209	0.00214678	0.00355177	0.00199102	0.0077937	0.0154974	0.126953	0.00288886	0.00544096
111	0.0708649	0.0155721	0.0899937	0.248682	0.0301909	0.0262294	0.0294965	0.0214485	0.0349651	0.047974	0.0146919	0.0377393	0.0166848	0.0646737	0.0465537	0.0849009	0.0446938	0.0370844	0.00366769	0.0338928
112	0.0584973	0.00988389	0.114397	0.245886	0.028557	0.0184039	0.032396	0.0129132	0.052724	0.0582101	0.0108925	0.0442735	0.00837025	0.0831283	0.0677743	0.0585368	0.0317044	0.0288018	0.00209605	0.032554
113	0.450925	0.0266232	0.0160218	0.00228165	0.0089137	0.141619	0.00276682	0.0527892	0.00961523	0.0335802	0.043633	0.00364199	0.00818565	0.00387731	0.013095	0.0591732	0.0202395	0.0972721	0.00193285	0.00381399
114	0.336605	0.0651852	0.00112197	0.0017475	0.00386309	0.0478109	0.00298846	0.0161142	0.00075099	0.0181353	0.00714234	0.00659194	0.0211399	0.000886274	0.000759404	0.262983	0.127298	0.0772275	0.000397051	0.00125121
115	0.134716	0.0126056	0.0292782	0.00652045	0.0104393	0.035646	0.0148994	0.0155467	0.00317362	0.0256618	0.0113612	0.0239302	0.0298748	0.0131032	0.0117214	0.326221	0.241997	0.0398856	0.00133074	0.0120879
116	0.0321167	0.0095726	0.00362021	0.00374397	0.345324	0.00930172	0.0657668	0.0510948	0.00409395	0.109137	0.0292733	0.00707405	0.00808876	0.0115473	0.00682359	0.0382841	0.0383952	0.051171	0.0364974	0.139074
117	0.0310032	0.00890286	0.00121682	0.00246022	0.363987	0.00706326	0.0482176	0.0637855	0.00457281	0.138487	0.0357913	0.00500485	0.00801188	0.0111754	0.00638637	0.0205438	0.0334247	0.0511257	0.0321955	0.126645
118	0.0757087	0.0216961	0.0609193	0.0140689	0.00603021	0.0415513	0.0512775	0.00824311	0.011227	0.0189489	0.00543933	0.0628576	0.0511305	0.0238264	0.0541757	0.353325	0.08839	0.020611	0.00340955	0.0271642
119	0.0888741	0.0150524	0.0543915	0.0410762	0.016808	0.108112	0.0119659	0.00821127	0.0656452	0.0200905	0.0127519	0.0666702	0.00156375	0.0213981	0.173426	0.202399	0.0553527	0.0182269	0.00577298	0.012211
120	0.0398236	0.00922862	0.0015703	0.00112926	0.068486	0.00875026	0.0117102	0.125365	0.00169211	0.462814	0.0823211	0.00178827	0.00122532	0.0212426	0.00426638	0.0199044	0.0303509	0.0957	0.00367126	0.00896059
121	0.190591	0.0496688	0.00249165	0.0102376	0.0104557	0.0617796	0.0058311	0.0896438	0.00352664	0.068565	0.0563941	0.0218004	0.00466602	0.0065548	0.00229179	0.209967	0.126623	0.0700843	0.00105488	0.00777255
122	0.061672	0.0681456	0.0102691	0.0099523	0.0734159	0.114545	0.0107787	0.0471051	0.0099584	0.187829	0.032233	0.0135649	0.00970895	0.0109983	0.0547927	0.0407362	0.0855595	0.0493669	0.0859019	0.0234671
123	0.0189887	0.0126724	0.0102122	0.0266767	0.0140471	0.0252384	0.0099907	0.0209123	0.195148	0.0371994	0.0334796	0.0163545	0.00583528	0.065288	0.405468	0.0379812	0.0276051	0.0154187	0.00525858	0.0162243
124	0.0847971	0.0387621	0.00064145	0.0028244	0.0146878	0.0111835	0.00201116	0.203212	0.00195856	0.0741797	0.0428299	0.00364354	0.00165911	0.0026519	0.00140346	0.0642223	0.156688	0.284902	0.00323333	0.00450876
125	0.0799317	0.0509312	0.000986888	0.0023443	0.0269288	0.0130148	0.00154384	0.198909	0.00388811	0.203798	0.0824043	0.00189465	0.0058723	0.00219468	0.00373024	0.064116	0.100539	0.146776	0.00285857	0.00733772
126	0.0526494	0.0259123	0.000351842	0.000518653	0.014822	0.00579966	0.0018331	0.233433	0.000915863	0.0722606	0.0382827	0.00503112	0.000364364	0.00194272	0.000560084	0.044502	0.128972	0.36343	0.00384984	0.00456869
127	0.365055	0.0659083	0.000880709	0.00197529	0.00313414	0.0470397	0.00218076	0.0111258	0.00053155	0.012786	0.00167738	0.00596259	0.0274316	0.000691114	0.000702546	0.228993	0.134478	0.0878574	0.000422764	0.00116705
128	0.192881	0.0383361	0.0131499	0.00286925	0.0314337	0.0316241	0.00325916	0.0341727	0.00188256	0.0487778	0.0529517	0.00803169	0.00489288	0.00570917	0.00247674	0.247893	0.201447	0.0708799	0.00147356	0.00585751
129	0.0824568	0.0203429	0.000861062	0.00320013	0.215667	0.0281902	0.0104174	0.0771482	0.0100376	0.189188	0.0644327	0.00500181	0.00215117	0.00276639	0.0143443	0.0278906	0.0654416	0.0669456	0.0500598	0.0634565
130	0.109175	0.0459925	0.00781814	0.00233173	0.0930258	0.0101028	0.00294619	0.118856	0.00225744	0.0394304	0.0144486	0.0187922	0.00180048	0.0102539	0.00301275	0.0722545	0.120954	0.286217	0.0137493	0.0265814
131	0.115173	0.0355462	0.00153484	0.00233651	0.0977194	0.0329956	0.0016369	0.11149	0.00222459	0.202837	0.054497	0.00251047	0.00286669	0.00482123	0.00177337	0.0734347	0.112622	0.131059	0.00651259	0.00640912
132	0.0829669	0.00929542	0.0417799	0.0587068	0.00841741	0.0073131	0.0609741	0.020662	0.054556	0.0317167	0.00776836	0.0479932	0.0309021	0.121096	0.0870086	0.162774	0.104106	0.0334284	0.0100482	0.0184871
133	0.0706163	0.0366593	0.000349352	0.000490567	0.156342	0.0283084	0.00147147	0.147904	0.00133245	0.253829	0.0376558	0.000811279	0.00628474	0.00137604	0.00172991	0.035087	0.0441556	0.144525	0.0181308	0.0129404
134	0.0447725	0.0267994	0.00034354	0.000357844	0.177216	0.0158845	0.00256819	0.200662	0.000315478	0.284062	0.0276903	0.000542837	0.0127278	0.000479197	0.00139523	0.0088082	0.0203197	0.147689	0.0135027	0.0138641
135	0.0232507	0.00823286	0.047856	0.0352757	0.047043	0.0113484	0.0105138	0.0642936	0.0979118	0.0732085	0.107952	0.110967	0.0039855	0.0796648	0.139934	0.0605106	0.0261456	0.0220771	0.0186524	0.0111771
136	0.0834183	0.0101365	0.0401615	0.0563585	0.008366	0.00905369	0.0585236	0.0207385	0.0535748	0.0325349	0.00799426	0.0482857	0.0310771	0.115599	0.0873462	0.167593	0.10752	0.0329168	0.0100629	0.0187401
137	0.0975644	0.0247729	0.167361	0.204526	0.0416842	0.00986401	0.0248942	0.00907369	0.00560568	0.0462393	0.0211843	0.0376209	0.0105681	0.0572544	0.0161513	0.0768153	0.0499169	0.0306453	0.00235638	0.0659017
138	0.0407304	0.0200117	0.000357671	0.000468532	0.150297	0.0133106	0.00283321	0.206802	0.000447571	0.323398	0.0381471	0.00078622	0.0096457	0.000770567	0.00177051	0.00670125	0.0174922	0.145433	0.00934761	0.011249
139	0.0749016	0.0362511	0.000336622	0.000482265	0.116663	0.0223734	0.001603	0.216596	0.000487665	0.255678	0.035785	0.000621073	0.0110893	0.00101935	0.00157981	0.0109405	0.0240158	0.175929	0.00671339	0.0069335
140	0.0449698	0.0268203	0.000340965	0.000354891	0.176539	0.0158983	0.00259883	0.199484	0.000321972	0.284347	0.0281983	0.000537204	0.0128541	0.000496229	0.00141242	0.00877156	0.0202597	0.148676	0.0134571	0.0136634
141	0.125497	0.00661741	0.00318747	0.00301237	0.218715	0.0166836	0.0233011	0.0247636	0.00453755	0.0642074	0.0380346	0.0142209	0.0107817	0.00696021	0.00651276	0.0574757	0.0658195	0.0467658	0.0113835	0.251522
142	0.0779696	0.0228213	0.0006754	0.000854976	0.0424969	0.0118956	0.00227779	0.29693	0.000845524	0.16422	0.145783	0.00153096	0.00284117	0.00396556	0.00122181	0.00637153	0.0131621	0.201049	0.00147678	0.00161089
143	0.0540419	0.0186865	0.000277079	0.000316243	0.121265	0.014391	0.00211987	0.167808	0.000246969	0.402396	0.0527377	0.00057131	0.00415602	0.00125547	0.00221792	0.00650557	0.0137469	0.127125	0.00397609	0.00615902
144	0.025688	0.00434575	0.000575249	0.00154672	0.0441456	0.00619842	0.00288939	0.263514	0.00158142	0.304833	0.114682	0.00422521	0.00212625	0.00296289	0.00248614	0.00700065	0.0272544	0.174365	0.00377148	0.00580876
145	0.417703	0.0162776	0.00331105	0.000791197	0.00250925	0.272077	0.00110812	0.00266578	0.00181587	0.0174615	0.00809771	0.0138532	0.00124136	0.00301779	0.00406297	0.176472	0.0366814	0.00798096	0.000721937	0.0121505
146	0.0982999	0.0600968	0.00059026	0.00264886	0.038831	0.0236905	0.000747445	0.234984	0.00130741	0.161225	0.0483138	0.000850595	0.00629123	0.00146636	0.000752075	0.0131593	0.0212025	0.279648	0.001863	0.00403148
147	0.173717	0.109827	0.00320168	0.00377304	0.0216043	0.0962004	0.00392777	0.0509315	0.00322954	0.0811364	0.0487339	0.0138586	0.00470416	0.00464173	0.00426739	0.219496	0.093139	0.0536093	0.00281115	0.0071909
148	0.0446096	0.00749412	0.00803439	0.00470147	0.00105811	0.839681	0.00725713	0.00137157	0.00190405	0.00394884	0.00126807	0.0201934	0.00702052	0.000659814	0.00979765	0.0335594	0.00419386	0.00203329	0.000360523	0.000853589
149	0.0601604	0.0243945	0.000494454	0.000752343	0.078302	0.0127912	0.00159496	0.164948	0.000458259	0.403825	0.0683286	0.000602531	0.00228578	0.00296667	0.00154574	0.0103912	0.013803	0.146496	0.0020369	0.00382156
150	0.102613	0.0381496	0.000319534	0.000416144	0.132562	0.0429451	0.00130168	0.0987394	0.0019915	0.256206	0.0488178	0.000501383	0.00143683	0.00480687	0.00124678	0.0679978	0.0649141	0.122268	0.00775489	0.00501096
151	0.399179	0.0179382	0.00389516	0.00139119	0.0025808	0.252791	0.00184333	0.00494725	0.00231052	0.0166241	0.00700737	0.0123263	0.00307359	0.00253642	0.00528553	0.20674	0.0369246	0.0146592	0.000563741	0.00738303
152	0.518712	0.0176164	0.00617764	0.00161269	0.00397875	0.13506	0.00177209	0.0494608	0.0131845	0.0199251	0.032332	0.00222679	0.00770889	0.00254004	0.0146073	0.0782041	0.01532	0.0760161	0.000934601	0.00261056
153	0.075138	0.0281993	0.000309233	0.000352347	0.137757	0.0246937	0.0021754	0.145933	0.0012705	0.327106	0.0494983	0.000928811	0.00444142	0.00184673	0.00393836	0.018212	0.0329703	0.122041	0.0120915	0.0110961
154	0.0295466	0.00841668	0.00165615	0.00160884	0.372654	0.00476041	0.0515079	0.0573126	0.00405293	0.124363	0.0332973	0.00551866	0.00791978	0.0113883	0.00593215	0.0231694	0.0318906	0.0489492	0.0309425	0.145113
155	0.0593004	0.0560484	0.0348527	0.00610872	0.0174322	0.0446565	0.00643802	0.0299781	0.00581764	0.0255981	0.0139948	0.104574	0.00714867	0.0113788	0.00635951	0.0296562	0.20338	0.317712	0.00490385	0.0146615
156	0.114666	0.0451115	0.0146883	0.00325929	0.0910743	0.053789	0.0573234	0.0575421	0.0409163	0.022602	0.0209532	0.0564689	0.00335533	0.0797906	0.0449716	0.127073	0.0112161	0.066727	0.0136853	0.0747871
157	0.0171082	0.00998436	0.00441984	0.0277948	0.00956846	0.0313828	0.0084541	0.0072411	0.213784	0.031046	0.0163084	0.00595201	0.00584925	0.0546227	0.500194	0.0293668	0.00696712	0.00824526	0.00520088	0.00650978
158	0.0306489	0.00768183	0.000631804	0.00212928	0.081388	0.00648465	0.00817975	0.213597	0.00130937	0.298247	0.0787678	0.00149475	0.0044027	0.00322371	0.00239149	0.00684078	0.0229055	0.205288	0.0103724	0.0140156
159	0.070551	0.0203544	0.000368577	0.000341288	0.103759	0.0209396	0.00170438	0.127957	0.000684126	0.398319	0.0646736	0.000534368	0.00149501	0.0036989	0.00163651	0.0270017	0.0282103	0.120356	0.00365715	0.0037577
160	0.071364	0.015621	0.114405	0.24038	0.0363818	0.0142959	0.0306841	0.0129522	0.0281025	0.0791894	0.0143414	0.0369006	0.00899326	0.0775712	0.0398534	0.0652473	0.0337374	0.0315169	0.00213472	0.046328
161	0.35603	0.0674793	0.00107531	0.00205788	0.00356076	0.0442692	0.00225651	0.0124479	0.000585608	0.0138255	0.00209241	0.00578116	0.0318211	0.000936671	0.000786503	0.220274	0.132282	0.100562	0.000516037	0.00136046
162	0.0982607	0.0605544	0.000578813	0.00266814	0.0392669	0.0237776	0.000732877	0.233725	0.00132056	0.162253	0.0478337	0.000826677	0.00637572	0.00146232	0.000729917	0.0132985	0.0216772	0.278613	0.00190375	0.00414082
163	0.0551819	0.0191301	0.000274657	0.000305339	0.11797	0.0143823	0.00190599	0.160891	0.000241411	0.410427	0.054133	0.000538726	0.0038149	0.0014442	0.0020754	0.00718558	0.0141695	0.126306	0.00377145	0.00585057
164	0.0320079	0.0136751	0.000391933	0.00211066	0.0389925	0.0069143	0.00126852	0.322499	0.000798486	0.138086	0.0375269	0.00110665	0.00504953	0.00127537	0.00140999	0.00719172	0.0179287	0.366727	0.00219141	0.0028488
165	0.208102	0.0712159	0.00219606	0.00138182	0.00692121	0.0733223	0.00231925	0.0463875	0.00112682	0.0529256	0.0365889	0.0103888	0.0026253	0.00139439	0.00104151	0.310854	0.102195	0.0660742	0.000740512	0.00219972
166	0.104963	0.0398213	0.000274403	0.00031306	0.13015	0.0446792	0.00063828	0.10207	0.00203625	0.249801	0.0468939	0.000419437	0.00156121	0.00331794	0.00103494	0.0675861	0.0655379	0.125966	0.00783026	0.0051064
167	0.489538	0.0127404	0.00235908	0.00066848	0.00138764	0.214174	0.000731355	0.00198768	0.00216501	0.0121847	0.00507233	0.0094947	0.000804012	0.00205715	0.00440112	0.193559	0.0307237	0.00859699	0.000417926	0.00693603
168	0.123926	0.00916604	0.0241063	0.00380062	0.00730318	0.0330547	0.0152433	0.0114097	0.00116582	0.0234082	0.00655995	0.0267886	0.0327434	0.0110597	0.0100826	0.37076	0.239987	0.0355118	0.000803638	0.0131198
169	0.0199856	0.00596622	0.00218552	0.000678706	0.0306332	0.00258965	0.00368779	0.124001	0.000571755	0.591471	0.0789514	0.00123857	0.00102018	0.00862787	0.00212217	0.00670282	0.0218943	0.0900363	0.00289991	0.0047361
170	0.0731585	0.0148536	0.00104101	0.00389609	0.222884	0.024593	0.0107085	0.0773448	0.0122413	0.186695	0.0713181	0.00673675	0.00179663	0.00213666	0.0171782	0.0209373	0.0640449	0.059568	0.063967	0.0649012
171	0.032715	0.00905719	0.000752944	0.00137197	0.368581	0.0035906	0.0491337	0.0608104	0.00382824	0.145775	0.0381584	0.00405592	0.00988494	0.0146695	0.00511932	0.018552	0.0337745	0.047721	0.0227646	0.129684
172	0.128802	0.00928688	0.0268396	0.00343856	0.00771336	0.0445622	0.018646	0.0141828	0.00150163	0.0220435	0.00519485	0.0261722	0.0549968	0.0127674	0.00924143	0.361325	0.193724	0.0481039	0.000981103	0.0104767
173	0.0500467	0.031276	0.00130037	0.00142602	0.0493505	0.0109453	0.00200437	0.164445	0.00111181	0.401056	0.0673909	0.00104882	0.00396123	0.00438676	0.00181375	0.0136654	0.0245547	0.162477	0.0025375	0.00520163
174	0.104978	0.0397542	0.000264171	0.000309887	0.13016	0.0446513	0.000638487	0.102068	0.00202715	0.249963	0.046915	0.000419573	0.00155957	0.00331904	0.00103596	0.0675575	0.0655154	0.125939	0.00782323	0.00510109
175	0.0255107	0.00338344	0.000399881	0.00256888	0.0331884	0.0028407	0.00274388	0.259144	0.00223646	0.302289	0.069588	0.00293748	0.00281618	0.00151424	0.00253077	0.00889742	0.0416614	0.219549	0.00727336	0.00892632
176	0.0439113	0.00842645	0.000837266	0.00145803	0.358411	0.00443235	0.0511074	0.0624498	0.00388146	0.129892	0.0364193	0.00442097	0.00950593	0.0155315	0.00494249	0.0216961	0.0354785	0.0504142	0.0216047	0.135179
177	0.09226	0.0640905	0.000799453	0.00060629	0.133622	0.0511367	0.000758328	0.0964118	0.00175774	0.2125	0.0364902	0.000924015	0.00218226	0.00282797	0.00125319	0.0763782	0.0723815	0.137232	0.00910604	0.007281
178	0.0694098	0.0943831	0.00104243	0.0072288	0.041912	0.0221654	0.00161669	0.202979	0.00122936	0.103055	0.0620263	0.0021372	0.0998045	0.00481562	0.00128029	0.0603043	0.0924056	0.100824	0.00424781	0.0271333
179	0.0270886	0.00241181	0.00444651	0.00134037	0.220419	0.00345444	0.015403	0.0157329	0.000969324	0.027829	0.0229361	0.0111174	0.00167018	0.0010929	0.00481025	0.0238489	0.0436085	0.0362891	0.0103401	0.525192
180	0.0322422	0.00426706	0.00288976	0.0013558	0.281155	0.00372751	0.0279594	0.0327625	0.00213388	0.0750709	0.0294701	0.00767523	0.00444384	0.00552493	0.00458447	0.0210169	0.0489728	0.0404208	0.0133069	0.36102
181	0.056535	0.0315253	0.000315998	0.000326037	0.165013	0.0208957	0.00207453	0.182353	0.000480342	0.289183	0.0306536	0.000459012	0.0109601	0.000843879	0.00145041	0.0157157	0.0278387	0.141415	0.0110195	0.0109422
182	0.101977	0.0391799	0.000395529	0.000370698	0.129065	0.0438018	0.000859129	0.10165	0.00199886	0.256372	0.0491677	0.000515853	0.00152662	0.00357399	0.00113469	0.0664382	0.0649447	0.123893	0.00787965	0.00525608
183	0.210193	0.0394848	0.00561264	0.00121486	0.011794	0.0564855	0.00655969	0.0225044	0.00186701	0.0362751	0.0324801	0.0145232	0.00609726	0.00294304	0.00195449	0.3907	0.105904	0.04858	0.000867344	0.00395996
184	0.134102	0.0714425	0.0011581	0.00902951	0.0102467	0.0142436	0.0024871	0.149688	0.00376586	0.0626632	0.0274308	0.00383753	0.00331634	0.00360196	0.003167	0.0878788	0.185458	0.218231	0.00204196	0.00621054
185	0.157819	0.0210116	0.0101009	0.00579925	0.0218365	0.0343854	0.00455424	0.0213501	0.00205371	0.0381854	0.0165245	0.012427	0.016186	0.00801344	0.00373947	0.241591	0.302125	0.0639285	0.00163876	0.0167301
186	0.211576	0.00619873	0.00311756	0.00342503	0.157574	0.0394293	0.024408	0.0108279	0.00651962	0.035155	0.0380678	0.0322297	0.0248078	0.00838993	0.00832371	0.105465	0.0657633	0.0350341	0.00808975	0.175598
187	0.0422357	0.00795444	0.0117609	0.0108567	0.00207486	0.801824	0.00812132	0.00235099	0.00461311	0.00517267	0.00192878	0.0236785	0.00758149	0.00292327	0.0159353	0.0393338	0.00655914	0.00313857	0.000568941	0.00138729
188	0.0715361	0.0506225	0.00108114	0.002719	0.0112043	0.00780318	0.00180886	0.21198	0.00403642	0.180475	0.0843985	0.00262059	0.00646994	0.0024282	0.0041391	0.0682797	0.117665	0.160812	0.00222639	0.00769312
189	0.324773	0.0061395	0.00262738	0.00267308	0.0753623	0.0612522	0.0209732	0.00846501	0.0149144	0.0155358	0.0359152	0.0468788	0.0321634	0.0162957	0.0163688	0.173062	0.059107	0.0162593	0.0139444	0.0572893
190	0.0217975	0.00934998	0.000391064	0.00244186	0.0217715	0.0031739	0.000759285	0.321041	0.00107758	0.117909	0.0336909	0.00133549	0.00523518	0.00121273	0.00166426	0.00811505	0.0216871	0.424285	0.00113811	0.00192419
191	0.349714	0.0620295	0.00293657	0.00184905	0.0034581	0.0470492	0.00436073	0.0110863	0.00118397	0.0133307	0.00227334	0.00826563	0.0311491	0.00132257	0.002361	0.249883	0.12548	0.0795605	0.000491746	0.00221513
