446	20
1	0.123406	0.00118144	0.0828479	0.0412254	0.00237033	0.0503133	0.0277634	0.0110564	0.0353829	0.0234776	0.00815606	0.0517378	0.0638716	0.0372597	0.0607827	0.243271	0.103901	0.0280452	0.00126381	0.00268685
2	0.0197281	0.00663201	0.00952059	0.0018309	0.100682	0.0232703	0.00150184	0.118583	0.00435817	0.431461	0.0755345	0.00327579	0.00250153	0.00911872	0.0155265	0.00797862	0.00812209	0.121061	0.00892231	0.0303914
3	0.128447	0.00128834	0.0773182	0.0958946	0.00237278	0.0702254	0.0300363	0.00472829	0.0370623	0.0312083	0.00623196	0.0345672	0.0502522	0.0589696	0.0567673	0.195767	0.0925739	0.0173911	0.0014255	0.00747264
4	0.0562868	0.0158851	0.0022111	0.0017954	0.031539	0.00914536	0.00163197	0.20027	0.00667978	0.147235	0.0343672	0.00243529	0.00336796	0.00380582	0.00894803	0.0172448	0.0349272	0.407524	0.0057423	0.00895908
5	0.0493233	0.0084003	0.428494	0.0584504	0.0200864	0.0438665	0.0211604	0.0140077	0.0268218	0.0396986	0.0121677	0.0509257	0.0143035	0.0306064	0.0201915	0.0686299	0.0435479	0.0270716	0.00510911	0.0171374
6	0.133166	0.00114813	0.0592718	0.0599081	0.00279163	0.0656569	0.0326361	0.00395846	0.0291106	0.0228905	0.00764051	0.043572	0.0467359	0.0453774	0.0519862	0.242118	0.125334	0.0215011	0.00154573	0.00365156
7	0.048303	0.00179864	0.19109	0.271626	0.00370799	0.0377753	0.030996	0.0042949	0.0467262	0.016786	0.00507878	0.0717143	0.00851225	0.0978622	0.0160993	0.0650344	0.0609946	0.00869363	0.00118285	0.0117233
8	0.0166562	0.00114721	0.169963	0.0647072	0.0189751	0.186591	0.0946616	0.00389087	0.038508	0.0129852	0.00955884	0.184749	0.0119392	0.0594735	0.0186062	0.0522352	0.0332057	0.0150176	0.000702801	0.00642759
9	0.031112	0.00577308	0.00906536	0.0215475	0.0130626	0.0161136	0.0260505	0.0220215	0.194512	0.0548957	0.00701453	0.0252852	0.0138737	0.0596831	0.395562	0.0425994	0.013219	0.0309286	0.00173458	0.0159463
10	0.536046	0.0214061	0.00145794	0.00091184	0.0114967	0.0495622	0.00213004	0.00896473	0.00169967	0.00474276	0.00669754	0.00281236	0.00624974	0.00238903	0.00620905	0.265202	0.0464839	0.0222597	0.00129612	0.00198322
11	0.0421519	0.00942804	0.0273749	0.0571459	0.012813	0.0119118	0.00260768	0.0384934	0.080676	0.0332746	0.0670924	0.025446	0.00344822	0.0566174	0.0535439	0.0411209	0.339231	0.0909354	0.00167622	0.00501173
12	0.0954171	0.0046576	0.0232514	0.106285	0.0069325	0.00724336	0.00316703	0.0392847	0.0602133	0.0128108	0.00803862	0.00643768	0.0042395	0.0252512	0.00658394	0.134321	0.166256	0.262799	0.00254313	0.0242672
13	0.0404626	0.0159069	0.00033813	0.000162521	0.0911997	0.00219161	0.000254329	0.252598	0.00154991	0.336885	0.0482846	0.000704396	0.00430828	0.00118303	0.000556322	0.00478263	0.0156595	0.169686	0.00809551	0.00519041
14	0.0397695	0.00857784	0.015906	0.0139619	0.00810008	0.0171981	0.0289684	0.0161467	0.268424	0.0116329	0.00312724	0.124362	0.0401169	0.10609	0.199068	0.0594681	0.0116214	0.0173059	0.00806698	0.00208854
15	0.0292734	0.00893746	0.0021074	0.00167744	0.0580995	0.00448544	0.00161772	0.277235	0.0034442	0.212493	0.0157209	0.00255158	0.133536	0.00311694	0.00296771	0.00922615	0.0119362	0.20754	0.00507805	0.00895586
16	0.0397845	0.0309762	0.00110399	0.00296757	0.379949	0.0181848	0.00756443	0.0035468	0.00137825	0.34078	0.00756012	0.00121365	0.0239929	0.00758744	0.00881451	0.0279214	0.0292075	0.0225383	0.0162331	0.0286956
17	0.110411	0.00665721	0.0480857	0.0242443	0.00310916	0.0478297	0.0128285	0.00720427	0.0259973	0.0137933	0.00465588	0.0747828	0.017813	0.0260196	0.0459421	0.35923	0.146444	0.017961	0.00319309	0.00379834
18	0.0329199	0.0119084	0.00128498	0.000627496	0.180805	0.0124988	0.000551888	0.0980689	0.00171777	0.412731	0.130364	0.00341126	0.000658845	0.00654982	0.00207016	0.00395357	0.00435235	0.0840082	0.00094445	0.0105736
19	0.121857	0.00125577	0.0577361	0.0475145	0.00213571	0.0598907	0.0246528	0.00450824	0.0281661	0.0211553	0.00616643	0.0565812	0.0375577	0.0387535	0.049971	0.29168	0.126099	0.0188515	0.00197593	0.00349196
20	0.0427898	0.0116546	0.0107464	0.00643888	0.0108486	0.0216771	0.024343	0.0117528	0.25796	0.007771	0.00257937	0.147516	0.0407862	0.132909	0.171938	0.0729627	0.00750335	0.00967455	0.00635217	0.00179689
21	0.104755	0.00443941	0.00315349	0.00777534	0.00735147	0.0110904	0.00212373	0.0049159	0.0052296	0.0190746	0.00237643	0.00641643	0.74153	0.00355034	0.0109437	0.0495908	0.00759836	0.00532539	0.00123209	0.00152679
22	0.0440369	0.010474	0.0271422	0.0369378	0.0196561	0.0378616	0.26615	0.0239731	0.031908	0.0519966	0.0235026	0.0451368	0.0129845	0.113631	0.0549805	0.0454716	0.0298887	0.0280336	0.0288672	0.0673667
23	0.0604916	0.0182853	0.0253165	0.0192071	0.0147107	0.0890225	0.0519009	0.0245573	0.0162473	0.0416192	0.235315	0.0246626	0.0127874	0.0287303	0.0247847	0.122902	0.140386	0.0373694	0.00417837	0.0075256
24	0.0665383	0.0129511	0.00775379	0.0315107	0.00490943	0.0294211	0.0383215	0.0191713	0.0819321	0.103858	0.031062	0.0118757	0.00569339	0.11983	0.308857	0.0417741	0.0410726	0.0319419	0.00158733	0.0099388
25	0.566217	0.0180644	0.000798901	0.000891588	0.00603538	0.0170673	0.00190944	0.0213324	0.00114407	0.00479943	0.00350206	0.00188567	0.00344106	0.00187445	0.0035404	0.203207	0.104896	0.0370529	0.00121674	0.00112361
26	0.0176239	0.00837067	0.00132803	0.00111796	0.604869	0.00620579	0.00492384	0.0270531	0.00128535	0.130813	0.0265075	0.00206156	0.00418282	0.00533112	0.00830363	0.0111267	0.0113383	0.0363932	0.0115787	0.0795853
27	0.0234854	0.00806426	0.0074033	0.00779351	0.0234932	0.0111107	0.274464	0.0194584	0.00787761	0.0317303	0.0122963	0.0467957	0.00875198	0.0560266	0.0612923	0.0234073	0.0134384	0.0343779	0.0984706	0.230262
28	0.0643418	0.00508404	0.00192651	0.00464291	0.0404029	0.00745412	0.00166426	0.0367097	0.00411039	0.468367	0.17301	0.00287034	0.00209568	0.0038248	0.0101926	0.0318915	0.0445886	0.084021	0.00752243	0.00528005
29	0.456827	0.0148891	0.00253847	0.000558413	0.0199702	0.129713	0.00059643	0.00344439	0.000898833	0.00280561	0.00865532	0.00178506	0.00855896	0.00212214	0.0114659	0.304213	0.014803	0.0145401	0.000815986	0.00079946
30	0.0367032	0.0395219	0.0044904	0.00396959	0.0144873	0.014754	0.00470428	0.0147558	0.0062887	0.0278284	0.0100734	0.00651713	0.0047631	0.00557006	0.0601725	0.0218965	0.0581434	0.0167904	0.640008	0.00856131
31	0.0371993	0.0149925	0.000613629	0.000227963	0.107784	0.00445813	0.000294873	0.228551	0.00145314	0.349449	0.0629545	0.00124634	0.00293011	0.00204391	0.000980639	0.00482097	0.0145963	0.152779	0.00637903	0.0062469
32	0.184024	0.0980735	0.00277912	0.0130844	0.0211834	0.171993	0.0044512	0.00910728	0.00439827	0.0178073	0.00972047	0.00568767	0.00613316	0.0265644	0.00687036	0.34836	0.0363373	0.0274137	0.00266237	0.00334935
33	0.179023	0.0246262	0.00695997	0.00413931	0.160007	0.0641601	0.0061323	0.061378	0.00455197	0.217932	0.0297601	0.00760817	0.0129913	0.00621848	0.00823332	0.0453688	0.0480317	0.0818513	0.0142352	0.0167921
34	0.069867	0.019834	0.0055426	0.00419306	0.17046	0.0217521	0.00543911	0.231347	0.00728019	0.114497	0.0309123	0.0105852	0.0124277	0.00825088	0.0132601	0.0822755	0.0442715	0.108588	0.00961602	0.0296007
35	0.116408	0.0391642	0.00354539	0.00294886	0.00833482	0.0151954	0.00384285	0.0968464	0.00408531	0.048111	0.0548467	0.00807942	0.0759056	0.00686607	0.0066883	0.238657	0.152158	0.108535	0.00452696	0.00525426
36	0.0763269	0.0598251	0.01468	0.00627827	0.00771001	0.166258	0.00381993	0.0200115	0.012393	0.0137296	0.00689462	0.0520777	0.0146338	0.0123	0.0164332	0.264522	0.21986	0.0252183	0.0037369	0.00329104
37	0.0147225	0.00546435	0.00157798	0.00113177	0.623843	0.00449283	0.00643513	0.0212397	0.00196664	0.0879359	0.022005	0.00285889	0.00308893	0.00500383	0.00996814	0.0111891	0.00792521	0.0431906	0.0144469	0.111514
38	0.0365935	0.0158008	0.000497824	0.000237988	0.138194	0.00467793	0.000404008	0.228816	0.00143799	0.302136	0.0447739	0.000860375	0.00358162	0.00137993	0.000910002	0.00598364	0.0182462	0.179247	0.00805542	0.00816565
39	0.413074	0.0106908	0.0142641	0.00147183	0.00906386	0.329379	0.000851067	0.00451553	0.000963659	0.00485209	0.00387729	0.00379273	0.0038394	0.0023342	0.00675868	0.161732	0.0138508	0.0119351	0.00166175	0.00109266
40	0.175543	0.012586	0.0115956	0.0100797	0.011825	0.039942	0.00810842	0.0239077	0.0117156	0.0232469	0.0123902	0.0173039	0.0557043	0.0136117	0.0146034	0.182303	0.18786	0.0636409	0.117771	0.00626185
41	0.0200414	0.00423072	0.00389662	0.000927946	0.457097	0.00442801	0.0113745	0.00550494	0.00213278	0.0306394	0.0250868	0.00973074	0.00942589	0.0069928	0.0114688	0.0244455	0.00623677	0.0235012	0.00506513	0.337773
42	0.52521	0.0162102	0.00386566	0.00159194	0.0143854	0.13312	0.0013634	0.00423411	0.00187108	0.00504002	0.00688573	0.00379702	0.00708864	0.00332746	0.00843599	0.229603	0.0173404	0.013871	0.00155336	0.00120486
43	0.279242	0.00808917	0.00544119	0.00521636	0.0185835	0.0293887	0.00486515	0.18598	0.00535656	0.0315745	0.0168479	0.00635399	0.143492	0.00885092	0.00664463	0.0892902	0.0868285	0.0577229	0.00298063	0.00725113
44	0.206871	0.00276824	0.00131102	0.00498853	0.0111176	0.0139603	0.0012523	0.00354049	0.00627295	0.0113725	0.00210475	0.00936414	0.649722	0.00170955	0.0135217	0.0495671	0.00402255	0.00397302	0.00115652	0.00140399
45	0.133771	0.00356299	0.00107166	0.00618195	0.00790682	0.00816522	0.00114133	0.00335063	0.00390144	0.0161477	0.00175335	0.00528823	0.743003	0.00151758	0.00979564	0.0443101	0.00350938	0.00356329	0.000880759	0.0011777
46	0.0310513	0.00957596	0.00161362	0.0019602	0.0846234	0.0082773	0.0010759	0.148914	0.00691238	0.435132	0.0900483	0.00292828	0.00358365	0.00849713	0.00570768	0.00943806	0.0155187	0.11801	0.00602478	0.0111083
47	0.0443694	0.00821198	0.00127872	0.00119425	0.0778348	0.0157859	0.000922125	0.220602	0.00211343	0.285063	0.139949	0.00427548	0.00216164	0.00397095	0.0036138	0.0166533	0.0434216	0.116338	0.00325166	0.00898875
48	0.129058	0.0026346	0.00362802	0.0114129	0.00671847	0.0107257	0.00205091	0.0052287	0.0050199	0.0140449	0.00259306	0.00529058	0.726668	0.00381625	0.0116335	0.043422	0.00733904	0.00600964	0.000997523	0.00170788
49	0.05603	0.00845665	0.00100676	0.000366158	0.011327	0.00595916	0.000498062	0.257528	0.00350325	0.0560186	0.0191296	0.0015736	0.00112136	0.000666321	0.00105849	0.0101155	0.0345065	0.516253	0.00359997	0.0112814
50	0.0447137	0.0151734	0.000967664	0.000897835	0.0751146	0.0046343	0.00101298	0.255171	0.00296728	0.331751	0.0429979	0.00116858	0.00672316	0.00288265	0.00261195	0.00876776	0.018914	0.166198	0.00962523	0.00770657
51	0.0439613	0.00701434	0.0148244	0.0392829	0.0042115	0.0516009	0.0228505	0.0112307	0.293099	0.0260191	0.0144363	0.0446904	0.0153523	0.0797337	0.218765	0.0638149	0.0228206	0.0187908	0.00222345	0.00527692
52	0.0792497	0.00232389	0.179767	0.240877	0.00187448	0.03549	0.024057	0.00507424	0.0852844	0.0352654	0.00685833	0.0166826	0.0439338	0.0650814	0.049493	0.0593422	0.0466235	0.0119871	0.00147458	0.00926005
53	0.078203	0.00177093	0.1338	0.0558119	0.00726316	0.0542189	0.0340502	0.0035215	0.0450507	0.0145687	0.00432724	0.147559	0.0160595	0.0757837	0.0206578	0.19616	0.0902818	0.0138688	0.00146703	0.00557653
54	0.0341782	0.0104447	0.00226804	0.00162972	0.0707216	0.00775211	0.00149089	0.161725	0.00640009	0.436802	0.0686994	0.00225292	0.00595587	0.00723021	0.00616315	0.0105963	0.0157298	0.129589	0.0104022	0.00996835
55	0.0147997	0.00124744	0.176956	0.065364	0.020323	0.187668	0.0878329	0.003949	0.0424283	0.0112697	0.0113667	0.178876	0.0111571	0.0532547	0.0206749	0.0526465	0.0347167	0.0186773	0.000678277	0.00611366
56	0.0311744	0.00883438	0.00171651	0.00222466	0.0869604	0.00907071	0.00117684	0.124087	0.00623549	0.458541	0.096464	0.00243398	0.0027203	0.00898939	0.00699849	0.0101419	0.0152227	0.108252	0.00704052	0.0117158
57	0.137627	0.00566621	0.0389272	0.0178657	0.00347691	0.031457	0.0102755	0.00912607	0.0381993	0.0116852	0.00526168	0.0643717	0.0128944	0.0189301	0.0348195	0.255179	0.279412	0.0185678	0.00290573	0.00335244
58	0.123916	0.00130584	0.0816972	0.101492	0.00216716	0.0653905	0.0309767	0.00376156	0.0423874	0.0272483	0.00697047	0.0366329	0.0480354	0.0564987	0.0562884	0.192681	0.0980914	0.0176099	0.001218	0.00563023
59	0.13357	0.00117218	0.055237	0.0588959	0.00261494	0.0669902	0.0328412	0.00395084	0.0292727	0.021076	0.00769921	0.0441666	0.0456526	0.0466899	0.0534687	0.241236	0.128177	0.0223598	0.00139686	0.00353385
60	0.0514179	0.00204591	0.203452	0.338799	0.00296865	0.0282371	0.0341132	0.00449844	0.0348999	0.0180652	0.00312215	0.0475634	0.00520426	0.117372	0.0111838	0.0244411	0.0484756	0.0064993	0.00118434	0.0164563
61	0.0626094	0.0132852	0.00103386	0.000293833	0.0112731	0.00616886	0.000396969	0.265149	0.00658812	0.0530981	0.0228197	0.00155027	0.000838505	0.000568512	0.000700898	0.0125881	0.0425263	0.487028	0.00779903	0.00368419
62	0.226867	0.00842199	0.0190407	0.00931154	0.00703688	0.152551	0.00699681	0.0178887	0.0319811	0.117339	0.00737733	0.018355	0.0462689	0.0404446	0.0468079	0.187191	0.0328519	0.016062	0.00343439	0.0037707
63	0.119128	0.00372999	0.0315188	0.0258564	0.00708376	0.0307655	0.0482108	0.00782948	0.0157794	0.0142685	0.00648596	0.290456	0.014793	0.0405542	0.0564723	0.150421	0.0962793	0.0315576	0.00275798	0.00605215
64	0.342979	0.0288863	0.00917014	0.00754547	0.00727755	0.0319709	0.00348888	0.0151703	0.00948338	0.00805932	0.00558561	0.0177993	0.00786872	0.00719551	0.0125597	0.282675	0.173715	0.0236497	0.00248489	0.00243598
65	0.314509	0.00468441	0.0460261	0.00651702	0.00520173	0.398166	0.00450386	0.00509157	0.00628655	0.00908325	0.00278503	0.0134998	0.00588971	0.00817911	0.0106142	0.12118	0.01997	0.0135263	0.00184572	0.00244118
66	0.0501276	0.00871376	0.00126328	0.00031886	0.00984376	0.00732919	0.000397622	0.303847	0.00376563	0.0531951	0.0282694	0.00277455	0.000459188	0.000573197	0.00105658	0.0155963	0.0498076	0.455271	0.00394011	0.00345059
67	0.54989	0.014915	0.00352658	0.000954372	0.0205933	0.142584	0.00126719	0.00560199	0.00144819	0.00623148	0.00672279	0.00284477	0.00956744	0.00245991	0.00743475	0.186425	0.0179524	0.0166436	0.00157717	0.00135979
68	0.457974	0.020026	0.00119657	0.000989035	0.0169295	0.0758021	0.00131974	0.00676733	0.00150181	0.00358807	0.00842029	0.00162469	0.0092168	0.00267214	0.0085088	0.329064	0.033467	0.0180581	0.000915156	0.00195883
69	0.070077	0.0183196	0.00303234	0.010333	0.0749059	0.0168718	0.00308443	0.101834	0.0118027	0.128775	0.0604271	0.00924579	0.003266	0.0185107	0.038286	0.0645929	0.191979	0.147822	0.00988073	0.0169533
70	0.222875	0.0260642	0.00246069	0.000724942	0.0408099	0.0323362	0.00195931	0.0877416	0.000827938	0.155606	0.0640493	0.00200143	0.00917256	0.0011525	0.00282056	0.086085	0.117163	0.134306	0.0111691	0.000676144
71	0.385543	0.0206276	0.00445991	0.00167702	0.0240726	0.171011	0.00242242	0.00748683	0.00220427	0.00766986	0.00896313	0.00371481	0.00969637	0.00394565	0.0103471	0.296576	0.0164886	0.019767	0.00170619	0.00162108
72	0.427422	0.0238721	0.00189555	0.00122523	0.00713383	0.0335562	0.00108	0.0225677	0.00374658	0.00658657	0.00484744	0.00863364	0.00614773	0.00206278	0.00496115	0.210501	0.204496	0.0267309	0.00125305	0.00128009
73	0.0304817	0.014842	0.00239746	0.000287733	0.0264407	0.00372773	0.00049042	0.387416	0.00161385	0.158033	0.0244232	0.000895198	0.00363914	0.000914326	0.000640177	0.00592212	0.0141473	0.315676	0.00454093	0.00347022
74	0.054275	0.0242362	0.0013407	0.000786591	0.183348	0.0212677	0.000695017	0.123257	0.00110986	0.283973	0.0793969	0.00222456	0.00199446	0.00332148	0.00351525	0.0151073	0.0213879	0.161297	0.00379293	0.0136737
75	0.371402	0.0406069	0.0014829	0.00199294	0.0308591	0.0960675	0.00147347	0.00658381	0.00178421	0.0107358	0.0160531	0.00237923	0.0117473	0.00606175	0.00864144	0.335852	0.0208383	0.032229	0.00164022	0.0015691
76	0.021765	0.0134238	0.00682597	0.0099956	0.0124854	0.0103266	0.0134228	0.0156228	0.0468818	0.037566	0.00681802	0.00965514	0.00657356	0.0243911	0.686481	0.0303362	0.0151923	0.0195322	0.00260141	0.0101033
77	0.0412761	0.0161561	0.000368048	0.000167743	0.0691367	0.00154215	0.000254727	0.261192	0.00145255	0.336172	0.0330887	0.000385311	0.00539803	0.000892879	0.000577725	0.00497865	0.0174243	0.193961	0.00997985	0.00559579
78	0.260052	0.0187129	0.00217038	0.000619869	0.047999	0.0252335	0.00723477	0.0871653	0.000750414	0.175119	0.0652298	0.000976631	0.00629908	0.000920968	0.00236352	0.0516383	0.0930948	0.146527	0.00699369	0.000897747
79	0.156095	0.00986722	0.00260537	0.00238488	0.0237681	0.0137489	0.0026709	0.0478689	0.00310604	0.174425	0.239934	0.00401922	0.00416686	0.00413463	0.00618837	0.0951757	0.0517123	0.150557	0.00442412	0.00314724
80	0.0278419	0.00131135	0.00435195	0.000485633	0.00113367	0.926561	0.000772555	0.00191046	0.000592438	0.00652662	0.00130055	0.00660199	0.000844388	0.00296245	0.0028823	0.00694323	0.00223093	0.00341345	0.000758842	0.000574786
81	0.105255	0.00850074	0.00839335	0.00449522	0.00969241	0.0142321	0.00686144	0.0642403	0.00557098	0.0516521	0.0107601	0.0083099	0.278584	0.0346385	0.00914236	0.130175	0.128243	0.0851531	0.0048008	0.0312995
82	0.0821865	0.0203304	0.00055303	0.000291142	0.0494039	0.00233644	0.00031568	0.254458	0.00146821	0.248429	0.0198319	0.000552995	0.00494405	0.000628211	0.000604742	0.00460174	0.0103406	0.286886	0.00547666	0.00636054
83	0.120776	0.058597	0.00315834	0.00128087	0.0577065	0.0197271	0.00277828	0.143538	0.0029664	0.252583	0.0410725	0.00186598	0.00675106	0.00326689	0.00480097	0.0263571	0.0357427	0.204839	0.00713964	0.00505239
84	0.054069	0.0020402	0.19661	0.282574	0.00434021	0.0416865	0.0350514	0.00469031	0.0484861	0.0239281	0.00509008	0.0517908	0.0104001	0.105549	0.0249068	0.0371675	0.0477777	0.00856344	0.00160575	0.0136725
85	0.00967781	0.00511002	0.00199145	0.011278	0.00448858	0.00418726	0.00263255	0.108515	0.0420723	0.421951	0.0995825	0.00259651	0.00800573	0.0508671	0.0244437	0.0270571	0.0220704	0.145272	0.00516946	0.00303175
86	0.0343634	0.0109307	0.00102629	0.000599606	0.0918409	0.00352722	0.000718323	0.242655	0.00188436	0.235638	0.0458241	0.00328099	0.0166932	0.00147144	0.00169825	0.00579814	0.00942952	0.190914	0.0256683	0.076039
87	0.0272008	0.00195339	0.00532273	0.00226509	0.00146693	0.889003	0.00234504	0.00227472	0.00368751	0.0055683	0.00167707	0.0083826	0.00504216	0.00794484	0.00710621	0.0153116	0.00682932	0.00397771	0.0018153	0.000825216
88	0.177141	0.00284975	0.0010966	0.00570205	0.00946177	0.0105573	0.00110912	0.00361525	0.00486378	0.0124566	0.00188007	0.00713808	0.694403	0.00154959	0.0108366	0.045689	0.00368712	0.00376519	0.00102726	0.00117061
89	0.0757863	0.00956038	0.0174345	0.0507083	0.0084109	0.0265931	0.03633	0.0204045	0.110098	0.0470679	0.021185	0.036628	0.0122898	0.174794	0.212849	0.0616792	0.0358647	0.0265511	0.00296064	0.0128037
90	0.0754015	0.0158465	0.00217483	0.0110387	0.0952546	0.00445458	0.00627254	0.0967828	0.0247258	0.197036	0.0385277	0.00219695	0.00202681	0.00234063	0.126821	0.0223708	0.0260896	0.113411	0.0637379	0.0734893
91	0.175361	0.0149102	0.0134542	0.0124587	0.0124793	0.133666	0.0101003	0.0284201	0.0224791	0.0288535	0.0143415	0.0191322	0.0239223	0.0186184	0.0870819	0.129451	0.0979929	0.145001	0.0064982	0.00577764
92	0.0631777	0.113698	0.0375518	0.00455198	0.0570003	0.0505226	0.0541465	0.0443917	0.0059695	0.114848	0.0678397	0.0114141	0.00521821	0.0532589	0.0102474	0.141956	0.119108	0.0324972	0.00513043	0.00747194
93	0.456552	0.0142798	0.00285294	0.000595267	0.0204383	0.140209	0.000721037	0.00334743	0.000836838	0.00303891	0.00831988	0.00199634	0.00783993	0.00207583	0.0120221	0.295832	0.0131016	0.0141538	0.000879399	0.000907878
94	0.210907	0.0252283	0.00230257	0.000367493	0.0593767	0.0311033	0.00200368	0.0977689	0.000654741	0.173612	0.0597201	0.00350195	0.00682193	0.00102687	0.00305567	0.0637522	0.107611	0.13981	0.00798915	0.00338608
95	0.181738	0.0254264	0.00225558	0.000497538	0.0415246	0.0261426	0.001885	0.108422	0.00101993	0.176252	0.0673485	0.00202471	0.00687096	0.000927575	0.00267162	0.0628032	0.105946	0.178421	0.00712322	0.000698636
96	0.0592241	0.00566158	0.00151678	0.00115371	0.00982389	0.0148412	0.00159993	0.212359	0.00385712	0.155646	0.124443	0.018503	0.00253195	0.00369833	0.00638344	0.0743352	0.127826	0.172616	0.00141027	0.0025704
97	0.0203685	0.0105396	0.00294071	0.00621575	0.0706069	0.0168289	0.00356693	0.0269404	0.00948558	0.490312	0.0969479	0.00377072	0.00267367	0.00674301	0.0256849	0.0198671	0.035188	0.0294964	0.103213	0.0186099
98	0.0536388	0.0162551	0.000401701	0.000185193	0.0825501	0.00318285	0.000381778	0.238708	0.00197826	0.334972	0.0502843	0.000670093	0.00442908	0.000787376	0.000705714	0.00917882	0.0198829	0.168872	0.00802462	0.00491053
99	0.160672	0.0380086	0.00298862	0.00236089	0.0101539	0.097728	0.00188099	0.0450857	0.00515311	0.0160611	0.0067022	0.0310609	0.0060912	0.00688193	0.00687684	0.17567	0.331239	0.0488556	0.00274712	0.00378185
100	0.528618	0.0170352	0.001152	0.00168521	0.0082498	0.0188957	0.00204979	0.0321108	0.00151868	0.00992237	0.00612298	0.00362994	0.00753999	0.00278577	0.00376418	0.169166	0.134568	0.0482858	0.00149267	0.00140781
101	0.0891782	0.0140903	0.00295632	0.00234949	0.0441078	0.0105431	0.00320141	0.227396	0.00701109	0.233525	0.0221363	0.00393998	0.132753	0.00602508	0.00599291	0.0261996	0.0240102	0.128883	0.00736163	0.00833945
102	0.400364	0.00385539	0.00257925	0.00666334	0.0409739	0.0534238	0.00193249	0.0734682	0.00277616	0.0223915	0.0274083	0.00300889	0.139217	0.00348655	0.00351825	0.0436018	0.0720826	0.0944839	0.00181975	0.00294489
103	0.0359603	0.0187804	0.00276768	0.000287669	0.0113023	0.0090303	0.000551219	0.370398	0.00227628	0.0777362	0.0224042	0.00123873	0.00156007	0.000686172	0.000825665	0.00829675	0.0202687	0.409579	0.00298551	0.0030652
104	0.45168	0.0216846	0.000851302	0.000928889	0.0182064	0.0786591	0.000857736	0.00562658	0.00116553	0.0042375	0.0123886	0.0012845	0.0147876	0.0031168	0.00887641	0.327665	0.0238855	0.0220655	0.00101553	0.00101639
105	0.0384748	0.0258086	0.00136492	0.00233436	0.253255	0.0211972	0.00133206	0.10383	0.00270377	0.201456	0.0528984	0.00294851	0.00240218	0.00272903	0.0123841	0.0228496	0.025143	0.177604	0.00888291	0.0404023
106	0.060631	0.00830695	0.000912362	0.000295481	0.0105931	0.00671769	0.000367916	0.262075	0.00406453	0.0468878	0.0223509	0.00143726	0.000457904	0.000531403	0.000663588	0.0104457	0.0440728	0.50907	0.00464483	0.00547345
107	0.072003	0.00122648	0.105976	0.0380423	0.00256763	0.0505992	0.0230197	0.00294254	0.0518342	0.0106182	0.00343299	0.142048	0.0187924	0.0602142	0.0218087	0.271519	0.104592	0.0148055	0.00153976	0.00241863
108	0.0218163	0.00237807	0.0829984	0.00438567	0.00191362	0.0756868	0.00197712	0.00750743	0.0148381	0.0096887	0.00146681	0.0940216	0.00345867	0.0162149	0.031077	0.459331	0.154105	0.0148528	0.000996537	0.00128542
109	0.34831	0.00324942	0.00128846	0.00299009	0.0232119	0.0230968	0.00132526	0.00548328	0.00920036	0.00999406	0.00287736	0.0155959	0.467135	0.00198775	0.00856038	0.0620495	0.0049822	0.0059956	0.000994635	0.00167214
110	0.166189	0.00213124	0.0319366	0.0731217	0.0031505	0.0718708	0.032279	0.0130386	0.0252753	0.0215577	0.00670873	0.0301242	0.0234897	0.057142	0.039241	0.193837	0.161729	0.0414987	0.00170532	0.003974
111	0.151948	0.0413505	0.00328279	0.00725018	0.00726945	0.345262	0.00532155	0.00654683	0.00658752	0.0116811	0.00396923	0.00898108	0.0131852	0.0113714	0.00957585	0.298047	0.0488145	0.0147425	0.00272972	0.00208292
112	0.00951979	0.00282004	0.00164093	0.000541306	0.67853	0.00313215	0.00765888	0.00556521	0.000815557	0.065579	0.0191106	0.00232667	0.00358103	0.00510124	0.00747443	0.0112205	0.00637147	0.0194719	0.010199	0.13934
113	0.0409133	0.0164794	0.000249743	0.00014058	0.0688974	0.00100119	0.000212909	0.27032	0.00143294	0.329764	0.0331589	0.000293691	0.00535775	0.000502264	0.000412661	0.00511996	0.0192226	0.190397	0.011152	0.00497196
114	0.205856	0.0227596	0.00230265	0.000281657	0.047761	0.0273899	0.0019966	0.098467	0.000403404	0.184755	0.0710767	0.000535238	0.00722386	0.000558425	0.00195024	0.061668	0.104429	0.151807	0.00838353	0.000395211
115	0.139988	0.0851486	0.00141892	0.00081525	0.0175189	0.0271489	0.00112394	0.15537	0.0024089	0.132801	0.0210769	0.00193804	0.00928797	0.00116793	0.00202739	0.0126078	0.0229477	0.360481	0.00200042	0.00272072
116	0.0230466	0.0107094	0.00454813	0.00791396	0.013105	0.00974175	0.0149638	0.0182107	0.0477987	0.0634932	0.00779739	0.00562557	0.00746472	0.0246204	0.66173	0.0236629	0.0112979	0.0233206	0.00690164	0.0140483
117	0.0582073	0.0649989	0.00503208	0.00441483	0.330678	0.0445566	0.00734811	0.0278926	0.00275329	0.173452	0.0516999	0.00549705	0.0066675	0.0095249	0.0149898	0.055601	0.0405778	0.0643642	0.00702617	0.0247188
118	0.0415514	0.0397448	0.00209156	0.00256997	0.273144	0.0323325	0.00222636	0.0596435	0.00147738	0.262912	0.0811737	0.00245979	0.00282728	0.00454929	0.00986345	0.0191245	0.0231365	0.117005	0.00335811	0.018809
119	0.0977647	0.00501768	0.00214376	0.00176816	0.00824125	0.0204708	0.00236577	0.341295	0.00307642	0.0459514	0.0403654	0.00766861	0.00472163	0.00382742	0.00897053	0.0650309	0.132367	0.203423	0.00201263	0.00351796
120	0.0301267	0.000844435	0.00430713	0.000349255	0.00108621	0.92379	0.000486213	0.00243252	0.000522144	0.00444856	0.00171827	0.00683609	0.00077962	0.00279222	0.0029491	0.00778277	0.00307474	0.0038723	0.00128457	0.000517493
121	0.0412478	0.016302	0.000345521	0.000252219	0.0704911	0.00139929	0.000271841	0.263512	0.00170407	0.332866	0.0336139	0.000390958	0.00516685	0.000739482	0.00147141	0.00552223	0.0187386	0.186929	0.0123996	0.00663574
122	0.155976	0.127601	0.00435577	0.00711904	0.0275304	0.147364	0.00372193	0.0246366	0.00461312	0.0285631	0.0103411	0.00707265	0.00906551	0.0130101	0.00882675	0.218205	0.0319585	0.163077	0.00336007	0.00360197
123	0.0704327	0.0154691	0.00678281	0.00849564	0.0520648	0.223191	0.0084956	0.1085	0.0108003	0.229046	0.0457323	0.0110936	0.00841687	0.0146843	0.0134688	0.0412085	0.0347813	0.0729845	0.0134267	0.0109256
124	0.200569	0.213931	0.00199713	0.00194194	0.0106508	0.019358	0.00281293	0.0202145	0.00701025	0.012633	0.0178677	0.0073854	0.00369541	0.00402187	0.00425973	0.378718	0.070812	0.0127642	0.00368313	0.00567412
125	0.0697328	0.0118047	0.00662059	0.00482693	0.0090986	0.0218744	0.00367322	0.132262	0.008985	0.0476063	0.062346	0.0900731	0.00564022	0.00889511	0.012172	0.141258	0.189053	0.169094	0.00225637	0.00272711
126	0.0127251	0.00532229	0.00157611	0.00114648	0.655539	0.0041066	0.00692054	0.0133183	0.00123536	0.0760391	0.0210653	0.00306413	0.0035318	0.00547809	0.00849268	0.0121018	0.00877459	0.0274175	0.0111184	0.121027
127	0.0490427	0.00947745	0.00114222	0.000462831	0.0157483	0.00620313	0.00051786	0.256995	0.00394377	0.0743829	0.0217678	0.00155002	0.0012373	0.000911957	0.00117062	0.01167	0.0362189	0.49805	0.00401353	0.00549395
128	0.348149	0.0716934	0.00130057	0.00113892	0.0230744	0.0381005	0.00165677	0.0125035	0.00492021	0.00837554	0.00974785	0.00417764	0.00534859	0.0033797	0.00666545	0.361978	0.0764167	0.0165447	0.00208917	0.00273889
129	0.104855	0.128087	0.00855919	0.00701917	0.0102359	0.0257184	0.00484112	0.0183934	0.0126593	0.0146691	0.0114973	0.0873494	0.00677025	0.00740335	0.0144735	0.374864	0.111709	0.0163096	0.0284907	0.00609433
130	0.0839252	0.00538632	0.050119	0.0989297	0.00621063	0.045288	0.0355055	0.0145061	0.047825	0.0384013	0.0126628	0.0462732	0.0161909	0.172108	0.0536592	0.163701	0.0755973	0.0213665	0.00346199	0.00888219
131	0.0202509	0.0116408	0.0145586	0.00122622	0.392538	0.00993984	0.0417759	0.00472214	0.00210035	0.0304742	0.0117728	0.00486003	0.00473973	0.00443772	0.0414856	0.0134116	0.014212	0.0338588	0.00396453	0.33803
132	0.0343771	0.0373328	0.00401363	0.00297576	0.0212731	0.0117293	0.00736187	0.0162642	0.00691855	0.031276	0.0104002	0.00781411	0.00440818	0.00541125	0.0511254	0.017247	0.0448078	0.0182286	0.643162	0.0238731
133	0.0512258	0.0745551	0.00488195	0.00936477	0.0156072	0.0165013	0.00463856	0.0903275	0.00950861	0.0544425	0.153807	0.0086704	0.00555176	0.0173963	0.0168592	0.0477028	0.242849	0.168245	0.00292464	0.00494074
134	0.0740889	0.0183877	0.0285539	0.00625661	0.00657869	0.0897175	0.00434281	0.0220807	0.011547	0.0178801	0.00718337	0.0503807	0.00815007	0.013436	0.017172	0.285483	0.303941	0.0282614	0.00355892	0.00299946
135	0.0417932	0.0548248	0.00476662	0.00617937	0.0161256	0.0599122	0.00382633	0.123381	0.00780241	0.0521044	0.0255914	0.038462	0.00481002	0.0522125	0.0669445	0.131467	0.193108	0.106363	0.00430084	0.00602449
136	0.0520893	0.0135698	0.00401462	0.0216498	0.0188761	0.013381	0.00579056	0.127285	0.0184366	0.0769039	0.121343	0.00957119	0.00362497	0.0542782	0.0265021	0.0531484	0.252959	0.119868	0.00172362	0.00498471
137	0.014527	0.00622038	0.00130972	0.00100456	0.652499	0.00577993	0.00645698	0.0148614	0.00147457	0.0814537	0.0211049	0.00246101	0.00330785	0.00542284	0.00744684	0.0144424	0.00872181	0.0275148	0.0115345	0.112456
138	0.172826	0.013303	0.0255785	0.014668	0.00373063	0.028721	0.00638995	0.0105589	0.0296103	0.00909387	0.00427581	0.0585406	0.00955165	0.0139737	0.0230193	0.303558	0.250327	0.0148929	0.00400533	0.00337563
139	0.108132	0.0132113	0.00144435	0.000844838	0.0021463	0.292998	0.00225694	0.0110288	0.0506686	0.00465466	0.00213952	0.0292198	0.131346	0.0165017	0.0584711	0.145885	0.100491	0.0202633	0.00693914	0.00135856
140	0.0395584	0.0154357	0.0106057	0.00415775	0.0107718	0.0235159	0.0232728	0.0117598	0.246993	0.00755036	0.00277973	0.157294	0.0439276	0.142883	0.156843	0.0790472	0.00696327	0.00826148	0.00622134	0.00215838
141	0.0724198	0.0246841	0.00125034	0.000904248	0.0110184	0.00791483	0.000626911	0.245443	0.00927692	0.0538604	0.024951	0.00235803	0.00207196	0.00108419	0.00138064	0.0140222	0.0490886	0.467498	0.00647309	0.00367305
142	0.0561826	0.00811401	0.000935002	0.000271482	0.0102718	0.00728879	0.000381661	0.253678	0.00395922	0.0487657	0.0271236	0.00232908	0.000552035	0.000654988	0.000927078	0.0119836	0.048648	0.508523	0.00447789	0.00493227
143	0.0213813	0.000668582	0.00450528	0.000292274	0.000788966	0.944984	0.000456902	0.000957884	0.000500783	0.00361372	0.000594284	0.00653398	0.000452822	0.00252495	0.00251021	0.00487009	0.00129202	0.00228836	0.000375094	0.000408383
144	0.056806	0.00804179	0.00349755	0.00763136	0.0158589	0.0113436	0.0029343	0.0393015	0.00724033	0.257181	0.104775	0.00587124	0.00370135	0.0142737	0.0285286	0.082184	0.249575	0.0916203	0.00349746	0.00613717
145	0.561504	0.0135934	0.00207793	0.0026484	0.0111987	0.0278408	0.0064861	0.0299605	0.0020151	0.0218185	0.0125183	0.00319969	0.0108808	0.00255159	0.00388187	0.134146	0.0589297	0.0906858	0.00190656	0.00215594
146	0.0711579	0.00631535	0.0623523	0.0228437	0.0086909	0.111044	0.0253849	0.00943156	0.0237361	0.0159693	0.00614412	0.33172	0.0147162	0.0273659	0.0233178	0.147272	0.0609461	0.0189105	0.00261938	0.0100626
147	0.528805	0.0101165	0.0110962	0.00118823	0.0090303	0.280273	0.00146648	0.00444461	0.001324	0.00746739	0.0041126	0.00367763	0.00466447	0.00218107	0.00544437	0.0992665	0.00932893	0.0121478	0.00280843	0.00115654
148	0.0399957	0.0173786	0.000395681	0.000243398	0.0840231	0.00221216	0.000386356	0.259201	0.00145637	0.302593	0.0354077	0.000599664	0.00451097	0.000927599	0.000978627	0.00574573	0.0271917	0.202786	0.00866229	0.00530361
149	0.380453	0.0259734	0.00456677	0.0030147	0.00606979	0.0226704	0.00184949	0.0177382	0.0074194	0.00635373	0.00412139	0.0135277	0.0046016	0.00383193	0.00754609	0.242164	0.221951	0.0227659	0.00180916	0.00157268
150	0.411918	0.00526594	0.0199466	0.00078337	0.00577358	0.428174	0.000726465	0.00248181	0.000788661	0.0047913	0.00153573	0.00397823	0.00097924	0.00154864	0.00561548	0.0903721	0.004545	0.00751658	0.00222893	0.00103092
151	0.0576229	0.00140482	0.00608427	0.00047419	0.00150302	0.889143	0.000718879	0.00148067	0.000625039	0.00427765	0.00118318	0.00655577	0.000908636	0.00268408	0.00284336	0.0151376	0.00272396	0.00334959	0.000780452	0.000499435
152	0.053538	0.0197768	0.00779477	0.00581036	0.0398994	0.125608	0.00822041	0.0392759	0.0127878	0.261524	0.0825107	0.00983592	0.00766009	0.0147009	0.0242824	0.0417557	0.0422572	0.0414622	0.151416	0.00988365
153	0.240143	0.00437256	0.017002	0.000721835	0.00434127	0.630725	0.00158683	0.00331918	0.00131182	0.00629585	0.00183205	0.00658403	0.00274797	0.00255361	0.00510181	0.0551168	0.00583207	0.00767145	0.00156051	0.00117983
154	0.0391966	0.0101872	0.281096	0.0309372	0.0188158	0.0438099	0.0204599	0.0210409	0.0238823	0.137803	0.013523	0.128318	0.0132353	0.0236224	0.0179607	0.0487954	0.0330743	0.0770272	0.00556646	0.0116488
155	0.159508	0.00771566	0.00276743	0.00222208	0.0299276	0.0117833	0.00243794	0.022595	0.00252175	0.197103	0.277551	0.00248146	0.0033441	0.00362176	0.00445867	0.103796	0.0302009	0.130214	0.00305802	0.00269201
156	0.0219034	0.000616317	0.00475658	0.000379526	0.000859488	0.942865	0.000595953	0.00101126	0.000667154	0.00360942	0.000626618	0.00677479	0.000618892	0.00259776	0.00261545	0.00468284	0.00140751	0.00261714	0.000378911	0.000416225
157	0.229217	0.0150808	0.00785019	0.00482521	0.0183601	0.170223	0.00474386	0.151175	0.00557096	0.0325635	0.015106	0.0112481	0.0132788	0.00746644	0.00973233	0.196036	0.0492101	0.0504522	0.00405414	0.00380625
158	0.206138	0.00316087	0.0227863	0.00248942	0.0029799	0.681844	0.00145169	0.00218723	0.00146796	0.00450963	0.00155586	0.00532995	0.0016699	0.00273656	0.00446065	0.0424744	0.00479869	0.00567386	0.00140254	0.000882243
159	0.0913194	0.0130835	0.0011906	0.000609064	0.0432428	0.0144384	0.000652228	0.229402	0.00361757	0.106559	0.0190286	0.00163124	0.00270267	0.00107596	0.00165079	0.0140978	0.029156	0.402541	0.0184074	0.00559382
160	0.473889	0.0324155	0.00146592	0.00140484	0.0108989	0.0231881	0.00185094	0.0251889	0.0020969	0.013808	0.00764547	0.00468733	0.00578338	0.00279322	0.00404152	0.186323	0.152627	0.0456084	0.00210256	0.00218155
161	0.0443134	0.0250214	0.0564464	0.020171	0.167089	0.0714588	0.100502	0.0314975	0.0254758	0.0463759	0.0113929	0.134937	0.0103382	0.10815	0.0197649	0.0355415	0.0303697	0.0266564	0.00541522	0.0290841
162	0.0208178	0.00701874	0.00208283	0.000732227	0.142248	0.0119237	0.000583518	0.103482	0.00138279	0.467448	0.109171	0.00386197	0.000724984	0.00874544	0.00347734	0.00350722	0.00535658	0.0884562	0.00222723	0.0167516
163	0.0436045	0.0170772	0.000291175	0.000181009	0.0666929	0.0011255	0.00025588	0.265352	0.00161682	0.324745	0.0337229	0.000424549	0.00522679	0.000683927	0.000484856	0.0057475	0.0207598	0.196856	0.0101763	0.00497488
164	0.043018	0.00792689	0.00214541	0.00377972	0.0793939	0.0101258	0.00168882	0.0708592	0.00508526	0.452479	0.152362	0.00363524	0.00260087	0.00692291	0.010543	0.019896	0.0208892	0.0829227	0.0125961	0.01113
165	0.113095	0.00428438	0.00120878	0.00639358	0.00726054	0.00855454	0.00125322	0.00430291	0.00373015	0.0188207	0.00192654	0.00452608	0.759731	0.00178009	0.00979856	0.0425174	0.00436429	0.0042643	0.000932665	0.0012562
166	0.0174145	0.00643926	0.00272779	0.000647581	0.146689	0.0143928	0.000757475	0.104647	0.00110281	0.457008	0.108392	0.00420252	0.000845584	0.0115333	0.00327261	0.00342022	0.00426847	0.0859725	0.00243431	0.023832
167	0.0817279	0.0203439	0.000657054	0.000254605	0.0429166	0.0022347	0.000345025	0.260092	0.00150553	0.22885	0.0183425	0.000668882	0.00464344	0.000576234	0.000617041	0.004785	0.0105966	0.310541	0.0044608	0.00584026
168	0.0207821	0.00332596	0.00165761	0.000725019	0.444764	0.00328529	0.00682059	0.00345094	0.0022898	0.0192763	0.0273548	0.0121334	0.0109621	0.00738586	0.00513025	0.028362	0.00502561	0.0217084	0.00402376	0.371536
169	0.0955627	0.00170494	0.151826	0.223087	0.00186293	0.0511533	0.0304432	0.00410007	0.0713179	0.0460177	0.0041397	0.0197873	0.0236091	0.0835392	0.054841	0.0749155	0.0387684	0.0082564	0.0013873	0.0136799
170	0.256877	0.0144224	0.00189518	0.00123819	0.0615391	0.0916954	0.00202135	0.145281	0.00205017	0.161096	0.0123724	0.00222254	0.00315173	0.00234321	0.0031184	0.0169547	0.0388491	0.142817	0.0359313	0.00412379
171	0.0415361	0.0175845	0.000568196	0.000264606	0.0984082	0.00381896	0.000418942	0.241969	0.00145577	0.318754	0.0521266	0.000910746	0.00382463	0.00153649	0.00118335	0.00561185	0.0163934	0.177987	0.0083116	0.00733575
172	0.058245	0.0220005	0.00935747	0.048295	0.00284668	0.025409	0.0359394	0.0313007	0.154974	0.103939	0.029006	0.015294	0.00499756	0.095978	0.234866	0.0363589	0.0508239	0.024806	0.000927624	0.0146342
173	0.169076	0.0381372	0.0139	0.000747335	0.0603618	0.04001	0.00402437	0.0788906	0.00112623	0.182179	0.0837463	0.00126036	0.0107415	0.00194527	0.00263675	0.0519408	0.110567	0.140911	0.00670066	0.00109841
174	0.0158804	0.00115124	0.172896	0.0641337	0.0193221	0.190756	0.0959398	0.0035368	0.039027	0.0114929	0.0100405	0.182581	0.0122999	0.0563559	0.0189682	0.0503035	0.0325667	0.015403	0.000660887	0.00668434
175	0.182532	0.00565539	0.0222532	0.00206209	0.00654678	0.0686846	0.0269856	0.0710613	0.00452388	0.0629896	0.00684177	0.0594374	0.00397273	0.00439497	0.00543391	0.225609	0.0559683	0.179628	0.00206896	0.00335039
176	0.0922487	0.00248299	0.128549	0.00625629	0.00374849	0.0211456	0.00822568	0.0458507	0.0373044	0.0212	0.00528449	0.065762	0.159378	0.0189453	0.0695789	0.193881	0.0542186	0.0612256	0.00169498	0.00301859
177	0.111296	0.00263516	0.130401	0.00183148	0.00361831	0.0259606	0.00586281	0.0528683	0.048508	0.0271309	0.00483862	0.0621928	0.14923	0.0185218	0.0805302	0.17747	0.028541	0.0649505	0.00137388	0.00223905
178	0.117781	0.0102855	0.245987	0.00643345	0.10396	0.0164705	0.0114173	0.0167218	0.00913048	0.0263464	0.00939666	0.0615393	0.00826977	0.0127289	0.0123026	0.123257	0.086927	0.0217075	0.00484577	0.0944912
179	0.0544679	0.0150632	0.002599	0.0331121	0.0239062	0.00818899	0.00141713	0.0896002	0.0237539	0.0854732	0.112593	0.006212	0.00157415	0.0557578	0.0332333	0.0689257	0.254809	0.124213	0.00103934	0.00406141
180	0.474034	0.0181248	0.00189264	0.00131611	0.0156978	0.117207	0.00116558	0.00489287	0.00107028	0.0037175	0.00757427	0.00176348	0.00794564	0.00313058	0.00857964	0.290005	0.024897	0.0152934	0.000873237	0.000818965
181	0.0343908	0.0369383	0.00400065	0.00303823	0.017242	0.0130259	0.00760797	0.0157148	0.00583818	0.0326156	0.00981742	0.00867682	0.00443148	0.00537682	0.0498349	0.0161891	0.0450958	0.0171428	0.64999	0.0230328
182	0.0231398	0.0126007	0.00742807	0.0104928	0.0105334	0.0106495	0.01372	0.0161981	0.0426167	0.0412627	0.00624847	0.0082042	0.00695405	0.0231124	0.690754	0.0274892	0.0137685	0.0197672	0.00294956	0.012111
183	0.0423249	0.016493	0.000259419	0.000144829	0.069317	0.00102972	0.000218917	0.269742	0.001451	0.326261	0.0336265	0.000304428	0.0053827	0.000491443	0.000433595	0.00499354	0.0186153	0.191413	0.0118021	0.00569659
184	0.409275	0.044348	0.0015197	0.000980099	0.00680639	0.0221305	0.00116475	0.0167726	0.00378067	0.00545586	0.00442941	0.00603899	0.0032614	0.00190292	0.00560634	0.257951	0.183263	0.0219814	0.00159948	0.00173353
185	0.0164335	0.00476159	0.0018608	0.000988409	0.293069	0.00500639	0.00603763	0.122087	0.00218309	0.122483	0.0571529	0.00727435	0.00887112	0.00438031	0.00723096	0.0133573	0.00690431	0.0765016	0.0380674	0.205349
186	0.120261	0.0143785	0.00109	0.00406349	0.0836354	0.0199989	0.00234581	0.181715	0.0089682	0.243836	0.0291014	0.00119671	0.00413853	0.00157617	0.0312115	0.011908	0.0179472	0.15231	0.038921	0.0313974
187	0.0660507	0.0175216	0.000954676	0.00039872	0.0424979	0.00392351	0.000423869	0.244545	0.00167064	0.170107	0.015585	0.00122566	0.00294876	0.000914288	0.000821922	0.00594944	0.0160423	0.399424	0.00353518	0.00546071
188	0.113807	0.00414067	0.0022068	0.00671993	0.00836444	0.0101075	0.0018608	0.00512413	0.00401429	0.0192867	0.00265051	0.00546236	0.743078	0.00221813	0.0102229	0.0438458	0.00668832	0.00683573	0.00139857	0.00196809
189	0.420572	0.0560374	0.00631784	0.00301902	0.0119129	0.268329	0.00366265	0.0168863	0.0039905	0.0411488	0.00761526	0.00874433	0.00554527	0.00554796	0.00625417	0.0626409	0.0152031	0.0285442	0.0246885	0.00334014
190	0.199242	0.0220928	0.00243306	0.000274504	0.0482548	0.0265518	0.00190984	0.0979505	0.000362026	0.187594	0.0737206	0.000494532	0.00743755	0.000512845	0.00201978	0.0639921	0.105686	0.150589	0.00848886	0.000393607
191	0.0330028	0.0121172	0.00124708	0.000611687	0.177173	0.0123143	0.000513498	0.101305	0.0017182	0.413145	0.129516	0.00333458	0.000661637	0.00610057	0.00202586	0.00391493	0.00452175	0.0852698	0.00101803	0.0104898
