517	20
1	0.126291	0.00234916	0.00218557	0.0147224	0.00218092	0.129093	0.0150253	0.00317454	0.107869	0.200876	0.0245812	0.0722593	0.00128331	0.104465	0.0919863	0.0535196	0.0289959	0.00507834	0.00103471	0.0130298
2	0.016065	0.00696054	0.00410597	0.00230401	0.0597468	0.00239071	0.000701995	0.197187	0.00041689	0.373666	0.144229	0.000621631	0.000313125	0.00124486	0.00173354	0.00168889	0.0228625	0.150568	0.000423683	0.0127701
3	0.0169863	0.0027466	0.331369	0.0377844	0.0132579	0.00364849	0.165824	0.0274283	0.0540611	0.0297995	0.00361857	0.142126	0.00302248	0.045558	0.0412717	0.0121866	0.0397667	0.0242214	0.000723383	0.00459991
4	0.12871	0.0128381	0.0413431	0.0633861	0.00114373	0.0534154	0.0245497	0.00392213	0.218289	0.0241991	0.00399434	0.0280229	0.00395611	0.0676153	0.236401	0.0245895	0.0385813	0.0191688	0.00259231	0.00328204
5	0.0149442	0.00525147	0.00120507	0.0012871	0.246185	0.00450909	0.0222187	0.00459008	0.00277408	0.0376252	0.00827125	0.00168549	0.0060235	0.00980416	0.00731324	0.0133455	0.00285553	0.00293703	0.413005	0.194168
6	0.0265439	0.00485437	0.00459456	0.00564122	0.176363	0.00560643	0.026304	0.00700858	0.0106899	0.0188671	0.0589909	0.00553962	0.0047565	0.0440648	0.0923392	0.0217738	0.0148675	0.0432082	0.406863	0.0211232
7	0.04178	0.00785119	0.023164	0.0621005	0.000816752	0.0172009	0.0577948	0.00907499	0.244816	0.0319042	0.0199109	0.0531258	0.00100337	0.0733643	0.30338	0.0266221	0.0164853	0.0047271	0.00144296	0.00343457
8	0.538709	0.0439984	0.00089523	0.00162297	0.00255558	0.0130225	0.00331525	0.0424178	0.00136899	0.0219341	0.0172514	0.00128892	0.00177825	0.00327728	0.00475408	0.0403595	0.101568	0.157077	0.000811317	0.00199395
9	0.236998	0.134033	0.00468234	0.00583727	0.00500646	0.0198929	0.00665623	0.00850725	0.00340494	0.0328793	0.00556204	0.0285212	0.0021292	0.0059567	0.00586406	0.292154	0.175783	0.0203426	0.00206685	0.00372212
10	0.0638556	0.27421	0.157232	0.00555673	0.00459751	0.00570987	0.0076569	0.0073723	0.00515894	0.087964	0.064947	0.173657	0.00235902	0.00608588	0.00606183	0.0667356	0.0123409	0.0410416	0.00246459	0.00499267
11	0.0118972	0.00882333	0.00398933	0.00427435	0.281023	0.00678321	0.0224738	0.00450316	0.000902695	0.0168497	0.00811175	0.00720807	0.00239438	0.00590495	0.00308442	0.00204303	0.0134799	0.00653672	0.035209	0.554508
12	0.00850007	0.00187612	0.000347566	0.000581181	0.0111358	0.000440417	0.000606247	0.0997069	0.00060475	0.770782	0.0268452	0.000550635	0.000655286	0.00203417	0.000659221	0.00125079	0.00305814	0.0686657	0.00123979	0.000459692
13	0.297194	0.0888095	0.00101868	0.00258222	0.00139333	0.077997	0.00478632	0.022334	0.000820791	0.0103222	0.0053605	0.00277709	0.000455705	0.00436308	0.00237464	0.361971	0.067339	0.0450173	0.00167515	0.00140859
14	0.267556	0.00829258	0.00115884	0.00114482	0.00528992	0.0225817	0.00169275	0.133072	0.00093987	0.0957801	0.0124356	0.0092418	0.00233654	0.00165239	0.00154595	0.0407819	0.0938525	0.292519	0.00701712	0.00110925
15	0.0712532	0.000282232	0.17125	0.491208	0.000481492	0.0129479	0.00999348	0.00230691	0.0581212	0.00605328	0.00254711	0.0198162	0.00813228	0.0586502	0.0178424	0.0315556	0.0266931	0.0102855	0.000127961	0.000452412
16	0.0125896	0.00381825	0.371586	0.0085326	0.00557055	0.0039094	0.312009	0.00862324	0.008317	0.0118512	0.00481453	0.0451856	0.00223621	0.149687	0.00903106	0.0104211	0.014881	0.0110718	0.00218082	0.00368436
17	0.0221099	0.00181329	0.000474362	0.00308397	0.0143178	0.00304267	0.00204662	0.344988	0.000313643	0.113	0.024917	0.00056933	0.000784033	0.000939183	0.00163608	0.00357976	0.024265	0.435314	0.000724806	0.0020808
18	0.0622094	0.0131448	0.0285713	0.0509712	0.00562896	0.0173112	0.0399931	0.0160366	0.338347	0.0407855	0.0141143	0.0416385	0.0122937	0.0463043	0.163761	0.0333441	0.0402507	0.0231343	0.00458236	0.00757802
19	0.105851	0.00201485	0.00324093	0.0273018	0.015111	0.00288652	0.0701663	0.0693976	0.0705547	0.0508812	0.0143266	0.0517351	0.290951	0.0187846	0.066128	0.0679215	0.0183298	0.0380415	0.00103062	0.0153453
20	0.0815573	0.0075325	0.0108976	0.0209768	0.00800094	0.0087427	0.11951	0.00605211	0.235921	0.0925733	0.00579311	0.0256871	0.00244572	0.0413363	0.246547	0.0264835	0.0193659	0.0114749	0.00470994	0.0243924
21	0.014998	0.00315741	0.00274526	0.0012196	0.000273297	0.954714	0.00305375	0.000333165	0.00038797	0.000511376	0.000316724	0.00276907	0.00014944	0.000468086	0.00127536	0.00586504	0.00452664	0.00170411	0.00013165	0.00139992
22	0.0143638	0.00232972	0.0158855	0.018124	0.00357362	0.00634585	0.754369	0.00428662	0.00557509	0.0199223	0.00222424	0.0729161	0.00138433	0.0252376	0.0122593	0.00577163	0.0147697	0.00627127	0.000868857	0.013522
23	0.0163162	0.00919572	0.00232565	0.00249409	0.356768	0.00833541	0.018526	0.00432642	0.00250193	0.0306823	0.0135049	0.00373131	0.00559601	0.00790872	0.00665203	0.00999201	0.00985379	0.00660657	0.290515	0.194167
24	0.0149139	0.00355126	0.00320361	0.00126475	0.000371253	0.952605	0.00328985	0.000427725	0.000469088	0.000710281	0.000328584	0.00333785	0.000147339	0.000577843	0.0013025	0.00555052	0.00449672	0.00186413	0.000192721	0.00139471
25	0.132803	0.00978933	0.00174596	0.0032034	0.000981185	0.0150859	0.00308125	0.00902245	0.00107521	0.00542965	0.0036257	0.00456212	0.000645469	0.00284892	0.00157976	0.177891	0.598391	0.0266623	0.000575987	0.000999511
26	0.0859163	0.129389	0.0610379	0.00655235	0.00575389	0.0067733	0.00875569	0.0598605	0.00487606	0.0125037	0.00683979	0.0101391	0.00439497	0.00663317	0.00586371	0.210724	0.0914122	0.275326	0.00304245	0.00420598
27	0.248838	0.0042815	0.0140378	0.00245004	0.000737212	0.0486306	0.0187988	0.00111209	0.00152695	0.00284576	0.00437926	0.00363318	0.42461	0.0143289	0.00843666	0.152801	0.0289657	0.018476	0.000371296	0.000739039
28	0.209929	0.00459201	0.0247328	0.0149309	0.00203169	0.108851	0.0184975	0.00357176	0.00901484	0.00562968	0.00514354	0.0334222	0.296135	0.0132452	0.0133745	0.176953	0.0380717	0.0167626	0.00190275	0.00320915
29	0.0220068	0.00592318	0.00581777	0.00886843	0.0135847	0.0066562	0.0115693	0.208284	0.00583653	0.312771	0.0315628	0.0100563	0.0028319	0.203697	0.00951811	0.0127404	0.0222611	0.0994028	0.00251477	0.00409706
30	0.0902673	0.0159643	0.0134166	0.00401726	0.0015733	0.00738005	0.0288181	0.0799629	0.00183567	0.0206407	0.00236336	0.364234	0.0169806	0.00554365	0.0052144	0.141929	0.155902	0.0415016	0.000681766	0.00177308
31	0.00739872	0.000569677	0.000547934	0.000695049	0.765492	0.000644472	0.00075992	0.0102236	0.000544588	0.11486	0.0448933	0.000849238	0.000296411	0.000582744	0.000650902	0.001132	0.00139795	0.0186313	0.00934516	0.0204852
32	0.0718284	0.0150623	0.000513389	0.00216324	0.0106727	0.00106706	0.00765847	0.262407	0.000462892	0.266142	0.0264811	0.00157936	0.000334545	0.00152178	0.00138393	0.00670881	0.022228	0.289134	0.000335784	0.0123158
33	0.0137762	0.00435349	0.00177279	0.0022229	0.137963	0.00321475	0.0489524	0.0282088	0.00254132	0.0823324	0.024599	0.00294741	0.00697332	0.00647945	0.00991203	0.0153791	0.0058258	0.00578777	0.293186	0.303572
34	0.546864	0.0253685	0.000672204	0.00160419	0.00130049	0.0187907	0.00257684	0.04061	0.00156403	0.0277321	0.0186589	0.00107392	0.000704785	0.00295272	0.00221673	0.050336	0.121638	0.13361	0.000420926	0.00130573
35	0.0483423	0.00447157	0.0235266	0.0392982	0.00419196	0.0267059	0.494025	0.00360654	0.025436	0.0429472	0.00432345	0.102551	0.00357064	0.0661294	0.0418578	0.0183252	0.0202844	0.0070766	0.00202147	0.0213093
36	0.0494373	0.0124115	0.00275424	0.00943315	0.065834	0.00884976	0.00479228	0.141154	0.00119651	0.322243	0.173205	0.0043664	0.00242372	0.00443726	0.0028089	0.00863497	0.0335729	0.138829	0.00179236	0.0118237
37	0.0404461	0.00377953	0.104969	0.032416	0.0160723	0.135846	0.0139382	0.00487177	0.0090898	0.00581209	0.00363603	0.221258	0.00622798	0.0904826	0.010735	0.176792	0.0851177	0.00686309	0.0195002	0.0121472
38	0.095976	0.010987	0.0266853	0.0260417	0.0100767	0.0729709	0.0290206	0.0121701	0.0274285	0.0667092	0.0110722	0.0815298	0.0590535	0.0261594	0.205993	0.0573502	0.0375807	0.020507	0.0541338	0.0685537
39	0.141312	0.0157334	0.000554712	0.00365712	0.0133348	0.000640251	0.00729418	0.162274	0.000468137	0.317076	0.0231165	0.000852859	0.000333308	0.000814693	0.000676291	0.00492262	0.0120886	0.270677	0.000556371	0.0236162
40	0.0332507	0.00734556	0.00658305	0.0106652	0.0296783	0.00542	0.0149499	0.293921	0.00553299	0.229755	0.0410679	0.0100474	0.0036415	0.0160495	0.0282246	0.0124922	0.0620478	0.174188	0.000970972	0.0141681
41	0.0635322	0.0360376	0.00240648	0.00385098	0.00167049	0.00217835	0.016269	0.0111086	0.339271	0.0189117	0.00246393	0.0685756	0.000854086	0.0346553	0.277022	0.0268067	0.0583647	0.0320116	0.00228972	0.00171963
42	0.00852063	0.00405085	0.00273406	0.000822274	0.101894	0.000843067	0.000693141	0.208417	0.00050738	0.396169	0.129504	0.00065149	0.000328535	0.00080455	0.00303289	0.00113648	0.00947013	0.116932	0.000586445	0.0129029
43	0.026414	0.0115511	0.0040527	0.00303909	0.488859	0.0119762	0.00596547	0.0114128	0.000943488	0.0996409	0.00895026	0.0170041	0.00102952	0.0026336	0.00196147	0.00256074	0.00876254	0.0186614	0.0196216	0.254959
44	0.00566776	0.00154297	0.000438056	0.00165635	0.00671877	0.000528483	0.00143572	0.529716	0.000324812	0.0834842	0.0129551	0.000530578	0.000217783	0.000451612	0.00112938	0.000956867	0.00346225	0.347992	0.000210968	0.000580594
45	0.259384	0.110629	0.00309207	0.0489736	0.00357868	0.022002	0.0192339	0.0968275	0.00255051	0.00789421	0.0372731	0.00362153	0.00166136	0.0033016	0.00303258	0.133288	0.086055	0.0981161	0.0445495	0.0149352
46	0.0199142	0.00373384	0.003851	0.00193214	0.000545615	0.936712	0.00355335	0.000828098	0.000560795	0.000814485	0.000753509	0.00422099	0.000206325	0.0010831	0.00124616	0.00780569	0.00643163	0.00390153	0.000313316	0.00159237
47	0.183637	0.00483541	0.0342492	0.0216859	0.00108999	0.0550143	0.0180904	0.00177836	0.0119153	0.00434514	0.00572209	0.0109205	0.406425	0.0133136	0.0158627	0.152337	0.0392559	0.0161952	0.000882478	0.00244586
48	0.0144931	0.00326195	0.00344471	0.00119483	0.000263482	0.954042	0.00325078	0.000344346	0.000460994	0.000555027	0.000332107	0.00370033	0.000153378	0.000564608	0.00119478	0.00501062	0.00450072	0.00170256	0.000134881	0.00139521
49	0.0155114	0.00199525	0.0109353	0.0155862	0.00366816	0.00573216	0.755588	0.00436545	0.00509485	0.0205228	0.00218079	0.0743825	0.00129926	0.0255845	0.0111947	0.00770547	0.0157618	0.00761563	0.00098359	0.0142927
50	0.0296096	0.00901036	0.00216028	0.0018269	0.000647364	0.910795	0.00372511	0.0019103	0.000675636	0.00209112	0.00115861	0.00268957	0.00044424	0.000734693	0.002217	0.0171539	0.00739364	0.0028388	0.000581406	0.00233691
51	0.726403	0.00482863	0.00199644	0.00328651	0.0160866	0.0768555	0.00221185	0.00316913	0.00215932	0.00373395	0.00513181	0.00346056	0.00351426	0.0019977	0.00170122	0.101629	0.0224279	0.0162372	0.000859473	0.00230964
52	0.0955175	0.016381	0.0601251	0.0631508	0.00542394	0.0255324	0.0464087	0.0112167	0.0279238	0.015663	0.00712231	0.151526	0.152111	0.119471	0.0287973	0.108279	0.0386544	0.0151219	0.00375211	0.00782172
53	0.771337	0.00246327	0.000738951	0.00122044	0.00976033	0.0614681	0.0012219	0.00104368	0.000781306	0.00170278	0.00347558	0.0012818	0.00327081	0.000964906	0.000852784	0.0991021	0.0222065	0.0161424	0.000313742	0.000651949
54	0.0495971	0.00260032	0.000933482	0.00649077	0.043565	0.00861903	0.00140704	0.251498	0.000589072	0.103282	0.115605	0.000948388	0.00690604	0.00202124	0.00123426	0.0147317	0.0333223	0.349452	0.000826909	0.00637027
55	0.0386099	0.00339385	0.00202205	0.00839355	0.0421365	0.00239207	0.0326379	0.205158	0.00255781	0.291928	0.0443795	0.0271734	0.000666154	0.040604	0.0199986	0.0198627	0.0492394	0.164354	0.00107522	0.0034176
56	0.379282	0.0208747	0.00684734	0.0108853	0.00142054	0.113992	0.00663875	0.00321548	0.00103486	0.00333642	0.00185124	0.0283697	0.00143842	0.00238217	0.00179441	0.385387	0.0215851	0.0083358	0.000379798	0.000950214
57	0.0970506	0.0582806	0.00590773	0.0314836	0.00307055	0.00494674	0.0813723	0.00482619	0.00329493	0.00812986	0.00400797	0.356344	0.0294833	0.162641	0.00529864	0.10044	0.0291973	0.0080398	0.00143732	0.00474818
58	0.395404	0.0173209	0.0019765	0.00193157	0.0115813	0.0141038	0.00233948	0.00548677	0.00177601	0.0964127	0.00264064	0.00249874	0.00166535	0.00228434	0.00199217	0.254815	0.0678371	0.115502	0.00106	0.00137242
59	0.014622	0.0052962	0.00122787	0.001283	0.24304	0.00443893	0.0221502	0.00466631	0.00278536	0.0378403	0.0084719	0.00163989	0.00620213	0.00945817	0.00731414	0.012963	0.00277217	0.00291099	0.416335	0.194582
60	0.00944747	0.00393632	0.00237789	0.0029488	0.0296513	0.00122623	0.00103447	0.133615	0.00434491	0.578703	0.164363	0.00132876	0.000914386	0.00255252	0.0029134	0.00398359	0.00739438	0.0392509	0.00547449	0.00453965
61	0.0548437	0.00175693	0.338212	0.29294	0.00258791	0.0178091	0.0187213	0.00559202	0.0437659	0.00894286	0.00342189	0.0571945	0.0150377	0.0391398	0.0199633	0.0321751	0.0345211	0.0105991	0.0007228	0.00205353
62	0.0121702	0.00287007	0.029137	0.00403072	0.000669068	0.889322	0.00624122	0.000904104	0.00377476	0.0014591	0.00117807	0.0250392	0.000471326	0.00362081	0.00189256	0.00756809	0.00515491	0.00241358	0.000472153	0.00161162
63	0.0332793	0.0208998	0.0014954	0.00670205	0.000941988	0.00357541	0.00619275	0.00963103	0.000842838	0.0062951	0.00162477	0.00603178	0.000432559	0.00133572	0.00124441	0.460011	0.405523	0.0325356	0.000512495	0.000893099
64	0.01867	0.00653406	0.00221431	0.00341767	0.127933	0.00390232	0.0490729	0.0762878	0.00354443	0.28388	0.0731563	0.00532318	0.00536631	0.00552313	0.0119499	0.0116194	0.0136995	0.0214429	0.106736	0.169728
65	0.0410012	0.00132255	0.0561885	0.0269171	0.000768141	0.0343564	0.00107867	0.00106925	0.00955883	0.00150244	0.000906251	0.0369925	0.02662	0.0076003	0.0108054	0.444233	0.294114	0.00399521	0.000294953	0.000674853
66	0.106946	0.00170467	0.156487	0.365077	0.00170957	0.0116308	0.0226626	0.00731756	0.0794567	0.00727151	0.00321497	0.026766	0.0119963	0.0684993	0.0349409	0.0353238	0.0337028	0.0235099	0.00127443	0.000507516
67	0.0442127	0.0251611	0.0137847	0.00234554	0.103958	0.0130336	0.0160086	0.191634	0.00169308	0.107478	0.00231964	0.0146308	0.0010075	0.00326963	0.0620576	0.00464973	0.152226	0.186287	0.000998194	0.0532457
68	0.00789201	0.00860419	0.00670268	0.00700821	0.192164	0.00554461	0.0244006	0.00277923	0.000804526	0.00858005	0.00522123	0.0089661	0.00243422	0.00870763	0.00563163	0.00188484	0.00865109	0.00420949	0.029575	0.660239
69	0.214285	0.00435352	0.0233057	0.00982062	0.000812502	0.0472743	0.0218241	0.00114041	0.00543555	0.00308233	0.00531297	0.00405625	0.43645	0.0133732	0.0119868	0.14769	0.0311651	0.0173142	0.000329524	0.000988057
70	0.0388538	0.00160005	0.0209014	0.138761	0.029235	0.00204499	0.0172684	0.00253313	0.0449997	0.0359984	0.0178227	0.0229723	0.0238903	0.444188	0.0914897	0.00343276	0.0237461	0.0155134	0.0106727	0.0140766
71	0.0153782	0.00336014	0.270354	0.00503581	0.00368335	0.0485319	0.00591764	0.0134474	0.00219899	0.005471	0.00259126	0.367432	0.00208902	0.0103663	0.0027842	0.135744	0.0931538	0.0080727	0.00188773	0.00250018
72	0.0611928	0.0017328	0.0108571	0.439372	0.00173198	0.0428733	0.0120439	0.0757067	0.0363197	0.0921182	0.0207228	0.0020621	0.00103102	0.00230954	0.0204216	0.0035712	0.0800441	0.0935182	0.000795254	0.0015765
73	0.130905	0.000509419	0.159536	0.389006	0.000921534	0.0136972	0.0146886	0.00165796	0.0637832	0.00570169	0.00233647	0.0206491	0.0112932	0.0669528	0.0281168	0.0350299	0.0348801	0.0178087	0.00213956	0.000386927
74	0.0141458	0.00282609	0.0427653	0.0100404	0.00125195	0.830996	0.00855565	0.00154894	0.00795294	0.00237114	0.00129794	0.0361977	0.000823798	0.00833753	0.00499977	0.0109028	0.00820001	0.00328756	0.00120447	0.00229465
75	0.00699365	0.00266575	0.000995952	0.00245511	0.0219024	0.000835691	0.000775301	0.126289	0.00399348	0.664687	0.124642	0.000802237	0.00055067	0.00089491	0.0023949	0.0034954	0.00373446	0.0230176	0.00647927	0.00239529
76	0.113525	0.00159431	0.0140331	0.047329	0.00188616	0.0324179	0.0366841	0.00760517	0.0966663	0.0444251	0.00159117	0.0208067	0.0011522	0.242886	0.170002	0.0333202	0.101984	0.0130084	0.0112603	0.00782191
77	0.0459433	0.006569	0.0182323	0.0568525	0.000655911	0.0123282	0.0523044	0.00849613	0.27253	0.0386471	0.0214699	0.0454192	0.000328006	0.077806	0.293479	0.0284277	0.0154402	0.00176616	0.000918609	0.00238681
78	0.0262631	0.00182375	0.000719689	0.00114878	0.183007	0.00286358	0.00638973	0.0664606	0.000564994	0.475273	0.134656	0.00570813	0.00142122	0.00190038	0.00144143	0.00301734	0.00943769	0.0466614	0.00522218	0.0260199
79	0.0220966	0.295358	0.0079912	0.00896963	0.20889	0.00863663	0.00991949	0.0706017	0.00655245	0.0164246	0.0457121	0.010175	0.00446719	0.00984431	0.00860707	0.0147029	0.0170527	0.183644	0.00298102	0.0473728
80	0.0633911	0.0256942	0.00338511	0.00592435	0.000898024	0.00359695	0.0158745	0.00976789	0.352758	0.0130932	0.00230677	0.0569103	0.000790526	0.0352491	0.290998	0.034482	0.0576931	0.0241288	0.00173784	0.00132052
81	0.0741715	0.00191342	0.0320708	0.0513046	0.00235892	0.0233852	0.0369297	0.0172341	0.146068	0.0307483	0.00248596	0.0182047	0.000520799	0.146508	0.20669	0.0470208	0.0891416	0.0257083	0.0278016	0.0197341
82	0.0121339	0.00491429	0.00183315	0.00205956	0.71532	0.00268689	0.00443532	0.00975533	0.00083268	0.0797126	0.0358515	0.00250394	0.00144512	0.00241628	0.00148163	0.0020426	0.00851799	0.0191702	0.0207923	0.0720948
83	0.131526	0.00585696	0.0430661	0.0235732	0.00304897	0.0354779	0.0170487	0.00845491	0.0157378	0.00997523	0.0062986	0.0264838	0.229973	0.0137668	0.0168129	0.290521	0.0998845	0.0179938	0.00121255	0.00328753
84	0.107678	0.00615327	0.00671693	0.00734457	0.0962456	0.00664179	0.0707814	0.0156159	0.00616588	0.073304	0.0112509	0.0087964	0.00495549	0.00877311	0.0433391	0.130354	0.0978017	0.0415891	0.171845	0.0846474
85	0.159403	0.00501077	0.0349094	0.0150017	0.00302395	0.0362963	0.012167	0.00431259	0.00836593	0.00652313	0.00366673	0.0263322	0.221416	0.0107548	0.0101994	0.268965	0.154511	0.0167964	0.000696516	0.00164813
86	0.0547497	0.0265433	0.00923553	0.00755486	0.00400605	0.59672	0.0343646	0.00599489	0.0105591	0.010261	0.00525952	0.0349619	0.00484992	0.00635466	0.0395979	0.0409354	0.0324281	0.0100006	0.00436712	0.0612561
87	0.0146115	0.00320319	0.00181033	0.0012026	0.000230058	0.958953	0.00289252	0.000308024	0.000208599	0.000501067	0.000300915	0.00173656	0.000127764	0.000300495	0.0011303	0.00482215	0.00451382	0.00165248	0.000116086	0.00137855
88	0.133088	0.0239222	0.0157847	0.00956478	0.00269867	0.166489	0.00567594	0.0066046	0.00596184	0.00608504	0.00527469	0.019837	0.00800994	0.00981391	0.00892773	0.489715	0.0636259	0.0134917	0.00284199	0.00258768
89	0.0310516	0.00561644	0.0225465	0.0717166	0.00692319	0.0108947	0.59727	0.00740748	0.0136339	0.0262746	0.00503592	0.075245	0.00388894	0.0303984	0.0273138	0.0150795	0.018189	0.0112272	0.00154688	0.0187402
90	0.492121	0.0655183	0.00182758	0.00316451	0.0397537	0.0271295	0.00384795	0.0580685	0.00185947	0.0314412	0.0520966	0.00229339	0.00244436	0.00310446	0.00332395	0.0197582	0.0569179	0.0952189	0.00196438	0.0381464
91	0.0492035	0.00230375	0.0594799	0.0215683	0.000891985	0.0256844	0.00369452	0.00670639	0.00879787	0.00215612	0.00158724	0.0878937	0.0269156	0.00587819	0.00907052	0.415188	0.265176	0.00605099	0.000479104	0.00127344
92	0.245511	0.00427359	0.0147665	0.0027554	0.000707325	0.0482789	0.0195633	0.00109483	0.00160483	0.00285419	0.0045153	0.00362892	0.425422	0.0144265	0.00868507	0.153071	0.0292144	0.0184904	0.00036018	0.000776791
93	0.0327342	0.00249138	0.00921299	0.165695	0.0122342	0.0176853	0.0300409	0.0100714	0.0363053	0.0730273	0.0546511	0.00944364	0.0488966	0.313667	0.0491317	0.01551	0.0769543	0.0318202	0.00426398	0.00616354
94	0.180289	0.0158576	0.00296105	0.00281124	0.00565952	0.0140131	0.00568209	0.111662	0.00180115	0.123619	0.0098881	0.0260745	0.00264304	0.00698539	0.00309234	0.041102	0.136557	0.301585	0.00475783	0.00295963
95	0.0414675	0.000775051	0.0018249	0.00147067	0.000823903	0.0058447	0.00391768	0.00325786	0.00307672	0.00732928	0.00131734	0.00142643	0.881201	0.00304403	0.00192075	0.00787137	0.0148387	0.0174554	0.000305383	0.000831527
96	0.0146697	0.00319844	0.00221337	0.0011905	0.000261376	0.956101	0.00294541	0.000326534	0.000310087	0.000511404	0.000367517	0.00222625	0.00015344	0.000366607	0.00121793	0.00626676	0.0045091	0.00166876	0.000120034	0.00137528
97	0.157837	0.10103	0.00834529	0.00952201	0.0050837	0.0591599	0.0413482	0.0195168	0.00511532	0.0160938	0.00906855	0.0179782	0.00403091	0.0574729	0.00740118	0.371169	0.0434541	0.0580942	0.00368214	0.00459714
98	0.0107162	0.00479381	0.00424694	0.0013847	0.0656388	0.00162654	0.000863337	0.260235	0.000677704	0.36525	0.114694	0.000741185	0.00032398	0.00205683	0.00346173	0.00154711	0.0162554	0.132983	0.000499297	0.0120038
99	0.0129963	0.00131403	0.00948058	0.0138957	0.00178482	0.00545037	0.712975	0.00205279	0.00448165	0.0266186	0.00261978	0.1391	0.000681807	0.0246904	0.00693104	0.0053599	0.0103436	0.00311711	0.000542599	0.0155646
100	0.0414007	0.00528296	0.0339874	0.613436	0.00823555	0.014966	0.0196642	0.0191841	0.023133	0.057032	0.0132905	0.0128521	0.0042144	0.037216	0.0150427	0.0150196	0.0353773	0.0225889	0.00203076	0.00604539
101	0.0169845	0.00376576	0.00255672	0.00147795	0.000304159	0.948571	0.00292636	0.000427486	0.000626813	0.000586836	0.000521107	0.0027207	0.00020057	0.000465804	0.0013712	0.00869653	0.00462176	0.00166198	0.000120314	0.00139272
102	0.0143518	0.00312799	0.00351381	0.00139229	0.000285297	0.951952	0.00410695	0.000342863	0.000629267	0.000660898	0.000382342	0.00360905	0.000147424	0.000717875	0.00148728	0.00553501	0.00453116	0.00171407	0.000127914	0.00138436
103	0.0731183	0.00158425	0.113631	0.518354	0.0047461	0.0123581	0.0179511	0.00472487	0.0438518	0.0104024	0.0047902	0.0168067	0.00820016	0.0807324	0.0221937	0.027694	0.0242189	0.0115474	0.00101035	0.00208472
104	0.0496158	0.0126174	0.0154524	0.013219	0.0289641	0.0114933	0.016466	0.0652229	0.0168486	0.500804	0.0469854	0.0147802	0.00687921	0.0174245	0.0231591	0.0620889	0.0277829	0.0516261	0.00710275	0.0114671
105	0.0149325	0.00322585	0.00325582	0.00139797	0.000353995	0.950783	0.00302798	0.000345891	0.000605239	0.000618532	0.000362517	0.00376097	0.000146537	0.00101693	0.00123658	0.00653055	0.00478534	0.00177281	0.000280969	0.00155978
106	0.0315013	0.00761561	0.0159592	0.0160481	0.0878752	0.0117254	0.0305458	0.013245	0.0115163	0.0257785	0.00986088	0.0170691	0.0776516	0.0147322	0.0181181	0.0230113	0.0191418	0.0164684	0.0557598	0.496377
107	0.315942	0.0505279	0.00117118	0.00137431	0.00178431	0.0763701	0.00446009	0.00751855	0.000787909	0.0141014	0.00311885	0.00357801	0.00137678	0.00380872	0.00201921	0.428941	0.0467601	0.0350534	0.000568559	0.000737975
108	0.00849416	0.00188044	0.000348415	0.000578778	0.0111166	0.00044076	0.000613529	0.0997296	0.00060179	0.770662	0.0268428	0.000551535	0.000662571	0.00204423	0.000658839	0.00125061	0.00307257	0.0687513	0.00123985	0.00045944
109	0.386172	0.0151123	0.00203513	0.00208181	0.0107311	0.0128851	0.00248222	0.00433113	0.00191948	0.0990147	0.00233425	0.00263221	0.00175217	0.00242929	0.00194099	0.268329	0.0624004	0.118985	0.000998537	0.00143245
110	0.0543596	0.00992794	0.0143239	0.0126811	0.0159658	0.00833039	0.163302	0.132988	0.00944465	0.0870812	0.0149862	0.0223947	0.00504916	0.0130348	0.0323391	0.040291	0.0988843	0.234364	0.00329601	0.0269554
111	0.760976	0.00256673	0.000981876	0.00151959	0.00831192	0.0637817	0.0014381	0.00107867	0.000878197	0.00171245	0.00336205	0.00213348	0.00336611	0.00100652	0.000796358	0.108647	0.0218644	0.0146034	0.00032014	0.000655033
112	0.0423972	0.0181505	0.00281335	0.00348203	0.51558	0.00674103	0.0199606	0.0136793	0.00119962	0.0122926	0.014859	0.00419675	0.00247754	0.00894933	0.00183806	0.00275202	0.0589142	0.0163804	0.0315619	0.221775
113	0.0147434	0.00320403	0.0023352	0.00121442	0.000252749	0.956248	0.00298172	0.000329511	0.000318048	0.000513733	0.000337534	0.00256622	0.00015396	0.000437596	0.00115421	0.00542013	0.00456213	0.00169335	0.00014149	0.00139248
114	0.793144	0.0027404	0.000678055	0.00209062	0.00524196	0.0375288	0.00112992	0.00128563	0.000725132	0.00155695	0.0087089	0.00107316	0.00334269	0.000770944	0.000729346	0.105114	0.0220665	0.0111351	0.000354262	0.000584236
115	0.0138605	0.00455063	0.000504841	0.00142621	0.0032953	0.00372049	0.000837744	0.210967	0.000542932	0.0190001	0.0110999	0.000619217	0.0004341	0.000814233	0.000618208	0.00584806	0.0136381	0.707105	0.000382556	0.000734825
116	0.0304121	0.00310013	0.000919474	0.0020332	0.211307	0.00322462	0.00966204	0.0285162	0.000727088	0.46763	0.129539	0.00716452	0.00197497	0.0035561	0.000980964	0.00387568	0.01201	0.0273232	0.00601363	0.0500298
117	0.0145422	0.00234413	0.558921	0.0909837	0.00193602	0.0420041	0.0163816	0.00572519	0.0132928	0.00806195	0.00195493	0.151592	0.00278278	0.0178011	0.00706848	0.0328864	0.0219111	0.00653709	0.00113746	0.00213523
118	0.0401228	0.00459771	0.0453783	0.0172954	0.00533736	0.00920916	0.304218	0.00439085	0.0536375	0.0192554	0.0137358	0.295503	0.00152396	0.0305419	0.054107	0.0310046	0.0250404	0.00817403	0.00101881	0.0359074
119	0.0737379	0.00453458	0.0507676	0.0510378	0.00517736	0.0186254	0.023246	0.0192106	0.0917231	0.0177881	0.0074978	0.0229856	0.439248	0.0170035	0.0394595	0.0527104	0.0338605	0.0234091	0.00147276	0.00650426
120	0.00438548	0.00149328	0.645548	0.103229	0.00124631	0.0421614	0.00909686	0.00245825	0.00861034	0.00638599	0.00143071	0.130346	0.000710317	0.0147425	0.00180624	0.0149728	0.00631939	0.00331443	0.000560864	0.001182
121	0.0361196	0.00605572	0.00873517	0.0289974	0.0230581	0.00808485	0.0296436	0.113328	0.0124305	0.274943	0.0987677	0.0165905	0.0100534	0.108682	0.0351947	0.0219673	0.0511392	0.112799	0.000980877	0.00242966
122	0.0111074	0.00321771	0.000995402	0.000496176	0.017714	0.00293683	0.00246174	0.377934	0.000393054	0.311248	0.0321567	0.00150803	0.000250631	0.0055953	0.00383606	0.00200574	0.0211863	0.202689	0.000203523	0.00206435
123	0.522888	0.0463531	0.000747726	0.00161779	0.00134208	0.0181257	0.00243117	0.0415813	0.0012076	0.0247215	0.0142286	0.00107477	0.000569758	0.0024776	0.00250343	0.0626387	0.108969	0.144502	0.000743433	0.00127638
124	0.273049	0.072573	0.00240633	0.00220229	0.0569405	0.00239872	0.00267225	0.0708429	0.00179257	0.054007	0.00630324	0.00221526	0.0919551	0.00631562	0.00218327	0.0544538	0.104849	0.189504	0.00138975	0.00194719
125	0.472463	0.115324	0.00167319	0.00267826	0.00252588	0.0113357	0.00340457	0.0309572	0.00189492	0.015475	0.010731	0.00204846	0.00201514	0.00296282	0.00443949	0.0350347	0.118774	0.163522	0.000919819	0.00182117
126	0.0502943	0.00202795	0.00285759	0.0153933	0.0234665	0.00557039	0.00192126	0.231488	0.00273195	0.0993947	0.069091	0.000893155	0.00230064	0.00693517	0.00356845	0.00852902	0.0357076	0.432241	0.00100028	0.00458781
127	0.00631058	0.00434261	0.000405771	0.00124894	0.000914844	0.00151377	0.000641987	0.324233	0.000398452	0.0154363	0.00433026	0.000574354	0.000252538	0.000507727	0.000520838	0.00395205	0.0101213	0.62368	0.000215897	0.00039874
128	0.0221611	0.00339397	0.00602521	0.00222088	0.000504313	0.886961	0.00319375	0.000701413	0.00309714	0.00134548	0.00177	0.00545839	0.000651728	0.00108365	0.00356996	0.0446889	0.00934008	0.00211983	0.000239581	0.00147355
129	0.0173784	0.00301544	0.578582	0.0962585	0.003925	0.0350108	0.0220416	0.00547559	0.0161243	0.00992256	0.00336805	0.114593	0.0103549	0.0191666	0.00851113	0.0265955	0.0181219	0.00870287	0.000865607	0.00198683
130	0.0153614	0.00338729	0.0037927	0.00144376	0.000343053	0.946312	0.00323678	0.000504668	0.00128795	0.000646964	0.000431868	0.00417987	0.000151372	0.00144155	0.00177066	0.00742214	0.0048004	0.00184896	0.000223913	0.00141318
131	0.0456213	0.0026879	0.0651116	0.674793	0.00520206	0.0111636	0.0164983	0.0074788	0.024769	0.0153534	0.00401657	0.011137	0.00492337	0.0397519	0.0128385	0.0161673	0.025361	0.0139777	0.000836813	0.00231074
132	0.739303	0.00503008	0.000572463	0.00100389	0.00364182	0.0412908	0.00131618	0.000760462	0.000506592	0.00109072	0.00353776	0.00180991	0.00402225	0.000679417	0.000545185	0.161855	0.0193188	0.0129559	0.000263423	0.000497074
133	0.0449063	0.00245692	0.0649834	0.671391	0.00565809	0.0117613	0.0165336	0.00593918	0.0278004	0.0163116	0.00418733	0.0120613	0.00502663	0.0400889	0.0134947	0.0168762	0.0250781	0.0103892	0.00107002	0.00398557
134	0.0304166	0.0207079	0.00786401	0.00992852	0.00190285	0.00618591	0.00360079	0.00580536	0.00195455	0.00733845	0.00674235	0.0108053	0.00263144	0.00343992	0.00425016	0.310569	0.543928	0.0193793	0.000617082	0.00193207
135	0.0205099	0.00343752	0.002176	0.00145777	0.000287412	0.945351	0.00296011	0.000383787	0.000704283	0.000581606	0.000436699	0.00194027	0.000219564	0.000456661	0.00153586	0.00926045	0.00500043	0.00171181	0.00015909	0.00142966
136	0.0340358	0.00053898	0.000800614	0.000730092	0.000596341	0.0044498	0.00229397	0.00238321	0.00172807	0.00667896	0.000646104	0.000734126	0.907344	0.00233159	0.000718604	0.00161726	0.0146103	0.0168958	0.000243676	0.000623066
137	0.0906609	0.0166566	0.0114776	0.0134382	0.015049	0.0102524	0.0112538	0.0357193	0.00938659	0.234163	0.127894	0.0192959	0.0048438	0.0239705	0.0133818	0.0687261	0.239693	0.0418072	0.00355819	0.00877251
138	0.388823	0.0123214	0.0167111	0.0630577	0.00818672	0.0191988	0.014468	0.0154323	0.0101045	0.0176228	0.144784	0.0145656	0.00506214	0.0119227	0.0147481	0.178322	0.0288169	0.0226305	0.00541141	0.00781098
139	0.336849	0.00278718	0.00147337	0.0019821	0.00129909	0.053065	0.0020418	0.0170988	0.00135656	0.0038368	0.00189733	0.00183565	0.00109654	0.0018676	0.00170199	0.0390872	0.507362	0.0212234	0.000746705	0.00139273
140	0.328976	0.0309424	0.00392882	0.00668677	0.000975932	0.105477	0.00541337	0.00431012	0.000785653	0.00364471	0.00233531	0.0155082	0.00111551	0.00251472	0.00201225	0.448921	0.024513	0.0108307	0.000351233	0.000757292
141	0.0290445	0.00738411	0.00512819	0.00761968	0.179307	0.00663229	0.0247692	0.0112059	0.0105972	0.0339725	0.0186719	0.0108811	0.00670576	0.0174109	0.0249067	0.0185816	0.0160224	0.0212595	0.430704	0.119195
142	0.0142702	0.00401214	0.00461844	0.00814102	0.0529899	0.00520883	0.285769	0.00639518	0.0318743	0.124678	0.00523161	0.0301217	0.0025742	0.320856	0.0344313	0.00893439	0.0105351	0.00938265	0.00188886	0.0380868
143	0.185487	0.0634898	0.00180924	0.00223591	0.00161627	0.146441	0.0136441	0.0225483	0.00174161	0.0210882	0.00493032	0.00298419	0.000968601	0.0137986	0.00326105	0.446128	0.0432054	0.0221859	0.000738145	0.00169891
144	0.0963179	0.0103395	0.0164588	0.00368515	0.00132367	0.00879397	0.0378069	0.0798928	0.00149161	0.0144611	0.00195299	0.387657	0.0254231	0.00426695	0.00403897	0.130464	0.133762	0.0390933	0.000663494	0.00210726
145	0.0718565	0.0279264	0.00162568	0.00182746	0.00108869	0.00304911	0.0107535	0.0117846	0.350423	0.0102841	0.00127699	0.0552082	0.000900016	0.0231621	0.283996	0.0461402	0.0630551	0.0326197	0.00186193	0.00116073
146	0.0237491	0.0101069	0.00468243	0.00310936	0.489151	0.0129653	0.0103856	0.00862497	0.000822295	0.0704837	0.0142628	0.00991614	0.00196633	0.0032958	0.00196336	0.00261638	0.0129497	0.0125986	0.0508394	0.255511
147	0.0142456	0.00687238	0.00113716	0.00077307	0.0199215	0.00209506	0.00400952	0.290166	0.000470167	0.386906	0.0435172	0.00175036	0.000342612	0.00424895	0.00220768	0.00323883	0.0217135	0.192255	0.000458457	0.00367104
148	0.00926325	0.00288304	0.277812	0.00293926	0.00244828	0.0334189	0.00508466	0.0145993	0.00208261	0.0054261	0.00248753	0.442152	0.00123928	0.00561284	0.00241273	0.113248	0.0675062	0.00619088	0.00112975	0.00206292
149	0.25249	0.0035993	0.0131051	0.00418563	0.00127135	0.0456971	0.0152206	0.00189109	0.00311871	0.00413635	0.00418125	0.00504285	0.46677	0.012107	0.00630188	0.116025	0.025728	0.01772	0.000548454	0.000859913
150	0.272771	0.0347159	0.00217987	0.0246054	0.00182863	0.0273623	0.00271284	0.0845249	0.114921	0.014846	0.00228639	0.00263436	0.00120505	0.0346226	0.13337	0.0184478	0.017709	0.206018	0.000990352	0.0022493
151	0.00699586	0.00203717	0.00239986	0.0258695	0.00218682	0.0501314	0.217304	0.00368077	0.0402856	0.00464246	0.00267124	0.0621538	0.00122281	0.0426978	0.0808818	0.0650091	0.358875	0.0281335	0.00107456	0.00174771
152	0.053979	0.00574143	0.198227	0.0572903	0.00608318	0.0414473	0.0694843	0.0111527	0.0338742	0.010979	0.0046014	0.189685	0.0124552	0.0354414	0.034052	0.147067	0.0576191	0.0131338	0.00618323	0.0115037
153	0.0144178	0.00320695	0.00246137	0.00119225	0.00024135	0.957016	0.00298695	0.000323539	0.000355502	0.00053053	0.000327146	0.00269163	0.000134426	0.000449226	0.00111907	0.00483007	0.0045601	0.00166173	0.000158711	0.00133597
154	0.458758	0.0354756	0.00398121	0.00509375	0.004412	0.00997406	0.00514205	0.0475768	0.00493491	0.0230979	0.0170202	0.00450628	0.00254954	0.00621215	0.0187833	0.0267752	0.0947638	0.225831	0.00127788	0.00383478
155	0.0489918	0.00346104	0.00132176	0.00975154	0.00784037	0.00346032	0.00165209	0.288505	0.000967317	0.0569735	0.018299	0.00158044	0.00118601	0.00292612	0.00279642	0.00709681	0.0242622	0.513833	0.00123985	0.0038554
156	0.00845132	0.00224956	0.000580739	0.000962854	0.015968	0.000535616	0.0015482	0.113648	0.00124723	0.746881	0.0321906	0.000646663	0.000653105	0.00210699	0.00152674	0.00239122	0.00378334	0.0601351	0.00286336	0.00163066
157	0.042362	0.000906018	0.00238731	0.00209327	0.000845219	0.00655208	0.00384712	0.0025633	0.00242422	0.0070371	0.00110365	0.00116959	0.878807	0.00303985	0.00160285	0.00868175	0.0162463	0.0172299	0.000362363	0.000739543
158	0.0202105	0.000952655	0.000390511	0.00311523	0.0131191	0.00261825	0.000890452	0.411266	0.000322618	0.0715808	0.0216976	0.000526783	0.000781727	0.000593083	0.000868746	0.00259321	0.0143886	0.431889	0.000718888	0.00147658
159	0.0160131	0.00320383	0.00139499	0.00140966	0.0422648	0.00250203	0.00116208	0.205373	0.000311902	0.435732	0.0608202	0.000941122	0.000630361	0.00309055	0.00161319	0.00221696	0.0142621	0.200475	0.000950124	0.00563383
160	0.0360968	0.00369095	0.0356596	0.0261457	0.00498088	0.00972487	0.532994	0.0023585	0.0120057	0.0401632	0.00340924	0.15582	0.000792465	0.0318635	0.0382308	0.00987887	0.0096429	0.00535598	0.000472209	0.0407132
161	0.0198766	0.00328927	0.000469812	0.00067164	0.0123137	0.00101182	0.00127645	0.132409	0.000363835	0.666195	0.0306729	0.00090854	0.000585782	0.00317595	0.000681106	0.00160038	0.00668146	0.114816	0.000539683	0.0024618
162	0.0419514	0.0101906	0.0766612	0.0179749	0.0061325	0.0262475	0.053283	0.0229078	0.0148371	0.0188655	0.00685448	0.464603	0.00989675	0.0244839	0.0187392	0.0805241	0.0681513	0.0218404	0.00441498	0.0114398
163	0.118641	0.005402	0.123746	0.19125	0.00255259	0.0650127	0.0281742	0.0033561	0.0735424	0.00704801	0.00886388	0.06634	0.0198854	0.0452774	0.0658053	0.101066	0.0526834	0.0123175	0.00306048	0.00597619
164	0.0241305	0.0130936	0.00468609	0.00364551	0.469766	0.019334	0.0113528	0.008267	0.000774207	0.0448834	0.0123593	0.0125477	0.00237404	0.00383271	0.00193741	0.00223277	0.0137569	0.0115761	0.0440258	0.295424
165	0.0619064	0.0153876	0.0159637	0.0334902	0.00289251	0.0155725	0.0329282	0.00924747	0.324272	0.0325368	0.00824687	0.0422523	0.00259757	0.0523788	0.252204	0.0321332	0.0398656	0.0171656	0.00402705	0.00493248
166	0.0173233	0.00472465	0.00344601	0.00352923	0.0509835	0.00190299	0.00266461	0.234582	0.00355379	0.409027	0.101868	0.00185888	0.000694636	0.00703539	0.00409995	0.0043588	0.0162057	0.118389	0.00262137	0.0111308
167	0.422708	0.0117115	0.00929289	0.0140328	0.00205895	0.115306	0.00944437	0.0020552	0.00160471	0.00294639	0.00189149	0.0349509	0.00190338	0.00211701	0.00203818	0.342989	0.0148685	0.0062817	0.00056374	0.00123528
168	0.10041	0.00618907	0.0513003	0.0575343	0.0110053	0.244703	0.0108776	0.00478801	0.00723894	0.00770222	0.00559694	0.110771	0.0056568	0.0474551	0.0103373	0.249508	0.0397682	0.00855409	0.011909	0.00869452
169	0.102629	0.00518203	0.0498591	0.0547433	0.00642386	0.0220952	0.0382815	0.0250854	0.101484	0.0271181	0.00859709	0.0359659	0.233935	0.0282144	0.12009	0.0669272	0.0356605	0.0245741	0.00267839	0.0104557
170	0.245415	0.0281413	0.00180561	0.00251914	0.00314149	0.017834	0.00281179	0.0131312	0.0016063	0.0171874	0.00575347	0.00455617	0.0024755	0.00324395	0.00193133	0.129006	0.464353	0.0518614	0.00132181	0.00190391
171	0.00753586	0.00308532	0.000946461	0.000571602	0.0175173	0.00181186	0.00244655	0.449085	0.000412487	0.231518	0.0245131	0.00120527	0.000209732	0.0030841	0.00469251	0.0018335	0.0152765	0.232145	0.000235378	0.00187498
172	0.0189248	0.00830398	0.00195689	0.00338935	0.322676	0.00673182	0.0214581	0.0215097	0.00115514	0.273465	0.0959975	0.00441559	0.00913242	0.00428358	0.00191393	0.00617289	0.0263718	0.024348	0.0337544	0.114039
173	0.361088	0.0100715	0.0137671	0.0239683	0.00186396	0.158262	0.00773848	0.00217757	0.00275295	0.00354715	0.0023083	0.0435799	0.00218299	0.00370594	0.00244622	0.342428	0.0116323	0.00419696	0.00066534	0.0016165
174	0.118964	0.0861665	0.0135161	0.0174347	0.00793403	0.0179989	0.0226706	0.0133222	0.144453	0.0267073	0.00818507	0.0248515	0.00547139	0.0338612	0.234427	0.0360261	0.096637	0.0335033	0.0452148	0.0126547
175	0.061895	0.00421664	0.034256	0.0391204	0.00498165	0.000738805	0.00985053	0.211615	0.0368663	0.131766	0.206088	0.0043716	0.000301743	0.0818101	0.0221369	0.029168	0.034582	0.0852962	0.000288368	0.000650303
176	0.0173787	0.0121059	0.00358737	0.0133982	0.496407	0.00890454	0.0164376	0.00603714	0.00105565	0.0862474	0.0380493	0.00572785	0.00411717	0.00383861	0.00196337	0.0028639	0.0206113	0.0147157	0.0303197	0.216234
177	0.0084705	0.000601283	0.000585518	0.00124421	0.72646	0.000735344	0.00118792	0.00980499	0.000576488	0.138688	0.0537144	0.001132	0.000374992	0.000622048	0.000713542	0.00129266	0.0018283	0.0183682	0.00838528	0.0252143
178	0.0205567	0.00184162	0.0133545	0.164398	0.00173346	0.0226433	0.0659118	0.0757246	0.0999576	0.0282987	0.0131412	0.0234802	0.00101207	0.0289169	0.118674	0.0816003	0.141222	0.0709528	0.00356034	0.0230196
179	0.053703	0.00951353	0.00289559	0.00144804	0.000552019	0.804567	0.00302163	0.00159694	0.00207369	0.00162029	0.00166653	0.00273578	0.000264376	0.00113192	0.00252983	0.0956349	0.00984323	0.0041097	0.000218582	0.000873549
180	0.0447854	0.0637944	0.00407443	0.00442713	0.103035	0.00481423	0.0288436	0.0321087	0.00288707	0.300857	0.141094	0.0358695	0.00187331	0.0452577	0.00343888	0.00831885	0.029576	0.0195102	0.00308944	0.122345
181	0.0153474	0.00333909	0.0238156	0.00463296	0.00108251	0.846769	0.0188241	0.00191702	0.00628613	0.00292227	0.00122935	0.037389	0.00116577	0.00596068	0.00557191	0.00867367	0.00790774	0.00389505	0.00060527	0.00266523
182	0.00421067	0.00269811	0.00248899	0.00283271	0.0599929	0.00139466	0.0456764	0.00585752	0.00108649	0.0147259	0.00480488	0.0038801	0.00214839	0.00480549	0.00333443	0.00298322	0.00562356	0.00246299	0.0922581	0.736734
183	0.121222	0.00260417	0.144466	0.222499	0.00824132	0.0114814	0.0739998	0.008222	0.110206	0.00389764	0.00623033	0.0632838	0.00628923	0.0532599	0.0472233	0.0629677	0.040813	0.0093599	0.00128481	0.00244777
184	0.230003	0.0745563	0.00678548	0.00631231	0.0383426	0.00599254	0.00559474	0.0630136	0.00599446	0.0536526	0.00981709	0.00618949	0.102643	0.00886587	0.00515181	0.0515524	0.0771848	0.240188	0.00259438	0.0055657
185	0.0280615	0.021917	0.00168732	0.0117307	0.0723563	0.00191978	0.112583	0.189448	0.0166056	0.140343	0.0177748	0.00874121	0.00116939	0.00286077	0.0721963	0.00432153	0.00461138	0.0421021	0.00314611	0.246424
186	0.0310396	0.00288209	0.000791	0.00140368	0.179806	0.00351079	0.00774139	0.0345473	0.000729472	0.4809	0.161064	0.00720764	0.00153206	0.00242411	0.00108809	0.00371591	0.0127514	0.0328306	0.00573403	0.0283004
187	0.327437	0.013115	0.00954759	0.0136458	0.0215256	0.0104754	0.125002	0.0182244	0.0105734	0.0285406	0.00976334	0.0115776	0.00447857	0.0107101	0.0256154	0.0878251	0.113829	0.0306227	0.0679692	0.0595225
188	0.212696	0.00467679	0.0869554	0.132061	0.00320939	0.0710836	0.0212374	0.00457699	0.0594686	0.00733151	0.0143569	0.0434253	0.00516767	0.0384894	0.0681971	0.128133	0.0698089	0.019055	0.00320514	0.00686545
