789	20
1	0.0284223	0.000756932	0.499871	0.196632	0.00296879	0.0191711	0.0106308	0.00261999	0.0185403	0.00961979	0.0028649	0.099394	0.00630607	0.031484	0.009269	0.0194786	0.0255959	0.00669304	0.00128374	0.00839758
2	0.0446592	0.00341572	0.000321032	0.00286115	0.00158741	0.90283	0.00270702	0.000880798	0.000986028	0.00210052	0.00253983	0.00445172	0.00171999	0.000925843	0.00233309	0.0192498	0.00420691	0.00193325	5.11482e-05	0.000239964
3	0.113868	0.0501564	0.0153898	0.0097973	0.00824363	0.118344	0.0110255	0.00893783	0.00565157	0.00820696	0.0131237	0.477615	0.00357157	0.0160936	0.0083445	0.0765573	0.0336131	0.0140906	0.00168174	0.00568859
4	0.0458562	0.000591679	0.0810081	0.361537	0.00447747	0.0194901	0.043771	0.00319946	0.0197618	0.00879587	0.0124645	0.0952959	0.000480061	0.170345	0.000963646	0.0375949	0.0721717	0.00173534	0.00780904	0.0126511
5	0.735684	0.0030504	0.00166327	0.00167125	0.000734524	0.0642639	0.000590537	0.00288173	0.00108835	0.00342939	0.00152973	0.00271237	0.00423778	0.00184019	0.00245203	0.140182	0.0252749	0.00581575	0.000274899	0.000623294
6	0.413877	0.063314	0.000546759	0.00111515	0.000592268	0.00377111	0.000592711	0.0186891	0.000613405	0.00442122	0.00386035	0.000868687	0.000432642	0.00099359	0.000744765	0.00829463	0.17575	0.300748	0.000237591	0.000536778
7	0.636787	0.0153487	0.00125828	0.000890865	0.00201685	0.0927252	0.000479882	0.0050407	0.000542137	0.00252947	0.00162597	0.00146696	0.00203181	0.0018547	0.00320279	0.133823	0.0804173	0.0157316	0.000116316	0.00211032
8	0.0065802	0.00149709	0.0233199	0.02321	0.017548	0.00185005	0.421432	0.00261284	0.00390056	0.0422917	0.0115598	0.0350141	0.00100299	0.0212976	0.0434558	0.0403859	0.0136187	0.00373075	0.0388896	0.246802
9	0.0302118	0.00804073	0.000868686	0.000259387	0.00739516	0.000541871	0.000196359	0.193623	0.000866938	0.0177058	0.00974374	0.0020635	0.00439272	0.00110186	0.000644698	0.00483393	0.00509088	0.712154	5.39467e-05	0.000211036
10	0.699903	0.00424184	0.00243768	0.00208567	0.000456471	0.0257933	0.000321694	0.0019065	0.000437536	0.00401395	0.00357501	0.0054594	0.00110295	0.00252006	0.00124707	0.213285	0.0168465	0.0133787	8.71751e-05	0.000900849
11	0.00113837	0.00327217	0.000351752	0.00246813	0.12594	0.000346461	0.0188946	0.00342442	0.00434746	0.000876937	0.00251068	0.000538793	0.000213933	0.000692781	0.00078003	0.00608156	0.00331359	0.00257936	0.0398031	0.782426
12	0.116647	0.00272289	0.0229991	0.053315	0.011289	0.0192801	0.0181769	0.0240145	0.157884	0.071081	0.03314	0.046981	0.031129	0.0978941	0.17795	0.0460172	0.0418349	0.0182715	0.000622314	0.0087505
13	0.154722	0.0159029	0.000964469	0.00200854	0.140218	0.00137207	0.00113265	0.0697266	0.00127772	0.233004	0.0722487	0.0038971	0.000710051	0.00541888	0.00175425	0.0130952	0.0596512	0.159173	0.000314485	0.0634087
14	0.0111992	0.00970022	0.00672325	0.00257533	0.00192491	0.00555141	0.00377962	0.013625	0.00258778	0.0033136	0.00265835	0.121	0.00312043	0.00294055	0.00261729	0.678374	0.110574	0.0156494	0.000410255	0.00167544
15	0.0129203	0.000860238	0.0897534	0.849779	0.00137124	0.0050037	0.00117222	0.00522915	0.00162975	0.00500061	0.00137355	0.00546225	0.000663789	0.00502874	0.00212936	0.00277612	0.00258914	0.00307882	0.00032286	0.00385566
16	0.0816637	0.0342436	0.000398769	0.00103973	0.0268404	0.00642079	0.000760786	0.173106	0.000849067	0.197481	0.0622937	0.00120001	0.00048191	0.00176452	0.00111914	0.00900295	0.0328601	0.364506	0.00013222	0.00383613
17	0.583912	0.0325854	0.000944378	0.00313829	0.00338442	0.00874214	0.000823178	0.0165756	0.000788711	0.0103298	0.00746708	0.00246988	0.00300615	0.00156091	0.000884932	0.110252	0.179485	0.0316153	0.000181157	0.00185345
18	0.404171	0.0930286	0.0013202	0.00109263	0.0177955	0.102273	0.00081882	0.01217	0.000788822	0.00883704	0.0126299	0.00677278	0.0174329	0.00265486	0.0020252	0.134743	0.115081	0.05424	0.000298004	0.0118269
19	0.0163864	0.00591971	0.00252251	0.00342464	0.00618774	0.0184207	0.00193907	0.609025	0.00280482	0.129652	0.0403711	0.00691797	0.00374747	0.00777321	0.0033435	0.00996384	0.0144608	0.111814	0.000677063	0.00464862
20	0.0087398	0.0040811	0.000337647	0.00061745	0.357414	0.000513649	0.00907571	0.00158382	0.000565599	0.00828881	0.00114828	0.00346079	0.000232876	0.000667388	0.00881131	0.0034902	0.00316256	0.00636914	0.00168873	0.579751
21	0.0258934	0.00410506	0.000657512	0.00111054	0.000478926	0.00796456	0.000717701	0.00281268	0.00644625	0.00177529	0.000849308	0.00104797	0.892878	0.00238933	0.00555112	0.0314646	0.00680112	0.00596792	0.000120526	0.000967878
22	0.0105045	0.00325338	0.000615007	0.00174518	0.00387573	0.00345746	0.00107988	0.626302	0.000644934	0.106738	0.0428878	0.00189897	0.00260258	0.00328795	0.000893146	0.00411719	0.0105515	0.172475	0.000639938	0.00242927
23	0.0282727	0.0142382	0.00133118	0.00125938	0.00219139	0.00862614	0.00113906	0.00672168	0.00296808	0.00540853	0.0121936	0.00716275	0.00380674	0.00117856	0.00282533	0.141651	0.740082	0.0163556	0.000152412	0.00243498
24	0.0257043	0.00402369	0.00136652	0.00131979	0.000610628	0.00822536	0.00100537	0.00279839	0.0064679	0.00225908	0.000911742	0.00220715	0.888703	0.00251748	0.00570318	0.0311024	0.00768826	0.00622408	0.000109277	0.0010522
25	0.638059	0.00752781	0.00177437	0.00164914	0.000486475	0.0276594	0.000547224	0.00196794	0.0042909	0.00327187	0.00468347	0.00411727	0.000903514	0.00319651	0.00315531	0.265911	0.0210512	0.00884661	6.36287e-05	0.000837422
26	0.0363201	0.00963069	0.00135386	0.00187896	0.00164837	0.00550131	0.00109978	0.00479852	0.00220999	0.00397621	0.00860338	0.0102523	0.00299052	0.00115958	0.0020539	0.218248	0.674014	0.0125695	0.000119346	0.00157178
27	0.0381573	0.00129641	0.0211124	0.00229084	0.00188701	0.022377	0.00199365	0.00432568	0.00240764	0.00308582	0.00219289	0.096345	0.573007	0.00340343	0.00239691	0.0350353	0.128515	0.0578907	0.00048243	0.00179721
28	0.00657273	0.00405831	0.000525969	0.0030814	0.0227826	0.0018562	0.000833862	0.397632	0.00163313	0.243864	0.156928	0.00216128	0.00260885	0.0112357	0.00132987	0.00466127	0.0109572	0.115178	0.00266963	0.00942913
29	0.595401	0.000732596	0.00127675	0.0141502	0.000863978	0.0648262	0.00126304	0.00171136	0.00144356	0.0123791	0.00167903	0.00553434	0.135299	0.00740617	0.00669985	0.120998	0.0193344	0.00737865	0.000321044	0.0013012
30	0.0279462	0.000707652	0.230247	0.653397	0.00172007	0.00985748	0.00145968	0.00372178	0.0102719	0.00543831	0.00124674	0.0105711	0.00197181	0.0132755	0.00402708	0.00775133	0.00921926	0.00359691	0.000489031	0.00308446
31	0.0588798	0.0100565	0.00101246	0.035015	0.0625306	0.014137	0.0834297	0.0806328	0.0078383	0.158319	0.0316267	0.0607412	0.00059405	0.0235119	0.00482693	0.0979959	0.0652949	0.0688166	0.0330152	0.101726
32	0.268113	0.0488898	0.00412892	0.00183805	0.0121408	0.0106181	0.00170032	0.109526	0.00206744	0.0154915	0.0167139	0.00600076	0.0121926	0.00743477	0.00243337	0.139291	0.0954115	0.243366	0.000503054	0.00213903
33	0.051368	0.000489511	0.613046	0.151331	0.00354695	0.0535439	0.00148099	0.00171201	0.0129405	0.00264131	0.000947272	0.0189099	0.0108733	0.0174529	0.00192779	0.0324253	0.0171223	0.00295288	0.00145756	0.00383034
34	0.140678	0.000601051	0.0590548	0.34692	0.0016525	0.0146327	0.0103121	0.042803	0.0529142	0.0113562	0.00661694	0.0357541	0.000578035	0.132221	0.00569504	0.0528248	0.0342542	0.0500537	0.00037525	0.000703444
35	0.059172	0.00831771	0.0121789	0.0130872	0.108408	0.00597887	0.0602219	0.0199019	0.0263302	0.073723	0.0567699	0.0235125	0.000972683	0.0171433	0.0229917	0.0198523	0.022219	0.0273243	0.0377373	0.384157
36	0.558372	0.0104467	0.0023551	0.00213886	0.000429487	0.0138996	0.000405741	0.000947437	0.0063637	0.00341512	0.00973145	0.00671124	0.000936753	0.00688212	0.00519395	0.341969	0.0145854	0.0146855	0.000109579	0.000420773
37	0.637084	0.00809428	0.00414188	0.00367493	0.000742053	0.0218351	0.000380449	0.00054514	0.000498063	0.00335638	0.00658374	0.0102351	0.000714147	0.00438007	0.00144073	0.267791	0.0138913	0.0137937	9.25581e-05	0.000725195
38	0.0126136	0.00733264	0.0156231	0.0116155	0.00130492	0.0065935	0.00459101	0.00578276	0.00347042	0.00372492	0.00263182	0.859746	0.00161769	0.00445677	0.00377811	0.0190339	0.0245135	0.00888152	0.000549093	0.00213949
39	0.0053609	0.00378934	0.000303218	0.00132681	0.0011193	0.0036735	0.000378234	0.704342	0.000385818	0.126114	0.0426775	0.000496349	0.00324692	0.000541873	0.000405327	0.00272979	0.00707133	0.0950438	0.000348389	0.000645383
40	0.0438079	0.00358628	0.00197491	0.004543	0.264315	0.00254479	0.00561258	0.0258934	0.00277963	0.0491628	0.0217514	0.00394026	0.0117349	0.00366552	0.00253136	0.00714756	0.00736217	0.0192692	0.437835	0.0805428
41	0.0226834	0.000932541	0.148795	0.0179889	0.00110372	0.498299	0.0295566	0.0017233	0.0206347	0.00181199	0.00514335	0.15733	0.00770234	0.0309454	0.00488461	0.028457	0.0174597	0.00289769	0.000320042	0.00133093
42	0.0855549	0.000653698	0.116874	0.13416	0.00537346	0.00807488	0.0368587	0.00153091	0.0678497	0.033764	0.0274148	0.12843	0.00367577	0.100197	0.0638433	0.119241	0.0473384	0.0161064	0.000245231	0.00281331
43	0.116531	0.00427455	0.0296721	0.060785	0.00684189	0.0100041	0.0214154	0.0252885	0.147666	0.0758947	0.0354549	0.0489672	0.00270274	0.103995	0.156554	0.0536033	0.0627636	0.0295342	0.000511546	0.00754048
44	0.00914592	0.000526932	0.000239164	0.00109769	0.00126532	0.000638027	0.00198889	0.404654	0.000775906	0.142291	0.00769389	0.000528591	0.000334837	0.000422665	0.00031603	0.000861141	0.00300044	0.41961	0.000229285	0.00438031
45	0.0674448	0.0122286	0.0131712	0.024863	0.0287694	0.00242425	0.0161127	0.0740438	0.0455041	0.0116675	0.0435482	0.0149669	0.000855316	0.0239893	0.0230478	0.0596878	0.125375	0.387458	0.000596527	0.0242457
46	0.0141825	0.000867954	0.00555564	0.199572	0.00127522	0.0236592	0.003982	0.00556414	0.00223869	0.0165602	0.021615	0.00254269	0.00099032	0.662355	0.00147046	0.0196983	0.0110377	0.00477251	0.000467814	0.00159269
47	0.0113296	0.00701454	0.000797851	0.00230788	0.0311336	0.0010497	0.0011225	0.0422516	0.0021321	0.637507	0.206684	0.00528003	0.00541057	0.00868504	0.00161051	0.00247822	0.0101054	0.0146291	0.00047339	0.00799736
48	0.0461281	0.00183724	0.0811275	0.350223	0.00480235	0.0185592	0.0384692	0.00475297	0.0202923	0.0110631	0.0130324	0.0945437	0.00154633	0.169309	0.00375166	0.0456163	0.0644668	0.00492193	0.0141305	0.0114266
49	0.143276	0.00648041	0.160509	0.0166587	0.00857737	0.00997819	0.280766	0.00656794	0.0203035	0.01283	0.00742373	0.0352266	0.0140527	0.0168014	0.0259622	0.15896	0.0265092	0.0280727	0.00163379	0.01941
50	0.0164929	0.000949818	0.0742203	0.836861	0.00160749	0.00503921	0.00244588	0.00587975	0.00399788	0.00678615	0.00196235	0.00678504	0.000777434	0.0146236	0.00266796	0.00447418	0.0053	0.00389306	0.000417275	0.00481909
51	0.299839	0.00388147	0.00213334	0.00379271	0.00319718	0.507948	0.00338633	0.0093135	0.0130138	0.0245425	0.00349613	0.00431539	0.00124263	0.00411343	0.00320123	0.0791252	0.0246317	0.00650827	0.000514826	0.00180383
52	0.125655	0.00789682	0.00242831	0.00412131	0.00343712	0.716777	0.00777475	0.00380807	0.00242067	0.00365833	0.00419113	0.0140369	0.00205785	0.00476832	0.0037887	0.0723012	0.0147139	0.00515288	0.000167208	0.000844397
53	0.359738	0.0436983	0.0024034	0.00538621	0.00414622	0.00816941	0.00303361	0.054151	0.00495517	0.0143708	0.00833705	0.00420634	0.00293023	0.00831869	0.00287799	0.0297557	0.107794	0.328775	0.00128817	0.00566515
54	0.23288	0.00418219	0.00586309	0.00633241	0.00393846	0.00660357	0.00559579	0.15512	0.00619961	0.00928636	0.00705277	0.00771097	0.00416183	0.00834727	0.00714747	0.492169	0.0157126	0.0156346	0.00159405	0.00446709
55	0.209547	0.00749443	0.000709663	0.00183483	0.00286203	0.642894	0.00680998	0.00293956	0.00229111	0.00397729	0.00320773	0.010531	0.000557172	0.00172475	0.00157868	0.0799886	0.0155254	0.0047868	0.000148584	0.000590966
56	0.623378	0.0179869	0.000475776	0.00280378	0.000458357	0.00100666	0.000585841	0.0119597	0.000569042	0.00790409	0.00557596	0.00104301	0.000301151	0.000792447	0.000553589	0.107615	0.188068	0.0283089	0.000153394	0.000459686
57	0.0492161	0.0252043	0.000338125	0.001784	0.0272983	0.00422718	0.000697171	0.19477	0.000927472	0.236686	0.106656	0.000616559	0.00135264	0.00325141	0.000464951	0.00490848	0.024909	0.308823	0.00189192	0.00597764
58	0.0382025	0.00363359	0.0326047	0.0816194	0.0128641	0.0139237	0.497354	0.0121343	0.0280364	0.0205245	0.00838064	0.0516893	0.00480706	0.0465981	0.033476	0.0324111	0.0293501	0.0144059	0.00424165	0.0337431
59	0.0699081	0.00457695	0.000814239	0.00310389	0.00190183	0.86008	0.00373167	0.00149403	0.0017629	0.00262595	0.00263187	0.00672848	0.00151904	0.00171713	0.00248219	0.0267026	0.00544401	0.00243663	5.96029e-05	0.000278995
60	0.632111	0.00899024	0.00395007	0.00351676	0.000819983	0.0232746	0.000427865	0.000756075	0.000913751	0.00400064	0.00719274	0.0096719	0.000797281	0.00446744	0.00176134	0.267341	0.0141235	0.0150304	9.07821e-05	0.000763234
61	0.133881	0.0368357	0.00102124	0.00800857	0.0144222	0.00385447	0.00157969	0.169468	0.00448907	0.199785	0.0705218	0.0029859	0.00277658	0.0152636	0.00821196	0.0434194	0.0575377	0.218067	0.000252365	0.00761847
62	0.180669	0.0130093	0.00209282	0.0144945	0.0016389	0.0693609	0.00208753	0.0345655	0.0251361	0.0271411	0.00327495	0.0699715	0.00112196	0.284637	0.00267538	0.0745731	0.100085	0.0908493	0.0005668	0.0020492
63	0.450297	0.0179073	0.0025617	0.0015633	0.00129403	0.188925	0.000861757	0.00282058	0.000803127	0.00103238	0.00116574	0.00121885	0.00141098	0.00462458	0.00725081	0.149488	0.144525	0.0200077	0.000177844	0.00206515
64	0.0182651	0.00192671	0.000355132	0.00320647	0.00101957	0.951371	0.000957448	0.000459274	0.000811814	0.00192715	0.00208589	0.00197364	0.00207485	0.000855593	0.00246206	0.00760577	0.00123994	0.00118901	3.897e-05	0.000174223
65	0.782112	0.000554739	0.00125481	0.000734424	0.000137691	0.0420366	0.000165003	0.00239453	0.000186494	0.0028669	0.000477204	0.00112	0.000572724	0.000442162	0.000949193	0.138605	0.0210818	0.00414495	3.37095e-05	0.000130132
66	0.0649597	0.0545343	0.00672853	0.0143064	0.0303256	0.010429	0.0130526	0.0733087	0.0174356	0.27672	0.0409274	0.0159808	0.00872665	0.0238372	0.0652118	0.0297404	0.0361071	0.132506	0.00684464	0.0783175
67	0.410269	0.0800418	0.00131997	0.00121222	0.0138599	0.115769	0.00086117	0.00976696	0.000821884	0.00637469	0.00960008	0.00575362	0.012977	0.00268756	0.00298967	0.142839	0.124206	0.0479743	0.000319123	0.010357
68	0.0791263	0.0405315	0.00181301	0.00211545	0.00104246	0.00323299	0.00125718	0.00271933	0.00189617	0.00403625	0.00447554	0.0105768	0.00252734	0.00144163	0.00142123	0.370642	0.455792	0.0139114	0.000309925	0.00113183
69	0.0751634	0.00723388	0.0280733	0.00931529	0.00384878	0.010287	0.00618329	0.00663322	0.00539687	0.00690181	0.00775663	0.0328914	0.00341181	0.0119581	0.00369763	0.363344	0.399868	0.0122819	0.000461417	0.0052925
70	0.00827458	0.00309262	0.000306057	0.000364977	0.720125	0.000346164	0.0116086	0.00428345	0.00033068	0.0156097	0.0005044	0.00499275	0.000179063	0.000571864	0.000391294	0.00221763	0.0061918	0.0212205	0.00470066	0.194689
71	0.030605	0.0126972	0.00158911	0.00198604	0.00257489	0.00955903	0.00167551	0.00716866	0.0033248	0.0054812	0.0126959	0.00882173	0.00412628	0.00187081	0.00287565	0.14218	0.730458	0.0179075	0.00010494	0.00229767
72	0.356359	0.0533924	0.00343043	0.00181622	0.00193772	0.00822253	0.00113396	0.00154917	0.00888878	0.00394727	0.00852323	0.00760579	0.00285245	0.0054784	0.00498797	0.4864	0.0299242	0.0125437	0.000206241	0.000800702
73	0.258514	0.0223314	0.00798918	0.00524004	0.00397852	0.0274505	0.00534609	0.00867772	0.0126494	0.00637264	0.00953767	0.0131973	0.00439451	0.0143442	0.00671358	0.534987	0.0404554	0.0120327	0.000740133	0.0050474
74	0.0170908	0.00131668	0.00611362	0.0544526	0.00137902	0.0271574	0.0136721	0.00630253	0.00255333	0.0155292	0.0232524	0.00413038	0.00118985	0.78352	0.00244878	0.0220441	0.0112338	0.00376076	0.000478698	0.00237369
75	0.0173337	0.00181242	0.000863867	0.00326894	0.00101473	0.950628	0.00102158	0.000472532	0.000873716	0.00190754	0.00206997	0.00259904	0.00218347	0.00100053	0.00247492	0.00765201	0.00144678	0.00113742	4.10292e-05	0.000197898
76	0.00767281	0.00186566	0.000589412	0.00129818	0.237508	0.000724067	0.00154559	0.0603649	0.000939876	0.49735	0.104002	0.00248001	0.00150622	0.00261777	0.000972397	0.00300342	0.00577785	0.0504675	0.00222966	0.0170835
77	0.00909366	0.00220092	0.00044085	0.00252505	0.045808	0.000574488	0.000465147	0.0444784	0.00233844	0.511042	0.32062	0.00191965	0.00137155	0.0140202	0.000742417	0.00319679	0.00674238	0.0153486	0.000615202	0.0164566
78	0.00859411	0.00506483	0.000836653	0.00347723	0.0298592	0.00131565	0.00131839	0.120543	0.00276123	0.654021	0.0837449	0.00520166	0.00433477	0.00233999	0.00391446	0.0052574	0.0125531	0.0453105	0.000717189	0.00883461
79	0.0560484	0.0047179	0.00586529	0.00904511	0.0103583	0.0105862	0.00907893	0.0563308	0.232106	0.103336	0.273535	0.0124304	0.00363333	0.0361276	0.0488901	0.0269971	0.0270191	0.0212354	0.00204964	0.0506105
80	0.00528929	0.00380493	0.000302304	0.0013206	0.00111404	0.00369185	0.00037825	0.704864	0.000379413	0.125539	0.042814	0.000486027	0.00326015	0.000528967	0.000408524	0.00271108	0.00709224	0.0950324	0.000348875	0.000634807
81	0.0782101	0.00207483	0.00856351	0.0155724	0.00279428	0.0101764	0.0031473	0.00419743	0.0441721	0.00655377	0.0028356	0.00690236	0.67425	0.0217373	0.0186948	0.0658708	0.0243703	0.00732546	0.000257367	0.00229358
82	0.0104024	0.00674827	0.0258808	0.0184697	0.00120417	0.00346908	0.00194145	0.00785804	0.00289908	0.00260373	0.00177633	0.860686	0.0014512	0.00301193	0.00210006	0.00701387	0.0292473	0.0109296	0.000420226	0.00188634
83	0.00826776	0.00307678	0.000448049	0.0021568	0.0437594	0.000515197	0.000465074	0.0453102	0.00218622	0.536146	0.300665	0.00369108	0.00146312	0.0127019	0.000544629	0.00257607	0.00822677	0.0135511	0.000615135	0.013634
84	0.00379268	0.00340362	0.000391844	0.00160548	0.195159	0.000402297	0.0171887	0.00360193	0.00284772	0.00317125	0.00214023	0.00160412	0.000186034	0.000744164	0.00368712	0.00499229	0.00318885	0.00310337	0.0245537	0.724236
85	0.0375922	0.0034527	0.0309123	0.0399494	0.00506691	0.0176302	0.112259	0.00776241	0.294104	0.0132716	0.00664392	0.0459721	0.00477735	0.0621713	0.196043	0.0766144	0.02896	0.00887667	0.00128946	0.00665111
86	0.00262949	0.00484308	0.000382379	0.0019138	0.0111606	0.00164294	0.000386679	0.452885	0.00092677	0.219792	0.148448	0.000603007	0.00262582	0.00384133	0.000497079	0.0022447	0.00865561	0.126567	0.00241368	0.00754089
87	0.737941	0.00268527	0.00190755	0.00146392	0.000337303	0.0319545	0.000211972	0.00165317	0.000268883	0.00296752	0.00240026	0.00376768	0.000682605	0.00167519	0.0010839	0.182365	0.0178337	0.0084591	5.35034e-05	0.000287522
88	0.0352671	0.00224502	0.000462664	0.00358143	0.00115857	0.921756	0.00113221	0.00068494	0.00100084	0.00219705	0.0020395	0.00215415	0.00208146	0.00124062	0.00274433	0.0149277	0.00345653	0.00159559	3.99655e-05	0.00023412
89	0.0543499	0.00168417	0.0666047	0.407688	0.00350944	0.0254801	0.0293266	0.00884598	0.0531042	0.00949677	0.00843009	0.0750741	0.00122314	0.146098	0.0141486	0.0297535	0.0415006	0.0117765	0.00364019	0.00826538
90	0.0215777	0.00376929	0.00479896	0.00849476	0.0336557	0.00594678	0.144828	0.00731513	0.00844175	0.339679	0.155828	0.0081348	0.00343206	0.089285	0.121589	0.013644	0.0120098	0.0111034	0.00138093	0.00508685
91	0.0573139	0.00513576	0.00225942	0.00697283	0.00985148	0.00382889	0.00425255	0.123852	0.0276563	0.413138	0.0744245	0.00651723	0.00202367	0.00539846	0.0282898	0.054275	0.0980005	0.070214	0.000941507	0.0056532
92	0.023953	0.00419033	0.000363524	0.000512027	0.000348542	0.00804068	0.000612591	0.00262821	0.00517324	0.00143283	0.000824941	0.000562757	0.901971	0.0012863	0.00512704	0.0306582	0.00575851	0.00564038	0.000109417	0.000806431
93	0.356353	0.158343	0.00185419	0.00150766	0.0264635	0.0727029	0.000966333	0.0109415	0.00110635	0.0135225	0.0241523	0.00843247	0.0143124	0.00261392	0.00124185	0.136878	0.108047	0.0514367	0.000465775	0.00865884
94	0.316628	0.0614328	0.00133104	0.0025739	0.00304511	0.00743087	0.00169715	0.030608	0.00194421	0.0114086	0.00683496	0.00274532	0.00300636	0.00316724	0.00182295	0.0229506	0.217956	0.300754	0.000676941	0.00198622
95	0.00361985	0.000525228	0.000593745	0.00160952	0.249358	0.000622165	0.000710296	0.236742	0.00105374	0.29355	0.113571	0.00277257	0.00123773	0.00282177	0.000823231	0.00317939	0.00566105	0.0574162	0.0020784	0.0220546
96	0.0074161	0.00187874	0.157877	0.0138454	0.00448172	0.00993811	0.340124	0.00364427	0.00327606	0.00556234	0.00359219	0.195286	0.00172512	0.0401318	0.00365878	0.0566591	0.0532648	0.00884329	0.00136731	0.0874278
97	0.0231824	0.00569834	0.000602959	0.000537738	0.00543958	0.000639672	0.000182488	0.288044	0.000703533	0.0199509	0.00915593	0.00145358	0.00319054	0.000818515	0.000494183	0.00328083	0.00502085	0.631172	0.000185874	0.000245619
98	0.534927	0.0145684	0.000747527	0.00272921	0.000641843	0.000896634	0.000607223	0.0083782	0.00074753	0.00579529	0.00688035	0.00158672	0.000489101	0.00105478	0.000857744	0.182672	0.217215	0.018387	0.000179807	0.000638148
99	0.68001	0.00457252	0.00215671	0.00229834	0.000702342	0.0399432	0.00110283	0.0032642	0.00297904	0.00389434	0.00377285	0.00349865	0.00133878	0.00324335	0.00248693	0.19852	0.0372272	0.00765605	9.61018e-05	0.00123622
100	0.0129398	0.0020912	0.012053	0.014743	0.00702889	0.00696104	0.0554377	0.0310014	0.0573879	0.0119572	0.00541202	0.0262958	0.00471924	0.018917	0.673049	0.0185189	0.0202403	0.0141387	0.000675275	0.00643276
101	0.531292	0.0267315	0.000651972	0.00501589	0.000862145	0.0017097	0.000703862	0.00880731	0.000982441	0.00598381	0.0050092	0.00180639	0.000568036	0.00107824	0.000775717	0.149773	0.237616	0.0198761	0.000187517	0.000569754
102	0.00875709	0.000249518	0.000316558	0.00113639	0.00029039	0.000436586	0.00314201	0.336772	0.0011686	0.21918	0.0058644	0.000412489	0.000196258	0.000438093	0.000349619	0.000769196	0.000687518	0.415152	8.22052e-05	0.00459917
103	0.731878	0.00308325	0.00211752	0.0018438	0.000421175	0.0353921	0.000274599	0.0016935	0.000377766	0.00295143	0.00229535	0.00472677	0.000664971	0.00183161	0.00108402	0.181194	0.0204166	0.00722327	5.52123e-05	0.000475423
104	0.218168	0.02064	0.00135266	0.00195143	0.00176024	0.0304795	0.00164481	0.00287894	0.016659	0.00359914	0.0199557	0.0111624	0.00195798	0.00218352	0.00258254	0.0630076	0.592663	0.00536147	0.000354543	0.0016374
105	0.0586343	0.0133892	0.00228217	0.00260742	0.00187583	0.0378366	0.405599	0.00309596	0.00229625	0.00355658	0.00279772	0.059455	0.00151109	0.323988	0.0146423	0.0469662	0.00494805	0.00413977	0.000632059	0.00974721
106	0.789556	0.000152479	0.00119149	0.000658506	0.000133401	0.0457683	0.000169285	0.00256896	0.000176507	0.00271995	0.00023006	0.000670842	0.000490511	0.000253485	0.000939542	0.129586	0.021407	0.00317002	3.29276e-05	0.000124234
107	0.0355603	0.00752235	0.00241385	0.0100039	0.0325553	0.00493688	0.0108181	0.0999011	0.0111184	0.455501	0.107957	0.0126717	0.0019437	0.013568	0.01018	0.03969	0.0475675	0.0585934	0.00294765	0.0345498
108	0.0127002	0.0222198	0.0169972	0.00173375	0.00135558	0.0125136	0.00318187	0.00536238	0.00161675	0.0023513	0.00189229	0.203048	0.00230126	0.00226236	0.00188527	0.665968	0.0346274	0.00617843	0.00053429	0.00127045
109	0.00941734	0.00453381	0.000388853	0.00192624	0.00944512	0.00267603	0.00104595	0.556722	0.000814895	0.165592	0.0686071	0.00112774	0.00284226	0.00255491	0.00121768	0.00338998	0.0104032	0.15065	0.00149173	0.00515276
110	0.0379655	0.00526898	0.0103764	0.00574515	0.331091	0.00156234	0.066777	0.0139105	0.00914178	0.036841	0.0244334	0.00884127	0.000424217	0.012739	0.015527	0.0127715	0.0182278	0.0274559	0.0181686	0.342732
111	0.255119	0.261973	0.00305835	0.00469357	0.0183287	0.186462	0.00526317	0.00856446	0.00394665	0.010073	0.0156243	0.0109254	0.00638452	0.00634759	0.00470095	0.0805901	0.0787707	0.0324116	0.00103432	0.0057286
112	0.0176342	0.000419893	0.716317	0.128824	0.00451875	0.0459303	0.001619	0.00110065	0.00531528	0.00128398	0.000993571	0.0188578	0.00975977	0.00729847	0.00135938	0.0172922	0.0156934	0.00144625	0.00197841	0.00235773
113	0.0243157	0.00347527	0.00361544	0.00351523	0.00478285	0.00926638	0.613149	0.00588852	0.00234507	0.00614422	0.00219088	0.0175524	0.00119838	0.263286	0.00490737	0.0133736	0.0115692	0.00334227	0.000536871	0.00554562
114	0.111083	0.00173755	0.0194221	0.00360206	0.00188297	0.104985	0.00374365	0.00310262	0.0109179	0.0093704	0.00359623	0.00360552	0.00169993	0.175699	0.00469359	0.470429	0.0634874	0.00406422	0.000607993	0.00226982
115	0.0130416	0.000354731	0.75262	0.117029	0.00434838	0.0269432	0.00248841	0.00132397	0.00356646	0.00113425	0.000690684	0.027998	0.00956112	0.00473572	0.00136578	0.0136797	0.0135908	0.00123851	0.00202194	0.0022676
116	0.0292979	0.00799608	0.000873116	0.000203526	0.00771218	0.000529739	0.00016723	0.192515	0.00089468	0.0177087	0.00998261	0.00194008	0.00435117	0.00111025	0.000639399	0.00486544	0.00471802	0.714303	3.58365e-05	0.000155522
117	0.0449492	0.00390378	0.00555733	0.00695171	0.00956754	0.00637361	0.00555617	0.00761395	0.00815191	0.0117052	0.564466	0.0382649	0.00368946	0.00853066	0.00632156	0.0137966	0.0702042	0.0103607	0.00173945	0.172296
118	0.786354	0.000301306	0.00121054	0.000714893	0.000138893	0.044244	0.000167854	0.00244054	0.000182218	0.0028206	0.000359531	0.000885107	0.000503415	0.000349388	0.000925356	0.133638	0.0210702	0.00353507	3.33662e-05	0.000125896
119	0.39846	0.0883241	0.00062727	0.00132771	0.000642564	0.00487154	0.000709527	0.0207872	0.000713989	0.0041262	0.00504226	0.00100777	0.00046082	0.00117234	0.000803134	0.00755781	0.176835	0.285671	0.000239531	0.000620853
120	0.0313375	0.00355373	0.0258158	0.0500831	0.00859081	0.009069	0.0548409	0.02085	0.0844577	0.0168112	0.00843855	0.0348354	0.00648028	0.0363343	0.536723	0.0215894	0.0232695	0.0151012	0.0012638	0.0105548
121	0.239454	0.0101663	0.00297	0.0111752	0.00232607	0.0920153	0.00278301	0.00800165	0.00307495	0.00510696	0.0881681	0.045209	0.027416	0.245597	0.00316534	0.14618	0.059496	0.00455127	0.000717536	0.00242558
122	0.177664	0.0288664	0.00417368	0.00315444	0.00666841	0.0107579	0.0027208	0.0653112	0.0038046	0.0173522	0.0141302	0.00973945	0.00739347	0.00924465	0.00500157	0.134226	0.348805	0.146727	0.000595971	0.00366242
123	0.0525567	0.00484158	0.0283009	0.00807947	0.00230391	0.760563	0.0123289	0.00216801	0.00831348	0.00185612	0.00435032	0.0543518	0.00328935	0.0069986	0.00392324	0.0304512	0.0109935	0.00363529	0.000123227	0.00057114
124	0.0484284	0.225305	0.00273968	0.00322384	0.205341	0.00576985	0.00326306	0.0210291	0.0032255	0.0547002	0.0377379	0.00424088	0.00167166	0.0047288	0.00375925	0.00730543	0.00687125	0.102244	0.158677	0.0997383
125	0.412478	0.0954775	0.00129255	0.00106708	0.0170574	0.103212	0.000957529	0.0118345	0.000793854	0.00845078	0.0119937	0.00611977	0.0177258	0.00257254	0.00202233	0.131103	0.105729	0.0588607	0.00027907	0.0109732
126	0.0129234	0.00095075	0.000608801	0.00493983	0.0412064	0.000783781	0.000573615	0.0389475	0.00318	0.361736	0.459261	0.00155938	0.00115652	0.0262903	0.000725271	0.00489701	0.00787201	0.0151292	0.00075246	0.0165066
127	0.00230414	0.00221213	0.000314998	0.00194807	0.0571827	0.000414167	0.000349391	0.136014	0.000679758	0.641364	0.0928354	0.00296763	0.00119002	0.0017378	0.000530788	0.00235758	0.00816959	0.035101	0.00127716	0.0110506
128	0.296929	0.318564	0.00178658	0.00208474	0.0434337	0.0206923	0.00272703	0.00253042	0.00207419	0.00357159	0.00536154	0.014734	0.0010664	0.00232795	0.00196397	0.212194	0.00887975	0.0560352	0.00130712	0.00173622
129	0.29268	0.00211853	0.0200695	0.0644623	0.00841124	0.0441972	0.00494087	0.00322794	0.00545407	0.0191484	0.0101425	0.00507441	0.00162692	0.0105686	0.00287902	0.410136	0.067661	0.00578736	0.000605021	0.0208086
130	0.234896	0.0367961	0.032441	0.00726093	0.0143185	0.205548	0.0273762	0.00161346	0.00137095	0.00206768	0.00611997	0.124646	0.000598304	0.0223619	0.00596346	0.238508	0.0308924	0.00450086	0.00185104	0.000870147
131	0.00981712	0.0194409	0.037539	0.00178171	0.00128091	0.0182168	0.00570611	0.0033502	0.00345569	0.00261344	0.00177013	0.308829	0.00124799	0.00466608	0.00620704	0.529114	0.0379339	0.00519432	0.000558347	0.00127703
132	0.0721572	0.0062325	0.00393805	0.00996982	0.00219332	0.0199124	0.0034989	0.0461434	0.00384723	0.0128744	0.00387316	0.0288184	0.38521	0.0111494	0.00562847	0.0460322	0.0866361	0.240573	0.000908931	0.0104032
133	0.0176857	0.00118837	0.00834041	0.0559755	0.00171568	0.026435	0.0114244	0.00615834	0.00408235	0.0142608	0.0232926	0.00530037	0.00140555	0.777926	0.00298189	0.0233818	0.0116911	0.00368234	0.00086069	0.00221162
134	0.0147763	0.00099266	0.00570391	0.197724	0.00135612	0.0233961	0.00436017	0.00594219	0.00224634	0.0153026	0.0210278	0.00262418	0.00107773	0.663484	0.00155485	0.0200709	0.0111799	0.00501392	0.000459475	0.00170653
135	0.261066	0.0818815	0.00330575	0.00145187	0.00466942	0.0156557	0.00138123	0.0963756	0.00133406	0.0211455	0.00819192	0.00404082	0.0103475	0.0154031	0.00330592	0.104793	0.052076	0.312135	0.000352294	0.0010877
136	0.1708	0.0034091	0.00486119	0.00688927	0.00476167	0.0058856	0.158848	0.00718021	0.0052969	0.0886744	0.196409	0.00689416	0.00257682	0.243197	0.00885248	0.0116	0.0105097	0.0333323	0.0014514	0.0285712
137	0.0218107	0.000987098	0.643433	0.150758	0.00507824	0.0253468	0.00618937	0.00297227	0.0127879	0.00380403	0.00236724	0.0275918	0.00950987	0.0213163	0.00403726	0.0189592	0.0230272	0.00379243	0.0108082	0.00542232
138	0.00660879	0.00791195	0.000534931	0.00154751	0.0370323	0.000671143	0.000699921	0.048817	0.00169707	0.62349	0.218944	0.00761882	0.00184569	0.00708196	0.000753592	0.0021167	0.012803	0.0108437	0.000357998	0.0086241
139	0.789556	0.000152479	0.00119149	0.000658506	0.000133401	0.0457683	0.000169285	0.00256896	0.000176507	0.00271995	0.00023006	0.000670842	0.000490511	0.000253485	0.000939542	0.129586	0.021407	0.00317002	3.29276e-05	0.000124234
140	0.372535	0.0825111	0.00148523	0.00304049	0.0249883	0.063067	0.00122285	0.0358273	0.00179525	0.0419238	0.0259668	0.0122766	0.0840986	0.00821502	0.00312697	0.102892	0.0498701	0.0654567	0.000369394	0.0193317
141	0.0106895	0.000110552	0.000160652	0.00144997	0.000515418	0.0009822	0.000185328	0.534933	0.000228804	0.0258129	0.00925618	0.000227394	0.000145868	0.000250769	0.000203927	0.000393907	0.00697067	0.406474	0.000610104	0.000399165
142	0.704166	0.00231962	0.00168163	0.00134023	0.000363976	0.0274805	0.000356531	0.0046313	0.000770547	0.00379548	0.00221322	0.00302599	0.00330456	0.00165079	0.0012674	0.203509	0.0213441	0.0161948	8.33529e-05	0.000500917
143	0.0148292	0.00121977	0.00457262	0.00453494	0.0109232	0.00210367	0.82515	0.0118036	0.0021169	0.0115213	0.00201943	0.00348058	0.00108142	0.0694953	0.0019572	0.00505956	0.0228653	0.00294142	0.000469903	0.00185435
144	0.0921924	0.0210097	0.00845106	0.0251987	0.0214227	0.014941	0.0138348	0.12851	0.0477238	0.135839	0.0290775	0.0177516	0.00370189	0.0370042	0.0814048	0.0733453	0.081939	0.160722	0.000249113	0.00568103
145	0.623496	0.0174937	0.000510263	0.00271696	0.000433401	0.000975852	0.000558468	0.0119098	0.000566864	0.00777761	0.00550371	0.00107575	0.000457369	0.000815164	0.0005736	0.110875	0.184202	0.029447	0.000148349	0.000463874
146	0.124846	0.00606453	0.00304749	0.00493384	0.000614632	0.000656618	0.00153078	0.00184795	0.00163989	0.0025323	0.00350356	0.0158462	0.000936754	0.00269406	0.000754518	0.371269	0.451943	0.00449949	0.000159103	0.000680671
147	0.00452047	0.00186778	0.000442455	0.00515642	0.0216795	0.000476459	0.000926232	0.170368	0.000991436	0.651582	0.0633367	0.00236173	0.000636153	0.000999114	0.00334388	0.00409712	0.0110211	0.0440061	0.000889066	0.011299
148	0.0847357	0.00203489	0.0745125	0.251265	0.00796414	0.0106588	0.0332543	0.00769279	0.198964	0.0231529	0.016128	0.0323193	0.000266209	0.100595	0.0952793	0.0110303	0.0156437	0.0218551	0.000139523	0.0125088
149	0.404609	0.027323	0.00164464	0.00146229	0.00241478	0.196453	0.000941035	0.00324093	0.000865757	0.00129754	0.00216851	0.00159158	0.00218549	0.00381124	0.00834752	0.180476	0.13645	0.0214021	0.00019839	0.00311735
150	0.0102098	0.00238808	0.00370818	0.00403919	0.00266819	0.0220605	0.0449156	0.00551694	0.101644	0.00545031	0.00484413	0.00603813	0.00215736	0.0581832	0.406297	0.302191	0.00856058	0.00576341	0.000811926	0.00255176
151	0.00875709	0.000249518	0.000316558	0.00113639	0.00029039	0.000436586	0.00314201	0.336772	0.0011686	0.21918	0.0058644	0.000412489	0.000196258	0.000438093	0.000349619	0.000769196	0.000687518	0.415152	8.22052e-05	0.00459917
152	0.0395317	0.0035622	0.00190236	0.00363949	0.000849753	0.00812516	0.00106141	0.00300782	0.0120072	0.00260344	0.00117887	0.00170594	0.852125	0.00595123	0.0070647	0.0374179	0.00991928	0.00702895	0.000156032	0.00116139
153	0.0297396	0.0118917	0.0012713	0.00116335	0.0435499	0.00126821	0.000838187	0.173816	0.00140582	0.0267863	0.0160138	0.00263826	0.00448002	0.00232699	0.00128119	0.00644917	0.00856981	0.665348	0.000172977	0.000989598
154	0.00235286	0.00654824	0.00035983	0.00293148	0.0192476	0.00043981	0.000501539	0.266836	0.00173657	0.306525	0.195973	0.000595118	0.00266742	0.00676115	0.00135767	0.00242567	0.0117993	0.154435	0.00444536	0.0120609
155	0.0160108	0.00377557	0.0784872	0.0121966	0.00398292	0.00588927	0.202824	0.00672489	0.0104209	0.00804595	0.00510968	0.372737	0.0066516	0.0132785	0.0105986	0.120843	0.0396548	0.0531551	0.00109922	0.0285142
156	0.0544756	0.0106987	0.00247113	0.00279097	0.314887	0.00304232	0.00704147	0.0947242	0.0143025	0.0126607	0.0133774	0.00463712	0.00113232	0.00396597	0.0174223	0.0140507	0.0662723	0.167991	0.00796479	0.186092
157	0.112154	0.0782034	0.00744225	0.0104352	0.19532	0.0549958	0.0186555	0.0263836	0.012072	0.035206	0.0633187	0.0228367	0.00650907	0.0132144	0.0117542	0.0307384	0.027275	0.049219	0.031244	0.193023
158	0.0178451	0.000376315	0.722989	0.145329	0.00410239	0.0264434	0.00127336	0.000991194	0.00725294	0.00187582	0.000715149	0.0165877	0.00948583	0.00813156	0.00164659	0.0144893	0.014945	0.00169112	0.00183605	0.00199312
159	0.0197665	0.00203793	0.00123159	0.00351115	0.00118177	0.943392	0.00122043	0.000530542	0.00103962	0.00196486	0.00213904	0.00331104	0.00212573	0.00137925	0.00250125	0.00940492	0.00163324	0.00132165	4.37125e-05	0.00026414
160	0.00846648	0.00335623	0.000340366	0.000585764	0.6396	0.000381509	0.012252	0.00538406	0.000707314	0.0168373	0.00228303	0.00518561	0.000215694	0.000910006	0.0018999	0.0025842	0.00586807	0.0191969	0.00680267	0.267143
161	0.0186082	0.00382247	0.01038	0.0143992	0.0136258	0.0074694	0.0398323	0.0713788	0.0451789	0.0201423	0.00977841	0.0198352	0.00660694	0.0191084	0.620541	0.0194112	0.0239775	0.0277843	0.00124839	0.0068717
162	0.0393189	0.00844713	0.00522817	0.0114303	0.0134868	0.00865313	0.0137255	0.0747671	0.0522156	0.0226263	0.0194399	0.0242728	0.0052264	0.0163139	0.0239829	0.0950157	0.371782	0.18311	0.00104022	0.00991807
163	0.103718	0.0157058	0.0107756	0.00657531	0.00572325	0.0241083	0.0193758	0.0102631	0.00852913	0.0069069	0.00776427	0.0548797	0.00954657	0.0146306	0.00867738	0.625402	0.0499532	0.0121568	0.00110986	0.0041979
164	0.0197697	0.00204698	0.00912151	0.00719686	0.0103237	0.00538104	0.781495	0.0108546	0.00520989	0.0116506	0.00274489	0.0107709	0.00130036	0.0666865	0.00610848	0.0112104	0.0233288	0.00497984	0.0011421	0.00867813
165	0.0890138	0.00263329	0.0928813	0.345356	0.0045202	0.0179948	0.0230567	0.0153018	0.0464389	0.0175211	0.0143388	0.051763	0.00351554	0.136389	0.015075	0.0378799	0.0578565	0.0188774	0.00272289	0.00686383
166	0.011189	0.0102922	0.000709733	0.00133759	0.0532149	0.00298336	0.000884285	0.481193	0.00106431	0.118394	0.0257201	0.00828892	0.00067348	0.0049502	0.0010305	0.0075728	0.0107719	0.214775	0.000264326	0.0446901
167	0.120387	0.00129122	0.0759984	0.11391	0.00225162	0.0120717	0.0270473	0.00550279	0.0847313	0.0389103	0.0392547	0.133648	0.0014416	0.11146	0.071607	0.0992707	0.0446927	0.0122241	0.000286792	0.00401348
168	0.0342402	0.00858229	0.00405645	0.0361164	0.00404414	0.00973105	0.00788857	0.0171269	0.23139	0.00963453	0.0292529	0.102915	0.0023596	0.0141064	0.142146	0.0624785	0.231622	0.0475374	0.000923006	0.00384801
169	0.010687	0.000107511	0.000148648	0.00146187	0.000520007	0.000996669	0.000179666	0.535701	0.000218725	0.0253714	0.00927155	0.000214503	0.000143819	0.000231396	0.000196558	0.000394926	0.0070256	0.406126	0.000617391	0.000385458
170	0.138082	0.000792785	0.0758815	0.343913	0.00149903	0.0153	0.0126217	0.0390153	0.0586914	0.00983235	0.00601137	0.0347156	0.00163859	0.126001	0.0066099	0.0494603	0.0326325	0.0461259	0.000300808	0.000874077
171	0.113704	0.0139923	0.00201856	0.0666153	0.00182496	0.0118736	0.00219604	0.0538481	0.0400806	0.172034	0.0718159	0.00287281	0.0274237	0.0898248	0.0237938	0.00714613	0.095586	0.189773	0.000520843	0.0130548
172	0.00102816	0.00418763	0.000267369	0.00352204	0.0329887	0.000301865	0.000328267	0.272437	0.0017103	0.320787	0.173057	0.000468582	0.00351316	0.00741453	0.000443816	0.00269592	0.0133224	0.140658	0.00596675	0.0149006
173	0.0420165	0.00242116	0.320559	0.195189	0.00150268	0.0116043	0.0195293	0.00208174	0.0170069	0.00274641	0.00217692	0.0436815	0.0809401	0.0156919	0.00181084	0.146233	0.0898531	0.00293583	0.000446596	0.00157293
174	0.0227231	0.00121275	0.104489	0.144554	0.0962998	0.0022991	0.0542032	0.00346905	0.0636832	0.0438868	0.0344045	0.132117	0.0199755	0.0796577	0.0224714	0.0476919	0.0684429	0.0347185	0.000823796	0.0228776
175	0.0703527	0.000418664	0.331639	0.404928	0.000755621	0.0233513	0.000972321	0.000732118	0.0315858	0.00806346	0.000714714	0.021678	0.00159292	0.0446171	0.00919085	0.0199875	0.0211395	0.00767558	0.000200284	0.000404966
176	0.195023	0.00228626	0.0943499	0.0955679	0.00708899	0.0386561	0.0395381	0.00532423	0.155282	0.0355664	0.0212841	0.00732932	0.00183535	0.0447872	0.0315675	0.0779058	0.00674613	0.00638617	0.0492565	0.0842189
177	0.00875709	0.000249518	0.000316558	0.00113639	0.00029039	0.000436586	0.00314201	0.336772	0.0011686	0.21918	0.0058644	0.000412489	0.000196258	0.000438093	0.000349619	0.000769196	0.000687518	0.415152	8.22052e-05	0.00459917
178	0.131013	0.00199548	0.0352294	0.0818999	0.013359	0.013662	0.0261134	0.0188108	0.14697	0.0797719	0.0339978	0.0544009	0.00205448	0.106861	0.146654	0.0440058	0.0350739	0.0134176	0.000835548	0.0138743
179	0.420651	0.000878762	0.0834345	0.142696	0.00424492	0.0140528	0.0131974	0.0048618	0.0897286	0.00197158	0.00134765	0.0375726	0.000907365	0.0435902	0.0957786	0.0214731	0.00249053	0.0199491	0.000289604	0.000884067
180	0.0159606	0.0267133	0.00960837	0.011064	0.204662	0.00877626	0.154009	0.081068	0.0133203	0.052746	0.0122362	0.0800283	0.00103752	0.0248176	0.00266747	0.0117714	0.0118588	0.0262623	0.0683945	0.182997
181	0.0103863	0.0032988	0.00632795	0.0154923	0.00265593	0.00404321	0.0120308	0.00436396	0.540478	0.00615704	0.00738651	0.013723	0.0056319	0.0251686	0.294963	0.010146	0.0288022	0.00613692	0.000670401	0.00213683
182	0.124958	0.000494873	0.0924077	0.127232	0.0015815	0.00951556	0.0264471	0.00185772	0.0986194	0.0421388	0.0364132	0.117306	0.00130021	0.105664	0.0758569	0.0968929	0.0307799	0.00761168	0.000219262	0.00270269
183	0.00826787	0.00061639	0.0332931	0.0232256	0.002906	0.00505249	0.0724804	0.0106656	0.0969104	0.0126631	0.00376974	0.0638799	0.000532065	0.0238872	0.591047	0.0115512	0.0239914	0.00543751	0.00019662	0.0096262
184	0.278665	0.0138691	0.00384593	0.0029798	0.00826449	0.348622	0.0031734	0.00216108	0.00245654	0.00286958	0.011278	0.00974727	0.000953955	0.00637458	0.0106494	0.26338	0.0207582	0.00424434	0.000508075	0.00519896
185	0.0124777	0.00106239	0.000521368	0.00370391	0.0401593	0.000612129	0.000561055	0.0403487	0.00341649	0.395391	0.426716	0.00160173	0.00109117	0.0223825	0.000683205	0.00440164	0.00776156	0.0173467	0.000815182	0.0189459
186	0.0052457	0.00306968	0.0588057	0.00224443	0.00135304	0.00562862	0.021438	0.00235254	0.00653957	0.0027592	0.00204244	0.46965	0.00158459	0.0120446	0.0222282	0.282686	0.0928603	0.00537918	0.000385776	0.00170227
187	0.0387233	0.00434189	0.00136441	0.00278581	0.000784295	0.0085887	0.00125934	0.00277903	0.00849881	0.00205055	0.0012873	0.001341	0.862248	0.00353523	0.00581363	0.0374443	0.010088	0.00603226	0.000107317	0.000926926
