293	20
1	0.186305	0.00786678	0.00263688	0.00144912	0.0216437	0.0427114	0.00717331	0.20284	0.00102984	0.0718299	0.0145038	0.00137051	0.0111411	0.000837813	0.00145275	0.0311643	0.0558626	0.327302	0.00163927	0.00923957
2	0.168263	0.00571135	0.00166019	0.0014226	0.0214014	0.0341622	0.00841565	0.202101	0.00111485	0.060151	0.0101726	0.00129352	0.0111521	0.000802584	0.0014593	0.0224848	0.0565599	0.38449	0.000966935	0.00621602
3	0.343027	0.00798141	0.00376273	0.00449853	0.00522277	0.202819	0.00513574	0.0161408	0.00272263	0.0076873	0.00970232	0.00448789	0.00281421	0.00904409	0.0173007	0.190088	0.0630999	0.100326	0.00109808	0.00304163
4	0.186965	0.00790516	0.00248409	0.00141575	0.0217585	0.0424515	0.00717538	0.202784	0.000998831	0.0718069	0.0142341	0.00137004	0.011159	0.000796046	0.00140944	0.030582	0.0552237	0.328796	0.001555	0.00912919
5	0.203456	0.00942941	0.00274475	0.00204614	0.0195142	0.0476669	0.00673	0.190014	0.00104781	0.0676229	0.0122533	0.00129243	0.0105905	0.00106422	0.00143091	0.035874	0.0585635	0.319323	0.00123603	0.00809918
6	0.186498	0.00703637	0.00183371	0.0013141	0.0215829	0.0401807	0.0076798	0.196783	0.000956545	0.0701003	0.0120943	0.00132724	0.0110805	0.000810617	0.00130627	0.0266048	0.0555273	0.348288	0.00118816	0.00780765
7	0.385679	0.00922208	0.00435087	0.0045081	0.0070347	0.184613	0.00425215	0.0643054	0.0034736	0.015721	0.00581085	0.00466894	0.00432332	0.0036201	0.00571015	0.0499662	0.0644579	0.172307	0.00153724	0.00443796
8	0.0693684	0.0334356	0.00785125	0.00737909	0.113525	0.00833787	0.0732434	0.0804715	0.00650791	0.15246	0.00466892	0.0356457	0.0389132	0.0989662	0.00800394	0.0471773	0.0608076	0.0542776	0.08573	0.0132292
9	0.0351352	0.00667238	0.00776326	0.00826	0.267822	0.00993702	0.034493	0.0501827	0.00428772	0.0894925	0.0261475	0.0140159	0.0137871	0.0088035	0.0144628	0.0282459	0.0195404	0.0832572	0.00463014	0.273064
10	0.192104	0.0132979	0.00598125	0.00824414	0.00847501	0.0408458	0.00497509	0.00388501	0.00479388	0.0362115	0.00254755	0.0101458	0.00429433	0.0181493	0.00385094	0.404106	0.211462	0.021172	0.000982246	0.00447661
11	0.00402474	0.00223516	0.00216331	0.00212176	0.327378	0.00225239	0.0155903	0.00914188	0.00198886	0.00342315	0.00140712	0.00205098	0.00974166	0.00182027	0.00259269	0.0140791	0.00405681	0.00557523	0.000954507	0.587402
12	0.0275234	0.0036519	0.204899	0.565171	0.00425435	0.0164179	0.0137297	0.00145923	0.024879	0.00104523	0.00350523	0.0315815	0.000463863	0.0709317	0.000805641	0.0111979	0.00231045	0.0115873	0.00254907	0.00203648
13	0.0271344	0.00410417	0.197991	0.545492	0.00409283	0.0176098	0.0140937	0.00165521	0.0283502	0.00123226	0.0046447	0.0369491	0.000619435	0.0760038	0.00748248	0.0127365	0.00392483	0.0112878	0.00249554	0.00210011
14	0.00254075	0.000412719	0.00103966	0.000847068	0.0248281	0.00142244	0.000653574	0.0639133	0.000716964	0.776994	0.0666272	0.00111465	0.000543884	0.00056347	0.00789189	0.00209488	0.00215584	0.0432346	0.00068943	0.00171542
15	0.242671	0.00412834	0.0197142	0.00339512	0.0312293	0.00785297	0.0292252	0.0754102	0.00295598	0.12137	0.0508872	0.0051472	0.00534024	0.00303533	0.00322626	0.0941248	0.0458879	0.200317	0.0205548	0.0335267
16	0.15863	0.00405305	0.00938464	0.00234771	0.0333947	0.0226523	0.0084317	0.1576	0.00483305	0.0862506	0.0840716	0.00925392	0.00633345	0.0017334	0.00384912	0.03363	0.0459523	0.303291	0.00898483	0.015322
17	0.200332	0.0178396	0.0114772	0.0115788	0.0108757	0.0363358	0.00905195	0.0111157	0.0147396	0.0286646	0.00604599	0.016852	0.0175521	0.0219224	0.0121059	0.313257	0.213193	0.0359777	0.00184147	0.00924138
18	0.0255235	0.00271347	0.0983043	0.030858	0.00686574	0.0765258	0.0210894	0.00225961	0.0850686	0.00419211	0.00159848	0.433231	0.00114788	0.0400253	0.0403123	0.0917707	0.0153131	0.00996184	0.000728116	0.0125108
19	0.0188764	0.0132994	0.0308785	0.0341836	0.00105178	0.810739	0.00140791	0.00498042	0.00679884	0.00635812	0.000885424	0.0209495	0.000978954	0.00123588	0.00146624	0.00995045	0.00730644	0.00563574	0.00996464	0.0130528
20	0.0355456	0.00742859	0.0182851	0.0155055	0.255242	0.0115641	0.0251641	0.041553	0.0103253	0.0831968	0.0170323	0.01663	0.0162343	0.0107121	0.0139391	0.0356994	0.022152	0.0560584	0.00475693	0.302975
21	0.312054	0.0201754	0.0120651	0.00632549	0.00577462	0.00548543	0.00353799	0.00261472	0.00192255	0.00586485	0.00184738	0.00515499	0.00890658	0.00330113	0.00219008	0.55621	0.031299	0.0111313	0.000762194	0.00337671
22	0.020036	0.00479072	0.0878434	0.0203425	0.0158206	0.0665027	0.0160589	0.00399	0.117944	0.00781608	0.00257615	0.410733	0.00222668	0.0357514	0.0590834	0.0709367	0.0258965	0.00858003	0.00119352	0.0218778
23	0.0247288	0.00937595	0.00520625	0.0229992	0.0159746	0.00864599	0.0250397	0.210385	0.00592809	0.103214	0.014371	0.00521597	0.0056492	0.00378266	0.0250484	0.0186761	0.0345455	0.441643	0.00428879	0.0152809
24	0.00218419	0.000384914	0.00068052	0.000939665	0.0241246	0.00143282	0.000842978	0.0744194	0.000664334	0.773205	0.0621942	0.000845508	0.00127675	0.000567716	0.00751801	0.00316361	0.00200448	0.0411703	0.00129182	0.0010896
25	0.0393406	0.0119372	0.0369993	0.0409802	0.00581732	0.702338	0.00281609	0.0102025	0.0103576	0.0115099	0.00334233	0.0272565	0.00250706	0.00454635	0.00956548	0.028633	0.0138087	0.0132327	0.00836746	0.0164414
26	0.035715	0.00367331	0.182634	0.550198	0.00403847	0.0226742	0.0124379	0.00354741	0.0301215	0.00235135	0.00362506	0.0344128	0.000897544	0.0723204	0.00145559	0.0179827	0.00428927	0.0128115	0.00279593	0.00201771
27	0.0307407	0.0120173	0.0342986	0.0402404	0.002544	0.703842	0.00299528	0.011826	0.00952337	0.0112017	0.0029553	0.0247801	0.0054013	0.00480607	0.00647607	0.0369305	0.019274	0.0189593	0.00873011	0.0124579
28	0.0338189	0.0133634	0.0324983	0.0375427	0.00430208	0.716164	0.00362335	0.00919568	0.00997149	0.00919794	0.00384889	0.0229764	0.00781802	0.00434015	0.0104476	0.0274527	0.0150788	0.0155733	0.00926899	0.0135178
29	0.0307447	0.00603543	0.0177867	0.022381	0.259107	0.012636	0.0274163	0.0361892	0.0101685	0.0808882	0.0188553	0.0155196	0.0127756	0.0122927	0.016265	0.0326804	0.0200218	0.0493954	0.00732494	0.311516
30	0.0392113	0.0134016	0.0346165	0.0364966	0.00338894	0.692219	0.00468178	0.00826355	0.0108606	0.0109982	0.00357345	0.0300463	0.0073009	0.0066565	0.0106173	0.0284426	0.0216778	0.0151849	0.0088104	0.0135516
31	0.0523579	0.102779	0.00941397	0.00897585	0.0762473	0.0121228	0.0524019	0.0147496	0.0433502	0.0466455	0.00448589	0.0126551	0.0387707	0.00908089	0.0742987	0.185571	0.0548793	0.0181602	0.00431243	0.178742
32	0.0464865	0.00366802	0.00599055	0.00622536	0.0142391	0.0170169	0.00693466	0.20388	0.0038293	0.0690722	0.0231549	0.00629163	0.00499405	0.00382648	0.00493683	0.016872	0.0266623	0.526456	0.00349051	0.00597234
33	0.00346894	0.00120549	0.00202854	0.00209386	0.328738	0.0022034	0.0154092	0.00915274	0.00157556	0.00258224	0.00140282	0.00193286	0.00861357	0.00179762	0.00188665	0.011496	0.00367503	0.00517392	0.000986377	0.594577
34	0.0176049	0.00220267	0.00823725	0.00783289	0.00726495	0.012406	0.0222604	0.0216521	0.227822	0.0681456	0.0833604	0.0322898	0.00323119	0.0763273	0.29414	0.0237246	0.0540832	0.0285499	0.00797388	0.00089115
35	0.117384	0.0112543	0.023056	0.032257	0.00480286	0.578031	0.00625805	0.0169448	0.007379	0.0102523	0.00609357	0.0197246	0.00797633	0.00755679	0.00986997	0.059267	0.028103	0.0366983	0.00737861	0.00971201
36	0.0570677	0.0725868	0.0050378	0.0288678	0.034517	0.00623711	0.0454288	0.178026	0.0242662	0.0716177	0.0041549	0.00725214	0.00728736	0.00707892	0.0312378	0.0554307	0.124525	0.157109	0.0228459	0.0594256
37	0.00152627	0.000378268	0.000591198	0.000687407	0.0242962	0.00132236	0.000587206	0.0627265	0.000560899	0.789004	0.0651026	0.000791948	0.000582739	0.000536692	0.00772073	0.00171947	0.0014318	0.0392449	0.00054156	0.000646794
38	0.133018	0.0155047	0.0109709	0.0293259	0.0253278	0.0555143	0.0192061	0.0252627	0.0236794	0.0195857	0.00185944	0.0269301	0.30165	0.0276775	0.0131198	0.0954227	0.099231	0.0726437	0.00127873	0.00279172
39	0.0212598	0.00921007	0.475256	0.206273	0.0023111	0.0206455	0.00221525	0.00341792	0.0489783	0.00399226	0.00151656	0.121894	0.00150129	0.00303224	0.00223803	0.041839	0.0252252	0.00312231	0.000740777	0.00533144
40	0.0188855	0.0132865	0.0308991	0.034201	0.00105431	0.809997	0.00141524	0.0049811	0.00694077	0.00635202	0.000884585	0.021353	0.000986388	0.00125345	0.00150075	0.0100576	0.00730585	0.00563683	0.00995673	0.0130525
41	0.0276904	0.00191238	0.0124199	0.00667552	0.00993369	0.0152656	0.0129312	0.0254226	0.272784	0.0464626	0.0534421	0.0341234	0.00512295	0.075429	0.245551	0.0277338	0.101208	0.0194852	0.00464658	0.00176078
42	0.0954393	0.0255189	0.13021	0.104748	0.00506217	0.00761892	0.00537123	0.00799981	0.005081	0.118701	0.003481	0.00583181	0.0499301	0.0682422	0.0256405	0.0360324	0.0339448	0.222475	0.00190606	0.0467665
43	0.00289497	0.000543807	0.000879514	0.00188861	0.00687476	0.00371695	0.00199752	0.245094	0.000711667	0.0536436	0.0124931	0.000815157	0.000461547	0.000692789	0.00187679	0.00156857	0.0095302	0.653507	0.000243647	0.000565682
44	0.277697	0.0132115	0.0263105	0.0341858	0.0206161	0.0555413	0.0130421	0.0390188	0.014474	0.0372278	0.0149431	0.0188859	0.0238962	0.0153273	0.0156167	0.202067	0.0713806	0.0868531	0.00498938	0.0147162
45	0.00454663	0.0005949	0.000884745	0.00189525	0.00697872	0.0040973	0.00203549	0.245124	0.000699017	0.0537073	0.0124598	0.000794045	0.000526699	0.000694621	0.00188517	0.00181958	0.00988976	0.650497	0.000243314	0.000626995
46	0.0360203	0.011462	0.0316941	0.041245	0.0103259	0.0281281	0.0303332	0.0237754	0.189808	0.0403343	0.0292072	0.0533918	0.00921671	0.056151	0.27831	0.0408159	0.049339	0.0235559	0.00703225	0.0098533
47	0.0192874	0.00113292	0.00847611	0.00795255	0.0078218	0.0120138	0.0207713	0.0235345	0.226608	0.0730898	0.0876485	0.033586	0.00310646	0.0822005	0.267993	0.0277997	0.0595317	0.0285	0.0078806	0.00106492
48	0.00898382	0.00220696	0.00191988	0.00203832	0.0260807	0.00618978	0.00416127	0.0678392	0.00283878	0.713647	0.0622425	0.0035503	0.00219654	0.00339223	0.00969628	0.00952824	0.0078672	0.0577788	0.00271448	0.00512743
49	0.0224627	0.00188561	0.013554	0.00931792	0.0087537	0.0122155	0.0177056	0.0234442	0.233871	0.0614605	0.0805665	0.0387148	0.00389142	0.0779349	0.259928	0.0275935	0.0724834	0.0260943	0.00664663	0.00147583
50	0.115832	0.0085792	0.0543774	0.0284748	0.00782965	0.0538112	0.00767071	0.0892251	0.00528949	0.0841343	0.00682014	0.00739412	0.051057	0.00666352	0.00556964	0.183264	0.0697293	0.203656	0.00193386	0.00868894
51	0.0282883	0.0117732	0.0508377	0.0297045	0.00922278	0.603575	0.00673417	0.0362862	0.0104049	0.0174911	0.00967881	0.047465	0.00520083	0.00540858	0.00705169	0.0224708	0.0181475	0.0358714	0.0081754	0.0362122
52	0.0161779	0.00779817	0.00293228	0.00295469	0.00245294	0.0994353	0.00742995	0.00360155	0.00338972	0.00455272	0.00215494	0.058073	0.00348279	0.00280991	0.00335209	0.678046	0.0926512	0.0050083	0.00101145	0.00268486
53	0.165869	0.00726934	0.0137177	0.0141051	0.0082957	0.198165	0.0534152	0.00971512	0.00890953	0.01123	0.01103	0.0132276	0.0212213	0.0507842	0.123137	0.216543	0.0316219	0.0307292	0.0033707	0.00764351
54	0.031127	0.00701622	0.138301	0.398926	0.00472301	0.025549	0.0413036	0.004955	0.0414364	0.0109386	0.00735671	0.0456281	0.00366543	0.148654	0.0327887	0.0210132	0.0122058	0.0143136	0.00257529	0.00752367
55	0.122976	0.011744	0.0249007	0.028587	0.00511047	0.56859	0.00538704	0.015691	0.00837766	0.011841	0.00555365	0.017626	0.00281463	0.00774528	0.0118765	0.0661859	0.0302273	0.0369861	0.00705321	0.0107268
56	0.0206747	0.00562057	0.352172	0.350748	0.0051011	0.017182	0.037407	0.00597849	0.022294	0.00561055	0.00289594	0.0450804	0.00245432	0.0317732	0.00371199	0.0282959	0.0112974	0.008513	0.00205594	0.0411333
57	0.0110993	0.0189803	0.00125445	0.00523127	0.00119772	0.0126512	0.0377284	0.00912814	0.188352	0.00302674	0.00462621	0.0108371	0.00153891	0.0250711	0.650403	0.00282685	0.0126077	0.00208545	0.00046757	0.00088662
58	0.0302269	0.00429612	0.182243	0.515847	0.00484375	0.021302	0.0220411	0.0025868	0.0294112	0.00419963	0.00467637	0.0366211	0.00293239	0.0909366	0.00711391	0.0154903	0.00523003	0.0123846	0.00273299	0.00488449
59	0.008611	0.00390267	0.00500206	0.00342087	0.322667	0.00334737	0.0198418	0.0131429	0.0027999	0.0167149	0.00447091	0.00509842	0.00922974	0.00371773	0.00431834	0.0173935	0.00657944	0.0105285	0.00141023	0.537803
60	0.011083	0.0169184	0.00305481	0.00789554	0.00193591	0.0119528	0.0399391	0.00931192	0.192701	0.00901598	0.0108325	0.0135419	0.00212145	0.03981	0.598935	0.00520637	0.0190791	0.0045431	0.00105331	0.00106903
61	0.338915	0.0167588	0.0112987	0.0121244	0.0110834	0.0397932	0.00908489	0.0127233	0.00693606	0.0164127	0.00615065	0.0145534	0.0203052	0.0124413	0.0089389	0.339221	0.0760701	0.0385218	0.0017495	0.0069184
62	0.0359403	0.00521603	0.179438	0.455636	0.00678211	0.0556001	0.0193595	0.00729408	0.0273816	0.00789206	0.00541107	0.0409326	0.0086517	0.0612184	0.010596	0.0291056	0.0118404	0.0193424	0.00315031	0.0092116
63	0.00802179	0.000738484	0.000958002	0.00185454	0.00745721	0.00479075	0.00218575	0.243131	0.000737934	0.054403	0.0133966	0.000925894	0.000773656	0.000703933	0.00187474	0.00228403	0.0110363	0.643532	0.000347479	0.000846853
64	0.0274742	0.00366498	0.206375	0.563548	0.00423986	0.0164373	0.0136588	0.00145336	0.0248695	0.00104801	0.00347969	0.0319401	0.000464926	0.0706951	0.000806133	0.0113073	0.00243019	0.0115367	0.0025351	0.00203585
65	0.0354795	0.0177235	0.011899	0.015936	0.0134	0.0142073	0.0177403	0.22926	0.0595096	0.0258269	0.00878739	0.0151662	0.00779141	0.0106057	0.0159929	0.0400316	0.304414	0.135232	0.00596658	0.0150299
66	0.00788995	0.00154501	0.00205169	0.00182296	0.0309962	0.00283473	0.00209427	0.104967	0.00258735	0.673037	0.0582903	0.00275995	0.00485034	0.00151761	0.00938803	0.00896682	0.00699554	0.0676354	0.00337915	0.00639109
67	0.0172857	0.00839716	0.00364998	0.00310376	0.00228601	0.080878	0.00795818	0.00415378	0.00443705	0.0055076	0.00332176	0.0669906	0.00316006	0.00281105	0.00347306	0.671313	0.1023	0.00465986	0.000816127	0.00349735
68	0.0162718	0.0182113	0.00490581	0.00823385	0.00372639	0.0156836	0.0365996	0.0121794	0.171137	0.0159188	0.0134037	0.0177863	0.00466614	0.0352166	0.579242	0.0108636	0.0224029	0.00868823	0.00182204	0.00304047
69	0.00289497	0.000543807	0.000879514	0.00188861	0.00687476	0.00371695	0.00199752	0.245094	0.000711667	0.0536436	0.0124931	0.000815157	0.000461547	0.000692789	0.00187679	0.00156857	0.0095302	0.653507	0.000243647	0.000565682
70	0.0299994	0.0176434	0.0312031	0.0423607	0.0386672	0.0203392	0.262987	0.0170712	0.0306851	0.0396526	0.010083	0.0669018	0.00956782	0.095644	0.0747708	0.0549865	0.033403	0.027082	0.00506248	0.0918893
71	0.0358622	0.0161789	0.0330407	0.0350379	0.0360225	0.0202378	0.253478	0.0218287	0.0351306	0.0530783	0.0123677	0.0663825	0.013373	0.0802489	0.0674346	0.0622053	0.0360203	0.0400382	0.0076843	0.0743504
72	0.0110715	0.0197278	0.00115613	0.00518648	0.00119614	0.0128017	0.0380158	0.00880852	0.178493	0.00256395	0.00414388	0.0109094	0.00159288	0.0240663	0.66227	0.00263257	0.0120324	0.00193703	0.000484335	0.000909726
73	0.0220302	0.0245102	0.0340411	0.0247731	0.024418	0.0245462	0.235594	0.00868366	0.0327666	0.0321951	0.00821489	0.22141	0.00511662	0.0848418	0.0407644	0.0569869	0.0249409	0.0211881	0.0027706	0.070207
74	0.0129605	0.00226667	0.00354678	0.00405401	0.0291874	0.00391798	0.0056829	0.0639892	0.00327563	0.695171	0.0603728	0.00461859	0.00419925	0.00514093	0.0106122	0.0128248	0.0100701	0.0563541	0.00286408	0.00889131
75	0.032322	0.00223735	0.00401811	0.00370263	0.0175829	0.00817071	0.00525245	0.187859	0.00225193	0.175856	0.0289525	0.00474886	0.00449902	0.00346786	0.00524427	0.0139374	0.0204179	0.469798	0.00254372	0.00713835
76	0.213174	0.0287737	0.00671292	0.0229979	0.013513	0.0250499	0.00917727	0.00696355	0.00571232	0.0203325	0.0035089	0.0189378	0.00682596	0.0126743	0.00544416	0.400531	0.153865	0.036154	0.00105476	0.00859649
77	0.00183685	0.000357146	0.000612419	0.000668734	0.0237017	0.00129544	0.000626643	0.0624051	0.000593666	0.788331	0.0654893	0.000721023	0.000405709	0.000526156	0.00758594	0.00171086	0.00160198	0.0402602	0.000611422	0.000658931
78	0.0169596	0.00140132	0.00151382	0.00203219	0.0118216	0.00550676	0.00255668	0.209156	0.00148924	0.173507	0.0238595	0.00160345	0.00178675	0.000851459	0.00359915	0.00457397	0.012813	0.521671	0.00103979	0.00225813
79	0.0423379	0.0118233	0.0368223	0.0424342	0.00322704	0.680091	0.00485145	0.0101999	0.0105265	0.00762241	0.00261476	0.0320517	0.00482324	0.00767895	0.00760676	0.0420631	0.0167601	0.0149881	0.00863564	0.0128416
80	0.013839	0.0101101	0.0269218	0.0189873	0.13082	0.0109363	0.219342	0.0105707	0.00730703	0.0369445	0.00400892	0.0482854	0.00787847	0.0472959	0.0114943	0.0388428	0.0140427	0.0206245	0.00258717	0.319161
81	0.147328	0.0664997	0.00963026	0.0114395	0.0135381	0.023978	0.0138464	0.00755769	0.0075215	0.015833	0.00406968	0.030139	0.00872185	0.00821476	0.010011	0.499616	0.0829282	0.0227262	0.00197537	0.0144251
82	0.0589227	0.00225369	0.0209804	0.00369531	0.0383056	0.0125295	0.00652683	0.16337	0.00792593	0.109428	0.137149	0.0166629	0.00551787	0.00246053	0.00676225	0.0228599	0.0480088	0.301212	0.0127684	0.0226606
83	0.250527	0.0511993	0.00480615	0.0187642	0.0239727	0.0123564	0.0149161	0.00533118	0.00216552	0.014454	0.00243308	0.0229691	0.00309457	0.0088339	0.00292143	0.379736	0.114508	0.0525715	0.000928156	0.0135116
84	0.0164718	0.00641197	0.00961648	0.0907742	0.00240384	0.0171935	0.150906	0.0026314	0.0817613	0.0251873	0.0149709	0.0610211	0.0016581	0.416726	0.0622217	0.00821125	0.00857343	0.00357779	0.000813551	0.0188692
85	0.0157163	0.0194117	0.00453316	0.00947492	0.00312477	0.0152663	0.0574591	0.0107178	0.158998	0.0122776	0.0121917	0.0215765	0.00187482	0.0427799	0.577015	0.00949496	0.0158774	0.0054341	0.00148757	0.00528911
86	0.00147588	0.000362791	0.00055638	0.00067279	0.023705	0.0012801	0.000577989	0.0625265	0.000546715	0.790468	0.0650919	0.000680065	0.000434989	0.000529403	0.00762321	0.00160193	0.00143234	0.0393015	0.000550587	0.000581375
87	0.0101109	0.00154915	0.00235672	0.0024603	0.0288615	0.00520906	0.00474988	0.0637248	0.00612074	0.712111	0.0622052	0.00493647	0.00382242	0.00635872	0.0157315	0.00934351	0.00788233	0.0456985	0.00164099	0.00512656
88	0.00505386	0.000646695	0.000999573	0.00202333	0.00723223	0.00405738	0.00213038	0.245944	0.00078733	0.0558185	0.0131576	0.000892393	0.000568611	0.000710256	0.00199296	0.00198457	0.0105851	0.644225	0.000419295	0.000771862
89	0.0147342	0.00728179	0.0130268	0.0108522	0.243208	0.0157452	0.0430622	0.0182749	0.00726947	0.0239655	0.00603227	0.0161865	0.0112507	0.0121592	0.0104649	0.0313939	0.016384	0.0193874	0.00230324	0.477018
90	0.0270988	0.00364629	0.210845	0.557763	0.00420209	0.0168577	0.0138529	0.00155917	0.0250271	0.00113004	0.00349462	0.0326606	0.000467751	0.0693624	0.000972926	0.0119194	0.00282937	0.0114447	0.00251165	0.00235524
91	0.00347067	0.00120765	0.00202854	0.00208921	0.329044	0.00220155	0.0153956	0.00916751	0.00157556	0.00258056	0.00138301	0.00192358	0.00859419	0.00179809	0.00188719	0.0115253	0.00366913	0.00518238	0.000987412	0.594289
92	0.00864185	0.000767046	0.00180031	0.00182621	0.0223007	0.003018	0.00250641	0.102129	0.00115466	0.569082	0.0563259	0.00213557	0.00167877	0.000949026	0.00668905	0.00449763	0.00698633	0.201651	0.00186574	0.00399434
93	0.0688668	0.0119708	0.00413871	0.0328354	0.00293749	0.00463436	0.00295235	0.00300466	0.00226833	0.00832515	0.0014995	0.00313352	0.562672	0.0178952	0.0256296	0.189293	0.0359239	0.0194413	0.000627891	0.00194949
94	0.03922	0.0119824	0.0896722	0.0704524	0.0185698	0.0746306	0.0495	0.0160592	0.0577342	0.0251202	0.0119601	0.257545	0.00814597	0.0439942	0.0395639	0.0862365	0.0457853	0.0207739	0.00464766	0.0284067
95	0.0179728	0.0025139	0.1021	0.0199735	0.00881946	0.0892838	0.0146537	0.00257261	0.106838	0.00431456	0.00170016	0.442231	0.00129959	0.0334589	0.0394992	0.0646266	0.0211712	0.00824325	0.000891884	0.0178355
96	0.025475	0.0066876	0.104157	0.0305219	0.013835	0.0483878	0.0187282	0.00857395	0.0659549	0.0158659	0.00548138	0.375075	0.0049453	0.0274852	0.0261919	0.06777	0.122043	0.0140691	0.00260808	0.0161432
97	0.00506035	0.000449922	0.00150908	0.000922475	0.0247983	0.00182256	0.00120205	0.0639381	0.0013742	0.764815	0.0661494	0.00131043	0.00107619	0.000873093	0.00852887	0.00343023	0.00287275	0.0455847	0.000914866	0.00336713
98	0.0169112	0.00722459	0.328373	0.157619	0.00833162	0.0124515	0.165093	0.0141431	0.00835666	0.0130523	0.00555874	0.0141014	0.00542856	0.00886415	0.00930555	0.054619	0.0183687	0.0122781	0.00290295	0.137017
99	0.00902836	0.00961409	0.00763092	0.00958295	0.0625152	0.00590482	0.353218	0.00579233	0.00431273	0.0653968	0.00261903	0.0954513	0.00452578	0.0886311	0.0125986	0.0519854	0.0101671	0.0298728	0.00176105	0.169392
100	0.0174216	0.0243178	0.0273234	0.0285991	0.0299883	0.015351	0.28086	0.0094124	0.0228109	0.0382825	0.00639973	0.152756	0.00627939	0.100196	0.0381869	0.0606216	0.0261964	0.0205867	0.00380509	0.090605
101	0.00956219	0.00289409	0.00743299	0.00415599	0.0285334	0.00481912	0.00453673	0.0658709	0.00552597	0.697893	0.0591027	0.00460141	0.00314829	0.00563882	0.0129046	0.00922671	0.0105687	0.0537008	0.00316709	0.00671698
102	0.0109831	0.00904666	0.0231852	0.0156854	0.119649	0.0076605	0.248234	0.010166	0.00566948	0.03791	0.00345993	0.0517029	0.00736983	0.0495964	0.0116407	0.0377717	0.0126876	0.0195989	0.00197484	0.316008
103	0.0176831	0.00107293	0.00704417	0.00656175	0.00755854	0.0147871	0.0235603	0.0263392	0.206208	0.0848318	0.0990007	0.0355328	0.00286477	0.0792046	0.273926	0.022257	0.0499723	0.0288609	0.0117835	0.000950457
104	0.0577116	0.0069909	0.00573585	0.0340129	0.00280894	0.00760481	0.00423542	0.00297569	0.00248578	0.00847351	0.00120852	0.00275961	0.59579	0.0246375	0.0333779	0.137952	0.0454065	0.0236279	0.000645369	0.001559
105	0.176489	0.00654427	0.00223974	0.00168789	0.0250258	0.039888	0.0112219	0.182981	0.00141122	0.0595114	0.0105462	0.00205286	0.0147282	0.00119981	0.00152148	0.0247829	0.061973	0.367875	0.00123552	0.00708519
106	0.00145677	0.000362538	0.000550014	0.000672836	0.0235939	0.00127191	0.000577988	0.0624755	0.000549713	0.790782	0.0651172	0.000664116	0.000403875	0.000529021	0.00759258	0.00157082	0.00143632	0.0392747	0.000554322	0.000563839
107	0.0224936	0.00781551	0.472576	0.213879	0.00168588	0.0169281	0.00239726	0.00201153	0.0542247	0.00292117	0.00139434	0.126454	0.00119497	0.00223691	0.00185507	0.0379993	0.0252559	0.00296913	0.000668045	0.00303923
108	0.0605671	0.0201369	0.0200865	0.0194271	0.152686	0.0257299	0.0398575	0.065319	0.0143563	0.103366	0.0244097	0.0276947	0.0222284	0.0435068	0.0173671	0.0550235	0.0533679	0.0684767	0.11302	0.0533736
109	0.127566	0.00683656	0.0257122	0.0493199	0.0103622	0.0511836	0.0196533	0.0102553	0.0106929	0.009512	0.00160312	0.0107809	0.311645	0.0469348	0.035875	0.134281	0.0927165	0.041664	0.00118596	0.00221999
110	0.0530583	0.00135223	0.0102267	0.00490217	0.00831315	0.0209583	0.0143857	0.0427895	0.192275	0.0700802	0.0764822	0.041614	0.00567525	0.0567053	0.195143	0.0509121	0.115572	0.0318361	0.00598827	0.00173075
111	0.0178882	0.01897	0.00948274	0.0141115	0.00454567	0.0183087	0.0368582	0.0133349	0.160373	0.0210208	0.0140846	0.0237504	0.00523294	0.0382047	0.548804	0.0151489	0.0229009	0.0102599	0.00223193	0.00448857
112	0.0460242	0.0018986	0.0130992	0.00293483	0.0259618	0.0106283	0.00519849	0.119273	0.00908041	0.12177	0.19358	0.0174627	0.0035428	0.00241169	0.00433928	0.0199366	0.0422068	0.320155	0.0183304	0.0221668
113	0.0105724	0.0169329	0.00119001	0.00475875	0.00119135	0.0117866	0.034292	0.00955311	0.221236	0.002391	0.00347922	0.00971047	0.001603	0.0222098	0.630006	0.0027193	0.0129356	0.00201165	0.000507821	0.000913383
114	0.00562721	0.000600469	0.000895436	0.00195224	0.00714035	0.00430089	0.00209973	0.245055	0.000705163	0.0538198	0.0124699	0.000828693	0.00061694	0.000692445	0.00193278	0.00191962	0.0104533	0.64798	0.000257089	0.000652896
115	0.401268	0.0133184	0.00868119	0.00510287	0.00613535	0.0184601	0.00357398	0.00312138	0.00232409	0.00670312	0.00220802	0.00488219	0.00683037	0.00580187	0.00302846	0.452248	0.0370093	0.01549	0.000842954	0.00297018
116	0.12033	0.00435658	0.00213436	0.00157657	0.0169083	0.0257851	0.00574264	0.212693	0.00129227	0.0724285	0.0181907	0.00206128	0.00675334	0.000802417	0.00159378	0.0170424	0.0418659	0.441428	0.00158611	0.0054293
117	0.0336831	0.012713	0.0360357	0.0385387	0.00466403	0.72419	0.00363743	0.00796637	0.00945045	0.00839474	0.00285224	0.0234931	0.00450137	0.00434939	0.0075774	0.0267608	0.0145797	0.0129729	0.0110504	0.0125893
118	0.421244	0.0118769	0.00919909	0.00391252	0.00409045	0.0138876	0.00242361	0.00258852	0.00193135	0.00422495	0.00178028	0.00300003	0.00747947	0.00345975	0.00231238	0.472341	0.0210251	0.0102473	0.000860663	0.00211582
119	0.309952	0.0138095	0.0172305	0.0243072	0.0172202	0.0595329	0.0137013	0.0417133	0.0148336	0.033941	0.0124012	0.0165307	0.0197084	0.0155312	0.0175113	0.192638	0.0724744	0.0901178	0.00436201	0.0124832
120	0.01061	0.0183733	0.00144375	0.00533825	0.0013005	0.0124323	0.0379919	0.00867216	0.193189	0.00308469	0.00407674	0.0103507	0.00158218	0.026132	0.646451	0.00297269	0.0128158	0.00186395	0.00043939	0.00087968
121	0.0381125	0.0123714	0.04157	0.0388899	0.00351737	0.695579	0.00385454	0.0107591	0.00872669	0.00878795	0.00288215	0.0264983	0.00418319	0.00561203	0.0105049	0.0325276	0.01571	0.0178131	0.00869812	0.0134024
122	0.00147619	0.000362186	0.000550008	0.000674443	0.0235938	0.00127235	0.000577192	0.0627067	0.000550325	0.790483	0.0650496	0.000664178	0.000420316	0.000533517	0.00758622	0.00162677	0.00145921	0.0392886	0.000560072	0.000565807
123	0.297106	0.0128718	0.0107122	0.00867403	0.00793241	0.0690294	0.00529604	0.00994918	0.0123075	0.0210509	0.00522993	0.0110997	0.0107437	0.0200107	0.00887166	0.234282	0.210427	0.0378391	0.00136104	0.00520607
124	0.0164715	0.00821415	0.0204306	0.013453	0.226272	0.0268964	0.0482418	0.0173467	0.00874772	0.0225273	0.00859124	0.019417	0.0119181	0.0204528	0.0122902	0.0335134	0.0152068	0.019702	0.00312731	0.44718
125	0.0160603	0.00234023	0.00655423	0.00430077	0.0268332	0.0051726	0.00517602	0.0693877	0.00349187	0.676056	0.0596234	0.00948631	0.00335342	0.00411964	0.0102506	0.0159575	0.0101106	0.062809	0.00256549	0.00635125
126	0.0345014	0.0171891	0.0361963	0.0403434	0.0389548	0.020038	0.252807	0.0165261	0.0302511	0.0430836	0.00980355	0.0780513	0.0178923	0.0779983	0.0678423	0.0633616	0.0333758	0.0322853	0.00549629	0.0840028
127	0.0274697	0.00378479	0.206166	0.55775	0.00432908	0.0180203	0.0137295	0.0015117	0.0251585	0.00118801	0.00350055	0.0322763	0.000461007	0.0711594	0.00239935	0.0118634	0.00289153	0.0115831	0.00260578	0.00215252
128	0.0266412	0.00878281	0.192907	0.140401	0.0056337	0.373018	0.0115214	0.00820128	0.0173644	0.00946157	0.00310763	0.0544564	0.0043319	0.0222936	0.0308341	0.0393578	0.0215548	0.0111306	0.00511897	0.0138818
129	0.0472654	0.0869589	0.0353786	0.0335206	0.0192125	0.388721	0.0233447	0.0194388	0.0181159	0.025369	0.00752302	0.0345898	0.0113003	0.0133533	0.0208979	0.0588221	0.0358811	0.0280218	0.00997247	0.082313
130	0.0125859	0.0631173	0.0382893	0.0181066	0.0124132	0.0148824	0.216617	0.00517844	0.0229905	0.0161692	0.00449516	0.230029	0.0040591	0.121017	0.0615699	0.0726899	0.0147873	0.0103064	0.00125871	0.0594379
131	0.0656418	0.0141644	0.0165828	0.0288037	0.0217247	0.0153222	0.026225	0.0217344	0.0137623	0.0680258	0.00854669	0.018057	0.363222	0.0612803	0.03002	0.0990144	0.0555118	0.046335	0.0100409	0.0159843
132	0.0290373	0.0054254	0.0100277	0.00570778	0.00781914	0.0119737	0.0189154	0.0214737	0.255993	0.0348468	0.0391595	0.0259225	0.0047966	0.0611704	0.351123	0.021282	0.0756802	0.0147349	0.0033981	0.0015123
133	0.0698287	0.00513451	0.00381076	0.00377776	0.0145144	0.0169648	0.006029	0.224698	0.00621702	0.0629661	0.023338	0.00409186	0.00500931	0.0026063	0.00564657	0.0171492	0.0518751	0.46624	0.00268414	0.00741836
134	0.0561157	0.00675432	0.0130607	0.00980831	0.0272686	0.0186961	0.00924941	0.205912	0.012463	0.139672	0.0312582	0.0105177	0.0100158	0.00688623	0.0165144	0.0287189	0.0406505	0.335604	0.00493444	0.0158996
135	0.0368387	0.0181498	0.0363845	0.0384019	0.0353579	0.0146807	0.243434	0.0199227	0.0388728	0.0508894	0.0119852	0.0665477	0.0122651	0.0875349	0.0858088	0.0503419	0.0314083	0.0354261	0.00581819	0.0799318
136	0.0176111	0.0388884	0.00418921	0.00848261	0.00459155	0.0152167	0.0425486	0.0128601	0.149096	0.00764319	0.00464912	0.0190094	0.00620818	0.0306031	0.583906	0.0190396	0.0204587	0.00705918	0.00137892	0.00655987
137	0.0341472	0.00882037	0.306008	0.247882	0.00953417	0.0470893	0.0276305	0.0121256	0.0325713	0.0151142	0.00542126	0.0715272	0.00622178	0.0348364	0.0192896	0.0463243	0.0281851	0.0196943	0.00366321	0.0239142
138	0.0371512	0.0027589	0.00287134	0.00349715	0.0117111	0.0115466	0.00390907	0.231048	0.00188823	0.0730508	0.0208275	0.00261239	0.00356703	0.00123061	0.00294551	0.00960499	0.0229316	0.551367	0.00149376	0.00398767
139	0.0326471	0.0115293	0.0382797	0.0442276	0.0108408	0.0277143	0.0285209	0.018415	0.18587	0.0351085	0.0317717	0.062747	0.0107292	0.0491442	0.289849	0.0363237	0.0505406	0.0213596	0.00551	0.00887126
140	0.0975718	0.00759958	0.00397027	0.00544677	0.00436639	0.0768841	0.00537263	0.00343342	0.00373857	0.0137327	0.00224851	0.0297429	0.0043701	0.00820719	0.00437487	0.545277	0.167582	0.0121091	0.000823404	0.0031489
141	0.239512	0.0142055	0.0088929	0.00540425	0.00408663	0.0147501	0.00358959	0.0029066	0.00250176	0.00455842	0.00200192	0.011446	0.0127618	0.00270106	0.00295668	0.621927	0.0355134	0.0066059	0.00086886	0.00280976
142	0.0372929	0.0128357	0.0900359	0.0733658	0.0152504	0.0568376	0.0400931	0.0140786	0.0678257	0.0233698	0.010671	0.255596	0.0124272	0.0503474	0.0545819	0.0865736	0.0465413	0.0233045	0.003259	0.0257128
143	0.0338547	0.00185778	0.0020543	0.00300901	0.013531	0.0103393	0.00459237	0.228785	0.00171768	0.077236	0.0188882	0.00238046	0.00274078	0.00256194	0.00323721	0.00846324	0.0181829	0.560569	0.00132801	0.00467039
144	0.0166262	0.00290534	0.00549469	0.00429684	0.0271363	0.00498421	0.00729044	0.0654722	0.00854593	0.662998	0.0622018	0.00740642	0.00439819	0.00736019	0.0163765	0.0117701	0.0145987	0.0600232	0.00329549	0.00681896
145	0.00167273	0.00041042	0.000617253	0.000689437	0.0235851	0.00130608	0.000613394	0.0679033	0.000577331	0.782387	0.0640634	0.000693844	0.000741667	0.000549914	0.00745941	0.00202338	0.00169718	0.0413781	0.000912914	0.000718487
146	0.0221455	0.00758045	0.442311	0.257625	0.00201177	0.0214699	0.00396256	0.0020112	0.0454721	0.00274223	0.00165268	0.111451	0.00113006	0.0121417	0.00274226	0.034591	0.0208786	0.00404518	0.00094281	0.00309354
147	0.00886784	0.0221391	0.31237	0.0676293	0.054051	0.00704623	0.00601159	0.0661585	0.00451449	0.0473419	0.00327117	0.138308	0.0220131	0.0231588	0.00415324	0.0886035	0.0167382	0.0079322	0.00158746	0.0981051
148	0.0255235	0.00271347	0.0983043	0.030858	0.00686574	0.0765258	0.0210894	0.00225961	0.0850686	0.00419211	0.00159848	0.433231	0.00114788	0.0400253	0.0403123	0.0917707	0.0153131	0.00996184	0.000728116	0.0125108
149	0.00347067	0.00120765	0.00202854	0.00208921	0.329044	0.00220155	0.0153956	0.00916751	0.00157556	0.00258056	0.00138301	0.00192358	0.00859419	0.00179809	0.00188719	0.0115253	0.00366913	0.00518238	0.000987412	0.594289
150	0.0274345	0.00368052	0.206377	0.561475	0.00422923	0.0165567	0.0145981	0.0015389	0.0247935	0.00119647	0.0034728	0.0320255	0.000486941	0.0702616	0.000900513	0.0115031	0.00247432	0.0117813	0.00253132	0.00268307
151	0.0884457	0.00808301	0.00893044	0.0321538	0.00766612	0.0198489	0.00816291	0.00799014	0.00836796	0.0115024	0.00115457	0.00815015	0.502762	0.0257924	0.0282368	0.129892	0.0652974	0.0347488	0.000976496	0.00183802
152	0.0169112	0.0012215	0.00715901	0.00642024	0.00779499	0.0127492	0.0268439	0.025104	0.219278	0.0868914	0.0932431	0.032946	0.00300044	0.0785366	0.270999	0.0224704	0.0500666	0.0273099	0.0100525	0.00100156
153	0.0382103	0.00219202	0.00497361	0.00399486	0.01612	0.00914048	0.00478378	0.188839	0.00199133	0.167111	0.0282346	0.00344481	0.00452654	0.00201466	0.00437954	0.0127683	0.018747	0.478342	0.00215813	0.00802795
154	0.405647	0.0122576	0.00969016	0.00403841	0.00413104	0.0104447	0.00244888	0.00267506	0.00200084	0.004533	0.00179169	0.00300521	0.0079401	0.00309285	0.00210253	0.491073	0.0211885	0.00879169	0.000874981	0.00227302
155	0.0349573	0.00923492	0.291655	0.24616	0.0121835	0.0548439	0.0194468	0.0176388	0.0348533	0.0167767	0.00656341	0.0808771	0.00826165	0.0370075	0.0181686	0.0447397	0.025515	0.0187183	0.00361579	0.0187825
156	0.0311016	0.00812428	0.015317	0.0117206	0.258692	0.0171784	0.0219841	0.0374107	0.00908456	0.0761372	0.0168028	0.0175685	0.0122837	0.0106153	0.0145451	0.039233	0.0247125	0.0496372	0.00655046	0.3213
157	0.0421419	0.0131019	0.0328399	0.0397206	0.0036566	0.679255	0.00476557	0.01128	0.00896419	0.0136014	0.00636148	0.0258284	0.00298926	0.0049321	0.0120675	0.0379406	0.0196128	0.0205554	0.00828838	0.0120971
158	0.0101383	0.00169562	0.0040407	0.00295421	0.0267265	0.0132154	0.0038317	0.0667562	0.00338863	0.708798	0.0600223	0.00277937	0.00248531	0.00322414	0.0110355	0.0115128	0.00770741	0.0545258	0.00151865	0.00364344
159	0.308093	0.0129505	0.0209803	0.0320183	0.0167799	0.0646357	0.0122881	0.0383203	0.0195634	0.0351329	0.0159002	0.0209304	0.0211682	0.0180354	0.0237624	0.171954	0.0655657	0.0849994	0.00512752	0.0117948
160	0.010536	0.0165154	0.00113886	0.00478087	0.00113521	0.0118381	0.0334558	0.0090586	0.229156	0.00182718	0.00273454	0.00923741	0.00151552	0.0211324	0.628066	0.00273122	0.0119623	0.00179136	0.000429814	0.000958357
161	0.022278	0.00395171	0.00896687	0.00591301	0.0947034	0.00671021	0.00971345	0.227035	0.00356382	0.30577	0.0344673	0.0120636	0.0473592	0.00483095	0.0127267	0.0578805	0.0195651	0.0663704	0.00945338	0.0466778
162	0.254831	0.0263922	0.00511611	0.0128369	0.0239292	0.0188938	0.00940487	0.00579403	0.00458029	0.0389951	0.00357869	0.0237873	0.00352863	0.0328853	0.00464662	0.3103	0.164003	0.046981	0.00145165	0.00806425
163	0.0499385	0.00733231	0.00388055	0.00420634	0.0034462	0.0727463	0.00659363	0.00402827	0.00415388	0.0131429	0.00227219	0.0375016	0.00445515	0.00746494	0.00411	0.59193	0.17269	0.00628907	0.000746451	0.00307178
164	0.0344787	0.0164721	0.0355127	0.0406025	0.0336586	0.0252415	0.247144	0.0201723	0.0384234	0.0430727	0.0142296	0.0680953	0.0102265	0.0768228	0.0811323	0.0610737	0.0295379	0.0360957	0.00549533	0.0825122
165	0.00289497	0.000543807	0.000879514	0.00188861	0.00687476	0.00371695	0.00199752	0.245094	0.000711667	0.0536436	0.0124931	0.000815157	0.000461547	0.000692789	0.00187679	0.00156857	0.0095302	0.653507	0.000243647	0.000565682
166	0.0274179	0.00768974	0.0025677	0.00343548	0.0023044	0.0626346	0.00618865	0.00301595	0.00262217	0.00956676	0.00188224	0.0433406	0.00380649	0.00384412	0.00288189	0.68079	0.128337	0.00408964	0.000819429	0.00276489
167	0.103559	0.014079	0.0253068	0.0275329	0.0193846	0.0392362	0.0188135	0.038744	0.0442442	0.0474312	0.0186963	0.0381991	0.0372169	0.0307703	0.0479335	0.15791	0.204023	0.0673975	0.00675672	0.0127649
168	0.013691	0.0205225	0.00459674	0.0101931	0.00310331	0.0145286	0.0601934	0.0100782	0.158575	0.00941585	0.00792458	0.0232046	0.00373148	0.0382954	0.582849	0.0098634	0.0165429	0.00507461	0.00143184	0.00618423
169	0.02208	0.00123461	0.00176373	0.00215145	0.0107538	0.00631736	0.00306178	0.231652	0.000983898	0.0811186	0.0188441	0.00175727	0.00202828	0.00076546	0.00252642	0.00596529	0.0147635	0.588228	0.000957316	0.00304678
170	0.00988331	0.000792054	0.00293419	0.00215913	0.0102992	0.00621373	0.0021587	0.217001	0.00314178	0.0602519	0.0660208	0.00541628	0.00093113	0.00110568	0.00234709	0.0045138	0.0157946	0.582807	0.00312387	0.00310466
171	0.035254	0.0124504	0.0365594	0.0413151	0.00412833	0.711863	0.00414249	0.009069	0.0111059	0.00993295	0.00264858	0.0255909	0.00253718	0.00458293	0.0112903	0.0300949	0.0134746	0.0124122	0.00865788	0.0128904
172	0.101855	0.0150688	0.0281145	0.0253607	0.0195424	0.0407812	0.0219094	0.0391944	0.0418645	0.0449932	0.0168794	0.0460834	0.0295275	0.0328284	0.0386211	0.17	0.203443	0.0630503	0.00556793	0.0153154
173	0.0318088	0.00752022	0.0223952	0.0131943	0.268404	0.0167407	0.0312878	0.0361356	0.0102637	0.0662884	0.0149818	0.0286694	0.0148807	0.0147341	0.0152057	0.0392752	0.0244634	0.0415847	0.0108642	0.291302
174	0.0364925	0.0135595	0.0359922	0.0369352	0.00458639	0.722112	0.00414064	0.00736321	0.00924066	0.00927192	0.00294377	0.0240806	0.00282652	0.00429605	0.00836625	0.0283264	0.0137485	0.012976	0.00899142	0.01375
175	0.0139252	0.00697399	0.0183949	0.0104	0.242972	0.0301471	0.0362377	0.0173057	0.00652231	0.0206384	0.00652363	0.0201063	0.0161714	0.0105194	0.00792128	0.0339395	0.0154126	0.0168886	0.00189683	0.467103
176	0.00204315	0.000486969	0.000737117	0.00080618	0.0230853	0.00137949	0.000685488	0.060922	0.000720241	0.777178	0.0765294	0.000759804	0.000491268	0.000695217	0.00744905	0.00194619	0.00177707	0.0411659	0.000561109	0.000581281
177	0.179233	0.0125303	0.166125	0.139428	0.0117705	0.0535066	0.0186784	0.0210804	0.0250219	0.0283878	0.0113706	0.0506707	0.0144985	0.0286695	0.016538	0.101245	0.0495679	0.0517005	0.00471924	0.0152583
178	0.0693298	0.0105446	0.012002	0.0302509	0.0153928	0.0162126	0.00866227	0.0134192	0.00909057	0.0226814	0.00450438	0.0103117	0.493696	0.024467	0.0299773	0.123728	0.0542439	0.0379987	0.0022245	0.0112632
179	0.0288195	0.00469705	0.240755	0.487952	0.00475512	0.0259655	0.0140859	0.00333564	0.0262623	0.00384119	0.00318013	0.0427651	0.001637	0.0583328	0.0041595	0.0200957	0.00773224	0.0129934	0.0022239	0.00641112
180	0.0134715	0.00859255	0.0147057	0.00994419	0.250797	0.0218453	0.0429655	0.015357	0.00727636	0.0200844	0.00505778	0.0223664	0.0103868	0.0132262	0.010778	0.0267955	0.0110139	0.015807	0.00279166	0.476737
181	0.315489	0.0157043	0.0199485	0.0273719	0.0175782	0.064211	0.0138933	0.0435733	0.0147804	0.0366028	0.0114712	0.0168473	0.0267244	0.0164934	0.0199033	0.162087	0.0696382	0.0885518	0.00635272	0.0127779
182	0.112172	0.0064809	0.0093758	0.00742704	0.0103269	0.0142295	0.00739595	0.00733499	0.00961299	0.134339	0.00411897	0.0135211	0.00822421	0.116366	0.00697463	0.294842	0.214121	0.0137847	0.00312005	0.00623211
183	0.063137	0.00796381	0.00800419	0.00692438	0.00516536	0.0411485	0.00700994	0.0071564	0.00987184	0.0298402	0.00354983	0.0262953	0.00760687	0.018256	0.00618407	0.477379	0.257351	0.0106676	0.00180302	0.00468577
184	0.0353582	0.0133177	0.0358403	0.0362116	0.00533109	0.692628	0.00435917	0.0100127	0.00864671	0.0109709	0.00318846	0.026848	0.00304483	0.00633484	0.00838342	0.0428542	0.0162765	0.0167798	0.00980205	0.0138115
185	0.0134224	0.0153366	0.00323844	0.00736327	0.00188124	0.0126733	0.0353701	0.0104942	0.211645	0.00867869	0.0105144	0.0157156	0.00199527	0.0351613	0.584694	0.00652065	0.01789	0.0046371	0.00128661	0.00148101
186	0.168361	0.00766812	0.0120046	0.00598509	0.0251676	0.026996	0.0118749	0.140877	0.00445221	0.105222	0.0390363	0.00578912	0.0128367	0.00390526	0.00391774	0.0463793	0.0646056	0.28954	0.0081753	0.0172063
187	0.083667	0.0101801	0.00594228	0.00612405	0.00556076	0.0460038	0.00695319	0.00635506	0.00805502	0.0255055	0.00402726	0.0297513	0.00604223	0.012612	0.00678711	0.508493	0.207649	0.0128758	0.00107596	0.00634011
188	0.0267409	0.00526825	0.356084	0.389782	0.00334416	0.0169885	0.0100804	0.00211052	0.0325715	0.00193033	0.00248342	0.0654756	0.000809096	0.0363534	0.00213033	0.0221416	0.0117128	0.00725761	0.00149808	0.00523742
189	0.0105216	0.0161573	0.00120315	0.00470312	0.00125915	0.0117362	0.033002	0.00908596	0.233664	0.00192019	0.00280967	0.00930703	0.00152057	0.0211192	0.623765	0.00268096	0.0123258	0.00183555	0.000438247	0.000944589
190	0.276676	0.0161983	0.0111479	0.0116561	0.0102431	0.0341285	0.00726746	0.00841623	0.00639845	0.0135054	0.00541338	0.0141149	0.0145972	0.00915819	0.00913164	0.454473	0.0632766	0.025456	0.00143941	0.00730231
191	0.0331477	0.00954559	0.308464	0.253814	0.0111359	0.051863	0.0185881	0.0129152	0.0307347	0.0155859	0.00801594	0.0702571	0.0065672	0.0305654	0.013472	0.0496068	0.026201	0.0239056	0.00333151	0.0222842
