364	20
1	0.0715861	0.00263337	0.0159773	0.0213622	0.143052	0.00582949	0.04959	0.0256312	0.0554986	0.0394149	0.0106149	0.0546638	0.00627498	0.00497704	0.0330548	0.124853	0.0362177	0.0192872	0.00407978	0.275402
2	0.0346544	0.000132748	0.000453964	0.00180141	0.00949843	0.000508872	0.000801949	0.274005	0.000685664	0.0651161	0.00342582	0.000700327	0.000421613	0.00160939	0.00200737	0.00451992	0.0170912	0.581831	0.000122357	0.000613094
3	0.0570028	0.000792174	0.0550526	0.039612	0.00439953	0.630385	0.00294828	0.00161736	0.0106411	0.00466583	0.00285309	0.0498288	0.00376491	0.019872	0.0132879	0.0834809	0.0140865	0.00310657	0.000481132	0.00212115
4	0.0349064	0.000131285	0.00043988	0.00192625	0.00992265	0.000508439	0.000785531	0.271759	0.00072042	0.0648998	0.00346056	0.000753226	0.000423453	0.00155496	0.0021524	0.00410456	0.017371	0.583305	0.000124833	0.000750391
5	0.0411111	0.0529198	0.0134009	0.0120056	0.0716652	0.0252217	0.0704526	0.0125277	0.025689	0.0821956	0.0601888	0.135656	0.0122047	0.0213331	0.0287541	0.150645	0.123885	0.0216498	0.00398777	0.0345058
6	0.0245553	0.000412988	0.00150597	0.00402974	0.0266806	0.00145493	0.00320303	0.276852	0.00490703	0.183092	0.107206	0.00300095	0.00357593	0.00269067	0.00595831	0.00515711	0.0340249	0.295503	0.000370703	0.0158183
7	0.0553342	0.000866398	0.0606089	0.0455964	0.00425398	0.616264	0.00259304	0.00160173	0.0116942	0.00444651	0.0020006	0.0510831	0.00232913	0.0226669	0.0149644	0.0852515	0.0123319	0.00333457	0.000878376	0.00189986
8	0.120866	0.000461942	0.0336533	0.0301345	0.00327374	0.0192478	0.0108041	0.0322168	0.0778077	0.0470762	0.0436224	0.0961284	0.0112996	0.0407467	0.124919	0.116286	0.122272	0.0664998	0.000486502	0.00219856
9	0.13027	0.00106153	0.143106	0.106709	0.00652261	0.052717	0.0135842	0.0100332	0.0654861	0.023871	0.0395857	0.109128	0.0148785	0.111852	0.0493689	0.0615845	0.0275438	0.00887048	0.00191784	0.0219092
10	0.196093	0.000612814	0.0217649	0.0171343	0.00750222	0.0294268	0.00261772	0.0893757	0.00920415	0.205283	0.0694621	0.0208335	0.00586309	0.0123895	0.00674061	0.0100585	0.0129283	0.278573	0.000909421	0.00322727
11	0.033716	0.000797805	0.0607148	0.00929418	0.00408617	0.00906931	0.00205151	0.00996345	0.00399355	0.0117731	0.00262738	0.0477718	0.00591836	0.00345625	0.00764063	0.234947	0.526147	0.0172507	0.00543683	0.00334382
12	0.0153383	0.000356699	0.244742	0.0142476	0.00179156	0.0146299	0.00241262	0.0108042	0.00647376	0.0191761	0.00130551	0.527193	0.00222187	0.00240953	0.00136274	0.106779	0.01831	0.00189389	0.000319223	0.00823311
13	0.0126508	0.000847096	0.00215666	0.00236506	0.0481327	0.00844007	0.00558279	0.109019	0.00172995	0.458197	0.181412	0.00379129	0.0199783	0.0034004	0.00187043	0.0216996	0.0105574	0.0859879	0.00464377	0.0175381
14	0.0518851	0.00133553	0.00439972	0.0137817	0.0238239	0.00473761	0.00679147	0.0125267	0.0056766	0.0684263	0.0251855	0.0077367	0.664152	0.0177856	0.0154876	0.0287266	0.0236232	0.00974247	0.00780086	0.00637529
15	0.177702	0.000203986	0.0188763	0.00563482	0.000917838	0.0548162	0.0148955	0.00722991	0.0217267	0.0235805	0.0163664	0.0286383	0.235513	0.0286926	0.0208205	0.221513	0.0794493	0.0396988	0.000278671	0.00344611
16	0.206923	0.000543185	0.00510975	0.0372061	0.00644593	0.0114	0.00450186	0.00550506	0.00649943	0.0167086	0.00766556	0.012596	0.4535	0.0398865	0.00840283	0.124055	0.032806	0.0123491	0.00179723	0.00609866
17	0.149558	0.000393354	0.0624028	0.0648018	0.00355596	0.0189516	0.00560268	0.00957209	0.0249811	0.0117044	0.00322589	0.0482491	0.0497	0.0369686	0.0156947	0.292766	0.173638	0.0249368	0.000494298	0.00280378
18	0.0327729	0.000838784	0.064295	0.233731	0.0160055	0.0228049	0.0291004	0.0035795	0.073353	0.0614702	0.0204293	0.0348946	0.00422459	0.244966	0.0329823	0.0677012	0.0118843	0.0401103	0.00066732	0.00418953
19	0.0424321	0.000240603	0.00138399	0.00404103	0.016169	0.00108246	0.00274176	0.259542	0.0050372	0.0914224	0.0203405	0.00173148	0.00106408	0.00252275	0.00589709	0.00631055	0.0289054	0.504275	0.00014849	0.0047119
20	0.442114	0.0342899	0.00135105	0.00138583	0.00284192	0.00275151	0.00195688	0.0229741	0.00606057	0.0242792	0.00888472	0.00725305	0.0116386	0.00168086	0.00141848	0.0599793	0.123358	0.244207	0.000379326	0.00119521
21	0.26656	0.000236023	0.0624648	0.0451194	0.00340911	0.0346125	0.00724656	0.0126407	0.0430693	0.01275	0.00377199	0.0576245	0.00923489	0.0250754	0.0208249	0.229001	0.125455	0.0365053	0.000135688	0.00426241
22	0.014483	0.00110555	0.00178362	0.00124966	0.0967681	0.0074426	0.00809985	0.0834623	0.00125178	0.531658	0.0905179	0.0030075	0.00848633	0.0028801	0.0016467	0.0246055	0.0143631	0.0743301	0.0109289	0.021929
23	0.0193256	0.000736989	0.00145716	0.00131065	0.0252768	0.00216433	0.00144081	0.244195	0.00108556	0.3171	0.131143	0.00151057	0.00407995	0.00163216	0.00127735	0.00495467	0.0151019	0.217783	0.000383266	0.00804222
24	0.0408628	0.000735062	0.00606321	0.0484792	0.00211401	0.015362	0.0271836	0.00175321	0.223013	0.0124136	0.0133721	0.044985	0.00160841	0.176054	0.330984	0.0137663	0.0279877	0.0108279	0.000469593	0.00196541
25	0.187954	0.000509183	0.0382396	0.0334204	0.00655589	0.0227074	0.0109622	0.0172416	0.0545614	0.0281153	0.0163457	0.0629138	0.0133686	0.027656	0.0495337	0.231359	0.145236	0.04996	0.000279153	0.00308124
26	0.0290434	0.0004846	0.0353259	0.0850065	0.00146476	0.112308	0.0340246	0.00145797	0.140978	0.00869562	0.00690032	0.0839859	0.00865962	0.237517	0.0977408	0.0846301	0.0216623	0.00628526	0.00130768	0.00252168
27	0.0315322	0.000283601	0.00105958	0.00384048	0.0136731	0.000997128	0.00223176	0.267914	0.00518772	0.0686376	0.0100055	0.00302048	0.00124098	0.00216352	0.00528049	0.00559154	0.0333415	0.537913	0.000250353	0.00583572
28	0.0626599	0.000319841	0.0813795	0.0501893	0.00162621	0.0857973	0.0293646	0.00209247	0.130557	0.0157131	0.014713	0.105884	0.0197708	0.109412	0.126804	0.100951	0.0513463	0.00409226	0.00364502	0.00368289
29	0.0324316	0.00184591	0.0212335	0.0110299	0.0445834	0.0145725	0.265506	0.00353505	0.0560992	0.0393412	0.0101402	0.0265583	0.0100421	0.184914	0.10484	0.0398766	0.0104238	0.0114177	0.000778033	0.110831
30	0.0361993	0.00014003	0.000465181	0.00198142	0.00974204	0.000537106	0.000865497	0.271918	0.000861872	0.0669126	0.00394853	0.000730772	0.000453856	0.0015918	0.00226639	0.00426117	0.0169341	0.579418	0.000164696	0.00060824
31	0.0100056	0.00414461	0.00302947	0.00222793	0.0307434	0.00404195	0.00416057	0.207277	0.00191618	0.54234	0.0592969	0.002604	0.00436957	0.00290017	0.001922	0.0149481	0.0072978	0.0857916	0.00257512	0.00840787
32	0.119598	0.000486646	0.0339162	0.027946	0.0031354	0.0198194	0.0113512	0.0333969	0.0816827	0.0514712	0.0425831	0.0993367	0.0111022	0.0435852	0.129866	0.109079	0.112464	0.0667292	0.00051998	0.00193003
33	0.450618	0.00685227	0.0158334	0.0131154	0.0030092	0.0216168	0.00691278	0.0114846	0.0137916	0.0104512	0.00437198	0.019931	0.0120391	0.0112847	0.00806445	0.189085	0.145859	0.0500778	0.000572444	0.00502932
34	0.0209273	0.000635027	0.00215119	0.00228028	0.298598	0.00925647	0.00816866	0.0238836	0.00239684	0.439269	0.0434523	0.00403523	0.0053824	0.0024402	0.00246537	0.0231328	0.0099106	0.0494625	0.0154885	0.0366634
35	0.683194	0.00347568	0.00261857	0.00611554	0.00142659	0.0285893	0.00969462	0.00181862	0.00712189	0.00282996	0.00114092	0.00598036	0.00294421	0.00891752	0.00433608	0.179406	0.0315163	0.0132781	0.000370426	0.00522541
36	0.0297572	0.000563615	0.107774	0.0189846	0.00292	0.226189	0.0405638	0.0114557	0.095624	0.00884961	0.0036764	0.251275	0.00432568	0.024134	0.0491022	0.0860359	0.0216541	0.0114908	0.00110534	0.0045194
37	0.0518682	0.000639538	0.0173198	0.00620033	0.00290958	0.00463711	0.00116746	0.0133527	0.00301466	0.00985304	0.0023869	0.0110546	0.00570521	0.0036668	0.00186292	0.312345	0.528069	0.0189252	0.00074435	0.00427762
38	0.0491102	0.00030443	0.0854812	0.0473225	0.00346473	0.404512	0.0113404	0.00193313	0.050662	0.00450456	0.00324488	0.112228	0.00426728	0.0420187	0.0407461	0.114201	0.0200764	0.0027016	0.000816343	0.00106488
39	0.067179	0.000601343	0.00487949	0.0113401	0.0150426	0.00327501	0.00342103	0.23932	0.00755665	0.0850041	0.0173198	0.00380638	0.00257257	0.00616904	0.00816549	0.0101382	0.0274437	0.481351	0.00028164	0.00513316
40	0.027066	0.000602348	0.0444071	0.190989	0.00589429	0.0366528	0.0281152	0.00244494	0.0868575	0.0223358	0.00801517	0.0353572	0.00307243	0.348287	0.0533431	0.0643016	0.0177414	0.0210061	0.000834732	0.00267617
41	0.0842529	0.000599982	0.00677889	0.00719079	0.0156877	0.00730543	0.00341788	0.195883	0.00618893	0.141042	0.034584	0.0061352	0.00364938	0.00642501	0.00608715	0.010848	0.020902	0.4369	0.00125585	0.00486595
42	0.0306248	0.000325441	0.00117424	0.00232351	0.0194521	0.00250896	0.00167442	0.287185	0.00235815	0.179165	0.145741	0.0018425	0.00382897	0.00161744	0.00249667	0.00276124	0.0291004	0.277153	0.000218446	0.0084481
43	0.0346331	0.000132389	0.000431123	0.00179965	0.00939621	0.000496024	0.0007863	0.274042	0.000516785	0.0650628	0.00338284	0.000685399	0.000426173	0.0015512	0.00184443	0.00417883	0.0165025	0.583538	0.000125485	0.000469122
44	0.145419	0.0015173	0.0254345	0.0186886	0.00618642	0.0496139	0.00787662	0.0118554	0.0217505	0.0204903	0.0101812	0.0364092	0.0192969	0.0163648	0.0149002	0.292589	0.274812	0.0208059	0.000811774	0.00499579
45	0.0343602	0.000154522	0.000511595	0.00202269	0.0100904	0.000543476	0.000956763	0.274573	0.00102203	0.0685864	0.00589047	0.000872189	0.000491731	0.00162866	0.00234347	0.00433837	0.0182113	0.572291	0.000123747	0.000988411
46	0.0534316	0.00153311	0.00971373	0.0126471	0.0101108	0.0121992	0.00827233	0.0132198	0.0149764	0.0494181	0.015042	0.0191592	0.503641	0.0157218	0.0418199	0.0741136	0.116923	0.0164634	0.0058887	0.00570526
47	0.0171134	0.000440954	0.257855	0.0171252	0.0019776	0.0154369	0.0028122	0.0108297	0.00750912	0.01995	0.00153428	0.507548	0.00263229	0.0039367	0.00265558	0.102003	0.0179473	0.00212124	0.000347996	0.00822406
48	0.121485	0.000907797	0.245821	0.232473	0.00302197	0.012594	0.00276914	0.00696861	0.00703952	0.0136169	0.00531199	0.0900828	0.0300403	0.0826702	0.0027956	0.0903716	0.0398668	0.00775715	0.000823028	0.00358305
49	0.0406677	0.000926343	0.0610263	0.243104	0.0103475	0.015301	0.0316947	0.00370945	0.0577553	0.0384963	0.0115281	0.0297855	0.00542317	0.308674	0.0274087	0.0715804	0.0121285	0.0260779	0.000692916	0.00367285
50	0.00581288	0.00583381	0.00225392	0.0015171	0.0086361	0.00279956	0.00296075	0.278842	0.00159996	0.537327	0.0362356	0.00194134	0.00169745	0.00208195	0.00143652	0.0113314	0.00441556	0.0896734	0.000373056	0.00323123
51	0.0472224	0.0064879	0.0142977	0.0617523	0.0505022	0.0181623	0.0747012	0.0270679	0.0356	0.198693	0.0348731	0.0218225	0.0544813	0.118294	0.0418886	0.0455404	0.0222137	0.102041	0.00240496	0.0219525
52	0.122549	0.00123975	0.0665093	0.0388368	0.00378346	0.121626	0.0324998	0.00336177	0.0971168	0.0202339	0.0147426	0.0761544	0.0381024	0.0864691	0.104673	0.11266	0.042009	0.009536	0.00218191	0.00571463
53	0.0252011	0.000345918	0.000869698	0.0017253	0.0201009	0.00121698	0.00148527	0.29638	0.00146177	0.183793	0.120209	0.00127567	0.00348913	0.00110593	0.00181564	0.00240587	0.0242522	0.304306	0.000181577	0.00837934
54	0.692384	0.00357637	0.00227486	0.00565583	0.0012822	0.0345408	0.010038	0.00168912	0.00609345	0.00263579	0.0011608	0.00549293	0.00236637	0.00804411	0.00442047	0.174311	0.0251494	0.0133289	0.000425451	0.00513056
55	0.0401523	0.000749054	0.0385111	0.132428	0.00513047	0.050754	0.0355726	0.0021121	0.100965	0.0222567	0.00880343	0.0598204	0.00720519	0.305317	0.0758223	0.0778933	0.0185763	0.0131638	0.00102031	0.00374697
56	0.0522037	0.00398575	0.0448766	0.00866145	0.192582	0.0085445	0.0484295	0.0126865	0.0316997	0.0359044	0.0114199	0.0721967	0.00786445	0.0089154	0.022822	0.165015	0.0508013	0.0276428	0.00460108	0.189147
57	0.104868	0.00117654	0.00923008	0.0495608	0.00480344	0.0064454	0.00511245	0.0115988	0.00879631	0.0212817	0.0116065	0.0338748	0.384795	0.181208	0.0340805	0.0963366	0.0227875	0.00730826	0.00213157	0.002997
58	0.177486	0.000172036	0.035351	0.0306329	0.00342859	0.0270325	0.00711052	0.0113051	0.0357703	0.0134837	0.00360004	0.0546798	0.0261373	0.0205402	0.0213093	0.316469	0.185058	0.0270831	0.000167196	0.00318377
59	0.253679	0.000231404	0.058337	0.0436418	0.00318855	0.0332223	0.00699655	0.0124604	0.0421269	0.0126227	0.00390439	0.0571882	0.0112623	0.0237031	0.0208327	0.241154	0.135944	0.0352677	0.00014031	0.00409746
60	0.481127	0.0234961	0.00408322	0.0039809	0.00644961	0.00872902	0.00431341	0.0282379	0.00662412	0.0308154	0.0135664	0.00770057	0.00904764	0.00430057	0.00255898	0.0572801	0.0907951	0.212553	0.000618507	0.00372245
61	0.288345	0.000353507	0.0697291	0.0462551	0.00758615	0.0355976	0.00662521	0.0140483	0.0379929	0.0139006	0.00420333	0.0559799	0.00645821	0.0258763	0.021686	0.19879	0.108351	0.0490101	0.000303783	0.00890722
62	0.266929	0.000256876	0.0624128	0.0448854	0.00362556	0.033972	0.00725731	0.0126794	0.043435	0.0131585	0.0039477	0.0578393	0.00892784	0.0248246	0.0207992	0.227702	0.125782	0.0371546	0.000143456	0.00426716
63	0.0550612	0.00450138	0.0133722	0.0384897	0.0571451	0.0425335	0.0441222	0.0156237	0.0124798	0.0651419	0.0190315	0.026221	0.0237761	0.0155328	0.0149754	0.0981	0.0532093	0.0257881	0.30641	0.0684849
64	0.0351421	0.000140714	0.00048313	0.00204364	0.0103543	0.000526903	0.000890861	0.271686	0.000857716	0.0673847	0.0047352	0.000793246	0.000456417	0.00160534	0.00240975	0.00424752	0.0175278	0.577757	0.000130514	0.00082728
65	0.230251	0.000217923	0.0499238	0.0385956	0.0032077	0.0324018	0.00858908	0.0126187	0.0443775	0.0132535	0.00448818	0.0596812	0.0135036	0.0239561	0.0231932	0.257931	0.147818	0.0321418	0.000204016	0.00364649
66	0.0682899	0.000659397	0.0523313	0.0414639	0.00238778	0.0533667	0.0343401	0.00421435	0.149383	0.0246116	0.0168883	0.0856876	0.0145535	0.12052	0.194492	0.0682912	0.0512325	0.0114967	0.00186368	0.0039267
67	0.0302478	0.00204965	0.0447024	0.0071361	0.0570931	0.0291238	0.0783341	0.00881271	0.0532455	0.0290927	0.00629314	0.22047	0.00681739	0.0149042	0.0541548	0.195316	0.0264784	0.0142171	0.00165428	0.119857
68	0.0341585	0.000132456	0.00045052	0.00175326	0.00956838	0.00048903	0.000770112	0.27778	0.000527532	0.068392	0.00760978	0.000684594	0.000563412	0.00152723	0.00181499	0.00408141	0.0167351	0.572104	0.000128539	0.00072901
69	0.201497	0.000683709	0.0201966	0.0160374	0.00753734	0.0289174	0.00257422	0.0885746	0.00908099	0.206039	0.0683922	0.0209528	0.00561374	0.0121883	0.00648567	0.00950328	0.0127865	0.278982	0.00093746	0.00301989
70	0.173988	0.000218404	0.0155401	0.0114792	0.00104803	0.0413049	0.0135829	0.00698127	0.0176141	0.0201371	0.0151644	0.0245982	0.309374	0.0361363	0.0181255	0.194168	0.0651613	0.0322944	0.000484501	0.00260049
71	0.0241941	0.0033821	0.00322372	0.0028316	0.187411	0.00295594	0.0991535	0.00307633	0.00611602	0.0321597	0.0102317	0.0129069	0.00289604	0.0197112	0.0126821	0.0172613	0.00995473	0.00738786	0.0139803	0.528484
72	0.0321975	0.00067092	0.00368283	0.00459797	0.0893587	0.00581797	0.02524	0.0866387	0.00430718	0.350199	0.0712369	0.0140711	0.0235921	0.0108172	0.0077738	0.0308364	0.035866	0.11895	0.0100687	0.0740769
73	0.117037	0.00122612	0.0341375	0.0216032	0.00662204	0.0276662	0.0121877	0.0105496	0.0172604	0.0189979	0.0107556	0.0848968	0.258411	0.0331045	0.018646	0.224231	0.0706461	0.0220865	0.00134472	0.00859059
74	0.272512	0.000288934	0.0645472	0.04648	0.00354903	0.0354663	0.00711793	0.0128225	0.0419693	0.0126135	0.00374301	0.0582777	0.00827466	0.0257607	0.0205851	0.224065	0.120258	0.0370038	0.000167194	0.00449906
75	0.349594	0.0364649	0.00441835	0.00391295	0.00426171	0.00441615	0.0030073	0.0234051	0.00679426	0.0228236	0.0105339	0.00837063	0.00994894	0.00278418	0.00301984	0.0915422	0.215135	0.195394	0.000918146	0.00325523
76	0.110859	0.000600851	0.0436633	0.0342912	0.00437579	0.0199403	0.011304	0.0311536	0.0785869	0.0534185	0.0519307	0.101406	0.0161696	0.0410188	0.12443	0.100014	0.102106	0.0707056	0.000691086	0.0033339
77	0.0335968	0.000218998	0.000669655	0.00259317	0.0117497	0.000626898	0.00141407	0.275137	0.00171652	0.0776921	0.0155302	0.00122748	0.000784979	0.00165439	0.00273723	0.00436459	0.0194195	0.54637	0.000150767	0.00234635
78	0.0489013	0.00116204	0.0131444	0.00838017	0.00230865	0.00323564	0.00136805	0.0214748	0.00384188	0.0108065	0.00815559	0.00792828	0.0039085	0.00288246	0.00239221	0.258666	0.565388	0.0281472	0.000755984	0.00715192
79	0.149771	0.0345644	0.00850192	0.00966558	0.00974519	0.253959	0.0812641	0.00848542	0.00997081	0.0177286	0.00860399	0.0148406	0.00884713	0.00937699	0.00955517	0.105493	0.15923	0.0145326	0.0049792	0.0808854
80	0.0379779	0.000166697	0.000937805	0.00251987	0.0111161	0.000821136	0.00130297	0.272724	0.00206352	0.0780412	0.0153339	0.00145948	0.000841543	0.00197683	0.00310913	0.00496307	0.0184237	0.543958	0.000179215	0.00208459
81	0.442768	0.0341786	0.00128522	0.0013936	0.00277476	0.00274516	0.00196092	0.0229945	0.0060533	0.0241712	0.0088773	0.00720773	0.01154	0.00166241	0.00138986	0.0600772	0.123353	0.24406	0.000380041	0.00112737
82	0.0816966	0.0010258	0.0043553	0.00562409	0.0121303	0.00506629	0.00191565	0.229359	0.00474012	0.10247	0.0233435	0.00454309	0.00226126	0.00521265	0.0052703	0.0091803	0.0207221	0.477787	0.000326484	0.00297063
83	0.0563599	0.000764995	0.0540744	0.0394012	0.00385842	0.637686	0.00260297	0.00142867	0.0103764	0.00388879	0.00212259	0.0492474	0.00261343	0.0203514	0.0139868	0.0841195	0.0121484	0.00272693	0.000471873	0.00177018
84	0.0414268	0.000845604	0.230493	0.0101936	0.00633751	0.0455482	0.0108098	0.029124	0.0192313	0.0411224	0.00358226	0.346995	0.00816475	0.0132992	0.00619335	0.134685	0.0238388	0.00569445	0.000797532	0.021618
85	0.0826669	0.000804823	0.310028	0.289901	0.00289169	0.0257929	0.00337765	0.00518131	0.0125631	0.0103836	0.0060026	0.0792217	0.0207821	0.0590942	0.00467986	0.0536018	0.0220252	0.00639252	0.000642093	0.00396712
86	0.0376973	0.000160939	0.000566544	0.00211096	0.0099924	0.000697439	0.00089739	0.27205	0.000976019	0.0721082	0.00840735	0.000818512	0.000596769	0.00170704	0.00241062	0.00428983	0.017263	0.566289	0.000128425	0.000832719
87	0.0366809	0.000789522	0.00461935	0.00642353	0.0869815	0.00700591	0.0252482	0.0747005	0.00388664	0.381505	0.0773149	0.0108064	0.0348435	0.0125892	0.0074337	0.0365371	0.0316537	0.0986098	0.0098845	0.0524866
88	0.0773622	0.00100467	0.0175667	0.0144668	0.00271748	0.00915722	0.00248892	0.0143019	0.0101074	0.0108208	0.00483908	0.0197898	0.0113264	0.00699652	0.00629673	0.304434	0.457263	0.0243548	0.00060479	0.00410125
89	0.205399	0.000189938	0.0423435	0.0339827	0.00302533	0.0300975	0.00718574	0.0111133	0.0381896	0.0123854	0.00315061	0.0567263	0.0186517	0.0212035	0.0220536	0.292672	0.169536	0.0281021	0.00015796	0.00383386
90	0.122644	0.000593358	0.0377792	0.0466063	0.0296689	0.0168944	0.00758157	0.113483	0.0198229	0.161342	0.0339175	0.00987985	0.0216858	0.0437734	0.0278158	0.0604325	0.031398	0.18652	0.000587674	0.0275735
91	0.131849	0.000289518	0.024849	0.0167171	0.00277939	0.026533	0.00836088	0.0139108	0.0210678	0.0158216	0.00940527	0.0386725	0.196401	0.0291074	0.0154754	0.267079	0.150434	0.0282414	0.00056107	0.0024442
92	0.0642062	0.00114422	0.117707	0.00908456	0.00886784	0.0491037	0.0266388	0.0353947	0.0250232	0.0180732	0.00288064	0.256559	0.0266876	0.01469	0.0125609	0.216467	0.0732351	0.00966222	0.000803432	0.0312094
93	0.285502	0.00166988	0.0489081	0.0215307	0.063495	0.0185598	0.00575857	0.0314804	0.0169301	0.054746	0.00755506	0.0230475	0.0101145	0.0438209	0.0135501	0.0892633	0.0654156	0.152963	0.00103791	0.0446511
94	0.30629	0.000634452	0.0535618	0.0344077	0.00587405	0.0389912	0.00739434	0.0120783	0.0322035	0.020141	0.00564598	0.044045	0.0241939	0.0226454	0.0177704	0.216042	0.107434	0.0442222	0.000280632	0.00614347
95	0.172564	0.0010944	0.0170015	0.0053356	0.00224851	0.0786948	0.0209994	0.00743273	0.0230708	0.040211	0.0158773	0.0242265	0.210305	0.0266313	0.0177767	0.205949	0.0754053	0.0429131	0.000637475	0.0116259
96	0.0360343	0.00102457	0.0186013	0.0123348	0.0452695	0.00595222	0.00774184	0.175795	0.00740026	0.312546	0.067458	0.0101138	0.0108484	0.0300223	0.0140047	0.0488723	0.0202089	0.14785	0.00131025	0.0266112
97	0.00601783	0.00536903	0.00225516	0.00146963	0.0118845	0.00283641	0.00309288	0.260269	0.00153943	0.546215	0.0429395	0.00190491	0.00193831	0.00198148	0.00137595	0.0112742	0.00451896	0.0889339	0.000584491	0.0035995
98	0.0240037	0.000508143	0.00115596	0.00119636	0.0197511	0.00183265	0.00123118	0.287365	0.000848948	0.224514	0.132317	0.0013277	0.00378192	0.00124963	0.000989278	0.00287727	0.0191419	0.268132	0.000178693	0.00759837
99	0.14391	0.000369875	0.0193683	0.0370977	0.00201383	0.0180866	0.00641457	0.00689903	0.0134371	0.0129218	0.00799261	0.0316021	0.299208	0.0307205	0.0114024	0.246512	0.0919435	0.0170159	0.000907416	0.00217658
100	0.454109	0.0125592	0.0119994	0.00969729	0.00454782	0.0173871	0.00631624	0.0181747	0.0125338	0.0179306	0.00853756	0.0173231	0.0146622	0.0117941	0.00756345	0.13088	0.14695	0.0917558	0.000862449	0.00441622
101	0.0101958	0.00118619	0.00238767	0.00212807	0.01989	0.0140832	0.00259085	0.191558	0.00195481	0.366436	0.237132	0.00278879	0.00871983	0.00260952	0.00169725	0.0117984	0.00772707	0.10601	0.00125235	0.00785536
102	0.0520857	0.00067029	0.00864048	0.0379314	0.00208762	0.0127979	0.0259867	0.00332312	0.206615	0.017846	0.0143239	0.0600731	0.00290351	0.150429	0.332333	0.0163396	0.037146	0.0158542	0.000573387	0.00203954
103	0.048599	0.00324963	0.0223534	0.00507082	0.129063	0.0054016	0.0727128	0.00742288	0.0412478	0.0345865	0.00845606	0.117016	0.0053698	0.00349613	0.029502	0.15602	0.0333695	0.022623	0.00336744	0.251073
104	0.00514559	0.00618886	0.00227633	0.00155205	0.00811688	0.00279518	0.00313285	0.273468	0.0016486	0.555424	0.0326432	0.00202424	0.00163309	0.00212135	0.00145251	0.0116912	0.00390637	0.0812612	0.000378339	0.00313987
105	0.0332837	0.00172031	0.020378	0.0101826	0.044297	0.0123391	0.278051	0.00361066	0.0492089	0.0376175	0.00886197	0.0247839	0.0088941	0.188265	0.101864	0.039917	0.0104573	0.0111874	0.00117644	0.113904
106	0.237144	0.000319142	0.0471768	0.0363345	0.00338385	0.0311492	0.00725205	0.011482	0.0398113	0.0121024	0.00338391	0.0580153	0.0139627	0.0220665	0.0220849	0.26832	0.151909	0.0298524	0.00018879	0.00406132
107	0.503036	0.0353359	0.0015287	0.00208218	0.00274456	0.00650701	0.00369196	0.01859	0.00574315	0.0202502	0.00793687	0.0063666	0.00945084	0.00245715	0.00170951	0.0693242	0.101197	0.199566	0.000396518	0.00208466
108	0.00954563	0.00469407	0.00254579	0.00171671	0.0284035	0.00388796	0.00439966	0.218746	0.00205179	0.529169	0.0551987	0.00229963	0.00378574	0.00250157	0.00212999	0.0139341	0.00793919	0.0964771	0.00249959	0.00807404
109	0.201318	0.00119945	0.0186903	0.0195525	0.0169633	0.0166102	0.00591201	0.0689571	0.0283257	0.194503	0.0422013	0.0134353	0.00971052	0.0356668	0.0131963	0.0261131	0.0206802	0.256536	0.000882388	0.00954706
110	0.275982	0.000714989	0.0430719	0.0320396	0.00374811	0.0347137	0.013282	0.0101785	0.0439968	0.0138771	0.00635447	0.0537103	0.0290223	0.0299362	0.0271961	0.228175	0.118594	0.030553	0.00030605	0.00454778
111	0.693952	0.00357735	0.00184244	0.00713316	0.00131842	0.0268563	0.00938437	0.00156843	0.00572966	0.00273724	0.00121661	0.00457951	0.00203126	0.00775714	0.00380405	0.17894	0.0257995	0.0145574	0.000508097	0.00670721
112	0.115932	0.00101804	0.0570987	0.0360595	0.00566162	0.437304	0.00704834	0.0038486	0.0165433	0.00737611	0.00395569	0.0844759	0.00440122	0.0220562	0.0474304	0.124368	0.016394	0.00520731	0.000760583	0.00306041
113	0.0371801	0.00610038	0.0125994	0.0516255	0.0381796	0.0437925	0.0979132	0.00305029	0.119827	0.0896038	0.0345258	0.0283479	0.0303827	0.128948	0.122036	0.0690368	0.0189945	0.0261237	0.00064921	0.041084
114	0.0316046	0.00023451	0.000518092	0.0017959	0.0115254	0.000683934	0.000893209	0.29516	0.000868932	0.09576	0.0400491	0.000823587	0.0013839	0.00141265	0.00188255	0.00350854	0.0198341	0.488875	0.000141729	0.00304436
115	0.0534435	0.00445273	0.0302274	0.0277551	0.0282662	0.0440565	0.0487587	0.00771941	0.122768	0.045953	0.0215167	0.050855	0.0454922	0.0650798	0.137147	0.112469	0.0733674	0.0206663	0.00236554	0.0576409
116	0.0346543	0.000132583	0.000430212	0.00177267	0.00944841	0.000492499	0.000749386	0.273544	0.000499356	0.0648104	0.00333522	0.000685009	0.000420758	0.00153411	0.00187976	0.00417346	0.0165697	0.584287	0.000123851	0.000457451
117	0.0815777	0.000894317	0.0212252	0.0135659	0.00577352	0.0147832	0.00482595	0.0128621	0.0154494	0.0144114	0.0050489	0.0323635	0.0177758	0.0110401	0.0128697	0.352525	0.357775	0.0200943	0.000829106	0.00430972
118	0.0541723	0.000620858	0.0162428	0.00645463	0.00293415	0.00519773	0.001209	0.0133708	0.00315442	0.0100086	0.00233971	0.0112645	0.00584994	0.00387006	0.00202946	0.31401	0.52329	0.0190407	0.000659742	0.00428044
119	0.177024	0.000528364	0.0179285	0.0174347	0.00153272	0.0352476	0.0108493	0.00759677	0.0177741	0.0178395	0.0118502	0.02756	0.265919	0.0278245	0.0153949	0.229296	0.0861778	0.0289942	0.000514553	0.00271311
120	0.0202643	0.0352866	0.00743959	0.012748	0.0144626	0.0086483	0.145524	0.0122427	0.00940128	0.339149	0.106484	0.0415575	0.0117106	0.0971173	0.00789496	0.0233375	0.0151825	0.080733	0.00212205	0.00869376
121	0.310521	0.00106484	0.0202579	0.00820515	0.00251462	0.0368397	0.00526358	0.00449164	0.00876493	0.00786138	0.00357279	0.02359	0.0285406	0.00875042	0.0070342	0.45283	0.0544644	0.0116826	0.000488006	0.00326211
122	0.179641	0.0023143	0.00690645	0.00647374	0.0296386	0.0894073	0.00605355	0.00958438	0.0172483	0.123576	0.131542	0.00915436	0.00448239	0.0320868	0.00619317	0.101441	0.222202	0.0147086	0.00137655	0.00596909
123	0.268961	0.000453797	0.0707445	0.0421436	0.0206528	0.0349612	0.00621444	0.0151662	0.0308233	0.0194198	0.00518545	0.0421215	0.0105244	0.0359877	0.0170696	0.181101	0.114929	0.0689433	0.000289366	0.0143071
124	0.0260109	0.000302806	0.000893226	0.00204979	0.0204059	0.00119414	0.00157205	0.294782	0.00205929	0.177981	0.123791	0.00148322	0.0038894	0.00108742	0.00240273	0.0022488	0.0275082	0.301114	0.000174857	0.00904951
125	0.0139192	0.000945326	0.00144819	0.000810126	0.040465	0.00355225	0.00236646	0.214823	0.000723329	0.384489	0.130291	0.00165876	0.00452129	0.00239514	0.00101248	0.00884841	0.0111371	0.165189	0.0018058	0.00959961
126	0.183471	0.00043699	0.01871	0.00549554	0.00184788	0.058634	0.0136394	0.00736095	0.0184883	0.0277145	0.0228942	0.0256465	0.223307	0.0344092	0.0171263	0.213134	0.0704228	0.0532802	0.000396076	0.00358495
127	0.0693618	0.000225469	0.0831104	0.0533981	0.000843791	0.0849888	0.0281208	0.00196959	0.125398	0.0164273	0.0162263	0.104177	0.0214597	0.111149	0.127648	0.0988039	0.045572	0.00443032	0.00275055	0.00393981
128	0.0528502	0.00174793	0.00553492	0.0180198	0.0156711	0.00862409	0.0072736	0.0116748	0.00765822	0.0421015	0.0138506	0.0121134	0.630799	0.0261669	0.0189645	0.0462366	0.0271565	0.0115505	0.0326163	0.00938977
129	0.241954	0.00197688	0.0245656	0.0143237	0.00496886	0.0306046	0.00801281	0.00853154	0.0148231	0.0137478	0.00504302	0.0339073	0.0226089	0.0139105	0.0127495	0.426064	0.0969051	0.0190942	0.00123183	0.00497616
130	0.282963	0.000489312	0.0485902	0.0354067	0.00423916	0.0405959	0.00847558	0.0152348	0.0361381	0.0128043	0.00401824	0.0488171	0.0181299	0.0271606	0.0239237	0.235052	0.12031	0.032517	0.000223841	0.00491066
131	0.620496	0.00339017	0.00723998	0.00780892	0.00219408	0.0607084	0.0105584	0.0029707	0.00794394	0.0049228	0.00283366	0.010103	0.0121026	0.0104325	0.00698327	0.171264	0.0302773	0.0205149	0.000402286	0.00685389
132	0.27969	0.00324471	0.0312822	0.01619	0.0664001	0.0336133	0.00748206	0.032556	0.0118125	0.0299676	0.00731951	0.0191947	0.00755153	0.041179	0.00987831	0.106987	0.100319	0.119556	0.00110711	0.0746689
133	0.0599574	0.00206977	0.00507816	0.00473739	0.567416	0.00547571	0.0216002	0.0450739	0.00481629	0.0604992	0.0253742	0.0079445	0.00359279	0.00555455	0.00398232	0.0190232	0.0195132	0.071507	0.00673963	0.0600444
134	0.0779596	0.000396002	0.200942	0.0579491	0.00230281	0.0220318	0.00355261	0.0111627	0.0115017	0.0153825	0.00225295	0.36155	0.00938879	0.0220019	0.00661366	0.136354	0.0440093	0.00779454	0.000556894	0.00629723
135	0.0657624	0.0027421	0.0534345	0.0416126	0.0146082	0.0764798	0.0555932	0.00161437	0.122364	0.0550561	0.0236019	0.0686803	0.0301617	0.115476	0.125365	0.087179	0.0328835	0.00941162	0.00163738	0.0163361
136	0.0369101	0.00178983	0.0117842	0.00844797	0.029228	0.0275667	0.025358	0.00767533	0.0559589	0.01287	0.00509628	0.0443815	0.0226177	0.0099344	0.0812449	0.279108	0.321711	0.0115941	0.00129923	0.00542383
137	0.0214834	0.000538727	0.00171505	0.00194139	0.125374	0.00836985	0.0204552	0.0477052	0.00147437	0.464114	0.079891	0.00652813	0.01352	0.00274557	0.00295101	0.0262095	0.0195489	0.0791977	0.0196585	0.0565786
138	0.0316952	0.000625456	0.0037701	0.014535	0.037005	0.00163983	0.0132543	0.228744	0.0210039	0.0983261	0.0231485	0.00781626	0.00235837	0.00527394	0.0219253	0.0144526	0.0703122	0.379484	0.000461684	0.0241678
139	0.0118835	0.0010708	0.00142326	0.000819226	0.034537	0.00350432	0.00182265	0.216583	0.000821621	0.403476	0.136637	0.00141646	0.00447949	0.00168176	0.000790634	0.00703853	0.0089088	0.153607	0.00096757	0.00853178
140	0.114296	0.000712021	0.0172155	0.0198385	0.0407007	0.00849362	0.0177072	0.0952208	0.0312011	0.14568	0.0234609	0.0250399	0.0222169	0.0599023	0.0485799	0.0954151	0.0426251	0.158105	0.000407997	0.0331818
141	0.108859	0.000809261	0.010145	0.0422209	0.00411462	0.0104714	0.00596976	0.0110902	0.0159761	0.0256771	0.0122626	0.0169096	0.436966	0.0997001	0.0133781	0.135049	0.0352694	0.0109306	0.00182284	0.00237898
142	0.00801611	0.00112308	0.00187013	0.00175602	0.0434416	0.00592299	0.00395948	0.137428	0.00117519	0.48552	0.162321	0.00253255	0.00991562	0.0023946	0.00114142	0.0151807	0.00731049	0.0895933	0.00335428	0.0160436
143	0.036699	0.0014642	0.0034492	0.00476044	0.144623	0.0110836	0.010826	0.0445795	0.0036305	0.485826	0.0646387	0.00546802	0.00901386	0.00700171	0.00384912	0.0322052	0.014956	0.0737535	0.0152326	0.0269398
144	0.0659686	0.00022892	0.0822521	0.0568283	0.000814249	0.0861618	0.0288445	0.00153768	0.125726	0.0154647	0.0152512	0.103	0.0207614	0.120113	0.125622	0.0978459	0.0435084	0.00342049	0.00271	0.00394129
145	0.0399557	0.00387793	0.0145976	0.00690394	0.384942	0.00979155	0.0669113	0.0255865	0.0173368	0.0448667	0.0200122	0.0385744	0.0106489	0.0136228	0.017465	0.085739	0.0271374	0.0364016	0.00889384	0.126735
146	0.00682847	0.00848421	0.00255977	0.0015938	0.011981	0.00319306	0.00489425	0.254704	0.00235614	0.550668	0.0368499	0.00329169	0.00235077	0.00292381	0.001712	0.0133618	0.00529794	0.0817393	0.000868301	0.00434248
147	0.239515	0.000341349	0.0588515	0.0454162	0.00390392	0.0329624	0.00809746	0.0162833	0.0541649	0.0228224	0.0125689	0.072515	0.00798708	0.0317203	0.047417	0.187977	0.106533	0.0462495	0.00028808	0.00438539
148	0.0694639	0.000227055	0.0830875	0.053307	0.000842208	0.0846491	0.0280775	0.00199252	0.125554	0.0164835	0.0162615	0.104265	0.0214585	0.111053	0.127693	0.098719	0.0456565	0.00451346	0.00276928	0.00392646
149	0.140691	0.00037843	0.0310632	0.0253844	0.00425606	0.0210839	0.00674057	0.0167598	0.0363346	0.0144338	0.0064226	0.0518421	0.0245287	0.0180133	0.0224478	0.305411	0.24294	0.0276553	0.000439894	0.0031742
150	0.0616432	0.000287349	0.0828941	0.0533723	0.0048828	0.515233	0.0020553	0.00151342	0.0155327	0.00187114	0.00110844	0.0788816	0.00135998	0.0277975	0.0196125	0.115043	0.0137668	0.00204596	0.000280994	0.000818059
151	0.457849	0.00231493	0.0102187	0.00424163	0.00190719	0.0292842	0.00585767	0.00201579	0.00391476	0.00411152	0.00192265	0.011714	0.00750278	0.00525257	0.00395949	0.410386	0.0244634	0.00845688	0.00054224	0.00408472
152	0.0180726	0.0292118	0.00608221	0.0066711	0.16393	0.00720471	0.0348801	0.00716708	0.00694077	0.0133038	0.0072607	0.00964359	0.340427	0.00820667	0.00814257	0.0585546	0.0134129	0.0112649	0.00225471	0.247369
153	0.0256781	0.000550482	0.00232941	0.00198755	0.61319	0.00410144	0.0131464	0.0305014	0.0025933	0.140996	0.0192364	0.00360691	0.00201906	0.00231162	0.00284616	0.0103473	0.00911159	0.0408983	0.00891937	0.0656292
154	0.0188957	0.000666856	0.00189896	0.00221471	0.109235	0.00806695	0.0118745	0.0683439	0.00137561	0.472054	0.105714	0.00497334	0.0110591	0.00326541	0.00256579	0.026014	0.0199388	0.0863697	0.0123407	0.0331333
155	0.021806	0.000914894	0.00146516	0.00120872	0.0208452	0.0021119	0.00144491	0.272227	0.00106518	0.291345	0.122356	0.00125965	0.00359596	0.00182675	0.00113214	0.00491948	0.0154291	0.22778	0.000345363	0.00692205
156	0.0239729	0.000710252	0.209786	0.0126951	0.00521827	0.0490635	0.0153619	0.0138642	0.0454746	0.0354148	0.00423476	0.396062	0.00561206	0.018921	0.0137535	0.103145	0.0202703	0.00600236	0.000817889	0.0196199
157	0.115369	0.000523836	0.0152449	0.0198169	0.0426564	0.006434	0.0107472	0.143196	0.0280061	0.141441	0.0248759	0.0106441	0.0101641	0.0287331	0.0252293	0.0488532	0.0458013	0.260508	0.000500215	0.0212557
158	0.0731719	0.0017189	0.0874357	0.0353957	0.0176249	0.0677166	0.0701895	0.00672425	0.0823789	0.0300879	0.0152798	0.0833186	0.0190409	0.10224	0.100805	0.100991	0.0349988	0.0103812	0.00195905	0.0585419
159	0.082545	0.000572604	0.00549254	0.0166428	0.00789892	0.0083716	0.00422539	0.00771763	0.00583425	0.0292649	0.0124944	0.00981759	0.649245	0.0313476	0.0148792	0.0698159	0.0281589	0.00782195	0.00542739	0.00242615
160	0.0290141	0.0035795	0.00554722	0.00264395	0.167278	0.00332554	0.0498459	0.00555151	0.012111	0.0504237	0.0117087	0.0385198	0.0037985	0.00407386	0.014515	0.0519797	0.0148711	0.0162158	0.0205897	0.494407
161	0.101994	0.00354705	0.0173836	0.0995752	0.11432	0.0117058	0.0202976	0.0489475	0.0990258	0.029717	0.0117516	0.0243703	0.00904137	0.0117333	0.0218204	0.1309	0.0298525	0.0204647	0.00240855	0.191143
162	0.300667	0.00099522	0.0774588	0.0638813	0.00833025	0.0449324	0.0063094	0.0267125	0.0287879	0.0178942	0.00538503	0.0466623	0.00627179	0.0246844	0.017701	0.172373	0.0786835	0.063944	0.0007767	0.00754953
163	0.0358639	0.00270401	0.00577691	0.00375481	0.186366	0.00324949	0.0747403	0.0074036	0.0130318	0.0472305	0.0198287	0.0257252	0.00521023	0.00714476	0.0152211	0.0451688	0.0213629	0.0141728	0.0127289	0.453315
164	0.0690917	0.000226112	0.0831239	0.0532698	0.000869054	0.0848892	0.0280756	0.0019759	0.125157	0.0163107	0.016259	0.104487	0.0216911	0.11082	0.127913	0.0989716	0.0456457	0.00460309	0.00275857	0.00386233
165	0.155129	0.000341149	0.0505756	0.04015	0.00334748	0.105858	0.00940716	0.00869595	0.0467978	0.0117268	0.00524097	0.069287	0.0164741	0.0376967	0.0396861	0.244351	0.130687	0.0210033	0.000638152	0.00290662
166	0.047713	0.0011256	0.00573478	0.0137199	0.0294258	0.00347604	0.010154	0.208711	0.0309527	0.0772791	0.0196052	0.0306225	0.0040988	0.00836099	0.0222263	0.0195765	0.0868501	0.346024	0.00105549	0.0332879
167	0.0263943	0.000480967	0.00242716	0.00927343	0.0493019	0.00178551	0.00791508	0.24915	0.0135005	0.116663	0.0627459	0.00696486	0.00319295	0.00382494	0.0146356	0.00828322	0.06537	0.330124	0.000474366	0.0274923
168	0.178193	0.000218653	0.0163412	0.0102113	0.00107871	0.045153	0.0129704	0.00699062	0.0177192	0.0213581	0.0158558	0.0248233	0.296744	0.0317201	0.0167855	0.198389	0.0675721	0.0344968	0.000398884	0.00298034
169	0.00500119	0.00600637	0.00231794	0.00145602	0.00901868	0.00285747	0.00310404	0.265305	0.00161667	0.562033	0.035236	0.00198645	0.00189178	0.00215817	0.00144581	0.0119431	0.00370693	0.0792337	0.00041684	0.00326477
170	0.051386	0.000870554	0.390615	0.313605	0.00264826	0.0331003	0.00283208	0.00407546	0.0119639	0.00551531	0.00379698	0.0700199	0.0187682	0.0322581	0.00302854	0.0356738	0.0112797	0.00470734	0.000664542	0.00319144
171	0.012089	0.00376331	0.00178197	0.00138327	0.242837	0.00179528	0.0198365	0.00416813	0.00223647	0.0267336	0.00625162	0.0156501	0.00113501	0.00335316	0.0069001	0.0130655	0.00501635	0.00983047	0.016669	0.605505
172	0.682445	0.0127273	0.00161775	0.00413404	0.00154491	0.0196751	0.00846585	0.0051521	0.00521634	0.00602593	0.00241999	0.00492045	0.00333074	0.00622661	0.00299741	0.131501	0.0427522	0.0541935	0.000410186	0.00424387
173	0.0138635	0.00172911	0.00208264	0.00281393	0.0536483	0.00763226	0.00831844	0.122278	0.00193045	0.464207	0.154053	0.00401668	0.00991617	0.00446761	0.00156414	0.0180095	0.01081	0.0971714	0.00534574	0.016142
174	0.0224974	0.00171086	0.00385879	0.00423763	0.163873	0.0103942	0.0111501	0.040732	0.00457252	0.423253	0.084518	0.0102473	0.00860789	0.00684735	0.00556695	0.0759403	0.0184615	0.0632297	0.0132374	0.0270642
175	0.0276346	0.000556438	0.026301	0.0958795	0.00219321	0.0743718	0.0308559	0.00143309	0.152474	0.0110065	0.00740144	0.0649095	0.00607335	0.256373	0.135814	0.0752643	0.0185425	0.00917074	0.000878384	0.0028678
176	0.151192	0.000273773	0.0177689	0.0131069	0.00101287	0.0349932	0.0104217	0.00803931	0.0157195	0.0185896	0.0161746	0.0265299	0.332715	0.0352221	0.0143717	0.202805	0.0691804	0.0290788	0.000556469	0.00224792
177	0.149261	0.000361777	0.00795432	0.0301865	0.00219602	0.01336	0.0059659	0.00645996	0.0099913	0.0145092	0.00961869	0.0181905	0.437549	0.0482815	0.0108626	0.168126	0.0514643	0.0122214	0.00136623	0.00207459
178	0.285563	0.000435375	0.070493	0.0453536	0.00571461	0.0341695	0.00681804	0.0135563	0.0369691	0.013094	0.00413978	0.0667482	0.00753653	0.0247134	0.0196767	0.20517	0.109838	0.0433369	0.000345472	0.00632897
179	0.0676475	0.000594534	0.0772169	0.0522727	0.00296218	0.0830029	0.0336272	0.00161325	0.124715	0.0229399	0.0178133	0.0974676	0.0229652	0.117907	0.125563	0.0974679	0.0414707	0.00410126	0.0025681	0.00608419
180	0.0405948	0.000417303	0.0617216	0.121234	0.00171364	0.118337	0.0254572	0.00193147	0.115262	0.0108847	0.0107486	0.0758208	0.0116033	0.182183	0.0944012	0.0709339	0.0371083	0.0147826	0.00172707	0.00313774
181	0.127867	0.000710574	0.0247029	0.0409247	0.031256	0.0134506	0.00534277	0.127725	0.0180609	0.162013	0.0723355	0.0100761	0.0117688	0.037218	0.0219515	0.0332782	0.0277261	0.218927	0.000715766	0.0139498
182	0.0486665	0.000307662	0.0034861	0.00758457	0.0169549	0.00166785	0.00539727	0.249547	0.0105478	0.0873869	0.0114818	0.00423854	0.00186402	0.0106738	0.0114162	0.0202518	0.0420627	0.459023	0.000500121	0.00694213
183	0.0496214	0.000837098	0.344269	0.132276	0.00664178	0.0428269	0.00704675	0.0102254	0.0186937	0.017357	0.00570944	0.187696	0.0155167	0.0263763	0.0125591	0.0734391	0.0260861	0.0115247	0.000883416	0.0104146
184	0.144255	0.000440985	0.0183877	0.0369757	0.00226325	0.0159509	0.00553751	0.00680667	0.0128217	0.0123042	0.00750692	0.0288099	0.30684	0.0306903	0.010017	0.249426	0.0923566	0.0155675	0.000817987	0.00222395
185	0.0927182	0.000645241	0.162503	0.0190744	0.00503171	0.0740087	0.0144022	0.0291067	0.0259272	0.0186895	0.00292686	0.305905	0.0091026	0.0149706	0.0121537	0.138645	0.0459963	0.0118517	0.000579569	0.0157619
186	0.0503747	0.000807125	0.0155443	0.0063295	0.00312754	0.00528113	0.00169327	0.0139241	0.00449382	0.00981068	0.00242146	0.0121299	0.00600159	0.00347132	0.00362651	0.299811	0.536598	0.0192001	0.000792919	0.00456141
187	0.0466081	0.000480735	0.105084	0.0334345	0.00304818	0.111859	0.0317495	0.00775588	0.115541	0.02779	0.0102144	0.191942	0.0140474	0.0778674	0.0814569	0.0896455	0.0324621	0.00730353	0.00196069	0.00974943
188	0.0336619	0.000756105	0.0027691	0.00293447	0.137372	0.0105401	0.00961026	0.0376289	0.00278819	0.48629	0.0625649	0.00568181	0.00915481	0.00592877	0.00408725	0.0474132	0.0148219	0.0838677	0.0163485	0.0257799
189	0.0384249	0.00613162	0.00957794	0.0199209	0.0462803	0.0611673	0.132223	0.00699392	0.0739165	0.100364	0.0284955	0.0385319	0.0370401	0.0937765	0.11426	0.0507137	0.050475	0.0408663	0.00137466	0.0494655
190	0.0103303	0.00416388	0.00157665	0.00100848	0.190679	0.00141716	0.0212349	0.00129005	0.00194017	0.025644	0.00501696	0.013068	0.000917873	0.0037754	0.00716382	0.0119447	0.00424339	0.00645044	0.0181384	0.669997
191	0.0157856	0.00101602	0.109518	0.0215186	0.00423295	0.0210952	0.00425203	0.00645518	0.00545709	0.022693	0.00430436	0.0783015	0.00391513	0.00415984	0.0135725	0.138578	0.501348	0.0228723	0.0176634	0.00326195
