242	20
1	0.0140219	0.0183267	0.0054784	0.00274143	0.268857	0.00366338	0.00209463	0.076495	0.00216271	0.358429	0.0822017	0.0034116	0.000697448	0.00195007	0.00158885	0.00565935	0.00677177	0.0751162	0.00687911	0.0634546
2	0.0153918	0.00928656	0.0185757	0.0140121	0.0268467	0.00455607	0.00662506	0.177936	0.0727167	0.272346	0.131696	0.00411488	0.000766101	0.0169001	0.0501528	0.00925689	0.0228349	0.136979	0.00189026	0.00711572
3	0.0536697	0.00183559	0.0189966	0.019011	0.00131541	0.0022231	0.022212	0.0152163	0.244768	0.00822325	0.00246929	0.0890784	0.000774216	0.0171436	0.116688	0.180788	0.186441	0.0120342	0.000428405	0.00668352
4	0.0442613	0.021167	0.00722851	0.109676	0.00516253	0.00869341	0.00975279	0.0756941	0.0122565	0.16816	0.0922965	0.00748899	0.00201138	0.0132874	0.0141796	0.0861978	0.218275	0.100894	0.000949138	0.00236857
5	0.0978378	0.00603589	0.00124303	0.0387067	0.00602772	0.00982096	0.0299411	0.0539368	0.260378	0.116732	0.11673	0.0253678	0.00132072	0.0596018	0.0714425	0.0468821	0.0198957	0.0184338	0.000302223	0.019363
6	0.00336284	0.000400049	0.812972	0.0328656	0.000382873	0.0131874	0.0186877	0.000610501	0.00281424	0.000888093	0.000524719	0.0842392	0.000217968	0.0028865	0.000560433	0.0112136	0.0128937	0.000719296	0.000152534	0.000421195
7	0.00628849	0.0119666	0.00441969	0.00177291	0.367045	0.00122318	0.0228584	0.00155686	0.00134086	0.0372731	0.00647174	0.00137708	0.000370346	0.00638547	0.00335684	0.00252179	0.0024781	0.0061048	0.000360803	0.514827
8	0.0291438	0.00880789	0.00253795	0.0249787	0.00130225	0.00355856	0.00157172	0.00223471	0.00235436	0.00585711	0.00863848	0.0198069	0.000751003	0.00359117	0.00331113	0.305001	0.563429	0.00916677	0.000406757	0.00355162
9	0.0806545	0.00183758	0.0021803	0.0305462	0.00158455	0.0110993	0.00212774	0.00249418	0.162928	0.00297978	0.0193738	0.0111202	0.287621	0.0679551	0.0409551	0.16585	0.103992	0.00284655	0.000551565	0.00130396
10	0.136187	0.000866751	0.123998	0.332857	0.00583165	0.00375718	0.0173262	0.012924	0.10692	0.0171581	0.00709003	0.0210808	0.00173177	0.0828777	0.0249496	0.0414241	0.0458388	0.00974057	0.00043988	0.00700086
11	0.0331253	0.00169478	0.21973	0.36568	0.00542109	0.00282488	0.00732968	0.0068268	0.0613922	0.00745536	0.0175451	0.0252353	0.000891002	0.182688	0.00565264	0.0159512	0.0225864	0.0069639	0.00675052	0.00425593
12	0.0137161	0.0101233	0.00125745	0.00171853	0.136808	0.00362769	0.00133275	0.169774	0.00167713	0.412949	0.110625	0.00234134	0.000350431	0.00119627	0.00110535	0.00289628	0.00632507	0.0833095	0.00952617	0.0293409
13	0.0675558	0.0100245	0.0388318	0.0389113	0.130758	0.0219949	0.0954295	0.00123715	0.0190504	0.0141795	0.00647234	0.0308727	0.000338306	0.0105988	0.0108473	0.0168606	0.0137748	0.00130558	0.0186987	0.452258
14	0.0111766	0.0102859	0.000998039	0.00205444	0.151738	0.00286842	0.000901007	0.101305	0.00118061	0.40902	0.200563	0.00230319	0.000428177	0.00117558	0.000913454	0.00486009	0.00716882	0.0598956	0.00416377	0.0270003
15	0.00770539	0.000399926	0.00048788	0.00517141	0.0109952	0.000541558	0.000684914	0.557923	0.000740686	0.155214	0.0274612	0.00397168	0.00245559	0.000858379	0.000594434	0.00742409	0.00560813	0.208846	0.000167015	0.00274931
16	0.0425849	0.00136209	0.435496	0.190282	0.00117016	0.0312997	0.00205338	0.00239865	0.0585727	0.00345806	0.00183462	0.0541165	0.00465711	0.0218678	0.031827	0.0590682	0.0538941	0.00252487	0.000302202	0.0012301
17	0.00248728	0.00100417	0.000906633	0.00606006	0.0259088	0.00132621	0.000889029	0.0366003	0.00132549	0.859623	0.0221747	0.00117819	0.000330368	0.00122768	0.000912539	0.00187743	0.0131276	0.00460575	0.00420413	0.014231
18	0.380252	0.000990924	0.00427958	0.00189615	0.000901464	0.0314381	0.00107853	0.00162795	0.00149098	0.00182903	0.00640902	0.00129451	0.00564376	0.00121729	0.00136229	0.534349	0.0206468	0.00187819	0.000345022	0.00106951
19	0.165017	0.00311593	0.00195925	0.0484939	0.0128691	0.0311048	0.0390284	0.0939073	0.160566	0.108749	0.0750212	0.0090931	0.00120245	0.0348289	0.0959751	0.061294	0.0315974	0.0176414	0.000512821	0.00802333
20	0.105211	0.000792643	0.156325	0.331388	0.00981249	0.00249978	0.0130216	0.0143193	0.107129	0.0190703	0.0130672	0.024391	0.000382771	0.100829	0.00958236	0.0206927	0.0459983	0.0130991	0.00105091	0.0113367
21	0.00464214	0.00359227	0.000853899	0.00457957	0.0612943	0.00177094	0.000925268	0.0580768	0.00112998	0.730068	0.076274	0.00143976	0.00033688	0.0010234	0.000821736	0.00279896	0.0101082	0.0198572	0.00418153	0.0162256
22	0.0694501	0.00916529	0.0333048	0.0870773	0.0125514	0.0168291	0.0219508	0.029493	0.264268	0.0481515	0.0328667	0.0380621	0.0247532	0.0592542	0.0858128	0.0586894	0.0657384	0.0234614	0.00162209	0.0174985
23	0.0849773	0.00544849	0.0477973	0.107497	0.00761213	0.00572707	0.021424	0.0125193	0.233571	0.0279158	0.0188748	0.0189943	0.000730967	0.0984184	0.0533896	0.0551793	0.102955	0.0946132	0.000580789	0.00177406
24	0.00345169	0.00792529	0.0467515	0.00265165	0.00103255	0.639903	0.0467814	0.00162699	0.0624885	0.00234928	0.00164992	0.123885	0.0144147	0.00172735	0.00865821	0.0280947	0.0028351	0.00221202	0.000363044	0.00119908
25	0.095848	0.00569607	0.00198348	0.0365941	0.00656496	0.01037	0.0271359	0.0491611	0.271091	0.117396	0.109367	0.0267513	0.00179304	0.0532512	0.0787353	0.0468574	0.0255551	0.0174728	0.000383669	0.0179926
26	0.110569	0.0202579	0.0640329	0.155606	0.00380675	0.0360993	0.0245034	0.015228	0.0817763	0.0117711	0.00506853	0.111473	0.00516861	0.0678112	0.0270583	0.155148	0.0879626	0.0104099	0.00106059	0.0051886
27	0.0162798	0.00490072	0.000538524	0.00431702	0.0150441	0.000616673	0.00104575	0.497619	0.000943391	0.141814	0.0323554	0.0033895	0.0021273	0.000784926	0.000851708	0.00680644	0.00751711	0.258053	0.000543316	0.00445208
28	0.312158	0.0503841	0.00247542	0.00370222	0.00466979	0.0524402	0.00432056	0.0371515	0.00285978	0.0141052	0.019549	0.00325331	0.00360913	0.00783025	0.00259304	0.0543891	0.138451	0.280007	0.00103636	0.00501455
29	0.0152594	0.00913437	0.00117483	0.00195993	0.104387	0.00290463	0.00116749	0.163588	0.00386481	0.350557	0.192452	0.00275044	0.000545704	0.00170175	0.00292371	0.00312232	0.00738249	0.111406	0.00404942	0.0196691
30	0.00782354	0.00209833	0.00101789	0.00437307	0.0277442	0.00125043	0.00108159	0.483675	0.00206555	0.243238	0.0405453	0.00326666	0.00175729	0.00145214	0.00135073	0.00611875	0.00551135	0.158014	0.00262536	0.00498981
31	0.0730676	0.0243814	0.018697	0.0316152	0.217071	0.0214121	0.0280692	0.0311715	0.027963	0.0719304	0.0219409	0.0260016	0.00542306	0.0195709	0.0225152	0.146947	0.0701245	0.0333391	0.00886821	0.0998915
32	0.0882202	0.00152015	0.154663	0.35683	0.0148138	0.00358853	0.0105531	0.0127364	0.085216	0.0190968	0.0140208	0.0211006	0.00101532	0.117973	0.0118205	0.0206602	0.0410718	0.0139794	0.00211079	0.0090096
33	0.076046	0.00474212	0.0897639	0.210909	0.00394667	0.00858248	0.0303134	0.00857214	0.215974	0.0122167	0.00752371	0.0871777	0.00156296	0.0983087	0.0622663	0.0303253	0.0371753	0.00625656	0.00114883	0.00718778
34	0.174879	0.00402961	0.0744238	0.0277838	0.00366361	0.00552711	0.0537288	0.0259695	0.00555091	0.00701319	0.00482958	0.0463101	0.0983591	0.00520657	0.00479977	0.198621	0.225134	0.0286152	0.0021107	0.00344424
35	0.107554	0.00613405	0.0275609	0.0223293	0.00412337	0.021316	0.0168511	0.00963498	0.0731793	0.00992297	0.0146482	0.0159459	0.294637	0.0326632	0.0219678	0.221449	0.0766092	0.0136087	0.00267573	0.00718923
36	0.152594	0.0209216	0.0144472	0.0410775	0.0162381	0.0222826	0.0126683	0.0382909	0.0271569	0.109604	0.0384218	0.0148632	0.00523865	0.0189244	0.0199074	0.07822	0.265101	0.0901223	0.00232791	0.0115932
37	0.0564566	0.0158433	0.0177472	0.0486073	0.0193617	0.0204377	0.0248212	0.0610649	0.0922874	0.147759	0.0486477	0.0208011	0.0046617	0.0377226	0.20429	0.0441592	0.0629854	0.0507414	0.00634965	0.0152555
38	0.0581112	0.0106782	0.0112935	0.0407434	0.00676054	0.00861922	0.00792167	0.0162358	0.0188191	0.0254068	0.0135516	0.0129555	0.00668818	0.0113903	0.0158531	0.158855	0.521951	0.0418815	0.00267872	0.00960543
39	0.0657527	0.0128857	0.0249019	0.0437812	0.012224	0.0271975	0.0376748	0.0314069	0.104868	0.0385065	0.0206396	0.0273676	0.00687951	0.0375236	0.324718	0.077699	0.0595382	0.0301315	0.00435177	0.011952
40	0.276067	0.0501667	0.00233346	0.00380202	0.00450289	0.0245259	0.00181059	0.0562679	0.00214367	0.0231044	0.0235133	0.00604634	0.00527573	0.00172042	0.00165825	0.112135	0.199252	0.20057	0.000613981	0.00448969
41	0.362867	0.00118262	0.00457967	0.00199568	0.000940061	0.0305036	0.00110728	0.00151261	0.00163601	0.00187791	0.00590621	0.00147894	0.0064117	0.0012332	0.00137537	0.551688	0.020254	0.00190291	0.000389373	0.0011578
42	0.0878697	0.0200622	0.00857114	0.0163653	0.1754	0.00996671	0.0132884	0.0904344	0.0133459	0.21083	0.0603399	0.0112853	0.00232811	0.0101295	0.0113468	0.0332208	0.027115	0.0976812	0.010081	0.0903383
43	0.0541126	0.0165677	0.0310928	0.132943	0.00541616	0.0143135	0.0118982	0.0835544	0.0282791	0.0910364	0.0466194	0.0188078	0.00438851	0.0203815	0.0148923	0.109833	0.202882	0.10515	0.00161289	0.00621879
44	0.279941	0.0463719	0.00143605	0.00218999	0.00509804	0.0270659	0.00122577	0.0466404	0.00142254	0.017978	0.0260092	0.00132735	0.0046937	0.00155325	0.00136373	0.0621356	0.194232	0.273989	0.000434263	0.00489154
45	0.546088	0.0352709	0.00431756	0.00487416	0.00144083	0.234408	0.000836366	0.00650792	0.00439251	0.00371553	0.00379561	0.000993634	0.000327658	0.00435269	0.00427192	0.106499	0.0169798	0.0198972	0.000343235	0.000688562
46	0.459339	0.0684387	0.00509645	0.00593064	0.00277051	0.212681	0.0022214	0.00901615	0.00532264	0.010121	0.03416	0.00275604	0.00091807	0.00545047	0.00440458	0.104987	0.0253934	0.0376815	0.000892912	0.00241947
47	0.0974507	0.0303464	0.00563754	0.0233524	0.161208	0.00684588	0.0337873	0.0278349	0.0503625	0.0585119	0.0170699	0.0282687	0.00106487	0.0177857	0.0303336	0.104541	0.0624893	0.0188912	0.00163123	0.222587
48	0.0446454	0.00186717	0.333476	0.23848	0.00435638	0.011432	0.0163034	0.00777627	0.0717853	0.0145699	0.0101366	0.0619274	0.00150441	0.0886178	0.016269	0.0260744	0.036895	0.0067423	0.00240695	0.00473343
49	0.0301119	0.0100799	0.011919	0.183186	0.0118265	0.0109012	0.0102405	0.0179559	0.0143716	0.419107	0.0741643	0.0110216	0.00384111	0.0896825	0.019684	0.0171168	0.0332862	0.021099	0.00263714	0.00776745
50	0.09105	0.0159775	0.0459316	0.0129529	0.00629968	0.495114	0.037183	0.00665392	0.0470917	0.011588	0.00978644	0.090917	0.00994596	0.0107411	0.0118523	0.0541568	0.0207294	0.0116483	0.00267422	0.0077061
51	0.201918	0.0181962	0.0125241	0.021482	0.0122984	0.235873	0.0114793	0.0192054	0.0169325	0.0971706	0.20522	0.0121953	0.00513116	0.0139328	0.0126296	0.0323873	0.0295348	0.0283065	0.00327183	0.0103114
52	0.00962375	0.0131652	0.0138337	0.0160529	0.0250028	0.0402573	0.486977	0.00287775	0.0265088	0.00390007	0.00453676	0.195088	0.00135516	0.0729026	0.0226569	0.0309487	0.0168094	0.00363042	0.000609707	0.0132632
53	0.295588	0.0463866	0.00110479	0.00213885	0.00482281	0.0271411	0.00117285	0.0471999	0.00115506	0.0184646	0.0260303	0.00146778	0.00657382	0.00107349	0.00102172	0.0836974	0.198688	0.231111	0.000313269	0.00484837
54	0.0369091	0.00490031	0.00565095	0.089503	0.0027282	0.00319055	0.00506023	0.0136799	0.0122159	0.0637719	0.016211	0.00802084	0.00112545	0.0242687	0.010315	0.1542	0.500345	0.0424965	0.000602591	0.00480441
55	0.00628966	0.0119786	0.00448125	0.0017789	0.366677	0.0012311	0.0228421	0.0015539	0.00134037	0.0372398	0.00646928	0.00137971	0.000371386	0.00638871	0.00335976	0.00253167	0.00249072	0.00610877	0.000358922	0.515128
56	0.00223484	0.000841956	0.00089966	0.00622373	0.0226587	0.00126984	0.000899729	0.03463	0.00132797	0.868507	0.0204312	0.00116508	0.000332499	0.00124847	0.000912672	0.00189997	0.0133915	0.00321717	0.00426063	0.0136476
57	0.0493133	0.00300754	0.400393	0.188811	0.00190568	0.072246	0.00249345	0.00399101	0.0560507	0.00518124	0.00270181	0.0466067	0.00432883	0.0194342	0.0329632	0.0520674	0.0526339	0.00339271	0.000610278	0.00186898
58	0.0817407	0.00184859	0.00233628	0.029938	0.00168674	0.0110442	0.00228159	0.0025968	0.161391	0.00301239	0.0196854	0.0110186	0.289294	0.0674466	0.0397622	0.168231	0.101852	0.00285739	0.000589604	0.00138784
59	0.110463	0.00505409	0.0360541	0.00757213	0.00315544	0.255581	0.0246781	0.00562831	0.0476573	0.0222793	0.00409303	0.117723	0.00146997	0.0137226	0.0210922	0.132343	0.144034	0.0397602	0.00333253	0.00430618
60	0.0833205	0.0490934	0.0854354	0.103905	0.00344091	0.0950384	0.00880552	0.047969	0.0260797	0.0118404	0.00472533	0.0703857	0.00178213	0.0507767	0.00742558	0.226107	0.104669	0.0131404	0.00231594	0.00374362
61	0.0356588	0.0558385	0.0167825	0.0284367	0.0083586	0.0147691	0.0115631	0.16575	0.013689	0.0697263	0.0154149	0.100602	0.00440889	0.0115772	0.0103823	0.157476	0.191609	0.0767532	0.00301296	0.00818979
62	0.0318061	0.00698076	0.00721499	0.0102598	0.0104094	0.0149162	0.553225	0.00539859	0.0125372	0.00653245	0.0211944	0.077797	0.00395012	0.179148	0.0109544	0.0181195	0.0148453	0.00619225	0.00128673	0.00723186
63	0.0124493	0.00982264	0.00122106	0.00506337	0.105023	0.00277695	0.00115091	0.0748731	0.00301934	0.41072	0.295914	0.00233769	0.000537477	0.00183362	0.00112131	0.00739199	0.00986911	0.0397106	0.0018295	0.0133349
64	0.0740872	0.0471302	0.0291729	0.0329821	0.0129325	0.0140228	0.124597	0.025315	0.132721	0.0137835	0.0103802	0.0381306	0.00300458	0.0204219	0.160045	0.103219	0.0734491	0.0679046	0.00169982	0.0150012
65	0.0768269	0.00738257	0.111966	0.354398	0.0110988	0.016616	0.0171343	0.0209797	0.072901	0.0313566	0.0167352	0.0310076	0.00511844	0.0720795	0.026006	0.0398925	0.0471933	0.0193681	0.00391336	0.0180265
66	0.0266595	0.00543416	0.00167223	0.0270837	0.00108211	0.00187442	0.0013932	0.00184912	0.00199947	0.00700222	0.00620077	0.013355	0.000654132	0.00310984	0.00403004	0.262033	0.61763	0.0125175	0.00043797	0.00398178
67	0.00774995	0.000428064	0.000497005	0.00515886	0.010993	0.000544058	0.000688123	0.55767	0.000776707	0.155309	0.0275069	0.00396588	0.00245217	0.000861805	0.00062496	0.00747217	0.0056387	0.208734	0.00016703	0.00276157
68	0.125596	0.00317409	0.0147966	0.423163	0.00376772	0.0327367	0.00499137	0.0475532	0.0837931	0.0102193	0.00480826	0.00698252	0.02184	0.0349255	0.0678113	0.0399511	0.0162689	0.0329815	0.00122843	0.0234115
69	0.00966712	0.00145653	0.744398	0.0516329	0.00150523	0.015739	0.0193701	0.00231561	0.010011	0.00322034	0.00225632	0.0792156	0.00713979	0.00737054	0.00306013	0.0175861	0.0195222	0.00291748	0.000214396	0.00140116
70	0.0331908	0.00538694	0.00254181	0.0296207	0.00225845	0.00255932	0.0026579	0.00358251	0.00422514	0.00869409	0.00528416	0.0125366	0.00185063	0.00351739	0.00598598	0.231208	0.622115	0.0158998	0.00131931	0.00556555
71	0.465383	0.0272229	0.00565444	0.0060125	0.00168659	0.159073	0.00374625	0.00841456	0.00637105	0.00610515	0.00603945	0.00647556	0.00491662	0.00510584	0.00672572	0.20239	0.0445469	0.0281932	0.00288579	0.00305081
72	0.0312599	0.00432978	0.0120519	0.0454328	0.00411263	0.00412135	0.00837162	0.0388723	0.402466	0.0311055	0.00789904	0.034019	0.0011501	0.0544998	0.255802	0.0139706	0.0370993	0.00570071	0.000984731	0.00675067
73	0.0445316	0.0141236	0.00203284	0.00437226	0.025416	0.00214682	0.00413944	0.322623	0.00654529	0.0908747	0.0488221	0.00304475	0.00354985	0.00313179	0.00453135	0.0078634	0.0159931	0.382907	0.00170534	0.0116457
74	0.0178253	0.0103987	0.00130332	0.00230874	0.108346	0.00377863	0.000983733	0.115531	0.00306137	0.399118	0.191494	0.0035611	0.000298092	0.00126454	0.00179696	0.00304924	0.00975156	0.0989944	0.00398302	0.0231527
75	0.0649031	0.0131788	0.0380592	0.00787545	0.00250726	0.565175	0.035648	0.0040031	0.0471086	0.00525529	0.00496226	0.0922754	0.0108586	0.00449933	0.00981156	0.0694592	0.0113123	0.00744883	0.00237038	0.00328842
76	0.0793636	0.00548329	0.00796593	0.010457	0.004906	0.0454902	0.0460512	0.00820707	0.011968	0.0136508	0.00665247	0.00844691	0.00262645	0.0374596	0.453412	0.154596	0.0782975	0.0110303	0.00768138	0.0062544
77	0.0115316	0.0103178	0.000951813	0.00180819	0.150667	0.00294965	0.000920094	0.104254	0.0011656	0.40266	0.200955	0.00234188	0.000411762	0.00111503	0.000889552	0.00454196	0.00716519	0.0637414	0.00420689	0.0274061
78	0.00731454	0.0181507	0.00865599	0.0024958	0.40515	0.00173166	0.0162662	0.00398699	0.0021855	0.0957338	0.00532128	0.0024415	0.000470846	0.00526795	0.0032792	0.00418321	0.00369727	0.024251	0.00276222	0.386654
79	0.00557309	0.00107075	0.738901	0.0521569	0.000763845	0.0133523	0.0333847	0.00111059	0.00986556	0.00165299	0.00181312	0.0957623	0.000373574	0.00828811	0.00328845	0.0153065	0.0153456	0.00115583	0.000207846	0.00062677
80	0.524387	0.0338532	0.00452037	0.00522788	0.00228108	0.246698	0.00134914	0.0138273	0.00463009	0.0053176	0.00576712	0.0014259	0.000526926	0.00438077	0.00417944	0.0995379	0.0172942	0.0234649	0.000357098	0.000973831
81	0.00817377	0.000635642	0.000522241	0.00511048	0.0114071	0.000562624	0.000712103	0.553104	0.000947137	0.155417	0.0288695	0.0039433	0.00241078	0.000877347	0.000672614	0.0073559	0.00577766	0.21043	0.000292854	0.00277885
82	0.0376692	0.00447193	0.00789104	0.25247	0.00506601	0.0614745	0.00651938	0.00745005	0.00683572	0.00890717	0.0313171	0.00576108	0.0017974	0.50773	0.00563499	0.0104201	0.0100168	0.0217826	0.00208296	0.0047014
83	0.0384597	0.0147021	0.020226	0.0189655	0.246189	0.0112906	0.0550453	0.00152058	0.00879749	0.0258349	0.00625234	0.0159542	0.000308221	0.00799436	0.00965795	0.0111226	0.00819136	0.00408845	0.00915141	0.486248
84	0.0638619	0.0167193	0.0233575	0.036416	0.0126209	0.021555	0.126245	0.0216769	0.0709119	0.0212498	0.0118694	0.0373612	0.00475844	0.033285	0.29205	0.0763013	0.065903	0.0439865	0.00361861	0.0162517
85	0.284044	0.0369327	0.00965362	0.00919205	0.00685366	0.121357	0.00626244	0.0301557	0.00977661	0.0192659	0.0202131	0.014693	0.00506243	0.00788927	0.00692138	0.0772625	0.142391	0.181966	0.00291774	0.00719055
86	0.0665193	0.0101976	0.0393316	0.0383799	0.131146	0.0215734	0.0959365	0.00127781	0.0184658	0.0139907	0.00647079	0.0314032	0.000354906	0.0103081	0.0108549	0.0168177	0.0136912	0.00127786	0.0187932	0.45321
87	0.112302	0.0152743	0.0883161	0.125767	0.00124677	0.0265897	0.0607784	0.00392662	0.163496	0.00283394	0.00185014	0.0624154	0.00423889	0.0478125	0.0548776	0.188579	0.0338421	0.00295064	0.000570882	0.00233118
88	0.0297062	0.00700855	0.00805053	0.0102937	0.00944052	0.0144635	0.545556	0.00685897	0.012995	0.00814656	0.0300746	0.0607462	0.00518154	0.18717	0.01157	0.0190292	0.0176825	0.00757553	0.00140564	0.0070458
89	0.127789	0.00660338	0.106907	0.180573	0.000979374	0.0124863	0.0513308	0.00347447	0.146682	0.00398131	0.00133755	0.0606574	0.00589371	0.074534	0.0521072	0.121068	0.0388948	0.00195376	0.000393025	0.00235311
90	0.0589094	0.00286802	0.133081	0.0171763	0.00244849	0.0162955	0.00261833	0.0939177	0.0409313	0.0938588	0.0185352	0.0160632	0.000957276	0.00329624	0.0161396	0.0457779	0.211557	0.2224	0.000930015	0.00223823
91	0.0562693	0.0179417	0.00126244	0.00199724	0.0176369	0.00167825	0.00266737	0.249337	0.002694	0.0494373	0.0577357	0.00109406	0.00130359	0.00178019	0.00228104	0.0056205	0.015861	0.508133	0.000738399	0.00453153
92	0.107037	0.00133875	0.150431	0.337152	0.00927162	0.00308614	0.0118956	0.0165552	0.103597	0.0199226	0.0121135	0.0241461	0.00046455	0.0991209	0.0100957	0.0214485	0.04676	0.0140573	0.000993081	0.0105136
93	0.094404	0.0403637	0.233648	0.167139	0.00195572	0.0282949	0.00295557	0.117662	0.027378	0.0277493	0.00276162	0.0188059	0.000993604	0.04237	0.00301176	0.053737	0.10393	0.029674	0.000953307	0.00221281
94	0.017539	0.0103035	0.0012149	0.00294126	0.117567	0.00345758	0.0021306	0.170052	0.00191355	0.430946	0.0924746	0.00244671	0.000519656	0.00140564	0.00149688	0.00308782	0.00662007	0.0948569	0.00769945	0.0313266
95	0.543858	0.03424	0.00428084	0.00469742	0.0018878	0.231091	0.00121325	0.00633847	0.00445404	0.00399053	0.00370476	0.00145208	0.0003738	0.00425307	0.00520323	0.108717	0.0174844	0.0211709	0.000601309	0.000987548
96	0.0828784	0.00719083	0.0442969	0.152556	0.0027318	0.00525889	0.0165084	0.00483603	0.349666	0.00948108	0.000805387	0.0634923	0.000344925	0.0841323	0.110234	0.0152022	0.0416706	0.00106859	0.000228791	0.00741617
97	0.0639944	0.0110789	0.0391342	0.0369467	0.132065	0.021018	0.0966084	0.00121645	0.017677	0.0130853	0.00671	0.0326584	0.00034287	0.00992666	0.0106388	0.0167775	0.0135852	0.0013262	0.019137	0.456073
98	0.36701	0.00115353	0.0044394	0.00198149	0.000911708	0.0306679	0.00107093	0.00148889	0.00162979	0.0018706	0.00594816	0.00142949	0.00604556	0.00125844	0.00132557	0.548205	0.0203141	0.00187169	0.00033467	0.00104275
99	0.130176	0.00966265	0.0654413	0.0885941	0.0015361	0.105057	0.0365274	0.00569077	0.134121	0.00874056	0.00273353	0.121716	0.00214498	0.0560103	0.0343521	0.109328	0.0717346	0.0112228	0.00145701	0.00375374
100	0.0513391	0.0160783	0.000997709	0.00227769	0.0179674	0.0015343	0.0026485	0.272821	0.00276281	0.05749	0.0523138	0.00131228	0.00199447	0.00150553	0.00253418	0.00558688	0.014783	0.488064	0.000886662	0.00510302
101	0.0501893	0.00353095	0.0604226	0.0131148	0.00283463	0.0190477	0.0148817	0.00819411	0.0491367	0.00582075	0.00638737	0.0158525	0.605626	0.01993	0.00812552	0.0684239	0.0273387	0.00829301	0.00128812	0.0115613
102	0.0316927	0.0106831	0.00175639	0.00432675	0.0321786	0.00180846	0.00368774	0.339854	0.00698616	0.145299	0.0628928	0.00276023	0.00269278	0.00206661	0.00604088	0.00652223	0.0131468	0.309501	0.00267832	0.013425
103	0.0693269	0.0246163	0.00378679	0.00407136	0.166648	0.00442868	0.0112011	0.127779	0.00335059	0.207525	0.0285838	0.00340182	0.000835431	0.00321986	0.00242017	0.00680706	0.0065856	0.152508	0.038534	0.13437
104	0.0468995	0.0145079	0.152311	0.0740926	0.0152485	0.0969208	0.073379	0.0192561	0.0553079	0.0194217	0.0117328	0.191945	0.00951024	0.0347036	0.0247842	0.0583568	0.0562685	0.0195368	0.00524294	0.0205739
105	0.217708	0.0247781	0.0196665	0.0285035	0.102417	0.190859	0.0256559	0.0258678	0.023527	0.0360535	0.0337703	0.0231761	0.00474372	0.0167686	0.0175897	0.0617927	0.0410511	0.0417952	0.00692069	0.0573556
106	0.0219674	0.00810622	0.00172821	0.00864334	0.051737	0.00524645	0.00181637	0.0735686	0.00791942	0.475649	0.246427	0.00264671	0.000719294	0.00284775	0.00314198	0.00542687	0.0144496	0.0557906	0.00197234	0.0101958
107	0.0271647	0.00457562	0.00142096	0.0299396	0.0011694	0.00135812	0.00145368	0.00190363	0.00232196	0.00817452	0.00527829	0.0115828	0.00166199	0.00304261	0.00486137	0.221036	0.653868	0.0142594	0.000284997	0.00464259
108	0.00336284	0.000400049	0.812972	0.0328656	0.000382873	0.0131874	0.0186877	0.000610501	0.00281424	0.000888093	0.000524719	0.0842392	0.000217968	0.0028865	0.000560433	0.0112136	0.0128937	0.000719296	0.000152534	0.000421195
109	0.107972	0.00105048	0.151384	0.320722	0.0118459	0.00266155	0.0123287	0.0154042	0.108246	0.0228896	0.0152784	0.0224876	0.000369944	0.099794	0.00964701	0.0207077	0.0487176	0.0153191	0.000932445	0.0122413
110	0.0760912	0.00797818	0.0642945	0.0627403	0.0939462	0.0141096	0.0463067	0.00540427	0.0121437	0.0124462	0.00692543	0.052242	0.0020411	0.00954572	0.00938986	0.0563742	0.0149804	0.00682754	0.104604	0.341608
111	0.0395294	0.0115647	0.0190498	0.0248068	0.0211237	0.0256665	0.46867	0.0127564	0.0271572	0.0182371	0.0172284	0.0670904	0.0105432	0.0847775	0.0255526	0.036026	0.0327929	0.01722	0.00432646	0.0358811
112	0.0443362	0.0036954	0.0620379	0.00962992	0.00406906	0.0142705	0.026701	0.00800593	0.0427552	0.00905956	0.00652669	0.0170228	0.620081	0.0192814	0.0073003	0.0601504	0.021825	0.00979781	0.00104521	0.0124084
113	0.0541168	0.011417	0.0147357	0.0392915	0.0059855	0.00890613	0.0117538	0.0176273	0.0192565	0.0304445	0.015343	0.014893	0.00688828	0.0147323	0.0128575	0.157492	0.518279	0.0366004	0.00153246	0.00784685
114	0.0505108	0.00939792	0.0442407	0.170778	0.013848	0.0293356	0.0494263	0.0164758	0.0566803	0.0276607	0.0237892	0.0242686	0.00919637	0.331389	0.0297515	0.0329762	0.0361078	0.0258955	0.00347479	0.0147969
115	0.0531171	0.0108446	0.00544449	0.0498786	0.00726225	0.0273546	0.00443846	0.140059	0.00759737	0.0826738	0.204306	0.00529181	0.0020975	0.00571438	0.0055654	0.0386776	0.0949241	0.248834	0.00132754	0.0045911
116	0.00585205	0.00168168	0.00108851	0.00416946	0.0264799	0.00134972	0.00117899	0.337204	0.00176648	0.459481	0.0355763	0.00255382	0.00114664	0.00132689	0.00114193	0.00442765	0.00638257	0.097054	0.00352926	0.00660966
117	0.457889	0.0740959	0.00581408	0.00711967	0.00301122	0.188874	0.0035372	0.0128004	0.00612849	0.00931457	0.0103328	0.00369955	0.00133767	0.00506959	0.00479428	0.0983618	0.0526728	0.05158	0.00101122	0.00255558
118	0.00559782	0.00107155	0.783283	0.0376031	0.000483638	0.0182951	0.018991	0.000908501	0.00584697	0.001471	0.000993056	0.0872955	0.000568924	0.00501304	0.00200047	0.0142024	0.0141788	0.00128727	0.000230535	0.000678761
119	0.0193105	0.0128339	0.00138613	0.00149931	0.138893	0.00456934	0.00110208	0.118367	0.00129484	0.411243	0.131287	0.00355286	0.000309037	0.00105833	0.000900186	0.00270949	0.00930384	0.0992932	0.00629662	0.0347901
120	0.0183877	0.0109902	0.00135371	0.00822914	0.055339	0.00372559	0.00114907	0.046147	0.0046546	0.426418	0.362186	0.00221756	0.000470863	0.00163958	0.00115894	0.0060084	0.0137536	0.0311645	0.00050806	0.0044983
121	0.045413	0.00874498	0.0125392	0.0410117	0.00764998	0.0109741	0.0101107	0.0186846	0.0170858	0.0254632	0.0121648	0.0194201	0.00630048	0.0139903	0.015003	0.162858	0.531844	0.0303663	0.0020953	0.0082804
122	0.0218856	0.00536122	0.00119088	0.0020873	0.0278733	0.00175691	0.00126316	0.239124	0.00145284	0.165951	0.31492	0.00167491	0.000458208	0.00149702	0.00118697	0.00343407	0.0071682	0.199545	0.000329319	0.00183961
123	0.0719949	0.00386811	0.00153554	0.0507724	0.0100442	0.0147228	0.033059	0.0604679	0.257437	0.11758	0.0920567	0.0146449	0.00181056	0.0704071	0.0790028	0.0486513	0.0361475	0.0195075	0.00033052	0.0159594
124	0.0703018	0.00837583	0.124089	0.332057	0.0127855	0.0197953	0.0198223	0.0197556	0.0607451	0.0297592	0.0169609	0.0321187	0.0072744	0.0860165	0.0277718	0.0394873	0.050217	0.0194636	0.00441367	0.0187893
125	0.00483581	0.0121847	0.00630495	0.01004	0.0222244	0.00217442	0.00525631	0.234291	0.0928556	0.199912	0.124326	0.0022555	0.000916523	0.0196933	0.0739116	0.0066398	0.0199323	0.156496	0.00118062	0.00456907
126	0.0478376	0.00161856	0.0152076	0.0199113	0.00113081	0.0019214	0.0243144	0.016521	0.253009	0.00801843	0.00177051	0.0933985	0.000631449	0.0140426	0.123585	0.188893	0.168452	0.011925	0.000387431	0.00742375
127	0.0176515	0.0126476	0.00123272	0.00134343	0.138609	0.00452778	0.00106698	0.125297	0.0011485	0.420153	0.12728	0.00310523	0.000304494	0.00103245	0.000832838	0.00265184	0.00800527	0.0922374	0.00634472	0.0345283
128	0.291236	0.0482132	0.00124347	0.00206413	0.0050022	0.0252385	0.00113762	0.0394959	0.0013033	0.0165832	0.024255	0.00146493	0.00438037	0.00151569	0.00143051	0.0565866	0.194665	0.278796	0.000364933	0.00502347
129	0.00628849	0.0119666	0.00441969	0.00177291	0.367045	0.00122318	0.0228584	0.00155686	0.00134086	0.0372731	0.00647174	0.00137708	0.000370346	0.00638547	0.00335684	0.00252179	0.0024781	0.0061048	0.000360803	0.514827
130	0.053759	0.026088	0.000987019	0.00171434	0.0241968	0.00170863	0.00221061	0.259304	0.00126558	0.0628279	0.0744689	0.000913165	0.000329751	0.0010735	0.000947937	0.00620789	0.021233	0.453683	0.000299161	0.00678201
131	0.108995	0.0168014	0.0629987	0.0158179	0.0080121	0.485883	0.0302341	0.0076586	0.0405847	0.0102647	0.00953254	0.0820401	0.00979116	0.0104392	0.0112506	0.0464374	0.0183811	0.0140116	0.00225957	0.00860706
132	0.00349023	0.000628481	0.800171	0.0335153	0.000488053	0.0204201	0.0194939	0.000654149	0.00355961	0.00118395	0.000614261	0.0854884	0.000382012	0.0032555	0.000777831	0.0115417	0.0128708	0.000759026	0.000161415	0.000544256
133	0.0828884	0.0410862	0.0210361	0.0064793	0.0208632	0.00521362	0.157208	0.0361679	0.0701777	0.00557098	0.00416525	0.0447305	0.00132103	0.00512243	0.193906	0.0645734	0.09335	0.122569	0.00129381	0.0222765
134	0.2514	0.00624517	0.0143315	0.00773034	0.00202995	0.0349001	0.00287185	0.00376864	0.00419632	0.00371451	0.00612076	0.00840134	0.00487182	0.00515303	0.00351169	0.586506	0.0458819	0.00461677	0.00168137	0.00206785
135	0.00259832	0.0013311	0.0010357	0.00901369	0.023086	0.00133325	0.00119087	0.0313087	0.00154316	0.855019	0.0256165	0.00143061	0.000326148	0.00176375	0.000998153	0.00226581	0.01736	0.00312044	0.00536001	0.0142992
136	0.0368837	0.00640136	0.00177971	0.00644526	0.0104672	0.0071598	0.00116849	0.0327384	0.00956364	0.447872	0.368803	0.00204541	0.000431	0.00139362	0.000967168	0.00303096	0.0158076	0.045787	0.000364741	0.000889889
137	0.00952834	0.00634053	0.00512088	0.0353129	0.036372	0.00351437	0.0176631	0.278345	0.0514515	0.153095	0.064984	0.00300885	0.00268126	0.0235873	0.0445811	0.0181695	0.0140499	0.212727	0.00241166	0.0170557
138	0.300147	0.0421472	0.00127897	0.00369471	0.00488468	0.0381368	0.00134083	0.0562866	0.00147905	0.0217893	0.0391969	0.00137971	0.00446293	0.00120195	0.00123805	0.068997	0.187588	0.21964	0.000308435	0.00480085
139	0.510348	0.0462706	0.00465728	0.0050513	0.00141196	0.233758	0.00121409	0.00658016	0.00458751	0.00434117	0.00436537	0.00162154	0.0004206	0.00440662	0.00377216	0.119355	0.0245245	0.0216558	0.000614397	0.00104345
140	0.278684	0.0382751	0.0046474	0.00630341	0.00428934	0.0185845	0.00557617	0.0261863	0.0041576	0.0137265	0.0120429	0.00641926	0.00462929	0.00390499	0.00374094	0.237522	0.177465	0.144502	0.00387351	0.00547034
141	0.0149048	0.00963272	0.0058739	0.0136241	0.0221723	0.00333654	0.00800304	0.203683	0.11398	0.198994	0.14378	0.00483165	0.000806119	0.0292386	0.0720204	0.0108781	0.0181709	0.119509	0.000599255	0.00596101
142	0.0203039	0.0114712	0.00141383	0.00239305	0.09194	0.00391502	0.000921772	0.102539	0.0025628	0.386183	0.232626	0.00486184	0.000282759	0.00110816	0.00106639	0.00294795	0.0120092	0.100495	0.00240696	0.0185523
143	0.0902511	0.0160603	0.0526211	0.0142536	0.00543994	0.507503	0.0332962	0.00666438	0.0440051	0.0106766	0.0107373	0.0856841	0.0111596	0.00890186	0.0110044	0.0492496	0.0203044	0.0142471	0.00324709	0.00469352
144	0.0114734	0.00190892	0.00140984	0.00197339	0.029828	0.0014911	0.00119812	0.217572	0.00183021	0.203288	0.375399	0.00210409	0.000497086	0.00186677	0.0014767	0.00274084	0.00398063	0.138505	0.000398569	0.00105874
145	0.00418761	0.00154901	0.147111	0.240566	0.0015809	0.0110762	0.103112	0.00264641	0.0675972	0.00678162	0.0111586	0.262545	0.00101826	0.0558973	0.0238594	0.0217439	0.0327775	0.00283054	0.000538765	0.00142205
146	0.0985844	0.0264593	0.00219918	0.00400404	0.148631	0.00266742	0.0126675	0.221091	0.00290837	0.0763839	0.00800095	0.0024132	0.00106748	0.00266658	0.00255756	0.00497354	0.00478909	0.24554	0.0124397	0.119955
147	0.0852575	0.0395618	0.0168886	0.00593038	0.0159681	0.00500694	0.159204	0.0354815	0.0730073	0.00521187	0.00402662	0.0253527	0.00144623	0.0046929	0.20335	0.0590277	0.106773	0.136468	0.000971995	0.0163733
148	0.00367456	0.00785691	0.0469245	0.00263897	0.00104636	0.638329	0.0467676	0.00169284	0.0630211	0.00237741	0.00167751	0.123347	0.0142335	0.00174869	0.00872646	0.0287345	0.00328644	0.00235349	0.00037723	0.00118559
149	0.519251	0.0406866	0.00461925	0.00495208	0.00126815	0.248252	0.000902234	0.00625349	0.00464338	0.00379779	0.00397879	0.000967167	0.000323634	0.00444077	0.00388179	0.11235	0.0187595	0.01973	0.000254891	0.000687719
150	0.0426869	0.00173844	0.015487	0.0225906	0.00115091	0.00192409	0.0269101	0.019257	0.241112	0.00905791	0.00167684	0.0920966	0.000591556	0.0144813	0.128312	0.194171	0.164015	0.013929	0.000334661	0.00847628
151	0.00770539	0.000399926	0.00048788	0.00517141	0.0109952	0.000541558	0.000684914	0.557923	0.000740686	0.155214	0.0274612	0.00397168	0.00245559	0.000858379	0.000594434	0.00742409	0.00560813	0.208846	0.000167015	0.00274931
152	0.0251242	0.00768423	0.00264452	0.114628	0.0020243	0.00305345	0.0134068	0.0399474	0.0144915	0.208455	0.0580519	0.00355299	0.00091908	0.00566744	0.0136122	0.112126	0.297217	0.0747498	0.000688196	0.00195573
153	0.0704565	0.0341707	0.00138158	0.00253348	0.111029	0.00178314	0.0112508	0.240684	0.00224824	0.0767265	0.0295506	0.00161937	0.000644402	0.00196649	0.00176409	0.00475507	0.00870504	0.323926	0.00694868	0.0678558
154	0.0231623	0.00332059	0.00140108	0.0460992	0.00112497	0.00148398	0.00176584	0.00222537	0.00168133	0.0113936	0.00408574	0.00755559	0.000668301	0.00483787	0.00769378	0.19752	0.65517	0.0231465	0.00035891	0.0053058
155	0.0526736	0.00131721	0.413502	0.248775	0.00109982	0.024472	0.00190401	0.0022645	0.0424542	0.00248091	0.00148828	0.0413502	0.00655609	0.0194375	0.0228101	0.0656586	0.0480265	0.00219465	0.000343166	0.00119151
156	0.00341399	0.000437403	0.805858	0.0333284	0.000434605	0.0131871	0.0186591	0.000698711	0.00317137	0.000933526	0.000629975	0.0881118	0.000224514	0.00290968	0.000586069	0.0134466	0.0126045	0.000772972	0.000148888	0.000442563
157	0.062419	0.00171935	0.0024537	0.0163989	0.00263937	0.00288272	0.00622114	0.279511	0.0351153	0.0674575	0.0170343	0.00277329	0.0768999	0.00320243	0.032885	0.00512886	0.0410208	0.338655	0.00377864	0.00180432
158	0.130191	0.00129405	0.109226	0.358183	0.00682291	0.00616507	0.0104095	0.0199489	0.107476	0.0201242	0.00801555	0.0191838	0.0014434	0.0820363	0.0165405	0.0303163	0.0499186	0.0139477	0.000480098	0.00827748
159	0.525581	0.0386516	0.00502922	0.00543756	0.00137293	0.244566	0.000998845	0.00620035	0.00502273	0.00371211	0.00397047	0.000955452	0.000309736	0.00492013	0.00396534	0.110278	0.0184743	0.0195283	0.000296508	0.000729605
160	0.053759	0.026088	0.000987019	0.00171434	0.0241968	0.00170863	0.00221061	0.259304	0.00126558	0.0628279	0.0744689	0.000913165	0.000329751	0.0010735	0.000947937	0.00620789	0.021233	0.453683	0.000299161	0.00678201
161	0.0642274	0.00584093	0.0284462	0.121439	0.00414599	0.000990476	0.0127134	0.00739265	0.402676	0.0137366	0.00111374	0.0377305	0.000278131	0.0915291	0.142249	0.012951	0.0396984	0.00203709	0.000275084	0.0105287
162	0.0298829	0.0152108	0.308204	0.0174547	0.00215498	0.428291	0.00273743	0.00336836	0.00350908	0.0040813	0.00260964	0.143829	0.00112244	0.0181012	0.00280438	0.00502698	0.00545336	0.00338831	0.000760694	0.00201013
163	0.3283	0.0451419	0.00107817	0.00204229	0.00498456	0.0243156	0.00102984	0.0423545	0.00130844	0.0196199	0.0308538	0.00130771	0.00438313	0.00118632	0.00107136	0.0739394	0.18797	0.224002	0.000307636	0.00480334
164	0.00336284	0.000400049	0.812972	0.0328656	0.000382873	0.0131874	0.0186877	0.000610501	0.00281424	0.000888093	0.000524719	0.0842392	0.000217968	0.0028865	0.000560433	0.0112136	0.0128937	0.000719296	0.000152534	0.000421195
165	0.10561	0.0260281	0.00247177	0.0039226	0.147469	0.00306088	0.0122074	0.216006	0.00287347	0.0762446	0.00666927	0.00249933	0.00106355	0.00271292	0.00247683	0.00498206	0.00481307	0.240794	0.0131903	0.124905
166	0.00770539	0.000399926	0.00048788	0.00517141	0.0109952	0.000541558	0.000684914	0.557923	0.000740686	0.155214	0.0274612	0.00397168	0.00245559	0.000858379	0.000594434	0.00742409	0.00560813	0.208846	0.000167015	0.00274931
167	0.0625945	0.0110763	0.0335489	0.0322147	0.129585	0.019113	0.0900314	0.00209588	0.0167013	0.0153118	0.00686269	0.0273372	0.000665489	0.00982775	0.0104516	0.0156337	0.0137784	0.00282416	0.0158409	0.484506
168	0.077211	0.00949286	0.0147698	0.0329172	0.00460988	0.0239291	0.0129836	0.01086	0.0282406	0.0119281	0.00627853	0.0464391	0.0108568	0.0131548	0.0174131	0.209123	0.443599	0.0184316	0.0015387	0.00622349
169	0.0192171	0.00498053	0.616218	0.0388276	0.0016718	0.126483	0.0172867	0.00356031	0.0123572	0.00436788	0.00346652	0.0886008	0.00174591	0.00750651	0.00743439	0.0220431	0.0176161	0.0041762	0.000947337	0.00149337
170	0.0402546	0.0125142	0.00074473	0.00288023	0.0159461	0.00117372	0.00186394	0.34067	0.00253818	0.0804179	0.0455822	0.00172496	0.00278038	0.00107853	0.00230916	0.00545133	0.0127339	0.424144	0.000693383	0.00449849
171	0.0802351	0.0180347	0.0319397	0.0387764	0.0534186	0.0351807	0.0331309	0.0549325	0.0246038	0.0865967	0.0272234	0.0301968	0.0106357	0.0226895	0.0311407	0.0686515	0.0478122	0.0662804	0.151425	0.0870959
172	0.11391	0.0379305	0.00344317	0.00537372	0.109526	0.00593563	0.0235466	0.124019	0.00497703	0.145055	0.00962496	0.00398526	0.00140807	0.00444359	0.0039828	0.00801559	0.00817761	0.214588	0.0407532	0.131305
173	0.0835639	0.01335	0.0166104	0.0223817	0.0103011	0.116742	0.0256065	0.0149392	0.022025	0.0209261	0.013171	0.0283234	0.00649459	0.0203772	0.129852	0.206646	0.113266	0.0256291	0.0943152	0.0154802
174	0.0347212	0.00828835	0.00187677	0.0061429	0.0449877	0.00677292	0.00151707	0.089057	0.00657743	0.378498	0.284548	0.00309299	0.000857704	0.00293729	0.00199953	0.00502766	0.0156756	0.0964249	0.00173157	0.00926534
175	0.0920793	0.0216797	0.0203027	0.0336964	0.0359334	0.155208	0.0205119	0.0450535	0.0241271	0.0538971	0.0303869	0.026278	0.00618257	0.0215541	0.0194864	0.0573314	0.0553069	0.151297	0.0109557	0.118733
176	0.00770539	0.000399926	0.00048788	0.00517141	0.0109952	0.000541558	0.000684914	0.557923	0.000740686	0.155214	0.0274612	0.00397168	0.00245559	0.000858379	0.000594434	0.00742409	0.00560813	0.208846	0.000167015	0.00274931
177	0.155224	0.00771643	0.0788734	0.157818	0.000770998	0.0213684	0.0292757	0.00498462	0.207969	0.00142309	0.00098964	0.124467	0.00160465	0.0609254	0.04844	0.0594948	0.0324214	0.0011841	0.000290207	0.00475866
178	0.0865054	0.0113062	0.0460391	0.115773	0.0222897	0.00411024	0.0117916	0.0273368	0.0817949	0.168475	0.0397405	0.0115786	0.000694678	0.106488	0.059358	0.0242095	0.105269	0.0742074	0.000642535	0.00238996
179	0.0111154	0.00957222	0.00102869	0.00299195	0.135847	0.00279042	0.00110377	0.0935612	0.00147269	0.442718	0.194285	0.00244038	0.000385164	0.00146938	0.001042	0.00496277	0.00823272	0.0548769	0.00401762	0.0260864
180	0.0477072	0.00252228	0.00209088	0.033293	0.0123953	0.0231734	0.0189607	0.0169327	0.304085	0.0908372	0.0810702	0.0149028	0.0096956	0.0376437	0.0721561	0.0879789	0.118038	0.0072494	0.000529581	0.0187383
181	0.0402324	0.00217952	0.0720938	0.00395901	0.00165917	0.0142291	0.013752	0.00334438	0.0372673	0.00415686	0.00274702	0.0147104	0.697626	0.0136152	0.00268606	0.0519858	0.00616404	0.00339012	0.000719934	0.0134817
182	0.036519	0.00641298	0.00172381	0.00640185	0.0113095	0.00686232	0.00117065	0.0337322	0.00906355	0.446472	0.367603	0.00208809	0.000416694	0.00127557	0.000979563	0.00293944	0.0160305	0.0476056	0.000391073	0.00100183
183	0.0114734	0.00190892	0.00140984	0.00197339	0.029828	0.0014911	0.00119812	0.217572	0.00183021	0.203288	0.375399	0.00210409	0.000497086	0.00186677	0.0014767	0.00274084	0.00398063	0.138505	0.000398569	0.00105874
184	0.155188	0.00773369	0.0789521	0.157751	0.000778542	0.0213545	0.0292262	0.00501034	0.20777	0.00142748	0.000986538	0.124264	0.00160778	0.0610713	0.0484776	0.0596843	0.032445	0.00118271	0.000290207	0.00479828
185	0.107181	0.00569637	0.00123938	0.0373815	0.00573376	0.00980429	0.0297998	0.0534281	0.257629	0.115867	0.116732	0.026006	0.00123852	0.0573713	0.0724525	0.0459034	0.0185906	0.0179961	0.000289961	0.0196586
186	0.300334	0.0459957	0.00119001	0.00221562	0.00466639	0.0269647	0.00117833	0.0463348	0.00138321	0.0181674	0.0250592	0.00145092	0.00564164	0.00113861	0.00107724	0.098779	0.201899	0.211692	0.000359255	0.00447193
187	0.296356	0.0453975	0.00102711	0.00177499	0.0055944	0.0249647	0.000900623	0.0443118	0.00122072	0.0191585	0.0287174	0.0012201	0.00470058	0.000982993	0.00108804	0.0662805	0.199986	0.250426	0.000304069	0.00558856
188	0.00599484	0.0113056	0.00686083	0.0102658	0.0210582	0.00241397	0.00559882	0.222858	0.0979419	0.210024	0.118995	0.00293883	0.000992327	0.0196874	0.0850946	0.00729435	0.018413	0.146422	0.0010735	0.00476654
189	0.0601588	0.0233465	0.0015081	0.00342232	0.0750308	0.0020573	0.00604763	0.244708	0.00364943	0.059777	0.0472136	0.00183741	0.0011964	0.00235903	0.00336853	0.00596428	0.0148275	0.407683	0.00312604	0.0327185
190	0.0234176	0.0126481	0.00165652	0.0224271	0.0223939	0.00467047	0.00177238	0.0273193	0.0061069	0.464972	0.354489	0.00246598	0.000614471	0.00485114	0.00147431	0.00492224	0.0137933	0.0270742	0.000667125	0.00226399
