216	20
1	0.0434991	0.00511001	0.000173896	0.00227038	0.11966	0.0126962	0.000152868	0.201211	0.000482709	0.327001	0.0584993	0.000707716	0.00031594	0.00163655	0.000289642	0.0294654	0.0263809	0.126722	0.0160058	0.0277194
2	0.00904867	0.00243643	0.0263756	0.0218367	0.0582896	0.0181328	0.000978888	0.174931	0.0159011	0.164391	0.017009	0.00340267	0.0816671	0.059555	0.00242232	0.100743	0.0740516	0.115352	0.0288609	0.024614
3	0.133528	0.00295629	0.0400188	0.0200554	0.0046667	0.10934	0.00589792	0.0514174	0.00574312	0.0107326	0.00807834	0.0654271	0.0272037	0.00999768	0.00501575	0.256284	0.178048	0.0455973	0.00107348	0.0189189
4	0.287278	0.00249575	0.00628913	0.0035871	0.00428698	0.0660983	0.000877987	0.0802924	0.00142754	0.00662845	0.00512444	0.00995145	0.0169516	0.00196612	0.0016539	0.252375	0.191178	0.0550092	0.0010868	0.00544127
5	0.0497063	0.00866327	7.01678e-05	7.7822e-05	0.0609888	0.00789295	5.84932e-05	0.30366	8.45311e-05	0.23453	0.0246517	0.000152319	0.00309478	0.000121768	0.000101409	0.0126743	0.0204023	0.269833	0.000116288	0.0031189
6	0.113091	0.00349598	0.0731264	0.0416642	0.00383845	0.0872707	0.0337384	0.0329545	0.0285231	0.0303984	0.02753	0.143934	0.0656794	0.0553834	0.0247886	0.117168	0.0667733	0.0394593	0.001132	0.0100505
7	0.0414103	0.00329104	0.0258926	0.0917953	0.00960471	0.0107842	0.00142976	0.0935393	0.00643187	0.274603	0.00902103	0.00504774	0.00674504	0.162837	0.00435018	0.0819494	0.120075	0.0416906	0.00395923	0.00554211
8	0.0240879	0.0026811	0.000207322	0.000169747	0.00066659	0.932388	0.000134654	0.00338452	0.000248172	0.00130314	0.00084325	0.000419597	0.00021704	0.00210036	0.000275635	0.0233364	0.00335744	0.00343704	0.000161241	0.000580766
9	0.00667941	0.00998673	0.000129873	0.000121754	0.0521913	0.00268121	0.000119576	0.129457	0.000206609	0.674953	0.0583762	0.00112827	0.000169744	0.000254481	0.000241095	0.00160174	0.00244504	0.0522176	0.00093621	0.00610327
10	0.0149369	0.00444235	0.000208375	0.000159519	0.0116849	0.00468275	0.000174303	0.560318	0.000358568	0.176132	0.0369052	0.00130423	0.000553564	0.000617921	0.00153752	0.00869128	0.013973	0.159103	0.000755334	0.00346205
11	0.0098995	0.00117953	0.00065478	0.000660641	0.37215	0.00220378	0.00356289	0.00350692	0.00102402	0.0706972	0.0309873	0.00241947	0.000832834	0.00113228	0.00103605	0.00334135	0.00339431	0.00554736	0.0162817	0.469488
12	0.417826	0.0122081	0.000249876	0.000219211	0.00197958	0.345466	0.000178863	0.0073022	0.000335025	0.00941166	0.00486367	0.000591501	0.000277246	0.000480853	0.000367965	0.178936	0.0104894	0.00533635	0.000172939	0.00330783
13	0.0506818	0.0083757	7.90961e-05	0.000101962	0.0595205	0.00789093	0.000299506	0.295499	8.59138e-05	0.243947	0.0253003	0.000176469	0.00387183	0.000295981	0.000120399	0.0125775	0.0215064	0.265941	0.000409252	0.00331932
14	0.0724216	0.00258396	0.000432289	0.000565527	0.0139522	0.00393848	0.00585529	0.105662	0.000845832	0.436261	0.0577766	0.00185706	0.0182582	0.00632715	0.00083112	0.0172374	0.0508549	0.177358	0.0109511	0.0160299
15	0.647454	0.0355953	0.000250179	0.000212899	0.00780194	0.0631694	0.000169925	0.0236724	0.000386473	0.00379706	0.00441212	0.00167891	0.00045188	0.000484215	0.000334434	0.0907382	0.0305041	0.087952	0.000241371	0.000692857
16	0.00344947	0.00338535	0.000107015	0.000113442	0.0458374	0.00206572	8.4967e-05	0.161185	0.000160054	0.642081	0.0657711	0.00103714	0.000153552	0.000226905	0.000144217	0.00155805	0.00307003	0.0627768	0.00107497	0.00571816
17	0.467485	0.0130729	0.000263238	0.000192443	0.00260942	0.3237	0.000202581	0.00945983	0.000376521	0.00909077	0.00573046	0.000699975	0.000274626	0.000526196	0.000373471	0.14017	0.0105786	0.0119726	0.00017969	0.00304101
18	0.043623	0.00776487	0.000114159	0.000165074	0.0538252	0.00727763	7.19183e-05	0.330817	0.000260803	0.229151	0.0280102	0.000523039	0.00267898	0.000604098	0.000724874	0.0121685	0.020312	0.256479	0.000502208	0.00492728
19	0.0104607	0.00120374	0.000611473	0.000577062	0.415786	0.00205008	0.000432169	0.00322803	0.000972321	0.082938	0.0333207	0.00118282	0.000748361	0.00112506	0.000923276	0.00313348	0.00320993	0.0063667	0.00917159	0.422559
20	0.00821902	0.00250017	0.000270725	0.000211266	0.0112026	0.00511815	0.000198246	0.537753	0.00046419	0.267502	0.0439794	0.00125256	0.000349279	0.000500076	0.0013893	0.00851615	0.00911603	0.0977928	0.00074092	0.00292478
21	0.0584432	0.0103245	0.000615413	0.00063848	0.00260833	0.0053425	0.000588277	0.00484783	0.00163745	0.00534349	0.00347019	0.0015701	0.00924929	0.00139179	0.00187328	0.580724	0.302388	0.00566289	0.000548471	0.00273198
22	0.0103712	0.00119748	0.00060402	0.000593096	0.396786	0.00209436	0.0012028	0.00337282	0.00105299	0.0738629	0.0326145	0.00151209	0.000747671	0.00114236	0.00100066	0.00318394	0.00341883	0.00583575	0.0116326	0.447774
23	0.0565912	0.00114583	0.000532283	0.00326198	0.00232543	0.0327376	0.000530747	0.00715073	0.356874	0.00705442	0.0177408	0.00310983	0.000863908	0.0630673	0.310054	0.0811	0.0374007	0.0161234	0.000488854	0.00184631
24	0.00762231	0.00307005	0.000168193	0.000165878	0.00923105	0.000706535	0.000102331	0.632821	0.000272248	0.0481188	0.0151314	0.000355704	0.000209593	0.000312313	0.000294294	0.00144967	0.00714279	0.272202	0.000148701	0.000475742
25	0.0159001	0.00554058	0.000107523	0.000507542	0.0646769	0.00489573	0.000131381	0.161142	0.000353018	0.560305	0.0625984	0.00122719	0.00040628	0.000575134	0.000284436	0.00877196	0.00907973	0.0867386	0.00388792	0.0128704
26	0.0203685	0.0023085	0.607814	0.00978466	0.00388232	0.0163092	0.000645895	0.00607287	0.0508988	0.00616845	0.00384657	0.217755	0.00119837	0.00240802	0.0140728	0.00758673	0.00623272	0.0189163	0.00115058	0.00257972
27	0.0213951	0.00373454	0.00150106	0.00219363	0.277264	0.00839993	0.00153573	0.281472	0.00232548	0.151916	0.0392282	0.00352114	0.00202426	0.00336923	0.00267174	0.0160956	0.0164993	0.0914341	0.00927962	0.0641386
28	0.279045	0.0257933	0.0015806	0.00156924	0.00655067	0.00692698	0.00141095	0.0132684	0.0022619	0.0146325	0.00569829	0.0036489	0.473078	0.00375154	0.0021037	0.0330646	0.0727367	0.0263819	0.00359732	0.0228997
29	0.0220083	0.00286724	0.612648	0.0152445	0.00453273	0.0166035	0.00132165	0.00759153	0.0461189	0.00770863	0.00435149	0.196191	0.001912	0.00363799	0.0143853	0.00965741	0.00783628	0.0208508	0.00127233	0.00326004
30	0.0148403	0.00193003	0.00106434	0.00100723	0.00678103	0.0172869	0.000851067	0.0277655	0.00196662	0.234338	0.535255	0.0309714	0.00151088	0.0386895	0.00189616	0.0198184	0.0287937	0.0313706	0.000990777	0.00287266
31	0.026977	0.00459257	0.000845269	0.000630745	0.00292184	0.0117305	0.000730396	0.00784093	0.00377442	0.00779415	0.00533614	0.00193347	0.00417749	0.00154026	0.00344704	0.356597	0.546946	0.00672804	0.000654516	0.00480233
32	0.204508	0.0459073	0.00397181	0.000296419	0.00124278	0.0133008	0.000257512	0.140136	0.000453488	0.0450108	0.0162648	0.00448654	0.0127816	0.000646528	0.000526326	0.0343717	0.071951	0.402717	0.000334472	0.000835413
33	0.00711158	0.0019352	0.142056	0.399859	0.00375964	0.0265271	0.0113448	0.00590069	0.0798069	0.00629226	0.00402689	0.0741481	0.00186229	0.09148	0.0982075	0.0175446	0.0162913	0.00767106	0.00106523	0.0031099
34	0.0232907	0.00297921	0.00107566	0.00180292	0.00204977	0.82564	0.00102879	0.00545599	0.00785867	0.00437904	0.00210061	0.0247013	0.000917789	0.0127763	0.00501955	0.0626453	0.00872114	0.00515908	0.000292327	0.00210556
35	0.0590469	0.0104719	0.000591671	0.000610169	0.00263671	0.00536201	0.000586282	0.00489498	0.00158246	0.00531395	0.00349458	0.00170427	0.00919568	0.00134553	0.00180219	0.582682	0.299651	0.00574202	0.000557176	0.00272881
36	0.00618867	0.00124479	0.00069552	0.000629259	0.49877	0.00244081	0.000455707	0.0047366	0.00100964	0.233713	0.0406785	0.00165351	0.000871408	0.00132458	0.00112839	0.0037062	0.00399117	0.0199945	0.00185421	0.174914
37	0.138559	0.0288711	0.00135422	0.00472293	0.00633004	0.0105495	0.00160399	0.0207585	0.0061538	0.0356321	0.00878819	0.0107805	0.267054	0.00678787	0.00224604	0.0444344	0.251053	0.138631	0.00277275	0.0129165
38	0.0167328	0.00153335	0.0010317	0.000735736	0.0987759	0.00261076	0.000625014	0.0176443	0.00114559	0.640051	0.0939518	0.00234947	0.000956537	0.00147178	0.00102858	0.017265	0.0593861	0.0392552	0.000627864	0.00282136
39	0.0242327	0.00270725	0.000199867	0.000163503	0.000695224	0.93266	0.00013059	0.00334437	0.000262031	0.00125962	0.000838145	0.000404342	0.000217398	0.00212067	0.000264358	0.0230404	0.00338385	0.00341242	0.000163265	0.000499528
40	0.487993	0.0189513	0.000442933	0.000456612	0.00509116	0.291042	0.000360623	0.0136583	0.000575913	0.0134344	0.0105615	0.00104086	0.000478797	0.000835286	0.000686047	0.104618	0.0188785	0.0274502	0.000360857	0.00308372
41	0.581052	0.0778166	0.000614698	0.000382494	0.0227442	0.0435239	0.000351651	0.0128848	0.000544949	0.00605722	0.00645669	0.00197725	0.000509332	0.00106666	0.00107408	0.142591	0.0370733	0.0600344	0.000418712	0.00282613
42	0.0357785	0.00374867	0.000700609	0.000619769	0.00511307	0.00210018	0.000475028	0.250219	0.000769223	0.0650824	0.00365923	0.00122624	0.000779032	0.00121971	0.000774913	0.0118116	0.0530515	0.560771	0.000450209	0.00164916
43	0.302594	0.156453	0.00323912	0.000792451	0.051731	0.0243174	0.000584821	0.00633802	0.00104518	0.0203371	0.0206021	0.00397174	0.00093629	0.00669454	0.00359528	0.246189	0.0970237	0.0393182	0.00144895	0.0127875
44	0.61908	0.0345263	0.00035282	0.000236518	0.00830278	0.0777402	0.000176931	0.0287946	0.000370016	0.00486388	0.00511092	0.0014964	0.000822096	0.000553228	0.000453584	0.0860911	0.035159	0.0946723	0.000292297	0.000904982
45	0.0132446	0.000704796	0.0825737	0.00949585	0.00640937	0.0232053	0.0539179	0.00250688	0.0212596	0.00261617	0.0062072	0.542884	0.0338749	0.0143804	0.012607	0.148292	0.00825688	0.00689592	0.00530722	0.00536086
46	0.0983407	0.00491781	0.00210614	0.00177	0.0257603	0.0236341	0.00136455	0.0684905	0.00256634	0.0313564	0.0064306	0.00400342	0.535812	0.00365384	0.00210764	0.0293553	0.0385189	0.0736179	0.0405617	0.00563206
47	0.031602	0.00137856	0.00075416	0.000809811	0.163992	0.0289872	0.000785979	0.194139	0.00105407	0.106837	0.00308162	0.00170961	0.0121288	0.00161987	0.0013409	0.00433985	0.012729	0.145552	0.18923	0.0979281
48	0.0754947	0.0012417	0.000466947	0.000601332	0.0097578	0.00224359	0.00715294	0.0943926	0.000750117	0.443145	0.0527	0.00163798	0.0193584	0.00749103	0.000953174	0.0171824	0.0585056	0.179114	0.0134606	0.0143503
49	0.531407	0.0188225	0.000252552	0.000216959	0.00248165	0.148826	0.000247491	0.00520106	0.000289735	0.00227349	0.00116362	0.000802267	0.000235281	0.000502768	0.000374711	0.261155	0.0217364	0.00307384	0.00021096	0.00072583
50	0.0555266	0.0292225	0.000639782	0.00048206	0.0212333	0.0126516	0.000518004	0.166046	0.00340697	0.26744	0.0637342	0.00796942	0.00788782	0.00113011	0.00135209	0.114613	0.0912888	0.136037	0.000541317	0.0182802
51	0.131662	0.0083221	0.000257603	0.000378561	0.100049	0.051171	0.000270265	0.153081	0.000320797	0.388758	0.0137792	0.000571141	0.00733009	0.00167132	0.00036246	0.0126701	0.0244484	0.0985985	0.000206463	0.00609193
52	0.140508	0.0223282	9.93711e-05	0.000110884	0.0668571	0.0498414	6.5104e-05	0.1645	0.000123772	0.341854	0.0189026	0.000213743	0.00221036	0.000220614	0.000144654	0.0110161	0.0128728	0.164706	8.19683e-05	0.00334311
53	0.524183	0.0145783	0.000218198	0.000183122	0.00243268	0.261234	0.000143693	0.00621927	0.000269163	0.00595135	0.00323218	0.000473862	0.000213413	0.00044542	0.000321	0.163691	0.010024	0.00414651	0.000176966	0.00186362
54	0.116174	0.0284816	0.000590711	0.000519105	0.271274	0.00869268	0.000595223	0.137124	0.00101708	0.100552	0.0970024	0.00152549	0.000636154	0.00109753	0.000793066	0.0276491	0.0978879	0.106285	0.000519999	0.00158222
55	0.140508	0.0223282	9.93711e-05	0.000110884	0.0668571	0.0498414	6.5104e-05	0.1645	0.000123772	0.341854	0.0189026	0.000213743	0.00221036	0.000220614	0.000144654	0.0110161	0.0128728	0.164706	8.19683e-05	0.00334311
56	0.64016	0.0360549	0.000304842	0.00028559	0.0108439	0.0964298	0.000273029	0.0232938	0.000426669	0.00675484	0.0068783	0.00137043	0.000349258	0.000640639	0.000413919	0.073074	0.0263331	0.0749268	0.000242079	0.000944545
57	0.049346	0.00315723	0.000215976	0.000167227	0.000774498	0.896597	0.000143319	0.00373581	0.000264994	0.00188839	0.00126635	0.00041229	0.000221256	0.00198742	0.000268913	0.0314402	0.00370059	0.00357202	0.000172089	0.000668086
58	0.270511	0.0644126	0.000402878	0.000298646	0.057572	0.0754234	0.000356346	0.0612822	0.000678154	0.119632	0.112556	0.00288105	0.000515989	0.000759517	0.000570323	0.0702304	0.0345359	0.104899	0.00931385	0.0131688
59	0.140508	0.0223282	9.93711e-05	0.000110884	0.0668571	0.0498414	6.5104e-05	0.1645	0.000123772	0.341854	0.0189026	0.000213743	0.00221036	0.000220614	0.000144654	0.0110161	0.0128728	0.164706	8.19683e-05	0.00334311
60	0.682507	0.029358	0.000474622	0.000202923	0.0065796	0.0547244	0.000198637	0.0132784	0.000312094	0.0026891	0.00375446	0.00302584	0.000240335	0.000882164	0.000441564	0.130572	0.0290839	0.040714	0.000288553	0.000672731
61	0.0201084	0.00262873	0.000199571	0.000162038	0.00098127	0.937849	0.000131767	0.00331489	0.000253626	0.00123086	0.000788265	0.000440569	0.000221884	0.00213532	0.000342884	0.0217797	0.00335083	0.00345097	0.000161113	0.00046796
62	0.246832	0.0605339	0.000348054	0.000340555	0.0538611	0.0645917	0.000274044	0.0725997	0.00064621	0.153807	0.100862	0.00326957	0.00056955	0.000720863	0.000628292	0.0652345	0.0357086	0.104144	0.0153467	0.0196808
63	0.0464281	0.0133805	0.000147684	0.000195808	0.046376	0.00544419	0.000105993	0.308901	0.000198408	0.189988	0.0226328	0.000334973	0.00208998	0.000265643	0.000252975	0.00976607	0.0239305	0.327146	0.000108669	0.00230663
64	0.181437	0.0151168	0.00502258	0.00293007	0.0107834	0.0283114	0.00204179	0.042336	0.00317815	0.0282987	0.0221453	0.0104886	0.0142843	0.00509692	0.00377957	0.164136	0.330976	0.118785	0.00188854	0.00896323
65	0.427237	0.010033	0.000277369	0.000214887	0.00170037	0.372916	0.000153027	0.00839383	0.000344668	0.0104594	0.00607903	0.00057513	0.000293589	0.000528131	0.000379985	0.142246	0.00783159	0.00617053	0.000171869	0.00399404
66	0.0433335	0.00503167	0.000190158	0.00250058	0.124243	0.0124595	0.000159155	0.199971	0.00046903	0.324733	0.0579175	0.000617671	0.000324208	0.00166672	0.000323867	0.0289905	0.0269518	0.126269	0.016605	0.0272443
67	0.00409888	0.00420892	0.000106501	0.000119572	0.0479284	0.00218449	8.33544e-05	0.15725	0.000150098	0.647305	0.0630706	0.00101269	0.000139787	0.000229741	0.000143618	0.00171615	0.00298545	0.0603767	0.00111667	0.00577307
68	0.0378538	0.0282133	0.0268683	0.00224454	0.0576671	0.00829086	0.176551	0.0587068	0.00364432	0.0132382	0.0334369	0.156605	0.00240378	0.0590227	0.00310476	0.0385001	0.161204	0.0129317	0.00245373	0.117059
69	0.108179	0.00516052	0.00582531	0.0659213	0.00911138	0.0182391	0.0024758	0.0787218	0.0659151	0.143365	0.0126118	0.0731191	0.00707916	0.0141659	0.0151449	0.0243327	0.232468	0.10762	0.00364647	0.00689832
70	0.0258123	0.000881652	0.00419225	0.0119445	0.017501	0.059318	0.029945	0.0170526	0.455341	0.0183094	0.00910113	0.0347919	0.000624637	0.0272241	0.223097	0.00779361	0.0102062	0.0196299	0.000518716	0.0267148
71	0.0902356	0.116702	0.00196461	0.0014366	0.338322	0.0534076	0.00166525	0.0494679	0.02135	0.154604	0.0833758	0.0237066	0.00196613	0.0033899	0.00246016	0.00848034	0.0105381	0.031453	0.00163978	0.00383459
72	0.0114562	0.00112157	0.00779225	0.0214532	0.00551605	0.082045	0.0311024	0.00747135	0.594414	0.00714349	0.00212614	0.0295801	0.000699226	0.0159505	0.146629	0.00522525	0.00697409	0.0102144	0.000557031	0.012528
73	0.00745901	0.00286213	0.000169292	0.000172098	0.00894926	0.000708474	0.000106393	0.63542	0.000272559	0.046795	0.0149472	0.000353988	0.000202165	0.00031847	0.000293311	0.00138083	0.00687167	0.272085	0.000147989	0.000484956
74	0.111385	0.00357047	0.075717	0.0398521	0.0038088	0.086884	0.0359916	0.0296353	0.0266443	0.0273525	0.0256132	0.155155	0.0720944	0.0554187	0.020606	0.119101	0.0631485	0.0384774	0.000489987	0.00905542
75	0.111103	0.00356944	0.0761724	0.0394876	0.0036167	0.0888476	0.0358166	0.0297352	0.0263883	0.0267007	0.0252822	0.154123	0.0732546	0.0544929	0.0201513	0.11994	0.0633261	0.0386309	0.00048238	0.00887881
76	0.00576363	0.0028443	0.000252903	0.000194715	0.0267948	0.00350667	0.00013879	0.353145	0.000262809	0.46103	0.0498916	0.00107297	0.000277242	0.000361966	0.000708284	0.0051926	0.00566665	0.0786425	0.000812305	0.00344063
77	0.00779189	0.00552944	0.000145826	0.000209138	0.0562589	0.00277974	0.000615874	0.14033	0.000816594	0.638144	0.0660062	0.00120991	0.000191554	0.00073645	0.000648337	0.00385362	0.00713492	0.0587376	0.0013402	0.00751969
78	0.601746	0.0216221	0.00034999	0.000247621	0.00326642	0.0570158	0.000266077	0.00707156	0.000405603	0.00176271	0.00197309	0.00168906	0.000291123	0.00057788	0.000447956	0.256546	0.0288095	0.0149918	0.000278472	0.000641021
79	0.139751	0.00716548	0.000808493	0.00131951	0.00292401	0.664784	0.000578593	0.006863	0.00606168	0.00708857	0.00345538	0.0127427	0.00409502	0.00575943	0.00326526	0.112634	0.0122145	0.0061161	0.000542058	0.00183152
80	0.0129548	0.0037702	0.000460145	0.000857049	0.0104571	0.00432361	0.000372673	0.620812	0.00119511	0.0901561	0.0230381	0.00154521	0.00114679	0.0012971	0.0012241	0.00610642	0.0105922	0.206837	0.000827389	0.0020266
81	0.00437631	0.00295411	0.000156495	0.000122544	0.0343846	0.00281778	0.000110841	0.267351	0.00025983	0.539694	0.0554234	0.000863465	0.000213087	0.000488496	0.000508225	0.00339212	0.00433295	0.0777325	0.000863601	0.00395417
82	0.0496898	0.00222264	0.00128955	0.00108808	0.00418658	0.00443681	0.000879163	0.0613293	0.00163559	0.0187027	0.156164	0.0025402	0.00121677	0.00238167	0.00170556	0.0272408	0.359811	0.299424	0.00107642	0.00297876
83	0.0157069	0.00171093	0.000917409	0.000834808	0.00344221	0.0191616	0.000731336	0.0226159	0.00125994	0.188762	0.556449	0.0408874	0.000995129	0.0513572	0.00124267	0.0231904	0.0339794	0.0339683	0.000712322	0.00207483
84	0.0357085	0.0036138	0.00183328	0.00311804	0.027253	0.0284096	0.00129906	0.124827	0.00450987	0.0970479	0.00718545	0.0285993	0.00228909	0.00325394	0.00322813	0.122841	0.437514	0.0607419	0.001278	0.00544973
85	0.405346	0.00926999	0.000376468	0.000586187	0.00231324	0.374959	0.000309165	0.0173012	0.000433506	0.0135697	0.0129946	0.00113206	0.000507655	0.000926903	0.000495758	0.14061	0.00805863	0.00678884	0.000279209	0.0037423
86	0.0631128	0.0679302	0.00165853	0.00102043	0.0475965	0.0103335	0.00132921	0.0986434	0.00225423	0.615074	0.0220615	0.00357739	0.00200377	0.00279443	0.00197017	0.00914788	0.00895336	0.0336714	0.00133812	0.00552973
87	0.0355253	0.00918633	0.00341317	0.00244037	0.0964403	0.0133947	0.0793286	0.0300801	0.0029641	0.131381	0.0246209	0.0357902	0.0027623	0.00940082	0.00952846	0.0152565	0.0164682	0.0365129	0.140958	0.304547
88	0.0398817	0.0065836	0.000968631	0.000820135	0.00344286	0.00940255	0.000758462	0.00815883	0.00344217	0.00834295	0.00545607	0.00191538	0.00594723	0.0014972	0.00342943	0.445645	0.44205	0.00695513	0.000649118	0.00465307
89	0.00745901	0.00286213	0.000169292	0.000172098	0.00894926	0.000708474	0.000106393	0.63542	0.000272559	0.046795	0.0149472	0.000353988	0.000202165	0.00031847	0.000293311	0.00138083	0.00687167	0.272085	0.000147989	0.000484956
90	0.0374871	0.00836502	0.00759723	0.00547234	0.0204862	0.0233362	0.00499602	0.199756	0.00846904	0.0427878	0.0857439	0.263864	0.00829588	0.0181836	0.00786992	0.158493	0.0405146	0.0397664	0.00404524	0.014471
91	0.00342093	0.00328736	0.000144005	0.000134395	0.0408267	0.0023761	8.9973e-05	0.188537	0.000172032	0.631938	0.0588481	0.000839378	0.000184273	0.000227731	0.000232382	0.00277382	0.00295524	0.0577371	0.00087981	0.00439593
92	0.0603072	0.00197752	0.00159236	0.00155309	0.0590922	0.0153462	0.0585207	0.0329316	0.113272	0.0544598	0.0423162	0.0287347	0.00145694	0.0475039	0.362299	0.0230094	0.0101541	0.0301307	0.00122416	0.0541178
93	0.00745901	0.00286213	0.000169292	0.000172098	0.00894926	0.000708474	0.000106393	0.63542	0.000272559	0.046795	0.0149472	0.000353988	0.000202165	0.00031847	0.000293311	0.00138083	0.00687167	0.272085	0.000147989	0.000484956
94	0.0168428	0.00156598	0.000859366	0.000827499	0.00337188	0.0220297	0.000678635	0.0211281	0.00123566	0.197798	0.549939	0.0394441	0.0010871	0.0475174	0.00140505	0.0197576	0.0356109	0.035974	0.000655243	0.002272
95	0.0577607	0.00109045	0.000511446	0.00341875	0.00214039	0.0333624	0.000550287	0.00718833	0.359022	0.00712998	0.0178243	0.00292062	0.000831535	0.0644877	0.305474	0.0806714	0.0373394	0.0162908	0.000472988	0.00151255
96	0.175421	0.00159977	0.00080918	0.000783138	0.0105429	0.0246134	0.000724276	0.00466391	0.00118934	0.00536371	0.00308559	0.0256905	0.308712	0.0169859	0.00119013	0.368514	0.0250791	0.0220748	0.000811602	0.00214584
97	0.0420215	0.00783273	0.00818701	0.00720936	0.0190356	0.0218042	0.00468832	0.0513829	0.00967741	0.114926	0.111489	0.265886	0.00706499	0.0165344	0.0064731	0.0386342	0.147717	0.101702	0.00410116	0.0136325
98	0.00498512	0.00123192	0.000540958	0.000537781	0.00218203	0.00659162	0.000415438	0.297769	0.00691833	0.242625	0.0576902	0.00225647	0.000616853	0.0204538	0.0153201	0.0139874	0.0516845	0.26248	0.00448625	0.00722725
99	0.177563	0.00172768	0.000792455	0.000962383	0.012212	0.0300099	0.000596133	0.00461489	0.00119153	0.00525286	0.00286478	0.0307117	0.296865	0.0203536	0.00132742	0.357517	0.0302047	0.0222362	0.000770974	0.00222525
100	0.0033938	0.00329808	0.000119441	0.000114139	0.0454155	0.00210948	8.06658e-05	0.164878	0.000143439	0.642846	0.0631801	0.000967872	0.000147664	0.000213829	0.000137337	0.00167777	0.00301904	0.061909	0.00102817	0.00532058
101	0.0495975	0.00864997	6.95809e-05	7.28027e-05	0.0606198	0.00779663	5.28564e-05	0.304284	7.83743e-05	0.23391	0.0245467	0.000152217	0.00311375	0.00011147	0.000100442	0.0126885	0.0203612	0.270651	5.23207e-05	0.0030902
102	0.0495975	0.00864997	6.95809e-05	7.28027e-05	0.0606198	0.00779663	5.28564e-05	0.304284	7.83743e-05	0.23391	0.0245467	0.000152217	0.00311375	0.00011147	0.000100442	0.0126885	0.0203612	0.270651	5.23207e-05	0.0030902
103	0.0587554	0.0251137	0.000546398	0.000517136	0.0317734	0.0435852	0.000498179	0.148038	0.00340694	0.28658	0.0601808	0.012062	0.0184349	0.00114306	0.00129299	0.0933751	0.062005	0.137556	0.00112482	0.0140115
104	0.133566	0.0100452	0.00020948	0.000189564	0.0959798	0.0526343	0.000204172	0.153923	0.000274802	0.377801	0.0153703	0.000440074	0.00556931	0.00151926	0.00028687	0.0134951	0.0241507	0.107775	0.000177486	0.00638876
105	0.0495975	0.00864997	6.95809e-05	7.28027e-05	0.0606198	0.00779663	5.28564e-05	0.304284	7.83743e-05	0.23391	0.0245467	0.000152217	0.00311375	0.00011147	0.000100442	0.0126885	0.0203612	0.270651	5.23207e-05	0.0030902
106	0.0495349	0.00871835	6.95692e-05	7.28025e-05	0.0606353	0.00778767	5.3267e-05	0.304298	7.68998e-05	0.233404	0.024601	0.000154738	0.00309195	0.000116722	0.000100041	0.0126498	0.0203875	0.271116	5.17982e-05	0.00307913
107	0.200031	0.0461723	0.00425438	0.000271856	0.00118377	0.0116552	0.000253175	0.14305	0.000447378	0.0470526	0.0171997	0.0047915	0.0124452	0.000599238	0.000474155	0.03269	0.0707609	0.405614	0.000279281	0.000774227
108	0.123969	0.02033	9.72563e-05	8.971e-05	0.0638024	0.0418441	7.15329e-05	0.191908	0.000121269	0.316243	0.0193896	0.000191602	0.00214454	0.000200642	0.000134541	0.0114517	0.0144152	0.19037	7.94754e-05	0.00314641
109	0.0500932	0.0087748	6.9584e-05	7.65518e-05	0.0606432	0.00804982	5.25407e-05	0.303531	7.75385e-05	0.234313	0.0244739	0.000152115	0.00309427	0.000114445	9.98785e-05	0.0126366	0.0203001	0.270312	5.22921e-05	0.00308302
110	0.140508	0.0223282	9.93711e-05	0.000110884	0.0668571	0.0498414	6.5104e-05	0.1645	0.000123772	0.341854	0.0189026	0.000213743	0.00221036	0.000220614	0.000144654	0.0110161	0.0128728	0.164706	8.19683e-05	0.00334311
111	0.00341833	0.00337626	0.000105387	0.000116261	0.0455727	0.00206988	7.77673e-05	0.16039	0.000149932	0.644477	0.0649683	0.000995069	0.000148954	0.000219743	0.000144603	0.00158004	0.00315421	0.0623752	0.00106285	0.00559735
112	0.0896578	0.00334849	0.0640403	0.00133766	0.0614247	0.0235214	0.00313717	0.139169	0.00195953	0.100118	0.041349	0.0717226	0.00187758	0.00379786	0.0193423	0.0280514	0.0453041	0.148601	0.0816408	0.0705984
113	0.0606767	0.0149064	0.00237748	0.000973378	0.0928558	0.0160444	0.0283244	0.0525564	0.00201844	0.225158	0.0465937	0.0105049	0.00128408	0.0153142	0.0176329	0.0194299	0.0213635	0.0632805	0.171279	0.137426
114	0.00575499	0.00134816	0.000753241	0.00070356	0.50161	0.002568	0.000498523	0.00509409	0.00104177	0.263883	0.0416797	0.00180026	0.000922621	0.00140264	0.00127201	0.00410872	0.00435398	0.0213552	0.00118177	0.138667
115	0.00572716	0.00135246	0.000760338	0.000692383	0.501737	0.00253118	0.000500397	0.0050653	0.00102624	0.264918	0.0422459	0.00179793	0.000915868	0.00140525	0.00130317	0.004075	0.00442779	0.0211203	0.00115418	0.137244
116	0.0381807	0.00193696	0.0171249	0.0177375	0.0299188	0.0678576	0.0362947	0.0125876	0.169872	0.0272502	0.00322371	0.110054	0.0010345	0.0883464	0.0653625	0.159925	0.0457879	0.0228395	0.000599379	0.0840659
117	0.0261709	0.00418196	0.00110162	0.000648163	0.00316968	0.0137775	0.000741749	0.00915198	0.00384764	0.00931317	0.00563302	0.00239753	0.00381319	0.00176221	0.00342822	0.334748	0.562493	0.00802219	0.000664261	0.00493476
118	0.00656369	0.00172163	0.130734	0.39861	0.00347399	0.0269216	0.0119253	0.00523174	0.0850797	0.00579906	0.00365606	0.0744971	0.00144236	0.0966719	0.103204	0.0174858	0.016454	0.00681455	0.00101776	0.00269555
119	0.0570125	0.0119817	0.000597565	0.000554643	0.127305	0.00243053	0.0133252	0.107374	0.0225087	0.332851	0.102986	0.00143046	0.000631948	0.0211635	0.0161275	0.0319537	0.0599894	0.0348811	0.00166602	0.0532282
120	0.0201447	0.00263302	0.00019958	0.000162038	0.000665381	0.938374	0.000131738	0.00332622	0.000253704	0.00118757	0.000781732	0.000411075	0.00021865	0.00213323	0.000264852	0.0217154	0.00335408	0.00341382	0.000161713	0.000467772
121	0.0532689	0.0193689	0.000774763	0.000637444	0.119163	0.00336475	0.0163495	0.0957561	0.0182209	0.317195	0.111785	0.00229818	0.000963249	0.0284446	0.0133851	0.0322522	0.059265	0.0360699	0.00669478	0.0647432
122	0.340749	0.0411663	0.0126007	0.000445451	0.0365751	0.0600738	0.000354286	0.0201062	0.000600187	0.0375491	0.0359453	0.0119203	0.000516807	0.0220244	0.0152668	0.233202	0.0763496	0.041007	0.00418181	0.00936591
123	0.0107648	0.00435352	0.000110648	0.000429498	0.0616381	0.00374313	0.000107648	0.15923	0.000231018	0.590844	0.0665347	0.0011569	0.000217109	0.000471318	0.000193169	0.00601273	0.00653846	0.0739334	0.00315972	0.0103298
124	0.0628392	0.00129941	0.00484154	0.0189971	0.0143805	0.0440518	0.0118644	0.0783778	0.134274	0.0508053	0.026859	0.0175789	0.00437317	0.0642457	0.303103	0.0299548	0.060781	0.0533385	0.00371142	0.0143236
125	0.651723	0.0328737	0.000341772	0.000316205	0.00854765	0.0740911	0.00021706	0.0236719	0.000489829	0.00470061	0.00521523	0.00181745	0.000430265	0.000490066	0.000533551	0.0863736	0.0284734	0.0784838	0.000236202	0.000973159
126	0.185388	0.0427369	0.000546889	0.000624683	0.0401504	0.0386565	0.000399193	0.0769131	0.0016195	0.144114	0.0798351	0.00464752	0.00377297	0.00115797	0.000832082	0.0703181	0.138262	0.142506	0.00697514	0.0205452
127	0.02117	0.00270419	0.000198311	0.000177275	0.000670146	0.935563	0.000131163	0.0034466	0.000298159	0.00135215	0.000830533	0.00047598	0.000218745	0.00235895	0.000281981	0.0220992	0.00345613	0.00347999	0.000612267	0.000474842
128	0.119668	0.0160502	0.146354	0.020998	0.0136123	0.0638886	0.020069	0.0179416	0.0300526	0.0192606	0.0149085	0.181457	0.0287243	0.05118	0.0219346	0.115695	0.0534149	0.0434786	0.000626794	0.0206857
129	0.0192409	0.00168135	0.043084	0.00606614	0.00596551	0.0609395	0.0281393	0.0103805	0.0125513	0.00651792	0.00858346	0.489901	0.0214541	0.0245682	0.0127693	0.206537	0.0243441	0.00922488	0.00330668	0.00474459
130	0.0989926	0.00175032	0.026507	0.157314	0.00379776	0.0037393	0.0259906	0.0316567	0.0667956	0.0183023	0.00442543	0.00239936	0.354565	0.0388633	0.0799232	0.0432197	0.00606347	0.0323271	0.000784881	0.00258192
131	0.0577979	0.00726256	0.000697663	0.00121723	0.0700899	0.0113549	0.00211233	0.171089	0.00333344	0.30936	0.0852734	0.00483451	0.00354939	0.00372227	0.00244645	0.0374732	0.0366838	0.137107	0.00918617	0.0454093
132	0.206073	0.0443059	0.00369259	0.000289692	0.00171931	0.0172036	0.000317858	0.138943	0.000597767	0.0446751	0.0152689	0.00441563	0.0113013	0.000935627	0.000649395	0.0403532	0.0663497	0.40132	0.000409479	0.00117829
133	0.0709372	0.0010214	0.00624139	0.028652	0.00233582	0.0500189	0.00116223	0.0550787	0.177543	0.049414	0.0202015	0.0143572	0.00572032	0.0813696	0.240344	0.0461191	0.0914972	0.0510144	0.00503627	0.00193518
134	0.347206	0.0340153	0.014488	0.000635884	0.0379315	0.0507576	0.000370317	0.0158334	0.000724732	0.0363412	0.0326729	0.0154706	0.000732221	0.0261616	0.0117597	0.240679	0.0812595	0.037969	0.00470217	0.0102898
135	0.0125755	0.00373272	0.00207409	0.00201514	0.0814249	0.00721787	0.00162951	0.0587331	0.0030102	0.212183	0.0683678	0.103402	0.00207961	0.293096	0.00332763	0.0698061	0.0104514	0.0354001	0.00161721	0.0278569
136	0.40546	0.0158074	0.000622126	0.000314462	0.00319447	0.288669	0.00025219	0.00769833	0.000533081	0.00701104	0.00473932	0.00107881	0.000953695	0.00122277	0.000843521	0.233694	0.018392	0.00695675	0.000447303	0.00210928
137	0.0712277	0.00224318	0.00111964	0.0154343	0.00491322	0.0460904	0.0145494	0.42998	0.0471607	0.0355282	0.0426901	0.00301656	0.00127205	0.0167616	0.0162154	0.0213968	0.00626444	0.220279	0.00102233	0.00283532
138	0.0147638	0.000694109	0.0825407	0.00952316	0.00569261	0.020577	0.052497	0.00250589	0.0242937	0.0027168	0.00575191	0.551712	0.0318747	0.0150849	0.0144616	0.139643	0.0074371	0.00759848	0.00453011	0.00610154
139	0.0439702	0.0265684	0.00221449	0.021988	0.00675631	0.0256878	0.00124625	0.0500997	0.0232651	0.0342046	0.00626822	0.040689	0.192616	0.0230821	0.00207644	0.0530004	0.168913	0.25257	0.00206835	0.0227158
140	0.0341467	0.00690449	0.000463617	0.000388196	0.0152031	0.0118835	0.000383354	0.298633	0.00233797	0.250415	0.0728042	0.013678	0.00346879	0.00230148	0.00326976	0.0418269	0.0597223	0.154494	0.00183716	0.0258389
141	0.043866	0.00522422	0.000177875	0.002255	0.118792	0.0127999	0.000148866	0.200995	0.000486621	0.327341	0.0584646	0.000732443	0.000345717	0.00162839	0.000291551	0.0294884	0.0264223	0.127133	0.0159003	0.027507
142	0.0201933	0.00264688	0.000199599	0.000160142	0.000665061	0.938314	0.000131758	0.00332858	0.000253704	0.00120137	0.000782462	0.000406599	0.000220078	0.00213082	0.000264692	0.0216871	0.00335474	0.00342748	0.000161673	0.000469698
143	0.0043702	0.00390993	0.000101356	0.000132656	0.0484138	0.0022114	0.000103959	0.152272	0.000161122	0.643176	0.0656631	0.00115908	0.000204707	0.000213978	0.000165623	0.00177879	0.00324776	0.0644571	0.00147149	0.00678558
144	0.255109	0.0631707	0.00039819	0.000364183	0.0509771	0.0772361	0.000336072	0.0735844	0.000656913	0.12292	0.10675	0.00332592	0.000962976	0.000781263	0.000533539	0.0711126	0.0378638	0.109083	0.0103057	0.014529
145	0.00300037	0.00269721	0.000136268	0.000125444	0.0407139	0.00241845	9.22454e-05	0.189128	0.000164739	0.631416	0.0593309	0.000850769	0.000162338	0.000233887	0.000178007	0.00246241	0.00271799	0.0589196	0.000889849	0.0043612
146	0.442382	0.0216605	0.000295973	0.000198954	0.00211212	0.138037	0.000248808	0.00585669	0.000384147	0.00311996	0.00149275	0.000697632	0.000278861	0.000555146	0.000469843	0.353231	0.0243671	0.00332891	0.000230966	0.00105166
147	0.0216443	0.00178696	0.0392804	0.00663612	0.00524396	0.0836865	0.0245351	0.00709677	0.0118693	0.0066659	0.00687131	0.470237	0.0187402	0.0279759	0.0139298	0.207069	0.0288099	0.0101935	0.00280769	0.00491965
148	0.426032	0.00984823	0.000273099	0.000224451	0.0016798	0.376014	0.000161732	0.00847889	0.000355846	0.0107184	0.00617502	0.00058026	0.000298808	0.000524048	0.000371586	0.140102	0.00770571	0.00631363	0.000188165	0.00395423
149	0.00674848	0.0101259	0.000129572	0.000120305	0.052281	0.00266519	0.000120689	0.128972	0.000218605	0.674967	0.0584328	0.00113172	0.000167404	0.000256054	0.000245693	0.00159113	0.00249691	0.0522356	0.000934195	0.00615971
150	0.200894	0.045966	0.00407228	0.000280565	0.00113916	0.0123134	0.000249591	0.143378	0.00045924	0.0455572	0.0165516	0.00459036	0.012312	0.00065529	0.000461717	0.0337597	0.0709115	0.40542	0.000298468	0.000730742
151	0.521822	0.0119859	0.000236102	0.00020273	0.00211613	0.288579	0.000143152	0.00710807	0.000305107	0.00744109	0.00439808	0.000520807	0.000262535	0.000486365	0.0003522	0.138221	0.00830297	0.00502097	0.000174139	0.00232184
152	0.0224201	0.00123531	0.00047419	0.000552645	0.0909326	0.00186315	0.000540816	0.0244043	0.000736453	0.675056	0.0571924	0.00201932	0.000572121	0.00103757	0.000664021	0.0132619	0.045426	0.0592583	0.00042803	0.0019247
153	0.447399	0.0223574	0.000306631	0.000217408	0.00197534	0.109709	0.000268553	0.00579201	0.000402066	0.00238708	0.0011368	0.000909639	0.000323752	0.000608444	0.000507237	0.373725	0.0276199	0.00328905	0.00023449	0.000830392
154	0.0201094	0.00264309	0.000202676	0.000179814	0.000667409	0.938005	0.000131879	0.00334672	0.000388314	0.00122042	0.000782005	0.000415481	0.000221808	0.00215901	0.000312828	0.0217812	0.00337553	0.00342843	0.000161713	0.000467729
155	0.526477	0.0183065	0.000228144	0.000188887	0.00312572	0.214317	0.000166269	0.00626168	0.000274344	0.00425119	0.00232466	0.000583803	0.000212986	0.000441128	0.000354419	0.202473	0.0148079	0.00375185	0.000192544	0.00126061
156	0.00660143	0.00398511	0.000126008	0.000263929	0.0535942	0.00272227	0.000117867	0.154059	0.000170948	0.622238	0.0655719	0.00113379	0.000221144	0.000264067	0.000172111	0.00352139	0.00436899	0.0693634	0.00265244	0.00885223
157	0.0451624	0.00438613	0.000225776	0.00172441	0.10774	0.0110293	0.000336197	0.19036	0.0017706	0.310655	0.0621885	0.00234706	0.000588967	0.00159904	0.000524304	0.0429122	0.0289851	0.136804	0.0117884	0.0388723
158	0.699046	0.0344404	0.000243388	0.000181696	0.0075942	0.0490731	0.00013975	0.014822	0.000314013	0.00236155	0.00409756	0.00200516	0.000226042	0.000402641	0.000284009	0.104043	0.0259389	0.0540758	0.000188764	0.000521836
159	0.0166685	0.00246522	0.00124162	0.00124821	0.0148848	0.0168017	0.00126193	0.0268202	0.00219463	0.174902	0.460936	0.0568876	0.00201172	0.109737	0.00177402	0.0391817	0.0296847	0.0332923	0.00130464	0.00670133
160	0.0293891	0.00233949	0.018129	0.0173333	0.0369948	0.0477058	0.0356693	0.0152769	0.120652	0.0316503	0.00341001	0.116032	0.000982043	0.0884697	0.0470884	0.188875	0.0478927	0.0335854	0.000737939	0.117787
161	0.102076	0.00399982	0.0725755	0.0394607	0.00499721	0.0835742	0.0334182	0.0281689	0.0247442	0.030612	0.0222589	0.180668	0.0565418	0.0752536	0.0184587	0.117787	0.0598758	0.0346158	0.000602057	0.0103116
162	0.0330948	0.00232575	0.00530143	0.019854	0.0093735	0.373869	0.00962909	0.0238502	0.145691	0.0268668	0.00590827	0.0397341	0.00189285	0.0555006	0.0774302	0.111659	0.023407	0.0146778	0.00125345	0.0186811
163	0.132329	0.00375602	0.00213197	0.00180972	0.397247	0.0322491	0.00154364	0.0103351	0.00312749	0.0122516	0.00674116	0.0273219	0.00253408	0.00342792	0.00272534	0.0791208	0.0313628	0.0565647	0.00133436	0.192086
164	0.701026	0.0339808	0.000202391	0.000187984	0.00749038	0.048117	0.000135831	0.0145032	0.000315162	0.00226168	0.00397785	0.00208895	0.000229281	0.000406101	0.000253847	0.105389	0.0260646	0.0526516	0.000199023	0.000519961
165	0.0175142	0.00191923	0.539647	0.0804673	0.00372379	0.017995	0.0034858	0.00661622	0.0515235	0.00695501	0.00393331	0.177582	0.00257411	0.0184796	0.027687	0.0114513	0.00856726	0.0159447	0.00117193	0.0027623
166	0.0765308	0.00494647	0.000803622	0.00148595	0.00954886	0.00514479	0.00148327	0.417162	0.00329819	0.0775067	0.00836681	0.00188821	0.000926797	0.00250276	0.00178651	0.0157286	0.0201199	0.348169	0.00057686	0.00202426
167	0.0232162	0.00214731	0.00141352	0.00151982	0.00419408	0.150163	0.00123254	0.00821897	0.00192468	0.00753582	0.00522365	0.371548	0.00162195	0.0466564	0.0161529	0.289352	0.0553323	0.00841732	0.00113166	0.00299712
168	0.0380513	0.005581	0.00192081	0.00149063	0.0085845	0.0283979	0.00150779	0.0921944	0.0270796	0.134347	0.275836	0.00537327	0.00303976	0.00389534	0.0267387	0.190468	0.038837	0.108115	0.00172311	0.0068184
169	0.020354	0.00263275	0.00019961	0.000235258	0.000837576	0.937869	0.000136297	0.00336243	0.00025432	0.00119029	0.00078172	0.00041087	0.000235028	0.00212895	0.000264886	0.021688	0.00336699	0.00342224	0.000161606	0.000467871
170	0.0477997	0.00127853	0.000665181	0.000581746	0.0397697	0.00242076	0.00064494	0.38139	0.000932846	0.057847	0.0208507	0.0256502	0.000837081	0.0333417	0.0128305	0.0267674	0.104403	0.224294	0.000612353	0.0170828
171	0.0248073	0.00268148	0.000200321	0.000164944	0.000672543	0.93153	0.000138206	0.00349115	0.000261061	0.00135668	0.000878095	0.000409906	0.000219551	0.00210701	0.000276468	0.0232264	0.00341932	0.00344188	0.000159579	0.000557817
172	0.0661501	0.00242591	0.0012432	0.00106877	0.00477638	0.00499346	0.000841131	0.0921162	0.00165249	0.0286758	0.157417	0.00253462	0.00128977	0.00212447	0.00144983	0.0281528	0.345246	0.253036	0.00121902	0.00358711
173	0.0125527	0.00341762	0.000196271	0.000200229	0.00987341	0.00430428	0.000193022	0.585311	0.000453982	0.165348	0.0375198	0.00114072	0.000435893	0.000546601	0.00139494	0.00721592	0.0108202	0.155448	0.000700718	0.00292755
174	0.0340893	0.00587372	0.000392558	0.000336395	0.00947595	0.00130071	0.00028751	0.362627	0.000493336	0.0752509	0.00743984	0.000990703	0.000472244	0.000981814	0.000582629	0.00795032	0.0319778	0.457914	0.000306655	0.00125636
175	0.0481525	0.00133763	0.000653	0.000569736	0.0399973	0.00248372	0.000682436	0.386253	0.000930918	0.0579703	0.0222241	0.0249183	0.000833574	0.0316469	0.011887	0.0271542	0.0995028	0.225311	0.000582922	0.0169078
176	0.591029	0.0243563	0.000242198	0.00020643	0.00529161	0.184266	0.0001625	0.0125718	0.000300184	0.00571734	0.00451434	0.000966937	0.000302375	0.000486746	0.00034477	0.118627	0.0172819	0.0316731	0.000175773	0.00148321
177	0.00649929	0.00356417	0.000126039	0.000129458	0.0407055	0.00294007	0.000217651	0.191131	0.000199419	0.614894	0.0594116	0.00102582	0.000479345	0.000324817	0.000254225	0.00296827	0.00426994	0.0649061	0.0011188	0.00483413
178	0.532703	0.0170715	0.000314083	0.000247452	0.00296163	0.216492	0.000166878	0.00728128	0.000330864	0.00533951	0.00323546	0.000799232	0.00026015	0.000583775	0.000353805	0.184984	0.0154449	0.00953367	0.00019517	0.00170086
179	0.540034	0.0196849	0.000397795	0.000239507	0.00236253	0.0696687	0.000303608	0.00670703	0.000428612	0.00192564	0.00154885	0.00139546	0.000280097	0.000583984	0.000505311	0.314923	0.0286899	0.00933278	0.00025852	0.000730088
180	0.0458176	0.0116209	0.00012485	0.000145562	0.0450021	0.00555691	9.32971e-05	0.3233	0.000178275	0.192559	0.0203986	0.000308641	0.00211385	0.000256382	0.000165311	0.0102243	0.0220437	0.317691	0.000105469	0.00229366
181	0.0186427	0.00424406	0.000179704	0.000296115	0.0182411	0.00359455	0.000186297	0.55252	0.000646135	0.132434	0.0275846	0.000744047	0.000764788	0.00064566	0.000815308	0.00601704	0.0114111	0.218313	0.000485087	0.00223419
182	0.0129609	0.00353729	0.000270635	0.000194398	0.0133465	0.00631456	0.000212808	0.545314	0.000799619	0.206707	0.0375906	0.00106614	0.000606269	0.00122114	0.00203147	0.00857476	0.0118214	0.143917	0.000881428	0.00263139
183	0.0723969	0.00144708	0.0163539	0.0431726	0.00431883	0.060507	0.00169159	0.0804299	0.0997401	0.0866429	0.0215059	0.0204386	0.0132945	0.0803313	0.149182	0.0494608	0.12812	0.0583325	0.00964276	0.00299109
184	0.0475091	0.0125098	0.0001525	0.000487736	0.0554624	0.00971733	0.000213579	0.237771	0.00119087	0.270477	0.0460221	0.00318093	0.00424039	0.000957339	0.000511322	0.0393021	0.0427676	0.213817	0.00266529	0.0110447
185	0.04348	0.00512225	0.000177818	0.0022794	0.120113	0.0127324	0.000151212	0.20126	0.000476083	0.327162	0.0583322	0.000664076	0.000316849	0.00164401	0.000288673	0.0294245	0.0264051	0.12638	0.0160872	0.0275027
