429	20
1	0.014945	0.00650373	0.0005575	0.00163428	0.0266604	0.00200645	0.0020758	0.333962	0.000866325	0.264753	0.0710419	0.00218506	0.00209344	0.00247755	0.00213231	0.00450186	0.043456	0.211832	0.00193713	0.00437846
2	0.0664684	0.0138681	0.0129975	0.0189696	0.0148563	0.0285333	0.0063916	0.0297408	0.0187082	0.114379	0.0157161	0.0123678	0.508617	0.0173297	0.0213613	0.025643	0.0320477	0.024169	0.00325558	0.0145801
3	0.00902922	0.00633871	0.000516936	0.00192375	0.0183055	0.000944993	0.000664112	0.406128	0.000477039	0.21424	0.0442943	0.00190962	0.000641537	0.0010635	0.00138037	0.0054344	0.024323	0.260133	0.000900891	0.0013513
4	0.0306767	0.0380056	0.00183622	0.00215258	0.301819	0.00922724	0.026298	0.140835	0.0025049	0.0836471	0.0255174	0.00302174	0.00141324	0.00238689	0.00259726	0.0227801	0.00451516	0.128179	0.0159822	0.156604
5	0.057128	0.00185448	0.00167478	0.0169531	0.019896	0.00252672	0.00674851	0.227855	0.00883627	0.41569	0.052955	0.0033457	0.00199108	0.0064054	0.00434295	0.00400805	0.0129035	0.146657	0.00133569	0.00689193
6	0.119954	0.00402403	0.0909593	0.101925	0.000756861	0.043028	0.0341869	0.00604889	0.0860881	0.0124175	0.00248414	0.0942656	0.0272508	0.0707658	0.102053	0.102312	0.0946727	0.00245786	0.000375032	0.00397425
7	0.0202184	0.00402712	0.00142559	0.00340059	0.0159117	0.00426941	0.00406343	0.207319	0.0122724	0.275433	0.0683424	0.0121526	0.00562337	0.00784947	0.0167173	0.0077553	0.0715952	0.256722	0.00176816	0.00313454
8	0.0442193	0.00403376	0.00823145	0.00909731	0.0236606	0.00576456	0.00468559	0.0297305	0.0507289	0.309599	0.0360145	0.00692985	0.198851	0.0329672	0.0548508	0.0590565	0.0531321	0.0554832	0.00237887	0.010585
9	0.0935663	0.0146821	0.0131688	0.0183636	0.00500657	0.0236674	0.00715864	0.0195528	0.0168107	0.0239294	0.0083742	0.013346	0.588919	0.0141843	0.0110805	0.0450905	0.0541241	0.0180045	0.00257516	0.00839532
10	0.0985543	0.00757896	0.0586976	0.0939084	0.00397363	0.0696096	0.0177974	0.0118671	0.0995904	0.0268244	0.00640225	0.0401719	0.19708	0.0336335	0.0882263	0.0625561	0.0608435	0.0143537	0.00127278	0.00705777
11	0.0042983	0.0051962	0.00120938	0.00144382	0.655842	0.00136305	0.00582482	0.0147854	0.00143819	0.140425	0.0359283	0.00313943	0.000873463	0.00402753	0.00169794	0.00538117	0.00363094	0.00230957	0.0127657	0.0984205
12	0.0434519	0.0110232	0.0117298	0.0121348	0.158986	0.0127874	0.0176136	0.0857479	0.0120667	0.199061	0.0599115	0.0156576	0.0131827	0.0130127	0.0138181	0.0354408	0.135016	0.0407032	0.0242453	0.0844096
13	0.0381869	0.00571927	0.0548345	0.0544682	0.00298147	0.061527	0.0123293	0.00373555	0.244078	0.0322188	0.00357015	0.0474454	0.00868075	0.0702852	0.248572	0.0600308	0.0341113	0.00415939	0.000941126	0.0121249
14	0.305454	0.00286919	0.0471832	0.171284	0.00292832	0.0768774	0.00477794	0.00481949	0.0453088	0.0352313	0.0404201	0.0180755	0.00346333	0.0665891	0.0165115	0.057126	0.0709038	0.0269247	0.00094499	0.00230746
15	0.00817731	0.00161266	0.00110835	0.00225929	0.0339642	0.00329	0.0018033	0.0600386	0.00179176	0.714112	0.0978831	0.00230797	0.00399293	0.00853483	0.00172927	0.00754341	0.00578474	0.0369924	0.00415165	0.00292246
16	0.0260387	0.0025858	0.00311395	0.011065	0.035487	0.00359511	0.00215222	0.133866	0.0530917	0.0892883	0.105053	0.0171836	0.00214256	0.0116784	0.0304646	0.0266278	0.111447	0.332189	0.00134652	0.0015838
17	0.0631236	0.00299401	0.167491	0.218833	0.000639172	0.0223049	0.0375081	0.0044005	0.110358	0.00867063	0.00797171	0.102848	0.00173181	0.136157	0.0525024	0.0280228	0.0271434	0.00632595	0.000248474	0.000725415
18	0.00597114	0.00341384	0.00837489	0.0013902	0.287682	0.00137796	0.0281312	0.00139166	0.000976774	0.0558439	0.00236827	0.00970698	0.000744412	0.00178782	0.00464348	0.00213695	0.00359863	0.0020109	0.0279731	0.550476
19	0.351144	0.0102102	0.0358086	0.0176914	0.00263048	0.0207663	0.00406354	0.0281266	0.00474921	0.0239249	0.0139054	0.0109119	0.00461324	0.00707733	0.00429398	0.205415	0.140384	0.110026	0.0016948	0.00256382
20	0.0753646	0.00132843	0.168306	0.270387	0.000361974	0.0165161	0.0350217	0.00624401	0.0924936	0.0113809	0.0080118	0.0582955	0.000566372	0.14371	0.0517178	0.0266086	0.0234239	0.00981338	0.000153564	0.000295083
21	0.0753646	0.00132843	0.168306	0.270387	0.000361974	0.0165161	0.0350217	0.00624401	0.0924936	0.0113809	0.0080118	0.0582955	0.000566372	0.14371	0.0517178	0.0266086	0.0234239	0.00981338	0.000153564	0.000295083
22	0.0221623	0.00139317	0.0839585	0.0273599	0.0177655	0.409645	0.0938699	0.00241937	0.0771463	0.00345531	0.00230172	0.0995367	0.00132008	0.0239389	0.0249366	0.0808731	0.00420155	0.00389062	0.000833473	0.0189923
23	0.135823	0.00826261	0.0294911	0.0236479	0.0278734	0.0114404	0.0180929	0.0613775	0.0262388	0.0980728	0.0721533	0.0188502	0.0606694	0.0343689	0.0454507	0.107978	0.0788128	0.0778515	0.00968067	0.0538641
24	0.0107277	0.00774677	0.0034069	0.00183469	0.446968	0.00219369	0.0166115	0.0153143	0.00156002	0.179528	0.0324558	0.00533148	0.00148705	0.00833791	0.00309708	0.012958	0.0152565	0.00693991	0.0439971	0.184247
25	0.233902	0.0524582	0.129463	0.0318361	0.00550396	0.0186955	0.0457463	0.0141286	0.0103006	0.0169821	0.0116812	0.0265498	0.00906453	0.0125883	0.0155052	0.138914	0.183408	0.0362397	0.00265206	0.00437983
26	0.10607	0.169674	0.0160743	0.00597299	0.00372715	0.0184848	0.00626074	0.00790495	0.00366855	0.0197096	0.0289826	0.075522	0.00413328	0.00621988	0.00572739	0.120767	0.361393	0.0351466	0.00188261	0.00267811
27	0.0822521	0.0165896	0.00457845	0.0108425	0.00338661	0.0198776	0.00458005	0.012634	0.00981307	0.0127163	0.00341731	0.0115995	0.733136	0.0121124	0.00536685	0.0173684	0.0189668	0.00912243	0.000818045	0.0108225
28	0.054515	0.00376741	0.0262557	0.0148077	0.00156865	0.793951	0.0070287	0.00240899	0.0054313	0.00353781	0.00240863	0.0144619	0.00607055	0.0078138	0.00349837	0.0366094	0.00765774	0.00399664	0.000595742	0.00361498
29	0.0248006	0.00576569	0.0160552	0.0248687	0.0295786	0.0105553	0.528973	0.0177103	0.0177187	0.0339555	0.012302	0.0643074	0.00808402	0.0788632	0.0222517	0.0240704	0.0201863	0.0213861	0.0037733	0.0347943
30	0.0908554	0.00609027	0.0249321	0.0215085	0.00590541	0.074384	0.0795479	0.00989069	0.00910957	0.0346133	0.126851	0.0704921	0.0059771	0.146888	0.029921	0.0977319	0.136387	0.0196724	0.0034493	0.0057931
31	0.0220967	0.000975448	0.0543891	0.0180933	0.00316412	0.767792	0.0209017	0.00117319	0.0172008	0.00171576	0.00106993	0.0370031	0.00200969	0.0107363	0.00333433	0.0300342	0.00253137	0.00171541	0.000391494	0.00367228
32	0.0220971	0.00113141	0.0297581	0.0131959	0.00102766	0.861781	0.00745966	0.00127839	0.00591252	0.00194435	0.00124616	0.0148315	0.00237401	0.0070496	0.00253253	0.0187216	0.00372226	0.00245859	0.00047903	0.00099855
33	0.111538	0.0212745	0.00949097	0.147174	0.0180924	0.0144484	0.0379124	0.0604978	0.0120458	0.0698829	0.0528006	0.00749117	0.00853308	0.155344	0.0386741	0.0308244	0.0615717	0.115366	0.00273672	0.0243006
34	0.143766	0.00970722	0.0126066	0.0146411	0.157003	0.154855	0.0167018	0.0302575	0.0118606	0.0352479	0.0130306	0.0182885	0.00949416	0.0119444	0.0128757	0.0296952	0.024	0.0320173	0.0063132	0.255694
35	0.00547303	0.00342423	0.008476	0.00124656	0.292572	0.00147295	0.026484	0.00125625	0.000864399	0.0567044	0.00179429	0.00943622	0.000714313	0.00112	0.00463186	0.00178594	0.00323849	0.00172134	0.0280248	0.549558
36	0.071641	0.00783829	0.0717659	0.0824433	0.0012372	0.0350149	0.0310927	0.00479688	0.174099	0.0315109	0.00296411	0.0653955	0.015191	0.0756665	0.188439	0.0698019	0.0624218	0.00273353	0.000804282	0.00514207
37	0.0445036	0.00768284	0.00579801	0.0383548	0.00346031	0.00581979	0.00902752	0.0254465	0.303173	0.0570563	0.0362905	0.0136024	0.00726299	0.0574371	0.28994	0.0358107	0.0227696	0.0222146	0.00227677	0.0120726
38	0.0858063	0.0132943	0.0350894	0.0266759	0.0116822	0.0286253	0.0919266	0.0114133	0.021188	0.0236747	0.020366	0.0696691	0.0105783	0.0369147	0.0391699	0.208237	0.226349	0.0174629	0.00701958	0.0148578
39	0.175081	0.00987489	0.0173604	0.0557975	0.00845594	0.0299075	0.0095027	0.0441646	0.021662	0.0239522	0.00487767	0.0148656	0.420527	0.0143074	0.0123173	0.0401998	0.0253884	0.0597849	0.00196456	0.0100088
40	0.243172	0.00456296	0.00616952	0.031171	0.0219763	0.00681431	0.0164794	0.178634	0.00786557	0.0676033	0.00921234	0.00733263	0.112003	0.00787674	0.00790334	0.0296542	0.0168442	0.215907	0.00198421	0.00683449
41	0.0235847	0.00107787	0.0284576	0.0132195	0.00084439	0.864429	0.00675646	0.00137327	0.00455417	0.00205414	0.00160005	0.0131486	0.00322129	0.00720521	0.00154503	0.0193366	0.00356201	0.00208185	0.000352617	0.00159593
42	0.0548033	0.0102761	0.00411475	0.0256825	0.00656703	0.0110761	0.00800642	0.0568422	0.17696	0.0297732	0.030708	0.0248246	0.00428909	0.0623673	0.334879	0.0540821	0.0402286	0.0468052	0.00194297	0.0157713
43	0.140031	0.00469965	0.0105588	0.0684661	0.039072	0.00587513	0.0267231	0.166942	0.0238539	0.165454	0.0470821	0.00677589	0.021151	0.0378427	0.024758	0.0228208	0.0268979	0.129775	0.00324269	0.0279793
44	0.0042983	0.0051962	0.00120938	0.00144382	0.655842	0.00136305	0.00582482	0.0147854	0.00143819	0.140425	0.0359283	0.00313943	0.000873463	0.00402753	0.00169794	0.00538117	0.00363094	0.00230957	0.0127657	0.0984205
45	0.0347472	0.00521276	0.0052234	0.0252631	0.131146	0.00498338	0.100441	0.0661657	0.0395658	0.0497145	0.0222967	0.0674093	0.00306127	0.00896884	0.0261729	0.0150654	0.0277307	0.0545071	0.00907552	0.30325
46	0.0734447	0.00341798	0.205789	0.20729	0.000655426	0.0264919	0.0253395	0.00345278	0.0849573	0.00628909	0.00689764	0.104149	0.00325851	0.11274	0.0611177	0.0452794	0.0200806	0.00837836	0.000258848	0.000712224
47	0.00785213	0.00333574	0.0069163	0.00174856	0.382012	0.00192299	0.0261706	0.00432099	0.00148364	0.0605545	0.00523847	0.00966053	0.00080751	0.00177968	0.00424956	0.00283387	0.00350103	0.00309897	0.0226193	0.449894
48	0.00533469	0.00266387	0.00670521	0.00124706	0.405203	0.00139006	0.021864	0.00224976	0.000997526	0.0601064	0.00445053	0.00950272	0.000676244	0.00117061	0.00382478	0.0019313	0.00294537	0.00152215	0.0211757	0.445039
49	0.0236731	0.00212814	0.029859	0.0134631	0.000930988	0.856734	0.00695021	0.00179032	0.00547277	0.00246589	0.00126337	0.0140481	0.00256487	0.00707343	0.0018289	0.0210285	0.00439244	0.00282266	0.000450954	0.0010589
50	0.133705	0.00103336	0.0832655	0.174091	0.00122595	0.0452765	0.0163879	0.00409008	0.0754381	0.0126673	0.00157581	0.0397389	0.243214	0.0218371	0.047706	0.0520202	0.0254559	0.016266	0.00041353	0.00459152
51	0.0818159	0.00340868	0.0206274	0.015599	0.00382438	0.0118154	0.0319291	0.00723772	0.0306775	0.0110108	0.0215748	0.527128	0.0229747	0.0274338	0.0504046	0.0588657	0.0602454	0.00829218	0.00140344	0.00373122
52	0.0323593	0.00509332	0.00103986	0.00338001	0.0349055	0.00325389	0.00524902	0.245418	0.00192596	0.332426	0.097714	0.0025608	0.004356	0.0046546	0.00318415	0.00545164	0.0506426	0.151079	0.00341898	0.011887
53	0.00784385	0.00389431	0.00153543	0.00168243	0.399978	0.00266997	0.00543407	0.0341704	0.00184378	0.360722	0.0828246	0.00234497	0.00225228	0.00611483	0.00294417	0.00857153	0.00752456	0.0124167	0.00947071	0.0457615
54	0.118428	0.00622584	0.00932872	0.0280578	0.0192175	0.0224014	0.0224627	0.00881683	0.217579	0.0178226	0.00981066	0.0138015	0.00793535	0.0687451	0.306979	0.0472648	0.0302705	0.0117538	0.00165187	0.0314468
55	0.4591	0.00791187	0.014101	0.00973907	0.00209148	0.0373694	0.00265806	0.00465628	0.00157368	0.00685823	0.00836979	0.0103302	0.00140877	0.00191411	0.00223154	0.323913	0.0678751	0.0337599	0.000641316	0.00349738
56	0.063275	0.00410229	0.419706	0.124147	0.00647101	0.0371162	0.0175104	0.0104509	0.0430816	0.017894	0.00793325	0.041419	0.0209334	0.0405286	0.0313534	0.0493479	0.0339926	0.0207427	0.00502748	0.00496711
57	0.0113051	0.00674622	0.000516207	0.00167211	0.0247834	0.00139565	0.00141606	0.362958	0.000775671	0.236706	0.0603913	0.00210121	0.00124392	0.00202226	0.00194638	0.00501011	0.0410455	0.233631	0.00132443	0.00300972
58	0.122273	0.223856	0.0456987	0.0371381	0.00601993	0.164677	0.00787504	0.00880774	0.00782723	0.0129521	0.008951	0.0138574	0.0073829	0.0101345	0.00897219	0.275155	0.018685	0.0125005	0.0025648	0.00467121
59	0.0461875	0.00625427	0.117282	0.0407119	0.00910743	0.0159532	0.0167118	0.11556	0.0202869	0.0352968	0.0159611	0.174506	0.00611896	0.0119326	0.0094693	0.124846	0.0797293	0.145192	0.00315221	0.00573978
60	0.32468	0.0154471	0.0119698	0.0206856	0.00112179	0.0331083	0.00163123	0.00831557	0.00159467	0.00376385	0.00721799	0.00559862	0.00113006	0.00157142	0.00174682	0.429885	0.0751799	0.0534427	0.000566795	0.00134364
61	0.0567687	0.0231116	0.0563864	0.0145516	0.0133528	0.0482863	0.0115696	0.0665004	0.0126396	0.0509282	0.0734099	0.0210132	0.00889123	0.0145677	0.0488587	0.0354293	0.0877384	0.342658	0.00542819	0.00790995
62	0.150993	0.00225077	0.0659027	0.178798	0.00365196	0.0498782	0.0116599	0.0189515	0.0718614	0.0207845	0.00332339	0.0337555	0.155828	0.0214063	0.036238	0.0743489	0.0583927	0.0353405	0.00112665	0.0055077
63	0.124358	0.00513205	0.127853	0.162183	0.00188881	0.0271978	0.0223258	0.0125304	0.0660622	0.0100822	0.00266335	0.0663316	0.0421225	0.0477135	0.0688642	0.114172	0.07687	0.0178623	0.000757247	0.00302894
64	0.00361404	0.00107657	0.000987631	0.00110291	0.0293201	0.00329125	0.00144632	0.0450843	0.00108413	0.753922	0.104253	0.00159794	0.00472964	0.00844323	0.00134194	0.00649711	0.0028523	0.0248588	0.00328321	0.00121346
65	0.0248665	0.00135411	0.0292502	0.0131048	0.00198141	0.849299	0.00742819	0.0022031	0.00712666	0.00303466	0.00197083	0.0154243	0.0028462	0.00704926	0.00223035	0.0204984	0.00456466	0.00250423	0.0008862	0.00237724
66	0.0715215	0.00411238	0.207621	0.0822285	0.00299613	0.0558487	0.0195001	0.00735142	0.0384213	0.0190481	0.0155591	0.0593741	0.0104518	0.0745207	0.062925	0.110377	0.14368	0.00939783	0.00292704	0.00213768
67	0.0548254	0.0111845	0.0148	0.0114067	0.0586839	0.010378	0.0131798	0.101338	0.0153397	0.266276	0.0990931	0.0119107	0.0317705	0.0114212	0.0172354	0.0398366	0.0821897	0.0576883	0.0361826	0.0552592
68	0.0068366	0.00169903	0.00191701	0.00169352	0.041952	0.00370025	0.0017398	0.0487759	0.00168083	0.715518	0.103179	0.00236639	0.00506291	0.00786387	0.0030399	0.0122445	0.00612366	0.024563	0.00440686	0.00563703
69	0.0517586	0.00542753	0.11245	0.0740354	0.0101652	0.0153889	0.00777603	0.116533	0.0339707	0.0338738	0.013017	0.0915402	0.00855757	0.0120073	0.00928891	0.116032	0.143907	0.137588	0.0021347	0.00454812
70	0.023321	0.00512616	0.00998406	0.0168479	0.0308051	0.013024	0.532819	0.018996	0.0144973	0.0367507	0.0115456	0.0717813	0.00615311	0.0761805	0.0214656	0.0269129	0.0200744	0.0200162	0.00478297	0.0389161
71	0.0990549	0.00368586	0.080707	0.146358	0.0211978	0.0444705	0.00769673	0.0455488	0.0119688	0.0256848	0.0142478	0.047623	0.00993402	0.0152094	0.00938363	0.134763	0.197535	0.0801129	0.00146466	0.00335314
72	0.0478223	0.0038062	0.0370017	0.0293797	0.00257207	0.717751	0.0133878	0.00225855	0.0140481	0.00315449	0.00274286	0.022806	0.00733461	0.0146428	0.0089891	0.0533085	0.0104587	0.00505677	0.000815147	0.002664
73	0.262171	0.00244098	0.00344733	0.00477204	0.00188175	0.0464867	0.0139962	0.00429233	0.00992959	0.00608446	0.0031839	0.00386009	0.367818	0.0114197	0.00383239	0.160922	0.0696067	0.0191624	0.00144	0.00325264
74	0.23262	0.00372146	0.00630821	0.0267249	0.0254677	0.00705207	0.0197372	0.188563	0.00785187	0.0656096	0.0106507	0.00913624	0.131614	0.00752009	0.00938022	0.0266806	0.0163945	0.196412	0.00205588	0.00650015
75	0.0756878	0.00136785	0.168821	0.270196	0.000367652	0.0164648	0.0348933	0.00624027	0.092142	0.0113482	0.00797644	0.0582067	0.000604641	0.143063	0.0517321	0.0270265	0.0235253	0.00989341	0.000153183	0.000289354
76	0.522067	0.00871015	0.00543233	0.00790379	0.00311475	0.0607171	0.00401519	0.00237218	0.00185165	0.00604311	0.011566	0.0059011	0.00342841	0.00231304	0.00238483	0.284176	0.0477566	0.0136098	0.000572288	0.00606434
77	0.0764352	0.00737203	0.128583	0.277372	0.00445409	0.0193944	0.0298475	0.0125709	0.0710626	0.0170777	0.0135886	0.0494528	0.00430344	0.163047	0.0449677	0.0271885	0.0294031	0.0189179	0.000956961	0.00400388
78	0.0893082	0.00669862	0.0759305	0.142721	0.0011211	0.0100893	0.0386585	0.00781947	0.197171	0.0212424	0.0082913	0.0357415	0.00351172	0.121866	0.178609	0.0174187	0.0318841	0.00730381	0.00085662	0.00375674
79	0.0514267	0.00282711	0.00535026	0.0453317	0.10488	0.00564872	0.0869119	0.046473	0.0540355	0.057142	0.0159534	0.111355	0.00444129	0.011562	0.0323184	0.0234253	0.0256239	0.0287335	0.00494641	0.281614
80	0.165481	0.0247576	0.0120597	0.012925	0.0134993	0.0170473	0.00700929	0.15423	0.007156	0.0686045	0.034472	0.0152885	0.0189327	0.00803422	0.0113199	0.0641245	0.0898502	0.264977	0.00305347	0.00717676
81	0.474568	0.0124878	0.00846293	0.011323	0.00314327	0.0516075	0.00395722	0.0050515	0.00412469	0.00825186	0.0108254	0.00715435	0.00667598	0.00335283	0.00349507	0.296079	0.0580802	0.0250872	0.0011747	0.00509723
82	0.075695	0.0120944	0.0243413	0.0662884	0.00250708	0.0114781	0.0336171	0.00572206	0.254336	0.0198419	0.00633166	0.0242398	0.00426463	0.097721	0.292489	0.0215956	0.0330774	0.00545086	0.00101541	0.00789264
83	0.0641716	0.0180016	0.00219778	0.0032403	0.0161344	0.00823567	0.00198528	0.229527	0.00777834	0.113482	0.0402582	0.0164581	0.00769536	0.00310897	0.00948877	0.0199237	0.075604	0.35938	0.00160728	0.00172245
84	0.0058111	0.0031702	0.0056066	0.00137183	0.453304	0.00157117	0.0197209	0.00511258	0.00115303	0.0706992	0.00916002	0.007941	0.000703381	0.00166038	0.00336501	0.00258054	0.00315141	0.00216467	0.0197756	0.381977
85	0.0189445	0.00186063	0.0593279	0.020701	0.0134055	0.369679	0.136511	0.00398496	0.0711649	0.00487987	0.00338435	0.12901	0.00186544	0.0265684	0.0208142	0.085401	0.00893669	0.00811101	0.00104801	0.0144018
86	0.542118	0.0100775	0.00491035	0.00699814	0.00297814	0.0478346	0.00311704	0.00316555	0.00124248	0.0059276	0.0127684	0.00480405	0.000839072	0.00120762	0.00122967	0.279619	0.0479412	0.0172723	0.00039781	0.00555159
87	0.0377498	0.00190054	0.429385	0.234056	0.00330673	0.00729307	0.0235674	0.00438243	0.0493278	0.0136283	0.00520869	0.0214849	0.0434879	0.029357	0.0218986	0.0266664	0.0197079	0.0216322	0.00260945	0.00335056
88	0.0682859	0.00375943	0.0120153	0.0724414	0.0117113	0.00549289	0.0339796	0.0137117	0.194644	0.0597631	0.0280795	0.0245944	0.0130687	0.0742942	0.210587	0.0577619	0.0467488	0.0225014	0.0127509	0.0338086
89	0.111929	0.0859704	0.0137812	0.0078386	0.00839997	0.018396	0.00417536	0.0220591	0.00341832	0.0632234	0.0476853	0.0592441	0.0031052	0.00645009	0.00709041	0.150365	0.283693	0.0993182	0.00116071	0.00269652
90	0.00538162	0.00351616	0.00829322	0.00127265	0.283139	0.00134675	0.0267125	0.00125082	0.000866903	0.0559846	0.00168045	0.00934135	0.000716142	0.00112386	0.00465887	0.00178175	0.00328657	0.00171667	0.028351	0.559579
91	0.027289	0.035454	0.00183328	0.00207991	0.330835	0.00780802	0.0261727	0.130845	0.00246555	0.0925485	0.0305029	0.00312424	0.00147931	0.00289925	0.00281233	0.022359	0.00509689	0.110404	0.0155754	0.148415
92	0.0784763	0.0484846	0.00300831	0.00230001	0.00981123	0.0186618	0.00172039	0.159437	0.001811	0.0449915	0.0397769	0.00561532	0.00580938	0.00254728	0.00687485	0.0235633	0.0809667	0.46308	0.000904282	0.00215967
93	0.0222487	0.00466416	0.00102847	0.0023063	0.0175672	0.00463114	0.00524521	0.221823	0.00271555	0.339048	0.0722857	0.00605659	0.00557577	0.00874103	0.00717596	0.00563809	0.0623124	0.204039	0.00204469	0.0048529
94	0.0259742	0.00535599	0.0406768	0.0114588	0.00649949	0.125964	0.101887	0.0108895	0.0221329	0.0141458	0.010653	0.41956	0.00655518	0.0163853	0.0149475	0.0717974	0.0479972	0.0389067	0.0023458	0.00586676
95	0.0266254	0.00156242	0.0310583	0.0139483	0.00120964	0.844115	0.00819116	0.00149811	0.0065846	0.00261963	0.00161039	0.0170164	0.00311412	0.00716302	0.00192916	0.0222066	0.00412796	0.00300375	0.000542452	0.00187358
96	0.121711	0.0177732	0.0573508	0.0269834	0.0054311	0.032233	0.0133302	0.0157053	0.0113308	0.0204548	0.0181637	0.0389968	0.00624545	0.0264333	0.0309562	0.250396	0.268674	0.0299716	0.00362551	0.00423355
97	0.156198	0.0223172	0.0294707	0.0238325	0.00875772	0.0326268	0.0166057	0.0164533	0.0148995	0.0216983	0.0189027	0.0348174	0.0220556	0.0222511	0.0243812	0.280265	0.205865	0.0346637	0.00531078	0.00862769
98	0.366852	0.0124471	0.00976547	0.0115439	0.00221469	0.0745045	0.00533431	0.011014	0.00311833	0.00975068	0.0186091	0.00966842	0.0055422	0.00521212	0.00684287	0.245306	0.147709	0.049033	0.00117177	0.00436116
99	0.410581	0.00917066	0.00799443	0.0112676	0.00212843	0.0507539	0.00245813	0.00296862	0.00148619	0.00428225	0.00772093	0.00629858	0.00126854	0.00160914	0.00168901	0.397441	0.0528156	0.0237866	0.000414277	0.00386562
100	0.0341481	0.0036991	0.156505	0.0514803	0.00471625	0.0470446	0.0442174	0.0128336	0.0307765	0.00940836	0.00738667	0.431072	0.00875665	0.0277696	0.0242322	0.0551423	0.0264208	0.0170603	0.00223769	0.0050929
101	0.0583024	0.00797965	0.0303328	0.0517895	0.00424923	0.0265381	0.0203655	0.0127322	0.242225	0.0289023	0.0105775	0.0345772	0.00779951	0.0771231	0.274136	0.0475924	0.0383691	0.0126195	0.00142297	0.0123661
102	0.00533128	0.000576854	0.00081203	0.00496971	0.00306474	0.000878522	0.000626277	0.629176	0.00313531	0.0247961	0.0198916	0.00111395	0.0005469	0.000893582	0.000797817	0.00162194	0.0306487	0.264992	0.000306168	0.00582036
103	0.106524	0.0448823	0.00256579	0.00379198	0.00864105	0.0137655	0.00204956	0.169766	0.00193395	0.0385944	0.0310929	0.00532944	0.00903626	0.0024073	0.00581988	0.0212085	0.0715438	0.458893	0.000915285	0.00123868
104	0.111585	0.0836316	0.00754811	0.00954246	0.127947	0.065879	0.0061127	0.0172275	0.006522	0.225039	0.0651556	0.0102928	0.013418	0.00845708	0.00703391	0.0298629	0.118632	0.012536	0.0639376	0.00963863
105	0.582291	0.00492887	0.00389591	0.00428285	0.00905192	0.0809195	0.00945976	0.00273112	0.00213465	0.00830428	0.0143562	0.00497027	0.0032696	0.00335581	0.00391445	0.192058	0.0462934	0.00864079	0.000800873	0.0143408
106	0.102962	0.0341231	0.0136743	0.0113595	0.0245483	0.017805	0.00393093	0.0521507	0.00710882	0.173959	0.0772065	0.0691945	0.0039542	0.0121666	0.0220676	0.0962401	0.0872464	0.184321	0.00144614	0.00453548
107	0.0875876	0.0405187	0.00461516	0.00369339	0.0142281	0.0152391	0.00239081	0.150559	0.00266096	0.0878544	0.0478212	0.016714	0.00609083	0.00443277	0.0079648	0.0410004	0.0746977	0.38821	0.00125651	0.00246539
108	0.4142	0.00729763	0.0221542	0.00805954	0.00258527	0.0628551	0.0169887	0.00907108	0.00686014	0.0238392	0.00995154	0.0105679	0.0256536	0.00394086	0.0354989	0.124335	0.159524	0.0460588	0.00472499	0.005833
109	0.127763	0.000848144	0.0918932	0.16949	0.00106484	0.0352771	0.0125638	0.00349473	0.0693007	0.0139816	0.00132533	0.0351766	0.264846	0.0225347	0.0540826	0.0544834	0.0241743	0.011945	0.000352535	0.00540276
110	0.0130615	0.00160207	0.163581	0.0212634	0.0035328	0.569253	0.0134185	0.00273857	0.0315141	0.00364633	0.00244189	0.113851	0.00158846	0.0071958	0.00959235	0.022074	0.00773085	0.00341215	0.000796426	0.0077061
111	0.0660367	0.00301236	0.416338	0.170419	0.00431869	0.0173133	0.0157371	0.0038361	0.0490486	0.00988	0.00478159	0.0431544	0.0106242	0.0635451	0.0372227	0.045481	0.0213899	0.0133849	0.00326847	0.00120829
112	0.00935807	0.0063709	0.000559554	0.00188128	0.0184317	0.000990716	0.000863103	0.388983	0.00055301	0.222897	0.0411624	0.00221363	0.000861136	0.00131418	0.00193092	0.00616173	0.0267951	0.266272	0.000859109	0.00154222
113	0.0657223	0.0285777	0.00161091	0.00452443	0.007315	0.00972709	0.00113694	0.216905	0.00171197	0.0511011	0.0268384	0.00457679	0.00471157	0.00130764	0.00414263	0.01583	0.0595322	0.492761	0.000806097	0.00116083
114	0.0138382	0.00108346	0.000596571	0.00246117	0.0238875	0.00212425	0.00272627	0.134908	0.00154932	0.623765	0.0786535	0.0011339	0.00262947	0.00494875	0.00156825	0.00372267	0.00958885	0.085326	0.00240606	0.00308291
115	0.0336486	0.0390095	0.00185301	0.00229494	0.285863	0.00965606	0.0247976	0.144893	0.0024073	0.0909226	0.0267382	0.00311645	0.00171838	0.00237399	0.00249654	0.0227208	0.00647977	0.136206	0.0148797	0.147924
116	0.0606605	0.00475071	0.301494	0.140089	0.00431334	0.130165	0.0197418	0.00605311	0.0509807	0.00960859	0.00710918	0.0633325	0.0192105	0.0550215	0.0367386	0.048079	0.0256937	0.0107161	0.00173397	0.00450772
117	0.118244	0.00917561	0.0345418	0.0539908	0.00848302	0.0262186	0.0291308	0.0161636	0.148864	0.0270668	0.0149074	0.0326972	0.0163622	0.0614841	0.261921	0.0555318	0.048617	0.0207645	0.0027942	0.0130411
118	0.0503593	0.00899537	0.0788547	0.0307606	0.0114386	0.0449685	0.0507639	0.0161053	0.0262348	0.0242337	0.014931	0.428976	0.0109619	0.0234664	0.0260097	0.0589105	0.0464457	0.0254501	0.00373374	0.0184006
119	0.0991059	0.139448	0.0245561	0.0160803	0.00642523	0.0430089	0.0116432	0.0123337	0.0104463	0.028821	0.0300639	0.116154	0.00641812	0.0119132	0.0119304	0.19346	0.191778	0.0386707	0.00292264	0.00482011
120	0.0204158	0.00468153	0.0118473	0.0177704	0.0295361	0.017097	0.542024	0.0153198	0.0176754	0.0347052	0.0102503	0.0717242	0.00518999	0.0835525	0.0227987	0.023314	0.0173981	0.0180644	0.00290691	0.0337282
121	0.0616705	0.00938481	0.0478693	0.0691311	0.00926624	0.0220867	0.0266569	0.0193812	0.278425	0.0340048	0.0190124	0.0306332	0.0242845	0.0585339	0.174662	0.0394796	0.0361113	0.0196585	0.00344594	0.016302
122	0.402603	0.0151379	0.0115728	0.0164415	0.0023056	0.0481145	0.004066	0.00612239	0.00444441	0.00788879	0.00978718	0.00858151	0.00775568	0.00399405	0.00396179	0.348452	0.0611345	0.0324103	0.000906421	0.00431985
123	0.071057	0.0122928	0.00293353	0.00550925	0.0254745	0.0077342	0.00404918	0.241674	0.00392544	0.185291	0.0407378	0.02603	0.00980801	0.00464136	0.00594997	0.0284225	0.0461751	0.274131	0.00190558	0.00225807
124	0.144518	0.0566809	0.0348975	0.0456755	0.0129022	0.0414647	0.0502832	0.0528303	0.00886236	0.0721276	0.0732796	0.0402988	0.0186993	0.0215306	0.0165741	0.0724307	0.0646517	0.0796488	0.00611607	0.0865278
125	0.013546	0.00319468	0.00470908	0.00975329	0.0427303	0.00483736	0.523989	0.00711378	0.00491652	0.0326979	0.010056	0.0917292	0.00308267	0.14698	0.00667701	0.0167739	0.00889017	0.00894727	0.00321966	0.056156
126	0.576743	0.00748418	0.00330774	0.0033034	0.00437934	0.0676135	0.0047813	0.00171056	0.00149029	0.00886903	0.0163427	0.00488044	0.001087	0.00152875	0.00175583	0.235738	0.0432388	0.00726695	0.000396399	0.00808276
127	0.00221324	0.000471452	0.000698137	0.000896289	0.0296474	0.00271437	0.000720403	0.0472847	0.000755924	0.773123	0.095502	0.000913051	0.00333065	0.00647231	0.00088056	0.00575682	0.0017017	0.0229504	0.00329023	0.000676972
128	0.0170362	0.00600959	0.000773302	0.00204353	0.0294512	0.00289062	0.00198984	0.302251	0.00455453	0.240448	0.0941473	0.00381375	0.00378868	0.00284654	0.00492313	0.00545211	0.0663394	0.201478	0.00373944	0.00602431
129	0.00806335	0.000815404	0.00129011	0.00156676	0.0306893	0.00426564	0.0038173	0.0592684	0.00287616	0.640181	0.164437	0.00184733	0.00335704	0.0276491	0.00265354	0.0071632	0.0040253	0.0286328	0.00262376	0.00477737
130	0.0920629	0.147576	0.0134993	0.00340161	0.00219578	0.0286481	0.003385	0.00424774	0.00249984	0.0164914	0.0331199	0.102108	0.00245496	0.00426356	0.00282168	0.166425	0.33771	0.0345419	0.000975953	0.00157076
131	0.0241959	0.00128535	0.0881431	0.0331173	0.0128396	0.450191	0.0803314	0.00232709	0.0622597	0.00330358	0.00240992	0.0940525	0.00162035	0.0261415	0.0229932	0.0690614	0.00726198	0.00352204	0.000721882	0.0142215
132	0.226455	0.0136069	0.0122483	0.0159099	0.0330662	0.118003	0.0100113	0.100157	0.00791265	0.0648484	0.021598	0.0170713	0.0169693	0.0114426	0.0107582	0.0742172	0.0372163	0.151374	0.00538097	0.0517533
133	0.0197436	0.00197361	0.00247284	0.00708314	0.0223713	0.00280823	0.00190347	0.180733	0.0579228	0.0867739	0.0740493	0.0191044	0.00233901	0.00732893	0.0437241	0.0153893	0.113174	0.336805	0.00167818	0.00262128
134	0.103003	0.0156046	0.00459257	0.0107583	0.00298123	0.0218586	0.00506231	0.0109346	0.0104064	0.00867885	0.00239361	0.00881631	0.708229	0.0119584	0.00434018	0.028311	0.0215578	0.00934789	0.000663062	0.0105029
135	0.00990848	0.00514574	0.000730792	0.00458875	0.0106783	0.001077	0.000696083	0.446896	0.00131824	0.11564	0.0241155	0.00159305	0.000570362	0.00100446	0.000993308	0.00388819	0.0258485	0.342503	0.000474457	0.00233056
136	0.0074753	0.00850608	0.00659812	0.00136138	0.331696	0.00193378	0.0235696	0.0131815	0.00114257	0.0764785	0.0105096	0.00741537	0.00086603	0.00247594	0.00394779	0.00459001	0.00390772	0.0107594	0.0285563	0.455029
137	0.00192188	0.000458194	0.00069763	0.000870402	0.0298139	0.00273154	0.000676232	0.0454124	0.000746157	0.776383	0.0956842	0.000905403	0.00333466	0.00651117	0.000873168	0.00580244	0.00150068	0.0217447	0.00330529	0.000627152
138	0.0206654	0.0504898	0.0563254	0.0646188	0.00409991	0.00824647	0.00560274	0.078835	0.161889	0.0136615	0.0337196	0.0151629	0.101607	0.00620235	0.0647635	0.0934474	0.164305	0.049435	0.00193799	0.00498593
139	0.244024	0.00708047	0.0124986	0.0172293	0.00347587	0.0477559	0.0158701	0.0107564	0.0142207	0.0143611	0.00780669	0.0152994	0.251061	0.0144514	0.0139248	0.157549	0.11833	0.0266991	0.00234682	0.00525927
140	0.212566	0.00583531	0.0572055	0.0467266	0.00900872	0.01187	0.00388417	0.0441116	0.0121023	0.0776226	0.0229897	0.0294472	0.00417159	0.0231745	0.00538561	0.155744	0.156203	0.116719	0.00133962	0.00389308
141	0.0642271	0.00905147	0.0234223	0.0516659	0.00619074	0.0171902	0.0268027	0.0137231	0.227068	0.0274361	0.0132594	0.0242995	0.00927264	0.0686407	0.321351	0.0355872	0.0318365	0.0141243	0.00186178	0.0129896
142	0.070439	0.0214803	0.0308074	0.0262354	0.0204427	0.0278679	0.0238269	0.0418096	0.0240654	0.108409	0.0391522	0.15932	0.0134266	0.0296475	0.0354997	0.085772	0.155121	0.0597101	0.00751552	0.0194513
143	0.171651	0.00259895	0.0628533	0.127354	0.00159694	0.0589376	0.0307126	0.00534218	0.0761591	0.010335	0.00250645	0.0586977	0.14605	0.034484	0.0579311	0.0834414	0.0448581	0.0182146	0.0012616	0.00501498
144	0.00549399	0.00369672	0.00861014	0.00133583	0.287878	0.00140549	0.027301	0.00156109	0.00106276	0.0675249	0.00261776	0.00999032	0.000686022	0.0016931	0.00520882	0.00258427	0.00361008	0.00191558	0.0319647	0.53386
145	0.0228831	0.00129554	0.0282714	0.0131015	0.00106451	0.858852	0.00872654	0.00159083	0.00490953	0.0019842	0.00125291	0.016051	0.00300504	0.00724514	0.0015782	0.0210961	0.00351039	0.00231744	0.000382558	0.000882351
146	0.0107679	0.00106385	0.00157205	0.0017529	0.0486834	0.00269781	0.00223874	0.090557	0.00123111	0.647004	0.106154	0.00129673	0.00329223	0.00668568	0.00259639	0.011371	0.00812148	0.0438991	0.00291664	0.00609766
147	0.0190212	0.00483189	0.00116438	0.00273473	0.0225338	0.00271686	0.00259419	0.317085	0.00237005	0.303313	0.0736527	0.00324348	0.00372306	0.00375741	0.00370164	0.0061551	0.032114	0.187741	0.00232586	0.00522098
148	0.0469709	0.00215819	0.0250658	0.0139093	0.00150052	0.802466	0.00753961	0.00205751	0.00529535	0.00363794	0.00251493	0.0137024	0.009994	0.00827875	0.0031811	0.034846	0.0097738	0.00428872	0.000968014	0.00185151
149	0.111686	0.0195593	0.0243083	0.0702034	0.0146461	0.132054	0.00922706	0.0152259	0.0240935	0.0458913	0.00869878	0.0191827	0.393918	0.0155169	0.0175239	0.0318536	0.0215348	0.0153088	0.00181359	0.00775408
150	0.00845558	0.00411859	0.000607891	0.00287593	0.0128095	0.00122043	0.000725246	0.496997	0.00196793	0.131293	0.0432945	0.00171716	0.00108445	0.0011868	0.00145978	0.00415292	0.0278367	0.254439	0.000855333	0.00290266
151	0.124435	0.00954854	0.0770699	0.0216705	0.0271328	0.0104368	0.0155932	0.0669122	0.0201286	0.104819	0.067846	0.0157358	0.0689692	0.0231321	0.0592524	0.0641773	0.0681399	0.0753627	0.00759542	0.0720421
152	0.0543234	0.00920765	0.00723009	0.0317424	0.00607368	0.0163566	0.00975792	0.0451089	0.186068	0.0294847	0.0247046	0.022146	0.00558392	0.0667261	0.331415	0.0571905	0.0375543	0.0421994	0.00229097	0.0148364
153	0.0497235	0.0272256	0.00528053	0.00812631	0.0468931	0.00706554	0.0491017	0.105492	0.00521849	0.254465	0.0912688	0.00648852	0.00397425	0.00848246	0.0052865	0.0121903	0.0168359	0.205135	0.00443001	0.087317
154	0.299323	0.0417346	0.0102799	0.0125032	0.0244176	0.0288067	0.00706486	0.0283971	0.00838314	0.131459	0.0974116	0.0226462	0.00990296	0.0124684	0.0115758	0.0972666	0.0808057	0.0561098	0.0105048	0.00893949
155	0.066641	0.0312694	0.00159637	0.00391882	0.00673888	0.0106062	0.00106006	0.207357	0.00149884	0.0438945	0.027619	0.00435939	0.00425694	0.00125469	0.00435704	0.0158757	0.0629002	0.5032	0.000689	0.000907199
156	0.0078177	0.00602205	0.000519431	0.00210307	0.0168443	0.000876231	0.000704696	0.422133	0.000596542	0.200698	0.0403115	0.00172674	0.000577759	0.00107731	0.00126923	0.00521808	0.0230887	0.266356	0.000759508	0.00130045
157	0.0773294	0.0114459	0.0965252	0.233397	0.00639217	0.0237149	0.030213	0.0155167	0.0606854	0.0224716	0.0173819	0.0457123	0.0045042	0.171629	0.0480793	0.0373448	0.0648372	0.0244302	0.00292618	0.00546419
158	0.113439	0.0102478	0.0295084	0.0421342	0.0244462	0.0287673	0.0308183	0.0202065	0.0320179	0.103888	0.0329678	0.111035	0.0114519	0.139929	0.0374315	0.104512	0.0722127	0.0291204	0.00696054	0.0189061
159	0.147432	0.271099	0.0221671	0.050785	0.00550269	0.180234	0.00623563	0.00803925	0.00618721	0.0119437	0.00813724	0.0110947	0.00685742	0.00817917	0.00691311	0.216444	0.0139696	0.0116281	0.00262781	0.00452288
160	0.0767869	0.0543486	0.0368061	0.0245752	0.00635213	0.0311742	0.0157677	0.0117325	0.0121355	0.027267	0.0286736	0.0824035	0.00554902	0.0302394	0.0329065	0.161505	0.322421	0.0293902	0.00460486	0.00536093
161	0.00729465	0.00412183	0.00753114	0.00173082	0.324901	0.00242574	0.0254313	0.00567878	0.0011846	0.0637821	0.00545044	0.0103667	0.000983499	0.00290214	0.0045079	0.00325571	0.00392537	0.00466104	0.0258086	0.494057
162	0.0592705	0.00518192	0.428594	0.119392	0.00867768	0.0272214	0.0192685	0.0111856	0.0476084	0.0178423	0.00769626	0.0391778	0.0188914	0.039411	0.03624	0.0463121	0.0388273	0.0179462	0.00570683	0.00554915
163	0.0227405	0.00121565	0.0311345	0.0139175	0.00101313	0.856331	0.00722198	0.00141534	0.00573598	0.0025874	0.00151839	0.0157996	0.00302861	0.00710293	0.00184146	0.020301	0.00364528	0.0020912	0.000426649	0.000931909
164	0.0106483	0.0083306	0.00052541	0.00162596	0.0246387	0.00130699	0.000802411	0.383571	0.000527178	0.218741	0.0537075	0.00213116	0.00085625	0.0012191	0.00152378	0.00602998	0.0368619	0.243537	0.00108591	0.0023296
165	0.00883521	0.00906103	0.000576606	0.00171045	0.022875	0.00107697	0.000798471	0.398128	0.000577195	0.213744	0.0471738	0.00189186	0.000691338	0.00110356	0.00150479	0.00539681	0.0284582	0.253617	0.00093214	0.00184699
166	0.124297	0.00807158	0.0217919	0.0334735	0.0403046	0.0215229	0.0914995	0.0272953	0.0390764	0.0470681	0.0249989	0.0418581	0.0989065	0.0258694	0.0366806	0.0741513	0.0533454	0.0394964	0.0147357	0.135556
167	0.014387	0.00375845	0.167087	0.00909873	0.00392003	0.0117408	0.0692048	0.0099595	0.010702	0.00773534	0.00599412	0.570958	0.00387233	0.00654269	0.00852394	0.0622994	0.014679	0.0137219	0.00215695	0.00365807
168	0.553136	0.00436344	0.00957356	0.00510225	0.00276204	0.0215985	0.00429558	0.00962031	0.00412233	0.0269875	0.00830877	0.0107259	0.00688065	0.00380677	0.00650374	0.0932512	0.0983779	0.124959	0.00225707	0.00336673
169	0.0676744	0.000870564	0.0181871	0.0294048	0.0443885	0.00187214	0.0711487	0.0137333	0.0845024	0.100436	0.0284545	0.0558202	0.0168247	0.0285984	0.068296	0.120353	0.0912866	0.0302359	0.0362883	0.0916251
170	0.0805241	0.0498425	0.00219333	0.00178844	0.00807136	0.0161745	0.00129346	0.159391	0.00157047	0.0433754	0.0387441	0.00545932	0.00521447	0.00151625	0.00665668	0.0243718	0.0843248	0.467719	0.000732264	0.00103727
171	0.0540518	0.00144893	0.316424	0.224342	0.00246255	0.0117073	0.0250276	0.00301109	0.0603102	0.0152415	0.0024371	0.0252066	0.131416	0.0138739	0.0275403	0.0383067	0.020898	0.0222251	0.00157287	0.00249649
172	0.066404	0.00128931	0.0140496	0.0261156	0.0594449	0.00275214	0.0851894	0.0131178	0.0721843	0.0477628	0.018399	0.0868791	0.0133162	0.031524	0.0642328	0.117534	0.0811273	0.0333236	0.0283178	0.137036
173	0.0070909	0.00438872	0.000523446	0.00235677	0.0142179	0.000932478	0.000653962	0.489324	0.00113435	0.151605	0.0384389	0.00142694	0.000572529	0.000940019	0.00103823	0.004105	0.0247234	0.253449	0.000855104	0.00222413
174	0.0445401	0.00670814	0.00751471	0.00802286	0.1648	0.00413741	0.0365042	0.0640475	0.00840941	0.299931	0.103206	0.0101446	0.00812278	0.0182687	0.010745	0.0247896	0.0304836	0.0417528	0.0192273	0.0886437
175	0.0100728	0.00783587	0.00327904	0.00238664	0.486215	0.00239245	0.0152519	0.0167761	0.00225508	0.181837	0.0348132	0.00552112	0.0015704	0.00858462	0.00350709	0.0129536	0.0152493	0.00627457	0.0394516	0.143773
176	0.0622042	0.00555956	0.40425	0.126525	0.0095955	0.036425	0.0172762	0.0116291	0.0427764	0.0215702	0.00913537	0.0425587	0.0174612	0.0419739	0.0331234	0.0473753	0.0372677	0.0216748	0.00523836	0.00638059
177	0.235893	0.0943432	0.0238486	0.130568	0.00413964	0.0627953	0.00511256	0.0118964	0.0149486	0.0117918	0.00934711	0.0140277	0.0049328	0.0151959	0.00933632	0.265333	0.0492137	0.030062	0.00278424	0.0044299
178	0.476757	0.00951593	0.0137505	0.0200496	0.00846506	0.0479289	0.00869316	0.0155612	0.0114732	0.0216115	0.0173362	0.017045	0.0204524	0.0119765	0.0111199	0.162614	0.070081	0.0421485	0.00299575	0.0104245
179	0.0656247	0.0148929	0.0240514	0.0339061	0.112688	0.0215491	0.0313985	0.0390062	0.0239175	0.100718	0.0378111	0.0287328	0.0159641	0.0231405	0.0237993	0.0597216	0.0539554	0.0356536	0.154147	0.099322
180	0.0690908	0.0323884	0.00276484	0.00283696	0.247217	0.0387625	0.0213633	0.128009	0.00297088	0.0874424	0.0213513	0.00365705	0.00259594	0.00302665	0.00350104	0.0304669	0.00611315	0.136262	0.0137816	0.146398
181	0.170638	0.00979322	0.00853472	0.0232785	0.00835355	0.223614	0.0101481	0.0096251	0.0118368	0.0177309	0.0048394	0.00826278	0.339637	0.0129891	0.00631703	0.0816705	0.0322687	0.0125013	0.00167972	0.00628129
182	0.00675734	0.00421448	0.00811245	0.00209502	0.280202	0.00158406	0.0307222	0.00547443	0.00174773	0.0562826	0.00352972	0.0116402	0.000783404	0.00258405	0.00522783	0.00292035	0.00430012	0.00550555	0.0282077	0.538108
183	0.233795	0.00945661	0.0244581	0.120938	0.00932868	0.07563	0.00924973	0.0155787	0.0371198	0.0711475	0.0614139	0.0448341	0.00602333	0.0458579	0.0225211	0.0645294	0.0968179	0.0418353	0.00354413	0.0059214
184	0.118003	0.0060345	0.0816934	0.0961321	0.000816775	0.0386413	0.0394017	0.00848163	0.0916677	0.0156412	0.0029112	0.088542	0.0299361	0.0628513	0.107362	0.103554	0.101699	0.002552	0.000536255	0.003543
185	0.0131035	0.00729232	0.00456378	0.0039609	0.544849	0.00434577	0.0138052	0.0266505	0.00480144	0.12498	0.0332366	0.00695682	0.00239006	0.00594405	0.00530791	0.0110385	0.00903461	0.0148063	0.0150638	0.147869
186	0.0323169	0.00765762	0.0147235	0.0166152	0.0134964	0.0157072	0.287979	0.0790834	0.0136215	0.110611	0.0190805	0.120755	0.00653545	0.0204987	0.0200159	0.0907974	0.0339314	0.0801661	0.00407496	0.0123327
187	0.0754168	0.00117506	0.0921513	0.153884	0.00176579	0.0206028	0.0097855	0.00370417	0.0555735	0.0122168	0.00220308	0.0417083	0.396663	0.0144933	0.0483696	0.0405065	0.014874	0.00974552	0.000697396	0.00446387
188	0.0324896	0.00351859	0.000915506	0.00417817	0.0322737	0.00271853	0.00464638	0.251398	0.00227695	0.36098	0.0873875	0.00201132	0.00353788	0.00412091	0.00337167	0.0045889	0.0355785	0.149477	0.00295905	0.0115723
189	0.0194829	0.00581797	0.00558519	0.00282735	0.317199	0.00330513	0.0188335	0.0231961	0.00248029	0.223898	0.0632037	0.00677438	0.00450588	0.0092639	0.00747631	0.0187013	0.0314369	0.00789884	0.0326414	0.195472
190	0.0950533	0.0111875	0.0365333	0.0715793	0.00138192	0.00952335	0.047464	0.00395661	0.245425	0.0136304	0.00242866	0.029734	0.00262433	0.106368	0.267585	0.0115668	0.0371952	0.00268803	0.000650266	0.00342404
191	0.260583	0.0033142	0.00536062	0.010364	0.00189226	0.0511022	0.0164684	0.00445805	0.0151316	0.00618832	0.00326662	0.00656986	0.361526	0.0121155	0.00640572	0.148615	0.0635232	0.0176007	0.0015776	0.003938
192	0.0271532	0.00751734	0.00177932	0.00310338	0.0164389	0.0276232	0.00557174	0.212886	0.00202779	0.327958	0.0742368	0.00780409	0.021032	0.0078855	0.00551494	0.00657086	0.0585894	0.177624	0.00311745	0.00556559
