1473	20
1	0.00461283	0.00342829	0.00207013	0.00177612	0.458301	0.00099063	0.0364055	0.00808874	0.00283754	0.0344146	0.00421051	0.00470422	0.00107996	0.00181121	0.00116943	0.0063729	0.00664449	0.010315	0.00443748	0.40633
2	0.0614313	0.00228204	0.175984	0.148269	0.0027474	0.0392565	0.0312701	0.0123068	0.0561351	0.012162	0.00396566	0.134866	0.0108708	0.0581732	0.0235238	0.120668	0.0921213	0.011278	0.000244314	0.00244526
3	0.026851	0.0163042	0.0102158	0.0130978	0.15597	0.0155756	0.065056	0.0141485	0.0170578	0.0381653	0.0122062	0.0273966	0.00474724	0.0176679	0.0149239	0.0327435	0.0324653	0.0242589	0.0562382	0.40491
4	0.111216	0.00458602	0.0387661	0.070139	0.00394328	0.0620363	0.0345228	0.0105015	0.162539	0.0261457	0.012832	0.0525429	0.00653871	0.095788	0.131273	0.11053	0.0350589	0.0250014	0.00118465	0.00485517
5	0.0863339	0.00168747	0.0751669	0.171339	0.00735625	0.0208674	0.0265456	0.0609664	0.053794	0.0648235	0.033151	0.0393421	0.0137311	0.104392	0.0375336	0.0713982	0.0579124	0.064044	0.000379006	0.00923666
6	0.0488995	0.000957231	0.291942	0.233211	0.0020235	0.040155	0.0192594	0.00875656	0.0407785	0.00978524	0.00515481	0.0930012	0.00589059	0.0419166	0.0131111	0.0827299	0.0506811	0.00813734	0.000605481	0.0030042
7	0.0476604	0.00215012	0.232879	0.382241	0.00535286	0.0180867	0.013878	0.0204492	0.0305199	0.0144696	0.00957671	0.0360921	0.0107191	0.0511091	0.018045	0.0508836	0.0307118	0.0174042	0.000456133	0.00731552
8	0.0759893	0.00181745	0.00843987	0.0181	0.0161239	0.0286202	0.0208917	0.0145864	0.00952965	0.0219825	0.00441917	0.0227714	0.514503	0.03012	0.00839336	0.126809	0.0468805	0.024668	0.000245465	0.00510968
9	0.0510593	0.00468637	0.0362388	0.0422418	0.00189902	0.0160771	0.0123979	0.0133559	0.0733686	0.0186564	0.0159235	0.0610958	0.00360897	0.0195509	0.018656	0.304876	0.287078	0.00830609	0.000372854	0.0105509
10	0.224436	0.0190404	0.00388539	0.0095555	0.00482309	0.421131	0.00471288	0.0104254	0.00454832	0.0172895	0.00506638	0.0228076	0.0107649	0.0105437	0.00626598	0.158874	0.0246012	0.0163196	0.00111364	0.0237956
11	0.0640383	0.00190557	0.137135	0.268556	0.00706906	0.0205158	0.023148	0.0373703	0.0480016	0.0373419	0.018611	0.043187	0.0130976	0.0829061	0.0293487	0.0654338	0.0503045	0.0444523	0.000324692	0.0072524
12	0.231349	0.014707	0.00469891	0.00409276	0.0189873	0.0546101	0.0029667	0.0334975	0.00773056	0.041939	0.0419641	0.0196432	0.191868	0.0147429	0.00569128	0.124621	0.0487163	0.127698	0.000890717	0.00958522
13	0.0544205	0.0204106	0.00550955	0.0240318	0.0273424	0.006979	0.0122676	0.146536	0.0254959	0.239196	0.104548	0.0171606	0.00312678	0.0292876	0.0297618	0.0441367	0.0765194	0.113414	0.00189332	0.0179624
14	0.0201285	0.00876515	0.00502413	0.00542296	0.00105874	0.0124948	0.00330714	0.0120869	0.00233205	0.00380967	0.00323147	0.0192989	0.00953139	0.00592234	0.00301328	0.587907	0.293035	0.00207765	0.000359995	0.00119234
15	0.0143021	0.006447	0.000749959	0.00112208	0.035836	0.00151866	0.00106536	0.211029	0.00131256	0.519208	0.0693261	0.00133797	0.00146686	0.00245387	0.00140366	0.00685644	0.00891113	0.11237	0.000544024	0.00273934
16	0.144712	0.00558685	0.00710092	0.0270021	0.0276134	0.0256738	0.0300459	0.0429361	0.0625024	0.014311	0.00835762	0.0302165	0.00486319	0.0301137	0.103339	0.0964885	0.0570292	0.163344	0.0442482	0.0745147
17	0.0461704	0.00448603	0.0643124	0.0514073	0.00807186	0.497437	0.0198308	0.00324599	0.0360198	0.0117823	0.00466302	0.087571	0.00205539	0.023744	0.0197472	0.0853727	0.0219255	0.00476044	0.000253874	0.00714334
18	0.0276723	0.00205868	0.00518085	0.0182376	0.00235881	0.0148392	0.0190002	0.0159196	0.392131	0.0153866	0.0100366	0.0212694	0.00475919	0.0520518	0.328782	0.0265509	0.0203018	0.0142293	0.00299027	0.00624362
19	0.0339337	0.029664	0.00338561	0.00771461	0.12262	0.0168264	0.00774812	0.156906	0.00605935	0.183105	0.213839	0.00880694	0.00763546	0.0134736	0.00997516	0.0263557	0.0229045	0.108278	0.0022999	0.0184679
20	0.049266	0.00513128	0.0762422	0.0800334	0.00992777	0.373868	0.0256352	0.00561333	0.0444314	0.0196478	0.00778659	0.0811312	0.00456014	0.0465015	0.0302701	0.0948402	0.0269262	0.00849024	0.000615158	0.00908234
21	0.0807449	0.00235422	0.140574	0.165681	0.00553265	0.0378189	0.03166	0.0149243	0.0566336	0.0180249	0.00809325	0.0908812	0.0146257	0.0748251	0.0311658	0.116894	0.0816514	0.0232146	0.000215419	0.00448433
22	0.0310357	0.00207351	0.00566549	0.0184274	0.00316878	0.0165215	0.0189213	0.0154147	0.384175	0.0158605	0.0101609	0.0224153	0.0047851	0.0509644	0.328484	0.0278002	0.0201492	0.014096	0.00288195	0.00699836
23	0.36195	0.00721193	0.00583007	0.00375961	0.0728069	0.00939739	0.00785748	0.0275257	0.00464293	0.0400592	0.0112201	0.0343198	0.00469636	0.0206884	0.00471774	0.072737	0.0381545	0.211442	0.00202421	0.0589591
24	0.0429313	0.0145601	0.0371752	0.0336892	0.104058	0.0180064	0.0606665	0.016696	0.0779692	0.0551008	0.0267924	0.0417398	0.0145059	0.0686097	0.0519805	0.0576839	0.0505741	0.0275464	0.027549	0.172165
25	0.020825	0.00273302	0.00536212	0.0198944	0.0121257	0.0103497	0.0751612	0.023542	0.329321	0.00969025	0.00725425	0.0547066	0.0111508	0.063564	0.271244	0.0289762	0.0227645	0.0159307	0.00425478	0.0111504
26	0.0921441	0.00441485	0.00869163	0.0130346	0.0105058	0.0300968	0.0123658	0.0133026	0.00877452	0.0160243	0.00497246	0.0196324	0.549626	0.0185586	0.00717166	0.115006	0.0499191	0.0214446	0.000349294	0.00396431
27	0.016086	0.00901128	0.00176598	0.00286322	0.00207477	0.00938276	0.0224434	0.00434366	0.224032	0.0400074	0.00333188	0.0258898	0.00257667	0.104881	0.221914	0.107005	0.188719	0.00430812	0.00134002	0.00802535
28	0.0462551	0.00458632	0.0548832	0.0402124	0.00238248	0.0140011	0.0204051	0.0089843	0.0860941	0.0177905	0.0201567	0.0987964	0.00551876	0.0277744	0.0279683	0.233401	0.27259	0.0105365	0.000405645	0.00725815
29	0.0629422	0.00225828	0.0305537	0.0591743	0.000998063	0.00918537	0.00946277	0.00745002	0.292891	0.0119571	0.00928894	0.0684888	0.11369	0.0618513	0.116783	0.0810664	0.0383953	0.0210593	0.000231595	0.00227269
30	0.056776	0.00198095	0.198644	0.332351	0.00693196	0.0210234	0.0201093	0.0133331	0.0491039	0.00977496	0.00684343	0.0330892	0.016659	0.0792846	0.0264066	0.059904	0.0384701	0.0231113	0.0003667	0.00583651
31	0.125629	0.0123581	0.0300354	0.0348418	0.00895664	0.0311113	0.0223389	0.0423686	0.0250973	0.0286898	0.0177762	0.0859607	0.0336146	0.0285639	0.0171091	0.207598	0.181439	0.0582561	0.000960581	0.00729487
32	0.0278121	0.00203607	0.00518729	0.0183944	0.00229242	0.0148906	0.0186454	0.0159302	0.393018	0.0154754	0.0101402	0.0213235	0.00488679	0.0523396	0.327079	0.0266996	0.0204567	0.0143164	0.00299222	0.00608466
33	0.0663702	0.00208964	0.140338	0.289351	0.00664782	0.0193057	0.0252361	0.0344151	0.0514725	0.0325347	0.0161472	0.0275209	0.0162784	0.0980169	0.0296296	0.0562669	0.0407013	0.0406544	0.000222949	0.00680132
34	0.0860355	0.00886178	0.0123693	0.0172069	0.0114581	0.00178217	0.014586	0.186171	0.0100809	0.0615536	0.0310958	0.01777	0.000946906	0.00541682	0.0224588	0.0609465	0.224191	0.224592	0.000554361	0.00192247
35	0.00534004	0.00654701	0.00144654	0.000964889	0.242335	0.000621217	0.0360851	0.00504599	0.00275797	0.0218404	0.00621047	0.00179006	0.00138243	0.00218706	0.00109361	0.00538282	0.00346681	0.00968564	0.00410459	0.641712
36	0.0526286	0.00153596	0.237418	0.333651	0.00506668	0.0241217	0.0164223	0.0115121	0.0431636	0.00958055	0.00711524	0.0417112	0.0121888	0.0644241	0.020379	0.0596984	0.0356133	0.0183559	0.000482959	0.00493082
37	0.0647531	0.000745061	0.071118	0.143791	0.00748152	0.0166336	0.0257995	0.0816817	0.0604336	0.0924389	0.0392998	0.0383386	0.0126744	0.0991604	0.0441558	0.0565052	0.0548754	0.0789807	0.000185905	0.0109483
38	0.0107678	0.00628657	0.000318247	0.000321414	0.0502611	0.00050974	0.000513159	0.200976	0.000439114	0.526773	0.0837329	0.000660472	0.00100582	0.000865706	0.000519146	0.00395178	0.00360137	0.106605	0.000530174	0.0013624
39	0.0403922	0.0192465	0.00280544	0.0101845	0.0217759	0.00368074	0.0070444	0.0958106	0.0104525	0.332867	0.199745	0.00970435	0.00145569	0.0171765	0.017001	0.0446896	0.0707382	0.0826178	0.00245464	0.0101576
40	0.130915	0.00747839	0.017848	0.0123539	0.000750964	0.125018	0.023252	0.00478981	0.0523772	0.0126584	0.0016401	0.0846211	0.00130175	0.0246811	0.0318159	0.367485	0.090732	0.00760789	0.00121015	0.00146229
41	0.0498761	0.0117174	0.0054901	0.0220596	0.0337789	0.0076712	0.0140908	0.157995	0.0231338	0.261151	0.0996943	0.018528	0.00386364	0.0348494	0.0278217	0.0368538	0.0603242	0.107237	0.0024279	0.021436
42	0.0468322	0.020108	0.00102163	0.00182074	0.0215309	0.00216965	0.00164031	0.305494	0.00158897	0.147327	0.0308949	0.0024696	0.00338147	0.00217346	0.00175325	0.0137882	0.0416889	0.35169	0.000163014	0.0024642
43	0.0781655	0.00381205	0.0871084	0.062793	0.00627024	0.150155	0.0263739	0.00961004	0.0444307	0.0233849	0.00848988	0.0987687	0.0210874	0.0608426	0.0360896	0.185889	0.0753431	0.0156902	0.000468421	0.00522797
44	0.0443804	0.000491685	0.345989	0.310965	0.00189901	0.0328986	0.0096424	0.00796365	0.0286029	0.00980351	0.00607369	0.0608601	0.00201627	0.0346701	0.00680659	0.0572247	0.028281	0.00746347	0.0007288	0.00323905
45	0.0453243	0.00954139	0.0130403	0.0254783	0.055399	0.00923291	0.0306622	0.102052	0.0499855	0.173196	0.0556245	0.0494631	0.00781692	0.0608486	0.0317424	0.0691808	0.054443	0.113059	0.00281844	0.0410921
46	0.081309	0.0028411	0.00855278	0.0164112	0.0152669	0.0328062	0.0193177	0.01409	0.0103108	0.0209557	0.00465721	0.0234882	0.487324	0.029417	0.00855333	0.143268	0.0510029	0.0249164	0.000278238	0.00523259
47	0.0722742	0.00558106	0.0270612	0.0285298	0.0420373	0.0296925	0.132431	0.0127537	0.0425916	0.0624676	0.0210609	0.0793181	0.0536801	0.102914	0.0560719	0.0736147	0.0543413	0.0225385	0.00627543	0.0747643
48	0.0455352	0.000323691	0.333439	0.315916	0.00106023	0.0335262	0.00888231	0.00691288	0.0299804	0.00891773	0.00640233	0.0639056	0.00111804	0.0343352	0.00556536	0.0624689	0.0305338	0.0077306	0.000752827	0.00269373
49	0.042642	0.0169229	0.00130879	0.00324491	0.0131332	0.00262713	0.00185478	0.329653	0.00192863	0.0662901	0.0223897	0.00203648	0.00371445	0.00148387	0.002896	0.00666534	0.0354881	0.443847	0.000270137	0.00160343
50	0.0361251	0.0114355	0.00155972	0.00212887	0.035738	0.00106174	0.00226973	0.300055	0.00179217	0.326722	0.0415082	0.00335729	0.000967356	0.00389121	0.00123916	0.0237282	0.0408257	0.160801	0.000201167	0.00459253
51	0.0965379	0.0736316	0.00282709	0.0291323	0.00269363	0.026893	0.0204446	0.0729224	0.0871532	0.127879	0.0352797	0.0370629	0.00225335	0.042525	0.103432	0.0807694	0.0625462	0.0911654	0.000800627	0.00405015
52	0.153719	0.0040427	0.0611	0.0653377	0.00327604	0.0953886	0.0212442	0.0093679	0.026393	0.0115217	0.00295963	0.0477445	0.00437814	0.0207071	0.0144545	0.38705	0.0579779	0.00788912	0.00107713	0.00437118
53	0.372328	0.0179039	0.00335429	0.00640137	0.0201629	0.0433564	0.00317105	0.043934	0.00678613	0.0349823	0.023589	0.0144313	0.0152484	0.021986	0.00404797	0.076282	0.141998	0.141778	0.0012975	0.00696165
54	0.226754	0.0677612	0.00156348	0.00734305	0.00551221	0.00807398	0.00101058	0.0360659	0.0113349	0.0481153	0.0239255	0.0073438	0.00054984	0.0103053	0.00309559	0.123672	0.280894	0.134647	0.000339552	0.00169316
55	0.0507196	0.00499248	0.10572	0.135224	0.0280601	0.0213251	0.0613621	0.0452282	0.0503025	0.0976619	0.026438	0.0628541	0.0155389	0.0669799	0.0390609	0.052944	0.0462862	0.0599272	0.00345838	0.0259165
56	0.0903313	0.00263525	0.0452948	0.0907308	0.0161337	0.0192816	0.0271528	0.0606336	0.0437316	0.0569741	0.0341113	0.0575634	0.0189003	0.0634209	0.0409027	0.11888	0.124953	0.0752565	0.000458063	0.0126545
57	0.0332098	0.0145949	0.000684937	0.00130953	0.0121835	0.00199105	0.000978726	0.381417	0.000804615	0.0785447	0.0264056	0.0012279	0.00261646	0.00065801	0.00139226	0.00508503	0.0263583	0.409003	9.1786e-05	0.00144304
58	0.0243324	0.00802945	0.00132373	0.00231774	0.0450586	0.00205529	0.00233895	0.262835	0.00135856	0.397976	0.055371	0.00277221	0.0030817	0.00368615	0.00253259	0.0126372	0.0181853	0.140326	0.000701091	0.0130813
59	0.1323	0.00081074	0.0281458	0.0628561	0.0116229	0.0517187	0.0358039	0.029976	0.0660728	0.0492848	0.0239558	0.0626167	0.0126213	0.0886096	0.0520882	0.142451	0.0844222	0.0525351	0.000343894	0.0117645
60	0.094108	0.00247609	0.00322542	0.00875685	0.0052989	0.0037913	0.00373694	0.270408	0.00494102	0.125176	0.00629332	0.00849185	0.00138399	0.017284	0.0160275	0.0383902	0.167815	0.190323	0.0132214	0.018851
61	0.00460856	0.00358188	0.00047681	0.000414503	0.0187387	0.00279094	0.0016953	0.0441256	0.00116109	0.809319	0.0816661	0.000857221	0.0002988	0.00430325	0.00178125	0.0041144	0.00257729	0.0153338	0.000737254	0.0014182
62	0.0100278	0.0140299	0.00391346	0.00860424	0.00512579	0.0216575	0.0903279	0.00435944	0.3671	0.00609637	0.00844953	0.0768134	0.00208554	0.0585782	0.271324	0.0247274	0.0110618	0.00289733	0.00843341	0.00438641
63	0.0547956	0.00219661	0.177951	0.129081	0.00241776	0.0355577	0.0324754	0.0124454	0.0539944	0.0121709	0.00483947	0.156874	0.0142003	0.0576844	0.0205362	0.123788	0.0957148	0.010059	0.000205015	0.00301317
64	0.0776577	0.00752992	0.095765	0.0762349	0.0054439	0.03803	0.0458201	0.0161789	0.0565259	0.019264	0.00612155	0.162341	0.00965798	0.0675829	0.0293021	0.148354	0.11104	0.0165115	0.000544311	0.0100942
65	0.0672533	0.000680538	0.071044	0.151855	0.00704222	0.0164179	0.0268328	0.0784913	0.0598363	0.0893825	0.0381873	0.0378193	0.0124276	0.102767	0.0435445	0.0555279	0.0531332	0.0773766	0.000134523	0.0102458
66	0.0116981	0.00712293	0.000444441	0.000309943	0.0539934	0.000793302	0.000534376	0.172108	0.000488161	0.570258	0.0785205	0.00062715	0.000976892	0.000892533	0.000538925	0.00404063	0.00210296	0.0924598	0.000697943	0.00139148
67	0.0500232	0.0117067	0.00549289	0.0220225	0.0335924	0.00769538	0.0140001	0.158039	0.0229771	0.260964	0.0997655	0.0185684	0.00387692	0.0349262	0.0278801	0.0369624	0.0603406	0.107292	0.00241695	0.021458
68	0.135352	0.0123029	0.0208397	0.0340908	0.00526553	0.0829462	0.0275793	0.0184262	0.0589863	0.042052	0.0126941	0.115597	0.0106318	0.0727493	0.0273097	0.208314	0.07395	0.0344798	0.000943962	0.00548975
69	0.0485588	0.0122573	0.00513292	0.0210686	0.0337248	0.00734622	0.0137405	0.159341	0.0220548	0.268394	0.101558	0.016859	0.0037878	0.0324595	0.0274947	0.0351888	0.0593288	0.108019	0.00224347	0.0214425
70	0.248986	0.0382269	0.000999369	0.00157099	0.0151754	0.0713807	0.00199805	0.0121523	0.00944542	0.0274075	0.02628	0.0189913	0.0278712	0.0137335	0.000779863	0.375701	0.0519436	0.0497824	0.000245888	0.0073279
71	0.0478198	0.00147797	0.0324699	0.062564	0.00102409	0.0132021	0.00908114	0.00677791	0.33551	0.00994459	0.00975969	0.0760702	0.0645597	0.0609358	0.138615	0.0680769	0.0398188	0.0207198	0.0004284	0.00114442
72	0.0493315	0.00895584	0.0411656	0.0858746	0.00177082	0.0306786	0.0359227	0.0150194	0.226561	0.0275742	0.013475	0.0639964	0.0065974	0.115294	0.143798	0.074157	0.0393785	0.0132146	0.00196252	0.00527235
73	0.0502867	0.0112445	0.00783127	0.0258034	0.0330472	0.00797387	0.0142547	0.155551	0.0236553	0.25496	0.0977636	0.0194594	0.00424724	0.0368944	0.0280791	0.0382099	0.0604515	0.106676	0.00235563	0.0212563
74	0.0658165	0.00163525	0.0884503	0.156987	0.00887313	0.027402	0.0244683	0.0714927	0.0554537	0.0824092	0.0334202	0.0388571	0.0130359	0.0939275	0.0385396	0.0618958	0.0555086	0.0711501	0.000557957	0.0101192
75	0.0296651	0.0115732	0.00355751	0.00511249	0.019513	0.00305783	0.00353221	0.310362	0.00671084	0.210288	0.0508176	0.00420687	0.00266999	0.00774964	0.0080995	0.0172658	0.0267397	0.270984	0.000460257	0.00763464
76	0.112317	0.00369465	0.00637894	0.0173397	0.0167373	0.0354681	0.0175233	0.0137294	0.0102938	0.0195381	0.00422677	0.0259081	0.505625	0.0259874	0.00782596	0.106633	0.0420532	0.0221595	0.00135589	0.00520525
77	0.0162072	0.00734039	0.00726424	0.00468629	0.00877793	0.00285578	0.00188901	0.395649	0.00766881	0.12304	0.0312522	0.000835697	0.000372775	0.00603866	0.0100499	0.00949148	0.0120704	0.348202	0.00030398	0.00600466
78	0.0652695	0.000925481	0.0734935	0.146271	0.00721033	0.0169996	0.0257902	0.0818975	0.0594006	0.094637	0.0382648	0.0384983	0.0124889	0.0987309	0.0433231	0.0545093	0.0520659	0.0792232	0.00028868	0.0107125
79	0.0712947	0.00531015	0.0287305	0.0301441	0.0385802	0.0290961	0.13309	0.0104219	0.0481547	0.0655491	0.0252766	0.0776612	0.0449345	0.102521	0.0665865	0.0729516	0.0490792	0.0203996	0.0070364	0.0731824
80	0.0472154	0.000605326	0.314518	0.316215	0.00186703	0.0312799	0.010469	0.00784313	0.0335033	0.00895532	0.00660857	0.0594249	0.00313805	0.040669	0.00867252	0.0628054	0.0323908	0.0100763	0.00070646	0.00303574
81	0.0172147	0.00687471	0.00557122	0.00439361	0.0116787	0.0024055	0.00203589	0.439409	0.00852974	0.0948858	0.0234663	0.00122371	0.000928579	0.00608699	0.00826464	0.00829031	0.0139162	0.336796	0.000595946	0.00743159
82	0.0555443	0.00541918	0.174206	0.0990168	0.00803362	0.128162	0.0214929	0.0274774	0.037085	0.0305055	0.0079337	0.138526	0.008623	0.037649	0.0164541	0.125178	0.0546752	0.0175909	0.000878861	0.00554818
83	0.213992	0.00696361	0.0174348	0.0416146	0.00661421	0.148217	0.0224578	0.0107273	0.042827	0.0380098	0.0143083	0.0412123	0.0223925	0.0692014	0.0278968	0.195197	0.041512	0.0294558	0.000556033	0.00940984
84	0.0205615	0.0140178	0.00335127	0.002113	0.280692	0.00103898	0.0835195	0.0214298	0.0180247	0.0175424	0.00442992	0.00167436	0.00048165	0.0167312	0.00775101	0.0214901	0.00733872	0.0272032	0.00533218	0.445276
85	0.00678319	0.000941486	0.000772722	0.00469008	0.118085	0.00353364	0.00828412	0.0140737	0.00234924	0.0404029	0.0010867	0.00633339	0.000688772	0.00501057	0.00100445	0.0108763	0.00341419	0.0124707	0.668732	0.0904671
86	0.0162296	0.00744506	0.000883659	0.00108435	0.0415785	0.000847399	0.000884263	0.255561	0.00109488	0.453156	0.0609344	0.0014044	0.00115482	0.00181221	0.00105674	0.00752874	0.0102989	0.133425	0.000577126	0.00304246
87	0.0535595	0.00556272	0.039003	0.0785636	0.00747062	0.0255682	0.063425	0.0157276	0.147531	0.0458844	0.0266644	0.0626688	0.0110586	0.155254	0.107617	0.070761	0.0462581	0.0173517	0.00255275	0.0175173
88	0.0533733	0.0049617	0.0960581	0.113795	0.00276043	0.0304904	0.0335433	0.0141753	0.153849	0.0194711	0.00923834	0.0982353	0.0121247	0.0892626	0.0889059	0.0922618	0.0673452	0.0149349	0.00109391	0.00411971
89	0.0499771	0.0079667	0.0425978	0.0891121	0.00167258	0.0320108	0.0376614	0.0136815	0.225773	0.0252548	0.013374	0.0639832	0.00410886	0.11873	0.140726	0.0752796	0.0386384	0.0121435	0.00201898	0.0052898
90	0.0257925	0.0120448	0.00313242	0.00508786	0.0198066	0.00192056	0.0023872	0.326191	0.00443303	0.263346	0.0478759	0.00260218	0.00208258	0.00550256	0.00540841	0.0161775	0.0242226	0.224706	0.000393341	0.00688672
91	0.131172	0.00742141	0.0178306	0.0124485	0.000752507	0.124985	0.023183	0.00472803	0.0522944	0.0126305	0.00164696	0.0845362	0.00133374	0.0247229	0.0319844	0.367574	0.0905056	0.00757452	0.001209	0.0014668
92	0.0579791	0.00222408	0.186603	0.322715	0.00873712	0.0176556	0.0220401	0.0144885	0.0554455	0.00978507	0.00733063	0.0264753	0.0185492	0.0873802	0.0331541	0.0586351	0.0396674	0.0244442	0.000581704	0.0061096
93	0.0558089	0.0259917	0.000314104	0.000973693	0.0123165	0.00257655	0.000947028	0.291491	0.00143688	0.0619539	0.0186988	0.00153849	0.00560952	0.000431823	0.00161502	0.00804079	0.0353961	0.473868	0.000125396	0.000865697
94	0.020163	0.0277399	0.00266849	0.0120641	0.154546	0.0041652	0.015065	0.103308	0.00305368	0.327023	0.106541	0.00472541	0.00947329	0.0125737	0.0113128	0.0102161	0.00749552	0.0528157	0.00731496	0.107735
95	0.0740679	0.00201857	0.143635	0.118603	0.00264687	0.0509047	0.0338463	0.0136428	0.0567939	0.014839	0.00307103	0.150099	0.0100819	0.0580859	0.0230838	0.146989	0.0856055	0.00940747	0.000240971	0.00233775
96	0.0534767	0.00784376	0.0126048	0.0124437	0.0193305	0.00291291	0.00642181	0.272629	0.0101191	0.137862	0.0332851	0.00669432	0.00110216	0.0102011	0.015242	0.030891	0.0824964	0.275046	0.00130298	0.00809466
97	0.00482522	0.00378122	0.00049058	0.000288191	0.017909	0.00297659	0.0014925	0.0511792	0.00117103	0.80895	0.0784484	0.00036645	0.000286812	0.00401373	0.000746206	0.00372296	0.00166004	0.0162449	0.000526837	0.000920043
98	0.0608364	0.00206806	0.166416	0.11803	0.00244469	0.035889	0.0329615	0.0131728	0.0541852	0.0132618	0.00425973	0.141427	0.0205181	0.056092	0.0201003	0.141442	0.103678	0.0100039	0.000202597	0.00300987
99	0.0631805	0.000772068	0.0759854	0.150635	0.00724292	0.0167843	0.0262438	0.0793975	0.0615165	0.0907624	0.03795	0.0391307	0.0124142	0.0986158	0.0440751	0.0546563	0.0523892	0.0773567	0.000142812	0.010749
100	0.0904986	0.00198558	0.0561079	0.111551	0.00746001	0.0435852	0.0295812	0.0459488	0.0829955	0.0593127	0.0249118	0.0502063	0.0121567	0.0977356	0.0567369	0.0988907	0.0638157	0.0573102	0.000506182	0.008704
101	0.0493226	0.000739629	0.287611	0.332553	0.00271737	0.0300403	0.0120252	0.00883247	0.0359302	0.00906815	0.00621269	0.0531154	0.00535039	0.0478287	0.012175	0.0591832	0.0308842	0.0123421	0.000683015	0.003385
102	0.0378763	0.0127449	0.00146104	0.00177044	0.0333673	0.00105766	0.00205402	0.300645	0.00161385	0.323451	0.0402507	0.00301821	0.00111442	0.003337	0.00103923	0.0233446	0.0401596	0.16701	0.000205217	0.00447946
103	0.0649787	0.00286815	0.133533	0.307446	0.00690581	0.0245904	0.0271707	0.0203704	0.0593268	0.0219462	0.0110318	0.0312142	0.0144284	0.093627	0.0336187	0.061973	0.0456066	0.0326017	0.000342674	0.00642021
104	0.0692677	0.00828091	0.107999	0.0794878	0.00218665	0.0390678	0.0396479	0.0139015	0.0573262	0.0121689	0.00302975	0.185753	0.00788002	0.0619013	0.0261285	0.145381	0.122927	0.0128123	0.000493932	0.00435818
105	0.0517629	0.00799754	0.0497237	0.0965005	0.00169501	0.0321516	0.0363052	0.0137489	0.226401	0.0230866	0.0121878	0.0617679	0.00424689	0.117319	0.138537	0.0715077	0.0354215	0.0112598	0.00264615	0.00573224
106	0.0118557	0.00595933	0.000764978	0.00156409	0.0353812	0.00201897	0.001762	0.161593	0.00183862	0.600044	0.0693811	0.0015301	0.000840202	0.00334933	0.00189419	0.00623923	0.00738446	0.0819637	0.000842866	0.00379303
107	0.0630909	0.0145433	0.00463454	0.0156369	0.0406003	0.0110724	0.0171959	0.145921	0.0180673	0.266232	0.1226	0.0153933	0.0039649	0.0243997	0.0214657	0.0361124	0.0473031	0.11259	0.00185261	0.0173239
108	0.0638302	0.000699432	0.073455	0.145146	0.00767102	0.0160408	0.0267621	0.0801528	0.060691	0.091053	0.0389904	0.0388861	0.0124315	0.0986599	0.0444396	0.0575376	0.0545001	0.0782117	0.000122379	0.0107194
109	0.0115848	0.00485086	0.0012848	0.0105689	0.495073	0.00399088	0.0113571	0.086451	0.0071871	0.169584	0.0241544	0.00497195	0.00822253	0.0042795	0.00340786	0.0159396	0.0185312	0.0408399	0.0191596	0.0585615
110	0.0431139	0.000398005	0.351457	0.308886	0.00138299	0.0323758	0.00914579	0.00721478	0.0284449	0.00853878	0.00629338	0.0616418	0.00214923	0.0336829	0.0065728	0.0591657	0.0281871	0.00706817	0.000763517	0.0035174
111	0.00532449	0.00308175	0.000612934	0.0037854	0.40627	0.00178543	0.00388559	0.0652591	0.00308807	0.329754	0.0599058	0.00207156	0.002406	0.00187646	0.00082302	0.00631481	0.020632	0.0226258	0.0158479	0.0446503
112	0.049875	0.0215961	0.0006866	0.00121852	0.0103351	0.00308129	0.00102691	0.338433	0.00158061	0.0576707	0.0155792	0.00148362	0.00430235	0.000838856	0.00181592	0.00692221	0.0273123	0.454809	0.000396475	0.00103693
113	0.0519933	0.00790026	0.04266	0.0881357	0.00170122	0.0333194	0.0374907	0.0136596	0.224224	0.0249384	0.0132259	0.0632705	0.00404431	0.117324	0.142168	0.0757791	0.038371	0.0125467	0.00199613	0.00525181
114	0.0394633	0.0122632	0.00554048	0.022526	0.0428302	0.00618365	0.0182526	0.151882	0.0335212	0.283346	0.0945916	0.0184793	0.00304812	0.0285967	0.028412	0.031532	0.0551763	0.102105	0.00194366	0.020306
115	0.0130894	0.00752832	0.000485915	0.000451205	0.0517486	0.000754547	0.000600749	0.186825	0.000601831	0.549035	0.0740688	0.000797883	0.00101177	0.00104943	0.000572672	0.00539827	0.00469628	0.0988356	0.000631689	0.00181642
116	0.0471319	0.0126797	0.00510929	0.0209693	0.0336555	0.0070175	0.0139943	0.161256	0.0233753	0.267504	0.100968	0.0163618	0.00333199	0.031225	0.0280675	0.0341425	0.0592203	0.110964	0.00214863	0.0208774
117	0.0478819	0.00757294	0.0412312	0.085827	0.00163297	0.031262	0.0386183	0.0132799	0.221887	0.028205	0.0162809	0.0654256	0.0045096	0.125916	0.136812	0.0747563	0.0392101	0.0113115	0.00242918	0.00594956
118	0.00571355	0.0108747	0.0483336	0.0286563	0.0113669	0.00673609	0.110759	0.00335575	0.0206161	0.00492108	0.00248206	0.534813	0.0226833	0.0408053	0.0166651	0.0646304	0.0148239	0.00366418	0.00111897	0.0469805
119	0.0109512	0.00435929	0.00281638	0.008529	0.00252967	0.00716755	0.00871297	0.00544355	0.125813	0.00657362	0.00423474	0.0102565	0.00315079	0.0260905	0.738326	0.0150464	0.0087623	0.00492293	0.00118466	0.00512919
120	0.0661699	0.0104877	0.0368781	0.0365542	0.0424254	0.0231654	0.139432	0.0102137	0.0423047	0.0796873	0.0325889	0.0738113	0.043133	0.0909389	0.0517082	0.0616318	0.0426877	0.0212205	0.0232969	0.0716645
121	0.0697527	0.00179244	0.0325567	0.0678793	0.0141153	0.0129641	0.0305839	0.0587719	0.0637673	0.0600259	0.0454416	0.0554935	0.0156431	0.0654721	0.0688212	0.111137	0.135122	0.0707861	0.000709121	0.0191644
122	0.00688131	0.00438202	0.000615775	0.000610531	0.00941242	0.000549154	0.00026939	0.555795	0.000435937	0.073949	0.0176365	0.000506714	0.000863313	0.000796741	0.000498247	0.00140932	0.00920467	0.315045	0.000370315	0.000769204
123	0.0286885	0.0284523	0.00533186	0.0121952	0.178393	0.00322775	0.0154548	0.0639415	0.0226779	0.203701	0.0751789	0.0122679	0.00632284	0.0202312	0.0258341	0.0276619	0.0298569	0.0487483	0.0202727	0.171561
124	0.0685607	0.03361	0.0286724	0.0303918	0.0848586	0.0742529	0.0512844	0.014382	0.0148407	0.0238009	0.0106898	0.0390862	0.00562169	0.0120131	0.0133988	0.0737694	0.0530597	0.0432623	0.0865654	0.237879
125	0.13075	0.089243	0.00617329	0.0211458	0.0078423	0.0853615	0.0172254	0.0603217	0.0441121	0.0884737	0.023312	0.0323462	0.00898711	0.0487973	0.080596	0.116533	0.0493867	0.0804452	0.00110215	0.00784545
126	0.0774451	0.0088977	0.0105294	0.0155402	0.0155456	0.00256855	0.0146705	0.194482	0.00994886	0.0835931	0.0361561	0.0173131	0.00188673	0.00694502	0.0209661	0.0582323	0.205892	0.214694	0.000658222	0.00403569
127	0.0557728	0.0137833	0.00548131	0.00779515	0.0193112	0.0112279	0.0352364	0.0325682	0.168465	0.172762	0.10901	0.0415639	0.00440004	0.0698464	0.108408	0.0596386	0.0376885	0.0219916	0.00383698	0.0212132
128	0.0214095	0.00994302	0.0029411	0.00769644	0.0332932	0.00292921	0.011374	0.0726274	0.00761268	0.486517	0.125356	0.0138149	0.00242183	0.0130901	0.0268234	0.0161845	0.0373495	0.0887483	0.008289	0.0115786
129	0.163378	0.00119165	0.0254472	0.0576481	0.00977253	0.0710107	0.0362392	0.0161872	0.0734758	0.0460589	0.0205364	0.0598024	0.0139953	0.094531	0.0498257	0.154651	0.0589625	0.0389676	0.000458133	0.00786085
130	0.024287	0.00472858	0.00860891	0.0205326	0.00236406	0.0188138	0.0229372	0.0115909	0.30535	0.0198888	0.00799241	0.032116	0.0040488	0.120057	0.27885	0.0509218	0.0492745	0.0101912	0.00266017	0.00478606
131	0.44649	0.0194496	0.00187198	0.00272311	0.00440451	0.0416718	0.00106306	0.00680847	0.00377408	0.00993521	0.00813146	0.0098399	0.00938316	0.0100564	0.00325702	0.35667	0.0387838	0.0232431	0.000183264	0.00225975
132	0.0363545	0.0108442	0.00434679	0.0165925	0.081235	0.00909474	0.0121947	0.140111	0.011216	0.323366	0.0887989	0.0120475	0.0129114	0.0217922	0.0178659	0.0225541	0.0337923	0.0972453	0.00263079	0.045006
133	0.0242983	0.0072926	0.0130792	0.00882307	0.00768288	0.0049964	0.00388567	0.296865	0.0175785	0.125028	0.0299536	0.00119977	0.000523685	0.0132036	0.0219328	0.0170015	0.0143019	0.38114	0.000678157	0.010535
134	0.0590182	0.00106723	0.259768	0.233349	0.00218157	0.0386326	0.0182247	0.00953553	0.0432748	0.012509	0.00570599	0.0948113	0.00615715	0.0439111	0.0125877	0.0917846	0.0546059	0.00939524	0.000560318	0.00292021
135	0.0324633	0.0102998	0.00304954	0.00953975	0.0724633	0.00505273	0.00802094	0.18224	0.00702032	0.364478	0.0772539	0.00768323	0.00675081	0.0132546	0.0107709	0.0192036	0.0306274	0.106435	0.00230208	0.031091
136	0.0461118	0.000410427	0.32185	0.325444	0.0012354	0.0329418	0.00941537	0.00698878	0.0316476	0.00910703	0.00625316	0.062067	0.00160424	0.0364868	0.00660762	0.0605013	0.0293771	0.00842903	0.000842872	0.00267874
137	0.164794	0.00335481	0.0845863	0.176042	0.00110596	0.0324687	0.0130942	0.0127337	0.0400462	0.0173092	0.00130483	0.0639016	0.0124686	0.0346553	0.0054312	0.220505	0.0999987	0.00869025	0.000615871	0.00689418
138	0.0439246	0.0116178	0.00414616	0.0143017	0.0552592	0.0097796	0.0115427	0.153308	0.0133884	0.346515	0.0913916	0.0120183	0.00722645	0.0212898	0.0202769	0.0244594	0.0370107	0.0925389	0.00199528	0.0280093
139	0.224678	0.0267073	0.00486135	0.0272324	0.00311515	0.0293933	0.00401114	0.0663112	0.0276804	0.0335798	0.023268	0.0361724	0.00578745	0.0210981	0.00768144	0.154403	0.179903	0.12218	0.000313137	0.00162359
140	0.0259827	0.0113873	0.00608984	0.0129416	0.290915	0.0054925	0.0216071	0.0509999	0.0234672	0.192023	0.048243	0.0154836	0.00596033	0.0255803	0.0185686	0.0300019	0.0460072	0.0375347	0.0144065	0.117308
141	0.0610623	0.00282314	0.135216	0.11075	0.00428386	0.0324253	0.0379273	0.0177502	0.0614602	0.0159383	0.00560923	0.143828	0.0112624	0.0674798	0.0292808	0.126038	0.115217	0.0182448	0.000105893	0.0032982
142	0.0636494	0.00209327	0.153762	0.304307	0.00700128	0.0188473	0.0250508	0.0257187	0.0529302	0.0242621	0.0131569	0.0274851	0.0177834	0.0950618	0.0299495	0.0570634	0.0406729	0.034506	0.000220958	0.00647798
143	0.0574315	0.00659512	0.050983	0.0658073	0.0124791	0.350631	0.0285829	0.00305956	0.050003	0.0214404	0.00833734	0.0970737	0.00239145	0.0411394	0.0345076	0.121519	0.0301876	0.00683057	0.000201105	0.0107997
144	0.239087	0.0338743	0.00189909	0.00257059	0.013413	0.079992	0.00290254	0.0107065	0.0114844	0.0234545	0.0223941	0.023706	0.0276616	0.0133574	0.00240865	0.388854	0.0516674	0.0432407	0.000305537	0.00701975
145	0.0617756	0.0126343	0.0245152	0.0284069	0.054586	0.0276901	0.108761	0.0129229	0.0870556	0.0925207	0.0498581	0.0349502	0.0124981	0.0495005	0.17808	0.0556145	0.0282098	0.031184	0.00417531	0.0450613
146	0.0180808	0.00303075	0.0013621	0.0113842	0.514443	0.00741798	0.0101874	0.0679734	0.00489624	0.178415	0.0134885	0.00512398	0.00569151	0.00397971	0.00160251	0.0187766	0.0288529	0.0286251	0.0170693	0.0595986
147	0.0423408	0.0126882	0.00451933	0.0159915	0.0710925	0.0103308	0.0163235	0.138697	0.0150922	0.306951	0.101042	0.0150877	0.00740358	0.0221786	0.0236105	0.0254546	0.0367286	0.0947509	0.00302157	0.0366957
148	0.15203	0.0113672	0.0210833	0.0280313	0.00997452	0.0365601	0.016853	0.0270981	0.0188129	0.0143918	0.0110626	0.0729197	0.0497532	0.0210125	0.0104048	0.263904	0.183467	0.0446979	0.00145959	0.00511706
149	0.0865523	0.00557415	0.094781	0.0875315	0.00370353	0.0389268	0.0299879	0.0162861	0.0508303	0.0130704	0.00526524	0.134902	0.0165064	0.0488971	0.0231585	0.172649	0.146206	0.0211121	0.000473439	0.00358643
150	0.0730645	0.00240092	0.0316324	0.0615673	0.00333891	0.0227584	0.0188686	0.0105909	0.24503	0.0284363	0.0132775	0.0774174	0.0548546	0.0802805	0.112881	0.0843617	0.0483612	0.0252936	0.000671731	0.00491308
151	0.0462064	0.00570716	0.040341	0.0805171	0.00152232	0.0293796	0.0284823	0.0108607	0.27959	0.0176586	0.010846	0.0616786	0.0156895	0.100488	0.1455	0.0729008	0.0347658	0.0122335	0.00165245	0.00398038
152	0.0617685	0.00273469	0.0569695	0.118091	0.00781296	0.0185926	0.0373135	0.0550658	0.103599	0.0673175	0.0283408	0.0522588	0.00902214	0.0993059	0.0733148	0.0736418	0.0671813	0.0561428	0.000610846	0.010915
153	0.0573754	0.0158149	0.00384476	0.01059	0.123101	0.00853789	0.0127468	0.102398	0.0147464	0.329638	0.0762245	0.0138899	0.00649246	0.016913	0.0155161	0.0319932	0.0495081	0.0778532	0.00481907	0.0279968
154	0.0506968	0.00836026	0.00730864	0.0118254	0.0110384	0.0147826	0.0841787	0.0115077	0.00888758	0.0166964	0.00416333	0.0206389	0.591553	0.0244909	0.011138	0.0730512	0.024621	0.0144858	0.000669699	0.00990563
155	0.058976	0.00220039	0.182442	0.33188	0.00808364	0.0177938	0.0210407	0.0148669	0.0503532	0.0111913	0.00825	0.0259393	0.0211909	0.0852772	0.0287396	0.0576384	0.0390985	0.0279851	0.000259209	0.00679397
156	0.0364438	0.00512869	0.0790431	0.0819417	0.0118558	0.256875	0.0428208	0.00331202	0.0734116	0.0219729	0.00574701	0.152626	0.00546853	0.0355479	0.0515603	0.0842608	0.0321694	0.0053333	0.000305137	0.0141768
157	0.0629411	0.0105368	0.00872865	0.00911552	0.00246771	0.0188899	0.00374464	0.017427	0.00529155	0.00816785	0.00602256	0.0227045	0.00697819	0.00966704	0.00392011	0.49971	0.290268	0.0108651	0.000443753	0.00210993
158	0.0250111	0.0208029	0.011009	0.0193327	0.226672	0.00500675	0.015261	0.0109011	0.0534198	0.0754311	0.0330284	0.0175114	0.00493941	0.0298723	0.0322537	0.0463769	0.0773618	0.0379851	0.0240124	0.233811
159	0.0277907	0.00234912	0.00591171	0.0193794	0.0025304	0.0151665	0.0210896	0.0158454	0.38523	0.0153854	0.0101013	0.0241955	0.00530113	0.0540437	0.323629	0.0279607	0.0208476	0.0140922	0.0031154	0.00603552
160	0.0509346	0.001071	0.0358263	0.0634122	0.0010345	0.0121068	0.0079232	0.00673852	0.322595	0.00955175	0.00908907	0.077736	0.0762388	0.0584112	0.130186	0.0713255	0.0430308	0.0213469	0.000239189	0.00120208
161	0.0828858	0.00470789	0.0524885	0.0676235	0.0107505	0.256929	0.0313973	0.00626702	0.0567313	0.0284559	0.0120923	0.0893773	0.0066065	0.0583838	0.0379969	0.132321	0.0408879	0.0141976	0.000280273	0.00962
162	0.006063	0.00788471	0.0010472	0.000746988	0.189339	0.000416085	0.0365334	0.00608765	0.00358563	0.0163476	0.00663075	0.00105157	0.00142739	0.00289433	0.00140665	0.00562382	0.00247249	0.0111555	0.00551852	0.693768
163	0.0482062	0.000919553	0.284993	0.325257	0.00325468	0.027655	0.0129595	0.00941744	0.036641	0.0092776	0.00656375	0.05204	0.00687815	0.0519036	0.0139183	0.0587303	0.0329532	0.0140979	0.000557274	0.00377699
164	0.02631	0.00277207	0.0683006	0.613762	0.00631466	0.00957905	0.0130251	0.0196499	0.0225648	0.0178078	0.00825178	0.0165021	0.00745296	0.0666606	0.01398	0.035577	0.0224142	0.024454	0.000413433	0.00420763
165	0.0131257	0.00630357	0.00085419	0.000875461	0.0107494	0.000839332	0.000539947	0.488451	0.00108972	0.0513512	0.0134634	0.00125784	0.00228071	0.00140256	0.0010189	0.00318162	0.0118182	0.388024	0.000814046	0.00255885
166	0.0480357	0.0142019	0.0285211	0.0282892	0.0681158	0.00667046	0.121062	0.0924633	0.0252254	0.0592925	0.0147718	0.0448062	0.0183251	0.041771	0.0401772	0.0767306	0.0479035	0.119178	0.00208137	0.102378
167	0.00864786	0.00477808	0.000754082	0.000742358	0.00989669	0.000704411	0.000355049	0.529339	0.000409748	0.0847497	0.0211787	0.00050901	0.000921742	0.000749665	0.000631185	0.00178669	0.00941241	0.323255	0.000316192	0.00086242
168	0.0645829	0.00269199	0.00786302	0.0171731	0.0154522	0.0222412	0.0213374	0.0157173	0.014072	0.0216737	0.00511584	0.0298039	0.541093	0.0336769	0.0106294	0.109974	0.0392703	0.0211022	0.000293503	0.00623563
169	0.418333	0.0264195	0.00436065	0.0468448	0.0313368	0.0312814	0.00599001	0.00886193	0.0106466	0.0106443	0.00640115	0.00985088	0.276587	0.00723373	0.00592543	0.0454476	0.0132283	0.0127047	0.0225758	0.00532634
170	0.152099	0.00482702	0.00817938	0.0060271	0.0303658	0.0657068	0.0134826	0.0377058	0.014786	0.0829481	0.0562554	0.0362363	0.0976873	0.0314716	0.0190616	0.11586	0.0747691	0.130454	0.000780836	0.0212958
171	0.0482716	0.000950995	0.0304105	0.0610048	0.00102684	0.0117856	0.00704282	0.0064875	0.337815	0.00912871	0.0093973	0.0768193	0.0711353	0.0575091	0.138928	0.0677789	0.0411738	0.0220954	0.000267132	0.000971792
172	0.111791	0.0100313	0.0261245	0.0309058	0.00137069	0.0068154	0.0267383	0.0137988	0.13005	0.0152213	0.0117862	0.0119792	0.25169	0.0754931	0.0724028	0.156549	0.0210212	0.0169393	0.000431972	0.00886029
173	0.0564095	0.00374252	0.0957457	0.110026	0.0159264	0.282873	0.0254586	0.00356947	0.0510481	0.0150263	0.00541768	0.143541	0.00133085	0.0207604	0.0246451	0.107123	0.018112	0.00585456	0.000399928	0.0129904
174	0.0576267	0.00225139	0.186469	0.320964	0.00920468	0.0173338	0.0211437	0.0167754	0.0525808	0.0116628	0.00887163	0.0265868	0.0201022	0.0842756	0.0316048	0.0577099	0.0403522	0.0266867	0.000422546	0.00737528
175	0.0484732	0.000836455	0.0300855	0.0602779	0.00100298	0.0115076	0.0066166	0.00639034	0.339494	0.0090531	0.00944365	0.0773223	0.072151	0.0563575	0.138793	0.0673606	0.0414684	0.0222781	0.000232291	0.000856019
176	0.0290691	0.00841312	0.0191978	0.0139782	0.0727845	0.00804245	0.0387315	0.0766536	0.0164011	0.348039	0.0544168	0.0325664	0.0208601	0.0208237	0.0650121	0.0260789	0.0291011	0.0867453	0.00404199	0.0290434
177	0.0239857	0.00710979	0.0127823	0.00871244	0.00767778	0.00495337	0.00440293	0.297204	0.0193447	0.123174	0.0296934	0.00140598	0.000566631	0.0140425	0.0219705	0.0166874	0.0149879	0.379542	0.000762026	0.0109954
178	0.109861	0.0089561	0.0236956	0.0319398	0.00169487	0.00785251	0.0264804	0.0133281	0.133006	0.0142045	0.0117587	0.0108974	0.25652	0.0749319	0.0684087	0.15799	0.0208884	0.0171603	0.000436022	0.00999033
179	0.0225335	0.0111718	0.000430809	0.000733938	0.0106288	0.00122556	0.000544382	0.479186	0.00079853	0.0531202	0.0137975	0.00108079	0.0025126	0.000787449	0.000800806	0.00340358	0.0177953	0.378015	0.000432102	0.00100175
180	0.174577	0.0045159	0.0667959	0.196055	0.00111613	0.0209559	0.00726962	0.0111398	0.0341984	0.0187192	0.00113044	0.0428171	0.0165362	0.0284376	0.00114739	0.230591	0.123758	0.01061	0.000551679	0.0090779
181	0.004566	0.00355403	0.000467388	0.000297431	0.0170797	0.00288636	0.00151295	0.0448915	0.0011569	0.818271	0.079334	0.000388149	0.000265231	0.00423009	0.000889591	0.00367749	0.00148797	0.0135574	0.000498249	0.000989067
182	0.100252	0.00551423	0.0268603	0.0264827	0.00909559	0.0244351	0.0132288	0.0164078	0.0145105	0.0180835	0.00925902	0.0197222	0.513901	0.0217592	0.0110444	0.0879612	0.0436596	0.0314518	0.000778207	0.00559314
183	0.0575636	0.00217652	0.185079	0.339055	0.0074756	0.0194147	0.0213471	0.0137715	0.0509254	0.00997931	0.00712371	0.028468	0.018069	0.0833515	0.027999	0.05912	0.0377564	0.0251437	0.000283872	0.00589663
184	0.00678319	0.000941486	0.000772722	0.00469008	0.118085	0.00353364	0.00828412	0.0140737	0.00234924	0.0404029	0.0010867	0.00633339	0.000688772	0.00501057	0.00100445	0.0108763	0.00341419	0.0124707	0.668732	0.0904671
185	0.388858	0.134446	0.000789645	0.00140216	0.000980455	0.0405948	0.00105507	0.00716507	0.00147749	0.0112547	0.00415629	0.00269532	0.000936223	0.00125985	0.0010831	0.183363	0.179929	0.0370422	0.000336433	0.00117498
186	0.00698941	0.0153733	0.000816429	0.00203968	0.00846604	0.0262952	0.134474	0.00467154	0.143124	0.00245908	0.00845321	0.101943	0.00233619	0.0761324	0.406207	0.0304164	0.0111352	0.00201899	0.0134019	0.00324729
187	0.17881	0.00136804	0.0241045	0.0556791	0.00826056	0.080464	0.0330114	0.0136549	0.0675958	0.0480427	0.0197498	0.063459	0.0186624	0.0877748	0.039037	0.157596	0.0571575	0.0398891	0.000338939	0.00534441
188	0.353995	0.00663645	0.00675341	0.00353335	0.0151698	0.0931335	0.00209052	0.0151171	0.0103936	0.0323512	0.0232517	0.0148194	0.1278	0.0110641	0.00892584	0.104491	0.0564866	0.104711	0.000966559	0.00831048
189	0.00812831	0.00333892	0.000828048	0.00715578	0.501044	0.00291523	0.0092102	0.0678648	0.00420522	0.177081	0.0269452	0.00423741	0.00497858	0.00274772	0.00166006	0.0129237	0.0172278	0.0285495	0.0530841	0.0658749
190	0.0420156	0.00741743	0.0297498	0.0345998	0.00126413	0.0111615	0.0138189	0.00638525	0.0805351	0.0135653	0.0176148	0.0637644	0.000727155	0.0214127	0.0209532	0.327913	0.292087	0.00536435	0.000313823	0.00933724
191	0.00761291	0.00676293	0.00101273	0.00242014	0.202748	0.0017313	0.00412222	0.0739964	0.00234273	0.513077	0.0854554	0.00180183	0.00141773	0.00348363	0.00244562	0.00463452	0.0119803	0.030664	0.0076529	0.0346373
192	0.0153013	0.0103863	0.0616486	0.0357988	0.00358632	0.0129779	0.0536512	0.00524776	0.0280639	0.00871802	0.00381254	0.507869	0.021731	0.0338375	0.0200566	0.11419	0.0391806	0.00629287	0.000892862	0.0167571
193	0.120531	0.00359945	0.00665865	0.00904783	0.00498391	0.00885008	0.0101416	0.0128322	0.0603663	0.130662	0.0138738	0.0332789	0.194661	0.0690412	0.0969363	0.0713885	0.0960775	0.0435805	0.000766095	0.0127224
