232	20
1	0.051074	0.0166919	0.00163763	0.00485935	0.0377842	0.00798391	0.00230973	0.203879	0.00304188	0.211201	0.0840232	0.00506781	0.000672407	0.00288622	0.00149313	0.0279677	0.0323414	0.292904	0.0043035	0.00787839
2	0.068404	0.00198827	0.0143015	0.0601451	0.00392614	0.0147474	0.0137099	0.0250461	0.145688	0.108734	0.0687638	0.046571	0.0100566	0.0771876	0.102305	0.126153	0.0700969	0.0361093	0.00326419	0.00280245
3	0.0249629	0.00789633	0.00107903	0.00767975	0.141673	0.00631774	0.0121266	0.140558	0.00168676	0.353846	0.0637995	0.00466108	0.00213191	0.00264018	0.00352233	0.0118685	0.0232318	0.16624	0.00153627	0.0225422
4	0.0492607	0.00687795	0.197419	0.104015	0.0194733	0.0635218	0.0390538	0.0150743	0.0343474	0.0194707	0.0122584	0.133869	0.0210137	0.0445615	0.0286585	0.125541	0.0357233	0.0414327	0.00195195	0.00647616
5	0.317769	0.0197556	0.00850705	0.031078	0.0104904	0.0447912	0.0157426	0.0146657	0.012024	0.0171102	0.0106055	0.02822	0.0122373	0.0217695	0.0443904	0.217876	0.141559	0.0274005	0.00235319	0.00165496
6	0.113563	0.00251134	0.0208852	0.0230991	0.0204182	0.0122781	0.00323391	0.195896	0.0235739	0.127184	0.0514145	0.00477952	0.00880404	0.0102906	0.0382482	0.0153858	0.102207	0.217767	0.00589447	0.00256519
7	0.0448443	0.010418	0.00251502	0.00855398	0.0908718	0.0101675	0.00698124	0.145279	0.00212368	0.320384	0.0690087	0.0109716	0.00160164	0.00484258	0.00303385	0.018919	0.0260433	0.205089	0.00302899	0.0153225
8	0.0642575	0.000479605	0.22701	0.346253	0.00626359	0.0421186	0.0209359	0.0142674	0.0390416	0.0128017	0.0135529	0.0502957	0.0106594	0.0570576	0.0106339	0.0436049	0.0168235	0.0212812	0.000294811	0.00236757
9	0.0932402	0.0323093	0.0018337	0.00872755	0.0602656	0.0160418	0.00724411	0.133845	0.00316074	0.205816	0.0861691	0.00432739	0.00125152	0.00315306	0.0031188	0.0269972	0.0416495	0.228699	0.00917194	0.0329779
10	0.0635278	0.000515127	0.236533	0.337779	0.00670726	0.0433136	0.020423	0.0142521	0.0388274	0.0124709	0.0134962	0.051182	0.0104897	0.0553366	0.0104584	0.0433068	0.017099	0.0216157	0.000315874	0.00235116
11	0.00598444	0.0140972	0.00659409	0.057152	0.00252421	0.0336083	0.0433683	0.00864888	0.254871	0.00955358	0.00377944	0.0268234	0.00482425	0.0288291	0.391955	0.0594816	0.029172	0.010009	0.0067061	0.00201853
12	0.104584	0.0158012	0.00451248	0.00938849	0.0816845	0.0238942	0.0951661	0.0255077	0.01056	0.11057	0.0106283	0.0641201	0.0571112	0.0580052	0.0199392	0.161553	0.0563634	0.0391401	0.0124766	0.0389935
13	0.329019	0.0173138	0.00483153	0.0243779	0.0209762	0.035912	0.00936119	0.0100957	0.0148666	0.0162878	0.00839209	0.0187355	0.00934777	0.011018	0.0450895	0.216188	0.166855	0.0322594	0.00663318	0.00243952
14	0.0386507	0.012708	0.00147426	0.00419503	0.0308011	0.00667742	0.00222071	0.252171	0.00357501	0.206863	0.0681975	0.00471051	0.00075784	0.00283444	0.00167747	0.0239168	0.0280334	0.301478	0.00330286	0.00575501
15	0.107312	0.00472254	0.019807	0.0189901	0.0206851	0.0108673	0.00354971	0.201464	0.0269198	0.137768	0.0699289	0.00653525	0.00666038	0.0102274	0.0301452	0.0198428	0.0901179	0.206113	0.00521068	0.00313314
16	0.00598425	0.0146803	0.00629739	0.0578161	0.00266857	0.0319058	0.0531357	0.00934028	0.215537	0.0112629	0.0043367	0.0255357	0.00550643	0.0332796	0.417358	0.05682	0.0300856	0.00956578	0.00608767	0.00279586
17	0.0144873	0.00428745	0.00823867	0.0122138	0.0320712	0.018062	0.157518	0.0637885	0.0938043	0.100425	0.040583	0.0198925	0.0142034	0.0854477	0.185939	0.0283943	0.0235343	0.0514421	0.00946659	0.0362015
18	0.255085	0.0434262	0.00570651	0.00656954	0.0244425	0.0731677	0.00685724	0.06193	0.00625871	0.0664181	0.0155238	0.00333256	0.00597021	0.00302885	0.0047136	0.0952435	0.0837784	0.2226	0.00735295	0.00859474
19	0.0419083	0.00837419	0.070838	0.032016	0.00299647	0.109355	0.112812	0.00742396	0.0223798	0.0174036	0.0040771	0.166917	0.00347515	0.037671	0.0667781	0.236045	0.0389911	0.00617414	0.00114522	0.0132191
20	0.0372233	0.0124857	0.00138458	0.00394441	0.0281713	0.00638466	0.0022503	0.259199	0.00408067	0.199864	0.0608758	0.00415073	0.000833489	0.00308277	0.00179447	0.0245914	0.0256029	0.314914	0.0039919	0.00517441
21	0.090528	0.0146782	0.00522045	0.0085996	0.0848785	0.0201821	0.0994385	0.0245601	0.0124121	0.118347	0.0113429	0.0618099	0.0654584	0.0602142	0.0233455	0.156446	0.053996	0.0366985	0.0103556	0.0414887
22	0.344816	0.0141872	0.0052113	0.021434	0.0122754	0.0414064	0.0103751	0.0151784	0.0112473	0.0217854	0.0163293	0.0210594	0.0168343	0.0132085	0.0324347	0.2065	0.159953	0.030038	0.00345022	0.00227628
23	0.0169722	0.027155	0.00874152	0.0427914	0.00681686	0.0370464	0.0686563	0.0195416	0.158235	0.0256848	0.0127914	0.0290603	0.0197529	0.0755649	0.325587	0.053816	0.0423112	0.0168004	0.00619461	0.00648063
24	0.0645435	0.000810555	0.235847	0.332577	0.00688888	0.043917	0.0212772	0.0143321	0.0385104	0.0125615	0.0134597	0.0519176	0.0103769	0.0547728	0.0109306	0.045519	0.017306	0.0216616	0.000378175	0.00241183
25	0.0219726	0.00566617	0.00270755	0.00805262	0.157245	0.00555964	0.0174466	0.104805	0.00489874	0.417096	0.047813	0.00781789	0.00793373	0.00692996	0.00912076	0.0155524	0.0264603	0.10651	0.00180172	0.0246104
26	0.0213787	0.0145243	0.0136441	0.0487911	0.0077932	0.0349169	0.0610959	0.0203927	0.162359	0.0289829	0.0139094	0.0326395	0.00973122	0.0508645	0.335302	0.0682995	0.0423691	0.0190523	0.00648104	0.00747268
27	0.0470067	0.0141278	0.00151116	0.00479066	0.0349307	0.00755441	0.00221982	0.217968	0.00305236	0.212763	0.0786059	0.00503155	0.000660743	0.00293832	0.00153659	0.0266418	0.0311543	0.296727	0.00393196	0.00684745
28	0.0142261	0.00442212	0.00110262	0.00754679	0.167148	0.00418874	0.0134439	0.113734	0.00161131	0.436608	0.0463974	0.00466437	0.00301044	0.00306936	0.00401933	0.00903432	0.0200123	0.121244	0.000891324	0.023625
29	0.0630349	0.000750659	0.224113	0.332548	0.00657428	0.0448083	0.0240002	0.0140849	0.0381839	0.0131878	0.01334	0.0539228	0.0104046	0.055974	0.0127301	0.0506427	0.0174387	0.0208647	0.000449624	0.00294622
30	0.128118	0.0178157	0.0267274	0.0266676	0.0417028	0.038853	0.0389525	0.0416615	0.030477	0.0738027	0.0212058	0.0424247	0.0565077	0.0354132	0.0399665	0.139392	0.0735236	0.101462	0.00675638	0.0185691
31	0.0529697	0.00873212	0.0163872	0.00960776	0.0523931	0.0104113	0.00714599	0.143058	0.00949494	0.256401	0.0838566	0.0457284	0.0044374	0.020908	0.00930041	0.0367179	0.0429307	0.178606	0.00354554	0.00736822
32	0.00977716	0.00427157	0.00128631	0.00814866	0.213963	0.00372734	0.0187958	0.101988	0.0017396	0.421297	0.0395148	0.00443466	0.00325302	0.00334708	0.00547135	0.00779734	0.0222636	0.0990615	0.000584982	0.0292768
33	0.0833054	0.0135706	0.0059809	0.0127234	0.11135	0.0184734	0.0352614	0.0803033	0.0208773	0.241838	0.0325464	0.0183241	0.0131079	0.0221514	0.0440633	0.0613741	0.0575816	0.092843	0.00798056	0.0263444
34	0.28625	0.056319	0.00455475	0.00540646	0.0290816	0.11002	0.00593385	0.0444276	0.00754096	0.0404386	0.00743159	0.00321709	0.00521839	0.00321584	0.00638396	0.104512	0.0924816	0.165822	0.0136759	0.00806905
35	0.0239794	0.0131652	0.0165528	0.0527107	0.00737607	0.0353916	0.0634614	0.0217268	0.16025	0.033426	0.0130584	0.0344306	0.00786856	0.0478594	0.326885	0.0681896	0.0373526	0.0236251	0.00625307	0.0064377
36	0.062985	0.000502877	0.225359	0.353862	0.00631739	0.041876	0.0205754	0.0140717	0.0385218	0.0125626	0.0132957	0.0494445	0.0103579	0.0565707	0.0104133	0.0428134	0.0166335	0.0212146	0.000295924	0.00232633
37	0.00629287	0.0131007	0.00648957	0.0551803	0.00267479	0.0364598	0.0466427	0.0100607	0.252864	0.00991739	0.00487154	0.0291922	0.00532795	0.0348558	0.381626	0.0565649	0.0293389	0.010255	0.00591592	0.00236957
38	0.314415	0.0404384	0.00508759	0.0128745	0.0217513	0.0726311	0.0082172	0.0306003	0.010095	0.0300988	0.00891973	0.0111215	0.00757865	0.0073247	0.019148	0.154106	0.116015	0.115293	0.00894592	0.00533951
39	0.0379733	0.0119803	0.00179397	0.00416516	0.0237754	0.00634322	0.00207604	0.285839	0.00483752	0.173811	0.0564161	0.00366042	0.00093217	0.00328412	0.00268674	0.0247306	0.0265004	0.320238	0.0045391	0.00441677
40	0.0390933	0.0117894	0.00202314	0.00471265	0.0243312	0.00645068	0.00217399	0.279155	0.00536803	0.176815	0.053378	0.00372299	0.00117631	0.00351173	0.00335715	0.0254565	0.0270822	0.321524	0.00461089	0.00426796
41	0.0536253	0.0158964	0.00159791	0.00472279	0.0333494	0.00834977	0.00212245	0.215602	0.00387142	0.195496	0.0701505	0.00453833	0.000730361	0.00336576	0.0020626	0.0294236	0.0314691	0.311776	0.00486707	0.00698262
42	0.039733	0.00823329	0.0752635	0.0354012	0.00484338	0.0940489	0.107836	0.00852196	0.0260861	0.0191526	0.00518548	0.186977	0.00537278	0.037261	0.061605	0.222592	0.0391177	0.00844147	0.00144332	0.0128839
43	0.018553	0.00577611	0.00195216	0.00736693	0.158305	0.00539077	0.0130914	0.111294	0.00203978	0.420276	0.0532588	0.00770264	0.00368969	0.00448552	0.00468712	0.0122616	0.0232295	0.121459	0.00142116	0.0237591
44	0.0622189	0.000651041	0.221014	0.356608	0.00666963	0.041071	0.0205504	0.0144918	0.0387098	0.0136794	0.0137117	0.0486132	0.0101725	0.0563846	0.0108396	0.0424324	0.0167767	0.0224053	0.000382311	0.00261869
45	0.015136	0.00330075	0.00602645	0.0163342	0.029667	0.0228802	0.153298	0.060085	0.123409	0.0945661	0.0258752	0.0254003	0.00864463	0.113495	0.142749	0.0246889	0.0264536	0.0706428	0.00779307	0.0295545
46	0.0387949	0.0124049	0.00161037	0.00433656	0.0271334	0.0063007	0.00195246	0.258966	0.00418757	0.193643	0.0631711	0.00431937	0.000808762	0.00323419	0.0021762	0.025304	0.0271752	0.315581	0.00400537	0.00489443
47	0.0059121	0.0146215	0.00633304	0.0570901	0.00277501	0.0327984	0.0433725	0.00871073	0.25522	0.00981916	0.00385514	0.0256193	0.00499959	0.0283038	0.394395	0.0568222	0.0293239	0.0109144	0.00700705	0.00210739
48	0.0752658	0.0239681	0.00194505	0.00604801	0.0449105	0.0132136	0.0043786	0.169633	0.00310807	0.208377	0.0818047	0.00540364	0.0010845	0.00340777	0.00231789	0.0294528	0.0365467	0.267103	0.00559254	0.016439
49	0.0358759	0.0116596	0.00165643	0.00394184	0.0224187	0.00625746	0.00208625	0.293209	0.00473038	0.169903	0.0510876	0.0035292	0.000999008	0.00350744	0.00236504	0.0249523	0.0248968	0.327942	0.00478696	0.00419456
50	0.0352699	0.0117036	0.00178239	0.00380396	0.0215186	0.00647504	0.00207779	0.302628	0.00523881	0.16258	0.048669	0.0035811	0.00120429	0.00367961	0.00290981	0.0253696	0.0250437	0.327745	0.00489128	0.00382861
51	0.167079	0.0104956	0.00888016	0.017942	0.0102862	0.0404011	0.0137832	0.0586798	0.0220019	0.0526158	0.0453157	0.0429702	0.00785807	0.0171378	0.0287503	0.19189	0.213941	0.0422548	0.00362667	0.0040899
52	0.368019	0.0137798	0.00496934	0.0240588	0.0131335	0.032562	0.0103728	0.00998758	0.0117656	0.014396	0.00916694	0.018982	0.0106399	0.0120794	0.0385058	0.220434	0.157426	0.0254546	0.0025724	0.00169527
53	0.0644803	0.000486085	0.227842	0.344739	0.00627122	0.0422637	0.0209474	0.0142692	0.0390947	0.0127708	0.0136022	0.0504394	0.0106925	0.0570018	0.0106591	0.0436788	0.0168765	0.0212168	0.000292536	0.00237567
54	0.0577258	0.00272768	0.166345	0.289773	0.0202251	0.04048	0.0347476	0.0199933	0.0433644	0.0246926	0.01507	0.0474162	0.012851	0.084917	0.0290853	0.0498098	0.0240126	0.0289741	0.00193709	0.00585177
55	0.055927	0.0144134	0.00225912	0.00582383	0.0464358	0.00924444	0.00338529	0.190086	0.00370612	0.213705	0.0722338	0.00612431	0.00124264	0.00387546	0.00264782	0.0320667	0.0323803	0.290223	0.00477987	0.00944021
56	0.0973821	0.00380039	0.0135862	0.0165319	0.0257978	0.0298779	0.00612404	0.163769	0.0283706	0.164406	0.0328884	0.0057989	0.00685924	0.00931195	0.0590376	0.0155394	0.109405	0.192072	0.0144419	0.00499931
57	0.0142381	0.00764907	0.0179484	0.0269691	0.00491066	0.0546718	0.115863	0.0261586	0.091935	0.0332769	0.0204333	0.0473783	0.0271123	0.160695	0.220005	0.0709803	0.0403184	0.00865475	0.00157078	0.00923106
58	0.0277073	0.0288943	0.0026481	0.00707784	0.210972	0.0111006	0.0372065	0.077636	0.00486607	0.233855	0.0315362	0.00589359	0.00378002	0.00495293	0.0138288	0.0469724	0.0492888	0.111696	0.00311147	0.0869764
59	0.115493	0.00297114	0.0189249	0.0227109	0.0194661	0.0123861	0.00389748	0.193243	0.0269471	0.135197	0.0542947	0.00525074	0.00769547	0.0123904	0.0377887	0.0172536	0.098195	0.207102	0.00608197	0.00271134
60	0.0644803	0.000486085	0.227842	0.344739	0.00627122	0.0422637	0.0209474	0.0142692	0.0390947	0.0127708	0.0136022	0.0504394	0.0106925	0.0570018	0.0106591	0.0436788	0.0168765	0.0212168	0.000292536	0.00237567
61	0.0613352	0.000633458	0.211245	0.325471	0.00612938	0.0415093	0.0252535	0.0149724	0.0437323	0.0162653	0.0153004	0.0511391	0.0113794	0.0658853	0.0200651	0.046993	0.0185605	0.0207813	0.000417212	0.0029311
62	0.0110304	0.00403229	0.00121015	0.00764916	0.194347	0.00366696	0.0159465	0.102725	0.00161222	0.442756	0.0415856	0.00440125	0.00350276	0.00327825	0.00498993	0.00820325	0.0206494	0.100948	0.000706449	0.0267595
63	0.00888436	0.0205324	0.00674025	0.049413	0.00277959	0.0392169	0.0688392	0.0146639	0.176511	0.0158916	0.00745595	0.0263582	0.0117707	0.0875954	0.356716	0.0470082	0.040441	0.0110396	0.00532863	0.00281415
64	0.0145589	0.00956144	0.0133975	0.0289182	0.00422923	0.0540223	0.102714	0.0295578	0.119725	0.0274586	0.0188958	0.0428395	0.0206678	0.163307	0.231066	0.0532663	0.0449271	0.012097	0.00163803	0.00715276
65	0.0113199	0.00804075	0.0135401	0.0286319	0.00914633	0.0390754	0.122827	0.0309664	0.107849	0.0430198	0.0198198	0.0349088	0.0169961	0.119035	0.272924	0.0534553	0.0307452	0.0197849	0.00362634	0.0142874
66	0.00976872	0.00401843	0.00123219	0.0081805	0.207207	0.00370038	0.01748	0.101998	0.00168982	0.431339	0.0401801	0.00429235	0.00318755	0.00307151	0.00498004	0.00686657	0.0214396	0.10068	0.000540217	0.0281482
67	0.0874088	0.00294291	0.0185028	0.0518656	0.00323983	0.0218185	0.0145089	0.0273438	0.13149	0.089961	0.0667397	0.0503696	0.0147278	0.0681597	0.0889151	0.13941	0.0842497	0.0339684	0.00256277	0.00181458
68	0.0646414	0.000486085	0.227897	0.34429	0.00627864	0.0423797	0.0209272	0.0144452	0.0391008	0.0127647	0.0135756	0.0503394	0.0106896	0.0568457	0.0106687	0.0436676	0.0168686	0.0213986	0.000297747	0.00243783
69	0.0815405	0.0167516	0.00435137	0.00824169	0.105285	0.0179147	0.0687324	0.0267432	0.01118	0.155687	0.0142159	0.0620264	0.0508015	0.0555927	0.0169592	0.149111	0.0728086	0.0390486	0.00786013	0.0351482
70	0.103005	0.00431604	0.15376	0.243495	0.0131438	0.0399447	0.0252446	0.0237663	0.0400824	0.0286221	0.0195235	0.0441112	0.0295765	0.0496647	0.0236074	0.072962	0.0426742	0.035221	0.0022922	0.00498699
71	0.0392925	0.0142241	0.00713601	0.0124678	0.176912	0.0132761	0.0294071	0.0901643	0.0100262	0.300392	0.0377727	0.0127057	0.00711144	0.0120064	0.0162483	0.0344933	0.0382392	0.104197	0.00465581	0.0392716
72	0.0634036	0.00107523	0.204985	0.337344	0.00675706	0.0403923	0.0218665	0.0160865	0.0433557	0.0180398	0.0149574	0.0482664	0.0103244	0.0567913	0.0202977	0.0480962	0.0200961	0.0242717	0.000927269	0.00266593
73	0.0103546	0.00381404	0.00122645	0.00788148	0.197202	0.00375066	0.0159473	0.104543	0.00164115	0.440577	0.0415594	0.00433255	0.00340655	0.0032457	0.00479349	0.00721494	0.0205768	0.100985	0.000597222	0.0263509
74	0.0174355	0.00460349	0.00449313	0.0278659	0.0225306	0.0232053	0.110717	0.0583242	0.162729	0.0772334	0.0221655	0.0205822	0.00677931	0.104872	0.177156	0.0279482	0.029867	0.071889	0.00772171	0.0218825
75	0.172254	0.0214238	0.00549905	0.00777879	0.0243548	0.0391802	0.0052089	0.139864	0.00606397	0.107324	0.0364118	0.0034398	0.0051814	0.00412569	0.00431393	0.0639755	0.0573108	0.284381	0.00468115	0.00722737
76	0.0297375	0.00774769	0.00423398	0.0101331	0.128624	0.0102123	0.0200447	0.114302	0.0089257	0.37156	0.0450329	0.00957881	0.00526224	0.0106527	0.0119909	0.0242467	0.0302082	0.132208	0.00322747	0.0220701
77	0.0640498	0.000490912	0.226503	0.347414	0.00626525	0.0418736	0.0208217	0.0141828	0.039022	0.0128649	0.0135517	0.0501678	0.0106031	0.0572888	0.0106909	0.0434363	0.0167256	0.0213978	0.000294082	0.00235574
78	0.0550022	0.0137617	0.00200245	0.00573351	0.034295	0.00710852	0.00196786	0.204534	0.00380163	0.19511	0.0712185	0.00474003	0.000898172	0.00378306	0.00195387	0.0328766	0.0319412	0.317985	0.0052585	0.00602711
79	0.281959	0.0575218	0.00450589	0.00527267	0.0307996	0.104177	0.00575005	0.0439483	0.00763509	0.044974	0.00835115	0.00290765	0.00499996	0.00268974	0.00629295	0.101337	0.0928359	0.171761	0.0133578	0.00892308
80	0.00976966	0.00366649	0.00124177	0.00799886	0.194265	0.00369247	0.0158696	0.10275	0.00171259	0.447364	0.0405075	0.00428557	0.0033121	0.00310942	0.00470655	0.00760762	0.0201847	0.100649	0.000555245	0.0267532
81	0.0630796	0.000504136	0.226744	0.351742	0.00638596	0.0419562	0.0205679	0.0141315	0.0385632	0.0125746	0.0132958	0.0496544	0.0103636	0.0565311	0.01048	0.0429413	0.0166104	0.0212226	0.000313395	0.00233802
82	0.275972	0.0287468	0.00977314	0.00886045	0.021481	0.0702916	0.0113332	0.0688667	0.00702946	0.0449052	0.0161496	0.0047349	0.00790859	0.00426768	0.00583132	0.102522	0.0822705	0.217723	0.00297286	0.00835965
83	0.0961316	0.0137709	0.0046285	0.00744883	0.0296582	0.015868	0.00330878	0.182642	0.00614611	0.149282	0.0569275	0.00388403	0.0030808	0.00423586	0.0054837	0.0430004	0.0509654	0.312522	0.0049866	0.00602805
84	0.166623	0.031782	0.0228547	0.0201191	0.0162283	0.0547053	0.0347531	0.0220577	0.0186434	0.0348454	0.0130299	0.0907285	0.0106924	0.0268752	0.0428436	0.230654	0.117111	0.0322122	0.00519092	0.00804966
85	0.115725	0.0116686	0.0137917	0.0150831	0.00486611	0.0486677	0.0125885	0.03761	0.0386625	0.0530177	0.029158	0.0810554	0.00518598	0.0301728	0.0461981	0.264645	0.155154	0.0331288	0.00142908	0.00219198
86	0.0350442	0.0380832	0.00408321	0.00616471	0.183136	0.0135218	0.0584812	0.0422154	0.00843966	0.145381	0.0100659	0.017619	0.0109543	0.01493	0.0238775	0.116153	0.0668772	0.075112	0.00497862	0.124882
87	0.00948687	0.00332281	0.00118513	0.00777822	0.189285	0.00357278	0.0151665	0.100869	0.00156484	0.460721	0.0411447	0.00427286	0.00339951	0.00311004	0.00464009	0.00703659	0.0193735	0.09743	0.000549514	0.0260914
88	0.0641274	0.000533661	0.232383	0.340129	0.006315	0.0430341	0.0215831	0.0141888	0.0386424	0.0126011	0.0133368	0.0508469	0.010389	0.0560367	0.0109595	0.0442437	0.0169607	0.020958	0.000289113	0.00244196
89	0.335448	0.0168261	0.0049077	0.0243517	0.016693	0.0328426	0.00982694	0.0103797	0.0154831	0.0175827	0.00943573	0.021389	0.00981846	0.012286	0.0380812	0.229124	0.16077	0.0289208	0.00372057	0.00211239
90	0.0579403	0.0035188	0.0222617	0.0657941	0.00508699	0.0305824	0.0330948	0.0183824	0.103218	0.0820586	0.0425278	0.100301	0.0104321	0.0943589	0.102214	0.137879	0.0617347	0.0216177	0.00226322	0.00473248
91	0.131946	0.0087758	0.0214187	0.0226589	0.00442637	0.0411075	0.0185164	0.0443969	0.0517058	0.0534065	0.0288975	0.0820761	0.00604731	0.0341962	0.0614329	0.207631	0.140796	0.037392	0.00122525	0.00194672
92	0.0644803	0.000486085	0.227842	0.344739	0.00627122	0.0422637	0.0209474	0.0142692	0.0390947	0.0127708	0.0136022	0.0504394	0.0106925	0.0570018	0.0106591	0.0436788	0.0168765	0.0212168	0.000292536	0.00237567
93	0.0342955	0.00974865	0.00437221	0.0113098	0.128732	0.0124936	0.0425223	0.093078	0.0216371	0.307448	0.0427847	0.0128268	0.00787896	0.0191237	0.0251145	0.0305763	0.0454345	0.115571	0.00501071	0.0300419
94	0.0624904	0.000490107	0.222279	0.357866	0.00632621	0.0413322	0.0205005	0.0139938	0.0387033	0.0127028	0.0132708	0.0490773	0.0103311	0.0569048	0.0103428	0.0427234	0.0164273	0.0216377	0.000303574	0.0022973
95	0.075362	0.00315828	0.022348	0.044726	0.005323	0.0127423	0.0207614	0.0704201	0.157054	0.0942367	0.0953194	0.0284617	0.00819195	0.0500738	0.0698479	0.100335	0.0862138	0.0487652	0.0034117	0.00324736
96	0.0644803	0.000486085	0.227842	0.344739	0.00627122	0.0422637	0.0209474	0.0142692	0.0390947	0.0127708	0.0136022	0.0504394	0.0106925	0.0570018	0.0106591	0.0436788	0.0168765	0.0212168	0.000292536	0.00237567
97	0.288275	0.0482539	0.00532293	0.00651187	0.0264056	0.105783	0.00657285	0.0498056	0.00731182	0.0387951	0.00809184	0.00393864	0.00630184	0.00312248	0.00615435	0.103157	0.0912217	0.17724	0.00992369	0.00781018
98	0.0196017	0.0107237	0.00661753	0.0132644	0.0451262	0.0160778	0.129097	0.0733427	0.10156	0.105146	0.0272683	0.0151675	0.00762514	0.0660268	0.121989	0.0217942	0.0337569	0.0805079	0.0230002	0.0823058
99	0.118289	0.0153885	0.00431774	0.0104962	0.0797516	0.0222299	0.0850772	0.0237993	0.0111937	0.108727	0.0112391	0.0555659	0.0686038	0.0517757	0.0202742	0.17108	0.0603458	0.0380313	0.0100033	0.0338112
100	0.225717	0.0272512	0.00688198	0.00912786	0.0248568	0.0582298	0.00678351	0.106788	0.00771962	0.0866137	0.0281161	0.00329908	0.0065507	0.00388212	0.00796999	0.0685323	0.0721044	0.234873	0.00484414	0.00985882
101	0.0509566	0.00981677	0.00755054	0.0151094	0.0647872	0.0148098	0.0138767	0.113728	0.023229	0.269996	0.0682822	0.0224555	0.00616312	0.0189533	0.0209288	0.0623723	0.0523114	0.146844	0.00355796	0.0142715
102	0.0643737	0.000488461	0.230516	0.343486	0.00626317	0.0422584	0.020904	0.0142576	0.0389559	0.0127133	0.0134969	0.0504454	0.0105704	0.0565531	0.0106509	0.0434112	0.0168455	0.0211508	0.00029257	0.00236604
103	0.0644803	0.000486085	0.227842	0.344739	0.00627122	0.0422637	0.0209474	0.0142692	0.0390947	0.0127708	0.0136022	0.0504394	0.0106925	0.0570018	0.0106591	0.0436788	0.0168765	0.0212168	0.000292536	0.00237567
104	0.0607161	0.0132035	0.00939916	0.0161136	0.0680448	0.0201424	0.0267129	0.0996601	0.0228616	0.233303	0.0444312	0.0268916	0.00969525	0.025228	0.0275618	0.0833435	0.0616384	0.12573	0.00511235	0.0202108
105	0.171608	0.00493906	0.0123853	0.0157274	0.0123657	0.0201391	0.00863257	0.142541	0.0362374	0.0844294	0.0498008	0.022326	0.00620807	0.0122181	0.0457164	0.0705768	0.18982	0.0861476	0.0043849	0.00379624
106	0.0755729	0.00207745	0.0161802	0.0608932	0.00341394	0.0146508	0.0130998	0.0297141	0.158125	0.0985017	0.0759341	0.0457056	0.0104426	0.0662706	0.0897106	0.123767	0.0771558	0.0337772	0.00282584	0.00218095
107	0.013809	0.0078081	0.0120094	0.0461094	0.00289929	0.0451853	0.0652433	0.0202953	0.192563	0.0217428	0.0148956	0.0478596	0.0120033	0.0890344	0.281709	0.0747588	0.0339762	0.0106347	0.00309354	0.00437019
108	0.0375782	0.0127886	0.0013552	0.0037366	0.0210947	0.00629605	0.00196301	0.279293	0.00514914	0.168562	0.0497196	0.00344702	0.000933533	0.00363786	0.00193437	0.0271488	0.0237275	0.342776	0.00500302	0.00385599
109	0.0556165	0.0241519	0.0577897	0.0175557	0.00540129	0.071818	0.0513651	0.0191789	0.023691	0.024323	0.011005	0.169689	0.00623455	0.0261843	0.0512545	0.252066	0.103024	0.0200335	0.0019291	0.00768974
110	0.119058	0.0108899	0.0160319	0.0166177	0.00787093	0.0364215	0.0158906	0.0607803	0.035086	0.0453041	0.024514	0.091352	0.00572722	0.0235409	0.0779244	0.180775	0.182966	0.0424383	0.00327263	0.00353838
111	0.0166769	0.00294497	0.00352002	0.0188215	0.033855	0.0220832	0.136846	0.0675109	0.12964	0.106709	0.0243014	0.0213961	0.00632756	0.0883947	0.135836	0.0202214	0.0300161	0.0897075	0.00999347	0.0351985
112	0.0378791	0.00807528	0.0686824	0.0325738	0.0036179	0.0935183	0.109135	0.00837326	0.0322752	0.0188118	0.00549144	0.183957	0.00532324	0.042332	0.0688415	0.221396	0.0392454	0.00689889	0.00123576	0.0123362
113	0.0528662	0.0117599	0.00761778	0.0150842	0.0927518	0.019112	0.0211958	0.0995719	0.0161969	0.283569	0.0441071	0.0215665	0.00778451	0.0160835	0.0189749	0.0554893	0.0756799	0.114936	0.00360732	0.0220462
114	0.0621708	0.000515653	0.221997	0.358769	0.00632224	0.0412516	0.0205004	0.0139952	0.0387436	0.0128533	0.0132402	0.0488839	0.0103174	0.0567266	0.0103319	0.0425966	0.0165508	0.0215909	0.000314513	0.00232762
115	0.0122297	0.00395633	0.0203364	0.0204167	0.0116179	0.0410733	0.146016	0.0361048	0.0831701	0.055969	0.0245541	0.0435518	0.0168167	0.11833	0.236638	0.0594789	0.0272939	0.0184086	0.00292234	0.0211155
116	0.153213	0.0234642	0.00659677	0.00866855	0.030236	0.035811	0.00546185	0.130897	0.00898039	0.13024	0.0439231	0.00594619	0.00436492	0.00517309	0.0107468	0.0586111	0.0725679	0.24943	0.00659667	0.00907186
117	0.0775398	0.0828597	0.0110521	0.029082	0.02756	0.0469232	0.0396826	0.0227011	0.077501	0.03404	0.0125446	0.0205777	0.00949733	0.0197288	0.19529	0.0792072	0.100075	0.038193	0.0443854	0.03156
118	0.044942	0.00604211	0.0186175	0.0257059	0.00573331	0.0519129	0.0805597	0.0390837	0.0864525	0.0596844	0.0369243	0.0590532	0.0148808	0.108409	0.140784	0.112068	0.0774785	0.0214055	0.00219685	0.00806544
119	0.0416888	0.0121873	0.00133908	0.00577346	0.0717984	0.00761022	0.00533489	0.176089	0.00246442	0.278056	0.0759397	0.0053468	0.00116796	0.00279149	0.00212168	0.0235267	0.0274061	0.24364	0.00332565	0.0123922
120	0.0132754	0.011777	0.0106812	0.0546423	0.00396394	0.0340967	0.0507671	0.0138285	0.234442	0.0211623	0.0113621	0.0312792	0.00711444	0.0447738	0.336037	0.0632081	0.0330718	0.0147464	0.00580489	0.00396654
121	0.0673705	0.022602	0.0426708	0.0175788	0.00433379	0.0803577	0.0504316	0.02031	0.023351	0.0263001	0.00975376	0.1527	0.00447519	0.0277335	0.058037	0.261043	0.103373	0.0184452	0.00193426	0.00719999
122	0.0375633	0.00819733	0.0545839	0.0285861	0.00246515	0.094922	0.105736	0.0118355	0.0429589	0.021759	0.00814283	0.145424	0.00737691	0.0632279	0.106735	0.19902	0.0433145	0.00636811	0.00109584	0.0106886
123	0.0575466	0.0142999	0.00255706	0.00729813	0.07422	0.0127294	0.00614254	0.154869	0.00304843	0.279767	0.0761975	0.00715925	0.00161409	0.00393385	0.00367553	0.0219606	0.0320947	0.221032	0.0039022	0.0159519
124	0.237827	0.0279932	0.00645525	0.0111559	0.0223258	0.0558095	0.00935702	0.059633	0.0109298	0.0647371	0.0203337	0.0166355	0.00666132	0.00829526	0.0170509	0.128586	0.124035	0.156568	0.00768438	0.00792647
125	0.126797	0.0508929	0.0165884	0.0496122	0.0105121	0.0768404	0.0817824	0.0344316	0.0346831	0.0429395	0.0118214	0.042112	0.0097146	0.0331129	0.128225	0.137883	0.0752986	0.0225651	0.00670034	0.00748695
126	0.0352135	0.0101768	0.00141232	0.00514852	0.0612953	0.00604419	0.00457999	0.188465	0.0029605	0.299323	0.0617047	0.00515145	0.00144307	0.00322457	0.00211356	0.0241865	0.0243111	0.249942	0.00354796	0.00975569
127	0.0958509	0.00638769	0.00954199	0.0107668	0.00455673	0.0414363	0.0119348	0.0878384	0.0274156	0.0555767	0.0344038	0.0783267	0.00392221	0.0155927	0.0323501	0.208248	0.240987	0.0309801	0.00149256	0.00239142
128	0.132299	0.0135882	0.0347692	0.0269216	0.0064897	0.0892616	0.0701266	0.0243529	0.0233039	0.0244916	0.0104661	0.105874	0.00720556	0.0453366	0.0662232	0.214567	0.0758097	0.0186398	0.00233384	0.00793904
129	0.0151745	0.0082285	0.0229115	0.034735	0.00391367	0.0551988	0.106424	0.0176228	0.105204	0.0246596	0.0129735	0.056289	0.0146257	0.089533	0.283792	0.0974276	0.0320031	0.00783517	0.00255285	0.00889628
130	0.0893157	0.0137053	0.00365527	0.00627273	0.0260383	0.0148269	0.00344889	0.199554	0.00577455	0.148974	0.0514325	0.00457376	0.00265748	0.00512572	0.00420406	0.0484319	0.0400147	0.319966	0.00632003	0.00570894
131	0.0593879	0.00204315	0.18352	0.273723	0.00629301	0.0469421	0.0408154	0.0154714	0.0422197	0.0161187	0.0153728	0.0555067	0.0132325	0.085602	0.0375943	0.0610463	0.0213938	0.0185876	0.000779109	0.00434998
132	0.00679969	0.0138579	0.00650888	0.0558719	0.00277651	0.0336311	0.0448147	0.00938555	0.25007	0.0106017	0.00452437	0.0267176	0.00555755	0.0327975	0.388457	0.0586868	0.0298233	0.0102832	0.00660722	0.00222803
133	0.0628878	0.000486133	0.223783	0.354819	0.0063182	0.0416493	0.0206063	0.0141025	0.0387034	0.0126314	0.0133886	0.0493889	0.0104484	0.0568506	0.010344	0.0429399	0.0166023	0.0214445	0.000292384	0.00231316
134	0.0292045	0.010547	0.00110849	0.00405478	0.0425061	0.00570941	0.00347303	0.27664	0.0036299	0.220991	0.0536286	0.00377438	0.000995067	0.0027525	0.00228541	0.0206893	0.0228089	0.285065	0.00327361	0.00686367
135	0.0534357	0.00160029	0.154633	0.266201	0.00577791	0.0393692	0.0340813	0.0180254	0.068508	0.0270967	0.0254405	0.0471877	0.0125663	0.0837431	0.055143	0.0541362	0.0262175	0.0217719	0.00114868	0.00391628
136	0.0154784	0.00420566	0.0298118	0.0230831	0.0103017	0.045904	0.161221	0.0288381	0.0615015	0.0393048	0.0290204	0.0639149	0.0203299	0.173498	0.156026	0.0719257	0.0293393	0.0122546	0.00185612	0.0221855
137	0.0144833	0.0052041	0.0012482	0.00773032	0.1741	0.00452125	0.0145361	0.10772	0.00233918	0.438647	0.045384	0.00442783	0.0031659	0.00309409	0.00551041	0.00886525	0.0207585	0.110918	0.000869365	0.0264766
138	0.0384137	0.0107703	0.00236692	0.00746899	0.0885155	0.00766252	0.00789577	0.16023	0.0053252	0.303346	0.0731124	0.00631239	0.00183654	0.00454052	0.00495629	0.0198711	0.0285859	0.210965	0.00286049	0.0149648
139	0.0642722	0.000491411	0.232376	0.342333	0.00627563	0.0423584	0.0208553	0.0142135	0.038869	0.0126558	0.0134421	0.0504572	0.0105068	0.0563081	0.0106286	0.0433116	0.0168977	0.0210921	0.000292683	0.00236342
140	0.0613108	0.00136932	0.216124	0.302799	0.00644815	0.0493549	0.0328214	0.0138673	0.0374417	0.0134023	0.0126519	0.0642344	0.00978599	0.0544384	0.0174245	0.0633758	0.019291	0.0195479	0.000500074	0.00381148
141	0.0566505	0.00244258	0.272681	0.232591	0.0165594	0.0451328	0.0200871	0.0154471	0.0448635	0.0146825	0.0144587	0.0836534	0.012571	0.0443728	0.0132502	0.05399	0.0191987	0.0323677	0.00155777	0.00344205
142	0.0635253	0.000573649	0.231665	0.33939	0.00669008	0.0451839	0.0205228	0.014262	0.0388838	0.0125444	0.0136455	0.0512966	0.0104705	0.0556011	0.0105045	0.0437089	0.0173295	0.0215163	0.000310311	0.00237535
143	0.064367	0.000557318	0.232153	0.339546	0.00671955	0.0425539	0.0209848	0.0143353	0.0389835	0.012654	0.013493	0.0515264	0.0105321	0.0561323	0.010779	0.043764	0.0169266	0.0212651	0.000291143	0.0024359
144	0.0499088	0.00794728	0.0126885	0.0292516	0.04243	0.0177256	0.0617844	0.0690597	0.0807315	0.145886	0.068217	0.0280718	0.0107394	0.0573944	0.102877	0.0616581	0.0567831	0.0708321	0.00660104	0.0194126
145	0.338361	0.0154977	0.00818555	0.0321986	0.0117976	0.0416147	0.0145821	0.0122621	0.0133957	0.0163128	0.00995393	0.0247787	0.0109762	0.0163902	0.0424861	0.216614	0.143742	0.0265921	0.00235936	0.00189934
146	0.0623123	0.000482927	0.223086	0.358197	0.00633892	0.0414301	0.0206114	0.0139998	0.0384636	0.0125857	0.0131851	0.0490332	0.0102333	0.0566888	0.0103314	0.0425755	0.0164921	0.0213584	0.000299923	0.00229451
147	0.0377495	0.0147301	0.00182141	0.0067837	0.118261	0.00802056	0.0101225	0.142534	0.00246442	0.316416	0.0775012	0.00563067	0.00200116	0.00336583	0.00340306	0.016779	0.0291546	0.179312	0.00277824	0.021171
148	0.0225727	0.118219	0.0111812	0.00772139	0.0587858	0.0102585	0.17512	0.0136905	0.0166372	0.0192951	0.008266	0.00886784	0.0233208	0.0248106	0.0134631	0.0185201	0.031748	0.022501	0.0226215	0.372399
149	0.0405817	0.00818893	0.00407905	0.0093315	0.100575	0.00902539	0.0117716	0.144424	0.00769295	0.324635	0.0536459	0.00995774	0.00422299	0.00720965	0.0120467	0.022391	0.0455422	0.165125	0.00318647	0.0163658
150	0.201087	0.0119109	0.00635337	0.0171565	0.00958254	0.0368648	0.010915	0.0392219	0.0150611	0.0353931	0.0250434	0.0410026	0.00682827	0.0137865	0.0307171	0.232737	0.235474	0.0254331	0.00285997	0.00257088
151	0.0144314	0.0155334	0.013768	0.063443	0.00448824	0.0275349	0.0399178	0.0137419	0.22739	0.0214282	0.0128618	0.0236577	0.0057805	0.0313035	0.352039	0.054726	0.0392393	0.0215977	0.0135996	0.00351787
152	0.0152728	0.0109773	0.00876378	0.0492775	0.00715485	0.0302024	0.053648	0.0208058	0.234431	0.0310257	0.0148674	0.0282284	0.00670583	0.0446567	0.314732	0.0580156	0.0346424	0.0227371	0.00732999	0.00652478
153	0.0327212	0.00254743	0.00820582	0.022946	0.0233388	0.0151399	0.105782	0.0621328	0.124629	0.113837	0.0502543	0.0213037	0.00849424	0.0874141	0.135594	0.0482309	0.037575	0.0625865	0.0124404	0.0248268
154	0.0406166	0.00840879	0.0708239	0.0326744	0.00293129	0.105141	0.111854	0.00703154	0.0235151	0.017628	0.00418262	0.174276	0.00346568	0.0374959	0.0674692	0.232184	0.0395577	0.00618089	0.00107761	0.0134854
155	0.0841228	0.0085185	0.00902007	0.0115435	0.0238835	0.00963763	0.00216683	0.214089	0.0126542	0.15409	0.0547111	0.00357585	0.00393412	0.00619654	0.0177888	0.0231832	0.068371	0.283406	0.00538502	0.00372242
156	0.0644803	0.000486085	0.227842	0.344739	0.00627122	0.0422637	0.0209474	0.0142692	0.0390947	0.0127708	0.0136022	0.0504394	0.0106925	0.0570018	0.0106591	0.0436788	0.0168765	0.0212168	0.000292536	0.00237567
157	0.0639446	0.000478753	0.226302	0.347887	0.00628256	0.0419499	0.0209547	0.0142569	0.0389693	0.012784	0.0135099	0.050152	0.0106116	0.0570902	0.0105792	0.0434993	0.0167525	0.0213521	0.000295039	0.00234846
158	0.0442206	0.0129825	0.0017386	0.00547032	0.0490201	0.00795698	0.00394278	0.195377	0.00320954	0.243616	0.0735425	0.00520881	0.00110652	0.00334091	0.00242224	0.0247411	0.0285838	0.28028	0.00381466	0.00942473
159	0.0627434	0.00056206	0.223295	0.356083	0.00630743	0.0415152	0.0207007	0.0140143	0.038507	0.0125928	0.0131388	0.049273	0.0102538	0.0568297	0.0104758	0.0431138	0.0165596	0.0214001	0.000299535	0.00233515
160	0.0674268	0.00379843	0.141197	0.203083	0.0125106	0.0312628	0.017762	0.0641047	0.0487098	0.0556599	0.0530988	0.03933	0.0102063	0.043062	0.0229376	0.0638708	0.0424212	0.0732858	0.00222816	0.00404392
161	0.0374594	0.0101228	0.00264273	0.00813035	0.103136	0.00824767	0.010423	0.140902	0.00621786	0.336629	0.0575115	0.00709798	0.00315579	0.00594669	0.00702294	0.0215829	0.0302167	0.182723	0.00338732	0.0174437
162	0.0346191	0.00858396	0.0032074	0.00760785	0.10335	0.0080678	0.0105907	0.142573	0.00544124	0.344913	0.0559187	0.00816687	0.00285721	0.00628933	0.00730126	0.0204192	0.0286806	0.181401	0.00252064	0.0174914
163	0.0627345	0.000509637	0.22668	0.350766	0.00649981	0.0422737	0.0205513	0.0141939	0.0385401	0.012647	0.013362	0.049932	0.0103426	0.0563852	0.0104588	0.043096	0.0167718	0.0215709	0.000298383	0.00238667
164	0.247549	0.0568253	0.0039621	0.0101436	0.0359612	0.0863611	0.00796594	0.0178142	0.0111635	0.0293664	0.00723369	0.0138212	0.0055761	0.0077009	0.0269131	0.164706	0.148988	0.0674259	0.0401316	0.0103908
165	0.0228145	0.107545	0.011641	0.00747361	0.0518885	0.0107275	0.177607	0.0148614	0.0192136	0.0207762	0.00888143	0.00976081	0.0209895	0.032548	0.0199396	0.0196591	0.0318946	0.0227427	0.0225955	0.366441
166	0.0137138	0.00740749	0.00136015	0.00796097	0.205176	0.00491332	0.0201278	0.0971291	0.00242645	0.404839	0.0394705	0.00456814	0.00333825	0.00374883	0.00662921	0.0133884	0.0251147	0.100119	0.00106099	0.0375083
167	0.106482	0.00834535	0.0112748	0.0129609	0.0233216	0.0121544	0.00388934	0.192912	0.0217766	0.137337	0.0643069	0.00588397	0.00434549	0.00737003	0.0182335	0.0353201	0.0745581	0.24962	0.00527519	0.00463183
168	0.0782527	0.0118018	0.0167425	0.0423484	0.0609593	0.0395741	0.100023	0.0319852	0.0409223	0.115672	0.0173165	0.040289	0.0267979	0.0837123	0.043523	0.109001	0.0430388	0.0639158	0.00904744	0.0250769
169	0.0515789	0.0127324	0.00267097	0.00600482	0.0355794	0.00762759	0.00212772	0.222486	0.00424201	0.190461	0.0689882	0.00425743	0.00116485	0.00358931	0.0038399	0.0272016	0.0369236	0.30802	0.00456581	0.00593764
170	0.0632958	0.00049494	0.230979	0.346726	0.00636144	0.0421915	0.0207623	0.0142019	0.0385951	0.0125936	0.0133403	0.0499917	0.0102943	0.0561594	0.010502	0.0429005	0.016745	0.0212547	0.000292108	0.00231892
171	0.0418889	0.00865669	0.0698376	0.0319921	0.00298536	0.108371	0.112117	0.00743178	0.0226766	0.0174106	0.00417285	0.168492	0.00349927	0.0375076	0.0672192	0.235801	0.0392254	0.00617474	0.00112211	0.0134177
172	0.0594323	0.00490147	0.007297	0.0114229	0.00794579	0.0460142	0.0130016	0.140579	0.0162138	0.0491113	0.0774091	0.0433674	0.00511262	0.00988419	0.0164757	0.192124	0.27117	0.0208628	0.00240837	0.00526611
173	0.0158374	0.00285331	0.00485646	0.0125365	0.042014	0.0154335	0.139687	0.0788654	0.104358	0.134787	0.0359816	0.0165613	0.00856199	0.0867472	0.135957	0.0232522	0.0240624	0.0695084	0.0105512	0.0375885
174	0.0602069	0.0117854	0.0491682	0.0239924	0.00332578	0.0870152	0.0748166	0.0158061	0.0289125	0.0243867	0.00885479	0.160812	0.00423579	0.0397565	0.0734079	0.237114	0.0721116	0.0140846	0.00119587	0.00901163
175	0.00601718	0.0140952	0.0062668	0.0583681	0.00253042	0.0331031	0.0430377	0.0086143	0.256371	0.00946083	0.00384876	0.0259198	0.00477833	0.0281725	0.392927	0.0581971	0.0293016	0.010312	0.00667034	0.00200735
176	0.034255	0.0108651	0.00123559	0.00478421	0.0554253	0.00687318	0.00425377	0.219484	0.00324343	0.259835	0.0625076	0.00443742	0.00111507	0.00288239	0.00226534	0.021282	0.0250192	0.268216	0.00329865	0.00872172
177	0.120329	0.0312297	0.00412837	0.00768304	0.0779671	0.0189445	0.0584881	0.0297648	0.0192125	0.105172	0.0196971	0.0700409	0.0286366	0.0522333	0.0156191	0.159962	0.0927114	0.0470456	0.00749666	0.0336383
178	0.0976405	0.0060076	0.00671218	0.0215279	0.00599511	0.0422193	0.0192864	0.0607313	0.0210474	0.0805667	0.0522092	0.0547038	0.00601695	0.015804	0.0235088	0.192898	0.264044	0.0234184	0.00167249	0.0039901
179	0.0521519	0.0167064	0.00157398	0.00505534	0.0403435	0.00848658	0.00304871	0.194949	0.00300533	0.21966	0.0826704	0.00512282	0.000733873	0.00302801	0.00163877	0.0274042	0.0316438	0.288503	0.00434566	0.00992831
180	0.0265458	0.00534495	0.0250517	0.0410433	0.00351547	0.0469326	0.0899618	0.0262106	0.110859	0.0399513	0.032593	0.0540656	0.0223437	0.136281	0.189227	0.0841533	0.0442242	0.0125602	0.00197504	0.00716043
181	0.0618224	0.000497524	0.221766	0.361504	0.00634982	0.0411758	0.0203977	0.0139252	0.0383316	0.0125212	0.0130979	0.0486627	0.0101715	0.0567214	0.0102439	0.0423689	0.016358	0.0215034	0.000300992	0.00228022
182	0.024447	0.0896976	0.0133975	0.00884796	0.0509571	0.0129071	0.178973	0.0167154	0.0214112	0.0285572	0.00935888	0.0148719	0.0210946	0.0304055	0.026036	0.0271735	0.039126	0.0258977	0.0221312	0.337993
183	0.0334083	0.0117654	0.00133606	0.00353638	0.0226836	0.00618902	0.00201646	0.301768	0.00472075	0.169998	0.0504604	0.00349322	0.000880721	0.00333897	0.00221564	0.0244752	0.0237597	0.325341	0.00458007	0.00403264
184	0.0633064	0.000708404	0.23489	0.328349	0.0072968	0.044102	0.0202963	0.0165154	0.0396257	0.0134624	0.0143068	0.0508781	0.0106292	0.0544165	0.0107962	0.0432313	0.019311	0.0244874	0.000474551	0.00291674
185	0.088244	0.00574272	0.205946	0.221106	0.0110996	0.0488383	0.0274094	0.0180791	0.0349054	0.0183782	0.0134186	0.0668706	0.0112335	0.0443943	0.0230654	0.089303	0.0368659	0.0298073	0.00135705	0.0039353
186	0.0922576	0.0135686	0.00870238	0.0157033	0.0551971	0.029421	0.0191821	0.0980495	0.0217089	0.157227	0.0442411	0.0293851	0.00733158	0.0173424	0.0271063	0.0944991	0.13859	0.109786	0.00601476	0.0146861
187	0.0611844	0.00220619	0.179684	0.300235	0.0158393	0.0376428	0.0238027	0.0366793	0.0392978	0.0417381	0.0204555	0.0427536	0.00985884	0.0534009	0.0193837	0.0429992	0.0230655	0.0438426	0.00107301	0.0048578
188	0.0653044	0.00236121	0.230422	0.245375	0.0112533	0.0476608	0.0216371	0.0251007	0.0477769	0.0191452	0.0229505	0.0651481	0.0112947	0.0500102	0.0193369	0.0569274	0.0263907	0.0276042	0.00114961	0.00315171
189	0.0107773	0.00669493	0.00148507	0.0078046	0.218917	0.00420498	0.0217501	0.0961638	0.00209419	0.399046	0.0370293	0.00465866	0.00353009	0.00354177	0.0065092	0.0137289	0.0254167	0.0969255	0.000681381	0.0390408
190	0.052568	0.0159404	0.00158784	0.00440926	0.028586	0.0109183	0.00249218	0.244195	0.00475846	0.173207	0.0600627	0.00393522	0.00110768	0.00361117	0.00214322	0.0291023	0.0291658	0.321403	0.00485456	0.00595226
191	0.0372569	0.00638527	0.031363	0.0532173	0.00531643	0.0539468	0.0520333	0.0143247	0.149991	0.0346402	0.0196857	0.118343	0.00710869	0.045126	0.147893	0.153535	0.0446232	0.0166654	0.00248072	0.00606451
192	0.0334402	0.00848722	0.00517056	0.00913397	0.14965	0.00785181	0.0179391	0.156324	0.00759436	0.286323	0.0511068	0.00606381	0.00461648	0.00648844	0.0197807	0.0159198	0.0416033	0.143089	0.00318245	0.0262355
193	0.0663065	0.00213922	0.0152154	0.0644358	0.00359536	0.0162719	0.0166721	0.0247653	0.151089	0.0968849	0.0680442	0.050644	0.0109159	0.0813765	0.103161	0.121256	0.0712226	0.0309063	0.00287814	0.00222045
194	0.0359061	0.00680778	0.00825514	0.0114633	0.103808	0.0101334	0.0288996	0.103196	0.018276	0.31918	0.0497356	0.0329766	0.00763474	0.0299789	0.0208961	0.0321155	0.0327777	0.125075	0.003548	0.0193369
195	0.0623965	0.0101304	0.19769	0.0475511	0.0618362	0.0576765	0.0203888	0.0230078	0.0511876	0.0276387	0.0167754	0.14127	0.0173766	0.0257611	0.0195244	0.0882381	0.0353945	0.0813546	0.00539478	0.00940753
