427	20
1	0.0187297	0.00308272	0.0863028	0.0297229	0.00214479	0.0422187	0.0295599	0.0685316	0.00637973	0.00843124	0.0495722	0.0262956	0.00162636	0.14979	0.0387426	0.160395	0.182223	0.0934999	0.000989504	0.00176203
2	0.0130647	0.00234732	0.00188341	0.628446	0.00161066	0.0115472	0.0268144	0.0273849	0.00334605	0.00996269	0.0032671	0.0310932	0.00113859	0.198619	0.00424867	0.00756229	0.00518136	0.0200046	0.000690951	0.00178672
3	0.0388047	0.00580779	0.353845	0.410774	0.00129012	0.00199022	0.0315854	0.00398469	0.0117418	0.00317027	0.00215383	0.0139818	0.00207638	0.0214176	0.0128897	0.01905	0.0075558	0.0343076	0.000297835	0.0232755
4	0.0120298	0.00155441	0.00239566	0.00594886	0.00207739	0.00586208	0.0308306	0.00362869	0.430287	0.00706648	0.00429248	0.0215031	0.000379771	0.0281009	0.390377	0.0227808	0.0121149	0.0160312	0.000130399	0.00260919
5	0.0236523	0.00156592	0.000665493	0.000624586	0.000414159	0.932118	0.000663182	0.000986532	0.00317913	0.00100956	0.00296075	0.00327477	0.000284642	0.000993907	0.0040208	0.0191663	0.00267564	0.00118702	0.000140183	0.000416897
6	0.0272602	0.000529803	0.354547	0.501254	0.000444959	0.00253965	0.00735453	0.00363393	0.0157181	0.00120871	0.0011719	0.0143325	0.00113027	0.0216425	0.00285043	0.0233806	0.00511294	0.0125264	0.000319345	0.00304205
7	0.0307426	0.00653728	0.070412	0.0228093	0.00256577	0.037023	0.0311579	0.0841643	0.0135827	0.015012	0.0664673	0.0601082	0.00170052	0.102487	0.051665	0.130975	0.176644	0.0932812	0.00090861	0.00175595
8	0.66247	0.0240325	0.00581976	0.00973951	0.00501156	0.0414605	0.00501871	0.00939392	0.00760167	0.0107436	0.00447343	0.00780645	0.00743925	0.0087776	0.00922224	0.116022	0.0352946	0.026156	0.000509652	0.00300694
9	0.0204968	0.00375687	0.00537879	0.0199512	0.00291498	0.00837578	0.0266256	0.00906329	0.420709	0.0141926	0.00949446	0.0264467	0.0017271	0.0362027	0.323158	0.0294498	0.0209067	0.0179163	0.000659569	0.00257425
10	0.00453028	0.000514115	0.00133902	0.00798396	0.0189096	0.000499206	0.00371615	0.0849429	0.00064895	0.648261	0.178127	0.000696164	0.000291011	0.00373588	0.00457355	0.0039243	0.015278	0.0158009	0.000151552	0.00607695
11	0.20171	0.0192238	0.00327934	0.0180878	0.00384683	0.0129175	0.00934999	0.0129905	0.0127219	0.00797475	0.0780735	0.00855363	0.00348252	0.129908	0.0284063	0.252063	0.166099	0.0257457	0.000922565	0.004644
12	0.246379	0.0432376	0.00376802	0.0101682	0.00529277	0.00673783	0.0469066	0.0275468	0.0157784	0.0826453	0.0211318	0.106969	0.00202076	0.0323699	0.0189125	0.204187	0.0489171	0.0153268	0.00274875	0.0589562
13	0.0109314	0.00307369	0.00386286	0.0153306	0.0438374	0.00134289	0.0145842	0.133889	0.00224901	0.477156	0.165764	0.00173065	0.000947792	0.0108613	0.00658024	0.00541371	0.0363483	0.0423138	0.000487809	0.0232952
14	0.0218473	0.0182102	0.000348435	0.0017174	0.00384711	0.000467304	0.000474774	0.227829	0.00269236	0.0464189	0.00778251	0.000595008	0.000254101	0.000710342	0.000513326	0.0013742	0.0118121	0.652702	0.00012768	0.000275461
15	0.0393908	0.00310212	0.0045224	0.0030012	0.000592221	0.87874	0.00241733	0.00183235	0.00775333	0.00246248	0.00361068	0.00918149	0.00049605	0.00309236	0.0051434	0.024831	0.00675376	0.00241778	0.000232927	0.000426789
16	0.723425	0.0156991	0.00166843	0.00481166	0.0029984	0.0498633	0.00304342	0.00695753	0.00396365	0.0058297	0.00319631	0.00395974	0.00337161	0.00480394	0.00234363	0.0901205	0.0427554	0.0298252	0.000385751	0.000977076
17	0.0040039	0.000619687	0.00337799	0.000744775	0.0103761	0.00205857	0.0023995	0.442264	0.00304967	0.283938	0.0952989	0.000685551	0.00238394	0.00376646	0.00107424	0.0027689	0.00735608	0.132815	0.000151992	0.000867041
18	0.520054	0.0181301	0.00404512	0.00771401	0.0036417	0.0317549	0.00933365	0.0278409	0.0132961	0.0115999	0.0138642	0.0108353	0.00494474	0.0162055	0.00813359	0.173178	0.0864792	0.0345682	0.00102054	0.00335997
19	0.0175029	0.0129025	0.00033917	0.00105189	0.00378333	0.000470115	0.000420705	0.293467	0.00222708	0.0505596	0.00797503	0.000587353	0.000417888	0.0005983	0.000638536	0.00113592	0.010638	0.59495	0.000119168	0.000215501
20	0.208249	0.00927403	0.00557649	0.00937439	0.00514852	0.157159	0.00712173	0.0112264	0.0126319	0.00865796	0.013626	0.0250041	0.0147399	0.0179548	0.0100285	0.277629	0.155955	0.0463661	0.000926893	0.00335086
21	0.0292314	0.000648222	0.385036	0.451253	0.000496675	0.00540849	0.00814955	0.00303033	0.0185147	0.00133644	0.00167879	0.0229313	0.00352418	0.0194165	0.00418525	0.021524	0.00830241	0.012241	0.000589432	0.00250287
22	0.00455106	0.000544921	0.00180876	0.00686886	0.0177741	0.000655056	0.0041671	0.159718	0.00116572	0.564909	0.167096	0.000809585	0.000843923	0.00395233	0.00383966	0.0036693	0.0142172	0.0377452	0.000155752	0.00550821
23	0.0290504	0.00879751	0.00160873	0.00233657	0.00725894	0.00170251	0.00226595	0.290072	0.00550028	0.184014	0.039698	0.00339988	0.00107234	0.00532618	0.00273729	0.00673666	0.011082	0.395257	0.00110681	0.000977347
24	0.0254606	0.00405176	0.0193228	0.0261756	0.00193908	0.0131967	0.0147211	0.0163214	0.551479	0.0236599	0.0128933	0.0345624	0.00275681	0.0374147	0.154186	0.0228976	0.0236686	0.0132913	0.000274413	0.00172629
25	0.00749742	0.00279802	0.00563871	0.00293006	0.00227757	0.0132093	0.00272489	0.00372686	0.0036223	0.0046913	0.00284103	0.0323901	0.00140428	0.00771391	0.00344532	0.423563	0.472037	0.00549171	0.000636144	0.00136034
26	0.0911603	0.0100949	0.012556	0.0150325	0.00413355	0.023408	0.00904383	0.0128485	0.015046	0.0164631	0.0126394	0.0302058	0.00923837	0.0258728	0.0128809	0.315304	0.347333	0.0324762	0.00112692	0.00313504
27	0.00486558	0.000533357	0.00156237	0.00732677	0.0188655	0.000553384	0.00419876	0.111384	0.0015914	0.615317	0.170283	0.000941609	0.000403361	0.00390695	0.00471117	0.00394432	0.0157846	0.0279014	0.000161428	0.00576481
28	0.034795	0.00393085	0.00255079	0.00258586	0.000920163	0.880837	0.00141666	0.00204267	0.00646445	0.00214393	0.00349421	0.00759695	0.00119154	0.00365798	0.00504777	0.0285405	0.00865226	0.00294559	0.000309716	0.000876121
29	0.136544	0.0197199	0.0219553	0.0197337	0.0111177	0.0170809	0.0101886	0.0365146	0.0233804	0.0262002	0.0118346	0.0152287	0.474274	0.0175041	0.0127465	0.0750089	0.0309981	0.0288056	0.00335179	0.00781204
30	0.0116317	0.000929378	0.00144479	0.00336079	0.000512777	0.00327631	0.0154095	0.00218031	0.628535	0.010953	0.00659715	0.0387827	0.000520963	0.035422	0.198061	0.0198454	0.0142929	0.00746425	0.000100151	0.000679835
31	0.0409911	0.00222897	0.0051238	0.00403838	0.000704414	0.86986	0.00157418	0.001536	0.00927628	0.00202748	0.00350949	0.0109488	0.000780832	0.00309847	0.00576967	0.028996	0.00632084	0.00237424	0.000178712	0.000662078
32	0.0240904	0.00348786	0.0044501	0.0168028	0.0215871	0.0030774	0.0161158	0.123316	0.0152074	0.429984	0.168513	0.00965123	0.000887537	0.0411427	0.0153865	0.0198817	0.0332588	0.0417653	0.00141236	0.00998261
33	0.0445722	0.0262869	0.357055	0.0925635	0.00551159	0.0129209	0.0157055	0.0154983	0.0445125	0.0488287	0.0169192	0.14926	0.00587413	0.0333967	0.0220652	0.0541927	0.0292991	0.0169396	0.00128394	0.00731408
34	0.0250956	0.00694895	0.0119174	0.0225104	0.00299087	0.0129912	0.0162428	0.0188339	0.527034	0.0284594	0.0128184	0.0382029	0.00375552	0.0431408	0.155029	0.0287097	0.024734	0.0189389	0.000326155	0.00132036
35	0.00528164	0.000912208	0.00287386	0.00070992	0.00992168	0.00245374	0.00274284	0.437636	0.00308136	0.273036	0.0937169	0.00192382	0.00229677	0.00430162	0.00110601	0.00450605	0.010449	0.142312	0.000168374	0.00056954
36	0.0198259	0.00710822	0.00541947	0.0115928	0.0377506	0.00447307	0.0097237	0.123192	0.0126021	0.510251	0.115048	0.00679608	0.00247234	0.0133108	0.010792	0.0151391	0.0227671	0.0554397	0.00178127	0.014515
37	0.0358355	0.00393891	0.00430085	0.0183529	0.00456023	0.00365008	0.0439614	0.140728	0.0535926	0.147609	0.0777358	0.0238217	0.00107607	0.125537	0.0475485	0.0626288	0.0818876	0.116099	0.00512561	0.00200977
38	0.0384174	0.00856787	0.0120951	0.0398283	0.00225935	0.00608774	0.0459298	0.0890228	0.0657657	0.113394	0.0671958	0.0414552	0.00135039	0.134616	0.0645899	0.0897247	0.0925126	0.0811808	0.00470715	0.00129909
39	0.00822821	0.00448977	0.000247528	0.000546781	0.00281783	0.000473489	0.000451067	0.524973	0.00106743	0.0321438	0.00867534	0.000567342	0.000402052	0.000512298	0.00143745	0.000827265	0.0085963	0.403189	0.000100747	0.000254121
40	0.0873211	0.0153434	0.0225851	0.030615	0.0106176	0.0260602	0.0154398	0.0395488	0.0421777	0.0415552	0.023704	0.0349256	0.007963	0.0368621	0.0346361	0.192046	0.263626	0.0638695	0.00246924	0.00863486
41	0.0624682	0.0150159	0.132448	0.0614585	0.00812313	0.0287687	0.0314666	0.0195821	0.0951352	0.0246391	0.0141104	0.271831	0.00585305	0.0361634	0.0338866	0.0738498	0.0449109	0.0290969	0.00197371	0.00921891
42	0.0366115	0.0129455	0.431205	0.229489	0.0014825	0.0137843	0.0120832	0.00889072	0.0317106	0.00867442	0.00680068	0.0875053	0.00730636	0.0227844	0.0118393	0.0380854	0.0166285	0.0123087	0.00118824	0.00867648
43	0.0238648	0.00179966	0.00323141	0.00272063	0.000557888	0.901489	0.00126429	0.00135747	0.00757684	0.00169026	0.00310638	0.00989353	0.000451109	0.00280434	0.00510894	0.0231107	0.00728739	0.00189793	0.000154153	0.000633718
44	0.67932	0.0226248	0.00576026	0.00838157	0.00307421	0.0400394	0.00694833	0.00983942	0.00885744	0.0110053	0.00663854	0.00889734	0.00925208	0.00937582	0.0063301	0.105633	0.0320386	0.0224203	0.000558324	0.00300484
45	0.0687698	0.0215426	0.0125297	0.0197267	0.12407	0.0211839	0.0193995	0.066241	0.0269764	0.0960385	0.0393919	0.0308913	0.0105963	0.03231	0.0269196	0.0728221	0.196781	0.0727192	0.00435092	0.0367392
46	0.0153672	0.00981152	0.0024485	0.00466223	0.00807176	0.00258822	0.00410232	0.483814	0.0107713	0.109554	0.045049	0.00402087	0.0023354	0.00731303	0.00806243	0.00792903	0.0197157	0.25091	0.000627104	0.00284593
47	0.0151537	0.0048179	0.00408642	0.00907522	0.0348474	0.00322722	0.00557258	0.118061	0.0167479	0.553632	0.118975	0.00517617	0.00174913	0.00951061	0.0112961	0.0122583	0.0187241	0.0463222	0.000870509	0.00989628
48	0.0104931	0.000531185	0.00120858	0.00298211	0.000413574	0.00314626	0.0153082	0.00170268	0.642235	0.010176	0.00515779	0.0392033	0.000469764	0.0368746	0.18851	0.0195113	0.0142967	0.00709867	0.00010762	0.000573561
49	0.293205	0.00396921	0.00728746	0.0065294	0.0138595	0.0280668	0.003766	0.00336269	0.0481337	0.00746178	0.00419868	0.0732596	0.00337999	0.0329184	0.00398963	0.444936	0.0107665	0.00640778	0.000685519	0.00381643
50	0.0103179	0.00570718	0.000799244	0.000593133	0.00400132	0.00101129	0.000535381	0.434369	0.00178805	0.0936808	0.0236544	0.00057716	0.00097699	0.00111972	0.00113026	0.00123058	0.00850969	0.409677	0.000123754	0.000197708
51	0.0793745	0.0100762	0.00742721	0.0459306	0.0442234	0.070401	0.178827	0.0096265	0.00988737	0.0480082	0.0430002	0.0530361	0.0823392	0.0152175	0.0444238	0.0589629	0.0524139	0.0511589	0.0374711	0.0581941
52	0.00588036	0.00100915	0.00292629	0.000746172	0.0147099	0.00214513	0.00217	0.435701	0.00509511	0.267544	0.084228	0.00090271	0.00460864	0.00350575	0.00121604	0.00347985	0.00693604	0.156313	0.000153467	0.000730478
53	0.0393516	0.000738273	0.445585	0.259903	0.000363686	0.0237503	0.0075833	0.000798874	0.0437502	0.00118136	0.00443573	0.0883761	0.0114977	0.0211954	0.00868817	0.0223668	0.015896	0.00167073	0.00222275	0.000645281
54	0.0972272	0.0137495	0.090193	0.0298493	0.00739241	0.0264863	0.0287793	0.00979697	0.0601826	0.0224946	0.0111343	0.243497	0.00593565	0.0335772	0.0224256	0.183481	0.0816101	0.0161739	0.00168582	0.0143285
55	0.190069	0.0180194	0.00415976	0.00712238	0.00437626	0.0108003	0.00470191	0.0299406	0.0108172	0.00924315	0.0048921	0.00520254	0.615921	0.00820452	0.0063489	0.0391211	0.0138089	0.0131202	0.00129308	0.0028376
56	0.702047	0.0659101	0.0010263	0.00294188	0.00181583	0.0255382	0.00225936	0.00531422	0.00251105	0.0108438	0.00226711	0.00351482	0.00360284	0.00191238	0.00229029	0.0942041	0.0249536	0.04444	0.00170393	0.000903162
57	0.808739	0.0158852	0.000294832	0.00112195	0.00191468	0.0481046	0.000355748	0.0048738	0.000511053	0.00249082	0.000602865	0.00163577	0.000256005	0.000782475	0.000557293	0.0767685	0.0212956	0.0134791	0.000106167	0.000224147
58	0.0145493	0.00137828	0.00221763	0.00690393	0.00081738	0.00334059	0.0151435	0.00680434	0.620405	0.0172204	0.00796932	0.0342006	0.00128185	0.0394178	0.179874	0.0205523	0.0173633	0.00963988	0.000256195	0.000663932
59	0.00503424	0.000417959	0.00022919	0.000352102	0.00277017	0.000385661	0.000415113	0.623284	0.000457592	0.0272305	0.00871446	0.000430863	0.000548617	0.000502208	0.00181503	0.000730417	0.00710417	0.319294	9.63872e-05	0.000187232
60	0.00961292	0.00692996	0.00274222	0.00561702	0.156799	0.00294395	0.00625464	0.055921	0.00432831	0.554437	0.0650245	0.00318975	0.00270876	0.00541509	0.0052436	0.00722058	0.0115952	0.0263816	0.00388389	0.0637506
61	0.0146263	0.0088371	0.000318327	0.000861763	0.0032411	0.000377865	0.000458253	0.422577	0.00167033	0.044747	0.00890444	0.000506018	0.000463082	0.000656066	0.00117571	0.00118136	0.00954674	0.479486	0.000122881	0.000242606
62	0.0390798	0.000784675	0.441148	0.258491	0.000527994	0.0249134	0.00745508	0.00079047	0.0445845	0.00110547	0.00448546	0.0944145	0.010423	0.0213952	0.00858927	0.0224451	0.0157257	0.00110033	0.00225414	0.000287175
63	0.0055909	0.000772262	0.00277733	0.00552053	0.0154964	0.00178557	0.00657052	0.343577	0.00264034	0.335591	0.143672	0.00108277	0.00158795	0.00560169	0.00224096	0.0063961	0.0180666	0.095798	0.000173894	0.00505821
64	0.352423	0.0157229	0.00177339	0.00336072	0.00351055	0.0319004	0.00337038	0.00357778	0.00523649	0.006265	0.00483428	0.00985236	0.0082102	0.0186794	0.00411122	0.485999	0.0267009	0.0117722	0.000858653	0.00184097
65	0.0178291	0.0043415	0.00238939	0.00417538	0.00218135	0.00290529	0.0033331	0.0709852	0.495346	0.106367	0.080654	0.0042971	0.00178006	0.00913351	0.142491	0.00993929	0.0302485	0.00939771	0.000940141	0.00126509
66	0.0961085	0.0162885	0.00407327	0.0171895	0.00379108	0.054841	0.00582446	0.0510297	0.00834294	0.0182745	0.0100858	0.0070662	0.00258009	0.0395537	0.00715006	0.0149601	0.284621	0.353371	0.00140221	0.0034468
67	0.0736442	0.0171423	0.0205265	0.036984	0.00893699	0.0208559	0.0294618	0.0582074	0.0438694	0.0439699	0.0356974	0.0266427	0.00702441	0.135172	0.0371256	0.0820415	0.160214	0.151766	0.00207478	0.00864349
68	0.038289	0.0144711	0.416016	0.228287	0.00270305	0.0165123	0.0121993	0.0075814	0.0324207	0.0150964	0.00976315	0.0800374	0.00785151	0.0247927	0.0128854	0.0388622	0.0183239	0.0143044	0.00154895	0.00805388
69	0.0431238	0.000645432	0.427802	0.261189	0.000628123	0.0243243	0.00830605	0.00172236	0.0453859	0.00242489	0.00560228	0.0867055	0.00999857	0.0251417	0.00911201	0.0247712	0.0176997	0.00188652	0.00270157	0.000828766
70	0.0685164	0.0166876	0.0313898	0.165834	0.00523313	0.013936	0.0185869	0.0431693	0.111016	0.0340895	0.0196501	0.0285674	0.00851329	0.0612838	0.0521729	0.0440445	0.115455	0.155111	0.00186499	0.00487844
71	0.0299937	0.0728865	0.00315878	0.0475808	0.00782177	0.00428451	0.00418316	0.188666	0.00731618	0.0370356	0.0206343	0.00508587	0.0062076	0.0131678	0.00505997	0.00964681	0.0578469	0.475932	0.000828413	0.00266303
72	0.0335166	0.00293333	0.00160739	0.00150732	0.00110108	0.884226	0.00332196	0.00178665	0.00779351	0.00216164	0.00336527	0.00965569	0.00103285	0.00334688	0.00532738	0.0253759	0.00710982	0.00359904	0.000344683	0.000887323
73	0.0378394	0.0120064	0.434998	0.216749	0.001859	0.0157739	0.0110891	0.00569152	0.0399472	0.00842702	0.00638161	0.0905565	0.00718493	0.0253993	0.0129369	0.0372909	0.0170324	0.0114072	0.00163268	0.00579681
74	0.031806	0.00335008	0.00438693	0.00320271	0.00147214	0.871286	0.00327442	0.00240956	0.00703756	0.00226326	0.0042405	0.00959126	0.0019595	0.00414578	0.00537749	0.0275038	0.00904583	0.00529449	0.000520107	0.00183231
75	0.0932743	0.017164	0.0230291	0.0284626	0.00867173	0.0219569	0.016066	0.0434132	0.0399786	0.0394041	0.0233802	0.0299665	0.00597107	0.0389815	0.0281875	0.179096	0.275976	0.0786234	0.00159736	0.00680065
76	0.115911	0.0159981	0.0215037	0.0261116	0.00917976	0.0195288	0.0133718	0.0446103	0.0287821	0.0434415	0.0220653	0.0292123	0.00778565	0.0325582	0.0243466	0.186205	0.27104	0.0803351	0.00139675	0.00661698
77	0.0829906	0.00812595	0.00751317	0.00725417	0.00352744	0.0546849	0.00676952	0.00912648	0.00955093	0.0071486	0.00863118	0.0396961	0.00465982	0.0189166	0.00964399	0.397069	0.302469	0.0185424	0.000739176	0.00294064
78	0.0708658	0.0955349	0.00370549	0.00922153	0.00852354	0.00317322	0.00515496	0.161722	0.0079615	0.0567755	0.0146608	0.00616502	0.00973124	0.00844018	0.00703408	0.0171997	0.0449462	0.462694	0.00128792	0.0052028
79	0.264216	0.069533	0.00165613	0.00307042	0.00173017	0.00465109	0.00322739	0.0138869	0.00338838	0.0722597	0.00267555	0.0033548	0.00116245	0.00577535	0.00482578	0.0171609	0.23235	0.293182	0.000697918	0.00119585
80	0.0220682	0.0211401	0.000372092	0.00189981	0.00403138	0.000507026	0.000493367	0.231179	0.00268342	0.046385	0.00805964	0.00066303	0.0007556	0.000748685	0.000554541	0.00162763	0.0117062	0.64473	0.00012667	0.000268246
81	0.010846	0.00383974	0.00334061	0.003841	0.234137	0.00328118	0.00459368	0.00880896	0.00486119	0.63534	0.0116462	0.0047379	0.0026524	0.0070172	0.00569851	0.00994289	0.0109469	0.0083955	0.00227619	0.023797
82	0.806342	0.0195125	0.00028137	0.00127313	0.00199109	0.0445443	0.000394128	0.00465394	0.000618769	0.00267843	0.000692804	0.00154431	0.00016625	0.000925397	0.000728641	0.0763438	0.0221556	0.0147854	0.000130076	0.000237599
83	0.127459	0.0340733	0.000874692	0.00123575	0.000821878	0.0737568	0.00116332	0.00147905	0.00155802	0.00236121	0.00180859	0.00167285	0.00655569	0.00189241	0.00647901	0.724446	0.0086868	0.00278093	0.000296605	0.000598027
84	0.0632053	0.00434891	0.0388554	0.44027	0.00279173	0.0140233	0.0202381	0.022679	0.0411728	0.0334822	0.00983648	0.034323	0.00148363	0.180551	0.0181214	0.0251	0.0225583	0.0221838	0.000839929	0.00393581
85	0.00530812	0.000594853	0.00169981	0.00703753	0.0180172	0.000667617	0.00380567	0.140541	0.00144807	0.590918	0.161095	0.000821358	0.000711742	0.00417848	0.0039097	0.00388589	0.0140641	0.0357425	0.000163818	0.00538908
86	0.00823614	0.0011967	0.00265177	0.00392229	0.0165553	0.00166809	0.00455234	0.278891	0.00263664	0.416923	0.124924	0.00209526	0.00136867	0.00567879	0.00282125	0.00550579	0.0145055	0.10153	0.000258685	0.00407862
87	0.0146115	0.00176219	0.00295574	0.00657324	0.00276978	0.00544062	0.0380628	0.00406467	0.387872	0.00694616	0.00424859	0.0177597	0.000361841	0.0241712	0.423062	0.0253632	0.0124606	0.017883	0.000190516	0.00344042
88	0.0195556	0.00323691	0.00349194	0.529182	0.00187786	0.0244513	0.0211227	0.0203727	0.02758	0.00958674	0.0044248	0.0507617	0.00127023	0.224719	0.0170205	0.0139731	0.00919469	0.0155616	0.000763949	0.00185273
89	0.7933	0.0150387	0.000509077	0.00164689	0.00197922	0.0506718	0.000487089	0.00475789	0.000701778	0.00263693	0.00105257	0.00231597	0.00181444	0.00122143	0.000710866	0.0842936	0.0229963	0.0134675	0.000141753	0.000255673
90	0.0498868	0.00109223	0.381791	0.297808	0.00159291	0.0227902	0.00721206	0.00514103	0.0409062	0.00749799	0.00923319	0.067154	0.00805795	0.0344265	0.00952318	0.0269437	0.0186144	0.00519478	0.00177677	0.00335751
91	0.0571085	0.0102379	0.0251304	0.068221	0.00267108	0.00678807	0.0318023	0.0473043	0.246066	0.042035	0.0222017	0.032288	0.0106811	0.112829	0.123806	0.0570334	0.0632476	0.0394408	0.000369571	0.000737541
92	0.0058243	0.000694297	0.00158095	0.00830974	0.0214918	0.000571445	0.00441142	0.095483	0.00102177	0.624343	0.176779	0.000989843	0.000374137	0.00441431	0.00469205	0.00435396	0.0157575	0.0221477	0.000175225	0.0065845
93	0.0195212	0.0148114	0.000402894	0.0012263	0.00383229	0.00047055	0.000490181	0.240699	0.00252407	0.0571759	0.00825541	0.000630992	0.000385612	0.000655253	0.00056167	0.00129411	0.0112713	0.63541	0.000131724	0.000249918
94	0.0124583	0.00188846	0.00327743	0.00863226	0.00296261	0.00803845	0.032963	0.0036256	0.400713	0.00714215	0.00497158	0.0203228	0.000417213	0.0241683	0.408027	0.0269529	0.0130178	0.0171588	0.000204144	0.00305836
95	0.00566591	0.000606841	0.00345174	0.00187488	0.0171804	0.0019437	0.00386524	0.408497	0.00289622	0.300984	0.105346	0.000742323	0.00230982	0.00414812	0.00162534	0.00263969	0.00868988	0.124308	0.000154211	0.00307081
96	0.0604111	0.0194074	0.0246298	0.0313966	0.0246377	0.0192242	0.257946	0.0279178	0.0790258	0.0502113	0.0244557	0.0434255	0.00714254	0.0844282	0.0607618	0.0551485	0.0387025	0.0374883	0.00449827	0.0491412
97	0.185781	0.014187	0.0135207	0.0132302	0.00483586	0.0351846	0.00698548	0.0179185	0.0173275	0.0185436	0.0140295	0.0125075	0.34246	0.0148784	0.00881363	0.213205	0.040045	0.0218619	0.00165107	0.00303382
98	0.0748171	0.0147849	0.0170593	0.0288597	0.00932224	0.0132984	0.0228122	0.0453505	0.0256711	0.0541197	0.146257	0.020473	0.00419634	0.187945	0.0438191	0.104053	0.127265	0.0511386	0.00279113	0.0059663
99	0.0303724	0.012045	0.00236378	0.00355095	0.00627475	0.00465595	0.0319232	0.370428	0.0250117	0.064112	0.0266039	0.0293778	0.00116098	0.0119438	0.00566942	0.0135197	0.168739	0.169066	0.000711778	0.0224692
100	0.00925593	0.00535814	0.000330807	0.000736976	0.00439844	0.000624793	0.000577717	0.533926	0.000987007	0.036791	0.00974193	0.00065626	0.000956334	0.0008232	0.00171294	0.00144888	0.00818287	0.383087	0.000183903	0.000219808
101	0.0501163	0.0512902	0.000936143	0.00262091	0.00529496	0.00216808	0.00149468	0.265263	0.00278655	0.071032	0.0113506	0.00211773	0.00357184	0.00248303	0.00207486	0.00711215	0.0304201	0.486824	0.000339654	0.000703116
102	0.304903	0.00143359	0.0580669	0.0876633	0.00130609	0.0417631	0.00155269	0.00190139	0.0106744	0.00254769	0.00155398	0.0330173	0.00508231	0.0497313	0.0364776	0.26302	0.0872385	0.0105471	0.000426422	0.00109369
103	0.037095	0.00469556	0.00822185	0.0085483	0.00361044	0.755477	0.00715887	0.013338	0.0156301	0.0102859	0.0226196	0.0138951	0.00304482	0.00984907	0.0113388	0.0403952	0.0154596	0.0146826	0.000713726	0.00394062
104	0.00852846	0.0012486	0.0009702	0.00119818	0.438183	0.00110262	0.00333196	0.00394606	0.00406222	0.0780982	0.0123237	0.00143956	0.000626069	0.00178704	0.00919934	0.0027684	0.00283905	0.00655191	0.0224936	0.399302
105	0.0338424	0.0116528	0.0122396	0.0178118	0.0175335	0.0112781	0.2091	0.0146739	0.139783	0.0319777	0.0127458	0.0242222	0.00494736	0.045889	0.290971	0.0351234	0.0205808	0.0259884	0.00189428	0.0377452
106	0.125503	0.00548181	0.0209097	0.0861324	0.00265999	0.00561734	0.00596613	0.121364	0.119958	0.187111	0.100049	0.0244344	0.00150419	0.086929	0.0645356	0.0109162	0.0123561	0.0141679	0.00112256	0.00328077
107	0.337111	0.0166035	0.0150621	0.0290485	0.00425617	0.0240739	0.0159073	0.0104808	0.0214761	0.0156085	0.018937	0.0237878	0.00655495	0.0822079	0.0224298	0.259459	0.0684022	0.0220847	0.00138961	0.00511891
108	0.165784	0.0456261	0.00281709	0.00333178	0.00247584	0.00338758	0.0194244	0.0052163	0.00428119	0.205117	0.00354112	0.00423723	0.00152846	0.0211317	0.0738049	0.0897559	0.189543	0.156459	0.000888372	0.00164921
109	0.118193	0.00359666	0.117409	0.259744	0.000849936	0.0159938	0.00873282	0.0190177	0.109986	0.0176616	0.00141692	0.0486343	0.00122615	0.126808	0.0318954	0.0441108	0.0485817	0.0254962	0.000236701	0.000410447
110	0.0694426	0.025178	0.304822	0.124065	0.00447254	0.00597536	0.0995088	0.00795756	0.00853931	0.0100213	0.00649816	0.0304973	0.00297115	0.037933	0.05849	0.0132684	0.0114762	0.0681365	0.00133679	0.10941
111	0.00553621	0.000649822	0.00161112	0.00782833	0.0192467	0.000830553	0.00425684	0.0975027	0.000995437	0.627873	0.172775	0.00123909	0.000428608	0.00434709	0.00448687	0.00448738	0.0162649	0.0235365	0.000153061	0.00595004
112	0.00973939	0.000882154	0.00354638	0.0198315	0.0369078	0.000852239	0.0182271	0.14037	0.00121437	0.461693	0.18698	0.00119143	0.000553583	0.0128966	0.00467978	0.00416391	0.0367774	0.041669	0.000203046	0.0176218
113	0.0444912	0.00238853	0.0817072	0.0026237	0.00208162	0.00248844	0.0463436	0.00365565	0.164841	0.0117863	0.00304961	0.50481	0.00142469	0.017517	0.0336014	0.064432	0.00531885	0.00414024	0.000646995	0.00265153
114	0.0204099	0.00792534	0.00134733	0.00108858	0.00519113	0.00155779	0.00184007	0.434023	0.00291065	0.117458	0.0311925	0.00281138	0.00126725	0.00303083	0.00250754	0.0042806	0.0131825	0.347177	0.000315896	0.000483469
115	0.685379	0.0317295	0.00112612	0.00256785	0.00215343	0.0335434	0.00247308	0.00645202	0.00297525	0.00660099	0.0050501	0.00443975	0.00589587	0.00661591	0.00251941	0.139114	0.0309445	0.0280653	0.00109704	0.00125795
116	0.0242459	0.0196887	0.00363364	0.0189669	0.00296307	0.0193622	0.0145531	0.00475697	0.145739	0.00771238	0.0501827	0.0191192	0.00125671	0.00856387	0.593316	0.0285593	0.0224162	0.0114739	0.000767485	0.00272264
117	0.0903332	0.0160309	0.0209019	0.0272763	0.0103395	0.0220477	0.0150546	0.0539522	0.0367071	0.0429622	0.0256428	0.0384194	0.00795065	0.0372798	0.0287458	0.158675	0.274833	0.0850859	0.00141896	0.0063436
118	0.570434	0.0199609	0.00458231	0.0101377	0.00385171	0.0350156	0.00859488	0.00927382	0.00653019	0.0115628	0.00646914	0.012746	0.00701078	0.0128971	0.00920847	0.137027	0.0939086	0.0362599	0.00107196	0.00345664
119	0.0117225	0.00337413	0.00226006	0.00543238	0.0147482	0.00149776	0.00454817	0.274255	0.00607862	0.411318	0.113501	0.00241747	0.00161036	0.00677655	0.00588117	0.00660796	0.0142569	0.109054	0.000511081	0.00414858
120	0.125902	0.0357794	0.00103686	0.00129593	0.00083624	0.0737652	0.0014757	0.00162425	0.00179781	0.00261209	0.00179693	0.00202904	0.00618142	0.00254747	0.0065706	0.722124	0.00892698	0.00281186	0.000294992	0.0005913
121	0.17036	0.0253271	0.0186224	0.0240621	0.00562342	0.0444737	0.0118978	0.0115211	0.0261611	0.019552	0.0153579	0.0263639	0.0140644	0.0261889	0.0210237	0.436146	0.0745941	0.0207694	0.00160306	0.00628841
122	0.0266104	0.0033614	0.0138366	0.0207239	0.00158335	0.010583	0.0171792	0.0176464	0.537308	0.0288331	0.0141339	0.0379331	0.0022481	0.0384305	0.161474	0.026591	0.0225952	0.0171492	0.000303719	0.00147584
123	0.00508845	0.000864551	0.00163855	0.000495698	0.00576026	0.00118444	0.00120263	0.532361	0.00184229	0.169262	0.0490124	0.000701381	0.00151708	0.00218208	0.00164443	0.00181101	0.00674804	0.216144	0.000240306	0.000299345
124	0.0107429	0.00307053	0.00249469	0.00224718	0.0097969	0.00178088	0.00338323	0.411423	0.00333581	0.256654	0.0731995	0.00263846	0.00198053	0.0058497	0.00292579	0.00454144	0.0108308	0.191276	0.00038463	0.00144384
125	0.225524	0.0146807	0.00233457	0.0040031	0.00363166	0.0104	0.0851877	0.00995844	0.00578548	0.0252857	0.0120017	0.0734344	0.00229723	0.0296713	0.0279823	0.287857	0.10318	0.0335346	0.00140788	0.041842
126	0.103093	0.00929857	0.00412986	0.00564996	0.00495282	0.0281899	0.148211	0.0071637	0.0073102	0.0365611	0.00924443	0.0890897	0.00330722	0.208474	0.0115761	0.116543	0.0637768	0.0670496	0.00178986	0.0745893
127	0.0652326	0.0286379	0.316677	0.135901	0.00443284	0.0052743	0.105726	0.00633376	0.00665562	0.00881535	0.00541909	0.0328206	0.00258785	0.0302051	0.0485299	0.0111293	0.00970163	0.0660478	0.00110539	0.108767
128	0.0109886	0.000630467	0.00133378	0.00330488	0.000478927	0.00329359	0.016531	0.00187595	0.632404	0.0105439	0.00507861	0.0377594	0.000501295	0.0368816	0.196598	0.0196962	0.0137304	0.00759856	0.000109895	0.000660762
129	0.0266576	0.000558703	0.343956	0.518046	0.000505351	0.00134376	0.00706955	0.00406616	0.014539	0.00148621	0.00138451	0.0104671	0.000616421	0.0218114	0.00234614	0.0238427	0.00459324	0.0131163	0.000171708	0.0034226
130	0.00807394	0.00456373	0.0025241	0.00343919	0.0666291	0.00326761	0.452972	0.00435931	0.0543933	0.0687524	0.0185749	0.00737147	0.00142245	0.0582258	0.0398602	0.00879771	0.00637854	0.00665407	0.000923319	0.182817
131	0.0227952	0.0100567	0.00658703	0.00646651	0.367538	0.00676177	0.0173824	0.0263288	0.00807025	0.131874	0.0220096	0.0109154	0.00585338	0.00958215	0.010531	0.0155251	0.0161258	0.0260041	0.0167028	0.26289
132	0.806207	0.0198652	0.000297065	0.00118271	0.00196531	0.0420993	0.000417436	0.00445982	0.000566665	0.00263329	0.000678723	0.00158799	0.000169923	0.000911802	0.000724681	0.0783858	0.0221162	0.0153057	0.00018237	0.000243347
133	0.0423957	0.00149495	0.0106257	0.191428	0.00111168	0.0444872	0.00143872	0.00217462	0.276125	0.0029477	0.00229641	0.0871773	0.000844274	0.15209	0.124054	0.0400093	0.0152851	0.00295099	0.000334046	0.000729075
134	0.00352911	0.00067259	0.00277758	0.00228094	0.0106311	0.00166502	0.00375326	0.40334	0.00274819	0.318207	0.119741	0.000746245	0.00211535	0.00356438	0.00150601	0.00342416	0.00965981	0.107536	0.000147908	0.001954
135	0.590575	0.134742	0.00173074	0.00488028	0.00228979	0.0135587	0.00262872	0.0057214	0.00350694	0.012959	0.00374013	0.00695224	0.00708502	0.00396618	0.00290606	0.130645	0.0179054	0.0477219	0.00524792	0.00123703
136	0.236679	0.0726708	0.00173719	0.00214699	0.00155438	0.00400866	0.00326259	0.0180232	0.00293177	0.086834	0.0024222	0.0030443	0.0012721	0.00566465	0.00656199	0.0198987	0.197358	0.332225	0.000622075	0.0010823
137	0.0164002	0.0192571	0.552652	0.125438	0.000751519	0.0099632	0.00335894	0.00146543	0.0413153	0.00328326	0.00253368	0.150482	0.00560409	0.00863325	0.00393621	0.044232	0.00699131	0.00203465	0.000991291	0.00067602
138	0.681112	0.0570752	0.00104395	0.00428398	0.0018901	0.0324674	0.00264721	0.00528012	0.00314423	0.00742096	0.00313394	0.00435344	0.00278441	0.00421435	0.00280974	0.136319	0.0232574	0.022922	0.00214384	0.0016966
139	0.00519182	0.000879904	0.00023645	0.000378792	0.00277046	0.000395551	0.000416796	0.610054	0.00052718	0.0267285	0.00858611	0.000430374	0.000526986	0.000494176	0.00173338	0.000743896	0.00719686	0.33243	0.000100504	0.000178833
140	0.00479989	0.000517347	0.00147769	0.00847341	0.0202712	0.00047584	0.00413141	0.0861558	0.000652028	0.643062	0.177402	0.000700262	0.000297583	0.00393049	0.00456164	0.00377589	0.0154445	0.0171077	0.000155763	0.00660753
141	0.0107574	0.000680773	0.00151536	0.00406526	0.000755234	0.00394184	0.0178425	0.00213911	0.600133	0.00960563	0.00497828	0.0362788	0.000446157	0.0344455	0.228038	0.0205347	0.0141058	0.00873191	0.000110962	0.000893661
142	0.0046974	0.000539078	0.00149981	0.00929222	0.0204521	0.000515446	0.005346	0.0977358	0.000743587	0.620143	0.179406	0.000803628	0.000393872	0.00473001	0.00445979	0.00402044	0.01883	0.0190127	0.000160328	0.00721902
143	0.0321332	0.00114884	0.00735018	0.139434	0.000796585	0.0379447	0.00415358	0.0017239	0.370065	0.00414535	0.00289855	0.0759621	0.000736428	0.122399	0.145007	0.0345919	0.0152981	0.00326302	0.000282876	0.000666171
144	0.0051376	0.0427073	0.595453	0.0451809	0.00144047	0.0021672	0.00188245	0.00256133	0.020294	0.00728322	0.00213819	0.192214	0.00344793	0.0028942	0.00269737	0.0643207	0.00315082	0.00358919	0.000463558	0.000975934
145	0.00475777	0.000484642	0.00172443	0.00710801	0.0183736	0.000659333	0.00392318	0.1321	0.000889229	0.598848	0.167267	0.000681298	0.00058451	0.00386475	0.00401965	0.00378692	0.0143092	0.0308449	0.000165528	0.00560783
146	0.0395678	0.00042981	0.443817	0.258414	0.000356293	0.0246511	0.00734377	0.000728984	0.0454646	0.00102643	0.00451365	0.0904031	0.0105824	0.0219089	0.00867943	0.0226693	0.0158943	0.000992434	0.00229386	0.000262871
147	0.243573	0.0279408	0.00209268	0.00422698	0.00405593	0.00653718	0.083734	0.0104333	0.022172	0.0773221	0.0321943	0.123473	0.00143911	0.0470165	0.0280932	0.180258	0.0288366	0.013148	0.000891564	0.0625629
148	0.00709891	0.00222923	0.000231213	0.000444629	0.00312298	0.000385176	0.000409024	0.568058	0.000767543	0.0308169	0.00869694	0.000472645	0.000554352	0.000505145	0.001592	0.000758869	0.00779805	0.365751	0.00010701	0.000200295
149	0.0190059	0.00723125	0.00474449	0.00895682	0.0112901	0.0078403	0.432408	0.00993685	0.0425994	0.0183911	0.0114487	0.0476011	0.00295967	0.249995	0.014891	0.0217021	0.0166673	0.0484615	0.00120451	0.0226645
150	0.00685642	0.00182203	0.000394462	0.000413338	0.00281564	0.000537266	0.00057426	0.631883	0.000727655	0.0455031	0.0122618	0.000499375	0.000707279	0.00070537	0.00251507	0.00115628	0.00742471	0.282848	0.000128132	0.000226866
151	0.00436781	0.00058768	0.00217089	0.00481051	0.0152532	0.00125404	0.00350332	0.256592	0.00172965	0.479433	0.136564	0.000719619	0.00124912	0.00389808	0.00299561	0.00343855	0.0113348	0.0661234	0.000151147	0.0038229
152	0.0363823	0.0069203	0.0152203	0.0522505	0.00267476	0.0109333	0.0189733	0.0180636	0.39068	0.0240225	0.0140779	0.036697	0.00590934	0.135894	0.114196	0.0397468	0.0531426	0.0213152	0.00118904	0.00171203
153	0.018929	0.00352811	0.00275895	0.00601235	0.00303251	0.00237243	0.00359919	0.112253	0.496823	0.1131	0.0726916	0.00434351	0.00165833	0.00925569	0.0961869	0.00631827	0.0279653	0.0171831	0.00060717	0.00138129
154	0.0774484	0.0378309	0.00270315	0.00341917	0.0190279	0.00327817	0.00377404	0.0616176	0.0546605	0.126506	0.00372387	0.00426277	0.246656	0.0706351	0.0219301	0.126409	0.108142	0.0247817	0.00103588	0.00215803
155	0.0518504	0.00458186	0.00510751	0.00735056	0.00121329	0.792228	0.00214925	0.00371622	0.00878913	0.00326518	0.00444715	0.0114569	0.00175956	0.00578639	0.00645616	0.0686608	0.0129669	0.00605568	0.000558837	0.00160001
156	0.0236523	0.00156592	0.000665493	0.000624586	0.000414159	0.932118	0.000663182	0.000986532	0.00317913	0.00100956	0.00296075	0.00327477	0.000284642	0.000993907	0.0040208	0.0191663	0.00267564	0.00118702	0.000140183	0.000416897
157	0.0904777	0.0422486	0.0114503	0.0453611	0.0021973	0.0409469	0.028532	0.0171084	0.0841182	0.0311301	0.0154131	0.0691719	0.0021405	0.0747584	0.0853574	0.136891	0.173077	0.0466905	0.000593963	0.00233591
158	0.00455098	0.000513883	0.00134748	0.00797369	0.0190241	0.000490154	0.00377508	0.0860474	0.000650078	0.646651	0.178072	0.000685236	0.000290605	0.00377283	0.00452629	0.00392471	0.0153236	0.0160971	0.000152132	0.0061321
159	0.0723727	0.0133801	0.027593	0.0819551	0.00210334	0.00973308	0.0357074	0.0374256	0.182378	0.0346745	0.0296026	0.0457379	0.00454051	0.0952492	0.14149	0.0648832	0.0738596	0.0467492	0.000175973	0.000388733
160	0.0268107	0.000629409	0.37446	0.483529	0.000467692	0.00261803	0.00912745	0.00324076	0.0144275	0.00120678	0.00125405	0.013378	0.00249693	0.0182143	0.00299584	0.0215508	0.00662878	0.0138596	0.000296655	0.00280775
161	0.298687	0.0218941	0.00507094	0.00836859	0.00385282	0.0420688	0.00745176	0.00773577	0.0105126	0.00896926	0.0109064	0.0134101	0.0143576	0.0191522	0.0124343	0.444303	0.0465456	0.0186722	0.000686748	0.00492076
162	0.0086185	0.00127483	0.000990868	0.00120893	0.441823	0.00113165	0.00326399	0.00394912	0.00401948	0.0769161	0.0121544	0.00145423	0.000626238	0.00179905	0.0093584	0.00277465	0.00282034	0.00650063	0.0222852	0.39703
163	0.0555789	0.0315987	0.00416236	0.0115386	0.014462	0.00735995	0.0136746	0.0806953	0.0413831	0.312849	0.0340981	0.0119566	0.00905278	0.0264775	0.0287741	0.09167	0.0533204	0.164531	0.0025499	0.00426713
164	0.0410569	0.00102365	0.41697	0.360479	0.00052037	0.0120998	0.00901194	0.00240851	0.0257629	0.00192103	0.00336201	0.0444455	0.00611353	0.0194255	0.00926152	0.0207385	0.0111939	0.009762	0.00121996	0.00322383
165	0.0353996	0.00221959	0.417787	0.269586	0.0014208	0.0175543	0.00815848	0.00364703	0.030638	0.00543208	0.00659056	0.0608337	0.0369901	0.0180163	0.00839656	0.0310737	0.0353885	0.00625349	0.00205855	0.00255529
166	0.0353501	0.00590719	0.00793114	0.0199963	0.00254461	0.67079	0.00997439	0.00656722	0.0494186	0.007003	0.00763944	0.0268134	0.00196017	0.0205458	0.0644191	0.0339867	0.0164383	0.00992622	0.000611605	0.00217663
167	0.0128511	0.00539591	0.00402646	0.00389091	0.293002	0.00264259	0.00659597	0.0417407	0.00590585	0.308487	0.0437081	0.00489738	0.00366341	0.006695	0.00809669	0.00745507	0.0100086	0.0211526	0.0122238	0.197561
168	0.00506214	0.000540953	0.0018398	0.00613302	0.016953	0.000661434	0.00300159	0.14762	0.00112137	0.600315	0.151007	0.00086491	0.000654952	0.00338564	0.00382351	0.00361641	0.0122275	0.0363232	0.000181634	0.00466612
169	0.00660135	0.00120507	0.00184059	0.00743303	0.019221	0.000987208	0.00441684	0.11926	0.00208455	0.598931	0.167635	0.00160044	0.000649588	0.0048257	0.00467693	0.00479632	0.0161988	0.0317275	0.000168538	0.00574022
170	0.0396997	0.000427687	0.444147	0.258682	0.000354873	0.0247289	0.00734624	0.000726171	0.0452387	0.000997892	0.00452949	0.0904102	0.0105873	0.0217974	0.0086454	0.0223236	0.0157961	0.000989279	0.00230896	0.000262846
171	0.0287705	0.00408708	0.0118279	0.0196469	0.00187804	0.0169575	0.0167059	0.0148009	0.529972	0.0254396	0.0127921	0.0421096	0.00335559	0.0399829	0.156295	0.0310241	0.0252864	0.0161909	0.000724741	0.00215258
172	0.0330231	0.00679504	0.0157642	0.0438803	0.00209513	0.00708332	0.0224883	0.0188037	0.388559	0.0230559	0.0144639	0.0385502	0.00323543	0.0618734	0.179607	0.0486829	0.0663741	0.0246816	0.000251248	0.000731706
173	0.0376676	0.0130559	0.00358739	0.00455755	0.122021	0.00416661	0.00392376	0.380706	0.00622873	0.0218832	0.010117	0.0049732	0.0282388	0.00608989	0.00586951	0.0101044	0.0119812	0.321428	0.000963805	0.00243525
174	0.0996385	0.00990938	0.0124176	0.0247918	0.00353544	0.490761	0.00880263	0.00731293	0.0307303	0.0095967	0.00663253	0.0501734	0.00397496	0.0288892	0.0406985	0.080046	0.073196	0.0148519	0.000991283	0.00304974
175	0.0266194	0.00693608	0.00112655	0.00209618	0.0192793	0.0122884	0.0209024	0.195674	0.00633489	0.125889	0.0948591	0.0304461	0.000528712	0.0209154	0.00350873	0.0343395	0.105396	0.291322	0.000390022	0.00114872
176	0.0455982	0.0532274	0.0615273	0.00694984	0.148808	0.0890523	0.155653	0.00760937	0.00777501	0.0118164	0.0069945	0.136915	0.00419358	0.0399073	0.00932065	0.0645894	0.014181	0.0120913	0.00171238	0.12208
177	0.0627105	0.315864	0.00831962	0.0131007	0.00799521	0.0167363	0.09379	0.0145268	0.0147455	0.018327	0.0119526	0.0132904	0.00586784	0.227366	0.0225028	0.102042	0.0201375	0.0212128	0.00329733	0.00621502
178	0.0554064	0.0148208	0.0159818	0.0249756	0.00982758	0.0120806	0.0135317	0.0282162	0.329875	0.0324878	0.0165744	0.0236024	0.17364	0.0412132	0.0718595	0.0463157	0.0537317	0.0293676	0.00149627	0.0049955
179	0.0106305	0.00047412	0.0012083	0.00310439	0.000439667	0.00320975	0.0160585	0.00178014	0.639576	0.010169	0.0050551	0.0382271	0.00048115	0.0370169	0.191348	0.0195716	0.013696	0.00723992	0.000108393	0.000606232
180	0.0138627	0.00293031	0.0077249	0.0118558	0.00854325	0.00637536	0.0404363	0.00476733	0.26351	0.0107582	0.00537224	0.00966098	0.000716761	0.0151137	0.509686	0.0414076	0.0106449	0.0322419	0.000419157	0.00397286
181	0.00375431	0.000670993	0.00287158	0.000496665	0.00865538	0.0022789	0.00188902	0.456904	0.00304218	0.273939	0.0901685	0.000671524	0.00244436	0.00365108	0.000928788	0.00265076	0.00713099	0.137405	0.000146529	0.000301391
182	0.0689389	0.00940965	0.0477521	0.147874	0.00290461	0.010496	0.0257099	0.0297848	0.141096	0.0323472	0.0170187	0.0383524	0.00289771	0.101287	0.0951111	0.0901645	0.0981703	0.0397923	0.000360434	0.000532332
183	0.0299926	0.0030064	0.0960144	0.00377561	0.00219663	0.00293599	0.0406808	0.00407346	0.15872	0.00796089	0.00306874	0.532776	0.00167366	0.0150896	0.0267766	0.0579389	0.00607259	0.00458284	0.0007944	0.00186959
184	0.292129	0.194128	0.00457552	0.00776909	0.00728276	0.00712377	0.00682991	0.036711	0.0111577	0.0242956	0.0117149	0.010322	0.204399	0.0103005	0.00845172	0.0372181	0.0163181	0.102865	0.0020971	0.00431018
185	0.0102006	0.000588301	0.00125486	0.00314888	0.000408228	0.00309828	0.0146882	0.00161179	0.6415	0.00997036	0.00521246	0.0417699	0.000471654	0.0367411	0.185539	0.0204217	0.0152733	0.00741196	0.000105101	0.000583466
186	0.00744649	0.00316222	0.000228471	0.000888078	0.0032178	0.000587962	0.000534845	0.557065	0.000789103	0.0310079	0.00972581	0.000743281	0.000558872	0.000775211	0.00160422	0.00119771	0.00940045	0.370749	0.000108395	0.000209046
187	0.00490465	0.000531091	0.00136757	0.00800773	0.0193774	0.000518095	0.00385625	0.0868375	0.000671092	0.641701	0.179972	0.00070296	0.000298639	0.00386421	0.00454563	0.00393382	0.0154127	0.0170422	0.000152232	0.00630358
188	0.0152722	0.0112202	0.000329281	0.000985022	0.00339185	0.000414333	0.000390296	0.351804	0.00190754	0.0449031	0.00807309	0.000515862	0.000312485	0.000542906	0.000779782	0.00113459	0.00992181	0.547743	0.000113567	0.000245525
