347	20
1	0.0161351	0.0364251	0.244418	0.0665107	0.00124536	0.0334288	0.0420016	0.00151596	0.0151361	0.00822391	0.00238282	0.326155	0.00163369	0.00793989	0.0123814	0.151814	0.0286049	0.00209051	0.000421561	0.00153665
2	0.0329124	0.00830465	0.022855	0.0253742	0.00502043	0.0331135	0.00520204	0.0522119	0.0356862	0.117476	0.0109404	0.0217961	0.454424	0.0126806	0.00854146	0.0598873	0.0169838	0.0450885	0.0009768	0.0305246
3	0.0455365	0.0104649	0.0326014	0.05432	0.00714865	0.0467498	0.0292102	0.00845335	0.0539556	0.0267842	0.00805729	0.10227	0.0217534	0.0495495	0.0466115	0.288494	0.144973	0.0210803	0.000431317	0.00155538
4	0.0180538	0.0258889	0.00151983	0.00158961	0.487809	0.00153675	0.00433231	0.0628024	0.00366211	0.131338	0.0395679	0.00469262	0.00132366	0.0033137	0.00300839	0.0134982	0.00328825	0.0420825	0.00561474	0.145077
5	0.0403706	0.00207879	0.0114964	0.0062488	0.0984027	0.0116015	0.0696101	0.0556145	0.0617202	0.0892012	0.0367332	0.0548297	0.00154642	0.0558411	0.0751732	0.0625294	0.0272986	0.0426202	0.0331472	0.163936
6	0.0584607	0.0300984	0.0501379	0.0855986	0.0123478	0.0535209	0.0502463	0.0081602	0.0375656	0.0210648	0.0260365	0.147481	0.0177429	0.0578694	0.0293992	0.203376	0.0915785	0.0168432	0.000449602	0.00202203
7	0.0181082	0.014812	0.000917038	0.000777449	0.0207601	0.00103393	0.00109792	0.416885	0.00162691	0.0981984	0.0210675	0.00106178	0.0018075	0.00172825	0.00259727	0.00265155	0.0258875	0.366302	0.000228305	0.00245156
8	0.0576641	0.0253711	0.155882	0.227673	0.00450878	0.0507685	0.0360311	0.0104167	0.0569664	0.0719359	0.0220454	0.080405	0.00579153	0.0641782	0.0187529	0.0407069	0.0356471	0.0112253	0.00112487	0.0229054
9	0.0419623	0.00119112	0.0176845	0.0190643	0.0875779	0.0234636	0.0683824	0.0614251	0.100678	0.0877459	0.0375288	0.0447382	0.00117638	0.0791747	0.07396	0.0465498	0.0259124	0.0397965	0.0216904	0.120297
10	0.0159989	0.037678	0.00374754	0.00433681	0.258352	0.00427429	0.0268068	0.0247275	0.0144525	0.041426	0.0261465	0.105424	0.00272891	0.00800001	0.00794573	0.0502658	0.00601044	0.0125206	0.0140839	0.335073
11	0.0178099	0.0284763	0.0013419	0.00134183	0.541106	0.00140481	0.00327683	0.0455401	0.00267813	0.10637	0.0311179	0.00392195	0.00141691	0.00240337	0.00224624	0.0138382	0.00190557	0.0344384	0.00441101	0.154955
12	0.004003	0.00312071	0.540015	0.0437084	0.000920143	0.0295332	0.0467091	0.00583976	0.0178886	0.00285894	0.00317717	0.260283	0.00656512	0.00175341	0.00730603	0.0151024	0.00295382	0.00180042	0.000404029	0.00605759
13	0.0813731	0.000506173	0.0585163	0.145587	0.00109417	0.0203377	0.0305598	0.0212007	0.20134	0.0315666	0.0137805	0.0598769	0.0161667	0.0838932	0.109944	0.053614	0.0504636	0.0137996	0.000990346	0.00538944
14	0.108751	0.00678484	0.188399	0.136027	0.00461083	0.164847	0.0156615	0.00872822	0.0550052	0.020067	0.00703569	0.0491256	0.0139706	0.0365593	0.0442156	0.0720175	0.0507364	0.00904621	0.0014988	0.00691241
15	0.0539876	0.0330727	0.0078629	0.00252502	0.0136284	0.00506955	0.00747654	0.192765	0.0199612	0.201607	0.108883	0.00606818	0.00337615	0.00661683	0.00687997	0.021958	0.0638344	0.223291	0.00192943	0.0192075
16	0.0123086	0.00321404	0.00556356	0.0142424	0.0434144	0.002719	0.00260742	0.17383	0.018377	0.534889	0.0779477	0.00170769	0.000757395	0.0024468	0.00559317	0.00376764	0.0035919	0.0816913	0.0032292	0.00810155
17	0.086227	0.000985686	0.0714052	0.0996549	0.00811055	0.0444145	0.0442531	0.0163647	0.161245	0.0261853	0.0185025	0.115533	0.00784217	0.0603135	0.12484	0.0395536	0.0525487	0.0148377	0.000626481	0.00655599
18	0.0168657	0.00910316	0.00417818	0.00368492	0.0440997	0.00226222	0.00628908	0.216059	0.0100225	0.299594	0.197038	0.00604354	0.00178293	0.0047235	0.00388969	0.00985245	0.0159778	0.103967	0.00468362	0.039883
19	0.0119072	0.00625324	0.0052507	0.0442408	0.0339022	0.0404858	0.0221632	0.024581	0.353411	0.0642734	0.0652703	0.00625	0.00179426	0.053541	0.166791	0.0604215	0.0107672	0.0161452	0.000851588	0.0116995
20	0.061396	0.019317	0.0283749	0.0879676	0.0144324	0.0527399	0.0544367	0.0092536	0.0441394	0.0195205	0.0118077	0.137765	0.0195634	0.0631548	0.0357134	0.215751	0.102253	0.0212685	0.000211196	0.000934284
21	0.12188	0.183894	0.00789045	0.00840451	0.00603164	0.0095668	0.00747718	0.010483	0.0139308	0.0144189	0.00872169	0.109707	0.198587	0.0077025	0.021369	0.0159685	0.135667	0.081068	0.00193392	0.0352978
22	0.0377217	0.0316223	0.118243	0.0682448	0.00706995	0.0428568	0.0473865	0.00466528	0.0257092	0.0143438	0.00739712	0.23814	0.00984952	0.0358607	0.022216	0.198491	0.0782746	0.0105375	0.000303566	0.00106703
23	0.0595894	0.0245312	0.0266113	0.0872676	0.0134448	0.0499464	0.0580877	0.00783701	0.0390075	0.0183143	0.0116999	0.143596	0.0176648	0.0640232	0.0349698	0.209537	0.111689	0.0207155	0.000258708	0.00120891
24	0.0226732	0.026529	0.00204034	0.00230695	0.46107	0.00281509	0.00644245	0.0731054	0.00581087	0.13097	0.0383842	0.00556719	0.00170835	0.00475132	0.0052027	0.0152479	0.00583109	0.0490911	0.00578379	0.134669
25	0.0669951	0.00621293	0.0267765	0.0340461	0.00334449	0.0788661	0.00802622	0.0200709	0.0301689	0.0447215	0.00696245	0.0215614	0.497296	0.0125978	0.0118142	0.0686713	0.0214981	0.0302853	0.000938443	0.00914632
26	0.0161692	0.00685275	0.00331831	0.00582531	0.0208836	0.0118178	0.00862847	0.286289	0.00846373	0.422094	0.0241679	0.00236539	0.00416499	0.0025761	0.00396259	0.00348266	0.0313888	0.134304	0.000852991	0.00239136
27	0.01831	0.0057647	0.00247516	0.0191815	0.0145465	0.0147685	0.019547	0.00828753	0.410843	0.0407226	0.0377178	0.0140743	0.00209081	0.0344715	0.278051	0.0375122	0.0128859	0.0204273	0.000422483	0.00790017
28	0.046254	0.0307586	0.00879631	0.0167083	0.0134388	0.0335986	0.00887796	0.109286	0.0729913	0.18424	0.0666664	0.0551059	0.002788	0.0439149	0.111282	0.0283404	0.0898693	0.0688946	0.0048457	0.00334216
29	0.0481593	0.00252074	0.189243	0.308303	0.00151987	0.0270397	0.0166735	0.00431647	0.0981042	0.0148375	0.00390797	0.064515	0.000768815	0.0875399	0.0258149	0.0719103	0.0254327	0.0061903	0.000735324	0.00246753
30	0.013558	0.0433721	0.238278	0.0466126	0.0009282	0.0299897	0.0416387	0.00143967	0.0108829	0.00803208	0.00174394	0.353546	0.000615081	0.00381397	0.0115799	0.157764	0.0321848	0.00194462	0.000394415	0.00168236
31	0.0126595	0.00337419	0.0774499	0.00413017	0.00161446	0.780685	0.00725204	0.00228653	0.00866262	0.00970676	0.00263834	0.0450806	0.00170486	0.0029742	0.0068882	0.0162017	0.0108219	0.00399632	0.000474289	0.00139834
32	0.0158829	0.0195444	0.161084	0.205402	0.00264497	0.0565118	0.00457524	0.00433223	0.110111	0.00859081	0.00454199	0.00942669	0.00212058	0.0449256	0.0252498	0.129275	0.18048	0.00827784	0.00349097	0.00353186
33	0.0429673	0.00210394	0.123254	0.226789	0.0256965	0.0186947	0.0337218	0.0230879	0.149563	0.0247587	0.00881808	0.0558203	0.00402043	0.100813	0.0499331	0.0439497	0.0248861	0.030282	0.000883166	0.00995786
34	0.0461947	0.0316155	0.00579954	0.00172272	0.0176678	0.00639415	0.00926696	0.155448	0.0116714	0.21081	0.111832	0.00935749	0.00391683	0.00783619	0.00830805	0.02882	0.0787776	0.238831	0.00179714	0.0139332
35	0.0123634	0.0094524	0.000412534	0.000453202	0.0269866	0.000576907	0.000542714	0.500325	0.000815971	0.110762	0.0155597	0.000592127	0.000411323	0.00056537	0.00225401	0.00076447	0.00343652	0.311319	0.000132222	0.00227361
36	0.075365	0.000697585	0.0545503	0.153691	0.00135416	0.0180414	0.0273839	0.0195423	0.189348	0.0329999	0.0125196	0.0580083	0.0167782	0.0890215	0.107073	0.0537515	0.0704899	0.013179	0.00116102	0.00504463
37	0.479974	0.015081	0.0020837	0.00201962	0.00141025	0.431046	0.00769291	0.00221673	0.00315546	0.0102066	0.00224967	0.017394	0.0011537	0.00207679	0.00845312	0.00450242	0.00437969	0.00300989	0.000550453	0.00134378
38	0.00799563	0.00632461	0.00125497	0.00125669	0.222884	0.00155034	0.0941489	0.0226115	0.0130222	0.016989	0.0124559	0.0101919	0.00156033	0.00623004	0.00280906	0.00687247	0.00199046	0.0327887	0.138405	0.398658
39	0.0317187	0.00672356	0.0132193	0.01878	0.010021	0.0136867	0.0166655	0.0118469	0.312752	0.0470186	0.0236372	0.0344069	0.0060516	0.045974	0.316312	0.0384829	0.0230848	0.0136962	0.00344609	0.0124755
40	0.35215	0.0759656	0.00248242	0.00430792	0.015415	0.0966682	0.00409326	0.014342	0.00575379	0.0242424	0.008171	0.00566422	0.00639141	0.0135952	0.00443674	0.146929	0.0544485	0.155146	0.00277419	0.00702295
41	0.0308056	0.0262574	0.0382828	0.171752	0.00805619	0.013089	0.124415	0.0222579	0.0436632	0.063534	0.0225246	0.0352231	0.00944022	0.126858	0.0335842	0.0523149	0.083011	0.0699816	0.00163065	0.0233186
42	0.0528112	0.0177394	0.0687594	0.0502821	0.0490158	0.0376988	0.145672	0.029212	0.0678613	0.0431268	0.0261173	0.0719582	0.0125433	0.0413307	0.0465925	0.0686077	0.0475644	0.0315655	0.0194931	0.0720482
43	0.0355425	0.222309	0.0131078	0.0128215	0.00884401	0.0280508	0.0177836	0.0237299	0.150465	0.0264973	0.0118196	0.0993323	0.00946584	0.0243393	0.0472481	0.14852	0.0277433	0.0735115	0.0029251	0.0159433
44	0.0217981	0.0372985	0.0291005	0.116905	0.00240594	0.00729106	0.176617	0.00964154	0.0266179	0.0397955	0.0256636	0.0445478	0.00236896	0.132946	0.0298219	0.0736913	0.137934	0.05791	0.000629514	0.0270156
45	0.0245197	0.0105348	0.0118348	0.0169049	0.163611	0.0109403	0.110127	0.0305793	0.0341103	0.0393915	0.0208044	0.0264838	0.00407188	0.027302	0.0243606	0.0273581	0.0206931	0.0323714	0.0789119	0.285089
46	0.0133477	0.0226028	0.00529066	0.0231153	0.0359728	0.0198987	0.0363076	0.0157746	0.365316	0.0366833	0.0876457	0.00742006	0.00201958	0.031435	0.226663	0.0287085	0.0110673	0.0183036	0.0014775	0.0109501
47	0.020588	0.0108515	0.0125897	0.0599806	0.00986782	0.0179439	0.00762308	0.0342709	0.0467183	0.235947	0.158191	0.0410115	0.00645455	0.0487628	0.0418898	0.0915085	0.10168	0.046914	0.00287268	0.0043345
48	0.0466483	0.00957744	0.023273	0.0312636	0.00390645	0.0296087	0.00616369	0.0257208	0.0291934	0.0475145	0.00712889	0.022667	0.556438	0.0132936	0.0149742	0.0564712	0.0265268	0.0371932	0.00112348	0.0113139
49	0.0895939	0.0734843	0.00669617	0.00619212	0.00376255	0.00630409	0.00615128	0.0169674	0.00934408	0.0406134	0.0518852	0.0071291	0.00449741	0.0067197	0.00714956	0.0122004	0.511989	0.134055	0.00142675	0.00383885
50	0.0308103	0.0124815	0.0213234	0.0365842	0.10101	0.0254967	0.0397349	0.0323355	0.258128	0.0495502	0.0430772	0.033475	0.00640689	0.0481379	0.0977228	0.042134	0.0275093	0.0326814	0.0098182	0.0515822
51	0.0462971	0.0106062	0.0226399	0.00318169	0.00202116	0.810372	0.0074176	0.00342162	0.00798665	0.00788808	0.00469849	0.0160995	0.00199764	0.00320027	0.00849481	0.0202433	0.0113156	0.00945329	0.000733109	0.0019324
52	0.0350982	0.0137747	0.0113623	0.0320672	0.0203747	0.0132421	0.0139096	0.210983	0.0586571	0.197515	0.0444742	0.0177891	0.00741031	0.0254128	0.111118	0.018282	0.0436224	0.107082	0.00411403	0.0137106
53	0.0131111	0.0144526	0.00119101	0.00113933	0.478093	0.00114034	0.00491736	0.0260421	0.00298581	0.0798537	0.0234647	0.00305526	0.00190415	0.002184	0.00208887	0.00747141	0.00179782	0.0155317	0.00459089	0.314985
54	0.492225	0.0139287	0.00626124	0.0014166	0.00383306	0.0879963	0.0117003	0.00153036	0.00427605	0.00246767	0.00630908	0.0282723	0.00867701	0.00752101	0.00580538	0.286408	0.0230995	0.00659331	0.000243362	0.00143536
55	0.00651746	0.00308463	0.152887	0.138359	0.00234075	0.00381853	0.0194629	0.0183432	0.0357459	0.168045	0.103314	0.00490077	0.166912	0.0198125	0.00477263	0.0621279	0.0516484	0.0337265	0.000962198	0.00321906
56	0.0551877	0.0217445	0.06659	0.115668	0.0134347	0.059925	0.0583954	0.00660544	0.0487568	0.0239653	0.0171525	0.136127	0.0204263	0.0548459	0.0298227	0.175458	0.0778703	0.0152179	0.000262233	0.00254442
57	0.0164492	0.0122724	0.00078476	0.000615731	0.0218327	0.000800472	0.000885363	0.441706	0.00129382	0.104957	0.0184009	0.000813913	0.00143973	0.00119957	0.00239516	0.0019362	0.0162358	0.353768	0.000136352	0.00207648
58	0.0111332	0.0674888	0.195649	0.0349003	0.00122007	0.0268319	0.042556	0.00200078	0.00851237	0.012736	0.0026701	0.346214	0.000933091	0.00448617	0.00870613	0.17193	0.0564714	0.00250767	0.000500435	0.00255213
59	0.103893	0.00407067	0.0183222	0.18924	0.00285234	0.00479434	0.00451831	0.117836	0.0652753	0.125076	0.0210688	0.00575154	0.0167672	0.0294349	0.133124	0.00885144	0.0688438	0.0752071	0.00206089	0.00301231
60	0.0487214	0.0013604	0.1838	0.314086	0.00149524	0.0238432	0.017532	0.00438744	0.0985438	0.0124902	0.00357229	0.0694371	0.000620383	0.0946464	0.0265064	0.0720308	0.0186408	0.00568617	0.000357693	0.0022416
61	0.0441105	0.00358882	0.247199	0.432342	0.00562605	0.00757977	0.0353055	0.00463227	0.0172293	0.00956067	0.00546716	0.0104062	0.0157152	0.0211296	0.00616945	0.0208985	0.0477074	0.0226543	0.00601764	0.0366602
62	0.0282275	0.00987402	0.00260337	0.00198968	0.00466159	0.00296766	0.00265317	0.372418	0.00490564	0.069819	0.0243265	0.00217022	0.00971967	0.00699581	0.00362565	0.00737548	0.101226	0.341977	0.000498436	0.00196498
63	0.0160824	0.0066886	0.00916092	0.147547	0.0100315	0.0116694	0.0441836	0.0110408	0.31701	0.0176529	0.237969	0.0105059	0.00359724	0.0785333	0.0234115	0.0166751	0.0140097	0.0147318	0.00248186	0.00701832
64	0.485152	0.0276651	0.00361706	0.00323437	0.00700645	0.119115	0.00911567	0.00336693	0.00479902	0.00740598	0.00482857	0.0169864	0.0104	0.0072393	0.00655122	0.218787	0.0384381	0.0223488	0.000924902	0.00301804
65	0.0217645	0.0197501	0.00628147	0.00820891	0.232649	0.0101289	0.019297	0.0544534	0.0222438	0.283076	0.0418478	0.0435058	0.00411494	0.0180353	0.01805	0.0255009	0.0129447	0.0327175	0.010728	0.114702
66	0.528015	0.0128455	0.00382366	0.00105631	0.00241582	0.0881342	0.0105015	0.00112759	0.00279723	0.0018244	0.00407463	0.0181378	0.00986835	0.00621854	0.00656816	0.27265	0.0215109	0.00728274	0.000244093	0.000903437
67	0.498912	0.082149	0.00139319	0.0029779	0.0231836	0.0237572	0.00689984	0.00864481	0.00231818	0.0169573	0.00946015	0.0076777	0.014772	0.00249702	0.00218594	0.144959	0.116561	0.0323368	0.000365487	0.00199203
68	0.014384	0.00803865	0.00251398	0.00477248	0.0394297	0.00311455	0.00266945	0.308624	0.00768882	0.343865	0.0567792	0.00224587	0.00160996	0.00286112	0.00397928	0.00490626	0.014749	0.164397	0.00342103	0.00995025
69	0.0274726	0.013642	0.0200458	0.0202984	0.0162653	0.0206045	0.0791697	0.0177383	0.0671874	0.0224889	0.0935368	0.305179	0.00890254	0.0231795	0.0280129	0.0393261	0.163141	0.019395	0.00252984	0.0118842
70	0.0125258	0.00443374	0.0329336	0.0259202	0.00334152	0.0257116	0.00935722	0.00974372	0.0506122	0.0122724	0.0052566	0.0445904	0.00584498	0.0115049	0.0332478	0.289254	0.392156	0.0275729	0.000825729	0.00289371
71	0.0110824	0.0128465	0.00102796	0.00108446	0.318018	0.001191	0.0608995	0.0248539	0.00922392	0.0403108	0.015496	0.00862333	0.00151845	0.00596628	0.00333222	0.00892789	0.00180614	0.0314495	0.0941758	0.348166
72	0.0280604	0.00453322	0.0104208	0.0220401	0.0127872	0.0139066	0.016171	0.0191114	0.361235	0.0650204	0.0305508	0.0257007	0.00425359	0.0393105	0.248108	0.0353517	0.0281591	0.0208742	0.00270108	0.0117038
73	0.0265436	0.18919	0.0432014	0.0184989	0.0223992	0.0179808	0.0189523	0.0145683	0.0300035	0.0624601	0.0136132	0.215588	0.00981153	0.0147168	0.0144828	0.147753	0.0353827	0.0258844	0.0029584	0.0760107
74	0.525141	0.0237001	0.00276882	0.00152283	0.00606973	0.0727524	0.00902361	0.00275655	0.00282954	0.00505565	0.00446847	0.0137203	0.0158135	0.00558683	0.00621566	0.239364	0.0466472	0.0150376	0.000321343	0.00120487
75	0.0495012	0.0328737	0.0048988	0.00117751	0.0175807	0.00467809	0.00774572	0.161954	0.00957292	0.211707	0.103017	0.00633263	0.00408298	0.00616902	0.00663439	0.0251984	0.0726207	0.259712	0.00132739	0.0132156
76	0.0949402	0.0442658	0.00637837	0.00491338	0.0171419	0.00888947	0.00752243	0.113345	0.0154675	0.212474	0.0899306	0.00866237	0.0205073	0.00878476	0.0103388	0.0257972	0.0607227	0.236509	0.00185705	0.0115524
77	0.0157628	0.0345184	0.26296	0.0576104	0.00142729	0.0340109	0.0430148	0.00174843	0.0135832	0.00812258	0.00294713	0.332543	0.00229801	0.00529002	0.0129228	0.139923	0.0267333	0.0021522	0.000422873	0.00200938
78	0.0193467	0.00683883	0.00194353	0.00160457	0.00418298	0.00196429	0.00138004	0.395173	0.00263848	0.0599565	0.0195487	0.00176859	0.0100318	0.00628062	0.00262815	0.00534279	0.0981775	0.359565	0.000339375	0.00128965
79	0.0452063	0.00829745	0.0208012	0.0249293	0.00552209	0.0286418	0.00684154	0.0276385	0.0306442	0.0565129	0.00952151	0.0244901	0.54723	0.013133	0.0153264	0.0541992	0.0270052	0.0363492	0.00168082	0.0160289
80	0.0101666	0.00959396	0.00152551	0.00120664	0.401386	0.00172391	0.0254362	0.0174699	0.00661222	0.0517837	0.0152156	0.00746608	0.00289843	0.00349699	0.00258359	0.00726371	0.0022354	0.01419	0.0299862	0.38776
81	0.0207012	0.00586517	0.0242694	0.002532	0.00109306	0.868163	0.00643482	0.00187715	0.00591718	0.00488944	0.0033923	0.0142312	0.00311456	0.00201096	0.00822676	0.0133756	0.00727437	0.00509206	0.00031924	0.00122023
82	0.0277691	0.00531499	0.0257089	0.00296039	0.00135211	0.859518	0.00685166	0.0017559	0.00629526	0.00497309	0.0034005	0.0153057	0.00173351	0.00207946	0.00818819	0.0127311	0.00672777	0.00541192	0.000363411	0.00155853
83	0.531643	0.0127378	0.0036532	0.0010977	0.0023513	0.0896398	0.0104866	0.00114716	0.00273009	0.00180655	0.00379707	0.0169707	0.0102631	0.00640436	0.00678367	0.267616	0.0218527	0.00787948	0.000263302	0.000876254
84	0.0267055	0.00620769	0.0137613	0.0324342	0.0677726	0.0245031	0.0611651	0.0389155	0.245876	0.0647215	0.0630382	0.0242551	0.00206774	0.0676608	0.0989638	0.0342033	0.0202981	0.0389854	0.0101035	0.0583619
85	0.0571251	0.00697736	0.0136296	0.00154951	0.000753093	0.863642	0.0056359	0.00140426	0.00349189	0.0035551	0.0032537	0.00853261	0.00120136	0.00128173	0.00791961	0.00948532	0.00498565	0.0044942	0.000293124	0.000788947
86	0.482652	0.0280191	0.00394865	0.00245346	0.00760964	0.129596	0.0085986	0.00354395	0.00492992	0.00727623	0.00477428	0.0162823	0.0106728	0.00740858	0.00660727	0.208386	0.0417568	0.021552	0.000953832	0.0029787
87	0.0118349	0.00882474	0.000453191	0.00048916	0.0267362	0.000767225	0.000672425	0.504357	0.000834556	0.117944	0.0149773	0.000573188	0.000576096	0.000618229	0.0021546	0.000767004	0.00436698	0.300662	0.000144726	0.00224647
88	0.0523249	0.118362	0.00591827	0.00716088	0.00728067	0.034003	0.0289937	0.0474847	0.290669	0.0114938	0.0106479	0.0349968	0.00301173	0.0498221	0.18259	0.0639499	0.0100462	0.0355106	0.00197145	0.00376226
89	0.0124443	0.00938624	0.000442883	0.000474153	0.0270392	0.000617304	0.00065108	0.499182	0.000906525	0.112203	0.0163953	0.00065039	0.00050369	0.000622058	0.00223952	0.000926019	0.00432904	0.308453	0.000129616	0.00240486
90	0.00273285	0.00123042	0.580015	0.036975	0.000813739	0.0251669	0.0435305	0.0067569	0.0162701	0.00214855	0.00314056	0.251595	0.00803303	0.00159935	0.00705933	0.00264536	0.00201245	0.00176989	0.000386782	0.00611854
91	0.106758	0.0235943	0.0101631	0.0118015	0.0055971	0.0130603	0.00788193	0.0305906	0.0137411	0.0162781	0.00956696	0.0423574	0.375476	0.0104809	0.073847	0.0189922	0.138307	0.0772377	0.00201792	0.0122515
92	0.0435593	0.00136706	0.00113591	0.00642163	0.000942961	0.00813248	0.00451932	0.00154385	0.432897	0.0242731	0.0146935	0.0413751	0.00475485	0.032662	0.289958	0.0545386	0.0305484	0.00435403	0.000258469	0.00206371
93	0.0103554	0.00290572	0.0661148	0.0828857	0.00362467	0.00736947	0.0226575	0.0075721	0.435151	0.0679961	0.00529682	0.0560741	0.00273964	0.12745	0.0279549	0.011843	0.0519032	0.00653001	0.000774398	0.00280121
94	0.00827961	0.00637595	0.00129056	0.0013099	0.223094	0.00161972	0.0946648	0.0230228	0.0132901	0.0173892	0.01268	0.0107279	0.00154708	0.00656052	0.0030411	0.00716704	0.00209308	0.033124	0.137606	0.395117
95	0.00724348	0.00317346	0.0436747	0.0320596	0.00242527	0.00792918	0.00420944	0.0100665	0.0373627	0.00719683	0.00423288	0.0507071	0.00371063	0.00600433	0.0277233	0.276254	0.445393	0.0271174	0.000944251	0.00257183
96	0.0968815	0.0030281	0.0603229	0.0333111	0.0294696	0.0845283	0.0588324	0.0176822	0.0700274	0.0109607	0.0329497	0.199625	0.00179515	0.014163	0.135282	0.0223838	0.089427	0.0217438	0.000838072	0.0167492
97	0.0474556	0.00195145	0.172915	0.328606	0.00199284	0.0250582	0.017914	0.00464295	0.0937247	0.013785	0.00453939	0.0681682	0.00115916	0.0955306	0.0262593	0.0670744	0.0190753	0.00643878	0.000433609	0.00327593
98	0.0186717	0.0065681	0.00639215	0.0141814	0.0342493	0.00449476	0.00344559	0.19659	0.0301655	0.470107	0.0814313	0.00409188	0.00120479	0.00516241	0.0130922	0.00595882	0.00945659	0.0830101	0.00298818	0.00873845
99	0.0430569	0.00913577	0.0934139	0.354178	0.0151935	0.0147533	0.031884	0.0158298	0.0583759	0.0270751	0.0159907	0.0344537	0.00914846	0.0901606	0.0270669	0.0473342	0.0458809	0.0473624	0.00521512	0.0144909
100	0.0435122	0.00136989	0.00113816	0.00641342	0.0009415	0.00814473	0.00452271	0.00154304	0.432889	0.0242956	0.0147263	0.0413692	0.00474701	0.0327132	0.289903	0.0545025	0.0305954	0.00435075	0.000259237	0.00206371
101	0.0163662	0.00979324	0.00146872	0.00380355	0.026752	0.00372197	0.00246109	0.428481	0.00576209	0.18801	0.0295063	0.00214844	0.0023281	0.00321344	0.00554503	0.00377155	0.0180674	0.24229	0.00145041	0.0050597
102	0.0371506	0.0218512	0.00567568	0.0078133	0.00740047	0.00671741	0.0048109	0.251551	0.00929483	0.119754	0.0540937	0.00589288	0.0267905	0.00994516	0.0092974	0.017021	0.165694	0.230706	0.000987035	0.00755233
103	0.0366595	0.00715911	0.0225476	0.0341711	0.010482	0.0138244	0.0206814	0.0215628	0.188657	0.0683816	0.0236418	0.035695	0.00916909	0.0599852	0.339705	0.0347629	0.0303861	0.0179126	0.00629436	0.0183221
104	0.0603495	0.00408164	0.0336221	0.0642911	0.003752	0.0178687	0.0212762	0.0106762	0.286411	0.0266509	0.0134955	0.0629317	0.00826622	0.0569079	0.211931	0.0653841	0.0376596	0.00935012	0.000832683	0.00426148
105	0.0128023	0.0157473	0.00122151	0.00123142	0.465742	0.0013457	0.00488413	0.0283276	0.00310584	0.0816854	0.0242062	0.0041668	0.00173182	0.00227776	0.00209038	0.00825997	0.00190909	0.0165734	0.00484595	0.317845
106	0.31196	0.063144	0.00306692	0.00348229	0.00768281	0.00619111	0.00487048	0.0199455	0.00491758	0.0269152	0.0118878	0.00465567	0.00541903	0.00360995	0.00386883	0.0353076	0.455283	0.0246327	0.000833851	0.00232603
107	0.0561684	0.0318513	0.00488489	0.00128527	0.0213021	0.00584873	0.0070242	0.140674	0.00956425	0.222475	0.102216	0.00685644	0.00460039	0.00751118	0.0082534	0.0306577	0.0773983	0.246292	0.00170121	0.0134354
108	0.0435922	0.0152766	0.0643295	0.206141	0.00737313	0.0215099	0.0793212	0.0152934	0.0696607	0.0498888	0.019199	0.058337	0.00842041	0.10151	0.0400572	0.0903981	0.0642593	0.030623	0.00175319	0.013057
109	0.0128255	0.00576163	0.0020777	0.00422412	0.0791887	0.00117376	0.00138194	0.179525	0.00584815	0.47912	0.117052	0.00293868	0.000699162	0.00493461	0.00227341	0.00870005	0.00604017	0.0461618	0.0108543	0.0292201
110	0.21817	0.0672731	0.0050325	0.0255083	0.00461376	0.013931	0.00459646	0.204785	0.0482708	0.0756887	0.0271286	0.00662097	0.00290495	0.0142659	0.00711878	0.0664116	0.0271342	0.170297	0.00585358	0.00439525
111	0.0360029	0.00304341	0.00118443	0.00903698	0.00398385	0.0105077	0.00702852	0.00341953	0.442378	0.0257091	0.0194025	0.0339928	0.00404776	0.0355386	0.278734	0.0514831	0.024327	0.00710259	0.000398808	0.00267805
112	0.0149698	0.00333388	0.00391528	0.00758877	0.00590981	0.00772104	0.00972116	0.00582675	0.243238	0.0861541	0.0293897	0.0128847	0.00223617	0.0638161	0.429548	0.0206059	0.0106377	0.00899712	0.00731135	0.0261948
113	0.0269487	0.0275739	0.165634	0.0560738	0.0033431	0.121224	0.0452462	0.00377456	0.0386103	0.0226573	0.00550725	0.26858	0.00839549	0.0131215	0.0170615	0.132597	0.0334102	0.00671607	0.000608073	0.00291684
114	0.0194183	0.0281221	0.00137571	0.00131614	0.529753	0.00146603	0.0034566	0.0486185	0.00322399	0.108405	0.0340693	0.00382954	0.00144869	0.00251708	0.00260196	0.0134988	0.00242212	0.0373795	0.00442869	0.152649
115	0.0115822	0.00430958	0.0039098	0.00940495	0.0488109	0.00289373	0.00250888	0.184885	0.0124619	0.525621	0.0794792	0.00191867	0.000943768	0.00282599	0.00408937	0.00480458	0.00608308	0.0772201	0.00462764	0.0116192
116	0.475387	0.0443319	0.00402514	0.00494753	0.0121885	0.0497195	0.00826644	0.00554975	0.00439106	0.0101168	0.00712327	0.0143435	0.0483517	0.00528507	0.00736802	0.187845	0.0821538	0.0254016	0.000463223	0.00274115
117	0.521555	0.0129163	0.00399746	0.00109508	0.00238139	0.0901436	0.0105833	0.00108509	0.00293779	0.00188199	0.00419314	0.0191884	0.00985631	0.00638405	0.00656842	0.274912	0.0217895	0.00734249	0.00026914	0.000919894
118	0.0156062	0.00337092	0.00178569	0.00162517	0.00238064	0.00192932	0.00126501	0.428797	0.00241102	0.0530437	0.01768	0.00174029	0.0107494	0.00786454	0.00233783	0.0046486	0.111811	0.329431	0.000345956	0.00117717
119	0.00722315	0.00995844	0.491315	0.0482612	0.00113212	0.0273361	0.0437098	0.00584503	0.0200603	0.00478928	0.00374901	0.257259	0.00686595	0.00678769	0.0100878	0.034983	0.0115218	0.00284907	0.000617658	0.00564815
120	0.0962662	0.0694992	0.00692765	0.00793931	0.0213854	0.0375652	0.0101282	0.172073	0.0215953	0.0935653	0.0374874	0.0159146	0.0101637	0.0127136	0.0124377	0.0371864	0.0589626	0.261662	0.00258979	0.0139378
121	0.0511549	0.00658386	0.0167953	0.0181682	0.00752067	0.0457522	0.00566795	0.0373688	0.031675	0.120448	0.0145537	0.0188927	0.474034	0.0141456	0.0105854	0.0522309	0.0157224	0.035588	0.0016702	0.0214424
122	0.386031	0.0515469	0.00617296	0.00716945	0.0127161	0.295207	0.00675837	0.0137753	0.0110311	0.0396207	0.00745756	0.0137647	0.00538142	0.00786702	0.00904607	0.048297	0.0164312	0.0488217	0.00371657	0.00918721
123	0.0695577	0.0364243	0.0185131	0.0300589	0.00743793	0.0277489	0.01714	0.0207486	0.0254847	0.0256745	0.0118358	0.0972781	0.302218	0.0208304	0.0330217	0.0664586	0.123369	0.0498772	0.00161248	0.0147103
124	0.020267	0.00553531	0.452752	0.0969025	0.00274789	0.0383825	0.0380826	0.00796999	0.0310441	0.00921365	0.0064951	0.190117	0.0103433	0.0167914	0.0150384	0.0256295	0.0150729	0.0077258	0.00108516	0.00880416
125	0.0405527	0.0262727	0.00530501	0.00196208	0.0163388	0.00397908	0.0118606	0.154643	0.0106628	0.204458	0.160448	0.00754754	0.00391675	0.00558803	0.00637436	0.0206443	0.0574836	0.235069	0.00109599	0.0257963
126	0.0444635	0.0157204	0.0738174	0.0261115	0.00595596	0.326707	0.0494983	0.011812	0.0275498	0.0166954	0.00779815	0.213332	0.00610692	0.0133334	0.0120283	0.0953255	0.0273469	0.0183707	0.00148163	0.00654571
127	0.381064	0.0585648	0.0042061	0.00859342	0.0183051	0.0449295	0.00848174	0.012247	0.00860102	0.0223712	0.0129613	0.0138091	0.0144549	0.0125592	0.00823498	0.153737	0.136281	0.0727574	0.00146017	0.00638125
128	0.00690533	0.00323781	0.0164275	0.00499437	0.00236659	0.152164	0.0290838	0.00446738	0.00969901	0.0210603	0.00368482	0.00770963	0.00322292	0.0210081	0.0277664	0.464008	0.211519	0.00664344	0.00104605	0.00298632
129	0.122234	0.00563017	0.0955903	0.15751	0.0012233	0.0453629	0.0148323	0.00231192	0.0513303	0.00362762	0.0022024	0.0334687	0.292915	0.0326761	0.0145027	0.112826	0.00375976	0.00594839	0.0004489	0.00159983
130	0.013236	0.00571087	0.00762923	0.0102642	0.00665284	0.00921581	0.00840445	0.0123872	0.0989293	0.130848	0.0278567	0.0156071	0.00314559	0.169491	0.411655	0.0132219	0.0122707	0.0097207	0.0103201	0.0234344
131	0.0451824	0.0101055	0.0571296	0.249418	0.0128698	0.0214581	0.0320293	0.0187247	0.116686	0.0422791	0.0829358	0.0342744	0.0107557	0.101014	0.0390203	0.0499445	0.0382504	0.0220336	0.00349728	0.0123909
132	0.0249462	0.0125902	0.00656627	0.00762264	0.0423332	0.00767258	0.00719926	0.253442	0.0180774	0.180284	0.224894	0.0134111	0.00501116	0.0102075	0.0103079	0.017541	0.0276547	0.105495	0.00420754	0.0205359
133	0.493618	0.0145337	0.0048344	0.00129538	0.00359314	0.0914935	0.0102776	0.00117721	0.00416957	0.00209409	0.00519205	0.0272723	0.00873638	0.00790007	0.00581042	0.286224	0.0238197	0.00654227	0.000261763	0.00115426
134	0.0103879	0.00751608	0.00229764	0.00304084	0.216497	0.00247863	0.0901075	0.0254513	0.0155648	0.0217921	0.0136573	0.0127046	0.00181128	0.00875476	0.0074031	0.0114509	0.00368087	0.0335253	0.132448	0.37943
135	0.00966133	0.00452172	0.00549634	0.00626785	0.0500615	0.00581677	0.0062933	0.274554	0.0101078	0.109903	0.412198	0.0208843	0.00324632	0.00730092	0.00706222	0.0113247	0.0101564	0.0266242	0.00209225	0.016427
136	0.252845	0.0438745	0.00694366	0.00870617	0.0340641	0.0111499	0.00764355	0.0470217	0.0859306	0.0792651	0.0705523	0.0102951	0.00651812	0.00872224	0.0358468	0.0196094	0.0546345	0.207274	0.0020634	0.00704029
137	0.0213576	0.00562334	0.450724	0.0870165	0.00272433	0.032254	0.0389491	0.0104829	0.0275708	0.0117488	0.00734256	0.192585	0.0144849	0.0149309	0.013623	0.0313415	0.0172202	0.00989289	0.00138288	0.00874471
138	0.141054	0.0105268	0.0363811	0.138855	0.00976779	0.0229952	0.0222336	0.0143921	0.0479904	0.023778	0.0157056	0.043418	0.00911288	0.109363	0.0311075	0.114411	0.176304	0.0224579	0.0033367	0.006809
139	0.00762502	0.00639233	0.00140427	0.00139368	0.434249	0.00153805	0.00841565	0.0129921	0.00500868	0.0571725	0.0146335	0.0030734	0.00331661	0.00191139	0.00176725	0.00444273	0.00222996	0.00662668	0.00362577	0.422181
140	0.0934883	0.00894201	0.033692	0.0847623	0.00665715	0.036821	0.0290264	0.0204551	0.079261	0.0321967	0.0181918	0.0829037	0.0141082	0.0832389	0.0561269	0.208277	0.0937722	0.0149611	0.000724108	0.00239459
141	0.00408146	0.00427223	0.534477	0.0424565	0.00081822	0.0273341	0.0482941	0.00589672	0.0159412	0.00258112	0.00306813	0.265905	0.00626853	0.00152209	0.00749764	0.0184491	0.00315949	0.00174444	0.000388043	0.00584517
142	0.542643	0.0126527	0.00341663	0.00107191	0.00218769	0.0879304	0.0107736	0.00115448	0.00243765	0.00191679	0.00367351	0.0149555	0.0110702	0.00586649	0.00720084	0.259087	0.0226677	0.00820827	0.000251346	0.000834285
143	0.0433807	0.00105291	0.0121588	0.00629674	0.0899386	0.0121555	0.0745525	0.0596829	0.0648586	0.0807582	0.0373333	0.0541551	0.00154132	0.0578327	0.0771773	0.0602561	0.0261115	0.0437642	0.0353217	0.161671
144	0.481296	0.0152212	0.00206605	0.00199957	0.00148286	0.428082	0.00761138	0.00231394	0.0031447	0.0103351	0.00228722	0.0172981	0.00118222	0.00210179	0.00843883	0.00524132	0.00451611	0.00336651	0.000591528	0.00142346
145	0.0468349	0.0655883	0.0114821	0.0164351	0.00992656	0.0133806	0.0104975	0.179688	0.0206559	0.110503	0.0470272	0.0147939	0.0197023	0.0147902	0.0151068	0.0224225	0.170761	0.194759	0.00197006	0.0136753
146	0.017707	0.00770557	0.00182028	0.00157959	0.00665678	0.00172446	0.00180727	0.400508	0.00292128	0.067794	0.0261176	0.0019376	0.00836528	0.00596974	0.00259169	0.00534793	0.0900121	0.346613	0.000384012	0.00243625
147	0.0926779	0.0309756	0.0261935	0.0362079	0.0112642	0.0315735	0.0178957	0.0343254	0.0458188	0.0372882	0.0209457	0.0392595	0.0154971	0.0238162	0.0321686	0.104271	0.330238	0.0571473	0.00189184	0.010544
148	0.177465	0.0155217	0.00920912	0.00408971	0.00310761	0.678658	0.00764455	0.00316187	0.00956509	0.0080439	0.00447604	0.0131932	0.00478357	0.00397598	0.00868632	0.0241029	0.00863948	0.0120382	0.00107438	0.00256377
149	0.0384569	0.00685664	0.030377	0.045603	0.0124268	0.035421	0.0219867	0.0216768	0.339337	0.0403154	0.0295723	0.0421484	0.0242704	0.0504217	0.143912	0.0470236	0.0347949	0.022982	0.00169728	0.0107195
150	0.424781	0.0147002	0.0163868	0.0209518	0.00376551	0.0790514	0.0103928	0.00279597	0.0116911	0.00597219	0.00399094	0.018837	0.0971316	0.0108482	0.00799146	0.227997	0.0275317	0.0131385	0.000530785	0.00151447
151	0.0214896	0.0089989	0.00230491	0.00218822	0.0101042	0.0092011	0.00562927	0.359166	0.00388525	0.282345	0.0161465	0.00223329	0.0101484	0.00334534	0.0029798	0.00436043	0.0624617	0.190161	0.000593557	0.00225795
152	0.060676	0.0202443	0.0277261	0.0869238	0.0146725	0.0534474	0.0561772	0.00838018	0.0403105	0.0194782	0.011741	0.142611	0.0192071	0.0621001	0.0342468	0.216748	0.103455	0.0207433	0.000233894	0.000877514
153	0.0727943	0.00858303	0.0084108	0.0433544	0.0362817	0.0610944	0.0100408	0.0241392	0.0597295	0.198495	0.10294	0.0414518	0.00393133	0.172726	0.0231833	0.0754157	0.0282099	0.0207043	0.00237355	0.00614009
154	0.0421239	0.0161875	0.0713045	0.0364947	0.00651886	0.365214	0.0474379	0.00812403	0.029255	0.0148575	0.00767729	0.14168	0.00762014	0.0199836	0.0196404	0.108996	0.0379519	0.0128303	0.00139284	0.00470974
155	0.0347045	0.00541898	0.0224681	0.00276044	0.00108795	0.850669	0.00715505	0.00185529	0.005757	0.00511278	0.00360832	0.0157619	0.0041803	0.00231395	0.00807947	0.0149962	0.00760738	0.00497049	0.000408543	0.0010842
156	0.0126667	0.00928508	0.00047517	0.000468527	0.0256595	0.000674268	0.000619025	0.495806	0.000871682	0.109928	0.0162166	0.000626535	0.000838431	0.000871457	0.0022653	0.00110237	0.00774023	0.311397	0.000134659	0.0023535
157	0.0841882	0.00207807	0.0737442	0.097779	0.00575457	0.0215669	0.0692061	0.0211219	0.155148	0.03186	0.0117137	0.0720401	0.00879429	0.068214	0.172828	0.0528348	0.0347351	0.0108293	0.000858061	0.00470522
158	0.0352175	0.0083078	0.0231987	0.00268189	0.00180566	0.83932	0.00669194	0.00229187	0.00756596	0.00535627	0.0042399	0.0145379	0.00349489	0.00212494	0.00892276	0.0167427	0.00694971	0.00834156	0.000696806	0.00151105
159	0.0255228	0.004964	0.0110975	0.0183801	0.0267445	0.0127813	0.0269676	0.0219959	0.184892	0.0802475	0.0334548	0.0236313	0.00481607	0.058765	0.320946	0.0315848	0.0186774	0.0203529	0.0121448	0.0620335
160	0.00884161	0.00453936	0.039239	0.00446656	0.00311463	0.00600118	0.0398533	0.0698859	0.0495754	0.0261681	0.0235205	0.00499853	0.00246194	0.0420251	0.0229179	0.00759637	0.288339	0.35199	0.000929388	0.00353644
161	0.115189	0.00800687	0.0803272	0.188467	0.00460531	0.0398074	0.0235945	0.00638358	0.0615216	0.0120495	0.00705972	0.0648952	0.140179	0.0538218	0.0281123	0.1217	0.0299864	0.00964362	0.00106608	0.00358344
162	0.505382	0.0208466	0.00453595	0.00304378	0.00597603	0.08373	0.0105653	0.00268575	0.00398887	0.0050521	0.00543394	0.018783	0.0108644	0.00794264	0.00735704	0.255803	0.0315851	0.0133801	0.000564733	0.00247893
163	0.0372811	0.0226931	0.0241727	0.0237045	0.00533158	0.0498303	0.0133206	0.157058	0.0198358	0.0431245	0.012853	0.0260474	0.212194	0.0167509	0.0249305	0.0275218	0.131104	0.134024	0.00186294	0.0163602
164	0.0360884	0.00704786	0.0238291	0.00186984	0.00231648	0.848279	0.00640923	0.00202451	0.00629656	0.00557235	0.00354339	0.013094	0.00169395	0.00207855	0.00806956	0.0160602	0.00726685	0.00666043	0.000499966	0.00129987
165	0.0136488	0.00348497	0.00555424	0.00753095	0.0135059	0.0073325	0.0127796	0.014682	0.0952147	0.165422	0.0520713	0.0113984	0.00346022	0.0830606	0.401974	0.0149197	0.0112268	0.0112868	0.0230777	0.0483692
166	0.0371521	0.00675415	0.0204084	0.00188219	0.00120677	0.860012	0.00608586	0.00193645	0.00533325	0.00488286	0.00352091	0.0116216	0.00123757	0.00183958	0.00835699	0.0142488	0.00687041	0.00535533	0.000334945	0.000960195
167	0.0276896	0.0211657	0.00139016	0.000920031	0.0202923	0.00153343	0.00196709	0.372847	0.0029535	0.129608	0.0315983	0.00164269	0.00163009	0.0017973	0.00310678	0.00611569	0.0215208	0.347894	0.000266896	0.00406042
168	0.0199293	0.0301805	0.00193156	0.00174861	0.311637	0.00210584	0.0411849	0.031333	0.010385	0.0576462	0.0162909	0.0235038	0.00154831	0.013538	0.011171	0.0232851	0.00391168	0.0238426	0.0631251	0.311702
169	0.0259764	0.0154434	0.00607929	0.00372962	0.181446	0.00658086	0.0633795	0.0512263	0.0441088	0.0634251	0.0226362	0.0657506	0.00236865	0.0282613	0.0348172	0.0406874	0.0135875	0.0310928	0.0360794	0.263323
170	0.370168	0.0979771	0.00166225	0.00229439	0.0229159	0.170187	0.00270966	0.0134068	0.0035631	0.0292678	0.00833216	0.00484894	0.00440438	0.00346449	0.00268535	0.107122	0.0437783	0.0911716	0.00545011	0.0145901
171	0.0310393	0.0199112	0.00400496	0.00328823	0.0105861	0.0192198	0.00767284	0.256287	0.00763764	0.344561	0.0256855	0.00593394	0.00667418	0.00599594	0.00666712	0.0116906	0.091099	0.13651	0.00164461	0.00389189
172	0.0487949	0.00158286	0.17973	0.300372	0.00163016	0.0240805	0.0179449	0.0049131	0.104979	0.0133582	0.00413446	0.0702662	0.00130355	0.0945711	0.0325553	0.0723022	0.0191236	0.00588518	0.000253645	0.00221937
173	0.020031	0.0694978	0.0562655	0.102778	0.00386471	0.0211014	0.0340211	0.0782555	0.0183937	0.100381	0.0179363	0.0438857	0.0240109	0.0582827	0.0230043	0.0640639	0.11114	0.0704871	0.00131385	0.0812862
174	0.0183227	0.0246332	0.00121284	0.00131578	0.43022	0.00114895	0.00255451	0.0709126	0.00247305	0.19988	0.0481932	0.00340089	0.00115033	0.00327501	0.00223626	0.0122012	0.00352926	0.0345975	0.00714722	0.131595
175	0.0558715	0.0317443	0.00469647	0.00129706	0.0218404	0.00580915	0.00699362	0.141381	0.00944029	0.225806	0.101538	0.00681758	0.0047148	0.00735574	0.00805874	0.0300105	0.0767228	0.24483	0.00172134	0.0133512
176	0.0120651	0.00600324	0.00200275	0.00421532	0.0820106	0.00108306	0.00111542	0.172538	0.00550291	0.49386	0.110392	0.00265294	0.000676055	0.00489129	0.00204953	0.00848124	0.00559942	0.044794	0.0118609	0.0282059
177	0.0847994	0.000478255	0.0608022	0.143532	0.00105542	0.0217725	0.0315093	0.0215584	0.205292	0.029928	0.013761	0.05965	0.0144948	0.0815689	0.108539	0.0536765	0.0472526	0.0134668	0.000938242	0.0059249
178	0.00765389	0.00182503	0.0997792	0.0027737	0.00162134	0.755491	0.00665613	0.00217544	0.00343162	0.011764	0.00218914	0.0612532	0.00129873	0.00237756	0.00496751	0.0175021	0.012646	0.0027971	0.000481325	0.00131594
179	0.0367477	0.00722864	0.0262471	0.0439008	0.014374	0.0251821	0.0214595	0.0189022	0.373757	0.0385431	0.031698	0.0381616	0.00828726	0.0521627	0.158876	0.0402844	0.0303514	0.0221839	0.00179786	0.00985472
180	0.00777458	0.00264332	0.0365282	0.0218868	0.00232668	0.0100294	0.00424147	0.00991077	0.0508314	0.00868725	0.00383024	0.0465002	0.00503185	0.00663338	0.0422483	0.278497	0.427443	0.0316271	0.000900926	0.00242807
181	0.0158918	0.0112131	0.000517827	0.000596658	0.0255829	0.000615543	0.000682445	0.470853	0.00101776	0.104699	0.0174871	0.000726709	0.000756074	0.000887405	0.00241138	0.00124464	0.00966058	0.33281	0.000118358	0.00222785
182	0.0169652	0.00937438	0.000907364	0.000788879	0.0223657	0.000702125	0.000802504	0.474554	0.00137143	0.0937345	0.0158169	0.000863023	0.00177094	0.001654	0.00240773	0.00156264	0.020308	0.331788	0.000157511	0.00210566
183	0.0925698	0.0131175	0.0184305	0.00943252	0.00372195	0.483999	0.0158773	0.00503875	0.0109909	0.0120773	0.00612417	0.0259261	0.00843699	0.0126679	0.0142824	0.187916	0.0614312	0.0138492	0.00102062	0.00308932
184	0.0178497	0.02844	0.001334	0.00131907	0.541201	0.00140633	0.0032587	0.0457192	0.002672	0.106851	0.031418	0.00359388	0.00142294	0.00241046	0.00224785	0.0136175	0.00191703	0.0343867	0.00442694	0.154507
185	0.114769	0.0535892	0.00469424	0.00335011	0.00911778	0.626784	0.00643235	0.0103612	0.00790726	0.0163907	0.00718013	0.0070278	0.00246289	0.00376561	0.00680573	0.0409421	0.0117819	0.0574299	0.00287368	0.00633434
186	0.0723114	0.00721264	0.0698684	0.137156	0.00517654	0.0318968	0.0405837	0.0151848	0.147056	0.0234973	0.0120855	0.10214	0.0160586	0.0696637	0.0743659	0.104748	0.0517501	0.0138329	0.000770021	0.00464137
187	0.0180889	0.0116748	0.00201807	0.00164768	0.0202381	0.00217491	0.00181082	0.427036	0.00306956	0.105446	0.0200848	0.00182297	0.00770691	0.00291241	0.00400443	0.00373512	0.0299776	0.333451	0.000306354	0.00279252
188	0.0266668	0.00977203	0.016587	0.020291	0.0086341	0.541987	0.0207824	0.0152263	0.109927	0.0281519	0.0447827	0.0203744	0.00714556	0.0205981	0.0405534	0.0239597	0.0190681	0.0169086	0.00217426	0.00640888
189	0.0396061	0.00259037	0.0111779	0.00631585	0.102663	0.0113488	0.0681121	0.0548146	0.0610127	0.0854776	0.0366789	0.0554727	0.0015396	0.0560167	0.0737312	0.063425	0.0266717	0.042113	0.0320029	0.169229
190	0.00799916	0.00634926	0.00124701	0.0012567	0.223421	0.00156006	0.0947721	0.0227447	0.0131001	0.0170207	0.0125496	0.0104218	0.00156583	0.00625123	0.00280662	0.00690052	0.00197507	0.0330437	0.138583	0.396431
191	0.4647	0.0737207	0.00171465	0.00332026	0.0206994	0.0295765	0.00634172	0.00743502	0.00269447	0.0167351	0.00888799	0.0109321	0.0168291	0.00346201	0.00287657	0.169389	0.123828	0.034268	0.000407783	0.00218209
192	0.494684	0.0852317	0.00138215	0.00323055	0.0240821	0.0231319	0.00701962	0.00912086	0.00222762	0.0174234	0.0100593	0.00723813	0.015119	0.00230304	0.00208636	0.141856	0.118337	0.0329667	0.000398692	0.00210191
