487	20
1	0.0636582	0.0135689	0.00469384	0.061198	0.00203672	0.00238724	0.0366211	0.0193946	0.214943	0.0459498	0.00884414	0.0589169	0.00249043	0.0926318	0.266482	0.0405212	0.0322718	0.0250505	0.000217569	0.00812198
2	0.0160202	0.00558922	0.000333105	0.000684099	0.00559752	0.000669511	0.000494387	0.237027	0.000586952	0.046822	0.0131585	0.00113518	0.000621415	0.000587605	0.00056737	0.00473363	0.0116611	0.653068	0.000132886	0.000510799
3	0.0134759	0.00386656	0.00144887	0.00465808	0.201746	0.00513814	0.0308384	0.0471532	0.00852567	0.234755	0.15077	0.00617149	0.00964359	0.0144119	0.0203194	0.0106689	0.00715272	0.0329131	0.00210014	0.194243
4	0.0825814	0.0172033	0.0220493	0.0487384	0.00558388	0.0236322	0.0226078	0.0135303	0.289452	0.0309017	0.0117242	0.0419872	0.0113992	0.0499362	0.194599	0.0661669	0.0355362	0.0233407	0.00108843	0.00794175
5	0.0445411	0.0147107	0.00250466	0.00695876	0.239623	0.0109252	0.0140682	0.11604	0.0100549	0.172714	0.0495241	0.0158868	0.00810221	0.00797725	0.0147023	0.023738	0.022725	0.14783	0.00841122	0.0689638
6	0.0189831	0.00672597	0.0498884	0.0204694	0.000940205	0.808489	0.00578445	0.00136694	0.0130055	0.00594928	0.000975729	0.0235668	0.00391189	0.00246639	0.00901532	0.0158136	0.0067173	0.00486125	0.000339619	0.000729887
7	0.083215	0.00845734	0.00585385	0.00746602	0.00070414	0.811464	0.0018286	0.00119723	0.00203582	0.00481901	0.00158499	0.00270619	0.00327727	0.00110782	0.00761954	0.0398957	0.00940531	0.00666156	0.000255343	0.00044538
8	0.0726195	0.00939297	0.00216287	0.00158378	0.00121403	0.00777305	0.00193376	0.00860563	0.0179006	0.00334566	0.00124131	0.0238174	0.00183803	0.00347244	0.00809878	0.33774	0.491451	0.00459343	0.000332899	0.000883111
9	0.122954	0.0386448	0.00759579	0.00350252	0.00298993	0.032347	0.00866435	0.0156966	0.0196897	0.0095192	0.00375648	0.0562347	0.00655174	0.00742928	0.0121348	0.526476	0.10727	0.0146536	0.000636853	0.00325279
10	0.0145168	0.0154262	0.000750539	0.00312635	0.00547962	0.00157921	0.0022827	0.141656	0.00142735	0.310266	0.115069	0.0051053	0.00121588	0.0121905	0.00360572	0.00508272	0.0180273	0.341547	0.000468171	0.00117701
11	0.463846	0.0121319	0.00107093	0.00642072	0.00123569	0.339376	0.00233176	0.0023623	0.00134881	0.00219674	0.00318534	0.00295999	0.00618088	0.00125373	0.00381775	0.119013	0.0111755	0.019093	0.000240616	0.000759662
12	0.0100558	0.00307039	0.1214	0.0124926	0.00253287	0.0120504	0.00725629	0.00411602	0.00984267	0.00544621	0.00275792	0.390862	0.00983666	0.00782437	0.0080827	0.30341	0.0756331	0.00948241	0.00165874	0.00218955
13	0.359526	0.0301788	0.00173129	0.00237187	0.0279774	0.0328552	0.0203102	0.00310321	0.023483	0.00490466	0.00212985	0.00420654	0.183855	0.00282734	0.0129425	0.173543	0.00471376	0.0464432	0.0220392	0.040858
14	0.0483549	0.00111288	0.138711	0.404135	0.000486143	0.0103107	0.0181033	0.00509676	0.0892749	0.0110535	0.000625502	0.0337961	0.022865	0.105207	0.0326341	0.0507142	0.0241457	0.0026814	0.000149107	0.00054359
15	0.104482	0.0627645	0.0116311	0.0274555	0.00749534	0.0813459	0.0148261	0.00718107	0.122873	0.0404459	0.00783476	0.0764074	0.00410915	0.0471855	0.203552	0.124949	0.0310812	0.0168765	0.000823064	0.00668226
16	0.0470903	0.0303174	0.000587054	0.000915078	0.127418	0.001652	0.00165994	0.168811	0.0046362	0.287724	0.0727813	0.0119669	0.000668779	0.00565674	0.00357011	0.00642229	0.0160425	0.134654	0.0245939	0.0528317
17	0.146245	0.0343754	0.000584056	0.000747233	0.0310351	0.00769638	0.00226689	0.127302	0.00196123	0.158769	0.0298145	0.00435382	0.000394036	0.00318512	0.00178228	0.0186586	0.0495227	0.379389	0.000221694	0.00169598
18	0.232	0.0576409	0.00148723	0.00238369	0.031589	0.0265524	0.00374496	0.102908	0.0313968	0.124414	0.0450228	0.0064935	0.00156455	0.00821724	0.0132702	0.0452104	0.0450678	0.204059	0.00233516	0.0146423
19	0.0497245	0.00198744	0.259974	0.153306	0.000373129	0.0602946	0.0239228	0.00702094	0.0919361	0.00110079	0.0119918	0.0953775	0.0048368	0.0489508	0.0781777	0.073887	0.0240379	0.010654	0.000112008	0.0023343
20	0.0104296	0.0047856	0.00023341	0.00224595	0.0375203	0.00037627	0.000276772	0.438788	0.000509475	0.23762	0.0237735	0.00172944	0.000493652	0.000624535	0.000763395	0.00455486	0.0190871	0.215189	7.89002e-05	0.000920518
21	0.0206349	0.00918683	0.000295573	0.00129614	0.0248264	0.000706022	0.000606863	0.367601	0.000731765	0.261591	0.0400999	0.00165753	0.000670075	0.00115433	0.00123139	0.00558235	0.0129161	0.24645	0.000144034	0.00261718
22	0.24942	0.0535388	0.000942573	0.00140637	0.0333093	0.0250224	0.00150826	0.0908452	0.015963	0.118843	0.0415289	0.00337647	0.000554034	0.00367764	0.00222517	0.0376166	0.0487643	0.265996	0.000284129	0.00517806
23	0.113767	0.0323965	0.000402249	0.000664197	0.0343853	0.00675537	0.00319543	0.142381	0.00161233	0.147276	0.034241	0.00622887	0.000493248	0.00394195	0.00256351	0.0154306	0.0450543	0.406466	0.000576481	0.00216818
24	0.0159838	0.00379069	0.000364272	0.000528743	0.000928867	0.00062485	0.000462211	0.188591	0.000623736	0.0176294	0.00937983	0.000840758	0.000450565	0.00051601	0.000583989	0.00457987	0.00597143	0.747601	0.000130816	0.000418619
25	0.124091	0.0343281	0.00039738	0.000580164	0.0374925	0.00656187	0.00262217	0.137131	0.00112187	0.147327	0.0328907	0.0050983	0.0003273	0.00302704	0.00174637	0.0150233	0.044654	0.40371	0.000187978	0.00168201
26	0.108501	0.0234838	0.00900366	0.00733422	0.00304111	0.0263514	0.00713778	0.0153935	0.0314079	0.00521034	0.00191564	0.0396491	0.00279719	0.00653611	0.0113162	0.531916	0.156417	0.0101749	0.00062112	0.00179137
27	0.467381	0.0157352	0.00279939	0.00385736	0.0283809	0.0704287	0.0107893	0.00853813	0.0139047	0.00803817	0.00303293	0.00946723	0.117735	0.00408035	0.0134395	0.133157	0.0324737	0.0263704	0.00959191	0.0207993
28	0.0137087	0.00264155	0.00169903	0.0248741	0.174009	0.00469571	0.00577745	0.0826868	0.00544473	0.305454	0.156266	0.00459229	0.0388254	0.00766774	0.0330761	0.0116316	0.00581633	0.113738	0.000628702	0.00676638
29	0.126201	0.00125013	0.00115695	0.0508119	0.0010336	0.312664	0.0138436	0.0015742	0.0964414	0.0182242	0.001087	0.00218179	0.0088778	0.0301709	0.0750644	0.228297	0.0209842	0.00337601	0.000320656	0.0064394
30	0.0212784	0.000786134	0.0501221	0.00894535	0.00222896	0.26817	0.0196576	0.00106428	0.147767	0.00131776	0.00552908	0.156343	0.00854996	0.093849	0.120249	0.0634629	0.0210397	0.00294953	0.000441704	0.00624873
31	0.0318394	0.00446115	0.00218826	0.00307381	0.0248759	0.00427977	0.00280387	0.267092	0.00529325	0.0220839	0.0727031	0.00515498	0.00412215	0.00342749	0.00391149	0.0605478	0.221389	0.24186	0.00485146	0.0140413
32	0.0613718	0.0109951	0.0105983	0.0171332	0.00644666	0.0174856	0.00934055	0.0138709	0.0249192	0.0181453	0.00583169	0.0403283	0.00704541	0.0347846	0.0185896	0.190606	0.482743	0.023078	0.0013614	0.00532543
33	0.011472	0.000995558	0.554862	0.0565857	0.000868727	0.0430091	0.0238906	0.00143168	0.0232245	0.0100251	0.000883557	0.198131	0.0102793	0.00843572	0.00798258	0.032957	0.00369701	0.00747788	0.000191402	0.00359975
34	0.0473199	0.00542204	0.0171535	0.0583012	0.0504528	0.0131378	0.0586499	0.0445286	0.0703947	0.123641	0.0213588	0.0388496	0.00450986	0.0972877	0.0881219	0.0547526	0.0831387	0.0382496	0.0113307	0.073399
35	0.0141752	0.00909587	0.00130789	0.000895002	0.0506014	0.00248311	0.00122763	0.115727	0.00254202	0.605404	0.0859365	0.00419198	0.00166965	0.00262733	0.002452	0.00404524	0.0085843	0.0656747	0.00971292	0.0116459
36	0.0521882	0.00746693	0.00653397	0.0131792	0.0432625	0.00742985	0.00900474	0.18932	0.00450685	0.385014	0.0464023	0.00585285	0.00645702	0.0193481	0.00772133	0.0371938	0.0428877	0.107382	0.00195008	0.0068991
37	0.022816	0.000805523	0.0443411	0.0108335	0.00235481	0.251419	0.0210678	0.00121659	0.153028	0.00150195	0.00517005	0.14778	0.00747048	0.108725	0.130436	0.0599346	0.0199415	0.00314635	0.000475429	0.00753693
38	0.0178384	0.0476122	0.0815928	0.265633	0.0505008	0.00708606	0.0345399	0.030107	0.0360092	0.0633933	0.0631867	0.0142261	0.00299911	0.0448599	0.0214808	0.075839	0.0527147	0.030796	0.00275604	0.0568292
39	0.0990643	0.101156	0.00419141	0.00454965	0.0147202	0.00974267	0.00795447	0.120311	0.0361133	0.170538	0.0215428	0.00946969	0.00531636	0.0524507	0.0460574	0.0574865	0.0396852	0.159471	0.00334835	0.0368312
40	0.021007	0.0058357	0.0320425	0.0358088	0.00514137	0.00797253	0.00501867	0.0095425	0.00802251	0.00932437	0.00556083	0.00990093	0.109904	0.00745906	0.00791181	0.437029	0.26475	0.0113771	0.00218312	0.00420767
41	0.0449022	0.00490957	0.0174852	0.0584584	0.0672312	0.0131263	0.0531686	0.038345	0.0724222	0.105499	0.0185927	0.0403533	0.00579232	0.0955728	0.0938228	0.0576837	0.0775186	0.0314182	0.0101783	0.0935194
42	0.012644	0.00773474	0.000203698	0.00156228	0.0286082	0.000379701	0.00038575	0.382089	0.000349262	0.238873	0.0363166	0.00143047	0.000381059	0.00136007	0.000766754	0.00355427	0.0114453	0.270749	7.61727e-05	0.00109109
43	0.126409	0.0349993	0.0276062	0.00769653	0.0090475	0.011742	0.0185511	0.0671029	0.00614991	0.295703	0.0509669	0.00699642	0.0023896	0.0367257	0.00632033	0.0959507	0.0444557	0.145659	0.000792881	0.00473478
44	0.252392	0.0274172	0.00245311	0.00437321	0.00203536	0.25599	0.00505675	0.00517627	0.00442904	0.00629516	0.0187815	0.0118844	0.00388141	0.00440891	0.0168238	0.329731	0.0228539	0.023208	0.00073305	0.00207648
45	0.0416673	0.00220455	0.00656565	0.0198426	0.127864	0.0183064	0.0361294	0.0456772	0.0521859	0.1524	0.0363735	0.0285634	0.00330331	0.046623	0.075022	0.0372513	0.0333435	0.0444205	0.00229207	0.189964
46	0.0315843	0.00686522	0.00752168	0.00813445	0.000739365	0.88409	0.00181219	0.00175566	0.00221834	0.0058115	0.00111527	0.0016518	0.00257864	0.00123535	0.00789337	0.018226	0.00709611	0.00838555	0.00027103	0.00101387
47	0.0464029	0.00766503	0.0601438	0.541308	0.00538815	0.0152652	0.00877307	0.0191241	0.0225125	0.0131001	0.00729904	0.0234576	0.00630509	0.0176107	0.0166674	0.0682051	0.0716122	0.0426321	0.000933875	0.00559385
48	0.0467293	0.0154996	0.00298454	0.0112354	0.0165521	0.00588772	0.0155117	0.156211	0.0485238	0.194115	0.0168107	0.0230998	0.00256722	0.0524787	0.142983	0.0500938	0.0304429	0.130146	0.003537	0.0345904
49	0.0406703	0.0302189	0.00072783	0.000986256	0.110602	0.00306236	0.00204077	0.163756	0.00683373	0.291036	0.076427	0.0155114	0.000782287	0.00641093	0.00553475	0.00915359	0.0184666	0.138056	0.0307771	0.0489452
50	0.191251	0.0357543	0.00171457	0.00181163	0.00158512	0.00939407	0.0042133	0.0261067	0.00876555	0.0101852	0.00478397	0.011441	0.00257518	0.00274975	0.00441405	0.486375	0.153896	0.0413178	0.000284688	0.00138109
51	0.486652	0.0540766	0.000864754	0.00103536	0.000839477	0.0111236	0.00328443	0.0216091	0.00309035	0.0113797	0.0092781	0.00567308	0.000648976	0.00295556	0.0049932	0.179573	0.120573	0.0812447	0.000180594	0.000924796
52	0.0440757	0.00449199	0.0172098	0.0569982	0.0791055	0.0128028	0.0490734	0.034925	0.0731968	0.0943863	0.0182622	0.0418604	0.00702434	0.0953613	0.0978078	0.0573465	0.0691418	0.0266945	0.00859948	0.111636
53	0.0150338	0.00752976	0.00100055	0.00166196	0.0277818	0.00189722	0.000550617	0.312223	0.00143693	0.392457	0.0658556	0.0018938	0.0025529	0.00146679	0.00186965	0.00663755	0.0212199	0.134196	0.000485916	0.00224911
54	0.0177376	0.00841953	0.00021159	0.00139821	0.0301032	0.000505624	0.000445796	0.379736	0.000606538	0.254767	0.0358828	0.00150477	0.000634408	0.000807635	0.000877408	0.00433172	0.0128358	0.246683	0.000354388	0.0021577
55	0.0240696	0.0226376	0.000803191	0.004233	0.056923	0.00766021	0.00865878	0.169387	0.0325434	0.232605	0.0568329	0.0126925	0.00128665	0.0132399	0.0563016	0.0148819	0.0273204	0.205292	0.0174335	0.0351985
56	0.0154776	0.001272	0.703829	0.057445	0.000788921	0.00962023	0.00603354	0.00240009	0.016024	0.00562604	0.00185639	0.109967	0.00536202	0.0130557	0.00761441	0.023626	0.00512676	0.0133398	0.000226513	0.00130815
57	0.478879	0.00330228	0.00334693	0.00218532	0.00417725	0.108629	0.00193488	0.00593233	0.00290712	0.00737269	0.0032837	0.0172203	0.109239	0.00256512	0.0180252	0.123177	0.101289	0.00443162	0.000714093	0.0013877
58	0.0570731	0.0104204	0.0100753	0.0891517	0.00248904	0.00332288	0.0223655	0.0182832	0.159339	0.0354791	0.00993026	0.0390169	0.00269874	0.10476	0.312407	0.0420608	0.0318743	0.0427579	0.000510226	0.00598477
59	0.0436321	0.000666107	0.142363	0.414088	0.000523481	0.0100985	0.0190481	0.00521118	0.0887037	0.0115859	0.000581761	0.0331526	0.0203313	0.104787	0.0309789	0.0481443	0.0236774	0.00179844	0.000162021	0.000466362
60	0.0389892	0.0302439	0.000728945	0.00117405	0.10491	0.00396147	0.00278716	0.16766	0.0105756	0.273739	0.0708591	0.0167734	0.00100879	0.00780062	0.00962323	0.0123415	0.0192272	0.149658	0.031117	0.0468223
61	0.00899563	0.0046539	0.000232519	0.00195779	0.0359065	0.000526453	0.000274977	0.409179	0.000591214	0.290608	0.0281367	0.00172798	0.00171889	0.000560141	0.00132481	0.00394836	0.0118912	0.196496	0.000142971	0.00112655
62	0.0129044	0.0120848	0.000591876	0.0133768	0.0438175	0.00317395	0.00710067	0.139315	0.0826551	0.16049	0.0325414	0.00449255	0.000509725	0.0332354	0.123904	0.00973174	0.0321338	0.201849	0.00945471	0.0766385
63	0.0612725	0.0571796	0.00240798	0.00326397	0.00271898	0.0422449	0.00361506	0.0313983	0.00447377	0.0461406	0.0074171	0.0438215	0.00484215	0.00451158	0.00407417	0.0957785	0.516007	0.0652665	0.000839365	0.00272631
64	0.0405504	0.00687597	0.00228328	0.00248319	0.0337268	0.00565756	0.0160524	0.18005	0.00807522	0.126972	0.0226661	0.0467592	0.113142	0.0262302	0.00685268	0.0572559	0.0306475	0.20212	0.0171028	0.054496
65	0.0176461	0.00859371	0.000192481	0.00120743	0.0283966	0.000508194	0.000571609	0.372557	0.00031421	0.189837	0.0270011	0.0015041	0.000238468	0.000540592	0.000574345	0.00382438	0.014313	0.331083	6.72694e-05	0.00102962
66	0.123657	0.034266	0.000399572	0.00057042	0.0374533	0.00652282	0.00262071	0.137582	0.00112007	0.147765	0.0331241	0.0050838	0.000326572	0.00301246	0.00175422	0.0150137	0.0444579	0.403368	0.00018847	0.00171412
67	0.258898	0.00387527	0.00516737	0.00471786	0.00494028	0.104886	0.00356685	0.0103535	0.0062576	0.0112337	0.00489748	0.0138917	0.206944	0.00525355	0.0124284	0.0866	0.23781	0.0137857	0.00114714	0.0033452
68	0.0240758	0.00663648	0.00937431	0.00869499	0.000450112	0.898445	0.00159919	0.000697525	0.00288154	0.0050204	0.000581659	0.00323673	0.00250205	0.00103112	0.00809121	0.0149491	0.00590188	0.00528213	0.00013031	0.000417993
69	0.091008	0.00426896	0.00335369	0.00585187	0.34763	0.0598038	0.010028	0.00832315	0.00876382	0.0598779	0.0156958	0.0403861	0.00312248	0.00884856	0.0197934	0.0788258	0.0110124	0.0239783	0.00382784	0.1956
70	0.00984344	0.00520665	0.000252812	0.00176729	0.0354459	0.000331538	0.000288724	0.458296	0.000369266	0.195231	0.0211434	0.00156281	0.000365806	0.000447988	0.000434075	0.00454298	0.0198028	0.243772	9.68907e-05	0.000799056
71	0.466923	0.0129176	0.00122441	0.00603478	0.00120494	0.33227	0.00239226	0.002295	0.00133646	0.00221477	0.00314913	0.00324374	0.00714343	0.00119755	0.0043751	0.120654	0.0125387	0.017901	0.000231833	0.00075214
72	0.118827	0.0381314	0.0095634	0.0244368	0.0164018	0.0466142	0.0140937	0.00614266	0.120843	0.0262301	0.00190675	0.0351819	0.00361607	0.0484086	0.120936	0.230512	0.0888992	0.0380221	0.000232093	0.0110005
73	0.0570709	0.00669258	0.00225401	0.00524953	0.00262023	0.0297876	0.00505297	0.0929735	0.021194	0.0562653	0.0293361	0.00738717	0.0665367	0.00533556	0.00779358	0.0908132	0.381932	0.127452	0.000722981	0.00353003
74	0.0536393	0.00805553	0.00207022	0.0050307	0.00308613	0.0303752	0.00477137	0.0855378	0.0186555	0.0544163	0.0289262	0.00926687	0.0590268	0.0049624	0.00681974	0.088614	0.408632	0.123537	0.000880021	0.00369739
75	0.0276608	0.0483273	0.00232895	0.00303016	0.00273469	0.0306769	0.00348409	0.0286681	0.0046326	0.046235	0.00422421	0.0492288	0.00450523	0.00466834	0.00382637	0.0819623	0.591832	0.0588	0.000856171	0.00231824
76	0.0116618	0.00650818	0.00121129	0.00260964	0.0614997	0.00260974	0.0017183	0.120796	0.00189519	0.599322	0.0783597	0.00265681	0.00723682	0.00287035	0.00330285	0.00540012	0.00799124	0.0713343	0.00353242	0.0074827
77	0.0240019	0.00476142	0.0509805	0.0270581	0.00171335	0.572932	0.0206717	0.00323465	0.0776385	0.0076516	0.003207	0.0638494	0.00447582	0.0294924	0.0452088	0.0399721	0.0125239	0.00617706	0.000738174	0.00371196
78	0.0420391	0.015088	0.0129564	0.0221763	0.00867523	0.0148981	0.0154518	0.0229623	0.0764665	0.0345854	0.0087628	0.0235095	0.0106618	0.0327215	0.482425	0.0719668	0.0367014	0.0528496	0.00201596	0.013086
79	0.0251559	0.00285816	0.166504	0.0357861	0.00280911	0.166497	0.0282021	0.00374647	0.0358693	0.00684041	0.00217478	0.335434	0.0133175	0.0149198	0.0190761	0.109795	0.0180446	0.00507504	0.0012018	0.00669333
80	0.0218861	0.00666962	0.00806936	0.00834466	0.000441342	0.908621	0.00128202	0.000661545	0.00175746	0.00514272	0.000535003	0.00149689	0.00247786	0.000771239	0.00765101	0.0126961	0.00565564	0.00530604	0.000139242	0.000394809
81	0.397686	0.0355592	0.00398988	0.00694228	0.00401175	0.0467446	0.00601074	0.00899118	0.00916416	0.0093277	0.00508499	0.0188152	0.012495	0.00822332	0.0153535	0.294569	0.0811481	0.0295436	0.00101207	0.00532789
82	0.0183658	0.00157166	0.6416	0.0684544	0.000873011	0.0175294	0.0101299	0.002333	0.0231005	0.00652713	0.00196339	0.123085	0.00678854	0.0151613	0.0125433	0.0308234	0.00661719	0.0108522	0.000191082	0.00148887
83	0.00538463	0.00170567	0.00133156	0.00195253	0.27448	0.00251152	0.0405081	0.00797081	0.00238994	0.0691933	0.073665	0.00515654	0.00125547	0.00857617	0.00748422	0.00789997	0.00515738	0.00664728	0.0071419	0.469588
84	0.0740735	0.0156836	0.00247872	0.00148068	0.000968822	0.00673694	0.00235474	0.0224103	0.00987786	0.00205199	0.00106898	0.0158203	0.00182452	0.00188504	0.00342329	0.514176	0.317558	0.00499805	0.000321367	0.00080639
85	0.513415	0.0125857	0.00390198	0.00682226	0.00240275	0.175919	0.00352282	0.00670831	0.00663853	0.00517883	0.00437704	0.0158398	0.0156116	0.00534759	0.0139845	0.153302	0.0349029	0.0169215	0.000732267	0.00188462
86	0.3957	0.0547813	0.00130308	0.000852933	0.000653202	0.00448031	0.00333342	0.00698727	0.00662336	0.0019172	0.00116971	0.00711579	0.00107594	0.00124368	0.00242268	0.323566	0.162841	0.0231529	0.000192991	0.000586169
87	0.0137396	0.0079576	0.000322286	0.0013213	0.0264283	0.000714181	0.000421697	0.378276	0.000675168	0.28798	0.0421046	0.00147483	0.00121013	0.000997743	0.00106697	0.00456169	0.0133827	0.21501	0.000155854	0.00220057
88	0.0488338	0.0307449	0.000556255	0.000930031	0.130745	0.00149579	0.00170504	0.167276	0.00454761	0.282995	0.0722516	0.0118117	0.000643346	0.00581546	0.00354859	0.00645813	0.0159309	0.13494	0.0249951	0.0537762
89	0.462393	0.0124288	0.00119525	0.0060514	0.00127757	0.333019	0.0024981	0.00281805	0.00138485	0.00239469	0.00343721	0.0034995	0.0064063	0.00138145	0.00433718	0.123203	0.012956	0.0183092	0.000217026	0.000792642
90	0.366901	0.00783179	0.00744266	0.0166279	0.00432579	0.0867791	0.0055587	0.00441011	0.0238112	0.0122296	0.00389327	0.0749211	0.00644758	0.0288006	0.0547626	0.230426	0.0326114	0.0296793	0.000355439	0.00218546
91	0.215686	0.0796171	0.00376828	0.00849351	0.00975242	0.0460269	0.00613005	0.0273199	0.00949178	0.143543	0.0559732	0.0148734	0.00206269	0.0111307	0.00897815	0.150547	0.0640352	0.114968	0.000803949	0.0267993
92	0.00821684	0.00608455	0.00136397	0.00100436	0.0452715	0.00233249	0.000873407	0.103671	0.00136839	0.659095	0.0863521	0.00176249	0.00358649	0.00125943	0.0012155	0.00333541	0.00772896	0.0607884	0.0026413	0.00204892
93	0.0493277	0.00197685	0.259805	0.152928	0.000377977	0.0608919	0.0240702	0.00714214	0.0920717	0.00109792	0.0122281	0.0948558	0.00472123	0.0493527	0.0781427	0.0736544	0.0241872	0.0107928	0.000108095	0.0022681
94	0.677011	0.0305215	0.000781211	0.000854386	0.00114237	0.0148248	0.00260465	0.0115239	0.00267696	0.00791235	0.00348211	0.00244374	0.00184018	0.00167556	0.00278247	0.126432	0.064003	0.0463604	0.000273243	0.000854715
95	0.0799253	0.0105654	0.149381	0.21618	0.000672229	0.0354538	0.0235387	0.0066038	0.0834989	0.00640315	0.00584635	0.074254	0.0257031	0.0682756	0.0652494	0.0904046	0.035229	0.0193301	0.000113963	0.00337108
96	0.0348682	0.00609512	0.0270038	0.088288	0.0258246	0.0115816	0.0528989	0.0345743	0.0471615	0.115835	0.0164502	0.0266371	0.00415484	0.158921	0.0700648	0.0399787	0.100697	0.0804431	0.0221947	0.0363272
97	0.0284315	0.0159148	0.000923671	0.00346197	0.0935114	0.00238651	0.00259675	0.296662	0.00534812	0.230495	0.0595588	0.0213448	0.00337934	0.00506668	0.00598747	0.00963577	0.0182105	0.159724	0.0118836	0.0254778
98	0.0249601	0.00334537	0.00274154	0.00411421	0.209085	0.00602219	0.113973	0.00555546	0.00578564	0.0146073	0.00722307	0.0972375	0.00234871	0.0149175	0.0081586	0.0125549	0.0128571	0.0547199	0.0281279	0.371665
99	0.0349865	0.00709307	0.00753951	0.00803738	0.00416751	0.0129277	0.00439954	0.00644049	0.0537797	0.00714824	0.00261335	0.0955783	0.00215503	0.0107883	0.0156911	0.244408	0.468681	0.0101183	0.000760807	0.00268605
100	0.0172384	0.00239796	0.395814	0.0553498	0.00121504	0.0548425	0.090165	0.0024188	0.0316976	0.00812817	0.00174649	0.208869	0.0141268	0.011373	0.0142196	0.0702247	0.00953334	0.00569952	0.000357035	0.00458361
101	0.0328474	0.00894897	0.00174193	0.00313795	0.0257528	0.00458504	0.00343696	0.265526	0.00528746	0.0530518	0.0647406	0.00484127	0.00295077	0.00404164	0.00519856	0.0493317	0.176691	0.27182	0.0041153	0.0119527
102	0.0666079	0.0124784	0.258558	0.0339014	0.00272956	0.0353583	0.0107791	0.00431014	0.0143922	0.0206485	0.00229084	0.213074	0.0759479	0.0154458	0.010379	0.178533	0.0284547	0.0117074	0.00180897	0.00259461
103	0.0246732	0.00696468	0.0080876	0.00857418	0.000826838	0.888331	0.00186561	0.00138321	0.00249429	0.00677645	0.00109089	0.00190169	0.00469277	0.00125683	0.00893478	0.0176107	0.00782701	0.00580858	0.000141023	0.000758492
104	0.0216531	0.0104958	0.000206091	0.00142039	0.0371404	0.000786619	0.000722364	0.371118	0.000617606	0.225425	0.0330853	0.00211991	0.000609087	0.00112927	0.00114109	0.00440766	0.0155588	0.269148	0.000721949	0.00249406
105	0.00557291	0.00221276	0.00153273	0.00244395	0.295747	0.00339819	0.0339937	0.0109472	0.00398823	0.0897643	0.160893	0.00548056	0.00136974	0.0153912	0.0148781	0.00850412	0.00590884	0.00583453	0.00552171	0.326618
106	0.0203629	0.00498253	0.00195131	0.00169607	0.00147946	0.00343671	0.00168028	0.00466474	0.0235643	0.00310879	0.00156512	0.088966	0.00148638	0.0037401	0.00422007	0.274934	0.548159	0.00825888	0.000489952	0.00125327
107	0.517256	0.047561	0.00106637	0.00083356	0.000767122	0.0085251	0.00325514	0.00860108	0.00480678	0.00357124	0.00217049	0.00488491	0.00110304	0.00126423	0.00247658	0.238113	0.119448	0.0335432	0.000197505	0.000554786
108	0.0126466	0.00181536	0.598652	0.0439495	0.00110721	0.0233939	0.0153829	0.0018334	0.0156567	0.00632579	0.001187	0.175194	0.00995829	0.00913273	0.00609202	0.0557377	0.0112341	0.00852683	0.000378241	0.00179542
109	0.052219	0.00307737	0.0101219	0.00566083	0.00370604	0.00509153	0.00412838	0.0198044	0.0138841	0.0114701	0.00294992	0.00607095	0.76354	0.00469692	0.00703566	0.0295285	0.0264304	0.026853	0.00120858	0.00252242
110	0.0687467	0.0235104	0.0385715	0.0951714	0.00341907	0.012999	0.0179509	0.00724995	0.220191	0.0349079	0.0172764	0.092137	0.000507488	0.0629592	0.201762	0.0599573	0.0327275	0.00744725	0.000166684	0.00234147
111	0.0127378	0.0119751	0.000592767	0.0133964	0.044009	0.00314959	0.00728053	0.138401	0.082606	0.160959	0.0326731	0.00442113	0.000505205	0.0333343	0.12417	0.00960619	0.03212	0.20084	0.00950294	0.0777196
112	0.0146927	0.00634688	0.000330934	0.000623074	0.00388223	0.000641423	0.000478427	0.268193	0.000609116	0.0384317	0.00944738	0.00126073	0.000850827	0.000509274	0.000617796	0.00420741	0.00863883	0.639681	0.000107388	0.000449959
113	0.0803796	0.00120854	0.0817846	0.0659963	0.00378511	0.0025899	0.0355445	0.00174333	0.141243	0.0156046	0.0118253	0.0497623	0.212852	0.0446796	0.100789	0.0833958	0.0349311	0.00246317	0.000413114	0.0290085
114	0.0499615	0.00207317	0.258797	0.154194	0.000382609	0.0604208	0.0239366	0.00710208	0.0914434	0.0011352	0.0121608	0.0945137	0.00487147	0.0493087	0.0776457	0.0743171	0.0245566	0.010806	0.000103916	0.00226986
115	0.666621	0.0214165	0.00202697	0.00378524	0.00176348	0.0303655	0.00293807	0.0109076	0.00454779	0.00694508	0.00309734	0.00642677	0.00647485	0.00309872	0.00482619	0.124152	0.0692089	0.0300429	0.000378613	0.000976335
116	0.00962108	0.00663553	0.00206243	0.02104	0.0906007	0.00334235	0.00494972	0.0990846	0.126835	0.0684768	0.0156783	0.00449787	0.00197103	0.0412879	0.148914	0.0102022	0.0317433	0.193422	0.00532331	0.114312
117	0.118005	0.0326494	0.00133152	0.00632652	0.00416289	0.00825046	0.0251391	0.107876	0.0838879	0.0498308	0.00225912	0.00286386	0.17128	0.0267663	0.0567231	0.110374	0.0850353	0.105442	0.000412651	0.00138388
118	0.010216	0.00558662	0.000340496	0.00151493	0.0304069	0.000777383	0.000322455	0.37768	0.000847154	0.324965	0.0363035	0.00158113	0.0018684	0.000724024	0.00145869	0.00420449	0.0106346	0.188508	0.000279509	0.00178029
119	0.0687579	0.00233795	0.10506	0.111868	0.0028387	0.00711269	0.0250253	0.00225171	0.126893	0.00945827	0.00675192	0.0605458	0.15768	0.0504352	0.102307	0.110553	0.0291256	0.00487622	0.000247641	0.0158755
120	0.00660298	0.00453584	0.00218712	0.000569285	0.0308588	0.00389307	0.000582711	0.118945	0.00202782	0.63831	0.112735	0.00238011	0.00213143	0.000721454	0.00103524	0.00287336	0.00540454	0.0585046	0.00245011	0.00325173
121	0.0213539	0.00578781	0.0029988	0.00217848	0.00172936	0.00580901	0.00249969	0.00528022	0.0286842	0.00412444	0.00191479	0.127726	0.0015568	0.00448078	0.00454335	0.275967	0.492534	0.00857634	0.000742116	0.0015126
122	0.0212643	0.00277817	0.00210082	0.00274341	0.202908	0.00496413	0.159032	0.00484582	0.00402627	0.0153546	0.00885799	0.0461467	0.00207667	0.00582081	0.00561973	0.00982435	0.00854009	0.0473994	0.0126309	0.433066
123	0.0921732	0.0142656	0.0710708	0.195686	0.00240867	0.0265364	0.0327189	0.0130289	0.100528	0.0127646	0.00641991	0.0712239	0.0329392	0.100239	0.0681319	0.0801709	0.0384002	0.0296579	0.000437177	0.0111991
124	0.0272494	0.00192762	0.116255	0.60363	0.00174314	0.0089585	0.00854993	0.0094482	0.0329495	0.00604414	0.00237335	0.0281477	0.00735308	0.0319052	0.0149008	0.042768	0.0383615	0.0154222	0.000543152	0.00146997
125	0.676972	0.00858843	0.00182071	0.00410205	0.00177975	0.131043	0.00251023	0.0083786	0.00348814	0.00633819	0.00321292	0.00778314	0.00736515	0.00296364	0.00674774	0.0875635	0.0204695	0.0173249	0.00024405	0.00130534
126	0.0781968	0.0382502	0.00348066	0.00529133	0.116849	0.0080622	0.00695828	0.0881238	0.00864236	0.230436	0.128946	0.0415001	0.00250011	0.0092652	0.0090679	0.0171731	0.0675468	0.0768142	0.031503	0.0313927
127	0.0359947	0.00434607	0.091646	0.591644	0.00467983	0.00945719	0.00790913	0.0116261	0.0320746	0.0113761	0.00464811	0.0257151	0.00998156	0.0285554	0.0176757	0.0460937	0.042326	0.020043	0.000754548	0.00345313
128	0.00766262	0.00515352	0.00212382	0.00169937	0.0339938	0.00375499	0.00103198	0.113331	0.00207509	0.621771	0.113239	0.0026675	0.00366203	0.00174779	0.00197284	0.00385458	0.0058995	0.0684037	0.00262027	0.00333606
129	0.473127	0.0623142	0.00116713	0.000998496	0.000713433	0.00554061	0.00350368	0.00612801	0.00447521	0.00277711	0.00176956	0.00368653	0.00149111	0.00205666	0.00285068	0.28443	0.111967	0.029745	0.000329137	0.000929856
130	0.0495948	0.00368863	0.00268897	0.00428563	0.170703	0.0157351	0.112572	0.00453139	0.00566139	0.0102584	0.00451594	0.107077	0.00226027	0.00768482	0.0092969	0.0213836	0.0102342	0.0792709	0.0146997	0.363856
131	0.0653502	0.00393285	0.00226692	0.0033149	0.226647	0.0224421	0.0620654	0.0119064	0.0072334	0.0331159	0.00864703	0.0481572	0.00475168	0.006108	0.011373	0.0293108	0.00860715	0.0535991	0.0104713	0.380699
132	0.0244756	0.00706161	0.00719988	0.00806376	0.000415533	0.905357	0.00126867	0.000757739	0.00133716	0.00505177	0.000571456	0.00150601	0.00244357	0.000547354	0.00767667	0.0141899	0.00631353	0.00526181	0.000125288	0.000375988
133	0.307488	0.0291034	0.00325989	0.00350102	0.00164884	0.0207589	0.00352561	0.0105635	0.00883127	0.00806111	0.00346934	0.0108118	0.00888613	0.0042206	0.00683731	0.237805	0.303537	0.0257437	0.000405389	0.00154307
134	0.0413353	0.00864951	0.0506584	0.0301577	0.00610315	0.0879099	0.0143946	0.00364081	0.168394	0.0149113	0.00495139	0.0819865	0.0416402	0.0690476	0.167682	0.142483	0.0443127	0.0106305	0.000808362	0.010303
135	0.015004	0.00967312	0.000623936	0.00209517	0.0204226	0.000895137	0.00112781	0.325868	0.000957894	0.231999	0.0656426	0.00279439	0.000957727	0.00427876	0.00142339	0.00565549	0.0185095	0.290041	0.000322349	0.00170785
136	0.0099184	0.00569908	0.000397873	0.0019467	0.0439621	0.000682477	0.000465598	0.340016	0.000740491	0.360688	0.0367917	0.00177258	0.00145082	0.000964515	0.00182814	0.00427515	0.0118831	0.173477	0.00104896	0.00199197
137	0.0205488	0.00415543	0.00404316	0.00434013	0.181435	0.00563348	0.239937	0.00747819	0.00677991	0.021113	0.0136323	0.0366789	0.00280094	0.0093011	0.00845218	0.0145601	0.0101804	0.0364094	0.011644	0.360877
138	0.387196	0.0154647	0.00418633	0.00395804	0.0117469	0.0558772	0.0100282	0.00599545	0.0121624	0.00786562	0.00295244	0.0137618	0.218167	0.00510791	0.0157612	0.142381	0.0443196	0.0203691	0.00727483	0.0154245
139	0.0499638	0.00417434	0.0546373	0.0434499	0.007976	0.00994165	0.0263287	0.00380029	0.157263	0.0274022	0.00879334	0.0392398	0.143048	0.0618135	0.19344	0.0995986	0.0331981	0.00604815	0.000869703	0.029013
140	0.306384	0.0250824	0.00175735	0.00190376	0.00134042	0.0150507	0.00259017	0.00805939	0.00723909	0.0072825	0.00277244	0.004824	0.00353544	0.00380033	0.00611787	0.211427	0.364886	0.0244556	0.000328965	0.00116319
141	0.0124544	0.010986	0.00062753	0.00264904	0.0165337	0.00104357	0.00141306	0.287418	0.000867771	0.269631	0.085872	0.00374629	0.000838913	0.00716864	0.00179448	0.00461743	0.0200987	0.270398	0.00037115	0.001471
142	0.0553737	0.00402068	0.00879873	0.0397167	0.0187872	0.0288939	0.0586433	0.0949608	0.0283925	0.186824	0.035368	0.024673	0.00151946	0.0614425	0.0535498	0.0615796	0.111087	0.0995734	0.003799	0.0229968
143	0.0516701	0.00174976	0.00918285	0.00281714	0.00147266	0.00264153	0.00213904	0.00930406	0.00997281	0.00348096	0.00158941	0.00420816	0.837836	0.00224338	0.00323635	0.0223051	0.0219852	0.00952126	0.000913844	0.00173034
144	0.163998	0.0404137	0.00138153	0.00114722	0.029125	0.00856364	0.00240355	0.115407	0.00267122	0.178184	0.0289799	0.0044299	0.000488223	0.00427916	0.00194785	0.0191724	0.0447228	0.349866	0.000410953	0.00240854
145	0.0324127	0.0175221	0.000379987	0.00212164	0.0158219	0.00162431	0.00207375	0.221359	0.000931389	0.237675	0.0782282	0.00425147	0.000403128	0.0075178	0.0024413	0.0060257	0.021153	0.346281	0.000383799	0.00139236
146	0.0125008	0.011628	0.000597971	0.0134513	0.0444229	0.00313437	0.00757399	0.137031	0.0824961	0.161385	0.0325406	0.00450622	0.000520275	0.033597	0.125048	0.00953737	0.0320448	0.198831	0.00956214	0.0795917
147	0.0114527	0.00692883	0.000272376	0.00160058	0.0279113	0.000422746	0.000416904	0.464468	0.000426476	0.172789	0.0202399	0.00172363	0.000751539	0.000764168	0.000693384	0.00558731	0.0182304	0.264327	9.42787e-05	0.000899271
148	0.0301903	0.0330296	0.00334416	0.0134298	0.00375579	0.0181285	0.0196843	0.00918002	0.255202	0.082565	0.00999098	0.0132903	0.00246328	0.0324201	0.373803	0.0598342	0.0204147	0.0103567	0.000743383	0.00817341
149	0.0622511	0.0122469	0.0294942	0.0122227	0.0106577	0.0306225	0.0146678	0.0147643	0.0213206	0.024502	0.0075411	0.276874	0.141575	0.0161147	0.0236406	0.191635	0.0306047	0.0242972	0.0435359	0.0114317
150	0.0127862	0.00288895	0.0029186	0.00381528	0.0584316	0.00437555	0.00330769	0.187276	0.00493989	0.0129966	0.0798343	0.00562637	0.00235421	0.00402644	0.00485757	0.0852092	0.381507	0.100298	0.0186341	0.0239165
151	0.122791	0.00710191	0.00554524	0.028609	0.264529	0.0663169	0.0492783	0.0105469	0.00743879	0.0720012	0.111489	0.0336912	0.00311844	0.00908226	0.00848069	0.0864169	0.0634802	0.0160046	0.00173464	0.0323434
152	0.0402511	0.00157558	0.260235	0.125244	0.000624281	0.0600767	0.0367626	0.0039822	0.0795694	0.00388152	0.00561186	0.180088	0.0108208	0.0352771	0.0555788	0.0747833	0.01448	0.00629694	0.000144373	0.00471551
153	0.340283	0.0540935	0.00225434	0.00355598	0.00200196	0.288689	0.0113545	0.00534144	0.00298436	0.00371461	0.00595265	0.00514615	0.00382432	0.00236129	0.00865249	0.174433	0.0677947	0.0157905	0.000452501	0.00131946
154	0.0149249	0.00562603	0.000365874	0.00268247	0.0355572	0.000577299	0.000429122	0.403115	0.00087659	0.27732	0.0292491	0.00176566	0.000982164	0.00180863	0.00153534	0.00752845	0.0271446	0.186899	0.000235455	0.0013761
155	0.072938	0.0163727	0.00227204	0.00153791	0.000872485	0.00606842	0.00225606	0.0219395	0.00932281	0.00209496	0.00109534	0.0165848	0.00198783	0.00188115	0.00332592	0.516594	0.316273	0.00541889	0.000300571	0.000864529
156	0.0174735	0.0560543	0.0300854	0.00726609	0.0303377	0.0369778	0.11054	0.0584578	0.00775965	0.0375643	0.00587447	0.0667728	0.00326374	0.0311043	0.0071405	0.270876	0.129659	0.0631875	0.00117335	0.0284318
157	0.0180453	0.0144842	0.000806488	0.00292818	0.0180944	0.00278692	0.00368729	0.206725	0.00497343	0.272043	0.0899409	0.0060941	0.00211777	0.00956064	0.0121679	0.0105438	0.0185842	0.298255	0.00315692	0.00500447
158	0.0546373	0.00195174	0.227127	0.136029	0.000521813	0.0370455	0.0190411	0.003626	0.107909	0.00168586	0.00530102	0.10742	0.0336446	0.0409765	0.0871511	0.111317	0.0168065	0.00580928	0.000164048	0.00183629
159	0.0120675	0.000953379	0.280758	0.0714628	0.000897536	0.0965556	0.0535092	0.00138218	0.0530125	0.00944767	0.00103408	0.295167	0.0191694	0.0129011	0.0190028	0.0548484	0.006536	0.00206999	0.000247511	0.00897733
160	0.0180497	0.0164914	0.000693586	0.0050883	0.00930177	0.00165595	0.00386867	0.194437	0.00243437	0.246478	0.0991739	0.00830375	0.000600864	0.0168516	0.00462612	0.00696654	0.028256	0.333598	0.000796436	0.00232877
161	0.499581	0.0567818	0.000591137	0.000665296	0.00058123	0.00414407	0.00448595	0.0100508	0.00449865	0.00398928	0.00341819	0.00170962	0.000619254	0.00121162	0.00281703	0.227553	0.122624	0.054004	0.000176841	0.000498424
162	0.0100164	0.00528935	0.000715083	0.00165462	0.0364311	0.00123176	0.000401096	0.345774	0.00102414	0.353891	0.0473774	0.0021011	0.00201817	0.000817599	0.00138572	0.00458087	0.0121417	0.170312	0.000583569	0.00225243
163	0.0105299	0.00551535	0.000191463	0.00167484	0.0360705	0.000280057	0.000238629	0.427768	0.000309093	0.228591	0.0248755	0.0014024	0.000579593	0.000418038	0.000460374	0.00350284	0.0134185	0.24324	6.91581e-05	0.000864862
164	0.0282921	0.00321476	0.0713993	0.0459021	0.00622632	0.0591475	0.0226849	0.00504084	0.0135653	0.00699369	0.0031262	0.323109	0.00371873	0.0281344	0.025391	0.221061	0.107476	0.0187901	0.00251891	0.00420694
165	0.0248171	0.0101231	0.000204662	0.00117507	0.028488	0.000677781	0.000729255	0.358298	0.000398317	0.237921	0.0363485	0.00170809	0.000437459	0.000889269	0.000890806	0.00472296	0.014827	0.275639	8.92681e-05	0.00161534
166	0.13313	0.00520323	0.186714	0.247314	0.00447477	0.039783	0.00372387	0.00167169	0.0369008	0.00333672	0.0011597	0.0568667	0.0092747	0.0441189	0.0128761	0.156803	0.048273	0.00742501	0.00019753	0.000753158
167	0.0267991	0.00679521	0.00861532	0.00842468	0.000459179	0.89913	0.00143014	0.000699623	0.00199509	0.00496431	0.000538018	0.00217027	0.0024195	0.000540392	0.00739218	0.0156761	0.00564092	0.00578023	0.000130509	0.000398905
168	0.231487	0.00727979	0.00678643	0.00726011	0.00527784	0.0542124	0.00502024	0.00650103	0.010905	0.0363942	0.00404264	0.12241	0.0727038	0.0151938	0.0710084	0.247202	0.0520337	0.039732	0.0014525	0.00309636
169	0.0707219	0.0136752	0.00984246	0.0221395	0.00768483	0.178571	0.0412726	0.0137271	0.111033	0.0172029	0.00468252	0.0275616	0.00585277	0.0222906	0.0445994	0.278854	0.07678	0.0437229	0.00169877	0.00808718
170	0.0104839	0.00483626	0.00604029	0.00275569	0.0313668	0.00905369	0.00228486	0.131235	0.00352798	0.560291	0.124843	0.0044836	0.00781813	0.00344579	0.00291448	0.00793707	0.00845636	0.0707358	0.00229442	0.0051962
171	0.106943	0.0203507	0.00241522	0.00909617	0.00981252	0.0106008	0.0140386	0.223913	0.0511333	0.113342	0.0081274	0.0100978	0.0709562	0.028782	0.0269899	0.0882371	0.0604111	0.133679	0.00298828	0.00808467
172	0.0151301	0.00159251	0.1981	0.0660031	0.00101573	0.411833	0.0308942	0.00239322	0.0572281	0.00695921	0.00246128	0.129734	0.00619629	0.0105266	0.0163197	0.0285601	0.00746518	0.00403885	0.000441372	0.00310764
173	0.0165725	0.00757057	0.00377998	0.00817086	0.0120911	0.0317258	0.00584849	0.196029	0.116561	0.0381827	0.06765	0.00972175	0.00368052	0.117833	0.0631513	0.0191548	0.0186303	0.246248	0.0028905	0.0145078
174	0.126995	0.0104954	0.0026489	0.0705798	0.0261866	0.0306564	0.0161551	0.158747	0.0507235	0.0306796	0.00338142	0.00595399	0.151387	0.00874634	0.0220137	0.116877	0.0425789	0.12169	0.000809043	0.00269601
175	0.0366069	0.00231904	0.161695	0.0725937	0.00614747	0.132438	0.0317255	0.00341737	0.0700617	0.00569403	0.00590591	0.20073	0.0118331	0.0595655	0.050926	0.0950805	0.0256591	0.00849519	0.000440884	0.018665
176	0.0176664	0.00600853	0.00181256	0.00232429	0.0424657	0.00358971	0.00225441	0.311238	0.00374552	0.033865	0.0635393	0.0047413	0.00187101	0.00264548	0.0037036	0.060183	0.190765	0.223576	0.00596875	0.0180373
177	0.254507	0.0109614	0.0383331	0.00697152	0.00369399	0.148655	0.00803578	0.0233093	0.0164886	0.00654602	0.0038523	0.121198	0.00810507	0.00953209	0.0169584	0.266258	0.0431296	0.00989972	0.000848956	0.00271622
178	0.307745	0.00113156	0.015433	0.122728	0.0159451	0.0349133	0.0304862	0.00158439	0.0438151	0.0103962	0.00151836	0.0580884	0.000602609	0.0332927	0.121452	0.161522	0.00693253	0.00595031	0.000224784	0.0262386
179	0.0431544	0.00774441	0.0640334	0.0076087	0.00367363	0.00695907	0.00587685	0.00716065	0.0672397	0.0124537	0.00450702	0.00958615	0.00414595	0.0122256	0.612538	0.0190935	0.0947588	0.0117913	0.00107778	0.00437197
180	0.0137183	0.00640445	0.000236242	0.00197469	0.0427915	0.000381076	0.000404238	0.429827	0.000361214	0.209093	0.0233119	0.00182976	0.0003213	0.000622084	0.000525511	0.00467707	0.0206824	0.241346	0.000139014	0.00135312
181	0.0464052	0.0172112	0.00365086	0.00936355	0.185943	0.00918888	0.0117701	0.0733474	0.00969281	0.252603	0.102325	0.0231255	0.00714866	0.00983111	0.0124461	0.0259092	0.105787	0.0610809	0.00985601	0.0233132
182	0.186486	0.0062557	0.0412383	0.096649	0.00682496	0.101551	0.00708705	0.00222768	0.075749	0.00545339	0.00359034	0.0543632	0.00107544	0.0350426	0.0499728	0.183464	0.124536	0.0162602	0.000243523	0.00192927
183	0.487583	0.0447228	0.00101026	0.00114442	0.00102067	0.00818168	0.00331132	0.0276256	0.00296871	0.0127805	0.0142477	0.00602423	0.000802359	0.00380607	0.00855357	0.135024	0.145755	0.0940337	0.000353626	0.00105115
184	0.0115422	0.00669586	0.00197565	0.00133137	0.0257129	0.00316341	0.00101982	0.140408	0.00185481	0.546447	0.111676	0.0031392	0.00208275	0.00344858	0.00160807	0.00380291	0.00913114	0.119634	0.0020157	0.00331079
185	0.307985	0.00113227	0.0154362	0.122624	0.0159658	0.0349289	0.0303802	0.00158462	0.043851	0.0104294	0.00153547	0.0581543	0.000603405	0.0333188	0.121313	0.161377	0.00695883	0.00599691	0.000223991	0.0262005
186	0.307302	0.00350138	0.0203461	0.0984228	0.00893067	0.0563644	0.0214727	0.00218612	0.0655765	0.0206257	0.00434271	0.0617745	0.00103218	0.0305408	0.0584718	0.142996	0.0642199	0.0250219	0.000287408	0.00658456
187	0.0216454	0.000797888	0.0491281	0.00876724	0.00219506	0.270526	0.019381	0.00106221	0.145571	0.00131981	0.00564436	0.159528	0.00821349	0.0935657	0.118307	0.0643697	0.0205017	0.00291588	0.000389802	0.00617007
188	0.0123551	0.014112	0.000503423	0.000799731	0.0028111	0.000991027	0.000824389	0.536977	0.00085375	0.0379583	0.00206829	0.0032943	0.00319101	0.000827472	0.000993119	0.00373494	0.0133282	0.363656	0.000202164	0.000519026
189	0.0214341	0.00826381	0.0535714	0.00559926	0.00205184	0.0178595	0.00412878	0.00443863	0.0220334	0.0166657	0.00191019	0.251276	0.115034	0.0150997	0.00992601	0.40039	0.039878	0.00595796	0.00246205	0.00202053
