449	20
1	0.0124962	0.00260513	0.00153539	0.00465607	0.0330989	0.00157789	0.00151202	0.214543	0.00463766	0.492269	0.0914147	0.00202918	0.0102512	0.00388116	0.012258	0.0138804	0.0153028	0.0755613	0.00583565	0.000654249
2	0.125266	0.0211392	0.131927	0.0755729	0.00314016	0.0260275	0.0298788	0.0185952	0.038242	0.00455308	0.0102492	0.0527956	0.0309158	0.0305118	0.0348982	0.229771	0.0971695	0.0262911	0.000476511	0.0125793
3	0.0168313	0.00256008	0.0102758	0.00774001	0.251184	0.00534972	0.0193451	0.00903793	0.00948993	0.0198094	0.00775633	0.0170454	0.00547839	0.0121492	0.00844117	0.0178946	0.00765625	0.0057488	0.0145628	0.551644
4	0.00712653	0.00730223	0.00329354	0.0167245	0.00133508	0.00916276	0.0203435	0.00437087	0.133199	0.00370286	0.0107636	0.0692365	0.00242341	0.0727059	0.448724	0.092984	0.0862923	0.00838678	0.000462304	0.00146053
5	0.0547928	0.0119329	0.0415568	0.0377203	0.00458186	0.0196453	0.0207814	0.0128984	0.102002	0.0105524	0.0141924	0.086603	0.0150871	0.0408669	0.0669605	0.211056	0.220882	0.0214324	0.00101398	0.00544193
6	0.00755884	0.00497334	0.0015664	0.000763001	0.00672179	0.00235733	0.000586923	0.504761	0.00109351	0.0408661	0.00351048	0.000886131	0.000898359	0.003378	0.00177228	0.00730402	0.00255027	0.407727	0.000440793	0.00028432
7	0.168731	0.0804534	0.00979564	0.0149374	0.0116284	0.0312495	0.0199508	0.0142348	0.0153922	0.00242163	0.0228759	0.0610287	0.00744682	0.0272761	0.0496027	0.326794	0.0798277	0.0548245	0.000407434	0.00112112
8	0.427319	0.0129911	0.00694808	0.00207924	0.000897255	0.249961	0.00416664	0.00159377	0.013352	0.00772894	0.0031357	0.0127365	0.0294107	0.00406616	0.00264258	0.178106	0.0159448	0.00825273	0.017521	0.00114609
9	0.0112393	0.00770076	0.00131586	0.000912908	0.00684539	0.00372612	0.000636327	0.391313	0.00121807	0.0403697	0.00364266	0.00101663	0.000864788	0.00405054	0.00174332	0.00830561	0.00239956	0.511936	0.000460178	0.000303305
10	0.0331871	0.00714779	0.0554281	0.0451382	0.00125825	0.0168923	0.0150826	0.00311346	0.044108	0.0068921	0.0256327	0.422006	0.00382852	0.0364027	0.0291241	0.145613	0.0976938	0.00897003	0.000436206	0.00204471
11	0.0682092	0.00346774	0.0273779	0.012636	0.0018328	0.725333	0.00360321	0.00382654	0.022236	0.00623688	0.00456369	0.0212155	0.0116898	0.00849764	0.018292	0.0315925	0.00983239	0.0126819	0.00483261	0.00204244
12	0.0826225	0.0175694	0.0082198	0.0133171	0.00510567	0.00995035	0.00600909	0.0203609	0.0115439	0.0218818	0.0046389	0.0120979	0.683996	0.0113022	0.00923063	0.0352549	0.0104846	0.0328828	0.000803634	0.00272731
13	0.00900789	0.00389638	0.00271854	0.00705567	0.0211778	0.00209698	0.00545325	0.272496	0.0178335	0.454058	0.0580996	0.00327471	0.00695764	0.00949141	0.0135676	0.0120433	0.0177102	0.0784733	0.00299014	0.00159757
14	0.0350563	0.019278	0.00443297	0.0136561	0.00676263	0.0146385	0.0051032	0.223561	0.0123641	0.0517689	0.0168452	0.00796908	0.0194046	0.0156119	0.0118643	0.0260958	0.0429262	0.468983	0.00133006	0.00234823
15	0.00653091	0.00423818	0.00192781	0.000774888	0.00979212	0.00270816	0.00059594	0.656696	0.00120579	0.0421718	0.0071271	0.000720827	0.000957026	0.00245916	0.00191555	0.007339	0.00549691	0.246486	0.000542228	0.000315075
16	0.0110023	0.00610637	0.00172082	0.00558663	0.0229255	0.00211754	0.00136384	0.169976	0.00332803	0.518674	0.0893825	0.00192953	0.00596531	0.00470074	0.00718398	0.0118411	0.0199727	0.112571	0.0031069	0.000544525
17	0.00579836	0.000767264	0.525819	0.364145	0.00109176	0.0231675	0.00867778	0.00125503	0.00360559	0.00147721	0.00123204	0.0212624	0.00216754	0.00718965	0.0024628	0.0151267	0.00310191	0.00948248	0.000376456	0.00179356
18	0.0109952	0.021067	0.107736	0.0475745	0.00557132	0.0263138	0.0459696	0.00382122	0.113039	0.00684681	0.00592011	0.411266	0.00284313	0.0569855	0.071861	0.0262378	0.0180057	0.00709836	0.000726155	0.0101223
19	0.0191226	0.00345382	0.0176254	0.0159788	0.186696	0.0494693	0.0266397	0.00491304	0.154353	0.0752805	0.0181725	0.112413	0.0031639	0.052387	0.105973	0.0102779	0.0071209	0.0285725	0.00103468	0.107351
20	0.148649	0.0129474	0.00576307	0.0124509	0.00234905	0.032251	0.0151473	0.0145172	0.0133754	0.0378062	0.00623144	0.0138455	0.546419	0.0390692	0.00618797	0.0544662	0.00895359	0.0263975	0.00108019	0.00209303
21	0.0305678	0.0202904	0.00999934	0.0367861	0.00214011	0.00842907	0.00762974	0.00876677	0.300067	0.00887631	0.0529702	0.0263351	0.00702237	0.125672	0.235095	0.0541892	0.0509399	0.0111516	0.000829794	0.00224193
22	0.00628523	0.000545913	0.00533141	0.00146807	0.248752	0.00137468	0.00155319	0.00844587	0.00230236	0.0142232	0.00539982	0.00475719	0.00507361	0.00158441	0.00110577	0.00715739	0.00159617	0.00125622	0.0170105	0.664777
23	0.358221	0.0401213	0.00925117	0.0112189	0.00278185	0.0581751	0.00675791	0.00790501	0.0141697	0.00685628	0.0205286	0.158651	0.00506302	0.0407055	0.0114792	0.188503	0.0216608	0.0120123	0.00157094	0.024367
24	0.0841908	0.00552795	0.0687211	0.360167	0.00649287	0.0216348	0.0205786	0.0153899	0.0606404	0.0204511	0.00909109	0.0318148	0.012957	0.07916	0.0896104	0.0515765	0.0295109	0.0205338	0.00402548	0.00792529
25	0.00390612	0.0011039	0.0018898	0.00163994	0.0136291	0.000965774	0.00092011	0.690002	0.00204537	0.0945334	0.0330175	0.00132365	0.0026193	0.00309968	0.00349027	0.00822821	0.0102481	0.125652	0.00142495	0.000260827
26	0.0383303	0.0193681	0.00726544	0.00704825	0.00828421	0.0127681	0.00521624	0.218484	0.00903994	0.0417506	0.0140309	0.00967157	0.016454	0.00943293	0.00982162	0.0300074	0.0472627	0.490362	0.00151788	0.00388437
27	0.0122609	0.00385142	0.0497832	0.0521174	0.00100694	0.00853418	0.0294455	0.00172705	0.0689835	0.00454988	0.023812	0.342507	0.00189411	0.0402202	0.0402382	0.15488	0.15322	0.00927648	0.000493892	0.00119864
28	0.00987311	0.0013527	0.00167944	0.0040282	0.0368054	0.00160258	0.00178574	0.305218	0.00674308	0.437568	0.0547008	0.00194636	0.00812598	0.00313726	0.0096835	0.0100923	0.0122271	0.0846463	0.00817252	0.00061165
29	0.0094616	0.0222818	0.00654347	0.0347699	0.00217354	0.00893545	0.0376898	0.00644513	0.15609	0.00842434	0.00867317	0.0848843	0.00334797	0.0683905	0.175836	0.0779411	0.262188	0.0226325	0.00101691	0.0022749
30	0.0179073	0.00663691	0.0115805	0.0517831	0.0131092	0.00568833	0.00798176	0.120417	0.0263097	0.503809	0.0506492	0.0137943	0.00696504	0.0231685	0.0278376	0.0472456	0.0246492	0.0339964	0.00256599	0.0039058
31	0.166596	0.0027571	0.00586865	0.00725551	0.00226051	0.153882	0.0735105	0.00476493	0.0235501	0.0375971	0.00440391	0.0338392	0.232386	0.0662646	0.00535184	0.162153	0.00716333	0.00607875	0.00229329	0.00202376
32	0.0143581	0.00224285	0.543797	0.0262665	0.0227246	0.00942094	0.00958123	0.00446105	0.0180292	0.0102084	0.00398394	0.131488	0.023872	0.0166491	0.0095654	0.0876544	0.0515303	0.00935914	0.00123259	0.00357432
33	0.0180163	0.00464694	0.0184062	0.0101072	0.0019186	0.675569	0.00571073	0.00402051	0.0419304	0.00478889	0.00836711	0.0702169	0.00259579	0.0107423	0.0414677	0.0354707	0.0331081	0.00916075	0.00150817	0.00224791
34	0.0146312	0.00212487	0.0267043	0.0324505	0.00228917	0.00628287	0.0039718	0.00331485	0.00514828	0.0122407	0.00204392	0.0111909	0.00370449	0.0144679	0.00267241	0.294744	0.554102	0.00489435	0.00066544	0.00235579
35	0.0349051	0.00250959	0.00336	0.0705673	0.0129251	0.00287895	0.00234461	0.148427	0.0864957	0.0685407	0.0152591	0.0656243	0.00161972	0.100392	0.131338	0.0403487	0.102895	0.0958571	0.000963974	0.012748
36	0.0176512	0.00641472	0.012821	0.0237474	0.00284313	0.0156276	0.0412746	0.00872117	0.140749	0.0129028	0.0143738	0.0548683	0.00605891	0.0437889	0.445114	0.0869878	0.0475625	0.0127937	0.00176151	0.00393765
37	0.101927	0.0189519	0.0232281	0.0468662	0.00386185	0.0418604	0.0275635	0.0204929	0.060884	0.0059779	0.0374811	0.0566968	0.0319165	0.137235	0.0750215	0.204938	0.0784048	0.0226899	0.000498607	0.00350458
38	0.0348366	0.00434424	0.113306	0.220461	0.00523261	0.341736	0.0152139	0.00638594	0.0355034	0.011292	0.00795262	0.0287073	0.00817682	0.0553826	0.0220919	0.0474475	0.0204395	0.0144287	0.00204843	0.00501261
39	0.0302164	0.00540196	0.0702613	0.138121	0.00391367	0.01376	0.0128303	0.00631076	0.251148	0.0116036	0.0104578	0.0205113	0.00776911	0.263478	0.0519339	0.0569536	0.0239457	0.0162311	0.00145613	0.00369671
40	0.0262244	0.0177278	0.00121972	0.00122649	0.00518172	0.0075288	0.000882006	0.246929	0.00190678	0.032566	0.00442694	0.00135609	0.000893163	0.00473959	0.00222111	0.0120678	0.0128098	0.619214	0.000437343	0.000441917
41	0.00419882	0.00879427	0.00126771	0.00722403	0.016657	0.00289859	0.00210826	0.0265053	0.00325585	0.749585	0.115565	0.00152272	0.00195913	0.00651289	0.0049389	0.00584745	0.0119626	0.0263357	0.00101303	0.00184775
42	0.0209229	0.00123307	0.147503	0.555686	0.00158564	0.0156724	0.0107438	0.0119496	0.0273384	0.0178821	0.00193649	0.0201617	0.00443831	0.0486351	0.051541	0.0350123	0.0167781	0.00670639	0.000661908	0.00361156
43	0.0317667	0.0220616	0.00129594	0.00130615	0.00498155	0.00890485	0.00095698	0.234998	0.00230688	0.0298286	0.00467807	0.00136849	0.00123147	0.00443973	0.00260977	0.0145094	0.0170372	0.614729	0.000501302	0.000488293
44	0.154485	0.0640649	0.0220049	0.0209119	0.0119971	0.0274314	0.0213291	0.0185457	0.0188948	0.00319124	0.0256724	0.0697683	0.0165377	0.0361065	0.0542912	0.30766	0.0784008	0.0463814	0.000350757	0.00197521
45	0.0114406	0.00165539	0.0185902	0.00721547	0.00145891	0.7351	0.00261035	0.00292387	0.07523	0.00418757	0.00446161	0.0283598	0.00218207	0.00741374	0.0653424	0.0108472	0.0086413	0.00901385	0.00156905	0.00175706
46	0.0140983	0.00323933	0.0693482	0.050052	0.00149968	0.00749879	0.0270354	0.00185603	0.0966963	0.00371007	0.0181443	0.276563	0.00900529	0.0264993	0.0356577	0.178405	0.166367	0.0125098	0.000509416	0.00130552
47	0.0142732	0.00243322	0.00367464	0.0120729	0.000925719	0.00512542	0.00488641	0.00649615	0.304706	0.0034814	0.00747932	0.0214569	0.0106639	0.0488369	0.487788	0.0279412	0.0267131	0.00977106	0.000361688	0.000913484
48	0.211726	0.012555	0.0183767	0.0256837	0.020425	0.018917	0.0198728	0.0256889	0.0525464	0.173726	0.0615509	0.0237305	0.014317	0.0580851	0.132798	0.0454663	0.0308617	0.0355226	0.0044447	0.0137056
49	0.0135762	0.00948262	0.00133129	0.00104723	0.00620581	0.00464997	0.000738028	0.313782	0.00130214	0.0376964	0.00266054	0.00108904	0.000820978	0.00487577	0.00182267	0.00883892	0.00175941	0.587537	0.000421605	0.000362877
50	0.0129935	0.00878861	0.00144225	0.00112132	0.00804517	0.00406185	0.000791494	0.349257	0.00168219	0.0564105	0.00900714	0.00112028	0.00131983	0.00448649	0.00243284	0.00889172	0.00430272	0.522861	0.000627866	0.000356456
51	0.0368604	0.00820122	0.0362397	0.0869937	0.00532427	0.0190191	0.0185386	0.0169901	0.218256	0.0307856	0.0201433	0.0503252	0.0117592	0.172084	0.136102	0.0568358	0.0422136	0.0233302	0.00158891	0.00840981
52	0.0145659	0.00966719	0.00153087	0.00158844	0.00785672	0.00519078	0.00104511	0.342954	0.0018562	0.048277	0.00715708	0.00153146	0.00105926	0.00521112	0.00218544	0.00948796	0.00752702	0.530187	0.000727142	0.000395186
53	0.00776285	0.00301388	0.0103562	0.00556538	0.624612	0.0137508	0.00846735	0.0150423	0.0104439	0.0626096	0.01334	0.00815162	0.00305196	0.0133995	0.00671406	0.0132681	0.00759493	0.0151379	0.0026446	0.155073
54	0.0373765	0.00391516	0.141306	0.443899	0.0045863	0.0263656	0.0174374	0.0118888	0.0376645	0.0149342	0.00771787	0.0344717	0.00941713	0.0678065	0.0282675	0.0523451	0.0360872	0.0168732	0.00197233	0.00566787
55	0.0492583	0.00345434	0.0218293	0.0110107	0.00520089	0.759721	0.0031788	0.00711909	0.0246559	0.00596558	0.00430921	0.0205843	0.00590617	0.00641661	0.0191533	0.0228017	0.00837002	0.0141003	0.00419889	0.00276518
56	0.0588307	0.0111098	0.0202954	0.0253361	0.00850414	0.0124669	0.0095202	0.0293886	0.0233806	0.0227166	0.0135397	0.0265131	0.0137685	0.02407	0.0216444	0.15211	0.474132	0.044412	0.00334305	0.00491777
57	0.143991	0.00430796	0.107014	0.0598021	0.00149951	0.022194	0.0506522	0.0179521	0.030438	0.00494962	0.00702064	0.047305	0.0693026	0.0252354	0.0175878	0.274203	0.0731541	0.0139582	0.000573405	0.0288585
58	0.0183578	0.00213618	0.0579649	0.0249443	0.0017302	0.765237	0.00395429	0.00179163	0.0239152	0.00373267	0.00455663	0.0236109	0.00295961	0.00838273	0.0189734	0.0169152	0.00974402	0.00740589	0.00211656	0.00157076
59	0.00363773	0.00156922	0.00192175	0.00157905	0.00990836	0.00113935	0.000699776	0.737165	0.00121963	0.056531	0.0125584	0.00108523	0.00150755	0.00225796	0.0021997	0.00717227	0.00982473	0.147087	0.000683643	0.00025225
60	0.0176247	0.00368727	0.392218	0.0496693	0.187736	0.015631	0.0147045	0.0113146	0.0229558	0.0237711	0.00817801	0.0516757	0.00883646	0.0264391	0.0155514	0.0467447	0.0223807	0.0143832	0.00271949	0.0637791
61	0.158039	0.0509338	0.0143022	0.0153388	0.00733416	0.035612	0.0261805	0.0439639	0.0158464	0.00512342	0.0197416	0.0642445	0.00837046	0.0203106	0.0326463	0.253262	0.104127	0.121291	0.000478529	0.00285396
62	0.011985	0.00470093	0.015333	0.0179466	0.00177299	0.0195359	0.00398905	0.0082018	0.404366	0.0153506	0.0165129	0.0523353	0.00538902	0.0661535	0.275394	0.020953	0.0319763	0.0256475	0.0004209	0.0020363
63	0.0261254	0.00342422	0.0282339	0.0254646	0.0754823	0.0376765	0.0848838	0.0048939	0.202583	0.0240869	0.00415028	0.14453	0.00272534	0.0601885	0.134131	0.00977381	0.00700466	0.0142136	0.00106705	0.109362
64	0.0276655	0.000704702	0.147216	0.526029	0.00157748	0.0203911	0.014975	0.00430147	0.043895	0.00731629	0.00135608	0.0218627	0.00245719	0.0707607	0.0219661	0.0523344	0.0248777	0.00635316	0.000526003	0.00343418
65	0.0160283	0.00481944	0.00919156	0.00943512	0.487532	0.0131588	0.00915161	0.0896288	0.0122837	0.08942	0.0185221	0.0112535	0.00429764	0.0176098	0.0152286	0.0204469	0.014708	0.0793528	0.00180728	0.0761238
66	0.0586027	0.00562879	0.011457	0.0128434	0.0072729	0.00497216	0.00271159	0.00965904	0.00413446	0.00576019	0.00180314	0.00649901	0.00861427	0.0119266	0.00174521	0.198935	0.627464	0.0171625	0.000533123	0.00227492
67	0.167705	0.0116035	0.0193956	0.0159847	0.00288164	0.46784	0.0113349	0.00531785	0.020083	0.00859352	0.00814649	0.0206079	0.0283349	0.0112575	0.0161276	0.137053	0.0219816	0.0134188	0.0107053	0.00162792
68	0.0490473	0.000746463	0.297506	0.271299	0.00343206	0.0229726	0.0270017	0.00274143	0.0611509	0.00140101	0.000894777	0.0525879	0.00131152	0.0749847	0.0223743	0.0798766	0.0213768	0.00417354	0.00039614	0.00472602
69	0.0276662	0.00400044	0.00821135	0.0137816	0.00373577	0.00877372	0.00855296	0.281286	0.0123473	0.0231024	0.0309495	0.0872788	0.00463905	0.0176389	0.00895962	0.109768	0.162886	0.180075	0.00220328	0.00414465
70	0.00192647	0.00886942	0.000930445	0.00648136	0.0169822	0.00103757	0.00153725	0.0188888	0.00212643	0.740394	0.149004	0.00105384	0.0011828	0.00736407	0.00146733	0.00513434	0.0109495	0.0235463	0.000287831	0.000836354
71	0.0184902	0.0033457	0.00490833	0.0195091	0.00103095	0.00451976	0.00197907	0.00815511	0.388226	0.00429706	0.00907861	0.0135901	0.0155617	0.0586612	0.386087	0.018281	0.030659	0.0123608	0.000386139	0.000873662
72	0.0126046	0.00546591	0.0054156	0.0152097	0.00576606	0.0034675	0.00762323	0.25081	0.00919465	0.126397	0.218502	0.0132194	0.00303627	0.0364032	0.00488748	0.0465804	0.125174	0.1077	0.00103982	0.00150274
73	0.353198	0.0100383	0.0106074	0.00271002	0.00107427	0.317063	0.0080409	0.00190689	0.008537	0.00983019	0.00203984	0.00501051	0.077359	0.00753099	0.00321003	0.146142	0.00525347	0.00705496	0.0225986	0.000794424
74	0.0396272	0.0148736	0.00458025	0.0133389	0.00332654	0.00995541	0.00601163	0.250237	0.00874661	0.0701187	0.0861555	0.0126891	0.00229838	0.0182138	0.00544667	0.0471775	0.144544	0.260776	0.000754444	0.00112837
75	0.199885	0.036596	0.0128208	0.0168567	0.00525328	0.0237861	0.0135052	0.0160883	0.0235926	0.0121004	0.0606259	0.0659531	0.0162503	0.0433873	0.0202867	0.352022	0.0548399	0.0203215	0.00159027	0.00423897
76	0.0122459	0.00271878	0.0863295	0.567393	0.00329264	0.0115026	0.00517341	0.0342589	0.0155474	0.0609472	0.004291	0.00836558	0.0057748	0.0482292	0.0880912	0.0174849	0.0136007	0.0102044	0.00123412	0.00331454
77	0.0462326	0.00118813	0.365505	0.287213	0.00254807	0.0279389	0.0181029	0.00311912	0.0352729	0.0015768	0.00124212	0.0476202	0.00310234	0.0496273	0.012278	0.0657314	0.0189292	0.00585179	0.000455446	0.00646491
78	0.0638834	0.0434157	0.00543575	0.00817377	0.00656738	0.0153074	0.00912488	0.0743332	0.0111754	0.122075	0.237061	0.00891178	0.00409221	0.0261216	0.0125905	0.0602564	0.111984	0.17544	0.00127514	0.00277559
79	0.147618	0.0134195	0.0141201	0.0359634	0.00992633	0.0286375	0.0177885	0.0191175	0.0325636	0.22019	0.0552965	0.0320989	0.0364692	0.122646	0.028358	0.128353	0.0260622	0.0236452	0.00255061	0.00517661
80	0.0542455	0.00437235	0.0202409	0.0130651	0.00144782	0.752894	0.00294274	0.00367585	0.025385	0.00544235	0.0042044	0.0206499	0.00765195	0.00810598	0.0194072	0.0279505	0.0105663	0.0121801	0.00370792	0.00186367
81	0.0254708	0.00756795	0.0256656	0.0316859	0.00849549	0.0267296	0.0248126	0.0134817	0.155336	0.0155572	0.0160526	0.133466	0.00967508	0.0423465	0.311536	0.068691	0.0489644	0.0214977	0.00202876	0.0109385
82	0.0719429	0.0276227	0.00244468	0.00462542	0.0013044	0.0184344	0.00305016	0.194548	0.00736819	0.0194805	0.0321641	0.0111798	0.00150607	0.00570549	0.0055601	0.0498638	0.14565	0.395746	0.000786208	0.0010179
83	0.00307402	0.000915372	0.0086303	0.00245351	0.726744	0.0145631	0.00725462	0.00192263	0.00324513	0.0660877	0.0104158	0.00267473	0.0013147	0.0089375	0.00290417	0.00754379	0.0022453	0.011505	0.000467649	0.117101
84	0.0646922	0.00457739	0.296498	0.103561	0.00383581	0.0162018	0.0170784	0.0042143	0.0462898	0.00670288	0.00885981	0.204517	0.00918755	0.0382216	0.01992	0.105849	0.0337024	0.00846804	0.000972441	0.00664962
85	0.183253	0.00626711	0.0143327	0.00666676	0.00133969	0.600008	0.004675	0.00169941	0.0170918	0.00701109	0.00425343	0.0129323	0.0231636	0.00644837	0.0124315	0.0702096	0.00824209	0.00811157	0.0105398	0.00132371
86	0.11865	0.0320834	0.017312	0.0250458	0.00854694	0.0281545	0.0190679	0.0265082	0.0335088	0.0385832	0.0969444	0.0748655	0.0199045	0.0599314	0.0350641	0.270499	0.0569227	0.029551	0.00227824	0.00657873
87	0.224806	0.00795788	0.0108299	0.00525713	0.000960844	0.547038	0.00393538	0.00206361	0.0159266	0.0183878	0.00459891	0.0109408	0.0249103	0.00801142	0.00950159	0.0719358	0.00895655	0.00989264	0.011856	0.00223254
88	0.0325078	0.00372185	0.00688738	0.0660619	0.00974644	0.00619576	0.00350713	0.111798	0.155718	0.0541032	0.0148445	0.0673219	0.00310922	0.0899472	0.167319	0.0370939	0.0831743	0.0768618	0.000810373	0.00927103
89	0.0776431	0.0193991	0.0016631	0.00738612	0.00126256	0.00182329	0.00189152	0.0187787	0.00459617	0.0178717	0.00130788	0.00412331	0.770622	0.00616822	0.00198568	0.0253654	0.00227719	0.0346897	0.000431384	0.00071402
90	0.00240718	0.00111377	0.00262136	0.00117172	0.00820495	0.0010544	0.000587945	0.747625	0.00101751	0.0448859	0.00676792	0.00082389	0.00109639	0.0021733	0.00192753	0.00643248	0.00672787	0.1626	0.000527454	0.000232608
91	0.0228146	0.00163996	0.557572	0.145068	0.0043288	0.0289003	0.0141743	0.00371443	0.0273462	0.00764208	0.00260627	0.0553366	0.00495683	0.0286527	0.0153512	0.047743	0.0183017	0.00814654	0.000488531	0.00521557
92	0.0161921	0.00137705	0.0181026	0.0200664	0.00157742	0.0863777	0.0106362	0.00477569	0.435468	0.00392746	0.00335981	0.135547	0.00329583	0.00973972	0.153784	0.0654755	0.00809752	0.0199555	0.000735194	0.00150899
93	0.149251	0.012414	0.0155157	0.0112027	0.00249961	0.507091	0.00985591	0.0060664	0.0218194	0.00845431	0.00938838	0.0257224	0.0112561	0.0137316	0.0179835	0.0946903	0.054035	0.0208743	0.00529836	0.0028502
94	0.0955308	0.0158866	0.00668117	0.0242321	0.00201584	0.0095625	0.00574449	0.0182927	0.00846079	0.0319423	0.00496103	0.0106367	0.663084	0.0171811	0.00451422	0.037796	0.00777116	0.0322343	0.000918927	0.00255334
95	0.135662	0.00302452	0.00780654	0.00758364	0.00260021	0.0242562	0.00530203	0.0249739	0.0780451	0.00466203	0.0222682	0.0970914	0.265446	0.0254986	0.0614486	0.0791575	0.109291	0.0421179	0.00117892	0.00258612
96	0.0148997	0.0106691	0.00136693	0.00111479	0.00640118	0.005344	0.000755238	0.286334	0.00131656	0.0368594	0.00297409	0.00115742	0.000765406	0.00523412	0.00186837	0.00872421	0.00223224	0.61121	0.000384946	0.000388277
97	0.00184342	0.00878398	0.000833603	0.00713107	0.0170468	0.00081215	0.00066404	0.0253847	0.00137763	0.786028	0.102378	0.000893524	0.00152745	0.0016332	0.00196492	0.00346764	0.0114235	0.0258744	0.000445952	0.000486296
98	0.400059	0.011945	0.00411474	0.00778656	0.00262624	0.00445846	0.00388041	0.0130401	0.00598722	0.0133665	0.00355171	0.00654205	0.444246	0.0080522	0.00550599	0.0191227	0.00690685	0.0364011	0.0011382	0.00126907
99	0.0212376	0.0013616	0.133068	0.552735	0.00218608	0.0147795	0.01152	0.0108532	0.0348357	0.0177104	0.00295105	0.0204414	0.00555217	0.0511134	0.0539724	0.0353707	0.0173052	0.00841909	0.000743442	0.00384487
100	0.0575945	0.00109701	0.252837	0.299137	0.00932162	0.0134613	0.0217099	0.00267287	0.0865777	0.00916037	0.0017607	0.0343436	0.00180394	0.0974137	0.0218567	0.0559168	0.0206197	0.00890357	0.000856241	0.00295558
101	0.00628523	0.000545913	0.00533141	0.00146807	0.248752	0.00137468	0.00155319	0.00844587	0.00230236	0.0142232	0.00539982	0.00475719	0.00507361	0.00158441	0.00110577	0.00715739	0.00159617	0.00125622	0.0170105	0.664777
102	0.0904778	0.00440982	0.00858545	0.0130605	0.103456	0.0152448	0.0100151	0.023314	0.0335734	0.246089	0.0946271	0.0169469	0.00549464	0.0834504	0.133333	0.0225577	0.0162982	0.0569394	0.00239645	0.0197304
103	0.0201573	0.0047335	0.548257	0.0307015	0.00714885	0.0125224	0.0111625	0.00980035	0.0173857	0.0388318	0.00755966	0.0453503	0.00954843	0.0190699	0.0132639	0.131001	0.0268545	0.0411892	0.00125268	0.00421031
104	0.0192436	0.00465765	0.00652007	0.00926673	0.0569583	0.00780451	0.00485309	0.492755	0.0105944	0.119688	0.0279637	0.00975091	0.0627301	0.010934	0.0107364	0.0206198	0.0176033	0.0852612	0.00439464	0.0176653
105	0.0418435	0.00434263	0.00684689	0.156398	0.00318241	0.00585127	0.00513682	0.0300027	0.00997801	0.00635758	0.115524	0.291164	0.0295062	0.162193	0.0100839	0.0767119	0.0340105	0.00654966	0.00142959	0.00288831
106	0.0511607	0.00338299	0.0298778	0.0177282	0.0020465	0.750331	0.00277706	0.00637807	0.023516	0.00792961	0.00455349	0.0206111	0.00458618	0.00790431	0.0187129	0.0249402	0.00827552	0.0103128	0.0030866	0.00188897
107	0.146923	0.051536	0.00687762	0.0219663	0.00293753	0.0113072	0.00646459	0.0303522	0.0138319	0.00715794	0.0984305	0.0583384	0.0108013	0.26333	0.0122236	0.221871	0.0211541	0.0103761	0.00116152	0.00295928
108	0.102148	0.0178916	0.00369044	0.00821423	0.00136874	0.0112515	0.00464505	0.0175991	0.00736297	0.0176228	0.00247139	0.00777207	0.697575	0.0091924	0.00472097	0.0397425	0.00646981	0.0373555	0.00117991	0.00172571
109	0.00661685	0.00179796	0.00271692	0.00627469	0.0192525	0.00150523	0.00321564	0.487443	0.009979	0.262612	0.041327	0.00388812	0.00403292	0.00775461	0.00830958	0.0110989	0.0300001	0.0885197	0.00267207	0.000983888
110	0.0536257	0.0121812	0.0710577	0.0501056	0.0103689	0.0324359	0.0176533	0.0143931	0.0670601	0.0156185	0.0313453	0.286929	0.0112185	0.042138	0.0428446	0.13407	0.0770898	0.0176183	0.00197001	0.0102773
111	0.0786839	0.0246142	0.00315815	0.00856413	0.00168714	0.00531098	0.00302909	0.0185197	0.00714223	0.0202127	0.0026774	0.00618128	0.731227	0.00892321	0.00494744	0.0291947	0.00823936	0.0355905	0.000674877	0.00142159
112	0.09613	0.00270355	0.00508437	0.0707231	0.146891	0.00464415	0.0945482	0.00443718	0.00743364	0.00465167	0.00379472	0.00676453	0.00317154	0.122291	0.0488111	0.0836015	0.02633	0.0256833	0.0264554	0.21585
113	0.168599	0.0818411	0.00971081	0.0156902	0.0110003	0.0315839	0.0200852	0.0139911	0.0147753	0.00251336	0.0233072	0.0611665	0.0072339	0.0263459	0.0482537	0.327786	0.078859	0.0557667	0.000387742	0.00110294
114	0.0456711	0.0105509	0.0152365	0.0308773	0.0194895	0.0134024	0.0374403	0.0655421	0.0751625	0.252366	0.0638402	0.024832	0.00799501	0.0429647	0.176811	0.0341557	0.0298257	0.0323607	0.00825638	0.01322
115	0.0111176	0.00228441	0.0221874	0.0588253	0.00182499	0.00443275	0.0100516	0.295113	0.0127645	0.0368129	0.0697531	0.0159235	0.00254921	0.041079	0.00517037	0.022457	0.197326	0.187123	0.00109657	0.00210795
116	0.0124929	0.00331687	0.0109804	0.0059311	0.25502	0.00528838	0.01668	0.00914984	0.00888062	0.0238682	0.0109215	0.0134771	0.00536702	0.00935055	0.00575711	0.0144761	0.00545248	0.00628089	0.0136636	0.563646
117	0.0844368	0.0182473	0.00407704	0.0100373	0.00155656	0.0127914	0.00594623	0.0189547	0.00775785	0.0200724	0.00389843	0.0080585	0.705532	0.0105918	0.00350755	0.040698	0.00883346	0.0327608	0.00106633	0.0011755
118	0.0298784	0.00449858	0.0562393	0.151605	0.00349607	0.0109861	0.0117985	0.00518867	0.296598	0.0136586	0.0119435	0.0170095	0.0071436	0.204074	0.0866146	0.0424713	0.0250999	0.0176505	0.00135921	0.00268653
119	0.0973051	0.010187	0.0874037	0.161084	0.0040431	0.0246754	0.0167338	0.0128796	0.0449629	0.010237	0.0335712	0.225745	0.0148268	0.0637065	0.0272162	0.098145	0.0438086	0.0142073	0.00220211	0.00705986
120	0.101996	0.0836558	0.010685	0.0174593	0.015544	0.0194583	0.0136833	0.0372866	0.0298717	0.11933	0.16387	0.0487954	0.00930517	0.0565209	0.0311573	0.127776	0.0489628	0.0539314	0.00271213	0.00799949
121	0.017373	0.00265818	0.00312486	0.00469581	0.0375053	0.00254179	0.00319807	0.528401	0.00687916	0.192384	0.0382228	0.00365667	0.00964239	0.00586338	0.00920799	0.0126944	0.0145404	0.0991	0.00406552	0.00424534
122	0.126437	0.0280469	0.0131066	0.0599794	0.00292199	0.0153889	0.00910407	0.0219126	0.0264661	0.0152214	0.0762113	0.0560496	0.0190541	0.25598	0.0194314	0.205084	0.0301154	0.0147632	0.00148488	0.00324145
123	0.0410906	0.0119723	0.0377991	0.0525571	0.00490718	0.0230694	0.0216544	0.019772	0.15909	0.0168894	0.0144121	0.0791038	0.0219516	0.0569334	0.114037	0.113866	0.176291	0.028881	0.00151995	0.00420354
124	0.0171379	0.00259427	0.0229598	0.0114056	0.00191945	0.785614	0.00277399	0.0020042	0.0450947	0.00384459	0.00494161	0.025076	0.00418384	0.00809388	0.0277963	0.0135471	0.00987348	0.00784382	0.00209573	0.00119937
125	0.00200601	0.000636817	0.00187546	0.000497771	0.00998262	0.000621245	0.000419011	0.785901	0.00103344	0.0476982	0.00498481	0.000560624	0.00118534	0.0010896	0.00177145	0.00626054	0.00379703	0.128607	0.000891864	0.000179735
126	0.124849	0.0188732	0.0423802	0.0315993	0.00716191	0.0399058	0.0161599	0.0265631	0.0288695	0.023317	0.0182781	0.0502642	0.0229683	0.0272488	0.0290292	0.351169	0.101537	0.0285887	0.00217554	0.00906277
127	0.223529	0.0272139	0.006499	0.0101096	0.00890198	0.00824312	0.00575822	0.0135619	0.00768841	0.0057015	0.00608429	0.0120049	0.0247173	0.0159475	0.0087141	0.163364	0.421033	0.0267615	0.000904761	0.00326219
128	0.00533025	0.00318804	0.00212272	0.00224225	0.00913639	0.00190536	0.00102744	0.698843	0.0020294	0.0537669	0.00811618	0.0015037	0.00130818	0.00273992	0.00250738	0.00810217	0.0113369	0.183761	0.000728253	0.000303803
129	0.0215604	0.00250206	0.568947	0.14897	0.0052247	0.0245064	0.0145844	0.00456781	0.0247768	0.00674689	0.00319865	0.050946	0.00567511	0.0263181	0.0142693	0.0467982	0.0177801	0.00807101	0.000630724	0.00392683
130	0.0873324	0.0540964	0.00227017	0.00274825	0.00168242	0.0390784	0.002663	0.118653	0.00786636	0.0146885	0.0201747	0.00471914	0.00170825	0.00379144	0.00748475	0.0389316	0.135437	0.45487	0.000831755	0.000971587
131	0.009186	0.00481808	0.00151282	0.00531144	0.0248419	0.00149617	0.00331845	0.155702	0.00570004	0.528934	0.135397	0.00238558	0.00723653	0.00886768	0.0102802	0.0128126	0.016617	0.0608282	0.00371634	0.00103783
132	0.0337785	0.00823561	0.0435171	0.0355673	0.00144672	0.0141991	0.0173339	0.00479675	0.0463347	0.00592178	0.0319323	0.368851	0.0032789	0.0287068	0.0292695	0.177571	0.136689	0.0102084	0.000768763	0.00159306
133	0.124044	0.0165028	0.0459362	0.0411347	0.00703735	0.0394249	0.0193875	0.0207214	0.0323304	0.0116161	0.0225488	0.0598653	0.034419	0.0337651	0.0282973	0.327217	0.0975163	0.0246788	0.00356053	0.00999642
134	0.00177825	0.000820059	0.00184781	0.00049059	0.00868939	0.00079666	0.000410944	0.775764	0.000821081	0.0445501	0.00480573	0.000534412	0.00101777	0.0012205	0.00183955	0.00599544	0.00331519	0.144543	0.000578131	0.00018112
135	0.264933	0.0819714	0.00867163	0.0120382	0.00652776	0.0441483	0.0136037	0.0170883	0.0139878	0.00717934	0.0196096	0.0410062	0.0103133	0.0203511	0.0302761	0.238234	0.0693675	0.0961153	0.00248277	0.00209508
136	0.0218392	0.00838638	0.0126431	0.0318759	0.00313604	0.0115984	0.0167712	0.0147451	0.152637	0.0143602	0.0145814	0.0564246	0.00894401	0.0999658	0.345462	0.0720092	0.0917417	0.0175255	0.00198252	0.00337114
137	0.0197551	0.0017548	0.0241395	0.0114591	0.00171279	0.790841	0.00377461	0.00177717	0.0380637	0.00342378	0.00416268	0.0242164	0.00365156	0.00785802	0.0257183	0.0174643	0.00852419	0.00757734	0.00222373	0.0019018
138	0.0980361	0.0948859	0.0204985	0.039913	0.011794	0.0269649	0.0173683	0.0261764	0.0512303	0.0276654	0.0487441	0.0496776	0.0273642	0.194551	0.0474828	0.123498	0.0471765	0.0336699	0.00357157	0.00973061
139	0.0287944	0.0061325	0.0349115	0.0403557	0.00824755	0.0385501	0.0228836	0.0094786	0.283419	0.0113636	0.0135303	0.170597	0.010605	0.0412511	0.125277	0.0731671	0.0470336	0.0184088	0.00204472	0.0139484
140	0.0574302	0.0606974	0.00980846	0.0126953	0.0100208	0.0164641	0.00843202	0.281542	0.0189524	0.0492102	0.027634	0.0149757	0.0235357	0.018663	0.021912	0.052627	0.0557837	0.252763	0.00205425	0.00479898
141	0.0694228	0.0166339	0.00290608	0.00966805	0.0104736	0.00400004	0.00380283	0.0388169	0.00899542	0.07941	0.0132617	0.00661438	0.634471	0.00934892	0.00608201	0.0260304	0.00684191	0.049301	0.00120308	0.00271584
142	0.00345456	0.000987853	0.00219073	0.00267507	0.0122866	0.00112602	0.00365107	0.651772	0.0160539	0.169207	0.00745482	0.00154293	0.00193936	0.00608368	0.00804261	0.00700639	0.00593733	0.096579	0.00157868	0.000430603
143	0.00915311	0.00426003	0.00490637	0.00521978	0.341887	0.00975208	0.00486457	0.0494641	0.00610065	0.387319	0.0527683	0.00329455	0.00277245	0.0100617	0.0103247	0.00795142	0.00799907	0.0277019	0.00172458	0.0524739
144	0.0694933	0.0146753	0.019645	0.0185292	0.00846886	0.016089	0.0107018	0.0971272	0.0181148	0.0218836	0.0200752	0.0322518	0.0127372	0.020148	0.0190462	0.306045	0.21469	0.0737963	0.00128438	0.00519823
145	0.447712	0.0130382	0.00819641	0.00227777	0.00087809	0.297786	0.00222396	0.00151741	0.00839988	0.00834369	0.00193358	0.00307764	0.0348171	0.00362901	0.00267052	0.124987	0.0064901	0.00939833	0.0218367	0.000786729
146	0.38811	0.0162426	0.00347353	0.0045398	0.0012064	0.0219092	0.00921477	0.00527353	0.0159923	0.00302729	0.0115755	0.071883	0.00343278	0.0106792	0.00359299	0.37351	0.0474508	0.00446827	0.000715076	0.00370219
147	0.230055	0.00992305	0.0142274	0.00705486	0.00234619	0.498307	0.0040591	0.00453768	0.0164266	0.0093128	0.00613522	0.0117934	0.0286187	0.00792303	0.0102479	0.0857542	0.00981897	0.0111854	0.0301567	0.00211627
148	0.062091	0.011255	0.00627159	0.0138364	0.0157836	0.0203371	0.0109179	0.0563488	0.0147949	0.292735	0.0462096	0.0102873	0.305034	0.0217153	0.0146059	0.0392949	0.0157328	0.0363026	0.0023505	0.00409662
149	0.0801491	0.0248816	0.00471765	0.00860285	0.00185637	0.00579405	0.00455584	0.0187211	0.00610878	0.0172214	0.0034476	0.00720869	0.712748	0.0100303	0.00411253	0.0463738	0.00663124	0.03454	0.000502363	0.00179658
150	0.0313856	0.00371237	0.0406545	0.0270704	0.0344524	0.0116917	0.379429	0.00581782	0.0137283	0.00728299	0.00620364	0.0648944	0.00832847	0.0515985	0.0135012	0.0949352	0.0178278	0.0119823	0.00360143	0.171902
151	0.0370917	0.00903359	0.204185	0.0422751	0.0125468	0.0242033	0.0171499	0.0155772	0.0462782	0.0678756	0.0196186	0.24732	0.014105	0.0364335	0.0353612	0.0833602	0.0478909	0.0175788	0.00371753	0.0183977
152	0.0212436	0.00128398	0.212258	0.479388	0.00216956	0.0252368	0.0126145	0.00622291	0.0243534	0.0110112	0.00361116	0.020699	0.0185622	0.058943	0.0193746	0.0349027	0.0184678	0.0251951	0.000617231	0.00384544
153	0.00609603	0.00387292	0.00190739	0.00114074	0.00762721	0.0021024	0.000544863	0.671672	0.00152591	0.0444222	0.00602349	0.00114129	0.00107103	0.00267657	0.00385025	0.00750219	0.00605569	0.23007	0.000379264	0.000318592
154	0.448673	0.0161288	0.00882613	0.00695579	0.00255832	0.200327	0.00643591	0.00952468	0.0133973	0.0323051	0.00798954	0.0116977	0.0238463	0.0151952	0.00697165	0.109125	0.0164181	0.0483272	0.0121968	0.00310049
155	0.202677	0.0293209	0.0231682	0.0323891	0.00953423	0.0248516	0.0169249	0.0270093	0.0517125	0.0258332	0.0199857	0.0481726	0.0251129	0.0393749	0.103978	0.141683	0.120101	0.0495378	0.00257201	0.00606086
156	0.0790533	0.0187173	0.04738	0.0821257	0.00929179	0.0291177	0.0263491	0.0185589	0.0437239	0.0211453	0.0377093	0.0649177	0.0240708	0.18362	0.0400035	0.179051	0.0602746	0.0204161	0.00292086	0.011553
157	0.0327938	0.0065923	0.0134299	0.0430762	0.00928753	0.0109956	0.0123389	0.299788	0.0356191	0.0870133	0.050301	0.028506	0.0131335	0.0932659	0.0416598	0.0485212	0.070573	0.0933215	0.00211037	0.00767354
158	0.106815	0.107461	0.00408052	0.00421417	0.00312475	0.021718	0.00330583	0.105179	0.00803491	0.0162254	0.0124246	0.00521699	0.00264239	0.00816163	0.0132033	0.047889	0.0784442	0.449091	0.00123276	0.00153588
159	0.041579	0.00815005	0.168332	0.107666	0.00853374	0.0385037	0.0250345	0.0135747	0.108926	0.0215735	0.0121454	0.0677279	0.0146682	0.0433268	0.171911	0.0775514	0.0376645	0.0219288	0.00267997	0.0085228
160	0.029297	0.00841018	0.037698	0.038317	0.0448138	0.0306503	0.0430125	0.0172545	0.161228	0.0296489	0.0115146	0.145221	0.00649638	0.10964	0.0884494	0.0369271	0.0259843	0.0228136	0.00192371	0.110699
161	0.527277	0.015281	0.00683569	0.00254909	0.000937794	0.245185	0.00186878	0.00163787	0.00780106	0.0098505	0.00203428	0.00452569	0.022553	0.00424327	0.00288559	0.105246	0.00592096	0.0143295	0.0177279	0.00131036
162	0.0903228	0.0608832	0.0195578	0.0583683	0.00714806	0.116118	0.0178371	0.0130647	0.0225935	0.00753817	0.0186256	0.0437788	0.00967224	0.0266733	0.0618485	0.336961	0.0528027	0.0301954	0.00132289	0.00468797
163	0.00963732	0.0059451	0.00212397	0.00611001	0.016649	0.00263819	0.00211096	0.303131	0.0057216	0.346315	0.0530969	0.00325688	0.00439819	0.00573425	0.0069421	0.0105634	0.0206805	0.191837	0.00221388	0.00089421
164	0.0586572	0.039911	0.00229855	0.00250395	0.00458627	0.016638	0.00185892	0.160138	0.00612852	0.0538604	0.0193955	0.00244742	0.00480607	0.00732428	0.00751639	0.0250363	0.0433013	0.54114	0.000921174	0.00153143
165	0.00814196	0.00067853	0.749336	0.0558163	0.00551906	0.0124871	0.00873143	0.00140855	0.0154529	0.00402613	0.00107504	0.0562641	0.00389661	0.0179407	0.00846495	0.0334875	0.0110181	0.00489638	0.000308825	0.00105016
166	0.101097	0.00387894	0.152022	0.084371	0.00108007	0.0762487	0.0877841	0.00856768	0.03634	0.00272753	0.00240235	0.0372585	0.0366669	0.0273864	0.0218207	0.202581	0.0529983	0.0357969	0.000537879	0.0284338
167	0.0296051	0.00406402	0.0502443	0.0880027	0.00201233	0.0827254	0.18298	0.00538733	0.0497775	0.0054365	0.00504243	0.031347	0.00984446	0.0325268	0.0114576	0.274637	0.0548496	0.0711271	0.00123437	0.00769906
168	0.0389316	0.000537148	0.257109	0.368041	0.00124862	0.0430656	0.0227011	0.00388111	0.0318508	0.000927671	0.00069463	0.0346694	0.001342	0.0744619	0.00957076	0.0676261	0.0322214	0.00375312	0.000262201	0.00710427
169	0.00573505	0.00077167	0.525927	0.36429	0.00109172	0.0228232	0.00860962	0.00125386	0.00363952	0.00147276	0.0012357	0.0213398	0.0021719	0.00716846	0.00249746	0.0152668	0.00294777	0.00960798	0.00037759	0.00177272
170	0.0309067	0.00521166	0.133949	0.0719592	0.00177019	0.0167167	0.0174655	0.00333775	0.056656	0.006228	0.0179749	0.348644	0.00412054	0.0442014	0.0244688	0.12839	0.075577	0.00817745	0.000552808	0.00369185
171	0.0105978	0.0022944	0.0102713	0.00839268	0.610646	0.0144706	0.0107319	0.010012	0.0069047	0.0566088	0.0117762	0.00815014	0.0078353	0.0149313	0.00624317	0.0169775	0.00790841	0.0130477	0.00309235	0.169108
172	0.252387	0.091322	0.00799777	0.0131876	0.00537099	0.02443	0.0120362	0.0142524	0.0207533	0.00728532	0.0688055	0.0635725	0.0089944	0.0444586	0.022825	0.258786	0.0494774	0.0289218	0.00157011	0.00356581
173	0.00460243	0.00266439	0.0018877	0.000939678	0.0087209	0.00156658	0.000646904	0.728856	0.00118467	0.0426688	0.00570196	0.00107763	0.00103638	0.0019731	0.00178259	0.00838629	0.00755361	0.177928	0.000611876	0.000210276
174	0.0364069	0.0291731	0.00157302	0.00176295	0.00440795	0.0104394	0.00143051	0.208019	0.00315325	0.030939	0.00751996	0.00221521	0.00571979	0.00467901	0.00379269	0.0176672	0.0265553	0.603489	0.000494048	0.000562139
175	0.00614463	0.00241499	0.0126642	0.00463755	0.581781	0.0142674	0.00643911	0.0202579	0.00573395	0.155787	0.0245166	0.0056849	0.00307431	0.00991437	0.0071726	0.00933308	0.00652766	0.0172654	0.00122612	0.105157
176	0.445129	0.0132997	0.00848434	0.00227139	0.000938879	0.306367	0.00166988	0.00143174	0.00792111	0.00834298	0.00173913	0.00251358	0.0343034	0.00303806	0.00250539	0.121538	0.00538445	0.00941002	0.0229227	0.000789305
177	0.463662	0.0200766	0.00828501	0.00304547	0.00133664	0.2806	0.00196905	0.00270938	0.00872784	0.0091767	0.00313208	0.00590325	0.0283462	0.00562453	0.00342961	0.110771	0.00661844	0.0107208	0.0246587	0.00120658
178	0.0382009	0.0127526	0.0164372	0.0377782	0.00997273	0.0166357	0.0267998	0.113087	0.0650667	0.048483	0.136756	0.104067	0.0179123	0.0533098	0.132335	0.0610715	0.0538552	0.0405443	0.00490424	0.0100311
179	0.0386601	0.00818369	0.0183451	0.014858	0.0130136	0.607038	0.00922115	0.0118306	0.0298235	0.0235591	0.0485013	0.0295055	0.00861386	0.0196423	0.0245777	0.0400371	0.0238576	0.0231571	0.002864	0.00471075
180	0.0299067	0.0160601	0.00249505	0.00269814	0.00699172	0.00786758	0.00147747	0.243185	0.00433111	0.0553649	0.0115802	0.00296118	0.00185274	0.00631627	0.0043933	0.015712	0.0230113	0.562034	0.000945069	0.000815568
181	0.0393703	0.00865515	0.0400843	0.0400691	0.00184578	0.0160164	0.0163572	0.00906737	0.0419651	0.00735968	0.0433547	0.356214	0.00815483	0.0364747	0.0302438	0.16812	0.119822	0.0139054	0.000632412	0.00228832
182	0.0272211	0.00795635	0.00740425	0.00982692	0.0102764	0.00852276	0.0384965	0.0201703	0.0212935	0.215347	0.314191	0.00890488	0.0056217	0.141606	0.0241793	0.0282949	0.017822	0.0842483	0.00318065	0.00543678
183	0.0344944	0.00434467	0.145194	0.418207	0.00572813	0.0348579	0.0150812	0.0134601	0.0459708	0.0256028	0.00784724	0.0325126	0.00963921	0.0614865	0.0360672	0.0574477	0.025055	0.0173894	0.00167586	0.00793797
184	0.120004	0.0150034	0.00603775	0.0127879	0.00918506	0.00828087	0.0042855	0.0163496	0.0078721	0.00854898	0.00734993	0.0105475	0.0149084	0.0315611	0.00963703	0.103075	0.563795	0.046104	0.0011995	0.0034678
185	0.387638	0.0159619	0.00987127	0.00779159	0.00234639	0.0498358	0.00942237	0.00718825	0.0162547	0.00471597	0.0123467	0.039585	0.0135166	0.0134618	0.0100728	0.335513	0.0465471	0.011694	0.0031088	0.00312807
186	0.00978204	0.00576076	0.0156735	0.0195948	0.00127537	0.0074326	0.024327	0.00377972	0.0878876	0.00408746	0.0198003	0.121789	0.00275236	0.0528526	0.431795	0.0978657	0.0831389	0.00873298	0.000511032	0.00116187
187	0.0026935	0.000790565	0.00860894	0.00209556	0.727435	0.0122367	0.00710908	0.00200022	0.00245598	0.0541398	0.00777211	0.00220442	0.00130645	0.00812554	0.00196431	0.00750347	0.0020569	0.0109558	0.00118638	0.137359
188	0.0118909	0.00353397	0.0140819	0.00939272	0.594802	0.0506662	0.00912277	0.00549764	0.0183884	0.0660625	0.0141909	0.0149927	0.00387102	0.0167609	0.0164636	0.0149302	0.00676483	0.0154546	0.00133142	0.111801
189	0.0193614	0.0037407	0.00502747	0.0180646	0.000934703	0.00538225	0.00229432	0.00719805	0.387341	0.00467208	0.0104146	0.0164226	0.0133236	0.0631758	0.378806	0.0183922	0.0311518	0.0130499	0.000380844	0.000866098
190	0.0157662	0.00818697	0.00485758	0.0260574	0.00249893	0.0255669	0.0290507	0.00763636	0.109011	0.00478118	0.0164685	0.0874506	0.00576011	0.203427	0.189326	0.135358	0.116761	0.00926579	0.000793831	0.00197588
191	0.0322283	0.000901813	0.423378	0.222297	0.00329074	0.0250207	0.0186521	0.00308003	0.0390553	0.00409135	0.00190746	0.0448188	0.00322034	0.0637495	0.0147776	0.0662052	0.0226381	0.00573326	0.00039592	0.0045592
