339	20
1	0.144999	0.0333565	0.00274415	0.00359366	0.0212824	0.0335159	0.00214172	0.0978522	0.0272863	0.0476114	0.0403019	0.00449121	0.00289343	0.012853	0.0176591	0.10965	0.279156	0.100678	0.00235011	0.0155847
2	0.0348899	0.00323131	0.0407928	0.09218	0.00119476	0.014084	0.0340057	0.00752477	0.290919	0.0138484	0.0086659	0.0467027	0.00975687	0.0802423	0.212191	0.0559097	0.0413316	0.00577397	0.00181956	0.00493577
3	0.0697326	0.0018626	0.0447689	0.0689566	0.00196235	0.0114596	0.0267751	0.0757382	0.0884699	0.120636	0.0970807	0.0804979	0.00495587	0.10063	0.0523305	0.0430105	0.034722	0.0721495	0.000497227	0.00376446
4	0.0136806	0.0167854	0.00283171	0.00280061	0.0206674	0.00345213	0.00404199	0.146456	0.00294454	0.585599	0.120797	0.0023642	0.000558566	0.00266857	0.00439877	0.00231643	0.0134467	0.0447076	0.00157579	0.00790777
5	0.0299425	0.00225593	0.216899	0.387058	0.0030962	0.0266217	0.00591456	0.0024766	0.0704748	0.015123	0.0120702	0.0375097	0.00426215	0.06227	0.0465484	0.0359095	0.0208156	0.0162062	0.000115975	0.00443012
6	0.0766954	0.00956556	0.0758385	0.0992394	0.000882887	0.00767588	0.0395538	0.00657809	0.121787	0.0251427	0.016033	0.123853	0.00616255	0.0812633	0.105514	0.113992	0.0765759	0.00897407	0.00240859	0.00226441
7	0.029784	0.00226985	0.217556	0.383905	0.00310556	0.0268281	0.00559792	0.00248753	0.0706428	0.0152482	0.0121075	0.0377313	0.0044883	0.0627185	0.0471128	0.0362938	0.020996	0.0163386	0.000115437	0.00467275
8	0.0335271	0.0159315	0.00161557	0.0137298	0.0200113	0.00157619	0.00626249	0.259796	0.0183266	0.137874	0.0465838	0.0135959	0.000867519	0.00428855	0.0147534	0.0219055	0.0554874	0.307765	0.00552034	0.0205817
9	0.0391793	0.00307171	0.0229568	0.0364489	0.0118989	0.0352006	0.0389708	0.0134665	0.192056	0.0341713	0.0197054	0.0284786	0.004209	0.0845025	0.360699	0.0392362	0.0143708	0.00987147	0.0024163	0.00909053
10	0.0396146	0.0037619	0.00678992	0.0997726	0.0234774	0.0151478	0.0208814	0.192245	0.0178244	0.1051	0.0575143	0.0148155	0.00171546	0.0630853	0.0103076	0.0155478	0.0491662	0.240066	0.000980664	0.0221852
11	0.0094548	0.0158562	0.00650076	0.00316248	0.048369	0.0097535	0.00894216	0.101968	0.00675633	0.555533	0.174386	0.00249627	0.000883142	0.00634343	0.00906057	0.00298383	0.0077866	0.0217799	0.00212511	0.00585875
12	0.0244722	0.00315055	0.0358137	0.124762	0.00172278	0.0128138	0.0252807	0.00694109	0.270959	0.0109273	0.00742242	0.0285307	0.00617303	0.0708719	0.281947	0.0397539	0.0381576	0.00517055	0.00131014	0.00382004
13	0.0600765	0.00725113	0.0911528	0.130192	0.00075372	0.0107785	0.0419912	0.01393	0.107582	0.0395197	0.0233119	0.109107	0.0049188	0.100472	0.0853754	0.0974012	0.0531965	0.0188511	0.00149174	0.00264558
14	0.0300033	0.002326	0.216939	0.383456	0.00317798	0.026982	0.00577079	0.00253157	0.0711222	0.0152937	0.0122363	0.0374737	0.00423848	0.0627528	0.0471647	0.0367282	0.0212619	0.0160245	0.000115282	0.00440242
15	0.0503921	0.0178926	0.00514994	0.0452534	0.0396963	0.00281865	0.0427545	0.115205	0.0209061	0.255734	0.0604154	0.0478718	0.00547773	0.0215608	0.00665798	0.0500994	0.044434	0.139363	0.000697137	0.0276201
16	0.0898745	0.0016566	0.0366636	0.0781076	0.000917402	0.00538028	0.0236985	0.0535186	0.0963861	0.118386	0.060466	0.0940996	0.006177	0.12309	0.0583191	0.0619673	0.0388766	0.0496957	0.000361129	0.00235898
17	0.092839	0.00691274	0.0709348	0.0946455	0.00102942	0.00876616	0.0320889	0.00830033	0.121933	0.0255856	0.016265	0.125818	0.00712115	0.0678349	0.0984737	0.112442	0.0939326	0.0103004	0.00230464	0.00247269
18	0.0580513	0.0139558	0.00470219	0.0365022	0.0268751	0.00282537	0.0320841	0.123222	0.0229586	0.273391	0.056264	0.0506793	0.00803056	0.0139699	0.00731569	0.0513241	0.0460865	0.14421	0.0011233	0.0264296
19	0.0303678	0.00190159	0.269036	0.310667	0.00234143	0.0424401	0.00451988	0.00735327	0.0672923	0.0116301	0.00749651	0.049392	0.00806446	0.0466412	0.0394216	0.0559559	0.027385	0.0130563	0.000164236	0.00487352
20	0.0380366	0.00168992	0.0281584	0.0512519	0.0020209	0.0203229	0.0221416	0.00442746	0.334309	0.0222876	0.0172408	0.0189396	0.0121712	0.063218	0.238329	0.0635792	0.0326025	0.0104413	0.00576138	0.0130703
21	0.0334412	0.0159923	0.00163657	0.0147228	0.0204805	0.00150222	0.00651735	0.256417	0.018277	0.140955	0.0466141	0.0142189	0.00102503	0.00455029	0.0143064	0.0222574	0.0549836	0.305675	0.00531063	0.0211167
22	0.0291313	0.0031625	0.0335513	0.100583	0.00114061	0.0146336	0.0327674	0.00655522	0.304188	0.0123877	0.00814977	0.035805	0.00762944	0.0862215	0.235504	0.0431533	0.0345921	0.0043073	0.00154868	0.00498731
23	0.0298359	0.00237252	0.21815	0.376487	0.00308299	0.0274051	0.00675489	0.00250583	0.0706677	0.0152936	0.0133583	0.0383163	0.00423381	0.062157	0.0475971	0.0381371	0.0229425	0.0160863	0.000203583	0.00441265
24	0.0452326	0.0092746	0.133595	0.179813	0.00342813	0.0450121	0.0113675	0.0319334	0.0780768	0.0200658	0.0179135	0.0742305	0.0086946	0.0545253	0.0491476	0.103242	0.0941694	0.0358389	0.000570834	0.0038693
25	0.0899323	0.00156812	0.0341772	0.0756047	0.000972225	0.00523454	0.0216796	0.0539124	0.101992	0.118663	0.0604237	0.095775	0.00545997	0.123242	0.0569927	0.0606186	0.039319	0.0516183	0.000502103	0.00231332
26	0.0289421	0.00229236	0.223105	0.346712	0.00297997	0.0291616	0.00612027	0.00439674	0.080121	0.0142672	0.0101414	0.0432304	0.00484434	0.0603874	0.0434063	0.0505314	0.0301623	0.0146235	0.000214004	0.00436079
27	0.0351548	0.0020494	0.0330303	0.0488796	0.00112761	0.0220741	0.0200489	0.00482109	0.365842	0.0183797	0.0118592	0.0168099	0.0182228	0.052023	0.203817	0.0709245	0.0435769	0.0182459	0.00368783	0.00942555
28	0.0107772	0.00220785	0.00161414	0.00604921	0.0539533	0.00171951	0.00524696	0.357627	0.00586843	0.31882	0.0527931	0.00406333	0.00505478	0.00199462	0.00490678	0.0057673	0.00724963	0.151292	0.000570595	0.00242437
29	0.0301784	0.00302662	0.0350762	0.096699	0.00120314	0.0147718	0.0344533	0.00650362	0.302655	0.0137159	0.00884316	0.0370629	0.00842837	0.0874159	0.227092	0.0460383	0.0346398	0.00487679	0.00175502	0.00556522
30	0.0603598	0.00426824	0.033743	0.0581744	0.00782977	0.0096986	0.0264055	0.0953766	0.0621846	0.148967	0.11096	0.0780643	0.00483068	0.074411	0.0341127	0.035724	0.0392347	0.106009	0.000530635	0.00911561
31	0.0219154	0.00349374	0.00891045	0.0130346	0.10668	0.0111692	0.207112	0.012326	0.0373781	0.0503136	0.0922642	0.0940275	0.00606254	0.118624	0.0120385	0.109232	0.0189843	0.0171932	0.00372685	0.0555143
32	0.0640233	0.00259896	0.0337705	0.0690943	0.00133362	0.0119195	0.0238483	0.0053927	0.273518	0.0130086	0.0137998	0.0787368	0.00971878	0.0584125	0.194389	0.0650472	0.0681581	0.00548113	0.00256375	0.00518494
33	0.09594	0.00181492	0.00659402	0.0377147	0.00245116	0.0409077	0.077126	0.0286511	0.0499667	0.0211537	0.0464164	0.0403965	0.00284951	0.175593	0.0920462	0.0737863	0.139488	0.0635606	0.000698943	0.00284482
34	0.0591204	0.004959	0.0172927	0.0108914	0.0347593	0.0139966	0.00688867	0.0634919	0.0151035	0.109313	0.0478812	0.0128715	0.174835	0.0111541	0.0186387	0.15658	0.110504	0.12167	0.00252494	0.00752398
35	0.133957	0.0023838	0.00281866	0.013048	0.00155954	0.0276897	0.00654632	0.00604045	0.0229606	0.013243	0.00232419	0.00549545	0.597605	0.0179634	0.0225602	0.0686301	0.0274742	0.0261103	0.000373359	0.00121696
36	0.0261472	0.000962688	0.00221994	0.0033553	0.267708	0.00222519	0.0360631	0.0113714	0.0115793	0.156645	0.0548966	0.00320122	0.0048904	0.010548	0.0164607	0.0285645	0.00440646	0.0191457	0.0276033	0.312006
37	0.0423254	0.0144121	0.00293309	0.0236913	0.0481422	0.00445422	0.0127223	0.207374	0.019918	0.160437	0.0526356	0.0193062	0.00265748	0.00900363	0.0146416	0.0344025	0.0484747	0.238352	0.00584513	0.0382721
38	0.0347811	0.00945638	0.00104605	0.00605609	0.00633466	0.00113113	0.00212127	0.23375	0.00333353	0.0635028	0.00702543	0.00271322	0.000742961	0.00158492	0.00245786	0.00680667	0.0213527	0.590198	0.00275236	0.00285247
39	0.60441	0.0160551	0.00260556	0.00449142	0.00180074	0.188648	0.00265415	0.00609859	0.00426398	0.00729283	0.0029741	0.00706843	0.00554033	0.00351502	0.00633294	0.113358	0.010262	0.0111379	0.000369934	0.00112069
40	0.0576345	0.01188	0.0626997	0.0750983	0.0297804	0.201719	0.00739853	0.0219763	0.0330525	0.0545694	0.0207632	0.0279801	0.00878034	0.0758934	0.0236237	0.139507	0.112589	0.0262493	0.00196148	0.00684439
41	0.415036	0.00253809	0.00714949	0.0140921	0.00289296	0.118036	0.0145871	0.00342024	0.0195826	0.0207068	0.00383898	0.0556029	0.0119337	0.0112527	0.004439	0.238133	0.0356965	0.0186533	0.000285082	0.00212409
42	0.114778	0.00419118	0.101396	0.013224	0.0321376	0.0742797	0.10115	0.0143394	0.0148047	0.0147146	0.0398136	0.0846034	0.0051871	0.0794697	0.0164376	0.0212364	0.133614	0.128035	0.00188541	0.00470235
43	0.0384698	0.00229977	0.00758739	0.0618972	0.0122516	0.028383	0.0259874	0.201599	0.0139543	0.100589	0.074107	0.0211978	0.00188705	0.0602749	0.0180915	0.00730697	0.0561041	0.254543	0.000959637	0.0125088
44	0.0308102	0.00243188	0.228888	0.237305	0.00180199	0.0521006	0.0122627	0.00708568	0.0717688	0.0187598	0.00875093	0.100215	0.013299	0.0532822	0.0537787	0.0584313	0.0246109	0.0181444	0.000378514	0.00589479
45	0.0221288	0.0271359	0.0933004	0.0896675	0.00657789	0.0454078	0.00689722	0.134941	0.0398674	0.0820157	0.0166615	0.039878	0.0302851	0.0431845	0.0146821	0.0824404	0.0432888	0.175481	0.00153446	0.00462429
46	0.0313938	0.00180447	0.26445	0.252898	0.00196997	0.0398058	0.00823687	0.00647121	0.0703126	0.011732	0.00685338	0.0892133	0.0154568	0.0497366	0.0358111	0.0613033	0.0297278	0.0130563	0.000820817	0.0089453
47	0.548631	0.00124766	0.0112558	0.020588	0.00193135	0.061746	0.00252387	0.00325367	0.0126391	0.0212203	0.00473452	0.0359428	0.0185462	0.0220383	0.00238033	0.192814	0.0220578	0.0153576	0.000265605	0.000826436
48	0.10387	0.00190309	0.00741778	0.0364086	0.002922	0.0434825	0.0774091	0.0335197	0.0464664	0.0227981	0.0413706	0.047563	0.00251383	0.165027	0.0853291	0.0651465	0.152983	0.0609371	0.000636763	0.00229659
49	0.0455787	0.0040676	0.0180594	0.0189722	0.0179812	0.0390404	0.039371	0.0245051	0.165889	0.0402081	0.0196584	0.0255511	0.00448991	0.0895148	0.371205	0.0324283	0.0118453	0.0212263	0.00140515	0.00900264
50	0.0352102	0.00224733	0.0330313	0.0469507	0.00110211	0.0226248	0.0195296	0.00490573	0.36732	0.0179032	0.0117209	0.0156682	0.019681	0.0507861	0.200182	0.0740242	0.0447842	0.0191914	0.00374881	0.00938784
51	0.0732512	0.0232788	0.0712959	0.0597087	0.00837393	0.1116	0.00422457	0.0389269	0.0308218	0.0350606	0.0370081	0.0489791	0.0108736	0.038636	0.0369969	0.16624	0.165504	0.03535	0.000719395	0.00315045
52	0.0226026	0.0257433	0.0182256	0.025685	0.00437583	0.0129145	0.0157267	0.0286118	0.294774	0.0807153	0.0265035	0.0225861	0.0345615	0.099033	0.163788	0.0440906	0.0182628	0.0132304	0.00202616	0.0465435
53	0.0464233	0.0177953	0.00159792	0.00967405	0.0155391	0.0027291	0.00446114	0.243386	0.0162707	0.118481	0.0421839	0.0109986	0.00108592	0.00262681	0.0127017	0.0203947	0.0519168	0.358497	0.00466123	0.0185763
54	0.024101	0.00925379	0.00127569	0.00745409	0.0153682	0.00139661	0.00631985	0.323336	0.00874916	0.119374	0.0258385	0.00617583	0.00143255	0.00270284	0.0070707	0.0113971	0.032318	0.383966	0.0039392	0.00853102
55	0.0332798	0.0162711	0.00149236	0.0100394	0.017536	0.00147919	0.00466819	0.261752	0.0206303	0.133812	0.0466189	0.0120769	0.000990124	0.00190146	0.0163156	0.0226793	0.0547158	0.319156	0.00566536	0.0189207
56	0.0339401	0.00405911	0.0307934	0.0758394	0.00200505	0.0143688	0.0290253	0.00919541	0.29737	0.0244607	0.0123851	0.0426859	0.00845492	0.0883855	0.224035	0.0482227	0.0360711	0.00736719	0.00224827	0.00908762
57	0.108975	0.00578235	0.0165183	0.035327	0.00374399	0.044826	0.0658569	0.0403809	0.0414889	0.0298591	0.0381403	0.0524317	0.00386504	0.129229	0.0739003	0.0831214	0.161954	0.0616071	0.000600838	0.00239126
58	0.053502	0.00513015	0.0110403	0.0134117	0.00805996	0.0980721	0.0296916	0.0129922	0.0375219	0.0368117	0.0182983	0.0851174	0.0394614	0.0098448	0.0115731	0.295735	0.16232	0.0457228	0.00150613	0.0241879
59	0.0560638	0.00402056	0.010326	0.0105053	0.00739421	0.10073	0.00871385	0.00941872	0.0148229	0.0125534	0.0325448	0.121646	0.032401	0.00697355	0.0100687	0.310091	0.208718	0.0348558	0.00102766	0.00712501
60	0.0252655	0.00198436	0.204339	0.165288	0.0022032	0.150351	0.0146019	0.00582929	0.0787259	0.00981161	0.00470622	0.143144	0.00618509	0.018776	0.0731268	0.0631804	0.015262	0.013569	0.000714085	0.00293619
61	0.0720869	0.00484146	0.021477	0.0716642	0.00802613	0.0447272	0.0148491	0.0216204	0.113759	0.0615813	0.0666883	0.0249839	0.055919	0.123348	0.0405652	0.102708	0.0645884	0.0529665	0.0023543	0.031246
62	0.062648	0.00476472	0.0616377	0.132568	0.00344998	0.0144813	0.0234982	0.0249483	0.148656	0.031732	0.0184566	0.0860305	0.00773359	0.080991	0.102275	0.0901917	0.0695591	0.0213304	0.00194855	0.0130984
63	0.0570708	0.00326643	0.183225	0.187692	0.0019863	0.038777	0.0217073	0.00606626	0.05157	0.0114209	0.00825602	0.097277	0.0603303	0.0617288	0.0514934	0.0922139	0.0419845	0.0167411	0.00117051	0.00602244
64	0.0342258	0.0168183	0.00183826	0.0150986	0.0209955	0.00134626	0.00666317	0.253665	0.0191866	0.1399	0.0474905	0.0144191	0.00107179	0.00456843	0.0141535	0.0231404	0.0533847	0.305218	0.00518421	0.0216317
65	0.09112	0.00392662	0.0233553	0.00759214	0.0150451	0.00653443	0.00406366	0.116586	0.00875728	0.0895483	0.0363276	0.00606624	0.132088	0.00563108	0.0245243	0.152034	0.0975015	0.173868	0.00141226	0.00401787
66	0.0609679	0.0231287	0.0702177	0.0558962	0.00473706	0.0795349	0.00893996	0.0298236	0.111272	0.0184558	0.0203653	0.0452113	0.0517533	0.0293341	0.0795136	0.135089	0.12544	0.0445929	0.00124052	0.00448647
67	0.0649126	0.00398478	0.00837843	0.0907558	0.106448	0.0285598	0.00513466	0.090785	0.0804312	0.0819463	0.0233444	0.029668	0.00422108	0.0109074	0.0519532	0.0965366	0.0700891	0.0812111	0.0328039	0.0379281
68	0.0239541	0.00695865	0.00112509	0.00643251	0.0252431	0.00128466	0.0041264	0.320917	0.00794756	0.207015	0.0411528	0.00573107	0.00461593	0.0015509	0.00569355	0.00956169	0.0216696	0.296142	0.00224664	0.00663209
69	0.0249208	0.00173149	0.279421	0.233138	0.00209023	0.0351764	0.00650781	0.00644402	0.0277233	0.00824909	0.00438184	0.0847499	0.0804659	0.047949	0.03789	0.064266	0.0186328	0.0207989	0.000608301	0.0148548
70	0.135903	0.0127276	0.00386263	0.0443175	0.00216696	0.0236885	0.0387508	0.0300859	0.0276518	0.011999	0.00328786	0.00411462	0.404002	0.0132835	0.0608205	0.0769369	0.024036	0.0794729	0.000867038	0.00202514
71	0.0424024	0.00215778	0.331989	0.228519	0.00132448	0.0362768	0.00242092	0.0102217	0.0545872	0.00687883	0.00346421	0.0563166	0.0141808	0.018641	0.0125733	0.111169	0.0509956	0.0111607	0.00044519	0.0042754
72	0.0481013	0.00313152	0.0622744	0.145959	0.00206965	0.0155382	0.0102395	0.00930788	0.194658	0.0447552	0.0180934	0.0591577	0.00278616	0.111605	0.0303049	0.0901364	0.126122	0.0224779	0.00115801	0.00212305
73	0.0100235	0.0169662	0.00557204	0.00286992	0.0432334	0.00848237	0.00859208	0.105904	0.00573286	0.56674	0.165253	0.00230608	0.000818741	0.00561811	0.00789448	0.00268673	0.00876591	0.0244943	0.00200995	0.00603657
74	0.0308706	0.00185077	0.0305507	0.0770151	0.00101029	0.0173293	0.0262199	0.00695044	0.350876	0.0154016	0.0091272	0.0295977	0.0106368	0.0624466	0.216852	0.0563178	0.0404911	0.0077467	0.0023407	0.00636812
75	0.107857	0.00380539	0.00240624	0.0176565	0.00196805	0.0208577	0.0088547	0.00962732	0.0381174	0.0194703	0.00335804	0.00284474	0.590689	0.0213272	0.0300898	0.0554504	0.0253776	0.0382555	0.000468949	0.0015183
76	0.113464	0.00520841	0.0295052	0.0368856	0.0041177	0.457634	0.0134733	0.00469297	0.0172025	0.00913832	0.00556885	0.107144	0.00665965	0.0253421	0.031818	0.08448	0.0356276	0.00783659	0.00126545	0.00293552
77	0.065537	0.0276454	0.166989	0.121333	0.00422288	0.0368773	0.00530748	0.037096	0.0366685	0.0225742	0.04051	0.0522594	0.00772335	0.0249519	0.0283051	0.142469	0.145733	0.0307152	0.000779543	0.00230238
78	0.0351975	0.014497	0.011132	0.0288087	0.0261402	0.0146093	0.011033	0.130189	0.0739309	0.119639	0.0313941	0.0583513	0.00660927	0.0289386	0.142607	0.10468	0.0526971	0.0554594	0.00697032	0.0471158
79	0.0363939	0.00948506	0.00107106	0.00462527	0.00499631	0.00107222	0.0017737	0.224467	0.00175995	0.0546423	0.00302082	0.00172695	0.000844403	0.00138107	0.00136287	0.00559449	0.0185095	0.62359	0.00236281	0.00132032
80	0.37003	0.00378706	0.0116871	0.0208329	0.0332353	0.176112	0.00822962	0.0123622	0.0133196	0.0484366	0.0145308	0.0567394	0.0199477	0.0144825	0.0105271	0.0927042	0.03205	0.0540761	0.00150153	0.00540863
81	0.0310972	0.0144309	0.00146734	0.0108217	0.0167999	0.00152591	0.00498751	0.257873	0.0158451	0.135769	0.038469	0.0125331	0.00091154	0.00308265	0.0123281	0.0178434	0.0505765	0.35274	0.00479725	0.0161002
82	0.015396	0.00217929	0.195451	0.0205578	0.00203777	0.00995829	0.0183245	0.00463662	0.0161434	0.00746643	0.00464267	0.360562	0.00460657	0.0110966	0.0249983	0.130335	0.161942	0.00648777	0.00119855	0.00197852
83	0.0615964	0.0051959	0.050296	0.0765037	0.00242751	0.00984904	0.0362858	0.0371474	0.127805	0.0836963	0.0502155	0.0900972	0.00528131	0.114695	0.108277	0.0614363	0.0339414	0.0384427	0.000860839	0.0059491
84	0.0379805	0.00440061	0.156086	0.167853	0.00217131	0.0275585	0.0243983	0.0175019	0.135144	0.0176956	0.0113437	0.0586057	0.00789469	0.0696135	0.100922	0.0784972	0.062405	0.0154024	0.00086786	0.00365773
85	0.0796935	0.00225226	0.00519163	0.00642824	0.00847128	0.111885	0.00848264	0.00475965	0.0114574	0.0116482	0.0179881	0.113648	0.0224875	0.00367334	0.00670785	0.329387	0.20885	0.04078	0.000576782	0.00563171
86	0.0255731	0.000946804	0.00210288	0.0032365	0.269664	0.00216287	0.0357909	0.0109735	0.0112834	0.155808	0.0550652	0.00313246	0.00489123	0.0100487	0.0162324	0.0281048	0.00425214	0.0192188	0.0275899	0.313923
87	0.121281	0.0198971	0.00699509	0.0206393	0.037812	0.0455032	0.00344913	0.0968656	0.0386317	0.0650125	0.0508691	0.00994925	0.00626541	0.0112802	0.0250028	0.111721	0.20446	0.0973072	0.00703318	0.0200247
88	0.00169665	0.000404234	0.000856098	0.00114879	0.00540566	0.000895666	0.00102718	0.670621	0.00220817	0.0357634	0.000983911	0.00103611	0.00226568	0.000930658	0.000990465	0.00887645	0.00633707	0.254454	0.00364361	0.000456088
89	0.0355429	0.00770953	0.0134144	0.0515914	0.0188505	0.0116125	0.0265994	0.18965	0.0232669	0.135392	0.0772931	0.0249404	0.00276309	0.0430892	0.0128503	0.0188909	0.0484257	0.23144	0.00158328	0.0250946
90	0.0291918	0.00267176	0.225364	0.370507	0.00313196	0.0298509	0.00536688	0.00329778	0.071102	0.0150042	0.0115452	0.039065	0.0046287	0.0597704	0.0465929	0.0401407	0.0226885	0.0155473	0.000121936	0.00441128
91	0.086558	0.0233951	0.0060699	0.0347428	0.00432282	0.00659844	0.00448824	0.0956436	0.347564	0.0559362	0.0298331	0.0113008	0.0272235	0.0429969	0.00676368	0.0173488	0.0817926	0.112213	0.00126194	0.00394691
92	0.0314038	0.0135779	0.0042861	0.0094401	0.0286996	0.00429705	0.00727441	0.22428	0.0117686	0.375605	0.0750611	0.00974645	0.00530484	0.0051504	0.00964711	0.0141646	0.0247351	0.134288	0.00220267	0.00906759
93	0.0557355	0.00285023	0.19043	0.144967	0.00318763	0.0488959	0.00999456	0.00834815	0.031085	0.00939914	0.0060274	0.0847391	0.134601	0.0559369	0.0335071	0.110671	0.0379086	0.022596	0.000773056	0.00834607
94	0.137958	0.00233674	0.10493	0.0324456	0.0034831	0.0143277	0.00536467	0.00668342	0.0232875	0.0064382	0.00464967	0.0778371	0.170713	0.0817557	0.0229878	0.192078	0.0714804	0.0373226	0.00121551	0.00270543
95	0.0303385	0.00228713	0.21389	0.383183	0.003183	0.0266133	0.00610408	0.00278178	0.0725401	0.0153817	0.0120287	0.037112	0.00428291	0.063242	0.0482167	0.0361465	0.0215348	0.0165994	0.000139829	0.0043948
96	0.0604866	0.00314885	0.00583002	0.064868	0.167191	0.0241918	0.00700463	0.0729138	0.0789605	0.0741618	0.0215103	0.0169735	0.00469595	0.00709047	0.0358655	0.0637774	0.0770438	0.0932843	0.036625	0.0843766
97	0.0626913	0.00474662	0.172036	0.147464	0.00349381	0.0356136	0.0175553	0.0118128	0.11456	0.0218437	0.0159438	0.118628	0.0118456	0.0489212	0.0606689	0.076914	0.0501917	0.0180723	0.00154796	0.0054497
98	0.23125	0.00295432	0.0124459	0.0109376	0.0271319	0.0675254	0.00565934	0.0291987	0.0123991	0.0122309	0.00694457	0.103436	0.173328	0.0117879	0.00907737	0.211732	0.0209552	0.0456173	0.00161211	0.00377747
99	0.0271388	0.0289329	0.0151945	0.024748	0.0105277	0.00983494	0.0148884	0.0956704	0.101063	0.0972038	0.0424786	0.0718249	0.00831255	0.064434	0.172806	0.0884968	0.0303452	0.052078	0.00232983	0.0416921
100	0.0359491	0.00929739	0.00111741	0.00517752	0.00663727	0.00124492	0.00217467	0.232038	0.00291078	0.0669975	0.00706981	0.00237697	0.000889974	0.0017374	0.00253564	0.00667598	0.0216694	0.588172	0.00265199	0.00267589
101	0.028458	0.00952885	0.0262637	0.0367307	0.0021099	0.0134258	0.0171484	0.0174874	0.314263	0.0563725	0.0208949	0.0282359	0.0193737	0.0766168	0.194729	0.065127	0.0269488	0.012954	0.00317798	0.0301539
102	0.41256	0.00404875	0.00648844	0.0109737	0.00682656	0.0973985	0.00400896	0.00656151	0.0094677	0.023628	0.00485716	0.0469097	0.0135085	0.0110056	0.00476545	0.204772	0.0753202	0.0545965	0.000486985	0.00181551
103	0.0197525	0.00330934	0.00487102	0.00538306	0.407618	0.00506626	0.0212862	0.0360639	0.0109331	0.148342	0.0602926	0.00492819	0.0037985	0.00796379	0.0150654	0.0201963	0.00850303	0.0202618	0.0155033	0.180861
104	0.0193515	0.00521243	0.215431	0.158101	0.00631377	0.018239	0.00625566	0.193593	0.0186628	0.0192783	0.0114103	0.012818	0.00674534	0.0179296	0.0137363	0.0289648	0.172797	0.0685111	0.00174506	0.00490395
105	0.0326915	0.00186402	0.222036	0.416081	0.00254611	0.0273237	0.00840811	0.00298917	0.0598095	0.0115602	0.00902815	0.0389045	0.00561636	0.0534353	0.0359115	0.0357641	0.0185472	0.0133264	0.000208395	0.00394965
106	0.0355462	0.00209186	0.0317109	0.0497328	0.00111979	0.0207795	0.0201439	0.00475144	0.36274	0.0180507	0.01201	0.0173231	0.0178461	0.0543763	0.209842	0.0698898	0.0411851	0.0170827	0.00391413	0.00986406
107	0.091957	0.00517391	0.0171729	0.0233768	0.00467519	0.0529146	0.00934886	0.00952715	0.05378	0.018376	0.00933323	0.0163736	0.462237	0.0229074	0.0317435	0.0961693	0.0402055	0.0297968	0.000945049	0.00398631
108	0.081537	0.0047698	0.0847801	0.0890389	0.00146208	0.00949034	0.0238493	0.00530202	0.129178	0.0173738	0.0188814	0.156182	0.0150332	0.07377	0.0736362	0.105573	0.0914475	0.00836101	0.00723898	0.00309515
109	0.0218979	0.013606	0.156685	0.13702	0.00526559	0.0477941	0.00484022	0.123415	0.0296763	0.0348058	0.0105867	0.0278264	0.0156499	0.0448629	0.0145842	0.072905	0.0791179	0.15417	0.00129635	0.00399464
110	0.0275078	0.00429418	0.120536	0.0857772	0.00307747	0.0257944	0.0369969	0.0102239	0.160977	0.0170379	0.00857422	0.030283	0.00595027	0.0831826	0.0598633	0.123371	0.166631	0.0259809	0.00112114	0.00281954
111	0.0164136	0.00108738	0.00219292	0.00330215	0.257097	0.00211278	0.0495352	0.00837243	0.00798685	0.10714	0.0346399	0.00275337	0.00385041	0.00709869	0.0110299	0.0279915	0.00434884	0.0131723	0.029237	0.410637
112	0.0756263	0.0234623	0.079152	0.0567244	0.00462771	0.0522454	0.00512152	0.0635741	0.0355154	0.0185071	0.0316996	0.0902955	0.00835463	0.0191646	0.0379344	0.152968	0.194039	0.0493108	0.000459123	0.00121779
113	0.0722704	0.0056345	0.271519	0.0785449	0.00818755	0.0600036	0.0143581	0.0180971	0.0218414	0.025574	0.152347	0.021618	0.0114105	0.112019	0.0189294	0.0340807	0.0384442	0.0265227	0.00222329	0.00637404
114	0.00169665	0.000404234	0.000856098	0.00114879	0.00540566	0.000895666	0.00102718	0.670621	0.00220817	0.0357634	0.000983911	0.00103611	0.00226568	0.000930658	0.000990465	0.00887645	0.00633707	0.254454	0.00364361	0.000456088
115	0.0644283	0.0114155	0.0098775	0.011518	0.001833	0.80125	0.00248045	0.00327817	0.00489613	0.00468205	0.00416157	0.0127119	0.00321815	0.00495773	0.0116573	0.0316182	0.00792268	0.00421883	0.00079689	0.00307799
116	0.0694149	0.0116347	0.00929261	0.0102015	0.00122583	0.805759	0.00170826	0.00377369	0.00384853	0.0060678	0.00336347	0.0109825	0.0027326	0.00410213	0.0120085	0.0307138	0.00596788	0.00388548	0.000522004	0.00279536
117	0.0181692	0.0216767	0.00292783	0.00255761	0.0161029	0.00362645	0.00381948	0.119277	0.0028142	0.613265	0.118693	0.00218921	0.000673611	0.0027687	0.00448896	0.00241987	0.0152766	0.0402651	0.00157491	0.00741445
118	0.0351274	0.00178413	0.344054	0.237422	0.00131488	0.0412602	0.00259238	0.0115646	0.0494043	0.00790474	0.00328808	0.0538958	0.0130956	0.0215138	0.0142471	0.102639	0.0443361	0.00982555	0.000357622	0.00437341
119	0.029673	0.00240296	0.217771	0.347505	0.00392827	0.027156	0.00567517	0.00377519	0.0831195	0.0153727	0.0113205	0.0422567	0.00472527	0.0644451	0.0428153	0.046286	0.0318127	0.015191	0.000301832	0.0044668
120	0.0106775	0.0059811	0.00209074	0.00466652	0.0390924	0.00234662	0.00538939	0.289955	0.00476172	0.402662	0.0867196	0.00364812	0.00261103	0.002133	0.00425005	0.00430316	0.00771077	0.116137	0.00095928	0.00390497
121	0.0388611	0.00305746	0.00783886	0.00989138	0.0559226	0.00774084	0.00461506	0.244271	0.111353	0.0151942	0.0557225	0.0078692	0.00442267	0.00895535	0.257914	0.0146928	0.03643	0.109095	0.0015499	0.00460346
122	0.0390035	0.00292268	0.178395	0.430269	0.00414121	0.0233671	0.0157889	0.0123396	0.0571749	0.0161958	0.0100788	0.0345962	0.00831101	0.047675	0.0351532	0.034984	0.0256771	0.0189295	0.000785142	0.00421232
123	0.351952	0.0538523	0.00365368	0.00504419	0.00461447	0.028788	0.00237115	0.0234577	0.00634205	0.0170316	0.00397543	0.0193502	0.00522804	0.00598053	0.00545883	0.194538	0.178285	0.0873149	0.00050512	0.0022573
124	0.0107754	0.00320881	0.000856892	0.00196172	0.00693508	0.000860924	0.00158436	0.498019	0.00160487	0.0422797	0.0011809	0.00107748	0.00162799	0.000922088	0.00101178	0.00657489	0.0110308	0.40459	0.00336584	0.000531433
125	0.0445257	0.00783181	0.0293741	0.263338	0.0177645	0.0130397	0.0127761	0.114298	0.041847	0.0951015	0.0299469	0.0170734	0.0058003	0.0388975	0.0210252	0.0405417	0.0500544	0.138284	0.00275865	0.0157217
126	0.0128866	0.00605621	0.0130894	0.0157779	0.00902567	0.00433295	0.00322639	0.044136	0.00410346	0.594133	0.146945	0.00304044	0.00353195	0.0123635	0.0133875	0.00532615	0.00718896	0.0420823	0.0160497	0.0433168
127	0.101986	0.00375813	0.0108402	0.0201642	0.00356404	0.0232957	0.00794278	0.0111136	0.0283761	0.0176738	0.00462385	0.00749624	0.579424	0.020131	0.0287836	0.0648425	0.02976	0.0325349	0.00100939	0.00267983
128	0.00985005	0.0111383	0.00289423	0.00338505	0.0181181	0.00353142	0.00392489	0.153145	0.0029998	0.554284	0.168111	0.00244301	0.000736027	0.00273417	0.00592616	0.00241331	0.00787541	0.0374393	0.0020227	0.00702817
129	0.0701994	0.00289047	0.0279476	0.0924939	0.00185565	0.011074	0.0158477	0.0370901	0.168473	0.0687019	0.0452909	0.0616821	0.00495555	0.128254	0.0335757	0.0616692	0.113173	0.0518142	0.000841685	0.00217
130	0.045518	0.00910874	0.0833825	0.130857	0.000882069	0.0127536	0.0537034	0.008339	0.141615	0.0200659	0.0129635	0.0990526	0.00525803	0.111466	0.121867	0.0865709	0.0433553	0.00992714	0.00118684	0.00212757
131	0.144325	0.00584873	0.00669065	0.0389413	0.00313444	0.0356706	0.00991997	0.0103455	0.0776059	0.0349918	0.0055777	0.00638878	0.379393	0.0586713	0.0908245	0.0443225	0.0172014	0.0258439	0.000941493	0.00336174
132	0.0343385	0.00124336	0.2061	0.604311	0.00163896	0.0132096	0.0206182	0.00227758	0.0219811	0.00464209	0.00323527	0.0218749	0.00337307	0.0325372	0.00706305	0.00855123	0.00520152	0.00614899	0.00035553	0.00129875
133	0.0106538	0.0255849	0.00904597	0.00756391	0.00575482	0.00635269	0.00955519	0.0482588	0.316755	0.164277	0.0421607	0.015027	0.0125949	0.102585	0.125847	0.0251533	0.00853017	0.0105338	0.00135263	0.0524134
134	0.0103186	0.00120925	0.00208118	0.00302658	0.615023	0.00203401	0.0172648	0.0147573	0.00521921	0.0768303	0.0201872	0.00241705	0.00227064	0.00443679	0.00683145	0.0130559	0.00776073	0.00853814	0.0117761	0.174961
135	0.0357964	0.00241066	0.0638675	0.388125	0.0159976	0.00519236	0.00316341	0.0615532	0.103651	0.0228247	0.00449021	0.00492808	0.00246987	0.0323467	0.0575078	0.0111118	0.102211	0.0779822	0.000952425	0.00341882
136	0.118141	0.00393938	0.047206	0.0573744	0.00116227	0.00388663	0.018797	0.00385492	0.150153	0.0103607	0.0141354	0.165902	0.00964115	0.0457277	0.110426	0.108665	0.121403	0.00409092	0.00322375	0.00190996
137	0.00977311	0.00141342	0.0016686	0.00573767	0.0525149	0.00166636	0.00513623	0.370345	0.0053559	0.322828	0.0535851	0.00362509	0.00641243	0.00183184	0.00410603	0.00518284	0.00434318	0.142619	0.000367962	0.0014873
138	0.0665146	0.00824932	0.0307254	0.0397869	0.00383977	0.51864	0.0119517	0.00714695	0.0461252	0.0120945	0.0107167	0.0242103	0.00601752	0.0238291	0.110132	0.0481496	0.0168555	0.0095121	0.001484	0.00401933
139	0.00169665	0.000404234	0.000856098	0.00114879	0.00540566	0.000895666	0.00102718	0.670621	0.00220817	0.0357634	0.000983911	0.00103611	0.00226568	0.000930658	0.000990465	0.00887645	0.00633707	0.254454	0.00364361	0.000456088
140	0.0304996	0.00300575	0.0347606	0.096603	0.00121471	0.0143786	0.034665	0.00647448	0.302437	0.0132486	0.00892696	0.036704	0.00793739	0.0879012	0.228829	0.0452934	0.0354608	0.00442297	0.00179303	0.00544301
141	0.130896	0.00274882	0.00307281	0.0145729	0.00135514	0.0230059	0.00662659	0.00581003	0.0237016	0.0133421	0.00235817	0.00390477	0.605506	0.019875	0.0240368	0.0639975	0.0264054	0.0271936	0.000457071	0.0011334
142	0.119314	0.00396356	0.0182334	0.0215968	0.00604517	0.031661	0.0102258	0.0127841	0.0263014	0.0188681	0.00806183	0.0251464	0.44104	0.0215555	0.0252724	0.126342	0.0412468	0.0378978	0.000858312	0.00358596
143	0.0463168	0.00605647	0.0462537	0.0656334	0.00640867	0.0285016	0.0211606	0.0167214	0.283544	0.0282879	0.0171538	0.0421451	0.017015	0.0521378	0.117006	0.118551	0.0531946	0.0196927	0.00402026	0.0101994
144	0.0766589	0.00980366	0.0138518	0.014344	0.0023396	0.731022	0.00433221	0.00326321	0.00785213	0.00556243	0.00301235	0.0209825	0.00401288	0.0061079	0.0129042	0.0585555	0.0151864	0.00641889	0.000472909	0.00331681
145	0.040516	0.0120217	0.00121178	0.00476008	0.00566808	0.00132342	0.00190536	0.219294	0.00243613	0.0540964	0.00516382	0.00210973	0.000852529	0.0014226	0.00191457	0.00633998	0.01933	0.614544	0.0025135	0.00257588
146	0.0189989	0.00906702	0.0029076	0.00861329	0.0286221	0.00362788	0.00610274	0.27189	0.00868239	0.329636	0.0649028	0.00688513	0.00377531	0.0045287	0.00693789	0.0101321	0.0198338	0.184716	0.00250958	0.00763049
147	0.0108309	0.0148393	0.00353116	0.003582	0.0186397	0.00440682	0.00433589	0.111801	0.00323024	0.588911	0.17218	0.00203402	0.000688358	0.00343809	0.00633821	0.00218371	0.00925209	0.0289148	0.00265098	0.00821188
148	0.0130916	0.00137646	0.00278939	0.0039428	0.203593	0.00301542	0.0747615	0.00713238	0.00701374	0.0774515	0.0241814	0.00359009	0.00374247	0.00639765	0.00895419	0.0270773	0.00508348	0.010501	0.0283859	0.487919
149	0.0582248	0.00896583	0.0789699	0.110285	0.00388537	0.502632	0.00587232	0.00913033	0.0267889	0.0113597	0.00915092	0.0375295	0.0101009	0.0189155	0.0263514	0.0456595	0.0179875	0.012794	0.000809833	0.00458725
150	0.105114	0.00345829	0.00200078	0.0158379	0.00121394	0.0208244	0.00878055	0.00715027	0.0248676	0.0128663	0.0019962	0.0020915	0.630487	0.0181729	0.028405	0.060109	0.0240851	0.0310844	0.00046774	0.000988149
151	0.0985537	0.00491119	0.0147057	0.0216222	0.00426526	0.0251337	0.00848517	0.0113297	0.027024	0.0174496	0.00568007	0.0109222	0.549088	0.0199944	0.0261282	0.0824129	0.0342951	0.0341596	0.00121985	0.00261918
152	0.07168	0.0194916	0.0111141	0.0130412	0.00211808	0.766398	0.00245786	0.00551254	0.00582152	0.00852349	0.005323	0.00963694	0.00289653	0.00554147	0.0140346	0.0334321	0.0113864	0.00780097	0.000608885	0.00318027
153	0.168577	0.0931344	0.0135711	0.0173556	0.00574562	0.0143738	0.00577511	0.0488869	0.0187222	0.0325565	0.0140819	0.0232851	0.00480477	0.0117554	0.0128234	0.158746	0.289135	0.060518	0.00152908	0.00462325
154	0.0686203	0.0109564	0.011519	0.0126014	0.00181416	0.799826	0.00161864	0.00295771	0.00557154	0.00338714	0.0025717	0.0123556	0.00261873	0.00523783	0.0123229	0.0314437	0.00752996	0.00394863	0.000327282	0.00277125
155	0.0498295	0.00739523	0.0423123	0.0701391	0.00546704	0.0226115	0.0212129	0.0229341	0.281987	0.0260433	0.0176625	0.0384498	0.0168625	0.0579232	0.127227	0.0710777	0.0840276	0.0265957	0.00322567	0.00701621
156	0.115417	0.0348741	0.0291887	0.0270509	0.0100344	0.0415151	0.0100448	0.0337094	0.0355419	0.0264646	0.0187236	0.0584953	0.0159942	0.0199656	0.0219422	0.19781	0.247747	0.0478741	0.00177667	0.00582977
157	0.0157768	0.00751055	0.00849224	0.0118421	0.0115297	0.00479429	0.0037359	0.0628981	0.00420522	0.586075	0.174086	0.00294766	0.00252428	0.00822013	0.0103216	0.00447348	0.00683824	0.0323627	0.0142589	0.0271071
158	0.00949203	0.0110218	0.00337848	0.00400065	0.0142793	0.00371095	0.00350652	0.123393	0.00283623	0.56999	0.192502	0.00215593	0.000783179	0.00321828	0.0069648	0.00233518	0.0075531	0.0266063	0.00299364	0.00927857
159	0.33508	0.0132433	0.0177933	0.0226742	0.00585963	0.174126	0.0158692	0.0134134	0.0378212	0.0187203	0.0170328	0.0218832	0.0206727	0.0259278	0.122375	0.0859769	0.0248371	0.0204755	0.00148336	0.00473567
160	0.0323412	0.0030813	0.0278583	0.0686848	0.00334593	0.0187675	0.0335947	0.00904253	0.288398	0.019471	0.0117422	0.0318685	0.0077194	0.0858746	0.267575	0.0432521	0.0285598	0.00807322	0.00223336	0.0085168
161	0.275004	0.0105627	0.0235402	0.038211	0.0122098	0.0459394	0.0191689	0.0340396	0.0409918	0.104017	0.0272563	0.0735617	0.0158932	0.0399625	0.0302577	0.105725	0.0485575	0.0452948	0.00189035	0.00791677
162	0.0325921	0.0153455	0.00135019	0.00808524	0.0155735	0.00132879	0.00368523	0.24183	0.010531	0.109535	0.0262899	0.00755173	0.000840331	0.00172301	0.00838478	0.0132139	0.035841	0.451628	0.00384097	0.0108295
163	0.486292	0.0165628	0.0183706	0.0254036	0.00492515	0.0913266	0.0084832	0.0163071	0.0166511	0.0228517	0.0114938	0.0244761	0.0181777	0.018385	0.0165033	0.126184	0.0399558	0.0331143	0.00110514	0.00343109
164	0.13483	0.0030753	0.00730234	0.0178085	0.00508094	0.111315	0.085641	0.0077686	0.0559136	0.0162479	0.00739182	0.13867	0.00781243	0.00860691	0.0117322	0.330989	0.0290468	0.0137663	0.00144998	0.00555137
165	0.0541783	0.0071883	0.0989917	0.15431	0.00113061	0.013161	0.0490879	0.0105454	0.10331	0.0272966	0.0172144	0.104668	0.00599666	0.111095	0.0898983	0.090171	0.0432146	0.0145971	0.00135887	0.00258557
166	0.204385	0.0812898	0.00209794	0.00282121	0.0055007	0.00865145	0.00197202	0.0528881	0.00754766	0.0218975	0.00893576	0.0136485	0.00346215	0.00431335	0.00637378	0.186801	0.320413	0.062529	0.000686083	0.00378538
167	0.0167494	0.00286395	0.199837	0.0890749	0.00414639	0.0477357	0.00591791	0.00716037	0.188781	0.0285021	0.00625284	0.293399	0.00454622	0.0110792	0.0193511	0.0444855	0.0121567	0.0118008	0.00164501	0.00451454
168	0.477663	0.130653	0.00523543	0.00901807	0.00348603	0.0520724	0.00591105	0.0155937	0.00919503	0.0143894	0.00616241	0.0098018	0.00479207	0.00638704	0.0274537	0.129181	0.0597847	0.02897	0.00122418	0.0030266
169	0.204579	0.112487	0.00209895	0.00342228	0.00215495	0.00486793	0.00174541	0.0392513	0.00538707	0.020597	0.0050215	0.0178813	0.00321007	0.00300909	0.00428959	0.189407	0.323131	0.0548863	0.000458309	0.00211413
170	0.0048094	0.00105305	0.00209974	0.0026614	0.838059	0.00225615	0.00149852	0.0186844	0.00317671	0.0394267	0.00467084	0.00225521	0.00128929	0.00218606	0.00251408	0.00445654	0.0104542	0.00367968	0.00101929	0.0537501
171	0.0139817	0.00900973	0.00298524	0.00607252	0.0287828	0.00304324	0.00608672	0.241242	0.00601821	0.443212	0.103866	0.00853149	0.00379566	0.00386265	0.00567771	0.00679397	0.0108668	0.0879718	0.00172799	0.00647164
172	0.0272315	0.00818525	0.0193308	0.0388743	0.00491745	0.0147765	0.0279767	0.0159857	0.290952	0.0416329	0.0178211	0.0250073	0.0101049	0.11193	0.248286	0.0363444	0.0194993	0.00894061	0.00283974	0.0293631
173	0.0241865	0.0097668	0.00188832	0.00816836	0.0300989	0.00281308	0.00503854	0.287944	0.0108269	0.275109	0.0654751	0.00753441	0.00456841	0.00369073	0.00950279	0.0120088	0.0267456	0.20269	0.00244629	0.00949701
174	0.278662	0.0562585	0.00396593	0.00571597	0.00548888	0.025333	0.00280802	0.0280332	0.00659353	0.0189615	0.00613344	0.0220365	0.00570522	0.00598232	0.00787437	0.2119	0.194802	0.11	0.000877939	0.002868
175	0.55291	0.014122	0.00380248	0.00543038	0.00170769	0.246637	0.00232513	0.00563808	0.0042214	0.00731432	0.00294696	0.00956519	0.00544988	0.00402128	0.00631006	0.105138	0.0102331	0.0105013	0.000363962	0.00136197
176	0.0957871	0.0202073	0.00808995	0.00789978	0.00790114	0.059352	0.00690386	0.0151913	0.0127013	0.0157593	0.0157908	0.0623271	0.0423951	0.00693347	0.00724109	0.297615	0.273748	0.0377383	0.00108914	0.00532932
177	0.0989576	0.00613676	0.0265435	0.236381	0.00936751	0.0130883	0.0140525	0.0347733	0.0578519	0.0874787	0.028581	0.0311845	0.00507079	0.087141	0.0228949	0.0980431	0.061353	0.0649016	0.00142825	0.0147704
178	0.0145129	0.0081307	0.00286986	0.00675054	0.0755443	0.00346406	0.00597254	0.247803	0.00728846	0.400867	0.0789799	0.00583828	0.00252493	0.0033886	0.00885993	0.00841339	0.0118047	0.0982966	0.00170666	0.00698435
179	0.0420724	0.0105704	0.00149675	0.00587376	0.00640789	0.00206182	0.00212332	0.21899	0.00476644	0.0644273	0.00834079	0.00323817	0.0022277	0.00231199	0.00302145	0.00972943	0.0283525	0.578082	0.00248893	0.00341681
180	0.0355116	0.00450717	0.0631561	0.0827812	0.00323609	0.0227289	0.0586736	0.0157298	0.162445	0.0222804	0.0150463	0.0473703	0.00573522	0.150653	0.171076	0.0704812	0.0386129	0.0237234	0.00149764	0.00475416
181	0.0280335	0.00586973	0.0214828	0.0325126	0.00307444	0.0154694	0.0131637	0.0136013	0.408125	0.0512178	0.0338083	0.0148816	0.0133105	0.0482138	0.154267	0.079209	0.0297155	0.0135284	0.00393527	0.0165802
182	0.013392	0.00132755	0.0025492	0.00354759	0.213741	0.0026358	0.0682557	0.00728857	0.00690371	0.0848543	0.0267089	0.00313488	0.00370647	0.00649116	0.00942222	0.0280388	0.00449122	0.0111118	0.0278226	0.474576
183	0.0124063	0.00506367	0.00184459	0.00592511	0.0275704	0.00165972	0.00445827	0.432268	0.00667235	0.221881	0.039918	0.00498105	0.0040459	0.00267846	0.00456092	0.00965976	0.0135706	0.194101	0.00199273	0.0047428
184	0.0607937	0.0108661	0.0115316	0.0132774	0.00276902	0.794692	0.00246003	0.0034896	0.00517002	0.00470124	0.00345013	0.0119135	0.00435571	0.00582597	0.0136916	0.032261	0.00894796	0.00541964	0.000591019	0.00379294
185	0.0341116	0.00135392	0.206559	0.59944	0.00162648	0.013641	0.0199567	0.0024117	0.0226737	0.00492982	0.0034275	0.0222181	0.00366735	0.03302	0.00778814	0.00947507	0.00566417	0.00631571	0.000351678	0.00136901
186	0.0870922	0.0102757	0.0151661	0.0183272	0.00289348	0.649791	0.00735987	0.00551815	0.0188349	0.00786772	0.00744208	0.0193012	0.00439158	0.0125786	0.0511188	0.0552035	0.0150471	0.00748072	0.001107	0.00320306
187	0.567203	0.00309399	0.00877788	0.0166747	0.00232824	0.0753027	0.00244981	0.00406178	0.0103303	0.0181512	0.0040211	0.0298215	0.0199799	0.017549	0.00285969	0.180576	0.0196282	0.0160021	0.000299744	0.000888235
188	0.0399587	0.00195659	0.0215527	0.0470977	0.00469398	0.027963	0.0258974	0.00829967	0.290908	0.0183013	0.0122917	0.0295972	0.00697572	0.0665566	0.316257	0.0414673	0.0230191	0.00830163	0.00207535	0.00682987
189	0.00934675	0.0110735	0.0033534	0.00396421	0.0152469	0.0038179	0.00362968	0.125195	0.0029227	0.567413	0.193144	0.00220916	0.000764421	0.00315761	0.00698236	0.00229684	0.00739834	0.0266339	0.00285083	0.00860007
190	0.0197784	0.00596458	0.00107791	0.00475368	0.0247636	0.00122532	0.00330085	0.322085	0.00413757	0.138996	0.0190084	0.00270354	0.00175661	0.00158709	0.00303787	0.00630072	0.0152902	0.419417	0.00235045	0.00246576
191	0.0354433	0.00537221	0.0269874	0.0457059	0.00821039	0.0256236	0.047216	0.0253411	0.174116	0.0362335	0.0186961	0.0346716	0.00474012	0.125317	0.299217	0.0380019	0.0206964	0.0162797	0.00132106	0.0108094
192	0.0344078	0.00135072	0.207184	0.590912	0.00171099	0.0143863	0.0196374	0.00236341	0.0239613	0.00503352	0.0035704	0.0231168	0.00373876	0.0337536	0.00903893	0.0111884	0.00636061	0.00647181	0.000342374	0.00147065
193	0.0316076	0.0236067	0.00266207	0.00838187	0.0171432	0.00356388	0.00832416	0.137233	0.00823518	0.491227	0.0935266	0.0106411	0.00166395	0.00443729	0.00609303	0.01338	0.0310143	0.0939923	0.00178349	0.0114839
