443	20
1	0.0592199	0.0197678	0.123815	0.134084	0.00975952	0.0280883	0.0183087	0.0215073	0.0662508	0.122399	0.0354705	0.0410502	0.00836091	0.0731071	0.0484969	0.0630118	0.0541374	0.0579028	0.0032348	0.0120271
2	0.0412474	0.00873533	0.178078	0.195334	0.00668369	0.0336598	0.0328952	0.00865439	0.0613094	0.0355141	0.0117843	0.0791223	0.0221705	0.0981893	0.0593072	0.0595332	0.0296595	0.0200711	0.00170979	0.0163418
3	0.0396026	0.0117001	0.025117	0.0843776	0.00845422	0.0184075	0.0369184	0.0285419	0.173978	0.0567317	0.0310504	0.051856	0.0126179	0.105388	0.187264	0.0432485	0.0295241	0.0292325	0.00541754	0.0205715
4	0.0515286	0.0182869	0.04555	0.0882144	0.0177791	0.0168845	0.0587979	0.0656565	0.116582	0.0548571	0.0185389	0.0495213	0.00912253	0.0696372	0.121024	0.0589136	0.0196781	0.0801296	0.00426652	0.0350316
5	0.0159275	0.019676	0.00135506	0.00573315	0.481467	0.0065243	0.0145725	0.0466057	0.00304851	0.0774761	0.0250186	0.00507471	0.00245917	0.00190951	0.00349896	0.0180414	0.0105016	0.0338475	0.00804476	0.219218
6	0.0250752	0.00712363	0.00478049	0.00727946	0.0753108	0.00443233	0.0139304	0.159774	0.00990619	0.369234	0.111092	0.00805739	0.00188905	0.00701224	0.00808887	0.0176043	0.0258225	0.101981	0.0145808	0.0270244
7	0.0397879	0.00822429	0.15095	0.218937	0.00749934	0.0342315	0.0297149	0.0092902	0.0630821	0.039816	0.0136931	0.0682012	0.0114865	0.110023	0.0665944	0.0592598	0.0308518	0.0194842	0.00162368	0.0172492
8	0.2664	0.052855	0.00507433	0.00640109	0.0361978	0.033236	0.00985435	0.0456905	0.00529313	0.079791	0.0408952	0.00914848	0.0022026	0.0036108	0.00558903	0.199628	0.0914949	0.0861287	0.00458043	0.0159285
9	0.155426	0.0521056	0.00198578	0.00342096	0.0467806	0.0368228	0.00176705	0.125006	0.00810049	0.0924507	0.0489195	0.00567411	0.000772481	0.00229222	0.00258303	0.101801	0.101262	0.201084	0.00807721	0.00366734
10	0.134588	0.0320746	0.0496614	0.113977	0.0127334	0.075724	0.0295505	0.022742	0.0488054	0.0348046	0.0117203	0.0528423	0.02964	0.0586185	0.0646716	0.115914	0.0516723	0.0348398	0.00417668	0.0212438
11	0.0340936	0.00613107	0.00723115	0.0125932	0.0475426	0.00665739	0.0318275	0.0540131	0.0605402	0.177709	0.15676	0.0449837	0.00259615	0.0555605	0.0545136	0.0704546	0.0721444	0.0392251	0.00783469	0.0575888
12	0.171981	0.0725655	0.0211772	0.0333594	0.0261896	0.126253	0.017146	0.0461211	0.0196979	0.0523955	0.0223788	0.0334019	0.0233731	0.0198041	0.0264018	0.137209	0.0652058	0.0578819	0.00593629	0.0215216
13	0.0198532	0.00731457	0.318562	0.0677339	0.00923807	0.0259664	0.0478576	0.00481135	0.0344927	0.0238098	0.0119101	0.229808	0.0330237	0.0376174	0.0167695	0.0670824	0.0181218	0.00703004	0.00203622	0.016961
14	0.0467749	0.0104025	0.00610503	0.0138208	0.115439	0.0101057	0.0127948	0.183636	0.0154601	0.23172	0.0774842	0.00551198	0.00235484	0.00313389	0.0101037	0.0182006	0.0401674	0.146022	0.0152757	0.0354879
15	0.172444	0.038504	0.0246456	0.0694489	0.0131165	0.108081	0.0170238	0.0209639	0.0201176	0.0273952	0.0043511	0.0386403	0.182306	0.0253308	0.034664	0.117554	0.0408184	0.0315841	0.00172366	0.0112875
16	0.113021	0.0255423	0.030461	0.0782328	0.0214394	0.0679091	0.0127832	0.0253721	0.0426038	0.0178012	0.00891689	0.0461383	0.0156798	0.0328642	0.0163193	0.160669	0.194559	0.0537948	0.00343506	0.032458
17	0.0357331	0.00973956	0.00137261	0.00204339	0.0395303	0.00996976	0.00307547	0.34151	0.00232464	0.173957	0.0701773	0.00355934	0.00270468	0.00189489	0.0027776	0.00924892	0.0334051	0.244418	0.00398015	0.0085779
18	0.0429465	0.011061	0.0233535	0.081743	0.00834788	0.0185247	0.0355228	0.0298204	0.175313	0.0548047	0.0315076	0.0512093	0.011936	0.116841	0.178151	0.0423905	0.0310171	0.0306749	0.00514682	0.019689
19	0.0396901	0.0114657	0.0284877	0.0875697	0.0083167	0.0190193	0.0369728	0.0281234	0.171463	0.0563257	0.0305339	0.0528095	0.0128136	0.106015	0.181689	0.0438737	0.0297197	0.0292873	0.00528062	0.0205438
20	0.0407474	0.00689563	0.00727475	0.0171344	0.141963	0.00921714	0.018306	0.141543	0.0181007	0.255367	0.0731932	0.00757365	0.00190042	0.00310958	0.0095274	0.0192612	0.0369027	0.127206	0.0191708	0.0456062
21	0.0183402	0.00754353	0.291921	0.0627706	0.00981032	0.0233049	0.0496872	0.00486079	0.031173	0.0275263	0.0144569	0.257763	0.0306042	0.0408248	0.0160396	0.0718712	0.0164267	0.00641311	0.0018595	0.0168036
22	0.0369653	0.0144402	0.0080462	0.0211217	0.0370964	0.00896179	0.00828567	0.252432	0.0278326	0.115361	0.0752106	0.0099262	0.00245939	0.0125405	0.0276672	0.0357381	0.0820133	0.195736	0.0070175	0.0211481
23	0.0301827	0.00866431	0.194992	0.130746	0.00854739	0.0274436	0.046389	0.00690742	0.0487633	0.0314849	0.0128657	0.187369	0.0175128	0.0750456	0.0486535	0.0679183	0.022709	0.0148317	0.00189541	0.0170792
24	0.0626618	0.127171	0.0339333	0.0178274	0.0539138	0.0160707	0.0188478	0.0945272	0.022015	0.0945871	0.0231222	0.0197134	0.0161385	0.0155092	0.0233973	0.0721525	0.0377094	0.152295	0.0337799	0.0646275
25	0.0340894	0.0326111	0.00598483	0.0303946	0.0266389	0.0129584	0.00958077	0.148195	0.0259264	0.082397	0.0781851	0.0183905	0.00311891	0.0126531	0.0281793	0.0577019	0.116976	0.249322	0.00493715	0.0217595
26	0.0198495	0.00726551	0.306086	0.0676588	0.00919444	0.0259152	0.0468561	0.00427814	0.0351739	0.025398	0.0118411	0.238691	0.0348117	0.0417775	0.0164512	0.066731	0.0175653	0.00695947	0.00175654	0.0157399
27	0.100046	0.00974132	0.0138561	0.0143896	0.0665196	0.0407832	0.0191808	0.0379112	0.0346215	0.0442821	0.0365384	0.0182881	0.0611895	0.101036	0.0223995	0.213757	0.0583378	0.0230332	0.00823369	0.0758557
28	0.0338236	0.00953452	0.0270947	0.042855	0.0387326	0.0172687	0.0420788	0.0427835	0.121282	0.129895	0.0775309	0.0493904	0.00782403	0.0983723	0.0861715	0.0437166	0.0332948	0.0403902	0.0182546	0.0397059
29	0.0277693	0.00632393	0.223684	0.126372	0.0106953	0.0962424	0.0461168	0.00770272	0.0481798	0.025289	0.00700169	0.121886	0.0313389	0.0639923	0.0388764	0.0564503	0.0220826	0.0148594	0.00190823	0.02323
30	0.0495479	0.0344467	0.0321556	0.0692079	0.0294052	0.0140711	0.067992	0.0499612	0.0985183	0.0562026	0.0198278	0.0503407	0.00783437	0.0752672	0.123574	0.0597453	0.0283185	0.0669804	0.00827043	0.0583327
31	0.0307199	0.0047903	0.0387106	0.00551435	0.00591289	0.0782079	0.0353381	0.00738194	0.0115758	0.00953961	0.00561888	0.137566	0.0057816	0.00803528	0.0113178	0.319511	0.266129	0.0116088	0.00206085	0.00467949
32	0.298257	0.0508859	0.0171527	0.0447032	0.0110506	0.144703	0.0112555	0.0272809	0.0144385	0.0180143	0.00386638	0.0350472	0.0536803	0.0163691	0.0255076	0.139427	0.037962	0.0369052	0.00203317	0.0114617
33	0.0185439	0.0078085	0.0019254	0.00202559	0.0337417	0.00228124	0.00298704	0.204907	0.00208793	0.438835	0.107322	0.00352843	0.00226392	0.00477691	0.00589405	0.0117536	0.0188462	0.117874	0.00611889	0.00647857
34	0.0587877	0.0137779	0.0559491	0.0934667	0.0255505	0.016822	0.0636932	0.0225284	0.0773557	0.0807525	0.0243345	0.0605129	0.00799124	0.0875455	0.108116	0.0640278	0.044707	0.0337051	0.00909923	0.051277
35	0.0170473	0.00626173	0.00171195	0.00184027	0.0266475	0.00171838	0.00260572	0.223477	0.00181916	0.425089	0.108115	0.00319508	0.00253371	0.00455439	0.0055491	0.0110718	0.0186072	0.126581	0.00568375	0.00589127
36	0.578723	0.025458	0.00456045	0.00239544	0.00797263	0.0455457	0.0107798	0.010632	0.00446845	0.00990833	0.00562251	0.00911591	0.00300727	0.00577286	0.00709875	0.202299	0.035745	0.0192754	0.00116303	0.0104556
37	0.0269054	0.00606592	0.00176673	0.00259449	0.0278105	0.00856704	0.00362176	0.392926	0.00266398	0.132308	0.0588281	0.00397452	0.00238091	0.0018922	0.00277688	0.00750796	0.0380491	0.268687	0.00225268	0.00842143
38	0.0464485	0.0087141	0.147633	0.19977	0.00718456	0.0395253	0.0301406	0.0130424	0.0700789	0.0422407	0.013687	0.0621758	0.0146931	0.0967395	0.0705852	0.0595014	0.030623	0.027741	0.00205046	0.0174253
39	0.0906106	0.0168135	0.0228905	0.0357678	0.0282987	0.0477343	0.070955	0.0105055	0.0758938	0.0148895	0.00831647	0.199937	0.00640873	0.0453578	0.0496744	0.122594	0.043454	0.0356023	0.0147822	0.0595133
40	0.0356827	0.00703799	0.147915	0.165637	0.0100293	0.0752595	0.0499526	0.0112531	0.0682833	0.0320578	0.00956415	0.0852696	0.0171236	0.0884071	0.0679006	0.0543227	0.0248663	0.0217532	0.00244673	0.0252376
41	0.0135277	0.0141835	0.127426	0.0199226	0.0133291	0.0232433	0.0610265	0.00632261	0.0690316	0.0178003	0.019732	0.319493	0.00516851	0.018072	0.0539778	0.150788	0.0441668	0.0075003	0.00305366	0.0122351
42	0.036159	0.0168272	0.00939946	0.0579234	0.051584	0.00968429	0.0114225	0.181446	0.0294706	0.148823	0.067172	0.0132454	0.00297923	0.0123755	0.0233325	0.0378042	0.0998928	0.158906	0.00851587	0.0230371
43	0.0766301	0.0202475	0.163995	0.130692	0.00967239	0.067105	0.0354139	0.0103861	0.0458237	0.0304767	0.00686983	0.0835879	0.058573	0.0563171	0.0386215	0.0816185	0.0414469	0.0236332	0.00317832	0.015712
44	0.0305237	0.00751429	0.00226785	0.00225931	0.0320645	0.00435179	0.00364326	0.216541	0.00401066	0.323195	0.161449	0.00429246	0.0023195	0.00603648	0.00514452	0.0167571	0.0260735	0.134815	0.00742628	0.00931578
45	0.121525	0.0477595	0.00169935	0.00536432	0.0465167	0.0299301	0.00215811	0.145854	0.0101385	0.102338	0.0600502	0.00599985	0.000830253	0.00290509	0.00450854	0.0819013	0.0974487	0.22037	0.00740726	0.00529522
46	0.0409663	0.0081748	0.151521	0.218544	0.00660185	0.0344864	0.0300169	0.0102706	0.0689136	0.0383915	0.012798	0.0640802	0.0127395	0.10526	0.0717099	0.0575485	0.0296864	0.0207646	0.00179316	0.0157324
47	0.0202896	0.0177571	0.00222708	0.0072062	0.374548	0.00644314	0.0156613	0.0661771	0.00548291	0.141008	0.0447031	0.00604119	0.00196574	0.00228062	0.00473388	0.0173882	0.0149091	0.0535415	0.0108082	0.186828
48	0.0269155	0.0107558	0.00903339	0.00826545	0.0429839	0.00478717	0.00745314	0.195331	0.00918918	0.365305	0.094868	0.00705696	0.00297136	0.00822993	0.0101715	0.0189642	0.0293074	0.124226	0.00984853	0.0143363
49	0.016805	0.00653578	0.00300857	0.00254863	0.029064	0.00290634	0.00329332	0.248434	0.00253102	0.375327	0.0949294	0.00358221	0.00220004	0.00411453	0.00573895	0.0107466	0.022972	0.153358	0.00464504	0.00725942
50	0.0448602	0.00781026	0.152426	0.194862	0.00640685	0.0390482	0.0336949	0.0126417	0.0708642	0.0368401	0.0125156	0.0666451	0.0198988	0.0958196	0.0701916	0.0604042	0.0312809	0.0248234	0.00217802	0.0167891
51	0.0486094	0.00842894	0.102067	0.0923481	0.0212457	0.0846102	0.0230555	0.0334019	0.0715132	0.0820565	0.0388276	0.0691754	0.0227324	0.0727683	0.0471852	0.0656548	0.0579899	0.0374845	0.00815097	0.0126947
52	0.0810832	0.0317677	0.0301481	0.0648477	0.0177401	0.00824244	0.0415495	0.11702	0.0529006	0.0701216	0.0203798	0.0405976	0.00452692	0.0353167	0.0459892	0.109753	0.0342888	0.157346	0.0030159	0.0333657
53	0.0427379	0.00939487	0.168066	0.19145	0.00575889	0.033233	0.0428144	0.0078754	0.0680309	0.0321406	0.00879483	0.0691967	0.0299592	0.0933502	0.0640664	0.0583382	0.0308341	0.0233078	0.00230588	0.0183445
54	0.026448	0.00600305	0.00172073	0.00240886	0.0291417	0.00850653	0.00352423	0.400311	0.00216497	0.137429	0.0574777	0.00375384	0.00271706	0.00180505	0.00274182	0.00706328	0.0369585	0.258996	0.00225243	0.00857572
55	0.0345939	0.00787301	0.122951	0.141658	0.0145926	0.0856883	0.0640355	0.0202637	0.0743433	0.0339844	0.0125482	0.0742782	0.0123741	0.0850367	0.0772643	0.0515577	0.0229736	0.0266362	0.00345141	0.0338956
56	0.0410184	0.00823396	0.155846	0.214766	0.0066252	0.0340065	0.0306455	0.00929369	0.0652519	0.0364923	0.0129109	0.0670181	0.0142565	0.108956	0.067633	0.0589621	0.0305331	0.0198937	0.00167419	0.0159825
57	0.331057	0.0906569	0.00756727	0.00909512	0.00831255	0.0970333	0.00849933	0.0229534	0.00391239	0.0385462	0.0133177	0.0255739	0.00698773	0.00549261	0.0076285	0.222974	0.0497213	0.0292749	0.00228887	0.0191068
58	0.0187418	0.0066086	0.00173879	0.00190081	0.0274089	0.00241774	0.00273619	0.239914	0.00190253	0.395569	0.104287	0.00342057	0.00254188	0.0042788	0.00526714	0.0107669	0.0200994	0.138455	0.00561448	0.00633045
59	0.0305355	0.00947561	0.00437459	0.00662123	0.0876651	0.00588059	0.0117142	0.152328	0.0119595	0.334612	0.120906	0.00937724	0.00222042	0.0091193	0.0096446	0.0212755	0.0266188	0.0969412	0.0159657	0.0327649
60	0.0198983	0.030362	0.0115067	0.0257375	0.020668	0.0108096	0.265711	0.0421799	0.0167144	0.0641723	0.0223035	0.0600455	0.00401526	0.138532	0.0224374	0.0531798	0.0210266	0.045126	0.00739258	0.118182
61	0.416499	0.0276233	0.0190858	0.0253707	0.0133449	0.05889	0.0160274	0.0245416	0.0183833	0.0234793	0.0104457	0.0371176	0.0125845	0.0194003	0.0234697	0.156892	0.0440441	0.0306631	0.00373736	0.0184004
62	0.0422133	0.0120807	0.00174861	0.00273754	0.0367272	0.0121424	0.00338909	0.354008	0.00366745	0.134727	0.0600018	0.00374506	0.00244421	0.00202944	0.00337629	0.0166712	0.0438807	0.252505	0.0036488	0.00825664
63	0.0409134	0.00937319	0.113729	0.169963	0.0080896	0.0318687	0.0321035	0.0142445	0.0951725	0.0385268	0.0166666	0.0687553	0.012087	0.105631	0.0992307	0.0627904	0.0362772	0.022686	0.00331844	0.018572
64	0.0637203	0.0242024	0.0597257	0.0886826	0.0259245	0.0186681	0.0497957	0.0482478	0.117062	0.0672964	0.0194336	0.0435386	0.00846835	0.06695	0.0868329	0.0640324	0.0300606	0.0622905	0.00808155	0.0469863
65	0.0230487	0.00593323	0.244445	0.111856	0.0108217	0.097741	0.0460461	0.00675763	0.0441344	0.0245855	0.00764787	0.141325	0.0334242	0.0607011	0.0314212	0.0547429	0.0192841	0.0123705	0.0018333	0.0218809
66	0.0493664	0.0147174	0.0377641	0.0333752	0.0588539	0.0166867	0.12051	0.0122623	0.051192	0.0344133	0.011553	0.13942	0.00423345	0.0772913	0.055846	0.0852743	0.0351601	0.0349836	0.0165729	0.110523
67	0.0422199	0.00912644	0.158064	0.182486	0.00568795	0.0329581	0.0416718	0.00914274	0.0759626	0.0329778	0.00992341	0.068183	0.0319144	0.0945373	0.0722258	0.0584053	0.0312919	0.0229152	0.00232694	0.0179797
68	0.0472302	0.0142928	0.00204109	0.00317501	0.0632602	0.014062	0.0041838	0.299824	0.00430918	0.183346	0.0735085	0.00417181	0.0030762	0.00240523	0.00407752	0.0148907	0.0384878	0.203462	0.00717339	0.0130232
69	0.127507	0.0471703	0.00197605	0.00582894	0.0457771	0.0321412	0.0023516	0.136905	0.00962651	0.0967381	0.0527783	0.00646239	0.000728267	0.00272133	0.00500708	0.0911046	0.113943	0.208612	0.00770436	0.00491678
70	0.0398807	0.0113922	0.0292069	0.0966614	0.0082507	0.0188845	0.0361951	0.0286119	0.170838	0.0558881	0.0299229	0.0511844	0.0123496	0.106623	0.177199	0.0429817	0.0292724	0.02921	0.00527314	0.0201745
71	0.0814679	0.0394683	0.0190302	0.0255788	0.0131329	0.0077354	0.0109517	0.119825	0.0392768	0.183799	0.061587	0.0234392	0.00265315	0.0335279	0.0390273	0.0431943	0.104653	0.138512	0.00247152	0.0106689
72	0.0151006	0.0058787	0.00180776	0.00180608	0.0239827	0.000825757	0.00267637	0.213517	0.00189281	0.444333	0.11166	0.00335854	0.002417	0.00485163	0.00587228	0.0112572	0.0174732	0.119883	0.00572159	0.00568525
73	0.0179922	0.00632823	0.00168507	0.00182102	0.0262861	0.00234308	0.00265268	0.244035	0.00196849	0.392285	0.101026	0.00332259	0.00253542	0.00416221	0.0052629	0.0105894	0.0204315	0.143942	0.00532972	0.00600146
74	0.052886	0.0100659	0.10278	0.129075	0.0138152	0.0627297	0.0266247	0.0282028	0.0778124	0.0492412	0.0245838	0.0632125	0.0234682	0.0712005	0.0604107	0.0789591	0.0675616	0.033711	0.00824131	0.0154189
75	0.0343616	0.00898292	0.284188	0.114618	0.00601322	0.0286388	0.0492823	0.00305419	0.0509381	0.0236698	0.00520036	0.124421	0.0688468	0.0521528	0.02383	0.0603629	0.0274147	0.0144783	0.00229799	0.0172486
76	0.0136347	0.0098146	0.0722937	0.0190614	0.0159703	0.0377187	0.0496578	0.005301	0.0875492	0.00932152	0.0129616	0.281274	0.00286936	0.0103314	0.0720514	0.192996	0.0822389	0.00935057	0.00396157	0.0116425
77	0.0872005	0.0208403	0.0774517	0.0611055	0.0204393	0.0650182	0.0281949	0.018426	0.0279573	0.0326806	0.0116933	0.0520734	0.0746448	0.0481526	0.0323216	0.178324	0.111357	0.0299928	0.00447759	0.017648
78	0.0487725	0.0176595	0.131606	0.157579	0.0133231	0.029434	0.0365261	0.0131459	0.0725932	0.043251	0.0166581	0.0583093	0.0347398	0.0835465	0.0795237	0.0673724	0.0386081	0.0245042	0.00407835	0.0287696
79	0.0164624	0.0191314	0.00154182	0.00602661	0.469964	0.00654723	0.0146406	0.049561	0.00361462	0.0835804	0.0269111	0.00536298	0.00238974	0.00205386	0.0036289	0.0179414	0.0112803	0.0368024	0.00839411	0.214165
80	0.0802092	0.00960238	0.0621901	0.0323043	0.013108	0.0180929	0.0315514	0.0131524	0.010355	0.031044	0.00923612	0.0114711	0.260483	0.0762994	0.0651555	0.186752	0.0535841	0.0154617	0.00298488	0.016963
81	0.0875264	0.00935242	0.0576148	0.027655	0.0128196	0.017674	0.0326619	0.0127863	0.00891387	0.0287093	0.00875063	0.00896912	0.268073	0.0815488	0.0671339	0.190861	0.0462802	0.0134279	0.00301186	0.0162303
82	0.034651	0.0091851	0.141172	0.118265	0.0239393	0.102526	0.0597079	0.0121081	0.0553287	0.0290841	0.00989336	0.102558	0.01477	0.0682899	0.0593965	0.0615955	0.02629	0.0271757	0.00531268	0.0387512
83	0.112396	0.0150886	0.0121326	0.0175611	0.00907986	0.0264401	0.0111895	0.0242489	0.00459083	0.0220657	0.00829837	0.00601294	0.582374	0.0178811	0.0111108	0.0615696	0.026753	0.0263799	0.0012298	0.00359643
84	0.0171454	0.00622178	0.00187219	0.0017769	0.0249351	0.00224232	0.00275665	0.250134	0.00174077	0.386914	0.0989095	0.00323123	0.00234986	0.00403923	0.00519799	0.0102586	0.0202192	0.149154	0.00487687	0.0060237
85	0.0254268	0.00803074	0.00482446	0.00661147	0.0219154	0.00571406	0.0053955	0.279992	0.0163433	0.179317	0.161468	0.00717103	0.00260862	0.0156988	0.0113841	0.0254744	0.0377308	0.169232	0.00416705	0.0114946
86	0.0270808	0.00855574	0.00714591	0.0132622	0.0420765	0.00568579	0.0192596	0.1015	0.0393671	0.305068	0.14088	0.0243784	0.0031073	0.0302988	0.0353808	0.0371521	0.0435311	0.0800482	0.00699647	0.0292246
87	0.571691	0.0270961	0.00460927	0.0035539	0.00784211	0.0577362	0.00982543	0.0156515	0.00465287	0.0115564	0.00662144	0.00992836	0.00444359	0.00643393	0.00779031	0.185135	0.0328731	0.0218579	0.00126543	0.00943648
88	0.588745	0.026262	0.00422305	0.00234322	0.00792499	0.0432785	0.0110197	0.00925574	0.0046831	0.0101721	0.00575069	0.00757784	0.00189282	0.0056115	0.00668991	0.198687	0.0355811	0.0185069	0.00095088	0.0108436
89	0.0259898	0.033869	0.00896971	0.0330402	0.0138293	0.0259879	0.208013	0.0652249	0.0339262	0.0654039	0.0362074	0.0324673	0.00437185	0.214746	0.019804	0.0519574	0.0189374	0.0296803	0.00521321	0.0723614
90	0.0364026	0.00857957	0.1636	0.172354	0.00777918	0.0307756	0.0410608	0.00835345	0.0589523	0.0350388	0.0122162	0.129411	0.0155004	0.0944922	0.0608242	0.0608316	0.0262309	0.0185703	0.001907	0.0171203
91	0.0248555	0.0193258	0.00282007	0.00798505	0.405535	0.00735528	0.0255683	0.0490355	0.00464996	0.0737124	0.0257863	0.00973555	0.00416255	0.00473564	0.00849952	0.019461	0.0124121	0.0385541	0.00886013	0.24695
92	0.0419969	0.00929685	0.177151	0.188616	0.00538434	0.0321443	0.0415887	0.00726023	0.0668134	0.0307886	0.00843141	0.0713444	0.033844	0.0920009	0.0608331	0.0591389	0.030127	0.0232484	0.00219018	0.0178014
93	0.0290981	0.00990721	0.0021218	0.00379193	0.030964	0.0084493	0.00370886	0.376525	0.00424607	0.13721	0.0713789	0.00448635	0.00236459	0.00326282	0.00442996	0.0116235	0.0411906	0.24386	0.00266186	0.00871864
94	0.0272022	0.00665194	0.0015948	0.00213937	0.0310268	0.00735085	0.00334346	0.349516	0.00207436	0.205973	0.0702517	0.00351009	0.00255554	0.00218928	0.00297778	0.00819247	0.0324929	0.228767	0.00332712	0.00886399
95	0.0428679	0.0136988	0.0301934	0.0736035	0.0189051	0.0189575	0.0505854	0.0193032	0.146419	0.0394844	0.0233244	0.0901396	0.00915237	0.0863546	0.145838	0.0681056	0.0388119	0.0281333	0.0119007	0.0442213
96	0.0219522	0.00476196	0.00242745	0.00213331	0.0262746	0.00109662	0.00404419	0.201482	0.00263369	0.404128	0.148124	0.00443526	0.00195107	0.00506894	0.00533554	0.0122732	0.0216181	0.107575	0.0114927	0.0111929
97	0.0369902	0.023458	0.00296106	0.00526716	0.220383	0.0103695	0.0086712	0.120101	0.00476157	0.275507	0.0632597	0.0039108	0.00291516	0.00337271	0.00496951	0.0213951	0.0210397	0.0835779	0.0115599	0.07553
98	0.0297532	0.0038771	0.00662684	0.0116411	0.107331	0.0054731	0.0177121	0.141089	0.0133507	0.316692	0.102819	0.00913224	0.00142679	0.00432837	0.00822679	0.0181254	0.0317255	0.107682	0.0197392	0.0432487
99	0.0592885	0.0115151	0.109409	0.0709998	0.0150387	0.0479647	0.0201336	0.0315883	0.0583929	0.126723	0.0556979	0.0542458	0.012642	0.0614863	0.0352663	0.0833886	0.0794948	0.0516461	0.00635265	0.00872608
100	0.0103272	0.0170329	0.00267769	0.00322047	0.0104617	0.00957056	0.0318873	0.0133194	0.247832	0.0290356	0.0115887	0.0158343	0.00199917	0.0409358	0.497605	0.0274691	0.0124214	0.00556452	0.00776134	0.00345651
101	0.0381523	0.0109816	0.0428885	0.0902218	0.00961277	0.0317821	0.0367534	0.025172	0.157444	0.0524594	0.0267291	0.056274	0.0191969	0.0997807	0.170748	0.0456612	0.0313552	0.0276185	0.00514972	0.0220183
102	0.0856772	0.0119544	0.096763	0.0717785	0.0663258	0.0408233	0.170211	0.0240607	0.0222659	0.0590608	0.0401074	0.0262993	0.00816442	0.0496065	0.0254684	0.0432351	0.0293491	0.0719917	0.0294757	0.0273822
103	0.0423932	0.0287231	0.0223456	0.0244184	0.00988245	0.0196415	0.0107182	0.0290263	0.0985591	0.052308	0.00892899	0.0812281	0.0130115	0.0409283	0.0781788	0.174996	0.215354	0.0137103	0.00413076	0.0315169
104	0.0231877	0.00559978	0.00186765	0.00300765	0.0271645	0.00579098	0.00315381	0.353631	0.00226354	0.221684	0.073102	0.00342242	0.00229686	0.00271389	0.00340082	0.00821753	0.0297702	0.219097	0.00296741	0.00766106
105	0.0427823	0.00971522	0.190298	0.175323	0.00526839	0.0301914	0.0447827	0.00593942	0.0639988	0.0290756	0.00697347	0.075726	0.0469639	0.0834852	0.0538813	0.060782	0.030355	0.0232876	0.00243036	0.0187396
106	0.0394225	0.0117511	0.0247246	0.0839895	0.00839365	0.0183304	0.0370064	0.0288248	0.17542	0.0568223	0.0312374	0.0520216	0.012822	0.105535	0.185325	0.0430777	0.0295011	0.0297618	0.00545582	0.0205781
107	0.0773651	0.0144579	0.0122564	0.0184507	0.0171709	0.0210004	0.0173412	0.0520637	0.00933011	0.0372341	0.0165908	0.00939734	0.453166	0.0260163	0.0162377	0.0554862	0.0573861	0.070322	0.00566917	0.0130578
108	0.0597831	0.0168009	0.0529798	0.0796655	0.0292087	0.0232481	0.0839851	0.0192954	0.078223	0.038781	0.0162188	0.0965611	0.0101569	0.0698245	0.0884672	0.0791581	0.0409474	0.035078	0.0131799	0.0684375
109	0.0375662	0.0101564	0.264951	0.118163	0.00602364	0.0283722	0.0502183	0.00384208	0.0547109	0.024962	0.00524166	0.111596	0.070202	0.0568067	0.0289146	0.0623813	0.0302089	0.016185	0.00259127	0.0169073
110	0.0445589	0.0534917	0.0321565	0.0140582	0.0365955	0.011331	0.0332425	0.206263	0.0133343	0.0723751	0.0109568	0.0332302	0.0849226	0.013499	0.0570596	0.0722912	0.0351741	0.106085	0.0127752	0.0566
111	0.0984647	0.0255269	0.0478091	0.044963	0.055687	0.0100054	0.0773798	0.0304207	0.0196935	0.0926805	0.0227862	0.0355917	0.00539619	0.0386059	0.0752369	0.0903449	0.0705897	0.028006	0.0171026	0.113709
112	0.199954	0.0529113	0.0158048	0.0610369	0.0180473	0.0603924	0.0141859	0.0204596	0.0157395	0.0296952	0.0124101	0.0322355	0.0168907	0.0208646	0.0188393	0.208997	0.122616	0.0501893	0.00254367	0.0261864
113	0.0369006	0.0107533	0.0216304	0.0740735	0.0120285	0.0165444	0.037469	0.0331315	0.159768	0.0812954	0.0479558	0.0528022	0.0108254	0.101809	0.166533	0.0462873	0.032708	0.0292448	0.00544642	0.0227934
114	0.0956471	0.0241299	0.0487401	0.0727098	0.0259668	0.0200262	0.0526985	0.025639	0.0506885	0.0683442	0.0263391	0.0484957	0.00765418	0.0609866	0.0807684	0.10255	0.0783179	0.0311163	0.0168654	0.0623162
115	0.0415143	0.0107564	0.0423556	0.083193	0.0131757	0.0327033	0.0390425	0.0380443	0.144736	0.0659936	0.0357241	0.0497117	0.0128504	0.0893671	0.153518	0.0476913	0.0355106	0.0347283	0.00773472	0.0216492
116	0.0152527	0.00626528	0.00207927	0.00267319	0.0265492	0.00117333	0.00323797	0.203086	0.00257132	0.451682	0.108961	0.00499349	0.00225016	0.00553736	0.00702232	0.0117145	0.0183516	0.11551	0.00527276	0.00581726
117	0.0539727	0.0142996	0.109488	0.032342	0.0419196	0.0122859	0.104322	0.015492	0.0253233	0.0745313	0.0338147	0.165838	0.00452319	0.0446182	0.0547213	0.0792393	0.0346338	0.0224271	0.00974857	0.0664592
118	0.175339	0.0413189	0.00971414	0.0343431	0.0170624	0.0864114	0.0300543	0.102668	0.0142118	0.0741381	0.0197991	0.0175735	0.00879686	0.0124286	0.0151417	0.0671424	0.155719	0.0810193	0.00486598	0.0322525
119	0.0158322	0.0224549	0.00221568	0.00819358	0.438869	0.00784474	0.0203898	0.0448838	0.00392666	0.0750257	0.023781	0.00655973	0.00238631	0.00369487	0.00383911	0.0185519	0.0101253	0.03234	0.00917273	0.249913
120	0.0103272	0.0170329	0.00267769	0.00322047	0.0104617	0.00957056	0.0318873	0.0133194	0.247832	0.0290356	0.0115887	0.0158343	0.00199917	0.0409358	0.497605	0.0274691	0.0124214	0.00556452	0.00776134	0.00345651
121	0.587891	0.0291654	0.00374337	0.00250773	0.00437401	0.0850933	0.00788886	0.020086	0.00400667	0.00730268	0.00275722	0.0104922	0.00521355	0.00683017	0.00713382	0.166211	0.0221805	0.0185751	0.00110776	0.00743966
122	0.0362509	0.0111873	0.0100872	0.0180614	0.0561162	0.0107744	0.0139965	0.188123	0.0349811	0.220099	0.0753686	0.011163	0.00542096	0.0139698	0.0321438	0.0303911	0.047504	0.13605	0.0158441	0.032468
123	0.461897	0.0506068	0.00566707	0.00551664	0.0109484	0.0473821	0.0114643	0.0111418	0.00437519	0.0235447	0.00996537	0.0107379	0.00193823	0.00458732	0.00664141	0.230156	0.0579928	0.0261198	0.00131585	0.0180013
124	0.0269833	0.011584	0.14828	0.0452211	0.0149072	0.027751	0.0464327	0.0124584	0.0446372	0.0390532	0.0175882	0.247701	0.011202	0.0356085	0.0364967	0.145285	0.0491261	0.0147246	0.00559841	0.0193619
125	0.149392	0.0361293	0.0194238	0.0587735	0.0150079	0.0845713	0.0136187	0.0223608	0.016208	0.0220618	0.0047974	0.0310832	0.273227	0.0216358	0.0319948	0.11265	0.0432932	0.0311119	0.00123133	0.0114275
126	0.319919	0.0425635	0.00485954	0.0065102	0.0390253	0.0308713	0.00928706	0.0432889	0.0060642	0.0486605	0.0286711	0.0109766	0.00337651	0.00442013	0.00588503	0.194105	0.0975749	0.0869849	0.00383009	0.013126
127	0.0150484	0.024322	0.00349138	0.0108769	0.403811	0.00861213	0.027287	0.0406329	0.00514405	0.0701479	0.0214786	0.00789391	0.00250427	0.00611152	0.00398112	0.0199144	0.00961778	0.0297747	0.0118106	0.277539
128	0.0173931	0.0062002	0.00212355	0.00200172	0.0222456	0.00129694	0.00300574	0.237227	0.00322221	0.388785	0.134924	0.00393351	0.00204812	0.00533251	0.00568796	0.012169	0.0184597	0.120129	0.006698	0.00711746
129	0.233781	0.132672	0.015455	0.00997048	0.0127195	0.0390279	0.0134951	0.0175267	0.00525959	0.0685683	0.0203408	0.0194233	0.00273757	0.00455444	0.00659008	0.249716	0.0721487	0.0398823	0.00338585	0.0327452
130	0.0616535	0.0236001	0.0380941	0.0579292	0.0353026	0.0284246	0.0615302	0.00729572	0.0811808	0.0130372	0.00783771	0.14486	0.00603373	0.0424388	0.0681779	0.130975	0.0771056	0.031336	0.0180096	0.0651776
131	0.0427088	0.00968865	0.167821	0.187787	0.0055167	0.0322308	0.0420508	0.00757014	0.0689517	0.0312577	0.00872058	0.0694284	0.0341687	0.0931381	0.0636327	0.0600025	0.0315618	0.0231641	0.00262065	0.0179792
132	0.028386	0.0091863	0.289679	0.0903002	0.0104029	0.0346057	0.0411589	0.0077309	0.0405492	0.0267855	0.0110555	0.170123	0.0372204	0.0457993	0.0261678	0.0697024	0.0269203	0.0143561	0.00261715	0.0172541
133	0.107002	0.0143319	0.0108312	0.0166624	0.0102569	0.0238634	0.0123294	0.0269357	0.00505334	0.0259799	0.0108772	0.0050731	0.574815	0.0195791	0.0130201	0.0614608	0.0280924	0.0282936	0.00149705	0.00404561
134	0.0266041	0.00610292	0.00163462	0.00236458	0.0299234	0.0084103	0.00348894	0.399938	0.00198273	0.138874	0.0577616	0.00371437	0.00249826	0.00162348	0.00215129	0.00712033	0.0360616	0.259215	0.00220417	0.00832613
135	0.0246891	0.0073255	0.0109896	0.0352454	0.0480785	0.00926681	0.0398786	0.0384177	0.0359982	0.279184	0.151064	0.0550415	0.00416788	0.0357695	0.044899	0.0679813	0.0381845	0.0318332	0.00647994	0.0355064
136	0.121439	0.0304789	0.0199214	0.0757976	0.021522	0.0500605	0.0142389	0.0188805	0.0265412	0.016325	0.0075861	0.0419518	0.0120956	0.0333207	0.0170031	0.188423	0.209011	0.0536587	0.00244094	0.0393044
137	0.248403	0.075418	0.00540597	0.00607476	0.0272228	0.0501334	0.00622709	0.0641289	0.00589807	0.0712978	0.0296948	0.0126679	0.00213408	0.00308101	0.00387313	0.191313	0.0895736	0.0892603	0.00442717	0.0137653
138	0.0193962	0.018434	0.00201683	0.0060387	0.433107	0.00693191	0.0140237	0.0598534	0.00472959	0.110399	0.0361203	0.00536596	0.00245697	0.00241493	0.00406881	0.0194837	0.0138555	0.0440987	0.00961206	0.187592
139	0.0399748	0.00819808	0.152017	0.216869	0.00669397	0.0340679	0.0292892	0.00955638	0.0653739	0.0374435	0.0139134	0.0677622	0.0113295	0.112859	0.0683615	0.0588458	0.0307296	0.0194124	0.00159774	0.0157048
140	0.0264325	0.00841026	0.00588307	0.00912636	0.0595952	0.00506399	0.0174012	0.155736	0.0111132	0.37188	0.107282	0.0118378	0.00227436	0.0107069	0.0112873	0.0210297	0.0269042	0.104682	0.0103524	0.0230015
141	0.138117	0.0273556	0.0140921	0.0289464	0.0403785	0.150458	0.0188214	0.0429238	0.0169019	0.0230052	0.0110522	0.0487985	0.018997	0.019231	0.0539957	0.177727	0.0495651	0.0563342	0.00666637	0.0566335
142	0.0539132	0.0194912	0.0290255	0.0557961	0.032838	0.0222338	0.0664997	0.0080826	0.109748	0.0172458	0.0104984	0.145184	0.00306286	0.0563324	0.0933403	0.103816	0.0542177	0.0287333	0.0221984	0.067743
143	0.0409998	0.00840171	0.14418	0.207025	0.00674963	0.0336705	0.0325436	0.0112305	0.0758144	0.0383116	0.0134822	0.0649345	0.0147611	0.104662	0.0743928	0.0577417	0.0308998	0.0215469	0.0020206	0.0166312
144	0.0285096	0.0136871	0.00248298	0.00298823	0.0665882	0.00568377	0.00472762	0.177948	0.00335596	0.405321	0.104901	0.00373063	0.00253264	0.00438891	0.0055493	0.0161798	0.0213024	0.107191	0.00981054	0.0131221
145	0.0398446	0.0116852	0.0249527	0.0845944	0.00839956	0.0184211	0.0370526	0.0287982	0.173963	0.0570891	0.0310962	0.0522851	0.0127474	0.105928	0.184458	0.0433025	0.0297365	0.0295711	0.0054362	0.0206392
146	0.0395425	0.0117681	0.0292241	0.0896434	0.00837704	0.0187528	0.0367102	0.0278623	0.169654	0.0564759	0.0308381	0.0530806	0.0124884	0.106677	0.180095	0.0437891	0.0298554	0.0293667	0.00526895	0.0205297
147	0.0613222	0.047607	0.0234095	0.042171	0.0170331	0.0109786	0.0479774	0.0716056	0.0741142	0.151081	0.0346398	0.0556429	0.00799141	0.0652829	0.0766745	0.0456881	0.0461985	0.0904037	0.00454131	0.0256373
148	0.591082	0.0289057	0.003903	0.00245846	0.00437025	0.0705122	0.0086447	0.0153715	0.00412605	0.00777302	0.0031182	0.0099053	0.00392646	0.00697796	0.00699145	0.181668	0.0250839	0.0161296	0.000989144	0.00806279
149	0.0403213	0.0199378	0.0653923	0.0731277	0.0359686	0.018033	0.03793	0.0107625	0.0932732	0.0297337	0.0182891	0.13333	0.00512648	0.0479118	0.122654	0.100487	0.061748	0.0330072	0.0108331	0.0421327
150	0.0373734	0.015892	0.00978714	0.023577	0.0303463	0.00761319	0.0081571	0.258439	0.0278406	0.111816	0.0728974	0.0107386	0.00245431	0.0158204	0.0315242	0.0367234	0.08564	0.190523	0.00510825	0.0177285
151	0.0497289	0.0108414	0.167608	0.177712	0.0082376	0.0385356	0.0338677	0.0114461	0.0602466	0.035696	0.0119204	0.0758636	0.0270935	0.08362	0.0574408	0.0669481	0.0333484	0.0303348	0.00236297	0.0171478
152	0.0388304	0.0112055	0.0561269	0.0823636	0.0108816	0.025675	0.0410495	0.022618	0.141548	0.0517626	0.0237807	0.0542135	0.0452766	0.0936334	0.142411	0.05074	0.0427427	0.0275893	0.0055573	0.0319942
153	0.0565367	0.0237409	0.0383086	0.0888809	0.0236023	0.0164123	0.0768597	0.0526058	0.0432541	0.0670686	0.0194141	0.0419287	0.00930079	0.0697139	0.0451979	0.103459	0.0343222	0.118447	0.00679767	0.0641486
154	0.0159129	0.0198927	0.00142881	0.00580591	0.48081	0.00660032	0.0147757	0.0464499	0.00304607	0.077352	0.024913	0.00512356	0.0024604	0.0020025	0.00352245	0.0181949	0.0104627	0.0337628	0.00802532	0.219458
155	0.0403365	0.0117361	0.0250834	0.084655	0.00847459	0.0184984	0.0368303	0.0287579	0.173038	0.0568662	0.0313277	0.0521279	0.0127631	0.105039	0.184648	0.0437847	0.0299133	0.0296389	0.00542729	0.0210545
156	0.0329138	0.0164597	0.0198906	0.0298131	0.127324	0.0141444	0.0517396	0.0382904	0.0562399	0.106819	0.0533064	0.0395967	0.00864836	0.0605889	0.0400839	0.0490068	0.030026	0.0377845	0.0148191	0.172504
157	0.0406162	0.011705	0.0261396	0.0853854	0.00851536	0.0190287	0.0368081	0.0293182	0.171529	0.0586419	0.0313544	0.0521612	0.0126994	0.104146	0.181826	0.0440295	0.0302099	0.0297939	0.00547747	0.0206151
158	0.0400371	0.00818909	0.153027	0.217706	0.00663675	0.0341675	0.0292098	0.00939402	0.0648169	0.0371986	0.0137635	0.0678331	0.0114297	0.112741	0.067669	0.0589719	0.0306761	0.019334	0.001563	0.0156368
159	0.0273057	0.00645025	0.00737835	0.0212004	0.0682424	0.00631908	0.0282719	0.128528	0.0190051	0.328601	0.116452	0.0188816	0.00260672	0.0132651	0.016061	0.0290488	0.0318474	0.0862413	0.0133149	0.0309792
160	0.187682	0.0486638	0.0263964	0.0745475	0.0139101	0.106073	0.0146815	0.0288443	0.0254049	0.0248697	0.0044752	0.0480498	0.0435621	0.0269698	0.0390757	0.151525	0.0677796	0.0476719	0.00204444	0.0177731
161	0.0399171	0.00823683	0.153565	0.217102	0.00666733	0.0340327	0.0294842	0.00935245	0.0648578	0.0372324	0.0137418	0.0680945	0.0116483	0.11258	0.0672785	0.058845	0.0307852	0.0193219	0.0015719	0.0156851
162	0.0159267	0.0197136	0.00139306	0.00579094	0.480658	0.00660611	0.0146308	0.0464299	0.00302888	0.0773187	0.0249698	0.00503328	0.00245494	0.00194943	0.00348499	0.0181818	0.0105222	0.0338298	0.00802888	0.220049
163	0.171941	0.0474738	0.00108706	0.00176812	0.0507761	0.0375336	0.00146537	0.120047	0.00637678	0.0954535	0.0515879	0.00437796	0.000398175	0.000886683	0.00120133	0.108654	0.109494	0.178669	0.00818778	0.00261946
164	0.0436235	0.0485587	0.00703687	0.0304397	0.026453	0.0121663	0.00894738	0.149569	0.0264567	0.0932876	0.0689958	0.0172325	0.00372886	0.0127565	0.0249647	0.0640338	0.104432	0.229919	0.00500927	0.0223892
165	0.0415309	0.0083434	0.158657	0.21017	0.00614461	0.0348781	0.032221	0.00904213	0.0657945	0.0354018	0.0123002	0.0680104	0.0158666	0.105299	0.0675677	0.0601305	0.0303179	0.0207864	0.00169555	0.0158425
166	0.0415819	0.0263853	0.00162287	0.00193536	0.0905538	0.0108004	0.00215022	0.166536	0.00159844	0.388863	0.0869248	0.00197334	0.0033904	0.00398991	0.00525626	0.0213394	0.0222097	0.106432	0.00832478	0.00813207
167	0.019508	0.00736176	0.00174376	0.00187613	0.0302257	0.00277809	0.00282678	0.231666	0.00209735	0.397807	0.107262	0.00339926	0.00252475	0.0042757	0.00535767	0.011402	0.0200295	0.135858	0.00561825	0.00638276
168	0.0893396	0.0261298	0.1197	0.153135	0.00939329	0.079622	0.0266997	0.0128635	0.0464263	0.0294932	0.0073031	0.0673705	0.0363186	0.0686452	0.0524086	0.0878349	0.0397738	0.0297988	0.00222295	0.0155213
169	0.0368697	0.0157401	0.0565546	0.122501	0.0154683	0.0273938	0.032261	0.0235064	0.117796	0.0728543	0.0364875	0.0649228	0.0104394	0.112935	0.122217	0.0465009	0.0305835	0.0268425	0.00470474	0.0234207
170	0.140556	0.0717937	0.00214208	0.00285245	0.0478175	0.0348015	0.0014317	0.129034	0.00716372	0.092547	0.0486863	0.00494963	0.000754854	0.00125085	0.00196686	0.099456	0.107526	0.192363	0.0087076	0.004199
171	0.0356305	0.0122531	0.0318784	0.0769538	0.0106107	0.0186074	0.0443491	0.0250873	0.161925	0.0544808	0.0261272	0.0582707	0.0109723	0.102924	0.205879	0.044185	0.0271537	0.026357	0.00556201	0.0207937
172	0.0278672	0.00491421	0.0413261	0.00561026	0.00578233	0.078954	0.0364932	0.00678969	0.0133894	0.00954663	0.00577484	0.144678	0.005423	0.00766892	0.0127683	0.315261	0.260519	0.0106081	0.00201186	0.00461365
173	0.0930472	0.0119678	0.0189305	0.0181492	0.0122569	0.0450613	0.0207161	0.0179244	0.0138932	0.0132221	0.011165	0.052816	0.0271016	0.0266446	0.0156698	0.313615	0.237108	0.0339272	0.00172282	0.0150613
174	0.040221	0.00817357	0.154165	0.216284	0.0065358	0.0344401	0.0296782	0.00928081	0.06505	0.0367653	0.0133931	0.0678978	0.0122367	0.111403	0.0677808	0.0592368	0.0305886	0.0195489	0.00157529	0.0157452
175	0.0437123	0.00979429	0.153738	0.194264	0.00813604	0.0361807	0.0311357	0.010312	0.062516	0.0363861	0.0137239	0.0737811	0.0180949	0.101796	0.0616789	0.0666462	0.0376466	0.0206408	0.00263368	0.0171834
176	0.0182495	0.00679547	0.00188048	0.00206317	0.0290918	0.00204389	0.00294051	0.21983	0.00215233	0.418778	0.108939	0.00344106	0.00270207	0.00514494	0.00594716	0.0113735	0.0191716	0.125248	0.00747943	0.00672845
177	0.0433918	0.0108407	0.0357773	0.0936814	0.00877929	0.0229503	0.0363167	0.0301323	0.161331	0.0569362	0.0296616	0.0525162	0.0133695	0.0994685	0.170511	0.0459723	0.0309564	0.0306982	0.00562319	0.0210854
178	0.0776055	0.0409492	0.0274663	0.0291867	0.0113268	0.00689831	0.0109716	0.110684	0.0420393	0.189292	0.061855	0.0252568	0.0028173	0.0367899	0.0382431	0.0448775	0.0997791	0.131873	0.0022515	0.00983751
179	0.0211229	0.00772936	0.00159905	0.00180628	0.0301215	0.003376	0.00225423	0.258033	0.00172752	0.366417	0.0974669	0.00297256	0.0024585	0.00367839	0.0050194	0.0109745	0.0201345	0.151879	0.00511805	0.00611115
180	0.0257815	0.0110783	0.00190954	0.00217484	0.0489849	0.00435901	0.00347532	0.196533	0.0023759	0.410743	0.109586	0.00338667	0.00244602	0.00420914	0.00559321	0.0133284	0.0199857	0.117771	0.00724525	0.00903249
181	0.0138796	0.0109402	0.0607989	0.0163937	0.0135628	0.0320143	0.0453097	0.00703402	0.110011	0.0122837	0.0159741	0.277593	0.00261054	0.011668	0.0793986	0.186518	0.0788407	0.00952439	0.00399156	0.0116528
182	0.0474925	0.0144915	0.05668	0.0779174	0.0331927	0.0461677	0.0767558	0.00929794	0.0848692	0.019889	0.0088436	0.133508	0.00467783	0.0651719	0.0816144	0.0857397	0.0392222	0.029611	0.0147131	0.0701442
183	0.167975	0.049632	0.0264685	0.0729128	0.0151524	0.119868	0.0138105	0.0240901	0.0235675	0.0193212	0.00338484	0.053032	0.0546894	0.0229969	0.0364011	0.152838	0.0824789	0.041765	0.00172661	0.0178885
184	0.037961	0.0336967	0.0220926	0.0543223	0.0341317	0.0164734	0.0223848	0.0353564	0.0797153	0.160897	0.0278903	0.0660534	0.0271748	0.0440431	0.14127	0.0422289	0.0554572	0.0735289	0.00632776	0.0189945
185	0.0240959	0.0109243	0.00221774	0.00278763	0.0485941	0.00437507	0.00335702	0.195899	0.00300401	0.417821	0.0972239	0.00329313	0.00270504	0.00454777	0.00680403	0.0138096	0.0221803	0.121099	0.00693984	0.00832092
186	0.0456564	0.00797461	0.121247	0.174076	0.00777282	0.0370872	0.0319647	0.0179512	0.0888563	0.0440351	0.0179742	0.0643185	0.0144443	0.0988675	0.0884312	0.0578915	0.0335375	0.0267992	0.00311937	0.0179957
187	0.0268992	0.00609562	0.00537574	0.0115292	0.0434643	0.00549636	0.0288576	0.065328	0.05749	0.196244	0.168155	0.0402614	0.00167892	0.0534968	0.049127	0.0630787	0.0725002	0.0515314	0.00603292	0.0473574
188	0.368106	0.0302543	0.0123973	0.0186894	0.02994	0.0425211	0.0619018	0.016927	0.0176425	0.0248198	0.0110422	0.0318362	0.00745958	0.0459753	0.0246477	0.118167	0.0348141	0.0226799	0.00739735	0.0727808
189	0.0229652	0.00948126	0.00162438	0.00182319	0.0325448	0.00407035	0.00237932	0.267341	0.00205236	0.345997	0.100214	0.00310781	0.00254086	0.00389701	0.00493706	0.0109683	0.0208758	0.151698	0.00523064	0.00625191
190	0.0213691	0.0191462	0.00221348	0.00687693	0.447748	0.00735148	0.0155262	0.0515745	0.00429669	0.0870229	0.027794	0.00655292	0.00329518	0.00271116	0.00501589	0.0215298	0.0159365	0.0429491	0.00873455	0.202356
191	0.0349599	0.010425	0.00254075	0.00357133	0.0369625	0.0101819	0.00398677	0.343403	0.00362348	0.15812	0.0637512	0.00455111	0.00288472	0.00260347	0.00405978	0.015132	0.0414416	0.243962	0.00401577	0.00982304
192	0.305028	0.0240144	0.00732745	0.00821352	0.0374081	0.0285946	0.0100242	0.0263617	0.00663072	0.0258301	0.0188405	0.0278462	0.00756038	0.00687158	0.00999821	0.24659	0.114712	0.0697345	0.00312565	0.0152882
193	0.0387953	0.0177006	0.0322584	0.0538321	0.0205188	0.0166446	0.138813	0.0324499	0.0838444	0.0789993	0.0358092	0.05165	0.00973119	0.117349	0.0781048	0.0701962	0.0332156	0.0330111	0.00737356	0.0497031
194	0.11089	0.0138002	0.013013	0.0173669	0.0086667	0.0231527	0.0123709	0.0235402	0.00408787	0.0227393	0.00833294	0.00466328	0.580035	0.0211448	0.013182	0.0650712	0.0275527	0.0259626	0.00130072	0.00312709
195	0.0484096	0.0171006	0.0280214	0.0380675	0.0515353	0.0204566	0.102558	0.00807723	0.0699614	0.0205089	0.0091955	0.144506	0.00329287	0.062189	0.0651285	0.107069	0.0473804	0.0276735	0.0203484	0.10852
196	0.100328	0.0805534	0.00624436	0.0116121	0.0364299	0.0256027	0.00728647	0.136519	0.013095	0.0951132	0.0465781	0.0185386	0.00289666	0.00966518	0.0112532	0.0978731	0.108887	0.173492	0.00714365	0.0108873
