626	20
1	0.538922	0.00797541	0.00308985	0.0126142	0.00716608	0.0294093	0.00533119	0.0189579	0.00407768	0.00512588	0.00497056	0.0109721	0.00979933	0.00280526	0.0020459	0.177818	0.102392	0.0497352	0.000160392	0.00663179
2	0.00425318	0.00181365	0.000605725	0.00127207	0.0276195	0.000616492	0.00392689	0.0659039	0.00154634	0.756492	0.0371089	0.00102351	0.00228832	0.00632834	0.00862607	0.0134671	0.00576139	0.0554363	0.00204243	0.00386759
3	0.00233174	0.00144399	0.00628225	0.00674136	0.000895033	0.00405338	0.00453849	0.00267377	0.704789	0.00701711	0.00667805	0.0220609	0.00162846	0.0163474	0.191958	0.0057631	0.00850714	0.00287427	0.0005998	0.00281629
4	0.00286807	0.00166522	0.00624618	0.00902555	0.000841919	0.00495828	0.00567666	0.00316201	0.679012	0.00856328	0.00693052	0.0252741	0.00189795	0.018926	0.198451	0.00830196	0.0106602	0.00397186	0.00072988	0.0028375
5	0.0152602	0.00359166	0.00545989	0.00506665	0.00227452	0.911835	0.000978109	0.00210216	0.00330951	0.00160301	0.00376868	0.00619972	0.000626438	0.000963933	0.00895996	0.0173581	0.00622436	0.00352455	0.000272838	0.000620254
6	0.22621	0.00871092	0.00134321	0.00243934	0.00526663	0.0112343	0.00323484	0.00845938	0.00160393	0.00273265	0.0165968	0.00451374	0.00348409	0.00122312	0.00116141	0.267667	0.418894	0.0117359	0.000763338	0.00272653
7	0.00719665	0.0515586	0.0192698	0.00943734	0.0664106	0.0127883	0.324747	0.00776011	0.0284149	0.0125894	0.00178604	0.0823453	0.0247279	0.0488449	0.0234854	0.057141	0.0148509	0.00244821	0.000427069	0.203771
8	0.00235002	0.00159376	0.000615424	0.00144545	0.0267684	0.000545812	0.0045584	0.0526528	0.000731425	0.797351	0.0290093	0.00122228	0.00118947	0.00558125	0.00856603	0.0135115	0.00228554	0.0442671	0.00181488	0.00394047
9	0.00454386	0.00173186	0.000523268	0.001191	0.0270698	0.000646317	0.00368195	0.0647957	0.000810877	0.768379	0.0300661	0.000877783	0.0014995	0.00508084	0.00826798	0.0134729	0.00393665	0.0580101	0.00156898	0.0038454
10	0.00288725	0.00145404	0.00639215	0.00862252	0.000761493	0.00468788	0.00565978	0.00318957	0.681227	0.00830417	0.00711408	0.0236144	0.00186776	0.019031	0.200198	0.00770133	0.0100098	0.00373624	0.000844331	0.00269746
11	0.00885044	0.239217	0.00210763	0.00207666	0.285859	0.00215925	0.0201172	0.0206422	0.00421013	0.0463165	0.0122762	0.00988811	0.00167825	0.00198742	0.0220801	0.0127006	0.0112727	0.00737017	0.00897598	0.280215
12	0.0214381	0.0160526	0.0227189	0.0234558	0.00337745	0.316804	0.0155236	0.0109583	0.184951	0.0139671	0.00824917	0.0531549	0.00332193	0.0280652	0.148446	0.0794103	0.0251582	0.0152276	0.00659926	0.00312075
13	0.0150463	0.0125389	0.00739972	0.0173472	0.00391126	0.0111867	0.0271434	0.0181283	0.214028	0.0256099	0.0116649	0.0249055	0.00308993	0.0690766	0.416432	0.0466537	0.0319974	0.0194072	0.016634	0.00779911
14	0.00567831	0.00667211	0.00471108	0.017379	0.00129063	0.00946742	0.0169216	0.0100065	0.313185	0.013284	0.0105662	0.0250225	0.00284705	0.0443251	0.464677	0.0186091	0.0212684	0.00796145	0.0041156	0.00201235
15	0.0137747	0.00237087	0.00449839	0.00326493	0.00137498	0.942267	0.000305852	0.000347658	0.000508077	0.000446592	0.00125274	0.00482562	0.000168419	0.000248519	0.0065897	0.0127801	0.00305671	0.0015675	0.000114963	0.000236571
16	0.00230951	0.00126217	0.00593532	0.0072358	0.000642378	0.00426607	0.00483226	0.00252652	0.696451	0.00720083	0.00626524	0.0231088	0.00182511	0.01718	0.197385	0.00595089	0.00935345	0.00299921	0.000595863	0.00267425
17	0.0265463	0.00773085	0.00474855	0.00481272	0.010766	0.00555848	0.0199313	0.00771981	0.00540783	0.0157892	0.00362752	0.00879863	0.773516	0.00711601	0.00763963	0.0316124	0.0225444	0.0112655	0.00114657	0.0237226
18	0.0041703	0.00250357	0.00640636	0.0135279	0.000935245	0.00575323	0.00854753	0.0046929	0.635342	0.0129849	0.00857711	0.0271445	0.00215566	0.0262516	0.205383	0.0115592	0.0137651	0.00643791	0.000928358	0.00293363
19	0.00954113	0.00606797	0.00254031	0.00249529	0.368887	0.00166473	0.0104894	0.0993829	0.0031788	0.314892	0.0220871	0.00411941	0.00548576	0.00441391	0.0100959	0.0262418	0.0100958	0.0682631	0.00148743	0.0285704
20	0.0379496	0.387559	0.00580956	0.00460666	0.0584973	0.00775602	0.00810087	0.0351734	0.00692702	0.0283164	0.00889697	0.0122582	0.00394732	0.0061253	0.105861	0.0380839	0.0369046	0.0212911	0.00196211	0.183974
21	0.126606	0.01025	0.0130036	0.0263585	0.00305567	0.0190046	0.0273522	0.0325599	0.0193126	0.051473	0.0234581	0.0198201	0.2706	0.0231885	0.0252769	0.151099	0.101647	0.0517533	0.00095151	0.00323094
22	0.022291	0.00581158	0.00329798	0.00234778	0.384975	0.00280644	0.00978474	0.163061	0.00442131	0.132687	0.0327736	0.00541919	0.00466522	0.00377477	0.00890585	0.0177157	0.0198763	0.143594	0.0010737	0.0307172
23	0.00903573	0.00699401	0.00962958	0.0333644	0.00223637	0.0114703	0.0292313	0.0166379	0.288991	0.0244366	0.0120132	0.03167	0.00379156	0.0668476	0.378134	0.0298493	0.0234471	0.0145206	0.00387826	0.00382075
24	0.00141634	0.0013671	0.000357698	0.00123218	0.0282466	0.000458615	0.00370576	0.0542334	0.000398283	0.801958	0.0282042	0.000424437	0.000997334	0.00553291	0.00836593	0.0128525	0.00101888	0.0438695	0.00158835	0.00377233
25	0.244468	0.0120211	0.00583866	0.0121388	0.0161353	0.0266723	0.00510964	0.018266	0.00711993	0.0173459	0.0103102	0.0237056	0.0278677	0.0034461	0.00552586	0.409091	0.10204	0.0429644	0.000232687	0.00970095
26	0.100289	0.00928449	0.0411257	0.0250314	0.000854376	0.0315746	0.0423398	0.0219188	0.0307497	0.0295542	0.0189339	0.118657	0.0193534	0.0368728	0.0279055	0.260374	0.137345	0.0328766	0.000250753	0.0147082
27	0.0087508	0.001548	0.742131	0.0407707	0.00146104	0.00869977	0.00755195	0.00262951	0.0129038	0.00220534	0.00607638	0.106706	0.00441906	0.00241314	0.0021517	0.0270307	0.00400587	0.00241272	0.000425271	0.0157071
28	0.0334417	0.00212435	0.147206	0.609059	0.0018659	0.0200134	0.0122664	0.00376487	0.0274559	0.00471314	0.00451613	0.0172819	0.00302823	0.0502887	0.0115615	0.0192261	0.00991307	0.0171037	0.000784531	0.00438564
29	0.0611504	0.00230091	0.00269762	0.00259298	0.00186986	0.0219624	0.012125	0.0333938	0.180899	0.0559669	0.016018	0.132261	0.0028703	0.0108325	0.0996493	0.181651	0.175002	0.00340769	0.000480232	0.00286879
30	0.128856	0.00953301	0.00690789	0.00989611	0.0236057	0.0135016	0.0117007	0.10746	0.0299291	0.0576177	0.0493368	0.0238347	0.00636599	0.00501227	0.00733801	0.174385	0.208959	0.10523	0.00255756	0.0179732
31	0.00330062	0.00168477	0.000444407	0.00140223	0.0268557	0.0006666	0.00410707	0.0551008	0.00104056	0.787487	0.0295221	0.000875214	0.00193064	0.00544711	0.00864158	0.0138017	0.00308035	0.0489739	0.00173972	0.00389825
32	0.0244501	0.00304068	0.00194901	0.000717811	0.0208688	0.00190476	0.00101374	0.438059	0.000605468	0.0785365	0.0341376	0.0031159	0.000577863	0.000714728	0.00129908	0.0049494	0.014499	0.368633	0.000195813	0.00073098
33	0.001962	0.0013313	0.00104119	0.00106963	0.0101457	0.00118618	0.00122493	0.0016676	0.00103562	0.0018256	0.00555055	0.00132205	0.000666059	0.00561638	0.00166003	0.00723144	0.00217531	0.00165471	0.945843	0.00579117
34	0.00737605	0.0178258	0.00637719	0.00237829	0.311503	0.0023264	0.0412744	0.0992431	0.00392444	0.0951408	0.00354168	0.0073906	0.00140221	0.00209521	0.00877805	0.0113798	0.00786875	0.0388784	0.00366925	0.327627
35	0.0636516	0.0444451	0.0113952	0.00835711	0.0168841	0.0294947	0.0292168	0.0152723	0.0129798	0.0228524	0.0117462	0.0569698	0.0129979	0.00814111	0.0264597	0.485208	0.106439	0.0173989	0.0020125	0.0180779
36	0.0223847	0.02118	0.0676166	0.0427602	0.00238306	0.183709	0.0365946	0.0132992	0.151147	0.0106702	0.00679577	0.140076	0.00218029	0.0291601	0.0913414	0.122297	0.0317344	0.00990686	0.00946201	0.00530164
37	0.0152337	0.0134984	0.0679014	0.0916515	0.00193232	0.122087	0.034812	0.014952	0.164737	0.0163562	0.00419315	0.143008	0.00146307	0.0602319	0.0720157	0.12309	0.0291925	0.0107111	0.0080431	0.00488994
38	0.020808	0.00334767	0.0642785	0.119467	0.0017566	0.0329237	0.0187842	0.0228879	0.268063	0.0155964	0.0247134	0.0333202	0.0025144	0.0895612	0.174713	0.0361466	0.0452997	0.0224423	0.00149472	0.00188135
39	0.0259062	0.00117002	0.184245	0.571717	0.00176601	0.0286244	0.0104171	0.00276684	0.039056	0.00420435	0.00336656	0.026486	0.001955	0.0388754	0.011257	0.018402	0.00812913	0.0174948	0.000776053	0.00338507
40	0.00146026	0.000828432	0.00549726	0.00332885	0.00058709	0.00300242	0.00290453	0.00124516	0.73945	0.00569451	0.00568267	0.019446	0.00130181	0.0112108	0.185323	0.00248532	0.00578519	0.00154066	0.000345451	0.00288104
41	0.0190093	0.0220697	0.00152805	0.014752	0.0120806	0.017968	0.146201	0.0350868	0.0908632	0.0728365	0.0233213	0.0556857	0.00121275	0.167287	0.148489	0.0477273	0.0440184	0.0398426	0.00195127	0.0380689
42	0.00659144	0.00158268	0.000579927	0.00146072	0.0255701	0.000862682	0.00376757	0.0721323	0.0010177	0.7382	0.0294802	0.0011338	0.00137156	0.00518447	0.00807973	0.0130554	0.00468779	0.0800675	0.00151793	0.00365623
43	0.00929083	0.00480193	0.00987229	0.0347155	0.00220791	0.0140196	0.0173701	0.0173954	0.368876	0.0185289	0.011589	0.068703	0.0033955	0.0519667	0.254285	0.0570121	0.0267122	0.0171056	0.00930521	0.00284778
44	0.00235052	0.00305806	0.000368518	0.00119968	0.0270644	0.000699224	0.00563193	0.0484399	0.000573134	0.793801	0.0318663	0.000665577	0.00176955	0.00594505	0.00897949	0.0155714	0.00209467	0.0427998	0.00254463	0.00457754
45	0.107917	0.032252	0.0388279	0.0167156	0.0284739	0.0228218	0.00698697	0.0195535	0.0138164	0.0215537	0.00695606	0.0964295	0.0107371	0.00345566	0.0172036	0.450169	0.0657517	0.0232435	0.000594199	0.0165412
46	0.0995755	0.00573341	0.0306703	0.0256622	0.00728075	0.0283599	0.0491663	0.0291843	0.026604	0.0454452	0.0189346	0.096492	0.0151877	0.0578728	0.0249785	0.247981	0.125553	0.0483551	0.00137802	0.0155854
47	0.0337434	0.00143832	0.000623499	0.00206847	0.00161553	0.000524807	0.000527334	0.213545	0.000500519	0.0230419	0.00519179	0.00109472	0.000259181	0.000436604	0.00137891	0.0050121	0.0123692	0.696102	0.000153195	0.000373433
48	0.10924	0.00934176	0.00446127	0.00870902	0.0195245	0.0123	0.00907958	0.0429463	0.0175592	0.0497668	0.0320766	0.0248792	0.0201333	0.00453092	0.00532563	0.382947	0.178192	0.0475903	0.00181654	0.0195803
49	0.0160845	0.00385844	0.00615821	0.0260573	0.00163873	0.0115499	0.0166421	0.0133449	0.420924	0.023576	0.0141696	0.0515071	0.00354196	0.0456953	0.23677	0.0414181	0.0513074	0.0116097	0.00204542	0.00210076
50	0.0318106	0.00227428	0.000936957	0.00129754	0.00945687	0.00109119	0.000590662	0.28253	0.000497431	0.0506291	0.0195117	0.00239051	0.000316533	0.000510295	0.0013884	0.00504202	0.0142833	0.574788	0.000178006	0.000475978
51	0.0359513	0.00352677	0.00110914	0.000639573	0.0192334	0.00206967	0.000838107	0.31393	0.000593102	0.0904145	0.047046	0.00504863	0.000742292	0.000548174	0.00123513	0.00565147	0.0151938	0.455254	0.000193576	0.000780911
52	0.0761357	0.0157001	0.00697517	0.017444	0.0225504	0.0121568	0.0291135	0.0221323	0.00908066	0.13124	0.0242643	0.00546488	0.273637	0.0366243	0.0446993	0.13608	0.0662458	0.0642209	0.0029703	0.00326523
53	0.0139064	0.00399181	0.00794488	0.00689667	0.00238632	0.914933	0.00136293	0.00273611	0.00127302	0.00162515	0.00218171	0.00583226	0.000296302	0.000344315	0.00732355	0.0162829	0.00377787	0.00517645	0.000485841	0.00124215
54	0.00916365	0.0187406	0.00926444	0.0365139	0.00457925	0.0111964	0.160532	0.00893834	0.0407255	0.0368553	0.00683592	0.040496	0.00431991	0.451617	0.0732226	0.0394544	0.0131799	0.00956369	0.00150602	0.023295
55	0.0260395	0.00647707	0.0463101	0.0836756	0.00314468	0.0149284	0.0299662	0.0446912	0.250527	0.0269426	0.017589	0.040369	0.00376022	0.0900759	0.196761	0.0465207	0.0355179	0.0284504	0.00350606	0.00474699
56	0.0521861	0.0133823	0.0102462	0.0167791	0.0138079	0.0219138	0.0633552	0.0211515	0.0221996	0.0294625	0.0236497	0.0225918	0.010931	0.0358924	0.0278332	0.141886	0.38875	0.0294379	0.0258008	0.0287432
57	0.0455643	0.00597483	0.00674991	0.00403463	0.0252883	0.00533632	0.00481221	0.38677	0.00615139	0.0903169	0.0418435	0.00912143	0.00709703	0.00645048	0.00552237	0.0253708	0.0392412	0.277478	0.00108382	0.00579276
58	0.00363662	0.938973	0.00106518	0.000949904	0.00417809	0.00109174	0.0011479	0.00131048	0.00123878	0.00274406	0.000903644	0.00142718	0.00162493	0.000776735	0.00183553	0.0263901	0.00441704	0.00119482	0.000386703	0.00470727
59	0.00851141	0.00380056	0.00895273	0.0277272	0.0013551	0.00957424	0.0149328	0.0101636	0.493607	0.0176452	0.0129306	0.0401078	0.00301836	0.0445096	0.230896	0.0284357	0.025414	0.0136894	0.00235446	0.00237439
60	0.00743081	0.0013604	0.758112	0.0266794	0.00124307	0.00673332	0.00761657	0.002253	0.0119406	0.00209706	0.00639257	0.111179	0.00455403	0.00123679	0.00197941	0.0270996	0.00371445	0.0018223	0.000358829	0.0161967
61	0.00567404	0.00282936	0.00637403	0.0217425	0.00111099	0.00758236	0.0109236	0.00596859	0.563589	0.0130563	0.0122271	0.0351418	0.00225439	0.038488	0.223328	0.0171413	0.0201431	0.00886497	0.00123785	0.0023227
62	0.2564	0.00887657	0.225672	0.130004	0.0425052	0.0133207	0.00850416	0.0452569	0.0142571	0.0146709	0.039517	0.0187345	0.00478337	0.00827614	0.0138065	0.0230758	0.0184297	0.100482	0.00259738	0.0108305
63	0.0192778	0.00576849	0.0856107	0.355438	0.00323554	0.0177337	0.0471283	0.00417952	0.0480556	0.0139959	0.00395253	0.0151931	0.0018252	0.308589	0.0352973	0.0106828	0.00598648	0.012323	0.0007046	0.00502244
64	0.465783	0.0273939	0.00171004	0.00238506	0.0074497	0.00500484	0.00250446	0.0563433	0.00266656	0.00772126	0.00264769	0.00339429	0.0021183	0.00420348	0.00266635	0.0451425	0.0853116	0.272521	0.00077902	0.00225362
65	0.0247079	0.000877847	0.153413	0.657322	0.00114945	0.0152001	0.0113274	0.00133688	0.0201523	0.00243456	0.00319475	0.0126525	0.0022891	0.0524596	0.00818929	0.0106239	0.00352867	0.0142225	0.000607879	0.00431065
66	0.129211	0.0445241	0.0128478	0.00578535	0.0438613	0.0150752	0.0113692	0.179749	0.0127975	0.0658794	0.0314861	0.0342486	0.0118624	0.0055355	0.010669	0.113706	0.092708	0.149617	0.000359712	0.028708
67	0.001962	0.0013313	0.00104119	0.00106963	0.0101457	0.00118618	0.00122493	0.0016676	0.00103562	0.0018256	0.00555055	0.00132205	0.000666059	0.00561638	0.00166003	0.00723144	0.00217531	0.00165471	0.945843	0.00579117
68	0.012582	0.019496	0.00753417	0.00423507	0.360263	0.00417658	0.0344052	0.152607	0.00456761	0.160722	0.00408122	0.00763471	0.00376727	0.00386329	0.0203636	0.0259099	0.0109879	0.0739482	0.00152367	0.0873318
69	0.131095	0.00880158	0.00632923	0.0174222	0.0125765	0.0265091	0.00639794	0.0968136	0.0350713	0.0629569	0.0323974	0.019072	0.00585958	0.00440665	0.00844975	0.167166	0.218236	0.127613	0.00316843	0.00965775
70	0.386322	0.012114	0.00748227	0.0136211	0.00657327	0.226751	0.00421022	0.0105474	0.00401228	0.00449364	0.00175298	0.0182787	0.00709222	0.00248755	0.00360984	0.157641	0.0901232	0.0369639	0.000709171	0.00521394
71	0.00168404	0.00161482	0.000283524	0.00120584	0.0267986	0.000501709	0.0041122	0.0488607	0.000377345	0.81083	0.0276305	0.000425106	0.000823008	0.00504535	0.00843381	0.0132279	0.000961826	0.0414559	0.0017707	0.00395747
72	0.0094606	0.0041859	0.00899529	0.0341395	0.00202384	0.01277	0.0155525	0.0117335	0.387979	0.0205526	0.0140641	0.0483242	0.00626948	0.0561921	0.264864	0.0354701	0.047571	0.01337	0.00303601	0.00344602
73	0.56166	0.00758627	0.00211982	0.0108632	0.00769574	0.0306316	0.0055393	0.0158226	0.00189136	0.00428969	0.00270467	0.00996486	0.00958335	0.00229972	0.000614005	0.177851	0.0944752	0.0471596	0.000143914	0.00710452
74	0.00385973	0.00155273	0.000744332	0.0014474	0.0363278	0.000618327	0.00374454	0.0760241	0.00097224	0.731546	0.0331775	0.000647427	0.00296434	0.00721462	0.0093824	0.0172728	0.00390351	0.0634532	0.00149254	0.00365417
75	0.0322991	0.00376162	0.00148293	0.000609745	0.0229444	0.0019227	0.00127743	0.362695	0.00115449	0.0864704	0.0439726	0.0037913	0.00129501	0.000997912	0.00192487	0.0065181	0.0261234	0.399521	0.000331345	0.000906555
76	0.11731	0.00450001	0.018113	0.030789	0.035635	0.0414522	0.0241184	0.0684932	0.0366614	0.113982	0.0285345	0.0271136	0.0158646	0.0560339	0.0287415	0.0976476	0.086893	0.139647	0.00439463	0.024075
77	0.0473503	0.0184655	0.00933138	0.0214969	0.0214357	0.0185422	0.085514	0.0450856	0.116583	0.0746167	0.0305893	0.0469385	0.00390062	0.12157	0.142998	0.0559293	0.0497788	0.0579975	0.00407343	0.0278028
78	0.0991307	0.0155786	0.00739392	0.00380679	0.0319526	0.00922488	0.0128012	0.238479	0.00468793	0.120948	0.0372989	0.0154032	0.010917	0.00539171	0.00575964	0.0666369	0.0692264	0.229544	0.000293526	0.0155246
79	0.122578	0.0111825	0.00732092	0.00846242	0.0268903	0.0134563	0.0157268	0.0832033	0.0178062	0.0500918	0.0489085	0.0262914	0.0160566	0.00701265	0.00764633	0.268673	0.175741	0.0736223	0.00195116	0.0173789
80	0.0891517	0.00791791	0.0200537	0.0326312	0.0231738	0.0240947	0.0527602	0.110182	0.0187699	0.083231	0.0466685	0.0190628	0.0340155	0.0894323	0.0178757	0.0618444	0.0817053	0.125916	0.00375507	0.0577574
81	0.155983	0.00966501	0.0164478	0.0423576	0.00747133	0.0310011	0.0113587	0.0491706	0.0550136	0.0392176	0.0395675	0.0349776	0.0142945	0.0173392	0.0465436	0.186223	0.156774	0.0766002	0.00141136	0.0085833
82	0.0976749	0.0149131	0.00503347	0.00740711	0.069743	0.0105395	0.00633303	0.0225447	0.00707974	0.0503284	0.0103659	0.0276434	0.0838374	0.0036224	0.00651365	0.441303	0.085276	0.0247992	0.00105491	0.0239876
83	0.138698	0.00663368	0.0144212	0.0225833	0.0257538	0.041341	0.0203353	0.0605359	0.056987	0.0864174	0.0295635	0.033633	0.0183767	0.0396735	0.0253166	0.116583	0.100912	0.133106	0.00459742	0.0245326
84	0.0981868	0.0175254	0.00385589	0.00662246	0.037946	0.0133117	0.00488719	0.0138036	0.00714015	0.0292016	0.0112445	0.0325813	0.0526813	0.00233425	0.00373421	0.510467	0.11026	0.0284797	0.000337657	0.0153989
85	0.0370647	0.0918895	0.047523	0.0427309	0.035093	0.0196132	0.0512834	0.022589	0.0191801	0.141702	0.00891284	0.0372404	0.051222	0.0103197	0.0269587	0.236665	0.0327034	0.0225783	0.00357161	0.0611593
86	0.0751695	0.0181972	0.0218813	0.0123038	0.00681421	0.042336	0.039097	0.0161807	0.0200239	0.0206723	0.0152415	0.0795816	0.0117144	0.0176794	0.0228392	0.390109	0.155652	0.0234882	0.00105455	0.00996437
87	0.0460418	0.00881055	0.00567825	0.0734813	0.00930572	0.0333912	0.240131	0.0380536	0.0269622	0.0236567	0.0480562	0.0174098	0.00774116	0.13202	0.0444548	0.0305932	0.0681394	0.0369287	0.0130412	0.0961026
88	0.201716	0.0125723	0.0125769	0.040767	0.00688415	0.0763986	0.00625872	0.0454019	0.0205061	0.0205137	0.0220424	0.026648	0.0130501	0.00766621	0.0135054	0.218004	0.161914	0.0866409	0.00116391	0.00577049
89	0.0893632	0.0155878	0.00494769	0.0102166	0.0227505	0.0104119	0.00723356	0.0137826	0.00844527	0.0420825	0.0108167	0.0253497	0.0984745	0.00657059	0.00672831	0.475879	0.114151	0.022958	0.000680849	0.0135698
90	0.092159	0.0706185	0.0304203	0.0116608	0.0658556	0.0290762	0.0133195	0.0400402	0.03969	0.070971	0.00111563	0.0690005	0.0047754	0.00213108	0.0516227	0.253957	0.0586491	0.0260395	0.000455747	0.0684426
91	0.0314015	0.00117694	0.331387	0.356106	0.00151821	0.0468507	0.00880221	0.0034942	0.0565284	0.00427896	0.00204526	0.0569668	0.00122182	0.0229052	0.0115612	0.0328162	0.0131517	0.0136315	0.000899654	0.00325625
92	0.153113	0.013095	0.0101377	0.0156397	0.0168919	0.0355121	0.00638311	0.0350796	0.0117215	0.0209455	0.0182187	0.0356344	0.0347094	0.0050223	0.00861519	0.375484	0.115813	0.0751283	0.000381995	0.0124732
93	0.00726458	0.00326387	0.000832281	0.00177436	0.046515	0.00114781	0.00773701	0.0583511	0.000940779	0.712595	0.0432605	0.00161911	0.00480008	0.00896638	0.00778837	0.029445	0.00516572	0.0510202	0.00278515	0.00472754
94	0.0283499	0.0432404	0.0449903	0.0345434	0.00353011	0.17991	0.0333756	0.014853	0.170548	0.0125371	0.0086267	0.110625	0.00245814	0.0256474	0.104635	0.119963	0.0204866	0.0182876	0.0177616	0.00563151
95	0.0335533	0.00186103	0.509203	0.223306	0.00235228	0.0324777	0.00761247	0.00424274	0.0317454	0.0031053	0.00432162	0.0658226	0.00248746	0.0169587	0.00751448	0.0245209	0.0082423	0.0103672	0.00153356	0.00877127
96	0.037156	0.00228819	0.000606796	0.00169451	0.00638682	0.000966931	0.000629401	0.20961	0.000733419	0.0401164	0.0133326	0.00177884	0.000550125	0.000526597	0.00168798	0.00621754	0.0148548	0.660074	0.00018962	0.000599525
97	0.00260076	0.0320003	0.0012957	0.00134699	0.452848	0.00128909	0.0254881	0.0186177	0.00412559	0.0747037	0.0173022	0.0105605	0.00111781	0.00205219	0.00336429	0.00694346	0.00587292	0.00534685	0.0140201	0.319104
98	0.0362032	0.00202707	0.00146151	0.000587834	0.035475	0.00192681	0.000823334	0.294027	0.0108013	0.166508	0.109964	0.00494964	0.00802931	0.0063395	0.00756079	0.00938136	0.0317268	0.266783	0.00327322	0.00215179
99	0.001962	0.0013313	0.00104119	0.00106963	0.0101457	0.00118618	0.00122493	0.0016676	0.00103562	0.0018256	0.00555055	0.00132205	0.000666059	0.00561638	0.00166003	0.00723144	0.00217531	0.00165471	0.945843	0.00579117
100	0.0136265	0.00232738	0.00451603	0.00328353	0.00137299	0.942894	0.000302358	0.000345932	0.000508701	0.000453012	0.00126162	0.00475025	0.000165896	0.000244816	0.00654958	0.0125509	0.00296163	0.00154817	0.000105175	0.000231957
101	0.0273024	0.000974926	0.235521	0.42976	0.00117826	0.0530872	0.00855995	0.00241123	0.0834362	0.00479178	0.00194554	0.0410697	0.00124086	0.0345963	0.0134834	0.0314969	0.0132349	0.0124204	0.000870251	0.00261866
102	0.130136	0.0163744	0.0184377	0.00582642	0.026057	0.0406424	0.00892032	0.18364	0.00770772	0.056446	0.0366697	0.0327619	0.0149038	0.00525792	0.00805935	0.12219	0.100055	0.174155	0.000455152	0.0113035
103	0.0333641	0.00167924	0.00224094	0.000693488	0.0423049	0.00105284	0.000907642	0.234596	0.0178157	0.215174	0.138453	0.00550856	0.0166108	0.0124797	0.0136254	0.0148811	0.0525803	0.187293	0.00549567	0.00324472
104	0.311541	0.0152521	0.00934856	0.0513511	0.00616046	0.0646813	0.00437038	0.0212989	0.0109657	0.0108594	0.00999125	0.0189047	0.00868251	0.00379688	0.00758989	0.232713	0.151515	0.0561723	0.000322371	0.00448385
105	0.0260015	0.00240789	0.241164	0.356678	0.00185949	0.161072	0.00618727	0.00328361	0.0364526	0.00385647	0.00203233	0.0589153	0.00146818	0.0180541	0.00846627	0.0410993	0.00989964	0.010984	0.00400488	0.0061129
106	0.149479	0.0265924	0.018907	0.0257478	0.00329257	0.0676146	0.0102678	0.046068	0.0240357	0.0250066	0.0346991	0.0630852	0.0150226	0.00970685	0.0254235	0.238273	0.156577	0.0534336	0.000614334	0.0061535
107	0.118818	0.0235939	0.0142181	0.00561004	0.0298597	0.012682	0.0104956	0.208266	0.00660653	0.0788202	0.0517345	0.0351126	0.0136443	0.00536134	0.0104224	0.0831156	0.116534	0.16359	0.000151433	0.011363
108	0.101439	0.0218819	0.00888268	0.00471174	0.0381116	0.0101228	0.0084391	0.143581	0.00629379	0.167861	0.052168	0.0202271	0.0310961	0.0144642	0.0156648	0.0997954	0.0989533	0.144696	0.000599279	0.0110113
109	0.118818	0.0235939	0.0142181	0.00561004	0.0298597	0.012682	0.0104956	0.208266	0.00660653	0.0788202	0.0517345	0.0351126	0.0136443	0.00536134	0.0104224	0.0831156	0.116534	0.16359	0.000151433	0.011363
110	0.0152461	0.00584057	0.559876	0.0532842	0.00301344	0.0104646	0.0126271	0.00686454	0.0172933	0.00882704	0.00774823	0.137425	0.0482644	0.00592248	0.00713331	0.0611553	0.0132221	0.00789991	0.00145366	0.0164384
111	0.126077	0.0287664	0.0134144	0.00725349	0.0508653	0.0196049	0.0145089	0.16742	0.0253435	0.0743542	0.0276549	0.0291429	0.0111967	0.00792626	0.0124012	0.121612	0.084888	0.149373	0.000674345	0.0275224
112	0.0481132	0.0127792	0.00972031	0.00898875	0.231111	0.00807249	0.0136522	0.053228	0.00711637	0.209228	0.0104996	0.0320111	0.0641602	0.00626598	0.0129146	0.164666	0.0261181	0.0473665	0.00203105	0.0319567
113	0.0516974	0.00682475	0.00381256	0.00367687	0.0403667	0.00408402	0.0106768	0.192436	0.00600979	0.27154	0.0433726	0.00623289	0.0113344	0.00927314	0.00977784	0.054735	0.0489584	0.216071	0.00117499	0.00794484
114	0.0249919	0.00406653	0.00231885	0.00384238	0.00255107	0.00338304	0.0104767	0.00377516	0.00312818	0.0126772	0.00208989	0.00342542	0.857476	0.0063662	0.0065167	0.0179894	0.0179391	0.00793033	0.000672723	0.00838281
115	0.00309806	0.00359253	0.00439385	0.00881128	0.000835281	0.00558571	0.00803603	0.00474618	0.489161	0.00859454	0.00960924	0.0188208	0.00165869	0.0274156	0.377668	0.0085631	0.0111495	0.00349374	0.00232486	0.00244208
116	0.0924993	0.00921855	0.00654973	0.0221493	0.00931964	0.0112461	0.035744	0.0175583	0.00992343	0.129974	0.0104104	0.00560803	0.339645	0.0295848	0.0308722	0.124686	0.0461818	0.0645491	0.00217624	0.00210399
117	0.0116843	0.00196573	0.00130597	0.0019345	0.0309004	0.00147052	0.00364644	0.105162	0.00188366	0.630672	0.036212	0.00195943	0.00372636	0.00676729	0.00834169	0.0168849	0.0103941	0.119562	0.00150006	0.00402756
118	0.0271136	0.00109048	0.231845	0.433035	0.00118867	0.0528726	0.00903471	0.00232273	0.0835149	0.00462858	0.00182688	0.0407647	0.00124713	0.0356886	0.0142032	0.0308053	0.0130182	0.0122721	0.000881101	0.00264674
119	0.100306	0.0165541	0.00438619	0.00602771	0.0310873	0.0106875	0.00531831	0.0202772	0.00597968	0.0317811	0.0151811	0.0280943	0.0488428	0.00321074	0.0046855	0.525626	0.0984031	0.0275139	0.00049826	0.0155399
120	0.105771	0.00785237	0.0459528	0.0233191	0.00168206	0.0264969	0.0395719	0.0197951	0.0407165	0.0335223	0.0158482	0.117056	0.0154573	0.0283171	0.032566	0.245774	0.158562	0.0289483	0.000352899	0.0124371
121	0.110843	0.00864783	0.0150219	0.0233025	0.0309543	0.033421	0.0202371	0.119609	0.0313626	0.113689	0.0337736	0.0279359	0.0153338	0.0425257	0.0223249	0.0816392	0.0881185	0.158844	0.0027805	0.0196362
122	0.0368603	0.00202791	0.0025269	0.00109399	0.0422243	0.00147247	0.00112395	0.228493	0.0185907	0.210366	0.145316	0.00567029	0.0165575	0.0125136	0.0147933	0.0165461	0.0515032	0.183789	0.0052004	0.00333138
123	0.00290585	0.00199584	0.000696092	0.00161867	0.0430846	0.00058426	0.00512766	0.0570302	0.000642773	0.764391	0.0288738	0.00105739	0.00195066	0.00610543	0.00850429	0.0167853	0.00293483	0.0476132	0.00166826	0.00642939
124	0.00845793	0.00146554	0.743334	0.0320459	0.00140523	0.00850046	0.00771605	0.00238136	0.0127207	0.00230207	0.0062224	0.110734	0.00445194	0.00193241	0.0023846	0.0302245	0.00531243	0.00213711	0.000447049	0.015824
125	0.156209	0.0141251	0.00222844	0.00232337	0.00620426	0.00250839	0.00205001	0.139389	0.00172801	0.0222489	0.00680481	0.00345714	0.00179579	0.00240497	0.00221351	0.025559	0.0428521	0.563576	0.00030979	0.0020129
126	0.0113287	0.0237082	0.00792263	0.00726783	0.00338878	0.0109452	0.168282	0.00737733	0.0299245	0.0493999	0.0058394	0.0580196	0.00732046	0.435971	0.0623446	0.0659277	0.00938798	0.00708155	0.000719645	0.0278427
127	0.0570736	0.00698704	0.0447558	0.0204487	0.00142567	0.0351785	0.0881299	0.0128393	0.0350558	0.0342391	0.00865969	0.147005	0.0142549	0.0985841	0.0291941	0.243636	0.0814073	0.0178988	0.000739578	0.0224873
128	0.0252989	0.00129954	0.00166956	0.0016725	0.00549884	0.000808644	0.000673271	0.390005	0.000606859	0.0311706	0.00791839	0.00126927	0.000333365	0.000601131	0.00148663	0.00435229	0.0125126	0.512106	0.000207409	0.000509433
129	0.412686	0.00739795	0.0152508	0.0191523	0.0103352	0.0411787	0.00358059	0.0106785	0.00241503	0.00424588	0.00292584	0.0127219	0.00634104	0.00206321	0.001768	0.317221	0.0867855	0.0386407	0.000339774	0.00427152
130	0.0754886	0.203579	0.0102322	0.0114872	0.0251259	0.0172033	0.0154468	0.0790039	0.0114701	0.0944945	0.0246408	0.0236012	0.060847	0.011393	0.0288301	0.140209	0.079028	0.0631751	0.00262231	0.022122
131	0.0134298	0.00244181	0.00449517	0.00347011	0.00134265	0.941971	0.0004804	0.000350523	0.000729419	0.000443982	0.00127091	0.0050804	0.000166249	0.000269258	0.00666026	0.0125925	0.00286048	0.00153053	9.75416e-05	0.000317361
132	0.11914	0.0343344	0.0292669	0.0538585	0.0502791	0.048446	0.0136347	0.0298417	0.0466771	0.0523836	0.0110711	0.0557729	0.00678159	0.0135858	0.0676416	0.183403	0.0689952	0.0606306	0.00186823	0.0523882
133	0.0102364	0.00495566	0.0072925	0.0309578	0.00229499	0.0112557	0.0169919	0.00975559	0.444298	0.0171052	0.0145821	0.0533292	0.00281836	0.0526332	0.245987	0.0300052	0.0285422	0.0125847	0.00232492	0.0020501
134	0.0040703	0.00468816	0.00220031	0.00273619	0.00497078	0.00313048	0.820085	0.00735203	0.00762632	0.0126786	0.00267415	0.0191207	0.00198053	0.0292233	0.0247136	0.00812053	0.00423071	0.00277516	0.000984465	0.0366383
135	0.29303	0.0166622	0.00933706	0.00503674	0.0221058	0.0133608	0.00867206	0.143443	0.00597916	0.0482827	0.0277611	0.0215016	0.0117513	0.00511544	0.00644669	0.107564	0.0965467	0.147051	0.000256019	0.0100966
136	0.346183	0.00928511	0.00726371	0.0179017	0.00891221	0.0242719	0.0064598	0.0538712	0.0194859	0.0250274	0.0245348	0.0205307	0.0103642	0.00569438	0.00951123	0.174042	0.146478	0.0813452	0.00108346	0.00775474
137	0.024127	0.00198702	0.00227998	0.00121992	0.047738	0.00155131	0.00126833	0.229955	0.0100051	0.324197	0.0983029	0.00403175	0.0113021	0.010046	0.00998119	0.0154653	0.0338212	0.167052	0.00296072	0.00270869
138	0.0832771	0.00673461	0.000898095	0.00180247	0.00329167	0.00107589	0.00119353	0.175146	0.000924273	0.0215925	0.00567439	0.00181393	0.000811183	0.000934032	0.00184055	0.0125929	0.0292441	0.650034	0.000189526	0.000929759
139	0.0546767	0.00785244	0.00244883	0.0023908	0.00411442	0.0100994	0.00354375	0.00837052	0.00310752	0.00527686	0.0183583	0.00770205	0.00308693	0.0022525	0.00264351	0.241661	0.611852	0.00724686	0.00120744	0.00210786
140	0.00230809	0.00140736	0.00551532	0.00657834	0.00071142	0.00423409	0.00572262	0.00250699	0.688969	0.00701496	0.00624445	0.0217986	0.00175993	0.0171968	0.207916	0.00557738	0.00835268	0.00287524	0.000630187	0.0026802
141	0.0144234	0.0223353	0.0107222	0.00759936	0.00491632	0.0128429	0.169737	0.00713984	0.0305513	0.0502496	0.00588934	0.0647978	0.00853852	0.410306	0.0524738	0.0787943	0.0103641	0.00705465	0.000720474	0.0305436
142	0.0823632	0.00403705	0.00484607	0.00573392	0.00216528	0.786069	0.00140097	0.00385158	0.00229746	0.00221534	0.00243628	0.00838545	0.00204895	0.00133989	0.00725957	0.0478825	0.0242516	0.0099055	0.00029286	0.00121757
143	0.0195451	0.00274477	0.119227	0.583136	0.00185259	0.0157148	0.031097	0.00273932	0.0369749	0.00816841	0.00339285	0.0126075	0.00175933	0.104822	0.0244132	0.00962698	0.00435609	0.0141461	0.00040544	0.00327145
144	0.037338	0.00404739	0.000657838	0.00101518	0.0137448	0.00140586	0.000839148	0.241887	0.000525873	0.067326	0.0316479	0.0034339	0.000351233	0.000498869	0.00183281	0.00712663	0.0201728	0.565393	0.000139985	0.000616066
145	0.00194313	0.0324309	0.00104486	0.00108367	0.472716	0.00110213	0.0255691	0.0178662	0.00382436	0.0584524	0.00956201	0.0109958	0.00061604	0.000919791	0.00217602	0.00558551	0.00553146	0.00257019	0.0130171	0.332993
146	0.0787587	0.0643431	0.00267874	0.0041666	0.00555726	0.0117784	0.00412111	0.00774243	0.00443695	0.00546718	0.015764	0.00866659	0.00368953	0.00196043	0.00382997	0.338108	0.426828	0.00768239	0.00122211	0.00319854
147	0.001962	0.0013313	0.00104119	0.00106963	0.0101457	0.00118618	0.00122493	0.0016676	0.00103562	0.0018256	0.00555055	0.00132205	0.000666059	0.00561638	0.00166003	0.00723144	0.00217531	0.00165471	0.945843	0.00579117
148	0.0139787	0.00256651	0.00944938	0.0107674	0.00139211	0.922985	0.000565897	0.000582496	0.00179637	0.000744963	0.00138334	0.00610064	0.000205972	0.000970968	0.00691783	0.0137765	0.00330598	0.00200813	0.000193957	0.00030757
149	0.0150523	0.00432949	0.13692	0.291564	0.00191321	0.0589194	0.0405462	0.00610067	0.109765	0.0200959	0.00306075	0.0726721	0.00139969	0.110578	0.0399762	0.0507745	0.0145974	0.0154674	0.00254198	0.00372563
150	0.0515899	0.00669997	0.237145	0.373099	0.00402763	0.116874	0.00639172	0.00742602	0.0321113	0.00694921	0.00299466	0.0453291	0.00171787	0.0164555	0.0082073	0.0313376	0.015482	0.0185872	0.00333323	0.0142415
151	0.0867847	0.0735338	0.0306833	0.0103254	0.0582457	0.0271145	0.0126719	0.0336794	0.0446084	0.0634027	0.00120319	0.0823824	0.00476857	0.00217832	0.0547951	0.268355	0.0569988	0.0253109	0.000439784	0.0625187
152	0.0295777	0.0575225	0.0533222	0.0391904	0.00527704	0.384742	0.0118407	0.0138327	0.0356269	0.0096896	0.00755011	0.0764595	0.00186609	0.00417161	0.0341825	0.173346	0.0126422	0.0284198	0.0183276	0.00241319
153	0.0136254	0.00336735	0.00510553	0.00364095	0.00145099	0.932522	0.000525252	0.000665085	0.00115298	0.000868909	0.00137379	0.00551947	0.00037829	0.00029454	0.00751688	0.0157944	0.00333689	0.00205937	0.000426215	0.000375673
154	0.00747944	0.0110084	0.00668218	0.0204557	0.00199441	0.0156156	0.0189072	0.0158082	0.28369	0.0149102	0.011568	0.0261657	0.00353944	0.0459358	0.449964	0.0223938	0.0285157	0.00888805	0.00415973	0.002319
155	0.00231284	0.00161821	0.000350247	0.0012373	0.0264207	0.000531996	0.00410357	0.051235	0.000780105	0.803528	0.0282183	0.000615331	0.000914573	0.00541348	0.00896308	0.0131577	0.00180286	0.0431296	0.00171469	0.00395219
156	0.0194197	0.00969318	0.0144512	0.00861115	0.00256927	0.860728	0.00176794	0.0025572	0.00516166	0.00192601	0.0020953	0.013955	0.000323804	0.000967653	0.00961078	0.0323354	0.00654634	0.00487486	0.00165744	0.000748365
157	0.00649937	0.00750877	0.00453612	0.00502386	0.00222185	0.00625996	0.652586	0.0080827	0.0157661	0.028725	0.00301776	0.0383558	0.00294998	0.125192	0.0328263	0.0257212	0.00611737	0.00435659	0.000587541	0.0236657
158	0.0498846	0.00976396	0.040945	0.0772881	0.00793997	0.0565971	0.0352722	0.0212263	0.253363	0.0277038	0.0179101	0.0488358	0.00558068	0.102136	0.108041	0.0541257	0.0397104	0.0303458	0.0043932	0.00893728
159	0.106695	0.0172056	0.00987685	0.00354584	0.0290664	0.0101029	0.00915134	0.221917	0.00603804	0.0689708	0.0411313	0.0248193	0.011293	0.00427763	0.00769304	0.0684375	0.0972383	0.252029	0.000144372	0.0103678
160	0.0243956	0.00310624	0.00215687	0.00366167	0.00191093	0.003204	0.00783752	0.0037128	0.00284656	0.0115831	0.00207812	0.00292711	0.867876	0.00616314	0.00588598	0.01705	0.0179131	0.00816732	0.00088574	0.00663847
161	0.00912405	0.00456802	0.00673428	0.0312943	0.00177257	0.0104976	0.0162566	0.00971671	0.454504	0.0180054	0.0156514	0.0472308	0.00284003	0.0516236	0.245352	0.0282496	0.0290055	0.0135358	0.00203518	0.00200216
162	0.00269793	0.00151977	0.00096326	0.00155014	0.0413843	0.000596808	0.00353455	0.0795902	0.000823837	0.72173	0.0360045	0.000603243	0.00371466	0.00821229	0.00935042	0.0170455	0.00384362	0.0620188	0.00138357	0.00343268
163	0.0335216	0.00159482	0.000567811	0.0018689	0.00300616	0.000656952	0.000487957	0.21049	0.00044103	0.0297637	0.00800861	0.00124426	0.000266855	0.000413848	0.00142184	0.00520276	0.012564	0.687978	0.000149904	0.000351601
164	0.0270638	0.00102619	0.233163	0.436829	0.00117668	0.0528079	0.0084127	0.00223252	0.0819778	0.00446879	0.00174169	0.0407559	0.00125487	0.0340027	0.0132815	0.0309684	0.0129708	0.012331	0.000879039	0.00265638
165	0.224087	0.00638252	0.0257969	0.0167235	0.0198619	0.0255898	0.00229383	0.00535976	0.00205705	0.00714091	0.00390375	0.0203235	0.00840455	0.00145868	0.00228141	0.547573	0.0638521	0.0118244	0.000548097	0.00453788
166	0.00234668	0.00138913	0.00033512	0.00113858	0.0269463	0.000490405	0.00360936	0.0535031	0.000626401	0.800909	0.0288634	0.000543767	0.000966683	0.00508149	0.00837896	0.0128254	0.00188091	0.0447186	0.00166367	0.00378351
167	0.202426	0.0145921	0.020453	0.0431944	0.00105644	0.0345433	0.00806971	0.0405878	0.0303324	0.0210013	0.0296795	0.042316	0.0222472	0.0118619	0.0238911	0.2114	0.182252	0.0550703	0.000235198	0.00478998
168	0.0820392	0.00637204	0.048071	0.0230482	0.00129718	0.0336751	0.0592036	0.0200703	0.0329832	0.0301135	0.0129819	0.141053	0.0177285	0.0445861	0.0322954	0.244732	0.124683	0.0289067	0.000424987	0.0157359
169	0.0411428	0.00475252	0.000963362	0.000594763	0.0252605	0.00224494	0.00169843	0.311615	0.000729255	0.0844656	0.0428602	0.00417224	0.00110622	0.000547659	0.00191803	0.00832271	0.0303716	0.435967	0.000177148	0.00109068
170	0.0241868	0.00109348	0.212722	0.409433	0.00122958	0.0559365	0.00875194	0.00351799	0.103862	0.00603349	0.00427414	0.037985	0.00119134	0.042411	0.023209	0.0317835	0.0169342	0.0122182	0.000846118	0.00238108
171	0.0703637	0.0344798	0.0257539	0.0196223	0.151608	0.0189569	0.0126	0.058348	0.0217057	0.124935	0.00327528	0.04331	0.0126714	0.006621	0.0346611	0.177763	0.0584814	0.0406446	0.00108311	0.0831159
172	0.0399517	0.00367181	0.00084613	0.000734606	0.0180241	0.00200117	0.000888044	0.286113	0.000583463	0.0865526	0.0439108	0.00479709	0.00101647	0.000517045	0.00126544	0.00647792	0.0156973	0.485893	0.000176774	0.000882008
173	0.362897	0.00727435	0.023265	0.0134242	0.0141033	0.0265601	0.00374631	0.00981526	0.00312259	0.00616227	0.00476158	0.0199571	0.00681135	0.00211138	0.00303003	0.393199	0.0702065	0.0237707	0.000591193	0.00519112
174	0.00767304	0.180262	0.00295593	0.00205184	0.337735	0.00374458	0.0247048	0.0235802	0.00455664	0.0665034	0.00827815	0.0129607	0.00312478	0.0047647	0.0187993	0.0217036	0.011443	0.00898002	0.00851693	0.247661
175	0.0141424	0.00279807	0.00521178	0.00359757	0.00148298	0.936185	0.000322013	0.000512565	0.000679728	0.000564132	0.00135403	0.00534188	0.000169796	0.000283779	0.00673947	0.0149994	0.00327608	0.00180671	0.000289688	0.000242754
176	0.0451981	0.00253296	0.258432	0.394795	0.00260527	0.0399525	0.0100613	0.00492552	0.0475264	0.00539316	0.00356709	0.0435423	0.00248676	0.0354103	0.0126973	0.0566857	0.013959	0.0150592	0.00102284	0.00414666
177	0.00474482	0.0255567	0.00328492	0.00328086	0.423531	0.00341445	0.0507897	0.0385618	0.0540951	0.0498351	0.00737632	0.0237658	0.00201589	0.00320822	0.00520233	0.0122478	0.00910265	0.00848689	0.00860773	0.262892
178	0.00318947	0.00281067	0.00134406	0.00239441	0.00261756	0.00244508	0.83535	0.00849193	0.00526093	0.0155836	0.00212967	0.0175708	0.00118659	0.0355781	0.0236047	0.00652877	0.00360385	0.00305151	0.000502148	0.0267566
179	0.0497398	0.0077828	0.00082657	0.00101276	0.00352747	0.00851326	0.00244495	0.00470725	0.00100453	0.00204257	0.0171422	0.00324633	0.000702574	0.000942918	0.00130236	0.249915	0.641317	0.00149801	0.00116271	0.0011689
180	0.00378841	0.939599	0.000987684	0.000740651	0.00410396	0.00137063	0.00113059	0.0010613	0.00122021	0.00188642	0.00108872	0.00201534	0.000448332	0.000930175	0.00199245	0.0278141	0.00439676	0.00118512	0.000240615	0.00399931
181	0.40628	0.0169523	0.00135874	0.00239769	0.00663095	0.00683748	0.00232567	0.0899194	0.00145229	0.0143728	0.00440985	0.00257537	0.00236856	0.00378463	0.00272516	0.0348059	0.0547819	0.343814	0.000381552	0.00182614
182	0.0372392	0.00316164	0.000734188	0.0010317	0.0125553	0.00146286	0.000832844	0.264067	0.000666011	0.0724488	0.032335	0.00370423	0.000765783	0.000633368	0.00162013	0.00669235	0.0160587	0.542915	0.000211292	0.000865335
183	0.0566733	0.00895012	0.00171081	0.00196749	0.00523272	0.00921283	0.00273124	0.0053847	0.00160337	0.00404332	0.0166443	0.00619752	0.00313099	0.00119505	0.0022385	0.276464	0.590063	0.00313016	0.00108048	0.00234629
184	0.118282	0.00326058	0.0177334	0.0311511	0.0336795	0.0415658	0.0248726	0.0688048	0.036701	0.115226	0.029279	0.0260874	0.0160072	0.0577948	0.0278551	0.0941759	0.0868355	0.143376	0.00450691	0.0228057
185	0.105416	0.0163263	0.00537922	0.00607953	0.0232179	0.0123163	0.00355715	0.0108559	0.0045092	0.0230203	0.0129121	0.0318629	0.0311959	0.00174335	0.00441105	0.581975	0.0944679	0.0161966	0.000227744	0.0143291
186	0.0145919	0.00486864	0.0151823	0.00904581	0.00374658	0.889002	0.000483058	0.00130574	0.00141993	0.00132649	0.00180944	0.00997563	0.000278815	0.000440533	0.00699033	0.0295619	0.00463035	0.00356271	0.00108466	0.000693467
187	0.0233416	0.000851343	0.201511	0.570849	0.000990337	0.0280937	0.00973299	0.00172726	0.0369264	0.00319032	0.00306712	0.0263353	0.00358168	0.0368027	0.00899204	0.0180206	0.00637564	0.0146693	0.000708375	0.00423356
188	0.00701752	0.0015681	0.00064067	0.00108047	0.0276968	0.00068878	0.0028638	0.0899005	0.00144122	0.703765	0.0359071	0.00108027	0.00230826	0.00522044	0.00774944	0.0117912	0.00658394	0.0879886	0.0014759	0.00323208
189	0.0022972	0.0290222	0.00122711	0.00113951	0.389699	0.00110666	0.031107	0.0262352	0.00410746	0.0582787	0.00733678	0.0101212	0.00067135	0.00107054	0.00223482	0.00641805	0.00628399	0.00465702	0.0104083	0.406578
190	0.131207	0.0118155	0.0318748	0.0562261	0.004586	0.0263516	0.0159775	0.0357391	0.0258245	0.0332071	0.0221432	0.0663258	0.0170279	0.0161076	0.0204961	0.243736	0.191198	0.0405972	0.000603588	0.00895525
