228	20
1	0.0190279	0.00270679	0.0551252	0.0791322	0.00491617	0.0213462	0.00228251	0.00645497	0.0146673	0.00640453	0.00472153	0.10039	0.0152322	0.00341104	0.0543822	0.25995	0.2912	0.0467664	0.00135982	0.0105224
2	0.116824	0.00728854	0.00145254	0.00347081	0.00322691	0.695917	0.00867366	0.00567818	0.00108191	0.014356	0.00206034	0.00399511	0.000727499	0.00171448	0.00718757	0.0715358	0.0427474	0.0097572	0.00068331	0.00162232
3	0.121751	0.0643514	0.0976667	0.00643374	0.0122953	0.0432	0.017537	0.00891766	0.00153056	0.00417922	0.0117818	0.288953	0.00178151	0.00392263	0.00188854	0.150223	0.136006	0.0240883	0.000988911	0.00250427
4	0.0414634	0.00145721	0.0626109	0.190806	0.01631	0.0166838	0.0611213	0.0422171	0.0783301	0.0380407	0.0406176	0.0279124	0.000980352	0.0911593	0.0707566	0.0246527	0.0447908	0.0254584	0.0129635	0.111668
5	0.638976	0.0112565	0.00356114	0.00377308	0.00478993	0.0585279	0.00322105	0.0133913	0.00375369	0.0238595	0.0116365	0.00421136	0.00789519	0.00393147	0.0024265	0.127991	0.0262749	0.0444465	0.000959768	0.00511693
6	0.311522	0.00128163	0.000603635	0.000990691	0.0175164	0.0100149	0.000638502	0.193527	0.000672191	0.0489676	0.0144188	0.00114788	0.000519044	0.000932215	0.000730091	0.0101101	0.0104486	0.370007	0.00045414	0.00549706
7	0.674232	0.0115565	0.0038361	0.00370809	0.00253549	0.0601011	0.00122093	0.00786265	0.00417289	0.00848003	0.00752473	0.0020272	0.0124713	0.00168872	0.00105954	0.16126	0.0148944	0.0187678	0.000322189	0.00227865
8	0.0191961	0.00191064	0.0278749	0.239718	0.0156583	0.00536144	0.125915	0.0382269	0.00668905	0.0887544	0.00791059	0.0397607	0.00136525	0.0444096	0.0230566	0.0158949	0.0457135	0.00749414	0.0410602	0.20403
9	0.715796	0.00688656	0.00129542	0.00237843	0.00337293	0.0682887	0.00245784	0.0110805	0.00245659	0.00833144	0.0140733	0.00162096	0.00239957	0.00215092	0.000866727	0.0896858	0.0286017	0.0348398	0.000288395	0.00312813
10	0.152025	0.00841009	0.000662558	0.000936505	0.0307068	0.0114028	0.00444841	0.0574059	0.000580402	0.0571689	0.0510244	0.00125735	0.000682022	0.00765478	0.000825517	0.0250147	0.037125	0.542737	0.00049556	0.00943664
11	0.0519418	0.00155237	0.00138322	0.00146897	0.00176608	0.0355912	0.00133833	0.0162307	0.384498	0.0233372	0.0264863	0.00559149	0.011721	0.00864477	0.376852	0.0190264	0.0086285	0.0165068	0.000524978	0.0069098
12	0.106238	0.0288152	0.0512894	0.0320733	0.00723334	0.00695478	0.0321967	0.0340266	0.00525709	0.125678	0.136948	0.0122408	0.00309784	0.156977	0.109115	0.0180314	0.0131652	0.0583987	0.00233156	0.0599326
13	0.339073	0.172549	0.00240354	0.00371968	0.00423143	0.0123763	0.00341414	0.0454649	0.00416248	0.0376177	0.00848437	0.00766538	0.00167166	0.00381175	0.00376571	0.16008	0.0306024	0.15242	0.00179939	0.00468779
14	0.032039	0.000829107	0.23527	0.100076	0.000915842	0.00123053	0.000799614	0.00182389	0.146284	0.00939277	0.0012821	0.138694	0.00467598	0.0326718	0.207268	0.0529023	0.0258478	0.00267358	0.000353015	0.00496942
15	0.0712795	0.00379929	0.0030469	0.00378653	0.00420215	0.0061908	0.00352654	0.0940941	0.00247719	0.00854606	0.00604914	0.00711841	0.433049	0.00411811	0.0042178	0.0093881	0.0084296	0.30172	0.00176899	0.0231923
16	0.0206478	0.00149353	0.497589	0.100113	0.00101279	0.0306181	0.0587671	0.00542223	0.0698784	0.00826403	0.00379988	0.115083	0.00425629	0.0346423	0.0155707	0.020595	0.00559328	0.00312939	0.000544881	0.00297879
17	0.0616149	0.0113961	0.00184516	0.00105089	0.0379739	0.00585203	0.00212868	0.17472	0.000828123	0.110677	0.0462349	0.00186004	0.00135494	0.00484077	0.000748109	0.00985185	0.0284771	0.484278	0.00209098	0.0121762
18	0.0288168	0.0120407	0.00268786	0.000330945	0.0301423	0.000729069	0.000433836	0.233991	0.000407723	0.114748	0.0276851	0.00154781	0.000505173	0.00127415	0.00038772	0.00337454	0.0227306	0.511998	0.00165621	0.00451273
19	0.483914	0.0248845	0.00358596	0.00430483	0.00189128	0.0454115	0.00149623	0.0167964	0.00216262	0.0068161	0.004035	0.00380934	0.0493407	0.00295857	0.00128507	0.314602	0.0090016	0.0214282	0.000605711	0.00166995
20	0.473515	0.0174589	0.00175228	0.00472522	0.00896234	0.0153925	0.00277511	0.0665887	0.00251046	0.0180053	0.0139607	0.00343039	0.0014372	0.00757475	0.00282176	0.0551033	0.0489454	0.224523	0.00421898	0.0262989
21	0.0132964	0.00399002	0.00102736	0.000897296	0.392545	0.00873568	0.0188187	0.0601211	0.000586594	0.118077	0.0252127	0.00614261	0.00160971	0.00104125	0.00465602	0.00699258	0.0121249	0.0326657	0.0115417	0.279918
22	0.0206528	0.00204358	0.00193972	0.00196032	0.00252734	0.00919925	0.00201569	0.0149842	0.00158582	0.00457733	0.00332825	0.0152459	0.881128	0.00258373	0.00181144	0.0102452	0.00451809	0.0155021	0.000792019	0.00335926
23	0.0331283	0.00659255	0.00333655	0.00473321	0.0190307	0.00760157	0.00453159	0.445526	0.00966141	0.125579	0.0277191	0.00508773	0.0126061	0.00516042	0.00666986	0.00853017	0.0258797	0.224116	0.00477554	0.0197347
24	0.0390283	0.0109852	0.0235844	0.0237515	0.0104143	0.0273	0.00567615	0.0153493	0.0182619	0.0139931	0.00960677	0.0359281	0.00802239	0.00723582	0.0620079	0.224933	0.416589	0.0353064	0.00220531	0.00982077
25	0.0203664	0.00181964	0.00192191	0.00189497	0.00234302	0.00926924	0.00190181	0.0151473	0.0015331	0.00431931	0.00295846	0.0151233	0.882727	0.00250035	0.00178129	0.0101581	0.00438866	0.016076	0.000781341	0.00298839
26	0.157271	0.011108	0.0100517	0.0271829	0.00865967	0.0265581	0.00948294	0.0177216	0.00494632	0.0238338	0.0133565	0.0206456	0.00508182	0.0983376	0.00889739	0.436506	0.038954	0.0336026	0.0033293	0.0444733
27	0.0264368	0.00283882	0.0193572	0.00986547	0.0147607	0.0419252	0.00293018	0.00583589	0.00355884	0.00535813	0.00443012	0.0185415	0.00196203	0.00327011	0.0143233	0.326022	0.478776	0.0156024	0.00120269	0.00300272
28	0.0326248	0.00404272	0.0420168	0.150355	0.0047743	0.0283172	0.0409525	0.0980173	0.0400042	0.0674837	0.00593039	0.00568804	0.219271	0.0238921	0.00361157	0.144075	0.0484826	0.0343141	0.00182887	0.00431785
29	0.0436666	0.0122936	0.00180583	0.000510662	0.0221225	0.00181866	0.000980422	0.281582	0.00151034	0.0977048	0.0295961	0.00129629	0.00248477	0.00161437	0.000670495	0.00531321	0.0261816	0.461931	0.00127516	0.00564155
30	0.152693	0.00602242	0.0036123	0.00678274	0.0046668	0.00841427	0.004819	0.235745	0.00330834	0.0358749	0.116125	0.0118509	0.0997036	0.0111098	0.0046087	0.0577492	0.0317554	0.195482	0.00409668	0.0055791
31	0.0719268	0.0109009	0.0557599	0.506278	0.0203512	0.00411758	0.0233286	0.00484777	0.0235865	0.00529008	0.0365606	0.0271558	0.0100365	0.0851586	0.0145329	0.0730029	0.00463077	0.0086908	0.000993233	0.0128508
32	0.0851938	0.00232194	0.04333	0.129301	0.0177027	0.0247473	0.044032	0.0430583	0.121168	0.0574988	0.0340404	0.0356211	0.000808031	0.052273	0.0934504	0.0318055	0.0731968	0.0359053	0.00586281	0.0686834
33	0.0151491	0.00336115	0.000858729	0.00185423	0.0411032	0.00424173	0.00127938	0.406031	0.00629428	0.191931	0.0455714	0.00189387	0.0111698	0.00204431	0.00459894	0.00242617	0.0234911	0.203786	0.00319305	0.0297216
34	0.423966	0.00339795	0.017954	0.00630388	0.00377329	0.123396	0.000822029	0.00506806	0.00107424	0.00279552	0.0019182	0.0106148	0.00587311	0.00333158	0.00833878	0.322489	0.0472465	0.0104546	0.000401861	0.000781318
35	0.0955667	0.000882379	0.135627	0.336002	0.00105394	0.0175967	0.00884178	0.00208021	0.143415	0.0102003	0.00688437	0.0310629	0.00057634	0.0578091	0.0454369	0.0783785	0.00215519	0.0250138	0.000356113	0.00106128
36	0.00967461	0.00285295	0.000530697	0.000683657	0.399158	0.00603988	0.0146433	0.0619293	0.000490131	0.135082	0.0314896	0.0045671	0.00039776	0.000850345	0.00367812	0.00670757	0.0116359	0.0308609	0.0114501	0.267278
37	0.0178277	0.00348415	0.00117324	0.0016432	0.0118216	0.00936886	0.00178546	0.474356	0.0192352	0.0694267	0.0179215	0.00255244	0.00810918	0.00341902	0.0121831	0.00342908	0.0299942	0.264861	0.00905086	0.0383574
38	0.570325	0.00354201	0.111044	0.0412253	0.00339021	0.0225028	0.00295448	0.00691856	0.0227521	0.00718582	0.00547045	0.0511975	0.00334688	0.00542117	0.0325415	0.0575629	0.0226424	0.0254311	0.00133447	0.0032116
39	0.0321235	0.000817724	0.244651	0.0977722	0.000971814	0.00147953	0.00185641	0.00197253	0.140937	0.00908187	0.00139668	0.142852	0.00453112	0.0335646	0.198204	0.0540616	0.0258598	0.00272319	0.000370381	0.00477207
40	0.0454999	0.0746595	0.122667	0.0464798	0.0036813	0.357949	0.0149285	0.0116144	0.0106534	0.00715524	0.0139328	0.129843	0.0216805	0.00852767	0.00517939	0.051506	0.0252569	0.043478	0.00145311	0.00385401
41	0.0549986	0.000882475	0.0867365	0.224883	0.00944609	0.0150665	0.0256298	0.0515076	0.114184	0.0557863	0.0289095	0.0277135	0.000652997	0.0547072	0.0763803	0.0348305	0.0394629	0.0370288	0.00206376	0.0591289
42	0.0557334	0.014814	0.000989298	0.00170058	0.0329971	0.0108831	0.014972	0.150448	0.0069956	0.201973	0.390938	0.0121439	0.00079265	0.0150122	0.00170182	0.0108735	0.0132795	0.0558109	0.000940029	0.00700135
43	0.0195433	0.00114579	0.503899	0.0912731	0.000952899	0.025532	0.0611174	0.00554254	0.0736793	0.00758428	0.00423589	0.121484	0.00463245	0.0283243	0.0181286	0.0201869	0.00645067	0.00264965	0.00045141	0.00318724
44	0.23648	0.11098	0.0046834	0.00456967	0.00731776	0.0624735	0.00595334	0.0641635	0.0284285	0.0148853	0.0102456	0.00980726	0.00301363	0.00649876	0.0298822	0.183789	0.176321	0.0312078	0.00221172	0.00708857
45	0.0859344	0.000815713	0.140205	0.338522	0.0020845	0.0162056	0.0102339	0.00642638	0.134664	0.0111614	0.00779857	0.0293098	0.000567113	0.0579605	0.0443642	0.0712818	0.00415996	0.0316281	0.000428282	0.0062497
46	0.00977235	0.00289409	0.000521348	0.00061003	0.402164	0.00613877	0.015012	0.0630819	0.000466437	0.132986	0.0274861	0.00461398	0.000385086	0.000803149	0.00363759	0.0063236	0.0118041	0.0317765	0.010874	0.268649
47	0.0249071	0.0109811	0.00258924	0.000348466	0.0300046	0.000755122	0.000347098	0.247861	0.000963396	0.115674	0.0264521	0.001472	0.000680997	0.00112776	0.000824822	0.00238128	0.0221261	0.503044	0.00188704	0.00557195
48	0.0506405	0.0191402	0.0184775	0.00351538	0.00341145	0.00527728	0.0902937	0.0232971	0.0718296	0.0383694	0.0209342	0.0812935	0.200001	0.00395262	0.129203	0.0247362	0.164818	0.0279094	0.00157025	0.0213296
49	0.403789	0.0177931	0.00212601	0.0029322	0.0105242	0.0829458	0.00660696	0.0507413	0.00173301	0.0410488	0.0257177	0.00925273	0.0101701	0.00618173	0.00156606	0.0632768	0.0801547	0.175795	0.00183153	0.00581414
50	0.0162054	0.000832146	0.356763	0.520585	0.00121373	0.00989616	0.00262196	0.00212382	0.0172368	0.00475042	0.00221907	0.0157656	0.00603647	0.00884063	0.0076952	0.0172363	0.00191832	0.00613279	0.000364227	0.00156324
51	0.0732538	0.0118705	0.0114575	0.0444058	0.00716627	0.406562	0.037901	0.0189356	0.00513225	0.0186349	0.0122217	0.0145354	0.00510375	0.0103448	0.00848715	0.243024	0.0364384	0.0223809	0.00334426	0.0088003
52	0.0189786	0.0012657	0.338161	0.529494	0.00171653	0.00918358	0.00259887	0.00205201	0.0171052	0.00465067	0.00372003	0.0146124	0.00621351	0.0125305	0.00776712	0.0194297	0.00199589	0.00597521	0.000356568	0.00219318
53	0.0166976	0.00707462	0.00312127	0.00131134	0.34391	0.0116741	0.0460982	0.0640407	0.000813858	0.0898334	0.0291457	0.00706843	0.00575262	0.00140334	0.00337668	0.00961794	0.0139006	0.0382031	0.0303034	0.276653
54	0.354619	0.000764227	0.0203788	0.0076152	0.00487722	0.145026	0.000924207	0.00513322	0.00060138	0.0015681	0.00136952	0.0146534	0.000463628	0.00457511	0.0118255	0.348654	0.0643829	0.0112342	0.000427424	0.000907377
55	0.650642	0.00847396	0.00175738	0.00285836	0.00362544	0.0653615	0.00376772	0.0152255	0.00203513	0.00875311	0.0195437	0.00334563	0.00323724	0.00597698	0.00145307	0.0856345	0.0467195	0.0674949	0.000724556	0.00337009
56	0.0650875	0.00681313	0.0010194	0.00123658	0.0404902	0.0134026	0.00581643	0.118529	0.00233948	0.162005	0.491409	0.0115155	0.000701187	0.00695049	0.00121912	0.00934095	0.0124538	0.0444495	0.000724392	0.00449732
57	0.317177	0.00118652	0.0184996	0.0116117	0.00511635	0.152739	0.00249147	0.00574234	0.00084492	0.00282455	0.00196817	0.0138456	0.000508846	0.0048069	0.0108831	0.366926	0.0694031	0.0113336	0.000607236	0.00148323
58	0.492006	0.0274518	0.000802118	0.00559221	0.00930383	0.01921	0.00113122	0.0376676	0.000728029	0.0117899	0.017979	0.0017809	0.00129292	0.012325	0.000993674	0.0353926	0.0873016	0.222356	0.00673825	0.00815734
59	0.212136	0.215035	0.0021444	0.00321353	0.00317489	0.00728155	0.00241978	0.0672131	0.00203454	0.0895302	0.0184246	0.00391955	0.00160651	0.00311764	0.00272649	0.0559041	0.081486	0.223626	0.00143201	0.00357427
60	0.0221601	0.0196402	0.00112977	0.00647133	0.0874877	0.0149053	0.00157209	0.279194	0.00953933	0.19172	0.0791382	0.00338921	0.00175707	0.0280692	0.0023204	0.00986859	0.0239231	0.131503	0.017528	0.0686828
61	0.166289	0.00677761	0.00118478	0.00334988	0.00326723	0.644451	0.00888382	0.00603671	0.00120204	0.0132716	0.00300835	0.00352754	0.000643345	0.0016413	0.00657288	0.0755724	0.0407893	0.0113334	0.000585749	0.0016121
62	0.6555	0.0158278	0.00297728	0.00291	0.0021412	0.0558387	0.00101484	0.00794342	0.00284557	0.00737447	0.00836519	0.00222797	0.0147812	0.00133044	0.000679573	0.18762	0.0120925	0.0161305	0.000305508	0.00209365
63	0.280917	0.00454234	0.00253925	0.0559305	0.00342263	0.0206568	0.00289016	0.00630742	0.00219305	0.00626635	0.0043994	0.00436963	0.00482517	0.0492375	0.00231791	0.497652	0.00633109	0.035724	0.00134772	0.00813045
64	0.375751	0.00244429	0.00144837	0.0282361	0.0352038	0.020256	0.00222864	0.0325367	0.00172083	0.240422	0.0733174	0.01218	0.00125649	0.0130712	0.0111037	0.0425401	0.0288888	0.0737218	0.000961631	0.00271125
65	0.614691	0.00573379	0.00116909	0.00224183	0.00364516	0.0784454	0.00606772	0.0179915	0.00181819	0.0104058	0.0249488	0.00414938	0.00431247	0.00393087	0.00113402	0.0805523	0.0634756	0.0721691	0.000419051	0.00269902
66	0.0924939	0.00792971	0.0047017	0.00667077	0.00331189	0.72649	0.00790727	0.00813015	0.00133631	0.0123678	0.0037049	0.00728371	0.00144159	0.00249578	0.00636576	0.0604408	0.033527	0.0102395	0.000898808	0.00226244
67	0.687775	0.00769063	0.00139574	0.00281718	0.0030776	0.0652057	0.00307905	0.0125199	0.00218952	0.00798183	0.0156118	0.00173918	0.00226837	0.0030133	0.000990839	0.0887749	0.0401348	0.0503795	0.000369598	0.00298606
68	0.0162154	0.00174029	0.00375866	0.0128381	0.0135336	0.0086528	0.011598	0.0200995	0.0855118	0.011199	0.00521267	0.0179523	0.00649571	0.0268427	0.677675	0.00779253	0.035179	0.0184535	0.0154436	0.00380544
69	0.13504	0.012522	0.00172487	0.00228943	0.00270317	0.00307119	0.00174193	0.00528623	0.00170268	0.00515931	0.00337959	0.00377955	0.00142815	0.00247534	0.00235745	0.0995424	0.297365	0.414668	0.00119575	0.00256864
70	0.0223794	0.00611884	0.00107176	0.000924202	0.377657	0.0126192	0.0230366	0.0604081	0.00066389	0.111248	0.0287434	0.0057843	0.00163565	0.000966017	0.00407889	0.0109937	0.0145773	0.0403898	0.0123842	0.264319
71	0.0335241	0.00992938	0.0256049	0.0256929	0.00991014	0.0214773	0.00529026	0.0127823	0.00791349	0.0120689	0.00981377	0.0658468	0.00594935	0.00592038	0.0246122	0.213066	0.435693	0.0654044	0.00222575	0.00727464
72	0.670284	0.0247029	0.00221424	0.00558227	0.00329651	0.0552129	0.00210714	0.0109666	0.0025099	0.00887559	0.0107379	0.00380904	0.00453809	0.00239346	0.00125509	0.108308	0.031654	0.047976	0.000459833	0.00311647
73	0.014777	0.00374817	0.0164977	0.0108199	0.0128789	0.0316179	0.00348794	0.00696347	0.00411369	0.00629531	0.00496288	0.0196016	0.00209306	0.00351312	0.0154354	0.316625	0.502733	0.0185887	0.00160296	0.0036437
74	0.454131	0.0608218	0.00211135	0.00465194	0.00229676	0.0246879	0.00179489	0.00888382	0.00196447	0.00533101	0.00457644	0.014947	0.0126745	0.00350443	0.00203264	0.344883	0.0226305	0.0246072	0.000634828	0.00283377
75	0.404271	0.00310639	0.0173633	0.00671562	0.00396664	0.130569	0.00086251	0.0052468	0.000987761	0.0025472	0.00202047	0.0114132	0.00405799	0.003733	0.00915377	0.330602	0.0509976	0.0110379	0.000385684	0.000962525
76	0.0205788	0.0365898	0.00412319	0.00728727	0.00710101	0.00881264	0.120645	0.0128011	0.0040857	0.0127536	0.0119783	0.188311	0.0948627	0.283638	0.00534523	0.0135009	0.0148819	0.139721	0.005254	0.00772888
77	0.0916734	0.00857795	0.00511785	0.00767987	0.00351597	0.726331	0.00782464	0.00713933	0.00139174	0.0120851	0.00380334	0.00711624	0.00138234	0.00263605	0.00638137	0.0618855	0.0333976	0.00935842	0.000762513	0.00194027
78	0.0354042	0.0133079	0.000981818	0.00505047	0.0475375	0.0065282	0.00812818	0.0605106	0.0124782	0.552933	0.0890594	0.00534639	0.00109651	0.00639429	0.00435099	0.0108841	0.0186823	0.0630447	0.0107001	0.0475814
79	0.35899	0.00207954	0.00167736	0.0352557	0.0371366	0.0215876	0.002167	0.0294932	0.0016215	0.249576	0.0902583	0.0103409	0.00128187	0.0104008	0.00900359	0.0323862	0.0326676	0.0703555	0.00107444	0.00264578
80	0.0118834	0.00326626	0.000668448	0.00087351	0.386533	0.0070365	0.0160876	0.0587245	0.000605147	0.134569	0.0254039	0.00520779	0.000547488	0.00110808	0.00628217	0.00644829	0.0119285	0.0303326	0.00961397	0.28288
81	0.616085	0.00877188	0.00400208	0.00485994	0.00641837	0.0831682	0.00464748	0.0189975	0.00378033	0.0185346	0.0370522	0.00593496	0.00479492	0.00443117	0.00240527	0.0827873	0.0365625	0.0511894	0.000928663	0.00464846
82	0.0727323	0.00942924	0.00348118	0.00258916	0.184698	0.0264248	0.121492	0.0540106	0.00196218	0.0344887	0.0609102	0.00806335	0.0151355	0.00257773	0.00202289	0.044293	0.0532223	0.0726979	0.0558621	0.173907
83	0.0323862	0.00367223	0.258846	0.531665	0.00627551	0.00817504	0.00683333	0.00386677	0.0195402	0.0055509	0.0114903	0.017366	0.00691147	0.0266928	0.010323	0.0307559	0.00462686	0.00900329	0.000799928	0.00521954
84	0.0975115	0.016153	0.00234487	0.0155828	0.00423731	0.0167423	0.00407558	0.0739671	0.00198	0.0354848	0.157276	0.0339222	0.0364885	0.0363005	0.00458624	0.0269977	0.0220225	0.39425	0.0153677	0.00470857
85	0.0245308	0.0206825	0.0033626	0.00083759	0.0379851	0.0015846	0.000942587	0.191103	0.000674959	0.187183	0.0256977	0.00258989	0.000936034	0.002766	0.000972506	0.00397457	0.0352234	0.445968	0.00183849	0.0111472
86	0.038072	0.0158074	0.00654276	0.00182159	0.185998	0.0301127	0.119783	0.0511854	0.0013229	0.0146955	0.039722	0.0143357	0.0325984	0.00210833	0.00187564	0.0247164	0.0282208	0.0590613	0.0732101	0.258809
87	0.117157	0.00753877	0.0036671	0.00835643	0.00705524	0.014698	0.0279104	0.121592	0.00585251	0.0164989	0.0549136	0.0707261	0.0446649	0.0354955	0.0343633	0.0914478	0.0185645	0.250184	0.0373223	0.0319914
88	0.378846	0.0194532	0.00178509	0.00557969	0.00963415	0.0129478	0.00241484	0.0595632	0.00171478	0.0139379	0.0155855	0.00432137	0.00157008	0.0208959	0.00246645	0.0253214	0.13733	0.261749	0.0170374	0.00784702
89	0.499744	0.0192139	0.00356664	0.00578299	0.00136916	0.0451303	0.00126897	0.0118421	0.0021305	0.00617796	0.00397064	0.00315777	0.0381624	0.00397292	0.000860737	0.324907	0.00801105	0.018665	0.000483341	0.00158217
90	0.116148	0.00745351	0.00137662	0.00337531	0.00326493	0.697828	0.00835172	0.00571472	0.00103136	0.014806	0.00206157	0.00397277	0.000706235	0.00163827	0.00739925	0.0707397	0.0422258	0.00957929	0.000699155	0.00162742
91	0.0846858	0.010959	0.0239224	0.0170202	0.0581115	0.0242723	0.0161682	0.00331328	0.00113424	0.2331	0.156351	0.0488069	0.000935198	0.0319093	0.0016078	0.162596	0.0906347	0.00497923	0.00832298	0.0211704
92	0.0459017	0.00926014	0.00918518	0.0176846	0.0137341	0.130151	0.012713	0.0294017	0.0861341	0.0301021	0.0224603	0.019005	0.0115698	0.0655537	0.379152	0.0312221	0.0301567	0.0361944	0.00885111	0.0115673
93	0.158771	0.0172578	0.00261197	0.00350939	0.0344461	0.00457142	0.0162269	0.0710135	0.00235852	0.346668	0.0374081	0.0186783	0.00176934	0.0532259	0.00312492	0.0087216	0.0507248	0.14842	0.00177173	0.0187201
94	0.0202022	0.00181545	0.00192783	0.00187549	0.00230956	0.0089395	0.00190686	0.0148013	0.00142707	0.00424899	0.00288734	0.015028	0.884789	0.00241119	0.00157368	0.0100732	0.00430374	0.0157417	0.000767193	0.00297024
95	0.0282541	0.0119129	0.00208561	0.000468739	0.0229902	0.000814159	0.000431207	0.307332	0.00155191	0.108197	0.0260836	0.00138724	0.00251507	0.00107055	0.000790451	0.00239611	0.0236235	0.451616	0.00155647	0.00492418
96	0.104782	0.0143586	0.00316367	0.0170444	0.0190036	0.0304225	0.00550668	0.0665811	0.00425623	0.0740439	0.0683316	0.0108947	0.00685309	0.0629483	0.00388792	0.0278485	0.052255	0.417359	0.00302483	0.00743399
97	0.0648129	0.00692622	0.000992217	0.0012812	0.0418901	0.014269	0.00586108	0.121195	0.00244645	0.160932	0.482682	0.0122612	0.000767379	0.00751954	0.00117566	0.00964308	0.0132233	0.0464311	0.000737801	0.0049535
98	0.339473	0.0180418	0.000953941	0.00113405	0.00802226	0.0986373	0.0100225	0.0485964	0.000870953	0.0271374	0.0300661	0.0285274	0.0327472	0.00815145	0.00106996	0.0884476	0.0758779	0.179511	0.000641753	0.00207008
99	0.0267858	0.0215972	0.0226787	0.00148072	0.0260548	0.00208449	0.00111008	0.203086	0.00140333	0.120345	0.0240896	0.0287582	0.000843188	0.00932097	0.00155141	0.00410687	0.0225464	0.475161	0.00209215	0.00490486
100	0.358941	0.0172616	0.00088842	0.00135438	0.00755901	0.0935949	0.00870891	0.0498691	0.000866998	0.0265666	0.0286163	0.023903	0.0306038	0.00748349	0.000957794	0.0809639	0.0742432	0.184306	0.000809825	0.00250253
101	0.155667	0.0748478	0.0567859	0.00432284	0.00957994	0.0545589	0.0165959	0.0162196	0.00283183	0.00945808	0.0217978	0.214963	0.00233057	0.00530055	0.00309293	0.120471	0.186785	0.0384696	0.0014164	0.00450602
102	0.0177797	0.00176076	0.00313745	0.0125069	0.0123393	0.00988494	0.0110277	0.0194069	0.0976035	0.0136943	0.00705634	0.0175261	0.00684526	0.0265712	0.661028	0.00912896	0.0346541	0.0189492	0.0146578	0.00444147
103	0.391098	0.00235277	0.0186923	0.00667741	0.00438929	0.131472	0.00160278	0.00663505	0.000893743	0.00330859	0.00316981	0.0131555	0.000892282	0.00488885	0.00993125	0.303481	0.0763223	0.0192384	0.000506216	0.00129262
104	0.0339713	0.0015574	0.000756023	0.00133372	0.0100367	0.00608938	0.00332398	0.228664	0.000695964	0.41565	0.0550445	0.00317147	0.00342239	0.00122605	0.00088415	0.00243288	0.010696	0.20756	0.000547319	0.0129363
105	0.344125	0.00199308	0.0227819	0.0073355	0.00472063	0.146944	0.0013025	0.00739538	0.000781735	0.002754	0.0019197	0.0201964	0.000667542	0.00536692	0.0113329	0.338587	0.0652721	0.0148434	0.00053297	0.00114686
106	0.644273	0.00892955	0.0105884	0.00813945	0.0021821	0.0625024	0.00133562	0.00770653	0.00268683	0.0153011	0.00623679	0.00315428	0.0269925	0.00192341	0.00177476	0.15464	0.0160701	0.0229285	0.000543783	0.00209051
107	0.0386501	0.00341686	0.0026609	0.00380089	0.00279432	0.0235506	0.0027094	0.0270826	0.00513616	0.00647036	0.00550312	0.0280564	0.769856	0.00600538	0.00984332	0.0168336	0.0108889	0.0305592	0.00141564	0.00476587
108	0.0223582	0.00661895	0.00468327	0.00620108	0.0122151	0.0445727	0.0347382	0.235734	0.00492815	0.440536	0.0158659	0.00856866	0.00421547	0.0347573	0.00573446	0.0140747	0.0145572	0.0264292	0.0540308	0.00918043
109	0.0496645	0.0370318	0.112244	0.00909669	0.00545529	0.00881324	0.00510992	0.0040601	0.00138306	0.00381473	0.00448255	0.386243	0.00126342	0.00294071	0.00184187	0.182613	0.171187	0.00967748	0.00086651	0.00221106
110	0.0227437	0.00271067	0.00194688	0.00212205	0.0261828	0.00570572	0.00516118	0.437234	0.0138726	0.0796296	0.0160312	0.00809543	0.00764892	0.00206974	0.0125291	0.00359794	0.0392082	0.268522	0.00577277	0.039215
111	0.0204837	0.00614272	0.0110386	0.0627884	0.0955422	0.0463702	0.218341	0.0164514	0.0375122	0.0783093	0.0151061	0.0755231	0.00364782	0.052104	0.0379687	0.0149412	0.0198387	0.0187717	0.105352	0.063767
112	0.0795761	0.133891	0.0562278	0.0231567	0.00282813	0.236772	0.0142505	0.015282	0.00191894	0.0049931	0.0206042	0.190504	0.0416539	0.00291905	0.00224689	0.0601334	0.0316491	0.0775696	0.00119711	0.00262672
113	0.0150725	0.000704537	0.362703	0.523709	0.000746652	0.0111529	0.00165117	0.0014907	0.0159789	0.00470357	0.00156522	0.0145175	0.00596511	0.0084316	0.00696675	0.0167141	0.00147393	0.00516145	0.000318721	0.000972816
114	0.016614	0.0054718	0.00368299	0.00644023	0.00578668	0.00831851	0.32396	0.0113952	0.00350916	0.010165	0.0557156	0.0629641	0.00640813	0.32734	0.00473567	0.0113164	0.0344259	0.0182728	0.0493408	0.0341373
115	0.0865392	0.00544001	0.0191827	0.00427417	0.00381709	0.074254	0.0205031	0.0265064	0.00276674	0.0594651	0.00653246	0.0605332	0.00196397	0.0897128	0.0208587	0.355873	0.123944	0.0289728	0.00190358	0.00695698
116	0.0170053	0.000877011	0.412056	0.386494	0.00136443	0.0168907	0.0174846	0.00386991	0.0295943	0.00644077	0.00282917	0.0424429	0.00513047	0.0137822	0.0114336	0.0170267	0.00386566	0.00593449	0.000817584	0.00465975
117	0.260689	0.0102538	0.00228538	0.0026316	0.0201123	0.0192754	0.00330747	0.134842	0.00226179	0.0908962	0.0345405	0.00409751	0.00213502	0.00374147	0.00259522	0.101672	0.154943	0.131893	0.00145421	0.0163735
118	0.071762	0.0431558	0.00228994	0.112015	0.0165574	0.0413951	0.00247679	0.0297592	0.0157962	0.145393	0.103701	0.0180512	0.00157457	0.197755	0.00245011	0.0360357	0.049214	0.105849	0.00128019	0.00348887
119	0.0485345	0.00291872	0.00531316	0.00996275	0.00342274	0.0422836	0.00413361	0.0294395	0.343384	0.0498568	0.025045	0.00887705	0.0110586	0.0119386	0.339678	0.0191204	0.0130685	0.0203481	0.00138325	0.0102334
120	0.0274591	0.00233705	0.472772	0.143285	0.00281953	0.027472	0.052749	0.00552642	0.0602403	0.00741561	0.00666647	0.104972	0.00422701	0.0296627	0.0147928	0.0230172	0.00557815	0.00441604	0.000537887	0.004053
121	0.170903	0.0409622	0.00350952	0.00263791	0.00314553	0.00865363	0.0134583	0.0208777	0.00230102	0.0410499	0.0179254	0.0184643	0.00160427	0.0279104	0.0033129	0.264772	0.285255	0.0464515	0.00102221	0.0257835
122	0.100581	0.0107954	0.00752326	0.0143937	0.00662944	0.585363	0.0097721	0.0363074	0.00398026	0.0196445	0.00975484	0.0109732	0.00544131	0.0070019	0.00875237	0.0952612	0.0360177	0.0250232	0.00170723	0.00507779
123	0.0581962	0.034749	0.00471301	0.00684916	0.105601	0.0150577	0.0140587	0.156421	0.00567717	0.117274	0.0845072	0.0354664	0.00569682	0.0151747	0.00572511	0.0198943	0.0377804	0.140369	0.0959174	0.040872
124	0.0253185	0.00198947	0.000703362	0.00167569	0.0218058	0.00338451	0.00353535	0.308144	0.000709709	0.341517	0.074035	0.00543829	0.00784941	0.00138648	0.000841069	0.00213066	0.0113733	0.176321	0.000602703	0.0112387
125	0.0280644	0.0161355	0.00254929	0.00400249	0.00611207	0.00579544	0.07267	0.231515	0.0112975	0.107639	0.220723	0.0289591	0.00199722	0.122678	0.00350412	0.028104	0.040162	0.0610116	0.00227032	0.00481009
126	0.0296522	0.0109978	0.00138338	0.00436827	0.113582	0.0213467	0.00230871	0.262895	0.00470587	0.237129	0.0624275	0.00365064	0.00283073	0.0151751	0.00156258	0.0218135	0.0301072	0.115505	0.0161698	0.0423874
127	0.0241631	0.0168853	0.011378	0.00238468	0.217388	0.0194437	0.0978861	0.0655838	0.00155866	0.0106833	0.0417444	0.0100255	0.0190568	0.0023324	0.00216907	0.0156244	0.0160776	0.0496071	0.0948838	0.281124
128	0.576173	0.100372	0.00142413	0.0031913	0.00386057	0.0310908	0.00270897	0.0146032	0.00375935	0.00997176	0.00512129	0.0131433	0.00232315	0.00236012	0.00286437	0.125572	0.0328254	0.064534	0.000748521	0.00335215
129	0.0776955	0.013646	0.0501712	0.482117	0.0256261	0.00347044	0.0245837	0.00559797	0.0162161	0.00537957	0.0409978	0.026558	0.0132402	0.0873597	0.0143879	0.0828187	0.00549945	0.00808447	0.00104058	0.01551
130	0.0279205	0.0306116	0.144181	0.0127387	0.00452752	0.00631969	0.00401318	0.00434199	0.00160607	0.0040862	0.0045046	0.385266	0.00165999	0.00242632	0.00217567	0.142871	0.209306	0.00799557	0.000954089	0.00249472
131	0.309964	0.0176384	0.00198714	0.00224034	0.00512302	0.0756917	0.0142838	0.0236984	0.00172168	0.0125695	0.0174333	0.0772511	0.0643305	0.0149514	0.0022181	0.0943635	0.0452752	0.2156	0.000955414	0.00270379
132	0.0602515	0.0152215	0.0481187	0.207945	0.0145881	0.0261676	0.0286338	0.0265872	0.0333583	0.0406001	0.041293	0.0360253	0.0116379	0.226146	0.0256946	0.0476776	0.0288155	0.0465196	0.0084475	0.0262719
133	0.0676811	0.00675928	0.117279	0.475988	0.0132496	0.00759074	0.0167324	0.00760802	0.0428059	0.0079681	0.0283713	0.0241437	0.00700441	0.0659059	0.0206763	0.05629	0.00611909	0.0145165	0.000810299	0.0125004
134	0.485382	0.0266797	0.000744693	0.0053759	0.0101955	0.017314	0.000962399	0.0376018	0.000703094	0.0127009	0.0174589	0.00157712	0.00108367	0.0124031	0.0009584	0.03181	0.0892179	0.231639	0.00737724	0.00881459
135	0.0197385	0.00497838	0.000975708	0.000803288	0.378325	0.0113675	0.024131	0.0612063	0.000547841	0.115029	0.0283191	0.00561828	0.0016569	0.000941555	0.0037178	0.00968086	0.0146877	0.0385388	0.0128825	0.266854
136	0.023699	0.00245567	0.460415	0.20365	0.00325594	0.0231948	0.0356495	0.00768572	0.0486374	0.00961193	0.00634868	0.0796448	0.00494089	0.0197683	0.0195911	0.0234352	0.0120354	0.00923646	0.00147171	0.00527223
137	0.0839559	0.0105126	0.0231756	0.0163151	0.0590473	0.024159	0.0161667	0.00336322	0.00112117	0.234461	0.156358	0.0492194	0.000950148	0.0321731	0.00168283	0.161822	0.0914597	0.00500074	0.00810735	0.0209495
138	0.0499771	0.0156763	0.00167586	0.00221004	0.0517527	0.0129702	0.0178513	0.16124	0.00181797	0.0928362	0.0705535	0.0259229	0.00127241	0.00592514	0.00231424	0.00787093	0.281264	0.192167	0.00171772	0.00298441
139	0.0173725	0.00319678	0.000371357	0.00249912	0.0676271	0.00178115	0.00101988	0.313661	0.000475949	0.273734	0.0802231	0.00139763	0.0146994	0.000994911	0.000478971	0.00175175	0.0244381	0.173362	0.000747627	0.0201668
140	0.0464382	0.0229224	0.00135475	0.0018393	0.0150818	0.00644883	0.031861	0.207918	0.0155602	0.143019	0.323635	0.0186675	0.00122928	0.0794441	0.00187742	0.0128226	0.021602	0.0437792	0.000913022	0.00358567
141	0.711963	0.00765029	0.00147679	0.00271487	0.00528012	0.0663311	0.00238924	0.0112319	0.00331195	0.0113327	0.0145692	0.00189559	0.00284932	0.00182149	0.00127264	0.0982664	0.0222978	0.0285465	0.000353119	0.00444542
142	0.0117105	0.00322897	0.000509005	0.000679779	0.403166	0.00703934	0.0157276	0.0629563	0.000481707	0.125876	0.0258646	0.00533897	0.000388955	0.000825271	0.00395994	0.00629866	0.012358	0.0329201	0.00932434	0.271346
143	0.0508363	0.00154311	0.001331	0.00145203	0.00174811	0.036045	0.0013432	0.0171364	0.380992	0.0242734	0.0258689	0.00532275	0.0122827	0.00842405	0.381572	0.0173084	0.00821134	0.0164788	0.000563935	0.00726703
144	0.00690829	0.00161406	0.00083362	0.00102798	0.00302047	0.00181567	0.00119332	0.485598	0.0017459	0.220021	0.0117017	0.00192797	0.0160656	0.00122053	0.00143049	0.00229768	0.0097553	0.22721	0.000752808	0.00385878
145	0.697784	0.00962051	0.00332906	0.00316254	0.00269047	0.0696079	0.00122333	0.00737964	0.00263347	0.00786151	0.00871079	0.0014041	0.0086169	0.00122918	0.000659229	0.13634	0.0162874	0.0188308	0.000257744	0.00237152
146	0.138199	0.00888166	0.0749563	0.409439	0.0153815	0.0136182	0.0156277	0.011841	0.0388649	0.0185433	0.0289602	0.0246257	0.00763183	0.0563374	0.0193509	0.0634093	0.0144397	0.0264361	0.00247366	0.0109821
147	0.0146416	0.00153697	0.416257	0.0579078	0.00220658	0.0146366	0.113632	0.00579238	0.0644007	0.0125505	0.0148623	0.167839	0.00327623	0.0274309	0.0259486	0.0222837	0.0186523	0.00485004	0.00123074	0.0100645
148	0.032039	0.000829107	0.23527	0.100076	0.000915842	0.00123053	0.000799614	0.00182389	0.146284	0.00939277	0.0012821	0.138694	0.00467598	0.0326718	0.207268	0.0529023	0.0258478	0.00267358	0.000353015	0.00496942
149	0.06512	0.00671167	0.000624197	0.000679058	0.00461708	0.00098765	0.000614999	0.135414	0.000434749	0.0311584	0.00610474	0.000994358	0.000394245	0.0038154	0.000581486	0.0074328	0.0286829	0.704281	0.000399855	0.000951626
150	0.0160044	0.0198801	0.00594196	0.0191038	0.0178701	0.00455605	0.0433407	0.0365826	0.00285242	0.274479	0.142532	0.0483772	0.00183032	0.0675129	0.0970202	0.0662886	0.0201683	0.0278456	0.00158598	0.0862279
151	0.0263999	0.0130071	0.00166857	0.00252451	0.0631959	0.00719175	0.00802545	0.167219	0.00184825	0.235268	0.0520304	0.0119966	0.00322796	0.00579137	0.00214225	0.00761365	0.186068	0.194003	0.00201039	0.00876789
152	0.0201599	0.00193206	0.0019715	0.00219319	0.00259032	0.00908044	0.00238999	0.0151737	0.00148217	0.00510504	0.00315308	0.0157464	0.878299	0.00255942	0.00195067	0.0101593	0.00483676	0.017223	0.000849533	0.00314415
153	0.119877	0.0103228	0.000798268	0.00097784	0.0302799	0.0124925	0.00556908	0.0395137	0.000698652	0.0557801	0.0555833	0.00140274	0.000807922	0.00958837	0.000895318	0.0305723	0.0433874	0.570191	0.000580158	0.0106813
154	0.0741887	0.0073748	0.00124781	0.00142236	0.0522626	0.0218909	0.00617958	0.163746	0.00348841	0.119518	0.40585	0.0149469	0.00116583	0.0133348	0.00150917	0.0204562	0.0170904	0.0615108	0.00198888	0.0108279
155	0.0674724	0.00598107	0.000493713	0.000755406	0.00261373	0.00113604	0.000619793	0.129005	0.000468401	0.0247722	0.00473533	0.00100531	0.000407302	0.00421884	0.000659874	0.0075499	0.028744	0.718317	0.000326899	0.000717843
156	0.11863	0.141987	0.0400663	0.00962573	0.00499576	0.16354	0.0283625	0.0235996	0.00114272	0.00414011	0.0210866	0.223578	0.0170269	0.00225041	0.00188023	0.0697716	0.0633674	0.0617826	0.000919174	0.00224752
157	0.0172282	0.0208254	0.00175648	0.0133807	0.109777	0.0101265	0.00231032	0.190044	0.00584959	0.199618	0.117728	0.00401783	0.0013403	0.0430169	0.002104	0.00846347	0.0245859	0.113915	0.020878	0.0930347
158	0.017556	0.000882992	0.354386	0.506288	0.00150293	0.0102565	0.00397411	0.00251052	0.0199082	0.00498671	0.00270704	0.0185037	0.00600656	0.010452	0.00906961	0.019384	0.00230265	0.00655244	0.000492945	0.00227694
159	0.609549	0.00808115	0.00349108	0.00309651	0.00329466	0.156696	0.00329794	0.00918841	0.0025708	0.00890756	0.0102377	0.00309056	0.00557199	0.00188998	0.00205183	0.10926	0.0280182	0.0284578	0.000434074	0.00281493
160	0.0392151	0.00935311	0.00416931	0.0047017	0.28383	0.0291071	0.0334662	0.0485439	0.00259744	0.0632309	0.023995	0.0244179	0.00752371	0.00420827	0.00640644	0.0130499	0.0151235	0.0409789	0.0205353	0.325546
161	0.0570107	0.00181729	0.00834982	0.00886353	0.0906075	0.00252556	0.0297134	0.203042	0.016266	0.078904	0.0113998	0.0470078	0.00152157	0.00184903	0.0174773	0.012197	0.10323	0.220103	0.00858342	0.0795309
162	0.0250952	0.02295	0.00240051	0.00319356	0.0331917	0.00872611	0.00982836	0.205063	0.00257512	0.192499	0.0776013	0.0113431	0.00223024	0.0232989	0.0028784	0.0220682	0.178355	0.165713	0.00253617	0.0084525
163	0.00900865	0.00275337	0.0166767	0.00895248	0.0136615	0.0326368	0.00268742	0.00610325	0.00360846	0.00604614	0.00461301	0.0173256	0.00189974	0.00319653	0.0137782	0.324291	0.5124	0.0159433	0.00134061	0.00307759
164	0.0391633	0.0128573	0.00871902	0.0124852	0.180366	0.0441367	0.158811	0.046116	0.00739597	0.0375244	0.0346466	0.0237746	0.0177637	0.0107512	0.00888636	0.0231367	0.0281081	0.0502925	0.0551346	0.19993
165	0.317845	0.0233898	0.00142679	0.00166412	0.0071179	0.0890683	0.00870173	0.0517685	0.00101634	0.0250268	0.0284344	0.0288838	0.0277057	0.0110896	0.0014687	0.0968811	0.0976138	0.177292	0.000983643	0.00262198
166	0.0951491	0.00375187	0.00259505	0.0195338	0.0033651	0.0697364	0.00461801	0.0748464	0.032872	0.0225767	0.0220012	0.0565052	0.213257	0.0366187	0.0859512	0.058188	0.0548361	0.119962	0.00260103	0.021036
167	0.0253698	0.0115772	0.00274649	0.000333638	0.0319519	0.000501486	0.000323285	0.228174	0.000276692	0.121527	0.0267287	0.00150314	0.000190903	0.00116018	0.000382597	0.00231673	0.0215233	0.517463	0.00183072	0.00411911
168	0.0477475	0.000992041	0.175351	0.309185	0.0145068	0.0161562	0.0182715	0.0526329	0.0544037	0.0256615	0.0202881	0.026225	0.000606717	0.0173065	0.0363733	0.0300895	0.0255817	0.0755912	0.000745696	0.0522847
169	0.0171844	0.00307421	0.000359505	0.00255068	0.0673273	0.00161972	0.000903866	0.311714	0.000423365	0.272875	0.0811488	0.00137792	0.0149315	0.000884014	0.000473313	0.00155239	0.0252778	0.175681	0.000618885	0.0200223
170	0.0108494	0.00370425	0.00292605	0.0353067	0.0544355	0.00466688	0.00337031	0.0875841	0.00303482	0.196232	0.0409048	0.0213229	0.219588	0.00385534	0.0378	0.0244373	0.078704	0.10229	0.0170116	0.0519758
171	0.0134292	0.000638974	0.363094	0.537503	0.000680629	0.00926618	0.000568473	0.00131203	0.0135655	0.00434883	0.00137461	0.0124818	0.00617581	0.00685072	0.00644331	0.0149734	0.00138798	0.00479691	0.000307122	0.000801286
172	0.0199441	0.00159999	0.524469	0.0985519	0.00108584	0.0339338	0.0553493	0.00533777	0.0641866	0.00768057	0.0035671	0.109918	0.00397756	0.0262634	0.0140678	0.0184889	0.00535618	0.00299272	0.000448925	0.00278065
173	0.603267	0.00889303	0.00355115	0.00350667	0.00420823	0.0907797	0.00360666	0.0172668	0.00207142	0.0115986	0.0156945	0.00621507	0.00648109	0.004016	0.00238521	0.111882	0.0403027	0.0606256	0.000471503	0.00317708
174	0.0134292	0.000638974	0.363094	0.537503	0.000680629	0.00926618	0.000568473	0.00131203	0.0135655	0.00434883	0.00137461	0.0124818	0.00617581	0.00685072	0.00644331	0.0149734	0.00138798	0.00479691	0.000307122	0.000801286
175	0.0577016	0.00170533	0.00886493	0.00850731	0.0901047	0.00233235	0.0306272	0.203598	0.0162277	0.0750046	0.0103505	0.0471136	0.00138207	0.00185109	0.0175749	0.0116004	0.100847	0.221642	0.00810081	0.0848639
176	0.311106	0.00132508	0.000599798	0.000993262	0.0176279	0.010319	0.000634922	0.19367	0.000666855	0.0494302	0.0143505	0.00115758	0.000530847	0.000939664	0.000743906	0.00998701	0.0103613	0.369656	0.000469876	0.00542994
177	0.0173245	0.00309383	0.000359821	0.00251072	0.0674399	0.00158394	0.000919113	0.312196	0.00042188	0.273633	0.0809417	0.00139418	0.0148597	0.000877046	0.000470392	0.0015454	0.0248828	0.174896	0.000628819	0.0200207
178	0.0253698	0.0115772	0.00274649	0.000333638	0.0319519	0.000501486	0.000323285	0.228174	0.000276692	0.121527	0.0267287	0.00150314	0.000190903	0.00116018	0.000382597	0.00231673	0.0215233	0.517463	0.00183072	0.00411911
179	0.259823	0.0457258	0.00134925	0.00152643	0.0102349	0.109473	0.00549464	0.116252	0.00186326	0.0676443	0.0236387	0.00589114	0.00443486	0.00357077	0.00189079	0.0715592	0.121452	0.140943	0.000861661	0.00637221
180	0.047834	0.000991148	0.175239	0.309146	0.0144955	0.0161633	0.0182831	0.0526367	0.0544226	0.0256912	0.0202696	0.0262056	0.000606717	0.0173534	0.0363351	0.0301013	0.0255733	0.075605	0.000745696	0.0523017
181	0.489188	0.0261138	0.000735061	0.00524421	0.0101535	0.0174224	0.000974557	0.0365166	0.000791929	0.0129389	0.0182872	0.00157669	0.00101671	0.0119341	0.000992373	0.0317608	0.0893538	0.228174	0.00769943	0.00912599
182	0.0697913	0.00583991	0.000489454	0.000760638	0.0026907	0.00121009	0.00063216	0.128989	0.000495758	0.0248977	0.00472794	0.000992271	0.000392149	0.00442153	0.000656324	0.00747519	0.0285204	0.715918	0.000333538	0.000765998
183	0.032039	0.000829107	0.23527	0.100076	0.000915842	0.00123053	0.000799614	0.00182389	0.146284	0.00939277	0.0012821	0.138694	0.00467598	0.0326718	0.207268	0.0529023	0.0258478	0.00267358	0.000353015	0.00496942
184	0.0646116	0.000991645	0.059311	0.178683	0.00780989	0.0186935	0.0252981	0.056449	0.127266	0.0776724	0.0365278	0.0376845	0.000749637	0.0495053	0.10456	0.0324764	0.0464505	0.0270288	0.00165738	0.0465727
185	0.0334282	0.0136693	0.000734133	0.00490559	0.0288029	0.00556295	0.00958711	0.0361159	0.0171009	0.635588	0.103428	0.00547605	0.000564364	0.0010585	0.005078	0.0103322	0.00902202	0.0432725	0.00365469	0.0326189
186	0.0128062	0.00138234	0.00182172	0.0161976	0.0121886	0.00493568	0.0123019	0.0227227	0.0704258	0.0103731	0.003103	0.0202381	0.00782396	0.0319752	0.68297	0.00507285	0.0429167	0.0176482	0.0204308	0.0026653
187	0.0955667	0.000882379	0.135627	0.336002	0.00105394	0.0175967	0.00884178	0.00208021	0.143415	0.0102003	0.00688437	0.0310629	0.00057634	0.0578091	0.0454369	0.0783785	0.00215519	0.0250138	0.000356113	0.00106128
188	0.0436393	0.0397327	0.143869	0.0770222	0.00393556	0.336381	0.0160981	0.0110327	0.02313	0.0094487	0.0116811	0.0993233	0.0160821	0.0126508	0.0150954	0.0712911	0.0290693	0.0336656	0.00158267	0.00526972
189	0.00594051	0.00217842	0.0108587	0.13202	0.01091	0.00281574	0.0137382	0.211433	0.17266	0.0819405	0.0394946	0.00248129	0.00116962	0.0270607	0.0234424	0.00477378	0.00415654	0.18211	0.00107524	0.0697407
190	0.035765	0.00271503	0.0278837	0.014571	0.00292844	0.021829	0.00276119	0.00598685	0.501972	0.00645088	0.00706787	0.0428331	0.08164	0.00361947	0.146288	0.0710703	0.00985833	0.0106311	0.0011446	0.00298437
