362	20
1	0.00912744	0.0157766	0.015496	0.00444268	0.479764	0.00420396	0.00803517	0.0737564	0.00339416	0.197888	0.0196086	0.00543732	0.00387922	0.00318283	0.0126508	0.0162664	0.0104533	0.0320824	0.00848605	0.0760681
2	0.0565936	0.00773965	0.0451603	0.0065053	0.00309862	0.00903393	0.00547628	0.00975019	0.00463554	0.0143522	0.0486893	0.0150763	0.0523573	0.005738	0.0086175	0.453802	0.233074	0.0138305	0.00198406	0.0044861
3	0.0462387	0.00317502	0.19165	0.530176	0.00323248	0.0356319	0.00480967	0.0127477	0.0248655	0.0104079	0.00185327	0.0176413	0.0193568	0.0332922	0.0115215	0.0209577	0.0172396	0.00978552	0.000746565	0.00467068
4	0.0356675	0.0351905	0.0268375	0.0353499	0.0433957	0.0186218	0.0873649	0.0108164	0.0458466	0.0391258	0.0158773	0.0605627	0.026004	0.064444	0.131032	0.110865	0.0375052	0.017663	0.00641183	0.151418
5	0.103545	0.0185022	0.0274226	0.0343582	0.0321757	0.159316	0.0220951	0.0476228	0.0320577	0.130276	0.0283084	0.0385861	0.0336207	0.0372528	0.044242	0.0882639	0.0477979	0.0529506	0.00639576	0.0152098
6	0.0281877	0.00140042	0.22916	0.552648	0.00264932	0.0288559	0.00291576	0.0151107	0.0170485	0.0074007	0.000875593	0.0204192	0.0109659	0.0304715	0.00700149	0.0170726	0.0140998	0.00971961	0.000269153	0.00372735
7	0.207276	0.0195532	0.011133	0.014192	0.00781028	0.187765	0.00706424	0.0758382	0.0141059	0.0712585	0.0258295	0.0387235	0.0127733	0.0122224	0.0161072	0.0784188	0.0927341	0.0942299	0.00511415	0.00785051
8	0.0129862	0.00966652	0.0218829	0.00737044	0.00222672	0.0097261	0.0738082	0.00428381	0.0207084	0.00635125	0.00311906	0.420124	0.0044809	0.0277547	0.0137265	0.271692	0.0673821	0.0140387	0.00144428	0.00722784
9	0.0242574	0.00706461	0.0184894	0.108842	0.00143427	0.0168962	0.0704157	0.0042332	0.142856	0.0184375	0.00716204	0.0237529	0.0109897	0.222189	0.274646	0.0259223	0.0114777	0.00482092	0.00250799	0.00360471
10	0.0109332	0.00511214	0.00632793	0.00763992	0.286563	0.0154209	0.0755859	0.00895876	0.00259071	0.0384022	0.0107158	0.00336072	0.0147632	0.00275927	0.0065453	0.0230758	0.005288	0.00393309	0.0128178	0.459207
11	0.0354833	0.0022523	0.0188266	0.200042	0.000744985	0.0109394	0.0800756	0.00310924	0.135176	0.0140265	0.00969566	0.00811117	0.0020864	0.297503	0.153248	0.0163935	0.00555017	0.00333429	0.00216666	0.00123569
12	0.0429526	0.00214884	0.001185	0.004406	0.008182	0.00221982	0.00108839	0.449757	0.00573995	0.056518	0.0234463	0.011407	0.00115976	0.00388596	0.00148545	0.00699493	0.0235423	0.349584	0.000432307	0.00386425
13	0.0606638	0.00730265	0.0168698	0.141555	0.00382498	0.0437776	0.0698458	0.00817986	0.0588466	0.121355	0.00611091	0.0127227	0.0235687	0.177634	0.0352919	0.0744597	0.0815735	0.0442766	0.00313491	0.00900579
14	0.0507442	0.00997621	0.096558	0.305281	0.00672953	0.0299713	0.0313085	0.0164841	0.0366516	0.0362676	0.00954805	0.0300122	0.0211471	0.0948112	0.0329917	0.0848295	0.0356337	0.0561929	0.00330189	0.0115599
15	0.0324939	0.00242888	0.00119363	0.00345222	0.00560722	0.00219723	0.00107946	0.50087	0.00561616	0.0553158	0.0317354	0.00785179	0.000959814	0.00439484	0.00136761	0.00648014	0.0225661	0.311236	0.000401317	0.00275216
16	0.0493637	0.00285895	0.00108982	0.00367989	0.00637786	0.00232813	0.00114997	0.442013	0.00588123	0.0492183	0.0233	0.00930015	0.000909063	0.00412052	0.00151479	0.00717318	0.0218225	0.364522	0.000353333	0.00302333
17	0.145844	0.0215023	0.052987	0.0546112	0.00940064	0.15869	0.0301423	0.0322752	0.0393523	0.0364875	0.0162812	0.0556073	0.0298136	0.0354772	0.0666279	0.101612	0.0514497	0.0388243	0.00677716	0.016237
18	0.0238262	0.00440193	0.0193264	0.122737	0.000671954	0.0130055	0.048963	0.00618974	0.209257	0.0123899	0.0101106	0.0222955	0.0117169	0.191984	0.256742	0.0211809	0.0154922	0.00505961	0.00271551	0.00193399
19	0.152597	0.0213613	0.0590056	0.0742021	0.0156692	0.1557	0.0295504	0.0243689	0.0338164	0.0353741	0.0147221	0.0581816	0.0162761	0.0304219	0.0557543	0.116074	0.0527543	0.0335074	0.0037793	0.0168834
20	0.398589	0.0202973	0.00737986	0.0220783	0.00199428	0.0641612	0.00426337	0.0138579	0.012205	0.0141596	0.00556627	0.00899331	0.0167904	0.0162515	0.0268951	0.266538	0.0677885	0.0266576	0.00139579	0.00413814
21	0.0103059	0.00624177	0.00692016	0.0081502	0.29577	0.0158307	0.0736227	0.0104456	0.00255276	0.0455829	0.0110656	0.003506	0.0137064	0.00319666	0.00837529	0.0228025	0.00534053	0.00400867	0.0138749	0.438701
22	0.151669	0.0248689	0.0281443	0.0314022	0.0053789	0.153105	0.0161212	0.0238515	0.0238418	0.0287942	0.0140249	0.0673603	0.027612	0.0238756	0.0364201	0.225502	0.0673131	0.0330078	0.0055972	0.01211
23	0.0140631	0.0016096	0.00174341	0.00448772	0.0351678	0.00274028	0.00488804	0.231898	0.00444252	0.419129	0.072254	0.00670592	0.00270585	0.00506307	0.00444287	0.00762173	0.0213114	0.15315	0.00219315	0.00438216
24	0.0699151	0.0089238	0.0125306	0.0134796	0.0222764	0.0123012	0.00824271	0.245214	0.0157707	0.148739	0.0383001	0.0191516	0.0116548	0.0129116	0.0132111	0.0402791	0.050089	0.245908	0.00354921	0.00755285
25	0.554873	0.0882233	0.00563444	0.0171131	0.00288753	0.119872	0.0050217	0.018062	0.0101079	0.0124546	0.00378105	0.00616322	0.0059082	0.00810031	0.0205878	0.0699962	0.0247413	0.0215431	0.00143596	0.00349341
26	0.499653	0.017604	0.00331852	0.0264789	0.0014975	0.0671126	0.00306006	0.00442623	0.0148	0.0146148	0.00282886	0.00332427	0.00752787	0.0137098	0.0516586	0.192217	0.0580182	0.0145287	0.00113331	0.00248765
27	0.319276	0.0194496	0.0155336	0.0185518	0.00814433	0.0440058	0.00692336	0.031117	0.0153856	0.0258517	0.0108724	0.0143887	0.036996	0.013053	0.0262067	0.138063	0.180275	0.0677666	0.00183153	0.00630811
28	0.0335146	0.00235631	0.00130914	0.00724591	0.00632829	0.00235828	0.00137499	0.453174	0.00436609	0.0748623	0.023211	0.0122455	0.00151422	0.00368788	0.0016633	0.00671922	0.0273193	0.329641	0.000513514	0.00659509
29	0.019774	0.0439086	0.290245	0.137948	0.00333945	0.0360437	0.0287735	0.0107062	0.0284537	0.0119993	0.00350303	0.166949	0.0135509	0.0307578	0.0343629	0.0728419	0.0376593	0.0190286	0.00167311	0.00848135
30	0.0639015	0.0136014	0.0206578	0.0070244	0.0157719	0.0261982	0.00422188	0.101338	0.018092	0.0992377	0.0954907	0.0121136	0.0407001	0.0221179	0.0355021	0.141096	0.117247	0.140388	0.0136262	0.0116735
31	0.0210058	0.00803452	0.0192938	0.072734	0.00150994	0.0143055	0.148639	0.00259004	0.109924	0.0499359	0.00528204	0.0322114	0.025187	0.266179	0.149335	0.0453267	0.0151007	0.00549301	0.00123322	0.00667995
32	0.0907989	0.0660829	0.0163353	0.0170599	0.00424715	0.0204749	0.00790538	0.0741656	0.010981	0.042946	0.0144079	0.0291379	0.0116742	0.00910246	0.0124961	0.265796	0.244707	0.0539794	0.00239364	0.00530875
33	0.0389037	0.0245934	0.051297	0.0271764	0.00256031	0.118767	0.0480421	0.0142982	0.0877284	0.0201493	0.00736159	0.127602	0.0159972	0.0641972	0.180855	0.0979949	0.0429584	0.0183553	0.00275416	0.00840857
34	0.0296874	0.000861219	0.209223	0.582417	0.00246252	0.0294308	0.00101239	0.0128475	0.0174257	0.00688976	0.000636664	0.016656	0.0100851	0.0303048	0.00715924	0.0160515	0.013314	0.00951641	0.000264471	0.00375455
35	0.006415	0.0049463	0.00547645	0.0215126	0.000408748	0.0209805	0.0221325	0.00539214	0.230535	0.00680286	0.00561278	0.0180949	0.020186	0.0531778	0.525325	0.0247128	0.0183343	0.00442386	0.00483217	0.000698545
36	0.10488	0.0714773	0.0280726	0.0203468	0.0107147	0.032339	0.0205647	0.114532	0.0221393	0.0487438	0.0248793	0.042416	0.0174072	0.0224036	0.0294763	0.103309	0.0874559	0.181585	0.00573969	0.0115173
37	0.394595	0.0228461	0.0142217	0.0328968	0.00809336	0.0641059	0.010874	0.0279912	0.0184184	0.028003	0.00820783	0.0118334	0.0430147	0.0186884	0.0313811	0.129016	0.0712311	0.0508178	0.00305992	0.0107045
38	0.038869	0.00434574	0.00152869	0.00382359	0.006804	0.00297075	0.00140894	0.477166	0.0061373	0.077344	0.0361806	0.00751924	0.00167903	0.00490568	0.00209502	0.011292	0.0272024	0.284353	0.00100062	0.00337471
39	0.030807	0.00861913	0.0317589	0.0566612	0.00395683	0.0201289	0.0339821	0.0167467	0.222933	0.0216952	0.0135135	0.0398446	0.030193	0.0819612	0.283993	0.0372661	0.0339095	0.0200967	0.00513135	0.00680205
40	0.0151477	0.00877312	0.0380359	0.0437387	0.00117698	0.0156651	0.0297523	0.00773426	0.257919	0.0107405	0.0171401	0.0438399	0.0202258	0.076102	0.33889	0.0310803	0.0272012	0.00856332	0.00295983	0.00531407
41	0.0206622	0.00260271	0.00108663	0.00298922	0.00641379	0.00242303	0.00154627	0.526956	0.0051613	0.0793125	0.0500556	0.0057136	0.00130869	0.00453036	0.00157089	0.00537449	0.0249692	0.25353	0.000604463	0.00318951
42	0.0405947	0.0157319	0.0315762	0.0179932	0.0036071	0.0105361	0.0903861	0.00599662	0.0668958	0.0102149	0.00935349	0.279368	0.00881202	0.0378851	0.0862502	0.131286	0.0912585	0.0296664	0.00152088	0.0310667
43	0.0242677	0.0137352	0.250664	0.0685953	0.00357716	0.0265415	0.0519571	0.0141988	0.0399596	0.0173749	0.00536875	0.277004	0.0144614	0.0204124	0.0478744	0.0444866	0.0179646	0.0483213	0.00204191	0.0111932
44	0.0238049	0.00240082	0.000874867	0.00307982	0.00428718	0.00221911	0.000933591	0.537604	0.0056358	0.0585123	0.0379174	0.00627306	0.000795521	0.00452373	0.0012107	0.00431959	0.021846	0.280858	0.000321141	0.002582
45	0.00729307	0.0167305	0.0157706	0.00689578	0.515686	0.00569257	0.0173135	0.0359309	0.00338522	0.15386	0.011326	0.00529608	0.00791099	0.00409349	0.0135104	0.0166996	0.0106978	0.00923719	0.010837	0.131833
46	0.026434	0.00199733	0.259263	0.514746	0.00266478	0.040394	0.00305825	0.0124856	0.0171359	0.00681558	0.00114473	0.0184143	0.0105112	0.0294151	0.0069341	0.0167105	0.0143445	0.0096474	0.000403679	0.00747991
47	0.0118872	0.00820415	0.184034	0.0469609	0.00217968	0.0614042	0.204401	0.0313118	0.0471949	0.00786947	0.00306017	0.237469	0.00708016	0.0279973	0.0255049	0.0429355	0.00965844	0.0243099	0.00137262	0.0151652
48	0.0716131	0.00319095	0.00150293	0.00407568	0.00665365	0.00239016	0.00150574	0.405858	0.00610748	0.0545859	0.0182216	0.00994944	0.00110135	0.0036848	0.00183701	0.0109259	0.0291922	0.363736	0.000397073	0.00347098
49	0.0641122	0.0552157	0.0305249	0.0225082	0.00639636	0.0192508	0.0642756	0.0136629	0.0280532	0.023381	0.0152608	0.043165	0.106475	0.0363261	0.0509144	0.263376	0.120295	0.0188034	0.00193159	0.0160719
50	0.0261359	0.00291223	0.277028	0.501109	0.00326163	0.0257466	0.00160901	0.011255	0.0159727	0.00715359	0.000969585	0.0332627	0.0104439	0.029292	0.00711564	0.0191482	0.0135249	0.00984702	0.000313692	0.00389914
51	0.540638	0.0290919	0.00587702	0.0262935	0.00172437	0.133174	0.00459703	0.011961	0.0103424	0.0151818	0.00381463	0.00730145	0.00899269	0.0107043	0.0239392	0.103853	0.0328508	0.0253365	0.000955146	0.0033724
52	0.23868	0.0122421	0.00656996	0.00655076	0.0100608	0.0140782	0.00460177	0.231799	0.0299403	0.0326877	0.0133147	0.0128748	0.00485123	0.00614568	0.00837569	0.0338253	0.0975151	0.230549	0.00162746	0.00370958
53	0.0114154	0.00603558	0.0114124	0.0354235	0.0012462	0.019149	0.0231256	0.00655065	0.241506	0.00833067	0.0104381	0.0257851	0.0193117	0.067677	0.451326	0.0269805	0.021171	0.00675978	0.00420025	0.00215485
54	0.0216528	0.00256	0.00132337	0.00298413	0.00755819	0.00244764	0.00160253	0.503839	0.00554437	0.0984363	0.0486167	0.00594982	0.0015069	0.00472155	0.00194603	0.0061211	0.0245386	0.254777	0.000999904	0.00287469
55	0.0141299	0.00453487	0.00640432	0.0115176	0.0642816	0.0056057	0.0108853	0.12506	0.00770747	0.500435	0.0792151	0.011164	0.00715428	0.0108905	0.0101563	0.0158792	0.0219006	0.0804354	0.00391998	0.00872325
56	0.0236006	0.0100198	0.0141707	0.0451318	0.013402	0.0233709	0.0358705	0.012388	0.152306	0.0205715	0.0138486	0.0216942	0.021306	0.0600792	0.383825	0.0410658	0.0237269	0.0168932	0.0560768	0.0106524
57	0.0386489	0.00425142	0.180877	0.476713	0.00361962	0.0292951	0.0230577	0.0140342	0.0302505	0.0114725	0.00331658	0.0263916	0.0133988	0.0516528	0.0279294	0.0254056	0.0181235	0.0131809	0.00146756	0.00691351
58	0.0241795	0.00232765	0.000945765	0.00327949	0.00575836	0.0020592	0.00112335	0.518596	0.0051896	0.076997	0.0370533	0.00706028	0.000794894	0.00421716	0.00133871	0.00531491	0.0231241	0.276956	0.000433236	0.00325088
59	0.00974972	0.00589771	0.0115122	0.0311324	0.000515861	0.0182901	0.022515	0.0072009	0.252651	0.00792607	0.00871464	0.0259757	0.0205821	0.065378	0.453845	0.0256624	0.0218725	0.00526567	0.00405594	0.00125725
60	0.00515478	0.00766008	0.00775745	0.003899	0.241752	0.00225436	0.00595092	0.0901162	0.00341248	0.442231	0.0600304	0.00565466	0.00197478	0.00412656	0.00932394	0.00762668	0.0134253	0.0512924	0.00549333	0.0308631
61	0.0153174	0.00257601	0.00473734	0.00611748	0.0519491	0.00521749	0.00933281	0.124805	0.0076437	0.530834	0.0828078	0.00781358	0.00702962	0.0103934	0.0114541	0.0127564	0.0194131	0.0813924	0.00329678	0.00511265
62	0.0213869	0.00924761	0.0189498	0.0388106	0.00365129	0.021086	0.032119	0.00708572	0.197503	0.0170061	0.008868	0.0295823	0.0192309	0.0761156	0.420822	0.0359457	0.0239384	0.00848638	0.0047693	0.00539522
63	0.00424681	0.0181194	0.0202308	0.00365563	0.58863	0.00341829	0.00476536	0.0341192	0.00275453	0.168683	0.00633702	0.0054779	0.00311979	0.00266497	0.0148342	0.0136994	0.00739282	0.00456164	0.00969243	0.0835972
64	0.0049539	0.00871672	0.0096101	0.00379847	0.289162	0.00280239	0.00620785	0.0801338	0.00373558	0.405351	0.048458	0.00638662	0.00269439	0.00443613	0.00981557	0.0097555	0.0123982	0.0432575	0.00604102	0.0422855
65	0.00924139	0.00529684	0.00672708	0.0258092	0.000824554	0.0179169	0.0798607	0.00379907	0.173418	0.0238522	0.00456796	0.0181485	0.0187422	0.113067	0.444962	0.030127	0.01298	0.00410131	0.00426631	0.00229145
66	0.0341091	0.0113527	0.0431815	0.0486115	0.0257362	0.0262343	0.251649	0.0235255	0.056694	0.0343184	0.00994873	0.0582675	0.0378022	0.0762821	0.0651179	0.0543	0.0234638	0.0252671	0.00502345	0.0891154
67	0.126263	0.0049828	0.00714304	0.0374044	0.0092879	0.0177574	0.0228419	0.00478832	0.0163567	0.0658616	0.00864178	0.00525624	0.423783	0.0241785	0.0207425	0.078596	0.0688933	0.0339842	0.00128585	0.0219519
68	0.0217489	0.0167243	0.239725	0.0463319	0.00339034	0.0360858	0.0667632	0.0166068	0.0320204	0.0176883	0.00353892	0.321149	0.0120682	0.0178895	0.0222576	0.0607636	0.0254817	0.029546	0.00189797	0.00832277
69	0.0222256	0.00236924	0.000902851	0.00336846	0.00415877	0.00205654	0.000952275	0.536634	0.00485014	0.0658484	0.0362134	0.00696226	0.000756051	0.00420999	0.00120464	0.00441508	0.0232007	0.276391	0.000353854	0.00292707
70	0.0353853	0.00273591	0.0015702	0.00385908	0.00562408	0.00260342	0.00163271	0.489021	0.00596212	0.0676563	0.0331051	0.00803432	0.00183961	0.00444512	0.00194861	0.00717127	0.0234074	0.299832	0.000775544	0.00339118
71	0.0364953	0.00235601	0.0188128	0.198057	0.000717058	0.0111967	0.0794369	0.00304147	0.133104	0.0145935	0.00939965	0.0086466	0.00239077	0.299839	0.15092	0.0178626	0.00592935	0.00371926	0.0021328	0.00134811
72	0.0245387	0.00229777	0.00140929	0.00394581	0.00886911	0.00218783	0.0024743	0.484974	0.00523876	0.114401	0.0458437	0.00693405	0.00181288	0.00453414	0.00202092	0.00674885	0.0293789	0.247329	0.000894703	0.00416509
73	0.00751046	0.00498599	0.00911035	0.0258668	0.000538094	0.0184127	0.0189967	0.00654563	0.254623	0.00720717	0.00844099	0.0217013	0.0198568	0.0552802	0.485825	0.0249429	0.0198779	0.00504502	0.00443219	0.000800331
74	0.0311655	0.00950694	0.0245602	0.169068	0.00334624	0.013836	0.123685	0.00465295	0.116073	0.0194867	0.00819146	0.023584	0.00669772	0.222547	0.159219	0.0304197	0.0137083	0.00671229	0.00427809	0.0092631
75	0.022502	0.00228228	0.00114943	0.00341941	0.0103992	0.00300951	0.00205436	0.470242	0.0051682	0.13838	0.044049	0.00690132	0.00159983	0.00454627	0.00205078	0.00606972	0.0243027	0.247826	0.0010562	0.002992
76	0.0042715	0.000538203	0.000778013	0.00345311	0.044467	0.00108124	0.00698285	0.128009	0.00365178	0.599316	0.0921267	0.00521912	0.000740937	0.00517295	0.0041673	0.00300308	0.0154872	0.0777236	0.00269226	0.00111868
77	0.140894	0.00754997	0.00721032	0.025798	0.0112507	0.0247512	0.0214557	0.0119291	0.0178539	0.100067	0.0166924	0.00749117	0.330291	0.0263219	0.0217383	0.0944136	0.0585978	0.0504585	0.00221642	0.0230189
78	0.0850255	0.00756409	0.0192638	0.0288334	0.0142867	0.0176144	0.0318611	0.0106188	0.0337568	0.0501991	0.0141394	0.0121724	0.374944	0.0269068	0.0525733	0.0918958	0.0643382	0.0336185	0.0032099	0.0271778
79	0.0848478	0.00869931	0.024414	0.0144007	0.00530166	0.0190015	0.0138618	0.00884541	0.0145916	0.0294725	0.0185916	0.0161809	0.205352	0.0156161	0.0193317	0.341518	0.117707	0.0220504	0.00249097	0.017725
80	0.130968	0.0570907	0.0156257	0.0292244	0.00216162	0.0206114	0.00785637	0.028036	0.00784755	0.0153089	0.0124384	0.0167993	0.0186562	0.0124636	0.0135372	0.388422	0.180772	0.0359532	0.00134078	0.00488651
81	0.0213345	0.00939169	0.00905274	0.021169	0.00153633	0.0178482	0.0324525	0.00568952	0.192392	0.0219949	0.00691575	0.0217379	0.0969119	0.0542983	0.412323	0.0379021	0.0221091	0.00789427	0.00410194	0.00294428
82	0.0192093	0.00544085	0.0427878	0.0775226	0.00155518	0.01006	0.0212277	0.00854283	0.264675	0.0111132	0.0440851	0.0269301	0.0161004	0.0793788	0.297967	0.0232325	0.0324223	0.0109897	0.00319394	0.00356561
83	0.0268878	0.00278575	0.251884	0.523013	0.0032757	0.0273987	0.0017261	0.0120295	0.015251	0.00736038	0.0010149	0.023955	0.0106275	0.0291098	0.00667151	0.0240588	0.0190898	0.00970153	0.000397087	0.00376185
84	0.00676813	0.0125522	0.0132654	0.00579287	0.47962	0.00872096	0.0374456	0.022215	0.00281583	0.10145	0.00817455	0.00468437	0.00811395	0.0027394	0.0110428	0.018476	0.00701991	0.00464109	0.0114403	0.233021
85	0.00816584	0.0043007	0.015816	0.0325091	0.000532206	0.0128523	0.0101375	0.00913711	0.317688	0.00543391	0.0129267	0.0288579	0.0231665	0.0581852	0.403148	0.0209088	0.0262143	0.00631716	0.00280513	0.000897387
86	0.0319106	0.0120068	0.292704	0.219836	0.0161477	0.0410114	0.0392644	0.0187982	0.0367992	0.0180165	0.00791264	0.071529	0.0146826	0.0348995	0.0331656	0.0443494	0.0311123	0.0209716	0.00353666	0.0113462
87	0.0255214	0.00260008	0.00109939	0.00312839	0.00441207	0.00222986	0.000978256	0.524537	0.00595987	0.0592178	0.0378514	0.00634977	0.00100506	0.00449996	0.00132184	0.00552787	0.0224311	0.288405	0.000346899	0.00257715
88	0.0053623	0.0140805	0.0140135	0.00481347	0.526122	0.00655434	0.0244119	0.024417	0.00250384	0.112536	0.00579954	0.00437466	0.00638995	0.00233392	0.0113444	0.0163008	0.00625261	0.00296081	0.0104449	0.198983
89	0.0489301	0.00299006	0.00320813	0.00445285	0.00699951	0.00270818	0.00229013	0.433221	0.00753027	0.067894	0.027822	0.0109587	0.00158349	0.00504738	0.00263353	0.00970159	0.0246068	0.333522	0.000522954	0.00337691
90	0.0489046	0.00238454	0.00141208	0.00410597	0.00719345	0.00241109	0.00137812	0.440338	0.00582413	0.0597429	0.0252947	0.00923262	0.00123318	0.00406519	0.00177039	0.00731027	0.0254832	0.347656	0.000650209	0.00360947
91	0.0447945	0.0135921	0.0195747	0.0163422	0.30082	0.0138539	0.0151384	0.0583603	0.0130378	0.162203	0.026182	0.0103853	0.0277889	0.0107588	0.020127	0.0414666	0.0647026	0.0557498	0.00908183	0.076041
92	0.0279724	0.00200018	0.228189	0.546371	0.00332549	0.0274618	0.00404719	0.0125084	0.0175903	0.00785854	0.000942457	0.0231528	0.0103373	0.0319156	0.00880049	0.0180048	0.0137126	0.0100841	0.000449897	0.00527518
93	0.00781764	0.0129144	0.0126442	0.00681324	0.303684	0.00417547	0.0103493	0.0706567	0.00492126	0.35292	0.043585	0.00882986	0.00399606	0.00779649	0.0238518	0.016065	0.0139495	0.0417191	0.00711865	0.046192
94	0.0346908	0.00735644	0.0147286	0.0154419	0.0319203	0.0190357	0.0180022	0.13738	0.0368904	0.272016	0.0977864	0.0154639	0.0182373	0.0188856	0.0399526	0.0584102	0.044591	0.0871141	0.00712138	0.0249744
95	0.0309905	0.0025643	0.214568	0.540543	0.00285315	0.0291028	0.003051	0.0134421	0.0190364	0.0088185	0.00128302	0.0213242	0.018984	0.0297966	0.0106819	0.0194652	0.0173152	0.0103802	0.00134329	0.0044566
96	0.250317	0.0557789	0.00901859	0.0179649	0.00258257	0.0322356	0.00446876	0.027441	0.0126084	0.0167011	0.00702188	0.00943101	0.0145869	0.0116859	0.0280563	0.27523	0.175165	0.0456782	0.000991522	0.00303617
97	0.0299459	0.0134757	0.287773	0.203742	0.0224528	0.0389959	0.0335095	0.0160522	0.0372398	0.0209328	0.00992594	0.0675646	0.0174115	0.0399088	0.0354087	0.0570391	0.0349731	0.0204448	0.00245345	0.0107507
98	0.0182754	0.00549809	0.00611129	0.0114581	0.0605485	0.00698686	0.0117582	0.117858	0.0108752	0.484202	0.0755661	0.00898935	0.0175249	0.0145359	0.0147819	0.020209	0.0222371	0.0791256	0.00433985	0.00911843
99	0.0234604	0.0232221	0.0448462	0.0564227	0.00305813	0.0237553	0.125121	0.00307324	0.101196	0.0302593	0.0047572	0.0772023	0.0190138	0.192817	0.174103	0.0543371	0.0211789	0.00554206	0.00108658	0.0155474
100	0.022704	0.00903747	0.0225065	0.0937622	0.00111948	0.0146795	0.138399	0.00313687	0.130627	0.028645	0.00568818	0.0320278	0.015249	0.244886	0.179866	0.0346584	0.0121893	0.00424186	0.00160084	0.00497657
101	0.0818493	0.0100182	0.0335928	0.0258112	0.0137418	0.0203628	0.0338225	0.116868	0.105365	0.051088	0.0250378	0.0372561	0.0239005	0.0280204	0.066072	0.0559132	0.0522328	0.199224	0.00553101	0.0142927
102	0.00622909	0.000926753	0.000900513	0.00339751	0.0365393	0.0015724	0.0062403	0.214839	0.00428531	0.494253	0.0895836	0.00520867	0.000968895	0.00497153	0.00371852	0.00397943	0.0190057	0.099526	0.00243592	0.00141815
103	0.00948381	0.00530039	0.0132139	0.0329812	0.000589165	0.0133397	0.0130226	0.00985567	0.310465	0.00604884	0.0104968	0.0351828	0.023018	0.0683762	0.389458	0.0228499	0.0269473	0.0059339	0.00226558	0.00117099
104	0.291091	0.0161159	0.00951237	0.0144603	0.00873086	0.0316147	0.00712447	0.0520571	0.0255537	0.0731905	0.0237066	0.0149526	0.0214433	0.0151435	0.0164366	0.152995	0.0551604	0.160219	0.00383185	0.00666046
105	0.0268667	0.0127173	0.0531192	0.0335719	0.00271427	0.0257906	0.0511666	0.0137201	0.17398	0.0217457	0.0121017	0.11822	0.0647381	0.0681434	0.200128	0.0561508	0.0319098	0.0219053	0.0027356	0.00857478
106	0.00996821	0.00823373	0.211782	0.0503428	0.00190728	0.0730237	0.181032	0.0385959	0.0436499	0.00604976	0.00245354	0.225726	0.00587525	0.0345498	0.0242716	0.0400606	0.00825914	0.0224682	0.00105782	0.0106923
107	0.0203493	0.0198172	0.279187	0.167753	0.00317642	0.0326986	0.0297462	0.012047	0.027872	0.0119955	0.00313198	0.179925	0.0304596	0.024559	0.0250798	0.0740318	0.0278968	0.0213079	0.00144495	0.00752114
108	0.00926536	0.00107233	0.00106655	0.00418403	0.042372	0.00152376	0.00699284	0.167616	0.00461236	0.536451	0.0858677	0.00571989	0.00115793	0.00594878	0.00417758	0.00480224	0.0178551	0.0945581	0.00270125	0.00205531
109	0.0647388	0.00739359	0.0367903	0.0051584	0.00104783	0.00719367	0.00359614	0.00407696	0.00245094	0.00889762	0.0292282	0.0134477	0.0554198	0.00345909	0.0035104	0.518113	0.22352	0.0071262	0.000627459	0.004204
110	0.174682	0.00866848	0.00347518	0.00826475	0.00235755	0.00591941	0.0476823	0.00399143	0.0610019	0.0193887	0.0032398	0.00416205	0.385118	0.0438127	0.0834016	0.0612448	0.0501198	0.0275253	0.00108737	0.00485639
111	0.0287784	0.00116342	0.222613	0.563327	0.00240209	0.0306364	0.00155064	0.0129461	0.0176828	0.00690662	0.000779519	0.0175603	0.0102524	0.032351	0.00779795	0.0163027	0.0133228	0.00939962	0.000366243	0.00386068
112	0.0198445	0.0229901	0.066263	0.0354446	0.00568665	0.0301397	0.149384	0.00962199	0.0677978	0.0215497	0.00415595	0.168966	0.0172193	0.107761	0.102651	0.100768	0.0324392	0.0126355	0.00148563	0.0231959
113	0.0173298	0.00682129	0.0378873	0.0181501	0.0146457	0.0221505	0.498382	0.0394273	0.0149271	0.0107557	0.00803441	0.0371111	0.00819827	0.0142239	0.0124474	0.0248367	0.0138482	0.0450536	0.0049898	0.15078
114	0.00840218	0.00518583	0.00628562	0.0251109	0.000567265	0.020855	0.0251969	0.00559185	0.214388	0.00908061	0.00548556	0.0197411	0.0187298	0.0661291	0.514712	0.0254465	0.0180095	0.00516948	0.00494279	0.000969465
115	0.00887002	0.0163536	0.0161362	0.00506422	0.506476	0.00722165	0.0174625	0.0310339	0.00369429	0.134343	0.0108483	0.00578974	0.00782877	0.00494338	0.015159	0.029946	0.010923	0.0124463	0.0199299	0.13553
116	0.00537059	0.0178742	0.0180784	0.00432755	0.573803	0.00420979	0.00860334	0.0327607	0.00262931	0.160811	0.00764336	0.00533006	0.00458798	0.00350479	0.0148264	0.0158841	0.00803935	0.00544313	0.00988643	0.0963862
117	0.00480921	0.000843719	0.0011792	0.00358712	0.0481612	0.00124955	0.00644968	0.124572	0.0034722	0.587929	0.0935371	0.00558047	0.00121168	0.00513035	0.00472799	0.00419614	0.01677	0.081888	0.00282695	0.00187815
118	0.0332864	0.00572286	0.00804554	0.0144498	0.129284	0.0220174	0.142505	0.0075225	0.00822151	0.0113709	0.0134239	0.0118363	0.0248762	0.0122031	0.0132571	0.0308397	0.0105903	0.0120122	0.0120989	0.476436
119	0.0423824	0.0129184	0.0401189	0.124135	0.00704817	0.0259766	0.0721549	0.0181432	0.11088	0.0369496	0.0125487	0.0353767	0.0190897	0.18884	0.143876	0.0480289	0.0264801	0.0205701	0.0050394	0.0094421
120	0.00652288	0.00120019	0.00166942	0.0048587	0.0448708	0.00326988	0.00698167	0.128165	0.00447533	0.572625	0.0961163	0.00599045	0.00188931	0.00578999	0.00493501	0.00612941	0.0178242	0.0811397	0.00331868	0.00222799
121	0.00449577	0.000548024	0.000810381	0.00346744	0.0436724	0.00113487	0.00701948	0.131785	0.00363745	0.594636	0.09148	0.00521615	0.000831974	0.00531304	0.00413271	0.00338462	0.0156533	0.0789699	0.00269237	0.00111925
122	0.0411162	0.0436399	0.0481192	0.0474778	0.00756324	0.0270697	0.0994716	0.00408789	0.0864962	0.0267473	0.00650431	0.0792967	0.0173599	0.139196	0.197686	0.0630649	0.0276842	0.00929471	0.0016426	0.0264822
123	0.602751	0.0304988	0.00288345	0.0196445	0.00119	0.143557	0.00333122	0.00978777	0.00673636	0.0116734	0.00278176	0.00523625	0.00371163	0.00647675	0.0203637	0.0841543	0.0184932	0.0236869	0.000895842	0.00214575
124	0.00477253	0.000842161	0.0011953	0.00385326	0.0449666	0.0014978	0.00693473	0.124286	0.00387723	0.591096	0.0977041	0.00609713	0.00115997	0.00529788	0.0047185	0.00445228	0.0161317	0.0769003	0.00283091	0.00138567
125	0.0809252	0.0145415	0.0364005	0.0678782	0.00509754	0.0210679	0.114671	0.0108538	0.132645	0.0235144	0.00956148	0.0545517	0.0419487	0.122275	0.1361	0.0540078	0.0327309	0.0216102	0.00411591	0.0155029
126	0.0105745	0.0046533	0.00548267	0.00867831	0.296127	0.0161089	0.0777479	0.00833121	0.00239875	0.0317295	0.0111173	0.00341417	0.0138138	0.0027779	0.006068	0.0223848	0.00529387	0.00363598	0.0132892	0.456373
127	0.0193317	0.00525041	0.0071421	0.00590544	0.0207031	0.0101031	0.0054956	0.30181	0.00906567	0.186114	0.154319	0.00639627	0.0106928	0.0107005	0.0103047	0.0275803	0.0532654	0.139916	0.0051055	0.0107986
128	0.0245837	0.0146006	0.0547214	0.0521547	0.0293827	0.0267624	0.254286	0.022601	0.0580349	0.0222276	0.00951698	0.0714314	0.0220029	0.0771051	0.0740581	0.045866	0.0227851	0.0226856	0.0045854	0.0906086
129	0.439296	0.0204927	0.00437178	0.0217914	0.00152761	0.0676191	0.00223163	0.00702867	0.0152977	0.0154784	0.0056463	0.00796254	0.00958685	0.0114581	0.0530754	0.162891	0.135301	0.0161483	0.000700184	0.00209484
130	0.381963	0.0722265	0.00785543	0.016063	0.00311729	0.131058	0.00631981	0.0468515	0.0106521	0.0198083	0.00730707	0.0302836	0.00737052	0.0092493	0.0177708	0.136745	0.0555424	0.0330717	0.00214481	0.0045998
131	0.0136594	0.00576246	0.0312419	0.00963853	0.00219205	0.0125846	0.100593	0.00668937	0.0264216	0.00668197	0.00361979	0.41362	0.00527696	0.0250771	0.0159678	0.240461	0.0543486	0.016532	0.00150027	0.00813122
132	0.0447824	0.00750309	0.0103172	0.00747753	0.0130054	0.0388066	0.00532538	0.284082	0.0162107	0.105859	0.0805003	0.011939	0.0177137	0.0147506	0.0142019	0.0520402	0.04292	0.215484	0.00752067	0.00956111
133	0.00448241	0.0194318	0.0187604	0.00370276	0.593583	0.00356586	0.00492697	0.0357864	0.00258703	0.155179	0.00549354	0.0048254	0.00400974	0.00248237	0.0143997	0.0145913	0.00761943	0.00493046	0.0102336	0.0894085
134	0.0269955	0.0127902	0.0516264	0.0527397	0.0163917	0.0279705	0.250904	0.0195157	0.0697274	0.0247514	0.00823989	0.0715212	0.0296746	0.086566	0.0852269	0.0489788	0.0263922	0.0214156	0.00498508	0.0635866
135	0.0276865	0.00867248	0.0199577	0.0444101	0.00728028	0.0219619	0.0298543	0.0106972	0.188472	0.0193581	0.00980784	0.0336056	0.0214815	0.0686239	0.402535	0.0386487	0.0245102	0.0104231	0.00457968	0.00743377
136	0.0272284	0.0118856	0.302256	0.247608	0.0128219	0.0388221	0.0281677	0.0139035	0.0305164	0.0158122	0.00649527	0.0723028	0.0164178	0.0363421	0.027594	0.0509504	0.0316474	0.0177119	0.00233401	0.00918237
137	0.00776487	0.00105122	0.0011462	0.00361883	0.04085	0.00151593	0.00612582	0.180326	0.00387896	0.522581	0.0823985	0.00598349	0.00115831	0.00509163	0.00487067	0.00458143	0.0177191	0.104589	0.002401	0.00234794
138	0.0304522	0.00980346	0.0309032	0.05091	0.00365163	0.0182513	0.0378147	0.0181416	0.224776	0.0259782	0.0139181	0.0452553	0.0275692	0.0815501	0.285698	0.0383752	0.0280489	0.0199948	0.00315682	0.00575108
139	0.1013	0.00947834	0.0125123	0.0253112	0.0073594	0.0160022	0.0294014	0.00883078	0.0353733	0.0481223	0.00887724	0.0104097	0.396465	0.0277063	0.0538878	0.0949789	0.0575046	0.0320347	0.0034187	0.0210265
140	0.0284182	0.0150383	0.0332374	0.0295757	0.00148862	0.0205924	0.0432477	0.00731913	0.212999	0.0114414	0.00786361	0.0804897	0.0196221	0.0747928	0.297858	0.0592794	0.0361907	0.00894977	0.00202585	0.00957035
141	0.381488	0.0150445	0.00289793	0.0355105	0.00160861	0.0813828	0.00291777	0.00499753	0.00880347	0.00840372	0.00239036	0.00453693	0.00728525	0.0226226	0.0199804	0.355737	0.0250245	0.0144675	0.000984859	0.0039157
142	0.0570744	0.0161395	0.196715	0.0407149	0.00561015	0.0290079	0.0301333	0.0147653	0.0264828	0.0544722	0.00709535	0.327148	0.0139338	0.0182668	0.0272638	0.0604211	0.0283726	0.0332939	0.00354401	0.009545
143	0.0383282	0.0976048	0.116182	0.0336068	0.00630478	0.048652	0.0244757	0.0157405	0.0216746	0.0194839	0.00934472	0.143521	0.0193152	0.0321096	0.0364948	0.210262	0.09204	0.0207433	0.00225967	0.0118566
144	0.0473567	0.0126621	0.144907	0.0731817	0.00765381	0.0290846	0.0456451	0.0264302	0.150053	0.0298451	0.0184747	0.0905748	0.0179326	0.0322052	0.0647846	0.0512772	0.0411974	0.102582	0.00311496	0.0110375
145	0.00736161	0.0008384	0.000924285	0.00353528	0.0419743	0.00124928	0.00595726	0.15898	0.00382991	0.545509	0.0847224	0.00563151	0.00118162	0.00488763	0.00412237	0.00416887	0.0162661	0.104865	0.00243072	0.00156482
146	0.0129602	0.0065017	0.0155165	0.0356114	0.000608776	0.0174245	0.0252038	0.00814761	0.254459	0.00948341	0.00975742	0.0313826	0.025302	0.0695418	0.415273	0.0271984	0.0232105	0.00663802	0.00359902	0.00218074
147	0.0128128	0.00133567	0.00126567	0.00402415	0.0290822	0.00167093	0.00438913	0.291143	0.00411685	0.369911	0.0647163	0.00627758	0.00139823	0.00443701	0.00350304	0.00546941	0.0213846	0.168693	0.00188662	0.00248254
148	0.102067	0.0963256	0.0252691	0.0184531	0.0528999	0.0360093	0.0164466	0.17698	0.018199	0.0583878	0.024566	0.0344092	0.0138614	0.0160411	0.0181975	0.0960911	0.0747247	0.100219	0.00602969	0.0148234
149	0.0285297	0.0104799	0.311107	0.249847	0.00929202	0.0362721	0.0293074	0.0145875	0.0352919	0.0156192	0.00635002	0.0660824	0.0153305	0.0367301	0.032964	0.0424905	0.029843	0.0187446	0.00191699	0.00921401
150	0.00467911	0.0163617	0.0169012	0.00366902	0.526682	0.00344435	0.00544976	0.0448565	0.00271936	0.210454	0.0173004	0.00726574	0.0033939	0.00325945	0.0130325	0.0135304	0.00924328	0.0139837	0.00920256	0.0745702
151	0.123671	0.0254173	0.0646516	0.0693938	0.0124788	0.155552	0.0275757	0.0286027	0.0347665	0.0322356	0.0132091	0.0660467	0.0346854	0.0315904	0.056311	0.117286	0.0515603	0.0334705	0.00390529	0.0175905
152	0.0236973	0.00450483	0.0050857	0.00756137	0.0637927	0.00857485	0.0114024	0.120461	0.00948682	0.484994	0.0765787	0.00801681	0.0149226	0.0114569	0.0133201	0.017093	0.0234593	0.0811852	0.00449635	0.0099098
153	0.402935	0.0227051	0.019845	0.0430815	0.00471483	0.0730683	0.0101075	0.0311328	0.0217537	0.0245683	0.00915899	0.0161559	0.0270702	0.0179394	0.0300916	0.116917	0.064701	0.0549202	0.00252099	0.00661236
154	0.0211342	0.0102152	0.0169038	0.041938	0.00655914	0.0218335	0.0373858	0.00784137	0.191317	0.0141824	0.00846015	0.0308197	0.0231405	0.0795366	0.411529	0.0332257	0.0231057	0.00963862	0.00463457	0.00659913
155	0.241903	0.00676029	0.00929815	0.00802312	0.033324	0.00826351	0.00491101	0.105725	0.0204482	0.0478609	0.00890447	0.00975585	0.00621232	0.00718927	0.0151388	0.0311554	0.0841572	0.340923	0.00231133	0.00773558
156	0.566132	0.0190544	0.00412486	0.0198413	0.0030711	0.0760875	0.0039977	0.0199173	0.00947103	0.0141686	0.00314654	0.00500272	0.00612983	0.00855115	0.0204534	0.124963	0.0330859	0.0592476	0.00105942	0.00249546
157	0.00504679	0.0183272	0.0195499	0.00363205	0.587045	0.00352507	0.00460234	0.0353125	0.00300026	0.159919	0.00679599	0.00515321	0.00404239	0.00266374	0.0154082	0.0154104	0.0081657	0.00664439	0.0101089	0.0856471
158	0.01206	0.0717857	0.107911	0.0236875	0.00185802	0.0778565	0.00634414	0.0083131	0.00382684	0.00865205	0.00229824	0.279447	0.00631008	0.00884264	0.00786705	0.242952	0.118689	0.00822465	0.000922504	0.00215217
159	0.0239185	0.00477468	0.310529	0.434317	0.00340327	0.0277702	0.00889715	0.0109552	0.0171843	0.00763144	0.00166929	0.0415727	0.00972797	0.0349769	0.010872	0.0222616	0.0144218	0.0104177	0.000463593	0.00423524
160	0.207185	0.00647082	0.0289707	0.00454672	0.00170863	0.024221	0.00264671	0.0203014	0.00412733	0.00560567	0.00987161	0.0252193	0.0307898	0.015071	0.00778758	0.137718	0.385553	0.0794544	0.000884163	0.00186691
161	0.103034	0.00616439	0.0130948	0.0552724	0.0112934	0.0216105	0.0255264	0.00742205	0.0146052	0.0897105	0.0122281	0.00814787	0.363004	0.030617	0.0166862	0.0814548	0.0740351	0.0377098	0.00237097	0.0260127
162	0.0590665	0.0125792	0.0424543	0.00740974	0.00171321	0.00956725	0.00443394	0.00962511	0.00382872	0.0189215	0.0244399	0.0168841	0.0475237	0.00469882	0.00497677	0.459966	0.253033	0.0141757	0.000977428	0.00372585
163	0.219381	0.0182199	0.0156435	0.011906	0.00334933	0.0330752	0.00499094	0.0238476	0.0126133	0.0150134	0.0312126	0.022874	0.0213011	0.0113642	0.0429064	0.164922	0.299669	0.0419097	0.00156724	0.00423415
164	0.0496946	0.00267114	0.00121197	0.00338381	0.00530892	0.0021604	0.00114699	0.471312	0.00624665	0.053568	0.0266	0.00791285	0.00100346	0.00427276	0.00162356	0.00658529	0.0242901	0.327792	0.000358393	0.00285689
165	0.0046267	0.021867	0.0188224	0.0048731	0.5891	0.00356622	0.00770328	0.0340758	0.00310687	0.152162	0.00553746	0.00554745	0.00341728	0.00383536	0.0150686	0.0153513	0.0072636	0.004699	0.00988871	0.089488
166	0.0422758	0.0164759	0.0275997	0.0325681	0.0899853	0.0298254	0.0395305	0.0385799	0.0540826	0.0834799	0.0294912	0.0264813	0.0264093	0.0353039	0.11185	0.0608567	0.032982	0.0445567	0.112698	0.0649673
167	0.04912	0.0164902	0.22956	0.12624	0.0088767	0.0337559	0.0150675	0.0170389	0.0314292	0.0149855	0.0154144	0.0617474	0.025914	0.0228518	0.0280164	0.130582	0.136385	0.0260733	0.00240499	0.0080469
168	0.0248042	0.00677896	0.0096677	0.0196019	0.174437	0.0222128	0.0923477	0.0144401	0.00648602	0.0317587	0.0152228	0.0119695	0.0280932	0.0103827	0.0133344	0.0383371	0.0148737	0.0168642	0.0120749	0.436312
169	0.0510831	0.00537188	0.00322637	0.00531747	0.00762306	0.00371915	0.00189263	0.422574	0.00783983	0.0732997	0.0283257	0.00982801	0.00248184	0.00522972	0.00319901	0.0144443	0.0273053	0.323205	0.000836493	0.00319759
170	0.329354	0.0154745	0.00971832	0.0130953	0.0105606	0.0390989	0.00729349	0.0933544	0.0178553	0.0369492	0.0117048	0.0127613	0.0247096	0.00958162	0.0150684	0.0775754	0.0767759	0.190084	0.00284523	0.00613929
171	0.132275	0.0168866	0.0208309	0.0119771	0.012585	0.0166269	0.0116621	0.125299	0.0180546	0.0574079	0.0261349	0.0159739	0.0204804	0.0139198	0.0181776	0.0960118	0.199196	0.176217	0.00287158	0.00741228
172	0.0195203	0.00940238	0.0170574	0.0350106	0.00293645	0.021532	0.0302934	0.00769624	0.202772	0.0147312	0.00966704	0.029029	0.0200416	0.0696282	0.42669	0.0371749	0.0262786	0.00978649	0.00599625	0.00475637
173	0.046143	0.016074	0.0193965	0.029647	0.0974931	0.0294267	0.0376033	0.0461521	0.045149	0.0917712	0.0308464	0.0229931	0.0246444	0.0323871	0.0928916	0.0564394	0.0356654	0.0473355	0.113561	0.0843806
174	0.0424756	0.0060069	0.00944333	0.0184784	0.110311	0.0246758	0.0685009	0.00829806	0.00797969	0.0310793	0.0140063	0.00822364	0.143369	0.013853	0.0138393	0.0654134	0.0268787	0.0201294	0.00995403	0.357084
175	0.00962178	0.00534134	0.0101444	0.0330109	0.000442003	0.0194729	0.0239892	0.0057405	0.231083	0.00797899	0.00752961	0.0208526	0.0200882	0.0677387	0.482418	0.0252099	0.0188431	0.0047826	0.00436303	0.00134852
176	0.29727	0.0169968	0.0110084	0.0200344	0.0240564	0.0475944	0.0118874	0.0495141	0.0215433	0.11688	0.0220237	0.013674	0.0784288	0.0174721	0.0239386	0.0830152	0.0551313	0.0730835	0.00331438	0.0131333
177	0.091517	0.0112095	0.0135363	0.0227345	0.00989018	0.016113	0.0336621	0.00686314	0.0283645	0.0503898	0.00882244	0.0121472	0.416037	0.024658	0.0467421	0.0942996	0.0541477	0.0298759	0.00572251	0.0232673
178	0.0415961	0.00458695	0.175457	0.448527	0.00384662	0.0283499	0.0199197	0.0149097	0.0364729	0.0138704	0.00408205	0.026722	0.0148178	0.0591555	0.0370389	0.0282897	0.0187285	0.0135754	0.00109575	0.00895835
179	0.0104466	0.00184982	0.00163989	0.00397747	0.0472594	0.00190514	0.00627602	0.174192	0.00485122	0.509059	0.0826863	0.00592597	0.00217726	0.00525964	0.00498543	0.00722803	0.0202165	0.10327	0.00252824	0.00426667
180	0.0800216	0.0861625	0.0151489	0.0152489	0.0208806	0.024706	0.0126447	0.297235	0.0165631	0.0496446	0.0304635	0.0213511	0.012579	0.0147395	0.0143994	0.0690767	0.0627782	0.141708	0.00482692	0.00982156
181	0.0571857	0.0154026	0.0207005	0.0155372	0.0195479	0.119929	0.0111171	0.0613947	0.0239561	0.131782	0.0981534	0.0274063	0.036715	0.0254775	0.0299139	0.13866	0.0521823	0.0895383	0.0110683	0.0143317
182	0.131305	0.054461	0.026417	0.0258135	0.00370263	0.0854671	0.0196489	0.0127857	0.0188458	0.0175646	0.00720752	0.0475647	0.013015	0.0590932	0.0349967	0.371598	0.0437703	0.0161968	0.00269085	0.00785535
183	0.0153426	0.0186934	0.00788875	0.0286329	0.211839	0.0162096	0.117224	0.00793287	0.00421307	0.0326815	0.0128036	0.0152288	0.0120382	0.0207549	0.0260311	0.0357123	0.00975645	0.00788593	0.0108699	0.388261
184	0.0135616	0.00454585	0.00614445	0.00900079	0.242791	0.0178843	0.0773087	0.00830405	0.0033175	0.0237328	0.0117615	0.00478319	0.0265842	0.00420952	0.00767607	0.0417142	0.00708052	0.00612454	0.0138081	0.469667
185	0.0882462	0.0181862	0.0331465	0.0103312	0.00239324	0.0195512	0.007225	0.01579	0.00943786	0.0162066	0.0226598	0.0334433	0.0442058	0.0100925	0.0150707	0.410644	0.210453	0.026026	0.00132788	0.00556365
186	0.0167129	0.012114	0.0303963	0.0311536	0.000923412	0.0172396	0.0380967	0.00806966	0.247263	0.00982394	0.00797989	0.0733245	0.0195443	0.077233	0.309163	0.0501747	0.0328338	0.00866613	0.00244252	0.00684457
187	0.0209834	0.00788205	0.00988894	0.0151452	0.176547	0.0207733	0.0910099	0.0175659	0.00969386	0.0273922	0.0169674	0.00930374	0.0279804	0.00874587	0.0146869	0.0337291	0.0133679	0.0143894	0.0130205	0.450927
188	0.0709225	0.0149554	0.0328349	0.0080832	0.00141285	0.014922	0.00603899	0.0121207	0.00445085	0.0120544	0.0234278	0.0256709	0.046116	0.00532198	0.00709932	0.461492	0.228343	0.0182508	0.000880089	0.00560284
189	0.134745	0.00734748	0.0103366	0.0183256	0.00652618	0.0180104	0.0219931	0.00664595	0.0200474	0.0492444	0.0113268	0.00759521	0.347696	0.0229945	0.0264796	0.162733	0.075379	0.0314821	0.00170266	0.0193892
190	0.580674	0.0306111	0.00584094	0.0245879	0.00210805	0.140069	0.00384415	0.0105213	0.00742162	0.0131728	0.00295712	0.00668401	0.00467587	0.00724857	0.0210637	0.0892136	0.021302	0.024469	0.00108873	0.00244653
191	0.0300431	0.00292376	0.0010122	0.00334285	0.00530174	0.00207124	0.00112763	0.516068	0.00549455	0.062117	0.03492	0.00715103	0.00087186	0.00464894	0.00131537	0.00514479	0.0236163	0.289404	0.000495812	0.00292912
192	0.0294764	0.0121205	0.314533	0.232212	0.011857	0.0365266	0.0282999	0.0156674	0.0300124	0.0163397	0.00779186	0.0645154	0.0174096	0.0346454	0.0314919	0.0463002	0.0309497	0.0205259	0.00301081	0.0163144
193	0.0200214	0.00350335	0.00260695	0.00469258	0.00558301	0.00507867	0.00313243	0.506082	0.0063893	0.0741027	0.0759178	0.00683073	0.00264721	0.00557254	0.00356794	0.0111802	0.0434841	0.214716	0.00129299	0.00359837
