281	20
1	0.133694	0.00827774	0.032702	0.0612798	0.0161998	0.0381466	0.0121331	0.0224411	0.0591769	0.0702602	0.0263482	0.0459351	0.192812	0.0407925	0.0357555	0.0946629	0.0684746	0.0265868	0.00403729	0.0102836
2	0.188322	0.0185916	0.043758	0.0526223	0.00370406	0.0922955	0.0220364	0.0116326	0.0794479	0.00949977	0.0125901	0.0299794	0.038735	0.040124	0.0623362	0.197052	0.0618856	0.0271821	0.00171351	0.00649178
3	0.098727	0.0125527	0.051663	0.0963598	0.00468972	0.0424266	0.0259821	0.0152221	0.124865	0.0204385	0.00952117	0.0738445	0.0544628	0.0554601	0.068017	0.128835	0.0814614	0.0188729	0.000423288	0.0161751
4	0.119861	0.00857291	0.0393624	0.0988421	0.00654919	0.0395114	0.0186513	0.0135808	0.153077	0.0167263	0.00736976	0.0616064	0.051149	0.0588972	0.0806534	0.120054	0.0745424	0.0192924	0.00136424	0.0103362
5	0.0654991	0.0314716	0.00334078	0.00493797	0.111364	0.0360046	0.0109902	0.0594978	0.0163555	0.186497	0.0230289	0.0135447	0.177273	0.00728707	0.0163344	0.0294264	0.0503555	0.0697335	0.0409418	0.0461163
6	0.0771978	0.0159229	0.0102348	0.0185946	0.0518551	0.0387842	0.0178755	0.064151	0.0292154	0.110747	0.0251291	0.022569	0.203309	0.0184457	0.0256199	0.0516742	0.0558604	0.113471	0.0231179	0.0262251
7	0.0240705	0.00354738	0.000657048	0.00165127	0.109516	0.00937471	0.00416297	0.256226	0.00162789	0.326544	0.0636821	0.00418685	0.00738673	0.00344626	0.00263144	0.00518027	0.0149069	0.14452	0.0132183	0.00346261
8	0.180826	0.0285234	0.0479542	0.0511045	0.0043314	0.116723	0.0189603	0.0165793	0.0643266	0.0103481	0.016936	0.0278727	0.0318603	0.0429968	0.053961	0.187693	0.064284	0.0253517	0.00195771	0.00740941
9	0.0384198	0.00451113	0.213948	0.309261	0.00223222	0.022055	0.0335162	0.0032681	0.0678175	0.0112076	0.00746703	0.04558	0.0164977	0.076629	0.0304407	0.0522829	0.032641	0.0225656	0.00108784	0.00857188
10	0.0321932	0.00543619	0.000704782	0.00102945	0.0556327	0.0130776	0.0013067	0.402636	0.00151855	0.166729	0.0279564	0.0021667	0.00428812	0.00355982	0.00511901	0.00262286	0.00860395	0.260874	0.00309888	0.00144578
11	0.00891168	0.00109259	0.000713376	0.0110714	0.00574774	0.00199299	0.0370536	0.0114962	0.313573	0.0478022	0.0103145	0.0186132	0.00134998	0.0430122	0.404789	0.00479727	0.0280819	0.022804	0.00730381	0.0194791
12	0.142329	0.0106186	0.0448539	0.0815042	0.00517885	0.0463087	0.0211031	0.0122715	0.122854	0.0144292	0.00785711	0.057487	0.0438647	0.046402	0.086581	0.143261	0.0729205	0.0278731	0.00125119	0.0110511
13	0.20295	0.021743	0.00739583	0.00916671	0.0238399	0.0313604	0.0126094	0.0212624	0.0151788	0.0359987	0.0618205	0.0208949	0.0129217	0.0548654	0.0163035	0.199719	0.0443963	0.119338	0.0725039	0.0157315
14	0.0328325	0.00518654	0.0007963	0.00235232	0.052648	0.0126002	0.00146575	0.400121	0.00335141	0.166976	0.0295138	0.00314401	0.00465508	0.00407458	0.00629308	0.00364931	0.0103549	0.25489	0.00317631	0.00191848
15	0.0893523	0.0189838	0.0190419	0.0321741	0.0457973	0.0348984	0.017756	0.0315577	0.043288	0.094163	0.0235901	0.0353858	0.226894	0.0255285	0.0365343	0.0708444	0.0597731	0.0506527	0.0199866	0.0237983
16	0.13702	0.00801324	0.0346957	0.0924933	0.00566887	0.0388847	0.0184393	0.0129425	0.156437	0.0160878	0.00690413	0.0545936	0.0469736	0.0585212	0.0769385	0.130723	0.0753966	0.0189378	0.00150739	0.00882235
17	0.038403	0.0107965	0.129037	0.229193	0.00334577	0.0269572	0.0592432	0.00833143	0.0896405	0.0191781	0.00895254	0.061937	0.0220899	0.0615483	0.0500777	0.0873342	0.045754	0.0268604	0.00113093	0.0201892
18	0.143703	0.077005	0.00653759	0.00844215	0.0846565	0.0588861	0.0140598	0.0450995	0.0107855	0.113753	0.0433446	0.0112491	0.0205439	0.0104229	0.0149422	0.0781896	0.0480317	0.105797	0.0376336	0.0669179
19	0.0213809	0.00859163	0.00280268	0.00347912	0.435349	0.00910615	0.014794	0.032105	0.00477559	0.0500245	0.0162562	0.017964	0.0067547	0.00541805	0.00526348	0.022667	0.0214368	0.0441498	0.101443	0.176239
20	0.0236192	0.00676153	0.0421656	0.257194	0.0113303	0.0123976	0.115702	0.0417676	0.0800479	0.0270108	0.0374572	0.024386	0.00886339	0.0704909	0.0523091	0.0302112	0.0246981	0.11349	0.00526518	0.0148317
21	0.106831	0.0117322	0.0282107	0.0687823	0.0116084	0.0293784	0.0164898	0.0275696	0.155238	0.0254059	0.00999671	0.0463258	0.088253	0.0502563	0.112609	0.108878	0.0596824	0.0236852	0.00587976	0.0131872
22	0.0161616	0.00605176	0.164203	0.0189545	0.0135021	0.031172	0.0224922	0.00619616	0.0204174	0.00824692	0.00539136	0.26227	0.00377373	0.00461884	0.0117494	0.290788	0.0867077	0.0089884	0.00327363	0.0150418
23	0.089979	0.00863077	0.00323559	0.00384043	0.0427222	0.0410468	0.00716079	0.0777439	0.029495	0.190455	0.0180857	0.011194	0.100545	0.00478972	0.00609386	0.0247144	0.149556	0.161354	0.0198719	0.00948681
24	0.0904618	0.0194581	0.00181662	0.00265927	0.0970402	0.0605183	0.00664691	0.059202	0.0209925	0.175666	0.020308	0.0122495	0.135253	0.00280357	0.00778924	0.0378973	0.0671917	0.105123	0.0557989	0.0211246
25	0.0100541	0.00113516	0.000795713	0.013081	0.00652263	0.00196164	0.0358269	0.0124846	0.312246	0.048823	0.0115471	0.0175	0.00164321	0.0427985	0.396931	0.00524887	0.033235	0.0225926	0.00755502	0.0180172
26	0.141027	0.0161087	0.0213907	0.0304593	0.0205406	0.0619164	0.0145054	0.0306978	0.0426525	0.0329131	0.0150371	0.0293298	0.0266584	0.0281898	0.0337317	0.264035	0.117309	0.0470741	0.0094712	0.0169525
27	0.0156522	0.0109399	0.000843348	0.00240918	0.10957	0.00822454	0.00350347	0.113627	0.00212653	0.476778	0.153634	0.00409468	0.00377732	0.00293257	0.00269402	0.00990983	0.0131113	0.0530552	0.0106424	0.00247386
28	0.1456	0.0130285	0.0215649	0.0154556	0.135894	0.0684552	0.00998832	0.0173487	0.0317794	0.0717804	0.0134262	0.0351206	0.00835853	0.0112394	0.0648973	0.118141	0.0212148	0.0387419	0.0382619	0.119703
29	0.0113094	0.0236006	0.00548666	0.00322884	0.272941	0.0140518	0.10286	0.0125482	0.0118091	0.0328876	0.0131669	0.0560836	0.00480856	0.0410241	0.00641586	0.0320839	0.0243286	0.0171949	0.0206392	0.293531
30	0.109715	0.013602	0.000642278	0.00189749	0.131925	0.0221699	0.00386214	0.132528	0.00190317	0.251407	0.0704541	0.00221519	0.00326864	0.00242144	0.00186394	0.0238975	0.0347613	0.168801	0.0109547	0.0117099
31	0.184807	0.0211489	0.000559778	0.00144079	0.067493	0.0401561	0.00184496	0.133773	0.00316291	0.187701	0.0364792	0.00103018	0.00180921	0.00203509	0.00151663	0.0300386	0.0370602	0.233782	0.0045739	0.0095878
32	0.00994824	0.00176602	0.000919852	0.010784	0.0067895	0.00228725	0.0361784	0.0129157	0.29525	0.0548716	0.0116771	0.0216615	0.00196364	0.0439027	0.39601	0.00555232	0.0283357	0.0267489	0.0105687	0.0218691
33	0.137826	0.0371213	0.0837911	0.071026	0.00893909	0.0818672	0.0258657	0.0155319	0.0629683	0.0190809	0.0157442	0.0536654	0.0343169	0.0381628	0.0475899	0.15292	0.0649891	0.0284427	0.00477862	0.015372
34	0.0937053	0.00980628	0.000479131	0.00147693	0.121179	0.0181529	0.00319893	0.176223	0.0013727	0.245174	0.0676512	0.00237739	0.00349401	0.00306143	0.00190544	0.0179921	0.0298385	0.186894	0.00859728	0.0074205
35	0.196919	0.0202306	0.00050943	0.00100513	0.0510164	0.0410701	0.000970354	0.146755	0.00341867	0.189557	0.0321675	0.00114408	0.00119855	0.002047	0.00112479	0.0343108	0.0407685	0.228711	0.00132177	0.00575443
36	0.160585	0.0222033	0.000669415	0.00150631	0.052446	0.0295508	0.00189868	0.249286	0.00312449	0.149509	0.0284732	0.00188399	0.00249605	0.00779561	0.00319485	0.0198166	0.024687	0.232415	0.00338666	0.00507118
37	0.0489872	0.00721018	0.000590274	0.00167804	0.0285443	0.0132377	0.000915784	0.375749	0.00248023	0.100114	0.046135	0.00148571	0.0044278	0.00568275	0.00790923	0.00208541	0.0120416	0.336735	0.00261682	0.00137358
38	0.205973	0.0243964	0.000533436	0.00128745	0.0566904	0.0491358	0.00170402	0.129694	0.00325622	0.186822	0.0311199	0.00122242	0.00218026	0.00208067	0.0015633	0.0388402	0.0404507	0.20791	0.00404136	0.0110977
39	0.372376	0.0404258	0.00337733	0.0026766	0.0330426	0.201803	0.00903026	0.0380257	0.0053068	0.045837	0.0160098	0.00649972	0.00331084	0.00451343	0.00991507	0.0934665	0.0380621	0.0538661	0.00510449	0.0173507
40	0.0911935	0.014456	0.000633728	0.00194845	0.120708	0.0198652	0.00373506	0.135888	0.00252889	0.286142	0.0774203	0.00340097	0.00469229	0.00270486	0.00195067	0.0233307	0.0346198	0.152652	0.0128017	0.00932817
41	0.119294	0.0649253	0.00236017	0.00797424	0.143561	0.0697291	0.0115202	0.0431743	0.00721776	0.092702	0.0594705	0.00673149	0.00980322	0.0148531	0.0118393	0.0365776	0.0396627	0.117079	0.0530045	0.0885209
42	0.136149	0.049733	0.00217874	0.0119323	0.104953	0.0617741	0.00867344	0.0702872	0.0127691	0.0884932	0.0378189	0.00499484	0.0087825	0.00505426	0.0238056	0.0459078	0.0322044	0.191862	0.040275	0.0623515
43	0.0982678	0.0435277	0.00211788	0.00582283	0.139542	0.0421513	0.0125958	0.053635	0.012099	0.138939	0.0329338	0.0107407	0.0725446	0.00583144	0.0133747	0.0315785	0.0400736	0.0980497	0.0779365	0.068238
44	0.112556	0.031992	0.00175554	0.00508274	0.16521	0.0387923	0.0142668	0.0802906	0.00637408	0.170279	0.0378917	0.00281427	0.0187875	0.0038265	0.00943454	0.0205319	0.028798	0.150583	0.041864	0.0588699
45	0.103094	0.0111282	0.000557799	0.00177566	0.128944	0.019378	0.00292383	0.1378	0.00141762	0.272256	0.0714744	0.00200096	0.00265412	0.00219192	0.00119973	0.0264539	0.0336289	0.166182	0.00801271	0.00692653
46	0.111192	0.0641744	0.00218581	0.0105886	0.134479	0.0445449	0.00996376	0.0545587	0.00644793	0.125452	0.0581717	0.00583212	0.0112146	0.00558371	0.0106514	0.0390011	0.0367908	0.133687	0.0598433	0.0756372
47	0.0943275	0.0112008	0.00668079	0.0100888	0.0597076	0.0571265	0.0242188	0.0416695	0.0197789	0.157469	0.0213973	0.0160083	0.206309	0.00981596	0.0105539	0.0366851	0.0748228	0.0990385	0.0259328	0.0171685
48	0.0537667	0.0200371	0.0140383	0.0216514	0.0232157	0.0350279	0.0215843	0.024752	0.0327286	0.0424889	0.0647317	0.0651544	0.0161841	0.0960124	0.0248085	0.15294	0.137063	0.11504	0.0230849	0.0156905
49	0.200488	0.0257291	0.0207319	0.021043	0.0197776	0.175133	0.0135291	0.0327519	0.0277147	0.0320828	0.0171521	0.0216404	0.0206231	0.0230482	0.0272173	0.180273	0.069911	0.0474969	0.00757662	0.0160804
50	0.0705558	0.012028	0.00124389	0.0019959	0.108935	0.0169651	0.00343656	0.176157	0.00650459	0.189961	0.0807785	0.0083172	0.00851122	0.00448461	0.00463148	0.0164838	0.0505788	0.217463	0.0117758	0.00919289
51	0.0523916	0.00805522	0.000907029	0.00217377	0.141623	0.0101751	0.00508913	0.150011	0.00732013	0.252506	0.109889	0.0154525	0.00960734	0.00581542	0.0056392	0.0115141	0.0446161	0.137843	0.0171733	0.0121966
52	0.0381646	0.010899	0.00119056	0.00293703	0.140421	0.0229546	0.00586804	0.109779	0.00423437	0.369952	0.135761	0.00519413	0.006243	0.00424024	0.00425574	0.0141493	0.021136	0.0805775	0.0123934	0.00964938
53	0.0383741	0.0335448	0.00400824	0.00600508	0.211104	0.0165729	0.0106892	0.0313715	0.0125112	0.0489259	0.0809581	0.0295876	0.0102381	0.00924841	0.0134132	0.0622751	0.0803672	0.0578239	0.186804	0.0561779
54	0.331505	0.0609833	0.0138085	0.00803723	0.0210779	0.1823	0.0114995	0.0253252	0.0109701	0.0287008	0.0245514	0.00718176	0.00669931	0.0117481	0.0184276	0.130352	0.0408784	0.0461375	0.00658217	0.0132347
55	0.0281401	0.00419365	0.000669388	0.00173214	0.116595	0.00833536	0.0045755	0.201213	0.00143104	0.358484	0.0844546	0.00524385	0.005341	0.00314389	0.0019683	0.00695555	0.0187632	0.129538	0.0157607	0.0034621
56	0.0263232	0.0115911	0.00298646	0.00297106	0.401061	0.0119475	0.0153325	0.0341452	0.00616007	0.0577471	0.0217409	0.0194804	0.00829747	0.00578897	0.00687079	0.0258926	0.0255323	0.0496746	0.0972011	0.169255
57	0.0745958	0.105943	0.00789994	0.0105147	0.0478997	0.031813	0.0130219	0.0587873	0.0166997	0.0678301	0.0457789	0.0180934	0.0136854	0.0141221	0.0143432	0.0552773	0.119531	0.231172	0.0284103	0.0245819
58	0.0426208	0.00608695	0.000607728	0.0020037	0.0298617	0.0121778	0.000996888	0.378711	0.00282814	0.112836	0.0459464	0.00183457	0.00433595	0.00536431	0.00848007	0.00218474	0.0124429	0.326468	0.0027657	0.0014468
59	0.133709	0.0235156	0.0224545	0.0239885	0.0458239	0.17409	0.0191266	0.0604014	0.0258722	0.0680046	0.0235729	0.0355139	0.0251262	0.0234448	0.0227319	0.0893236	0.0608915	0.0810514	0.0143713	0.0269866
60	0.0216462	0.00459454	0.0105688	0.0194299	0.0206302	0.00941881	0.690994	0.0128879	0.0179183	0.0187696	0.00823417	0.0274632	0.00716476	0.0163997	0.0315489	0.0158362	0.0199797	0.0252084	0.00484094	0.0164663
61	0.0517216	0.0104124	0.157061	0.161488	0.0155561	0.0371991	0.0431284	0.0123023	0.0687949	0.0221904	0.010915	0.0999433	0.0269548	0.0502576	0.038968	0.0890582	0.0471085	0.0282499	0.00649873	0.0221925
62	0.285336	0.0581832	0.0137271	0.0117841	0.0341822	0.157866	0.0118186	0.0408222	0.0157727	0.0494648	0.02252	0.0107345	0.0102688	0.0143482	0.0178309	0.103028	0.0452997	0.0682898	0.0102889	0.0184343
63	0.074058	0.0155819	0.0337445	0.029418	0.0504126	0.10758	0.0382178	0.0367795	0.0434221	0.0942737	0.0215057	0.118033	0.0328146	0.0302895	0.0332316	0.0724325	0.0514835	0.0617558	0.0199864	0.0349793
64	0.0223066	0.00648131	0.0140355	0.0181111	0.0213343	0.0116382	0.660123	0.011007	0.0175241	0.0219973	0.00794768	0.034998	0.0105669	0.0189028	0.0293946	0.0214242	0.0245298	0.0215358	0.00623131	0.0199102
65	0.0603848	0.0189404	0.0202984	0.02887	0.0142738	0.167999	0.0166232	0.0267132	0.029392	0.0227657	0.0213261	0.0263657	0.0204714	0.0945601	0.0227975	0.162258	0.197349	0.0289909	0.00685896	0.0127613
66	0.0863977	0.00482808	0.00497121	0.00752733	0.00562629	0.0414726	0.00555271	0.0338264	0.00908118	0.0109366	0.00647351	0.00802009	0.0240608	0.0181968	0.0206326	0.448205	0.245694	0.0107559	0.00302414	0.00471699
67	0.0598274	0.0132187	0.00397412	0.00524082	0.241816	0.0231375	0.0114165	0.101046	0.0093145	0.148603	0.0434629	0.0128905	0.0104951	0.00829839	0.0093493	0.0233306	0.0310908	0.140565	0.0294841	0.0734382
68	0.0843692	0.0141672	0.0321702	0.0321693	0.02141	0.0578838	0.0223188	0.0292592	0.0437537	0.0267296	0.0129483	0.0561983	0.0298357	0.0294999	0.0356549	0.280467	0.13039	0.031786	0.00751166	0.0214775
69	0.0183695	0.00408791	0.064757	0.0759041	0.00460368	0.0134017	0.0187232	0.0063264	0.210933	0.00896432	0.00382961	0.246962	0.0394656	0.0386327	0.1044	0.0876173	0.0336519	0.0103286	0.0023114	0.0067302
70	0.0788096	0.00924434	0.00218834	0.00359052	0.0399087	0.0122144	0.00498053	0.033947	0.0572455	0.149692	0.0639674	0.0805324	0.00664268	0.00749458	0.100864	0.0480565	0.0852081	0.0805372	0.122946	0.0119309
71	0.0400674	0.00547039	0.000721044	0.00168282	0.0833171	0.012792	0.00298021	0.290647	0.0021975	0.260678	0.0529221	0.00313722	0.00464921	0.00354155	0.00394257	0.00649797	0.0164744	0.196226	0.00935866	0.00269706
72	0.0362392	0.0125686	0.0745738	0.0476141	0.0320351	0.0273951	0.102002	0.0194976	0.0457089	0.0381174	0.0118852	0.284115	0.0149228	0.0224364	0.0340995	0.0745912	0.0386429	0.0297831	0.0159195	0.0378524
73	0.0307845	0.00865377	0.143514	0.0545464	0.0233807	0.0462166	0.0493281	0.00576659	0.0278755	0.00971808	0.00376826	0.241838	0.00933319	0.0122809	0.0244385	0.18124	0.0802977	0.0106385	0.00472854	0.0316512
74	0.10344	0.0115454	0.000495353	0.00169537	0.124083	0.019109	0.00281733	0.145088	0.00123946	0.264509	0.0716023	0.00195633	0.00259329	0.00244526	0.000978711	0.0236997	0.0345453	0.173058	0.00847614	0.00662247
75	0.067822	0.0170082	0.00144452	0.00152562	0.0448714	0.0184693	0.00172947	0.25502	0.00472684	0.0697947	0.0429962	0.00176199	0.00297162	0.00421354	0.00458472	0.00630627	0.0270483	0.420087	0.00486313	0.0027557
76	0.122843	0.024057	0.0288648	0.0324323	0.0454106	0.16265	0.0234414	0.0483127	0.0328339	0.0645742	0.0229692	0.0389088	0.0300046	0.0310559	0.0258167	0.0878198	0.0615364	0.0711048	0.0149568	0.0304066
77	0.0507438	0.0116653	0.0939576	0.143843	0.00850794	0.0320791	0.083105	0.0135887	0.0762164	0.023405	0.00974917	0.124587	0.0257011	0.0480405	0.0454971	0.0879144	0.0674689	0.025768	0.00466123	0.0235004
78	0.0288978	0.00483859	0.000688773	0.00107001	0.0618843	0.0121508	0.00152929	0.39437	0.00153629	0.184771	0.0302956	0.00242398	0.00461146	0.00357996	0.00496259	0.00261446	0.00873187	0.245457	0.00406835	0.00151762
79	0.101194	0.0730978	0.00408954	0.00464108	0.0296931	0.0188818	0.00773837	0.0309204	0.00970939	0.160264	0.0940789	0.0132968	0.00714753	0.0103482	0.00731844	0.113012	0.158134	0.118113	0.0217958	0.016526
80	0.0258069	0.0145502	0.00856903	0.00725386	0.152239	0.0164137	0.384686	0.0199516	0.012485	0.0429755	0.0130254	0.0557937	0.0105366	0.0263055	0.0154228	0.023586	0.0238322	0.029924	0.0196571	0.0969868
81	0.0824185	0.00294939	0.00187312	0.00279736	0.00549307	0.0406901	0.00397614	0.0362037	0.00426221	0.00797636	0.0052082	0.00494989	0.0224972	0.0160594	0.0172616	0.479513	0.250888	0.00820503	0.00282232	0.003955
82	0.0205316	0.0152795	0.00108449	0.0027519	0.120497	0.00919376	0.00385501	0.107431	0.00229701	0.456035	0.147573	0.00437595	0.00536263	0.00334291	0.00295167	0.0121672	0.0151514	0.0558364	0.0102628	0.00401991
83	0.0974036	0.0374676	0.00291585	0.00403237	0.0260415	0.0198254	0.00543627	0.124729	0.0150955	0.0654171	0.0254179	0.00729259	0.0065628	0.00628926	0.00670736	0.0393425	0.130036	0.364259	0.00774704	0.00798101
84	0.123062	0.0150977	0.0253823	0.0402764	0.0346919	0.041739	0.0161185	0.0325369	0.0479406	0.0801539	0.0230597	0.0356297	0.190659	0.0283466	0.0347474	0.083246	0.0626648	0.0517359	0.0162915	0.0166201
85	0.00641777	0.00376322	0.00165307	0.00166775	0.485174	0.00335363	0.0153402	0.0264534	0.00309688	0.0318423	0.00456479	0.0131904	0.00199454	0.00377992	0.00311285	0.0146277	0.0138101	0.0376506	0.0547193	0.273787
86	0.0424292	0.00897778	0.0518309	0.0348173	0.0527039	0.0171804	0.14012	0.0153946	0.0111544	0.0361422	0.00796599	0.33452	0.00716067	0.00915359	0.0163847	0.03628	0.0168617	0.0360793	0.0412967	0.0835475
87	0.14955	0.0144106	0.0299823	0.0400608	0.0141504	0.0793713	0.0136138	0.0185019	0.0422984	0.0483784	0.0350773	0.0324902	0.182765	0.0469067	0.036821	0.116075	0.0523088	0.0283464	0.00679747	0.0120943
88	0.127649	0.0252233	0.00771295	0.0107228	0.0976135	0.0374686	0.0194982	0.051011	0.0246597	0.0982544	0.0422795	0.0313891	0.0333968	0.0160535	0.0265139	0.0595527	0.0470382	0.0908402	0.106828	0.0462942
89	0.0899578	0.00430434	0.0140452	0.0561322	0.0143266	0.0174699	0.0201572	0.016183	0.228958	0.0336451	0.00839508	0.031183	0.023551	0.075859	0.216788	0.0537852	0.0470213	0.0274162	0.00978591	0.0110359
90	0.0218855	0.0131221	0.00238991	0.0294935	0.0372458	0.00766751	0.0118131	0.259116	0.071154	0.0983202	0.056564	0.0369404	0.0170722	0.0211235	0.0500767	0.0134441	0.0430643	0.161442	0.0123755	0.0356899
91	0.0786648	0.00398978	0.00276295	0.00518363	0.00570572	0.0375582	0.00416864	0.034681	0.00699462	0.00934173	0.00608958	0.00655234	0.0242846	0.0182562	0.0187965	0.457727	0.262516	0.00999817	0.00275224	0.00397597
92	0.0288574	0.007809	0.0083348	0.0163132	0.0364565	0.0120125	0.593065	0.0207027	0.0145884	0.0359447	0.0137032	0.0242254	0.00920119	0.0183716	0.0255239	0.0193873	0.026988	0.0566093	0.00935272	0.0225532
93	0.00816331	0.00106549	0.000717422	0.0106394	0.00521881	0.00187773	0.0380897	0.011633	0.310331	0.0486483	0.010376	0.0188432	0.00134602	0.0429576	0.407332	0.00453304	0.0282108	0.0228999	0.00725364	0.019864
94	0.064321	0.0095988	0.0308075	0.0762044	0.0151999	0.0230062	0.0983267	0.0337158	0.100646	0.0582333	0.017905	0.0669565	0.0357497	0.071831	0.0816046	0.0737105	0.0751005	0.0356739	0.00394556	0.0274636
95	0.032121	0.00763094	0.0205808	0.0269276	0.0210978	0.0159774	0.550196	0.0133434	0.0291519	0.0227924	0.00998218	0.0352764	0.0126418	0.0271852	0.0298587	0.0436928	0.0529915	0.024126	0.00509695	0.0193289
96	0.0496292	0.0068568	0.0148952	0.0228573	0.016067	0.0175779	0.624316	0.0124232	0.0234524	0.0189944	0.00921318	0.0278005	0.00958711	0.0163412	0.0264573	0.0307002	0.0265687	0.0260425	0.00552705	0.0146926
97	0.118853	0.0102567	0.0366452	0.0802467	0.00638412	0.0362437	0.0223241	0.0159481	0.133277	0.0279691	0.0145609	0.0726011	0.0496101	0.0669263	0.0672828	0.123253	0.078684	0.0224625	0.00326682	0.0132051
98	0.0203925	0.0227744	0.0498641	0.0165944	0.137705	0.0331204	0.141432	0.0097542	0.0108898	0.0341895	0.0116191	0.233798	0.00637082	0.0396563	0.0126041	0.0430025	0.0211409	0.016107	0.013332	0.125652
99	0.0502878	0.0148844	0.0816053	0.0920129	0.0151528	0.0372919	0.0920249	0.0187552	0.0619653	0.0287112	0.0165278	0.0549738	0.0249274	0.102792	0.0392197	0.0784593	0.132754	0.0294963	0.00513107	0.0230272
100	0.0908086	0.012276	0.0592598	0.0481002	0.0210173	0.0937695	0.0332899	0.0250146	0.0574793	0.0246588	0.00978184	0.15919	0.0225323	0.0297772	0.0385575	0.146554	0.0623353	0.0336767	0.00876831	0.0231528
101	0.0137003	0.0100806	0.0776676	0.0193432	0.0159316	0.0148018	0.168307	0.0123579	0.0146663	0.0420045	0.00372846	0.412369	0.00518788	0.00422444	0.0198498	0.0747596	0.0259116	0.0183186	0.0141569	0.0326334
102	0.0481166	0.00700278	0.000585658	0.00242984	0.0274422	0.0127347	0.000942918	0.376916	0.00352876	0.100118	0.0460554	0.00174068	0.00491168	0.00630728	0.00859532	0.0022492	0.0123487	0.333985	0.0025164	0.00147389
103	0.0336693	0.00510616	0.219251	0.301899	0.00243036	0.0191697	0.0382477	0.00338232	0.0717613	0.0114001	0.00775306	0.045575	0.0191186	0.0665474	0.0328449	0.0498131	0.0364943	0.0252343	0.000953887	0.00934828
104	0.0110581	0.00309554	0.0408772	0.0557903	0.00474936	0.00887608	0.0205565	0.00676182	0.269261	0.0131378	0.0048501	0.229164	0.0276219	0.0369151	0.148908	0.0643516	0.0330595	0.010749	0.00315485	0.00706227
105	0.0797399	0.0142639	0.131746	0.121125	0.0158666	0.0719547	0.0374383	0.012014	0.0652781	0.0212368	0.0114434	0.0858063	0.0261226	0.0522871	0.0401296	0.102919	0.0547794	0.024999	0.0050751	0.0257758
106	0.0764878	0.0115675	0.0664401	0.133593	0.0170435	0.034897	0.0684161	0.0205341	0.0942679	0.0299181	0.0342385	0.0574372	0.028695	0.0552836	0.0457501	0.0743833	0.0529274	0.0386679	0.00490495	0.0545467
107	0.15436	0.0188596	0.00291876	0.00438126	0.0369331	0.11501	0.00532483	0.135366	0.0071537	0.105545	0.0257898	0.0146095	0.00641084	0.00610297	0.0068325	0.0892519	0.0443637	0.194866	0.00833873	0.0175817
108	0.0799145	0.0226577	0.00567243	0.0081264	0.220017	0.0273685	0.0682986	0.0373172	0.0127303	0.0721013	0.0243964	0.0360589	0.0175022	0.0137562	0.0132763	0.029778	0.0299945	0.0699623	0.0725492	0.138522
109	0.0500057	0.0077161	0.00278065	0.00863578	0.0691399	0.00716022	0.0842605	0.0556988	0.057542	0.1004	0.0541811	0.0514707	0.0528889	0.0819595	0.0231291	0.01654	0.0575951	0.080045	0.00901919	0.129832
110	0.112702	0.020277	0.00759875	0.00974508	0.0758208	0.0475452	0.0118494	0.0469426	0.0231392	0.12693	0.02521	0.021232	0.144501	0.0129701	0.0194698	0.0495934	0.0558178	0.0811723	0.0820739	0.0254093
111	0.0458733	0.00735796	0.00108847	0.00267572	0.132715	0.00872188	0.00826686	0.139284	0.013729	0.233522	0.115432	0.0194738	0.0199863	0.013619	0.00932114	0.00855513	0.0454245	0.134651	0.016862	0.0234405
112	0.0708378	0.00310755	0.00170285	0.00311991	0.00554764	0.0369927	0.0037319	0.0383456	0.0041332	0.00813337	0.00507582	0.00470459	0.0390349	0.0189984	0.0224143	0.446323	0.273406	0.00782353	0.00263381	0.00393372
113	0.00816331	0.00106549	0.000717422	0.0106394	0.00521881	0.00187773	0.0380897	0.011633	0.310331	0.0486483	0.010376	0.0188432	0.00134602	0.0429576	0.407332	0.00453304	0.0282108	0.0228999	0.00725364	0.019864
114	0.0372868	0.0202681	0.00157499	0.00277108	0.107753	0.00957457	0.0103397	0.0961203	0.0475369	0.119061	0.116114	0.0673467	0.0245043	0.0148351	0.0342774	0.0157005	0.100776	0.0906226	0.0408611	0.0426754
115	0.106306	0.0161748	0.00102487	0.00288785	0.163197	0.0350402	0.00711532	0.0993863	0.00481252	0.244365	0.0633956	0.00246421	0.00543285	0.00293463	0.00605015	0.0312781	0.0279355	0.140149	0.0144281	0.0256226
116	0.0859142	0.00834691	0.00815644	0.00968684	0.0905041	0.0609352	0.0140023	0.0258931	0.0376087	0.0833243	0.0183886	0.0868462	0.011033	0.0157916	0.122699	0.109579	0.0601797	0.0963076	0.0311847	0.023619
117	0.0472398	0.0092275	0.00262817	0.00650247	0.0834938	0.00708938	0.0880054	0.0513038	0.0562108	0.106471	0.0530028	0.0595629	0.0511975	0.0701798	0.0228539	0.0152935	0.0546105	0.0718942	0.00937166	0.133861
118	0.094532	0.0130796	0.0516464	0.0886414	0.0044224	0.0415471	0.0288635	0.0180912	0.116771	0.0234668	0.012316	0.0754191	0.0569046	0.056737	0.0651873	0.132135	0.0815727	0.0196022	0.000495724	0.0185697
119	0.0980414	0.0114519	0.00190636	0.00217043	0.0711591	0.0651549	0.00647053	0.0676116	0.0224215	0.182672	0.0270697	0.0114156	0.114685	0.00290112	0.0049242	0.034931	0.0795307	0.151858	0.0308769	0.0127493
120	0.0812495	0.0208174	0.00221736	0.00391143	0.148307	0.0507893	0.00929216	0.0704867	0.0165259	0.167506	0.0247868	0.012511	0.0983339	0.00454529	0.0207732	0.0264832	0.0559836	0.0858657	0.0649033	0.0347111
121	0.0734594	0.0110675	0.00187123	0.00369124	0.197223	0.0403247	0.0177213	0.094186	0.0124378	0.258473	0.0397968	0.00446436	0.0103674	0.00398628	0.0180354	0.0155978	0.0217698	0.118664	0.0211297	0.0357337
122	0.120813	0.0148841	0.003287	0.00395544	0.0571982	0.0889662	0.00771869	0.047107	0.0186343	0.145494	0.0216267	0.0304779	0.0906841	0.00537164	0.00969819	0.0525471	0.0707879	0.145063	0.0461653	0.0195201
123	0.00818873	0.00397201	0.00136255	0.00195318	0.489828	0.00364094	0.0139557	0.0226523	0.00313437	0.0274904	0.00869135	0.0169329	0.00236814	0.00363462	0.00316122	0.0194111	0.0151507	0.0313165	0.0988199	0.224335
124	0.0556932	0.0173879	0.00407444	0.00491563	0.138552	0.0358715	0.010798	0.0540636	0.0151125	0.211522	0.0227465	0.0117687	0.179334	0.00630248	0.0120913	0.0247308	0.066004	0.0693545	0.0338026	0.0258746
125	0.131727	0.0135144	0.000495362	0.0013291	0.103098	0.026801	0.00216714	0.147593	0.00193275	0.240449	0.0580369	0.001488	0.00186167	0.00208754	0.00100752	0.0284723	0.0366392	0.189754	0.00512234	0.00642324
126	0.0365603	0.0168387	0.0151076	0.0163907	0.239964	0.0225078	0.0421631	0.0298888	0.0224735	0.0571504	0.0202493	0.0404428	0.0165339	0.0232156	0.0182985	0.0387654	0.0321394	0.0458448	0.036655	0.22881
127	0.0418478	0.0145605	0.00548418	0.0196792	0.148245	0.0203283	0.0358295	0.0411135	0.0241834	0.17261	0.0321088	0.0271695	0.0217963	0.0185443	0.0828274	0.0263805	0.0762925	0.0519889	0.0226052	0.116405
128	0.0756811	0.0180278	0.00184533	0.00239692	0.0974232	0.0564999	0.00573859	0.0639679	0.0300258	0.159606	0.043752	0.0315189	0.0893129	0.00436306	0.0153232	0.0416648	0.0904233	0.0920194	0.0521522	0.0282577
129	0.101878	0.0185912	0.00245572	0.00316761	0.122262	0.0475548	0.00902515	0.0704261	0.0144581	0.175587	0.0314864	0.00952451	0.0949197	0.00424124	0.00816639	0.0285346	0.0508956	0.143028	0.0365067	0.0272908
130	0.060015	0.0112889	0.123711	0.156672	0.0068966	0.0480603	0.0367476	0.00884491	0.090716	0.0140321	0.00708475	0.0957248	0.0311934	0.0520878	0.0575036	0.0994024	0.0573998	0.0183278	0.00163749	0.0226536
131	0.0561182	0.00676825	0.00278951	0.0239245	0.0501787	0.00849787	0.0165955	0.0733833	0.173382	0.0703449	0.0290189	0.0278954	0.0326546	0.0657769	0.139208	0.0204732	0.0686867	0.0769735	0.0310432	0.026287
132	0.0929996	0.0161601	0.0528213	0.0972108	0.00421871	0.0411061	0.0264651	0.0149483	0.114822	0.0201977	0.0104168	0.0751815	0.0592866	0.0552697	0.06286	0.133817	0.0833755	0.0209494	0.000512864	0.017381
133	0.0598559	0.0202546	0.0688779	0.0789882	0.00774471	0.0667745	0.0333995	0.0110876	0.0730481	0.0139381	0.00782242	0.113054	0.0300915	0.0355975	0.0489797	0.183656	0.104405	0.0156543	0.00156082	0.0252098
134	0.0223248	0.00663519	0.0093828	0.0162673	0.0225419	0.0111918	0.6762	0.0137899	0.0179438	0.0219431	0.00823925	0.0324953	0.00674	0.0180512	0.0286877	0.0176234	0.0217432	0.0240661	0.00739605	0.0167378
135	0.00661946	0.00326338	0.00171071	0.00180266	0.518423	0.00333467	0.011438	0.0287677	0.00275596	0.0325986	0.00493246	0.0118898	0.00212319	0.00313313	0.00306347	0.0142427	0.015471	0.0432181	0.0623218	0.228891
136	0.0122289	0.00985819	0.0807863	0.0210533	0.0167284	0.00960983	0.176372	0.0155061	0.00908515	0.0632262	0.00344596	0.422422	0.00446137	0.00355122	0.0124422	0.0430176	0.014687	0.0223824	0.0207373	0.0383992
137	0.0533381	0.017432	0.00340451	0.00517487	0.121386	0.0303887	0.00993995	0.0700786	0.01177	0.251713	0.0367141	0.0105236	0.171016	0.00648661	0.0102989	0.0236433	0.0450966	0.069863	0.0286505	0.023081
138	0.0675131	0.00482917	0.0884254	0.0405906	0.121499	0.0575818	0.0138081	0.00787786	0.0306376	0.0200713	0.00562889	0.124667	0.00523462	0.0212593	0.0489952	0.167325	0.0174048	0.0121842	0.0244971	0.11997
139	0.0692275	0.0234152	0.100415	0.122766	0.00526567	0.0788803	0.0403859	0.00984717	0.0703416	0.0119926	0.00738085	0.0831002	0.0241466	0.0425069	0.0442223	0.150478	0.0758236	0.0182776	0.00145708	0.0200703
140	0.0987343	0.0107282	0.0538271	0.0969322	0.00394506	0.0427784	0.0248727	0.0122074	0.135875	0.0148453	0.00724685	0.0781987	0.0518455	0.0513942	0.0766111	0.134345	0.0736307	0.0185538	0.000517461	0.0129105
141	0.0488103	0.00795768	0.000710111	0.00226189	0.115131	0.0104172	0.00363732	0.140132	0.00213866	0.367027	0.114548	0.00507903	0.00391401	0.00332098	0.00233191	0.0144071	0.0252018	0.114226	0.0136952	0.00505178
142	0.0288862	0.0103051	0.00288517	0.0034872	0.388832	0.0136675	0.0153378	0.0349132	0.0075499	0.0559869	0.0239545	0.020402	0.0107214	0.00674982	0.00792226	0.0251289	0.0272599	0.0465247	0.110734	0.158751
143	0.113881	0.0105416	0.0490068	0.0895845	0.00383381	0.0454081	0.0260953	0.01198	0.133985	0.0144048	0.00733381	0.0675569	0.0481959	0.051526	0.0705427	0.147414	0.0760603	0.0191792	0.000454759	0.0130156
144	0.0337147	0.0072855	0.170254	0.273474	0.00189689	0.0233694	0.0458356	0.00468521	0.0827447	0.0143033	0.00825709	0.0574203	0.0188967	0.0703455	0.0433556	0.0681456	0.0367659	0.0254633	0.000840498	0.0129456
145	0.0493925	0.00269433	0.00157168	0.0448719	0.0290211	0.0047319	0.0154955	0.0181212	0.309947	0.0430676	0.00743874	0.0116394	0.0112328	0.0600816	0.267729	0.0205716	0.0317307	0.0427355	0.0187085	0.00921751
146	0.0456794	0.00575829	0.00319904	0.00429193	0.0569014	0.0649063	0.0249108	0.0311308	0.076871	0.0842313	0.0133892	0.133081	0.00513445	0.0260081	0.0672792	0.119304	0.0439255	0.151262	0.0333222	0.00941359
147	0.165246	0.00762316	0.133277	0.0878769	0.00833498	0.102287	0.0145919	0.0109469	0.0721789	0.0377433	0.0256693	0.0539319	0.0155441	0.133415	0.0191023	0.0395222	0.0267948	0.0147667	0.00394326	0.027204
148	0.118019	0.02484	0.000636204	0.0012414	0.0479622	0.0336308	0.00130349	0.27801	0.00289048	0.11969	0.0307661	0.00210908	0.00234032	0.00478311	0.00354575	0.0159974	0.0194111	0.283124	0.00593186	0.00376821
149	0.177996	0.018649	0.000488231	0.000995212	0.0585201	0.0352571	0.00117499	0.152159	0.00295417	0.206843	0.0409627	0.00123417	0.00125437	0.00203875	0.000920465	0.0337188	0.0423236	0.215094	0.0018572	0.00555986
150	0.0354101	0.00658518	0.000976078	0.00937345	0.0232859	0.0104877	0.00134027	0.37702	0.0108515	0.10536	0.0437084	0.00504228	0.00531006	0.00690904	0.018257	0.00447624	0.0191004	0.311169	0.00234081	0.00299536
151	0.0876119	0.0118917	0.0165532	0.0171235	0.00893853	0.0963363	0.0108886	0.0299744	0.0144776	0.0153189	0.00969756	0.0270699	0.0189966	0.0216692	0.0216414	0.36379	0.192711	0.0198472	0.00432369	0.0111387
152	0.0735875	0.0149722	0.00727286	0.00811403	0.0382282	0.102028	0.0113979	0.0958198	0.0193687	0.108786	0.0291406	0.0501598	0.0246005	0.0111555	0.0167785	0.0768149	0.0885384	0.144522	0.0223867	0.0563278
153	0.180549	0.0164847	0.000719506	0.00125513	0.0424724	0.0365639	0.00145453	0.144122	0.00583651	0.194555	0.0295257	0.0015213	0.00473826	0.00209367	0.00135663	0.0290237	0.0641709	0.237236	0.00132321	0.00499776
154	0.154965	0.0761144	0.0022522	0.00704484	0.0934146	0.0649379	0.00746909	0.0419682	0.00621137	0.0903523	0.0473873	0.00548488	0.00946369	0.00625244	0.0109891	0.0748229	0.0524635	0.137481	0.049479	0.0614458
155	0.0456101	0.0772864	0.00400591	0.00569503	0.0960799	0.0176237	0.00752634	0.0340304	0.0168037	0.0607554	0.11419	0.0457831	0.00907169	0.01104	0.0162081	0.0734107	0.125862	0.089668	0.11773	0.0316195
156	0.20026	0.0201392	0.000495307	0.000969716	0.0511477	0.043054	0.0010015	0.143254	0.00335703	0.189149	0.0321419	0.00105161	0.00107417	0.00202715	0.00110205	0.0342311	0.0406289	0.227597	0.00123197	0.00608618
157	0.223041	0.0173869	0.00291572	0.00347524	0.0157872	0.244356	0.00577879	0.0513192	0.00555287	0.0409986	0.0237736	0.0125281	0.00437403	0.0048492	0.00663874	0.0924162	0.0660318	0.114271	0.00625637	0.05825
158	0.136371	0.0202799	0.000884898	0.00166256	0.0730243	0.0311284	0.00194852	0.149478	0.00314281	0.230166	0.046393	0.00246959	0.00160469	0.00234816	0.00199635	0.0613554	0.0380759	0.182977	0.00369718	0.010995
159	0.140106	0.0395298	0.00205208	0.0026812	0.0559644	0.0269926	0.00413831	0.0902236	0.00445131	0.220793	0.0630155	0.00423027	0.0047759	0.00482927	0.0039151	0.0835704	0.0594106	0.168465	0.00832034	0.0125355
160	0.124311	0.0372413	0.00184961	0.00551391	0.156689	0.0441598	0.0136931	0.0798722	0.00608813	0.154249	0.0392839	0.00266715	0.0134727	0.00387664	0.00956696	0.0233564	0.0279644	0.154005	0.0403766	0.0617631
161	0.0384611	0.00525244	0.000567939	0.00199565	0.123694	0.00989836	0.00453257	0.156471	0.00155238	0.345161	0.104549	0.00450354	0.00515583	0.00356752	0.00150313	0.00944155	0.0255242	0.132207	0.0213506	0.0046118
162	0.08695	0.010218	0.00183392	0.00269866	0.211248	0.0294046	0.00853519	0.101435	0.00544878	0.230667	0.048695	0.00342247	0.00961478	0.00336542	0.00668739	0.0175996	0.0303307	0.15298	0.0167104	0.0221554
163	0.0525234	0.0251292	0.00283146	0.00464606	0.0554874	0.0130502	0.0134472	0.0682565	0.0865984	0.0996066	0.0720786	0.109661	0.0139865	0.0163935	0.0633658	0.0278854	0.0617608	0.109722	0.0551795	0.0483907
164	0.0549063	0.0109194	0.00292588	0.00693262	0.12167	0.00960851	0.0637116	0.0802044	0.0346924	0.094932	0.0563902	0.0701192	0.0259015	0.0513093	0.0327332	0.0130738	0.0412136	0.082528	0.014047	0.132181
165	0.0184447	0.0453171	0.0158878	0.0113544	0.161213	0.0240393	0.150174	0.0129826	0.0159109	0.0422825	0.0185428	0.0941082	0.0104672	0.0593125	0.0125363	0.0411213	0.0280063	0.0212478	0.00927186	0.207779
166	0.118354	0.0582508	0.00161047	0.00789869	0.142948	0.0503396	0.00974508	0.0579612	0.00584986	0.1321	0.0556678	0.00341051	0.0118309	0.00551435	0.00968117	0.0322863	0.0314346	0.13863	0.0530461	0.0734406
167	0.0620116	0.00972712	0.000629715	0.00107323	0.0347938	0.0178403	0.000880557	0.343532	0.0016613	0.0981547	0.0437109	0.00116786	0.00345039	0.00482342	0.00567864	0.00270815	0.0122941	0.351107	0.00343325	0.0013216
168	0.0977802	0.0183234	0.0293254	0.0451349	0.0217383	0.0394186	0.0164144	0.0251643	0.0506176	0.0503868	0.0186372	0.0356072	0.200205	0.031295	0.044872	0.138807	0.0724103	0.0331899	0.00970278	0.0209691
169	0.0466591	0.0181441	0.0383722	0.00878879	0.0509734	0.0263029	0.0474556	0.0654542	0.0141495	0.155558	0.0242443	0.0183747	0.0146355	0.0131554	0.0151689	0.0628582	0.0333502	0.18957	0.0695351	0.0872496
170	0.0689831	0.00885758	0.000487647	0.00188935	0.133973	0.0127017	0.00351843	0.145063	0.000952093	0.317511	0.088658	0.00282663	0.0031638	0.00258282	0.00102896	0.019382	0.0285805	0.140697	0.0135534	0.00559012
171	0.0644011	0.0188459	0.00092514	0.0019011	0.0484877	0.0383754	0.00159967	0.314498	0.0028762	0.0847155	0.03247	0.00269474	0.00344153	0.00443469	0.00541526	0.00734975	0.0121081	0.339343	0.0122073	0.00390888
172	0.0133598	0.0408964	0.00881629	0.00432797	0.223164	0.0257561	0.123678	0.0117493	0.0132395	0.0459527	0.0233522	0.103259	0.00572318	0.0750336	0.00773856	0.0436627	0.0258151	0.014774	0.00756446	0.182137
173	0.118075	0.0102019	0.00465259	0.00580306	0.0153187	0.251885	0.00882823	0.160158	0.00938933	0.0326734	0.0146736	0.0434908	0.00638359	0.00948002	0.00945169	0.114609	0.0341848	0.118906	0.00808518	0.0237508
174	0.0893189	0.065592	0.00211122	0.00655609	0.113127	0.0328221	0.00689041	0.0501049	0.00904076	0.0971989	0.0925064	0.0165412	0.00984422	0.00569561	0.0103087	0.0558747	0.0672672	0.125959	0.0802779	0.0629628
175	0.0391603	0.0239277	0.00254579	0.00466153	0.140075	0.0133117	0.0142384	0.0721607	0.0274088	0.077809	0.110244	0.0617365	0.0161002	0.0142761	0.0226763	0.0317469	0.0676487	0.0710959	0.11839	0.0707862
176	0.03524	0.00734518	0.000692117	0.00190444	0.114169	0.00997808	0.00421817	0.146652	0.00224289	0.394364	0.110506	0.00497012	0.0048612	0.00323339	0.00263347	0.0103228	0.02539	0.102311	0.0146849	0.00428109
177	0.0558757	0.0176279	0.046814	0.00870734	0.144452	0.0264271	0.0163475	0.0664722	0.013024	0.130527	0.0344902	0.0166857	0.0169909	0.0101482	0.0123854	0.0323614	0.0699817	0.229721	0.0215537	0.029408
178	0.0607058	0.00675157	0.00048432	0.00197221	0.144421	0.0115531	0.00412597	0.152929	0.00137192	0.305095	0.0928848	0.00410975	0.00453795	0.00334488	0.00135026	0.0140839	0.0310634	0.139079	0.0139785	0.00615839
179	0.0522156	0.014164	0.00163745	0.00305736	0.0262687	0.0107491	0.00288832	0.244603	0.00938574	0.0580438	0.0373239	0.00408964	0.00384648	0.00668335	0.00668373	0.00855038	0.0514152	0.452273	0.00315013	0.00297085
180	0.0712611	0.0192783	0.0259862	0.0349831	0.0413741	0.0429507	0.0266991	0.0466133	0.0432995	0.0642103	0.0301101	0.0423883	0.032417	0.0333819	0.0336308	0.141134	0.16412	0.0652733	0.0168769	0.0240124
181	0.00759132	0.00675006	0.00171513	0.00193806	0.430899	0.00416737	0.0268343	0.021733	0.00441413	0.0298668	0.00539395	0.0180047	0.00218614	0.00679484	0.00401298	0.0183254	0.0145779	0.030469	0.0495911	0.314735
182	0.0344869	0.0104231	0.00125523	0.00286637	0.133964	0.0115033	0.00533451	0.119535	0.00328258	0.391327	0.121256	0.00580452	0.00618537	0.00513559	0.00367651	0.0125601	0.0223192	0.0871346	0.013185	0.0087643
183	0.0397208	0.0206113	0.0434812	0.0635766	0.0641897	0.0288626	0.119506	0.0206872	0.0498485	0.0406693	0.0201618	0.0985172	0.0192854	0.127764	0.0346204	0.0589171	0.0442827	0.0316325	0.0079061	0.065759
184	0.0228646	0.00664343	0.0139616	0.017674	0.022879	0.0141249	0.651451	0.0123417	0.0184033	0.0221199	0.00862949	0.0384646	0.00748183	0.0184474	0.0279987	0.0225474	0.0242311	0.0218132	0.00585503	0.0220676
185	0.0318645	0.00548817	0.192957	0.283408	0.00174534	0.0200326	0.0403535	0.00326108	0.0790454	0.0123761	0.00763811	0.0609694	0.0208883	0.0695634	0.0433509	0.0579148	0.0325503	0.0255843	0.000844628	0.0101647
186	0.10428	0.0113199	0.000513945	0.00170078	0.0705748	0.0230998	0.00189246	0.214292	0.00257179	0.208099	0.057941	0.00183039	0.00296902	0.00313448	0.00338254	0.0193987	0.0371397	0.225893	0.00538055	0.00458694
187	0.115265	0.00969592	0.0383598	0.091589	0.00859788	0.035139	0.0193646	0.0180418	0.132853	0.0352031	0.012255	0.0580023	0.0751387	0.0615076	0.0665711	0.105035	0.0799452	0.0214953	0.00290435	0.0130356
188	0.0737008	0.0203364	0.00498645	0.00444008	0.0789508	0.0336132	0.00945488	0.0712483	0.0207318	0.191032	0.0514654	0.0243899	0.0401757	0.00794588	0.0198587	0.0375855	0.0803808	0.134388	0.0706523	0.024663
189	0.00776761	0.00536219	0.0015148	0.00168588	0.44079	0.00417882	0.0238698	0.0225678	0.00397359	0.0291222	0.00436713	0.0156033	0.00226999	0.00519133	0.00362539	0.017888	0.0139642	0.0313325	0.0541783	0.310747
190	0.128193	0.0136413	0.0694674	0.0963218	0.00539852	0.0613199	0.025447	0.01131	0.0976577	0.0126569	0.00902611	0.0581731	0.0386741	0.0444191	0.0752919	0.141424	0.0695858	0.0276093	0.00148731	0.0128962
191	0.0880741	0.00802491	0.172176	0.185396	0.00635294	0.0602007	0.0314277	0.00641341	0.0721864	0.0161368	0.0113274	0.0691202	0.020081	0.0731368	0.0348815	0.0667989	0.0391903	0.0174719	0.00196432	0.0196387
192	0.0313928	0.00686936	0.170398	0.297879	0.00235646	0.0356854	0.0343827	0.00432745	0.0797028	0.0126672	0.00729344	0.0427463	0.0144634	0.087718	0.0317457	0.0728417	0.0359224	0.0213018	0.00111759	0.00918834
193	0.0626159	0.0101728	0.128252	0.18179	0.00293821	0.0361722	0.0399289	0.00882471	0.0960334	0.0138522	0.00709805	0.0787208	0.0315621	0.0577265	0.0496852	0.0942896	0.0605578	0.0197058	0.000573896	0.0195006
194	0.0206723	0.0102431	0.00171155	0.00326674	0.420111	0.00909063	0.01408	0.0307874	0.00525373	0.0473403	0.0207816	0.0172611	0.0100563	0.00456702	0.00547442	0.0251483	0.024609	0.0426818	0.117427	0.169436
195	0.0192984	0.0108338	0.124593	0.0373002	0.0143596	0.0601537	0.0317464	0.00560381	0.0190426	0.00738966	0.00401633	0.227539	0.00571332	0.00731121	0.0178116	0.263814	0.108239	0.00819703	0.00263242	0.0244048
