249	20
1	0.126801	0.0358315	0.000926964	0.00103097	0.121227	0.0285452	0.00942902	0.0518514	0.00667455	0.258662	0.0160322	0.00822274	0.0252135	0.00676476	0.00889428	0.0550541	0.0546772	0.175227	0.00343247	0.00550259
2	0.0934753	0.0272906	0.00104288	0.00173552	0.133995	0.0113714	0.0111256	0.059413	0.00335178	0.331682	0.0272621	0.00718879	0.0145648	0.00340541	0.0144699	0.054459	0.0359457	0.159762	0.00159489	0.00686369
3	0.0933776	0.0272922	0.00104853	0.00173495	0.134037	0.0113603	0.0111206	0.0593806	0.00335938	0.331923	0.0272573	0.00719762	0.0145434	0.0034056	0.0144763	0.0545021	0.0359388	0.159634	0.0015849	0.00682594
4	0.0933366	0.0272511	0.00104012	0.00173568	0.134078	0.0113131	0.0111401	0.0595165	0.00333649	0.331937	0.027301	0.00718818	0.0145068	0.00339645	0.0144907	0.0544299	0.0358718	0.159665	0.00158581	0.0068804
5	0.124012	0.0350518	0.000942925	0.00107046	0.121998	0.0270563	0.0094155	0.0527879	0.00642946	0.262456	0.0164549	0.00805601	0.0247767	0.00640133	0.00909504	0.0556098	0.0540304	0.175223	0.00323147	0.00590067
6	0.126314	0.0358228	0.000926251	0.0010229	0.121459	0.028178	0.0095138	0.0519935	0.00665265	0.260038	0.0160981	0.00826109	0.0249612	0.00665923	0.00897407	0.0551148	0.0543438	0.174773	0.00335126	0.00554307
7	0.126696	0.0362924	0.00092479	0.00103833	0.121202	0.0285252	0.00949792	0.0518308	0.00666503	0.258348	0.0160554	0.00818004	0.0250965	0.00680294	0.00887762	0.0550539	0.0547623	0.175184	0.00349964	0.0054684
8	0.0141437	0.00170043	0.00119726	0.0032346	0.0238176	0.00230806	0.00147509	0.241429	0.00118162	0.309842	0.0369921	0.00148807	0.00201923	0.00134521	0.00276152	0.00399536	0.00503854	0.3438	0.000429463	0.00180058
9	0.105964	0.00355891	0.0449456	0.0894719	0.00642239	0.00723725	0.00733605	0.0671479	0.0689775	0.050574	0.0250274	0.0246555	0.232056	0.0838845	0.0276226	0.0725721	0.0175412	0.0586281	0.00134358	0.00503347
10	0.0796199	0.00793591	0.112975	0.0424812	0.0142111	0.077425	0.0288896	0.0303652	0.0403094	0.0294272	0.0184325	0.162274	0.0177846	0.0405547	0.0530701	0.107218	0.0737159	0.0424566	0.00315181	0.017703
11	0.0804373	0.00182342	0.0272607	0.0098641	0.00844628	0.735685	0.0054908	0.00232194	0.00234761	0.00572211	0.00238834	0.00457261	0.0214968	0.0104517	0.00767527	0.0437318	0.0102753	0.00988253	0.00907199	0.00105438
12	0.0255765	0.0011099	0.628107	0.0663072	0.00177833	0.0157916	0.0286959	0.003315	0.00405714	0.00562104	0.00167902	0.141497	0.00255057	0.0290762	0.01343	0.0171982	0.00861723	0.00377877	0.0006299	0.00118435
13	0.054683	0.0156096	0.00992282	0.0113901	0.328142	0.02838	0.0389241	0.0436056	0.00977826	0.113813	0.016364	0.0118578	0.0125887	0.0161902	0.0189382	0.0437742	0.0324664	0.0654161	0.0175546	0.110601
14	0.146812	0.00552364	0.0531834	0.111628	0.0166224	0.0365352	0.0254784	0.0180093	0.0902761	0.0185406	0.0135363	0.0367627	0.0210607	0.055352	0.104232	0.114865	0.070916	0.0478608	0.00285013	0.00995521
15	0.0582741	0.0143169	0.103039	0.109709	0.033914	0.00604653	0.0302612	0.0798148	0.0380542	0.0575415	0.0414454	0.0307449	0.00582497	0.116788	0.0406796	0.0555609	0.0668583	0.0735006	0.00217151	0.0354546
16	0.204415	0.00542217	0.00988477	0.0190555	0.0051273	0.0758971	0.0035308	0.0205077	0.0447472	0.0249511	0.00677201	0.0113676	0.106989	0.0621362	0.00667452	0.216153	0.122892	0.0486094	0.00179272	0.0030754
17	0.110926	0.00181976	0.0135975	0.031633	0.0048916	0.00377133	0.00920809	0.0125945	0.023333	0.017767	0.00427525	0.00546659	0.641191	0.00897883	0.0137101	0.0486816	0.0269591	0.015715	0.00176559	0.00371478
18	0.143487	0.00237233	0.0764589	0.0186346	0.00456154	0.0234359	0.0225868	0.00553282	0.0674573	0.054869	0.00417115	0.138428	0.107612	0.0253706	0.101665	0.139918	0.0333693	0.0241819	0.00127098	0.0046165
19	0.184417	0.00891121	0.0157003	0.0227834	0.00460811	0.081372	0.00293584	0.00475606	0.0140427	0.00598803	0.00288325	0.0235321	0.0157714	0.00540464	0.0132983	0.474149	0.0905675	0.0224607	0.00391484	0.00250316
20	0.00871592	0.00191596	0.00129782	0.0052535	0.0462086	0.001076	0.00236001	0.3425	0.00101669	0.287076	0.0524967	0.00127942	0.00185731	0.00118567	0.00265251	0.00380415	0.00513538	0.22957	0.000232987	0.00436612
21	0.117916	0.00657581	0.0105758	0.0242675	0.0248991	0.00823606	0.00897385	0.0170448	0.0184721	0.0801254	0.00735801	0.00810411	0.484674	0.00936293	0.0157293	0.0752432	0.0331459	0.0430666	0.00159332	0.00463642
22	0.0376399	0.0183335	0.0267243	0.0883915	0.0173707	0.1058	0.143543	0.00339469	0.0572242	0.019496	0.00207916	0.0914967	0.00192452	0.0990882	0.116248	0.12169	0.0133173	0.00496082	0.00105189	0.0302259
23	0.0701969	0.0217994	0.027505	0.0296973	0.0736186	0.0802652	0.0322096	0.0401761	0.0274786	0.0677957	0.0153201	0.018449	0.020562	0.0291305	0.0474204	0.0743067	0.0597464	0.0618758	0.149884	0.0525628
24	0.0574164	0.00108432	0.054984	0.0558463	0.00209719	0.019574	0.00894993	0.0213216	0.151104	0.0279662	0.0232453	0.0813867	0.00653373	0.0795906	0.157723	0.0572425	0.131363	0.0552498	0.000407145	0.00691441
25	0.10579	0.00517228	0.0165127	0.0144386	0.029468	0.0148121	0.00578484	0.117995	0.00991691	0.124405	0.0390144	0.0235276	0.0112868	0.0134278	0.019022	0.08156	0.178211	0.179704	0.00325466	0.00669701
26	0.0460188	0.013519	0.0528708	0.0276065	0.0215641	0.0312799	0.0344908	0.0237014	0.0400669	0.0274417	0.00869896	0.0942806	0.00256777	0.0367819	0.0213634	0.306366	0.148472	0.00936633	0.00127538	0.0522671
27	0.0705923	0.00215123	0.0371756	0.0108954	0.00796065	0.714112	0.0065759	0.00369675	0.0063161	0.00602447	0.0026992	0.013883	0.0187318	0.0121194	0.0141854	0.0406239	0.0118583	0.0100454	0.00823672	0.00211599
28	0.0294093	0.0384426	0.0076711	0.0147103	0.139959	0.00485178	0.104437	0.0806866	0.00315222	0.0705244	0.0151755	0.0324993	0.0124827	0.0317175	0.0216209	0.0390038	0.0992268	0.0832677	0.0237231	0.147439
29	0.0291287	0.000233288	0.000661903	0.000775594	0.00733811	0.00450245	0.000607759	0.248982	0.000651626	0.072782	0.00855168	0.000611575	0.000393293	0.000721984	0.000757247	0.00361336	0.00504534	0.613652	0.000166417	0.000823329
30	0.0607181	0.00765512	0.0536933	0.14921	0.0150144	0.021662	0.0479558	0.0282675	0.0464023	0.066973	0.023119	0.0268056	0.0200707	0.193591	0.0700947	0.0582675	0.0500027	0.0433061	0.00502288	0.0121681
31	0.0146157	0.0254342	0.00491731	0.00973232	0.18936	0.00366688	0.0870381	0.0369802	0.00214489	0.108368	0.00995954	0.00609679	0.00441614	0.0169186	0.0122588	0.0276072	0.0231627	0.0546875	0.0236775	0.338957
32	0.0268932	0.000219408	0.000646635	0.000747372	0.00729939	0.00479001	0.000514145	0.267691	0.000670649	0.066728	0.00663911	0.000600869	0.000412585	0.000759939	0.000764366	0.00331928	0.00454613	0.605903	0.000205028	0.000649765
33	0.118367	0.0243652	0.0480535	0.113199	0.00281934	0.122877	0.00440273	0.00657605	0.0727324	0.00772355	0.00311747	0.021977	0.0676687	0.0758854	0.00854683	0.198636	0.0757959	0.0219838	0.00203688	0.00323526
34	0.368572	0.0317241	0.00471807	0.00387652	0.00712495	0.0895946	0.00254013	0.00689056	0.00323262	0.0033214	0.00240339	0.00314334	0.0340109	0.0028779	0.0101058	0.351266	0.0332297	0.0310384	0.00848982	0.00184053
35	0.0889166	0.00247072	0.0300085	0.0109419	0.00893468	0.695473	0.00618062	0.00353438	0.00333564	0.0079317	0.00298726	0.00592161	0.0269748	0.0109707	0.00845921	0.0515041	0.0119523	0.0113771	0.00896792	0.00315735
36	0.0503986	0.00330708	0.0361487	0.047115	0.00596606	0.00931579	0.122305	0.00848954	0.0367808	0.0349939	0.00745606	0.00984139	0.0626669	0.415551	0.0482469	0.0185737	0.0584586	0.0184676	0.00229893	0.00361789
37	0.0255095	0.00370797	0.0351408	0.0143339	0.00570311	0.00868798	0.0441257	0.0111433	0.114991	0.0115814	0.0771569	0.0364045	0.00662988	0.195126	0.0700531	0.0228135	0.282881	0.0273775	0.00173843	0.00489559
38	0.0276251	0.00957812	0.00534276	0.0108515	0.0759791	0.00522108	0.00737561	0.0612116	0.00361146	0.444472	0.180587	0.00444231	0.00766574	0.00560831	0.0104905	0.019134	0.0141041	0.0924757	0.00332809	0.0108957
39	0.0454789	0.0115205	0.00151114	0.00317174	0.0939094	0.00538722	0.0105719	0.225128	0.0021528	0.268697	0.0355035	0.00421325	0.00650561	0.0029369	0.00760205	0.0241774	0.0197727	0.20693	0.00179212	0.0230369
40	0.0297126	0.00886395	0.00140519	0.00408053	0.0700025	0.00359759	0.00474588	0.215833	0.00161714	0.350191	0.0540531	0.00306829	0.00525562	0.00204876	0.00676716	0.0170151	0.0123264	0.203613	0.00079604	0.00500769
41	0.18997	0.00268862	0.00724247	0.00863341	0.00471446	0.00723301	0.00472422	0.0975181	0.00851543	0.0101481	0.00546245	0.0245266	0.299656	0.0300456	0.00921627	0.0795617	0.0612871	0.142827	0.00174399	0.00428535
42	0.0293363	0.000241289	0.000692613	0.000995878	0.00982636	0.00397959	0.000743011	0.236413	0.000666779	0.088817	0.00991414	0.000661023	0.000441802	0.000750776	0.000866163	0.00388477	0.00522343	0.605207	0.000164246	0.00117435
43	0.115536	0.00174531	0.0089805	0.0304554	0.0035915	0.00397805	0.00766256	0.0106142	0.0215551	0.0149037	0.00245068	0.00320955	0.651508	0.0066188	0.0127484	0.0573495	0.0277511	0.0156037	0.000948379	0.00278986
44	0.068149	0.00523375	0.0754707	0.188849	0.00391845	0.0200755	0.050764	0.0124855	0.0665795	0.0232373	0.0292149	0.0319798	0.0181192	0.159793	0.102773	0.0294657	0.0412178	0.0676865	0.000740481	0.00424684
45	0.0642681	0.00426482	0.0841693	0.0241297	0.00872319	0.37593	0.011374	0.0114627	0.0283491	0.0119411	0.00574194	0.0873667	0.0147866	0.0205774	0.0367606	0.128069	0.0518383	0.019613	0.00335262	0.0072821
46	0.206225	0.00590914	0.0937693	0.0454167	0.0325713	0.0528346	0.00984218	0.0335659	0.0703855	0.0118255	0.00460334	0.0120868	0.00716215	0.0155756	0.0800329	0.162598	0.0677621	0.062383	0.00275463	0.0226956
47	0.044631	0.05741	0.00576106	0.00622856	0.13591	0.00713256	0.274863	0.0137944	0.00472218	0.0168892	0.00676499	0.0226644	0.00499926	0.0382329	0.026004	0.0678364	0.0163474	0.0170846	0.00282657	0.229897
48	0.314054	0.0151162	0.0222948	0.0220069	0.0243657	0.069885	0.0160588	0.0274797	0.0219759	0.0340717	0.0138232	0.019847	0.0381725	0.0226633	0.0249674	0.160735	0.0608033	0.0712361	0.00538532	0.015058
49	0.0385229	0.000254682	0.00061955	0.00063515	0.00239878	0.00489976	0.000491991	0.170859	0.000610183	0.0460536	0.00701156	0.000598469	0.000419012	0.000738568	0.000725078	0.00465422	0.00566889	0.71427	0.000166247	0.000402973
50	0.0399751	0.00206291	0.0196246	0.0244482	0.00411777	0.0126039	0.0150281	0.0199068	0.262528	0.0264955	0.0162908	0.024879	0.0100589	0.0625796	0.310045	0.0428596	0.0609682	0.035797	0.00514928	0.0045813
51	0.0405797	0.0107895	0.00558742	0.0109176	0.0676919	0.00875006	0.010574	0.110927	0.00869751	0.37796	0.0836111	0.00877102	0.013705	0.00766443	0.0154824	0.0280644	0.0225316	0.144068	0.00350011	0.0201272
52	0.0710253	0.00133324	0.0389209	0.0113918	0.00992748	0.698993	0.00771372	0.00470825	0.00605718	0.00728216	0.00300504	0.0180357	0.017651	0.0121746	0.0150143	0.0410736	0.0111843	0.0129574	0.00770172	0.00384934
53	0.089458	0.00595527	0.0477565	0.0914424	0.00862637	0.053479	0.00954458	0.0370127	0.0198583	0.0398684	0.00841807	0.197487	0.0111175	0.0462594	0.0155549	0.199508	0.0647606	0.0410471	0.0025148	0.0103314
54	0.0227435	0.00170734	0.604763	0.0648759	0.00328081	0.0812749	0.0245688	0.00763166	0.0111441	0.0161488	0.00267121	0.0610854	0.0058364	0.0259614	0.0221366	0.0223276	0.0124234	0.00651761	0.00118344	0.00171763
55	0.395096	0.0241758	0.00584694	0.00503145	0.00752033	0.168951	0.00521272	0.00570887	0.00346861	0.00360454	0.00228038	0.00589887	0.0183567	0.00439281	0.00697232	0.270589	0.0299902	0.0280691	0.00447239	0.00436125
56	0.0517051	0.00771449	0.0426479	0.0421369	0.0271622	0.0335502	0.0133654	0.0124106	0.0467855	0.0290489	0.00699442	0.0393442	0.00358061	0.028203	0.0124768	0.385665	0.159128	0.00898478	0.00209064	0.0470058
57	0.0313551	0.00074873	0.00099548	0.00127466	0.0132551	0.00449365	0.0012963	0.257711	0.000846045	0.0942819	0.0115117	0.000950402	0.000688385	0.00103983	0.00127276	0.00509882	0.00653259	0.564662	0.000276196	0.00170953
58	0.0407883	0.00834806	0.0141332	0.123633	0.0195691	0.0759311	0.112904	0.00295704	0.0616949	0.0223654	0.0019745	0.053382	0.00231159	0.126073	0.1667	0.121517	0.0191742	0.00497285	0.000636427	0.0209337
59	0.0525248	0.00657414	0.0392381	0.0501897	0.0154696	0.0148301	0.0927618	0.018954	0.0425825	0.0304347	0.0226096	0.0231209	0.0391553	0.273523	0.0561791	0.0524028	0.118655	0.032847	0.00370678	0.0142417
60	0.059035	0.000523468	0.0554495	0.0366442	0.00119518	0.0220547	0.00641116	0.0197643	0.156202	0.0292233	0.0235884	0.0964683	0.0058644	0.0706423	0.165115	0.0674794	0.12279	0.0537917	0.000196602	0.00756054
61	0.02353	0.0251096	0.0136844	0.0266166	0.134937	0.00567021	0.0668067	0.0859789	0.00279997	0.100369	0.013085	0.0205196	0.00955129	0.0382163	0.035069	0.034183	0.0660012	0.117557	0.052303	0.128012
62	0.0212413	0.0475707	0.00641173	0.00789367	0.162507	0.00957333	0.109216	0.0258176	0.00586179	0.0556121	0.00827215	0.0107358	0.00463277	0.0184339	0.0128109	0.0421846	0.0223215	0.0335579	0.0113775	0.383968
63	0.394288	0.0225892	0.00326222	0.00377192	0.00667902	0.0699542	0.00249301	0.0166315	0.00398018	0.00682358	0.00405916	0.0037743	0.019284	0.00319254	0.00645591	0.336015	0.0410408	0.0483705	0.00401624	0.00331907
64	0.00421299	0.00037632	0.000938929	0.00212335	0.0242071	0.00093099	0.00140697	0.381736	0.00100216	0.26502	0.0179461	0.0010912	0.0006554	0.0011058	0.00121877	0.00255942	0.00388227	0.286319	0.000332713	0.00293453
65	0.0983032	0.00694449	0.02082	0.0174736	0.0140611	0.0223981	0.0146317	0.0673436	0.0233452	0.0260024	0.0269628	0.0339833	0.0146581	0.0206335	0.0202151	0.219434	0.283677	0.0493733	0.0042294	0.0155101
66	0.0416227	0.0136672	0.00335242	0.0064198	0.274086	0.00761755	0.0129288	0.0642799	0.00340501	0.298612	0.0533594	0.00513274	0.0085606	0.00629491	0.0110934	0.0241197	0.0204311	0.0994555	0.0132609	0.0322994
67	0.124167	0.0887877	0.00986695	0.00854623	0.00843281	0.0831546	0.00688972	0.0359788	0.010311	0.0138039	0.0658984	0.0580809	0.00771112	0.0120057	0.0630639	0.211544	0.0803729	0.102242	0.00363329	0.00550954
68	0.203818	0.0189493	0.0127048	0.00417435	0.090992	0.0310393	0.00769587	0.0388208	0.00788755	0.166325	0.015682	0.0221446	0.0169798	0.00945945	0.0133827	0.114708	0.0563786	0.15847	0.00289744	0.0074904
69	0.27566	0.00885974	0.00475019	0.00762357	0.0125445	0.034849	0.00349165	0.0370962	0.0135173	0.0262014	0.0161695	0.0120226	0.0151216	0.0071649	0.00698353	0.317287	0.118948	0.0647412	0.00354687	0.0134207
70	0.0618137	0.000480367	0.0529627	0.0352877	0.00126813	0.0227785	0.00677187	0.0183913	0.154103	0.030211	0.0250814	0.0939092	0.00643207	0.0703737	0.167631	0.0690692	0.122169	0.0540769	0.00023848	0.00695063
71	0.00467706	0.000332588	0.00078573	0.00230562	0.0292768	0.000922106	0.00163283	0.406335	0.000896542	0.24714	0.0227573	0.000933346	0.000540018	0.000952998	0.00113852	0.00235041	0.00422865	0.268927	0.000274651	0.00359272
72	0.0836361	0.00243454	0.0310186	0.0173775	0.00774435	0.0214411	0.0167666	0.0139983	0.121443	0.0460073	0.0150958	0.110477	0.0220594	0.0464203	0.158288	0.160607	0.0844321	0.0322677	0.00203279	0.00645184
73	0.0385717	0.000253613	0.000619403	0.000632815	0.00237453	0.00488648	0.000489976	0.170411	0.000611534	0.0460433	0.00701747	0.000598497	0.000419536	0.000739375	0.000723921	0.00467006	0.00566344	0.714703	0.000166749	0.000404196
74	0.107904	0.00405795	0.0156771	0.0255026	0.01244	0.030863	0.00770536	0.0122364	0.0195298	0.0173369	0.0106644	0.0205437	0.012167	0.0189855	0.0144943	0.429087	0.185411	0.0298376	0.0198286	0.00572701
75	0.0844953	0.000758545	0.00245018	0.00269477	0.00493534	0.0163733	0.00151352	0.200983	0.00254479	0.0383639	0.00758599	0.00193163	0.00123852	0.0029837	0.00286389	0.00719211	0.0161846	0.60296	0.000641377	0.00130535
76	0.0723334	0.0013164	0.0650205	0.0642817	0.0049808	0.0125148	0.00455016	0.123066	0.00713735	0.138401	0.0703018	0.0328544	0.0142484	0.0269199	0.0160477	0.0354232	0.0943388	0.213245	0.00101675	0.00200196
77	0.00569565	0.000290107	0.000758344	0.0025301	0.0357449	0.000801211	0.0017637	0.421873	0.000776332	0.219747	0.0286695	0.000768338	0.000449538	0.000917587	0.000884521	0.00215271	0.00442228	0.267092	0.000208444	0.00445453
78	0.116628	0.00448985	0.071729	0.0319093	0.0092862	0.0135373	0.0375799	0.0118549	0.0211391	0.0166579	0.00579591	0.0183944	0.278993	0.0237189	0.0258939	0.188991	0.0510903	0.0429669	0.00256049	0.0267835
79	0.00569565	0.000290107	0.000758344	0.0025301	0.0357449	0.000801211	0.0017637	0.421873	0.000776332	0.219747	0.0286695	0.000768338	0.000449538	0.000917587	0.000884521	0.00215271	0.00442228	0.267092	0.000208444	0.00445453
80	0.043468	0.00501064	0.0290472	0.101629	0.0120151	0.0429368	0.0866659	0.00976184	0.0889679	0.0304691	0.00998638	0.0444347	0.0113341	0.155407	0.186113	0.0719403	0.0339222	0.022858	0.000770979	0.0132621
81	0.0687084	0.0070612	0.0348798	0.0383966	0.0121891	0.0249625	0.0247285	0.0277429	0.0597474	0.0281105	0.0311014	0.0356187	0.0169664	0.123683	0.0597624	0.0828036	0.255016	0.0506075	0.00514674	0.0127677
82	0.0554353	0.00891963	0.0171716	0.0165613	0.0495274	0.009005	0.0148692	0.102458	0.00543919	0.286235	0.0661849	0.0214531	0.00955868	0.0103797	0.0233716	0.0339355	0.062506	0.199461	0.00136038	0.00616745
83	0.0170318	0.0305647	0.00414035	0.0066297	0.187846	0.00759075	0.10864	0.025979	0.00343802	0.0623853	0.00823293	0.00844765	0.00374173	0.0151914	0.0121598	0.0341015	0.0182278	0.0336392	0.0125969	0.399415
84	0.0839698	0.00273888	0.0245371	0.0152282	0.00476172	0.109666	0.00434967	0.00622707	0.0146275	0.00717389	0.00379581	0.0780788	0.00705052	0.00612724	0.0137667	0.500576	0.0911092	0.0180127	0.00325481	0.00494817
85	0.15433	0.0078515	0.0212645	0.0130037	0.00709903	0.500293	0.00493824	0.0051389	0.00919118	0.00748934	0.00320859	0.00576715	0.0362018	0.015067	0.00808335	0.126861	0.0461208	0.0192343	0.00691931	0.00193732
86	0.150676	0.0776817	0.0705681	0.0266271	0.0221809	0.176736	0.0185144	0.018874	0.0204937	0.0259118	0.0123765	0.0199159	0.0208909	0.0228125	0.0232786	0.0911903	0.0406692	0.036324	0.113799	0.0104788
87	0.0306453	0.00181283	0.579222	0.0800516	0.0022506	0.0184095	0.027012	0.00525145	0.00928058	0.00666364	0.0034193	0.129009	0.00714858	0.0369511	0.0165869	0.0225938	0.0126636	0.00838848	0.000640781	0.00199917
88	0.201184	0.00433966	0.00638309	0.00869739	0.0112006	0.0215928	0.00535674	0.0256344	0.0185305	0.0386706	0.0164456	0.0173159	0.0755366	0.025756	0.0103874	0.263954	0.151536	0.0848657	0.0054487	0.00716443
89	0.0186696	0.0250764	0.0096404	0.0196054	0.157033	0.00578509	0.0778779	0.0773501	0.00259639	0.0937285	0.0108428	0.0135633	0.00774165	0.0288941	0.0241157	0.0317356	0.0462209	0.0875129	0.0496032	0.212407
90	0.388246	0.0318136	0.00319933	0.00305197	0.00621543	0.0932963	0.00178205	0.00746972	0.00210533	0.00284257	0.00186573	0.00242253	0.0228636	0.00213673	0.00662152	0.346073	0.0353883	0.0361895	0.00502293	0.001394
91	0.0207316	0.0256879	0.0120658	0.0254352	0.145095	0.00599436	0.0685107	0.0794799	0.00262958	0.10594	0.0117269	0.0168195	0.00869167	0.0365981	0.0315954	0.0311711	0.0560053	0.111047	0.0602537	0.144521
92	0.350472	0.0088326	0.0145998	0.00882007	0.0168344	0.186455	0.0330452	0.00836872	0.0122676	0.0126453	0.00678892	0.0407807	0.00824113	0.0100572	0.021721	0.138836	0.027232	0.0240841	0.00340144	0.0665166
93	0.0247042	0.0157152	0.0130178	0.0218847	0.365459	0.0119255	0.0464416	0.0343245	0.00548758	0.101308	0.00782905	0.00990941	0.0109165	0.0230137	0.0170816	0.0248057	0.0290928	0.0498737	0.0799708	0.107239
94	0.0467278	0.00107563	0.0612351	0.067593	0.0020199	0.0164172	0.0294486	0.0262468	0.158648	0.0487628	0.0259865	0.0672707	0.00601168	0.113897	0.182997	0.0280745	0.0580779	0.0504379	0.000360961	0.00871069
95	0.0741874	0.00133087	0.0385856	0.00887387	0.0109977	0.732946	0.00526845	0.00295115	0.00166571	0.00600696	0.00289098	0.00504524	0.0191146	0.0122011	0.00741208	0.0400918	0.00925697	0.0118258	0.00826069	0.00108734
96	0.108772	0.00186768	0.0162147	0.0929913	0.0136197	0.033116	0.0533603	0.0776749	0.0881034	0.0233572	0.0370523	0.00419619	0.002838	0.0631841	0.0323964	0.0425727	0.0517098	0.243901	0.000940036	0.0121327
97	0.150867	0.00501848	0.134922	0.257164	0.0103921	0.0121877	0.0122946	0.0158614	0.0176757	0.0153251	0.0139217	0.0125225	0.00926792	0.0929682	0.021703	0.0762625	0.0749293	0.0605493	0.00144821	0.0047196
98	0.0616129	0.0040536	0.436726	0.112639	0.00337633	0.0406639	0.0153602	0.00560207	0.0473054	0.00870768	0.00275133	0.0513257	0.0600048	0.0195844	0.0202116	0.0588808	0.0335837	0.00950382	0.00109694	0.00701012
99	0.0255765	0.0011099	0.628107	0.0663072	0.00177833	0.0157916	0.0286959	0.003315	0.00405714	0.00562104	0.00167902	0.141497	0.00255057	0.0290762	0.01343	0.0171982	0.00861723	0.00377877	0.0006299	0.00118435
100	0.111973	0.000841484	0.00731325	0.0318266	0.00204117	0.00168431	0.00680671	0.0079598	0.0215935	0.0133526	0.00122717	0.00178258	0.707538	0.00274678	0.010691	0.0420024	0.0175593	0.00889804	0.000459994	0.00170305
101	0.172989	0.00347142	0.0158164	0.034772	0.0145421	0.0389035	0.00590142	0.0176821	0.0197124	0.0305535	0.0118334	0.0136705	0.0120275	0.0206488	0.00816077	0.335262	0.198985	0.0298473	0.00447841	0.0107427
102	0.0872183	0.218616	0.0234261	0.0257429	0.0514477	0.037901	0.040406	0.0316759	0.0237575	0.0575898	0.0199532	0.0256182	0.0222595	0.0281291	0.0326671	0.0865625	0.0506434	0.0590498	0.0136667	0.0636691
103	0.0756141	0.00274943	0.0295381	0.0108494	0.00903637	0.714613	0.00634605	0.00302905	0.00252811	0.00706444	0.00293928	0.00624599	0.0207068	0.0111402	0.00900245	0.0431473	0.0115214	0.010481	0.0206322	0.00281564
104	0.113814	0.00264558	0.0142531	0.0324403	0.00581422	0.00795339	0.0100747	0.011673	0.0223676	0.018931	0.00357102	0.00709681	0.595505	0.00922116	0.014746	0.0779163	0.0288386	0.0180113	0.0009989	0.00412738
105	0.00563904	0.000289061	0.000756418	0.00252337	0.0356178	0.000805058	0.00175643	0.422298	0.000774802	0.219099	0.0284897	0.000769095	0.000449463	0.000920485	0.000887203	0.00214977	0.00440825	0.267716	0.000208445	0.00444159
106	0.00361858	0.00026193	0.000703816	0.00188557	0.0257421	0.00125124	0.00111481	0.432998	0.000740745	0.186507	0.0174991	0.000729323	0.000434323	0.000815912	0.000898656	0.00208994	0.00316057	0.316584	0.000207451	0.00275651
107	0.108952	0.00840798	0.238245	0.0557235	0.0161902	0.0393315	0.020407	0.0815569	0.028951	0.0414483	0.0201367	0.0408625	0.0198046	0.0383846	0.0366208	0.0648239	0.0597352	0.0635474	0.00449991	0.0123718
108	0.334726	0.00407015	0.0539435	0.00764134	0.0476832	0.0758764	0.00617817	0.00809908	0.00800938	0.0583462	0.00548095	0.0883663	0.00472983	0.00767377	0.0285999	0.117823	0.046022	0.0898757	0.00181144	0.00504354
109	0.00847381	0.000271571	0.000671943	0.00151965	0.0220427	0.00203169	0.000947709	0.401859	0.000747919	0.146469	0.0131546	0.000680496	0.000438382	0.000735625	0.000825874	0.00228609	0.00319648	0.391376	0.000206251	0.00206532
110	0.159172	0.0231712	0.00876869	0.00475649	0.108437	0.0269954	0.0094594	0.0457698	0.00650421	0.225364	0.0205798	0.0177364	0.0178401	0.00849208	0.013647	0.0873387	0.05175	0.152945	0.00290821	0.00836509
111	0.00569565	0.000290107	0.000758344	0.0025301	0.0357449	0.000801211	0.0017637	0.421873	0.000776332	0.219747	0.0286695	0.000768338	0.000449538	0.000917587	0.000884521	0.00215271	0.00442228	0.267092	0.000208444	0.00445453
112	0.03257	0.00243917	0.00576952	0.00526313	0.00410912	0.00615271	0.00492933	0.00725827	0.509177	0.00764383	0.00481803	0.00530233	0.00676707	0.0307458	0.291048	0.0159679	0.0439133	0.0113591	0.00176091	0.00300578
113	0.198444	0.00299521	0.0105322	0.0295178	0.0057672	0.0330509	0.00382322	0.0327904	0.046984	0.0424814	0.0255226	0.0436723	0.0331986	0.0638841	0.0166922	0.105358	0.236709	0.0608728	0.00242132	0.00528303
114	0.011395	0.0045187	0.00317561	0.00829436	0.0551891	0.00165777	0.00244219	0.182411	0.00156462	0.440008	0.121759	0.00196081	0.00445781	0.00202817	0.00555972	0.0053503	0.00558482	0.138771	0.00046651	0.0034045
115	0.0245629	0.0106426	0.00407117	0.0104742	0.0702559	0.00203324	0.00435389	0.0522733	0.00187198	0.524564	0.14795	0.00359148	0.00680766	0.00237684	0.0111143	0.0161041	0.00888653	0.0951919	0.000583855	0.00229048
116	0.0282954	0.000368731	0.000812426	0.00113449	0.0102375	0.00364404	0.000849083	0.242412	0.000764553	0.116225	0.0106425	0.000773475	0.000563047	0.000856779	0.000958276	0.00391168	0.00496612	0.570977	0.000221343	0.00138562
117	0.0301079	0.00131137	0.00403539	0.00393602	0.00267615	0.0098225	0.00254337	0.10631	0.185448	0.0715262	0.0270533	0.003825	0.0138076	0.0302432	0.223688	0.0811173	0.0891914	0.0919622	0.0195006	0.00189516
118	0.076496	0.00880213	0.104475	0.0417748	0.0167424	0.076858	0.0317655	0.0269107	0.0430108	0.0294959	0.0170111	0.17203	0.0215678	0.0401817	0.055585	0.10201	0.0650588	0.037012	0.00438149	0.0288309
119	0.0734301	0.00119149	0.0281763	0.00931407	0.00820998	0.754771	0.00551784	0.00201884	0.00162656	0.00570496	0.00235509	0.00394619	0.020903	0.0102231	0.00737431	0.0375536	0.00873022	0.00875499	0.00930923	0.000889369
120	0.0270468	0.0028388	0.241344	0.0152256	0.00588408	0.460881	0.00874755	0.0226713	0.0175469	0.00869568	0.00367777	0.0706503	0.00507169	0.0147758	0.0345145	0.0307843	0.0136755	0.0102809	0.00262343	0.00306355
121	0.0163507	0.0212664	0.00506247	0.0091392	0.304172	0.00426531	0.0679676	0.0335719	0.00274004	0.10771	0.00925569	0.00645357	0.0046608	0.0155724	0.0120411	0.0243289	0.0216197	0.0467622	0.0246127	0.262447
122	0.0741976	0.0101215	0.0597568	0.134854	0.0214061	0.0430506	0.0409522	0.0268578	0.0868137	0.0253009	0.0165973	0.0441624	0.0267671	0.0638334	0.072943	0.0876393	0.0549384	0.0461076	0.00424423	0.0594556
123	0.0651187	0.00807088	0.134625	0.14322	0.044405	0.00651865	0.0153533	0.0927584	0.0200651	0.0504798	0.0253792	0.0186145	0.00595313	0.0942734	0.0225122	0.0676089	0.0779291	0.0893452	0.00136854	0.0164003
124	0.150768	0.00600136	0.0260685	0.0113388	0.0122627	0.54922	0.00703273	0.00942981	0.00598837	0.0151517	0.00450378	0.011038	0.0192936	0.0119363	0.0124138	0.0760783	0.0220693	0.0397541	0.00678413	0.00286698
125	0.112813	0.00137678	0.012644	0.0365338	0.00260039	0.00421336	0.00734574	0.00892669	0.02357	0.0140266	0.00209255	0.0040803	0.669423	0.00556668	0.012969	0.04695	0.0210389	0.0106794	0.000741864	0.00240836
126	0.0231654	0.0191357	0.024991	0.0491796	0.153115	0.0230372	0.0741388	0.0533671	0.00617572	0.0911863	0.0102289	0.0133538	0.0212764	0.0413075	0.0246513	0.0284058	0.0411233	0.0870088	0.0958891	0.119264
127	0.0370575	0.0326045	0.013144	0.0168104	0.084785	0.00546434	0.0722418	0.112076	0.00622028	0.0631128	0.0144964	0.0584726	0.00995051	0.0491295	0.0215308	0.0460986	0.133199	0.102221	0.01637	0.105015
128	0.297903	0.0669589	0.0090824	0.00926707	0.00822038	0.106144	0.00495202	0.0105016	0.00859136	0.0078001	0.0106484	0.0119208	0.0218347	0.00812901	0.015722	0.3093	0.0424151	0.0405527	0.00690832	0.00314877
129	0.116126	0.000956836	0.00787919	0.0310805	0.00233353	0.00231583	0.00832962	0.00808086	0.0213021	0.0132125	0.00147797	0.00198304	0.690685	0.00300118	0.0105669	0.0503444	0.0179715	0.00979506	0.00053956	0.00201861
130	0.00706189	0.000509977	0.00158924	0.00306708	0.03069	0.00164969	0.00198227	0.397234	0.00175187	0.243749	0.0253298	0.00185922	0.00100765	0.00186534	0.00205773	0.00424223	0.00592971	0.263739	0.000390507	0.0042941
131	0.108036	0.00337276	0.0214264	0.0220289	0.0315451	0.0108974	0.0204236	0.0198047	0.0216029	0.0529165	0.0125549	0.0192804	0.180574	0.0485651	0.0615944	0.214094	0.100448	0.0370021	0.00653582	0.00729752
132	0.0739304	0.00122215	0.0281173	0.00932124	0.0082216	0.753161	0.00552855	0.00201224	0.00170128	0.00576824	0.00241424	0.00398533	0.0211079	0.0102683	0.00736493	0.0376367	0.00895893	0.00882086	0.00957061	0.000888331
133	0.0478322	0.0179326	0.0166848	0.0241794	0.113052	0.0217779	0.0386973	0.0529606	0.0248935	0.125561	0.0180819	0.0153388	0.0165238	0.0293687	0.0470523	0.0541787	0.0534744	0.082639	0.126429	0.0733415
134	0.0787215	0.00278169	0.00783674	0.00650409	0.00590097	0.0070675	0.00505629	0.243385	0.0282132	0.0110341	0.199758	0.0493369	0.0049845	0.00896529	0.00846494	0.0658975	0.224536	0.0351373	0.00175846	0.00466083
135	0.0303315	0.000239808	0.000632564	0.000650608	0.00509763	0.00558217	0.000550878	0.244826	0.000652287	0.0524304	0.00550596	0.000584804	0.000434002	0.000771511	0.000789303	0.00353015	0.00496152	0.641814	0.00018719	0.000427644
136	0.0649861	0.00570142	0.0429316	0.092916	0.0242564	0.00810475	0.00582301	0.0410068	0.00939815	0.319131	0.128653	0.0131926	0.010313	0.0196151	0.0128857	0.0687542	0.0304869	0.0947188	0.00204353	0.00508217
137	0.169546	0.00895072	0.018877	0.0245282	0.00849933	0.0807092	0.0081842	0.00954226	0.0424275	0.011215	0.00576691	0.0293238	0.0185905	0.0165523	0.02449	0.401301	0.0807572	0.030752	0.00397657	0.0060102
138	0.0948566	0.00639706	0.0184179	0.014848	0.0179674	0.0144734	0.0231019	0.0847884	0.0358032	0.0753742	0.0436931	0.0840613	0.0101624	0.0210627	0.0211726	0.19356	0.129757	0.0680433	0.00361753	0.038842
139	0.0567151	0.00488953	0.0342024	0.0354323	0.008364	0.102723	0.0222521	0.0207169	0.13359	0.0276574	0.0152616	0.0584368	0.0113311	0.0483604	0.208628	0.101018	0.0561507	0.0368986	0.00676532	0.010606
140	0.392769	0.0264365	0.00331602	0.00342852	0.00642282	0.0842694	0.0020224	0.00987816	0.00335368	0.00448561	0.00218901	0.0024995	0.0299166	0.00347968	0.00606323	0.329305	0.0414416	0.0420969	0.00477032	0.00185616
141	0.0384682	0.000253411	0.00061624	0.000637283	0.00251287	0.00487603	0.000494281	0.171081	0.000612937	0.0465704	0.0070798	0.000598079	0.000417543	0.000738382	0.000723626	0.00466459	0.00563941	0.713435	0.000166645	0.000413987
142	0.0334363	0.00265838	0.00626439	0.00758274	0.00468532	0.00857484	0.00873678	0.0104147	0.32078	0.0115312	0.00676375	0.00535207	0.011568	0.0313734	0.444151	0.02431	0.036236	0.0182229	0.00341182	0.00394663
143	0.0139631	0.033105	0.00275855	0.00443788	0.191406	0.00428129	0.116326	0.0206471	0.00254732	0.0602326	0.00781178	0.00577582	0.0026278	0.0127811	0.00740577	0.0322984	0.0128441	0.0277642	0.00946735	0.431518
144	0.00339346	0.000263329	0.000720377	0.00173688	0.0239682	0.00139725	0.00097706	0.434708	0.000746999	0.176815	0.0155309	0.000707813	0.000438675	0.00080661	0.000865491	0.00207491	0.00293356	0.329301	0.000208786	0.00240548
145	0.0547968	0.00372955	0.313825	0.0509562	0.00709274	0.160034	0.0221048	0.012266	0.0350736	0.0151098	0.00710201	0.069911	0.0156695	0.0297949	0.0648412	0.0799298	0.0306193	0.0171789	0.00228956	0.00767499
146	0.139613	0.00185055	0.0119837	0.0213145	0.00324441	0.0585249	0.00447628	0.00492092	0.0255446	0.00467908	0.00244025	0.0370398	0.00636276	0.00375939	0.0247552	0.518397	0.0917029	0.0330236	0.00437051	0.00199615
147	0.108902	0.00694562	0.206657	0.13399	0.00146154	0.0303522	0.0151375	0.00235493	0.0553636	0.00423537	0.00174164	0.0859245	0.13107	0.0233985	0.0302644	0.0914113	0.0443672	0.0106485	0.000472914	0.0153007
148	0.037542	0.014365	0.0257324	0.0952215	0.0189166	0.0793081	0.158815	0.00419242	0.0552244	0.0206062	0.00317778	0.0744452	0.00279698	0.111263	0.135216	0.108629	0.0162831	0.00761971	0.000833456	0.0298119
149	0.0157334	0.0303918	0.00253344	0.00419277	0.204109	0.00463109	0.133123	0.0189738	0.00269185	0.0478673	0.00780316	0.00680751	0.00244851	0.0129269	0.00776555	0.0384298	0.0119588	0.0247533	0.00707694	0.415782
150	0.254837	0.00181041	0.0417959	0.0273737	0.0541893	0.0190264	0.0305945	0.00821659	0.100235	0.00691671	0.00288379	0.0245163	0.00410656	0.0280385	0.0657301	0.159255	0.126704	0.0374132	0.00201805	0.00433887
151	0.0302583	0.000401978	0.00137889	0.00173543	0.00825825	0.00439016	0.000822556	0.240647	0.00163176	0.0778619	0.00966938	0.000835297	0.00152098	0.00140151	0.00145681	0.00526255	0.00703569	0.603936	0.000325225	0.00116961
152	0.11176	0.00106155	0.00932793	0.0317299	0.00284452	0.00251677	0.00723624	0.00892186	0.0215394	0.0145768	0.00151036	0.00296667	0.687373	0.00422427	0.0121766	0.0465318	0.0198104	0.0110038	0.000799253	0.00208817
153	0.040548	0.00812446	0.0128856	0.127942	0.0212327	0.0744552	0.116074	0.00280163	0.0611748	0.0233107	0.00189102	0.0484211	0.00213764	0.129362	0.165726	0.118816	0.0189465	0.00443756	0.000695934	0.0210168
154	0.0679942	0.00423097	0.0385711	0.0277968	0.00921707	0.645845	0.00920113	0.00497476	0.0118089	0.00753044	0.00404635	0.0215999	0.0196779	0.0166063	0.0181252	0.0511626	0.0164438	0.0122042	0.00869129	0.00427172
155	0.0869199	0.00302001	0.0166607	0.0417995	0.0220015	0.0348873	0.0504497	0.00712176	0.132092	0.0356467	0.00795167	0.0603632	0.00795536	0.104899	0.161114	0.132548	0.0695864	0.0170894	0.00083269	0.00706098
156	0.0942327	0.00392616	0.00808141	0.00813612	0.0556026	0.158767	0.0617299	0.00771108	0.0291576	0.0083905	0.00540243	0.0308225	0.00446583	0.00929595	0.12429	0.0509168	0.0247041	0.0116773	0.00209563	0.300594
157	0.149927	0.00367994	0.0262226	0.00951161	0.0079894	0.632369	0.00637614	0.00328022	0.00377879	0.00602377	0.00289106	0.00879154	0.0193795	0.0101009	0.00952789	0.0644662	0.0129733	0.0117038	0.00814922	0.00285823
158	0.0319086	0.000243933	0.000631213	0.000654743	0.00456104	0.00536877	0.000485196	0.230545	0.000622753	0.0508663	0.00573657	0.000576247	0.000412948	0.000764543	0.000717645	0.00370008	0.00504947	0.656572	0.000180626	0.000402004
159	0.072162	0.00919903	0.0751758	0.198226	0.0143098	0.0411425	0.0361655	0.0185904	0.0454292	0.0301619	0.0221984	0.0311328	0.0202006	0.13413	0.0631635	0.066558	0.0577199	0.047933	0.00436345	0.012039
160	0.0153102	0.00703141	0.0043977	0.010173	0.0627516	0.00240399	0.00296721	0.0580367	0.00221973	0.518558	0.194292	0.00283434	0.0063907	0.00291798	0.00874264	0.00926101	0.00673129	0.0823407	0.000610142	0.00202886
161	0.00441636	0.000470451	0.000954574	0.0022146	0.0249365	0.000956808	0.00143055	0.374472	0.00102663	0.271947	0.0197168	0.0011382	0.000756577	0.00111531	0.00129931	0.00264186	0.00395946	0.283265	0.000332328	0.00294943
162	0.392991	0.0301547	0.00361014	0.00305205	0.00863306	0.120835	0.00325955	0.00597989	0.0025945	0.00282138	0.00202681	0.00389386	0.0211963	0.00234412	0.00643997	0.318631	0.0322829	0.0317813	0.0047777	0.00269496
163	0.040291	0.0032412	0.151151	0.0242159	0.00627823	0.45621	0.0109419	0.0112876	0.0269172	0.00806339	0.00354882	0.0960049	0.00919224	0.0201582	0.0465391	0.0499642	0.0183358	0.0106754	0.00328876	0.00369502
164	0.0342469	0.000977476	0.00262806	0.00219158	0.00165846	0.010019	0.00164445	0.0658333	0.171701	0.0666512	0.0389968	0.00295101	0.00611998	0.0271249	0.277893	0.102037	0.0688444	0.089436	0.0277582	0.00128696
165	0.115067	0.00652357	0.0897199	0.132296	0.0161749	0.0236671	0.014501	0.0332559	0.0308662	0.0626763	0.018689	0.0298558	0.0248645	0.0494701	0.0321786	0.141742	0.110727	0.052842	0.0037142	0.0111694
166	0.377459	0.0310851	0.00393814	0.00321662	0.00654576	0.121603	0.00234966	0.00649531	0.00241671	0.00326086	0.00189566	0.00341559	0.0203002	0.00225348	0.00620284	0.322589	0.0400723	0.0384513	0.00469517	0.00175457
167	0.131774	0.00387516	0.0103819	0.0117184	0.0137534	0.037026	0.00518039	0.186307	0.0110917	0.0523457	0.0178183	0.00672307	0.00729037	0.0113703	0.0136192	0.0384582	0.0433474	0.392392	0.00194885	0.00357909
168	0.00655833	0.000929959	0.00106803	0.00340243	0.0388948	0.00102218	0.00188819	0.375814	0.00085992	0.265859	0.0429881	0.000909972	0.00112196	0.00115537	0.00160859	0.0025576	0.00459238	0.244256	0.000274195	0.00423939
169	0.152782	0.00587495	0.0143797	0.0178968	0.0169793	0.0127205	0.00769068	0.0236944	0.0123523	0.202528	0.0813143	0.013899	0.0109021	0.0432101	0.0148964	0.227513	0.0413709	0.0887048	0.00327658	0.00801486
170	0.0607066	0.00873805	0.0369849	0.0463002	0.0124104	0.0178067	0.0470416	0.0234457	0.0505899	0.0317186	0.027259	0.0279979	0.0242096	0.263481	0.0547129	0.0547602	0.158355	0.0383352	0.00409648	0.0110508
171	0.072422	0.00186298	0.0715174	0.0650856	0.00770564	0.0128644	0.0055185	0.12853	0.00868359	0.118517	0.0641133	0.032337	0.0125577	0.0345834	0.0171446	0.034897	0.101022	0.206137	0.00101428	0.00348627
172	0.0388203	0.00029165	0.000627758	0.000660069	0.00245482	0.00491479	0.000509418	0.170119	0.00079171	0.0460693	0.00699768	0.000600186	0.000461853	0.000801047	0.000764529	0.004886	0.00627043	0.713368	0.000182933	0.000408826
173	0.142195	0.0185868	0.0734278	0.0919208	0.0263491	0.0285154	0.0116066	0.0623173	0.0726573	0.030548	0.0121421	0.0118763	0.0200067	0.0436562	0.139971	0.066238	0.0729842	0.048229	0.00201617	0.0247567
174	0.0689427	0.00785066	0.0283956	0.0344459	0.0193411	0.0170364	0.0221471	0.0965913	0.0371481	0.0388536	0.0333388	0.0327116	0.0157436	0.0865723	0.0350448	0.0783129	0.252757	0.0740732	0.00484079	0.0158525
175	0.0364244	0.00213183	0.00565525	0.0227272	0.00443734	0.00629833	0.00464229	0.147762	0.0922191	0.00846413	0.00512653	0.00491086	0.00447139	0.0228911	0.0247589	0.0758465	0.179738	0.346954	0.00137703	0.00316414
176	0.111973	0.000841484	0.00731325	0.0318266	0.00204117	0.00168431	0.00680671	0.0079598	0.0215935	0.0133526	0.00122717	0.00178258	0.707538	0.00274678	0.010691	0.0420024	0.0175593	0.00889804	0.000459994	0.00170305
177	0.0275513	0.0018497	0.0775888	0.0296406	0.00266765	0.390783	0.0131108	0.00597884	0.0589412	0.00429088	0.0025118	0.167986	0.00295562	0.0310288	0.104234	0.0602567	0.00914673	0.0060398	0.000904958	0.00253333
178	0.033879	0.000977639	0.0023628	0.00209916	0.00168645	0.00975967	0.00162526	0.0664404	0.172122	0.0665227	0.0387363	0.00228518	0.00608074	0.0272876	0.279155	0.102237	0.0679836	0.0888557	0.0285884	0.00131606
179	0.108152	0.00452781	0.0175649	0.0229875	0.0342882	0.00534084	0.0198385	0.0754858	0.0059647	0.0864643	0.0210293	0.0216925	0.0518412	0.034141	0.0732532	0.125609	0.152372	0.0914354	0.0274611	0.0205498
180	0.021993	0.070026	0.00653443	0.00638843	0.158178	0.00968291	0.109806	0.0224016	0.00593964	0.0532784	0.00958154	0.010397	0.00488416	0.0165868	0.0107385	0.0383763	0.0206971	0.0301544	0.00885477	0.385501
181	0.0626292	0.00052448	0.0551567	0.0333514	0.00113927	0.0242572	0.00524268	0.019243	0.152102	0.0288174	0.0249176	0.0993376	0.00619291	0.0654159	0.159544	0.0681257	0.130581	0.0558848	0.000245306	0.00729218
182	0.0130874	0.0064072	0.00453401	0.0103583	0.0596086	0.00249867	0.00266275	0.0489413	0.00235412	0.522182	0.212529	0.00284814	0.00657551	0.00298213	0.00856484	0.0078748	0.00655716	0.0770045	0.000697445	0.00173181
183	0.102978	0.00249475	0.0344331	0.0478408	0.030736	0.013074	0.0051947	0.00656317	0.0249802	0.0251071	0.015676	0.00817533	0.00505191	0.0463908	0.0069374	0.37694	0.224025	0.00898094	0.00387256	0.0105491
184	0.0541592	0.0189679	0.00557265	0.00826009	0.34232	0.00912597	0.0315574	0.0408794	0.00430014	0.167521	0.0138519	0.0084954	0.00934967	0.0120693	0.0132527	0.0320143	0.02882	0.0840479	0.0170024	0.0984332
185	0.24648	0.00173127	0.00298372	0.0050301	0.0179718	0.0186318	0.00265696	0.0490402	0.0202605	0.0437142	0.0283147	0.0160507	0.00869803	0.00713052	0.00397298	0.269141	0.154921	0.0774649	0.0015879	0.0242187
186	0.0355339	0.000245862	0.000663515	0.00115731	0.0126547	0.0048821	0.00102333	0.212764	0.000654716	0.0780665	0.0154618	0.000598782	0.000404409	0.000803996	0.000749969	0.0039585	0.00644966	0.62204	0.000166672	0.00172035
187	0.0759166	0.00194621	0.0340333	0.0111549	0.010014	0.709158	0.0060407	0.00414228	0.00462581	0.00825737	0.00284706	0.0116511	0.0190738	0.0111306	0.0113735	0.0419592	0.0118888	0.0144551	0.0083492	0.00198303
188	0.0812725	0.00455514	0.366009	0.0593273	0.00739732	0.0204382	0.0502575	0.00990539	0.026347	0.0114832	0.00699356	0.100719	0.0262348	0.0420576	0.0284169	0.0778536	0.0569124	0.0142259	0.00125521	0.00833815
189	0.382947	0.0267569	0.00489094	0.00518042	0.00674185	0.114228	0.00321987	0.00706686	0.00399801	0.00449359	0.00229683	0.00577393	0.0199453	0.00277803	0.00742721	0.312852	0.0435441	0.0389097	0.00481365	0.00213567
190	0.0335569	0.00151134	0.0654085	0.0231912	0.00286319	0.399143	0.013373	0.00545215	0.0574676	0.00410454	0.00262138	0.169025	0.00216374	0.0276776	0.114841	0.0601144	0.00854487	0.00582527	0.000902411	0.00221254
191	0.0253499	0.00110543	0.630108	0.0670898	0.00177142	0.0159289	0.0280668	0.00332654	0.00417943	0.00555021	0.00156745	0.140218	0.0026187	0.0289811	0.0132509	0.0169747	0.00829506	0.00377632	0.000629478	0.00121212
192	0.26205	0.00337743	0.0396325	0.0353762	0.0268251	0.0670325	0.0162386	0.00936413	0.0814753	0.00712679	0.0033089	0.0257056	0.00846606	0.0297582	0.0588181	0.185839	0.101587	0.0299279	0.00244974	0.00564037
