257	20
1	0.0316868	0.00160962	0.00268594	0.00392936	0.001796	0.0106148	0.00286667	0.0106861	0.0125085	0.00762095	0.00215698	0.00348365	0.00919656	0.00392159	0.00339135	0.238015	0.648419	0.00273236	0.000617069	0.00206192
2	0.235265	0.0220784	0.0118034	0.0130523	0.010769	0.0398149	0.0131856	0.00778328	0.0174885	0.0552431	0.00593968	0.0267117	0.305909	0.0146724	0.0177757	0.16107	0.0219645	0.00888001	0.00238432	0.00820842
3	0.0345253	0.0129805	0.0107608	0.0469525	0.00336028	0.0168277	0.0114299	0.00804018	0.388011	0.0187705	0.00505941	0.0277027	0.00418464	0.0471148	0.251319	0.0626594	0.0243037	0.0153633	0.00442356	0.00621134
4	0.160335	0.0102467	0.151393	0.0703546	0.0116366	0.0572318	0.0165156	0.0104668	0.0252017	0.0178188	0.00911233	0.0220733	0.0472712	0.0594254	0.0183895	0.14868	0.0228247	0.0140445	0.0744226	0.052555
5	0.00674309	0.00930839	0.00833002	0.00406175	0.0179868	0.000976009	0.00988309	0.222419	0.00821136	0.432135	0.0931519	0.00333228	0.00207309	0.00967221	0.00916605	0.00770866	0.0215298	0.124371	0.00162634	0.00731399
6	0.495674	0.0161087	0.00242361	0.00473028	0.0088838	0.116538	0.00306251	0.00244633	0.00476786	0.00750521	0.00196122	0.0254896	0.0188089	0.00628577	0.0146151	0.253082	0.0042246	0.0026884	0.000775284	0.00992837
7	0.0374289	0.0127533	0.0161292	0.0573366	0.0116314	0.0380166	0.024144	0.0574254	0.298195	0.0307435	0.0143654	0.126768	0.0108364	0.0447142	0.103037	0.0403264	0.0347869	0.0244593	0.0077318	0.00917185
8	0.0579904	0.037098	0.00244037	0.0303653	0.00230183	0.0426282	0.00818176	0.00487677	0.289491	0.00796068	0.00191949	0.0378102	0.00354379	0.0594254	0.333467	0.0487975	0.0172309	0.00837802	0.0030407	0.00305301
9	0.0184239	0.0135072	0.00330813	0.0139608	0.00249366	0.00274567	0.00916084	0.332622	0.0332725	0.102922	0.265016	0.0078813	0.00165701	0.0176277	0.00664297	0.0216128	0.0568014	0.0781814	0.000615462	0.0115482
10	0.0928454	0.012629	0.0252948	0.0775925	0.00708465	0.030555	0.0214134	0.0174178	0.282394	0.0336712	0.0158162	0.0344433	0.0126027	0.0683604	0.140101	0.0601439	0.0335969	0.0233852	0.0033657	0.0072876
11	0.244677	0.025855	0.00749935	0.0162409	0.00606096	0.0284393	0.00736143	0.00814328	0.0178271	0.0391634	0.00474264	0.0166922	0.00710202	0.0596065	0.0142741	0.466954	0.0142994	0.00726368	0.00156496	0.00623259
12	0.0510626	0.00830887	0.040473	0.158958	0.00623926	0.0207485	0.0143722	0.0140092	0.227865	0.0296949	0.0192986	0.0638565	0.00929084	0.103793	0.118356	0.0490959	0.0338334	0.0239682	0.00113903	0.00563655
13	0.0698104	0.00958094	0.0744679	0.0750001	0.00579472	0.398435	0.0132634	0.0104411	0.0867555	0.0143769	0.00711273	0.0460218	0.0062212	0.0298493	0.0785663	0.0382079	0.0177919	0.0109938	0.00199287	0.00531635
14	0.0292239	0.0106828	0.0114943	0.0447174	0.0088069	0.0119824	0.0378819	0.0442713	0.0442699	0.20871	0.0446922	0.02512	0.00540183	0.019086	0.0225579	0.0942671	0.276821	0.0497412	0.00358203	0.00669004
15	0.0630302	0.0445923	0.0969073	0.0752742	0.01236	0.0733889	0.022125	0.0147608	0.0906262	0.0202791	0.012496	0.0538756	0.0064198	0.118386	0.0378097	0.11535	0.0954493	0.0267812	0.00291448	0.0171732
16	0.0406606	0.0125016	0.0126919	0.063205	0.00312271	0.0191369	0.012173	0.0136717	0.346511	0.0244546	0.00952385	0.0286884	0.00684022	0.0639287	0.231024	0.0455319	0.038484	0.020268	0.00284089	0.00474157
17	0.151559	0.0184178	0.018813	0.0524028	0.0148638	0.0279895	0.0379893	0.0273566	0.0497414	0.145983	0.0441382	0.0256782	0.0116545	0.0977654	0.0398338	0.164944	0.0362553	0.0204431	0.00317519	0.0109966
18	0.024774	0.016023	0.00162067	0.019363	0.00133992	0.0114396	0.00784756	0.00535611	0.4482	0.0103531	0.00147058	0.0182622	0.000881713	0.0298128	0.317321	0.0531243	0.00905	0.00807213	0.0102063	0.00548205
19	0.0159858	0.00558742	0.0046325	0.0195043	0.317964	0.00494444	0.0166539	0.0218744	0.00889646	0.0699797	0.028645	0.0128637	0.0022915	0.00611205	0.00887228	0.00880724	0.00501272	0.0504988	0.146471	0.244403
20	0.00755272	0.00601753	0.00603428	0.00570406	0.506957	0.00656066	0.0100575	0.00682059	0.00320761	0.0305887	0.0112325	0.00756099	0.005174	0.00596199	0.00254407	0.00363732	0.00229341	0.0346412	0.00346472	0.333989
21	0.0475189	0.26608	0.0178562	0.0374711	0.143845	0.0196744	0.0436748	0.0252632	0.0339688	0.0399525	0.0186892	0.0360605	0.00779497	0.0272411	0.0262896	0.0482371	0.0259773	0.0367457	0.00730162	0.0903582
22	0.0479626	0.00364588	0.0809205	0.379983	0.0031721	0.00931502	0.0116138	0.00763192	0.0956824	0.0233704	0.0180764	0.041169	0.00520299	0.13108	0.0627804	0.0325669	0.0187679	0.0193513	0.000699707	0.00700814
23	0.0087677	0.0136948	0.00592959	0.00505663	0.015138	0.00194537	0.0103386	0.179124	0.00862065	0.406432	0.140901	0.0042247	0.00113479	0.0146957	0.0135457	0.00825488	0.0267969	0.126579	0.0017444	0.00707569
24	0.0642722	0.353137	0.0162213	0.031513	0.0248988	0.026183	0.0210612	0.0270828	0.0393356	0.035772	0.0142105	0.0340341	0.0137359	0.0252789	0.0309123	0.143169	0.0311644	0.0461512	0.00614596	0.0157203
25	0.0335659	0.00261047	0.0629211	0.403287	0.0029109	0.00589813	0.00736409	0.00512391	0.0734238	0.0220397	0.0121282	0.0629533	0.00296847	0.153857	0.0511646	0.0426885	0.0217983	0.0264954	0.000676637	0.0061237
26	0.040746	0.0103191	0.0210994	0.0721122	0.0200991	0.0176849	0.0253542	0.0331371	0.275083	0.0973378	0.0367881	0.0277541	0.0126087	0.0666652	0.110207	0.0405828	0.0365179	0.0359863	0.00451337	0.0154034
27	0.121955	0.0153304	0.0341427	0.103078	0.0145001	0.0250346	0.0248428	0.0192866	0.0873246	0.043781	0.0428001	0.0495376	0.0109895	0.210379	0.0554493	0.0622011	0.040424	0.0223907	0.00508893	0.0114645
28	0.0615658	0.333849	0.0202143	0.038449	0.0239778	0.0262805	0.0233801	0.0264468	0.0406982	0.0380158	0.0150331	0.0355324	0.0138272	0.0298155	0.031381	0.138442	0.0345126	0.0444405	0.00462222	0.0195156
29	0.0340481	0.0189473	0.0327081	0.0826409	0.134088	0.0213313	0.0434972	0.016287	0.0455447	0.0507599	0.0240586	0.0287788	0.00561639	0.0442173	0.0792027	0.0411297	0.02629	0.0254499	0.0277661	0.217638
30	0.0348299	0.00844692	0.375911	0.112538	0.00689613	0.0733415	0.0226935	0.00473719	0.0354923	0.00934833	0.00347416	0.10993	0.0112798	0.0263515	0.0173362	0.105267	0.024537	0.0059564	0.00128304	0.0103491
31	0.0827888	0.00321002	0.0817084	0.461964	0.00314623	0.00621874	0.0307347	0.00780642	0.0337952	0.0150935	0.0134038	0.0318834	0.00239034	0.14973	0.0181219	0.0196329	0.0133678	0.0130794	0.00159663	0.0103281
32	0.0532003	0.023659	0.0844666	0.0743437	0.0255386	0.0367412	0.0314998	0.0148607	0.0770127	0.0316737	0.0202045	0.263875	0.00965962	0.0431355	0.0507279	0.0686561	0.0456073	0.0193839	0.0064701	0.0192842
33	0.0917271	0.0166187	0.0311902	0.0424104	0.0129851	0.24575	0.0337549	0.0830607	0.0604057	0.0310795	0.015737	0.0361995	0.00946586	0.0321815	0.0366801	0.121007	0.0414914	0.0402721	0.0042447	0.0137384
34	0.00698422	0.00662378	0.00633063	0.00646279	0.481564	0.00694036	0.0148583	0.00567586	0.00477375	0.029744	0.0103229	0.00835757	0.00538133	0.00647739	0.0037448	0.00451876	0.00243644	0.0269084	0.0075313	0.354363
35	0.0463218	0.0113741	0.0217676	0.075552	0.0080411	0.0187651	0.0168062	0.016612	0.293123	0.0535474	0.0172077	0.0597387	0.0128581	0.061817	0.179903	0.0431112	0.0305319	0.0219851	0.00470149	0.00623577
36	0.0575146	0.280432	0.0290442	0.0407851	0.0257595	0.0262015	0.0266045	0.0215073	0.0536301	0.0287689	0.0148874	0.107613	0.0117486	0.0340227	0.038757	0.119879	0.0329432	0.0305677	0.00458403	0.01475
37	0.0488251	0.0235517	0.0561172	0.0565434	0.0453804	0.0327553	0.236208	0.0242158	0.0573508	0.0453549	0.0181202	0.0529441	0.00870254	0.0380053	0.0471052	0.0589663	0.049456	0.0258163	0.00637611	0.0682049
38	0.019626	0.0503456	0.00642173	0.0138177	0.0139908	0.00436597	0.0149694	0.107896	0.0300114	0.309929	0.165941	0.0087075	0.00210634	0.051642	0.0432078	0.0149544	0.0431538	0.0857234	0.00419751	0.00899312
39	0.0181136	0.00620247	0.00629745	0.0507352	0.00440216	0.00625965	0.0337329	0.00687315	0.0444333	0.16024	0.0674546	0.0352004	0.00290776	0.0103491	0.0171372	0.146243	0.358786	0.0188399	0.00163335	0.00415923
40	0.118012	0.0243365	0.0189805	0.0359692	0.00890119	0.0339239	0.0222264	0.0123121	0.054796	0.0295399	0.0111886	0.0325696	0.0109222	0.0275464	0.0380389	0.234497	0.258108	0.0184133	0.00220235	0.00751613
41	0.032822	0.00318625	0.348446	0.248831	0.0086064	0.0821876	0.00982837	0.00664942	0.0233596	0.00857776	0.00277698	0.0542889	0.0438276	0.0217461	0.0113808	0.0640043	0.015556	0.00659379	0.00194788	0.00538369
42	0.203865	0.0156014	0.0217352	0.0249723	0.00719487	0.211654	0.0525884	0.0114324	0.035872	0.0188459	0.00716335	0.0589053	0.00468305	0.0145665	0.0240011	0.150875	0.108161	0.0190769	0.00163563	0.00717061
43	0.0388415	0.0257438	0.0580516	0.0580519	0.04362	0.0329578	0.23274	0.024884	0.0615308	0.0461527	0.0183403	0.0562461	0.0081746	0.0416387	0.0469042	0.052541	0.0478472	0.0219984	0.00640113	0.0773339
44	0.0723554	0.0111794	0.0110303	0.0331649	0.0137788	0.00973686	0.0820269	0.0628874	0.0583473	0.186646	0.132645	0.0121546	0.00263141	0.113004	0.0655744	0.0365551	0.0184193	0.0612985	0.00240584	0.0141593
45	0.0299423	0.0111816	0.0139811	0.041846	0.00747829	0.0127828	0.0162221	0.0139116	0.384873	0.0221173	0.00849113	0.0182847	0.00475907	0.0559891	0.254805	0.0469375	0.0150115	0.0138725	0.00437729	0.0231362
46	0.058887	0.0114382	0.0165119	0.050374	0.0100697	0.0187331	0.0168847	0.014437	0.0605712	0.0356279	0.125883	0.197239	0.00566314	0.253237	0.023037	0.0331986	0.0419635	0.0152328	0.00263325	0.00837838
47	0.0116809	0.013005	0.0062364	0.00696897	0.0159912	0.00191805	0.0110389	0.162974	0.0294934	0.375001	0.159861	0.00409205	0.00109153	0.01442	0.0343715	0.00727247	0.0161296	0.115536	0.0035938	0.00932355
48	0.0562838	0.00240768	0.0297469	0.146882	0.0029525	0.0140383	0.00902504	0.0148513	0.270675	0.0446375	0.0177819	0.0222933	0.0147869	0.103686	0.16326	0.0319125	0.031212	0.0198018	0.000397814	0.00336827
49	0.00706192	0.0107073	0.00489749	0.00394906	0.0189967	0.000861162	0.0112672	0.212641	0.00620261	0.45949	0.0714666	0.00336048	0.000978289	0.0107435	0.00746035	0.00514277	0.0142888	0.141306	0.00146654	0.00771123
50	0.0300097	0.00446263	0.0046337	0.0165004	0.40693	0.00501542	0.0058035	0.0429027	0.00583543	0.0687743	0.0250712	0.00734935	0.0021676	0.00592115	0.00566828	0.00581783	0.0056879	0.136904	0.0156373	0.198907
51	0.46875	0.0187206	0.00307487	0.00531065	0.00866798	0.114558	0.00711053	0.00274718	0.0117092	0.00830348	0.00188803	0.0295679	0.0163919	0.00731026	0.0235473	0.251377	0.00806045	0.00306803	0.000813955	0.00902309
52	0.0537125	0.000740276	0.134546	0.491965	0.000683308	0.00565757	0.00864604	0.00510991	0.0386063	0.0134103	0.0213301	0.0424407	0.000656881	0.113805	0.0200449	0.0205888	0.00724571	0.0129446	0.000262712	0.00760349
53	0.0422967	0.0278049	0.281122	0.0434599	0.00688417	0.0293139	0.0107883	0.00552913	0.0575286	0.01033	0.00482917	0.319631	0.00461229	0.0147966	0.0130668	0.0949674	0.0178819	0.00716515	0.00175679	0.00623562
54	0.0256931	0.00388684	0.00432498	0.0175675	0.433713	0.00457711	0.00585538	0.0296062	0.00564278	0.0667903	0.0256094	0.0072973	0.00235801	0.00560905	0.00522024	0.00549953	0.00425401	0.11185	0.0173054	0.21734
55	0.00675003	0.00937132	0.00544302	0.00326288	0.0170884	0.000869412	0.0109676	0.205569	0.00599846	0.446716	0.0999232	0.00309929	0.000732349	0.00967624	0.00985209	0.00515084	0.0154942	0.135713	0.00133985	0.00698282
56	0.0249805	0.00208193	0.447388	0.139029	0.000873406	0.0997489	0.00887226	0.00116416	0.0253367	0.00583395	0.0009752	0.0813066	0.0100796	0.0249427	0.00991951	0.0945962	0.0166231	0.00132035	0.000539697	0.00438833
57	0.0120319	0.00536507	0.0911129	0.0970744	0.0419456	0.133398	0.0326482	0.00472923	0.0168216	0.008399	0.00429882	0.0330361	0.00265163	0.168457	0.0396663	0.128878	0.0883052	0.00495162	0.0011838	0.0850452
58	0.00656506	0.00634028	0.00643911	0.00506345	0.510859	0.00680905	0.0104251	0.00527254	0.00328729	0.0279195	0.00946272	0.00752399	0.00558092	0.0062756	0.00270849	0.00370304	0.0022964	0.0277941	0.00166933	0.344005
59	0.108863	0.0571354	0.0378757	0.0457347	0.0128316	0.038348	0.0211345	0.0176781	0.0517611	0.0362662	0.012068	0.0437034	0.0126156	0.0387717	0.0388879	0.324146	0.0659521	0.0195423	0.00385332	0.0128315
60	0.0548189	0.00893109	0.129297	0.154227	0.0113837	0.0236841	0.0245984	0.00225314	0.163665	0.0145713	0.00849903	0.0562044	0.00231739	0.0962874	0.128457	0.0824345	0.0135314	0.003389	0.000687604	0.0207632
61	0.0532602	0.000898301	0.131797	0.482708	0.000759183	0.00580673	0.00892807	0.00506861	0.0425148	0.0147084	0.0234246	0.0405326	0.000544992	0.115111	0.0235782	0.0220048	0.00765592	0.0127943	0.000276109	0.00762905
62	0.0134785	0.0112991	0.0114308	0.0136939	0.451735	0.00961558	0.0187302	0.0201824	0.00833962	0.0443936	0.0143838	0.0123056	0.0063181	0.00909755	0.0070872	0.00946099	0.00589566	0.048605	0.00858492	0.275362
63	0.0756621	0.0792693	0.00481447	0.178797	0.0687952	0.0027614	0.0172966	0.010762	0.088443	0.108456	0.0622842	0.0317059	0.00136419	0.065233	0.0556755	0.0636014	0.0350302	0.0341551	0.000802544	0.0150908
64	0.149094	0.0134471	0.126016	0.150642	0.00220174	0.0931702	0.00956041	0.010164	0.0503258	0.0356052	0.0318137	0.0797328	0.00167805	0.0344965	0.0051082	0.0617261	0.108782	0.0329485	0.00095237	0.00253548
65	0.00669885	0.00597957	0.00647574	0.00495024	0.516372	0.00698715	0.0102723	0.00559275	0.00316799	0.0276879	0.0097871	0.00766314	0.00568648	0.00599845	0.00235478	0.00363984	0.00227938	0.0285298	0.00171293	0.338163
66	0.0116756	0.0115668	0.00409721	0.00773467	0.00700541	0.0025795	0.00787595	0.2157	0.0216916	0.241426	0.275044	0.00448767	0.0011646	0.0120405	0.0151695	0.012358	0.0306771	0.108238	0.0017774	0.00769078
67	0.0528552	0.00209486	0.129657	0.42731	0.00304283	0.0110802	0.0121072	0.00468536	0.0591465	0.0129023	0.0145706	0.0445788	0.000554936	0.111275	0.0395585	0.038188	0.0113378	0.0102119	0.000353809	0.0144889
68	0.00757458	0.0123651	0.00568976	0.00719661	0.0181206	0.00125595	0.0126953	0.213396	0.00686422	0.439784	0.0731302	0.00525636	0.00273817	0.0107301	0.00757281	0.00819441	0.0196119	0.136873	0.00144553	0.00950513
69	0.00717277	0.00963297	0.00527391	0.00335126	0.0187454	0.000783524	0.0106772	0.207182	0.0059496	0.462604	0.082263	0.00317295	0.000683868	0.0101873	0.00812622	0.00492254	0.0149107	0.13537	0.00145003	0.00754071
70	0.017151	0.0116666	0.00168921	0.0139602	0.00139084	0.00715898	0.00580365	0.00566352	0.448683	0.00974662	0.00140668	0.0118183	0.000995701	0.0234003	0.347367	0.0616802	0.00686896	0.00913198	0.00722311	0.00719387
71	0.0272801	0.00959898	0.0126096	0.0707295	0.00728212	0.0108023	0.115952	0.0100421	0.05928	0.131785	0.0485444	0.0286316	0.00480698	0.0193465	0.0765588	0.0923617	0.236521	0.0290261	0.00236069	0.00648085
72	0.0646988	0.0422746	0.00602106	0.029074	0.00301313	0.055264	0.00780708	0.00480019	0.228858	0.00731855	0.00271063	0.0542899	0.00478962	0.0672208	0.3241	0.0614577	0.0230872	0.00785299	0.00234101	0.00301985
73	0.00923114	0.0442694	0.00679065	0.0117202	0.156196	0.0389757	0.277026	0.00522398	0.0116734	0.0174943	0.00543744	0.0424293	0.00252815	0.00846766	0.0115147	0.0293882	0.0077188	0.00738054	0.00941062	0.297124
74	0.0656959	0.0369421	0.0142028	0.0554568	0.00941825	0.156921	0.0186933	0.0359861	0.154702	0.0137429	0.00833754	0.168806	0.0362334	0.0258184	0.0886436	0.0420287	0.0479393	0.00918673	0.00608692	0.00515795
75	0.0207154	0.00492566	0.0525605	0.055728	0.0319909	0.0955121	0.053358	0.00492795	0.0769004	0.00879474	0.00537137	0.0947991	0.00576816	0.0575461	0.0870269	0.174911	0.134794	0.00747966	0.00218855	0.0247013
76	0.0452907	0.00880441	0.0181142	0.0884601	0.0021672	0.0155422	0.00770642	0.00844274	0.277679	0.0189508	0.00885678	0.0472341	0.00673602	0.0705716	0.194721	0.0809044	0.0666984	0.0294392	0.00109154	0.00258925
77	0.0515749	0.0153483	0.0188943	0.0793262	0.00471326	0.052209	0.0123828	0.0158186	0.237884	0.0276625	0.0151285	0.0329595	0.0302476	0.0889591	0.204686	0.0593295	0.0290648	0.0185027	0.00135753	0.00395147
78	0.0216002	0.00374189	0.000506713	0.00436502	0.0167339	0.000583105	0.000519364	0.309696	0.00240543	0.0533495	0.0177246	0.000685918	0.000174427	0.00368537	0.00564307	0.00529051	0.0241167	0.522057	0.00013957	0.00698173
79	0.121927	0.00731832	0.00749852	0.0140323	0.0320538	0.0361003	0.0534248	0.00768155	0.0864065	0.142964	0.0052601	0.141066	0.141588	0.010722	0.0905817	0.073894	0.0117936	0.00801081	0.00198039	0.00569637
80	0.470834	0.0188237	0.00870097	0.00565332	0.0133687	0.109018	0.00742058	0.00352681	0.00700442	0.00875782	0.00304798	0.0325483	0.0217345	0.00683401	0.015059	0.241084	0.007205	0.00620802	0.000919046	0.0122509
81	0.0270611	0.00806359	0.0254327	0.0324331	0.0357161	0.031741	0.0218964	0.00944577	0.111043	0.0125121	0.0100004	0.387651	0.00610605	0.0200152	0.0702207	0.079226	0.0914708	0.0100487	0.00382289	0.00609383
82	0.0248049	0.00410632	0.00817971	0.0721891	0.0057369	0.013393	0.0464171	0.0910842	0.147099	0.0419056	0.0368306	0.0398309	0.00322545	0.103804	0.0765987	0.0339679	0.0766792	0.168413	0.000899065	0.00483559
83	0.0215988	0.00376713	0.000470038	0.00427695	0.0166235	0.000541612	0.000514271	0.310632	0.00230803	0.0536567	0.0176756	0.000664445	0.000179074	0.00369949	0.00548622	0.00525353	0.0237749	0.521976	0.000139247	0.00676194
84	0.00963205	0.00956056	0.00328905	0.0234786	0.189018	0.00449942	0.0477651	0.00986221	0.0107232	0.0529895	0.0147954	0.0149961	0.00164769	0.00553467	0.015881	0.0118166	0.00427304	0.0217211	0.125522	0.422995
85	0.0634975	0.0112507	0.0157388	0.0630377	0.00875532	0.0198567	0.0135708	0.0108714	0.113609	0.0189638	0.0856483	0.256268	0.00494637	0.168951	0.026826	0.0330741	0.0640702	0.0127943	0.00237082	0.00589924
86	0.055929	0.000813338	0.125436	0.499278	0.000900543	0.00577058	0.0116211	0.00557942	0.0380586	0.0128141	0.0177405	0.0416779	0.000614716	0.112768	0.0190977	0.0222901	0.00831456	0.012429	0.000263775	0.00860311
87	0.0232435	0.0045017	0.00427183	0.0172169	0.413544	0.00442021	0.00764877	0.0277198	0.00616418	0.0684649	0.0300703	0.00757638	0.00242694	0.00581188	0.00531042	0.00567674	0.00376644	0.0999611	0.0226947	0.23951
88	0.0366172	0.012151	0.0182824	0.0546839	0.00971225	0.0179659	0.0227388	0.194074	0.066433	0.0610264	0.0474933	0.0584973	0.00577868	0.0363071	0.0341256	0.0423205	0.141802	0.128219	0.0023343	0.00943741
89	0.292117	0.022087	0.00630143	0.00917543	0.00383826	0.0535642	0.0616119	0.00538586	0.0979071	0.0251606	0.0035309	0.0431284	0.00312279	0.0265909	0.0869239	0.200255	0.0488023	0.00566636	0.0012171	0.00361432
90	0.0134351	0.00230533	0.36958	0.0847965	0.0347906	0.00414223	0.134757	0.0105615	0.0152439	0.0122696	0.00273119	0.180539	0.00184427	0.0332308	0.023262	0.0165924	0.0159844	0.00314092	0.000569984	0.0402236
91	0.0212635	0.0121577	0.00202294	0.0187243	0.00152857	0.0080858	0.0068278	0.00593972	0.464397	0.0113827	0.00169531	0.0132306	0.00101686	0.0290592	0.314688	0.0559674	0.00848861	0.0103728	0.00664207	0.00650895
92	0.0104753	0.00439697	0.110366	0.0938819	0.00421443	0.0636157	0.208289	0.0052437	0.0113173	0.0846466	0.0415816	0.11891	0.0222574	0.0463037	0.0288399	0.0128572	0.120794	0.00626851	0.00135248	0.00438829
93	0.0560258	0.0208777	0.0311486	0.0436322	0.0202077	0.0346158	0.144853	0.0190245	0.0531563	0.0553724	0.0154642	0.0445767	0.0097596	0.0320327	0.0558483	0.146046	0.171781	0.0256586	0.00320075	0.0167184
94	0.0215988	0.00376713	0.000470038	0.00427695	0.0166235	0.000541612	0.000514271	0.310632	0.00230803	0.0536567	0.0176756	0.000664445	0.000179074	0.00369949	0.00548622	0.00525353	0.0237749	0.521976	0.000139247	0.00676194
95	0.067572	0.021975	0.0301123	0.0362617	0.0206926	0.0323718	0.143004	0.0208648	0.0584017	0.0470173	0.0159049	0.0397432	0.00982491	0.035816	0.109985	0.206322	0.06323	0.0191249	0.00352256	0.0182536
96	0.00936344	0.0107169	0.00563869	0.00455863	0.0173916	0.00154523	0.010455	0.187695	0.0113921	0.437307	0.113722	0.00411931	0.00094644	0.0115427	0.01394	0.00680052	0.0161871	0.126917	0.00193135	0.00783043
97	0.032468	0.0116129	0.170394	0.130267	0.0200359	0.0268214	0.109723	0.0168539	0.0572431	0.0297682	0.0129146	0.16879	0.00626368	0.0383497	0.0378575	0.0420253	0.0449138	0.0188494	0.00372095	0.0211288
98	0.498026	0.0158457	0.00237172	0.00467035	0.00870162	0.113209	0.00302316	0.00252308	0.00486814	0.00752582	0.00198435	0.0254423	0.018046	0.00650478	0.0142627	0.254859	0.00412809	0.00297092	0.000721035	0.0103162
99	0.0291797	0.00871631	0.00798977	0.0350275	0.00602985	0.0125415	0.030602	0.0178277	0.0366726	0.0952686	0.0249224	0.0214009	0.00691553	0.0135159	0.0202486	0.164766	0.434596	0.0265377	0.00164895	0.00559213
100	0.0190737	0.0186578	0.005745	0.057148	0.00534256	0.00488437	0.0575673	0.0373957	0.200562	0.0205031	0.0277963	0.00747046	0.0024709	0.229179	0.219706	0.0115737	0.00980946	0.0568172	0.00106566	0.00723261
101	0.0461054	0.0200363	0.0206187	0.0363834	0.0883661	0.0233752	0.0233564	0.0484503	0.0433057	0.0830946	0.0310069	0.0280407	0.00813056	0.029887	0.0339452	0.0391847	0.0277244	0.114612	0.198203	0.0561729
102	0.0533918	0.00628604	0.00798731	0.101405	0.00440837	0.0073161	0.0914517	0.00841328	0.0478822	0.142342	0.0166353	0.0358165	0.0033063	0.0113782	0.0153475	0.0849268	0.259574	0.0964657	0.00137183	0.00429363
103	0.0317764	0.00167124	0.00270827	0.00424733	0.00193386	0.0107719	0.00306938	0.0104678	0.0132657	0.00766855	0.00220997	0.00413948	0.0094853	0.00400577	0.00384579	0.245563	0.63786	0.00280665	0.00063334	0.00187045
104	0.00831548	0.00961906	0.0066283	0.0052942	0.0192923	0.000968953	0.0104287	0.225644	0.00846069	0.428629	0.0779127	0.00373275	0.00216547	0.010626	0.00873107	0.00685121	0.0178885	0.139283	0.00165994	0.00786827
105	0.0370415	0.00187396	0.00368051	0.00442369	0.00198069	0.0142455	0.0038665	0.010318	0.0135795	0.0078301	0.00231879	0.00539056	0.0112425	0.00461482	0.00400152	0.251203	0.616019	0.00307871	0.000722446	0.0025691
106	0.0258172	0.00212952	0.443479	0.141245	0.000954726	0.101148	0.00895229	0.00128617	0.0249747	0.00591497	0.000978936	0.0802395	0.0100418	0.0253166	0.00978734	0.0950209	0.0163792	0.00135999	0.000614562	0.00435897
107	0.0138275	0.00552882	0.00479248	0.0112677	0.449073	0.00521167	0.0115691	0.0172786	0.00517833	0.06468	0.0193946	0.00828653	0.00349476	0.00576755	0.00523156	0.00513624	0.00342182	0.0582361	0.0184077	0.284216
108	0.0210925	0.00490678	0.000735704	0.004655	0.0163971	0.000830282	0.000940021	0.310494	0.0033898	0.0609355	0.0220454	0.00119156	0.000361868	0.00437	0.00543614	0.00584262	0.0254822	0.503709	0.000219977	0.00696384
109	0.0329741	0.00651312	0.0140108	0.0845134	0.0118271	0.0100219	0.0437639	0.0381565	0.213241	0.0694972	0.0612701	0.0105192	0.00846023	0.154272	0.13474	0.0199513	0.0196787	0.0495009	0.000478439	0.0166113
110	0.00513259	0.016591	0.00251764	0.0186236	0.1271	0.00895769	0.11446	0.00250245	0.0110416	0.0360906	0.00485468	0.0151375	0.00123267	0.00532234	0.0193114	0.0147516	0.00358379	0.00319463	0.0523751	0.53722
111	0.00855438	0.0106861	0.00530844	0.0049786	0.0181901	0.000942381	0.010501	0.200221	0.0103892	0.436166	0.0954652	0.00361863	0.000819675	0.0118683	0.0118086	0.00591992	0.0159224	0.138762	0.00202598	0.00785206
112	0.121692	0.0130983	0.0240311	0.03206	0.0128535	0.200384	0.0643918	0.0584336	0.0819995	0.0234174	0.0119527	0.0399919	0.00794855	0.0221368	0.0241512	0.135365	0.038272	0.0717949	0.00308425	0.0129417
113	0.039289	0.0190236	0.00128804	0.0285195	0.00206613	0.0148075	0.0105449	0.00504732	0.449709	0.0112477	0.000992489	0.0190703	0.000794264	0.0437168	0.282924	0.0439316	0.0113725	0.00680698	0.00443812	0.00440951
114	0.0827611	0.0287939	0.0398045	0.169927	0.00651867	0.0113778	0.0319048	0.0101937	0.0722447	0.0243597	0.0303851	0.0725263	0.00225754	0.0601503	0.00994598	0.0779011	0.23373	0.0301818	0.00151566	0.00352013
115	0.0781262	0.0111666	0.0360138	0.0446975	0.0102442	0.184702	0.0234042	0.010878	0.16066	0.00995779	0.00695666	0.111194	0.00743703	0.0344574	0.0567732	0.161327	0.0349318	0.00840781	0.00387348	0.00479105
116	0.01011	0.00359472	0.00467429	0.00928008	0.104031	0.00565358	0.0775484	0.0569994	0.373816	0.107399	0.00478708	0.006816	0.00212713	0.104607	0.0256137	0.0093262	0.00699918	0.0235608	0.000961363	0.0620955
117	0.263274	0.209715	0.00572922	0.0108211	0.00651081	0.0672025	0.00704146	0.0595006	0.0114862	0.0411289	0.00490088	0.0111688	0.00296811	0.0094754	0.00909201	0.0132066	0.00900622	0.251473	0.00171804	0.00458061
118	0.0440534	0.00263826	0.0163868	0.117063	0.00328786	0.0277651	0.0316434	0.0363945	0.26242	0.0443231	0.0195798	0.0167125	0.0161015	0.088156	0.0898148	0.0318615	0.0662222	0.0816402	0.000604078	0.0033322
119	0.029572	0.00460606	0.000821869	0.00459798	0.0236788	0.00202729	0.000795532	0.311663	0.00329574	0.0596762	0.017458	0.00114894	0.000615063	0.00418845	0.00585343	0.00554303	0.0223757	0.495405	0.000213149	0.00646463
120	0.0243876	0.0020915	0.449887	0.139818	0.00168854	0.0960997	0.0106784	0.0014286	0.0247816	0.0062428	0.000996231	0.0829131	0.0100269	0.0246811	0.0100506	0.09069	0.0164395	0.00136846	0.00061936	0.00511115
121	0.0459967	0.00188623	0.0966734	0.509598	0.00149558	0.00530965	0.0359464	0.00662979	0.0336839	0.0180133	0.0109613	0.0299279	0.00111502	0.136863	0.0126375	0.0176756	0.00965916	0.0111669	0.000607387	0.0141527
122	0.042278	0.00970124	0.124362	0.0652939	0.0256498	0.107771	0.0328724	0.00913934	0.026878	0.0147149	0.00785455	0.0462123	0.011588	0.0855861	0.0346492	0.152319	0.115872	0.010075	0.0064879	0.0706954
123	0.0502928	0.00697435	0.215515	0.403475	0.0316885	0.0162055	0.00881333	0.0151791	0.0207545	0.0119335	0.00610332	0.0100783	0.120075	0.0122952	0.0134979	0.0210681	0.0114746	0.0147381	0.00337701	0.00646031
124	0.0426849	0.00406188	0.0241799	0.122063	0.00377334	0.026043	0.0123605	0.01609	0.29313	0.0327578	0.0187121	0.0288727	0.0144825	0.0895755	0.164764	0.0383338	0.0417166	0.0218676	0.000963488	0.00356808
125	0.0447719	0.00578731	0.22498	0.0785007	0.0058194	0.32499	0.0125259	0.00546749	0.0404085	0.00831404	0.00366829	0.0611849	0.00769445	0.0244068	0.0220909	0.0912813	0.0216851	0.00632514	0.00186328	0.00823551
126	0.0147425	0.00883777	0.0130748	0.0127618	0.0669435	0.0054237	0.00963702	0.186437	0.020275	0.317363	0.0591751	0.00932769	0.00669129	0.0126335	0.0145419	0.0181773	0.0190082	0.0926254	0.0887555	0.0235684
127	0.00549537	0.00756987	0.00529628	0.007084	0.442465	0.00622793	0.0242124	0.00492914	0.00420584	0.0292456	0.011185	0.00811369	0.00452674	0.00619774	0.00508949	0.00501847	0.00219814	0.0226755	0.00988256	0.388381
128	0.0206451	0.00405247	0.00118082	0.00392079	0.020266	0.000704529	0.00158859	0.326964	0.00395494	0.0956276	0.0255858	0.00106452	0.000545976	0.00515823	0.00666611	0.00534853	0.0209586	0.449175	0.000403814	0.00618869
129	0.174651	0.00774619	0.00917512	0.0756792	0.0342705	0.00989029	0.0108009	0.00833927	0.0483564	0.0132313	0.00691833	0.0116931	0.0306416	0.168762	0.0929791	0.0457142	0.203816	0.00904276	0.0320877	0.00620405
130	0.00917875	0.00919473	0.00300037	0.0252491	0.194219	0.0041701	0.0464334	0.00868608	0.010827	0.0518027	0.0140427	0.0158279	0.00159255	0.00535763	0.0165521	0.0115569	0.00422923	0.0217642	0.109142	0.437174
131	0.0125675	0.00950941	0.00502971	0.00618923	0.0325974	0.00111908	0.00823458	0.246288	0.00933721	0.35511	0.0559164	0.00319861	0.00287382	0.00924622	0.00818801	0.00650637	0.0151216	0.203622	0.00153733	0.00780855
132	0.0140848	0.00218642	0.376286	0.0906157	0.0360861	0.0031494	0.132054	0.011594	0.0127284	0.0128958	0.00222661	0.189348	0.00157873	0.0269804	0.0214914	0.0170685	0.0120755	0.00307785	0.000488715	0.0339828
133	0.0475285	0.00938894	0.0178927	0.0866568	0.00254901	0.0244849	0.0108245	0.0143971	0.318412	0.0330973	0.0147586	0.0239329	0.0118576	0.0860603	0.201309	0.0364574	0.0369139	0.0187539	0.00123937	0.00348542
134	0.0248617	0.00217937	0.438247	0.143532	0.00115376	0.0982511	0.00881324	0.00125977	0.0255904	0.00614546	0.00114688	0.0818224	0.00991232	0.0276901	0.0104695	0.0939925	0.0178084	0.00157756	0.000579358	0.00496645
135	0.0522195	0.0463729	0.0142122	0.0195096	0.00964356	0.0113658	0.0126371	0.0132523	0.0223329	0.0733213	0.00824265	0.019088	0.503471	0.0150996	0.0178922	0.085801	0.0526087	0.0124733	0.00268673	0.00776927
136	0.075145	0.00379317	0.0685869	0.173498	0.00344036	0.0109889	0.00810703	0.00813159	0.217324	0.0368597	0.0111719	0.0364889	0.00968999	0.0977292	0.142798	0.0405118	0.0360894	0.0132289	0.00050815	0.00590906
137	0.0385701	0.0170584	0.00202429	0.0301939	0.00200716	0.0131118	0.011141	0.00521476	0.454798	0.0123587	0.000959459	0.0197761	0.000909759	0.0442545	0.277504	0.0429883	0.0114156	0.00665352	0.00438545	0.00467484
138	0.0306548	0.00840027	0.0105205	0.0590018	0.00334159	0.0115206	0.013975	0.0147586	0.374327	0.0381223	0.0129953	0.0159509	0.00661009	0.0750612	0.2387	0.0357797	0.017692	0.0231119	0.00272441	0.00675182
139	0.0858124	0.00842603	0.0935985	0.190844	0.00257895	0.0114108	0.0151219	0.0270418	0.122209	0.0799528	0.0198339	0.0450451	0.00182869	0.0791512	0.0146695	0.0384598	0.0814513	0.0793412	0.000884472	0.00233898
140	0.0398086	0.00868756	0.00981616	0.0722822	0.00247055	0.0141412	0.0132492	0.0112943	0.408773	0.0280453	0.0103463	0.0165192	0.0079895	0.0727654	0.2055	0.03878	0.0188809	0.0144474	0.00213945	0.00406406
141	0.161951	0.00609722	0.00672628	0.0370373	0.00644432	0.0328951	0.0681761	0.0339985	0.0158351	0.204977	0.0823353	0.0107945	0.00417606	0.0800621	0.0399586	0.151378	0.0375372	0.0122843	0.00181322	0.00552263
142	0.0473015	0.00201169	0.18818	0.514501	0.00589995	0.00624171	0.00772909	0.0216613	0.0306999	0.00892073	0.00895477	0.0213498	0.0152377	0.051815	0.0146231	0.0225944	0.00691967	0.0187382	0.000635253	0.00598526
143	0.0820967	0.00908197	0.0213506	0.0454235	0.0240751	0.00465226	0.035855	0.034216	0.114818	0.179704	0.183764	0.0103289	0.00213407	0.0646704	0.0691051	0.0185998	0.010326	0.0580275	0.00408065	0.0276904
144	0.118915	0.0256108	0.117658	0.138864	0.00335924	0.0391231	0.0177498	0.01564	0.0758746	0.0215911	0.0198831	0.0876521	0.0016442	0.0384158	0.00868177	0.0816419	0.117831	0.065341	0.000660255	0.00386323
145	0.0346856	0.00259038	0.447606	0.125931	0.00339538	0.0850968	0.0174031	0.00223583	0.0224667	0.00603645	0.00147235	0.0723083	0.0150966	0.0275396	0.0103024	0.0876253	0.0194727	0.00208673	0.00379975	0.0128488
146	0.0567491	0.00132087	0.113203	0.510698	0.000881008	0.00530269	0.0171959	0.00789558	0.0360185	0.0125764	0.0139496	0.0395253	0.000616057	0.111422	0.0156859	0.0200491	0.0119953	0.014357	0.000320801	0.0102374
147	0.0870389	0.00466181	0.195559	0.338504	0.00528928	0.0125718	0.0115912	0.00951687	0.0725429	0.0135118	0.0134435	0.0275728	0.00686183	0.0601034	0.0636165	0.027157	0.012524	0.0284054	0.00130588	0.00822197
148	0.0348005	0.00243606	0.023393	0.0994895	0.00292458	0.0172464	0.018915	0.027584	0.276168	0.0602028	0.0381396	0.0137778	0.0205682	0.0994693	0.167674	0.0272865	0.0288604	0.0345561	0.00090302	0.00560553
149	0.0815821	0.0291062	0.0132308	0.113791	0.0740181	0.00307767	0.0158815	0.038343	0.0819118	0.121313	0.128194	0.0237741	0.00108395	0.100876	0.0387548	0.0478484	0.0233586	0.0379825	0.00075844	0.0251141
150	0.0068327	0.00972069	0.00542576	0.00336272	0.0182403	0.000793764	0.0107221	0.208867	0.00623799	0.458726	0.0847885	0.00309586	0.000800904	0.0100699	0.00929842	0.00507218	0.0151644	0.133841	0.00141751	0.00752232
151	0.0517352	0.000691281	0.126882	0.493203	0.000613476	0.00543117	0.00870451	0.00490012	0.0399826	0.0142941	0.0207089	0.0417719	0.000457712	0.119598	0.0211762	0.0208658	0.00770778	0.0136419	0.000257915	0.00737662
152	0.0432383	0.00135215	0.0235575	0.139652	0.00239026	0.0177167	0.0100244	0.017259	0.287202	0.0409387	0.0226312	0.0180307	0.015501	0.106184	0.164527	0.0336939	0.0294851	0.0229722	0.000267821	0.00337534
153	0.0751596	0.00979216	0.0116229	0.0338578	0.015497	0.011059	0.0177978	0.0205266	0.040203	0.0793008	0.192069	0.103181	0.00349864	0.286347	0.0197289	0.0270025	0.0238722	0.0175256	0.00171751	0.0102416
154	0.023642	0.00343696	0.00139902	0.0130563	0.0182232	0.00273431	0.00329467	0.345429	0.0128383	0.0594945	0.0260466	0.00303629	0.000907207	0.00647882	0.0214372	0.00744744	0.0201916	0.424752	0.000327572	0.00582601
155	0.0434291	0.000996588	0.0234798	0.123843	0.00237913	0.0190896	0.0112119	0.0206941	0.29559	0.0400796	0.0244288	0.016664	0.0183726	0.112017	0.152248	0.0323774	0.0328695	0.0268807	0.000154315	0.003194
156	0.042695	0.00900327	0.0128476	0.0865487	0.00255947	0.014945	0.0146406	0.0154759	0.357279	0.0283057	0.0093617	0.0310502	0.00708937	0.0646319	0.232786	0.0313443	0.0204335	0.0126597	0.00263469	0.00370844
157	0.262277	0.0320888	0.054605	0.044961	0.00723166	0.191423	0.0394929	0.0115391	0.0215639	0.0354823	0.00930017	0.0693407	0.00530971	0.0121242	0.0103711	0.0858014	0.0333153	0.0649264	0.0017005	0.00714613
158	0.0195627	0.00691197	0.0847146	0.0361879	0.00965233	0.0393503	0.0388497	0.00506468	0.0374809	0.0301619	0.00536773	0.137271	0.042981	0.0141089	0.0409123	0.346905	0.0656917	0.00673766	0.00157564	0.0305115
159	0.249967	0.00917248	0.0220549	0.0820952	0.00485468	0.0360748	0.037247	0.0409322	0.0838844	0.0163378	0.0314321	0.0456065	0.00291944	0.064691	0.0144828	0.046596	0.0557225	0.150192	0.00152861	0.00420852
160	0.00694614	0.00869315	0.0119123	0.00562586	0.0198187	0.00122685	0.00961383	0.22742	0.00804162	0.427439	0.0833165	0.00346731	0.00392192	0.00932347	0.00773609	0.00903712	0.0241201	0.122954	0.00174098	0.00764586
161	0.0539311	0.000724521	0.140385	0.489516	0.000649634	0.00563792	0.00890145	0.00545431	0.0387007	0.0131108	0.0195055	0.0439603	0.000550236	0.110723	0.0194439	0.0205837	0.00737647	0.0128143	0.000261986	0.0077693
162	0.0540123	0.000821608	0.134801	0.487552	0.000713855	0.00599047	0.00890546	0.0052754	0.0395751	0.0137474	0.020741	0.0420727	0.000541084	0.113765	0.0205506	0.0212819	0.0080969	0.013405	0.000279525	0.00787098
163	0.0130713	0.00585033	0.0436183	0.0184988	0.0303694	0.00576227	0.00780061	0.301607	0.0304714	0.258335	0.067512	0.00845742	0.0304988	0.0109906	0.00935305	0.0526336	0.0420507	0.0498023	0.00460319	0.00871381
164	0.019849	0.00717189	0.00233035	0.034318	0.00346971	0.00405095	0.0143251	0.358936	0.0598577	0.0693994	0.203363	0.0143228	0.00149277	0.0288181	0.0106871	0.0183972	0.0582205	0.077301	0.00049873	0.0131903
165	0.0433529	0.00133798	0.0246859	0.15834	0.0023446	0.0165987	0.0105865	0.0182961	0.268794	0.0406392	0.0256131	0.0201905	0.0161227	0.117596	0.14083	0.0319465	0.0293681	0.030037	0.000227639	0.0030923
166	0.0748313	0.0154932	0.019993	0.129252	0.0830859	0.00390605	0.0132467	0.051666	0.0803948	0.104016	0.144233	0.0180206	0.00146913	0.102919	0.0284611	0.0466969	0.0174089	0.036416	0.000905271	0.0275844
167	0.0269375	0.0025084	0.0600093	0.453822	0.0021481	0.00491156	0.00967457	0.00454539	0.0388196	0.0284948	0.00896305	0.0496197	0.00138547	0.185297	0.0197255	0.0460342	0.0291023	0.0210706	0.000900072	0.0060311
168	0.0571447	0.00222652	0.0400202	0.143737	0.00248432	0.0143705	0.00823436	0.0125929	0.27107	0.0375948	0.0147724	0.029988	0.0186485	0.0912359	0.160502	0.0370382	0.0378418	0.0169066	0.000399179	0.00319214
169	0.0437111	0.000977114	0.0241014	0.126209	0.00233501	0.018651	0.0108546	0.0202061	0.29322	0.0403571	0.0238955	0.0175944	0.0184404	0.110489	0.153839	0.0324393	0.0331506	0.026235	0.000161397	0.00313362
170	0.0413594	0.00139182	0.0198066	0.121086	0.00402353	0.0243283	0.0160077	0.0240569	0.289853	0.0391541	0.0266	0.0141971	0.0206084	0.111864	0.142987	0.0328696	0.0336738	0.0327125	0.000213147	0.00320738
171	0.0404517	0.0241904	0.00174901	0.0285897	0.00193659	0.0203539	0.00890693	0.00482813	0.401847	0.00986282	0.00109182	0.0230546	0.00158419	0.0471969	0.307599	0.0461901	0.0146244	0.00727295	0.00412504	0.00454484
172	0.0497879	0.0180547	0.019795	0.0444242	0.0971881	0.0233846	0.028331	0.0298563	0.0512375	0.0669319	0.0316743	0.0325734	0.00960606	0.0319099	0.0365077	0.0458132	0.0293426	0.0418129	0.209966	0.101803
173	0.00753519	0.00959095	0.00508139	0.00347175	0.0184861	0.00075918	0.0101172	0.212701	0.00581341	0.439673	0.0798323	0.00308677	0.00067924	0.00969336	0.00800081	0.00514407	0.015063	0.156758	0.00129273	0.00722022
174	0.0619421	0.0682304	0.023182	0.00946368	0.0631228	0.00512403	0.226855	0.0377299	0.027632	0.0611863	0.004435	0.00771481	0.00231885	0.0494368	0.120647	0.0893792	0.111767	0.00557997	0.00115867	0.0230944
175	0.0390783	0.00227459	0.0154963	0.19601	0.00351906	0.0166492	0.0105596	0.015205	0.263624	0.0385119	0.0164567	0.0127753	0.055355	0.0886191	0.10651	0.0437372	0.0257878	0.0458867	0.000729128	0.00321533
176	0.0279765	0.00192476	0.101397	0.0422654	0.00309036	0.652134	0.00581285	0.00295215	0.0450745	0.00362164	0.00193927	0.0499908	0.00177441	0.00535067	0.0269488	0.0181592	0.00482641	0.00257524	0.000488172	0.00169843
177	0.00730944	0.00928582	0.00946812	0.00587754	0.0186704	0.00112962	0.0103174	0.226713	0.0078226	0.43409	0.0792841	0.00380337	0.0035825	0.0100512	0.0086939	0.00923154	0.0232869	0.121941	0.00166929	0.00777308
178	0.0215988	0.00376713	0.000470038	0.00427695	0.0166235	0.000541612	0.000514271	0.310632	0.00230803	0.0536567	0.0176756	0.000664445	0.000179074	0.00369949	0.00548622	0.00525353	0.0237749	0.521976	0.000139247	0.00676194
179	0.0197017	0.00455573	0.001042	0.00554494	0.0187473	0.000836721	0.00213059	0.303843	0.00505135	0.0912994	0.0381072	0.00145214	0.00037405	0.00532684	0.00660301	0.00620899	0.0241386	0.456619	0.000585783	0.00783183
180	0.0312586	0.015863	0.00405977	0.0296133	0.0020816	0.0128928	0.00876276	0.0067857	0.41765	0.0139449	0.00416037	0.0174835	0.00210341	0.042047	0.308124	0.0499099	0.0116167	0.0102361	0.00515139	0.00625546
181	0.0214838	0.00361204	0.000498607	0.00406977	0.0178927	0.000566042	0.000590183	0.324733	0.00298471	0.0567027	0.0182347	0.000688667	0.000207198	0.00389258	0.00648943	0.00516835	0.0226532	0.503011	0.00013987	0.00638131
182	0.0163114	0.00862268	0.00487927	0.0156781	0.00351693	0.00240579	0.0086053	0.383792	0.0382907	0.0890307	0.223252	0.00842608	0.00282753	0.0161513	0.00377917	0.0217833	0.0618189	0.0766743	0.000581299	0.0135727
183	0.184951	0.0253061	0.108193	0.0126737	0.0464872	0.0230145	0.0578044	0.0142734	0.0242548	0.0187406	0.017381	0.117536	0.0209892	0.0102383	0.0116608	0.158179	0.0556324	0.0372054	0.00242717	0.0530533
184	0.0465935	0.00323019	0.0468444	0.114894	0.00356373	0.0151136	0.0107975	0.0146872	0.283161	0.0341449	0.0163441	0.0263621	0.0137044	0.108522	0.166461	0.0355769	0.0362791	0.0184731	0.000669077	0.0045789
185	0.0321271	0.00276975	0.0216225	0.107739	0.00308712	0.00601622	0.00537931	0.00342665	0.12793	0.00522073	0.00360377	0.0759275	0.00167188	0.0345584	0.137593	0.195865	0.168394	0.0637717	0.000803504	0.00249209
186	0.0110092	0.00982541	0.00574784	0.00460415	0.022047	0.00107086	0.0128113	0.202052	0.00762318	0.453168	0.077824	0.00358171	0.000660533	0.0115319	0.00919777	0.00647778	0.0143904	0.135973	0.00158139	0.00882301
187	0.123791	0.0127175	0.0229261	0.0694485	0.0058154	0.237806	0.0130953	0.0178346	0.159618	0.0186247	0.00991958	0.0817277	0.0378968	0.0540913	0.0432238	0.0534948	0.0195817	0.0104667	0.00353609	0.00438429
188	0.0245767	0.00203328	0.448666	0.139634	0.000862373	0.099203	0.00880959	0.00116214	0.025277	0.0058655	0.000975513	0.0816449	0.0101679	0.0248801	0.00991044	0.0935822	0.0165639	0.00126572	0.000540446	0.00437916
189	0.0497865	0.00610886	0.121895	0.0947835	0.00752698	0.246066	0.027336	0.0047047	0.13647	0.0106656	0.00649217	0.0418056	0.00373541	0.0561721	0.111622	0.0461257	0.012468	0.00530252	0.00116299	0.00977077
190	0.00587089	0.00954457	0.00526413	0.00752028	0.420902	0.00611328	0.0221745	0.00423989	0.00471295	0.0306833	0.00923433	0.00797631	0.00443918	0.00838433	0.0059771	0.00517402	0.0024098	0.0205634	0.0117928	0.407023
191	0.00503067	0.0159207	0.00248518	0.0198245	0.142889	0.00700767	0.0901875	0.00253546	0.0123225	0.0365909	0.00482082	0.0125201	0.00137118	0.00560873	0.0219388	0.0150797	0.00341575	0.00342237	0.045147	0.551881
192	0.031192	0.010521	0.018407	0.0555265	0.0106348	0.131833	0.0459241	0.0135946	0.263478	0.0111368	0.00930234	0.163659	0.00844023	0.0175164	0.0830952	0.0468984	0.0383587	0.00742046	0.0283962	0.00466503
193	0.0662727	0.0220607	0.0147918	0.0678178	0.0125869	0.0122074	0.0338764	0.0115374	0.294744	0.0138856	0.0086887	0.0180531	0.00372926	0.13613	0.211944	0.0353037	0.0131662	0.0162047	0.0018669	0.00513283
