303	20
1	0.0839156	0.00259334	0.0030747	0.00414485	0.0717228	0.00352657	0.00352299	0.00465102	0.00430203	0.146524	0.124559	0.0203524	0.00148003	0.0362934	0.0600219	0.0225197	0.00626434	0.0918301	0.00107101	0.30763
2	0.185585	0.00103623	0.0054852	0.0448012	0.00112646	0.0213059	0.00129932	0.0174351	0.0145883	0.0227437	0.00590596	0.00202754	0.60714	0.0101908	0.00926308	0.0288429	0.00437561	0.0156464	0.00030512	0.000896375
3	0.191484	0.00203226	0.012657	0.0523024	0.00572676	0.0684594	0.00562509	0.0161655	0.0247813	0.0239233	0.00510742	0.00940912	0.468417	0.014246	0.0211989	0.0465881	0.0133341	0.0144669	0.00127486	0.002801
4	0.00783916	0.000425341	0.000422781	0.00231674	0.0195122	0.000441078	0.000546677	0.191098	0.0006852	0.599394	0.0267877	0.000521538	0.00876417	0.00427285	0.000639457	0.00350189	0.00235714	0.12904	0.0011942	0.00023945
5	0.00502238	0.0139647	0.000745499	0.00103594	0.00156697	0.0043341	0.000818339	0.150729	0.00447568	0.019933	0.00547747	0.00110603	0.00676914	0.00114604	0.00109424	0.00247983	0.0339518	0.744714	0.000193516	0.000442656
6	0.124353	0.00484326	0.0275459	0.00618369	0.113166	0.00383368	0.081498	0.0142669	0.00411114	0.0631233	0.0336006	0.0197856	0.00149886	0.0839552	0.0269893	0.0791642	0.125461	0.0721083	0.00149378	0.113018
7	0.693932	0.00920806	0.000753903	0.000835406	0.000500418	0.0268468	0.000445928	0.000893922	0.00381121	0.00157743	0.00508792	0.00229325	0.0226172	0.00548654	0.00400101	0.120735	0.0521811	0.0482755	0.000175707	0.00034148
8	0.244163	0.000907278	0.0364577	0.0800603	0.0239601	0.185695	0.0228583	0.0159525	0.0602951	0.0175799	0.00421033	0.0428652	0.0355633	0.0315854	0.0604713	0.0632258	0.0369678	0.0181579	0.00597603	0.0130477
9	0.0520698	0.00178859	0.267573	0.3595	0.00284559	0.0213422	0.0205265	0.00366113	0.0362187	0.0077998	0.00659734	0.0426103	0.0024072	0.0445785	0.0305642	0.062756	0.0257861	0.00855616	0.00101879	0.00179996
10	0.135981	0.0649976	0.00727246	0.00331433	0.0070312	0.00295629	0.00225596	0.16733	0.00306412	0.0303278	0.008769	0.00370803	0.00119976	0.00366587	0.00341896	0.0191605	0.123032	0.410175	0.000911114	0.0014286
11	0.0966792	0.000640757	0.0682261	0.143699	0.00143894	0.0134603	0.0652241	0.00436397	0.134257	0.0232033	0.00910869	0.0589248	0.000380575	0.15114	0.141972	0.0526053	0.0204311	0.004841	0.00421251	0.00519197
12	0.0205218	0.00112898	0.00056977	0.00301079	0.0375799	0.00224456	0.00161599	0.169821	0.00307729	0.446798	0.176868	0.000870752	0.00143094	0.00937178	0.00296255	0.00534766	0.0190359	0.0814966	0.00225472	0.0139923
13	0.66022	0.00560688	0.00506694	0.019336	0.00110131	0.121907	0.000797237	0.00882553	0.0504706	0.00319956	0.00673894	0.000938607	0.000465516	0.00499711	0.0296453	0.0384238	0.0312466	0.0103183	0.000262063	0.000433036
14	0.0900324	0.000592912	0.124837	0.199066	0.00287087	0.0167501	0.0294171	0.0016372	0.120531	0.0344336	0.00755007	0.0623671	0.000810299	0.117474	0.124514	0.0363724	0.0166333	0.0105046	0.00117964	0.00242629
15	0.404255	0.00465968	0.00435003	0.007189	0.00474814	0.00589149	0.00505127	0.00931745	0.00594414	0.0116852	0.00615291	0.00641129	0.00246463	0.00682578	0.00660621	0.0138808	0.0111376	0.478223	0.00188372	0.00332237
16	0.269536	0.0771626	0.00130331	0.0161504	0.00101004	0.0872318	0.0120145	0.0347254	0.0017701	0.01511	0.00614588	0.01619	0.00650016	0.0162443	0.00364043	0.229344	0.125898	0.079058	0.000314121	0.000651078
17	0.092606	0.000755269	0.0799499	0.181048	0.00661534	0.0187017	0.0304112	0.00159409	0.110807	0.0512386	0.011984	0.0780789	0.000944521	0.0985809	0.144216	0.0323334	0.0264177	0.0260902	0.000983586	0.0066441
18	0.0607805	0.00443852	0.040667	0.0791952	0.00604492	0.1029	0.0258216	0.00822996	0.222396	0.0242833	0.00904046	0.0603704	0.0124454	0.0480929	0.196745	0.053877	0.0236368	0.0132446	0.00180348	0.00598719
19	0.00588072	0.00128052	0.0271719	0.322471	0.0016311	0.0109048	0.00185067	0.002177	0.286292	0.00468349	0.002221	0.0663554	0.000953139	0.0521258	0.193275	0.012606	0.00324549	0.00331573	0.000550335	0.00100895
20	0.657741	0.00657567	0.00581033	0.0193232	0.00107554	0.120424	0.000679107	0.00626091	0.0464957	0.0032187	0.00772643	0.00087194	0.00039114	0.0037227	0.0263246	0.0432056	0.0369439	0.0125741	0.000220038	0.000415521
21	0.0154451	0.00425145	0.00733017	0.0114136	0.303833	0.00367256	0.0144594	0.133272	0.00332533	0.231584	0.0930881	0.00253454	0.00557708	0.0114661	0.0076953	0.0114418	0.0169931	0.0711575	0.00371683	0.0477428
22	0.00871679	0.000485694	0.000470359	0.00204209	0.0222138	0.000642815	0.000612916	0.201761	0.00065949	0.573257	0.028982	0.000547547	0.00671886	0.00382672	0.000605625	0.00311105	0.00310906	0.140621	0.000982239	0.000634496
23	0.021336	0.00657626	0.000599091	0.0027878	0.0141438	0.00208782	0.00191656	0.270664	0.00201645	0.378556	0.0410316	0.000890901	0.00391848	0.00350387	0.00231326	0.00340887	0.01014	0.23145	0.000825222	0.00183317
24	0.114782	0.0064903	0.0218398	0.01451	0.111824	0.00739238	0.0861264	0.0193057	0.0119153	0.0604309	0.0567572	0.0201669	0.00406745	0.12429	0.0301006	0.0624665	0.109359	0.0577836	0.00313758	0.0772541
25	0.168887	0.0884536	0.00870658	0.0159823	0.00858098	0.17913	0.0105493	0.0228411	0.0143813	0.040543	0.0507135	0.0146732	0.00430708	0.0179013	0.0140113	0.0959685	0.179406	0.058144	0.00213191	0.00468745
26	0.0620936	0.00219083	0.338117	0.235614	0.00344632	0.0263418	0.0189363	0.00372621	0.0458188	0.00750034	0.00653188	0.0697008	0.00405595	0.0457648	0.0348517	0.0618875	0.0228859	0.0073724	0.000875044	0.00228836
27	0.0894297	0.278641	0.0143066	0.0229286	0.0221702	0.0307797	0.0361096	0.0591874	0.0223791	0.0642438	0.0328155	0.0287736	0.0085718	0.0230711	0.0236513	0.0705323	0.0708395	0.0839277	0.00499053	0.0126512
28	0.423883	0.00739565	0.00647604	0.00825515	0.00136159	0.0372069	0.00190619	0.00581333	0.00636979	0.0068572	0.0051991	0.00519208	0.00761603	0.0073135	0.0058926	0.403645	0.0351588	0.0230559	0.000364755	0.00103737
29	0.0354239	0.00421232	0.0635533	0.598504	0.00435253	0.0108126	0.0251055	0.00712171	0.0232999	0.0167154	0.00604656	0.0246383	0.00326176	0.0456712	0.033593	0.0548594	0.0259613	0.010625	0.00283264	0.00340942
30	0.142311	0.00565076	0.0692607	0.0746	0.00312345	0.0281055	0.0149308	0.0152693	0.0661815	0.0272648	0.00675087	0.0597525	0.00279594	0.0440103	0.0694426	0.312757	0.0420358	0.011729	0.000500434	0.00352744
31	0.00825224	0.00248653	0.00714837	0.0100644	0.449321	0.00392884	0.0162803	0.0377815	0.00230058	0.112533	0.0636963	0.00384304	0.00259503	0.00941481	0.00417712	0.0111073	0.0133037	0.0256228	0.00780198	0.208341
32	0.127488	0.0068984	0.1612	0.0962506	0.00108411	0.0522693	0.009342	0.0081534	0.0724207	0.0091959	0.0121043	0.0368927	0.000605253	0.0395053	0.0662829	0.230751	0.0409598	0.0276009	0.000388168	0.000607464
33	0.0749635	0.00402076	0.0521807	0.0236098	0.0122649	0.0577498	0.0894311	0.0244704	0.118593	0.0366554	0.0197463	0.109699	0.0317469	0.0548561	0.0916195	0.0836477	0.0606463	0.030069	0.00137066	0.0226594
34	0.024125	0.00482327	0.000480899	0.00105576	0.00448844	0.00444091	0.000406139	0.378362	0.00127349	0.186431	0.0297025	0.000714044	0.000231349	0.00130454	0.00149158	0.00135857	0.0189816	0.338942	0.000189105	0.0011979
35	0.102159	0.00695445	0.048032	0.124403	0.00282873	0.0386391	0.0395752	0.0042463	0.12682	0.0251788	0.00941226	0.0418954	0.00175015	0.13469	0.132068	0.107611	0.0425858	0.00583769	0.00184609	0.00346775
36	0.259924	0.00688974	0.0999392	0.058154	0.0126777	0.153562	0.0175385	0.0154493	0.0444944	0.0240316	0.00319187	0.0834018	0.0145102	0.0293352	0.0443454	0.0910038	0.0216255	0.0108049	0.00305355	0.00606789
37	0.0258257	0.00740151	0.00402393	0.0295885	0.0364754	0.00960577	0.0182364	0.0128852	0.0765253	0.195638	0.0719865	0.0418111	0.00308017	0.0401033	0.17972	0.111377	0.101732	0.0137877	0.00589848	0.0142975
38	0.0192437	0.00333465	0.00280341	0.0118198	0.100828	0.00224035	0.0208867	0.1748	0.00536732	0.263667	0.0865752	0.00118896	0.00417148	0.0179704	0.0145352	0.00927005	0.030645	0.169159	0.00110095	0.0603931
39	0.0100973	0.0018552	0.00238648	0.00336856	0.00248906	0.0305189	0.00237691	0.00324426	0.429906	0.017488	0.00643365	0.00594406	0.00180513	0.0162958	0.420325	0.032697	0.00555712	0.00487233	0.000942413	0.00139699
40	0.102707	0.0129871	0.00141364	0.00242745	0.00293145	0.00207882	0.00130771	0.21709	0.00145029	0.184781	0.00803494	0.00783117	0.000934591	0.00189746	0.0024339	0.0161529	0.0773613	0.354906	0.000405917	0.000867216
41	0.0160269	0.00113863	0.00118822	0.00185041	0.0258989	0.00137246	0.00150439	0.499296	0.00313533	0.178958	0.177791	0.00921818	0.00065055	0.00253097	0.00180493	0.0159172	0.00645803	0.0537734	0.00054445	0.000942646
42	0.0242404	0.00130176	0.00063588	0.00349295	0.0425255	0.00261888	0.00170208	0.139885	0.00310525	0.433297	0.205598	0.000681198	0.00055223	0.0109216	0.0040668	0.00510098	0.0242577	0.0757306	0.00254947	0.0177375
43	0.0859319	0.0102572	0.0130253	0.0393858	0.0169483	0.0163168	0.0233042	0.0162676	0.0316366	0.113522	0.07252	0.027579	0.00423706	0.153996	0.0866372	0.175746	0.0346437	0.01758	0.0470013	0.0134642
44	0.0344498	0.00709683	0.00121675	0.00562353	0.0438511	0.00296276	0.00437949	0.157693	0.00482184	0.390838	0.192014	0.00212082	0.000982738	0.012208	0.00735515	0.00777374	0.0209412	0.0860151	0.00222239	0.0154333
45	0.231323	0.00483521	0.00664691	0.00154155	0.00105505	0.0509188	0.00115394	0.00495887	0.00134278	0.0066125	0.00182321	0.00155627	0.000491082	0.00177397	0.00151485	0.670803	0.00820885	0.00260416	0.000345022	0.00049078
46	0.139327	0.0793411	0.0015877	0.0102544	0.00183601	0.00230263	0.00160316	0.203708	0.00200068	0.165711	0.074932	0.0028637	0.000772969	0.00230016	0.00967971	0.00513417	0.0145554	0.2806	0.000534252	0.000956401
47	0.0226208	0.00802563	0.000222767	0.000389248	0.00125407	0.00110812	0.000280276	0.458117	0.000344805	0.104564	0.0172399	0.000353862	0.000153763	0.000447828	0.00155294	0.000511646	0.0080426	0.374129	8.57708e-05	0.000555295
48	0.0236249	0.00129699	0.00055859	0.00358668	0.0416349	0.00257064	0.00155553	0.140772	0.00308846	0.433649	0.206626	0.000782803	0.000572822	0.0108393	0.00381507	0.00510889	0.0241892	0.0756427	0.00258805	0.0174978
49	0.0853178	0.0431257	0.00171987	0.0100987	0.00157926	0.0234494	0.0014487	0.0431165	0.00200908	0.0789534	0.0297348	0.00388972	0.000762599	0.0108011	0.00232965	0.0644976	0.502931	0.0928867	0.000487425	0.000861182
50	0.0056394	0.00121627	0.0014474	0.0149761	0.288305	0.00162509	0.0459526	0.00231425	0.00208489	0.017072	0.0038213	0.0118443	0.000902548	0.0115342	0.00222022	0.0150764	0.00267922	0.00868771	0.026838	0.535763
51	0.126469	0.00208772	0.0118433	0.00411902	0.00559452	0.674619	0.00217175	0.00213926	0.0108376	0.00733074	0.00921971	0.0107497	0.00124249	0.0097325	0.00477598	0.0981106	0.0130422	0.0045079	0.000583598	0.000823914
52	0.00537589	0.0140522	0.00164376	0.00289899	0.00169907	0.00241094	0.00178538	0.0586334	0.185798	0.266742	0.176016	0.00322225	0.000995482	0.0225191	0.0389752	0.0155651	0.0343825	0.165452	0.000599982	0.00123306
53	0.068985	0.00891091	0.0186306	0.0317759	0.00621393	0.0247828	0.0358268	0.0230947	0.205164	0.0220397	0.0126173	0.0742801	0.128678	0.0339567	0.114273	0.094352	0.0689121	0.019998	0.00152508	0.00598235
54	0.00269128	0.0116308	0.000693423	0.000938968	0.00153336	0.00456577	0.00079911	0.149748	0.00470177	0.0201608	0.0054413	0.00114443	0.00715602	0.00114954	0.00108713	0.00226908	0.0332549	0.750386	0.000222608	0.000425483
55	0.00607053	0.00937042	0.000530281	0.000753904	0.000899029	0.00327679	0.000593725	0.215126	0.00327536	0.0320679	0.00641117	0.000810681	0.00392231	0.000851588	0.00110021	0.00137916	0.0261755	0.686742	0.000180559	0.000462725
56	0.0623303	0.00533907	0.018936	0.068245	0.0087095	0.0194645	0.0169127	0.0119666	0.273184	0.0313171	0.0353873	0.0236271	0.0058704	0.0728805	0.255096	0.0383341	0.0283481	0.0186225	0.00206058	0.00336775
57	0.016509	0.00112257	0.00115361	0.00170447	0.0247091	0.00162806	0.00146052	0.509045	0.0029561	0.162951	0.176051	0.00954703	0.000575954	0.0024924	0.00174136	0.0150015	0.00656066	0.063675	0.000382358	0.000733141
58	0.355447	0.00455517	0.0132574	0.0140332	0.00585176	0.408367	0.00289841	0.0051388	0.0221595	0.00741812	0.00726316	0.00944393	0.00434109	0.00846148	0.01465	0.0805041	0.0235862	0.010373	0.000774949	0.00147645
59	0.0815179	0.00297608	0.029434	0.00564996	0.00449693	0.700334	0.00699785	0.0029305	0.012298	0.00770476	0.00615224	0.015764	0.00257297	0.00725151	0.00758128	0.0877226	0.0109116	0.00592838	0.000456987	0.00131813
60	0.0697184	0.0108811	0.038268	0.0798448	0.0171584	0.0292493	0.0276886	0.0220893	0.0600071	0.0439796	0.0262249	0.0430598	0.00679031	0.31848	0.0683493	0.0538107	0.0394296	0.028017	0.00700221	0.00995202
61	0.00221186	0.000730584	0.00079941	0.00485592	0.404855	0.000913856	0.016249	0.00129899	0.000944603	0.0253943	0.00513364	0.00586111	0.000410225	0.00569208	0.00111652	0.00932609	0.00159459	0.00924397	0.0210025	0.482365
62	0.551572	0.00653411	0.00410786	0.00710273	0.00339122	0.199145	0.00126788	0.00336632	0.0134445	0.00539222	0.00650192	0.00278034	0.0046613	0.00567225	0.00855861	0.114008	0.0419179	0.0195729	0.000382784	0.000619462
63	0.0496533	0.00626036	0.0226698	0.054906	0.00858383	0.0225003	0.0171411	0.0165209	0.377881	0.034186	0.0171075	0.0386686	0.0107759	0.0533378	0.1694	0.0404701	0.02854	0.0232009	0.00186614	0.0063307
64	0.172319	0.00110574	0.00598865	0.0402278	0.00154581	0.0220608	0.00507788	0.0173326	0.0148424	0.0211482	0.00551565	0.00384719	0.621819	0.0103843	0.0109851	0.0235715	0.00513127	0.0155116	0.00070139	0.000884436
65	0.00265632	0.000665782	0.00110896	0.00202512	0.0116779	0.00143244	0.000926484	0.00139946	0.0271738	0.0232988	0.0012764	0.00908941	0.000468784	0.00579213	0.901508	0.00249265	0.00429209	0.00168574	0.000251138	0.000778213
66	0.102365	0.0219261	0.00794584	0.0159604	0.00780164	0.0145354	0.00475385	0.0313768	0.01134	0.0378077	0.0114577	0.0155636	0.00212936	0.0104415	0.0141263	0.260555	0.352375	0.0726378	0.000846039	0.00405446
67	0.209164	0.00112163	0.0118463	0.0987917	0.00148505	0.00867099	0.00138005	0.00421231	0.0713775	0.0127704	0.00190882	0.0354468	0.000656816	0.0403712	0.0358601	0.44856	0.0122007	0.00277027	0.000443047	0.000962791
68	0.205295	0.05225	0.00194707	0.0112542	0.00132974	0.0508633	0.0067744	0.0428672	0.00191439	0.0203145	0.00628866	0.0274934	0.00399518	0.0105003	0.00557917	0.350026	0.118149	0.0818529	0.00046238	0.00084312
69	0.00213827	0.000665042	0.000822094	0.00556483	0.375082	0.000806744	0.0187151	0.00111923	0.000896772	0.02156	0.00388553	0.0063912	0.000358841	0.00635721	0.000983914	0.0102022	0.00152362	0.00932811	0.0237563	0.509843
70	0.00191318	0.000589607	0.000737468	0.000976849	0.0118569	0.00084145	0.000730689	0.00115888	0.0193264	0.0233985	0.00107681	0.00903446	0.000434985	0.0046407	0.915501	0.00167289	0.00398843	0.00142734	0.000201704	0.000491613
71	0.0810152	0.00200253	0.0288822	0.00602627	0.00454643	0.707423	0.0050599	0.00287147	0.0106822	0.00733642	0.00612685	0.0136227	0.00343148	0.0071459	0.00774632	0.0898169	0.00953564	0.00511424	0.000809166	0.000804881
72	0.0474354	0.00278056	0.273172	0.358981	0.00349684	0.0201027	0.0417614	0.00433936	0.0312414	0.00905567	0.007095	0.041202	0.00788839	0.0417427	0.0274279	0.0474358	0.0234278	0.0080462	0.00103449	0.00233244
73	0.0218113	0.00159646	0.00182561	0.00232138	0.0154266	0.00171058	0.00184815	0.518052	0.00274396	0.108777	0.185213	0.0556189	0.000898157	0.00311711	0.00263932	0.0236075	0.0122867	0.0389592	0.00051327	0.00103407
74	0.0169062	0.00722929	0.000355756	0.000523758	0.0011059	0.00115525	0.000388044	0.440804	0.00100273	0.0690251	0.011427	0.000556804	0.00129822	0.000499277	0.00136482	0.000845175	0.00944318	0.434554	0.000112459	0.00140243
75	0.0707972	0.017647	0.062548	0.0443321	0.0217439	0.0301422	0.116104	0.0177802	0.0512974	0.0362327	0.0157691	0.247977	0.0183484	0.0421632	0.0489625	0.068001	0.036676	0.0240972	0.00542358	0.0239568
76	0.0536121	0.00136021	0.103313	0.00876858	0.00205736	0.618926	0.00786077	0.00210632	0.0164318	0.00499782	0.00263149	0.023265	0.000670929	0.00308103	0.0166861	0.125708	0.00457151	0.00256336	0.000497639	0.000890878
77	0.0147552	0.011279	0.013155	0.0209114	0.245635	0.00169437	0.0488708	0.0986443	0.00844039	0.194403	0.0508282	0.00139676	0.0216993	0.0197129	0.0175971	0.0247572	0.0149438	0.115616	0.00044458	0.0752157
78	0.00445826	0.000806355	0.0020124	0.0027836	0.0115863	0.00223938	0.00164899	0.00137441	0.024814	0.0231559	0.0014122	0.0104964	0.000657597	0.00573392	0.895785	0.00349162	0.00469422	0.00189619	0.000246666	0.000706924
79	0.0277782	0.00722683	0.0150147	0.117153	0.00080806	0.00447248	0.0076041	0.201472	0.0897886	0.0451834	0.0174611	0.0158401	0.00356412	0.0778922	0.0978289	0.0138032	0.100832	0.152317	0.000176494	0.00378346
80	0.185584	0.00952662	0.00800079	0.010027	0.00727272	0.00795201	0.225747	0.0577959	0.00886732	0.0520891	0.0086436	0.081192	0.232771	0.0101146	0.010201	0.0172203	0.0135378	0.045982	0.00233387	0.00514165
81	0.0401465	0.00106426	0.605242	0.0197572	0.00115502	0.00200847	0.012736	0.0017301	0.0187538	0.00258643	0.00684525	0.194071	0.000534431	0.0138487	0.00227508	0.0711261	0.00238985	0.00251362	0.000477524	0.000738831
82	0.233784	0.00193612	0.00496503	0.0369316	0.00111986	0.0233592	0.00230141	0.0160177	0.0156773	0.0182556	0.00552686	0.00212671	0.555577	0.00966485	0.0110035	0.0328961	0.00939969	0.0184101	0.000270751	0.000776338
83	0.0967398	0.000621554	0.0683053	0.144152	0.00144975	0.0134814	0.0650671	0.00435673	0.134184	0.0230789	0.00907887	0.0589428	0.000378603	0.150904	0.142005	0.0525142	0.0205023	0.00487741	0.00419228	0.00516874
84	0.00191318	0.000589607	0.000737468	0.000976849	0.0118569	0.00084145	0.000730689	0.00115888	0.0193264	0.0233985	0.00107681	0.00903446	0.000434985	0.0046407	0.915501	0.00167289	0.00398843	0.00142734	0.000201704	0.000491613
85	0.00450335	0.00129664	0.00138783	0.00229561	0.0547636	0.00175891	0.00150752	0.00806648	0.00180991	0.600692	0.276439	0.00188596	0.000885391	0.0171545	0.00209662	0.00308653	0.00506141	0.0132467	0.000531534	0.00153114
86	0.0130832	0.00464491	0.00629025	0.0273784	0.0073392	0.00492474	0.00159939	0.187911	0.0453526	0.377412	0.0355972	0.00531946	0.00292352	0.00733278	0.0142446	0.0217226	0.0223	0.207626	0.0063199	0.000677895
87	0.0693814	0.00215399	0.0527914	0.209908	0.00574196	0.0299187	0.0184643	0.00125351	0.138372	0.0169706	0.0130717	0.0136105	0.00304364	0.149791	0.180815	0.0476586	0.0338311	0.0100673	0.00258215	0.000573525
88	0.672094	0.0103661	0.00284265	0.00621352	0.000935501	0.069812	0.000669122	0.00245452	0.0160123	0.00276024	0.00759133	0.00173974	0.00968306	0.00480423	0.00868796	0.0984742	0.0448146	0.03965	0.000126952	0.000267827
89	0.0671561	0.0116031	0.0107511	0.00902774	0.123188	0.00402441	0.172037	0.0422764	0.00918132	0.0419886	0.013421	0.0263909	0.0182358	0.0245731	0.0277517	0.0349207	0.0416029	0.0426299	0.0345252	0.244715
90	0.0579264	0.0145948	0.0448216	0.0543287	0.0475337	0.0221372	0.146346	0.00461636	0.00733705	0.0379935	0.0184781	0.111713	0.00209324	0.0349461	0.0376498	0.11756	0.12256	0.00882912	0.0133592	0.0951759
91	0.226532	0.00414546	0.00518575	0.00143765	0.000999237	0.039242	0.00109141	0.00434102	0.0012074	0.00617845	0.00137175	0.00148672	0.000626625	0.00141046	0.0014479	0.693154	0.00655503	0.00270194	0.000370622	0.000513713
92	0.70316	0.00973639	0.000695552	0.000784791	0.000380939	0.0265534	0.000425894	0.00080896	0.00379449	0.0013766	0.00477676	0.00218894	0.017295	0.00551646	0.0040273	0.122585	0.0505024	0.0450042	0.000140462	0.000247425
93	0.385836	0.0200421	0.00235806	0.0165162	0.0019545	0.0741837	0.00422897	0.0225586	0.00291276	0.0236474	0.0317354	0.00770735	0.00336583	0.0177094	0.00557424	0.261261	0.0759223	0.040621	0.000696893	0.00116802
94	0.109373	0.032656	0.0034162	0.0074118	0.00131952	0.0174515	0.00220488	0.0552842	0.0019258	0.0489454	0.0174628	0.0108602	0.00116911	0.00809983	0.00435207	0.160016	0.430203	0.0868178	0.000401643	0.00062981
95	0.0268643	0.00265208	0.000749938	0.00790318	0.0367192	0.00261967	0.00774425	0.12227	0.00485621	0.418929	0.204715	0.00184179	0.000579059	0.0217839	0.0111629	0.00993952	0.0185362	0.0799675	0.00209071	0.018076
96	0.0903411	0.00595066	0.15193	0.0653125	0.00969729	0.0294853	0.0459919	0.00627625	0.0668597	0.0194589	0.00805051	0.142189	0.0135102	0.0508734	0.0988277	0.138403	0.030328	0.0127405	0.000691281	0.0130823
97	0.0124364	0.00779154	0.00837227	0.0197387	0.218293	0.00149643	0.0512343	0.116711	0.00727111	0.185544	0.0441003	0.00141305	0.0116675	0.0236732	0.0204671	0.0184644	0.0256386	0.131561	0.000376655	0.0937494
98	0.0272299	0.0045779	0.000424436	0.000969239	0.00440643	0.00537903	0.000448181	0.3652	0.000639258	0.194545	0.0310579	0.000759214	0.000213938	0.00135544	0.00143198	0.00141925	0.0202258	0.338285	0.000155814	0.00127512
99	0.0221838	0.00302025	0.00936157	0.022294	0.0134404	0.00760915	0.00779762	0.0105503	0.0370083	0.028479	0.00768049	0.017065	0.00442811	0.0158641	0.715171	0.0222265	0.0380034	0.0121197	0.0015967	0.00410091
100	0.65398	0.00939627	0.0058858	0.0131547	0.00121884	0.112076	0.000823868	0.0045666	0.0317441	0.00466513	0.00751333	0.000985431	0.00275248	0.00395489	0.0167145	0.0686104	0.0396903	0.0216499	0.000184389	0.000433491
101	0.0212643	0.00959237	0.00895912	0.0224723	0.202334	0.00189076	0.050499	0.0841202	0.00882659	0.251071	0.0735584	0.00281724	0.0131007	0.0239989	0.0208288	0.0246859	0.0121748	0.106049	0.000567604	0.0611887
102	0.214477	0.0395146	0.00428972	0.00992184	0.00123225	0.0417642	0.00515332	0.035554	0.0015694	0.0369873	0.00508134	0.0206855	0.0028741	0.00759821	0.00906237	0.285365	0.211917	0.0659417	0.000411561	0.000599902
103	0.145327	0.0159765	0.0240811	0.0583071	0.000835689	0.0739424	0.0386655	0.00596195	0.0818661	0.0293272	0.00928302	0.0498482	0.000383748	0.124429	0.0920511	0.182919	0.0602801	0.00164807	0.000376189	0.00449135
104	0.140566	0.00983419	0.024679	0.0639642	0.00412048	0.208822	0.0200923	0.00884229	0.0404019	0.0337346	0.0092488	0.0265388	0.00372691	0.0753797	0.0536297	0.181297	0.0797468	0.00860861	0.00322085	0.00354672
105	0.0750612	0.00625667	0.136928	0.0593676	0.00573663	0.329229	0.032327	0.00653871	0.0411183	0.0140089	0.00743869	0.0750125	0.00705494	0.0318789	0.0345782	0.0808091	0.0403756	0.0101741	0.00153884	0.0045671
106	0.0067714	0.00160537	0.0108032	0.0129084	0.514655	0.00548195	0.00563356	0.0510149	0.00165971	0.156833	0.103691	0.00139662	0.00173347	0.00893252	0.00248996	0.00857689	0.0180179	0.0203682	0.000702801	0.066724
107	0.312982	0.00255581	0.0413507	0.0888682	0.0239233	0.172257	0.0130757	0.0127111	0.049416	0.0150472	0.00346196	0.0277226	0.0240383	0.0310559	0.0511579	0.0667323	0.0293665	0.0224656	0.00406877	0.00774244
108	0.0427302	0.00111936	0.597118	0.0196473	0.00130366	0.00158984	0.0122745	0.00171036	0.0183003	0.00265699	0.00674132	0.193134	0.000571964	0.0139479	0.00199478	0.0788976	0.0022155	0.00276587	0.000516564	0.000763655
109	0.0127831	0.000704973	0.00127936	0.00646576	0.0180779	0.00119293	0.000940674	0.17756	0.00414464	0.55542	0.059775	0.00100764	0.0135972	0.00647347	0.00195128	0.00935388	0.00820425	0.113649	0.00412986	0.00328854
110	0.0953037	0.00302441	0.0994218	0.075707	0.0104937	0.021479	0.0676922	0.00320532	0.0775744	0.0316013	0.00751965	0.132199	0.0130259	0.0612761	0.130715	0.0918515	0.040894	0.0135573	0.000842331	0.0226162
111	0.0019868	0.000593873	0.000684593	0.00543984	0.376118	0.000783161	0.0185748	0.00106969	0.000877369	0.0216678	0.00372634	0.00643521	0.000344105	0.0063169	0.000936848	0.00970079	0.00127531	0.00926312	0.0240349	0.51017
112	0.0694982	0.00211917	0.0534664	0.213291	0.00591347	0.0304059	0.0186353	0.00116309	0.13533	0.017601	0.0133774	0.0133364	0.00306202	0.151103	0.176939	0.0472214	0.0337892	0.0107242	0.00243663	0.000588163
113	0.0954028	0.000928595	0.0981041	0.184355	0.00440213	0.0308806	0.0339065	0.00150833	0.132198	0.0308976	0.00806654	0.0444978	0.00172346	0.120196	0.131796	0.0428528	0.0216333	0.0129185	0.00156345	0.0021682
114	0.0245304	0.00121604	0.000531633	0.00312606	0.0408881	0.00265838	0.00130813	0.145686	0.00312006	0.430349	0.202796	0.000605205	0.000589695	0.0104487	0.00344726	0.00505343	0.0247753	0.0777639	0.0027374	0.0183694
115	0.218875	0.0712903	0.00147558	0.017161	0.00126308	0.0724139	0.00905699	0.0489345	0.00181466	0.0284708	0.00851819	0.0233133	0.0050298	0.0151713	0.00507672	0.255123	0.116177	0.099263	0.000576018	0.000996346
116	0.107364	0.00541763	0.184651	0.132309	0.00326838	0.0535986	0.0322633	0.00166304	0.0839397	0.00629341	0.00608839	0.11918	0.000301682	0.0590955	0.0862349	0.0703223	0.0415058	0.00393947	0.000148174	0.00241586
117	0.0903521	0.0012614	0.0714492	0.174736	0.00316833	0.0221117	0.0415019	0.00253052	0.138493	0.0217085	0.00892999	0.0403038	0.00137825	0.141747	0.151618	0.0503237	0.0252197	0.00782856	0.00275665	0.00258258
118	0.02199	0.00188185	0.00082979	0.0035814	0.0255154	0.00311199	0.00208739	0.260944	0.00331172	0.351246	0.102306	0.00143156	0.00173278	0.00786556	0.00309497	0.00481946	0.0167906	0.178847	0.00136016	0.00725168
119	0.0488437	0.00190502	0.0993866	0.175834	0.00232016	0.0735709	0.0164986	0.0160623	0.016701	0.0562585	0.00365658	0.00349485	0.00147052	0.0941919	0.0221796	0.164689	0.182662	0.0050471	0.0137909	0.00143653
120	0.0668301	0.00468888	0.312295	0.138742	0.00239879	0.0722948	0.0264306	0.00253635	0.0870854	0.00466708	0.0024537	0.105179	0.000410299	0.0605071	0.0379627	0.054128	0.0194929	0.00117299	0.000141501	0.000583424
121	0.685431	0.00812967	0.00071603	0.000970215	0.000577599	0.0278174	0.000502695	0.00120187	0.00347732	0.0018537	0.00628576	0.00352848	0.0164762	0.00540875	0.00381802	0.131838	0.0611111	0.0403748	0.000161914	0.000319835
122	0.0226257	0.00135227	0.000624112	0.00275388	0.0363526	0.00210867	0.00149624	0.226557	0.00490094	0.375274	0.196607	0.00158127	0.000601716	0.00791252	0.00293083	0.00631741	0.018536	0.0760056	0.00207748	0.0133855
123	0.118886	0.00243277	0.100034	0.14432	0.00360289	0.0285119	0.0398946	0.00142926	0.10718	0.0159688	0.00736531	0.091655	0.00028557	0.0897433	0.136517	0.0598738	0.0388743	0.00842708	0.00110343	0.00389552
124	0.108228	0.0128583	0.0232817	0.0332653	0.124986	0.024224	0.0488294	0.0233919	0.0417519	0.115585	0.0309109	0.0902708	0.0111913	0.0335583	0.0957933	0.0545841	0.037623	0.0345534	0.0135877	0.0415261
125	0.0249734	0.00123682	0.000538736	0.00315028	0.0400672	0.00263635	0.0014054	0.151081	0.00310698	0.423318	0.19849	0.000619338	0.000574572	0.0101777	0.00345744	0.00504622	0.0248598	0.0845807	0.00263838	0.0180411
126	0.117984	0.00244765	0.0958042	0.142881	0.00395065	0.0281703	0.0400373	0.00142292	0.10604	0.0166728	0.00760544	0.094802	0.000298412	0.088187	0.13771	0.0604211	0.0409637	0.00895873	0.00109659	0.00454669
127	0.581976	0.0105302	0.001083	0.00349944	0.000947067	0.0317026	0.00126915	0.00514066	0.00469013	0.0050645	0.0129538	0.00440462	0.0129994	0.0106736	0.00989947	0.157859	0.0751972	0.0692362	0.00037277	0.000500995
128	0.144364	0.0249191	0.0162534	0.00375901	0.0158412	0.00269469	0.00246185	0.122646	0.00336887	0.0278492	0.0167165	0.00381835	0.00118965	0.00390859	0.00353055	0.0118197	0.203093	0.389385	0.000913993	0.00146696
129	0.0428051	0.000413635	0.365386	0.334795	0.00254165	0.0125868	0.0110391	0.00317016	0.0269919	0.00372851	0.00720844	0.0342526	0.00263822	0.0390925	0.0186627	0.0539094	0.0288397	0.00994175	0.00117227	0.000824514
130	0.0136845	0.010848	0.0113954	0.0185237	0.262506	0.0016709	0.0442104	0.100865	0.00718466	0.198442	0.0514191	0.00137006	0.0180275	0.0183556	0.0164953	0.0216262	0.0152489	0.113252	0.0003745	0.0745004
131	0.00198598	0.000594743	0.000687694	0.00539874	0.3763	0.000782956	0.0184542	0.00106899	0.000879241	0.0216718	0.0037281	0.0064019	0.000344433	0.00628523	0.000932629	0.0096945	0.00127531	0.00925869	0.0240314	0.510223
132	0.0426765	0.0717212	0.00119305	0.00291582	0.00125773	0.00291118	0.00146482	0.12534	0.00168899	0.0496882	0.0321232	0.0259216	0.000718116	0.0151869	0.00238084	0.20623	0.263452	0.15202	0.000446506	0.000664302
133	0.274423	0.0132443	0.00535242	0.00356402	0.00110371	0.0655007	0.00188911	0.00786262	0.00395744	0.00743262	0.0032682	0.00341029	0.00173867	0.00333406	0.00313802	0.563841	0.0232573	0.0127811	0.000373059	0.000528347
134	0.0147502	0.00333097	0.0011048	0.00415642	0.0454584	0.00234788	0.0040138	0.0818069	0.00446938	0.530926	0.199969	0.00189426	0.00190602	0.0141778	0.00576202	0.00556221	0.0135999	0.0561837	0.00134978	0.00723055
135	0.0308683	0.00730432	0.00184048	0.0266985	0.0356601	0.00184989	0.0619187	0.0788676	0.00957704	0.407724	0.112099	0.00524894	0.00150645	0.0315689	0.030122	0.0260386	0.00437136	0.115162	0.000629852	0.0109435
136	0.0173854	0.00758648	0.00173906	0.0090185	0.0195639	0.00303583	0.00652802	0.124308	0.0754786	0.354841	0.163731	0.00366004	0.00119761	0.0165244	0.0210455	0.0129088	0.0231761	0.127985	0.00203814	0.00824908
137	0.0471725	0.00317229	0.113395	0.186517	0.00385796	0.113598	0.0646292	0.00548052	0.00566191	0.0253439	0.00435706	0.0746355	0.242412	0.042252	0.02313	0.0277579	0.00709716	0.00630135	0.00134264	0.00188577
138	0.00493907	0.00191152	0.0038357	0.00755346	0.394855	0.00176215	0.0192916	0.0201595	0.00152669	0.0701734	0.0271935	0.00475028	0.00270902	0.007802	0.00285097	0.011122	0.00552231	0.0247235	0.0153471	0.371971
139	0.0441711	0.00154662	0.261269	0.402848	0.00270266	0.0175239	0.0166963	0.00444444	0.0318255	0.00952062	0.00753448	0.0385309	0.00281369	0.0456236	0.0268728	0.0454253	0.0271164	0.00888289	0.00259514	0.00205608
140	0.0232426	0.00194663	0.0109579	0.723159	0.00264704	0.00316669	0.0321533	0.00417196	0.00353497	0.0102016	0.003555	0.0197892	0.00126073	0.0553905	0.0208456	0.0575238	0.0184002	0.00484186	0.000883047	0.00232848
141	0.704226	0.0095225	0.000698091	0.000739001	0.000378523	0.0266104	0.000393704	0.000815884	0.00382487	0.00140008	0.00479563	0.00218372	0.0173313	0.00553175	0.00396584	0.122387	0.0501235	0.0446971	0.000137084	0.00023803
142	0.00461099	0.00119509	0.00136574	0.0022423	0.0564169	0.00175276	0.00140017	0.00936233	0.00171444	0.598991	0.274441	0.00190021	0.000782614	0.0171409	0.00202586	0.00315982	0.00525359	0.0140087	0.000541807	0.00169413
143	0.080205	0.0620612	0.0015502	0.0075133	0.00155285	0.0239163	0.00155005	0.0436689	0.00180801	0.0808757	0.0283933	0.0048442	0.000787	0.00925212	0.00221858	0.0644034	0.47272	0.111273	0.000533865	0.000872718
144	0.00838504	0.00123417	0.00364229	0.0125205	0.00752994	0.0129612	0.00283043	0.00325458	0.195288	0.0207845	0.004321	0.00994656	0.00111797	0.0171447	0.66961	0.0164742	0.00697601	0.00435335	0.000625819	0.000999716
145	0.0257288	0.00883312	0.0133277	0.116955	0.00085776	0.00395959	0.00820294	0.199658	0.0923776	0.0482163	0.0203001	0.0152137	0.00446667	0.0822504	0.093221	0.0175211	0.0954304	0.148433	0.000226641	0.00482017
146	0.0821626	0.00376528	0.102155	0.0363196	0.0113542	0.0438383	0.0749915	0.0100498	0.0859032	0.0278951	0.0114375	0.135769	0.0303621	0.0540777	0.100782	0.104782	0.0389915	0.0205111	0.00115627	0.0236964
147	0.0672048	0.00160496	0.105952	0.185049	0.0142237	0.086258	0.0276543	0.00205549	0.153831	0.0689043	0.010416	0.0278827	0.00710219	0.0838458	0.0998035	0.0244838	0.0163156	0.0153878	0.000690323	0.00133567
148	0.0385106	0.00275522	0.0166323	0.00383363	0.142375	0.00325959	0.0947747	0.0583822	0.00366103	0.0933239	0.00377209	0.0194994	0.0655311	0.0042695	0.0341957	0.0192397	0.00569908	0.00761633	0.169557	0.213112
149	0.00295243	0.00122537	0.00174685	0.00692395	0.36256	0.000896522	0.0231428	0.0083824	0.00128181	0.0369343	0.00812105	0.00638879	0.00230697	0.00735317	0.00208728	0.0117915	0.00274768	0.0183499	0.0207441	0.474063
150	0.213339	0.0389155	0.20255	0.00731669	0.00403768	0.114761	0.00625924	0.0075646	0.00811661	0.0121874	0.00477721	0.252397	0.00199437	0.00752211	0.00871672	0.0921257	0.00714369	0.00699078	0.000981151	0.00230422
151	0.0728941	0.0803874	0.00189214	0.0074926	0.00208243	0.037054	0.00193744	0.0278434	0.00242824	0.0956146	0.0307543	0.00339265	0.00114687	0.00908956	0.00297057	0.0462193	0.462334	0.112549	0.000714754	0.0012018
152	0.228888	0.00459029	0.00692038	0.00275616	0.00198022	0.101844	0.00149977	0.00509981	0.00292391	0.0104057	0.00337074	0.00338762	0.000760904	0.00367736	0.00260819	0.604246	0.00979066	0.00406171	0.000456487	0.00073251
153	0.391098	0.00430567	0.00341011	0.00748659	0.00556426	0.383209	0.001458	0.00349795	0.0142511	0.00766912	0.00705653	0.00398716	0.000962699	0.00705824	0.00840815	0.103533	0.0368176	0.00888046	0.000551346	0.000794817
154	0.0421796	0.0155815	0.130385	0.0594761	0.0123037	0.0509396	0.368638	0.0127564	0.0281318	0.0230086	0.0106987	0.0495622	0.0130521	0.038157	0.0372433	0.0513328	0.0265194	0.0154982	0.00265923	0.0118774
155	0.00667069	0.0011575	0.00959231	0.0129335	0.50864	0.00540733	0.00368881	0.0424242	0.00152483	0.15083	0.130015	0.00152851	0.000990292	0.0098107	0.00205182	0.00891957	0.0208941	0.0166148	0.000710377	0.0655961
156	0.00796169	0.000405166	0.000437231	0.00265598	0.0179102	0.000469032	0.000502817	0.188447	0.00073733	0.602302	0.0258444	0.000567666	0.00994202	0.00461624	0.000662012	0.00378022	0.00260074	0.128633	0.00129011	0.000234862
157	0.0539359	0.0137929	0.023086	0.0243226	0.0724163	0.0210443	0.0477622	0.0407772	0.0238152	0.0659818	0.0251011	0.0309778	0.0233744	0.0335026	0.0414915	0.0440807	0.0291916	0.0303559	0.267262	0.087728
158	0.0235032	0.0138226	0.000329994	0.00071811	0.00119344	0.00150473	0.000365236	0.42159	0.000822402	0.0963778	0.0193757	0.000461175	0.000680916	0.000564007	0.00175318	0.000819806	0.0104049	0.40507	0.000108781	0.000533817
159	0.0771283	0.00194419	0.0285611	0.00522913	0.00398914	0.718541	0.00506852	0.00251915	0.00998401	0.00749137	0.00625695	0.0138261	0.00111218	0.00695692	0.00697662	0.0884736	0.0097007	0.00494543	0.000403315	0.000892503
160	0.0445867	0.000524629	0.350885	0.34957	0.00260575	0.0128905	0.0144111	0.00333049	0.0277481	0.00399108	0.00809164	0.0377382	0.00229056	0.033586	0.020402	0.05171	0.0247484	0.00897954	0.000803703	0.00110664
161	0.00389892	0.000909149	0.0014012	0.00244093	0.0117186	0.00196871	0.00130146	0.00218522	0.0277082	0.024088	0.00181045	0.00958804	0.000650701	0.00614888	0.891753	0.00317854	0.00517919	0.00309132	0.000261801	0.000717661
162	0.0662075	0.0231256	0.0236071	0.0397328	0.0177487	0.0282003	0.0221623	0.0322227	0.0361498	0.0516536	0.0245212	0.0285073	0.00589934	0.0782809	0.0325481	0.0761798	0.336806	0.0608698	0.00409411	0.0114832
163	0.113438	0.00496784	0.0719321	0.124526	0.00796719	0.0344061	0.0359827	0.00891702	0.0914213	0.0284547	0.0117475	0.0895976	0.00471942	0.0789666	0.142156	0.0705259	0.0546768	0.0158869	0.00150752	0.00820292
164	0.069052	0.00423671	0.273452	0.135108	0.00575683	0.0817892	0.0233081	0.00559504	0.08001	0.00768252	0.00322497	0.103792	0.00103024	0.0894724	0.0434642	0.0471517	0.0221168	0.00242411	0.000404314	0.000929578
165	0.0101906	0.000515725	0.000855979	0.00535608	0.0145728	0.000581373	0.000670896	0.180651	0.0015314	0.600703	0.0265483	0.000772664	0.0159938	0.00572765	0.000941216	0.00690542	0.00404653	0.120706	0.0023907	0.000338942
166	0.0627019	0.00453224	0.306536	0.141756	0.00329982	0.0821157	0.0250213	0.00353151	0.0823192	0.00785205	0.0027488	0.107032	0.00270891	0.0595656	0.0358188	0.0501364	0.0196473	0.00166682	0.000328316	0.000680965
167	0.0132381	0.0264471	0.0884992	0.0394252	0.00481807	0.248905	0.334475	0.00687257	0.00607045	0.0106343	0.00633645	0.0335373	0.00265796	0.0540098	0.0085814	0.0648615	0.0361652	0.00883452	0.00198139	0.00364982
168	0.256836	0.00237365	0.0132719	0.00781103	0.011593	0.529934	0.00303211	0.00291854	0.0113881	0.00690922	0.00709296	0.00930954	0.00235531	0.00811797	0.00700077	0.0930174	0.0182469	0.00650583	0.000704344	0.00158073
169	0.0471365	0.0173348	0.0343326	0.0366769	0.0221485	0.0202458	0.418182	0.0236243	0.0360768	0.0361517	0.013799	0.0337296	0.0127251	0.0321586	0.0790558	0.0364171	0.0308807	0.0304056	0.00564246	0.033276
170	0.0235884	0.00834018	0.000222369	0.000357274	0.00125683	0.00116808	0.000256246	0.449724	0.00032431	0.109532	0.018139	0.000311556	0.00014343	0.000411259	0.00158701	0.000466221	0.00792067	0.375841	8.4946e-05	0.000325155
171	0.0975635	0.00294951	0.139677	0.233088	0.00515332	0.0237991	0.0395152	0.00208574	0.0652611	0.0162505	0.0065554	0.101905	0.00466501	0.0597755	0.0884611	0.058628	0.0335498	0.00849154	0.000811132	0.0118143
172	0.00221311	0.000681638	0.000798402	0.00485073	0.403788	0.000845228	0.0162922	0.0012766	0.00100442	0.0256077	0.00517854	0.00586112	0.000413139	0.00568192	0.0010795	0.00914838	0.0015145	0.00919993	0.0210367	0.483528
173	0.133421	0.0382021	0.00297422	0.00398566	0.28864	0.00325989	0.00748401	0.0423845	0.00330488	0.224424	0.154187	0.00400332	0.00144035	0.00841698	0.00468316	0.00561296	0.0194762	0.0506568	0.000862054	0.00258157
174	0.206486	0.00155914	0.0101393	0.085778	0.00171984	0.00824238	0.00187467	0.0044988	0.0825101	0.0112388	0.00269995	0.0273609	0.000832924	0.042718	0.0911342	0.404585	0.0110612	0.00357501	0.000650646	0.00133531
175	0.0544006	0.00597456	0.0214991	0.0260664	0.0139826	0.0892482	0.0741229	0.0398325	0.129685	0.0718964	0.0345106	0.0754669	0.0216682	0.0477907	0.0802208	0.0879853	0.0584378	0.0356629	0.00358297	0.0279656
176	0.0200868	0.00734893	0.000285726	0.000470261	0.00092767	0.000872853	0.000346273	0.483419	0.000389732	0.0866757	0.0143572	0.000433654	0.000180821	0.000431874	0.00147072	0.000609537	0.00638266	0.373991	0.000110402	0.00120944
177	0.146592	0.0160363	0.0250435	0.0601903	0.000895192	0.0743654	0.0387303	0.005765	0.0818404	0.0289816	0.00894353	0.051062	0.000396185	0.123011	0.0937065	0.179814	0.0582194	0.00170291	0.000354159	0.00435039
178	0.0582754	0.0131299	0.0869578	0.0371214	0.0218396	0.0210252	0.0309835	0.0195354	0.0354455	0.0286817	0.0157128	0.400205	0.0115186	0.0468058	0.0370622	0.0623204	0.0312435	0.0256208	0.00405636	0.012459
179	0.170201	0.00204831	0.00663095	0.0394473	0.00172675	0.0221813	0.00358502	0.0179907	0.0173742	0.0215117	0.00621944	0.00397851	0.612628	0.0108324	0.012204	0.0259456	0.00726442	0.0164894	0.000604223	0.00113651
180	0.0228732	0.00758248	0.000240388	0.000404657	0.00196055	0.00177461	0.000236878	0.438488	0.000336636	0.127083	0.0204139	0.000308058	0.000138558	0.000567729	0.00154365	0.000576214	0.00969591	0.365444	8.71476e-05	0.000245215
181	0.423468	0.0105166	0.00896232	0.0170269	0.00611474	0.281714	0.0039185	0.00827002	0.0190493	0.00937852	0.00880623	0.00885163	0.0079773	0.00930209	0.013144	0.0855546	0.0362744	0.0382892	0.00126939	0.00211293
182	0.0234424	0.00842836	0.00022443	0.000356013	0.00140692	0.00129152	0.000245709	0.44335	0.000312878	0.115358	0.0189232	0.000301646	0.00013971	0.000443906	0.00164812	0.000468778	0.00838114	0.375039	8.57123e-05	0.000152571
183	0.0574369	0.00596449	0.0316338	0.0915277	0.00820297	0.021566	0.0227845	0.0148194	0.282698	0.0325642	0.0156092	0.0432635	0.00604015	0.113759	0.143722	0.0458679	0.0350514	0.0211747	0.00216325	0.00415109
184	0.0274734	0.00880596	0.000250386	0.000508569	0.00139664	0.00148225	0.00028022	0.432672	0.000339328	0.121536	0.0193283	0.000552633	0.000176392	0.000493128	0.00169075	0.000833689	0.00971354	0.372215	8.75442e-05	0.000164927
185	0.0589198	0.0015972	0.0941598	0.0120162	0.00258114	0.604393	0.0080381	0.00243666	0.0167095	0.00618921	0.00306628	0.0230795	0.000959169	0.00572709	0.0160204	0.131462	0.00763821	0.00343013	0.00061989	0.000956933
186	0.0736688	0.00511574	0.139297	0.0586369	0.00938785	0.0251071	0.0720845	0.00588496	0.0781518	0.0208682	0.00686724	0.122999	0.0522862	0.058135	0.0974569	0.114495	0.0256282	0.0148696	0.000473565	0.0185861
187	0.0451189	0.000413106	0.369781	0.330759	0.00276743	0.0130402	0.0121574	0.00319379	0.0281702	0.0037392	0.00722961	0.0359769	0.00228501	0.0351365	0.0194687	0.0541662	0.0258264	0.00928468	0.000801109	0.000684493
188	0.0186705	0.00121303	0.299273	0.388002	0.00188667	0.0339444	0.00356503	0.00951393	0.00642586	0.0114306	0.0142408	0.0221874	0.00111938	0.0629176	0.0129022	0.0117982	0.0581802	0.0181921	0.0166598	0.00787731
189	0.0312463	0.00627272	0.000459022	0.0012362	0.00651192	0.00384282	0.000457814	0.35596	0.000603872	0.198108	0.032659	0.000795015	0.000236424	0.00120549	0.00182847	0.0013221	0.0170471	0.338643	0.000123531	0.00144119
