317	20
1	0.164146	0.000324899	0.00838292	0.0389673	0.00548996	0.0598778	0.0129737	0.0436618	0.0547558	0.0657965	0.0385975	0.0381421	0.0289001	0.0421261	0.039778	0.169333	0.0861512	0.066865	0.00912901	0.0266017
2	0.115195	0.00187102	0.00674842	0.00989977	0.0049762	0.0103036	0.00858206	0.058432	0.0113955	0.0660924	0.00650592	0.097731	0.0281731	0.0106028	0.0128704	0.294625	0.130011	0.116895	0.00213525	0.0069549
3	0.104112	0.00111109	0.0143258	0.0292922	0.0231878	0.067414	0.0427122	0.0508161	0.0385648	0.128321	0.085863	0.0268043	0.0329636	0.037776	0.0264997	0.119687	0.0684848	0.0439267	0.0064884	0.0516493
4	0.0617724	0.00568841	0.0662227	0.0417161	0.0120884	0.0454872	0.022503	0.011914	0.0513433	0.018184	0.0100641	0.155618	0.19614	0.0285519	0.0423502	0.1416	0.0383746	0.0293203	0.00434504	0.016716
5	0.190348	0.00326071	0.00597999	0.0218961	0.00657711	0.0123191	0.0091029	0.0123092	0.0397919	0.0660562	0.0159333	0.0135345	0.233524	0.0169243	0.0281391	0.0781613	0.0867394	0.149256	0.00161029	0.00853634
6	0.00727764	0.000616571	0.00101205	0.00157513	0.00888466	0.00249496	0.00106445	0.497069	0.00138591	0.0816144	0.0400539	0.00258167	0.00490298	0.00135333	0.00203456	0.00344923	0.0140618	0.327261	0.000225242	0.00108093
7	0.0385324	0.00269329	0.394075	0.050752	0.00721925	0.0214182	0.0177502	0.00750986	0.0284119	0.0108583	0.00852743	0.0909243	0.127969	0.0183438	0.019227	0.0967526	0.0302274	0.0191735	0.00155013	0.00808448
8	0.0430752	0.000648185	0.0328204	0.0586935	0.00156636	0.0401435	0.00189421	0.00282098	0.295066	0.0175864	0.00141946	0.0474777	0.0724821	0.0377318	0.264109	0.0666457	0.00444796	0.00913664	0.00061115	0.00162408
9	0.195315	0.170646	0.0159974	0.0182613	0.0188425	0.0604323	0.0188052	0.0461477	0.0296509	0.0277402	0.0162201	0.0427156	0.011799	0.0248145	0.0305141	0.142254	0.0451224	0.0603394	0.0106371	0.0137456
10	0.0304605	0.00487955	0.0186168	0.0228786	0.00612199	0.0409679	0.00871368	0.00711373	0.0225472	0.0546974	0.00607738	0.0133578	0.00429665	0.0213211	0.0682306	0.0961819	0.0146199	0.0107086	0.538786	0.00942285
11	0.00278692	0.000435963	0.185082	0.00920905	0.00679221	0.00193905	0.144827	0.00142136	0.0188635	0.00134443	0.00132441	0.524155	0.000706028	0.0313252	0.0450414	0.0032176	0.00227424	0.00503822	0.000395113	0.0138207
12	0.042109	0.0111929	0.0235707	0.0258227	0.0128997	0.0328464	0.0599904	0.0189716	0.10422	0.0226375	0.0124747	0.0381152	0.0199082	0.0473566	0.374523	0.0625506	0.0355853	0.0282485	0.00547672	0.0215002
13	0.00759381	0.00120714	0.00415323	0.0219635	0.0194026	0.00464171	0.0200052	0.0213095	0.376917	0.0045523	0.075206	0.00637261	0.0195479	0.287128	0.087325	0.00892225	0.00749613	0.00584298	0.000905155	0.0195077
14	0.0376049	0.00411923	0.0293375	0.0192398	0.00114461	0.0350137	0.082661	0.00190887	0.128433	0.0110823	0.0183134	0.0287957	0.000789495	0.0701778	0.39155	0.0906312	0.0297722	0.00927139	0.000468642	0.00968554
15	0.0123085	0.00144144	0.00718284	0.0139479	0.116392	0.00577114	0.01049	0.120794	0.0139222	0.306318	0.253333	0.00925752	0.00235181	0.0148164	0.00976707	0.0130516	0.0132029	0.0551013	0.00130002	0.0192508
16	0.351898	0.00879015	0.0137987	0.0592105	0.00957443	0.10632	0.0143713	0.0298921	0.0196752	0.0201074	0.0134258	0.0245768	0.0166213	0.0164744	0.0174737	0.0656897	0.0341439	0.165128	0.00264994	0.0101793
17	0.00673019	0.000507	0.572526	0.0426265	0.00141902	0.0319195	0.0199874	0.00175649	0.0215647	0.00363392	0.00200587	0.170083	0.00348393	0.00344387	0.0101789	0.0569258	0.0223296	0.0267733	0.000418645	0.00168673
18	0.0534584	0.173609	0.0255986	0.0298178	0.0188458	0.0509407	0.0244198	0.0383807	0.0322914	0.0441157	0.0201694	0.0423493	0.0122832	0.0319869	0.0397927	0.0652919	0.0380318	0.0453372	0.191873	0.0214072
19	0.58424	0.00762345	0.00248132	0.00392661	0.00197729	0.181344	0.00227344	0.00171857	0.00249895	0.00202431	0.00136521	0.00407743	0.0243322	0.00218918	0.00319608	0.116294	0.0108317	0.0457512	0.000460793	0.00139414
20	0.0340558	0.000796048	0.00209076	0.0364785	0.00974245	0.00376477	0.00725997	0.119935	0.0408073	0.274556	0.153619	0.00508095	0.00131613	0.0317805	0.0234093	0.0163909	0.0125387	0.217278	0.000318463	0.00878102
21	0.101589	0.00293666	0.0121256	0.00869677	0.00280652	0.727846	0.00455931	0.00586767	0.00736598	0.00646555	0.00294943	0.0286629	0.00515453	0.00627837	0.0127901	0.0274518	0.0113169	0.0141276	0.00716091	0.00384872
22	0.00515414	0.00332121	0.00262829	0.00294166	0.652641	0.00373149	0.0114043	0.0184668	0.00957099	0.0109548	0.00176126	0.00426511	0.00104295	0.00372803	0.00830085	0.00893806	0.00992773	0.0100973	0.00103922	0.230085
23	0.172406	0.00195188	0.00655829	0.0036852	0.00242637	0.726153	0.00303141	0.00419325	0.00368527	0.00281014	0.0016663	0.00990014	0.00251115	0.00412887	0.00573238	0.0282112	0.00837572	0.00967975	0.000667452	0.00222633
24	0.0293009	0.00457843	0.0120135	0.0096191	0.00310769	0.0212185	0.0742118	0.00290349	0.141906	0.0178474	0.00776814	0.0143289	0.00100791	0.084005	0.432538	0.0896506	0.0172241	0.00832259	0.000837583	0.0276103
25	0.0191306	0.0021227	0.160363	0.0269968	0.00296173	0.143364	0.045357	0.0016421	0.0842457	0.00192232	0.0166215	0.256295	0.00159562	0.0206837	0.132365	0.0477022	0.00474087	0.002709	0.000659655	0.028521
26	0.477443	0.00395006	0.0080692	0.0063739	0.00407831	0.0135723	0.00816686	0.00607544	0.0154129	0.00407766	0.00429204	0.0106889	0.0193057	0.00801423	0.0285418	0.165027	0.119416	0.0898585	0.00110274	0.00653352
27	0.0664057	0.00256956	0.000993212	0.0228605	0.0205375	0.0131084	0.000936929	0.232084	0.0114672	0.101546	0.0436907	0.0136278	0.000605177	0.0152443	0.00919337	0.0205368	0.0620274	0.354073	0.000216477	0.00827673
28	0.0700094	0.00638464	0.0394373	0.0256746	0.0117466	0.403546	0.0236187	0.0129733	0.0424416	0.01487	0.00830666	0.06436	0.00873472	0.0235778	0.114487	0.0630317	0.026711	0.0213811	0.0026959	0.0160115
29	0.0940012	0.00223227	0.0170109	0.00811199	0.00325001	0.728456	0.00692707	0.00728417	0.00852433	0.00543987	0.00281654	0.0322818	0.00437373	0.00833037	0.0117026	0.0241776	0.0125764	0.015271	0.00146678	0.00576571
30	0.0593318	0.000998037	0.00414917	0.00481368	0.00827944	0.00506453	0.00386135	0.0047553	0.59483	0.0649694	0.0378886	0.00637567	0.00219442	0.0114017	0.123934	0.0379746	0.00749425	0.0115388	0.000881149	0.00926352
31	0.026259	0.00719989	0.128167	0.0324751	0.00844027	0.210964	0.0548745	0.00140834	0.0714362	0.0017868	0.00420599	0.294255	0.00122857	0.0120082	0.0386091	0.0100636	0.00946217	0.00223018	0.000468565	0.0844571
32	0.098521	0.00657662	0.0202076	0.0135141	0.00999367	0.547959	0.00836363	0.0263579	0.0167401	0.016524	0.00909469	0.0305227	0.0086547	0.00963728	0.0182508	0.0414897	0.033953	0.070098	0.00532633	0.00821502
33	0.0400805	0.000661658	0.03181	0.0586308	0.0014277	0.0412584	0.00152781	0.00158248	0.296	0.0160559	0.00107575	0.0493009	0.0737955	0.0361285	0.270494	0.0667382	0.00285809	0.00870394	0.000426979	0.00144265
34	0.0375638	0.00845293	0.00155511	0.00183164	0.241765	0.00866924	0.00248789	0.134926	0.00267749	0.0965178	0.014319	0.0161277	0.000864556	0.00187745	0.00903939	0.0117881	0.052129	0.145964	0.00684128	0.204604
35	0.0325199	0.00491819	0.0768747	0.031589	0.0724114	0.059936	0.0835226	0.015938	0.0420908	0.021758	0.0127652	0.190586	0.0090204	0.0327761	0.0442037	0.0427922	0.0239715	0.0236443	0.00476948	0.173913
36	0.0106997	0.00112617	0.0024802	0.0355266	0.0145453	0.0246096	0.00275492	0.178517	0.0366409	0.0402795	0.00516219	0.00469086	0.00144594	0.0259792	0.136347	0.0062668	0.185422	0.283776	0.000592254	0.0031378
37	0.0579111	0.00409001	0.00941732	0.0100843	0.0125182	0.0133974	0.00723125	0.246798	0.0156445	0.0443902	0.0230482	0.0136455	0.0107527	0.0103375	0.0177354	0.0226643	0.0289546	0.44321	0.00122913	0.00694097
38	0.00980233	0.00106527	0.0291195	0.0219817	0.00254188	0.00776218	0.0105071	0.00477541	0.0520739	0.00521076	0.00272978	0.139309	0.0022886	0.00752625	0.0122461	0.0796261	0.592457	0.0164833	0.000635293	0.0018585
39	0.0091076	0.00045549	0.596158	0.0328829	0.00282113	0.023132	0.0132363	0.00129631	0.00988432	0.00236696	0.00188717	0.18308	0.0029785	0.00411028	0.00637814	0.0702977	0.0232471	0.0121141	0.000317498	0.00424808
40	0.0610824	0.000535203	0.0474038	0.0166724	0.00153474	0.00580794	0.0207033	0.00126892	0.00276317	0.00500698	0.00121723	0.0553746	0.456711	0.00905723	0.00538934	0.269714	0.0283779	0.00939498	0.000449579	0.00153528
41	0.0356012	0.00299017	0.0389908	0.0255866	0.00241214	0.118556	0.0044815	0.00253636	0.00385108	0.0172691	0.00247076	0.0915312	0.00571608	0.0036422	0.0443849	0.555686	0.0211612	0.00448878	0.000875125	0.0177683
42	0.00464337	0.000326515	0.698123	0.0164013	0.00140548	0.00673973	0.0221648	0.000984943	0.00757591	0.00144874	0.00272728	0.179769	0.00459725	0.0057985	0.00647983	0.0231005	0.00938794	0.00586533	0.00031532	0.00214484
43	0.00476438	0.00030815	0.746371	0.0194848	0.000836486	0.00865915	0.00843285	0.000988156	0.00637874	0.00139264	0.00269224	0.140717	0.00473744	0.0022868	0.00284377	0.0296289	0.0115514	0.00674627	0.000276722	0.000903379
44	0.40569	0.00134529	0.00353209	0.00512822	0.00530574	0.00515195	0.022717	0.00360514	0.0073063	0.0731481	0.0399737	0.00818738	0.0808726	0.00577595	0.00556463	0.0217315	0.0531562	0.231163	0.00101906	0.0196265
45	0.0664057	0.00256956	0.000993212	0.0228605	0.0205375	0.0131084	0.000936929	0.232084	0.0114672	0.101546	0.0436907	0.0136278	0.000605177	0.0152443	0.00919337	0.0205368	0.0620274	0.354073	0.000216477	0.00827673
46	0.0205684	0.000520484	0.096218	0.022439	0.00851461	0.0038169	0.0287485	0.00515646	0.0722299	0.00508106	0.00141253	0.448362	0.00121017	0.0281725	0.0598159	0.10628	0.083897	0.00555014	0.000476253	0.00152955
47	0.0976525	0.00507946	0.0341778	0.0363291	0.0113887	0.024884	0.0198466	0.0138817	0.0374717	0.0226794	0.0106813	0.0384431	0.304348	0.0323832	0.0439274	0.150004	0.0492914	0.0507638	0.00401727	0.0127494
48	0.047581	0.000334692	0.00117739	0.0278792	0.00200385	0.00200138	0.0221939	0.0390664	0.407243	0.00674892	0.00563873	0.0058884	0.00489169	0.0557152	0.198123	0.0525202	0.0772756	0.035378	0.00478172	0.00355769
49	0.137708	0.00142258	0.0198204	0.159084	0.00201264	0.00376216	0.00238044	0.00359957	0.0724976	0.0140151	0.00202377	0.0149191	0.177499	0.152641	0.0481107	0.0792072	0.0753692	0.0106618	0.000547828	0.0227187
50	0.105417	0.00201869	0.0134615	0.0078994	0.0033071	0.716505	0.006928	0.00695799	0.00945197	0.00633622	0.0044527	0.0337105	0.00427825	0.00917602	0.00993193	0.0284784	0.0118433	0.0131846	0.00117411	0.00548721
51	0.0617835	0.010969	0.0110908	0.0116384	0.0173153	0.0393135	0.0115311	0.00895504	0.0170763	0.0104023	0.0417626	0.023927	0.00904206	0.0113594	0.0252181	0.342287	0.312197	0.0167975	0.0023551	0.0149792
52	0.0102369	0.00232149	0.0017358	0.00461401	0.0256917	0.00321375	0.00282484	0.421469	0.00540453	0.192715	0.0746904	0.00749405	0.00190161	0.00445635	0.00470148	0.00658227	0.0102318	0.209926	0.0008253	0.00896371
53	0.0360897	0.00789796	0.0230374	0.0255614	0.01119	0.0311559	0.0527012	0.0225489	0.104728	0.0246404	0.0128928	0.0408792	0.0154422	0.0452038	0.369602	0.067302	0.0443574	0.0335461	0.0105574	0.0206662
54	0.00717161	0.00107187	0.0038214	0.0041795	0.0178268	0.00477887	0.351297	0.00353797	0.00470263	0.00366336	0.00232337	0.0062538	0.0020019	0.00485434	0.00610405	0.00722798	0.00606018	0.00575367	0.0204854	0.536885
55	0.210434	0.000450002	0.00251056	0.00121737	0.000795094	0.745628	0.00110237	0.00292305	0.00130662	0.00121809	0.000814642	0.00194551	0.000740819	0.0013234	0.00220841	0.0175721	0.00177971	0.00482933	0.000296656	0.000904624
56	0.398907	0.00100746	0.00267869	0.00379225	0.00496761	0.00450052	0.0115134	0.0128419	0.00415303	0.0487301	0.0138828	0.00650846	0.0122681	0.004849	0.00414693	0.0149954	0.0253965	0.413988	0.000670548	0.0102017
57	0.00394909	0.000493288	0.0013969	0.00613739	0.00146252	0.0122357	0.00138183	0.415117	0.00242246	0.0191118	0.0226307	0.0165056	0.0013489	0.00226514	0.00825946	0.0167601	0.162622	0.304398	0.000318523	0.00118357
58	0.0284907	0.0040586	0.0216435	0.0734947	0.0100173	0.0235133	0.033492	0.0129225	0.0779112	0.0555839	0.0099082	0.022433	0.018992	0.178635	0.321833	0.0431865	0.0220787	0.021703	0.0041065	0.0159966
59	0.0201093	0.00105924	0.208531	0.301718	0.00268924	0.00381956	0.0029318	0.00303735	0.0602106	0.00318011	0.00222974	0.0462802	0.0500237	0.0306347	0.0176804	0.0862155	0.0973043	0.0465789	0.000891481	0.0148747
60	0.0390009	0.000938099	0.0105277	0.443889	0.00270043	0.10609	0.00398565	0.00578373	0.0775573	0.00874087	0.00487679	0.0219174	0.00149335	0.125258	0.0827631	0.0209696	0.00680685	0.0324336	0.000704064	0.00356394
61	0.0814643	0.00603031	0.0127826	0.0588923	0.00290902	0.0197806	0.00513492	0.0143802	0.137834	0.0183131	0.00697252	0.0207225	0.233338	0.0616669	0.153566	0.0728108	0.0348372	0.0503346	0.00105346	0.00717684
62	0.0537391	0.00203165	0.00487353	0.0161477	0.0264564	0.00775357	0.00478306	0.261772	0.0134154	0.158332	0.0492259	0.0109453	0.00461174	0.0116539	0.0111592	0.013585	0.0271137	0.305626	0.000905541	0.0158685
63	0.0306058	0.00864939	0.0219896	0.022505	0.00989958	0.05365	0.011385	0.0103308	0.0241417	0.0414398	0.00580907	0.0138019	0.00424358	0.0195934	0.030514	0.0561672	0.015659	0.0149878	0.593835	0.0107917
64	0.0206723	0.00647586	0.00793563	0.0071865	0.0151959	0.00951087	0.00526752	0.428528	0.0116539	0.0887469	0.0395417	0.0108508	0.00338479	0.0114087	0.0122442	0.0171549	0.0281233	0.265154	0.00181764	0.00914684
65	0.00316535	0.000444904	0.00133544	0.00560586	0.00116739	0.0113844	0.00136934	0.427534	0.00171332	0.0172491	0.0224618	0.0165977	0.00122093	0.00151378	0.00648338	0.0140989	0.15299	0.312212	0.000303286	0.00114863
66	0.0175466	0.00400051	0.00883369	0.00827844	0.502503	0.0100679	0.0239856	0.0323669	0.0186562	0.0679218	0.0287568	0.015895	0.0052947	0.0105052	0.017144	0.0232857	0.0166663	0.0285445	0.00465081	0.155097
67	0.226071	0.000998535	0.120168	0.0718769	0.00339961	0.0583377	0.0046466	0.017694	0.148424	0.00427357	0.00484235	0.0420792	0.00294908	0.0867199	0.0229461	0.152143	0.00961618	0.00458584	0.000837718	0.0173908
68	0.0241855	0.00512489	0.0135711	0.00659647	0.00152891	0.0456026	0.0980106	0.00194918	0.0720433	0.0089969	0.0052496	0.015249	0.00110356	0.0519553	0.550068	0.0601472	0.0194156	0.00708072	0.000517298	0.0116038
69	0.00460188	0.000344291	0.681747	0.026922	0.00104199	0.0173299	0.0110807	0.00111204	0.00828116	0.00220432	0.00223291	0.153319	0.00308527	0.00184127	0.00483446	0.0472713	0.0188612	0.0126008	0.000284606	0.00100421
70	0.0703569	0.00659894	0.0244991	0.0337381	0.0223561	0.0366245	0.0232629	0.0674824	0.0402911	0.0575534	0.160603	0.038486	0.0167301	0.0290715	0.0378547	0.0896395	0.145038	0.072437	0.0053305	0.0220455
71	0.0416761	0.00132349	0.00440165	0.0379858	0.0371916	0.0207037	0.0211616	0.0384081	0.05643	0.00383473	0.00323851	0.117236	0.00198284	0.00472287	0.0224892	0.0584452	0.122643	0.401433	0.00143748	0.00325454
72	0.00832345	0.00121744	0.000694849	0.00206062	0.00987089	0.0012012	0.000729564	0.533313	0.00196008	0.119457	0.0271176	0.00218242	0.00167947	0.0018452	0.00159442	0.00263852	0.00420769	0.278374	0.00012549	0.00140714
73	0.046641	0.000376466	0.00120753	0.0272886	0.00197501	0.00214699	0.0219151	0.0374556	0.402075	0.00663603	0.00651381	0.00632657	0.00464141	0.0561928	0.200811	0.0515838	0.0823682	0.0358301	0.00446406	0.00355052
74	0.0830064	0.00827124	0.0224349	0.0369617	0.0261064	0.0292992	0.0233483	0.0452163	0.0414996	0.152554	0.0365104	0.0391556	0.151945	0.0315865	0.0399517	0.0819259	0.0528027	0.0697485	0.00578151	0.0218937
75	0.0455069	0.00719588	0.0319209	0.0368218	0.00137702	0.0136119	0.0619066	0.00246279	0.247367	0.00484159	0.03025	0.0626894	0.000910326	0.0784342	0.180136	0.137024	0.0416156	0.00478439	0.000653743	0.0104903
76	0.0349925	0.00120798	0.00272783	0.344422	0.00211988	0.00532776	0.0426431	0.00272739	0.062257	0.00800405	0.00190703	0.048022	0.00133677	0.400869	0.00361993	0.0161765	0.0152069	0.00373799	0.000722306	0.0019719
77	0.0308797	0.00181361	0.178586	0.274272	0.0069781	0.0184803	0.00781696	0.014023	0.0798245	0.0153918	0.00820298	0.0374679	0.0521253	0.0811027	0.0289256	0.0569111	0.0589122	0.034598	0.00159873	0.0120894
78	0.00853968	0.00240083	0.00434015	0.0139487	0.0187171	0.00410528	0.0050886	0.241981	0.0100397	0.258895	0.297269	0.0067818	0.00204056	0.0122449	0.0065908	0.0121252	0.0120269	0.069933	0.000740557	0.0121915
79	0.00390015	0.000579614	0.00164399	0.0100494	0.00926847	0.00191651	0.00187951	0.269619	0.00335071	0.253009	0.353832	0.00262584	0.000769522	0.0100109	0.00324253	0.00963216	0.0101934	0.0458302	0.000297111	0.00834908
80	0.0155024	0.00211328	0.00125565	0.00412374	0.0147647	0.00461844	0.00127073	0.382289	0.00326366	0.0816736	0.0721815	0.00352775	0.00307122	0.00352743	0.00380332	0.00502689	0.0099408	0.385955	0.000272386	0.00181798
81	0.148505	0.00293262	0.0120373	0.0113961	0.00460166	0.0406599	0.00738731	0.00734724	0.0638214	0.0083433	0.00461329	0.210347	0.00402606	0.0839169	0.0429812	0.117651	0.211911	0.0109179	0.00144166	0.00516231
82	0.0411739	0.00197362	0.12129	0.0424748	0.0119489	0.124159	0.0421089	0.00313598	0.0267746	0.00929081	0.00361942	0.220471	0.023301	0.0184138	0.0243962	0.226162	0.0287905	0.0076916	0.000531029	0.0222926
83	0.00421751	0.000700908	0.0339273	0.0224886	0.175264	0.0294186	0.181669	0.00379202	0.0359383	0.0101187	0.00172608	0.0955351	0.00109805	0.0337898	0.0490448	0.00467009	0.00346348	0.00381908	0.00542825	0.303891
84	0.0682671	0.00447246	0.0199029	0.0350267	0.0106809	0.0231014	0.0311661	0.0262675	0.233852	0.0206185	0.0137717	0.0451263	0.0141304	0.0438763	0.104372	0.0875121	0.158823	0.0376513	0.00694685	0.0144343
85	0.107147	0.00673224	0.0280218	0.0317501	0.00654356	0.0298192	0.0124799	0.0147247	0.0328365	0.0177988	0.00952792	0.0340625	0.165368	0.0234816	0.0332141	0.222002	0.172139	0.0395979	0.00351681	0.00923655
86	0.00603925	0.000782579	0.000827229	0.00098287	0.013962	0.00104573	0.000637829	0.537159	0.00189963	0.135377	0.0148747	0.00279138	0.00168725	0.000928726	0.00109407	0.00177517	0.00195788	0.274435	0.000176823	0.00156609
87	0.0205829	0.00150243	0.580741	0.0286404	0.00420312	0.0241728	0.0212192	0.00503645	0.0182835	0.00714859	0.00764102	0.148317	0.0114372	0.00955676	0.0148945	0.0450182	0.0204308	0.0135936	0.0105269	0.00705342
88	0.206219	0.000386541	0.00254632	0.00121086	0.000797989	0.750222	0.00109519	0.00294851	0.00130004	0.00121424	0.000819211	0.00199956	0.00056459	0.00132399	0.00221346	0.0173604	0.0017715	0.00478329	0.000295835	0.000927962
89	0.04176	0.00689446	0.0227476	0.0301697	0.0189098	0.0369949	0.0590618	0.017824	0.0971351	0.0223623	0.0108813	0.0374887	0.0142109	0.0495769	0.350752	0.0808232	0.0429955	0.0277014	0.00562102	0.0260887
90	0.111496	0.00302538	0.0105844	0.00642453	0.00279798	0.748814	0.00408933	0.0061147	0.00656502	0.00474763	0.00314807	0.0260938	0.00191877	0.0061516	0.00855282	0.0234058	0.010186	0.0108131	0.00116764	0.00390353
91	0.597435	0.000803693	0.00280201	0.00304703	0.0118776	0.00365613	0.0414374	0.00220982	0.00337336	0.00643937	0.003312	0.0247162	0.0047402	0.0138412	0.00441509	0.0525539	0.0403158	0.149285	0.000759112	0.03298
92	0.0283715	0.000610193	0.0891564	0.0266705	0.00462914	0.00514746	0.0481463	0.0032644	0.0880288	0.00478963	0.000988206	0.402566	0.000844736	0.0308514	0.0695792	0.127046	0.0641738	0.00346106	0.000378264	0.00129647
93	0.00664984	0.000350538	0.000920669	0.000962492	0.0023848	0.00140204	0.000780807	0.357231	0.00108502	0.0139976	0.00349286	0.00149232	0.000644803	0.000995742	0.00137805	0.00446905	0.00333137	0.59717	0.000170231	0.00109125
94	0.0488334	0.00215222	0.0535172	0.0825667	0.0224678	0.00921109	0.256274	0.0111092	0.0306183	0.0182706	0.013469	0.039787	0.003213	0.174368	0.085604	0.0221263	0.0199169	0.0421317	0.00179689	0.0625664
95	0.00950947	0.000606628	0.000689646	0.00247765	0.0118523	0.00184829	0.000681069	0.502602	0.00175282	0.102116	0.0264682	0.00179326	0.00215275	0.00181112	0.00159007	0.00276896	0.00466245	0.323384	0.000107616	0.00112577
96	0.117832	0.00702066	0.00822735	0.00688164	0.0339468	0.0943576	0.0093056	0.00509209	0.0122083	0.00532096	0.0332689	0.0107592	0.00810752	0.00960345	0.0335845	0.356825	0.206948	0.0105035	0.00177037	0.028437
97	0.0243947	0.00668788	0.122102	0.0330156	0.00807532	0.225156	0.056267	0.00162805	0.0669822	0.00181812	0.0036874	0.294046	0.00120689	0.0107104	0.0334904	0.00874659	0.00899561	0.00250497	0.000529573	0.0899555
98	0.0359734	0.00300305	0.0451406	0.0203984	0.00774629	0.529182	0.0223098	0.00740569	0.0255078	0.00792257	0.00506634	0.143798	0.00722626	0.0128751	0.0278258	0.0435214	0.0158023	0.0153007	0.00365946	0.0203357
99	0.570155	0.00879115	0.002727	0.00379839	0.0020792	0.204772	0.00243508	0.00182177	0.00250778	0.00209741	0.00141409	0.00430299	0.02822	0.0023114	0.00326575	0.104965	0.009874	0.0424907	0.000528586	0.00144211
100	0.0322534	0.131284	0.0151608	0.0155036	0.0106927	0.317081	0.0116628	0.0128277	0.0176497	0.0141185	0.0105302	0.0314425	0.00713657	0.112698	0.0236671	0.177139	0.0236607	0.0188927	0.00538744	0.0112118
101	0.00806619	0.00281844	0.00370485	0.00453765	0.129144	0.00413425	0.00366405	0.164003	0.0178965	0.479979	0.00803744	0.0247832	0.00229023	0.00473882	0.00568779	0.00757279	0.00631121	0.102699	0.00109719	0.0188337
102	0.111844	0.00329512	0.0109119	0.018963	0.00600309	0.0180435	0.0150175	0.0199672	0.192877	0.0133715	0.0438881	0.0160204	0.00982996	0.0287023	0.118305	0.0905869	0.193866	0.0756492	0.00361507	0.00924375
103	0.00597888	0.000290775	0.000540212	0.000678328	0.00724718	0.000719015	0.000493851	0.561421	0.000645792	0.10852	0.0167899	0.000816419	0.00175137	0.000663714	0.000847974	0.00147996	0.00124063	0.289242	0.000111503	0.000522098
104	0.0206271	0.0018223	0.0561596	0.0709671	0.0834977	0.0141544	0.19167	0.0109712	0.044462	0.0188713	0.0107486	0.0401696	0.00343903	0.135813	0.106924	0.0125754	0.0123665	0.0210866	0.00286156	0.140812
105	0.00451638	0.000827389	0.0372163	0.0282405	0.178839	0.037129	0.150935	0.00291006	0.0364959	0.00559352	0.00186926	0.0911076	0.00117515	0.0389749	0.0470725	0.00497547	0.00375692	0.00346944	0.00254695	0.322348
106	0.166997	0.00404301	0.00417986	0.0236348	0.00866624	0.00904786	0.00406289	0.245475	0.0408845	0.0260303	0.0128068	0.00792261	0.00197651	0.0238238	0.00979464	0.0121906	0.0518094	0.340691	0.00124381	0.00472
107	0.0205117	0.0109085	0.0339448	0.00910089	0.00164586	0.00773736	0.0732842	0.00211106	0.0689383	0.00391796	0.00437176	0.104662	0.0011262	0.0534641	0.125405	0.337908	0.133837	0.00340021	0.000988776	0.00273645
108	0.00290014	0.000438915	0.185508	0.00942952	0.0069941	0.00221267	0.148921	0.00140567	0.0194821	0.00140844	0.00132496	0.518695	0.000705942	0.0309146	0.0450548	0.0033595	0.00238024	0.00496318	0.000398268	0.0135041
109	0.0066311	0.000386918	0.000969576	0.000881076	0.000982671	0.00122473	0.000794005	0.331634	0.00111991	0.00163047	0.000766082	0.00131875	0.000449984	0.00102056	0.00122676	0.00481192	0.00159885	0.641664	0.00016716	0.000720856
110	0.0200143	0.00192903	0.00338328	0.0148921	0.00906533	0.0142316	0.00263631	0.355422	0.0110599	0.0341496	0.0229441	0.0174425	0.00211205	0.00911158	0.0222389	0.0172478	0.127465	0.308529	0.000750734	0.00537515
111	0.00631826	0.000370557	0.000927393	0.000865634	0.0012324	0.00118308	0.00079911	0.357768	0.00105203	0.00591025	0.00149942	0.00127926	0.000585206	0.000953783	0.00118439	0.00442435	0.00171233	0.611084	0.00016585	0.000684924
112	0.0172445	0.00155055	0.129455	0.0166678	0.0121001	0.0215107	0.173234	0.00537284	0.0347444	0.00778579	0.00476943	0.382758	0.00319001	0.0291798	0.0551126	0.0458597	0.0241124	0.0102295	0.00243894	0.0226836
113	0.0167163	0.00250094	0.0257575	0.0103026	0.00489686	0.591967	0.0135001	0.00471717	0.0141623	0.00497925	0.00376759	0.235244	0.0034954	0.00660808	0.012412	0.0150548	0.00789886	0.0106752	0.00134393	0.0140003
114	0.0055239	0.000273125	0.000539133	0.000642008	0.00662048	0.000660985	0.000470588	0.569732	0.000613557	0.106304	0.0151404	0.000792542	0.00167019	0.000600535	0.000750926	0.00133459	0.00140126	0.286369	0.000107076	0.000454154
115	0.0292479	0.00168542	0.0108309	0.00644743	0.00564412	0.0282663	0.355371	0.00459095	0.0350755	0.00626436	0.00312724	0.187161	0.00248137	0.00789449	0.10106	0.0867957	0.0706738	0.0073522	0.00349002	0.0465412
116	0.00555361	0.000399468	0.000638585	0.000905203	0.0103432	0.00113668	0.000665082	0.522081	0.000774276	0.0943698	0.0246542	0.00103204	0.00239634	0.000840233	0.00101619	0.00161503	0.00192713	0.32893	0.000140922	0.000581051
117	0.009152	0.00130908	0.0145674	0.0154827	0.105608	0.00738877	0.272042	0.00858367	0.072541	0.0341418	0.00421892	0.0339514	0.00232831	0.0527044	0.173166	0.012343	0.0128668	0.0195737	0.0134012	0.134629
118	0.0139031	0.00183255	0.204698	0.00951118	0.0335669	0.107907	0.244578	0.00646282	0.0124949	0.0327099	0.00435927	0.14026	0.00511322	0.0348725	0.0412011	0.0475991	0.0387808	0.00979517	0.00195498	0.00839911
119	0.104607	0.167814	0.0137919	0.0164574	0.0205976	0.0260104	0.0141164	0.258305	0.020689	0.0319622	0.0172855	0.030217	0.00818752	0.0166082	0.0271534	0.0920265	0.029797	0.0816276	0.00676695	0.0159793
120	0.0218248	0.000648248	0.00255449	0.0215735	0.00332765	0.00482175	0.0192442	0.055186	0.390557	0.0280837	0.00326079	0.00506255	0.00239705	0.0487277	0.19962	0.0235711	0.0417723	0.111067	0.00210126	0.0145992
121	0.0737941	0.00993277	0.00241837	0.067701	0.00149575	0.00258459	0.00226264	0.0185705	0.0849621	0.0143029	0.00158083	0.00349807	0.332498	0.0797058	0.146168	0.0491347	0.0266238	0.0794285	0.000534353	0.0028035
122	0.196861	0.0154576	0.0221722	0.013004	0.00225394	0.0707048	0.00232178	0.0127928	0.0567716	0.00250019	0.00615469	0.00968039	0.0386757	0.018927	0.0572013	0.249075	0.180167	0.0402135	0.000556421	0.0045084
123	0.0760417	0.000888709	0.0479413	0.0731309	0.0177895	0.116628	0.0215194	0.00356383	0.0923809	0.0102545	0.00249242	0.0998193	0.102589	0.0309573	0.0530013	0.177091	0.0253803	0.0243891	0.00106101	0.0230816
124	0.0874019	0.00145452	0.0278353	0.0415018	0.0107484	0.174873	0.0145726	0.00479506	0.0878408	0.00967044	0.0039413	0.0926354	0.07721	0.0200122	0.0595372	0.166433	0.0324862	0.0318556	0.00126662	0.0539288
125	0.116493	0.00182035	0.0417526	0.0102033	0.00495877	0.49631	0.00688379	0.00887489	0.0105904	0.0400738	0.00729797	0.0192843	0.00320509	0.00801588	0.0144531	0.027576	0.126074	0.0490024	0.00176364	0.00536615
126	0.0154423	0.000602501	0.0615363	0.0348813	0.0118977	0.00729984	0.0316675	0.0592944	0.0248084	0.0984064	0.335768	0.0829822	0.0128456	0.0139088	0.066069	0.0204774	0.0300489	0.0443945	0.0144388	0.0332308
127	0.0682064	0.0110635	0.00178426	0.0146181	0.0160409	0.0188375	0.00166346	0.267371	0.0100468	0.0556479	0.0393774	0.0109577	0.00134295	0.01027	0.0141114	0.0148253	0.0444618	0.393983	0.000709065	0.00468158
128	0.143161	0.00650036	0.0133744	0.0228734	0.00771535	0.0660958	0.0147747	0.13134	0.0746941	0.0338332	0.018375	0.0253736	0.0136994	0.0385693	0.112646	0.107094	0.0450415	0.0762106	0.0333013	0.0153272
129	0.0423051	0.00108126	0.300407	0.0527906	0.00402412	0.0654475	0.0248966	0.00725873	0.026197	0.0284501	0.0036746	0.12479	0.00648901	0.014349	0.0137978	0.183092	0.0649161	0.0304414	0.000762374	0.00482988
130	0.187404	0.0160476	0.0232657	0.0145224	0.00249306	0.0519167	0.00243798	0.0138035	0.0507311	0.00340578	0.00709815	0.00927243	0.0491105	0.0156675	0.054733	0.278342	0.177287	0.0365421	0.000745229	0.00517397
131	0.0971836	0.0025306	0.00819358	0.173328	0.00584663	0.0454134	0.00793857	0.0392863	0.0188945	0.0492554	0.063257	0.0159167	0.112651	0.0138738	0.0159617	0.0988196	0.133035	0.0849145	0.00298699	0.0107139
132	0.0508756	0.000311209	0.0987456	0.122783	0.00154905	0.086917	0.0490387	0.00907841	0.0542335	0.027638	0.00101336	0.107396	0.00941265	0.0330776	0.0147615	0.207318	0.110659	0.0132684	0.000298924	0.0016246
133	0.129272	0.00343599	0.0242919	0.0374033	0.0151673	0.0222225	0.165652	0.0149031	0.0691182	0.0225881	0.0823306	0.032339	0.00576319	0.136367	0.0444285	0.112991	0.0360381	0.019445	0.00289098	0.0233515
134	0.039359	0.00824192	0.00155934	0.00193582	0.243116	0.00923841	0.00267733	0.132066	0.00254198	0.0935887	0.0139035	0.0154013	0.000880171	0.0019565	0.00969534	0.0125245	0.051664	0.145803	0.00726379	0.206583
135	0.078752	0.0111134	0.025594	0.0242971	0.00965123	0.154049	0.0162437	0.0108694	0.0352054	0.013984	0.0109476	0.0399925	0.0175854	0.0490463	0.069015	0.282731	0.113403	0.0215178	0.00402789	0.0119743
136	0.0158023	0.00123638	0.0285395	0.0257328	0.129845	0.0054805	0.131512	0.0627377	0.0369691	0.127311	0.0647625	0.0151115	0.0144561	0.0759793	0.0338377	0.0398742	0.0229983	0.026255	0.0147729	0.126787
137	0.0591652	0.0062141	0.0100318	0.0494449	0.00915131	0.0179946	0.0137497	0.0106556	0.0189618	0.0177097	0.00753136	0.0233374	0.00682288	0.0267875	0.152237	0.364267	0.0578207	0.0150091	0.100453	0.0326551
138	0.0730073	0.0018161	0.0542987	0.0319329	0.00522642	0.295402	0.00684345	0.0274798	0.0341116	0.0727666	0.025249	0.0559393	0.00548007	0.0101589	0.039665	0.136284	0.0790327	0.0366941	0.00201825	0.00659377
139	0.186344	0.0317725	0.00229302	0.00253606	0.0100463	0.0527867	0.00185906	0.0020807	0.00268202	0.0020168	0.00301682	0.00453612	0.00224574	0.00253821	0.00440103	0.630492	0.0522187	0.00309545	0.000562916	0.00247573
140	0.0196371	0.00182238	0.58496	0.037524	0.00588488	0.0223705	0.0192032	0.0062395	0.0196126	0.00871136	0.00686502	0.135094	0.00946172	0.0142693	0.0156742	0.0467718	0.0241072	0.0137271	0.00137809	0.00668658
141	0.107256	0.00181929	0.0116193	0.00716266	0.00223467	0.743283	0.00268051	0.00559122	0.00557482	0.00632031	0.00280258	0.0252232	0.00302198	0.0068471	0.00962167	0.0272236	0.0117878	0.0114942	0.00442201	0.00401394
142	0.0244559	0.00109914	0.442394	0.0913321	0.00339573	0.0310925	0.0208004	0.00426065	0.0281517	0.00858653	0.00427033	0.115556	0.0123488	0.0146595	0.0123507	0.0984059	0.0615746	0.0184591	0.00102862	0.00577848
143	0.225908	0.000604281	0.00242142	0.00124306	0.000801268	0.728163	0.00110566	0.00290154	0.00134456	0.00125131	0.00081193	0.00190999	0.00137994	0.00133379	0.00222206	0.0186511	0.00187057	0.00486883	0.000297942	0.000909388
144	0.00479014	0.000283553	0.000772649	0.000719263	0.00403931	0.000904847	0.000582433	0.522781	0.000808059	0.0560102	0.00888485	0.00094218	0.00129349	0.00065225	0.000901877	0.00234894	0.00205021	0.39054	0.000142492	0.000552124
145	0.170989	0.00374946	0.0319282	0.00957242	0.00471226	0.0195148	0.0143575	0.00710439	0.0182312	0.00709084	0.00643726	0.0966058	0.00731722	0.0166237	0.0943259	0.326551	0.144035	0.0120118	0.00167266	0.00716961
146	0.00618883	0.0002883	0.000551614	0.000753973	0.0075025	0.000778153	0.000503323	0.557442	0.000708997	0.108111	0.0175051	0.000867366	0.00180687	0.000711668	0.000833939	0.00155519	0.00136449	0.291839	0.000110302	0.0005774
147	0.0136217	0.0192208	0.00644127	0.00644138	0.450156	0.00616062	0.0390434	0.0454376	0.011737	0.0275215	0.00813327	0.00949756	0.0035491	0.0122385	0.0295717	0.0494193	0.0170925	0.0447706	0.00431409	0.195632
148	0.220912	0.00195186	0.0699683	0.114873	0.00566376	0.152933	0.0119627	0.00745087	0.0278918	0.00936289	0.00509928	0.091104	0.00551606	0.0672825	0.0344858	0.0917863	0.0629109	0.00966483	0.0014993	0.00768109
149	0.185631	0.0290457	0.00214991	0.0024901	0.00902735	0.0510381	0.00188796	0.0020337	0.00233609	0.00202316	0.0023525	0.00461327	0.00202586	0.00243256	0.00348034	0.648415	0.0436369	0.00295844	0.000517059	0.00190577
150	0.0257466	0.00689992	0.0144207	0.00362094	0.0025004	0.00416872	0.0720851	0.00343751	0.0305015	0.00362022	0.0024462	0.0570588	0.00156977	0.0224345	0.170133	0.343588	0.226423	0.00487554	0.00142314	0.0030462
151	0.00286263	0.000454235	0.18731	0.00956887	0.00761957	0.00278368	0.152472	0.00138055	0.0200021	0.00163267	0.00131829	0.511226	0.000797312	0.0312739	0.0442139	0.00346035	0.00264049	0.00497183	0.000443848	0.0135673
152	0.00642298	0.000377046	0.000958092	0.000880865	0.000913148	0.00119994	0.000785797	0.35267	0.00109371	0.00231811	0.000931009	0.00131274	0.000518736	0.00096908	0.00118615	0.00458683	0.00163069	0.620385	0.000165691	0.00069453
153	0.0328077	0.00748726	0.0233005	0.0236518	0.00985658	0.0491072	0.0108111	0.00929701	0.0236362	0.0424996	0.00824044	0.0149907	0.00504439	0.0194451	0.0293741	0.0561905	0.0151951	0.0136469	0.594172	0.0112462
154	0.00504613	0.000262021	0.000520635	0.000641241	0.00630663	0.000655006	0.000465245	0.577324	0.00058929	0.095576	0.014152	0.000773838	0.00173622	0.000561751	0.000727163	0.00114061	0.00173902	0.291236	0.000109311	0.000437899
155	0.0189922	0.00107664	0.595399	0.0277376	0.00524781	0.0218984	0.0189776	0.00613112	0.0164693	0.00715936	0.00863721	0.149621	0.00871335	0.0103399	0.0134631	0.0455709	0.0194881	0.0145341	0.00418916	0.00635367
156	0.0265578	0.00537675	0.0306441	0.0225578	0.0346731	0.0298916	0.241591	0.0107993	0.0561467	0.0221127	0.0106164	0.0734749	0.00447968	0.0478211	0.225427	0.0453613	0.0296748	0.0225348	0.00762088	0.0526381
157	0.0182193	0.238508	0.00785936	0.00963751	0.00851127	0.0102882	0.00712543	0.1059	0.00957168	0.194204	0.0383223	0.207087	0.00468743	0.0104821	0.0122289	0.0169883	0.0127227	0.0770147	0.00365472	0.00698603
158	0.0536733	0.0027518	0.00737865	0.00934537	0.172473	0.0169934	0.0688731	0.00825436	0.010217	0.00821497	0.00878456	0.0120325	0.00400936	0.0089759	0.0134881	0.303038	0.198751	0.0119714	0.00206182	0.0787127
159	0.00275953	0.000506008	0.00145645	0.00176499	0.378465	0.00193462	0.00147352	0.00757587	0.00207333	0.368341	0.175549	0.00230034	0.000839334	0.00176029	0.00216471	0.00316638	0.0078204	0.0140103	0.000479352	0.0255593
160	0.0992974	0.00270769	0.00689669	0.0992512	0.00469163	0.00960807	0.00658898	0.00617608	0.00994833	0.00949317	0.00482564	0.0118053	0.00373234	0.035428	0.0893805	0.349251	0.0699043	0.0100752	0.109661	0.0612774
161	0.0263435	0.00115209	0.0902678	0.0331924	0.00206544	0.0163751	0.073108	0.0017115	0.11913	0.00428295	0.00393931	0.305814	0.000776761	0.0338091	0.110085	0.137918	0.0336481	0.00239198	0.000699201	0.00328893
162	0.191122	0.0580189	0.00283454	0.00312361	0.00914151	0.0555983	0.00208136	0.00252371	0.00369514	0.00224069	0.00340705	0.00684031	0.00328779	0.00342627	0.00541276	0.588401	0.0505137	0.00490034	0.000828946	0.00260174
163	0.182781	0.00111584	0.0698556	0.0762662	0.0160604	0.00435845	0.0933203	0.0157434	0.0744619	0.00332309	0.0449037	0.0210922	0.00147521	0.0803768	0.0477327	0.0576041	0.149478	0.0190735	0.000716164	0.0402615
164	0.0279143	0.00267663	0.439958	0.0470865	0.0091039	0.0352141	0.0234196	0.00881752	0.0298589	0.0110629	0.00882143	0.121877	0.00975998	0.0168455	0.0222885	0.0781409	0.076926	0.0206881	0.00149447	0.00804505
165	0.0382101	0.00438586	0.0493373	0.0193284	0.0057517	0.55374	0.017609	0.00665084	0.0232271	0.007801	0.00528304	0.144908	0.00715141	0.0113834	0.0206456	0.0372321	0.0149169	0.0134675	0.00163322	0.0173372
166	0.00902016	0.00284654	0.00291971	0.0119669	0.0222385	0.00355614	0.00514181	0.231985	0.00799459	0.272353	0.302419	0.00581712	0.00176143	0.011187	0.00572429	0.0107339	0.0128635	0.0690144	0.000709313	0.00974809
167	0.00498	0.000262136	0.000525457	0.000641653	0.0062763	0.000656036	0.000459874	0.575703	0.000589241	0.0944212	0.0140282	0.000781219	0.00172874	0.000555966	0.000718923	0.00114608	0.00173881	0.294233	0.00011502	0.000439385
168	0.0294858	0.00245651	0.34891	0.035761	0.011327	0.0359983	0.0704593	0.00830293	0.0323449	0.0145634	0.00723831	0.149483	0.00809281	0.0232966	0.0360356	0.117074	0.0409642	0.0152083	0.00115788	0.0118407
169	0.143736	0.00166495	0.00189293	0.00432875	0.0040781	0.00283686	0.00181116	0.13305	0.0053983	0.0160131	0.00209395	0.002792	0.0011568	0.0037716	0.00297327	0.0050393	0.00921933	0.656181	0.00039854	0.0015648
170	0.00591646	0.000529251	0.00126381	0.00553625	0.00186289	0.00999931	0.00129743	0.431474	0.00177356	0.0249538	0.0204083	0.0142519	0.00114736	0.0019013	0.00598823	0.0124951	0.135883	0.321813	0.000275057	0.00122908
171	0.0156702	0.000600986	0.0517973	0.081142	0.0262269	0.0186906	0.0544818	0.0527528	0.0371666	0.0787515	0.220443	0.0575294	0.00740652	0.0657429	0.0842639	0.0216127	0.0246925	0.0565922	0.00512384	0.0393125
172	0.275733	0.00155129	0.00257079	0.00131376	0.000979017	0.656113	0.00123762	0.00271494	0.00140233	0.00126774	0.000912395	0.00197601	0.0047263	0.00147464	0.00228344	0.0314261	0.00282135	0.00815408	0.000393486	0.000948397
173	0.0970709	0.0125796	0.0220262	0.023911	0.0155392	0.0440588	0.0197791	0.0162566	0.0304847	0.014068	0.0120181	0.0398064	0.0251972	0.020639	0.0461333	0.347987	0.168031	0.0254056	0.00532558	0.013683
174	0.0180048	0.00132163	0.0267624	0.015113	0.00329029	0.00665688	0.014329	0.00571877	0.0664605	0.0053512	0.00333819	0.17103	0.00269817	0.0137082	0.018669	0.0824851	0.528008	0.0135363	0.00100701	0.00251184
175	0.214895	0.00283887	0.111538	0.00906178	0.0639124	0.279373	0.00629736	0.00597571	0.00768616	0.00847033	0.0052367	0.0125507	0.00447065	0.00845861	0.0696874	0.158989	0.0126737	0.0108474	0.00159469	0.00544281
176	0.0061797	0.000398975	0.000839019	0.000850695	0.00171682	0.00121098	0.000771634	0.383831	0.00103911	0.0134169	0.00298458	0.0013322	0.000654409	0.000908316	0.00119795	0.0042286	0.00258076	0.575003	0.000161736	0.000692959
177	0.20623	0.00868626	0.0227559	0.0292925	0.0120592	0.0450008	0.0217637	0.0249357	0.0470442	0.0228286	0.0147516	0.0437791	0.0237468	0.0313295	0.0403036	0.141047	0.186214	0.0603102	0.00447421	0.0134471
178	0.00535209	0.000275686	0.000523274	0.000638589	0.0064618	0.000700197	0.000470783	0.571034	0.000619036	0.103003	0.0148338	0.000789243	0.00167525	0.000608861	0.000757643	0.00126596	0.00156799	0.288869	0.000105859	0.000448289
179	0.0704088	0.0115954	0.0169194	0.0182801	0.016265	0.0311894	0.021588	0.0147252	0.0248432	0.0132459	0.0132728	0.0438526	0.0116588	0.0167738	0.0431649	0.329074	0.263795	0.0238299	0.00405068	0.0114673
180	0.0192264	0.00152121	0.312593	0.0265232	0.00785349	0.0410974	0.0587448	0.00383856	0.0336689	0.00567159	0.00378243	0.315428	0.00699488	0.0209885	0.0340755	0.0591689	0.0208036	0.0108451	0.00130787	0.0158665
181	0.0317572	0.119155	0.00851576	0.00836247	0.00546835	0.0772994	0.00580639	0.00625906	0.00811626	0.00624882	0.00501355	0.197101	0.00414672	0.0108498	0.00943863	0.465483	0.0149632	0.00874207	0.00200957	0.00526353
182	0.00526683	0.000784155	0.0111593	0.00912554	0.166893	0.00579736	0.266154	0.0214778	0.0436097	0.0607783	0.00840417	0.0445039	0.00366972	0.03956	0.089402	0.0109323	0.00957925	0.014325	0.0270432	0.161534
183	0.00275875	0.000506008	0.00145579	0.00175961	0.378731	0.0019348	0.001474	0.00752697	0.00207333	0.368262	0.175483	0.00229988	0.000840275	0.00175286	0.00212974	0.00316978	0.00781638	0.0139826	0.000476586	0.0255677
184	0.115023	0.00162463	0.00801026	0.0349566	0.0237916	0.0139585	0.0525468	0.0703592	0.0142313	0.0357832	0.00838128	0.0585481	0.00790706	0.0320776	0.0542955	0.222952	0.21232	0.02279	0.00233566	0.00810796
185	0.00653625	0.000546234	0.188511	0.0194243	0.00558777	0.0167702	0.134944	0.00137344	0.042758	0.00177236	0.00310761	0.434856	0.000922617	0.0300333	0.0701388	0.0206454	0.00544317	0.004145	0.000634215	0.01185
186	0.0371337	0.00430746	0.048319	0.0296359	0.045397	0.0288892	0.235888	0.0157189	0.0435854	0.0304882	0.0168229	0.108924	0.00679439	0.0451224	0.0770684	0.0577759	0.0383659	0.0251301	0.00889074	0.0957423
187	0.00690991	0.000702983	0.329024	0.0116797	0.00529324	0.00595612	0.0734467	0.0031992	0.0266342	0.00321595	0.0023035	0.416051	0.00359815	0.0389884	0.0257093	0.0124193	0.00807287	0.0178456	0.00070056	0.00824984
188	0.0281705	0.00251037	0.198677	0.265101	0.00696507	0.0243221	0.0100171	0.0137638	0.116257	0.0162108	0.0101203	0.0481783	0.0284682	0.0473765	0.0276554	0.0558431	0.0534028	0.0337862	0.00159552	0.0115781
189	0.469467	0.00132209	0.00237263	0.00400392	0.00737514	0.00746881	0.0133559	0.0111301	0.00461935	0.0223535	0.00768175	0.0105132	0.0316591	0.00593652	0.00549828	0.0499308	0.0498694	0.283329	0.000627842	0.0114861
190	0.00362654	0.000551372	0.00156758	0.00807007	0.01045	0.00197092	0.00181837	0.283976	0.00220119	0.247001	0.346825	0.00254593	0.000790761	0.0083569	0.00246102	0.0099401	0.0106931	0.0494601	0.000300557	0.00739315
191	0.0329298	0.00851625	0.0156006	0.0242497	0.100249	0.0207943	0.0176015	0.117842	0.028763	0.257568	0.0954892	0.0289449	0.00959379	0.0221448	0.0227844	0.0346875	0.030724	0.0975319	0.00762937	0.0263554
