325	20
1	0.0326645	0.035351	0.0277111	0.00363197	0.00149802	0.0306413	0.0287476	0.00609446	0.0201778	0.00487217	0.00337253	0.0185489	0.00155175	0.00502294	0.0752258	0.204447	0.464341	0.0325744	0.000835002	0.00269069
2	0.0131625	0.0174714	0.00430842	0.0138037	0.261296	0.0128825	0.0216506	0.0561685	0.025333	0.0732623	0.0117659	0.0171403	0.00556141	0.00880084	0.0280148	0.0129171	0.00852783	0.025571	0.0064593	0.375902
3	0.0117602	0.00777669	0.000950648	0.0013437	0.0284694	0.000822716	0.0105534	0.203255	0.00302958	0.520032	0.114128	0.00141477	0.000669029	0.0081165	0.003871	0.00390665	0.00618797	0.0603606	0.00466129	0.00869061
4	0.0158664	0.0159177	0.00323584	0.0098481	0.263677	0.0148716	0.0179476	0.0537278	0.0186725	0.0663424	0.00876962	0.0192883	0.00845565	0.00538805	0.0177138	0.0155096	0.00957825	0.0251939	0.00815969	0.401836
5	0.0386908	0.0101469	0.0108464	0.00736472	0.00224401	0.0107735	0.009847	0.00935119	0.0103477	0.00380438	0.0062241	0.00598738	0.0149421	0.00576487	0.00697164	0.27085	0.55379	0.00831482	0.000833232	0.0129053
6	0.114878	0.021666	0.046092	0.0348956	0.00869099	0.0584027	0.0198498	0.0179813	0.047301	0.0181605	0.0118264	0.0284322	0.0413373	0.0221021	0.0327264	0.269885	0.16177	0.0271224	0.00274412	0.0141364
7	0.0496896	0.00668878	0.156497	0.349942	0.00761278	0.0344273	0.022747	0.0170682	0.0724843	0.0222303	0.00662674	0.0388196	0.0209116	0.0488289	0.0260445	0.0547434	0.0307434	0.0210649	0.00253645	0.0102929
8	0.074201	0.0135142	0.0546661	0.0691146	0.0124818	0.0246481	0.0264736	0.0211986	0.0864079	0.0269618	0.0157627	0.0440269	0.019758	0.115624	0.0613872	0.204643	0.0773561	0.0336153	0.00374285	0.0144162
9	0.024314	0.01556	0.00845206	0.0131704	0.0084067	0.00666	0.00960033	0.261542	0.0132711	0.0679423	0.015549	0.0077113	0.00745237	0.0101344	0.00882893	0.017951	0.0299459	0.46776	0.00127465	0.00447348
10	0.136744	0.0438675	0.00921584	0.019119	0.00442684	0.269268	0.00579846	0.00661614	0.0118362	0.00686816	0.0062801	0.0406122	0.00522349	0.00600249	0.0138147	0.265339	0.123249	0.0214389	0.00119317	0.003087
11	0.0260407	0.0073021	0.0829445	0.253774	0.0055771	0.0716645	0.0101657	0.0905644	0.0375408	0.0379107	0.0126665	0.0153102	0.0152767	0.205989	0.0131946	0.0412354	0.0183292	0.0456064	0.00278344	0.00612398
12	0.0373566	0.00987146	0.0161634	0.021406	0.00696679	0.715154	0.00526266	0.00320206	0.039811	0.00522489	0.00198781	0.0186793	0.00608569	0.0128161	0.0144779	0.052357	0.0179268	0.0108095	0.000830293	0.00361091
13	0.0470136	0.0200176	0.0667915	0.0523951	0.038871	0.021286	0.149527	0.0456934	0.0732064	0.0620082	0.0273504	0.0557861	0.0141866	0.0356374	0.0416499	0.0798032	0.0674176	0.0479648	0.00720081	0.0461928
14	0.19728	0.00775057	0.0153339	0.0259203	0.00642082	0.0130127	0.00323753	0.011653	0.0175503	0.0171748	0.00829066	0.00722482	0.511265	0.0116383	0.0170744	0.0829995	0.0136771	0.0168099	0.0115103	0.00417653
15	0.0270155	0.00888267	0.497506	0.100796	0.00696574	0.0294257	0.0225503	0.0102053	0.0383947	0.0133794	0.0058632	0.0695635	0.00857177	0.0273495	0.0202893	0.0599479	0.0278872	0.0177175	0.00166067	0.00602842
16	0.034297	0.00420959	0.144009	0.0788407	0.00669251	0.0294116	0.0259533	0.0083712	0.333025	0.01226	0.0113809	0.0807484	0.00582935	0.052261	0.0907885	0.0387994	0.0201832	0.0138678	0.00129098	0.00778096
17	0.0151455	0.00138374	0.001689	0.00312518	0.0357329	0.00110844	0.0144259	0.326606	0.00252961	0.249172	0.237805	0.00306228	0.000988937	0.0254677	0.00207723	0.0034851	0.0123882	0.0560899	0.00155117	0.00616637
18	0.517973	0.172839	0.00470168	0.00982789	0.00317716	0.0262086	0.00404638	0.00510023	0.00845537	0.0258047	0.00622224	0.00989869	0.00513186	0.00573473	0.00979857	0.0806439	0.0194547	0.0794408	0.001236	0.00430441
19	0.0345198	0.00915576	0.408932	0.0784497	0.00457763	0.0180986	0.0301473	0.0108173	0.0330663	0.0144951	0.00678562	0.0587704	0.0140712	0.0215192	0.0267286	0.151559	0.0541917	0.0158578	0.00213466	0.00612262
20	0.0153884	0.00322446	0.00320041	0.00658095	0.0304455	0.00210325	0.0131198	0.317653	0.0112718	0.248412	0.205443	0.00456897	0.00244702	0.0424477	0.00619554	0.00667324	0.0133282	0.0601579	0.00186475	0.00547422
21	0.00631129	0.0063758	0.000668268	0.00247441	0.00329741	0.000433024	0.00434145	0.526155	0.00761655	0.0403117	0.00270982	0.000832112	0.000282879	0.00175393	0.00584184	0.00190807	0.010136	0.378093	0.000115029	0.000342566
22	0.135691	0.0230824	0.0498289	0.0313183	0.00835983	0.0639922	0.0208548	0.0157691	0.0365933	0.0180521	0.0111846	0.0306296	0.0190568	0.0193591	0.0254012	0.301335	0.147496	0.0257256	0.00381322	0.0124572
23	0.0269246	0.00788964	0.500492	0.105886	0.006994	0.0293213	0.0219337	0.0114861	0.0367712	0.0141006	0.00527085	0.0693172	0.00631001	0.0287414	0.0216816	0.0536069	0.0271346	0.0187688	0.00199921	0.00537044
24	0.527213	0.0248889	0.00311536	0.0196601	0.00222579	0.131471	0.00279814	0.00182334	0.00680846	0.00412901	0.00177395	0.0110269	0.00280496	0.00338155	0.0158314	0.177969	0.0461884	0.0148238	0.000622095	0.00144352
25	0.00653123	0.0111911	0.00048119	0.000572655	0.0040192	0.000316613	0.00541237	0.374409	0.00096648	0.049674	0.00342433	0.000528317	0.000181285	0.000702289	0.00360858	0.00212946	0.00915172	0.526334	0.000117306	0.00024917
26	0.0140081	0.011391	0.00293489	0.00515815	0.0158318	0.001738	0.00699337	0.21522	0.00691988	0.515626	0.060798	0.00361647	0.00187328	0.0084891	0.00639167	0.00777091	0.00795152	0.0940458	0.00445363	0.00878896
27	0.0253289	0.00848219	0.493895	0.118023	0.00640747	0.0283688	0.0222875	0.0101047	0.0407278	0.0134071	0.00497069	0.0703858	0.00885477	0.0290486	0.0205918	0.053024	0.0222668	0.0151937	0.00268845	0.00594266
28	0.483444	0.0169089	0.0167683	0.0537616	0.00335137	0.047904	0.00907308	0.00694512	0.0328668	0.0107816	0.00415987	0.0199494	0.0158982	0.0153103	0.0188033	0.14969	0.0644694	0.0224809	0.00147062	0.00596276
29	0.0217841	0.170509	0.0110775	0.0572844	0.151307	0.0121317	0.0809097	0.108825	0.0221891	0.0416054	0.0104923	0.0186667	0.00607666	0.0120892	0.0178423	0.0207857	0.0183557	0.0230722	0.007304	0.187692
30	0.0107296	0.0104421	0.00240585	0.00737073	0.0134611	0.00236469	0.00597643	0.191703	0.00608808	0.593988	0.0391303	0.00517653	0.00133682	0.0088907	0.00560915	0.0168357	0.00653657	0.0582731	0.00471212	0.00896953
31	0.23688	0.0107375	0.0278219	0.0928687	0.00113444	0.00936133	0.0098543	0.00271915	0.210299	0.0120804	0.0148738	0.00449367	0.000933614	0.0745764	0.13294	0.103187	0.0455007	0.00724314	0.000482343	0.00201305
32	0.0146192	0.0046343	0.0960284	0.234382	0.00299127	0.0385328	0.00623213	0.0948562	0.0289721	0.0432349	0.0103849	0.00729443	0.0149926	0.285564	0.00607253	0.0367946	0.0105559	0.0598094	0.000983829	0.00306492
33	0.0342545	0.00727646	0.453529	0.0772468	0.0039233	0.0143149	0.0336456	0.00833367	0.03904	0.0126407	0.00773856	0.0580473	0.0158659	0.0196402	0.028307	0.127797	0.0384327	0.0119175	0.00206163	0.00598807
34	0.0836171	0.00649607	0.025685	0.0945707	0.00254379	0.00895536	0.0173833	0.0128413	0.181809	0.0177622	0.00459754	0.0249547	0.23456	0.0390038	0.0162943	0.0928045	0.0915773	0.0379263	0.00326587	0.00335234
35	0.00648447	0.00245775	0.218231	0.159172	0.0530855	0.00305612	0.0193823	0.0318819	0.0202015	0.0552918	0.0167981	0.23586	0.00255514	0.00555228	0.00404021	0.0494065	0.00677285	0.0200166	0.0334918	0.0562616
36	0.643841	0.0100367	0.00212288	0.00868718	0.000838438	0.0283683	0.00194305	0.00184174	0.0068213	0.00521881	0.00160309	0.0143439	0.00593042	0.00331328	0.00641752	0.233364	0.0175098	0.00601005	0.000318429	0.00146932
37	0.0680936	0.04503	0.00946918	0.00481314	0.00140083	0.0125113	0.0085676	0.0175768	0.00864321	0.00441556	0.00393648	0.00678011	0.00311175	0.00543637	0.0189433	0.263991	0.48658	0.0216634	0.000634875	0.00840159
38	0.0506843	0.0135918	0.0250745	0.0546973	0.0270417	0.0121942	0.025246	0.0368702	0.214102	0.0296729	0.0334154	0.0348041	0.0131525	0.0525235	0.0473614	0.0624702	0.127557	0.0557055	0.00437822	0.0794572
39	0.0396277	0.0118598	0.0626179	0.0275549	0.00989869	0.0109335	0.0200645	0.0139817	0.0249151	0.0108817	0.00869799	0.0185686	0.0106474	0.0182153	0.0190605	0.211591	0.412288	0.0208311	0.00214858	0.0456167
40	0.0106722	0.0014463	0.0231923	0.0232645	0.00272977	0.771901	0.00501887	0.00236322	0.0528339	0.00224123	0.00140495	0.0350026	0.0122754	0.0164139	0.0164025	0.0129413	0.00491901	0.0034021	0.000368218	0.00120654
41	0.0121455	0.00800765	0.00385638	0.00911027	0.0290345	0.00273946	0.00940662	0.115794	0.0071177	0.503433	0.172387	0.00751525	0.00192807	0.0111079	0.00533166	0.0114714	0.0226954	0.036684	0.00555517	0.0246792
42	0.00872907	0.0127095	0.000471123	0.000504018	0.00494231	0.000342915	0.00417739	0.288263	0.00072788	0.0566268	0.0049811	0.000684993	0.000210896	0.000576014	0.00316576	0.00260716	0.00979491	0.60005	9.91518e-05	0.000335571
43	0.013817	0.00268485	0.00411162	0.00413657	0.0629193	0.00253299	0.0211306	0.151994	0.0045593	0.199246	0.436603	0.00492111	0.0025291	0.0167995	0.00429882	0.00695203	0.0134565	0.0347656	0.00439214	0.00815115
44	0.00862198	0.0122358	0.000468173	0.000532775	0.00498904	0.000337649	0.00461244	0.295638	0.000853221	0.0591862	0.00475309	0.000624513	0.000205696	0.000574213	0.00324147	0.002355	0.00974444	0.590636	0.000108134	0.00028234
45	0.0675667	0.0697402	0.00317505	0.00434438	0.252592	0.0611613	0.0326432	0.00511167	0.0161117	0.257666	0.0744859	0.00632966	0.00224962	0.00846092	0.0134917	0.0170617	0.00562357	0.0214643	0.0163561	0.0643647
46	0.0991382	0.0263147	0.0122955	0.0189089	0.0045038	0.523005	0.00513936	0.00651374	0.0237767	0.00736518	0.00400421	0.0148542	0.00427659	0.0103339	0.0174222	0.149338	0.0521033	0.0167756	0.00106168	0.00286896
47	0.0281881	0.00540876	0.234453	0.330085	0.00829921	0.0146307	0.0215492	0.0277715	0.0378797	0.0514621	0.00988985	0.0478651	0.0145241	0.0557677	0.0160097	0.0391713	0.0189507	0.0235534	0.00356179	0.0109782
48	0.00475181	0.0023694	0.000911577	0.00368943	0.00619378	0.000635328	0.00200014	0.718184	0.00603741	0.0261068	0.0041565	0.00262604	0.000440527	0.00511459	0.00382512	0.00199608	0.0131354	0.197108	0.000189269	0.000528697
49	0.0305022	0.00979267	0.00551997	0.00326578	0.000912303	0.00157117	0.00480436	0.0119904	0.00412662	0.00268374	0.003785	0.00199295	0.00978052	0.00410596	0.0024045	0.275625	0.605047	0.00602984	0.000347403	0.0157125
50	0.0366176	0.0114653	0.0132957	0.00968488	0.00156678	0.0147828	0.00931087	0.0108961	0.0129971	0.0047526	0.00626349	0.00927866	0.0132648	0.00763366	0.00980618	0.258947	0.54507	0.0126242	0.000552032	0.0111904
51	0.0406082	0.00752884	0.010895	0.00818078	0.00116811	0.0161697	0.050438	0.0447082	0.151077	0.0152341	0.0274632	0.183531	0.0060508	0.0453697	0.0964712	0.110016	0.0948112	0.0794801	0.000505068	0.0102926
52	0.616288	0.0233199	0.00125724	0.0100451	0.00180846	0.110757	0.00117686	0.00147554	0.00371573	0.0035044	0.00110994	0.00930115	0.00262338	0.00154112	0.00809792	0.154088	0.0395638	0.00932144	0.000385426	0.000619349
53	0.0342367	0.0106577	0.00260773	0.0037565	0.00117369	0.0160719	0.0502539	0.0599963	0.0979098	0.00985728	0.0286109	0.184919	0.00908574	0.0500848	0.074538	0.105186	0.112938	0.135454	0.00053068	0.0121305
54	0.0075634	0.010972	0.000454652	0.000743149	0.00452753	0.000290858	0.00481599	0.343708	0.00176765	0.0547175	0.003803	0.000510746	0.00019479	0.000672737	0.00382257	0.00194468	0.0091328	0.550011	0.000100415	0.00024703
55	0.0142218	0.00593484	0.603582	0.0591739	0.00635795	0.0196975	0.0322845	0.00569021	0.0197892	0.00890633	0.00358006	0.0893216	0.00201698	0.0150475	0.0145793	0.0663543	0.0157781	0.0103234	0.00286401	0.00449703
56	0.00487632	0.0158579	0.00276345	0.0102844	0.256534	0.00718179	0.0127223	0.0782046	0.0207702	0.0840001	0.0113497	0.0145815	0.00168866	0.00572397	0.01953	0.00443824	0.00432823	0.0301761	0.00256556	0.412423
57	0.0457298	0.00865934	0.0250358	0.168995	0.00928049	0.0120807	0.0761655	0.0144112	0.0410423	0.0210192	0.0138892	0.0697434	0.112577	0.146553	0.0220889	0.0922977	0.0325217	0.0218478	0.00331244	0.0627493
58	0.073535	0.0043377	0.0116241	0.0380902	0.00312775	0.00340783	0.00423283	0.00354419	0.298462	0.0134366	0.0051783	0.01202	0.00140018	0.15008	0.240045	0.0672882	0.0620407	0.00594252	0.000583633	0.00162373
59	0.00672569	0.0122531	0.000470243	0.000540064	0.00401932	0.000339534	0.00542084	0.358889	0.000870393	0.0524281	0.00358193	0.000527704	0.000176818	0.000584189	0.00354969	0.00235499	0.00978182	0.537115	0.000102741	0.000268969
60	0.0086998	0.0126827	0.000467642	0.000559656	0.00494445	0.000341708	0.0042315	0.291694	0.000961504	0.0561231	0.00488728	0.000696766	0.000204373	0.000574128	0.00325558	0.00259346	0.0101007	0.596523	9.88704e-05	0.000359647
61	0.0479782	0.0128591	0.022284	0.0239269	0.00895553	0.0222959	0.019878	0.0186034	0.137288	0.0336875	0.0227548	0.0407297	0.00677652	0.0511626	0.276242	0.0688408	0.142604	0.0312621	0.00317627	0.00869555
62	0.0274389	0.000739645	0.440364	0.3192	0.00064977	0.0154684	0.018237	0.00111542	0.0318965	0.0100964	0.00100315	0.0579643	0.000883293	0.0213949	0.0118248	0.0339493	0.00527143	0.00152674	0.000271137	0.000705097
63	0.283785	0.0187547	0.00412426	0.00463598	0.0172528	0.00258733	0.00335735	0.00409136	0.00585818	0.0283913	0.0115113	0.00477707	0.00174345	0.00446533	0.0046956	0.00677607	0.447848	0.141986	0.00103593	0.00232316
64	0.00765507	0.0144416	0.000470494	0.000551612	0.00424303	0.000445796	0.00484562	0.327988	0.000725483	0.05407	0.0043631	0.000725403	0.000208849	0.000581806	0.00326815	0.00362646	0.0106096	0.560677	0.000111681	0.000391748
65	0.0158116	0.000687017	0.033884	0.0338838	0.00788908	0.0106638	0.0172217	0.00417727	0.504346	0.00694196	0.0105567	0.042715	0.0030475	0.0687262	0.206615	0.00881261	0.0108198	0.010138	0.0001828	0.00288043
66	0.103227	0.00604448	0.125719	0.16257	0.000798379	0.0391345	0.0638317	0.00134563	0.121761	0.00840952	0.00173907	0.0486166	0.000953837	0.0706146	0.0539271	0.130978	0.0356239	0.00371327	0.000374948	0.0206174
67	0.00529531	0.00236859	0.000875162	0.00397465	0.00502277	0.000604133	0.00214485	0.714769	0.00846346	0.0271193	0.00392372	0.0023948	0.000441794	0.0047118	0.00497659	0.00203435	0.0131341	0.19705	0.000143213	0.000552501
68	0.0251956	0.00647558	0.0212751	0.0274151	0.0101869	0.639665	0.00868905	0.00643658	0.0563314	0.0185852	0.00466284	0.0247823	0.0147771	0.0217555	0.0486971	0.0300364	0.0159141	0.0106734	0.00140771	0.0070378
69	0.00504261	0.0162907	0.0026585	0.0103447	0.27151	0.00870747	0.0137504	0.0650435	0.0211705	0.0759722	0.00870327	0.0154744	0.00175705	0.0054241	0.0194537	0.00466713	0.0037061	0.0279663	0.00309901	0.419258
70	0.0124325	0.00421065	0.237991	0.0393419	0.0047062	0.00437055	0.0376161	0.19859	0.0100299	0.0455479	0.00677507	0.0616976	0.0036487	0.00966222	0.0091513	0.0161554	0.133621	0.158718	0.00159612	0.00413796
71	0.0351462	0.00915554	0.401402	0.034418	0.00269803	0.0129451	0.0492634	0.00434959	0.0194366	0.00589781	0.00359817	0.0612234	0.00475501	0.00974104	0.0383286	0.246645	0.0487562	0.00715061	0.00118129	0.00390783
72	0.208898	0.00837215	0.0514226	0.122597	0.00305315	0.0329595	0.00876672	0.00623902	0.0310504	0.0105468	0.00570486	0.0608204	0.0971604	0.0158124	0.0111165	0.226163	0.0747406	0.0164029	0.00195233	0.00622142
73	0.108848	0.00703872	0.123318	0.164423	0.000673927	0.037153	0.0581432	0.00124343	0.122506	0.00823955	0.00208317	0.0465923	0.00100828	0.0710034	0.0568923	0.133383	0.035069	0.00403144	0.000413011	0.0179381
74	0.0152342	0.0037964	0.00662229	0.0409069	0.0311728	0.00192023	0.00723482	0.0720812	0.27029	0.0136422	0.0571171	0.015373	0.0017425	0.121159	0.0219187	0.0217273	0.129878	0.141666	0.000846686	0.0256707
75	0.159554	0.0435347	0.00412311	0.0158211	0.00431924	0.414679	0.00283881	0.00403475	0.011308	0.0053605	0.00314031	0.0123101	0.00240062	0.00455493	0.0110113	0.212948	0.0667813	0.0189613	0.000643137	0.00167667
76	0.0449058	0.0562304	0.00308091	0.00453505	0.199491	0.0388935	0.0234866	0.0523526	0.0124536	0.365174	0.0584773	0.00513539	0.00224379	0.00837746	0.0112874	0.0132248	0.00580454	0.030826	0.0140573	0.0499623
77	0.0320521	0.01192	0.432944	0.0567013	0.00929923	0.0269827	0.0178216	0.0434834	0.0342844	0.023043	0.00942786	0.0578034	0.014322	0.0403581	0.0180173	0.0405782	0.0405988	0.0812499	0.00197985	0.00713325
78	0.0694569	0.056711	0.00372827	0.00926118	0.235993	0.0544945	0.0581574	0.0097971	0.0115228	0.10218	0.0337751	0.014645	0.0172444	0.00653504	0.010184	0.0366708	0.0191033	0.010654	0.0370373	0.202848
79	0.0243304	0.00137284	0.109439	0.0412521	0.00294635	0.01028	0.0128567	0.00285365	0.425088	0.00466438	0.00689129	0.131257	0.00213164	0.0629879	0.118112	0.0240422	0.00997767	0.00587925	0.000492104	0.00314447
80	0.0138759	0.00482253	0.00924967	0.00843305	0.00303078	0.00605223	0.0972557	0.00744287	0.103823	0.0301545	0.00657742	0.135423	0.00284203	0.0110235	0.106314	0.055325	0.37877	0.0142403	0.00142938	0.00391558
81	0.116318	0.177721	0.00673135	0.00680038	0.0215674	0.00804451	0.0108285	0.102433	0.0105155	0.20006	0.0241263	0.0080303	0.0035844	0.00589808	0.0119313	0.0203057	0.0165584	0.226262	0.00393124	0.0183528
82	0.0199993	0.00514225	0.0214778	0.0584308	0.00310736	0.00433478	0.0185264	0.00569918	0.0774053	0.0132999	0.0108682	0.482818	0.00376948	0.0165011	0.0835178	0.111739	0.0442154	0.0118425	0.00213683	0.00516872
83	0.00881806	0.0117331	0.000533099	0.000962272	0.0052387	0.00032545	0.0055712	0.314463	0.0020487	0.0618822	0.00561845	0.000676339	0.000327906	0.00109572	0.00386517	0.00237842	0.00992565	0.564023	0.000119546	0.000393578
84	0.0101047	0.00711906	0.00111922	0.0020158	0.0241124	0.000607799	0.00772153	0.215721	0.00287675	0.525024	0.112426	0.00161837	0.000731596	0.0093101	0.0035185	0.00392451	0.00582298	0.0528616	0.00490023	0.0084637
85	0.0621988	0.0216237	0.00639681	0.00757135	0.00407439	0.0279802	0.00738735	0.149552	0.00783326	0.0710302	0.0552272	0.0369514	0.00298709	0.00752758	0.00843968	0.113284	0.1155	0.284165	0.000815431	0.00945384
86	0.135893	0.0345825	0.00945002	0.0731854	0.0119321	0.00713935	0.0576628	0.0268169	0.0553149	0.0253647	0.055546	0.06242	0.00762738	0.033772	0.0623945	0.112129	0.0731026	0.0466811	0.00222649	0.10676
87	0.0855229	0.00544386	0.139334	0.165356	0.00221485	0.0694985	0.0673947	0.00282945	0.111538	0.0136472	0.00259265	0.0554641	0.00164301	0.0551744	0.0423413	0.108267	0.0427693	0.00516504	0.00113983	0.0226638
88	0.00667964	0.000585752	0.0433224	0.0401961	0.00666144	0.014815	0.023631	0.00415164	0.582689	0.00166791	0.0107116	0.0495985	0.00394192	0.0562718	0.131184	0.00325717	0.0053188	0.0111733	0.000166072	0.00397685
89	0.107819	0.0114612	0.0999645	0.0229174	0.00135296	0.00351477	0.0692059	0.00226273	0.22467	0.0157814	0.0210268	0.154958	0.0112219	0.0274388	0.0688242	0.130535	0.0180535	0.00472105	0.000672686	0.00359704
90	0.0232525	0.00567058	0.198974	0.197658	0.00306625	0.0158088	0.00560438	0.093047	0.0144048	0.0864872	0.0287439	0.0103418	0.0737828	0.105923	0.00682071	0.0439628	0.0131608	0.0685351	0.00137552	0.0033797
91	0.0281937	0.00149647	0.364728	0.381564	0.000788278	0.0164768	0.0163723	0.00345569	0.0337174	0.00986496	0.0015516	0.0499509	0.00162132	0.02932	0.0108739	0.0366932	0.00834383	0.00363158	0.00028341	0.00107273
92	0.0288374	0.000667342	0.434619	0.339839	0.000562882	0.0126597	0.0184162	0.000942997	0.0294579	0.00900521	0.000790873	0.0534427	0.000775318	0.0177779	0.0116586	0.0328653	0.00534914	0.00140667	0.000282712	0.000643276
93	0.0103606	0.0089256	0.000974414	0.00196771	0.00605339	0.000601141	0.0127534	0.415539	0.00506767	0.105206	0.00469405	0.00120225	0.000376551	0.0014051	0.00448348	0.00239569	0.0145156	0.402547	0.000172939	0.000758356
94	0.112155	0.056371	0.00968763	0.0189083	0.00652259	0.359954	0.00597691	0.0114739	0.014279	0.0110906	0.00675122	0.0151718	0.0029425	0.00797363	0.0163195	0.204981	0.107034	0.025886	0.00124561	0.00527569
95	0.559012	0.0229454	0.00911693	0.020404	0.00584347	0.0368845	0.00804937	0.0210802	0.0197667	0.0215955	0.0125023	0.0186015	0.0218707	0.0112624	0.0158742	0.119034	0.0355688	0.0321576	0.00194272	0.00648737
96	0.0896935	0.0281093	0.0123294	0.018122	0.00636473	0.536758	0.00586974	0.00308425	0.0236572	0.00482127	0.00272178	0.0156319	0.00500323	0.00888743	0.0132381	0.155646	0.0509327	0.013636	0.00140782	0.0040855
97	0.0249636	0.00661496	0.496325	0.121872	0.00613792	0.0228496	0.0217888	0.0103928	0.0397033	0.0154678	0.00562289	0.0650324	0.00691172	0.0271571	0.0198564	0.0603147	0.0252156	0.0164442	0.00202903	0.00530006
98	0.0477126	0.00976718	0.0668639	0.0913634	0.0149768	0.030888	0.0308459	0.0411403	0.127383	0.0446714	0.0277722	0.0483031	0.0137881	0.1635	0.0807762	0.0542381	0.0417953	0.0430214	0.00502736	0.0161657
99	0.0436052	0.0101561	0.0219582	0.0224026	0.00747074	0.688742	0.00610776	0.00389258	0.0423895	0.00835821	0.0032913	0.0216105	0.00597949	0.0146599	0.0175098	0.0504159	0.0175563	0.00817748	0.00153447	0.00418224
100	0.0141788	0.00222516	0.00169445	0.00329942	0.0362122	0.00142139	0.0221078	0.322807	0.00262928	0.264736	0.221235	0.00324903	0.00103241	0.0231651	0.00240746	0.00418732	0.0114464	0.054135	0.00184177	0.00598812
101	0.0457049	0.0164865	0.0153494	0.0174791	0.0391949	0.0119864	0.0207489	0.105005	0.0456531	0.157466	0.288129	0.0195033	0.0194388	0.0270294	0.0301505	0.0306786	0.0349395	0.0545674	0.00625488	0.0142345
102	0.00652655	0.0178251	0.00361249	0.0110517	0.260826	0.0100773	0.0144291	0.0748585	0.0221686	0.079782	0.0121722	0.0179142	0.00184936	0.00608568	0.0186827	0.00599599	0.0058442	0.0347019	0.00303148	0.392565
103	0.0387403	0.00850802	0.019356	0.0206534	0.00574825	0.71288	0.00542886	0.00358232	0.0454692	0.004062	0.00258612	0.0207382	0.00650615	0.0140346	0.0159793	0.0460594	0.0191718	0.00710649	0.00050869	0.00288117
104	0.0206433	0.0184566	0.0032934	0.0104042	0.257111	0.0171928	0.0211982	0.0502799	0.0193269	0.0704521	0.0114215	0.0187417	0.0168645	0.0078488	0.0171316	0.0195531	0.0124037	0.0248272	0.0093927	0.373456
105	0.578145	0.0236291	0.0145388	0.0233942	0.00708481	0.0429549	0.00767691	0.0122533	0.0215328	0.0172047	0.00691835	0.0170538	0.0200029	0.0115651	0.0147894	0.116283	0.0302462	0.0243294	0.00249497	0.0079024
106	0.0352405	0.00985982	0.00603883	0.00405266	0.000992789	0.00829122	0.00634018	0.00874983	0.00549233	0.00218921	0.00438425	0.00263478	0.0130565	0.00385447	0.00404172	0.278356	0.587071	0.00696945	0.000427807	0.0119564
107	0.0158929	0.0123442	0.431347	0.0135374	0.0108793	0.0682115	0.00805139	0.00467742	0.0387916	0.0112234	0.00718531	0.243274	0.00218816	0.0579176	0.0110785	0.0274455	0.0126652	0.0154582	0.00354466	0.00428699
108	0.04696	0.00690071	0.153017	0.342299	0.00786121	0.0265126	0.0218193	0.0258275	0.0738909	0.0236081	0.0091175	0.0375878	0.0139577	0.0582605	0.025577	0.0519966	0.0351442	0.0242149	0.00269524	0.0127521
109	0.0481589	0.0114832	0.00578768	0.0061276	0.00138708	0.01084	0.00477537	0.00841501	0.0064858	0.00267629	0.00378662	0.00380149	0.00758923	0.0050946	0.0056217	0.25772	0.589921	0.00733746	0.000437917	0.0125528
110	0.0272846	0.00213191	0.161336	0.518227	0.00167705	0.00339071	0.00477592	0.00761128	0.061599	0.00495076	0.00205132	0.0203419	0.0687153	0.0416745	0.00736445	0.0277582	0.0289988	0.00791161	0.000656493	0.00154316
111	0.108623	0.00641752	0.0816009	0.25582	0.00117493	0.0200326	0.0411556	0.00632683	0.11979	0.0106001	0.00620121	0.0346072	0.012058	0.0709039	0.0436425	0.102319	0.0506796	0.0138002	0.000691316	0.0135544
112	0.0589552	0.0712358	0.00300494	0.00497157	0.220285	0.0645467	0.0413025	0.0055366	0.0211563	0.25826	0.0723962	0.00706866	0.00213396	0.00865088	0.0172112	0.0204241	0.00574593	0.0176771	0.015019	0.0844188
113	0.0181155	0.00892158	0.00469236	0.00537519	0.0879101	0.010055	0.0291143	0.10801	0.0089001	0.192014	0.416255	0.00775092	0.00317894	0.0149223	0.00678799	0.00923237	0.0131256	0.028301	0.00686234	0.020476
114	0.0960139	0.0119761	0.0181566	0.0255804	0.0105955	0.0136789	0.0090393	0.0222718	0.0277618	0.0312599	0.0192536	0.0110775	0.511168	0.014676	0.0189245	0.0703845	0.0374233	0.0295355	0.00947143	0.0117517
115	0.0555041	0.0221185	0.00284954	0.0041796	0.0261572	0.00407601	0.00938358	0.146899	0.0143042	0.372591	0.162271	0.00534162	0.0071469	0.0142774	0.0190721	0.0113781	0.0207953	0.0839268	0.00672549	0.0110024
116	0.0268238	0.00570184	0.00671642	0.00295976	0.001036	0.00132588	0.00965178	0.00678731	0.00614032	0.00229571	0.00559932	0.00206479	0.0259446	0.00404064	0.00271796	0.286906	0.588354	0.00388443	0.000376482	0.0106734
117	0.0207966	0.0183937	0.00178189	0.0014434	0.00808285	0.00105721	0.0371379	0.256483	0.00311902	0.362899	0.0140042	0.00170598	0.00072194	0.00164184	0.00541114	0.00462652	0.0104736	0.242889	0.00248071	0.00485076
118	0.0224286	0.00301558	0.00263663	0.00429397	0.0335572	0.00185918	0.00978764	0.20349	0.00410708	0.22024	0.226398	0.00511478	0.00154754	0.0251277	0.00428232	0.00713179	0.032534	0.176274	0.00183925	0.0143342
119	0.0316455	0.0320689	0.00289503	0.0045135	0.169781	0.0289199	0.0201915	0.0672159	0.0105874	0.389304	0.0903586	0.00603265	0.00281434	0.00836729	0.00999109	0.0100259	0.00724408	0.0272444	0.0289285	0.0518703
120	0.745381	0.00937102	0.0011452	0.00646168	0.000578378	0.0297108	0.00105349	0.00108499	0.00193609	0.00388991	0.000884676	0.013887	0.00457948	0.00118612	0.00464048	0.153849	0.0145913	0.00501802	0.000180368	0.000571626
121	0.0298199	0.00891823	0.0251827	0.0149285	0.00813453	0.00958737	0.174947	0.0140715	0.0606627	0.0186168	0.0112117	0.156777	0.00561434	0.0180518	0.0547651	0.102986	0.244329	0.0266063	0.00312848	0.0116612
122	0.0546914	0.00177805	0.0188418	0.0287623	0.0047806	0.00361461	0.00504539	0.00375238	0.374348	0.0190596	0.00564646	0.0290824	0.00140687	0.1212	0.258296	0.0331576	0.0287417	0.00594266	0.000394191	0.00145853
123	0.0100345	0.00675881	0.00100001	0.00204049	0.0219236	0.000718058	0.00779042	0.226626	0.00309936	0.518365	0.110349	0.00179883	0.000626127	0.00978315	0.00340258	0.00417116	0.00617112	0.052887	0.00442396	0.00803076
124	0.099412	0.0267525	0.00602791	0.00712811	0.00309564	0.0595758	0.0104623	0.144967	0.0160104	0.0623171	0.0757458	0.0743652	0.00373396	0.0115153	0.0147796	0.131309	0.113857	0.128172	0.00123574	0.00953682
125	0.141749	0.0103007	0.00785205	0.0868449	0.00707016	0.00366462	0.0451738	0.0432431	0.117054	0.0377383	0.0587962	0.0554912	0.00264035	0.0579073	0.073859	0.0856604	0.0729804	0.03136	0.000765163	0.0598488
126	0.0319116	0.00104301	0.0165578	0.00919642	0.0033731	0.00113138	0.00178151	0.00670021	0.276651	0.016513	0.00301359	0.0276232	0.000649625	0.0695893	0.467195	0.024093	0.0361208	0.00563922	0.000324309	0.000892571
127	0.00893987	0.011417	0.000751653	0.00249674	0.0138863	0.00054267	0.00507252	0.180861	0.00411017	0.642712	0.0350161	0.00161205	0.000481108	0.00183815	0.0049576	0.00506783	0.00291785	0.0604069	0.00552118	0.0113914
128	0.110403	0.0144927	0.0119946	0.0146328	0.00303922	0.00767187	0.0457346	0.00774778	0.0873559	0.00946616	0.00880095	0.0188168	0.0132752	0.0409362	0.0415943	0.366585	0.171997	0.0189755	0.00153021	0.00495009
129	0.071901	0.00612695	0.179065	0.364989	0.00165219	0.00749495	0.00573134	0.0101992	0.0423069	0.0105213	0.00642628	0.0287953	0.00421878	0.101409	0.0228465	0.0424541	0.0502222	0.0413735	0.000669873	0.00159634
130	0.116016	0.0861655	0.00314651	0.00447205	0.0249774	0.01805	0.00869118	0.114287	0.0115288	0.251353	0.0672198	0.00895396	0.00558475	0.00736838	0.0162525	0.0495205	0.0298615	0.1452	0.00434143	0.0270099
131	0.0992559	0.0110877	0.0592252	0.121906	0.00695634	0.0226831	0.0266167	0.0105825	0.124259	0.0216233	0.0129434	0.0407805	0.00919322	0.0621423	0.165312	0.125263	0.0459971	0.020807	0.00162869	0.0117375
132	0.00798746	0.00127811	0.0450636	0.0784723	0.0102259	0.00963342	0.0798888	0.00372728	0.419844	0.0140993	0.0119971	0.0610042	0.00370867	0.0782336	0.123028	0.00860863	0.00739717	0.0123131	0.000547047	0.0229422
133	0.0119448	0.0172027	0.351479	0.0110159	0.00207885	0.0180103	0.0167846	0.0041108	0.0212565	0.00559199	0.00296913	0.228873	0.00197697	0.00626763	0.0270693	0.205392	0.0589027	0.00600738	0.000908607	0.00215749
134	0.00967647	0.000968925	0.01929	0.0237429	0.00201518	0.795823	0.00504517	0.0010169	0.0588114	0.00146603	0.000873966	0.0230707	0.00660617	0.0171841	0.017099	0.0114846	0.00289826	0.00212037	0.000214019	0.000592764
135	0.0365093	0.00234045	0.0485934	0.0951047	0.00186362	0.00248682	0.0039679	0.0999125	0.00499171	0.0204046	0.00356166	0.00513386	0.00199807	0.00431505	0.00382657	0.0861205	0.397904	0.175907	0.000623349	0.00443432
136	0.0131002	0.0243467	0.00125881	0.00159756	0.0159013	0.000819144	0.00564637	0.188351	0.00417636	0.611096	0.0278883	0.00122524	0.000730492	0.00186064	0.00793472	0.00477468	0.00289111	0.0694783	0.00784596	0.00907725
137	0.174841	0.0070262	0.0190799	0.032907	0.00211309	0.0174834	0.00232054	0.00534174	0.0212029	0.00897188	0.00503039	0.00447436	0.551845	0.0155766	0.0262688	0.0696862	0.00567329	0.00811169	0.0199744	0.00207209
138	0.0582589	0.0303886	0.00505693	0.0107504	0.23538	0.0376234	0.0418622	0.0167817	0.012017	0.0698163	0.0231939	0.0186233	0.0381386	0.00744904	0.0108229	0.043391	0.0225828	0.0134188	0.0461495	0.258294
139	0.0330597	0.014359	0.00164772	0.0017818	0.00871787	0.00133028	0.0153506	0.231297	0.00444428	0.414023	0.0157636	0.00162278	0.000963176	0.00192725	0.0068302	0.00471286	0.00848517	0.225435	0.00283602	0.00541288
140	0.0249384	0.0109021	0.0147312	0.017801	0.0126733	0.113644	0.0132432	0.0131395	0.0204265	0.243508	0.0152919	0.0163204	0.00756772	0.0707215	0.318731	0.028203	0.0242282	0.0204998	0.00399804	0.00943008
141	0.0994501	0.0119066	0.0186467	0.0238724	0.0195859	0.0154943	0.00861145	0.0203064	0.0267099	0.028706	0.019023	0.0164536	0.495306	0.0156186	0.0176427	0.0695879	0.0336937	0.028271	0.0114394	0.019674
142	0.0255432	0.00770456	0.478596	0.113521	0.00617901	0.0351602	0.020937	0.0104495	0.0509693	0.0126644	0.00586767	0.072419	0.00606192	0.0279822	0.0199742	0.0574443	0.02554	0.0156063	0.0022474	0.00513347
143	0.141409	0.0531912	0.00486279	0.0167418	0.00351038	0.288432	0.0037766	0.00539123	0.00985637	0.0054493	0.00415859	0.0167304	0.00230709	0.00434618	0.0131151	0.272908	0.129015	0.0221297	0.000912251	0.00175636
144	0.035604	0.00552255	0.0496588	0.0509629	0.0118533	0.0362583	0.0254703	0.0238299	0.362888	0.0187797	0.0216997	0.0535794	0.00971141	0.0624826	0.117472	0.0368937	0.0367391	0.027995	0.00221018	0.010389
145	0.0339559	0.00990465	0.00470817	0.00315767	0.000897031	0.00372895	0.00351448	0.00870256	0.00344258	0.00197602	0.00370337	0.00214523	0.00791526	0.00363563	0.00224652	0.26598	0.622269	0.00497081	0.000279256	0.0128669
146	0.0533474	0.0101965	0.0671254	0.103968	0.0131811	0.0237783	0.0267736	0.0443601	0.124123	0.0471608	0.0299689	0.0393226	0.0144435	0.16094	0.0788854	0.0524832	0.0454238	0.0408693	0.00625308	0.0173961
147	0.0212396	0.011674	0.00545284	0.0105039	0.00588298	0.00187864	0.00652791	0.34109	0.0289052	0.0616164	0.0161897	0.00758877	0.00399645	0.0108801	0.0318711	0.00998468	0.0217648	0.397508	0.00181528	0.00362974
148	0.0553054	0.0130133	0.0168417	0.0178297	0.00729627	0.0165491	0.0157539	0.0190434	0.02897	0.0164076	0.00981164	0.0168685	0.0150466	0.0169201	0.0213776	0.181465	0.480246	0.0362996	0.00153442	0.01342
149	0.00885841	0.0131947	0.00044641	0.000511905	0.00479801	0.000303238	0.00424301	0.289168	0.00071359	0.0565192	0.00520203	0.000735371	0.000211961	0.000556922	0.00306415	0.00267797	0.0101518	0.598195	0.000101088	0.000347136
150	0.0153995	0.00297716	0.0512031	0.279639	0.0155284	0.00579096	0.127916	0.0091669	0.133658	0.0425313	0.0144341	0.0195724	0.0060876	0.120288	0.059962	0.0194774	0.0156741	0.0153844	0.00108703	0.044222
151	0.0592231	0.0177854	0.0215881	0.0314974	0.122646	0.0200415	0.099277	0.0166237	0.0306154	0.0322936	0.0179085	0.0408025	0.0231666	0.0213652	0.0241523	0.130964	0.0594854	0.021422	0.0149883	0.194155
152	0.0431996	0.00780576	0.0150573	0.122481	0.0227249	0.00113386	0.0197903	0.0600853	0.26318	0.0371935	0.0384487	0.0477758	0.000853963	0.0374559	0.081305	0.0167007	0.0694755	0.0789464	0.000331566	0.0360559
153	0.159048	0.075752	0.00387693	0.00448802	0.00261261	0.00324202	0.00335111	0.0771923	0.0413244	0.0747781	0.190113	0.00489479	0.0316771	0.0174476	0.0767351	0.0100841	0.0481363	0.148641	0.0229425	0.00366372
154	0.0122318	0.000932791	0.00141101	0.0134077	0.00147917	0.000926047	0.00165428	0.576041	0.045945	0.0356381	0.00207037	0.00153624	0.000684533	0.00231104	0.0235491	0.0025173	0.0146397	0.262096	0.000303149	0.000625786
155	0.0716696	0.0166757	0.0204016	0.0206058	0.0141275	0.0117076	0.0106028	0.0291686	0.032207	0.0403787	0.0965704	0.0167571	0.427034	0.0198951	0.025008	0.0536195	0.0353629	0.0411272	0.0073002	0.00978064
156	0.00517947	0.00206859	0.00289965	0.0160839	0.014562	0.00198745	0.002568	0.277484	0.0860614	0.232069	0.0166925	0.00452752	0.00155155	0.121316	0.0276864	0.0175964	0.00660435	0.16069	0.000668326	0.00170294
157	0.023999	0.00737398	0.0200219	0.0330187	0.0469357	0.00692645	0.0203317	0.0288391	0.261609	0.0764838	0.128472	0.0167878	0.00545111	0.0601584	0.167911	0.013897	0.0431008	0.0210934	0.0030556	0.0145342
158	0.00755883	0.0112501	0.000520868	0.000919159	0.00430335	0.000396326	0.00484492	0.346707	0.00256795	0.0561794	0.00422666	0.000571541	0.000258293	0.000693186	0.00413457	0.00217035	0.00923214	0.543007	0.000147528	0.000310878
159	0.0295286	0.00839023	0.340943	0.0310585	0.00508317	0.0126738	0.183791	0.00740601	0.0270999	0.0129767	0.00721471	0.04173	0.00468441	0.016493	0.0580341	0.153943	0.0350127	0.013987	0.00173846	0.00821199
160	0.124115	0.0141927	0.0269361	0.0760666	0.00351273	0.0290213	0.0144084	0.0159677	0.0492345	0.0116229	0.0102799	0.0199712	0.0179042	0.0241048	0.0233534	0.188008	0.307348	0.0302448	0.00172034	0.0119875
161	0.00659003	0.0115568	0.000465797	0.000567161	0.00403545	0.0003065	0.00537874	0.35802	0.000917854	0.0520463	0.00354502	0.000506051	0.000173072	0.000586902	0.00372802	0.00215794	0.00921763	0.539852	0.000111854	0.000236806
162	0.0171095	0.0127021	0.00178678	0.0030736	0.00987488	0.0021836	0.00632548	0.247893	0.0113359	0.300408	0.0233331	0.00301177	0.00143665	0.0102955	0.0165799	0.00595609	0.0104878	0.308135	0.00288053	0.00519066
163	0.0048868	0.00075223	0.000944355	0.00446	0.00538598	0.000646682	0.00160037	0.764802	0.00901586	0.0228476	0.00381826	0.00264993	0.00047524	0.00535305	0.00500964	0.00186743	0.01349	0.151287	0.000162763	0.000544492
164	0.0930753	0.0172614	0.0374833	0.048037	0.00573034	0.0280587	0.0281188	0.013845	0.149663	0.0181142	0.0136683	0.0462445	0.0277247	0.0432905	0.0653245	0.234966	0.0875436	0.0289325	0.00262829	0.0102904
165	0.214406	0.010858	0.00517585	0.00558185	0.00986426	0.00318259	0.00451508	0.00492341	0.00758506	0.0676704	0.021989	0.00567445	0.0027244	0.00500902	0.00600874	0.00956764	0.489062	0.122382	0.0010992	0.00272095
166	0.0139834	0.0016777	0.00170293	0.00366999	0.0325153	0.0011086	0.0131371	0.329588	0.00549735	0.260619	0.218046	0.00302341	0.00100982	0.0305382	0.00314418	0.00385642	0.0113676	0.0580763	0.00168927	0.00574919
167	0.063952	0.00214594	0.0131087	0.0287947	0.00564529	0.00205376	0.00251044	0.00383754	0.232055	0.0189726	0.0042256	0.0193523	0.000941992	0.121781	0.385438	0.0507611	0.0359205	0.00706646	0.000369399	0.00106709
168	0.189878	0.0138623	0.0371846	0.102363	0.000947726	0.013313	0.0137993	0.00163342	0.221392	0.0084676	0.0120949	0.00620955	0.00087547	0.0810757	0.129481	0.106851	0.0502681	0.00802738	0.00040917	0.00186619
169	0.138136	0.0217404	0.188848	0.164809	0.002566	0.0256507	0.00453597	0.0332793	0.0107146	0.0386637	0.0234455	0.0439582	0.00882266	0.128405	0.010462	0.0566008	0.0375278	0.0578528	0.00104583	0.00293622
170	0.0104128	0.0135453	0.000776377	0.00106606	0.014225	0.000482716	0.00559902	0.192577	0.00385514	0.628693	0.0296236	0.000932379	0.000479326	0.00127762	0.00575222	0.00411786	0.00253105	0.0690523	0.00581323	0.00918806
171	0.0150427	0.00190181	0.0158145	0.0259769	0.0169929	0.00235568	0.0101701	0.0356458	0.294222	0.107307	0.181465	0.0033554	0.00177343	0.0667963	0.155137	0.00522932	0.0536443	0.0045334	0.000724292	0.00191202
172	0.0202901	0.00109389	0.124929	0.604968	0.000912124	0.00256198	0.00439583	0.00730089	0.063538	0.00417128	0.00144212	0.0240745	0.00560552	0.0576526	0.00665866	0.0348297	0.0266665	0.00751498	0.00045881	0.000935451
173	0.00544633	0.00229164	0.0448747	0.146787	0.0305137	0.00192523	0.204799	0.00308568	0.134101	0.0499676	0.0186203	0.0221631	0.00280925	0.126793	0.0893938	0.00580066	0.00535427	0.0174635	0.000871786	0.0869388
174	0.00814647	0.0121472	0.000464263	0.000521514	0.0046304	0.000339033	0.00446481	0.305696	0.000850521	0.0557334	0.00458484	0.000609694	0.000214449	0.000550932	0.00330317	0.00235237	0.00960527	0.585393	9.67688e-05	0.000295367
175	0.00457643	0.00202801	0.000882644	0.00393321	0.0044695	0.000625933	0.00191598	0.733223	0.00884074	0.0231028	0.00315576	0.00211813	0.000448413	0.00442829	0.00517822	0.00193607	0.013011	0.185432	0.00017256	0.000521202
176	0.0066355	0.000558035	0.0437466	0.0404899	0.00646742	0.0145107	0.0237467	0.00416367	0.582222	0.00144817	0.0107155	0.0502519	0.0039544	0.0561	0.131477	0.00323479	0.00526241	0.0108671	0.000163405	0.00398482
177	0.106423	0.012093	0.0280401	0.104069	0.00118688	0.00604197	0.0222787	0.0110147	0.186238	0.0149772	0.00189873	0.0244752	0.0888163	0.0419273	0.0123119	0.123248	0.143628	0.0685081	0.000526188	0.00229837
178	0.0417165	0.0143477	0.0179363	0.0238492	0.00535456	0.014328	0.011882	0.1006	0.0211266	0.0330256	0.0254186	0.0269207	0.00609908	0.0145172	0.0138408	0.107517	0.193795	0.289929	0.00182724	0.0359684
179	0.00645277	0.0115919	0.000478148	0.000527971	0.0039981	0.000317834	0.00545493	0.37198	0.000761463	0.0499254	0.00351516	0.000551195	0.000172359	0.000703228	0.00344279	0.0021784	0.00925549	0.528319	0.000109268	0.000263987
180	0.151895	0.0370687	0.0601312	0.0369367	0.0062599	0.0168697	0.00829056	0.0133583	0.0267261	0.0189018	0.0153896	0.0147181	0.433719	0.017781	0.0198992	0.0639022	0.0203039	0.0220646	0.00964868	0.00613596
181	0.41985	0.0166906	0.0201311	0.108099	0.00163434	0.00489635	0.00363773	0.00326462	0.056439	0.0171192	0.00280752	0.0185962	0.102951	0.0289016	0.0181307	0.130865	0.0120531	0.0179817	0.00168029	0.0142703
182	0.0066355	0.000558035	0.0437466	0.0404899	0.00646742	0.0145107	0.0237467	0.00416367	0.582222	0.00144817	0.0107155	0.0502519	0.0039544	0.0561	0.131477	0.00323479	0.00526241	0.0108671	0.000163405	0.00398482
183	0.0303138	0.0342434	0.00293963	0.00567033	0.235593	0.0319865	0.0229886	0.0194008	0.0148519	0.212242	0.0646856	0.00844494	0.00181512	0.016115	0.0134131	0.0116653	0.00545216	0.0164984	0.0139156	0.237764
184	0.00946173	0.0104573	0.000780514	0.00147426	0.0191095	0.00061309	0.00596846	0.192735	0.00335207	0.603276	0.0611473	0.00117085	0.000494666	0.00396367	0.00459967	0.0039528	0.00370558	0.0580088	0.00665781	0.00907164
185	0.042892	0.012683	0.154787	0.0501623	0.00866073	0.0189088	0.0268128	0.0200262	0.143804	0.0243426	0.0166211	0.0389071	0.0215209	0.0359596	0.0467042	0.0924031	0.197481	0.0336816	0.00329842	0.0103431
186	0.0296455	0.000680239	0.428635	0.348308	0.00054797	0.011856	0.0182317	0.000930375	0.0292286	0.00907328	0.000804157	0.0517925	0.000788006	0.0167018	0.0119964	0.03278	0.00562863	0.00146171	0.000279158	0.00063079
187	0.0282759	0.00112002	0.120948	0.0419287	0.00160472	0.00941018	0.00784046	0.00215512	0.393518	0.00453201	0.00501521	0.162462	0.00142444	0.0621536	0.112025	0.0282142	0.0101068	0.00443946	0.000418137	0.00240791
188	0.0450912	0.0166928	0.0137726	0.0145265	0.00578615	0.0186252	0.0247548	0.0271462	0.0253849	0.0192556	0.050747	0.0198675	0.0195805	0.0158165	0.0166613	0.245466	0.373706	0.0316103	0.00234423	0.0131652
189	0.012228	0.000932805	0.00140884	0.0134013	0.00147981	0.000925903	0.00165527	0.576317	0.0459251	0.0356271	0.00207085	0.00153658	0.000684533	0.00231146	0.0235285	0.00251779	0.0146277	0.261895	0.00030315	0.00062414
190	0.0045378	0.0164949	0.00252342	0.0103968	0.269062	0.00701035	0.0126449	0.0699711	0.0217668	0.0735367	0.00736747	0.0146763	0.00171986	0.00515872	0.0202453	0.00423941	0.00374352	0.0295142	0.00237281	0.423018
191	0.0193389	0.0256489	0.00678799	0.0337424	0.23223	0.0169483	0.0791979	0.044322	0.0251401	0.0784318	0.0148751	0.0151822	0.00463327	0.0149996	0.020019	0.0198529	0.0121198	0.0205036	0.00990584	0.306121
