265	20
1	0.113519	0.00124311	0.0653703	0.0438268	0.0109003	0.0433136	0.047765	0.00745249	0.055623	0.0186549	0.0259988	0.0472639	0.163556	0.0314466	0.118536	0.10551	0.073862	0.00833302	0.0012822	0.0165433
2	0.00632648	0.000667683	0.000654558	0.000813084	0.522634	0.00447029	0.000712877	0.00119933	0.000619227	0.00840423	0.00320736	0.00115081	0.00056744	0.000953601	0.000929668	0.00323995	0.00172943	0.00178686	0.0316395	0.408294
3	0.0153334	0.0140776	0.000394612	0.000493007	0.0111561	0.000686287	0.00328359	0.580383	0.000587792	0.103376	0.0422874	0.000553261	0.000659964	0.00149675	0.00124245	0.00447257	0.0244271	0.193478	0.000218517	0.00139246
4	0.0685586	0.00713319	0.0027661	0.00847666	0.01965	0.0156908	0.00748134	0.0163391	0.00192126	0.0158363	0.00382242	0.00649934	0.564407	0.0137666	0.00460721	0.154581	0.015232	0.0512108	0.00172108	0.0202989
5	0.0738219	0.00222194	0.0332215	0.0034076	0.00353997	0.0183538	0.338765	0.020047	0.018403	0.0592275	0.0212105	0.231812	0.0185658	0.0972738	0.00335657	0.00759682	0.0229508	0.0216267	0.00156846	0.00302999
6	0.158952	0.000300806	0.0831992	0.377052	0.000432432	0.0195098	0.0161314	0.0113996	0.0358535	0.0120146	0.00589245	0.0340456	0.000536349	0.0795346	0.0488147	0.0763179	0.0215882	0.0171599	0.000161111	0.00110474
7	0.0111167	0.00985853	0.00173995	0.00125444	0.0505917	0.00207216	0.00215126	0.32774	0.00142025	0.302326	0.192495	0.00252762	0.00088144	0.00189916	0.00756371	0.0071475	0.0189843	0.0496297	0.00154613	0.00705486
8	0.0165345	0.0182906	0.00215632	0.00218644	0.0182617	0.00229994	0.00246802	0.143574	0.00349058	0.497518	0.159783	0.00629291	0.00405652	0.0101168	0.0151564	0.00836389	0.0290127	0.0451774	0.00304831	0.0122119
9	0.179866	0.00152093	0.21431	0.149225	0.00241506	0.0311601	0.0290212	0.00167033	0.143328	0.00268697	0.00228727	0.0245103	0.00912109	0.039328	0.0560549	0.0807798	0.0274327	0.00261741	0.00114552	0.001519
10	0.350261	0.0011529	0.0175551	0.0964445	0.0330984	0.00211283	0.00132945	0.00228723	0.017465	0.0108315	0.00183565	0.00178027	0.00134032	0.0102908	0.080678	0.048173	0.175724	0.128937	0.000685528	0.0180174
11	0.0153398	0.0146809	0.00036542	0.000444629	0.00740425	0.000596484	0.00227096	0.591682	0.00037833	0.0834971	0.0385291	0.000575157	0.000308788	0.00158372	0.000561959	0.00487931	0.021924	0.214186	0.000223037	0.000568656
12	0.00796668	0.000600154	0.0156157	0.00743078	0.00108037	0.86177	0.00328329	0.000900445	0.0286128	0.00264023	0.00132986	0.0341392	0.00218692	0.0118866	0.00659814	0.00932407	0.00190199	0.00134816	0.000325976	0.00105885
13	0.131361	0.00864091	0.000505874	0.000856949	0.0211083	0.00171197	0.000749746	0.188126	0.00420415	0.0929104	0.0362348	0.00107205	0.000680679	0.000924372	0.0046903	0.00356147	0.0024744	0.482677	0.001769	0.0157406
14	0.0137063	0.00126271	0.11406	0.0180061	0.00168172	0.00198868	0.0257015	0.00234031	0.00908341	0.00268181	0.00181342	0.0565829	0.001121	0.00213592	0.0711635	0.606482	0.0645459	0.00281483	0.000914555	0.00191281
15	0.0424181	0.00488566	0.000304507	0.00267718	0.0473171	0.00762679	0.000400037	0.229208	0.00267648	0.17297	0.0234294	0.000558565	0.000394097	0.000509398	0.000695088	0.00298958	0.00588937	0.424909	0.0124592	0.0176825
16	0.0342773	0.000976259	0.501056	0.341939	0.000431372	0.0141373	0.0027599	0.000610978	0.0133009	0.00359398	0.00987521	0.00661922	0.00810985	0.023102	0.0093406	0.0130881	0.0100183	0.00312368	0.000886695	0.00275333
17	0.0450857	0.00149142	0.490876	0.3271	0.000482452	0.0132789	0.00441979	0.000618911	0.0149903	0.00511015	0.00991728	0.00902861	0.00722757	0.0291138	0.0103301	0.0152307	0.00939016	0.00255227	0.0014153	0.00234011
18	0.00616007	0.0019401	0.000888782	0.00119618	0.136732	0.00168821	0.00200394	0.171258	0.00161772	0.468641	0.132096	0.00202362	0.00133137	0.00239693	0.00199974	0.00561907	0.00475287	0.0373663	0.00167766	0.0186096
19	0.0116333	0.00451303	0.00609555	0.004935	0.362253	0.00573743	0.0626207	0.0332365	0.00112183	0.159889	0.0147219	0.00538015	0.000875743	0.00261438	0.00595435	0.0126308	0.0119834	0.00607018	0.0115012	0.276233
20	0.249106	0.00984505	0.05357	0.0946288	0.00222286	0.0134958	0.00177213	0.0108134	0.0978462	0.013499	0.00229455	0.028495	0.0104838	0.0380696	0.0578947	0.19474	0.0626442	0.0556789	0.000828912	0.0020704
21	0.0727815	0.0153881	0.0853283	0.0015478	0.00186248	0.0751729	0.00932827	0.00239043	0.0089601	0.00319822	0.00212269	0.0370921	0.0656236	0.0024959	0.00170446	0.520681	0.0884643	0.00327574	0.000740251	0.00184227
22	0.0482207	0.00109511	0.0575415	0.734051	0.00119446	0.00916409	0.0107936	0.00313587	0.00946648	0.00409251	0.00660345	0.0197002	0.00119641	0.0190989	0.00792025	0.0279886	0.0295118	0.00600961	0.000719497	0.00249624
23	0.123193	0.00187113	0.0136085	0.0376361	0.039705	0.0162203	0.0257898	0.132209	0.00203618	0.027913	0.14508	0.00279877	0.0812521	0.0540014	0.0314061	0.0533965	0.0376858	0.0526878	0.0522134	0.069295
24	0.155719	0.00032529	0.0909256	0.475078	0.000454436	0.0213459	0.0148302	0.00917063	0.0250928	0.00764411	0.00307302	0.0228619	0.00045268	0.0601254	0.0253894	0.051436	0.0172406	0.0161732	0.000162563	0.00249849
25	0.0555152	0.00653853	0.000455129	0.000601855	0.00248917	0.00657733	0.000508729	0.160972	0.00196561	0.469782	0.0347579	0.000782701	0.00055403	0.00268559	0.00913446	0.00907584	0.0314298	0.203826	0.000762636	0.00158511
26	0.03526	0.139695	0.00177597	0.0194352	0.0333349	0.00331907	0.0211848	0.0561165	0.00265872	0.0424383	0.0159817	0.10201	0.0676536	0.00423253	0.00395773	0.231636	0.0606338	0.102146	0.0143244	0.0422058
27	0.0169352	0.00547151	0.00201745	0.00556082	0.399272	0.00997382	0.0333302	0.0229883	0.00124877	0.15814	0.015678	0.00419224	0.00111654	0.00157975	0.0073132	0.0124917	0.0103377	0.00584991	0.0159563	0.270546
28	0.0861973	0.00952956	0.000864309	0.00103491	0.00198221	0.00450421	0.000852359	0.15062	0.00606654	0.496918	0.0355444	0.00165755	0.00080633	0.00343883	0.0221011	0.0128784	0.0295792	0.13353	0.000615111	0.00127969
29	0.0126915	0.00247372	0.00202655	0.00278104	0.0026706	0.938496	0.00051586	0.000746462	0.00368681	0.00305435	0.00164656	0.00601514	0.00402534	0.00206234	0.00227616	0.00865656	0.00277511	0.00141708	0.00064845	0.00133415
30	0.368098	0.037302	0.00429348	0.00266542	0.0201855	0.447266	0.00280396	0.00352276	0.00254248	0.00526855	0.0037743	0.016081	0.00563516	0.0052645	0.019942	0.0172648	0.00622133	0.00988687	0.00600899	0.0159724
31	0.0328493	0.00538843	0.00269389	0.00270713	0.00449382	0.887833	0.00105212	0.00137935	0.00354687	0.00328118	0.00203424	0.00554324	0.0108751	0.00383132	0.00239812	0.0176226	0.00449086	0.00383634	0.00196974	0.00217341
32	0.260524	0.0545874	0.000620479	0.000710348	0.0196033	0.00861694	0.0113246	0.15487	0.000597167	0.0731266	0.0347471	0.0159075	0.000531648	0.00310138	0.00109906	0.0608968	0.0855498	0.211569	0.00051234	0.00150405
33	0.0437879	0.0205917	0.00292893	0.00346606	0.00917491	0.00418411	0.0257051	0.00453445	0.00285643	0.00733632	0.00698137	0.0256212	0.00238327	0.00416992	0.0420147	0.0122388	0.00828413	0.00801947	0.0270921	0.738629
34	0.0560289	0.000844473	0.26007	0.0878276	0.0158323	0.0339943	0.0100906	0.00117012	0.0964835	0.0109406	0.00144473	0.0713829	0.110223	0.0492474	0.0764374	0.0596942	0.00896467	0.0152837	0.00813613	0.025903
35	0.0384563	0.00767964	0.00904179	0.0175697	0.0135593	0.0148782	0.142546	0.0144552	0.0563498	0.0219542	0.0136447	0.0261747	0.00655785	0.0200649	0.357454	0.0766609	0.0236923	0.0646024	0.0073906	0.0672674
36	0.0111991	0.0034773	0.0484146	0.00212154	0.251042	0.00274834	0.196598	0.0493017	0.00188682	0.0478707	0.00623458	0.00717674	0.00143288	0.0135572	0.00263935	0.0181537	0.00790924	0.0268496	0.00274832	0.298638
37	0.0505062	0.00438704	0.000939336	0.00664788	0.00156326	0.00181481	0.0010574	0.152726	0.0128222	0.0147927	0.0141347	0.00240937	0.00105802	0.0201784	0.0114143	0.00377803	0.132607	0.565228	0.000527093	0.00140902
38	0.0448817	0.00131929	0.00121059	0.00275922	0.00524129	0.00400839	0.00208529	0.0229368	0.00167545	0.0238841	0.00238077	0.00223121	0.791827	0.0131908	0.00237285	0.0382271	0.00869159	0.0243247	0.000935953	0.00581604
39	0.384082	0.00169695	0.00302124	0.0373947	0.0124045	0.00497475	0.00224452	0.00274814	0.0201095	0.0140013	0.0021253	0.016865	0.0507688	0.0330079	0.00979076	0.261813	0.0974453	0.0420375	0.00117582	0.00229263
40	0.276432	0.0342679	0.000704235	0.00094082	0.0199979	0.00576915	0.0131663	0.168312	0.000721358	0.0702992	0.0228378	0.0124841	0.000646359	0.0023322	0.00100691	0.0575535	0.0811053	0.229171	0.0004713	0.00178157
41	0.0207429	0.0176159	0.000440345	0.000506518	0.00696715	0.000615115	0.00197541	0.531012	0.000503732	0.0701184	0.0353345	0.000664103	0.000361429	0.00171434	0.000731022	0.00644316	0.0205516	0.28202	0.000242636	0.00143902
42	0.0497553	0.000949099	0.277277	0.0761058	0.0143446	0.0391118	0.0108657	0.0013163	0.0902297	0.012039	0.0016029	0.0756934	0.109255	0.0481577	0.0734107	0.0580507	0.00962924	0.0149805	0.0102697	0.026956
43	0.174415	0.00115962	0.0528577	0.0821289	0.0228843	0.0233719	0.0707597	0.0082002	0.044971	0.0383722	0.0182808	0.0408199	0.013427	0.0914902	0.0973104	0.0853265	0.074855	0.00678988	0.000849388	0.051731
44	0.0147445	0.01343	0.000367368	0.000442944	0.00762999	0.000592715	0.0023773	0.586415	0.000390329	0.0980639	0.0398007	0.000592975	0.000304311	0.00156745	0.0006808	0.00477401	0.0219204	0.20498	0.000199353	0.000726133
45	0.271411	0.0444226	0.000581753	0.000682107	0.0166619	0.00748624	0.00925173	0.168421	0.000539835	0.077598	0.0315238	0.0167803	0.000486535	0.00258623	0.000833208	0.0636086	0.0868953	0.198447	0.000404192	0.00137836
46	0.0938227	0.00200336	0.0140772	0.0151195	0.0284965	0.193677	0.00238559	0.0035242	0.0141611	0.128437	0.0401767	0.041344	0.00134762	0.0668943	0.0269596	0.258848	0.0596489	0.00472883	0.00131238	0.00303536
47	0.00571359	0.00160589	0.00122487	0.0178224	0.00861279	0.00161177	0.0412319	0.00196606	0.167498	0.0235945	0.00821214	0.037676	0.000918827	0.0148433	0.63653	0.0110063	0.00324432	0.00941069	0.00121444	0.00606285
48	0.0952832	0.00302922	0.00258229	0.0197668	0.00381756	0.340838	0.00293707	0.00430585	0.00240637	0.0048143	0.00351076	0.0194942	0.106774	0.0653925	0.018387	0.26634	0.0097719	0.0068806	0.00124117	0.0224266
49	0.0208632	0.00111632	0.0270336	0.818248	0.00170218	0.00458043	0.00630385	0.0022726	0.00164478	0.00291111	0.0100844	0.0248982	0.00137813	0.00306142	0.00216967	0.0266725	0.0391323	0.00310691	0.000738961	0.00208184
50	0.016986	0.00383974	0.00127587	0.00374438	0.456844	0.0117717	0.0149899	0.0119092	0.000860252	0.0956485	0.011181	0.00318275	0.000763131	0.00140789	0.00445687	0.0102388	0.00744198	0.00355293	0.0245251	0.31538
51	0.017547	0.00272661	0.000734903	0.00058623	0.0246979	0.00162218	0.0016736	0.0642638	0.0044817	0.695769	0.0555901	0.00244925	0.0029061	0.0102793	0.00523816	0.00314848	0.0110463	0.06908	0.00153211	0.0246277
52	0.0260729	0.00233146	0.00977693	0.00499964	0.00119539	0.0118509	0.00510769	0.00186015	0.00109918	0.00481137	0.00409186	0.0232158	0.00288538	0.0124224	0.00143447	0.104691	0.777668	0.00228828	0.000796555	0.00140047
53	0.457531	0.00378679	0.0113346	0.00111802	0.00103443	0.0193633	0.00126838	0.0046299	0.00117353	0.0169439	0.00873512	0.00405278	0.0281063	0.00117151	0.00105098	0.400822	0.0307556	0.00569068	0.000344429	0.00108763
54	0.0307394	0.0129732	0.00354305	0.00310965	0.0413733	0.00464006	0.018704	0.00527628	0.00251491	0.0118604	0.0106671	0.0195149	0.00180288	0.00402363	0.0256214	0.0106542	0.0086051	0.010054	0.0191434	0.755179
55	0.235442	0.0935119	0.00707698	0.00617752	0.00904424	0.0882557	0.0059667	0.0151491	0.00571721	0.01972	0.013637	0.0173285	0.00473334	0.0131294	0.00795005	0.0906604	0.32057	0.0340374	0.0038937	0.00799842
56	0.0592812	0.00550425	0.00807221	0.0154602	0.0107811	0.0166642	0.0107822	0.0208912	0.00900146	0.0244061	0.010757	0.00867847	0.580572	0.0706092	0.0127657	0.0457616	0.048956	0.0276473	0.0026139	0.0107944
57	0.0324104	0.0133822	0.00395151	0.00343764	0.0286931	0.00476788	0.0212746	0.00627408	0.00264455	0.0143775	0.0112823	0.0206514	0.00210537	0.0041638	0.0256816	0.01141	0.00899545	0.0110142	0.0192168	0.754266
58	0.08656	0.00247062	0.0216779	0.129516	0.00367888	0.0229656	0.0380734	0.00503541	0.0266547	0.0107021	0.00674066	0.0380876	0.0071226	0.430261	0.0290279	0.0870704	0.0363552	0.00864745	0.00178306	0.00756966
59	0.784911	0.00469676	0.00125724	0.00118745	0.00182768	0.0368431	0.00127824	0.00198559	0.000971934	0.00259671	0.0017897	0.00140624	0.0370227	0.00184609	0.000931743	0.097003	0.0155215	0.00398366	0.000774233	0.00216528
60	0.0301853	0.000941865	0.0389437	0.80117	0.00134771	0.0071027	0.00715137	0.00255297	0.00373691	0.00335618	0.00836539	0.0198825	0.00121177	0.00720409	0.00290199	0.0244934	0.0323477	0.00412594	0.000718222	0.00225976
61	0.106463	0.00998683	0.00042126	0.00074897	0.0212404	0.00158415	0.000503312	0.206555	0.00304887	0.0915634	0.0346992	0.000745868	0.000373978	0.000648241	0.00307924	0.00329891	0.00288623	0.495786	0.00202048	0.0143474
62	0.137622	0.00644365	0.0397587	0.0037355	0.00248376	0.0206708	0.00481071	0.00286276	0.00331505	0.00874385	0.00311742	0.031285	0.0190061	0.00271726	0.0052423	0.620177	0.0760952	0.00865289	0.00105757	0.00220187
63	0.0728096	0.00388421	0.0171222	0.110175	0.00430455	0.0161305	0.0673065	0.00507288	0.0656314	0.0138576	0.00645608	0.0336423	0.00349672	0.403543	0.0523078	0.0601644	0.0381858	0.0105816	0.00251344	0.0128148
64	0.0113221	0.00255101	0.00213202	0.00278077	0.00218509	0.941086	0.000505347	0.000703868	0.00391765	0.00285277	0.0013862	0.00627011	0.00400457	0.0020802	0.00233632	0.00844835	0.00243609	0.00126788	0.000596402	0.00113729
65	0.0875164	0.016756	0.00715847	0.0124703	0.0455513	0.0421996	0.0356217	0.102222	0.0205593	0.148032	0.0736933	0.0321766	0.000893832	0.0250021	0.0461163	0.0678479	0.0415347	0.169547	0.000648767	0.0244527
66	0.0381577	0.011382	0.00276232	0.00302356	0.0962019	0.00398259	0.00429352	0.0391785	0.00260525	0.484318	0.151932	0.00505808	0.00308834	0.0147963	0.00506901	0.0142641	0.0156687	0.0302541	0.0351351	0.0388283
67	0.086597	0.0038469	0.0185205	0.0799678	0.00667496	0.0162222	0.04868	0.00609884	0.114308	0.0209059	0.00813704	0.0370656	0.00637577	0.276539	0.125234	0.0502169	0.055497	0.0143452	0.00302446	0.0217427
68	0.475019	0.00306115	0.00181981	0.00179755	0.00365831	0.0289258	0.00189572	0.0300155	0.00200296	0.0189681	0.0390441	0.00308114	0.00120705	0.0029518	0.00249334	0.0880038	0.0579592	0.195901	0.00139462	0.0408009
69	0.0104647	0.0148037	0.00106657	0.0012089	0.0297105	0.00129066	0.00135142	0.421854	0.000922388	0.248761	0.180398	0.00146491	0.000700357	0.00136421	0.00906938	0.00477457	0.0244153	0.0421182	0.00057775	0.00368408
70	0.00632648	0.000667683	0.000654558	0.000813084	0.522634	0.00447029	0.000712877	0.00119933	0.000619227	0.00840423	0.00320736	0.00115081	0.00056744	0.000953601	0.000929668	0.00323995	0.00172943	0.00178686	0.0316395	0.408294
71	0.0272305	0.000974683	0.0341205	0.812955	0.00147078	0.00574267	0.00685471	0.00274202	0.00267005	0.00297708	0.0080515	0.0204396	0.00108495	0.00615455	0.00246798	0.0243774	0.0329368	0.00381737	0.000735291	0.0021966
72	0.00632648	0.000667683	0.000654558	0.000813084	0.522634	0.00447029	0.000712877	0.00119933	0.000619227	0.00840423	0.00320736	0.00115081	0.00056744	0.000953601	0.000929668	0.00323995	0.00172943	0.00178686	0.0316395	0.408294
73	0.1118	0.00198003	0.00909683	0.10207	0.00293432	0.0234918	0.0525707	0.00335658	0.0104732	0.00538789	0.00558815	0.0210404	0.00427398	0.499446	0.0091808	0.0821498	0.044795	0.00548901	0.00120812	0.00366794
74	0.0284404	0.00268657	0.0106447	0.00892844	0.00390859	0.0052406	0.00353206	0.00471236	0.003228	0.00601874	0.00421728	0.012468	0.00363304	0.00494984	0.00507579	0.812199	0.0683	0.00615107	0.00155753	0.00410756
75	0.0609145	0.00777918	0.00129169	0.00282184	0.0590148	0.0045652	0.00254041	0.0166926	0.00151834	0.348245	0.285804	0.00235425	0.00573823	0.0200836	0.00203963	0.0415197	0.0359299	0.0684611	0.0075252	0.0251602
76	0.0125471	0.0060738	0.000645801	0.000841314	0.00456832	0.00107037	0.00162338	0.498929	0.000531192	0.0559681	0.0918133	0.00118777	0.000576138	0.00484855	0.000910314	0.011215	0.0196914	0.285669	0.000372893	0.000916792
77	0.535655	0.0560216	0.00380411	0.000971108	0.00181464	0.0631857	0.00311096	0.00397463	0.00103153	0.00780856	0.00171726	0.00653247	0.000769798	0.00878029	0.00566519	0.15799	0.0995425	0.038727	0.000995006	0.00190235
78	0.157365	0.000310212	0.0814443	0.367455	0.000417287	0.0195624	0.0158008	0.0115967	0.0374862	0.0126498	0.0063447	0.0356736	0.000544172	0.0818082	0.0513453	0.078828	0.0227983	0.0171423	0.000235051	0.00119272
79	0.0231627	0.00652048	0.000666638	0.000875695	0.0378573	0.00213035	0.00129487	0.243099	0.00278206	0.451466	0.086339	0.00233006	0.00142454	0.00352737	0.00608713	0.00654468	0.0164481	0.0966495	0.00090493	0.00988968
80	0.037583	0.00661841	0.00334396	0.0020723	0.13449	0.00451765	0.00790661	0.071487	0.00550196	0.284243	0.114473	0.00762588	0.00741837	0.00687072	0.00579719	0.0157712	0.0632076	0.0987073	0.00910621	0.113259
81	0.123236	0.00322359	0.321226	0.212363	0.00267981	0.147021	0.0110427	0.00370894	0.0469808	0.0067689	0.00660812	0.0114615	0.00577346	0.0264486	0.0170868	0.0300534	0.0134313	0.00524458	0.00226386	0.00337764
82	0.0264477	0.0254064	0.00219711	0.00662825	0.00860356	0.00279964	0.00338092	0.0329315	0.00282788	0.336891	0.318664	0.00383417	0.0183339	0.0332651	0.00516368	0.0241283	0.103214	0.0380612	0.00224804	0.00497375
83	0.0345032	0.000982036	0.501807	0.341353	0.000436792	0.013954	0.0027732	0.000615076	0.0133009	0.00360821	0.00973455	0.00662428	0.00826694	0.0231742	0.00927448	0.0130985	0.00981903	0.00307777	0.000906995	0.00268976
84	0.0657393	0.0076179	0.000299826	0.000785678	0.0223095	0.00211578	0.000296099	0.227006	0.00173274	0.112478	0.0294894	0.000487233	0.000255713	0.000438172	0.00147608	0.00213278	0.0029548	0.504076	0.00329956	0.0150095
85	0.359928	0.0088074	0.00385241	0.00301528	0.00868113	0.0331139	0.00179634	0.00266253	0.00194732	0.00839476	0.00196176	0.0152741	0.00316701	0.0062718	0.00255977	0.314056	0.131743	0.0860712	0.00474179	0.00195507
86	0.0354313	0.00530321	0.0377308	0.0070573	0.00654503	0.0222146	0.0129436	0.0106229	0.00605998	0.0129294	0.0116914	0.262645	0.0058953	0.0513172	0.00696032	0.126003	0.346434	0.0100152	0.00300392	0.0191967
87	0.673781	0.0249316	0.0025441	0.000619302	0.00166168	0.0748119	0.00192972	0.00693337	0.000508613	0.0089153	0.00719405	0.0017805	0.0013794	0.00310626	0.00165754	0.118414	0.0339563	0.0298257	0.00107506	0.004975
88	0.0748033	0.0274541	0.0569833	0.00556339	0.00570979	0.0998728	0.00958782	0.00603434	0.00810609	0.00566274	0.00382009	0.0265229	0.106785	0.00928528	0.00440433	0.448419	0.0783033	0.0149678	0.00138548	0.00632917
89	0.0156543	0.00430588	0.00479304	0.00376319	0.00608284	0.00516726	0.119199	0.0478926	0.00291835	0.375468	0.200881	0.027577	0.00282087	0.00583011	0.00623254	0.0100146	0.0407746	0.113237	0.00197641	0.00541088
90	0.020347	0.00510808	0.00523303	0.00369782	0.23488	0.0077485	0.0211439	0.019881	0.00249491	0.0670242	0.0329252	0.0178585	0.00235182	0.00422037	0.00801057	0.0167459	0.0128149	0.0221245	0.0203357	0.475054
91	0.0422746	0.00128709	0.43833	0.379658	0.000542441	0.0135135	0.00467184	0.0011825	0.0136016	0.00461572	0.00961729	0.00922183	0.00696942	0.0254822	0.00992931	0.0192602	0.0123994	0.00360109	0.00121103	0.00263035
92	0.163827	0.0377226	0.0306106	0.00644334	0.0336038	0.516029	0.00530442	0.00643449	0.00606759	0.00967242	0.00641202	0.00785731	0.0103014	0.0299648	0.00670357	0.0271596	0.0117732	0.0162059	0.0604201	0.00748631
93	0.470708	0.00185831	0.0028285	0.00116164	0.0303636	0.265998	0.00154196	0.0155245	0.00159678	0.00849052	0.00825409	0.00154677	0.0608817	0.00203113	0.00156231	0.075281	0.0141119	0.0228723	0.00219512	0.011192
94	0.0295797	0.00228538	0.00854842	0.00797703	0.00138075	0.0154082	0.00803065	0.00183244	0.00106779	0.00550232	0.00435947	0.0321457	0.00338712	0.0258219	0.00169219	0.162378	0.683741	0.00266151	0.000610539	0.00159053
95	0.810512	0.00471101	0.000942257	0.000523613	0.000626273	0.0400701	0.000713289	0.00101172	0.000424447	0.00100398	0.000663656	0.000629595	0.00576204	0.000907492	0.000554858	0.11033	0.0168769	0.00211193	0.0002907	0.00133438
96	0.254455	0.0515574	0.000519684	0.000990064	0.0188321	0.0221294	0.00357462	0.0996398	0.000672338	0.112693	0.0633998	0.00534183	0.000506833	0.0058457	0.00127702	0.0464064	0.0970095	0.213475	0.00035705	0.00131709
97	0.607442	0.0112887	0.00124708	0.000813258	0.0139727	0.177515	0.00101111	0.0114094	0.000784257	0.0104363	0.0140038	0.0013017	0.0182336	0.00125159	0.0010039	0.0645629	0.0158643	0.0350896	0.00441285	0.00835598
98	0.0690259	0.00185073	0.0397591	0.636922	0.00330626	0.00950946	0.0088213	0.00554449	0.0101254	0.00753085	0.00888106	0.0231055	0.00264082	0.0189085	0.0115925	0.0495616	0.0769586	0.0101402	0.00122657	0.00458874
99	0.786068	0.00622767	0.000999926	0.000659767	0.00128755	0.0530659	0.000758348	0.00237333	0.000471828	0.00319031	0.00275173	0.000890456	0.00564904	0.00135815	0.00100368	0.107344	0.0181999	0.00566645	0.000519757	0.00151388
100	0.270123	0.0505727	0.000546311	0.000852378	0.0161154	0.0292118	0.00336195	0.0989082	0.000554502	0.0808312	0.0643241	0.00482647	0.000459447	0.00675492	0.000776156	0.0482693	0.0905748	0.231335	0.000335845	0.00126601
101	0.0854393	0.0118264	0.00672525	0.0104068	0.0458153	0.0408017	0.0291132	0.091613	0.0205151	0.192783	0.0759437	0.0326546	0.00101031	0.0204445	0.0506602	0.067675	0.0454453	0.14686	0.000808485	0.0234583
102	0.0382937	0.00509548	0.000738408	0.00195026	0.0238023	0.00240963	0.00268708	0.0575113	0.00261449	0.468499	0.222383	0.0022757	0.00577142	0.0137093	0.00393595	0.0175306	0.0313198	0.0818709	0.00214665	0.0154546
103	0.810334	0.0047434	0.000940408	0.000526718	0.00062677	0.0400585	0.000715736	0.00100141	0.000423329	0.00100113	0.000666443	0.000638784	0.00575935	0.000919339	0.00055696	0.110377	0.0169662	0.00211925	0.000290148	0.00133566
104	0.0882516	0.016911	0.00730077	0.0124983	0.0455428	0.0422492	0.0359683	0.10179	0.0205537	0.147513	0.0733406	0.0320686	0.000895234	0.0253605	0.0460939	0.0676155	0.0411129	0.169633	0.00061926	0.024682
105	0.0519932	0.00873292	0.0092529	0.0799515	0.000852331	0.0200482	0.0238348	0.00314736	0.337269	0.00449769	0.0033862	0.0174391	0.00426196	0.0414278	0.2591	0.0330826	0.0607443	0.0316743	0.000620635	0.00868327
106	0.0423566	0.00816716	0.000269824	0.000694497	0.0171109	0.00173826	0.000748074	0.342278	0.00102246	0.0947068	0.0306043	0.000450832	0.000264457	0.000935589	0.000786837	0.00348815	0.0085968	0.434538	0.00250275	0.00874022
107	0.0418837	0.00443844	0.000334098	0.0016638	0.0355371	0.00612372	0.000371011	0.21781	0.0019203	0.222361	0.0229835	0.00051982	0.000763932	0.000570138	0.00108109	0.0027987	0.00604097	0.40734	0.00967173	0.0157865
108	0.0555558	0.00645893	0.000257369	0.000940865	0.0249193	0.00296606	0.000241791	0.228278	0.00167809	0.133433	0.0306219	0.00039184	0.000317726	0.000349156	0.00112096	0.00172745	0.00298453	0.486897	0.00479119	0.0160691
109	0.342599	0.00325745	0.0291132	0.00274493	0.00474714	0.055548	0.0025376	0.00655758	0.0020246	0.0537678	0.0201967	0.00380018	0.107511	0.00317612	0.00275751	0.293328	0.0274266	0.0339964	0.00117781	0.00373222
110	0.14626	0.000316508	0.0759243	0.346178	0.00043542	0.0203881	0.0147264	0.0109922	0.0465241	0.0150649	0.00706487	0.0373297	0.000548058	0.0930842	0.0576922	0.0807872	0.0267328	0.017104	0.000807374	0.00204008
111	0.0505504	0.00460673	0.000936788	0.00670026	0.00151404	0.00181147	0.00103897	0.15076	0.0127555	0.0146862	0.0141222	0.00237262	0.00103733	0.0199514	0.0111798	0.00381296	0.133056	0.567178	0.000525781	0.00140281
112	0.0541107	0.00704586	0.000393049	0.000445956	0.00143849	0.00502782	0.000384356	0.16593	0.00184209	0.484233	0.0353296	0.000573831	0.000458835	0.00263145	0.00935895	0.00903475	0.0290272	0.191077	0.000441611	0.00121591
113	0.061042	0.00652459	0.0107805	0.0953684	0.000783233	0.0152777	0.034453	0.00268777	0.306135	0.00622376	0.00531438	0.025594	0.00363171	0.0567233	0.250686	0.0336908	0.0453371	0.0299354	0.0010218	0.00878962
114	0.0686111	0.00328871	0.0138902	0.00468844	0.00232143	0.0301605	0.00436909	0.00249524	0.00143221	0.0136043	0.0118397	0.0722701	0.0102094	0.0299615	0.00197786	0.122518	0.598455	0.00354583	0.00170832	0.00265309
115	0.0316208	0.0035785	0.0215316	0.00379596	0.0774187	0.00509882	0.00398829	0.0300961	0.00319904	0.123463	0.0523967	0.0661651	0.00238273	0.00480007	0.00506486	0.0361936	0.0318518	0.0851633	0.0441228	0.368068
116	0.563618	0.0376255	0.00731855	0.000896144	0.00170309	0.0651421	0.00597924	0.00826537	0.000946641	0.0082985	0.00345942	0.00363496	0.00159113	0.0083617	0.00320384	0.178153	0.0655068	0.0329269	0.000763896	0.00260596
117	0.671526	0.0221419	0.00114503	0.000696081	0.00250585	0.122304	0.0010347	0.013939	0.000524668	0.0153744	0.017646	0.00105847	0.000575969	0.00112403	0.000714406	0.0734852	0.0129798	0.0354868	0.00210029	0.00363721
118	0.0419159	0.0049926	0.000261662	0.00179732	0.0418633	0.00607034	0.000326702	0.224101	0.0020686	0.165269	0.0242028	0.000466995	0.000362064	0.000427527	0.000663886	0.00265212	0.00457502	0.44983	0.0101705	0.0179829
119	0.0535522	0.00652619	0.000267073	0.00131097	0.0351053	0.00440716	0.000293835	0.22552	0.00200212	0.151734	0.0277877	0.000471484	0.000393333	0.000389141	0.00105534	0.00237758	0.00345847	0.45335	0.00759436	0.0224033
120	0.0429801	0.00480877	0.000303119	0.00241853	0.0481064	0.00798319	0.000371426	0.227881	0.00253304	0.172451	0.0235212	0.000577003	0.000405269	0.000487687	0.000663039	0.00297084	0.00542329	0.425773	0.012288	0.0180535
121	0.153702	0.00306671	0.0497196	0.144906	0.00384171	0.0802784	0.0166539	0.00635591	0.0107793	0.00770513	0.0216632	0.0307396	0.0233308	0.326859	0.0115252	0.0758208	0.018457	0.00816352	0.00218905	0.00424279
122	0.00781404	0.0142005	0.0020692	0.0023877	0.0160717	0.00277849	0.0689787	0.0396981	0.00185402	0.0164139	0.0266803	0.264987	0.00176206	0.116672	0.00237636	0.187278	0.0765835	0.0045146	0.00168488	0.145195
123	0.0487499	0.00171836	0.00221559	0.00408803	0.00650169	0.0074012	0.00335301	0.021803	0.0020352	0.0229668	0.00260977	0.00318164	0.766415	0.0124068	0.00420124	0.0469821	0.00953591	0.0261421	0.00115779	0.00653455
124	0.013961	0.00336757	0.122482	0.00518292	0.0051208	0.0264893	0.00414603	0.00610015	0.00414713	0.00777165	0.00686245	0.501724	0.00356724	0.0109192	0.00488361	0.0911555	0.167037	0.0079784	0.00218187	0.00492217
125	0.0585477	0.00807161	0.00191575	0.00246132	0.508462	0.0175172	0.0200185	0.0765979	0.0146241	0.0345513	0.00871311	0.0187789	0.00246345	0.00554558	0.0228033	0.021343	0.0235991	0.0738487	0.00336428	0.0767728
126	0.0175239	0.00707259	0.000944429	0.00707	0.376471	0.00950775	0.0323948	0.0209053	0.000958895	0.1836	0.0159835	0.00422756	0.000794277	0.00144807	0.00964048	0.0140434	0.0117581	0.00252656	0.0146465	0.268483
127	0.0115328	0.00215548	0.00228847	0.00278694	0.00230566	0.939022	0.000746055	0.000745148	0.00448491	0.00286518	0.00150224	0.0066331	0.00391207	0.00226662	0.00234292	0.00857492	0.0027714	0.00126053	0.000580414	0.0012232
128	0.046677	0.111643	0.00133761	0.0100654	0.0409964	0.0186977	0.0334441	0.0982603	0.00182382	0.0389333	0.00352153	0.0662941	0.00946749	0.076184	0.0795107	0.103932	0.0688459	0.178491	0.000964147	0.0109102
129	0.671526	0.0221419	0.00114503	0.000696081	0.00250585	0.122304	0.0010347	0.013939	0.000524668	0.0153744	0.017646	0.00105847	0.000575969	0.00112403	0.000714406	0.0734852	0.0129798	0.0354868	0.00210029	0.00363721
130	0.0135821	0.00272198	0.000356352	0.000309103	0.0170596	0.00161852	0.000309682	0.0660914	0.00537486	0.716531	0.0525715	0.00213752	0.00323547	0.00919028	0.00593914	0.00258446	0.0112757	0.0660236	0.000738889	0.022349
131	0.133491	0.0315115	0.00131203	0.0017216	0.22415	0.0306623	0.00143876	0.016428	0.00138564	0.244377	0.0375799	0.00237783	0.0077111	0.00290602	0.00163304	0.0801242	0.0277394	0.124785	0.000834759	0.0278315
132	0.0166199	0.0145446	0.000361479	0.000465463	0.00687368	0.000588784	0.0020999	0.579711	0.000406977	0.0756649	0.0366581	0.000568015	0.000316341	0.00156119	0.000556586	0.00509935	0.0206767	0.236406	0.000243806	0.000577119
133	0.266125	0.050082	0.000539612	0.000819656	0.016951	0.0276587	0.00335085	0.0988426	0.000495614	0.0813965	0.0640654	0.00490467	0.000458741	0.00706173	0.000775301	0.0499089	0.0944574	0.230535	0.000335096	0.00123584
134	0.0158309	0.00464874	0.218943	0.160027	0.00567596	0.00542636	0.027834	0.0313412	0.0039138	0.00817691	0.00616973	0.28356	0.00324683	0.00596508	0.00461909	0.0407288	0.0104847	0.0340813	0.0020088	0.127318
135	0.0466019	0.00126681	0.00118996	0.00181616	0.00491949	0.00237121	0.00170403	0.0277491	0.0014581	0.0287394	0.00248471	0.00198878	0.788823	0.0116142	0.0018341	0.0363389	0.0068025	0.0262189	0.000922466	0.00515606
136	0.0328439	0.00110083	0.00111748	0.00140858	0.0016458	0.00191498	0.0087816	0.24074	0.00107686	0.224504	0.0779304	0.0244961	0.000957311	0.0154013	0.00161425	0.0704134	0.0394659	0.252564	0.000548117	0.00147427
137	0.3167	0.00266182	0.0138676	0.00143954	0.00165632	0.00854159	0.00144283	0.00957893	0.0012332	0.0327745	0.0186167	0.00258713	0.0327315	0.00161819	0.00141478	0.516993	0.0260053	0.00779376	0.000583693	0.00175974
138	0.0408051	0.0145211	0.00260478	0.00226038	0.0546175	0.00274021	0.00279869	0.021226	0.00286047	0.547533	0.145388	0.00433768	0.0023995	0.0196475	0.00471965	0.0130407	0.0163403	0.0325674	0.0295404	0.0400518
139	0.470864	0.00496952	0.00575116	0.00142318	0.0150904	0.248833	0.00298669	0.00762509	0.00264704	0.00664375	0.0050719	0.00301679	0.0357997	0.0046733	0.00128677	0.132571	0.0235877	0.0191086	0.00184106	0.00620855
140	0.0526976	0.0064683	0.000404805	0.000443897	0.00181033	0.00489847	0.000403232	0.168494	0.00169774	0.484604	0.0343848	0.000576637	0.000591779	0.00250725	0.00908644	0.00845143	0.0273439	0.192651	0.000575292	0.00190939
141	0.01372	0.00254916	0.000352373	0.000307291	0.0196908	0.00160227	0.000314718	0.0684464	0.00500751	0.71293	0.0525187	0.00206868	0.00311665	0.00913477	0.00559188	0.00252636	0.0108447	0.0662492	0.000717847	0.0223106
142	0.123479	0.00168862	0.0115066	0.271702	0.00367841	0.00504983	0.00261985	0.00323861	0.223539	0.00480782	0.00312527	0.0174968	0.019213	0.0815882	0.077154	0.0214171	0.109534	0.0151118	0.00125876	0.00279113
143	0.291563	0.00167478	0.00192424	0.0220559	0.00510492	0.00285351	0.00198176	0.00325314	0.025462	0.00660584	0.00246993	0.0194891	0.161079	0.0108108	0.0299777	0.258545	0.138129	0.013215	0.00120051	0.0026052
144	0.0583744	0.00225096	0.00356905	0.00763521	0.00651582	0.0122006	0.00638943	0.020501	0.00333738	0.0215	0.00298199	0.00476005	0.728049	0.0249172	0.00677353	0.0420294	0.0153029	0.0241267	0.00131067	0.00747427
145	0.262305	0.0118053	0.0138195	0.00191027	0.0182846	0.47995	0.0103851	0.00437156	0.00959504	0.00502426	0.00339709	0.00314434	0.0235252	0.0127023	0.00234382	0.0838888	0.0108033	0.033835	0.00493313	0.00397671
146	0.157357	0.000310043	0.0814199	0.3677	0.000414024	0.0194637	0.0158826	0.0115486	0.0374912	0.0126697	0.00632105	0.0356077	0.000555913	0.0815782	0.0511174	0.0791234	0.0228659	0.0172049	0.000223224	0.00114568
147	0.00884353	0.000829217	0.0512157	0.0141483	0.00119956	0.658432	0.010855	0.00157746	0.0835685	0.00199714	0.00143509	0.0981766	0.00100759	0.0379792	0.0127103	0.0100122	0.00224382	0.00208484	0.000491808	0.00119236
148	0.502472	0.00767232	0.00117464	0.00153313	0.0173778	0.00478621	0.00180027	0.0282171	0.00138143	0.00521901	0.00520426	0.00261356	0.00120514	0.00203595	0.00172373	0.0458643	0.0376412	0.326139	0.000971098	0.00496807
149	0.0449805	0.00295093	0.490638	0.274401	0.00250019	0.0158766	0.00780273	0.00286221	0.0182714	0.00908749	0.0126508	0.013714	0.010285	0.0298748	0.0139029	0.0209115	0.0140508	0.00694545	0.0025471	0.00574661
150	0.0205585	0.0125474	0.000311849	0.000658229	0.0125429	0.00133654	0.00184647	0.527741	0.000643337	0.0952545	0.0373897	0.000496258	0.00028077	0.00136921	0.00061162	0.00431731	0.0178104	0.259388	0.00180864	0.0030883
151	0.495411	0.00473874	0.00124665	0.00147654	0.0129931	0.00456255	0.00146752	0.0224987	0.00133265	0.00427373	0.00526729	0.00271119	0.00119775	0.00208574	0.0018362	0.0418232	0.0420306	0.346804	0.00081754	0.00542549
152	0.101961	0.0677717	0.00112159	0.00190733	0.022651	0.00604877	0.00114268	0.0797257	0.00227646	0.00764231	0.00678961	0.00265624	0.00117354	0.0035094	0.00248778	0.0189462	0.125869	0.543975	0.000592746	0.001752
153	0.0349249	0.00382179	0.00157077	0.0019258	0.00306785	0.910053	0.000816362	0.000757245	0.00338171	0.0038074	0.00156821	0.0039065	0.00470571	0.00156629	0.00205608	0.0133933	0.00308233	0.00299088	0.00129075	0.00131342
154	0.034408	0.000966479	0.501615	0.341792	0.000435795	0.0140017	0.00272817	0.000611348	0.0132451	0.00357821	0.00976162	0.00661008	0.00815307	0.0231343	0.00927288	0.0130694	0.00993142	0.00309226	0.000885105	0.00270795
155	0.272368	0.0508918	0.000696261	0.00102349	0.0173978	0.0378751	0.00348923	0.095651	0.000662077	0.0828216	0.0618119	0.00507198	0.000493508	0.00629945	0.000871911	0.053531	0.0959723	0.211342	0.000401117	0.00132867
156	0.145653	0.00376704	0.00757146	0.0690945	0.00507406	0.0509745	0.0528049	0.0049789	0.00653169	0.00728472	0.00636931	0.0260088	0.00670623	0.382966	0.00602951	0.156653	0.0410601	0.0118314	0.0024182	0.00622181
157	0.0918871	0.0127268	0.00538766	0.02508	0.018047	0.0554017	0.0226579	0.0141506	0.00340015	0.00689174	0.00232791	0.00632503	0.359413	0.0258403	0.0124711	0.231837	0.0303526	0.0559239	0.000827924	0.0190502
158	0.00422137	0.00132271	0.000622345	0.000890427	0.114853	0.00101207	0.000660565	0.165281	0.000947687	0.510925	0.144464	0.00137241	0.000594592	0.00201725	0.00134649	0.00447871	0.00282287	0.0306149	0.00129632	0.0102562
159	0.0113436	0.00216792	0.00226856	0.00279782	0.00214608	0.94089	0.000530504	0.000688845	0.00422573	0.00281415	0.00136942	0.00663029	0.00387734	0.00215051	0.00234513	0.00836828	0.00244254	0.00120678	0.000601968	0.00113449
160	0.0329025	0.00106504	0.00108671	0.00140929	0.00163474	0.0018402	0.00834422	0.245264	0.00111044	0.228201	0.0791958	0.0280853	0.000927845	0.0154963	0.00156366	0.072122	0.0398461	0.237748	0.000599736	0.00155753
161	0.124383	0.00287141	0.016804	0.0424325	0.0140786	0.0608957	0.0425041	0.0108389	0.0101164	0.0117989	0.00351448	0.0169704	0.424941	0.0118859	0.0373043	0.0836861	0.0482968	0.0206537	0.000954398	0.0150697
162	0.0384466	0.0105269	0.0016722	0.0121395	0.00542364	0.00239968	0.00173319	0.0385118	0.00174779	0.280918	0.33783	0.00272293	0.0398515	0.0498767	0.00252567	0.0426234	0.0909024	0.0359727	0.000863204	0.00331201
163	0.158261	0.00141075	0.0102173	0.00191597	0.0113124	0.0589519	0.0108327	0.00251543	0.001479	0.0122319	0.010682	0.224691	0.0012178	0.0591412	0.00216075	0.355321	0.0227398	0.00362091	0.0100301	0.0412667
164	0.0261142	0.00389583	0.000887743	0.00424446	0.456755	0.0208714	0.00653391	0.00966544	0.00109353	0.0944043	0.0130864	0.00211264	0.000812584	0.00168624	0.00524144	0.0136585	0.00710066	0.00261055	0.0213431	0.307882
165	0.0173233	0.00274297	0.00223124	0.00254766	0.00260339	0.929144	0.000667964	0.000962597	0.00414161	0.00292607	0.00147462	0.00590046	0.00434112	0.00231165	0.00230242	0.0114276	0.00291308	0.00200563	0.000838164	0.00119459
166	0.0591078	0.0124055	0.00903986	0.0106548	0.053064	0.550866	0.00626243	0.0157363	0.00808387	0.0233747	0.0553025	0.013034	0.0113752	0.0119324	0.0120812	0.0397706	0.068853	0.020209	0.00588178	0.0129648
167	0.307033	0.00344313	0.00498379	0.0140097	0.0195727	0.247983	0.00864592	0.011274	0.00388489	0.00886062	0.0060711	0.00782707	0.156826	0.0147941	0.0123841	0.110416	0.0199883	0.0196674	0.00197727	0.0203594
168	0.0558304	0.00247968	0.00238908	0.00349513	0.0202466	0.112104	0.195884	0.00469525	0.00236198	0.095206	0.00347818	0.00407066	0.002116	0.0276724	0.0382075	0.0937587	0.100554	0.0376949	0.00140052	0.196354
169	0.137904	0.0372028	0.00143047	0.0018178	0.221484	0.0320522	0.00164313	0.0225394	0.00155802	0.24016	0.0339443	0.0030384	0.00997548	0.00290712	0.00171819	0.0736415	0.023286	0.129804	0.000861277	0.0230322
170	0.012263	0.00235444	0.00212796	0.00272121	0.00224938	0.940502	0.000505119	0.000687308	0.00378454	0.00285715	0.00136153	0.00611478	0.0040337	0.00205815	0.00227099	0.00855816	0.00243037	0.00129602	0.000656651	0.00116803
171	0.0117507	0.00404407	0.00129703	0.00171873	0.249997	0.00259613	0.00662316	0.294217	0.0036934	0.148078	0.0556737	0.00287458	0.00569232	0.00252642	0.00452721	0.00501891	0.015279	0.0826733	0.00362194	0.0980964
172	0.00321464	0.00116536	0.000692202	0.000945811	0.126481	0.00110724	0.000710426	0.178977	0.000784124	0.4702	0.163049	0.00134218	0.000511518	0.0010979	0.00101973	0.00498883	0.00225411	0.030027	0.00131463	0.0101161
173	0.534436	0.0438771	0.00303935	0.000929	0.00241467	0.0683429	0.00255278	0.00339896	0.000840133	0.00857709	0.0016243	0.00820149	0.000685525	0.00691181	0.0043853	0.158447	0.106963	0.0412122	0.00141791	0.0017436
174	0.12054	0.000937931	0.132586	0.178674	0.0107452	0.0249732	0.00751504	0.001485	0.203916	0.00399109	0.00153259	0.0318439	0.0657118	0.0538832	0.069991	0.0510153	0.025236	0.0063788	0.00171401	0.00732884
175	0.00781383	0.00351996	0.00776498	0.00382784	0.323887	0.0025996	0.10564	0.0274039	0.0011024	0.178344	0.0181451	0.00872228	0.00096073	0.00292292	0.0047827	0.0140028	0.00882061	0.00562521	0.0113707	0.262744
176	0.0558988	0.00644743	0.000260029	0.000935445	0.0246151	0.0028754	0.00024342	0.229072	0.00170193	0.13144	0.0310744	0.000418326	0.000311539	0.000386885	0.00114033	0.00177864	0.00300137	0.488008	0.00463064	0.0157604
177	0.0109429	0.00376434	0.00149105	0.0231935	0.0065775	0.00178599	0.0598003	0.00208738	0.172112	0.0177035	0.017413	0.0499864	0.00107149	0.0158655	0.578817	0.0131744	0.00366777	0.00933411	0.00306354	0.00814874
178	0.0445773	0.00379063	0.0136386	0.081961	0.00379978	0.0105297	0.0346408	0.00457802	0.124239	0.0243861	0.00601405	0.0610826	0.00222828	0.292785	0.148426	0.0520549	0.0412729	0.0143265	0.00342754	0.0322407
179	0.00475645	0.00490035	0.000718541	0.000884307	0.0836463	0.00101579	0.000768999	0.246362	0.000845603	0.399682	0.186158	0.00120316	0.000485457	0.000989247	0.0032845	0.00675673	0.0075252	0.0387731	0.000607516	0.0106378
180	0.0485316	0.00131004	0.0014245	0.00275326	0.0051626	0.00389546	0.00252653	0.0225065	0.0016679	0.0237335	0.0023307	0.00238051	0.788162	0.0134695	0.00255601	0.0374809	0.00886706	0.024437	0.000967587	0.00583725
181	0.0699717	0.00823074	0.00906434	0.0091617	0.0136076	0.476271	0.0212636	0.0103724	0.00672242	0.0201213	0.0134643	0.0150526	0.0186124	0.0195433	0.012459	0.131053	0.0673853	0.0178884	0.00407849	0.0556762
182	0.0221734	0.00490764	0.00466127	0.0150145	0.00941994	0.0085169	0.034367	0.00715963	0.0903884	0.0193698	0.0109096	0.0254501	0.00423567	0.0149794	0.617221	0.0236589	0.0140085	0.0201156	0.00317769	0.0502649
183	0.0134322	0.00259325	0.000361359	0.000290329	0.0176466	0.00160741	0.000324602	0.0730444	0.00503336	0.710428	0.0524398	0.00210243	0.00312413	0.00893829	0.00563587	0.00251461	0.0110377	0.0665856	0.0007255	0.0221347
184	0.21066	0.0333182	0.00160213	0.00154128	0.0277178	0.00260386	0.00403187	0.21681	0.00282335	0.0380295	0.0187587	0.00553347	0.0012273	0.00244728	0.00389164	0.0265836	0.0239346	0.363144	0.000822975	0.014519
185	0.0774675	0.00690983	0.00342801	0.00184506	0.00622951	0.82904	0.00225932	0.00163365	0.00385114	0.00379634	0.00215576	0.00396338	0.00919905	0.00302795	0.00200763	0.0269169	0.00503096	0.00671675	0.00234346	0.00217805
186	0.108799	0.00239933	0.00212782	0.368349	0.00312673	0.00362954	0.002767	0.0639788	0.0790199	0.0874604	0.0779759	0.00393924	0.00206561	0.0568352	0.05424	0.00719336	0.00720465	0.0639004	0.00157084	0.0034172
187	0.383982	0.0157087	0.00302638	0.00195557	0.0102044	0.0709465	0.00265508	0.00341838	0.00153514	0.00866194	0.00295704	0.0203115	0.00295876	0.00973579	0.00271357	0.248654	0.134593	0.0665995	0.00695669	0.00242695
188	0.0245926	0.00277719	0.0271979	0.111613	0.00464288	0.00915944	0.00779777	0.00546372	0.117764	0.0644168	0.0469196	0.0145044	0.0597667	0.0657714	0.15457	0.0210061	0.163797	0.0318375	0.0274374	0.0389637
