218	20
1	0.145133	0.000676967	0.0269299	0.0261566	0.026359	0.0330849	0.0304725	0.0121203	0.0366638	0.0209663	0.00897297	0.109463	0.0157283	0.0534256	0.0560245	0.234005	0.089661	0.0486751	0.000439879	0.0250411
2	0.0632825	0.00026909	0.198046	0.22263	0.000763824	0.00889131	0.00709094	0.0144421	0.111355	0.00976986	0.00495119	0.0611342	0.066433	0.0293288	0.0377565	0.0824858	0.0618691	0.018311	0.000160185	0.00102865
3	0.0639955	0.000220439	0.00366334	0.00646819	0.00505576	0.00389531	0.00257791	0.224757	0.00773043	0.249292	0.0508709	0.0039799	0.0105914	0.0135559	0.0121852	0.018339	0.0241614	0.290101	0.000239839	0.00831932
4	0.0406081	0.000229278	0.000882559	0.00137396	0.0115308	0.000994517	0.000765569	0.295098	0.00253361	0.175112	0.025155	0.00115854	0.00464875	0.00267875	0.00437145	0.0091367	0.00683442	0.412202	0.000120747	0.00456467
5	0.0658667	0.000113971	0.0998403	0.160311	0.000530705	0.0388317	0.0232398	0.00101248	0.185777	0.00745227	0.00634387	0.0580934	0.00495744	0.159597	0.115581	0.0406989	0.0288667	0.00213222	0.000192899	0.000561476
6	0.0670045	0.000118266	0.0942353	0.149104	0.000506534	0.0364458	0.0236558	0.00185938	0.198305	0.00794752	0.00598163	0.0587603	0.0056129	0.15392	0.119126	0.0431475	0.0303579	0.0030591	0.000187856	0.000664273
7	0.254303	0.0120113	0.00149698	0.0019503	0.000992923	0.0133809	0.000946369	0.040058	0.00148187	0.0191922	0.021598	0.00223715	0.000869428	0.00190584	0.00211778	0.0354846	0.083613	0.504968	0.000266559	0.00112595
8	0.129611	0.000565772	0.00350159	0.0130305	0.00245719	0.0566929	0.00491619	0.0404551	0.0959679	0.0619553	0.0563232	0.0584156	0.0019874	0.0608659	0.0605853	0.194074	0.104276	0.0517316	0.000420168	0.00216738
9	0.0851786	0.000593214	0.0405563	0.0403688	0.0124242	0.110747	0.0130203	0.0088865	0.0630866	0.0166416	0.00849697	0.0802571	0.167367	0.0607769	0.0497259	0.166437	0.0403372	0.020718	0.00117479	0.0132055
10	0.504502	0.00544205	0.0116898	0.0111839	0.00211931	0.119251	0.00534653	0.021266	0.0173154	0.0104125	0.00131276	0.00200216	0.00898976	0.00247662	0.0118292	0.184413	0.0391084	0.0302585	0.000380075	0.010701
11	0.0553307	0.00140251	0.00137884	0.00221491	0.00877112	0.00307597	0.00139522	0.255622	0.00250684	0.0789943	0.0149685	0.00273603	0.00418582	0.00379222	0.00445757	0.0118872	0.0113764	0.532865	0.000188142	0.00285099
12	0.0226632	0.000253165	0.000792206	0.00115777	0.0104738	0.000827975	0.000566006	0.297643	0.00162131	0.0895003	0.0143949	0.000956505	0.00253955	0.00174763	0.0030964	0.00378318	0.00402458	0.540716	0.000154801	0.00308832
13	0.10972	0.000251278	0.033121	0.0337053	0.0300392	0.0439596	0.0221492	0.00878327	0.051997	0.0188772	0.00538759	0.11582	0.0180478	0.0552488	0.0579608	0.234384	0.096782	0.0353189	0.000294498	0.0281522
14	0.00920909	0.000337475	0.00131292	0.00145388	0.00163677	0.00112199	0.000891484	0.539155	0.00101455	0.0199671	0.00403696	0.00112681	0.000816207	0.00125044	0.00159856	0.00196034	0.00177432	0.410407	0.0001742	0.000754913
15	0.115575	0.000411796	0.0330493	0.0271026	0.0391305	0.0299454	0.0264822	0.00593889	0.0435934	0.0172176	0.00430096	0.098293	0.018038	0.0658702	0.0592646	0.255911	0.0684676	0.0324506	0.000480943	0.0584759
16	0.103518	0.00130582	0.0341931	0.0426248	0.124099	0.00789321	0.00567214	0.166194	0.00660882	0.0710456	0.0680554	0.0682985	0.0955766	0.0452387	0.0377512	0.0126742	0.0102207	0.0922652	0.00141458	0.00534985
17	0.0153807	0.000284754	0.00673954	0.0125291	0.319147	0.00886882	0.00774754	0.0400522	0.00175252	0.229124	0.0608675	0.00931714	0.00487822	0.0179327	0.0258925	0.0130367	0.0114445	0.0717346	0.0393018	0.103968
18	0.0662982	0.000100196	0.100216	0.157031	0.000496022	0.0401735	0.0241243	0.000869775	0.185949	0.00763902	0.00649916	0.0600775	0.00505808	0.159515	0.114734	0.0421715	0.0269548	0.00136929	0.000188058	0.000537367
19	0.00992298	0.00058992	0.0752604	0.11339	0.0383728	0.0047306	0.0617664	0.0180632	0.0859212	0.00629777	0.00325373	0.00368777	0.0869579	0.155104	0.273789	0.00674345	0.00628199	0.00670553	0.00069652	0.0424649
20	0.0147708	0.000412036	0.00170047	0.00875435	0.51679	0.0153805	0.00138453	0.00227605	0.00184672	0.156276	0.0437501	0.00538344	0.0081345	0.00226261	0.00591327	0.00921154	0.00247616	0.0464293	0.0267424	0.130106
21	0.0148092	0.000412126	0.00169332	0.0087695	0.516471	0.015349	0.00138794	0.0024149	0.00183722	0.156258	0.0437727	0.00538612	0.00812068	0.00231947	0.00594057	0.00917564	0.00248989	0.0466061	0.0267103	0.130076
22	0.489002	0.00476171	0.0129534	0.0118916	0.0024981	0.136401	0.00534736	0.0199125	0.0181293	0.0108179	0.00155173	0.00245396	0.00923585	0.00267967	0.0160692	0.179445	0.0381642	0.0287333	0.000458885	0.00949355
23	0.0923341	0.000523836	0.0134185	0.0159494	0.010071	0.0102289	0.00696545	0.170899	0.0121808	0.306287	0.0905207	0.0249382	0.0153163	0.0393385	0.0169842	0.0204424	0.0360773	0.104931	0.000912423	0.0116814
24	0.112187	0.00106731	0.0116867	0.00935865	0.00176564	0.747001	0.0024054	0.00515816	0.0108944	0.00445436	0.00178531	0.0142733	0.00873511	0.00648019	0.00691386	0.0332019	0.00795997	0.00745501	0.00158612	0.00563006
25	0.457768	0.00462197	0.0140214	0.017207	0.0059433	0.0891944	0.0072592	0.0216006	0.0196955	0.0141757	0.00690027	0.0102751	0.0221537	0.0104115	0.0161371	0.196352	0.0379132	0.035269	0.00107445	0.012026
26	0.0287284	0.000340618	0.0164891	0.010119	0.00140585	0.857835	0.00189406	0.00263856	0.0117483	0.00363721	0.00196587	0.0214156	0.00286784	0.00756957	0.00704154	0.0102482	0.00297765	0.00366159	0.00197116	0.00544505
27	0.0488257	0.000770876	0.00530376	0.00717143	0.184616	0.0044681	0.00299312	0.174778	0.00399483	0.0860392	0.0114815	0.00784846	0.00846863	0.0133619	0.0147045	0.00806071	0.00619502	0.377452	0.00119609	0.0322701
28	0.014032	7.64491e-05	0.000355545	0.000545209	0.0165954	0.000418309	0.000280329	0.411883	0.00245899	0.155478	0.0269347	0.000457417	0.00123715	0.00153905	0.00434377	0.00351508	0.0034088	0.350988	6.47407e-05	0.00538798
29	0.0137066	8.41089e-05	0.000362907	0.000524706	0.0186865	0.000409613	0.000282428	0.358516	0.00312236	0.166183	0.0260258	0.000451074	0.00110698	0.00168501	0.00540937	0.00336753	0.00394212	0.388315	6.65514e-05	0.00775192
30	0.019599	0.00218897	0.638411	0.068963	0.000658591	0.0201172	0.00627077	0.00400261	0.00884218	0.00357397	0.00319924	0.0918233	0.000759604	0.0220232	0.0269187	0.0545988	0.0246443	0.00226086	0.000236791	0.00090832
31	0.0103002	0.00027262	0.0129377	0.0193105	0.0828931	0.00190215	0.0193983	0.0977855	0.00234563	0.26848	0.0824133	0.00716744	0.00137014	0.0420686	0.0437037	0.0185123	0.026916	0.127209	0.0435264	0.0914871
32	0.00977287	0.000331979	0.00130933	0.00149982	0.00123051	0.0011282	0.000918672	0.539475	0.00112489	0.0171231	0.00324027	0.00114791	0.0008461	0.00129686	0.00162302	0.00200369	0.0016668	0.413326	0.000190829	0.000744807
33	0.0150227	9.30775e-05	0.000358445	0.00052323	0.0173539	0.000402781	0.000297743	0.36595	0.00283505	0.165269	0.0264502	0.000452171	0.00124057	0.00159639	0.00502092	0.00367116	0.0037431	0.382832	7.26087e-05	0.00681534
34	0.063712	0.00609537	0.00829441	0.0146048	0.0132445	0.0414409	0.00518616	0.0077457	0.0199275	0.0276711	0.0107082	0.0144513	0.0052784	0.0126554	0.0153094	0.434271	0.265423	0.028166	0.000573126	0.00524142
35	0.130471	0.00332631	0.0781882	0.0496485	0.0182419	0.0562959	0.0234855	0.0190859	0.0401999	0.0257193	0.0199251	0.220494	0.0199509	0.0428888	0.0425322	0.0901905	0.0448824	0.0377287	0.0020815	0.0346639
36	0.155315	0.00101451	0.0301988	0.00836015	0.0666957	0.00619239	0.0948032	0.00655625	0.00652581	0.00886313	0.00712438	0.189815	0.00350651	0.03055	0.00951398	0.0827186	0.00787911	0.0562127	0.00106864	0.227086
37	0.0803775	0.00442526	0.0664806	0.0751907	0.0167169	0.061789	0.151771	0.0257591	0.0487036	0.0400653	0.0202407	0.0463745	0.0198891	0.0634027	0.0796075	0.0638119	0.0539503	0.0495068	0.0033548	0.0285826
38	0.147012	0.00296375	0.0245138	0.0318744	0.0162385	0.0266685	0.0214601	0.052585	0.0249368	0.0391679	0.0246875	0.0980269	0.0170382	0.0344104	0.0334959	0.0818554	0.0606906	0.233483	0.00194164	0.0269499
39	0.0128556	0.000165933	0.00075162	0.00104607	0.00369787	0.000732039	0.00054204	0.33152	0.000680815	0.0141327	0.00426482	0.000915148	0.00195199	0.000854739	0.00107266	0.00114142	0.000805247	0.622254	0.000122697	0.000492934
40	0.0617781	0.000282985	0.186744	0.249344	0.000816939	0.00606147	0.0054808	0.0152366	0.119805	0.0119324	0.00584772	0.0536222	0.0475819	0.0246528	0.0343123	0.0839022	0.069618	0.0214602	0.000222263	0.00129816
41	0.0126756	7.72218e-05	0.000341143	0.000551452	0.0174573	0.000392408	0.000284902	0.412614	0.00255243	0.155377	0.0269953	0.000419879	0.00102249	0.00154213	0.00455399	0.00324144	0.00342171	0.350713	6.63915e-05	0.00569987
42	0.0610245	0.000337855	0.0193875	0.083263	0.00482803	0.00169526	0.0110337	0.0393517	0.212855	0.0208876	0.00329878	0.0381228	0.00472816	0.102183	0.150119	0.0625219	0.121013	0.0606812	0.000257649	0.00241054
43	0.0183147	0.000142065	0.000696114	0.00114957	0.00684252	0.000735363	0.000494307	0.225737	0.000607131	0.0170672	0.0036549	0.00105469	0.00318456	0.000941361	0.000982951	0.00123393	0.000822286	0.715721	0.000151584	0.000467514
44	0.132252	0.000470133	0.0044646	0.0153472	0.00249601	0.0625316	0.00443186	0.031939	0.109585	0.0519329	0.0479188	0.05642	0.00224384	0.0649895	0.0684401	0.197406	0.0950782	0.0494871	0.000447133	0.0021182
45	0.0150741	0.000352412	0.00570967	0.00796167	0.0705789	0.00250091	0.00666313	0.126152	0.002208	0.454919	0.0652256	0.00473334	0.00135362	0.014967	0.0208643	0.0106957	0.0316327	0.10557	0.0147213	0.0381166
46	0.110216	0.000232363	0.0351278	0.0285294	0.0340277	0.0356598	0.0247815	0.00709379	0.0434042	0.0202657	0.00448223	0.111365	0.0214833	0.0614333	0.0601208	0.247428	0.0815639	0.0382333	0.00022517	0.0343267
47	0.0212773	0.00203598	0.618054	0.0749959	0.000945826	0.0213785	0.00652626	0.0039887	0.0106656	0.00365216	0.00323183	0.095247	0.00103045	0.0245642	0.0274632	0.0565151	0.0236361	0.00262039	0.000227252	0.00194383
48	0.0379846	0.000251586	0.121511	0.0571431	0.000804597	0.394535	0.0101088	0.00145143	0.0517997	0.00532711	0.00874457	0.133287	0.00597595	0.0187794	0.0555736	0.0579301	0.019926	0.00693593	0.00181055	0.0101202
49	0.095245	0.000557375	0.0295052	0.0695388	0.00473986	0.0319941	0.00888996	0.0225304	0.176144	0.0228803	0.0114512	0.0389537	0.0123432	0.074191	0.112968	0.129658	0.115303	0.0369409	0.000306938	0.00585847
50	0.0794034	0.000380396	0.0434334	0.111501	0.00130373	0.0312392	0.00589998	0.0226475	0.178202	0.0123446	0.00172015	0.0261327	0.00497372	0.0600649	0.101733	0.116696	0.15942	0.0352592	0.000373896	0.00727138
51	0.0140348	0.000411036	0.00168187	0.00853858	0.516653	0.0145552	0.00137717	0.00411172	0.00189595	0.15226	0.0423799	0.00517363	0.00768602	0.00261224	0.00555864	0.00965322	0.00244258	0.0510749	0.0249594	0.13294
52	0.0618701	0.000323598	0.187146	0.2421	0.000719197	0.00571144	0.00544508	0.0151581	0.122717	0.0118522	0.00622137	0.053809	0.0519157	0.0243935	0.0336161	0.0833086	0.0700563	0.0222495	0.000189209	0.00119803
53	0.472719	0.0154872	0.00916261	0.0101302	0.00244817	0.108372	0.0049467	0.0373791	0.014383	0.0114392	0.00253067	0.00243576	0.0102072	0.00284197	0.00993412	0.182169	0.0360836	0.0587147	0.000392799	0.00822236
54	0.0572237	0.000890754	0.0648845	0.128523	0.00102627	0.00547632	0.00458344	0.0141446	0.278656	0.0113644	0.00280443	0.0255335	0.00677425	0.0872593	0.124302	0.0455306	0.105995	0.0312694	0.0002873	0.00347076
55	0.0140347	9.96327e-05	0.000404729	0.000567701	0.020542	0.000438389	0.000330759	0.344232	0.00392686	0.172211	0.0263317	0.000472453	0.00105386	0.00219958	0.00668203	0.00325452	0.00383723	0.388582	7.18139e-05	0.0107274
56	0.0166066	8.81059e-05	0.000348284	0.000517532	0.0170141	0.000448337	0.000284727	0.354356	0.00282857	0.167671	0.0262538	0.000455154	0.00151082	0.0015983	0.00493309	0.00430335	0.00386945	0.390146	7.09784e-05	0.00669629
57	0.0543821	0.00191539	0.013973	0.0178117	0.0310103	0.264874	0.0253556	0.0363363	0.0108526	0.140588	0.0653731	0.0150379	0.00674305	0.0219434	0.0322109	0.0234792	0.0249886	0.151333	0.00475415	0.0570388
58	0.112596	0.000281123	0.0451047	0.0737405	0.00145403	0.0923259	0.0121307	0.0153096	0.149439	0.014179	0.0017892	0.01416	0.00119878	0.0284563	0.0641509	0.168743	0.185805	0.015782	0.000380315	0.00297435
59	0.0353382	0.00239735	0.513657	0.0836754	0.00248321	0.0392564	0.00937892	0.00679451	0.0249361	0.00765915	0.0063018	0.10163	0.0080461	0.0287561	0.0321967	0.0560811	0.0280613	0.0080239	0.00103454	0.00429189
60	0.110105	0.000276089	0.0538246	0.116651	0.000652126	0.00701746	0.00212626	0.0017208	0.109236	0.00674844	0.00122819	0.0217742	0.304066	0.0662602	0.0613593	0.0939942	0.0349341	0.00684787	0.000218737	0.000958759
61	0.0647306	0.0183441	0.00504134	0.00644802	0.0388275	0.00518128	0.00380054	0.00670545	0.00483175	0.0852724	0.0118193	0.00576602	0.0028572	0.00549088	0.00685131	0.316294	0.354004	0.0533896	0.000913902	0.00343131
62	0.027256	0.00185366	0.570088	0.0831526	0.00172667	0.030195	0.00784462	0.00499714	0.0186379	0.00590694	0.0043764	0.0914601	0.00535889	0.0267403	0.0305319	0.0562175	0.0259144	0.00472814	0.000366674	0.00264764
63	0.0135308	8.85917e-05	0.000352371	0.000557364	0.0190458	0.000484055	0.000265772	0.362413	0.00274428	0.187333	0.0270628	0.000471247	0.00103813	0.00158338	0.00518221	0.0034169	0.00420777	0.363268	6.90836e-05	0.00688518
64	0.440635	0.00486602	0.0189772	0.0250285	0.0124956	0.0832686	0.0092605	0.0320677	0.0199927	0.0244247	0.0106671	0.0127936	0.029538	0.0156184	0.0215861	0.137756	0.0348782	0.04842	0.00305155	0.0146749
65	0.0308524	0.000113862	0.000537996	0.000695826	0.0137345	0.000606234	0.00040633	0.317101	0.00232954	0.166822	0.0235676	0.000597564	0.00331051	0.00150061	0.00427916	0.00651219	0.00435701	0.417486	8.92463e-05	0.00510102
66	0.482249	0.00447829	0.0176753	0.0158701	0.00273721	0.139801	0.00552517	0.019375	0.0214451	0.010473	0.00181306	0.00325458	0.00773637	0.00328398	0.0179985	0.162416	0.0443428	0.0296436	0.000696768	0.00918519
67	0.0315886	0.0104836	0.45341	0.0417144	0.00152635	0.0208822	0.0162848	0.00342086	0.0225219	0.014425	0.0137412	0.25583	0.0017844	0.0255043	0.0391209	0.0235802	0.0148072	0.00555754	0.000423338	0.00339279
68	0.0632283	0.000520412	0.00506517	0.0137632	0.00194105	0.0899167	0.00290229	0.00505718	0.0243239	0.00523774	0.00385201	0.00805723	0.00378141	0.0154023	0.0142972	0.634231	0.0978544	0.00775092	0.000442016	0.00237579
69	0.0313853	0.000502227	0.515006	0.132671	0.0010451	0.0262147	0.00901174	0.00789094	0.0190653	0.00299703	0.00165517	0.0804197	0.00517085	0.0278229	0.0323202	0.0738287	0.0280564	0.00342984	0.000325258	0.00118182
70	0.0664045	0.000100195	0.100092	0.157181	0.000499023	0.0402444	0.0240845	0.000867475	0.186231	0.00761092	0.00654979	0.0597271	0.00508308	0.159624	0.114507	0.0421051	0.0270053	0.00135631	0.000188062	0.00053938
71	0.0409742	0.000159067	0.000942776	0.00124968	0.0145756	0.00118612	0.000573159	0.277772	0.00229058	0.233614	0.0276061	0.00110703	0.00532966	0.00226279	0.00430232	0.00849218	0.00676161	0.366242	0.000125105	0.00443373
72	0.0460334	0.000380379	0.00157064	0.133656	0.0170756	0.00772319	0.0330507	0.0251742	0.140524	0.041442	0.0272252	0.00559286	0.000991947	0.229614	0.243799	0.00573641	0.0144879	0.0245691	0.000231655	0.00112109
73	0.0530672	0.00148036	0.0145537	0.0619722	0.0235601	0.0127302	0.0097921	0.147574	0.010148	0.0326018	0.0216062	0.0630435	0.156858	0.0234879	0.0226992	0.0226094	0.0159397	0.29596	0.00186663	0.00844935
74	0.0253465	0.000283232	0.0124124	0.00874131	0.000778522	0.876634	0.00147545	0.00163919	0.0105524	0.00301781	0.00156433	0.0180417	0.00309963	0.00715131	0.00604816	0.00954236	0.00279775	0.00393084	0.00195521	0.00498752
75	0.0387243	0.000637622	0.420646	0.138494	0.0020844	0.0254081	0.0117947	0.00552026	0.0591044	0.00468578	0.00306979	0.0674733	0.0103268	0.0625638	0.0586887	0.0582052	0.026353	0.00366157	0.000309369	0.00224855
76	0.00768223	0.000221661	0.0136858	0.0196345	0.0899025	0.00164366	0.0179465	0.0922151	0.00126968	0.273205	0.0849338	0.00752158	0.000795149	0.0419506	0.0448084	0.0191214	0.0239058	0.117716	0.0463905	0.0954499
77	0.254303	0.0120113	0.00149698	0.0019503	0.000992923	0.0133809	0.000946369	0.040058	0.00148187	0.0191922	0.021598	0.00223715	0.000869428	0.00190584	0.00211778	0.0354846	0.083613	0.504968	0.000266559	0.00112595
78	0.0192288	0.000159279	0.00137802	0.00183838	0.047317	0.00233006	0.000837249	0.167192	0.00206607	0.549514	0.0513539	0.00141617	0.00147835	0.00300887	0.00756201	0.00590711	0.0142374	0.112763	0.000739039	0.00967353
79	0.404897	0.00426867	0.0248319	0.0335007	0.0120501	0.0856098	0.0122605	0.025648	0.0307904	0.0215148	0.0113257	0.0176948	0.0288924	0.0216474	0.026364	0.122676	0.0422579	0.0572527	0.0028448	0.0136732
80	0.0123036	8.46504e-05	0.000348717	0.000583216	0.0167813	0.000412503	0.000293091	0.418049	0.00253402	0.149935	0.0265414	0.00044374	0.00102603	0.00149835	0.00442675	0.00314446	0.00335902	0.352714	7.53689e-05	0.00544499
81	0.0317154	0.00052656	0.0148044	0.0098734	0.00127166	0.852922	0.0027227	0.00268799	0.010745	0.00309736	0.0024978	0.0207941	0.00286439	0.00794477	0.00669648	0.0121469	0.00361648	0.00462137	0.00194901	0.00650207
82	0.0756809	0.000919434	0.1796	0.103903	0.0132747	0.0489304	0.0314283	0.009641	0.0566894	0.0134089	0.00722315	0.110091	0.0148192	0.0505043	0.051842	0.142299	0.0508434	0.0217884	0.000913694	0.0161989
83	0.100175	0.0011565	0.0381534	0.0496761	0.0103662	0.0381161	0.0087338	0.0356506	0.0385668	0.0270236	0.0152763	0.0706571	0.290199	0.0349234	0.0438317	0.0872149	0.0407038	0.0447353	0.00143195	0.0234081
84	0.0144905	0.000411163	0.00178531	0.00898058	0.515911	0.0149589	0.00138381	0.00341367	0.00187022	0.155695	0.0432325	0.00537307	0.00797059	0.00261458	0.00610044	0.00913848	0.00254773	0.0478755	0.026177	0.13007
85	0.0659198	0.000622557	0.0145562	0.0108083	0.0012139	0.793663	0.00358451	0.0040481	0.0124489	0.00525628	0.00254262	0.0197409	0.00670207	0.00839882	0.00919285	0.0208408	0.00602887	0.00683265	0.00202076	0.00557842
86	0.0757157	0.00171844	0.0169367	0.121072	0.00759793	0.153548	0.169811	0.0130177	0.0167502	0.0200984	0.0109586	0.0137114	0.00914179	0.125459	0.128035	0.0213411	0.0216501	0.0234034	0.0020459	0.0479877
87	0.0365987	0.00245237	0.00243774	0.00825765	0.00521544	0.063328	0.00169138	0.00328182	0.0121878	0.0118083	0.00585331	0.00290276	0.0017179	0.00690054	0.00812584	0.624999	0.188983	0.0111143	0.000372595	0.0017721
88	0.254303	0.0120113	0.00149698	0.0019503	0.000992923	0.0133809	0.000946369	0.040058	0.00148187	0.0191922	0.021598	0.00223715	0.000869428	0.00190584	0.00211778	0.0354846	0.083613	0.504968	0.000266559	0.00112595
89	0.050715	0.0089643	0.00621527	0.00952345	0.0208468	0.024581	0.00510143	0.0081003	0.0118849	0.0423998	0.0138778	0.0104419	0.00309966	0.0118664	0.0114757	0.398876	0.31478	0.042355	0.000747144	0.00414768
90	0.112193	0.000631898	0.0222002	0.0199682	0.0289971	0.0260921	0.0403311	0.0113736	0.0297229	0.0312254	0.0325005	0.0855894	0.0115918	0.101735	0.0474973	0.22885	0.0935032	0.0560969	0.000382748	0.0195182
91	0.027923	0.000255589	0.0151025	0.0104549	0.000707968	0.861462	0.00141009	0.00175761	0.0123954	0.00239781	0.00176829	0.0216521	0.00385828	0.00779109	0.00709921	0.00917175	0.00305166	0.00483613	0.00200221	0.00490218
92	0.0143041	0.000242059	0.000771919	0.00131638	0.00672963	0.000977407	0.000878172	0.440866	0.00153616	0.0629352	0.0109171	0.000993291	0.00155968	0.00169131	0.0027174	0.00280216	0.00300056	0.443277	0.000159006	0.0023251
93	0.0159683	0.000149997	0.000680513	0.00103094	0.00543616	0.000722633	0.000474978	0.26401	0.000596068	0.0156043	0.00383566	0.00094413	0.00251585	0.000929736	0.00093987	0.00111781	0.000819341	0.68367	0.000103247	0.000450081
94	0.084211	0.000850932	0.00855077	0.0136179	0.00293518	0.0990025	0.00366181	0.00606894	0.0217844	0.00670323	0.00416547	0.0111686	0.00778368	0.0117925	0.0156143	0.597213	0.0896265	0.0107763	0.000796467	0.003677
95	0.0496191	0.000515477	0.0177239	0.0132119	0.00157339	0.798301	0.00432597	0.00322598	0.0133804	0.00546153	0.00327662	0.0239064	0.00416846	0.0150114	0.010089	0.0151307	0.00499797	0.00702591	0.00249189	0.00656326
96	0.0293855	0.00110431	0.00484368	0.0190386	0.00267198	0.00615893	0.00848971	0.0556095	0.0477374	0.228377	0.0359596	0.00609317	0.00541197	0.0568304	0.0245352	0.011517	0.160735	0.286568	0.000924883	0.00800878
97	0.041928	0.000219165	0.122018	0.0546452	0.00114354	0.381516	0.0117776	0.00164881	0.0520194	0.00556138	0.00902331	0.144828	0.00576146	0.0205167	0.0485384	0.0588068	0.0201578	0.00731243	0.00188979	0.0106877
98	0.0611117	0.00235066	0.0415087	0.099152	0.00956121	0.0235822	0.0213401	0.0179475	0.207948	0.0232812	0.0160361	0.0347534	0.02264	0.110532	0.190816	0.0421012	0.0454575	0.0206779	0.000620827	0.00858223
99	0.10925	0.000263717	0.0365641	0.0280914	0.0333969	0.0344011	0.0251379	0.00788206	0.0425801	0.0197997	0.00465898	0.109409	0.020907	0.059677	0.0583788	0.24667	0.090804	0.0395304	0.00029453	0.032303
100	0.0147174	0.000413814	0.00186229	0.00884768	0.511345	0.015164	0.001615	0.00343443	0.00182081	0.158148	0.0441885	0.00546544	0.00804455	0.00269546	0.00641292	0.00929101	0.00275703	0.0470433	0.0271615	0.129572
101	0.0189312	0.000637713	0.004889	0.0046081	0.0125427	0.0053868	0.00245798	0.448505	0.00538582	0.101295	0.0191979	0.00427772	0.00350531	0.00655354	0.00740826	0.00872756	0.00741436	0.332056	0.000491169	0.00572913
102	0.0743323	0.00182884	0.0575612	0.0904283	0.0140465	0.0395412	0.0233875	0.0271203	0.099757	0.0411373	0.0228821	0.0367124	0.0311863	0.159914	0.109071	0.0628946	0.0471032	0.0448608	0.00246479	0.0137707
103	0.0797404	0.00565019	0.0161461	0.0224582	0.0135105	0.0411135	0.00689587	0.0119879	0.034638	0.0333587	0.0151245	0.0207991	0.0077443	0.0187585	0.0237736	0.329932	0.273843	0.0368622	0.000889334	0.0067743
104	0.0431437	0.00242991	0.483069	0.0867222	0.00295446	0.0323959	0.00846984	0.00721403	0.031116	0.0066352	0.00521892	0.0797016	0.0118681	0.0288016	0.0335462	0.0884933	0.0359817	0.00807258	0.000703735	0.00346154
105	0.281634	0.00366762	0.0183696	0.027377	0.0286106	0.0451202	0.0107955	0.0644606	0.021654	0.133202	0.0264569	0.0205536	0.0335126	0.022268	0.0292823	0.0801294	0.0373764	0.0931098	0.00281726	0.0196023
106	0.500576	0.00310218	0.0116382	0.0103633	0.00384882	0.0604575	0.00496097	0.0127289	0.0106508	0.0155604	0.00407748	0.00435095	0.0696496	0.00523707	0.00989839	0.225661	0.0202595	0.0198742	0.000775393	0.00632953
107	0.0193921	0.000172269	0.000807627	0.00139801	0.0172417	0.00109985	0.000728355	0.377043	0.00291355	0.177665	0.026349	0.00134089	0.00226521	0.00289226	0.00564551	0.00517823	0.0053484	0.346891	0.00013897	0.00548858
108	0.0717462	0.00340938	0.155183	0.0602369	0.0105355	0.0822294	0.0166884	0.015225	0.0413896	0.024965	0.0158937	0.254723	0.0184556	0.0394389	0.0406543	0.067802	0.0336547	0.0280887	0.00109012	0.0185899
109	0.0784562	0.00151467	0.0314464	0.0672001	0.00334999	0.0162372	0.00492014	0.00833598	0.0603867	0.0122666	0.00469094	0.019518	0.328211	0.0789883	0.104473	0.13246	0.0239824	0.0187913	0.00102481	0.00374701
110	0.0240577	0.000249578	0.0130435	0.00836277	0.000722055	0.880083	0.00118058	0.00155687	0.0101244	0.00258812	0.0013658	0.0187607	0.00268601	0.00695685	0.00515868	0.0111716	0.00240619	0.00258191	0.0020325	0.00491135
111	0.0964331	0.00157637	0.0488251	0.0326452	0.0211264	0.0528428	0.0208616	0.0138185	0.0393473	0.0235045	0.012446	0.138824	0.0218347	0.0475062	0.0461006	0.245019	0.0758509	0.0344308	0.00126904	0.0257377
112	0.0824108	0.00156334	0.0162195	0.0206241	0.00761948	0.0731318	0.00664562	0.0088681	0.0248932	0.0139256	0.00713237	0.0209099	0.00875331	0.0195031	0.0220102	0.533485	0.104001	0.0201086	0.000769075	0.0074262
113	0.0247896	0.00022212	0.0136699	0.00918626	0.00344826	0.861441	0.00131043	0.00157845	0.0105618	0.00311995	0.00164271	0.018946	0.00259013	0.00692823	0.00653585	0.0193924	0.00390618	0.00299745	0.0020342	0.00569888
114	0.0278183	0.000268095	0.013723	0.00977066	0.00074872	0.858328	0.00148523	0.00187225	0.0119542	0.00324754	0.00173631	0.0191111	0.00523846	0.00747472	0.00691025	0.0151645	0.00494884	0.00343241	0.00198774	0.00478015
115	0.215613	0.00141025	0.0150991	0.0100434	0.00418605	0.115417	0.0037061	0.0268504	0.00882718	0.0198495	0.00556684	0.0114987	0.425477	0.0106411	0.0116649	0.0696344	0.00904056	0.0297115	0.00110092	0.00466195
116	0.0313717	0.00168805	0.00954393	0.0104921	0.0420233	0.00776418	0.00496116	0.157052	0.0111378	0.439285	0.0475015	0.00684041	0.00635356	0.0120632	0.017886	0.0157895	0.0297634	0.127601	0.00385727	0.0170248
117	0.0147196	8.88651e-05	0.000417955	0.000551636	0.0196122	0.000527213	0.000313622	0.345439	0.00317829	0.182644	0.0271011	0.000473192	0.00119715	0.00184529	0.00586363	0.00365073	0.00464236	0.37927	7.35944e-05	0.00839163
118	0.0213957	0.00235449	0.620639	0.0647618	0.000774399	0.0200645	0.00629985	0.00398667	0.00864451	0.00405218	0.00372053	0.114898	0.000945247	0.0208965	0.0250862	0.0511032	0.0263158	0.0026586	0.000359999	0.00104271
119	0.0512156	0.000432474	0.00600049	0.00765281	0.0153848	0.0119123	0.00251894	0.156535	0.00980019	0.433262	0.077263	0.00603814	0.00643264	0.0164246	0.0134755	0.0223831	0.0441706	0.104183	0.000425988	0.0144889
120	0.066932	0.000682435	0.102635	0.117868	0.000930042	0.0386265	0.0348834	0.00190596	0.175994	0.0110845	0.00646333	0.0996265	0.00438215	0.125053	0.135286	0.0490967	0.0252576	0.00221433	0.000227948	0.000851227
121	0.0320393	0.000312635	0.0159837	0.0108646	0.00146753	0.841199	0.00195224	0.00254821	0.0140916	0.0033557	0.00204633	0.0217997	0.00321185	0.00829128	0.00833115	0.0152941	0.005336	0.00432073	0.00199831	0.00555637
122	0.0663088	0.000100195	0.100135	0.157294	0.00049595	0.0402077	0.0240808	0.000871764	0.186125	0.00760739	0.00650325	0.0597567	0.00505038	0.159686	0.114574	0.0421294	0.0269949	0.00135208	0.000188062	0.000537365
123	0.0348355	0.000224079	0.000638994	0.00116829	0.0146842	0.000889952	0.00056573	0.275484	0.00194753	0.194334	0.0223839	0.000887974	0.00397579	0.00183485	0.00364511	0.00621853	0.00653309	0.425825	0.00011941	0.00380411
124	0.0160373	0.000173177	0.000606699	0.000705078	0.00909605	0.000619604	0.000407534	0.388602	0.00153478	0.0890352	0.0160555	0.000588387	0.0013724	0.00117613	0.00272131	0.00275864	0.00235416	0.463097	9.47936e-05	0.00296414
125	0.0264593	0.000261513	0.0153831	0.00923523	0.000915542	0.869515	0.00166179	0.00181024	0.0104894	0.00300289	0.00175909	0.0205213	0.00422758	0.00711597	0.00632162	0.00809737	0.00274607	0.00360042	0.00188475	0.00499153
126	0.0148503	0.000101699	0.000526242	0.0009893	0.0167904	0.000731301	0.000647979	0.40261	0.00298798	0.16196	0.0296056	0.000611917	0.00137356	0.00269858	0.00524246	0.00371754	0.00484832	0.343872	0.000114976	0.00572031
127	0.0500964	0.0017081	0.300287	0.0760143	0.0062979	0.0636053	0.0111349	0.00949664	0.0391329	0.0124104	0.00879209	0.18786	0.0110975	0.03324	0.0351506	0.0708125	0.0577273	0.0157677	0.000654939	0.00871348
128	0.0426053	0.00909037	0.00399977	0.00809211	0.019696	0.0188331	0.00391534	0.00641946	0.00733251	0.0424718	0.0204571	0.00728595	0.00262135	0.00827915	0.00752725	0.3831	0.369908	0.0341251	0.000728125	0.00351195
129	0.232019	0.00279101	0.0182474	0.0265512	0.0762501	0.019611	0.0147325	0.0294899	0.0200301	0.0403952	0.192564	0.0238301	0.0145734	0.0254676	0.151302	0.0305358	0.0245138	0.0368662	0.00345978	0.0167694
130	0.131021	0.00362225	0.0107871	0.0173707	0.00663481	0.0205097	0.00880501	0.136459	0.0213362	0.144713	0.0412339	0.0214672	0.0115708	0.023655	0.0226281	0.0790102	0.086924	0.199657	0.000855667	0.011739
131	0.0347526	0.000677213	0.00717828	0.0106563	0.220512	0.00412079	0.00727256	0.134355	0.00383088	0.176648	0.0308153	0.00634172	0.00318977	0.0288262	0.0311806	0.0117172	0.0117089	0.180419	0.0141637	0.0816343
132	0.0433695	0.000702157	0.00748817	0.057958	0.00345987	0.0215187	0.0446382	0.155928	0.00828103	0.0849333	0.0451702	0.0444548	0.00725452	0.0853654	0.0175667	0.0267084	0.0218988	0.314135	0.000789496	0.00837925
133	0.0262355	0.000272849	0.0304921	0.0154247	0.000833276	0.80747	0.00244324	0.00161014	0.0160088	0.00321965	0.00263527	0.0386445	0.00332471	0.00871763	0.0115586	0.0140448	0.00483575	0.00438909	0.0018444	0.00599529
134	0.0149432	9.49574e-05	0.000404887	0.000594068	0.0164148	0.000432161	0.000286688	0.40665	0.00247584	0.159582	0.0263437	0.000471703	0.0012688	0.00151613	0.00440464	0.00364675	0.00369169	0.351245	6.74504e-05	0.0054655
135	0.0886846	0.000696787	0.0501251	0.0302233	0.00699176	0.415372	0.0104258	0.00714724	0.0409503	0.012928	0.00981023	0.0874731	0.0100683	0.0271304	0.0352784	0.103311	0.0326855	0.0164043	0.00200557	0.0122878
136	0.0155977	0.000422522	0.00213366	0.00749288	0.374827	0.0100354	0.00235942	0.0521765	0.00181583	0.259428	0.0447271	0.0049714	0.00527006	0.0051023	0.00927322	0.00967456	0.00699443	0.0732943	0.0206208	0.0937831
137	0.431421	0.00472289	0.0163006	0.0181289	0.005983	0.0862202	0.00755609	0.0185966	0.0194473	0.0138614	0.00330488	0.0123729	0.0279368	0.0100849	0.0153157	0.225644	0.0431039	0.0294049	0.00107324	0.00952104
138	0.0133675	0.000241034	0.000865479	0.00133012	0.00375413	0.000908344	0.000599487	0.411963	0.000913194	0.0275507	0.00516633	0.00112402	0.00213708	0.00103526	0.00148811	0.0018973	0.00140962	0.523171	0.000167062	0.000910366
139	0.1273	0.00130616	0.0296917	0.0487643	0.0077224	0.0463961	0.00726267	0.0280435	0.0437726	0.0236966	0.0100393	0.0271783	0.348301	0.0400176	0.04594	0.086367	0.0283764	0.0369428	0.00108257	0.0117989
140	0.397463	0.0180672	0.00744129	0.00810133	0.00196614	0.0861551	0.00424425	0.0636197	0.0107124	0.0111246	0.00396249	0.00323512	0.0051849	0.00339066	0.00822759	0.211655	0.0423309	0.106084	0.000545498	0.00648849
141	0.0452923	0.000307121	0.328714	0.199682	0.00101786	0.0156657	0.00746237	0.010767	0.0720513	0.00685877	0.0037275	0.0795437	0.02848	0.0275853	0.0358478	0.0760195	0.0473958	0.0122915	0.000163719	0.00112658
142	0.0530112	0.000411537	0.00591573	0.0134886	0.00489331	0.00672305	0.00701342	0.157119	0.0223335	0.303997	0.074935	0.005487	0.0176141	0.0284735	0.0344725	0.0267901	0.0550354	0.158488	0.00132659	0.0224718
143	0.204714	0.00872812	0.00122284	0.00166793	0.00220742	0.00999802	0.000795671	0.0781815	0.00127868	0.0214577	0.0207679	0.00185731	0.00129295	0.00170796	0.00176898	0.0262366	0.0628762	0.552094	0.000203447	0.000942953
144	0.0596064	0.0103526	0.00956655	0.0594997	0.00145132	0.00290827	0.00213062	0.00701024	0.427566	0.0317475	0.0330194	0.0340136	0.00558671	0.0334217	0.22899	0.0127096	0.0227241	0.00514728	0.000525528	0.0120231
145	0.109935	0.000232469	0.035291	0.0281665	0.0342998	0.0354434	0.0246781	0.00698546	0.0436043	0.0201799	0.00447704	0.111154	0.0214175	0.061507	0.0605535	0.247794	0.0812463	0.038306	0.000226345	0.0345023
146	0.0214447	0.000119042	0.000647174	0.00112256	0.00891929	0.000711051	0.000512513	0.231225	0.000822967	0.039974	0.00629571	0.00104182	0.00397449	0.00103268	0.00141471	0.00218905	0.00135413	0.675991	0.000145768	0.00106272
147	0.0527924	0.00037013	0.00985339	0.0876196	0.010069	0.00241666	0.0220454	0.0481968	0.189627	0.0249524	0.00820534	0.0328421	0.00308319	0.127592	0.179414	0.0432102	0.0930498	0.062609	0.00029998	0.00175194
148	0.0360532	0.000890341	0.0615915	0.111421	0.0245269	0.00699815	0.0538274	0.01505	0.0891095	0.00861084	0.00445179	0.00975697	0.159213	0.111548	0.223951	0.0312064	0.0155176	0.00853579	0.000770512	0.0269688
149	0.21563	0.00135374	0.0144675	0.0116546	0.00463432	0.1185	0.00456073	0.0356068	0.00805903	0.0205986	0.00713732	0.0118515	0.39631	0.0109101	0.0133821	0.063724	0.0117128	0.0427032	0.00110797	0.00609548
150	0.00768223	0.000221661	0.0136858	0.0196345	0.0899025	0.00164366	0.0179465	0.0922151	0.00126968	0.273205	0.0849338	0.00752158	0.000795149	0.0419506	0.0448084	0.0191214	0.0239058	0.117716	0.0463905	0.0954499
151	0.0151311	0.000188406	0.000885133	0.00131044	0.0502591	0.00162358	0.000611543	0.164456	0.00106555	0.578263	0.047004	0.000987177	0.000985995	0.00127423	0.00610123	0.00402533	0.0111196	0.107866	0.000170007	0.00667255
152	0.151046	0.00171395	0.0127209	0.0105138	0.00350048	0.498917	0.00403779	0.0138209	0.0117689	0.0118464	0.00445119	0.0134778	0.162302	0.00959695	0.0103811	0.0479118	0.00859964	0.0175115	0.000919146	0.00496175
153	0.0352587	0.000126326	0.000576783	0.000773573	0.0123451	0.000626269	0.000404697	0.311781	0.00212682	0.166464	0.0234984	0.000647166	0.00383641	0.00148478	0.00389413	0.00736071	0.00461855	0.41978	9.79696e-05	0.0042984
154	0.0305908	0.000528973	0.509143	0.149069	0.0011758	0.0245391	0.0073547	0.00620908	0.0214779	0.00292835	0.00168866	0.0728196	0.00390616	0.0355067	0.0359351	0.0689369	0.0233206	0.00346647	0.000251168	0.00115176
155	0.0679781	0.000417339	0.0108052	0.0146711	0.00379419	0.00773933	0.00355216	0.178926	0.0158296	0.35821	0.0835544	0.0093588	0.00838934	0.03263	0.0166866	0.0192772	0.0432421	0.110058	0.000913295	0.0139677
156	0.146324	0.000588375	0.0127516	0.0265374	0.00247114	0.0678936	0.00596165	0.0311741	0.117596	0.0459804	0.034916	0.0449046	0.00212606	0.0575957	0.0704638	0.184618	0.105779	0.0391592	0.000661835	0.0024967
157	0.0663088	0.000100195	0.100135	0.157294	0.00049595	0.0402077	0.0240808	0.000871764	0.186125	0.00760739	0.00650325	0.0597567	0.00505038	0.159686	0.114574	0.0421294	0.0269949	0.00135208	0.000188062	0.000537365
158	0.498618	0.00575284	0.0132271	0.0124309	0.00240081	0.119785	0.00653468	0.0242189	0.018077	0.0123614	0.00123982	0.00161582	0.00778036	0.00230995	0.0115163	0.177829	0.0400237	0.0332603	0.000498908	0.0105195
159	0.0077049	0.000221673	0.0138915	0.0196269	0.0899584	0.00164846	0.0178079	0.0921234	0.0012814	0.274908	0.0852782	0.00756582	0.000796406	0.0418869	0.0449587	0.0192084	0.0233874	0.117391	0.0457585	0.0945961
160	0.0575412	0.000389466	0.106597	0.0963086	0.000567965	0.206222	0.0171722	0.00114137	0.129633	0.00710137	0.0100239	0.111974	0.00480365	0.0877209	0.0826918	0.0451175	0.0243825	0.00355783	0.00124682	0.00580608
161	0.0345275	0.000214461	0.00324727	0.00398462	0.0277155	0.00453259	0.000818492	0.164432	0.00538128	0.514438	0.0617125	0.0028035	0.00438617	0.00789972	0.0120069	0.0134326	0.0274381	0.0953873	0.000209068	0.0154323
162	0.0607136	0.000271114	0.209733	0.230041	0.000771762	0.00882568	0.00745526	0.0145013	0.113156	0.0098256	0.00526891	0.0634968	0.0501118	0.0253733	0.0353567	0.0802859	0.0638154	0.0197798	0.000183573	0.00103418
163	0.252786	0.0118429	0.00152021	0.00208092	0.000986539	0.0133363	0.00101681	0.041098	0.00159221	0.0206901	0.0222016	0.00226465	0.000926862	0.00226292	0.00236426	0.0353969	0.0829543	0.503197	0.000261717	0.00121977
164	0.0203499	0.000184054	0.00483028	0.00636883	0.0535361	0.00271072	0.00457362	0.142901	0.00244241	0.475163	0.0604435	0.00334088	0.00190414	0.013087	0.0214459	0.0107075	0.0206353	0.108537	0.0114543	0.0353845
165	0.0179872	0.00013599	0.000690483	0.0011398	0.00675537	0.00072715	0.000494019	0.228293	0.000594947	0.0170578	0.00363854	0.00105385	0.00308979	0.000938344	0.000972201	0.00124755	0.0008259	0.713737	0.000150171	0.000470891
166	0.150517	0.00053245	0.0165213	0.0413593	0.0096941	0.040082	0.0218277	0.0386277	0.0242254	0.0280328	0.0191456	0.113201	0.00424477	0.030103	0.0332219	0.158866	0.214813	0.043199	0.000493897	0.0112925
167	0.0663088	0.000100195	0.100135	0.157294	0.00049595	0.0402077	0.0240808	0.000871764	0.186125	0.00760739	0.00650325	0.0597567	0.00505038	0.159686	0.114574	0.0421294	0.0269949	0.00135208	0.000188062	0.000537365
168	0.0170386	8.42108e-05	0.000414697	0.0005595	0.01552	0.000448315	0.000300669	0.341351	0.00247929	0.150873	0.0239804	0.000529576	0.00170997	0.00149694	0.00447627	0.00391701	0.00358138	0.425368	8.16761e-05	0.00578838
169	0.109872	0.000659911	0.0415798	0.040835	0.0158529	0.0303788	0.0546732	0.0506831	0.00328579	0.0580036	0.119745	0.0363652	0.00237598	0.0733996	0.0178282	0.0487824	0.0821919	0.186174	0.000555605	0.0267587
170	0.0405534	0.000244128	0.136188	0.0554988	0.00087353	0.38977	0.00797721	0.00143621	0.0533126	0.00688692	0.0083509	0.146647	0.00463873	0.024684	0.0396378	0.0435513	0.0209684	0.00557499	0.00174239	0.0114641
171	0.037684	0.000305263	0.0018896	0.00965945	0.00112696	0.0854941	0.00137262	0.00255469	0.0157333	0.00275011	0.00269993	0.00241732	0.00122396	0.00761295	0.00964369	0.712492	0.0995169	0.00431747	0.00033495	0.00117066
172	0.248534	0.000993873	0.0270193	0.0133347	0.00368333	0.0675746	0.00399599	0.0155649	0.0115178	0.0283307	0.00487293	0.0113917	0.340369	0.0135702	0.0144179	0.159469	0.0104709	0.0192302	0.000933342	0.00472589
173	0.479155	0.00217347	0.0305869	0.0590203	0.0295382	0.0921326	0.0113136	0.0107469	0.0111961	0.0271629	0.00491213	0.0161065	0.0118648	0.0181717	0.0181668	0.110246	0.0244165	0.0159466	0.00722578	0.019918
174	0.261956	0.000577867	0.164	0.252077	0.0182145	0.034011	0.0277051	0.00367433	0.0153971	0.0168806	0.002921	0.00897759	0.002178	0.0525858	0.0278831	0.0649376	0.01837	0.00515855	0.00295079	0.0195446
175	0.0706656	0.00404796	0.0262933	0.0763196	0.00112524	0.00215898	0.00278209	0.0144226	0.381277	0.0256851	0.0135141	0.0287168	0.00862308	0.0536886	0.172822	0.0345666	0.0596795	0.0175923	0.000282181	0.00573704
176	0.499206	0.00690252	0.0113754	0.0115818	0.00235587	0.12235	0.00521078	0.0265056	0.0215259	0.0112527	0.00230615	0.00300985	0.00903766	0.00399099	0.0129393	0.16635	0.0376624	0.036874	0.000606376	0.00895645
177	0.0363136	0.000500992	0.0370204	0.0281756	0.00225885	0.670052	0.00649187	0.00427978	0.0402161	0.00727732	0.00495397	0.0416667	0.00558194	0.0208138	0.0353149	0.0281336	0.0145231	0.00775985	0.00182406	0.0068419
178	0.0148681	0.000183024	0.000808028	0.00128052	0.0506998	0.00158288	0.000613241	0.164322	0.000980702	0.578701	0.0470185	0.000992019	0.000962988	0.00122082	0.00595894	0.00385491	0.0108475	0.108439	0.000174394	0.00649233
179	0.0460119	0.000380379	0.00157079	0.133639	0.0169994	0.00771953	0.0330408	0.0251961	0.140537	0.0413247	0.0272333	0.00560049	0.000994484	0.229511	0.244027	0.00575751	0.0145058	0.0245996	0.000231709	0.00111969
180	0.214108	0.000724731	0.00393645	0.0759279	0.00222553	0.00478179	0.00284794	0.0338274	0.00366544	0.0207044	0.00328995	0.00426024	0.181711	0.0346423	0.064617	0.171744	0.0197844	0.154113	0.000607717	0.00247984
181	0.0397552	0.000419481	0.0628059	0.041921	0.00196846	0.575113	0.00614737	0.00283637	0.0439241	0.00582285	0.00563186	0.0627119	0.00526867	0.0273592	0.0264228	0.0514334	0.0137537	0.00698507	0.0117354	0.00798417
182	0.036585	0.0011643	0.45919	0.122401	0.00226137	0.0271197	0.0102671	0.00598617	0.0417095	0.00754043	0.00471637	0.0808265	0.00781133	0.0530862	0.0441893	0.0569929	0.0259311	0.00824102	0.000664155	0.00331684
183	0.0138155	9.8613e-05	0.000364313	0.000584541	0.0157388	0.000439856	0.000274851	0.375034	0.00264493	0.152972	0.0235488	0.00048408	0.00112753	0.00154242	0.00455315	0.00333266	0.00355631	0.393869	6.76724e-05	0.00595067
184	0.00782091	0.000333208	0.00127099	0.00146749	0.00288629	0.00109781	0.000902931	0.603388	0.0010541	0.0329268	0.00749677	0.00109086	0.000662006	0.00128581	0.00161413	0.00215169	0.00192486	0.329664	0.000173679	0.000787176
185	0.0189327	0.0006772	0.00308689	0.0271706	0.00174048	0.00360406	0.00233817	0.0656347	0.00673382	0.267546	0.00577391	0.00359728	0.00214792	0.00994155	0.0160508	0.00561086	0.259673	0.29682	0.000579781	0.00234087
186	0.113117	0.000281125	0.0446952	0.0738875	0.00158757	0.09244	0.0122202	0.0151955	0.148841	0.0141785	0.00189389	0.0145366	0.00124013	0.0288715	0.0639641	0.169419	0.184396	0.0157801	0.000390694	0.00306492
187	0.0140106	9.5916e-05	0.000403127	0.000566528	0.0204903	0.000435878	0.000331744	0.344638	0.00389061	0.172331	0.0263787	0.000471896	0.00105432	0.00217277	0.00660677	0.00325522	0.00383623	0.388347	7.18855e-05	0.0106104
188	0.0239921	0.00281484	0.376792	0.0745097	0.00152515	0.0412849	0.00525133	0.00393076	0.00726787	0.00746312	0.00591086	0.370995	0.00165072	0.0306637	0.0144448	0.0141721	0.00987111	0.00464188	0.000513395	0.00230442
189	0.0270784	0.0012317	0.194037	0.049442	0.000931938	0.390486	0.00650716	0.00182851	0.0291818	0.00603426	0.00583	0.179954	0.00331126	0.0180904	0.0310775	0.0280921	0.0135865	0.00491884	0.000985397	0.0073965
