238	20
1	0.0216065	0.0141235	0.00311193	0.00062028	0.0163079	0.00090469	0.00226005	0.356777	0.00349866	0.0541252	0.00890632	0.000935579	0.00460982	0.0010126	0.00190324	0.00651768	0.0124866	0.483489	0.0018307	0.00497266
2	0.48801	0.0348071	0.000929769	0.00187114	0.00295814	0.0373901	0.000824012	0.0163977	0.00318391	0.00786322	0.00540966	0.00770254	0.000769373	0.003414	0.00506701	0.169647	0.145602	0.0653619	0.00122564	0.00156484
3	0.00688335	0.00670588	0.00135873	0.000563701	0.028835	0.000411107	0.00467399	0.346511	0.00679338	0.0618211	0.0135824	0.000716786	0.00320382	0.000752541	0.00284567	0.00700489	0.00532823	0.492616	0.00111815	0.00827443
4	0.0162482	0.0138818	0.0018315	0.000581853	0.0136796	0.00045712	0.00214316	0.384406	0.0032475	0.0573655	0.00860296	0.000621853	0.00275972	0.0010874	0.00172062	0.00716111	0.0103744	0.467035	0.00246073	0.00433425
5	0.0819955	0.0260843	0.00530608	0.00736184	0.00612543	0.688047	0.00638137	0.00426897	0.00820067	0.00604209	0.0050889	0.0223295	0.00315163	0.0128875	0.00614796	0.0688548	0.0130345	0.00666607	0.0149053	0.00712101
6	0.106543	0.163119	0.00914365	0.0137556	0.00809172	0.125439	0.0169014	0.0136515	0.0128393	0.0192851	0.00925828	0.0212276	0.00550809	0.0460859	0.0139347	0.32059	0.034801	0.0144873	0.0383949	0.00694216
7	0.0707184	0.00635593	0.00548009	0.00973204	0.00803509	0.736342	0.00610947	0.00488969	0.0107351	0.0106265	0.00627909	0.0178704	0.00429332	0.0211551	0.00941348	0.0373475	0.00769458	0.00537988	0.0055908	0.0159513
8	0.104705	0.0471115	0.0298841	0.0847628	0.00752239	0.0425024	0.020016	0.0168164	0.103386	0.0223657	0.0143747	0.25144	0.0102266	0.0414804	0.0522304	0.0818224	0.0356651	0.0204077	0.00286397	0.0104161
9	0.0327008	0.0173439	0.0198426	0.0239994	0.0315197	0.0136413	0.0196856	0.0545616	0.0496618	0.0457538	0.111276	0.0267946	0.011076	0.0322364	0.199231	0.041364	0.0350558	0.0533461	0.147392	0.0335172
10	0.3928	0.0234998	0.00177274	0.00381086	0.00322822	0.408156	0.00176816	0.00496511	0.0022385	0.00353527	0.00597371	0.00391369	0.00539439	0.00840933	0.00897079	0.071033	0.0268948	0.0161866	0.00361294	0.0038366
11	0.0271912	0.0405225	0.00307899	0.00411467	0.00231527	0.00234875	0.00301295	0.00423725	0.00475149	0.00479487	0.0163867	0.0187793	0.0126126	0.00428298	0.00476823	0.310025	0.496723	0.036321	0.00107152	0.00266176
12	0.467723	0.034554	0.00106565	0.00201214	0.0026925	0.0317152	0.000864064	0.0181758	0.00357294	0.00717077	0.00527895	0.00750952	0.000833648	0.00384098	0.00382161	0.1383	0.15736	0.11044	0.00116484	0.00190518
13	0.0391192	0.0144319	0.00174355	0.000804195	0.0114259	0.00171923	0.00183658	0.391514	0.00305373	0.0536786	0.00900509	0.000987719	0.00364817	0.00286407	0.00200016	0.00911083	0.017669	0.428035	0.00328223	0.00407132
14	0.52506	0.0393934	0.000863764	0.00206827	0.00329411	0.0590969	0.000756266	0.0159148	0.00251165	0.00757275	0.00537083	0.0065263	0.00105997	0.00313154	0.00398722	0.159424	0.102181	0.0589766	0.00137967	0.00143058
15	0.00334703	0.0103415	0.00179707	0.00257894	0.00150999	0.0100657	0.00213007	0.00317412	0.46122	0.0561828	0.0021472	0.00266777	0.00121459	0.0102986	0.403149	0.0117047	0.0109752	0.0030851	0.000644235	0.00176559
16	0.0422322	0.0171257	0.00223311	0.00385012	0.0210683	0.000778748	0.00124505	0.268488	0.0108643	0.287674	0.0483148	0.00798104	0.00415427	0.00481136	0.00492956	0.00272172	0.0170269	0.247083	0.00252261	0.00489519
17	0.0183668	0.0148197	0.00191293	0.000595328	0.012669	0.000529476	0.0018355	0.381934	0.00278461	0.0559552	0.00822917	0.000591862	0.00295154	0.0010872	0.00154799	0.00636235	0.0112341	0.470272	0.00226784	0.00405321
18	0.555118	0.0320762	0.00163831	0.00399971	0.00226001	0.222139	0.00145819	0.00580639	0.00222639	0.0041329	0.00623807	0.00286764	0.00573322	0.00675824	0.0100882	0.093211	0.0236688	0.0156313	0.00288783	0.00206056
19	0.0585355	0.00302122	0.05351	0.120796	0.00455933	0.0261973	0.0458856	0.0145392	0.129494	0.0303697	0.0102291	0.0912364	0.0103679	0.0876839	0.11533	0.11544	0.0348431	0.039587	0.00064425	0.00772994
20	0.0300896	0.016485	0.0243677	0.0230161	0.00529809	0.00996325	0.0127741	0.0103644	0.0226113	0.0123382	0.0116642	0.511161	0.0136444	0.0189784	0.0198138	0.0610224	0.16265	0.0196821	0.00185442	0.0122217
21	0.248856	0.0615937	0.00123357	0.00161546	0.000959697	0.0203422	0.00117665	0.0820109	0.00159579	0.015483	0.00166064	0.00323059	0.00528773	0.00294326	0.00253973	0.0327142	0.107076	0.404637	0.00208285	0.00296055
22	0.0255153	0.012797	0.0524545	0.231203	0.00436869	0.012025	0.0047626	0.0573144	0.156048	0.0245593	0.0171363	0.0305427	0.00335666	0.0938011	0.091829	0.0460046	0.0954167	0.0372422	0.000714074	0.00290843
23	0.0169363	0.0111863	0.00140643	0.000984259	0.0213811	0.000459842	0.00257547	0.34465	0.00478819	0.113109	0.0182965	0.00101516	0.00341968	0.00147118	0.00241238	0.00518277	0.00979115	0.433238	0.00166447	0.00603139
24	0.00626203	0.00294714	0.0240127	0.019301	0.00233491	0.00542422	0.0347127	0.0053431	0.189474	0.00495911	0.00377362	0.193757	0.0613754	0.063905	0.221791	0.0643076	0.0453717	0.00519368	0.00103384	0.04472
25	0.011328	0.00568625	0.00271267	0.00486444	0.150738	0.00231338	0.00271794	0.136036	0.0110622	0.262834	0.17914	0.00407089	0.00236745	0.0334682	0.00995708	0.00821869	0.00919014	0.101369	0.0500134	0.0119124
26	0.0135746	0.00642313	0.00745523	0.00785853	0.117319	0.00553064	0.0156119	0.0105276	0.0115692	0.0180039	0.0100449	0.0119473	0.00348169	0.00923066	0.0165583	0.0125284	0.0111047	0.0112759	0.450898	0.249057
27	0.0174206	0.177553	0.00885551	0.0260368	0.0100201	0.0035222	0.00627862	0.148696	0.0103325	0.0544201	0.135238	0.0118162	0.00367628	0.0104014	0.0087877	0.0197723	0.0530369	0.284103	0.0025218	0.00751129
28	0.00352016	0.00174036	0.00246542	0.00207355	0.499935	0.00878163	0.00532907	0.00336321	0.0205836	0.0274549	0.00350228	0.00258268	0.00102061	0.00243832	0.0388275	0.00353794	0.00338508	0.0113336	0.011996	0.346129
29	0.0108109	0.00626239	0.277563	0.423839	0.00167819	0.0203201	0.0187074	0.00423671	0.0371922	0.00743498	0.00416454	0.0375152	0.00887074	0.0543253	0.0130591	0.0350509	0.0278273	0.00637349	0.000769724	0.003999
30	0.045752	0.0153038	0.0876583	0.226935	0.00757515	0.0170095	0.0251952	0.0210873	0.0583272	0.0246459	0.0142644	0.0571909	0.0211051	0.0656582	0.0478089	0.161274	0.0579498	0.0234615	0.00295424	0.0188433
31	0.0275532	0.00461096	0.0300207	0.0820538	0.011664	0.000971892	0.0161298	0.186345	0.0367566	0.128564	0.144771	0.0122296	0.000700842	0.0439278	0.0286202	0.00813192	0.110207	0.10151	0.000637494	0.0245937
32	0.00641903	0.00641852	0.00130955	0.000537127	0.0296418	0.000366046	0.00427932	0.35141	0.0064236	0.0558277	0.0125655	0.000646061	0.00331492	0.00065053	0.00260372	0.00639636	0.00535077	0.496081	0.00102378	0.00873488
33	0.0216569	0.00994871	0.00308213	0.0106974	0.0493863	0.00145989	0.00341068	0.234177	0.0133423	0.337744	0.0794773	0.00592677	0.0029769	0.0126761	0.0134952	0.00520922	0.0230366	0.153855	0.0105452	0.00789577
34	0.0277587	0.0365634	0.00297231	0.00360834	0.00211979	0.00212332	0.00278093	0.00381172	0.0044917	0.00456307	0.0136448	0.0184746	0.0120346	0.00373405	0.0039254	0.313712	0.503025	0.0371012	0.000992999	0.00256189
35	0.00668551	0.00540352	0.200397	0.593447	0.00128888	0.0172024	0.011149	0.00466115	0.0204381	0.0035603	0.00256542	0.00625593	0.00208241	0.0684264	0.00726225	0.016489	0.0166135	0.0132008	0.000770602	0.00210068
36	0.125151	0.0313722	0.00289574	0.0035346	0.00322596	0.00853784	0.00181645	0.246576	0.00555346	0.0304916	0.00776107	0.00457118	0.00608889	0.0127736	0.0077305	0.0411986	0.0676505	0.376675	0.0113596	0.005036
37	0.00921593	0.00905435	0.00285533	0.00340912	0.128669	0.00182465	0.00963787	0.309569	0.0101956	0.090029	0.0432398	0.00279699	0.00351042	0.0078007	0.00834629	0.00972997	0.00810087	0.311523	0.0102155	0.0202766
38	0.0285905	0.0156526	0.0360783	0.033968	0.00774953	0.0300197	0.0227568	0.0113909	0.0429709	0.0179682	0.0154359	0.512084	0.0163808	0.0270428	0.0273551	0.0536714	0.0655216	0.0147322	0.00249132	0.0181394
39	0.019923	0.00371074	0.0042297	0.131024	0.00234107	0.00268815	0.002961	0.0188969	0.0733162	0.00510851	0.0299498	0.0757077	0.00191999	0.126579	0.0475481	0.101222	0.342316	0.00632168	0.00111849	0.00311898
40	0.0357665	0.00431496	0.139508	0.274417	0.00163388	0.00235907	0.00892442	0.0173937	0.159215	0.00546201	0.00413176	0.0224615	0.00134239	0.0965915	0.07351	0.0385885	0.103501	0.00834693	0.000669556	0.00186243
41	0.0292877	0.0123709	0.0298261	0.0284644	0.0130912	0.046069	0.277623	0.0190685	0.168524	0.0245764	0.0186431	0.12666	0.0152784	0.0452343	0.0484212	0.0297392	0.0206799	0.0192464	0.00431068	0.0228862
42	0.024812	0.00655071	0.0283335	0.136585	0.0092993	0.00279627	0.0134744	0.165507	0.0362293	0.0963314	0.125837	0.0131972	0.00186825	0.0673767	0.0287102	0.013234	0.105595	0.104019	0.0011334	0.0191115
43	0.0273017	0.016261	0.0348206	0.0333508	0.0073835	0.0303278	0.0234821	0.0133795	0.0406535	0.0180751	0.0129622	0.520401	0.0206567	0.0255371	0.0252977	0.0518581	0.0583538	0.0172679	0.00393136	0.0186991
44	0.068126	0.0544966	0.0133177	0.0661515	0.0124729	0.00360694	0.00345383	0.0966423	0.0465927	0.0196729	0.00425921	0.00559194	0.13327	0.00550863	0.0503748	0.0503178	0.0726991	0.268995	0.00146493	0.0229855
45	0.0338963	0.012884	0.0142608	0.0372142	0.0161082	0.00623123	0.0459184	0.149291	0.173591	0.0683566	0.0416256	0.0183587	0.0108102	0.0461113	0.159597	0.0290017	0.0292063	0.076922	0.00698925	0.0236268
46	0.0356585	0.0131012	0.105554	0.0475409	0.0519161	0.0205373	0.0521275	0.0277585	0.0394106	0.0353503	0.0239967	0.0709497	0.0186332	0.0350093	0.0321688	0.0412265	0.0567463	0.0310576	0.0101093	0.251148
47	0.00842652	0.00443163	0.00328509	0.00518853	0.213663	0.00306158	0.00322535	0.107776	0.0108797	0.260468	0.197907	0.00470154	0.00228056	0.0295131	0.00912147	0.0103118	0.00738589	0.0599553	0.0442075	0.0142113
48	0.0317406	0.0112319	0.0399741	0.0405611	0.0100136	0.0131022	0.031265	0.016656	0.281765	0.0205798	0.0139075	0.0388416	0.195627	0.0867499	0.0612359	0.0404145	0.027484	0.0206423	0.00243881	0.0157697
49	0.0251482	0.0157374	0.0468467	0.0615984	0.00153091	0.245027	0.0569931	0.00696074	0.161079	0.007816	0.0067932	0.191842	0.00983781	0.0686122	0.0421178	0.0327445	0.00825741	0.00375603	0.000759111	0.00654226
50	0.0117366	0.0377118	0.00478933	0.0253667	0.111995	0.00315032	0.136129	0.158681	0.0723755	0.0311476	0.0122729	0.00799451	0.00406521	0.0270044	0.0922252	0.00873132	0.00880702	0.146801	0.00160902	0.0974071
51	0.0573668	0.00669343	0.0553557	0.153534	0.0113094	0.0118372	0.00800564	0.0306024	0.249603	0.0253809	0.0193099	0.0345396	0.00904179	0.0828565	0.119499	0.0412341	0.0526504	0.0233347	0.000397868	0.0074478
52	0.0280862	0.0161186	0.0011962	0.00355652	0.0162913	0.000720403	0.000995197	0.255996	0.00570869	0.436683	0.0344374	0.00304395	0.00329169	0.00371135	0.00553916	0.00199556	0.0134212	0.163672	0.00187243	0.00366376
53	0.103511	0.0195549	0.0406343	0.0440664	0.00875791	0.16304	0.0276813	0.0207269	0.0329076	0.0221247	0.013492	0.0480958	0.167286	0.0256742	0.0260118	0.0654059	0.116823	0.0361297	0.00657918	0.011497
54	0.0664072	0.00173722	0.138137	0.187923	0.00126281	0.0191537	0.0769025	0.0096258	0.052658	0.015056	0.00910627	0.0318021	0.151344	0.033056	0.041504	0.0749465	0.0491417	0.0306406	0.000694691	0.00890149
55	0.0438515	0.049633	0.0143968	0.0142366	0.00675273	0.00946839	0.0108108	0.0141678	0.0165137	0.0129098	0.0110456	0.438524	0.0132417	0.015757	0.0167663	0.0846505	0.182961	0.0328	0.00287157	0.0086408
56	0.0122961	0.0100524	0.00146454	0.000574373	0.0205259	0.000387878	0.00277089	0.365708	0.00434712	0.0728573	0.0127021	0.000703398	0.00301298	0.000956364	0.00186297	0.00594562	0.00838396	0.467714	0.00170093	0.00603331
57	0.0062934	0.00655044	0.00139338	0.00057386	0.0288103	0.000406565	0.00477303	0.346386	0.00700516	0.0574128	0.0128507	0.000709034	0.00318075	0.000703087	0.00302694	0.00710515	0.00527348	0.498161	0.00105947	0.0083253
58	0.386315	0.0279813	0.0123904	0.025931	0.00639861	0.178039	0.00889331	0.0124624	0.034653	0.0131683	0.0121326	0.018203	0.00884245	0.0226888	0.0850944	0.0730009	0.0395499	0.0232332	0.00352138	0.00750111
59	0.00758999	0.0213484	0.0711785	0.0518413	0.00250859	0.00319746	0.0186725	0.173579	0.0050961	0.0537088	0.0396094	0.101928	0.00203612	0.00496015	0.00537891	0.0399967	0.0233089	0.368887	0.00166032	0.00351413
60	0.139978	0.0123642	0.0727892	0.0266974	0.00521799	0.0121901	0.0207495	0.0105758	0.0358051	0.0398184	0.00879468	0.0180388	0.309271	0.0179407	0.0126379	0.182281	0.0493892	0.0171728	0.00237963	0.00590859
61	0.0217411	0.00498509	0.292902	0.185735	0.00121528	0.00201154	0.0416826	0.00244858	0.0533706	0.0139759	0.00725021	0.118545	0.00114381	0.0711512	0.0243859	0.10289	0.0437859	0.00329281	0.000615563	0.00687226
62	0.0360744	0.0157772	0.000632783	0.000823901	0.0196767	0.000442177	0.000548763	0.276067	0.00397523	0.34431	0.0430933	0.00250736	0.00473478	0.00296672	0.000880224	0.00124294	0.012661	0.227347	0.00238543	0.00385415
63	0.140686	0.0205356	0.0177014	0.0338559	0.0158388	0.00230242	0.00267024	0.106013	0.0665465	0.151359	0.00413725	0.0204593	0.00366932	0.0167302	0.06204	0.0230283	0.0394396	0.2682	0.00150452	0.00328226
64	0.024122	0.00519067	0.25492	0.216586	0.000950897	0.00128536	0.0469357	0.00201757	0.0571272	0.0164989	0.00820431	0.0990589	0.0132802	0.0771669	0.0237647	0.0958681	0.0456389	0.00222477	0.000499286	0.00865984
65	0.482328	0.0346383	0.000872754	0.00190812	0.00286037	0.0334274	0.000622941	0.0164225	0.00337355	0.00761241	0.0055343	0.00798927	0.000621244	0.00374903	0.00400772	0.159311	0.149846	0.0820668	0.00120653	0.00160204
66	0.249425	0.0607638	0.00122012	0.00152322	0.000926205	0.0208697	0.00111395	0.0807031	0.00161665	0.0161089	0.00158218	0.00315788	0.00556196	0.00280697	0.00254174	0.0319642	0.104941	0.408327	0.00190289	0.00294299
67	0.0721401	0.00406391	0.0442997	0.128582	0.00892175	0.0178991	0.0118524	0.0109295	0.221113	0.0297487	0.0200381	0.0535711	0.00119498	0.0823292	0.170992	0.0599274	0.0356505	0.0151364	0.000165554	0.0114449
68	0.00532084	0.00361289	0.390615	0.140128	0.00204119	0.225427	0.00286149	0.00403199	0.00992035	0.00421691	0.0032818	0.116572	0.00202249	0.0134924	0.0316377	0.0316363	0.00498152	0.00456605	0.00104023	0.00259448
69	0.52152	0.0339853	0.00118014	0.00178103	0.00407559	0.038121	0.00073785	0.0151589	0.00308965	0.00884399	0.00506252	0.00717568	0.00103646	0.0033277	0.00381347	0.163466	0.12205	0.0629277	0.00114061	0.00150691
70	0.0078815	0.00472754	0.544318	0.0357481	0.00349633	0.00274549	0.0221632	0.00529711	0.0414931	0.00721372	0.00509116	0.151062	0.00207286	0.0108778	0.0216871	0.0149058	0.108294	0.00594489	0.00114788	0.00383257
71	0.0347354	0.0160983	0.000581219	0.000711642	0.0230742	0.00038432	0.000546447	0.286563	0.00446212	0.310621	0.0497351	0.00259519	0.00428596	0.00311155	0.000813248	0.00110585	0.0141273	0.239336	0.00258278	0.00452933
72	0.0172415	0.00935183	0.00196005	0.00381703	0.103698	0.00147659	0.00139702	0.238542	0.00769875	0.331828	0.0915258	0.00310738	0.00280257	0.0115483	0.00647486	0.00299215	0.012758	0.123267	0.0136917	0.0148219
73	0.00659827	0.00657783	0.00131307	0.000526262	0.0287295	0.000368015	0.00425757	0.351769	0.0063316	0.0560106	0.0126162	0.000654589	0.00325732	0.00062983	0.00256062	0.00635792	0.00541881	0.496672	0.00102253	0.00832799
74	0.00480182	0.00203813	0.00161924	0.00258714	0.505028	0.00211915	0.00498582	0.0668937	0.0122842	0.13853	0.0778846	0.00288053	0.00110774	0.00950753	0.0139611	0.00519897	0.0032261	0.0336994	0.0371297	0.074517
75	0.16824	0.110777	0.00747148	0.00984486	0.00710502	0.0117275	0.00688	0.131027	0.013082	0.0571698	0.00857146	0.0839198	0.00751735	0.00950085	0.0130013	0.027783	0.0381598	0.278576	0.00258427	0.00706209
76	0.0329057	0.01544	0.00110209	0.0013999	0.0209085	0.000406554	0.00120241	0.282337	0.00429229	0.282539	0.0495766	0.00235817	0.00492622	0.00381962	0.00121475	0.00154311	0.0212042	0.26381	0.00236606	0.00664822
77	0.0767809	0.0268563	0.0354676	0.0443092	0.00938434	0.0155358	0.0211059	0.0822122	0.0368481	0.0422112	0.0124317	0.0233127	0.196033	0.0208853	0.0293796	0.0544805	0.0504867	0.203181	0.0026593	0.016439
78	0.0340181	0.076394	0.0151401	0.0238395	0.0133417	0.0127654	0.169252	0.0859017	0.0231002	0.155889	0.015274	0.0230649	0.199264	0.024435	0.0205662	0.0310762	0.0256965	0.0297412	0.0057906	0.0154501
79	0.0660441	0.0121167	0.0444314	0.130711	0.00872909	0.0162616	0.0128908	0.0174936	0.203307	0.0259969	0.0251611	0.0572269	0.00273672	0.0965887	0.143977	0.0533683	0.054364	0.0168399	0.000648755	0.0111061
80	0.00404226	0.00210145	0.00301512	0.0022469	0.501479	0.0116745	0.00596467	0.0054446	0.0226562	0.0313827	0.00541714	0.00295218	0.00117149	0.00303394	0.0354518	0.00424662	0.00455966	0.0141977	0.0128429	0.326119
81	0.0355062	0.0164248	0.000741528	0.000771148	0.0216763	0.000453443	0.0005723	0.286738	0.00426989	0.299979	0.0478014	0.00259607	0.00429703	0.00347524	0.000928042	0.00140787	0.0146503	0.250602	0.00262889	0.00447933
82	0.0923882	0.00176609	0.0890161	0.13335	0.00140281	0.0418371	0.0658393	0.0219029	0.0338895	0.0246509	0.0046372	0.0527077	0.13044	0.041004	0.0595808	0.0722714	0.0521198	0.0656446	0.000593959	0.0149574
83	0.0233553	0.014238	0.00118208	0.000988493	0.023771	0.000366972	0.00180214	0.315066	0.00477357	0.196712	0.0352498	0.00168944	0.00435801	0.00228241	0.0014615	0.00330624	0.0145402	0.34583	0.00203754	0.00699044
84	0.286376	0.0344676	0.00414828	0.00599264	0.00369657	0.0235641	0.0038094	0.0138833	0.00783678	0.00917507	0.00916083	0.0165179	0.00565109	0.00622544	0.00796387	0.232664	0.260248	0.0633328	0.00129209	0.00399479
85	0.0209589	0.00508314	0.298309	0.188663	0.00102787	0.00100362	0.0423131	0.00212703	0.0534348	0.0138101	0.00741433	0.117054	0.00112474	0.0717359	0.02268	0.0984431	0.0450414	0.00206109	0.000610837	0.00710347
86	0.0308654	0.00997217	0.0246399	0.0584571	0.00838658	0.00114349	0.0158788	0.185592	0.0251529	0.137693	0.124381	0.00945649	0.00172255	0.0392238	0.0203817	0.00700659	0.100873	0.169964	0.000761129	0.0284477
87	0.00935499	0.00758725	0.00145324	0.000949859	0.0279653	0.000462116	0.0035041	0.375726	0.00575074	0.0734502	0.0158634	0.000867245	0.00369645	0.00106839	0.00237109	0.00571989	0.00712514	0.448385	0.00120127	0.00749853
88	0.0528393	0.00372293	0.0300015	0.124831	0.00662842	0.0216682	0.0195048	0.00846915	0.184216	0.0219906	0.019649	0.0428025	0.00157375	0.0790915	0.214973	0.0874214	0.0534846	0.0120133	0.000622864	0.0144957
89	0.0277119	0.00177886	0.200438	0.207029	0.000931365	0.00392861	0.0414578	0.0027671	0.062554	0.0243188	0.00350225	0.0368603	0.166877	0.0890047	0.0233774	0.0533163	0.0328933	0.00553697	0.000516672	0.0151995
90	0.0143302	0.302453	0.00549348	0.0262927	0.0106952	0.00361862	0.00463556	0.114585	0.00637988	0.00834206	0.133256	0.00795941	0.00268058	0.0068855	0.00652807	0.0249743	0.042027	0.27264	0.00198344	0.00424068
91	0.174484	0.195164	0.0030135	0.00456562	0.00417204	0.0788993	0.0220859	0.00931105	0.00446295	0.0187293	0.00421688	0.0195308	0.00262966	0.0101384	0.00465364	0.379174	0.0454674	0.00902669	0.00765497	0.00261941
92	0.208325	0.033245	0.00135234	0.00155885	0.00100059	0.0134922	0.000972559	0.0973611	0.00195427	0.0341011	0.00188048	0.00396951	0.0119617	0.00260807	0.00382031	0.0188327	0.0550385	0.50275	0.00148335	0.00429178
93	0.0262445	0.0137534	0.00389962	0.00923777	0.0562595	0.00165907	0.00277171	0.222621	0.00927595	0.297266	0.0855445	0.00617561	0.00448471	0.0128365	0.00898714	0.00727252	0.0203113	0.189739	0.0125592	0.00910065
94	0.0478052	0.0684148	0.0155791	0.0210527	0.019508	0.0127801	0.0121352	0.122874	0.0297131	0.0362972	0.113362	0.0187379	0.00671137	0.0230784	0.0316596	0.212376	0.0436297	0.142878	0.00754469	0.0138638
95	0.0762853	0.0106869	0.00946627	0.0120284	0.00686821	0.742514	0.00545407	0.0043852	0.0139871	0.00489223	0.00476308	0.0193189	0.00341476	0.0158969	0.00984229	0.0328473	0.00919324	0.00605001	0.00537169	0.0067338
96	0.462343	0.0660769	0.00324667	0.00653219	0.00779988	0.0772912	0.00314749	0.0256369	0.00663112	0.0132825	0.00794392	0.00932332	0.0059895	0.0077278	0.0110411	0.124645	0.0763361	0.0788947	0.00238581	0.00372466
97	0.0298149	0.019009	0.0318639	0.0275215	0.00661882	0.0104155	0.0183997	0.0135628	0.0296607	0.0179994	0.0146324	0.504976	0.0170439	0.0229038	0.0207749	0.0519161	0.117427	0.0217848	0.0028064	0.0208677
98	0.02338	0.011307	0.0010517	0.00825223	0.0161799	0.000666228	0.000752006	0.267042	0.00960283	0.399503	0.0357759	0.00358676	0.00294958	0.00561352	0.013289	0.00168645	0.0229028	0.171808	0.00163544	0.00301515
99	0.483413	0.0352481	0.00643885	0.00951612	0.00525904	0.0924593	0.00459181	0.0227766	0.0106288	0.015716	0.00871457	0.0122217	0.0067588	0.0101674	0.0151961	0.113416	0.0755287	0.0648557	0.00244781	0.00464574
100	0.018658	0.0034488	0.0433991	0.0179292	0.00178533	0.0413739	0.0343931	0.00445652	0.0485652	0.0179923	0.0295699	0.310737	0.0918827	0.0187835	0.0202642	0.184127	0.0893177	0.00454377	0.00117985	0.017593
101	0.00774822	0.00516203	0.287375	0.308973	0.00212499	0.178034	0.00621321	0.00529713	0.0225293	0.00545148	0.00406395	0.0655251	0.00498514	0.0327223	0.0202275	0.023237	0.0103173	0.00596787	0.00101113	0.00303353
102	0.0132016	0.01124	0.00163294	0.000565567	0.018937	0.000439296	0.00276488	0.367045	0.00419591	0.0630913	0.0108077	0.000647095	0.00306908	0.000878385	0.0018933	0.00629298	0.00884138	0.47687	0.00182223	0.00576382
103	0.464957	0.0413754	0.00188635	0.00413641	0.00295117	0.058782	0.00150972	0.0357716	0.00378831	0.0103537	0.00651668	0.00700815	0.00321363	0.00452045	0.00509589	0.138768	0.0936417	0.111383	0.00182981	0.002511
104	0.0714009	0.00391974	0.0487451	0.13052	0.00864562	0.0185153	0.0129192	0.0107427	0.213511	0.0310941	0.0201982	0.0547462	0.00116967	0.0830383	0.170112	0.0597137	0.0341262	0.0158455	0.000167036	0.0108691
105	0.00577114	0.00506067	0.267315	0.321635	0.00197241	0.211603	0.00483298	0.00410319	0.0223426	0.00430985	0.00340146	0.0620196	0.00201413	0.0343578	0.0157664	0.018904	0.00672201	0.00424921	0.00101606	0.00260345
106	0.049424	0.00571921	0.10106	0.0568725	0.0231003	0.00508903	0.0752043	0.00690736	0.130455	0.0592301	0.0805562	0.161419	0.00313921	0.147048	0.0322991	0.0343589	0.0123409	0.00811718	0.00166259	0.0059974
107	0.00393349	0.0016693	0.00190325	0.00210742	0.54565	0.00523721	0.00808641	0.0201778	0.0169239	0.0726124	0.0220781	0.00255461	0.000894784	0.00362811	0.025829	0.00461797	0.00273952	0.0173007	0.0362058	0.20585
108	0.190603	0.186824	0.00288522	0.00427858	0.00411962	0.0782919	0.0199079	0.00976937	0.0042175	0.017075	0.00441288	0.0184586	0.00244572	0.00966344	0.00477446	0.371455	0.0489974	0.0120795	0.00712696	0.00261313
109	0.0291621	0.0089281	0.129723	0.387866	0.00465051	0.0235892	0.0166	0.0181182	0.057606	0.0205051	0.0122571	0.0310068	0.0208186	0.0773913	0.0386709	0.0443455	0.0409393	0.0260096	0.00160961	0.0102038
110	0.494337	0.0317835	0.000897171	0.00188553	0.0030097	0.0350807	0.000696435	0.0153228	0.00326905	0.00806052	0.00531595	0.00749178	0.00069732	0.00351766	0.00462411	0.165251	0.149982	0.0660677	0.00115957	0.00154994
111	0.135186	0.0363075	0.00777356	0.0162209	0.0072363	0.0117808	0.0069641	0.0233913	0.0158191	0.0110276	0.014069	0.0225965	0.0100062	0.00859235	0.0147811	0.210066	0.338389	0.0982441	0.00271578	0.00883339
112	0.021093	0.0135737	0.00135802	0.000626305	0.0161976	0.000462586	0.00171676	0.35805	0.00342139	0.129828	0.0194748	0.00109694	0.00316864	0.00156813	0.00140985	0.00498461	0.0106669	0.404702	0.00236011	0.00424059
113	0.00270893	0.00216933	0.00189773	0.02836	0.00833506	0.00126906	0.00141513	0.229729	0.0258931	0.469621	0.0282381	0.00719012	0.000948108	0.0140195	0.0453553	0.00273378	0.0445504	0.0831337	0.000576467	0.00185635
114	0.00509242	0.00316443	0.00246168	0.00384056	0.225622	0.0021643	0.00268797	0.106435	0.00785297	0.256493	0.186813	0.00354994	0.00172074	0.0310839	0.00683547	0.00601011	0.00524533	0.063192	0.0594324	0.0203024
115	0.0540071	0.0241519	0.00511845	0.00833145	0.0238925	0.00368198	0.0570233	0.0210752	0.399177	0.0137012	0.0154014	0.00914224	0.00684126	0.151824	0.110174	0.00946125	0.00766889	0.0331991	0.00183937	0.044288
116	0.0389606	0.00455032	0.12628	0.266629	0.00244428	0.00349022	0.0085977	0.0201682	0.180739	0.0073686	0.0055078	0.0180691	0.00182683	0.0983065	0.0810155	0.0360179	0.0875807	0.00984829	0.000687083	0.00191227
117	0.0343983	0.0171832	0.000919982	0.00100124	0.0150745	0.000597222	0.00072524	0.266379	0.00344801	0.378913	0.0334897	0.00228089	0.0038663	0.00272634	0.00118804	0.00193286	0.0113605	0.219181	0.00231169	0.00302299
118	0.00452228	0.002116	0.00185813	0.00251634	0.510031	0.00158106	0.00306499	0.0755277	0.0132442	0.159783	0.0997436	0.00264549	0.00119145	0.0117969	0.00901357	0.00454637	0.0034431	0.0308927	0.0256155	0.0368662
119	0.0198797	0.0109796	0.220612	0.191907	0.00199058	0.00163804	0.0879576	0.00286641	0.047078	0.0209435	0.00871027	0.112046	0.0118414	0.0898546	0.0244107	0.0767165	0.0522803	0.00310732	0.0007388	0.014441
120	0.130464	0.00687164	0.0350827	0.0374808	0.00459269	0.00893063	0.00771221	0.00904929	0.0934974	0.0329713	0.0100723	0.0291878	0.00302726	0.0649962	0.186764	0.0721939	0.223413	0.0353045	0.00158138	0.00680782
121	0.0330174	0.00185754	0.108937	0.0371212	0.00130985	0.00744094	0.0426701	0.00261709	0.0682362	0.018512	0.00985134	0.0271474	0.469543	0.0243733	0.0122895	0.0930796	0.0259893	0.0129787	0.000796609	0.00223159
122	0.0121293	0.00601069	0.0400179	0.00832127	0.00945135	0.00536227	0.0947633	0.00818461	0.0106826	0.0352161	0.0325814	0.192795	0.00564297	0.0347649	0.00962056	0.0177588	0.102327	0.0101562	0.00444959	0.359764
123	0.0165314	0.00685146	0.0110426	0.0134598	0.268795	0.00613502	0.0120891	0.081151	0.0258405	0.162657	0.153578	0.0153853	0.00403279	0.0561626	0.022518	0.0157963	0.0141979	0.0494135	0.0343955	0.0299671
124	0.0502045	0.00996	0.0112461	0.0419825	0.0165424	0.00568058	0.0871869	0.0726597	0.193633	0.0585298	0.0509462	0.0277946	0.00681481	0.0639794	0.199094	0.02618	0.0115645	0.0403893	0.000985828	0.0246259
125	0.0166992	0.01398	0.00188587	0.00059113	0.0138073	0.000448786	0.0019867	0.378412	0.00304043	0.0605793	0.00957298	0.000620181	0.00296688	0.00114999	0.00162597	0.00625513	0.0112509	0.468576	0.00223075	0.00432105
126	0.159975	0.0233761	0.0232165	0.0051413	0.00322409	0.0208302	0.00433795	0.00623599	0.00876286	0.00712121	0.00415648	0.168363	0.00240762	0.0467292	0.112364	0.150972	0.148712	0.0988191	0.00120189	0.004054
127	0.162151	0.0426386	0.00177643	0.00318583	0.00205445	0.0123315	0.00105842	0.133435	0.00304345	0.0449746	0.00328218	0.00390512	0.01598	0.00246533	0.00544248	0.0207204	0.0560503	0.477474	0.00159647	0.00643443
128	0.126452	0.0326434	0.00395942	0.00687648	0.00297051	0.00793466	0.00287002	0.140764	0.0074148	0.076021	0.0124442	0.00453948	0.0122325	0.00621261	0.0132281	0.0162358	0.0781022	0.43977	0.00194378	0.00738544
129	0.0252392	0.00195948	0.194023	0.220241	0.00110261	0.00304884	0.0387926	0.00263708	0.066493	0.028241	0.00331677	0.039851	0.148799	0.102073	0.0241719	0.0482394	0.0326845	0.00480031	0.000599083	0.0136876
130	0.00825309	0.0170542	0.430591	0.333935	0.00242637	0.0194743	0.0124047	0.00565414	0.0205805	0.0101798	0.00813343	0.0232446	0.00387777	0.0354532	0.0108637	0.0206817	0.0248455	0.00698737	0.00114	0.00421983
131	0.084078	0.0547909	0.0145916	0.0682365	0.0136295	0.00281163	0.00263396	0.0878982	0.0354352	0.0215192	0.00314634	0.00410639	0.110515	0.00406431	0.0500821	0.0492474	0.0772836	0.288345	0.00125614	0.0263287
132	0.0953512	0.00250915	0.081275	0.155154	0.00210604	0.0298596	0.0661178	0.0305881	0.0266236	0.0291883	0.00449746	0.0537485	0.115467	0.0548254	0.0460768	0.0617759	0.0464166	0.078509	0.000783851	0.0191272
133	0.377604	0.0436582	0.00314238	0.0164714	0.00333999	0.189428	0.00338261	0.0112959	0.00467893	0.00711676	0.00723527	0.00685999	0.00855403	0.00677843	0.00838914	0.10498	0.132322	0.0468188	0.0149644	0.00297861
134	0.190322	0.0367523	0.00157469	0.00187004	0.00132424	0.013052	0.00122159	0.123359	0.00194598	0.0346537	0.00242481	0.00405547	0.0110349	0.00299998	0.00380338	0.0195086	0.0609108	0.48294	0.00173937	0.00450819
135	0.0635742	0.00576821	0.057368	0.267996	0.0057534	0.0113196	0.0130439	0.0186515	0.10348	0.0242776	0.0123107	0.0363593	0.00824412	0.095187	0.100418	0.100531	0.0375231	0.0204996	0.00156902	0.016126
136	0.0351076	0.0162571	0.000568603	0.000717397	0.0229944	0.000387432	0.000496938	0.284492	0.00444883	0.314734	0.050159	0.0026258	0.0043016	0.00317268	0.000800571	0.00106378	0.0140988	0.236492	0.00262444	0.00445692
137	0.219399	0.305829	0.00688396	0.0105037	0.0398526	0.143161	0.00981922	0.0151991	0.010926	0.046026	0.00964565	0.013379	0.00616036	0.0119701	0.0127084	0.0798867	0.0251384	0.0208267	0.00526407	0.0074214
138	0.0988838	0.0148688	0.00839299	0.0105194	0.00612776	0.686902	0.0062733	0.00451735	0.0132801	0.00600333	0.00539427	0.0199912	0.00465966	0.014818	0.0087064	0.0582902	0.0122337	0.00662848	0.00554529	0.00796402
139	0.487559	0.0317953	0.00125367	0.00253896	0.00302985	0.0392606	0.000772311	0.0152019	0.00352044	0.00803642	0.00544024	0.00764171	0.00115378	0.00368108	0.00449727	0.159833	0.154709	0.0669832	0.00141394	0.0016778
140	0.0220821	0.0105083	0.00193182	0.011662	0.0153803	0.000677266	0.00123683	0.252776	0.0113456	0.381205	0.0455616	0.00402915	0.00289826	0.00732493	0.0158081	0.00169596	0.0309832	0.176765	0.00165415	0.00447571
141	0.0432724	0.00753252	0.0414147	0.0801922	0.00676758	0.0485165	0.0291574	0.0148323	0.209353	0.0232074	0.0163209	0.111006	0.0167524	0.0680131	0.158897	0.0529223	0.0369097	0.015618	0.00171068	0.0176037
142	0.0278748	0.0107863	0.046457	0.0397978	0.0060447	0.0288401	0.0320998	0.0131261	0.0486777	0.0203835	0.0162729	0.360322	0.116047	0.0279375	0.0293803	0.0849128	0.0555511	0.0179464	0.00297204	0.01457
143	0.0175988	0.0145092	0.00188582	0.00058972	0.0130732	0.000471169	0.00190195	0.383314	0.00286656	0.055509	0.00831386	0.000599626	0.00286918	0.00106757	0.00150274	0.00634559	0.0108368	0.470382	0.00221781	0.00414535
144	0.0136462	0.0113703	0.00170428	0.000593632	0.0175788	0.000407116	0.00249322	0.383616	0.00386869	0.0550705	0.00987834	0.000626676	0.00291727	0.00105747	0.00179295	0.00657099	0.00925981	0.470157	0.0020517	0.00533836
145	0.435986	0.0265491	0.00497237	0.00995794	0.00449931	0.258144	0.00365509	0.00738588	0.00620644	0.00754451	0.00766	0.00875964	0.0323398	0.0102386	0.0134143	0.0705378	0.0671042	0.0157851	0.00561642	0.00364348
146	0.0344609	0.016247	0.000651861	0.000789713	0.022889	0.00038298	0.000597568	0.283869	0.00444371	0.310392	0.0504972	0.00254314	0.0043313	0.00328652	0.000855226	0.00115374	0.0151213	0.240088	0.00272948	0.00467048
147	0.555563	0.0324574	0.00162277	0.0039525	0.00219037	0.227883	0.00148171	0.00507511	0.0022022	0.00367234	0.00624411	0.00289421	0.00581117	0.00702175	0.0102715	0.0905662	0.0212605	0.0146342	0.00315346	0.00204261
148	0.493297	0.0638834	0.00113842	0.00248058	0.00476573	0.0701181	0.00133511	0.0200806	0.00265307	0.00772372	0.00590251	0.00627018	0.001479	0.0037751	0.00440294	0.142497	0.0869144	0.0776852	0.00201452	0.00158308
149	0.0701083	0.00958454	0.0108587	0.012616	0.00649962	0.758285	0.00498874	0.00450428	0.0134114	0.00367938	0.00399712	0.0195977	0.00374655	0.0143795	0.00767809	0.0296859	0.00763293	0.00593034	0.00565375	0.00716231
150	0.034173	0.0167769	0.000910326	0.00135587	0.0285097	0.000594323	0.000934674	0.288998	0.00606016	0.306934	0.0527837	0.00319821	0.00411226	0.00416304	0.00176654	0.00138649	0.0142506	0.224379	0.00315907	0.00555422
151	0.174664	0.103432	0.00257436	0.00362096	0.0106446	0.0115285	0.00200189	0.125564	0.00384081	0.0129056	0.0078239	0.0054138	0.0056231	0.0053675	0.00475878	0.0969872	0.0886077	0.327033	0.00351614	0.00409152
152	0.0187846	0.00971758	0.338655	0.185427	0.00521816	0.00508841	0.0202735	0.0265184	0.0388122	0.0444622	0.0423926	0.0403332	0.00772331	0.0403218	0.0237181	0.0391963	0.0812637	0.0206429	0.00240083	0.00905036
153	0.152233	0.0107603	0.00416775	0.00687067	0.00490654	0.688945	0.00402574	0.00353401	0.00973271	0.00308193	0.00407644	0.0145027	0.00348198	0.0124798	0.00792273	0.0380409	0.0137439	0.00675041	0.00478689	0.00595714
154	0.0574077	0.00880065	0.00896618	0.0188898	0.0119963	0.0100027	0.0117377	0.0200307	0.065168	0.275546	0.29479	0.0194325	0.00583796	0.0152052	0.0550654	0.0616575	0.0211574	0.0236363	0.00660326	0.00806869
155	0.0282106	0.024304	0.0547074	0.0812316	0.00111344	0.319513	0.0303213	0.00653	0.129374	0.0068196	0.00599493	0.140292	0.00397592	0.0704418	0.0384179	0.0422033	0.00710179	0.00243939	0.000911293	0.00609647
156	0.0356073	0.0145048	0.0353979	0.0349459	0.00616971	0.028695	0.0240848	0.0118905	0.0376073	0.0157757	0.0159496	0.4364	0.0266942	0.0260621	0.0265074	0.114701	0.0733742	0.0179775	0.00327446	0.0143801
157	0.254908	0.030759	0.00251521	0.00405647	0.00251135	0.0160102	0.00214478	0.00921346	0.0052167	0.00624488	0.00897076	0.0137357	0.00537978	0.00431884	0.00495701	0.231806	0.332149	0.0612756	0.00105217	0.00277552
158	0.0928868	0.00899903	0.038455	0.101206	0.011512	0.0209241	0.0170909	0.0173857	0.203569	0.0295494	0.0216938	0.0468672	0.00680708	0.0712983	0.153017	0.073312	0.0453621	0.0246264	0.00137386	0.0140645
159	0.482557	0.0528373	0.00109858	0.00204534	0.00320244	0.0532486	0.00317173	0.0148539	0.00274241	0.00925706	0.00487963	0.0081422	0.0012255	0.00353245	0.00387922	0.202474	0.0994802	0.0481874	0.0016183	0.00156714
160	0.44444	0.031085	0.00275721	0.00516397	0.00321764	0.0759255	0.00193099	0.015724	0.00526138	0.00879884	0.00613059	0.00917796	0.00454809	0.00524915	0.00731812	0.133941	0.166025	0.0675992	0.00320067	0.00250595
161	0.0148039	0.00922548	0.00156815	0.00085989	0.0176366	0.000531119	0.00244559	0.443186	0.00388572	0.0470431	0.0106637	0.000925616	0.00251376	0.0020712	0.00193437	0.00722579	0.0101221	0.415662	0.00258913	0.00510759
162	0.018857	0.0104886	0.0123797	0.0205928	0.0200431	0.0065215	0.00977051	0.354585	0.0195268	0.0407027	0.213228	0.0147333	0.00634657	0.1284	0.0173473	0.0243048	0.0306397	0.0328911	0.00661744	0.0120248
163	0.0473764	0.0144536	0.0263048	0.0551399	0.0158198	0.022466	0.0252752	0.0339663	0.182752	0.0473136	0.0249756	0.0392434	0.0124215	0.0452894	0.265985	0.0439003	0.0403064	0.0309456	0.00588892	0.0201765
164	0.00806361	0.00349453	0.00370151	0.0275362	0.0137244	0.00179358	0.0025658	0.240206	0.0322019	0.406612	0.0287896	0.0125777	0.00125322	0.0203247	0.0561915	0.00525907	0.0460956	0.0842591	0.0013828	0.00396764
165	0.0830788	0.0108689	0.00774665	0.0109024	0.00694573	0.730564	0.00654817	0.00569768	0.013246	0.00632882	0.00491702	0.0201348	0.0051526	0.016273	0.00926522	0.0331651	0.00912868	0.00622142	0.00539299	0.0084214
166	0.00485785	0.00304178	0.00258023	0.00369759	0.233875	0.0021452	0.00217545	0.108042	0.00838438	0.257138	0.193181	0.00349021	0.00171085	0.0326583	0.00570928	0.00606718	0.00534428	0.0604587	0.0513419	0.0141018
167	0.0118473	0.00542774	0.00542419	0.0783154	0.00402124	0.0341046	0.0295997	0.0344114	0.143687	0.153813	0.164653	0.0557329	0.00324075	0.00780665	0.0387079	0.059432	0.0561663	0.082205	0.0262155	0.00518845
168	0.0444525	0.00770802	0.127501	0.222067	0.00569812	0.0118682	0.0375753	0.0173816	0.0524374	0.0367024	0.0100167	0.0335944	0.154945	0.0673078	0.0290513	0.0564497	0.0384563	0.0293595	0.00152505	0.0159022
169	0.0345285	0.00997119	0.0195307	0.049556	0.0130774	0.00102344	0.0111026	0.216481	0.0238826	0.166356	0.124918	0.00916593	0.00222815	0.0310696	0.0187963	0.00701921	0.0895493	0.151404	0.00134279	0.0189974
170	0.0113234	0.00493197	0.00548017	0.0103593	0.00468692	0.00446591	0.00701176	0.198005	0.11913	0.0607172	0.0610954	0.00839072	0.00364133	0.056324	0.122899	0.0601019	0.034712	0.173454	0.0269094	0.0263602
171	0.0742807	0.0039144	0.0427599	0.125841	0.00920496	0.0183098	0.0124956	0.0113495	0.220807	0.0292646	0.0194008	0.0547096	0.00122649	0.0820114	0.168233	0.0621716	0.0364553	0.0154076	0.000193847	0.0119628
172	0.0926841	0.00660405	0.0104184	0.0274741	0.197007	0.013063	0.0222226	0.0412045	0.011118	0.210502	0.0402199	0.0179987	0.0274322	0.0264768	0.0168072	0.0914867	0.0117626	0.0266325	0.00821004	0.100676
173	0.441597	0.0549893	0.001151	0.00244658	0.00266479	0.0640128	0.00215744	0.0271583	0.00304812	0.00803249	0.00847892	0.0103587	0.00110152	0.00382354	0.00444639	0.199054	0.103262	0.0588496	0.00156491	0.00180309
174	0.0662652	0.00380754	0.0465037	0.132407	0.00900155	0.0179484	0.0117532	0.0105202	0.22233	0.0305229	0.0206266	0.0532747	0.0011298	0.0826547	0.173765	0.0578001	0.0342502	0.01411	0.000168556	0.0111597
175	0.0277252	0.00470274	0.0297991	0.0818956	0.0116706	0.00099028	0.0161361	0.186469	0.0367342	0.128404	0.144636	0.0122209	0.000701253	0.0438933	0.0287046	0.00813933	0.109999	0.101916	0.000638836	0.0246239
176	0.00385762	0.00158882	0.00186915	0.0020309	0.559826	0.00554898	0.00845824	0.0154291	0.0179206	0.0649791	0.0161266	0.00241359	0.000898049	0.00264521	0.0278989	0.00449477	0.00258557	0.0151528	0.0280376	0.218239
177	0.0308764	0.00370337	0.10722	0.41128	0.00198917	0.00325237	0.00919325	0.0126159	0.072174	0.00701269	0.00478101	0.0225457	0.00609088	0.131132	0.0487919	0.0379799	0.0514612	0.0331284	0.00102001	0.00375115
178	0.0529022	0.0275761	0.0275449	0.0652107	0.01804	0.0189938	0.0216135	0.121124	0.0472124	0.0481578	0.0351916	0.0309974	0.0158244	0.106073	0.0430544	0.191815	0.0463461	0.0534866	0.0081407	0.0206955
179	0.238666	0.212247	0.00312986	0.00469837	0.0110751	0.0592881	0.0151953	0.0189192	0.00544946	0.0159371	0.00699634	0.0147943	0.00233831	0.0093012	0.00508928	0.291588	0.0485094	0.0277207	0.00651528	0.00254254
180	0.195035	0.0161905	0.00235783	0.005102	0.00482388	0.644726	0.00285084	0.00502004	0.00380767	0.00392735	0.00471616	0.00728587	0.00416381	0.00980458	0.00678008	0.0459364	0.0163833	0.0104399	0.00506638	0.00558274
181	0.0065632	0.00636029	0.00134881	0.000685192	0.0321782	0.000392611	0.00418812	0.357344	0.00635504	0.0548154	0.0130746	0.000761219	0.00381234	0.000759027	0.0027007	0.00632045	0.00539981	0.486775	0.00110382	0.00906282
182	0.537733	0.036361	0.00201807	0.00458933	0.00256054	0.131783	0.00216226	0.0111443	0.00283765	0.00592698	0.00580209	0.00570075	0.00373766	0.00538575	0.00730548	0.129716	0.0610355	0.0397042	0.00268941	0.00180603
183	0.0259054	0.00607768	0.256725	0.218082	0.00242535	0.0206292	0.0343688	0.00734347	0.0546458	0.0187883	0.00757526	0.0785099	0.0291955	0.0660396	0.0314862	0.0805937	0.0401879	0.011708	0.000940561	0.00877239
184	0.0242867	0.0122025	0.00104012	0.00106766	0.0246922	0.000387745	0.00187907	0.30649	0.00572987	0.218558	0.0328941	0.00216061	0.00385567	0.00234744	0.00254426	0.00344406	0.0110855	0.337857	0.00202041	0.0054571
185	0.00742131	0.00714529	0.00141493	0.000524531	0.0275891	0.000372717	0.00402043	0.355463	0.0059373	0.0562227	0.0121704	0.00062878	0.0032683	0.00064667	0.00248129	0.00621155	0.00587919	0.493549	0.00112137	0.00793177
186	0.453531	0.032961	0.00151513	0.00349192	0.00305267	0.0310208	0.00124189	0.0193202	0.00487907	0.00806961	0.00772246	0.00841541	0.00103021	0.00413725	0.0049102	0.147953	0.160607	0.101844	0.0013604	0.00293682
187	0.0284357	0.0339466	0.00428365	0.00567016	0.00253392	0.00357984	0.00394283	0.00515034	0.00600394	0.00603285	0.014281	0.0219751	0.0226753	0.00557637	0.00505207	0.321714	0.468658	0.0353621	0.0014206	0.00370506
188	0.0808728	0.324009	0.00619355	0.0115347	0.0584041	0.010685	0.00792596	0.0911719	0.0109209	0.0115789	0.0345269	0.0096535	0.00522182	0.00854668	0.00977267	0.144053	0.0376721	0.128555	0.00209252	0.00660877
189	0.0699175	0.00892155	0.0108358	0.00983596	0.160275	0.00587527	0.0578878	0.0245124	0.0155538	0.106188	0.0753183	0.0477679	0.00434964	0.0145514	0.0145697	0.157463	0.0255086	0.0146741	0.0051651	0.170829
190	0.411232	0.0315785	0.00220974	0.00454065	0.00308382	0.351217	0.00217283	0.00609176	0.00323659	0.00385231	0.0115787	0.00506041	0.00573333	0.013147	0.0175534	0.0769001	0.0277747	0.0156128	0.00393894	0.00348571
191	0.0310717	0.015547	0.0441029	0.055099	0.00448821	0.283569	0.0621725	0.00832479	0.121761	0.0101211	0.00850375	0.163214	0.0132062	0.0576053	0.0376589	0.0440114	0.0163252	0.00796823	0.00292944	0.0123206
192	0.0188397	0.00983757	0.0147472	0.0330527	0.00461964	0.0114084	0.0127395	0.00970327	0.380176	0.0465343	0.0097278	0.0177061	0.00378176	0.0330348	0.33256	0.0243783	0.0186051	0.00938842	0.00100143	0.008158
