271	20
1	0.0349218	0.0133909	0.169012	0.261888	0.00209411	0.0226121	0.0167815	0.0679519	0.0483973	0.034247	0.0259995	0.0602775	0.0263033	0.0659785	0.00821995	0.0379638	0.029032	0.060326	0.000543683	0.0140587
2	0.0888186	0.0056526	0.182638	0.174755	0.00379667	0.042266	0.0276547	0.00933685	0.0674226	0.0115325	0.00507739	0.0973687	0.00466111	0.0443579	0.0577949	0.120527	0.0334677	0.0181389	0.000372501	0.00435994
3	0.043509	0.0137988	0.0575916	0.138858	0.00776871	0.023708	0.0618729	0.0901676	0.0886576	0.021948	0.0139365	0.0371617	0.100996	0.0437965	0.0527532	0.0820898	0.0386219	0.0712399	0.00237716	0.00914649
4	0.0052846	0.00195903	0.00113146	0.0125451	0.031472	0.000833125	0.00107567	0.442054	0.00411351	0.194931	0.135962	0.00559207	0.00201323	0.00569903	0.0073847	0.00171198	0.00341387	0.131055	0.000261803	0.0115073
5	0.0471341	0.101341	0.016145	0.0195324	0.0198502	0.0158284	0.0163237	0.0517648	0.0217727	0.330428	0.0836398	0.0312054	0.00523809	0.0689382	0.0130352	0.036708	0.0277644	0.0686515	0.00215408	0.0225447
6	0.0354668	0.00193155	0.0298893	0.0460859	0.0019066	0.00241973	0.00913664	0.00851235	0.274183	0.0179576	0.0668923	0.0314616	0.0013298	0.196066	0.119764	0.00460319	0.0942175	0.0530282	0.000691951	0.00445598
7	0.0544186	0.00227116	0.214774	0.400985	0.00181227	0.0136091	0.00279597	0.00299607	0.0471871	0.00452674	0.00328659	0.0237724	0.116706	0.0154982	0.00323124	0.0705596	0.0146059	0.00433989	0.000591958	0.0020324
8	0.0115634	0.00405001	0.0680369	0.098692	0.0032827	0.00620068	0.00658407	0.00472263	0.0531048	0.0227912	0.00482905	0.444372	0.0204106	0.0268076	0.0054241	0.0654245	0.128326	0.0186221	0.00111613	0.00563958
9	0.0261978	0.0199668	0.0967302	0.0547604	0.00340527	0.142629	0.0384762	0.01285	0.194346	0.0070823	0.00568607	0.0908595	0.0776922	0.0240869	0.0152203	0.122969	0.027927	0.0330976	0.000773479	0.00524321
10	0.0476955	0.00197763	0.150043	0.0503829	0.0281567	0.0587995	0.171393	0.00385578	0.0739102	0.00318714	0.0115095	0.14001	0.00105301	0.0965359	0.109492	0.0400535	0.00650164	0.00337809	0.000372414	0.00169295
11	0.061187	0.0106812	0.141562	0.0845909	0.014284	0.0396799	0.0619792	0.010928	0.0898161	0.0172284	0.014969	0.12111	0.00626701	0.0580645	0.13199	0.0650344	0.0325394	0.0219386	0.0020596	0.0140903
12	0.00655391	0.00135507	0.00173318	0.002354	0.508688	0.00130111	0.0131826	0.0146451	0.0143212	0.153579	0.0297094	0.0148039	0.00064981	0.0104665	0.0129216	0.0193904	0.0294403	0.00379829	0.0558719	0.105234
13	0.0326246	0.0792602	0.0115243	0.0226097	0.00988332	0.0101565	0.0097008	0.0446339	0.015345	0.0263895	0.0246235	0.0180535	0.00455257	0.0243777	0.022836	0.164896	0.295955	0.172953	0.00116709	0.00845683
14	0.00621873	0.0087271	0.0011739	0.00393983	0.0164656	0.000929637	0.00112746	0.142	0.00542583	0.654857	0.080802	0.00293411	0.000501453	0.00714221	0.00448607	0.00242966	0.00385277	0.0548278	0.000202907	0.00195609
15	0.00630902	0.00139281	0.00202305	0.00258365	0.5153	0.00158655	0.0122702	0.0150157	0.012545	0.171657	0.0286421	0.0148055	0.000901616	0.00968299	0.0152614	0.0177922	0.0265259	0.00425	0.0462862	0.0951686
16	0.0565833	0.00901068	0.0395029	0.0310125	0.00523186	0.0245581	0.0357651	0.010385	0.0327125	0.0202744	0.00913314	0.0198951	0.519386	0.0235123	0.0153934	0.0914126	0.0364368	0.0130131	0.00134634	0.00543501
17	0.00790971	0.00406345	0.00160205	0.00938084	0.0269864	0.00111496	0.00155286	0.333302	0.00639134	0.341675	0.123432	0.00616927	0.00156073	0.00852846	0.00691463	0.00343281	0.00515939	0.102098	0.00029124	0.00843491
18	0.0160521	0.00146169	0.0119435	0.0682911	0.00144812	0.00188965	0.023076	0.0218777	0.382774	0.0124107	0.0274189	0.014204	0.000875835	0.24343	0.1008	0.00341384	0.0340018	0.0255245	0.000647412	0.00845923
19	0.0114924	0.00953178	0.0148236	0.0297797	0.114858	0.0029085	0.151726	0.00624233	0.00486337	0.00526177	0.00606067	0.00547092	0.00154776	0.00464861	0.00628842	0.00562541	0.00487375	0.0150982	0.0207852	0.578113
20	0.0338054	0.00314297	0.0564312	0.0190151	0.00252459	0.0305787	0.194336	0.00403771	0.0632125	0.0179427	0.00463075	0.0487957	0.38876	0.0453445	0.0452415	0.00606928	0.0273413	0.00555219	0.000686422	0.0025522
21	0.100521	0.00997184	0.158347	0.194645	0.00108633	0.0495568	0.0165468	0.00876481	0.101086	0.0229382	0.00192105	0.0468139	0.00161529	0.0608112	0.054045	0.0860362	0.0531151	0.0305743	0.000259902	0.00134482
22	0.00255365	0.00110536	0.000943439	0.00114662	0.0205561	0.000625947	0.00185061	0.555698	0.00474722	0.0624902	0.00549951	0.00328859	0.000488796	0.000988783	0.000731137	0.00570679	0.00429214	0.325573	0.000159235	0.00155451
23	0.00898182	0.00276748	0.00352645	0.00568	0.446283	0.00193141	0.0278047	0.0143134	0.0145235	0.128955	0.0294196	0.0139292	0.000810619	0.0111943	0.0126118	0.0189003	0.0249111	0.00662119	0.0555075	0.171328
24	0.0813973	0.0032746	0.131106	0.124766	0.0116442	0.0523269	0.0902934	0.00455581	0.0936713	0.00876602	0.00566291	0.0920882	0.00161898	0.101219	0.0780002	0.0788208	0.024889	0.0138522	0.00026695	0.00178014
25	0.0740345	0.00762715	0.00585023	0.00736509	0.295859	0.00513384	0.00819981	0.0124772	0.0645203	0.0500592	0.18226	0.0176957	0.00293755	0.0437129	0.0327585	0.0384483	0.0152797	0.00936966	0.0453095	0.0811026
26	0.0203202	0.010429	0.0112726	0.0131267	0.219188	0.00280323	0.0996702	0.010213	0.0338873	0.0395569	0.0261331	0.0212256	0.00390835	0.0114108	0.0573191	0.0126195	0.0183041	0.0241787	0.0180477	0.346386
27	0.0120274	0.00625178	0.00870513	0.0214748	0.00150262	0.0134016	0.0123408	0.00577706	0.467076	0.00945162	0.00910452	0.0196759	0.00748067	0.0521098	0.287507	0.0316358	0.0192966	0.0105134	0.00290677	0.00176014
28	0.0167249	0.00146413	0.0142907	0.0697506	0.00148794	0.00199847	0.0217812	0.0214234	0.374384	0.0121424	0.0290042	0.0158268	0.000902513	0.243874	0.100407	0.00381617	0.0360695	0.0258593	0.000589984	0.0082035
29	0.176082	0.00936303	0.0136922	0.0968649	0.00775966	0.0159225	0.0673688	0.0656951	0.0197995	0.0415724	0.0582188	0.0218606	0.00450813	0.218364	0.0162925	0.0486546	0.0243932	0.082937	0.00310987	0.00754184
30	0.0212217	0.00651906	0.00614717	0.219424	0.00470885	0.0123727	0.0169074	0.0444478	0.0308665	0.123997	0.0611004	0.0146649	0.00351382	0.1631	0.0341422	0.0323279	0.0188269	0.18017	0.00146431	0.00407812
31	0.210658	0.0584813	0.0344848	0.0312011	0.0089844	0.0527609	0.0153562	0.0113624	0.0784634	0.025309	0.0118395	0.0521633	0.0100841	0.0277421	0.033856	0.260019	0.0420036	0.0237259	0.00136038	0.0101442
32	0.226357	0.115182	0.00962422	0.00663543	0.00361864	0.0989428	0.0128822	0.00475436	0.0457214	0.0495106	0.00543082	0.080783	0.00342154	0.0109976	0.0428589	0.246865	0.0212697	0.00847675	0.000983281	0.00568493
33	0.00961132	0.00644543	0.00292182	0.00473068	0.476308	0.00233923	0.0296105	0.0262898	0.0115038	0.110923	0.0258835	0.0133613	0.00121054	0.0103721	0.0121032	0.0176577	0.0305846	0.0131245	0.038216	0.156803
34	0.0346098	0.0127333	0.0152448	0.0226481	0.257667	0.0132106	0.0265642	0.0248621	0.036398	0.08522	0.0478458	0.0286926	0.00839649	0.0329276	0.0239967	0.0393472	0.0309612	0.0228175	0.131875	0.103981
35	0.0964627	0.0173101	0.0135237	0.0239027	0.00757284	0.0207943	0.010572	0.0139185	0.0244389	0.0196812	0.0197026	0.0528911	0.00470718	0.0346453	0.0139772	0.113422	0.413057	0.0900485	0.00125628	0.00811556
36	0.434706	0.00874475	0.00846361	0.00877993	0.00626553	0.0155296	0.00668512	0.0138139	0.0105073	0.0117314	0.038264	0.0117627	0.00371262	0.00999598	0.00737456	0.0135114	0.103304	0.279312	0.00149723	0.00603774
37	0.00755747	0.00116885	0.427212	0.394117	0.000887696	0.00170313	0.00422069	0.00226035	0.0221999	0.00211256	0.00568899	0.0686669	0.00318291	0.0178439	0.00361128	0.0207745	0.00697253	0.0077694	0.000242716	0.00180769
38	0.0228143	0.00282573	0.33086	0.364335	0.00245657	0.00954562	0.0124889	0.00727633	0.0316884	0.00683792	0.00771397	0.0847999	0.00662044	0.0326639	0.0119942	0.0332889	0.014787	0.0123723	0.000517011	0.00411404
39	0.00991129	0.0037059	0.00122474	0.0103338	0.0295886	0.00082919	0.00185223	0.45301	0.00415081	0.168816	0.108834	0.00591172	0.00200097	0.00460087	0.00559741	0.00582586	0.00344547	0.166429	0.000276018	0.0136562
40	0.0241416	0.00927776	0.344434	0.12639	0.00520614	0.0386709	0.0181325	0.00665705	0.0195304	0.0112788	0.00810584	0.24834	0.00555418	0.0197965	0.00919539	0.0427242	0.0239712	0.0108609	0.000837307	0.026895
41	0.00811984	0.00217212	0.00261074	0.00287801	0.498266	0.00168421	0.0131367	0.015761	0.0142851	0.162928	0.0405762	0.0157195	0.000914446	0.0121336	0.0155878	0.0201526	0.026938	0.00506568	0.0476811	0.0933896
42	0.168293	0.0290165	0.0316594	0.00826292	0.00309144	0.195832	0.0334596	0.00432872	0.0264099	0.0131655	0.00401985	0.041798	0.0017128	0.00859204	0.022437	0.334421	0.0273679	0.0268587	0.000610576	0.0186629
43	0.0945418	0.0148452	0.04446	0.0467662	0.00359034	0.0551243	0.0418003	0.00975224	0.14662	0.00800719	0.00685468	0.0747866	0.0209069	0.0857246	0.0518312	0.134583	0.0997599	0.0470494	0.000238681	0.0127569
44	0.0298844	0.00655596	0.428194	0.198224	0.00393015	0.0209073	0.0345079	0.00872243	0.0330734	0.0111169	0.00884143	0.075711	0.00784008	0.0348871	0.0150252	0.0382636	0.0174332	0.0156954	0.00114596	0.0100407
45	0.0540684	0.00832046	0.00503292	0.00445727	0.0155138	0.00774806	0.00438703	0.0730462	0.0275704	0.342601	0.209036	0.037341	0.00105117	0.0404358	0.0037235	0.0273404	0.035336	0.0832753	0.00081947	0.0188959
46	0.0906749	0.014656	0.042843	0.0502728	0.00456286	0.0527856	0.0393483	0.0124642	0.159172	0.00803199	0.00569396	0.06718	0.0222229	0.0811007	0.0550731	0.116324	0.109627	0.0592701	0.000191052	0.00850507
47	0.0119175	0.00570374	0.583341	0.0138147	0.00508262	0.00692673	0.183497	0.00819356	0.0103886	0.00944849	0.00806347	0.0120962	0.00331962	0.0636369	0.00744428	0.0118134	0.0103441	0.0107618	0.00143607	0.0327695
48	0.00659135	0.00134614	0.0017863	0.00258501	0.510467	0.00137874	0.0130964	0.0142071	0.0137495	0.15539	0.0297704	0.0145029	0.000701813	0.0101934	0.0133631	0.019432	0.028784	0.00384825	0.0560135	0.102793
49	0.0589047	0.00186059	0.255413	0.292029	0.00168623	0.00367483	0.0496633	0.0240724	0.0445666	0.0128981	0.0106618	0.0623087	0.00739138	0.0679161	0.0194053	0.0413896	0.0172346	0.0215099	0.000248494	0.0071658
50	0.023093	0.0156882	0.411288	0.0431379	0.00263229	0.0921256	0.0165572	0.00345445	0.00476122	0.00473854	0.00382751	0.301941	0.00138935	0.00551595	0.00360957	0.0462484	0.00595168	0.0049018	0.00100834	0.00812999
51	0.036375	0.0123641	0.0582152	0.333043	0.00841162	0.0122346	0.0190107	0.0246303	0.0534842	0.0400733	0.0619651	0.0287959	0.00562887	0.138332	0.0342828	0.0315644	0.0292312	0.0578738	0.00354809	0.0109359
52	0.00571666	0.00771373	0.00840063	0.0209252	0.000745294	0.011305	0.013379	0.00241812	0.418441	0.00955719	0.00605285	0.0176639	0.0029122	0.054243	0.38091	0.0193602	0.0113875	0.00604401	0.00208128	0.000743259
53	0.0187442	0.00220319	0.016203	0.00937503	0.081603	0.00260575	0.302284	0.00267423	0.0792969	0.0115486	0.0343778	0.042813	0.00817564	0.0116893	0.111294	0.00454755	0.0282	0.0286728	0.000735073	0.202957
54	0.0105324	0.00370368	0.0042944	0.00444606	0.44789	0.00268437	0.0275587	0.0149156	0.0264469	0.138284	0.031379	0.0182303	0.00204873	0.0130033	0.0213982	0.019854	0.0265915	0.00837241	0.0452104	0.133155
55	0.00229679	0.00106645	0.000935735	0.00107027	0.0200353	0.000621497	0.00194203	0.557652	0.00468652	0.0605234	0.004673	0.00322978	0.000436526	0.000955355	0.000658479	0.00566757	0.00439479	0.327633	0.000155752	0.0013661
56	0.00950393	0.00454376	0.00603396	0.027088	0.0248936	0.0280703	0.0250078	0.00547829	0.300106	0.00714651	0.00612598	0.00876055	0.00250937	0.00781413	0.00562965	0.466869	0.0516692	0.00789087	0.00131637	0.00354219
57	0.0229724	0.00322355	0.0194271	0.0206732	0.0635893	0.00388672	0.179566	0.00379868	0.0773931	0.0140638	0.0472492	0.064368	0.0094713	0.0159731	0.14987	0.00727166	0.0365932	0.0279702	0.000752077	0.231887
58	0.00344328	0.00155955	0.000973961	0.00180719	0.0209258	0.000632788	0.0018656	0.546337	0.00484433	0.0720651	0.0127642	0.00336553	0.000687212	0.00128638	0.00117733	0.0058289	0.00486418	0.313224	0.000148836	0.00219824
59	0.0103807	0.00585118	0.00176506	0.00568961	0.0243242	0.00103411	0.00249406	0.395087	0.00507397	0.261246	0.0638828	0.00550218	0.00169905	0.00430846	0.00385164	0.0081195	0.00383597	0.188314	0.000257376	0.00728362
60	0.270725	0.137269	0.00943736	0.0171044	0.0226929	0.0239901	0.0125324	0.0844885	0.0167862	0.0494896	0.0284241	0.0216427	0.0119943	0.0254327	0.00750762	0.138085	0.033335	0.0641814	0.00213702	0.0227442
61	0.00715382	0.00181182	0.00203449	0.00263315	0.50349	0.0014403	0.0139105	0.0171433	0.0139398	0.158212	0.0295192	0.0147894	0.000839589	0.0103811	0.0135216	0.0188604	0.0277437	0.00542008	0.0501409	0.107016
62	0.0232782	0.0105007	0.00507878	0.00660643	0.427151	0.00414388	0.0237131	0.01679	0.0160949	0.112374	0.0303229	0.0161176	0.00203944	0.0129615	0.0147809	0.0405754	0.0250313	0.0144297	0.0398213	0.158188
63	0.324076	0.0628595	0.0150551	0.0198069	0.0176374	0.020941	0.0114573	0.0667937	0.0171253	0.0337972	0.022844	0.0230041	0.0121657	0.0249558	0.00773943	0.229174	0.0317303	0.0401807	0.00266476	0.0159914
64	0.226699	0.0570718	0.0195574	0.00959351	0.00400696	0.165319	0.0154563	0.00575144	0.0274287	0.0387866	0.00567593	0.0769341	0.00669614	0.0135344	0.0223334	0.24823	0.0329145	0.0127764	0.0011411	0.0100931
65	0.162369	0.0479136	0.0490034	0.045016	0.00327089	0.0856822	0.0224197	0.00648066	0.103014	0.0221456	0.00514586	0.0628555	0.0054709	0.0317083	0.0665452	0.205394	0.0466565	0.0222696	0.000637453	0.00600161
66	0.027527	0.00611204	0.422644	0.218441	0.00405138	0.0172636	0.0335767	0.00794827	0.0316074	0.010563	0.00935996	0.0764633	0.0077935	0.0296068	0.0133063	0.0396283	0.0183949	0.0156668	0.00111446	0.00893065
67	0.0653645	0.0142498	0.0450615	0.0516497	0.0081114	0.173903	0.0648251	0.0440006	0.0675017	0.0259203	0.0112713	0.097358	0.00854939	0.0468708	0.0262896	0.128448	0.0714298	0.0365756	0.00307784	0.00954175
68	0.0181671	0.00756277	0.00646609	0.0507559	0.0245095	0.00641116	0.00771095	0.355953	0.0106559	0.174224	0.0916492	0.0135743	0.00361065	0.0219881	0.0103973	0.0158576	0.0121827	0.157058	0.000745691	0.0105194
69	0.0471197	0.0548402	0.0162921	0.0253011	0.0769486	0.0206275	0.0395944	0.0869466	0.0231887	0.0674912	0.0420906	0.0301489	0.00686973	0.0252399	0.0187563	0.0394574	0.0336293	0.177056	0.00568083	0.162721
70	0.0664189	0.01205	0.0121441	0.0603807	0.0522068	0.055199	0.0148559	0.10961	0.0170802	0.175073	0.0285493	0.198301	0.00474831	0.0284288	0.011289	0.0276154	0.0279809	0.0853099	0.00191906	0.0108403
71	0.0450294	0.0093987	0.150202	0.273854	0.00410931	0.0231153	0.0204295	0.0125069	0.0976551	0.0156753	0.0092916	0.107956	0.0119964	0.0545399	0.0356538	0.0539563	0.0407105	0.0263377	0.00102398	0.00655854
72	0.0433959	0.0446593	0.0210308	0.0275132	0.0440647	0.0166108	0.0344737	0.0310303	0.0422921	0.0644661	0.110821	0.132352	0.00675189	0.108463	0.0308773	0.0336693	0.0300469	0.0434952	0.0129654	0.121021
73	0.00891801	0.00670092	0.00114873	0.00650207	0.0293719	0.00132776	0.00171717	0.342515	0.00461706	0.358203	0.0775188	0.00455664	0.001518	0.00487464	0.00456232	0.00538248	0.00346419	0.129131	0.000451117	0.00751935
74	0.102142	0.118294	0.0112305	0.0137852	0.0109524	0.0725765	0.0108995	0.0653229	0.00664794	0.0869403	0.010742	0.0346515	0.00227591	0.0166531	0.00456559	0.0109518	0.0791336	0.333485	0.000832237	0.0079187
75	0.0578561	0.00592482	0.00826226	0.139508	0.00561083	0.0459023	0.0283786	0.0635277	0.0136323	0.104938	0.0352454	0.0385172	0.00283272	0.139102	0.0278353	0.110844	0.0534857	0.113835	0.000857217	0.00390561
76	0.020465	0.0960096	0.0162093	0.0196959	0.00910666	0.0111609	0.0134705	0.0106893	0.116419	0.017651	0.0145637	0.389209	0.00588487	0.0698164	0.115604	0.0201002	0.0214862	0.0173209	0.00266123	0.0124771
77	0.0104727	0.00510966	0.00369151	0.00387768	0.346304	0.0019007	0.0129758	0.0585924	0.0133416	0.272919	0.0707463	0.0153295	0.00107334	0.0123159	0.0137483	0.0188118	0.0207948	0.0234379	0.031605	0.0629515
78	0.18695	0.151475	0.00680255	0.0113626	0.0200307	0.00538709	0.00596518	0.0177268	0.0112317	0.0766501	0.083953	0.010656	0.00511395	0.0126868	0.00576443	0.203172	0.0743148	0.0378791	0.00170588	0.0711714
79	0.0939297	0.0176814	0.044624	0.0480337	0.00337012	0.052696	0.0369943	0.0094716	0.144475	0.00876223	0.00564079	0.0754783	0.0179075	0.0816886	0.0542135	0.142112	0.103998	0.0482813	0.000198093	0.0104439
80	0.0536782	0.00189093	0.284176	0.285689	0.00220174	0.00355392	0.0494841	0.0232715	0.0409247	0.0121211	0.0101194	0.0601217	0.00658188	0.0643553	0.0181343	0.039428	0.0164202	0.0200745	0.000281497	0.00749153
81	0.00275104	0.00122225	0.000946696	0.0012236	0.0203595	0.000649723	0.00188682	0.554887	0.00472896	0.0629353	0.00653483	0.00333383	0.000463167	0.00105203	0.000767768	0.00582971	0.00433406	0.324164	0.000150181	0.00177913
82	0.0781623	0.0115161	0.0375493	0.0509464	0.0047066	0.0326329	0.0255423	0.0110193	0.177621	0.0125461	0.0195001	0.0667663	0.0112893	0.154127	0.0637186	0.0749545	0.115131	0.0431279	0.00116803	0.00797538
83	0.0616668	0.0201794	0.00227525	0.00408994	0.0334713	0.00205915	0.00648078	0.36793	0.00375832	0.140536	0.0050832	0.0124477	0.00530276	0.0028694	0.00209595	0.046383	0.00346132	0.24942	0.000448593	0.0300408
84	0.108691	0.00407495	0.017636	0.0141924	0.00285635	0.0125549	0.00306019	0.00380396	0.00991342	0.0222204	0.0050359	0.0061949	0.601576	0.0221761	0.00378494	0.100649	0.0516618	0.00554321	0.00089783	0.00347711
85	0.0228984	0.00500487	0.126692	0.510683	0.00330388	0.0091219	0.0116482	0.0104075	0.0501516	0.0127345	0.0101026	0.0314058	0.00546623	0.0840955	0.0300163	0.0232765	0.0214214	0.0265856	0.000707033	0.00427711
86	0.294419	0.0355592	0.0135205	0.0191101	0.00973186	0.165338	0.0130987	0.0654653	0.0178662	0.0330854	0.0159427	0.0274891	0.00663569	0.0217083	0.01132	0.0342597	0.0401629	0.162541	0.00320079	0.00954585
87	0.00616091	0.00698633	0.0076337	0.0192793	0.000719157	0.0129399	0.0130192	0.00249955	0.430655	0.00851149	0.00588848	0.0174665	0.00370498	0.0473517	0.373921	0.0219459	0.0119316	0.00606	0.00258972	0.000735907
88	0.264108	0.166541	0.00689891	0.00949936	0.048997	0.00780831	0.00722149	0.0260198	0.0207589	0.0387844	0.0518737	0.0128268	0.00768274	0.0117548	0.00415718	0.236542	0.0309844	0.0229832	0.00250189	0.0220565
89	0.0351676	0.119938	0.00693248	0.0157294	0.190802	0.0109842	0.0425811	0.0368524	0.00945665	0.0377758	0.0299857	0.0242223	0.00294749	0.0237603	0.00796065	0.0224736	0.0135432	0.0998242	0.00564427	0.263418
90	0.0246095	0.0267474	0.00938671	0.0142878	0.278214	0.00857994	0.0308587	0.0421039	0.0188118	0.143473	0.0430013	0.0216364	0.00355761	0.0202609	0.016605	0.0286466	0.0284062	0.0332125	0.0311515	0.176449
91	0.18922	0.0227155	0.0406908	0.0131815	0.00363044	0.225127	0.0184455	0.00471078	0.0215612	0.0143925	0.00509243	0.060767	0.00221379	0.00849905	0.0150785	0.303024	0.0208326	0.0173265	0.000988287	0.0125028
92	0.0184543	0.00637836	0.00747715	0.00827196	0.388629	0.00530859	0.0317348	0.0168995	0.0265934	0.113742	0.063287	0.0212726	0.00297541	0.016662	0.0471542	0.0227281	0.0578467	0.0182586	0.035517	0.09081
93	0.059617	0.0239867	0.0432555	0.101855	0.0182598	0.0215587	0.0253092	0.02439	0.102385	0.0408659	0.0383694	0.0397111	0.00832826	0.228733	0.0563063	0.0557463	0.0501023	0.0393065	0.00518798	0.0167266
94	0.00554065	0.00203167	0.00117023	0.012309	0.0310073	0.000819137	0.00106768	0.430672	0.00428361	0.20639	0.13627	0.00558696	0.00192081	0.00619199	0.00778521	0.00182769	0.00373487	0.129913	0.000260424	0.0112173
95	0.106927	0.0486966	0.0160825	0.0122938	0.0660221	0.00908407	0.0148612	0.0208348	0.024008	0.124456	0.314411	0.02156	0.00561002	0.100803	0.0122585	0.0322873	0.0173362	0.029937	0.00591777	0.0166127
96	0.00583524	0.00238933	0.00195936	0.0163296	0.0266426	0.00139368	0.00216761	0.44812	0.00476612	0.157348	0.159117	0.00611399	0.00196463	0.00624424	0.00694266	0.00317851	0.00488283	0.133662	0.000350976	0.0105918
97	0.0211536	0.00703241	0.135226	0.515684	0.00423888	0.0083857	0.0109574	0.0078344	0.0477355	0.010804	0.00778601	0.0316759	0.00820352	0.0782808	0.0268418	0.0278875	0.0193964	0.0249535	0.000595701	0.00532692
98	0.120314	0.0151422	0.089551	0.0575048	0.0035408	0.113118	0.0244399	0.00566521	0.0473785	0.0153058	0.00439239	0.144763	0.004555	0.0380168	0.0255065	0.20763	0.0555727	0.0179078	0.000645439	0.00904939
99	0.00244488	0.00119164	0.000952244	0.00106769	0.0199793	0.000626418	0.00194262	0.557308	0.00468311	0.0606761	0.00468234	0.00324489	0.000460997	0.000954771	0.000661094	0.00574131	0.00439154	0.327427	0.000151769	0.00141234
100	0.0170713	0.0118142	0.0249269	0.0192421	0.110203	0.00529706	0.233777	0.00838162	0.0327727	0.0138159	0.0208252	0.0221972	0.00427733	0.0118414	0.0414858	0.0108285	0.0162691	0.023923	0.0118818	0.359168
101	0.209224	0.067288	0.0513671	0.0422591	0.0120736	0.0312059	0.0124177	0.0171735	0.0411298	0.0167181	0.0146605	0.0349023	0.0084672	0.0478273	0.0195846	0.256895	0.0600091	0.0436904	0.00189955	0.0112068
102	0.023908	0.00444917	0.0758781	0.513002	0.0048844	0.00992102	0.0129334	0.0113405	0.0578686	0.0136661	0.0102519	0.0254137	0.00463753	0.117194	0.034197	0.0236147	0.0227834	0.028712	0.00104609	0.00429849
103	0.033362	0.0130941	0.0138348	0.015527	0.0591719	0.0148397	0.0111315	0.0167213	0.0156786	0.0221671	0.151647	0.0200875	0.00791189	0.0182916	0.0150601	0.0270303	0.284935	0.246644	0.00283945	0.0100248
104	0.0249019	0.023153	0.0117606	0.0194903	0.168341	0.00613574	0.0978092	0.0154862	0.0146362	0.028255	0.0208081	0.0134863	0.00354095	0.0117449	0.0179499	0.0180779	0.0157672	0.0270291	0.0183186	0.443308
105	0.222215	0.0908367	0.0138574	0.00577717	0.0038239	0.139576	0.0141323	0.00404636	0.0363169	0.0436266	0.0040453	0.073907	0.00418416	0.0101607	0.0323961	0.260625	0.0220737	0.0100085	0.000784113	0.00760762
106	0.0389202	0.014243	0.00747908	0.00480126	0.0114945	0.00569969	0.00566078	0.0483656	0.0318319	0.411412	0.200252	0.0302834	0.00107039	0.039862	0.00352407	0.0239117	0.0289792	0.0788827	0.000851435	0.0124759
107	0.0268298	0.00822126	0.00420012	0.0087577	0.0235211	0.00345	0.00415974	0.157259	0.0146882	0.415906	0.16038	0.0158552	0.00132264	0.0294138	0.00828321	0.0149958	0.0171074	0.0755164	0.000834166	0.00929811
108	0.00815342	0.0037094	0.00138028	0.00967646	0.0306281	0.000987118	0.0015454	0.431127	0.00450878	0.227831	0.101636	0.00514807	0.00254404	0.00483898	0.00578346	0.00458775	0.00325378	0.142832	0.000260619	0.00956905
109	0.00448982	0.000873388	0.429377	0.407784	0.000840118	0.000973081	0.00119567	0.00129681	0.0211291	0.00151391	0.00568411	0.0715492	0.000511213	0.0158554	0.00264417	0.0186579	0.00638463	0.00764139	0.000200363	0.00139801
110	0.0960088	0.00950485	0.00588927	0.0157795	0.00337463	0.00523843	0.0039419	0.00534951	0.00662947	0.0141854	0.0230529	0.0290894	0.0023155	0.0555728	0.00667804	0.142501	0.550558	0.0194465	0.000716301	0.00416698
111	0.00646188	0.00147839	0.00172452	0.00241059	0.507425	0.0015192	0.0131828	0.0154958	0.0138027	0.162122	0.0291833	0.0145039	0.000732215	0.0102981	0.0135803	0.0186401	0.0275045	0.00448763	0.0504526	0.104995
112	0.00229679	0.00106645	0.000935735	0.00107027	0.0200353	0.000621497	0.00194203	0.557652	0.00468652	0.0605234	0.004673	0.00322978	0.000436526	0.000955355	0.000658479	0.00566757	0.00439479	0.327633	0.000155752	0.0013661
113	0.0197993	0.00407767	0.00473419	0.0101047	0.00203833	0.00868248	0.00733216	0.00679047	0.454899	0.00644366	0.00841271	0.0138268	0.027619	0.0526718	0.2433	0.0679054	0.0401291	0.0165787	0.0024661	0.00218777
114	0.00432303	0.00122545	0.503511	0.348844	0.000961911	0.00119103	0.00290025	0.00166054	0.01825	0.00182505	0.00524153	0.0594377	0.00069206	0.0140323	0.00260385	0.0185199	0.00588364	0.00670193	0.000274431	0.00192009
115	0.00491326	0.00259187	0.0322046	0.668106	0.00189701	0.00254394	0.00229341	0.00267379	0.0539979	0.00367545	0.00494559	0.0049937	0.00105988	0.127851	0.038091	0.00490708	0.0173013	0.0234225	0.000745032	0.00178492
116	0.00724884	0.00477608	0.00523879	0.0147265	0.00084537	0.0131196	0.0107787	0.00438922	0.512293	0.00621779	0.00659671	0.018131	0.00704204	0.0359043	0.294643	0.0325013	0.0139947	0.00723574	0.00347977	0.000838203
117	0.0669106	0.00237519	0.209788	0.17285	0.00876764	0.0123157	0.048132	0.0168307	0.0247696	0.0268137	0.00505936	0.0963708	0.00309506	0.0651772	0.0273594	0.127081	0.0580346	0.0172808	0.00048467	0.0105051
118	0.0246869	0.00218052	0.0222004	0.0104429	0.07513	0.0026498	0.190348	0.00247987	0.0974451	0.0146485	0.0387837	0.0479135	0.0111799	0.0148103	0.151309	0.00452106	0.0292406	0.0311891	0.000707587	0.228132
119	0.106655	0.038448	0.0176254	0.0331684	0.0279458	0.0182309	0.0642716	0.14923	0.0185866	0.187683	0.0496839	0.0315776	0.00743091	0.0365337	0.015207	0.0521984	0.0270935	0.0959949	0.00229424	0.0201405
120	0.0061054	0.00679085	0.00185233	0.00402455	0.166419	0.00148841	0.00429397	0.122202	0.00617328	0.507012	0.0609169	0.00602816	0.000958979	0.00793546	0.00780206	0.00638959	0.00900288	0.0411532	0.00955317	0.0238976
121	0.0489301	0.00216707	0.14785	0.0462449	0.0254233	0.052805	0.176186	0.00403865	0.0729538	0.00343495	0.0108193	0.151621	0.0011818	0.0932191	0.11099	0.0394583	0.00683212	0.00357223	0.00041079	0.00186119
122	0.131516	0.0111936	0.0931895	0.113909	0.00341361	0.051799	0.0203703	0.0088272	0.125445	0.0146908	0.00671685	0.0606964	0.0059813	0.055788	0.0770701	0.127112	0.0581322	0.0287325	0.00113571	0.00428144
123	0.00859801	0.00687669	0.00453262	0.00607531	0.0135089	0.00375964	0.0197376	0.385718	0.00611876	0.03284	0.0563538	0.00678694	0.00218571	0.00575136	0.00317847	0.02409	0.0304983	0.379026	0.00071575	0.00364828
124	0.0588433	0.00186062	0.255575	0.292075	0.00168607	0.00366951	0.0496826	0.0240603	0.0445787	0.0129308	0.0106142	0.0620853	0.00738073	0.0679622	0.0194713	0.0413517	0.0172209	0.0215208	0.000249043	0.00718208
125	0.00868825	0.0042991	0.0441164	0.0894199	0.0025696	0.00496186	0.00568991	0.00444602	0.0578742	0.0171246	0.00527575	0.477317	0.0138984	0.0187097	0.00432255	0.0531359	0.157253	0.0252956	0.00104261	0.00456054
126	0.0052846	0.00195903	0.00113146	0.0125451	0.031472	0.000833125	0.00107567	0.442054	0.00411351	0.194931	0.135962	0.00559207	0.00201323	0.00569903	0.0073847	0.00171198	0.00341387	0.131055	0.000261803	0.0115073
127	0.0315644	0.00398863	0.0520132	0.0365768	0.00254067	0.0331227	0.00400886	0.00400071	0.0272106	0.00988254	0.00584082	0.00783617	0.58975	0.00965672	0.00407213	0.136282	0.0312986	0.00661979	0.00101677	0.00271746
128	0.21232	0.124425	0.0123499	0.0417058	0.0295756	0.00990392	0.00915594	0.0553424	0.0373031	0.0212924	0.0202074	0.0160312	0.0212357	0.0376588	0.00927202	0.213039	0.0675976	0.0457704	0.00165783	0.0141554
129	0.00277701	0.00118358	0.000937884	0.00107249	0.0198621	0.000625405	0.00198001	0.555853	0.00463157	0.0608107	0.00472736	0.0033396	0.000460323	0.000974408	0.000659818	0.00604518	0.00442793	0.327973	0.000164563	0.0014938
130	0.194013	0.0103762	0.00769405	0.0658988	0.0026441	0.0533028	0.0198844	0.00561103	0.228985	0.017586	0.0193387	0.0116401	0.00293307	0.0610598	0.126865	0.0402983	0.111789	0.0166788	0.000854786	0.0025476
131	0.00675278	0.00665211	0.00743807	0.020658	0.000759555	0.0137994	0.0132273	0.00222151	0.449979	0.00782111	0.00555708	0.0196355	0.00380762	0.0439296	0.352664	0.0222567	0.0126984	0.00681497	0.00270356	0.000624181
132	0.025783	0.00988332	0.0189508	0.038053	0.00726043	0.0201659	0.019638	0.0112497	0.408755	0.0158395	0.0144394	0.0350728	0.00999643	0.0614783	0.191895	0.050092	0.0312937	0.0188452	0.00374482	0.00756309
133	0.193204	0.0251909	0.0363297	0.0654326	0.0109373	0.0259041	0.0706572	0.0725235	0.0323066	0.0342353	0.0267173	0.0369396	0.0102921	0.11469	0.0220104	0.123276	0.0407477	0.0442525	0.00352778	0.0108253
134	0.0591426	0.00187204	0.254568	0.289405	0.00169876	0.00410504	0.0494483	0.0239532	0.0454994	0.0131093	0.0106731	0.0621474	0.00733081	0.0688257	0.019889	0.0420965	0.0173111	0.0215966	0.000247861	0.00708067
135	0.00956649	0.00199251	0.0024854	0.00411587	0.492684	0.001935	0.0137279	0.0137523	0.0167703	0.142898	0.0344292	0.0155863	0.00132708	0.0124623	0.014161	0.0256289	0.0268655	0.0051976	0.0634497	0.100965
136	0.278919	0.175843	0.0064931	0.012712	0.022689	0.0160795	0.00748802	0.0489015	0.0179647	0.0466665	0.0292663	0.0172808	0.00951145	0.0173544	0.00898273	0.19743	0.0335114	0.0302316	0.00195575	0.02072
137	0.014332	0.00426856	0.00141954	0.0109247	0.0316809	0.00131463	0.00168302	0.267176	0.00725838	0.36853	0.140312	0.0068744	0.00118144	0.0171039	0.00979463	0.00402209	0.00932015	0.0950211	0.00028852	0.00749409
138	0.00581124	0.00866555	0.00921461	0.022433	0.000725889	0.0114864	0.0136447	0.00215306	0.419791	0.00938931	0.0062797	0.0193073	0.00293357	0.0510936	0.375988	0.0203883	0.0119272	0.00596718	0.002127	0.000674209
139	0.0446013	0.0190828	0.0131754	0.0182666	0.156716	0.0115158	0.0169017	0.0688913	0.0298189	0.0614051	0.114096	0.0353099	0.00684367	0.0824988	0.01869	0.0363754	0.026714	0.0284894	0.0994435	0.111165
140	0.0916833	0.108584	0.00587949	0.0150304	0.0559831	0.0107814	0.0136553	0.20276	0.0102116	0.0993547	0.0764569	0.0191898	0.0042669	0.0213263	0.00534504	0.052876	0.0204314	0.143543	0.00200935	0.040631
141	0.0699544	0.00304205	0.0889282	0.124377	0.00388433	0.128971	0.0566731	0.00626773	0.0153847	0.0213616	0.00368033	0.129399	0.00172319	0.0846063	0.0114964	0.190233	0.0470809	0.00804802	0.000639426	0.0042495
142	0.445723	0.0758089	0.00710355	0.00738795	0.00702058	0.062913	0.00370437	0.00952896	0.00769742	0.0377817	0.00972125	0.0362531	0.0732395	0.0535299	0.00462585	0.0904094	0.0313106	0.0104779	0.00219043	0.0235731
143	0.0341427	0.00692696	0.00943714	0.187751	0.00711964	0.0227658	0.0910875	0.0590731	0.0137139	0.13298	0.0233968	0.0498297	0.00489511	0.0964351	0.0165709	0.0716228	0.0539272	0.112043	0.00105385	0.00522782
144	0.0305601	0.00980893	0.019755	0.0224917	0.00493684	0.0244422	0.0301397	0.00920343	0.347187	0.010266	0.0117185	0.0577733	0.055297	0.0467935	0.192937	0.0540438	0.0397837	0.0210185	0.0025386	0.00930495
145	0.0063855	0.0112952	0.00124669	0.00327473	0.0162225	0.000966517	0.00156698	0.17215	0.0038832	0.639839	0.0610213	0.00249572	0.0010172	0.00394825	0.0030614	0.00424503	0.00233408	0.0619365	0.000198738	0.00291205
146	0.00246452	0.00116094	0.00104787	0.00110193	0.0197092	0.000638273	0.00191789	0.552882	0.00470794	0.0617594	0.0045662	0.00332367	0.000451892	0.00099426	0.000682295	0.00573024	0.00443025	0.330917	0.000158026	0.00135635
147	0.346563	0.118199	0.0076135	0.00901615	0.00630282	0.128701	0.00656007	0.0156579	0.0207671	0.0536192	0.00803112	0.0405427	0.0285414	0.0502791	0.0166792	0.0780972	0.0249998	0.0265011	0.00130756	0.0120214
148	0.0275954	0.0169189	0.0100548	0.0189162	0.315635	0.0116381	0.0158167	0.0321595	0.0212281	0.158142	0.0507554	0.0660822	0.00430096	0.0593879	0.0173236	0.0291244	0.0285574	0.0250808	0.0288048	0.0624784
149	0.220742	0.0583451	0.0116859	0.0139022	0.0922745	0.0148661	0.0146885	0.0575319	0.0175931	0.0391513	0.0304713	0.0241179	0.00900081	0.0188294	0.00891655	0.159388	0.0269093	0.0856109	0.00479377	0.0911823
150	0.323556	0.142116	0.00702545	0.0134902	0.0227815	0.00680498	0.00491629	0.0398241	0.0139406	0.0283019	0.0270978	0.0113538	0.0106674	0.0138007	0.00288755	0.249085	0.0327341	0.0286562	0.00240126	0.0185583
151	0.00435418	0.00169481	0.00102358	0.0020296	0.0226682	0.000708851	0.00176268	0.542448	0.00562817	0.0747511	0.0142754	0.00375295	0.000806329	0.00119291	0.00113459	0.00642303	0.00404647	0.307966	0.000173583	0.00315954
152	0.0673958	0.0236043	0.0701557	0.195288	0.0122707	0.0325083	0.0265483	0.029439	0.0440804	0.0920671	0.0227981	0.0528509	0.0113643	0.0580876	0.0273407	0.123833	0.0455251	0.0512964	0.00258199	0.0109647
153	0.0580916	0.0166007	0.0737473	0.0423546	0.00694226	0.261042	0.0384524	0.0155973	0.127437	0.0128985	0.0076734	0.10719	0.0141509	0.0277818	0.0267142	0.103953	0.0274776	0.0218545	0.001524	0.00851713
154	0.00723402	0.00340389	0.00107593	0.00188277	0.0208921	0.00102987	0.00194446	0.533526	0.00460706	0.0733243	0.0104518	0.00534175	0.000926941	0.00141423	0.000994057	0.00817426	0.00452583	0.315183	0.000164381	0.00390275
155	0.00816775	0.00230788	0.00276428	0.00340002	0.478859	0.00234251	0.0119947	0.024041	0.0129181	0.191662	0.0344394	0.0157195	0.000937936	0.0111895	0.0139426	0.0181321	0.0261263	0.00967514	0.0439944	0.0873862
156	0.0318121	0.0171135	0.00807357	0.0164599	0.312358	0.0103033	0.0194914	0.0964854	0.0216952	0.112653	0.0531853	0.0265666	0.00350853	0.0621094	0.016048	0.0280909	0.0260068	0.0399192	0.0263969	0.0717229
157	0.288078	0.0463099	0.0143922	0.0145295	0.0586897	0.0319403	0.0120286	0.0161245	0.017111	0.0261472	0.0308299	0.0551137	0.0110592	0.0183307	0.00965945	0.241862	0.0252602	0.0241763	0.00572167	0.0526363
158	0.185025	0.0274994	0.0303334	0.0105617	0.00507213	0.241606	0.0186888	0.00643191	0.0224319	0.0188663	0.00550833	0.0628113	0.00375948	0.0104176	0.0157289	0.281736	0.0220928	0.0168339	0.00113115	0.0134641
159	0.322065	0.0838644	0.0109368	0.00666571	0.0109454	0.0456927	0.00697719	0.0114203	0.0232484	0.0292442	0.0173945	0.0456366	0.0103835	0.0114838	0.0179455	0.284483	0.0328151	0.0134864	0.00332268	0.0119883
160	0.00643683	0.00142702	0.00191344	0.0024354	0.508472	0.00140107	0.0128013	0.017216	0.0129463	0.165806	0.0294399	0.0150066	0.000802641	0.00986555	0.0140622	0.0184608	0.0274462	0.00476562	0.0490702	0.100225
161	0.299333	0.14306	0.0113199	0.0188581	0.0114968	0.0531065	0.012143	0.0183853	0.0268981	0.0390867	0.0184008	0.0686486	0.026857	0.0685806	0.0179326	0.088082	0.0284176	0.0243459	0.00267381	0.0223742
162	0.47688	0.0285984	0.00702585	0.00315738	0.00836238	0.00806338	0.00224467	0.0168294	0.00409233	0.0120985	0.0145717	0.0135818	0.0137939	0.00513647	0.00190625	0.346345	0.0100437	0.0096078	0.00375971	0.013902
163	0.00540478	0.0019909	0.00118934	0.0139962	0.0306407	0.000846786	0.00110996	0.436559	0.00446248	0.197499	0.133864	0.00558964	0.00200967	0.00654408	0.00721949	0.00190881	0.00357189	0.134043	0.000291559	0.0112584
164	0.0145776	0.0165121	0.00567677	0.00953553	0.34136	0.00284873	0.0509712	0.0239583	0.0086558	0.0510957	0.0272043	0.0092662	0.00127222	0.00924258	0.00915583	0.0131587	0.014815	0.0231518	0.0232007	0.344341
165	0.0321783	0.00777425	0.0158751	0.0376339	0.00269143	0.0166863	0.016164	0.00786008	0.383585	0.0107842	0.0156895	0.0260262	0.00888448	0.0735498	0.223961	0.0379322	0.0526912	0.0222298	0.00252093	0.00528205
166	0.087704	0.0105135	0.120246	0.15556	0.00288618	0.043396	0.0274106	0.0124871	0.116832	0.016479	0.00479636	0.0520747	0.00796683	0.0794167	0.043628	0.106647	0.0603707	0.0460731	0.000354401	0.00515799
167	0.00706537	0.00808449	0.00944131	0.024308	0.000917823	0.0119209	0.0141338	0.00283497	0.41696	0.00917357	0.00700983	0.0210281	0.00321259	0.0574259	0.361912	0.0202041	0.0137591	0.0075963	0.00211046	0.000901108
168	0.041912	0.0107346	0.0888684	0.038887	0.00373351	0.309333	0.0307168	0.0149341	0.135139	0.00651296	0.00454443	0.106911	0.0159009	0.0114314	0.0141776	0.126197	0.0156703	0.0173517	0.000791004	0.00625298
169	0.00678365	0.00474357	0.00125748	0.00798281	0.027748	0.00107048	0.00105171	0.304617	0.00706536	0.405313	0.102748	0.00450497	0.00147946	0.00675266	0.00565426	0.00240566	0.00408386	0.0978581	0.000236089	0.00664397
170	0.0285076	0.0103689	0.0100333	0.00622464	0.0131098	0.00437598	0.00711358	0.0542641	0.0335014	0.47997	0.1868	0.0179629	0.00165673	0.0290558	0.00518581	0.0242456	0.0174889	0.0610051	0.00110946	0.00802016
171	0.034337	0.00324838	0.0562325	0.0191748	0.00254986	0.0308003	0.193021	0.00407081	0.0637184	0.0177794	0.0046745	0.0490075	0.386546	0.0455856	0.0457185	0.00658479	0.0278365	0.00581072	0.000689738	0.00261344
172	0.25136	0.102167	0.0185025	0.015768	0.00658434	0.141831	0.0139317	0.0128115	0.0360146	0.0412387	0.00919978	0.0547402	0.0123628	0.0275135	0.0265971	0.154811	0.0308606	0.0301585	0.00138432	0.0121617
173	0.0348256	0.0134746	0.0287704	0.118844	0.0194302	0.0148653	0.0217238	0.0827446	0.0285238	0.30035	0.0627949	0.0378009	0.00863418	0.0467826	0.0197322	0.0415203	0.0327469	0.0726624	0.00381972	0.00995368
174	0.196621	0.139005	0.00741888	0.0125984	0.0177861	0.0117252	0.00590158	0.0203617	0.0123407	0.042674	0.0392334	0.0141699	0.00623673	0.0159933	0.0100713	0.236243	0.135338	0.0304785	0.00161038	0.0441929
175	0.00834383	0.0026001	0.00306983	0.00322311	0.483329	0.00186754	0.0212196	0.0159417	0.0147795	0.146489	0.039694	0.0217071	0.00118301	0.0116141	0.0145303	0.0267295	0.0264253	0.00571544	0.0470549	0.104483
176	0.149039	0.0227479	0.0339945	0.0252368	0.00699615	0.148365	0.045761	0.0130005	0.0480385	0.019957	0.00697376	0.0442377	0.00533574	0.0282213	0.0252866	0.26029	0.0421601	0.0576845	0.00167945	0.0149947
177	0.0573711	0.0147235	0.046137	0.0541058	0.0132605	0.0361697	0.0774522	0.0148203	0.124892	0.0193817	0.0176222	0.14733	0.0199314	0.0562744	0.0515212	0.0773988	0.105818	0.0344799	0.00160638	0.0297042
178	0.106792	0.0109534	0.123193	0.17797	0.00692668	0.0365128	0.0300805	0.0132932	0.0697167	0.0181808	0.0102865	0.0938282	0.00551766	0.0586568	0.074336	0.0919102	0.0375988	0.0257933	0.00181085	0.00664296
179	0.0213475	0.0066008	0.00666788	0.00724949	0.356282	0.00407211	0.0139435	0.0193968	0.0433741	0.149344	0.0796114	0.0410866	0.00250631	0.0212245	0.0176885	0.0280674	0.0267515	0.0117873	0.0644428	0.0785565
180	0.0168317	0.00742866	0.00653872	0.0127115	0.021969	0.00532833	0.00594952	0.449227	0.0334467	0.0842932	0.030485	0.0116668	0.00391225	0.0128038	0.010528	0.0173957	0.0123467	0.249017	0.00110033	0.00701924
181	0.105766	0.141355	0.0146695	0.0188512	0.0985276	0.0143011	0.0601405	0.0296336	0.0236313	0.0447795	0.0973443	0.0253471	0.00709457	0.0264105	0.0131387	0.157513	0.0280222	0.04017	0.00419029	0.049114
182	0.0157667	0.00825684	0.0147698	0.0280757	0.00252874	0.0159398	0.0172123	0.00501191	0.39917	0.0110682	0.00823935	0.0222693	0.00575112	0.055898	0.324591	0.0280046	0.0197035	0.010807	0.00332781	0.00360877
183	0.0459071	0.00948077	0.304172	0.179693	0.0048711	0.0300033	0.0286138	0.0115164	0.0983411	0.0125558	0.00909571	0.0561526	0.012931	0.0426966	0.0396827	0.0574129	0.0267038	0.0222898	0.00109795	0.00678184
184	0.0139088	0.00361645	0.0420037	0.575353	0.00276414	0.00660211	0.00919257	0.00565874	0.0668315	0.00694862	0.00776086	0.0134981	0.00207545	0.125954	0.0490892	0.0140757	0.0249079	0.0256505	0.000670547	0.00343873
185	0.11786	0.0226987	0.0444015	0.0248681	0.0114232	0.212541	0.023734	0.00902039	0.0467027	0.0178336	0.00946766	0.106988	0.00744789	0.0255859	0.0189944	0.203034	0.0337945	0.0213289	0.00170243	0.0405727
186	0.0297984	0.00983331	0.00919078	0.0037359	0.0118218	0.00315278	0.00617365	0.0590066	0.0224457	0.510189	0.182004	0.0150479	0.00107188	0.0283	0.00398961	0.0183998	0.0147626	0.0633042	0.000631948	0.00713966
187	0.0174938	0.0106064	0.0197513	0.0230631	0.111882	0.00575597	0.235951	0.0082131	0.0312601	0.0144043	0.0189428	0.0223736	0.00405845	0.0113647	0.0401115	0.0112876	0.0168067	0.0242344	0.012005	0.360434
188	0.0467727	0.10103	0.00775639	0.0129487	0.00566932	0.0344296	0.00655652	0.00771114	0.0102827	0.0138551	0.0401573	0.0119991	0.00352393	0.0143359	0.0687372	0.0294045	0.533559	0.0160391	0.00142754	0.0338038
189	0.117303	0.0117921	0.190334	0.0702944	0.00437228	0.0745093	0.018648	0.00571558	0.0393918	0.0110547	0.00536779	0.15092	0.00344926	0.024013	0.0339518	0.187468	0.0300728	0.0128272	0.000807716	0.00770784
190	0.0112525	0.0053814	0.00392736	0.00469404	0.47352	0.00314946	0.0194491	0.0195844	0.0154516	0.14158	0.0311504	0.0153418	0.00158016	0.0133473	0.0159742	0.0203611	0.0250649	0.013254	0.0443636	0.121573
191	0.308699	0.0427868	0.022754	0.0136273	0.00788127	0.0681242	0.00965147	0.00965362	0.0232547	0.0217581	0.0127972	0.0571809	0.007081	0.0119842	0.0166413	0.315104	0.0241496	0.0132977	0.00330701	0.0102664
192	0.0370194	0.140847	0.00581011	0.0121573	0.0422375	0.0182914	0.0149395	0.195036	0.00684776	0.0818871	0.0190448	0.0198438	0.00304064	0.0177412	0.00461833	0.0222017	0.0202566	0.306654	0.00112767	0.0303975
193	0.0506473	0.0133638	0.0313729	0.00879184	0.0135467	0.00630598	0.0290812	0.0248098	0.0261911	0.341409	0.24455	0.0196954	0.00281892	0.0575108	0.00680861	0.0339061	0.0176795	0.0616382	0.00122286	0.00864964
