263	20
1	0.0573113	0.000591062	0.00135169	0.0015507	0.00686169	0.00135737	0.00137808	0.0705329	0.00683448	0.482746	0.154957	0.00877769	0.0308719	0.00180795	0.0301444	0.00899244	0.0470229	0.0746865	0.00295931	0.00926493
2	0.0131534	0.000253215	0.00043841	0.00057844	0.0571531	0.000409736	0.000400688	0.098269	0.000464511	0.663357	0.0661527	0.000877337	0.000356644	0.00052849	0.00253739	0.00218366	0.0123666	0.0763664	0.00141732	0.00273597
3	0.00760505	0.0408687	0.0128673	0.00303572	0.00153773	0.0021409	0.0173488	0.0136666	0.272461	0.00471511	0.00211516	0.0377716	0.00109809	0.0145886	0.522467	0.00611849	0.00899218	0.00504133	0.000778067	0.0247822
4	0.0122455	0.000564298	0.000912552	0.00138982	0.292905	0.000874737	0.000931624	0.13698	0.00114639	0.38648	0.0467553	0.00116528	0.000498691	0.00127586	0.00149327	0.00576842	0.00451748	0.0938091	0.00072054	0.00956636
5	0.077838	0.0372949	0.00295967	0.0132724	0.0389456	0.00417078	0.00332526	0.187141	0.00425854	0.232713	0.0271472	0.0407608	0.00257648	0.0255243	0.0177549	0.0823023	0.0570424	0.12545	0.00118832	0.018334
6	0.106436	0.0235433	0.00555815	0.0409761	0.103613	0.00747593	0.0132939	0.197043	0.0137674	0.0744539	0.0180712	0.0127372	0.0096995	0.0123931	0.0104709	0.040762	0.104151	0.162608	0.00499239	0.0379544
7	0.304042	0.254161	0.00481818	0.00511556	0.00312849	0.00962586	0.00502499	0.0133731	0.00590052	0.0318385	0.00642461	0.0107411	0.00207019	0.0059331	0.00663573	0.115113	0.105515	0.104105	0.00168565	0.00474904
8	0.0060453	0.000553058	0.0124141	0.00587231	0.000430745	0.94109	0.00272578	0.000942257	0.00199734	0.00149844	0.000466767	0.00796348	0.000295446	0.00105321	0.00111736	0.0120127	0.00167741	0.00121073	0.000199594	0.000433813
9	0.0290291	0.00319286	0.0140148	0.0147053	0.00633053	0.0120264	0.0658182	0.0135417	0.0109057	0.0142813	0.0194364	0.580237	0.0042676	0.0139291	0.0111838	0.103058	0.058205	0.0142573	0.00326005	0.00832004
10	0.054152	0.00706338	0.00318852	0.00479403	0.0169411	0.00554615	0.00412081	0.2047	0.00692648	0.172001	0.073238	0.00627467	0.0040237	0.00728453	0.00887554	0.0159915	0.0503377	0.345216	0.00384181	0.00548318
11	0.00858818	0.000699449	0.779282	0.0696939	0.0040961	0.0210331	0.0111689	0.00717488	0.00365968	0.00223021	0.000671518	0.0457509	0.000569194	0.00924766	0.00122817	0.0161626	0.00622355	0.00544185	0.00240336	0.00467472
12	0.0150079	0.00126251	0.679619	0.0809493	0.00382105	0.0215947	0.0261034	0.0082748	0.011117	0.00626509	0.00152006	0.0649334	0.00139664	0.0183632	0.0078647	0.0234479	0.0121914	0.0073786	0.00260085	0.00628884
13	0.00558106	0.000212957	0.0121837	0.00579484	0.000464276	0.944371	0.00266357	0.0009363	0.0018743	0.00109611	0.000411267	0.00782997	0.000288885	0.000732748	0.000752448	0.0117792	0.00145516	0.000975527	0.000189846	0.000406619
14	0.0717175	0.0137572	0.0248256	0.0562229	0.00871417	0.0156304	0.0240741	0.0271304	0.276975	0.0307827	0.00801028	0.0365487	0.00985985	0.0449197	0.186771	0.0524376	0.0529028	0.038999	0.0046606	0.01506
15	0.205501	0.0101779	0.0123436	0.019952	0.00705972	0.0334599	0.0120124	0.0139539	0.014334	0.0168921	0.00495226	0.0229792	0.0118642	0.0232729	0.0197517	0.437347	0.10505	0.0181014	0.00343499	0.00756048
16	0.0679185	0.0115816	0.0042178	0.00669079	0.00252467	0.00635399	0.00488916	0.0151421	0.00622717	0.0125181	0.00362329	0.00983781	0.0285301	0.00843488	0.0073147	0.26277	0.523966	0.0122172	0.00133838	0.00390283
17	0.0163178	0.0010377	0.00104713	0.00254385	0.104931	0.00156563	0.00188364	0.0851743	0.00214816	0.615327	0.0604993	0.00144638	0.00312678	0.0063921	0.00336965	0.00687456	0.0129562	0.0608652	0.00147943	0.0110142
18	0.00887595	0.00292763	0.000367126	0.000839159	0.0144106	0.000381629	0.000615129	0.466097	0.000535942	0.129708	0.00901049	0.000856233	0.00016962	0.000965943	0.00280545	0.0024792	0.00714642	0.350602	0.000309563	0.000896763
19	0.00670301	0.000241906	0.0121775	0.00613349	0.000486354	0.937371	0.00344758	0.00126628	0.00202248	0.00154296	0.000496266	0.00845717	0.000375636	0.00102839	0.00126738	0.0122555	0.00236096	0.00136514	0.00046753	0.000533522
20	0.0312404	0.0258743	0.0115933	0.0166047	0.00521689	0.00642403	0.0207491	0.0177263	0.202691	0.01773	0.0063098	0.0325202	0.00563709	0.0293882	0.475989	0.0228594	0.0287807	0.0224775	0.00239212	0.0177954
21	0.0157728	0.00041087	0.000516082	0.000979424	0.055034	0.000499724	0.00069976	0.108169	0.000826508	0.634613	0.0677992	0.0014077	0.00157285	0.00150844	0.00393246	0.00325155	0.0131341	0.0847624	0.00155056	0.00356014
22	0.0134068	0.000464728	0.000735716	0.00181279	0.0960641	0.000732092	0.00180138	0.0838118	0.00162967	0.614086	0.0791223	0.00141029	0.00231484	0.00520685	0.00380102	0.00423178	0.0147836	0.060643	0.00206132	0.0118796
23	0.0136654	0.00501571	0.0139509	0.00117889	0.277389	0.00102881	0.0356327	0.00437738	0.0011022	0.0120518	0.000752183	0.0223895	0.00149014	0.00201403	0.00219479	0.00303666	0.00195801	0.0110798	0.0480404	0.541652
24	0.0256675	0.000674344	0.591321	0.188457	0.00306944	0.0243087	0.0153968	0.00562533	0.0102912	0.00514938	0.000871311	0.0358351	0.00137988	0.037702	0.00578864	0.0228605	0.0127572	0.00478822	0.00302024	0.0050368
25	0.077917	0.0175571	0.00135735	0.00173077	0.00109165	0.00163118	0.00160951	0.0138487	0.00171379	0.00359002	0.000795668	0.00233259	0.00488938	0.00914055	0.00185655	0.318567	0.535918	0.0026987	0.000455024	0.00129943
26	0.075116	0.00242122	0.0820198	0.113872	0.000985344	0.0475859	0.0451853	0.00727419	0.143934	0.0375806	0.000868882	0.150468	0.00466958	0.0820467	0.0988653	0.0421951	0.0367553	0.016311	0.00319635	0.00864976
27	0.263523	0.00192667	0.00377499	0.027459	0.0108985	0.0424899	0.0179995	0.00788517	0.0277312	0.0543344	0.0145874	0.0417866	0.0110276	0.0485717	0.0046421	0.300225	0.0940443	0.0206103	0.00172733	0.00475566
28	0.00420684	0.00418398	0.000400051	0.000615276	0.0205725	0.00044524	0.000461715	0.556465	0.00054053	0.148922	0.0101145	0.000542823	0.000185155	0.000572468	0.00466221	0.00236291	0.00910222	0.235153	0.000148138	0.000343437
29	0.0147611	0.00290967	0.00481598	0.00604284	0.235358	0.0048672	0.00458031	0.011811	0.0280822	0.277735	0.0700308	0.00718783	0.0758517	0.00850425	0.00658501	0.0377155	0.0584878	0.00843415	0.00214697	0.134093
30	0.188876	0.000819472	0.157043	0.158856	0.016625	0.00182132	0.00950712	0.0188175	0.0249523	0.0263871	0.00923673	0.0341895	0.000897207	0.104192	0.00267168	0.147246	0.0840387	0.0114428	0.000653457	0.0017262
31	0.0652156	0.00118445	0.489153	0.182843	0.00189618	0.104954	0.00723972	0.00413619	0.00921541	0.00686662	0.00120212	0.0332762	0.00598721	0.030176	0.00989005	0.0213207	0.0177351	0.00411343	0.0013516	0.00224344
32	0.0805816	0.00304251	0.00716162	0.0385738	0.00502032	0.00662305	0.241271	0.0404825	0.133683	0.0106203	0.00382465	0.00809274	0.00283642	0.21048	0.0374793	0.012811	0.135169	0.012679	0.00384061	0.00572718
33	0.0131305	0.000461956	0.000901281	0.000955477	0.0519993	0.000808705	0.000959733	0.142421	0.000983651	0.458791	0.138288	0.00233613	0.00216831	0.00117016	0.0119692	0.00275407	0.0400017	0.106881	0.00966099	0.0133578
34	0.188304	0.00085476	0.155917	0.161381	0.0160553	0.00177323	0.0100128	0.0185696	0.025072	0.0277824	0.00848606	0.0365944	0.000708356	0.105013	0.00277252	0.145733	0.0817869	0.0107509	0.000665673	0.00176638
35	0.293885	0.00172513	0.00559926	0.0265892	0.0195079	0.0331347	0.0196203	0.00308307	0.0386135	0.0188126	0.0044626	0.0271554	0.0041975	0.0373494	0.00307491	0.351889	0.10131	0.00663859	0.00148303	0.00186923
36	0.0148241	0.000203483	0.000316361	0.00196546	0.017907	0.000358911	0.000337317	0.268457	0.000430129	0.381396	0.024596	0.000409936	0.000131832	0.000417197	0.000428861	0.000741407	0.000948587	0.284232	0.00162808	0.000270413
37	0.00461267	0.000400367	0.807453	0.0643331	0.00300156	0.0158857	0.0108586	0.00728608	0.00295475	0.00126154	0.000508816	0.0468964	0.000401797	0.00443968	0.000874434	0.0143756	0.00489666	0.00455628	0.0020591	0.00294386
38	0.00755963	0.00114515	0.00258996	0.00245091	0.42969	0.00224893	0.00193491	0.037414	0.00691096	0.311046	0.0691276	0.00267486	0.0147734	0.00332233	0.00301447	0.0110034	0.0121095	0.0159072	0.000850611	0.0642267
39	0.328138	0.00914901	0.00602573	0.00601175	0.00254675	0.032917	0.00417843	0.00263819	0.00362251	0.00761107	0.00150928	0.0164218	0.00464472	0.0114326	0.0222803	0.511518	0.0200729	0.00448578	0.000989857	0.00380655
40	0.0376872	0.0143327	0.00482582	0.0116031	0.053999	0.00609883	0.0092845	0.137474	0.0136697	0.388874	0.0248923	0.033005	0.00288169	0.0160297	0.0363785	0.0516084	0.0325658	0.0835477	0.00887017	0.0323715
41	0.0219947	0.00210445	0.000807347	0.00108246	0.0634641	0.000809482	0.001229	0.103343	0.00130942	0.647848	0.0532883	0.00177092	0.00116211	0.00131173	0.00256617	0.00422581	0.0112717	0.0753541	0.00121439	0.00384209
42	0.028674	0.00249278	0.00219553	0.00405682	0.0140914	0.00372577	0.00233569	0.129421	0.0131143	0.235893	0.133109	0.00469947	0.00394971	0.0174195	0.0206282	0.0121025	0.153931	0.203977	0.00687392	0.00730902
43	0.00915096	0.000465048	0.775651	0.0724853	0.00341324	0.0166934	0.0110184	0.0075122	0.00461167	0.0028461	0.000903162	0.0447361	0.00123006	0.011832	0.00203623	0.0167478	0.00784574	0.00550529	0.00212621	0.0031895
44	0.136207	0.00318335	0.011653	0.0088485	0.00273631	0.710603	0.00980037	0.00645714	0.00488497	0.00908947	0.00167673	0.0167322	0.00113724	0.00755876	0.0094299	0.0279877	0.0170282	0.0122162	0.000985818	0.0017844
45	0.0177111	0.0010476	0.0011214	0.00240959	0.0922184	0.00233618	0.0018066	0.0886617	0.00182676	0.621348	0.0566774	0.00224914	0.00257411	0.00431022	0.00354915	0.00635633	0.0126707	0.0688327	0.0027352	0.00955757
46	0.087365	0.0291123	0.0104509	0.128957	0.00150513	0.00968389	0.00203336	0.0389087	0.232987	0.0105087	0.00103858	0.00279426	0.00131218	0.0371168	0.173448	0.0661921	0.0342377	0.130321	0.000607192	0.00141998
47	0.372228	0.00401129	0.101798	0.0453631	0.00559132	0.007507	0.00630243	0.0103264	0.00826183	0.0374134	0.00548954	0.0125085	0.00238372	0.0153197	0.00707371	0.317335	0.0214909	0.0109493	0.00209421	0.00655139
48	0.0554608	0.00367374	0.133963	0.393583	0.00723705	0.0199354	0.0333559	0.0184034	0.0370132	0.0177922	0.00454784	0.0514282	0.00609728	0.0659101	0.0271877	0.0435833	0.0430163	0.0197709	0.00478331	0.0132569
49	0.0543429	0.00811348	0.00944742	0.0361498	0.00324282	0.0107269	0.0198574	0.0182226	0.186216	0.0267489	0.0144487	0.0237405	0.00846545	0.135751	0.291401	0.0394262	0.0441561	0.0599221	0.0030969	0.00652317
50	0.13999	0.00895979	0.0547319	0.175105	0.0013468	0.0334881	0.0145079	0.00838117	0.130465	0.0101063	0.0010202	0.051278	0.0252955	0.0750084	0.0974308	0.0710986	0.0539421	0.0400399	0.000868776	0.0069363
51	0.0557027	0.00702132	0.0536632	0.059086	0.0136886	0.0235395	0.0386112	0.0263346	0.0446674	0.0441831	0.01593	0.0360745	0.0117915	0.366113	0.0454347	0.0453377	0.0497812	0.0336721	0.0110026	0.0183652
52	0.00784126	0.00105023	0.0122552	0.00630812	0.000690295	0.925642	0.00294872	0.00287667	0.00245853	0.00295393	0.000710999	0.0101412	0.000349063	0.00233977	0.00167065	0.0139325	0.00235676	0.00258884	0.000211145	0.000673838
53	0.0102668	0.00433799	0.00198777	0.00337074	0.01729	0.00157688	0.00270388	0.494468	0.00318724	0.130722	0.0118074	0.0036389	0.000749888	0.00223364	0.00539559	0.00584187	0.0133789	0.282134	0.00105741	0.0038509
54	0.0710512	0.0150917	0.0143529	0.016889	0.00605199	0.0132168	0.0094562	0.0214453	0.0150738	0.0279301	0.0121374	0.0238339	0.0231114	0.0166349	0.0139932	0.18293	0.484101	0.0240727	0.00144947	0.00717698
55	0.0181128	0.00381699	0.00259584	0.00437129	0.0176874	0.00301486	0.00380832	0.472438	0.00334868	0.140872	0.0109638	0.00345942	0.000843228	0.00563167	0.00612325	0.0075718	0.0136144	0.276701	0.00169793	0.00332721
56	0.00768932	0.000536811	0.777825	0.0727082	0.00342658	0.0186325	0.0112235	0.00856284	0.00447871	0.00292089	0.000725737	0.0454035	0.000765274	0.00962634	0.00190582	0.0148789	0.00698354	0.00561961	0.00258936	0.00349743
57	0.0570072	0.00895777	0.00533986	0.0216021	0.012882	0.0104645	0.00983822	0.285594	0.0120943	0.0602451	0.0126659	0.0126247	0.0018597	0.0137601	0.0150082	0.0598092	0.0727125	0.31945	0.00180816	0.00627729
58	0.452172	0.0175143	0.0123674	0.0211623	0.0100574	0.0396285	0.00963252	0.025539	0.020732	0.0275951	0.0111627	0.0164131	0.0108261	0.0179505	0.0140679	0.121597	0.103943	0.0537036	0.00564057	0.00829498
59	0.0424677	0.00632278	0.0160716	0.0180184	0.0214202	0.0136894	0.218928	0.0352307	0.0182214	0.0434499	0.0646469	0.0193038	0.00553619	0.0269942	0.0829615	0.0923401	0.0414721	0.0307377	0.0758136	0.126374
60	0.036435	0.00790751	0.0108009	0.0308914	0.01169	0.0138083	0.0597946	0.156366	0.114519	0.0254829	0.0061648	0.0196311	0.00383912	0.0177767	0.239896	0.0884601	0.0630441	0.0805608	0.00328299	0.00964927
61	0.0191044	0.00427254	0.0127752	0.00477674	0.333208	0.00372639	0.0102921	0.0187555	0.0056433	0.0310828	0.00547961	0.00929326	0.0101376	0.022594	0.0103118	0.0281888	0.0107619	0.0161852	0.0109495	0.432461
62	0.0339087	0.00619008	0.0024056	0.00401133	0.253759	0.00350997	0.00565088	0.122146	0.00277449	0.341731	0.0513086	0.00399958	0.00510659	0.00411962	0.00577465	0.0145741	0.0140701	0.103705	0.00398639	0.0172687
63	0.279407	0.00638964	0.0102892	0.0138794	0.0163738	0.0179939	0.0101521	0.00239706	0.0268566	0.0108158	0.0028358	0.0340421	0.00680845	0.0424322	0.00270668	0.428505	0.0806031	0.00462816	0.00102984	0.00185448
64	0.0674039	0.010018	0.00340346	0.00326976	0.0028459	0.00371859	0.00383343	0.0129628	0.002632	0.00772746	0.00140382	0.00677064	0.0264484	0.00863786	0.00329177	0.307533	0.519286	0.00574324	0.00060168	0.00246873
65	0.126392	0.000386606	0.0853482	0.114505	0.00385526	0.0247812	0.000784191	0.0100612	0.0539801	0.0219459	0.000533688	0.0332559	0.273681	0.0319129	0.0568251	0.103592	0.0350373	0.0223466	0.000277345	0.000498521
66	0.0723516	0.000699835	0.00101416	0.0270604	0.000814829	0.00951245	0.0373717	0.00564868	0.248501	0.018395	0.00159098	0.04956	0.000674013	0.0564929	0.311467	0.0659883	0.0692297	0.0142505	0.00449537	0.00488193
67	0.0363155	0.0173038	0.00756673	0.0179317	0.00143792	0.00512973	0.0246554	0.0114049	0.253472	0.00969281	0.00211264	0.035229	0.0023477	0.0321147	0.419617	0.0341759	0.0564697	0.0195579	0.00200779	0.0114566
68	0.172946	0.00129531	0.0266721	0.0665171	0.00160008	0.00272977	0.00371396	0.003329	0.258562	0.00389024	0.00135463	0.029317	0.000965367	0.0139092	0.120844	0.131689	0.126797	0.031491	0.000832528	0.00154418
69	0.0259233	0.00834627	0.0116848	0.00464676	0.294078	0.00246516	0.0199771	0.0203826	0.00277209	0.0230954	0.00335206	0.014455	0.00685182	0.00665795	0.00716538	0.0168345	0.01392	0.0430383	0.024732	0.449622
70	0.00898481	0.00275661	0.000336166	0.000384658	0.0090423	0.000301215	0.000372211	0.448775	0.000368098	0.0775969	0.00451386	0.00104725	0.000139225	0.00108064	0.00180117	0.00259923	0.00596047	0.432936	9.06218e-05	0.000913638
71	0.00705326	0.00335707	0.000345827	0.000457422	0.014107	0.00036044	0.000369847	0.50406	0.000456674	0.104595	0.0066707	0.000900535	0.000153732	0.000926657	0.00296077	0.00345379	0.00753007	0.341461	0.000104581	0.000675276
72	0.529347	0.00580104	0.0050051	0.0067279	0.00410906	0.0890746	0.00509501	0.151984	0.00767056	0.0146254	0.00425485	0.00556863	0.00211119	0.00764063	0.00644827	0.0871572	0.0201377	0.0408692	0.00180752	0.0045648
73	0.00832292	0.000474947	0.777806	0.0753716	0.003243	0.019311	0.010807	0.00758907	0.00472971	0.00218907	0.000713585	0.044957	0.00082058	0.00877734	0.00193653	0.0159343	0.00650331	0.00470099	0.00212816	0.00368357
74	0.279144	0.233486	0.00549901	0.00636518	0.00429268	0.00648413	0.00525225	0.0102969	0.00561998	0.0129569	0.00418358	0.00766001	0.00252813	0.0071348	0.00795537	0.0737965	0.28746	0.0332335	0.0017534	0.00489718
75	0.084747	0.00112161	0.0120658	0.0375164	0.00738233	0.00804356	0.00254717	0.00448259	0.0290048	0.0107929	0.00636419	0.00470117	0.633087	0.0382474	0.00822737	0.0545283	0.0298197	0.0199651	0.000577021	0.00677881
76	0.00804941	0.000218617	0.0138002	0.00590554	0.000425562	0.939674	0.002432	0.00120816	0.00189103	0.0011028	0.000405763	0.00774182	0.000293212	0.000757118	0.000727444	0.0123767	0.00121321	0.00116568	0.000199459	0.000412528
77	0.059441	0.00712508	0.0259255	0.0378429	0.0177716	0.0154289	0.357058	0.0358206	0.04475	0.0386837	0.0145281	0.0420632	0.00700483	0.0568199	0.051409	0.0505755	0.055819	0.0379449	0.0136032	0.0303849
78	0.0561351	0.00293247	0.00550505	0.198758	0.0691689	0.00703822	0.00734004	0.274572	0.0401727	0.0126562	0.00497844	0.00746584	0.00284693	0.00781463	0.00810904	0.0156186	0.0855029	0.186707	0.0019479	0.00472977
79	0.0290634	0.00178006	0.124625	0.492488	0.00345847	0.0126718	0.0404707	0.00720507	0.0230112	0.00945142	0.00503983	0.0487957	0.00258316	0.107056	0.011249	0.0352739	0.0219893	0.00723894	0.00437392	0.0121757
80	0.0154765	0.00381748	0.0123963	0.00201045	0.278605	0.00164469	0.0245203	0.00906693	0.00143763	0.0170871	0.000997088	0.0176533	0.00268674	0.00420045	0.00430391	0.00604911	0.00435021	0.011646	0.0337559	0.548295
81	0.0695183	0.0105974	0.0132953	0.0209189	0.0175785	0.0202138	0.0155924	0.0493437	0.0190269	0.18063	0.0361576	0.0266544	0.0102095	0.0233335	0.0218075	0.0719844	0.303192	0.0685552	0.0058809	0.0155103
82	0.0136598	0.0357165	0.011013	0.00596372	0.00146795	0.0027002	0.0180285	0.0126291	0.265615	0.00561991	0.00241058	0.0354415	0.00167405	0.0204244	0.510479	0.0119037	0.0151252	0.00687683	0.000982416	0.0222686
83	0.0270834	0.00337428	0.0238858	0.0160079	0.00658781	0.0109085	0.0389595	0.0145006	0.0132391	0.0144004	0.0257008	0.665929	0.00394039	0.014262	0.0155295	0.0414629	0.0395582	0.0139757	0.00296658	0.00772744
84	0.0624596	0.00832262	0.0148898	0.0175655	0.0201725	0.0150184	0.0160803	0.072188	0.0214358	0.146463	0.183232	0.0292871	0.00897052	0.0253619	0.0255419	0.0431291	0.171641	0.0928356	0.00807578	0.0173294
85	0.109938	0.000871606	0.00655625	0.00137858	0.0187886	0.00111444	0.0102063	0.157215	0.00160891	0.0422453	0.0026206	0.00172565	0.000639304	0.00167553	0.00152947	0.0103717	0.0125054	0.61732	0.000433449	0.00125509
86	0.0652597	0.0117792	0.00230516	0.00279838	0.00201225	0.0033864	0.00408217	0.0136701	0.0037007	0.00712425	0.00184364	0.00572447	0.0274744	0.00841957	0.00372743	0.293838	0.533292	0.00633864	0.00100148	0.00222235
87	0.628349	0.00471485	0.00320091	0.00374565	0.00269216	0.192691	0.00350011	0.0208239	0.00303694	0.0111376	0.00292925	0.00482533	0.00118655	0.00488494	0.00485438	0.0573957	0.0133225	0.0331532	0.00149081	0.00206468
88	0.527951	0.0107435	0.00378988	0.00783038	0.00513146	0.0484874	0.00558685	0.0145305	0.00755158	0.0354499	0.026804	0.0104458	0.00262757	0.0234116	0.00515074	0.194489	0.034886	0.0273649	0.00471738	0.00305095
89	0.315208	0.00911112	0.0101244	0.00963359	0.00472471	0.0355338	0.00663135	0.00438577	0.00738321	0.0107316	0.00325531	0.0187046	0.00482255	0.016655	0.0192703	0.476433	0.0342546	0.00696633	0.00197363	0.00419717
90	0.0506584	0.000909618	0.0441849	0.029779	0.0013149	0.031993	0.0340359	0.00916877	0.0144338	0.0165242	0.000937132	0.198168	0.000943142	0.0434007	0.0244916	0.129917	0.335472	0.017871	0.000605806	0.0151902
91	0.669361	0.0209666	0.00320502	0.00248714	0.00132045	0.0194421	0.00178458	0.011978	0.00192994	0.00875242	0.0110658	0.00281057	0.00121878	0.0202149	0.00230118	0.167748	0.0139849	0.0326633	0.0052277	0.00153804
92	0.0126442	0.000963962	0.44277	0.18677	0.00159846	0.00308432	0.0283829	0.00332496	0.0300172	0.0106021	0.001535	0.0441726	0.00104084	0.169698	0.00318002	0.037196	0.00588138	0.0136497	0.00113305	0.00235475
93	0.256105	0.0243148	0.0021172	0.00186867	0.00389699	0.0196966	0.00280302	0.0680762	0.00191453	0.0557936	0.0158079	0.00602987	0.000586494	0.00460484	0.00156825	0.0496489	0.0606548	0.422728	0.000626794	0.00115768
94	0.552419	0.0178546	0.0016943	0.00784537	0.00171607	0.0410682	0.00167238	0.0480544	0.00365918	0.0334439	0.0073705	0.00589037	0.000793545	0.00705964	0.00323518	0.123118	0.0367422	0.100997	0.00127293	0.00409257
95	0.00613016	0.00307259	0.000336139	0.00043565	0.0145602	0.000350796	0.00037763	0.511028	0.000412279	0.107912	0.00627494	0.000715194	0.00015924	0.000791254	0.0029747	0.00251997	0.00697698	0.334302	9.5062e-05	0.000575289
96	0.0145795	0.000267106	0.000314963	0.00199947	0.0178768	0.000349105	0.000330359	0.273074	0.000426742	0.378161	0.0242313	0.000403562	0.000132113	0.000415956	0.000489174	0.000755764	0.00102847	0.28332	0.00157829	0.000266942
97	0.0149516	0.000330749	0.000508228	0.000752034	0.0468739	0.000518399	0.000551519	0.137397	0.000837265	0.56913	0.0766368	0.00126768	0.0015333	0.000544664	0.00448998	0.00229871	0.0180831	0.115995	0.00302117	0.0042797
98	0.0130326	0.0025272	0.000359856	0.000362278	0.00240155	0.000267503	0.000364826	0.351527	0.000324445	0.0436009	0.00320469	0.00162222	0.00012836	0.0015471	0.000394275	0.00281387	0.00591664	0.568051	9.38072e-05	0.00145922
99	0.00961675	0.000480286	0.771037	0.0727107	0.00440848	0.0195762	0.0108712	0.0073806	0.00472071	0.00301342	0.00104819	0.0455439	0.00077677	0.00992053	0.00203543	0.015462	0.00825776	0.00536967	0.002309	0.00546117
100	0.693732	0.00959176	0.00180591	0.00212016	0.00158551	0.071559	0.00168284	0.0442186	0.00208987	0.0143122	0.00249516	0.00214366	0.00061153	0.00234825	0.00252688	0.0330414	0.0151432	0.0968026	0.00077878	0.00141056
101	0.121676	0.00622123	0.051332	0.15782	0.00163441	0.0909251	0.0183888	0.00798521	0.119332	0.00826948	0.00191378	0.0436736	0.0148972	0.115416	0.0687143	0.0659393	0.0812818	0.0154736	0.000966369	0.00813999
102	0.0147867	0.000199609	0.000315916	0.00196698	0.0178831	0.000361063	0.000330255	0.268476	0.000419647	0.381172	0.0247207	0.0004083	0.000131648	0.000416811	0.000433133	0.000742007	0.00102167	0.284309	0.00162336	0.000282219
103	0.034845	0.00325934	0.00251257	0.00600363	0.00345893	0.00256027	0.00269471	0.0920091	0.0395762	0.276802	0.0329068	0.00481755	0.0010101	0.0952166	0.042023	0.0259287	0.110174	0.220456	0.000976443	0.00276933
104	0.129888	0.00122992	0.0758041	0.16409	0.00375403	0.0173995	0.00252868	0.0173622	0.05528	0.0162546	0.00136714	0.0312983	0.202437	0.0234934	0.0723704	0.0758613	0.0440937	0.06282	0.000696766	0.00197117
105	0.0572001	0.00503947	0.0722369	0.0806077	0.00849633	0.0347345	0.0349686	0.0204709	0.050633	0.0329152	0.0150353	0.130387	0.00675594	0.236595	0.0512046	0.0549178	0.0570867	0.0302538	0.00464061	0.0158213
106	0.0664249	0.0119773	0.00130818	0.00165273	0.00113176	0.00171208	0.00184504	0.0147918	0.00174701	0.00431235	0.000948314	0.0022895	0.0168772	0.00729704	0.00176494	0.312076	0.547373	0.00274223	0.000444746	0.00128394
107	0.00672895	0.0478074	0.011197	0.00281627	0.0017466	0.00202754	0.0184957	0.0161999	0.283928	0.00437976	0.00179919	0.0401074	0.00118168	0.0153673	0.495246	0.00578138	0.00850135	0.00530079	0.000772548	0.0306143
108	0.0234652	0.0281012	0.010998	0.0162194	0.00291605	0.00387379	0.018703	0.0139033	0.242965	0.010424	0.00350975	0.0350366	0.00531192	0.0283988	0.480177	0.0203337	0.0235519	0.0132919	0.00127353	0.0175456
109	0.0605749	0.00888377	0.0276447	0.0329468	0.0182297	0.0196711	0.360101	0.0351541	0.0417376	0.0372593	0.0136426	0.0393885	0.00543892	0.0637841	0.0393269	0.0514004	0.0551562	0.037583	0.0147272	0.0373494
110	0.356441	0.00215528	0.00516539	0.00968067	0.045796	0.0587954	0.00750127	0.00683834	0.0101893	0.0903841	0.0049591	0.010633	0.00299152	0.0114912	0.00519484	0.18546	0.149523	0.00961716	0.0231437	0.00403936
111	0.157935	0.00269923	0.00380845	0.00429531	0.095384	0.00418015	0.0233631	0.0513333	0.00389585	0.0992245	0.00238019	0.0212532	0.00184119	0.00468683	0.0242825	0.0444271	0.0828268	0.0240209	0.00310495	0.345057
112	0.0109803	0.00148849	0.000316916	0.0014311	0.0215061	0.000428283	0.000354943	0.354468	0.000436166	0.33851	0.0218814	0.000456854	0.000152116	0.00043712	0.00159782	0.0011524	0.00341543	0.239257	0.00134774	0.000382049
113	0.288924	0.0824809	0.00144305	0.00230375	0.00174032	0.0202462	0.00196151	0.0289622	0.0025534	0.0953833	0.0176225	0.0226125	0.000654122	0.00463946	0.00231425	0.115661	0.0965299	0.211594	0.000587194	0.00178659
114	0.170546	0.00617937	0.146899	0.015107	0.00108901	0.0831879	0.0409216	0.0108889	0.0329805	0.0117877	0.000876824	0.115983	0.000706468	0.0483089	0.0297587	0.169177	0.085655	0.0237748	0.00492875	0.00124288
115	0.0226173	0.00118904	0.00306361	0.0273819	0.0332838	0.00290082	0.0274507	0.0281724	0.00324792	0.538396	0.0782664	0.00393079	0.00165064	0.117053	0.003584	0.031299	0.0312456	0.00485486	0.000909271	0.0395028
116	0.016341	0.000257856	0.000459595	0.000568074	0.053924	0.000450706	0.000503671	0.0862803	0.00090345	0.686419	0.062669	0.00113685	0.00207261	0.00055835	0.00366917	0.00247927	0.011515	0.0665619	0.000814448	0.0024152
117	0.0464278	0.00167664	0.0213573	0.0388984	0.00321915	0.438299	0.0217131	0.00517179	0.0254859	0.00699097	0.00247853	0.10486	0.00123349	0.111205	0.128713	0.0243102	0.00816339	0.00581041	0.00126878	0.00271692
118	0.00435698	0.00475934	0.000424398	0.000648112	0.0216412	0.0004855	0.000453799	0.555493	0.000566033	0.149854	0.0106287	0.000684476	0.000193795	0.000671037	0.00464213	0.00273441	0.0098523	0.231296	0.000162153	0.000453032
119	0.0300218	0.00183451	0.00275538	0.0881572	0.00271664	0.00398603	0.0214267	0.0054956	0.247608	0.00832692	0.00347234	0.00637721	0.128614	0.06889	0.299347	0.0587679	0.010178	0.00731794	0.00164521	0.00306151
120	0.014298	0.00212298	0.0549138	0.0829183	0.00401704	0.00675724	0.175404	0.00733521	0.109302	0.00805308	0.00320242	0.0960318	0.00195316	0.184375	0.0548744	0.0552689	0.00994153	0.00742727	0.00148074	0.120323
121	0.01477	0.000229459	0.00031146	0.00194893	0.0180546	0.000356343	0.000329863	0.27056	0.000425082	0.379737	0.0243541	0.000417565	0.00013252	0.000417789	0.000441252	0.000742099	0.000985477	0.283926	0.00159045	0.00026925
122	0.0116896	0.00207167	0.00034492	0.000320156	0.00249933	0.000246631	0.000324113	0.349945	0.000303948	0.0452813	0.00287372	0.00132373	0.000107945	0.00156067	0.000301894	0.00235486	0.00487472	0.571999	8.60349e-05	0.00149054
123	0.014904	0.000205131	0.000310977	0.00192662	0.0188263	0.000356491	0.000334164	0.26774	0.000439137	0.385788	0.024481	0.000397561	0.000130612	0.000485204	0.000471138	0.000760822	0.00101037	0.279561	0.00160412	0.000266965
124	0.720138	0.0227799	0.00157578	0.00192841	0.0012222	0.0586635	0.00139521	0.0359298	0.00186333	0.0113378	0.00179927	0.00192693	0.000684116	0.00229918	0.00196696	0.0412596	0.0164589	0.0748927	0.000639195	0.00123919
125	0.0110659	0.00193852	0.0003032	0.000329495	0.00250937	0.000244631	0.000230871	0.353197	0.000301145	0.0453959	0.00271602	0.0012512	0.000114676	0.00162588	0.000290399	0.00221496	0.00464736	0.570118	8.62381e-05	0.00141862
126	0.0278933	0.00328528	0.0157324	0.0189976	0.00721723	0.0140773	0.0378016	0.0134526	0.015099	0.0156539	0.0260928	0.666396	0.00367284	0.01469	0.0130067	0.0423965	0.0401426	0.0142083	0.00230453	0.00787962
127	0.0732894	0.0151723	0.0280061	0.0465557	0.00765626	0.0131754	0.023919	0.024104	0.30398	0.0227711	0.00750873	0.0353596	0.0137132	0.0369013	0.175124	0.0580772	0.0594407	0.0366831	0.00329616	0.0152661
128	0.0138749	0.000654356	0.000549121	0.0013419	0.0330207	0.000502356	0.000511124	0.22182	0.000658984	0.43781	0.0637871	0.00134154	0.000768221	0.000738465	0.00302351	0.00226242	0.0149559	0.19578	0.00345607	0.00314405
129	0.00980235	0.000461654	0.774541	0.0716269	0.00316967	0.0175815	0.0110735	0.00754056	0.00454129	0.00283845	0.00135873	0.0468	0.000701668	0.00909958	0.00251465	0.0173368	0.00819378	0.00532102	0.00237242	0.00312447
130	0.0779286	0.000769473	0.00176925	0.00194273	0.00358011	0.00222156	0.00181475	0.0491594	0.00916889	0.530224	0.136999	0.00792357	0.0333891	0.00259131	0.0321349	0.0123866	0.0353534	0.0505221	0.000675592	0.00944566
131	0.0116297	0.000643715	0.00120077	0.00146085	0.0203392	0.0013588	0.00147196	0.211886	0.00142296	0.245186	0.165908	0.00234693	0.00208885	0.00168659	0.00744024	0.00307214	0.0777307	0.220655	0.0117715	0.0107005
132	0.0363562	0.0009584	0.457889	0.143314	0.00131807	0.199484	0.0105533	0.00277922	0.0122959	0.00303347	0.00113696	0.0771252	0.0173643	0.0119286	0.0104859	0.00468063	0.00424953	0.00315083	0.000604589	0.00129292
133	0.0134198	0.00418157	0.0176203	0.00119909	0.280206	0.00100423	0.0281481	0.00441668	0.00110144	0.0100201	0.000678931	0.0256716	0.00199239	0.001986	0.00232793	0.00290586	0.00223264	0.00892893	0.0555704	0.536388
134	0.100907	0.000861462	0.0017879	0.011748	0.00166114	0.0170753	0.00219492	0.0695827	0.0477924	0.0129649	0.00109117	0.0024421	0.000895628	0.00270104	0.225164	0.00466091	0.102236	0.391941	0.000694527	0.00159802
135	0.0118062	0.00251104	0.00980333	0.0014557	0.306904	0.00141354	0.0152026	0.0107157	0.00123943	0.0197663	0.000682512	0.0109427	0.0036892	0.0052157	0.00501833	0.00656351	0.00250279	0.00926429	0.0213895	0.553913
136	0.0628564	0.00037544	0.106846	0.187706	0.000909539	0.0164911	0.0362907	0.00648311	0.102037	0.0414911	0.000733998	0.190663	0.0028906	0.0508387	0.102711	0.0180487	0.0511651	0.015114	0.00284907	0.00350006
137	0.125571	0.00587469	0.0619839	0.169719	0.000467515	0.0409725	0.0237499	0.00180333	0.12615	0.0130965	0.000429729	0.0909263	0.011434	0.0854294	0.101922	0.0628903	0.0554993	0.0159743	0.000715559	0.00539036
138	0.00482446	0.00390949	0.000357415	0.000529628	0.019121	0.000409481	0.00042646	0.549372	0.000497001	0.132383	0.00892572	0.000547622	0.000171612	0.000617528	0.00422972	0.0024629	0.00885008	0.261861	0.000105285	0.000398616
139	0.0848307	0.0306101	0.00986242	0.123139	0.00136721	0.00964609	0.00194771	0.0394587	0.235242	0.0109042	0.000999616	0.0021436	0.000810177	0.0353342	0.17888	0.065213	0.0349159	0.132885	0.000557887	0.00125289
140	0.114432	0.0628385	0.00301999	0.0128691	0.181537	0.00312015	0.00584793	0.111748	0.00314992	0.0474481	0.015461	0.00515224	0.0302081	0.0057438	0.0042891	0.079121	0.0565455	0.121159	0.000854223	0.135455
141	0.00592757	0.00330693	0.000308882	0.000459858	0.0165734	0.000370952	0.000386883	0.525407	0.000421849	0.115852	0.00741328	0.000640037	0.000158468	0.00069244	0.00337784	0.00257677	0.00787483	0.307649	0.000108231	0.000493644
142	0.0835513	0.00160705	0.013787	0.0411278	0.0110957	0.0094267	0.00357694	0.00742297	0.0286027	0.0154526	0.00747992	0.00626225	0.602613	0.0385675	0.00854246	0.0557049	0.0351344	0.0217224	0.000719316	0.00760328
143	0.00963234	0.0016579	0.000886352	0.00125116	0.0151136	0.00113617	0.00123659	0.318677	0.00120711	0.203385	0.11372	0.00130156	0.000659537	0.00134725	0.00354052	0.00293391	0.0581745	0.252218	0.00698167	0.00493981
144	0.284497	0.01111	0.0166414	0.0213223	0.0142897	0.0284474	0.0123393	0.0227223	0.0154681	0.0315282	0.00803739	0.0204021	0.00787504	0.0203282	0.0192887	0.330608	0.0453892	0.0275918	0.00331402	0.0587998
145	0.412523	0.0105979	0.00698869	0.00777383	0.00467874	0.0323528	0.00475387	0.00659976	0.00731165	0.0106277	0.00571763	0.0152111	0.00457415	0.0175211	0.0152521	0.390348	0.0288938	0.0122327	0.00276351	0.00327843
146	0.0216253	0.00498529	0.0068611	0.00892153	0.0812601	0.00753203	0.0112221	0.171057	0.0794057	0.335398	0.0057759	0.0123007	0.00331849	0.00952592	0.132565	0.0557367	0.0161148	0.0232134	0.00337242	0.00980921
147	0.0606498	0.000422391	0.0938892	0.126018	0.000913395	0.0181797	0.0513651	0.0131419	0.140083	0.063795	0.000727507	0.193904	0.0062449	0.0517785	0.0903912	0.0173351	0.0374593	0.0215805	0.00584421	0.00627746
148	0.00656976	0.000247634	0.0122772	0.00587558	0.00042832	0.93993	0.0026894	0.00121028	0.00204475	0.00128761	0.000532268	0.00826399	0.000649382	0.000789702	0.000886998	0.0122665	0.00222546	0.00117943	0.000203684	0.000442546
149	0.012265	0.000942334	0.626669	0.179619	0.00912345	0.0207038	0.0148369	0.0129706	0.0136875	0.00341069	0.00108583	0.0313354	0.000877958	0.0176636	0.00365021	0.0165919	0.00935972	0.00479452	0.00959848	0.0108149
150	0.022127	0.00428846	0.00899545	0.0132341	0.00619505	0.00807125	0.0326118	0.0125138	0.00950341	0.0157378	0.0553968	0.690139	0.00425229	0.0160043	0.00993693	0.0335076	0.0337526	0.0134249	0.00267472	0.00763229
151	0.0119117	0.00216907	0.000341352	0.00032108	0.00258035	0.000249309	0.000318591	0.351549	0.000307519	0.0455912	0.00300586	0.00135239	0.000118587	0.00154366	0.000349187	0.00241799	0.00507307	0.56924	8.60808e-05	0.00147418
152	0.235863	0.0180131	0.00285021	0.00165634	0.0065977	0.0155237	0.00426567	0.0808207	0.00188161	0.0468713	0.011523	0.00468845	0.000526667	0.00418071	0.00204347	0.0417861	0.0585945	0.460849	0.000458725	0.00100639
153	0.0248226	0.000582333	0.160587	0.133334	0.0124449	0.023205	0.0373378	0.0168121	0.0601333	0.0297253	0.0272656	0.106877	0.000428178	0.0382264	0.0381519	0.048693	0.165597	0.0408748	0.000507552	0.0343935
154	0.0135404	0.0051018	0.0142123	0.0011746	0.278752	0.00105026	0.0351821	0.00436257	0.00103782	0.011781	0.000742994	0.0227722	0.00154997	0.00202865	0.00218877	0.00298009	0.00206394	0.010828	0.0487798	0.539871
155	0.0359192	0.000738731	0.144669	0.15042	0.00129475	0.0309512	0.0102954	0.0273339	0.139716	0.0115117	0.00123239	0.0194911	0.00899556	0.108276	0.0278138	0.0534488	0.222143	0.00337368	0.0006947	0.00168034
156	0.00525361	0.000212918	0.0122361	0.00580225	0.000416562	0.945493	0.00241573	0.000935569	0.00187958	0.00103277	0.000413231	0.00770966	0.000288882	0.000728096	0.000707296	0.0117246	0.00118185	0.000969364	0.000189801	0.000409537
157	0.125162	0.000379444	0.0838917	0.11342	0.00388791	0.0249706	0.000740636	0.00987475	0.0544614	0.022299	0.000518335	0.0333699	0.275759	0.0319889	0.0567309	0.10432	0.0353631	0.0221363	0.000270356	0.000455366
158	0.0270295	0.0015707	0.0015905	0.00240477	0.00156993	0.00162093	0.00172524	0.00406856	0.00198896	0.0125473	0.00130114	0.00199698	0.114491	0.00293226	0.00195351	0.239757	0.576189	0.00304	0.000649275	0.00157319
159	0.0133916	0.000242606	0.00037198	0.000695477	0.0532852	0.000387738	0.000386281	0.137816	0.000434677	0.616997	0.0509915	0.000720257	0.000183678	0.000457486	0.00175312	0.00196546	0.00783636	0.109247	0.00107694	0.00175964
160	0.0132903	0.000256405	0.000404423	0.000528165	0.0585134	0.00039633	0.000397628	0.0895174	0.000462985	0.693337	0.0583712	0.00081367	0.0001967	0.000530157	0.00211386	0.00214521	0.0100233	0.0657421	0.000817126	0.00214302
161	0.0461159	0.00048018	0.157575	0.416574	0.00193606	0.0198434	0.0462944	0.0027902	0.0277495	0.00330592	0.0010583	0.059964	0.000664201	0.0711968	0.0149259	0.0693697	0.0376301	0.00242043	0.00713763	0.0129686
162	0.0199481	0.00245655	0.00367236	0.00599806	0.0929595	0.00381925	0.10182	0.220497	0.00349108	0.145863	0.01451	0.00522521	0.00103149	0.0183593	0.0184405	0.01033	0.086191	0.0793556	0.0633192	0.102713
163	0.0162253	0.000626774	0.000513476	0.00088107	0.0567278	0.000600069	0.000848718	0.108397	0.00132199	0.624346	0.0667362	0.00170453	0.00200043	0.00160937	0.00454673	0.00383785	0.014379	0.088717	0.00197654	0.00400392
164	0.0214441	0.000713985	0.364229	0.305855	0.0025143	0.0198628	0.0395421	0.00460465	0.0222198	0.00621701	0.00173512	0.064191	0.00142229	0.0631054	0.0117289	0.0315577	0.0198122	0.00655405	0.00345127	0.009239
165	0.0480918	0.000892853	0.0455801	0.0308129	0.00114363	0.0309418	0.0330467	0.00930024	0.0148117	0.016849	0.0008637	0.200112	0.00069797	0.0442058	0.0245893	0.12885	0.335084	0.0176573	0.000584836	0.0158848
166	0.172522	0.0189766	0.00316951	0.00336248	0.194165	0.0325856	0.00365576	0.00615926	0.00362605	0.289286	0.0331046	0.00385962	0.0474165	0.00422486	0.00406727	0.0594881	0.00663126	0.0822344	0.028335	0.0031304
167	0.23508	0.00936611	0.0120212	0.0182734	0.0277503	0.0125948	0.0816936	0.0293548	0.0228864	0.0979863	0.010798	0.0223347	0.00711996	0.0192592	0.145592	0.042152	0.0416267	0.0283107	0.00700077	0.1288
168	0.00779883	0.000849601	0.00197524	0.00240089	0.404039	0.00187448	0.00187165	0.043944	0.0052295	0.346027	0.0738804	0.00233234	0.0099026	0.00361625	0.00288583	0.00936791	0.0100948	0.019122	0.000951875	0.0518362
169	0.0860687	0.000941762	0.00704341	0.0289359	0.00938339	0.00632302	0.00174182	0.00289555	0.025748	0.00884831	0.0101614	0.00216648	0.646339	0.0450179	0.00237764	0.0624785	0.0258514	0.0165344	0.000723518	0.0104197
170	0.0133442	0.00258653	0.00052334	0.000567774	0.00492696	0.000321541	0.000592235	0.376077	0.00064708	0.0571073	0.00371109	0.00152729	0.000143322	0.00158606	0.00100396	0.00315749	0.00588624	0.524738	0.000121131	0.00143099
171	0.0515685	0.0039256	0.226334	0.132606	0.00788636	0.0181741	0.0293397	0.013875	0.0332228	0.0274605	0.01263	0.045104	0.00623961	0.247672	0.0244438	0.0479741	0.0385929	0.018814	0.0037335	0.0104033
172	0.0130271	0.0153893	0.0217164	0.00893209	0.0926322	0.0185055	0.061921	0.0620504	0.00415833	0.142872	0.00514967	0.0202974	0.00108608	0.0064761	0.0252632	0.038832	0.102924	0.0321792	0.153834	0.172754
173	0.0156031	0.00373706	0.000835549	0.00247744	0.00873088	0.000614586	0.000680484	0.394783	0.000896898	0.0713434	0.00914278	0.0019309	0.000376599	0.00164337	0.00157725	0.00398069	0.0130404	0.465952	0.000415254	0.00223851
174	0.0619726	0.037159	0.00263267	0.0168514	0.0280278	0.00284537	0.0031849	0.198623	0.00463582	0.23097	0.0247979	0.0443133	0.00102895	0.0337192	0.0210884	0.0865582	0.046214	0.133405	0.000885776	0.021087
175	0.00468779	0.000395657	0.806022	0.0643375	0.00297374	0.0166358	0.0108426	0.0072774	0.00299567	0.0012599	0.00051496	0.0472156	0.000483519	0.00451789	0.000908182	0.014368	0.00495483	0.00463421	0.00205427	0.00292074
176	0.013377	0.00247778	0.0207509	0.00345568	0.374995	0.00315358	0.00944248	0.0207392	0.00336458	0.0200472	0.00278759	0.0106313	0.0146503	0.00925565	0.0185924	0.011835	0.00657012	0.0117616	0.0158335	0.426279
177	0.0173741	0.0528482	0.0117943	0.00746867	0.00557551	0.00382284	0.0183695	0.0172107	0.226205	0.00805368	0.004086	0.0343206	0.00303567	0.0186624	0.503051	0.0138234	0.0150619	0.0136726	0.00221563	0.0233485
178	0.11529	0.00504186	0.0145703	0.0548825	0.00698159	0.0685305	0.0275314	0.146802	0.0530309	0.0218787	0.00649176	0.023902	0.00312208	0.0231927	0.0324017	0.139368	0.125977	0.119079	0.00232916	0.00959713
179	0.0123856	0.00259102	0.00975145	0.00155177	0.298153	0.00139403	0.0154232	0.0108952	0.00126953	0.0201822	0.000638279	0.0109155	0.00361284	0.00530611	0.00494598	0.00651721	0.00256443	0.00923496	0.0214491	0.561218
180	0.614429	0.0227681	0.00294353	0.0029302	0.00207297	0.0181581	0.0025692	0.00577858	0.00318309	0.00918529	0.0240634	0.00345537	0.00194772	0.0468026	0.00307924	0.189466	0.0192388	0.0137423	0.0122317	0.00195461
181	0.0117672	0.000436236	0.0120985	0.00656398	0.000996761	0.924032	0.00358725	0.00106097	0.00246161	0.00140861	0.000635752	0.00861059	0.000363495	0.00244094	0.00171911	0.0157435	0.00344865	0.00150316	0.000467956	0.000653455
182	0.0671842	0.0008482	0.00147791	0.0256465	0.000948922	0.00850566	0.0310617	0.00865331	0.224789	0.0231393	0.00263754	0.0466217	0.000735515	0.0657791	0.326157	0.0621303	0.081269	0.0143195	0.00378693	0.00430855
183	0.0106379	0.00186641	0.000303623	0.000333598	0.0026234	0.000243216	0.000232456	0.356724	0.000306992	0.0463257	0.0026116	0.0012169	0.00011536	0.00158868	0.000294776	0.00220503	0.00450076	0.566402	8.78748e-05	0.00137962
184	0.231778	0.00134269	0.00430803	0.0832474	0.0030694	0.0551524	0.00881656	0.055233	0.0228006	0.0527583	0.00408546	0.0241915	0.00296769	0.0253999	0.0208028	0.21239	0.086038	0.0739004	0.0013391	0.0303796
185	0.261179	0.00572261	0.00200131	0.011287	0.00241006	0.0806507	0.0107111	0.00227609	0.00431044	0.0124932	0.00177696	0.0140843	0.00258059	0.0126451	0.0331625	0.508574	0.0278616	0.00346287	0.00074726	0.00206307
186	0.0462378	0.00124477	0.0133874	0.00775357	0.0009155	0.801849	0.0188793	0.00263361	0.00418162	0.00540061	0.00112817	0.0294677	0.00103647	0.00735754	0.00826962	0.0232728	0.0212388	0.00373861	0.000750944	0.00125616
187	0.0583629	0.000745353	0.0171909	0.0949602	0.00119481	0.0383359	0.0502667	0.137873	0.0397739	0.00427119	0.00113173	0.0343972	0.000711722	0.0345857	0.0448014	0.173995	0.156118	0.108305	0.00067185	0.00230715
188	0.0733723	0.0006491	0.00102019	0.0270448	0.000771145	0.00998023	0.0379081	0.00552916	0.244288	0.0183718	0.00153433	0.0493619	0.000680006	0.0559818	0.314124	0.0677552	0.0682249	0.0136187	0.00465614	0.00512779
189	0.0587937	0.000837703	0.00186593	0.020937	0.00162467	0.00182367	0.00176505	0.047243	0.118016	0.031929	0.00146764	0.00269004	0.168263	0.0120969	0.0130461	0.00419934	0.02335	0.487823	0.000772981	0.00145525
