243	20
1	0.0686221	0.0043871	0.250965	0.189464	0.00156008	0.0419455	0.0279514	0.0167155	0.0615991	0.0298086	0.00867124	0.0597414	0.0404105	0.0500001	0.0241767	0.0750772	0.0225068	0.0148937	0.000276399	0.0112275
2	0.0589125	0.00113296	0.0109867	0.0112993	0.0271133	0.00974644	0.00153675	0.170843	0.0223715	0.175293	0.0723533	0.0241181	0.0308934	0.0229709	0.0395084	0.0416127	0.0627618	0.189028	0.0127379	0.0147804
3	0.0196656	0.00936604	0.00133012	0.00192337	0.0508021	0.00201218	0.000951581	0.2087	0.00256219	0.444359	0.0659566	0.0056437	0.00488597	0.0026049	0.00563528	0.0188118	0.0147332	0.135485	0.000789672	0.00378137
4	0.102063	0.00343677	0.0173789	0.0307571	0.0454248	0.0239636	0.0135737	0.058744	0.0156669	0.447302	0.0128681	0.0147195	0.0195812	0.0262796	0.00839809	0.0395062	0.0302792	0.0800943	0.00658903	0.00337415
5	0.104774	0.00667184	0.0885035	0.0811957	0.00885673	0.134309	0.0296362	0.0219554	0.0483508	0.0349457	0.00916347	0.0626099	0.0152899	0.0280182	0.0404508	0.12515	0.10705	0.0341245	0.00489048	0.0140531
6	0.0167034	0.00137328	0.00290775	0.00239582	0.0161099	0.00273976	0.0173916	0.274333	0.0701549	0.0697059	0.00518874	0.0110665	0.0121728	0.00982048	0.0341579	0.0238764	0.0630866	0.343107	0.00154659	0.0221615
7	0.0158539	0.00108375	0.601848	0.0811166	0.000969005	0.010917	0.0313712	0.00559843	0.0286359	0.00697558	0.00214637	0.0973655	0.0131607	0.0246205	0.00972983	0.0353337	0.0168421	0.00342264	0.000253029	0.0127567
8	0.0102136	0.00723107	0.000983199	0.000991404	0.476624	0.00321474	0.0182752	0.0169979	0.00116603	0.109814	0.0163974	0.00611714	0.000910993	0.00105562	0.00568582	0.00369627	0.00355635	0.0150052	0.00391766	0.298147
9	0.0616173	0.00101265	0.0614247	0.24603	0.0275678	0.00318237	0.00314618	0.0119404	0.133636	0.00641216	0.0109335	0.0119953	0.00128952	0.158487	0.0383318	0.0394756	0.093674	0.0703054	0.000670258	0.0188679
10	0.00989311	0.00201851	0.0386857	0.00420292	0.299344	0.0063266	0.0222785	0.0414547	0.00561997	0.281945	0.00389356	0.00793981	0.142741	0.00497124	0.0405292	0.0267587	0.00821317	0.00617776	0.00158408	0.0454226
11	0.0670302	0.00229324	0.0938142	0.0896692	0.0102351	0.0299367	0.016438	0.00503549	0.0576371	0.0486206	0.00690484	0.0456458	0.283425	0.0571406	0.056563	0.0721695	0.0338809	0.0181407	0.000624399	0.00479508
12	0.102322	0.00147022	0.0371093	0.0356134	0.00624805	0.00352325	0.022696	0.00431411	0.0894524	0.014776	0.00184674	0.024334	0.326086	0.0563783	0.0799086	0.0770201	0.0689891	0.0446793	0.000644975	0.00258845
13	0.0550677	0.00119747	0.0113789	0.0108034	0.0247995	0.0096807	0.0019191	0.167442	0.025576	0.174569	0.0762334	0.0245089	0.0342866	0.0244753	0.0399007	0.0420031	0.0670285	0.181275	0.0143075	0.0135471
14	0.0248053	0.00385226	0.00330377	0.0135781	0.00509828	0.0334435	0.00440686	0.00852735	0.197798	0.0170197	0.00258028	0.0120401	0.00301425	0.0334129	0.558595	0.0397949	0.0250685	0.00904419	0.00104481	0.00357244
15	0.0149608	0.00198882	0.00195272	0.00236149	0.0141314	0.00237299	0.0157836	0.293895	0.056044	0.0708039	0.00706093	0.00855171	0.00880701	0.0083782	0.0271739	0.0183539	0.0613955	0.364686	0.000958004	0.0203401
16	0.0308157	0.00566478	0.00865131	0.0111104	0.0112981	0.0308178	0.00971621	0.0169289	0.123714	0.0217924	0.00606626	0.0188055	0.0127765	0.0453757	0.493462	0.0858951	0.0353632	0.0221611	0.00289867	0.00668629
17	0.0137369	0.00317484	0.00413109	0.0046943	0.00496421	0.0178927	0.00504964	0.0255282	0.083405	0.0271104	0.00355354	0.00744766	0.0667618	0.120674	0.480292	0.105748	0.0121536	0.00733981	0.00185427	0.00448793
18	0.108467	0.00726534	0.00374687	0.0074883	0.001952	0.00494567	0.00241097	0.00252214	0.00264637	0.0273554	0.00183688	0.00270151	0.680397	0.0141996	0.00294947	0.0799905	0.0148489	0.0317528	0.000725004	0.00179806
19	0.188463	0.0174141	0.00309019	0.00413946	0.0103947	0.00844459	0.00299916	0.124077	0.00481216	0.0624568	0.0404427	0.00648046	0.00460003	0.00585596	0.00775172	0.0406422	0.0645506	0.396473	0.00144526	0.00546637
20	0.00565132	0.00148688	0.00354551	0.0034174	0.00366266	0.00297343	0.751563	0.00302153	0.00337257	0.0110437	0.00311982	0.00937714	0.00164872	0.141198	0.00944479	0.00694616	0.00909061	0.00447394	0.00117354	0.0237894
21	0.0955982	0.0017418	0.0449777	0.04589	0.0431686	0.0243256	0.033808	0.0451703	0.0494446	0.296431	0.0201022	0.0412186	0.00720447	0.0308951	0.0238224	0.0565501	0.0618979	0.0561074	0.0147828	0.00686309
22	0.30395	0.00996863	0.00375798	0.00455095	0.00631294	0.0137123	0.00330137	0.0395511	0.0144464	0.235275	0.00646196	0.0058171	0.00349774	0.0119353	0.014151	0.0473412	0.0333644	0.23836	0.00119499	0.00304928
23	0.0646179	0.0104996	0.125093	0.0491729	0.00962908	0.0735802	0.013416	0.00781893	0.0421057	0.0113554	0.00530105	0.114978	0.00133909	0.0194399	0.0247051	0.192681	0.210611	0.0117134	0.0015481	0.0103941
24	0.0262533	0.00598723	0.000402255	0.00388794	0.00737325	0.00229024	0.000673289	0.341994	0.00101234	0.132829	0.040872	0.00076992	0.00197464	0.00689624	0.0010463	0.00420771	0.0197036	0.394015	0.000170033	0.00764208
25	0.18997	0.00232557	0.167398	0.216145	0.00279549	0.0290412	0.0197929	0.00852848	0.0638521	0.0157458	0.00600176	0.0510095	0.0200474	0.073967	0.015364	0.0660395	0.0263198	0.0173018	0.000656944	0.00769763
26	0.0370146	0.0024025	0.00394572	0.0913371	0.00487076	0.00855014	0.00459323	0.0098352	0.255746	0.0644131	0.00349953	0.0359646	0.00276084	0.0117859	0.399917	0.0160442	0.0339873	0.00887333	0.00140996	0.00304921
27	0.0198116	0.0035473	0.0027773	0.00139504	0.500846	0.00657719	0.00737335	0.0196659	0.00160711	0.24197	0.0122366	0.00784677	0.00367612	0.00155738	0.00667267	0.00444352	0.00383886	0.00932204	0.00101071	0.143824
28	0.0924976	0.00213292	0.00640895	0.223735	0.00391125	0.00974589	0.0226714	0.0221187	0.15765	0.0115962	0.00289202	0.155804	0.00289519	0.0655955	0.116974	0.0559245	0.0366157	0.00561617	0.00180657	0.00340856
29	0.0426909	0.00184135	0.00359971	0.10715	0.00388598	0.00483208	0.00295647	0.00953722	0.258505	0.0879583	0.00420303	0.0306033	0.00231486	0.0053398	0.380139	0.00882096	0.0364009	0.00508565	0.00123726	0.00289861
30	0.650755	0.00142717	0.00247939	0.00264115	0.00339609	0.278746	0.00234314	0.00344832	0.0033628	0.00456911	0.00246514	0.00445621	0.00163847	0.00301083	0.00413314	0.00757066	0.0050055	0.0153188	0.00103052	0.00220216
31	0.0247127	0.0055566	0.00071224	0.00363432	0.0159824	0.00276752	0.00161592	0.301064	0.0021519	0.130895	0.0408598	0.00154697	0.00281048	0.00872973	0.00266735	0.00676363	0.0268583	0.386955	0.000395356	0.033321
32	0.170022	0.00170786	0.0314216	0.133428	0.00675808	0.0378516	0.00651518	0.00498778	0.0812345	0.00623265	0.00256911	0.0625834	0.00169384	0.0825577	0.094712	0.154047	0.103372	0.00933648	0.00215049	0.00681884
33	0.110326	0.00358181	0.00690009	0.0166001	0.00709121	0.00973733	0.0092908	0.100651	0.158191	0.166455	0.0336306	0.0127327	0.00418036	0.00946382	0.297275	0.0163343	0.0162051	0.0114763	0.00381423	0.00606146
34	0.0303243	0.00549347	0.013712	0.0274316	0.0154419	0.01412	0.0242646	0.027889	0.0174734	0.158309	0.30357	0.0242447	0.0132047	0.136818	0.0198314	0.0308	0.0759104	0.0437525	0.00649571	0.0109145
35	0.0190087	0.00120457	0.0017116	0.00598344	0.00226173	0.0476624	0.00193293	0.0046866	0.176657	0.00783196	0.00174286	0.00474559	0.00313154	0.0406496	0.642415	0.0272246	0.00534045	0.00317959	0.000730295	0.00189943
36	0.222081	0.00224314	0.158963	0.202883	0.00211329	0.0301309	0.0179181	0.00725052	0.0591051	0.0147806	0.00516113	0.0566619	0.0174	0.0741488	0.014475	0.0737115	0.0214169	0.012522	0.000657488	0.00637533
37	0.0126768	0.00670637	0.00128824	0.00134464	0.0540488	0.00139778	0.000953229	0.213447	0.00185339	0.493965	0.0632176	0.00554419	0.00459394	0.00223925	0.00547518	0.00989245	0.01189	0.105978	0.00074954	0.00273818
38	0.142429	0.00525273	0.0827242	0.0609732	0.00335872	0.0183449	0.0236229	0.00562311	0.0484234	0.0221263	0.00295673	0.0194176	0.300017	0.0368086	0.0387531	0.11689	0.0425325	0.0205498	0.00055388	0.00864213
39	0.131847	0.00548588	0.185477	0.163779	0.00202687	0.0406568	0.022541	0.010608	0.0543428	0.0348986	0.00697578	0.0367415	0.073939	0.0433021	0.0359716	0.1016	0.0209469	0.0114691	0.000306891	0.0170837
40	0.0498837	0.0109905	0.108759	0.0566236	0.014502	0.0766571	0.0129205	0.00780769	0.0319451	0.0161819	0.00500315	0.130939	0.0017286	0.0169035	0.0166505	0.21003	0.212149	0.00904396	0.00129265	0.00998863
41	0.00458063	0.00054358	0.684136	0.0498083	0.00140958	0.00430862	0.0346858	0.0041717	0.0197731	0.00249283	0.000930505	0.10993	0.00584986	0.01778	0.00610792	0.0253326	0.0146682	0.00163774	0.000400864	0.0114523
42	0.0966008	0.00734038	0.0370584	0.0291372	0.0156659	0.0811359	0.00840089	0.0127428	0.0201562	0.0389196	0.025796	0.0281605	0.413431	0.0319517	0.0276392	0.065493	0.0310169	0.0227567	0.00154413	0.0050525
43	0.0381604	0.00957159	0.0157361	0.0198508	0.0221578	0.0172526	0.141054	0.0842725	0.0266364	0.18045	0.0161479	0.02577	0.0109304	0.0219649	0.193852	0.0364358	0.0294219	0.0252856	0.0727144	0.0123351
44	0.0108378	0.00205208	0.0043745	0.00435608	0.00536928	0.0442202	0.00348859	0.00646062	0.00508742	0.00727956	0.00330108	0.0735947	0.00332901	0.00537094	0.0265032	0.773866	0.00842268	0.00652838	0.00197532	0.00358229
45	0.0165096	0.00456991	0.00123548	0.00112729	0.522741	0.00532517	0.00971014	0.0188315	0.00144892	0.190198	0.0155432	0.00611276	0.0011848	0.00130248	0.00571684	0.00333091	0.00324685	0.0116456	0.00147394	0.178746
46	0.151789	0.00151796	0.0415929	0.032595	0.0119148	0.024823	0.0226754	0.0334285	0.138233	0.0477226	0.0416708	0.0250636	0.00138097	0.0260938	0.0382684	0.0751632	0.169777	0.0437111	0.0260053	0.046574
47	0.161179	0.00436879	0.0288882	0.0850845	0.0164586	0.0224016	0.0434178	0.0148585	0.0464271	0.0449459	0.00898625	0.139451	0.00854192	0.0909433	0.0761167	0.128998	0.0455722	0.0186429	0.00468869	0.0100294
48	0.0407681	0.00531857	0.0253288	0.0776443	0.0222429	0.0192252	0.0634717	0.0266293	0.0262223	0.201313	0.106042	0.0310059	0.0121865	0.153425	0.0228612	0.0335273	0.0469814	0.0684849	0.00728455	0.0100364
49	0.20541	0.010758	0.012332	0.0126928	0.0310229	0.0218608	0.0108447	0.0337491	0.0258719	0.0638112	0.112546	0.0244258	0.00681122	0.0161703	0.0195284	0.134564	0.0497533	0.033409	0.10991	0.0645292
50	0.0189962	0.00067063	0.1252	0.0431742	0.00283309	0.0186227	0.0265007	0.00167096	0.113547	0.00300096	0.0132485	0.479911	0.00105027	0.019509	0.0292379	0.028136	0.0507278	0.00818145	0.000680955	0.0151011
51	0.026434	0.00595946	0.000395413	0.00374629	0.00895412	0.00227684	0.000661218	0.341625	0.000996769	0.134877	0.0415004	0.000767492	0.00203998	0.00671405	0.00100776	0.00411293	0.0191847	0.391182	0.000181639	0.00738177
52	0.00495967	0.00167103	0.00199501	0.00268046	0.0189979	0.00277349	0.777197	0.00337809	0.00276952	0.00960625	0.00249938	0.0108662	0.00145018	0.0783585	0.00909336	0.00547309	0.00923855	0.00374822	0.00186905	0.0513746
53	0.0363287	0.178451	0.0141089	0.160084	0.0165961	0.0185403	0.0192197	0.0196461	0.0245382	0.0324721	0.0150745	0.0274643	0.0126349	0.0937895	0.158761	0.0346204	0.0291748	0.0211282	0.0724381	0.0149292
54	0.210519	0.00518914	0.00839366	0.00822126	0.0175862	0.0195598	0.00505796	0.0886011	0.0209528	0.189259	0.0324773	0.0173123	0.00955403	0.0280441	0.0224414	0.0732979	0.0640999	0.161996	0.006657	0.0107812
55	0.00292648	0.0151294	0.0010117	0.00124436	0.233468	0.00125896	0.0466435	0.00919803	0.00131777	0.00928654	0.00686145	0.0176563	0.000630771	0.00129931	0.00251291	0.00635079	0.00641071	0.0178674	0.013424	0.605502
56	0.0959813	0.187909	0.0223679	0.0320874	0.035279	0.0421254	0.0189895	0.0392212	0.0219738	0.0578962	0.0211321	0.0447808	0.0233317	0.0272146	0.0434108	0.0958822	0.065592	0.0665884	0.0254137	0.0328227
57	0.0231605	0.0015307	0.131382	0.0466118	0.00400568	0.0276671	0.0263642	0.00228188	0.0957463	0.00382251	0.0117121	0.449408	0.00126983	0.0208082	0.0250473	0.0400131	0.0665009	0.00796494	0.000594332	0.014109
58	0.0603944	0.0034844	0.25024	0.204998	0.00145921	0.0391845	0.0311482	0.0125472	0.0711215	0.0233758	0.00799484	0.0645231	0.0311305	0.0543859	0.0220788	0.0765244	0.0205136	0.0118997	0.000295161	0.0127003
59	0.0282185	0.00646943	0.000436509	0.00352457	0.00830103	0.0026079	0.000637574	0.33501	0.000983025	0.128243	0.0417882	0.000787221	0.00240825	0.00636736	0.00100594	0.00417456	0.0184744	0.403198	0.00017688	0.00718722
60	0.00514884	0.00232078	0.002899	0.00359239	0.00727079	0.0029112	0.805097	0.0030458	0.00313273	0.00904087	0.00255131	0.0095398	0.00158852	0.0839032	0.0104704	0.00584238	0.00919027	0.00340211	0.00101114	0.028041
61	0.0712493	0.00311816	0.0631371	0.00843563	0.184374	0.120759	0.00896396	0.00825067	0.0119081	0.014868	0.00575383	0.131566	0.00403497	0.0612911	0.0699691	0.142843	0.0149734	0.0108331	0.00218865	0.0614827
62	0.0239629	0.110672	0.0154797	0.0134825	0.0114739	0.11539	0.044325	0.0146293	0.0129615	0.0116239	0.011477	0.216735	0.00465776	0.0110305	0.0129674	0.176231	0.169954	0.0122148	0.00182922	0.00890317
63	0.0569345	0.0111995	0.0120806	0.0128931	0.0409745	0.0142599	0.00880682	0.0150519	0.0128963	0.0333511	0.0194477	0.017342	0.0106525	0.0125154	0.0201098	0.189098	0.0564598	0.0179517	0.393225	0.0447499
64	0.00873568	0.00465174	0.00080225	0.00100098	0.11334	0.00128333	0.00111997	0.26736	0.00114519	0.381631	0.062937	0.00215223	0.00183397	0.00127658	0.0030821	0.00746003	0.00897118	0.125638	0.000721014	0.00485906
65	0.0445923	0.00705749	0.0228491	0.0157031	0.266962	0.0217822	0.0266236	0.04699	0.0265212	0.0943578	0.0175539	0.0413254	0.0144028	0.0202269	0.0311572	0.0547746	0.0882118	0.0503797	0.0124056	0.0961234
66	0.0221651	0.00344933	0.00317026	0.00143849	0.494798	0.00652934	0.00672701	0.019826	0.00176584	0.252698	0.0116784	0.00862287	0.00449672	0.00175081	0.00680952	0.00490792	0.00362756	0.00864227	0.00108751	0.135809
67	0.119767	0.00451666	0.0206502	0.0212224	0.00514386	0.0103287	0.00968427	0.00486601	0.0289323	0.0215347	0.0043141	0.014435	0.519384	0.0343044	0.0241555	0.0751006	0.0495945	0.0278054	0.00110474	0.00315646
68	0.0145688	0.0151408	0.00282753	0.00319238	0.0843002	0.00352264	0.00279902	0.00387944	0.00368735	0.0397933	0.0123063	0.00481398	0.00197848	0.00316178	0.0146139	0.018257	0.00536159	0.00450431	0.674804	0.0864869
69	0.00500049	0.00112191	0.00275289	0.00305579	0.0109077	0.00289498	0.794425	0.00329589	0.00356706	0.0101546	0.00220984	0.0126556	0.00205052	0.0817592	0.0122606	0.00684356	0.00986209	0.00390353	0.000954007	0.0303249
70	0.0293023	0.00536275	0.0112714	0.0141742	0.010519	0.0327717	0.0087108	0.0164381	0.124535	0.0185046	0.00481053	0.017821	0.0142096	0.049948	0.490368	0.0895984	0.0322813	0.020524	0.00226084	0.00658871
71	0.125479	0.0288683	0.00525505	0.00521504	0.0694661	0.0065127	0.00523512	0.00693996	0.00591718	0.152553	0.172616	0.00850606	0.00345609	0.00644763	0.00978225	0.0253867	0.00899562	0.00771536	0.288891	0.0567616
72	0.00429233	0.0103914	0.000892881	0.00100768	0.352615	0.00152473	0.0321131	0.0125451	0.00107435	0.0371562	0.0138027	0.00987216	0.000554642	0.00107293	0.00372376	0.00500236	0.00464718	0.0170538	0.00825169	0.482406
73	0.00876365	0.00788081	0.000608991	0.000677065	0.0540186	0.000807222	0.000604804	0.213575	0.00081644	0.521165	0.0633762	0.00442614	0.00322156	0.0008373	0.00421086	0.00982818	0.0101487	0.0933683	0.000267829	0.00139739
74	0.00616442	0.004175	0.00261136	0.00357785	0.0599215	0.00362649	0.627312	0.00560598	0.00370668	0.00972024	0.00345836	0.016461	0.00229311	0.059966	0.00971736	0.00700935	0.0105067	0.00701795	0.00342463	0.153724
75	0.00580086	0.0133636	0.00130685	0.00128327	0.252795	0.0017957	0.0317675	0.0101973	0.00164549	0.0254143	0.010362	0.0130438	0.000938068	0.00166055	0.00544032	0.00731189	0.00634261	0.0160482	0.105917	0.487566
76	0.0139308	0.00567375	0.00585545	0.00699103	0.28242	0.00856568	0.370665	0.00946068	0.00841323	0.0150482	0.00569143	0.0703004	0.00458958	0.00835611	0.0116338	0.0155059	0.0131857	0.0118481	0.00554507	0.12632
77	0.0597486	0.00281357	0.0869798	0.230584	0.0112547	0.0171145	0.0140511	0.0135352	0.168169	0.0209982	0.00977219	0.065324	0.0110904	0.0719106	0.0734597	0.0563808	0.0476805	0.025018	0.00199995	0.0121153
78	0.0183407	0.00116238	0.00179183	0.00721944	0.00221683	0.0477136	0.00196519	0.00438912	0.172764	0.0082055	0.00187548	0.00522735	0.00302351	0.037203	0.651041	0.0246449	0.00504892	0.0036591	0.000710763	0.00179759
79	0.0684081	0.00840925	0.00519002	0.00710462	0.0194748	0.0112269	0.00474455	0.240854	0.0153059	0.102705	0.0425765	0.0153417	0.00929044	0.0128524	0.0163574	0.0351111	0.0717207	0.296953	0.00400778	0.0123657
80	0.0237855	0.00669689	0.00127648	0.00290449	0.044439	0.00207559	0.000987464	0.232068	0.0027184	0.394793	0.0662955	0.00502664	0.00475703	0.00359016	0.00572856	0.011309	0.0155964	0.169668	0.00105357	0.00522969
81	0.651187	0.00147703	0.00249882	0.00263098	0.00339583	0.27841	0.00235648	0.00344727	0.00338668	0.00455719	0.00246578	0.00449528	0.0017132	0.00302203	0.00400477	0.0076354	0.00497385	0.0151189	0.00104306	0.00217961
82	0.0117759	0.00214865	0.0799291	0.07969	0.00486407	0.00610909	0.00426481	0.0064375	0.331038	0.00753012	0.00372942	0.0281737	0.0032856	0.033499	0.0476057	0.32756	0.00933766	0.00660365	0.00175396	0.00466317
83	0.0105884	0.006372	0.00106076	0.00123243	0.0706004	0.00118348	0.0010551	0.222202	0.00182329	0.476117	0.0671179	0.00455738	0.00370885	0.00161101	0.00476669	0.00989883	0.0100764	0.101256	0.000931806	0.00384019
84	0.0135092	0.00627117	0.000977373	0.00173517	0.048699	0.00156334	0.000734653	0.268389	0.00171847	0.38215	0.0587611	0.00392954	0.00426939	0.00275992	0.00492024	0.00942876	0.0166274	0.169484	0.000781872	0.00329037
85	0.0095677	0.000660456	0.162754	0.0487525	0.00711036	0.544908	0.0135681	0.00195745	0.0281292	0.0085247	0.00115572	0.0937256	0.0043331	0.0135271	0.0231034	0.0233823	0.0107846	0.00212631	0.000567281	0.00136159
86	0.0189074	0.00121596	0.220099	0.0691422	0.00650181	0.412091	0.0167692	0.00416598	0.0324965	0.0115188	0.0022277	0.0934999	0.00960722	0.0186246	0.0229172	0.034205	0.0171114	0.00420815	0.000765831	0.00392483
87	0.0077079	0.00080091	0.662859	0.0617315	0.00106854	0.00671073	0.0323195	0.0047606	0.0213679	0.00440378	0.00120024	0.101242	0.0107512	0.0192174	0.00699231	0.0292557	0.0143833	0.00222559	0.000261699	0.0107397
88	0.0602423	0.0131366	0.0944703	0.0611666	0.00981848	0.075365	0.0165995	0.00814583	0.0395779	0.0105771	0.00612675	0.114277	0.00123837	0.0218939	0.0179124	0.215704	0.210407	0.0100177	0.000917169	0.0124065
89	0.017109	0.00595725	0.0041251	0.00532362	0.479156	0.00962003	0.0180148	0.0256256	0.00522967	0.144477	0.0158115	0.00922636	0.0056507	0.00657439	0.00996422	0.00824549	0.00903183	0.0200928	0.0135982	0.187167
90	0.158935	0.0424534	0.0126044	0.0101247	0.00447415	0.0407874	0.00573981	0.018108	0.0112847	0.0109766	0.0121866	0.0298283	0.0148378	0.0093046	0.0164723	0.177239	0.260685	0.156239	0.00327136	0.00444859
91	0.00807407	0.00670015	0.000608635	0.000617919	0.0646233	0.000738442	0.000609229	0.227247	0.000853988	0.495791	0.0651806	0.00357678	0.00257025	0.000803086	0.00363374	0.00833843	0.00830394	0.100263	0.000289356	0.00117723
92	0.0844231	0.00631702	0.0161468	0.0171482	0.0179768	0.0137684	0.00727601	0.0187813	0.0114371	0.0728225	0.0080785	0.0133075	0.539703	0.024625	0.0154006	0.0656163	0.0192443	0.040977	0.00184616	0.00510447
93	0.0041478	0.0104981	0.000941716	0.00100549	0.333579	0.00141933	0.0309583	0.0130869	0.00109139	0.0316509	0.012082	0.0102224	0.000573295	0.00105648	0.00337274	0.00510612	0.00487516	0.017809	0.00878173	0.507743
94	0.0163294	0.0158874	0.00407541	0.00430526	0.0807094	0.00471566	0.00362844	0.00515026	0.0056388	0.0406789	0.0134832	0.00636225	0.00250446	0.00476976	0.0158041	0.0213942	0.0070412	0.00561124	0.658967	0.0829439
95	0.362847	0.0598032	0.00509214	0.00202787	0.00539903	0.125083	0.00249729	0.00371356	0.00606427	0.0048861	0.00188119	0.0408111	0.0531686	0.00235907	0.00576751	0.259201	0.0529568	0.00343121	0.000822031	0.00218899
96	0.0197519	0.01547	0.00323981	0.0036447	0.0818372	0.00397261	0.00300463	0.00404225	0.00420239	0.0461172	0.0188511	0.00487915	0.00192138	0.00351864	0.0145419	0.0186176	0.00586874	0.00508319	0.654692	0.0867436
97	0.0363581	0.00359272	0.482854	0.0717371	0.00683289	0.0237173	0.0267857	0.0103608	0.036509	0.0177104	0.00493776	0.0822877	0.0189433	0.0266227	0.0427487	0.0464148	0.0335001	0.0130756	0.00244965	0.0125623
98	0.0860415	0.0157913	0.00576164	0.00416722	0.0304233	0.0072625	0.0931309	0.0216578	0.00513722	0.0155956	0.0293589	0.23317	0.00274883	0.00506982	0.0148011	0.260611	0.121539	0.0339167	0.00133086	0.0124852
99	0.0204791	0.00323825	0.00110008	0.00369658	0.106414	0.00138438	0.0011489	0.304845	0.00163723	0.280184	0.128085	0.00261338	0.00151086	0.00146353	0.00268601	0.00750197	0.00509613	0.117255	0.000508401	0.00915181
100	0.0958499	0.00641645	0.0178483	0.017101	0.00434963	0.00901702	0.006458	0.00352779	0.0130585	0.0285555	0.00293858	0.0104505	0.618791	0.0213615	0.0121623	0.0766914	0.0214291	0.0302744	0.0011888	0.00253057
101	0.175229	0.00921597	0.148729	0.137467	0.00297452	0.0423844	0.019599	0.0123683	0.0419235	0.0367001	0.00499901	0.0252691	0.087028	0.0391977	0.0351944	0.127444	0.02173	0.0131789	0.000319238	0.0190493
102	0.0889392	0.00210198	0.00336834	0.0209084	0.0894351	0.00478614	0.00342725	0.258717	0.00470182	0.103484	0.237895	0.00616258	0.0030644	0.00447137	0.00580906	0.0244456	0.00728328	0.0731066	0.0013614	0.0565316
103	0.00435025	0.0102454	0.000888459	0.00100913	0.358487	0.00156463	0.0316459	0.012807	0.00107047	0.0386174	0.0141515	0.00972435	0.000562855	0.00107442	0.00388587	0.00494212	0.00462036	0.0170414	0.00809865	0.475213
104	0.158081	0.0016308	0.0756253	0.0355909	0.0108919	0.0340896	0.0183632	0.0170325	0.0938635	0.0275842	0.0145702	0.0419477	0.000813267	0.0308121	0.0684204	0.0982545	0.185321	0.0614384	0.0156288	0.0100398
105	0.104047	0.0039238	0.00338166	0.0134184	0.00329234	0.030585	0.00752089	0.0387346	0.00353524	0.0222342	0.0120078	0.110411	0.0686811	0.0124877	0.00491188	0.166221	0.358317	0.0328873	0.00115406	0.00224754
106	0.106066	0.006961	0.00372422	0.00761953	0.00203868	0.00485055	0.00246369	0.00261249	0.00236983	0.0276512	0.00185412	0.00262688	0.678007	0.0145054	0.00286213	0.0843127	0.0149586	0.0321647	0.000674213	0.00167669
107	0.00812028	0.00567488	0.000629944	0.000698088	0.0786398	0.000839351	0.000718163	0.242978	0.000924416	0.46036	0.0631686	0.00291535	0.00238767	0.000865675	0.00351371	0.00748944	0.00799796	0.110157	0.000300506	0.00162075
108	0.00260897	0.0144127	0.00100085	0.000925212	0.23833	0.00111742	0.0402173	0.00944173	0.00115069	0.00962172	0.00705955	0.0160912	0.000604799	0.00121908	0.00244989	0.0062012	0.00606892	0.0180464	0.0136133	0.609819
109	0.00392023	0.000450465	0.697501	0.0497066	0.00078955	0.00394601	0.0323063	0.00382326	0.0190821	0.00229598	0.000573323	0.106882	0.00568049	0.0172625	0.00571333	0.0249185	0.01348	0.00109948	0.000237492	0.0103314
110	0.105243	0.000601497	0.0452978	0.0436531	0.00336359	0.00285372	0.0193059	0.00174421	0.0745202	0.0146524	0.00132754	0.0254119	0.36958	0.0512213	0.0572483	0.0860782	0.06811	0.0280908	0.000497911	0.00119873
111	0.0911249	0.00156558	0.0567938	0.0539451	0.00561103	0.0135439	0.0183041	0.00317189	0.0655861	0.0247716	0.00386739	0.0425836	0.341644	0.054092	0.063572	0.074101	0.0585654	0.024391	0.000803166	0.00196267
112	0.0274121	0.0017093	0.169979	0.0818412	0.00640467	0.335197	0.0144956	0.00504425	0.0429983	0.0209191	0.00578227	0.0763272	0.0817703	0.0255731	0.0351505	0.0349513	0.0217039	0.00678904	0.000733751	0.00521764
113	0.119107	0.00248022	0.0201658	0.0237647	0.0642993	0.0170528	0.0370133	0.0305569	0.121949	0.040826	0.00930357	0.0639592	0.00207378	0.0461184	0.120597	0.0859098	0.11035	0.0641663	0.00629439	0.0140117
114	0.0270689	0.00328812	0.00443063	0.00454929	0.0541194	0.00402567	0.00247909	0.195112	0.0106519	0.296194	0.0486711	0.0115016	0.0183421	0.00985708	0.0211436	0.0211327	0.0424046	0.194484	0.0048306	0.0257129
115	0.052237	0.0109782	0.000608403	0.0022348	0.0168893	0.00170881	0.00064366	0.263416	0.0015412	0.0877919	0.0448204	0.00112786	0.00650586	0.00403108	0.00153707	0.00399553	0.0120122	0.483749	0.000301987	0.00387038
116	0.0663713	0.00276087	0.145976	0.131894	0.00787025	0.0511321	0.0226391	0.00931896	0.0616002	0.0510067	0.0127171	0.0631096	0.152038	0.0631178	0.0450482	0.0656374	0.0217367	0.0168108	0.000743273	0.00847196
117	0.192953	0.00922688	0.0941683	0.0883216	0.00467049	0.12974	0.0255756	0.011768	0.0257048	0.0385282	0.0045056	0.0200825	0.0684371	0.0235318	0.0274581	0.163054	0.0336955	0.0127878	0.000950303	0.0248404
118	0.160443	0.00254761	0.0221078	0.00362353	0.0567479	0.171028	0.00391622	0.0378473	0.00505824	0.0268258	0.0989998	0.0230522	0.247142	0.0211817	0.0236181	0.0448804	0.023904	0.0222131	0.0013422	0.00352111
119	0.0922547	0.0158243	0.0768737	0.0328071	0.01506	0.338552	0.0146885	0.0115829	0.0255091	0.0186448	0.00660828	0.0713183	0.0176923	0.0160132	0.0325599	0.128099	0.0512662	0.020385	0.00293503	0.0113257
120	0.0913802	0.000920613	0.00147854	0.0134981	0.00169944	0.0187342	0.00703697	0.0370477	0.00161586	0.0155901	0.0122535	0.101208	0.0640222	0.014172	0.0021254	0.138456	0.438836	0.037783	0.000805096	0.00133723
121	0.00830233	0.0047306	0.000679937	0.000838306	0.0905119	0.000859495	0.000672108	0.286381	0.000966057	0.377525	0.0654458	0.00193812	0.0014284	0.00107308	0.0027201	0.00617426	0.00729508	0.140937	0.000351679	0.00116937
122	0.0761856	0.0105672	0.137028	0.243786	0.0138408	0.0348227	0.0227619	0.0152183	0.0696565	0.0276176	0.0121697	0.0538979	0.0236335	0.0583254	0.0397304	0.0657174	0.0456668	0.025056	0.00977662	0.0145414
123	0.105836	0.00307918	0.0670603	0.00825834	0.00543195	0.0744599	0.00620867	0.0249125	0.0658556	0.129556	0.00457963	0.0834131	0.00266414	0.00843677	0.0903412	0.191871	0.057533	0.0633285	0.0028585	0.00431601
124	0.140707	0.0013254	0.0079258	0.00616103	0.0267148	0.0455341	0.00350716	0.146447	0.0195658	0.0767031	0.0800906	0.0327136	0.00926479	0.0307243	0.0289952	0.0789057	0.104684	0.121981	0.0155809	0.0224692
125	0.159021	0.0236324	0.00965734	0.0106183	0.00436207	0.0221719	0.00406302	0.00503973	0.00596693	0.0368629	0.00313559	0.00651185	0.534616	0.0136004	0.00747846	0.103093	0.018183	0.026658	0.00194214	0.00338561
126	0.00408016	0.00110144	0.00192464	0.00215132	0.00625735	0.00228903	0.816504	0.0027503	0.00254266	0.00845648	0.00196048	0.00936624	0.00125394	0.0848108	0.00927714	0.00460537	0.00868313	0.00305118	0.000873383	0.0280608
127	0.0140846	0.0196904	0.0066493	0.00746377	0.00746833	0.272385	0.00913803	0.0356116	0.00728859	0.0112479	0.00497028	0.310918	0.00379877	0.00740185	0.0090006	0.0514039	0.205369	0.00883377	0.00195822	0.00531723
128	0.0962852	0.000776978	0.00138613	0.0144076	0.00158691	0.0165492	0.00738893	0.0394653	0.00161108	0.0163664	0.0131429	0.102905	0.0649986	0.0137711	0.00193004	0.133893	0.43373	0.0379963	0.000737036	0.00107156
129	0.0438358	0.00948457	0.00050501	0.00251979	0.0134216	0.00185665	0.000576825	0.280984	0.00117127	0.0993276	0.0442786	0.000857529	0.00477842	0.00453505	0.00113483	0.00404427	0.0138522	0.467967	0.000193096	0.00467593
130	0.0156873	0.00297915	0.00896776	0.00976224	0.010011	0.010216	0.672766	0.0118048	0.0137253	0.0218792	0.00506283	0.0150983	0.00740321	0.0666902	0.0553143	0.0169707	0.0168167	0.0103693	0.00521098	0.0232646
131	0.0566484	0.000956256	0.010555	0.00777873	0.0291994	0.0120093	0.00214581	0.182688	0.0317079	0.145102	0.0588797	0.0275421	0.0228529	0.0234828	0.048566	0.044159	0.0633477	0.205192	0.0107044	0.0164827
132	0.0161458	0.0205046	0.00286752	0.00339348	0.101258	0.00421603	0.00818815	0.0043887	0.00417229	0.0396614	0.0152041	0.00723709	0.0022422	0.00333248	0.01418	0.0174506	0.00612169	0.00659108	0.615002	0.107842
133	0.113551	0.0769519	0.00253888	0.00199846	0.00222127	0.0222176	0.00213556	0.0129561	0.00272001	0.00387333	0.013107	0.00346575	0.00152655	0.00259098	0.0151072	0.175532	0.270459	0.274165	0.000972873	0.00191026
134	0.0234328	0.00247385	0.14806	0.0646132	0.00859945	0.453213	0.0151404	0.00462122	0.0326841	0.0116597	0.00281172	0.101383	0.00939312	0.0180787	0.0256135	0.0394662	0.0274104	0.00628196	0.000886979	0.00417715
135	0.0420279	0.0013181	0.00705253	0.0317817	0.12262	0.0958191	0.0476678	0.0202614	0.0555882	0.0675295	0.0159567	0.105618	0.00256799	0.0631806	0.135392	0.0671475	0.0401717	0.0419974	0.00188879	0.034412
136	0.0832144	0.00531019	0.167876	0.151796	0.0115678	0.030715	0.036564	0.0492191	0.0629081	0.0663048	0.0129615	0.0632329	0.0261498	0.0423174	0.0252161	0.0648645	0.0413613	0.0434687	0.00432832	0.010624
137	0.00392023	0.000450465	0.697501	0.0497066	0.00078955	0.00394601	0.0323063	0.00382326	0.0190821	0.00229598	0.000573323	0.106882	0.00568049	0.0172625	0.00571333	0.0249185	0.01348	0.00109948	0.000237492	0.0103314
138	0.0291985	0.00497295	0.00366972	0.0075654	0.0449783	0.00415655	0.00334731	0.212252	0.0055256	0.262384	0.139174	0.00919682	0.00778258	0.0143808	0.00883983	0.0153629	0.024126	0.190676	0.00422847	0.0081821
139	0.0749992	0.0156173	0.0252392	0.0169164	0.0192522	0.138359	0.013246	0.0310401	0.0343757	0.052286	0.0157654	0.0363118	0.0107778	0.0189405	0.101258	0.13221	0.073574	0.170097	0.00601661	0.0137186
140	0.102283	0.00235322	0.0728403	0.013948	0.0282823	0.0130024	0.0385132	0.0380743	0.0442619	0.0288864	0.00938793	0.171242	0.00175583	0.0136526	0.0319383	0.0764733	0.181428	0.104387	0.00610667	0.0211835
141	0.0205725	0.00323945	0.00540671	0.00209733	0.441636	0.00658362	0.00674005	0.0340098	0.00245961	0.291542	0.0125244	0.0109771	0.00914776	0.00232385	0.00851349	0.00702785	0.00514028	0.014399	0.00115588	0.114504
142	0.143074	0.0083693	0.0272229	0.0255629	0.0218448	0.155103	0.0151991	0.0166615	0.112945	0.0260923	0.0120609	0.0890928	0.0107228	0.022996	0.0299455	0.11019	0.0457382	0.0210313	0.00454416	0.101603
143	0.152667	0.00405797	0.0617679	0.0267922	0.00971771	0.0357664	0.0116296	0.0113316	0.0645364	0.018785	0.0101678	0.030869	0.00389465	0.021991	0.0626981	0.185689	0.205435	0.0540603	0.0213326	0.00681072
144	0.271018	0.0299527	0.0108055	0.00856115	0.0134122	0.0678691	0.00541444	0.00894177	0.0110695	0.0104007	0.00509513	0.0291257	0.0347726	0.00757741	0.0132958	0.363756	0.0829761	0.0104682	0.00898086	0.00650622
145	0.651628	0.00142375	0.00248911	0.00262532	0.00337231	0.27847	0.00234197	0.00344323	0.00335244	0.00456628	0.00245605	0.00446815	0.00163634	0.00301119	0.00399091	0.00737597	0.00497369	0.0151557	0.00104334	0.00217654
146	0.0630167	0.0043471	0.00833662	0.0175475	0.0739097	0.0256311	0.0368672	0.020117	0.12729	0.0566346	0.00780073	0.0647203	0.00281502	0.0399689	0.22601	0.0868841	0.0628171	0.0477087	0.00298826	0.0245897
147	0.00750432	0.000712121	0.672955	0.0565928	0.000908421	0.00688956	0.0319913	0.00451495	0.0208833	0.00384903	0.00113247	0.104209	0.00676671	0.0185598	0.00715841	0.0275877	0.0150242	0.00199955	0.000318581	0.0104428
148	0.0921599	0.00586058	0.0155654	0.0272841	0.00448712	0.00832519	0.00570077	0.00456126	0.0168779	0.0381917	0.0029775	0.0116224	0.572763	0.0227106	0.0160155	0.0911674	0.023041	0.0372039	0.000838048	0.00264689
149	0.026289	0.00598685	0.000398932	0.00381958	0.00737883	0.00230169	0.000671891	0.342158	0.000994377	0.133144	0.0409675	0.000776083	0.0019639	0.00684555	0.00102008	0.00418742	0.0196298	0.393677	0.00017226	0.0076173
150	0.0229608	0.0052928	0.00223187	0.00285557	0.165953	0.00462741	0.00456711	0.222682	0.00443397	0.215979	0.0478241	0.00451062	0.00432251	0.00470306	0.00635133	0.0128328	0.0193152	0.197942	0.0020982	0.0485173
151	0.00259721	0.0131084	0.00096071	0.000909433	0.249683	0.00107181	0.0344967	0.00952441	0.0010095	0.0119646	0.00781812	0.0137455	0.00057529	0.00114107	0.00251063	0.00587528	0.00613586	0.0174506	0.0120958	0.607327
152	0.38993	0.0614597	0.00576225	0.00183923	0.00568817	0.12332	0.00191779	0.0022841	0.00628724	0.00430253	0.00161862	0.0269079	0.0565021	0.00195225	0.00615878	0.253292	0.04513	0.00295428	0.000716225	0.00197639
153	0.0226871	0.00369323	0.0108278	0.0170963	0.014378	0.0115446	0.558248	0.0118185	0.0146854	0.0460161	0.0136007	0.0463396	0.0042827	0.0865161	0.0240471	0.0274807	0.0458603	0.0169781	0.00258624	0.0213131
154	0.00544523	0.00132258	0.00261897	0.00332392	0.00700353	0.00342589	0.799479	0.00317681	0.00313584	0.0133551	0.00285199	0.0107708	0.00178125	0.0832724	0.010258	0.0061578	0.0101767	0.00398928	0.0011202	0.0273345
155	0.386774	0.0596415	0.00517942	0.00188025	0.00535568	0.126564	0.00179184	0.00243289	0.00598646	0.00402831	0.00160267	0.0294363	0.0529846	0.00209519	0.00562664	0.254015	0.048889	0.00292959	0.000729931	0.00205585
156	0.0479284	0.00878735	0.023796	0.0203447	0.0330123	0.019585	0.0233505	0.0683834	0.0294575	0.185664	0.120055	0.1526	0.0147394	0.0291057	0.0294849	0.0514419	0.052233	0.0601455	0.013162	0.0167228
157	0.0290451	0.00731053	0.000447796	0.00364535	0.00924544	0.00210827	0.000775952	0.325742	0.00128163	0.123194	0.0409738	0.000812904	0.00264372	0.0066728	0.0011308	0.00494796	0.0196111	0.413094	0.000185334	0.00713163
158	0.0447106	0.00517735	0.375687	0.0777729	0.0199421	0.0388459	0.025858	0.0213606	0.0341209	0.0786588	0.0114486	0.0665975	0.0288658	0.0306045	0.0236883	0.0520587	0.0282371	0.0198747	0.00287192	0.0136182
159	0.0229226	0.00314693	0.00525779	0.0137424	0.00694808	0.0373023	0.00718564	0.0113936	0.137929	0.0179157	0.00407781	0.00996293	0.00850817	0.0373884	0.597737	0.0390476	0.0182558	0.0134722	0.00288528	0.00492075
160	0.00900111	0.00709592	0.000809558	0.000915159	0.0466441	0.0011303	0.000723248	0.197863	0.00107049	0.542061	0.0692988	0.00686087	0.00442687	0.00113327	0.00433248	0.00977557	0.0115664	0.0834321	0.000296526	0.00156267
161	0.0183084	0.0156573	0.0036875	0.00440546	0.0807514	0.00448107	0.00380227	0.00530429	0.00493096	0.0415321	0.0154489	0.00602028	0.00249617	0.00459508	0.0157926	0.0201769	0.00699067	0.00619867	0.655983	0.0834373
162	0.0636195	0.0261971	0.0739	0.075617	0.00473679	0.0592983	0.043543	0.0128484	0.0494965	0.00656444	0.0147048	0.0956643	0.00102559	0.0403417	0.016304	0.18446	0.182928	0.0188624	0.00101323	0.028875
163	0.00392023	0.000450465	0.697501	0.0497066	0.00078955	0.00394601	0.0323063	0.00382326	0.0190821	0.00229598	0.000573323	0.106882	0.00568049	0.0172625	0.00571333	0.0249185	0.01348	0.00109948	0.000237492	0.0103314
164	0.104695	0.000611957	0.0452061	0.0433426	0.00338059	0.00276705	0.0192739	0.00174591	0.074696	0.0145934	0.00136818	0.0254066	0.370499	0.0509082	0.0571964	0.0861122	0.0685809	0.0278957	0.000526079	0.00119456
165	0.021339	0.00164305	0.548905	0.123257	0.00144441	0.0142713	0.0273122	0.00660999	0.0333163	0.00850442	0.00361282	0.0799301	0.0124404	0.0299394	0.0109403	0.0397798	0.0207921	0.00524687	0.000225536	0.0104899
166	0.0147266	0.0148466	0.0028777	0.00299498	0.134875	0.00365574	0.00647466	0.00572263	0.00291381	0.0513172	0.0135178	0.00560698	0.00236756	0.00312173	0.0161655	0.014962	0.00545731	0.00683236	0.550301	0.141263
167	0.015171	0.00658775	0.00108345	0.00161585	0.0500084	0.00149362	0.000936621	0.228509	0.00184985	0.445572	0.0675468	0.00488427	0.00376729	0.00257005	0.00484785	0.00991898	0.0127872	0.137235	0.000660629	0.00295376
168	0.0188212	0.000687326	0.125514	0.0436014	0.00283546	0.0190035	0.0264029	0.00166753	0.111371	0.00268587	0.0130382	0.483161	0.0010416	0.0195111	0.0282572	0.0277948	0.0508419	0.00820722	0.000581947	0.0149756
169	0.162257	0.00227896	0.00596974	0.00412621	0.0239171	0.00901944	0.00423714	0.0075416	0.00545236	0.00761623	0.00384194	0.0101905	0.0233595	0.00540953	0.00995947	0.430816	0.241023	0.0108488	0.027614	0.00452149
170	0.138699	0.00682597	0.0416859	0.110716	0.0102831	0.0502619	0.0103131	0.00549251	0.0660358	0.00505182	0.00452154	0.0618187	0.00114932	0.0610638	0.0518872	0.213567	0.136726	0.00828276	0.000979151	0.0146386
171	0.0190563	0.00411603	0.00422825	0.00268963	0.339527	0.00580722	0.00605736	0.0779977	0.00258787	0.356311	0.0251086	0.00814907	0.00717038	0.00243431	0.00657393	0.00811485	0.006895	0.0374658	0.00120305	0.0785062
172	0.0170939	0.00151389	0.00237695	0.00226279	0.175691	0.0132697	0.0130293	0.15497	0.00332787	0.184044	0.0161707	0.00442744	0.00300879	0.00368543	0.00552963	0.0374581	0.0612769	0.171981	0.00141332	0.127469
173	0.0187775	0.00384126	0.00308543	0.00192312	0.491091	0.0111094	0.00836668	0.0242764	0.00198855	0.218797	0.0128873	0.00772016	0.00526448	0.00220673	0.00772169	0.00688639	0.00681769	0.0145693	0.00123285	0.151437
174	0.0026416	0.014443	0.00104319	0.00108374	0.235185	0.00121327	0.0456991	0.00922889	0.00128183	0.00880422	0.00679475	0.0177826	0.000649533	0.00126396	0.00260873	0.00634936	0.00613248	0.0178334	0.0140645	0.605897
175	0.0082252	0.00120135	0.582169	0.0484987	0.00582179	0.0165764	0.029393	0.00433517	0.0298373	0.00300623	0.00271577	0.165524	0.00502646	0.0188873	0.00977866	0.0315222	0.0204506	0.00260333	0.000491684	0.0139356
176	0.0644479	0.00698296	0.150758	0.184463	0.00832291	0.0327968	0.0386164	0.0121298	0.0643439	0.0307829	0.0336302	0.05113	0.0208436	0.0808838	0.0245615	0.075699	0.0752914	0.0263076	0.00242806	0.0155807
177	0.0187295	0.000667518	0.125418	0.0435007	0.00282275	0.018818	0.0264978	0.00167221	0.112198	0.00266507	0.0131467	0.482501	0.0010413	0.0193937	0.0283885	0.0278279	0.0507953	0.00824584	0.000585536	0.0150859
178	0.0274944	0.00129919	0.0055601	0.00445581	0.0373932	0.00565675	0.0081566	0.232644	0.0417028	0.121908	0.0267011	0.0208827	0.015087	0.0149754	0.0382122	0.0253986	0.0541892	0.284931	0.00500501	0.028347
179	0.0324914	0.0135335	0.00285931	0.00498694	0.0174936	0.00380498	0.0110829	0.0209898	0.238567	0.0256143	0.00277053	0.0316101	0.00227149	0.0334032	0.307531	0.106048	0.101221	0.0325551	0.00142688	0.0097389
180	0.0506109	0.0110427	0.000562793	0.0022051	0.0160293	0.00169591	0.000604986	0.267949	0.00135117	0.0891878	0.0448962	0.000955857	0.00598669	0.00402694	0.00129447	0.00385071	0.0122172	0.481372	0.00021969	0.00393983
181	0.0358211	0.0163411	0.00203994	0.00307938	0.0186343	0.00392999	0.0106055	0.0174283	0.234896	0.0199117	0.00207452	0.0307042	0.00182095	0.0380232	0.3007	0.109079	0.113642	0.0288663	0.00119708	0.0112057
182	0.0238814	0.00343668	0.00299216	0.00348892	0.0354368	0.0031762	0.00917169	0.265983	0.041285	0.10119	0.0205827	0.0109709	0.00965602	0.0101338	0.0244573	0.0166529	0.0474856	0.348851	0.00209788	0.0190705
183	0.0280302	0.00239416	0.00311898	0.00458448	0.0042542	0.0572004	0.00463606	0.00774859	0.185391	0.0114241	0.00305735	0.0120024	0.00560445	0.0701702	0.507037	0.0693989	0.0136785	0.00593179	0.00164768	0.00268926
184	0.0138668	0.00222493	0.57137	0.0583238	0.00261706	0.0124027	0.0411428	0.006473	0.0257806	0.00884507	0.00373801	0.111295	0.00996462	0.05319	0.00968735	0.0317062	0.0202431	0.00534416	0.000727075	0.0110573
185	0.113421	0.076962	0.00257374	0.00206856	0.00221295	0.0218094	0.00224083	0.0132669	0.00273207	0.00400011	0.0134497	0.0034354	0.00154319	0.00258277	0.0148692	0.177472	0.26802	0.274377	0.000952516	0.00201037
186	0.00823334	0.00544665	0.000642962	0.000752433	0.0822695	0.000790987	0.000661177	0.254574	0.00088334	0.440606	0.0639447	0.00259458	0.00211959	0.000856452	0.00319839	0.00719622	0.00754407	0.116176	0.000302406	0.00120714
187	0.00393517	0.0004517	0.697102	0.0496688	0.000802124	0.00397117	0.032205	0.00386893	0.0191833	0.00237538	0.000572152	0.107019	0.00566218	0.0172961	0.00585122	0.024903	0.0135083	0.0011166	0.000236957	0.0102711
188	0.0962852	0.000776978	0.00138613	0.0144076	0.00158691	0.0165492	0.00738893	0.0394653	0.00161108	0.0163664	0.0131429	0.102905	0.0649986	0.0137711	0.00193004	0.133893	0.43373	0.0379963	0.000737036	0.00107156
189	0.0791978	0.00257919	0.026705	0.0128121	0.010407	0.0275749	0.012478	0.00850645	0.220067	0.0600397	0.0183757	0.112452	0.00297123	0.0627228	0.151359	0.0813171	0.0739055	0.0148823	0.0161219	0.0055251
190	0.0244221	0.00583408	0.00589522	0.0106334	0.0292915	0.00660029	0.00813684	0.091517	0.00753553	0.33479	0.306685	0.0158195	0.00576906	0.0328753	0.0101465	0.0178196	0.0257176	0.0434001	0.00666406	0.0104465
191	0.0168824	0.00124538	0.00194923	0.00268581	0.00221698	0.0685603	0.00203732	0.00499933	0.142912	0.00512061	0.00192619	0.00367376	0.0034959	0.0425734	0.661899	0.0281737	0.00373587	0.00327181	0.000733774	0.00190708
