308	20
1	0.0934529	0.00961679	0.0798267	0.0927917	0.00713863	0.0239686	0.0106434	0.0116604	0.0738842	0.0107117	0.00864555	0.118026	0.0406978	0.0525823	0.0299353	0.169303	0.143798	0.0166294	0.000324372	0.0063625
2	0.0238026	0.00594075	0.00474351	0.0133082	0.0229228	0.00811526	0.00464846	0.0571086	0.00778468	0.522225	0.147747	0.0113764	0.0276923	0.0169217	0.0124031	0.0301653	0.0408877	0.0383292	0.000392887	0.00348443
3	0.139575	0.0161055	0.0699288	0.10539	0.00476632	0.0432813	0.0118258	0.012562	0.0517397	0.0385712	0.0196649	0.0743113	0.0122247	0.0913351	0.0200918	0.157415	0.10318	0.0220965	0.0021132	0.00382145
4	0.0643806	0.00615537	0.0829806	0.0636051	0.0141237	0.310997	0.00930801	0.00492027	0.0380597	0.011691	0.00536754	0.061281	0.0158911	0.0282589	0.0321375	0.171052	0.0616362	0.015035	0.000627649	0.00249157
5	0.0201207	0.0732035	0.00596031	0.00739108	0.230876	0.0336468	0.0766203	0.0261752	0.0134902	0.0560759	0.011428	0.0367656	0.00424966	0.0413786	0.0258058	0.0362287	0.0443668	0.0421893	0.00166857	0.212359
6	0.0231445	0.0175876	0.00493512	0.00346305	0.0178941	0.00488881	0.00659585	0.288344	0.00685436	0.0977222	0.0240359	0.00632725	0.00658843	0.00590239	0.00366597	0.0169356	0.0276178	0.430746	0.00126671	0.00548349
7	0.0741159	0.0103043	0.0756336	0.0652069	0.0170395	0.287766	0.0142961	0.0167511	0.0463611	0.0260494	0.0117996	0.0516356	0.0159485	0.0317134	0.0329888	0.13376	0.044871	0.0350762	0.00215821	0.00652426
8	0.0132459	0.0289887	0.00364865	0.00552199	0.317725	0.00920678	0.0333035	0.0551151	0.00939596	0.110031	0.029893	0.00687465	0.00418104	0.01643	0.0058316	0.0129606	0.0151613	0.0321806	0.000622826	0.289682
9	0.102595	0.00909591	0.0903968	0.0733329	0.0123067	0.2082	0.0185513	0.00783293	0.0328609	0.0170341	0.00866861	0.0496073	0.0134778	0.0355917	0.0334263	0.202591	0.0478434	0.0329075	0.000927102	0.00275155
10	0.0875602	0.0151746	0.0939201	0.0609677	0.0085149	0.0285899	0.0101481	0.0170984	0.0475855	0.0117382	0.0119101	0.154319	0.0137643	0.0406901	0.0302192	0.198454	0.145349	0.0108826	0.000206197	0.0129071
11	0.0224011	0.00640436	0.00431887	0.00833592	0.0193864	0.0154039	0.00561093	0.043565	0.0118842	0.52212	0.195457	0.0104003	0.0176487	0.0140482	0.0183692	0.0206935	0.0297764	0.0297711	0.000846733	0.00355766
12	0.0738423	0.00944694	0.020997	0.0204173	0.0157695	0.011773	0.020024	0.0532792	0.0368055	0.0543437	0.0215611	0.0173136	0.340293	0.0380887	0.0220285	0.0940896	0.0260286	0.115519	0.00166563	0.00671412
13	0.0253888	0.00290848	0.265425	0.150608	0.00282957	0.0354688	0.0336278	0.00929229	0.0683483	0.0147963	0.00518681	0.219694	0.00361533	0.0355894	0.0129462	0.0438058	0.0490814	0.00636563	0.000254908	0.014768
14	0.0462497	0.0125535	0.0380117	0.0681608	0.010024	0.0256726	0.0388258	0.0141573	0.194605	0.0392632	0.023298	0.0473746	0.008644	0.160544	0.130894	0.057581	0.0434657	0.0280463	0.000840946	0.0117875
15	0.00616715	0.0114347	0.00363828	0.00157348	0.022398	0.0031785	0.00292814	0.346696	0.00252078	0.242606	0.0435112	0.00363033	0.00412884	0.00478174	0.00322999	0.0112388	0.0136522	0.264755	0.00189349	0.00603674
16	0.0126654	0.0353849	0.00347375	0.00716455	0.263902	0.0130485	0.053163	0.038526	0.0100261	0.053697	0.0124574	0.00935443	0.00289793	0.0218798	0.0114345	0.0176135	0.0283673	0.0408025	0.000766514	0.363375
17	0.0725689	0.00911797	0.0852591	0.0720646	0.00930342	0.061854	0.0167261	0.0113862	0.0621206	0.0121794	0.0106559	0.121664	0.0133293	0.0455964	0.0562121	0.219637	0.100809	0.0126733	0.00057636	0.00626597
18	0.0355669	0.00249251	0.00739489	0.0458937	0.0048053	0.0141458	0.0177175	0.00825975	0.39519	0.0316176	0.0154115	0.0233509	0.00122226	0.0583142	0.263002	0.0343686	0.0255036	0.0117662	0.000280578	0.00369563
19	0.302386	0.0481336	0.00346564	0.00550869	0.00433193	0.00367922	0.00345944	0.0219963	0.00967795	0.0325254	0.0183608	0.00660574	0.0484624	0.0131805	0.0410696	0.307919	0.0743347	0.0519383	0.000715715	0.00224875
20	0.0390625	0.0182648	0.00246209	0.00325206	0.00569736	0.00215835	0.00711874	0.203537	0.0083245	0.0733792	0.0185594	0.00823725	0.00676298	0.00447002	0.00338731	0.0270733	0.0482499	0.518668	0.000407372	0.0009274
21	0.0201451	0.0191283	0.0326716	0.0246806	0.00263747	0.0323136	0.0732854	0.0133106	0.143872	0.0303582	0.0128358	0.100996	0.00982516	0.169497	0.19093	0.0447733	0.0372715	0.0105072	0.000299396	0.0306619
22	0.0531033	0.00873174	0.0551029	0.0551303	0.0140328	0.245779	0.0187853	0.0124462	0.095968	0.0249788	0.013967	0.0508648	0.013253	0.0459917	0.0974869	0.118333	0.0449343	0.0229027	0.00210426	0.00610339
23	0.0290655	0.115208	0.0046807	0.0050161	0.219654	0.0422138	0.0285711	0.0430627	0.0101027	0.103757	0.0180911	0.0173784	0.00415607	0.0273154	0.0115816	0.0413904	0.0408208	0.0645415	0.00293906	0.170455
24	0.0418344	0.0235108	0.10739	0.0910448	0.00696435	0.0223116	0.0257895	0.0630685	0.0284509	0.0248372	0.0209731	0.0631768	0.00923463	0.0605114	0.0234735	0.174709	0.122971	0.0826622	0.000837137	0.00624935
25	0.0353418	0.0173136	0.0649321	0.0542682	0.154137	0.0224823	0.0276468	0.0643046	0.0406359	0.113955	0.0819281	0.0355804	0.0137257	0.0495521	0.0289108	0.0455807	0.0335261	0.0692476	0.00191539	0.0450154
26	0.0702759	0.013898	0.0646198	0.0524176	0.00949395	0.0247638	0.0117904	0.0170137	0.0457257	0.0211904	0.0147636	0.132212	0.0258025	0.0413947	0.030676	0.187378	0.204623	0.0215546	0.00065067	0.00975539
27	0.00544838	0.0119565	0.00336627	0.00146197	0.0267663	0.00361927	0.00272334	0.31027	0.0025355	0.288811	0.0533528	0.00333871	0.00361468	0.00495416	0.00349172	0.0127955	0.0131692	0.240508	0.00164229	0.00617433
28	0.0217386	0.00659781	0.00328278	0.00636027	0.0153087	0.00774161	0.00518034	0.0444528	0.0118159	0.415019	0.305425	0.0132047	0.0135834	0.0147754	0.026448	0.0166464	0.0365814	0.0314151	0.000630305	0.00379231
29	0.0974524	0.0509615	0.0499154	0.0405266	0.0199167	0.0270703	0.0214413	0.070182	0.0371411	0.0738675	0.0257678	0.0317477	0.0100023	0.0513596	0.0266197	0.0749286	0.0757143	0.198199	0.00240225	0.0147839
30	0.030721	0.0179497	0.00358307	0.00259983	0.00698704	0.00285689	0.00770167	0.235802	0.00657278	0.0777746	0.0196794	0.00672534	0.00597962	0.00412496	0.00250669	0.020761	0.03567	0.510009	0.000708481	0.00128671
31	0.0806546	0.00873752	0.0750961	0.0790626	0.0126813	0.230339	0.0127944	0.0109496	0.0448548	0.0232535	0.012796	0.0570313	0.0142888	0.047899	0.0319651	0.150894	0.0782665	0.0231757	0.0010762	0.0041839
32	0.00413857	0.015928	0.00142099	0.00186778	0.0462916	0.00327009	0.00207215	0.184084	0.00329666	0.438566	0.0771347	0.00335589	0.00421527	0.00618735	0.0060652	0.0203676	0.0169536	0.154994	0.000776289	0.00901442
33	0.0626133	0.00831742	0.0710551	0.0587346	0.0167159	0.302132	0.0117502	0.00887097	0.0412345	0.018764	0.00860809	0.0550187	0.0164955	0.0304401	0.0320478	0.171909	0.0564304	0.0233555	0.00120299	0.0043034
34	0.0360986	0.00571116	0.0106386	0.0446252	0.00640836	0.0141974	0.0198754	0.0107319	0.367877	0.0323574	0.0175297	0.0244655	0.00233364	0.0608764	0.256663	0.0379422	0.0288673	0.0154436	0.00169392	0.00566391
35	0.0443657	0.0185386	0.0164981	0.0139795	0.00575655	0.0231197	0.00657714	0.00827964	0.0199924	0.0277042	0.00751753	0.0731145	0.00699638	0.0262425	0.0234455	0.327995	0.321564	0.0113966	0.000650616	0.0162661
36	0.0689214	0.0167776	0.0379704	0.0420936	0.016349	0.0229066	0.0149058	0.0319911	0.0534575	0.057486	0.0223071	0.0630703	0.0119711	0.0424249	0.0426663	0.167356	0.223445	0.0462078	0.00121492	0.0164777
37	0.0149515	0.0164199	0.00423944	0.00574872	0.126426	0.00527106	0.00704091	0.0860989	0.0105168	0.425648	0.109865	0.0101501	0.017552	0.0112567	0.0090833	0.020891	0.0181622	0.0627115	0.000531832	0.0374353
38	0.00496071	0.0100289	0.00389443	0.00128485	0.0198827	0.00327817	0.00305506	0.413214	0.00213788	0.204857	0.0384311	0.00380743	0.00413334	0.0040508	0.00237047	0.00933507	0.0114714	0.252932	0.00196016	0.00491527
39	0.0139103	0.0013117	0.289183	0.167606	0.00183176	0.0449949	0.0378616	0.00563318	0.0785368	0.0144429	0.00205272	0.252506	0.00197415	0.0321411	0.00341272	0.0153157	0.0240025	0.00275806	0.000302551	0.0102231
40	0.0252813	0.0241077	0.00580667	0.00425334	0.00430955	0.0219471	0.0039586	0.00519807	0.0146807	0.0260172	0.0047901	0.0718321	0.00334431	0.0219845	0.0205776	0.377045	0.339064	0.00666025	0.000451297	0.0186905
41	0.0181668	0.00579079	0.00217127	0.00683698	0.0233669	0.00648592	0.00245444	0.0491861	0.00506102	0.613555	0.143579	0.00611173	0.0210673	0.00977771	0.00949298	0.0182565	0.0251647	0.0298971	0.000343867	0.0032345
42	0.0201521	0.0328936	0.00617727	0.00721194	0.255273	0.0118332	0.0235825	0.0723651	0.0172564	0.203834	0.0537795	0.0150948	0.0121167	0.0190821	0.0111909	0.0236729	0.0176983	0.0502833	0.00114732	0.145356
43	0.040809	0.0108699	0.0156922	0.029068	0.0102612	0.0137272	0.0300952	0.0195064	0.189092	0.0998622	0.0819988	0.0715476	0.00588116	0.0813778	0.125857	0.0823147	0.048184	0.029822	0.00323987	0.0107931
44	0.165544	0.0139515	0.0460585	0.0584741	0.00743027	0.0213567	0.00842495	0.0135773	0.038718	0.029697	0.0149791	0.061797	0.0163491	0.0565215	0.0392377	0.223048	0.156154	0.0228334	0.00116358	0.00468484
45	0.074582	0.00918895	0.124283	0.0916936	0.00709126	0.0217764	0.0141455	0.020689	0.0550649	0.0119401	0.0134116	0.148911	0.0117293	0.0440119	0.0326611	0.165144	0.127909	0.0159863	0.000161544	0.00962016
46	0.00382105	0.0135015	0.00238785	0.00148189	0.0371059	0.00344226	0.00246325	0.271667	0.00255511	0.349095	0.0611577	0.00313487	0.00312535	0.00527626	0.00459023	0.0158027	0.0147715	0.19596	0.00129409	0.00736715
47	0.0162357	0.00185446	0.318885	0.187887	0.00301952	0.041863	0.0302258	0.00717696	0.0750375	0.0178705	0.00355351	0.171152	0.00287118	0.0296986	0.00771992	0.0193639	0.0215475	0.00492779	0.000559103	0.0385508
48	0.0396511	0.0204066	0.0430417	0.0582435	0.00266874	0.0257416	0.0720765	0.0100065	0.145665	0.0408389	0.0233888	0.0718309	0.00810987	0.176654	0.130048	0.0548993	0.040661	0.0159207	0.000258528	0.0198885
49	0.0949144	0.00964251	0.0765422	0.0915618	0.00697677	0.0250065	0.01224	0.0113412	0.0758303	0.0136101	0.0100148	0.11314	0.0379353	0.0602592	0.029731	0.172142	0.136882	0.0153827	0.000468726	0.00637863
50	0.09168	0.0160764	0.0990335	0.0721395	0.00970359	0.026401	0.00957377	0.0126443	0.0599041	0.011437	0.0118615	0.129374	0.0171633	0.0470445	0.0304541	0.168285	0.168297	0.0112262	0.000274245	0.00742842
51	0.0375515	0.0174589	0.00420633	0.00529885	0.00800575	0.00486436	0.00805112	0.200754	0.0106037	0.082555	0.0217537	0.0105412	0.0108578	0.00675562	0.006353	0.0283242	0.0532591	0.480219	0.000656069	0.00193088
52	0.0457398	0.017797	0.0535772	0.102008	0.00251861	0.0189178	0.0553191	0.00491555	0.223859	0.0289325	0.0204144	0.0296909	0.00240241	0.154853	0.125753	0.0389651	0.0444268	0.0198077	0.000262314	0.00984123
53	0.00926269	0.00963337	0.00494092	0.00143238	0.0135638	0.00344385	0.00395816	0.413647	0.00251478	0.135093	0.0271757	0.00415339	0.00495117	0.00398041	0.00186266	0.00802059	0.0144202	0.331355	0.00311484	0.00347517
54	0.0356455	0.0186628	0.0503302	0.0774754	0.0019826	0.0240805	0.0593197	0.00763159	0.17299	0.0342614	0.0185651	0.0560528	0.00512831	0.171257	0.152226	0.0445389	0.0394854	0.0154627	0.000179457	0.0147241
55	0.0060569	0.0146574	0.00205164	0.00172128	0.0368494	0.00332479	0.00241371	0.221464	0.00327591	0.375283	0.0668327	0.00371937	0.00455374	0.00556065	0.00488368	0.017576	0.0165182	0.205237	0.0010391	0.00698166
56	0.0299732	0.00522406	0.0199802	0.0915163	0.00605934	0.0127356	0.0303469	0.00970459	0.321288	0.0312817	0.0147371	0.020498	0.00237728	0.0800804	0.23281	0.035894	0.030011	0.0192779	0.000247464	0.00595739
57	0.0384997	0.000664721	0.23791	0.494219	0.00471415	0.0133711	0.00869371	0.0076546	0.030577	0.0152206	0.00664411	0.0192264	0.0051754	0.0395173	0.0192263	0.0332291	0.0117744	0.00970783	0.00139772	0.00257701
58	0.052735	0.0052609	0.0767432	0.0598909	0.0155011	0.323378	0.00980793	0.00404675	0.0482658	0.0103042	0.00522283	0.0682609	0.0164016	0.0255539	0.036662	0.181386	0.0432426	0.0147988	0.000733833	0.00180419
59	0.0705786	0.00904174	0.0846248	0.0625496	0.0108662	0.0925041	0.0129949	0.0114969	0.0562944	0.0131919	0.0139982	0.130792	0.0130874	0.049136	0.0302253	0.213887	0.105808	0.0119329	0.000438855	0.00655063
60	0.0146227	0.0111453	0.00473899	0.00162649	0.0137902	0.00300479	0.0053632	0.40258	0.00348779	0.100535	0.0225322	0.0053032	0.00540124	0.00402937	0.00223114	0.0110137	0.020073	0.364246	0.00185347	0.00242239
61	0.0205744	0.0189568	0.0323112	0.0238062	0.00253664	0.032424	0.0741873	0.0137341	0.141975	0.0305619	0.0131175	0.102456	0.0101253	0.168907	0.189909	0.0456215	0.0376089	0.0104608	0.000302501	0.0304247
62	0.0182094	0.00768946	0.00263853	0.00647395	0.0270219	0.00670208	0.00334048	0.0556639	0.00757285	0.544604	0.179347	0.00773526	0.0173458	0.0111527	0.0147677	0.0183271	0.0262484	0.0389761	0.000383033	0.0058001
63	0.036238	0.00402442	0.00818241	0.0477413	0.004786	0.0141542	0.0178736	0.00831666	0.387077	0.0330092	0.0152798	0.0226832	0.00147381	0.0597194	0.262939	0.0349021	0.0258043	0.0117569	0.000181619	0.00385721
64	0.00450127	0.00917984	0.0019731	0.00789809	0.324882	0.00390695	0.0453656	0.0162549	0.00423843	0.0228434	0.00554847	0.00418708	0.00146165	0.0148228	0.0045706	0.00956549	0.0136336	0.0201298	0.000376922	0.48466
65	0.0604809	0.0248026	0.0450632	0.0434723	0.0316557	0.186173	0.019741	0.039528	0.0476056	0.0999155	0.0319965	0.0394561	0.0179925	0.0417187	0.0401703	0.0944687	0.0503725	0.0626674	0.00363704	0.0190831
66	0.0698615	0.0090531	0.11455	0.0816705	0.0117395	0.161927	0.0134901	0.0117681	0.0404525	0.0188668	0.0111415	0.0767637	0.014632	0.0418108	0.0289831	0.175916	0.0886248	0.0219698	0.00071249	0.00606645
67	0.10001	0.106586	0.0133155	0.0143941	0.113092	0.0163695	0.0210742	0.0563833	0.0241029	0.0409864	0.0171744	0.0765674	0.0108822	0.201298	0.0219268	0.0810761	0.027287	0.0324359	0.00325098	0.0217878
68	0.0114014	0.0097538	0.00510857	0.0013943	0.011809	0.00332919	0.00485561	0.422	0.00266067	0.102851	0.0239796	0.00480397	0.00542889	0.00371368	0.00171444	0.00804875	0.0165726	0.35561	0.00228761	0.00267713
69	0.0140459	0.00133149	0.318952	0.162688	0.00181976	0.0430964	0.0359259	0.00673392	0.0724405	0.0150719	0.00225104	0.232348	0.00216413	0.0315667	0.00421777	0.0158796	0.0250374	0.00311372	0.00032256	0.0109935
70	0.0239104	0.0067564	0.163819	0.101844	0.0115626	0.050198	0.0583814	0.00918908	0.0948476	0.0249054	0.00906857	0.222714	0.00577	0.0631894	0.0448244	0.0502115	0.0359036	0.00975295	0.000728295	0.0124226
71	0.0862634	0.0108456	0.124148	0.112146	0.00808053	0.0290874	0.0103706	0.0141518	0.0494179	0.0122187	0.00966071	0.112807	0.0130396	0.0476309	0.0248192	0.176948	0.134385	0.0166521	0.000202121	0.00712603
72	0.013807	0.00117923	0.291251	0.169923	0.00154954	0.0450052	0.0386469	0.00553638	0.0805024	0.0144908	0.00202328	0.246354	0.00177233	0.0328812	0.00325945	0.0150827	0.0236447	0.00259086	0.000304558	0.0101948
73	0.0972901	0.0046546	0.0215762	0.00714752	0.0055072	0.00547889	0.0231808	0.00955028	0.0273156	0.0135889	0.00656314	0.00930406	0.530115	0.041407	0.00903241	0.130123	0.0109144	0.0426358	0.00106978	0.00354549
74	0.00864211	0.00847426	0.00534358	0.00130351	0.0123999	0.00341291	0.00458038	0.44983	0.00228167	0.105153	0.0229082	0.0046026	0.0055498	0.00354373	0.00169268	0.00674363	0.0143107	0.333828	0.00255421	0.0028442
75	0.0387758	0.0183505	0.00262362	0.0031738	0.00613391	0.00247468	0.00701014	0.204484	0.00829877	0.0820473	0.0194467	0.00802917	0.00671172	0.00456075	0.00333819	0.0273047	0.0468282	0.508776	0.000454196	0.00117832
76	0.015688	0.00110268	0.347466	0.213745	0.00209203	0.0350659	0.0297474	0.00694713	0.0655614	0.0165833	0.00273991	0.170441	0.0024256	0.0334468	0.00608129	0.0158275	0.0198108	0.00351836	0.000521105	0.011189
77	0.00551394	0.0115785	0.00236995	0.0077046	0.30786	0.00548971	0.0561012	0.0169987	0.00498302	0.0216495	0.00568226	0.00628986	0.0015948	0.0195854	0.00648007	0.0108573	0.0178441	0.0212781	0.000566099	0.469573
78	0.00974908	0.0090492	0.00503604	0.00139534	0.0126704	0.00318213	0.00490068	0.456056	0.00259232	0.104399	0.0217362	0.00487781	0.00542564	0.00336609	0.00181449	0.00776389	0.0154619	0.325865	0.0021585	0.00250064
79	0.0143255	0.00126223	0.354677	0.184726	0.00201765	0.0372502	0.0327677	0.00769342	0.0662898	0.0181134	0.00283632	0.185508	0.00209384	0.0320949	0.00543697	0.0145855	0.0214217	0.00335232	0.000447506	0.0130997
80	0.10232	0.0109511	0.101489	0.0774692	0.00961895	0.0247739	0.00947575	0.0126318	0.0570966	0.0119033	0.00988649	0.129103	0.0152205	0.0503065	0.0287827	0.192199	0.138023	0.0111986	0.00018559	0.00736529
81	0.0248549	0.0110042	0.017943	0.0263058	0.00865831	0.0161598	0.0313568	0.0149098	0.209904	0.0282317	0.0160853	0.0394318	0.0250531	0.254735	0.163945	0.0342119	0.0269657	0.0349687	0.00186856	0.0134065
82	0.00950868	0.0300897	0.00209118	0.00678177	0.333351	0.0102791	0.0456363	0.0222061	0.00487179	0.0370093	0.00746874	0.00578928	0.00182821	0.0165949	0.00605337	0.0162074	0.0192436	0.0301975	0.000533258	0.394259
83	0.0351928	0.000738661	0.245991	0.463373	0.00414504	0.0162327	0.0132411	0.00734618	0.0356907	0.0157584	0.0055945	0.0431355	0.00464787	0.0377525	0.0167692	0.0288945	0.0122036	0.0083118	0.00127417	0.0037066
84	0.0877256	0.00986855	0.116693	0.0810986	0.00783787	0.0216445	0.012819	0.0156783	0.0562359	0.0119824	0.0123149	0.154407	0.012814	0.0437419	0.0364039	0.167497	0.127253	0.0121525	0.000149839	0.0116823
85	0.00447794	0.00904142	0.00197226	0.00788798	0.324912	0.00386096	0.0454292	0.0162511	0.00419375	0.0227653	0.00554354	0.00417421	0.0014616	0.0148289	0.00456451	0.00953723	0.0135433	0.0200805	0.000376922	0.485097
86	0.0118729	0.0199267	0.00315526	0.00345419	0.135316	0.00426607	0.0076171	0.124929	0.00883076	0.391501	0.0875264	0.00627159	0.00938224	0.0109959	0.00757901	0.017504	0.0157072	0.0774844	0.000511668	0.0561692
87	0.0825022	0.0101748	0.112015	0.0881818	0.00771726	0.0223638	0.0124116	0.0155327	0.0565721	0.0130617	0.0117626	0.146557	0.0140622	0.0548631	0.0356916	0.161991	0.130885	0.0138947	0.00024204	0.00951766
88	0.138697	0.0143815	0.0620096	0.114102	0.00460539	0.05927	0.0149989	0.0117882	0.0539242	0.044156	0.0231848	0.0518978	0.0112659	0.106302	0.0193034	0.155137	0.081014	0.0282649	0.00268622	0.00301117
89	0.0423469	0.00883166	0.128352	0.189191	0.0129298	0.0206863	0.0290572	0.0191893	0.136433	0.0345269	0.0187853	0.0600256	0.0103759	0.0674148	0.0745652	0.0478523	0.0361683	0.0269381	0.00105826	0.0352719
90	0.0687661	0.00900214	0.057242	0.0652885	0.0107662	0.0609883	0.023778	0.0378731	0.0443203	0.0736896	0.066523	0.0477543	0.0150361	0.0863336	0.0311419	0.144632	0.0926278	0.0570172	0.00223342	0.00498629
91	0.0506568	0.00740456	0.0113123	0.0364255	0.0234448	0.0117197	0.0337303	0.0234103	0.257486	0.0456377	0.0368928	0.0196303	0.0208013	0.0637523	0.222546	0.0360711	0.0361895	0.0447596	0.00210369	0.0160262
92	0.0250239	0.0143236	0.0031262	0.00229396	0.00907577	0.002736	0.00556618	0.282601	0.00554213	0.106596	0.0245435	0.00621618	0.00748235	0.00423306	0.00247561	0.019075	0.0307637	0.44493	0.00122283	0.00217326
93	0.0199719	0.0196214	0.0320196	0.0231489	0.00341008	0.0325224	0.0746195	0.0139477	0.141889	0.0301799	0.0127512	0.10363	0.0100543	0.167425	0.18938	0.0449766	0.0377281	0.0104839	0.000323201	0.0319173
94	0.0617717	0.00625844	0.0332713	0.0827949	0.0353645	0.0226047	0.0521284	0.0496632	0.0416382	0.0603892	0.0379781	0.0321348	0.0619338	0.0866225	0.0526807	0.099196	0.0537412	0.120276	0.00157952	0.00797253
95	0.0515902	0.00776332	0.196097	0.192975	0.00651459	0.0350765	0.0225315	0.0167206	0.0824929	0.0273564	0.0165229	0.0558581	0.006697	0.0618444	0.0712102	0.0649566	0.0480787	0.0240522	0.00128773	0.0103747
96	0.0255743	0.0195685	0.00480376	0.00364222	0.0038791	0.0245686	0.00392232	0.00451721	0.0155566	0.0266616	0.00475861	0.0735206	0.00306657	0.0231246	0.0212381	0.370086	0.34509	0.00539797	0.000494746	0.0205285
97	0.0332824	0.0112153	0.0136786	0.0307036	0.0143688	0.0146768	0.0244478	0.0258532	0.198846	0.0744512	0.0344533	0.0284288	0.00968846	0.0517655	0.309222	0.0379784	0.0317137	0.0358495	0.0085703	0.0108058
98	0.0334994	0.0179006	0.00301018	0.00291602	0.00636794	0.00242077	0.00711883	0.222967	0.00733186	0.074905	0.019312	0.00725835	0.00612233	0.00431976	0.00286395	0.0227414	0.0401478	0.516929	0.000679736	0.00118744
99	0.0398621	0.0199254	0.0369824	0.0532445	0.0240097	0.0199439	0.107444	0.0146748	0.107945	0.048233	0.0269097	0.0691265	0.00853998	0.180242	0.0850122	0.0678362	0.040103	0.0291958	0.00100969	0.0197597
100	0.357487	0.0554472	0.00558479	0.00539625	0.00503337	0.0822478	0.0277606	0.062122	0.0101739	0.0360762	0.00742053	0.00690004	0.00426179	0.0100338	0.00948375	0.0887581	0.0274223	0.19223	0.00250271	0.00365803
101	0.0388863	0.133395	0.00740526	0.0101564	0.162155	0.0362873	0.0237107	0.0507543	0.0158285	0.104894	0.0215499	0.023847	0.00819642	0.0341323	0.0151962	0.052427	0.0445188	0.103697	0.00371748	0.109245
102	0.00705956	0.0126425	0.00276849	0.00319189	0.0344003	0.00383065	0.00316997	0.256969	0.00404456	0.367366	0.0664347	0.00441575	0.00586678	0.00661937	0.00549837	0.0165114	0.0169643	0.173269	0.00110199	0.00787522
103	0.0176665	0.0219751	0.0120859	0.0174701	0.207867	0.0113496	0.0431233	0.0224523	0.0409271	0.0393846	0.0139546	0.0188532	0.00490669	0.0456096	0.0301604	0.0287347	0.0248911	0.0252621	0.00117688	0.372149
104	0.0135668	0.0239353	0.00438867	0.0037501	0.169783	0.00594312	0.00989883	0.124898	0.00992135	0.340685	0.0756315	0.00778657	0.00928068	0.0122838	0.0072077	0.0177198	0.0158008	0.0759442	0.000848306	0.0707271
105	0.011788	0.0100857	0.00831917	0.00250477	0.0124972	0.00428316	0.00550526	0.425498	0.00378447	0.106383	0.0232181	0.0054432	0.00532068	0.00449657	0.00222644	0.0091361	0.0173907	0.337346	0.00211705	0.00265635
106	0.302856	0.0484146	0.00353801	0.00554364	0.00435275	0.00370547	0.0033306	0.0214593	0.00979715	0.0326483	0.0178365	0.00668537	0.049332	0.0130736	0.0417123	0.307623	0.0739745	0.0511068	0.000746394	0.00226349
107	0.0728856	0.0119814	0.0202214	0.018973	0.0174911	0.0149007	0.0175737	0.0611632	0.035975	0.0509413	0.0231033	0.018513	0.327403	0.0354829	0.0189402	0.0903248	0.0288391	0.125997	0.00157922	0.00771092
108	0.0255735	0.0196548	0.00550983	0.00420067	0.00368022	0.0227529	0.00392932	0.00469406	0.0150989	0.025913	0.00490908	0.0764574	0.00331373	0.0221644	0.0215589	0.362445	0.35302	0.00564379	0.000499902	0.0189807
109	0.0908572	0.104768	0.01858	0.021971	0.0470448	0.122792	0.0226813	0.0464177	0.0280678	0.0670479	0.019644	0.0248173	0.0106842	0.0365468	0.0252536	0.0612303	0.0399195	0.134411	0.0418875	0.0353781
110	0.0254969	0.00545628	0.210425	0.127743	0.0113401	0.0372901	0.0701661	0.0122912	0.073441	0.0282136	0.0109478	0.191468	0.00459601	0.0539428	0.0262807	0.0465278	0.0372207	0.0147199	0.000457044	0.0119767
111	0.0405644	0.1569	0.00521284	0.00509028	0.175614	0.0427872	0.0242291	0.031368	0.0113865	0.0825937	0.0102608	0.0214007	0.00387899	0.0306118	0.0120274	0.0582975	0.0558657	0.0814153	0.0033063	0.14719
112	0.0200875	0.00854859	0.00329387	0.00655024	0.0235607	0.00710209	0.0048393	0.0565438	0.0130947	0.439803	0.247661	0.0126691	0.0141246	0.0142941	0.0295409	0.0180285	0.0310405	0.0436778	0.000637855	0.00490219
113	0.0650586	0.0124625	0.0385535	0.0838824	0.0063347	0.0252461	0.0360601	0.0113286	0.207276	0.0357303	0.0218195	0.0394166	0.00755323	0.144136	0.0941247	0.0902805	0.0498333	0.0219265	0.00113684	0.00784054
114	0.0372013	0.0136132	0.0244322	0.0341717	0.0050062	0.0234327	0.0571767	0.0194873	0.149535	0.0288212	0.0221463	0.127792	0.0153617	0.15908	0.140348	0.0741419	0.0302222	0.0120862	0.000700809	0.025244
115	0.00555732	0.0136667	0.00295198	0.00260946	0.0374397	0.0033851	0.00277051	0.269993	0.00344898	0.342024	0.0617994	0.00386935	0.00432595	0.00609054	0.00486202	0.0165449	0.0153503	0.194685	0.00121324	0.00741242
116	0.0434915	0.0249205	0.0525098	0.0702698	0.00508034	0.0286967	0.0941646	0.00878071	0.129345	0.0382284	0.022696	0.0506624	0.00592918	0.177998	0.0995316	0.0645299	0.0413249	0.0188594	0.000582548	0.0223993
117	0.0684999	0.00792102	0.111967	0.0861228	0.00664059	0.0190561	0.013774	0.0227749	0.0669689	0.0108822	0.0118697	0.163067	0.0111833	0.0522889	0.0602117	0.139449	0.11953	0.0178418	0.000245128	0.00970715
118	0.0313648	0.00644757	0.0124089	0.0413686	0.00541353	0.0190166	0.0284113	0.010298	0.332387	0.0302256	0.0148479	0.0359616	0.00343339	0.0808223	0.257478	0.0367276	0.0265632	0.0124918	0.00131679	0.0130156
119	0.0396341	0.141357	0.00541653	0.00573195	0.189149	0.0409933	0.0268652	0.033988	0.0132042	0.0814883	0.0111618	0.0183911	0.00414765	0.0294335	0.0138482	0.0491441	0.0556455	0.0836508	0.00318186	0.153568
120	0.0295057	0.0352858	0.0157228	0.0161129	0.135885	0.014262	0.0800439	0.0258937	0.0311634	0.0616847	0.026272	0.191145	0.00975903	0.108874	0.0261896	0.0898088	0.032451	0.0330795	0.00184757	0.0350136
121	0.00661935	0.00799148	0.00460199	0.00137974	0.0153102	0.00323432	0.00412123	0.494342	0.00217055	0.116217	0.0225861	0.00490991	0.00539284	0.00343593	0.00205378	0.00721369	0.0145204	0.279142	0.00218882	0.00256855
122	0.0221974	0.0136051	0.00395975	0.00229185	0.00909841	0.002714	0.00790762	0.346747	0.00524084	0.0808231	0.0179556	0.00624333	0.00583628	0.00360722	0.00269834	0.0160941	0.030741	0.419395	0.00121242	0.00163149
123	0.0548986	0.0128142	0.0258583	0.0313111	0.0299775	0.0238345	0.0177032	0.0499669	0.0429784	0.174554	0.0545507	0.0364537	0.124901	0.0347571	0.032571	0.0784665	0.0879517	0.0725367	0.00235658	0.0115594
124	0.00933546	0.0106662	0.00412844	0.00139311	0.0137028	0.00345188	0.0036874	0.367173	0.00249956	0.17227	0.0328853	0.00389372	0.00448781	0.00437058	0.00186986	0.00868447	0.0129727	0.335237	0.00236155	0.00492923
125	0.0266758	0.0138936	0.00402189	0.00322294	0.00893133	0.00270233	0.00613405	0.320523	0.00636388	0.0833054	0.0188708	0.0071619	0.00648733	0.00435929	0.00309537	0.0193878	0.0373667	0.424776	0.00123274	0.00148757
126	0.319349	0.0260229	0.0177073	0.0174532	0.00626313	0.146804	0.0215229	0.0364741	0.0151276	0.0354371	0.00805085	0.0135146	0.00728352	0.0163875	0.0147003	0.140185	0.0253999	0.127044	0.00203157	0.00324158
127	0.0518908	0.0093336	0.0406572	0.0556365	0.00872819	0.0756586	0.0222393	0.0142298	0.232528	0.0314212	0.0178627	0.0526764	0.00966578	0.0630615	0.127488	0.085711	0.0692298	0.0231838	0.00118953	0.00760906
128	0.313569	0.045657	0.00370002	0.00697853	0.00560794	0.0059118	0.00383092	0.0200896	0.0136201	0.0351939	0.0182668	0.00976394	0.041624	0.0141023	0.0472235	0.2985	0.0659324	0.0470174	0.000944577	0.0024665
129	0.0582598	0.0078481	0.133583	0.0896994	0.0117522	0.0632957	0.0213076	0.0568323	0.04845	0.0380698	0.0292417	0.0750173	0.0115409	0.0530279	0.0378388	0.0939238	0.0982756	0.0603148	0.000919116	0.0108018
130	0.21571	0.0249655	0.00754737	0.00918087	0.00526691	0.00953285	0.00567182	0.0339141	0.0124726	0.0384042	0.0177745	0.0129786	0.0256988	0.0198171	0.0303581	0.253263	0.200347	0.0726029	0.000933074	0.00356016
131	0.00402554	0.0158317	0.00140785	0.001953	0.0467781	0.00337352	0.0020469	0.178594	0.00333191	0.445725	0.0794948	0.00338671	0.00441748	0.00629047	0.00620079	0.0203485	0.0169456	0.149981	0.000738872	0.0091289
132	0.108538	0.0151834	0.00527583	0.00766863	0.00554817	0.0116121	0.00569715	0.0157367	0.0150586	0.0643756	0.00896195	0.0331846	0.00922587	0.0189174	0.0213259	0.266437	0.349384	0.0263168	0.00117006	0.0103828
133	0.077755	0.0102972	0.0131295	0.0527544	0.0180393	0.0106698	0.0186758	0.0463008	0.207078	0.036881	0.0202909	0.0259452	0.0635658	0.0377716	0.118847	0.081997	0.0582753	0.0426407	0.00161177	0.0574737
134	0.0990578	0.0128667	0.102438	0.093142	0.00843617	0.027704	0.00969025	0.0129769	0.0539774	0.0143383	0.0101279	0.123394	0.0167484	0.0525742	0.0269957	0.177819	0.136338	0.0139433	0.000234184	0.00719773
135	0.0425518	0.00122296	0.233046	0.453138	0.0071614	0.014089	0.00908756	0.00926732	0.0327586	0.0178359	0.00817687	0.021173	0.0060511	0.0426243	0.0206319	0.0413973	0.0226986	0.0126522	0.00150036	0.00293651
136	0.0466093	0.0652833	0.00736254	0.00561314	0.0285063	0.0470467	0.0101846	0.1975	0.00978246	0.149079	0.026964	0.0094219	0.00590114	0.0115692	0.00801091	0.0266844	0.0256435	0.296477	0.0054096	0.0169517
137	0.0648471	0.0211459	0.0500976	0.0829156	0.00396789	0.0145984	0.0701189	0.00871801	0.137058	0.04391	0.0353232	0.0287167	0.00278468	0.208303	0.0772647	0.0538092	0.0566874	0.0304802	0.000357835	0.0088959
138	0.0233154	0.0110147	0.0318915	0.0326397	0.00443283	0.0210872	0.0397289	0.0318815	0.162581	0.0233288	0.0127713	0.108071	0.00758149	0.1261	0.205212	0.0368489	0.0699936	0.0346809	0.000590031	0.0162494
139	0.0068404	0.00726831	0.00493442	0.001454	0.0141019	0.0032242	0.0043786	0.506795	0.00231829	0.103476	0.0206284	0.00556251	0.00560295	0.00332447	0.00194065	0.0070091	0.0142974	0.282041	0.00227974	0.00252169
140	0.0274237	0.00891118	0.0037404	0.0054995	0.013039	0.0062306	0.00685257	0.0594093	0.026911	0.25303	0.371854	0.0204176	0.00719001	0.0243035	0.0478987	0.0175763	0.041936	0.0502657	0.000825464	0.00668622
141	0.0781133	0.00873192	0.0879511	0.0706746	0.0112396	0.0576138	0.0141002	0.0109795	0.0651535	0.0109854	0.0101218	0.144789	0.0133445	0.0585795	0.0336231	0.201927	0.1054	0.0101137	0.000292461	0.00626677
142	0.0388122	0.000559213	0.232672	0.50544	0.00482935	0.0133053	0.00785496	0.00794129	0.0292324	0.0150426	0.00696815	0.0126421	0.00529852	0.0400834	0.0196304	0.0347333	0.0111763	0.0105588	0.00143895	0.00178085
143	0.00532467	0.0122782	0.00345698	0.00135219	0.0230228	0.00316827	0.00292154	0.380181	0.00237274	0.23382	0.0428772	0.00362492	0.00377556	0.00451825	0.0029034	0.010896	0.0122205	0.243964	0.00163901	0.00568332
144	0.0619195	0.00858701	0.0506041	0.067231	0.00624206	0.0191763	0.045763	0.0497503	0.0841919	0.0371293	0.0364424	0.0763221	0.00724422	0.113504	0.124623	0.0700924	0.0715755	0.0600428	0.000402003	0.00915656
145	0.105441	0.011828	0.0996612	0.0887231	0.00884028	0.0254637	0.0102701	0.0146792	0.053132	0.0157817	0.0120428	0.123227	0.0146586	0.0596368	0.0294791	0.17619	0.129577	0.0136291	0.000293668	0.00744526
146	0.0149903	0.0112553	0.0167112	0.0107013	0.0589971	0.0118654	0.125971	0.0110667	0.0571226	0.0482608	0.0209771	0.284057	0.00708991	0.102593	0.0514155	0.109284	0.0265869	0.0187177	0.00130562	0.0110318
147	0.0137844	0.00117092	0.290734	0.169961	0.00154705	0.0455965	0.0386691	0.00552041	0.0806383	0.01451	0.00206767	0.246064	0.00177326	0.0327101	0.00328307	0.0151812	0.0236454	0.0026532	0.000305472	0.010186
148	0.00516055	0.00694169	0.00520709	0.00135722	0.0147205	0.00339749	0.00441683	0.51896	0.0020101	0.105282	0.0210136	0.00525522	0.0058488	0.00344774	0.00196073	0.00591615	0.0125469	0.271508	0.00235549	0.00269339
149	0.0348644	0.0101288	0.0344892	0.0855137	0.00309573	0.0187037	0.0394183	0.00705202	0.264114	0.0301825	0.0162758	0.0346622	0.00265569	0.12162	0.201531	0.0404173	0.0324644	0.0144109	0.000143791	0.0082567
150	0.00578362	0.0120308	0.00280964	0.00226775	0.0373525	0.00383249	0.00395703	0.365099	0.00420758	0.267324	0.0501142	0.0052724	0.0054706	0.00558348	0.00519099	0.0191853	0.0198401	0.177304	0.00114743	0.00622689
151	0.0079699	0.019672	0.00232664	0.00652989	0.311246	0.00741897	0.0470979	0.0331002	0.0059746	0.0505403	0.0126862	0.0060037	0.00220866	0.0167367	0.00587217	0.0119366	0.0163203	0.0262177	0.000555108	0.409586
152	0.0501652	0.0171883	0.0690528	0.134648	0.00735883	0.0142122	0.0734565	0.00894598	0.116114	0.0440907	0.0287838	0.0285815	0.00348194	0.202197	0.0584576	0.0534903	0.0556142	0.0247437	0.000581967	0.00883592
153	0.0261845	0.0622115	0.010273	0.0119643	0.174972	0.0148316	0.0253665	0.0419945	0.0224833	0.219006	0.051661	0.0671349	0.046284	0.0299494	0.0193474	0.0543532	0.0250441	0.0465687	0.00219425	0.0481763
154	0.05151	0.00296983	0.107731	0.0994365	0.0134048	0.0333996	0.02814	0.0813909	0.0352055	0.0596385	0.0527914	0.0437426	0.00969138	0.0641552	0.0378193	0.0603964	0.0978543	0.111849	0.000370709	0.00850285
155	0.0416759	0.00260141	0.279483	0.383292	0.00636244	0.0466675	0.0066691	0.00709023	0.0366077	0.01441	0.00580665	0.0200931	0.00491525	0.0307469	0.0248221	0.0566046	0.0154018	0.0109462	0.00152378	0.00428065
156	0.0477809	0.00316985	0.234287	0.331085	0.00502943	0.0231144	0.0130363	0.00842156	0.0455316	0.0143589	0.00639	0.0789101	0.00868229	0.0390927	0.0189891	0.0624319	0.0435391	0.00897386	0.000884061	0.00629158
157	0.0387726	0.000482243	0.246053	0.49264	0.00471082	0.0132469	0.00730822	0.00773347	0.0329414	0.0152466	0.00637572	0.0111737	0.00520682	0.0383044	0.0216429	0.0339372	0.010954	0.00967461	0.00177192	0.00182293
158	0.0987798	0.0114759	0.105203	0.0944894	0.00852967	0.0250215	0.00981099	0.0125838	0.0531944	0.0130374	0.0101103	0.124193	0.0152386	0.051209	0.0267676	0.179443	0.140134	0.0128812	0.000147378	0.00775047
159	0.110377	0.00864673	0.0596635	0.0532989	0.00895564	0.0371714	0.0176853	0.0602368	0.0346175	0.0309395	0.0360273	0.104228	0.0118168	0.0496253	0.0358136	0.151658	0.102888	0.0710222	0.000753659	0.0145752
160	0.208243	0.00900237	0.00648276	0.0219435	0.0184654	0.00607639	0.00543113	0.0136061	0.0649097	0.0392074	0.0356841	0.0470654	0.00833855	0.0299318	0.0958938	0.308659	0.0562024	0.0159211	0.00580707	0.00312915
161	0.0328672	0.0169016	0.00865367	0.00748572	0.164792	0.0109906	0.0100217	0.0581423	0.0194772	0.345673	0.106929	0.018179	0.0361879	0.016479	0.0133953	0.0262839	0.0218119	0.0436545	0.000696546	0.0413791
162	0.119826	0.0117087	0.101889	0.0984949	0.00905477	0.0572771	0.0150913	0.0166001	0.0504557	0.0254244	0.0166256	0.0816459	0.0202337	0.0558476	0.0305142	0.162074	0.0930654	0.0266809	0.00097559	0.00651509
163	0.0335832	0.0189188	0.00343643	0.00289525	0.00731517	0.00295837	0.00721349	0.226303	0.00720582	0.0755071	0.019653	0.00722897	0.0060967	0.00446668	0.00278357	0.0223615	0.0386317	0.510772	0.000642809	0.00202602
164	0.0262124	0.0178119	0.00448291	0.00227178	0.00810192	0.00340597	0.00697603	0.266747	0.00571549	0.0796799	0.0211513	0.00589301	0.00531902	0.00408211	0.00222514	0.0172266	0.0299287	0.490165	0.00104068	0.00156306
165	0.056051	0.00684893	0.0897636	0.0845852	0.0262385	0.278137	0.0118517	0.00899483	0.0394678	0.0176531	0.00951469	0.0532177	0.0161158	0.0299272	0.0334466	0.165757	0.0454778	0.0215703	0.00109233	0.00428966
166	0.215564	0.0221744	0.0239735	0.0342048	0.00940539	0.0326977	0.013804	0.0289832	0.0630308	0.0386097	0.022831	0.0328551	0.0241961	0.0415613	0.0393754	0.203631	0.0656107	0.0773041	0.00276995	0.00741754
167	0.0347091	0.00531299	0.0296425	0.042029	0.00728555	0.0313097	0.0232808	0.0677842	0.0222429	0.0608682	0.0763429	0.103247	0.0157653	0.0345938	0.056055	0.135853	0.12832	0.117308	0.0011591	0.00689071
168	0.0621165	0.00387918	0.233485	0.228861	0.00830567	0.0169616	0.0236908	0.0385209	0.0244545	0.0486419	0.0360447	0.0199625	0.00469383	0.0408459	0.033562	0.0296528	0.0604948	0.0649588	0.00107703	0.0197913
169	0.0250256	0.00220363	0.0595169	0.123913	0.0619506	0.0184773	0.0273145	0.103924	0.0659646	0.098373	0.0817651	0.028978	0.00476911	0.0890607	0.0241389	0.0162141	0.022515	0.133158	0.000580911	0.0121573
170	0.0190909	0.0135201	0.00437015	0.00170698	0.0108269	0.00334198	0.00474314	0.340518	0.00382591	0.104416	0.026216	0.00491082	0.00502752	0.00451513	0.00191911	0.0122005	0.0209078	0.413609	0.00182325	0.00251033
171	0.0533649	0.019526	0.0723335	0.108025	0.00326392	0.0157963	0.054373	0.00731858	0.181759	0.0284369	0.0232286	0.0379979	0.0027036	0.156897	0.0996234	0.0487301	0.0548382	0.021957	0.000275386	0.00955228
172	0.0382418	0.0183351	0.00249352	0.003288	0.00570075	0.00215907	0.00701575	0.206285	0.00824058	0.0737608	0.0188624	0.00832099	0.00670967	0.00458004	0.00327299	0.0262646	0.046827	0.518209	0.000436146	0.00099689
173	0.0632064	0.00571893	0.0870284	0.058442	0.0175832	0.296615	0.00956683	0.00536562	0.037468	0.010749	0.00483433	0.0797906	0.020538	0.0244288	0.0304999	0.183478	0.0473162	0.0146781	0.000565434	0.002127
174	0.0526511	0.00509908	0.0849336	0.0611476	0.0160061	0.333404	0.00950552	0.00334863	0.0408957	0.0104804	0.0049115	0.0628131	0.0181371	0.0256914	0.0313981	0.179359	0.0429101	0.015178	0.000574694	0.00155559
175	0.0352978	0.00235798	0.00759642	0.0458544	0.00516761	0.0147375	0.0170415	0.00796928	0.408129	0.0299971	0.0145604	0.0223365	0.00119833	0.0574952	0.253559	0.0355681	0.025618	0.0114793	0.000168176	0.00386842
176	0.0491189	0.00817512	0.00613587	0.0235656	0.00659605	0.00753535	0.0316329	0.0117992	0.2262	0.107996	0.103651	0.0637963	0.00501527	0.0358576	0.117361	0.0183995	0.132495	0.0383827	0.0011572	0.00513007
177	0.037887	0.0186669	0.00298339	0.00316012	0.00670204	0.00277276	0.00768039	0.195853	0.00898098	0.0706254	0.0191531	0.00792756	0.00686713	0.00457264	0.00329076	0.026612	0.0443631	0.530568	0.000398284	0.000936075
178	0.00721159	0.0127399	0.00330259	0.00653148	0.00445117	0.00420125	0.0156931	0.0162627	0.188705	0.0211265	0.015635	0.00548897	0.00315713	0.0275267	0.593977	0.00851725	0.00727565	0.0287194	0.0266421	0.00283558
179	0.370963	0.0373633	0.00602602	0.00592612	0.00465292	0.135001	0.0286931	0.0496081	0.00925599	0.031401	0.00646851	0.00612226	0.00307943	0.0091216	0.00884546	0.0926814	0.0176419	0.170598	0.00311548	0.0034366
180	0.0372272	0.0143719	0.0217172	0.0314099	0.0673504	0.0179329	0.0234055	0.0556299	0.0824498	0.108631	0.0999184	0.0250093	0.014698	0.0451051	0.154306	0.0406033	0.0404037	0.0963223	0.0034186	0.0200893
181	0.055446	0.0206231	0.0428369	0.0783951	0.00646853	0.01178	0.067454	0.016026	0.150518	0.0470794	0.0450885	0.0282591	0.00341045	0.184577	0.0843734	0.0496892	0.0586162	0.0390024	0.00030862	0.0100476
182	0.00535719	0.0101549	0.00208309	0.0078398	0.323697	0.00416359	0.0443768	0.0188699	0.00462343	0.0280418	0.00712633	0.00437996	0.00168082	0.0153193	0.00466691	0.00963508	0.0134865	0.020654	0.000384142	0.473459
183	0.0554857	0.0159608	0.037301	0.0400067	0.0249506	0.0270143	0.0238379	0.0883042	0.0436498	0.0559217	0.0319135	0.089545	0.153966	0.0447495	0.0357224	0.0835071	0.0583854	0.0734023	0.00223277	0.0141429
184	0.0259621	0.0179735	0.0123798	0.0175991	0.0124458	0.016737	0.0183467	0.0234169	0.144532	0.0366514	0.0240883	0.0209163	0.00794913	0.0358216	0.406024	0.0476209	0.0241032	0.0364183	0.0621801	0.00883395
185	0.0517356	0.00634289	0.124596	0.0954867	0.013951	0.280981	0.0122695	0.0078525	0.0394821	0.0161099	0.00728154	0.0647301	0.0141706	0.0291137	0.0292505	0.140364	0.0431893	0.0185023	0.000848079	0.00374268
186	0.038946	0.0182894	0.00245986	0.00325329	0.00570272	0.00215802	0.00711877	0.203583	0.00832517	0.0734657	0.0185845	0.00823734	0.0067708	0.00446591	0.0033813	0.0270201	0.0481804	0.51872	0.000408318	0.000930015
187	0.0452138	0.0197054	0.00301899	0.00367123	0.00618372	0.0026049	0.00752918	0.194126	0.00842405	0.0715944	0.0183567	0.00960522	0.00863842	0.0050973	0.00372296	0.0264989	0.0452086	0.519361	0.00041697	0.00102221
188	0.0388088	0.000831752	0.216455	0.507282	0.00817097	0.0115779	0.0108486	0.00801204	0.0302638	0.0177141	0.0073364	0.011361	0.00550471	0.0481246	0.018881	0.0341789	0.0110275	0.0101103	0.00141543	0.00209449
189	0.026593	0.0106249	0.0366757	0.0306385	0.0201613	0.0200565	0.0131768	0.240292	0.021645	0.0914413	0.0428488	0.0153594	0.00823313	0.0269933	0.0118986	0.0229044	0.0298078	0.324792	0.00135378	0.00450339
190	0.0413867	0.00151818	0.226657	0.467902	0.0053463	0.0205924	0.0083377	0.0083803	0.0312389	0.0145703	0.00731388	0.0196535	0.00544822	0.03963	0.0225222	0.0468785	0.0175883	0.0115346	0.00132425	0.00217753
191	0.0553777	0.0131397	0.0320905	0.0262628	0.0254685	0.0250461	0.0368655	0.0151971	0.072426	0.0583494	0.0308561	0.144307	0.00956996	0.0499471	0.0369233	0.252416	0.0833461	0.0183187	0.00391075	0.0101816
192	0.0559694	0.00378674	0.0457874	0.0610121	0.0293869	0.0560667	0.0224167	0.0846879	0.0367398	0.0758253	0.0719492	0.0504557	0.0378485	0.0458816	0.0416864	0.0886099	0.0677944	0.117601	0.000648969	0.00584485
193	0.0941928	0.0109192	0.109379	0.0918919	0.00874388	0.0245556	0.0106218	0.0131957	0.0540905	0.013057	0.0108603	0.129566	0.0148456	0.0495623	0.0273808	0.177626	0.139371	0.0122043	0.00012332	0.00781395
194	0.0284894	0.0147148	0.0345455	0.0261342	0.0472685	0.0192899	0.146468	0.0136153	0.0510359	0.0636283	0.0290671	0.173942	0.00777715	0.0797422	0.0408664	0.139594	0.0451377	0.0251545	0.00151994	0.0120091
