432	20
1	0.200003	0.025821	0.0013886	0.00141855	0.0321599	0.0084226	0.00128506	0.163912	0.00148668	0.163048	0.069935	0.00204245	0.00106587	0.00302159	0.00172456	0.076548	0.100997	0.131612	0.000430616	0.0136759
2	0.074017	0.00168322	0.0248578	0.241732	0.00360469	0.069063	0.0252739	0.00675295	0.0888992	0.0173421	0.00529236	0.0138746	0.0212958	0.11431	0.15426	0.103246	0.0219367	0.00856763	0.00084345	0.00314676
3	0.0513804	0.000367818	0.0662379	0.176924	0.00620592	0.00560823	0.0148661	0.00561895	0.150279	0.0168811	0.00622978	0.0523667	0.00103198	0.220299	0.115482	0.051391	0.0452252	0.00637952	0.00242711	0.00479917
4	0.211191	0.00694859	0.00945169	0.0235701	0.0048428	0.0464598	0.00639409	0.0240331	0.0736093	0.0244248	0.0170739	0.018101	0.00756655	0.104375	0.167321	0.111871	0.054438	0.0811929	0.0013965	0.00573942
5	0.00307214	0.00555987	0.00113294	0.00128414	0.221886	0.00185015	0.0243291	0.0111347	0.00202418	0.0264287	0.00586637	0.00251508	0.00357245	0.00322638	0.00153075	0.00566382	0.00522004	0.0118844	0.0103419	0.651477
6	0.0557522	0.0113911	0.00630172	0.0183137	0.0394348	0.0719749	0.0143698	0.228664	0.00807769	0.19275	0.0441333	0.0115948	0.00337626	0.0135082	0.00855099	0.0751055	0.0381529	0.0788617	0.00163198	0.0780538
7	0.130185	0.00190019	0.143954	0.179669	0.00283802	0.0549229	0.00840995	0.0181933	0.0665957	0.0119558	0.00539176	0.0819019	0.00122433	0.0467627	0.040167	0.111228	0.0573105	0.028101	9.32887e-05	0.00919507
8	0.00573913	0.0053596	0.00191794	0.00280248	0.166198	0.00303578	0.0152387	0.0107316	0.00239437	0.0183722	0.00331939	0.00319383	0.00198554	0.00642164	0.00289243	0.00900488	0.00557024	0.00944254	0.00698874	0.719391
9	0.734771	0.0101252	0.000700066	0.000692929	0.000409931	0.0207077	0.000433694	0.000998008	0.000617939	0.000840829	0.00536228	0.000560961	0.000295922	0.00110519	0.000589006	0.186216	0.023684	0.0110079	0.000117643	0.000763732
10	0.0294317	0.0118582	0.00611683	0.0219019	0.0392562	0.00326281	0.00162691	0.12246	0.0356327	0.364755	0.188607	0.00778391	0.000752061	0.0185969	0.0286545	0.00762357	0.0101301	0.0680064	0.000844565	0.032699
11	0.099328	0.00960812	0.0291673	0.0336569	0.00935239	0.00880331	0.0589093	0.011818	0.00925145	0.0215868	0.00970203	0.0423302	0.00402053	0.022641	0.0102796	0.41937	0.0238393	0.0200736	0.00138156	0.154881
12	0.0531148	0.0142125	0.00251504	0.00264637	0.0045045	0.00230857	0.00174477	0.136043	0.00378413	0.0417706	0.0148091	0.00516616	0.000979062	0.00451669	0.003973	0.0164853	0.0743808	0.613529	0.000888767	0.00262845
13	0.0214877	0.0064725	0.00133363	0.00241702	0.00781323	0.00191318	0.000920075	0.456946	0.00283746	0.0774084	0.0204842	0.00164896	0.000842859	0.00220353	0.00439345	0.00328096	0.0148234	0.370676	0.000250584	0.001846
14	0.0204277	0.00125825	0.00301419	0.0268991	0.0084848	0.0311063	0.00375631	0.072637	0.0599975	0.127846	0.0593804	0.0040042	0.00193857	0.120572	0.0887199	0.00728354	0.235776	0.104744	0.000710713	0.0214443
15	0.0977176	0.00231704	0.151078	0.1037	0.00532594	0.134636	0.0487617	0.00858877	0.0128474	0.00996015	0.00436321	0.021255	0.0121753	0.10363	0.0116103	0.234099	0.0238236	0.00853277	0.000912071	0.00466685
16	0.0153416	0.000652301	0.00224078	0.00506578	0.00133056	0.00428529	0.0100776	0.00446882	0.179875	0.00347423	0.0017863	0.0169099	0.00173854	0.0260672	0.691922	0.0142801	0.0101127	0.00613177	0.00186664	0.00237343
17	0.732485	0.0100403	0.00079163	0.000612832	0.000513767	0.0215179	0.000432216	0.00142325	0.000570528	0.00096451	0.00541731	0.000560302	0.000307681	0.00113526	0.000674402	0.183768	0.0249612	0.0129769	0.000285541	0.000561448
18	0.0150802	0.00463357	0.000827485	0.000758108	0.0106143	0.000772676	0.00110081	0.406287	0.00142653	0.358867	0.0301646	0.00165268	0.000358121	0.00278292	0.00197719	0.00334869	0.00848867	0.149238	0.000128205	0.00149341
19	0.0237197	0.000415009	0.00293669	0.00179747	0.000887252	0.00135582	0.00324087	0.00174551	0.0018843	0.0041054	0.00815809	0.00167771	0.901675	0.00183645	0.00526575	0.010524	0.0202138	0.00737651	0.000292046	0.000892528
20	0.0363488	0.00425787	0.167236	0.104022	0.0786009	0.00673323	0.0349241	0.00765801	0.00596763	0.00895434	0.00583507	0.201595	0.00260565	0.0309239	0.00587801	0.158378	0.0140813	0.00771516	0.00142564	0.116861
21	0.0990839	0.00694017	0.0011463	0.00201827	0.00435496	0.00391659	0.00341395	0.26101	0.00157525	0.157799	0.0401496	0.00163686	0.00190704	0.0093847	0.00483508	0.00682329	0.0281906	0.36424	0.000281051	0.00129366
22	0.238706	0.0598695	0.0184688	0.0251246	0.00394255	0.112491	0.00434344	0.00842343	0.0165976	0.00757524	0.00447148	0.0113716	0.00748215	0.0140362	0.058416	0.290755	0.0940018	0.0181396	0.00227852	0.00350537
23	0.0379938	0.00219596	0.527599	0.140705	0.00548247	0.0163384	0.0100675	0.0197436	0.0189527	0.0133244	0.00606601	0.0528535	0.0149615	0.0214399	0.0170865	0.0464236	0.0294012	0.0124251	0.000784058	0.00615557
24	0.0115726	0.00024335	0.00088253	0.00117125	0.00490073	0.959302	0.000534864	0.00257234	0.00100785	0.00149632	0.00160843	0.00148597	0.000328708	0.00106826	0.000775297	0.00609793	0.00179896	0.00233312	0.000161861	0.000657923
25	0.00799879	0.00325951	0.00326276	0.016828	0.0338543	0.00139929	0.00132662	0.0362085	0.0119658	0.703774	0.108988	0.00461845	0.00086026	0.0182593	0.0100307	0.00424116	0.00679046	0.0195093	0.000520834	0.00630386
26	0.0519999	0.00495767	0.027264	0.0341998	0.00991596	0.0240579	0.0181095	0.0249958	0.343012	0.0298958	0.0153322	0.033501	0.0153944	0.0419151	0.199684	0.0441843	0.0381748	0.0303286	0.0025925	0.0104846
27	0.0204159	0.000416541	0.00124089	0.00128955	0.000873685	0.00111786	0.00303331	0.00172223	0.00131498	0.0038482	0.00829693	0.00139354	0.908874	0.00165448	0.00508369	0.00974495	0.020771	0.00766502	0.00025075	0.000992119
28	0.0584124	0.0148372	0.00304914	0.00245014	0.00736213	0.00364588	0.00274296	0.126541	0.004994	0.0380629	0.0127243	0.00367264	0.000956213	0.00424131	0.00445893	0.0205072	0.0498641	0.63783	0.000841183	0.00280602
29	0.0100229	0.00244456	0.0036562	0.00484929	0.00453519	0.00513338	0.239172	0.0263168	0.0054492	0.00776171	0.00478585	0.00568263	0.0023904	0.62095	0.00754659	0.0282815	0.00919467	0.00725412	0.000998965	0.00357359
30	0.0177407	0.000620949	0.00255721	0.00594376	0.00160361	0.00358114	0.0103505	0.0053054	0.17131	0.00596996	0.00251002	0.014571	0.00146127	0.0272059	0.691005	0.0136893	0.0110304	0.00795818	0.00241452	0.00317138
31	0.0182529	0.000779086	0.00383746	0.00610884	0.0015062	0.00534895	0.0101575	0.00574325	0.176999	0.00543157	0.00250232	0.0153178	0.00193519	0.0254498	0.684498	0.0137374	0.0106847	0.00656488	0.00207698	0.00306829
32	0.00502664	0.00628314	0.00206866	0.00100821	0.00226992	0.000807219	0.000542933	0.716275	0.000981091	0.0788195	0.0200017	0.00111552	0.00035551	0.00137807	0.00246215	0.00149477	0.0112373	0.146995	0.000211221	0.000666483
33	0.0102963	0.00338466	0.000436932	0.000470816	0.00837471	0.00046065	0.000791146	0.404652	0.000684862	0.410276	0.0269518	0.000971561	0.000198169	0.0012299	0.000700563	0.00255934	0.00338353	0.123557	0.000102996	0.000517417
34	0.0020635	0.00421945	0.000830583	0.000948002	0.163463	0.00101474	0.00983587	0.00653989	0.00104119	0.0135043	0.00103033	0.00114175	0.000372862	0.00374073	0.00116553	0.00360692	0.00199781	0.00780302	0.00497867	0.770702
35	0.59932	0.00900017	0.00446296	0.00377868	0.00174341	0.0811286	0.000743178	0.0077213	0.00496672	0.00319678	0.00517271	0.00574522	0.00159662	0.00526754	0.00397505	0.164139	0.0564699	0.0384167	0.00152831	0.00162781
36	0.129137	0.00516954	0.0083066	0.0117238	0.0161364	0.0172064	0.00785253	0.053344	0.0168355	0.113802	0.385476	0.0146721	0.00548537	0.0220512	0.0149785	0.038518	0.0341813	0.044923	0.00218403	0.058016
37	0.0441681	0.000314557	0.108273	0.324938	0.00422276	0.00476021	0.0209008	0.0138973	0.0618307	0.0604519	0.0225046	0.0581448	0.00206451	0.125393	0.0575873	0.0321574	0.0263249	0.0243488	0.000181821	0.00753572
38	0.0136251	0.00120199	0.00650569	0.00917663	0.018639	0.00216911	0.000924654	0.0730486	0.00580986	0.523956	0.279859	0.00683406	0.000558196	0.00413495	0.00404916	0.00310298	0.0264918	0.0169559	0.000259293	0.00269807
39	0.0117826	0.00135218	0.0430494	0.00800906	0.00216744	0.0826927	0.00885816	0.00608587	0.316849	0.00577161	0.0049615	0.0896678	0.00286423	0.0108208	0.333666	0.0446288	0.00874763	0.00552494	0.00110242	0.0113976
40	0.0219363	0.0034838	0.00293921	0.00563216	0.0223584	0.00489653	0.00441158	0.0787621	0.00505857	0.589387	0.0920595	0.0324974	0.00171377	0.0144425	0.00714227	0.0271414	0.0167222	0.062863	0.000711765	0.00584085
41	0.0652692	0.00234385	0.0670318	0.04772	0.017103	0.0438203	0.0133718	0.00443134	0.0616762	0.010316	0.000799254	0.177367	0.00294703	0.0215754	0.0513337	0.199683	0.184388	0.0101033	0.000161145	0.0185582
42	0.203623	0.00174315	0.00441786	0.00576307	0.00591096	0.0756198	0.0010059	0.0120459	0.0324018	0.00305351	0.00269206	0.0351621	0.0151816	0.0399773	0.043956	0.427386	0.0682541	0.0197198	0.000346888	0.00173893
43	0.191936	0.00375332	0.00255079	0.00912007	0.00224866	0.0834638	0.00196389	0.00478991	0.0781417	0.0114675	0.00248812	0.0686157	0.211086	0.0193204	0.0316858	0.234698	0.0296898	0.0108456	0.000545361	0.00159039
44	0.0299665	0.000936923	0.00185157	0.00225753	0.252286	0.00202763	0.212844	0.00294105	0.00204849	0.00329397	0.0104604	0.010307	0.0753365	0.00236612	0.00220327	0.00386818	0.0158689	0.00306897	0.01398	0.352087
45	0.0610984	0.0012121	0.0205716	0.015003	0.00684445	0.0210711	0.018411	0.0264941	0.316988	0.0588297	0.0171556	0.00963531	0.00963727	0.0285761	0.221817	0.0538277	0.0419054	0.0650667	0.000364941	0.0054899
46	0.0503384	0.00354537	0.0280633	0.0367264	0.00888963	0.0243654	0.015229	0.0237365	0.328142	0.0276626	0.0130507	0.0358452	0.0109403	0.0410928	0.235026	0.0412029	0.0360761	0.02841	0.00194311	0.00971484
47	0.0299523	0.0940691	0.00378492	0.00425683	0.00300477	0.00577814	0.00309684	0.00542168	0.00485841	0.0142738	0.00395626	0.00675654	0.00192856	0.00534897	0.0044842	0.779914	0.0144023	0.00601333	0.000916721	0.00778242
48	0.28287	0.00591845	0.0139308	0.0284839	0.00628372	0.101622	0.00738634	0.0268523	0.0560389	0.0259888	0.0209044	0.0201714	0.00971934	0.0989693	0.0598325	0.0807071	0.062727	0.0827364	0.00162167	0.00723564
49	0.039376	0.00101552	0.00452398	0.00735975	0.00293412	0.00657978	0.0106789	0.00783162	0.235457	0.00835693	0.0033967	0.0127107	0.00355592	0.0210104	0.587312	0.0178724	0.0135714	0.0120244	0.00233342	0.00209909
50	0.0731754	0.00799937	0.00389913	0.00273106	0.00587926	0.00422875	0.00153496	0.378036	0.0272468	0.0755769	0.0226304	0.00213473	0.00247431	0.00747978	0.0124682	0.00697419	0.0571123	0.306728	0.000251709	0.00143877
51	0.171821	0.0166513	0.00264527	0.00395605	0.00251212	0.0114845	0.00194583	0.052895	0.00409222	0.0176448	0.00692587	0.00330795	0.00251035	0.00509343	0.00458848	0.0618539	0.0809213	0.544557	0.00215972	0.00243412
52	0.0111995	0.000236513	0.00101912	0.000868783	0.00488822	0.959772	0.000611806	0.0023224	0.00113821	0.00126679	0.00160596	0.00161158	0.00034866	0.00116317	0.00110257	0.00559888	0.0018086	0.00235867	0.000151385	0.000927448
53	0.0191838	0.000450957	0.339026	0.432124	0.00167002	0.00556024	0.0131057	0.00263029	0.0144288	0.00747134	0.00115583	0.0866206	0.00562662	0.022432	0.00315054	0.0181953	0.0234078	0.00205449	0.000250073	0.00145616
54	0.0669212	0.0186762	0.000775299	0.000900736	0.00057852	0.00095085	0.00054905	0.0644864	0.00106505	0.0126316	0.00530457	0.000977363	0.000359828	0.00116026	0.000926359	0.0211495	0.0584384	0.743202	0.000196614	0.000750647
55	0.00788464	0.00120253	0.00386463	0.00473907	0.00330902	0.00323158	0.00220573	0.258598	0.00429656	0.230761	0.35662	0.00422536	0.00118858	0.0045671	0.00322824	0.00464045	0.096191	0.00621761	0.000625123	0.00240387
56	0.0111942	0.00027648	0.000847173	0.000950893	0.00510904	0.961095	0.000544346	0.00202543	0.00107116	0.00115563	0.00164255	0.00135538	0.000428925	0.00101421	0.000753323	0.00563492	0.0019893	0.0022552	0.000170979	0.000486116
57	0.0157386	0.00163577	0.0734103	0.0121625	0.00291394	0.0653345	0.00436083	0.00642714	0.351924	0.00851888	0.0159038	0.126102	0.00228204	0.0228792	0.197215	0.0499454	0.0120033	0.00556628	0.00374956	0.0219268
58	0.0020635	0.00421945	0.000830583	0.000948002	0.163463	0.00101474	0.00983587	0.00653989	0.00104119	0.0135043	0.00103033	0.00114175	0.000372862	0.00374073	0.00116553	0.00360692	0.00199781	0.00780302	0.00497867	0.770702
59	0.0358022	0.004261	0.0138912	0.0362549	0.0556032	0.0147601	0.467446	0.023744	0.0195692	0.0323984	0.0218075	0.0350872	0.00973588	0.0712478	0.0240885	0.0296812	0.0312613	0.0242691	0.00431398	0.0447772
60	0.0225425	0.000410474	0.00105791	0.00106177	0.00085946	0.0011305	0.00285942	0.00156075	0.00160657	0.0036565	0.00807957	0.00134242	0.908789	0.00164418	0.00498764	0.00979457	0.0201277	0.00739248	0.000248982	0.000847285
61	0.0301107	0.00462044	0.019536	0.032407	0.0546309	0.0153762	0.475346	0.027433	0.0226473	0.0307316	0.0219154	0.0337337	0.00748279	0.0687595	0.0208474	0.026442	0.0362457	0.0264769	0.00394161	0.0413161
62	0.0256481	0.000728511	0.00419876	0.00428594	0.0052333	0.896067	0.00127241	0.00410721	0.00336753	0.00273559	0.0023565	0.00645808	0.00208384	0.00381839	0.00223918	0.0214551	0.00714307	0.00513624	0.000312709	0.00135229
63	0.0358087	0.000677473	0.446916	0.276013	0.00210855	0.0116518	0.0106376	0.00960101	0.0169073	0.00914873	0.00275589	0.0593148	0.0154684	0.0215721	0.0102539	0.0385659	0.0231229	0.00636531	0.000325458	0.00278556
64	0.270113	0.00285872	0.0045486	0.00551418	0.00470865	0.0503756	0.00403951	0.00675531	0.00928043	0.0461654	0.0452412	0.00955027	0.00318951	0.158415	0.00762375	0.180295	0.152495	0.0333795	0.00151836	0.00393446
65	0.733953	0.0100886	0.000690356	0.000666089	0.00042274	0.0204517	0.000455397	0.000992786	0.000602652	0.000863057	0.00538341	0.000567962	0.00029932	0.00112912	0.000616581	0.187168	0.0235803	0.0110851	0.000119858	0.000863794
66	0.131638	0.0361154	0.00274298	0.00282775	0.00481437	0.0158305	0.00262763	0.246311	0.00438751	0.0357011	0.00882346	0.00303732	0.00205205	0.00504753	0.00417444	0.0406892	0.0382562	0.410471	0.000770347	0.00368192
67	0.00450298	0.00478762	0.00145651	0.00191127	0.160889	0.00199761	0.0147693	0.0104968	0.00263408	0.016564	0.00258354	0.00216951	0.00134771	0.00584888	0.00273203	0.00529692	0.00499237	0.0100375	0.00497869	0.740004
68	0.0401773	0.000403743	0.292447	0.540714	0.000988406	0.00456462	0.0110423	0.00174226	0.0186669	0.0104484	0.00122426	0.0288735	0.00675287	0.0169183	0.00133945	0.00964677	0.00985287	0.00182732	0.000319922	0.00205008
69	0.281161	0.0118117	0.00442649	0.0112051	0.00569369	0.0234271	0.00835079	0.00827277	0.00938602	0.0138556	0.00766431	0.0122396	0.00354911	0.0116246	0.0126243	0.190769	0.340265	0.0335308	0.0051632	0.00498011
70	0.0266494	0.000931515	0.00433927	0.00576551	0.0226097	0.00444651	0.000954757	0.066206	0.00498256	0.461493	0.330008	0.00931057	0.000561425	0.00283818	0.00269543	0.00414193	0.0252185	0.0240564	0.000234511	0.00255708
71	0.152264	0.0169958	0.00244333	0.0030415	0.00317628	0.0114997	0.00172915	0.0681101	0.00410316	0.0234534	0.00884221	0.00338744	0.0028144	0.00520091	0.00391495	0.036197	0.0733524	0.575342	0.00121434	0.00291792
72	0.0325197	0.00409878	0.0216597	0.025812	0.0259773	0.016031	0.0678003	0.0823449	0.0913016	0.104735	0.0254587	0.0181295	0.00501894	0.0496831	0.291665	0.029713	0.0356049	0.0367129	0.00190005	0.0338331
73	0.00892923	0.000550369	0.00237042	0.00389233	0.025299	0.00120256	0.00054371	0.0367114	0.00313716	0.690222	0.18666	0.00498027	0.000371986	0.00222826	0.0014393	0.00187333	0.0112484	0.0167367	0.000123357	0.00148074
74	0.639636	0.00922583	0.00192275	0.00192281	0.00159506	0.0286218	0.000876634	0.00576501	0.00391314	0.00287255	0.00554793	0.00515177	0.00122754	0.00363086	0.0036597	0.202373	0.049919	0.0295613	0.00110852	0.00146816
75	0.0601434	0.0029648	0.0253501	0.0705732	0.00870106	0.0245933	0.033477	0.0250783	0.100781	0.0305211	0.0169279	0.03379	0.00648925	0.269257	0.160782	0.0406616	0.0443269	0.0316569	0.00236639	0.0115587
76	0.0704172	0.000752355	0.378298	0.158636	0.0031491	0.00908107	0.0235972	0.00487111	0.00304454	0.00723185	0.00219366	0.0132572	0.108042	0.044052	0.00397315	0.130767	0.0330419	0.00319463	0.000508536	0.00189294
77	0.00557475	0.00113358	0.00241429	0.00252994	0.56022	0.0133991	0.00305964	0.0244706	0.00307596	0.0125306	0.022186	0.013636	0.00148187	0.00392035	0.0044665	0.00569633	0.0056597	0.0163933	0.148993	0.149158
78	0.142576	0.00140154	0.00283709	0.00325633	0.00305893	0.0132752	0.00232708	0.0049598	0.0206979	0.00537289	0.00301158	0.0669707	0.00296409	0.00795446	0.00769552	0.538518	0.113805	0.0559916	0.000812552	0.00251391
79	0.0412986	0.0195403	0.00358851	0.00411999	0.0618294	0.00701029	0.00469276	0.0162416	0.00516222	0.265231	0.152742	0.0281916	0.00196213	0.104483	0.00862809	0.101093	0.0347337	0.10817	0.000842624	0.0304388
80	0.0271921	0.00308793	0.0234845	0.0194686	0.0072525	0.0204513	0.0160569	0.0142439	0.15457	0.0145383	0.0120463	0.137819	0.00452116	0.0317336	0.424577	0.0377364	0.0273513	0.012578	0.00305304	0.00823827
81	0.0213045	0.00316318	0.010041	0.0521919	0.0134421	0.0607632	0.0910175	0.148568	0.0127089	0.111255	0.0139423	0.0532616	0.00470703	0.0176892	0.0135386	0.0274673	0.0641852	0.0150749	0.00189959	0.26378
82	0.00928471	0.000859658	0.00254667	0.00285629	0.00241005	0.00295299	0.00249993	0.00322509	0.00276674	0.00556939	0.0275439	0.003188	0.818146	0.00344176	0.0151973	0.00791362	0.0687855	0.0183	0.00048601	0.00202595
83	0.00189702	0.000270934	0.000659121	0.001934	0.029682	0.000409444	0.000390084	0.0327003	0.00142858	0.829433	0.0747668	0.00202539	0.000236196	0.00182314	0.000529229	0.00160933	0.00645789	0.013156	9.56065e-05	0.000495545
84	0.0110918	0.0031385	0.000530027	0.00191262	0.00785534	0.000753823	0.000554342	0.44674	0.00087501	0.0380584	0.0130958	0.00150094	0.00027854	0.000905658	0.000826247	0.00128648	0.00639233	0.462795	0.000114959	0.00129381
85	0.0763141	0.00144747	0.41606	0.163816	0.00149067	0.0239074	0.00584358	0.0256989	0.0299501	0.00953855	0.00455925	0.0522949	0.00174229	0.0262571	0.0239396	0.0711427	0.0348439	0.0253401	0.000303299	0.00550984
86	0.0476885	0.00570876	0.0171515	0.015095	0.0160785	0.434486	0.0108899	0.0956287	0.0202403	0.0472128	0.0919602	0.0196278	0.00319187	0.0288334	0.0209256	0.0321895	0.0331274	0.0460625	0.00241098	0.0114904
87	0.00999478	0.00234367	0.00363246	0.00458872	0.0051184	0.00488131	0.250087	0.0275107	0.00538025	0.00738139	0.00477773	0.00569922	0.00229273	0.608408	0.00719968	0.0299656	0.00898537	0.00719544	0.00103291	0.00352424
88	0.0130783	0.000237949	0.00112724	0.00139601	0.00491733	0.956127	0.000533418	0.00272231	0.00104685	0.00145055	0.00170064	0.00151746	0.000359346	0.00119563	0.000794244	0.00668763	0.00194763	0.00229295	0.000152123	0.00071493
89	0.00851387	0.00136339	0.00853924	0.00561352	0.0041246	0.00627311	0.0121067	0.0168379	0.00583199	0.00567012	0.0143543	0.833492	0.00218144	0.0170875	0.00669719	0.0211574	0.0212848	0.00482957	0.000732291	0.00330875
90	0.00591247	0.00130971	0.00247825	0.00299916	0.572411	0.0137523	0.00681344	0.0225994	0.00323407	0.00713562	0.0208338	0.0156624	0.00203828	0.00357246	0.00342152	0.00543618	0.0058723	0.0146096	0.141752	0.148156
91	0.0149409	0.000288776	0.00122936	0.00102231	0.00504424	0.95236	0.000679803	0.00266003	0.00159999	0.00137869	0.00157958	0.00207895	0.000501881	0.00100225	0.00148286	0.00685312	0.00210854	0.0024664	0.000146114	0.000576692
92	0.13658	0.00960963	0.00469918	0.00567765	0.00401694	0.0471322	0.00332264	0.00811316	0.0180107	0.00556043	0.00310799	0.0447305	0.00918023	0.0195892	0.0220179	0.574426	0.0575035	0.0211547	0.000523218	0.00504369
93	0.0786243	0.00356216	0.00361622	0.00125543	0.00330705	0.000961716	0.00460825	0.333718	0.0183319	0.125606	0.0429398	0.00104172	0.00793655	0.0215791	0.052044	0.0084486	0.0288121	0.262599	0.000263636	0.000744067
94	0.0409808	0.00254159	0.507947	0.0667141	0.0109391	0.0248885	0.0112794	0.0687213	0.0195228	0.0253891	0.0161667	0.0445113	0.00787406	0.0169006	0.0233614	0.0433176	0.0334496	0.0247066	0.00367982	0.00710886
95	0.0825618	0.00282167	0.150038	0.0708821	0.00903436	0.282694	0.0120977	0.0226982	0.0705237	0.0113261	0.00784803	0.0739688	0.0090658	0.0372286	0.0324804	0.0546613	0.0356284	0.0236709	0.00112908	0.00964077
96	0.0753502	0.00410516	0.303046	0.0987244	0.00779394	0.0159859	0.0103113	0.0129785	0.0286167	0.0612831	0.0108419	0.0337645	0.165112	0.0200777	0.0206721	0.0703178	0.0342123	0.0170571	0.00120235	0.00854674
97	0.034433	0.00811912	0.0434753	0.0146285	0.00190142	0.220889	0.00205723	0.00478268	0.0224353	0.00582472	0.00304196	0.225957	0.0808365	0.00550812	0.00594128	0.269565	0.0426353	0.00529634	0.000589539	0.00208262
98	0.353552	0.00193741	0.00434047	0.00485492	0.00387377	0.00519966	0.0150093	0.00623179	0.0060942	0.0138482	0.00480163	0.00631789	0.483146	0.00595851	0.00557624	0.0544708	0.00875507	0.0118322	0.000865478	0.00333401
99	0.666248	0.00907419	0.0054691	0.00614157	0.00210638	0.0391778	0.00234969	0.00705058	0.00479722	0.00502268	0.0061882	0.00453506	0.00862624	0.00632894	0.00411267	0.160941	0.0349199	0.0237129	0.000833679	0.00236442
100	0.326537	0.00499637	0.0254134	0.0539221	0.00904841	0.0400147	0.0132651	0.0240138	0.0435824	0.0312978	0.0179741	0.0293599	0.0259507	0.106589	0.0415599	0.0862659	0.0623495	0.04514	0.00182656	0.0108934
101	0.130044	0.00324341	0.00751656	0.00940192	0.00602987	0.0078519	0.00632908	0.0109248	0.00863395	0.0124262	0.525869	0.00959093	0.00357078	0.00963245	0.00931873	0.0525907	0.015555	0.0119494	0.00197223	0.157548
102	0.0159924	0.00090629	0.00253684	0.00435067	0.000985456	0.00383175	0.00935728	0.00436813	0.18343	0.00374707	0.0011301	0.0161988	0.00243552	0.021901	0.694356	0.0139234	0.0103485	0.00655428	0.00199799	0.00164889
103	0.0040878	0.00442358	0.00139306	0.00217106	0.164117	0.00285039	0.0174873	0.0115262	0.00237634	0.0193973	0.00351761	0.00259612	0.0017843	0.00566172	0.00250141	0.00640312	0.00472302	0.00967094	0.00571996	0.727592
104	0.0458709	0.0112764	0.0147389	0.0141914	0.00538519	0.0211063	0.00601256	0.0137187	0.0183023	0.0259227	0.00948344	0.021205	0.00477922	0.0205206	0.015009	0.143411	0.579125	0.0233261	0.00142969	0.005185
105	0.0515239	0.00150431	0.187261	0.458821	0.00505251	0.012321	0.0140703	0.0149308	0.0357663	0.0214433	0.0065397	0.0337313	0.00778105	0.0475266	0.0248892	0.0334829	0.0225421	0.0136407	0.000840296	0.00633225
106	0.731132	0.0104488	0.000482901	0.000618562	0.000538999	0.0214892	0.000428365	0.00152129	0.000566148	0.00102121	0.00556993	0.000564375	0.000293618	0.0011319	0.000600033	0.184938	0.0246244	0.0131948	0.000306663	0.000528659
107	0.0138526	0.00044444	0.00114437	0.00306258	0.000581369	0.00292395	0.0100697	0.00220315	0.211377	0.00129486	0.00066433	0.0168047	0.0013822	0.0194702	0.686175	0.0129704	0.00800156	0.00418644	0.00241296	0.00097744
108	0.00127342	0.00020575	0.000824088	0.00220193	0.0294045	0.00037249	0.00032491	0.0258381	0.00165185	0.831499	0.0865633	0.00110163	0.000237212	0.0019639	0.000502613	0.00106937	0.00581419	0.00856621	0.000103385	0.000482586
109	0.192033	0.0118321	0.00202062	0.0153254	0.00485468	0.0186024	0.0144838	0.0030764	0.00827988	0.0113304	0.00631573	0.00856565	0.00390867	0.00951022	0.0135402	0.241198	0.403638	0.0200398	0.00657415	0.00487081
110	0.209062	0.00127136	0.0839016	0.0760154	0.0292933	0.00349653	0.0281921	0.00485623	0.152349	0.0056806	0.00265001	0.00323413	0.109235	0.0588572	0.172339	0.0203216	0.0321944	0.00453937	0.00065954	0.00185138
111	0.0880345	0.0192474	0.002759	0.00202256	0.0842552	0.0113866	0.00158908	0.272451	0.00318457	0.153672	0.0822868	0.00243464	0.000602543	0.00260785	0.00122381	0.032453	0.0333456	0.14581	0.00027897	0.0603558
112	0.735502	0.0101758	0.000474529	0.000613585	0.000406119	0.0208625	0.000422514	0.000963331	0.000550272	0.000827666	0.00540335	0.000555833	0.000291566	0.00109969	0.000595857	0.185838	0.0239117	0.0109796	0.00011757	0.000408088
113	0.0855482	0.00150816	0.102978	0.270047	0.00450656	0.0231995	0.0187823	0.0201501	0.0696667	0.0394823	0.0192425	0.0508997	0.0013519	0.0945768	0.0511772	0.0607294	0.0403231	0.034826	0.000101108	0.0109031
114	0.00180672	0.000204851	0.000887335	0.00219224	0.028605	0.000502793	0.000336195	0.0276043	0.00155589	0.825123	0.0903625	0.00129129	0.000244873	0.00189071	0.000517198	0.00117912	0.00601945	0.00908265	0.000103636	0.000490454
115	0.00624223	0.000281979	0.00139969	0.0025901	0.027303	0.00132664	0.000389554	0.0303613	0.00207194	0.760519	0.13626	0.00282993	0.000251884	0.00173885	0.000719846	0.00162796	0.00962434	0.0136152	0.000117023	0.000728819
116	0.151361	0.00194842	0.129424	0.205096	0.00120136	0.0493222	0.00721659	0.0236488	0.0735466	0.0120644	0.00659988	0.0538172	0.000724635	0.0487486	0.0373773	0.110553	0.0467124	0.032145	0.000118915	0.00837388
117	0.0911899	0.000596677	0.249161	0.230219	0.00230507	0.09155	0.00775039	0.00338501	0.0480627	0.00405158	0.00107838	0.100779	0.00442173	0.0476451	0.0219429	0.0581188	0.0288137	0.0040752	0.000168033	0.00468535
118	0.013848	0.00521781	0.000386698	0.000418916	0.0139832	0.000392372	0.00129388	0.341837	0.000910227	0.443089	0.033017	0.0014366	0.000254996	0.00182782	0.000897575	0.00339809	0.00690116	0.129998	8.79612e-05	0.000804312
119	0.105912	0.00024106	0.243352	0.147563	0.00207224	0.105729	0.00553362	0.00215615	0.0579989	0.00168416	0.000776089	0.122303	0.00403203	0.0564593	0.0299021	0.074381	0.0334292	0.00228304	0.000124437	0.00406742
120	0.0441122	0.000241371	0.0997698	0.303264	0.00416086	0.00469437	0.0224834	0.0123695	0.0794853	0.0524701	0.0235915	0.0531902	0.00250527	0.145069	0.058541	0.0345144	0.0292184	0.0208823	0.000269622	0.00916698
121	0.0898187	0.000552975	0.223805	0.135928	0.00335162	0.161318	0.00558754	0.002522	0.0526534	0.00252109	0.00107886	0.134117	0.0047559	0.0595109	0.0247073	0.0610023	0.0287408	0.00275455	0.000236434	0.00503795
122	0.0624031	0.00655693	0.00183041	0.0113726	0.00195671	0.028032	0.00328379	0.00308518	0.013904	0.0218086	0.00250811	0.0121483	0.00133217	0.0167355	0.0036431	0.144185	0.65002	0.0121229	0.00115371	0.00191784
123	0.0669305	0.0186983	0.000773738	0.000900626	0.000578875	0.00094585	0.000549225	0.0646743	0.00107466	0.0126227	0.00529317	0.000976193	0.000361086	0.00116141	0.000919946	0.0211763	0.0584844	0.742942	0.000196614	0.000740394
124	0.0136136	0.000488331	0.365569	0.408801	0.00146554	0.00404019	0.010898	0.0026831	0.00935186	0.00848839	0.00127677	0.102619	0.00793467	0.0168026	0.00268305	0.0176677	0.022116	0.00223767	0.000321329	0.000942284
125	0.00556197	0.00115945	0.00238548	0.00259411	0.556676	0.0137533	0.00288534	0.0231739	0.00311357	0.00531664	0.0227143	0.0134706	0.00159995	0.00380845	0.00340709	0.0054646	0.00523311	0.0143759	0.156928	0.156378
126	0.108735	0.00458545	0.00317642	0.0212988	0.00179475	0.0666802	0.00112795	0.0614132	0.102784	0.03909	0.0336363	0.00850443	0.00229794	0.166846	0.144913	0.0245764	0.0830704	0.122172	0.000527249	0.00277107
127	0.127949	0.00409854	0.119536	0.0885786	0.00464203	0.019812	0.000760887	0.00588658	0.0554329	0.052941	0.00916192	0.04614	0.285449	0.00529343	0.026547	0.0885801	0.0330257	0.0171113	0.000232017	0.00882194
128	0.00641962	0.00129471	0.0046719	0.00320304	0.00256694	0.00344658	0.00880275	0.0157479	0.00359072	0.00445783	0.0133096	0.86352	0.00116169	0.013559	0.00392426	0.0192169	0.0238364	0.00418583	0.00079398	0.00229057
129	0.00217162	0.00474203	0.000841112	0.000982444	0.181916	0.00122291	0.0121197	0.00762968	0.00135904	0.0176426	0.00281149	0.00139832	0.00116654	0.00354577	0.00121243	0.00415064	0.00274411	0.00890222	0.00648596	0.736955
130	0.060408	0.00119475	0.458502	0.0916211	0.00492784	0.0474444	0.00552328	0.0105688	0.0237107	0.00508823	0.00239063	0.116795	0.00388434	0.0240482	0.0173844	0.0691869	0.039032	0.00857669	0.000419744	0.00929282
131	0.095734	0.000410021	0.225596	0.13563	0.00352222	0.169822	0.00513183	0.00212696	0.0518767	0.00190945	0.000885108	0.121262	0.0050953	0.05516	0.0254449	0.0631178	0.0294194	0.00234435	0.000166736	0.00534485
132	0.0724038	0.00130131	0.0256639	0.0411959	0.00208898	0.00627244	0.00189428	0.00358126	0.00308171	0.00392918	0.0573397	0.0257625	0.00118322	0.0833584	0.0249037	0.396667	0.243355	0.0035459	0.000550716	0.00192092
133	0.0434455	0.000244897	0.0944828	0.283527	0.00414478	0.00453965	0.022123	0.0112807	0.092243	0.0468314	0.0221958	0.0508718	0.00282597	0.15915	0.0644921	0.0371746	0.0319585	0.0188816	0.000509286	0.00907697
134	0.0505932	0.00133049	0.12246	0.444718	0.00500979	0.0113618	0.0160423	0.0121355	0.0469915	0.0232857	0.00809042	0.0307269	0.00422822	0.104462	0.037049	0.0356752	0.0256691	0.0130941	0.00111575	0.00596078
135	0.0231119	0.000456912	0.00255852	0.00196617	0.000920197	0.00153073	0.00273742	0.00155087	0.00185798	0.00422898	0.00817039	0.00186991	0.902218	0.0016634	0.00510768	0.0110663	0.0204644	0.00737487	0.000256911	0.000888193
136	0.0892677	0.000840094	0.0146642	0.104125	0.00224928	0.0139786	0.00449688	0.0723648	0.0418105	0.100617	0.00400865	0.0057746	0.000926612	0.0777729	0.0860577	0.0700427	0.132345	0.166274	0.0102502	0.00213374
137	0.00626862	0.00232692	0.0152622	0.00276741	0.0143646	0.00261281	0.014287	0.101966	0.00441659	0.125283	0.0618964	0.0217694	0.00129739	0.016836	0.00315529	0.00593158	0.112807	0.447898	0.0131504	0.025704
138	0.00164387	0.000326295	0.000911364	0.00221185	0.0360111	0.000454728	0.00036802	0.0244291	0.00177083	0.825454	0.0856212	0.00131557	0.000306667	0.0023336	0.000553412	0.00124435	0.00590878	0.0084171	0.00011604	0.000602248
139	0.0502596	0.00130895	0.00866711	0.00741567	0.00173209	0.00889989	0.0041822	0.00271003	0.00701537	0.00818	0.00721785	0.0104611	0.794732	0.00418755	0.00722501	0.0438605	0.0209532	0.0088321	0.000371613	0.00178781
140	0.735502	0.0101758	0.000474529	0.000613585	0.000406119	0.0208625	0.000422514	0.000963331	0.000550272	0.000827666	0.00540335	0.000555833	0.000291566	0.00109969	0.000595857	0.185838	0.0239117	0.0109796	0.00011757	0.000408088
141	0.122334	0.00887026	0.00678626	0.0163391	0.00171346	0.0857784	0.00318705	0.0269262	0.143047	0.0325907	0.0311739	0.0238349	0.00736799	0.125492	0.177169	0.0500581	0.0583397	0.0760706	0.000558027	0.00236273
142	0.0182002	0.00620858	0.000521831	0.000650812	0.121128	0.00401423	0.00167678	0.199839	0.00140773	0.355537	0.0565109	0.00178536	0.000272262	0.00299672	0.00103636	0.00251785	0.0104693	0.209627	0.00200852	0.00359136
143	0.0243536	0.000487683	0.00167786	0.00164857	0.00121967	0.00166481	0.00289063	0.00159758	0.00213603	0.00436118	0.00850795	0.00195764	0.899719	0.0020749	0.005199	0.0112514	0.0206158	0.00749778	0.000273743	0.000864773
144	0.0201898	0.00321141	0.00653723	0.00856127	0.115936	0.00832732	0.357938	0.0112595	0.00999646	0.0470006	0.0531067	0.139934	0.00379375	0.0804754	0.0092028	0.0182417	0.0523176	0.0444404	0.00172405	0.00780663
145	0.0209488	0.00522969	0.000534007	0.000623401	0.0210941	0.00191907	0.00300952	0.129557	0.00113505	0.642977	0.0374285	0.00712893	0.00031138	0.00219686	0.00234254	0.00806729	0.0143676	0.0997655	0.000153766	0.00120989
146	0.0045757	0.00131091	0.00103793	0.00215751	0.045948	0.00078841	0.00114922	0.0455718	0.00266731	0.762044	0.0732634	0.00188048	0.000393645	0.00305181	0.00359699	0.00275868	0.00810034	0.0269424	0.00161968	0.011142
147	0.103557	0.0412364	0.000978129	0.00184967	0.0317164	0.00698314	0.00151293	0.205829	0.00465162	0.25298	0.057304	0.00184225	0.00166752	0.00599727	0.00582711	0.0361371	0.0432638	0.177735	0.00030365	0.0186285
148	0.0106664	0.00170514	0.0097817	0.00923805	0.00349742	0.00617503	0.0109303	0.017156	0.00577275	0.00681568	0.0138619	0.821402	0.00208932	0.0157213	0.006085	0.0240454	0.0245524	0.00558031	0.000733524	0.00419069
149	0.011833	0.000358668	0.00102274	0.00100949	0.00490422	0.959033	0.000540436	0.00205836	0.0012723	0.00126871	0.0016473	0.00156787	0.000382016	0.00127706	0.00117676	0.00590732	0.00171168	0.00240979	0.000144387	0.000474849
150	0.541554	0.00484243	0.00169187	0.00178451	0.00633596	0.0456388	0.00144811	0.0348614	0.0020653	0.0110283	0.00603496	0.00221367	0.000927897	0.00312426	0.00198813	0.0917707	0.11074	0.120832	0.00618626	0.00493191
151	0.0810244	0.00123913	0.0215132	0.0372759	0.00184962	0.00689655	0.00196218	0.00324323	0.00297642	0.00406599	0.0601327	0.0258167	0.000967398	0.083676	0.0220682	0.390876	0.248276	0.00375943	0.000536303	0.00184446
152	0.0138305	0.00034541	0.0021919	0.00141168	0.00542024	0.948888	0.00106083	0.00213676	0.00210018	0.00134066	0.00178742	0.00264821	0.000635756	0.00179902	0.00217184	0.00651209	0.00224109	0.00264532	0.000165805	0.000667286
153	0.0128129	0.00594321	0.00317397	0.0028925	0.00676919	0.00334203	0.00322885	0.6351	0.00553335	0.110596	0.0196467	0.00261195	0.00113448	0.00419924	0.0052608	0.00454854	0.0122413	0.15689	0.000443852	0.00363178
154	0.701402	0.0102921	0.00174718	0.00251468	0.000871218	0.026193	0.00134537	0.00226382	0.00250795	0.00221975	0.00543445	0.00253664	0.00361018	0.00364699	0.00209876	0.185333	0.0295569	0.0143808	0.000361898	0.00168237
155	0.0986571	0.0156476	0.00314923	0.00713337	0.00408515	0.00497165	0.0019179	0.10089	0.00718542	0.0377935	0.0133913	0.00283033	0.00150359	0.00664237	0.00820127	0.0254552	0.0526677	0.604091	0.000601288	0.00318577
156	0.0122148	0.000238215	0.00142097	0.00118545	0.00490589	0.95894	0.000628521	0.00233354	0.0011187	0.00124885	0.00155026	0.00170769	0.000431457	0.000956195	0.000772584	0.00555071	0.00165015	0.00242021	0.000210954	0.000515332
157	0.020945	0.00833217	0.00457463	0.0150304	0.0481881	0.00273988	0.00189885	0.0916822	0.0225057	0.436717	0.168627	0.00741917	0.000937147	0.0151476	0.0253708	0.00720837	0.0136095	0.0755831	0.00387915	0.0296043
158	0.735502	0.0101758	0.000474529	0.000613585	0.000406119	0.0208625	0.000422514	0.000963331	0.000550272	0.000827666	0.00540335	0.000555833	0.000291566	0.00109969	0.000595857	0.185838	0.0239117	0.0109796	0.00011757	0.000408088
159	0.0611695	0.0436139	0.0152345	0.0079188	0.00407392	0.0133692	0.00407601	0.014573	0.00738158	0.0231374	0.00577301	0.0137539	0.00288798	0.00743711	0.00766308	0.23774	0.504542	0.0201659	0.0020944	0.00339554
160	0.062384	0.00489313	0.101859	0.0983804	0.033593	0.00713989	0.0205947	0.0065409	0.0073297	0.00773433	0.00474153	0.279639	0.00243566	0.0180938	0.00679685	0.219288	0.0155981	0.00816221	0.000796056	0.0939998
161	0.0185725	0.00780286	0.000708752	0.0028222	0.0103161	0.000517212	0.000476472	0.44091	0.000909655	0.0774744	0.03094	0.00168383	0.000175194	0.000649613	0.000877332	0.000889167	0.0149442	0.387405	0.000198342	0.00172732
162	0.207766	0.00383939	0.0155135	0.0167283	0.00441581	0.00936058	0.00907999	0.0098451	0.0123425	0.0332061	0.00637629	0.0125451	0.534944	0.0142231	0.010062	0.0387776	0.0253272	0.030731	0.0011877	0.00372838
163	0.171438	0.00353832	0.00406697	0.00883975	0.00373378	0.0462485	0.00512608	0.00653729	0.0275826	0.00977919	0.00342261	0.0402755	0.275234	0.0182468	0.0234116	0.306474	0.0280843	0.012616	0.00079471	0.00454922
164	0.0217236	0.00366747	0.0126271	0.015594	0.144328	0.00804281	0.422605	0.012814	0.0113285	0.0247637	0.0213822	0.0363646	0.0155108	0.0348253	0.0108958	0.0162357	0.0295791	0.0209111	0.00783755	0.128964
165	0.015687	0.00231695	0.0201518	0.0186604	0.0145693	0.0115813	0.0606818	0.0170112	0.0149497	0.0127686	0.0182326	0.6729	0.00246699	0.0265011	0.0155103	0.0274193	0.0292039	0.0111726	0.00123024	0.00698496
166	0.112494	0.00857954	0.00145195	0.0014142	0.00761521	0.00337737	0.0030608	0.157053	0.00193634	0.342206	0.0389259	0.00209653	0.00184762	0.00817624	0.00411792	0.00961288	0.0272614	0.265947	0.000349139	0.00247684
167	0.0739309	0.00155153	0.0554208	0.00915993	0.0184069	0.134698	0.111143	0.0661114	0.0744532	0.024264	0.00500871	0.0869184	0.00154473	0.0486243	0.0835897	0.0588431	0.132564	0.00932685	0.000959088	0.00348153
168	0.0500159	0.00148868	0.17906	0.486894	0.00445455	0.0116574	0.0135082	0.0136523	0.0351951	0.0179705	0.00633831	0.0304963	0.00514906	0.050412	0.0229964	0.0276343	0.0229758	0.0131997	0.00126335	0.00563791
169	0.0248795	0.00429491	0.000411027	0.00187383	0.00739306	0.000452585	0.00094381	0.38776	0.000925122	0.218901	0.0297259	0.00127911	0.000343291	0.00156294	0.00140465	0.00128888	0.0102566	0.305135	0.000126932	0.00104251
170	0.174034	0.0709742	0.00241948	0.0023861	0.0088081	0.0497861	0.00228393	0.180604	0.00297963	0.110696	0.0125745	0.00258103	0.0042103	0.00383618	0.00298321	0.0470715	0.0730264	0.242191	0.00153022	0.00502276
171	0.109393	0.00025256	0.240048	0.150694	0.0020768	0.0995868	0.00533672	0.0031556	0.059136	0.00215263	0.00088273	0.117337	0.00382806	0.055539	0.0308713	0.077397	0.0338313	0.00391474	0.000102174	0.00446444
172	0.416355	0.00116682	0.00268092	0.00211842	0.00182375	0.468729	0.00160619	0.00316597	0.00222856	0.0034203	0.0104423	0.00720938	0.00887224	0.00332671	0.00211547	0.0285721	0.0157859	0.0183667	0.000386062	0.00162768
173	0.185268	0.114902	0.00157967	0.00208427	0.0126348	0.00623994	0.00170162	0.0979039	0.00219277	0.152486	0.0207866	0.0024667	0.00213596	0.00277077	0.0022827	0.132555	0.168275	0.08916	0.000529213	0.0020458
174	0.0465231	0.0525485	0.00294115	0.00233859	0.00286191	0.00198618	0.0021127	0.312183	0.0353024	0.200031	0.0184715	0.00234489	0.00337775	0.0368079	0.0568488	0.0350082	0.00825278	0.177789	0.000502713	0.00176823
175	0.236029	0.0013649	0.00258502	0.0638951	0.00210935	0.00266515	0.241812	0.00403968	0.0157864	0.0976692	0.0616857	0.00302039	0.00122181	0.0293232	0.067	0.0052901	0.0189965	0.00422101	0.000420461	0.140865
176	0.0228694	0.0116934	0.00807812	0.0325428	0.0278806	0.00183699	0.00150026	0.0780763	0.0446755	0.409447	0.198379	0.00946897	0.000859456	0.027715	0.0451818	0.00421602	0.00598973	0.0463131	0.00062111	0.022656
177	0.0107145	0.00223769	0.000495641	0.000544961	0.00361589	0.000510375	0.000618175	0.439517	0.000608916	0.396875	0.0231917	0.000781813	0.000205343	0.000934731	0.000783753	0.0024973	0.00143563	0.113904	0.000105626	0.000421528
178	0.0575309	0.00535371	0.23644	0.16124	0.000915712	0.00644936	0.0248523	0.00167269	0.209238	0.00737605	0.00119521	0.0382482	0.000487648	0.0269333	0.142362	0.0583312	0.0129938	0.00687544	0.000267493	0.00123756
179	0.0261656	0.00681767	0.000272701	0.00324603	0.0106004	0.000338088	0.000573538	0.369773	0.000756588	0.0831551	0.0337315	0.00193631	0.000181819	0.000801092	0.000494428	0.000683018	0.0151705	0.443491	8.1632e-05	0.00172972
180	0.040192	0.00114369	0.00249347	0.0259997	0.00193046	0.00276189	0.0252722	0.0157388	0.29651	0.0318112	0.00270834	0.015008	0.301937	0.109907	0.084988	0.0290628	0.00527017	0.00457323	0.000696014	0.00199575
181	0.385535	0.00113205	0.00180526	0.0017742	0.00161271	0.51219	0.00140335	0.00248242	0.00201412	0.00277602	0.00943958	0.00680136	0.00794243	0.00293048	0.0018961	0.0284511	0.0130309	0.0151451	0.000296596	0.0013411
182	0.0268293	0.000418981	0.00132124	0.00138955	0.00137708	0.00118531	0.00323891	0.00156676	0.00136092	0.00404469	0.0079594	0.00141557	0.901921	0.00158459	0.00484007	0.0109132	0.0198281	0.0074865	0.000232597	0.00108656
183	0.0407245	0.00250833	0.533639	0.129111	0.00435458	0.0180222	0.00926664	0.0190227	0.022288	0.0130615	0.00554826	0.0557144	0.0140139	0.0188942	0.0202976	0.0475882	0.0296431	0.0118659	0.000741279	0.00369538
184	0.00280917	0.00882071	0.00123442	0.00126959	0.423107	0.00196614	0.0145818	0.0187672	0.00641322	0.110936	0.023722	0.00163419	0.00523523	0.00184994	0.00211361	0.0138014	0.0121073	0.0235947	0.00120864	0.324827
185	0.245251	0.00138913	0.00345133	0.0047358	0.0034434	0.00391214	0.0178294	0.00493895	0.00555215	0.0126328	0.00482172	0.00455363	0.613287	0.00628762	0.00612206	0.0355171	0.0112719	0.0119788	0.000552386	0.00247204
186	0.0344257	0.00500225	0.0182542	0.0156637	0.00626526	0.134479	0.00869306	0.0104654	0.0203226	0.04343	0.00852892	0.106425	0.00761832	0.0210704	0.012606	0.120767	0.402604	0.0151091	0.00158933	0.00668104
187	0.104009	0.00106843	0.194479	0.105575	0.00951871	0.248521	0.00465395	0.00263159	0.0468183	0.00315717	0.00156664	0.102277	0.0100908	0.0473171	0.0255005	0.04854	0.0299293	0.00345662	0.000438956	0.0104499
188	0.37999	0.00116109	0.00199442	0.0017745	0.00155062	0.515387	0.00161928	0.00316007	0.00211162	0.00295296	0.00978117	0.00690167	0.0079575	0.00307675	0.0019763	0.0274066	0.0137376	0.0158351	0.000286905	0.00133842
