286	20
1	0.0235612	0.00597136	0.000630659	0.00613343	0.0491514	0.000647876	0.00540666	0.285269	0.0021144	0.351272	0.0496096	0.00251705	0.00228476	0.00742149	0.00473714	0.0114593	0.0085929	0.162478	0.00013973	0.0206026
2	0.016511	0.00522494	0.00177066	0.00356066	0.0527066	0.00263004	0.00254766	0.131742	0.00418773	0.472408	0.181681	0.00387115	0.00168583	0.00502051	0.0158676	0.0112985	0.0235255	0.0599612	0.000463972	0.00333586
3	0.0634083	0.00840279	0.098068	0.159163	0.00324625	0.0369955	0.0145135	0.00631506	0.095164	0.023791	0.00906174	0.0928	0.0149978	0.044074	0.0265152	0.141499	0.112779	0.0478783	0.00058353	0.000743933
4	0.0303942	0.0122688	0.0299537	0.0273659	0.00242226	0.0301609	0.0465041	0.00465739	0.200004	0.0218738	0.00934252	0.104189	0.00352237	0.0624852	0.268477	0.0453105	0.0795162	0.0116487	0.00185844	0.00804558
5	0.0757235	0.000583801	0.0434636	0.0856528	0.00529311	0.0326762	0.0200125	0.00723267	0.0563211	0.0107081	0.00664072	0.0411259	0.374865	0.0479509	0.0298901	0.0898555	0.0544888	0.0167916	0.000229548	0.000494565
6	0.0356936	0.0110259	0.0283092	0.0155768	0.00527279	0.245049	0.00534383	0.00908125	0.0107918	0.0150925	0.00641603	0.0575505	0.0045476	0.0352355	0.00893587	0.25069	0.233777	0.00863544	0.00365792	0.00931801
7	0.0779021	0.000441831	0.0440084	0.0890257	0.00442137	0.0318124	0.0206785	0.00706224	0.0570202	0.0109303	0.0063626	0.0417507	0.38091	0.0490296	0.0263608	0.085114	0.0486833	0.0178824	0.000236614	0.000367171
8	0.0345282	0.00114403	0.00732898	0.00895333	0.361529	0.0015208	0.0158029	0.0341861	0.0197912	0.238595	0.0161179	0.0080215	0.00513501	0.00276039	0.0110747	0.0425238	0.0345203	0.0303716	0.0194891	0.106607
9	0.0476607	0.00297936	0.00659159	0.0196561	0.351151	0.00427852	0.0151502	0.0325468	0.0166959	0.165665	0.0135952	0.0104116	0.00888116	0.00470311	0.0111184	0.0552885	0.0424408	0.0412717	0.0269987	0.122916
10	0.0582036	0.00217318	0.0608599	0.278866	0.0382623	0.0136517	0.00250931	0.0684754	0.0146025	0.00487528	0.0155718	0.0426746	0.0495306	0.078444	0.0178224	0.020385	0.0282384	0.165911	0.00101563	0.0379279
11	0.244781	0.00105267	0.00177507	0.00239185	0.00118768	0.0367362	0.00829517	0.0093414	0.00545895	0.00261146	0.00223282	0.0112048	0.586784	0.00266569	0.00196905	0.0447686	0.012404	0.0120581	0.00813094	0.00415124
12	0.0291292	0.00887045	0.0546675	0.0223849	0.00196572	0.576336	0.00312531	0.00189613	0.00800436	0.0240932	0.00185716	0.0416367	0.00111123	0.0165438	0.00891615	0.142282	0.046851	0.00241461	0.00635068	0.00156466
13	0.0774813	0.000428152	0.0462377	0.0898176	0.00460774	0.0316866	0.019689	0.00642846	0.0561682	0.010669	0.00596695	0.0414362	0.380818	0.048558	0.0250031	0.0857138	0.0502678	0.018478	0.000187883	0.000356866
14	0.0484904	0.0220729	0.050815	0.0318487	0.00660787	0.44207	0.0110006	0.0112232	0.0269285	0.0264415	0.00714788	0.0563236	0.0232477	0.0281792	0.0201029	0.111635	0.0501394	0.0132063	0.00611323	0.00640633
15	0.234111	0.233571	0.013456	0.0130671	0.0109642	0.0337004	0.00994078	0.0267314	0.0277648	0.0448051	0.0254197	0.0209939	0.00920707	0.0160361	0.0159658	0.0757897	0.0722199	0.106481	0.00402087	0.0057538
16	0.0556405	0.018524	0.0541918	0.029559	0.006029	0.44024	0.00971884	0.0101148	0.026663	0.0222798	0.00785087	0.0536501	0.0248997	0.025911	0.0201296	0.113509	0.0533488	0.0148191	0.00572945	0.00719114
17	0.29529	0.0129826	0.03412	0.0256805	0.00698084	0.245198	0.0103409	0.0145226	0.0230871	0.0197421	0.00856887	0.0340535	0.0461	0.0237238	0.0166875	0.104042	0.0441808	0.0236271	0.00566539	0.00540599
18	0.0287112	0.0116626	0.00176808	0.00627117	0.0398466	0.00317046	0.00507873	0.248442	0.0062309	0.330117	0.0713824	0.0129672	0.00621844	0.0114246	0.00710136	0.016752	0.0213823	0.157663	0.000651538	0.0131593
19	0.0501269	0.0229279	0.0630925	0.0310781	0.00747586	0.41574	0.012992	0.0105882	0.0261835	0.0226479	0.00894819	0.0566717	0.0224452	0.0299757	0.0224571	0.108457	0.0586069	0.0156726	0.00570231	0.00821054
20	0.0763995	0.355032	0.0184025	0.0162729	0.0172723	0.044914	0.0154148	0.0302143	0.0458449	0.0486967	0.0273932	0.0376393	0.00871846	0.0258865	0.0238818	0.0754851	0.050568	0.0595555	0.00512545	0.0172827
21	0.0583606	0.00680373	0.105169	0.373772	0.00910946	0.0168587	0.0238001	0.0224653	0.0621219	0.0199512	0.0150068	0.0457072	0.0279536	0.0595823	0.0252296	0.0472348	0.0360773	0.0336983	0.00412635	0.00697143
22	0.0382109	0.0186444	0.000584815	0.00407022	0.0249352	0.000685564	0.00421773	0.316982	0.00247938	0.243882	0.0432304	0.00479251	0.00179336	0.00841913	0.00394648	0.00748552	0.0168542	0.246587	0.000134696	0.0120647
23	0.0271494	0.0112037	0.00150405	0.00610041	0.0443741	0.00165554	0.00494253	0.259058	0.00595091	0.317736	0.0698913	0.00784016	0.00402174	0.00908681	0.00712643	0.0140678	0.0184348	0.173327	0.0012124	0.0153176
24	0.0692683	0.0135141	0.0170842	0.0473436	0.00221342	0.00936896	0.0308562	0.00473632	0.301168	0.0142722	0.0107854	0.0530588	0.00541276	0.0958	0.172098	0.0811107	0.0614204	0.00847945	0.000840364	0.00116891
25	0.027869	0.0135014	0.493754	0.0617329	0.00158633	0.0313356	0.00314082	0.00320431	0.00890523	0.00339537	0.00247007	0.241963	0.00863676	0.0133828	0.00314521	0.0471906	0.0230749	0.00741995	0.00131711	0.00297427
26	0.030981	0.00952717	0.000966373	0.00469633	0.0375771	0.00123205	0.00342819	0.23088	0.00369895	0.35766	0.0857818	0.00377075	0.00524193	0.00983837	0.00688402	0.00991202	0.0148256	0.171885	0.000252352	0.0109616
27	0.793104	0.0022026	0.00114893	0.00181536	0.0015058	0.0389701	0.00127321	0.0168395	0.00269806	0.00332101	0.00315725	0.00261298	0.00160009	0.00513576	0.0022086	0.0723411	0.0132496	0.035545	0.000390931	0.000880386
28	0.02708	0.0105255	0.000697883	0.00613431	0.042505	0.000956588	0.00493698	0.327013	0.00410899	0.238633	0.0399434	0.00464019	0.00240909	0.00721955	0.00440992	0.00940276	0.0130269	0.241813	0.000232571	0.0143117
29	0.0231091	0.031503	0.00692426	0.00623298	0.00397133	0.0773719	0.0367208	0.00412242	0.233054	0.0342846	0.0331057	0.0356744	0.00396245	0.0549485	0.258062	0.0294424	0.0868805	0.0200048	0.00096453	0.0196604
30	0.0282327	0.00184234	0.115967	0.0332912	0.00267648	0.00426818	0.108955	0.00914491	0.180392	0.0493702	0.0031451	0.258842	0.00423749	0.0437124	0.0448339	0.0400683	0.0619965	0.00447794	0.00233138	0.00221513
31	0.0262412	0.00738406	0.000538723	0.00564491	0.0409723	0.000612589	0.0045283	0.297251	0.00155028	0.335849	0.048593	0.0024198	0.00232063	0.00805967	0.00423412	0.00983285	0.0096297	0.175472	0.000124245	0.0187418
32	0.00751377	0.00230727	0.25665	0.0626204	0.00268431	0.00423164	0.46585	0.0046816	0.0063771	0.00532132	0.00406191	0.0222407	0.00257475	0.0053113	0.00449896	0.0546753	0.023385	0.0483431	0.000955152	0.0157157
33	0.00964889	0.00781474	0.000594628	0.000943412	0.00434211	0.000645392	0.000968144	0.445377	0.00224013	0.0355164	0.0112358	0.00190698	0.00047526	0.00144778	0.000925277	0.00240181	0.00633959	0.465394	0.000124371	0.00165861
34	0.0280249	0.0134212	0.000766448	0.00362925	0.0138777	0.00120689	0.00320661	0.369874	0.0038664	0.145447	0.0271913	0.00537861	0.00384217	0.00576286	0.00263378	0.00618933	0.0149505	0.343636	0.000166463	0.00692833
35	0.041811	0.010588	0.319175	0.109003	0.00976741	0.0611076	0.020651	0.0142882	0.0316681	0.0161585	0.00825134	0.124674	0.0335017	0.030328	0.0168865	0.0768307	0.0449183	0.0186522	0.00400956	0.0077297
36	0.0237092	0.0105232	0.00520221	0.00996981	0.0466674	0.00726225	0.0123647	0.0977627	0.0437203	0.345248	0.159212	0.0173737	0.00723549	0.0221056	0.0620434	0.0292644	0.029153	0.0573993	0.00178241	0.0120009
37	0.0336157	0.00926	0.345071	0.117709	0.00533709	0.0465234	0.0358768	0.0110072	0.0322464	0.0125341	0.00756176	0.132199	0.0293229	0.0274805	0.0165977	0.0703046	0.036996	0.0183521	0.00419395	0.0078109
38	0.0127544	0.0055458	0.00451526	0.00903907	0.00758827	0.00648923	0.00486628	0.121673	0.0267017	0.0206842	0.0190018	0.0558096	0.00332671	0.0217658	0.0297847	0.0758574	0.499728	0.0699842	0.00157297	0.00331176
39	0.0232414	0.0114046	0.0013195	0.0050438	0.0115955	0.00166506	0.00338479	0.397499	0.00552014	0.0926249	0.0208873	0.00509277	0.00517941	0.00518226	0.0024952	0.00771741	0.0144303	0.379469	0.000288836	0.00595802
40	0.0317602	0.00129073	0.218625	0.558958	0.00105179	0.00378066	0.0168173	0.011536	0.0193369	0.00263331	0.00605107	0.0409482	0.0021284	0.0281954	0.00724391	0.0208789	0.00491061	0.0180591	0.00481928	0.000974902
41	0.0274358	0.00774577	0.000569904	0.00709062	0.0373325	0.000619747	0.00442711	0.304645	0.00197131	0.314618	0.0417649	0.00289027	0.0031137	0.00894834	0.00415727	0.00976145	0.0105363	0.193402	0.000148007	0.0188225
42	0.00805673	0.00754666	0.0028775	0.00295694	0.00214964	0.0159327	0.00233005	0.011891	0.00475322	0.0180928	0.013483	0.0298213	0.0023507	0.00683385	0.00372254	0.291541	0.545632	0.0137219	0.00837381	0.00793257
43	0.0432246	0.0162208	0.114322	0.0669615	0.0100946	0.0626032	0.0337003	0.0220685	0.0588478	0.0319743	0.0141982	0.209274	0.0203655	0.0395957	0.0456266	0.0956106	0.0728555	0.0282916	0.0025146	0.011649
44	0.0344976	0.0120073	0.00580759	0.0150329	0.0604289	0.0130438	0.00969945	0.16298	0.0200618	0.316597	0.0815307	0.020506	0.00984213	0.0210467	0.0157986	0.0317988	0.0314296	0.113364	0.00407246	0.0204543
45	0.0433733	0.022493	0.0970179	0.0599695	0.0178817	0.0591931	0.0325634	0.02429	0.0664059	0.0359803	0.0144456	0.19876	0.0306114	0.0465852	0.0471939	0.0889654	0.0693349	0.0277945	0.0050117	0.0121292
46	0.0489314	0.00978468	0.0179471	0.0327626	0.0128467	0.0219185	0.0246789	0.0210773	0.172502	0.0354064	0.0228767	0.0567987	0.0239297	0.0549329	0.301631	0.070822	0.0379818	0.0216718	0.00251192	0.00898776
47	0.065804	0.0105921	0.0406627	0.0981514	0.0146968	0.0324687	0.0279409	0.024992	0.105066	0.0474751	0.0285377	0.0602452	0.0296779	0.167399	0.055881	0.0801605	0.0592179	0.0336738	0.00367416	0.0136832
48	0.0417718	0.0132461	0.0155059	0.0224209	0.242201	0.0206626	0.026215	0.0467195	0.0336905	0.122971	0.0241467	0.0292972	0.0142718	0.0154573	0.0200809	0.0619943	0.107856	0.0546705	0.0135034	0.0733164
49	0.0346329	0.0097126	0.00645201	0.0114851	0.0742101	0.00694672	0.0113089	0.143206	0.023451	0.337901	0.0843318	0.0186324	0.0121846	0.0209537	0.0178318	0.0302906	0.0258024	0.0977635	0.00362577	0.0292773
50	0.0312151	0.00780881	0.0268166	0.0297616	0.00810324	0.0180915	0.0966104	0.00974047	0.109372	0.0234525	0.00946937	0.150805	0.00938093	0.0414464	0.241904	0.0813981	0.0797326	0.0125586	0.00318123	0.00915208
51	0.115913	0.00157861	0.00437118	0.104931	0.00279205	0.0190092	0.0355044	0.075559	0.132029	0.0251806	0.0469219	0.0118942	0.153794	0.0989727	0.0461516	0.0580308	0.020206	0.0452327	0.000582018	0.00134613
52	0.0683862	0.0188466	0.0199679	0.0538325	0.000565251	0.00799303	0.0413189	0.00154197	0.326711	0.0114302	0.00104978	0.0618382	0.000717195	0.103285	0.112826	0.0759817	0.0849566	0.00771072	0.000478128	0.000563563
53	0.0216892	0.00882284	0.420977	0.0859483	0.00283061	0.0321224	0.0142635	0.00809211	0.0229166	0.00813494	0.00426475	0.216815	0.0102405	0.0215657	0.00813039	0.0676791	0.0274229	0.0122355	0.001503	0.004346
54	0.00587756	0.00591396	0.000591457	0.000660523	0.00352454	0.000663319	0.000604406	0.456558	0.00164935	0.0202078	0.00889742	0.00144025	0.000360928	0.000856126	0.000694179	0.00200663	0.00462027	0.483811	0.000136499	0.000925879
55	0.0267086	0.00838128	0.171965	0.0423746	0.0032955	0.365567	0.0112051	0.00369749	0.0146374	0.0143182	0.00338237	0.131695	0.00658984	0.0207974	0.0115313	0.113135	0.0370534	0.00637531	0.00458242	0.00270846
56	0.0679871	0.0186334	0.0194018	0.0532408	0.000564984	0.00781598	0.0407679	0.00138656	0.329554	0.0120273	0.00114077	0.0601539	0.000778113	0.105122	0.116262	0.0732269	0.0835077	0.00731061	0.000562476	0.000555411
57	0.0302017	0.00301993	0.0048789	0.00544385	0.0417378	0.00484536	0.00418598	0.00602621	0.00692572	0.00651498	0.00382085	0.00945022	0.325027	0.00649298	0.00586674	0.439176	0.0444878	0.00638672	0.00145582	0.0440552
58	0.0595283	0.0185071	0.0265601	0.0720835	0.025453	0.025749	0.0298031	0.0206507	0.209727	0.0423186	0.0224689	0.0593952	0.027697	0.0694628	0.107572	0.0700952	0.0655117	0.0277735	0.00253696	0.0171065
59	0.731467	0.00156449	0.00537856	0.00223857	0.00132653	0.0373784	0.00209017	0.00559525	0.00308015	0.00569995	0.00272279	0.00574802	0.00311759	0.00364817	0.00408891	0.15133	0.0177859	0.0138479	0.000428362	0.00146298
60	0.00525203	0.00141358	0.121404	0.457463	0.00131517	0.0098726	0.0105455	0.0187299	0.0820067	0.0265606	0.00981015	0.0460583	0.0014913	0.102085	0.00252556	0.0154377	0.0747148	0.0114164	0.000760504	0.00113708
61	0.154143	0.105859	0.00275064	0.00834705	0.00384089	0.00429832	0.00295819	0.0292218	0.004944	0.00441058	0.011598	0.00503281	0.00357634	0.00412484	0.0170874	0.0440739	0.194898	0.395951	0.00102993	0.0018543
62	0.603177	0.0224449	0.00873201	0.0196741	0.00631236	0.0356981	0.00711087	0.0205687	0.0171844	0.0173086	0.00982292	0.0131338	0.0426016	0.0151001	0.0103657	0.0728417	0.0269713	0.0433483	0.00233297	0.00527084
63	0.702764	0.0110008	0.00204932	0.00373448	0.00249861	0.0283036	0.00230804	0.0273238	0.00320014	0.00814029	0.00554963	0.00406208	0.00267535	0.0085014	0.00322766	0.0744889	0.0289474	0.0796802	0.000468121	0.00107622
64	0.138073	0.00332625	0.0525963	0.278615	0.00251384	0.0104876	0.00919285	0.00346711	0.152699	0.0078695	0.00959852	0.0613215	0.00545333	0.068647	0.0736058	0.0743739	0.030548	0.0162023	0.00031477	0.00109497
65	0.124649	0.00746145	0.0132595	0.0244694	0.171119	0.0121684	0.0218473	0.0252321	0.0771315	0.0857742	0.063734	0.0200486	0.015414	0.0357599	0.0717488	0.0431648	0.0340866	0.0622622	0.00930127	0.081367
66	0.00587756	0.00591396	0.000591457	0.000660523	0.00352454	0.000663319	0.000604406	0.456558	0.00164935	0.0202078	0.00889742	0.00144025	0.000360928	0.000856126	0.000694179	0.00200663	0.00462027	0.483811	0.000136499	0.000925879
67	0.0348649	0.00326661	0.00549061	0.0346497	0.0105396	0.00702975	0.0131221	0.00697952	0.103986	0.00971741	0.277277	0.144213	0.00417473	0.132296	0.103747	0.0812383	0.0130461	0.00953412	0.00149286	0.00333418
68	0.0866239	0.0119508	0.0332756	0.134299	0.00115586	0.00807642	0.0295315	0.0017268	0.271263	0.00915746	0.00274773	0.0621416	0.00213043	0.0906146	0.100198	0.0782632	0.065922	0.0100564	0.000277411	0.000587617
69	0.037143	0.00656586	0.0100071	0.0189826	0.00682515	0.0116419	0.0185222	0.00970816	0.289288	0.0215059	0.0137534	0.0401242	0.00961455	0.0613227	0.343017	0.0608606	0.0265095	0.0067219	0.00112453	0.00676154
70	0.00600368	0.00606666	0.00059278	0.000658764	0.0035767	0.000664872	0.000607771	0.455621	0.00162455	0.0211345	0.00908451	0.00146585	0.000356238	0.000873648	0.000717801	0.00199746	0.00470073	0.483175	0.000136543	0.00094083
71	0.0767665	0.000432854	0.0443744	0.0889292	0.00448651	0.031494	0.0200637	0.00654958	0.056837	0.0108147	0.00610763	0.0413728	0.381429	0.0486915	0.0262362	0.086683	0.0502628	0.0178823	0.000171226	0.000415073
72	0.0280907	0.00747922	0.0580154	0.0218646	0.00113703	0.611436	0.00205082	0.00183643	0.0088341	0.0221148	0.00152618	0.0325057	0.00110138	0.016272	0.00996973	0.119661	0.0453723	0.00244132	0.00744781	0.000843635
73	0.124296	0.404461	0.0035124	0.00513606	0.00416163	0.0044229	0.00414672	0.0292981	0.00649117	0.0987828	0.0517252	0.00877	0.00303454	0.00624657	0.00522727	0.103594	0.0348639	0.0982672	0.000891247	0.00267123
74	0.0665815	0.0178725	0.0237455	0.0580572	0.000683107	0.00910105	0.039846	0.0021507	0.312128	0.0111626	0.0015017	0.0690975	0.00107847	0.0992615	0.10741	0.078475	0.0898711	0.0109304	0.000481664	0.000564369
75	0.0342839	0.0151669	0.00103819	0.00246131	0.0097485	0.00129276	0.0033913	0.384363	0.00483346	0.118013	0.0240987	0.00547425	0.00235093	0.00521737	0.00264206	0.00559776	0.0207642	0.351053	0.000217409	0.00799282
76	0.00703973	0.00192198	0.00279425	0.0159496	0.0169307	0.00305324	0.00312214	0.0869173	0.0729621	0.0320302	0.0336592	0.0345702	0.00186346	0.023046	0.0187799	0.0127377	0.449601	0.180159	0.000940458	0.00192103
77	0.244781	0.00105267	0.00177507	0.00239185	0.00118768	0.0367362	0.00829517	0.0093414	0.00545895	0.00261146	0.00223282	0.0112048	0.586784	0.00266569	0.00196905	0.0447686	0.012404	0.0120581	0.00813094	0.00415124
78	0.0033918	0.0180814	0.00150553	0.00233281	0.116248	0.00775774	0.0886939	0.0052459	0.009524	0.0168935	0.00728004	0.0154912	0.00112161	0.00733023	0.00214806	0.0171989	0.00661165	0.0394892	0.0168849	0.61677
79	0.00351027	0.0264338	0.00132769	0.00211887	0.261454	0.00433012	0.0751223	0.00754185	0.01525	0.0107099	0.00451425	0.0196351	0.00114166	0.00657306	0.00172933	0.0102395	0.0103645	0.042772	0.0241214	0.47111
80	0.0616611	0.376783	0.00410649	0.00478628	0.00335175	0.196847	0.00381694	0.00475514	0.122241	0.00583111	0.00454432	0.0788297	0.00303442	0.0232567	0.0220924	0.0471841	0.0270334	0.00627297	0.00118914	0.00238267
81	0.0420173	0.00260732	0.00271325	0.00320633	0.00193839	0.0103717	0.00305661	0.00772964	0.249218	0.017606	0.023124	0.0245842	0.0238438	0.0454722	0.450449	0.0783955	0.00694043	0.00452342	0.00056676	0.00163579
82	0.0430838	0.0152651	0.000974257	0.00505458	0.0216358	0.00200894	0.00509335	0.32209	0.00447161	0.217537	0.0351763	0.00663777	0.00804848	0.00842135	0.00407977	0.00923851	0.0199191	0.25935	0.000391348	0.0115235
83	0.0540903	0.00119765	0.103046	0.512274	0.00197376	0.00412459	0.0162422	0.0107217	0.0561017	0.0141856	0.00679095	0.0313913	0.00288209	0.101731	0.00927776	0.0236242	0.0256917	0.0194527	0.00341131	0.00178983
84	0.0278239	0.00122087	0.171631	0.580935	0.00108367	0.00312806	0.0172816	0.0126181	0.0266716	0.00558958	0.00677399	0.0404668	0.00133162	0.0394588	0.00728647	0.0202111	0.0128743	0.0182925	0.0045614	0.000759722
85	0.00629033	0.014733	0.00307293	0.00379119	0.153491	0.00308137	0.0698841	0.00341442	0.345602	0.111594	0.0613774	0.00488007	0.0019447	0.0392401	0.0317803	0.0264349	0.00744088	0.00513905	0.00121514	0.105592
86	0.0215597	0.0147649	0.444823	0.0858051	0.00251773	0.0518588	0.0215497	0.00361185	0.00510511	0.00408425	0.00317813	0.0589859	0.155007	0.01045	0.00385029	0.0611894	0.0197403	0.00536619	0.00664102	0.0199112
87	0.0679834	0.00205201	0.319746	0.18018	0.00248707	0.0464945	0.00315647	0.00340044	0.00493974	0.00388055	0.00318155	0.0289087	0.0221184	0.0429682	0.00323944	0.224219	0.0249225	0.00435685	0.00547438	0.0062909
88	0.00735938	0.0209797	0.00176948	0.00352853	0.296307	0.00431965	0.0608583	0.00890713	0.0135522	0.0259856	0.00533004	0.0154738	0.00186074	0.006224	0.00323501	0.0139762	0.0121321	0.0379555	0.0291424	0.431104
89	0.0103047	0.0177751	0.00279119	0.00545997	0.217305	0.00612039	0.0623027	0.0113986	0.0169603	0.0465135	0.00888598	0.0149971	0.00318967	0.0071771	0.00525765	0.0200765	0.0140798	0.0391483	0.0215226	0.468734
90	0.0353403	0.00184396	0.00219552	0.00277764	0.00171048	0.0128755	0.00254921	0.00707782	0.257218	0.0197337	0.0203819	0.0223408	0.0140875	0.0558594	0.44139	0.0916165	0.00579876	0.00312894	0.000637246	0.0014368
91	0.032768	0.00142354	0.0210125	0.0945106	0.00139893	0.0382872	0.0119572	0.00208359	0.0996784	0.00662331	0.0172799	0.0686852	0.00121431	0.38991	0.00216415	0.114274	0.0919665	0.00293648	0.000678592	0.00114789
92	0.00821835	0.0196093	0.00236029	0.00406947	0.246362	0.00467988	0.0627504	0.0102128	0.0154396	0.0356578	0.00685707	0.0157338	0.0023228	0.0074546	0.00308216	0.0167653	0.0122479	0.0400485	0.0235978	0.46253
93	0.0296588	0.00265785	0.112424	0.00826248	0.00305723	0.0207342	0.181792	0.023836	0.115154	0.00991211	0.00436458	0.149607	0.0191666	0.107321	0.0103882	0.16121	0.0304746	0.00626838	0.0014862	0.00222542
94	0.0373724	0.0171111	0.000544525	0.00399299	0.023911	0.000573605	0.00406329	0.32921	0.00182393	0.234421	0.0393932	0.00466643	0.00179279	0.0076899	0.00347724	0.00709014	0.0170089	0.253806	0.000142464	0.011909
95	0.00587756	0.00591396	0.000591457	0.000660523	0.00352454	0.000663319	0.000604406	0.456558	0.00164935	0.0202078	0.00889742	0.00144025	0.000360928	0.000856126	0.000694179	0.00200663	0.00462027	0.483811	0.000136499	0.000925879
96	0.00949462	0.00679598	0.000622767	0.000675096	0.00368967	0.000647479	0.000704333	0.449555	0.00167533	0.0282816	0.00979365	0.00170952	0.000465957	0.00109472	0.000771849	0.0021342	0.00620503	0.474165	0.000136363	0.0013824
97	0.145989	0.37527	0.00448934	0.00594063	0.00413663	0.00530972	0.00458029	0.0192821	0.00739627	0.111618	0.0642997	0.00913576	0.00331508	0.0075665	0.00642476	0.131558	0.0292029	0.0604382	0.00117337	0.00287457
98	0.0615944	0.0198406	0.0592754	0.0330266	0.00628524	0.4126	0.0121832	0.0115983	0.0309348	0.0213018	0.00606096	0.0633592	0.0259986	0.025055	0.0217686	0.114433	0.050979	0.0131156	0.0053931	0.00519589
99	0.0328789	0.0161014	0.00311859	0.00784587	0.0422728	0.00242739	0.00561127	0.238568	0.00775736	0.299109	0.0661857	0.00938301	0.00950515	0.0107264	0.00876778	0.0161138	0.0194883	0.181796	0.00135481	0.0209882
100	0.0395735	0.0106546	0.309993	0.131237	0.00660603	0.0411576	0.0306924	0.0152193	0.0387314	0.0148506	0.00818781	0.111606	0.0334076	0.0339184	0.0212918	0.0776757	0.0416417	0.0230928	0.00264293	0.00782022
101	0.0302661	0.0103908	0.049915	0.0301862	0.0085887	0.0409502	0.0190063	0.0154764	0.0273563	0.0210223	0.00764219	0.24181	0.00615063	0.0204521	0.0148536	0.220262	0.203497	0.019864	0.00218218	0.0101278
102	0.00702723	0.00614129	0.000577333	0.000674233	0.00356035	0.000659409	0.000618441	0.454712	0.00163028	0.0239524	0.00927632	0.00149724	0.000390954	0.000963529	0.000731589	0.00202168	0.00512292	0.479294	0.00013681	0.00101167
103	0.0480626	0.00253949	0.0623755	0.257186	0.037654	0.0183694	0.00312742	0.0838208	0.020537	0.0052939	0.0135267	0.0361638	0.0625181	0.077541	0.0156509	0.0258106	0.0302829	0.161372	0.000977767	0.0371905
104	0.619182	0.010797	0.013359	0.0180672	0.0105887	0.0370073	0.00631841	0.0188091	0.0162512	0.0206524	0.00791473	0.0131055	0.0377198	0.0161264	0.0116062	0.0760314	0.0240887	0.034424	0.00206975	0.00588152
105	0.0461989	0.0117854	0.0253332	0.0371079	0.0119789	0.0194453	0.0335443	0.0193444	0.166716	0.0412585	0.0248146	0.0623284	0.0205344	0.0534406	0.269851	0.0691732	0.0480616	0.0247531	0.0036221	0.0107088
106	0.0419666	0.00321046	0.00440357	0.00562088	0.00221417	0.0130402	0.00614889	0.00787674	0.232053	0.0265536	0.0187311	0.0260739	0.0148576	0.048305	0.44515	0.0853659	0.0104034	0.00466764	0.00116103	0.00219579
107	0.00934657	0.0198092	0.00312455	0.00478267	0.177609	0.00662584	0.0611001	0.00911954	0.0145066	0.0311614	0.00750272	0.0177474	0.00248056	0.00799384	0.00495386	0.0185653	0.0136238	0.0391234	0.0429761	0.507847
108	0.00984922	0.00505705	0.000939674	0.00152186	0.0511621	0.00113426	0.00137304	0.12815	0.00197609	0.501925	0.198905	0.00194966	0.00077792	0.00261969	0.0117368	0.00744013	0.0140556	0.0567659	0.000295323	0.00236576
109	0.0391377	0.00889528	0.061248	0.0329977	0.0104389	0.0791504	0.0227069	0.0125095	0.0336018	0.0192063	0.0115664	0.237054	0.0156556	0.0332982	0.0218413	0.225899	0.106252	0.0172655	0.00274741	0.00852764
110	0.220779	0.00363751	0.0468787	0.00649219	0.003999	0.128579	0.00518789	0.00580511	0.00732585	0.0162091	0.00592096	0.0237433	0.0130653	0.00966686	0.0244417	0.372962	0.0943476	0.00668787	0.00107944	0.0031911
111	0.0120169	0.00449848	0.00553739	0.0133221	0.0113337	0.00729294	0.00610886	0.0730506	0.103784	0.118473	0.134403	0.0191855	0.00424456	0.0187559	0.0126341	0.020128	0.279548	0.150772	0.00140824	0.00350263
112	0.0467062	0.0240007	0.000708296	0.00346258	0.013124	0.000755761	0.00372027	0.322026	0.00221081	0.184304	0.0356373	0.00587785	0.00161773	0.0081206	0.00286221	0.00534831	0.0225864	0.308874	0.00014642	0.00790978
113	0.0437816	0.042266	0.00081873	0.00320637	0.0181519	0.000791355	0.00531345	0.30939	0.00256015	0.186272	0.0382239	0.00746755	0.00171694	0.00660861	0.00330353	0.00739153	0.0224562	0.289816	0.000227043	0.0102368
114	0.0289542	0.00357947	0.0506506	0.00865239	0.00329696	0.297515	0.0285071	0.00354582	0.0138781	0.00842318	0.00339758	0.172826	0.00210726	0.0387998	0.00891747	0.29932	0.0194831	0.00465799	0.00137438	0.0021136
115	0.00959437	0.00491634	0.000969649	0.00145882	0.0524478	0.00112865	0.00134258	0.123821	0.00213629	0.505631	0.201703	0.00200098	0.000760841	0.00245053	0.0119188	0.00767119	0.0138688	0.0541255	0.000283435	0.00177087
116	0.0242863	0.0448238	0.166033	0.094214	0.00595896	0.24573	0.00791981	0.02019	0.023047	0.0187579	0.00968787	0.0235265	0.00612766	0.130125	0.0889469	0.0399143	0.0263951	0.0164441	0.00352571	0.00434692
117	0.0783104	0.00775947	0.0714449	0.189287	0.00301875	0.0244124	0.0103041	0.0134367	0.123919	0.0124353	0.00994174	0.10257	0.0139956	0.0607253	0.0365618	0.116644	0.0800832	0.0438324	0.000424598	0.000893422
118	0.0757324	0.00252785	0.00266675	0.00621853	0.0164445	0.0153483	0.00245522	0.154847	0.00514755	0.156745	0.037601	0.0097773	0.221125	0.00404961	0.0082806	0.0409121	0.0474069	0.190396	0.000705299	0.00161393
119	0.0123318	0.0268786	0.368215	0.0485769	0.00352357	0.00729721	0.00466813	0.125123	0.0528983	0.0681034	0.00557485	0.0531222	0.00312311	0.0994381	0.0377068	0.0147759	0.0332188	0.0309775	0.00109174	0.00335466
120	0.0728009	0.00066292	0.0381016	0.0935757	0.0039138	0.0289387	0.0163515	0.0102501	0.0469131	0.0218775	0.0106437	0.0404946	0.384061	0.0657277	0.0291162	0.0761693	0.0440733	0.0152175	0.000345472	0.000765337
121	0.0636799	0.00789623	0.106794	0.154972	0.00373711	0.0387999	0.0129883	0.00596375	0.0868125	0.0230765	0.00807515	0.0978588	0.0136277	0.0382129	0.02236	0.148273	0.119107	0.0460603	0.000674065	0.00103068
122	0.0078142	0.0181067	0.00606766	0.00514189	0.0037826	0.0453144	0.00330679	0.00944808	0.00515845	0.00791424	0.00561471	0.0899647	0.00197685	0.00954405	0.00311961	0.241415	0.502912	0.00665449	0.00276606	0.0239772
123	0.0385433	0.0170042	0.000575963	0.0043027	0.0193776	0.000588037	0.00374416	0.332096	0.00232789	0.21561	0.0382334	0.00557362	0.00186708	0.0089367	0.00390435	0.00708414	0.0184808	0.270759	0.000132153	0.0108592
124	0.028498	0.00527473	0.00693349	0.0114769	0.00776859	0.00840231	0.0357779	0.383891	0.107098	0.0367052	0.0136918	0.0236166	0.0430343	0.00996694	0.011975	0.0261823	0.0529779	0.179877	0.00201103	0.0048416
125	0.0568599	0.0115686	0.0215915	0.0575287	0.0324187	0.0255477	0.0191005	0.0352945	0.039849	0.0323497	0.0195069	0.0332014	0.180209	0.0337112	0.0894127	0.0524991	0.0448494	0.108043	0.00552112	0.100938
126	0.00928163	0.00482228	0.00101014	0.00138952	0.0528367	0.00122747	0.00122945	0.117451	0.00203526	0.512945	0.205132	0.00204343	0.000756201	0.00244046	0.0121763	0.00744296	0.014061	0.0500167	0.000308428	0.00139375
127	0.00587756	0.00591396	0.000591457	0.000660523	0.00352454	0.000663319	0.000604406	0.456558	0.00164935	0.0202078	0.00889742	0.00144025	0.000360928	0.000856126	0.000694179	0.00200663	0.00462027	0.483811	0.000136499	0.000925879
128	0.0338617	0.00968106	0.348935	0.120134	0.00491531	0.0436997	0.0264978	0.0130051	0.0316874	0.0142203	0.00913659	0.128759	0.0284502	0.0310882	0.0176179	0.0708923	0.0385716	0.0179873	0.00438726	0.00647314
129	0.0580676	0.0207215	0.0540822	0.0357233	0.0063678	0.430876	0.0106628	0.00891266	0.0309328	0.0226176	0.00784613	0.0572061	0.0179443	0.0262452	0.0202135	0.113946	0.0519706	0.0121647	0.00614597	0.00735328
130	0.0558429	0.0211718	0.0549591	0.0261774	0.00858262	0.422085	0.0104751	0.0102019	0.025142	0.0230269	0.00888832	0.0532405	0.0187174	0.0251598	0.0210449	0.125196	0.0619465	0.0125468	0.00672289	0.00887234
131	0.0163132	0.00896893	0.00379509	0.0044008	0.00413542	0.0151304	0.00392348	0.0160641	0.00741004	0.0319339	0.0154074	0.0227481	0.00478407	0.00809692	0.00541669	0.288808	0.511171	0.0155866	0.00864598	0.00725968
132	0.0615809	0.00455044	0.101752	0.359898	0.01052	0.0244192	0.0200896	0.0189187	0.0613235	0.0202786	0.0114863	0.0498336	0.0313687	0.0677586	0.0244217	0.0540394	0.0338679	0.0317494	0.00300001	0.00914353
133	0.304617	0.0155537	0.034053	0.0205199	0.00589883	0.264368	0.00815288	0.0128263	0.0198892	0.0170764	0.00738073	0.0317839	0.0317479	0.0195932	0.0140363	0.109321	0.0451691	0.0292362	0.00456729	0.00420887
134	0.0223782	0.00547262	0.000663151	0.00564814	0.0501655	0.000679647	0.00493477	0.276344	0.00179357	0.363291	0.0561226	0.00224092	0.00219969	0.00722062	0.00530303	0.0112673	0.00818307	0.154611	0.000158958	0.0213219
135	0.130614	0.0103894	0.0145552	0.0208583	0.0379573	0.0235158	0.0150068	0.0192462	0.0257438	0.0283428	0.0132607	0.0260093	0.304506	0.0169529	0.0254655	0.0802467	0.0387672	0.0373893	0.00800105	0.123171
136	0.0289536	0.0448356	0.00991826	0.0145381	0.0800538	0.107312	0.0185044	0.0087778	0.124333	0.0169135	0.0102097	0.022926	0.0488414	0.0137641	0.103635	0.0968703	0.152084	0.0163516	0.00232807	0.0788491
137	0.0161259	0.00365274	0.00271295	0.039085	0.070076	0.00628968	0.0188608	0.255133	0.0298783	0.183772	0.0974027	0.0218833	0.00291394	0.00570382	0.0146348	0.0358058	0.0307664	0.157354	0.000720659	0.00722849
138	0.00979422	0.0170019	0.00811136	0.00673119	0.00467765	0.0464388	0.00396417	0.00925504	0.00558487	0.00738427	0.00566659	0.105501	0.00203334	0.0096712	0.00335927	0.243358	0.477046	0.00689902	0.00249752	0.0250239
139	0.243744	0.00104671	0.00194007	0.0028762	0.00127439	0.0370014	0.00831689	0.00936853	0.0056381	0.00272935	0.00252657	0.0113222	0.584585	0.00297005	0.00209672	0.045657	0.012631	0.0121539	0.00807347	0.00404822
140	0.0787577	0.329309	0.0157262	0.0153185	0.0171406	0.0382596	0.0110424	0.0575702	0.0300738	0.0572947	0.0299668	0.0303085	0.00652412	0.0153859	0.0150159	0.0740974	0.0551985	0.0884826	0.00378088	0.030747
141	0.0275307	0.00865355	0.000695398	0.00580115	0.059194	0.000657256	0.00488408	0.293334	0.00211516	0.303415	0.0447435	0.00334786	0.00241239	0.00811758	0.00425463	0.0101866	0.0112628	0.18553	0.00041417	0.0234502
142	0.0320145	0.00109657	0.179919	0.597152	0.00099576	0.00194779	0.0189326	0.01248	0.019836	0.00241842	0.0062634	0.0392897	0.00126921	0.0285269	0.00794329	0.020571	0.00335601	0.0200447	0.00523153	0.000710979
143	0.078147	0.339039	0.021095	0.0165629	0.017759	0.0522463	0.00845947	0.0349017	0.0400343	0.0503302	0.025326	0.0310804	0.00921283	0.0165406	0.0190883	0.075721	0.0579709	0.0785867	0.00427306	0.0236252
144	0.01256	0.00799133	0.00597757	0.00699893	0.00461766	0.0125284	0.00457573	0.104929	0.0156368	0.0125883	0.0142748	0.0777414	0.00298441	0.0319679	0.0144024	0.149186	0.485358	0.0272113	0.00174615	0.00672463
145	0.0270022	0.00997301	0.000637231	0.0036845	0.0387452	0.000759037	0.00344745	0.242386	0.00151462	0.367759	0.0923764	0.00270912	0.00147624	0.00618317	0.00608159	0.00799645	0.0128939	0.163102	0.000172738	0.0110996
146	0.0534741	0.00747828	0.374565	0.137264	0.00314836	0.0496411	0.0116434	0.00474621	0.00564796	0.0043237	0.00299389	0.0543234	0.0781351	0.0237625	0.0043501	0.126261	0.0179306	0.00657033	0.0142997	0.0194417
147	0.120316	0.00853957	0.0491184	0.0184217	0.0619348	0.0150498	0.0231728	0.0192008	0.0249468	0.220302	0.0662179	0.0211386	0.00765282	0.0706737	0.016058	0.115605	0.0994922	0.0228229	0.00294985	0.0163865
148	0.0306395	0.00462186	0.00634184	0.00865106	0.396466	0.0016351	0.0244752	0.0297278	0.0192683	0.198466	0.0132978	0.00898766	0.00486668	0.0032693	0.00959209	0.0361308	0.0306603	0.0335976	0.0192941	0.120011
149	0.121062	0.00470082	0.0311525	0.0623151	0.00419084	0.0401792	0.0154308	0.00725875	0.0589273	0.0100574	0.00590366	0.0448196	0.36552	0.0349881	0.0198566	0.0854972	0.0675048	0.016458	0.00168947	0.00248811
150	0.0704587	0.00189807	0.0784554	0.105101	0.00387955	0.0263295	0.0173942	0.00685328	0.0744242	0.0150631	0.00801048	0.0399236	0.332567	0.0429061	0.0227957	0.0819438	0.0486131	0.0217033	0.000458048	0.00122216
151	0.075617	0.0056474	0.0288534	0.0196236	0.00964524	0.0155074	0.00934619	0.0115157	0.105955	0.0100134	0.00627946	0.16275	0.00534656	0.0398981	0.0364958	0.149136	0.253526	0.0503681	0.0012299	0.00324611
152	0.00320036	0.0212859	0.0013266	0.00202789	0.184242	0.00557948	0.0706039	0.00598667	0.011806	0.013381	0.00606252	0.0165116	0.00124284	0.00827179	0.00168719	0.012887	0.00762419	0.0438549	0.0200606	0.562357
153	0.0781197	0.000733598	0.0440663	0.0917946	0.00446878	0.0309749	0.0190567	0.00919301	0.0561035	0.0126938	0.00765614	0.0426779	0.377478	0.0537835	0.025087	0.0806515	0.0461993	0.0182831	0.000332257	0.000646416
154	0.00936712	0.00485594	0.000984211	0.00136074	0.0522129	0.00115834	0.00124739	0.120108	0.00204227	0.509848	0.204372	0.0019684	0.000751652	0.00245564	0.0121242	0.00756016	0.0140944	0.051677	0.000292463	0.00151878
155	0.0749705	0.339407	0.0211548	0.0137749	0.015436	0.053073	0.0128806	0.0330185	0.045092	0.0517625	0.0244192	0.0393988	0.0086776	0.0198654	0.0258217	0.0759861	0.0603059	0.0610856	0.00368418	0.0201857
156	0.054689	0.0211765	0.023528	0.037013	0.0175132	0.0338438	0.0126414	0.0372241	0.0427685	0.0372257	0.0231118	0.0567641	0.0188679	0.0293262	0.0258715	0.142234	0.312534	0.056096	0.00376054	0.0138111
157	0.0228247	0.00684453	0.000864751	0.00468878	0.0419705	0.000753612	0.00377266	0.264311	0.00219025	0.376951	0.0731002	0.00302567	0.0020673	0.00697016	0.00615984	0.0100731	0.0103462	0.147298	0.000178292	0.0156105
158	0.24792	0.0128382	0.0218391	0.0473548	0.0129831	0.026486	0.0232366	0.0165655	0.110762	0.0258361	0.0212075	0.0452941	0.022273	0.048001	0.147513	0.0728616	0.0450429	0.0378695	0.00413027	0.00998473
159	0.0224878	0.00741657	0.0647665	0.055616	0.0103789	0.0553475	0.0323678	0.00583272	0.0151715	0.00921119	0.00690294	0.276015	0.00606725	0.0130478	0.00818897	0.235295	0.149443	0.0147738	0.00114818	0.0105215
160	0.0199146	0.00527314	0.00600896	0.0161271	0.0115591	0.00765686	0.00687785	0.114652	0.0773814	0.0406813	0.0637994	0.0289074	0.00855248	0.04617	0.0180336	0.0382026	0.384455	0.0996338	0.0021354	0.00397851
161	0.135023	0.00362949	0.0271344	0.0442938	0.00732613	0.0307697	0.0156116	0.0198791	0.0352848	0.0197436	0.00933905	0.0304298	0.421757	0.0267198	0.0208721	0.0742739	0.0361566	0.0292564	0.00398952	0.00851012
162	0.0444882	0.0173411	0.0238189	0.0305139	0.0262512	0.0208093	0.0263606	0.0554836	0.0932234	0.16073	0.0430828	0.0525394	0.0211618	0.0447438	0.167679	0.0630327	0.0425958	0.0436596	0.00493794	0.0175463
163	0.0191834	0.00652528	0.0051122	0.00978651	0.00337483	0.00449506	0.00391862	0.0956474	0.05203	0.320648	0.0116686	0.145256	0.00291775	0.0872178	0.0310111	0.0697971	0.0692144	0.0551427	0.000991885	0.00606169
164	0.2441	0.00105227	0.00207596	0.00303564	0.00122315	0.0366643	0.00834435	0.00934559	0.00581804	0.00260214	0.00225411	0.0113769	0.584732	0.00305316	0.00214947	0.0449458	0.012721	0.0121593	0.00810717	0.00423952
165	0.159392	0.00286413	0.0451928	0.354642	0.00352391	0.00706135	0.0165623	0.00707481	0.0991249	0.0172634	0.00942159	0.0261233	0.00903391	0.120322	0.0285429	0.0369018	0.028648	0.0244583	0.00137116	0.00247546
166	0.0389073	0.0138516	0.0787933	0.050603	0.0374898	0.0196496	0.211887	0.0251321	0.0616291	0.0360241	0.0157755	0.0708504	0.0268888	0.036324	0.0498762	0.0626979	0.0418341	0.0411962	0.00594373	0.0746462
167	0.0395232	0.149734	0.0136568	0.0150802	0.168593	0.02039	0.0367715	0.036069	0.039689	0.0601105	0.0255761	0.0291858	0.0103668	0.0182962	0.0166862	0.0455186	0.0408904	0.0533546	0.0131592	0.167349
168	0.00602405	0.00593355	0.000590818	0.000664462	0.0035257	0.000664904	0.000607143	0.456363	0.00165077	0.0206015	0.00892201	0.00144913	0.000360764	0.000860839	0.000697915	0.0020108	0.00467392	0.483305	0.000136471	0.000956741
169	0.127256	0.00371585	0.0328833	0.20296	0.00835741	0.0135874	0.0401947	0.0288888	0.0971624	0.0199845	0.0535184	0.0314878	0.0431309	0.100032	0.0660554	0.0473931	0.0248145	0.0503939	0.00183533	0.00634779
170	0.007058	0.0203366	0.00225587	0.00373693	0.199359	0.00524752	0.0622552	0.00815751	0.0136212	0.0288155	0.006691	0.0157921	0.00205686	0.00656783	0.00486227	0.0158754	0.011847	0.0378787	0.0396227	0.507962
171	0.686063	0.00162583	0.00183815	0.00268084	0.00169945	0.027785	0.00183216	0.0568037	0.00318813	0.0090825	0.00843445	0.00361432	0.00163074	0.01807	0.00249058	0.0835059	0.0197121	0.0681351	0.000517145	0.00129092
172	0.00653643	0.0141653	0.00331709	0.00494014	0.146203	0.00327145	0.0725741	0.00354076	0.340598	0.10991	0.0583651	0.00595661	0.00256096	0.039897	0.0350051	0.0300704	0.0080951	0.00529228	0.00138246	0.108317
173	0.0327589	0.0100791	0.000585226	0.00744315	0.0268655	0.000649748	0.00358736	0.307097	0.00196486	0.279841	0.0434234	0.00340893	0.00221733	0.0126775	0.00341719	0.00838848	0.0129407	0.228534	0.000135092	0.0139858
174	0.0295133	0.0103943	0.000616984	0.0055284	0.0414449	0.000680796	0.00602349	0.311734	0.00276813	0.29027	0.0430513	0.00377991	0.0022613	0.00720626	0.00406796	0.00961692	0.0123341	0.201422	0.000135328	0.0171503
175	0.0692628	0.00574485	0.00636401	0.11012	0.00361361	0.03033	0.00604152	0.0173248	0.0786202	0.278586	0.0392885	0.0120777	0.00407282	0.245412	0.00979258	0.0246432	0.0136192	0.0393488	0.00123485	0.00450213
176	0.0539019	0.00401613	0.00888919	0.0118546	0.308039	0.00521871	0.0171669	0.0321998	0.0205339	0.199286	0.0180072	0.0118799	0.00845721	0.00760672	0.0156331	0.0462022	0.0370269	0.0326973	0.0627655	0.0986174
177	0.0601765	0.00345897	0.13041	0.105072	0.00342101	0.0399865	0.0263079	0.00546857	0.0381936	0.00855399	0.00475464	0.0641903	0.316498	0.042825	0.0163657	0.0784213	0.035032	0.0134738	0.00237075	0.00501921
178	0.0692947	0.016279	0.022706	0.0674835	0.000809874	0.00774945	0.0384024	0.00169312	0.310158	0.013631	0.00138198	0.0647818	0.00142153	0.103626	0.12422	0.0694023	0.0774989	0.00738654	0.000939706	0.00113448
179	0.0243328	0.00598167	0.00077043	0.00517133	0.0598967	0.000735882	0.00451773	0.262352	0.00190018	0.359809	0.0655567	0.00240376	0.00202038	0.00844726	0.00520794	0.0102555	0.00902994	0.152019	0.000170124	0.0194221
180	0.0161837	0.00639797	0.499588	0.110643	0.00129478	0.0281462	0.00361739	0.00296385	0.0102157	0.00252479	0.00202268	0.209346	0.00702595	0.0165937	0.00286483	0.0534661	0.016621	0.00685084	0.00150112	0.00213246
181	0.176864	0.0322857	0.00659271	0.00764304	0.00766119	0.120172	0.00573967	0.00699954	0.10458	0.0114228	0.00662227	0.0642834	0.120044	0.0095547	0.0116971	0.0987139	0.187371	0.0118913	0.00211951	0.00774162
182	0.0217744	0.0058654	0.427883	0.161168	0.00227657	0.0252707	0.0101283	0.00587246	0.0190269	0.00450701	0.00294354	0.178044	0.0126348	0.022321	0.00627667	0.0553008	0.0216623	0.0120476	0.00193767	0.00305877
183	0.0124292	0.00589391	0.380294	0.0603894	0.00213034	0.0217922	0.00448037	0.00308431	0.00757196	0.00349101	0.00243738	0.351759	0.00174861	0.0115149	0.00295537	0.0857105	0.0252376	0.0147715	0.000734872	0.00157335
184	0.134084	0.00347525	0.00573252	0.0349569	0.0322606	0.0130462	0.00626769	0.0727045	0.0163908	0.0567428	0.0771298	0.0114056	0.273238	0.0122865	0.0108245	0.0556274	0.0550648	0.120882	0.00205076	0.00582977
185	0.0331634	0.00113231	0.179042	0.593832	0.00101545	0.00172612	0.0190276	0.0129909	0.0207359	0.00241651	0.00618707	0.0397755	0.00105596	0.0285684	0.00852238	0.0206377	0.00340312	0.0209827	0.0051146	0.000670385
186	0.00908907	0.00264381	0.251969	0.0566144	0.00374926	0.00551235	0.455505	0.00515151	0.00771174	0.00699041	0.00518905	0.0237321	0.00437462	0.00698965	0.00669968	0.0588884	0.0228842	0.0431385	0.00116142	0.022006
187	0.0378945	0.0162046	0.000846256	0.0053905	0.0175411	0.000977021	0.00377788	0.314467	0.00322752	0.219338	0.0475066	0.00515604	0.00177376	0.0124094	0.00360104	0.0070468	0.0187257	0.274286	0.00018319	0.00964793
188	0.0325668	0.00143866	0.0208927	0.0940903	0.00138709	0.0383988	0.0118879	0.0021386	0.0997428	0.00661039	0.0172556	0.0687438	0.00122528	0.389566	0.00216987	0.114548	0.092501	0.00299912	0.000680533	0.00115672
189	0.056505	0.0290434	0.0415472	0.0454925	0.101366	0.039	0.0304273	0.0256853	0.0330374	0.0617986	0.0223889	0.0387301	0.0344274	0.0258043	0.0256152	0.071322	0.0527583	0.0393426	0.102898	0.122811
190	0.0233009	0.0121073	0.000628155	0.00183822	0.00861398	0.000645791	0.00198398	0.404706	0.00147872	0.105231	0.0232687	0.00303143	0.000924393	0.00423156	0.00180968	0.00339386	0.0124886	0.385759	0.000110369	0.00444852
191	0.00314785	0.0185453	0.00144916	0.00194526	0.119282	0.0071651	0.0703481	0.00504577	0.00967723	0.020705	0.00799687	0.0148737	0.00110526	0.00705631	0.00281259	0.0157212	0.0068809	0.038648	0.0183341	0.62926
192	0.0075427	0.00143639	0.118452	0.442579	0.00134058	0.0109308	0.00953814	0.0180431	0.0888468	0.0268897	0.0103341	0.0474031	0.0015211	0.104906	0.00330817	0.017132	0.0772508	0.0108584	0.000565605	0.00112256
