280	20
1	0.0211933	0.00429315	0.014518	0.0370635	0.00260291	0.0184477	0.0214978	0.0271319	0.33139	0.0263448	0.013948	0.0292585	0.00460495	0.0681936	0.289483	0.0319068	0.0300085	0.0161179	0.00440941	0.00758685
2	0.0167889	0.00962141	0.00184728	0.00590606	0.0152869	0.00364694	0.000804512	0.472791	0.00127857	0.0569181	0.0172819	0.00393654	0.000381026	0.000739268	0.00312209	0.00519075	0.0214038	0.361375	0.000524566	0.00115487
3	0.00745395	0.00361409	0.00344044	0.0172657	0.0145692	0.0144006	0.0208509	0.215327	0.0339294	0.0396844	0.0284404	0.006504	0.00173477	0.0265107	0.0434333	0.0266422	0.176999	0.308369	0.00182016	0.00901086
4	0.0201116	0.0176928	0.000759107	0.00120215	0.135186	0.0114499	0.00309668	0.193893	0.00863989	0.45793	0.0552775	0.00249203	0.00233012	0.00216708	0.0024926	0.00925702	0.0166577	0.0486547	0.00284308	0.00786683
5	0.047299	0.00724605	0.148493	0.093788	0.0169199	0.0354294	0.0292627	0.0228023	0.0516869	0.0265058	0.0119017	0.196791	0.0156941	0.057307	0.0320194	0.105045	0.0531318	0.0252104	0.00209264	0.0213737
6	0.0247082	0.0544427	0.00334619	0.00375716	0.0279818	0.00525972	0.00473629	0.173975	0.0195212	0.0594952	0.0079033	0.0112195	0.00189393	0.00383767	0.0073829	0.0128421	0.0133439	0.55672	0.00342464	0.00420844
7	0.021992	0.00926818	0.00994832	0.0317346	0.0106922	0.0480126	0.0387542	0.0188098	0.214427	0.0334844	0.0159013	0.0288108	0.00689997	0.0574623	0.347975	0.0334859	0.031622	0.0220833	0.00438186	0.0142547
8	0.116036	0.0312934	0.0189077	0.0569266	0.0282999	0.22239	0.0148407	0.0439549	0.0376695	0.0441799	0.0252566	0.03261	0.0127808	0.0330384	0.036013	0.110379	0.057987	0.054025	0.008497	0.0149151
9	0.00921653	0.00493782	0.00323704	0.00874369	0.0335832	0.0090065	0.0221794	0.186579	0.0386985	0.0349388	0.0136479	0.00477233	0.00262283	0.0785246	0.030963	0.0416844	0.160268	0.294717	0.00237765	0.0193018
10	0.0200552	0.00413628	0.0113206	0.0397969	0.00647323	0.0168632	0.0215312	0.0277282	0.317179	0.0393568	0.0189869	0.0375677	0.00518221	0.0704618	0.230458	0.0388793	0.0521749	0.0288967	0.00395336	0.0089985
11	0.00492093	0.0150895	0.000748269	0.00100722	0.403062	0.00559675	0.0206707	0.0482138	0.0017352	0.0509314	0.00932493	0.00604619	0.00293902	0.00116835	0.00135241	0.0192045	0.0076851	0.0393876	0.0202884	0.340628
12	0.0879029	0.00497992	0.0622321	0.142347	0.00993112	0.0252169	0.0281284	0.0553244	0.0458806	0.079093	0.0656004	0.0414611	0.00974603	0.0655548	0.0321653	0.0857916	0.0551351	0.0789041	0.00309621	0.0215089
13	0.142613	0.0109877	0.00391403	0.00770049	0.0937585	0.0258024	0.00878299	0.0474565	0.00642535	0.138752	0.0424052	0.00980967	0.136425	0.0171281	0.00950026	0.0683554	0.0877638	0.0786851	0.0158257	0.0479087
14	0.0267	0.0186978	0.0301016	0.00635392	0.0852298	0.013959	0.0769543	0.0282553	0.0129215	0.222346	0.0215185	0.0158504	0.00486795	0.0161764	0.0383817	0.126031	0.0878962	0.0339869	0.0411568	0.0926153
15	0.0211697	0.00855098	0.0166853	0.0208145	0.060809	0.0136828	0.0155535	0.0356634	0.191361	0.133018	0.0292115	0.0379682	0.0059711	0.0374927	0.188992	0.0502305	0.0541436	0.0694329	0.00646991	0.00277889
16	0.0806546	0.00694813	0.0174111	0.035373	0.00531441	0.0607949	0.0378589	0.0158078	0.0296305	0.0373507	0.00539302	0.0912966	0.0136145	0.0419218	0.0404866	0.329833	0.122664	0.0187633	0.00708974	0.0017929
17	0.0603631	0.0143356	0.0378979	0.110349	0.0198099	0.0237346	0.0181939	0.0353114	0.0641895	0.0452672	0.021853	0.0392551	0.0216286	0.0344142	0.0327261	0.157813	0.148163	0.0896326	0.00434776	0.0207154
18	0.0332997	0.0128499	0.00103869	0.000824146	0.0976359	0.00830585	0.00179722	0.275058	0.00311635	0.285688	0.0561412	0.00170218	0.00160581	0.00157943	0.00199284	0.0142897	0.022276	0.164066	0.00575095	0.0109828
19	0.0270324	0.00577377	0.0129843	0.0385678	0.00183089	0.0213685	0.0187172	0.0189454	0.320773	0.0284186	0.0160358	0.0314355	0.00548248	0.0862361	0.270254	0.0362748	0.0312798	0.0151779	0.00557362	0.00783795
20	0.0764883	0.0110181	0.0195802	0.0265637	0.010945	0.0181038	0.0188353	0.019039	0.194931	0.0408702	0.010394	0.0607436	0.0523277	0.0397169	0.139543	0.128329	0.0828075	0.0377069	0.00249835	0.00955859
21	0.0522483	0.0227068	0.00235441	0.00615833	0.0891627	0.0205259	0.0231914	0.250716	0.0568378	0.159042	0.0106569	0.00516908	0.00203497	0.0202942	0.0538214	0.0212494	0.0163511	0.122382	0.0268871	0.0382103
22	0.0804665	0.00386652	0.0468034	0.0518245	0.0125515	0.0266964	0.0303095	0.0214381	0.11852	0.0322739	0.0113732	0.0520932	0.107255	0.0537229	0.0788658	0.129211	0.0923071	0.0322947	0.00199316	0.0161336
23	0.018674	0.00408813	0.212582	0.343995	0.0187239	0.0177082	0.0443469	0.0178915	0.0667702	0.0171009	0.00728202	0.0450452	0.00700987	0.0446418	0.0301415	0.040813	0.0242057	0.0241718	0.00277723	0.0120319
24	0.005629	0.0207205	0.000606078	0.000900321	0.342961	0.00359757	0.0201602	0.0433123	0.00140201	0.0625772	0.00748788	0.00517885	0.00217557	0.000991054	0.00114683	0.0130251	0.00641456	0.0304076	0.0214349	0.409872
25	0.00565171	0.0159751	0.00118362	0.0011534	0.388863	0.00503384	0.0186746	0.0470566	0.00192093	0.0524214	0.00885782	0.00646286	0.0029381	0.0012054	0.00151923	0.0210998	0.00887351	0.0408997	0.0199746	0.350235
26	0.00561605	0.0147937	0.00081063	0.000962831	0.381272	0.0055895	0.0178612	0.0620494	0.00228138	0.059243	0.00898931	0.00554429	0.00233489	0.00118709	0.00139575	0.0162426	0.00714323	0.0374648	0.024316	0.344902
27	0.0127011	0.00673708	0.254456	0.0746164	0.0208593	0.0237224	0.0339422	0.010654	0.0330607	0.00975971	0.00454103	0.272705	0.00632729	0.0575249	0.0181937	0.0890897	0.0372223	0.0173322	0.00121581	0.0153392
28	0.0283203	0.0138916	0.0148936	0.033306	0.0179474	0.0311563	0.0542257	0.0221808	0.185578	0.0436721	0.0155265	0.0340754	0.0110382	0.0518825	0.304493	0.0435407	0.0402794	0.0270382	0.00521903	0.0217364
29	0.00681842	0.00827771	0.180474	0.0248047	0.0248156	0.0301391	0.0329655	0.0109355	0.0286832	0.0076877	0.00256291	0.361873	0.00754261	0.0463973	0.0207816	0.127651	0.0489999	0.0173737	0.000999392	0.0102167
30	0.0968835	0.00582842	0.0399666	0.0635888	0.0120399	0.040898	0.0268982	0.0197173	0.0884651	0.0346372	0.0101814	0.0570251	0.104268	0.0449801	0.0655587	0.163293	0.0808005	0.030078	0.00353771	0.0113544
31	0.0990635	0.0060595	0.0836211	0.147079	0.00822801	0.0391859	0.0259306	0.0443491	0.0564062	0.0515644	0.0273343	0.072965	0.0177228	0.0550343	0.0432823	0.0976615	0.0621757	0.0420601	0.00278483	0.017492
32	0.0774933	0.0133668	0.000462678	0.00111437	0.0717645	0.0240869	0.000364617	0.253916	0.00136916	0.19469	0.0480307	0.00189024	0.00391398	0.00115843	0.000451724	0.0397516	0.0485417	0.20938	0.00125583	0.00699643
33	0.0205603	0.0170665	0.00215568	0.00359593	0.316158	0.00822242	0.0149997	0.0961807	0.00694915	0.132475	0.0269898	0.00704614	0.00379729	0.00422931	0.00608245	0.0231831	0.0161144	0.0653316	0.0179115	0.21095
34	0.106078	0.0101902	0.0570408	0.101743	0.0081714	0.0552427	0.0341338	0.0234147	0.055294	0.0422705	0.0127509	0.0918771	0.0289724	0.0484179	0.0430862	0.16519	0.0816044	0.0229897	0.00313318	0.00839922
35	0.134703	0.00780501	0.00404306	0.0498295	0.0603411	0.00875955	0.202521	0.0160382	0.00830305	0.0189991	0.0785177	0.0543893	0.0260757	0.0391955	0.00791571	0.153269	0.0177066	0.0442321	0.00443841	0.0629174
36	0.0167889	0.00962141	0.00184728	0.00590606	0.0152869	0.00364694	0.000804512	0.472791	0.00127857	0.0569181	0.0172819	0.00393654	0.000381026	0.000739268	0.00312209	0.00519075	0.0214038	0.361375	0.000524566	0.00115487
37	0.0275052	0.0161677	0.00318662	0.00412656	0.116923	0.0121783	0.0231362	0.180166	0.010512	0.307947	0.0592103	0.0058816	0.00233001	0.0141113	0.00762367	0.0216711	0.0221664	0.0746895	0.0353248	0.0551424
38	0.00721223	0.00799664	0.204732	0.0327831	0.0239394	0.0298817	0.0331741	0.0104442	0.0284105	0.00740766	0.0024497	0.345856	0.00650941	0.0500881	0.0200024	0.115914	0.0450832	0.0169748	0.000920662	0.0102213
39	0.00531029	0.0195851	0.000638125	0.000859848	0.352209	0.0037137	0.0198935	0.0429789	0.0013635	0.0612804	0.00802389	0.00520386	0.00228441	0.000967309	0.0011161	0.0136187	0.00630211	0.030966	0.0210545	0.402631
40	0.012143	0.0354546	0.00178927	0.00171929	0.272236	0.00457201	0.0470057	0.0374454	0.0116956	0.0909288	0.00991646	0.0109362	0.00219893	0.0169526	0.0103135	0.0168135	0.0151215	0.0303317	0.0206638	0.351762
41	0.0701429	0.00998839	0.0520205	0.0546353	0.0240602	0.02402	0.0224993	0.0406108	0.0660025	0.0830026	0.0237632	0.0475899	0.0316648	0.0560301	0.0892945	0.13206	0.0587031	0.0920883	0.00443997	0.0173833
42	0.0563869	0.0460115	0.00448608	0.0314282	0.0416342	0.0117459	0.00624845	0.0220087	0.0263581	0.0452104	0.0116886	0.016054	0.00654708	0.00653439	0.00837707	0.337276	0.20864	0.0755902	0.00487071	0.0329039
43	0.0296365	0.007182	0.157189	0.0719063	0.0171756	0.033286	0.030085	0.0165947	0.0738416	0.0177712	0.00810623	0.215248	0.0180403	0.0602189	0.0466686	0.107086	0.0516562	0.0204686	0.00148134	0.0163578
44	0.0343298	0.00413837	0.0910631	0.176104	0.00756423	0.0261959	0.0306866	0.0275451	0.162783	0.0260618	0.0128416	0.0696432	0.00649905	0.07051	0.119644	0.0558524	0.0408417	0.02148	0.00399122	0.0122245
45	0.0350507	0.0248255	0.00137246	0.00138966	0.135108	0.0112612	0.00364262	0.160131	0.0063771	0.35433	0.0822988	0.00357488	0.00473541	0.00439007	0.00415114	0.019967	0.0300632	0.0937578	0.00729979	0.0162732
46	0.0379274	0.0091047	0.191011	0.14703	0.0225269	0.0225187	0.0571979	0.024047	0.0527314	0.0313824	0.0122397	0.112133	0.0171028	0.0486252	0.0340972	0.0813181	0.0453953	0.0302752	0.00415914	0.0191776
47	0.0345949	0.0310601	0.00038046	0.000519416	0.149217	0.0104675	0.0022985	0.147503	0.00654771	0.366187	0.082803	0.00236411	0.00274753	0.00227414	0.0034078	0.016039	0.0293279	0.0905493	0.00621386	0.0154973
48	0.061668	0.00733143	0.115305	0.0750748	0.0161888	0.0270232	0.025896	0.0246732	0.0883948	0.0304476	0.0142892	0.074234	0.113848	0.0479636	0.0539797	0.0955633	0.0714759	0.0362623	0.00316753	0.0172145
49	0.0862348	0.00639133	0.0189556	0.0314592	0.00761681	0.0475663	0.0342997	0.0173952	0.0507976	0.0434647	0.00862156	0.0777658	0.0410851	0.0431073	0.0659311	0.275831	0.104281	0.0285084	0.00477578	0.00591136
50	0.0068883	0.00847553	0.183347	0.0268204	0.0255055	0.0305605	0.0328968	0.0109568	0.0293766	0.00767749	0.00248964	0.359782	0.00664494	0.0481462	0.0204875	0.122233	0.0481998	0.0176698	0.000944015	0.0108979
51	0.0501049	0.0132957	0.000910145	0.000913677	0.0691088	0.0140261	0.000655512	0.281967	0.00209085	0.227021	0.0558786	0.00199845	0.002245	0.00107505	0.000790236	0.0235567	0.034998	0.207426	0.00304689	0.00889113
52	0.126219	0.41374	0.0039287	0.00572295	0.0165928	0.0324636	0.0126608	0.0207961	0.00901689	0.0239914	0.0101599	0.0177458	0.00409714	0.00574319	0.00757205	0.138953	0.074723	0.0454741	0.0182986	0.0121012
53	0.10578	0.0133482	0.0233939	0.0585889	0.0185828	0.141481	0.0197724	0.0249081	0.0449691	0.0542658	0.0122562	0.0391184	0.0825481	0.0327678	0.0506025	0.135692	0.0771896	0.0361439	0.017475	0.0111168
54	0.104107	0.00806867	0.0472721	0.0877224	0.00794102	0.0544414	0.0314639	0.026266	0.0490243	0.0470464	0.0119316	0.0883846	0.0312525	0.0491512	0.0448758	0.186672	0.086941	0.025497	0.00348772	0.00845262
55	0.0975887	0.00607256	0.0366326	0.098195	0.0145703	0.0170578	0.0197527	0.0773106	0.0391195	0.120628	0.0673865	0.02566	0.0077971	0.0559523	0.0237048	0.103326	0.0511989	0.105197	0.00377881	0.0290711
56	0.0332196	0.0109055	0.000674529	0.000720543	0.230065	0.00345188	0.00667022	0.188683	0.00235878	0.265547	0.0457172	0.00127314	0.00152588	0.00511604	0.00457891	0.0195831	0.0103474	0.114479	0.0205137	0.0345705
57	0.0268691	0.00579709	0.0130407	0.0384191	0.00210445	0.0211987	0.01859	0.0190862	0.320746	0.028723	0.0161268	0.0311235	0.00536729	0.0864386	0.270739	0.0358437	0.0310604	0.0152936	0.00565807	0.00777532
58	0.0550977	0.0055018	0.12567	0.192276	0.0107329	0.035662	0.0273326	0.032393	0.0603853	0.0307603	0.0118557	0.120027	0.0108882	0.0552215	0.035196	0.0909462	0.0560208	0.0271117	0.00339417	0.0135275
59	0.039398	0.00594679	0.159242	0.279752	0.0159789	0.0339065	0.034984	0.0277002	0.0623616	0.0291796	0.0142637	0.0515992	0.0113105	0.0476264	0.0383802	0.0608607	0.0375138	0.0334704	0.00377337	0.0127518
60	0.0407879	0.0222088	0.00175295	0.00243018	0.110557	0.0114973	0.00434999	0.142782	0.00722382	0.313803	0.121766	0.00707541	0.00327858	0.0044955	0.00475963	0.0248219	0.0426276	0.115834	0.00589504	0.0120542
61	0.0752383	0.0055205	0.0966701	0.200555	0.00782191	0.039484	0.025572	0.0393884	0.0635986	0.0392976	0.0170312	0.080727	0.0134497	0.0566448	0.0374257	0.0903822	0.0611841	0.0324604	0.00401745	0.0135306
62	0.00498856	0.0175946	0.0006633	0.000833293	0.375258	0.00398043	0.0187785	0.0445414	0.00133157	0.0563578	0.00781684	0.00528339	0.00222702	0.000897634	0.00107557	0.0144128	0.00640203	0.0319091	0.0211756	0.384472
63	0.0760208	0.226157	0.00554476	0.00844341	0.0772848	0.0263528	0.0226918	0.0611496	0.0169842	0.0881871	0.0243837	0.0165867	0.00546136	0.0145289	0.0171275	0.0648775	0.0553118	0.0539036	0.0846991	0.0543034
64	0.0317346	0.00958512	0.0221893	0.165296	0.015489	0.324401	0.0121163	0.0227178	0.0629616	0.0273133	0.0406913	0.0215901	0.00788938	0.0802126	0.0455137	0.033452	0.0285732	0.0304136	0.00576896	0.0120915
65	0.0193174	0.00782109	0.00170354	0.000589367	0.042396	0.00225124	0.000624405	0.355868	0.00199959	0.274085	0.0609367	0.00114828	0.000358571	0.000440426	0.000630887	0.0038258	0.0149083	0.201196	0.00419909	0.00570013
66	0.0809326	0.0057873	0.079935	0.108279	0.00994639	0.0399935	0.0269473	0.024895	0.0982126	0.0332305	0.0147938	0.0757019	0.0626664	0.0559959	0.0539154	0.111591	0.073159	0.026543	0.00250813	0.0149663
67	0.101635	0.00974891	0.0663113	0.118371	0.00849745	0.0495883	0.0310248	0.027881	0.0568915	0.0458349	0.0171896	0.0902961	0.0220487	0.0513684	0.0429445	0.143468	0.0764063	0.026844	0.00274249	0.0109084
68	0.0621315	0.00834341	0.144944	0.12729	0.0187438	0.023098	0.0336887	0.0279883	0.0656974	0.0367873	0.0174973	0.103859	0.0136123	0.0926034	0.0233146	0.0641693	0.0558148	0.0330224	0.00235313	0.0450415
69	0.0284877	0.00945622	0.00147526	0.000589081	0.0502878	0.00588196	0.000538324	0.333793	0.00190915	0.265212	0.0604003	0.00121043	0.000926976	0.0005607	0.000537081	0.00972249	0.0208094	0.198748	0.00359559	0.00585875
70	0.107148	0.00552994	0.0424109	0.0758282	0.0155824	0.0343801	0.0268688	0.0215899	0.084533	0.0344976	0.0121541	0.0572224	0.0745233	0.0496378	0.0656149	0.169512	0.0754219	0.0326916	0.00257267	0.0122809
71	0.0764208	0.00352701	0.0552915	0.0607478	0.0128008	0.0271308	0.0277205	0.0191144	0.133971	0.0268021	0.0117009	0.0495198	0.118546	0.0522598	0.0795178	0.109891	0.088144	0.0287927	0.00162926	0.0164716
72	0.0551738	0.0944641	0.0031783	0.00544496	0.0891766	0.0175321	0.00844697	0.146971	0.0128949	0.214906	0.0473088	0.00940374	0.00577835	0.006473	0.0100339	0.050081	0.0454189	0.143195	0.0116347	0.0224838
73	0.0666979	0.191498	0.00533493	0.00700509	0.0753942	0.021172	0.0189037	0.0856972	0.0170958	0.191967	0.0389159	0.0141124	0.00492179	0.0121999	0.0138303	0.062738	0.0536795	0.076455	0.0164993	0.0258816
74	0.0225756	0.027441	0.00333133	0.00307735	0.0958133	0.0249781	0.0319887	0.139984	0.0117684	0.181379	0.0457514	0.00663614	0.00219334	0.0297232	0.0247196	0.0341631	0.0380315	0.053748	0.144169	0.0785272
75	0.0210424	0.033918	0.00313721	0.00237352	0.102609	0.0213172	0.0248856	0.119583	0.0054581	0.19542	0.0613412	0.00557501	0.00193872	0.0280372	0.0181556	0.0429204	0.0506722	0.0476522	0.145821	0.0681423
76	0.0268633	0.00579029	0.0129946	0.0384906	0.00183025	0.0212759	0.0186705	0.0190386	0.321383	0.028156	0.0160508	0.0310554	0.00537995	0.0864733	0.271262	0.0357528	0.0309341	0.0150624	0.00571051	0.00782588
77	0.0729215	0.00276647	0.0540871	0.0554528	0.0129319	0.0242297	0.0272373	0.0196964	0.138448	0.0267269	0.0116969	0.0468359	0.121793	0.0522492	0.0834213	0.108363	0.0919841	0.0302615	0.00151343	0.0173824
78	0.0268633	0.00579029	0.0129946	0.0384906	0.00183025	0.0212759	0.0186705	0.0190386	0.321383	0.028156	0.0160508	0.0310554	0.00537995	0.0864733	0.271262	0.0357528	0.0309341	0.0150624	0.00571051	0.00782588
79	0.019088	0.00784778	0.00167343	0.000477394	0.0438311	0.00210045	0.000606769	0.35256	0.00203625	0.279123	0.0629089	0.0011261	0.000341799	0.0004342	0.000562985	0.00359193	0.0146865	0.19694	0.00429899	0.00576483
80	0.0219225	0.00381272	0.325513	0.181795	0.0145694	0.00918812	0.0394958	0.0100351	0.0483429	0.0134641	0.00836161	0.11282	0.00346224	0.0886559	0.0139715	0.0314639	0.0229276	0.0170827	0.00128689	0.0318292
81	0.0342744	0.00588825	0.180363	0.119542	0.028601	0.0111661	0.046086	0.0188385	0.0843223	0.0275205	0.0177415	0.119053	0.00536589	0.116591	0.0119218	0.0394104	0.0411971	0.0245762	0.00157381	0.0659675
82	0.0800099	0.00548983	0.0359938	0.0406661	0.014954	0.0261934	0.029048	0.0246079	0.0936407	0.0397698	0.0104364	0.0507932	0.0999613	0.0608949	0.0860435	0.15971	0.0830619	0.0383082	0.00294733	0.0174702
83	0.0902877	0.0154885	0.0735404	0.102132	0.0190749	0.0280443	0.0351448	0.0353746	0.0649194	0.0519379	0.0244001	0.10187	0.0278468	0.0389431	0.066699	0.0684909	0.0774852	0.0301477	0.0109297	0.0372427
84	0.0438445	0.00668174	0.00860775	0.0156167	0.00625339	0.0531795	0.0247784	0.0202404	0.0247502	0.0319645	0.00461288	0.0693756	0.00724915	0.038786	0.0365134	0.430489	0.131276	0.0206257	0.0213502	0.00380494
85	0.0429997	0.0132284	0.0302009	0.0132071	0.00852788	0.0348394	0.0292282	0.0171602	0.0370244	0.0273838	0.00505485	0.120213	0.00892582	0.0397716	0.0542302	0.377238	0.0960706	0.0270896	0.00894166	0.00866532
86	0.0207943	0.00827649	0.0161117	0.0202816	0.0611935	0.0129203	0.0153819	0.036079	0.188079	0.137446	0.0296603	0.0388137	0.00618407	0.035893	0.187452	0.0507162	0.0556856	0.0700836	0.0062491	0.0026987
87	0.0251399	0.00934993	0.00154168	0.00207104	0.106763	0.018133	0.0203753	0.230598	0.0151037	0.178634	0.0298437	0.00378639	0.00150744	0.0111771	0.0110204	0.0148419	0.0146099	0.0837984	0.103237	0.118468
88	0.161671	0.00824736	0.00582238	0.00931296	0.0775008	0.124251	0.0292808	0.0164565	0.00929239	0.0618054	0.0102637	0.10143	0.00570494	0.0101076	0.010865	0.232114	0.0508114	0.0434796	0.0230754	0.0085073
89	0.0778808	0.0135586	0.000496061	0.00111501	0.0722887	0.0243152	0.000467462	0.253404	0.00158839	0.194621	0.0474442	0.00207321	0.00387482	0.00117602	0.000460758	0.0398574	0.048913	0.208009	0.00137207	0.00708453
90	0.0775758	0.0133014	0.000461959	0.00111281	0.0716257	0.0241917	0.000364493	0.253583	0.001369	0.194731	0.0478605	0.00188482	0.0040512	0.0012645	0.000463435	0.0396586	0.0485693	0.209698	0.00125175	0.00698069
91	0.0712293	0.0535511	0.0230048	0.00722259	0.111714	0.0110947	0.0134798	0.0718689	0.0297139	0.0342208	0.0141608	0.0133371	0.00393409	0.00634957	0.00976599	0.188536	0.129688	0.117378	0.00411019	0.08564
92	0.0319333	0.0336321	0.00032721	0.00044412	0.149132	0.0102498	0.0021332	0.136006	0.00665633	0.389329	0.0873397	0.00234373	0.0028767	0.00213227	0.00356703	0.0145667	0.0290168	0.0789358	0.00509616	0.0142825
93	0.0794569	0.03972	0.000970265	0.00140606	0.139727	0.0307114	0.00314658	0.1273	0.00975888	0.304913	0.0440096	0.0121505	0.00243128	0.00219833	0.00393876	0.0322179	0.0698091	0.0863584	0.00286381	0.0069126
94	0.0343672	0.0326444	0.000370779	0.000824802	0.148777	0.0112768	0.00252944	0.135782	0.00552253	0.374925	0.0883669	0.00235375	0.00529458	0.00277736	0.00319156	0.0181982	0.030826	0.0830752	0.00529114	0.0136057
95	0.0277913	0.0124216	0.00450538	0.00426194	0.0347146	0.00778923	0.00145954	0.370461	0.00303437	0.105824	0.0256693	0.00425012	0.00135345	0.00187519	0.00297826	0.01597	0.0290369	0.341771	0.00136253	0.00347076
96	0.034016	0.0363126	0.000336423	0.000484845	0.13588	0.0121299	0.00161085	0.135094	0.00649348	0.398654	0.0896104	0.00266707	0.00296771	0.00175803	0.00293521	0.015	0.0317963	0.0785593	0.00309155	0.0106032
97	0.0773435	0.0135723	0.000462896	0.00111821	0.0717619	0.0240909	0.00044983	0.252491	0.00143483	0.196081	0.0483726	0.00215329	0.00389854	0.00114937	0.000481259	0.0397714	0.048598	0.208447	0.00127714	0.00704583
98	0.100457	0.0802989	0.00325724	0.0108533	0.034669	0.00896386	0.00446638	0.0351115	0.0084177	0.0482064	0.0127863	0.027493	0.0215118	0.00434413	0.00579604	0.324559	0.153472	0.0864394	0.00215353	0.0267444
99	0.015859	0.00890578	0.00196598	0.0064564	0.0144967	0.0043248	0.00191038	0.46343	0.0028593	0.058521	0.0175955	0.00521554	0.000424034	0.00116671	0.00681672	0.00597735	0.0327673	0.349211	0.00065896	0.00143698
100	0.119339	0.0352626	0.00206449	0.00240857	0.125478	0.0492617	0.00639302	0.138226	0.0148846	0.214959	0.0104511	0.0250308	0.00229842	0.0029324	0.00484587	0.0491948	0.0980127	0.0890971	0.0032656	0.00659461
101	0.0730319	0.0463645	0.0212726	0.00525224	0.0146277	0.0574987	0.00714455	0.131224	0.00798046	0.0392284	0.00914435	0.045394	0.00458343	0.00575389	0.0243523	0.159066	0.0878812	0.248475	0.00365532	0.00806911
102	0.0316468	0.011553	0.000615038	0.000756908	0.25783	0.00238095	0.00772228	0.169077	0.00223939	0.267799	0.0427162	0.0012916	0.00155631	0.00621215	0.00548593	0.0210181	0.0078793	0.0999893	0.0230844	0.0391456
103	0.0193832	0.00769558	0.00180953	0.000495561	0.0420239	0.00204328	0.000627734	0.353413	0.00209162	0.280162	0.0608496	0.00114425	0.000346139	0.000452932	0.000600157	0.00356612	0.0149466	0.198079	0.00431846	0.00595107
104	0.0119614	0.00377671	0.352277	0.333782	0.0122628	0.0113335	0.0440525	0.0084261	0.0321764	0.00986437	0.00435195	0.0451432	0.00264747	0.0431372	0.0163121	0.0287232	0.00906117	0.0207744	0.00192513	0.00801202
105	0.0743582	0.0371938	0.00535225	0.00507463	0.046729	0.0438151	0.0454694	0.106994	0.01818	0.194805	0.0486023	0.0380893	0.00385681	0.00551598	0.00767008	0.0785064	0.0626588	0.124446	0.00575561	0.0469273
106	0.0774933	0.0133668	0.000462678	0.00111437	0.0717645	0.0240869	0.000364617	0.253916	0.00136916	0.19469	0.0480307	0.00189024	0.00391398	0.00115843	0.000451724	0.0397516	0.0485417	0.20938	0.00125583	0.00699643
107	0.127677	0.267652	0.00402233	0.00898036	0.0210336	0.0485474	0.0073458	0.0206738	0.00684994	0.0243574	0.00837908	0.0144673	0.00477803	0.00350447	0.00540534	0.222642	0.104065	0.0675382	0.0100875	0.0219937
108	0.0390994	0.0230876	0.00959711	0.00716132	0.0534906	0.0503756	0.0445884	0.0722753	0.00824284	0.143422	0.0620815	0.104656	0.0023538	0.00423469	0.0174742	0.0851987	0.125639	0.130594	0.00356816	0.0128601
109	0.0777993	0.0134384	0.00051414	0.00112864	0.0716425	0.0243966	0.000374766	0.252768	0.00138147	0.193524	0.047917	0.00204737	0.0038674	0.00114744	0.000561013	0.0400142	0.0492427	0.210057	0.00124103	0.00693712
110	0.00482685	0.0149282	0.000751982	0.000988054	0.401725	0.00489564	0.0178694	0.0503775	0.0015573	0.0525026	0.00898553	0.00640764	0.00283812	0.00114068	0.00126662	0.0183759	0.00761334	0.0401742	0.0231052	0.33967
111	0.0355063	0.0176809	0.000929872	0.00105202	0.152499	0.00890888	0.00406466	0.210171	0.00504828	0.293671	0.0556469	0.00207721	0.00228299	0.00317497	0.00488922	0.0185095	0.0221186	0.129611	0.0110823	0.0210755
112	0.0977724	0.0409293	0.00358035	0.00497558	0.0880851	0.0195177	0.00438082	0.0251505	0.00620614	0.0354166	0.0438684	0.0097498	0.00329703	0.00297781	0.00528942	0.229412	0.290585	0.0749792	0.00269729	0.0111297
113	0.0203198	0.0133811	0.000811138	0.00107839	0.145556	0.00813489	0.00292737	0.220691	0.00636189	0.420583	0.0482547	0.00188175	0.00192443	0.0023132	0.00256985	0.00907423	0.0127218	0.0660953	0.0049626	0.010358
114	0.0142905	0.00373208	0.344831	0.298021	0.0120723	0.0117441	0.040885	0.0089328	0.0332962	0.0104397	0.00475925	0.0663845	0.00298065	0.0515802	0.0158793	0.0342957	0.0126481	0.0201896	0.00175267	0.0112844
115	0.0314849	0.0113381	0.000595783	0.000731199	0.260651	0.00219615	0.00726152	0.169198	0.00207198	0.268787	0.0424023	0.00122953	0.00160739	0.00604174	0.00533898	0.0209177	0.00763188	0.100664	0.0216832	0.0381672
116	0.0774933	0.0133668	0.000462678	0.00111437	0.0717645	0.0240869	0.000364617	0.253916	0.00136916	0.19469	0.0480307	0.00189024	0.00391398	0.00115843	0.000451724	0.0397516	0.0485417	0.20938	0.00125583	0.00699643
117	0.0774868	0.0131312	0.00044665	0.00112181	0.0711952	0.0235453	0.000375271	0.252692	0.00140168	0.196249	0.0495543	0.00187687	0.00386507	0.00115014	0.000532725	0.0395184	0.0482968	0.209256	0.00136847	0.00693589
118	0.0213817	0.0113688	0.00850268	0.0284804	0.0106388	0.0328008	0.051188	0.0152075	0.219844	0.0321578	0.0139934	0.0310881	0.00617271	0.0598446	0.352705	0.0299855	0.0332648	0.0186869	0.00385146	0.0188372
119	0.0317685	0.0113836	0.000593587	0.000735104	0.260815	0.00216168	0.00732242	0.169098	0.00206501	0.267542	0.0426	0.00122017	0.00158223	0.00605467	0.00536368	0.02106	0.00763691	0.100894	0.0217988	0.0383047
120	0.0772222	0.0133121	0.00046604	0.00111545	0.0716953	0.0239728	0.000365446	0.254344	0.00137368	0.194961	0.0481283	0.00188863	0.00388392	0.00115516	0.000450738	0.0395719	0.0484105	0.209389	0.00127623	0.00701795
121	0.0905221	0.067144	0.00458783	0.00349369	0.175307	0.00794186	0.00313297	0.0453602	0.0066949	0.0200869	0.0199344	0.00733774	0.0031479	0.00284981	0.00331429	0.247951	0.169263	0.107914	0.0016919	0.0123256
122	0.140532	0.541325	0.00155684	0.00231329	0.00624867	0.0252788	0.0121052	0.00722281	0.00313712	0.0111182	0.00410124	0.0126908	0.00161779	0.00289209	0.0030521	0.0995832	0.0631346	0.0314365	0.0239183	0.00673538
123	0.0594677	0.0104125	0.0264154	0.0326394	0.0211472	0.0241256	0.0450482	0.026335	0.115632	0.0623814	0.014037	0.0404864	0.0845147	0.0488581	0.16363	0.0932761	0.0661832	0.0398764	0.00553878	0.0199943
124	0.0130497	0.0135015	0.133265	0.0149229	0.019615	0.0170066	0.0270506	0.0140727	0.0421009	0.0134821	0.0034652	0.277513	0.00411734	0.0455945	0.0454564	0.218492	0.0565618	0.0214267	0.00134303	0.0179638
125	0.0185669	0.00771697	0.0139327	0.0175329	0.0547492	0.0116242	0.0137713	0.0348168	0.239599	0.128964	0.0245709	0.0381623	0.00892907	0.0306963	0.19047	0.0448054	0.0509531	0.0617252	0.00550588	0.00290779
126	0.052593	0.0636158	0.00178134	0.00990589	0.114213	0.00576461	0.0130942	0.122503	0.0897206	0.204222	0.00336402	0.00343865	0.00135609	0.0129878	0.0789972	0.0390269	0.019556	0.127764	0.0302833	0.00581178
127	0.129178	0.00693474	0.00169425	0.00598561	0.108622	0.0268864	0.00646475	0.0468866	0.00292227	0.163134	0.0535869	0.00368712	0.174779	0.016616	0.00328013	0.0607636	0.056755	0.0667864	0.0210135	0.0440244
128	0.0318318	0.0176292	0.00160682	0.00228648	0.121822	0.0083201	0.0138986	0.103818	0.00487446	0.368538	0.120492	0.00365941	0.00343266	0.0192738	0.00539925	0.0340057	0.0387001	0.0648308	0.0136765	0.0219046
129	0.0213289	0.0116104	0.0359995	0.0122438	0.0504574	0.0700881	0.0668561	0.0235846	0.0135285	0.0313477	0.016743	0.342654	0.00546399	0.0153867	0.0126801	0.0475513	0.171208	0.0361431	0.00432551	0.0107994
130	0.0224941	0.00755706	0.00170029	0.000639038	0.0451243	0.00323884	0.00125711	0.346618	0.00344057	0.271508	0.0596797	0.00116897	0.000475184	0.000808931	0.00100351	0.00468807	0.0150147	0.19458	0.00914389	0.00985986
131	0.0319705	0.0157554	0.00183298	0.00444274	0.0289825	0.00762255	0.000948122	0.401659	0.00222826	0.087866	0.0221185	0.00398597	0.00130649	0.00100635	0.00243834	0.0141937	0.0250098	0.343197	0.000813789	0.00262206
132	0.0312841	0.00373033	0.224734	0.30793	0.0116535	0.0293428	0.0367668	0.023964	0.0463318	0.0223481	0.010451	0.0489045	0.005081	0.0439185	0.0236831	0.0571456	0.0302105	0.0307089	0.00344284	0.0083692
133	0.0321255	0.0171429	0.000439322	0.000582071	0.23084	0.00388033	0.00546312	0.160995	0.00283073	0.303724	0.0556629	0.00129168	0.00194709	0.0046876	0.00523938	0.0193953	0.013264	0.0942045	0.0158553	0.0304298
134	0.07368	0.0130737	0.000516364	0.00121063	0.0699619	0.0226043	0.000372256	0.258866	0.00137483	0.201772	0.04889	0.00187587	0.00360865	0.00109487	0.000430467	0.0371213	0.0460605	0.208878	0.00143991	0.00716872
135	0.0966881	0.0943203	0.00336583	0.021993	0.0295897	0.0114647	0.00473489	0.0255853	0.0111597	0.0606479	0.0119368	0.0162269	0.00838188	0.00516337	0.00513067	0.315579	0.122372	0.113614	0.00266255	0.0393841
136	0.0283813	0.00829697	0.00232746	0.000830519	0.043835	0.00521932	0.00067271	0.341214	0.00200419	0.262812	0.0561998	0.0014476	0.000820944	0.00072477	0.000669717	0.00907996	0.0213718	0.204565	0.00367462	0.00585102
137	0.0414401	0.00970959	0.00104433	0.000737091	0.0587936	0.0108134	0.000484712	0.313135	0.00161477	0.243523	0.0587058	0.00126761	0.00165779	0.000648281	0.000490655	0.0173613	0.0272045	0.202203	0.00301152	0.00615449
138	0.136833	0.0296404	0.0101928	0.0103966	0.0159486	0.0123892	0.0120035	0.0616552	0.0206315	0.0354147	0.0090722	0.0546662	0.26017	0.0144498	0.0231996	0.128901	0.0734137	0.0756459	0.00359435	0.0117814
139	0.0653716	0.0325576	0.0218178	0.007755	0.121645	0.0356849	0.0463188	0.0517107	0.0111316	0.195771	0.074377	0.0320493	0.00917338	0.0111985	0.0135428	0.0652222	0.0390357	0.0880083	0.0346125	0.0430168
140	0.00674419	0.0174163	0.000992789	0.00122353	0.321674	0.00630287	0.0184358	0.0614946	0.00244453	0.0773407	0.0129222	0.0087644	0.0029485	0.00391313	0.00286357	0.0195275	0.0137375	0.0429796	0.0545307	0.323743
141	0.0774933	0.0133668	0.000462678	0.00111437	0.0717645	0.0240869	0.000364617	0.253916	0.00136916	0.19469	0.0480307	0.00189024	0.00391398	0.00115843	0.000451724	0.0397516	0.0485417	0.20938	0.00125583	0.00699643
142	0.0985493	0.00568565	0.0820744	0.148103	0.00878105	0.0383259	0.0247615	0.0446534	0.0548828	0.0524115	0.0282874	0.0721172	0.017209	0.054842	0.0459386	0.0976851	0.0611061	0.0442134	0.00278298	0.0175901
143	0.0309108	0.0127436	0.000712366	0.000751147	0.245675	0.00302978	0.00889041	0.16327	0.00206804	0.271348	0.0482158	0.00140456	0.00151675	0.0077492	0.00610208	0.0233165	0.0105884	0.0940875	0.0277596	0.0398608
144	0.0774933	0.0133668	0.000462678	0.00111437	0.0717645	0.0240869	0.000364617	0.253916	0.00136916	0.19469	0.0480307	0.00189024	0.00391398	0.00115843	0.000451724	0.0397516	0.0485417	0.20938	0.00125583	0.00699643
145	0.0697499	0.0164049	0.00110386	0.00189706	0.0922122	0.0102704	0.00313545	0.125185	0.00428143	0.252113	0.127403	0.00501794	0.00296405	0.00407094	0.00834311	0.0457932	0.0735828	0.144072	0.0057728	0.00662768
146	0.0989755	0.00543184	0.0817367	0.144531	0.00817879	0.0379107	0.0253013	0.046977	0.0558688	0.0526426	0.0281246	0.0696041	0.0198045	0.0547135	0.0452861	0.097591	0.0616003	0.0446362	0.00267576	0.0184101
147	0.0624736	0.0131304	0.000747022	0.00102793	0.0700537	0.0179151	0.00052755	0.262746	0.00177455	0.229658	0.0537901	0.00172593	0.00292051	0.000969598	0.000801069	0.0302543	0.0398203	0.199995	0.00207197	0.00759844
148	0.0330256	0.0726433	0.00581609	0.0112375	0.0740394	0.0201712	0.0660864	0.0344853	0.118758	0.084912	0.0178249	0.0239463	0.00522781	0.0682045	0.171502	0.0304379	0.0380275	0.0453499	0.0131359	0.065169
149	0.0201071	0.00787627	0.00178712	0.000680459	0.0416668	0.00238633	0.00060965	0.354454	0.00200995	0.273155	0.0599362	0.00121279	0.000378795	0.000476733	0.00063299	0.00427948	0.0154457	0.203174	0.00405454	0.00567638
150	0.0317287	0.0406357	0.000414368	0.000581349	0.144528	0.0135898	0.00183298	0.126758	0.00601048	0.40688	0.0876253	0.00245875	0.00309009	0.0019364	0.00292572	0.0152456	0.0314407	0.0689579	0.00311155	0.0102482
151	0.0434015	0.0115459	0.0151602	0.0332678	0.0207209	0.0206427	0.0233749	0.0307931	0.239094	0.0601659	0.016122	0.0349712	0.0142227	0.0606783	0.227609	0.054129	0.0428423	0.0338715	0.00627184	0.0111157
152	0.0275	0.0238577	0.000583139	0.000503242	0.141398	0.00785132	0.0021502	0.186519	0.00441293	0.357359	0.0771685	0.00181866	0.00216664	0.0019839	0.00252761	0.0124547	0.0241033	0.105472	0.00645768	0.0137127
153	0.0308241	0.0142721	0.000528736	0.000647313	0.246246	0.00307264	0.00636116	0.164019	0.00238548	0.289085	0.0481181	0.00125984	0.00180963	0.00537116	0.00489186	0.0200043	0.0103904	0.0971877	0.0189178	0.0346078
154	0.0175665	0.00677472	0.00921577	0.0303471	0.00567264	0.030467	0.039725	0.019045	0.250537	0.0265236	0.013112	0.027004	0.00485153	0.0557271	0.376341	0.0260621	0.0281816	0.0186807	0.00342442	0.0107415
155	0.032929	0.0256348	0.000393169	0.000686452	0.157985	0.00980961	0.00267582	0.160121	0.00472938	0.3561	0.0739122	0.00185947	0.00429965	0.00257782	0.00295138	0.0168529	0.025057	0.0984677	0.00710383	0.0158537
156	0.0994817	0.00948762	0.00213683	0.00276252	0.069167	0.0111055	0.00452754	0.132776	0.0095819	0.149132	0.151671	0.0107846	0.00283737	0.00541898	0.00690401	0.0636513	0.112804	0.132828	0.0142078	0.00873427
157	0.025173	0.00532799	0.012998	0.0412385	0.00210054	0.020935	0.0204218	0.0196652	0.31879	0.0284173	0.0164062	0.0335193	0.00535457	0.0850537	0.265101	0.0359497	0.0336737	0.0161036	0.00520122	0.00857018
158	0.0387197	0.0577847	0.00473766	0.00457332	0.0741343	0.00985736	0.150651	0.0150434	0.0682582	0.11156	0.0143298	0.0413041	0.0034164	0.0763884	0.0832666	0.0303803	0.057312	0.0260675	0.0177668	0.114448
159	0.0124143	0.0241334	0.00269471	0.00296643	0.31354	0.00691954	0.0265613	0.0367252	0.00436428	0.0654341	0.0198917	0.0179956	0.0146868	0.00339437	0.00402684	0.0359832	0.0251699	0.0888031	0.0157841	0.278511
160	0.0911392	0.00437161	0.0326452	0.0288446	0.0165161	0.0166042	0.0312142	0.0297198	0.0818796	0.0473699	0.00859306	0.0533518	0.102576	0.0569163	0.0871054	0.154724	0.084789	0.0485587	0.00156844	0.0215135
161	0.321164	0.0395767	0.0098053	0.0122922	0.0109991	0.178605	0.00341138	0.0313057	0.00379007	0.0112838	0.014246	0.00401801	0.00272397	0.00359068	0.00315379	0.215878	0.0650484	0.0617857	0.00192096	0.00540153
162	0.0301762	0.0275029	0.000349383	0.000500115	0.169968	0.0086247	0.00305896	0.143268	0.00498937	0.36868	0.0812966	0.00185724	0.00272377	0.0030182	0.00342778	0.0157598	0.0253472	0.083381	0.00791612	0.0181548
163	0.0265906	0.00578992	0.0131253	0.0383054	0.00211694	0.0210154	0.0186594	0.0193149	0.321093	0.0288444	0.0161586	0.0312361	0.00535036	0.0858861	0.270272	0.0357772	0.0313813	0.0155592	0.00573865	0.00778481
164	0.0167958	0.00962583	0.00185	0.00589858	0.0153438	0.00364569	0.000801321	0.472337	0.0012784	0.057334	0.0173795	0.00392909	0.000384151	0.000739167	0.00311895	0.0051975	0.0214135	0.361211	0.000548577	0.00116745
165	0.0229553	0.0205624	0.000670838	0.000681653	0.114778	0.00887676	0.00246126	0.204646	0.00573256	0.414714	0.0716655	0.00205755	0.00200819	0.00182037	0.00204873	0.0095652	0.0200914	0.0819634	0.00350027	0.00920125
166	0.0702009	0.0140761	0.0019978	0.00294573	0.0456711	0.0291401	0.00381001	0.165453	0.0515073	0.0498891	0.172164	0.0426193	0.00183464	0.0126838	0.00332965	0.0293942	0.0831985	0.176403	0.0127032	0.0309782
167	0.0248119	0.0259604	0.00521525	0.0075395	0.0595364	0.009551	0.114863	0.0413139	0.0456054	0.214977	0.0371114	0.0217615	0.0036198	0.127101	0.0209426	0.0237894	0.0325393	0.0273291	0.0117804	0.144651
168	0.173218	0.0742648	0.00275757	0.00709315	0.0439465	0.04909	0.00253234	0.0279374	0.00561366	0.0246661	0.0183849	0.011108	0.00495783	0.0022452	0.00233423	0.304552	0.161964	0.0640784	0.00144012	0.0178156
169	0.0541089	0.0113393	0.000923913	0.00101754	0.0639256	0.0153784	0.000499563	0.293267	0.00155289	0.222496	0.0529589	0.00153094	0.00240928	0.000877838	0.000554227	0.0258836	0.0346865	0.207885	0.00224525	0.00645882
170	0.0206928	0.00427687	0.0126291	0.0333806	0.00360055	0.0181132	0.020384	0.0253686	0.341431	0.0289894	0.0130589	0.0291185	0.00535882	0.0631185	0.294529	0.0311509	0.027931	0.0158061	0.00414759	0.00691476
171	0.12208	0.00805477	0.0286817	0.0569542	0.0113367	0.0304338	0.0238491	0.0276766	0.0584361	0.0493762	0.0145857	0.0608043	0.0367564	0.0456127	0.0655949	0.210755	0.0678904	0.0652755	0.00348642	0.0123598
172	0.0782893	0.00853144	0.0538948	0.100222	0.0160256	0.0552378	0.0302396	0.0386851	0.0431647	0.0563529	0.0173881	0.0968105	0.0172752	0.0434213	0.0437999	0.170704	0.079758	0.0346884	0.00488731	0.0106234
173	0.0626931	0.0581322	0.00181918	0.00861295	0.121397	0.00763209	0.0116205	0.125659	0.0836767	0.200756	0.00391757	0.00453692	0.00141756	0.0112394	0.0713405	0.0391897	0.0286405	0.122057	0.0301932	0.00546859
174	0.0238172	0.00439	0.0123615	0.0395773	0.00201057	0.0208795	0.0220507	0.0214364	0.320192	0.0300781	0.0160948	0.0367674	0.00580027	0.0794429	0.251171	0.0400932	0.0419101	0.0185388	0.00420125	0.00918655
175	0.0301279	0.00446123	0.240466	0.282804	0.0131503	0.0193069	0.0414191	0.0176042	0.0446215	0.0196022	0.00939819	0.065466	0.00703693	0.0556444	0.0213277	0.0539464	0.0271894	0.0289344	0.00237713	0.0151156
176	0.0336322	0.0381812	0.000411873	0.000724105	0.144234	0.013471	0.00198266	0.135061	0.00642666	0.401471	0.0812919	0.00275819	0.00289364	0.00198912	0.00306797	0.0159448	0.0319942	0.070024	0.00365508	0.0107864
177	0.0322327	0.0401577	0.000383958	0.000551823	0.143106	0.0135393	0.00175079	0.127467	0.00596766	0.404861	0.0891897	0.00245406	0.00303824	0.00191973	0.00283697	0.0156403	0.0320329	0.0693177	0.00304539	0.0105072
178	0.0256435	0.0187867	0.000905501	0.000550628	0.0928923	0.00723347	0.00117452	0.246204	0.00387919	0.339406	0.0763644	0.0017288	0.00156822	0.00125422	0.00158163	0.0100695	0.023831	0.13516	0.00390341	0.00786194
179	0.0320849	0.0290644	0.000527362	0.000941983	0.129269	0.0103371	0.00360347	0.121182	0.00563819	0.396284	0.113454	0.00283961	0.00251156	0.00529563	0.00358558	0.0194644	0.0348598	0.0736073	0.0045538	0.0108965
180	0.0767812	0.0131259	0.00044775	0.0011137	0.0744538	0.0237162	0.000511776	0.252712	0.00143283	0.195784	0.0474982	0.00188129	0.00408773	0.00127079	0.000618301	0.0389276	0.0473662	0.209156	0.00162464	0.00748992
181	0.0250289	0.00830707	0.00151171	0.000553603	0.048361	0.00437926	0.000582545	0.34084	0.00186297	0.269964	0.0620671	0.00118239	0.000679187	0.000497164	0.000554942	0.00733853	0.0180355	0.198355	0.00399398	0.00590484
182	0.0540947	0.0187213	0.000470883	0.000787461	0.114664	0.0171938	0.0014043	0.214513	0.00279374	0.261783	0.0625663	0.00182449	0.0031923	0.00162742	0.00155488	0.0272629	0.0375983	0.161139	0.00433043	0.0124781
183	0.0264312	0.00980921	0.00103366	0.00068581	0.159886	0.00282761	0.00427458	0.247481	0.0020284	0.268483	0.0527028	0.00106778	0.00117212	0.00316749	0.00263711	0.0128018	0.0124173	0.151921	0.0151487	0.0240235
184	0.0774486	0.0133702	0.000461724	0.00111212	0.0717764	0.024071	0.000364751	0.253888	0.00136734	0.194628	0.0481379	0.00188956	0.00391478	0.00115884	0.000464346	0.0397618	0.0485767	0.20935	0.00127012	0.00698809
185	0.0596536	0.0184225	0.000474244	0.000955152	0.0926365	0.0191771	0.000974356	0.217917	0.00279315	0.259318	0.0697399	0.00224221	0.00332643	0.00164559	0.00148745	0.031965	0.0418432	0.16545	0.00230085	0.00767725
186	0.168251	0.0599749	0.00658033	0.0685229	0.0405584	0.200308	0.00986483	0.0450318	0.0118168	0.0546053	0.0131918	0.0111712	0.0402745	0.0350389	0.0138923	0.0396057	0.0835005	0.0798664	0.00795772	0.00998626
187	0.0753138	0.00986767	0.00234775	0.00306207	0.0420387	0.019298	0.00371136	0.159026	0.0330848	0.0662049	0.188859	0.0353295	0.00175946	0.00826842	0.00484839	0.037499	0.0991219	0.180188	0.00996953	0.0202007
188	0.0491363	0.014409	0.00135778	0.00160137	0.0612382	0.0146449	0.000870988	0.28587	0.00244001	0.216205	0.0522413	0.00419725	0.00225362	0.00103868	0.00160544	0.0236532	0.0386547	0.220248	0.00205665	0.00627833
189	0.0312308	0.0092444	0.00124989	0.000657136	0.0849822	0.00661426	0.0012643	0.30757	0.00168047	0.252478	0.0580467	0.00119723	0.00115112	0.00111414	0.000953837	0.0125573	0.0211213	0.191036	0.00575599	0.0100948
190	0.00547344	0.0194817	0.000714774	0.000860637	0.351042	0.00378789	0.0197641	0.043523	0.00144772	0.0613104	0.00798967	0.00541433	0.00219448	0.000979719	0.00113496	0.0135438	0.00627001	0.0310041	0.0217136	0.40235
191	0.319257	0.046471	0.0048565	0.00561629	0.00851416	0.189232	0.00213012	0.0285924	0.00236181	0.00712779	0.00752979	0.00195352	0.00114673	0.0017842	0.00184228	0.24628	0.0645933	0.0552334	0.00114953	0.00432799
192	0.105298	0.0811496	0.00267777	0.00936645	0.0494363	0.00694544	0.00248361	0.0299361	0.00745557	0.0346853	0.0166296	0.0192738	0.00732721	0.00213975	0.00277033	0.329311	0.184167	0.0765645	0.00127816	0.0311038
193	0.0299346	0.0275737	0.000381523	0.000485221	0.168248	0.00833128	0.00301328	0.144944	0.00485086	0.373409	0.078877	0.00189879	0.00264332	0.00292725	0.00330768	0.0149131	0.0241991	0.0843188	0.00887391	0.0168704
