286	20
1	0.0384055	0.00667975	0.000619305	0.0007682	0.00281486	0.00177152	0.000447295	0.363535	0.000560281	0.0950979	0.00718921	0.000454003	0.00027591	0.000479576	0.00184826	0.0034715	0.0112619	0.458736	0.000855442	0.00472821
2	0.123916	0.0198136	0.00098591	0.00394998	0.0220299	0.0106089	0.00322076	0.145584	0.00151746	0.310875	0.0509567	0.00213385	0.00193166	0.00249969	0.00370192	0.0252816	0.0598351	0.200861	0.00144792	0.00884926
3	0.0567428	0.0178592	0.00229345	0.000878397	0.00183388	0.00215962	0.000524382	0.223379	0.000807668	0.0333419	0.00372704	0.0005838	0.000515456	0.000626823	0.00305855	0.00531883	0.0376423	0.600797	0.00576422	0.00214594
4	0.0336941	0.00434518	0.000414542	0.000733297	0.00305281	0.00153518	0.000481989	0.382847	0.000573863	0.113336	0.00871934	0.000500254	0.00024365	0.000476831	0.0018181	0.00345639	0.00789829	0.430021	0.000155157	0.00569726
5	0.159111	0.0118312	0.0310872	0.0188865	0.00196251	0.547797	0.00955008	0.00563233	0.0176187	0.0105384	0.00360145	0.0304137	0.00253401	0.0107224	0.016415	0.0803581	0.0259709	0.0111261	0.00149475	0.00334847
6	0.0265204	0.00337102	0.656652	0.0455549	0.0020597	0.0259685	0.0326191	0.00709199	0.00818644	0.00485923	0.00243711	0.061125	0.00619681	0.0299704	0.0132737	0.0394869	0.0222019	0.00855213	0.0016423	0.00223036
7	0.0473402	0.0171746	0.000411688	0.00603225	0.0710707	0.00667411	0.00243719	0.198795	0.00192863	0.362125	0.034811	0.00107003	0.00191306	0.000485317	0.00537738	0.00211165	0.0320247	0.178867	0.00665909	0.0226905
8	0.0335506	0.00371541	0.00106908	0.00211035	0.0152134	0.00271296	0.00157564	0.310357	0.00292643	0.245971	0.146656	0.00210866	0.00240462	0.00288047	0.00844576	0.0148507	0.0117348	0.187742	0.000571546	0.0034034
9	0.0374778	0.00547446	0.000511901	0.00211527	0.0104368	0.00154128	0.00137382	0.287977	0.000665087	0.289058	0.0205198	0.00210212	0.000429202	0.000489247	0.00202013	0.00409572	0.0172775	0.312758	0.000343053	0.00333453
10	0.0249208	0.00266453	0.667775	0.0438021	0.00250943	0.0149909	0.0322242	0.00639799	0.00816768	0.00657799	0.00218518	0.0608417	0.00597466	0.0291371	0.0116201	0.0438165	0.0254819	0.00682427	0.00102608	0.00306189
11	0.0649026	0.0265906	0.0438537	0.138046	0.0303856	0.0426729	0.0527633	0.0240012	0.0218345	0.021171	0.0128186	0.0642632	0.00437096	0.0855758	0.13953	0.063909	0.0634831	0.0494388	0.00881065	0.0415785
12	0.0459784	0.00239094	0.0237636	0.0126087	0.35189	0.00422015	0.00361791	0.0140673	0.0197048	0.024686	0.00247757	0.0141015	0.0269675	0.00351265	0.0258168	0.0380584	0.00730497	0.0137749	0.0512906	0.313767
13	0.0451151	0.0181943	0.000495665	0.00815231	0.0874687	0.00793662	0.00283679	0.181484	0.00330033	0.363568	0.0333375	0.000759672	0.00200254	0.00088833	0.00798626	0.00199519	0.0357756	0.155233	0.0115062	0.0319632
14	0.0934902	0.025217	0.0310929	0.0909591	0.104668	0.0169817	0.0271538	0.0543041	0.0097366	0.0268655	0.0196182	0.0347271	0.00155608	0.039619	0.0761912	0.0706721	0.105175	0.0417145	0.0362869	0.0939707
15	0.36779	0.0601148	0.00996614	0.0103503	0.00265883	0.332785	0.00463086	0.014142	0.00824496	0.0179654	0.0057442	0.0109279	0.00290976	0.00497862	0.00931583	0.0766327	0.0194181	0.0341529	0.00140159	0.00586992
16	0.0989339	0.00409649	0.201768	0.202351	0.000374517	0.0501195	0.0176194	0.00804028	0.0397605	0.0167469	0.00404344	0.0559492	0.0129529	0.0758146	0.0624917	0.0736586	0.0530522	0.0199803	0.000183557	0.00206348
17	0.0938183	0.00554439	0.205688	0.207805	0.000391158	0.0542585	0.0169697	0.00789985	0.0359482	0.0153996	0.00394786	0.0566731	0.00894639	0.07696	0.0577987	0.0803349	0.0514381	0.0180921	0.000218413	0.00186802
18	0.103496	0.00577348	0.0165442	0.020676	0.00257017	0.0467004	0.0130594	0.0155437	0.231244	0.0149321	0.00447086	0.0231062	0.00734126	0.0373174	0.365434	0.0498357	0.0240903	0.0106831	0.00172681	0.00545498
19	0.0299833	0.00615193	0.000518971	0.00366606	0.0216809	0.00181218	0.00165472	0.276881	0.00107539	0.364638	0.03338	0.00300374	0.000992526	0.000734067	0.00313482	0.00483743	0.0219223	0.218488	0.00114316	0.00430188
20	0.315824	0.132595	0.0229137	0.0149714	0.0293651	0.0582226	0.00705645	0.0141771	0.00832185	0.0173839	0.0126943	0.00855839	0.00809356	0.00914792	0.0157116	0.222288	0.0438986	0.0395898	0.00228697	0.0168993
21	0.00944639	0.00218223	0.00186089	0.002506	0.0183909	0.0030626	0.00214231	0.0109323	0.0666708	0.0577382	0.0101702	0.00204368	0.624287	0.0525334	0.039938	0.0152223	0.0662498	0.0119924	0.000857562	0.00177286
22	0.0831154	0.00369036	0.264094	0.206492	0.00351312	0.0430195	0.0208837	0.00692617	0.0404327	0.0122191	0.0036339	0.0557584	0.0325028	0.0675786	0.0453996	0.0563764	0.0355506	0.0138053	0.00092758	0.00408088
23	0.654774	0.0150656	0.00317192	0.010991	0.00138485	0.114642	0.0026154	0.00314079	0.00518414	0.00865559	0.00333503	0.00737265	0.00117866	0.00522441	0.00733423	0.129642	0.0184409	0.0054645	0.00054801	0.00183523
24	0.0516087	0.0105588	0.0168655	0.0178623	0.0143829	0.00986045	0.00589419	0.0168015	0.0497176	0.054854	0.0115698	0.0106677	0.517243	0.0430273	0.0387647	0.0401216	0.0567346	0.024078	0.00255287	0.00683498
25	0.0609585	0.0172015	0.00250135	0.00113048	0.00172999	0.00218665	0.000592477	0.222963	0.000803496	0.032222	0.00364467	0.000569638	0.000630615	0.00063629	0.00321113	0.00555862	0.0385627	0.596986	0.00589626	0.0020154
26	0.0136961	0.00306523	0.00187022	0.0023813	0.0169115	0.0030521	0.00240107	0.013448	0.0612492	0.0593658	0.0102805	0.00219077	0.632323	0.0525852	0.0357186	0.0136349	0.0610984	0.0120059	0.000855094	0.00186664
27	0.0362188	0.00816781	0.000940695	0.000863733	0.00354127	0.00204849	0.00051879	0.32144	0.000551015	0.0833709	0.00622943	0.000542779	0.000379314	0.000471968	0.00197717	0.00395739	0.0188408	0.504342	0.00198758	0.00360972
28	0.035716	0.00596765	0.00074479	0.00324896	0.0166046	0.00137172	0.00189304	0.239999	0.000897499	0.411517	0.0283167	0.00424829	0.000530009	0.00082515	0.00269592	0.00442744	0.0213654	0.217374	0.000457595	0.0017994
29	0.0344157	0.00379097	0.101109	0.0962266	0.0028854	0.00687798	0.0536797	0.00572681	0.123193	0.0569414	0.00440197	0.100683	0.00256367	0.0275595	0.25053	0.0248502	0.0642356	0.0354867	0.00171908	0.00312351
30	0.0779891	0.0209214	0.00767577	0.0156529	0.0159058	0.00535259	0.0352196	0.071172	0.105957	0.0667974	0.0444172	0.0393337	0.00481935	0.034275	0.161569	0.0467129	0.0213273	0.217314	0.00181161	0.00577611
31	0.244985	0.0440203	0.00472461	0.00663885	0.00403124	0.00774147	0.00567067	0.0740954	0.00585818	0.164046	0.0256094	0.00540167	0.316603	0.00709385	0.00793778	0.0157865	0.0111876	0.0412928	0.00254245	0.00473367
32	0.147592	0.0118319	0.0291915	0.0176964	0.00329982	0.553186	0.0102435	0.00756817	0.0180209	0.00890994	0.00316562	0.0361982	0.00371461	0.0107932	0.0172039	0.0750008	0.024909	0.0132923	0.00283704	0.00534501
33	0.133293	0.00838659	0.0312	0.0212238	0.00283365	0.553597	0.0125187	0.00650591	0.0208927	0.0099492	0.00386121	0.0415326	0.00507634	0.0127929	0.0195582	0.0735832	0.0255801	0.0113469	0.00214079	0.0041274
34	0.616231	0.0279262	0.00442984	0.011489	0.00263397	0.115516	0.00333433	0.00829555	0.00552036	0.021171	0.00673452	0.00786144	0.00271605	0.00591162	0.00721968	0.111462	0.0210031	0.0169155	0.000749232	0.00287912
35	0.550648	0.0283839	0.00430621	0.00844645	0.000916248	0.255797	0.00137229	0.0048217	0.00257681	0.0106064	0.00305228	0.00471854	0.000884639	0.00256922	0.00348169	0.0904303	0.0134405	0.0117822	0.000382751	0.00138235
36	0.0743982	0.0173013	0.030972	0.0275627	0.0175533	0.0454398	0.0239125	0.0404704	0.0328412	0.0968689	0.0236313	0.189635	0.0172682	0.0356713	0.0500746	0.130486	0.0512696	0.0723925	0.00540382	0.0168466
37	0.185716	0.0215492	0.00403657	0.00588953	0.00897798	0.0145072	0.00350089	0.0739436	0.00347603	0.054216	0.0245541	0.00260634	0.00346833	0.00423467	0.00675864	0.051995	0.173061	0.347091	0.00340009	0.00701776
38	0.269888	0.0404374	0.00464278	0.00843422	0.012373	0.0245338	0.0030424	0.138616	0.00287652	0.108052	0.024704	0.00224903	0.00780066	0.0033871	0.00481394	0.0259942	0.0399461	0.259196	0.00256579	0.0164465
39	0.17792	0.0240096	0.0214333	0.00760126	0.00944943	0.00444709	0.0313892	0.0487874	0.0470411	0.0631833	0.0664541	0.0481328	0.0107196	0.0203437	0.0918275	0.132711	0.0624013	0.127814	0.00111513	0.00321886
40	0.0729373	0.0827934	0.0160052	0.0208273	0.018302	0.0997754	0.0182678	0.0389736	0.0250893	0.116507	0.0871151	0.14508	0.0127953	0.0269741	0.0358644	0.0581655	0.0387338	0.0620649	0.00590585	0.0178225
41	0.0449075	0.00656617	0.000545873	0.00319674	0.0163159	0.00209519	0.0022394	0.233968	0.000746115	0.40346	0.0329253	0.00322793	0.000786513	0.000864774	0.00260816	0.00566175	0.0211007	0.216622	0.000332571	0.00182949
42	0.227603	0.0127303	0.0186009	0.0049514	0.0168181	0.00466821	0.0157027	0.0414413	0.0490777	0.0802935	0.0236727	0.035924	0.0193967	0.00847816	0.11433	0.16271	0.066431	0.0918658	0.00163552	0.00366916
43	0.503858	0.00318106	0.00197959	0.00971797	0.00991826	0.116857	0.0121203	0.00284785	0.0186006	0.0196496	0.0187522	0.0189771	0.00113719	0.00271239	0.0264939	0.136913	0.0893608	0.00401726	0.00102609	0.0018792
44	0.0333409	0.00891996	0.00229523	0.0107887	0.0374472	0.00493146	0.00737473	0.166594	0.0102434	0.347684	0.129516	0.00360083	0.00225327	0.0123766	0.0346828	0.0169406	0.0227511	0.135537	0.00298118	0.00974154
45	0.0218064	0.0060515	0.101425	0.0335906	0.000922932	0.449569	0.027404	0.0021812	0.0619521	0.00666792	0.00140146	0.164968	0.00754436	0.0294098	0.0323477	0.0293174	0.0107549	0.00434329	0.00266467	0.005678
46	0.508905	0.0945648	0.00126687	0.00190804	0.00108805	0.164867	0.00122551	0.0237031	0.00163692	0.0253663	0.00751901	0.0013882	0.00169955	0.00178657	0.00192253	0.0800939	0.0145591	0.0593645	0.000603136	0.00653241
47	0.126575	0.0293527	0.0010216	0.00450332	0.0184889	0.0175317	0.00593953	0.222437	0.00214724	0.210851	0.0889511	0.00155456	0.00398296	0.00563899	0.00248452	0.0182651	0.0213956	0.21257	0.00104123	0.00526745
48	0.170559	0.00551223	0.0197154	0.0116454	0.00107665	0.636889	0.00197804	0.00181995	0.00748067	0.00392206	0.00131078	0.00369668	0.000794355	0.00143726	0.00855751	0.0922279	0.0257225	0.00393696	0.000635163	0.00108255
49	0.0545542	0.0218358	0.000398963	0.00649842	0.0746856	0.00900747	0.002782	0.184275	0.00211073	0.357461	0.0395659	0.000616866	0.00285015	0.000626505	0.00604039	0.00217945	0.033292	0.16747	0.00737069	0.0263779
50	0.065856	0.02001	0.00298025	0.00109866	0.00139054	0.00220307	0.00060729	0.195107	0.000877605	0.0219933	0.00350512	0.000642333	0.000649563	0.000748753	0.00351213	0.00615662	0.046034	0.617856	0.00719957	0.00157192
51	0.23551	0.0155513	0.019267	0.0149908	0.00234289	0.513853	0.00433475	0.00611972	0.0110794	0.0116428	0.00388397	0.0105238	0.00268301	0.00569639	0.0118641	0.0865992	0.0255936	0.0137781	0.00112382	0.00356207
52	0.100314	0.00409203	0.202723	0.207145	0.000322695	0.0493005	0.0171785	0.00791046	0.038785	0.0169934	0.00413746	0.0555707	0.0101867	0.0768407	0.0625308	0.072205	0.0515741	0.0199093	0.000184677	0.00209531
53	0.0266678	0.00417936	0.411303	0.0469115	0.00120089	0.187824	0.028446	0.00512431	0.032561	0.00580646	0.00201386	0.112506	0.0110733	0.031532	0.0228735	0.0382813	0.0193	0.00706808	0.00144803	0.00387994
54	0.100687	0.00338484	0.19953	0.230034	0.000363878	0.0454543	0.0163493	0.00669562	0.0378053	0.0157993	0.00328098	0.059627	0.0206943	0.0709401	0.0587889	0.0647768	0.0441694	0.0185948	0.000199865	0.00282427
55	0.108876	0.0151642	0.0173842	0.016652	0.00344312	0.0184047	0.00438574	0.00589506	0.0243655	0.0223157	0.0152502	0.015206	0.37867	0.0316622	0.0893649	0.122909	0.0664731	0.025012	0.00234572	0.0162208
56	0.0759927	0.0130968	0.0385544	0.0164904	0.00766975	0.0332845	0.010722	0.0226228	0.0198399	0.0241692	0.0111987	0.0210612	0.01356	0.016487	0.0275605	0.303739	0.287429	0.0375583	0.00373716	0.0152262
57	0.019077	0.00585925	0.00522407	0.00577197	0.00467876	0.031608	0.00609448	0.233606	0.0079663	0.0576092	0.00606183	0.00633962	0.055895	0.00716506	0.00937171	0.0959588	0.310303	0.124576	0.00207061	0.00476313
58	0.0665583	0.0392495	0.00916369	0.0502692	0.0307405	0.00484454	0.029755	0.0722409	0.0498548	0.0847131	0.0447129	0.0320119	0.00230626	0.0427341	0.113911	0.0754654	0.0919444	0.141318	0.00379705	0.0144092
59	0.0820845	0.0128235	0.0301571	0.0387726	0.011728	0.0325892	0.0216085	0.0383028	0.235937	0.0367567	0.0115428	0.0266053	0.0311118	0.037888	0.190256	0.0547521	0.0525374	0.0358292	0.00400777	0.0147095
60	0.0458367	0.036318	0.00571574	0.0333388	0.0307757	0.0083717	0.0114278	0.0476481	0.01867	0.124089	0.0681608	0.031629	0.00351878	0.0414614	0.065771	0.128645	0.196312	0.0954649	0.00208903	0.00475609
61	0.092976	0.0121362	0.0448642	0.0583692	0.0122319	0.057596	0.0269009	0.020112	0.107498	0.0333358	0.0122577	0.0857118	0.0089142	0.0445204	0.225328	0.0639085	0.0397594	0.0314743	0.00548862	0.0166166
62	0.018934	0.00405999	0.00273505	0.00356821	0.0285838	0.00436155	0.00259665	0.473053	0.00428335	0.077664	0.0320712	0.0034484	0.00176919	0.0032945	0.00556025	0.00939374	0.00829602	0.261003	0.00135642	0.0539674
63	0.0162468	0.00162242	0.00102233	0.00160184	0.024647	0.00198559	0.00122836	0.220824	0.00191327	0.305497	0.216936	0.00167691	0.00131359	0.00211372	0.0150791	0.0166159	0.00729926	0.160775	0.00054827	0.00105288
64	0.507582	0.087527	0.00141671	0.00259363	0.00139955	0.16803	0.00140844	0.0237438	0.00190406	0.0245516	0.00741801	0.00163391	0.00180215	0.0018757	0.00250875	0.0847319	0.0151561	0.0578917	0.000630184	0.00619533
65	0.0477004	0.0140788	0.0130011	0.0182586	0.0117053	0.0211552	0.343717	0.0253473	0.0216871	0.0323841	0.0172347	0.0150551	0.0100602	0.198634	0.0256291	0.0369432	0.0863103	0.0343674	0.00603104	0.0207001
66	0.0676574	0.014578	0.00813507	0.0263604	0.0338953	0.0128042	0.123494	0.0598623	0.0854238	0.0903107	0.0394247	0.0143866	0.0052206	0.110073	0.0925984	0.0447108	0.0234059	0.078014	0.00604316	0.0636013
67	0.0157218	0.00170303	0.000985047	0.00171972	0.0222424	0.00188848	0.00119984	0.233143	0.00171004	0.305788	0.198653	0.00191127	0.00113094	0.00180992	0.0131679	0.0145674	0.00806241	0.173009	0.000506784	0.0010796
68	0.0386056	0.00928216	0.000502616	0.003037	0.0349837	0.0027098	0.00167001	0.194135	0.00103765	0.416802	0.0634117	0.00220757	0.000872042	0.000728757	0.00559121	0.00495546	0.0215521	0.190438	0.00163292	0.00584518
69	0.0971425	0.0102401	0.0251942	0.0405705	0.00911337	0.028933	0.0217645	0.0289063	0.158235	0.0322219	0.010262	0.0248961	0.0155941	0.0424999	0.302676	0.0597692	0.0424316	0.0342322	0.00307481	0.0122423
70	0.0464357	0.0193611	0.000408172	0.00796015	0.086956	0.00806492	0.00268845	0.182587	0.00253295	0.362293	0.0366688	0.000550659	0.00218283	0.000593275	0.00680656	0.00166017	0.0346785	0.156802	0.00932493	0.0314443
71	0.0264456	0.00203334	0.670139	0.0455682	0.00137795	0.0185826	0.0328969	0.00685873	0.00860332	0.00577801	0.00164105	0.0612847	0.00728237	0.0299507	0.0134352	0.0387847	0.0215314	0.00499726	0.000807212	0.00200176
72	0.108781	0.0308645	0.0344126	0.115969	0.0889618	0.0125744	0.0247472	0.0511906	0.0184188	0.028605	0.0267124	0.0338511	0.00117725	0.0415045	0.101807	0.0653428	0.0926079	0.0476979	0.016309	0.0584661
73	0.117467	0.00881794	0.0848811	0.145309	0.00724495	0.244336	0.0206088	0.0109312	0.0377527	0.0195397	0.00667817	0.0507004	0.0158436	0.0438497	0.0485105	0.073925	0.0325726	0.0182484	0.00421292	0.00856996
74	0.0398283	0.0040962	0.000440202	0.00180035	0.00688977	0.00119427	0.000982425	0.314428	0.000575168	0.230357	0.0194119	0.00195013	0.000284304	0.00046163	0.00159693	0.00388549	0.0166376	0.351619	0.000154516	0.00340653
75	0.033105	0.00433551	0.000405271	0.000735897	0.00309067	0.00154592	0.000478543	0.384736	0.000564485	0.111665	0.00858701	0.00047229	0.000240155	0.000476729	0.0018237	0.0034694	0.00768532	0.430784	0.000153554	0.00564519
76	0.0416136	0.0140417	0.000423623	0.0040986	0.0437405	0.00435666	0.00192811	0.240753	0.00119798	0.360798	0.032759	0.00197573	0.00132143	0.000534226	0.00336804	0.00322984	0.0270214	0.202201	0.00308614	0.0115509
77	0.341805	0.0676454	0.0203016	0.0505307	0.0186962	0.0565841	0.00963878	0.0142157	0.0132677	0.0196681	0.0105234	0.0118652	0.00690689	0.014573	0.028546	0.227336	0.0441477	0.0279572	0.00322771	0.0125629
78	0.0217548	0.00163008	0.700545	0.0395186	0.00107213	0.0153752	0.0337335	0.00579763	0.00505206	0.00371205	0.0015474	0.0603718	0.00439692	0.0284356	0.00994243	0.0377394	0.0217752	0.00541547	0.000692518	0.00149265
79	0.0779403	0.0141591	0.0288678	0.0270197	0.148095	0.020917	0.0264721	0.0433529	0.0356251	0.0638016	0.018584	0.0229109	0.0178491	0.0204436	0.0510022	0.0535622	0.0412333	0.0565123	0.0249156	0.206736
80	0.0799205	0.0058509	0.0684392	0.0295708	0.00125708	0.476736	0.0274933	0.00221603	0.0464754	0.00921897	0.00157495	0.143001	0.00467657	0.0207909	0.0279625	0.0353778	0.00766007	0.00375845	0.00333001	0.00469022
81	0.116157	0.0102934	0.0112632	0.0194731	0.0228713	0.0177796	0.04818	0.0401275	0.203727	0.10284	0.0189552	0.0159016	0.0181349	0.0433927	0.145489	0.0294314	0.0199753	0.0410924	0.00728367	0.0676326
82	0.141511	0.00873099	0.0311181	0.0154731	0.00449854	0.553007	0.00989436	0.00850053	0.0211953	0.0110167	0.00483428	0.039705	0.00406016	0.010927	0.0163401	0.0749278	0.0242819	0.0131412	0.00222896	0.00460848
83	0.220608	0.033478	0.00132766	0.00294408	0.0165871	0.0207136	0.00134472	0.0298265	0.00158547	0.110181	0.0389801	0.00161347	0.00179546	0.00172207	0.00342619	0.092636	0.200687	0.206072	0.000526153	0.0139455
84	0.0439047	0.0247741	0.000796816	0.0058769	0.0683771	0.00715766	0.00238463	0.176086	0.00223921	0.401229	0.0373356	0.00111116	0.00197712	0.000894715	0.00733256	0.00243562	0.0314701	0.156189	0.00643501	0.0219931
85	0.168534	0.0124971	0.00695458	0.0160162	0.0326771	0.0178831	0.0683823	0.0337792	0.10807	0.142276	0.0309099	0.0216615	0.00342884	0.0766208	0.115215	0.0208936	0.0151255	0.0528803	0.00724401	0.0489517
86	0.0182191	0.00701633	0.0899647	0.0250281	0.00107216	0.457744	0.0297054	0.00196456	0.0682029	0.00595361	0.00135572	0.181144	0.00675293	0.0268377	0.0314857	0.0268795	0.00774828	0.00357401	0.00287655	0.0064741
87	0.0125613	0.0195674	0.00334467	0.00372716	0.00408205	0.0182263	0.00550469	0.341744	0.21381	0.0801033	0.0189356	0.00350922	0.0168153	0.00440312	0.0253291	0.0227802	0.00677531	0.194329	0.00148219	0.00296988
88	0.0081142	0.00205467	0.00167737	0.00238213	0.0183043	0.00297443	0.0021436	0.0109268	0.0673868	0.0583731	0.0101723	0.00198418	0.626765	0.0528256	0.0393333	0.0137069	0.0663449	0.0120081	0.000875097	0.00164704
89	0.0325175	0.00610852	0.000546621	0.00290456	0.0177571	0.00200207	0.00137165	0.282114	0.00080424	0.285344	0.0222977	0.00251062	0.000562491	0.000667141	0.00201546	0.0056294	0.0269956	0.303222	0.00105073	0.00357914
90	0.0398491	0.00971447	0.000402326	0.00369178	0.0333157	0.00320175	0.00176171	0.253139	0.00100276	0.361533	0.031755	0.00269883	0.00100019	0.000523889	0.00272414	0.00357213	0.0248246	0.215624	0.00192439	0.0077412
91	0.065856	0.02001	0.00298025	0.00109866	0.00139054	0.00220307	0.00060729	0.195107	0.000877605	0.0219933	0.00350512	0.000642333	0.000649563	0.000748753	0.00351213	0.00615662	0.046034	0.617856	0.00719957	0.00157192
92	0.0225819	0.00264262	0.675858	0.0428895	0.00145397	0.0190272	0.0323816	0.00693323	0.00595703	0.00370966	0.00176986	0.0603705	0.00366106	0.028542	0.0115704	0.0415559	0.025844	0.00981291	0.00126557	0.00217342
93	0.128053	0.013908	0.0185692	0.0146665	0.0065133	0.0177536	0.00696575	0.0113203	0.0268921	0.0332576	0.0124638	0.0145146	0.378045	0.0287622	0.0622399	0.110343	0.0683249	0.030948	0.00367991	0.0127797
94	0.10041	0.00697548	0.0147511	0.011304	0.00996211	0.0186033	0.060825	0.0505762	0.264175	0.0540479	0.0070057	0.013274	0.0433601	0.0292223	0.191283	0.0283979	0.0144078	0.0328049	0.00563624	0.0429777
95	0.0978273	0.00534195	0.0440364	0.0162627	0.00590412	0.138042	0.0583377	0.0283128	0.0315115	0.0365802	0.0050792	0.0406592	0.0364013	0.0420128	0.0710232	0.259043	0.0558074	0.0129234	0.0034346	0.0114588
96	0.166065	0.0160059	0.0324026	0.00374614	0.00852479	0.00349494	0.0200543	0.0305025	0.0685591	0.084779	0.0280268	0.0410703	0.0364345	0.0075142	0.111357	0.171547	0.0735895	0.0905971	0.00216254	0.00356617
97	0.0343083	0.00165155	0.625903	0.0693692	0.000679696	0.0196482	0.0304826	0.00629307	0.00961697	0.00506482	0.00164717	0.0598446	0.00311493	0.037057	0.0190831	0.0432395	0.0259686	0.00572027	0.000305877	0.00100167
98	0.0459151	0.0021262	0.022226	0.011993	0.364748	0.00366013	0.00270713	0.014065	0.0201009	0.0259934	0.00236018	0.0121972	0.0277717	0.00313583	0.025681	0.0384408	0.00606023	0.0135643	0.0506239	0.30663
99	0.16426	0.00499247	0.0262622	0.0525261	0.0195741	0.0535967	0.0173692	0.00398105	0.013337	0.00895623	0.00274372	0.0186377	0.00269152	0.036987	0.0986132	0.335403	0.0796447	0.0154215	0.01433	0.0306728
100	0.0770599	0.00362655	0.0145529	0.00328971	0.00209942	0.0160757	0.0488081	0.0734953	0.316988	0.0546951	0.00325879	0.00466715	0.033974	0.0266127	0.257792	0.0120197	0.0052557	0.0329827	0.00124513	0.0115015
101	0.116407	0.010548	0.0784693	0.0452262	0.013453	0.0623101	0.0169673	0.0178939	0.0622604	0.026196	0.0104464	0.0245203	0.0913098	0.0701874	0.0336551	0.0884996	0.0362138	0.0724094	0.00627581	0.116751
102	0.196315	0.00459282	0.0313959	0.00530007	0.011931	0.0453797	0.0796699	0.0365358	0.135663	0.0666316	0.00540273	0.0344225	0.0150509	0.0870995	0.120881	0.0810653	0.0196294	0.0125401	0.00204067	0.00845416
103	0.0447248	0.00803173	0.0506021	0.0508793	0.00260731	0.393721	0.0616911	0.00447854	0.0397508	0.00954789	0.00273228	0.129974	0.00470672	0.0479176	0.0583884	0.0421018	0.0137002	0.0106407	0.0126155	0.0111879
104	0.346487	0.058718	0.0114793	0.0148912	0.0139855	0.0384514	0.00604706	0.0239846	0.0138997	0.0339347	0.0135242	0.0074672	0.0550565	0.0163874	0.0162423	0.105372	0.0688165	0.143529	0.00224702	0.00948015
105	0.0346196	0.00419585	0.216354	0.00578833	0.00336947	0.00642996	0.0226916	0.00742523	0.0067237	0.00882992	0.004738	0.00553863	0.00340891	0.00573726	0.0314032	0.181153	0.354879	0.00962116	0.0204117	0.0666811
106	0.0546145	0.0237924	0.000424364	0.0065383	0.0745594	0.00908222	0.00283689	0.183359	0.00213742	0.359071	0.0391256	0.000569824	0.00234026	0.00055764	0.00611778	0.00196485	0.0337294	0.165529	0.00743287	0.0262175
107	0.0274238	0.00413013	0.000475328	0.00328024	0.0128835	0.000965369	0.00137748	0.316317	0.000715878	0.332583	0.0232984	0.00335399	0.000440512	0.000604901	0.00132564	0.00419399	0.02166	0.243665	0.000259063	0.00104606
108	0.0151238	0.0314405	0.00449976	0.00519994	0.00399494	0.0065825	0.00449823	0.00616361	0.369492	0.00805874	0.00456195	0.00506627	0.00325881	0.0240615	0.202046	0.0525026	0.228789	0.0187569	0.00151849	0.00438459
109	0.0446549	0.00854146	0.0157091	0.0155294	0.0176424	0.00868712	0.00504836	0.0182025	0.0544365	0.0535697	0.0104388	0.00909723	0.530234	0.0462466	0.0379058	0.0356012	0.0564379	0.0227548	0.00184841	0.00741344
110	0.076008	0.0113273	0.0696555	0.0442293	0.0104144	0.0907013	0.0252718	0.0261164	0.0351012	0.028377	0.0102121	0.201376	0.0235183	0.0446163	0.0466409	0.136216	0.0504018	0.0497656	0.00481687	0.0152337
111	0.109994	0.00881674	0.00388421	0.0163743	0.0449379	0.012112	0.0483501	0.0291906	0.0846061	0.22362	0.0534329	0.0123909	0.00234636	0.0765194	0.128281	0.0228664	0.022465	0.0445687	0.0115336	0.0437102
112	0.199409	0.0048205	0.0349309	0.00532773	0.0157047	0.0508315	0.0787228	0.038375	0.142922	0.075025	0.00595922	0.037656	0.0119074	0.0723488	0.100791	0.0787468	0.0241726	0.0114249	0.00212494	0.00879903
113	0.0995722	0.0112569	0.118935	0.215136	0.0118867	0.0425561	0.0214147	0.0215431	0.0559034	0.0293018	0.00980524	0.0463189	0.0289029	0.0651821	0.0712366	0.0587975	0.0424946	0.0336624	0.00359238	0.0125023
114	0.261075	0.0163611	0.00498124	0.0083301	0.071942	0.0141396	0.0076068	0.0232402	0.0086649	0.230751	0.0432428	0.0055631	0.00432016	0.0129865	0.0163894	0.041227	0.137932	0.073538	0.00235046	0.0153583
115	0.0982854	0.0161599	0.0922485	0.145071	0.00279925	0.0861162	0.0112258	0.00767627	0.0370344	0.0357752	0.0168855	0.0269272	0.00547469	0.109661	0.0878653	0.124003	0.0540057	0.0371889	0.00171334	0.00388302
116	0.285902	0.0090334	0.0353835	0.0881053	0.00142232	0.0254239	0.0307892	0.0830103	0.0169122	0.153632	0.0171912	0.00220865	0.00128251	0.0607761	0.0370022	0.0259031	0.0644196	0.0590527	0.000759025	0.00179116
117	0.209986	0.0248826	0.00299305	0.0114962	0.00816738	0.0123944	0.00416205	0.209156	0.00263089	0.140135	0.059072	0.00242371	0.00407494	0.00591068	0.00359842	0.0161082	0.018248	0.25741	0.00124333	0.00590676
118	0.220301	0.032676	0.00129565	0.00306073	0.0162434	0.0209258	0.00135535	0.0298145	0.00162514	0.109039	0.0389379	0.00162186	0.00182346	0.00174577	0.00337773	0.0928295	0.201549	0.207681	0.000508839	0.0135885
119	0.0876679	0.00363492	0.210794	0.225235	0.000444829	0.0654466	0.0175095	0.00580259	0.0340253	0.0134356	0.00312035	0.0620644	0.0181212	0.0729818	0.0528216	0.0666385	0.0434178	0.0145004	0.000282528	0.00205526
120	0.0479686	0.0208372	0.000413523	0.00808651	0.0882003	0.0084736	0.00278329	0.182888	0.00259132	0.360574	0.0356713	0.000566533	0.00196008	0.000652756	0.00698158	0.0017061	0.0360133	0.15355	0.00968867	0.0303936
121	0.0930171	0.00442951	0.209605	0.204477	0.000354569	0.0602015	0.0174583	0.00720419	0.0359535	0.0152983	0.00394529	0.0547724	0.00862338	0.0797903	0.057467	0.076009	0.0522154	0.0172668	0.000205285	0.0017062
122	0.131781	0.0336177	0.0303819	0.0878833	0.0959414	0.0163443	0.0297774	0.0521397	0.0105036	0.027488	0.0254226	0.0431355	0.00123704	0.0339665	0.0842365	0.0659166	0.0985026	0.052058	0.012955	0.0667113
123	0.132632	0.0131198	0.00128568	0.00340168	0.00593555	0.0113381	0.00379194	0.263715	0.00214352	0.147531	0.15522	0.00169835	0.00885084	0.00902654	0.00362517	0.0318351	0.0193415	0.18332	0.000635396	0.00155299
124	0.0608063	0.0190699	0.000480625	0.00509507	0.0568081	0.00793427	0.00278079	0.196449	0.00165832	0.35084	0.0479649	0.00115853	0.00210254	0.000880715	0.00466356	0.0036329	0.0306339	0.185371	0.00466072	0.0170093
125	0.0337376	0.00486177	0.00046515	0.000743141	0.00294527	0.00153856	0.000476815	0.386398	0.000557375	0.106668	0.00822081	0.00046444	0.000253615	0.000480244	0.00183135	0.00348277	0.00774436	0.433296	0.000245346	0.0055887
126	0.079314	0.0155385	0.0382385	0.013336	0.0101528	0.0282994	0.00964193	0.020377	0.0148904	0.0272326	0.0137721	0.0152615	0.00929059	0.015283	0.0267923	0.302446	0.29991	0.0387382	0.00421692	0.0172685
127	0.0347845	0.00272129	0.00310689	0.0140725	0.0522955	0.0145125	0.0206748	0.00850905	0.0233906	0.483647	0.05818	0.00354289	0.00227525	0.086711	0.0864755	0.0207777	0.0537112	0.00909894	0.0041516	0.0173617
128	0.163515	0.00513186	0.0265371	0.0110884	0.00132621	0.61261	0.00250774	0.00266575	0.00759275	0.00437107	0.00187017	0.0044643	0.00126088	0.0021615	0.00835077	0.112993	0.0251401	0.00437724	0.000760104	0.00127622
129	0.126619	0.00279283	0.140067	0.21678	0.000576481	0.0428562	0.0214863	0.00561346	0.0749024	0.0111007	0.00456825	0.0556068	0.00896155	0.0927144	0.0784902	0.0603608	0.0407182	0.0132413	0.000531701	0.00201139
130	0.0868875	0.00150852	0.10308	0.197805	0.000942032	0.0181282	0.0487073	0.00409527	0.159439	0.00358505	0.00436165	0.0743951	0.00156606	0.14112	0.0882139	0.0253113	0.0275906	0.0115251	0.000749533	0.000989886
131	0.144963	0.00921165	0.0320963	0.0198675	0.00282823	0.564716	0.0103365	0.00592976	0.0177106	0.00989048	0.00348072	0.0363364	0.00412518	0.010366	0.0169865	0.0725629	0.0225418	0.00995672	0.00196826	0.00412516
132	0.127608	0.0120773	0.0014897	0.00320657	0.00607727	0.0105475	0.00358617	0.266356	0.00226163	0.141917	0.168255	0.00187647	0.00835305	0.00935896	0.00443377	0.033972	0.0189648	0.177511	0.000635662	0.0015115
133	0.155789	0.00960625	0.00402499	0.0227023	0.0229307	0.0340195	0.00412563	0.0107088	0.00632525	0.103675	0.0485248	0.00606103	0.00280318	0.0062539	0.0309335	0.300967	0.13535	0.0887828	0.00166474	0.00475115
134	0.0437135	0.0205645	0.000427031	0.00645941	0.0763367	0.00711974	0.00241583	0.178142	0.00209451	0.386749	0.0381505	0.000682609	0.00187189	0.000546236	0.00665456	0.00182194	0.0325856	0.160666	0.00745449	0.0255434
135	0.044424	0.0183834	0.000447792	0.00823443	0.0895749	0.00798058	0.00289004	0.180226	0.00280041	0.366466	0.033881	0.000560956	0.00199242	0.000651306	0.00747705	0.00161992	0.0358327	0.153783	0.0103075	0.032466
136	0.0453461	0.00861582	0.00176966	0.143918	0.0129711	0.00197237	0.0508092	0.0753787	0.0661677	0.0800582	0.0250791	0.00294615	0.0051764	0.0692425	0.191582	0.0117854	0.0470531	0.117739	0.00632766	0.0360621
137	0.228184	0.0105739	0.019952	0.0411474	0.00734834	0.0460306	0.00838361	0.013282	0.0458344	0.0156692	0.00750158	0.0126643	0.156671	0.100716	0.0201324	0.0742622	0.0569381	0.118533	0.0034264	0.012749
138	0.0830339	0.0039244	0.00784647	0.00318923	0.00244406	0.00840446	0.0290391	0.0433004	0.208102	0.0522305	0.00382057	0.00531682	0.0211154	0.0787172	0.363186	0.018741	0.00522425	0.0565314	0.00103582	0.00479749
139	0.0954924	0.00186361	0.180728	0.322059	0.0012081	0.0244058	0.0109213	0.00275845	0.0429468	0.0126147	0.00180847	0.0518965	0.104925	0.0695507	0.0202774	0.0353395	0.011761	0.00664393	0.000618665	0.00217974
140	0.121479	0.0151401	0.0653612	0.0890058	0.0133795	0.0217444	0.0188355	0.0852286	0.0625149	0.036892	0.0141018	0.0508493	0.0146393	0.0608216	0.0451578	0.0423308	0.0349383	0.192101	0.00467674	0.0108031
141	0.0502224	0.00225444	0.0190372	0.0134253	0.371465	0.00396132	0.00254375	0.0120999	0.0236487	0.0219369	0.00276478	0.0106978	0.0294924	0.00299007	0.0248945	0.0401715	0.0048819	0.0154159	0.0399342	0.308162
142	0.0146476	0.00105384	0.752399	0.0293943	0.000842544	0.0087177	0.0350464	0.0045761	0.00171104	0.00195682	0.000958922	0.0619225	0.00133037	0.0253469	0.00611952	0.0331604	0.0176748	0.00194388	0.000404927	0.0007926
143	0.087694	0.0203818	0.0121292	0.00561797	0.00283197	0.00457028	0.00234288	0.172789	0.00346153	0.0219258	0.00520824	0.0032686	0.004522	0.00304709	0.0056485	0.0202734	0.0618704	0.552453	0.0064212	0.0035429
144	0.0836587	0.0240086	0.0216946	0.0041649	0.00465828	0.0230492	0.00283797	0.0241831	0.0051025	0.0188538	0.00862834	0.00998142	0.00207129	0.00489198	0.00704986	0.470306	0.231712	0.0458012	0.001303	0.00604282
145	0.139488	0.00834527	0.0328399	0.0191936	0.00226764	0.561866	0.0100501	0.00485734	0.0207461	0.00939772	0.0031082	0.0387067	0.00480937	0.0104737	0.0177185	0.0765632	0.0251412	0.0093848	0.001762	0.00328057
146	0.519535	0.0271497	0.00802833	0.0140803	0.00440503	0.199147	0.00506765	0.00945431	0.0081765	0.017442	0.00690193	0.00883635	0.0025743	0.00711652	0.0118553	0.100186	0.0236941	0.0209882	0.00150518	0.00385642
147	0.145954	0.00968228	0.0316558	0.0167318	0.00252232	0.562396	0.010044	0.006021	0.0179838	0.0104071	0.00330707	0.037156	0.00327096	0.00985045	0.0166637	0.075451	0.0249006	0.0110502	0.00160662	0.00334527
148	0.0215818	0.00199505	0.696388	0.0387546	0.00208385	0.0189206	0.034261	0.00585409	0.00555271	0.00390244	0.00163123	0.0624405	0.0049541	0.0277046	0.00904129	0.0364743	0.0217259	0.00450281	0.000730195	0.0015009
149	0.114089	0.012435	0.0136298	0.0150765	0.0147534	0.0198868	0.00869923	0.0182613	0.0150277	0.0606299	0.0492491	0.0152941	0.00634273	0.0107372	0.051978	0.274706	0.210066	0.078544	0.00249151	0.00810293
150	0.125665	0.0275332	0.0158518	0.0236321	0.100378	0.019704	0.014864	0.0283675	0.0189176	0.0462043	0.0968965	0.0153895	0.0081658	0.0189232	0.0293677	0.0956959	0.0454595	0.15286	0.00685349	0.109271
151	0.0564687	0.00829183	0.000492181	0.00281803	0.0132565	0.00354722	0.00211604	0.276588	0.000720669	0.298343	0.0384344	0.00272155	0.00141063	0.00117776	0.00139147	0.00649989	0.0227292	0.260213	0.0002802	0.00250092
152	0.746932	0.0115959	0.000684045	0.0105771	0.000709717	0.0756752	0.000740161	0.00133735	0.00115179	0.00641779	0.00187581	0.0061577	0.000590171	0.00409808	0.00132622	0.117799	0.00944131	0.00188823	0.00032211	0.000679931
153	0.229618	0.0236451	0.00190906	0.00246879	0.0109854	0.0202279	0.00158346	0.0307234	0.0019698	0.0775492	0.0398431	0.00201924	0.00166423	0.00228696	0.00293462	0.0702933	0.237627	0.231974	0.00084673	0.00983068
154	0.028856	0.00878685	0.000736473	0.00296141	0.0480294	0.00341089	0.0016301	0.175703	0.0015014	0.385583	0.136723	0.00117767	0.00129411	0.00124628	0.0103456	0.00843946	0.0179657	0.154081	0.00257205	0.00895737
155	0.566695	0.00907832	0.00146557	0.00665204	0.00554542	0.133318	0.00672035	0.00310478	0.0104978	0.0176489	0.017796	0.0120708	0.00097896	0.0022265	0.0141006	0.116662	0.0675884	0.0058215	0.000502355	0.00152641
156	0.249011	0.033053	0.00152574	0.00279006	0.0250441	0.0197287	0.00168997	0.0238038	0.00194918	0.141765	0.0359811	0.00199781	0.001662	0.00205794	0.00361278	0.079447	0.1811	0.17188	0.000687373	0.0212126
157	0.508905	0.0945648	0.00126687	0.00190804	0.00108805	0.164867	0.00122551	0.0237031	0.00163692	0.0253663	0.00751901	0.0013882	0.00169955	0.00178657	0.00192253	0.0800939	0.0145591	0.0593645	0.000603136	0.00653241
158	0.0389919	0.019825	0.000508929	0.00541065	0.0619081	0.0053195	0.00246209	0.156437	0.00191646	0.454486	0.0405908	0.0013409	0.00151948	0.000761289	0.00899983	0.00260741	0.0281739	0.144275	0.00562246	0.0188423
159	0.0429125	0.0188087	0.00041486	0.00754552	0.0850848	0.00748946	0.00260437	0.180782	0.0023947	0.379321	0.0361092	0.000589327	0.00184973	0.000575647	0.00678837	0.00156317	0.0345166	0.152481	0.00893869	0.0292305
160	0.728763	0.0129099	0.000861115	0.0103591	0.000921555	0.0851899	0.00106279	0.0018213	0.00161699	0.0072328	0.00276809	0.00636516	0.000573559	0.00374966	0.0021071	0.117407	0.0120662	0.00312913	0.00030117	0.000794665
161	0.0197466	0.00710618	0.00690966	0.00792081	0.0143254	0.0722201	0.0160958	0.0758061	0.00921019	0.0261653	0.00639017	0.397841	0.00499106	0.0555811	0.01153	0.0774031	0.0401727	0.133583	0.00258294	0.0144194
162	0.285654	0.00941973	0.0347246	0.0857555	0.0014381	0.0253324	0.0310798	0.0840103	0.0166864	0.155088	0.0173314	0.00234915	0.00126427	0.0601742	0.0362371	0.0264084	0.0644578	0.0601669	0.000741903	0.00167997
163	0.720354	0.0113224	0.00131258	0.010713	0.00123076	0.0906798	0.00140027	0.00131634	0.00216235	0.00743253	0.00311174	0.00778779	0.000607535	0.00364186	0.00295681	0.116279	0.0145704	0.0020491	0.000342394	0.000729381
164	0.43344	0.0140671	0.0102772	0.00975914	0.00116365	0.373102	0.00164698	0.00285314	0.00477602	0.00714551	0.00275442	0.00477406	0.000731635	0.00232721	0.00525134	0.0980353	0.0193106	0.00674523	0.000570061	0.00126944
165	0.170503	0.00551591	0.0197652	0.0116533	0.00107666	0.636776	0.00197795	0.00182027	0.0074869	0.00391116	0.00130946	0.00372008	0.000794029	0.00143713	0.00856665	0.0923339	0.0257193	0.00391448	0.000635164	0.00108343
166	0.0283509	0.00417168	0.000428122	0.00129515	0.00620171	0.00151221	0.00070819	0.372892	0.000672969	0.16412	0.011587	0.00102412	0.000326551	0.000489074	0.00255518	0.00480749	0.0119506	0.380615	0.000272626	0.00602029
167	0.388132	0.0152377	0.00842889	0.0438767	0.0293845	0.0152335	0.0065032	0.0197978	0.00887894	0.0205684	0.00933939	0.00625655	0.0132883	0.0109277	0.00995632	0.0589302	0.0572228	0.269188	0.00224118	0.0066076
168	0.0703221	0.0248112	0.00357563	0.00326478	0.0056514	0.0049486	0.00216131	0.218946	0.00309244	0.058861	0.00967316	0.00160163	0.0057604	0.00213829	0.00555374	0.00957307	0.036183	0.523903	0.00537481	0.00460424
169	0.36433	0.00609643	0.00900487	0.0675872	0.00487549	0.161716	0.0221209	0.0038099	0.0189484	0.0189973	0.00700529	0.0117616	0.00373968	0.01168	0.0637746	0.165413	0.0422949	0.00539975	0.00313354	0.00831158
170	0.0961974	0.0103332	0.0131431	0.0149545	0.00121423	0.0162259	0.00794954	0.0139532	0.261521	0.0161528	0.00495131	0.0120578	0.00410245	0.0521577	0.397143	0.0402696	0.0231157	0.0105583	0.00194046	0.00205848
171	0.0185283	0.00646043	0.0908677	0.0261282	0.00101002	0.467136	0.0284956	0.0019396	0.0659071	0.00594465	0.00127927	0.174143	0.00626862	0.0272249	0.031486	0.0264806	0.00825026	0.00364014	0.00281718	0.00599211
172	0.0878294	0.0167849	0.0275435	0.0737563	0.00883497	0.0289272	0.0346757	0.0120476	0.172396	0.0819053	0.0334032	0.0298046	0.0033398	0.119198	0.167883	0.0427885	0.0174104	0.0166761	0.0130855	0.0117099
173	0.0100021	0.0226388	0.00312024	0.00371193	0.0021897	0.00481608	0.00274605	0.00418408	0.362597	0.0053835	0.00245302	0.00295689	0.00195628	0.0276715	0.275934	0.0407012	0.207389	0.0161252	0.000966628	0.00245754
174	0.0197433	0.00333989	0.000438309	0.000694039	0.004205	0.00157799	0.000445523	0.435102	0.000649908	0.087588	0.00665576	0.000443263	0.000365432	0.000540222	0.00180873	0.00418376	0.00552641	0.420651	0.000173012	0.00586807
175	0.161293	0.029421	0.00533315	0.00927153	0.0117774	0.0794051	0.0056968	0.162468	0.0053921	0.117507	0.0309498	0.00524795	0.00958552	0.00711278	0.00744557	0.0307193	0.0311258	0.279673	0.00335001	0.00722517
176	0.0383477	0.0110732	0.00152984	0.0053223	0.177768	0.00576047	0.0026301	0.153874	0.00254172	0.311433	0.0861233	0.00183155	0.00170471	0.00198632	0.00838201	0.00654471	0.0226091	0.14084	0.00453272	0.0151653
177	0.210624	0.0224688	0.00404638	0.0077748	0.0120187	0.0177605	0.0037731	0.0680153	0.00495949	0.0656507	0.0302256	0.00372753	0.00496601	0.00601559	0.00852932	0.055915	0.17126	0.290953	0.0024347	0.00888073
178	0.0350644	0.0121523	0.0301998	0.0219692	0.0131307	0.117512	0.0201237	0.0472763	0.02156	0.0325477	0.00984702	0.330919	0.0139555	0.0462512	0.0210743	0.0543214	0.0319349	0.120727	0.00415125	0.0152825
179	0.131166	0.00894108	0.0370118	0.0194918	0.00237662	0.56441	0.0104909	0.00468264	0.0211089	0.00738772	0.00274713	0.0425205	0.00569178	0.0109914	0.0190193	0.0755461	0.0237943	0.00782025	0.00183117	0.00297015
180	0.0717962	0.266124	0.00587959	0.0062161	0.00529346	0.0073583	0.00421193	0.161092	0.00598215	0.0404507	0.00884376	0.00496569	0.00410924	0.00584094	0.00943957	0.0142874	0.024339	0.326799	0.00381978	0.023151
181	0.0552718	0.0159193	0.00526936	0.0137407	0.125093	0.011452	0.0103821	0.135409	0.0119661	0.298462	0.0392417	0.00613082	0.012664	0.0129192	0.0216646	0.0167274	0.0356319	0.122483	0.00999097	0.0395813
182	0.0242782	0.00199374	0.673026	0.0456221	0.00105099	0.0226572	0.0326189	0.00514916	0.00746762	0.00464993	0.00159129	0.0628704	0.00602811	0.0289	0.0119139	0.0389613	0.0229963	0.00509035	0.0009541	0.0021808
183	0.0266592	0.0047901	0.000498294	0.00379615	0.0149229	0.00123088	0.00150067	0.309265	0.000885357	0.35153	0.0230735	0.00341021	0.000446358	0.000660397	0.00151871	0.0041944	0.023312	0.226017	0.000469672	0.00181976
184	0.0350109	0.0112195	0.00049656	0.00483031	0.0469261	0.00386615	0.00192653	0.221677	0.00163454	0.396811	0.0363577	0.00211904	0.00106051	0.000634155	0.00488119	0.00324113	0.0252545	0.185267	0.0038564	0.0129302
185	0.0882558	0.0156683	0.0644592	0.0441796	0.0203107	0.0511947	0.183212	0.0366289	0.0483235	0.046476	0.0165399	0.0382194	0.0207104	0.061718	0.064892	0.0644056	0.0507332	0.046653	0.00756489	0.0298553
186	0.177805	0.00681254	0.042806	0.00652963	0.0203185	0.00880837	0.0239953	0.0279918	0.0586468	0.0714066	0.00679228	0.0102721	0.196508	0.00970289	0.0638243	0.109341	0.0396445	0.0747443	0.019434	0.0246154
187	0.134741	0.00950356	0.0270798	0.0191146	0.00333294	0.522153	0.00881538	0.00884724	0.0202549	0.0108871	0.00595447	0.0238045	0.00417677	0.0118507	0.0230102	0.0901728	0.051749	0.016637	0.0029541	0.0049603
188	0.0893045	0.0199078	0.0186351	0.0358664	0.0428925	0.0289829	0.151238	0.0395495	0.0485031	0.0547777	0.0188542	0.0309899	0.0108918	0.0446049	0.0845975	0.0533591	0.0435012	0.0562612	0.0152677	0.112015
189	0.0448275	0.011382	0.00131782	0.000702678	0.00257898	0.00219031	0.000461759	0.284717	0.000565546	0.0517849	0.00416256	0.000411406	0.000385591	0.000522799	0.00222935	0.0041016	0.0254634	0.556163	0.0033348	0.00269707
190	0.122529	0.00534157	0.0220957	0.026438	0.00601244	0.0539923	0.0474455	0.00556177	0.0474595	0.0186501	0.00245919	0.031717	0.00404706	0.0188864	0.150365	0.277244	0.109195	0.00795751	0.00645649	0.0361456
191	0.0402215	0.017193	0.000577586	0.00949993	0.0893876	0.00750527	0.00324152	0.169153	0.00300148	0.381891	0.0321538	0.000890435	0.00203461	0.00118138	0.00752147	0.00248535	0.0380031	0.146968	0.00972312	0.0373664
192	0.0395897	0.0081236	0.000706298	0.00332303	0.0290808	0.00375863	0.00194742	0.237065	0.00181734	0.334196	0.101739	0.00205101	0.00197688	0.0015945	0.0071269	0.00958921	0.0186936	0.190324	0.00159269	0.0057045
