647	20
1	0.0951184	0.0085025	0.0962436	0.0910008	0.000691809	0.081626	0.0210596	0.00820984	0.057488	0.0204687	0.00709463	0.0795988	0.0889469	0.073137	0.0464527	0.156273	0.0396468	0.0158329	0.00586029	0.00674777
2	0.00146833	0.00226681	0.000378568	0.000406961	0.000319564	0.000560946	0.00165591	0.000490876	0.00974699	0.00296342	0.00262855	0.00118073	0.000197315	0.00293896	0.96166	0.00523592	0.00479143	0.000725718	8.2986e-05	0.00029959
3	0.00297974	0.00084334	0.000564363	0.000777117	0.00439438	0.000955503	0.964694	0.000842669	0.00101948	0.00285835	0.000805403	0.00429687	0.000452068	0.00390535	0.0017905	0.00390853	0.00205168	0.00123574	0.000143818	0.00148116
4	0.0160587	0.00712539	0.00274422	0.00297251	0.00256996	0.00393847	0.00349426	0.19854	0.0043668	0.220293	0.00495509	0.171322	0.00254456	0.0282575	0.00449272	0.0117635	0.0745403	0.235917	0.000871448	0.00323299
5	0.106679	0.0031628	0.0193679	0.00548069	0.00074078	0.701277	0.00308496	0.00171269	0.012027	0.00366652	0.00229876	0.0157152	0.00289839	0.00297395	0.011652	0.0892014	0.00930865	0.00695539	0.00030306	0.00149389
6	0.0828282	0.00361442	0.0233535	0.00495225	0.0219743	0.0345365	0.00627835	0.0697663	0.0250383	0.0719628	0.00615598	0.0255937	0.323198	0.00622983	0.00473882	0.166438	0.0192768	0.099507	0.00118652	0.00337068
7	0.0211585	0.00221494	0.000331435	0.000443152	0.0319894	0.000512402	0.00451085	0.205501	0.0102609	0.423141	0.0913726	0.00192371	0.00213198	0.006957	0.0108728	0.00602642	0.0213342	0.139731	0.00289397	0.0166929
8	0.0324527	0.000391049	0.473809	0.328413	0.00217767	0.00490344	0.0160296	0.000429943	0.023163	0.00321542	0.00261383	0.0391637	0.000185804	0.0202258	0.00256126	0.0374537	0.0073716	0.00299129	0.000115115	0.00233373
9	0.186566	0.00115386	0.147403	0.33045	0.00115703	0.0252737	0.00919998	0.00148799	0.0142469	0.00261541	0.00610142	0.00457365	0.000626113	0.151696	0.0107914	0.0647439	0.0353411	0.00523544	0.000326597	0.00101083
10	0.0074386	0.0133021	0.000777844	0.000694447	0.324719	0.00145775	0.000601088	0.101499	0.000812069	0.318059	0.116284	0.00099962	0.000381107	0.00721876	0.000644543	0.00165437	0.00489748	0.0489085	0.0296599	0.0199904
11	0.0161445	0.00743112	0.00142142	0.010665	0.00415492	0.0018285	0.00168417	0.384538	0.0021758	0.0736571	0.109303	0.00275018	0.00156802	0.00281619	0.00255842	0.0143976	0.111556	0.248751	0.000570833	0.00202834
12	0.330874	0.0344264	0.00223899	0.00188008	0.00155102	0.00560557	0.00699743	0.126233	0.00437115	0.00656045	0.00478125	0.0158954	0.00130051	0.00654922	0.0024611	0.0244065	0.161627	0.260031	0.000546241	0.00166427
13	0.0135542	0.00155563	0.000319902	0.000271398	0.00864352	0.000364413	0.000269894	0.451208	0.000493488	0.145342	0.026033	0.000545136	0.000146591	0.000503971	0.000880493	0.000796469	0.0121898	0.336064	0.000130427	0.000687383
14	0.0305397	0.00221666	0.00202876	0.00152247	0.00231548	0.00144535	0.00067885	0.00470463	0.00155073	0.00634998	0.00168728	0.00135408	0.907882	0.00283211	0.00263284	0.0152396	0.00650362	0.006129	0.000184661	0.00220174
15	0.253573	0.0011454	0.0574305	0.158407	0.000622396	0.0352354	0.0103963	0.00119682	0.151073	0.00237193	0.00173415	0.0127668	0.0658292	0.0548624	0.0271064	0.135717	0.00845478	0.0208212	0.000362337	0.000894011
16	0.0927236	0.00799822	0.157031	0.0590528	0.000762624	0.108835	0.0149387	0.00483157	0.0276533	0.00473509	0.00702491	0.125301	0.0170105	0.050038	0.0276766	0.239322	0.043003	0.00873984	0.00132523	0.00199743
17	0.0156188	0.0114738	0.00119852	0.000296434	0.00602154	0.000319273	0.000258803	0.751807	0.000434418	0.0590504	0.0172063	0.00184542	0.000189441	0.00252415	0.000286953	0.00267753	0.00164997	0.125904	0.00100972	0.000227249
18	0.0157472	0.0014695	0.000328882	0.000601551	0.0352474	0.000568199	0.00512815	0.218454	0.00797392	0.42421	0.08242	0.00177394	0.00163639	0.00683851	0.00895886	0.00432868	0.0187691	0.138551	0.00396367	0.0230306
19	0.365124	0.00890817	0.00183521	0.00116383	0.00275424	0.18734	0.00144704	0.0015735	0.00309128	0.0038199	0.0342476	0.050965	0.000640938	0.00938264	0.0149695	0.263377	0.0450436	0.00308495	0.000327931	0.000902831
20	0.270497	0.004335	0.0846018	0.081998	0.000559328	0.0887338	0.0113522	0.00117894	0.138621	0.0117302	0.00228755	0.0756123	0.000887403	0.0346741	0.0312825	0.128632	0.025478	0.00481477	0.000279267	0.00244536
21	0.0281189	0.00141877	0.028701	0.0634061	0.00693809	0.00796217	0.0404292	0.00388069	0.344181	0.0623984	0.0508422	0.0146475	0.000766509	0.18023	0.117956	0.0130982	0.0242375	0.0036429	0.000523517	0.00662103
22	0.00881507	0.00130721	0.00753941	0.0100666	0.00123335	0.00490947	0.0041909	0.0221183	0.0033051	0.00401599	0.00294897	0.88694	0.00064693	0.0075553	0.00333102	0.00979482	0.0104463	0.00644471	0.000569068	0.0038214
23	0.0383824	0.00232762	0.0143832	0.00486992	0.00190304	0.00401068	0.00475222	0.00455873	0.179034	0.00647514	0.00413589	0.00674957	0.011349	0.0275445	0.437103	0.0461251	0.154164	0.0491748	0.00056062	0.00239756
24	0.0137379	0.0061089	0.00081041	0.000987606	0.000658905	0.00109892	0.00474951	0.00121537	0.00116951	0.00185108	0.00115768	0.172449	0.0143347	0.0123886	0.00099327	0.674217	0.0796306	0.00158131	0.00527117	0.00558814
25	0.0187969	0.00245063	0.00189693	0.000714289	0.354872	0.00377231	0.0354759	0.00274206	0.00319242	0.072086	0.0198686	0.0092424	0.000472652	0.000996054	0.000697084	0.00477664	0.0043548	0.00172893	0.0178158	0.444048
26	0.0135174	0.00847839	0.00279452	0.0013885	0.0224215	0.00135568	0.000887224	0.665163	0.00216854	0.11083	0.0442124	0.00701442	0.000464832	0.00779853	0.00245033	0.00386898	0.00547372	0.0923422	0.00364402	0.00372632
27	0.00755413	0.00014655	0.00234033	0.0002888	0.000114664	0.975069	0.000143741	0.00019898	0.000307892	0.000810472	0.000913027	0.00248981	0.000762294	0.000426867	0.00038636	0.00721908	0.000341262	0.000272266	3.80466e-05	0.00017682
28	0.0910237	0.0690406	0.00287601	0.00247189	0.0189272	0.0189294	0.00283202	0.0212727	0.0217284	0.13894	0.208218	0.00442592	0.00142084	0.268437	0.0383614	0.00736077	0.0738213	0.00678891	0.00096966	0.00215375
29	0.0075475	0.000137387	0.00190432	0.00026847	0.000114887	0.976545	0.0001374	0.000198358	0.000263404	0.000818211	0.000904165	0.00195623	0.000776662	0.000416484	0.000354937	0.00694017	0.000290857	0.000251453	3.56992e-05	0.000138883
30	0.00356319	0.00106373	0.000667312	0.0020221	0.116638	0.000829106	0.00763959	0.00185984	0.000714796	0.00970755	0.00217017	0.00198017	0.000339283	0.000575003	0.000716415	0.0026096	0.00162973	0.00123757	0.0188303	0.825207
31	0.0417021	0.00253357	0.00128519	0.00156577	0.0254473	0.00199402	0.171466	0.00357207	0.0101757	0.00445946	0.00203657	0.0380978	0.000859823	0.0110152	0.0113025	0.0709633	0.0313493	0.0152455	0.000606959	0.554322
32	0.0397716	0.00156842	0.27337	0.0758366	0.00131568	0.182751	0.0249622	0.0023666	0.00239054	0.00327816	0.00215575	0.223904	0.0795736	0.0270246	0.00229068	0.0391739	0.0130147	0.00319215	0.000541827	0.00151826
33	0.110461	0.184674	0.000658818	0.000773712	0.0132517	0.00592486	0.000867349	0.0141716	0.00114591	0.00173924	0.00635888	0.0132331	0.000535451	0.00142921	0.00107185	0.124849	0.44074	0.0771765	0.000238142	0.000698371
34	0.0259138	0.0123024	0.00163809	0.021905	0.0410744	0.00223897	0.148638	0.281926	0.0218645	0.126947	0.00292336	0.00244687	0.00100843	0.0427104	0.0431966	0.0167569	0.0162604	0.168105	0.000777261	0.0213671
35	0.0157254	0.042424	0.00200048	0.00294461	0.00987164	0.00246346	0.00192036	0.0868505	0.00258388	0.155352	0.105408	0.00285677	0.00468253	0.00348098	0.00276433	0.00601077	0.266462	0.284033	0.000634822	0.00153149
36	0.0267825	0.00223771	0.00102042	0.000347377	0.00224532	0.000932195	0.000559594	0.00481573	0.000669501	0.00562817	0.00138832	0.000991587	0.924764	0.00202754	0.00162869	0.0111334	0.00505649	0.00565661	7.04669e-05	0.0020444
37	0.254728	0.00108753	0.0143869	0.0192641	0.00465665	0.103443	0.0204583	0.00139054	0.024223	0.0257668	0.00166648	0.0424449	0.20356	0.00787363	0.0166565	0.16474	0.0630164	0.00354542	0.00404286	0.0230493
38	0.205235	0.00250034	0.00255163	0.0108922	0.00221073	0.0129602	0.0166603	0.017452	0.00341231	0.0347281	0.00403914	0.00659907	0.268789	0.00358472	0.00270254	0.0681132	0.0643449	0.270911	0.000698849	0.00161501
39	0.0145832	0.00727792	0.000751065	0.000412462	0.00680933	0.000312721	0.000310528	0.613543	0.00067468	0.0808616	0.0166802	0.00128007	0.000159229	0.00160249	0.0004212	0.00180527	0.00710862	0.244485	0.000597172	0.000323891
40	0.0389388	0.00378446	0.00205912	0.00199303	0.00222184	0.0149773	0.00175009	0.0144324	0.0499312	0.276846	0.0331222	0.00328795	0.00115045	0.407882	0.0617048	0.0171912	0.0303365	0.0365104	0.000568091	0.00131262
41	0.00483021	0.00232252	0.00125489	0.00118059	0.000669903	0.00196986	0.00262614	0.00139742	0.0197584	0.00378097	0.00288982	0.00217298	0.000785217	0.00512765	0.91799	0.00894643	0.0172072	0.0040444	0.000135448	0.000910082
42	0.0248188	0.00628015	0.0115617	0.00636245	0.00454758	0.00683999	0.163066	0.00793892	0.0317247	0.0104792	0.0390519	0.490603	0.00265517	0.0512722	0.0187368	0.0287668	0.0550707	0.0174107	0.00103095	0.0217827
43	0.0145024	0.00146415	0.000349375	0.000333714	0.00941502	0.000359559	0.000295853	0.437619	0.000425882	0.157426	0.02995	0.000599251	0.00016944	0.000635197	0.00101256	0.000833988	0.0116305	0.331927	0.000160142	0.00089087
44	0.00729071	0.0132306	0.000727272	0.000686321	0.325623	0.00144358	0.000603004	0.101484	0.000756169	0.319041	0.11457	0.00101845	0.000400888	0.00725521	0.000645151	0.00161828	0.00481822	0.0484596	0.0299644	0.0203644
45	0.001189	0.000299694	0.00183037	0.96355	0.000254097	0.00038747	0.00205486	0.000395592	0.000440057	0.000706447	0.00218895	0.000472595	0.000205409	0.0212042	0.000444295	0.00082599	0.000768578	0.000597902	8.8853e-05	0.00209526
46	0.00839907	0.000403425	0.0062628	0.00227935	0.000366766	0.00934969	0.000856869	0.00341029	0.00272373	0.0009968	0.000828883	0.933896	0.000282908	0.00508206	0.000574687	0.0164552	0.0036524	0.00242577	0.000200988	0.00155208
47	0.0363015	0.00270837	0.00120257	0.000669228	0.00220188	0.00162915	0.00105233	0.00659545	0.000826256	0.00691015	0.00175187	0.00131791	0.898669	0.00205692	0.0019604	0.0152694	0.00847045	0.00828048	0.000128177	0.00199846
48	0.307611	0.00176138	0.009912	0.0505563	0.00103845	0.383458	0.012177	0.00254099	0.0235346	0.027629	0.0101005	0.00226744	0.00136545	0.0139974	0.00229694	0.0938128	0.0166169	0.0376473	0.00047837	0.00119791
49	0.0143814	0.00414965	0.00438534	0.00369472	0.351651	0.00534886	0.00415205	0.00741986	0.00519962	0.0319326	0.0106297	0.00627957	0.00216822	0.00681337	0.00513053	0.0101386	0.0104927	0.00806762	0.502293	0.00567225
50	0.0383863	0.0135427	0.00780397	0.0106729	0.0199653	0.0126519	0.0196819	0.130873	0.0113478	0.0294396	0.0211679	0.0199997	0.00714349	0.016511	0.0127318	0.0763574	0.0912903	0.0898445	0.00376146	0.366827
51	0.00560182	0.0054976	0.000469343	0.000663546	0.000631425	0.00104487	0.00084859	0.00102453	0.00080038	0.00142854	0.00278643	0.00184144	0.00210195	0.00114684	0.00208416	0.0148669	0.954128	0.00250263	0.000149456	0.000381379
52	0.462392	0.00127851	0.00155729	0.00269057	0.00142596	0.0125261	0.00123117	0.00201482	0.00306019	0.00838176	0.00205952	0.00369968	0.143092	0.0999009	0.00189725	0.222167	0.0224157	0.00683426	0.000549908	0.000826115
53	0.00150853	0.000941653	0.000380718	0.00228469	0.0754683	0.000487582	0.00583099	0.000596545	0.00054882	0.00494654	0.00132974	0.0014367	0.000200193	0.000605245	0.000439748	0.00230792	0.00155191	0.000681152	0.0185663	0.879887
54	0.0041796	0.00375446	0.000333798	0.000678491	0.00036738	0.00124751	0.000439708	0.000566133	0.000504141	0.000924805	0.00231339	0.00121757	0.0019805	0.000785026	0.00187578	0.010354	0.966506	0.00162007	0.000128059	0.000223767
55	0.0262976	0.00231472	0.00182123	0.00143331	0.0021223	0.00107627	0.000570195	0.00496731	0.00142812	0.00581506	0.00142768	0.000901788	0.918446	0.0019588	0.00264481	0.0125134	0.00618388	0.00583112	7.5959e-05	0.00217001
56	0.002351	0.00103285	0.000459234	0.00218049	0.0940757	0.000700313	0.00625174	0.00186948	0.000549785	0.00647518	0.00177612	0.00187893	0.000409356	0.000862393	0.000791614	0.00251332	0.00183881	0.00139018	0.0183672	0.854226
57	0.0201096	0.000719403	0.000717494	0.00130952	0.000839463	0.00729608	0.00111659	0.00112006	0.00117222	0.00308184	0.00436742	0.00581339	0.00333931	0.90331	0.00107723	0.0345518	0.0042976	0.00491187	0.000254624	0.000594632
58	0.692088	0.000852872	0.000688885	0.000925646	0.000567344	0.0203812	0.000679279	0.000975494	0.000956793	0.00151052	0.000864698	0.00132813	0.0874979	0.00534803	0.000803018	0.162277	0.0130845	0.00846924	0.000212793	0.000488989
59	0.00161007	0.00034338	0.00190998	0.960726	0.000511388	0.00070316	0.00216656	0.000413058	0.000504119	0.000923163	0.00217948	0.000630878	0.000208916	0.021246	0.000889639	0.00091626	0.00111156	0.000646972	0.000246967	0.00211219
60	0.015777	0.011212	0.00120669	0.000290896	0.00599815	0.00032682	0.000256285	0.753129	0.000435974	0.0577771	0.0172012	0.00189257	0.000186575	0.00282904	0.000298545	0.00266655	0.0016413	0.125594	0.00104226	0.000238319
61	0.143822	0.0135438	0.000669046	0.000821984	0.000708535	0.000884688	0.000664213	0.00100792	0.000951246	0.00162249	0.000933903	0.00109526	0.000453673	0.00340016	0.00506532	0.806835	0.011022	0.00569885	0.000226146	0.00057437
62	0.0201526	0.000836809	0.000883851	0.000962061	0.000706043	0.00708171	0.000822659	0.00107788	0.00140829	0.003126	0.00478103	0.00580466	0.00311389	0.904696	0.0011057	0.0333883	0.00417765	0.00507323	0.000250615	0.000551113
63	0.00791811	0.000141859	0.00260336	0.000462313	0.000137914	0.973784	0.000150525	0.000205364	0.000426718	0.000833352	0.00092417	0.0026805	0.000762338	0.00054561	0.00042235	0.00715741	0.000342311	0.000291568	3.40899e-05	0.000175934
64	0.00138961	0.00229226	0.00036352	0.000391774	0.00029225	0.000474579	0.00161929	0.000455547	0.00891952	0.00284434	0.00265082	0.00102981	0.000208687	0.00274439	0.963353	0.00517913	0.00464618	0.000737765	8.25896e-05	0.000325284
65	0.00404884	0.00121723	0.000209428	0.000605209	0.0125661	0.000372357	0.000219734	0.014419	0.000490456	0.813376	0.126475	0.000772202	0.000465516	0.00281997	0.000362891	0.00306612	0.002218	0.0132376	0.00205346	0.00100458
66	0.001189	0.000299694	0.00183037	0.96355	0.000254097	0.00038747	0.00205486	0.000395592	0.000440057	0.000706447	0.00218895	0.000472595	0.000205409	0.0212042	0.000444295	0.00082599	0.000768578	0.000597902	8.8853e-05	0.00209526
67	0.191459	0.00582636	0.00535592	0.00657004	0.00497377	0.108088	0.00553488	0.008011	0.0178735	0.0929191	0.251165	0.0102342	0.00365213	0.0136663	0.00921466	0.229812	0.0153002	0.0134456	0.00185493	0.00504325
68	0.0112339	0.00446619	0.000523187	0.000424617	0.0110649	0.000484151	0.000955378	0.287414	0.00257109	0.470081	0.123573	0.0011018	0.00466267	0.0025347	0.00227035	0.00423042	0.00613526	0.0620677	0.00145193	0.00275367
69	0.0169252	0.00432086	0.000482675	0.00185805	0.121556	0.00249293	0.00285579	0.172239	0.00392245	0.42499	0.0761526	0.00148454	0.00105278	0.00798688	0.00545611	0.00266499	0.0181405	0.116878	0.00391325	0.0146279
70	0.016565	0.00408482	0.00965675	0.00703633	0.00320353	0.00660632	0.0154933	0.0479922	0.0082441	0.00799103	0.00786027	0.737392	0.00237381	0.0104941	0.00537479	0.0172443	0.0434136	0.0173541	0.00160096	0.0300188
71	0.00191899	0.000480921	0.000559504	0.00124903	0.752681	0.000566788	0.00973583	0.00347804	0.000616648	0.00260149	0.000629246	0.000839738	0.000303883	0.000720885	0.000625528	0.00229135	0.0011629	0.00103799	0.000288568	0.218211
72	0.0203468	0.000811987	0.00150586	0.00191048	0.000760274	0.00710184	0.00114492	0.00104967	0.00173861	0.00396007	0.00611819	0.00582799	0.00384912	0.897554	0.00139578	0.0337781	0.00483696	0.00543076	0.000249829	0.000629262
73	0.0216818	0.0112449	0.052551	0.0641835	0.0032852	0.020917	0.0177316	0.006454	0.0311835	0.0159231	0.010975	0.070007	0.00244155	0.194703	0.0214551	0.0630075	0.364949	0.0200587	0.00153543	0.00571184
74	0.0236983	0.00784425	0.000620451	0.000572657	0.000449876	0.00341194	0.000571088	0.0197514	0.000671418	0.126827	0.655121	0.00417233	0.000341182	0.00104106	0.000770047	0.00166295	0.0244656	0.127319	0.000222063	0.000466334
75	0.0203954	0.00995514	0.000342005	0.000480532	0.00318448	0.000430632	0.000424041	0.415626	0.00122605	0.0202141	0.00796826	0.00648334	0.000205783	0.000637042	0.00047693	0.00572258	0.0433146	0.462273	0.000127463	0.00051225
76	0.131875	0.0666308	0.00143126	0.00160251	0.00144543	0.0217626	0.00156343	0.0932147	0.0112619	0.0232416	0.0657912	0.00250814	0.000884879	0.0339462	0.00252139	0.327376	0.179092	0.0321437	0.000501982	0.00120512
77	0.032306	0.000484807	0.466639	0.332641	0.00219866	0.00533534	0.0154247	0.000636359	0.02191	0.00329862	0.00263435	0.0393777	0.000218186	0.0192085	0.0025979	0.0420447	0.00739695	0.00297122	0.000156623	0.00251939
78	0.003229	0.00113388	0.000201846	0.000261976	0.0112457	0.000282196	0.000187934	0.0132513	0.00028152	0.871414	0.0765545	0.000422963	0.000187748	0.0015841	0.000247398	0.00341339	0.000693361	0.0118392	0.0025501	0.0010183
79	0.00291681	0.00174973	0.000323023	0.000389016	0.000266064	0.000403958	0.000358724	0.000452072	0.000475757	0.000908184	0.00225131	0.000986658	0.00200649	0.000539492	0.00186451	0.00843498	0.974727	0.00061058	0.000127026	0.00020897
80	0.29056	0.00138502	0.00167443	0.00332206	0.00071327	0.619138	0.00124073	0.00235933	0.0164203	0.00335277	0.00130166	0.00164835	0.00910613	0.011425	0.0114054	0.0140903	0.00359484	0.00626974	0.000267862	0.000724579
81	0.00810135	0.00296179	0.000350812	0.00252763	0.025221	0.000441314	0.000352793	0.013246	0.000533418	0.495306	0.411725	0.00249901	0.00235522	0.00908807	0.000493678	0.00109723	0.0093773	0.0137167	0.000111536	0.000493297
82	0.130339	0.00141533	0.161578	0.194833	0.00116985	0.0020926	0.0102674	0.00195111	0.0472993	0.00309211	0.00204828	0.00227168	0.37439	0.0106429	0.00207598	0.039877	0.00419496	0.00864321	0.000544602	0.00127331
83	0.0152031	0.00149029	0.00033611	0.00074083	0.0264842	0.000443587	0.00284361	0.314098	0.0049827	0.292955	0.0724357	0.00147889	0.00111255	0.00418739	0.00742697	0.0032923	0.0211237	0.214477	0.00207314	0.0128146
84	0.717247	0.0115721	0.000294195	0.000331843	0.00239335	0.0171296	0.000342811	0.00130148	0.000452188	0.00138595	0.00171517	0.00396609	0.000978167	0.00102841	0.00042525	0.205438	0.0269158	0.00665392	0.000118831	0.000309326
85	0.0856204	0.00413531	0.0105421	0.00644094	0.0021279	0.129787	0.0032178	0.0050558	0.0104407	0.0048511	0.00489564	0.543754	0.00318121	0.0066122	0.00571269	0.126609	0.0173025	0.0271602	0.000682618	0.00187128
86	0.721873	0.0170023	0.000454308	0.000381389	0.00194959	0.0323325	0.000496851	0.00163274	0.000715479	0.00337994	0.00238766	0.00505412	0.000934133	0.00200203	0.00114295	0.182391	0.0204238	0.00488682	0.000195399	0.00036393
87	0.0695768	0.00867298	0.00148316	0.00150448	0.00079935	0.00351093	0.00129242	0.00125829	0.00109004	0.00456839	0.00123764	0.0126441	0.00265167	0.00315651	0.00246609	0.798797	0.0795157	0.00385286	0.000631892	0.00128935
88	0.00308242	0.00103208	0.000194227	0.000222893	0.0101129	0.000278809	0.00019308	0.0129529	0.000278695	0.88112	0.0691236	0.000360645	0.000140829	0.00140882	0.000253847	0.00347386	0.000520711	0.0117376	0.0025301	0.000982165
89	0.00318996	0.00106338	0.000234079	0.000251542	0.0102296	0.000333774	0.000238724	0.0148479	0.000387	0.874789	0.0701849	0.00042921	0.00256651	0.00163361	0.000271666	0.00346064	0.000693322	0.0117569	0.00244379	0.000994379
90	0.0047225	0.00388033	0.951072	0.00845722	0.000354543	0.000448715	0.00114087	0.00037848	0.000383885	0.00143939	0.000438619	0.0149871	0.000187132	0.00391947	0.000393644	0.00444211	0.000773027	0.00224687	7.53764e-05	0.000259002
91	0.00187742	0.000336135	0.00224211	0.96076	0.000262339	0.000521843	0.00207315	0.000439622	0.00053113	0.000798176	0.00219539	0.00052408	0.000211011	0.0217946	0.000492887	0.00124058	0.000920815	0.000603232	8.95252e-05	0.0020856
92	0.596142	0.00352288	0.000888433	0.00116076	0.000736141	0.316465	0.000920138	0.00493617	0.00597163	0.00239311	0.00120997	0.00148993	0.0206407	0.00397937	0.00416496	0.0256739	0.00461744	0.00390076	0.00040951	0.0007776
93	0.0445561	0.00985534	0.00191073	0.002009	0.00248905	0.0063101	0.0037257	0.00305455	0.00302999	0.00696934	0.0023211	0.0169343	0.0113467	0.00473183	0.00343763	0.642533	0.223914	0.00756936	0.000690417	0.00261128
94	0.755133	0.010117	0.000445776	0.000498636	0.00145859	0.0229301	0.000416872	0.00117852	0.000937483	0.00192747	0.00151877	0.00281086	0.0157049	0.00219991	0.000668936	0.155738	0.020277	0.00554795	0.000117267	0.000373052
95	0.449242	0.159259	0.00141201	0.00128156	0.00382067	0.0224491	0.00161377	0.0440836	0.0173674	0.0233568	0.00988356	0.0108614	0.000800965	0.00268337	0.00918114	0.0732507	0.0521363	0.114704	0.000474156	0.00213961
96	0.750847	0.0152168	0.00124598	0.000834222	0.000763688	0.114945	0.00094589	0.00241449	0.00180087	0.00272369	0.00193121	0.00311228	0.00276437	0.0018419	0.00173004	0.080235	0.0102791	0.00581808	0.00017719	0.000373217
97	0.00846565	0.000371748	0.0407934	0.892587	0.000404212	0.00151196	0.00331226	0.000632498	0.00526501	0.00108596	0.00242213	0.0041284	0.000401373	0.024902	0.00186081	0.00591824	0.0024978	0.00124385	0.000100527	0.0020949
98	0.743424	0.0267342	0.00120233	0.000611897	0.00070645	0.129413	0.000951964	0.00249707	0.00189403	0.004011	0.00235239	0.0033491	0.00184084	0.00113062	0.00219773	0.0611121	0.0110426	0.00492568	0.000188596	0.00041426
99	0.0238282	0.00783671	0.000618945	0.000581458	0.000454284	0.00342085	0.000628973	0.019537	0.000712984	0.126259	0.655137	0.0043019	0.000342141	0.00117071	0.000854896	0.00166666	0.0242734	0.127665	0.000224254	0.000486044
100	0.249068	0.0221931	0.00163758	0.0017647	0.0308776	0.0865709	0.0186494	0.0116965	0.00806727	0.0594126	0.0308692	0.00823808	0.00296098	0.0431811	0.0271292	0.131935	0.229886	0.0236046	0.000485349	0.0117725
101	0.0077471	0.00291693	0.000338253	0.00234214	0.0244101	0.000426813	0.000335607	0.0139326	0.00050581	0.518678	0.39054	0.00230594	0.00220908	0.00846987	0.000472191	0.00123876	0.00873346	0.013587	0.000261446	0.000549351
102	0.0175586	0.00948411	0.0092393	0.00151488	0.340564	0.00988291	0.124639	0.0303401	0.00237578	0.150309	0.0208624	0.0212229	0.000948944	0.0105282	0.00227039	0.0126963	0.00469214	0.00391442	0.00435944	0.222596
103	0.0702207	0.00301618	0.0531168	0.0260693	0.00251558	0.00916544	0.0182831	0.00490207	0.0179706	0.0237247	0.00332433	0.00601254	0.635169	0.0108198	0.0307503	0.0397062	0.0308487	0.00673601	0.0011103	0.00653833
104	0.0401154	0.00253969	0.00194464	0.00389332	0.00156478	0.00820613	0.00329786	0.00227988	0.00528721	0.00628369	0.00517851	0.0185146	0.00511009	0.800373	0.00356229	0.07343	0.0103375	0.00570432	0.000473092	0.00190368
105	0.073836	0.0920841	0.00373231	0.00473009	0.00782293	0.0088326	0.00276757	0.0273366	0.00333925	0.00659025	0.00487971	0.067134	0.00175591	0.00497605	0.00364731	0.171704	0.39766	0.11375	0.000806732	0.00261479
106	0.0320961	0.00116266	0.000656837	0.0060566	0.00466778	0.00100897	0.00134462	0.374012	0.027426	0.338965	0.0354749	0.00381536	0.000654656	0.00710004	0.0223094	0.00528936	0.0204749	0.109548	0.00493047	0.00300617
107	0.210088	0.00209895	0.223493	0.20288	0.00182579	0.0331237	0.00236872	0.00286091	0.00442558	0.00475424	0.00318533	0.0313812	0.00262216	0.00525521	0.0163497	0.227205	0.0195299	0.00439585	0.000574534	0.00158199
108	0.019781	0.0209575	0.000373973	0.00616803	0.00807766	0.000904127	0.00278991	0.136534	0.00246107	0.0623863	0.0374176	0.000879688	0.000255658	0.00510912	0.000438629	0.00130008	0.0115173	0.679204	0.00175304	0.00169149
109	0.020535	0.0102288	0.000392229	0.000766865	0.00555905	0.000549745	0.000824369	0.368013	0.00286451	0.27409	0.165564	0.00087567	0.00569767	0.00169118	0.00244451	0.00447882	0.0115554	0.122051	0.000332023	0.00148622
110	0.0392357	0.00183254	0.012067	0.0411442	0.000916509	0.0132671	0.00975592	0.0267722	0.248244	0.0293414	0.0068418	0.0178827	0.000474764	0.106573	0.313363	0.0328676	0.0422231	0.05115	0.000227163	0.00582034
111	0.0568734	0.00745536	0.0159339	0.0670772	0.00373626	0.179169	0.00916258	0.00779544	0.0111405	0.0102693	0.00623163	0.0453986	0.00388903	0.0491481	0.0085112	0.121815	0.34206	0.0490965	0.00153828	0.00369927
112	0.0187573	0.00369525	0.00201167	0.0103147	0.00156445	0.0050528	0.0235423	0.00614804	0.184722	0.0100504	0.00534108	0.0147091	0.000704553	0.041093	0.580391	0.0386575	0.0307173	0.0127521	0.000991776	0.00878373
113	0.652964	0.0407667	0.000882304	0.000823018	0.0013247	0.0339815	0.000942478	0.010702	0.00142387	0.0156898	0.0100397	0.00629766	0.00043835	0.00983215	0.00394661	0.173899	0.0264273	0.00882439	0.000236597	0.000557622
114	0.0987726	0.00208028	0.106045	0.354188	0.000474179	0.019805	0.0127679	0.014344	0.106439	0.0112221	0.00150169	0.0420102	0.00551884	0.0627314	0.0305384	0.0449968	0.0441011	0.0350117	0.00153642	0.00591491
115	0.0582242	0.00126201	0.00130259	0.0239886	0.0779681	0.0159095	0.00168126	0.239594	0.00988351	0.206388	0.135525	0.00257744	0.000942825	0.0534863	0.023815	0.00357478	0.0455596	0.0535856	0.000658699	0.0440728
116	0.011034	0.000548706	0.0620483	0.0107119	0.000623407	0.791618	0.000842371	0.000887012	0.0081298	0.00143276	0.00105148	0.0628711	0.000514881	0.00268067	0.00224505	0.0323125	0.00427722	0.00142966	0.000231428	0.00450986
117	0.0114161	0.00930536	0.0026578	0.000346154	0.0125837	0.000467056	0.000442895	0.744006	0.000511756	0.0733429	0.0284678	0.00474265	0.000300729	0.00367255	0.000443494	0.00332408	0.00203357	0.0990553	0.00254651	0.000333447
118	0.0982023	0.002123	0.106243	0.354611	0.000484878	0.0197947	0.0127486	0.0143071	0.106624	0.0112166	0.00150172	0.0421936	0.00553072	0.0626809	0.0304661	0.0449051	0.0440799	0.0348938	0.00153488	0.00585855
119	0.0147293	0.000903977	0.000277929	0.000323986	0.00962167	0.000391009	0.000305436	0.417917	0.000421807	0.16449	0.0293582	0.0004911	0.000172732	0.000471277	0.00100828	0.000742231	0.0120856	0.345318	9.02582e-05	0.000880484
120	0.0184861	0.0040669	0.0108037	0.110554	0.00133951	0.00215695	0.00163038	0.182424	0.0369407	0.0704272	0.00243486	0.0118978	0.000979335	0.0340938	0.0772073	0.0234455	0.0160521	0.39312	0.000508303	0.001432
121	0.110247	0.187131	0.00394592	0.00436058	0.148188	0.00820461	0.00394605	0.0497889	0.00490667	0.00884518	0.0343287	0.0328192	0.00296443	0.00633043	0.00504959	0.123574	0.0371839	0.150315	0.00129654	0.0765737
122	0.642225	0.029023	0.0011198	0.00140813	0.00101033	0.222389	0.000736957	0.00311616	0.00281166	0.00886052	0.00300939	0.00142019	0.00284328	0.00206563	0.00187438	0.0551193	0.00849358	0.011807	0.000252824	0.000413828
123	0.0855825	0.0635427	0.000594985	0.0006538	0.0382589	0.00412104	0.0017197	0.122122	0.00171013	0.074413	0.065484	0.00176527	0.000384219	0.00103363	0.00073353	0.00236333	0.0154155	0.512689	0.000259342	0.0071535
124	0.010668	0.000970763	0.00033066	0.000484524	0.0366093	0.000524648	0.00597294	0.225331	0.00567548	0.446218	0.0654535	0.00167043	0.00134522	0.00638196	0.00676402	0.00339035	0.0139796	0.140532	0.00389055	0.0238072
125	0.0410544	0.0102135	0.000712024	0.000797609	0.163747	0.00381883	0.000736306	0.103072	0.00119855	0.377124	0.0282858	0.00133242	0.000606164	0.00396806	0.00102381	0.00189313	0.0141486	0.242711	0.000275216	0.00328159
126	0.159689	0.00269262	0.00432956	0.00548163	0.00291052	0.0118814	0.00346398	0.00407547	0.00645609	0.0253889	0.00582603	0.0127385	0.111244	0.383787	0.00507323	0.217006	0.0272829	0.00650036	0.00141207	0.00276124
127	0.0235754	0.0755586	0.0112097	0.00625324	0.0814263	0.0123324	0.00700495	0.00952181	0.0189986	0.0966092	0.036159	0.0983201	0.00387443	0.127322	0.0181268	0.0625547	0.0614342	0.0153656	0.0523344	0.182018
128	0.0274729	0.00282099	0.00126569	0.000722966	0.00204535	0.00107377	0.00115174	0.010314	0.000619763	0.0122557	0.00297871	0.00138353	0.886284	0.00074901	0.00124558	0.0125984	0.0149595	0.0179392	9.52961e-05	0.00202385
129	0.0470126	0.00150379	0.308079	0.0238891	0.00115482	0.153957	0.0257805	0.00179728	0.00224163	0.00306392	0.00215539	0.222855	0.0118838	0.00869935	0.00240259	0.0992473	0.0794176	0.00316643	0.000438742	0.00125438
130	0.32778	0.106692	0.000866932	0.000972326	0.00076458	0.00277754	0.00101946	0.180491	0.00137826	0.0103229	0.00215388	0.00335587	0.000567979	0.00154379	0.00119019	0.040347	0.0840449	0.232669	0.00022872	0.000833288
131	0.0888494	0.0690589	0.000634157	0.000690938	0.0352018	0.0039034	0.00178125	0.122316	0.00177772	0.0702914	0.0701675	0.0017958	0.000703749	0.00102321	0.000744087	0.0026631	0.0201298	0.501451	0.000253285	0.00656374
132	0.24371	0.0227812	0.0216269	0.0428122	0.00269702	0.102654	0.00289502	0.0270128	0.00445927	0.00637217	0.00970793	0.0477444	0.00200653	0.007194	0.00401724	0.176818	0.0822937	0.189388	0.00117936	0.00263136
133	0.112691	0.185252	0.000642223	0.000769678	0.0138866	0.00616991	0.000865393	0.0146494	0.00118034	0.00165121	0.00648321	0.0122122	0.000517419	0.00138635	0.00114846	0.129145	0.435473	0.0750108	0.000230716	0.000635368
134	0.00469226	0.00388758	0.951638	0.00843492	0.000354863	0.000335261	0.00109841	0.00037848	0.000383886	0.00143964	0.000438987	0.0147878	0.000185929	0.00389872	0.000390823	0.00437263	0.000712574	0.00223498	7.53764e-05	0.000258725
135	0.0067427	0.00197081	0.00168748	0.00198817	0.0133672	0.00220729	0.00194009	0.096064	0.00212285	0.667883	0.0229323	0.00283168	0.154705	0.0039861	0.00244968	0.00645048	0.00472255	0.00359161	0.00053249	0.00182456
136	0.00308242	0.00103208	0.000194227	0.000222893	0.0101129	0.000278809	0.00019308	0.0129529	0.000278695	0.88112	0.0691236	0.000360645	0.000140829	0.00140882	0.000253847	0.00347386	0.000520711	0.0117376	0.0025301	0.000982165
137	0.71142	0.0131231	0.000288786	0.000340337	0.00255858	0.0180558	0.00036052	0.00128626	0.000479201	0.00146441	0.00163792	0.00423763	0.0011714	0.00113845	0.000454585	0.20961	0.0251841	0.00676114	0.000120595	0.000307392
138	0.0133833	0.00301389	0.00140882	0.00256187	0.0115846	0.00192615	0.0014698	0.0473053	0.00738307	0.740094	0.0787645	0.00261159	0.005494	0.016464	0.00406467	0.0258825	0.0058433	0.0247922	0.0034454	0.00250718
139	0.301131	0.094813	0.00237929	0.00231407	0.015428	0.00417199	0.0025484	0.00337039	0.00346082	0.0845564	0.0211503	0.00453667	0.00277637	0.00543592	0.00286166	0.0166358	0.355459	0.0742665	0.000864226	0.00184058
140	0.0384377	0.0068543	0.000677564	0.00225309	0.0162779	0.00114014	0.00267411	0.174523	0.0259972	0.440359	0.100718	0.00279321	0.00167043	0.0109427	0.0105788	0.0156858	0.0211934	0.118167	0.00158288	0.00747346
141	0.0239183	0.00229605	0.000460052	0.00192496	0.036079	0.00138805	0.00421873	0.222279	0.0101552	0.400961	0.0906011	0.00340941	0.00175845	0.0104137	0.010247	0.00550737	0.0222233	0.131919	0.0028309	0.0174096
142	0.068058	0.00130751	0.0166572	0.0761822	0.00106041	0.00213504	0.00243437	0.0122561	0.407125	0.00363106	0.0126028	0.00277286	0.00107987	0.0442057	0.105044	0.00964805	0.178325	0.0539245	0.000413393	0.00113758
143	0.267865	0.00223185	0.00243299	0.019572	0.00172405	0.0119488	0.0119676	0.0039101	0.00490373	0.00991491	0.00262996	0.0201602	0.267055	0.0129975	0.00355417	0.26138	0.078239	0.013427	0.00107434	0.00301176
144	0.0301346	0.00244117	0.00133011	0.000891548	0.00213263	0.00153793	0.000875946	0.00584801	0.000784974	0.00681224	0.00166476	0.00112142	0.90645	0.00174398	0.00155583	0.0137395	0.00899801	0.0096806	8.2736e-05	0.00217352
145	0.230538	0.0103731	0.0271834	0.00910191	0.00137245	0.346261	0.0110418	0.00274167	0.0445885	0.00506396	0.00385662	0.0236336	0.00202882	0.00704883	0.0567518	0.19228	0.0158002	0.00782145	0.000685454	0.00182789
146	0.114184	0.00198596	0.110091	0.306713	0.000748485	0.0196903	0.0110176	0.0106657	0.101638	0.0109627	0.00165693	0.0375734	0.0262742	0.0584984	0.0274632	0.0747411	0.0498897	0.0302198	0.00126423	0.00472192
147	0.00563546	0.0141816	0.0014349	0.00107137	0.245937	0.0015675	0.00119664	0.079205	0.00164441	0.268183	0.159688	0.0023066	0.000610607	0.0281366	0.00137916	0.00315588	0.00306269	0.0209139	0.135121	0.0255683
148	0.0633303	0.00591296	0.115435	0.0581816	0.00376093	0.404078	0.0123376	0.00745184	0.0408245	0.0113104	0.00596081	0.0535082	0.00637263	0.0647791	0.0591033	0.0505655	0.021411	0.00897854	0.00146739	0.00523056
149	0.422595	0.0523645	0.0016752	0.00143159	0.0498724	0.00558807	0.00192917	0.0514166	0.00224228	0.0368274	0.0258241	0.00372154	0.00111966	0.00248645	0.00222818	0.0189233	0.0146757	0.297813	0.000696804	0.0065695
150	0.00469226	0.00388758	0.951638	0.00843492	0.000354863	0.000335261	0.00109841	0.00037848	0.000383886	0.00143964	0.000438987	0.0147878	0.000185929	0.00389872	0.000390823	0.00437263	0.000712574	0.00223498	7.53764e-05	0.000258725
151	0.0464662	0.0432695	0.000398664	0.00081301	0.0321757	0.00201069	0.00247764	0.222752	0.00193913	0.0492682	0.070106	0.00244218	0.000323988	0.00114542	0.0005496	0.00324297	0.0178178	0.49657	0.000317057	0.00591426
152	0.650937	0.0364349	0.000691451	0.000824814	0.0041669	0.00354795	0.000712946	0.00902471	0.000945517	0.00943042	0.00709456	0.00100996	0.000455234	0.00120548	0.00105578	0.0272296	0.0149853	0.229468	0.0002575	0.00052221
153	0.0494562	0.0342056	0.000533006	0.000692895	0.0749155	0.00233794	0.00234327	0.157072	0.00200675	0.116422	0.0514107	0.00234292	0.000530317	0.00120348	0.00101548	0.00290214	0.0136702	0.476109	0.000244929	0.0105851
154	0.00706258	0.000132208	0.0029059	0.000433233	0.000120878	0.974069	0.000141816	0.000204463	0.000363739	0.000793095	0.000893737	0.0030157	0.000755237	0.000413753	0.000349939	0.0074775	0.000364082	0.000256041	4.0877e-05	0.000206008
155	0.0137379	0.0061089	0.00081041	0.000987606	0.000658905	0.00109892	0.00474951	0.00121537	0.00116951	0.00185108	0.00115768	0.172449	0.0143347	0.0123886	0.00099327	0.674217	0.0796306	0.00158131	0.00527117	0.00558814
156	0.457141	0.00307757	0.000746344	0.00101085	0.00517119	0.00442697	0.000992514	0.00524576	0.00119924	0.00186202	0.0121716	0.00890888	0.000559292	0.00192106	0.00122712	0.308817	0.165164	0.0192355	0.000339556	0.000782826
157	0.0505356	0.00348052	0.00368606	0.00730351	0.00249559	0.00965245	0.00366719	0.00381976	0.00560498	0.00818031	0.00642202	0.0078898	0.00334414	0.81458	0.00400771	0.0308425	0.010242	0.0215029	0.000638452	0.00210401
158	0.00298082	0.00394039	0.000484471	0.00130697	0.000458242	0.000992814	0.0023363	0.0010713	0.0143061	0.00346573	0.00266418	0.00207088	0.000394219	0.00421066	0.941409	0.00869089	0.00683005	0.00136818	0.000151443	0.000867019
159	0.00467259	0.00255818	0.00119443	0.00468547	0.779747	0.00163726	0.00139123	0.00333352	0.00176799	0.142988	0.00529709	0.00206319	0.000746306	0.00223607	0.00146419	0.00453399	0.00306475	0.00262788	0.00123543	0.0327548
160	0.00703999	0.000158241	0.00335146	0.000542223	0.000140208	0.971855	0.000154724	0.000212261	0.000526255	0.000805348	0.00091329	0.0034209	0.000750872	0.000530462	0.000435224	0.00771504	0.000840323	0.000291142	4.07292e-05	0.000276134
161	0.0147469	0.000983655	0.000289329	0.000425737	0.00956198	0.000428039	0.000315235	0.417132	0.000449172	0.163944	0.0303474	0.000511838	0.00018333	0.000508353	0.00103026	0.000899524	0.0130539	0.344206	9.61674e-05	0.000887662
162	0.0407927	0.00157756	0.0113196	0.0145372	0.00189827	0.00408169	0.00118403	0.00325874	0.0109569	0.00827683	0.00194149	0.00265939	0.823508	0.00781086	0.0160671	0.0307238	0.0114649	0.00404129	0.000144983	0.00375497
163	0.00810135	0.00296179	0.000350812	0.00252763	0.025221	0.000441314	0.000352793	0.013246	0.000533418	0.495306	0.411725	0.00249901	0.00235522	0.00908807	0.000493678	0.00109723	0.0093773	0.0137167	0.000111536	0.000493297
164	0.0330796	0.0705602	0.00729747	0.00800005	0.11833	0.140912	0.00785835	0.0142762	0.0108162	0.0271686	0.101247	0.103162	0.00470269	0.0191051	0.0111737	0.157794	0.0253488	0.024785	0.00704094	0.107341
165	0.0186782	0.00153308	0.00368438	0.000730132	0.463724	0.00348512	0.0171148	0.0152414	0.00200554	0.0399377	0.00793585	0.00868111	0.00193634	0.00100518	0.00353122	0.004678	0.00296606	0.00716203	0.0126173	0.383353
166	0.0226136	0.000278849	0.00199799	0.000476839	0.000158855	0.955307	0.000179834	0.000427838	0.00151374	0.00104797	0.000985805	0.00204604	0.00200195	0.00110114	0.00107198	0.00725343	0.000549078	0.000778292	4.52973e-05	0.000164892
167	0.0210396	0.000286202	0.00194089	0.000378654	0.000161569	0.958832	0.000161735	0.000248734	0.00135843	0.00103732	0.000849345	0.00192003	0.00121438	0.00101366	0.00109707	0.00715836	0.000388579	0.000693891	4.94208e-05	0.000170457
168	0.0320848	0.00214343	0.00104878	0.000405308	0.0035195	0.00202471	0.000719849	0.00443494	0.00114355	0.00672833	0.00212781	0.00175046	0.910533	0.00337696	0.00206215	0.0133658	0.004853	0.00544307	8.18196e-05	0.00215235
169	0.0354401	0.00968844	0.00883668	0.0139368	0.00758316	0.00974449	0.542064	0.00743605	0.0185901	0.0151081	0.00829417	0.0507925	0.00362157	0.0790271	0.0263191	0.115237	0.0246939	0.0113214	0.0010214	0.0112438
170	0.681403	0.00138631	0.00186641	0.00237682	0.000601604	0.0239698	0.0012386	0.00124839	0.00151283	0.00185148	0.00100684	0.00224243	0.0863056	0.00578522	0.00142962	0.161978	0.0137763	0.00904979	0.000229862	0.000740681
171	0.652621	0.00624987	0.000750439	0.000891283	0.000570499	0.270752	0.000739225	0.00532793	0.00534197	0.0017964	0.000980528	0.00115594	0.0140942	0.00374741	0.00357537	0.0216637	0.00521519	0.0036871	0.00026219	0.000577699
172	0.00191899	0.000480921	0.000559504	0.00124903	0.752681	0.000566788	0.00973583	0.00347804	0.000616648	0.00260149	0.000629246	0.000839738	0.000303883	0.000720885	0.000625528	0.00229135	0.0011629	0.00103799	0.000288568	0.218211
173	0.0068395	0.0160358	0.000767622	0.000759733	0.351206	0.00122974	0.000674245	0.105238	0.000834218	0.278444	0.122934	0.00110943	0.000498235	0.0070215	0.000846482	0.00177182	0.0035963	0.0442413	0.0329493	0.0230027
174	0.633437	0.00862322	0.000519789	0.000528757	0.00292865	0.00957117	0.000470811	0.00208013	0.000568571	0.00118761	0.00369826	0.00480976	0.00238042	0.000866736	0.000800135	0.248411	0.066171	0.0123326	0.000163069	0.000450926
175	0.110991	0.196365	0.000643057	0.000733785	0.0147794	0.00659795	0.000802641	0.016641	0.0011265	0.00204402	0.00712	0.0111807	0.000515548	0.00145257	0.00106536	0.124531	0.426174	0.076278	0.000238302	0.000720081
176	0.0264542	0.00552351	0.00152777	0.0185855	0.0012097	0.00910735	0.0279509	0.00821251	0.257237	0.0115817	0.00277196	0.0238106	0.000527307	0.0651362	0.382404	0.0802962	0.0528727	0.0178918	0.000152824	0.00674659
177	0.0329175	0.000384673	0.470963	0.328719	0.00215617	0.0049505	0.015984	0.000432371	0.0237546	0.00318292	0.00271091	0.0390798	0.000186319	0.0214278	0.00295669	0.0373054	0.00745668	0.00300996	0.000116143	0.00230601
178	0.272479	0.00441259	0.0849969	0.0908396	0.000537799	0.083455	0.0103154	0.00100506	0.143648	0.0105679	0.00206487	0.0680724	0.00378681	0.0359219	0.0303988	0.124969	0.0243963	0.005674	0.000244891	0.00221448
179	0.0143957	0.0129479	0.0125247	0.00184943	0.350096	0.0127791	0.121343	0.0433684	0.00225208	0.164905	0.0260075	0.0218063	0.00115519	0.0134155	0.00239731	0.0165351	0.00492611	0.00426794	0.00150716	0.171521
180	0.042669	0.0382614	0.0221527	0.0636577	0.00299153	0.0274777	0.0630662	0.00788709	0.201518	0.0131593	0.00665513	0.00656202	0.00286761	0.135789	0.0182509	0.0429967	0.188094	0.086368	0.00238097	0.0271959
181	0.00190831	0.0022877	0.000537203	0.000525673	0.000438456	0.000595535	0.00171001	0.000577096	0.0143813	0.00378213	0.00300388	0.00120008	0.000319136	0.00439917	0.95072	0.00607316	0.0058817	0.00123431	7.90616e-05	0.00034613
182	0.114779	0.00207254	0.0359476	0.00778019	0.048097	0.014602	0.0143828	0.0158508	0.0780619	0.117571	0.0695139	0.0609634	0.00342042	0.0664721	0.0442671	0.231941	0.0553259	0.0165941	0.000649732	0.00170794
183	0.0147534	0.00749165	0.000460087	0.000541498	0.000589036	0.000513095	0.000462384	0.407718	0.00067712	0.287176	0.199069	0.000673078	0.00705965	0.00109466	0.000627232	0.00444979	0.00466085	0.0614637	0.000162911	0.000356913
184	0.0313104	0.00200499	0.00279778	0.0027813	0.00268673	0.00169772	0.000716433	0.00432111	0.00242762	0.00680963	0.00176587	0.00134842	0.90306	0.0032176	0.00336171	0.0149554	0.0058615	0.00542702	9.37518e-05	0.00335483
