237	20
1	0.0826258	0.000973785	0.306287	0.251775	0.00468807	0.0540952	0.0157232	0.0115738	0.0376441	0.0207404	0.00757594	0.0601861	0.00625999	0.0591698	0.00342702	0.0355518	0.0256163	0.0144044	0.000267383	0.00141551
2	0.39398	0.0356623	0.00022826	0.000405542	0.00111962	0.154154	0.000298498	0.0030519	0.0019888	0.00195571	0.00410516	0.00907773	0.000833678	0.00207713	0.00032798	0.296299	0.0589671	0.0333816	0.00150109	0.000584717
3	0.0182599	0.017072	0.000315373	0.00598082	0.165607	0.0100167	0.00190007	0.103399	0.000430718	0.478631	0.111095	0.000735765	0.00134709	0.000776578	0.000367207	0.00681746	0.0220576	0.0397955	0.00542282	0.00997246
4	0.051866	0.0202322	0.000168748	0.00157798	0.0600156	0.0142218	0.000477364	0.284769	0.00200007	0.189507	0.0872005	0.00166689	0.00128748	0.00298396	0.000197709	0.0246921	0.0480692	0.201342	0.00321133	0.00451303
5	0.0180399	0.00269929	0.0537691	0.0146862	0.00373049	0.00908299	0.0345379	0.00523951	0.0167692	0.00668108	0.00314137	0.473312	0.0101119	0.0306035	0.0091055	0.198091	0.0994105	0.00600846	0.000838818	0.00414112
6	0.010973	0.0128722	0.000283311	0.00392152	0.114348	0.00844849	0.00323775	0.120527	0.000420417	0.523033	0.124536	0.000650265	0.00143952	0.000746739	0.0002714	0.00663956	0.014683	0.0356404	0.00788911	0.00943899
7	0.0438903	0.0210215	0.000117817	0.00118514	0.0620676	0.0124925	0.000341156	0.288523	0.00138963	0.226186	0.0765302	0.00161292	0.00163274	0.00294036	0.000623535	0.0229816	0.0335436	0.194231	0.00357913	0.00510966
8	0.0480874	0.0150884	0.00243561	0.0107713	0.0110547	0.0121418	0.0117845	0.0236811	0.439162	0.0161732	0.0134465	0.0259131	0.0239204	0.0392856	0.200278	0.0432722	0.0467432	0.0088824	0.000589407	0.00728896
9	0.393826	0.0352747	0.00022838	0.00040667	0.00107794	0.158249	0.000291355	0.00265649	0.00194494	0.00178022	0.0038628	0.00924552	0.000715917	0.00199364	0.000380687	0.295397	0.0579416	0.0326151	0.0015438	0.000567269
10	0.13592	0.323102	0.00464868	0.00113666	0.0280756	0.0309156	0.00110494	0.0291747	0.00175093	0.0244603	0.0288628	0.0342401	0.0019571	0.00267075	0.00102304	0.198089	0.0866124	0.0576223	0.0012305	0.00740337
11	0.0183469	0.00958771	0.000132683	0.000458628	0.066847	0.00472253	0.000212685	0.299226	0.00223102	0.300508	0.0753092	0.0026495	0.00118693	0.00361089	0.00224454	0.0101043	0.0173755	0.172333	0.00220343	0.0107107
12	0.00701394	0.000760749	0.000299933	0.000340607	0.00134208	0.952177	0.000332962	0.00157986	0.000388175	0.00202165	0.00103291	0.00366527	0.00051466	0.00620051	0.000268322	0.0123089	0.00445178	0.00442044	0.000246069	0.000634378
13	0.0741453	0.0431386	0.000428021	0.000574351	0.00369116	0.0202387	0.000691888	0.0543352	0.000765237	0.0376731	0.0141402	0.020765	0.0225625	0.00137632	0.000582962	0.231756	0.409137	0.0617533	0.000495211	0.00174933
14	0.0063046	0.000739763	0.000296014	0.000325509	0.00110682	0.954218	0.000316085	0.00154828	0.000380783	0.00175692	0.00101587	0.00358165	0.000488367	0.00622947	0.000261211	0.011793	0.00438239	0.00442531	0.000239082	0.000590782
15	0.0285043	0.0202068	0.000273802	0.00187141	0.0287773	0.00662844	0.000863566	0.363844	0.00257032	0.147852	0.065113	0.00264365	0.00161239	0.00251509	0.00079018	0.0166617	0.0242421	0.279581	0.00158281	0.00386573
16	0.0163702	0.0136497	0.000435247	0.00351363	0.209962	0.00830085	0.00158906	0.118589	0.000482936	0.392827	0.100978	0.00354776	0.00288497	0.00115074	0.00115061	0.00740799	0.0155154	0.049182	0.00932817	0.0431345
17	0.371171	0.0316003	0.000358259	0.000434797	0.00126038	0.145161	0.000386535	0.00374065	0.00191226	0.00322014	0.00470855	0.00906233	0.00153425	0.00261197	0.000393198	0.328105	0.0607761	0.0313	0.00150445	0.000758461
18	0.010215	0.00598117	0.000154493	0.00030321	0.0322601	0.00147946	0.000182126	0.337313	0.0033967	0.304077	0.0811413	0.00318079	0.000383966	0.00486339	0.00282735	0.00799446	0.0142292	0.181606	0.000370711	0.00803993
19	0.164718	0.00663213	0.001787	0.0067094	0.00723342	0.0787142	0.0217061	0.0131373	0.00323997	0.0219799	0.0115082	0.00674772	0.503001	0.0170545	0.00318491	0.0751865	0.0302039	0.0218089	0.00178455	0.00366194
20	0.0812091	0.0046564	0.0885639	0.0762994	0.0394854	0.0131596	0.0281437	0.0508178	0.0302697	0.19923	0.0327367	0.0581557	0.00906012	0.0304225	0.0296467	0.0841976	0.0190752	0.0780325	0.0011029	0.0457349
21	0.396129	0.0353981	0.00023044	0.000414297	0.00174233	0.152862	0.000303838	0.00493708	0.00198715	0.00328627	0.00523483	0.00873837	0.00170763	0.00206424	0.000373008	0.288643	0.0566616	0.0371975	0.00145406	0.000635755
22	0.0262107	0.00613483	0.000472159	0.00106474	0.198206	0.00346146	0.00550662	0.199892	0.00164974	0.220151	0.0517465	0.00190146	0.00527949	0.0015016	0.0034148	0.00662076	0.0198094	0.124653	0.0540261	0.0682984
23	0.0598068	0.0104071	0.00258763	0.014012	0.0114156	0.00868179	0.00867812	0.0255429	0.461266	0.0170494	0.015442	0.0220464	0.00659335	0.0436732	0.204688	0.0407819	0.0318936	0.00742747	0.000319097	0.00768765
24	0.0476642	0.0334139	0.0138353	0.00149671	0.0473404	0.0130676	0.293024	0.0415856	0.0661456	0.0434996	0.00444556	0.0264982	0.00211807	0.0717945	0.0729774	0.0573114	0.0199276	0.00716726	0.00140779	0.135279
25	0.396897	0.0347032	0.000218692	0.000358751	0.00107777	0.15481	0.000284591	0.00276884	0.00190312	0.00181007	0.00379224	0.00883237	0.00058861	0.00197456	0.000325959	0.297886	0.0572839	0.0324379	0.00147571	0.000569523
26	0.0063046	0.000739763	0.000296014	0.000325509	0.00110682	0.954218	0.000316085	0.00154828	0.000380783	0.00175692	0.00101587	0.00358165	0.000488367	0.00622947	0.000261211	0.011793	0.00438239	0.00442531	0.000239082	0.000590782
27	0.0145814	0.00435087	0.00062111	0.00148623	0.1176	0.00291735	0.0012406	0.178807	0.000899662	0.375034	0.0793357	0.00215208	0.00574583	0.00167403	0.00311512	0.00778587	0.00895978	0.0786999	0.0544429	0.0605511
28	0.0650488	0.00180414	0.000598136	0.000679258	0.080571	0.00763629	0.01208	0.208457	0.000668755	0.138437	0.00341612	0.00141732	0.000733728	0.00113267	0.000473159	0.00972921	0.0543823	0.24377	0.140318	0.0286465
29	0.0475603	0.0199135	0.00086448	0.00149042	0.0737449	0.034864	0.00120478	0.114904	0.00131622	0.200218	0.0806372	0.0364205	0.0249958	0.00219727	0.000982075	0.0606916	0.152913	0.135398	0.00105141	0.00863274
30	0.368791	0.0327308	0.00294912	0.00267259	0.00121708	0.206099	0.000355932	0.00310078	0.00179324	0.0024531	0.00442799	0.00922451	0.00325782	0.00210561	0.000773063	0.273714	0.0536802	0.0279999	0.00190442	0.000749527
31	0.0646522	0.0268654	0.00010476	0.000280425	0.11876	0.0216213	0.000192847	0.186676	0.000886134	0.274159	0.0318796	0.00256509	0.00596507	0.000572353	0.000130607	0.0307357	0.0618919	0.16497	0.00202476	0.00506654
32	0.0548998	0.0133376	0.000435713	0.000759557	0.0810317	0.0310848	0.000540467	0.267359	0.000784893	0.102142	0.00366467	0.00820041	0.0154138	0.000923759	0.000397469	0.00990093	0.0246734	0.381014	0.000471831	0.00296513
33	0.142249	0.0693378	0.00110747	0.00123195	0.0629179	0.209014	0.00111459	0.0490864	0.00157086	0.160116	0.0541807	0.0284335	0.00236829	0.00194335	0.000885671	0.104506	0.0447312	0.0453334	0.00169676	0.0181759
34	0.0931472	0.0211027	0.000265445	0.0012985	0.0240754	0.0182509	0.000698201	0.194676	0.000389425	0.126291	0.0651044	0.013876	0.00302344	0.00220813	0.000318958	0.0742069	0.196854	0.157219	0.00185136	0.00514281
35	0.059405	0.0284466	0.000190002	0.000401285	0.0814614	0.0212323	0.000332438	0.248804	0.00066941	0.214672	0.0415859	0.000749102	0.0398941	0.000881583	0.000273505	0.0212714	0.0151654	0.220707	0.00259578	0.00126203
36	0.0598612	0.0263073	7.34555e-05	0.000131272	0.125764	0.0209937	0.000107399	0.195652	0.00097491	0.293756	0.0261368	0.000242443	0.00379278	0.000210348	9.91752e-05	0.0233258	0.0456806	0.170413	0.00191692	0.00456099
37	0.0496721	0.0204319	0.000149574	0.00121315	0.0608868	0.0141861	0.000423325	0.291944	0.00144874	0.197674	0.0795836	0.00123819	0.0011261	0.00255685	0.000308434	0.0258885	0.0460871	0.198213	0.00349041	0.00347879
38	0.343303	0.0632394	0.00182287	0.00383722	0.00617611	0.229233	0.00157789	0.00980588	0.00247305	0.0113613	0.0213209	0.0229047	0.0066418	0.00367094	0.00242512	0.187774	0.0406506	0.0259961	0.0129887	0.00279809
39	0.0609934	0.0252185	0.000123178	0.000187516	0.128072	0.0221013	0.00016245	0.197925	0.00121583	0.282404	0.0258201	0.000474402	0.00387538	0.000253962	0.000100784	0.023376	0.0455428	0.17556	0.0018331	0.0047608
40	0.00807589	0.0050934	0.000156947	0.000294228	0.0300312	0.000639366	0.000186402	0.339655	0.00352403	0.309597	0.0816816	0.00333907	0.000304098	0.00507441	0.00294449	0.00705094	0.0127694	0.181089	0.000214827	0.00827946
41	0.126288	0.368061	0.00587975	0.000817347	0.0364591	0.0368437	0.000875444	0.0281778	0.00104589	0.0291682	0.0141764	0.0347618	0.00141196	0.00155127	0.000880765	0.177399	0.0825215	0.0438559	0.000797579	0.00902779
42	0.147494	0.0142656	0.000542963	0.000665731	0.0229567	0.0162907	0.000901096	0.185745	0.000638435	0.0975823	0.0320645	0.0124291	0.00124779	0.00242915	0.000530293	0.0732079	0.21527	0.166054	0.0074564	0.00222754
43	0.00737683	0.00414996	0.000319885	0.0016007	0.28461	0.00143886	0.0280444	0.0122819	0.00152668	0.019919	0.0121508	0.00918637	0.000640548	0.00136527	0.00089506	0.013818	0.0113819	0.00613496	0.0112328	0.571926
44	0.119601	0.365576	0.00600751	0.000783231	0.0411062	0.0421628	0.000737133	0.0264502	0.000897101	0.0306706	0.0111157	0.0317201	0.00202654	0.00131888	0.000657826	0.177225	0.0931014	0.0413234	0.000673519	0.00684491
45	0.0615647	0.0168663	0.00066348	0.0155428	0.0357428	0.00531725	0.00139505	0.249616	0.00173878	0.104125	0.178009	0.025681	0.0032095	0.0215274	0.0011735	0.0431133	0.0828569	0.133016	0.000935078	0.0179056
46	0.0457278	0.0321312	0.0144802	0.00159952	0.0481224	0.0131554	0.293549	0.0417699	0.0659526	0.0425365	0.00454898	0.0252952	0.00208186	0.073491	0.0745709	0.0559789	0.0197796	0.00730234	0.00144249	0.136484
47	0.00896354	0.00510623	0.000161487	0.000304084	0.0296748	0.00082543	0.000198125	0.338869	0.00427089	0.307234	0.082226	0.00325279	0.000317075	0.005554	0.00300275	0.00746688	0.0132858	0.180997	0.000270256	0.00801969
48	0.0132188	0.0094683	0.000309195	0.00147209	0.0534632	0.00396188	0.000973084	0.272877	0.00247948	0.359033	0.0932241	0.00263951	0.00107501	0.00384545	0.00192398	0.00945429	0.0159805	0.141748	0.00368499	0.00916813
49	0.00531587	0.00431388	0.000288155	0.00159962	0.295197	0.0010827	0.0187567	0.00979435	0.000485297	0.0140851	0.0125123	0.00972146	0.000532974	0.000537735	0.000294067	0.0132453	0.010071	0.00512221	0.00978061	0.587264
50	0.265775	0.00669984	0.000964979	0.0145646	0.00321711	0.185438	0.00349145	0.00519245	0.00109721	0.030219	0.0209993	0.00635918	0.199539	0.0106833	0.0049968	0.159222	0.0736814	0.005171	0.00086679	0.0018212
51	0.0827049	0.000974729	0.306661	0.251047	0.00447588	0.0540864	0.0157819	0.0115752	0.0377374	0.0206328	0.00761188	0.0604404	0.00626159	0.059232	0.00344178	0.0356303	0.0256943	0.0143301	0.000267554	0.00141217
52	0.108843	0.0180497	0.000338944	0.00057065	0.0184187	0.0190601	0.000752328	0.195632	0.000848094	0.106475	0.0496981	0.0113192	0.00169031	0.00161943	0.000718373	0.0813193	0.225645	0.154822	0.00245089	0.00172965
53	0.256172	0.0559322	0.00231131	0.0023518	0.00834651	0.101207	0.00220484	0.0218845	0.00298318	0.0370914	0.117764	0.00597587	0.00907215	0.00423739	0.00217891	0.0288601	0.0601628	0.274726	0.00215663	0.00438215
54	0.0429566	0.0250623	0.0105025	0.00264606	0.0769458	0.0276315	0.247071	0.055049	0.0482391	0.0558691	0.00780991	0.0223053	0.00458327	0.0884162	0.0507195	0.0653578	0.0209924	0.0154343	0.00458264	0.127826
55	0.0203418	0.0154457	0.000325377	0.00208179	0.305705	0.00300819	0.000502002	0.168792	0.000457715	0.246684	0.0607355	0.00145822	0.00409412	0.000646678	0.00179385	0.00421108	0.0105294	0.0921524	0.00802541	0.0530098
56	0.144054	0.0345269	0.00139318	0.00211591	0.100037	0.260944	0.00229692	0.0444862	0.00301196	0.166504	0.0262078	0.0194619	0.00290446	0.00397089	0.00221179	0.0969746	0.034013	0.0417858	0.00247894	0.0106199
57	0.112055	0.0213361	0.000292316	0.000405368	0.0199732	0.0214173	0.00069481	0.190538	0.000421557	0.112937	0.0481621	0.0128808	0.00231086	0.000885588	0.000294408	0.0844111	0.210687	0.156491	0.00246352	0.00134238
58	0.120962	0.381478	0.00687108	0.000881404	0.0419489	0.041713	0.000778453	0.0265854	0.000945878	0.0295105	0.0108917	0.0323302	0.00123094	0.00140877	0.000736616	0.173443	0.0794814	0.0408374	0.000676344	0.00728888
59	0.128059	0.215798	0.00275436	0.00100329	0.0162148	0.0236878	0.00118276	0.0447708	0.00201414	0.0244805	0.0338949	0.0253615	0.0072675	0.00293276	0.0011573	0.234233	0.164003	0.0653438	0.000900863	0.00494018
60	0.0910934	0.0318687	0.000559099	0.00110366	0.043494	0.0157584	0.000969048	0.267833	0.00146506	0.131385	0.0395305	0.00290075	0.00688732	0.00226045	0.000702109	0.0366392	0.0463244	0.273951	0.00298319	0.00229158
61	0.00849959	0.0044669	0.000301163	0.00171076	0.290441	0.00146495	0.0176846	0.0124351	0.00111563	0.0168982	0.0135962	0.00997532	0.000611108	0.00198195	0.000488238	0.0154199	0.0111208	0.00750385	0.0108868	0.573398
62	0.0412574	0.0241372	0.000188282	0.0076185	0.0553508	0.00319972	0.000882262	0.223034	0.000625785	0.147761	0.142197	0.00860716	0.00291565	0.0115298	0.00029739	0.03123	0.0852202	0.186724	0.00019875	0.0270236
63	0.00975035	0.0058637	0.000163886	0.00030077	0.0320119	0.00156204	0.000201723	0.333023	0.00342052	0.309355	0.0805255	0.00320314	0.000966823	0.00486745	0.00278563	0.00756581	0.0132598	0.182788	0.000442579	0.00794289
64	0.0329619	0.0216015	0.000291836	0.00247354	0.313006	0.00607209	0.000511288	0.158999	0.000645031	0.236887	0.0527074	0.00136813	0.0031431	0.000990789	0.000908692	0.00808193	0.0200717	0.10682	0.00353347	0.0289261
65	0.019796	0.0060684	0.000340353	0.00133684	0.00562956	0.00134927	0.000435629	0.468459	0.00386703	0.0592458	0.0417574	0.0022667	0.000652947	0.000757289	0.000467889	0.0101951	0.0125923	0.363604	0.000340759	0.000838177
66	0.395798	0.0349916	0.000218749	0.000358546	0.0010728	0.155293	0.000281684	0.00266528	0.00193725	0.00177525	0.00384114	0.00900174	0.000589016	0.00199339	0.000323644	0.297306	0.0578009	0.0326886	0.00149473	0.000569269
67	0.0479226	0.00272571	0.0461745	0.177736	0.00409047	0.0142859	0.00870726	0.0176134	0.112614	0.0321966	0.00399055	0.0267161	0.00186093	0.0444179	0.0425396	0.163301	0.195341	0.0295036	0.000850058	0.0274126
68	0.0134429	0.00255094	0.0520274	0.00793182	0.0031206	0.00990039	0.0181685	0.00449423	0.00102331	0.00447852	0.00300679	0.531723	0.00741686	0.0212482	0.00068496	0.206033	0.10598	0.00448077	0.000744053	0.00154417
69	0.0121765	0.00681847	0.000131075	0.000301732	0.0409067	0.00233312	0.000176863	0.327235	0.00303827	0.309698	0.0754732	0.00308362	0.000413294	0.00451071	0.00267456	0.00798331	0.0150498	0.179813	0.000407969	0.0077749
70	0.0414141	0.0241745	0.000193431	0.00764666	0.0553526	0.00329776	0.000873932	0.221926	0.000621964	0.148107	0.141917	0.00871466	0.0029832	0.0114637	0.000297462	0.0316495	0.0856818	0.186559	0.000194083	0.026931
71	0.0915254	0.0321588	0.000560378	0.00117387	0.126099	0.0235323	0.000755276	0.146993	0.00108126	0.294928	0.0397199	0.00285738	0.00338345	0.002143	0.000622425	0.0282193	0.0675891	0.119331	0.0077602	0.0095678
72	0.0573187	0.0231834	0.000354219	0.000555829	0.0700124	0.0270303	0.000442261	0.250031	0.000487025	0.162566	0.0149938	0.00382213	0.0498602	0.000721383	0.000362567	0.0136074	0.0108135	0.312201	0.00063429	0.00100232
73	0.0724148	0.0283128	0.000303037	0.000728465	0.129111	0.0211864	0.00045734	0.181131	0.00103596	0.232745	0.0233884	0.00133538	0.0735288	0.00101187	0.000595111	0.0224536	0.0178077	0.187734	0.000975181	0.00374405
74	0.0381427	0.0230024	0.000193818	0.00725595	0.0644992	0.00484187	0.000991274	0.216503	0.000688233	0.200036	0.137352	0.0067121	0.0023786	0.00997815	0.000365919	0.0268769	0.0688828	0.167727	0.00122824	0.0223433
75	0.0409184	0.0166853	0.000168611	0.00073278	0.0495553	0.0110557	0.000349609	0.311563	0.00206081	0.227584	0.0794519	0.00133862	0.000824118	0.00283893	0.000898184	0.0211789	0.0334905	0.193181	0.00294416	0.00318012
76	0.0787996	0.0272056	0.000338072	0.000646409	0.110159	0.0247738	0.000559598	0.186	0.000939213	0.232267	0.0234144	0.00142745	0.0708139	0.00122574	0.000474577	0.0251084	0.0138914	0.199083	0.000838773	0.00203527
77	0.0376573	0.0289345	0.000375336	0.00501299	0.0660358	0.00956347	0.000842125	0.185967	0.000659374	0.174841	0.125137	0.0154817	0.0129224	0.00769644	0.000359918	0.0434286	0.111193	0.150906	0.00051931	0.022467
78	0.0158938	0.0594452	0.00147144	0.00172875	0.113941	0.00563137	0.00259995	0.0576526	0.00391131	0.185456	0.125944	0.00439091	0.00295851	0.0718535	0.00213094	0.0886341	0.0280798	0.0162611	0.093869	0.118147
79	0.0188438	0.00614382	0.000361936	0.00129592	0.00662727	0.00121133	0.000422493	0.470967	0.00419859	0.0697634	0.041279	0.00222798	0.000580476	0.000874421	0.000549894	0.00966051	0.0120504	0.35165	0.00031591	0.000975778
80	0.0294206	0.0124071	0.00206684	0.0054441	0.0104002	0.0267468	0.0225881	0.0159629	0.325988	0.0156282	0.0111077	0.0148126	0.0665205	0.0160175	0.230164	0.059875	0.114604	0.0120833	0.00144769	0.00671537
81	0.0435337	0.00127861	0.0831343	0.0687489	0.00179209	0.00184423	0.0909878	0.00275318	0.131578	0.01716	0.00157668	0.167413	0.00131174	0.0687303	0.0701275	0.151292	0.0662294	0.0114899	0.00036011	0.0186587
82	0.0115945	0.0119134	0.000268567	0.00315671	0.113144	0.00798186	0.00245145	0.134317	0.000455701	0.49532	0.120714	0.000928243	0.00215273	0.000830955	0.000832081	0.0067537	0.0139213	0.0438337	0.0139019	0.0155274
83	0.0564204	0.0102099	0.00266047	0.013559	0.0109955	0.00866962	0.00837254	0.0268175	0.460732	0.0165814	0.0145669	0.0240992	0.00736587	0.0459042	0.204782	0.0408474	0.0317171	0.00801647	0.000395258	0.00728714
84	0.0498896	0.0051152	0.000799115	0.00139064	0.17066	0.00462807	0.0480817	0.0808701	0.0285989	0.10407	0.0173437	0.00310175	0.00238427	0.0141412	0.0132794	0.0334473	0.0444704	0.0368815	0.0649393	0.275909
85	0.0117915	0.00727892	0.000177417	0.0013067	0.0509947	0.00175668	0.000530677	0.292905	0.00262754	0.31638	0.0897588	0.00332933	0.00148979	0.00476182	0.00256032	0.0092016	0.0191698	0.159721	0.00664949	0.0176091
86	0.0854839	0.0352201	0.000777284	0.00110108	0.00454967	0.0220724	0.00109151	0.0457156	0.00146882	0.0328712	0.0134725	0.0186639	0.0187795	0.00239417	0.000720532	0.260221	0.377122	0.0754465	0.000933969	0.00189441
87	0.0206333	0.0103271	0.0024547	0.0026223	0.168687	0.00732888	0.0036911	0.177753	0.00366107	0.185296	0.0664779	0.00718772	0.116341	0.00633475	0.0240056	0.0158177	0.0149642	0.0577825	0.0158865	0.0927482
88	0.0491321	0.0289575	0.00023415	0.0022621	0.293116	0.0111078	0.000314326	0.136165	0.00067801	0.25951	0.0361574	0.000708706	0.006497	0.000535005	0.000320798	0.0123375	0.0294604	0.119904	0.000990456	0.0116109
89	0.101136	0.0705235	0.00116017	0.000805724	0.00937611	0.0285224	0.000885304	0.0413261	0.00136059	0.0375083	0.0155436	0.025991	0.0154949	0.00349189	0.000650431	0.290654	0.299664	0.0524597	0.000739337	0.00270705
90	0.146126	0.0155819	0.00109838	0.00136235	0.0902153	0.0207683	0.00170272	0.1284	0.00164304	0.280224	0.103317	0.0039305	0.00255303	0.026972	0.00114881	0.088883	0.0500227	0.030246	0.00202085	0.00378322
91	0.0554648	0.0243808	0.000114052	0.000369941	0.0745141	0.0191433	0.000294072	0.278916	0.000973437	0.227804	0.0556067	0.000319942	0.00317857	0.00113977	0.000138469	0.0238031	0.0318036	0.196442	0.0042592	0.00133465
92	0.394881	0.0346126	0.000237526	0.000427982	0.00110709	0.154437	0.0003252	0.00309958	0.00191882	0.00199279	0.0040828	0.00888101	0.00165957	0.00214219	0.000346661	0.297302	0.0577104	0.0327804	0.0014745	0.00058101
93	0.0134465	0.00247264	0.0530826	0.0080141	0.00301373	0.00989433	0.0170644	0.00430872	0.00101645	0.00414991	0.00283218	0.53764	0.00734767	0.021519	0.000673418	0.202751	0.104348	0.00422396	0.000708829	0.00149219
94	0.194232	0.0139889	0.00055851	0.000650878	0.0637355	0.0172803	0.000825166	0.185807	0.000783866	0.0706971	0.00752611	0.003582	0.00117531	0.00637976	0.000455982	0.0828663	0.12355	0.212695	0.00729216	0.00591921
95	0.370096	0.0425146	0.000347426	0.000578418	0.00224676	0.158105	0.000431878	0.00346668	0.00234583	0.00316103	0.00513438	0.0111606	0.0012736	0.00251551	0.000468227	0.292518	0.0628843	0.0381709	0.00165512	0.00092496
96	0.0212918	0.013883	0.000282729	0.00176787	0.264421	0.00358288	0.000457725	0.194011	0.000673625	0.257324	0.0604702	0.00168303	0.00416044	0.000930172	0.00200336	0.00496574	0.0113075	0.106275	0.00792926	0.0425803
97	0.218361	0.0404532	0.000789779	0.00102031	0.0518045	0.2351	0.00088979	0.0829626	0.00117617	0.0621291	0.00773643	0.00345872	0.00241436	0.00224376	0.000880807	0.0899775	0.0568486	0.137616	0.000981411	0.00315644
98	0.0546472	0.024642	0.000116675	0.000512609	0.0763334	0.0177293	0.000323184	0.27458	0.0010175	0.227081	0.0590809	0.000529819	0.00277783	0.00128054	0.000178261	0.0247643	0.0348993	0.193458	0.00404892	0.00199911
99	0.0830085	0.0107819	0.000869951	0.00158356	0.0103115	0.0123381	0.00117494	0.287964	0.00183657	0.0795215	0.0406192	0.00828026	0.00172602	0.00297079	0.00119543	0.126239	0.206349	0.118949	0.00202963	0.00225128
100	0.0155272	0.0219906	0.000317714	0.00436112	0.145734	0.0132788	0.0019837	0.10661	0.000452607	0.475445	0.125592	0.000922817	0.000919497	0.000828123	0.000322178	0.0104178	0.0217602	0.038956	0.00649059	0.00809012
101	0.0425068	0.00776512	0.000948868	0.0013378	0.142898	0.00367165	0.0166076	0.0671233	0.0200926	0.0656518	0.0351876	0.0031863	0.00211875	0.0343469	0.00620622	0.0487613	0.0318131	0.0549303	0.0484216	0.366424
102	0.0412801	0.0253803	0.000209729	0.00248831	0.303261	0.00835341	0.00033855	0.153537	0.000513716	0.245907	0.0448853	0.000702293	0.00283442	0.000535821	0.000419538	0.00941532	0.0229473	0.112686	0.00174749	0.0225567
103	0.384311	0.0337761	0.000264515	0.000555134	0.00116919	0.18247	0.000336856	0.00279647	0.00185069	0.00194992	0.00385859	0.00876987	0.00123083	0.00200146	0.000519579	0.286349	0.0553646	0.0301581	0.00162728	0.000640414
104	0.0943803	0.0113216	0.000669492	0.00133713	0.0104495	0.0130894	0.000969224	0.286044	0.00141247	0.0828111	0.043915	0.0091815	0.00153248	0.00271348	0.00105352	0.102602	0.217787	0.11508	0.00202897	0.00162248
105	0.208449	0.0149753	0.00081396	0.00112553	0.0200535	0.00669826	0.000869924	0.17375	0.00132493	0.0405851	0.00393935	0.00288537	0.00306072	0.00417163	0.000893787	0.05343	0.082624	0.374862	0.00258615	0.00290162
106	0.00856907	0.0053056	0.000157504	0.000362151	0.0303151	0.000861052	0.000189039	0.337382	0.00344997	0.307578	0.0826251	0.00341946	0.00039483	0.00509093	0.00289239	0.00747216	0.0138659	0.181355	0.000196851	0.00851776
107	0.0060397	0.00437543	0.000416405	0.00155237	0.324618	0.00132784	0.0176582	0.010043	0.000620047	0.0148115	0.0122995	0.00914075	0.000721513	0.000741392	0.000360895	0.0133165	0.0100916	0.00588683	0.00938231	0.556597
108	0.380273	0.0315212	0.000301127	0.000535252	0.00127616	0.142409	0.000372924	0.0036957	0.00182453	0.00311408	0.00456422	0.00870911	0.00205565	0.00242957	0.000470424	0.322437	0.0606851	0.0313701	0.0012996	0.000656573
109	0.0156778	0.0107095	0.00041347	0.00184392	0.235476	0.00231734	0.000697224	0.197325	0.000708493	0.249058	0.0773511	0.00251749	0.00584577	0.00182507	0.00322139	0.00593102	0.013163	0.098344	0.0139828	0.0635917
110	0.0673226	0.00170217	0.215146	0.215872	0.00438757	0.0376297	0.0213016	0.0124292	0.0605619	0.0296041	0.00646014	0.061361	0.00476	0.0622244	0.0182855	0.0835384	0.0684114	0.0189072	0.000484885	0.00960939
111	0.376089	0.0330727	0.00176328	0.00204521	0.00157919	0.193974	0.00048038	0.00333632	0.00169562	0.00355998	0.00468071	0.0090415	0.0070003	0.00229659	0.000794507	0.272697	0.0540609	0.0290912	0.00198639	0.000755765
112	0.092796	0.0179642	0.0010364	0.00336304	0.0401219	0.00918743	0.00138971	0.242756	0.0109893	0.0796081	0.0496918	0.007311	0.00329443	0.0299853	0.0112867	0.0504391	0.132106	0.204255	0.00273037	0.00968908
113	0.236737	0.0156574	0.0308083	0.0345756	0.00255015	0.267864	0.00201978	0.00623031	0.00120119	0.0160987	0.0135394	0.0153648	0.107727	0.00709542	0.00921987	0.165757	0.0553415	0.00851338	0.0019831	0.00171612
114	0.04073	0.0237867	0.000192671	0.00747236	0.0553787	0.00337548	0.000901393	0.222143	0.000673984	0.147414	0.143551	0.00857082	0.00308428	0.0113191	0.000308983	0.0311561	0.0859255	0.18701	0.00020243	0.0268037
115	0.0197376	0.00606352	0.000379623	0.0013488	0.0060023	0.00146436	0.000449587	0.463873	0.00381743	0.0584011	0.0437733	0.00238254	0.000667471	0.000880567	0.000492208	0.0109936	0.0130176	0.364943	0.00036578	0.000946838
116	0.0112558	0.0123061	0.000297626	0.0041466	0.109916	0.00835886	0.0027845	0.119031	0.000413308	0.533282	0.123489	0.000657709	0.00142171	0.000769409	0.000308585	0.00641517	0.0149847	0.0333054	0.00753796	0.00931953
117	0.125314	0.00894219	0.0020532	0.0028935	0.00856105	0.0238421	0.0114514	0.0210926	0.0026143	0.0161893	0.0112084	0.00481896	0.607138	0.0194161	0.00205849	0.0636471	0.0169242	0.0458596	0.0018809	0.0040947
118	0.00883383	0.00539259	0.000170014	0.000348766	0.0288768	0.000822827	0.000233618	0.345705	0.00348504	0.294626	0.078985	0.00369217	0.000333339	0.00476112	0.00281579	0.00727976	0.0133673	0.192201	0.000229122	0.00784013
119	0.0748091	0.00358755	0.0105125	0.127473	0.0123658	0.0110707	0.0262572	0.0220263	0.205343	0.0087009	0.0202216	0.0214279	0.00181323	0.20714	0.137912	0.0526857	0.0326007	0.0136436	0.00808679	0.00232326
120	0.0460766	0.00133645	0.082595	0.0701935	0.00311014	0.00211698	0.086965	0.00449293	0.128289	0.0238634	0.002551	0.16254	0.00136558	0.0679668	0.0682148	0.149854	0.0639529	0.0137191	0.000425489	0.0203711
121	0.0435337	0.00127861	0.0831343	0.0687489	0.00179209	0.00184423	0.0909878	0.00275318	0.131578	0.01716	0.00157668	0.167413	0.00131174	0.0687303	0.0701275	0.151292	0.0662294	0.0114899	0.00036011	0.0186587
122	0.0286292	0.0247363	0.000432408	0.003199	0.0782749	0.0109394	0.00151297	0.204936	0.00144593	0.327588	0.127857	0.0033533	0.00263457	0.00423313	0.00103824	0.0196204	0.0305857	0.11457	0.00480414	0.00961085
123	0.0749932	0.00708583	0.00685531	0.0475163	0.0101767	0.00766446	0.0110248	0.0315814	0.391134	0.0151334	0.0141359	0.0240479	0.00326935	0.0864959	0.181283	0.0424466	0.0288477	0.00907938	0.00224677	0.00498197
124	0.0435337	0.00127861	0.0831343	0.0687489	0.00179209	0.00184423	0.0909878	0.00275318	0.131578	0.01716	0.00157668	0.167413	0.00131174	0.0687303	0.0701275	0.151292	0.0662294	0.0114899	0.00036011	0.0186587
125	0.0764462	0.00573254	0.002155	0.00296006	0.00918647	0.0170309	0.0125178	0.0136954	0.00233936	0.014379	0.00804681	0.00461453	0.711944	0.0243431	0.00279501	0.047509	0.0107502	0.0267817	0.00173484	0.00503838
126	0.0756242	0.00267284	0.011793	0.138498	0.0113037	0.0117869	0.0292926	0.0213797	0.174207	0.00769758	0.0195716	0.0218143	0.00145369	0.230244	0.129733	0.053585	0.0337957	0.0147146	0.00912355	0.00170877
127	0.0441439	0.00137638	0.0829175	0.0676998	0.00193044	0.00185467	0.0921356	0.00289111	0.131397	0.017522	0.00156391	0.166627	0.00131526	0.068705	0.0709204	0.15086	0.0652718	0.0115156	0.000365483	0.0189871
128	0.0211855	0.0191131	0.000950405	0.00211106	0.300071	0.00868783	0.00224967	0.0837842	0.00224938	0.195515	0.0911612	0.0110776	0.00396853	0.00920411	0.00253433	0.0233911	0.0175825	0.043167	0.0209965	0.141
129	0.078512	0.0141582	0.0396956	0.0511792	0.0100278	0.056509	0.01907	0.0783383	0.0441129	0.170381	0.0198171	0.0400435	0.0352133	0.0238199	0.0484987	0.0580111	0.0821473	0.119484	0.000947797	0.0100337
130	0.0638512	0.145486	0.00162789	0.00300515	0.411237	0.00630716	0.00220113	0.00996146	0.00226099	0.0526613	0.0410712	0.0622254	0.0354438	0.00336238	0.00177241	0.0287831	0.0944082	0.0101902	0.00135198	0.0227924
131	0.0129404	0.000957375	0.00101395	0.000949266	0.00107378	0.939708	0.000325632	0.00164963	0.000392039	0.00184895	0.00108563	0.0035503	0.000826125	0.00591918	0.000276407	0.0174302	0.00476882	0.00438891	0.000306167	0.000588713
132	0.0267381	0.00841068	0.000331804	0.00143388	0.0164254	0.00477318	0.00044857	0.438212	0.00351272	0.0841592	0.0403305	0.00265696	0.00165083	0.00127254	0.000745574	0.0113514	0.0157153	0.339168	0.0011907	0.00147249
133	0.0379134	0.0199185	0.000182321	0.00179374	0.125524	0.0131208	0.000875555	0.195241	0.000865408	0.340626	0.0707343	0.00115978	0.00331197	0.00116387	0.00054134	0.0159741	0.0286851	0.127381	0.00523092	0.0097572
134	0.0134465	0.00247264	0.0530826	0.0080141	0.00301373	0.00989433	0.0170644	0.00430872	0.00101645	0.00414991	0.00283218	0.53764	0.00734767	0.021519	0.000673418	0.202751	0.104348	0.00422396	0.000708829	0.00149219
135	0.0444867	0.0269126	0.00121153	0.00156355	0.0483314	0.00367493	0.00137709	0.201892	0.0443164	0.0619368	0.015644	0.00279722	0.00179425	0.0299452	0.0459654	0.0657931	0.202884	0.19577	0.00114989	0.0025546
136	0.387003	0.0358154	0.000258272	0.000605684	0.00113336	0.162535	0.000295227	0.0027148	0.00202747	0.00204073	0.00433878	0.0102761	0.00124359	0.00205508	0.000564265	0.290713	0.0601437	0.0339536	0.00171379	0.00056929
137	0.0389109	0.0265906	0.000407243	0.00737197	0.0563554	0.00391479	0.000935321	0.208477	0.000734733	0.142051	0.156886	0.0128472	0.00326984	0.0147569	0.000614975	0.0341015	0.0797201	0.177226	0.00140647	0.0334225
138	0.0601888	0.0276267	7.1646e-05	0.000125602	0.1224	0.0214715	0.000114245	0.198772	0.000915979	0.287367	0.027896	0.000259906	0.00451085	0.000237544	9.80868e-05	0.0241593	0.0443148	0.172804	0.00228948	0.00437723
139	0.0371998	0.0161201	0.000406513	0.00168532	0.0408002	0.0144669	0.000722205	0.324863	0.00180177	0.0979413	0.0279851	0.00869845	0.00773664	0.00154077	0.000562737	0.012768	0.0273764	0.373335	0.000446025	0.00354332
140	0.109141	0.0182657	0.000329908	0.000403009	0.0148704	0.0201818	0.000727705	0.196491	0.000434337	0.108211	0.0491991	0.0118082	0.00150703	0.000813218	0.00030996	0.0826246	0.225216	0.156113	0.00237913	0.000974177
141	0.115705	0.0279491	0.000254921	0.000401954	0.032234	0.0240294	0.000940212	0.200689	0.000487576	0.125494	0.041783	0.00843517	0.00159522	0.00127719	0.000318283	0.0777508	0.160119	0.175996	0.00287779	0.00166278
142	0.0386616	0.0238578	0.000160744	0.00165209	0.0911904	0.0160854	0.000960014	0.219765	0.000732702	0.316043	0.0891649	0.000815209	0.00220442	0.00142432	0.000249157	0.0225057	0.0283608	0.137331	0.00489304	0.00394299
143	0.0208814	0.0178579	0.00210392	0.0212201	0.261638	0.0215959	0.00824669	0.0362608	0.00300629	0.0673607	0.0423393	0.0998521	0.00520697	0.00403443	0.00245698	0.0407456	0.0359635	0.0161647	0.00560218	0.287463
144	0.110291	0.0200235	0.000291159	0.000382562	0.0157356	0.0212275	0.00077793	0.192585	0.000402536	0.111162	0.0498085	0.0124996	0.00160977	0.000738806	0.000302685	0.083025	0.216908	0.158941	0.00229917	0.000987549
145	0.0415997	0.0206338	0.000232487	0.006537	0.0558219	0.00430776	0.000817151	0.226514	0.00103553	0.150396	0.141886	0.00753629	0.00268771	0.00982078	0.000307854	0.0282402	0.0880584	0.19012	0.000244942	0.0232033
146	0.0063046	0.000739763	0.000296014	0.000325509	0.00110682	0.954218	0.000316085	0.00154828	0.000380783	0.00175692	0.00101587	0.00358165	0.000488367	0.00622947	0.000261211	0.011793	0.00438239	0.00442531	0.000239082	0.000590782
147	0.0430842	0.0272131	0.000255057	0.00295223	0.331411	0.00783257	0.000446637	0.126076	0.000591757	0.245167	0.049363	0.000964442	0.00340791	0.000795109	0.000388848	0.0108357	0.025409	0.103502	0.00161334	0.0186917
148	0.0351677	0.025096	0.000288005	0.00317391	0.377958	0.00449513	0.000409256	0.119284	0.000416504	0.231967	0.0522646	0.000829452	0.0026368	0.000677262	0.000485977	0.00577943	0.019349	0.0872199	0.00176945	0.0307326
149	0.0613063	0.00563758	0.00281202	0.00264845	0.0013826	0.836916	0.000378125	0.00222922	0.000442222	0.00252387	0.00206094	0.00490159	0.00262711	0.0051466	0.000680933	0.0491327	0.010723	0.00687353	0.000881195	0.000695666
150	0.00531587	0.00431388	0.000288155	0.00159962	0.295197	0.0010827	0.0187567	0.00979435	0.000485297	0.0140851	0.0125123	0.00972146	0.000532974	0.000537735	0.000294067	0.0132453	0.010071	0.00512221	0.00978061	0.587264
151	0.0403616	0.00442158	0.00117939	0.0017006	0.0193213	0.00539523	0.00240383	0.136407	0.00174477	0.377219	0.0505823	0.0034514	0.00201925	0.00266872	0.00120375	0.0220204	0.0242493	0.126534	0.135448	0.0416695
152	0.0595583	0.0106169	0.00256713	0.0138862	0.0113356	0.00949114	0.00839605	0.0248627	0.452953	0.01693	0.0145078	0.0222213	0.00717866	0.0455291	0.209774	0.0409687	0.0339389	0.00725286	0.000327367	0.00770445
153	0.00531587	0.00431388	0.000288155	0.00159962	0.295197	0.0010827	0.0187567	0.00979435	0.000485297	0.0140851	0.0125123	0.00972146	0.000532974	0.000537735	0.000294067	0.0132453	0.010071	0.00512221	0.00978061	0.587264
154	0.00631105	0.000739988	0.00029556	0.000325509	0.00110775	0.953866	0.000316859	0.0016026	0.000410985	0.00184835	0.00102894	0.00360125	0.000498178	0.00628618	0.000261216	0.0117837	0.00445333	0.00443135	0.000239919	0.000591162
155	0.0368935	0.00499098	0.467617	0.248666	0.00285054	0.0157421	0.0237741	0.00492874	0.0122323	0.00628977	0.00325657	0.0494176	0.0400774	0.0213952	0.00113065	0.0417432	0.00659685	0.00548552	0.000676746	0.00623444
156	0.0827049	0.000974729	0.306661	0.251047	0.00447588	0.0540864	0.0157819	0.0115752	0.0377374	0.0206328	0.00761188	0.0604404	0.00626159	0.059232	0.00344178	0.0356303	0.0256943	0.0143301	0.000267554	0.00141217
157	0.141351	0.00388396	0.13126	0.0925545	0.00256842	0.317138	0.000932236	0.0105057	0.000926756	0.00429814	0.00899199	0.017024	0.0336348	0.0080396	0.00253234	0.190313	0.0207245	0.0111117	0.000706412	0.00150306
158	0.0723085	0.0376215	0.00050667	0.000744479	0.00418055	0.0211544	0.000814239	0.0480198	0.0010747	0.0357344	0.0139004	0.0229161	0.0225011	0.00262116	0.000729924	0.258603	0.391965	0.0619623	0.000704086	0.0019379
159	0.0190609	0.00627411	0.000396769	0.00128854	0.00700521	0.00137725	0.000439108	0.471199	0.00408545	0.0722202	0.0405468	0.00224392	0.000757467	0.000860104	0.000638017	0.00963885	0.0120462	0.348592	0.000299397	0.00103172
160	0.0718147	0.0340347	0.00063932	0.00116015	0.00596294	0.0181076	0.00135773	0.0996609	0.00162751	0.0425697	0.0177112	0.0167448	0.0166325	0.00212239	0.00160642	0.213223	0.378366	0.0735825	0.00100043	0.00207591
161	0.0213168	0.0144757	0.000356404	0.00742699	0.111351	0.00763938	0.00229334	0.128542	0.000647905	0.445716	0.119616	0.00265273	0.00188577	0.0031423	0.000618415	0.0112819	0.0372682	0.0586611	0.00590868	0.0191991
162	0.0136271	0.00247893	0.053395	0.00849522	0.00297279	0.00981332	0.0173892	0.00430213	0.00196565	0.00425662	0.00284076	0.535849	0.00729219	0.0217052	0.00113759	0.20214	0.103812	0.00423952	0.000706747	0.00158074
163	0.0165984	0.0104027	0.000328607	0.00138704	0.15322	0.00651451	0.00131468	0.188633	0.000601834	0.364588	0.0816467	0.00143155	0.00725433	0.00081281	0.00248987	0.00762106	0.0121307	0.0896632	0.0157079	0.0376524
164	0.208651	0.0170749	0.000885496	0.00115364	0.0194105	0.00684806	0.00090626	0.181648	0.00136379	0.0411855	0.00447702	0.00297002	0.00316865	0.00427258	0.000751641	0.0485466	0.0820917	0.369217	0.00257514	0.00280219
165	0.0526144	0.00828109	0.00342605	0.0206664	0.00975912	0.00736661	0.00734623	0.037399	0.443937	0.0148725	0.0126167	0.0325857	0.00426621	0.0787666	0.183959	0.0390413	0.0239682	0.0122229	0.00129351	0.00561139
166	0.0615488	0.0270343	0.000237507	0.00032284	0.0799386	0.0325523	0.000403365	0.205792	0.000743279	0.281944	0.0272378	0.000942431	0.0210997	0.00063949	0.000338286	0.0204645	0.0225186	0.211844	0.0019865	0.0024119
167	0.0792578	0.03005	0.000400826	0.000682957	0.10256	0.0163461	0.000624406	0.172965	0.000927004	0.304245	0.0698175	0.00213314	0.00296138	0.00688953	0.000397128	0.053276	0.0488549	0.101235	0.00231522	0.00406157
168	0.0414571	0.0236997	0.000184925	0.00747795	0.0549825	0.00326566	0.000890805	0.222674	0.000704061	0.150388	0.141875	0.00847759	0.00287647	0.011321	0.000315373	0.0308759	0.0838995	0.187015	0.00059866	0.0270203
169	0.420842	0.0345648	0.000827759	0.00103974	0.00408326	0.0495596	0.000900814	0.0711911	0.00189217	0.0252782	0.0446353	0.00275085	0.0456326	0.00239926	0.000840137	0.112498	0.039075	0.139367	0.000887964	0.0017342
170	0.0601878	0.0264742	7.28087e-05	0.000130989	0.125627	0.0211429	0.00010831	0.195184	0.000969095	0.29356	0.0259478	0.000231643	0.00383089	0.000195938	8.54958e-05	0.023477	0.0459286	0.170429	0.00196037	0.00445634
171	0.330486	0.044726	0.000666252	0.000860461	0.00315863	0.124885	0.000857585	0.0112184	0.00794811	0.00750004	0.0160034	0.00955161	0.00537899	0.00864998	0.000850813	0.280757	0.0735545	0.0698183	0.00159339	0.00153569
172	0.0197413	0.00608454	0.00033615	0.00133698	0.00561358	0.00136894	0.000435323	0.466635	0.00383459	0.0588322	0.0421067	0.00228641	0.000647971	0.000755893	0.000459561	0.0104493	0.012665	0.365224	0.000340746	0.000845565
173	0.0263926	0.0205364	0.000748589	0.00165101	0.294451	0.00578906	0.00549661	0.0672057	0.0053425	0.166388	0.0792956	0.00631942	0.00258301	0.0132382	0.00307307	0.0298214	0.0225522	0.036515	0.0294013	0.183199
174	0.053313	0.027825	0.000127875	0.000921835	0.187972	0.0175385	0.000232735	0.172268	0.000814949	0.285536	0.0316212	0.000369017	0.00355566	0.000264365	0.000197816	0.019545	0.039072	0.149112	0.00165194	0.00806131
175	0.0853752	0.0108587	0.00142139	0.00153233	0.00533247	0.0517191	0.00179131	0.0146496	0.00242414	0.0188023	0.0123873	0.0242547	0.0105049	0.0168797	0.0013216	0.522051	0.188	0.0262482	0.00151134	0.00293388
176	0.00531671	0.00430052	0.000288246	0.00160284	0.295081	0.00108033	0.0187607	0.00985542	0.000485297	0.0140939	0.0125193	0.00979686	0.000532975	0.00053567	0.000294067	0.0132595	0.0100988	0.0051124	0.00977247	0.587213
177	0.267602	0.0065844	0.00095342	0.0142564	0.00320983	0.186036	0.00345225	0.00515204	0.00114095	0.0309932	0.0208518	0.00630699	0.198526	0.0102979	0.00501023	0.157988	0.0736855	0.00514347	0.00086351	0.0019457
178	0.0115478	0.00662754	0.000155155	0.000580572	0.0362216	0.00211771	0.000373081	0.326886	0.00308809	0.315177	0.0795481	0.0030104	0.000535785	0.0045054	0.00253953	0.00797783	0.0143893	0.176495	0.000666018	0.00755892
179	0.130521	0.00963115	0.0101925	0.012034	0.0460436	0.0463153	0.0430792	0.0614951	0.00947792	0.0429561	0.0134547	0.0791085	0.0406828	0.13987	0.00832883	0.123733	0.0234953	0.115226	0.00293396	0.0414216
180	0.0560324	0.0404671	0.00143313	0.00482712	0.225871	0.116301	0.00220665	0.0228108	0.0026443	0.189776	0.0604288	0.0901929	0.00323535	0.00358634	0.00167487	0.0480302	0.0211167	0.0313775	0.00245015	0.0755369
181	0.00531587	0.00431388	0.000288155	0.00159962	0.295197	0.0010827	0.0187567	0.00979435	0.000485297	0.0140851	0.0125123	0.00972146	0.000532974	0.000537735	0.000294067	0.0132453	0.010071	0.00512221	0.00978061	0.587264
182	0.0971384	0.0225618	0.00118814	0.00146739	0.0630705	0.0215646	0.00147812	0.212762	0.00157601	0.138261	0.0175769	0.00464093	0.0859783	0.00270639	0.00153774	0.0335171	0.0147009	0.274066	0.00117028	0.0030373
183	0.416921	0.0346942	0.000872655	0.00112239	0.00407902	0.0473052	0.00110406	0.0729299	0.00207771	0.0249259	0.044697	0.00298397	0.0541994	0.0024802	0.000808274	0.109804	0.0385258	0.137679	0.000935072	0.00185538
184	0.0460745	0.0211272	0.000232701	0.00561264	0.0624346	0.0104814	0.000676808	0.2431	0.000755176	0.131689	0.104934	0.00907047	0.00390267	0.00834118	0.000319146	0.026002	0.0663013	0.237131	0.000433135	0.0213821
185	0.0827049	0.000974729	0.306661	0.251047	0.00447588	0.0540864	0.0157819	0.0115752	0.0377374	0.0206328	0.00761188	0.0604404	0.00626159	0.059232	0.00344178	0.0356303	0.0256943	0.0143301	0.000267554	0.00141217
186	0.0118336	0.00692585	0.000176307	0.000816211	0.0324844	0.00133632	0.000244538	0.334727	0.00363413	0.288262	0.0850186	0.00351834	0.000533794	0.00576934	0.00324359	0.00915237	0.0171188	0.185593	0.000516114	0.0090962
187	0.0495858	0.0195173	0.000195444	0.00163772	0.0554857	0.0137298	0.000502853	0.289386	0.00158834	0.185334	0.0921672	0.00173337	0.000985589	0.00306389	0.000238117	0.0252908	0.0494121	0.20239	0.00324871	0.00450705
188	0.0143982	0.0170108	0.000268208	0.00415202	0.120001	0.0115886	0.00223296	0.114743	0.000393075	0.50091	0.132746	0.000636359	0.00111647	0.000751328	0.000338732	0.00829749	0.0192506	0.0345222	0.00759784	0.00904489
