649	20
1	0.0738914	0.0327897	0.000588882	0.00374819	0.038759	0.0131412	0.00768997	0.183744	0.00265968	0.249153	0.0619913	0.00994036	0.0292397	0.00301807	0.00212981	0.0286269	0.035606	0.213641	0.00342169	0.00621955
2	0.0295244	0.00713259	0.00623783	0.0496773	0.0320033	0.00552828	0.0228351	0.184834	0.0379246	0.165895	0.0445064	0.0130927	0.000424044	0.0342794	0.0253255	0.0263679	0.0497606	0.243078	0.000676736	0.0208965
3	0.0451453	0.0408548	0.000844702	0.00294744	0.176474	0.0119478	0.00446805	0.137571	0.00219618	0.245347	0.0657344	0.00974519	0.00866633	0.00649262	0.0035997	0.0229421	0.0209131	0.171425	0.00305506	0.0196301
4	0.0166381	0.00710257	0.00390761	0.0101388	0.315038	0.0139475	0.0311534	0.0157458	0.0123821	0.0560143	0.00972759	0.0170972	0.00163565	0.0166009	0.0043744	0.021476	0.0286287	0.0279798	0.0236749	0.366737
5	0.0160674	0.00999672	0.000396733	0.00142538	0.030606	0.00291273	0.00223652	0.309209	0.000920713	0.199075	0.0234577	0.00368812	0.000629725	0.00530806	0.00333943	0.00389252	0.0143241	0.364076	0.00152043	0.0069178
6	0.0386977	0.0460604	0.0149258	0.00822976	0.0164053	0.0124848	0.0459833	0.0313412	0.0143625	0.0180196	0.0132814	0.487285	0.00621702	0.0124743	0.0220144	0.110629	0.0474211	0.0244169	0.00538106	0.0243692
7	0.0104166	0.0018371	0.00291509	0.00114744	0.000748161	0.94512	0.000639907	0.00229572	0.00126919	0.00259828	0.00142461	0.00330831	0.00102748	0.000811868	0.00262647	0.00797807	0.00263673	0.00543766	0.00273446	0.00302715
8	0.0582094	0.00396216	0.0203703	0.124638	0.00579367	0.00607187	0.0203331	0.0375711	0.204112	0.0610562	0.0175048	0.0234558	0.0024405	0.0897469	0.18544	0.0400513	0.0378857	0.0521479	0.00328935	0.00592041
9	0.0263379	0.010901	0.0029266	0.00268064	0.00575117	0.00409534	0.00499293	0.0241824	0.0132542	0.0366792	0.0293577	0.0351065	0.00597262	0.00631117	0.0132792	0.258188	0.488408	0.0277432	0.000538352	0.00329385
10	0.0474592	0.0219719	0.00194811	0.00521797	0.0382572	0.010773	0.0081006	0.122988	0.00551469	0.386368	0.0418295	0.00936706	0.0355412	0.00738934	0.00889601	0.0264204	0.0515686	0.155222	0.00335275	0.0118135
11	0.110124	0.0309443	0.00215141	0.00664855	0.021472	0.0332464	0.0126199	0.118546	0.00849337	0.26696	0.0567547	0.0229981	0.0142852	0.015011	0.00230557	0.055314	0.0514977	0.154382	0.00640718	0.00983816
12	0.101911	0.00583722	0.119273	0.148462	0.0577171	0.0201041	0.0183101	0.011426	0.00495682	0.0100068	0.00408022	0.0422034	0.0328375	0.0313366	0.0273185	0.130476	0.104597	0.0518402	0.0115979	0.0657083
13	0.00652508	0.00601453	0.00439699	0.00633387	0.367092	0.0107437	0.0371248	0.0164419	0.0092456	0.0542427	0.00521264	0.0117775	0.000975699	0.0129749	0.00341301	0.0175859	0.0179064	0.0242744	0.0233998	0.364319
14	0.00558447	0.00159099	0.000413483	0.000552451	0.0237519	0.00137982	0.000657492	0.419902	0.000866255	0.408415	0.0514875	0.00171057	0.00124811	0.000657143	0.00246921	0.0012618	0.00591104	0.0683047	0.000778806	0.00305777
15	0.0103041	0.0083748	0.00170803	0.0039806	0.0065793	0.0144502	0.0120769	0.00408052	0.0684535	0.00970723	0.00496518	0.00471657	0.00122881	0.0219206	0.801449	0.00998476	0.00421962	0.00823983	0.000722361	0.00283854
16	0.0170708	0.00517885	0.00166199	0.00266153	0.244591	0.00141446	0.00577106	0.0411907	0.00669493	0.40867	0.0701284	0.00649346	0.00641498	0.00436497	0.00815231	0.00839106	0.0116884	0.0646381	0.014398	0.0704248
17	0.0348398	0.028145	0.0268389	0.0283996	0.0130645	0.00662887	0.0244266	0.0149986	0.106908	0.0193013	0.0162571	0.0340047	0.0377846	0.0357312	0.0870033	0.129846	0.314466	0.0151268	0.0082788	0.0179504
18	0.0101701	0.00175969	0.00260765	0.000949963	0.000731756	0.949455	0.000608418	0.00186754	0.00125649	0.00253912	0.00142551	0.00308789	0.000809869	0.000630147	0.0026233	0.00700857	0.00225232	0.0047674	0.00259858	0.00285022
19	0.108164	0.00723027	0.0161968	0.00755563	0.00428461	0.00907425	0.00436467	0.0179196	0.00776668	0.0369547	0.00680058	0.0140799	0.0255601	0.00512085	0.00532864	0.238692	0.42079	0.0610225	0.000837683	0.00225735
20	0.0206125	0.00560023	0.0146723	0.0427932	0.00586807	0.0107718	0.0257868	0.0119793	0.561344	0.0166484	0.00885349	0.0174463	0.00827151	0.060643	0.117054	0.0223498	0.0210895	0.0152056	0.00448634	0.00852321
21	0.0346487	0.00672764	0.0102374	0.0317763	0.026199	0.0130172	0.0229408	0.139227	0.0369156	0.219163	0.0482108	0.0229995	0.00178158	0.0469216	0.0240144	0.0473413	0.0500563	0.177403	0.00460527	0.0358135
22	0.106418	0.0125768	0.0803864	0.0330211	0.0097287	0.331539	0.0194331	0.00797634	0.0261924	0.00864991	0.00510285	0.114403	0.0095229	0.0165912	0.0328721	0.110339	0.0326148	0.0289422	0.0017192	0.0119707
23	0.00544147	0.928131	0.0011774	0.00146093	0.00199521	0.00155786	0.00169328	0.00285653	0.00172572	0.00331359	0.00244469	0.00262485	0.00100121	0.00174617	0.0018647	0.0035115	0.0231237	0.00487211	0.00061102	0.00884661
24	0.00952002	0.00149084	0.00287753	0.00105223	0.00068958	0.952502	0.000875978	0.00156664	0.00176258	0.00255348	0.00145457	0.00363812	0.000414251	0.000510724	0.00261101	0.00578467	0.00207121	0.00394912	0.0020153	0.00266015
25	0.534916	0.0369297	0.00443485	0.00724262	0.00512238	0.0439744	0.0020467	0.00450833	0.00840532	0.00352204	0.00328036	0.0113531	0.0070847	0.00145354	0.00167448	0.259888	0.0548209	0.00764488	0.000246486	0.00145065
26	0.00537724	0.928581	0.00120596	0.00146104	0.00197436	0.00155665	0.00169306	0.00285843	0.00172463	0.0032932	0.0024416	0.00261017	0.000978498	0.00173556	0.00183466	0.00351146	0.0231594	0.00465668	0.00061102	0.00873526
27	0.0997182	0.0385641	0.00319645	0.00593542	0.0225804	0.00766812	0.00886723	0.0916448	0.00472124	0.0789027	0.0613198	0.00983573	0.00950807	0.00822919	0.00537014	0.0945612	0.245575	0.191069	0.000969536	0.0117641
28	0.0696584	0.0131735	0.00874428	0.00454863	0.0261557	0.00391105	0.00769627	0.190419	0.00596297	0.0456443	0.0254849	0.00571364	0.0025817	0.00419964	0.0062898	0.0117437	0.0269846	0.532845	0.00254805	0.00569414
29	0.0951414	0.0293955	0.00193991	0.00821598	0.0297458	0.00592572	0.0108588	0.078111	0.00382485	0.119891	0.103683	0.00562627	0.00526286	0.00937885	0.00604295	0.070707	0.158625	0.242495	0.00111741	0.014012
30	0.0240988	0.0096012	0.000245432	0.000569322	0.0244558	0.00312153	0.00195385	0.297142	0.000545679	0.217167	0.0294671	0.00295803	0.000826141	0.00425542	0.00208311	0.00374386	0.0148905	0.355569	0.000980365	0.00632631
31	0.144062	0.0272554	0.0282445	0.0270037	0.00815387	0.129491	0.0125104	0.0079318	0.01268	0.00727239	0.00464496	0.0375187	0.0160556	0.0156346	0.016019	0.384992	0.0936977	0.0184546	0.00059063	0.00778698
32	0.0142162	0.0106298	0.0178056	0.0402915	0.0108685	0.0157575	0.0582824	0.0182772	0.311113	0.0227465	0.010065	0.0358021	0.00521308	0.0589951	0.239414	0.0450177	0.0442441	0.0231459	0.000119895	0.0179947
33	0.0273123	0.0109451	0.0184578	0.0391326	0.21936	0.000789494	0.0707016	0.0556939	0.0325043	0.169493	0.0230775	0.0147528	0.00235962	0.0256379	0.0452117	0.0299724	0.0131002	0.0742033	0.0209997	0.106295
34	0.412526	0.0100054	0.00438573	0.00579597	0.00622019	0.00949957	0.00250444	0.00519338	0.00537991	0.00597727	0.00447468	0.0263683	0.0747882	0.0026118	0.00247714	0.309648	0.0996524	0.0092695	0.000799877	0.00242207
35	0.134819	0.0147759	0.0018212	0.000800698	0.00920757	0.00570532	0.00107368	0.103137	0.00107523	0.0163838	0.0119642	0.00183035	0.000747527	0.00098718	0.00127481	0.00756864	0.0164076	0.66912	0.000324825	0.000974344
36	0.0403763	0.0164801	0.0101787	0.00721021	0.0101085	0.00905488	0.0252948	0.0144539	0.00990874	0.0157028	0.0248516	0.367018	0.0033278	0.0103607	0.0139183	0.178573	0.214694	0.0181252	0.00143952	0.00892288
37	0.163374	0.0212088	0.00311807	0.00530703	0.00193395	0.0290462	0.00204692	0.00173956	0.00635463	0.00370435	0.00340584	0.00733192	0.00919955	0.00319837	0.00121028	0.652708	0.0753357	0.00627603	0.000270066	0.00322987
38	0.00537724	0.928581	0.00120596	0.00146104	0.00197436	0.00155665	0.00169306	0.00285843	0.00172463	0.0032932	0.0024416	0.00261017	0.000978498	0.00173556	0.00183466	0.00351146	0.0231594	0.00465668	0.00061102	0.00873526
39	0.00532133	0.0011681	0.000504837	0.00060861	0.0176243	0.00151707	0.000720748	0.461662	0.000721527	0.376877	0.0576472	0.00209321	0.000927886	0.000628464	0.00172973	0.00136158	0.00444055	0.0618854	0.00043793	0.00212288
40	0.0977914	0.0228248	0.000607913	0.00451115	0.0480076	0.00140104	0.0156445	0.0686481	0.00097939	0.0798076	0.127906	0.00173995	0.000659785	0.0122975	0.00629845	0.0763524	0.238597	0.171852	0.000321907	0.0237512
41	0.0481244	0.0128422	0.00970533	0.0184234	0.0174495	0.0177271	0.0162777	0.0252363	0.0250154	0.171754	0.0223253	0.0212139	0.271598	0.0197624	0.0647979	0.127369	0.0490109	0.0376634	0.00471079	0.0189937
42	0.00672732	0.00516941	0.000219575	0.000700061	0.033194	0.00201251	0.0017002	0.280765	0.000858353	0.307763	0.0203807	0.00212108	0.00243818	0.00178283	0.00457107	0.00134959	0.0116892	0.309853	0.00228276	0.00442246
43	0.144873	0.180569	0.00397286	0.00540581	0.0389638	0.0269104	0.0292022	0.0416828	0.00669571	0.0333572	0.00886367	0.0427577	0.0244956	0.00625985	0.027768	0.0115534	0.0163553	0.247789	0.00233494	0.10019
44	0.0523884	0.0203848	0.000329539	0.000466721	0.0133478	0.00448246	0.00387356	0.191717	0.00148954	0.264863	0.163705	0.00334998	0.00187178	0.00184265	0.00478773	0.00719338	0.0211501	0.234373	0.000372056	0.00801145
45	0.0949016	0.00620596	0.232655	0.0527618	0.0256965	0.00572262	0.24797	0.00770287	0.00461817	0.0293354	0.00730428	0.0859779	0.00293376	0.0061495	0.00565296	0.0174713	0.0338899	0.0312153	0.0019188	0.0999158
46	0.118944	0.00556869	0.021604	0.0333575	0.0497208	0.221179	0.0677099	0.00980624	0.0785178	0.0954787	0.071984	0.0111434	0.00462115	0.0448398	0.0552802	0.0185341	0.0416833	0.0130796	0.0206378	0.0163096
47	0.0905078	0.194351	0.00186676	0.00260252	0.0158301	0.00309286	0.0028223	0.0370658	0.0443544	0.116773	0.113164	0.0040572	0.00204171	0.0543709	0.015489	0.0300775	0.135326	0.109899	0.0120218	0.0142872
48	0.361786	0.00804718	0.00612797	0.0435028	0.0484488	0.0140134	0.0433323	0.013911	0.0347436	0.0488397	0.0389689	0.0140271	0.0122586	0.061713	0.00974975	0.143789	0.0341891	0.0499906	0.00182655	0.0107345
49	0.0106303	0.00525504	0.00102464	0.00102631	0.00361296	0.000576273	0.000635528	0.308261	0.00294599	0.0477807	0.00727809	0.00186117	0.00176136	0.000584296	0.00268555	0.00396506	0.00607768	0.591568	0.000771856	0.00169827
50	0.0214788	0.00753247	0.000579271	0.000957066	0.0289382	0.00220668	0.0022397	0.345857	0.00146514	0.135898	0.0288345	0.00344321	0.00111765	0.00256712	0.00147919	0.00467699	0.0357577	0.369182	0.00242336	0.00336722
51	0.0238049	0.00725336	0.00380077	0.00354598	0.00177578	0.00275686	0.00471414	0.0165149	0.00595166	0.00899092	0.00685297	0.0218896	0.00606148	0.00419152	0.00523366	0.225923	0.635413	0.0134012	0.00041485	0.0015096
52	0.0475696	0.0104379	0.00136545	0.000451499	0.00357377	0.000873185	0.00182903	0.265479	0.00285803	0.0507073	0.040752	0.00430648	0.000536926	0.000455975	0.000649565	0.0114658	0.065058	0.4908	0.000138598	0.000691388
53	0.012227	0.00107584	0.111014	0.650361	0.00342791	0.00782603	0.011563	0.00541484	0.0276447	0.00561477	0.00263057	0.0104426	0.00854124	0.0931619	0.0116911	0.0174528	0.00971471	0.00510866	0.000377718	0.00470962
54	0.00890874	0.00147814	0.00215041	0.000783527	0.000679309	0.957849	0.000648509	0.00148691	0.00124214	0.00256257	0.00143603	0.00243133	0.000352706	0.000296467	0.00230359	0.0050717	0.00183203	0.00381187	0.00206848	0.00260662
55	0.00551764	0.00116004	0.000275127	0.000423033	0.0136966	0.00102746	0.000841237	0.612062	0.000510492	0.129443	0.0125909	0.00368401	0.00153396	0.000714518	0.00277159	0.00102703	0.00722115	0.204362	0.000407021	0.000731843
56	0.0087821	0.00144768	0.00213652	0.000769155	0.000663424	0.95849	0.000647925	0.00146118	0.00124594	0.00257002	0.00143943	0.00241269	0.000320283	0.000275729	0.00227326	0.00490323	0.00179707	0.0037569	0.00200894	0.00259889
57	0.0485889	0.010705	0.0437788	0.00217687	0.00410905	0.0393926	0.0246749	0.0036203	0.00703678	0.00445587	0.00329526	0.216871	0.00187443	0.0138726	0.00778723	0.48862	0.0701428	0.00489433	0.000978763	0.00312422
58	0.00468366	0.000733163	0.000521325	0.000708281	0.0164936	0.00175238	0.000772857	0.439485	0.000698054	0.419334	0.0710854	0.00192817	0.000490663	0.000704442	0.000791876	0.00152379	0.003422	0.0327319	0.000304267	0.00183456
59	0.588553	0.0291469	0.000890377	0.00683962	0.011083	0.0345589	0.000699531	0.0123226	0.000688025	0.00196106	0.00703087	0.00378751	0.00127258	0.000674893	0.00966131	0.129625	0.0471833	0.0894696	0.0128109	0.0117405
60	0.0421783	0.00625605	0.0411969	0.0910496	0.00826121	0.0121395	0.0332948	0.0269546	0.204682	0.0530327	0.0253726	0.0414977	0.00291028	0.0754228	0.187033	0.0614578	0.0425165	0.0293786	0.00343356	0.0119325
61	0.126941	0.026676	0.00493211	0.00618444	0.05639	0.0718168	0.0363428	0.010211	0.0378547	0.0801509	0.0553454	0.0444924	0.00266591	0.00721402	0.0103285	0.253368	0.0691253	0.0457411	0.00172393	0.052496
62	0.0271812	0.0113785	0.0297774	0.00396849	0.0228983	0.00357874	0.266807	0.00460291	0.00455082	0.00636747	0.00430575	0.395597	0.00139063	0.005249	0.00939773	0.0921153	0.0170586	0.0163332	0.0108865	0.0665557
63	0.493274	0.0231348	0.00119433	0.00295612	0.00355735	0.313882	0.00296165	0.00169149	0.00232517	0.0023893	0.00316093	0.0069686	0.00550495	0.0012349	0.00175901	0.101912	0.0138387	0.0164949	0.000182905	0.00157764
64	0.030141	0.0101848	0.00263092	0.0021976	0.00610397	0.00603858	0.00351728	0.0343887	0.00780937	0.0396486	0.0229259	0.0239096	0.0076892	0.00459666	0.00681985	0.276436	0.450328	0.0604446	0.00051248	0.00367773
65	0.0140065	0.00546823	0.00859841	0.00769182	0.00387385	0.00668899	0.0411037	0.00559469	0.0147233	0.0165043	0.0188168	0.00291115	0.00966947	0.815106	0.00546847	0.00539707	0.00966917	0.00660321	0.000579795	0.00152451
66	0.00912266	0.00145735	0.00216024	0.000908845	0.000780311	0.955806	0.000920752	0.00158878	0.00164544	0.00266226	0.00152036	0.00263591	0.00033484	0.000536074	0.00231841	0.00500355	0.00203652	0.00396578	0.00200367	0.00259186
67	0.00535907	0.00428396	0.00521209	0.00642998	0.485452	0.00694122	0.0237476	0.010889	0.00995711	0.033151	0.00334402	0.0102611	0.000992575	0.00820044	0.00305005	0.011932	0.011963	0.0178148	0.0140739	0.326945
68	0.00569938	0.926178	0.00124045	0.00154565	0.00223543	0.00160076	0.0016697	0.00296457	0.00184891	0.00359164	0.00257123	0.00268919	0.00104501	0.00206554	0.00185975	0.00361026	0.0233068	0.00490886	0.000645375	0.00872364
69	0.0340487	0.00946397	0.00291573	0.00345135	0.000970791	0.00618533	0.00387744	0.0133629	0.00475355	0.00656814	0.00548303	0.0187247	0.00727705	0.00395263	0.00354689	0.330384	0.532922	0.0103032	0.000466874	0.00134171
70	0.0797489	0.0102824	0.00866878	0.00947309	0.00780824	0.0129988	0.0069839	0.00637507	0.0127568	0.00603609	0.00478385	0.00942027	0.687701	0.011473	0.0126908	0.0662045	0.0201963	0.0217961	0.000259668	0.0043422
71	0.0087821	0.00144768	0.00213652	0.000769155	0.000663424	0.95849	0.000647925	0.00146118	0.00124594	0.00257002	0.00143943	0.00241269	0.000320283	0.000275729	0.00227326	0.00490323	0.00179707	0.0037569	0.00200894	0.00259889
72	0.0182648	0.0046015	0.00372002	0.00206479	0.148811	0.00190365	0.00212629	0.172751	0.00244213	0.172234	0.413338	0.00304503	0.00362838	0.00179901	0.00246005	0.00669276	0.00707008	0.0245845	0.000647139	0.00781464
73	0.02354	0.00839619	0.0016142	0.000553913	0.00261731	0.000595721	0.000520852	0.262518	0.00273442	0.0315695	0.0129902	0.00215401	0.00140223	0.000454837	0.00194307	0.00580742	0.0122926	0.627099	0.000276888	0.000919657
74	0.0389059	0.0109481	0.00134924	0.00178933	0.0118273	0.0020239	0.00248442	0.261802	0.00360159	0.100882	0.0795288	0.00408998	0.00154198	0.00226413	0.002539	0.00882871	0.0380946	0.422227	0.000967444	0.0043057
75	0.118305	0.0190939	0.011257	0.00428825	0.00414126	0.0373251	0.00756878	0.00174452	0.00930498	0.00495169	0.00301917	0.0441591	0.00575231	0.00636786	0.00525537	0.627671	0.0797273	0.00656779	0.000311293	0.00318855
76	0.033886	0.0108723	0.000587904	0.00105508	0.0271717	0.0024092	0.00231723	0.206663	0.0022469	0.220969	0.354553	0.00297134	0.000482635	0.00122134	0.00319051	0.00810372	0.0171899	0.0964125	0.000300384	0.00739717
77	0.0535473	0.0849494	0.0176297	0.00959731	0.0944249	0.00927255	0.113205	0.0131779	0.00477831	0.0148462	0.0102728	0.0361759	0.00282316	0.00908919	0.00559517	0.0649567	0.0146161	0.0197808	0.0162402	0.405021
78	0.579031	0.0377788	0.00300093	0.00812956	0.00533164	0.0487512	0.0011469	0.00492855	0.00601878	0.00256332	0.00305516	0.00753889	0.00736987	0.000483581	0.00100649	0.223317	0.049869	0.00917782	0.000345467	0.00115536
79	0.162832	0.0227988	0.00290812	0.006696	0.0475405	0.0110724	0.0134804	0.0527555	0.00683647	0.130859	0.108381	0.00943305	0.00413119	0.0117068	0.0074094	0.0996081	0.166698	0.11505	0.00139767	0.0184068
80	0.0113547	0.00732603	0.000718171	0.000888368	0.0910875	0.00155223	0.00157417	0.130261	0.00241879	0.549447	0.0326847	0.00180507	0.00365401	0.00165829	0.00819605	0.00259625	0.0101952	0.115114	0.00443183	0.0230371
81	0.0336564	0.000774564	0.220868	0.421838	0.00189399	0.0162826	0.0304311	0.00159458	0.0177925	0.00844414	0.00429674	0.0319103	0.00560017	0.127228	0.011929	0.0295154	0.0129433	0.00881489	0.000307044	0.0138796
82	0.0510957	0.0187784	0.000381414	0.000438174	0.0110405	0.00449475	0.00380151	0.198321	0.00158178	0.266931	0.172257	0.00351892	0.00112985	0.00187641	0.00493686	0.00667302	0.0210304	0.223751	0.000209452	0.00775159
83	0.0505989	0.0025724	0.121636	0.213183	0.00703507	0.0128833	0.0250091	0.0318466	0.0977078	0.0355064	0.0236863	0.0429162	0.00471135	0.0948543	0.0843182	0.0559469	0.0515058	0.0275623	0.00335911	0.013161
84	0.0486979	0.00187402	0.184857	0.242551	0.00309923	0.0166121	0.0269528	0.0235483	0.0795464	0.029005	0.00965821	0.0433413	0.00735178	0.0947348	0.0540816	0.0561529	0.0398192	0.0260254	0.00184813	0.0102424
85	0.227172	0.0213248	0.0112742	0.00807851	0.0129133	0.0460799	0.0264645	0.00565119	0.0227011	0.0197954	0.00897543	0.0590607	0.00174975	0.0156979	0.00648069	0.328552	0.150654	0.016428	0.000506219	0.010441
86	0.00805216	0.00686137	0.000432152	0.000516868	0.057338	0.00112333	0.000801032	0.140844	0.00212984	0.607521	0.0285858	0.000716082	0.00412445	0.000600753	0.0100709	0.000937412	0.00863524	0.10671	0.00356039	0.0104385
87	0.157992	0.00893562	0.00329408	0.00254728	0.00184374	0.725514	0.00191373	0.00243962	0.00257396	0.00313705	0.00228217	0.0073155	0.00370599	0.00219997	0.00416778	0.0450426	0.00891014	0.0113177	0.0020565	0.00281088
88	0.0258657	0.0363032	0.0164378	0.00723445	0.0127269	0.00958664	0.0776927	0.0126139	0.0189501	0.0305067	0.0101346	0.542827	0.00432598	0.0120698	0.0338819	0.0683116	0.0298588	0.021303	0.00376865	0.025601
89	0.0135328	0.00683402	0.00177329	0.00258868	0.0666795	0.00271635	0.0049564	0.123442	0.00444562	0.567698	0.0472506	0.00348797	0.00347587	0.0043499	0.00835094	0.00568083	0.0151227	0.0917093	0.00463865	0.0212666
90	0.00537724	0.928581	0.00120596	0.00146104	0.00197436	0.00155665	0.00169306	0.00285843	0.00172463	0.0032932	0.0024416	0.00261017	0.000978498	0.00173556	0.00183466	0.00351146	0.0231594	0.00465668	0.00061102	0.00873526
91	0.00956456	0.00839423	0.000663792	0.00288068	0.0052636	0.0128341	0.00907546	0.00344322	0.0611428	0.00888172	0.00422351	0.00241947	0.000804586	0.020206	0.83088	0.00714102	0.00282918	0.00729973	0.000389923	0.00166273
92	0.00537724	0.928581	0.00120596	0.00146104	0.00197436	0.00155665	0.00169306	0.00285843	0.00172463	0.0032932	0.0024416	0.00261017	0.000978498	0.00173556	0.00183466	0.00351146	0.0231594	0.00465668	0.00061102	0.00873526
93	0.0240345	0.00726385	0.00353813	0.00375229	0.00125088	0.00287028	0.00422567	0.0166105	0.00443443	0.00845034	0.00723813	0.021885	0.0052891	0.00404445	0.00414654	0.230339	0.636822	0.0122757	0.000315352	0.00121368
94	0.0273688	0.00389121	0.00272972	0.00120241	0.000975341	0.919048	0.00105322	0.00168783	0.0017648	0.0029578	0.00172702	0.00436477	0.0011425	0.000869315	0.00308808	0.013361	0.00331848	0.00467358	0.00194455	0.00283201
95	0.010263	0.0101304	0.00339859	0.00490904	0.219674	0.00717684	0.0269018	0.0155766	0.00706055	0.0490224	0.00843236	0.0106632	0.00161203	0.00888105	0.00679594	0.0178808	0.0171804	0.0199687	0.0138577	0.540615
96	0.0192407	0.00557322	0.00181296	0.00553381	0.00467387	0.00795972	0.0143189	0.0144745	0.15999	0.0125885	0.0126176	0.00703557	0.00287368	0.027637	0.651056	0.0135101	0.0116951	0.0178961	0.0029685	0.0065451
97	0.11427	0.0128492	0.0118835	0.0075513	0.00476746	0.0248529	0.00663723	0.00263379	0.00606924	0.00417201	0.00615955	0.010357	0.599506	0.0080819	0.00391281	0.131499	0.0239206	0.0188203	0.000214204	0.00184163
98	0.00744658	0.00118521	0.000362694	0.000789435	0.0134848	0.00118967	0.0013984	0.625406	0.0013955	0.152063	0.0200609	0.00406755	0.00149975	0.000910888	0.00374835	0.00198577	0.00750181	0.153793	0.000374457	0.00133679
99	0.00803188	0.00659469	0.000390506	0.000462989	0.0566478	0.0010471	0.00080057	0.14771	0.00210391	0.594531	0.0287399	0.000720928	0.00473076	0.000611375	0.0106256	0.00102028	0.00832054	0.112965	0.00370951	0.0102349
100	0.0276841	0.000768225	0.254444	0.446589	0.00187174	0.01669	0.0199574	0.00144373	0.0159175	0.00625339	0.00323759	0.0206116	0.00736279	0.108204	0.00918087	0.0292102	0.010843	0.00967788	0.000313996	0.00973877
101	0.534085	0.0242782	0.000814499	0.00247547	0.00375514	0.279286	0.00274108	0.0025871	0.00182337	0.00193329	0.00313724	0.00562127	0.00455366	0.000969167	0.00173833	0.0888439	0.0156607	0.0230982	0.000604689	0.00199358
102	0.0552171	0.0659701	0.00142905	0.0061257	0.388453	0.019135	0.00274858	0.0103154	0.00179424	0.12931	0.0361317	0.00717986	0.00334281	0.00209837	0.00199006	0.0295591	0.0188843	0.0489621	0.00611235	0.165241
103	0.0216568	0.0106224	0.00558858	0.0149115	0.00654004	0.0094543	0.0378599	0.0184933	0.285913	0.0191203	0.0233997	0.0182279	0.00820907	0.0504674	0.369886	0.0278288	0.0256303	0.0246803	0.00413248	0.0173773
104	0.0927194	0.0153446	0.00411668	0.00913452	0.00231948	0.0251094	0.00276653	0.00300149	0.00988162	0.00710759	0.00330898	0.00736925	0.0165774	0.0041219	0.00147107	0.659859	0.118752	0.0132667	0.000386874	0.00338528
105	0.0406581	0.0240845	0.00414597	0.00671478	0.290609	0.0104319	0.0130546	0.0372692	0.00884728	0.26429	0.0491345	0.00987715	0.00642124	0.00934837	0.00913961	0.0319644	0.0336506	0.0519334	0.00848592	0.0899394
106	0.0258366	0.0379558	0.0142487	0.00406316	0.00294223	0.0148501	0.0135744	0.013501	0.0551038	0.010677	0.00505459	0.0850174	0.0163501	0.0204118	0.0330464	0.35057	0.281121	0.0123662	0.000961107	0.00234779
107	0.00810159	0.00688403	0.000391473	0.000471608	0.0572262	0.00119162	0.00072728	0.143514	0.002178	0.601897	0.0288471	0.000767928	0.00431462	0.000609145	0.0102974	0.00100746	0.00850015	0.108841	0.00361143	0.0106213
108	0.0696051	0.00408826	0.128202	0.253566	0.00228394	0.0222578	0.0147409	0.00800315	0.127676	0.0222993	0.0053999	0.0507034	0.0108033	0.110806	0.0494973	0.0560413	0.0360407	0.0180696	0.00318639	0.00673034
109	0.0340095	0.000744555	0.222305	0.417354	0.00192256	0.0167611	0.0315724	0.00158937	0.0172146	0.00800116	0.00449416	0.0329175	0.00548881	0.127718	0.011639	0.0299005	0.0128757	0.00886048	0.000281535	0.01435
110	0.00852681	0.00649735	0.000716548	0.000832577	0.0576973	0.00116788	0.00136388	0.123488	0.00192792	0.636235	0.0281358	0.000767414	0.00351177	0.000827397	0.00862655	0.000998226	0.00911897	0.0949697	0.00350851	0.0110825
111	0.0290258	0.00595072	0.00517624	0.0491589	0.0322476	0.00517168	0.0243473	0.180294	0.0383574	0.173791	0.0479459	0.0128045	0.000485733	0.0380987	0.0240535	0.0259879	0.0496552	0.23179	0.00108109	0.0245768
112	0.0541334	0.00241446	0.169134	0.244115	0.00307389	0.0183452	0.0251784	0.0203696	0.0763289	0.0286375	0.00915476	0.042853	0.00885758	0.105641	0.0526511	0.058892	0.0423611	0.0233337	0.00220601	0.0123191
113	0.0139143	0.0097325	0.000410426	0.00053987	0.0575525	0.00223795	0.00127565	0.155523	0.0018947	0.552222	0.0339376	0.00180622	0.00415361	0.0015958	0.00899834	0.00243286	0.00871852	0.127269	0.00360854	0.0121766
114	0.0247557	0.00916691	0.0027347	0.0083406	0.00573932	0.0068686	0.0318187	0.0202696	0.279059	0.0195547	0.0263263	0.0131026	0.0107361	0.0433477	0.400109	0.0251066	0.0237533	0.0285167	0.00552915	0.0151646
115	0.00776191	0.0064427	0.000382927	0.000463402	0.0559493	0.000902955	0.000893648	0.148538	0.00207063	0.593628	0.0285652	0.000717366	0.00548222	0.000569979	0.0114044	0.00110452	0.00848599	0.11326	0.00359439	0.00978201
116	0.0141173	0.0053147	0.00129996	0.000780553	0.00197555	0.000590155	0.000549513	0.257777	0.00387838	0.036967	0.0068666	0.00170039	0.00252643	0.000477647	0.00338176	0.00547977	0.00616331	0.648235	0.000464544	0.00145406
117	0.172801	0.0339692	0.0020891	0.00281367	0.00582902	0.0576756	0.00251883	0.120819	0.00320737	0.034254	0.0759205	0.044936	0.00198878	0.00286672	0.0138848	0.12706	0.0253109	0.267346	0.00114255	0.00356794
118	0.1166	0.0183525	0.00762665	0.0166789	0.0100059	0.405954	0.0065044	0.0255977	0.0123754	0.00813188	0.0039205	0.0307282	0.0421537	0.016372	0.0163176	0.147965	0.0867043	0.0173588	0.00243413	0.00821904
119	0.17092	0.0138742	0.0110773	0.00919404	0.0174147	0.0205429	0.0417718	0.0148799	0.0161208	0.0441401	0.0360222	0.184244	0.00654718	0.0156538	0.0757072	0.221606	0.0353472	0.022877	0.00218519	0.0398748
120	0.0310327	0.0112637	0.00234124	0.00207487	0.00158611	0.0029972	0.00572849	0.0216131	0.00653574	0.0131135	0.00951923	0.0285241	0.00719367	0.0078553	0.0071459	0.268978	0.55562	0.0155935	0.00029174	0.000991538
121	0.151693	0.0196226	0.0133903	0.0314873	0.0124745	0.220647	0.0142238	0.0274103	0.0268941	0.00780134	0.00329338	0.0435611	0.0542142	0.0256731	0.0282158	0.183787	0.101829	0.0163002	0.00222491	0.0152565
122	0.0721517	0.0083426	0.00192124	0.00692149	0.0079681	0.00253054	0.0172707	0.244077	0.0215778	0.112212	0.0483851	0.0059456	0.00241535	0.00667846	0.0044651	0.0192619	0.0718262	0.342369	0.000591496	0.00308837
123	0.0443878	0.00654278	0.23937	0.287141	0.00821869	0.044276	0.0323198	0.00386758	0.0225951	0.00892382	0.00793347	0.06474	0.00827441	0.0947665	0.0125502	0.0601342	0.0250012	0.00945521	0.00040512	0.0190975
124	0.0300129	0.00176574	0.00119408	0.00918971	0.0020568	0.00594075	0.00210106	0.217145	0.102309	0.0868033	0.194337	0.00844814	0.00779894	0.0296364	0.0596782	0.013063	0.0753452	0.146416	0.00267372	0.00408441
125	0.0180941	0.0100236	0.0238996	0.0456225	0.00873039	0.0165278	0.0530703	0.0172956	0.295793	0.0280448	0.0121614	0.037243	0.00498132	0.0604302	0.240021	0.0456719	0.0415962	0.0232457	0.0005842	0.0169628
126	0.0272681	0.0108689	0.0184296	0.0392232	0.219093	0.000771438	0.0706409	0.0557172	0.0326427	0.170283	0.0230373	0.0147632	0.0023616	0.0257105	0.0451583	0.0296112	0.0131628	0.0741596	0.0210293	0.106068
127	0.015122	0.0102275	0.0216346	0.0419659	0.00853986	0.017617	0.0545825	0.0182753	0.303123	0.0256032	0.011388	0.0366693	0.00761501	0.0594637	0.242486	0.0431857	0.0417263	0.0244544	0.000272518	0.0160482
128	0.101499	0.0207763	0.102423	0.0732829	0.0143395	0.199248	0.054889	0.0031858	0.0343037	0.00512952	0.00605968	0.0993249	0.0208121	0.0312077	0.0404382	0.11561	0.0402957	0.0127038	0.000991098	0.0234808
129	0.0877393	0.00623306	0.0312511	0.0689658	0.00532431	0.0279388	0.0279721	0.0101772	0.106373	0.0279857	0.00966236	0.0490012	0.228495	0.0584199	0.092059	0.0835254	0.0348184	0.0222278	0.002666	0.0191643
130	0.0760564	0.023114	0.0160042	0.0300582	0.0297532	0.00413528	0.0415151	0.153562	0.031085	0.0927487	0.0285891	0.0202148	0.00147232	0.0199686	0.0369017	0.0277309	0.0542399	0.293803	0.00298196	0.016065
131	0.0374647	0.0305781	0.00102827	0.00395125	0.059331	0.00944917	0.00828518	0.180571	0.00355921	0.28262	0.0692861	0.0129481	0.0049401	0.0138134	0.00739395	0.0153472	0.0170595	0.204599	0.00268396	0.0350903
132	0.00636238	0.000641649	0.000312066	0.000423489	0.0116996	0.000786532	0.00053566	0.668447	0.000506978	0.11973	0.0122475	0.00430899	0.00160736	0.000470515	0.00310317	0.000959494	0.00637589	0.160497	0.000211638	0.00077373
133	0.125503	0.0775076	0.0902164	0.0536359	0.0478963	0.0192162	0.0611032	0.0253715	0.00369669	0.0195635	0.00909409	0.105908	0.00174958	0.0290185	0.00484712	0.17644	0.0251078	0.0173942	0.0169292	0.0898018
134	0.0104195	0.00577934	0.00100358	0.00109105	0.00227051	0.000514427	0.000640246	0.318976	0.00295569	0.0405134	0.0071208	0.00169018	0.00175086	0.000491213	0.00282422	0.00404443	0.00632631	0.588843	0.000775014	0.00197101
135	0.0958044	0.00580262	0.0280609	0.0674233	0.00621248	0.0285993	0.0243172	0.00857823	0.105903	0.028517	0.00792729	0.0478256	0.256478	0.0556698	0.0820749	0.0827168	0.0283884	0.0193141	0.00237674	0.0180097
136	0.0287824	0.00201239	0.254497	0.370385	0.00301014	0.0164581	0.0175614	0.00682715	0.0277408	0.0128719	0.00418922	0.0342146	0.016625	0.0916683	0.0181033	0.043122	0.0257627	0.0161475	0.000891494	0.00912962
137	0.0124384	0.00261963	0.00461278	0.00337647	0.0621634	0.00104096	0.00500019	0.0347406	0.00129314	0.702753	0.12137	0.00161974	0.00252918	0.00125432	0.00148096	0.00536931	0.0137651	0.0132848	0.00564321	0.0036449
138	0.0244949	0.0127281	0.00575617	0.0324063	0.0647443	0.0155959	0.07891	0.0486629	0.107887	0.0619002	0.0104229	0.0487196	0.00320653	0.0440186	0.111654	0.0980592	0.0912256	0.050486	0.0220765	0.0670456
139	0.121741	0.016923	0.0697425	0.0657043	0.0145688	0.208238	0.0530593	0.00788002	0.0400157	0.00676047	0.00473526	0.0753897	0.029144	0.029401	0.0423075	0.120365	0.0443739	0.0176817	0.00213769	0.0298308
140	0.00652292	0.00449914	0.000171526	0.000743621	0.0239643	0.00220898	0.00210104	0.350595	0.000335479	0.172158	0.0164827	0.00280691	0.000494465	0.00240461	0.00152359	0.00164476	0.0133256	0.394478	0.00162749	0.00191135
141	0.0226227	0.0157226	0.00574706	0.0551265	0.0471996	0.0145923	0.0626946	0.058963	0.0991608	0.072346	0.014205	0.0374497	0.00529876	0.0422853	0.113967	0.0811145	0.0918164	0.0833864	0.0195816	0.0567198
142	0.00731842	0.00495142	0.000162914	0.000724301	0.024481	0.00237083	0.00192645	0.349999	0.00035164	0.168838	0.0160938	0.00276937	0.000185255	0.00244693	0.00130645	0.00168244	0.0138046	0.397227	0.00142968	0.00192981
143	0.0108344	0.00158978	0.00510765	0.00155088	0.000813512	0.940436	0.00117042	0.00150644	0.00301615	0.00264844	0.00180989	0.00756186	0.000455095	0.000684645	0.00391788	0.00648179	0.00190189	0.00390001	0.00197176	0.00264161
144	0.60513	0.0357294	0.00256874	0.00659733	0.00493112	0.0651897	0.000939012	0.00495324	0.00532207	0.00207382	0.00267636	0.00633456	0.0067246	0.000376462	0.00105933	0.20013	0.0389366	0.00937937	0.000173632	0.000774601
145	0.564882	0.0422895	0.00281792	0.00667018	0.00523375	0.0544718	0.000851611	0.00722971	0.00541312	0.00332714	0.00367124	0.00906758	0.00737726	0.000388079	0.00122251	0.222287	0.047554	0.0137147	0.000369767	0.00116083
146	0.118409	0.117036	0.000560858	0.00100794	0.0100304	0.00880985	0.000878579	0.12781	0.00160301	0.0766776	0.0237002	0.00630606	0.00884906	0.00156511	0.000964411	0.0465064	0.120655	0.319712	0.000260909	0.00865789
147	0.0208354	0.0272243	0.00256917	0.00158011	0.00121755	0.00360386	0.00891258	0.0251622	0.0127523	0.00891292	0.00706373	0.0373375	0.0289694	0.00963621	0.0194677	0.340983	0.424094	0.0179838	0.000438276	0.00125555
148	0.00498007	0.00099472	0.000615731	0.000682169	0.020115	0.00159729	0.000742323	0.42537	0.00073424	0.425977	0.069562	0.00179443	0.00072692	0.000692232	0.00126929	0.00148097	0.00369979	0.0362137	0.000472978	0.00227935
149	0.148818	0.0142654	0.0497968	0.0443323	0.00247316	0.0189859	0.0088307	0.00928653	0.018648	0.0031555	0.0255555	0.0907738	0.00109085	0.0287764	0.00693321	0.1452	0.344409	0.0353599	0.000413632	0.00289588
150	0.024741	0.0110999	0.000886869	0.0014085	0.127873	0.00344806	0.00262545	0.266843	0.001271	0.161478	0.0340331	0.00389865	0.00239847	0.00341723	0.00256117	0.00624928	0.0171403	0.283579	0.00427876	0.0407686
151	0.513992	0.0220334	0.000655538	0.00226384	0.00339738	0.321018	0.00299699	0.00128462	0.00196723	0.00200478	0.00307131	0.00554633	0.0049689	0.0010834	0.000994339	0.0838023	0.00981325	0.017432	0.000121479	0.00155357
152	0.124131	0.0240333	0.0286292	0.003664	0.00690742	0.0700024	0.0207467	0.00334241	0.0142016	0.00631879	0.00324338	0.126514	0.00226252	0.011213	0.0143536	0.447151	0.0841009	0.00546553	0.00053732	0.00318202
153	0.0800481	0.008078	0.0324143	0.0715226	0.00527943	0.0283653	0.0329301	0.0137275	0.11006	0.0287879	0.0120677	0.0525449	0.193546	0.0604691	0.100555	0.0798407	0.0413701	0.0283682	0.00275672	0.0172682
154	0.0420914	0.00818101	0.015265	0.0310831	0.0351947	0.0162274	0.0562714	0.0119262	0.0689237	0.0211	0.0161488	0.0235796	0.116103	0.374887	0.038281	0.0600081	0.0280645	0.020952	0.00270888	0.0130031
155	0.0122236	0.00493396	0.000547473	0.00113939	0.01335	0.00141311	0.00150067	0.348526	0.00153379	0.11068	0.0154769	0.00279283	0.000685278	0.00140802	0.00181394	0.00287837	0.0180098	0.457721	0.00128821	0.00207749
156	0.0116702	0.00691836	0.000597315	0.00246856	0.00494387	0.0109863	0.00891199	0.00573233	0.0875446	0.00881565	0.00578259	0.00292882	0.0011439	0.020678	0.796523	0.00769641	0.00404236	0.00892512	0.00116991	0.00252086
157	0.0240754	0.0165258	0.0149381	0.00538643	0.0117561	0.00998096	0.0848485	0.00712494	0.00905948	0.00780932	0.00763935	0.536443	0.00212541	0.0206426	0.0201473	0.148884	0.0254527	0.0122677	0.00299488	0.0318985
158	0.135043	0.0158444	0.00225351	0.00563521	0.0406858	0.00329024	0.0099227	0.0384276	0.00321298	0.0616044	0.12995	0.00423036	0.00189462	0.00841318	0.0162195	0.0588793	0.170989	0.278775	0.00104578	0.0136835
159	0.510866	0.0221179	0.000666426	0.00236937	0.00358484	0.324118	0.00299892	0.00129541	0.00188917	0.00196836	0.00307619	0.00563939	0.00479251	0.00110197	0.00102788	0.0831613	0.00971534	0.0179187	0.000119741	0.00157322
160	0.0935662	0.102189	0.0500437	0.0295173	0.0551843	0.0406825	0.10636	0.0196791	0.0118073	0.0167518	0.017065	0.0789465	0.00413187	0.0124203	0.00788688	0.18826	0.0271788	0.013373	0.0393232	0.0856328
161	0.00803513	0.00153303	0.728051	0.0452916	0.00168323	0.0017288	0.0138479	0.0058996	0.00200807	0.0059559	0.00214226	0.0872645	0.00720238	0.00287618	0.0133888	0.0379641	0.024857	0.00371529	0.000451265	0.00610424
162	0.0412337	0.0178698	0.000507082	0.000861863	0.0144504	0.00415969	0.00384837	0.183202	0.00349542	0.277365	0.24502	0.00813068	0.000996665	0.00242306	0.00427638	0.0124149	0.0325104	0.139847	0.000367065	0.00702008
163	0.0893416	0.0370577	0.00330188	0.0113952	0.0339955	0.0172015	0.0104493	0.122273	0.00944169	0.195767	0.0589907	0.0398018	0.011994	0.0207027	0.00998267	0.0588035	0.0722947	0.182157	0.0038939	0.0111551
164	0.107761	0.0187013	0.0041919	0.00599683	0.00707321	0.00576819	0.00719516	0.0801904	0.0139168	0.0569283	0.02495	0.0124017	0.176321	0.0088413	0.0133965	0.0799394	0.202246	0.169962	0.000681183	0.00353719
165	0.00739975	0.00489659	0.000162481	0.000725059	0.024338	0.0023755	0.00192036	0.349553	0.000347751	0.169085	0.0161318	0.00276028	0.000189531	0.00247965	0.00132584	0.00169341	0.01385	0.397394	0.00142653	0.00194452
166	0.00784286	0.00262912	0.00398019	0.00440374	0.0454565	0.000885117	0.00668795	0.0244246	0.00105552	0.802966	0.0491854	0.00125375	0.000725483	0.00104898	0.00134282	0.00450511	0.0136219	0.0161373	0.00890052	0.00294716
167	0.0794841	0.0259829	0.00288697	0.00909633	0.0201149	0.0293582	0.0157782	0.11462	0.0116379	0.303862	0.0607998	0.0225978	0.0114806	0.0242313	0.00393177	0.0481165	0.0465774	0.146272	0.00898799	0.0141831
168	0.582989	0.0378129	0.00147095	0.00422477	0.0102988	0.0608347	0.000701765	0.0162962	0.000968398	0.00465173	0.00693539	0.0039081	0.00231351	0.000510226	0.00687692	0.123705	0.0502123	0.0738415	0.00538697	0.00606043
169	0.33655	0.0838821	0.000572544	0.000962921	0.020857	0.0434292	0.00101419	0.0534527	0.00123403	0.0478283	0.0291635	0.0212242	0.000967303	0.000935606	0.00266579	0.192175	0.0585384	0.0938134	0.000326711	0.0104067
170	0.0455476	0.00225874	0.0884168	0.0215085	0.00228998	0.470408	0.0103676	0.00280668	0.0526885	0.00314268	0.00201541	0.173107	0.00247035	0.00962736	0.0492475	0.0498322	0.00431703	0.0063589	0.000470491	0.00311837
171	0.597686	0.0313843	0.00111639	0.00475798	0.00859332	0.0343062	0.000552157	0.0163744	0.00106443	0.00247065	0.00710756	0.00306865	0.00171385	0.000618283	0.00765698	0.133411	0.0557249	0.0801249	0.00602223	0.00624548
172	0.0181423	0.00136229	0.0103972	0.0757146	0.0062421	0.00464009	0.0107363	0.121094	0.1063	0.0470973	0.0348301	0.0259243	0.00100144	0.100724	0.0382173	0.0371675	0.232287	0.121576	0.000413463	0.00613236
173	0.0463018	0.0121808	0.222929	0.13203	0.0130766	0.111065	0.0491352	0.00195571	0.0411865	0.00769057	0.0149758	0.0952394	0.0100862	0.0797236	0.0245383	0.0670504	0.0509869	0.00977947	0.000362178	0.00970625
174	0.0870894	0.00836151	0.0818409	0.113098	0.0141163	0.0176009	0.00980173	0.0548486	0.0177352	0.0982357	0.0110121	0.0307	0.00730857	0.0498574	0.0128924	0.167437	0.0709709	0.129574	0.00213912	0.0153812
175	0.0191682	0.00544112	0.000576224	0.000470128	0.0170049	0.00155326	0.00177201	0.328219	0.00136343	0.129707	0.022599	0.00271321	0.000287817	0.00178755	0.0011564	0.00377942	0.0240241	0.436237	0.000876787	0.00126301
176	0.00956738	0.00411786	0.000405858	0.000672052	0.0203207	0.00409679	0.00132039	0.421559	0.000681157	0.30467	0.0421725	0.00493614	0.00129984	0.00162736	0.00227457	0.00223587	0.00796859	0.165606	0.000947393	0.00352157
177	0.0306874	0.0054872	0.00535548	0.0522898	0.0305844	0.0067894	0.0204752	0.164475	0.0370048	0.198478	0.0442829	0.0124116	0.000564045	0.0330503	0.0227828	0.0278324	0.059321	0.223608	0.000662655	0.0238578
178	0.153208	0.0289026	0.0356512	0.00920798	0.0119396	0.0860597	0.0218423	0.00484418	0.0257447	0.00734565	0.00352927	0.0838097	0.0060874	0.0129652	0.0297245	0.394987	0.0669517	0.00906195	0.000581717	0.00755554
179	0.00647991	0.00460018	0.00016428	0.000729706	0.023768	0.00224577	0.00196764	0.352488	0.000343652	0.167	0.016249	0.00283366	0.000177726	0.00247916	0.00131825	0.00162707	0.0135365	0.39864	0.00146926	0.00188158
180	0.0274102	0.0108068	0.0187077	0.039786	0.219007	0.000825811	0.0711411	0.0554576	0.03302	0.168752	0.0226617	0.015068	0.00233984	0.0255975	0.0458378	0.0300988	0.013666	0.0741554	0.0209549	0.104706
181	0.00631442	0.00403367	0.000167127	0.000712939	0.0227818	0.00203003	0.00193504	0.386499	0.000352733	0.162561	0.0156478	0.00290436	0.000236564	0.00214261	0.00136124	0.00141395	0.0126035	0.373091	0.00138204	0.00183003
182	0.069817	0.0102324	0.00777586	0.0151933	0.00905268	0.0109109	0.00882984	0.016832	0.0234404	0.0132103	0.00792963	0.0121356	0.618503	0.0174284	0.0283193	0.0524262	0.0297495	0.0397498	0.000818026	0.00764607
183	0.02728	0.0108834	0.0184613	0.0392432	0.219536	0.000769349	0.07072	0.0556969	0.0326457	0.169913	0.0228764	0.0147978	0.00235665	0.0256109	0.0452175	0.0296938	0.0131101	0.0741109	0.0210614	0.106016
184	0.00702236	0.00661649	0.00454588	0.00632566	0.370199	0.0109988	0.036539	0.016397	0.0090601	0.055545	0.00543715	0.0117039	0.000960958	0.0126644	0.00336478	0.0177261	0.0175835	0.0239895	0.022867	0.360453
185	0.0221044	0.00877586	0.009098	0.0234643	0.00708684	0.00909912	0.0363174	0.0228521	0.303039	0.0239773	0.0246366	0.0220258	0.00683229	0.0508691	0.319067	0.0302777	0.0329836	0.0286685	0.00359581	0.0152294
186	0.0622075	0.0111472	0.00797274	0.0156265	0.0142404	0.00999976	0.0888647	0.0907081	0.0193618	0.126316	0.0467276	0.0104814	0.00345851	0.274638	0.0152632	0.022276	0.0298424	0.123315	0.00722932	0.0203241
187	0.601089	0.0368654	0.00285761	0.00735256	0.00489427	0.0463812	0.000816929	0.00477452	0.00600636	0.0022198	0.00293349	0.00670074	0.00720911	0.000346972	0.000834534	0.21815	0.0425202	0.00707111	0.000170368	0.000805766
188	0.0655793	0.00617196	0.0231584	0.0679699	0.00539557	0.0224973	0.0411867	0.012622	0.130635	0.0300325	0.00876015	0.0411287	0.185209	0.0753445	0.129656	0.0720012	0.0334557	0.0205982	0.00259204	0.0260053
189	0.0303242	0.0439274	0.00921937	0.0144508	0.0202225	0.0144806	0.0270074	0.0255394	0.0786565	0.0787068	0.0309083	0.0208401	0.0138322	0.0278253	0.319647	0.0461413	0.104146	0.0344044	0.00527753	0.054443
190	0.0121388	0.00865346	0.014428	0.0381328	0.00727663	0.0116809	0.0587135	0.0161671	0.287426	0.025317	0.0104274	0.0280608	0.0273774	0.0686453	0.271975	0.0386499	0.0322735	0.0200531	0.000691454	0.021912
