772	20
1	0.0656743	0.0105725	0.00125539	0.000362197	0.0275795	0.00493282	0.0017434	0.2069	0.00640794	0.220708	0.0456713	0.00143498	0.00568571	0.00235076	0.00882717	0.00712524	0.0379719	0.338612	0.00287751	0.0033071
2	0.310884	0.0363002	0.0241007	0.0283736	0.0120149	0.0860877	0.0127253	0.0256218	0.0171274	0.0539638	0.0146329	0.0174516	0.0262636	0.0253421	0.0430926	0.100899	0.0548397	0.0976636	0.00544459	0.00717075
3	0.0668588	0.0108687	0.000617231	0.00021139	0.0283152	0.00569177	0.00202665	0.205868	0.00573103	0.222617	0.0451001	0.00146518	0.00503363	0.00202889	0.00807595	0.00708265	0.0372169	0.338806	0.00288004	0.00350433
4	0.0682035	0.0109518	0.000890148	0.000292139	0.0284576	0.00524911	0.0020356	0.205701	0.00598282	0.217172	0.0453543	0.00188178	0.00699209	0.00223929	0.00849062	0.00687038	0.0387546	0.336196	0.00340753	0.00487749
5	0.127437	0.00946127	0.0098127	0.00543505	0.00419472	0.698025	0.0045973	0.00857242	0.00562574	0.00540834	0.00172135	0.0124966	0.00348727	0.00515138	0.00982638	0.0634877	0.0106865	0.0117567	0.00166518	0.00115151
6	0.0653696	0.0110729	0.000643059	0.000350875	0.0289259	0.00585822	0.00192866	0.200796	0.00655644	0.23029	0.0513946	0.00171488	0.00519975	0.00380761	0.00912457	0.00700818	0.0394754	0.324045	0.00290026	0.00353796
7	0.174441	0.0139991	0.00838049	0.00478935	0.00571632	0.615268	0.00572254	0.007686	0.00705536	0.00984892	0.00201311	0.0106599	0.00313206	0.00598033	0.0123332	0.0770964	0.0141065	0.018658	0.00176554	0.00134833
8	0.202956	0.0670761	0.0284716	0.0188463	0.0247429	0.0801367	0.025061	0.0370226	0.0197525	0.0823932	0.0206322	0.02104	0.0191631	0.0202777	0.0509947	0.0794744	0.0602317	0.110388	0.0106989	0.0206402
9	0.107148	0.0173165	0.0938846	0.0971568	0.0103308	0.0578702	0.0401038	0.013536	0.0540284	0.0305216	0.00675006	0.0595579	0.0266363	0.0630244	0.138256	0.085172	0.0529372	0.0302272	0.00615414	0.00938831
10	0.0597524	0.0131134	0.00399774	0.00510477	0.115535	0.0128383	0.0303006	0.100693	0.00883872	0.238396	0.0345899	0.00540047	0.00753964	0.0154463	0.0224133	0.0136505	0.0361466	0.189785	0.0240336	0.0624244
11	0.153158	0.0124264	0.0253199	0.0271197	0.0132169	0.0337259	0.0129603	0.022497	0.0188292	0.0436932	0.0155095	0.0229025	0.308137	0.018445	0.0607015	0.0706319	0.0578055	0.0685375	0.00697307	0.00741037
12	0.376528	0.0519991	0.00430985	0.00753658	0.0110913	0.125511	0.00761394	0.0231679	0.00650488	0.05068	0.0157365	0.00772243	0.0089802	0.00858732	0.0137503	0.0931054	0.0459651	0.133293	0.00475787	0.00315884
13	0.112746	0.00697676	0.129611	0.147269	0.000784037	0.0667647	0.0302033	0.00742989	0.0561754	0.014285	0.00576437	0.0449533	0.0155044	0.0772482	0.102891	0.105558	0.0541073	0.0183428	0.00246866	0.000917512
14	0.110901	0.0117368	0.120325	0.107941	0.00165302	0.0790614	0.023235	0.00927528	0.0397256	0.0145355	0.00541845	0.0464106	0.0249373	0.0587488	0.0734914	0.15622	0.0942956	0.0179049	0.00245627	0.00172756
15	0.154366	0.0118293	0.00748527	0.00641471	0.0197667	0.0177018	0.013542	0.0833977	0.011425	0.112387	0.028283	0.0228504	0.194565	0.01137	0.0425883	0.0265365	0.0478098	0.143678	0.00941418	0.0345894
16	0.116605	0.00750501	0.129117	0.150098	0.00140292	0.0650329	0.0316451	0.00792045	0.0544598	0.0158234	0.00565151	0.042287	0.0188502	0.0754109	0.103282	0.0997818	0.0510214	0.0201325	0.00297589	0.000997525
17	0.114167	0.00688707	0.131432	0.148635	0.000605385	0.0664658	0.0304511	0.00737743	0.0561392	0.0141089	0.00582887	0.0444454	0.0150568	0.0782257	0.101649	0.104821	0.0523671	0.0183623	0.00225928	0.000716813
18	0.042485	0.0128968	0.00314744	0.0017067	0.195142	0.0132242	0.0955628	0.021311	0.00738807	0.12861	0.0209246	0.0077337	0.00284409	0.00978483	0.0171522	0.0171992	0.0396128	0.073898	0.0753656	0.214011
19	0.0878296	0.0199344	0.0190454	0.023095	0.112959	0.0398706	0.0647373	0.0231653	0.0204913	0.103766	0.0203003	0.0155817	0.0259276	0.0176513	0.0535122	0.0462139	0.0463846	0.0700573	0.0728028	0.116675
20	0.113037	0.00733955	0.113786	0.13072	0.00156647	0.0660091	0.0294654	0.00766525	0.0646796	0.0150881	0.00554544	0.0437608	0.0143734	0.0847061	0.128468	0.0958427	0.0524977	0.0210069	0.00230864	0.00213461
21	0.0941247	0.0252528	0.0240178	0.0124294	0.044953	0.0213215	0.0253207	0.0789522	0.014394	0.197882	0.0336941	0.0460068	0.0295966	0.0147751	0.0397194	0.0301853	0.0437841	0.186831	0.0118801	0.0248794
22	0.0544273	0.0100231	0.00257543	0.00133281	0.0557485	0.00576366	0.00349632	0.154329	0.0059266	0.31241	0.0441451	0.00371781	0.00945032	0.00993294	0.00963489	0.0084379	0.0327117	0.262483	0.00580662	0.00764669
23	0.358049	0.0797638	0.0037531	0.00176409	0.0105704	0.0708736	0.00576808	0.0278375	0.00516229	0.0712311	0.0296552	0.00707805	0.0117876	0.00339488	0.00800229	0.0934642	0.054969	0.144764	0.00734134	0.00477002
24	0.113979	0.00687478	0.13208	0.14945	0.000604305	0.0664953	0.0308464	0.00742786	0.0562717	0.0142635	0.00580949	0.0443973	0.0149506	0.0781583	0.102252	0.103425	0.051328	0.0184059	0.00226154	0.000719153
25	0.109222	0.0101801	0.0309107	0.034394	0.00570309	0.494094	0.0146772	0.0089247	0.0296962	0.0122877	0.00385622	0.0199282	0.00707529	0.0291046	0.0721011	0.0684851	0.025601	0.0170817	0.00298639	0.00369011
26	0.10357	0.0123867	0.0517767	0.0832156	0.0113231	0.0696058	0.0291678	0.0129759	0.067476	0.0315467	0.00642476	0.0243364	0.0123697	0.0923205	0.174268	0.064318	0.0683207	0.0690394	0.00449139	0.011067
27	0.11435	0.0071502	0.131838	0.149194	0.00127897	0.0658554	0.0307487	0.00758776	0.055309	0.0149596	0.00575516	0.0444232	0.0174201	0.0766929	0.102842	0.101514	0.0506486	0.0186655	0.00271347	0.00105334
28	0.369106	0.0571995	0.0173545	0.00959304	0.00857217	0.0757332	0.00676153	0.0107623	0.00625177	0.039998	0.00838418	0.0132449	0.0233406	0.00944865	0.0122192	0.155765	0.0786519	0.0899818	0.00383812	0.0037942
29	0.0681516	0.0109909	0.000671453	0.000255798	0.0271484	0.00539134	0.00188473	0.206366	0.00613866	0.217226	0.0459097	0.0015279	0.00537607	0.00201774	0.0086793	0.00662583	0.0396712	0.339214	0.00313348	0.00362017
30	0.1257	0.00964321	0.0952659	0.143349	0.00371057	0.0840107	0.0297629	0.00920838	0.0490072	0.0193725	0.00547978	0.0363737	0.0161764	0.0691962	0.103436	0.0897299	0.062054	0.0397213	0.00595832	0.0028436
31	0.114633	0.00693193	0.130098	0.148976	0.000636905	0.0663618	0.0301936	0.00747801	0.0562623	0.0142077	0.00574124	0.0439263	0.0147657	0.0792956	0.10251	0.103425	0.0524645	0.018999	0.00231193	0.000780016
32	0.0685084	0.0125864	0.00454173	0.00635749	0.0802099	0.0108776	0.0180457	0.152501	0.0110922	0.181266	0.0323836	0.00696747	0.00999588	0.0121259	0.0367095	0.0123137	0.0393055	0.257895	0.0111136	0.0352038
33	0.106216	0.0167832	0.0220375	0.0284948	0.0517397	0.0240886	0.0257709	0.0237783	0.0243969	0.0646247	0.0127722	0.0140056	0.214142	0.0195778	0.0939622	0.0586206	0.0892665	0.072332	0.0152015	0.0221886
34	0.109681	0.00905146	0.112514	0.11991	0.00114261	0.0619409	0.0238969	0.00806829	0.0434576	0.013592	0.00480259	0.0541077	0.0223114	0.065347	0.0791597	0.163888	0.088452	0.0154074	0.00235588	0.000913626
35	0.113635	0.00734788	0.13251	0.148024	0.000994664	0.0653675	0.0302818	0.00787533	0.0550263	0.0149951	0.00583191	0.0432966	0.0201469	0.0758872	0.101516	0.104019	0.0515674	0.0182974	0.00256341	0.000815947
36	0.104472	0.00846359	0.087455	0.128977	0.00958241	0.0512093	0.0338842	0.0093272	0.0627143	0.03167	0.00567691	0.0332003	0.0270766	0.0741147	0.153829	0.0769287	0.0579901	0.0321967	0.00615435	0.0050772
37	0.0618418	0.0121934	0.0115237	0.0459689	0.0553614	0.0455947	0.0294018	0.018611	0.0412646	0.0527042	0.00768596	0.0114279	0.0502172	0.073666	0.149652	0.0557062	0.127104	0.0897253	0.00841586	0.0519343
38	0.160375	0.0313577	0.00672748	0.00977369	0.0171704	0.0288237	0.00788141	0.0999046	0.0126026	0.128823	0.0344901	0.00997896	0.025949	0.0132798	0.027768	0.0481137	0.0982392	0.224618	0.00420489	0.00991881
39	0.083429	0.0136893	0.0321576	0.0591848	0.0132452	0.0520091	0.0256613	0.0111283	0.108222	0.0383085	0.00441345	0.0151974	0.0176786	0.0766951	0.254205	0.0524275	0.0810713	0.0459671	0.00545935	0.00985036
40	0.0983325	0.0118378	0.0653686	0.112577	0.0158778	0.0434194	0.0348243	0.0072693	0.0726697	0.0454891	0.00495891	0.0294249	0.0517137	0.0532419	0.176573	0.0780123	0.0448222	0.0283962	0.021156	0.0040353
41	0.178237	0.015992	0.0138639	0.0101308	0.004917	0.558084	0.00680298	0.0085303	0.00939589	0.0115176	0.00262338	0.014879	0.00418337	0.00985523	0.0163621	0.0859809	0.0215976	0.0237506	0.00174154	0.00155457
42	0.333896	0.0380523	0.00534833	0.00237205	0.0262887	0.264791	0.0161766	0.0095722	0.00528965	0.0356528	0.00835298	0.0108633	0.00740207	0.0119299	0.0100384	0.0888623	0.0385976	0.0769336	0.00631234	0.00326805
43	0.032147	0.00756677	0.0026529	0.00162187	0.132044	0.00682117	0.0217883	0.0947187	0.00485336	0.358455	0.0378273	0.00383203	0.00597273	0.0186132	0.011509	0.0084834	0.0229191	0.165278	0.0195269	0.0433701
44	0.0657364	0.0102096	0.000614749	0.000225496	0.0279134	0.00453807	0.00154168	0.207231	0.0059353	0.224666	0.0462699	0.00152172	0.00474961	0.00206526	0.00823983	0.00624295	0.0380251	0.338492	0.00269851	0.00308376
45	0.118064	0.00781756	0.0612176	0.0496746	0.00347421	0.491262	0.0136267	0.00881438	0.0213602	0.00871746	0.00303214	0.0225958	0.00800518	0.0274442	0.0377906	0.0758799	0.0263204	0.0113163	0.00240766	0.00117905
46	0.0715598	0.0115628	0.00308401	0.00138216	0.0848969	0.00776842	0.0134697	0.167793	0.00659857	0.197519	0.0358255	0.00451476	0.00634295	0.00570447	0.0138778	0.0117559	0.0333647	0.286669	0.00954085	0.0267687
47	0.117781	0.0102291	0.120519	0.12459	0.00244399	0.0713953	0.0304449	0.00887798	0.0488523	0.0169459	0.00560502	0.0571093	0.0176623	0.0690001	0.0939142	0.115912	0.0635675	0.0201815	0.00278419	0.00218543
48	0.115998	0.00680433	0.127364	0.149892	0.000790186	0.0652518	0.0307187	0.00759614	0.0566727	0.0145972	0.00585383	0.0428534	0.0146083	0.0793995	0.106112	0.0993255	0.0521934	0.0202688	0.00260795	0.00109278
49	0.062546	0.0139431	0.00750991	0.0072626	0.148925	0.0202969	0.0503181	0.0610404	0.0113949	0.198176	0.0257657	0.00967823	0.012799	0.0154845	0.0319432	0.0219663	0.0365222	0.12565	0.0405299	0.0982477
50	0.114072	0.0127906	0.125724	0.124403	0.00557288	0.0636436	0.0320324	0.0118138	0.049198	0.0258825	0.00697031	0.0447686	0.0229349	0.0678583	0.100311	0.105276	0.0551522	0.0244225	0.00404313	0.00312963
51	0.253943	0.0243256	0.0527039	0.0602314	0.00989077	0.0743521	0.039854	0.00943979	0.0308632	0.0351265	0.00708315	0.0319883	0.0213513	0.0391079	0.0617872	0.128375	0.0539194	0.0502009	0.00712494	0.0083321
52	0.114442	0.00686247	0.130719	0.148384	0.000606032	0.0665732	0.0306028	0.00745605	0.057515	0.0141202	0.0059018	0.043845	0.0149473	0.0784997	0.104217	0.102688	0.051013	0.0186141	0.00221657	0.000777481
53	0.0218654	0.00648537	0.00197645	0.00125041	0.1389	0.00607957	0.0113091	0.0804357	0.00387632	0.447087	0.044366	0.00234151	0.00559929	0.0245427	0.00693117	0.00664647	0.0176415	0.131719	0.0156598	0.0252865
54	0.067287	0.0148416	0.00694817	0.00780344	0.141897	0.0245458	0.0567419	0.0598217	0.0118188	0.190739	0.0258539	0.0108261	0.00948092	0.0185402	0.031921	0.0206571	0.0387878	0.12194	0.0397569	0.0997915
55	0.114205	0.00767171	0.109632	0.13475	0.00124102	0.128486	0.0278116	0.00776409	0.0517751	0.0138862	0.00525653	0.0401544	0.0141972	0.0701895	0.0962958	0.101567	0.0507495	0.0199753	0.00333503	0.00105624
56	0.0647259	0.0104303	0.000591539	0.000237107	0.0294745	0.00493138	0.0015319	0.205045	0.00592957	0.229262	0.0458635	0.00141222	0.00501771	0.00272856	0.00795968	0.00630127	0.0372324	0.335539	0.00276825	0.00301778
57	0.0805404	0.00956823	0.0243908	0.00631039	0.00288161	0.0325313	0.00543727	0.00797913	0.00354038	0.0141296	0.00298398	0.0983567	0.0143175	0.0317689	0.00618099	0.390522	0.253053	0.0108239	0.0020897	0.00259514
58	0.107573	0.0124311	0.0831647	0.120909	0.0153731	0.0401828	0.0332492	0.00926259	0.0469704	0.045586	0.00572292	0.0286754	0.113972	0.0450927	0.122032	0.0774155	0.0451316	0.0303453	0.0128474	0.00406369
59	0.116759	0.00940258	0.0922608	0.111117	0.00724144	0.0566686	0.0384967	0.00710276	0.0710101	0.0276564	0.00476842	0.0348841	0.022577	0.0721479	0.164072	0.0785482	0.0491184	0.0277195	0.00487179	0.0035775
60	0.113181	0.0081147	0.108247	0.142475	0.00589089	0.0592817	0.0320197	0.00917685	0.0576372	0.0261999	0.00645642	0.0390554	0.0237395	0.0713615	0.118344	0.0897517	0.0524946	0.0278603	0.00548257	0.00322994
61	0.295825	0.034369	0.0281502	0.0314463	0.0144574	0.0961026	0.0155481	0.0304499	0.0178468	0.0585015	0.0128582	0.0154249	0.0261683	0.0226169	0.0374323	0.0968874	0.0514236	0.0993748	0.00601931	0.00909797
62	0.0542531	0.072824	0.106464	0.0305691	0.0268869	0.0401304	0.0989144	0.0137535	0.0223246	0.0803969	0.00556524	0.0921773	0.0193513	0.0229881	0.138486	0.0427395	0.0401086	0.0536013	0.00896507	0.0295008
63	0.170437	0.0162615	0.0166488	0.0357496	0.0520782	0.022434	0.0316569	0.0223451	0.0395596	0.107823	0.0103702	0.0143834	0.0443775	0.0303325	0.181499	0.0288085	0.0504768	0.0917328	0.0119498	0.0210753
64	0.0700411	0.0227138	0.00348946	0.0038403	0.0308038	0.0138418	0.00541392	0.133526	0.0124478	0.239339	0.0686787	0.00465969	0.0106907	0.0138515	0.020199	0.0180059	0.070379	0.241438	0.0074614	0.00917918
65	0.112226	0.012096	0.119388	0.12343	0.00891451	0.0681997	0.0325065	0.0101743	0.0494298	0.0251251	0.00598382	0.0427148	0.0256353	0.0659485	0.101121	0.100811	0.0573263	0.0266281	0.00606531	0.00627509
66	0.153142	0.0121658	0.026885	0.0264385	0.0113161	0.0250484	0.0145773	0.0211878	0.0196871	0.0391959	0.0130375	0.0195898	0.319477	0.0164558	0.0673699	0.0748552	0.0609183	0.065081	0.00733446	0.00623708
67	0.107897	0.011709	0.0787832	0.100091	0.0142241	0.0551114	0.0273285	0.0171964	0.055619	0.0508853	0.00974296	0.0346117	0.0183972	0.0878603	0.123922	0.0826807	0.0659867	0.0435076	0.00448955	0.00995566
68	0.107538	0.014152	0.0553456	0.0680356	0.0294223	0.0778367	0.100157	0.0159084	0.0393331	0.0353631	0.0082605	0.0403373	0.012201	0.0902926	0.094867	0.0623877	0.0625784	0.0402799	0.0119601	0.0337433
69	0.0981574	0.0139317	0.0450069	0.073214	0.0118252	0.0542453	0.0298435	0.0108468	0.0989572	0.0351152	0.00482055	0.0229172	0.0205063	0.0731516	0.225159	0.0613533	0.0644244	0.0415129	0.00625437	0.00875763
70	0.0544823	0.0109258	0.000815831	0.000400233	0.0457504	0.00585851	0.00162565	0.174095	0.0063217	0.289891	0.0528965	0.0017798	0.00602407	0.0096219	0.00899824	0.00666206	0.0358916	0.281817	0.00345914	0.00268331
71	0.0243142	0.00695232	0.00379051	0.00290883	0.133104	0.0058939	0.0116383	0.0826274	0.00549803	0.435843	0.0417054	0.00368453	0.00802202	0.0240485	0.0115159	0.00723081	0.0175673	0.134607	0.0154346	0.0236133
72	0.0661898	0.0144119	0.00689705	0.00708984	0.0648909	0.0130318	0.00803199	0.121767	0.0109713	0.314459	0.0401062	0.00523535	0.0111726	0.0175833	0.0240655	0.0183132	0.0376238	0.203821	0.00650937	0.00782915
73	0.112183	0.00707491	0.11334	0.146338	0.00334594	0.0623774	0.0353875	0.0081546	0.055642	0.0193614	0.00595623	0.0391896	0.0142886	0.0834078	0.112889	0.0906933	0.0559633	0.0285816	0.0028907	0.0029361
74	0.186808	0.0978148	0.00921118	0.00377192	0.0143244	0.0451695	0.0102292	0.0534106	0.0108125	0.116634	0.0335112	0.010779	0.0199708	0.0088239	0.0239048	0.0546769	0.0913159	0.192872	0.0074339	0.00852613
75	0.272131	0.0271978	0.0225508	0.0108801	0.00500369	0.0596156	0.00721154	0.00877938	0.00704895	0.0261498	0.00528759	0.0476409	0.0235472	0.0205458	0.0120582	0.264763	0.12819	0.0464111	0.00278413	0.0022032
76	0.0492392	0.0147771	0.00408731	0.00117883	0.18415	0.0147416	0.0954073	0.0192001	0.00875977	0.103249	0.0208113	0.00883072	0.00384921	0.00957132	0.0195465	0.021637	0.0416632	0.0716291	0.0848601	0.222811
77	0.10841	0.00760539	0.0895299	0.132891	0.00973574	0.0504028	0.0387699	0.00802214	0.0603406	0.0328637	0.00512985	0.0330136	0.0282598	0.0709803	0.14455	0.0781735	0.0565184	0.0330868	0.00651025	0.00520677
78	0.295689	0.0313209	0.0337443	0.0386613	0.0103379	0.101581	0.0185173	0.0211333	0.0204814	0.0452227	0.0108208	0.0186376	0.0269835	0.0273584	0.0465946	0.100896	0.055284	0.083492	0.0056454	0.00759946
79	0.019985	0.00521459	0.00165165	0.00113659	0.137538	0.00515382	0.00751812	0.0808947	0.00353511	0.471703	0.0434096	0.00203407	0.0054519	0.0256402	0.00652012	0.00515653	0.0142636	0.133324	0.0128111	0.0170586
80	0.110604	0.00812163	0.104391	0.144634	0.00570746	0.0637295	0.0305702	0.00927479	0.0535716	0.0270203	0.0063376	0.0381165	0.0257938	0.0704327	0.112261	0.0915177	0.0578002	0.0302517	0.00597266	0.0038903
81	0.113365	0.00746552	0.131398	0.147467	0.00112882	0.0656259	0.0329505	0.0075774	0.0556946	0.0151477	0.00570177	0.0449795	0.0160573	0.0766315	0.103923	0.102181	0.0505904	0.0186686	0.00256611	0.000880634
82	0.398121	0.0449215	0.0148226	0.0140021	0.00869983	0.0941911	0.00875815	0.0102852	0.00929277	0.0403264	0.0074832	0.012958	0.0205683	0.0118963	0.0181854	0.136108	0.0549463	0.0878593	0.00361517	0.00295963
83	0.119061	0.0088585	0.0124332	0.00983499	0.00531296	0.669612	0.00746623	0.010054	0.00822497	0.00948436	0.00202665	0.014499	0.00324575	0.00955737	0.0151904	0.0641152	0.0149162	0.0116959	0.00243719	0.00197522
84	0.0759692	0.0153962	0.0105557	0.0177503	0.0727213	0.0423433	0.096854	0.0792638	0.0199654	0.0665242	0.0161874	0.0135843	0.0114563	0.0505841	0.0670267	0.0269544	0.0897113	0.0716704	0.0308363	0.124645
85	0.123302	0.0370329	0.085273	0.0419019	0.0142952	0.0376847	0.016291	0.0127095	0.0160159	0.0314832	0.00651853	0.0144169	0.237321	0.0144622	0.0552119	0.144957	0.069412	0.0271143	0.0107729	0.00382333
86	0.1319	0.0160505	0.00393699	0.00252259	0.0112388	0.01488	0.00377581	0.0887346	0.00980256	0.0988963	0.0508599	0.0179231	0.217245	0.0061221	0.0311855	0.03038	0.0633514	0.189428	0.00428753	0.00747905
87	0.11651	0.00758017	0.128537	0.142696	0.000751951	0.0750797	0.0295959	0.00785692	0.0534983	0.0137859	0.00565581	0.0438326	0.0159517	0.0743188	0.0974936	0.109835	0.0558109	0.0180013	0.00230352	0.000904823
88	0.111527	0.00935669	0.0795319	0.0957268	0.00328275	0.0873016	0.0250311	0.0080948	0.0746407	0.0158533	0.00544071	0.0392284	0.0127481	0.0722606	0.145017	0.118887	0.0648417	0.0256846	0.00308567	0.00246005
89	0.0726022	0.0117269	0.000949485	0.00102917	0.0269872	0.00639875	0.00220333	0.190775	0.0074144	0.228273	0.0468529	0.00285426	0.00953495	0.00410479	0.0147678	0.00752441	0.0405724	0.318644	0.00306821	0.00371712
90	0.132483	0.00874865	0.0843851	0.105335	0.0058201	0.058165	0.0292979	0.00808689	0.0625449	0.0263289	0.00524285	0.0476963	0.0524938	0.0615465	0.119424	0.110302	0.0506924	0.0241388	0.0055087	0.00175858
91	0.105528	0.0190913	0.00284474	0.00346074	0.0228695	0.0152284	0.00491889	0.16255	0.00979836	0.178102	0.045141	0.00508571	0.0160755	0.00651255	0.0184633	0.0224031	0.0641628	0.283677	0.0053934	0.00869407
92	0.127775	0.0105829	0.014647	0.0118906	0.00429828	0.640074	0.00718483	0.00943523	0.0097808	0.00823956	0.00261806	0.0148843	0.00558119	0.0097464	0.0183883	0.0691526	0.0174847	0.0146691	0.00199403	0.00157298
93	0.0943225	0.0177945	0.00712209	0.00744458	0.0326379	0.0171328	0.00690565	0.148537	0.0117562	0.201022	0.0406018	0.00681511	0.0190975	0.00913566	0.0238871	0.0202307	0.0473061	0.274523	0.00542962	0.00829862
94	0.0469491	0.0141871	0.00321147	0.000723618	0.198065	0.0133909	0.0987229	0.0190659	0.00781405	0.101181	0.0214146	0.00805791	0.00233889	0.00810251	0.0167286	0.0180401	0.0386211	0.074669	0.0795412	0.229176
95	0.0821913	0.0140008	0.00083132	0.000395044	0.0247511	0.0105733	0.00168935	0.194721	0.00687815	0.204945	0.0485705	0.00273245	0.0068465	0.00234782	0.00908181	0.00873326	0.0401156	0.333784	0.00343198	0.00337915
96	0.11883	0.00852703	0.0146335	0.00961027	0.00639022	0.668151	0.0072935	0.0113404	0.00859972	0.00876836	0.00315132	0.0138942	0.00398502	0.00800176	0.0148116	0.0631115	0.012446	0.01391	0.00225558	0.0022893
97	0.0641443	0.0209912	0.00112726	0.00145463	0.0252757	0.0104673	0.00186236	0.154091	0.0138823	0.243205	0.0613894	0.00345561	0.00941101	0.00977213	0.0170165	0.0107235	0.0622618	0.282333	0.00406791	0.0030687
98	0.0483149	0.0138344	0.00306992	0.00235954	0.181236	0.0141477	0.0908778	0.0178671	0.0109189	0.10317	0.0227316	0.00753296	0.00503069	0.0135912	0.0228534	0.0250012	0.0425827	0.066807	0.0865983	0.221475
99	0.0978803	0.0286015	0.0948763	0.0606287	0.0126529	0.0430413	0.0451548	0.0165063	0.0305265	0.0909122	0.0127086	0.0747303	0.022077	0.0394669	0.0816696	0.0990909	0.0540445	0.0740129	0.00725846	0.0141599
100	0.275768	0.0352149	0.0246642	0.0285971	0.0135452	0.135916	0.0403267	0.0137018	0.0174657	0.0535806	0.00995826	0.0181632	0.011299	0.0238325	0.0343843	0.104125	0.0517711	0.0890912	0.00776556	0.0108294
101	0.0653199	0.0164144	0.00131974	0.00104052	0.0281751	0.00842886	0.00217111	0.168627	0.00909366	0.252065	0.0584706	0.00315299	0.00804961	0.00844538	0.014278	0.00887827	0.056084	0.282827	0.00372533	0.00343398
102	0.120207	0.00803374	0.00967077	0.00423861	0.00413881	0.717847	0.00493369	0.00823162	0.00583747	0.0049533	0.00156022	0.0116544	0.00264012	0.00539933	0.00965094	0.063662	0.00824955	0.00679896	0.00136466	0.00092792
103	0.0893258	0.00783491	0.0296303	0.015333	0.00212058	0.0378259	0.00968532	0.00768206	0.00857905	0.0141163	0.00284475	0.125577	0.00876332	0.0438094	0.0146439	0.350679	0.217871	0.0096641	0.00223647	0.00177819
104	0.166079	0.0170997	0.101449	0.0732075	0.00662444	0.0523309	0.0192277	0.0280794	0.0280545	0.021162	0.00764244	0.0301802	0.0995402	0.0385635	0.0578064	0.14312	0.066858	0.0324232	0.00535505	0.00519711
105	0.102054	0.0127668	0.0787322	0.086823	0.0127823	0.089856	0.074995	0.0113601	0.0668439	0.0252083	0.0201309	0.0589369	0.0144538	0.0608041	0.0927599	0.077062	0.0671128	0.0268963	0.00755091	0.0128707
106	0.171436	0.0385576	0.0948109	0.064366	0.00407152	0.0621818	0.0184006	0.0122685	0.0266545	0.0207805	0.00668351	0.0335843	0.0491348	0.0377954	0.0518065	0.186525	0.0828991	0.0320501	0.00301391	0.00297884
107	0.0684869	0.0103245	0.00163659	0.000243737	0.0431845	0.00497398	0.00321091	0.202953	0.00563427	0.209653	0.0415413	0.00272639	0.005428	0.00239259	0.00925219	0.00801877	0.0349836	0.334435	0.00294228	0.00797934
108	0.446453	0.0576211	0.00370672	0.00252016	0.0101985	0.0815188	0.00640379	0.0122886	0.00373555	0.0535831	0.00985883	0.00423102	0.00701079	0.00321442	0.00781797	0.115395	0.0492533	0.119056	0.00339345	0.00273983
109	0.272209	0.025243	0.0172599	0.00796737	0.00666611	0.0473416	0.00620572	0.0200635	0.00881357	0.0317301	0.0124474	0.0149523	0.193483	0.0096154	0.0270623	0.13585	0.063211	0.0917366	0.0036445	0.00449775
110	0.106139	0.0144778	0.0587932	0.0514016	0.00781156	0.130452	0.0268784	0.0110009	0.0275143	0.0230272	0.00761583	0.0854428	0.0129158	0.0464544	0.0505833	0.178823	0.125415	0.0251408	0.00396616	0.00614636
111	0.104595	0.0110601	0.0582691	0.0847912	0.0107692	0.0547599	0.0260986	0.0116113	0.0767968	0.0327005	0.00580984	0.0241735	0.0139426	0.104223	0.206943	0.0646063	0.0580206	0.038547	0.00341706	0.00886579
112	0.0637069	0.00983863	0.000592339	0.000210638	0.0294114	0.00446896	0.0015681	0.206891	0.00574879	0.23143	0.0457193	0.00127535	0.00483323	0.00261771	0.0078035	0.00611611	0.0365021	0.335663	0.00268051	0.00292312
113	0.34823	0.0376004	0.0242668	0.0200704	0.00699848	0.0761167	0.0097546	0.00960854	0.011459	0.0335382	0.00753027	0.0220799	0.0235871	0.0163439	0.0203375	0.186781	0.0690153	0.0702138	0.00358834	0.00287963
114	0.0458508	0.0136783	0.00356101	0.00209702	0.193523	0.0140974	0.10103	0.0171988	0.00836471	0.104482	0.0209598	0.0084473	0.00283169	0.00966759	0.0199665	0.0188121	0.040571	0.0716299	0.0787444	0.224487
115	0.0799957	0.017871	0.0298922	0.0488269	0.0183316	0.0332474	0.0206476	0.0202987	0.0629867	0.105815	0.0155927	0.0278613	0.0243228	0.0461699	0.102728	0.109375	0.149178	0.0665307	0.00685418	0.0134741
116	0.0218801	0.0066927	0.00217615	0.00216467	0.155023	0.00634874	0.0202681	0.0633019	0.00455262	0.432715	0.039089	0.00318564	0.00653402	0.0239448	0.0100452	0.00742108	0.0173283	0.112177	0.0227249	0.0424274
117	0.101581	0.0147954	0.113566	0.0989925	0.00384213	0.191738	0.0299726	0.00908245	0.0379554	0.0166307	0.00491441	0.0523191	0.0127069	0.0553567	0.0804351	0.100177	0.0506698	0.0180506	0.00334796	0.0038672
118	0.0169679	0.00560204	0.00190026	0.00119842	0.152306	0.00567134	0.0122246	0.0664576	0.00373084	0.472419	0.0420175	0.00241326	0.00535387	0.0268041	0.00656572	0.00619561	0.0141758	0.112087	0.0177249	0.0281845
119	0.0719008	0.00672571	0.0390207	0.109094	0.0241804	0.0342372	0.0256481	0.0111455	0.0565113	0.0446347	0.00617956	0.0154279	0.0152507	0.0990033	0.176676	0.050352	0.120768	0.0702232	0.00282519	0.0201962
120	0.119325	0.00902589	0.0127666	0.00794971	0.00626607	0.683511	0.0072135	0.00912115	0.00748228	0.00667159	0.00207162	0.0130228	0.0025381	0.00709891	0.0135156	0.0654778	0.0118425	0.0100101	0.00227641	0.00281358
121	0.15316	0.011487	0.0283746	0.0279421	0.0143248	0.0252646	0.0152253	0.0220951	0.0195134	0.0396212	0.0137633	0.0221033	0.31129	0.0175605	0.0666181	0.0725565	0.0576331	0.0666368	0.00722115	0.00760978
122	0.26382	0.0278499	0.0219008	0.00974777	0.0054743	0.0592388	0.0065813	0.00937054	0.00661866	0.0256855	0.00505295	0.0481971	0.0252235	0.0216434	0.0111995	0.267006	0.132118	0.0460859	0.00374059	0.00344489
123	0.0524746	0.00835452	0.000707633	0.000397601	0.0525651	0.00398594	0.00221735	0.184868	0.00470012	0.289841	0.0439543	0.00140284	0.00459308	0.00731146	0.00693641	0.00546671	0.0299623	0.29226	0.00403794	0.00396366
124	0.136549	0.0105465	0.0376769	0.0278263	0.0029773	0.0471767	0.0133846	0.00851953	0.0147512	0.0166139	0.00412663	0.112373	0.0130449	0.0417336	0.0237253	0.295337	0.171	0.0179179	0.00249824	0.00222195
125	0.0676084	0.0108034	0.000717043	0.00039625	0.0290723	0.005701	0.00266392	0.202183	0.00638442	0.221479	0.0453091	0.00193788	0.00764506	0.0029043	0.00933041	0.00751298	0.0389158	0.33242	0.00308424	0.00393166
126	0.114347	0.00864897	0.122387	0.134766	0.00219485	0.0653369	0.0312045	0.00902314	0.0540967	0.0204608	0.00730177	0.0439098	0.0200039	0.0786013	0.104155	0.103124	0.0533311	0.0213454	0.00306992	0.00269118
127	0.116969	0.014391	0.0381825	0.0305937	0.00640175	0.0428655	0.012076	0.0102708	0.0169003	0.0230568	0.00479826	0.071515	0.0241437	0.0377091	0.0339028	0.287627	0.193512	0.0264214	0.00328337	0.00538039
128	0.329174	0.0392404	0.0234041	0.0280252	0.0120869	0.0935751	0.0131802	0.021799	0.0166661	0.0520673	0.0124954	0.0127824	0.0284	0.0209926	0.0345185	0.100173	0.0511879	0.0977176	0.00563551	0.00687774
129	0.190149	0.0647294	0.0233307	0.0191207	0.0229151	0.0592011	0.0211697	0.0477791	0.0189528	0.0936372	0.0232844	0.0183769	0.0240181	0.0187503	0.0489539	0.0772612	0.0658536	0.134713	0.0101956	0.0176084
130	0.156206	0.0186426	0.0504785	0.0470002	0.0108647	0.0869575	0.0207373	0.0120898	0.0244976	0.0269443	0.00714501	0.0487384	0.0308711	0.0412723	0.0501702	0.211864	0.103204	0.0350627	0.00639669	0.0108572
131	0.0984932	0.0112258	0.0351841	0.0247315	0.00557606	0.0411463	0.0093086	0.0104265	0.0122431	0.0194946	0.00543778	0.0839389	0.0189398	0.0376786	0.0235159	0.330585	0.205723	0.0195825	0.00288655	0.00388205
132	0.156219	0.0181554	0.0468179	0.0416325	0.00973464	0.0920187	0.0168842	0.0125533	0.0216881	0.0263133	0.00762725	0.0532623	0.0300984	0.0354968	0.0436332	0.225704	0.113532	0.0367526	0.00482428	0.00705201
133	0.0625007	0.0142743	0.0101406	0.0108834	0.074301	0.0130913	0.0123796	0.10265	0.0120592	0.314766	0.0390531	0.00813523	0.0148222	0.0203638	0.0269015	0.0214833	0.0365378	0.17884	0.0116588	0.0151585
134	0.0994096	0.017899	0.00704654	0.00848981	0.0302731	0.0175275	0.00811055	0.151998	0.00984983	0.194894	0.0394664	0.00693764	0.0182389	0.00871641	0.0205504	0.0267754	0.0459852	0.274675	0.00502184	0.00813535
135	0.33368	0.0378923	0.0237706	0.0260916	0.0113187	0.0838251	0.0140754	0.0215263	0.0148288	0.0493166	0.011293	0.0144829	0.0249758	0.0228605	0.0346216	0.114553	0.0549921	0.0949677	0.00423338	0.00669516
136	0.0595499	0.00902984	0.000810842	0.000436093	0.0386287	0.00461689	0.00176365	0.192465	0.00544887	0.262736	0.0450029	0.00136903	0.0052901	0.00456064	0.00821548	0.00607191	0.0338199	0.3127	0.00343462	0.00404914
137	0.120054	0.0154389	0.0743983	0.0821049	0.0279042	0.0664462	0.0624589	0.0121159	0.0396234	0.0359685	0.0079573	0.0424858	0.0213022	0.0558405	0.0826513	0.112693	0.0614785	0.0345718	0.0154152	0.0290913
138	0.285583	0.0435468	0.00518793	0.00428205	0.0215337	0.0524059	0.00668327	0.0629297	0.00675	0.13121	0.0250428	0.00603329	0.0124585	0.00767076	0.0138436	0.0809522	0.049343	0.171732	0.00559356	0.00721782
139	0.312551	0.0357469	0.0269956	0.0286469	0.0115147	0.0927971	0.0166793	0.0197266	0.0194556	0.0497106	0.010706	0.0192263	0.0284762	0.0240805	0.042044	0.109048	0.0573808	0.0838568	0.00480763	0.00654979
140	0.31628	0.0762954	0.00469075	0.00360704	0.0151987	0.0629003	0.00706928	0.0426923	0.00875826	0.0790806	0.0246844	0.00655873	0.0143654	0.00631179	0.0176793	0.076585	0.0561346	0.166214	0.00684434	0.00804938
141	0.120794	0.0105369	0.0629527	0.0879378	0.00599464	0.0575604	0.0235506	0.0100878	0.0854482	0.0219202	0.00494903	0.0253323	0.0127064	0.105391	0.203377	0.0706813	0.0497521	0.0298707	0.00397259	0.00718379
142	0.411336	0.0437291	0.011242	0.00710316	0.0079719	0.0799077	0.00818477	0.00893981	0.00727828	0.039567	0.00756347	0.0148693	0.0152607	0.00930469	0.012094	0.169845	0.0585055	0.0815409	0.00308264	0.00267398
143	0.0549823	0.00905916	0.000922144	0.000421041	0.0465479	0.00432817	0.00206588	0.187504	0.00519606	0.281589	0.0449111	0.00139688	0.00495906	0.00690624	0.00757332	0.00571422	0.03221	0.296606	0.00335822	0.00374917
144	0.103679	0.0195362	0.0945916	0.0962144	0.00952583	0.0600607	0.0418523	0.0112165	0.057081	0.0310964	0.00650176	0.05439	0.02459	0.0659044	0.148207	0.081167	0.0504217	0.0310602	0.00528172	0.00762192
145	0.108544	0.00723565	0.118698	0.140711	0.00249151	0.0608491	0.0299321	0.00809502	0.0524679	0.0253382	0.00631922	0.0414286	0.0154326	0.0851667	0.102235	0.102191	0.0623102	0.0252835	0.00265657	0.00261408
146	0.111818	0.0105157	0.0708485	0.0864735	0.00708321	0.148018	0.0288433	0.00947274	0.0628896	0.014885	0.00465326	0.034467	0.0105663	0.0857472	0.146649	0.0814503	0.0491908	0.0261612	0.00445069	0.00581641
147	0.113507	0.00726379	0.133273	0.149292	0.00119349	0.0657071	0.0308926	0.00768445	0.0553881	0.015051	0.00579874	0.0434959	0.0176768	0.0766137	0.101395	0.102701	0.0512127	0.0185754	0.00248298	0.000794375
148	0.18323	0.0733636	0.0231743	0.0180733	0.0194103	0.057772	0.0207634	0.0318471	0.0168015	0.0833582	0.0194694	0.0220987	0.0236635	0.0217252	0.0452784	0.100948	0.105913	0.10516	0.0099052	0.0180447
149	0.112584	0.00747449	0.132878	0.146286	0.000806296	0.0679858	0.0296611	0.00753177	0.0541772	0.0145042	0.00565785	0.0441077	0.0154295	0.0754665	0.0989833	0.107528	0.0572749	0.0185654	0.00234775	0.0007498
150	0.0625651	0.0179836	0.00120341	0.00195788	0.0332609	0.0095514	0.0027989	0.154705	0.00918487	0.260658	0.0607302	0.00227612	0.00884203	0.0104932	0.0151856	0.011066	0.0564777	0.271461	0.00462214	0.00497768
151	0.320107	0.0393951	0.0208491	0.0219286	0.0122956	0.100679	0.0125528	0.0233424	0.0169837	0.0529974	0.011718	0.0135659	0.0290827	0.0211631	0.0391948	0.102664	0.0544914	0.0967393	0.00466222	0.00558839
152	0.0499058	0.00819184	0.000956042	0.000585446	0.0581767	0.00438058	0.00210349	0.168745	0.00498495	0.317648	0.0435714	0.00150454	0.00536321	0.00992225	0.00766903	0.00582306	0.030372	0.271343	0.00438944	0.00436397
153	0.385378	0.0625237	0.0105922	0.00842811	0.0118373	0.0936694	0.00840301	0.0165677	0.00732441	0.0546714	0.0145336	0.00795939	0.0108561	0.00788978	0.0166584	0.107036	0.0521928	0.112485	0.00592121	0.00507154
154	0.22491	0.0296589	0.00853936	0.00555027	0.00550281	0.49229	0.00568993	0.0108478	0.00634981	0.0202509	0.00568306	0.00908338	0.00494906	0.0058151	0.0129426	0.0802564	0.0228711	0.0443402	0.0025028	0.00196575
155	0.119613	0.0122754	0.0120664	0.00885838	0.00855837	0.582674	0.00859094	0.0281886	0.00861368	0.0295842	0.00932078	0.0128387	0.00453145	0.010205	0.0185255	0.0583963	0.0189676	0.0401901	0.00302147	0.00497992
156	0.213507	0.0302908	0.0237052	0.0204925	0.0128365	0.0631602	0.0127271	0.0385239	0.0138778	0.0565537	0.0167605	0.0252817	0.0316848	0.0197746	0.0304851	0.157118	0.0784521	0.13896	0.00660888	0.00919993
157	0.0902177	0.00806407	0.0275379	0.0116386	0.00197408	0.0360686	0.00879453	0.0076175	0.00658544	0.0136285	0.00293302	0.129522	0.00833666	0.0419614	0.0113834	0.356928	0.22413	0.00945646	0.00167004	0.00155191
158	0.0682286	0.0154621	0.00104519	0.000404546	0.0261383	0.00685468	0.00168124	0.192893	0.00746459	0.226691	0.048582	0.00282132	0.00701344	0.00376822	0.00978642	0.00774721	0.042517	0.324759	0.00321877	0.00292376
159	0.0849516	0.0180901	0.0107443	0.0190502	0.0210225	0.020856	0.0124197	0.127467	0.0372834	0.148754	0.0584052	0.00994823	0.0201352	0.0252636	0.0689664	0.0251111	0.0811824	0.184112	0.00765897	0.0185782
160	0.0821022	0.0127765	0.00122597	0.0013711	0.0275667	0.00775067	0.00250084	0.178801	0.00735082	0.226523	0.0453959	0.00596669	0.0199485	0.0047158	0.0133223	0.00815866	0.0393433	0.306696	0.00388698	0.00459729
161	0.110467	0.0140198	0.0890038	0.1107	0.0058899	0.0578352	0.0233892	0.00872606	0.0388133	0.0219534	0.00493629	0.0384012	0.0734538	0.0512829	0.0781913	0.154547	0.0881778	0.0223738	0.00495338	0.00288575
162	0.0992348	0.0141882	0.0708848	0.115421	0.0220716	0.0319532	0.0474746	0.00694648	0.0521211	0.0631745	0.00431345	0.0266201	0.103081	0.0367371	0.149874	0.0629978	0.0399401	0.0291955	0.0192338	0.00453726
163	0.139698	0.0148009	0.0213917	0.0488493	0.0506113	0.0172024	0.0375341	0.0132123	0.0509579	0.0995	0.00591054	0.0139794	0.0626654	0.0320577	0.224357	0.0291943	0.0522796	0.0537696	0.0157915	0.0162378
164	0.0812362	0.0239514	0.00187191	0.000881571	0.020028	0.0149886	0.00240792	0.149106	0.0104584	0.205913	0.0615171	0.00412253	0.0100428	0.00716261	0.0138839	0.0201856	0.0698251	0.292406	0.00433238	0.00567852
165	0.259079	0.0307898	0.00843348	0.00508442	0.0537646	0.248206	0.0198821	0.0127058	0.00899358	0.0436026	0.00933697	0.0120421	0.0115871	0.0154912	0.0211347	0.104029	0.0445162	0.0645176	0.0102968	0.0165069
166	0.0819915	0.0150467	0.00612345	0.00268996	0.0609301	0.0174096	0.0292131	0.143211	0.00966359	0.127046	0.0304962	0.00950644	0.0142514	0.00895772	0.0231863	0.03295	0.0496392	0.245912	0.0189652	0.0728106
167	0.176566	0.0157777	0.0628539	0.0668369	0.0210471	0.0354446	0.0312304	0.0142056	0.0418851	0.0702657	0.00696387	0.0276973	0.0470451	0.0393532	0.158523	0.0493056	0.0444361	0.0706429	0.00955011	0.0103698
168	0.042186	0.0124244	0.00313103	0.00257778	0.17364	0.0122919	0.0810188	0.0375559	0.00829592	0.154247	0.0222268	0.00684864	0.00411	0.00982299	0.0188449	0.0173588	0.0463189	0.0998218	0.0630644	0.184214
169	0.103533	0.00750188	0.104746	0.120266	0.00239964	0.0593266	0.0237673	0.00809854	0.0450163	0.0162682	0.00539748	0.0521064	0.0168372	0.0722006	0.0866576	0.161132	0.0906683	0.0199408	0.00229285	0.00184376
170	0.0933458	0.00891363	0.0542429	0.101339	0.0124499	0.0485274	0.0282693	0.0108044	0.0930006	0.0349708	0.00476029	0.0227562	0.0206165	0.079419	0.208576	0.0631758	0.0626491	0.0379798	0.00617333	0.00802999
171	0.193423	0.0166643	0.0394861	0.0531773	0.0214845	0.145722	0.0394165	0.0125859	0.0349189	0.0287675	0.00957026	0.0306121	0.0152428	0.0791542	0.0703852	0.0770449	0.04601	0.0388677	0.0313071	0.0161592
172	0.124586	0.00663682	0.107702	0.125324	0.000840911	0.074808	0.0282056	0.0080053	0.0645248	0.0127691	0.00546999	0.0448806	0.0140074	0.0809011	0.119092	0.109296	0.0498157	0.0194239	0.00249642	0.00121446
173	0.206706	0.0347924	0.00963289	0.00837862	0.011474	0.0633378	0.0107457	0.0826939	0.0145567	0.0816769	0.0546662	0.032626	0.0442047	0.0104157	0.0263164	0.0445918	0.0500179	0.193796	0.00726621	0.012104
174	0.0476596	0.0109587	0.00352921	0.00285093	0.136661	0.0105982	0.0565954	0.0781139	0.00839959	0.19655	0.0289122	0.00592179	0.00563724	0.0115297	0.0212073	0.0150156	0.0443179	0.136475	0.0444397	0.134627
175	0.272158	0.029347	0.0343522	0.0320635	0.00628639	0.0665851	0.0133861	0.0117373	0.0161484	0.0315653	0.0072577	0.0374612	0.0251606	0.0273558	0.0319789	0.202755	0.0880252	0.0599508	0.00339945	0.00302632
176	0.127551	0.012541	0.0316283	0.0453717	0.0197087	0.0177978	0.0264616	0.0167159	0.0323082	0.0561143	0.011326	0.0202482	0.259949	0.0195188	0.127539	0.0484769	0.0496185	0.0584326	0.0127504	0.00594152
177	0.114771	0.00818881	0.130471	0.146635	0.0013975	0.0689201	0.0303111	0.00830811	0.0529392	0.0154459	0.00560842	0.0407375	0.0157461	0.0740253	0.101458	0.0998239	0.0564353	0.0242855	0.00302257	0.00146918
178	0.125223	0.00944492	0.00859389	0.00320121	0.0044847	0.710622	0.00473058	0.00876533	0.00511456	0.00587176	0.00163942	0.0109456	0.00250751	0.00454567	0.00888871	0.0632981	0.00943514	0.0101925	0.00147887	0.00101664
179	0.0967567	0.0174042	0.0593656	0.0786235	0.0193639	0.0458648	0.0614618	0.0141137	0.055114	0.0479237	0.00698443	0.0312361	0.0248801	0.057011	0.17284	0.0561798	0.0785125	0.0467386	0.00849742	0.0211286
180	0.319671	0.0775608	0.0103176	0.00472212	0.013605	0.070256	0.0110332	0.0248486	0.00682203	0.0645101	0.0173312	0.0107137	0.0181985	0.00759663	0.0168069	0.107558	0.0653951	0.138583	0.006767	0.00770395
181	0.10458	0.0113447	0.0776153	0.096185	0.00669187	0.0590658	0.0326409	0.00881083	0.084257	0.0250475	0.00539875	0.0416923	0.0255633	0.0708819	0.178806	0.0778544	0.0548037	0.0288129	0.00524581	0.00470291
182	0.164472	0.0213509	0.0298216	0.00852836	0.00606458	0.0442544	0.00583275	0.0134043	0.00655103	0.013611	0.00743851	0.0190351	0.25315	0.0113661	0.0197096	0.205294	0.123165	0.0401759	0.00300351	0.00377142
183	0.0459589	0.0140574	0.00409582	0.00101535	0.197149	0.0146249	0.0999869	0.0201298	0.0076811	0.106597	0.0195383	0.00907359	0.00295075	0.00910295	0.0184043	0.0179079	0.0390963	0.0747671	0.0765876	0.221276
184	0.135246	0.0110835	0.117627	0.117428	0.00256773	0.06496	0.0257461	0.00919496	0.0453196	0.016529	0.00595019	0.0444894	0.0247524	0.063539	0.0836226	0.1388	0.0655874	0.0226817	0.00297116	0.00190399
185	0.163867	0.0117137	0.102011	0.0923824	0.0042475	0.0588131	0.0235937	0.0245915	0.039457	0.0183191	0.00698121	0.0576642	0.0220618	0.0574351	0.0729538	0.145087	0.0654911	0.0283134	0.00266056	0.00235522
186	0.117719	0.00693738	0.114926	0.131486	0.000857812	0.0737456	0.0300612	0.00788463	0.0632622	0.01307	0.00561015	0.0434336	0.0137385	0.0799141	0.121583	0.100533	0.0509247	0.0207087	0.0023481	0.00125634
187	0.363793	0.0400598	0.0227758	0.0222482	0.00835019	0.0858589	0.0115173	0.0101795	0.0131063	0.0370773	0.00779224	0.0179208	0.0227945	0.0182466	0.023895	0.146006	0.0628563	0.0782441	0.00406861	0.00320944
188	0.0969247	0.0232341	0.137287	0.114041	0.00590913	0.059241	0.0442961	0.0090712	0.0448055	0.0275584	0.00559706	0.067993	0.0157352	0.0629294	0.112746	0.0876308	0.0500078	0.023734	0.0037128	0.00754661
189	0.122636	0.00894036	0.0170795	0.014044	0.00548279	0.641074	0.00829811	0.0100826	0.0101352	0.00942034	0.00273797	0.0150249	0.00327041	0.0119071	0.018645	0.0669912	0.015762	0.0132382	0.00243448	0.00279586
190	0.0496153	0.0143425	0.00549809	0.00949136	0.171715	0.0159481	0.0888222	0.0208111	0.0112468	0.104616	0.0179072	0.0091655	0.00521264	0.0171954	0.0387494	0.0196113	0.0617153	0.076346	0.0663841	0.195606
191	0.209242	0.0338721	0.00304458	0.00388469	0.0181809	0.0608272	0.00459482	0.115024	0.00843008	0.117948	0.0379408	0.0087759	0.0123618	0.00529026	0.0143729	0.0418688	0.0467396	0.246922	0.00560233	0.00507693
192	0.0810677	0.0193555	0.0337276	0.0698875	0.0518646	0.011798	0.0533644	0.00799862	0.0470106	0.10608	0.00461315	0.014737	0.129526	0.0118006	0.201521	0.0350394	0.0350739	0.0344178	0.0379062	0.0132103
193	0.139017	0.00986616	0.00758719	0.00265263	0.00438263	0.692129	0.00443152	0.00846412	0.00471964	0.00612764	0.00170086	0.0109547	0.00261469	0.00390997	0.00805537	0.0678641	0.0108755	0.0122363	0.00143061	0.000979885
194	0.111186	0.00800855	0.119067	0.140956	0.00272375	0.0643976	0.0290451	0.00818747	0.0548744	0.0178639	0.00609445	0.0422811	0.0193778	0.0746401	0.106085	0.108667	0.0584863	0.0221345	0.00350586	0.00241901
195	0.12992	0.0100412	0.0134771	0.0101458	0.00419477	0.664583	0.00605744	0.00909244	0.00796499	0.00643709	0.00208401	0.0128388	0.0037076	0.00818221	0.0148968	0.06707	0.0130559	0.0132502	0.00151956	0.00148075
