658	20
1	0.0119879	0.0215966	0.00680756	0.0123893	0.00762289	0.00388973	0.0282631	0.0106702	0.358328	0.0378368	0.00552767	0.0129706	0.00269471	0.0182975	0.403676	0.0136529	0.00791733	0.00900924	0.00163153	0.0252302
2	0.0361153	0.00485249	0.00646461	0.0157542	0.0559464	0.00463551	0.0133394	0.034628	0.121658	0.246106	0.0392925	0.0187576	0.00800393	0.0294542	0.220156	0.0262767	0.0295437	0.0502639	0.00653158	0.0322194
3	0.057977	0.00335492	0.161891	0.155417	0.00195661	0.0186015	0.0125684	0.0168892	0.101013	0.0137	0.0120091	0.1463	0.00267899	0.0741857	0.0357373	0.0910486	0.0685934	0.0182973	0.00097991	0.00680073
4	0.0749147	0.00265016	0.032843	0.0494873	0.115788	0.0164064	0.0363024	0.0236502	0.120045	0.0440525	0.0086653	0.0141551	0.00155326	0.0518138	0.101548	0.0455018	0.143275	0.0412612	0.0112982	0.0647889
5	0.0333647	0.013843	0.00501497	0.00861187	0.0417026	0.00719746	0.00758947	0.142069	0.011397	0.446126	0.0765317	0.00640715	0.0055581	0.00753269	0.00708279	0.0140686	0.0180368	0.135379	0.0018346	0.0106528
6	0.0444522	0.00546371	0.00486416	0.00710532	0.00607729	0.00610304	0.0365225	0.221099	0.0104106	0.0700513	0.0126338	0.00845432	0.00303484	0.123792	0.241929	0.0141417	0.0114616	0.165546	0.00187571	0.00498219
7	0.0832683	0.0210216	0.00171912	0.00477336	0.00194345	0.0049352	0.0013263	0.234127	0.00274756	0.0966148	0.0178135	0.00469556	0.00937062	0.0150373	0.00229549	0.015761	0.0586783	0.418094	0.00320662	0.00257147
8	0.00426964	0.0275943	0.00400565	0.00367427	0.2716	0.000999153	0.089084	0.0137471	0.00857599	0.00774039	0.0035713	0.0139786	0.00701245	0.00597913	0.0179324	0.033874	0.0197155	0.0232573	0.0088729	0.434516
9	0.122963	0.00284511	0.106035	0.351987	0.00181596	0.0107189	0.0126026	0.00596974	0.0766223	0.0329047	0.0153953	0.041567	0.000760232	0.0916495	0.0429105	0.0415524	0.0202182	0.0053671	0.000882585	0.0152317
10	0.0866057	0.00819676	0.0242643	0.0547054	0.0150601	0.00775572	0.0013928	0.0895176	0.0498438	0.0640963	0.017952	0.0290796	0.0517144	0.046146	0.0233669	0.140836	0.113239	0.173833	0.000690366	0.00170359
11	0.0190955	0.00168329	0.691318	0.0914226	0.000659017	0.0172007	0.00276338	0.00109035	0.00638326	0.00176879	0.00123868	0.121026	0.00465363	0.00102636	0.0039225	0.0258696	0.00425679	0.00159749	0.000201662	0.00282174
12	0.149743	0.0101693	0.00247928	0.0130222	0.00277384	0.00810824	0.0159234	0.0157187	0.0123104	0.00690635	0.00480424	0.00271976	0.579618	0.0113157	0.00580537	0.088387	0.0229356	0.0450953	0.000835621	0.00132866
13	0.0982857	0.0218068	0.0397373	0.0562527	0.00363415	0.0555873	0.0030774	0.00906096	0.0565292	0.0521665	0.00367253	0.0452205	0.302997	0.0367292	0.0472785	0.0623363	0.0656903	0.0280802	0.000736087	0.011121
14	0.0299745	0.0556094	0.00168652	0.00232866	0.00205089	0.0186831	0.00168283	0.00341614	0.00708077	0.00809212	0.0178877	0.115567	0.00115852	0.0064688	0.00640917	0.223737	0.489135	0.00462875	0.00080258	0.00360075
15	0.00272166	0.0034003	0.000715925	0.00106817	0.796573	0.000863737	0.000695605	0.0184543	0.0012008	0.0346195	0.0213939	0.00321553	0.000424107	0.00138806	0.000970078	0.00511387	0.00324797	0.0133636	0.0126277	0.0779422
16	0.102423	0.0101347	0.0126039	0.0283228	0.00441451	0.0182512	0.00454566	0.0115599	0.0140685	0.0148502	0.0146441	0.00856091	0.580241	0.0151416	0.010146	0.0676341	0.0517695	0.0269856	0.000929033	0.00277418
17	0.00855947	0.00275968	0.00262443	0.000785813	0.30416	0.00040916	0.00550034	0.000794127	0.0011642	0.00548138	0.00262749	0.00131889	0.000273267	0.000829603	0.00490657	0.0023061	0.00173073	0.00270756	0.0249539	0.626108
18	0.0994685	0.0132549	0.00373281	0.0115212	0.00481856	0.0137333	0.00770872	0.0436825	0.007076	0.0141063	0.00736306	0.00424164	0.633467	0.00843581	0.00608357	0.0559021	0.0250224	0.03754	0.000937869	0.00190355
19	0.0115418	0.0125561	0.00495994	0.0056467	0.268951	0.00156766	0.0322767	0.00847191	0.0102708	0.0135002	0.00668521	0.00771462	0.00269653	0.00590863	0.0133485	0.0136771	0.00929951	0.0145279	0.0236486	0.53275
20	0.179663	0.0330617	0.0159732	0.0238304	0.0194269	0.0379293	0.00860764	0.0517137	0.0192932	0.125872	0.1379	0.0206703	0.010378	0.0211347	0.0109581	0.0864558	0.0375767	0.133015	0.00600315	0.0205361
21	0.0547906	0.0169333	0.0808659	0.0738726	0.0161011	0.0479974	0.0227355	0.0245525	0.0650214	0.0395011	0.0238127	0.235449	0.0104926	0.0361924	0.0427835	0.0782908	0.071563	0.0347836	0.0035515	0.0207099
22	0.0821285	0.00503652	0.0127582	0.00772751	0.00203498	0.768783	0.00293955	0.00394602	0.00950486	0.00841748	0.00236282	0.0289077	0.00522428	0.00443631	0.0139176	0.0252433	0.00723167	0.0067311	0.000850087	0.0018188
23	0.0476078	0.00297286	0.00375196	0.00633308	0.0692563	0.00330272	0.0220892	0.0250531	0.124757	0.201407	0.0350174	0.0151463	0.0125662	0.0293251	0.213884	0.0400938	0.0329382	0.0511958	0.00611105	0.0571913
24	0.0129733	0.00777377	0.000767723	0.00154419	0.0261165	0.00237039	0.00160954	0.115565	0.00315773	0.621044	0.124973	0.00363804	0.00508182	0.0039265	0.00140847	0.0033072	0.00614118	0.0546638	0.000529759	0.00340756
25	0.0247803	0.00854552	0.0190569	0.0208444	0.0315939	0.00803616	0.488287	0.0129686	0.0363317	0.0202341	0.0160199	0.0445844	0.014932	0.084349	0.0275823	0.0365475	0.0158667	0.0207711	0.00775883	0.0609095
26	0.0605955	0.0107306	0.00350119	0.00556271	0.0404737	0.00433246	0.0229637	0.261139	0.0146802	0.207059	0.0475325	0.00511428	0.00277362	0.00704965	0.00653914	0.0078931	0.0198147	0.254344	0.00294913	0.0149517
27	0.0970277	0.00475114	0.00749455	0.00717298	0.000907848	0.795807	0.00150365	0.00249944	0.00387599	0.00613481	0.00195026	0.0171879	0.0018561	0.00301607	0.0114167	0.0236092	0.00842622	0.00361554	0.000737991	0.00100847
28	0.0263638	0.00771006	0.0158329	0.0175238	0.0395399	0.0103752	0.474873	0.0167343	0.029929	0.0260241	0.0169122	0.0421232	0.00985362	0.095748	0.0261508	0.0384129	0.0197695	0.0217715	0.0074288	0.056923
29	0.224399	0.0888384	0.00628338	0.0116595	0.00453749	0.191153	0.00301546	0.0108639	0.00703426	0.059691	0.00828901	0.00672307	0.00881893	0.00711852	0.00485459	0.171484	0.148387	0.0311481	0.00272157	0.0029805
30	0.00526665	0.00733577	0.00162322	0.00156227	0.562025	0.000981533	0.0095176	0.0105125	0.00247579	0.0209936	0.0114651	0.00358468	0.00088718	0.00261689	0.00400805	0.0072841	0.00389353	0.0111862	0.0211036	0.311676
31	0.00854257	0.0140654	0.00109595	0.00149661	0.00133792	0.0347666	0.00120023	0.00181569	0.00253737	0.0106313	0.0143355	0.0424215	0.000646227	0.00254462	0.00252226	0.26659	0.589572	0.00233337	0.000525275	0.00101942
32	0.0265646	0.00606167	0.00131531	0.00231887	0.0437526	0.00136531	0.00244024	0.239285	0.00221746	0.386251	0.0806267	0.00301598	0.00118355	0.00178051	0.000563618	0.00131829	0.00786113	0.181413	0.00129094	0.00937407
33	0.0266841	0.0410802	0.00178336	0.0030682	0.0036157	0.0251509	0.00192208	0.00434971	0.00583177	0.0208658	0.0340995	0.0448021	0.00201017	0.0045654	0.003998	0.305731	0.458727	0.00776454	0.000803234	0.00314664
34	0.0186787	0.009311	0.010117	0.0228207	0.0105424	0.00530239	0.0384608	0.00921848	0.37796	0.0445035	0.0081096	0.0204453	0.005746	0.0290888	0.309015	0.0194593	0.0147095	0.0118713	0.00210869	0.0325317
35	0.25599	0.0878573	0.00151682	0.00432433	0.00614832	0.0152062	0.00161869	0.100656	0.00455389	0.0872634	0.012646	0.00302348	0.00147496	0.00303357	0.00144366	0.0292819	0.142533	0.238239	0.000668528	0.00252054
36	0.0438923	0.00259454	0.370772	0.295589	0.00494244	0.0243282	0.00881308	0.0149328	0.0382522	0.0141962	0.00371698	0.0295044	0.00240797	0.0425368	0.00568722	0.0203827	0.0331091	0.0420996	0.000593973	0.00164776
37	0.00276399	0.00394148	0.000956668	0.000952309	0.743979	0.000704198	0.00325215	0.0140257	0.00116202	0.0262835	0.0171875	0.00332842	0.000550397	0.00123946	0.001513	0.0049903	0.00253042	0.0110887	0.012263	0.147288
38	0.452673	0.0169776	0.00192003	0.00524617	0.00428469	0.0627521	0.0013738	0.0333362	0.00889641	0.00479718	0.0364769	0.0131162	0.00532129	0.0161685	0.0123989	0.254559	0.0503237	0.0170341	0.000566706	0.0017779
39	0.288548	0.0832121	0.00373997	0.00406794	0.00471991	0.0233048	0.00149255	0.0599782	0.00229389	0.00636833	0.0360337	0.0169097	0.000966806	0.002505	0.00195963	0.131635	0.0949926	0.2303	0.000569944	0.00640185
40	0.172015	0.0113803	0.00741473	0.0134886	0.00685298	0.147637	0.00994048	0.0156174	0.0287789	0.0188228	0.0100828	0.0148587	0.00428519	0.091085	0.311939	0.0754429	0.0261282	0.0244463	0.00295122	0.00683182
41	0.00502173	0.00686601	0.00198869	0.000835905	0.491467	0.000527475	0.0097081	0.00874373	0.0012942	0.018729	0.00888288	0.00248755	0.000845465	0.00144535	0.00350836	0.00456328	0.0039143	0.0130663	0.0231431	0.392961
42	0.0635231	0.00605733	0.0102039	0.14105	0.00979497	0.00780292	0.195567	0.00891982	0.0890463	0.0113718	0.00844312	0.0439713	0.00294184	0.149405	0.0679754	0.0234365	0.0158407	0.0126479	0.0268073	0.105194
43	0.0274907	0.00768675	0.0198577	0.0340355	0.0149768	0.00849798	0.0264356	0.0137629	0.25506	0.0810985	0.0184234	0.0580372	0.0101656	0.0368759	0.284905	0.032504	0.0216702	0.0187396	0.00488028	0.0248962
44	0.00539563	0.0013842	0.00147526	0.00201102	0.00301016	0.00284737	0.0135898	0.01892	0.00244357	0.304356	0.560444	0.0191918	0.00101818	0.0273165	0.00202982	0.00418652	0.0101094	0.0126916	0.00335285	0.00422612
45	0.0328127	0.00988551	0.0153088	0.0668132	0.00372717	0.00879838	0.0127919	0.0333906	0.20532	0.116206	0.0665482	0.0258674	0.000391161	0.16118	0.109489	0.0313652	0.0466952	0.0429324	0.00272783	0.00774875
46	0.0599603	0.035348	0.0135856	0.0184815	0.00668541	0.499973	0.0111454	0.00965889	0.0339885	0.0185909	0.0082485	0.0703148	0.00499224	0.0181142	0.112139	0.0402274	0.0162839	0.0141233	0.00236424	0.00577461
47	0.0692076	0.00715892	0.038757	0.0811357	0.0286289	0.02076	0.0346892	0.0101421	0.233111	0.0259215	0.00395058	0.0279746	0.000744796	0.0715271	0.207404	0.0450383	0.0554249	0.0138855	0.0064028	0.0181356
48	0.0259818	0.00620373	0.055789	0.0629238	0.00272737	0.00520803	0.00133496	0.00343413	0.374603	0.0469886	0.0179512	0.109108	0.0530119	0.028256	0.104904	0.075406	0.0159236	0.0057837	0.00186496	0.00259714
49	0.199208	0.116321	0.0031193	0.00200428	0.00742068	0.0132256	0.00137716	0.0758219	0.00231621	0.0158326	0.0265059	0.00778998	0.000705683	0.00195688	0.00229443	0.0966475	0.133851	0.287644	0.000800005	0.00515787
50	0.018156	0.00896842	0.000800528	0.00251501	0.0278191	0.00269429	0.00117601	0.161953	0.00218576	0.552705	0.0892813	0.00260812	0.00207854	0.00165539	0.000893636	0.00232599	0.00648862	0.110679	0.000432281	0.00458456
51	0.00471702	0.0103651	0.00181755	0.00512241	0.42237	0.00393956	0.00690432	0.0067043	0.00270871	0.0846072	0.0143229	0.00533702	0.00110342	0.0106024	0.00955905	0.00671404	0.00427076	0.0177029	0.276394	0.104737
52	0.0953334	0.00727893	0.00854581	0.0193432	0.00523675	0.0138893	0.0069559	0.0128033	0.0104879	0.0104361	0.00662368	0.0073491	0.647264	0.0121302	0.00775591	0.0628642	0.0333198	0.0293118	0.000742945	0.00232815
53	0.0150596	0.0123087	0.00369978	0.00519027	0.173048	0.00263989	0.0119003	0.091124	0.0063213	0.336008	0.113638	0.00839628	0.00288353	0.0242096	0.00414999	0.0178067	0.0157299	0.0841325	0.0258173	0.0459369
54	0.0812578	0.00209068	0.00619807	0.00527398	0.000578153	0.849651	0.000550486	0.000959496	0.000970312	0.00313976	0.000774319	0.0155337	0.000375506	0.00126425	0.0112417	0.0152253	0.00282588	0.00127351	0.000277158	0.000539001
55	0.00357046	0.00987833	0.0012877	0.00362996	0.629454	0.0013623	0.00123141	0.0102378	0.00197557	0.0814568	0.0168569	0.00246068	0.000705526	0.0074868	0.00153249	0.0051649	0.00369954	0.0181249	0.101409	0.0984749
56	0.0193306	0.0084748	0.0163879	0.0177664	0.0368086	0.00746697	0.518016	0.0132011	0.0240891	0.0177752	0.0157849	0.0391315	0.00784862	0.0932794	0.0233438	0.0303975	0.0164282	0.0171148	0.00806522	0.069289
57	0.201092	0.166153	0.00239756	0.0130709	0.0150575	0.0580546	0.00191419	0.0578485	0.00402466	0.14767	0.0257416	0.00700849	0.00280066	0.00332983	0.001935	0.031418	0.0377999	0.215714	0.000938883	0.00603154
58	0.0415541	0.0239631	0.0111418	0.0150534	0.0055138	0.0375868	0.00368112	0.0111921	0.0173615	0.0164664	0.0149139	0.0480933	0.0115899	0.0109657	0.00855344	0.234152	0.464	0.0193241	0.00104653	0.00384804
59	0.079424	0.00304086	0.0105147	0.00839399	0.00170842	0.793656	0.00202711	0.00367286	0.00721369	0.00647392	0.00172597	0.0250398	0.000748416	0.00416941	0.0132306	0.0227776	0.00817677	0.00585027	0.000772472	0.00138284
60	0.0496286	0.015438	0.0219005	0.030159	0.00968038	0.0124299	0.0126287	0.0214111	0.0302586	0.125927	0.242037	0.0195756	0.0156169	0.0869997	0.0187682	0.0296007	0.203318	0.04089	0.00599812	0.00773278
61	0.0681047	0.00594882	0.00599818	0.0172122	0.00426739	0.0115194	0.00610095	0.01	0.0100188	0.00760681	0.00610895	0.00597625	0.712242	0.00935594	0.00694839	0.0547182	0.029864	0.0252519	0.00058712	0.00217023
62	0.0208098	0.00565467	0.00152908	0.00299677	0.0196406	0.00145431	0.0029347	0.504902	0.00388436	0.0833536	0.0304242	0.00218534	0.002274	0.00329498	0.00267912	0.00607466	0.013527	0.285733	0.000915092	0.0057321
63	0.0948992	0.0603806	0.0118956	0.024506	0.00670329	0.0182839	0.0132558	0.0292992	0.117053	0.132323	0.023269	0.018504	0.00440186	0.136649	0.0754644	0.104792	0.0447466	0.0681021	0.00207864	0.0133936
64	0.423631	0.0308978	0.0101953	0.0136444	0.00708856	0.073561	0.00451944	0.0236795	0.015351	0.0266288	0.0159249	0.0180524	0.00747989	0.0148067	0.0106964	0.1783	0.0499727	0.0689036	0.00139793	0.00526942
65	0.60188	0.0700044	0.00635203	0.00171691	0.00130528	0.0107831	0.000734976	0.00183466	0.00140204	0.00164274	0.00171351	0.00224206	0.000528392	0.00122351	0.00105655	0.253422	0.0178982	0.0231783	0.000385694	0.000695331
66	0.626457	0.0263903	0.00617659	0.00125525	0.00125565	0.0115036	0.000758201	0.00218126	0.00217176	0.00221537	0.0020985	0.00323896	0.00057035	0.00208778	0.00158202	0.275784	0.0150167	0.0182188	0.000346628	0.000690825
67	0.0399691	0.00467965	0.154761	0.188529	0.00214708	0.0111661	0.0238746	0.0158363	0.119864	0.00928902	0.0100715	0.128839	0.00267271	0.0789883	0.0415117	0.0739541	0.0720088	0.015585	0.000738984	0.00551411
68	0.0148086	0.00537125	0.0112454	0.0197309	0.0130134	0.00334919	0.0422883	0.00533824	0.393154	0.0626957	0.00926006	0.0318053	0.00631989	0.0265063	0.271528	0.0180962	0.011197	0.01021	0.00247131	0.0416115
69	0.0137904	0.00530007	0.00107384	0.00215417	0.0226215	0.00157937	0.00144338	0.368222	0.00247666	0.318247	0.0618968	0.00206623	0.00261083	0.00164723	0.00110858	0.00262459	0.00733267	0.177989	0.000500388	0.00531492
70	0.127109	0.00224147	0.0154329	0.0157108	0.00455927	0.00513548	0.00327695	0.0438122	0.335471	0.0122443	0.00384835	0.0201511	0.00138438	0.0202772	0.124901	0.0830963	0.0997287	0.0763337	0.000774749	0.00451
71	0.0206842	0.00585026	0.0721179	0.0296412	0.00489763	0.00627369	0.00659945	0.00793893	0.217559	0.0379597	0.0443877	0.154089	0.0169517	0.0325467	0.199421	0.0667107	0.0307825	0.00887126	0.0167733	0.0199447
72	0.0311489	0.00947434	0.015689	0.0695931	0.00343936	0.00817269	0.0119761	0.0347669	0.19921	0.122682	0.0696588	0.0251911	0.000501993	0.162783	0.102423	0.030335	0.0478567	0.0443058	0.00296675	0.00782563
73	0.00836521	0.00343607	0.00262286	0.000824024	0.306292	0.000408466	0.00704408	0.00112493	0.00117914	0.00553113	0.00256022	0.00147459	0.000406179	0.000999607	0.00524197	0.0028246	0.00194621	0.00340122	0.0246816	0.619636
74	0.0644071	0.00895445	0.0449219	0.104896	0.0114759	0.121029	0.0150664	0.0292647	0.130693	0.0589667	0.0618769	0.0471891	0.0161535	0.0713436	0.0518745	0.0695955	0.0415893	0.0355452	0.00265781	0.0125
75	0.0260744	0.2046	0.0658475	0.0883334	0.0285157	0.00402216	0.00347851	0.0232095	0.0853026	0.0247808	0.0041388	0.142963	0.0336174	0.0432442	0.0203785	0.0733233	0.00773206	0.0257432	0.00128477	0.0934103
76	0.0424629	0.00258427	0.157889	0.164449	0.00330386	0.0421496	0.00363523	0.0181255	0.066768	0.0133044	0.0049071	0.219567	0.0272857	0.0322444	0.0239235	0.073746	0.0818248	0.0182635	0.000473692	0.0030926
77	0.199628	0.00499839	0.0164766	0.0463195	0.00420881	0.235971	0.0171712	0.0105482	0.0622705	0.0284932	0.0102987	0.0234153	0.00562283	0.0306949	0.0303289	0.191453	0.0650526	0.0130308	0.000677896	0.00334066
78	0.0650337	0.00400843	0.0892014	0.116189	0.00591316	0.0366675	0.0114616	0.0238644	0.144694	0.0324525	0.010064	0.131887	0.00714206	0.0470297	0.0692142	0.080144	0.0804143	0.0360728	0.00137424	0.00717205
79	0.0310924	0.0101745	0.0547233	0.0426923	0.00272492	0.00697487	0.00275987	0.00489481	0.368082	0.0300433	0.0117296	0.088777	0.0774654	0.0189864	0.126841	0.0972134	0.0128909	0.00750161	0.00152286	0.0029102
80	0.112787	0.0134872	0.0147103	0.0547853	0.0033496	0.351739	0.0053972	0.00442445	0.0182981	0.0190741	0.00420938	0.00891363	0.00396241	0.0238781	0.00876991	0.217602	0.117231	0.0149211	0.000649544	0.00181126
81	0.0725344	0.00840945	0.0718012	0.125464	0.00666562	0.0204131	0.0233496	0.0158095	0.161996	0.0231537	0.0166986	0.0572179	0.0119256	0.108234	0.0504582	0.133284	0.0577895	0.0222321	0.00217291	0.0103908
82	0.248418	0.0353749	0.00213697	0.0228233	0.0126642	0.0449227	0.00301174	0.0605876	0.0107557	0.191111	0.0180801	0.0170402	0.00244452	0.00956367	0.00273246	0.0429299	0.0142435	0.25638	0.000863213	0.00391601
83	0.255452	0.00453982	0.00392342	0.0220611	0.00317293	0.0245124	0.00354217	0.0409863	0.0362182	0.0883326	0.00720201	0.06059	0.00505533	0.0374567	0.00510702	0.0590688	0.0535942	0.281423	0.0012442	0.00651723
84	0.363689	0.0156781	0.0132648	0.0394285	0.00340797	0.0823484	0.00407386	0.0116564	0.0351144	0.00942607	0.0243665	0.0199261	0.0417085	0.0312917	0.0141789	0.214445	0.0615441	0.011063	0.00144089	0.00194791
85	0.175129	0.00872306	0.032153	0.0477827	0.00851308	0.125307	0.0189365	0.0237975	0.102521	0.0309048	0.0164684	0.0421376	0.0124716	0.0501854	0.0457307	0.159366	0.0588098	0.029369	0.00180949	0.00988451
86	0.169002	0.00380552	0.0189499	0.00642243	0.0197043	0.0425611	0.00411225	0.00549314	0.0859463	0.00604384	0.00469251	0.0222724	0.00204242	0.0620283	0.00536092	0.195223	0.288238	0.0529593	0.00140497	0.00373787
87	0.0755425	0.00893953	0.0163562	0.0486659	0.00876626	0.143666	0.00376708	0.0525188	0.0406868	0.0360736	0.0111578	0.0371543	0.0344685	0.0272312	0.0152059	0.185439	0.125112	0.123913	0.00111786	0.00421776
88	0.123202	0.00682056	0.00957479	0.015855	0.00697112	0.00863415	0.0080538	0.0208887	0.19161	0.0260199	0.0835785	0.0771135	0.00415713	0.0911004	0.0511013	0.023471	0.060689	0.180096	0.00265896	0.00840442
89	0.00663204	0.0255736	0.00334145	0.00356235	0.264158	0.00163064	0.0933633	0.0142713	0.0121414	0.00686358	0.00432941	0.016264	0.010947	0.00503945	0.0268987	0.0534121	0.0399133	0.0181391	0.00560325	0.387916
90	0.049723	0.0164941	0.034587	0.0713966	0.0222778	0.0214378	0.0194531	0.046495	0.10713	0.155609	0.058609	0.0299026	0.0160644	0.132202	0.059199	0.0434029	0.0442048	0.0502228	0.00715126	0.0144376
91	0.00360273	0.027233	0.00297891	0.0028126	0.212229	0.00263114	0.0540318	0.0102953	0.00321444	0.00912355	0.0043513	0.010235	0.00359661	0.00710553	0.0188625	0.0145933	0.00667411	0.0202986	0.211544	0.374586
92	0.0419119	0.00566507	0.149512	0.196759	0.00267247	0.016689	0.00734287	0.0208267	0.0860304	0.0415985	0.0153432	0.12555	0.00196033	0.0979885	0.0411749	0.0695955	0.0579736	0.0118636	0.00177857	0.00776385
93	0.156684	0.0432414	0.00916798	0.0138305	0.0127447	0.020549	0.00759151	0.149162	0.0186252	0.0620134	0.0275104	0.0169207	0.0150583	0.0184146	0.0133144	0.0856351	0.0814989	0.232003	0.00382531	0.0122092
94	0.00584801	0.00231554	0.00128172	0.00160684	0.00551135	0.0023392	0.00763999	0.0299452	0.00201835	0.36045	0.50637	0.0117996	0.00153398	0.0179976	0.0015095	0.00343079	0.0119587	0.0212223	0.00205314	0.00316823
95	0.0157369	0.00421845	0.00458504	0.1216	0.00546346	0.00908172	0.00421639	0.0309521	0.27642	0.117289	0.0374842	0.00813222	0.0396072	0.149773	0.106189	0.0113337	0.0253444	0.0283155	0.00109916	0.00315848
96	0.152415	0.00486419	0.0534404	0.0590378	0.0100282	0.0717036	0.0248693	0.045569	0.0709247	0.0544646	0.026861	0.0546627	0.00356226	0.0654981	0.0446625	0.159289	0.0399471	0.0395182	0.000281338	0.0184006
97	0.0401709	0.0113458	0.00438653	0.00725583	0.0502137	0.0080705	0.010141	0.097239	0.0084776	0.21706	0.151061	0.0312876	0.00392218	0.03922	0.00355612	0.0964909	0.0210514	0.0967874	0.014114	0.0881483
98	0.00872345	0.00214311	0.000743627	0.00180467	0.0172385	0.000582343	0.00064139	0.578084	0.000804267	0.0806815	0.0212279	0.000905557	0.000271362	0.000775354	0.000506732	0.0013115	0.0027909	0.276296	0.00035658	0.00411165
99	0.188193	0.0248225	0.00406101	0.0182951	0.00320755	0.00469956	0.0650045	0.0327322	0.0536672	0.0114273	0.00557261	0.00573585	0.326722	0.0264649	0.0207552	0.116638	0.0087759	0.079304	0.00114665	0.00277458
100	0.0254783	0.0061649	0.0548961	0.0639063	0.00266569	0.00495214	0.00101076	0.0035467	0.380233	0.0479082	0.0179138	0.106594	0.0539679	0.0279575	0.102674	0.0750259	0.0153581	0.00582055	0.00165748	0.00226936
101	0.0133485	0.00796324	0.00365451	0.00467224	0.650324	0.00261037	0.0109583	0.0271193	0.00532993	0.0437837	0.0209672	0.00693333	0.00404177	0.00571983	0.00619299	0.0135163	0.00811288	0.0241669	0.0182448	0.12234
102	0.0914748	0.0218627	0.00314327	0.00404348	0.00259344	0.0387636	0.0147068	0.0163223	0.0851726	0.0323149	0.00392536	0.00776569	0.00147697	0.11291	0.169069	0.156657	0.130354	0.0975014	0.000835332	0.00910802
103	0.0190955	0.00168329	0.691318	0.0914226	0.000659017	0.0172007	0.00276338	0.00109035	0.00638326	0.00176879	0.00123868	0.121026	0.00465363	0.00102636	0.0039225	0.0258696	0.00425679	0.00159749	0.000201662	0.00282174
104	0.101713	0.00315286	0.00165315	0.0165772	0.00306611	0.012703	0.00361563	0.00521624	0.00362151	0.00318064	0.00657559	0.00203395	0.705334	0.00429571	0.00232256	0.0701337	0.0335425	0.01958	0.000627716	0.001055
105	0.11757	0.0105868	0.0563531	0.0578041	0.0179735	0.060783	0.0338218	0.047091	0.0695498	0.063725	0.0249722	0.0493338	0.00330751	0.0760138	0.0359484	0.155432	0.0305616	0.0464039	0.000444127	0.0423239
106	0.00589811	0.00182701	0.013204	0.0392499	0.0376218	0.0017625	0.369826	0.00305473	0.0353519	0.00309037	0.013253	0.0353653	0.00207396	0.0125174	0.0135789	0.0132855	0.0114153	0.00649377	0.0118159	0.369314
107	0.00806557	0.00871014	0.00321761	0.0049524	0.073112	0.00966429	0.028721	0.00696928	0.00590829	0.0212937	0.0100953	0.0153229	0.00170326	0.00929767	0.0311811	0.00953979	0.00758381	0.0114655	0.606424	0.126772
108	0.0437845	0.0242959	0.000729754	0.0057624	0.0368282	0.0192051	0.000622076	0.102852	0.00286298	0.573711	0.0841585	0.003437	0.00224279	0.00262951	0.00206528	0.00724574	0.00499553	0.0777384	0.000857785	0.00397586
109	0.0730884	0.00653471	0.0849152	0.1185	0.00241122	0.0113419	0.0323185	0.0118546	0.139591	0.00435487	0.0130311	0.0703938	0.000928008	0.12885	0.0350882	0.153376	0.0733692	0.0216348	0.00277371	0.0156452
110	0.00317706	0.031403	0.00369067	0.00190645	0.289647	0.000830564	0.0721305	0.0151873	0.00483518	0.010177	0.00343142	0.00915166	0.00556241	0.00652139	0.0120861	0.0227944	0.0100954	0.0291049	0.0117825	0.456485
111	0.00769064	0.013199	0.00173341	0.00408037	0.503237	0.0024183	0.00864266	0.0139665	0.00246435	0.0605093	0.0163759	0.00495972	0.00128692	0.00984776	0.0050532	0.0100423	0.00603584	0.0200973	0.137589	0.170771
112	0.0861829	0.0121744	0.00576752	0.0152627	0.00648956	0.00834856	0.0442556	0.0170029	0.0180512	0.010444	0.0116456	0.0097227	0.555753	0.0158883	0.0175541	0.100739	0.0226317	0.0367156	0.00150848	0.00386235
113	0.116106	0.00856572	0.0234549	0.0437817	0.00274886	0.0279081	0.00847597	0.00974746	0.0417196	0.0220816	0.00514682	0.0185108	0.452842	0.032119	0.0209312	0.0838287	0.0492488	0.0289006	0.000576586	0.00330575
114	0.0197693	0.00597886	0.0092596	0.0055134	0.0315779	0.00523707	0.112653	0.184229	0.0881264	0.301638	0.0089443	0.0118345	0.011113	0.0165955	0.0384422	0.0241281	0.0123983	0.100596	0.00287469	0.00909025
115	0.504002	0.140622	0.00306998	0.00417298	0.00362293	0.147747	0.00219082	0.00519706	0.004818	0.0110736	0.0101748	0.00461426	0.0208294	0.00404502	0.00383229	0.0433947	0.0569981	0.0132362	0.0139099	0.00244964
116	0.0300195	0.00359401	0.00321143	0.0659085	0.00368749	0.00425465	0.00489599	0.171196	0.265177	0.0105418	0.132045	0.00572526	0.00222574	0.0697668	0.00600731	0.00906382	0.0261616	0.160765	0.00135117	0.0244018
117	0.0659162	0.00330114	0.127145	0.224714	0.00100812	0.00652745	0.0112033	0.00787162	0.142235	0.0129012	0.00894469	0.0677572	0.00168486	0.120846	0.0709066	0.0613829	0.0536614	0.0061117	0.000345264	0.00553627
118	0.0219849	0.0089436	0.116304	0.0250842	0.0283117	0.00642728	0.365695	0.0123523	0.0223783	0.0141731	0.0181884	0.0359701	0.00880973	0.0245611	0.0151434	0.02254	0.017513	0.0508631	0.00737579	0.17738
119	0.0137123	0.00867133	0.000425061	0.00113034	0.0267158	0.00272755	0.000403402	0.11777	0.000850455	0.660275	0.0925829	0.00253743	0.00239607	0.00121371	0.000594353	0.0014464	0.00459117	0.0602232	0.000188226	0.00154468
120	0.083658	0.00814457	0.0794364	0.0964069	0.00797657	0.0331408	0.0265777	0.0423106	0.118475	0.0462181	0.026252	0.0662153	0.00205206	0.09058	0.057986	0.109451	0.0526693	0.032936	0.00135718	0.0181562
121	0.144517	0.0045413	0.063829	0.0656672	0.0107151	0.0770247	0.0263337	0.0454856	0.0739587	0.054189	0.0225515	0.0507726	0.0035308	0.0570555	0.0463488	0.155147	0.0367401	0.0430692	0.000364472	0.0181586
122	0.00219828	0.00720267	0.000853418	0.00307708	0.23435	0.00115979	0.00148141	0.0340632	0.00133336	0.497378	0.122141	0.00139191	0.000633565	0.0071601	0.00104254	0.00341021	0.0051671	0.0296676	0.00321352	0.0430749
123	0.0837443	0.00540278	0.0117846	0.00995207	0.00170581	0.763494	0.00319608	0.00322658	0.0100021	0.00772087	0.00262711	0.0272204	0.00157079	0.00566525	0.0141034	0.0302696	0.0111888	0.00402459	0.000504533	0.00259652
124	0.202521	0.079457	0.000986611	0.0195353	0.0251095	0.0806606	0.00112544	0.0707148	0.0026261	0.232751	0.0331782	0.00668819	0.00154262	0.00167535	0.00131088	0.0356558	0.0062335	0.196352	0.000500923	0.00137482
125	0.11926	0.00668935	0.0431711	0.0503132	0.0105084	0.0752097	0.0474702	0.0379243	0.0895734	0.0444751	0.0254706	0.0481557	0.00398157	0.0649844	0.0757905	0.151221	0.0354782	0.0442635	0.00105695	0.025003
126	0.0705838	0.0265611	0.00095856	0.00208192	0.00274357	0.0040274	0.000867192	0.250652	0.00135075	0.0743592	0.0163602	0.00284324	0.0028651	0.00553686	0.00203795	0.0101517	0.0426932	0.477884	0.00293976	0.00250201
127	0.0310992	0.0032282	0.576856	0.123837	0.00262601	0.0222999	0.00658112	0.00592367	0.0214679	0.0094656	0.00429104	0.0971513	0.00563667	0.0164019	0.00883984	0.0312575	0.0168018	0.0112622	0.000506177	0.00446653
128	0.00561206	0.0079818	0.00303788	0.00620753	0.0663322	0.00780624	0.0564563	0.00424212	0.00578385	0.0139796	0.00735332	0.0160125	0.00180558	0.00819868	0.0314512	0.00778713	0.00514961	0.00889547	0.580512	0.155395
129	0.0677263	0.0147175	0.0248116	0.0435472	0.0153206	0.0342474	0.0212908	0.0226526	0.125379	0.043609	0.0198889	0.0407407	0.0175797	0.0562414	0.230589	0.118095	0.0466144	0.0346983	0.00418985	0.0180608
130	0.0357472	0.0669207	0.0149125	0.0226565	0.012243	0.0183741	0.017842	0.0250554	0.147792	0.0408703	0.0150195	0.0262394	0.0137455	0.0281662	0.378512	0.0400233	0.0344942	0.0317458	0.00947969	0.0201607
131	0.169954	0.00565936	0.0136567	0.00967384	0.0109961	0.0411439	0.00506758	0.00815946	0.0626227	0.0091242	0.00632501	0.0211985	0.0032072	0.0752904	0.0162361	0.318097	0.17575	0.0424782	0.00118157	0.00417796
132	0.00209247	0.00323548	0.000662827	0.000904066	0.808256	0.000755015	0.000642371	0.0158732	0.00111925	0.0298493	0.0201447	0.00311781	0.000381537	0.00110367	0.000769212	0.00490604	0.00245818	0.0121809	0.0125164	0.0790315
133	0.00295423	0.000966212	0.000405186	0.000516337	0.0171656	0.00040444	0.000348312	0.643791	0.000625718	0.0361038	0.00744718	0.00069203	0.000259782	0.000671638	0.000496958	0.00131127	0.00138328	0.283863	0.00018513	0.000409406
134	0.0635634	0.0290236	0.0158287	0.0197823	0.0103031	0.0298319	0.00696342	0.0261709	0.0253376	0.0309257	0.0197502	0.0464751	0.00753274	0.0212463	0.01532	0.172455	0.397639	0.0505188	0.00186655	0.00946596
135	0.0658271	0.0257206	0.0137869	0.0210861	0.0124049	0.037466	0.0106532	0.0309494	0.0292806	0.0330679	0.024572	0.0435766	0.0182866	0.0188511	0.0181122	0.15772	0.371516	0.0521614	0.00297682	0.0119842
136	0.0242714	0.00212527	0.638254	0.121434	0.000976326	0.019462	0.00287759	0.00235324	0.0087452	0.00272273	0.00204226	0.111282	0.0140898	0.00413733	0.00390691	0.0258621	0.00697673	0.00311199	0.000293363	0.00507629
137	0.245386	0.00499089	0.00247018	0.0209997	0.00283391	0.00702608	0.0320025	0.108698	0.0366811	0.0741148	0.0584536	0.00908038	0.00178163	0.00996675	0.0191891	0.0106139	0.0368845	0.286858	0.00131819	0.0306514
138	0.0630004	0.0193803	0.0597726	0.0676941	0.0111706	0.0378484	0.021271	0.0200903	0.063441	0.0284045	0.0164166	0.205874	0.0106163	0.0353011	0.0372158	0.148398	0.110146	0.0256944	0.00388964	0.0143747
139	0.0811291	0.0112123	0.0278588	0.0500759	0.00688581	0.0653164	0.00274099	0.00927189	0.0604174	0.0629594	0.00477305	0.0372085	0.318972	0.0683031	0.0376108	0.0533458	0.0664264	0.0272491	0.00142063	0.00682205
140	0.00865081	0.00233507	0.00254355	0.000794669	0.304284	0.000395985	0.00483187	0.000653329	0.00115696	0.00540663	0.00258317	0.00121306	0.000231197	0.000759907	0.00484768	0.00220603	0.00169073	0.00238737	0.0251719	0.627856
141	0.00859079	0.00260616	0.00254226	0.000795955	0.305871	0.000396024	0.00512608	0.000888466	0.00113631	0.00547395	0.00267015	0.00126336	0.000283118	0.000814754	0.0048619	0.00230319	0.00171244	0.00264964	0.0250708	0.624943
142	0.0227375	0.00219244	0.624259	0.0960316	0.00133467	0.017931	0.00420937	0.00308286	0.014377	0.00351975	0.00193925	0.135416	0.00432411	0.005419	0.00668973	0.0344451	0.0137074	0.00381311	0.000286582	0.00428414
143	0.407277	0.00295713	0.00822191	0.0102594	0.00798801	0.0292646	0.00235624	0.00919754	0.0536484	0.0151466	0.0100737	0.0355119	0.00389147	0.0355804	0.0214951	0.30032	0.0341363	0.00815638	0.000899891	0.00361843
144	0.00599911	0.00876954	0.00220854	0.00241605	0.686344	0.00173705	0.00632287	0.0186709	0.00418597	0.0514238	0.0220094	0.00443832	0.00199263	0.00406188	0.00403467	0.00970409	0.00610364	0.016567	0.018352	0.124658
145	0.00492382	0.00164333	0.000496782	0.000659316	0.0166346	0.000470292	0.000384622	0.618384	0.000739579	0.0399048	0.00797577	0.000731202	0.000331129	0.00075698	0.000646308	0.00162796	0.00296521	0.29979	0.000239955	0.000694681
146	0.054075	0.00632385	0.0464462	0.0966873	0.00670652	0.0100314	0.0155037	0.0108743	0.239704	0.0386049	0.021477	0.0297548	0.000872879	0.153921	0.135066	0.0523521	0.0555651	0.0165525	0.00227666	0.00720436
147	0.0121447	0.00832862	0.00406641	0.00716857	0.100169	0.00927873	0.0287515	0.0127436	0.0117738	0.0287204	0.0110627	0.0143706	0.00202859	0.0127384	0.0334068	0.010773	0.00913593	0.018745	0.543238	0.121356
148	0.00954556	0.00441852	0.00910988	0.00497185	0.0258588	0.00448766	0.626807	0.00907826	0.00671889	0.00972405	0.00922685	0.0355515	0.0052883	0.173539	0.00887761	0.0281891	0.00754248	0.0105857	0.00202011	0.00845879
149	0.0284592	0.00650102	0.00309692	0.00310762	0.085354	0.000986647	0.00622493	0.295299	0.00522212	0.199931	0.075317	0.00394757	0.000537158	0.00360471	0.000806956	0.00306028	0.0112811	0.241682	0.00395283	0.021628
150	0.0296096	0.00451009	0.00948379	0.10987	0.00444066	0.00741344	0.0457013	0.054418	0.0647315	0.0538257	0.00994616	0.298544	0.00208128	0.0539545	0.133635	0.0443745	0.0405186	0.0116751	0.0168374	0.0044294
151	0.0160613	0.00293639	0.0035895	0.00381166	0.00340688	0.00325906	0.0739311	0.0800089	0.347064	0.0364574	0.017871	0.026602	0.00211915	0.017974	0.178853	0.0273676	0.113371	0.0416585	0.00102746	0.00262944
152	0.0599635	0.0169866	0.00768711	0.0147685	0.0307834	0.0145926	0.00504486	0.0944456	0.0202744	0.458848	0.115151	0.00949516	0.00412724	0.0142095	0.0127488	0.0196773	0.0167871	0.0712499	0.00352615	0.00963322
153	0.00680031	0.00365035	0.00421583	0.0105849	0.0123391	0.00106005	0.0559862	0.0019693	0.443832	0.0543892	0.00556001	0.0164552	0.000627042	0.0201616	0.28863	0.00700249	0.00190031	0.0067792	0.00155861	0.0564987
154	0.152734	0.00125279	0.113535	0.352668	0.00133917	0.0115684	0.0108522	0.00387599	0.0809258	0.0217084	0.0116704	0.0411317	0.000693506	0.0756779	0.0437	0.0424877	0.0155861	0.0047627	0.000306129	0.0135244
155	0.0918862	0.0075382	0.0402259	0.0584583	0.00859064	0.042333	0.022219	0.0495061	0.129891	0.09541	0.0458694	0.038946	0.00183238	0.100831	0.0695624	0.0947902	0.0388205	0.0459129	0.00124544	0.0161318
156	0.0309468	0.00118701	0.0576545	0.0100845	0.000976994	0.553161	0.0131675	0.00179403	0.0767655	0.00594534	0.00131394	0.171847	0.00049337	0.0215254	0.0175674	0.029787	0.00263343	0.00200627	0.00042	0.000722811
157	0.00680031	0.00365035	0.00421583	0.0105849	0.0123391	0.00106005	0.0559862	0.0019693	0.443832	0.0543892	0.00556001	0.0164552	0.000627042	0.0201616	0.28863	0.00700249	0.00190031	0.0067792	0.00155861	0.0564987
158	0.00257779	0.000858658	0.000406905	0.000507847	0.0173333	0.000407077	0.000347947	0.645947	0.000628423	0.0356958	0.00724128	0.000679584	0.000243227	0.000664871	0.00049772	0.00125396	0.00112059	0.283018	0.000174978	0.000394926
159	0.0757305	0.00823364	0.0327431	0.0586376	0.00850347	0.0338093	0.0205727	0.0471359	0.154048	0.092465	0.0519803	0.0347573	0.00150494	0.118309	0.0742361	0.0799427	0.0397241	0.0493211	0.00148303	0.0168626
160	0.0134357	0.0115239	0.00691171	0.0344663	0.179901	0.00435061	0.0990788	0.00916892	0.057481	0.0101656	0.00964788	0.0164367	0.00479679	0.0118295	0.0367333	0.0248067	0.0204359	0.0175463	0.0124952	0.418788
161	0.0820702	0.002573	0.00649996	0.00537988	0.000583524	0.845041	0.000581362	0.000988575	0.0012076	0.00349706	0.000840486	0.0158338	0.000529452	0.00140446	0.0111875	0.0160169	0.00335759	0.00152503	0.000310328	0.000572238
162	0.0277768	0.006924	0.0198856	0.0670438	0.00483518	0.0063278	0.00763197	0.0214269	0.306484	0.0985334	0.0547951	0.0379906	0.0105137	0.115657	0.0901996	0.0363923	0.0444939	0.0360722	0.00176918	0.0052464
163	0.0499275	0.0106463	0.028285	0.063937	0.0112597	0.0226735	0.0263668	0.0271385	0.164135	0.0556342	0.026544	0.0369782	0.0109095	0.113625	0.212708	0.0497553	0.038422	0.0312264	0.00379014	0.0160375
164	0.0656252	0.0112657	0.0113849	0.0122346	0.0783044	0.00652203	0.214763	0.0190044	0.0139843	0.0250386	0.0806602	0.0937611	0.0553406	0.0275049	0.0145569	0.0271529	0.0171367	0.0457937	0.0120247	0.167941
165	0.0843103	0.0873333	0.00265061	0.00364961	0.00307015	0.0164941	0.00250402	0.00702828	0.0144398	0.00945388	0.0316694	0.101064	0.00411254	0.00749699	0.00647074	0.263094	0.341043	0.00752706	0.000885125	0.00570239
166	0.00257779	0.000858658	0.000406905	0.000507847	0.0173333	0.000407077	0.000347947	0.645947	0.000628423	0.0356958	0.00724128	0.000679584	0.000243227	0.000664871	0.00049772	0.00125396	0.00112059	0.283018	0.000174978	0.000394926
167	0.00864351	0.00236498	0.00254091	0.000801333	0.304297	0.000395548	0.00488358	0.000665793	0.0011579	0.00541269	0.00258303	0.00121706	0.000234478	0.000763525	0.00484235	0.00221018	0.00168933	0.00241607	0.0251904	0.62769
168	0.153958	0.176747	0.00818455	0.0120869	0.0165872	0.0263807	0.00990465	0.0244302	0.0151252	0.0235765	0.0209875	0.0325817	0.00956813	0.0129416	0.0127539	0.242723	0.126515	0.0557003	0.00346104	0.0157868
169	0.0801325	0.00648623	0.0234038	0.0638713	0.00733082	0.0057911	0.00257673	0.16866	0.0377094	0.0872968	0.0173194	0.011764	0.0927379	0.0170307	0.0362925	0.0541405	0.0845878	0.199677	0.00110229	0.00208919
170	0.0440429	0.00368624	0.00386379	0.00897897	0.0608217	0.00374342	0.0150753	0.0378791	0.123161	0.240749	0.0382139	0.0154187	0.00946487	0.0285827	0.215492	0.0328554	0.0228935	0.0459548	0.00595471	0.0431682
171	0.0234756	0.00206093	0.619041	0.109375	0.0011906	0.018789	0.00325191	0.00329366	0.0156501	0.00448615	0.00223957	0.127407	0.00455763	0.00813605	0.00700014	0.0297631	0.0124001	0.00415799	0.000338257	0.00338538
172	0.0309468	0.00118701	0.0576545	0.0100845	0.000976994	0.553161	0.0131675	0.00179403	0.0767655	0.00594534	0.00131394	0.171847	0.00049337	0.0215254	0.0175674	0.029787	0.00263343	0.00200627	0.00042	0.000722811
173	0.0492786	0.00920757	0.0401964	0.0834953	0.0108515	0.0217208	0.0250215	0.0249798	0.192206	0.0646311	0.0300601	0.0403328	0.0117789	0.136879	0.104915	0.0537325	0.047473	0.0337138	0.00381977	0.0157069
174	0.188656	0.0266249	0.00496464	0.00971209	0.00747933	0.00937443	0.0224877	0.102666	0.0187011	0.0361325	0.00852715	0.00577896	0.343521	0.027189	0.0091264	0.073642	0.0110985	0.090089	0.00105242	0.00317645
175	0.111207	0.303138	0.00945377	0.0203765	0.0205093	0.0194488	0.0103299	0.0286456	0.0234963	0.0480063	0.0264988	0.0175489	0.00823465	0.016173	0.0244525	0.105738	0.0770666	0.0954626	0.00437963	0.0298347
176	0.151361	0.0168513	0.0154102	0.0173396	0.01327	0.0659437	0.0106718	0.0302677	0.020201	0.146316	0.314969	0.0182293	0.00942983	0.0242255	0.0120297	0.0371806	0.0314818	0.0488631	0.00476038	0.0111983
177	0.0740304	0.0049409	0.456733	0.138444	0.00388808	0.0266277	0.00947024	0.0113601	0.0297308	0.0163879	0.00878997	0.0812532	0.00716292	0.0256829	0.01027	0.0388664	0.0245095	0.0251788	0.00120647	0.00546668
178	0.0230887	0.00834052	0.017775	0.0223618	0.0362204	0.0104365	0.475732	0.016451	0.0465558	0.0215626	0.0147001	0.037788	0.00751368	0.0907211	0.0366935	0.031464	0.0162349	0.0193242	0.00480136	0.0622351
179	0.030031	0.00234388	0.456405	0.241718	0.00339032	0.0250413	0.00646912	0.00752052	0.0309179	0.0105166	0.00396141	0.0592926	0.00541985	0.0358944	0.0078736	0.0281633	0.0244872	0.0172452	0.000671313	0.00263713
180	0.0360074	0.0185694	0.0155491	0.0264688	0.0157471	0.0189755	0.0221328	0.0209151	0.187637	0.0466964	0.0170942	0.0281411	0.00753815	0.0349092	0.385825	0.0372278	0.0267917	0.0236464	0.0070701	0.0230582
181	0.347812	0.00351348	0.0270658	0.0191642	0.0181046	0.0168342	0.00620439	0.0197043	0.102584	0.0108733	0.00838705	0.0363544	0.00268806	0.0730783	0.0287263	0.186791	0.0654562	0.0178746	0.00115499	0.00762778
182	0.0117805	0.00454947	0.0464825	0.132546	0.00455087	0.00505845	0.00503129	0.0264519	0.0294658	0.00801178	0.00543417	0.00696434	0.00425298	0.0278866	0.00525372	0.419183	0.205266	0.0464783	0.00183162	0.00351991
183	0.0973367	0.00598438	0.0131635	0.0161662	0.00351747	0.637674	0.00492525	0.00563094	0.0162958	0.0110695	0.00494169	0.0264128	0.00366511	0.0114766	0.0159948	0.0786861	0.0350419	0.00868619	0.00075985	0.00257132
184	0.0544767	0.00691062	0.159997	0.259384	0.00705496	0.0215267	0.0154441	0.0246069	0.0807559	0.0355426	0.0188105	0.0609311	0.0156413	0.066449	0.0339051	0.0555894	0.0400442	0.0326962	0.00202634	0.00820779
185	0.0812578	0.00209068	0.00619807	0.00527398	0.000578153	0.849651	0.000550486	0.000959496	0.000970312	0.00313976	0.000774319	0.0155337	0.000375506	0.00126425	0.0112417	0.0152253	0.00282588	0.00127351	0.000277158	0.000539001
186	0.132552	0.0216782	0.00130016	0.00793369	0.0080558	0.0160416	0.0053396	0.194553	0.00750587	0.115658	0.033625	0.0060843	0.0030218	0.00637748	0.00451827	0.0137504	0.0362827	0.375065	0.00262662	0.00802956
187	0.0852084	0.0306948	0.0096824	0.0380767	0.00647338	0.120844	0.00995339	0.066177	0.0456275	0.13784	0.0163077	0.116687	0.00370377	0.131443	0.0134181	0.0335724	0.0489758	0.0762938	0.00200922	0.00701181
188	0.084941	0.0435859	0.00520914	0.0139451	0.00815764	0.00878743	0.0153892	0.0312375	0.0177812	0.0180742	0.0111741	0.00968612	0.518388	0.0123806	0.0101274	0.0856176	0.0316557	0.0659687	0.00178692	0.00610672
189	0.0346002	0.00883398	0.0196106	0.0673901	0.00880808	0.0131029	0.0141264	0.0261913	0.207283	0.0991154	0.0667255	0.0282215	0.00646487	0.145406	0.119593	0.0374232	0.0450034	0.0377412	0.00295425	0.0114048
190	0.0246619	0.00340197	0.321112	0.281805	0.00372398	0.0237211	0.0119623	0.00930531	0.0635218	0.0115188	0.00563945	0.0537997	0.00226873	0.0657364	0.0210947	0.0427436	0.0361077	0.0154999	0.000498345	0.00187722
191	0.0460607	0.0246706	0.0169077	0.0236612	0.134919	0.0141566	0.065263	0.023146	0.0291017	0.0292018	0.019482	0.0346939	0.0105114	0.0245036	0.0200022	0.0975556	0.0391126	0.0359224	0.0167823	0.294346
192	0.0536636	0.0145043	0.00133192	0.00251589	0.00312996	0.00388165	0.00422581	0.220993	0.0043074	0.0920891	0.0259529	0.00655307	0.00319553	0.00853896	0.00244539	0.0200998	0.124628	0.402037	0.00292844	0.00297815
