280	20
1	0.0955071	0.00995663	0.0291405	0.0438187	0.0579702	0.0901254	0.0493977	0.0157421	0.0624998	0.0820241	0.0240078	0.0425831	0.00589354	0.091229	0.0677948	0.0898076	0.0488965	0.0207924	0.02329	0.0495229
2	0.043203	0.00600099	0.00112658	0.00309232	0.0151237	0.00234929	0.00194795	0.377407	0.00277634	0.0889301	0.0324631	0.00274398	0.00602224	0.00482258	0.00462113	0.0113241	0.0369133	0.348078	0.000469642	0.0105854
3	0.0522967	0.00138284	0.077402	0.0804697	0.00127244	0.0417328	0.0676525	0.00227529	0.126328	0.0113649	0.000800819	0.0971126	0.0427545	0.069299	0.128418	0.125178	0.0571849	0.00465788	0.000196712	0.0122201
4	0.10196	0.00746816	0.0364445	0.0269212	0.0383957	0.155236	0.0422583	0.00751225	0.0367929	0.0977461	0.0467576	0.059401	0.00423416	0.0589094	0.0659552	0.104989	0.0399909	0.0150929	0.0374558	0.0164789
5	0.00686819	0.000776486	0.000490836	0.000572526	0.030346	0.00063941	0.00323929	0.160923	0.000851936	0.634156	0.0626833	0.000563682	0.00184053	0.00549843	0.000854971	0.00134568	0.00818988	0.078152	0.000444721	0.00156334
6	0.0575041	0.00897288	0.0340227	0.0418821	0.0141275	0.0423186	0.0512731	0.0166353	0.1248	0.0374074	0.0261846	0.0496775	0.0119204	0.0914797	0.250106	0.0696316	0.0350984	0.0214642	0.00303168	0.0124622
7	0.0920042	0.00302649	0.141584	0.229756	0.00745512	0.0472939	0.0295731	0.0047671	0.0494424	0.0105114	0.0153432	0.0589229	0.0045628	0.0983446	0.054577	0.0987947	0.0384175	0.00937044	0.000307057	0.00594611
8	0.170562	0.0286697	0.00294495	0.016692	0.0465925	0.0169252	0.016004	0.0642347	0.00791171	0.034972	0.0338688	0.00415958	0.00145647	0.0178077	0.00711987	0.196691	0.183976	0.113518	0.01165	0.0242442
9	0.0531393	0.00155814	0.0717417	0.0713035	0.00184769	0.0444953	0.0686812	0.00268139	0.119793	0.0122255	0.00129857	0.095694	0.0589021	0.0698346	0.12105	0.132058	0.0533806	0.0051888	0.00062395	0.0145019
10	0.0235353	0.00981532	0.00641841	0.00625342	0.279324	0.00956577	0.0413594	0.0370544	0.0105368	0.0705835	0.029429	0.0105503	0.00617368	0.0178938	0.0113574	0.0181032	0.0121714	0.0293299	0.0134007	0.357144
11	0.0233667	0.000383597	0.000398466	0.00272493	0.00857353	0.000568072	0.000725919	0.475485	0.00104476	0.0792678	0.0253571	0.00232995	0.00311656	0.00429175	0.00199489	0.00277418	0.0284159	0.333539	0.000324572	0.00531763
12	0.0533582	0.00231362	0.0696585	0.0629787	0.00256154	0.0386281	0.0822734	0.00269185	0.120491	0.0120063	0.00165033	0.108603	0.0447659	0.0623453	0.142835	0.120543	0.0536684	0.00520924	0.000785496	0.012634
13	0.132679	0.00844475	0.0258767	0.0550782	0.0223579	0.10607	0.0305453	0.00476245	0.0575174	0.0557732	0.0321379	0.0398101	0.00285588	0.108469	0.0896521	0.11612	0.0663068	0.0173833	0.01046	0.0176992
14	0.00874639	0.00304667	0.00226144	0.00228754	0.350437	0.00251105	0.0486651	0.0161928	0.00446213	0.0532624	0.0273851	0.00631159	0.00247823	0.0145687	0.0049962	0.0067727	0.00541842	0.00543695	0.0141352	0.420624
15	0.0622393	0.00281817	0.0775912	0.106567	0.00532732	0.086928	0.0429306	0.00373792	0.126373	0.0204381	0.00820711	0.060998	0.016269	0.111492	0.116692	0.0915956	0.0397649	0.00819311	0.00159267	0.0102442
16	0.0262662	0.00100316	0.214699	0.0913094	0.00371322	0.333896	0.0295015	0.00315596	0.0177622	0.00657966	0.00169881	0.147694	0.00816818	0.0321634	0.0292997	0.0444136	0.00280769	0.0042583	0.000404216	0.00120609
17	0.0770447	0.0140506	0.00291683	0.00376614	0.0043534	0.0103032	0.0312184	0.00431184	0.333064	0.0056973	0.00927509	0.00373874	0.00176178	0.0910843	0.217656	0.109999	0.0705798	0.00522006	0.00147589	0.00248391
18	0.114233	0.0274583	0.00233039	0.00480564	0.0041183	0.010274	0.00201259	0.219434	0.00356077	0.115868	0.015132	0.00453246	0.00385814	0.00238184	0.00730404	0.0454397	0.0575009	0.354679	0.000680623	0.00439548
19	0.0486407	0.0152956	0.00149473	0.00219881	0.0890672	0.00371093	0.00844094	0.221327	0.0107321	0.19196	0.0981269	0.00149679	0.00148164	0.00663967	0.0151447	0.00932879	0.0248516	0.183368	0.000527579	0.0661662
20	0.0578084	0.0105149	0.00177096	0.00515781	0.00957905	0.00525024	0.00241683	0.330513	0.0037063	0.0821549	0.022	0.00299136	0.00394371	0.00459914	0.00591511	0.0241793	0.0508997	0.368293	0.000823026	0.0074836
21	0.0204743	0.00181483	0.000421641	0.00203531	0.0133975	0.000591454	0.000816527	0.461089	0.00110761	0.119877	0.0266252	0.00195853	0.00249008	0.00370164	0.00173986	0.00248255	0.0237384	0.309151	0.000426353	0.0060607
22	0.145035	0.00708171	0.0157923	0.0279202	0.0203215	0.148561	0.0430857	0.00795494	0.0569841	0.0589308	0.0460769	0.0592911	0.00458156	0.0674277	0.0581524	0.102967	0.0548694	0.0289555	0.00928204	0.0367297
23	0.00698766	0.00660436	0.000544694	0.000716193	0.0377842	0.000707565	0.00288149	0.343584	0.000989206	0.369521	0.0516001	0.00129797	0.000676158	0.00247717	0.00106378	0.00164774	0.00936094	0.156053	0.000750103	0.00475239
24	0.0317278	0.00218078	0.131357	0.0400871	0.00289739	0.0965766	0.00406141	0.00295192	0.0107827	0.00401319	0.002722	0.0996785	0.130762	0.00405883	0.0154546	0.335886	0.0754865	0.00375585	0.000574484	0.00498577
25	0.0535707	0.0507715	0.160397	0.0225007	0.059104	0.189188	0.0264562	0.0181471	0.01766	0.0278381	0.0201364	0.0374329	0.0115383	0.0242644	0.0242039	0.144471	0.0285665	0.0221595	0.0070228	0.0545707
26	0.0798051	0.00142166	0.191435	0.313545	0.0087116	0.0359189	0.0140955	0.0029634	0.0478834	0.0129962	0.00161683	0.0595238	0.0108146	0.0589888	0.046384	0.0710051	0.0334274	0.00826222	0.000120297	0.00108144
27	0.148954	0.0414064	0.00593375	0.00403263	0.00314062	0.019851	0.0022466	0.148359	0.00272054	0.151097	0.016513	0.00661083	0.00506193	0.00508978	0.00478841	0.0672138	0.0504909	0.310767	0.000528218	0.00519436
28	0.0132567	0.00554486	0.000495529	0.00113105	0.0254063	0.000618685	0.00179961	0.420323	0.000998456	0.233105	0.03292	0.00151828	0.00134425	0.00260284	0.00114393	0.00186152	0.0159362	0.234098	0.000687945	0.005208
29	0.0875921	0.00252392	0.149066	0.282319	0.00524229	0.0287078	0.0201419	0.00193137	0.0585772	0.00871856	0.00758802	0.0423135	0.00536828	0.108628	0.0648952	0.0728251	0.0408991	0.00730535	0.00014993	0.00520697
30	0.00942065	0.00559263	0.000578359	0.000785551	0.0433546	0.000962728	0.00457611	0.286355	0.00177595	0.428324	0.0524212	0.00103902	0.00108296	0.00324091	0.00199118	0.00176233	0.0113088	0.1358	0.000873843	0.00875528
31	0.0717721	0.01319	0.00120104	0.00334731	0.00633004	0.00466462	0.00156213	0.337959	0.00233988	0.0907219	0.0253408	0.0035734	0.00402843	0.00322123	0.00396564	0.0234928	0.0450714	0.35208	0.000354621	0.00578344
32	0.0590651	0.00174296	0.0670005	0.0911745	0.00304207	0.0418207	0.0593198	0.0057122	0.112737	0.0175698	0.00684799	0.0810957	0.0275075	0.0929984	0.124882	0.126968	0.0532122	0.0108957	0.000776693	0.0156316
33	0.0495616	0.0032127	0.278861	0.15758	0.0102751	0.0524613	0.0261277	0.00830178	0.0367943	0.013327	0.00640344	0.127038	0.0192536	0.0565562	0.0426157	0.0719217	0.0235631	0.0104555	0.000886879	0.00480417
34	0.00657849	0.00845972	0.000583441	0.000709288	0.0348594	0.000692499	0.0024958	0.399319	0.00093328	0.305243	0.036908	0.00153719	0.000498359	0.00165139	0.00088135	0.00160748	0.0092127	0.182427	0.000903332	0.00449911
35	0.482932	0.0404093	0.00137755	0.00303419	0.00319311	0.0850374	0.00655848	0.0341283	0.00146879	0.00272078	0.00940697	0.0134021	0.000927239	0.00198923	0.0077978	0.187353	0.0295708	0.0866631	0.000477658	0.00155275
36	0.00904949	0.000893659	0.000579321	0.00124967	0.0311269	0.000797722	0.00431944	0.157615	0.00194088	0.615555	0.0667487	0.000562981	0.00191201	0.00672668	0.00350538	0.00199711	0.00983907	0.0808823	0.000545338	0.00415349
37	0.0077049	0.00113258	0.00056898	0.000583394	0.0311354	0.000736863	0.00345609	0.168261	0.00104605	0.616581	0.0645507	0.000585565	0.00179145	0.00551228	0.00112837	0.0015869	0.00938465	0.0808178	0.000475015	0.00296189
38	0.0834699	0.00342923	0.0217355	0.00425735	0.00579361	0.0211072	0.274912	0.00486275	0.00529792	0.00930086	0.0046982	0.14415	0.00308262	0.0895392	0.120554	0.11645	0.0358493	0.0207906	0.016435	0.0142844
39	0.12804	0.00715678	0.0397555	0.0703581	0.0191219	0.0959804	0.0316939	0.00465095	0.0601651	0.0484537	0.0273069	0.0446363	0.00495898	0.105437	0.0874539	0.121314	0.0633428	0.0153161	0.00862908	0.0162285
40	0.0171029	0.00232552	0.000970428	0.00187078	0.0375591	0.00140821	0.00527158	0.155168	0.0031755	0.570171	0.0704003	0.00105072	0.00210036	0.00730681	0.00506375	0.00389714	0.0135709	0.090134	0.000496724	0.0109563
41	0.0675829	0.00212573	0.116987	0.156873	0.00513487	0.296063	0.0282708	0.0031013	0.0346914	0.01291	0.00375248	0.0883411	0.00596167	0.0412912	0.044349	0.0642306	0.019146	0.00611096	0.00074567	0.00233077
42	0.0234766	0.000351021	0.000397243	0.0027402	0.00846807	0.000570063	0.000731779	0.475922	0.00102472	0.0781181	0.0253304	0.00236368	0.00315583	0.00430873	0.00202267	0.00278567	0.028622	0.333975	0.000321763	0.00531484
43	0.0148849	0.00192513	0.00279702	0.0120588	0.00272495	0.0551727	0.0215316	0.00308626	0.307251	0.00518128	0.0203906	0.108949	0.00173683	0.0606846	0.357529	0.0123328	0.00486735	0.00419064	0.000609526	0.00209673
44	0.0076566	0.007748	0.000572364	0.000821622	0.0321127	0.000665762	0.00238026	0.404245	0.000944012	0.288979	0.0346466	0.00158817	0.000688193	0.00182536	0.000976215	0.00164423	0.0104882	0.196851	0.000944631	0.00422267
45	0.0217604	0.000634441	0.000414869	0.00230488	0.00879235	0.000627541	0.000849162	0.44722	0.00100405	0.0824045	0.0238692	0.00209716	0.00339368	0.00376249	0.00189993	0.00310403	0.0285057	0.361934	0.000368043	0.0050537
46	0.00687896	0.00409107	0.000536859	0.000657128	0.0275865	0.00062611	0.00258256	0.279876	0.000732606	0.477802	0.0437687	0.000967904	0.00131048	0.0035453	0.000798632	0.00137177	0.0081094	0.135793	0.000569203	0.00239635
47	0.0657133	0.0123029	0.0013207	0.00367136	0.00794308	0.00497362	0.00135259	0.339361	0.00254713	0.0938856	0.0217763	0.00336501	0.00419244	0.00338442	0.00408359	0.0214524	0.0417097	0.36069	0.0004078	0.0058677
48	0.0798919	0.0140438	0.00961054	0.0163699	0.155063	0.0150279	0.20941	0.0137533	0.0119956	0.0205928	0.038639	0.0116186	0.174831	0.0389146	0.0133864	0.0263587	0.0465683	0.0542986	0.00588957	0.0437361
49	0.203131	0.00718954	0.0371497	0.0293646	0.0063688	0.464252	0.0195286	0.00536964	0.0220498	0.0107435	0.00595227	0.0453249	0.00749956	0.0208189	0.0279871	0.0477737	0.023278	0.0094403	0.00179698	0.00498114
50	0.257637	0.0374253	0.00191655	0.0155106	0.0331243	0.0358513	0.0131617	0.070608	0.00597539	0.0218917	0.0376236	0.00641964	0.000979156	0.0134063	0.00699092	0.182172	0.132364	0.105548	0.00461346	0.0167803
51	0.0871553	0.0202412	0.0216121	0.0236332	0.0277765	0.0867169	0.0566566	0.00606017	0.102681	0.031156	0.0190554	0.0357926	0.00609077	0.066685	0.212154	0.099881	0.0649222	0.0130814	0.00709251	0.0115559
52	0.0722815	0.0327764	0.0155565	0.0384343	0.0686947	0.0520534	0.0959482	0.0159794	0.0401334	0.0559364	0.0191703	0.0341265	0.127187	0.0519279	0.0307264	0.0655609	0.0595809	0.0469276	0.0254389	0.0515598
53	0.103008	0.00918009	0.0175578	0.0343095	0.0333932	0.0781056	0.0374387	0.00891621	0.0798454	0.0502729	0.026373	0.0331676	0.00470728	0.131185	0.125	0.103469	0.0672437	0.0184506	0.022118	0.0162576
54	0.0159142	0.00373783	0.000433712	0.00184311	0.0189563	0.000633176	0.001376	0.448322	0.00105598	0.172956	0.0318411	0.00278213	0.00190222	0.00309888	0.00163775	0.00230613	0.0199022	0.265989	0.000528023	0.00478441
55	0.0296351	0.00132333	0.382571	0.140432	0.00619763	0.0316757	0.0193771	0.00689823	0.021177	0.0102989	0.00220652	0.195523	0.0144445	0.0574162	0.0201379	0.0448763	0.00454878	0.0091919	0.000485833	0.00158272
56	0.256706	0.00637933	0.016457	0.0221504	0.00506365	0.0337993	0.015068	0.0181078	0.00241939	0.00790576	0.0212353	0.00295635	0.00129432	0.0214606	0.00610061	0.247929	0.304517	0.0065187	0.000763255	0.0031681
57	0.0076212	0.000751558	0.000731712	0.000886145	0.0433054	0.000913668	0.00310928	0.137936	0.000981226	0.639546	0.0709882	0.000865787	0.00292266	0.00537365	0.00105957	0.00177012	0.00748836	0.0642159	0.000425351	0.00910855
58	0.0810387	0.00461271	0.151415	0.259672	0.00673572	0.0369373	0.00934293	0.0138657	0.0433212	0.0197202	0.0142035	0.0425207	0.0536273	0.0909868	0.0570812	0.063381	0.0373123	0.012398	0.000315008	0.00151312
59	0.113516	0.0605954	0.0292918	0.00590287	0.0204779	0.0130407	0.00466972	0.118138	0.00660386	0.209103	0.040426	0.00769518	0.0172098	0.03432	0.00753265	0.0947101	0.0151546	0.171205	0.000973684	0.0294339
60	0.146713	0.0377025	0.00261118	0.00333305	0.00134094	0.0116992	0.00124322	0.173242	0.00228819	0.113028	0.0103921	0.00567663	0.00356899	0.00137104	0.00481713	0.0560592	0.0585885	0.363001	0.000454754	0.00286936
61	0.0608528	0.00811418	0.013029	0.070954	0.00722228	0.0013514	0.0168312	0.0599622	0.0967835	0.111915	0.0874184	0.0317916	0.000704072	0.141677	0.145165	0.040766	0.0420895	0.0541856	0.000381079	0.00880625
62	0.0872641	0.00264346	0.0997094	0.224621	0.00265151	0.0227207	0.0241652	0.00455761	0.0672284	0.0106554	0.0206007	0.0249247	0.0114445	0.170276	0.0916288	0.071728	0.0429481	0.00974354	0.00030154	0.0101865
63	0.258349	0.0300095	0.00278164	0.0239999	0.0325788	0.0277437	0.0124842	0.0777952	0.00914066	0.0297512	0.0309051	0.00677377	0.00198739	0.0130366	0.00961111	0.153987	0.110581	0.147124	0.00439561	0.0169643
64	0.473616	0.0407277	0.00129862	0.00353665	0.0053032	0.0699401	0.00542821	0.0435093	0.00160329	0.00329806	0.0111289	0.0143204	0.000888432	0.00220795	0.00684832	0.17792	0.036588	0.0986794	0.000844947	0.00231239
65	0.141528	0.0121575	0.0227363	0.0345324	0.0415422	0.122562	0.0272403	0.0191335	0.029713	0.0774558	0.0601448	0.0303303	0.00854261	0.0538669	0.0471144	0.143322	0.0691537	0.0299313	0.0106221	0.0183705
66	0.129284	0.00882751	0.0273826	0.0596862	0.0219139	0.102759	0.0294746	0.00498904	0.0565413	0.055538	0.0332303	0.037449	0.00318411	0.108212	0.0891202	0.117942	0.0683977	0.0177713	0.0097742	0.0185229
67	0.113348	0.027257	0.00188565	0.00283753	0.00191073	0.00878945	0.0012732	0.196541	0.00227015	0.0988601	0.011075	0.00433126	0.00426192	0.00139921	0.00406322	0.0414126	0.0577848	0.417154	0.000567255	0.00297812
68	0.0885292	0.00305251	0.0264528	0.0131487	0.00790028	0.0233647	0.240393	0.0056478	0.0185703	0.0145974	0.00545318	0.123743	0.00751726	0.0961983	0.127234	0.111882	0.0343394	0.0181572	0.0121831	0.0216361
69	0.0452214	0.00885329	0.0064982	0.0201619	0.183288	0.00608685	0.0779499	0.081901	0.00893308	0.209798	0.022388	0.0324255	0.00268648	0.0214635	0.0135671	0.0539461	0.0595321	0.0407995	0.0133157	0.0911851
70	0.0877139	0.00201876	0.0834102	0.214509	0.00246304	0.0230404	0.0307731	0.00226088	0.0676264	0.00850796	0.0191971	0.0251952	0.000690008	0.174419	0.104479	0.0799526	0.0480905	0.0113981	0.000343725	0.0139105
71	0.00834826	0.00786278	0.000594646	0.000809523	0.034557	0.000727516	0.00258467	0.401701	0.00122649	0.289735	0.0364625	0.00155553	0.000606451	0.00184902	0.0012296	0.00170986	0.0100705	0.191047	0.000906315	0.00641697
72	0.101398	0.0114677	0.0100692	0.0587221	0.0298102	0.0116611	0.0172795	0.0846008	0.0425516	0.106635	0.101553	0.0156488	0.0116219	0.0793334	0.0739764	0.0618524	0.0691465	0.0902283	0.00119492	0.0212494
73	0.28813	0.0156084	0.0147465	0.0262803	0.00557941	0.0625743	0.00968692	0.0179902	0.00463622	0.0115809	0.0153152	0.0136731	0.010075	0.0137517	0.0198755	0.289036	0.147582	0.029031	0.00135737	0.00348926
74	0.151537	0.00765692	0.017162	0.0406759	0.0245257	0.113402	0.0336223	0.00456753	0.0590928	0.0578963	0.0290099	0.0460341	0.00289512	0.10954	0.0883637	0.10662	0.0619915	0.0152758	0.0122209	0.0179115
75	0.0247729	0.00764927	0.00427863	0.00594987	0.204891	0.00583863	0.0246921	0.0825315	0.00653659	0.334967	0.0532561	0.00877921	0.00526982	0.0106994	0.00764943	0.0144634	0.0173327	0.0396887	0.00772068	0.133034
76	0.255169	0.0177822	0.0112627	0.0189607	0.00802076	0.0488174	0.0113489	0.0227198	0.00307235	0.0100165	0.018681	0.00456433	0.00166702	0.0181996	0.00888247	0.265007	0.245576	0.0251001	0.00173265	0.00341913
77	0.130099	0.0111958	0.016799	0.0478861	0.0187433	0.0968735	0.0229745	0.0104306	0.0462778	0.0763873	0.0446183	0.0290912	0.0133179	0.098207	0.0873775	0.124007	0.0829416	0.0201713	0.0089835	0.0136186
78	0.0554135	0.00437813	0.0714761	0.0525686	0.00448708	0.233933	0.0479739	0.00288021	0.0645991	0.0133436	0.00593326	0.100484	0.0119342	0.0561378	0.113174	0.109427	0.0374312	0.00548344	0.00157672	0.00736461
79	0.0810984	0.0134451	0.0180819	0.0246613	0.0167448	0.0278477	0.0167089	0.134697	0.03777	0.129135	0.089953	0.0149618	0.0428892	0.0708649	0.0513647	0.0600322	0.0405884	0.110428	0.000857084	0.0178704
80	0.0497699	0.00217031	0.0740794	0.0709233	0.00115455	0.040974	0.0688528	0.00240708	0.127363	0.0107611	0.00095479	0.101548	0.0445752	0.066675	0.133852	0.127105	0.0601247	0.00447199	0.000219293	0.0120188
81	0.143887	0.0385872	0.00312555	0.00358038	0.00153023	0.0135708	0.00130822	0.173161	0.00221453	0.120413	0.0119916	0.00606522	0.00409225	0.0018983	0.00455401	0.0582589	0.0565638	0.351636	0.000465259	0.00309654
82	0.145839	0.0385821	0.0026179	0.00329287	0.00121911	0.0117116	0.00118343	0.173457	0.00218996	0.111911	0.0103512	0.00583779	0.00361107	0.00129258	0.004909	0.056763	0.0589618	0.363019	0.000402457	0.00284872
83	0.0387324	0.00969517	0.00948117	0.013777	0.0118333	0.195964	0.0122252	0.141243	0.0131949	0.0227918	0.0476157	0.011725	0.00636695	0.0529668	0.0172275	0.164266	0.142308	0.0764932	0.00299632	0.00909693
84	0.0535303	0.00560016	0.0972501	0.0353254	0.00627048	0.119925	0.014274	0.00873678	0.0169014	0.0112477	0.00929075	0.0936447	0.0879773	0.0162946	0.0272001	0.296134	0.0828999	0.00889621	0.00180154	0.00680017
85	0.141054	0.0159269	0.0551122	0.0582097	0.0150253	0.0487287	0.0352201	0.0180702	0.0445394	0.0367416	0.0200545	0.111381	0.0278052	0.0468428	0.0591925	0.130629	0.0922371	0.0281645	0.00389145	0.0111737
86	0.0524002	0.0201798	0.00704064	0.00857398	0.217168	0.00774386	0.0716781	0.0277149	0.0101432	0.153352	0.0273137	0.0278674	0.00533629	0.0115819	0.0214546	0.0264758	0.0229315	0.0402676	0.0475184	0.193258
87	0.0211049	0.000979123	0.000413232	0.00229402	0.0106123	0.000558075	0.000933378	0.458435	0.000985652	0.0968788	0.0244936	0.00210752	0.00280362	0.00393084	0.00182995	0.00272724	0.0270827	0.335584	0.000403558	0.00584255
88	0.105969	0.0137828	0.00406173	0.0278629	0.00242485	0.0291969	0.00277531	0.223471	0.0229582	0.0810579	0.00746714	0.00364578	0.00274423	0.0099339	0.0337864	0.0526666	0.0972818	0.275662	0.000546597	0.00270483
89	0.400695	0.0298286	0.00930361	0.0119966	0.00701678	0.0829955	0.0106379	0.028702	0.00575298	0.0121576	0.0244673	0.0163204	0.00165469	0.0130303	0.0136263	0.203772	0.0592364	0.0630496	0.00129287	0.00446344
90	0.0105928	0.013423	0.00278966	0.00540994	0.00813185	0.00610998	0.064015	0.0120534	0.253638	0.0633213	0.0800156	0.00837552	0.00181158	0.197043	0.208655	0.0344136	0.00885436	0.0178974	0.000894627	0.00255475
91	0.0656269	0.00727246	0.0672226	0.031742	0.00930016	0.121612	0.0199853	0.00940635	0.029377	0.0247772	0.00717039	0.0607055	0.17126	0.0198074	0.0500688	0.205541	0.0618374	0.0222571	0.00154868	0.0134812
92	0.0496842	0.0100551	0.00121064	0.00441145	0.0765337	0.00321119	0.0112136	0.207831	0.0147906	0.183589	0.108706	0.00139162	0.00169072	0.0106608	0.0242016	0.00872396	0.0289529	0.185006	0.000591219	0.0675446
93	0.200594	0.0175762	0.0220216	0.0237606	0.0133871	0.25329	0.0186062	0.0455018	0.0187757	0.0400372	0.0166959	0.0244371	0.0221751	0.0212922	0.0241121	0.0825227	0.043741	0.0964714	0.00388169	0.01112
94	0.0221244	0.000322992	0.000410978	0.00219883	0.00759007	0.000616559	0.000847411	0.435013	0.00102987	0.072121	0.0225894	0.00198917	0.00377398	0.00372583	0.00189775	0.00331605	0.0301988	0.384875	0.000377425	0.00498204
95	0.0197528	0.0039513	0.0268545	0.0591551	0.00457632	0.00867606	0.00691028	0.348893	0.0255888	0.146719	0.00571654	0.00508283	0.00265986	0.00793346	0.0825799	0.0307266	0.0191821	0.189793	0.00168084	0.00356731
96	0.0234533	0.0012336	0.398978	0.138711	0.00665712	0.0376338	0.0204143	0.00595817	0.018587	0.00849602	0.0021142	0.193827	0.0168296	0.0537214	0.01585	0.0436394	0.00364988	0.00823601	0.00052482	0.00148531
97	0.202706	0.00791949	0.0355336	0.0289597	0.00400666	0.474194	0.0203621	0.00617112	0.0199291	0.0117509	0.00557108	0.0471245	0.00394207	0.0180497	0.0280272	0.0462346	0.0218731	0.0121856	0.00130878	0.00415053
98	0.0231256	0.000325799	0.00039891	0.00269759	0.008413	0.000567061	0.00072183	0.467953	0.00100189	0.0765095	0.0249059	0.00230212	0.00332657	0.00411855	0.00207863	0.00293196	0.0293575	0.343658	0.000312208	0.00529458
99	0.0370647	0.00200011	0.336861	0.143912	0.00810414	0.0439668	0.0247517	0.00670191	0.0242983	0.0125795	0.00406437	0.166293	0.0189625	0.0529348	0.0271094	0.063217	0.0129657	0.00947308	0.000988333	0.00375142
100	0.00511901	0.0018722	0.00169281	0.00171837	0.365393	0.00240398	0.0350034	0.0159691	0.00384512	0.0460784	0.0258384	0.00310435	0.00110596	0.0152326	0.00270567	0.00447563	0.0032403	0.00315184	0.011744	0.450306
101	0.0459621	0.0210684	0.00945878	0.00901833	0.178397	0.00621316	0.110608	0.0264887	0.0108145	0.154564	0.024747	0.0383412	0.00465213	0.011665	0.0316554	0.0319508	0.0272359	0.0319879	0.0381452	0.187027
102	0.237802	0.00686257	0.0145162	0.0195735	0.00554432	0.0304783	0.0132219	0.0166401	0.0027308	0.00875673	0.0178556	0.00332979	0.00146554	0.020536	0.00642322	0.260461	0.321224	0.00894158	0.000987691	0.00264906
103	0.332853	0.00976989	0.0118123	0.00999433	0.00356588	0.491847	0.00924057	0.00368858	0.012186	0.00705395	0.00412643	0.0151955	0.00232594	0.00891227	0.0116887	0.0306731	0.0232048	0.00852551	0.000964161	0.00237127
104	0.065327	0.008523	0.0134829	0.0750591	0.00770856	0.00144024	0.0142686	0.0603428	0.0882917	0.112206	0.08563	0.0328107	0.000672722	0.13674	0.145191	0.0421612	0.0443763	0.0562933	0.000383929	0.0090908
105	0.0346456	0.00351975	0.000684018	0.00271875	0.00713294	0.00138881	0.000894187	0.400834	0.00130476	0.0726836	0.0225827	0.00259608	0.00545414	0.00336454	0.0021664	0.00865473	0.0361532	0.388031	0.000421208	0.00476877
106	0.0716439	0.0018106	0.140985	0.228446	0.0053914	0.0377895	0.0298907	0.00277219	0.0822761	0.0110207	0.00487855	0.0593354	0.0156597	0.0874052	0.0823193	0.0830618	0.0410919	0.00759695	0.000429736	0.00619498
107	0.0302943	0.00620656	0.00259985	0.00508853	0.00366188	0.0206731	0.0405289	0.00404551	0.314024	0.00670207	0.0152818	0.0211818	0.00144809	0.0656155	0.337305	0.0828051	0.0345304	0.00500357	0.000768743	0.00223545
108	0.0218873	0.000348378	0.000411065	0.00223068	0.00783077	0.000602899	0.000823854	0.442119	0.0010095	0.0745934	0.02301	0.00203773	0.0034976	0.00380363	0.00189252	0.00321381	0.0295887	0.375642	0.000390158	0.00506738
109	0.0422254	0.00211136	0.34601	0.130618	0.00701318	0.025966	0.0232895	0.0129218	0.0195886	0.0226449	0.0033057	0.195622	0.0122353	0.0602257	0.0315021	0.0408232	0.00777405	0.0118985	0.000603291	0.00362181
110	0.0302858	0.00323496	0.0838238	0.049119	0.00157838	0.446739	0.0404943	0.00158895	0.0332105	0.0053349	0.00160718	0.135688	0.00119327	0.0259482	0.067978	0.0609085	0.00720641	0.00234819	0.000421329	0.00129059
111	0.120438	0.0134419	0.154193	0.0247305	0.0276165	0.0559165	0.0531613	0.0249181	0.014007	0.0067939	0.0509986	0.136237	0.00165131	0.0395065	0.00450187	0.223415	0.0288068	0.0150739	0.000816724	0.00377509
112	0.0233125	0.000389127	0.000399959	0.00271074	0.00863036	0.000574041	0.000734348	0.475759	0.00102403	0.0797426	0.0255993	0.0023512	0.00314767	0.00427129	0.00199798	0.00278664	0.028444	0.332521	0.000317708	0.00528581
113	0.157469	0.0343789	0.00976704	0.0216683	0.0279286	0.0505555	0.0278581	0.0415543	0.0154804	0.054353	0.0162022	0.0113911	0.218773	0.01811	0.0215884	0.0708109	0.063958	0.116206	0.00367037	0.0182768
114	0.0239219	0.00670087	0.00200134	0.00397226	0.0249666	0.00272954	0.00814334	0.309454	0.00361717	0.276111	0.0347918	0.00257463	0.00231113	0.00445978	0.00599528	0.00802854	0.01982	0.247741	0.00493176	0.00772883
115	0.00635001	0.000603898	0.000465005	0.000564886	0.0289498	0.00060631	0.0032561	0.157043	0.000709823	0.643924	0.0634233	0.00051067	0.00186549	0.00560484	0.000733694	0.00123934	0.00816626	0.0748893	0.000432895	0.000660976
116	0.0808347	0.00728763	0.0412891	0.01915	0.0120299	0.102846	0.0149922	0.0114326	0.013111	0.0329711	0.0060407	0.0342787	0.254886	0.00852692	0.0238165	0.18856	0.0878045	0.03475	0.00156568	0.0238261
117	0.0395673	0.130764	0.0151422	0.012	0.0111323	0.0155344	0.0526	0.0135676	0.0149506	0.0249365	0.0138268	0.21046	0.151978	0.0152235	0.0230659	0.152829	0.0693551	0.0179844	0.00439423	0.010689
118	0.00692371	0.00849051	0.000578552	0.000717479	0.0353746	0.000691281	0.00256897	0.39775	0.00103418	0.303964	0.0378671	0.00150911	0.00050062	0.0016784	0.0010194	0.00166231	0.00944309	0.182317	0.00091928	0.00499074
119	0.394155	0.010364	0.00207941	0.0028154	0.00242057	0.497729	0.0030658	0.00378771	0.00868223	0.00358239	0.00265375	0.00247454	0.00121833	0.00339641	0.00329757	0.0227821	0.0262744	0.00698493	0.000574793	0.00166178
120	0.0827085	0.0619615	0.00502962	0.00719025	0.187859	0.0260884	0.0538789	0.0178888	0.0186311	0.0467307	0.0102805	0.0269603	0.022726	0.0101868	0.0123006	0.0418513	0.0281448	0.108887	0.0470854	0.183611
121	0.0432173	0.00417943	0.140767	0.0391166	0.00657468	0.0949807	0.0119749	0.00697019	0.0113292	0.00529037	0.010137	0.105647	0.0973773	0.0110995	0.0148158	0.322029	0.0632776	0.00587589	0.000697128	0.00464365
122	0.152018	0.0104273	0.00624348	0.0164598	0.0241559	0.0877574	0.0238659	0.0209345	0.0184734	0.0652607	0.00932059	0.00460405	0.281706	0.0117458	0.0315204	0.0953772	0.0542914	0.0636769	0.00121699	0.0209449
123	0.249885	0.00680129	0.0183887	0.0254746	0.00605017	0.0377882	0.0148413	0.019303	0.00453901	0.0107327	0.0222447	0.0046779	0.00170122	0.0258918	0.00901151	0.239657	0.289644	0.00819569	0.00112808	0.00404341
124	0.188022	0.00664976	0.0391454	0.031207	0.00434	0.488978	0.0196205	0.00618163	0.019296	0.0092409	0.00477279	0.0504977	0.00427833	0.0180879	0.0275308	0.0472518	0.0217763	0.00807249	0.00119611	0.00385501
125	0.0782485	0.00199654	0.134246	0.25381	0.00474399	0.0322536	0.0241815	0.0023285	0.073929	0.00969288	0.0080191	0.0461855	0.00915974	0.111111	0.0768882	0.0756925	0.0428643	0.0081897	0.000169839	0.00629017
126	0.138866	0.0444611	0.00757349	0.00523816	0.00435129	0.0140676	0.0017807	0.172142	0.0027258	0.126274	0.0187408	0.0085883	0.00804025	0.00660443	0.00455875	0.079388	0.0472472	0.302501	0.000521894	0.00632848
127	0.0166352	0.00496448	0.0027669	0.00340361	0.299913	0.0037007	0.0330363	0.0262553	0.00460352	0.151374	0.0382294	0.00697884	0.00398079	0.0125156	0.00656179	0.00870079	0.00814156	0.015682	0.0130447	0.339511
128	0.057363	0.017454	0.0228454	0.0181281	0.133643	0.0264821	0.0772882	0.0290956	0.0282252	0.0960723	0.0228304	0.0713822	0.00944124	0.0322538	0.0724479	0.0509716	0.0321962	0.0329676	0.0232258	0.145686
129	0.0170304	0.0109221	0.000796001	0.00113047	0.0319326	0.00166936	0.00251765	0.374167	0.00132067	0.295734	0.0361673	0.00183885	0.000798869	0.0019663	0.00151533	0.00568721	0.012546	0.196214	0.000866596	0.00517908
130	0.162945	0.023805	0.0347521	0.00552344	0.0050138	0.00713445	0.00749408	0.00587198	0.021892	0.0814024	0.0216653	0.142881	0.0580904	0.00737681	0.0751325	0.251576	0.0746266	0.00793665	0.00120518	0.00367552
131	0.0935442	0.00673312	0.0916936	0.135402	0.0119052	0.0163936	0.0210413	0.0455646	0.0290141	0.0896942	0.0285847	0.0681594	0.00664019	0.0532219	0.0707522	0.0684116	0.0521433	0.0816464	0.00218746	0.0272666
132	0.0798075	0.00142691	0.191539	0.31534	0.00875957	0.035739	0.0140075	0.0030433	0.0474318	0.0129817	0.00162733	0.0590301	0.010622	0.0589522	0.0462339	0.0705555	0.0333567	0.00831788	0.000126745	0.00110091
133	0.0184443	0.00222693	0.000429321	0.00205807	0.0142689	0.000581483	0.00124194	0.447078	0.00107173	0.140837	0.0259222	0.00191442	0.00256583	0.004173	0.00165751	0.00248337	0.0238167	0.303807	0.00054458	0.00487743
134	0.411974	0.0343329	0.00277019	0.0084362	0.00710805	0.0834226	0.00767384	0.0394631	0.00489894	0.0126345	0.0134463	0.0120748	0.0074483	0.00799932	0.0118418	0.181746	0.0576786	0.08981	0.00153467	0.00370535
135	0.166501	0.0276524	0.00733688	0.0504116	0.01931	0.048819	0.0128258	0.0349422	0.0178826	0.072152	0.0479229	0.0104403	0.00470039	0.0633643	0.0468036	0.160269	0.124945	0.0669564	0.00396091	0.0128037
136	0.144347	0.0374101	0.0023381	0.00313055	0.00120606	0.0112426	0.0011805	0.17266	0.00222877	0.11151	0.0101241	0.00553367	0.00366007	0.00128775	0.00474263	0.0546625	0.060149	0.369399	0.000433768	0.00275359
137	0.482496	0.0408476	0.00131579	0.00311306	0.00324092	0.0853637	0.00611436	0.0340133	0.00154594	0.00281532	0.00952157	0.0131348	0.000925177	0.00209799	0.00765897	0.186849	0.0296285	0.0871437	0.000461131	0.00171328
138	0.102306	0.00341304	0.00489975	0.0497036	0.00448965	0.0415431	0.00517142	0.205193	0.0424406	0.0575873	0.00896843	0.0047483	0.00223782	0.0192239	0.04688	0.0593668	0.111725	0.225294	0.000885477	0.00392268
139	0.0877173	0.00187	0.089941	0.19956	0.00314872	0.0332784	0.0308419	0.00208024	0.0811539	0.00890752	0.0122754	0.0400891	0.00569664	0.14051	0.0967317	0.097613	0.0448933	0.00891955	0.000356158	0.0144153
140	0.00640587	0.000470091	0.000475079	0.000557825	0.028744	0.000604226	0.00324932	0.153852	0.000704862	0.648554	0.0632248	0.000505261	0.00188373	0.00559444	0.000734279	0.00122102	0.00809596	0.0740305	0.000434436	0.000658628
141	0.0551561	0.00179646	0.0479285	0.0841175	0.00321513	0.138902	0.049568	0.00268337	0.211764	0.00879958	0.00317457	0.0537629	0.00602294	0.140421	0.0894559	0.0727851	0.0196126	0.00565701	0.000680157	0.00449632
142	0.384155	0.0364848	0.00505069	0.00938719	0.0102209	0.0617839	0.00769814	0.0582772	0.00445886	0.0246971	0.0143868	0.0135683	0.00705669	0.00742265	0.0104358	0.158542	0.0485095	0.130509	0.00148845	0.00586694
143	0.0778411	0.00156448	0.18715	0.331157	0.00851259	0.035138	0.0130326	0.00898275	0.0415531	0.0141596	0.00226952	0.0514362	0.010232	0.0561989	0.0412718	0.0683219	0.0351101	0.0135894	0.000274999	0.00220338
144	0.052198	0.00936772	0.0301002	0.0475987	0.00977493	0.0441013	0.0381041	0.0154836	0.233383	0.0338647	0.0301368	0.0442389	0.0120827	0.0958562	0.172083	0.0676338	0.0351522	0.0173128	0.00226284	0.00926462
145	0.00629662	0.000663839	0.000476172	0.000546349	0.0293682	0.00059702	0.00317913	0.161521	0.00069009	0.63819	0.0626984	0.000545992	0.00182621	0.0054199	0.000734016	0.00123849	0.00808708	0.0767461	0.000438422	0.000737251
146	0.00711775	0.00821978	0.000585478	0.000722304	0.0358664	0.000709266	0.00255289	0.386946	0.00100585	0.313616	0.0403481	0.00148623	0.000598246	0.00188572	0.00116316	0.00167242	0.00922096	0.180054	0.000864199	0.00536554
147	0.0546272	0.0391169	0.00357879	0.00482109	0.144918	0.0155088	0.0201662	0.165289	0.00893419	0.149764	0.0515626	0.00860641	0.0039204	0.00686501	0.0121818	0.0160174	0.0297344	0.11992	0.0105467	0.133922
148	0.0368247	0.0117536	0.000927345	0.00127441	0.0841033	0.00267103	0.00678927	0.235383	0.00831661	0.254327	0.0908513	0.00113583	0.000906182	0.00474729	0.0112804	0.00516934	0.0191393	0.166636	0.000417123	0.0573472
149	0.154289	0.00725153	0.0162231	0.0380893	0.0239536	0.118748	0.0371258	0.00436063	0.0578292	0.0570654	0.0286602	0.0512464	0.00265273	0.105121	0.0874642	0.107173	0.0579707	0.0161017	0.0111774	0.0174968
150	0.0646334	0.00328188	0.0552905	0.0477675	0.00647391	0.325125	0.0578784	0.00272074	0.0503817	0.0170108	0.0075908	0.0986294	0.00498756	0.0607329	0.0803014	0.0753114	0.0235256	0.00726224	0.00395155	0.00714314
151	0.045963	0.00671403	0.000770433	0.00270168	0.00598098	0.00261633	0.000972328	0.366083	0.00161017	0.0765345	0.0197818	0.00265688	0.00432971	0.00303232	0.00255104	0.0127852	0.0396201	0.400439	0.000417973	0.00443908
152	0.0514587	0.00145904	0.0743715	0.075729	0.00112616	0.041592	0.068518	0.00231397	0.128209	0.0112646	0.000798529	0.0974407	0.0444007	0.0687996	0.130914	0.126643	0.0575967	0.00462074	0.000199132	0.0125447
153	0.051224	0.00930947	0.0376505	0.0519255	0.0126538	0.0373147	0.0464001	0.0184799	0.129359	0.0331735	0.0246435	0.0502472	0.0109023	0.0952174	0.247898	0.0661755	0.0376839	0.0245104	0.00249918	0.0127323
154	0.370475	0.0499711	0.00180063	0.00340861	0.00471381	0.0486957	0.00447834	0.075742	0.00184191	0.0313801	0.00969091	0.0136891	0.00161887	0.00226304	0.00592446	0.145794	0.046563	0.178237	0.000895434	0.00281779
155	0.0412711	0.00621924	0.0297481	0.0382035	0.0165383	0.0224015	0.144932	0.0130262	0.0759869	0.0437844	0.0266048	0.0431595	0.00707634	0.21858	0.144527	0.0505736	0.0256525	0.0331788	0.00412367	0.0144119
156	0.00657849	0.00845972	0.000583441	0.000709288	0.0348594	0.000692499	0.0024958	0.399319	0.00093328	0.305243	0.036908	0.00153719	0.000498359	0.00165139	0.00088135	0.00160748	0.0092127	0.182427	0.000903332	0.00449911
157	0.00668842	0.0083946	0.000583061	0.000706253	0.0346696	0.000692636	0.00248425	0.400409	0.000929709	0.303574	0.0365225	0.00155179	0.000496954	0.00164449	0.000893862	0.00159014	0.00926694	0.183471	0.000903619	0.00452605
158	0.0317278	0.00218078	0.131357	0.0400871	0.00289739	0.0965766	0.00406141	0.00295192	0.0107827	0.00401319	0.002722	0.0996785	0.130762	0.00405883	0.0154546	0.335886	0.0754865	0.00375585	0.000574484	0.00498577
159	0.0226806	0.00191507	0.376327	0.12415	0.00898877	0.0420977	0.0223137	0.00590907	0.0183764	0.00843879	0.00254035	0.189387	0.0318443	0.0486987	0.0167288	0.0604858	0.00832329	0.0078327	0.0005993	0.00236252
160	0.0710955	0.00475651	0.124093	0.162903	0.0088561	0.100598	0.0242667	0.00755782	0.0460023	0.0158328	0.0086636	0.0615444	0.029851	0.057022	0.0562618	0.119496	0.0820517	0.0109934	0.0014177	0.00673653
161	0.482896	0.0391339	0.00132579	0.00345437	0.00321034	0.087536	0.00608473	0.0327418	0.00150089	0.00276109	0.00946977	0.0127175	0.00092789	0.00198967	0.00786583	0.190402	0.0298427	0.0842686	0.00046746	0.00140322
162	0.00642152	0.00047652	0.000475188	0.000557621	0.0287062	0.000603779	0.0032507	0.154049	0.000705158	0.648277	0.06319	0.000505654	0.00188028	0.00558614	0.000735044	0.00122295	0.00808955	0.0741682	0.000436639	0.000663161
163	0.00705278	0.00103708	0.000521152	0.000599121	0.027439	0.000668441	0.00324262	0.173794	0.000778941	0.62095	0.0584512	0.000599546	0.00218535	0.00575033	0.000847419	0.00144529	0.0085108	0.0845276	0.000552734	0.00104658
164	0.0628093	0.00846561	0.0143124	0.076109	0.00677833	0.00263346	0.0159039	0.0569641	0.0874767	0.108987	0.0820882	0.0340205	0.000816597	0.146293	0.143589	0.0447267	0.0449321	0.0536395	0.000430931	0.00902389
165	0.0765985	0.00437877	0.14591	0.259227	0.00939319	0.0376917	0.0212249	0.013439	0.0495989	0.020799	0.0109787	0.054858	0.0142997	0.0812132	0.0573396	0.0738969	0.0417428	0.0193639	0.000850421	0.00719544
166	0.00773091	0.00481071	0.000520118	0.000673957	0.0330861	0.00065859	0.00281947	0.301454	0.00106169	0.4309	0.0477159	0.00108594	0.00114282	0.00347017	0.00107553	0.00145997	0.0092699	0.146261	0.000670198	0.00413304
167	0.00515427	0.00194699	0.00170417	0.00177259	0.364803	0.00239569	0.0353246	0.0161039	0.00392196	0.0462712	0.0257864	0.00320817	0.0011118	0.0152489	0.00275327	0.00453041	0.00324636	0.00317793	0.0117784	0.44976
168	0.071941	0.0105768	0.00859673	0.0139513	0.0145402	0.0240241	0.0131584	0.0226795	0.00920947	0.0466741	0.0163481	0.00989847	0.00478085	0.0421	0.0135844	0.352282	0.257299	0.055353	0.00442337	0.00857956
169	0.067945	0.00752998	0.0809792	0.019808	0.0594169	0.0296476	0.132921	0.0149674	0.0234505	0.0966221	0.0152258	0.0808945	0.00803326	0.0333516	0.108578	0.0976483	0.0263225	0.0192112	0.0117666	0.0656804
170	0.0820413	0.00191361	0.166074	0.271082	0.00817183	0.0419229	0.0172997	0.00368768	0.0527188	0.0162738	0.00556603	0.0580779	0.0118902	0.0760209	0.0585592	0.0759564	0.0390511	0.00904702	0.000629265	0.00401623
171	0.193757	0.00813787	0.0377737	0.0318136	0.00547184	0.45346	0.0215014	0.00963465	0.0191854	0.0133204	0.00816714	0.0465237	0.00397057	0.0199157	0.0250681	0.0534516	0.0288166	0.0134531	0.00195816	0.00461912
172	0.139974	0.0466436	0.00767591	0.0059452	0.00358507	0.0144646	0.00165806	0.172822	0.00232258	0.121276	0.0170411	0.0102244	0.00647301	0.00497939	0.00418131	0.0782584	0.0468522	0.309674	0.000404756	0.00554451
173	0.0612687	0.00157122	0.0711555	0.0975623	0.00251338	0.046907	0.0563578	0.00250387	0.11538	0.013496	0.00530839	0.0772737	0.0261846	0.0931298	0.122662	0.125483	0.0586126	0.00779985	0.000554379	0.0142758
174	0.0229261	0.000749223	0.000395856	0.00255907	0.00936446	0.00056413	0.000776372	0.474459	0.00104328	0.0900836	0.0257752	0.00234918	0.00299672	0.00441165	0.00195333	0.00269535	0.0279507	0.32337	0.000329264	0.00524751
175	0.0943193	0.0101329	0.0207488	0.0571714	0.0158637	0.0340561	0.0267572	0.0399416	0.0814968	0.071008	0.0709954	0.0348154	0.00687263	0.100836	0.162407	0.06435	0.0457817	0.0435088	0.00357243	0.0153647
176	0.0896583	0.0163686	0.075523	0.113204	0.0113891	0.0366958	0.011556	0.050496	0.0274342	0.0352511	0.0521485	0.0173219	0.130566	0.140189	0.0592671	0.0549438	0.05079	0.0237849	0.000788171	0.00262447
177	0.150961	0.0156899	0.0130497	0.0289985	0.0336263	0.0320239	0.0202044	0.0852263	0.0241038	0.14229	0.0795139	0.0204649	0.0114414	0.0411412	0.0386406	0.0807912	0.0587988	0.0943345	0.00337134	0.0253279
178	0.0459796	0.00313577	0.0682961	0.0586822	0.00207205	0.0455553	0.0620969	0.00267632	0.107878	0.00893184	0.00168245	0.0928703	0.0255886	0.0590905	0.158706	0.125196	0.117758	0.00446025	0.000555936	0.00878763
179	0.079886	0.00143219	0.191907	0.314211	0.00875969	0.0359313	0.0140024	0.00295672	0.0475992	0.0129821	0.00162653	0.0593042	0.010699	0.0588851	0.046144	0.0708646	0.0333891	0.00826507	0.000120352	0.00103502
180	0.0524043	0.00445654	0.270706	0.159011	0.0106344	0.0512957	0.0223908	0.00880682	0.0342709	0.0146764	0.00743715	0.117249	0.0216191	0.056422	0.0376876	0.0809055	0.0287564	0.0117549	0.00192049	0.00759531
181	0.0233272	0.000411915	0.000412133	0.00272291	0.00862644	0.000572985	0.000724294	0.475233	0.00103414	0.0799411	0.0253447	0.00235898	0.00314252	0.00428994	0.00201464	0.00276065	0.0284646	0.333011	0.000313048	0.00529331
182	0.154343	0.0104203	0.00589083	0.0149167	0.0222108	0.0893798	0.0235403	0.0197049	0.0173105	0.065098	0.00885225	0.00457206	0.28246	0.0107273	0.0321254	0.0960048	0.0546327	0.0675142	0.00108045	0.0192149
183	0.147279	0.00540538	0.116395	0.139732	0.00819451	0.223582	0.0377265	0.00735808	0.02145	0.0325196	0.00917073	0.0508575	0.00537015	0.030663	0.0269262	0.0976593	0.0210688	0.0101672	0.0022255	0.00624928
184	0.00705375	0.00725322	0.000554137	0.000689981	0.0343345	0.000678864	0.00262085	0.369997	0.000973424	0.339996	0.042071	0.00137219	0.000674193	0.00218664	0.000927648	0.0015968	0.00968033	0.172131	0.000824675	0.00438395
185	0.0496942	0.0101017	0.00120962	0.00438325	0.0767294	0.00318231	0.0112178	0.207876	0.0147627	0.183749	0.108476	0.00139176	0.00166612	0.0105716	0.0241664	0.00872697	0.0288124	0.185041	0.000589647	0.0676513
186	0.0804315	0.00139487	0.18401	0.296842	0.00815787	0.0364986	0.015795	0.0029082	0.0532288	0.0131748	0.00170432	0.0631226	0.0108469	0.062327	0.0511356	0.0741938	0.0342981	0.00789081	0.000136288	0.0019028
187	0.00704545	0.00262047	0.000540061	0.000612056	0.0276676	0.000612369	0.00302402	0.224259	0.000705679	0.552002	0.0518769	0.000819042	0.00155483	0.00435709	0.000770229	0.00146658	0.00889545	0.108847	0.000638187	0.00168492
188	0.00778786	0.00393593	0.000597195	0.000926983	0.0312768	0.00103621	0.00319854	0.258525	0.00156207	0.489139	0.0558927	0.00118354	0.00157202	0.00443796	0.00174448	0.00191953	0.0150657	0.115091	0.000650725	0.00445669
189	0.0869789	0.00192986	0.0837229	0.214845	0.0023936	0.0235926	0.0305903	0.00197284	0.0689937	0.00775879	0.018406	0.0254456	0.000695106	0.173674	0.104597	0.0824453	0.0468794	0.0107491	0.00030601	0.0140235
190	0.0385134	0.00322525	0.262538	0.137619	0.00743315	0.0521935	0.0235234	0.00644009	0.0353022	0.0102456	0.00426631	0.135753	0.0563868	0.0474535	0.0367279	0.101995	0.0272675	0.00766777	0.000807967	0.00464055
191	0.027507	0.00397547	0.00407063	0.00452707	0.140998	0.00597431	0.00779114	0.013155	0.00525033	0.513416	0.0898912	0.00606574	0.0172652	0.00632156	0.00664107	0.0101694	0.00830853	0.00733467	0.00296156	0.118377
