303	20
1	0.0303992	0.0059886	0.018574	0.0017277	0.161305	0.00429808	0.0193393	0.0596079	0.00120706	0.177287	0.052596	0.0285962	0.0102866	0.00983735	0.00198901	0.0110661	0.0379531	0.100913	0.023693	0.243336
2	0.0522637	0.00910014	0.00600476	0.0242794	0.0618128	0.00765386	0.0103188	0.0794393	0.0262438	0.243913	0.120439	0.0111297	0.00578231	0.037095	0.0427417	0.0387395	0.097671	0.103067	0.0073166	0.0149897
3	0.224996	0.0249357	0.00542083	0.00332884	0.0718348	0.0866584	0.00739809	0.0669093	0.00910075	0.119062	0.0370873	0.0110855	0.00447068	0.00988273	0.0081538	0.0495635	0.0398816	0.11265	0.0826141	0.0249654
4	0.0345175	0.00921469	0.000757417	0.000442102	0.0787377	0.00643257	0.00127973	0.184523	0.000573162	0.405225	0.0829353	0.00178953	0.00577036	0.00477278	0.000994451	0.0164217	0.0238593	0.130837	0.00258387	0.00833313
5	0.0355391	0.0201305	0.00090568	0.00036175	0.0373696	0.00411348	0.000565908	0.241637	0.000776668	0.248695	0.0356189	0.00160198	0.00159914	0.00149087	0.00108506	0.0128524	0.0310574	0.320604	0.00178064	0.00221512
6	0.0120415	0.00574223	0.000534386	0.00791547	0.0121591	0.00935174	0.00112087	0.342609	0.000884951	0.0287519	0.0158436	0.000994635	0.00646089	0.00505811	0.00139761	0.00490439	0.0196909	0.517013	0.00604857	0.00147726
7	0.0563763	0.0392135	0.00220457	0.00024497	0.0216566	0.00189587	0.000286132	0.202073	0.00142118	0.164859	0.0418572	0.00486835	0.00150611	0.000576532	0.000526019	0.0221743	0.0556902	0.378095	0.00126948	0.00320492
8	0.362919	0.0416912	0.0024082	0.00158554	0.0319539	0.204593	0.000343527	0.0145821	0.000936072	0.0126716	0.0098789	0.00326583	0.00143101	0.0053243	0.00340146	0.217408	0.0582302	0.0171256	0.00176524	0.0084847
9	0.376768	0.0486563	0.000704993	0.000828619	0.0512752	0.213805	0.000533684	0.0172952	0.000700039	0.0167231	0.0126278	0.00234937	0.00148323	0.00664545	0.00387862	0.173884	0.0398685	0.0163634	0.00232722	0.0132819
10	0.0284367	0.0135549	0.000564151	0.000747502	0.0809712	0.0171707	0.00362505	0.369087	0.000849127	0.0965418	0.0358512	0.000756641	0.000960586	0.00175146	0.00411345	0.00695639	0.012739	0.32208	0.00202494	0.00121788
11	0.082107	0.0217701	0.000252342	0.000194526	0.110207	0.0151342	0.000477124	0.210647	0.000591142	0.201934	0.0393432	0.000733487	0.00274771	0.00580382	0.000782047	0.0185291	0.0462939	0.235373	0.000624969	0.00645465
12	0.449065	0.0428235	0.00134561	0.000737406	0.0321788	0.160504	0.000338199	0.014019	0.000627515	0.0163795	0.0126952	0.00280374	0.00113471	0.00731014	0.00288013	0.191494	0.0394599	0.0129162	0.00262652	0.00866026
13	0.122732	0.0510378	0.00203832	0.00117338	0.198118	0.0183097	0.00164549	0.11069	0.00411337	0.184477	0.0303289	0.00310624	0.00327327	0.00473982	0.00453488	0.0334255	0.0253703	0.171161	0.007734	0.0219911
14	0.0664158	0.0114561	0.000322807	0.00027959	0.108758	0.0252904	0.00359826	0.258675	0.00143706	0.151859	0.0335294	0.000572587	0.00157809	0.00327346	0.00273602	0.0139838	0.0262805	0.285765	0.000658269	0.00353031
15	0.0655239	0.0109112	0.0102816	0.00375379	0.109985	0.00632626	0.0154601	0.0719481	0.00435505	0.222429	0.104611	0.0336829	0.00811647	0.0179041	0.00491576	0.0281784	0.0532898	0.115761	0.0123516	0.100215
16	0.385927	0.0478078	0.000755172	0.000983675	0.046035	0.214522	0.000382202	0.0161253	0.000581536	0.0156066	0.0118601	0.00237251	0.00147118	0.00682401	0.00368417	0.175002	0.0404086	0.0151363	0.00213502	0.0123798
17	0.0986475	0.10795	0.00393011	0.0037362	0.27855	0.0176147	0.00414672	0.0255909	0.00910436	0.0393238	0.0207613	0.0202452	0.00294685	0.00442294	0.0114996	0.033938	0.0113966	0.0861514	0.073213	0.14683
18	0.366449	0.0454925	0.000591766	0.00179178	0.0438809	0.255065	0.000356813	0.0152696	0.00074497	0.0145089	0.0109915	0.00265465	0.00150457	0.00657716	0.00432843	0.162446	0.0379288	0.0152537	0.00199985	0.0121645
19	0.0638525	0.0248391	0.00336155	0.00169866	0.0213325	0.00713822	0.0019842	0.225353	0.016812	0.112233	0.0749728	0.0204303	0.00309857	0.00827232	0.00404305	0.0203828	0.0606871	0.31966	0.00296142	0.00688672
20	0.176255	0.0122351	0.00209242	0.0124429	0.0146962	0.575784	0.00161438	0.0130447	0.00935154	0.0178972	0.00688763	0.0106311	0.00231435	0.00546161	0.0229985	0.0647529	0.0191419	0.022795	0.00298814	0.00661591
21	0.402481	0.0319562	0.00485406	0.00161124	0.025321	0.103632	0.00120309	0.0227847	0.00300182	0.0317486	0.0228074	0.00569498	0.00299967	0.00610049	0.00381327	0.223796	0.0653268	0.02896	0.00448168	0.00742601
22	0.0751418	0.0159768	0.0374408	0.046687	0.0286644	0.062079	0.0216795	0.0327072	0.091167	0.0585548	0.0250289	0.131173	0.018599	0.0571101	0.0730004	0.0982946	0.0463191	0.0504551	0.00781488	0.0221069
23	0.0851859	0.0161419	0.0823516	0.0507506	0.0335495	0.0520918	0.0209456	0.0373277	0.0910345	0.056604	0.0244513	0.0756028	0.0131712	0.0483531	0.0679934	0.116838	0.041755	0.0510946	0.0102269	0.0245306
24	0.0932563	0.0313591	0.00191615	0.00131013	0.0360596	0.00982737	0.000712618	0.16867	0.00219072	0.169985	0.0330925	0.00416071	0.00359125	0.00235559	0.00215491	0.0468083	0.0627582	0.321215	0.00256484	0.00601068
25	0.38654	0.0464173	0.00359051	0.00100871	0.0269416	0.123121	0.000528097	0.0224561	0.00115596	0.0211106	0.0126592	0.00488431	0.001642	0.00572161	0.00285037	0.233799	0.0676253	0.0283632	0.00241627	0.00716839
26	0.131019	0.0143943	0.0758006	0.0506534	0.0196543	0.0616282	0.0186281	0.0286847	0.0880183	0.0474383	0.0184938	0.118499	0.0249568	0.0452359	0.06687	0.0923224	0.0294059	0.0487323	0.00609118	0.0134746
27	0.310235	0.0214604	0.00922682	0.000675568	0.00419088	0.057446	0.000229116	0.0151257	0.00248786	0.0077037	0.00530747	0.00831598	0.00121488	0.00130325	0.00167353	0.382929	0.141318	0.027933	0.00046561	0.000757205
28	0.0634736	0.0344935	0.00797651	0.00749057	0.183884	0.0283017	0.0128755	0.0487885	0.011453	0.0697773	0.0300858	0.00928131	0.0066739	0.00720416	0.0187782	0.0358052	0.0255238	0.0878051	0.180014	0.130314
29	0.245189	0.021185	0.00131295	0.0094253	0.0181266	0.509934	0.000623429	0.0115658	0.00280197	0.0132226	0.00649495	0.00645078	0.00186507	0.00439732	0.0110922	0.0879045	0.0217591	0.0193592	0.00132595	0.00596408
30	0.037225	0.0156835	0.00131062	0.00109044	0.00491829	0.0141245	0.00130187	0.00996745	0.0180967	0.024101	0.0049847	0.0189257	0.031181	0.0019514	0.00253349	0.18683	0.595378	0.0259383	0.00198559	0.00247202
31	0.299706	0.0213397	0.00888029	0.00050538	0.00440174	0.0529799	0.000236125	0.0165006	0.00208175	0.0091593	0.00542091	0.00681174	0.00151837	0.000746575	0.00170417	0.383573	0.153294	0.0299721	0.000438164	0.000730327
32	0.070071	0.0221826	0.00597218	0.00680323	0.0706107	0.0198722	0.0149756	0.137438	0.00757323	0.111129	0.0338599	0.00936564	0.00715734	0.0092172	0.0118367	0.0701231	0.0449289	0.231149	0.0302274	0.0855076
33	0.283257	0.0272546	0.00337041	0.004102	0.0198487	0.310759	0.000539552	0.0147513	0.0021078	0.0122134	0.00762077	0.00521735	0.00183777	0.00447323	0.00609641	0.198323	0.0698284	0.021427	0.00144854	0.00552414
34	0.321401	0.0213131	0.00862512	0.000441203	0.00384371	0.0543365	0.000263001	0.0148363	0.00184671	0.00822391	0.00543151	0.00629596	0.00119251	0.000914543	0.0016415	0.380448	0.140032	0.0276402	0.000567118	0.000706505
35	0.0960028	0.00740639	0.00171124	0.00835486	0.00992793	0.553305	0.00346498	0.0198839	0.0777458	0.0337754	0.014471	0.00756039	0.00281336	0.00397502	0.080958	0.0401531	0.010454	0.019935	0.00260985	0.00549169
36	0.188206	0.0398917	0.00200029	0.00164449	0.0207669	0.0173893	0.00138459	0.157887	0.00265876	0.0590288	0.0187446	0.00414494	0.00299164	0.00536295	0.00595427	0.0976832	0.138128	0.228167	0.00257233	0.00539433
37	0.0230787	0.0173049	0.000810363	0.000526843	0.0272562	0.00270209	0.000601594	0.248395	0.000869688	0.291918	0.0374208	0.00163325	0.00136053	0.00145363	0.0017093	0.0102047	0.0225308	0.306418	0.00216478	0.00164121
38	0.037225	0.0156835	0.00131062	0.00109044	0.00491829	0.0141245	0.00130187	0.00996745	0.0180967	0.024101	0.0049847	0.0189257	0.031181	0.0019514	0.00253349	0.18683	0.595378	0.0259383	0.00198559	0.00247202
39	0.019806	0.00517267	0.000363203	0.000402267	0.0630651	0.00478026	0.000484638	0.190613	0.000807403	0.45688	0.104179	0.00183357	0.00387101	0.00430105	0.00145449	0.0120997	0.0131033	0.104794	0.00357336	0.00841701
40	0.0313784	0.00826241	0.00153921	0.00316936	0.0308398	0.035614	0.0304853	0.0353253	0.218566	0.0363704	0.0128606	0.0181314	0.0384703	0.02708	0.251191	0.0284276	0.0666003	0.0716792	0.0394076	0.0146014
41	0.0704857	0.0140388	0.00598901	0.00841708	0.0239539	0.0135514	0.0661383	0.0429945	0.0597383	0.110784	0.0274441	0.0501956	0.00969329	0.243749	0.0387604	0.0267315	0.0261965	0.10694	0.0388871	0.0153117
42	0.201113	0.0289443	0.00461621	0.00261348	0.0439239	0.044216	0.0030894	0.13845	0.00550928	0.086347	0.0280525	0.00697031	0.0059288	0.00992621	0.00588259	0.12132	0.105145	0.140637	0.0063936	0.010923
43	0.0516184	0.233499	0.00466947	0.00491635	0.103423	0.0184582	0.0056013	0.0457806	0.00652119	0.132383	0.0292544	0.00926241	0.00639238	0.00977688	0.00815	0.0276293	0.058024	0.143781	0.0156295	0.0852291
44	0.0272088	0.0308894	0.000835717	0.000429651	0.0454077	0.00511871	0.000892017	0.303966	0.000780583	0.201194	0.0362826	0.00130286	0.00147564	0.00157788	0.00185215	0.00937611	0.026938	0.297753	0.00488447	0.00183454
45	0.0262365	0.00666912	0.000372418	0.000274884	0.100999	0.00785	0.000420362	0.155106	0.000343951	0.472628	0.0902024	0.000779926	0.002162	0.00182684	0.00103112	0.0140893	0.0146262	0.0846715	0.00395386	0.0157561
46	0.439524	0.0440111	0.000885706	0.00114949	0.0351599	0.181189	0.000406773	0.0168792	0.000581804	0.0235851	0.0132021	0.0027164	0.00139531	0.00756346	0.00286418	0.169101	0.0322043	0.0158211	0.0027242	0.00903534
47	0.303705	0.021393	0.0091157	0.000434771	0.0035087	0.0544027	0.000224094	0.0151784	0.00181193	0.00738515	0.00518783	0.00658127	0.00127113	0.000636077	0.00169312	0.390019	0.147801	0.0287296	0.00038	0.000541321
48	0.0317275	0.00945859	0.00049932	0.000933619	0.0780102	0.0192342	0.00444404	0.361446	0.0010365	0.0874926	0.0295437	0.000629457	0.00104399	0.0015033	0.00435626	0.00779144	0.0111814	0.346796	0.00171074	0.00116084
49	0.103264	0.146003	0.00452935	0.0025709	0.208092	0.0422393	0.00278199	0.0797837	0.00749237	0.0933369	0.0508872	0.00950748	0.00427322	0.00645786	0.00836259	0.0290941	0.021686	0.127845	0.0204203	0.0313726
50	0.0296175	0.00564253	0.0744003	0.0900313	0.00907168	0.0542771	0.0274503	0.0109942	0.166573	0.0181839	0.00768296	0.12845	0.00343275	0.0812648	0.119399	0.126777	0.0224953	0.0117538	0.00188654	0.010615
51	0.0681449	0.0161885	0.0183428	0.00319859	0.116528	0.012617	0.00745088	0.13408	0.00354101	0.184624	0.074838	0.0101498	0.005306	0.00919998	0.00419874	0.0211827	0.0664826	0.181623	0.0264952	0.0358083
52	0.183589	0.0390626	0.00122441	0.0015238	0.0211292	0.0345443	0.00138771	0.0838234	0.00290683	0.330255	0.0248837	0.00244018	0.00313275	0.00221854	0.00241452	0.0984413	0.0404119	0.106299	0.00358042	0.0167309
53	0.122682	0.00923017	0.0117006	0.0243552	0.0120541	0.47701	0.00947032	0.0150994	0.0460397	0.0202777	0.0100401	0.0257395	0.0025602	0.0174856	0.0641828	0.0804333	0.0182491	0.0202529	0.0044854	0.0086519
54	0.421737	0.0267687	0.00466958	0.000802465	0.0143959	0.0828794	0.000555081	0.0176073	0.00150151	0.0258874	0.00957193	0.00474361	0.00183707	0.00484771	0.00250596	0.273508	0.0761866	0.0234807	0.00258725	0.00392705
55	0.0583982	0.0359831	0.00305221	0.000349926	0.0187901	0.00173123	0.000290079	0.219335	0.00214462	0.139024	0.048534	0.00652829	0.00171176	0.00109221	0.00069354	0.0210385	0.0595741	0.377397	0.000905138	0.00342672
56	0.0787479	0.0112669	0.00119453	0.000727849	0.126994	0.0321394	0.000964796	0.126553	0.0011016	0.329266	0.0686551	0.00127195	0.00191764	0.00300356	0.00192373	0.0278811	0.042198	0.119326	0.0109999	0.0138669
57	0.024495	0.00566937	0.00252471	0.00182019	0.0485575	0.00461199	0.00553316	0.148883	0.00210556	0.462734	0.114562	0.0101805	0.0126419	0.0213104	0.0029704	0.0229897	0.0175852	0.0770038	0.00445814	0.0093635
58	0.112848	0.00984707	0.0113669	0.0223802	0.0109757	0.494706	0.00784187	0.0160675	0.0515183	0.0263184	0.0115953	0.0253663	0.00304277	0.0154365	0.0755402	0.0600421	0.0151164	0.0209131	0.00303723	0.0060399
59	0.099268	0.00949809	0.0248975	0.0043048	0.0820624	0.0755436	0.0748541	0.0324003	0.0096964	0.0385253	0.017981	0.00847734	0.00462918	0.00659098	0.0467218	0.15801	0.0166455	0.0678587	0.063325	0.15871
60	0.0281776	0.0061198	0.052273	0.0893178	0.00788698	0.0554871	0.0300725	0.0102399	0.179045	0.0173196	0.00854809	0.110407	0.00165977	0.0901866	0.129394	0.128099	0.0279139	0.014114	0.00134406	0.0123944
61	0.103065	0.0222837	0.0154205	0.018026	0.0292514	0.0359816	0.0113132	0.0737051	0.0328038	0.0735344	0.0289235	0.0653157	0.0102238	0.0269912	0.0278083	0.11704	0.0560573	0.224564	0.00877858	0.0189132
62	0.273423	0.021683	0.0066886	0.00102425	0.00909056	0.0619297	0.000662461	0.0355752	0.0023872	0.0203907	0.00732953	0.00622537	0.00244015	0.00316623	0.00239402	0.30779	0.178086	0.0555525	0.00253573	0.00162487
63	0.0275014	0.00456955	0.0730456	0.0893857	0.00840996	0.0556242	0.0280865	0.00950405	0.172911	0.0173021	0.00621861	0.125503	0.00157067	0.0830851	0.123557	0.128463	0.0228069	0.0105974	0.00124587	0.0106133
64	0.293557	0.0261931	0.00649495	0.00133021	0.0133036	0.0997888	0.000797605	0.0156015	0.00382433	0.0120983	0.00731651	0.00687296	0.00363097	0.00292999	0.00319002	0.307944	0.163086	0.0272464	0.00166468	0.00312889
65	0.0249647	0.00934941	0.00154547	0.00215533	0.0215529	0.00538697	0.00176047	0.386716	0.00308136	0.100954	0.111008	0.00328157	0.00266183	0.0134282	0.00499707	0.0120165	0.0292366	0.260163	0.00228998	0.00344956
66	0.0399763	0.00705505	0.0457119	0.0801072	0.0100047	0.0490426	0.0286227	0.0123864	0.166936	0.0215027	0.0114762	0.103133	0.00507978	0.0988431	0.134672	0.120419	0.0292134	0.0193591	0.00407986	0.0123789
67	0.028014	0.00547145	0.0557794	0.0874467	0.00885205	0.0565928	0.0284226	0.01033	0.177983	0.0195873	0.00790615	0.113482	0.00177082	0.0874811	0.125888	0.130077	0.02863	0.012931	0.00156354	0.0117922
68	0.0346634	0.00487444	0.054116	0.0791196	0.00829147	0.0894272	0.0248074	0.0132338	0.160814	0.0167782	0.00698564	0.124107	0.00174962	0.0830761	0.106496	0.141487	0.0256218	0.0126743	0.0014066	0.0102715
69	0.0374432	0.0240673	0.00130419	0.00115768	0.0300591	0.00400005	0.000676541	0.254654	0.00102574	0.191178	0.0359346	0.00257353	0.00206493	0.00166925	0.00125658	0.0147724	0.0436952	0.348292	0.00170517	0.00247011
70	0.0691924	0.0158722	0.000502862	0.000440468	0.101345	0.0174195	0.00264603	0.254741	0.00116866	0.160044	0.037462	0.00104588	0.00193307	0.00373177	0.00222113	0.0177525	0.0322664	0.274496	0.000996563	0.00472229
71	0.0275014	0.00456955	0.0730456	0.0893857	0.00840996	0.0556242	0.0280865	0.00950405	0.172911	0.0173021	0.00621861	0.125503	0.00157067	0.0830851	0.123557	0.128463	0.0228069	0.0105974	0.00124587	0.0106133
72	0.0553624	0.00994947	0.00429042	0.00338348	0.0650774	0.0103991	0.0252992	0.282233	0.00454524	0.119134	0.0217093	0.00554289	0.0380892	0.0355771	0.0225001	0.0152832	0.0912516	0.156853	0.00405579	0.0294643
73	0.0143479	0.00576387	0.0535195	0.109184	0.00894	0.00543463	0.00346579	0.125243	0.0031967	0.229943	0.0288376	0.00488573	0.00268051	0.0201752	0.00357033	0.0251517	0.0948256	0.235942	0.00318015	0.0217119
74	0.0287881	0.00813653	0.00263723	0.00149192	0.359331	0.00616161	0.00365197	0.0689357	0.00293862	0.16251	0.0318962	0.00540569	0.00401577	0.00409873	0.0207767	0.0125484	0.0258511	0.0406715	0.012566	0.197588
75	0.206379	0.0180735	0.00332136	0.0025854	0.0362948	0.0402511	0.00400819	0.08497	0.00402248	0.157182	0.231837	0.00719352	0.00427306	0.00687967	0.00532738	0.0584637	0.0227832	0.0910455	0.00672343	0.00838587
76	0.0668585	0.0053473	0.00455312	0.000988824	0.136605	0.0312502	0.0243186	0.0572154	0.0165989	0.148258	0.054636	0.00685167	0.00277906	0.00529428	0.0149026	0.0446468	0.0308685	0.116574	0.0732224	0.15823
77	0.270161	0.0275837	0.001498	0.00648117	0.0242596	0.427043	0.000849452	0.0155579	0.00317655	0.0152507	0.00792136	0.00548503	0.00189363	0.0103254	0.00898955	0.104961	0.0361716	0.021937	0.00255641	0.00789843
78	0.0674023	0.0675063	0.00941336	0.0705797	0.0506097	0.0152943	0.0114914	0.0238259	0.0237834	0.068473	0.089022	0.10425	0.0084275	0.115981	0.0298214	0.143923	0.0156521	0.0316073	0.00866933	0.0442663
79	0.0259325	0.0221327	0.000697561	0.00030833	0.0459422	0.00352934	0.000391825	0.267112	0.000659286	0.255937	0.0441902	0.00115613	0.00161612	0.00157075	0.00146012	0.010192	0.0261668	0.286193	0.00255733	0.00225402
80	0.367336	0.0819105	0.00131991	0.000832228	0.0342244	0.15946	0.000590981	0.0252383	0.00115745	0.0155832	0.011467	0.00294882	0.00117494	0.0113538	0.00343769	0.194812	0.0552988	0.0203398	0.00255465	0.00896044
81	0.306002	0.0210691	0.00727622	0.000669983	0.00547536	0.0438757	0.000554715	0.0315721	0.00200207	0.0144058	0.0102315	0.00972917	0.00269879	0.0011985	0.00303479	0.345499	0.140955	0.0515466	0.000782329	0.00142151
82	0.288045	0.0275653	0.0076955	0.000650245	0.00685061	0.0733795	0.000458145	0.0171277	0.00482701	0.00936391	0.0057807	0.00642528	0.00256431	0.00223787	0.0021227	0.353264	0.153038	0.0364446	0.000784379	0.00137464
83	0.38298	0.0484044	0.000891013	0.00075058	0.0476286	0.205667	0.000356381	0.0163487	0.00064659	0.0155113	0.0118193	0.00233458	0.00129945	0.00662986	0.00396051	0.181428	0.0433801	0.0159119	0.00211131	0.0119412
84	0.158489	0.0492807	0.00109094	0.00111675	0.0261088	0.0152276	0.0011058	0.22112	0.00275016	0.0982711	0.0181476	0.00221252	0.00226729	0.0020609	0.0043537	0.0450029	0.0824437	0.262593	0.00320055	0.00315635
85	0.0517537	0.0686173	0.0353111	0.00449969	0.201648	0.0201036	0.00911471	0.0494541	0.00670083	0.139178	0.0732322	0.0133507	0.00803623	0.0110712	0.00804697	0.0273039	0.0286801	0.0710062	0.103602	0.0692894
86	0.0423497	0.0128054	0.00988282	0.00889129	0.0311971	0.00775407	0.0220777	0.0925304	0.00833237	0.316466	0.111777	0.0685218	0.0106583	0.0778912	0.010274	0.0285848	0.0283174	0.0861922	0.00764554	0.0178517
87	0.0399924	0.00841452	0.000388241	0.000315603	0.10421	0.011276	0.000401908	0.152614	0.000608144	0.440864	0.087458	0.0011926	0.00185316	0.0016624	0.0010993	0.0152588	0.0195759	0.0915517	0.00360696	0.0176562
88	0.0826005	0.0199537	0.000174243	0.000148126	0.116209	0.0150686	0.000358275	0.204966	0.00049862	0.217196	0.0403451	0.000544619	0.00294602	0.00626248	0.00061559	0.0187355	0.0457762	0.219927	0.000519082	0.00715525
89	0.388433	0.0269633	0.00505579	0.00140582	0.0142445	0.075191	0.00102735	0.0247823	0.00195925	0.0379618	0.0106369	0.0060396	0.00258265	0.00419669	0.00265747	0.267356	0.081152	0.040742	0.00312364	0.00448929
90	0.152482	0.0175066	0.00470819	0.000889503	0.00419017	0.0385294	0.00066832	0.0114394	0.0091492	0.014949	0.00479806	0.0119392	0.0150383	0.0013442	0.00194167	0.293228	0.389433	0.0253013	0.00103439	0.00142975
91	0.153717	0.0660923	0.00235208	0.00181881	0.217602	0.014959	0.00635228	0.0438241	0.0358025	0.0836911	0.0341589	0.00798412	0.00252982	0.00571254	0.0384301	0.0245933	0.0134849	0.110007	0.0446058	0.0922827
92	0.0264511	0.00885108	0.00150569	0.000464169	0.171953	0.0108272	0.000481848	0.118293	0.000677125	0.438051	0.0808228	0.000935196	0.00163762	0.00182952	0.00296638	0.0126955	0.0154003	0.0639483	0.0112067	0.0310024
93	0.028676	0.0065538	0.0488893	0.0900176	0.00761171	0.0556839	0.0302028	0.0103641	0.17952	0.0167926	0.00925926	0.106565	0.00161452	0.0918829	0.130242	0.12775	0.0294225	0.0148735	0.00125964	0.0128191
94	0.0713098	0.00662293	0.00189717	0.00205175	0.0616623	0.00762354	0.00229275	0.110995	0.00260685	0.34301	0.248553	0.00398069	0.00419137	0.00522019	0.00326476	0.0225175	0.0173911	0.0704349	0.00498943	0.00938526
95	0.208907	0.0204709	0.0342308	0.0151373	0.0364512	0.0358259	0.00857501	0.0397111	0.0177364	0.0568884	0.0238763	0.078369	0.2162	0.0132023	0.0255921	0.051083	0.0347863	0.0577812	0.0100851	0.0150903
96	0.0187165	0.0074178	0.000742669	0.00642343	0.00941751	0.00729676	0.000800346	0.247714	0.00103035	0.0396225	0.0151192	0.00231216	0.00360543	0.00479168	0.00126293	0.0107849	0.0316759	0.585589	0.00336571	0.0023111
97	0.263568	0.0230556	0.00897326	0.00636717	0.016252	0.0791888	0.00356761	0.0276897	0.0114775	0.0256075	0.01132	0.0132015	0.00503433	0.00831583	0.00976532	0.311502	0.121283	0.0423666	0.00335744	0.0081064
98	0.33336	0.0300003	0.00529088	0.00134665	0.017265	0.138047	0.000342271	0.0165294	0.00146351	0.0102882	0.00707236	0.0048042	0.00190184	0.00355055	0.00289559	0.281609	0.1137	0.0247244	0.00124703	0.00456258
99	0.0996521	0.0293826	0.00597015	0.00555166	0.0482347	0.0250918	0.00379525	0.16459	0.00512877	0.118862	0.0353928	0.00796808	0.00691826	0.00850018	0.00587972	0.0785236	0.159317	0.170812	0.00919179	0.0112373
100	0.0651324	0.0191053	0.0123841	0.0107938	0.0629931	0.0291573	0.102642	0.0762046	0.0353531	0.169535	0.0480345	0.0279458	0.0125154	0.0572863	0.0292623	0.0422915	0.0378383	0.0918127	0.0227521	0.0469602
101	0.313329	0.0233941	0.00894023	0.000514657	0.00607666	0.0601128	0.000218583	0.0148757	0.00173978	0.00779498	0.00553618	0.00637673	0.00116803	0.00107117	0.00172592	0.378075	0.139797	0.0274639	0.000579632	0.00120983
102	0.0475741	0.0290135	0.00191794	0.000672791	0.0209902	0.00315594	0.000695937	0.276239	0.00167007	0.1247	0.0505677	0.00438801	0.00190189	0.00197734	0.00160242	0.0167691	0.0507498	0.361539	0.00129477	0.00258056
103	0.0367046	0.0218972	0.00118446	0.00326958	0.0250678	0.0060796	0.00102681	0.288433	0.0011388	0.0930779	0.0312486	0.00268135	0.00241007	0.00269886	0.00159451	0.0118544	0.0354839	0.429652	0.00239448	0.00210228
104	0.258768	0.022752	0.00333897	0.00882298	0.018881	0.443091	0.000841912	0.0146846	0.00431896	0.0210187	0.00828468	0.00956004	0.00246101	0.00503208	0.0140676	0.101881	0.028814	0.0252984	0.00186815	0.00621538
105	0.41464	0.0387097	0.00288076	0.000629919	0.02525	0.140256	0.000299203	0.0141771	0.000879002	0.0138528	0.0101089	0.00350552	0.0011015	0.00567446	0.0026524	0.240671	0.0600372	0.0161017	0.00192176	0.0066512
106	0.0617782	0.0370922	0.0022532	0.000758649	0.0208541	0.00377429	0.000787975	0.24861	0.00232939	0.113584	0.0511217	0.00524308	0.00263294	0.00242183	0.0018138	0.02877	0.0703403	0.340677	0.00146609	0.00369159
107	0.0176267	0.01561	0.000716967	0.000429653	0.0223311	0.00275516	0.000547936	0.30305	0.00118663	0.246769	0.0624128	0.00142956	0.00122989	0.00231434	0.00269157	0.00826315	0.0201578	0.286311	0.00260332	0.00156347
108	0.306992	0.0361077	0.00149404	0.00365221	0.0443263	0.304627	0.00074432	0.0197723	0.00282402	0.0205204	0.0122084	0.00584923	0.00231837	0.00633939	0.00864354	0.146711	0.0409606	0.0224962	0.00286854	0.0105447
109	0.0610866	0.0103826	0.00375018	0.00194311	0.29794	0.00587325	0.00413206	0.0335388	0.00338778	0.0678027	0.0537934	0.00832566	0.00990644	0.00482037	0.0108219	0.033333	0.0507783	0.0406152	0.00871922	0.28905
110	0.304416	0.0214566	0.0090793	0.00043591	0.00350384	0.0536234	0.000201615	0.0151114	0.0018317	0.00735466	0.00517912	0.00659386	0.00118771	0.00058778	0.00169231	0.390353	0.147853	0.0286289	0.000378815	0.000530449
111	0.0233309	0.00513455	0.000374814	0.000256273	0.0915216	0.00642879	0.000347186	0.149765	0.000360679	0.497273	0.0983851	0.00102315	0.00274414	0.00201345	0.000778977	0.013389	0.0129842	0.0769818	0.00379491	0.0131131
112	0.106266	0.0264075	0.00220152	0.00166383	0.0413061	0.0112341	0.00192997	0.170757	0.00339838	0.14511	0.0297674	0.0048893	0.00367269	0.00599572	0.00266447	0.0280469	0.103545	0.289019	0.00250736	0.0196181
113	0.0263591	0.00978361	0.000657083	0.00391004	0.0445876	0.010915	0.00215253	0.353646	0.000967904	0.0534711	0.0306592	0.00120215	0.00268249	0.00371286	0.00245936	0.00604848	0.0200507	0.422657	0.00269239	0.00138574
114	0.317929	0.0374312	0.000931328	0.00104416	0.0315882	0.12825	0.000869806	0.0760423	0.00173716	0.188993	0.0361043	0.00312747	0.00136885	0.00163576	0.0018165	0.0748957	0.00785762	0.0811315	0.00404194	0.00320407
115	0.181009	0.0256505	0.0128269	0.0508365	0.0325089	0.0820105	0.008305	0.0514051	0.0245069	0.0567832	0.0211433	0.0289922	0.0128235	0.0203023	0.0237989	0.17871	0.0530537	0.110375	0.00922867	0.0157303
116	0.0733783	0.0292894	0.0102276	0.0093049	0.117337	0.0279333	0.0144174	0.0634542	0.0189887	0.0810202	0.0339835	0.0165675	0.00802794	0.0187546	0.0305291	0.0374741	0.0346864	0.0995807	0.169129	0.105917
117	0.0869382	0.0144627	0.00125284	0.00119395	0.115408	0.0213076	0.0136414	0.252078	0.00275938	0.114626	0.0243731	0.00210949	0.00312266	0.00415514	0.00498315	0.0154311	0.0180885	0.293295	0.00289929	0.00787451
118	0.0611752	0.0198459	0.000482829	0.00022003	0.0756292	0.0092104	0.000435726	0.224058	0.000591258	0.243496	0.0352768	0.00101393	0.00223465	0.00389578	0.000799384	0.0153167	0.037336	0.263231	0.00120014	0.00455084
119	0.365526	0.0391752	0.00312381	0.0016344	0.0424076	0.13772	0.00123603	0.0243001	0.00138299	0.0244323	0.014118	0.00480486	0.00344276	0.00657832	0.00408615	0.218512	0.0644051	0.0282575	0.00462441	0.0102322
120	0.0900895	0.0213328	0.0173211	0.00968606	0.108068	0.0233981	0.00969263	0.0661753	0.0162059	0.0915626	0.0315016	0.0256479	0.240763	0.0144234	0.0204101	0.0372953	0.0332576	0.0831663	0.0167946	0.0432079
121	0.0273018	0.0189418	0.000890928	0.000337391	0.031573	0.0024888	0.000434224	0.239501	0.000867533	0.275371	0.0384307	0.00159465	0.00141707	0.00106693	0.00121319	0.0121999	0.0256526	0.316589	0.00205213	0.00207659
122	0.0250053	0.00625459	0.000293121	0.000245622	0.100942	0.00735296	0.000303553	0.152434	0.000318922	0.479801	0.0911594	0.00075205	0.00237623	0.00183318	0.000771401	0.0143837	0.014527	0.0832598	0.00368743	0.0142991
123	0.305166	0.0218363	0.00894317	0.000435168	0.00414158	0.0556696	0.000204961	0.0150111	0.00182473	0.00749104	0.00526975	0.00649987	0.00116569	0.000652025	0.00170454	0.388066	0.146338	0.0285164	0.000389197	0.000674594
124	0.231125	0.0163674	0.00137345	0.0107101	0.012243	0.543087	0.000546437	0.00908274	0.00357395	0.00985268	0.00570319	0.00754538	0.00170828	0.0040292	0.014871	0.0856542	0.0195989	0.0166964	0.00126962	0.00496147
125	0.0858005	0.0206777	0.000152139	0.000153013	0.118236	0.015334	0.000215864	0.206332	0.000434466	0.217706	0.0417181	0.000537924	0.00302568	0.00642797	0.00054048	0.0200054	0.0487376	0.205961	0.000557103	0.00744715
126	0.104256	0.0459141	0.00177279	0.000380357	0.0459319	0.00696419	0.000717385	0.218955	0.00150986	0.112689	0.0444008	0.00333313	0.00154646	0.00224439	0.0019294	0.0331601	0.0615079	0.308288	0.00109502	0.00340405
127	0.30609	0.0215563	0.00900838	0.000436085	0.00392981	0.0543918	0.000204583	0.0149972	0.00182344	0.00745839	0.00520194	0.006555	0.00117027	0.000619504	0.00168019	0.388618	0.146799	0.0284277	0.000414898	0.000617472
128	0.310032	0.0508618	0.00114967	0.00128554	0.0473475	0.145388	0.00104733	0.0762551	0.00168303	0.101399	0.0321075	0.00437416	0.00156667	0.00361325	0.00204135	0.0994799	0.0116215	0.099016	0.00570951	0.00402182
129	0.0887462	0.0212828	0.000239358	0.000203195	0.114493	0.0160065	0.000277993	0.210664	0.00081818	0.216526	0.0382585	0.000570232	0.00297663	0.00603933	0.000559744	0.0207322	0.0467118	0.206922	0.000851159	0.00711951
130	0.0257309	0.00639733	0.000270709	0.000245009	0.100734	0.00726964	0.000259196	0.158456	0.00028571	0.47165	0.0895223	0.000640205	0.00240433	0.00169909	0.000716518	0.0142975	0.0156314	0.0863426	0.00358327	0.0138649
131	0.033798	0.00497002	0.00314474	0.00186785	0.356056	0.004115	0.0041014	0.0444112	0.00185461	0.0724575	0.0235335	0.00516829	0.00670095	0.0035203	0.0129777	0.0204649	0.0403793	0.0427435	0.00860415	0.309131
132	0.070603	0.00488814	0.00159524	0.00109305	0.12721	0.0392735	0.0251277	0.0535033	0.0234535	0.135234	0.0518781	0.00157488	0.00115127	0.00474758	0.0201072	0.0604248	0.0288251	0.113827	0.095429	0.140054
133	0.0836393	0.0200265	0.000177895	0.000140992	0.120979	0.0151545	0.00021436	0.198311	0.00040594	0.228756	0.0430815	0.000571767	0.0029944	0.00624104	0.000558481	0.0194413	0.0460008	0.204693	0.000644436	0.00796842
134	0.0547031	0.0364807	0.00307645	0.00116807	0.0174164	0.00218325	0.00049193	0.203697	0.00202841	0.152578	0.0433149	0.00843657	0.00180471	0.00123178	0.000677717	0.0231104	0.0676614	0.372611	0.00101898	0.00630877
135	0.0279905	0.00502086	0.0619872	0.088043	0.00804685	0.0551808	0.0289829	0.0100224	0.178116	0.0173823	0.00699868	0.11846	0.00155027	0.086908	0.126851	0.128887	0.0250266	0.011775	0.00119877	0.011571
136	0.0860386	0.0292902	0.0150409	0.0403289	0.0305141	0.0221598	0.026431	0.0224695	0.0824565	0.0604794	0.0322667	0.131498	0.0397838	0.0567446	0.144901	0.0929464	0.0174118	0.0329747	0.0215534	0.0147111
137	0.309415	0.0215854	0.00940049	0.000603685	0.00436489	0.0579962	0.000283276	0.0156447	0.00186065	0.00794832	0.0054398	0.00700667	0.00133927	0.000857926	0.00174843	0.38034	0.143967	0.0289156	0.000551473	0.00073136
138	0.0314119	0.00954254	0.000881744	0.000307999	0.129054	0.00936731	0.000550702	0.145129	0.000412804	0.43523	0.083489	0.00106084	0.00166789	0.00185434	0.00141038	0.014272	0.0168384	0.0878202	0.00550959	0.0241899
139	0.0175671	0.0188959	0.00123332	0.00841037	0.0567605	0.00977278	0.0188558	0.0597155	0.115993	0.0984454	0.0251237	0.0328778	0.00861061	0.0497376	0.223876	0.00986742	0.035278	0.0468575	0.0581635	0.103959
140	0.187317	0.0116126	0.00209219	0.00136519	0.108161	0.0416523	0.00148867	0.085603	0.00247937	0.195427	0.0483178	0.00274964	0.00196851	0.00288749	0.00224455	0.0528323	0.0739814	0.131809	0.0360314	0.00998034
141	0.041115	0.065242	0.00724064	0.00867814	0.177839	0.0111403	0.00609894	0.0419401	0.00368283	0.214232	0.106293	0.0175859	0.00485189	0.0344894	0.00539812	0.0474101	0.0258656	0.0522432	0.0170522	0.111601
142	0.106131	0.0193605	0.0217228	0.0114085	0.0554638	0.0249077	0.00858629	0.0587312	0.0197777	0.0798947	0.0257219	0.0345728	0.270369	0.0120784	0.0198785	0.050073	0.0661629	0.0798765	0.0107983	0.0244849
143	0.0841537	0.0203285	0.00014915	0.000142274	0.119944	0.0146284	0.000221704	0.203093	0.000422077	0.220175	0.0413557	0.000530586	0.00318455	0.00656785	0.000506115	0.0192143	0.0468713	0.210398	0.000483565	0.00763
144	0.0684895	0.0161301	0.000298129	0.00022574	0.123768	0.0134994	0.000426055	0.178654	0.000483646	0.294356	0.0572282	0.00147564	0.00259312	0.00455016	0.000911278	0.0179216	0.0349475	0.165919	0.00185696	0.0162655
145	0.0406488	0.00675957	0.00968713	0.00222295	0.142456	0.0152533	0.0186419	0.0681359	0.00755574	0.181178	0.0594251	0.0141329	0.00537451	0.00798385	0.00824785	0.0256926	0.0305321	0.104946	0.0529275	0.198198
146	0.359238	0.04708	0.000710302	0.000884921	0.0556646	0.222133	0.000533039	0.0184501	0.000645098	0.0234165	0.0164041	0.00207248	0.0019684	0.00607599	0.00353731	0.163854	0.0410309	0.0207547	0.00237532	0.0131716
147	0.0856182	0.0222979	0.000243509	0.000154866	0.113522	0.014487	0.000208452	0.202481	0.000458618	0.213509	0.0400812	0.000632032	0.00298832	0.00629508	0.000465115	0.0196707	0.0485	0.220756	0.000512255	0.00711928
148	0.203511	0.0585024	0.00417251	0.0037583	0.0211796	0.0649458	0.00237661	0.0615344	0.00624681	0.0370944	0.0142399	0.0068384	0.00400992	0.0273197	0.00658524	0.115858	0.205346	0.145262	0.00532616	0.00589354
149	0.0716539	0.0235423	0.000744618	0.000143183	0.0863418	0.0102991	0.000264205	0.208805	0.000744735	0.206309	0.0420846	0.0016373	0.00254419	0.00408677	0.000537304	0.0209215	0.0502655	0.262608	0.000688199	0.00577893
150	0.2352	0.00802745	0.00267673	0.00185918	0.151506	0.0600457	0.00244104	0.075781	0.00370804	0.0752242	0.0411113	0.00369641	0.0028371	0.00366684	0.0036481	0.0408439	0.0936068	0.097231	0.0862825	0.0106072
151	0.0424353	0.0232342	0.00133515	0.000591768	0.0369684	0.00686334	0.00116226	0.261883	0.00120852	0.163312	0.0337788	0.00282111	0.00166289	0.00128162	0.00147327	0.0165758	0.0393984	0.360335	0.00157668	0.00210348
152	0.0536873	0.0159858	0.0425642	0.0473508	0.0352506	0.0142302	0.0490381	0.0900007	0.0229876	0.189243	0.0819941	0.0868414	0.0133026	0.0426942	0.0202883	0.0448136	0.0378731	0.0759419	0.0081772	0.0277353
153	0.0594922	0.0398028	0.00217242	0.000252672	0.0215593	0.0021102	0.000267098	0.205481	0.00147164	0.159889	0.0436387	0.00513159	0.00168099	0.000601789	0.000518236	0.0231078	0.0605586	0.367617	0.00106578	0.00358133
154	0.0261077	0.00663828	0.00400164	0.00134982	0.309046	0.00615815	0.00594213	0.0974094	0.00183735	0.182742	0.0388304	0.00713362	0.00321818	0.00454489	0.0122201	0.0104288	0.0236554	0.0652547	0.0131763	0.180305
155	0.0712962	0.0152336	0.0100295	0.00380419	0.131002	0.00840127	0.0149187	0.0571229	0.00529286	0.181575	0.0986586	0.0320224	0.00839044	0.0160608	0.00589287	0.041689	0.0528787	0.104168	0.0174833	0.12408
156	0.0194158	0.0119848	0.000662265	0.00457152	0.0370696	0.00908056	0.00161277	0.364508	0.000728969	0.0523214	0.0300321	0.00095074	0.00286294	0.00358653	0.00254385	0.00512528	0.018372	0.430287	0.0030308	0.00125306
157	0.0316262	0.00785156	0.000269465	0.000242568	0.102844	0.00791808	0.00027259	0.163643	0.000302415	0.443775	0.0848522	0.000635825	0.00251682	0.00204361	0.000688365	0.015315	0.0187045	0.100099	0.0032577	0.0131422
158	0.0238269	0.00579852	0.0141084	0.00170956	0.18429	0.00426483	0.0196458	0.0613562	0.00126338	0.176912	0.0403584	0.0253	0.00832636	0.0121527	0.00361894	0.00996362	0.0338825	0.078744	0.0249894	0.269488
159	0.027594	0.00467525	0.0684393	0.0894374	0.00838519	0.0553077	0.0279016	0.00971968	0.175894	0.0173916	0.00655037	0.121541	0.00152809	0.0845644	0.123919	0.129631	0.0242662	0.0111692	0.00124171	0.0108428
160	0.199202	0.012987	0.00364223	0.0131489	0.011206	0.543505	0.000700496	0.0129841	0.00555732	0.0123898	0.00665787	0.0145374	0.00309486	0.00375751	0.0173663	0.0796016	0.0256775	0.0275789	0.00174728	0.00465759
161	0.0968957	0.0206886	0.000191937	0.000157986	0.122308	0.0181261	0.000221497	0.190717	0.000481575	0.222874	0.0388466	0.000579295	0.00282018	0.00674875	0.000629183	0.0196054	0.0445361	0.205908	0.000642974	0.00702101
162	0.150528	0.0676699	0.00246961	0.00171795	0.0163879	0.0647507	0.00181088	0.130535	0.0173698	0.245475	0.00721601	0.00407325	0.0170982	0.0028762	0.00391911	0.0205392	0.0472019	0.189046	0.00414286	0.005173
163	0.124194	0.0325318	0.00156812	0.00138673	0.0241215	0.0272273	0.0014538	0.341879	0.00443097	0.151819	0.0118375	0.00215098	0.00354687	0.00296038	0.0031138	0.0151206	0.0412362	0.193007	0.012586	0.00382906
164	0.304416	0.0214566	0.0090793	0.00043591	0.00350384	0.0536234	0.000201615	0.0151114	0.0018317	0.00735466	0.00517912	0.00659386	0.00118771	0.00058778	0.00169231	0.390353	0.147853	0.0286289	0.000378815	0.000530449
165	0.118855	0.0205291	0.000249515	0.000350253	0.128801	0.0325134	0.000433452	0.160413	0.00132109	0.256688	0.03023	0.000736397	0.00210108	0.00438276	0.00128758	0.0219502	0.0307076	0.182382	0.000813843	0.00525374
166	0.186573	0.0222724	0.00162048	0.00515593	0.0376975	0.464598	0.00117653	0.0310402	0.0024932	0.0241503	0.00723155	0.00431459	0.012172	0.00330752	0.0053889	0.078674	0.0572583	0.0459961	0.00203829	0.00684169
167	0.084068	0.0202753	0.000149065	0.000149859	0.120008	0.0145858	0.00022768	0.203071	0.000415848	0.220055	0.0412642	0.000524061	0.00323293	0.00664831	0.000497748	0.0192579	0.0469278	0.210531	0.00048514	0.00762443
168	0.0689061	0.0127259	0.000437	0.000352669	0.117894	0.0274018	0.0019932	0.185617	0.00118257	0.265024	0.0485961	0.000948357	0.00157893	0.00307668	0.00510085	0.0160233	0.0236387	0.208664	0.0023043	0.00853445
169	0.193152	0.0447346	0.0364717	0.00973941	0.0167809	0.13269	0.00285847	0.0516708	0.0359409	0.0883295	0.0166411	0.0696616	0.00709422	0.00943431	0.0434242	0.017193	0.0592897	0.152625	0.0067544	0.00551398
170	0.0467907	0.0142636	0.00945571	0.0162441	0.0307697	0.0262745	0.0187106	0.031603	0.149283	0.0588065	0.0186909	0.0666642	0.129289	0.0353775	0.170776	0.0390676	0.0322848	0.0628542	0.0236842	0.0191105
171	0.0157667	0.0351256	0.00207274	0.0150584	0.0595453	0.0076597	0.0351493	0.0612051	0.0683288	0.0829896	0.0262458	0.0182136	0.00385303	0.0387184	0.220111	0.00923017	0.0216103	0.0359117	0.0834383	0.159766
172	0.063586	0.00965673	0.00453997	0.00251138	0.224495	0.00994756	0.00508092	0.0289641	0.00398794	0.0657565	0.0299958	0.00876767	0.028393	0.00626958	0.00927905	0.0987949	0.0743738	0.0344443	0.0074975	0.283659
173	0.0275654	0.0164956	0.00103482	0.00110142	0.0336812	0.00475088	0.000890542	0.244527	0.000903221	0.261117	0.0356081	0.00179307	0.00205221	0.00230413	0.00167396	0.010816	0.0254302	0.323013	0.00256577	0.00267684
174	0.063017	0.0175201	0.00505179	0.00650826	0.065309	0.0134022	0.0141283	0.18548	0.010462	0.200276	0.0465608	0.0115803	0.00830392	0.0709031	0.00932196	0.0216048	0.0463796	0.179568	0.00812319	0.0164992
175	0.0127389	0.00622498	0.000462187	0.00795088	0.0125521	0.00691945	0.00105407	0.316099	0.000777169	0.0349119	0.0194889	0.00110085	0.0043049	0.00528177	0.00136317	0.00492881	0.021596	0.536626	0.00401981	0.00159906
176	0.03218	0.00816964	0.000517349	0.000270624	0.137002	0.0101743	0.000352695	0.143832	0.000532974	0.431669	0.0818156	0.000806106	0.00198267	0.00189014	0.00163073	0.0138662	0.0167942	0.0887667	0.00518371	0.0225641
177	0.0803078	0.0163129	0.00239313	0.000897065	0.00441686	0.0196965	0.00107426	0.00998056	0.0146161	0.0207228	0.00470675	0.0177703	0.0241028	0.00169008	0.00217893	0.224182	0.52382	0.0275347	0.00157434	0.00202165
178	0.35919	0.0306283	0.0060989	0.00240669	0.0249524	0.107596	0.000893832	0.0194869	0.00392025	0.0199709	0.0098646	0.00661043	0.00202427	0.0052458	0.00544681	0.269133	0.0879834	0.0289489	0.00257965	0.00701894
179	0.156063	0.207984	0.00223605	0.00208937	0.0457322	0.0122508	0.00246536	0.169259	0.00358749	0.036709	0.0717339	0.00455866	0.0037191	0.00466555	0.0050906	0.0754791	0.0552591	0.131567	0.00358955	0.00596096
180	0.0704435	0.0476875	0.0045585	0.0015215	0.173951	0.0137308	0.0047993	0.0951483	0.00425619	0.25184	0.0669101	0.00616858	0.00353944	0.00769132	0.00517844	0.0221291	0.0262495	0.114142	0.0162225	0.0638333
181	0.318611	0.0209984	0.0511119	0.0354277	0.0166697	0.150667	0.00298634	0.0323655	0.0109066	0.0778436	0.015209	0.0581246	0.0187936	0.00663762	0.0159826	0.0288343	0.025578	0.0997421	0.0064633	0.00704722
182	0.338116	0.0297961	0.00595786	0.000763494	0.0159377	0.107134	0.000250274	0.0166356	0.00141174	0.0109626	0.00754068	0.00485824	0.00112994	0.00272252	0.00265357	0.318897	0.107248	0.0232626	0.00102831	0.00369395
183	0.0730293	0.0279957	0.00420892	0.00380164	0.249358	0.0230086	0.00490958	0.0922872	0.00652773	0.15753	0.0410596	0.00757039	0.0066991	0.00702454	0.0120557	0.0288726	0.0321856	0.0993595	0.0218649	0.100651
184	0.33888	0.0252506	0.00775673	0.000447556	0.00845688	0.0730055	0.000214748	0.0143561	0.00154349	0.00917695	0.00610135	0.00566633	0.00109265	0.00186495	0.00181554	0.352009	0.124994	0.0247719	0.00075244	0.00184291
185	0.0584216	0.0148607	0.013924	0.0121989	0.0638164	0.0299848	0.0975721	0.0708177	0.0395428	0.167687	0.046848	0.030735	0.0119881	0.0526068	0.0329448	0.0462822	0.0356078	0.0844962	0.0267611	0.0629038
186	0.174801	0.0112899	0.00379915	0.014491	0.0124531	0.55644	0.00265399	0.0152034	0.014095	0.0216116	0.0085558	0.0126312	0.00259493	0.00659863	0.0269478	0.0642811	0.0182945	0.0239602	0.00268062	0.00661726
187	0.423997	0.0356856	0.00341619	0.000601965	0.0225666	0.128637	0.00034405	0.0138792	0.000954357	0.0144853	0.00980391	0.00394362	0.00112528	0.0054384	0.00250046	0.243577	0.064095	0.016786	0.00205382	0.00610836
188	0.119021	0.0127274	0.0375052	0.0500856	0.0107333	0.116043	0.0155347	0.0158805	0.0971693	0.0179857	0.00900916	0.0925709	0.00344126	0.0517545	0.0678267	0.19933	0.0529329	0.0196898	0.00210207	0.00865756
189	0.0333999	0.00527131	0.0745268	0.088634	0.0103542	0.0549283	0.0277939	0.0135975	0.161087	0.0235337	0.00868288	0.119077	0.0033864	0.0784767	0.115574	0.126057	0.0238185	0.0177288	0.002608	0.0114654
190	0.0694406	0.026636	0.0034035	0.00503708	0.0352705	0.012867	0.00269855	0.191857	0.0041094	0.1278	0.0338736	0.00617953	0.00512504	0.00698893	0.00425028	0.0355009	0.129788	0.286634	0.00412005	0.00842057
191	0.404857	0.0429899	0.00198993	0.000897102	0.0330318	0.173964	0.000328385	0.0142688	0.000807901	0.0146848	0.0113033	0.00307391	0.00106496	0.0063364	0.00340367	0.210193	0.0512354	0.0149145	0.00204182	0.00861387
192	0.116802	0.0281792	0.0243945	0.0389723	0.0457745	0.0469384	0.0170678	0.0311962	0.0617512	0.0481117	0.0305603	0.104718	0.0143816	0.0494458	0.055951	0.127446	0.0316338	0.0467829	0.0136949	0.0661977
