325	20
1	0.0132647	0.00283629	0.00364718	0.0059058	0.614452	0.0105505	0.00331297	0.0834459	0.00527994	0.042281	0.0226424	0.0266343	0.00260947	0.00365478	0.00744812	0.00727844	0.011022	0.0995317	0.0142352	0.0199669
2	0.0669722	0.0100628	0.0301867	0.0354964	0.0128904	0.190207	0.015905	0.024339	0.151429	0.108407	0.0148925	0.0226796	0.0193832	0.0244182	0.0752769	0.0554081	0.0990054	0.0246995	0.00393023	0.0144119
3	0.550231	0.0183038	0.0145364	0.0314203	0.0106617	0.0620725	0.00828922	0.0174992	0.0130921	0.019787	0.00835521	0.0106298	0.020149	0.0154741	0.0255269	0.0790296	0.0308202	0.0504739	0.0028766	0.0107714
4	0.0224303	0.00705412	0.0157805	0.00593258	0.075016	0.0126452	0.0517071	0.0055516	0.00613849	0.0100689	0.0106576	0.0550842	0.00280173	0.00455666	0.0105144	0.0125635	0.00899158	0.00623041	0.0037719	0.672503
5	0.0474121	0.00301924	0.633089	0.0959392	0.00315943	0.0179551	0.011137	0.00534982	0.0137868	0.00754084	0.00426667	0.0627406	0.00354393	0.0145364	0.0140825	0.0287532	0.0215664	0.00624776	0.00106686	0.00480729
6	0.0148249	0.00446825	0.000547217	0.00351899	0.00111609	0.000617389	0.00195285	0.272118	0.00199158	0.0901412	0.00723517	0.00169279	0.000474097	0.000524977	0.000985583	0.000967501	0.00796365	0.585497	0.000146474	0.00321581
7	0.0806716	0.00692197	0.0255505	0.0522523	0.0123654	0.0240674	0.0290559	0.0295279	0.0977774	0.0357415	0.0135716	0.0232699	0.0185715	0.0378353	0.357003	0.0509111	0.0520665	0.0314339	0.00378056	0.0176247
8	0.122295	0.00331552	0.00415423	0.00188915	0.00102136	0.799041	0.00226854	0.00193575	0.00191775	0.00190234	0.000997033	0.00183164	0.00515638	0.00108491	0.00392433	0.0339788	0.00757081	0.00393655	0.000339628	0.00143985
9	0.0553609	0.0114803	0.00193161	0.0738619	0.00168163	0.0022812	0.00581968	0.0876004	0.158692	0.114181	0.0265836	0.00190364	0.0111089	0.0821935	0.204642	0.0117521	0.0561925	0.0826622	0.000659434	0.00941186
10	0.0276411	0.0151608	0.00465668	0.00741826	0.0873437	0.00338895	0.00852401	0.301835	0.00487817	0.187346	0.00910177	0.00149438	0.00424976	0.00182486	0.0094632	0.0186855	0.0462365	0.207322	0.00551245	0.0479166
11	0.0156545	0.00745175	0.00358523	0.00404855	0.128794	0.00109707	0.00418099	0.178526	0.00819065	0.488334	0.0458247	0.00154381	0.00626906	0.00103901	0.00198139	0.00147035	0.00277702	0.0762358	0.0157805	0.00721508
12	0.0170004	0.00156984	0.487055	0.0203939	0.0013517	0.0281899	0.00607175	0.00622718	0.0141115	0.00358007	0.00193845	0.283914	0.00136263	0.00265008	0.0107149	0.0517696	0.055758	0.00379291	0.000721157	0.00182721
13	0.160463	0.00105467	0.0806547	0.386476	0.00103807	0.060479	0.00109942	0.00576614	0.0147141	0.00178548	0.00571214	0.0207654	0.0720153	0.00986229	0.00661297	0.104879	0.0483769	0.0166389	0.000395245	0.00121212
14	0.159365	0.000840449	0.0998705	0.353938	0.000911878	0.065777	0.00200874	0.00655944	0.0245803	0.002147	0.00497655	0.0238428	0.0658683	0.0176876	0.0144063	0.0974524	0.0434821	0.0134719	0.000337787	0.00247547
15	0.0225424	0.00997503	0.00512463	0.00499506	0.0516979	0.00510194	0.00314338	0.342731	0.00174605	0.179138	0.0144673	0.000924624	0.000983089	0.00173819	0.0082556	0.0168685	0.0542646	0.249485	0.000602566	0.0262142
16	0.282646	0.103778	0.00136071	0.00281096	0.00399807	0.0145999	0.00137929	0.0653764	0.00810805	0.0223622	0.00915232	0.00179385	0.00316988	0.00185838	0.0104273	0.089393	0.0892221	0.286138	0.00054037	0.00188575
17	0.0632582	0.00146115	0.0298525	0.209192	0.0495716	0.00989024	0.072417	0.00878109	0.0495403	0.0313573	0.00912662	0.00827948	0.00203082	0.0329169	0.196005	0.00700238	0.0648769	0.0159144	0.0194002	0.119126
18	0.173008	0.00339676	0.133157	0.0579914	0.00615216	0.019405	0.00630635	0.00723883	0.2023	0.0616442	0.00538886	0.0397194	0.00681653	0.0216041	0.136719	0.0831261	0.0164688	0.010328	0.00185113	0.00737899
19	0.023362	0.0103782	0.00410001	0.00538242	0.0533189	0.00413244	0.00314543	0.338711	0.0016488	0.16613	0.00961799	0.000954954	0.000881929	0.00119492	0.00873772	0.017363	0.0610753	0.259886	0.000232632	0.0297464
20	0.112718	0.00253016	0.0037052	0.00135657	0.000651135	0.824473	0.00164604	0.000852725	0.000963393	0.00134815	0.000613066	0.00153848	0.00452038	0.000643824	0.00149409	0.0317947	0.00593423	0.00224011	0.000304466	0.000672395
21	0.12696	0.0373162	0.0109136	0.0134981	0.012063	0.0511976	0.012438	0.050926	0.0435603	0.0746557	0.0103235	0.0414825	0.00933487	0.0431615	0.0896511	0.103935	0.0507866	0.078928	0.002333	0.136535
22	0.762159	0.00718789	0.000966959	0.00156759	0.0063438	0.0657027	0.000938841	0.00117358	0.00117449	0.00600248	0.00088593	0.0026077	0.00869536	0.00103163	0.00664162	0.0775978	0.00957966	0.0330189	0.00108444	0.00563985
23	0.00864909	0.0018427	0.00351187	0.00907076	0.500037	0.0032481	0.00330062	0.037717	0.00864928	0.098761	0.0105012	0.0199482	0.00175292	0.00281679	0.0229526	0.0213627	0.02619	0.084693	0.00211043	0.132884
24	0.335078	0.0267712	0.00543249	0.00836282	0.00558688	0.139402	0.00411647	0.0744008	0.0279066	0.00757547	0.00598827	0.00534886	0.0524745	0.00524689	0.0301714	0.01214	0.0356478	0.211681	0.00131387	0.00535469
25	0.015015	0.00444718	0.000403018	0.00278817	0.000834904	0.000464416	0.00139023	0.253268	0.00162607	0.0917996	0.00948228	0.00193067	0.000435118	0.00042805	0.000728327	0.000761891	0.00852842	0.602607	0.000110187	0.00295159
26	0.166918	0.0245792	0.00102604	0.00631304	0.0384557	0.00110643	0.00100264	0.142172	0.00145029	0.116779	0.051911	0.00122092	0.002189	0.00115607	0.00240404	0.00814067	0.0206812	0.410335	0.000318498	0.00184204
27	0.0142785	0.0046511	0.000384157	0.00297817	0.00037276	0.000473285	0.00144623	0.239772	0.00166542	0.0858432	0.00818863	0.00204214	0.000440016	0.000413451	0.000705474	0.000765162	0.00902122	0.623408	0.000125203	0.00302615
28	0.0881038	0.0023874	0.00381371	0.00135134	0.000449833	0.852741	0.00164497	0.00073825	0.000879031	0.000939957	0.000583888	0.00145683	0.00446512	0.000606908	0.00126804	0.0312306	0.00545793	0.00117706	0.000241827	0.000462866
29	0.0366118	0.0236374	0.00447747	0.00683532	0.036588	0.052684	0.150686	0.005896	0.00921609	0.00618684	0.0041862	0.0468197	0.00287154	0.0242082	0.22047	0.105376	0.00892684	0.00786899	0.0209157	0.225538
30	0.0479568	0.00242551	0.622348	0.0935102	0.00635825	0.0171598	0.00553264	0.00745608	0.0141107	0.0093284	0.00367834	0.0640299	0.0041071	0.0158786	0.0158094	0.0318596	0.0236661	0.00758177	0.00124776	0.00595475
31	0.0734056	0.00199285	0.01647	0.00451475	0.0238691	0.00379825	0.0168033	0.506791	0.00428026	0.0270011	0.196726	0.00337231	0.00184486	0.00363498	0.0048925	0.00559584	0.00579822	0.0952259	0.000719007	0.00326351
32	0.0785171	0.00804289	0.0231782	0.0539551	0.0130868	0.0222153	0.0308475	0.0231882	0.101075	0.0333843	0.0146642	0.0188169	0.0169187	0.0381432	0.374607	0.0436099	0.0526762	0.0323044	0.00424225	0.0165261
33	0.0974309	0.00217404	0.181338	0.160936	0.0113318	0.0129044	0.0348099	0.0239984	0.0397787	0.118458	0.00431261	0.0068806	0.129865	0.00860791	0.032118	0.0437905	0.0254026	0.0596126	0.00102566	0.00522354
34	0.0634859	0.00180764	0.0116546	0.0169237	0.00701838	0.0713634	0.00163033	0.00229291	0.00808518	0.00251684	0.00178207	0.00448334	0.00498645	0.00219794	0.0107228	0.743495	0.034385	0.00285676	0.000597747	0.00771406
35	0.0738266	0.0019247	0.0102929	0.0102507	0.004078	0.306504	0.00156913	0.00201884	0.00546158	0.00187781	0.00130606	0.00459126	0.00680506	0.00188987	0.00853933	0.520867	0.0304472	0.00258698	0.000479931	0.00468346
36	0.144715	0.0023543	0.0118069	0.130978	0.00672181	0.00916977	0.0133345	0.0326302	0.0722906	0.0708423	0.00922743	0.0202492	0.276277	0.0297318	0.0116915	0.0271261	0.0288818	0.0950037	0.00123655	0.00573157
37	0.164286	0.00105009	0.0796012	0.3791	0.000988678	0.0609686	0.00106458	0.00564141	0.0138759	0.00184411	0.0062934	0.0195338	0.0715964	0.010351	0.00643452	0.112011	0.047537	0.0162417	0.000353047	0.00122689
38	0.0159594	0.00172955	0.000383088	0.000564981	0.0567542	0.00041389	0.000386257	0.0900128	0.0034837	0.695252	0.0829905	0.00189413	0.00020278	0.000395193	0.00203133	0.000681008	0.00355643	0.03614	0.0025314	0.00463739
39	0.22838	0.0507934	0.00369943	0.00612056	0.0544493	0.0193482	0.00821435	0.0321515	0.0276951	0.025928	0.0217338	0.00963722	0.00413088	0.0602233	0.0253177	0.282363	0.0707223	0.062657	0.00159959	0.00483624
40	0.174416	0.00119936	0.150183	0.149189	0.00134355	0.0720053	0.00973973	0.00153262	0.0945642	0.00700889	0.00338673	0.039383	0.0163443	0.0806419	0.0821909	0.0612946	0.0350977	0.00411554	0.000220323	0.0161429
41	0.637388	0.00593595	0.00590111	0.0112698	0.00645735	0.0645534	0.00203604	0.00362503	0.00581503	0.0088289	0.00798018	0.00358789	0.0191367	0.00822118	0.0365412	0.101188	0.0133558	0.0363519	0.00112163	0.0207057
42	0.0763664	0.0135458	0.00242757	0.00923656	0.0598813	0.00275165	0.0029016	0.190611	0.00203492	0.15502	0.021594	0.00159382	0.00197805	0.00175091	0.00688026	0.0150076	0.0637394	0.346237	0.000415129	0.026027
43	0.331982	0.00382068	0.00435328	0.0232401	0.00418394	0.0528514	0.00353465	0.171424	0.0069381	0.00946247	0.0411945	0.00491309	0.00372336	0.00458824	0.0432207	0.0847334	0.151401	0.0494123	0.00131262	0.00371037
44	0.0943991	0.00498874	0.144523	0.214477	0.00126877	0.0213132	0.00263065	0.00525474	0.0400732	0.0198883	0.00254543	0.0951318	0.00264801	0.091477	0.191417	0.0268789	0.00874658	0.0207933	0.000634093	0.0109119
45	0.0957028	0.00289362	0.00667274	0.00266885	0.00215395	0.822254	0.00234417	0.0012022	0.00158183	0.00159901	0.00115241	0.00306939	0.00519036	0.00188133	0.00190361	0.0362073	0.00743179	0.0022161	0.000423288	0.00145137
46	0.106674	0.0175917	0.00101494	0.00631642	0.0324574	0.00120131	0.00165393	0.183935	0.0021237	0.259424	0.0773262	0.00197816	0.0015016	0.00772499	0.00510081	0.00827962	0.0284741	0.251821	0.00147971	0.00392189
47	0.0723605	0.0246434	0.00162234	0.00260964	0.0128202	0.0136765	0.00448796	0.0750038	0.0317365	0.204278	0.164298	0.0764634	0.000811149	0.0424627	0.0603325	0.0144483	0.116811	0.0794585	0.000468094	0.00120726
48	0.319639	0.00386622	0.0110144	0.0978021	0.00323499	0.0489314	0.0211252	0.00572094	0.0121123	0.00736124	0.0217574	0.0252375	0.00571989	0.110027	0.0793425	0.165817	0.027563	0.0089559	0.00131025	0.0234623
49	0.0884337	0.00258068	0.00682067	0.00392375	0.00198505	0.818096	0.00711087	0.00165083	0.00384239	0.00215618	0.00122265	0.00481117	0.0049353	0.00190887	0.00457792	0.032364	0.00724926	0.0029906	0.000638768	0.00270142
50	0.280861	0.119072	0.00112598	0.00228803	0.00372604	0.0129093	0.00119371	0.0622779	0.00262246	0.02379	0.0095939	0.00139443	0.00170801	0.00142016	0.008687	0.0913431	0.0831401	0.290941	0.000409739	0.00149588
51	0.0224341	0.00103908	0.571557	0.0415797	0.00117771	0.0402328	0.00325083	0.00842187	0.0221443	0.00282152	0.00191168	0.187279	0.00103454	0.0022054	0.0143151	0.0466166	0.027391	0.00268853	0.000404742	0.00149438
52	0.0688762	0.0187799	0.00706498	0.0144531	0.0293228	0.00811404	0.00688632	0.163372	0.0120363	0.160323	0.0370856	0.0103229	0.00828279	0.013223	0.0191523	0.025904	0.0949288	0.283461	0.0014024	0.0170083
53	0.0298392	0.0169166	0.00376783	0.00814722	0.0625265	0.00411332	0.00459298	0.308114	0.00171835	0.144006	0.00577266	0.00125302	0.000977344	0.00133612	0.0129506	0.0266178	0.0702083	0.247206	0.000343443	0.0495933
54	0.0525564	0.0141352	0.406931	0.0357096	0.0205356	0.0171414	0.0433521	0.00393027	0.0487185	0.0437114	0.0278756	0.0869936	0.0220813	0.0299274	0.0367593	0.036347	0.0207482	0.0196992	0.00254006	0.0303072
55	0.0275907	0.00215779	0.00134132	0.00164457	0.0174655	0.00132908	0.000934264	0.376345	0.00134681	0.27441	0.022683	0.000817479	0.00101833	0.00159045	0.00257154	0.00260974	0.0109585	0.250457	0.000877369	0.00185203
56	0.0475228	0.00301645	0.0681207	0.0439311	0.00415705	0.553206	0.0579263	0.00665081	0.0302359	0.00834642	0.010349	0.0679114	0.00941077	0.0201983	0.0196215	0.0212635	0.0132918	0.00846564	0.0011636	0.00521067
57	0.0217895	0.00329095	0.0072239	0.0861644	0.00531606	0.00822659	0.00447677	0.0387034	0.0156461	0.4115	0.0795699	0.00407817	0.00252562	0.0994669	0.0280795	0.0580099	0.0399618	0.0641439	0.00205334	0.0197738
58	0.280379	0.132349	0.0012525	0.00200953	0.0027116	0.0157171	0.00126696	0.0582816	0.00254008	0.0176753	0.00735669	0.00143711	0.00213787	0.0014846	0.00814311	0.100751	0.0899051	0.272719	0.000439912	0.00144301
59	0.0726367	0.00611495	0.0949756	0.0568702	0.00948217	0.124674	0.00613701	0.0390215	0.0276557	0.0145753	0.0129865	0.0169327	0.131766	0.0157368	0.0548544	0.172179	0.117462	0.0152621	0.00196205	0.00871539
60	0.0763822	0.0207503	0.0317928	0.0385685	0.00931034	0.041233	0.0143161	0.0212997	0.02337	0.0216128	0.0111335	0.0667499	0.0177489	0.0248112	0.0368747	0.270419	0.225233	0.0341305	0.00514764	0.00911523
61	0.121768	0.00234935	0.131848	0.264259	0.00660421	0.0524197	0.00835331	0.00937532	0.0297878	0.0253896	0.00583618	0.0188893	0.0901552	0.0174779	0.0307972	0.104126	0.0492442	0.0238889	0.000742087	0.00668969
62	0.0570568	0.00998504	0.00487049	0.222824	0.00393463	0.0276094	0.0266946	0.0537485	0.00803189	0.0769719	0.162004	0.00480575	0.00423129	0.212125	0.0109297	0.0307188	0.0151063	0.0619729	0.00158479	0.00479456
63	0.0189155	0.00841883	0.000830226	0.00874939	0.0155686	0.00111847	0.00294371	0.231254	0.00117096	0.332149	0.100259	0.000941875	0.000512005	0.0232911	0.0108699	0.0142307	0.0341159	0.183367	0.00225914	0.00903488
64	0.0210115	0.00721859	0.0171859	0.00734636	0.0796674	0.011792	0.052263	0.00601725	0.00656856	0.0127266	0.0106763	0.0635144	0.0031991	0.00511336	0.0150293	0.0138574	0.00860322	0.00842066	0.00444812	0.645341
65	0.041854	0.051899	0.002003	0.00298765	0.370304	0.0852836	0.0327076	0.00268477	0.00285667	0.0028956	0.00967099	0.0350892	0.00125156	0.00233485	0.0117082	0.0327051	0.00373917	0.01238	0.0366682	0.258977
66	0.247274	0.0450274	0.00405874	0.00878343	0.00693432	0.101664	0.0364443	0.0467715	0.00769022	0.0311606	0.00503135	0.0418848	0.00331906	0.0516443	0.018662	0.19296	0.0690185	0.0726833	0.00147764	0.00751162
67	0.279405	0.130274	0.00126991	0.00201291	0.00283608	0.0163246	0.00125222	0.0579096	0.00326789	0.0174506	0.00733984	0.0015855	0.00232825	0.00154124	0.0084409	0.101058	0.0920695	0.271735	0.000438063	0.00146209
68	0.122207	0.00374074	0.0038312	0.0018159	0.000967367	0.803316	0.00198653	0.00136607	0.001321	0.00162328	0.000749892	0.00189424	0.00456668	0.00116554	0.00215307	0.0359443	0.00661127	0.00353543	0.000293853	0.000910719
69	0.163361	0.0232057	0.00101028	0.00652772	0.038773	0.00103937	0.000963176	0.144139	0.0014744	0.118459	0.0518826	0.00121711	0.00220335	0.00113793	0.00238792	0.00764459	0.0210996	0.411148	0.00037347	0.00195332
70	0.0419183	0.0739673	0.00858999	0.0998735	0.00656259	0.0134282	0.012591	0.0675262	0.0188893	0.0407706	0.184131	0.009085	0.00672765	0.158677	0.0234125	0.0228955	0.0618657	0.138994	0.0024306	0.0076629
71	0.0405611	0.020839	0.00374543	0.00634105	0.0674837	0.00312132	0.00414171	0.292282	0.0031622	0.165297	0.0159304	0.0012343	0.0026571	0.00168919	0.00856377	0.0169382	0.0445494	0.268189	0.00268865	0.0305859
72	0.097332	0.0194871	0.0274208	0.0479684	0.0143403	0.0316073	0.018608	0.0499536	0.0381186	0.0523217	0.0238702	0.045169	0.0249931	0.0250366	0.0567243	0.119446	0.231489	0.0566541	0.00486856	0.0145918
73	0.548356	0.0129526	0.0146349	0.0256164	0.00949649	0.0721718	0.00900428	0.0190365	0.0144829	0.0241921	0.00849538	0.0124058	0.0339489	0.0129103	0.0199275	0.0709222	0.0328802	0.0472194	0.00199268	0.00935416
74	0.0865126	0.0136127	0.029511	0.0345069	0.0126047	0.0800762	0.00770838	0.0137145	0.0178395	0.0130479	0.00836295	0.0253181	0.0119299	0.0134425	0.0221413	0.519625	0.0574074	0.0180952	0.00363443	0.0109085
75	0.081646	0.0111382	0.0424532	0.0391687	0.0367773	0.0340283	0.271423	0.0269037	0.0341729	0.0371913	0.0176084	0.10601	0.0150898	0.0233836	0.0532904	0.051126	0.0381643	0.0293179	0.00583407	0.0452729
76	0.0642708	0.0133544	0.0491513	0.02899	0.0424439	0.0204533	0.0521879	0.0388013	0.0314374	0.14224	0.0473139	0.236293	0.0137175	0.0215627	0.0384231	0.0317691	0.0515518	0.0423225	0.00678924	0.026926
77	0.208435	0.0125584	0.0164901	0.0353016	0.0076742	0.0315239	0.00485742	0.0140949	0.0143785	0.0293263	0.00538306	0.012255	0.484404	0.00926581	0.0176042	0.0269626	0.0401121	0.0193974	0.00135177	0.00862338
78	0.138304	0.00349016	0.0284743	0.00900449	0.00495097	0.0749692	0.00503925	0.239497	0.117124	0.0310347	0.0557615	0.00543704	0.143338	0.0281346	0.0309681	0.0328752	0.0113295	0.0336155	0.00149233	0.00516034
79	0.0803942	0.011185	0.108565	0.26988	0.00111949	0.0381205	0.00159896	0.00777942	0.0227721	0.00847056	0.00185128	0.136916	0.00089318	0.104614	0.140337	0.0389646	0.0089195	0.0138145	0.000464963	0.00333937
80	0.014094	0.0018733	0.0202432	0.0047194	0.0542552	0.00339668	0.0573979	0.00304195	0.00314159	0.00780471	0.0125937	0.0562415	0.00291465	0.00258306	0.00434447	0.00449032	0.00452508	0.00440714	0.00173076	0.736201
81	0.0729877	0.0163051	0.0254948	0.0264166	0.0109947	0.095214	0.0192073	0.0870367	0.0307153	0.0433889	0.0298367	0.156481	0.014382	0.021852	0.0343977	0.075257	0.184538	0.0382703	0.00507252	0.0121525
82	0.0863363	0.00241278	0.00758347	0.00496305	0.000879156	0.83584	0.00257175	0.00139192	0.00199811	0.00113279	0.00132834	0.00403981	0.00519286	0.00148723	0.00222537	0.0315318	0.00652026	0.00139265	0.00030585	0.000866398
83	0.0198731	0.00315188	0.0012478	0.00177897	0.0791089	0.000957976	0.00155276	0.11069	0.0043789	0.624398	0.0857119	0.00236561	0.00145853	0.00113026	0.00254892	0.00155911	0.00428411	0.0442888	0.00449622	0.00501828
84	0.0802565	0.0107409	0.0383566	0.0609773	0.0116822	0.027146	0.024879	0.0288393	0.246331	0.0505612	0.0166434	0.0344865	0.0214995	0.0399371	0.127829	0.0529537	0.0586353	0.035129	0.0161594	0.0169579
85	0.0155733	0.00168226	0.000348558	0.000554734	0.0557406	0.000417443	0.000378876	0.089369	0.00351493	0.697778	0.0826027	0.00190303	0.000197122	0.000392351	0.00204072	0.000676964	0.00358439	0.0360213	0.00254559	0.00467846
86	0.266712	0.112668	0.0024302	0.0040045	0.00954301	0.0293644	0.00759084	0.051074	0.00651296	0.0188031	0.00815613	0.00901888	0.00332179	0.0138775	0.012195	0.157426	0.0768067	0.204863	0.00116579	0.0044661
87	0.0653468	0.00362286	0.0318917	0.0323874	0.00376912	0.193961	0.00544703	0.00751331	0.143625	0.15324	0.00624212	0.00528954	0.00420553	0.0291602	0.246143	0.0373182	0.0156288	0.00854502	0.00192651	0.00473623
88	0.165032	0.00193356	0.00318916	0.172263	0.00206258	0.015241	0.00259126	0.0239892	0.160937	0.00526599	0.00284523	0.00344242	0.0723237	0.098256	0.148506	0.108253	0.00557575	0.00458131	0.00115959	0.00255327
89	0.0216791	0.0015199	0.0683801	0.0763505	0.0019529	0.502028	0.0573725	0.00374116	0.04906	0.00420222	0.0150219	0.126409	0.00180173	0.0356728	0.0156848	0.00599437	0.00501552	0.00436791	0.00116279	0.00258257
90	0.764686	0.00666261	0.000892183	0.00149298	0.0057946	0.0663281	0.000914201	0.00112343	0.0011857	0.00551209	0.000819836	0.0026389	0.00879524	0.000980739	0.00679192	0.0765018	0.00924965	0.0330384	0.000831632	0.0057598
91	0.0625803	0.00742838	0.0023717	0.0256178	0.00174835	0.00275357	0.00281163	0.0760084	0.198356	0.0742248	0.00709223	0.00275142	0.00675309	0.0753797	0.284496	0.0257753	0.0322782	0.0958939	0.00101998	0.0146596
92	0.254288	0.0132679	0.0033561	0.0132437	0.00223794	0.0298688	0.00247159	0.00440322	0.00485939	0.0268313	0.00315326	0.0100633	0.563308	0.00282188	0.00486515	0.014947	0.0327248	0.00555123	0.00075014	0.00698731
93	0.0229003	0.00162935	0.00121481	0.00122949	0.0139695	0.00133612	0.000621504	0.379396	0.000899722	0.25247	0.0183408	0.000710551	0.000767035	0.000718935	0.00217326	0.00212706	0.0113473	0.286725	0.000201758	0.00122102
94	0.0376795	0.00148863	0.0283145	0.0232987	0.00394989	0.1619	0.00235822	0.00554589	0.0148767	0.00324861	0.00188035	0.0257652	0.0199023	0.00592182	0.0151571	0.575635	0.0640799	0.00366389	0.00078809	0.0045459
95	0.20448	0.00291391	0.0558005	0.0671315	0.00877545	0.0837962	0.00599459	0.00885713	0.035307	0.0234632	0.0339814	0.0100683	0.0438108	0.0375026	0.126664	0.12753	0.0315006	0.031944	0.00134292	0.0591352
96	0.0486056	0.00104334	0.780898	0.103661	0.00133611	0.00296298	0.00196087	0.00271486	0.00297271	0.00260745	0.00190052	0.00357376	0.00126153	0.00926877	0.00334123	0.0163526	0.0109957	0.00248182	0.000595783	0.00146473
97	0.0178851	0.00825652	0.0251683	0.0263135	0.00140693	0.00853095	0.0153881	0.00224811	0.00427307	0.0024179	0.00161369	0.134098	0.00137984	0.0265822	0.0343716	0.349821	0.329039	0.00264903	0.00681067	0.00174631
98	0.126718	0.00362457	0.113286	0.183575	0.0030293	0.240911	0.0127159	0.00617242	0.0419374	0.0110113	0.00562295	0.0385579	0.0214691	0.0402931	0.0454189	0.0564049	0.0282837	0.0117897	0.000774442	0.00840497
99	0.015619	0.00252444	0.000749576	0.000951468	0.0639772	0.000526342	0.000824619	0.0982538	0.00405891	0.674438	0.0790666	0.00193274	0.000876175	0.000446479	0.00200678	0.000812467	0.00353693	0.0410466	0.00325681	0.00509546
100	0.0896434	0.00191971	0.0560027	0.0517305	0.0410379	0.0260331	0.0241162	0.00291846	0.161652	0.0404905	0.0070652	0.159301	0.0138873	0.0557777	0.0974038	0.0486374	0.0650355	0.0274018	0.000611171	0.0293348
101	0.180882	0.00101482	0.165883	0.365818	0.00252211	0.0120549	0.00260457	0.00307579	0.0231139	0.0213239	0.00248969	0.0035535	0.00371592	0.0715212	0.0504972	0.0121463	0.04905	0.0259548	0.000449761	0.00232809
102	0.0222793	0.00153179	0.00149698	0.00123999	0.0162624	0.00160862	0.000610217	0.395888	0.000936097	0.247339	0.0190292	0.000648827	0.000760036	0.000742193	0.00239271	0.00256848	0.0134345	0.26956	0.000217734	0.00145448
103	0.174968	0.00122719	0.00628649	0.199621	0.00314327	0.0100085	0.00228606	0.0202615	0.154847	0.00597247	0.00242306	0.0084667	0.0420437	0.0880246	0.174617	0.0873712	0.0101489	0.00563364	0.000783853	0.0018654
104	0.200886	0.000710988	0.148999	0.162204	0.0010897	0.0477127	0.0105262	0.00210935	0.0678541	0.00951073	0.00853377	0.0239978	0.0157752	0.0724771	0.112049	0.0456165	0.0394329	0.0105324	0.000337339	0.0196453
105	0.0560442	0.00131976	0.0457541	0.0517299	0.00274204	0.00694144	0.00431902	0.0497414	0.0491476	0.330357	0.111419	0.00293034	0.00332115	0.0442496	0.107837	0.0351897	0.055562	0.0262701	0.0110017	0.00412248
106	0.0658255	0.00442588	0.00663841	0.00917684	0.183038	0.00932115	0.237425	0.00712116	0.100292	0.00846203	0.00539371	0.00752762	0.00404853	0.0076036	0.138472	0.0605021	0.0109069	0.00844827	0.00249369	0.122877
107	0.0175427	0.00878393	0.000546644	0.00890488	0.0154688	0.000795955	0.00279369	0.224578	0.0008062	0.345794	0.100068	0.000833784	0.00043561	0.0235989	0.0111152	0.013374	0.0351874	0.179112	0.00227527	0.00798478
108	0.071864	0.0261006	0.00156794	0.00244343	0.0145123	0.0133309	0.00442125	0.0783862	0.0337347	0.210548	0.166921	0.0751452	0.0008676	0.039536	0.0570127	0.0163929	0.106121	0.0794081	0.000473342	0.00121192
109	0.00953182	0.00150138	0.0383084	0.0582616	0.00200533	0.195247	0.00227555	0.00461784	0.04183	0.00383084	0.00244991	0.097214	0.00525946	0.0143903	0.0198201	0.391683	0.104876	0.00362964	0.00109401	0.00217305
110	0.0126269	0.00219016	0.0042925	0.0209345	0.423565	0.00365743	0.00473136	0.0277801	0.0198055	0.127798	0.0209808	0.0259606	0.00186879	0.00428955	0.043103	0.0380509	0.0365231	0.038044	0.00238843	0.141409
111	0.0144957	0.00491948	0.000363256	0.00318243	0.000334772	0.000458408	0.00155331	0.2486	0.00176055	0.0850997	0.0075158	0.00186345	0.000384786	0.000393288	0.000685264	0.000766007	0.00805109	0.616217	0.000133049	0.00322264
112	0.0405463	0.00431846	0.153197	0.0389689	0.0136259	0.071374	0.00694265	0.0126121	0.044976	0.0171327	0.00629572	0.00745991	0.221789	0.0192564	0.143268	0.0563634	0.110624	0.0169643	0.0017036	0.0125812
113	0.0155733	0.00168226	0.000348558	0.000554734	0.0557406	0.000417443	0.000378876	0.089369	0.00351493	0.697778	0.0826027	0.00190303	0.000197122	0.000392351	0.00204072	0.000676964	0.00358439	0.0360213	0.00254559	0.00467846
114	0.00819288	0.00137918	0.0126542	0.0323583	0.00183115	0.00289798	0.0402356	0.00925596	0.3499	0.00845988	0.00241844	0.0126809	0.00967372	0.00525117	0.289707	0.0271328	0.150742	0.0262618	0.00121832	0.00774795
115	0.0158584	0.0036398	0.00051995	0.00265251	0.00355948	0.00063496	0.00129503	0.293796	0.001474	0.135872	0.00921057	0.00143922	0.000497514	0.000514433	0.00111402	0.000958132	0.00801263	0.516386	0.000125812	0.00243936
116	0.168581	0.0240867	0.00115611	0.00654147	0.0390943	0.00135345	0.0011243	0.140631	0.00168881	0.118147	0.0520297	0.00126698	0.0024097	0.00144656	0.00257831	0.00846704	0.0212713	0.405457	0.000367473	0.00230217
117	0.166331	0.0242333	0.00103222	0.00642509	0.0390008	0.00107244	0.000995785	0.142193	0.0014622	0.116221	0.0522133	0.00125958	0.00221364	0.00116216	0.00237329	0.00777452	0.0206044	0.411266	0.000328035	0.00183868
118	0.0426608	0.00442052	0.309202	0.0260591	0.0267845	0.0351894	0.0983107	0.00855638	0.0200271	0.0244447	0.0134157	0.254846	0.013864	0.0104407	0.016741	0.0336142	0.0281818	0.010362	0.00542083	0.0174588
119	0.507234	0.0631475	0.00270663	0.00363834	0.0216035	0.0525596	0.0021376	0.0099772	0.00522781	0.00712228	0.00848631	0.00366501	0.0277824	0.00487302	0.00730617	0.121243	0.0917848	0.0538482	0.00212327	0.0035337
120	0.0964379	0.00250798	0.00381896	0.00149694	0.000530125	0.840006	0.0016934	0.000930153	0.000978571	0.00106549	0.000716439	0.0016691	0.00455501	0.000855935	0.00144792	0.0326504	0.00587923	0.00176783	0.000261633	0.000731322
121	0.0695341	0.00787499	0.0645953	0.0202992	0.0395301	0.031398	0.227147	0.0119828	0.0175598	0.0249935	0.0116102	0.323048	0.00867716	0.0125197	0.0180029	0.0358264	0.0235251	0.016343	0.00629244	0.0292394
122	0.0925426	0.00363171	0.00901269	0.0101402	0.00113563	0.79034	0.00389796	0.00242365	0.0062924	0.00390057	0.00155071	0.00641995	0.0050176	0.00450654	0.005293	0.0409907	0.00778812	0.00299394	0.000669518	0.00145252
123	0.307224	0.118433	0.00569615	0.00663394	0.0133458	0.0921442	0.00522737	0.0194491	0.0115359	0.00894118	0.0428852	0.0070016	0.0215476	0.00748069	0.0112764	0.161863	0.10531	0.0486956	0.00164349	0.00366604
124	0.75471	0.00703426	0.00101253	0.00179345	0.00571271	0.0690649	0.00102445	0.00272859	0.00160558	0.00530362	0.00103322	0.00281037	0.00929855	0.00132645	0.00681952	0.0718146	0.0120626	0.0386417	0.000865662	0.00533735
125	0.125829	0.0159229	0.0138565	0.0204074	0.00468563	0.308365	0.0122426	0.0195586	0.0160698	0.0127683	0.00450975	0.058639	0.00788942	0.0171823	0.0176221	0.213055	0.0996886	0.0250702	0.00223685	0.00440095
126	0.064529	0.0032382	0.00702957	0.00851174	0.0331912	0.00613547	0.131597	0.071128	0.0691711	0.176599	0.0281162	0.0071346	0.144601	0.0070401	0.0281256	0.0315913	0.0396461	0.0285323	0.00155662	0.112526
127	0.181216	0.0242191	0.00188146	0.0152457	0.0269595	0.00509125	0.00234623	0.165413	0.00303127	0.109568	0.0672033	0.0025616	0.00268716	0.00290428	0.00687585	0.0134527	0.0828984	0.283216	0.000741391	0.00248818
128	0.113406	0.0149373	0.00175413	0.00974399	0.0518193	0.00183539	0.00150214	0.166335	0.00149305	0.157207	0.0351346	0.0013324	0.00206259	0.00133924	0.00429454	0.00977389	0.0513293	0.363469	0.000369932	0.0108612
129	0.167306	0.00131638	0.151933	0.149077	0.00273603	0.0701396	0.00969625	0.00193331	0.0961072	0.00799919	0.00317666	0.0425007	0.0175368	0.0808426	0.0827149	0.0588103	0.0349493	0.00522722	0.000227445	0.0157712
130	0.273645	0.00198273	0.0354295	0.187863	0.00275376	0.00850715	0.0221537	0.0311782	0.0377735	0.0619612	0.00988735	0.03302	0.044768	0.0541848	0.068211	0.0211909	0.0446339	0.0556251	0.00144515	0.00378615
131	0.0208953	0.00310365	0.00111628	0.00255806	0.0149806	0.0011477	0.000966613	0.339005	0.000833123	0.285239	0.0349695	0.00065743	0.000637761	0.0050516	0.00397598	0.00432303	0.0176425	0.259644	0.000643457	0.0026094
132	0.14329	0.0049241	0.0113898	0.061151	0.0622219	0.0083567	0.0120597	0.0806357	0.0369397	0.339331	0.049129	0.00813491	0.00750392	0.0429794	0.0189779	0.0184957	0.0265779	0.0196144	0.00331239	0.0449743
133	0.0171757	0.0137419	0.00671233	0.00748283	0.172454	0.00170864	0.00859822	0.251914	0.0132961	0.316574	0.0231716	0.00152762	0.0119765	0.00170923	0.0021527	0.00253647	0.00274381	0.112096	0.020572	0.0118562
134	0.0694789	0.00139216	0.0936697	0.409537	0.00445029	0.00729007	0.00991513	0.00580416	0.0445754	0.0146155	0.00349436	0.0416947	0.000908	0.0971103	0.0537898	0.0531195	0.0754489	0.00765562	0.000348007	0.00570228
135	0.0171757	0.0137419	0.00671233	0.00748283	0.172454	0.00170864	0.00859822	0.251914	0.0132961	0.316574	0.0231716	0.00152762	0.0119765	0.00170923	0.0021527	0.00253647	0.00274381	0.112096	0.020572	0.0118562
136	0.0230686	0.00172583	0.040485	0.0188398	0.00299505	0.00348566	0.0391456	0.363263	0.0315398	0.0518466	0.0035701	0.00335749	0.00218577	0.0164582	0.0200246	0.0195512	0.0634949	0.289921	0.00099478	0.0040471
137	0.0685173	0.00314737	0.152414	0.063028	0.0580949	0.0485279	0.0104345	0.0101877	0.0698011	0.0478561	0.00836266	0.0259545	0.0887534	0.0178803	0.0960945	0.0698697	0.0673189	0.0432956	0.00143239	0.0490294
138	0.0170673	0.00870724	0.000518775	0.00902846	0.0151429	0.000797208	0.00293357	0.225419	0.000823649	0.345282	0.102045	0.000846837	0.000427965	0.0240016	0.0113191	0.0135985	0.0354994	0.176205	0.00233427	0.00800173
139	0.0277085	0.00423116	0.0838954	0.0143283	0.118374	0.00723787	0.126966	0.00944484	0.00698714	0.0486038	0.0178091	0.334845	0.016617	0.00767795	0.00948029	0.0128808	0.0114513	0.0122552	0.0089908	0.120215
140	0.0541829	0.0052352	0.16948	0.0406859	0.0773423	0.0083138	0.100153	0.00899957	0.0156455	0.066234	0.0414861	0.227111	0.0570074	0.011464	0.0153333	0.0171804	0.0142259	0.0172819	0.0278975	0.0247408
141	0.0516876	0.00137549	0.0577487	0.513138	0.0100418	0.00381424	0.0155152	0.00358053	0.035142	0.00756913	0.00266772	0.0629418	0.0014603	0.0777362	0.0390229	0.0210443	0.0801094	0.00465626	0.000600473	0.0101482
142	0.255645	0.0098808	0.00564965	0.0448938	0.0146411	0.0195057	0.00589088	0.011554	0.0134633	0.0669863	0.00562588	0.0121996	0.419098	0.0118294	0.00882995	0.0215637	0.0264895	0.0196581	0.00112212	0.0254742
143	0.0185468	0.00241542	0.477294	0.0220087	0.00323397	0.0294329	0.00761125	0.00666432	0.0153924	0.00504357	0.00248044	0.280358	0.00211643	0.00301256	0.0118997	0.0502432	0.0547263	0.00397998	0.000759116	0.00278112
144	0.0884597	0.00249018	0.00928968	0.00450218	0.000778882	0.794518	0.00237476	0.00207875	0.00260382	0.00153514	0.00207617	0.00220258	0.0123344	0.00149022	0.00378385	0.0554956	0.0103285	0.00210307	0.000344982	0.0012092
145	0.0183209	0.00158809	0.0322737	0.0199683	0.00153713	0.00250452	0.0291448	0.00254698	0.00268948	0.00272509	0.00176543	0.178748	0.00127772	0.0272437	0.0494745	0.253505	0.360619	0.00284726	0.0094017	0.00181886
146	0.0232531	0.00810269	0.00540829	0.00713525	0.185343	0.00451631	0.0063368	0.168228	0.0104621	0.385191	0.0387259	0.00604558	0.00701035	0.00260407	0.00678597	0.00764567	0.007146	0.078391	0.0258074	0.0158625
147	0.244528	0.012633	0.00898181	0.0236183	0.00492191	0.0295059	0.00295358	0.00662541	0.00898939	0.0233577	0.00410285	0.0106865	0.523051	0.00792812	0.0115377	0.0217665	0.0342705	0.0121776	0.000870604	0.00749365
148	0.109769	0.00447063	0.0502854	0.0115536	0.0135124	0.00865953	0.385921	0.00858626	0.00950285	0.0130549	0.00686547	0.286542	0.00609106	0.00761626	0.0130769	0.0269321	0.01298	0.0117434	0.0035966	0.00924045
149	0.0655668	0.00981342	0.0432508	0.0479796	0.0233691	0.376968	0.117467	0.0163788	0.0309931	0.0159327	0.0144075	0.0639731	0.00709557	0.0259779	0.0342799	0.0367846	0.024153	0.0167485	0.00407606	0.0247847
150	0.0795461	0.00337447	0.0225098	0.156359	0.00823229	0.0307372	0.0307939	0.0618109	0.0315702	0.0516371	0.0156428	0.0086833	0.182678	0.0541857	0.0404477	0.0171434	0.0177049	0.179897	0.00305678	0.00398934
151	0.261473	0.0128618	0.00294305	0.0204757	0.00485855	0.0256748	0.00278936	0.00584951	0.00768803	0.0334004	0.00332146	0.0106545	0.528169	0.00521839	0.00455625	0.017387	0.0311302	0.011942	0.00103737	0.00856998
152	0.0201416	0.00143574	0.518682	0.0276764	0.00186557	0.0348788	0.00594557	0.00684976	0.0168649	0.00401308	0.00215626	0.248949	0.0016016	0.00279883	0.0127741	0.0469985	0.0403051	0.00340935	0.000596862	0.00205738
153	0.177866	0.0129522	0.0312066	0.0318368	0.00752583	0.0425896	0.00869479	0.0148557	0.0190743	0.0245582	0.00852337	0.0110092	0.407471	0.0113348	0.0325412	0.0392747	0.0898105	0.0160027	0.00162702	0.0112446
154	0.0155733	0.00168226	0.000348558	0.000554734	0.0557406	0.000417443	0.000378876	0.089369	0.00351493	0.697778	0.0826027	0.00190303	0.000197122	0.000392351	0.00204072	0.000676964	0.00358439	0.0360213	0.00254559	0.00467846
155	0.0904483	0.00255859	0.0886233	0.224164	0.00674	0.0140595	0.0124688	0.0500168	0.0474294	0.0572386	0.0335491	0.00964342	0.0284155	0.0751621	0.0880795	0.0229419	0.0213569	0.118837	0.00512228	0.00314518
156	0.108492	0.00485021	0.0140803	0.14216	0.00411878	0.0104359	0.030046	0.0842062	0.0566728	0.0558328	0.0703223	0.00832262	0.108851	0.071783	0.0635954	0.0118344	0.051829	0.0960749	0.0024851	0.0040068
157	0.112638	0.000755374	0.104556	0.540629	0.00334389	0.00752639	0.00477242	0.00323681	0.0513041	0.0084483	0.00190986	0.00776377	0.00253983	0.0458373	0.036277	0.0225829	0.0343568	0.00994632	0.00031119	0.00126577
158	0.0271438	0.127249	0.011645	0.0152527	0.00674817	0.0111162	0.00998505	0.01449	0.0920721	0.0176382	0.0567497	0.337668	0.00619439	0.0131032	0.0578072	0.063991	0.106697	0.0147569	0.00235264	0.00733923
159	0.0585693	0.0110752	0.00631469	0.0555804	0.00679799	0.00633166	0.0191619	0.106779	0.0505933	0.171059	0.105116	0.0205527	0.00672588	0.0743839	0.107326	0.0141668	0.0869646	0.0858984	0.00152481	0.00507847
160	0.120238	0.0014359	0.0565497	0.138293	0.00859964	0.0249789	0.0160211	0.06777	0.0357737	0.0310314	0.017643	0.00362753	0.0482691	0.0924965	0.113611	0.0204062	0.00880093	0.181494	0.0106224	0.00233813
161	0.0910938	0.00234711	0.221366	0.117186	0.0287647	0.03046	0.0184055	0.0135112	0.0523088	0.0763727	0.00548956	0.00859648	0.0996814	0.00815288	0.0517412	0.0711811	0.0293416	0.0565535	0.00104532	0.0164013
162	0.0848099	0.0145902	0.00738873	0.0135306	0.0232827	0.010422	0.00959218	0.17784	0.0128979	0.225428	0.0515671	0.0132881	0.00461359	0.015863	0.0207936	0.0529882	0.137111	0.102173	0.00244129	0.0193789
163	0.0686214	0.00364845	0.00536563	0.0351322	0.00445362	0.00755868	0.00569426	0.211278	0.0592038	0.00886523	0.00617568	0.00557718	0.0038574	0.114823	0.160857	0.207086	0.0502626	0.0349107	0.00167857	0.00495115
164	0.0166494	0.00180595	0.000405511	0.000622139	0.0585042	0.000445194	0.000456548	0.0904017	0.00348005	0.69095	0.0838612	0.00189671	0.000250522	0.000413052	0.00205314	0.000740416	0.00354275	0.0364054	0.00252068	0.00459535
165	0.100674	0.00346548	0.00619711	0.00350847	0.000720291	0.808917	0.00245881	0.00254394	0.00288553	0.00207164	0.00108025	0.00285961	0.0062471	0.00227209	0.00326752	0.0372621	0.00860223	0.00366308	0.000303152	0.00100112
166	0.0313043	0.00296277	0.00133929	0.00164062	0.0186656	0.00137393	0.000703537	0.359307	0.000996152	0.256446	0.0213152	0.000636687	0.000915506	0.000978099	0.00255532	0.0028971	0.0131767	0.279899	0.000328329	0.00255911
167	0.237119	0.0833762	0.00556238	0.0117872	0.0191445	0.0262028	0.00680299	0.122198	0.0126303	0.0550752	0.0249135	0.00985238	0.00857406	0.00946368	0.0161351	0.0706358	0.061162	0.21021	0.00186778	0.00728737
168	0.0250298	0.021916	0.0032769	0.00582365	0.54555	0.0445587	0.0140257	0.0294044	0.00476189	0.0164771	0.0215093	0.0285691	0.00212813	0.00376872	0.0101692	0.0184689	0.00775188	0.0551461	0.0381142	0.10355
169	0.0442339	0.00193156	0.652036	0.0881851	0.00235013	0.0174413	0.0107013	0.00632677	0.011947	0.00604618	0.0037936	0.063266	0.00461423	0.0119344	0.0122103	0.0302944	0.0221287	0.00595229	0.000805834	0.00380053
170	0.088967	0.00306199	0.00945618	0.00956816	0.00300248	0.797085	0.00432179	0.00304573	0.00510834	0.00256057	0.00190504	0.0097018	0.00517595	0.00442833	0.00485385	0.0320002	0.00831757	0.00395156	0.000892378	0.00259612
171	0.0474942	0.0025861	0.609324	0.0854789	0.00347727	0.0220782	0.00669841	0.00707002	0.0159468	0.00786797	0.00450983	0.0716112	0.00626155	0.0154124	0.0200715	0.0341864	0.0247133	0.00708839	0.00197072	0.0061531
172	0.0666349	0.0604068	0.00332701	0.00508262	0.303856	0.117603	0.0291052	0.00461275	0.00412849	0.00467062	0.0113869	0.0329043	0.00242243	0.00438622	0.0132294	0.0340596	0.00639812	0.0225887	0.0309072	0.24229
173	0.0427102	0.00303082	0.629988	0.0812046	0.00343256	0.018527	0.0058853	0.00937298	0.0140437	0.0083933	0.00335289	0.0775284	0.00446918	0.0120516	0.0157481	0.0323686	0.0235124	0.00851517	0.00100165	0.0048629
174	0.070763	0.00748339	0.0209467	0.0507509	0.0147451	0.0193249	0.0298571	0.0237157	0.10238	0.0315001	0.0143909	0.0221983	0.0150127	0.0388983	0.404663	0.0416381	0.0431751	0.0285946	0.00421932	0.0157431
175	0.111395	0.0217397	0.00132428	0.00693008	0.0391276	0.00147201	0.00190879	0.172383	0.00229894	0.187588	0.0686422	0.00288039	0.0019198	0.00762728	0.00592758	0.00958238	0.0269249	0.324435	0.00144155	0.00445088
176	0.0314539	0.0127444	0.00861699	0.0129547	0.432535	0.0638682	0.0135439	0.0400689	0.0101754	0.0277045	0.0501382	0.0290739	0.00622779	0.00831989	0.0143166	0.0196085	0.014637	0.111761	0.0466053	0.0456459
177	0.0169669	0.0107904	0.00559416	0.00618482	0.240493	0.00173572	0.00642129	0.218085	0.010797	0.301601	0.0254332	0.00360315	0.00934634	0.00160935	0.00273898	0.0026185	0.00336851	0.101972	0.0183078	0.0123335
178	0.0265489	0.0156342	0.00418939	0.00737895	0.0746952	0.00379691	0.00630864	0.320811	0.0033531	0.161694	0.00793111	0.00135446	0.00250704	0.00165846	0.0106016	0.0215716	0.054603	0.221246	0.00277188	0.0513449
179	0.028806	0.00277978	0.493569	0.0399012	0.00576435	0.0318725	0.0106754	0.00687713	0.0189832	0.00782059	0.00479756	0.21954	0.00474665	0.00796969	0.0178661	0.0454159	0.0394402	0.00550747	0.00188191	0.00578483
180	0.0898021	0.00186324	0.0895896	0.564237	0.00360274	0.0210459	0.0913319	0.00515346	0.0131807	0.00606521	0.00362922	0.0238319	0.00244882	0.0229362	0.0106579	0.0261301	0.0135573	0.00628202	0.00114904	0.00350607
181	0.0522995	0.00210055	0.0346375	0.0449802	0.0120556	0.0112353	0.035875	0.00267529	0.219806	0.0477187	0.0117107	0.197435	0.00544472	0.054462	0.0988407	0.0424397	0.0926579	0.0130993	0.000584252	0.019942
182	0.0881038	0.0023874	0.00381371	0.00135134	0.000449833	0.852741	0.00164497	0.00073825	0.000879031	0.000939957	0.000583888	0.00145683	0.00446512	0.000606908	0.00126804	0.0312306	0.00545793	0.00117706	0.000241827	0.000462866
183	0.0775749	0.011637	0.117017	0.256284	0.00100913	0.0387218	0.00113837	0.00800449	0.0190958	0.00834604	0.00166906	0.143709	0.00094785	0.104406	0.152239	0.0346925	0.00541502	0.0138359	0.000430197	0.00382734
184	0.231391	0.0101601	0.0128615	0.0208868	0.0806157	0.0472358	0.0113021	0.0756352	0.0182592	0.048616	0.037234	0.00757231	0.0800436	0.0148706	0.0494277	0.0659966	0.055219	0.0824615	0.00252407	0.0476874
185	0.0178356	0.00605931	0.000524788	0.00337373	0.00403869	0.000606989	0.00160564	0.255218	0.00162537	0.0949267	0.0088932	0.00179093	0.000473745	0.000416636	0.00117579	0.00179899	0.0114484	0.583486	0.000125395	0.00457599
186	0.0522922	0.00361436	0.13279	0.0684243	0.00942913	0.0846247	0.00446696	0.0136086	0.0264876	0.0112575	0.00506395	0.00752666	0.204624	0.0265754	0.102095	0.0893641	0.136333	0.011674	0.00145376	0.00829588
187	0.203393	0.0324162	0.01699	0.0591271	0.00544458	0.0794561	0.00595816	0.0128285	0.0138666	0.0242039	0.00868992	0.011423	0.397332	0.0103115	0.017534	0.031182	0.0392494	0.0204169	0.00132253	0.00885467
188	0.0404316	0.00885927	0.266661	0.247362	0.0039429	0.0254531	0.00424529	0.00432966	0.0105289	0.0207344	0.00382369	0.0289886	0.00752585	0.0383942	0.0201648	0.147512	0.0636782	0.0136281	0.000994244	0.0427424
189	0.103394	0.00601434	0.0168687	0.0121575	0.0993889	0.011451	0.0640367	0.0836056	0.0201544	0.132841	0.0462036	0.0216504	0.0226099	0.016566	0.0192385	0.0521929	0.135007	0.0268436	0.00182754	0.107949
190	0.0202448	0.0016195	0.00135026	0.00135076	0.0141332	0.00154484	0.000682237	0.390166	0.000902493	0.233937	0.0190686	0.000713546	0.000728173	0.000999099	0.00227966	0.00229915	0.0131001	0.293467	0.00020558	0.00120796
191	0.278214	0.11713	0.00155447	0.00355912	0.00494315	0.0165388	0.00166689	0.0663936	0.00502774	0.0227743	0.010937	0.00199297	0.00312843	0.00244667	0.00975618	0.0927564	0.090156	0.268381	0.000506342	0.00213627
