247	20
1	0.103544	0.0390567	0.021483	0.0159064	0.00745019	0.0222411	0.0158516	0.0113177	0.0200917	0.013637	0.0256292	0.266074	0.00607762	0.0280597	0.0186894	0.144071	0.161571	0.0709956	0.00225173	0.00600166
2	0.0140305	0.0108719	0.000856123	0.00280637	0.0641236	0.0053571	0.00387586	0.443022	0.0012255	0.152914	0.035901	0.000947336	0.00148056	0.00311879	0.00557469	0.00395466	0.0127672	0.216594	0.00582464	0.0147538
3	0.518683	0.0183182	0.00548534	0.0126875	0.00300777	0.135373	0.00154909	0.0260064	0.00985585	0.0305665	0.00408913	0.00917031	0.0122217	0.00549677	0.00972012	0.0846	0.0410517	0.0700756	0.000673913	0.00136792
4	0.0446645	0.0096953	0.000686272	0.00155827	0.0344542	0.00586108	0.00139989	0.327348	0.00124836	0.143268	0.0275764	0.000976694	0.00598725	0.00194256	0.00315938	0.00488028	0.0198823	0.357081	0.00242562	0.0059049
5	0.0647635	0.00935338	0.000463982	0.00103217	0.02221	0.00686349	0.000654932	0.248959	0.00186922	0.13929	0.0245008	0.00108485	0.00833926	0.00196343	0.00307158	0.00611551	0.0270516	0.429521	0.000598533	0.00229352
6	0.233897	0.00972947	0.0127027	0.0209273	0.0054623	0.473682	0.00665039	0.0118457	0.0124423	0.0159047	0.00437382	0.0226348	0.0173489	0.0181864	0.0150923	0.0506622	0.031574	0.0340532	0.000846706	0.00198425
7	0.177503	0.00433546	0.00603532	0.0861573	0.00570181	0.0499302	0.0818474	0.00834831	0.0145778	0.0148679	0.00528368	0.0323034	0.291034	0.0454116	0.0221241	0.0946072	0.0319193	0.0173469	0.00188213	0.00878359
8	0.0344296	0.00141672	0.0129785	0.0129511	0.00587251	0.786708	0.00599906	0.00206222	0.0121949	0.00633484	0.00142986	0.0301774	0.0118749	0.0210822	0.0107771	0.0180251	0.0208101	0.00314367	0.000513065	0.00121929
9	0.046079	0.00465589	0.0280671	0.0385204	0.00643104	0.0249544	0.0352814	0.034115	0.305559	0.0239891	0.0107111	0.0234588	0.0120697	0.0600626	0.235072	0.0417852	0.0325324	0.0264224	0.00225866	0.00797554
10	0.107668	0.0287577	0.00463295	0.0133555	0.00901951	0.0443589	0.00398905	0.00447406	0.00685654	0.0234228	0.0147613	0.0145637	0.00745119	0.00841058	0.0164418	0.34434	0.326783	0.0132355	0.00103887	0.00643866
11	0.111977	0.0322054	0.0024024	0.0113839	0.00899939	0.0468665	0.00255015	0.00319299	0.00347389	0.0257169	0.0165313	0.00714587	0.00238784	0.00490748	0.0082215	0.358058	0.335884	0.0113137	0.000820041	0.00596182
12	0.038393	0.00539902	0.00161575	0.00327698	0.0345282	0.00328336	0.00166819	0.199327	0.00498555	0.368891	0.0538305	0.00383467	0.00259896	0.00872123	0.00388652	0.00846921	0.0366673	0.21304	0.00211654	0.00546727
13	0.237774	0.0521519	0.00415989	0.0074386	0.126797	0.0317764	0.00772914	0.0565071	0.00549975	0.0889018	0.0101704	0.00624971	0.00269397	0.00675119	0.00588767	0.0319502	0.132086	0.171005	0.00128859	0.0131819
14	0.0879619	0.000769965	0.256861	0.272757	0.00174068	0.0361974	0.0176221	0.00753685	0.0444476	0.0111869	0.00674778	0.0246424	0.00889702	0.0605423	0.0422468	0.0505364	0.0441285	0.0210258	0.00178153	0.00237027
15	0.123882	0.00731042	0.0253856	0.0158959	0.00197166	0.0391266	0.0163394	0.00281149	0.0466316	0.00394139	0.00209988	0.0648985	0.0144316	0.0437629	0.181189	0.299384	0.0972265	0.00466497	0.00156082	0.0074863
16	0.0267952	0.00430189	0.00162877	0.00164152	0.0441637	0.00118631	0.00142114	0.157517	0.00271913	0.543093	0.066457	0.00119855	0.00106925	0.00530329	0.00184559	0.00540191	0.00741287	0.11669	0.00301666	0.00713726
17	0.203547	0.0463939	0.00619227	0.00810458	0.0239557	0.101233	0.00330781	0.0798171	0.00612582	0.125231	0.039583	0.00750365	0.00451884	0.00553702	0.00462243	0.0262207	0.0325818	0.269309	0.00129301	0.00492089
18	0.120181	0.00756614	0.0247427	0.0158074	0.00188798	0.0364338	0.0154235	0.00253785	0.0425516	0.00302666	0.00152473	0.0670484	0.0134315	0.0417589	0.181224	0.310313	0.1008	0.00457664	0.00167088	0.007494
19	0.0645177	0.00818202	0.00075799	0.00131469	0.0157507	0.00833983	0.000835562	0.269203	0.00125461	0.092384	0.0164076	0.00106177	0.0113183	0.00138115	0.0025178	0.00940656	0.0357433	0.457634	0.000457131	0.00153266
20	0.0999014	0.000638877	0.186868	0.258959	0.00118786	0.0362243	0.0228941	0.00897545	0.0527779	0.0127572	0.00715639	0.0273944	0.0107188	0.0704392	0.0485574	0.0600511	0.0602526	0.0288582	0.00245748	0.00293056
21	0.100028	0.000574964	0.187066	0.259466	0.00113555	0.0364746	0.0226095	0.00901662	0.0532049	0.0128238	0.00722862	0.0275893	0.0102645	0.0699079	0.0485133	0.0605029	0.0598489	0.028368	0.00241427	0.0029618
22	0.0325156	0.001321	0.0127826	0.0124173	0.00589496	0.793178	0.00592471	0.00199751	0.0120515	0.00618526	0.00135734	0.0301959	0.0116789	0.0209355	0.0105839	0.01653	0.020083	0.00277182	0.00046196	0.00113374
23	0.0549515	0.0136474	0.0444273	0.0233694	0.00477845	0.0104903	0.00842609	0.00595271	0.0306553	0.00865687	0.00999761	0.280172	0.00384257	0.0300545	0.0116373	0.17843	0.239279	0.0356491	0.00153406	0.00404882
24	0.116605	0.0241041	0.011836	0.0161729	0.00474104	0.0342969	0.0127013	0.00496658	0.0258092	0.0109638	0.0076241	0.0469708	0.0114744	0.0233718	0.0945983	0.273907	0.246764	0.0157609	0.00180581	0.0155263
25	0.0347351	0.0284011	0.00950827	0.0178428	0.0186012	0.00933413	0.0822487	0.104742	0.0519555	0.0704149	0.0104108	0.0194501	0.00559739	0.104027	0.138668	0.0164822	0.0932567	0.157378	0.00299298	0.0239538
26	0.112057	0.0336907	0.00235113	0.010892	0.00928247	0.0483497	0.00252096	0.00307571	0.00320332	0.0262974	0.0166452	0.0067905	0.00206538	0.00502796	0.00788484	0.358221	0.333427	0.0115787	0.000817693	0.00582038
27	0.038731	0.00197137	0.684092	0.0903122	0.00240723	0.049138	0.0116101	0.00290383	0.0115125	0.00357706	0.0021754	0.0156257	0.00211657	0.0274079	0.0147573	0.0273295	0.00620921	0.00539469	0.000609008	0.0021194
28	0.104106	0.0210268	0.00627781	0.00847378	0.147923	0.0284221	0.0821501	0.00661422	0.00693239	0.0134541	0.00973846	0.0730446	0.0181478	0.00878466	0.0096174	0.198432	0.127822	0.0259753	0.0218116	0.0812462
29	0.0745142	0.00537067	0.0540797	0.0545599	0.00911229	0.0174985	0.00817478	0.201641	0.00537478	0.0973123	0.049267	0.00824942	0.0231715	0.0452096	0.0224484	0.0384491	0.053962	0.21905	0.00205806	0.0104961
30	0.158267	0.00821261	0.0567075	0.170473	0.00703873	0.0760208	0.0164477	0.0115737	0.0364187	0.0161221	0.00836688	0.0278176	0.0249509	0.0568176	0.0650955	0.124909	0.0977989	0.0286194	0.00266623	0.00567679
31	0.0318374	0.00280041	0.00804227	0.0178147	0.00755188	0.0068597	0.0543469	0.0524521	0.226851	0.0287241	0.0176678	0.0194445	0.00456483	0.0714884	0.354499	0.0142243	0.0154676	0.0522075	0.000934558	0.0122207
32	0.122953	0.000633562	0.0366362	0.0639385	0.00731855	0.0632702	0.0323823	0.0100218	0.117333	0.0236972	0.0132045	0.0281786	0.0257917	0.112474	0.168569	0.100191	0.0542388	0.0178077	0.000394931	0.000966859
33	0.0699336	0.0105877	0.0112599	0.0256885	0.0511372	0.0190699	0.144125	0.0299208	0.0391711	0.0914708	0.0171119	0.0226781	0.00729064	0.0804491	0.106676	0.0445233	0.0562101	0.062042	0.00755248	0.103102
34	0.0137721	0.0120294	0.000879396	0.00272026	0.0660763	0.00562683	0.00389059	0.436738	0.00130074	0.153361	0.0367062	0.000989077	0.00136187	0.00309886	0.00576377	0.00394653	0.0129934	0.217203	0.0060872	0.0154552
35	0.129852	0.0272683	0.011801	0.0176262	0.00501068	0.0463101	0.0365787	0.0101173	0.0237643	0.0123077	0.00959874	0.186153	0.00594519	0.0647161	0.0613721	0.169683	0.133871	0.0393226	0.00293066	0.00577196
36	0.0234703	0.00358467	0.000576962	0.00100019	0.0504813	0.0017159	0.000907172	0.193618	0.000952338	0.515193	0.0466557	0.000904313	0.00134258	0.00281876	0.00136536	0.00175544	0.0069641	0.138592	0.00250483	0.00559743
37	0.0141399	0.0107898	0.000856461	0.00281604	0.0629622	0.00536239	0.00382056	0.44307	0.00123234	0.153054	0.0356807	0.000943076	0.0016032	0.00306944	0.00550694	0.00395266	0.0127695	0.217917	0.00578819	0.0146661
38	0.0359984	0.00130829	0.721445	0.0860521	0.00181412	0.0408347	0.00656506	0.0026028	0.010469	0.00370159	0.00189033	0.0126471	0.00188745	0.0248184	0.0110731	0.026188	0.00415307	0.00409748	0.000627495	0.00182625
39	0.24412	0.0659412	0.00512883	0.00822721	0.0905848	0.0570841	0.00702494	0.0559179	0.006389	0.0810396	0.0124406	0.0078672	0.00273444	0.00665802	0.00651712	0.0324895	0.112193	0.18657	0.00128905	0.00978328
40	0.258706	0.00822401	0.00873501	0.0686608	0.00449131	0.0546476	0.0106933	0.0132154	0.0131317	0.0169639	0.00471722	0.0183644	0.276799	0.0321971	0.0219658	0.0927106	0.0531687	0.0334031	0.00205491	0.00715024
41	0.0330492	0.00133361	0.0129217	0.0126177	0.00594686	0.788576	0.00625241	0.00223328	0.012282	0.00640316	0.00168807	0.0307166	0.0116147	0.0214249	0.0111207	0.0169256	0.0202304	0.00295358	0.000471279	0.00123848
42	0.114424	0.0070745	0.0101848	0.0242805	0.0833451	0.0467722	0.151738	0.0167144	0.01374	0.0688766	0.0298655	0.0611129	0.00611381	0.0321823	0.02527	0.140698	0.0308009	0.046329	0.0043854	0.0860912
43	0.109773	0.00746714	0.0407296	0.0383092	0.00593013	0.0345962	0.0226697	0.151027	0.00632943	0.0496999	0.0385647	0.0231792	0.137406	0.0206796	0.0149554	0.041928	0.0286582	0.219207	0.00229716	0.00659427
44	0.0382406	0.00123428	0.703941	0.0978688	0.00148581	0.0410363	0.00694185	0.00258457	0.00971724	0.00356162	0.00189668	0.013034	0.00185592	0.0267199	0.0112034	0.0266353	0.00557425	0.00450642	0.000547386	0.00141497
45	0.103884	0.0178375	0.00857873	0.0155592	0.217418	0.0246841	0.0433203	0.0430609	0.0151016	0.113194	0.0267207	0.0459227	0.00721149	0.0197263	0.0192013	0.0510433	0.0417134	0.0697255	0.0187498	0.097347
46	0.0460129	0.00752352	0.00754456	0.0116919	0.0193388	0.00282219	0.00333852	0.225523	0.0132867	0.201908	0.0772116	0.0120308	0.00246939	0.0273363	0.0106343	0.0270127	0.0905719	0.203325	0.00255288	0.00786559
47	0.163162	0.014043	0.0147175	0.0336541	0.0802136	0.0646623	0.0738926	0.0430985	0.0262067	0.0540892	0.011429	0.0166321	0.00691201	0.0435738	0.0201161	0.0854356	0.0681989	0.125771	0.00459095	0.0496007
48	0.098348	0.000651597	0.170062	0.300486	0.00135022	0.035704	0.0211664	0.00878596	0.0487835	0.0118654	0.00690815	0.0273185	0.0101229	0.0697911	0.0490101	0.0564896	0.0544243	0.0241034	0.00204035	0.00258897
49	0.503131	0.0164171	0.00535859	0.0103062	0.00183121	0.122498	0.001839	0.0214691	0.00781695	0.0251743	0.00255032	0.007601	0.0183395	0.00778871	0.00975029	0.117193	0.0457053	0.070844	0.00128349	0.00310316
50	0.0212014	0.002131	0.000640891	0.000980222	0.0474293	0.00101329	0.000702805	0.166913	0.000890787	0.567895	0.0484246	0.000921949	0.00114718	0.00295196	0.00106954	0.00163962	0.00559515	0.1212	0.00241674	0.00483636
51	0.135972	0.0015051	0.0298058	0.0485478	0.00803157	0.0639974	0.0312042	0.014527	0.109207	0.0286358	0.0260166	0.0293347	0.0310071	0.094139	0.162608	0.0959133	0.0600759	0.0268779	0.00107948	0.00151401
52	0.233532	0.0522604	0.00716151	0.00989672	0.0158759	0.144281	0.0035572	0.0372536	0.00686928	0.0660652	0.0352266	0.00972649	0.00399666	0.00504521	0.00580957	0.0310585	0.0315979	0.295933	0.00123029	0.00362342
53	0.281133	0.072009	0.0050636	0.00941889	0.0244048	0.127016	0.0020299	0.0401004	0.00614639	0.0840502	0.0178804	0.00938957	0.00205701	0.00339851	0.0047055	0.038944	0.0480092	0.22069	0.00075107	0.00280321
54	0.0359481	0.00126804	0.725032	0.0890401	0.00154438	0.0413741	0.00646448	0.00230763	0.00837465	0.00309045	0.0016378	0.0125611	0.00137365	0.0252244	0.00987958	0.0253794	0.0038714	0.003732	0.000545777	0.00135052
55	0.319354	0.0551393	0.00671855	0.0152537	0.0207204	0.13434	0.00271031	0.0420928	0.00778353	0.0705428	0.0182518	0.0140082	0.00345924	0.00464062	0.00648691	0.0562766	0.054875	0.163891	0.000792219	0.00266344
56	0.301345	0.0669848	0.00513818	0.00921054	0.0182758	0.139458	0.001863	0.041013	0.00620688	0.0666409	0.018764	0.00976486	0.00202237	0.00324712	0.00464433	0.0380953	0.0381805	0.226332	0.000712579	0.00210173
57	0.065199	0.00905199	0.00038256	0.000662512	0.0199315	0.00685077	0.000489416	0.255875	0.000784909	0.119166	0.0202559	0.000517501	0.00918389	0.000699485	0.00207549	0.00514466	0.0218187	0.459526	0.000550539	0.00183375
58	0.125249	0.0304243	0.00157393	0.00311077	0.0689723	0.026469	0.00209865	0.170095	0.00222813	0.142144	0.0236491	0.0022557	0.00401835	0.00308949	0.00297135	0.0139249	0.0504291	0.315951	0.00126821	0.0100779
59	0.0689602	0.00951444	0.000375336	0.000672649	0.0195046	0.00728994	0.000444882	0.247635	0.000890709	0.115323	0.0199518	0.000556987	0.00837734	0.000715234	0.00206286	0.00564993	0.0230228	0.467004	0.000400476	0.00164755
60	0.0420595	0.0137933	0.000615704	0.00160141	0.0480195	0.00760312	0.00185229	0.340463	0.00115233	0.144401	0.0294214	0.000702752	0.00436145	0.00173832	0.00355686	0.00426493	0.0184058	0.323181	0.00319221	0.00961466
61	0.112761	0.0966639	0.132178	0.0970854	0.0105303	0.0304265	0.0114492	0.0130048	0.0123715	0.0152225	0.00907407	0.0649485	0.0502514	0.0169385	0.01454	0.243614	0.0297544	0.0277634	0.00352138	0.00790158
62	0.563064	0.0130979	0.00577664	0.00938936	0.00140743	0.138221	0.0013857	0.0205711	0.00724318	0.0244603	0.00185999	0.00742049	0.0149362	0.00474996	0.0083101	0.0907213	0.0387895	0.0466982	0.0006507	0.0012474
63	0.0726367	0.00320874	0.0711629	0.0255988	0.0034626	0.295849	0.0702041	0.00431054	0.0739923	0.00441176	0.00231911	0.104599	0.00437083	0.0558785	0.148303	0.0354936	0.0135686	0.00621526	0.000806243	0.00360816
64	0.0390866	0.00516297	0.00288281	0.00683626	0.0190957	0.00166348	0.00281516	0.215499	0.0177736	0.233232	0.0909776	0.0115945	0.000835493	0.0240899	0.00919145	0.0201009	0.0949611	0.193839	0.00245379	0.00790877
65	0.103753	0.0571072	0.0702905	0.0439283	0.011471	0.0776592	0.0165615	0.0293292	0.0153735	0.0240541	0.0141221	0.0235436	0.179365	0.0229631	0.0239475	0.128678	0.0528408	0.0909049	0.0033247	0.0107835
66	0.17156	0.0412864	0.0111156	0.0196604	0.0793273	0.0171271	0.113687	0.0227616	0.044929	0.0277492	0.00881615	0.0150018	0.0112997	0.0291971	0.0868259	0.0393277	0.125759	0.108892	0.00625425	0.0194228
67	0.0258689	0.00666572	0.00124672	0.00166129	0.0524098	0.00208453	0.00189546	0.207927	0.00199843	0.468533	0.0614659	0.00103224	0.00126785	0.00440552	0.00201524	0.00393338	0.00693744	0.137369	0.00318675	0.00809592
68	0.0272324	0.0129736	0.000709616	0.00208971	0.0595444	0.00774892	0.00306885	0.389792	0.00115393	0.158374	0.0328104	0.000813252	0.00271222	0.0025448	0.00431704	0.00381453	0.0150578	0.258436	0.00448531	0.012321
69	0.224143	0.0382188	0.00351733	0.00725558	0.140033	0.0276569	0.00668568	0.0836045	0.00539403	0.0929653	0.0129141	0.00626853	0.00331171	0.00734501	0.0057208	0.0259492	0.0905471	0.198776	0.0012508	0.0184427
70	0.0640949	0.00911163	0.000386138	0.000696391	0.0204237	0.00670063	0.000498199	0.259554	0.000807083	0.119954	0.0208595	0.000492011	0.00911771	0.000694372	0.0021124	0.0049918	0.0217993	0.455371	0.00052623	0.00180912
71	0.0705932	0.0161943	0.0312698	0.0203238	0.00517288	0.0195114	0.0102731	0.00623709	0.0270032	0.00836823	0.0104881	0.25874	0.0059147	0.0295817	0.0243015	0.198931	0.218599	0.0318047	0.00154961	0.00514271
72	0.0356717	0.00384913	0.0110767	0.0199275	0.00626083	0.0127507	0.0859562	0.0418599	0.271145	0.0227752	0.00971405	0.0173741	0.00712695	0.0933949	0.272975	0.0230356	0.0202642	0.0327679	0.00159872	0.0104759
73	0.0389807	0.00528022	0.00242982	0.00712575	0.0224183	0.00176901	0.00301094	0.227409	0.0132946	0.243297	0.0987749	0.0102626	0.000835282	0.0221072	0.00712526	0.0176475	0.0866255	0.181388	0.00229562	0.00792299
74	0.0376754	0.00125996	0.708777	0.0983209	0.00158762	0.0404901	0.00659692	0.00238811	0.00914315	0.00327053	0.00181594	0.0126788	0.00171189	0.0268347	0.0107917	0.0260862	0.00458547	0.00407087	0.00055773	0.00135732
75	0.0636716	0.0199914	0.00899737	0.00589665	0.0344765	0.00566193	0.012008	0.0791159	0.0164342	0.36634	0.17674	0.00318624	0.00109387	0.025749	0.0103469	0.028663	0.00872044	0.0916925	0.00944823	0.0317659
76	0.0471964	0.00798596	0.00422723	0.00710316	0.0202547	0.00327697	0.00241292	0.238943	0.0127718	0.195715	0.0687864	0.00882018	0.00253115	0.0182823	0.00952862	0.019779	0.0746992	0.24708	0.00352409	0.00708206
77	0.0388214	0.00125438	0.702633	0.102809	0.00161901	0.0406085	0.00643365	0.00248139	0.00887057	0.0033061	0.00175163	0.012057	0.00170339	0.0280206	0.0110099	0.0262299	0.00442323	0.00406095	0.000564813	0.00134151
78	0.184517	0.00452954	0.0206833	0.0613502	0.0158023	0.0514379	0.022027	0.011288	0.0501007	0.0493744	0.0399692	0.0255564	0.0100313	0.0777995	0.0694603	0.0912337	0.148019	0.0596817	0.00289589	0.0042423
79	0.0664462	0.00920151	0.000490677	0.000679512	0.0199777	0.00697887	0.000462962	0.253297	0.000862294	0.123338	0.0207991	0.000502792	0.00986053	0.000725825	0.00221391	0.00514966	0.0226684	0.454198	0.000433625	0.00171298
80	0.482654	0.0293733	0.00504108	0.0102742	0.00483229	0.122733	0.00201239	0.0348817	0.00932823	0.0425306	0.0052857	0.00918974	0.00955084	0.00695356	0.0145793	0.0805489	0.0444939	0.0830527	0.00107752	0.00160727
81	0.0735523	0.00561694	0.0131793	0.0361933	0.0832055	0.0464881	0.168168	0.0229047	0.0210529	0.0670289	0.0204985	0.0668711	0.00260628	0.0469885	0.0343235	0.0937652	0.018392	0.0732652	0.00212259	0.103777
82	0.0359079	0.00128537	0.725662	0.0891976	0.00153776	0.040986	0.00638905	0.00228486	0.00840598	0.00314728	0.00163809	0.0125534	0.00137075	0.0252201	0.00975224	0.0254007	0.00370731	0.00366759	0.000533071	0.00135326
83	0.0367183	0.0012937	0.722253	0.0928059	0.00159597	0.0409462	0.00607677	0.00230985	0.00772401	0.00305838	0.00159316	0.0115991	0.00134145	0.0265878	0.0100872	0.0255927	0.00314981	0.003453	0.000509675	0.00130401
84	0.106463	0.000989411	0.180018	0.245363	0.00181	0.0399138	0.0229525	0.00882362	0.051794	0.014482	0.00751551	0.0275666	0.0102252	0.0674534	0.0466639	0.0663471	0.0639722	0.0307718	0.00313866	0.00373684
85	0.023558	0.00234787	0.000624302	0.00100553	0.0489595	0.00114263	0.00070183	0.166136	0.00098008	0.5638	0.0474188	0.000934697	0.00117343	0.00294532	0.00117632	0.00188248	0.00626449	0.121526	0.00244237	0.00498052
86	0.0382271	0.00808832	0.00366852	0.00243706	0.0392412	0.00190282	0.00291497	0.127178	0.0059934	0.523014	0.094277	0.00127559	0.00113306	0.00875326	0.00335805	0.0106424	0.00601176	0.104701	0.00461707	0.0125659
87	0.105973	0.00147286	0.108755	0.423273	0.00523336	0.0366729	0.0126471	0.0107098	0.0269794	0.016783	0.0109783	0.0210318	0.0121796	0.0588137	0.037815	0.0537602	0.033494	0.0195478	0.00137061	0.00250834
88	0.114735	0.000734148	0.0409951	0.068139	0.0071961	0.0612088	0.0317412	0.0112966	0.125414	0.0257907	0.0125047	0.0243477	0.0214896	0.111685	0.170824	0.0933928	0.0556261	0.0214489	0.000433193	0.000997166
89	0.0187972	0.015548	0.00202662	0.00306962	0.35674	0.00302227	0.0340678	0.0402338	0.00700706	0.0811216	0.0195803	0.007302	0.00148641	0.00388498	0.0109177	0.0188846	0.0127985	0.0595334	0.049941	0.254037
90	0.0222001	0.00246117	0.000613886	0.00105279	0.0476497	0.00123488	0.000741547	0.170513	0.00109584	0.55569	0.0491908	0.00102293	0.00115111	0.00324279	0.00121901	0.00195723	0.00728386	0.12442	0.00234236	0.00491722
91	0.123444	0.00129524	0.0445209	0.114543	0.00994349	0.0544806	0.0259988	0.00932445	0.0918813	0.0230345	0.0107977	0.0286769	0.0639872	0.101079	0.136925	0.0877266	0.0498266	0.0172377	0.00153052	0.00374628
92	0.0321219	0.00424674	0.00196713	0.00402175	0.0325457	0.00209035	0.00172419	0.202773	0.00741674	0.37495	0.0677981	0.00563995	0.00139091	0.0123711	0.00493334	0.0105982	0.0492083	0.175134	0.00250626	0.00656252
93	0.0635363	0.0196909	0.00892245	0.00594385	0.0342882	0.00564256	0.0120451	0.0807172	0.01639	0.364412	0.176229	0.00330242	0.00110578	0.025548	0.0105814	0.0289657	0.00935171	0.0927931	0.00945549	0.0310785
94	0.0983904	0.000585593	0.176478	0.288051	0.0011828	0.0355913	0.0211251	0.00867104	0.0511231	0.0121687	0.00697132	0.0278845	0.0101496	0.0695743	0.0490357	0.0574851	0.0555021	0.0251949	0.00215112	0.00268432
95	0.288383	0.0519313	0.0103745	0.0159479	0.0237135	0.136794	0.00296222	0.0493269	0.0105083	0.0705747	0.0211347	0.0144261	0.00306305	0.00459802	0.00525042	0.0462506	0.0493774	0.191388	0.000737985	0.00325694
96	0.0417335	0.0174626	0.0148611	0.0327993	0.0592585	0.0154112	0.0998494	0.0397455	0.0610851	0.0775005	0.0121046	0.0269175	0.00329248	0.10563	0.0299817	0.054004	0.0789409	0.118583	0.00302853	0.107811
97	0.068855	0.00946993	0.00037106	0.000698348	0.020114	0.00759222	0.000472449	0.249661	0.000776668	0.11234	0.0193165	0.000524716	0.00818661	0.000687406	0.00206089	0.00614084	0.0230588	0.467423	0.000466996	0.00178372
98	0.0180549	0.0152594	0.00140642	0.00281336	0.131319	0.00554382	0.00891254	0.340632	0.00230476	0.143816	0.0410324	0.00172807	0.00162683	0.00514796	0.00669324	0.00574285	0.0123448	0.191816	0.0123357	0.0514693
99	0.0299639	0.00203041	0.0178311	0.0246381	0.00391803	0.00981582	0.0445441	0.0425851	0.32754	0.0186798	0.00711355	0.0183347	0.0076045	0.0566442	0.314553	0.0254431	0.016809	0.0237787	0.000949817	0.00722366
100	0.0545931	0.00694311	0.0061497	0.00619554	0.0116061	0.0147362	0.00271399	0.301309	0.0029123	0.063653	0.0152884	0.00323748	0.0199875	0.00625403	0.00575653	0.0252081	0.0621728	0.386684	0.000878857	0.0037196
101	0.038401	0.0053529	0.0025521	0.00650307	0.0209047	0.00147977	0.00275607	0.220848	0.0156188	0.239621	0.0885884	0.0113242	0.000718228	0.0225084	0.00917915	0.0190048	0.0918362	0.191812	0.00257263	0.00841875
102	0.192482	0.0425763	0.00915446	0.0168483	0.0100809	0.0742462	0.00719195	0.00672576	0.00812434	0.0173457	0.00677004	0.0103854	0.0124709	0.0261431	0.0120637	0.319684	0.129058	0.0766003	0.00352296	0.0185258
103	0.0188009	0.0153664	0.00210504	0.00319048	0.355356	0.00315556	0.0333711	0.0407085	0.00722286	0.081182	0.0192622	0.00730905	0.00152344	0.00398619	0.0109744	0.0190706	0.0128945	0.062407	0.0495692	0.252544
104	0.118243	0.0265415	0.000973515	0.00187998	0.0480555	0.0236056	0.00134016	0.176923	0.00147771	0.125157	0.0197998	0.00145202	0.00544701	0.00168631	0.00220065	0.0116639	0.0412093	0.386394	0.000630855	0.00531841
105	0.0330438	0.00341538	0.00881499	0.0216765	0.00989281	0.00830647	0.0526021	0.0408982	0.199452	0.0338731	0.0217024	0.0181675	0.00480277	0.0693409	0.365461	0.0193459	0.0178267	0.0498426	0.00183469	0.0197
106	0.0613345	0.0101769	0.000400625	0.000689021	0.0230793	0.00676651	0.000543015	0.269474	0.000800837	0.125495	0.0229168	0.000503989	0.00864086	0.000771092	0.00211788	0.00480196	0.0210299	0.437128	0.000860973	0.00246901
107	0.0314088	0.0213271	0.00210098	0.00450714	0.303071	0.0034349	0.0602502	0.0382943	0.0140439	0.075909	0.0233714	0.00976141	0.00227684	0.00776206	0.0194581	0.0248446	0.0233143	0.0395041	0.0494856	0.245875
108	0.121692	0.00606978	0.0287967	0.024886	0.00279894	0.0561473	0.0213766	0.00367643	0.0545726	0.00699364	0.00381677	0.053066	0.0140942	0.0572534	0.16867	0.280151	0.0805753	0.00675526	0.00200828	0.00660028
109	0.0396492	0.00160847	0.013597	0.0175042	0.00590187	0.733809	0.00862338	0.00256013	0.0164655	0.00704653	0.00186917	0.0365009	0.0112686	0.0319681	0.0178089	0.0220833	0.0260555	0.00357033	0.000498215	0.00161214
110	0.0364673	0.035772	0.00588265	0.0852471	0.0031032	0.0168749	0.0142219	0.0240255	0.0661318	0.00923225	0.00415325	0.016003	0.0369947	0.0367658	0.107749	0.070611	0.310957	0.110917	0.00116283	0.00772833
111	0.0210248	0.00205987	0.000583316	0.000951926	0.0474599	0.00101189	0.000691545	0.167292	0.000861425	0.56826	0.0477178	0.000915374	0.00116391	0.00292561	0.00104711	0.00156768	0.00559725	0.121682	0.00239488	0.00479197
112	0.124775	0.000639268	0.0304398	0.051787	0.00751295	0.0649343	0.0332625	0.0104766	0.121146	0.025102	0.014593	0.0296209	0.0260909	0.113072	0.172206	0.0996148	0.0558811	0.017665	0.000297746	0.000883455
113	0.105079	0.00386673	0.0515414	0.375651	0.021953	0.0668095	0.00810336	0.032903	0.0142316	0.055781	0.0102865	0.0117484	0.00985211	0.0645177	0.0369456	0.0656385	0.0266574	0.0329441	0.00152926	0.00396057
114	0.0225829	0.00210903	0.0271668	0.0360539	0.00327334	0.0120355	0.0264745	0.0391094	0.344416	0.0201327	0.00482207	0.0200994	0.0107535	0.0526948	0.311546	0.0263587	0.0215928	0.0135163	0.000952142	0.00430945
115	0.0657407	0.00905476	0.000515498	0.000680646	0.0193328	0.0069655	0.000451427	0.254305	0.00083121	0.121372	0.0210191	0.000496448	0.0102115	0.000739414	0.00218185	0.00513248	0.0221806	0.456722	0.000399281	0.00166707
116	0.194673	0.0124265	0.0228732	0.0393881	0.008051	0.123792	0.00981286	0.00461536	0.0268003	0.00773492	0.00436517	0.040414	0.0269494	0.0232139	0.0358733	0.252347	0.144726	0.0125265	0.00171497	0.00770304
117	0.127753	0.00108954	0.0226798	0.0515398	0.00608296	0.117794	0.0323275	0.00916243	0.0971338	0.0236046	0.0116409	0.0506539	0.0248132	0.121133	0.129125	0.0908979	0.0658353	0.0151948	0.000482807	0.00105591
118	0.234056	0.00472603	0.0120808	0.0596269	0.00395105	0.0175619	0.00737616	0.0081093	0.00727982	0.0104527	0.00467331	0.00894061	0.241353	0.0440972	0.0107894	0.161418	0.108795	0.0480196	0.00164887	0.00504389
119	0.0340166	0.00134012	0.0128691	0.0129175	0.00584095	0.78334	0.00645321	0.00209029	0.0130289	0.00639802	0.0013669	0.0311471	0.011898	0.0222917	0.0124316	0.017208	0.0207357	0.00300624	0.000473974	0.0011464
120	0.037625	0.00129352	0.716797	0.0939804	0.00160016	0.0410068	0.00613899	0.00236533	0.00792178	0.00312697	0.00165461	0.0115965	0.00138811	0.0277133	0.0106301	0.0261194	0.00346977	0.00367189	0.000556189	0.00134402
121	0.013901	0.0105657	0.000819516	0.00279432	0.0639634	0.00523232	0.00372312	0.430689	0.00132809	0.173922	0.036256	0.000989178	0.00132318	0.00320227	0.0054942	0.00391256	0.013626	0.208326	0.00563252	0.0142991
122	0.27437	0.0710431	0.00543897	0.00914035	0.0199685	0.145612	0.00193708	0.0417413	0.00612883	0.0693841	0.0199534	0.00944962	0.00186639	0.00306933	0.0042255	0.0341512	0.037679	0.241828	0.000736962	0.00227603
123	0.489552	0.0257482	0.00488606	0.00998266	0.00339823	0.132295	0.00229436	0.0314994	0.0134439	0.0433098	0.00444521	0.00889307	0.00983313	0.0100597	0.0196409	0.0763622	0.0412732	0.0704607	0.000968845	0.00165342
124	0.0658648	0.0101697	0.00036758	0.000769878	0.0235835	0.0072262	0.000548972	0.255618	0.0011774	0.131503	0.0218365	0.00063591	0.00823397	0.00107963	0.00236941	0.00532193	0.024354	0.436442	0.000604049	0.00229438
125	0.252742	0.0121316	0.00951974	0.0339385	0.0081745	0.0789119	0.012375	0.0112912	0.0230965	0.0421624	0.00831024	0.00907836	0.0356925	0.0473622	0.0467219	0.12984	0.10603	0.0986	0.0171883	0.0168322
126	0.0371758	0.00188413	0.0425584	0.0398715	0.00361978	0.0634577	0.0270823	0.031105	0.263725	0.0171884	0.00512242	0.0355427	0.00985062	0.0543611	0.29161	0.0378219	0.0230228	0.0107879	0.000790291	0.00342205
127	0.0539796	0.0151917	0.0185425	0.012898	0.0389876	0.00587371	0.00935295	0.0902319	0.0144855	0.326699	0.171967	0.00445138	0.00193317	0.0229056	0.00994991	0.0374402	0.0274512	0.108244	0.00696715	0.0224482
128	0.497701	0.0276597	0.00498578	0.00989288	0.00414097	0.137761	0.00114253	0.0314899	0.00755079	0.0349496	0.0058131	0.0104091	0.00944752	0.00396261	0.00824343	0.0739357	0.0388411	0.0906914	0.000442088	0.000939902
129	0.0216102	0.00266286	0.000649316	0.00109201	0.0467428	0.00126864	0.000779596	0.186419	0.000906528	0.533882	0.0465594	0.000904703	0.00132242	0.00287636	0.00128175	0.00185788	0.00655504	0.13477	0.00254071	0.00531956
130	0.144497	0.00402995	0.00274307	0.0360717	0.00390777	0.1461	0.0282888	0.0200252	0.030393	0.0273963	0.013271	0.107952	0.00643457	0.127488	0.0623568	0.110673	0.115925	0.00929367	0.00101009	0.0021429
131	0.0196321	0.00240065	0.041503	0.0667508	0.00389566	0.0131209	0.0159927	0.0326579	0.305847	0.0223222	0.00573497	0.0158681	0.00725389	0.057567	0.321547	0.0240514	0.025681	0.0131006	0.00111508	0.00395754
132	0.0216603	0.00225433	0.000688994	0.0010217	0.0472125	0.0010377	0.000761649	0.16641	0.00107093	0.565351	0.0498433	0.000925936	0.00114577	0.00317383	0.00115473	0.00188877	0.00573841	0.121181	0.00244775	0.00503191
133	0.279893	0.0446757	0.00504138	0.0231037	0.00792753	0.0151133	0.041361	0.0364724	0.0201046	0.0373203	0.00494348	0.0199732	0.00865154	0.0760077	0.0572943	0.0909534	0.0794888	0.129161	0.0171377	0.00537573
134	0.099945	0.00131073	0.118378	0.328872	0.00589592	0.0491254	0.0162769	0.018019	0.0380268	0.018853	0.00753322	0.0209946	0.00964354	0.0790315	0.0492761	0.0583106	0.0525235	0.0238176	0.00169873	0.00246787
135	0.035435	0.0013415	0.723293	0.0873473	0.00199485	0.0407181	0.00623151	0.00572254	0.00797401	0.00432696	0.00185257	0.0123677	0.00138704	0.0247928	0.00957962	0.02495	0.00335274	0.00530095	0.000572646	0.00145891
136	0.0964976	0.0437688	0.0113567	0.0443089	0.0103107	0.0220839	0.0176783	0.0273128	0.0323127	0.022209	0.0104733	0.0151719	0.137206	0.0279496	0.074283	0.0719349	0.219588	0.101573	0.00389794	0.0100827
137	0.130344	0.0367462	0.00480379	0.0135664	0.0162654	0.0603005	0.00352646	0.00412573	0.00458731	0.0392378	0.0138726	0.00771146	0.00354853	0.0073163	0.00839181	0.352366	0.268062	0.0171621	0.00113273	0.00693248
138	0.0215854	0.00235988	0.000745311	0.000994046	0.0474342	0.00101369	0.000777438	0.165713	0.00102371	0.56578	0.0493389	0.000922615	0.00115557	0.0031588	0.00118233	0.00200219	0.00568032	0.121335	0.00260828	0.00518936
139	0.0726997	0.00321345	0.0711525	0.0255888	0.00346539	0.295663	0.0702206	0.00430226	0.0739845	0.0043931	0.00232079	0.104648	0.00435948	0.0558901	0.148332	0.0355229	0.013549	0.00624594	0.000820146	0.00362828
140	0.0980087	0.000753566	0.161392	0.316286	0.00188177	0.0358288	0.0204366	0.00949485	0.0450756	0.0121596	0.00711948	0.0257958	0.0103822	0.0721235	0.0479042	0.0549117	0.0525122	0.0234528	0.00197934	0.00250071
141	0.040901	0.00476851	0.00209705	0.0065408	0.0191595	0.00163876	0.00286157	0.207082	0.0145866	0.242367	0.0974191	0.0128798	0.000743614	0.0257019	0.00754565	0.0183979	0.10483	0.180596	0.00214477	0.00773764
142	0.0251821	0.00781171	0.00729064	0.0106218	0.042933	0.00498103	0.00372557	0.348065	0.00563565	0.154318	0.0449196	0.00430284	0.00251306	0.0120635	0.0139328	0.0165319	0.0430195	0.233111	0.00437363	0.0146677
143	0.0211949	0.00318212	0.000621061	0.00117891	0.0466986	0.00131316	0.000788751	0.201595	0.00107145	0.51185	0.0469457	0.000990316	0.00145488	0.00298989	0.00126761	0.00185416	0.00726159	0.140334	0.00239033	0.00501757
144	0.0742399	0.0210789	0.00818446	0.043609	0.010849	0.0443521	0.0905167	0.00593565	0.0551887	0.00847173	0.00444408	0.0471588	0.0072703	0.0505348	0.151424	0.239624	0.0278709	0.0102001	0.0534508	0.0455961
145	0.219213	0.0694696	0.00447835	0.0100211	0.0606917	0.0876883	0.00553826	0.0392387	0.00583858	0.101398	0.0142565	0.00803443	0.00254952	0.00657033	0.00607114	0.0726105	0.112633	0.164716	0.00143047	0.00755189
146	0.0480337	0.0201542	0.00634857	0.0102578	0.0497168	0.01203	0.0630257	0.062316	0.0203523	0.22637	0.142277	0.0112585	0.0029678	0.0766743	0.0320909	0.0277637	0.0173696	0.0973084	0.0055535	0.0681317
147	0.0420879	0.00286186	0.0128806	0.0138361	0.00625789	0.746344	0.00662533	0.00249594	0.0125834	0.00684804	0.00207566	0.0303213	0.0117982	0.0227255	0.0125896	0.0318653	0.0290765	0.00448488	0.000553284	0.00168916
148	0.0957909	0.000891066	0.182051	0.290458	0.00163404	0.034667	0.0202969	0.00848809	0.0512664	0.0128203	0.00734303	0.028125	0.0108891	0.0677609	0.0484199	0.0562176	0.053614	0.0244739	0.00216497	0.00262752
149	0.0683378	0.00715256	0.0118561	0.0206347	0.0271133	0.00943666	0.0156927	0.160329	0.0157322	0.196629	0.0982392	0.0123381	0.00514539	0.0347093	0.0140685	0.0346878	0.0755282	0.17685	0.00302688	0.0124918
150	0.0711098	0.0123193	0.0163927	0.0325416	0.0261036	0.0389219	0.136334	0.0303249	0.0540306	0.0432862	0.0175539	0.0281407	0.0119465	0.220807	0.0732186	0.0563471	0.0460101	0.0472218	0.00612156	0.031268
151	0.0660547	0.014639	0.00759405	0.0078531	0.0284873	0.00861684	0.0136262	0.0898376	0.02901	0.32989	0.158743	0.0104014	0.00124636	0.0321167	0.013645	0.0415002	0.0179881	0.0963198	0.00774234	0.0246889
152	0.0993	0.000691268	0.163479	0.285729	0.00186349	0.0380752	0.0206709	0.00857472	0.0548893	0.0124199	0.00732327	0.0296316	0.0108529	0.0734258	0.0554275	0.0569513	0.052406	0.0236716	0.00193689	0.00268101
153	0.0640457	0.00538199	0.0467445	0.0422628	0.00941457	0.0136961	0.00607773	0.225821	0.00625948	0.101865	0.0523198	0.00825385	0.0181086	0.0371968	0.0236927	0.0356834	0.0609486	0.227593	0.00195065	0.0126841
154	0.0428564	0.00568295	0.00223587	0.00595936	0.0202843	0.00210176	0.00266042	0.21661	0.0157409	0.245631	0.0818477	0.0105708	0.00121407	0.0210611	0.00785436	0.017482	0.0895681	0.201052	0.00237531	0.00721266
155	0.1243	0.000672614	0.0306275	0.052525	0.00754467	0.0637226	0.0328468	0.01021	0.122337	0.0246318	0.0138678	0.0282343	0.0267211	0.113447	0.17397	0.100324	0.054906	0.0178352	0.000342552	0.000934583
156	0.0430833	0.00567438	0.00306237	0.00441471	0.00967762	0.0109717	0.00308041	0.342404	0.00389803	0.0498152	0.0109893	0.00362232	0.0341782	0.00516823	0.00506884	0.0198534	0.0835896	0.357328	0.000874603	0.0032457
157	0.525747	0.0161362	0.00549696	0.0117335	0.00210647	0.124249	0.00190141	0.0333276	0.00858545	0.0297211	0.00319208	0.0100328	0.0209597	0.00538425	0.00994394	0.0878507	0.0381142	0.0635032	0.000707233	0.00130707
158	0.0256381	0.0468073	0.00308614	0.00418758	0.250471	0.00440332	0.0503743	0.0510348	0.0096291	0.130411	0.0593983	0.00730958	0.00222983	0.0114268	0.0149236	0.018577	0.0152799	0.0561242	0.0339266	0.204762
159	0.0279049	0.00304284	0.00519188	0.0275071	0.0174911	0.00746207	0.0298747	0.0377262	0.136048	0.0583707	0.0423161	0.0179784	0.00254244	0.0764778	0.389628	0.00792846	0.01899	0.0742402	0.00116555	0.0181136
160	0.104542	0.00366709	0.0941052	0.377659	0.00741388	0.0407032	0.0133911	0.0127273	0.0283984	0.0201963	0.00951056	0.0214278	0.0258727	0.056682	0.041661	0.069292	0.0434342	0.0235729	0.00174875	0.00399447
161	0.135536	0.0100513	0.0193186	0.0196673	0.00485799	0.0341215	0.0205938	0.00694931	0.0726082	0.0101818	0.00478989	0.0476881	0.0151405	0.040584	0.17956	0.218302	0.122358	0.0138467	0.00334083	0.0205055
162	0.0370985	0.00699194	0.000716938	0.00134167	0.0408698	0.00459656	0.0013602	0.268993	0.00122816	0.277788	0.0336839	0.000885481	0.00908723	0.00205481	0.00265956	0.00379916	0.0138947	0.284931	0.00231403	0.00570589
163	0.0978817	0.00305063	0.0252915	0.084205	0.0202712	0.0924545	0.0290681	0.0129817	0.103085	0.024742	0.0122776	0.0274599	0.0186915	0.154247	0.12447	0.0755844	0.0630288	0.0218519	0.00285399	0.00650271
164	0.0475995	0.0207492	0.00665271	0.0639751	0.0037685	0.0117074	0.00832829	0.0306933	0.0399182	0.0149633	0.00752181	0.0118722	0.0644257	0.020882	0.0620486	0.124176	0.347146	0.0943107	0.00149448	0.0177666
165	0.0788794	0.00146778	0.0474034	0.0579586	0.00516845	0.43794	0.0197146	0.00487053	0.0485505	0.0111281	0.00483503	0.0442652	0.0248176	0.0496661	0.0689576	0.0449652	0.0377691	0.00885336	0.00082095	0.00196851
166	0.0468862	0.00204397	0.0193379	0.0236048	0.00629171	0.698338	0.00822774	0.00422093	0.0157017	0.0118076	0.00212637	0.0364361	0.0312164	0.0234477	0.0178416	0.0201365	0.0236518	0.00602912	0.00069268	0.00196143
167	0.140948	0.0189783	0.0170581	0.0158202	0.00248259	0.0382806	0.0289013	0.00539147	0.0412191	0.00624494	0.00382741	0.102287	0.0109585	0.0499391	0.133881	0.249928	0.106161	0.0161569	0.00327218	0.00826381
168	0.0903911	0.00611354	0.0190129	0.0435182	0.00588888	0.33194	0.0156496	0.00833904	0.0393642	0.0151331	0.00669868	0.0339223	0.119046	0.0465517	0.0665225	0.0645187	0.0637126	0.0180604	0.00124407	0.00437264
169	0.108531	0.00950406	0.0132888	0.0997893	0.0701356	0.0196108	0.0787826	0.0166277	0.0555785	0.0248661	0.00894169	0.0141403	0.0438384	0.101933	0.0798848	0.0541819	0.0323791	0.0367451	0.044391	0.0868495
170	0.0187972	0.015548	0.00202662	0.00306962	0.35674	0.00302227	0.0340678	0.0402338	0.00700706	0.0811216	0.0195803	0.007302	0.00148641	0.00388498	0.0109177	0.0188846	0.0127985	0.0595334	0.049941	0.254037
171	0.330501	0.00681767	0.00810655	0.00892483	0.00324108	0.460117	0.00330483	0.010273	0.00834957	0.0135257	0.00141253	0.0160995	0.0110846	0.0120724	0.00824438	0.047305	0.0265663	0.0221924	0.000643091	0.00121887
172	0.0894805	0.00156195	0.17393	0.244665	0.00292321	0.0432096	0.0199651	0.0192367	0.0522403	0.0158442	0.00734723	0.0241118	0.0101389	0.0736434	0.0551263	0.059411	0.0680723	0.0335622	0.00235254	0.00317823
173	0.0694041	0.00951951	0.000360941	0.000658515	0.0194863	0.00738188	0.000448665	0.247441	0.000780955	0.11355	0.0192874	0.000491639	0.00840432	0.000631987	0.00201146	0.00567961	0.0228039	0.469675	0.00038405	0.00159858
174	0.078857	0.00777631	0.0329074	0.0344916	0.0872994	0.0486667	0.138086	0.0350995	0.0599266	0.0504182	0.00983083	0.0233796	0.00634586	0.0561088	0.0324078	0.0774661	0.0328418	0.0975201	0.00555438	0.0850162
175	0.0209871	0.00231015	0.000574542	0.000944613	0.0485802	0.00111757	0.000744774	0.173351	0.000856117	0.558392	0.0476939	0.000909384	0.00121232	0.00290595	0.00107544	0.00156164	0.0056185	0.12365	0.00246056	0.0050545
176	0.0626405	0.00428655	0.103687	0.191678	0.00460616	0.0227754	0.0241489	0.0223555	0.0954091	0.0347492	0.00636226	0.015084	0.00782719	0.03731	0.120195	0.0853666	0.0991152	0.0566809	0.00201439	0.00370783
177	0.0574453	0.00905907	0.000422672	0.000834752	0.0247205	0.00609802	0.000738411	0.280951	0.00079508	0.124253	0.023479	0.000539007	0.00855452	0.000896366	0.0023854	0.00478205	0.0204085	0.429614	0.00113929	0.00288384
178	0.129633	0.00163687	0.022505	0.0455813	0.00629907	0.108557	0.0300841	0.0106244	0.103304	0.0335344	0.0121049	0.0442824	0.02154	0.114115	0.149047	0.0878648	0.061994	0.0153582	0.000450742	0.00148318
179	0.141387	0.00230476	0.00373339	0.161304	0.00349231	0.0575392	0.00813559	0.00368316	0.0214625	0.0154013	0.00275356	0.0285159	0.35212	0.044255	0.0340938	0.0683089	0.0305245	0.00884573	0.00102441	0.0111158
180	0.145609	0.00872889	0.0311225	0.0617682	0.0416528	0.0161817	0.0656904	0.0422722	0.0222774	0.0476369	0.0101125	0.0101389	0.0743115	0.0493109	0.121772	0.0512542	0.0493405	0.102015	0.0305564	0.0182473
181	0.0325156	0.001321	0.0127826	0.0124173	0.00589496	0.793178	0.00592471	0.00199751	0.0120515	0.00618526	0.00135734	0.0301959	0.0116789	0.0209355	0.0105839	0.01653	0.020083	0.00277182	0.00046196	0.00113374
182	0.222792	0.0138357	0.0405202	0.0816161	0.00898772	0.133574	0.0119376	0.00370799	0.0159878	0.00624915	0.00273297	0.0154946	0.0316054	0.0249549	0.0171906	0.253781	0.0922127	0.0134116	0.00167149	0.00773581
183	0.123342	0.00872182	0.00959284	0.0338476	0.00378021	0.099114	0.0239666	0.010033	0.0465623	0.0169932	0.00939152	0.149346	0.00899303	0.108883	0.0731191	0.142687	0.113965	0.0131675	0.00129863	0.00319597
184	0.0190578	0.0157966	0.00201569	0.00300614	0.356445	0.00296701	0.0348629	0.0400745	0.00710452	0.0811523	0.0198449	0.00734672	0.00147967	0.00390091	0.0110444	0.019012	0.0130294	0.0578594	0.0495925	0.254408
185	0.0223713	0.0150223	0.00221329	0.00439647	0.0681864	0.00638979	0.0238806	0.311006	0.00581812	0.179034	0.0845516	0.0031396	0.00148995	0.0230947	0.0140308	0.00952585	0.0157522	0.174754	0.00535051	0.029993
186	0.127552	0.001467	0.0179562	0.0469383	0.00553803	0.121184	0.0280925	0.00923719	0.0877909	0.0248835	0.0108617	0.0589295	0.0429702	0.114623	0.11846	0.0968971	0.0719652	0.0124484	0.00051173	0.00169396
187	0.568282	0.0151303	0.00609585	0.00871242	0.00138698	0.130602	0.00135345	0.0223891	0.00747554	0.0267978	0.00190113	0.00730862	0.0133404	0.00475734	0.00913212	0.0879652	0.0371127	0.0485348	0.000561018	0.00116088
188	0.0566866	0.00838945	0.00143813	0.00196604	0.0199348	0.00781618	0.000885547	0.287434	0.00145738	0.100563	0.0186673	0.00113727	0.00943933	0.00189152	0.00338132	0.0109939	0.0312463	0.432583	0.00115213	0.00293678
189	0.0664735	0.00768419	0.0692165	0.190039	0.0417126	0.0181684	0.0108945	0.0168746	0.0852765	0.0557723	0.12866	0.0135477	0.00893244	0.0258503	0.168714	0.0280096	0.0237287	0.0285009	0.00271729	0.00922713
190	0.100055	0.000574602	0.187028	0.25921	0.00116065	0.036408	0.0226322	0.00903209	0.0532134	0.0128142	0.0072399	0.027524	0.010258	0.0699877	0.0485085	0.0605869	0.0599556	0.0284306	0.00240688	0.00297355
191	0.0872231	0.00364584	0.0132444	0.0207414	0.00573639	0.603716	0.00897552	0.00489668	0.0188938	0.0107029	0.00313154	0.0339965	0.0127437	0.0395438	0.0219858	0.0431974	0.0556582	0.00825198	0.00116716	0.00254843
192	0.0699343	0.00947153	0.000363303	0.000661197	0.0194861	0.00743646	0.000452193	0.246495	0.000786947	0.112899	0.0192261	0.000492469	0.00834741	0.000641218	0.00199717	0.00574707	0.0228804	0.470698	0.000384011	0.00159985
