334	20
1	0.0294589	0.0210648	0.00426281	0.00593033	0.356566	0.019945	0.0133127	0.0177604	0.00642062	0.069338	0.0299766	0.00631645	0.0134595	0.0128477	0.00622393	0.0903477	0.0737428	0.0681273	0.114771	0.0401276
2	0.133038	0.00202167	0.0193737	0.0540359	0.00400482	0.170993	0.0184227	0.00362522	0.0110255	0.0284014	0.00739008	0.0381185	0.00161096	0.050672	0.0371066	0.269073	0.109827	0.017637	0.00118791	0.0224348
3	0.0781771	0.0107539	0.00192752	0.0227921	0.00384872	0.0140102	0.00367688	0.186971	0.0107258	0.0476286	0.0666013	0.00255636	0.017547	0.0255667	0.00266417	0.0260897	0.0911795	0.384067	0.00142568	0.00179044
4	0.103476	0.0102987	0.00254301	0.00378844	0.0275509	0.00372694	0.00523893	0.261739	0.00767883	0.179745	0.0235003	0.00305949	0.00031606	0.00205451	0.0044237	0.0303899	0.045024	0.273673	0.00374019	0.00803279
5	0.0814284	0.00543667	0.0307606	0.0447401	0.0211153	0.213276	0.00666043	0.0170663	0.0425325	0.00653731	0.00439363	0.0645419	0.00489923	0.0134291	0.0504678	0.325815	0.0338796	0.0203567	0.00819598	0.00446781
6	0.00570557	0.00952418	0.00259014	0.0104808	0.0668005	0.0021294	0.0103676	0.100021	0.00352677	0.357957	0.0922889	0.00333321	0.0285722	0.00409204	0.00400354	0.0340253	0.0947707	0.0133167	0.0853337	0.0711614
7	0.131229	0.00536243	0.0471431	0.035067	0.0108405	0.0136721	0.0777849	0.0360945	0.051325	0.0421587	0.0611672	0.0765908	0.00383451	0.115492	0.0915956	0.0588762	0.109299	0.0172594	0.00293415	0.0122735
8	0.161251	0.00165056	0.0937113	0.266794	0.0023198	0.0158269	0.00546551	0.0127865	0.0858359	0.0117937	0.0103022	0.0393571	0.00352141	0.120874	0.0388855	0.0624086	0.0463613	0.0187598	0.000170102	0.00192464
9	0.181679	0.068015	0.00846515	0.00220543	0.00455028	0.00140481	0.00474792	0.16532	0.00252212	0.0736445	0.0064945	0.00179617	0.000575131	0.00682275	0.0103759	0.062328	0.0604657	0.324873	0.00110907	0.0126059
10	0.0364175	0.0114604	0.00504699	0.00522949	0.13869	0.00352527	0.240066	0.0414584	0.0167827	0.069869	0.00287984	0.00649918	0.0106745	0.00645639	0.00474068	0.00737914	0.00570929	0.0186681	0.0356983	0.332749
11	0.0389238	0.0145394	0.0116936	0.0298407	0.0019556	0.00747481	0.017181	0.0117171	0.261343	0.0127398	0.00540684	0.0368048	0.00530959	0.143716	0.293778	0.040328	0.0531732	0.00830472	0.00111549	0.00465368
12	0.0430242	0.00266219	0.01997	0.0514773	0.00409587	0.00796438	0.0342126	0.0114391	0.179646	0.0223942	0.018281	0.028195	0.00170503	0.0906773	0.383007	0.0393223	0.0370152	0.00898478	0.00368664	0.0122401
13	0.110484	0.00868695	0.00412136	0.00527624	0.0203807	0.00322779	0.00592524	0.223775	0.0095353	0.165663	0.0211015	0.00233878	0.000711726	0.00250663	0.00410753	0.0339604	0.0669813	0.300499	0.00435677	0.00636091
14	0.0356991	0.00707814	0.00161035	0.00212468	0.00151881	0.00166979	0.00797989	0.169476	0.0027242	0.336935	0.0028415	0.0139747	0.000778201	0.00208058	0.0153757	0.00364881	0.00324834	0.371492	0.00672408	0.0130196
15	0.0481544	0.00345242	0.182031	0.270119	0.00382761	0.0186189	0.0262625	0.00402362	0.0539052	0.0146543	0.00673197	0.103189	0.00147948	0.0802218	0.0625217	0.0424991	0.0582162	0.01199	0.000121568	0.00798113
16	0.0271343	0.00115034	0.00718932	0.13257	0.00758786	0.00149704	0.028141	0.0333649	0.232233	0.0142853	0.00141879	0.0020824	0.000763885	0.0508247	0.27485	0.00943961	0.084716	0.0883576	0.000615522	0.00177912
17	0.0781587	0.00344545	0.0152182	0.0127717	0.0362661	0.0224179	0.0981735	0.0741825	0.0229447	0.211359	0.0196991	0.0561629	0.00233635	0.193157	0.0593805	0.0347975	0.0161297	0.0124648	0.00192021	0.029014
18	0.137859	0.0163947	0.0101911	0.0219423	0.00675762	0.215365	0.0040135	0.0357026	0.019811	0.00506766	0.0158866	0.176438	0.00286973	0.0187748	0.0421773	0.220246	0.0209472	0.0105591	0.00224871	0.016747
19	0.114864	0.0168784	0.0100455	0.00694702	0.00866923	0.725696	0.0018079	0.00975559	0.00971108	0.00561462	0.00222654	0.00879267	0.0037636	0.00402121	0.0131212	0.0440194	0.00464648	0.00674485	0.000800207	0.00187451
20	0.116055	0.0149685	0.00291103	0.0038277	0.0232669	0.00334512	0.00490582	0.253714	0.00700353	0.165743	0.0205264	0.00270704	0.000328433	0.00272126	0.00480152	0.0323828	0.045912	0.28429	0.00312497	0.00746425
21	0.0621479	0.00307779	0.163407	0.136372	0.00509392	0.212652	0.0688921	0.00561536	0.00469773	0.0528722	0.00415905	0.0971102	0.00308971	0.00730469	0.00908	0.082724	0.053307	0.0090542	0.00151377	0.0178291
22	0.0132796	0.00353398	0.000865171	0.0110931	0.0414194	0.00126732	0.0107892	0.131388	0.0119868	0.602246	0.0389394	0.00193271	0.000969874	0.0136435	0.0112473	0.00823141	0.0264466	0.0597962	0.00105746	0.00986681
23	0.0944306	0.000677488	0.160322	0.276013	0.00144182	0.0142808	0.0159521	0.00211097	0.0354456	0.0106797	0.00547604	0.056978	0.0812293	0.0592435	0.0104843	0.117878	0.0438117	0.00922557	0.0033627	0.000956423
24	0.0381132	0.00165527	0.0232279	0.0663898	0.00540503	0.00978726	0.0403345	0.0109993	0.176334	0.0260836	0.0126469	0.0301112	0.00152529	0.0918512	0.362637	0.0419691	0.0315483	0.0095082	0.00456287	0.0153103
25	0.00182698	0.000506296	0.000861906	0.00517808	0.652095	0.000757107	0.000767857	0.02697	0.00130815	0.119302	0.00127646	0.000972002	0.000349779	0.00153459	0.00376711	0.00693022	0.00117276	0.00945089	0.00632344	0.158648
26	0.120647	0.00463658	0.0244182	0.0844519	0.00524283	0.0453946	0.0149001	0.0215084	0.217969	0.035257	0.0179616	0.0639122	0.00174679	0.108837	0.102401	0.0580561	0.0522167	0.0151385	0.000331246	0.00497287
27	0.161251	0.00165056	0.0937113	0.266794	0.0023198	0.0158269	0.00546551	0.0127865	0.0858359	0.0117937	0.0103022	0.0393571	0.00352141	0.120874	0.0388855	0.0624086	0.0463613	0.0187598	0.000170102	0.00192464
28	0.0735451	0.003503	0.0237027	0.0131995	0.0124877	0.0102847	0.0307244	0.133523	0.00702402	0.305187	0.0416898	0.0900605	0.00187254	0.0140809	0.006145	0.0405528	0.0292151	0.135895	0.00227326	0.0250335
29	0.0643955	0.0189575	0.0162322	0.217743	0.0293036	0.00255235	0.0294232	0.003076	0.190906	0.00486336	0.0028684	0.0175246	0.000736719	0.11183	0.215699	0.00752657	0.0176312	0.00352872	0.0239648	0.0212371
30	0.0273385	0.0105393	0.019824	0.0374936	0.0332688	0.00825883	0.019482	0.113264	0.0338013	0.348345	0.086183	0.0173121	0.000374483	0.0511011	0.0285248	0.03541	0.0480072	0.0443686	0.00386066	0.0332427
31	0.389302	0.0162265	0.0118963	0.0440816	0.00353609	0.0726536	0.00242577	0.00345113	0.0107261	0.00472902	0.00115403	0.0171068	0.00915533	0.0207864	0.00506664	0.300429	0.0541968	0.0304006	0.000219978	0.00245621
32	0.136383	0.00187215	0.0947031	0.251126	0.00290359	0.0158566	0.00799283	0.0132245	0.0969344	0.0132505	0.010709	0.0470076	0.00278221	0.121679	0.0477639	0.0603971	0.0542244	0.0179613	0.0001716	0.00305728
33	0.101669	0.00646567	0.0344197	0.0976556	0.0136185	0.0166726	0.092575	0.0187477	0.108477	0.141741	0.0217505	0.0606546	0.00218213	0.0717627	0.0792242	0.0282043	0.030131	0.0171221	0.00398834	0.0529388
34	0.0846613	0.0189798	0.00426715	0.00180948	0.00104834	0.129073	0.00437222	0.00791956	0.0254984	0.00478174	0.000955639	0.0351305	0.000570206	0.0329056	0.033553	0.512356	0.0936177	0.00713734	0.000360404	0.00100238
35	0.0867256	0.00314562	0.0302528	0.0725221	0.00777999	0.0207847	0.0160918	0.0202015	0.241298	0.0250079	0.0129894	0.0649246	0.000889027	0.125748	0.117912	0.0514091	0.0798639	0.0136241	0.000279284	0.00855073
36	0.00124349	0.0059758	0.000521251	0.00413381	0.338217	0.000581696	0.0249829	0.00788429	0.00442699	0.0086824	0.00047066	0.000667574	0.00228485	0.000890163	0.00264202	0.0066999	0.000750816	0.00631897	0.0175544	0.565071
37	0.0652777	0.00283094	0.0155462	0.106355	0.016277	0.126806	0.015726	0.0234769	0.0575579	0.0170965	0.00362376	0.0510891	0.0020383	0.0438946	0.0846823	0.315848	0.0279759	0.016884	0.00286631	0.00414684
38	0.0489692	0.00330403	0.177621	0.269437	0.00408939	0.0191371	0.0264632	0.00415432	0.0534842	0.015284	0.00676365	0.104581	0.00148355	0.0801227	0.0620266	0.0429431	0.0594663	0.0124008	0.00011966	0.00814973
39	0.0605239	0.00447162	0.00797128	0.00984978	0.0160092	0.0273445	0.279103	0.00681059	0.0704237	0.0373681	0.00713903	0.218709	0.0023362	0.0850249	0.0980082	0.0174642	0.0141994	0.0259298	0.00200165	0.00931203
40	0.0358902	0.00715676	0.00161707	0.00210097	0.00152778	0.00166457	0.00794818	0.169457	0.00273712	0.336481	0.00282079	0.0140337	0.000774084	0.00207688	0.0153534	0.00366811	0.00334835	0.37166	0.00667988	0.0130048
41	0.0451799	0.00656654	0.0639523	0.0554408	0.0138782	0.0300108	0.0444604	0.0262622	0.0707044	0.120734	0.215025	0.0768288	0.00204282	0.0685775	0.0268227	0.024707	0.0255371	0.0191163	0.00292948	0.0612241
42	0.0628247	0.00441145	0.0778699	0.0943894	0.0177944	0.015264	0.0468251	0.0142284	0.135007	0.0598546	0.0546702	0.084998	0.00152672	0.0976582	0.0892936	0.0469494	0.051429	0.0250022	0.00265286	0.0173512
43	0.388803	0.0163387	0.0118794	0.044118	0.0035555	0.0722913	0.00242796	0.0035103	0.0107428	0.00473554	0.00114892	0.0170723	0.00956809	0.0207428	0.00501205	0.300756	0.0541506	0.0304209	0.000220231	0.00250629
44	0.024578	0.00804018	0.0471259	0.0539941	0.0113601	0.0108232	0.0113833	0.242694	0.0496074	0.0622294	0.0102371	0.125454	0.00509276	0.014019	0.0135568	0.0195889	0.122992	0.115768	0.041948	0.00950698
45	0.0523842	0.00417204	0.0769545	0.0713615	0.0148237	0.0137642	0.0893684	0.0101591	0.105699	0.078198	0.053865	0.106999	0.000761027	0.111605	0.0933992	0.0309905	0.0397217	0.0148538	0.00345053	0.0274699
46	0.125242	0.00172792	0.0736478	0.104192	0.00245886	0.125045	0.0239289	0.012265	0.123557	0.0311758	0.0127144	0.0514565	0.000783517	0.100392	0.0489898	0.104403	0.0399919	0.0120481	0.00052448	0.00545564
47	0.160988	0.00213805	0.104673	0.192784	0.00314788	0.0264158	0.00833857	0.0071387	0.122214	0.00822489	0.00569544	0.0426529	0.00490459	0.0949762	0.0455382	0.0989405	0.051641	0.0164227	0.000295205	0.00287019
48	0.0434314	0.00510263	0.16372	0.0982701	0.00472574	0.389306	0.0258163	0.00284076	0.0210728	0.016276	0.00259055	0.0928533	0.0036686	0.0211606	0.00677387	0.0690139	0.0185417	0.00723822	0.000991269	0.00660701
49	0.0401098	0.00719254	0.000870864	0.00210612	0.0490777	0.00419434	0.00412149	0.281957	0.00530582	0.242702	0.0627836	0.00154843	0.000310888	0.00273873	0.00238751	0.0168609	0.0310003	0.22699	0.00629409	0.0114482
50	0.0778296	0.00150596	0.0181544	0.0288663	0.00200229	0.0237025	0.00448649	0.0134888	0.0245412	0.0257557	0.00240165	0.00513512	0.513716	0.0200578	0.0228913	0.134671	0.0617109	0.0163644	0.000869912	0.00184897
51	0.129317	0.000597849	0.164675	0.35077	0.00148175	0.0107515	0.00872906	0.00295656	0.0294226	0.0124237	0.00646858	0.0292097	0.0608703	0.0542291	0.00594315	0.0841435	0.0355069	0.0107875	0.000516252	0.00119991
52	0.0160666	0.0032964	0.135553	0.103297	0.0186622	0.0647287	0.0758058	0.00519273	0.00769038	0.011831	0.0176703	0.0968603	0.0027538	0.00884394	0.0401623	0.24444	0.103073	0.0214336	0.00148707	0.0211527
53	0.201204	0.00301529	0.0457549	0.0634287	0.071995	0.0186831	0.00403254	0.0197089	0.0181344	0.0795533	0.00427204	0.0223512	0.0161006	0.0210037	0.00506108	0.0792108	0.0669359	0.240442	0.00147448	0.0176382
54	0.0177128	0.0215066	0.00103879	0.00759607	0.01494	0.00112215	0.0140107	0.134303	0.149132	0.323178	0.0302447	0.00472507	0.000571345	0.0137133	0.12563	0.00212665	0.0224464	0.114482	0.000470917	0.00105001
55	0.161251	0.00165056	0.0937113	0.266794	0.0023198	0.0158269	0.00546551	0.0127865	0.0858359	0.0117937	0.0103022	0.0393571	0.00352141	0.120874	0.0388855	0.0624086	0.0463613	0.0187598	0.000170102	0.00192464
56	0.124634	0.00637599	0.00543178	0.020373	0.0175932	0.0251228	0.0207346	0.0436501	0.0480081	0.183796	0.105951	0.0229427	0.0103577	0.107281	0.0736484	0.058739	0.0736799	0.0424881	0.00149219	0.00770062
57	0.0143243	0.00655087	0.00128882	0.00221906	0.0502191	0.00140875	0.0255107	0.01228	0.00187199	0.00252991	0.00124709	0.0125847	0.000699031	0.00591431	0.00191468	0.0231245	0.0025965	0.00231624	0.646376	0.185023
58	0.0197896	0.0249222	0.00105874	0.0099456	0.0145459	0.00141513	0.0163135	0.1303	0.155557	0.286461	0.0350921	0.00471727	0.000613481	0.0123484	0.13149	0.00230169	0.0236713	0.127979	0.000445807	0.00103356
59	0.0479407	0.00607455	0.00116912	0.00262235	0.0645231	0.00645495	0.00351133	0.313841	0.00385912	0.23725	0.0399453	0.00217571	0.000447734	0.00289661	0.00240985	0.0135127	0.0204845	0.218849	0.00351173	0.00852052
60	0.0566663	0.00256475	0.00583238	0.0209195	0.00192651	0.0552509	0.00677414	0.00964627	0.0300493	0.0227807	0.0206814	0.0614906	0.0170484	0.0254844	0.0336323	0.177411	0.428581	0.0158716	0.000852877	0.00653579
61	0.00867435	0.00890271	0.000493516	0.00232506	0.0267497	0.000896759	0.00332195	0.13104	0.00346389	0.666186	0.0550293	0.0024368	0.00296262	0.0036703	0.00371711	0.00258674	0.010512	0.0579947	0.00327309	0.00576293
62	0.0373711	0.00281554	0.166707	0.205168	0.00450916	0.0106531	0.0857306	0.00518511	0.0720647	0.017399	0.0154742	0.0773861	0.00184199	0.142712	0.0440543	0.0232705	0.0707188	0.00917881	0.000939732	0.0068209
63	0.150008	0.00229207	0.0122787	0.0238081	0.124247	0.0499147	0.003587	0.145233	0.0344636	0.0313004	0.16069	0.00362337	0.0862045	0.035025	0.00376565	0.0264019	0.0256266	0.0248618	0.011679	0.0449899
64	0.0953584	0.0209567	0.0847305	0.128227	0.00569798	0.0307294	0.098192	0.00694554	0.0675359	0.0119945	0.0232029	0.0120372	0.0995964	0.0526404	0.0101148	0.0409921	0.0963788	0.0467738	0.0023102	0.0655851
65	0.150934	0.1124	0.00679461	0.00396704	0.00278979	0.00329177	0.0133756	0.106368	0.00313333	0.0363974	0.0116968	0.00694626	0.00120763	0.00702928	0.0165333	0.110868	0.0803627	0.308111	0.000997221	0.0167966
66	0.0578653	0.00369219	0.00288463	0.00457672	0.298164	0.0111008	0.0222929	0.0308813	0.00382058	0.0251551	0.00320341	0.0190639	0.00227389	0.0290015	0.00480542	0.0309641	0.0414262	0.087988	0.00168165	0.319158
67	0.0310592	0.0121522	0.0277735	0.0486166	0.0320927	0.00963527	0.0213949	0.104657	0.0433427	0.253354	0.106297	0.0241758	0.000382189	0.0606396	0.0360118	0.0423673	0.0545351	0.0439089	0.00527627	0.0423277
68	0.101077	0.000676525	0.00726924	0.0252351	0.00117282	0.0224177	0.00526444	0.0181777	0.0359379	0.0276066	0.00188163	0.00544389	0.500368	0.0246496	0.034119	0.0945358	0.0698923	0.022512	0.000694714	0.00106865
69	0.0215357	0.00998221	0.00200649	0.00281514	0.126931	0.00272782	0.00294292	0.336526	0.00356392	0.100557	0.035997	0.00264663	0.000869038	0.00315026	0.0028379	0.00654271	0.00935865	0.287924	0.00291131	0.0381745
70	0.00654217	0.00255978	0.00231088	0.00280607	0.0207747	0.00153675	0.00172814	0.106523	0.00295866	0.237092	0.530198	0.002356	0.000854459	0.00921485	0.00830361	0.00391107	0.0215878	0.0206118	0.0128082	0.00532153
71	0.0317843	0.00203194	0.00260239	0.0722561	0.00278508	0.00251427	0.00738165	0.0330759	0.228183	0.0677538	0.0816616	0.00804194	0.00119208	0.173552	0.0392057	0.0916018	0.132145	0.0039784	0.0011146	0.0171391
72	0.00845375	0.00169737	0.0203896	0.0124643	0.0993792	0.00240106	0.225632	0.00496775	0.00340875	0.0114039	0.00198847	0.0284298	0.00142724	0.0228818	0.0144074	0.0150423	0.00800991	0.00407035	0.0122509	0.501294
73	0.328633	0.22967	0.00274295	0.00964953	0.00611912	0.151223	0.00363036	0.0222237	0.00356554	0.0537734	0.0126469	0.00449353	0.00797979	0.00614598	0.00533029	0.104083	0.0191958	0.0231724	0.0011264	0.00459527
74	0.0567322	0.000638849	0.127953	0.162192	0.00408198	0.0723068	0.0137736	0.00118625	0.160551	0.00234044	0.000921518	0.0775399	0.0688786	0.066366	0.0697979	0.0701099	0.0378991	0.00236109	0.000419988	0.0039496
75	0.00870985	0.0161012	0.387593	0.0314463	0.00389478	0.00391358	0.0168917	0.00448441	0.00475847	0.00644404	0.00346855	0.263818	0.00166222	0.00563012	0.0351275	0.176137	0.00756922	0.0174833	0.00122623	0.00364106
76	0.0732185	0.00127	0.00725982	0.048234	0.00339734	0.0128585	0.028433	0.00331722	0.0691266	0.0124179	0.00288804	0.00838483	0.0175708	0.0326272	0.599469	0.0547218	0.00584892	0.0130711	0.00139563	0.00448983
77	0.153268	0.000673867	0.145612	0.324376	0.00104867	0.0126617	0.00948793	0.00523404	0.0418575	0.0134655	0.00924544	0.0341279	0.0380676	0.0578096	0.0121769	0.0847275	0.0410881	0.0137126	0.000318853	0.00103963
78	0.0170652	0.00340155	0.00302225	0.0137979	0.0412622	0.00213872	0.0160742	0.131279	0.0116504	0.563749	0.0383037	0.0030849	0.000434305	0.0199309	0.0152627	0.0141298	0.0363522	0.0541702	0.000864355	0.0140263
79	0.0478852	0.00321153	0.00625938	0.0327989	0.00542238	0.0100102	0.0180701	0.00773784	0.0543628	0.0143121	0.00594977	0.0106943	0.0114595	0.0230096	0.684642	0.0328432	0.00979809	0.012306	0.00215147	0.0070758
80	0.0714187	0.0218471	0.0147325	0.22592	0.0317557	0.00215289	0.030397	0.00259626	0.19166	0.00367489	0.00191267	0.0150881	0.000828985	0.110453	0.201165	0.00504289	0.0152839	0.00345346	0.027535	0.0230826
81	0.0840334	0.00334245	0.0273846	0.0716515	0.0072398	0.0194689	0.0138912	0.0203989	0.250057	0.0223739	0.0117981	0.0633647	0.00110434	0.128144	0.122875	0.0501263	0.0817174	0.0132786	0.000209088	0.00754007
82	0.037563	0.00881006	0.00082408	0.00276696	0.0518704	0.00508664	0.00453886	0.215851	0.00662538	0.285957	0.0725564	0.00149336	0.000332061	0.00361725	0.00314616	0.0189807	0.037629	0.226605	0.00582312	0.00992361
83	0.0124547	0.00515717	0.00699658	0.0036337	0.080511	0.00160615	0.0457822	0.00931952	0.00192552	0.0041667	0.00124717	0.0173863	0.00073698	0.0111149	0.00559012	0.0272356	0.00357671	0.00236743	0.479858	0.279334
84	0.0391471	0.00156029	0.024952	0.0633523	0.005694	0.00979343	0.0404328	0.0110459	0.177239	0.0276697	0.013601	0.0311961	0.00143876	0.0926408	0.355228	0.0422527	0.0325045	0.0101815	0.00483155	0.0152382
85	0.360587	0.0137039	0.0187174	0.0499823	0.0037817	0.083592	0.00378447	0.00391863	0.0210543	0.00617902	0.00229574	0.0202733	0.0148834	0.0250061	0.0086277	0.275756	0.0573148	0.0269229	0.000483944	0.00313592
86	0.0114891	0.00108097	0.0260942	0.00608833	0.149689	0.00193657	0.0891527	0.00277979	0.0024972	0.00518058	0.00164214	0.0388525	0.000838783	0.0159535	0.0200309	0.0395557	0.00485292	0.00282524	0.0325607	0.546899
87	0.0543426	0.0315541	0.00150913	0.00909384	0.0192338	0.0253488	0.0128304	0.0962897	0.00197229	0.0278658	0.0192538	0.0985192	0.000724789	0.00805485	0.0138645	0.0585373	0.099078	0.419707	0.000619656	0.00160068
88	0.0650707	0.00115066	0.00294025	0.0330668	0.0017621	0.0395623	0.00883513	0.0154238	0.0411829	0.0382762	0.0251007	0.0537829	0.0190225	0.0430032	0.0443704	0.175794	0.37076	0.011853	0.000695716	0.00834643
89	0.0329184	0.000735462	0.00085584	0.00691066	0.0107242	0.000885464	0.000990594	0.0244736	0.379261	0.0666861	0.0239892	0.00118452	0.000453734	0.0501791	0.357569	0.0148217	0.00152996	0.014588	0.00718187	0.00406181
90	0.317382	0.154245	0.00397906	0.0156812	0.0109064	0.261468	0.00328002	0.016848	0.0065519	0.0325392	0.00979573	0.00744025	0.0160726	0.00640207	0.00741403	0.0873216	0.0177022	0.0201898	0.000832808	0.00394714
91	0.313796	0.0125385	0.0105911	0.035468	0.00917675	0.0837284	0.00271713	0.00473912	0.0090254	0.00630542	0.00303956	0.0239954	0.0651584	0.0211787	0.00874344	0.298216	0.0571864	0.0282088	0.000699303	0.00548825
92	0.010632	0.00527531	0.000946863	0.00139368	0.0209674	0.00170862	0.00115633	0.543318	0.00134653	0.119854	0.0520907	0.00125862	0.000492903	0.00155485	0.00137614	0.00212456	0.00168464	0.224171	0.00109784	0.00755008
93	0.0922846	0.00313173	0.142677	0.275292	0.00291932	0.0180483	0.0157985	0.00781093	0.0650059	0.0150887	0.00760297	0.0767386	0.00298629	0.0949595	0.0533587	0.0518873	0.0526489	0.0158106	9.69014e-05	0.0058539
94	0.0150482	0.000695034	0.096106	0.407435	0.00099527	0.0119079	0.00112651	0.0144291	0.136042	0.00562853	0.00087055	0.0128044	0.000439269	0.156587	0.0920758	0.0228795	0.0148164	0.00167582	0.000410104	0.00802754
95	0.00515623	0.00151154	0.00239966	0.0224166	0.00211341	0.00218021	0.00261472	0.677573	0.0281465	0.113391	0.0105523	0.00293861	0.00110651	0.0307204	0.0029714	0.00469586	0.0579659	0.0280873	0.0011971	0.00226193
96	0.110835	0.0196965	0.00558322	0.0114786	0.0378478	0.0338995	0.0108176	0.073328	0.0189337	0.198479	0.111256	0.0106125	0.00459022	0.0281741	0.121137	0.0209611	0.0515521	0.115524	0.00227781	0.0130167
97	0.119293	0.00483896	0.0487734	0.104279	0.00664398	0.0297482	0.0139938	0.012702	0.206199	0.0171378	0.00710829	0.0508161	0.00106373	0.116535	0.0874912	0.0796919	0.0729316	0.0139853	0.000311659	0.00645556
98	0.0584258	0.00577402	0.0401256	0.0222114	0.0322309	0.015508	0.0725691	0.110988	0.0441301	0.204164	0.0333272	0.0544248	0.00184025	0.107581	0.0525342	0.0251977	0.0229505	0.0181673	0.00317047	0.0746808
99	0.0452579	0.0046621	0.0173288	0.0450197	0.00343997	0.00829109	0.0305108	0.00997134	0.216129	0.0221793	0.0115044	0.0368598	0.00354442	0.0967819	0.343707	0.0417612	0.0415524	0.00828191	0.00295727	0.0102598
100	0.0594318	0.00520206	0.0638562	0.0865524	0.0154721	0.0182064	0.0909168	0.0138459	0.109384	0.0953981	0.0315995	0.0612981	0.000639146	0.126687	0.0946399	0.034289	0.0477546	0.0182929	0.00468105	0.0218538
101	0.0695846	0.00121668	0.0915856	0.348455	0.0014666	0.0138953	0.00326406	0.0140625	0.120258	0.0106651	0.00476424	0.0259045	0.00138381	0.1438	0.0708651	0.0360105	0.0286942	0.008512	0.000302746	0.00530992
102	0.0611156	0.00160371	0.00203219	0.0889418	0.00243759	0.00259076	0.011603	0.0514984	0.22384	0.102276	0.102288	0.012025	0.001123	0.177886	0.0237622	0.056651	0.0585213	0.00332296	0.000875859	0.0156058
103	0.84068	0.0085259	0.00311805	0.000944463	0.000719799	0.0119775	0.000783874	0.000841925	0.00363827	0.00647463	0.000678596	0.00343503	0.000391595	0.00107679	0.00323815	0.0532379	0.00865046	0.050418	0.00031788	0.000851427
104	0.111478	0.00799855	0.0202324	0.098229	0.0049727	0.045192	0.0175901	0.0129016	0.235529	0.031427	0.005607	0.0649846	0.00261254	0.113468	0.116644	0.0545425	0.0394436	0.0139704	0.000212208	0.00296465
105	0.00810472	0.00290184	0.000629267	0.00686075	0.0371752	0.0010976	0.0107124	0.146063	0.00775601	0.622045	0.0336234	0.00117367	0.000835211	0.010829	0.0118894	0.00866714	0.0297428	0.0503126	0.000704999	0.00887636
106	0.00552521	0.00697409	0.000352086	0.00153138	0.0179352	0.000443902	0.00242754	0.134137	0.00189652	0.696995	0.051556	0.00237975	0.00323147	0.00228137	0.00245245	0.00158789	0.00763081	0.0554717	0.00248193	0.00270875
107	0.0156417	0.00476474	0.0898932	0.0249489	0.00214035	0.685106	0.00513914	0.0015909	0.0233965	0.00233033	0.00136998	0.0730138	0.000959414	0.0184434	0.00277961	0.0353987	0.00216784	0.00771467	0.00046622	0.00273438
108	0.0012043	0.00605981	0.000512176	0.00402936	0.329249	0.000562989	0.0254297	0.00745064	0.00448942	0.0070132	0.00047933	0.000651021	0.00228943	0.000836575	0.00261781	0.00658253	0.000737799	0.00628334	0.0178447	0.575677
109	0.0698087	0.000948759	0.139256	0.150827	0.00521901	0.0613973	0.0164804	0.000930998	0.150828	0.00390898	0.000719549	0.101919	0.0525036	0.0575212	0.0580905	0.0896577	0.0323996	0.00214372	0.000316614	0.00512304
110	0.0060636	0.0193345	0.0719296	0.00379825	0.00216138	0.00240551	0.037998	0.0031293	0.00304248	0.00440448	0.00205309	0.378171	0.00111661	0.00353255	0.0126002	0.317328	0.123992	0.00357666	0.00117731	0.00218535
111	0.0012043	0.00605981	0.000512176	0.00402936	0.329249	0.000562989	0.0254297	0.00745064	0.00448942	0.0070132	0.00047933	0.000651021	0.00228943	0.000836575	0.00261781	0.00658253	0.000737799	0.00628334	0.0178447	0.575677
112	0.84068	0.0085259	0.00311805	0.000944463	0.000719799	0.0119775	0.000783874	0.000841925	0.00363827	0.00647463	0.000678596	0.00343503	0.000391595	0.00107679	0.00323815	0.0532379	0.00865046	0.050418	0.00031788	0.000851427
113	0.036623	0.00100433	0.219752	0.50805	0.00844048	0.00772145	0.0485103	0.00169266	0.0019241	0.00682659	0.00300288	0.0112953	0.00063724	0.105892	0.0139429	0.00896917	0.00726709	0.0021605	0.00492398	0.00136415
114	0.0127929	0.0169774	0.00327891	0.0328724	0.026313	0.00285144	0.0327017	0.0430489	0.0340099	0.391305	0.110312	0.0137073	0.00103288	0.0418304	0.0303885	0.00574143	0.0132951	0.0801707	0.00166097	0.10571
115	0.161473	0.00167776	0.0932179	0.26577	0.00239437	0.0163534	0.00552823	0.0129438	0.0856483	0.0119383	0.0103098	0.0392972	0.00347436	0.120583	0.0385822	0.063201	0.0464982	0.0189537	0.000188581	0.001967
116	0.066435	0.00115743	0.00287446	0.0355803	0.00190886	0.0352615	0.0108973	0.0119892	0.0521088	0.039278	0.0238652	0.0526913	0.0245913	0.0461966	0.0549097	0.168855	0.347271	0.0130787	0.000650399	0.0103997
117	0.0333315	0.00180224	0.00484934	0.026522	0.00933652	0.00243965	0.00861939	0.0213008	0.349276	0.0525076	0.0192922	0.00804701	0.00115056	0.0582173	0.339898	0.0198707	0.014004	0.0178423	0.00613172	0.00556054
118	0.0292296	0.0100501	0.0463858	0.0184589	0.0166883	0.0107647	0.0128771	0.0409574	0.0194969	0.109929	0.38299	0.0196773	0.00354896	0.0565506	0.0181665	0.0581083	0.0674905	0.0573052	0.00502739	0.016297
119	0.838513	0.00851196	0.0032033	0.00102892	0.000753708	0.0120142	0.000864877	0.000840358	0.00364697	0.00662005	0.000707277	0.00371763	0.000477496	0.00124264	0.00329182	0.0533785	0.00891678	0.0509809	0.000348674	0.000941307
120	0.0567322	0.000638849	0.127953	0.162192	0.00408198	0.0723068	0.0137736	0.00118625	0.160551	0.00234044	0.000921518	0.0775399	0.0688786	0.066366	0.0697979	0.0701099	0.0378991	0.00236109	0.000419988	0.0039496
121	0.121142	0.00203667	0.106736	0.273753	0.00270745	0.0152648	0.010801	0.0108044	0.0763097	0.0128474	0.00941557	0.0598478	0.002613	0.114854	0.046407	0.056028	0.0556281	0.0190192	0.00025575	0.00352831
122	0.15835	0.0413912	0.00476329	0.00280663	0.00911105	0.00178802	0.00401019	0.176886	0.00349641	0.0934964	0.00794055	0.00215047	0.000645603	0.00527039	0.00700392	0.0403113	0.0482349	0.383086	0.00122913	0.00802779
123	0.03125	0.0122632	0.027759	0.0486269	0.0319167	0.00954624	0.0213156	0.104694	0.0435695	0.253298	0.10643	0.0242885	0.000365142	0.0605083	0.0360897	0.0423097	0.0544938	0.0437498	0.00532737	0.0421988
124	0.113118	0.00152244	0.1463	0.123565	0.00392351	0.0874555	0.0288415	0.00294499	0.0925841	0.0119316	0.00290336	0.108431	0.0125219	0.0629662	0.0267673	0.127369	0.0379242	0.00436988	0.000764373	0.00379646
125	0.0144845	0.0144889	0.00307856	0.00198909	0.261634	0.00158471	0.0111582	0.0781785	0.00749263	0.289928	0.102659	0.00173526	0.000762544	0.00791241	0.0102884	0.00894693	0.0563035	0.0700238	0.0181293	0.0392221
126	0.011488	0.00387984	0.000847724	0.00693821	0.0676477	0.0015453	0.0132741	0.147061	0.00728833	0.543884	0.0413909	0.00114449	0.00054538	0.0110763	0.0108748	0.0121095	0.0378064	0.0660112	0.00302525	0.0121613
127	0.0482478	0.00333024	0.17821	0.269688	0.00407745	0.0191134	0.0265734	0.00407582	0.0532236	0.0153303	0.00673708	0.105069	0.00147455	0.0798206	0.0621399	0.0427226	0.0594946	0.0123752	0.000120633	0.00817501
128	0.048264	0.00333161	0.178123	0.269511	0.00409441	0.0191136	0.0266218	0.00407267	0.0532829	0.0154041	0.00675827	0.105056	0.00147485	0.0798923	0.0621163	0.0426987	0.0594921	0.0123988	0.000121674	0.00817157
129	0.00812934	0.00346132	0.000900101	0.00678055	0.0380955	0.00116598	0.0103143	0.145099	0.00752272	0.619499	0.0357177	0.00144759	0.000962568	0.0108141	0.0115064	0.00855259	0.0284203	0.0508368	0.00108926	0.00968547
130	0.134797	0.00329905	0.00519713	0.00838003	0.00767244	0.0670943	0.0981575	0.0470457	0.0389287	0.232434	0.0189099	0.0286085	0.0026134	0.0836434	0.0748524	0.049691	0.0480178	0.0400518	0.00169618	0.0089097
131	0.0329965	0.00109219	0.219118	0.520911	0.00767423	0.00750349	0.0426718	0.00179738	0.00258377	0.00725825	0.00306874	0.0106624	0.000849511	0.0993388	0.0157213	0.00904865	0.00696568	0.00277559	0.00661205	0.00135099
132	0.0108638	0.0144632	0.00293164	0.00359287	0.189313	0.000989597	0.0124807	0.0848178	0.0103432	0.363706	0.0784067	0.00185259	0.000783385	0.0122981	0.0166146	0.00543264	0.0396143	0.0774393	0.0185586	0.0554976
133	0.161004	0.00166852	0.0940945	0.266707	0.00232815	0.0158266	0.00549333	0.0127592	0.0857824	0.01181	0.0102887	0.039492	0.00351227	0.120756	0.0389528	0.0623461	0.0463173	0.0187464	0.000171323	0.00194376
134	0.154586	0.00159281	0.0927357	0.271225	0.00226883	0.014882	0.00605671	0.0123828	0.0836586	0.0115596	0.0105348	0.0410435	0.00407382	0.123571	0.0380532	0.0617488	0.0490763	0.0188361	0.000213067	0.00190168
135	0.0170003	0.00699725	0.00062366	0.0011163	0.0189933	0.00115608	0.00220521	0.201163	0.00182474	0.543255	0.0472804	0.00315889	0.00239243	0.00117775	0.00251399	0.00349889	0.00763791	0.127617	0.00466251	0.00572516
136	0.0232153	0.0183191	0.0105942	0.160036	0.00140544	0.0106241	0.00604855	0.00226415	0.22697	0.0151594	0.00112252	0.0178986	0.000714059	0.216407	0.168164	0.0381046	0.0707979	0.0104069	0.000475308	0.00127251
137	0.161251	0.00165056	0.0937113	0.266794	0.0023198	0.0158269	0.00546551	0.0127865	0.0858359	0.0117937	0.0103022	0.0393571	0.00352141	0.120874	0.0388855	0.0624086	0.0463613	0.0187598	0.000170102	0.00192464
138	0.00183175	0.000530363	0.000857312	0.00519331	0.65299	0.000752584	0.00079264	0.0267904	0.00127982	0.118182	0.00107721	0.000962415	0.000353077	0.00146888	0.00376778	0.00696408	0.00117095	0.00914336	0.00632173	0.15957
139	0.84068	0.0085259	0.00311805	0.000944463	0.000719799	0.0119775	0.000783874	0.000841925	0.00363827	0.00647463	0.000678596	0.00343503	0.000391595	0.00107679	0.00323815	0.0532379	0.00865046	0.050418	0.00031788	0.000851427
140	0.113748	0.00824413	0.0205999	0.0977362	0.00502565	0.0459232	0.0173461	0.0128398	0.234043	0.031579	0.00546538	0.0639328	0.00269072	0.113333	0.115802	0.055327	0.0391675	0.014064	0.000224706	0.00290729
141	0.00507699	0.00766195	0.000322414	0.000823908	0.0152619	0.00029997	0.00136094	0.134701	0.000939296	0.702849	0.0549086	0.00253683	0.00362022	0.000908461	0.00106954	0.000697114	0.00470417	0.0574953	0.00279075	0.0019715
142	0.111561	0.00102285	0.0266979	0.243299	0.00726001	0.00193776	0.0141619	0.00227517	0.0971085	0.00314996	0.0330829	0.0719383	0.000719795	0.265225	0.0447522	0.0374937	0.0187865	0.01462	0.00345756	0.0014496
143	0.092167	0.00208404	0.00201049	0.0188962	0.00460062	0.00898464	0.0140424	0.0216671	0.0131918	0.0987713	0.0299017	0.00518116	0.462744	0.0627565	0.0122237	0.0936589	0.00838233	0.0359614	0.00932369	0.00345105
144	0.0143243	0.00655087	0.00128882	0.00221906	0.0502191	0.00140875	0.0255107	0.01228	0.00187199	0.00252991	0.00124709	0.0125847	0.000699031	0.00591431	0.00191468	0.0231245	0.0025965	0.00231624	0.646376	0.185023
145	0.00311164	0.000952835	0.926813	0.0075272	0.00142461	0.00146881	0.00175025	0.00170419	0.00762876	0.00255668	0.00117328	0.0125286	0.000738947	0.0129626	0.00213104	0.00318483	0.0079159	0.00224732	0.000684856	0.00149413
146	0.0505682	0.00907004	0.00122047	0.00288431	0.0399868	0.00482753	0.00596065	0.237845	0.00903633	0.235652	0.0542135	0.0017571	0.00028377	0.00236087	0.00369334	0.0262571	0.0478684	0.248017	0.00701679	0.0114802
147	0.26328	0.00175604	0.0125346	0.0269381	0.00370806	0.14222	0.00230535	0.00230329	0.0119953	0.00380709	0.009258	0.0376518	0.168744	0.0187624	0.003937	0.174099	0.100299	0.00652078	0.000700176	0.00917978
148	0.00119944	0.00605342	0.000548905	0.00402618	0.329078	0.000565024	0.0254317	0.00744338	0.00448957	0.00700609	0.000479343	0.000662692	0.00228863	0.000843672	0.00263556	0.00660278	0.000741666	0.00627521	0.0178737	0.575755
149	0.134564	0.00311521	0.00449896	0.00703708	0.114883	0.00442172	0.00533442	0.0706486	0.00629743	0.10312	0.00426212	0.00604429	0.00221572	0.00890815	0.00663413	0.0106222	0.00841878	0.214367	0.168702	0.115906
150	0.347464	0.0204888	0.00416245	0.00575485	0.00310532	0.181856	0.00253216	0.00360011	0.0233884	0.00502262	0.0219589	0.00601035	0.00196477	0.0242104	0.0502812	0.240087	0.0305164	0.0153581	0.00091642	0.011323
151	0.0681071	0.00776658	0.0283819	0.153264	0.0111824	0.0124051	0.0197645	0.012866	0.0467279	0.0572578	0.0118408	0.129385	0.00546823	0.0371205	0.307622	0.0310983	0.024987	0.0175323	0.00419127	0.0130312
152	0.0329786	0.00073532	0.000853383	0.00682009	0.0107544	0.000881385	0.00095734	0.0245002	0.379263	0.0667963	0.0240468	0.00116811	0.000453141	0.0502056	0.357588	0.0148593	0.00146617	0.0144082	0.00719606	0.00406792
153	0.0247519	0.0104046	0.0165988	0.0461348	0.0512143	0.00729377	0.026871	0.0720751	0.0315176	0.25928	0.0966586	0.0169703	0.00114933	0.0999273	0.0490807	0.0279682	0.0408962	0.0586485	0.00417442	0.0583844
154	0.0332385	0.000734469	0.000871715	0.00679871	0.0106986	0.000935707	0.000959233	0.0243508	0.380362	0.066568	0.0240656	0.00121638	0.000456729	0.0501199	0.356241	0.0150501	0.00151523	0.0144932	0.00726328	0.0040615
155	0.0982311	0.00139318	0.0321961	0.311291	0.00513968	0.00229814	0.0177814	0.00366529	0.102326	0.00357556	0.027976	0.045487	0.000878635	0.216483	0.0492595	0.0334804	0.0129449	0.0273909	0.00619599	0.002006
156	0.0879208	0.00248834	0.146011	0.245466	0.00313032	0.0249322	0.0157862	0.00596445	0.0819585	0.0119942	0.00601928	0.0802756	0.0153913	0.0881323	0.0576506	0.0584625	0.0483586	0.0133026	0.000195903	0.00655867
157	0.00155129	0.00584228	0.00138228	0.00408025	0.323555	0.000608064	0.0269325	0.00721658	0.00441221	0.00705445	0.000538669	0.0017889	0.0022522	0.00147237	0.00326688	0.00780142	0.00091583	0.00615074	0.0199489	0.573229
158	0.00223316	0.000600955	0.00100765	0.00504194	0.646328	0.000799511	0.00084514	0.0278168	0.00163609	0.125349	0.00262861	0.00113191	0.000399822	0.00186853	0.00408474	0.0069943	0.00179298	0.0108401	0.00652017	0.15208
159	0.0980474	0.000759971	0.00710025	0.0283393	0.00138359	0.0198396	0.0051423	0.0172721	0.0327265	0.0313628	0.00270425	0.0052343	0.508314	0.0301962	0.0291081	0.0953796	0.0640751	0.0208521	0.000984834	0.00117832
160	0.114569	0.00710965	0.00317998	0.0391235	0.074586	0.00511875	0.0186221	0.0459583	0.035569	0.368329	0.0831636	0.00511612	0.00127624	0.0421352	0.00893176	0.00758313	0.0146612	0.0976308	0.00161895	0.0257172
161	0.046021	0.00147308	0.163207	0.18029	0.00274092	0.0313427	0.037209	0.00189305	0.0363842	0.00637644	0.00778455	0.092936	0.160596	0.0579775	0.00663844	0.121436	0.0235382	0.00390028	0.0162188	0.00203746
162	0.0486932	0.00719631	0.0110927	0.0145823	0.00207688	0.00429446	0.01867	0.00682745	0.273384	0.00755564	0.0038692	0.0481443	0.0154201	0.105093	0.282269	0.0569143	0.0846356	0.00536843	0.000665727	0.00324648
163	0.112415	0.00759339	0.00316142	0.00480418	0.0129391	0.00328465	0.00344898	0.0605948	0.003085	0.0313911	0.00499409	0.00725138	0.00118788	0.00894316	0.00360477	0.0156701	0.0484115	0.662752	0.00123467	0.00323316
164	0.00814701	0.00310541	0.000541433	0.00736458	0.0401198	0.000989714	0.0094222	0.142628	0.00751009	0.617602	0.0381306	0.00144575	0.000875936	0.0110881	0.0101019	0.00757702	0.0252709	0.0596317	0.0008009	0.00764599
165	0.0955182	0.0015773	0.175825	0.149294	0.00505303	0.0553445	0.0303781	0.000814768	0.076634	0.00868644	0.00156335	0.125018	0.0254535	0.0509152	0.0205037	0.138017	0.0305528	0.00312861	0.00244223	0.00327961
166	0.0851507	0.00787593	0.0319384	0.0348663	0.0136113	0.350929	0.00762138	0.0136804	0.0340083	0.00936689	0.00805207	0.1552	0.00302822	0.0397871	0.0165045	0.101739	0.014953	0.0384853	0.00177175	0.0314312
167	0.0114771	0.00580658	0.00178572	0.00309559	0.0534627	0.0019499	0.00266547	0.0866848	0.00329987	0.320529	0.397438	0.00245057	0.00097456	0.00590619	0.00486101	0.00440264	0.0261464	0.0456608	0.014215	0.00718791
168	0.0157844	0.0106659	0.00694023	0.00802886	0.242362	0.00223608	0.0103773	0.0778652	0.0153153	0.306557	0.071765	0.00405879	0.00155983	0.0199921	0.0151667	0.0104674	0.0386046	0.0535152	0.0247128	0.0640255
169	0.124624	0.00183867	0.0725599	0.108119	0.0023217	0.120484	0.0220332	0.011363	0.131358	0.027948	0.0100671	0.0509357	0.001258	0.100388	0.0507281	0.10545	0.042232	0.0104151	0.000367847	0.00550816
170	0.0118436	0.00234809	0.000920646	0.00793372	0.0448852	0.00179623	0.0140439	0.153529	0.00788256	0.569723	0.032475	0.00128199	0.000426287	0.0130529	0.0115527	0.0122354	0.0371525	0.0667107	0.00093442	0.00927193
171	0.180426	0.0712477	0.00725626	0.00215693	0.00449002	0.00134111	0.00483285	0.166369	0.00244248	0.0730463	0.00634691	0.00177659	0.000492805	0.0060827	0.00969598	0.061015	0.0612231	0.327113	0.000972738	0.0116735
172	0.056173	0.00213208	0.0281406	0.0643833	0.00724901	0.011068	0.025966	0.017395	0.224534	0.0219661	0.0161552	0.0533801	0.000842535	0.110327	0.213437	0.0512976	0.067623	0.0130217	0.00198912	0.0129207
173	0.0051792	0.00679374	0.00033948	0.00149894	0.0184689	0.00034206	0.00230575	0.136806	0.00167296	0.693993	0.0514811	0.00232583	0.00324167	0.00203905	0.00235696	0.00149547	0.00790167	0.0566704	0.00243887	0.00264858
174	0.00183175	0.000530363	0.000857312	0.00519331	0.65299	0.000752584	0.00079264	0.0267904	0.00127982	0.118182	0.00107721	0.000962415	0.000353077	0.00146888	0.00376778	0.00696408	0.00117095	0.00914336	0.00632173	0.15957
175	0.0208883	0.00680889	0.112608	0.0361132	0.00251955	0.591125	0.00764952	0.00177637	0.0308776	0.00252776	0.00153318	0.10464	0.00108855	0.0227988	0.00235591	0.042099	0.0022107	0.00711409	0.000478934	0.00278656
176	0.0105978	0.0052689	0.000947756	0.0013936	0.0208865	0.00170879	0.00115553	0.543462	0.0013455	0.119715	0.0520588	0.00125765	0.000491276	0.00155226	0.00137616	0.00212372	0.00166654	0.224345	0.00109723	0.00754949
177	0.0149385	0.00715492	0.0013742	0.00240419	0.049361	0.00166259	0.0249234	0.0122651	0.00199864	0.0025626	0.00129966	0.0124468	0.000723817	0.00609445	0.00222762	0.0230818	0.00284841	0.00258158	0.642815	0.187235
178	0.0215567	0.00265826	0.102198	0.0179811	0.00333651	0.00375591	0.664647	0.00469503	0.00511147	0.0201653	0.00324008	0.0455928	0.00156465	0.0223346	0.0049275	0.0201389	0.0188505	0.0190396	0.00154987	0.0166565
179	0.0832827	0.00139701	0.0762389	0.150911	0.00200273	0.0102053	0.00251803	0.00259113	0.181703	0.00380377	0.00971112	0.0224843	0.306432	0.0196441	0.0187359	0.0735138	0.01209	0.0195598	0.000816364	0.00235831
180	0.0923845	0.00156529	0.194024	0.161427	0.00447707	0.0522121	0.03146	0.00109017	0.0665076	0.00883378	0.00216197	0.115454	0.0238735	0.0505187	0.018267	0.133327	0.0325805	0.00418178	0.00256648	0.00308731
181	0.119509	0.00741231	0.00277005	0.00320844	0.0094192	0.0019035	0.00312769	0.0767476	0.00310051	0.0397505	0.00418474	0.00264537	0.000858212	0.00976026	0.00338013	0.0135621	0.0397412	0.653834	0.0015741	0.00351049
182	0.0398659	0.00205513	0.0219597	0.0593977	0.00480894	0.00927747	0.0378133	0.0107541	0.182752	0.0256616	0.0131139	0.0301331	0.00148277	0.0931749	0.365832	0.0418796	0.0315951	0.00953609	0.00461205	0.0142948
183	0.115877	0.0553969	0.0040552	0.00563467	0.184418	0.0230424	0.00531182	0.0283181	0.00507561	0.167025	0.00871709	0.00579676	0.0237947	0.00769915	0.0196428	0.0457386	0.0450331	0.0482054	0.00267637	0.198541
184	0.00122357	0.00605159	0.000512278	0.00401156	0.328876	0.000562546	0.0253935	0.00745692	0.00447487	0.00707267	0.000476022	0.000653076	0.0022867	0.00084417	0.002621	0.00658797	0.000777175	0.00639084	0.0178226	0.575905
185	0.0464845	0.00470671	0.176352	0.267344	0.00361894	0.0181782	0.0260383	0.00407153	0.0566462	0.0140496	0.0063373	0.101991	0.00169993	0.077116	0.0720937	0.0442194	0.058076	0.0121747	0.000204587	0.00859809
186	0.0602326	0.0111063	0.00149064	0.00352899	0.0283842	0.00411861	0.00543239	0.243292	0.0141602	0.229476	0.0417564	0.00300352	0.000308067	0.00215595	0.00956005	0.0245795	0.042474	0.258905	0.00525206	0.0107832
187	0.152603	0.0202448	0.00284787	0.00772298	0.0101361	0.680498	0.0018166	0.011854	0.0112441	0.00682146	0.00227359	0.00526206	0.00429437	0.00263377	0.0123968	0.0526247	0.00488305	0.00745562	0.000713836	0.00167337
188	0.0876679	0.00238437	0.00397521	0.00606822	0.0432252	0.197315	0.0923583	0.0177673	0.0186259	0.0343874	0.00355972	0.019734	0.00155381	0.0251606	0.119425	0.191694	0.0202331	0.0199987	0.0157211	0.0791457
189	0.013231	0.00619922	0.000848116	0.00313581	0.0874878	0.00174254	0.00477481	0.145693	0.00396711	0.528306	0.0516328	0.00221985	0.00175269	0.0050246	0.00527265	0.00550108	0.0168677	0.10269	0.00409442	0.00955885
190	0.00122618	0.0059213	0.000624264	0.00406215	0.334564	0.000563415	0.0248789	0.00790515	0.00438265	0.00884723	0.000483729	0.000789632	0.00223506	0.000961679	0.0026976	0.00670729	0.000757466	0.006285	0.0177048	0.568402
191	0.0123069	0.0144864	0.00321985	0.00158268	0.236922	0.00113939	0.00963278	0.0808662	0.00817315	0.333959	0.0811372	0.00135716	0.000766893	0.00861355	0.0117501	0.00711479	0.0473131	0.070077	0.021728	0.0478535
