229	20
1	0.0589571	0.000795932	0.00189071	0.00994248	0.0103634	0.00117444	0.00996091	0.195556	0.00103615	0.173055	0.0390891	0.00107842	0.000463162	0.00223153	0.00297513	0.00826709	0.0902352	0.385005	0.000468718	0.00745445
2	0.240992	0.0201236	0.00226965	0.00300396	0.00254115	0.00245043	0.00243551	0.275912	0.0145407	0.00481386	0.00258349	0.00249373	0.00150803	0.0155625	0.0281415	0.0655103	0.0463253	0.265961	0.000992264	0.0018386
3	0.0292636	0.000897702	0.0676138	0.00428177	0.00388051	0.0168378	0.00440422	0.0017044	0.00723928	0.00224223	0.00146335	0.770281	0.000813264	0.00725	0.0256805	0.0374116	0.0122454	0.00497422	0.000519697	0.00099601
4	0.00801912	0.00190289	0.00280389	0.00381442	0.00313063	0.00341715	0.00352774	0.0188647	0.206125	0.0501042	0.0332191	0.00316103	0.0019403	0.515499	0.12427	0.00653002	0.00473822	0.00508977	0.00131147	0.00253121
5	0.00834657	0.00400031	0.000722845	0.00142206	0.00764098	0.000575017	0.00167446	0.640945	0.00144459	0.0907782	0.028771	0.000624733	0.000338022	0.00120649	0.00121883	0.00162715	0.00505866	0.201226	0.000987468	0.00139215
6	0.707794	0.012097	0.00048853	0.0017516	0.0028887	0.014051	0.00202948	0.00201594	0.000762615	0.00268553	0.00177298	0.00234236	0.00116374	0.000781693	0.00131374	0.229059	0.00432638	0.0117507	0.000260163	0.000665539
7	0.787942	0.0172915	0.00121824	0.00177909	0.00397675	0.0159899	0.00270616	0.00305761	0.00165989	0.00528029	0.00307003	0.00441391	0.00235115	0.00151903	0.00262004	0.121035	0.00473681	0.0179568	0.000422213	0.000973939
8	0.0117856	0.00215833	0.00321827	0.00780941	0.0014608	0.922213	0.00455829	0.00198781	0.00390065	0.00623271	0.00197653	0.0060288	0.000779132	0.00994436	0.00234294	0.00685219	0.00230102	0.00259765	0.00067146	0.0011808
9	0.0107598	0.00187105	0.0432175	0.832727	0.00262822	0.00347458	0.00373324	0.0100435	0.00413491	0.0142108	0.00271858	0.00380487	0.00155989	0.016581	0.00705679	0.00869657	0.0109791	0.0109554	0.00272373	0.00812316
10	0.0245236	0.00202752	0.00033898	0.000444852	0.0035498	0.000377102	0.000554125	0.18935	0.00112175	0.0436589	0.0109199	0.00034583	0.00206854	0.000532392	0.000902639	0.00310119	0.00756788	0.707167	0.000174228	0.00127387
11	0.00486839	0.00358537	0.000432992	0.000584046	0.00550671	0.000468912	0.000689295	0.404087	0.00332474	0.0328137	0.0102679	0.000539743	0.000659754	0.000518979	0.00211176	0.0017721	0.00846459	0.516928	0.000336211	0.00204006
12	0.0540859	0.00061753	0.238843	0.304885	0.00317337	0.031305	0.0321438	0.00706198	0.0208673	0.0111351	0.00519684	0.038266	0.0030467	0.117597	0.0373789	0.0414523	0.0400129	0.0108862	0.00043288	0.00161184
13	0.0399368	0.0273359	0.0137911	0.0320042	0.00613191	0.0133503	0.0252988	0.0206825	0.130757	0.032682	0.0112317	0.03433	0.0178597	0.0389919	0.39213	0.0843151	0.0393702	0.0247499	0.00755572	0.00749435
14	0.06166	0.00251418	0.00278171	0.00399538	0.00757728	0.0135656	0.0113553	0.00462391	0.00276059	0.0182498	0.00147324	0.00517208	0.810836	0.00324281	0.00694498	0.016342	0.00999097	0.00694792	0.000338784	0.00962732
15	0.786203	0.0124224	0.000591524	0.000914061	0.00585013	0.0145152	0.0035613	0.00123329	0.000747815	0.00505384	0.0034589	0.00249034	0.00031558	0.000852292	0.00126475	0.131533	0.00373879	0.0240751	0.000265098	0.000913366
16	0.0726789	0.00125691	0.00216805	0.00213496	0.00217433	0.0209834	0.00215475	0.011635	0.00205025	0.0035687	0.00233619	0.0471068	0.00114951	0.00236948	0.00305309	0.81471	0.00298511	0.00317412	0.000798932	0.00151192
17	0.12171	0.0120634	0.000798908	0.00107468	0.0167177	0.000990259	0.00111069	0.117386	0.000957897	0.049227	0.0155944	0.00103461	0.00206277	0.00109839	0.00149754	0.00417743	0.00372097	0.642113	0.00575251	0.000911592
18	0.0292364	0.00145579	0.000296836	0.000386099	0.00137949	0.000341624	0.000308263	0.138948	0.000303775	0.0486484	0.0107423	0.000313663	0.00231297	0.000451279	0.00044634	0.0029464	0.0057522	0.754771	0.000138432	0.00082078
19	0.0356077	0.00154226	0.00675625	0.0128875	0.0023234	0.00332272	0.0139013	0.00331689	0.636019	0.0043768	0.00438771	0.0186305	0.00329368	0.0202011	0.178419	0.0183546	0.0286024	0.00469368	0.0010639	0.00230003
20	0.0113959	0.00153108	0.0392973	0.838275	0.0025808	0.0036905	0.00320516	0.0105881	0.0032085	0.0134595	0.00319405	0.00327536	0.00131766	0.0163153	0.00686941	0.00882574	0.0109392	0.0110603	0.00276898	0.00820267
21	0.00858428	0.00466987	0.000431393	0.000738538	0.00432196	0.0016876	0.00065392	0.0676814	0.00273528	0.781281	0.0663631	0.000400363	0.00253562	0.00198472	0.00287875	0.00215642	0.00338334	0.0448875	0.000345037	0.00228012
22	0.0292364	0.00145579	0.000296836	0.000386099	0.00137949	0.000341624	0.000308263	0.138948	0.000303775	0.0486484	0.0107423	0.000313663	0.00231297	0.000451279	0.00044634	0.0029464	0.0057522	0.754771	0.000138432	0.00082078
23	0.0224232	0.00116117	0.29657	0.504165	0.0024458	0.0100598	0.00788347	0.00577114	0.00610385	0.0102023	0.0022466	0.0130491	0.00285183	0.067014	0.00823567	0.015878	0.0133272	0.00598389	0.000925884	0.00370277
24	0.0294426	0.00128347	0.068609	0.00653534	0.00481496	0.017641	0.00525686	0.0024623	0.00767047	0.00360708	0.00172757	0.756123	0.00136046	0.00800976	0.0260273	0.0379737	0.0130714	0.0061225	0.000641585	0.00161928
25	0.413185	0.000397688	0.000600196	0.00367536	0.000532996	0.011627	0.000589561	0.00342148	0.000616089	0.0010075	0.000539181	0.000604166	0.000251469	0.000681359	0.000891034	0.553606	0.00624215	0.000836861	0.000219561	0.000475128
26	0.00543391	0.00128436	0.000376464	0.000515324	0.018931	0.000381786	0.000562939	0.291445	0.000517371	0.500338	0.0187869	0.000360527	0.000190168	0.000493432	0.000571405	0.000898952	0.0018351	0.156484	0.000290485	0.000302594
27	0.0121823	0.00233991	0.778588	0.0681634	0.00331794	0.00406688	0.00531264	0.00427682	0.00371129	0.00540749	0.00339955	0.0302412	0.0121035	0.0358925	0.00497397	0.0115521	0.00509765	0.00555314	0.00139247	0.00242704
28	0.720018	0.0118907	0.000524743	0.00143378	0.00295761	0.0181558	0.00185904	0.00180977	0.000669493	0.003556	0.00221008	0.00231704	0.000241097	0.000720891	0.00120153	0.210584	0.00608049	0.0127905	0.000200639	0.000779112
29	0.0338927	0.00392341	0.045802	0.0385331	0.000817255	0.584112	0.0369298	0.00118806	0.0292783	0.00781857	0.000906928	0.0801192	0.00158391	0.0594979	0.0244991	0.0400427	0.0079282	0.00204976	0.000422978	0.000653806
30	0.813947	0.0152304	0.000432361	0.000614051	0.00338392	0.0149031	0.0021369	0.000836638	0.000530768	0.00259212	0.00202086	0.00269174	0.000236591	0.00051091	0.000749018	0.120432	0.00383057	0.0141031	0.000217831	0.000599327
31	0.0105311	0.000907999	0.0349815	0.00864781	0.00137655	0.0682824	0.0216282	0.00196238	0.0693015	0.00948382	0.00149495	0.0154737	0.000631378	0.014403	0.114049	0.20199	0.420574	0.00244631	0.000648231	0.00118587
32	0.0828458	0.00400972	0.0195405	0.0777389	0.00397939	0.0133528	0.0371722	0.0105489	0.0822865	0.0281373	0.00634262	0.0210801	0.00360727	0.0964555	0.362603	0.085232	0.0466989	0.0160264	0.000259041	0.00208338
33	0.00236976	0.00284396	0.000542486	0.000633756	0.00436347	0.000518172	0.000999143	0.782005	0.000503356	0.0561357	0.0314747	0.000626371	0.000288382	0.000689385	0.000848161	0.00105393	0.00076864	0.112141	0.000754588	0.000440224
34	0.0689166	0.000632193	0.199042	0.227337	0.00650497	0.0179403	0.00675784	0.0257274	0.0249546	0.0270437	0.00409136	0.038611	0.000589477	0.0585025	0.101393	0.056294	0.0942209	0.0372778	0.00141423	0.00274853
35	0.0285252	0.0245053	0.00173377	0.0406173	0.0340955	0.00962618	0.00948579	0.0022429	0.02574	0.538616	0.0284126	0.00181984	0.00908945	0.0420792	0.121695	0.0344625	0.010588	0.00264509	0.00786834	0.0261524
36	0.00236976	0.00284396	0.000542486	0.000633756	0.00436347	0.000518172	0.000999143	0.782005	0.000503356	0.0561357	0.0314747	0.000626371	0.000288382	0.000689385	0.000848161	0.00105393	0.00076864	0.112141	0.000754588	0.000440224
37	0.0667429	0.00268469	0.0243045	0.0636125	0.00360265	0.019427	0.0356059	0.0235401	0.0881816	0.0424144	0.00849304	0.0210853	0.0243412	0.0808023	0.335124	0.0723083	0.053243	0.0282788	0.00119658	0.00501134
38	0.00506585	0.00388078	0.00043644	0.000576287	0.00597514	0.000462323	0.000561846	0.375164	0.00370851	0.0317943	0.00954523	0.00052652	0.000656549	0.000502995	0.00235422	0.00185597	0.00937541	0.54511	0.00016856	0.00227878
39	0.0807449	0.00141339	0.00133222	0.0614503	0.00156208	0.00168534	0.00170509	0.098626	0.0269153	0.0176558	0.00845995	0.00901715	0.000808581	0.0464666	0.14915	0.175914	0.172436	0.142656	0.000690592	0.00131088
40	0.0126242	0.00264724	0.772749	0.0711307	0.00350116	0.00356104	0.00618766	0.00345373	0.00469183	0.00590572	0.00311124	0.0277162	0.0136233	0.036612	0.00597721	0.0118949	0.00572606	0.00538126	0.00127838	0.00222723
41	0.00957588	0.00083948	0.321259	0.00198796	0.00148184	0.00564881	0.00198786	0.00218088	0.00157721	0.00293885	0.00171501	0.612435	0.00108581	0.00353576	0.0076409	0.0101032	0.00947818	0.00278963	0.000587551	0.00115195
42	0.012077	0.00220765	0.00358648	0.00801068	0.00129288	0.917831	0.0054097	0.0018356	0.00443827	0.00624292	0.00184893	0.00714496	0.000880846	0.00988736	0.00303951	0.00741985	0.00221818	0.00236724	0.000782815	0.0014779
43	0.051153	0.229234	0.0157168	0.0211041	0.00777997	0.0662866	0.086441	0.0655011	0.0407198	0.0160917	0.00802692	0.021049	0.000655161	0.00838146	0.0431082	0.193342	0.0415651	0.0548524	0.0073376	0.0216536
44	0.0114735	0.00204889	0.00353104	0.00771317	0.0013128	0.922196	0.00473328	0.00183526	0.00416365	0.00601125	0.00163848	0.00674843	0.000805951	0.00984818	0.002917	0.00663788	0.00222715	0.00235367	0.000661255	0.00114328
45	0.0047565	0.00254983	0.00162357	0.00207113	0.0103455	0.00124551	0.002126	0.634969	0.00178236	0.0460492	0.203248	0.00186683	0.00091871	0.00204746	0.00229523	0.00337542	0.00241313	0.0740725	0.00112445	0.00111967
46	0.0648427	0.000364875	0.289748	0.296331	0.00527974	0.0638691	0.0421276	0.00598773	0.0289819	0.00183065	0.0013056	0.0412452	0.00481067	0.060336	0.0140362	0.0412294	0.0289487	0.00810714	0.000217972	0.000399608
47	0.0155217	0.000927733	0.55622	0.270921	0.00134444	0.00123929	0.00136014	0.00193979	0.00149895	0.00738788	0.00140509	0.013831	0.000752213	0.107797	0.00200633	0.00743123	0.00485262	0.00202899	0.000490616	0.00104357
48	0.139598	0.012349	0.00105572	0.0042426	0.0103817	0.00118474	0.00342334	0.200687	0.00293853	0.34549	0.0489452	0.0012414	0.000646145	0.00489026	0.0188302	0.0102402	0.00912607	0.181417	0.00157204	0.00174137
49	0.0811316	0.00100447	0.0247971	0.140588	0.0228391	0.0354689	0.0109556	0.0275472	0.0336069	0.112508	0.0422787	0.00765575	0.216116	0.0262818	0.0664006	0.0567626	0.046048	0.0461193	0.000566932	0.00132262
50	0.011307	0.00287724	0.000421059	0.000557026	0.00277036	0.00264778	0.000571177	0.0471992	0.00482918	0.803282	0.0684272	0.000446976	0.00428171	0.00244297	0.00538521	0.00284466	0.00193385	0.0339748	0.00214258	0.00165854
51	0.627315	0.193463	0.00224519	0.0035135	0.003264	0.00675186	0.00356515	0.00378486	0.00275176	0.0047643	0.00283561	0.00345392	0.00147163	0.00350721	0.00430598	0.116157	0.00631729	0.00683114	0.00144519	0.00225612
52	0.0192219	0.0262155	0.000763101	0.000985686	0.169459	0.000900087	0.000923306	0.156858	0.00101745	0.330107	0.0105164	0.000986529	0.000446837	0.00140679	0.00144411	0.00194997	0.0380361	0.216454	0.00666407	0.0156443
53	0.0860908	0.000789875	0.0372622	0.358019	0.00379893	0.00146221	0.0219842	0.0251883	0.0253434	0.060246	0.0320637	0.00533295	0.00407484	0.0875898	0.0504731	0.0780775	0.0945911	0.0248819	0.00159395	0.00113629
54	0.0495336	0.00250279	0.0125487	0.0129104	0.0191144	0.00402861	0.0138846	0.00635165	0.182216	0.00880714	0.00286807	0.0137975	0.118831	0.00549156	0.448735	0.0401899	0.0175176	0.00695476	0.0110017	0.0227153
55	0.0215384	0.00524774	0.00583989	0.00564301	0.248639	0.00432984	0.269671	0.00466638	0.00432147	0.0141971	0.00992745	0.0290264	0.00118393	0.0458935	0.0152128	0.0352426	0.0177036	0.00938277	0.00447956	0.247853
56	0.587885	0.0511179	0.00085995	0.00330179	0.0052924	0.0487012	0.00173315	0.00965753	0.00112109	0.0197572	0.00597029	0.00351434	0.000609974	0.00259313	0.00318497	0.183256	0.0317893	0.0353412	0.000566957	0.00374714
57	0.0412955	0.00439235	0.00962919	0.0112497	0.0159551	0.00919148	0.0178441	0.0102554	0.0107373	0.0130783	0.00756313	0.00964888	0.00248901	0.0159607	0.0171554	0.190122	0.583981	0.0135865	0.00663312	0.00923207
58	0.123757	0.00182121	0.00442383	0.00529324	0.00267185	0.0171503	0.00391207	0.00983744	0.0034215	0.00468508	0.00244151	0.0352519	0.00190869	0.00363832	0.00481213	0.756314	0.00973015	0.0052186	0.00126359	0.00244699
59	0.0370353	0.00197189	0.00691167	0.0117951	0.00280471	0.00473822	0.0119603	0.0056446	0.66994	0.00723126	0.0050409	0.0190191	0.00205347	0.0168995	0.139748	0.017844	0.0284606	0.00643656	0.00168882	0.00277528
60	0.00765167	0.00146931	0.000576962	0.000632558	0.0154976	0.000490634	0.00230219	0.35498	0.000612182	0.436146	0.0160007	0.000449431	0.000249471	0.000690994	0.00074717	0.00124014	0.00183488	0.156423	0.00153109	0.00047409
61	0.175823	0.00631649	0.0386479	0.0472939	0.00577983	0.0964425	0.0405555	0.012137	0.0559683	0.035732	0.0153963	0.0577499	0.0114266	0.0602526	0.0861334	0.144703	0.0741226	0.0223362	0.00107979	0.0121033
62	0.0277808	0.000997571	0.00167578	0.00209249	0.0175839	0.00169963	0.0175018	0.00230677	0.00169043	0.003158	0.0016819	0.00186981	0.00099748	0.00219346	0.00261622	0.281452	0.612783	0.00278526	0.00839645	0.00873795
63	0.0139071	0.001949	0.00259751	0.00402349	0.219698	0.00317526	0.00361556	0.0137806	0.0182352	0.279285	0.314629	0.0174509	0.00144237	0.00399498	0.00823741	0.00636652	0.00443702	0.00926452	0.00383539	0.0700753
64	0.0122978	0.00217119	0.00342433	0.00765618	0.00138358	0.920094	0.00463371	0.00183949	0.00416266	0.00654295	0.00178697	0.00592122	0.000771733	0.0100048	0.00309726	0.0073389	0.0024132	0.00262536	0.000681832	0.00115264
65	0.0105784	0.00162428	0.0017642	0.00219088	0.706015	0.00166865	0.00515329	0.0401619	0.00221275	0.0939893	0.0230064	0.00380996	0.00120595	0.00225355	0.0020541	0.0105307	0.00276371	0.0230868	0.00813168	0.0577984
66	0.021662	0.00431491	0.00785043	0.0169638	0.0056778	0.00684881	0.00931611	0.0110013	0.0740088	0.0418415	0.00649896	0.0150454	0.0118774	0.0268295	0.678546	0.0238101	0.0131461	0.0164701	0.00358552	0.00470577
67	0.0137419	0.0026143	0.00374448	0.00752593	0.00148715	0.914246	0.00453757	0.0022645	0.0039123	0.00658439	0.00311933	0.00583596	0.0011535	0.00958146	0.00322579	0.00881096	0.0029172	0.00269682	0.000722362	0.00127775
68	0.0117758	0.00162476	0.0387191	0.835053	0.00283087	0.00296265	0.00399279	0.0107229	0.0040078	0.0144075	0.00344693	0.00320867	0.0013393	0.0173116	0.00769602	0.00820763	0.0107232	0.0114955	0.00232657	0.00814764
69	0.487985	0.0172665	0.00645049	0.0251332	0.00509179	0.201488	0.0179277	0.00709538	0.0073953	0.0166717	0.0067059	0.00857619	0.00176813	0.0163373	0.0216148	0.111505	0.0204201	0.01514	0.00180249	0.00362534
70	0.0101346	0.00392946	0.000388436	0.000533496	0.0101446	0.000864216	0.000727957	0.18694	0.00146035	0.612482	0.0422709	0.000393649	0.00113364	0.000927488	0.00151974	0.00129255	0.0034904	0.119395	0.000590987	0.00138065
71	0.510961	0.00239967	0.00351745	0.00524963	0.00428111	0.00449272	0.0243303	0.00556297	0.00451838	0.0105739	0.00478938	0.00435377	0.277683	0.00469579	0.00664729	0.0413493	0.0248108	0.0102994	0.00213272	0.0473514
72	0.413185	0.000397688	0.000600196	0.00367536	0.000532996	0.011627	0.000589561	0.00342148	0.000616089	0.0010075	0.000539181	0.000604166	0.000251469	0.000681359	0.000891034	0.553606	0.00624215	0.000836861	0.000219561	0.000475128
73	0.00238908	0.0027973	0.000540169	0.000641986	0.00434266	0.000524581	0.000998944	0.782686	0.000506144	0.0559592	0.0314907	0.000623636	0.000288742	0.000692625	0.000843323	0.00105206	0.000770424	0.111659	0.000752279	0.000441372
74	0.813561	0.0150837	0.000439499	0.000614789	0.00343884	0.0149818	0.00216024	0.000839698	0.000530267	0.00263496	0.00206531	0.00273247	0.000232559	0.000504544	0.000748445	0.120524	0.00375947	0.0143039	0.000218588	0.000625991
75	0.413185	0.000397688	0.000600196	0.00367536	0.000532996	0.011627	0.000589561	0.00342148	0.000616089	0.0010075	0.000539181	0.000604166	0.000251469	0.000681359	0.000891034	0.553606	0.00624215	0.000836861	0.000219561	0.000475128
76	0.0287729	0.00171532	0.000349191	0.00041808	0.0010335	0.00039176	0.000393943	0.140225	0.000414873	0.0349144	0.00916385	0.000329846	0.00364462	0.000506878	0.000577289	0.00399656	0.00573273	0.766639	0.000152487	0.000627952
77	0.413185	0.000397688	0.000600196	0.00367536	0.000532996	0.011627	0.000589561	0.00342148	0.000616089	0.0010075	0.000539181	0.000604166	0.000251469	0.000681359	0.000891034	0.553606	0.00624215	0.000836861	0.000219561	0.000475128
78	0.0361198	0.0077488	0.022697	0.0851499	0.00326871	0.00815097	0.0479941	0.0142954	0.228219	0.0175076	0.00967463	0.0261134	0.00078486	0.119843	0.274166	0.0202598	0.0452746	0.0104567	0.00843643	0.0138397
79	0.0118319	0.00210837	0.00356694	0.00769318	0.0013945	0.91993	0.00496722	0.00185011	0.00432465	0.00607978	0.00185451	0.00701915	0.000883862	0.00979548	0.00271778	0.00718106	0.00232192	0.00258577	0.000663651	0.00123002
80	0.0404026	0.00137161	0.00236116	0.00387708	0.0162657	0.00307891	0.0166525	0.00278654	0.00385198	0.00366612	0.00187966	0.00516558	0.00123888	0.00410437	0.00445406	0.287376	0.582305	0.00300154	0.00778067	0.00837985
81	0.0130682	0.0368448	0.0270293	0.0157726	0.00139263	0.00826892	0.0265823	0.0733268	0.0393305	0.0232879	0.0170931	0.0217618	0.000733087	0.0553182	0.0813575	0.115274	0.337245	0.0957526	0.000708117	0.00985331
82	0.00766364	0.00453908	0.000480003	0.000590814	0.0144037	0.000450187	0.000667735	0.3891	0.00424091	0.0423531	0.0213489	0.000461636	0.000287537	0.000624065	0.00287517	0.00197959	0.0107967	0.494162	0.000202342	0.00277212
83	0.0512838	0.000697754	0.0592695	0.396663	0.0127425	0.00307727	0.0077497	0.0262274	0.0248821	0.0523394	0.00937863	0.00592504	0.00168591	0.0332879	0.0461197	0.0864801	0.145234	0.0346417	0.00128877	0.00102588
84	0.029352	0.0016058	0.000300022	0.000387591	0.00126735	0.00031898	0.000315642	0.138427	0.000297852	0.0458012	0.0107201	0.000312986	0.00254276	0.000445736	0.000457099	0.00306557	0.00581114	0.757705	0.000135187	0.00073047
85	0.0869203	0.0028086	0.0203081	0.0844883	0.00412577	0.0169294	0.0345151	0.00998221	0.0837297	0.0314476	0.00569898	0.0276536	0.00399705	0.0846953	0.362813	0.0734403	0.0451555	0.0189125	0.000186666	0.0021919
86	0.0278382	0.000850079	0.284557	0.150868	0.00158647	0.0166263	0.0664946	0.0018775	0.0207421	0.0072872	0.00598256	0.106611	0.000924193	0.164584	0.0738628	0.0481278	0.0126608	0.00690598	0.000542765	0.00107132
87	0.00698883	0.00357206	0.000343928	0.000447756	0.00300416	0.00173001	0.000451128	0.0582923	0.00289675	0.803404	0.0660433	0.000379983	0.00276122	0.0016981	0.00300041	0.00201306	0.00233963	0.0383044	0.000254454	0.00207405
88	0.00731533	0.0010636	0.00100838	0.00129517	0.708093	0.00116963	0.00351049	0.0423934	0.00117725	0.0999604	0.02052	0.00150859	0.000481157	0.00110859	0.00159266	0.00851707	0.00161034	0.0242924	0.00896002	0.0644223
89	0.050096	0.0155502	0.0163584	0.00885606	0.465967	0.0177042	0.0516813	0.00189851	0.0199498	0.0134873	0.00541004	0.0184572	0.000667189	0.0102505	0.00953556	0.0236479	0.00337171	0.00212734	0.00287848	0.262106
90	0.0753167	0.0023786	0.0379136	0.0241625	0.0114381	0.0341532	0.0212078	0.00466619	0.0307382	0.0112236	0.00538087	0.504419	0.00369726	0.019397	0.0508786	0.0873261	0.0517919	0.0170714	0.00204555	0.00479368
91	0.0371211	0.00126244	0.000771096	0.00205327	0.00556451	0.0008154	0.00572039	0.180403	0.00105772	0.087768	0.0204664	0.000708759	0.00114607	0.000767663	0.00131623	0.0039128	0.0766696	0.56763	0.000287842	0.00455722
92	0.0467743	0.00232492	0.00224806	0.00365075	0.00808298	0.0141785	0.0109043	0.00384099	0.00275835	0.0182903	0.000946703	0.00459058	0.830789	0.00268032	0.00639627	0.0156815	0.0097328	0.0067208	0.000329449	0.00907952
93	0.370396	0.00484218	0.00740617	0.0103516	0.00789987	0.0419981	0.00996154	0.011406	0.00870312	0.0161167	0.00972136	0.122251	0.0439499	0.00917718	0.0138455	0.0201637	0.0136289	0.269292	0.00294873	0.00594014
94	0.0237492	0.00397342	0.00884484	0.0224606	0.00434553	0.00806618	0.0128801	0.00989132	0.105432	0.0330456	0.00779922	0.0103064	0.0101383	0.0342523	0.63243	0.024465	0.0162479	0.024859	0.00292027	0.00389221
95	0.0100904	0.00290323	0.00439823	0.00734195	0.00359411	0.00493338	0.00416303	0.0223229	0.104767	0.163042	0.00522297	0.00429097	0.00281414	0.0386618	0.592322	0.00797942	0.00558324	0.0105329	0.0021115	0.00292403
96	0.0463082	0.00184993	0.00595321	0.0187798	0.00206146	0.00267065	0.0142163	0.00402561	0.623147	0.00523273	0.00277558	0.0270688	0.00155906	0.0229469	0.159787	0.0167553	0.0367909	0.00423772	0.00123806	0.00259634
97	0.0362608	0.0128417	0.0141494	0.00890294	0.379396	0.00604424	0.110699	0.00650396	0.00617218	0.0284188	0.0206306	0.0466741	0.000902158	0.0160658	0.0108098	0.0473321	0.0138707	0.00486411	0.0110904	0.218372
98	0.00668346	0.00351126	0.000357011	0.000449203	0.0018307	0.00179335	0.000471235	0.0436909	0.00307589	0.824698	0.0689795	0.000389101	0.00291723	0.00178132	0.0031484	0.00213778	0.00219182	0.0296245	0.000146918	0.00212278
99	0.0366689	0.00731059	0.0194814	0.0820577	0.00333343	0.00858909	0.0431564	0.0151846	0.229961	0.0175349	0.0102287	0.0279845	0.000772025	0.11964	0.276213	0.0205175	0.0477494	0.0110319	0.00797169	0.0146134
100	0.0768066	0.00343689	0.0190601	0.076879	0.00473898	0.0149493	0.0383381	0.0108372	0.100197	0.0299663	0.00604818	0.0238672	0.00387428	0.0907642	0.364705	0.0693182	0.0439835	0.017793	0.00090847	0.00352782
101	0.0661487	0.0149737	0.00186056	0.0155702	0.100341	0.0103818	0.0110188	0.179254	0.000998432	0.263318	0.0862421	0.00213063	0.00238627	0.036064	0.00251059	0.0312158	0.0536665	0.0870494	0.000468032	0.0344024
102	0.430658	0.0446285	0.00212066	0.00429166	0.0117908	0.0791353	0.00256615	0.0211466	0.00191853	0.0485309	0.0192385	0.00479651	0.00208032	0.00505946	0.00489996	0.195986	0.0327558	0.0739093	0.000942654	0.0135446
103	0.00890017	0.00311298	0.000360761	0.000464579	0.0024487	0.00215201	0.000548613	0.0459093	0.00379936	0.813848	0.0691846	0.000388159	0.00348258	0.00211058	0.00409957	0.00242686	0.00198077	0.0319871	0.000961703	0.00183406
104	0.407493	0.0630131	0.000831779	0.00400601	0.00798967	0.0811496	0.0011688	0.020031	0.000946595	0.0390679	0.0108828	0.00352641	0.000482064	0.00358399	0.00376733	0.235833	0.0416	0.067645	0.000337995	0.00664312
105	0.0357047	0.0255213	0.00154663	0.0202905	0.0421228	0.00180027	0.314638	0.0026279	0.0102427	0.00347933	0.0020909	0.143443	0.000821331	0.028059	0.206787	0.0125409	0.0030343	0.0200678	0.0342979	0.090883
106	0.0517201	0.00492516	0.00804382	0.0175549	0.0235579	0.0313533	0.0422923	0.00762601	0.0132931	0.0498876	0.00376531	0.0143707	0.538024	0.0171041	0.0398743	0.0480326	0.0421829	0.0147287	0.0024602	0.0292028
107	0.0630622	0.000327797	0.281276	0.285231	0.00534423	0.0633294	0.0485285	0.00561798	0.0287907	0.00206899	0.00154745	0.0428516	0.00490686	0.0688163	0.0182534	0.0428817	0.0292637	0.00732221	0.000202164	0.000378251
108	0.00609958	0.00788395	0.000384144	0.000460319	0.00683012	0.00038395	0.000557408	0.429358	0.00780495	0.0434963	0.0113323	0.000425534	0.000174866	0.000542555	0.00419775	0.0027911	0.0194437	0.453532	0.000152427	0.00414902
109	0.362738	0.00534741	0.0102676	0.0616049	0.00108355	0.204352	0.0437018	0.00136224	0.00962192	0.00184201	0.00586181	0.00111275	0.000550678	0.0307127	0.0538404	0.165347	0.0378896	0.00145446	0.000380284	0.000928879
110	0.00655963	0.000519653	0.000697812	0.000898703	0.727285	0.000791948	0.000906463	0.0435131	0.000850663	0.101378	0.0210176	0.000887434	0.000482173	0.000912202	0.00116727	0.00769643	0.00108679	0.0243945	0.00864675	0.0503079
111	0.0354074	0.00347244	0.0255876	0.0667934	0.0196247	0.0234473	0.0760357	0.00295473	0.0417077	0.016842	0.016097	0.0374929	0.00157116	0.0414428	0.11165	0.208786	0.184285	0.0479443	0.0182186	0.02064
112	0.0421425	0.00446207	0.0261762	0.0634425	0.0203836	0.0283408	0.0925316	0.00294417	0.0434776	0.0170634	0.0137932	0.0348353	0.00186792	0.0423261	0.103006	0.197731	0.173134	0.0421262	0.0254527	0.0247632
113	0.241592	0.0511458	0.00921571	0.0417882	0.00700117	0.351428	0.00868413	0.01208	0.00842865	0.0771152	0.00976557	0.0103543	0.00417817	0.0116051	0.0149829	0.0837654	0.0219659	0.0265014	0.00264387	0.0057584
114	0.0180411	0.0174125	0.00169606	0.00521813	0.207892	0.00165278	0.0528104	0.0309561	0.00132539	0.146229	0.0383291	0.00237044	0.00216973	0.00205662	0.0132185	0.00958317	0.0051803	0.0474495	0.0471434	0.349266
115	0.0724837	0.000602505	0.00065177	0.00279016	0.0111783	0.000732386	0.0137642	0.221675	0.000646445	0.137401	0.0314747	0.000741511	0.000305649	0.000806749	0.00117787	0.00360355	0.0664572	0.42276	0.000330606	0.0104159
116	0.286461	0.0657461	0.00107636	0.00783683	0.00522558	0.191441	0.00124372	0.0159145	0.0011189	0.0372256	0.00732109	0.00681557	0.000520725	0.00677085	0.00680791	0.260356	0.0385345	0.0547022	0.000441786	0.00443959
117	0.0492472	0.00685034	0.0297843	0.0251629	0.00342567	0.026164	0.0315791	0.0506705	0.140641	0.0704739	0.0103259	0.0252197	0.069262	0.0444916	0.191075	0.0871458	0.0725992	0.05241	0.00571973	0.00775267
118	0.00565353	0.00380591	0.00858204	0.00317469	0.260861	0.00765256	0.0975094	0.0291821	0.00155075	0.0628282	0.0211239	0.015308	0.000672436	0.00301035	0.0173548	0.0290651	0.0444428	0.0123155	0.00982882	0.366078
119	0.0192219	0.0262155	0.000763101	0.000985686	0.169459	0.000900087	0.000923306	0.156858	0.00101745	0.330107	0.0105164	0.000986529	0.000446837	0.00140679	0.00144411	0.00194997	0.0380361	0.216454	0.00666407	0.0156443
120	0.00748885	0.000588943	0.000704453	0.00108221	0.704126	0.000872856	0.00111708	0.0474158	0.000933775	0.101336	0.0201107	0.00104275	0.000556252	0.00114597	0.00141623	0.00980454	0.00128967	0.0281953	0.00793092	0.0628419
121	0.029009	0.00147536	0.000295513	0.000393166	0.00149489	0.000343363	0.000304173	0.14133	0.000323754	0.0484409	0.0108496	0.000313209	0.00230663	0.000457498	0.000472733	0.00292183	0.00573429	0.752551	0.000135688	0.000847171
122	0.0350307	0.00267125	0.0509212	0.0138653	0.00470223	0.138609	0.0215193	0.00393115	0.0198558	0.00662697	0.00300031	0.568956	0.00581752	0.0162642	0.0436262	0.0373265	0.0149616	0.00862186	0.000893606	0.00279893
123	0.0380173	0.00482036	0.0533573	0.0381483	0.000772927	0.525781	0.0436204	0.00111188	0.0343423	0.00615624	0.000892304	0.0970337	0.00317041	0.056914	0.0399837	0.0425794	0.00991633	0.00235185	0.000369035	0.000661371
124	0.021567	0.00434879	0.00762211	0.018311	0.0047705	0.00621269	0.0105013	0.0110516	0.0746952	0.0406243	0.00591755	0.00959651	0.0101953	0.0289347	0.684464	0.0225875	0.0140131	0.0173942	0.00309883	0.00409339
125	0.0813811	0.0130506	0.00194362	0.00289342	0.0923255	0.00225998	0.0258487	0.0755616	0.00251198	0.0962751	0.054004	0.00281958	0.129825	0.0148442	0.00399731	0.0483945	0.0149148	0.088414	0.0839053	0.164829
126	0.0102335	0.00376254	0.000453312	0.000580124	0.0134218	0.000431564	0.000616413	0.355243	0.00343241	0.0423055	0.0209072	0.000441975	0.000472965	0.00061764	0.00243363	0.0019702	0.00922271	0.530817	0.000184836	0.00245234
127	0.0366186	0.00731367	0.0195202	0.0820642	0.00332341	0.00855968	0.0431815	0.0151606	0.230265	0.0174853	0.0102272	0.0279559	0.000767498	0.119671	0.276133	0.0203969	0.0477331	0.0109963	0.00798401	0.0146435
128	0.041862	0.0215802	0.240525	0.0269917	0.0279481	0.0293418	0.0821829	0.0346153	0.00446012	0.01215	0.00402095	0.149847	0.0585173	0.00523731	0.006113	0.196658	0.00979969	0.0427022	0.0018805	0.00356781
129	0.0494338	0.00191397	0.0119663	0.0127375	0.021304	0.00268053	0.0131208	0.00282411	0.184741	0.00474611	0.00242768	0.0133969	0.124465	0.00291544	0.462968	0.0341898	0.0136561	0.0034574	0.011695	0.0253608
130	0.0380173	0.00482036	0.0533573	0.0381483	0.000772927	0.525781	0.0436204	0.00111188	0.0343423	0.00615624	0.000892304	0.0970337	0.00317041	0.056914	0.0399837	0.0425794	0.00991633	0.00235185	0.000369035	0.000661371
131	0.068532	0.00339503	0.0196903	0.0733623	0.00458553	0.0158332	0.0377839	0.01368	0.109293	0.0321222	0.00721234	0.022281	0.00778977	0.0898425	0.357482	0.06472	0.0456369	0.0205774	0.00149761	0.0046827
132	0.00569674	0.00119233	0.00172656	0.00214841	0.202735	0.00205249	0.257906	0.00292303	0.00204053	0.00435834	0.00298189	0.0276803	0.000997474	0.0791785	0.011209	0.0399763	0.024537	0.011924	0.000990701	0.317746
133	0.228058	0.00144362	0.00160551	0.00322703	0.00328459	0.00646988	0.00709832	0.0045864	0.00329638	0.017771	0.00262261	0.00636472	0.624599	0.00336831	0.00936391	0.0254162	0.00981951	0.0356539	0.000686487	0.00526475
134	0.120408	0.00376104	0.0016974	0.00395971	0.0807607	0.0482339	0.00407384	0.128424	0.00195549	0.172055	0.0490573	0.0102421	0.0174881	0.0299651	0.00261013	0.0774636	0.0452048	0.174523	0.00080161	0.0273159
135	0.208391	0.0153337	0.00153204	0.00206234	0.0563867	0.00188318	0.0020304	0.08975	0.00175148	0.0741428	0.0208891	0.00207446	0.000794719	0.00192426	0.00274315	0.00461161	0.00275503	0.494269	0.0151178	0.00155635
136	0.00555455	0.0013304	0.000374714	0.000516966	0.0188933	0.000382201	0.000563661	0.291376	0.000512565	0.499772	0.0189098	0.000364782	0.000190164	0.00049196	0.000572973	0.000900742	0.00185724	0.156809	0.000314204	0.000312427
137	0.0430586	0.0177331	0.0194279	0.0114036	0.395302	0.00474005	0.102883	0.00273773	0.00529581	0.0283242	0.0216631	0.0715285	0.000880091	0.0179547	0.010972	0.057696	0.0109517	0.00274551	0.0156662	0.159036
138	0.00543391	0.00128436	0.000376464	0.000515324	0.018931	0.000381786	0.000562939	0.291445	0.000517371	0.500338	0.0187869	0.000360527	0.000190168	0.000493432	0.000571405	0.000898952	0.0018351	0.156484	0.000290485	0.000302594
139	0.0474982	0.000554224	0.240905	0.306266	0.0042738	0.0361129	0.0261008	0.0124629	0.0219348	0.0106494	0.00441827	0.0352215	0.00198106	0.0548652	0.0387298	0.0567593	0.0862251	0.0135546	0.000627361	0.000859264
140	0.0272333	0.0118132	0.00045795	0.000562284	0.0141976	0.000550885	0.00153503	0.284849	0.000561441	0.345164	0.0394386	0.000611861	0.000274129	0.000605468	0.000768868	0.00107387	0.00692574	0.259147	0.00224803	0.00198142
141	0.0450951	0.00121959	0.420362	0.0353306	0.0017518	0.00185904	0.0355334	0.002373	0.00164614	0.00287304	0.00181019	0.0282319	0.364453	0.00197328	0.0110841	0.0369854	0.00273765	0.00259727	0.000590525	0.00149258
142	0.0474707	0.0059582	0.00642405	0.00513734	0.0211054	0.0319245	0.0150779	0.0041607	0.00640512	0.0336905	0.00117555	0.011962	0.702947	0.00439106	0.0138194	0.0303258	0.0265931	0.00793559	0.000578588	0.022918
143	0.0304203	0.00622639	0.000420149	0.0010117	0.0228633	0.000495482	0.00324451	0.212094	0.00102152	0.135836	0.018396	0.000481633	0.000817032	0.000618538	0.00103296	0.002257	0.021253	0.533272	0.00155513	0.00668323
144	0.012675	0.00213847	0.780572	0.0720366	0.003185	0.00434784	0.00560156	0.00352157	0.00421457	0.00522446	0.00273258	0.0234863	0.0119655	0.0377875	0.00529073	0.0108158	0.00639223	0.00507427	0.00105886	0.00187909
145	0.0308941	0.00167005	0.000502466	0.000536655	0.00135942	0.000554727	0.000678142	0.148918	0.000573253	0.0333723	0.00905445	0.000405227	0.0071026	0.000652261	0.000783023	0.00396735	0.00560486	0.752401	0.000230835	0.000738799
146	0.0288211	0.00132995	0.0718406	0.00514909	0.00410432	0.0172259	0.00548892	0.0024149	0.00719737	0.00363971	0.00181063	0.758619	0.00111539	0.0075501	0.0251391	0.0370012	0.0131354	0.00634237	0.000704889	0.00136995
147	0.0391463	0.00272434	0.000548255	0.000440546	0.00128155	0.000454911	0.000484721	0.138892	0.000724716	0.0333868	0.0091504	0.000425077	0.00378997	0.000967373	0.00119465	0.00594235	0.00638731	0.753071	0.000336355	0.000650526
148	0.0684661	0.00467919	0.00793184	0.0183401	0.0161205	0.00774657	0.63263	0.00984132	0.0110133	0.0231446	0.0272293	0.00860828	0.0032225	0.020748	0.0485513	0.0172216	0.0124044	0.0140412	0.00319342	0.0448666
149	0.04655	0.00245558	0.00265978	0.00386228	0.00829486	0.0145006	0.0115577	0.00423381	0.00335299	0.0190846	0.00131136	0.00505753	0.823439	0.00315538	0.00702447	0.0161025	0.00956561	0.00738057	0.000789696	0.00962157
150	0.314391	0.00174943	0.00248407	0.00325133	0.00275621	0.00285235	0.00316678	0.00378687	0.00336787	0.0057003	0.00302034	0.0219534	0.00133987	0.174661	0.00419691	0.0708484	0.371856	0.00473229	0.00120146	0.00268428
151	0.0355089	0.00192049	0.00685871	0.0135561	0.00263287	0.00440417	0.0119501	0.00431131	0.666813	0.00596287	0.00564342	0.0194496	0.0021249	0.0185856	0.144231	0.0169076	0.0294984	0.00604148	0.00119233	0.00240675
152	0.154716	0.002278	0.010949	0.0312783	0.00634704	0.0320173	0.0539452	0.0205002	0.0378343	0.0740207	0.0209311	0.0418609	0.00403445	0.0636155	0.0834097	0.141423	0.167064	0.0227887	0.0160773	0.0149084
153	0.0182128	0.00122705	0.0830207	0.692113	0.00242227	0.00316635	0.00632751	0.0257126	0.00555437	0.0378907	0.00547495	0.00437574	0.000933351	0.0329171	0.00945501	0.0113689	0.0121903	0.0312147	0.00235777	0.0140648
154	0.012266	0.00227916	0.000339546	0.000499854	0.00421062	0.000413018	0.000468733	0.280463	0.00195408	0.0363337	0.00934046	0.00043724	0.00104536	0.000488689	0.00143648	0.00221916	0.00696606	0.636994	0.000162168	0.00168307
155	0.0332389	0.00149546	0.00593647	0.00905632	0.00202379	0.00267359	0.013048	0.00263422	0.634867	0.00352358	0.0037141	0.0170377	0.00342979	0.0184511	0.196357	0.0182412	0.027903	0.00387273	0.00081013	0.00168582
156	0.00703152	0.000660644	0.000717127	0.000924159	0.703905	0.0007831	0.00105843	0.0466341	0.000932496	0.11047	0.0221641	0.00098499	0.000480654	0.000983433	0.0018354	0.00841996	0.00127624	0.0264515	0.00891539	0.0553719
157	0.134811	0.00685075	0.0346458	0.0809932	0.0123349	0.0316092	0.0436933	0.0122281	0.0769522	0.0536011	0.00740523	0.0249489	0.00506784	0.0769931	0.233959	0.0979174	0.0397131	0.0222359	0.000543013	0.00349703
158	0.0151974	0.0494383	0.0154089	0.00905106	0.00158162	0.0164497	0.0148941	0.0543747	0.0448053	0.0349108	0.0152962	0.0334366	0.00076531	0.0361542	0.0786097	0.105307	0.352314	0.115249	0.000891271	0.00586428
159	0.00809506	0.00298693	0.00161609	0.00221861	0.622112	0.00163632	0.0129484	0.036019	0.00134386	0.0972134	0.0208567	0.00270542	0.000438557	0.00143328	0.00357155	0.0093727	0.00376146	0.0227898	0.01198	0.136901
160	0.0200727	0.00653544	0.000656922	0.000753037	0.010664	0.000741141	0.00440677	0.484459	0.000728627	0.248985	0.0242372	0.000791188	0.000282469	0.000887921	0.00111086	0.00153653	0.00432576	0.18253	0.00466292	0.00163232
161	0.0254946	0.00989382	0.000439239	0.00051028	0.0132206	0.00049843	0.00147005	0.291354	0.000529425	0.354198	0.0364207	0.000535192	0.000253241	0.000594369	0.000750593	0.00100232	0.00583248	0.253311	0.00205243	0.00164005
162	0.359488	0.0752296	0.00111037	0.00409376	0.0138968	0.0754535	0.00150126	0.025467	0.00126727	0.0580818	0.0170916	0.00332674	0.000647786	0.00342847	0.00372931	0.22443	0.0481593	0.0735471	0.000469754	0.00958078
163	0.0797925	0.000746047	0.0280748	0.392396	0.00311012	0.00152127	0.0266935	0.0211559	0.0208022	0.051376	0.0198477	0.00807643	0.00700967	0.123635	0.0410299	0.0680412	0.0788793	0.0255434	0.0011715	0.00109793
164	0.0061223	0.00768581	0.000353726	0.000467675	0.00698458	0.000377	0.000548025	0.429003	0.00754451	0.0436992	0.0116014	0.000421858	0.000165544	0.000529466	0.00410979	0.00264846	0.0189684	0.454464	0.000141253	0.00416444
165	0.0241938	0.00914949	0.507361	0.0169719	0.0108383	0.0140917	0.0381699	0.0142996	0.00368056	0.00780535	0.00273781	0.137998	0.081027	0.00420636	0.00660757	0.0898305	0.00692268	0.0200444	0.00132894	0.00273521
166	0.0670303	0.003341	0.0199107	0.0349103	0.00723833	0.0404981	0.0292886	0.0507198	0.0511379	0.0685337	0.0354381	0.0215774	0.0870129	0.202726	0.120655	0.0469947	0.0620261	0.042505	0.00265197	0.00580432
167	0.062476	0.00389215	0.0176525	0.0560002	0.00449172	0.0137343	0.139048	0.0228546	0.0987351	0.0294027	0.0085232	0.0192736	0.0103213	0.080749	0.297272	0.0593563	0.0408813	0.0258883	0.00235436	0.00709324
168	0.309697	0.00352569	0.00240852	0.0289911	0.00522028	0.0101076	0.00881326	0.0637349	0.0356357	0.0160245	0.0083973	0.00930136	0.00713831	0.0233665	0.111015	0.118985	0.108715	0.125248	0.00137983	0.00229577
169	0.295269	0.0169211	0.00351593	0.0085619	0.01824	0.0234085	0.00655306	0.0688914	0.00731197	0.137014	0.0273241	0.00762214	0.00602099	0.0112629	0.022771	0.0890149	0.0249127	0.214593	0.00355827	0.00723307
170	0.095053	0.00229423	0.00327729	0.0205112	0.00534002	0.0033915	0.634208	0.00571009	0.00460844	0.0235044	0.0385311	0.00427083	0.00144112	0.0232149	0.0581199	0.00716957	0.00504482	0.00641585	0.00146711	0.0564272
171	0.0429297	0.0048306	0.0257079	0.306089	0.00716485	0.0104278	0.0152298	0.0491107	0.0275356	0.0967482	0.0198207	0.0148227	0.00775034	0.0504589	0.0768175	0.0476429	0.110028	0.0525944	0.0256487	0.00864229
172	0.0629234	0.00431111	0.0180323	0.0687349	0.0047969	0.0134225	0.0273088	0.0129072	0.102172	0.0430088	0.00829906	0.0180388	0.00819069	0.0677091	0.429144	0.0514409	0.0343562	0.018553	0.00231271	0.00433763
173	0.00865577	0.00743087	0.000350061	0.000508234	0.00752463	0.000395879	0.000934542	0.416486	0.00693474	0.0468806	0.0131129	0.000444489	0.00018195	0.000515319	0.00431095	0.00263305	0.0199327	0.458439	0.000155329	0.00417288
174	0.0262216	0.00170896	0.00216205	0.0170777	0.00293401	0.0384712	0.00313221	0.102134	0.0172832	0.301316	0.0710529	0.0560712	0.00153147	0.00431505	0.0971732	0.0055845	0.12229	0.0899172	0.0145907	0.0250322
175	0.0114145	0.0145593	0.0029859	0.00722623	0.233583	0.00295611	0.057013	0.0225678	0.00168386	0.119708	0.0341957	0.00486608	0.000648405	0.00189057	0.0144073	0.0148042	0.011343	0.0281387	0.025698	0.39031
176	0.0633279	0.000335087	0.284451	0.294187	0.0052082	0.0628961	0.0443349	0.00612078	0.0288285	0.00207917	0.00152109	0.0413158	0.00475316	0.0634593	0.0158187	0.0418727	0.0312202	0.0076847	0.000206362	0.000379047
177	0.0366186	0.00731367	0.0195202	0.0820642	0.00332341	0.00855968	0.0431815	0.0151606	0.230265	0.0174853	0.0102272	0.0279559	0.000767498	0.119671	0.276133	0.0203969	0.0477331	0.0109963	0.00798401	0.0146435
178	0.0354068	0.00128899	0.00174407	0.00205137	0.158038	0.00179624	0.00204334	0.070537	0.0035771	0.425008	0.133506	0.00352531	0.000998542	0.00229839	0.0243564	0.00309463	0.00283211	0.0270817	0.0239613	0.0768544
179	0.0363694	0.0237104	0.00908136	0.0331602	0.00416801	0.00786306	0.013998	0.0460248	0.171972	0.11544	0.0369269	0.021582	0.0152516	0.0384003	0.239294	0.067394	0.0432108	0.0478629	0.0242949	0.00399535
180	0.08655	0.00124787	0.0270472	0.0544611	0.00502222	0.0533252	0.0162568	0.0305425	0.0467255	0.0631859	0.044795	0.0332353	0.161892	0.0739765	0.145121	0.0512101	0.0672438	0.034444	0.00106782	0.00265069
181	0.0636614	0.0117857	0.00309502	0.0105196	0.123593	0.0169421	0.00995839	0.121206	0.00268989	0.246149	0.0546817	0.00574388	0.0066234	0.0372532	0.00546223	0.050842	0.0548225	0.131588	0.00335035	0.0400319
182	0.0120645	0.00286255	0.000425733	0.000586672	0.00290366	0.00276083	0.000599293	0.0475107	0.00476043	0.801523	0.0682386	0.000427129	0.00433945	0.00242439	0.00538737	0.00297702	0.0019181	0.0342446	0.0023912	0.00165474
183	0.0264936	0.0044062	0.00836972	0.0427111	0.0799135	0.00306225	0.00423296	0.18041	0.0020571	0.229591	0.108256	0.00197833	0.000916819	0.0170743	0.0132095	0.0174054	0.0757549	0.176147	0.00089211	0.00711764
184	0.056055	0.00294146	0.00288968	0.00405851	0.00985888	0.018106	0.0148163	0.0045755	0.00306233	0.020454	0.00107262	0.00596443	0.795084	0.00330292	0.0076562	0.0189861	0.0122316	0.00666665	0.000368182	0.01185
185	0.0645658	0.00136462	0.0681356	0.187191	0.00182365	0.00166743	0.0329988	0.098106	0.0272035	0.188957	0.0290734	0.00201534	0.000913576	0.0674273	0.00270201	0.0207685	0.0119115	0.180052	0.000883896	0.0122395
186	0.187724	0.0108275	0.00155924	0.0146216	0.00202895	0.00217221	0.00926007	0.121078	0.00932981	0.251305	0.065956	0.0020007	0.000714537	0.017311	0.0774219	0.0345627	0.0206903	0.169298	0.000870956	0.0012687
187	0.0186201	0.00706849	0.00044515	0.000525681	0.0111134	0.000520452	0.00151787	0.315171	0.000582128	0.363287	0.0310366	0.000518168	0.000253406	0.000605103	0.00078655	0.00107744	0.00401495	0.240067	0.00165504	0.00113441
