644	20
1	0.0309777	0.00537074	0.447409	0.127025	0.00189289	0.0232569	0.0146179	0.00265846	0.0335364	0.00357753	0.00115097	0.142195	0.00514862	0.0220557	0.0102081	0.106271	0.0172013	0.00322706	0.000405146	0.00181472
2	0.0993835	0.00554913	0.0564134	0.07798	0.00604913	0.0309408	0.0181292	0.00948648	0.0638458	0.0279442	0.00435416	0.0514096	0.244257	0.0781767	0.0333536	0.123951	0.0359255	0.0191124	0.000104594	0.0136333
3	0.0577341	0.0125832	0.0182397	0.0360821	0.0414905	0.0255804	0.0331781	0.0191068	0.100042	0.0309815	0.0162438	0.0750449	0.019847	0.109871	0.150401	0.150837	0.0569212	0.0240241	0.00205085	0.0197412
4	0.0180326	0.00782441	0.0002307	0.000963697	0.0113205	0.000544	0.00054158	0.375777	0.00187883	0.220605	0.0409734	0.000906323	0.00106281	0.00129349	0.00279161	0.00198258	0.0137057	0.298906	0.00020206	0.00045757
5	0.0355076	0.00420382	0.0196506	0.0297149	0.00468541	0.00955214	0.0419979	0.00720848	0.299928	0.00869669	0.00804889	0.0575975	0.00982071	0.0793705	0.260327	0.0564621	0.0455126	0.0101427	0.00217946	0.00939307
6	0.114768	0.0107268	0.00448954	0.0181825	0.00678804	0.0130446	0.00765643	0.154742	0.0403661	0.0576032	0.0234778	0.013164	0.00704717	0.0223147	0.020066	0.120871	0.271617	0.0854314	0.000370109	0.00727445
7	0.0307432	0.00963255	0.00341624	0.00836866	0.0330299	0.00861089	0.0131682	0.0839055	0.0139518	0.500345	0.104298	0.00531391	0.00338145	0.0391872	0.0112404	0.0256672	0.0247727	0.0661276	0.00159115	0.0132484
8	0.0210613	0.0115504	0.000614802	0.00121328	0.0236363	0.000731634	0.000806182	0.347574	0.0015424	0.236234	0.0467436	0.00103208	0.000633543	0.000905583	0.00280766	0.00216431	0.0127224	0.286412	0.000136249	0.00147872
9	0.0415248	0.00299788	0.101529	0.297463	0.00171736	0.0222545	0.0162761	0.0109951	0.112954	0.0123889	0.00766208	0.0600237	0.00151885	0.129056	0.053898	0.0712821	0.03461	0.0189046	0.000269746	0.00267363
10	0.0617442	0.00267544	0.0890145	0.0728023	0.00558009	0.0364404	0.0449164	0.00866202	0.0439293	0.00612132	0.00423335	0.208502	0.0123531	0.0309256	0.0525193	0.190377	0.107812	0.0102898	0.00440668	0.00669545
11	0.112086	0.238074	0.0217357	0.00443719	0.0162629	0.0634129	0.00503521	0.0237745	0.00426784	0.0103359	0.00384625	0.203083	0.00497785	0.00626665	0.00533748	0.239733	0.00739719	0.0242902	0.00173875	0.00390695
12	0.104056	0.0280338	0.00149784	0.00129857	0.0600875	0.00831079	0.00283523	0.262996	0.00140477	0.0850605	0.0322821	0.0105017	0.00216942	0.0013734	0.00167921	0.00693572	0.0134225	0.362356	0.000775443	0.0129236
13	0.0599346	0.00714244	0.0370651	0.113743	0.00275471	0.0239491	0.0305995	0.0268168	0.214115	0.0166537	0.00631956	0.0525067	0.00198172	0.138798	0.112478	0.0737392	0.0436793	0.0316595	0.00108571	0.00497885
14	0.0273718	0.00461145	0.0377506	0.0287226	0.00310446	0.155741	0.0526602	0.00366323	0.178634	0.00864099	0.00186358	0.227972	0.00907178	0.0409764	0.10786	0.0840067	0.0142167	0.00592121	0.000480116	0.00673181
15	0.0119535	0.0126902	0.033238	0.078615	0.0438787	0.00419808	0.231799	0.0184895	0.0523961	0.0165597	0.00769131	0.030006	0.00777622	0.283796	0.0431791	0.0187077	0.0212241	0.00631454	0.00601647	0.0714704
16	0.0371832	0.011065	0.0182506	0.02818	0.0129969	0.0199276	0.0371873	0.0153389	0.245998	0.0287488	0.011792	0.0594957	0.0141294	0.0623645	0.270622	0.0593611	0.0376339	0.0139311	0.00216574	0.0136277
17	0.128517	0.00391741	0.00324487	0.00383614	0.00288437	0.0627262	0.00311819	0.00351887	0.00338296	0.00473816	0.00290767	0.00773576	0.00419425	0.00350518	0.00355198	0.67245	0.0762048	0.00478203	0.000497752	0.00428724
18	0.00385585	0.00780997	0.000732887	0.00136907	0.1982	0.00361912	0.00156712	0.0736314	0.00119518	0.577294	0.0893436	0.0014054	0.000569015	0.00178712	0.000849562	0.00319366	0.00504933	0.0179999	0.0028253	0.00770259
19	0.0326615	0.0230297	0.00182463	0.00142912	0.0814943	0.00159884	0.00233628	0.28427	0.00120921	0.230933	0.0537127	0.00207921	0.00175578	0.00148568	0.00234552	0.00455245	0.0149003	0.25178	0.000305161	0.00629701
20	0.0824425	0.0360342	0.00231637	0.00165474	0.117453	0.00343007	0.00460542	0.207935	0.000885163	0.17288	0.0545121	0.00513264	0.00322953	0.00190384	0.00139763	0.00731194	0.0214606	0.26498	0.000728492	0.00970629
21	0.0178152	0.00798926	0.000196929	0.000707086	0.0102114	0.000557525	0.000282895	0.372483	0.0017422	0.228302	0.0436677	0.000746058	0.000412565	0.000677037	0.00295668	0.00158095	0.0122699	0.296911	0.000100394	0.000390551
22	0.0174765	0.0122756	0.00027458	0.000357455	0.00869515	0.000893021	0.000424793	0.410694	0.00133296	0.05446	0.0105428	0.00414562	0.00422854	0.000536022	0.000872883	0.00115812	0.0056021	0.464309	0.000426508	0.00129485
23	0.0283564	0.00160622	0.00284661	0.00171721	0.00173729	0.90145	0.00140498	0.00162677	0.00209687	0.00255349	0.00146077	0.0201916	0.00356594	0.00179639	0.00943946	0.0102258	0.00278866	0.00325719	0.000366511	0.00151203
24	0.0297629	0.00420823	0.43834	0.160908	0.00214284	0.0138715	0.0131338	0.00314641	0.0343229	0.00408672	0.00113638	0.131764	0.00467972	0.0295547	0.00652615	0.0948773	0.0208207	0.00467302	0.000195256	0.00184913
25	0.0339644	0.00380498	0.0194909	0.0256588	0.00388307	0.0063655	0.042657	0.00611288	0.312087	0.00750374	0.00800627	0.0586021	0.00809271	0.0735119	0.269698	0.0542845	0.046655	0.00887581	0.00243165	0.00831424
26	0.430361	0.0108924	0.00138331	0.00737906	0.00206663	0.273228	0.00163215	0.00322093	0.0016292	0.00427767	0.00241964	0.0285971	0.0268707	0.00986608	0.00211737	0.174978	0.0111717	0.00562599	0.00042398	0.00185858
27	0.0158397	0.0166775	0.00143661	0.00103872	0.00925529	0.00952281	0.0206388	0.0171672	0.404354	0.0232738	0.00631497	0.0290611	0.000442397	0.0365447	0.358503	0.0313309	0.0092094	0.00853344	0.000160312	0.000695482
28	0.0184308	0.0095541	0.106689	0.224384	0.0503938	0.0130008	0.0499189	0.0587815	0.0101744	0.174111	0.0112268	0.131607	0.0103275	0.0125849	0.0100062	0.022032	0.0196519	0.0153047	0.00209638	0.0497241
29	0.125589	0.015705	0.0110569	0.0441688	0.0186562	0.0274039	0.0141168	0.0574316	0.0918655	0.0590652	0.0210418	0.0214315	0.00893428	0.110799	0.035998	0.112129	0.0850671	0.117999	0.00271172	0.0188295
30	0.0149114	0.0087749	0.000300097	0.00129684	0.00980306	0.00070526	0.000937937	0.399195	0.00194937	0.13783	0.0261619	0.00224801	0.00430595	0.00283494	0.00185461	0.00265345	0.0156966	0.367113	0.000770057	0.000657433
31	0.0945204	0.0316701	0.00361129	0.00398134	0.0044383	0.00431096	0.00859556	0.0152472	0.00382657	0.0378355	0.0545741	0.0114473	0.549823	0.00524966	0.00600804	0.055202	0.0247191	0.0804138	0.00106596	0.00345948
32	0.0268667	0.0143498	0.0118356	0.0138389	0.0544656	0.0147491	0.0826256	0.0649551	0.0221634	0.0659896	0.0118016	0.196595	0.0108772	0.0304165	0.155144	0.0858723	0.100502	0.0195974	0.00215156	0.0152027
33	0.0178848	0.0141753	0.00165791	0.00231266	0.0553154	0.000946052	0.00257206	0.200406	0.000654861	0.492489	0.0698672	0.00100142	0.00104826	0.00156828	0.00128413	0.00385336	0.00703785	0.121698	0.000189213	0.00403867
34	0.0117109	0.00501062	0.00384643	0.00351224	0.228588	0.00547543	0.0714222	0.0112728	0.0026033	0.0187175	0.00934895	0.0316554	0.00136945	0.0032826	0.00958172	0.00713309	0.00688257	0.0575336	0.00219285	0.50886
35	0.011891	0.01336	0.0262437	0.0416299	0.0567313	0.00487941	0.296952	0.00931507	0.0366354	0.0297352	0.0104713	0.0521533	0.0131548	0.212684	0.0703834	0.0287362	0.0094385	0.00927577	0.0114781	0.0548522
36	0.0149858	0.0076762	0.000382794	0.00094915	0.0180631	0.00076921	0.000720125	0.337124	0.00136573	0.307688	0.0540642	0.000875106	0.000429318	0.000799851	0.00317704	0.0019765	0.0103313	0.237863	0.000109565	0.000649095
37	0.0144312	0.00440162	0.00189357	0.00336112	0.0248623	0.00285536	0.00763145	0.0694709	0.00453208	0.656216	0.120406	0.00283582	0.0013466	0.0142156	0.00369386	0.0098501	0.00977969	0.0360801	0.000778838	0.0113574
38	0.0137487	0.00883846	0.000313293	0.00135761	0.00990921	0.00075172	0.00105149	0.419363	0.00196221	0.119561	0.0266088	0.00229148	0.00369722	0.00234394	0.00183453	0.00238359	0.0117185	0.371185	0.000399011	0.000680776
39	0.0164418	0.0104049	0.00170742	0.00370762	0.0333599	0.00278005	0.00365893	0.145852	0.00297177	0.534073	0.0929286	0.00250406	0.00238991	0.00738189	0.00279308	0.00927548	0.0130991	0.108797	0.000644663	0.0052291
40	0.0210584	0.0147273	0.00780899	0.010408	0.0218644	0.0122697	0.0133617	0.0125392	0.0316615	0.0234606	0.0112505	0.0128886	0.00650946	0.0140994	0.00919892	0.0214319	0.0178425	0.0154439	0.570993	0.151182
41	0.126267	0.285191	0.00379992	0.00505061	0.0396388	0.0158983	0.0263501	0.0615166	0.0128132	0.069657	0.0594359	0.00674612	0.00318311	0.00687223	0.00573284	0.0570523	0.150939	0.0380121	0.00173177	0.0241124
42	0.0757632	0.144583	0.00679026	0.011533	0.0713488	0.024489	0.0840219	0.0415473	0.0181303	0.0576941	0.065195	0.0187615	0.00479282	0.0145266	0.0103141	0.0467033	0.112485	0.0266841	0.00382861	0.160808
43	0.0359001	0.00608163	0.0175338	0.0226142	0.00552156	0.0174464	0.0365142	0.00800553	0.290052	0.0127598	0.0068275	0.0819066	0.0101363	0.0600842	0.26142	0.0699221	0.0368612	0.00924356	0.00151457	0.00965551
44	0.0369172	0.00392501	0.072956	0.0591908	0.00242157	0.143247	0.0428939	0.00208842	0.14793	0.00482946	0.00123712	0.263323	0.00104783	0.0503156	0.0389124	0.100888	0.023088	0.00303304	0.00032479	0.00143211
45	0.0286721	0.000770089	0.414116	0.410368	0.000727812	0.00150837	0.000717518	0.00354355	0.0339292	0.0037957	0.000696114	0.0186794	0.000422513	0.0336258	0.00623677	0.029499	0.00564033	0.00620976	0.00014566	0.00069635
46	0.0239134	0.0076608	0.00596881	0.0111218	0.0062243	0.019408	0.00625502	0.013768	0.0334069	0.0107621	0.00685541	0.0454498	0.0226793	0.0108615	0.0258738	0.243713	0.469501	0.0147049	0.00113965	0.0207321
47	0.0466727	0.0037091	0.0525885	0.0478091	0.00270749	0.110492	0.0439015	0.00150729	0.154022	0.00356358	0.00148599	0.286567	0.00106102	0.0448725	0.0457594	0.124885	0.0240016	0.00271483	0.000316149	0.00136403
48	0.0161334	0.0165419	0.00173217	0.00136835	0.00920682	0.00960083	0.0207451	0.0170077	0.403198	0.0231863	0.0063329	0.0294055	0.000578649	0.037279	0.356921	0.0316168	0.00964752	0.0084983	0.000202424	0.000797382
49	0.0584382	0.00731858	0.0376252	0.116335	0.00276644	0.0243107	0.0296308	0.0250289	0.21061	0.0162307	0.00680876	0.0508322	0.00230452	0.141981	0.116825	0.0725253	0.0430694	0.0312223	0.00113427	0.00500252
50	0.0578615	0.00692732	0.0405141	0.0696404	0.00614273	0.0235548	0.0287925	0.0147332	0.222031	0.0182859	0.00764791	0.0728703	0.0175	0.0971377	0.150744	0.0939411	0.0445185	0.0186192	0.00130676	0.00723084
51	0.031144	0.0056335	0.0163376	0.0212045	0.00483646	0.00706544	0.0374046	0.00780479	0.327311	0.00973445	0.00792351	0.0541995	0.00688577	0.0670164	0.28699	0.0501325	0.0410013	0.00844507	0.00202013	0.00690922
52	0.152559	0.00988173	0.00736851	0.0636655	0.0208291	0.0330276	0.0188218	0.0801961	0.0734882	0.108049	0.0426748	0.0145781	0.0104429	0.0415817	0.0225795	0.09674	0.0816742	0.084129	0.0119971	0.0257165
53	0.0354216	0.00354483	0.0204388	0.0280211	0.00374189	0.00669076	0.0427182	0.00631058	0.30779	0.00709245	0.0079918	0.0590711	0.00813452	0.0758024	0.263485	0.055413	0.0480903	0.00933205	0.0024364	0.00847278
54	0.0966245	0.011864	0.0235467	0.0280584	0.00410502	0.24056	0.0139073	0.0036356	0.083914	0.0111894	0.00845965	0.0977555	0.0073955	0.0332667	0.0603035	0.198022	0.0601627	0.0128409	0.000460738	0.00392816
55	0.0436265	0.0106008	0.00246724	0.019225	0.0210813	0.0235156	0.0168937	0.155814	0.0319637	0.228521	0.080753	0.0222587	0.00339245	0.04214	0.0154797	0.0651022	0.10908	0.0937061	0.0017747	0.0126043
56	0.109912	0.0088974	0.0140888	0.040948	0.0303937	0.0244473	0.0132519	0.112808	0.0557019	0.101977	0.0402363	0.0168971	0.0236007	0.0437274	0.0269934	0.09664	0.101883	0.111086	0.00310876	0.0234016
57	0.022511	0.00595179	0.536125	0.131215	0.000923752	0.0119854	0.0108992	0.00106643	0.0151704	0.00136456	0.000804839	0.141359	0.00262087	0.0101698	0.000896062	0.0970892	0.00730755	0.00122959	0.000193126	0.00111759
58	0.136064	0.00265505	0.0443588	0.0365471	0.0232198	0.0215155	0.0206241	0.130233	0.0251972	0.110342	0.0210772	0.0278907	0.118397	0.0163463	0.00836146	0.0700092	0.0504657	0.124299	0.000854506	0.0115434
59	0.0461688	0.00172727	0.120714	0.393039	0.00218529	0.0299341	0.00760397	0.00370064	0.050624	0.0147867	0.0353384	0.0618709	0.00106284	0.114814	0.022782	0.0530878	0.022066	0.0155525	0.000541728	0.00240015
60	0.0273722	0.00471777	0.461066	0.139641	0.0017787	0.0146211	0.0137716	0.00278903	0.0291457	0.00333401	0.00102427	0.142425	0.0029207	0.0259631	0.00534073	0.0979544	0.0205888	0.00368953	0.000182046	0.00167481
61	0.141616	0.00559967	0.0476272	0.0326253	0.0140842	0.0200286	0.0207736	0.0738401	0.0288416	0.110818	0.0114823	0.0541348	0.158384	0.0330827	0.0134006	0.0954372	0.0629406	0.0649612	0.000836243	0.00948643
62	0.011196	0.0120115	0.00164502	0.00367045	0.193887	0.00411806	0.00869984	0.0835551	0.0032097	0.50336	0.0697237	0.00413207	0.00130147	0.00827988	0.00226016	0.00743992	0.00692899	0.0406628	0.00227905	0.0316391
63	0.0326025	0.00101241	0.309173	0.351524	0.0014823	0.0116477	0.00672159	0.00383046	0.0447095	0.00562571	0.00297327	0.0577389	0.00120903	0.0655263	0.013197	0.0593208	0.0227385	0.00738042	0.000113282	0.00147378
64	0.0548685	0.00800686	0.0026536	0.0188385	0.0179842	0.0185278	0.012762	0.153848	0.0249551	0.248569	0.0797079	0.0158976	0.00300552	0.0402699	0.0158615	0.0673576	0.113411	0.0911306	0.00128103	0.0110641
65	0.0115885	0.010761	0.00200175	0.0027821	0.180769	0.00425893	0.0089828	0.0853334	0.00294784	0.515033	0.0697202	0.00413833	0.00180951	0.00743891	0.00196523	0.00757511	0.00795388	0.0425576	0.00243581	0.029948
66	0.0173097	0.00843436	0.000191581	0.000773523	0.0102309	0.000729857	0.000301263	0.367334	0.00166076	0.229524	0.0470853	0.000843018	0.000399514	0.000725664	0.00320848	0.00169223	0.012519	0.296487	0.000104791	0.000444235
67	0.137168	0.0232651	0.0263079	0.0322062	0.00627296	0.0391215	0.0112653	0.0465629	0.0510612	0.0436857	0.020855	0.0415219	0.0185429	0.0218312	0.0299695	0.221842	0.15883	0.0617072	0.000494312	0.00748865
68	0.0509616	0.000507509	0.196895	0.183361	0.00489649	0.0240461	0.0214794	0.00953031	0.0827382	0.0115877	0.0021027	0.121307	0.00405907	0.0816022	0.0212427	0.104097	0.062299	0.0137361	8.80041e-05	0.00346265
69	0.0122239	0.00851191	0.000314911	0.00104527	0.00969134	0.000615255	0.000852397	0.463236	0.00224626	0.0942743	0.01948	0.00210935	0.00440993	0.00185729	0.00167071	0.00204932	0.00917129	0.365278	0.000378467	0.000584236
70	0.0371436	0.00483584	0.020103	0.0338732	0.00452598	0.00896621	0.0434023	0.00813936	0.280378	0.00849887	0.00860391	0.0607364	0.0086539	0.0720805	0.251256	0.0599504	0.0646492	0.0121184	0.00232527	0.00975955
71	0.0181044	0.0322378	0.00172274	0.00319646	0.292229	0.0529337	0.0534497	0.00697934	0.00521885	0.024705	0.0133893	0.00511188	0.00203263	0.00287302	0.00270747	0.0219903	0.00483143	0.00619471	0.0629816	0.38711
72	0.0860103	0.591292	0.00166559	0.00171427	0.00855679	0.0157896	0.00235516	0.0272514	0.00179106	0.017693	0.00370719	0.00259064	0.00140132	0.00244237	0.0107337	0.0581543	0.0967448	0.067444	0.000800562	0.00186238
73	0.0307803	0.0127191	0.00539268	0.046493	0.112933	0.00554517	0.085246	0.030517	0.036277	0.078825	0.0536479	0.0363761	0.0029515	0.0688105	0.0486977	0.0333075	0.00788732	0.0238781	0.0111936	0.268521
74	0.0704123	0.0195284	0.0276959	0.0372973	0.0649422	0.0354022	0.0357303	0.0226261	0.0442816	0.0367332	0.0169012	0.0379593	0.133624	0.0412446	0.0408699	0.0726408	0.041732	0.0317145	0.0247595	0.163904
75	0.0573274	0.00350948	0.0268688	0.0296912	0.00509606	0.0132954	0.0458619	0.00638636	0.278936	0.009695	0.00593433	0.0884733	0.00781424	0.0661031	0.201964	0.0866516	0.0463753	0.00832998	0.00174597	0.00994076
76	0.027882	0.00110848	0.424624	0.390869	0.000762641	0.00202511	0.00147497	0.00330324	0.0324382	0.00357258	0.000677919	0.0274528	0.000573962	0.031421	0.00572107	0.033765	0.00567618	0.00581487	0.000146869	0.000690737
77	0.00331364	0.00112144	0.0186643	0.00708351	0.00153429	0.0108206	0.00544361	0.0159323	0.00301479	0.0112275	0.0013314	0.0263967	0.00169467	0.0112368	0.00150502	0.562295	0.311806	0.00351527	0.000259835	0.00180431
78	0.0445693	0.00157529	0.16666	0.219252	0.0110665	0.0199848	0.0502358	0.0105954	0.0781132	0.0106829	0.00354239	0.0877605	0.0100044	0.106599	0.0214755	0.0819637	0.0531813	0.012655	0.000581596	0.00950173
79	0.034816	0.00360932	0.019358	0.0259416	0.00400886	0.00694993	0.0422515	0.00582018	0.307487	0.00743764	0.0080792	0.0595291	0.00921567	0.0733705	0.268883	0.0548954	0.048208	0.00880242	0.00235021	0.00898669
80	0.00950194	0.00962089	0.000241367	0.000399783	0.00583603	0.000543444	0.000396465	0.476485	0.0017306	0.0392425	0.00887158	0.00291288	0.00456315	0.000424216	0.000820891	0.000801712	0.00345945	0.433303	0.000237602	0.000607218
81	0.0162449	0.00997572	0.00217346	0.00312524	0.0433641	0.00222468	0.00479987	0.149846	0.00315518	0.569568	0.0816802	0.00285451	0.00136432	0.00687798	0.00210181	0.00709618	0.00967022	0.076752	0.000641508	0.00648409
82	0.0256312	0.00289609	0.0143961	0.00817413	0.00185367	0.827889	0.00483956	0.00230513	0.0143677	0.00347105	0.00126379	0.0410383	0.00304304	0.00703156	0.0114773	0.0193612	0.00488939	0.0036432	0.000435414	0.00199287
83	0.0183606	0.00748044	0.00637171	0.0108051	0.00980287	0.00855965	0.00663493	0.0100639	0.061355	0.0105604	0.0322612	0.142723	0.00385047	0.320383	0.0944249	0.183674	0.0533945	0.0111534	0.00136172	0.00677985
84	0.217134	0.0290293	0.0152545	0.0216604	0.00928894	0.0383963	0.0106111	0.0322562	0.0288565	0.0230783	0.0110739	0.0348601	0.0175251	0.0185347	0.0176429	0.263614	0.148388	0.0535071	0.00103794	0.00825071
85	0.00471743	0.00685717	0.000877822	0.000985572	0.32989	0.00280375	0.0363553	0.008947	0.00168808	0.0137213	0.00921098	0.0126899	0.000829663	0.00110011	0.00410584	0.00286069	0.005745	0.0338622	0.00333454	0.519417
86	0.021505	0.00650934	0.366137	0.0985937	0.00254003	0.131096	0.0159982	0.00268159	0.0413046	0.00584307	0.00143892	0.141353	0.00273659	0.033252	0.00760239	0.101636	0.0135678	0.00373082	0.000425312	0.00204892
87	0.0207237	0.0120262	0.000494738	0.00203111	0.0172991	0.00179725	0.00111604	0.324775	0.00147818	0.232474	0.0668639	0.00134867	0.000713001	0.00198291	0.00294937	0.00367207	0.0146709	0.291898	0.000355401	0.0013297
88	0.0460745	0.0823993	0.00297084	0.00450446	0.032419	0.00498806	0.00532961	0.0667432	0.00575091	0.559909	0.0544748	0.00392312	0.0041846	0.0122116	0.00673873	0.0139798	0.0117765	0.0743876	0.000506444	0.00672802
89	0.00619137	0.00857303	0.000357761	0.000492835	0.00379582	0.000599816	0.000561157	0.445141	0.00128525	0.023423	0.00556851	0.00210545	0.00407439	0.00172792	0.000788508	0.00222037	0.00728623	0.485173	0.000183168	0.000452086
90	0.00928706	0.00608821	0.000969361	0.001795	0.0422976	0.00067273	0.00257485	0.206485	0.00103354	0.562751	0.0685262	0.00110801	0.000608708	0.00145323	0.00097572	0.00258904	0.00424272	0.0830646	0.0003854	0.00309162
91	0.0477626	0.0117069	0.0463324	0.0902184	0.018754	0.0304674	0.0601169	0.0212343	0.0936827	0.0586365	0.0158716	0.0503823	0.0261566	0.201254	0.0713536	0.0665291	0.0369412	0.0223236	0.00914262	0.0211332
92	0.0336553	0.0074994	0.366426	0.0980621	0.00352867	0.0976488	0.0211717	0.00455515	0.0437849	0.0086741	0.00333821	0.123286	0.00983203	0.0307226	0.0158792	0.0968573	0.0219623	0.00806176	0.000977735	0.00407712
93	0.00951856	0.0171136	0.00202342	0.00410528	0.429014	0.00535882	0.0211031	0.0188388	0.00653309	0.144108	0.0247453	0.00614476	0.00119426	0.00768357	0.00204587	0.0101397	0.00664242	0.0155646	0.00696126	0.261162
94	0.0590969	0.00606882	0.148475	0.17241	0.00488888	0.134486	0.0187577	0.00476411	0.0677872	0.0108526	0.00491325	0.107512	0.00894702	0.0654946	0.0216514	0.117072	0.0334703	0.00906751	0.000432605	0.00385175
95	0.40811	0.0134939	0.0328512	0.0363062	0.0267718	0.148205	0.00495679	0.0160516	0.0110373	0.0365444	0.00416263	0.0301343	0.00572472	0.0073188	0.00366883	0.10899	0.0475963	0.0318338	0.000723209	0.0255187
96	0.00762273	0.0054755	0.000869108	0.00143775	0.0325325	0.000471574	0.00166326	0.206455	0.000394457	0.591785	0.0681001	0.000554189	0.000430675	0.00045467	0.000819123	0.00214534	0.00281664	0.074713	8.34429e-05	0.0011757
97	0.0470014	0.00584109	0.0228807	0.0205215	0.0059848	0.0288712	0.0121696	0.00994459	0.0281382	0.00947123	0.00650002	0.0766083	0.00740618	0.0336602	0.0218689	0.390357	0.257782	0.00973219	0.000468629	0.00479275
98	0.131404	0.026019	0.0168361	0.0236008	0.00617798	0.053	0.0131443	0.0161093	0.0212402	0.029485	0.0192677	0.0267916	0.422044	0.0232646	0.0137807	0.0842197	0.0329542	0.0322023	0.00104779	0.00741076
99	0.0370599	0.0237156	0.0519158	0.0393712	0.014331	0.0335138	0.0424551	0.0163338	0.0439684	0.0154254	0.00726263	0.407869	0.0104998	0.0300001	0.0330493	0.100659	0.05537	0.0120435	0.00127958	0.023877
100	0.0121463	0.00560372	0.000617154	0.00612832	0.0149233	0.00136217	0.0041884	0.382769	0.00444313	0.177142	0.0438209	0.00199289	0.00746396	0.0149908	0.00246011	0.0100264	0.0381667	0.269222	0.00155738	0.000975884
101	0.00477524	0.00338968	0.000355827	0.000612186	0.0192163	0.000653426	0.000917816	0.0684345	0.000712374	0.740718	0.116839	0.0016811	0.000529818	0.0026876	0.000631151	0.00576705	0.00523539	0.0225128	0.000197644	0.00413316
102	0.2162	0.315649	0.00594319	0.00569313	0.0135162	0.0361494	0.00734592	0.0243053	0.00734951	0.0266105	0.010763	0.0241531	0.00755327	0.00764634	0.00902618	0.143497	0.0772174	0.0527852	0.00176889	0.00682819
103	0.0672252	0.00885286	0.0213765	0.0338616	0.00848688	0.0335414	0.0290365	0.0177626	0.14462	0.0221944	0.0125899	0.0740414	0.0181428	0.0550387	0.15132	0.156789	0.111237	0.0224378	0.00204568	0.00939998
104	0.232813	0.237834	0.00418563	0.00563874	0.011883	0.0325497	0.00642027	0.0222108	0.009394	0.01545	0.0110903	0.017075	0.00504099	0.00500723	0.00769087	0.204225	0.109196	0.0542908	0.00181221	0.00619222
105	0.00669149	0.00910667	0.000253379	0.000390282	0.00461187	0.000404579	0.000437042	0.518919	0.00211293	0.0319071	0.00811562	0.00213658	0.00466066	0.000392827	0.000922412	0.000805962	0.00247454	0.405218	0.000106473	0.000332438
106	0.0326039	0.00239425	0.203706	0.363583	0.00377963	0.0173592	0.0119149	0.00776481	0.0567527	0.0123764	0.00738432	0.0527513	0.00740373	0.090615	0.0235077	0.0607154	0.0280106	0.0132573	0.000362521	0.00375738
107	0.124752	0.237039	0.0082432	0.0115111	0.0206768	0.0266063	0.013564	0.0408125	0.0170038	0.0379534	0.0184654	0.0271089	0.00925581	0.0154513	0.0153048	0.113414	0.17974	0.0665685	0.00216931	0.0143593
108	0.0132172	0.00921955	0.000380257	0.00124224	0.0081518	0.00107669	0.000989717	0.43618	0.00223263	0.068342	0.016224	0.00269183	0.00532795	0.00293225	0.00133547	0.0033837	0.011466	0.413595	0.000573255	0.001439
109	0.0709242	0.00803981	0.03619	0.123282	0.00342907	0.0291094	0.0260773	0.0304954	0.182376	0.0183264	0.00629383	0.0460766	0.00205105	0.154197	0.0982803	0.0799425	0.0448935	0.0332784	0.00125434	0.00548281
110	0.0451903	0.00370162	0.00659966	0.00960162	0.00389497	0.750766	0.00438226	0.00619951	0.0193909	0.00838083	0.00497793	0.0273764	0.0070269	0.0126328	0.0291483	0.0343608	0.0149855	0.00704856	0.000797915	0.00353726
111	0.0319634	0.00260001	0.00500296	0.00286944	0.00373217	0.87278	0.0020976	0.00195818	0.0045233	0.00285897	0.0015344	0.0225331	0.00443558	0.00269238	0.00982259	0.0143528	0.00519271	0.00319904	0.000931667	0.00491969
112	0.0297128	0.00203221	0.00385873	0.00256012	0.00179444	0.886249	0.00214596	0.00223448	0.00393465	0.00308617	0.00195866	0.0223126	0.000978057	0.0026371	0.00971732	0.0149295	0.0043568	0.00364877	0.000403291	0.00144962
113	0.0089445	0.00666637	0.00103017	0.0017162	0.0332594	0.000501372	0.00188517	0.199787	0.00045878	0.591111	0.0662114	0.000561815	0.000595741	0.000818968	0.00086722	0.00232282	0.00302792	0.0785425	0.000119672	0.00157177
114	0.00682873	0.00887679	0.000269446	0.000386528	0.00426195	0.000466395	0.000463706	0.493629	0.00179081	0.0285783	0.00682973	0.00200832	0.0043557	0.000747549	0.000858876	0.00120588	0.00385069	0.434078	0.00011763	0.000395647
115	0.0156148	0.0111849	0.000227948	0.000428507	0.00798749	0.000698112	0.000317413	0.405031	0.00148194	0.0924718	0.0163864	0.00310054	0.00379461	0.000523624	0.00135024	0.000975391	0.00688279	0.430292	0.000396765	0.00085396
116	0.0026061	0.00905814	0.000729421	0.00162732	0.24436	0.00442162	0.00121593	0.0715533	0.00112976	0.542955	0.0825588	0.00152937	0.000499202	0.000997309	0.00078535	0.00264286	0.00415456	0.0146436	0.00357715	0.00895601
117	0.00460231	0.00354063	0.000322357	0.00049503	0.0181684	0.00057248	0.000822386	0.0582585	0.000648997	0.758631	0.112571	0.00178571	0.000513752	0.00265527	0.000580765	0.0058175	0.00559034	0.0199092	0.00015772	0.00435699
118	0.00464191	0.00810745	0.000873585	0.0019474	0.197096	0.00351804	0.00189536	0.0835139	0.00151072	0.567573	0.082991	0.00172608	0.00053888	0.00191885	0.000734589	0.00298067	0.0042902	0.0217582	0.00272652	0.00965796
119	0.0356639	0.00358403	0.0208659	0.0288812	0.00376595	0.00740607	0.0428846	0.00638742	0.304349	0.00721299	0.00791875	0.060588	0.00819142	0.0762998	0.261054	0.0568182	0.0476402	0.0094894	0.0024087	0.00859056
120	0.0514125	0.0084094	0.0065289	0.0198239	0.00253356	0.0546013	0.00586202	0.00553632	0.0394388	0.00691531	0.00961965	0.0435915	0.00618946	0.0126809	0.019882	0.332071	0.355831	0.0128268	0.000393998	0.00585206
121	0.0184778	0.0193378	0.00175669	0.00461279	0.0396636	0.00611569	0.00922904	0.156298	0.00269064	0.208574	0.204582	0.00457591	0.00211868	0.021645	0.00399199	0.0132434	0.0280003	0.24648	0.00463343	0.00397304
122	0.0901844	0.00424913	0.0510826	0.0482136	0.00299859	0.0424345	0.0201982	0.00114424	0.148159	0.00389195	0.00145832	0.202953	0.0019929	0.0514974	0.0493936	0.22029	0.0545304	0.00388411	0.000195787	0.00124813
123	0.0307887	0.00416069	0.414159	0.205424	0.00246988	0.0138805	0.0141121	0.00309232	0.0329086	0.00388351	0.00181145	0.107118	0.00301507	0.0357008	0.00837424	0.0912887	0.0192621	0.00557027	0.000249212	0.00273141
124	0.00895925	0.00639364	0.00104195	0.00183662	0.0377583	0.000774727	0.00223421	0.177479	0.000832888	0.599953	0.0745661	0.000895892	0.000561889	0.00165681	0.00111238	0.00339466	0.00405726	0.0732006	0.000246448	0.00304455
125	0.0348586	0.00344869	0.0200448	0.0264701	0.0037589	0.00634978	0.0428582	0.0057864	0.309618	0.00686	0.00806275	0.0590153	0.00830205	0.0746686	0.267033	0.0549675	0.0480288	0.00884819	0.00249094	0.00852913
126	0.0625107	0.00614791	0.0549803	0.117349	0.00323432	0.0299534	0.0268253	0.0195749	0.18199	0.0140671	0.00544857	0.0811996	0.00559693	0.122961	0.0924687	0.099452	0.0458544	0.0250424	0.000815533	0.00452777
127	0.0122312	0.0071792	0.00140924	0.00272051	0.0418867	0.00155835	0.00404028	0.153315	0.00252895	0.581165	0.0815772	0.00222078	0.00140047	0.00511958	0.00182795	0.0058697	0.0085257	0.0787981	0.000616443	0.00600984
128	0.0285058	0.162921	0.0060492	0.00873652	0.115007	0.0546247	0.124685	0.0424787	0.00852672	0.0235322	0.0187837	0.0120369	0.00498594	0.00804446	0.00746086	0.0252401	0.0247127	0.0121494	0.0137512	0.297767
129	0.126794	0.00528991	0.058726	0.0467717	0.0116676	0.0354749	0.0411158	0.00383041	0.022933	0.00368724	0.00226477	0.12718	0.0140117	0.0204014	0.0196429	0.343166	0.100253	0.00703753	0.00225238	0.00749856
130	0.0131477	0.00471239	0.0021309	0.00348289	0.0386303	0.00134298	0.00814934	0.159256	0.00319334	0.590794	0.0846379	0.00158171	0.00074238	0.00770045	0.00198702	0.00451939	0.00445677	0.0599851	0.000716361	0.0088338
131	0.119913	0.0149826	0.0097439	0.0279245	0.00207098	0.0880318	0.0114377	0.00199343	0.0614654	0.00939699	0.0183663	0.064502	0.00249284	0.0308718	0.0426912	0.29917	0.168115	0.0255635	0.000230279	0.00103616
132	0.017328	0.0115345	0.00189013	0.00365163	0.0413835	0.00320946	0.00505397	0.152616	0.00275727	0.489912	0.103374	0.00266593	0.00161628	0.0096386	0.00339512	0.0079684	0.0127416	0.120896	0.00129694	0.00707086
133	0.0255857	0.00535361	0.480875	0.146858	0.00179912	0.0159436	0.014181	0.00265388	0.0246261	0.00342822	0.00157195	0.133884	0.00363014	0.0224872	0.00533979	0.0936274	0.0134346	0.00288018	0.000211207	0.00162903
134	0.118043	0.0311042	0.00202828	0.00189983	0.0441368	0.00803532	0.00255957	0.264394	0.00183217	0.0594102	0.0221831	0.00949396	0.00254146	0.00177408	0.00268582	0.00860515	0.0143821	0.389396	0.000837046	0.0146583
135	0.0169138	0.0173007	0.022723	0.0217641	0.133756	0.0213165	0.224	0.0152691	0.0170583	0.042814	0.0127712	0.0515034	0.00649855	0.0440852	0.0280204	0.034799	0.0226447	0.0246235	0.00866248	0.233476
136	0.139839	0.0107047	0.0482405	0.0485332	0.0030961	0.0666865	0.0116237	0.0022399	0.0904495	0.011031	0.00691686	0.103275	0.00258675	0.0373672	0.0401611	0.280304	0.0842882	0.0110323	0.00021091	0.00141419
137	0.0196836	0.0136227	0.00516621	0.00635594	0.00804685	0.00892074	0.0268429	0.0158437	0.380342	0.020074	0.00657044	0.0375061	0.00213348	0.0437152	0.338627	0.0370991	0.0174373	0.00860421	0.000696021	0.00271178
138	0.00329082	0.01549	0.00068367	0.000902255	0.345672	0.00411629	0.0217925	0.00948198	0.00272166	0.0239101	0.0193489	0.00585977	0.00068779	0.000954417	0.0022536	0.00271649	0.00349403	0.0191921	0.00687147	0.51056
139	0.0498968	0.00565762	0.0340451	0.0714584	0.0041158	0.0182512	0.0345401	0.0157168	0.247999	0.0134487	0.00698879	0.0565189	0.00728365	0.104492	0.18499	0.0679719	0.0464909	0.0212919	0.0014858	0.00735649
140	0.0993738	0.0145256	0.0103836	0.0392281	0.0060608	0.0895582	0.0110837	0.00818295	0.048589	0.0137173	0.022926	0.0520553	0.00496856	0.0306538	0.0333308	0.290217	0.196136	0.0249039	0.000570945	0.00353455
141	0.0741733	0.0025355	0.142253	0.125871	0.00651381	0.0286564	0.0350946	0.00867796	0.0483099	0.0102092	0.00222951	0.121492	0.0420814	0.0506973	0.0236844	0.179177	0.0763409	0.0124609	0.00231525	0.00722753
142	0.0240869	0.00827235	0.000992284	0.00656431	0.0266076	0.00201251	0.00498373	0.356707	0.00433634	0.0869203	0.0250359	0.00402998	0.0195691	0.0140037	0.00163113	0.0116764	0.051424	0.343692	0.00555045	0.00190388
143	0.0872234	0.009919	0.00668456	0.0468711	0.0141169	0.0176874	0.0141773	0.106958	0.0625529	0.052144	0.0238502	0.0206624	0.00999083	0.0432739	0.0269607	0.114024	0.212657	0.111829	0.00148059	0.0169365
144	0.29017	0.0292765	0.00175476	0.00201591	0.00262456	0.25223	0.0112237	0.00327886	0.00219412	0.011778	0.00987692	0.0370633	0.255988	0.00259458	0.00206411	0.0409925	0.0215217	0.012901	0.000579306	0.00987175
145	0.0364884	0.0109848	0.0155961	0.0228451	0.00903318	0.0229132	0.032134	0.0136867	0.277669	0.0284365	0.00792373	0.0667747	0.0141941	0.0536934	0.274874	0.060247	0.0282489	0.0124709	0.000990967	0.0107959
146	0.00548314	0.017585	0.00099327	0.00201536	0.41016	0.00747816	0.0225229	0.00818758	0.00385993	0.0268598	0.0193694	0.00697049	0.00105636	0.00196262	0.00252089	0.00633976	0.00456186	0.0160714	0.00930213	0.4267
147	0.0426482	0.0124012	0.0109835	0.0216205	0.0331142	0.0167682	0.0250088	0.149381	0.0259458	0.174122	0.0924056	0.117087	0.0127806	0.0349983	0.0189588	0.0473234	0.0507264	0.0849518	0.00334477	0.0254299
148	0.0404375	0.00460221	0.0288868	0.061489	0.00602521	0.0119151	0.041053	0.0114257	0.274585	0.0104883	0.00786529	0.0574831	0.00662324	0.0888392	0.2136	0.0608873	0.0482827	0.0147538	0.00203753	0.00872031
149	0.0339778	0.0112034	0.0140795	0.0286719	0.0116002	0.0177223	0.0343136	0.0167647	0.265426	0.0306734	0.0113717	0.0487639	0.0093047	0.0625774	0.288226	0.0546434	0.0323078	0.014793	0.00183797	0.0117416
150	0.00893539	0.009465	0.00150407	0.00316131	0.173612	0.00351046	0.00446492	0.0869491	0.00289803	0.549444	0.0875897	0.00269699	0.000797016	0.00559417	0.00164926	0.00492966	0.00555506	0.032278	0.00260896	0.012357
151	0.00791052	0.00581004	0.000842575	0.00135387	0.033001	0.00050841	0.00159592	0.198935	0.000400664	0.596387	0.0687216	0.000614179	0.000500772	0.000527428	0.000847277	0.00236314	0.00335947	0.0746861	8.60306e-05	0.0015484
152	0.0513507	0.0126077	0.00795308	0.026655	0.0257788	0.0198931	0.0178552	0.0936168	0.0419243	0.286037	0.0687379	0.022075	0.00629697	0.067402	0.0468838	0.0689188	0.0572571	0.062767	0.00195197	0.0140378
153	0.0647926	0.00751581	0.0223025	0.0156177	0.0061481	0.0262215	0.0099329	0.0158037	0.0174077	0.0114954	0.0059327	0.0437754	0.0102547	0.0168564	0.0118687	0.465104	0.230543	0.0127112	0.000920959	0.00479412
154	0.00857611	0.00582344	0.000725557	0.00129755	0.0301604	0.000575394	0.00138413	0.203738	0.000655936	0.575739	0.0670776	0.000811854	0.000609675	0.000910799	0.00100698	0.00266625	0.00453165	0.091832	0.000128284	0.00174997
155	0.135615	0.018062	0.0114763	0.0342839	0.00229829	0.114178	0.00924348	0.00232922	0.0595769	0.0109437	0.0215538	0.0540657	0.00121528	0.0286409	0.0379484	0.289437	0.138797	0.0286542	0.000227022	0.00145348
156	0.142444	0.00213379	0.0825394	0.00953508	0.0211838	0.0257419	0.015531	0.0088951	0.214269	0.0490064	0.00192774	0.0691485	0.0173202	0.0472666	0.084433	0.128308	0.0605885	0.011095	0.000357377	0.00827548
157	0.0829685	0.249627	0.015649	0.0047895	0.0301567	0.0294786	0.0103748	0.0178981	0.00479419	0.00928223	0.00512103	0.261511	0.00584798	0.00601351	0.00493672	0.220428	0.0139069	0.0175362	0.00213204	0.00754885
158	0.100103	0.00547816	0.0566411	0.0787169	0.0059393	0.0295558	0.0176329	0.00925972	0.0683313	0.0269867	0.00427669	0.0506015	0.241984	0.0774014	0.0368604	0.122192	0.0358177	0.0186066	0.000133124	0.013482
159	0.065155	0.00413332	0.0197807	0.0133018	0.0145514	0.0227373	0.0123649	0.00379693	0.0393853	0.00664059	0.0227381	0.195498	0.0058951	0.0687711	0.0757633	0.255649	0.158144	0.0131844	0.000469776	0.00204069
160	0.33672	0.153782	0.00182211	0.00236118	0.0191614	0.0191074	0.00218614	0.0371456	0.0019017	0.00983513	0.00592194	0.00929951	0.00144886	0.00249011	0.00225842	0.168812	0.113564	0.108584	0.000753051	0.00284627
161	0.00766455	0.00553049	0.000858097	0.00141518	0.0327017	0.000471824	0.00163329	0.206201	0.000394295	0.592746	0.0673486	0.000562014	0.000433293	0.000409656	0.000808689	0.00215688	0.00278887	0.0746985	8.4419e-05	0.00109242
162	0.078812	0.0380596	0.00258611	0.00179168	0.122593	0.00312787	0.00484242	0.198622	0.00087555	0.185174	0.0578999	0.00469051	0.00306238	0.00206633	0.00139588	0.00736728	0.0217348	0.254912	0.000642331	0.009745
163	0.0153876	0.0164613	0.00097956	0.0030889	0.0245365	0.00303219	0.00228301	0.228865	0.000950078	0.324658	0.109643	0.00180344	0.000685121	0.00418738	0.00311995	0.00613152	0.016194	0.234368	0.000928437	0.00269794
164	0.0375048	0.00791911	0.412984	0.101305	0.00295697	0.0480889	0.0173818	0.00233756	0.0303465	0.00376325	0.00142898	0.139345	0.0054988	0.0185676	0.00896989	0.132623	0.0215296	0.00382219	0.00058837	0.00303792
165	0.0448487	0.00933611	0.326107	0.0987226	0.00392777	0.0903062	0.0186153	0.00412775	0.0437536	0.00701	0.00250113	0.130916	0.00839831	0.0305492	0.015483	0.126799	0.0271076	0.00725131	0.00074311	0.0034958
166	0.0500195	0.00372127	0.105605	0.230001	0.00288707	0.0232252	0.0217721	0.0154316	0.128788	0.012662	0.00598281	0.0686864	0.0020501	0.122811	0.0612542	0.0763424	0.0423291	0.0219743	0.000478873	0.00397721
167	0.00460494	0.00830524	0.00107029	0.00208803	0.220143	0.00413817	0.00266744	0.0732156	0.00206866	0.550274	0.0876767	0.00203815	0.000547442	0.00260117	0.00120394	0.00313265	0.00424695	0.0160204	0.00393337	0.0100231
168	0.0512505	0.00342303	0.0802319	0.0707916	0.00423289	0.0364646	0.025523	0.00426822	0.112882	0.0057141	0.00277634	0.29619	0.0031413	0.0571797	0.0488095	0.128324	0.0593327	0.00670242	0.00048554	0.00227737
169	0.0108916	0.00832015	0.000297632	0.00212752	0.0089474	0.000663616	0.0014637	0.432677	0.00247951	0.0684133	0.0151169	0.00285133	0.00974956	0.00436723	0.000912183	0.00347777	0.0153116	0.410085	0.00120113	0.000645655
170	0.0763722	0.00984251	0.0385082	0.0482464	0.0100516	0.054702	0.0514264	0.0144469	0.0491719	0.0614418	0.00898087	0.046573	0.200658	0.132792	0.0378082	0.0855268	0.0357571	0.0225734	0.00101749	0.014103
171	0.018152	0.00780679	0.000197657	0.000733587	0.0101131	0.000493457	0.000288637	0.373862	0.0017985	0.22842	0.0418289	0.00075134	0.000421727	0.000692539	0.00286352	0.0016325	0.0126921	0.296796	0.000102086	0.000353243
172	0.0716701	0.0119365	0.0233832	0.0214988	0.0295382	0.0224275	0.0204555	0.0143625	0.0181504	0.0185086	0.00864151	0.102614	0.0493396	0.0263033	0.0186344	0.295996	0.193744	0.0394141	0.00161877	0.0117626
173	0.127144	0.0179438	0.0124502	0.0350322	0.00178129	0.103617	0.0111024	0.00201592	0.065751	0.0100346	0.0188389	0.0616361	0.00147028	0.0348805	0.0431166	0.294492	0.134781	0.0229835	0.000190422	0.000737373
174	0.14607	0.00235636	0.0710438	0.00874148	0.0207506	0.0264119	0.0170722	0.0103264	0.210955	0.0512687	0.00234833	0.0616108	0.0310795	0.0510283	0.0839538	0.124226	0.0581831	0.011883	0.000358888	0.0103321
175	0.0212738	0.000501819	0.122976	0.451179	0.000739902	0.0207611	0.007577	0.00181171	0.0542348	0.00707772	0.0102577	0.0507694	0.000445833	0.133267	0.0263006	0.0564786	0.0249927	0.00788073	0.000133877	0.00134066
176	0.0285234	0.0118484	0.00494044	0.00675681	0.0291091	0.0038164	0.00539678	0.266329	0.00474154	0.30102	0.0434398	0.00536032	0.0214308	0.00891365	0.00266419	0.012561	0.0229792	0.2146	0.00131204	0.00425633
177	0.0614336	0.00765085	0.0395009	0.125583	0.00265896	0.0260218	0.0286413	0.0274614	0.19996	0.0169946	0.00642449	0.050765	0.00167786	0.146321	0.101167	0.0752276	0.0432579	0.0335825	0.000972928	0.00469607
178	0.0521025	0.000477225	0.195837	0.185643	0.00495912	0.0239584	0.0215268	0.00951793	0.0832015	0.0116268	0.00213481	0.118772	0.00406331	0.0819882	0.0219333	0.103321	0.0611909	0.0140104	9.00248e-05	0.00364518
179	0.0168182	0.0127994	0.00286822	0.00549297	0.0473299	0.00158728	0.00631323	0.155743	0.00200557	0.537536	0.0720531	0.00114416	0.00123257	0.00630965	0.00176976	0.0062173	0.00676527	0.108821	0.000389651	0.00680287
180	0.0846816	0.0124947	0.0222471	0.0900335	0.0134917	0.0295661	0.0217177	0.0594397	0.143762	0.0444247	0.0183778	0.0332059	0.00417203	0.116118	0.0672983	0.0894293	0.0679089	0.062582	0.00506067	0.0139883
181	0.0369123	0.000401997	0.162112	0.328523	0.00249027	0.0225174	0.0131549	0.005202	0.0665557	0.00936023	0.00621675	0.0812651	0.00197577	0.106172	0.0274523	0.0737448	0.0402366	0.0128185	9.00414e-05	0.00279783
182	0.0985421	0.00558543	0.0566248	0.0780359	0.00612493	0.0309082	0.0183042	0.00939817	0.0638807	0.0283326	0.00431787	0.0516372	0.243704	0.0785483	0.0333042	0.12352	0.0362015	0.019217	9.6083e-05	0.0137159
183	0.0781127	0.00608356	0.0439601	0.0379152	0.0165162	0.04437	0.0357402	0.107527	0.0182148	0.130102	0.0121206	0.0543896	0.163078	0.0167279	0.00928941	0.0535948	0.055865	0.0926522	0.00145969	0.022281
184	0.0566644	0.0155459	0.000579925	0.00073915	0.0336088	0.00303991	0.00138079	0.320118	0.0014499	0.12733	0.0284997	0.00699237	0.00333049	0.00124282	0.00172202	0.00368062	0.0150272	0.374014	0.000882273	0.00415205
185	0.132827	0.0226249	0.0133418	0.0353315	0.00279808	0.118605	0.00982992	0.0038125	0.0567387	0.0130444	0.0190499	0.0593168	0.00145344	0.0339793	0.0396782	0.295028	0.117844	0.0231139	0.000231598	0.00135158
186	0.107059	0.0113124	0.054118	0.0644726	0.0084618	0.0248519	0.0194015	0.00964794	0.0613036	0.0305556	0.00404539	0.0507888	0.2555	0.0636884	0.02721	0.13083	0.0374145	0.0282342	0.000193452	0.0109111
187	0.00840842	0.00692101	0.00103331	0.00166372	0.0342555	0.000471465	0.00171445	0.20551	0.000413076	0.581774	0.0658275	0.000580704	0.000614213	0.000475038	0.000841138	0.00234836	0.00295879	0.0828703	8.58362e-05	0.00123364
188	0.0195595	0.00835615	0.000197293	0.000620376	0.00997714	0.000626185	0.000269073	0.372716	0.00198383	0.205721	0.0377013	0.00138438	0.000841302	0.000618503	0.00264868	0.00146932	0.0112739	0.323274	0.000160215	0.000601785
189	0.0680293	0.00363338	0.0580293	0.0508787	0.0023459	0.0892672	0.0269482	0.000969843	0.15332	0.00307128	0.000821116	0.246677	0.000617096	0.0500582	0.0472855	0.165409	0.0290375	0.00231474	0.000229252	0.00105854
190	0.0995442	0.61688	0.00115509	0.00137597	0.00922581	0.0187755	0.00191489	0.0171536	0.00163467	0.010782	0.00380459	0.00231612	0.000826016	0.00187964	0.0055918	0.053029	0.101387	0.0500495	0.000603058	0.00207179
191	0.0157968	0.0168464	0.00135126	0.000886062	0.00935512	0.00957218	0.0204748	0.0172888	0.404488	0.0234538	0.00630552	0.028822	0.000422411	0.0363444	0.359154	0.0311582	0.00897165	0.00849474	0.000147201	0.000667234
