305	20
1	0.250197	0.0174303	0.00144405	0.00226366	0.0322732	0.116356	0.00770336	0.0917928	0.00202028	0.105294	0.104738	0.00325249	0.00109671	0.00246535	0.00206777	0.0591041	0.0114454	0.184717	0.000826957	0.00351075
2	0.159318	0.0154035	0.00741914	0.0076965	0.0059729	0.0191778	0.0140661	0.00451299	0.0132571	0.00927938	0.00245389	0.0524412	0.0103818	0.0100413	0.00531533	0.466122	0.173423	0.0195151	0.000930568	0.00327116
3	0.133112	0.00385091	0.00414788	0.0752319	0.00507141	0.00901964	0.028455	0.0362694	0.00749971	0.0377003	0.0537373	0.0345506	0.00307247	0.310658	0.0051863	0.1025	0.0606128	0.0834015	0.00205264	0.0038702
4	0.0412376	0.00467611	0.0107266	0.0195234	0.00664277	0.160989	0.0112078	0.01368	0.159605	0.0200002	0.00875503	0.0243216	0.00489034	0.0338464	0.410922	0.0226544	0.023187	0.0118363	0.00581668	0.00548168
5	0.199318	0.0132488	0.0140161	0.00968411	0.00179286	0.500853	0.00281062	0.00362377	0.00606157	0.00527599	0.00367904	0.0243075	0.00412778	0.0139365	0.00294336	0.149451	0.032194	0.00961978	0.00147918	0.00157696
6	0.00797781	0.923149	0.00228632	0.00350522	0.00292236	0.00496609	0.00305412	0.00508542	0.0034755	0.00535505	0.00401021	0.00350823	0.00216665	0.00301787	0.00328359	0.00581059	0.00692564	0.00601958	0.00111147	0.00236884
7	0.402189	0.0741525	0.00143124	0.00529925	0.00373864	0.0296541	0.00156086	0.060246	0.0017907	0.0274588	0.0157113	0.00252315	0.0125486	0.00498279	0.00163222	0.195411	0.092299	0.0620198	0.000579926	0.0047709
8	0.0109584	0.00914846	0.000738993	0.00354025	0.432356	0.00502051	0.0311346	0.00930322	0.00113694	0.0419545	0.0191118	0.0065201	0.00333584	0.00100238	0.00116828	0.0144959	0.00561372	0.0148711	0.01621	0.372379
9	0.119189	0.0418424	0.148199	0.152603	0.0125251	0.0541444	0.0511913	0.0250687	0.0420477	0.0334855	0.0146261	0.0171152	0.00617848	0.0157414	0.0264809	0.0662437	0.0535076	0.0253836	0.00654236	0.0878845
10	0.0194499	0.0042283	0.00725272	0.00202955	0.00036331	0.949837	0.000406103	0.000786589	0.000663621	0.000808241	0.000507626	0.00266519	0.000370089	0.00103327	0.00269172	0.00252322	0.00304976	0.000812887	0.000191409	0.000329037
11	0.287215	0.0505294	0.00119733	0.010195	0.00209814	0.0159998	0.00178587	0.00844029	0.00214743	0.00867684	0.00309327	0.0120192	0.00447866	0.0108254	0.00137059	0.479551	0.0742965	0.0238502	0.000528253	0.00170258
12	0.0278305	0.00380613	0.014152	0.0242962	0.00957706	0.0252117	0.0163064	0.0248204	0.159261	0.0499531	0.10458	0.0478521	0.0110395	0.0936459	0.228295	0.069924	0.057907	0.0121218	0.00716439	0.0122547
13	0.0423159	0.0116932	0.00131492	0.00399577	0.00589988	0.00392881	0.00302165	0.292822	0.00466276	0.0527437	0.0160282	0.0125054	0.00692615	0.00660076	0.00181643	0.0137875	0.0250183	0.478335	0.0123988	0.00418394
14	0.104998	0.00550134	0.00847434	0.00349388	0.00384951	0.0117514	0.00257319	0.116764	0.00347543	0.00509559	0.0181611	0.00301785	0.0215416	0.00249678	0.00263417	0.100777	0.142003	0.438291	0.00112244	0.0039786
15	0.0154245	0.00310894	0.0010429	0.00132994	0.119461	0.00342889	0.00306445	0.11927	0.0036871	0.48095	0.11563	0.00570226	0.000591959	0.00723426	0.00414049	0.00947089	0.0102061	0.0601213	0.0165864	0.0195474
16	0.139617	0.00573289	0.00455194	0.00899783	0.100198	0.10253	0.017781	0.0606261	0.0288346	0.0774419	0.061288	0.044318	0.00594556	0.0530562	0.0218712	0.0737109	0.037734	0.0768915	0.0042025	0.0746707
17	0.0839285	0.00560054	0.0146435	0.0231938	0.00298199	0.019723	0.0417964	0.00823129	0.0246523	0.00844374	0.00738497	0.0201705	0.566901	0.0299264	0.0331936	0.0404817	0.0368815	0.0184587	0.00474576	0.00866042
18	0.00413162	0.00370372	0.000333024	0.000483658	0.0177974	0.000534565	0.000378239	0.578262	0.0024453	0.10321	0.0305662	0.000565788	0.000297074	0.00039137	0.000303945	0.00226133	0.0202159	0.218935	0.000208925	0.0149739
19	0.184673	0.00790858	0.00619497	0.00733244	0.00606073	0.0758116	0.00672921	0.012066	0.0630467	0.01215	0.00819823	0.0110392	0.0433849	0.00897756	0.117072	0.048945	0.177071	0.194715	0.00329015	0.00533338
20	0.0133004	0.000706013	0.772582	0.0525929	0.00444087	0.023409	0.0185121	0.00148508	0.00594314	0.00159926	0.00674258	0.0623319	0.000961553	0.0109374	0.00521931	0.00663746	0.00817539	0.0031618	0.000399671	0.000862257
21	0.325138	0.0341866	0.00103571	0.00198739	0.0239473	0.0462448	0.00708271	0.10968	0.00190769	0.0806614	0.0672154	0.00212751	0.00210902	0.0019074	0.00166137	0.0520165	0.0207328	0.21542	0.000769216	0.00416961
22	0.116159	0.0150181	0.000738036	0.0108572	0.0262494	0.00822711	0.00445727	0.202895	0.00730239	0.164636	0.0253902	0.00352724	0.01025	0.00254145	0.00109544	0.00444731	0.0267061	0.344906	0.00307913	0.0215168
23	0.0267556	0.00589055	0.0164254	0.0136763	0.0102957	0.0213683	0.371746	0.0633985	0.0219077	0.0534547	0.0167637	0.115432	0.0136141	0.0594124	0.0173045	0.0390295	0.0879258	0.0288331	0.00315345	0.0136126
24	0.0197789	0.00378928	0.000670254	0.000646737	0.0187713	0.00110843	0.000665686	0.345671	0.00162643	0.31804	0.0562781	0.000669893	0.000321578	0.00263874	0.000500223	0.00185045	0.00912476	0.211303	0.000677159	0.0058678
25	0.0308387	0.0130598	0.000911393	0.00211147	0.000853181	0.00313395	0.000501582	0.268185	0.000773815	0.0248325	0.011026	0.00347028	0.00400203	0.0013545	0.000409427	0.0151609	0.0329192	0.584408	0.00133042	0.000718028
26	0.0386184	0.00613274	0.0344254	0.0172745	0.0144888	0.0180224	0.526827	0.0251031	0.0199728	0.0228051	0.0142366	0.050496	0.0209985	0.0335155	0.0143057	0.0321439	0.0432747	0.0194359	0.00720845	0.0407149
27	0.255048	0.0170115	0.00696582	0.0072732	0.00192722	0.428129	0.0027586	0.0045781	0.00366834	0.00527574	0.00506616	0.0143928	0.00278947	0.00855793	0.00252938	0.176611	0.0411341	0.013973	0.000793826	0.0015173
28	0.116097	0.00745099	0.0101477	0.017457	0.00307083	0.0368526	0.0335574	0.0102738	0.0128725	0.0108837	0.0097987	0.0163285	0.527321	0.0134947	0.0196173	0.0974431	0.0274449	0.018329	0.00265738	0.00890147
29	0.0666775	0.0130576	0.00061281	0.00292115	0.00505759	0.0032685	0.0022884	0.329822	0.00688185	0.0834785	0.0210809	0.0107853	0.0129219	0.0124753	0.00165605	0.0178827	0.0288318	0.371966	0.00561353	0.00272051
30	0.0906449	0.00439543	0.0322381	0.0104871	0.0022889	0.696039	0.00231974	0.0041968	0.00799317	0.0053351	0.00336885	0.0183516	0.00516096	0.0160011	0.00492831	0.0432759	0.0452612	0.00442043	0.00152475	0.00176814
31	0.00797781	0.923149	0.00228632	0.00350522	0.00292236	0.00496609	0.00305412	0.00508542	0.0034755	0.00535505	0.00401021	0.00350823	0.00216665	0.00301787	0.00328359	0.00581059	0.00692564	0.00601958	0.00111147	0.00236884
32	0.429269	0.024893	0.00790026	0.0224827	0.0049798	0.105067	0.0046749	0.0339266	0.00615236	0.0287288	0.01541	0.00727101	0.00634526	0.0116687	0.00239914	0.155629	0.0762129	0.0521295	0.00137847	0.00348187
33	0.166852	0.004643	0.00464868	0.00614771	0.103372	0.0807421	0.0433505	0.0160429	0.0384012	0.016301	0.0156126	0.0125021	0.00797757	0.0419815	0.0345433	0.0648272	0.0466395	0.062807	0.0163771	0.216231
34	0.0813544	0.0735617	0.00649066	0.0133018	0.135518	0.0205477	0.0328287	0.0140454	0.0102669	0.0263642	0.0212247	0.121146	0.00584066	0.012497	0.0108149	0.112744	0.0424797	0.0174922	0.0400874	0.201394
35	0.183964	0.0241406	0.00400982	0.00808856	0.00284462	0.021175	0.00766167	0.00453131	0.00446532	0.00716957	0.00295056	0.0305153	0.0123878	0.00881027	0.00232754	0.547219	0.109095	0.0161827	0.000535487	0.00192632
36	0.0267086	0.00518633	0.0348318	0.0278062	0.0180135	0.0649373	0.0383175	0.0247755	0.0477223	0.0357808	0.0623534	0.0245197	0.0147337	0.0628077	0.151873	0.0422637	0.0396056	0.015786	0.199603	0.0623746
37	0.107948	0.00464558	0.134703	0.0724668	0.00507948	0.342633	0.00518527	0.0329483	0.00742922	0.0576406	0.00591377	0.0852877	0.00369282	0.00907673	0.00530891	0.043852	0.0375766	0.0097	0.0249167	0.00399617
38	0.113951	0.00469955	0.00738439	0.0070117	0.0127116	0.0959969	0.0112493	0.0529137	0.013223	0.0720387	0.008939	0.0933716	0.00556536	0.0323543	0.00507331	0.156178	0.208147	0.071575	0.00201662	0.0255997
39	0.0372963	0.00252705	0.00747143	0.0166659	0.00642897	0.0359966	0.00989892	0.0143351	0.197319	0.0226657	0.00841329	0.022099	0.002271	0.0354628	0.524125	0.016799	0.0201457	0.0103161	0.00390949	0.00585286
40	0.0286606	0.00277193	0.0672818	0.0509109	0.0118609	0.172267	0.0609967	0.0158394	0.0899457	0.033035	0.0370153	0.0618517	0.0406127	0.0429425	0.105331	0.076663	0.051581	0.00986629	0.0122176	0.028349
41	0.140647	0.0053033	0.0136642	0.00412171	0.00812679	0.0299456	0.0245647	0.00605104	0.0319572	0.00986122	0.00274023	0.0795898	0.0101308	0.00956175	0.0101015	0.410399	0.163929	0.0340869	0.000763851	0.00445487
42	0.0655332	0.00513122	0.00515716	0.015866	0.011758	0.0385576	0.00990225	0.0357605	0.135645	0.146389	0.0604303	0.0490291	0.00499556	0.0406593	0.177297	0.0701027	0.056719	0.0445159	0.00374536	0.0228061
43	0.0136847	0.00327241	0.00323436	0.0185161	0.00480969	0.00805607	0.00419798	0.00842398	0.00639727	0.00948475	0.00646811	0.00658066	0.0369549	0.00566126	0.00507238	0.111216	0.734292	0.00822469	0.00181594	0.00363609
44	0.0180832	0.00102878	0.733644	0.0615292	0.00424059	0.0292405	0.0186676	0.00174777	0.0106793	0.00239491	0.00764044	0.0624214	0.00119931	0.0159308	0.00646608	0.00942375	0.00917997	0.00517793	0.000335171	0.000969621
45	0.0153487	0.0145187	0.000864503	0.00151301	0.0263442	0.00178351	0.00112713	0.234011	0.00129031	0.28231	0.325385	0.00230362	0.000727543	0.00428124	0.00124085	0.00334866	0.00551412	0.0727757	0.0032902	0.00202178
46	0.0348603	0.00510722	0.0100564	0.0358538	0.00567519	0.0730815	0.0113172	0.015479	0.117843	0.01622	0.0350568	0.083001	0.00538217	0.101919	0.112303	0.18404	0.134773	0.0116444	0.00122866	0.00515912
47	0.0252709	0.00247474	0.141342	0.627279	0.00240003	0.038113	0.014883	0.00427113	0.0118293	0.0209805	0.00969469	0.00561596	0.00142633	0.00518446	0.00445198	0.0150494	0.04368	0.0154897	0.0010493	0.00951535
48	0.0235574	0.00254961	0.0270346	0.0334627	0.0139416	0.029385	0.0299187	0.0311728	0.142206	0.0426564	0.0872203	0.096545	0.0203879	0.0638369	0.158251	0.0846094	0.0869357	0.00866089	0.00307268	0.0145956
49	0.013031	0.000695368	0.775042	0.052858	0.00440817	0.0235061	0.0178062	0.00147868	0.00588224	0.0015512	0.00676497	0.0617437	0.00063574	0.0109622	0.00522941	0.00658349	0.00761527	0.00310503	0.000346086	0.000754789
50	0.0227187	0.0116222	0.000348068	0.00162812	0.00367845	0.00173526	0.000436608	0.345796	0.00100109	0.0388659	0.0140405	0.00324222	0.00209886	0.00107796	0.000334052	0.00654792	0.0218909	0.518395	0.00142794	0.00311467
51	0.0251925	0.0127074	0.000334852	0.00174253	0.00260417	0.00183098	0.000368605	0.336583	0.000935709	0.0367121	0.0136227	0.00351731	0.00242321	0.00142246	0.000344401	0.00748675	0.0228217	0.52576	0.00151259	0.00207702
52	0.0115101	0.00971161	0.00113881	0.00319239	0.449839	0.00774282	0.0366542	0.0080871	0.00139938	0.0458143	0.0240585	0.00668941	0.00274024	0.00133853	0.00136239	0.0142329	0.00825674	0.0118864	0.0168611	0.337484
53	0.0201677	0.00430972	0.00734267	0.00212827	0.000405201	0.947641	0.000417966	0.000764649	0.00074275	0.000802475	0.000562441	0.00277271	0.000412496	0.00111822	0.00268539	0.00322815	0.00306352	0.000907721	0.000185129	0.000341974
54	0.285545	0.0217105	0.00454274	0.00680523	0.002153	0.361972	0.00344118	0.00503268	0.00315512	0.00538196	0.00533689	0.013502	0.0027438	0.00673928	0.00204653	0.202612	0.048328	0.0166285	0.000810254	0.00151432
55	0.0340026	0.00294653	0.205743	0.454101	0.00291279	0.0633552	0.0311383	0.00387335	0.0231706	0.0145266	0.00902916	0.023641	0.00315027	0.0199714	0.00331014	0.0250971	0.0344983	0.0354225	0.000988893	0.0091206
56	0.1037	0.0017742	0.0399522	0.136165	0.00117538	0.0217737	0.0210915	0.00207634	0.243698	0.00272892	0.00379318	0.0933219	0.0536215	0.0730262	0.112168	0.0513935	0.0327206	0.00467257	0.000328195	0.000819811
57	0.0134938	0.00122642	0.00477508	0.0140947	0.00226286	0.00962131	0.0169668	0.00451077	0.652228	0.0163839	0.00294317	0.0185188	0.00117339	0.0163156	0.195333	0.0129162	0.0104501	0.00333858	0.00179658	0.00165166
58	0.0106285	0.00827504	0.0027621	0.00235815	0.0804299	0.00506326	0.00176961	0.0692108	0.00229243	0.661457	0.0577163	0.00337456	0.00104842	0.00832022	0.00230585	0.00935635	0.0109745	0.0443268	0.00424244	0.0140882
59	0.168685	0.0123667	0.0864187	0.101758	0.0284142	0.0310317	0.0263665	0.0492807	0.0883549	0.0606496	0.0185989	0.00295477	0.00146585	0.0130081	0.0438715	0.0365703	0.0501482	0.036965	0.00973337	0.133358
60	0.41374	0.0614229	0.00114168	0.00491412	0.0045844	0.0345486	0.00136862	0.0736085	0.00164205	0.0278504	0.0182262	0.00185406	0.0109993	0.00481775	0.00122629	0.176555	0.0911615	0.0640596	0.000498999	0.00578061
61	0.00806674	0.00670413	0.000319145	0.000565833	0.0163437	0.000671379	0.000458241	0.54127	0.00225036	0.126086	0.0606342	0.000529445	0.00026552	0.000764852	0.00039923	0.00190446	0.0173811	0.202808	0.000248066	0.0123304
62	0.0455971	0.00161863	0.124225	0.185569	0.00259462	0.015379	0.0135392	0.0391076	0.119069	0.112598	0.00315212	0.00753193	0.0013513	0.048262	0.176059	0.0111509	0.0397297	0.050331	0.0010155	0.00211878
63	0.0155742	0.00223475	0.034818	0.36979	0.0141261	0.0253566	0.0790684	0.0174602	0.0886796	0.013376	0.0145675	0.0111724	0.00571138	0.127331	0.052228	0.0179998	0.0240553	0.00782802	0.0100498	0.0685732
64	0.13478	0.0257819	0.000781713	0.0046243	0.015705	0.00655229	0.00277868	0.235452	0.00518341	0.160593	0.0275851	0.00517599	0.00781891	0.00504843	0.0011807	0.00986072	0.032137	0.305441	0.00283615	0.0106829
65	0.112472	0.00142123	0.0377443	0.124517	0.00100831	0.0224513	0.021419	0.0024037	0.22792	0.00234332	0.00264038	0.101189	0.0713823	0.0627409	0.106054	0.0629099	0.0305888	0.00753384	0.000434528	0.000827532
66	0.39961	0.0183692	0.00470283	0.0065803	0.0218945	0.0996149	0.00555723	0.058183	0.00644154	0.0560033	0.0535278	0.00486577	0.00251472	0.00916614	0.00245346	0.0916249	0.0355253	0.117791	0.00138586	0.00418723
67	0.0262867	0.0103996	0.000359708	0.00146573	0.00447002	0.00165995	0.000401944	0.371751	0.00178107	0.0442266	0.0161529	0.00346306	0.00303926	0.00210351	0.000400199	0.00686887	0.0222797	0.477719	0.00155927	0.00361131
68	0.0442362	0.0285632	0.00370885	0.00699951	0.278214	0.0770027	0.00583229	0.0085792	0.00758205	0.0575531	0.00614069	0.0328851	0.00308797	0.00632577	0.00482058	0.150691	0.231481	0.011602	0.0278749	0.00681913
69	0.0268573	0.0134887	0.000322941	0.00179764	0.00177006	0.00191906	0.000361677	0.302401	0.000790637	0.032208	0.0121059	0.00361323	0.0024925	0.00126024	0.000328347	0.00766924	0.0229055	0.564985	0.00135555	0.00136763
70	0.0251458	0.0310293	0.0109281	0.0448728	0.0625789	0.0212777	0.129852	0.0192839	0.0150428	0.0389222	0.0384446	0.0764184	0.00225042	0.0387276	0.018333	0.0799769	0.0715198	0.00896147	0.01085	0.255584
71	0.232901	0.0412764	0.00113428	0.0125102	0.00175045	0.0121699	0.00221276	0.00188303	0.00203546	0.00835648	0.00185281	0.0174694	0.00393285	0.0183436	0.00155787	0.542515	0.0819605	0.0144583	0.000523118	0.00115604
72	0.0263224	0.00556225	0.0101972	0.064919	0.00750464	0.0127617	0.00778598	0.0137749	0.0203585	0.0174758	0.00968066	0.0147418	0.0231207	0.0143162	0.0209413	0.068697	0.638933	0.0134494	0.00316327	0.00629374
73	0.00850357	0.919849	0.00241471	0.00367714	0.00304443	0.00512773	0.00312201	0.00508513	0.00347629	0.00552076	0.00431214	0.00379586	0.00218957	0.0031132	0.00339672	0.00598271	0.0070355	0.00664764	0.00120912	0.00249695
74	0.0713182	0.0112724	0.00066228	0.00702296	0.0135229	0.00568527	0.00437495	0.293785	0.00972672	0.132165	0.0267011	0.00858608	0.015493	0.00920171	0.00246786	0.0115309	0.0308673	0.331965	0.00440933	0.00924215
75	0.0667288	0.00313881	0.00801506	0.00352304	0.00305699	0.0110549	0.0027162	0.126863	0.00335123	0.00499738	0.0124236	0.00345772	0.0423105	0.00295102	0.00296651	0.113948	0.143204	0.440607	0.00136539	0.00331995
76	0.353355	0.0144917	0.0433139	0.0501721	0.0043571	0.202848	0.0096864	0.0105851	0.0132093	0.0135712	0.0125733	0.0223159	0.00357578	0.0149667	0.00583335	0.136306	0.0468944	0.0327925	0.0042411	0.00491203
77	0.0119922	0.00521378	0.00246013	0.00114374	0.0589334	0.00500358	0.000941044	0.109652	0.00107434	0.599206	0.0969764	0.00284123	0.000624939	0.0107077	0.00122944	0.00885446	0.00819794	0.0603159	0.00554901	0.00908332
78	0.00472877	0.00163486	0.00156343	0.0108886	0.00172139	0.00321872	0.0104673	0.661212	0.00273222	0.00384161	0.0270983	0.00239759	0.00116158	0.00196284	0.00204029	0.00383413	0.164686	0.0923728	0.000874243	0.00156404
79	0.0213118	0.00434216	0.00732392	0.0020813	0.000385512	0.945185	0.000400352	0.000785335	0.000819381	0.000824548	0.000588748	0.00283451	0.000430958	0.0012584	0.00264858	0.00394774	0.00332585	0.000966109	0.000198164	0.000341568
80	0.0149568	0.00107056	0.723	0.0856739	0.00689283	0.0281275	0.0177273	0.0023219	0.00748594	0.00308163	0.00703457	0.0556542	0.000859441	0.0115245	0.00511516	0.00930439	0.0119655	0.00587687	0.000408777	0.00191788
81	0.0134772	0.000673042	0.771135	0.0544596	0.00443507	0.0239315	0.017619	0.00147556	0.00637858	0.00162057	0.00685039	0.0616141	0.000661122	0.0113195	0.00514495	0.00699837	0.007785	0.00329465	0.000343287	0.0007837
82	0.00362562	0.00356592	0.000326977	0.000401391	0.0179482	0.000505025	0.000365531	0.579842	0.00237934	0.105316	0.0309469	0.000433257	0.000172971	0.000348918	0.000292715	0.00212067	0.0200263	0.21637	0.000142545	0.0148702
83	0.0714986	0.000963212	0.238959	0.231319	0.00281344	0.0788569	0.031145	0.00352619	0.0723189	0.00935953	0.0179782	0.067205	0.00599728	0.0592945	0.00449706	0.0434911	0.0302395	0.0288109	0.000499947	0.00122663
84	0.52883	0.00594997	0.0189756	0.00922423	0.00982008	0.0673084	0.00406017	0.0081584	0.0231485	0.01058	0.0167628	0.00961533	0.0017341	0.0293811	0.00873237	0.133732	0.049196	0.0564925	0.0068144	0.00148352
85	0.0298291	0.0140542	0.000378593	0.00195023	0.000798022	0.00215795	0.000403118	0.284293	0.00079138	0.0286676	0.0112064	0.00402174	0.00296531	0.00161579	0.000337205	0.00896422	0.0245	0.580803	0.00156975	0.000693341
86	0.253744	0.159119	0.00157038	0.00687977	0.00220303	0.0083143	0.00217618	0.00716703	0.00251372	0.00789534	0.00343953	0.00771052	0.00425368	0.00728717	0.0022742	0.432546	0.0396985	0.0482377	0.000923294	0.00204705
87	0.0535384	0.000955219	0.00540262	0.01745	0.00306377	0.0318203	0.0127516	0.00935522	0.30051	0.0132894	0.00167208	0.0331062	0.000507838	0.0489159	0.433803	0.0119832	0.0132645	0.00389542	0.00389844	0.000816889
88	0.206451	0.00472593	0.0314522	0.206554	0.00514494	0.0171407	0.0112194	0.00678102	0.148658	0.0122639	0.00849903	0.0177525	0.00028605	0.0931375	0.0969639	0.0379959	0.0521527	0.0256626	0.00447925	0.0126791
89	0.0109764	0.0358277	0.00195531	0.00561398	0.0058772	0.00825855	0.0333519	0.347965	0.0790286	0.146953	0.0280423	0.00968379	0.00312548	0.00718732	0.023843	0.00703324	0.089111	0.152322	0.00134207	0.00250213
90	0.027841	0.00159451	0.0153816	0.026483	0.00196644	0.0035434	0.0064695	0.00309899	0.040716	0.00381792	0.00273864	0.0256815	0.656554	0.0216764	0.0605135	0.00586634	0.0560376	0.0220562	0.00971619	0.00824723
91	0.0286133	0.014237	0.000342203	0.00193273	0.00076542	0.00206668	0.000378333	0.284641	0.000733306	0.0281685	0.0110696	0.00393934	0.00273329	0.00144053	0.000338053	0.00828544	0.0235599	0.58462	0.00149678	0.000638021
92	0.00338812	0.00355475	0.000328355	0.000402414	0.0179962	0.000504101	0.00037512	0.582139	0.00239997	0.103657	0.030862	0.000436463	0.000174975	0.000328499	0.000294988	0.00213957	0.0200934	0.215774	0.000147673	0.0150028
93	0.236844	0.0122502	0.00297329	0.0170557	0.00233215	0.0767235	0.00768415	0.0118462	0.00263999	0.0109603	0.00906212	0.00344598	0.441605	0.00515106	0.00922886	0.0944585	0.0222784	0.0219761	0.000856757	0.0106275
94	0.0678272	0.0182684	0.00204498	0.00817517	0.0449214	0.00991175	0.00419251	0.238471	0.00572509	0.110855	0.0246499	0.0110103	0.00692618	0.00378918	0.00232976	0.013724	0.0272721	0.371398	0.0043442	0.0241632
95	0.0271231	0.00299799	0.0477388	0.0618949	0.00536211	0.0136927	0.110923	0.0580818	0.0934785	0.0121472	0.0478466	0.242718	0.0263074	0.110997	0.055991	0.0459586	0.0228086	0.0066592	0.00254929	0.00472414
96	0.268069	0.141334	0.00152958	0.00677171	0.0020687	0.00847772	0.00196185	0.00777307	0.00247396	0.00751426	0.00343066	0.00777263	0.00413248	0.00724688	0.0021353	0.436793	0.0431228	0.0445635	0.000776835	0.00205183
97	0.180576	0.0099001	0.00419696	0.0255316	0.00167672	0.0559151	0.00918369	0.0108946	0.00371778	0.00951885	0.0096638	0.00344104	0.527366	0.00506447	0.012636	0.0803784	0.0237839	0.0180376	0.0012883	0.00722891
98	0.0195374	0.00418588	0.0073535	0.00211565	0.000369674	0.948872	0.000418357	0.000755373	0.000829013	0.000776015	0.000513882	0.00292103	0.000412609	0.00111851	0.00267263	0.00281459	0.00301799	0.000793629	0.000191972	0.000330353
99	0.0118355	0.00926285	0.000960236	0.00340127	0.443428	0.00619589	0.0307336	0.0131007	0.00162044	0.0556686	0.0239564	0.00639811	0.00295598	0.00121553	0.00169413	0.0139799	0.00701552	0.0158451	0.0157086	0.335023
100	0.0882971	0.00527636	0.018977	0.00290725	0.00592905	0.0298596	0.0250837	0.00528529	0.0186214	0.00736378	0.00211558	0.117099	0.0159668	0.00647709	0.0104304	0.499566	0.107569	0.0278616	0.000588773	0.00472443
101	0.0465472	0.00407231	0.0245578	0.0796131	0.00522908	0.0212771	0.0218938	0.00943039	0.412677	0.0158254	0.0109949	0.0335304	0.00622834	0.0924672	0.140681	0.026846	0.0297485	0.011007	0.00261973	0.00475413
102	0.105275	0.00555086	0.0259486	0.00899968	0.00634769	0.0428432	0.0175089	0.0228583	0.0806486	0.0109273	0.0076733	0.137072	0.0134858	0.0146047	0.0541815	0.298431	0.0948125	0.0463233	0.00153495	0.00497316
103	0.175069	0.0103621	0.087225	0.0914701	0.0147732	0.0323493	0.0214183	0.0549793	0.0811004	0.115139	0.0222956	0.00373343	0.0018501	0.0116224	0.0443426	0.0298613	0.047163	0.0471256	0.00697083	0.10115
104	0.0192915	0.00420814	0.0073125	0.00208104	0.00035675	0.949989	0.000413211	0.000769311	0.000765857	0.000806372	0.00050435	0.00276692	0.00038947	0.000933025	0.00269678	0.00244139	0.0029218	0.000805776	0.000209435	0.000337021
105	0.0398561	0.024638	0.0133709	0.0248243	0.0333654	0.0278731	0.139957	0.00920002	0.0134842	0.0284312	0.0271044	0.184744	0.00965511	0.0257812	0.0167466	0.1803	0.080914	0.0137067	0.00558961	0.100458
106	0.0520084	0.00455918	0.0413426	0.112125	0.00341472	0.0308978	0.0337761	0.00528057	0.298362	0.0123712	0.0168973	0.0452234	0.00274731	0.0903021	0.187131	0.0294162	0.0289817	0.00316203	0.000482992	0.00151932
107	0.0275261	0.00466635	0.000376802	0.00160411	0.0209808	0.00175131	0.00144725	0.38669	0.00454491	0.228689	0.0565783	0.00160682	0.00185593	0.00273678	0.000731301	0.00228643	0.0137686	0.233165	0.000699771	0.00829446
108	0.8071	0.0170517	0.000950236	0.000944464	0.000981802	0.0489998	0.000909787	0.00351819	0.00123754	0.00177627	0.00152418	0.00480203	0.00851984	0.00204318	0.00101426	0.0520794	0.0143266	0.0294634	0.000408832	0.00234871
109	0.343972	0.0568804	0.00856034	0.0151093	0.00455083	0.204912	0.00743404	0.0120964	0.0111588	0.0120871	0.0112814	0.0373823	0.00751392	0.0313463	0.00625142	0.146132	0.0437834	0.0324745	0.00206285	0.00501061
110	0.0733751	0.000913766	0.229853	0.230099	0.00306428	0.0671722	0.0292328	0.00400393	0.0850234	0.0100322	0.0171928	0.0693209	0.00532355	0.0617848	0.0117581	0.0422499	0.0328199	0.025182	0.000457201	0.00114072
111	0.446462	0.0050291	0.0102222	0.00655738	0.00699381	0.0574314	0.0039519	0.0143282	0.0390481	0.0178389	0.0250106	0.0145213	0.00214665	0.0480921	0.00521401	0.133576	0.0713061	0.0866913	0.00381789	0.00176196
112	0.0270761	0.00463044	0.000342323	0.000484431	0.0177246	0.000624406	0.000543834	0.275861	0.00124107	0.340833	0.0773462	0.000551014	0.000369499	0.0037466	0.000414263	0.000810589	0.00795269	0.237242	0.000301907	0.00190412
113	0.0205473	0.00416115	0.00193076	0.00218502	0.198249	0.0140505	0.00465837	0.108389	0.0217447	0.324261	0.10226	0.0036788	0.00104454	0.00343607	0.0260388	0.0119207	0.009813	0.0822182	0.0114447	0.0479679
114	0.0468098	0.000638214	0.111127	0.278549	0.00313543	0.00947474	0.0132605	0.0158181	0.141712	0.0105492	0.00365398	0.0398672	0.00060308	0.0748275	0.140922	0.0384497	0.0405454	0.0290994	0.000300177	0.000657671
115	0.00711459	0.00341963	0.0351834	0.0380005	0.0279574	0.0235436	0.290669	0.0216518	0.0392086	0.0153921	0.0227832	0.0177006	0.00242627	0.0591737	0.0464319	0.0220129	0.0310896	0.0076672	0.0253651	0.263209
116	0.030155	0.00404595	0.000329892	0.000546661	0.0188168	0.000691411	0.000595906	0.273039	0.00156841	0.330708	0.0688797	0.000586053	0.000488387	0.00323655	0.000413626	0.000868933	0.00828225	0.254505	0.000317095	0.00192572
117	0.00338812	0.00355475	0.000328355	0.000402414	0.0179962	0.000504101	0.00037512	0.582139	0.00239997	0.103657	0.030862	0.000436463	0.000174975	0.000328499	0.000294988	0.00213957	0.0200934	0.215774	0.000147673	0.0150028
118	0.0325872	0.000900178	0.0384336	0.0163923	0.00101842	0.726681	0.00186199	0.00223282	0.0182927	0.0029268	0.00137994	0.0326728	0.0119108	0.0422261	0.00744057	0.0441164	0.014796	0.00220133	0.000822242	0.00110693
119	0.0125649	0.00261843	0.00460797	0.0403435	0.00443171	0.021012	0.00635362	0.0210375	0.104209	0.0418818	0.020746	0.0435528	0.016476	0.0645863	0.136134	0.0366544	0.409598	0.00717914	0.00141476	0.00459881
120	0.0778767	0.00348771	0.131565	0.0170661	0.00459824	0.0368965	0.0183317	0.0108671	0.085922	0.0104027	0.00757529	0.106173	0.0393897	0.0131528	0.0762545	0.239342	0.0655426	0.0468121	0.00229611	0.00644893
121	0.00349128	0.0035537	0.00032486	0.000387949	0.017983	0.000504342	0.000380853	0.580595	0.00238466	0.104534	0.0309826	0.000440769	0.000179816	0.000357033	0.000297511	0.00215208	0.0200356	0.216359	0.000148647	0.0149062
122	0.0517868	0.0424013	0.0107755	0.00325408	0.00282529	0.0321417	0.00738868	0.0109358	0.00323757	0.0163433	0.00339414	0.60441	0.00217893	0.00265666	0.00285102	0.118993	0.0630127	0.0179325	0.00118872	0.00229237
123	0.0123522	0.00348948	0.000452218	0.000529537	0.0210269	0.000714844	0.000623996	0.439577	0.00181414	0.238524	0.048779	0.000542406	0.000229617	0.00159122	0.000400511	0.00185592	0.0127547	0.203518	0.000886925	0.010337
124	0.0192567	0.00246707	0.00107522	0.00131801	0.123626	0.00272296	0.00392774	0.179996	0.00249406	0.392831	0.104909	0.00317993	0.00047362	0.0038265	0.002763	0.00885973	0.00996746	0.0953522	0.0156499	0.0253048
125	0.0320416	0.00472757	0.00716487	0.00232048	0.000430193	0.9239	0.000647516	0.0011264	0.000907775	0.00129789	0.000775129	0.00309746	0.000484479	0.00171847	0.00277904	0.00969755	0.004785	0.00148292	0.000199969	0.000415868
126	0.0178715	0.00130642	0.416139	0.38498	0.00312845	0.0327192	0.0160127	0.00231881	0.00997292	0.00933858	0.00686107	0.0301585	0.00101781	0.0087575	0.00553662	0.0120315	0.0242116	0.0121737	0.000615797	0.00484847
127	0.0108132	0.00872423	0.000802394	0.00385415	0.347976	0.00392724	0.033511	0.0112127	0.00105725	0.0376807	0.0153149	0.00748154	0.00352316	0.000996805	0.00112894	0.0156979	0.00447739	0.0195685	0.0177713	0.45448
128	0.036565	0.0218973	0.0284643	0.0077062	0.00385145	0.0210357	0.0160813	0.0140067	0.00841782	0.0117927	0.00638999	0.597496	0.00829829	0.00708931	0.00867009	0.123422	0.0531085	0.0203007	0.00148408	0.00392265
129	0.0262044	0.0103339	0.000379763	0.00163312	0.00718245	0.0016804	0.000395859	0.330062	0.00133672	0.0967475	0.0246224	0.00279006	0.00213561	0.00152913	0.000392199	0.00595456	0.0195887	0.462699	0.00118287	0.00315005
130	0.432891	0.0240193	0.00847795	0.0137122	0.0038269	0.178243	0.00450537	0.0120977	0.00706174	0.0123025	0.0150702	0.0103859	0.00407737	0.0191244	0.00259095	0.147643	0.0551201	0.0445876	0.00182262	0.00244047
131	0.0393623	0.00233461	0.113145	0.0780646	0.00941748	0.0534206	0.0356636	0.0190703	0.0991357	0.0270177	0.0335038	0.0515801	0.118594	0.0402371	0.119982	0.0729067	0.0424427	0.0085141	0.0114246	0.0241833
132	0.0263723	0.00636326	0.00522695	0.00185215	0.0732081	0.00922374	0.00307053	0.134565	0.00272358	0.499284	0.0551213	0.00147916	0.00057836	0.00457368	0.0030066	0.0130711	0.00780945	0.115855	0.00461184	0.0320045
133	0.00924887	0.00662802	0.00202026	0.00223824	0.182699	0.00470943	0.00160134	0.02868	0.00536637	0.625617	0.0365255	0.00257154	0.000990463	0.00415325	0.0048153	0.00702897	0.00841047	0.0309784	0.00189131	0.0338261
134	0.0473863	0.000746481	0.106953	0.290813	0.00247769	0.00973764	0.0147863	0.0177175	0.148552	0.00849489	0.00421317	0.0452624	0.00111136	0.0799002	0.119057	0.0364666	0.0387913	0.0268169	0.000205079	0.00051061
135	0.0474235	0.00255664	0.0625065	0.157857	0.00249052	0.0214667	0.0247282	0.00282863	0.276029	0.0163821	0.00703665	0.0335308	0.00113432	0.0759829	0.209128	0.0250232	0.0260526	0.00705598	0.000276321	0.000509853
136	0.0214118	0.0203194	0.000867845	0.0014988	0.0124002	0.00171694	0.00114186	0.299238	0.00149653	0.206656	0.309303	0.0014524	0.000717116	0.00271458	0.00121193	0.00217682	0.00620135	0.105676	0.000598632	0.00320098
137	0.0192197	0.00425997	0.00694453	0.00198675	0.000360448	0.951846	0.000397841	0.000760874	0.000588265	0.000781362	0.000511918	0.0024676	0.000285235	0.000700445	0.00266437	0.00213506	0.00277339	0.000788131	0.000198218	0.000330388
138	0.00414192	0.00345971	0.000334053	0.000391843	0.0185314	0.000504839	0.000376596	0.571399	0.00234478	0.112794	0.0321594	0.000452552	0.000174265	0.000441511	0.000300789	0.00207087	0.0195126	0.215831	0.00014394	0.0146351
139	0.0813112	0.00142615	0.0534908	0.140756	0.00201711	0.0168075	0.0279091	0.00519696	0.198861	0.00519928	0.00668335	0.105382	0.0329623	0.0692539	0.160391	0.0455457	0.0395121	0.0059733	0.000365932	0.000955177
140	0.0302387	0.0144056	0.000352429	0.00202226	0.00108637	0.00213979	0.000389841	0.283214	0.000941416	0.0309699	0.0112711	0.00426799	0.00300574	0.0016429	0.000346665	0.00841095	0.0241936	0.578639	0.00157085	0.000891252
141	0.0143303	0.0034729	0.00116415	0.0169547	0.0177783	0.0273237	0.0397883	0.294926	0.0277586	0.147995	0.0366963	0.0527545	0.00651867	0.0335878	0.0286457	0.016262	0.0366183	0.193447	0.00126742	0.00270969
142	0.0301662	0.00228487	0.00126328	0.00123352	0.18077	0.00440091	0.00628865	0.182615	0.00351225	0.260964	0.111824	0.00209793	0.00040695	0.00102257	0.00451541	0.012392	0.0129506	0.118095	0.0167169	0.0464804
143	0.0135103	0.00362222	0.00381363	0.0114723	0.0046949	0.00720565	0.00443344	0.00759913	0.00557656	0.008521	0.00581078	0.00699267	0.0670244	0.00467168	0.00428167	0.210029	0.616333	0.00909127	0.00181657	0.00349957
144	0.0192512	0.00425393	0.00689381	0.00196864	0.000364885	0.951904	0.000404492	0.000770324	0.000566881	0.00076356	0.000496792	0.00242378	0.000305957	0.000675973	0.00265888	0.00216896	0.00281824	0.000790204	0.000189368	0.000329794
145	0.0132941	0.000803674	0.764001	0.0530596	0.00445565	0.0251821	0.0179971	0.00169034	0.00647888	0.00190604	0.00704699	0.0640492	0.00108071	0.0112332	0.00678366	0.00707924	0.00857128	0.00360632	0.000568199	0.00111246
146	0.311565	0.024065	0.00443942	0.00707749	0.00164281	0.356141	0.00307902	0.00349233	0.00183705	0.00454906	0.00559134	0.010919	0.00175242	0.00649282	0.00166531	0.195388	0.0434153	0.0146367	0.000775502	0.00147569
147	0.0508618	0.00840432	0.0359049	0.024106	0.00378279	0.0197338	0.0246538	0.0108469	0.0951894	0.0104238	0.00968905	0.0486711	0.00443616	0.0302996	0.146861	0.206698	0.238759	0.0260976	0.00113899	0.00344255
148	0.0569048	0.00308673	0.0798588	0.0186301	0.00726607	0.02134	0.353574	0.0102254	0.0412781	0.0144336	0.0135098	0.0598854	0.0659166	0.0374432	0.029709	0.059043	0.0630722	0.0276802	0.00688323	0.0302599
149	0.0458327	0.00268706	0.00845013	0.0244477	0.0129679	0.037382	0.0150192	0.0271953	0.117746	0.0693395	0.0774964	0.0626285	0.00963879	0.0477823	0.229886	0.0825259	0.0882967	0.0187628	0.00105957	0.0208549
150	0.811817	0.0167754	0.00116872	0.000939795	0.00108727	0.0452324	0.000878157	0.00341063	0.00127874	0.00168452	0.00150201	0.00473039	0.00858201	0.00218567	0.00117967	0.0508478	0.0138707	0.0299922	0.000501531	0.00233543
151	0.0636114	0.00658795	0.0394423	0.116402	0.00264947	0.0319806	0.0315402	0.00291005	0.307615	0.00852288	0.0115762	0.0449532	0.00457148	0.0912888	0.176186	0.0291962	0.0269072	0.00302166	0.00022618	0.000811189
152	0.040284	0.0118306	0.00355105	0.00339441	0.0675114	0.00802734	0.00368494	0.122969	0.00354689	0.4507	0.0523678	0.00176492	0.00184593	0.00388456	0.00392184	0.00954329	0.00939861	0.168008	0.00396548	0.0298002
153	0.0414595	0.0252789	0.0136493	0.00298856	0.00196285	0.0211561	0.00668101	0.0144431	0.00272183	0.0100257	0.00283067	0.631823	0.00191144	0.00221373	0.00265148	0.131686	0.0604134	0.023494	0.00101419	0.00159582
154	0.0388407	0.010386	0.000447832	0.0015344	0.0151824	0.00135096	0.00088043	0.273649	0.00237505	0.299285	0.0751086	0.00145522	0.00208763	0.00367021	0.000582172	0.00197113	0.014511	0.252118	0.000703511	0.00386109
155	0.0300172	0.0041313	0.000344592	0.000618465	0.0184949	0.00072891	0.000653432	0.271394	0.00152648	0.32904	0.0695258	0.000646683	0.000573433	0.00327033	0.000424699	0.000893833	0.00837189	0.256979	0.000379957	0.00198553
156	0.0206593	0.00349827	0.00253141	0.029374	0.0177736	0.0215592	0.0558229	0.239474	0.0234737	0.143828	0.0442888	0.0333792	0.00684755	0.071013	0.0208313	0.0173375	0.0256738	0.214042	0.00216202	0.00643018
157	0.00797781	0.923149	0.00228632	0.00350522	0.00292236	0.00496609	0.00305412	0.00508542	0.0034755	0.00535505	0.00401021	0.00350823	0.00216665	0.00301787	0.00328359	0.00581059	0.00692564	0.00601958	0.00111147	0.00236884
158	0.203769	0.00503243	0.0200041	0.0480495	0.0462161	0.0384407	0.039098	0.0191381	0.0687591	0.0226247	0.0276882	0.0155369	0.00604543	0.047595	0.0531841	0.143282	0.056947	0.0378737	0.00619119	0.0945255
159	0.0479534	0.00107439	0.0103825	0.0186806	0.00419076	0.0436055	0.00888331	0.01106	0.272245	0.0175213	0.00353241	0.0324195	0.000900587	0.0545625	0.419346	0.0191864	0.0243185	0.00524267	0.00381618	0.00107807
160	0.219406	0.035764	0.00225654	0.00957678	0.00209921	0.0124562	0.00490662	0.00236102	0.0032887	0.00651065	0.00185239	0.0228619	0.00519714	0.0109078	0.00159833	0.552734	0.0860861	0.0180775	0.000555802	0.00150298
161	0.0184798	0.00480161	0.004315	0.00745739	0.00929898	0.0486766	0.00660336	0.0497636	0.00908175	0.262478	0.266347	0.0091474	0.00401287	0.0357193	0.00732337	0.156066	0.0809396	0.0120687	0.00300999	0.00440975
162	0.0140723	0.00328056	0.0012189	0.0174968	0.0172607	0.0283659	0.0397633	0.291817	0.0278707	0.147282	0.0380903	0.055605	0.00630289	0.0335128	0.0281677	0.0168977	0.0388785	0.190114	0.00124286	0.00275959
163	0.0256338	0.00223813	0.0923931	0.0550079	0.0185657	0.0553178	0.0692511	0.0146113	0.0846066	0.0274372	0.0459953	0.0578456	0.0352988	0.0553391	0.0938034	0.0795533	0.0734808	0.0103665	0.0308742	0.0723806
164	0.0261791	0.00544657	0.000385551	0.000499729	0.0187107	0.000675152	0.00057434	0.2761	0.00121833	0.337344	0.0875674	0.000672789	0.000392455	0.00376914	0.000500615	0.000980261	0.00831669	0.228036	0.000428439	0.00220231
165	0.784917	0.0217144	0.0013705	0.00216286	0.00114026	0.0520312	0.00118787	0.00531664	0.0013897	0.00265579	0.00217538	0.00608057	0.00891849	0.0031077	0.000951602	0.051764	0.0181395	0.0317586	0.000427261	0.00279078
166	0.0485491	0.00258544	0.0546131	0.123877	0.00302668	0.0282893	0.0228433	0.00346273	0.281644	0.015027	0.00706412	0.0332647	0.000897063	0.0780338	0.234359	0.0263853	0.0287541	0.00643895	0.000346414	0.00053857
167	0.0264483	0.00228516	0.0817072	0.0549737	0.024076	0.0564436	0.0747758	0.0179964	0.0936603	0.0253062	0.0601766	0.0440866	0.0279668	0.0616634	0.0972174	0.0731491	0.0670074	0.0119482	0.024254	0.074858
168	0.00963587	0.00526996	0.0021274	0.00233011	0.0388924	0.00505451	0.00202149	0.0901715	0.00286405	0.367644	0.404716	0.00381112	0.0013947	0.00643426	0.00259569	0.0102125	0.00850336	0.0286996	0.00450803	0.0031131
169	0.00594812	0.0017475	0.018114	0.571498	0.00212484	0.00846823	0.012174	0.00397494	0.114787	0.00482484	0.00301034	0.00358995	0.0016273	0.168613	0.0405564	0.00557623	0.00573779	0.00512625	0.000879248	0.0216224
170	0.0555641	0.00104393	0.091186	0.354323	0.00190736	0.00519039	0.0108864	0.0377126	0.100849	0.0159313	0.00421127	0.0411268	0.000440892	0.0883511	0.0795957	0.0333151	0.0386686	0.0371787	0.000639712	0.00187826
171	0.049325	0.00263935	0.0538329	0.123231	0.0030107	0.0282956	0.0229911	0.00345746	0.282564	0.0147157	0.00711513	0.0334086	0.000915559	0.0780126	0.233603	0.02659	0.028887	0.00649891	0.000356345	0.000550715
172	0.0102936	0.00890885	0.000836684	0.00412547	0.318664	0.00425042	0.0485065	0.0090989	0.00114382	0.0338616	0.0179454	0.00667695	0.0027664	0.00203987	0.00111833	0.0143594	0.00534659	0.0140044	0.0204513	0.475601
173	0.0324395	0.000900327	0.0382814	0.0163956	0.00101878	0.726764	0.00185658	0.00220883	0.0182964	0.00285866	0.00142124	0.0328348	0.0118155	0.0426131	0.00736271	0.0440702	0.0147417	0.00220294	0.000802068	0.0011161
174	0.00448709	0.00167761	0.00145711	0.0101744	0.00167046	0.00286138	0.00989922	0.663844	0.00259498	0.00371459	0.0267468	0.00231845	0.00105491	0.00194008	0.00191966	0.00366611	0.163718	0.0939031	0.000876718	0.00147463
175	0.0720269	0.003635	0.0205342	0.0336113	0.00218404	0.0154939	0.00989126	0.00529935	0.0371416	0.00510129	0.00450592	0.0234346	0.599117	0.0194708	0.0533627	0.0263811	0.038732	0.0165842	0.00606155	0.00743098
176	0.117016	0.00968348	0.00885304	0.0241076	0.0861128	0.084171	0.0057062	0.181915	0.00399049	0.0384107	0.0155109	0.00732683	0.00289984	0.00495917	0.00301657	0.0647807	0.0755272	0.222965	0.00152909	0.0415179
177	0.0523614	0.016643	0.0228173	0.00345704	0.00396355	0.024632	0.0147321	0.00959163	0.00764012	0.00779179	0.00296709	0.375863	0.00801214	0.00355202	0.00563891	0.345611	0.0704218	0.02036	0.00107702	0.00286637
178	0.0113852	0.00924528	0.00090631	0.00328932	0.443539	0.0059387	0.032118	0.00964639	0.00129403	0.0465849	0.0209708	0.00645421	0.00311547	0.00124643	0.00126416	0.0143512	0.00664436	0.0143033	0.0161537	0.35155
179	0.0409914	0.0190095	0.00221154	0.00721027	0.152661	0.00600306	0.0057547	0.131942	0.00610363	0.182882	0.0436299	0.00801492	0.00543672	0.00217735	0.00567417	0.00974655	0.0159884	0.217308	0.00785123	0.129404
180	0.0193301	0.00416541	0.00770281	0.00227555	0.000376964	0.947293	0.000453014	0.000765793	0.000890297	0.000810305	0.00051481	0.00310708	0.000580973	0.00149169	0.00274729	0.00304531	0.00303981	0.000828984	0.000228845	0.000352007
181	0.0676119	0.00755745	0.000627854	0.0115828	0.0249086	0.00854591	0.00849131	0.254739	0.0144337	0.159952	0.0339017	0.0066506	0.0161323	0.00678949	0.00333881	0.00576667	0.0262598	0.323788	0.00354235	0.0153794
182	0.115713	0.00167618	0.131465	0.207694	0.00499565	0.0343238	0.0230522	0.0063911	0.146902	0.0100949	0.0140504	0.0595997	0.00429467	0.0767311	0.0588197	0.0400022	0.0445962	0.015187	0.00115151	0.00325887
183	0.240001	0.040653	0.00114635	0.0118862	0.00161344	0.0109237	0.0023038	0.00181855	0.00219692	0.00724789	0.00150224	0.0153211	0.00408272	0.0131425	0.00130028	0.540776	0.0876465	0.0149998	0.000447376	0.000990146
184	0.0127362	0.00469323	0.00127541	0.001197	0.0832062	0.00363408	0.00168437	0.127391	0.00201942	0.546117	0.101975	0.00404473	0.000612042	0.00825974	0.00217483	0.0084984	0.0101413	0.0594922	0.00944487	0.0114024
185	0.0187614	0.00441948	0.00947732	0.0451558	0.0218809	0.0195021	0.0665548	0.160703	0.052618	0.120077	0.0466482	0.018664	0.0044887	0.0469166	0.192225	0.0182307	0.0299689	0.0581256	0.0105008	0.0550822
186	0.11165	0.00159974	0.0699515	0.154192	0.00204726	0.0184381	0.0201283	0.00288638	0.207409	0.00375111	0.00512435	0.0930212	0.0284245	0.0765639	0.104659	0.0474309	0.046186	0.00499829	0.000387384	0.00115096
187	0.00462214	0.00479196	0.000301029	0.000426404	0.0176916	0.000587717	0.000420691	0.571692	0.0023248	0.105123	0.0444893	0.000490174	0.000241386	0.000388382	0.000326079	0.00204107	0.0198369	0.209941	0.000152048	0.0141125
188	0.542688	0.0190585	0.00412506	0.00672083	0.00229533	0.176313	0.00238203	0.0058089	0.0032767	0.0063748	0.00676348	0.00703662	0.00429621	0.00773202	0.00169521	0.127473	0.0435016	0.0299329	0.000856997	0.00166842
189	0.206511	0.00472872	0.031495	0.206914	0.00507681	0.0171556	0.0112217	0.00678105	0.148495	0.0121929	0.00846167	0.017775	0.00028715	0.0930989	0.0967596	0.0380594	0.0521653	0.0256526	0.00446841	0.0127002
