245	20
1	0.0304397	0.000998305	0.0126002	0.00334334	0.0123809	0.00933384	0.00413097	0.154201	0.0224364	0.144447	0.0711734	0.0110861	0.00422485	0.0100409	0.0725911	0.0167448	0.179715	0.231918	0.00177993	0.00641474
2	0.0238757	0.00071853	0.00104518	0.00237221	0.123209	0.00680017	0.00352589	0.150254	0.0025004	0.399048	0.0544241	0.00423942	0.00326189	0.00947446	0.00451739	0.00654634	0.0244021	0.0939375	0.0153271	0.0705211
3	0.0890249	0.000203409	0.319181	0.178437	0.000865869	0.0316427	0.00369976	0.00585559	0.0497107	0.00896461	0.00318215	0.0559894	0.0293744	0.0691202	0.0343959	0.0735456	0.0360207	0.00895435	0.000224397	0.00160738
4	0.192174	0.000126447	0.0303179	0.101322	0.00245208	0.0387951	0.00609098	0.0155161	0.113916	0.0184367	0.00530556	0.0369938	0.0206888	0.100464	0.0748665	0.0970222	0.115296	0.0284372	0.000185036	0.00159457
5	0.0248113	0.00016327	0.00320688	0.000654996	0.00682427	0.000761379	0.000365809	0.478234	0.000838067	0.0457287	0.0156524	0.000644647	0.000544688	0.00322498	0.000905605	0.0066088	0.0189265	0.385502	0.000580772	0.00582056
6	0.029593	0.000579148	0.00211736	0.0223389	0.00585872	0.00753097	0.0243304	0.0160967	0.290752	0.071939	0.0233171	0.0105108	0.00140086	0.160769	0.273079	0.0125048	0.0181895	0.0262507	0.000771428	0.00207165
7	0.237226	0.000276797	0.0488189	0.115085	0.00300773	0.0378939	0.00475889	0.0102134	0.10513	0.0129921	0.00428754	0.0316312	0.0139634	0.119849	0.0689744	0.0945933	0.0701755	0.0189036	0.000401823	0.00181713
8	0.0331655	0.000318644	0.00549164	0.00118153	0.00107576	0.00174551	0.0306526	0.00130774	0.0738541	0.00203401	0.0012858	0.0154368	0.000765914	0.0141104	0.802213	0.00270164	0.00858995	0.00270465	0.000393446	0.000971293
9	0.0604629	0.000370117	0.508426	0.0783811	0.00900099	0.0536693	0.00145927	0.00565694	0.0404444	0.0119108	0.00829411	0.0700517	0.00741553	0.0334823	0.0259323	0.0398021	0.032669	0.00934794	0.00038314	0.00283991
10	0.0787796	0.000879412	0.0291971	0.110694	0.0453276	0.00500622	0.0445729	0.0192132	0.101952	0.0223858	0.0164061	0.00372969	0.00223152	0.0323683	0.0207685	0.0499496	0.103628	0.185407	0.00159295	0.12591
11	0.166176	0.00036797	0.0570673	0.0672634	0.0102231	0.0654657	0.00162124	0.00515206	0.0742098	0.0260144	0.0188406	0.0748169	0.111324	0.102229	0.0349931	0.0950464	0.0593114	0.0163319	0.000395964	0.0131502
12	0.158966	0.000406866	0.0618365	0.0730738	0.0109427	0.0659552	0.00207388	0.00475778	0.0706954	0.0251454	0.0180651	0.0722546	0.12567	0.0990426	0.0353421	0.0921778	0.0529233	0.0172549	0.000424469	0.0129913
13	0.0386976	0.000643976	0.0270859	0.00273163	0.0385619	0.00659441	0.00205012	0.17489	0.0192733	0.0771923	0.031274	0.0390529	0.00188464	0.0280619	0.0853562	0.028442	0.096835	0.298748	0.000781741	0.00184252
14	0.233223	0.00159587	0.00445371	0.00970282	0.00377505	0.00894531	0.0197111	0.00973956	0.0284949	0.0728377	0.00518452	0.0059113	0.418846	0.00724049	0.022494	0.0258921	0.0591551	0.0439974	0.00111583	0.0176838
15	0.0855743	0.000994751	0.0326608	0.0450458	0.00321893	0.560711	0.0104213	0.00648677	0.0327799	0.0101906	0.00425846	0.0391567	0.0113103	0.0233767	0.0228198	0.048745	0.0439003	0.0122008	0.00207779	0.00407041
16	0.0148504	0.000974333	0.00138437	0.00246119	0.24077	0.00381628	0.00210764	0.151811	0.00271111	0.211626	0.0649172	0.00265955	0.00148732	0.00801633	0.00868985	0.00907253	0.0208569	0.0768848	0.0189157	0.155987
17	0.222796	0.00120322	0.00372891	0.00423789	0.0222801	0.100085	0.00318845	0.00815426	0.00512794	0.0086879	0.00482031	0.021787	0.00853403	0.00624486	0.00533082	0.527086	0.0132527	0.0122148	0.0018511	0.0193886
18	0.030177	0.00241476	0.361667	0.129582	0.121688	0.0124021	0.0062464	0.0114624	0.010752	0.0511609	0.0725518	0.0462659	0.00639074	0.0112874	0.011653	0.0318447	0.0184655	0.0177858	0.0034249	0.0427782
19	0.142168	0.000207885	0.000778895	0.000780157	0.01073	0.00353041	0.000670828	0.257664	0.00103479	0.0623461	0.0197701	0.00114785	0.000654759	0.00124738	0.00117794	0.00217978	0.0276432	0.464656	0.000346722	0.00126481
20	0.0872891	0.000166385	0.2819	0.278207	0.00109431	0.0248049	0.00643884	0.00270481	0.0205304	0.00834372	0.0024844	0.0390288	0.0605275	0.0462555	0.0213201	0.0739946	0.0323482	0.00867772	0.000304806	0.00357853
21	0.0109935	0.000689032	0.00123732	0.00173601	0.243556	0.0031272	0.00099421	0.163727	0.00129086	0.206361	0.0613856	0.00136731	0.000903237	0.00684612	0.00648415	0.00820559	0.021829	0.0814226	0.0205509	0.157293
22	0.334123	0.201496	0.00479784	0.00627946	0.00508979	0.235365	0.0258183	0.00941432	0.00772266	0.0137865	0.00795822	0.0288553	0.00486117	0.00809757	0.00908537	0.0156198	0.0165689	0.0369195	0.0237548	0.00438639
23	0.0331655	0.000318644	0.00549164	0.00118153	0.00107576	0.00174551	0.0306526	0.00130774	0.0738541	0.00203401	0.0012858	0.0154368	0.000765914	0.0141104	0.802213	0.00270164	0.00858995	0.00270465	0.000393446	0.000971293
24	0.758875	0.000947506	0.00087256	0.00112279	0.000865989	0.0905351	0.00079986	0.00477764	0.00119497	0.00359466	0.004891	0.00164751	0.00152955	0.00191017	0.00186066	0.0424815	0.0438955	0.0370426	0.000298327	0.000857336
25	0.0192091	0.000416157	0.0025505	0.00123256	0.00908228	0.00162104	0.000843405	0.193021	0.00207657	0.235563	0.0740334	0.0014225	0.000841324	0.00314066	0.00235569	0.00266575	0.0405251	0.407625	0.000370937	0.00140342
26	0.471417	0.00153587	0.00737154	0.0111534	0.00654002	0.0798889	0.00330944	0.0121342	0.00750271	0.0108298	0.00647955	0.0140446	0.0112406	0.0110759	0.00688969	0.2176	0.0829318	0.0315037	0.00243176	0.00411959
27	0.499077	0.0076175	0.00135694	0.00207002	0.00540268	0.0509497	0.0022352	0.0428708	0.00309217	0.0251777	0.0177639	0.00233628	0.0039859	0.00366635	0.00425509	0.0768706	0.0920332	0.154748	0.00059437	0.00389667
28	0.737001	0.00306439	0.000950485	0.000997393	0.00152214	0.0753458	0.000785301	0.00964399	0.00127975	0.00782496	0.00883515	0.00140662	0.00122356	0.00179822	0.00186145	0.0374999	0.052227	0.0553369	0.000325966	0.0010696
29	0.0826892	0.000282215	0.00166721	0.000841513	0.0124813	0.00263924	0.000583078	0.209571	0.00111803	0.119741	0.0427208	0.00105738	0.000612292	0.00196491	0.00136447	0.00230314	0.0485751	0.468011	0.000364355	0.00141263
30	0.0175303	0.00138053	0.00235176	0.00307185	0.152885	0.00281808	0.00143176	0.0656523	0.00284221	0.60845	0.0240368	0.00273219	0.0017582	0.00491601	0.00273771	0.00489807	0.00848691	0.0850655	0.00108773	0.00586692
31	0.0187878	0.000408378	0.148453	0.144066	0.00174308	0.0376345	0.00168315	0.00303058	0.0525532	0.0180786	0.0020483	0.111456	0.00194449	0.134449	0.0265843	0.188129	0.087013	0.0197957	0.00058196	0.00155964
32	0.260481	0.00103425	0.0305173	0.0101822	0.00473849	0.00994232	0.00458922	0.00623087	0.459576	0.0103336	0.00514162	0.0071701	0.00364132	0.0333281	0.11322	0.0113495	0.0107994	0.0117549	0.00193402	0.00403522
33	0.131126	0.000231904	0.000956792	0.00117926	0.0161659	0.00337094	0.00060219	0.280384	0.00164711	0.0651378	0.01874	0.00141654	0.000855558	0.00173727	0.00176377	0.00288592	0.0267694	0.442206	0.000860679	0.00196325
34	0.0528239	0.000387053	0.042884	0.168623	0.00154997	0.0297532	0.0216267	0.0021175	0.129722	0.00282767	0.00127962	0.104721	0.00756688	0.184237	0.200114	0.0177443	0.0168255	0.0133818	0.000538454	0.00127653
35	0.0182726	0.0115705	0.00712867	0.00189906	0.576909	0.00869334	0.00368736	0.0499611	0.00195122	0.0338285	0.00791585	0.00185567	0.00765451	0.00261814	0.00303595	0.0151433	0.0281932	0.0593203	0.00933261	0.15103
36	0.0283172	0.00052582	0.0166295	0.00212822	0.0151494	0.00621036	0.00139857	0.160843	0.0163015	0.0680442	0.036666	0.0227956	0.00133504	0.0184232	0.100037	0.0298687	0.126779	0.346476	0.000585831	0.0014863
37	0.16577	0.000595161	0.0507307	0.0712491	0.0101298	0.0551272	0.00219344	0.00528728	0.068961	0.0235106	0.0164204	0.0741068	0.126981	0.100347	0.0361137	0.098137	0.0535707	0.0203179	0.00050685	0.0199449
38	0.0622923	0.0008267	0.00542571	0.00296268	0.013338	0.0103189	0.00162959	0.128775	0.0057538	0.32603	0.0446884	0.00798063	0.00677311	0.00634106	0.0240346	0.0270793	0.0961745	0.224262	0.0013319	0.00398144
39	0.0629954	0.000247486	0.0452201	0.0179064	0.000967552	0.0342764	0.0107127	0.00250872	0.00775815	0.00964228	0.00365255	0.131258	0.00900976	0.028381	0.00760231	0.290299	0.3237	0.0124435	0.000380853	0.00103795
40	0.174831	0.00274231	0.00473942	0.0167211	0.0278124	0.0692939	0.00294295	0.0359513	0.0159723	0.0228007	0.0106479	0.0202033	0.0396413	0.00805054	0.00652627	0.318744	0.14139	0.0560569	0.0136356	0.0112962
41	0.193149	0.000112625	0.0307396	0.103924	0.00222778	0.0383565	0.00595066	0.0141269	0.116344	0.0166998	0.00522629	0.0370033	0.021455	0.101179	0.0727173	0.0972451	0.114629	0.0272872	0.000179459	0.00144785
42	0.0171361	0.000506671	0.15139	0.13893	0.00187155	0.0332764	0.0018077	0.0035173	0.0485553	0.0192941	0.00251941	0.112742	0.0019623	0.153232	0.0267774	0.175959	0.0823297	0.0254948	0.000827999	0.00186988
43	0.109975	0.000699909	0.0288545	0.112368	0.00541975	0.0594572	0.0162799	0.00652041	0.144263	0.0150301	0.00522465	0.052708	0.0104946	0.0918972	0.237499	0.0471296	0.0321585	0.0200591	0.00069311	0.00327001
44	0.0162859	0.000850217	0.00138278	0.00229067	0.220188	0.00384857	0.00274094	0.175632	0.00242874	0.218362	0.0599428	0.00317267	0.00305133	0.0114112	0.0072802	0.00847779	0.0207673	0.0875415	0.0226637	0.131682
45	0.084245	0.000815509	0.0428158	0.0858119	0.00316088	0.0310567	0.00744472	0.0260692	0.0643851	0.0486222	0.0031628	0.00607656	0.313866	0.0523775	0.0412436	0.0561207	0.0995692	0.0295317	0.000832066	0.00279275
46	0.330257	0.00296184	0.00716123	0.046297	0.0123519	0.0183635	0.0487567	0.0517134	0.0183496	0.0668099	0.0128141	0.0104139	0.00845913	0.0371722	0.0166354	0.144823	0.0423723	0.108822	0.00379235	0.0116737
47	0.0146429	0.000226427	0.000880565	0.00187407	0.0396197	0.00173438	0.000752457	0.100112	0.000990313	0.660637	0.0215047	0.0012117	0.000791174	0.00249459	0.00133938	0.00235803	0.00800639	0.136816	0.000948618	0.0030601
48	0.190755	0.000120333	0.030116	0.100681	0.00238481	0.0379114	0.00614938	0.0152943	0.11376	0.0177525	0.00548222	0.0378515	0.0206086	0.0997711	0.0738982	0.100232	0.117335	0.0278761	0.00024601	0.00177506
49	0.102151	0.000133846	0.0345103	0.048679	0.00070729	0.0431041	0.00745012	0.00421116	0.0279463	0.0157863	0.00961396	0.0488755	0.0124391	0.046397	0.0225256	0.354243	0.211168	0.00900832	0.00038392	0.000666678
50	0.0363401	0.000153385	0.0381668	0.0244676	0.000452437	0.727487	0.0131614	0.000675517	0.0309688	0.00323196	0.000510753	0.0521713	0.00833474	0.0114523	0.0192357	0.0250303	0.00640014	0.00102261	0.000163613	0.000573933
51	0.187109	0.000145204	0.0326202	0.108345	0.002488	0.0368691	0.00582041	0.0145271	0.115478	0.0166265	0.00550711	0.0379642	0.0213636	0.103785	0.0715726	0.0946761	0.114862	0.028147	0.00036968	0.00172464
52	0.0277226	0.000137593	0.00273433	0.000613353	0.00788404	0.000757931	0.000390613	0.47482	0.000790567	0.0455045	0.0131259	0.000689553	0.000514298	0.0028298	0.000872372	0.00697202	0.0175651	0.389293	0.000570052	0.00621288
53	0.0600337	0.000646988	0.485743	0.0993619	0.0161325	0.0461527	0.00237323	0.00633807	0.0375584	0.0156993	0.0116061	0.0635345	0.0099827	0.0330512	0.0237239	0.0407309	0.0308273	0.0103761	0.000616507	0.00551134
54	0.0191262	0.000407336	0.00253972	0.0012431	0.00914476	0.00161969	0.000842391	0.192733	0.00207924	0.23658	0.0742858	0.00145464	0.0008452	0.00311661	0.00239162	0.00267377	0.0401328	0.407022	0.000367464	0.00139438
55	0.0944688	0.00215786	0.00634845	0.0106297	0.0193354	0.0443138	0.00589358	0.126243	0.00914489	0.272263	0.0275706	0.0337344	0.0160614	0.0144433	0.018571	0.0626401	0.077895	0.144145	0.00382067	0.0103204
56	0.209654	0.00424207	0.00151619	0.00600462	0.03371	0.0390032	0.00193598	0.0522934	0.00616014	0.044548	0.0208702	0.0148076	0.0257514	0.0032662	0.00254595	0.311509	0.100405	0.0910507	0.0121954	0.0185302
57	0.0945332	0.0368844	0.0534967	0.0206992	0.0597964	0.0147086	0.0194384	0.0184882	0.0776446	0.0336189	0.0108331	0.0670686	0.00940113	0.0339938	0.17507	0.121716	0.075366	0.024984	0.00250747	0.0497512
58	0.0454747	0.000547891	0.0360665	0.00654487	0.0020362	0.0327895	0.00769724	0.00355686	0.00339596	0.00697004	0.00316705	0.308756	0.00496123	0.0370158	0.010527	0.166672	0.287335	0.033302	0.000742192	0.00244136
59	0.173162	0.0058186	0.00163544	0.00399479	0.0170643	0.0246141	0.00200805	0.0505967	0.00421626	0.0346338	0.0131069	0.00852278	0.0125444	0.00328714	0.00240413	0.295858	0.190506	0.140625	0.00621152	0.00919089
60	0.0588655	0.000247442	0.0417434	0.0295238	0.00145032	0.0358697	0.00729891	0.00419638	0.015028	0.0101686	0.00586492	0.0562451	0.0154833	0.0266543	0.0129831	0.27895	0.387998	0.00970687	0.000584883	0.00113784
61	0.0894468	0.00256845	0.0027893	0.0102033	0.0558957	0.0276057	0.0360583	0.0778048	0.0056405	0.145817	0.0609463	0.0326127	0.00957703	0.051731	0.0225047	0.0166875	0.0178251	0.108446	0.176829	0.0490113
62	0.0362629	0.000343199	0.0430239	0.0118451	0.00135619	0.0298662	0.00836698	0.00263584	0.00534089	0.00713151	0.00282633	0.0914581	0.0077201	0.0166589	0.00520325	0.2285	0.489338	0.010378	0.000452054	0.00129252
63	0.0538198	0.00152403	0.00211387	0.00652763	0.135863	0.00424966	0.0133756	0.0835789	0.00470837	0.353363	0.0983095	0.023702	0.00803418	0.0303821	0.00384572	0.0146224	0.0195393	0.0679692	0.00892968	0.0655422
64	0.0951138	0.00015759	0.0322081	0.0493885	0.000701718	0.0425653	0.00856953	0.00416724	0.0261929	0.0175467	0.00881745	0.0450645	0.0115548	0.0476361	0.0221966	0.370005	0.208733	0.00838936	0.000423261	0.000568234
65	0.0356215	0.000743695	0.00810452	0.00411897	0.002293	0.00440704	0.0360171	0.00275156	0.083383	0.00444029	0.00212435	0.0341455	0.00116443	0.0298747	0.715869	0.00809398	0.0185825	0.00456643	0.000578354	0.00312
66	0.0785856	0.000280778	0.289673	0.440769	0.0014487	0.0173166	0.00438721	0.00180032	0.00897406	0.00515433	0.00587899	0.0317674	0.00918458	0.0430863	0.00566265	0.0237254	0.0187723	0.00986215	0.000336863	0.00333319
67	0.0681798	0.00249114	0.00143292	0.00401307	0.0825213	0.00666274	0.0243801	0.0700533	0.00663392	0.321011	0.0985888	0.0437392	0.0130541	0.0424271	0.00575968	0.015493	0.0229265	0.0904023	0.0132909	0.0669394
68	0.0363376	0.000151789	0.0382836	0.0246223	0.000432361	0.737588	0.0128164	0.000633503	0.027216	0.00299184	0.000503749	0.0482444	0.00837006	0.0102953	0.0185241	0.0249356	0.00647199	0.000985844	0.000153032	0.000442427
69	0.0351286	0.000299537	0.00511021	0.00125031	0.250735	0.0065796	0.000948983	0.17253	0.00155261	0.256416	0.0914298	0.00142096	0.00107431	0.00224499	0.00167759	0.00292151	0.00262581	0.16436	0.000435087	0.00125825
70	0.088895	0.000919099	0.146525	0.0671541	0.00361076	0.017594	0.0383323	0.0571842	0.019949	0.0581848	0.0511997	0.0893063	0.00214057	0.0440984	0.0666411	0.108857	0.103102	0.0185894	0.000971173	0.0167465
71	0.0893461	0.00282965	0.00881731	0.0549449	0.184899	0.0506107	0.0497137	0.0333168	0.0141022	0.0446241	0.0170509	0.0238193	0.0071758	0.061162	0.0195683	0.0550565	0.028054	0.0775585	0.108452	0.0688977
72	0.251976	0.00165982	0.00223518	0.00295166	0.0031294	0.0965038	0.00177195	0.0075807	0.00317273	0.0624474	0.0181757	0.00358027	0.0943193	0.00406541	0.016282	0.032668	0.155612	0.238381	0.00083813	0.00264967
73	0.314534	0.00180193	0.00493069	0.00663581	0.00605465	0.0906818	0.0347526	0.0556026	0.0311846	0.0426332	0.0304483	0.0557187	0.126398	0.00965504	0.00990239	0.0391006	0.116048	0.015687	0.0017085	0.00652135
74	0.0378169	0.00145395	0.00362178	0.00471013	0.00449364	0.00609746	0.00344978	0.261769	0.00507406	0.00916462	0.0254382	0.00567096	0.198264	0.00691354	0.00657534	0.00898688	0.187128	0.216864	0.0018736	0.00463416
75	0.0567052	0.00105021	0.00272149	0.00331167	0.00317914	0.00492111	0.00306313	0.0618502	0.00397536	0.0494354	0.0697384	0.149511	0.00270562	0.0196428	0.00497016	0.0787288	0.265053	0.116928	0.015446	0.0870628
76	0.0161278	0.0125613	0.00644802	0.00187948	0.548526	0.00747854	0.0023996	0.0556272	0.00227473	0.0916205	0.0129894	0.00215856	0.0059305	0.0029321	0.00324973	0.0139554	0.0236033	0.0585285	0.00725178	0.124457
77	0.0145561	0.00085859	0.00191513	0.00262038	0.281307	0.00375474	0.0656011	0.0169249	0.00270566	0.0395129	0.00274941	0.0025389	0.0020758	0.0101779	0.0215184	0.00511477	0.0235525	0.0282592	0.0346538	0.439603
78	0.0687374	0.000579456	0.429207	0.0912435	0.00309929	0.0539409	0.00274267	0.006211	0.0443755	0.0121066	0.00657193	0.0704487	0.017492	0.0405335	0.0282808	0.0544804	0.0551103	0.011662	0.000592237	0.00258432
79	0.0825678	0.0033705	0.01579	0.0776011	0.0199854	0.131246	0.0132328	0.0292212	0.0254491	0.0337646	0.0159985	0.0240571	0.0174192	0.0300654	0.0218712	0.124644	0.16414	0.0982302	0.0067631	0.0645817
80	0.14904	0.00139907	0.0349316	0.105946	0.00604929	0.0481074	0.00618524	0.0425264	0.0727389	0.0335807	0.00670764	0.0349334	0.0375106	0.120225	0.0477498	0.0811866	0.117067	0.0464728	0.00138795	0.00625507
81	0.4036	0.00306706	0.00402876	0.00374876	0.00213604	0.250407	0.00222433	0.018269	0.00291742	0.0122019	0.0032097	0.0167415	0.00277875	0.0189601	0.0155247	0.11754	0.0600654	0.0574938	0.0030906	0.0019961
82	0.0330631	0.00033222	0.00465587	0.00129317	0.243944	0.00622981	0.000958646	0.183683	0.00177529	0.253479	0.0874621	0.00128777	0.00111864	0.00236014	0.00232269	0.00321267	0.00392957	0.159357	0.00193545	0.0075995
83	0.0280802	0.000143058	0.00051467	0.00239603	0.0288373	0.00164267	0.000455047	0.0937808	0.000673178	0.67523	0.0532287	0.000921413	0.00102583	0.00498507	0.000736332	0.00183625	0.0141174	0.084028	0.00221573	0.00515253
84	0.154478	0.00304399	0.000893705	0.00274418	0.0084944	0.00892344	0.000898448	0.181183	0.00125616	0.0595624	0.024403	0.00641263	0.00137959	0.00217631	0.00150104	0.00314162	0.0444922	0.49336	0.000346988	0.00130859
85	0.0363067	0.000151767	0.0381804	0.0246236	0.000482252	0.737289	0.0127872	0.000658898	0.0272869	0.00305011	0.000512407	0.0484091	0.00850659	0.0102362	0.018511	0.0248825	0.00648183	0.00104293	0.00015537	0.000445587
86	0.0259333	0.000369209	0.00152058	0.00666335	0.0305587	0.00772907	0.00110201	0.434204	0.0140155	0.154477	0.0204064	0.00162177	0.00814317	0.00365322	0.0146586	0.00600453	0.0140962	0.231501	0.0152511	0.00809112
87	0.119875	0.000197927	0.0394045	0.0873943	0.00130046	0.037693	0.00821205	0.0070875	0.0965025	0.0139254	0.00645952	0.0530262	0.0230121	0.0613905	0.0449554	0.191326	0.189843	0.0167588	0.00037544	0.00126067
88	0.093545	0.000142953	0.0344614	0.0500871	0.000694553	0.0407365	0.00888886	0.0043826	0.0294905	0.016771	0.00881716	0.0444219	0.0125795	0.0460477	0.0234494	0.366434	0.209369	0.00854386	0.000493156	0.000643988
89	0.286921	0.00339218	0.00235083	0.0056078	0.00907593	0.0402293	0.00307489	0.0585392	0.00398925	0.20071	0.0352118	0.0067619	0.0466597	0.00475916	0.00711973	0.049228	0.0647615	0.164242	0.00113811	0.00622711
90	0.197211	0.00181654	0.0260926	0.0722516	0.015236	0.0198696	0.0179147	0.0187539	0.0992567	0.0832818	0.00732406	0.0309602	0.0102536	0.0594461	0.073257	0.114435	0.0998855	0.0381086	0.000668715	0.0139778
91	0.0683495	0.000216971	0.488857	0.0849829	0.00110632	0.0423373	0.00057687	0.00480231	0.0481136	0.0107134	0.00591082	0.0817475	0.00659953	0.0386642	0.0296835	0.0427068	0.0347903	0.00893427	0.000259586	0.000647295
92	0.0363376	0.000151789	0.0382836	0.0246223	0.000432361	0.737588	0.0128164	0.000633503	0.027216	0.00299184	0.000503749	0.0482444	0.00837006	0.0102953	0.0185241	0.0249356	0.00647199	0.000985844	0.000153032	0.000442427
93	0.169713	0.00119759	0.005855	0.0150052	0.00982767	0.0464988	0.0314378	0.0496169	0.105061	0.115976	0.00638177	0.0160213	0.00844831	0.0485497	0.117842	0.0766431	0.108893	0.0595471	0.00125104	0.00623363
94	0.0757937	0.000306778	0.00905903	0.0258785	0.00155401	0.0154828	0.00247413	0.0186069	0.0440179	0.0155312	0.0038874	0.0373518	0.00418378	0.0106877	0.0507274	0.288658	0.383519	0.00529758	0.000567996	0.00641455
95	0.0368639	0.000131994	0.00250978	0.000702163	0.00916615	0.000818506	0.000350438	0.477992	0.000818508	0.049218	0.012566	0.000605097	0.000627439	0.002561	0.000947411	0.00578097	0.0151461	0.377468	0.000884389	0.00484216
96	0.336695	0.204607	0.00477518	0.00621991	0.00563332	0.228079	0.0256745	0.00947592	0.00771943	0.0143488	0.00806238	0.0289172	0.00484601	0.00804158	0.00903117	0.014528	0.0165626	0.0387845	0.0234043	0.00459491
97	0.0553681	0.000417682	0.00285937	0.00119346	0.00992408	0.00250619	0.000800975	0.193919	0.00208691	0.15151	0.0626514	0.00193525	0.000669193	0.00305639	0.00639376	0.00339722	0.0601259	0.439379	0.000381701	0.0014241
98	0.0917441	0.0111739	0.0117616	0.134741	0.0187986	0.0237984	0.0114561	0.091611	0.0269692	0.148428	0.00366756	0.0674921	0.0159488	0.115739	0.0236651	0.0231198	0.109222	0.0431945	0.00404382	0.0234256
99	0.137733	0.000132188	0.0304841	0.0595184	0.00163608	0.0380908	0.00609425	0.00932631	0.0518953	0.0144622	0.0114053	0.0393852	0.0293567	0.0590195	0.0373418	0.261137	0.195242	0.0156967	0.00088854	0.00115401
100	0.0482763	0.000332891	0.0411121	0.0251774	0.00104539	0.692206	0.0123673	0.000952277	0.0285193	0.00416966	0.00143979	0.0572206	0.01183	0.0120234	0.0190844	0.0303309	0.0100732	0.00237583	0.000377265	0.00108616
101	0.0766774	0.00165802	0.0271065	0.0229391	0.00301469	0.0386539	0.0138226	0.00857405	0.0128925	0.0122204	0.00698057	0.0550567	0.00819578	0.0238064	0.0104479	0.341794	0.308275	0.0245335	0.00119477	0.00215648
102	0.0730064	0.000568201	0.0369435	0.0495765	0.00192279	0.0341805	0.00731875	0.00666075	0.0205883	0.0132604	0.017138	0.0389187	0.00979164	0.0322947	0.0169732	0.346243	0.271945	0.0194208	0.000834644	0.00241468
103	0.0654163	0.000406873	0.0359433	0.0135203	0.00141321	0.0331769	0.0170274	0.00294152	0.00644208	0.0126202	0.00307363	0.123459	0.00720976	0.0250449	0.00689149	0.272708	0.358792	0.0117986	0.000587875	0.00152723
104	0.315523	0.000978961	0.00477567	0.0825445	0.00451983	0.0168114	0.0839861	0.00881462	0.0251093	0.0575871	0.00518515	0.00701025	0.00355086	0.168451	0.00825652	0.0777139	0.037615	0.0764649	0.00225619	0.0128453
105	0.126964	0.00097978	0.0147787	0.104102	0.00558033	0.0172701	0.00681772	0.0163952	0.0920183	0.0987319	0.0312638	0.0320347	0.00974899	0.136476	0.0779766	0.0733191	0.0823848	0.066874	0.000893175	0.00539052
106	0.0879445	0.00307801	0.0134555	0.0713611	0.0149397	0.0137727	0.0318368	0.0569298	0.0186072	0.0578078	0.00611635	0.216014	0.00567481	0.0823667	0.0382581	0.0292751	0.157712	0.0598846	0.00415257	0.0308123
107	0.0282694	0.000141797	0.000504714	0.00240824	0.0288855	0.00161542	0.000459491	0.0935485	0.000673022	0.674377	0.0539177	0.000886034	0.00104049	0.00506677	0.000731661	0.00182975	0.0142543	0.0839042	0.00225081	0.00523517
108	0.157489	0.000126308	0.0327057	0.0819109	0.00159093	0.0401417	0.00647298	0.010232	0.0793213	0.0177632	0.00698542	0.0432925	0.0216127	0.0781606	0.0543818	0.187377	0.159695	0.0194285	0.000250233	0.00106268
109	0.108619	0.000175999	0.266427	0.196642	0.0014471	0.0285361	0.005565	0.00491456	0.0410323	0.00973813	0.00271475	0.0442026	0.0503346	0.0654393	0.0369604	0.0821416	0.0428836	0.00960993	0.000230316	0.00238528
110	0.0197843	0.00108776	0.00195134	0.00297431	0.281547	0.00455919	0.0530076	0.0296381	0.0026388	0.0551279	0.0045845	0.0022855	0.00211245	0.0148102	0.0351333	0.00555357	0.0363817	0.0358143	0.0508395	0.360168
111	0.194618	0.00181702	0.00589357	0.00729921	0.275746	0.0414031	0.00595057	0.080614	0.00923186	0.0946052	0.113231	0.00823286	0.00555676	0.0107522	0.0115607	0.0767272	0.0151977	0.0288973	0.00277166	0.00989298
112	0.198892	0.000299418	0.0318415	0.107166	0.00709997	0.0519242	0.00892506	0.0086783	0.138794	0.017243	0.003662	0.0309577	0.0116671	0.0856479	0.138676	0.0724228	0.0638772	0.0197519	0.000447526	0.00202747
113	0.193764	0.00014109	0.0297166	0.102041	0.0023045	0.0388054	0.00618482	0.0144803	0.11596	0.0167597	0.00510313	0.0364114	0.0208817	0.0998759	0.0740971	0.100565	0.114216	0.0269871	0.000215101	0.00149063
114	0.0598379	0.000970049	0.0414425	0.0020625	0.00331547	0.0535691	0.198385	0.00539643	0.0806472	0.0565553	0.00247783	0.119055	0.00178531	0.13172	0.118744	0.074686	0.0180975	0.00605361	0.000785226	0.0244148
115	0.0439039	0.000388091	0.0149958	0.021194	0.00140286	0.289834	0.0206252	0.00227681	0.211704	0.0100793	0.00172586	0.214951	0.0073072	0.069535	0.050447	0.0239627	0.00339976	0.00343814	0.000446446	0.00838272
116	0.21438	0.0184766	0.00377239	0.0602652	0.0229095	0.00896872	0.00490661	0.084671	0.00940536	0.100695	0.0268552	0.0239532	0.167082	0.00772844	0.0430077	0.047811	0.0570162	0.0916002	0.00129807	0.00519763
117	0.0325729	0.00046765	0.00219583	0.0045366	0.0371232	0.00580798	0.00100002	0.399327	0.0185879	0.193276	0.0297806	0.00268259	0.00537337	0.00433264	0.0210013	0.00735645	0.0197109	0.190068	0.0123459	0.0124526
118	0.168305	0.000713781	0.00282409	0.00649738	0.0199556	0.0132982	0.0288017	0.0516164	0.046028	0.119262	0.00978572	0.0221443	0.0251275	0.0352399	0.0438629	0.0885403	0.241873	0.0629758	0.00084574	0.0123026
119	0.0191843	0.0108276	0.00817985	0.00180221	0.562105	0.00811687	0.00176695	0.0618959	0.00197185	0.0461208	0.0127536	0.00184728	0.00668257	0.00267215	0.00251586	0.0178653	0.0272469	0.0650601	0.00820374	0.133181
120	0.0890104	0.000133994	0.257496	0.294152	0.000811081	0.0249678	0.00718738	0.00170787	0.0161538	0.00866776	0.00165079	0.0343874	0.0764907	0.0485505	0.0216024	0.0735814	0.0306723	0.00837507	0.000246416	0.00415548
121	0.0995522	0.00013547	0.0333181	0.0496528	0.000678048	0.0432474	0.00768343	0.00408558	0.0263519	0.01601	0.00916965	0.0476317	0.0113735	0.0464506	0.0221055	0.365831	0.207346	0.00843499	0.000391177	0.00055104
122	0.0363376	0.000151789	0.0382836	0.0246223	0.000432361	0.737588	0.0128164	0.000633503	0.027216	0.00299184	0.000503749	0.0482444	0.00837006	0.0102953	0.0185241	0.0249356	0.00647199	0.000985844	0.000153032	0.000442427
123	0.0587826	0.000401777	0.0402051	0.160156	0.00175703	0.0322885	0.0212117	0.00232342	0.130655	0.00307261	0.00119497	0.105141	0.0068217	0.177087	0.206242	0.0189151	0.0188684	0.012917	0.000507561	0.00145041
124	0.250178	0.162538	0.00655574	0.0099144	0.00742984	0.120587	0.0139461	0.0260818	0.0112775	0.0259731	0.0148074	0.0231799	0.0072167	0.0122906	0.0119637	0.0282136	0.0379009	0.212927	0.0108357	0.00618281
125	0.0685238	0.000216941	0.487035	0.0865469	0.00109661	0.0422316	0.000633425	0.00476199	0.0479021	0.0107025	0.00587356	0.0814308	0.0072346	0.0385646	0.0296027	0.0429963	0.0347363	0.0089749	0.000265031	0.000670933
126	0.512887	0.0181233	0.00176333	0.00206377	0.00345045	0.0776755	0.00154752	0.0381443	0.00239885	0.0492927	0.0198086	0.00244563	0.0063046	0.00301693	0.00387521	0.0399443	0.0797502	0.135264	0.00056239	0.00168124
127	0.0109935	0.000689032	0.00123732	0.00173601	0.243556	0.0031272	0.00099421	0.163727	0.00129086	0.206361	0.0613856	0.00136731	0.000903237	0.00684612	0.00648415	0.00820559	0.021829	0.0814226	0.0205509	0.157293
128	0.161157	0.0205597	0.00280227	0.00574596	0.018075	0.037512	0.00312854	0.0577933	0.00580674	0.0274165	0.0233403	0.0100402	0.0141224	0.00392108	0.00384918	0.313888	0.156198	0.117958	0.00637991	0.0103059
129	0.1006	0.000139711	0.034808	0.0467852	0.000736779	0.0430876	0.00755053	0.00408193	0.0265966	0.0156526	0.00962869	0.0498549	0.0126015	0.0459266	0.0219475	0.35311	0.21639	0.00942812	0.000379104	0.000695407
130	0.0464869	0.00176807	0.403248	0.13595	0.0710481	0.0210273	0.00620521	0.0086609	0.0197512	0.0278034	0.0320352	0.0446913	0.0147248	0.0252581	0.0171392	0.0591734	0.0282622	0.013977	0.00253256	0.0202576
131	0.114389	0.000877519	0.0046486	0.0104767	0.00392055	0.0979157	0.0112835	0.0637858	0.155788	0.0851403	0.00421366	0.00850256	0.00461929	0.10918	0.119097	0.0707792	0.0563393	0.0738645	0.00139184	0.00378606
132	0.19046	0.00370392	0.0023508	0.00789001	0.0408945	0.0534866	0.00320728	0.0583123	0.00822252	0.0453568	0.0155871	0.0143665	0.032126	0.00508959	0.00510303	0.274112	0.114374	0.0895745	0.0102459	0.0255361
133	0.310279	0.00107351	0.0199432	0.00437582	0.00357263	0.156032	0.00450533	0.00784768	0.00531454	0.0310553	0.00383443	0.0213873	0.00270434	0.180866	0.0240783	0.0920718	0.0323881	0.0777951	0.0172584	0.00361814
134	0.0519138	0.000763158	0.00180325	0.00309406	0.0259842	0.00585148	0.00128722	0.173338	0.00340912	0.455748	0.0419448	0.00367679	0.00427484	0.00633133	0.00551153	0.00715752	0.0316933	0.16734	0.00303792	0.00583852
135	0.524269	0.00161583	0.00370977	0.00485502	0.0263255	0.00981084	0.00433889	0.0689912	0.024786	0.0150619	0.00897339	0.00603388	0.0253619	0.0250021	0.00703385	0.0588539	0.0634924	0.087853	0.00141036	0.0322216
136	0.410588	0.00145032	0.00227271	0.00231596	0.00217398	0.216119	0.00154718	0.0297727	0.00228753	0.0141277	0.002856	0.00815463	0.00232889	0.014406	0.00783252	0.152867	0.0660217	0.0592955	0.00157813	0.00200483
137	0.0911261	0.00535413	0.0161334	0.117603	0.0238349	0.0158773	0.0176572	0.0884452	0.0278756	0.130042	0.00455449	0.0748044	0.0078947	0.109878	0.0404697	0.0361275	0.117198	0.0499041	0.00388944	0.0213307
138	0.0690072	0.000643593	0.00580733	0.0125882	0.00751113	0.0188712	0.0479505	0.0270334	0.178302	0.0784072	0.016215	0.0327365	0.00218432	0.113484	0.282731	0.0275414	0.0393375	0.0325076	0.00074168	0.00640005
139	0.172922	0.000662411	0.00283765	0.00752065	0.0190455	0.0146445	0.0294109	0.0488453	0.0461888	0.12623	0.0110663	0.0216697	0.0191308	0.0386199	0.0479539	0.0923985	0.2343	0.0559018	0.000633906	0.0100174
140	0.0973252	0.000386545	0.0811101	0.10632	0.00251252	0.0394005	0.00866654	0.0100916	0.0568974	0.0297204	0.00315403	0.0168619	0.321228	0.0569968	0.0343498	0.0580926	0.0520352	0.020828	0.000542517	0.00348063
141	0.0764341	0.000233407	0.31468	0.403273	0.00133947	0.0209584	0.00370575	0.00189607	0.0130595	0.00597098	0.00541915	0.0355779	0.00691888	0.0429417	0.00767634	0.0249468	0.0202837	0.0115378	0.000297052	0.00284954
142	0.0274873	0.000424735	0.0219084	0.00232369	0.00916252	0.0106717	0.00141977	0.1493	0.0120291	0.11176	0.0417503	0.0122132	0.00153445	0.0104389	0.107693	0.0166178	0.150347	0.310564	0.000682498	0.00167225
143	0.0352717	0.000447499	0.00145175	0.00416702	0.0596879	0.00545451	0.00247415	0.382384	0.0128411	0.215943	0.041056	0.00441281	0.00571026	0.00648528	0.0132087	0.00924785	0.012866	0.15487	0.0127713	0.0192495
144	0.114386	0.000462297	0.0290812	0.0310232	0.00411049	0.0357075	0.00903353	0.00972304	0.0230163	0.0167669	0.00855475	0.0666771	0.0127841	0.0326357	0.0181587	0.321441	0.245131	0.0168685	0.00136944	0.00306957
145	0.112747	0.00212258	0.0115176	0.0680955	0.0124638	0.0180542	0.0154704	0.0303111	0.0982312	0.130652	0.0171065	0.0189574	0.00910263	0.0519139	0.0913397	0.0750708	0.0909737	0.126277	0.00204732	0.0175463
146	0.0891442	0.000243493	0.262694	0.329834	0.00277641	0.0229272	0.00616244	0.0031357	0.0190646	0.00823745	0.00424552	0.0360916	0.0436271	0.0484064	0.017894	0.0612045	0.0302119	0.00983417	0.000496935	0.00376822
147	0.249434	0.00228383	0.0136904	0.0216361	0.00659378	0.0281022	0.0140668	0.01616	0.0294261	0.0538742	0.0088507	0.0143408	0.338615	0.0182487	0.0225104	0.0495048	0.0542353	0.043909	0.00229665	0.012222
148	0.0635698	0.00265443	0.00142966	0.00389208	0.0810973	0.00790394	0.029237	0.0730646	0.0055342	0.341999	0.113312	0.0301953	0.0145748	0.0372262	0.00575925	0.0119574	0.0206384	0.0896877	0.0112568	0.0550094
149	0.468018	0.0010382	0.00219643	0.00270305	0.0013141	0.232789	0.00135241	0.018455	0.00174892	0.00993023	0.00285125	0.00776212	0.00128962	0.0117656	0.00814375	0.111544	0.0653709	0.0490211	0.00145854	0.0012481
150	0.0996567	0.00587013	0.00279507	0.00753642	0.0514378	0.0343184	0.0251723	0.0655548	0.00604024	0.160743	0.0972808	0.0127237	0.18957	0.0147942	0.012803	0.0204394	0.0638051	0.0957831	0.00776602	0.0259094
151	0.421316	0.000484008	0.00183974	0.00247429	0.0260604	0.0109455	0.00190805	0.0378707	0.00307411	0.092396	0.102276	0.00268506	0.00356136	0.00348984	0.00660265	0.0487719	0.0212819	0.182914	0.000735269	0.0293132
152	0.0335683	0.0020044	0.00306121	0.00359843	0.0065501	0.0027848	0.000888354	0.32956	0.00206127	0.0462053	0.0180892	0.00501689	0.00843189	0.00427804	0.00282598	0.0058457	0.0483491	0.467566	0.000586453	0.00872934
153	0.131035	0.00239489	0.00570349	0.00883823	0.0375064	0.0116623	0.00696933	0.071645	0.113103	0.0508885	0.0082114	0.00959499	0.100146	0.0118821	0.262848	0.0875671	0.0210382	0.0502812	0.00231117	0.00637425
154	0.0605878	0.000962045	0.042066	0.00206126	0.00324347	0.0548439	0.198956	0.00509516	0.0794957	0.055213	0.00245717	0.120063	0.0017849	0.132857	0.116714	0.0754198	0.0173776	0.00587267	0.000799007	0.0241302
155	0.0356981	0.000210947	0.0426799	0.0241313	0.000536314	0.730224	0.0130449	0.000731821	0.026533	0.00323276	0.000838053	0.0492826	0.00818691	0.0101376	0.0186747	0.027223	0.00664623	0.00119314	0.000183267	0.00061105
156	0.0628612	0.000295992	0.479986	0.0981539	0.00832061	0.0402728	0.0021513	0.00550626	0.0415716	0.0126035	0.00846013	0.0789327	0.00837646	0.0365225	0.0262053	0.0430303	0.0332187	0.009504	0.000526154	0.0035004
157	0.0893911	0.000163862	0.248134	0.226181	0.000888165	0.0243936	0.0108344	0.00176064	0.0199372	0.00815638	0.000797914	0.036276	0.123583	0.0452032	0.0282409	0.0917356	0.0360437	0.00526957	0.000278403	0.00273175
158	0.0631988	0.000415686	0.0477826	0.172231	0.00191344	0.0251045	0.0129656	0.00285837	0.117564	0.00370387	0.00197474	0.0876331	0.0163807	0.241456	0.137157	0.0251093	0.0120315	0.028188	0.000719059	0.00161278
159	0.0334774	0.00827783	0.00182175	0.00194899	0.0784879	0.00300935	0.00184379	0.00495773	0.00215235	0.00608094	0.0173367	0.00239785	0.00799871	0.00932173	0.0149192	0.00361498	0.0105046	0.00573766	0.733729	0.0523818
160	0.123496	0.000532203	0.00213167	0.0301606	0.110088	0.0495925	0.00907812	0.00382393	0.0721563	0.248111	0.0668146	0.0119097	0.00160697	0.0126175	0.0355781	0.0602772	0.0145278	0.0144624	0.00747621	0.125559
161	0.0720478	0.000233658	0.44577	0.0812847	0.00130693	0.0385834	0.0039688	0.0105445	0.0457473	0.0148287	0.0120655	0.091721	0.00564762	0.0376315	0.0335497	0.0510658	0.043344	0.00834676	0.000316347	0.00199599
162	0.0482601	0.000151926	0.00243744	0.000673642	0.00803048	0.000995349	0.000372861	0.460634	0.000815485	0.0542399	0.0135206	0.000644575	0.000488177	0.00250887	0.000841545	0.00497646	0.0177346	0.377687	0.000665929	0.00432013
163	0.0770918	0.0162841	0.00142022	0.0144714	0.00171933	0.0106075	0.00135923	0.0610412	0.00205746	0.0229624	0.0264381	0.0391337	0.00133602	0.00883368	0.00249879	0.00401867	0.0523014	0.653775	0.00054789	0.00210173
164	0.0243652	0.00108997	0.0159443	0.00471638	0.00448136	0.0030565	0.0169071	0.00611369	0.173806	0.00521081	0.00248704	0.0859532	0.001477	0.064216	0.457321	0.0209135	0.0975296	0.00740539	0.000620577	0.00638609
165	0.0346295	0.00662082	0.0015992	0.00176299	0.0606868	0.00250238	0.0017078	0.00342306	0.00188791	0.004135	0.0157812	0.00248844	0.00852124	0.0101597	0.0166869	0.00321399	0.0107984	0.00495665	0.747914	0.0605241
166	0.109633	0.0021255	0.00220013	0.00282846	0.00214216	0.00594335	0.00185519	0.0543467	0.00273151	0.0311417	0.00454902	0.00277717	0.00213985	0.00377699	0.00336208	0.17658	0.330125	0.258277	0.000887869	0.00257728
167	0.0750538	0.00231941	0.00214913	0.0035139	0.0812685	0.0203317	0.0639366	0.0684339	0.00532832	0.244523	0.12378	0.0201874	0.0235839	0.0221992	0.0156876	0.00981492	0.0390332	0.126976	0.00866689	0.0432128
168	0.052109	0.000710227	0.00256379	0.0172633	0.200345	0.00439796	0.0559162	0.0170467	0.00382436	0.0196475	0.0175075	0.256664	0.00245875	0.056192	0.0233831	0.0337505	0.00679237	0.00652205	0.00100146	0.221904
169	0.745093	0.00206224	0.000856374	0.00101588	0.000862796	0.0869376	0.000768836	0.00648005	0.00112233	0.00525397	0.00584427	0.00161233	0.000821339	0.00189544	0.00188472	0.0383174	0.0509148	0.0470744	0.000303898	0.000878012
170	0.0157648	0.000497379	0.0017908	0.00283328	0.0127774	0.00331854	0.00503747	0.0443601	0.00240686	0.617825	0.130424	0.00236371	0.00230369	0.0379803	0.00294502	0.00480235	0.04798	0.0491483	0.0116967	0.00374471
171	0.0252839	0.000240663	0.00108245	0.00455888	0.0374434	0.00543837	0.000841536	0.457555	0.0117513	0.163203	0.0230816	0.00135731	0.00577486	0.00326048	0.0121182	0.00613017	0.0114437	0.204893	0.0155678	0.00897406
172	0.11303	0.00367255	0.0179099	0.172232	0.0331152	0.0327019	0.0200082	0.0524967	0.0324254	0.0951068	0.00323815	0.131437	0.00561455	0.0880598	0.0171131	0.0160941	0.0941806	0.0358272	0.0133696	0.0223667
173	0.66042	0.000977428	0.00318952	0.00371774	0.000885003	0.179327	0.00164524	0.00424837	0.00264844	0.00320404	0.00340905	0.00564718	0.00121617	0.00388138	0.00447292	0.0495009	0.0416069	0.0284	0.000634312	0.000968315
174	0.0769113	0.000382827	0.301139	0.412994	0.0031331	0.0172511	0.00469575	0.00222938	0.0116779	0.00557976	0.0063463	0.0353078	0.0123352	0.0434194	0.00774279	0.0268104	0.0190304	0.00935807	0.000356173	0.00329989
175	0.0849094	0.000281199	0.280935	0.399936	0.00144685	0.0162248	0.00807215	0.00261894	0.0119741	0.00559798	0.00594205	0.0388015	0.0212415	0.0501661	0.00951573	0.0315048	0.0193059	0.0082649	0.000385422	0.00287667
176	0.116924	0.000432879	0.00183202	0.030579	0.091719	0.0413624	0.0107038	0.00322932	0.076275	0.272809	0.0722979	0.00922468	0.00152221	0.0102937	0.0391602	0.0539405	0.0119038	0.0122592	0.00925725	0.134274
177	0.0363615	0.000151789	0.0382374	0.0245867	0.00043521	0.737762	0.0128012	0.000633538	0.0271716	0.00298924	0.00050379	0.0481728	0.00835759	0.010308	0.0185175	0.0249416	0.00647441	0.000988448	0.00015363	0.000452112
178	0.0232342	0.000131515	0.00293315	0.00076125	0.00744931	0.000828687	0.000359529	0.493164	0.000846489	0.0494878	0.0139086	0.000589153	0.000655469	0.0030232	0.000946621	0.0060155	0.0159672	0.373081	0.0010282	0.00558895
179	0.0290001	0.000354041	0.0381565	0.00544961	0.00144399	0.0291373	0.00876146	0.00212993	0.00188074	0.00649848	0.00220346	0.0895943	0.00715848	0.0113096	0.00277638	0.222631	0.529577	0.0100989	0.000490011	0.00134834
180	0.0241746	0.000935115	0.00274989	0.00316254	0.00302053	0.0328654	0.0159929	0.00427954	0.0437636	0.00691035	0.0169035	0.00400875	0.00253006	0.302304	0.0854507	0.421098	0.019819	0.00648231	0.000907298	0.00264211
181	0.346078	0.000631955	0.09973	0.0712587	0.00308598	0.0433724	0.0138694	0.0037861	0.212872	0.0176279	0.00305787	0.00529593	0.00198192	0.0885636	0.0251557	0.0254459	0.0191916	0.0159423	0.000774029	0.00227801
182	0.0388037	0.000881264	0.0281867	0.0061375	0.00286161	0.0206604	0.00687305	0.00554757	0.00438484	0.00683903	0.00344134	0.477435	0.00353506	0.0366552	0.0191423	0.0861601	0.220543	0.0268208	0.000932234	0.00415909
183	0.14658	0.000234377	0.000771701	0.000799428	0.010351	0.00382844	0.000675336	0.245766	0.00105165	0.0637979	0.0207249	0.00119833	0.000654411	0.00121077	0.00118106	0.00188844	0.0290017	0.468834	0.000338933	0.00111179
184	0.0683495	0.000216971	0.488857	0.0849829	0.00110632	0.0423373	0.00057687	0.00480231	0.0481136	0.0107134	0.00591082	0.0817475	0.00659953	0.0386642	0.0296835	0.0427068	0.0347903	0.00893427	0.000259586	0.000647295
185	0.0899949	0.000127564	0.258289	0.320332	0.000927623	0.0237645	0.00624556	0.00172771	0.0153276	0.00841766	0.00216898	0.0352524	0.060487	0.0470915	0.018986	0.0660619	0.0304786	0.00900473	0.000259053	0.0050553
186	0.0200841	0.000190457	0.00757731	0.000872655	0.00597839	0.00115014	0.000578387	0.40649	0.00133314	0.0862714	0.0314009	0.00078625	0.000761629	0.00742445	0.00133777	0.00552603	0.0244768	0.39309	0.000720384	0.0039502
187	0.0556553	0.000687683	0.00266483	0.0115838	0.0110317	0.0121561	0.0305148	0.0106305	0.224694	0.0503412	0.0320033	0.0209671	0.00147213	0.146008	0.334676	0.0222897	0.0139533	0.0151262	0.000693084	0.00285209
188	0.0486017	0.00115562	0.0138968	0.00712554	0.00656669	0.00921068	0.0638284	0.00968503	0.145908	0.0181458	0.00431331	0.0827344	0.00303553	0.0566509	0.386113	0.0323522	0.0776087	0.0220499	0.00102411	0.00999374
189	0.0361356	0.000351229	0.00613941	0.00215291	0.240559	0.00564066	0.00105392	0.155303	0.00162568	0.297086	0.0929831	0.00140713	0.00114932	0.00384697	0.00163556	0.00377422	0.00372923	0.140482	0.000488722	0.00445693
190	0.0306486	0.000548949	0.00141635	0.00267251	0.0536627	0.00308072	0.00378258	0.0945556	0.00189358	0.575519	0.0593268	0.00556544	0.00303218	0.0131345	0.00259206	0.00431006	0.0162706	0.112849	0.00350264	0.0116364
