226	20
1	0.0540898	0.00410928	0.00408957	0.0703989	0.00559362	0.0256149	0.00729661	0.0388358	0.0715472	0.170256	0.0995469	0.00692321	0.00339916	0.15094	0.117605	0.0151379	0.0973499	0.051263	0.00202361	0.00397985
2	0.0251585	0.0223807	0.00824598	0.016852	0.00257737	0.0201379	0.0491144	0.0150728	0.14477	0.0239817	0.0132864	0.036885	0.00787036	0.085134	0.458462	0.0319059	0.0199076	0.0102544	0.00196279	0.00604138
3	0.028782	0.0221095	0.00970745	0.0203771	0.00285187	0.019468	0.0461014	0.0142099	0.148664	0.0297942	0.0142184	0.0371825	0.00817368	0.0915064	0.437363	0.0321619	0.0194352	0.00967643	0.00123244	0.00698499
4	0.0180169	0.00679535	0.0053494	0.0286738	0.0136699	0.00961666	0.0852104	0.0559878	0.0314393	0.237858	0.0393184	0.0181852	0.00569401	0.290399	0.0613059	0.0180559	0.0163879	0.0453355	0.00361552	0.00908516
5	0.128654	0.0155143	0.0922846	0.163427	0.00799305	0.0536395	0.0908103	0.0159988	0.0375115	0.0269089	0.00809107	0.0649722	0.00551877	0.0775309	0.0480161	0.0731412	0.0380946	0.0287446	0.00514991	0.017998
6	0.0136329	0.0104021	0.0182577	0.0537367	0.00313276	0.0158386	0.131399	0.00892324	0.0543616	0.0708124	0.00995713	0.0333228	0.00661799	0.415043	0.101991	0.0211685	0.0134242	0.00597361	0.00080655	0.0111975
7	0.0947223	0.0195332	0.0482819	0.0709906	0.00437919	0.0604855	0.0714352	0.0236308	0.0655018	0.0267005	0.00863917	0.107227	0.00814055	0.091666	0.0794495	0.111875	0.0615202	0.0234182	0.00925528	0.0131479
8	0.0299522	0.0219365	0.00727743	0.0164048	0.00431769	0.0211867	0.0441846	0.0145526	0.151187	0.027031	0.0151708	0.0389943	0.00446342	0.0849405	0.441886	0.0353875	0.0200339	0.0114234	0.00105595	0.00861342
9	0.0298175	0.00401215	0.259453	0.437578	0.00127536	0.0274083	0.0247149	0.00707281	0.0256347	0.00925412	0.00375001	0.0244212	0.00180413	0.0676371	0.0158547	0.0265099	0.0108626	0.0161873	0.000836999	0.00591519
10	0.398673	0.0111414	0.0211567	0.0260243	0.00496183	0.0445386	0.00862456	0.0344785	0.00983909	0.0434532	0.0195499	0.0301957	0.00710382	0.0113659	0.0179064	0.118909	0.0948858	0.0870891	0.00537646	0.00472687
11	0.388362	0.0109184	0.0215927	0.0283412	0.0053655	0.050059	0.0096504	0.036898	0.0114895	0.0431878	0.0215959	0.0307481	0.0076079	0.0144682	0.0226953	0.107624	0.0897527	0.091191	0.00336594	0.00508678
12	0.0120527	0.0137479	0.00243638	0.00539301	0.00119181	0.0110365	0.0133545	0.0110576	0.30691	0.0085636	0.0141686	0.0479717	0.00129252	0.0614736	0.445318	0.0301265	0.00905345	0.00270578	0.0007613	0.00138481
13	0.0192536	0.0143846	0.00541884	0.0119973	0.00181453	0.0149908	0.0245216	0.013178	0.277807	0.0142233	0.016016	0.0527748	0.00246097	0.0767214	0.395728	0.0343665	0.0157444	0.00461937	0.00131017	0.00266807
14	0.0762298	0.0766578	0.0169197	0.0167608	0.022657	0.0398716	0.0224733	0.0116618	0.0174596	0.0243561	0.00581075	0.0346805	0.0206136	0.0141601	0.0161855	0.442257	0.104353	0.0167986	0.00299509	0.0170992
15	0.0269351	0.0222478	0.00955681	0.0196326	0.0042094	0.021746	0.0346999	0.014574	0.164708	0.0237378	0.0147291	0.0388436	0.00434256	0.0733859	0.448472	0.0362343	0.0194753	0.00859695	0.00731696	0.00655672
16	0.0161845	0.00120278	0.00079639	0.00300558	0.0269357	0.00517137	0.00864771	0.153461	0.00395367	0.510003	0.095035	0.00183672	0.00244141	0.00821188	0.0106651	0.0153795	0.0138813	0.117816	0.000528055	0.00484293
17	0.0231712	0.0221797	0.0107535	0.0204543	0.00199037	0.0181387	0.0478805	0.0140632	0.151805	0.0245747	0.0118725	0.0385488	0.00848168	0.0896209	0.443939	0.0347386	0.0192096	0.0076957	0.00288509	0.00799665
18	0.0317309	0.0127388	0.0169831	0.0324391	0.00342311	0.0245161	0.0360807	0.0170851	0.260323	0.0302648	0.0187381	0.0581243	0.00366304	0.0981399	0.272588	0.0410951	0.0219378	0.0123822	0.00263445	0.00511228
19	0.0296259	0.0139485	0.0151957	0.0303485	0.00418683	0.0246468	0.0440291	0.0175467	0.241231	0.0282616	0.0197118	0.0599012	0.00565792	0.0996511	0.265634	0.0493757	0.0302531	0.0124636	0.00263854	0.00569263
20	0.396139	0.0134022	0.0203863	0.0260671	0.00557733	0.0472046	0.00861313	0.0334559	0.0112376	0.0413507	0.0182967	0.030327	0.0060822	0.0137483	0.0228108	0.113632	0.0924013	0.085068	0.0083169	0.0058834
21	0.0214655	0.0592726	0.00896611	0.0143421	0.0841659	0.0179862	0.273747	0.0119128	0.0128409	0.0219418	0.006108	0.020645	0.00883564	0.0334476	0.0488443	0.0495036	0.0128237	0.012794	0.0051182	0.275239
22	0.0465261	0.00190029	0.00139828	0.0024045	0.0184855	0.00590034	0.00862536	0.280114	0.00976338	0.233553	0.0959622	0.0103892	0.00917071	0.00481492	0.00916058	0.0138141	0.0420529	0.201496	0.000558009	0.0039105
23	0.00853813	0.00755863	0.0101277	0.043551	0.000715076	0.012834	0.151521	0.0070142	0.0498463	0.0696595	0.00628269	0.0381603	0.0056415	0.456572	0.0918764	0.0170287	0.00887616	0.0026329	0.000389471	0.011174
24	0.0199945	0.00828107	0.0353123	0.0683162	0.000699831	0.0398447	0.167437	0.0126917	0.0757002	0.0360673	0.00252767	0.119146	0.00309147	0.231139	0.087523	0.0499282	0.0236219	0.00717513	0.000632473	0.0108703
25	0.0225781	0.00183762	0.00215755	0.00508319	0.0263319	0.00554402	0.0140238	0.138305	0.00654647	0.501561	0.0823509	0.00448103	0.00255545	0.0232699	0.014891	0.0174214	0.0144561	0.108531	0.00251749	0.00555731
26	0.0415833	0.00463262	0.238931	0.413496	0.00191961	0.0279661	0.0232947	0.00999046	0.0227878	0.0164331	0.00675793	0.0236533	0.00260305	0.0698444	0.017822	0.0322107	0.0184667	0.0208835	0.000962321	0.00576083
27	0.0551691	0.0249488	0.00897059	0.0205113	0.00621109	0.0181453	0.010925	0.0161206	0.0261102	0.00645257	0.0036866	0.0813391	0.00898875	0.00412831	0.0068072	0.452775	0.235629	0.00662592	0.00121666	0.00523915
28	0.0757705	0.0981815	0.016763	0.0167292	0.0240631	0.0553398	0.0195933	0.0132557	0.0134621	0.022148	0.00555733	0.034913	0.0212239	0.00931105	0.0163058	0.429602	0.0910833	0.0158925	0.00290225	0.0179026
29	0.0118813	0.0137906	0.00233002	0.00586219	0.00113527	0.0123718	0.0135458	0.0112556	0.306484	0.00888466	0.0140929	0.0492161	0.00129544	0.0633631	0.439841	0.0302066	0.00957726	0.00274728	0.000752305	0.00136675
30	0.0165145	0.000541571	0.00047478	0.00108957	0.0253589	0.00351852	0.00778174	0.185095	0.00449984	0.463799	0.099404	0.00140473	0.00167729	0.00465893	0.00848411	0.0136856	0.0143941	0.142487	0.000420606	0.00470949
31	0.0102332	0.0203407	0.00270132	0.00547561	0.00111092	0.010066	0.0175171	0.0109877	0.233999	0.00930311	0.0107124	0.0386996	0.00134157	0.0575651	0.529421	0.0274894	0.00806206	0.00268462	0.000902602	0.00138677
32	0.022453	0.00347503	0.0029157	0.00607607	0.0280757	0.00759894	0.013796	0.135836	0.00691114	0.497173	0.0811625	0.00537251	0.00304505	0.0194584	0.01599	0.0184637	0.0151831	0.109145	0.000773322	0.00709551
33	0.365485	0.0183854	0.0165184	0.0235556	0.00722535	0.028398	0.00225017	0.0469586	0.00185816	0.0616215	0.0410023	0.0245702	0.00703738	0.0126438	0.0112817	0.108884	0.108281	0.105551	0.00413447	0.00435829
34	0.00437719	0.00786716	0.00493066	0.0359819	0.000553554	0.00608254	0.150828	0.00607171	0.0382933	0.0798439	0.00670986	0.0215776	0.00554735	0.517244	0.0856323	0.0110238	0.00437273	0.00152111	0.000361057	0.01118
35	0.0129222	0.000517489	0.00040254	0.00105071	0.0267394	0.00350331	0.00789652	0.156414	0.00294912	0.531484	0.0905776	0.00108984	0.00208492	0.0047819	0.00845602	0.0130496	0.0118741	0.119008	0.000412968	0.00478611
36	0.0341571	0.00409378	0.248139	0.419587	0.00220374	0.0262953	0.0266957	0.00820174	0.0261488	0.0133427	0.00458994	0.0253797	0.00197498	0.0714002	0.0187374	0.0294699	0.0132069	0.0182692	0.00298778	0.00511916
37	0.00369193	0.00789684	0.00358783	0.0338555	0.000530047	0.00431472	0.149372	0.00579678	0.0363068	0.0831968	0.00706372	0.0166503	0.00583273	0.531496	0.0853335	0.00880353	0.00346319	0.00127308	0.000348901	0.0111859
38	0.0187613	0.000735376	0.300929	0.502592	0.000566332	0.0199052	0.0168832	0.00415675	0.0191	0.00442126	0.000801136	0.0146115	0.000529763	0.0582418	0.00359871	0.012432	0.00340558	0.0145034	0.000369193	0.00345651
39	0.0151087	0.000561802	0.000467748	0.00104065	0.0257326	0.00347595	0.00791407	0.176779	0.00387471	0.490136	0.0947568	0.00163821	0.00204843	0.00461311	0.00851031	0.0130023	0.0135689	0.131717	0.000422579	0.00463129
40	0.422682	0.00701439	0.0101382	0.0141323	0.00509911	0.0247246	0.00268823	0.0673138	0.00369562	0.0560946	0.0299495	0.0140001	0.00761245	0.00571374	0.00965246	0.0777687	0.100703	0.136535	0.00165434	0.00282746
41	0.502397	0.00515746	0.0103351	0.0142922	0.0027668	0.0275241	0.0011962	0.0277908	0.000814787	0.0416463	0.0200377	0.0145959	0.0070107	0.00352085	0.0066154	0.09725	0.105152	0.10735	0.00209443	0.00245199
42	0.398744	0.0109831	0.012818	0.0206267	0.00699024	0.0277879	0.00188495	0.0413517	0.00160481	0.0603983	0.0399297	0.0201193	0.00684032	0.00958128	0.00947203	0.102657	0.11154	0.107659	0.00555444	0.0034569
43	0.0370562	0.0203736	0.00434204	0.00760481	0.0778104	0.0175065	0.0235978	0.159943	0.00686765	0.329712	0.0747765	0.00706231	0.00383589	0.0115849	0.0154671	0.0303895	0.0232707	0.12768	0.00180324	0.0193158
44	0.0214634	0.00180144	0.294031	0.482288	0.000800737	0.0225332	0.0189268	0.00458618	0.0207299	0.0053208	0.0010967	0.0185439	0.000653531	0.0580202	0.00595606	0.0171171	0.00523583	0.0145662	0.000619982	0.00570901
45	0.0580304	0.000890703	0.00151234	0.00547791	0.0176951	0.00733846	0.00775251	0.225174	0.0152227	0.258654	0.110079	0.00494674	0.00320661	0.0101384	0.0155827	0.0174205	0.0361077	0.201152	0.000485024	0.00313263
46	0.0186047	0.000727799	0.301574	0.503406	0.000566163	0.0196864	0.0167938	0.00414839	0.0189794	0.00436476	0.000799838	0.0143862	0.000524109	0.0581327	0.00343675	0.0122653	0.00332961	0.0144634	0.000360248	0.00345144
47	0.0191325	0.0588197	0.0057013	0.00738055	0.0892087	0.0131905	0.312289	0.0100798	0.00726601	0.0139681	0.00587102	0.0125253	0.00942014	0.0141753	0.0466019	0.0472229	0.0110847	0.00982088	0.00308913	0.303152
48	0.242398	0.0123235	0.0298505	0.0312559	0.00205725	0.224386	0.0139393	0.00841651	0.0273056	0.00730376	0.00210286	0.0680729	0.00330685	0.0120139	0.038175	0.205254	0.0415379	0.0204018	0.00727128	0.00262725
49	0.0192274	0.00855703	0.0325897	0.0645588	0.000752461	0.0416935	0.167806	0.0126783	0.0851648	0.0336244	0.0027206	0.118254	0.00302704	0.212328	0.110181	0.0469568	0.0222184	0.00660626	0.000549924	0.0105066
50	0.071044	0.023699	0.0271203	0.0356004	0.0154431	0.0404741	0.0276248	0.0283943	0.0230715	0.0825941	0.0193033	0.0343203	0.0136206	0.0320561	0.0465761	0.0635577	0.037721	0.0301289	0.32552	0.0221301
51	0.0942389	0.00146379	0.00607683	0.0241825	0.0176287	0.00978076	0.00874572	0.12364	0.010654	0.269013	0.0866773	0.00292837	0.00167298	0.0295693	0.0321252	0.0401405	0.0304073	0.207565	0.000611674	0.00287841
52	0.0186047	0.000727799	0.301574	0.503406	0.000566163	0.0196864	0.0167938	0.00414839	0.0189794	0.00436476	0.000799838	0.0143862	0.000524109	0.0581327	0.00343675	0.0122653	0.00332961	0.0144634	0.000360248	0.00345144
53	0.0186047	0.000727799	0.301574	0.503406	0.000566163	0.0196864	0.0167938	0.00414839	0.0189794	0.00436476	0.000799838	0.0143862	0.000524109	0.0581327	0.00343675	0.0122653	0.00332961	0.0144634	0.000360248	0.00345144
54	0.0141925	0.00789092	0.0277682	0.0591467	0.000565017	0.0299842	0.16787	0.0110966	0.064067	0.0479479	0.00325021	0.0860658	0.00435859	0.319002	0.0874086	0.0360903	0.0178982	0.00477345	0.000451364	0.0101722
55	0.0227454	0.00900389	0.0419139	0.0742324	0.000677	0.0464385	0.171451	0.0148471	0.0835111	0.0284399	0.0013221	0.135132	0.00257813	0.174277	0.0878218	0.058362	0.0277106	0.00774438	0.000513606	0.011279
56	0.0117539	0.0127956	0.0021862	0.00521646	0.00115635	0.0113157	0.0123918	0.0114046	0.324359	0.00807839	0.0143613	0.0512384	0.0013175	0.0632139	0.424303	0.0315229	0.00854271	0.00268534	0.000809554	0.00134756
57	0.00631784	0.00748869	0.00520575	0.0346485	0.000652017	0.00782184	0.153	0.00587582	0.0436541	0.08023	0.008407	0.0260756	0.00600396	0.485659	0.0988525	0.0110407	0.00504066	0.00202843	0.000422355	0.0115755
58	0.201673	0.0536516	0.0617958	0.0584577	0.0092663	0.0725802	0.00650083	0.0430659	0.00916302	0.0258969	0.0131755	0.0807218	0.00648921	0.0156331	0.025783	0.168534	0.0732845	0.0508823	0.00329435	0.020151
59	0.0186047	0.000727799	0.301574	0.503406	0.000566163	0.0196864	0.0167938	0.00414839	0.0189794	0.00436476	0.000799838	0.0143862	0.000524109	0.0581327	0.00343675	0.0122653	0.00332961	0.0144634	0.000360248	0.00345144
60	0.014048	0.000537006	0.000459542	0.00114894	0.0264449	0.00347388	0.00800242	0.16406	0.00334481	0.515415	0.0927282	0.00122899	0.00209867	0.00504549	0.00869404	0.0131508	0.0124686	0.122564	0.000421658	0.00466498
61	0.0445666	0.00810665	0.00494358	0.0626954	0.00339946	0.0308077	0.0159713	0.0204651	0.115748	0.0732192	0.070784	0.0186568	0.00410748	0.148294	0.242202	0.0171726	0.0953602	0.0168271	0.0023854	0.00428716
62	0.198519	0.00974071	0.0161765	0.012323	0.00122379	0.059599	0.0102004	0.0587095	0.0171257	0.00362502	0.00708409	0.135348	0.0013958	0.00355931	0.0134805	0.201332	0.225005	0.02059	0.00126294	0.00370027
63	0.520164	0.00464562	0.010497	0.0134516	0.00219806	0.0327131	0.00142608	0.027073	0.00142738	0.0336639	0.0150836	0.0148651	0.00590395	0.00305647	0.00748581	0.101991	0.0980305	0.102446	0.00172433	0.0021538
64	0.0107908	0.000502297	0.000408825	0.000906627	0.0280592	0.0034367	0.00791576	0.148521	0.002236	0.554079	0.0870924	0.000873158	0.00222909	0.00469311	0.00840609	0.0127071	0.0105143	0.111352	0.000456126	0.00482096
65	0.0189727	0.00846271	0.0355994	0.0686998	0.000692721	0.0407363	0.171113	0.0129088	0.0750612	0.0360092	0.00211267	0.122672	0.00267575	0.22438	0.0861937	0.0522397	0.0234855	0.006746	0.000470554	0.0107685
66	0.026235	0.00254185	0.00282245	0.00686507	0.0273741	0.00710551	0.0137285	0.133007	0.00722052	0.489243	0.083597	0.00349844	0.00291827	0.0242751	0.0163545	0.0195596	0.0172222	0.10744	0.00307377	0.00591748
67	0.0187067	0.00995561	0.0313158	0.0652979	0.000736119	0.043393	0.157847	0.0123441	0.0905779	0.0279087	0.00254206	0.111677	0.00258642	0.18848	0.152174	0.0455373	0.0222124	0.00657548	0.000522523	0.00961025
68	0.0615601	0.000802108	0.0021944	0.0089628	0.0199492	0.00670607	0.00814071	0.185054	0.0135435	0.298212	0.103785	0.00249768	0.00147606	0.0147341	0.0208405	0.02529	0.0301971	0.192662	0.000346725	0.00304578
69	0.0134348	0.000493032	0.000462523	0.00109049	0.0275014	0.00365463	0.0084154	0.159773	0.00308869	0.522823	0.0894968	0.00104954	0.00205568	0.00476817	0.0093381	0.0131334	0.0122624	0.121309	0.000450029	0.00540019
70	0.194034	0.00788592	0.00873586	0.0144946	0.0136566	0.0176423	0.00763707	0.162227	0.00893192	0.149525	0.0656474	0.0155338	0.00853966	0.0101565	0.0157691	0.0502661	0.0660627	0.177414	0.00168373	0.0041564
71	0.0186047	0.000727799	0.301574	0.503406	0.000566163	0.0196864	0.0167938	0.00414839	0.0189794	0.00436476	0.000799838	0.0143862	0.000524109	0.0581327	0.00343675	0.0122653	0.00332961	0.0144634	0.000360248	0.00345144
72	0.203677	0.0140737	0.0322762	0.0306519	0.00162898	0.0849266	0.00773789	0.0502996	0.0163421	0.0067223	0.00568415	0.119552	0.00231512	0.00732671	0.0240591	0.19691	0.165587	0.0244859	0.00181195	0.00393178
73	0.256594	0.118288	0.0347263	0.0222209	0.0243801	0.0996962	0.0096211	0.0683239	0.00376378	0.0237958	0.02808	0.0267334	0.00650205	0.0111834	0.0123469	0.0751979	0.0653386	0.0908156	0.00153265	0.0208602
74	0.010832	0.000505916	0.00040981	0.000906619	0.0279768	0.00346803	0.00791323	0.147554	0.00220207	0.555744	0.0873165	0.000847069	0.0022478	0.00471045	0.00841992	0.0127827	0.0105047	0.110382	0.000456841	0.00482003
75	0.219973	0.0175474	0.054909	0.0566636	0.00170614	0.121642	0.00664598	0.0228242	0.023481	0.0100565	0.00275421	0.0921753	0.00258126	0.0147384	0.035092	0.209492	0.0725753	0.0262011	0.00433233	0.00460922
76	0.0290635	0.0139289	0.0278375	0.0524126	0.00294744	0.0368012	0.170485	0.0125943	0.0790583	0.0297211	0.00423925	0.105707	0.0123264	0.162752	0.156754	0.0488624	0.0220992	0.00919377	0.0017568	0.0214601
77	0.0152837	0.0728438	0.00605926	0.00715971	0.107235	0.0150947	0.299335	0.0102454	0.00632464	0.0154594	0.00594425	0.00884878	0.00476584	0.0085967	0.0336431	0.051629	0.0101207	0.0101913	0.00313392	0.308086
78	0.136459	0.0581205	0.106997	0.0813916	0.0278991	0.0863116	0.0249158	0.0188289	0.010011	0.0178249	0.00650249	0.0875576	0.00351793	0.0172654	0.024575	0.144221	0.0593952	0.0241959	0.00742673	0.0565828
79	0.0255488	0.00838456	0.0493512	0.0870319	0.000877949	0.0451399	0.164819	0.0137888	0.0822444	0.0273173	0.00154061	0.132332	0.00244657	0.164276	0.0892291	0.0585681	0.0260738	0.00962626	0.000806231	0.0105975
80	0.0108544	0.000498801	0.000409428	0.000908039	0.0280354	0.00345799	0.00791335	0.147328	0.00218565	0.556168	0.0872375	0.000849817	0.00225576	0.004705	0.00842199	0.01281	0.0105274	0.110167	0.000455828	0.0048107
81	0.0361366	0.0026116	0.00136942	0.00349703	0.0305971	0.0062876	0.00833251	0.20511	0.00748756	0.351927	0.101987	0.00431723	0.00342444	0.00759275	0.0110443	0.0181194	0.0247358	0.16982	0.000524305	0.00507923
82	0.0232943	0.00853761	0.0418027	0.0752578	0.000702399	0.0470253	0.169185	0.0141639	0.0844208	0.028497	0.00146368	0.133139	0.00256758	0.174304	0.0914705	0.0579393	0.0267505	0.00808019	0.000554432	0.0108452
83	0.0260775	0.000546826	0.000630519	0.00185113	0.0235325	0.00425442	0.00781972	0.198392	0.00707442	0.406193	0.106129	0.00192438	0.00156739	0.00563859	0.010019	0.0151368	0.0181493	0.160433	0.000387315	0.00424329
84	0.01584	0.0123584	0.00447948	0.0130493	0.001386	0.0145363	0.0233422	0.0117144	0.297612	0.0139628	0.0172093	0.0534779	0.0021223	0.0787737	0.386978	0.0307192	0.0157442	0.00356638	0.000871969	0.00225674
85	0.221441	0.0187142	0.0555297	0.0595866	0.00193288	0.145107	0.00708671	0.0157707	0.0250879	0.011178	0.00236404	0.0803719	0.0030051	0.0151006	0.037064	0.211607	0.0531811	0.0274555	0.00488152	0.00353334
86	0.273879	0.0349728	0.0373325	0.0418758	0.0126747	0.0391401	0.00377457	0.0597605	0.0019984	0.061055	0.037884	0.0394455	0.00730714	0.0159867	0.0222907	0.105749	0.0830947	0.112298	0.00202565	0.00745504
87	0.501543	0.00480958	0.0111183	0.0146273	0.00290937	0.0290596	0.00147998	0.028598	0.00115447	0.0421388	0.0189915	0.014898	0.00612976	0.0037665	0.00811783	0.0939868	0.101102	0.111379	0.00181058	0.00238023
88	0.459392	0.00855058	0.0128466	0.0163852	0.00379395	0.0316788	0.00241566	0.042067	0.00274383	0.0411693	0.0201635	0.0219728	0.00667688	0.00550013	0.00967695	0.10848	0.0980504	0.103696	0.00174831	0.00299128
89	0.014943	0.0109659	0.00225093	0.00553457	0.00146324	0.0114384	0.0120938	0.0119445	0.343198	0.00842599	0.0180993	0.0617337	0.0016991	0.068024	0.377399	0.0340197	0.0107952	0.00338794	0.000962647	0.00162023
90	0.50349	0.00472212	0.0114285	0.0149302	0.00217563	0.0322128	0.0013501	0.0275502	0.00176084	0.0357982	0.0156911	0.0185477	0.00604956	0.00338124	0.00861428	0.10765	0.100124	0.100446	0.00179879	0.0022793
91	0.0527318	0.00601198	0.24776	0.381094	0.00290085	0.0361203	0.0236182	0.00848012	0.0222993	0.0129996	0.0030901	0.0314858	0.00366539	0.0565136	0.0144541	0.0429469	0.0193384	0.020932	0.00685397	0.00670398
92	0.367973	0.00671663	0.0111951	0.0188437	0.00662561	0.0232419	0.00367565	0.0699843	0.00391207	0.08471	0.0384448	0.0142903	0.00569181	0.010353	0.0152699	0.080283	0.0854741	0.148704	0.00190832	0.00270227
93	0.0147287	0.0121133	0.00109655	0.00239778	0.0829167	0.00916198	0.0127401	0.132037	0.00350989	0.466438	0.0756927	0.00198838	0.0022254	0.00839348	0.0093009	0.0232124	0.0116966	0.117198	0.000805852	0.0123474
94	0.0146938	0.0722417	0.00561451	0.00646528	0.111352	0.01493	0.297998	0.0105681	0.0063292	0.0168207	0.00581159	0.00800864	0.00460175	0.0090811	0.0340258	0.0502913	0.00990393	0.010962	0.00287964	0.307421
95	0.0232463	0.000670113	0.000563412	0.00135801	0.0227945	0.00375403	0.00796073	0.216505	0.00660742	0.387294	0.103026	0.00274863	0.00231764	0.00462478	0.00885211	0.0130175	0.0189826	0.170766	0.000377917	0.00453328
96	0.0177109	0.000548982	0.000468788	0.00113034	0.0254729	0.00345856	0.00779491	0.194241	0.00501567	0.443649	0.101972	0.00162159	0.00160112	0.0047678	0.0084918	0.0133804	0.0151123	0.148558	0.000407467	0.00459567
97	0.120875	0.0315171	0.0244541	0.0260995	0.00688524	0.0397197	0.0181243	0.048672	0.0166155	0.0150464	0.00815544	0.102703	0.00837489	0.0128185	0.0194681	0.269063	0.167314	0.0228398	0.00364411	0.0376112
98	0.153609	0.0242989	0.0473941	0.0637372	0.0177208	0.134304	0.0396664	0.0221825	0.031513	0.0298498	0.0118839	0.0639137	0.0093747	0.0386987	0.053322	0.141482	0.0547189	0.0320338	0.0146337	0.0156632
99	0.117397	0.00251952	0.00437096	0.0113038	0.0119776	0.00915068	0.00679753	0.198859	0.0171421	0.158666	0.0971217	0.0108844	0.00881728	0.0132155	0.016689	0.0264898	0.0893539	0.195185	0.00146289	0.00259567
100	0.0698887	0.023655	0.0212832	0.0296544	0.0170729	0.04186	0.0345121	0.0283969	0.0262345	0.0805627	0.0188596	0.0339191	0.0132552	0.0365917	0.0401658	0.0628768	0.0399338	0.0302264	0.324905	0.0261466
101	0.058422	0.00543511	0.00484332	0.0433823	0.00354099	0.0381398	0.00840472	0.0120987	0.188275	0.0635061	0.0748482	0.0176782	0.00381709	0.0883465	0.241892	0.0160495	0.113912	0.0108676	0.00217163	0.0043695
102	0.0762303	0.0502708	0.00824477	0.00958215	0.00745355	0.0227722	0.00609862	0.00520678	0.013443	0.0104766	0.00498934	0.0288752	0.0558844	0.00628783	0.011337	0.545241	0.125769	0.00657109	0.00167034	0.00359595
103	0.222051	0.0570653	0.0276921	0.0290789	0.00854426	0.101528	0.0122911	0.0292809	0.0110798	0.0225895	0.0155518	0.0448798	0.0418486	0.0286957	0.0248238	0.191139	0.0787422	0.041366	0.00431314	0.00743829
104	0.516147	0.00444767	0.0107825	0.0137669	0.00244178	0.0280107	0.0012797	0.0263223	0.000876384	0.0369192	0.0176159	0.0144012	0.00633522	0.00322625	0.00660087	0.0937859	0.104108	0.108651	0.00184096	0.0024412
105	0.0319744	0.00394035	0.253273	0.43506	0.00164174	0.0251306	0.0226119	0.0073797	0.0261123	0.0123028	0.00528481	0.0218274	0.00188894	0.0688297	0.0183785	0.0249947	0.0137432	0.0185504	0.0020849	0.0049909
106	0.0286358	0.0225861	0.00763168	0.0182712	0.00630248	0.0174432	0.0541187	0.0151093	0.140569	0.0288473	0.014465	0.0388821	0.007612	0.090287	0.429123	0.0350575	0.0197902	0.0110612	0.0015164	0.0126908
107	0.0379879	0.144646	0.00756985	0.00905712	0.19082	0.0776271	0.0757732	0.0372986	0.00699564	0.124551	0.00875423	0.0110625	0.00492329	0.0222478	0.0155412	0.0973037	0.0144459	0.0618747	0.00439074	0.0471306
108	0.0189336	0.0241029	0.00262763	0.00503632	0.112147	0.0161495	0.0200609	0.118084	0.005147	0.399066	0.0647374	0.005021	0.00280788	0.0138309	0.0112263	0.0337248	0.0130392	0.109353	0.00650299	0.0184016
109	0.0105216	0.000606294	0.000573684	0.00135313	0.0281057	0.0037466	0.00896987	0.141419	0.00250347	0.561008	0.0876503	0.00105964	0.00229849	0.00604748	0.00876661	0.0141483	0.0106456	0.105261	0.000461566	0.00485321
110	0.0799166	0.0219043	0.0219777	0.0278639	0.0177189	0.0438231	0.0299006	0.0275941	0.0215917	0.0849787	0.0195963	0.0324163	0.015223	0.0336974	0.0393744	0.0668696	0.0395339	0.0322696	0.321335	0.0224154
111	0.0143558	0.000511344	0.00045064	0.00115413	0.026408	0.00351723	0.0079073	0.168657	0.00345823	0.504309	0.0947261	0.00132156	0.00205586	0.00491209	0.00863234	0.0131696	0.0126545	0.126528	0.000431185	0.00484038
112	0.326703	0.0110151	0.0223284	0.0248436	0.00253882	0.161336	0.0105678	0.0177705	0.0177787	0.0156546	0.00679737	0.0536405	0.00455751	0.00865862	0.0259147	0.168897	0.0678029	0.0448268	0.00540656	0.00296181
113	0.107361	0.0182068	0.153592	0.19925	0.00575566	0.103128	0.0289107	0.0138455	0.0262411	0.0161405	0.00528657	0.0634865	0.00418491	0.0446894	0.0306674	0.102381	0.0380691	0.0235834	0.00486426	0.0103565
114	0.0253392	0.106079	0.00888835	0.0101265	0.187942	0.0368679	0.138784	0.0183526	0.00662023	0.0814994	0.00666997	0.0143452	0.00447694	0.0169404	0.0229631	0.0936324	0.015171	0.0438908	0.00385438	0.157557
115	0.0130534	0.0229208	0.00552971	0.011591	0.00109926	0.0132185	0.0395578	0.0115957	0.18855	0.0120642	0.00840827	0.0426031	0.00280487	0.071192	0.510943	0.0282124	0.00960446	0.00341188	0.000819157	0.00282011
116	0.0762198	0.0359508	0.010552	0.0131994	0.00807255	0.0337225	0.015413	0.0100545	0.0156145	0.0203375	0.00959898	0.039355	0.181494	0.0147326	0.0288457	0.394265	0.0674598	0.0122935	0.00370899	0.00910988
117	0.130066	0.0355384	0.0209077	0.0241176	0.0106998	0.048229	0.0194563	0.0195519	0.026285	0.0261619	0.00940635	0.0500116	0.0201934	0.021983	0.0287016	0.367566	0.104953	0.0234997	0.00353805	0.00913374
118	0.0186047	0.000727799	0.301574	0.503406	0.000566163	0.0196864	0.0167938	0.00414839	0.0189794	0.00436476	0.000799838	0.0143862	0.000524109	0.0581327	0.00343675	0.0122653	0.00332961	0.0144634	0.000360248	0.00345144
119	0.0129322	0.000516264	0.000446088	0.000893732	0.0280253	0.00347977	0.008025	0.161374	0.00289245	0.523694	0.089582	0.00114471	0.0021807	0.00465223	0.00870983	0.0129669	0.0118087	0.121312	0.000455238	0.00490865
120	0.0173206	0.000663751	0.000483335	0.00131332	0.0254937	0.00357617	0.00802792	0.186821	0.00454458	0.468958	0.0944546	0.0017232	0.00220804	0.00500302	0.00891799	0.012942	0.0141443	0.138377	0.000423411	0.0046053
121	0.0287385	0.00910073	0.00644841	0.0139402	0.00253433	0.0166988	0.0294863	0.0129702	0.319718	0.0146963	0.0259101	0.0832514	0.00330837	0.0903348	0.27687	0.035938	0.0184856	0.00622571	0.00150343	0.00384061
122	0.0589436	0.00190479	0.0014798	0.00258324	0.0172712	0.00603406	0.0084741	0.314461	0.0112051	0.153158	0.094837	0.0161345	0.0139538	0.00456468	0.00837634	0.0104799	0.0608666	0.211043	0.00083435	0.00339542
123	0.0124389	0.000535364	0.000413606	0.000971944	0.027019	0.00351103	0.007877	0.157061	0.00286139	0.531063	0.0899986	0.00101218	0.0019989	0.00471091	0.00857371	0.0127775	0.0115819	0.120311	0.000446712	0.00483627
124	0.170514	0.00426198	0.012931	0.0359382	0.0133727	0.0168614	0.0093847	0.0761376	0.0072046	0.1671	0.0671866	0.00832585	0.00223521	0.0291928	0.0421169	0.0697736	0.0481526	0.215366	0.0013774	0.00256627
125	0.0957303	0.0313509	0.0134604	0.0142559	0.00526224	0.0585803	0.00929811	0.0110639	0.0126774	0.0124237	0.0053453	0.0660895	0.115492	0.00993388	0.0306153	0.419068	0.0692412	0.011641	0.00296872	0.00550292
126	0.00491666	0.00899711	0.00351814	0.0330878	0.00055858	0.00467904	0.153081	0.00568229	0.0371653	0.0816857	0.00692708	0.0168421	0.00689717	0.52073	0.0876089	0.0094449	0.00387078	0.00162275	0.00038617	0.012298
127	0.0142486	0.000720456	0.000478016	0.00104081	0.0286389	0.00364113	0.00794013	0.159618	0.00262442	0.528546	0.0855571	0.00185236	0.0043316	0.0044923	0.00883408	0.0131342	0.0130666	0.116293	0.000344041	0.00459826
128	0.0186047	0.000727799	0.301574	0.503406	0.000566163	0.0196864	0.0167938	0.00414839	0.0189794	0.00436476	0.000799838	0.0143862	0.000524109	0.0581327	0.00343675	0.0122653	0.00332961	0.0144634	0.000360248	0.00345144
129	0.0689631	0.0145371	0.0074292	0.0188297	0.00241489	0.0177772	0.165567	0.0081558	0.0689638	0.0323604	0.00679274	0.0322205	0.0674006	0.227932	0.172657	0.0302146	0.0184247	0.0119167	0.00212737	0.0253159
130	0.0161714	0.0107333	0.0194283	0.0582107	0.00187678	0.0150542	0.125446	0.00878186	0.0561978	0.065113	0.0102888	0.0322261	0.00687069	0.409297	0.109534	0.0224435	0.0158045	0.00577595	0.000776927	0.00996911
131	0.0549144	0.000792464	0.00168912	0.00629789	0.020812	0.00630857	0.00884648	0.209387	0.012921	0.290879	0.102025	0.00318909	0.00220801	0.0105716	0.0188815	0.0216345	0.0267715	0.198472	0.000367396	0.00303054
132	0.154326	0.00338644	0.013072	0.0363872	0.0143772	0.0152308	0.00934871	0.0789117	0.00829924	0.175852	0.0726007	0.00721444	0.00187927	0.031122	0.0434588	0.0657154	0.0425668	0.222621	0.00119545	0.00243532
133	0.149325	0.015525	0.107755	0.13256	0.00399438	0.127062	0.00917053	0.00793503	0.0304139	0.014685	0.00218195	0.0889597	0.00197313	0.0246852	0.0309672	0.173202	0.0379903	0.0246757	0.0101938	0.00674499
134	0.0521756	0.131365	0.038144	0.0378085	0.0112449	0.0415267	0.0338518	0.0107541	0.00600635	0.0295932	0.00487715	0.112841	0.00383771	0.0273583	0.0520416	0.123611	0.0589535	0.00838245	0.022901	0.192727
135	0.198779	0.0126173	0.0360716	0.0387645	0.00223446	0.234175	0.0186361	0.00803956	0.0305165	0.00777526	0.00239394	0.0833833	0.00297708	0.0137435	0.041828	0.195366	0.0380225	0.0240213	0.00759664	0.00305826
136	0.0248262	0.000944739	0.00142553	0.00367199	0.0274091	0.00467705	0.00836589	0.153097	0.00471489	0.491527	0.0883374	0.00173966	0.00226261	0.00819086	0.0116404	0.016622	0.01591	0.128511	0.000959501	0.00516749
137	0.0309727	0.00710843	0.00743819	0.0683603	0.00192682	0.0366591	0.0357375	0.0109341	0.154938	0.0457506	0.0425972	0.0303878	0.00373008	0.167946	0.253277	0.0181173	0.0696773	0.00905015	0.00149022	0.00390091
138	0.00369193	0.00789684	0.00358783	0.0338555	0.000530047	0.00431472	0.149372	0.00579678	0.0363068	0.0831968	0.00706372	0.0166503	0.00583273	0.531496	0.0853335	0.00880353	0.00346319	0.00127308	0.000348901	0.0111859
139	0.0561738	0.0580878	0.00990891	0.00966678	0.00962228	0.0175188	0.00626033	0.00466111	0.0178788	0.00932834	0.0029642	0.0290769	0.0229744	0.00390224	0.00661074	0.580491	0.147239	0.0040118	0.000810448	0.00281288
140	0.131107	0.0753375	0.0180194	0.0176468	0.0107033	0.0334915	0.00755071	0.017424	0.0113017	0.0263411	0.011047	0.0304173	0.0229075	0.00818531	0.0123627	0.418667	0.113116	0.0240983	0.00214711	0.0081285
141	0.0749629	0.00422196	0.00538741	0.0789611	0.0052774	0.0267129	0.00834326	0.0306418	0.0613536	0.144224	0.0881855	0.00805246	0.00339603	0.154516	0.133742	0.0178082	0.0968359	0.0512834	0.00198148	0.00411187
142	0.00793392	0.00755018	0.0203445	0.0596879	0.000573857	0.0145064	0.150345	0.00777409	0.0465451	0.06663	0.00569257	0.0414545	0.00523412	0.440808	0.0824826	0.0192309	0.00905207	0.00313555	0.000476891	0.0105409
143	0.497147	0.00529422	0.0121465	0.0158564	0.00299387	0.0327657	0.00170681	0.0280509	0.00159786	0.0398966	0.0174526	0.0178934	0.00588983	0.00426611	0.010503	0.0975351	0.0977291	0.10701	0.00188772	0.00237817
144	0.0446176	0.00506458	0.234241	0.399943	0.0023454	0.0306872	0.0288008	0.0102381	0.0248425	0.0139907	0.00489529	0.0290752	0.0031485	0.0724292	0.0227549	0.0312923	0.0162045	0.0196549	0.000810807	0.00496319
145	0.0186047	0.000727799	0.301574	0.503406	0.000566163	0.0196864	0.0167938	0.00414839	0.0189794	0.00436476	0.000799838	0.0143862	0.000524109	0.0581327	0.00343675	0.0122653	0.00332961	0.0144634	0.000360248	0.00345144
146	0.340923	0.017695	0.0303807	0.0335587	0.00565152	0.110548	0.0132701	0.0225292	0.0149987	0.0239923	0.0114698	0.0465195	0.00688742	0.0155196	0.0245412	0.139765	0.0716321	0.0609298	0.00481615	0.00437161
147	0.0192648	0.000958409	0.000669316	0.00212823	0.0265107	0.0042237	0.0083148	0.165078	0.00416228	0.492326	0.0915856	0.00127704	0.00195978	0.00617378	0.00979565	0.0147275	0.0135814	0.132071	0.00046562	0.00472682
148	0.0542267	0.0556589	0.0112175	0.00999805	0.0107918	0.0171363	0.00651271	0.00531111	0.0176358	0.0089075	0.00291611	0.0307463	0.0207535	0.00383036	0.0065239	0.574967	0.154712	0.00400682	0.000803666	0.00334404
149	0.00379683	0.00790833	0.00383185	0.0341299	0.00053354	0.00454085	0.149412	0.00585203	0.036487	0.0829129	0.00699546	0.0171348	0.00583535	0.530005	0.0852391	0.00897164	0.00360085	0.00129863	0.000347227	0.0111664
150	0.155192	0.0157773	0.0899334	0.105483	0.00359147	0.145215	0.020883	0.0108832	0.0316357	0.0141231	0.00417035	0.0785047	0.00254362	0.0353609	0.0500086	0.154999	0.0446754	0.0246716	0.00591777	0.00643163
151	0.0107837	0.000496751	0.000415912	0.000908333	0.0278984	0.0034658	0.00792171	0.147329	0.00219853	0.556205	0.0872534	0.000858685	0.00226835	0.00475357	0.00848612	0.0128549	0.0105235	0.11014	0.00045501	0.00478375
152	0.0186047	0.000727799	0.301574	0.503406	0.000566163	0.0196864	0.0167938	0.00414839	0.0189794	0.00436476	0.000799838	0.0143862	0.000524109	0.0581327	0.00343675	0.0122653	0.00332961	0.0144634	0.000360248	0.00345144
153	0.0342958	0.00880363	0.0340832	0.0599351	0.00121789	0.0389768	0.152379	0.0140131	0.103893	0.025009	0.00424583	0.119029	0.00785219	0.165269	0.119859	0.0558658	0.0304896	0.0119598	0.000885942	0.0119376
154	0.0745861	0.00600526	0.00538749	0.0129547	0.021755	0.012962	0.0128883	0.118749	0.0111494	0.379736	0.074229	0.00920549	0.00493348	0.0236353	0.0242133	0.0365148	0.0478553	0.112213	0.00429187	0.00673495
155	0.0171902	0.00808128	0.0239567	0.0536768	0.00071577	0.0301021	0.167673	0.0105959	0.0801367	0.0427862	0.00416812	0.0930525	0.00529841	0.27275	0.114081	0.0376115	0.0171588	0.00587167	0.000489075	0.0146042
156	0.00369193	0.00789684	0.00358783	0.0338555	0.000530047	0.00431472	0.149372	0.00579678	0.0363068	0.0831968	0.00706372	0.0166503	0.00583273	0.531496	0.0853335	0.00880353	0.00346319	0.00127308	0.000348901	0.0111859
157	0.191561	0.0124544	0.0168749	0.0130604	0.00133366	0.0581856	0.00941461	0.0591479	0.015778	0.00515816	0.0089667	0.135738	0.00251918	0.00408152	0.0138244	0.208947	0.216795	0.0207261	0.0012745	0.00415982
158	0.0152195	0.000534839	0.0004817	0.00142745	0.0262666	0.00368954	0.00804335	0.162626	0.00372916	0.511363	0.0906675	0.0011834	0.0019841	0.00518557	0.00931293	0.0133375	0.0126414	0.127039	0.000450979	0.00481687
159	0.518284	0.00435306	0.0101633	0.0130702	0.00195653	0.0326426	0.00151281	0.0273233	0.00183541	0.0317007	0.0143876	0.0166729	0.00593616	0.00300054	0.00750006	0.107596	0.0985161	0.0997907	0.00166047	0.00209759
160	0.0186047	0.000727799	0.301574	0.503406	0.000566163	0.0196864	0.0167938	0.00414839	0.0189794	0.00436476	0.000799838	0.0143862	0.000524109	0.0581327	0.00343675	0.0122653	0.00332961	0.0144634	0.000360248	0.00345144
161	0.195405	0.0110912	0.0167432	0.0122487	0.00132954	0.0556647	0.009503	0.0579821	0.0164824	0.00378451	0.00728452	0.13221	0.00176715	0.00351119	0.012776	0.211015	0.22699	0.0192638	0.0012683	0.00368076
162	0.0327115	0.000774424	0.000665759	0.00160075	0.0207968	0.0045547	0.00794722	0.240638	0.00941189	0.315174	0.108551	0.00406376	0.00310726	0.00463749	0.00939768	0.0128401	0.0251618	0.193497	0.00034992	0.00411904
163	0.489654	0.00665893	0.0107649	0.0148421	0.00311998	0.0284964	0.00128422	0.0287556	0.000869116	0.0431831	0.0219933	0.0151003	0.00783264	0.00427185	0.00684026	0.100233	0.104341	0.106976	0.00232748	0.00245672
164	0.0113924	0.00778601	0.0210105	0.0516237	0.000541167	0.0226686	0.161002	0.0106323	0.0551274	0.0574171	0.00405586	0.0607348	0.00662507	0.390347	0.0831742	0.0267403	0.0148774	0.00354553	0.00044763	0.0102515
165	0.0466534	0.000960809	0.00125359	0.00438363	0.0194951	0.00597622	0.00791113	0.222357	0.0139174	0.291109	0.111244	0.00398366	0.00267187	0.00863168	0.014065	0.0170466	0.0295992	0.194524	0.000568254	0.0036493
166	0.513389	0.00427571	0.0120113	0.0146269	0.00221213	0.0318532	0.00148704	0.0259794	0.00146341	0.0337901	0.0155125	0.0174284	0.00592088	0.00305592	0.00747124	0.0987739	0.1034	0.10335	0.00175887	0.00224066
167	0.263545	0.0418079	0.0388904	0.0390011	0.00993356	0.0461793	0.00307937	0.0568289	0.0025977	0.0526091	0.0306723	0.0487717	0.00968763	0.0134018	0.0195316	0.130183	0.0865249	0.09711	0.00177181	0.00787312
168	0.425757	0.0104908	0.0189207	0.0181981	0.00315948	0.0381343	0.00309295	0.0306122	0.00475724	0.029409	0.0142542	0.0370891	0.00635194	0.00443212	0.00997317	0.135399	0.12192	0.0825252	0.00188878	0.00363479
169	0.0275265	0.000707361	0.000564796	0.00134708	0.0217277	0.00413652	0.00773507	0.2253	0.00804769	0.35653	0.108423	0.00317707	0.00231699	0.00461612	0.00866595	0.0128487	0.0226359	0.178945	0.000347325	0.00440079
170	0.0898171	0.0111401	0.201309	0.254489	0.00532954	0.104302	0.0122676	0.00648058	0.0202166	0.00970332	0.00295061	0.0584362	0.00210229	0.0386141	0.0177845	0.0943	0.038623	0.0192144	0.00520178	0.00771921
171	0.0150836	0.0116532	0.00342942	0.00828708	0.00151475	0.0126696	0.020107	0.0140362	0.332789	0.00911156	0.0165097	0.0698814	0.00172456	0.0809659	0.351631	0.0332988	0.0104096	0.00367842	0.000963139	0.00225604
172	0.0534413	0.00689918	0.00389078	0.0100627	0.0322124	0.0140059	0.0104154	0.138932	0.00681211	0.403494	0.0791121	0.00426643	0.00268323	0.0130484	0.0223428	0.0271188	0.0210074	0.143873	0.000859092	0.00552324
173	0.164201	0.01558	0.0921389	0.116238	0.0026235	0.12921	0.00883162	0.0097804	0.0324382	0.0120028	0.00168056	0.0884145	0.00185833	0.0239609	0.0357094	0.185009	0.0400037	0.027606	0.00772884	0.00498506
174	0.17672	0.0265812	0.101211	0.098393	0.00623281	0.109614	0.00803442	0.0176357	0.0200768	0.013576	0.00424579	0.0900938	0.00286825	0.018309	0.0281798	0.174574	0.0576632	0.0309628	0.00543052	0.00959682
175	0.0140091	0.00684799	0.000826658	0.00175398	0.0505743	0.00698334	0.0109491	0.135135	0.0031219	0.509336	0.0820567	0.00161677	0.00219792	0.00675954	0.00984329	0.0213548	0.0115138	0.113903	0.000597574	0.0106193
176	0.138771	0.00837145	0.133889	0.257118	0.00532029	0.0355923	0.0127503	0.0243937	0.0166501	0.0460156	0.0208775	0.0267523	0.00338166	0.0511262	0.0252777	0.0611806	0.0340309	0.0893954	0.00391787	0.00518818
177	0.189589	0.016634	0.0573163	0.0618053	0.00190616	0.190703	0.0100196	0.00877126	0.0294682	0.00873954	0.00148987	0.0853004	0.00227429	0.0171771	0.043044	0.202314	0.0398259	0.0242262	0.00623099	0.00316473
178	0.017915	0.021092	0.00160965	0.00352225	0.105227	0.0136898	0.0184529	0.11647	0.00484117	0.429383	0.0657239	0.00406314	0.00341373	0.0105908	0.0110035	0.0323851	0.0129523	0.106625	0.00324792	0.0177918
179	0.024656	0.000676608	0.000700772	0.00158495	0.0229676	0.00409033	0.00798214	0.211673	0.00676302	0.389204	0.10229	0.0029361	0.00227445	0.00504391	0.00896906	0.0131413	0.0203907	0.168825	0.000370972	0.00545929
180	0.0225696	0.00959333	0.0410627	0.0728229	0.000708897	0.0459123	0.170918	0.0170387	0.0818227	0.0290089	0.0014774	0.13188	0.00272349	0.177071	0.0883062	0.0579414	0.0289776	0.00771574	0.000590296	0.0118582
181	0.0064675	0.00795255	0.00700985	0.039642	0.000564296	0.00905661	0.147757	0.0064745	0.0448206	0.0746031	0.00680257	0.0276313	0.00586731	0.490749	0.0915424	0.0131784	0.00680124	0.00199388	0.000517197	0.0105688
182	0.453246	0.00720431	0.0127319	0.0182037	0.00488889	0.0321439	0.00345896	0.0420329	0.00352649	0.0509812	0.0234071	0.0177974	0.00643746	0.00650462	0.0109624	0.0924789	0.0907688	0.118242	0.00224891	0.00273435
183	0.0431629	0.00754234	0.201695	0.311476	0.00309927	0.0457351	0.0494795	0.00868917	0.0374786	0.0135473	0.00402721	0.0506559	0.00217925	0.0801515	0.0489402	0.0463503	0.0175444	0.0166712	0.00230721	0.009267
184	0.0328398	0.0102946	0.0538404	0.0659898	0.00251392	0.0501945	0.173535	0.0142117	0.077693	0.0427871	0.00335427	0.14431	0.00360064	0.144961	0.0750794	0.055211	0.026597	0.00925563	0.00191485	0.0118163
185	0.0152608	0.000734039	0.000750953	0.00170519	0.0268366	0.00408071	0.00819194	0.152542	0.00365724	0.53003	0.0875983	0.00147081	0.00229649	0.00618623	0.0111256	0.0133705	0.0132441	0.115649	0.000532374	0.00473636
186	0.064193	0.0176372	0.0758811	0.0903763	0.00520042	0.0459455	0.0760539	0.015703	0.0678327	0.026842	0.00903008	0.0668135	0.00745004	0.0944319	0.202947	0.0644587	0.0346101	0.0192843	0.00455333	0.0107556
187	0.00369193	0.00789684	0.00358783	0.0338555	0.000530047	0.00431472	0.149372	0.00579678	0.0363068	0.0831968	0.00706372	0.0166503	0.00583273	0.531496	0.0853335	0.00880353	0.00346319	0.00127308	0.000348901	0.0111859
188	0.0424792	0.00705452	0.00688093	0.118503	0.00366091	0.0438948	0.0133625	0.0149921	0.0687573	0.078719	0.0752362	0.0118701	0.00460377	0.208546	0.145951	0.0163614	0.1148	0.0157339	0.00297154	0.00562205
189	0.272227	0.0133473	0.0166412	0.0179285	0.00361243	0.0479347	0.00681246	0.0541397	0.0116373	0.0218874	0.0147556	0.0828086	0.00449197	0.00544106	0.0122031	0.172521	0.181399	0.0527931	0.00238009	0.00503853
190	0.011503	0.000514278	0.000414562	0.000962297	0.0278322	0.00349437	0.00796752	0.150203	0.00237974	0.548306	0.088096	0.000949565	0.00223548	0.00475997	0.00844407	0.0128012	0.0109166	0.112994	0.00045549	0.00477007
191	0.00390005	0.00788244	0.00417404	0.0346833	0.000533316	0.00506208	0.150196	0.00605299	0.0371954	0.0825003	0.00695884	0.0186902	0.00571322	0.524133	0.0858556	0.00964425	0.00385921	0.00135784	0.000347142	0.0112606
192	0.0227354	0.00867992	0.0413815	0.0752296	0.000753339	0.0457388	0.169532	0.0143275	0.0840776	0.0284344	0.00157561	0.134206	0.00256172	0.17629	0.0906732	0.0573363	0.026947	0.00800763	0.000576945	0.0109352
