212	20
1	0.00584918	0.00179214	0.284454	0.118676	0.0118341	0.00257453	0.0292472	0.00321555	0.0294354	0.0130847	0.00253733	0.0925829	0.327785	0.0027064	0.0119846	0.0404997	0.00439724	0.00454673	0.00117723	0.0116201
2	0.00899843	0.00131755	0.00161856	0.00690817	0.142824	0.00277356	0.0356097	0.0232318	0.00632555	0.05603	0.00768052	0.00230449	0.00124443	0.00630146	0.007324	0.00340677	0.0115673	0.0271196	0.0593255	0.588089
3	0.109984	0.00344158	0.0185456	0.0362806	0.205532	0.04669	0.131196	0.00458501	0.0196652	0.00793335	0.00418361	0.0888405	0.00214036	0.0503217	0.104522	0.0696935	0.00721944	0.00680051	0.0163126	0.0661128
4	0.016232	0.00572594	0.00432957	0.00628711	0.225378	0.00436423	0.0274619	0.024793	0.00599398	0.0665366	0.00972292	0.00368839	0.00150345	0.00717577	0.0079263	0.00984658	0.0131467	0.0271939	0.142766	0.389928
5	0.00745196	0.0142139	0.00295747	0.0093526	0.01184	0.00301146	0.0036487	0.0717822	0.00298834	0.55328	0.259767	0.003043	0.00157919	0.0035287	0.00394393	0.00735872	0.0137986	0.0215494	0.0018167	0.00308776
6	0.181235	0.00114618	0.165271	0.227909	0.00261405	0.0213566	0.0251767	0.0138069	0.100471	0.00438895	0.0158565	0.0304688	0.0125285	0.0655893	0.049338	0.0410192	0.0237823	0.0159379	0.000909025	0.00119476
7	0.0242863	0.0112539	0.000888849	0.0010882	0.0436528	0.00196826	0.00288317	0.250065	0.00652112	0.240486	0.088397	0.000930847	0.00243262	0.0096137	0.00713145	0.00543196	0.0547839	0.23331	0.00303808	0.0118361
8	0.040468	0.00746201	0.0182741	0.0315516	0.00287354	0.00252574	0.00334609	0.171224	0.062402	0.286996	0.0507874	0.00495245	0.00762303	0.0297258	0.0844868	0.024177	0.0593815	0.094956	0.013883	0.0029039
9	0.212297	0.000448975	0.110112	0.147894	0.00363447	0.0332488	0.0256975	0.0164601	0.0875499	0.00551977	0.00847401	0.0461271	0.00256071	0.0983704	0.0562117	0.0830829	0.0415569	0.0200285	0.000258783	0.000466302
10	0.0162925	0.0192759	0.0126595	0.0204887	0.0480893	0.00252552	0.499742	0.00295791	0.0165892	0.0608501	0.00301438	0.0318345	0.00142515	0.00375658	0.00332816	0.0291805	0.0206706	0.00472872	0.0581705	0.14442
11	0.0324527	0.0169509	0.000723931	0.000882075	0.0314219	0.0026894	0.00309232	0.224748	0.00309199	0.306388	0.0845231	0.000769669	0.00102323	0.00534282	0.00361973	0.00619147	0.0445396	0.226247	0.00135629	0.003946
12	0.0653846	0.00191593	0.0506864	0.165823	0.00231372	0.0106486	0.0440926	0.0111801	0.161201	0.0217306	0.00227139	0.150989	0.00122083	0.0974648	0.131218	0.00436912	0.0621247	0.0121973	0.00122491	0.00194318
13	0.370747	0.00116549	0.0553571	0.105533	0.00449893	0.00897754	0.0182464	0.0100336	0.0694116	0.0135583	0.00257465	0.0381745	0.000666721	0.109955	0.0738148	0.0584091	0.0462721	0.0110211	0.000592282	0.000990958
14	0.0201502	0.0043563	0.0669452	0.513115	0.00283457	0.005929	0.0573453	0.00457769	0.0161145	0.0144631	0.00830294	0.0340165	0.00527056	0.130858	0.0268174	0.0357432	0.0306335	0.0139765	0.0019018	0.00664822
15	0.197589	0.00340448	0.0770571	0.090774	0.00350726	0.0359733	0.0314018	0.0142756	0.0589691	0.00943427	0.0219585	0.142192	0.00446649	0.0612407	0.044905	0.112469	0.0602886	0.0261865	0.00151271	0.00239494
16	0.336252	0.000772939	0.0679987	0.115257	0.00484305	0.014146	0.0200607	0.0123296	0.0703113	0.0106118	0.00377012	0.041811	0.00101766	0.0978583	0.0739148	0.0650137	0.0490847	0.0138363	0.000368386	0.000741996
17	0.00982506	0.00245084	0.00206548	0.007511	0.126811	0.00507776	0.066161	0.0177001	0.0100815	0.050767	0.00693621	0.00321303	0.000988771	0.00778334	0.00939969	0.00542852	0.0143472	0.0234338	0.0726207	0.557398
18	0.21999	0.0385667	0.00198458	0.00228027	0.053379	0.0161162	0.0103233	0.00986097	0.0170163	0.104395	0.0358988	0.0100064	0.00143234	0.0326809	0.0152537	0.10226	0.244029	0.0423552	0.00130391	0.0408683
19	0.00587517	0.00153189	0.00103911	0.00152287	0.0930825	0.00115368	0.00568617	0.297333	0.017017	0.339253	0.0568099	0.00104022	0.00213334	0.00883836	0.0125863	0.00286867	0.0280188	0.109815	0.00514421	0.0092513
20	0.0129612	0.00428782	0.00301187	0.00540422	0.271073	0.00469103	0.0245777	0.0466527	0.0034709	0.0991841	0.0154116	0.00589664	0.00261302	0.0104576	0.00856633	0.00680779	0.00658569	0.0676004	0.0245697	0.376177
21	0.212565	0.000417791	0.109116	0.147495	0.00366165	0.0330781	0.0256548	0.0166111	0.0876608	0.00561402	0.0083714	0.0463645	0.00238432	0.0994825	0.0566496	0.0823581	0.0417475	0.0200504	0.000255062	0.00046314
22	0.0549978	0.00400156	0.157731	0.400303	0.00319983	0.0159676	0.0365051	0.00604499	0.0190809	0.0139888	0.00326855	0.0461648	0.0161827	0.0945275	0.0238368	0.0472294	0.0411803	0.0104399	0.00167786	0.00367089
23	0.00735343	0.0026442	0.00190049	0.00222903	0.107733	0.00154554	0.00939357	0.30923	0.0162513	0.239737	0.119789	0.00132535	0.00248289	0.00892873	0.00911558	0.00315926	0.0295334	0.104953	0.00962643	0.0130684
24	0.068559	0.00291878	0.00358228	0.0591007	0.0171626	0.0160846	0.00420453	0.086819	0.149055	0.0532265	0.00393062	0.0184277	0.00207606	0.033503	0.283345	0.00761583	0.0482089	0.137307	0.00188926	0.00298405
25	0.216081	0.00187024	0.0305441	0.0251488	0.0190078	0.254739	0.0271356	0.00404534	0.0209436	0.00481102	0.00258212	0.0364689	0.011705	0.021189	0.0380231	0.242218	0.0162475	0.00585961	0.0104813	0.0108984
26	0.0378773	0.026494	0.00690182	0.0160839	0.00797703	0.00436133	0.134188	0.0042449	0.0615973	0.0162613	0.0201247	0.104082	0.00196931	0.063403	0.335386	0.071645	0.0598876	0.00675549	0.00154753	0.0192126
27	0.00917838	0.00280829	0.00106682	0.00164466	0.0678647	0.0011447	0.00433013	0.295645	0.0133437	0.226721	0.0899785	0.00145793	0.0043495	0.0156991	0.00983907	0.00355326	0.0491653	0.174224	0.00624128	0.0217454
28	0.150482	0.00237658	0.127608	0.148667	0.00515116	0.132928	0.0247104	0.00802009	0.0394265	0.0230568	0.00735658	0.047839	0.0323344	0.0363745	0.0340746	0.102101	0.0450353	0.0177409	0.00717574	0.00754182
29	0.118889	0.0197103	0.0642362	0.0427391	0.0213482	0.0655912	0.0353661	0.00269039	0.232476	0.0784498	0.0296539	0.0579769	0.00120886	0.0890953	0.0180264	0.0771772	0.0120721	0.0133268	0.0129402	0.00702567
30	0.0439593	0.00639031	0.175	0.392928	0.0059557	0.0194897	0.0219611	0.00540037	0.0119884	0.0157125	0.00139813	0.0600591	0.0311639	0.100304	0.0165095	0.0509581	0.0265922	0.00865638	0.00180384	0.00376945
31	0.0130078	0.00395542	0.00377842	0.00698845	0.157322	0.0151539	0.0891067	0.0181421	0.0169537	0.0508655	0.0106333	0.00450695	0.00227211	0.0343197	0.011654	0.00709402	0.0110545	0.0231961	0.0388142	0.481182
32	0.159175	0.00201033	0.00452457	0.0125498	0.0108838	0.0359831	0.00248362	0.0127233	0.0362272	0.0179543	0.0165646	0.00243014	0.462335	0.0213072	0.0491573	0.0716489	0.0271301	0.0245372	0.0100564	0.020318
33	0.103549	0.032408	0.0023133	0.0163542	0.0581262	0.0500301	0.0614899	0.00359567	0.003205	0.00624449	0.0124763	0.0271465	0.00179935	0.0357173	0.0335306	0.138072	0.261668	0.0339242	0.0288476	0.0895031
34	0.0129966	0.00290949	0.00238323	0.00227769	0.153965	0.0013944	0.00589508	0.149661	0.00287386	0.493384	0.0187301	0.00166914	0.00108323	0.00394929	0.00435236	0.00386515	0.00575914	0.111092	0.00431108	0.0174488
35	0.0118744	0.00229676	0.00361614	0.00330919	0.256274	0.00285203	0.0235345	0.0494715	0.00356346	0.0984116	0.0154186	0.00413442	0.00163046	0.0069784	0.0055264	0.00463437	0.00715107	0.0586926	0.0316515	0.408978
36	0.0092111	0.00126132	0.00162446	0.00669928	0.140906	0.00281596	0.0367597	0.023208	0.00649797	0.0557872	0.00778515	0.00228476	0.0011693	0.00637757	0.00711751	0.00345545	0.0118441	0.027321	0.060503	0.587371
37	0.0365031	0.0120409	0.00281015	0.0211954	0.00241322	0.0336625	0.00299638	0.145901	0.00299942	0.0599695	0.0119628	0.00273945	0.00150688	0.0129392	0.00284487	0.096596	0.254809	0.29269	0.00117467	0.00224561
38	0.0696551	0.0178558	0.0022342	0.154513	0.018712	0.00206799	0.0426043	0.077965	0.0936664	0.00401909	0.00220937	0.00236987	0.0253757	0.0434923	0.0731438	0.0208283	0.103297	0.242993	0.00101279	0.00198502
39	0.0250215	0.0442048	0.00407914	0.061907	0.00227327	0.00214578	0.00255743	0.0377632	0.0498031	0.464242	0.0409173	0.0192366	0.00953924	0.0129463	0.0359489	0.0142083	0.050824	0.117843	0.00221418	0.00232488
40	0.0177996	0.00643251	0.000847937	0.00607842	0.0110459	0.00316431	0.00575252	0.393162	0.00248016	0.134001	0.0318827	0.00241155	0.00118249	0.00387544	0.00130391	0.0075449	0.0121731	0.355488	0.000438626	0.00293427
41	0.0120895	0.00194718	0.00384639	0.00329008	0.245959	0.00267262	0.026158	0.047598	0.00406491	0.0958523	0.0160663	0.0040348	0.00126461	0.00733388	0.00534381	0.00453495	0.00802884	0.052744	0.0343282	0.422842
42	0.0170889	0.00360668	0.058035	0.534262	0.00208443	0.00385582	0.0643558	0.00287218	0.00767424	0.0115728	0.00770154	0.0373558	0.00345378	0.12794	0.0293988	0.0289469	0.0348193	0.0161271	0.0012216	0.00762782
43	0.0533407	0.00538874	0.306924	0.230507	0.0068378	0.0247181	0.0155136	0.0065093	0.0167579	0.0130855	0.00475655	0.0838353	0.0201068	0.038256	0.0326564	0.0622004	0.0316703	0.0245723	0.0150908	0.00727284
44	0.0296153	0.00162667	0.120007	0.0783889	0.010374	0.0100708	0.0521243	0.0111447	0.149652	0.051252	0.0020669	0.0336533	0.122036	0.0874386	0.0442119	0.0669556	0.122313	0.00386486	0.00130716	0.00189626
45	0.0178697	0.00490676	0.616423	0.0642722	0.00554819	0.0187475	0.00191259	0.00219482	0.0135323	0.00281657	0.00196955	0.163108	0.000856036	0.00182274	0.00974475	0.0393262	0.0189928	0.00853816	0.00227291	0.00514481
46	0.0627113	0.0372135	0.0465702	0.126925	0.00292831	0.0469485	0.00354363	0.00503663	0.00394057	0.00655844	0.014892	0.063449	0.00174405	0.0819924	0.00404743	0.354944	0.104152	0.0285352	0.00157104	0.00229651
47	0.0997506	0.0096202	0.00696636	0.00460469	0.00501527	0.0779826	0.0154222	0.00802875	0.00367075	0.0057557	0.00387406	0.00446864	0.00217329	0.00476553	0.00552807	0.578214	0.128532	0.0290097	0.00215936	0.00445791
48	0.00986564	0.00362343	0.00396366	0.00468011	0.165518	0.00357613	0.00454085	0.00550827	0.00394411	0.371107	0.11676	0.0040654	0.201123	0.00522198	0.00516836	0.0226999	0.00785385	0.0217907	0.00215286	0.036838
49	0.0736746	0.00317366	0.00332941	0.00437509	0.0292873	0.00368387	0.00406008	0.101449	0.0829414	0.121996	0.00374771	0.0480366	0.00166041	0.018745	0.0461185	0.0863791	0.161066	0.201195	0.00189224	0.00318999
50	0.00675513	0.00201064	0.00251889	0.0301627	0.00270664	0.010318	0.00345581	0.0850281	0.0303329	0.0960397	0.062655	0.0258422	0.00144424	0.0718289	0.0570392	0.108639	0.322043	0.0632033	0.00829637	0.00968035
51	0.0617435	0.00542746	0.00137189	0.001896	0.0013599	0.0102754	0.00630671	0.00179866	0.00180676	0.0188518	0.00610507	0.00589625	0.831296	0.00319772	0.00232261	0.0315102	0.00413999	0.00248134	0.000861613	0.00135091
52	0.123895	0.00214168	0.116583	0.0534432	0.00969781	0.0768216	0.0123045	0.00379903	0.0197747	0.0136438	0.0110311	0.0496099	0.07475	0.00513465	0.0966337	0.157818	0.0865419	0.0454637	0.0209987	0.0199148
53	0.0386509	0.00188746	0.0310217	0.163065	0.00228865	0.0107235	0.0114296	0.0107993	0.150644	0.0878997	0.0542988	0.00259642	0.00125606	0.202806	0.0860267	0.102137	0.0210804	0.0186774	0.000949277	0.0017622
54	0.0131367	0.00115551	0.000810833	0.00115649	0.00450482	0.000744241	0.00107048	0.258093	0.00109596	0.03437	0.00630683	0.000944071	0.00538173	0.00119668	0.00346726	0.00429348	0.0251195	0.635952	0.000416621	0.000783205
55	0.0617364	0.00526936	0.00118221	0.00181321	0.00137633	0.0101307	0.0064767	0.00176095	0.00156603	0.0167112	0.00554315	0.00589743	0.83737	0.00292183	0.00209943	0.0304501	0.00362619	0.00227114	0.000726234	0.0010715
56	0.00605966	0.00814652	0.00115274	0.00301345	0.00955007	0.00123454	0.00183364	0.401788	0.00160674	0.186935	0.170298	0.00360631	0.000748841	0.00314102	0.00178185	0.00957311	0.0198756	0.162974	0.000748205	0.00593258
57	0.0190545	0.00392034	0.00436395	0.00527573	0.0547274	0.00454791	0.00521004	0.00701754	0.00504253	0.0431686	0.0225896	0.00506347	0.00211561	0.00625751	0.00522129	0.242419	0.513782	0.0263948	0.00224722	0.0215814
58	0.0183154	0.00791285	0.00081579	0.00423166	0.0219478	0.00263907	0.00471302	0.365261	0.0030545	0.199525	0.0481806	0.00181346	0.000693324	0.0043682	0.00177834	0.00619392	0.0173072	0.287082	0.000834917	0.00333176
59	0.0488642	0.0237071	0.000746594	0.00158683	0.0247911	0.00313239	0.00297903	0.209656	0.00124902	0.273684	0.0746435	0.00120764	0.000666541	0.00373732	0.00209784	0.0103194	0.0477723	0.267212	0.000483731	0.00146353
60	0.0468035	0.0185906	0.0039114	0.00535322	0.072032	0.0358009	0.190862	0.00498669	0.00587118	0.00923669	0.037726	0.00516244	0.00221679	0.0220583	0.121094	0.0249401	0.00790038	0.0225556	0.0782095	0.28469
61	0.0191732	0.003136	0.0138332	0.00352377	0.00294254	0.00293649	0.163533	0.00393564	0.184487	0.0172746	0.00364199	0.0477646	0.0246653	0.00479476	0.429609	0.0586713	0.00709384	0.0048276	0.00127069	0.00288556
62	0.0587814	0.00798258	0.00115562	0.024853	0.00139142	0.00301931	0.0137845	0.00336859	0.44581	0.011206	0.00289101	0.0211923	0.00858468	0.045531	0.281012	0.0306012	0.0258138	0.0058458	0.00621214	0.000964248
63	0.198306	0.00646303	0.0367716	0.00946474	0.00168685	0.0426925	0.0382249	0.0143602	0.0200947	0.011209	0.0422022	0.264888	0.00107087	0.0272832	0.0117935	0.157636	0.0831183	0.0303233	0.000942548	0.00146818
64	0.0604409	0.00536343	0.00121377	0.00173839	0.00123147	0.00981236	0.00649821	0.00164033	0.00128234	0.0167384	0.00527503	0.00597285	0.841048	0.00274036	0.00162443	0.0301417	0.00350481	0.00210481	0.000689915	0.000938423
65	0.0571092	0.16782	0.00361727	0.00414508	0.00447932	0.0778649	0.00486193	0.108851	0.00367259	0.160162	0.140165	0.00429391	0.00216965	0.00480058	0.00453871	0.00868918	0.125698	0.111514	0.00223159	0.00331752
66	0.017764	0.00947148	0.00539428	0.00402408	0.129826	0.000828196	0.0162469	0.111546	0.00136544	0.471676	0.079589	0.000951056	0.000408778	0.00492713	0.00394762	0.00205518	0.00746446	0.0573994	0.0190521	0.0560636
67	0.0328757	0.0116698	0.00206957	0.00399584	0.0280782	0.00330323	0.00482662	0.231034	0.0058153	0.300211	0.0602927	0.00207467	0.00219401	0.0274681	0.00657831	0.00772644	0.0334196	0.228011	0.00237062	0.00598479
68	0.0166958	0.0056253	0.00677856	0.0922864	0.0330555	0.00770377	0.073536	0.117882	0.0077874	0.04149	0.0597708	0.00752451	0.00395014	0.058062	0.00900721	0.0421197	0.115874	0.063258	0.00325598	0.234338
69	0.0370017	0.00418247	0.00678237	0.000989811	0.000822074	0.91218	0.000930282	0.00114471	0.00084843	0.00138798	0.000870778	0.000779489	0.00048123	0.00106162	0.000976208	0.0104848	0.00421938	0.0137169	0.00042538	0.00071424
70	0.0154724	0.00591692	0.00647663	0.0288163	0.0984674	0.0070373	0.107182	0.020303	0.00982709	0.0483808	0.0124824	0.0089095	0.00269474	0.0135866	0.0130745	0.0129847	0.0202745	0.0244534	0.0498081	0.493852
71	0.0370017	0.00418247	0.00678237	0.000989811	0.000822074	0.91218	0.000930282	0.00114471	0.00084843	0.00138798	0.000870778	0.000779489	0.00048123	0.00106162	0.000976208	0.0104848	0.00421938	0.0137169	0.00042538	0.00071424
72	0.641927	0.0128462	0.0151643	0.00514627	0.0100558	0.0491731	0.00754443	0.00352824	0.00470574	0.0122387	0.00229157	0.0104043	0.00744579	0.0176969	0.00257049	0.134944	0.0269832	0.0251553	0.00116766	0.00901119
73	0.0107843	0.00578763	0.0026356	0.00391995	0.327328	0.00282035	0.0198021	0.0277238	0.00407777	0.0689609	0.00910427	0.00327588	0.00275458	0.00573022	0.0045437	0.00601322	0.00881066	0.0321636	0.0679596	0.385804
74	0.00361316	0.0201595	0.00132312	0.0084427	0.00454672	0.00137487	0.00177311	0.28191	0.00165659	0.16736	0.265211	0.0136577	0.000987463	0.00803248	0.00199037	0.0379638	0.0406625	0.111137	0.000881176	0.027317
75	0.0400192	0.00428792	0.200324	0.394488	0.00386954	0.0207098	0.0214178	0.00611574	0.0155255	0.0195725	0.00129294	0.053879	0.0361822	0.0727867	0.01579	0.0458071	0.0301709	0.0107585	0.00215609	0.00484627
76	0.292246	0.00471515	0.0623084	0.0242811	0.00605773	0.00694908	0.0061227	0.0281041	0.0363245	0.0496164	0.0258934	0.00547831	0.202262	0.00770552	0.0471103	0.0178862	0.0989537	0.0688483	0.00334286	0.00579337
77	0.139099	0.00237045	0.0856504	0.0605865	0.00370393	0.173669	0.0122081	0.0129237	0.00428832	0.013246	0.0104356	0.037199	0.00680488	0.0331762	0.0321753	0.167092	0.0808079	0.0407648	0.0483108	0.0354881
78	0.00967761	0.0118516	0.00181342	0.00228786	0.49178	0.00183814	0.00468726	0.0118926	0.00202204	0.0570785	0.00289005	0.00190298	0.00123412	0.00242609	0.00271619	0.00933149	0.00768697	0.0135655	0.125089	0.238228
79	0.107761	0.0239768	0.0336784	0.00631437	0.0194602	0.00410904	0.0631767	0.109634	0.00520841	0.136005	0.0184498	0.0609098	0.02153	0.00667687	0.145362	0.026815	0.0730133	0.0983055	0.0350676	0.00454678
80	0.00613583	0.00149511	0.00102897	0.00143251	0.0926694	0.00112854	0.00553986	0.290944	0.0169377	0.341634	0.0567869	0.00102431	0.00221738	0.00923067	0.0119557	0.0027643	0.0284662	0.113827	0.00507649	0.00970415
81	0.2853	0.0389128	0.0107181	0.00833067	0.0346031	0.0293221	0.00774195	0.00878917	0.0089094	0.0540972	0.0154479	0.00601611	0.0774504	0.0179313	0.00908803	0.241335	0.0743639	0.0623222	0.00250062	0.00681984
82	0.0176645	0.00896943	0.00522717	0.00384966	0.129776	0.000791741	0.0150693	0.110215	0.00152577	0.481288	0.0777626	0.000923936	0.000455893	0.00507304	0.00384861	0.00192421	0.00754894	0.0559603	0.0185022	0.053624
83	0.0416254	0.0215313	0.000647169	0.000832805	0.0219095	0.00332481	0.00257554	0.205175	0.000832804	0.3246	0.0833311	0.000702951	0.000490552	0.00388471	0.00197527	0.00725788	0.0447695	0.233095	0.000406333	0.00103259
84	0.0180119	0.0048672	0.612811	0.0670952	0.00553916	0.0188716	0.00215493	0.00218715	0.0135714	0.0028939	0.00196992	0.162515	0.00109183	0.00252149	0.00969233	0.0393699	0.0190485	0.00843151	0.00220109	0.00515451
85	0.263422	0.00935401	0.0566413	0.100209	0.0043662	0.0152466	0.0339199	0.0102437	0.0566367	0.0114827	0.00491185	0.0363146	0.00226587	0.0939418	0.186516	0.0591887	0.0325317	0.013744	0.000977957	0.00808509
86	0.0397962	0.00435257	0.00884549	0.00192789	0.00120994	0.893499	0.00134133	0.0018885	0.000905538	0.00200681	0.00105059	0.00140278	0.000590191	0.00179422	0.00245877	0.014322	0.00550654	0.0145057	0.000931771	0.00166376
87	0.0183623	0.00392448	0.00519236	0.0058116	0.109454	0.0446465	0.00580024	0.180854	0.00572386	0.0103942	0.155509	0.00534897	0.00335106	0.00651552	0.00688876	0.0116828	0.00975848	0.320214	0.0809006	0.00966835
88	0.0261153	0.0015563	0.000844598	0.0016492	0.00594304	0.00099568	0.00169106	0.254035	0.00125361	0.0356262	0.00659221	0.00117936	0.00432987	0.00135741	0.00447922	0.0059041	0.0337187	0.611075	0.000443241	0.0012115
89	0.0118653	0.00226206	0.00361049	0.0033031	0.255593	0.00280999	0.0235764	0.0494904	0.00358862	0.0980472	0.015469	0.00411975	0.00160596	0.00699141	0.00549974	0.0046173	0.00716842	0.0584951	0.031838	0.410049
90	0.52328	0.0349173	0.00290685	0.00314947	0.00317412	0.0261767	0.00358463	0.0128518	0.0108604	0.0087709	0.00831787	0.00411764	0.00349	0.00336309	0.0145152	0.0464361	0.0133715	0.272529	0.00124122	0.00294603
91	0.011588	0.00211724	0.00106225	0.00229406	0.0717319	0.00151817	0.00530821	0.306286	0.0155343	0.215321	0.072987	0.00141295	0.00399024	0.0169569	0.0106557	0.00350944	0.047064	0.181975	0.00577218	0.0229146
92	0.491584	0.0323651	0.00254528	0.00809106	0.00329831	0.012654	0.00425922	0.0611275	0.0154615	0.0131743	0.0120112	0.00201668	0.0109302	0.00417382	0.00717504	0.0433284	0.0445145	0.22837	0.000804248	0.00211491
93	0.0995447	0.101073	0.170386	0.0232032	0.0146591	0.0145571	0.177639	0.0175495	0.0175085	0.0253882	0.0144616	0.101037	0.00819951	0.0710515	0.0261528	0.0401861	0.0294076	0.0252274	0.00682253	0.0159459
94	0.0131367	0.00115551	0.000810833	0.00115649	0.00450482	0.000744241	0.00107048	0.258093	0.00109596	0.03437	0.00630683	0.000944071	0.00538173	0.00119668	0.00346726	0.00429348	0.0251195	0.635952	0.000416621	0.000783205
95	0.0394855	0.0119699	0.0130999	0.0120543	0.00660561	0.00738612	0.0514998	0.00824312	0.0581662	0.0133912	0.0125281	0.0209644	0.0066884	0.0622375	0.557896	0.0677107	0.0272189	0.0118461	0.00263391	0.0083743
96	0.0370017	0.00418247	0.00678237	0.000989811	0.000822074	0.91218	0.000930282	0.00114471	0.00084843	0.00138798	0.000870778	0.000779489	0.00048123	0.00106162	0.000976208	0.0104848	0.00421938	0.0137169	0.00042538	0.00071424
97	0.0477187	0.0152857	0.00346624	0.0137831	0.00235255	0.0037928	0.0387321	0.00403745	0.229933	0.00873823	0.012835	0.020328	0.00536171	0.0441793	0.449168	0.0481562	0.0378649	0.00540872	0.00311374	0.00574418
98	0.0311047	0.027908	0.00327146	0.00375464	0.103045	0.0938968	0.00389058	0.0172024	0.0861078	0.212579	0.154188	0.0038312	0.0017114	0.0682117	0.0837062	0.0068145	0.0336987	0.0319139	0.00137568	0.0317887
99	0.0884748	0.00200835	0.0415159	0.086586	0.107693	0.00258792	0.0234027	0.0164606	0.0132707	0.32467	0.0760542	0.0321238	0.00145695	0.0226979	0.0224158	0.0531789	0.0363316	0.0454382	0.00135645	0.00227568
100	0.0189473	0.0306875	0.00223123	0.0374824	0.0197392	0.00224294	0.139394	0.00306797	0.161007	0.023349	0.00495036	0.235468	0.0012113	0.0773287	0.0587532	0.0874867	0.0782418	0.00433941	0.00120704	0.0128651
101	0.054126	0.0070821	0.00257354	0.0257598	0.00206069	0.00331511	0.0197548	0.00516733	0.428553	0.0118381	0.00325169	0.0261059	0.0084382	0.0414411	0.292101	0.028655	0.0247924	0.0083966	0.00516227	0.00142448
102	0.0404697	0.0186162	0.0020776	0.0386299	0.00209562	0.0116917	0.0329072	0.0738087	0.14924	0.0599412	0.143313	0.00265867	0.0685049	0.150789	0.147139	0.0137282	0.0194688	0.0217201	0.00120795	0.00199206
103	0.024482	0.0143547	0.00900914	0.0131929	0.00924268	0.00663024	0.215717	0.00971407	0.033605	0.0409792	0.0116312	0.245974	0.00417963	0.0591871	0.179916	0.0382384	0.0561657	0.0123832	0.00320246	0.0121948
104	0.0585339	0.00497594	0.00489969	0.00425158	0.00370646	0.0729572	0.01136	0.00531078	0.00384681	0.00615435	0.00371676	0.00300945	0.00191752	0.00444397	0.00522706	0.653098	0.118194	0.0302366	0.00162994	0.00253014
105	0.0426394	0.00610248	0.00255351	0.00617358	0.0672052	0.0126928	0.00670267	0.27435	0.00630936	0.0762187	0.073616	0.0041478	0.00369411	0.00827902	0.00506999	0.0105376	0.0232825	0.336481	0.0166573	0.0172876
106	0.014631	0.00201518	0.0906535	0.0692572	0.0120555	0.00240701	0.0393619	0.0136725	0.0710193	0.0350705	0.0119323	0.11878	0.00260109	0.0353343	0.030103	0.145722	0.205509	0.00479398	0.000950375	0.0941302
107	0.0212586	0.00564711	0.612501	0.0626914	0.00742596	0.0181068	0.00476138	0.0034127	0.0151682	0.00488926	0.00459595	0.1436	0.00253604	0.00462365	0.0102325	0.0386111	0.0200642	0.00968138	0.00235818	0.00783453
108	0.0100906	0.0108626	0.00200965	0.00237195	0.491929	0.00195329	0.00729875	0.0164032	0.00228408	0.0636695	0.00418241	0.00228575	0.00121309	0.00329114	0.00268172	0.0077973	0.0100939	0.0176451	0.0921356	0.249802
109	0.0322899	0.00775278	0.00111509	0.01263	0.0157409	0.00567256	0.0122716	0.391269	0.00625225	0.0995774	0.0168278	0.00531576	0.000927464	0.00646703	0.00184926	0.015301	0.0228188	0.33825	0.000561923	0.00710985
110	0.380299	0.0204444	0.223228	0.0180303	0.017113	0.02385	0.0197985	0.00463178	0.00427638	0.0210783	0.00338938	0.0332103	0.0030716	0.0208914	0.00462651	0.135492	0.0105038	0.0227295	0.00203893	0.0312969
111	0.427164	0.131507	0.00229259	0.00257948	0.00225627	0.015141	0.00272315	0.0158883	0.00853273	0.0129051	0.00693801	0.00258174	0.00318151	0.00302316	0.00652039	0.0783577	0.00974167	0.265513	0.00107084	0.00208207
112	0.387033	0.036964	0.0041949	0.00773744	0.00819758	0.157495	0.00245641	0.0325408	0.00225749	0.00322335	0.00725281	0.00195863	0.00152242	0.00292758	0.00233695	0.136569	0.156772	0.0463625	0.000727793	0.00146984
113	0.0614875	0.0121258	0.0548244	0.104191	0.0236977	0.0027768	0.0355654	0.0433227	0.0215048	0.0361594	0.0842177	0.0235296	0.00145811	0.120786	0.0395328	0.140311	0.00508572	0.0507614	0.0258481	0.112814
114	0.0370017	0.00418247	0.00678237	0.000989811	0.000822074	0.91218	0.000930282	0.00114471	0.00084843	0.00138798	0.000870778	0.000779489	0.00048123	0.00106162	0.000976208	0.0104848	0.00421938	0.0137169	0.00042538	0.00071424
115	0.0862444	0.0338692	0.0382287	0.0330777	0.0262648	0.178111	0.028891	0.0349301	0.00706602	0.0339276	0.00726555	0.0108884	0.00587469	0.00977351	0.141987	0.0851995	0.0682173	0.0847661	0.0295838	0.0558344
116	0.0683973	0.00720046	0.00893335	0.00869937	0.00475089	0.0818183	0.0116059	0.00715075	0.00600301	0.00763088	0.00485116	0.00566845	0.00275511	0.00727056	0.00784273	0.623099	0.101131	0.0288754	0.00254132	0.00377471
117	0.414112	0.00873152	0.0287374	0.0149882	0.00722391	0.043067	0.0245885	0.0112411	0.0153315	0.0158414	0.0163837	0.139074	0.00572543	0.0189885	0.0140427	0.116126	0.0457188	0.0444317	0.00280389	0.0128432
118	0.0370017	0.00418247	0.00678237	0.000989811	0.000822074	0.91218	0.000930282	0.00114471	0.00084843	0.00138798	0.000870778	0.000779489	0.00048123	0.00106162	0.000976208	0.0104848	0.00421938	0.0137169	0.00042538	0.00071424
119	0.0403247	0.00475585	0.00671584	0.00104291	0.000900063	0.904105	0.000942031	0.00145699	0.00084359	0.00191279	0.001213	0.000860955	0.000494614	0.0010671	0.00102919	0.0119578	0.00521051	0.0140138	0.000421885	0.000731875
120	0.00861214	0.0120884	0.00301828	0.0147637	0.0237093	0.00264664	0.00412152	0.126081	0.00310778	0.459903	0.238547	0.00384581	0.00109726	0.00813922	0.00495199	0.0111946	0.0238164	0.0391778	0.00277085	0.00840706
121	0.0352856	0.0157811	0.00103291	0.00292862	0.0248563	0.00305048	0.00356066	0.223404	0.00400574	0.27183	0.0636672	0.00135985	0.00169989	0.00644178	0.00421066	0.00761573	0.0444826	0.280054	0.00112572	0.00360695
122	0.0704076	0.00618406	0.000851296	0.00186532	0.00416041	0.0017407	0.00197137	0.244402	0.00106604	0.033124	0.0244692	0.000889726	0.00694528	0.00116191	0.00243851	0.00573331	0.0253876	0.564396	0.00102786	0.00177749
123	0.452972	0.0387267	0.00589794	0.00703625	0.00955761	0.126857	0.00318668	0.023686	0.00374598	0.00468809	0.00530641	0.0025097	0.00454276	0.00841309	0.00267473	0.137964	0.113578	0.0450338	0.000878377	0.00274441
124	0.566548	0.0046085	0.00595836	0.00398177	0.00444893	0.0810807	0.0163013	0.00454072	0.00384801	0.00834592	0.00321303	0.0514497	0.00269306	0.00563682	0.00404978	0.0762736	0.0330371	0.094606	0.00147244	0.0279062
125	0.213199	0.019857	0.000745289	0.00351976	0.00149105	0.00332607	0.00358096	0.220437	0.0013733	0.0374059	0.0389294	0.000835159	0.00781984	0.00105178	0.00107759	0.0114767	0.03856	0.390765	0.000412325	0.00413748
126	0.0839618	0.0208247	0.000758331	0.00138045	0.0196752	0.00276052	0.00201208	0.210906	0.000921075	0.232531	0.0832281	0.000841644	0.00194895	0.00266258	0.0019481	0.0114889	0.0526431	0.267561	0.000446856	0.00149956
127	0.0390281	0.00995295	0.0151371	0.0206615	0.0138666	0.0165482	0.0166818	0.0798035	0.0211601	0.0889466	0.023391	0.202745	0.00893137	0.0290668	0.0254644	0.0640706	0.261639	0.0427301	0.00695824	0.0132178
128	0.0234909	0.010832	0.00214419	0.0603589	0.00272338	0.00235191	0.0127659	0.0573969	0.0120969	0.175761	0.312229	0.011559	0.00145718	0.167051	0.0561323	0.0507198	0.0332923	0.00462235	0.00107597	0.00193927
129	0.20959	0.0410135	0.0296031	0.0678442	0.00332468	0.0158309	0.0591954	0.00422209	0.0438097	0.0193654	0.00491278	0.0430648	0.00142689	0.0583279	0.300575	0.030438	0.00971344	0.0178547	0.00159516	0.0382926
130	0.0724124	0.00489687	0.0123374	0.0067286	0.0120982	0.12145	0.00694777	0.00701849	0.00778586	0.037665	0.0377119	0.00676033	0.49084	0.0604359	0.00951306	0.0533611	0.0265203	0.0165659	0.00286759	0.00608308
131	0.0360398	0.00389773	0.227242	0.377963	0.00290256	0.0167613	0.0424466	0.00598024	0.010429	0.0157997	0.00150688	0.0541653	0.0162163	0.0823387	0.0160033	0.0465538	0.0328805	0.00649201	0.00148911	0.00289232
132	0.0549827	0.0292158	0.023601	0.0105216	0.0151697	0.00198967	0.0145051	0.0273627	0.12757	0.306024	0.0516488	0.00858632	0.00141785	0.0445452	0.200266	0.0168189	0.0133498	0.0219862	0.00901917	0.0214195
133	0.00978432	0.0134065	0.00164194	0.00213166	0.534497	0.00168842	0.00243821	0.00943256	0.0017582	0.0543458	0.00176146	0.00171596	0.00130169	0.0020941	0.00215457	0.00893423	0.0082649	0.0104588	0.115135	0.217055
134	0.114979	0.0382165	0.00271495	0.00345849	0.0117099	0.0626115	0.0613604	0.00325907	0.21423	0.0383055	0.00283691	0.0239148	0.0017448	0.07321	0.243881	0.0666932	0.0290001	0.00415944	0.00138412	0.00232939
135	0.555977	0.0451164	0.00195219	0.00214248	0.00187078	0.0239042	0.00210746	0.013033	0.0119912	0.00722929	0.00841942	0.00237255	0.00376181	0.00233939	0.00729963	0.0555259	0.0175296	0.2347	0.000867808	0.00185955
136	0.220738	0.0205292	0.000809445	0.00324668	0.00136451	0.0044987	0.00416984	0.235373	0.0013947	0.0387629	0.0390206	0.000858543	0.00600058	0.00111309	0.0010924	0.00968013	0.031384	0.375918	0.000440557	0.00360565
137	0.0286879	0.00686287	0.000963109	0.0124993	0.0150743	0.00585304	0.0119813	0.397717	0.00529821	0.104483	0.0182505	0.00456512	0.000741226	0.00684435	0.00163537	0.0148163	0.0199593	0.336882	0.000523563	0.00636204
138	0.208564	0.0605554	0.00679188	0.00690742	0.0123179	0.0380033	0.00789608	0.00939044	0.00745528	0.235274	0.107821	0.00743781	0.0529665	0.0125735	0.00955488	0.105458	0.0808321	0.0198163	0.00305867	0.00732584
139	0.21253	0.000417587	0.109242	0.147515	0.00364661	0.0331095	0.025647	0.0166024	0.0876951	0.00560906	0.00838728	0.0463166	0.00240253	0.099522	0.0566629	0.0822644	0.0416425	0.0200713	0.00025354	0.00046221
140	0.035037	0.00708577	0.00196339	0.00437821	0.0100721	0.00448734	0.00353081	0.210427	0.00433966	0.0812432	0.021192	0.00294575	0.00567502	0.00497931	0.00555813	0.0142604	0.0532537	0.525817	0.00123116	0.00252377
141	0.0706559	0.00477348	0.0029471	0.00356947	0.00359387	0.0346982	0.00531217	0.00300199	0.00507362	0.0233886	0.0107221	0.00529859	0.750288	0.0113864	0.00709185	0.0364071	0.00985616	0.00642733	0.00179888	0.00370956
142	0.0228534	0.0086049	0.00690323	0.0101712	0.233716	0.00621288	0.0324852	0.0785421	0.0078837	0.241814	0.0353185	0.00711099	0.00658872	0.012183	0.0122421	0.0118334	0.0166	0.0947889	0.0192629	0.134884
143	0.0445791	0.0211853	0.00154314	0.00351241	0.0237015	0.00318663	0.00318933	0.185506	0.00294741	0.328032	0.0826358	0.00165741	0.000858753	0.00518604	0.00418274	0.00848911	0.0463369	0.229877	0.00111223	0.00228128
144	0.0262581	0.00767859	0.552874	0.0540933	0.00850854	0.0181557	0.00766508	0.005353	0.0146457	0.00839147	0.00621371	0.147568	0.00397877	0.00712873	0.0124355	0.0440437	0.0388064	0.023214	0.00358506	0.00940282
145	0.204226	0.0187965	0.000905927	0.00572874	0.00188815	0.00295983	0.00325981	0.202158	0.00154672	0.0419398	0.0412794	0.000984356	0.0202886	0.00189386	0.00251873	0.0128499	0.0421712	0.389508	0.00169008	0.003406
146	0.0403255	0.0230701	0.000655629	0.000863678	0.0213614	0.00414138	0.00266669	0.204174	0.00089103	0.327596	0.0831943	0.000751513	0.00049729	0.00386972	0.00199094	0.00699949	0.0449936	0.230493	0.00041936	0.00104519
147	0.160531	0.0114553	0.0396979	0.0142033	0.00227937	0.0404789	0.0347374	0.0175743	0.0132087	0.0100573	0.0285337	0.282354	0.0012216	0.0175786	0.00957099	0.169679	0.113428	0.0304924	0.0011135	0.00180399
148	0.0378527	0.0056585	0.00802283	0.00577049	0.0239981	0.0199463	0.00646765	0.00609042	0.00389249	0.0217649	0.0116801	0.00443737	0.00188166	0.00493811	0.00485236	0.370258	0.429729	0.0202356	0.00179208	0.0107308
149	0.0257374	0.00931838	0.180101	0.0156239	0.0648266	0.0106819	0.0775979	0.0138672	0.0908669	0.0199433	0.128613	0.142491	0.0064978	0.0160994	0.0146357	0.0269926	0.0208919	0.018074	0.00532284	0.111816
150	0.278606	0.00301802	0.0824135	0.125722	0.00400058	0.0223224	0.0428337	0.00463504	0.019982	0.00775198	0.00448441	0.00656235	0.188094	0.047235	0.00537416	0.108715	0.0368961	0.00638364	0.00173224	0.00323791
151	0.0201808	0.0144956	0.10046	0.0735043	0.00256196	0.00618786	0.00266589	0.0163815	0.0112118	0.0138906	0.00354189	0.0396978	0.00123305	0.0179789	0.00301443	0.443255	0.210676	0.0159613	0.00108771	0.00201367
152	0.0153843	0.00645968	0.00408901	0.003571	0.116843	0.00150575	0.0145614	0.164105	0.00607745	0.441049	0.056892	0.00189391	0.00142354	0.0116567	0.00692415	0.00370765	0.0149727	0.0878753	0.0102904	0.0307182
153	0.110898	0.00605905	0.012544	0.00830306	0.0117782	0.0774087	0.0056812	0.0066709	0.0115056	0.0413595	0.0483503	0.00659456	0.434008	0.0341791	0.0168808	0.0866287	0.0494075	0.0207023	0.00387842	0.00716205
154	0.0251351	0.0111356	0.00703832	0.011541	0.0439669	0.00608616	0.00968594	0.161548	0.0139166	0.412698	0.0754236	0.00810454	0.0047301	0.0118726	0.0156267	0.0370338	0.0325576	0.093025	0.0055365	0.0133381
155	0.179108	0.0211107	0.0490033	0.025094	0.00976254	0.146663	0.0121712	0.0512928	0.00748325	0.0197748	0.0117917	0.0207834	0.0068969	0.016106	0.0213006	0.133494	0.166072	0.0760327	0.0120181	0.0140416
156	0.111789	0.00711864	0.00912595	0.0237287	0.00572065	0.00398644	0.010033	0.190219	0.0136474	0.135831	0.0161953	0.00994311	0.0671817	0.0254713	0.0546173	0.0291862	0.074201	0.180438	0.0278837	0.0036822
157	0.105837	0.00306311	0.00410996	0.0672602	0.0344396	0.0714188	0.0610679	0.0548047	0.00473975	0.115235	0.0198608	0.0836346	0.0382222	0.0369893	0.00509972	0.0870592	0.148206	0.0533859	0.00194089	0.00362467
158	0.0463352	0.0114426	0.124753	0.180791	0.0574487	0.0183182	0.0213825	0.0177367	0.0770268	0.0784378	0.0199336	0.0234878	0.0114913	0.0826375	0.0215784	0.0440176	0.0261078	0.0247988	0.0973542	0.0149209
159	0.00931433	0.00207935	0.00196297	0.00542107	0.198012	0.00269864	0.0318709	0.0273057	0.00535388	0.0616863	0.00909595	0.00258311	0.00115806	0.00618716	0.00764347	0.00439257	0.0100198	0.0320845	0.0790328	0.502097
160	0.0419248	0.00426088	0.195768	0.389586	0.00371772	0.0252687	0.0206249	0.00719467	0.017147	0.0242042	0.00141724	0.0530724	0.0356041	0.0712873	0.0144359	0.0454896	0.0316661	0.0109093	0.00206824	0.00435305
161	0.031042	0.00465114	0.13434	0.456861	0.00322226	0.0112095	0.0437999	0.00450207	0.0114033	0.0138445	0.00447614	0.0445824	0.0131331	0.110419	0.0221584	0.0389669	0.0331396	0.011303	0.00206178	0.00488341
162	0.00968917	0.0115455	0.00184525	0.00247173	0.481445	0.00205629	0.00618092	0.0116287	0.00207503	0.0553953	0.00289979	0.00210219	0.00122981	0.00252333	0.00326116	0.00909896	0.00831508	0.0131581	0.130355	0.242724
163	0.0370017	0.00418247	0.00678237	0.000989811	0.000822074	0.91218	0.000930282	0.00114471	0.00084843	0.00138798	0.000870778	0.000779489	0.00048123	0.00106162	0.000976208	0.0104848	0.00421938	0.0137169	0.00042538	0.00071424
164	0.0155817	0.0132883	0.535329	0.0392992	0.0150827	0.0138294	0.00409065	0.00359244	0.0117956	0.00446787	0.00525032	0.21405	0.00156652	0.00371554	0.00834395	0.0449929	0.0309552	0.00993264	0.00255903	0.0222767
165	0.111285	0.00809261	0.00461049	0.00483773	0.0053178	0.0226927	0.00577525	0.00484363	0.00886886	0.0375588	0.0233639	0.00527759	0.648421	0.0103906	0.0109498	0.0515621	0.0189549	0.0101429	0.0025891	0.00446491
166	0.101115	0.0374093	0.0225097	0.00576569	0.00587741	0.00741588	0.0248832	0.0927938	0.0213245	0.0624571	0.00534025	0.00720163	0.00322074	0.00546155	0.0863936	0.0620723	0.102009	0.0629408	0.0536897	0.230119
167	0.00481124	0.00897035	0.00199965	0.0046279	0.00762729	0.00177981	0.00247962	0.438077	0.00257559	0.153256	0.228526	0.00561242	0.00109047	0.00412959	0.00235105	0.0142074	0.0222735	0.0861665	0.00116425	0.00827361
168	0.0645401	0.0297388	0.0219333	0.0108951	0.0200839	0.00199348	0.0186206	0.0256348	0.145844	0.235466	0.0531334	0.0101302	0.0012268	0.0495382	0.232595	0.0196593	0.00952088	0.0180996	0.00748054	0.0238673
169	0.202697	0.00100842	0.0805058	0.131	0.00402388	0.053423	0.0231264	0.0123227	0.0847428	0.00541296	0.00668535	0.0384738	0.00256966	0.0801894	0.0599068	0.155263	0.0411752	0.015268	0.000863469	0.00134219
170	0.0122435	0.00235028	0.00324833	0.00516512	0.173845	0.00271793	0.0287414	0.0383626	0.00553502	0.0690106	0.0115396	0.00299707	0.0011896	0.00628785	0.00713165	0.00545635	0.0148252	0.0339383	0.0612074	0.514208
171	0.204156	0.0999382	0.0895175	0.00946056	0.00777212	0.0387252	0.00732938	0.00912661	0.00693081	0.0108147	0.00620611	0.00835194	0.00448681	0.00976828	0.00688158	0.338801	0.118852	0.0161454	0.00221578	0.00451945
172	0.0617026	0.00527426	0.00121242	0.00187588	0.00139763	0.0101559	0.0064128	0.00177848	0.00186466	0.0166061	0.00554908	0.0058172	0.835775	0.00302478	0.002392	0.0306742	0.00392831	0.00258446	0.000748434	0.00122536
173	0.0067936	0.0206613	0.00124443	0.00772108	0.00550921	0.00151273	0.00186965	0.277793	0.00158791	0.172001	0.252643	0.0125768	0.00104393	0.00772846	0.00215052	0.0356929	0.0408865	0.12228	0.000906899	0.0273974
174	0.0362088	0.00390257	0.226796	0.378192	0.0029196	0.0167696	0.0420287	0.00606989	0.0104437	0.0162311	0.0015393	0.0541908	0.0162886	0.0819108	0.0161245	0.046447	0.0329891	0.00651514	0.00150371	0.00292919
175	0.0605292	0.00601784	0.00131954	0.0020019	0.00142107	0.0100962	0.00647297	0.00163845	0.00145997	0.0169371	0.00553242	0.00593059	0.837285	0.00286105	0.00181744	0.0306281	0.00390925	0.00227179	0.000777774	0.00109194
176	0.283515	0.00211432	0.0235456	0.0140067	0.0025889	0.00267982	0.242139	0.00380059	0.0481544	0.00530355	0.0029099	0.049756	0.187404	0.00361802	0.0178184	0.09676	0.00557755	0.00467386	0.00120597	0.00242836
177	0.0073566	0.01376	0.0009467	0.00422739	0.00920043	0.00130155	0.00191227	0.313836	0.00117383	0.231549	0.222525	0.00515505	0.000802774	0.00417366	0.00140612	0.0149342	0.0359103	0.118975	0.000728338	0.0101255
178	0.0177377	0.00877434	0.00525856	0.00398787	0.131686	0.000783603	0.0149546	0.105346	0.00132786	0.485242	0.0786299	0.000943456	0.00136148	0.0049443	0.00371731	0.00220164	0.00719194	0.0534756	0.0185079	0.0539287
179	0.214426	0.0207172	0.000774119	0.00336678	0.00168985	0.00432158	0.00447053	0.234932	0.00142731	0.0392524	0.0381928	0.000916298	0.00594119	0.00117964	0.00111274	0.00972359	0.0318125	0.381664	0.000403308	0.00367547
180	0.00671951	0.00210517	0.00231925	0.026927	0.00325202	0.0128426	0.00297707	0.080339	0.0268178	0.0915531	0.056012	0.0235102	0.00150967	0.0624606	0.0420226	0.107942	0.361728	0.0673988	0.0102317	0.0113313
181	0.372082	0.0381089	0.00437618	0.00840137	0.0088873	0.156035	0.00233406	0.0333862	0.00232927	0.0032041	0.00676856	0.00185941	0.00146443	0.00318842	0.00247096	0.142568	0.165172	0.0452054	0.000786713	0.00137118
182	0.432481	0.0302514	0.0145341	0.00960995	0.020716	0.100408	0.00563386	0.00962164	0.0076183	0.00742806	0.00297321	0.00415905	0.0112318	0.0229423	0.00339627	0.224749	0.0546192	0.0314716	0.00107901	0.00507657
183	0.0181401	0.00744234	0.00850938	0.00357217	0.15958	0.00107521	0.0166411	0.102724	0.00162401	0.410937	0.0675711	0.00173717	0.000434255	0.00554563	0.00376909	0.00274693	0.0106237	0.0572054	0.0227446	0.0973774
184	0.012405	0.0125405	0.016079	0.0199682	0.0443742	0.00268007	0.475253	0.00351729	0.0239999	0.0456415	0.00314894	0.0936347	0.00135316	0.00328745	0.00326198	0.0528436	0.0268524	0.00453839	0.0580068	0.0966141
185	0.0233635	0.00625317	0.594864	0.0641623	0.00723499	0.0244869	0.00454751	0.00415386	0.0145678	0.00551654	0.00459682	0.144395	0.00377627	0.00580017	0.0106937	0.040091	0.021352	0.010802	0.00260261	0.00674
186	0.0156144	0.00525072	0.0766686	0.01098	0.00682932	0.00568863	0.00874947	0.0534744	0.0104648	0.0567779	0.00660978	0.0799174	0.0745679	0.0521572	0.00821701	0.227316	0.166834	0.0318999	0.00239965	0.0995826
187	0.046899	0.0121511	0.0512631	0.0303163	0.00798837	0.00901119	0.0649007	0.0101922	0.0248382	0.0204927	0.0105256	0.0231422	0.00559939	0.1856	0.393021	0.0476118	0.0252988	0.0167424	0.00446592	0.00994045
188	0.0269669	0.00737132	0.00611028	0.00790839	0.076519	0.00939899	0.00840623	0.17146	0.0077621	0.0628686	0.0342708	0.00712437	0.00975945	0.00892966	0.0105827	0.0164529	0.0289657	0.473011	0.00943598	0.0166954
189	0.0951709	0.00519004	0.0222582	0.00548934	0.0234252	0.174676	0.00528791	0.00660463	0.00549735	0.0742861	0.0941067	0.00527016	0.189193	0.103897	0.00602386	0.0888281	0.0557034	0.0331903	0.00229423	0.00360819
190	0.0195385	0.00666683	0.00696433	0.00936787	0.284678	0.00732359	0.0170018	0.0493895	0.0082893	0.0484962	0.0130481	0.00851894	0.0793606	0.0118727	0.00943867	0.0149582	0.0140246	0.125386	0.0189759	0.246701
191	0.0843753	0.00586948	0.0376877	0.00843917	0.140955	0.00743642	0.00905489	0.0689827	0.0083612	0.017124	0.0367278	0.00722705	0.00400031	0.00979466	0.00875882	0.0448598	0.043427	0.0483476	0.368895	0.0396758
