234	20
1	0.0534489	0.0123761	0.0143906	0.00375699	0.151213	0.00589404	0.0244097	0.107553	0.00527977	0.127256	0.00655049	0.00615352	0.00422127	0.0155519	0.00562707	0.0600512	0.0872027	0.230616	0.00101399	0.0774343
2	0.0360453	0.0106516	0.0523119	0.0288145	0.0049084	0.539991	0.0247205	0.00515394	0.0283249	0.00909042	0.00527685	0.0676633	0.0341212	0.00970121	0.0346476	0.0708028	0.0211389	0.0104183	0.00316909	0.00304853
3	0.155993	0.0052004	0.0149045	0.0151966	0.00718947	0.0266553	0.0181172	0.0182799	0.0316233	0.0459875	0.0565414	0.0218195	0.402251	0.0170674	0.0366038	0.0562516	0.0326176	0.0297077	0.00263092	0.00536222
4	0.049606	0.00823763	0.0841954	0.175057	0.00858503	0.0320813	0.0248267	0.0229056	0.0504711	0.0212363	0.0149702	0.0251823	0.0933957	0.0624363	0.0497057	0.0727121	0.087548	0.0939988	0.00733483	0.0155144
5	0.0516099	0.0102714	0.0190118	0.027275	0.00710557	0.024997	0.0158462	0.0198341	0.0725559	0.0209491	0.0223851	0.0512512	0.0307847	0.0233229	0.0527912	0.267693	0.246025	0.0273992	0.00356545	0.00532641
6	0.0206839	0.000460447	0.000555391	0.00342262	0.0640109	0.00632188	0.00236044	0.192817	0.0038768	0.426052	0.0609863	0.00242396	0.00513604	0.00280373	0.00982203	0.00777193	0.00851676	0.169131	0.00508266	0.00776538
7	0.172454	0.00945045	0.0419294	0.0652601	0.0146733	0.0315051	0.00501367	0.0467227	0.0143466	0.0217093	0.0107932	0.0129539	0.00787355	0.00805766	0.0425766	0.060103	0.0712939	0.34816	0.0127338	0.00238957
8	0.010564	0.0141139	0.00358526	0.00586818	0.286689	0.00469404	0.0424318	0.0408204	0.0122019	0.151951	0.0223705	0.0111117	0.00849705	0.00578256	0.022491	0.0173703	0.0120858	0.0394387	0.0588753	0.229057
9	0.00640686	0.0181948	0.00258021	0.00220086	0.317989	0.00288863	0.0555005	0.0158062	0.00855305	0.119853	0.0143216	0.00812313	0.00720482	0.00287865	0.0167212	0.0149271	0.0116579	0.0142833	0.0448141	0.315095
10	0.369843	0.0238491	0.00437968	0.00902066	0.00655798	0.0238909	0.00198749	0.0271591	0.00320799	0.0478931	0.0125126	0.00303466	0.0026186	0.00632075	0.00517158	0.119457	0.1125	0.218523	0.000841555	0.00123005
11	0.1181	0.0110774	0.0195362	0.0136849	0.00627784	0.420018	0.00817407	0.00613437	0.0308377	0.00683279	0.00434175	0.0199514	0.0559365	0.0134705	0.0303468	0.170259	0.0340797	0.0221232	0.00550522	0.00331249
12	0.0209936	0.000743007	0.000548862	0.00352072	0.0622981	0.00620635	0.0023017	0.196386	0.00371782	0.408826	0.0592782	0.00238257	0.00496237	0.00284119	0.00938922	0.00768311	0.00884025	0.186471	0.00504873	0.00756124
13	0.345679	0.0373209	0.00378225	0.00709343	0.00569353	0.0298636	0.00277894	0.0208168	0.00443681	0.0482974	0.0145506	0.00439737	0.00456106	0.00789304	0.00574856	0.153108	0.12168	0.178677	0.00101485	0.00260777
14	0.0487053	0.0176963	0.177322	0.063206	0.00521833	0.251298	0.0225116	0.0062625	0.0398717	0.00916899	0.00575527	0.0874355	0.0341702	0.0264501	0.0319378	0.118127	0.0271333	0.0188248	0.00231201	0.0065938
15	0.0487883	0.0141612	0.0349213	0.0272258	0.016914	0.421388	0.0204283	0.032679	0.0340952	0.0740555	0.0162324	0.0375004	0.0177796	0.0136739	0.0357163	0.0632868	0.0258995	0.0518297	0.00493947	0.00848495
16	0.0442719	0.0118266	0.02299	0.0423985	0.00736857	0.0269396	0.0195345	0.0252485	0.199808	0.0279221	0.0258433	0.0479191	0.015275	0.0369047	0.25758	0.0897081	0.066291	0.0219327	0.0055474	0.0046902
17	0.0213543	0.00702902	0.000817252	0.00480717	0.0128785	0.00232839	0.00104264	0.280506	0.00113272	0.104973	0.0195701	0.000943992	0.000862811	0.00357871	0.00197494	0.0065151	0.0147022	0.514184	0.000394804	0.000404531
18	0.021846	0.00699196	0.0008192	0.00489082	0.0127978	0.00250308	0.00105931	0.279288	0.00113091	0.10544	0.0196966	0.000942719	0.000823238	0.00362383	0.00200629	0.00650964	0.0147434	0.514097	0.000392033	0.000398017
19	0.0181491	0.00590188	0.00923179	0.0238271	0.0300856	0.0221259	0.0172318	0.0116447	0.188712	0.0716506	0.0224051	0.0309949	0.0138996	0.0300909	0.336973	0.0515446	0.0139254	0.0121458	0.080144	0.00931574
20	0.00503716	0.018607	0.00194617	0.00209239	0.319721	0.0023676	0.0569223	0.0117512	0.0083248	0.120524	0.0148995	0.00808048	0.00725107	0.00253146	0.0170598	0.0138456	0.00883608	0.00917781	0.04646	0.324564
21	0.213542	0.028556	0.0230161	0.0157786	0.00889853	0.240961	0.00755473	0.0115249	0.0234225	0.0177057	0.00902716	0.0265729	0.0326059	0.0213155	0.0287521	0.176926	0.0487359	0.0551927	0.00476471	0.00514787
22	0.034006	0.0088251	0.011551	0.00537304	0.110578	0.00703188	0.0564693	0.0947721	0.0072843	0.0891764	0.00575452	0.00687785	0.00502008	0.0125932	0.00852821	0.0442782	0.112123	0.26452	0.00193181	0.113306
23	0.0404108	0.00180641	0.00370282	0.00889266	0.00159702	0.00322554	0.0115049	0.00310281	0.00966477	0.00456731	0.0190302	0.0691804	0.0227954	0.00334411	0.00403205	0.286332	0.489224	0.0160381	0.000458744	0.00108979
24	0.0333429	0.00110346	0.00516539	0.0113683	0.00150074	0.00271918	0.0108133	0.00298059	0.00958705	0.004793	0.018667	0.065633	0.0201755	0.00477577	0.00537596	0.329682	0.45855	0.0123491	0.000533326	0.000884348
25	0.116972	0.0395976	0.0100056	0.00645414	0.00287323	0.0518938	0.00396474	0.0183349	0.0246493	0.00638227	0.00476783	0.0460517	0.163882	0.00670213	0.0549755	0.375852	0.0547376	0.00777084	0.00141151	0.00272138
26	0.0588593	0.00327466	0.0957372	0.0503864	0.0180326	0.0280285	0.16075	0.026454	0.0514411	0.0208661	0.00401322	0.242475	0.0153239	0.0516057	0.034108	0.0614862	0.0271404	0.0111528	0.00203918	0.0368254
27	0.0312991	0.0013886	0.0226562	0.00615885	0.0588826	0.00741318	0.0564991	0.0380827	0.0428817	0.245462	0.120792	0.0243558	0.0107904	0.0317414	0.0338957	0.0669677	0.0650424	0.0956693	0.0135195	0.0265011
28	0.0397711	0.00794049	0.121922	0.215444	0.00757403	0.0241966	0.0300931	0.0254238	0.0664509	0.0257714	0.0160011	0.0406331	0.0370865	0.0926465	0.0447008	0.051	0.0504355	0.0826068	0.00362093	0.0166811
29	0.0468361	0.0050027	0.106684	0.116283	0.00411691	0.0281134	0.0916841	0.0257179	0.0719933	0.0155918	0.0109482	0.0278619	0.115623	0.106437	0.0641875	0.0817564	0.0346309	0.0302116	0.00148238	0.0148382
30	0.0636271	0.00793271	0.0177286	0.0658888	0.0243169	0.0179362	0.00528509	0.0867966	0.0397219	0.032746	0.0273266	0.0115167	0.00801395	0.0073782	0.0489428	0.0503517	0.0952271	0.352746	0.0342576	0.0022594
31	0.0967583	0.136631	0.028716	0.0120343	0.0156225	0.184202	0.0101276	0.0110902	0.0180478	0.0213909	0.0165817	0.0661311	0.024594	0.0208127	0.0294745	0.223372	0.0410329	0.0283526	0.00389806	0.0111293
32	0.0976012	0.0104623	0.0237084	0.0188609	0.00833655	0.468992	0.0177431	0.00703548	0.0468149	0.0108522	0.00639476	0.0294359	0.0244077	0.0165125	0.0614958	0.0900587	0.02963	0.0213968	0.00587743	0.00438377
33	0.036298	0.00796784	0.0239792	0.0406829	0.0124762	0.0451875	0.0240755	0.0181488	0.194659	0.0385335	0.0259832	0.0312781	0.0175641	0.0321886	0.318119	0.0632511	0.0282263	0.0212859	0.0128538	0.00724209
34	0.180742	0.006839	0.014902	0.0153121	0.00627166	0.0322511	0.0152478	0.0113108	0.0255174	0.0316474	0.0333287	0.022875	0.415424	0.0175504	0.0308131	0.0737904	0.0302838	0.0289375	0.00273124	0.0042249
35	0.0273205	0.00411448	0.00605472	0.00697567	0.0693069	0.00997824	0.0128883	0.156331	0.0166358	0.352624	0.0565191	0.0106302	0.00815301	0.00874241	0.0215479	0.0221841	0.0207295	0.159245	0.00832782	0.0216919
36	0.0329536	0.00677622	0.0494121	0.0287229	0.00427927	0.627202	0.0230443	0.0035885	0.0268405	0.00707202	0.00254094	0.0450869	0.0133286	0.00707265	0.0306927	0.053838	0.0204797	0.0105492	0.00378568	0.00273477
37	0.0233889	0.00108995	0.00131298	0.00374475	0.0737442	0.00704576	0.00319339	0.190384	0.00441272	0.401051	0.0570236	0.00291879	0.00543753	0.00355498	0.00949934	0.0116684	0.0136769	0.171116	0.00461336	0.0111224
38	0.0491835	0.0182845	0.0205496	0.0633302	0.00386894	0.0221337	0.0192604	0.0164492	0.228584	0.0172702	0.0177719	0.0464126	0.006202	0.0452405	0.258406	0.0817364	0.0618914	0.0175606	0.00301302	0.00285161
39	0.0270967	0.00377176	0.00472873	0.00418736	0.118219	0.00741977	0.0146129	0.148407	0.00775171	0.317016	0.0490646	0.00546303	0.00589974	0.00636683	0.0108713	0.0206888	0.0255981	0.170117	0.00869649	0.0440226
40	0.0207941	0.00376195	0.37324	0.046073	0.00568957	0.01974	0.110065	0.00802921	0.0257286	0.00645428	0.00243731	0.265402	0.0120924	0.0200688	0.00754904	0.0369565	0.00961488	0.00823596	0.00106113	0.017007
41	0.0386844	0.0101712	0.0379221	0.0833796	0.00177004	0.0358129	0.0213247	0.0159023	0.286234	0.0188702	0.0160321	0.0679715	0.00495169	0.0503913	0.194514	0.0534254	0.0402975	0.0176142	0.00259174	0.00213946
42	0.0321588	0.00103451	0.00293928	0.00891848	0.00135373	0.00241704	0.0129234	0.00227792	0.00985784	0.00316469	0.0171989	0.0730201	0.0235061	0.00295794	0.00350783	0.285047	0.503117	0.0131069	0.000499227	0.000993765
43	0.0369196	0.0619406	0.0879093	0.0178897	0.00739167	0.388169	0.0143762	0.00594322	0.0159561	0.0120139	0.00864914	0.116059	0.0118071	0.0114584	0.0221327	0.146681	0.0201273	0.00885452	0.00190694	0.0038149
44	0.0153906	0.00328768	0.366481	0.275807	0.00303934	0.0225738	0.0186307	0.00164587	0.0280202	0.00830642	0.00145212	0.106723	0.0100772	0.0487405	0.0133374	0.024972	0.0340975	0.0144863	0.000566929	0.00236454
45	0.0276028	0.00241512	0.00376536	0.00473313	0.0688744	0.00733833	0.0103826	0.166521	0.0116969	0.371471	0.0603351	0.00588924	0.00745652	0.00627575	0.015959	0.0179467	0.0169952	0.168248	0.00674471	0.0193494
46	0.00502505	0.0185976	0.00194797	0.00209573	0.319429	0.00236011	0.0569609	0.0117972	0.00833795	0.12068	0.0149058	0.00814255	0.0072508	0.00258824	0.0170758	0.0139745	0.00891614	0.00926332	0.0464423	0.324209
47	0.0216744	0.0070879	0.00106794	0.00487701	0.0161891	0.00244617	0.0018051	0.277333	0.00133611	0.10502	0.0194055	0.00112618	0.000986568	0.00370968	0.00219925	0.00729989	0.0163312	0.507606	0.000427062	0.00207216
48	0.224682	0.125659	0.0169285	0.0175387	0.0139492	0.0755509	0.0123096	0.0188084	0.021364	0.0332143	0.0183839	0.0352123	0.0237977	0.0190656	0.0296842	0.154605	0.0685367	0.0768721	0.00413638	0.00970129
49	0.0191916	0.00639729	0.408926	0.108257	0.0045112	0.0485996	0.0373472	0.00774578	0.0334585	0.00956542	0.00526536	0.139757	0.0186004	0.0318757	0.0217673	0.0410076	0.0263936	0.0202023	0.00205856	0.009072
50	0.187697	0.0459319	0.0156699	0.00642259	0.00645681	0.113919	0.00599615	0.0122879	0.0176684	0.0110853	0.00738869	0.0360144	0.0527216	0.0140605	0.0360366	0.350092	0.049528	0.0249439	0.00205994	0.00401992
51	0.0131288	0.0188471	0.0105407	0.00833491	0.264552	0.0059981	0.0710423	0.0152052	0.013893	0.106124	0.0157632	0.0158624	0.00895134	0.0137846	0.0196105	0.0284561	0.0162985	0.0192429	0.0393973	0.294967
52	0.0143928	0.0103456	0.00844537	0.00366601	0.236685	0.00408704	0.0576714	0.0182248	0.0289791	0.207987	0.0627388	0.0124002	0.00779061	0.0122798	0.0204507	0.0374318	0.024767	0.0354575	0.0263872	0.169811
53	0.0381023	0.00609689	0.0441939	0.0291371	0.00325156	0.627257	0.0220952	0.00349485	0.0286206	0.00618401	0.00289371	0.0430207	0.0144267	0.00657438	0.0319631	0.0564212	0.0198574	0.0108404	0.00357875	0.00199041
54	0.0211296	0.000462276	0.000561892	0.00358979	0.0631453	0.00663999	0.00244112	0.192635	0.00393993	0.423238	0.0607321	0.00242752	0.00515344	0.00300625	0.00992828	0.00786936	0.00876231	0.171615	0.00502798	0.0076952
55	0.0297676	0.00139337	0.0204196	0.00627866	0.0628123	0.00688232	0.053431	0.0421885	0.0415997	0.267013	0.123243	0.0221587	0.0100942	0.0298953	0.0322157	0.062473	0.0579069	0.0918246	0.0120182	0.0263852
56	0.0778288	0.0100546	0.00919995	0.0153908	0.00676136	0.0104652	0.0114807	0.112636	0.171609	0.0780078	0.088812	0.0124893	0.013975	0.00969184	0.141013	0.0721542	0.0412577	0.11031	0.00377304	0.00308962
57	0.0269842	0.00575163	0.000962636	0.00550474	0.0190871	0.00503544	0.00153291	0.259185	0.00182934	0.146895	0.029116	0.00127876	0.00145016	0.00428226	0.0037486	0.00773055	0.0149297	0.462196	0.00104039	0.00145897
58	0.026248	0.0048706	0.04706	0.0336821	0.00285621	0.650528	0.0214673	0.00326773	0.0238807	0.00500967	0.00225742	0.043866	0.0143844	0.00484425	0.0282139	0.0512861	0.0226728	0.00849094	0.00330018	0.00181361
59	0.0532854	0.00424601	0.0110031	0.0481794	0.00335906	0.0106367	0.00940005	0.00852248	0.0375046	0.0438126	0.00974507	0.0112378	0.27882	0.0894365	0.0882366	0.189296	0.0721024	0.027509	0.00143185	0.00223474
60	0.032071	0.00205898	0.140833	0.230177	0.00245848	0.0317353	0.0218496	0.00427425	0.106664	0.00789014	0.00519333	0.109187	0.00771873	0.143521	0.0382224	0.0477209	0.0571403	0.00902567	0.000822998	0.00143581
61	0.0108144	0.00418452	0.0670041	0.0412674	0.00160829	0.652264	0.0276932	0.00227742	0.0263676	0.00454932	0.00178668	0.0550768	0.0086012	0.00374258	0.0298952	0.0393276	0.0154219	0.00457649	0.00199564	0.00154562
62	0.0193275	0.00444196	0.0558262	0.0390489	0.00319184	0.519565	0.0413091	0.00665429	0.0675928	0.00853712	0.00488139	0.0761567	0.00893347	0.0141432	0.0496621	0.0448164	0.0207631	0.0080789	0.00231051	0.00475967
63	0.0502508	0.00247405	0.00211899	0.00666292	0.041914	0.0125211	0.00765915	0.181148	0.00425922	0.268867	0.0455243	0.00346103	0.00368234	0.009756	0.00797654	0.0134827	0.0235732	0.302739	0.00256642	0.00936253
64	0.144056	0.0266197	0.0149527	0.0135144	0.00649265	0.0570995	0.00962082	0.0112802	0.0213332	0.0129045	0.00981664	0.0409411	0.0909872	0.0143479	0.0367472	0.298912	0.153268	0.031463	0.00216558	0.00347796
65	0.0460221	0.010922	0.021719	0.083865	0.00306675	0.019236	0.0165392	0.0155302	0.184166	0.0179878	0.0227633	0.0514769	0.0111518	0.0578175	0.202873	0.111584	0.0992995	0.0182023	0.00272963	0.00304766
66	0.0452887	0.00294929	0.00956012	0.0528335	0.00306773	0.00841251	0.00826839	0.00730372	0.044874	0.0569027	0.00858705	0.00865062	0.24616	0.115167	0.0791078	0.19354	0.0702882	0.0354547	0.0013378	0.00224544
67	0.0212717	0.00677683	0.000813692	0.00485819	0.0156473	0.00233616	0.00108897	0.274	0.00113164	0.123953	0.0221144	0.000940889	0.000921893	0.00356662	0.00241701	0.00658123	0.0141445	0.495799	0.000672892	0.000964071
68	0.332268	0.0178948	0.00587563	0.0140943	0.0104104	0.0263387	0.00200486	0.038947	0.00365454	0.0576059	0.0106422	0.00367443	0.00236148	0.00587272	0.00796103	0.105379	0.0865646	0.266219	0.00114976	0.00108202
69	0.0211394	0.00234256	0.255972	0.316032	0.00273581	0.0294804	0.0223295	0.00159392	0.0349346	0.0111699	0.00110011	0.10226	0.012908	0.0721371	0.0192385	0.0347058	0.0486496	0.00977696	0.000489546	0.00100416
70	0.0107058	0.00528567	0.0856391	0.0500413	0.0016371	0.603397	0.0268536	0.00224992	0.0272443	0.00452796	0.00169737	0.0665136	0.0085138	0.00656108	0.0289696	0.0438003	0.018612	0.00445911	0.00165566	0.00163577
71	0.0180237	0.00262156	0.0528745	0.0867516	0.00572026	0.0324183	0.0440496	0.12619	0.118465	0.0241142	0.00414733	0.0555215	0.0063383	0.0740029	0.0913248	0.0890827	0.0573438	0.0995582	0.00354994	0.00790203
72	0.0532128	0.00691962	0.0220058	0.0250789	0.00679845	0.0198969	0.0380333	0.0208873	0.140757	0.0606243	0.0440158	0.0598511	0.133593	0.0426527	0.178248	0.0706631	0.0453236	0.0176348	0.00642063	0.00738249
73	0.0269407	0.00155237	0.00193011	0.00340108	0.0995835	0.00805218	0.0032139	0.185633	0.00413197	0.3649	0.0522009	0.00391378	0.00566541	0.00397711	0.00826357	0.0122357	0.0237537	0.170536	0.00432591	0.015789
74	0.0487368	0.0063335	0.00650034	0.0054872	0.139174	0.00868231	0.0203008	0.120565	0.0108659	0.27021	0.0452173	0.00844379	0.00838382	0.00860431	0.0131983	0.0328261	0.0324734	0.142991	0.0108789	0.060128
75	0.364861	0.0304902	0.00341661	0.00697544	0.00540823	0.0263629	0.00206615	0.0211846	0.00369394	0.0504558	0.0160184	0.00333981	0.00334226	0.00740099	0.00442884	0.140763	0.121078	0.18631	0.000737506	0.00166655
76	0.0390169	0.0107328	0.1194	0.0510715	0.0156541	0.0422058	0.0500175	0.110851	0.0571179	0.0293521	0.0145378	0.16554	0.0187005	0.0404458	0.052442	0.0713548	0.0412229	0.0467307	0.00528538	0.0183203
77	0.230348	0.017854	0.0524291	0.0148211	0.0121082	0.244536	0.00922263	0.00792621	0.0220353	0.0116075	0.00750364	0.0217719	0.030248	0.0400374	0.0268106	0.179815	0.033507	0.0273714	0.00448424	0.00556268
78	0.0448561	0.00148179	0.00107329	0.00651781	0.0391537	0.0172538	0.00311739	0.189021	0.00373864	0.292471	0.0579135	0.00265469	0.00453876	0.005776	0.00763159	0.00923888	0.0145496	0.291428	0.00276606	0.00481895
79	0.0267718	0.0187357	0.267773	0.243079	0.00607187	0.0237851	0.0305593	0.0122581	0.0422377	0.0135731	0.00973404	0.0720106	0.0248346	0.0577012	0.0331141	0.0323352	0.0393818	0.0314525	0.00140891	0.0131825
80	0.0210819	0.00656006	0.000818219	0.00456195	0.0172099	0.00264284	0.00119103	0.274705	0.00127985	0.128272	0.0220839	0.00106817	0.00107726	0.00341314	0.00247292	0.00661155	0.0142227	0.488847	0.000734152	0.00114709
81	0.0249123	0.00388824	0.372824	0.0418435	0.00578092	0.0219384	0.101672	0.00827999	0.0254018	0.00683965	0.00258513	0.248634	0.018754	0.02383	0.0128974	0.0417484	0.0107516	0.008731	0.00119482	0.0174934
82	0.0291875	0.0124685	0.136217	0.198694	0.00285524	0.00904951	0.0550205	0.0249119	0.0624419	0.0180954	0.0247214	0.0226943	0.0550365	0.108049	0.0660523	0.0177476	0.0616148	0.0564844	0.000966247	0.037693
83	0.0213439	0.00231514	0.256259	0.313567	0.00272556	0.0294397	0.0223257	0.00157238	0.035363	0.0111486	0.00110079	0.102694	0.0132343	0.0718892	0.019127	0.0354343	0.0491819	0.00976473	0.000479248	0.00103411
84	0.0118855	0.00395108	0.0718873	0.0491566	0.00153204	0.60736	0.0299375	0.00295232	0.0345168	0.00480704	0.00178243	0.0593166	0.00848933	0.00905392	0.0358196	0.042496	0.0164911	0.0046572	0.0018203	0.00208719
85	0.110669	0.0186301	0.0310187	0.0535413	0.0253357	0.0197168	0.00482135	0.0809497	0.0191431	0.0212312	0.0138119	0.0242046	0.00718697	0.00754454	0.0556476	0.0710042	0.0895827	0.327125	0.0153603	0.0034753
86	0.0212607	0.00687853	0.000803263	0.00467085	0.014101	0.00251784	0.00108135	0.278731	0.00120986	0.112991	0.0204599	0.00101468	0.000951596	0.00352089	0.00216248	0.0065974	0.0144483	0.505521	0.00047972	0.000598781
87	0.00564667	0.018629	0.00222879	0.00217155	0.315014	0.00236599	0.0560544	0.0140136	0.00848323	0.122705	0.0153648	0.0083522	0.00728694	0.00313386	0.0168827	0.0145248	0.00942569	0.0118095	0.0458213	0.320085
88	0.0195598	0.0125863	0.00421502	0.00312068	0.234443	0.00659031	0.0365297	0.0718414	0.00891212	0.209013	0.0314916	0.00789734	0.0064587	0.00497922	0.0146458	0.0195747	0.0188559	0.0796757	0.028498	0.181112
89	0.0362091	0.00225782	0.00568676	0.00929684	0.00188741	0.00489066	0.0128792	0.00384876	0.0121654	0.00369318	0.0165902	0.0747053	0.0324328	0.0041851	0.00829436	0.28232	0.473105	0.0136949	0.000638427	0.00121855
90	0.0309949	0.00533843	0.22378	0.250834	0.00404813	0.0302714	0.0215788	0.0116267	0.064208	0.0103688	0.00657489	0.0488626	0.0427742	0.0705203	0.0271314	0.0554613	0.0356176	0.0483885	0.000871822	0.010748
91	0.0339696	0.0011689	0.0048769	0.0106965	0.00140378	0.00281226	0.0106325	0.00351766	0.00973916	0.00516216	0.0196162	0.0646931	0.0202363	0.00457942	0.00506446	0.322695	0.464706	0.012836	0.000573763	0.00101996
92	0.0585796	0.0106848	0.0125578	0.0173353	0.00518102	0.0174771	0.0131976	0.00922289	0.0173834	0.0129267	0.0181291	0.0559009	0.0286181	0.0116873	0.0191929	0.321449	0.341631	0.0223417	0.00154451	0.00495983
93	0.0871706	0.00757704	0.0291217	0.0131014	0.0064092	0.00885336	0.00740116	0.079797	0.0418054	0.044705	0.0626504	0.0147437	0.00815122	0.0120966	0.0431341	0.202304	0.28435	0.0411358	0.00196897	0.00352348
94	0.0261211	0.0077762	0.032973	0.0484269	0.00973164	0.0185195	0.0414041	0.0783102	0.191782	0.0258187	0.00950378	0.068008	0.00786724	0.0564615	0.130929	0.0792993	0.0812033	0.0701408	0.00391958	0.0118044
95	0.00498587	0.0186304	0.00192586	0.00208743	0.31998	0.00235363	0.0569447	0.0117334	0.00830518	0.120432	0.014765	0.00811196	0.00725304	0.0025194	0.0170472	0.013852	0.00878193	0.00907446	0.0464639	0.324753
96	0.0312949	0.00507962	0.0668185	0.0229183	0.00663853	0.0476498	0.159753	0.0136251	0.0286938	0.0154489	0.00866098	0.0801255	0.10695	0.119791	0.136868	0.101485	0.0229435	0.0129311	0.00300475	0.00932027
97	0.0206237	0.0156981	0.0103313	0.0105375	0.25508	0.0112146	0.0453205	0.0211905	0.03129	0.108256	0.0219711	0.0162739	0.0126063	0.013871	0.0922347	0.0334176	0.0206973	0.028073	0.0400369	0.191276
98	0.185997	0.00943127	0.00949431	0.00788859	0.0276903	0.329497	0.0198873	0.005515	0.0341505	0.00752682	0.00411469	0.00748891	0.0269	0.0314184	0.0627687	0.117137	0.0571784	0.0465471	0.00522951	0.00413822
99	0.0169009	0.00368715	0.343899	0.293302	0.00347442	0.0225798	0.0203545	0.00219762	0.0280013	0.00901241	0.00189851	0.0975432	0.0104076	0.0518372	0.0147262	0.025951	0.0374376	0.0140443	0.000568886	0.00217666
100	0.074746	0.00478073	0.134631	0.011135	0.00379538	0.0527195	0.0139243	0.00521569	0.0737136	0.0100783	0.0099443	0.199941	0.0357299	0.0346346	0.127827	0.1195	0.0713333	0.00816431	0.00198473	0.00620115
101	0.0329347	0.000989962	0.00309167	0.00893853	0.00139233	0.00235235	0.0122738	0.00265641	0.00981305	0.0031788	0.0177574	0.0710479	0.0234631	0.00296746	0.0035809	0.285804	0.502887	0.0134838	0.000481038	0.00090546
102	0.114601	0.0103353	0.02437	0.0177741	0.0081849	0.491794	0.0130324	0.00659198	0.0273075	0.0100909	0.00645145	0.0266438	0.0277455	0.0158141	0.0322238	0.0965957	0.0328981	0.0280099	0.00572241	0.00381235
103	0.0275265	0.00489602	0.00907396	0.0187515	0.00839689	0.0394136	0.0112099	0.0267185	0.212609	0.0525957	0.0649106	0.0230293	0.0129187	0.0180178	0.351523	0.0659461	0.0209218	0.0171243	0.011058	0.00335816
104	0.0323293	0.00108818	0.00147277	0.0037986	0.0737862	0.00737521	0.00356038	0.180376	0.00437151	0.389922	0.054698	0.00354344	0.00516632	0.00368795	0.00897036	0.0117476	0.0153392	0.18301	0.00467477	0.0110824
105	0.0208227	0.00045074	0.000556516	0.0035364	0.0645163	0.00633863	0.00243452	0.192539	0.00392798	0.425308	0.0616322	0.00242623	0.00518411	0.00283168	0.00984054	0.00776053	0.00848765	0.168453	0.00507417	0.00787886
106	0.0234235	0.00579128	0.013456	0.0318203	0.00598273	0.0276944	0.0104044	0.0128383	0.26725	0.0287235	0.0250306	0.0202091	0.00355235	0.0318126	0.404891	0.0534195	0.0184675	0.00681059	0.00664275	0.00177962
107	0.00519537	0.0186233	0.00202224	0.00211545	0.319633	0.00235795	0.0568172	0.0118805	0.00842169	0.120719	0.0148395	0.00810983	0.00722596	0.00260385	0.0169063	0.0144783	0.00896429	0.00980538	0.0461386	0.323141
108	0.00849491	0.00435271	0.549255	0.060202	0.0019759	0.0196552	0.0485494	0.00287112	0.0186656	0.0029598	0.00194245	0.197876	0.0111716	0.0176813	0.0035769	0.0206393	0.00704603	0.0124446	0.000874307	0.00976574
109	0.0932461	0.00983743	0.00818843	0.00864455	0.0050043	0.0127726	0.0124128	0.092604	0.0910759	0.0968029	0.0966958	0.0115921	0.154023	0.0126954	0.110138	0.0797296	0.0501546	0.0492706	0.00201805	0.00309413
110	0.0456081	0.00765632	0.0336788	0.0728623	0.00414343	0.0310526	0.0313125	0.0507934	0.213409	0.0281351	0.0103855	0.0696497	0.0115847	0.0578451	0.127597	0.0668261	0.0685369	0.0555534	0.00765245	0.00571783
111	0.0331955	0.00100522	0.00313367	0.00917618	0.00131234	0.00236771	0.0119527	0.00265093	0.00995536	0.00327028	0.0178437	0.0709533	0.0229568	0.00300342	0.00357537	0.287189	0.501973	0.0131292	0.000461396	0.000894558
112	0.0357048	0.00455555	0.0583705	0.0828676	0.00199972	0.070206	0.0173722	0.00934991	0.267843	0.00998317	0.0094108	0.103332	0.00462751	0.0689732	0.170708	0.0427098	0.0270359	0.0110905	0.00177097	0.00208884
113	0.0566541	0.00346017	0.0246375	0.200215	0.00439376	0.01545	0.0110298	0.00642305	0.23217	0.00719054	0.023031	0.0516642	0.00606921	0.184057	0.0304855	0.0807009	0.0441434	0.0131232	0.00183387	0.0032682
114	0.373871	0.023328	0.00456539	0.009241	0.00639587	0.0232415	0.00214964	0.025933	0.00341142	0.0468903	0.0125632	0.00320556	0.00289009	0.00644881	0.00540341	0.117559	0.11298	0.21775	0.000870738	0.00130171
115	0.0248954	0.00513174	0.0346831	0.0725728	0.00614977	0.0223001	0.0398544	0.0912849	0.144254	0.0218468	0.00677571	0.0571544	0.00660964	0.0679149	0.104195	0.107231	0.095214	0.0805916	0.00397778	0.00736343
116	0.0213676	0.00704518	0.000817253	0.00481491	0.0128435	0.00232727	0.00104118	0.280358	0.00112034	0.10512	0.0195799	0.000943933	0.000828797	0.00357606	0.0019756	0.00651755	0.0147027	0.514224	0.000394915	0.000400983
117	0.0246979	0.00437259	0.000943204	0.00460789	0.0308517	0.00520399	0.00173671	0.239797	0.00232395	0.233929	0.0355576	0.00148146	0.00235227	0.00361177	0.00532485	0.00775219	0.0133481	0.376618	0.00214387	0.00334625
118	0.0290313	0.000620919	0.00117559	0.00539631	0.0607924	0.00814934	0.0057412	0.180841	0.00571501	0.399222	0.0676793	0.00333022	0.00531118	0.00414041	0.0122583	0.010529	0.0118454	0.173788	0.00468477	0.00974711
119	0.024877	0.0032742	0.125867	0.0927662	0.00188502	0.0554329	0.016736	0.00733495	0.210942	0.00667293	0.00608738	0.0772281	0.0054707	0.0883125	0.172797	0.0668272	0.0237717	0.0109035	0.000958389	0.00185405
120	0.0104923	0.00386775	0.0579881	0.0346832	0.00145274	0.659588	0.0308089	0.0021327	0.0296671	0.00438866	0.00170815	0.0577766	0.00794764	0.00307244	0.031412	0.0403681	0.0148471	0.00392191	0.00182981	0.0020468
121	0.0201837	0.00181274	0.000583418	0.00357704	0.0523134	0.00547327	0.0021442	0.21159	0.00332789	0.365418	0.0514425	0.00209387	0.00417695	0.00285186	0.00821799	0.00745354	0.00956477	0.237464	0.00409616	0.00621398
122	0.216788	0.0285905	0.00909885	0.00894932	0.0537655	0.0517122	0.0626751	0.00691144	0.0410786	0.0101716	0.00615777	0.00920315	0.0299509	0.0471277	0.0937499	0.160456	0.0691414	0.0829888	0.00253353	0.00894978
123	0.00510024	0.0186351	0.00196747	0.00216692	0.320615	0.00235956	0.0570202	0.0117299	0.00850571	0.121564	0.0150038	0.00808954	0.0071906	0.00253685	0.01695	0.0139363	0.00878715	0.00898868	0.0462587	0.322594
124	0.288951	0.00627407	0.00973256	0.00933054	0.00618106	0.0148661	0.0083751	0.00959105	0.0150103	0.0191455	0.0239628	0.0337651	0.406368	0.0100974	0.0162604	0.0567977	0.018709	0.0401115	0.00252206	0.00394863
125	0.0562082	0.0182226	0.075128	0.0395669	0.00973181	0.0612558	0.0331745	0.0160935	0.0478843	0.0172521	0.0126549	0.148713	0.0308979	0.0285632	0.050898	0.192289	0.121997	0.0221468	0.00626627	0.0110568
126	0.0317518	0.00627232	0.0448175	0.0288251	0.00381847	0.630126	0.0226117	0.00397005	0.0283823	0.00813281	0.0028639	0.0435916	0.0152148	0.00674156	0.0314696	0.05633	0.0192931	0.0092343	0.00372777	0.00282517
127	0.0207326	0.00157647	0.000574015	0.0034415	0.0536989	0.00539898	0.00220582	0.207831	0.00337889	0.374285	0.0530825	0.00218171	0.00423677	0.00292849	0.0084015	0.00759592	0.00946451	0.22837	0.00425578	0.00635953
128	0.301026	0.0244396	0.00820365	0.00974893	0.0118292	0.0244289	0.00698531	0.0262986	0.0114071	0.0615561	0.0199416	0.00730186	0.00809711	0.0221072	0.0146567	0.138733	0.132724	0.164645	0.00195955	0.00391118
129	0.0208021	0.000468321	0.000558146	0.003495	0.0642976	0.00633016	0.00239569	0.192614	0.00388772	0.425686	0.0613358	0.00243312	0.00521283	0.00280259	0.00980843	0.00782347	0.00850601	0.168642	0.005069	0.00783243
130	0.112005	0.056157	0.0517385	0.0137677	0.00949826	0.136526	0.0124402	0.0102969	0.0241766	0.0134971	0.0107753	0.121613	0.0390757	0.0194178	0.0398371	0.266377	0.0411394	0.0129855	0.00256361	0.00611133
131	0.035685	0.00885868	0.0427384	0.0836496	0.00162602	0.0389945	0.0219209	0.0156401	0.290569	0.0176411	0.0150828	0.0696898	0.00449413	0.0516629	0.195599	0.048439	0.0370314	0.0163512	0.00239065	0.00193556
132	0.0115418	0.00442885	0.506316	0.0483113	0.00257424	0.0222448	0.062614	0.00480057	0.019875	0.0037561	0.00226408	0.221095	0.0120127	0.0178126	0.00460634	0.0255069	0.00729583	0.0103407	0.000931892	0.0116715
133	0.0767697	0.00687465	0.0239914	0.0182145	0.0112181	0.232986	0.100322	0.00922533	0.0717957	0.0123978	0.0085403	0.0547117	0.017941	0.0501415	0.113604	0.119167	0.0207029	0.0153073	0.00351453	0.0325747
134	0.0251969	0.0031823	0.0260674	0.0452181	0.00442066	0.00699213	0.00734543	0.0102632	0.0165306	0.0235936	0.0277199	0.0408267	0.0102699	0.0268952	0.0336131	0.42346	0.251381	0.0128299	0.00172039	0.00247309
135	0.00498333	0.0185742	0.00192842	0.00209782	0.320304	0.00237333	0.0570932	0.0117176	0.00836085	0.12046	0.0148345	0.00813227	0.00727444	0.00251881	0.0170596	0.01391	0.00879385	0.00909464	0.0463354	0.324154
136	0.0208186	0.000463463	0.000555651	0.0034419	0.0639838	0.00637561	0.00237238	0.1925	0.0038885	0.426398	0.0609609	0.00241681	0.00512726	0.00280875	0.00980856	0.00779686	0.00854022	0.168916	0.00506828	0.00775852
137	0.0198053	0.00459	0.000711791	0.00422706	0.0288842	0.0033935	0.0014385	0.243646	0.00198944	0.233633	0.034341	0.00126395	0.00205229	0.00339519	0.00480525	0.00684388	0.0117146	0.388422	0.00213803	0.00270488
138	0.0470073	0.00975501	0.0125618	0.00344069	0.146431	0.00586696	0.0263442	0.114087	0.0047784	0.133623	0.00691066	0.00619855	0.00422303	0.0129821	0.00528153	0.0516495	0.089598	0.243405	0.00107017	0.0747863
139	0.321336	0.0429356	0.00452025	0.0079999	0.00580642	0.0263977	0.00300543	0.0252762	0.00556448	0.0438725	0.0136135	0.00468286	0.00423454	0.0072012	0.00711122	0.164295	0.11803	0.190257	0.00104864	0.00281201
140	0.0331557	0.00889316	0.0893221	0.167363	0.00629466	0.0363761	0.0597582	0.0208233	0.151006	0.0217593	0.0141801	0.0526385	0.0226385	0.0629387	0.120308	0.0451841	0.0392085	0.033459	0.00294458	0.0117482
141	0.0718698	0.12254	0.0214046	0.0147824	0.0129371	0.154692	0.0148131	0.0124706	0.0204816	0.0212448	0.0138803	0.0360113	0.0184429	0.0186546	0.0256286	0.203946	0.101736	0.0657643	0.00593633	0.0427644
142	0.0944023	0.152723	0.0200912	0.00858233	0.0267539	0.24378	0.00798563	0.0071485	0.0113036	0.0336542	0.0287285	0.104655	0.00944239	0.0348721	0.0152708	0.157285	0.0193755	0.0141762	0.00265092	0.00711959
143	0.0400443	0.00677207	0.00862925	0.0186902	0.00492099	0.0219232	0.00994895	0.0574012	0.23243	0.0532022	0.0632577	0.0183161	0.00935144	0.0161552	0.308524	0.0631181	0.0330169	0.0268755	0.00505987	0.00236262
144	0.0213499	0.00704062	0.000816501	0.00481702	0.0129231	0.00232657	0.00104143	0.280315	0.00111977	0.105436	0.0196223	0.00094543	0.000822342	0.00357666	0.00197901	0.00651303	0.0146878	0.513857	0.000395906	0.000414618
145	0.0312991	0.0013886	0.0226562	0.00615885	0.0588826	0.00741318	0.0564991	0.0380827	0.0428817	0.245462	0.120792	0.0243558	0.0107904	0.0317414	0.0338957	0.0669677	0.0650424	0.0956693	0.0135195	0.0265011
146	0.0241411	0.00525705	0.0154136	0.0361554	0.00498151	0.0296363	0.0108561	0.013199	0.293376	0.0267394	0.0236232	0.0251692	0.00326278	0.0315188	0.378253	0.0470331	0.0168521	0.00759147	0.00563454	0.00130674
147	0.00501623	0.0185924	0.00193819	0.00210508	0.319605	0.00235314	0.057064	0.0117677	0.00844489	0.121058	0.0149596	0.00811725	0.0072434	0.00252119	0.0170112	0.0139797	0.00878179	0.00909821	0.0462372	0.324105
148	0.0273081	0.00933535	0.0184261	0.0332611	0.041642	0.0330399	0.0176094	0.0149415	0.0718405	0.0556146	0.0129226	0.0828154	0.0277355	0.0479633	0.097918	0.0648465	0.0265726	0.0222673	0.259697	0.0342432
149	0.0251041	0.00220541	0.000714148	0.00345252	0.0482878	0.00640428	0.00227185	0.21768	0.00330454	0.334162	0.047627	0.00233647	0.00405691	0.00301856	0.00739681	0.00760632	0.0126337	0.262592	0.00349591	0.00564947
150	0.0298777	0.00568418	0.0668579	0.10284	0.00134707	0.0458803	0.0222837	0.0110384	0.277026	0.0113569	0.0105993	0.0675958	0.00339325	0.0665115	0.190757	0.0445855	0.0265646	0.0131171	0.00151933	0.00116447
151	0.0495387	0.00519259	0.104738	0.0968099	0.00363348	0.302585	0.0139286	0.00526433	0.051091	0.00725041	0.00455002	0.038161	0.0794508	0.0301319	0.0263282	0.105215	0.0429844	0.0233684	0.00323845	0.00653909
152	0.0712524	0.00346492	0.116919	0.116476	0.00303576	0.0645292	0.00875185	0.00630016	0.0774958	0.00989456	0.00611042	0.0244815	0.175359	0.0522895	0.0259319	0.145723	0.0451237	0.0370346	0.00130214	0.0085251
153	0.0312991	0.0013886	0.0226562	0.00615885	0.0588826	0.00741318	0.0564991	0.0380827	0.0428817	0.245462	0.120792	0.0243558	0.0107904	0.0317414	0.0338957	0.0669677	0.0650424	0.0956693	0.0135195	0.0265011
154	0.0197532	0.00344891	0.27593	0.335137	0.00383645	0.0253104	0.0201485	0.00205232	0.0309307	0.00995303	0.00157271	0.0916213	0.0116402	0.0651728	0.0173263	0.0298581	0.0413823	0.0129252	0.000644288	0.00135606
155	0.034975	0.0055124	0.000965583	0.00845543	0.011623	0.00788622	0.00195759	0.248302	0.00166223	0.117634	0.027367	0.00122742	0.00112848	0.00639064	0.00352669	0.00823069	0.0175609	0.494312	0.000694926	0.000588616
156	0.0212149	0.000698631	0.00123101	0.00369389	0.0973457	0.00649635	0.00279711	0.182515	0.00425238	0.398736	0.0596444	0.00277386	0.00526935	0.00293896	0.00994393	0.00861252	0.00953343	0.165963	0.00823147	0.00810859
157	0.365147	0.0296857	0.0032926	0.007231	0.00550574	0.024336	0.00196229	0.0215003	0.00374396	0.0496588	0.0157897	0.00311272	0.00309532	0.00702645	0.00431845	0.139459	0.121972	0.190744	0.000902719	0.00151658
158	0.0242491	0.0097149	0.139138	0.177893	0.00289619	0.00781295	0.0568243	0.0393656	0.0651331	0.0237351	0.0246819	0.0275434	0.0367464	0.110877	0.0648476	0.0163608	0.0615129	0.0687011	0.000959697	0.0410065
159	0.0248106	0.00402928	0.000793597	0.00421012	0.032615	0.00511331	0.00179146	0.236238	0.00229901	0.247389	0.0371961	0.00155945	0.00263397	0.00356282	0.00532006	0.00739402	0.0125102	0.364719	0.00242371	0.00339199
160	0.0361634	0.00674208	0.0838987	0.0650016	0.0105022	0.0165315	0.0936935	0.0211782	0.0382928	0.0567395	0.0260824	0.0285389	0.185899	0.0813171	0.0480186	0.0526326	0.0906734	0.0376465	0.00366275	0.016785
161	0.0606836	0.00633544	0.0227083	0.0347161	0.00960901	0.342297	0.0171154	0.0232242	0.0685482	0.0190137	0.0117668	0.0277519	0.0281927	0.0175686	0.0534623	0.0639783	0.0466698	0.0883643	0.051692	0.00630219
162	0.00498587	0.0186304	0.00192586	0.00208743	0.31998	0.00235363	0.0569447	0.0117334	0.00830518	0.120432	0.014765	0.00811196	0.00725304	0.0025194	0.0170472	0.013852	0.00878193	0.00907446	0.0464639	0.324753
163	0.139931	0.00519341	0.010335	0.0109328	0.00928951	0.0252009	0.0186932	0.0251134	0.0309158	0.0734279	0.0625956	0.0181807	0.395171	0.015439	0.0346077	0.0505685	0.0322563	0.0346741	0.00305402	0.00442032
164	0.0311957	0.00707895	0.279553	0.13773	0.00784086	0.0391164	0.0313737	0.0158511	0.0397442	0.0185456	0.0102194	0.0972661	0.0257315	0.0476988	0.0340827	0.0617464	0.0698972	0.0322329	0.00185639	0.0112395
165	0.0398166	0.0102656	0.0575181	0.0432262	0.00758853	0.0371324	0.0228236	0.0135504	0.0471889	0.023547	0.0195116	0.109098	0.0257356	0.0232644	0.0416842	0.180341	0.263319	0.0221271	0.00527991	0.0069819
166	0.0219455	0.00698176	0.0009126	0.00494983	0.0132722	0.00246529	0.0011693	0.27888	0.00130137	0.106083	0.0198602	0.000995401	0.000902812	0.00364965	0.00218535	0.00684204	0.0151527	0.511301	0.000479453	0.000671099
167	0.0288429	0.00773107	0.0190606	0.0523868	0.00474168	0.0298054	0.0193142	0.014164	0.26513	0.0252913	0.0232205	0.0310963	0.00464128	0.0309631	0.346705	0.0548	0.0241674	0.010997	0.00541071	0.00153098
168	0.0970184	0.0182161	0.0103814	0.00755993	0.0118157	0.0094342	0.0100966	0.126858	0.0699511	0.135973	0.111203	0.00792708	0.0152261	0.00851994	0.0956326	0.0888136	0.0674788	0.100042	0.0028245	0.00502816
169	0.0341025	0.00134154	0.0054155	0.00949938	0.00148375	0.00356469	0.011617	0.00294818	0.0104427	0.00430763	0.0182496	0.073994	0.0228875	0.00363065	0.00508286	0.292515	0.483872	0.0133121	0.000548135	0.00118527
170	0.0667882	0.00281406	0.147963	0.1488	0.00332892	0.071977	0.00856015	0.0061828	0.096617	0.00489587	0.00362065	0.0132107	0.138782	0.0568987	0.0196089	0.128203	0.0292299	0.0395638	0.00119208	0.0117634
171	0.0320017	0.0061052	0.0540492	0.0918046	0.00114782	0.0469475	0.0192275	0.0111312	0.292778	0.0123596	0.0115406	0.078183	0.00322076	0.0589245	0.195309	0.0414746	0.0287812	0.012197	0.0017204	0.00109671
172	0.0227235	0.00976287	0.0569642	0.0311623	0.00335101	0.60887	0.0269159	0.00430137	0.0290803	0.00684047	0.00260888	0.065639	0.0101559	0.00650259	0.0306929	0.0534693	0.0185463	0.00746035	0.00244929	0.00250345
173	0.0199064	0.00256084	0.268744	0.311557	0.00273971	0.0285611	0.0230408	0.00166749	0.0338429	0.0105881	0.001191	0.10393	0.0113989	0.070137	0.019115	0.0324182	0.0462471	0.0104051	0.000488491	0.00146205
174	0.00498587	0.0186304	0.00192586	0.00208743	0.31998	0.00235363	0.0569447	0.0117334	0.00830518	0.120432	0.014765	0.00811196	0.00725304	0.0025194	0.0170472	0.013852	0.00878193	0.00907446	0.0464639	0.324753
175	0.0263823	0.00959886	0.0118946	0.0248786	0.0932585	0.0362797	0.0223855	0.0217608	0.0447229	0.0837491	0.015644	0.0440973	0.023769	0.0342285	0.0762423	0.0549058	0.0251422	0.034336	0.23297	0.083754
176	0.0215619	0.00671965	0.000795784	0.00471304	0.014523	0.00258911	0.00109911	0.277523	0.00121265	0.117588	0.0209408	0.00102909	0.00100486	0.00354659	0.00224981	0.00657652	0.0145155	0.500616	0.00055263	0.000642801
177	0.175466	0.0102987	0.0168335	0.0104843	0.0102275	0.43606	0.00843163	0.0060053	0.0225359	0.00832452	0.00538195	0.0164061	0.0337501	0.020157	0.0302498	0.116235	0.0347522	0.0279272	0.00651838	0.00395554
178	0.020748	0.000452153	0.000555422	0.00349103	0.0643447	0.00633829	0.00239826	0.192702	0.00390207	0.425772	0.0613528	0.00242505	0.00516711	0.0028182	0.00982858	0.00777244	0.00848944	0.16851	0.00508057	0.00785217
179	0.0393741	0.0051038	0.184246	0.0386328	0.0139642	0.0227227	0.157866	0.0160867	0.0347371	0.013476	0.0052107	0.25405	0.0152592	0.044625	0.022263	0.0503911	0.0183432	0.00970943	0.00169367	0.0522441
180	0.13867	0.0845389	0.0110105	0.00505201	0.00446951	0.0805774	0.00415057	0.0120381	0.0176544	0.00709809	0.00459001	0.0505232	0.075081	0.00771519	0.0518427	0.380066	0.0489251	0.010652	0.00143258	0.00391245
181	0.039797	0.0180372	0.0247387	0.0660531	0.00759608	0.0285108	0.0615959	0.0252602	0.248175	0.038264	0.0158338	0.0311089	0.0133003	0.0220599	0.26033	0.0373238	0.026355	0.0304199	0.00283086	0.00240898
182	0.0355524	0.0189871	0.0250952	0.0524205	0.015194	0.0265306	0.0766624	0.0193776	0.211875	0.0467301	0.0150964	0.0152119	0.00988345	0.0131376	0.333025	0.0334834	0.0153729	0.0301525	0.00384691	0.00236538
183	0.0144715	0.00443257	0.00785576	0.0303656	0.0357925	0.0109659	0.00765082	0.00725672	0.0779624	0.073325	0.00882609	0.0634385	0.0299264	0.0622293	0.143016	0.0653519	0.0131763	0.00995321	0.30846	0.0255432
184	0.0212	0.000494541	0.000564302	0.00363206	0.0646773	0.00632841	0.00255777	0.192032	0.00396738	0.42401	0.0622866	0.00244482	0.00530611	0.00279092	0.0099466	0.00785706	0.00848343	0.168436	0.00503848	0.00794627
185	0.023784	0.00573009	0.0145012	0.0404373	0.00530308	0.0339394	0.0172664	0.0132996	0.291195	0.0314531	0.024269	0.0254933	0.00378755	0.0245989	0.37013	0.0430014	0.0149715	0.00963936	0.00609125	0.00110893
186	0.0461383	0.007853	0.0501448	0.0266732	0.00439098	0.020842	0.0291226	0.0179573	0.186248	0.0288404	0.0306798	0.127011	0.0251041	0.0374823	0.16622	0.0714651	0.0876681	0.0186935	0.00352118	0.0139445
187	0.0563008	0.00304344	0.00377705	0.00375009	0.0989869	0.00938147	0.00510464	0.1591	0.00490741	0.318221	0.036921	0.00824815	0.00679198	0.00563706	0.00680442	0.0226937	0.0377524	0.190778	0.00300342	0.018797
188	0.0267883	0.00173449	0.00190688	0.00323742	0.0893384	0.00740755	0.00371702	0.192381	0.00391658	0.360955	0.0499965	0.00345218	0.00557133	0.00394424	0.00813637	0.0127418	0.0202366	0.184576	0.00404939	0.0159132
189	0.0255218	0.000564416	0.000648977	0.00497126	0.0636043	0.00745082	0.00357145	0.187372	0.00445029	0.409803	0.0653766	0.00265926	0.00513262	0.00311195	0.0113079	0.00883097	0.00973035	0.171866	0.00464858	0.00937799
190	0.02108	0.00494796	0.0128169	0.0287887	0.00652849	0.0491238	0.0100091	0.0124007	0.251256	0.0300882	0.044567	0.0423709	0.00538139	0.0235791	0.33936	0.0708437	0.0185426	0.00861395	0.0167742	0.00292737
191	0.0320132	0.00247154	0.00318902	0.0033565	0.11152	0.0101801	0.00495655	0.180595	0.00483364	0.328413	0.043187	0.00556039	0.0069594	0.00467305	0.00729263	0.0165356	0.0340227	0.17629	0.00357142	0.0203792
192	0.087307	0.00603887	0.0131748	0.0137617	0.0132459	0.0763865	0.0447021	0.0195411	0.0525013	0.0834586	0.0808345	0.017794	0.229039	0.0200281	0.0370347	0.0767924	0.0604953	0.0548527	0.00600165	0.00700987
193	0.0338045	0.00105818	0.00181286	0.00417163	0.0800733	0.0130733	0.00341381	0.181581	0.00792043	0.354708	0.05362	0.00786037	0.0141387	0.00403151	0.00863629	0.0126853	0.0182929	0.185927	0.00414486	0.00904606
