257	20
1	0.0723072	0.0808483	0.031038	0.0341783	0.0349947	0.00879871	0.0064806	0.0405262	0.0107598	0.0127553	0.0472431	0.0170569	0.00975731	0.0561146	0.0109293	0.0431121	0.0413415	0.0859664	0.347543	0.00824832
2	0.0314794	0.0162018	0.00093028	0.00353559	0.0163878	0.00354814	0.000958987	0.277608	0.0112378	0.0997751	0.0128252	0.00200045	0.00783402	0.00185122	0.00370873	0.00945523	0.0252896	0.471575	0.00212631	0.00167152
3	0.0421153	0.0182029	0.0102096	0.0200307	0.00763619	0.0121128	0.00886661	0.00905192	0.0423946	0.00402757	0.00248185	0.0335747	0.00846405	0.0106773	0.00782435	0.310564	0.428196	0.0192778	0.000988061	0.00330318
4	0.385383	0.0678712	0.00721575	0.00589169	0.00404394	0.0536217	0.00516393	0.00708198	0.0218031	0.00565691	0.00284151	0.026369	0.00285824	0.0394884	0.00846552	0.250793	0.0720072	0.0163389	0.00123845	0.0158672
5	0.0103338	0.00354087	0.000984637	0.000976644	0.016308	0.00115179	0.000849241	0.171162	0.00338381	0.552529	0.0604017	0.00145762	0.0057504	0.00608024	0.00129849	0.00233929	0.0130307	0.1453	0.000412015	0.00270977
6	0.442642	0.0519968	0.00935764	0.00786164	0.00222885	0.104898	0.0048991	0.019492	0.00431379	0.00650399	0.00214674	0.0120234	0.00206358	0.0148438	0.00380609	0.211298	0.0498993	0.0440015	0.00157664	0.00414718
7	0.28652	0.143761	0.00276447	0.00730121	0.00270669	0.0139151	0.00751484	0.0672309	0.00300576	0.020971	0.00209805	0.00751745	0.00206941	0.00292782	0.00298408	0.107372	0.15938	0.150901	0.00745483	0.00160443
8	0.0820305	0.0171997	0.00740336	0.00903576	0.0183747	0.0389706	0.0170398	0.00991665	0.0212181	0.00625867	0.0124915	0.214738	0.0582202	0.00912155	0.00996489	0.292375	0.128129	0.0107868	0.00258972	0.0341346
9	0.0298433	0.0078021	0.00329179	0.0045921	0.019148	0.0037321	0.00447249	0.158278	0.0287289	0.189802	0.0942707	0.0141458	0.0140717	0.00918344	0.0115377	0.0243982	0.213072	0.160584	0.00339467	0.00565161
10	0.00998484	0.00310038	0.000965316	0.000890295	0.0164673	0.00117137	0.000849525	0.168984	0.00291612	0.556266	0.0608839	0.001445	0.00565959	0.00612784	0.00126951	0.00231175	0.012863	0.144762	0.000408527	0.00267368
11	0.0317791	0.0166154	0.000748736	0.00328498	0.0158054	0.00344517	0.000770466	0.285442	0.0118518	0.109243	0.0133728	0.00154013	0.00810216	0.00144207	0.00357274	0.00799041	0.0234555	0.457828	0.00226517	0.00144475
12	0.0313269	0.0128916	0.0043968	0.0102799	0.00789642	0.00519358	0.00746821	0.0077551	0.0384325	0.00284576	0.00209489	0.0156043	0.00670437	0.00480619	0.00463835	0.355347	0.460805	0.0190796	0.000667851	0.00176586
13	0.496157	0.0444049	0.00925802	0.00648642	0.00118664	0.123058	0.00316188	0.0062033	0.00362675	0.00340192	0.00109342	0.00570404	0.00111298	0.0173248	0.0018035	0.20856	0.0373839	0.0258434	0.000443217	0.00378592
14	0.10569	0.0326322	0.0404489	0.0407169	0.0115206	0.0627718	0.0140752	0.0183008	0.0334557	0.0140862	0.00742555	0.0693046	0.0122988	0.0236531	0.0261203	0.334409	0.108413	0.0294253	0.00286144	0.0123907
15	0.0495457	0.0561977	0.0230092	0.0194494	0.0204613	0.0255475	0.0804367	0.0193154	0.165882	0.0376601	0.011193	0.0429301	0.0140916	0.0599925	0.20351	0.056692	0.0508161	0.0275421	0.0120279	0.0236998
16	0.0349158	0.00769407	0.599297	0.0859968	0.00332032	0.0335689	0.00458436	0.00568102	0.0171567	0.0115408	0.00228883	0.0771808	0.00523084	0.0133556	0.0111082	0.0344062	0.023019	0.0191462	0.000798211	0.00971059
17	0.0176145	0.0100096	0.0124918	0.0256419	0.00254365	0.0477789	0.0410574	0.00885609	0.420329	0.00253474	0.00625491	0.0590988	0.00425287	0.0322872	0.235894	0.0227704	0.0282384	0.0151479	0.000465866	0.00673244
18	0.0291037	0.00551391	0.00215665	0.00774471	0.00880484	0.00284594	0.00797534	0.0080594	0.0469376	0.0024124	0.00138859	0.0112906	0.00703262	0.00276453	0.00346103	0.303897	0.524418	0.022199	0.00062822	0.00136576
19	0.0101026	0.0032413	0.00096316	0.000917816	0.0164445	0.00116779	0.000841334	0.170153	0.00301045	0.552998	0.0604419	0.00144443	0.0056398	0.00610385	0.00131069	0.00231774	0.0129237	0.146876	0.00044816	0.00265366
20	0.00987533	0.0057257	0.00107259	0.000966083	0.0153474	0.00115414	0.000892687	0.184586	0.00511786	0.542735	0.060962	0.00159708	0.00557855	0.00589859	0.00153367	0.00251319	0.0130914	0.137988	0.000518949	0.00284549
21	0.0347763	0.0146538	0.00198172	0.00499439	0.0163327	0.00326755	0.00516693	0.167931	0.028353	0.1806	0.0357537	0.0154483	0.0032496	0.0135946	0.0190523	0.0406078	0.100288	0.297123	0.00715229	0.00967354
22	0.0267318	0.039432	0.010396	0.0112158	0.0434872	0.0193282	0.00797039	0.0121773	0.00726389	0.0353815	0.0187315	0.0147923	0.00941749	0.0178926	0.0426025	0.0205606	0.0396669	0.0397892	0.541724	0.0414388
23	0.0178075	0.00317731	0.0855575	0.0693045	0.00925894	0.0549486	0.0809772	0.00318633	0.258548	0.00321826	0.0027488	0.0864795	0.0235262	0.0503172	0.0980357	0.102634	0.0431335	0.00456117	0.000734528	0.00184575
24	0.0255709	0.0122949	0.00125289	0.00313085	0.0177649	0.00313096	0.00101723	0.253039	0.0110509	0.319875	0.0371479	0.00272449	0.0117555	0.00424203	0.00350042	0.00689129	0.0239408	0.257316	0.00133326	0.00302143
25	0.0794313	0.00369243	0.035624	0.0895318	0.0101805	0.00905575	0.00570841	0.0265433	0.0845105	0.0319316	0.00999972	0.100897	0.0133464	0.0689586	0.0415389	0.134065	0.162376	0.0782349	0.000527226	0.013847
26	0.0184806	0.00322793	0.0851007	0.0692475	0.00953263	0.0566242	0.0812499	0.00329354	0.256586	0.00307657	0.00281025	0.0866091	0.0244576	0.0487052	0.0969144	0.104543	0.0427636	0.00446698	0.000693107	0.00161683
27	0.038735	0.00414724	0.291227	0.29042	0.00306837	0.0396268	0.0141123	0.00929679	0.0224636	0.0151345	0.000875123	0.0757274	0.0224363	0.0291041	0.00457906	0.081718	0.0288154	0.0263452	0.000474694	0.00169354
28	0.0632918	0.0239702	0.0123307	0.0131788	0.0345223	0.0660471	0.00937815	0.215402	0.0231982	0.0828013	0.0165583	0.0194029	0.020613	0.0129094	0.0161653	0.0527637	0.049757	0.250449	0.00483149	0.0124292
29	0.0290978	0.00665115	0.00536583	0.00971818	0.0882262	0.0139791	0.0060285	0.171924	0.0301059	0.122132	0.0146494	0.0113693	0.00522948	0.0251097	0.0338759	0.0339173	0.0581024	0.289532	0.00221707	0.0427691
30	0.408545	0.00552675	0.0122595	0.0112675	0.00374269	0.00652103	0.0108528	0.0121072	0.00580552	0.0270937	0.0388698	0.00916701	0.310571	0.0108452	0.00755744	0.0603966	0.0386695	0.0157382	0.00142119	0.00304312
31	0.0222298	0.0155102	0.033057	0.0262089	0.0213736	0.00291457	0.0932311	0.00921168	0.218205	0.041679	0.00222477	0.0380624	0.00233255	0.131602	0.184614	0.0241045	0.0702094	0.038677	0.00383472	0.0207184
32	0.0162679	0.0100287	0.00148554	0.0197071	0.00124024	0.0413838	0.0323786	0.0101189	0.452464	0.00188648	0.006685	0.0468594	0.000996467	0.0271639	0.268972	0.0106877	0.0261645	0.0175896	0.000302525	0.00761858
33	0.163118	0.0494586	0.00717289	0.00749981	0.00598153	0.00909484	0.00709943	0.0344523	0.00986493	0.0113479	0.0041679	0.012066	0.0070295	0.0343513	0.264702	0.312348	0.0157313	0.0368621	0.00272234	0.00492937
34	0.0325313	0.0247837	0.00475349	0.0103932	0.175026	0.0143265	0.0142399	0.0912846	0.0222697	0.231785	0.146083	0.0415434	0.00757734	0.0111063	0.021085	0.0141959	0.0100862	0.0310104	0.0040103	0.0919087
35	0.0131334	0.0311678	0.0104003	0.0502383	0.00794141	0.00400209	0.145611	0.00557838	0.253281	0.0242125	0.00266577	0.0290928	0.00227943	0.0725735	0.119703	0.0125657	0.171925	0.0167745	0.00159718	0.0252564
36	0.15441	0.037137	0.0323969	0.0149776	0.0116982	0.371556	0.0109202	0.0112716	0.0335294	0.0178627	0.0098688	0.0418167	0.00824181	0.0190616	0.0202054	0.128535	0.0368158	0.0240817	0.00875922	0.00685488
37	0.0610333	0.0272952	0.0349306	0.031715	0.0490928	0.0344405	0.167065	0.0227847	0.0787665	0.0308991	0.017382	0.077306	0.0259146	0.039877	0.0566821	0.0759948	0.0584858	0.0349075	0.0137676	0.0616597
38	0.0997554	0.00889033	0.0101744	0.0259884	0.00517901	0.144262	0.0193413	0.0189661	0.0088388	0.00595753	0.00497714	0.131246	0.00653995	0.00814397	0.0106395	0.436099	0.0343811	0.0123533	0.00201305	0.00625305
39	0.154139	0.0252323	0.0371265	0.0249112	0.0144252	0.106381	0.121306	0.0169275	0.0529223	0.0244512	0.0161706	0.0786897	0.0246152	0.0820149	0.0394317	0.0876246	0.0466217	0.0339398	0.00502603	0.00804359
40	0.0434776	0.0472936	0.00719889	0.0112475	0.247281	0.0123461	0.0309659	0.0769574	0.0132889	0.107377	0.0519133	0.0419122	0.00685294	0.0174813	0.0215692	0.0280654	0.017261	0.0399699	0.00865314	0.168888
41	0.0316791	0.0159031	0.000802599	0.00337722	0.0170359	0.00360492	0.000826067	0.281976	0.0104996	0.0973045	0.0124044	0.00185913	0.00781625	0.00162678	0.00345386	0.00916352	0.024662	0.472416	0.00197847	0.00161134
42	0.0345132	0.0092911	0.0299572	0.141036	0.00381032	0.0254398	0.00766396	0.00675113	0.0334485	0.00720098	0.00253234	0.06929	0.00946007	0.110631	0.0171143	0.302632	0.172031	0.0123304	0.00145939	0.00340662
43	0.0450949	0.0324005	0.43056	0.137827	0.00566567	0.0357991	0.0109687	0.0108885	0.0235257	0.0148193	0.00406397	0.0712215	0.0102574	0.0222557	0.0114651	0.063624	0.0341934	0.024622	0.00310317	0.00764399
44	0.032382	0.0205488	0.00113653	0.00387084	0.0144037	0.00301175	0.000908956	0.274543	0.0154954	0.124162	0.0153649	0.00211266	0.00812251	0.00184479	0.00470552	0.00883491	0.0261652	0.438273	0.00256488	0.00154779
45	0.288998	0.143071	0.00281509	0.00753043	0.00260723	0.0142227	0.00747252	0.0663754	0.00291453	0.0210137	0.00209418	0.00788732	0.00227176	0.00288098	0.00292358	0.112557	0.148988	0.15452	0.00733086	0.00152511
46	0.00998484	0.00310038	0.000965316	0.000890295	0.0164673	0.00117137	0.000849525	0.168984	0.00291612	0.556266	0.0608839	0.001445	0.00565959	0.00612784	0.00126951	0.00231175	0.012863	0.144762	0.000408527	0.00267368
47	0.0926022	0.0202165	0.0218926	0.011079	0.0164643	0.0298873	0.0171562	0.0157821	0.029166	0.00752734	0.0272828	0.165375	0.0134534	0.0125042	0.0196169	0.34359	0.111387	0.0229604	0.00243686	0.0196191
48	0.0745532	0.0106841	0.00831349	0.00938662	0.0476114	0.0160584	0.15055	0.0106078	0.0192718	0.0104731	0.0519729	0.155952	0.0979261	0.0425643	0.0309116	0.142072	0.0557314	0.013595	0.0443618	0.00740246
49	0.0301664	0.00389744	0.682903	0.0768701	0.00160433	0.0270621	0.00169657	0.00315494	0.0117775	0.00738942	0.00115377	0.079954	0.0016879	0.00759011	0.00803516	0.0164707	0.0135035	0.0156135	0.000513265	0.00895593
50	0.145705	0.0475138	0.013817	0.0122241	0.0117657	0.322116	0.00748223	0.00588285	0.0193819	0.0116001	0.00513197	0.0626659	0.00418744	0.0163705	0.0102146	0.214335	0.0625544	0.0173	0.00156031	0.00819187
51	0.11968	0.070371	0.0796974	0.0319643	0.00553798	0.0427047	0.0601864	0.00797848	0.07438	0.0577509	0.0487808	0.163016	0.00859788	0.103675	0.0167979	0.0447171	0.0411087	0.0168068	0.00268425	0.0035642
52	0.0393121	0.0329351	0.00837742	0.00232724	0.227792	0.00597661	0.0713802	0.00494605	0.00303165	0.0326789	0.00778713	0.00998342	0.00200764	0.00528046	0.0111262	0.0364433	0.017001	0.0426079	0.0133233	0.425683
53	0.256684	0.108316	0.0157398	0.0130906	0.0164263	0.0522099	0.0136626	0.047713	0.0195194	0.0757606	0.0182278	0.0230166	0.0093451	0.0168094	0.0157959	0.102699	0.0853196	0.0886388	0.00752864	0.013497
54	0.0108674	0.00371528	0.00098432	0.00095963	0.016841	0.00130994	0.000855146	0.173032	0.00343599	0.540447	0.0589729	0.00152959	0.00564962	0.0060229	0.00149335	0.00277413	0.0135288	0.15437	0.000496099	0.00271421
55	0.0302922	0.00781197	0.00364537	0.00957052	0.00807523	0.00391346	0.00766444	0.00781989	0.0405878	0.00275532	0.00176803	0.0143068	0.00690652	0.00401443	0.00420722	0.345051	0.479569	0.0199922	0.000661114	0.00138838
56	0.479961	0.0442541	0.00884705	0.0077224	0.00146854	0.13397	0.00341061	0.0062055	0.00359517	0.00384649	0.00115666	0.00706121	0.00119657	0.0173448	0.00223859	0.211748	0.0363909	0.0252711	0.000474273	0.00383769
57	0.232759	0.0376943	0.0197491	0.0226178	0.00820575	0.0743789	0.0106545	0.0150616	0.0198063	0.0111207	0.00549018	0.0545047	0.0119611	0.0221308	0.0210276	0.293793	0.0951936	0.0303818	0.00247266	0.010996
58	0.0427245	0.0663891	0.0148915	0.0167453	0.0442338	0.0159475	0.00777063	0.0248895	0.00875919	0.0301241	0.0231052	0.0146961	0.00888319	0.0252176	0.0306802	0.0283307	0.0412757	0.0718573	0.450511	0.0329679
59	0.077924	0.0136154	0.427973	0.0805175	0.00668484	0.0373611	0.0119179	0.0155877	0.0249184	0.0466531	0.00873647	0.0720215	0.0138431	0.021082	0.0154645	0.050457	0.0301668	0.032262	0.00424008	0.00857425
60	0.018511	0.00322941	0.0825918	0.0658717	0.0105781	0.0574847	0.0832936	0.00338372	0.256646	0.00308369	0.0030451	0.0855119	0.025418	0.0488135	0.0951185	0.109378	0.0407563	0.00483738	0.000776373	0.00167057
61	0.0410496	0.00476159	0.246949	0.255406	0.00275103	0.0395967	0.0124704	0.0078111	0.028416	0.0136947	0.000996351	0.0785828	0.0216131	0.0302356	0.00743107	0.112325	0.0705537	0.0230728	0.000451098	0.00183237
62	0.0161678	0.00681346	0.000948096	0.00171102	0.0167845	0.00198665	0.00086935	0.196552	0.00609056	0.436724	0.0472553	0.00161966	0.00635615	0.00512827	0.00238141	0.00475743	0.0167097	0.227447	0.000993653	0.00270426
63	0.0489461	0.0195168	0.0111355	0.0143098	0.0356309	0.0125828	0.0131578	0.120343	0.0431294	0.152824	0.0273831	0.0289779	0.0155955	0.0267184	0.0779197	0.048995	0.0669013	0.204576	0.0113071	0.0200509
64	0.0115146	0.004089	0.00115303	0.00136775	0.0269399	0.00217351	0.0012135	0.169088	0.00379043	0.522188	0.0586752	0.00330688	0.0063321	0.00714811	0.00308381	0.00443688	0.0153181	0.152058	0.00068632	0.00543714
65	0.0172776	0.0315075	0.0066771	0.00710729	0.0684406	0.0298036	0.00945825	0.0110288	0.00840148	0.0623473	0.00819719	0.0169835	0.00678598	0.00966759	0.0683113	0.0169109	0.049903	0.0329805	0.470191	0.0680194
66	0.0272519	0.00391017	0.693743	0.0744215	0.00147555	0.02731	0.00147182	0.00286735	0.0117653	0.007245	0.00107625	0.0801057	0.0012553	0.00739151	0.00780405	0.0138572	0.0133879	0.0148058	0.000479299	0.00837494
67	0.016752	0.00702909	0.00105238	0.00166686	0.0167284	0.00207325	0.000997027	0.199793	0.007167	0.436418	0.0480857	0.00234955	0.00662245	0.00555065	0.00286707	0.00587524	0.0253491	0.209574	0.00104084	0.00300909
68	0.132965	0.00453901	0.0272425	0.0807286	0.00558284	0.00979206	0.00736493	0.0264361	0.0782569	0.0292465	0.0137067	0.127803	0.0152154	0.0857679	0.0450212	0.116144	0.104903	0.0800484	0.00058892	0.00864807
69	0.206413	0.0649439	0.0558485	0.0131546	0.00892151	0.303117	0.0176803	0.0101098	0.0251908	0.0227989	0.0346086	0.0372219	0.00979584	0.0260574	0.0118037	0.0870005	0.0315798	0.0237455	0.00386913	0.00613956
70	0.0953582	0.00261251	0.0202642	0.10945	0.00762546	0.00178096	0.00421794	0.0360173	0.10616	0.043907	0.0141783	0.0843624	0.0118939	0.0822796	0.0555569	0.0876317	0.105538	0.117373	0.000604551	0.0131882
71	0.0286744	0.207486	0.00442496	0.00500354	0.00462547	0.0181269	0.00519524	0.020728	0.00895309	0.00605911	0.00289413	0.00799876	0.00417842	0.00502317	0.00510039	0.443057	0.208438	0.00962659	0.00122186	0.00318478
72	0.0497442	0.0269085	0.0241302	0.0774499	0.0427619	0.00684661	0.0231099	0.0855288	0.0747018	0.0464807	0.00462613	0.0378107	0.00264445	0.0378879	0.00770563	0.0827869	0.157086	0.137652	0.00107296	0.0730648
73	0.028727	0.0271474	0.0368633	0.0100264	0.00818637	0.0036924	0.052573	0.0196811	0.199917	0.0587007	0.002628	0.0289049	0.00194169	0.109929	0.262813	0.0585258	0.0517842	0.0148665	0.00655503	0.0165377
74	0.0226339	0.0253912	0.0355436	0.00852156	0.00725285	0.0033246	0.0480738	0.0182623	0.215517	0.0579201	0.00210116	0.0247361	0.00184012	0.113596	0.269122	0.0573203	0.0563402	0.0125527	0.00659689	0.0133542
75	0.0359137	0.0343616	0.00977485	0.00342779	0.232566	0.00868139	0.0774899	0.0105912	0.00440605	0.0371042	0.0112071	0.0183237	0.00302017	0.00728634	0.0156154	0.0387276	0.0197651	0.0444946	0.0177136	0.36953
76	0.0700503	0.0666618	0.0133006	0.0671186	0.0452157	0.0100575	0.0125447	0.154715	0.0458155	0.0752667	0.0137435	0.0161739	0.00779941	0.0320829	0.00817396	0.0495316	0.0462085	0.233306	0.00694324	0.0252911
77	0.0609642	0.0220538	0.0822097	0.0202126	0.00718787	0.326715	0.00968272	0.00586481	0.0716731	0.00907535	0.00495878	0.0891371	0.00791876	0.0251143	0.0144532	0.165672	0.0563914	0.0131738	0.00203386	0.00550751
78	0.0449908	0.0170712	0.0810662	0.116075	0.0237004	0.0317883	0.11646	0.0177249	0.0679075	0.0175274	0.00955809	0.167359	0.0205823	0.0378942	0.0341048	0.0796958	0.0593594	0.0270984	0.00479202	0.0252438
79	0.048735	0.0075759	0.0463219	0.0909046	0.00137657	0.0406451	0.0068897	0.00191922	0.0553857	0.00616109	0.00073368	0.0845277	0.0118401	0.0458815	0.0233791	0.247621	0.26845	0.010109	0.000329934	0.00121387
80	0.0416101	0.0159309	0.0661699	0.0222773	0.00357923	0.162922	0.0117677	0.00511113	0.14434	0.00606113	0.00265355	0.167596	0.00569118	0.0495906	0.0202155	0.211175	0.0514923	0.00749435	0.00128253	0.00303869
81	0.0391913	0.00594213	0.491638	0.146753	0.00296075	0.0336937	0.00574789	0.00591553	0.0154342	0.00979969	0.00149776	0.0815397	0.0079024	0.0148988	0.00668688	0.0737633	0.0248788	0.0190988	0.000822749	0.0118345
82	0.0293782	0.0128523	0.00313925	0.00827595	0.042142	0.00784582	0.00401134	0.22399	0.0193896	0.167433	0.0244368	0.00963877	0.00694892	0.0119397	0.0138516	0.0243145	0.0488954	0.319094	0.00271221	0.0197106
83	0.0393826	0.0230104	0.0044247	0.0114668	0.135014	0.0180659	0.00675543	0.0912736	0.0312642	0.246345	0.207088	0.0448153	0.0082185	0.00783435	0.0223393	0.0115172	0.00932754	0.0158945	0.00190402	0.0640587
84	0.0927163	0.031581	0.0148649	0.0247548	0.00769195	0.0280948	0.0098523	0.0119418	0.033233	0.0072374	0.00472939	0.0464575	0.00905059	0.0159953	0.010371	0.329883	0.289163	0.0252334	0.00170082	0.005448
85	0.0463901	0.0397124	0.0047626	0.00899622	0.0198353	0.00729871	0.00480732	0.211165	0.021069	0.150636	0.0218261	0.00893412	0.0114319	0.00766315	0.00995829	0.0248344	0.042158	0.346347	0.00538386	0.00679057
86	0.369677	0.0244657	0.052827	0.0161519	0.00414388	0.0498117	0.00903944	0.0146438	0.0120391	0.0107287	0.00846258	0.0514535	0.0152361	0.016375	0.0107138	0.205948	0.0783678	0.042896	0.00121669	0.00580274
87	0.029967	0.0234591	0.00510983	0.0218783	0.203903	0.0135161	0.00928175	0.127656	0.0193867	0.182548	0.142828	0.0512824	0.00914509	0.0144911	0.0215429	0.0165896	0.0128541	0.0322655	0.00298863	0.0593058
88	0.117161	0.0179519	0.121886	0.0652392	0.0061723	0.0464715	0.0161889	0.0138965	0.0379387	0.0385604	0.00974145	0.122029	0.0165149	0.0361396	0.0211479	0.208988	0.0632381	0.0308358	0.0028943	0.00700444
89	0.22801	0.00623294	0.0215527	0.0051996	0.0197135	0.0228561	0.0046988	0.0834165	0.0336431	0.0285181	0.00453435	0.0271428	0.227704	0.00755885	0.0268794	0.0461128	0.0593403	0.142488	0.001469	0.00292894
90	0.0497736	0.00924199	0.505913	0.0509497	0.00297683	0.0322476	0.00960967	0.00613666	0.0398139	0.0111967	0.00505731	0.127663	0.00443076	0.0199854	0.0284776	0.0439126	0.0258265	0.0185215	0.00120811	0.00705706
91	0.0363249	0.0123613	0.00579579	0.0129725	0.0679864	0.0126231	0.00645883	0.228036	0.0242247	0.111807	0.0184932	0.0174205	0.00972683	0.0190284	0.0312566	0.0348173	0.0716763	0.250719	0.00442038	0.0238507
92	0.0343854	0.0173978	0.00117886	0.00351501	0.0193324	0.00425826	0.000889076	0.301891	0.014453	0.140719	0.0189026	0.00177606	0.0113357	0.00247799	0.00425166	0.00804018	0.0215408	0.389308	0.00222897	0.00211906
93	0.0637007	0.0805267	0.0186599	0.0224515	0.062276	0.0454382	0.021338	0.0244612	0.073382	0.0217107	0.0131692	0.0844829	0.00935169	0.024058	0.0230817	0.236942	0.103312	0.0335194	0.0060438	0.0320935
94	0.394378	0.0353324	0.00870919	0.00488543	0.00398841	0.331442	0.00256257	0.00458898	0.00559868	0.00850571	0.00385515	0.00836061	0.00208399	0.0112993	0.00497742	0.117669	0.0256604	0.0230289	0.000789084	0.00228485
95	0.217795	0.0396202	0.00926826	0.00871316	0.00894678	0.405312	0.00419526	0.00422013	0.0075581	0.0123192	0.00398272	0.0236377	0.00206683	0.012493	0.00878052	0.17579	0.031576	0.0182515	0.00145298	0.00402099
96	0.229564	0.0152701	0.0207253	0.0182226	0.0168372	0.0290313	0.0310875	0.0287967	0.0400557	0.0247704	0.0251202	0.0523137	0.132142	0.030395	0.120023	0.073406	0.0475721	0.0521896	0.00448546	0.00799222
97	0.0462984	0.00749005	0.357047	0.196951	0.00321281	0.0387356	0.0103142	0.00725099	0.0230026	0.0126646	0.00185957	0.0770763	0.013799	0.0236199	0.00840695	0.102424	0.0432842	0.0213584	0.000788762	0.00441671
98	0.0168901	0.0109476	0.00123314	0.0187893	0.00115647	0.0463968	0.0319811	0.00983378	0.452154	0.001626	0.00630469	0.0507409	0.00092437	0.0259937	0.265706	0.0105634	0.0243013	0.0164678	0.000304788	0.00768538
99	0.0402009	0.00717031	0.00709623	0.0193394	0.00796405	0.00678602	0.014701	0.0138578	0.0458716	0.00402715	0.00255812	0.0205116	0.0135757	0.00708711	0.00634772	0.291342	0.460589	0.0277399	0.000878837	0.00235582
100	0.0363731	0.0128295	0.00306811	0.00668794	0.0489195	0.0165251	0.0035215	0.316246	0.0163643	0.106082	0.0160594	0.00567858	0.00917042	0.00959093	0.0107085	0.0254039	0.0302278	0.313158	0.00198031	0.0114046
101	0.0207756	0.0103635	0.00338846	0.0211522	0.00221812	0.0372937	0.0314409	0.0113467	0.418687	0.00428465	0.0117291	0.0452445	0.00462628	0.0296192	0.280062	0.0146787	0.027049	0.0178382	0.000676479	0.00752584
102	0.0250589	0.0100877	0.00128868	0.0029589	0.0159159	0.00234639	0.00214828	0.195783	0.0147091	0.328892	0.0432722	0.00612194	0.0058569	0.00781502	0.00828431	0.0153276	0.04985	0.256748	0.00284919	0.00468633
103	0.0180414	0.0323534	0.007903	0.0069017	0.0762872	0.0276745	0.012284	0.0102533	0.00714946	0.0522325	0.00941196	0.0149563	0.00638056	0.00925064	0.0644722	0.0176277	0.0451574	0.0348986	0.468604	0.0781601
104	0.099591	0.0281559	0.0246468	0.0322492	0.0153956	0.0278678	0.0136075	0.014329	0.0427401	0.0138019	0.00959526	0.144021	0.0139562	0.0310496	0.0204051	0.177502	0.244895	0.0256928	0.00367223	0.0168271
105	0.0472675	0.0179782	0.00631469	0.0142355	0.0345561	0.0328751	0.00676947	0.233497	0.0170918	0.0717263	0.0155952	0.0148846	0.0121564	0.0125437	0.014776	0.070661	0.103863	0.256801	0.00280716	0.0136008
106	0.0716724	0.0353742	0.0230319	0.00938087	0.0161578	0.00857817	0.0070255	0.112217	0.084177	0.237151	0.0556125	0.0192901	0.00974902	0.0118218	0.0338626	0.0256164	0.0404974	0.184361	0.00379015	0.0106334
107	0.415581	0.0378437	0.00862682	0.00484044	0.00334925	0.287043	0.00292697	0.00458411	0.00532655	0.00685291	0.00319859	0.00831304	0.00192166	0.0134621	0.00386401	0.136143	0.0308788	0.0218735	0.000783132	0.00258771
108	0.0227253	0.00535697	0.191841	0.315042	0.00892143	0.0133293	0.0388591	0.0229905	0.0490765	0.00918555	0.00349911	0.0458673	0.00972496	0.11598	0.00725376	0.0282031	0.0478975	0.0591614	0.00171876	0.00336713
109	0.0743263	0.118838	0.0400098	0.0924264	0.0367786	0.0261271	0.0224044	0.0613767	0.0382645	0.105477	0.024896	0.0408804	0.0135963	0.0320341	0.0254448	0.0682398	0.0550167	0.0815826	0.0197071	0.022573
110	0.0796861	0.0191404	0.0147043	0.0127638	0.020848	0.0149773	0.0107858	0.0357055	0.135658	0.10544	0.19816	0.0640314	0.0523342	0.0141838	0.0199241	0.0296483	0.0368766	0.11586	0.00673177	0.0125398
111	0.0423654	0.0345273	0.00824948	0.00218213	0.22744	0.00597601	0.0703062	0.00517449	0.00312498	0.0316815	0.00768383	0.00987952	0.0022028	0.00529234	0.0107403	0.0367691	0.0170673	0.0438651	0.0130216	0.42245
112	0.0531081	0.00810345	0.0665635	0.124446	0.00555927	0.0247409	0.00911559	0.0127939	0.053401	0.0149668	0.00431092	0.0805758	0.0111964	0.0452764	0.022072	0.189227	0.215979	0.0502976	0.000684832	0.00758174
113	0.0312759	0.0109426	0.00371339	0.00756312	0.0624413	0.0162875	0.00467201	0.218633	0.0209444	0.167038	0.0332606	0.0109633	0.0079141	0.0178129	0.0170851	0.0322296	0.0491665	0.267068	0.00277282	0.0182153
114	0.163758	0.0480475	0.0085953	0.00690855	0.0117713	0.475242	0.00338292	0.00290435	0.00798068	0.0154291	0.00445321	0.0230632	0.00217063	0.0148684	0.00915628	0.150298	0.028436	0.0183397	0.00134367	0.00385108
115	0.0578389	0.0264369	0.0329348	0.0357111	0.0471873	0.0307808	0.167753	0.0218024	0.0845127	0.029582	0.0153528	0.0806033	0.0276123	0.0388656	0.0612011	0.0755324	0.059282	0.0371772	0.014461	0.0553729
116	0.0497426	0.0081361	0.0463391	0.0826349	0.001136	0.042636	0.00726704	0.00187752	0.0505974	0.00609312	0.000729219	0.0904	0.0113083	0.044339	0.0236189	0.262719	0.259786	0.0092819	0.000293183	0.00106533
117	0.0268811	0.00401116	0.682654	0.0820853	0.00176193	0.0320897	0.00198233	0.00299357	0.0112575	0.0072093	0.00106065	0.0758423	0.00185705	0.00862681	0.00733654	0.0150141	0.0132291	0.0158591	0.000430481	0.00781785
118	0.0364503	0.0623606	0.012768	0.0149275	0.0436321	0.0175301	0.00814213	0.0171222	0.00749127	0.0319383	0.022872	0.0160366	0.0087754	0.0236095	0.0336306	0.0247501	0.0395318	0.0509312	0.494246	0.0332541
119	0.0360232	0.0149459	0.00122163	0.00430746	0.0229677	0.00558052	0.00115628	0.278807	0.0102869	0.0904091	0.0123139	0.00310748	0.00812988	0.00302538	0.00502177	0.013012	0.0312882	0.453461	0.00191011	0.00302423
120	0.0801057	0.0273573	0.0287261	0.0450985	0.00550215	0.0275929	0.00891459	0.00878328	0.0411913	0.00880688	0.00491082	0.071868	0.0108506	0.0324536	0.0350455	0.306959	0.229202	0.0204559	0.00103327	0.00514242
121	0.173964	0.102912	0.0128642	0.00997116	0.0103023	0.0194211	0.0107231	0.00856171	0.0512025	0.00851401	0.007541	0.140365	0.00530128	0.0470876	0.021183	0.187941	0.157445	0.0110588	0.00142844	0.0122128
122	0.0337776	0.0126856	0.00294819	0.00782193	0.0416089	0.00912533	0.00392935	0.233069	0.0170374	0.102567	0.0161943	0.00794164	0.00616081	0.0102139	0.0124002	0.028871	0.0501343	0.386951	0.00249436	0.0140684
123	0.0470061	0.0548098	0.0295841	0.0128553	0.0159261	0.0109384	0.0352157	0.0220236	0.127617	0.0681235	0.00581855	0.0341397	0.00761625	0.0963597	0.236231	0.102579	0.0460442	0.0226612	0.00761791	0.0168333
124	0.0284977	0.0149853	0.0073208	0.0129525	0.143912	0.0156539	0.00959563	0.17987	0.020834	0.120614	0.0223451	0.0238411	0.0165538	0.0216037	0.0250935	0.0374925	0.0350099	0.208162	0.00258892	0.0530733
125	0.227722	0.0582795	0.0163584	0.0124225	0.00767529	0.0210955	0.00917534	0.0832645	0.0143252	0.018815	0.00786098	0.0554436	0.0120841	0.00993257	0.0150252	0.187286	0.102424	0.131394	0.00392164	0.00549466
126	0.0783414	0.0171473	0.0258849	0.0232602	0.0179002	0.0295252	0.0318095	0.0299323	0.0476702	0.0392356	0.0167702	0.0669982	0.191745	0.0346184	0.103519	0.131277	0.0569063	0.0437486	0.00572367	0.00798623
127	0.0900509	0.0094603	0.062065	0.0138905	0.0063833	0.0107149	0.00753079	0.0350743	0.0351199	0.0100751	0.026894	0.215506	0.00799026	0.0162758	0.0506213	0.279846	0.0574809	0.0573289	0.00205566	0.00563596
128	0.198077	0.00825354	0.0460416	0.0131275	0.0034678	0.0495205	0.0434206	0.00705891	0.0656311	0.0293642	0.00756055	0.143935	0.036231	0.0873772	0.0321144	0.0874883	0.0690645	0.0674911	0.00170978	0.0030656
129	0.0853896	0.0116819	0.0179695	0.0159892	0.0135348	0.0142924	0.00873104	0.0599077	0.0251971	0.117027	0.0126643	0.0897828	0.201094	0.0227163	0.0523525	0.0977073	0.0488662	0.0942699	0.00297204	0.00785457
130	0.0350394	0.0131211	0.00219823	0.00547629	0.018758	0.00375483	0.00585163	0.160943	0.0295495	0.180206	0.0377492	0.0177316	0.00309967	0.0156092	0.0210315	0.0425684	0.122366	0.266082	0.0063537	0.0125092
131	0.0234572	0.0153781	0.00545357	0.010012	0.174371	0.0157898	0.00946029	0.166292	0.0185534	0.13288	0.026007	0.0328036	0.00982141	0.0233654	0.0347467	0.0294001	0.0308492	0.190636	0.00293787	0.0477869
132	0.054716	0.0278444	0.00143289	0.00516587	0.0160733	0.00495226	0.00140913	0.250963	0.0128897	0.0960593	0.0134556	0.00361019	0.00763322	0.00292709	0.00462861	0.0221119	0.0363114	0.433011	0.00264896	0.00215633
133	0.045261	0.0235756	0.0139413	0.0241327	0.00791382	0.0172717	0.00959444	0.00967749	0.0384779	0.00607987	0.00349262	0.0378847	0.00809419	0.0135059	0.00878138	0.323573	0.383157	0.0194413	0.0013581	0.00478586
134	0.478154	0.050587	0.0120564	0.0056906	0.00175711	0.162477	0.00341248	0.00544049	0.00384774	0.00444266	0.00222155	0.00592458	0.00129878	0.0149757	0.00247233	0.180436	0.0332165	0.0274891	0.000463605	0.00363709
135	0.108237	0.0215081	0.0214524	0.0383287	0.00978745	0.228291	0.0105201	0.00932589	0.0171936	0.00973587	0.00336309	0.0612074	0.00454465	0.0174376	0.0324917	0.324758	0.0510262	0.0192702	0.00331768	0.00820418
136	0.0553314	0.0266556	0.013476	0.0130901	0.0336395	0.0173835	0.0681625	0.0177202	0.0215952	0.0232545	0.0767001	0.103658	0.0842323	0.0313651	0.0328088	0.0612011	0.0463254	0.0342462	0.227904	0.0112506
137	0.0507583	0.012492	0.411812	0.0671637	0.00989491	0.0294219	0.0130244	0.0171155	0.0371085	0.0258174	0.00711697	0.0699867	0.00988059	0.024383	0.0570183	0.0508443	0.0328679	0.0555756	0.00595923	0.011759
138	0.0168603	0.011455	0.00150586	0.0185448	0.0014035	0.0480071	0.0321786	0.00992214	0.447181	0.00234069	0.00626704	0.0519168	0.000977493	0.0260146	0.265341	0.0112455	0.024094	0.0160812	0.000334921	0.00832885
139	0.0353551	0.0129454	0.00219963	0.00534789	0.018202	0.00347442	0.00619449	0.152675	0.0306013	0.184628	0.0397365	0.0185133	0.00289432	0.016462	0.0208312	0.0446646	0.119255	0.26731	0.00705657	0.0116529
140	0.0317307	0.0164471	0.000815472	0.00329521	0.0159714	0.00338441	0.000841968	0.284774	0.0121338	0.124762	0.0154464	0.00179089	0.00841551	0.00186133	0.00368409	0.0083107	0.0249733	0.437443	0.00229022	0.00162851
141	0.016956	0.0124094	0.00608232	0.0202238	0.00196836	0.0354138	0.0332067	0.0117073	0.415072	0.00945444	0.00651081	0.0445211	0.00108747	0.0380614	0.273652	0.0170624	0.0297109	0.0174969	0.00128321	0.00811932
142	0.0246779	0.0589418	0.00832657	0.0063196	0.225572	0.0503974	0.0343031	0.0202501	0.00749635	0.0739816	0.0117365	0.029286	0.00501174	0.0151573	0.0486106	0.0269385	0.0261961	0.0558985	0.0987149	0.172183
143	0.0221901	0.0245135	0.0346698	0.00877641	0.00693363	0.0038691	0.0474456	0.0186389	0.222472	0.0561446	0.002147	0.0245063	0.00177332	0.110713	0.270683	0.0566507	0.0562377	0.0124416	0.00625971	0.0129352
144	0.0272372	0.0236352	0.00201454	0.00365451	0.0145314	0.00368232	0.00153288	0.295705	0.0203647	0.253546	0.0298706	0.00239552	0.00963745	0.00323388	0.00380761	0.00696116	0.0206679	0.273341	0.00170385	0.00247828
145	0.022048	0.00819271	0.00667722	0.0540649	0.00297126	0.0274649	0.0429058	0.014655	0.378354	0.00430579	0.0114488	0.0646825	0.00293634	0.0436702	0.234767	0.0149926	0.0323662	0.0252047	0.000556149	0.0077364
146	0.0868463	0.0466965	0.00428497	0.00336978	0.0430372	0.0275861	0.0229132	0.017579	0.056327	0.0038551	0.0218384	0.184498	0.00726629	0.00802979	0.0165119	0.209525	0.174232	0.0159712	0.000786578	0.048846
147	0.0512151	0.00997586	0.0842497	0.0620087	0.00329446	0.0309687	0.00729733	0.00341541	0.0499463	0.00695278	0.00187562	0.109625	0.00965697	0.0445758	0.0273473	0.208345	0.274371	0.0113309	0.000785328	0.00276284
148	0.0226261	0.045177	0.00487298	0.00987189	0.23989	0.014444	0.0281107	0.0753099	0.0113116	0.161624	0.0573884	0.068925	0.00729841	0.0324783	0.0347124	0.0235027	0.00962956	0.0379366	0.00753214	0.107358
149	0.0479588	0.023954	0.0307102	0.0911557	0.0456545	0.00693326	0.030198	0.0926933	0.0780531	0.0555294	0.004246	0.0421208	0.00218266	0.0351101	0.00629923	0.0766533	0.116717	0.137768	0.000843724	0.0752197
150	0.0700166	0.0136434	0.1552	0.0516173	0.00808579	0.166944	0.0596878	0.00911321	0.126689	0.0127735	0.00791312	0.0680557	0.0200341	0.0345111	0.0662084	0.0714715	0.0342599	0.0164018	0.00210828	0.00526633
151	0.0699833	0.0198694	0.0176645	0.016383	0.0920019	0.0245294	0.165104	0.0233169	0.0354464	0.0254165	0.0346676	0.0852503	0.107488	0.0343352	0.0508969	0.065586	0.0481443	0.0292307	0.0202709	0.0344145
152	0.0503512	0.00821583	0.0464054	0.0825488	0.00113107	0.0430378	0.00728069	0.00187979	0.0505037	0.0061507	0.000727127	0.0906231	0.0111588	0.0440791	0.0234808	0.262128	0.259582	0.00936431	0.000294384	0.00105728
153	0.170956	0.0196508	0.0239725	0.0340157	0.00585456	0.189281	0.0136248	0.0086104	0.0249969	0.0135578	0.00569085	0.11636	0.00890016	0.0471187	0.0322192	0.194946	0.0491577	0.0350472	0.0014738	0.00456551
154	0.0232095	0.0478933	0.00527174	0.0081137	0.237329	0.0136077	0.0295721	0.0477671	0.00759977	0.105512	0.02076	0.0796502	0.00656053	0.0388766	0.0269959	0.0354974	0.0134508	0.0517403	0.00944344	0.191148
155	0.0307941	0.0169512	0.00117503	0.00392501	0.0149582	0.00348786	0.00143766	0.267904	0.0164114	0.14944	0.0215891	0.00369414	0.0077613	0.00366501	0.00755734	0.0131079	0.0344617	0.394355	0.00429097	0.00303289
156	0.0797642	0.0316685	0.0053428	0.00495327	0.0353245	0.024198	0.0184077	0.0124563	0.0369169	0.00442958	0.015493	0.23443	0.019693	0.00836132	0.0123864	0.235663	0.162698	0.0126949	0.00146016	0.0436579
157	0.246655	0.170574	0.00294901	0.00723858	0.00244178	0.0148764	0.0129808	0.0414968	0.00358063	0.0249904	0.00219051	0.00642701	0.00228412	0.00348061	0.0033682	0.133203	0.199334	0.11333	0.00668728	0.00191186
158	0.0333618	0.0193278	0.00116106	0.0040741	0.0141776	0.00298137	0.00115367	0.270005	0.0181088	0.134746	0.0180193	0.00287894	0.00834274	0.00293282	0.00580537	0.0108809	0.0323869	0.414468	0.00307118	0.00211662
159	0.434564	0.0614512	0.00735923	0.00567777	0.00192006	0.0743391	0.00393856	0.00671283	0.0124609	0.00575594	0.00157185	0.0198098	0.00203185	0.0354185	0.00509223	0.219704	0.0733677	0.0205564	0.000946712	0.00732177
160	0.0380961	0.0177638	0.00139448	0.00390639	0.0211741	0.00474808	0.00118101	0.302574	0.0143218	0.126803	0.0174891	0.0025006	0.0136465	0.00288128	0.00463305	0.00918682	0.0228179	0.390171	0.00223101	0.0024805
161	0.116884	0.0339898	0.0246332	0.0300362	0.0117793	0.0379075	0.0138145	0.0110725	0.0391138	0.00943121	0.00882878	0.142987	0.0129474	0.0287868	0.0181454	0.261537	0.162538	0.0195517	0.0016264	0.0143895
162	0.0992128	0.0172958	0.0398708	0.0288146	0.0146742	0.101502	0.0269725	0.0308609	0.0351598	0.0290067	0.0175565	0.055999	0.223075	0.0287622	0.0365309	0.0900667	0.0581962	0.0489076	0.00825336	0.00928215
163	0.0399212	0.00821431	0.460111	0.0748474	0.00214797	0.0711642	0.00492941	0.00469262	0.0366613	0.00829319	0.00252231	0.118251	0.00510367	0.017915	0.0102234	0.0889	0.0243351	0.0142573	0.00100086	0.00650919
164	0.267205	0.0417266	0.0143733	0.0100783	0.00919303	0.347717	0.0060031	0.00921338	0.012786	0.0328435	0.0078863	0.0220196	0.00729303	0.0161178	0.010576	0.115039	0.034069	0.0264618	0.00330376	0.00609433
165	0.047129	0.00814232	0.0457781	0.0851648	0.00138771	0.0442456	0.00742788	0.00249204	0.0533117	0.00645628	0.000747894	0.0891319	0.0119018	0.047067	0.023849	0.264005	0.250701	0.00959557	0.000329695	0.0011362
166	0.0194549	0.0110298	0.0023861	0.00542287	0.0583851	0.00521868	0.00344449	0.175	0.012712	0.404961	0.0842266	0.014661	0.0145759	0.0085283	0.00848823	0.00908871	0.0197701	0.114914	0.00141676	0.0263152
167	0.11585	0.0718832	0.00886616	0.0181755	0.0414072	0.0111596	0.00571599	0.202565	0.0186433	0.0703867	0.0372978	0.0144115	0.0429704	0.013576	0.0104046	0.0267049	0.0349864	0.240113	0.00844632	0.00643706
168	0.405813	0.0510448	0.0125795	0.0100045	0.00459052	0.116278	0.00617309	0.0133159	0.0091347	0.00960176	0.00313286	0.019443	0.00579835	0.0169954	0.00593778	0.19184	0.0638591	0.0467629	0.00159276	0.00610163
169	0.115595	0.0381167	0.018547	0.0250544	0.0120519	0.0292298	0.0359259	0.0166157	0.0343762	0.0131372	0.00792918	0.0665668	0.0134976	0.0188018	0.0148091	0.246243	0.246792	0.0319144	0.003331	0.0114661
170	0.328505	0.0494333	0.00992773	0.00635321	0.00549988	0.323119	0.00329623	0.00474323	0.00644202	0.00935234	0.0034324	0.013351	0.00165639	0.0162257	0.0061751	0.15249	0.0332957	0.0219357	0.00103856	0.00372678
171	0.0697385	0.0138503	0.158564	0.0932968	0.0108805	0.189171	0.0241712	0.016554	0.0459267	0.0216601	0.00883508	0.0570644	0.0727203	0.025834	0.0240811	0.0793996	0.0470456	0.0306838	0.00291694	0.00760627
172	0.0171333	0.0102477	0.00503564	0.0217354	0.0024582	0.0325828	0.034624	0.0112341	0.422653	0.00656122	0.00599361	0.0441597	0.00115455	0.0404192	0.264225	0.0135879	0.0340769	0.0227413	0.00105188	0.00832382
173	0.0333138	0.00559493	0.618153	0.0893911	0.0026391	0.0291377	0.00448156	0.00731829	0.0154622	0.00881407	0.00201884	0.0777751	0.00543181	0.0123121	0.00938535	0.028514	0.0216552	0.0203545	0.000580113	0.00766784
174	0.0862153	0.0513726	0.00740891	0.00499651	0.0327527	0.0853887	0.0256484	0.0138674	0.0507181	0.00523886	0.0230739	0.156948	0.00754426	0.00911964	0.0134852	0.220943	0.143847	0.016351	0.00151075	0.0435705
175	0.0854404	0.00495368	0.0242903	0.101603	0.0122	0.00156674	0.00739664	0.045255	0.107887	0.0444746	0.0123856	0.080324	0.00902215	0.0764688	0.041683	0.0936875	0.112366	0.116201	0.000436935	0.0223572
176	0.0367952	0.0155338	0.00152347	0.00420272	0.016517	0.00370674	0.0029489	0.236632	0.019881	0.15018	0.0261891	0.00888738	0.00685144	0.00761618	0.0114266	0.0233919	0.0795655	0.33881	0.00357154	0.00576877
177	0.0407641	0.0265959	0.00475376	0.010261	0.133994	0.0156347	0.00756802	0.0871785	0.0354568	0.251427	0.191842	0.0449335	0.0081345	0.00884634	0.0254305	0.0113349	0.00863166	0.0179779	0.001944	0.0672904
178	0.0129394	0.00441126	0.0011111	0.00143701	0.0202797	0.00188976	0.00108391	0.177268	0.00516793	0.506339	0.0566328	0.00252783	0.00627695	0.00676991	0.00288969	0.00480849	0.016417	0.166787	0.000787578	0.00417523
179	0.0262644	0.0391387	0.0110167	0.0114593	0.0467661	0.0198793	0.0091095	0.011232	0.00743162	0.0370998	0.017828	0.0145917	0.00987388	0.017957	0.0432761	0.020538	0.0392396	0.0379551	0.534413	0.0449304
180	0.0309417	0.00377168	0.485206	0.173302	0.00270066	0.0300568	0.00746635	0.00585214	0.0178929	0.0109405	0.00101333	0.0826476	0.00990987	0.0192864	0.00588479	0.0505715	0.0364196	0.0201764	0.000436354	0.00552331
181	0.0134893	0.00497053	0.0014224	0.00147157	0.0170913	0.00167526	0.00124069	0.173238	0.007035	0.503104	0.0599553	0.00288563	0.00565616	0.00662771	0.00339547	0.00536252	0.021447	0.1652	0.000967465	0.00376469
182	0.120696	0.0207104	0.0292635	0.0473262	0.00363454	0.0536754	0.00815204	0.00384541	0.0520227	0.0134662	0.00324833	0.10936	0.00886105	0.0523863	0.0197264	0.217062	0.220644	0.011647	0.000649604	0.00362322
183	0.0390736	0.0041577	0.29056	0.289954	0.00304436	0.0394604	0.0142043	0.00933912	0.0224913	0.0152497	0.000846906	0.0757062	0.022422	0.0292019	0.00461434	0.0821213	0.0289661	0.0264023	0.000475803	0.00170814
184	0.0315325	0.0164161	0.0750301	0.0296417	0.00323135	0.156027	0.0110369	0.004449	0.133594	0.00521826	0.00261235	0.175621	0.0068472	0.0444779	0.0238248	0.189839	0.0806942	0.00647801	0.000971211	0.00245715
185	0.0759258	0.00501681	0.0200359	0.0978642	0.00927305	0.00382894	0.0129685	0.0355253	0.155467	0.0361749	0.0114972	0.0771868	0.00824427	0.0738301	0.0644827	0.0803543	0.109657	0.102043	0.000486516	0.020138
186	0.0954744	0.0075149	0.0126418	0.0118169	0.0378055	0.0395034	0.0994453	0.00809983	0.0948823	0.00882034	0.0597722	0.0824833	0.112227	0.0401281	0.188304	0.0306861	0.0449663	0.0120112	0.00845933	0.00495826
187	0.0221697	0.00852554	0.0021764	0.00407743	0.0334242	0.00344753	0.00198136	0.16902	0.00953897	0.44023	0.0588811	0.00815481	0.0106305	0.0115112	0.00639478	0.0102797	0.0240817	0.164958	0.00142137	0.00909628
188	0.0358145	0.0344491	0.0122517	0.00297597	0.216012	0.00819784	0.087813	0.00542989	0.00382743	0.0291211	0.0120922	0.00875286	0.00281251	0.00516338	0.0166467	0.0414247	0.0195518	0.0465394	0.0177991	0.393325
189	0.071922	0.00507483	0.0336604	0.118718	0.00724496	0.0125188	0.00658954	0.0256054	0.0945868	0.0283287	0.00849678	0.0808269	0.0101104	0.0681847	0.0340364	0.139245	0.165195	0.0765921	0.000449778	0.012614
190	0.0269143	0.0308343	0.00403261	0.0123549	0.235966	0.0128395	0.0134239	0.0990008	0.01637	0.192251	0.11246	0.0511488	0.00726432	0.0172469	0.0244862	0.0166994	0.00840459	0.0299146	0.00368544	0.0847014
191	0.0391632	0.00420065	0.290123	0.289843	0.00300245	0.039783	0.0142273	0.00930808	0.0223379	0.0153253	0.00088143	0.0760054	0.0226391	0.0289576	0.00458494	0.0824577	0.0286886	0.0262919	0.000474867	0.00170448
192	0.276343	0.0450688	0.0249977	0.0120356	0.0114208	0.131653	0.019114	0.00685054	0.0126574	0.00874423	0.00408187	0.0399915	0.00344477	0.012618	0.00593085	0.264719	0.0485759	0.0448966	0.00440287	0.022453
193	0.0334518	0.019151	0.0653621	0.0257443	0.00313877	0.176743	0.0096177	0.00569233	0.115939	0.00655784	0.00329965	0.232032	0.00554583	0.0541542	0.0254347	0.147944	0.0588357	0.0075932	0.00129347	0.00246862
194	0.125098	0.0114979	0.19509	0.148997	0.00376597	0.0767121	0.00577705	0.00601662	0.00802276	0.00860601	0.00292876	0.0747881	0.00624222	0.0157385	0.00623042	0.254886	0.0214414	0.0225226	0.0012515	0.00438738
