371	20
1	0.0549726	0.00727813	0.000985305	0.00857845	0.0554798	0.00905513	0.0532442	0.0718696	0.0601073	0.121607	0.0257712	0.0138825	0.0187515	0.0223278	0.155797	0.0388013	0.0865232	0.0912454	0.0642127	0.0395103
2	0.102412	0.00839808	0.021392	0.0357422	0.0303258	0.0330171	0.0226775	0.0182191	0.0165758	0.0426617	0.0226856	0.0559692	0.00561675	0.024649	0.0277841	0.187545	0.296753	0.0268787	0.00630063	0.0143971
3	0.0495866	0.011253	0.00264269	0.00851437	0.0737851	0.0124153	0.0469848	0.0738919	0.0611314	0.148054	0.0241426	0.012808	0.0158944	0.0259057	0.140975	0.0367038	0.0710323	0.0906068	0.0543147	0.0393574
4	0.104678	0.0167155	0.000745816	0.000229979	0.0587334	0.0267732	0.000149037	0.195196	0.000252857	0.253073	0.049284	0.000682792	0.0059752	0.000307882	0.000636223	0.0266361	0.0232478	0.230048	0.00437315	0.00226203
5	0.048476	0.0150012	0.00199681	0.000612721	0.080017	0.0136076	0.00169143	0.13755	0.000826892	0.397533	0.0884541	0.00172395	0.00676767	0.00156532	0.0015446	0.0320831	0.0169704	0.142301	0.00359297	0.00768424
6	0.0805214	0.0144293	0.00129284	0.000647431	0.0619373	0.0184735	0.00031363	0.220018	0.00173021	0.242082	0.0492977	0.00235427	0.00409926	0.000962767	0.0019809	0.0221138	0.0274624	0.24153	0.00514522	0.00360766
7	0.0560508	0.105248	0.0059356	0.00473106	0.112449	0.0586998	0.0155771	0.0141117	0.00729365	0.0340932	0.0190773	0.11933	0.00925226	0.0160474	0.0181017	0.115053	0.078611	0.0292627	0.0128505	0.168224
8	0.106662	0.0299502	0.00114138	0.00112585	0.157403	0.0169641	0.00153872	0.0548085	0.0014515	0.304598	0.0860674	0.00257317	0.00528841	0.00405992	0.00407549	0.0510199	0.0907278	0.0683245	0.00279943	0.00942119
9	0.199051	0.0878146	0.00283016	0.00449111	0.0517433	0.0232085	0.0138995	0.0325471	0.00334544	0.0414562	0.024826	0.013905	0.00497129	0.00690178	0.00729106	0.131795	0.160264	0.138101	0.00964191	0.0419152
10	0.554939	0.0133533	0.00115223	0.00108806	0.00258962	0.0834042	0.000698649	0.0072712	0.00103643	0.013833	0.00154146	0.00461512	0.0227372	0.000602634	0.00175877	0.238846	0.0320686	0.0172507	0.000422656	0.000791201
11	0.135454	0.0157412	0.00146526	0.00085894	0.055499	0.0524044	0.000530002	0.173124	0.0020072	0.194318	0.0618225	0.00229977	0.00518417	0.00106909	0.00194285	0.0336334	0.0312264	0.22305	0.00512486	0.00324607
12	0.0228543	0.00639064	0.00361804	0.000721186	0.0356956	0.0125585	0.00368013	0.105921	0.00095801	0.539637	0.11841	0.00146128	0.00968033	0.0014382	0.00179008	0.0261574	0.00849436	0.0951801	0.00206279	0.00329108
13	0.103275	0.00803843	0.0674807	0.263618	0.00817144	0.073966	0.0325035	0.0221996	0.0530824	0.0225912	0.00439661	0.0184899	0.0233829	0.16795	0.0219506	0.0581357	0.0147344	0.0274174	0.00381549	0.00480102
14	0.0354811	0.0233711	0.012908	0.00315947	0.0199334	0.047175	0.0133668	0.0166077	0.212554	0.0418992	0.0269617	0.0366348	0.00205326	0.0560853	0.317045	0.0455499	0.0206251	0.0310368	0.0321461	0.0054064
15	0.300304	0.0701672	0.00999643	0.0135015	0.0299378	0.0987243	0.00826938	0.0189856	0.0873342	0.138448	0.0162283	0.0129202	0.012488	0.0136536	0.0229176	0.0564338	0.0317626	0.0364613	0.00771667	0.0137504
16	0.0628612	0.0341593	0.252936	0.0614189	0.0232219	0.0859063	0.0231901	0.0116822	0.0196075	0.0264775	0.00856033	0.0891493	0.0161779	0.0194021	0.0235682	0.1141	0.0818084	0.017305	0.00474331	0.0237243
17	0.135276	0.00770117	0.10827	0.151712	0.0300512	0.0387134	0.0109369	0.0314794	0.0678289	0.0549131	0.00482877	0.0433361	0.0209236	0.0618488	0.0498688	0.062932	0.0663318	0.0340523	0.00514143	0.0138543
18	0.148258	0.027929	0.0126469	0.00649997	0.026238	0.0751144	0.00915057	0.027833	0.0204702	0.0317293	0.0186383	0.0691723	0.00336016	0.0628224	0.0359553	0.237299	0.124414	0.0476015	0.005621	0.00924695
19	0.0290933	0.00798248	0.00323938	0.00102558	0.0638195	0.0120973	0.00377058	0.1014	0.00140937	0.503423	0.117689	0.00209254	0.00811443	0.00196681	0.0023366	0.027656	0.0130534	0.0901555	0.00296501	0.00671053
20	0.0382494	0.00879385	0.00249186	0.000618185	0.0410486	0.0143559	0.0024693	0.145704	0.00142149	0.441013	0.0901115	0.00264317	0.00823073	0.00173113	0.00244274	0.0298026	0.0149011	0.14806	0.00323432	0.00267771
21	0.0502274	0.00355251	0.00851744	0.0266718	0.00685591	0.0258985	0.0187724	0.00555296	0.0602796	0.0256481	0.00447818	0.0116145	0.441856	0.0360028	0.147206	0.0616095	0.0418216	0.0164232	0.00299712	0.00401441
22	0.548467	0.0153976	0.00116374	0.00108247	0.00263617	0.0839832	0.000419972	0.00706023	0.0012247	0.0137122	0.00155523	0.00542698	0.0245297	0.00060062	0.00207708	0.235903	0.0345641	0.0189241	0.000405668	0.00086625
23	0.14825	0.0194607	0.00310626	0.00747229	0.0386722	0.0323561	0.00124037	0.0873712	0.00372258	0.113233	0.0920281	0.0117073	0.0038181	0.00730141	0.00934441	0.114819	0.138391	0.144562	0.0121157	0.011028
24	0.106634	0.022369	0.00545129	0.0048779	0.292931	0.0209861	0.023798	0.0189567	0.00401625	0.0567232	0.0168967	0.00792286	0.0104652	0.00781981	0.0113711	0.0431752	0.0225163	0.0248589	0.0190533	0.279177
25	0.0167565	0.00976777	0.0335642	0.00876491	0.00549258	0.0160079	0.0630054	0.00925459	0.160646	0.0294232	0.0139678	0.0280077	0.00437028	0.0880719	0.385356	0.0451993	0.0430709	0.0212129	0.00634381	0.0117165
26	0.154373	0.00417742	0.0702638	0.141883	0.00828891	0.0195829	0.0278069	0.0129675	0.0412583	0.0335483	0.00798243	0.0224	0.167074	0.0496973	0.0364441	0.0888923	0.0545495	0.0512611	0.00212197	0.00542617
27	0.0358787	0.0102255	0.000993325	0.00381335	0.0630594	0.00920401	0.000871625	0.297291	0.00276355	0.235925	0.0384919	0.00133592	0.00324713	0.00149069	0.00298512	0.0124587	0.0163277	0.251673	0.00659322	0.00537123
28	0.126497	0.020251	0.0420814	0.16938	0.00911362	0.141502	0.028053	0.0279159	0.0592327	0.0255015	0.00629638	0.02188	0.0186689	0.119667	0.0244674	0.104616	0.0216347	0.0237957	0.00450163	0.00494403
29	0.18377	0.0115253	0.109181	0.159216	0.0255048	0.0309041	0.00301772	0.029076	0.0696707	0.0670779	0.00313642	0.0296685	0.0103064	0.0517098	0.0419354	0.0495642	0.0712743	0.0371183	0.00564141	0.0107016
30	0.0797628	0.0160034	0.306954	0.15001	0.00877832	0.0389669	0.00954681	0.00745485	0.011129	0.0170078	0.00399547	0.0383155	0.0246909	0.0212113	0.0133555	0.136283	0.0825671	0.0104418	0.00296449	0.0205611
31	0.0271498	0.013914	0.00231905	0.00172347	0.334879	0.00526395	0.0067224	0.0652015	0.00213464	0.271302	0.0440426	0.00271791	0.00401227	0.00713046	0.00964338	0.0318869	0.0119102	0.0436282	0.0179249	0.0964929
32	0.0622327	0.00569632	0.0885882	0.0183387	0.0125242	0.174264	0.122536	0.00756999	0.0577513	0.0174813	0.00753018	0.144457	0.00430612	0.0290266	0.0762128	0.09273	0.0564556	0.0104007	0.00392618	0.00797153
33	0.375945	0.0111895	0.0025818	0.00262741	0.0559514	0.031545	0.00226147	0.0527097	0.00335415	0.0811041	0.011959	0.0050804	0.00418306	0.00415948	0.00492185	0.0331344	0.0896047	0.182098	0.0299756	0.0156147
34	0.0842609	0.00540257	0.063902	0.0466732	0.0162694	0.0792239	0.0546875	0.00722579	0.0397726	0.0371064	0.0135403	0.0708923	0.00445257	0.0382027	0.0496959	0.202392	0.158926	0.0116024	0.00436029	0.0114111
35	0.0456261	0.00799742	0.00497844	0.00232196	0.0575559	0.0157922	0.0033271	0.0608203	0.00435056	0.43691	0.0607479	0.00508315	0.133065	0.0044855	0.00571858	0.0564784	0.0149115	0.0642496	0.00370298	0.0118777
36	0.269375	0.00773315	0.00189692	0.00412382	0.010986	0.010748	0.00233813	0.0259552	0.00502999	0.0187665	0.0243681	0.0150155	0.00483183	0.0312402	0.0204492	0.200576	0.267363	0.057425	0.00284568	0.0189337
37	0.194124	0.0101955	0.103867	0.170501	0.0170533	0.0582802	0.010916	0.0213104	0.0625992	0.05177	0.00280299	0.024387	0.0122775	0.0723273	0.0365514	0.0549334	0.04703	0.0335112	0.00851826	0.00704453
38	0.0573372	0.0129145	0.00266798	0.00123647	0.0694692	0.0169699	0.00243574	0.163053	0.00237351	0.355661	0.0716438	0.00398057	0.00753067	0.00277628	0.00361396	0.0382256	0.0238901	0.152713	0.00463549	0.00687187
39	0.103818	0.0045709	0.00109867	0.00100664	0.00611576	0.774161	0.00111354	0.00398182	0.00233033	0.00588232	0.00249847	0.0109943	0.00273146	0.00572235	0.0038322	0.0254436	0.0122283	0.0226322	0.00829857	0.00154039
40	0.137161	0.0221712	0.00298053	0.0100485	0.0708908	0.0405702	0.00474979	0.0253377	0.00446387	0.0915916	0.101308	0.0122661	0.0230258	0.00830834	0.00637187	0.131378	0.150777	0.038678	0.0304259	0.087495
41	0.0834055	0.0143271	0.00122886	0.000469012	0.0612089	0.0193567	0.000615278	0.19993	0.000727967	0.287801	0.0565267	0.00105523	0.00483415	0.000536114	0.00107152	0.0225411	0.0209003	0.215094	0.00461026	0.00376055
42	0.108151	0.0132824	0.00215923	0.00375551	0.0154432	0.0215102	0.00496466	0.0168634	0.006985	0.02122	0.0121985	0.0445208	0.00443902	0.0151899	0.0106181	0.232532	0.400787	0.0392427	0.00180557	0.0243322
43	0.032805	0.0162846	0.000455955	0.000524505	0.269585	0.0060089	0.001587	0.0731403	0.000748985	0.396914	0.0694235	0.00312297	0.00509915	0.00551925	0.00156956	0.0316902	0.0131312	0.0480347	0.00739193	0.0169631
44	0.0971627	0.0560387	0.00150988	0.00190416	0.0902499	0.0144656	0.00276213	0.139656	0.00181438	0.198899	0.0559223	0.00276003	0.00388127	0.00297537	0.00342444	0.0416262	0.041882	0.175001	0.0146848	0.0533796
45	0.127771	0.0263785	0.0146456	0.0102669	0.0211066	0.102291	0.0213336	0.0171196	0.0282168	0.0393479	0.0331495	0.0572799	0.00432074	0.0950248	0.0811097	0.196224	0.0717915	0.0301829	0.00978126	0.012658
46	0.244644	0.0422411	0.00745342	0.0021327	0.0162652	0.112182	0.0155109	0.0123139	0.00954204	0.0243236	0.013236	0.058413	0.00709094	0.0252325	0.03925	0.236475	0.0925823	0.0304408	0.00268446	0.0079864
47	0.0739548	0.0160258	0.000769809	0.000482216	0.0952476	0.0149184	0.000319209	0.197654	0.000727816	0.286055	0.0522909	0.000878304	0.00330348	0.000447027	0.00059665	0.0196326	0.0189783	0.206059	0.0046911	0.00696779
48	0.118627	0.0394457	0.00135905	0.00241082	0.0895264	0.0217328	0.000528221	0.11972	0.00160215	0.169561	0.0620828	0.00437141	0.00345209	0.00340591	0.00284089	0.0760228	0.0858048	0.18305	0.00693306	0.00752402
49	0.119911	0.0119151	0.0366475	0.0445452	0.0201184	0.0802809	0.0679206	0.010848	0.0475971	0.0447646	0.0153146	0.0607209	0.00754175	0.071862	0.0630709	0.149709	0.109604	0.0188877	0.00568799	0.0130527
50	0.530292	0.0213782	0.00137732	0.00116482	0.00322053	0.0804306	0.000494815	0.00642602	0.00127532	0.0136681	0.00181241	0.00660349	0.0266733	0.000764493	0.00302995	0.235143	0.0408537	0.0238021	0.000438066	0.00115236
51	0.105054	0.0173518	0.000725228	0.00023566	0.0581012	0.0274569	0.000151597	0.193276	0.000256527	0.259594	0.049586	0.00067496	0.00618244	0.000307939	0.000642078	0.0279504	0.0228781	0.223389	0.00410168	0.00208369
52	0.20072	0.12667	0.00297629	0.00346256	0.0977229	0.0223973	0.00326637	0.0324465	0.0036132	0.050236	0.0133972	0.0056873	0.00788	0.00391549	0.00519847	0.224263	0.0712361	0.112441	0.0050762	0.00739425
53	0.111296	0.111799	0.00421322	0.00408876	0.118053	0.0651003	0.0114231	0.0145802	0.00521363	0.0309952	0.0442447	0.0276797	0.00780119	0.0111162	0.0342131	0.160737	0.0782475	0.0314383	0.00905014	0.118709
54	0.0723791	0.0109737	0.0103371	0.0125054	0.0485988	0.0211256	0.00744788	0.0447452	0.0149554	0.252363	0.0348095	0.00855424	0.265979	0.0105419	0.0204913	0.0601881	0.0278104	0.0543249	0.00589159	0.0159784
55	0.101466	0.016154	0.000767993	0.000240547	0.0611435	0.0245505	0.000145369	0.197062	0.000283705	0.24524	0.0489634	0.000649991	0.00594378	0.000328417	0.000639221	0.0249049	0.023766	0.240258	0.00483503	0.00265744
56	0.214727	0.0189463	0.00379704	0.0056072	0.0459066	0.077083	0.00403959	0.0388251	0.00510102	0.069762	0.0311517	0.00955198	0.00660038	0.00806674	0.010757	0.0933044	0.0893216	0.117993	0.127874	0.0215846
57	0.226558	0.0169066	0.00362992	0.00353193	0.016901	0.278286	0.00186116	0.0290305	0.0030258	0.0345897	0.0327278	0.0121738	0.00974278	0.00915048	0.00839356	0.149964	0.093056	0.0592093	0.00619366	0.00506778
58	0.0642197	0.0275919	0.00143315	0.00231467	0.0739018	0.0293819	0.00579025	0.165182	0.00657162	0.192159	0.0547154	0.0048759	0.0145394	0.00366959	0.0218182	0.037333	0.0389777	0.190077	0.0104707	0.0549772
59	0.185653	0.0163685	0.00219643	0.00270034	0.112717	0.0503001	0.0020697	0.0356337	0.00285584	0.318301	0.081938	0.00354913	0.00688776	0.00346119	0.00578262	0.0760931	0.03951	0.0430098	0.00363514	0.00733791
60	0.396459	0.0159969	0.014839	0.0135316	0.0086173	0.105792	0.00286861	0.0226534	0.00373723	0.01763	0.00624716	0.00802378	0.0313903	0.00395999	0.0046264	0.252955	0.0248353	0.0607822	0.00191241	0.0031417
61	0.016512	0.0109052	0.0311466	0.00815974	0.00587301	0.0176376	0.071237	0.0105282	0.152557	0.0277211	0.0146316	0.0306985	0.00422875	0.0842194	0.383621	0.0467548	0.0446798	0.0203356	0.00615195	0.0124017
62	0.0369389	0.0557083	0.0185562	0.00379753	0.0775871	0.010776	0.261343	0.0076047	0.00331996	0.0171204	0.0422725	0.00585982	0.00465502	0.0206252	0.00506892	0.0388369	0.0249802	0.0245778	0.00370385	0.336668
63	0.0481151	0.0125649	0.378397	0.123631	0.0104177	0.0416579	0.00878301	0.00889076	0.00971721	0.0144319	0.00328686	0.0554555	0.0348966	0.0122883	0.0122944	0.113664	0.0604644	0.0088896	0.00256266	0.0395914
64	0.0409293	0.00974038	0.0251745	0.0123239	0.0204967	0.0222473	0.0683952	0.0223367	0.114017	0.049167	0.0156762	0.0293567	0.0101167	0.0649576	0.29537	0.0615927	0.0685593	0.0342263	0.0164972	0.0188188
65	0.106545	0.00431281	0.00188136	0.0775966	0.00712653	0.0304051	0.0039982	0.038615	0.102937	0.0380029	0.00578553	0.0210806	0.0539348	0.00529549	0.0446089	0.0812553	0.184897	0.185543	0.00259532	0.00358417
66	0.0603678	0.00653016	0.00142188	0.010138	0.0537522	0.0109361	0.0507465	0.0703591	0.059111	0.11608	0.026918	0.0187112	0.0196388	0.0230206	0.14952	0.0440304	0.0955445	0.0831896	0.0664765	0.0335071
67	0.0353596	0.0104207	0.00107092	0.00158326	0.0366323	0.0109814	0.000418559	0.35622	0.00173206	0.164739	0.0401124	0.00188737	0.00308648	0.00161362	0.004271	0.0147298	0.0145621	0.295513	0.00300898	0.0020574
68	0.049993	0.0134775	0.000704713	0.00116792	0.0991222	0.00902585	0.00041307	0.236402	0.00139535	0.267395	0.0445916	0.000991975	0.00201674	0.000766407	0.00138062	0.0124958	0.0184604	0.227489	0.00515238	0.0075579
69	0.506752	0.0448638	0.00296552	0.00160202	0.0105887	0.110135	0.00128862	0.00677806	0.0052988	0.0364831	0.00903651	0.00458587	0.0217515	0.00271953	0.0119485	0.146565	0.0302713	0.0399686	0.00145392	0.00494381
70	0.10637	0.0167961	0.000687684	0.000199009	0.0608627	0.0248151	0.00016744	0.19449	0.000257886	0.225144	0.0496784	0.00065791	0.0058784	0.00030282	0.000733244	0.0252805	0.0251331	0.253035	0.00596732	0.00354402
71	0.194072	0.0384185	0.00452195	0.00169623	0.0130761	0.294023	0.00279836	0.0110135	0.00457742	0.0191762	0.00944553	0.0281675	0.0129907	0.0150186	0.0129077	0.2116	0.0872181	0.0282149	0.00286098	0.00820268
72	0.180747	0.202151	0.00255751	0.00311859	0.046454	0.015941	0.0033766	0.0427263	0.00408981	0.0477919	0.0150536	0.0197052	0.00888666	0.00545278	0.00476275	0.141402	0.168058	0.0726485	0.00422726	0.0108495
73	0.063259	0.0209877	0.000534641	0.000591349	0.157775	0.00845875	0.000482662	0.160214	0.000865474	0.268246	0.0464955	0.00152132	0.0018334	0.000984793	0.000851811	0.0157472	0.0220449	0.213315	0.00432671	0.0114647
74	0.166155	0.0385202	0.00194293	0.00179918	0.182937	0.112154	0.00186596	0.0327996	0.00338592	0.224905	0.0507606	0.00296225	0.00383038	0.00308721	0.00339181	0.0528492	0.0259955	0.0819656	0.00315978	0.00553288
75	0.0704989	0.0702388	0.00588016	0.00574669	0.0861146	0.0460166	0.00777972	0.060438	0.0154406	0.0852388	0.0287814	0.0142232	0.00721998	0.0139413	0.0529618	0.0529915	0.0450777	0.105666	0.191452	0.0342918
76	0.364908	0.014795	0.00256403	0.00186147	0.00485391	0.24364	0.00127957	0.00820371	0.00204333	0.01081	0.00353928	0.00695626	0.0213038	0.00467438	0.0038394	0.230695	0.0465903	0.0247198	0.00120077	0.00152173
77	0.104996	0.016589	0.000703184	0.000209952	0.0601739	0.0251547	0.000138392	0.195991	0.000241344	0.232869	0.0487126	0.000636903	0.00584968	0.000299733	0.000671593	0.0253422	0.024807	0.2484	0.0053571	0.00285594
78	0.189385	0.112708	0.00139866	0.00289825	0.0959912	0.0160475	0.0018864	0.0553844	0.00128331	0.071378	0.0269153	0.0039036	0.00282891	0.00319164	0.00244124	0.13296	0.139395	0.125886	0.00566013	0.00845796
79	0.115356	0.0154853	0.00542752	0.00624289	0.0151342	0.0392433	0.00952456	0.0145939	0.00915257	0.0222212	0.012323	0.0630729	0.00450531	0.0174614	0.0145079	0.234589	0.354242	0.0297244	0.00159104	0.0156014
80	0.111484	0.0172733	0.000770975	0.000237885	0.0597373	0.0275788	0.000203275	0.19034	0.000300139	0.247072	0.0512307	0.000730163	0.00598223	0.000458072	0.000748292	0.026438	0.0244279	0.227449	0.00480184	0.00273669
81	0.160714	0.0232969	0.00218346	0.00181658	0.2167	0.103688	0.00205733	0.0297198	0.00318665	0.245558	0.0473999	0.00393021	0.00496407	0.00357643	0.00459144	0.0410353	0.0194654	0.0750604	0.00358522	0.0074703
82	0.08929	0.0238196	0.000822053	0.000472929	0.0891304	0.0237705	0.000375835	0.18153	0.000454532	0.248161	0.0487733	0.00113347	0.00471766	0.000851355	0.000984643	0.0296102	0.0326809	0.213535	0.00449183	0.00539456
83	0.276423	0.00851377	0.0012284	0.00107088	0.0138188	0.567669	0.00125108	0.00359424	0.0020253	0.00896548	0.00324299	0.0070681	0.00335506	0.00390336	0.00279776	0.0359098	0.0264618	0.0182151	0.0119204	0.00256575
84	0.0812429	0.0200883	0.000578511	0.000405272	0.113559	0.0132726	0.000324619	0.178125	0.000556549	0.25285	0.0479226	0.00200561	0.00306745	0.000663014	0.000705768	0.0232545	0.0284544	0.221067	0.00440041	0.00745584
85	0.190729	0.0861733	0.00579603	0.0045061	0.0374221	0.0657898	0.00326947	0.0890233	0.00553704	0.0744017	0.0155301	0.00972243	0.0336274	0.00633309	0.00682361	0.197469	0.039644	0.112985	0.00588213	0.00933626
86	0.093819	0.00464167	0.0532719	0.05938	0.0179169	0.065143	0.0607202	0.00729592	0.0342038	0.0340035	0.016182	0.0920379	0.00443987	0.0511773	0.0573484	0.178062	0.141278	0.0109685	0.0054084	0.0127024
87	0.0940827	0.00463565	0.0531046	0.0592691	0.0179071	0.0649903	0.0607636	0.00728928	0.0340956	0.0340051	0.0162134	0.0918805	0.00442818	0.0513308	0.0570606	0.178538	0.141114	0.0110261	0.0053932	0.0128722
88	0.0258453	0.0251148	0.00591987	0.0155414	0.331522	0.00884697	0.0271732	0.0199359	0.00279828	0.06462	0.0412931	0.00570289	0.0171361	0.00767265	0.00841159	0.0333642	0.0116612	0.0294899	0.0132432	0.304707
89	0.072876	0.00574812	0.00252789	0.0160197	0.0542129	0.0156345	0.0430088	0.0641938	0.0486398	0.112581	0.0363987	0.0247421	0.0205669	0.026168	0.123504	0.0502085	0.114345	0.0748863	0.0684427	0.025295
90	0.275652	0.0138927	0.00240389	0.00347676	0.0655799	0.0861022	0.00283933	0.0298893	0.00243983	0.101807	0.0219516	0.00460958	0.00423979	0.00514744	0.00513032	0.07717	0.0803958	0.115934	0.0514665	0.0498731
91	0.0366914	0.0221665	0.0132929	0.00368833	0.0194564	0.0445516	0.0142224	0.0157086	0.211651	0.0417625	0.0274522	0.0352497	0.00254226	0.0548497	0.318909	0.0446782	0.0217254	0.0327806	0.0326157	0.0060052
92	0.350185	0.0826033	0.00421177	0.00343436	0.0236534	0.183727	0.0039629	0.0132667	0.00788958	0.063587	0.010015	0.00812834	0.00941442	0.00763858	0.0095126	0.065902	0.0556165	0.0575247	0.00774501	0.0319814
93	0.0440932	0.0164207	0.000401303	0.000560966	0.170473	0.00391199	0.000681066	0.165512	0.000770899	0.320744	0.0536712	0.0015378	0.00191422	0.00135269	0.000732347	0.0145261	0.0150694	0.169625	0.004781	0.0132203
94	0.13037	0.0221764	0.0261969	0.027797	0.0180658	0.0700037	0.029504	0.016554	0.0317766	0.0318474	0.0155849	0.0978394	0.00896467	0.0351743	0.0355423	0.216816	0.140239	0.0280487	0.00477929	0.0127199
95	0.142736	0.00563623	0.00117953	0.00104619	0.00703484	0.716417	0.000931304	0.00450475	0.00141809	0.00723208	0.00333501	0.0104237	0.00401172	0.0050352	0.00267853	0.0381316	0.0167448	0.0214827	0.00811688	0.00190357
96	0.028115	0.0105859	0.000721694	0.00167201	0.0216137	0.0103775	0.000564619	0.41406	0.00111401	0.103109	0.0318698	0.00171134	0.00336486	0.00180123	0.00517206	0.0161945	0.00965648	0.334901	0.00204558	0.00135038
97	0.182297	0.0820088	0.00344692	0.00303879	0.160134	0.112219	0.00446023	0.0296999	0.00513304	0.126526	0.0287866	0.00899146	0.00665996	0.00610733	0.00809698	0.099537	0.0408806	0.0671631	0.00790821	0.0169056
98	0.0322557	0.00972069	0.0030875	0.00277745	0.0572957	0.0123691	0.0116495	0.111418	0.00335951	0.454333	0.126639	0.00302229	0.00807502	0.00296775	0.00425987	0.0286634	0.0252957	0.0783403	0.00415126	0.0203191
99	0.44714	0.0202037	0.00146858	0.00112523	0.0161515	0.213572	0.00129611	0.00660474	0.00253819	0.0240352	0.00735516	0.00511927	0.0152011	0.00327714	0.00371891	0.169213	0.0361026	0.0197741	0.00294815	0.00315428
100	0.0363378	0.0072976	0.00327828	0.000716799	0.042684	0.0122025	0.00294973	0.106524	0.00109817	0.504648	0.097974	0.00180479	0.0101239	0.00168663	0.00214791	0.0457103	0.00974475	0.107369	0.00226977	0.00343175
101	0.0420467	0.0107334	0.00215069	0.001212	0.0385425	0.0149925	0.000891877	0.246705	0.00489548	0.205547	0.0632359	0.0102454	0.00341344	0.0082512	0.00808439	0.0344362	0.0403248	0.254174	0.00542943	0.00468867
102	0.0569533	0.0275665	0.00300017	0.00326098	0.0131565	0.13482	0.00325506	0.254449	0.00396852	0.0763029	0.0117031	0.0251365	0.0261073	0.00470809	0.0063738	0.0851626	0.0536198	0.181062	0.0035156	0.0258782
103	0.0425677	0.00394481	0.00773149	0.0261501	0.00815351	0.0265145	0.0189472	0.0060384	0.0659194	0.0237152	0.00374906	0.0104761	0.435979	0.0419622	0.160728	0.0525039	0.0421518	0.0133742	0.00477375	0.00461935
104	0.137569	0.00754609	0.00458548	0.00210496	0.0177972	0.0468364	0.000901966	0.13629	0.00421725	0.1198	0.0657174	0.0180702	0.0046904	0.0063683	0.00804097	0.119882	0.100441	0.190198	0.00565852	0.0032844
105	0.117057	0.0106928	0.00289968	0.000621122	0.0359343	0.0339215	0.000431656	0.16948	0.00242869	0.169787	0.0621653	0.00957143	0.00428746	0.00328997	0.00483154	0.0747909	0.0684435	0.222469	0.00480236	0.00209332
106	0.0371667	0.0163533	0.00466168	0.00621628	0.0831076	0.0307847	0.00883657	0.0137632	0.0342035	0.120193	0.0431134	0.0687685	0.017514	0.199454	0.0109968	0.0991094	0.0369314	0.0210109	0.00954479	0.13827
107	0.324871	0.0159242	0.0139795	0.0298275	0.0139854	0.0566431	0.0126652	0.014254	0.0338221	0.0274441	0.0080947	0.014652	0.0974035	0.0129322	0.0174638	0.215519	0.0449965	0.0382013	0.00266721	0.00465307
108	0.0455497	0.0174536	0.000438518	0.000582882	0.165961	0.00450175	0.000918885	0.163772	0.000856261	0.313936	0.0551906	0.00153575	0.00204314	0.00133792	0.00098484	0.0153219	0.0164863	0.170976	0.00533463	0.016819
109	0.0278688	0.0101254	0.00136992	0.001716	0.023844	0.0104978	0.00163312	0.371786	0.00432085	0.134726	0.0397712	0.00477765	0.00357273	0.00287542	0.0117224	0.0185848	0.0203789	0.304701	0.00358397	0.00214379
110	0.455324	0.0226718	0.00471053	0.00268696	0.0144444	0.142009	0.00329837	0.0113643	0.00397499	0.0386204	0.010656	0.00954641	0.0159193	0.00583043	0.00666291	0.177796	0.0394647	0.0274114	0.00288673	0.00472141
111	0.0552292	0.0137092	0.368096	0.143408	0.00955705	0.0374759	0.00854357	0.00791214	0.0124847	0.0147286	0.0043515	0.0409155	0.0316367	0.0164572	0.0142566	0.118302	0.0623029	0.0106445	0.00332182	0.026667
112	0.107816	0.0417807	0.00366838	0.0279083	0.0343665	0.02011	0.0293279	0.0771738	0.00580045	0.151993	0.116467	0.0100749	0.00795901	0.00792407	0.00988242	0.110092	0.072946	0.03919	0.0128874	0.112632
113	0.115223	0.113316	0.0034353	0.00330483	0.0771164	0.0205888	0.0639933	0.0149667	0.00450928	0.0202244	0.0121202	0.0333113	0.00506511	0.00700735	0.00896151	0.142489	0.140344	0.124832	0.00458849	0.0846033
114	0.122221	0.00292307	0.0658335	0.130312	0.00958586	0.0183185	0.028673	0.0152118	0.0563575	0.0400641	0.0142904	0.0341261	0.171485	0.0410668	0.047545	0.0849628	0.052681	0.0522341	0.00156498	0.0105427
115	0.104179	0.00942557	0.177914	0.239062	0.00519929	0.0686965	0.0253401	0.010108	0.0321193	0.0140507	0.00384652	0.0289484	0.0365269	0.063835	0.0151144	0.104642	0.0318311	0.0160041	0.00253541	0.010622
116	0.0972225	0.00341218	0.0574442	0.07482	0.016271	0.0673208	0.0620141	0.00662765	0.0357291	0.0332213	0.0144104	0.0897935	0.00628302	0.0459017	0.0540969	0.176832	0.130792	0.00997354	0.00467683	0.0131567
117	0.0937377	0.00464098	0.0530681	0.0591892	0.0179176	0.0650121	0.0607198	0.00740502	0.0343179	0.0341978	0.0161525	0.091898	0.00446191	0.0513579	0.0574003	0.177979	0.141218	0.0110886	0.00554996	0.0126876
118	0.0426305	0.00980611	0.0139576	0.0108671	0.03445	0.0145187	0.0622123	0.043105	0.0924553	0.0887523	0.0189168	0.0195941	0.0171851	0.0453417	0.237609	0.0529735	0.0629892	0.0652254	0.0351915	0.0322187
119	0.106185	0.00498337	0.00203439	0.00353863	0.00738905	0.754144	0.00169474	0.00494942	0.00249872	0.00779047	0.00280468	0.0111652	0.00425426	0.00689975	0.00321796	0.0297544	0.0137181	0.0224995	0.00786954	0.00260839
120	0.166937	0.00897357	0.00270484	0.0369366	0.0389107	0.017554	0.00348282	0.0463212	0.0152958	0.0807741	0.0913299	0.010197	0.00543468	0.0177946	0.0497552	0.11167	0.19828	0.0769233	0.0136409	0.00708321
121	0.243079	0.0219766	0.00586174	0.00328792	0.0191276	0.183028	0.00742743	0.0189941	0.00553516	0.0511543	0.0185698	0.0301941	0.00739496	0.0327097	0.0131524	0.166035	0.074484	0.0747371	0.00874479	0.0145066
122	0.0403605	0.0157037	0.00938753	0.00356573	0.366265	0.0150735	0.00996757	0.0531624	0.00299419	0.150255	0.0284732	0.00688006	0.00609164	0.00704183	0.0105914	0.0490989	0.0183928	0.0493624	0.0137816	0.143551
123	0.122092	0.00562396	0.00133269	0.00168049	0.00660602	0.74159	0.00135123	0.00500342	0.00159986	0.00608116	0.00354485	0.0102464	0.00384742	0.00553474	0.00237443	0.0337268	0.0156712	0.021926	0.0083067	0.00186022
124	0.0548418	0.0097508	0.00373887	0.010725	0.0940429	0.019217	0.0212722	0.0432795	0.0430054	0.124505	0.0639435	0.0359989	0.0142263	0.0371432	0.0610184	0.0454574	0.126805	0.0704193	0.099085	0.0215247
125	0.0640382	0.0127756	0.00121118	0.000812982	0.0657698	0.0149154	0.000998741	0.190698	0.00172267	0.303762	0.0621246	0.00233207	0.00433299	0.00121342	0.00221523	0.0212289	0.0215492	0.214422	0.00792098	0.00595625
126	0.214978	0.00673855	0.00230145	0.00224857	0.00675751	0.0812061	0.0803613	0.00574328	0.00343111	0.0498044	0.0438449	0.0693193	0.00280415	0.0751145	0.00850269	0.196898	0.053213	0.0418581	0.00218508	0.0526894
127	0.0931511	0.0174759	0.000892675	0.00100291	0.261756	0.0510132	0.00191778	0.045439	0.00132376	0.323125	0.0622436	0.00263311	0.00470803	0.00440315	0.00271213	0.0317613	0.016106	0.0615424	0.00472517	0.0120682
128	0.175754	0.0984097	0.00122606	0.00209664	0.101648	0.0137768	0.00326176	0.0598872	0.00155825	0.061725	0.020058	0.00397709	0.00280281	0.00278874	0.00215214	0.126036	0.132869	0.174042	0.00588879	0.0100418
129	0.130504	0.0370878	0.0089782	0.00133598	0.0139277	0.215205	0.00362599	0.0215364	0.00901458	0.0304056	0.0174025	0.0645399	0.00422771	0.0412716	0.0220804	0.254789	0.0802987	0.0330732	0.00369396	0.00700252
130	0.125948	0.0617773	0.0098218	0.00192589	0.0219002	0.102131	0.00584848	0.0200178	0.0139908	0.0332167	0.0199103	0.0937478	0.00195483	0.0421226	0.0248168	0.266881	0.105376	0.0263955	0.00370624	0.0185108
131	0.0688826	0.0148521	0.00085594	0.000713402	0.0896192	0.0161889	0.00033926	0.214051	0.000770064	0.274012	0.0505525	0.000796006	0.00315963	0.000496796	0.000744037	0.017159	0.0217389	0.215027	0.00441882	0.00562226
132	0.105121	0.00452793	0.00105429	0.00131149	0.00569965	0.779946	0.000921847	0.00271886	0.00118002	0.00445304	0.00205717	0.0113201	0.00271959	0.00547342	0.00236289	0.0257452	0.0128698	0.0205252	0.00830797	0.00168421
133	0.217964	0.0319456	0.00622556	0.00579126	0.0569846	0.0892057	0.07454	0.00749316	0.0234166	0.0310624	0.0085502	0.0208932	0.00342221	0.0424756	0.0748303	0.144761	0.129998	0.0205996	0.00351994	0.00632112
134	0.103278	0.0162325	0.000777116	0.000223643	0.0610422	0.0242271	0.000162966	0.197994	0.000283337	0.230173	0.0499072	0.000652981	0.0056442	0.000317721	0.00073628	0.0240781	0.0250127	0.250613	0.00553598	0.00310789
135	0.105089	0.0173859	0.000718217	0.000235262	0.0580497	0.0275019	0.000152732	0.193282	0.000262176	0.259623	0.0496748	0.000685848	0.0061713	0.000311134	0.00064199	0.0279547	0.0228884	0.223192	0.00409474	0.00208511
136	0.214362	0.0325069	0.00305002	0.00147307	0.0100945	0.41233	0.00226392	0.00918949	0.00345711	0.0170862	0.00641484	0.0186281	0.0122932	0.0106203	0.00755793	0.15743	0.0497557	0.0239862	0.00332156	0.00417947
137	0.140099	0.0240697	0.00805309	0.00257044	0.013247	0.165412	0.0190312	0.0134291	0.00867487	0.0394535	0.0186492	0.0945255	0.00218369	0.045547	0.0178131	0.217423	0.0902479	0.0539021	0.00283283	0.0228357
138	0.0901079	0.0494559	0.00113449	0.00144966	0.16427	0.0175323	0.00101076	0.0669957	0.00141096	0.168759	0.0623675	0.00246977	0.00187452	0.00818838	0.00192518	0.0788929	0.123688	0.13984	0.00458991	0.0140369
139	0.0536364	0.0173761	0.000476648	0.000545555	0.144188	0.00538157	0.000382321	0.183679	0.000890958	0.28322	0.0462738	0.00133499	0.00143631	0.000514639	0.000705433	0.0115519	0.0174582	0.214433	0.00456137	0.0119549
140	0.556577	0.0147188	0.00116787	0.000992239	0.00301195	0.0870302	0.00038759	0.00691876	0.0010347	0.0149669	0.00170988	0.00437188	0.0229424	0.000673205	0.00204674	0.230351	0.0320846	0.0176674	0.000428552	0.00091804
141	0.0556908	0.0110771	0.00203242	0.00184169	0.0281291	0.0303883	0.00184984	0.205519	0.00529475	0.152526	0.0399939	0.0110886	0.0114147	0.0047404	0.00656239	0.0392723	0.191229	0.191481	0.00560688	0.00426155
142	0.0662831	0.0076744	0.00359347	0.000932777	0.0196966	0.031826	0.000860273	0.16109	0.00850114	0.148178	0.0800998	0.0279801	0.00260444	0.0138944	0.0126162	0.0887127	0.107741	0.205868	0.00940564	0.00244115
143	0.028423	0.0112908	0.00155174	0.000654808	0.114936	0.00677461	0.00205656	0.126938	0.000894103	0.438943	0.0962787	0.00160778	0.00491326	0.00154779	0.00121124	0.0203572	0.00962227	0.118859	0.00367103	0.00946959
144	0.164563	0.00227741	0.0402269	0.113305	0.00560175	0.00936861	0.0340856	0.00975209	0.0351128	0.030735	0.0087292	0.0179637	0.241937	0.0369374	0.040016	0.0966491	0.054319	0.0546556	0.00123601	0.00252808
145	0.126623	0.00972638	0.00254492	0.00180476	0.00737257	0.646612	0.00234417	0.00578099	0.00232265	0.00908965	0.00360608	0.0143231	0.00828202	0.00826754	0.00499486	0.0839343	0.030831	0.0218859	0.00669083	0.00296406
146	0.0718645	0.0290364	0.0094036	0.00864542	0.0811671	0.0551816	0.0143552	0.0547193	0.0224109	0.0865446	0.0328984	0.0172704	0.0128774	0.0157047	0.0498165	0.0547552	0.0481975	0.06907	0.231759	0.0343224
147	0.0201886	0.0102664	0.0319786	0.0116629	0.00731624	0.0193098	0.0571807	0.0100244	0.152239	0.0301139	0.0139531	0.0282635	0.0232091	0.0879166	0.366823	0.0472452	0.0417508	0.0212814	0.00776411	0.0115127
148	0.0517934	0.0182661	0.000522223	0.000600528	0.151262	0.00474356	0.000483468	0.177435	0.000945161	0.284391	0.0454164	0.00150568	0.0015257	0.000569658	0.000760478	0.0110084	0.0169665	0.214654	0.00448695	0.0126642
149	0.506711	0.0307665	0.00208764	0.00161043	0.00646065	0.0808641	0.000660319	0.00789699	0.00151711	0.0162615	0.00270563	0.00606573	0.027253	0.000959892	0.00357086	0.236617	0.0346996	0.0313512	0.000759832	0.0011812
150	0.0461955	0.0167217	0.000919907	0.000673393	0.201666	0.0100008	0.00143296	0.112331	0.000940514	0.349006	0.0690235	0.00265375	0.00430244	0.00374656	0.00143501	0.0274859	0.0193856	0.110332	0.00631137	0.0154366
151	0.0498393	0.0137199	0.00101873	0.00145865	0.164145	0.0118741	0.00809272	0.120514	0.000799538	0.343338	0.0900272	0.00204207	0.00450671	0.00319	0.00294027	0.0243806	0.0185586	0.0831183	0.00812454	0.0483121
152	0.104006	0.017308	0.000733855	0.000235964	0.0589433	0.0270365	0.000149464	0.193293	0.00026512	0.259745	0.0496284	0.000692612	0.00610554	0.000316175	0.000632794	0.0279343	0.0227157	0.223943	0.00413988	0.00217537
153	0.0805558	0.0169243	0.00129629	0.000448435	0.0512385	0.0202196	0.000371112	0.196094	0.00306426	0.208304	0.0587777	0.00643152	0.0043099	0.00253183	0.00439005	0.0350071	0.0374014	0.260461	0.00815224	0.00402095
154	0.294727	0.00947606	0.00124238	0.0011599	0.0128792	0.525687	0.00127612	0.00413378	0.00190568	0.00988968	0.00325949	0.00638243	0.00550012	0.00432663	0.00310205	0.0469075	0.0349431	0.017188	0.0132068	0.00280646
155	0.105579	0.0169589	0.000683083	0.00021871	0.058585	0.0272877	0.000148603	0.19508	0.000252651	0.249588	0.0492832	0.000683799	0.00601538	0.000301949	0.000665348	0.0275342	0.0235179	0.230712	0.00450337	0.00240202
156	0.0898196	0.0150819	0.000751379	0.000426107	0.0690478	0.0194406	0.000195833	0.199522	0.000508891	0.249378	0.0469375	0.00075549	0.00474942	0.00040245	0.000711699	0.0209751	0.0225429	0.249498	0.00541632	0.00383887
157	0.106652	0.0261089	0.00687044	0.00502571	0.0232163	0.18298	0.00528043	0.134915	0.00723405	0.0580176	0.0210859	0.0263256	0.0142243	0.016212	0.0129691	0.190933	0.0576777	0.0839517	0.00685221	0.0134684
158	0.105922	0.0179818	0.000665786	0.000217006	0.0648148	0.0238523	0.000152382	0.192888	0.000258591	0.220343	0.0491154	0.000741094	0.00565256	0.000373218	0.000749937	0.026277	0.0269517	0.253674	0.00574852	0.00362085
159	0.106471	0.0167042	0.000650014	0.000200451	0.0609512	0.025365	0.000144537	0.194778	0.000250484	0.227725	0.0491912	0.000637206	0.00598611	0.000293909	0.000708694	0.0255796	0.0250216	0.25063	0.00564171	0.00306944
160	0.0783641	0.0159364	0.000773774	0.000453331	0.0943193	0.0154155	0.000246162	0.196774	0.000609515	0.264832	0.0479579	0.000887332	0.00355316	0.000347163	0.000648115	0.0185223	0.0221018	0.228063	0.00461708	0.00557831
161	0.419292	0.0129156	0.00137131	0.00119147	0.00322452	0.219588	0.000630002	0.00873604	0.00136623	0.010537	0.00222803	0.00461428	0.024783	0.00389875	0.00268845	0.21868	0.0458603	0.0162571	0.000939816	0.00119803
162	0.104595	0.0163541	0.00067562	0.00021918	0.0597306	0.0241077	0.00016087	0.198167	0.000281941	0.223393	0.0487428	0.000650108	0.00585196	0.000342606	0.000720767	0.0243082	0.0252318	0.25735	0.00595547	0.00316055
163	0.10767	0.0178084	0.000742428	0.000229522	0.0570751	0.0277443	0.000174357	0.191833	0.000289426	0.250801	0.0489729	0.000980346	0.00656611	0.000383448	0.000685317	0.0297255	0.024088	0.227224	0.00446963	0.00253705
164	0.0515132	0.0110158	0.00373856	0.000629188	0.018336	0.0214799	0.000754477	0.187239	0.0112002	0.168876	0.0798667	0.0266537	0.00230854	0.00816251	0.0136419	0.0564015	0.0925012	0.236348	0.00741694	0.00191626
165	0.105927	0.0549801	0.00361106	0.00387399	0.0448409	0.0595194	0.073889	0.0115424	0.00387197	0.150636	0.0107557	0.0068445	0.00547638	0.00543668	0.0539027	0.0668623	0.0169824	0.0367358	0.0544676	0.229844
166	0.0358947	0.017888	0.000445935	0.000445709	0.268274	0.00597884	0.00178867	0.0733472	0.000715763	0.393444	0.0626727	0.00267265	0.0042815	0.00735015	0.00176331	0.0304939	0.0148115	0.0490501	0.00838447	0.0202969
167	0.0174963	0.00632357	0.00673128	0.00334107	0.461448	0.00399664	0.0116272	0.031067	0.00151386	0.100133	0.0135985	0.00246508	0.00373699	0.009165	0.0139598	0.0475211	0.00433986	0.0193356	0.0136188	0.228581
168	0.326574	0.0305185	0.0127657	0.00494381	0.0318724	0.0785067	0.00187786	0.0320692	0.00313197	0.0634711	0.0569293	0.0109028	0.00621654	0.00793103	0.018551	0.13126	0.073745	0.0946234	0.00715359	0.00695599
169	0.107542	0.00425063	0.00188226	0.0789058	0.00668701	0.0316753	0.00374611	0.0378865	0.102233	0.03739	0.0053157	0.0215288	0.0542256	0.00512479	0.0431727	0.0812659	0.183608	0.187694	0.00236236	0.0035025
170	0.0504835	0.0143603	0.390072	0.151119	0.00763162	0.0362919	0.00742144	0.0054591	0.00461696	0.0100569	0.00341651	0.037463	0.0329328	0.0119362	0.00601909	0.128171	0.065143	0.00764485	0.00225531	0.027506
171	0.104202	0.0110991	0.0442009	0.0298833	0.076385	0.0192133	0.0118334	0.0417383	0.0431804	0.0757693	0.0104038	0.0127367	0.220332	0.0150425	0.0169779	0.154151	0.0342827	0.0610505	0.00535786	0.0121598
172	0.20835	0.0151239	0.00335734	0.0190944	0.0602577	0.0502965	0.00187867	0.070219	0.00371137	0.0816512	0.0927169	0.00847768	0.00393572	0.00609703	0.0112086	0.118419	0.149031	0.0703779	0.0127735	0.0130226
173	0.035474	0.0225762	0.0137925	0.00330232	0.0196721	0.0446275	0.0135623	0.0153637	0.215821	0.0425657	0.0259555	0.0358496	0.00214163	0.0549223	0.318697	0.0442617	0.0209005	0.0319593	0.0330697	0.00548625
174	0.0948755	0.00380648	0.0564449	0.0647693	0.0178188	0.0642006	0.0600552	0.00750023	0.0357405	0.0344827	0.0161421	0.0895521	0.0063298	0.0488619	0.0574527	0.175496	0.137352	0.0108871	0.00510108	0.0131308
175	0.0520038	0.00986191	0.00358225	0.000716693	0.0167023	0.0220371	0.00131269	0.204751	0.0105585	0.152646	0.0735347	0.0267111	0.00280384	0.00811229	0.0179914	0.0600283	0.0798584	0.246193	0.00767377	0.00292155
176	0.0692944	0.0158658	0.00404949	0.000601317	0.0509586	0.0161346	0.000503507	0.213909	0.0042486	0.227098	0.0699749	0.00591674	0.00346722	0.00173712	0.00452764	0.0233773	0.0380469	0.242241	0.00442336	0.00362524
177	0.0337425	0.0207111	0.0124622	0.0031621	0.0204103	0.0487619	0.0130584	0.0145301	0.225554	0.0404135	0.0231601	0.03711	0.00215309	0.0597414	0.298367	0.0516874	0.0244546	0.0280999	0.0374537	0.00496723
178	0.0417256	0.0102574	0.00374137	0.000865244	0.014102	0.0201994	0.00103213	0.185987	0.0147216	0.167691	0.0736639	0.0321514	0.00220268	0.00890273	0.0149163	0.0584863	0.098591	0.239889	0.00852136	0.00235313
179	0.0337952	0.00344231	0.00341953	0.0185239	0.00491435	0.0316486	0.0204795	0.00408772	0.0862491	0.0182784	0.00317157	0.0100889	0.413001	0.0440569	0.19653	0.0501657	0.0465097	0.00674196	0.00200233	0.00289326
180	0.0502041	0.0076078	0.00155287	0.00386794	0.0261245	0.0113981	0.00174127	0.0203289	0.0093468	0.0207485	0.00702565	0.0220255	0.0085409	0.0121084	0.00609393	0.176455	0.568359	0.0277271	0.00161272	0.0171311
181	0.0506538	0.0165436	0.00160016	0.00133186	0.22426	0.0106671	0.0024499	0.122395	0.00181913	0.297266	0.0529276	0.00294978	0.00393557	0.00428095	0.00372432	0.030325	0.0197522	0.115832	0.00942884	0.0278569
182	0.0480946	0.0101737	0.00114416	0.00746779	0.0577122	0.0125781	0.0550133	0.0679387	0.0666538	0.120122	0.022361	0.0128076	0.0162189	0.0262059	0.164544	0.0370976	0.075456	0.0863843	0.069511	0.0425156
183	0.0475867	0.0117615	0.000713678	0.00123687	0.054524	0.011957	0.000352605	0.317476	0.00110259	0.188317	0.0402507	0.00113229	0.00332101	0.000992191	0.0027238	0.0172487	0.0148451	0.277335	0.00374112	0.00338224
184	0.0485262	0.0144037	0.000716317	0.0010247	0.112654	0.00702625	0.000475037	0.22006	0.00120486	0.283533	0.0474469	0.00113992	0.00144697	0.000704446	0.00102272	0.0120486	0.018278	0.213937	0.00517604	0.00917511
185	0.0395476	0.0105755	0.000902376	0.00152786	0.0309241	0.0148493	0.000549279	0.357108	0.00133813	0.159396	0.0352218	0.00187506	0.00408362	0.00157308	0.00437271	0.0165347	0.0154675	0.2992	0.00317543	0.00177735
186	0.260387	0.018737	0.00323782	0.00293414	0.0553918	0.0860542	0.00215293	0.0461819	0.00370931	0.224514	0.0540192	0.00545065	0.00804785	0.00485506	0.00734562	0.0664371	0.0552785	0.0796301	0.00743904	0.00819682
187	0.0802588	0.00612612	0.0378493	0.227128	0.0123089	0.0219347	0.0210167	0.0159773	0.0304614	0.0458886	0.00913747	0.0173714	0.0993411	0.191203	0.0230624	0.0546045	0.0350561	0.0609696	0.00286215	0.00744308
188	0.0958496	0.00979987	0.00654214	0.0147799	0.0101305	0.614301	0.0049631	0.0153033	0.00697966	0.0186341	0.00854873	0.0179253	0.00647895	0.0242762	0.00968464	0.056493	0.0244858	0.0429201	0.00710105	0.00480325
189	0.0640727	0.0122804	0.000934126	0.00102475	0.0540388	0.0149882	0.000349154	0.272205	0.000855145	0.210403	0.0450271	0.000958109	0.0038494	0.000989522	0.00218226	0.0173124	0.0176876	0.273618	0.00426316	0.00296103
190	0.112441	0.055133	0.000795325	0.00102422	0.132957	0.0172589	0.000485451	0.107071	0.000832301	0.159927	0.0470929	0.00153548	0.00256454	0.00324667	0.00116802	0.074923	0.0917145	0.177753	0.00482954	0.00724736
191	0.107862	0.00745136	0.00536127	0.00225657	0.00873902	0.69865	0.00388706	0.00524801	0.00331446	0.00943823	0.00465916	0.0239014	0.00289036	0.00796085	0.00531406	0.0460992	0.0216779	0.0242612	0.00745431	0.00357377
192	0.0449906	0.0708504	0.00297099	0.00266772	0.018816	0.06123	0.00421178	0.00951835	0.00561943	0.0456968	0.00901308	0.060711	0.00471828	0.0417574	0.00710305	0.274331	0.266442	0.0130659	0.00227802	0.0540084
