485	20
1	0.0919246	0.0146341	0.00268583	0.00106727	0.0260247	0.00453762	0.00107499	0.240591	0.0018527	0.197529	0.0461124	0.00141121	0.00863845	0.000708523	0.00239994	0.0150091	0.0399489	0.30083	0.00270535	0.00031389
2	0.0127788	0.012527	0.00317977	0.00283735	0.0571869	0.00415279	0.00571457	0.122589	0.00628316	0.485642	0.0963604	0.0146019	0.00426403	0.00449925	0.00885065	0.0216362	0.0240309	0.101509	0.00405857	0.00729825
3	0.068247	0.00761136	0.00603279	0.0249205	0.0227579	0.0237837	0.0320792	0.00450419	0.0445555	0.045335	0.00563044	0.0367398	0.00739688	0.0232437	0.0664273	0.274938	0.268608	0.0231797	0.00112057	0.0128887
4	0.0370783	0.0187313	0.198081	0.0909336	0.00410205	0.276621	0.0363987	0.00207889	0.061075	0.00621223	0.00204064	0.0792062	0.0197386	0.0495518	0.0483095	0.0391671	0.0229075	0.0037044	0.00055095	0.00351113
5	0.165282	0.0244351	0.00289296	0.000703965	0.0264288	0.00851094	0.00146926	0.159811	0.00189589	0.134939	0.0409089	0.00236909	0.0123698	0.000776816	0.00109047	0.0241424	0.0533	0.336951	0.00128728	0.000434696
6	0.109769	0.00408604	0.0309793	0.0491217	0.00507057	0.0242281	0.0203115	0.00559462	0.0308321	0.0231878	0.0013556	0.0253396	0.460264	0.0205933	0.0288211	0.121042	0.0247577	0.0114721	0.000449586	0.00272508
7	0.332655	0.0311595	0.00602784	0.0198324	0.0226772	0.0410684	0.00693667	0.0645272	0.00996371	0.026635	0.0199821	0.0041332	0.0115816	0.0130329	0.0111961	0.140209	0.0902599	0.144097	0.000732738	0.00329265
8	0.0641705	0.0156502	0.00590237	0.00515037	0.126196	0.0114809	0.00974229	0.206805	0.00539741	0.126257	0.0631013	0.00916295	0.0090507	0.00593902	0.00954572	0.0272858	0.0585739	0.21694	0.00597711	0.0176717
9	0.00860338	0.00304833	0.000977768	0.00154819	0.0876595	0.00216752	0.0014674	0.145195	0.00125455	0.518914	0.0634069	0.00128838	0.00218938	0.000726676	0.00434592	0.00323794	0.0142492	0.134005	0.00357846	0.0021369
10	0.0419597	0.00594471	0.00684282	0.00753298	0.000893115	0.850841	0.00201855	0.0023907	0.00274941	0.00280447	0.0010628	0.00469402	0.00236482	0.00232883	0.00694794	0.0445709	0.00838287	0.00464911	0.000278112	0.000743493
11	0.225228	0.0241349	0.0081718	0.00585524	0.0419894	0.0158748	0.00484563	0.132063	0.00441117	0.0879495	0.0334919	0.00576282	0.0108578	0.00520175	0.00470194	0.0525349	0.0708765	0.259267	0.00236594	0.00441646
12	0.125153	0.00964781	0.124374	0.152339	0.000667933	0.0313407	0.0212514	0.00590634	0.10038	0.0189818	0.00985454	0.0460995	0.000763232	0.078077	0.0824611	0.117067	0.0594617	0.015451	0.000220884	0.000502286
13	0.0745764	0.11761	0.16564	0.0187747	0.00785452	0.0185726	0.0559693	0.00961638	0.0102211	0.0144941	0.00756439	0.0388651	0.011089	0.0119289	0.0165159	0.366597	0.0247733	0.0165619	0.00313095	0.00964553
14	0.0169487	0.0251892	0.00382211	0.0080086	0.0295081	0.0199973	0.246922	0.00391442	0.0425867	0.10292	0.0349157	0.030312	0.00299367	0.0811709	0.232111	0.0302279	0.0559082	0.00851559	0.0143187	0.00970971
15	0.0235625	0.0254718	0.0045695	0.00701894	0.0253323	0.0131181	0.401606	0.00533756	0.024955	0.0891075	0.0326569	0.0359923	0.00280314	0.106508	0.0700475	0.0340658	0.0520905	0.00803173	0.00804755	0.0296769
16	0.0403726	0.00998557	0.00620126	0.0390681	0.0249578	0.0120567	0.0146925	0.179969	0.0286579	0.0671526	0.0338271	0.0167077	0.0208105	0.01515	0.0474449	0.0343337	0.107705	0.281493	0.00576455	0.0136494
17	0.191157	0.0304899	0.0033787	0.00143845	0.0335192	0.0102244	0.0025375	0.156141	0.00208605	0.112694	0.0391422	0.00738859	0.0116517	0.00151195	0.00158086	0.0280464	0.0579179	0.306185	0.00116976	0.00173991
18	0.0805675	0.00894447	0.0222679	0.0323083	0.00856407	0.0300126	0.0299386	0.0045009	0.0522654	0.0318744	0.00381347	0.0387465	0.109086	0.0265845	0.0588004	0.286106	0.144804	0.0222923	0.001142	0.00738041
19	0.011392	0.00572421	0.00534059	0.00177802	0.0244514	0.0014795	0.00138356	0.1947	0.00138431	0.420281	0.0435225	0.00121188	0.0117636	0.000803356	0.00389771	0.00559178	0.0140766	0.249243	0.00121698	0.0007584
20	0.044107	0.00891026	0.0437072	0.0402309	0.00237073	0.675944	0.00996453	0.00283967	0.0265542	0.00499081	0.00203981	0.0250109	0.00376692	0.0158286	0.0322593	0.0384308	0.0132269	0.00594602	0.000735773	0.00313513
21	0.0673783	0.00727594	0.0172441	0.0621037	0.00137304	0.0129224	0.0145387	0.0313632	0.236341	0.0261222	0.012484	0.045669	0.00377383	0.058226	0.141034	0.0936585	0.0892082	0.0759645	0.00231698	0.0010025
22	0.00734705	0.00300816	0.000898391	0.0014574	0.0851071	0.00246186	0.00150007	0.134563	0.00130931	0.546955	0.0646501	0.00145873	0.00191233	0.000706965	0.00417294	0.00341291	0.0126804	0.121002	0.00341826	0.00197885
23	0.0524211	0.028402	0.0142008	0.00740496	0.0567442	0.0179272	0.0215801	0.149993	0.0137358	0.0786139	0.043341	0.0240711	0.0278035	0.0153168	0.0310861	0.051012	0.110973	0.19698	0.0198547	0.0385385
24	0.0331479	0.00368416	0.016689	0.0575581	0.00487851	0.0173322	0.0178662	0.00354792	0.21689	0.0148362	0.00536489	0.0212481	0.00836372	0.043261	0.461096	0.0392187	0.0237096	0.00812092	0.00198344	0.00120334
25	0.0104956	0.00955586	0.00850395	0.00299201	0.535239	0.0134897	0.0210646	0.0219494	0.00285869	0.18295	0.0479393	0.00332056	0.00220703	0.00520503	0.00413416	0.0095023	0.0090892	0.020162	0.0567815	0.0325595
26	0.00951562	0.00476473	0.000842929	0.00240674	0.0469024	0.00387247	0.00247022	0.10479	0.00219233	0.577835	0.0849132	0.00217125	0.00225464	0.000784556	0.00735156	0.00649261	0.0145348	0.124096	0.000774503	0.00103505
27	0.250193	0.0618166	0.00294861	0.00367514	0.00950311	0.0207751	0.00688685	0.00603812	0.00166588	0.0221987	0.00232475	0.0111622	0.00226771	0.00390812	0.00488445	0.475263	0.0639044	0.0382971	0.000437063	0.01185
28	0.157416	0.028801	0.00310912	0.00138195	0.0260435	0.01232	0.00282227	0.15736	0.00294201	0.147822	0.0396739	0.00379965	0.0131386	0.00243167	0.00250277	0.0324002	0.0585407	0.304505	0.00139079	0.00159772
29	0.0456759	0.0409608	0.0082659	0.00853986	0.314297	0.0106453	0.0756558	0.0193142	0.01313	0.069134	0.0154913	0.0203718	0.0128195	0.0275593	0.0119694	0.0265325	0.0210289	0.0531775	0.0076842	0.197746
30	0.0190022	0.00691233	0.00860219	0.0361366	0.0203245	0.0150118	0.0223507	0.00672425	0.208	0.0292196	0.00570866	0.0126363	0.00809654	0.0257566	0.506756	0.0278753	0.0196541	0.0123799	0.00244583	0.00640626
31	0.04972	0.0594134	0.0335241	0.0131215	0.354849	0.0175252	0.0786189	0.0113076	0.0126329	0.0508517	0.0099731	0.0261008	0.00706452	0.0536817	0.0146244	0.0480592	0.0471934	0.0561644	0.00747495	0.0480993
32	0.0976521	0.00865528	0.0809625	0.139403	0.00578945	0.0293977	0.0248638	0.0107312	0.167272	0.0191427	0.0119139	0.0419299	0.0135002	0.077599	0.109249	0.0822532	0.0455794	0.028745	0.0023305	0.00303032
33	0.00942182	0.00438799	0.000853665	0.00244444	0.0610455	0.00279542	0.00251381	0.120129	0.00218753	0.542957	0.0840024	0.00250528	0.00248583	0.000858251	0.00857201	0.00592484	0.0158806	0.127858	0.00195067	0.00122558
34	0.0227657	0.0160494	0.00454149	0.00491073	0.0216024	0.00561643	0.00594039	0.00545168	0.00466225	0.0106483	0.00648389	0.00528775	0.0038068	0.00781797	0.00626945	0.00910062	0.00779619	0.00651348	0.839139	0.00559615
35	0.0223447	0.0165985	0.00499335	0.00484285	0.0218803	0.0053501	0.00594523	0.0049891	0.00493704	0.00986887	0.00430203	0.00537214	0.00350062	0.00706756	0.00657607	0.00951844	0.00799852	0.00698665	0.841482	0.00544592
36	0.0745217	0.0257943	0.0097722	0.0138465	0.0268609	0.0332636	0.0185416	0.0316482	0.0291537	0.160084	0.130875	0.0238524	0.0115186	0.0213522	0.0264674	0.178295	0.116434	0.045418	0.00434467	0.0179567
37	0.266503	0.0256879	0.00767171	0.0231471	0.0161815	0.0422324	0.00861355	0.0670458	0.025505	0.025004	0.0166004	0.00956624	0.0116905	0.0168749	0.0220484	0.162321	0.128447	0.119866	0.00125617	0.00373769
38	0.118713	0.0112228	0.0130943	0.0251049	0.0138967	0.0152067	0.118622	0.0164689	0.0199261	0.0755895	0.0619264	0.0141592	0.178076	0.208624	0.0223504	0.0245126	0.0232125	0.0226438	0.00441086	0.012239
39	0.0818942	0.0181876	0.029598	0.043446	0.00303704	0.0356185	0.0260995	0.0131789	0.153033	0.035409	0.0215317	0.0213589	0.0083626	0.0514491	0.223921	0.108331	0.0542845	0.0259764	0.041161	0.00412215
40	0.0462776	0.0190604	0.00803709	0.00585155	0.0532817	0.00867561	0.0256735	0.169671	0.0112901	0.0687143	0.0573429	0.0239239	0.0174308	0.0100324	0.0196667	0.0415679	0.135412	0.219348	0.0161639	0.0425797
41	0.0421521	0.00438095	0.00666658	0.00684348	0.00098194	0.884143	0.00138647	0.00237901	0.00129416	0.00276423	0.00107464	0.0033101	0.000622113	0.00108823	0.00533381	0.0267844	0.00296078	0.00499037	0.000181287	0.000662137
42	0.102527	0.00867531	0.137372	0.136881	0.000758462	0.0267444	0.0221021	0.00439553	0.0803002	0.0124044	0.0101147	0.0738025	0.00095093	0.0637103	0.0591898	0.156585	0.0880868	0.0147014	0.000296708	0.000401524
43	0.132341	0.0344275	0.0301932	0.0279601	0.00744837	0.0745244	0.0281049	0.00777913	0.0739399	0.0252208	0.0155867	0.0435517	0.0131835	0.03113	0.0983846	0.266752	0.0598172	0.0100199	0.00387343	0.0157614
44	0.0380513	0.00420793	0.00511579	0.00557384	0.000478213	0.900874	0.000971895	0.00211102	0.000614924	0.00193486	0.000425735	0.00208475	0.000368982	0.000642594	0.00442266	0.0261203	0.00140461	0.00403603	0.000151932	0.000409132
45	0.0644607	0.0156866	0.0266801	0.0520011	0.0012382	0.0294289	0.0304043	0.0111572	0.170696	0.0444925	0.024438	0.025303	0.00118122	0.0663857	0.263058	0.103346	0.0306888	0.0259617	0.0107698	0.00262223
46	0.0464704	0.00107212	0.341012	0.264152	0.000662645	0.0388039	0.0170591	0.00240254	0.0579823	0.00264612	0.00458033	0.0575337	0.0105466	0.0462194	0.0206072	0.0515346	0.029112	0.00341447	0.00163363	0.0025557
47	0.0188471	0.00122994	0.000804974	0.000604248	0.00562857	0.000515902	0.000573343	0.314605	0.000588859	0.120807	0.0304356	0.000572912	0.00126356	0.000576377	0.00236258	0.00226661	0.00382379	0.493961	0.000225433	0.000307546
48	0.0560277	0.0101673	0.0396897	0.129594	0.0127761	0.01745	0.0418273	0.0123437	0.0828669	0.0277107	0.0199922	0.0256811	0.0982292	0.209148	0.105755	0.0478534	0.0268078	0.0236856	0.00374006	0.00865492
49	0.0754222	0.0267636	0.00825046	0.00744322	0.0654539	0.0233014	0.09015	0.0823917	0.0273117	0.10544	0.0626322	0.0648293	0.0308161	0.021488	0.0211056	0.0358945	0.0603388	0.12087	0.00788055	0.062216
50	0.0497604	0.00201007	0.317043	0.256142	0.000751805	0.041081	0.0188676	0.00281893	0.0620674	0.00440363	0.00509502	0.061563	0.00883251	0.0494203	0.0269493	0.0553344	0.0294413	0.00446508	0.0015435	0.00241052
51	0.0943264	0.0170176	0.0293091	0.0304842	0.0203487	0.0424241	0.027016	0.031811	0.0312422	0.0495767	0.0170979	0.0476616	0.0219267	0.0297269	0.0334043	0.153217	0.239002	0.0653996	0.00785721	0.011151
52	0.103315	0.0161556	0.0457025	0.0800271	0.00779661	0.0317892	0.0365293	0.0127277	0.120499	0.0285605	0.0154144	0.0322546	0.0135733	0.118337	0.156474	0.0892983	0.0458031	0.0312036	0.00625973	0.00828026
53	0.00613172	0.00486234	0.00474296	0.00277059	0.272818	0.00464514	0.0065356	0.151323	0.00272477	0.306022	0.101004	0.00779841	0.00195303	0.00228585	0.00434025	0.00544012	0.0169088	0.0563397	0.0329084	0.00844494
54	0.00995197	0.0044924	0.000817386	0.00218525	0.0505269	0.00330095	0.00197445	0.110536	0.00205939	0.572405	0.0833345	0.00202505	0.00246295	0.000667004	0.00680918	0.0054528	0.0139327	0.125156	0.000899244	0.00101066
55	0.00845119	0.00425586	0.000829046	0.0017345	0.0472468	0.00330223	0.00174001	0.104976	0.001873	0.603507	0.0732544	0.00194526	0.00213168	0.00064161	0.00590691	0.00483123	0.0120754	0.119544	0.000789376	0.000965173
56	0.0103013	0.0043602	0.000774546	0.00179982	0.0529898	0.00321661	0.00175793	0.111328	0.00167995	0.581132	0.0744834	0.00171416	0.00195692	0.0006345	0.00595568	0.0045625	0.0135747	0.125655	0.0010907	0.00103225
57	0.0473535	0.0015493	0.25665	0.314271	0.0011578	0.0356412	0.0204547	0.00155984	0.069629	0.00794528	0.0058098	0.0468952	0.00815986	0.0649081	0.0297343	0.0533491	0.0270233	0.00348945	0.00169955	0.00272044
58	0.279166	0.0313232	0.00671169	0.0196093	0.0272361	0.0461717	0.00654065	0.0661048	0.0115746	0.0368222	0.0171365	0.00459189	0.0254786	0.0162414	0.0168202	0.148218	0.0943614	0.137683	0.00327205	0.00493634
59	0.00896935	0.0612993	0.00240117	0.00318439	0.337573	0.0019529	0.0461352	0.0112866	0.0015408	0.079143	0.0101187	0.004565	0.00107928	0.0090368	0.00208919	0.0117045	0.0043169	0.0361647	0.00986353	0.357575
60	0.176759	0.0257286	0.0028867	0.000776425	0.0268105	0.00869838	0.00148124	0.156825	0.00185888	0.1271	0.0392968	0.00258811	0.0118811	0.000901553	0.00102395	0.0253477	0.0547402	0.333562	0.00109831	0.000635633
61	0.153924	0.0224454	0.00270409	0.000745027	0.0306578	0.00806667	0.00147792	0.167963	0.00198264	0.166042	0.0428994	0.00231352	0.011954	0.000721523	0.00145444	0.0225075	0.0521611	0.308148	0.00139838	0.000433396
62	0.0112335	0.00347577	0.000914626	0.00174537	0.0790134	0.00241473	0.00152505	0.146452	0.00130466	0.510527	0.0696114	0.00137732	0.00241209	0.00070714	0.00478569	0.00400907	0.0149287	0.138585	0.00311762	0.00185911
63	0.011139	0.00445507	0.00155177	0.00161041	0.044473	0.0028308	0.00161701	0.135378	0.00177408	0.551955	0.063053	0.00170697	0.00326067	0.000707717	0.00523267	0.00531549	0.0128744	0.148855	0.00115466	0.00105544
64	0.12843	0.00375899	0.0105509	0.031015	0.00831849	0.0135478	0.00953552	0.0113241	0.0115744	0.0293055	0.00464394	0.00799404	0.630485	0.0117797	0.0142457	0.0409886	0.0164761	0.0108946	0.00117843	0.00395337
65	0.047526	0.00848286	0.00223141	0.00192015	0.0213827	0.00219662	0.000846035	0.301176	0.00174283	0.223199	0.0547193	0.00100905	0.00580483	0.000660265	0.00399792	0.00977993	0.029578	0.281532	0.00181117	0.000403888
66	0.0169313	0.00497865	0.00326946	0.00140978	0.0145283	0.000755081	0.000820115	0.307106	0.00122914	0.261088	0.0415807	0.000849057	0.00575525	0.000664905	0.00348562	0.00794573	0.0159596	0.309768	0.00143249	0.000443513
67	0.0485899	0.000820427	0.284856	0.305673	0.000707438	0.0400372	0.0211887	0.000869055	0.0595766	0.00378815	0.00562983	0.047479	0.00885098	0.0586194	0.0230005	0.0569672	0.0273395	0.00131509	0.00162564	0.00306658
68	0.0648962	0.0166483	0.125703	0.0918082	0.00484075	0.290271	0.0228293	0.00174473	0.0613847	0.0082362	0.0020871	0.0838893	0.0261411	0.0300119	0.0507285	0.0722885	0.0368626	0.00409347	0.000392485	0.00514289
69	0.114192	0.00673571	0.0485556	0.0642014	0.00399206	0.0507198	0.0301369	0.00476154	0.054589	0.0252613	0.00172712	0.0468739	0.201972	0.0292393	0.0408611	0.205148	0.0465048	0.0195333	0.000386745	0.00460801
70	0.0842839	0.0234154	0.0108822	0.0095334	0.374356	0.0146063	0.0282302	0.0379988	0.0101855	0.087951	0.0255758	0.0122111	0.0136178	0.0184029	0.0095773	0.0418509	0.030787	0.0680242	0.0134178	0.0850926
71	0.0665251	0.0156508	0.0298911	0.0485577	0.00768983	0.0324372	0.0291494	0.0136565	0.115977	0.0374378	0.014195	0.0278691	0.014782	0.0510052	0.296612	0.1162	0.044405	0.0252328	0.00566625	0.00705965
72	0.293713	0.0559378	0.00106312	0.00148351	0.0125939	0.00969464	0.00183726	0.00832986	0.00122045	0.0235332	0.00221489	0.00498455	0.00103581	0.00304689	0.00307739	0.431405	0.0817997	0.0539361	0.00031248	0.00878077
73	0.289541	0.0567841	0.00104181	0.00165746	0.0122129	0.0102276	0.00184858	0.00841144	0.00125993	0.0231867	0.00238972	0.00525161	0.00100148	0.00331147	0.00337253	0.432501	0.0823965	0.0546285	0.0003248	0.00865034
74	0.00738235	0.00371859	0.00121465	0.00160913	0.0877027	0.00259011	0.00181019	0.150485	0.00152834	0.521748	0.0651636	0.00212404	0.00222012	0.000798319	0.00430714	0.00390253	0.0135539	0.121729	0.00407029	0.00234238
75	0.0228139	0.0493806	0.00758383	0.0718915	0.0422676	0.0130115	0.123837	0.00692961	0.0134655	0.0540118	0.0153879	0.0183271	0.00744144	0.350097	0.0205847	0.074248	0.0536836	0.0141837	0.0303095	0.0105447
76	0.0794863	0.0148997	0.0456816	0.0432729	0.0920358	0.0736315	0.0832773	0.0150293	0.0349519	0.0285279	0.0130114	0.105237	0.00673494	0.0858519	0.00872983	0.0582092	0.0646638	0.0570572	0.00101413	0.0886967
77	0.0140132	0.00395285	0.00196256	0.00162228	0.0567953	0.00142123	0.00120775	0.2197	0.00156412	0.401538	0.0592623	0.00116641	0.00388225	0.000747547	0.00447299	0.00498158	0.019382	0.196612	0.00439104	0.00132462
78	0.165096	0.00667733	0.0531834	0.106108	0.00847812	0.010412	0.0415219	0.0418138	0.055609	0.0732179	0.0755796	0.00857436	0.0142598	0.234947	0.0145212	0.0148306	0.0149136	0.049951	0.00505677	0.00524807
79	0.00814226	0.00310468	0.00100739	0.00159073	0.0801911	0.00223113	0.00147208	0.157157	0.00129889	0.510761	0.0640577	0.00131484	0.00232782	0.000771554	0.00464153	0.00339775	0.013786	0.137684	0.00314804	0.00191321
80	0.0234718	0.17802	0.00763187	0.00630796	0.0441582	0.00927507	0.0300712	0.0378442	0.027535	0.0659979	0.0165217	0.0145842	0.0115949	0.00981989	0.0755547	0.0922077	0.0557735	0.142456	0.0479641	0.10321
81	0.166338	0.0226925	0.00276652	0.000662348	0.0285529	0.00886074	0.00169511	0.161158	0.00186485	0.136805	0.0470243	0.00257455	0.0158603	0.000727276	0.00088317	0.0241022	0.0539494	0.321555	0.0014838	0.000443656
82	0.0465681	0.00184388	0.311119	0.271682	0.00089601	0.0423024	0.0202063	0.0022057	0.0568808	0.00391408	0.00623331	0.0573662	0.00915194	0.05523	0.0242432	0.0552239	0.0276716	0.00308855	0.00149155	0.0026821
83	0.143182	0.0244368	0.0232574	0.0358364	0.0078494	0.0470909	0.0174196	0.0127478	0.0586905	0.0227001	0.00977415	0.026025	0.0123401	0.0287974	0.0692847	0.32793	0.0909197	0.0316767	0.00296994	0.00707048
84	0.0375935	0.00524385	0.0082611	0.00789236	0.00213857	0.875769	0.00212906	0.00225542	0.00220246	0.00395983	0.00138907	0.0047804	0.000718379	0.00184857	0.00599837	0.0267187	0.00273078	0.00446292	0.00131141	0.0025963
85	0.0648491	0.0608129	0.180173	0.0521568	0.00683648	0.0417697	0.0605493	0.010407	0.0313507	0.0131674	0.00580036	0.0962435	0.0192888	0.0281433	0.0300839	0.22448	0.0443649	0.0160648	0.00299525	0.0104626
86	0.115661	0.00938547	0.0446892	0.0579265	0.00355724	0.0417403	0.028128	0.00503892	0.0551919	0.0228904	0.00237056	0.043904	0.202984	0.0257932	0.0423744	0.209551	0.0612584	0.021797	0.000698782	0.00505941
87	0.124836	0.00913134	0.127401	0.156368	0.000533172	0.0304056	0.0213485	0.00593044	0.100664	0.0189057	0.00986471	0.04557	0.000756386	0.0786225	0.0812365	0.113195	0.0589856	0.0157465	0.000224747	0.000274384
88	0.033361	0.00742967	0.00876622	0.0686349	0.0158249	0.0187376	0.0159604	0.179911	0.043531	0.0609422	0.0218226	0.027106	0.0103151	0.0189403	0.0669131	0.0367108	0.0925657	0.264589	0.00242814	0.00551
89	0.0315966	0.0258752	0.0208785	0.0879176	0.0027708	0.00759406	0.00923183	0.0230564	0.17851	0.0255357	0.00603495	0.0199617	0.00392808	0.142049	0.139611	0.0620467	0.125998	0.0831381	0.00187729	0.00238874
90	0.0269626	0.00279008	0.00112518	0.000629299	0.00419295	0.000784012	0.000598293	0.282495	0.000645224	0.114113	0.0207368	0.000637864	0.00183711	0.000650627	0.00254173	0.00251003	0.00429893	0.531881	0.000219498	0.000350422
91	0.00973406	0.0247786	0.00128585	0.00540139	0.377087	0.00148065	0.0223465	0.0189628	0.00140779	0.122296	0.0207023	0.00235401	0.000719274	0.00780927	0.00156406	0.00965362	0.00426345	0.0320548	0.00839259	0.327706
92	0.0187601	0.0014331	0.000853434	0.000631375	0.00737047	0.000509685	0.000581845	0.318052	0.000590331	0.12868	0.0368195	0.000566232	0.00130329	0.00059304	0.00226884	0.00261902	0.00453426	0.473247	0.000265998	0.00031978
93	0.109799	0.0186493	0.0274474	0.0306244	0.0261191	0.132972	0.0827801	0.00802014	0.0464254	0.0357302	0.028133	0.128921	0.0110497	0.0613175	0.0222565	0.122369	0.0577543	0.0207718	0.00190294	0.0269579
94	0.344882	0.0402685	0.00443853	0.0111694	0.0152148	0.0233041	0.00424877	0.0530939	0.00523757	0.0265646	0.0124863	0.00519397	0.00691473	0.00909905	0.00679679	0.213345	0.074449	0.132076	0.000455109	0.0107621
95	0.152243	0.148373	0.0154365	0.0226827	0.00734701	0.188644	0.0502355	0.00623521	0.0108769	0.015716	0.00623923	0.033154	0.00912682	0.0317821	0.0244318	0.218449	0.0267005	0.0165003	0.00417923	0.0116471
96	0.0183153	0.0192631	0.413756	0.102403	0.0022779	0.0291193	0.0271929	0.0301256	0.0309236	0.00442779	0.00245558	0.0493818	0.0218371	0.00625237	0.0108659	0.0958223	0.0998259	0.0266322	0.00714915	0.00197281
97	0.0118936	0.00182273	0.569804	0.0475136	0.00128474	0.0240845	0.0149372	0.006138	0.0276839	0.00244953	0.00122725	0.212319	0.00393895	0.00804014	0.0147109	0.0333569	0.00755608	0.00971025	0.000474753	0.00105389
98	0.122443	0.00342267	0.011504	0.0298541	0.00597249	0.0138338	0.00986673	0.0115505	0.0115789	0.0266432	0.00301693	0.00817905	0.640394	0.0119559	0.0127234	0.0440324	0.0162429	0.0127216	0.00144455	0.00262014
99	0.0118368	0.0224935	0.00398248	0.00356274	0.559666	0.00290303	0.020815	0.00867735	0.00209532	0.0752841	0.020331	0.00252175	0.000987322	0.00636518	0.00277419	0.01002	0.0102164	0.0206433	0.00994264	0.204882
100	0.124843	0.00929811	0.126161	0.155527	0.000528812	0.0303017	0.0211793	0.00598539	0.101213	0.0191526	0.00984049	0.0455819	0.000676085	0.078731	0.0819696	0.113354	0.0593516	0.0158532	0.00020402	0.000248927
101	0.165155	0.0220684	0.00295229	0.00113181	0.0262414	0.00849988	0.00320045	0.147114	0.00216785	0.18479	0.0383613	0.00288855	0.0127031	0.00196845	0.00215507	0.0240675	0.0573961	0.295267	0.00108876	0.00078267
102	0.0197697	0.00394663	0.0016357	0.00172723	0.0170625	0.000657809	0.000718995	0.341485	0.00114089	0.201154	0.0585089	0.000694441	0.00286253	0.000647343	0.00386219	0.00593993	0.0154974	0.321024	0.00125995	0.000404712
103	0.0881299	0.00758952	0.037743	0.0760117	0.00154294	0.0176393	0.0214919	0.00904025	0.198818	0.0232638	0.0134746	0.0388617	0.00287891	0.0780585	0.209095	0.0949178	0.0540199	0.0217568	0.00456752	0.00109881
104	0.0503298	0.000713484	0.286341	0.29916	0.000600843	0.0405924	0.021145	0.000783109	0.0606066	0.0031803	0.00562893	0.0486242	0.00921374	0.0570012	0.0236996	0.0580325	0.0283853	0.00119752	0.00167721	0.00308727
105	0.206856	0.04577	0.00304962	0.00683616	0.00601388	0.0593099	0.00489937	0.00368111	0.00379288	0.0189537	0.00200182	0.00511159	0.00176746	0.00310359	0.0118042	0.530729	0.0548745	0.0253592	0.000547841	0.00553818
106	0.0137379	0.0123779	0.00594658	0.00241926	0.196422	0.0144292	0.00698043	0.288015	0.00270927	0.0355174	0.113288	0.00741381	0.00211133	0.00289669	0.00362185	0.00492409	0.0231102	0.243487	0.00106312	0.0195284
107	0.0668401	0.0139965	0.0256888	0.0543931	0.0017346	0.0247367	0.032095	0.0117625	0.178338	0.0444581	0.0288761	0.0239518	0.00131103	0.0662119	0.261622	0.0887719	0.0350639	0.027086	0.0108396	0.00222316
108	0.368922	0.0263244	0.00658863	0.018705	0.02033	0.0358054	0.00521539	0.0662865	0.00796835	0.0264308	0.0206795	0.00379186	0.00914312	0.0128467	0.00836248	0.127583	0.0811517	0.150024	0.000293158	0.00354769
109	0.198852	0.0238641	0.00296719	0.00164673	0.0257766	0.0114235	0.00157381	0.158502	0.00195159	0.119973	0.0394362	0.00251001	0.0115539	0.00105343	0.000931853	0.030318	0.0572779	0.308349	0.00101397	0.00102548
110	0.0921217	0.0102758	0.0514172	0.0901342	0.00198588	0.0228914	0.0253306	0.00900071	0.166108	0.0278836	0.0156258	0.0334852	0.00247022	0.0724531	0.210105	0.0976054	0.0434125	0.0206182	0.00564876	0.00142683
111	0.0693645	0.0128645	0.0311355	0.0641417	0.00128896	0.021796	0.0261724	0.0165588	0.190694	0.0396257	0.0219188	0.0318671	0.00160098	0.0663561	0.215438	0.0920906	0.0454539	0.0416895	0.00820047	0.00174188
112	0.0368574	0.0332798	0.00747655	0.00820963	0.0106856	0.0110356	0.291555	0.0255627	0.0348691	0.0528071	0.0301274	0.0179929	0.00469056	0.0920977	0.156183	0.0246527	0.0191236	0.0358755	0.00619179	0.100726
113	0.0143869	0.0106889	0.00545752	0.00585848	0.0364732	0.0107116	0.00878605	0.0310675	0.0384634	0.365139	0.19755	0.0300848	0.00579341	0.0138064	0.0137727	0.110526	0.0496759	0.0393439	0.00195532	0.0104583
114	0.0517194	0.018308	0.130751	0.0817148	0.00461276	0.333569	0.0231071	0.0012519	0.057702	0.007121	0.001525	0.0924361	0.00931834	0.0335882	0.0565714	0.0578087	0.0321891	0.00241483	0.000371082	0.00392115
115	0.0274753	0.00328283	0.00411727	0.00397918	0.00298263	0.107077	0.00552134	0.00307186	0.00431154	0.00495228	0.00284254	0.108758	0.0170724	0.0231753	0.00563797	0.31216	0.355315	0.00544601	0.000840552	0.00198073
116	0.0115338	0.0077087	0.00390663	0.0031559	0.243175	0.00480223	0.00843477	0.134033	0.00320578	0.308175	0.0687472	0.00502406	0.00384551	0.00371929	0.00582995	0.00869538	0.0173832	0.0948604	0.0184771	0.0452872
117	0.0642478	0.0157438	0.0253248	0.054656	0.00123961	0.0237979	0.0315967	0.012031	0.172756	0.0456648	0.0250087	0.0237961	0.00112801	0.068564	0.270941	0.0891753	0.0312076	0.0285367	0.0116356	0.00294908
118	0.0189073	0.00739372	0.00617952	0.0076131	0.010547	0.00725007	0.0906682	0.0662444	0.0119756	0.412271	0.0218674	0.0095153	0.0310343	0.0540679	0.0482945	0.039745	0.059475	0.0880872	0.00234806	0.00651597
119	0.0253248	0.00880241	0.00287133	0.00866157	0.0275052	0.00594191	0.00963822	0.1341	0.0234011	0.398079	0.0878214	0.00753356	0.00622471	0.00895193	0.0694448	0.0155181	0.0245867	0.129181	0.00189006	0.00452147
120	0.0513975	0.000872166	0.283027	0.296777	0.000623087	0.0404106	0.0213308	0.000897243	0.0611395	0.00345992	0.00567597	0.0484596	0.00900154	0.0572364	0.0244532	0.059534	0.0295033	0.0014958	0.00165785	0.00304732
121	0.108406	0.00750056	0.153906	0.188491	0.000553539	0.031215	0.0215832	0.00499974	0.0920679	0.0163221	0.00885395	0.0477267	0.00181043	0.0728328	0.0716644	0.104008	0.0538787	0.0130438	0.000392832	0.000743959
122	0.0908899	0.00810352	0.0183873	0.0588935	0.0022559	0.014992	0.0131392	0.0216277	0.207175	0.0222544	0.0109858	0.0423967	0.0080801	0.0658051	0.151202	0.111326	0.0942876	0.0536533	0.00286473	0.00168028
123	0.150049	0.0203933	0.00276229	0.00106207	0.027307	0.00798009	0.00183892	0.168907	0.0021315	0.153072	0.0535026	0.00258757	0.0163549	0.000837378	0.00215546	0.0222502	0.0517718	0.312833	0.00164466	0.000558821
124	0.136587	0.00291833	0.00838235	0.0288997	0.00524719	0.013971	0.00773987	0.0116545	0.00927901	0.0256184	0.00250203	0.00613398	0.645277	0.0097796	0.0109536	0.0413905	0.0179998	0.0123952	0.00085923	0.00241149
125	0.114652	0.00680341	0.0483111	0.0639784	0.00395911	0.0513589	0.0298551	0.00479472	0.0546476	0.0249228	0.00175266	0.0471252	0.201374	0.0288904	0.0409137	0.204709	0.0473277	0.0196046	0.000385955	0.00463291
126	0.0153458	0.0221932	0.0134405	0.00350739	0.146015	0.0086238	0.022232	0.303228	0.00461648	0.0725682	0.113493	0.0291484	0.00606669	0.00482799	0.0073934	0.0115914	0.0398797	0.154265	0.00625193	0.0153118
127	0.0233974	0.00208862	0.00102984	0.000673469	0.00527246	0.00058669	0.000611862	0.297842	0.000643551	0.119341	0.0227426	0.000569224	0.001566	0.000660818	0.00319115	0.00215332	0.00469029	0.512233	0.000380009	0.000326322
128	0.0133834	0.00289993	0.582157	0.0494825	0.00143986	0.025345	0.0196563	0.00675907	0.0263546	0.00303881	0.00131568	0.173849	0.0092249	0.0102515	0.0203458	0.0317856	0.00998794	0.0109181	0.000746233	0.00105953
129	0.0212778	0.119966	0.00805384	0.00853213	0.0228827	0.0104247	0.0599379	0.0132921	0.0582461	0.0596086	0.0106693	0.0109002	0.00705578	0.018035	0.130151	0.0852278	0.0309866	0.119711	0.0623879	0.142652
130	0.0115221	0.0148969	0.00525731	0.00362796	0.470379	0.00811992	0.0199789	0.0350787	0.00322479	0.186047	0.0430374	0.00377583	0.00191598	0.00541218	0.00389653	0.0110218	0.00998438	0.0319248	0.0220147	0.108884
131	0.0373895	0.00427212	0.00735207	0.00733306	0.000576099	0.889637	0.00136955	0.00209832	0.00219857	0.00219682	0.000516637	0.00363428	0.000467604	0.00142669	0.00637773	0.0261945	0.00221415	0.00408893	0.000216615	0.000439976
132	0.0229071	0.0244271	0.00486055	0.00571349	0.0235242	0.00646407	0.00867825	0.00528008	0.00770571	0.0118632	0.00506491	0.00559173	0.00524118	0.00695917	0.011833	0.0160769	0.0101945	0.0108987	0.796006	0.0107098
133	0.0580151	0.153655	0.0198354	0.0207395	0.0421364	0.0308307	0.0566769	0.039988	0.0303313	0.11023	0.0306628	0.0993584	0.0139263	0.0343307	0.0373777	0.0744737	0.0489941	0.052948	0.00726775	0.0382224
134	0.0886943	0.014695	0.0224078	0.0273216	0.0177451	0.0426576	0.0279951	0.0324042	0.0267378	0.036486	0.0171451	0.0512044	0.0287811	0.0281427	0.0322622	0.161069	0.26591	0.0619359	0.00659368	0.00981172
135	0.0222877	0.0161533	0.00460459	0.00435953	0.0175113	0.00507942	0.00584369	0.00429874	0.00450659	0.00661838	0.00356626	0.00542628	0.00380423	0.00641992	0.00649973	0.00871292	0.00768398	0.00657076	0.856432	0.00362112
136	0.0170034	0.00272288	0.586936	0.06656	0.00134843	0.027533	0.0135827	0.00723046	0.0285356	0.00248082	0.00131418	0.15481	0.00602055	0.0110964	0.0157575	0.0317989	0.0128711	0.0106697	0.000740589	0.000988066
137	0.284079	0.0444652	0.00945554	0.0131745	0.00994577	0.0299262	0.0117638	0.015294	0.0143065	0.0207489	0.00650753	0.0198117	0.0106752	0.0120629	0.0184912	0.353539	0.0637588	0.0513493	0.00115556	0.00948937
138	0.0234004	0.0555654	0.00656418	0.00473206	0.449154	0.00694428	0.0392855	0.0144568	0.00398551	0.0770927	0.0154099	0.00744276	0.00297875	0.0129918	0.00614233	0.0228863	0.0129973	0.0346542	0.013844	0.189472
139	0.0604366	0.0371317	0.0189835	0.0146942	0.113209	0.0219937	0.056364	0.0134518	0.0178527	0.0473276	0.0141826	0.0285484	0.0101261	0.0278632	0.0309585	0.124513	0.0333795	0.0354262	0.00701745	0.286541
140	0.0217165	0.0209425	0.00725001	0.0176133	0.0229568	0.0153217	0.227018	0.0092062	0.050413	0.104894	0.0503419	0.0287079	0.00552795	0.168261	0.0493892	0.0796097	0.0845914	0.013391	0.00828697	0.0145615
141	0.0682501	0.00393308	0.232241	0.20347	0.000625763	0.0345852	0.0204104	0.00182048	0.0634022	0.00496046	0.00849406	0.0753876	0.00589249	0.0550607	0.0327251	0.112086	0.0674104	0.00640152	0.0010004	0.00184261
142	0.115512	0.0189596	0.00864649	0.01507	0.0261672	0.0144294	0.0117506	0.138227	0.0162882	0.0997406	0.0325327	0.0135041	0.0145081	0.0158022	0.0171462	0.0445471	0.0817176	0.303794	0.00301692	0.00863967
143	0.0457835	0.0110964	0.202166	0.125469	0.00220498	0.0249402	0.0328582	0.00969971	0.0478755	0.00697919	0.00688816	0.112552	0.00963676	0.02994	0.0273382	0.177357	0.107247	0.0158339	0.00229468	0.00183902
144	0.113391	0.00328042	0.0211127	0.0446278	0.00600726	0.019087	0.0133383	0.00607388	0.0237637	0.0238923	0.00125518	0.0171944	0.542247	0.020363	0.0217147	0.0931923	0.0172993	0.00942062	0.000625946	0.00211356
145	0.126035	0.0088487	0.125763	0.160983	0.00066768	0.0297344	0.0220045	0.00666948	0.0992509	0.0184004	0.00960104	0.0444891	0.00133047	0.0804398	0.0797078	0.109799	0.0576665	0.017851	0.00032728	0.000431353
146	0.0581093	0.0214251	0.112896	0.0752869	0.00502559	0.353002	0.0209964	0.00230663	0.0509122	0.00717651	0.00231626	0.0762277	0.0103023	0.026866	0.0555696	0.077061	0.0358726	0.00376541	0.000819366	0.00406268
147	0.0192301	0.00115627	0.000918967	0.000578456	0.00429387	0.000536218	0.000592688	0.310274	0.000569264	0.112204	0.022455	0.00057433	0.00127359	0.000576938	0.00244558	0.00189945	0.00340351	0.51649	0.000211076	0.00031732
148	0.0617539	0.0142394	0.0262037	0.0609267	0.00161707	0.023484	0.0320068	0.0136356	0.172458	0.0468671	0.0250441	0.0243722	0.00113778	0.0712068	0.26712	0.083128	0.0305059	0.0281959	0.0135714	0.0025253
149	0.0820992	0.00414373	0.0910963	0.195724	0.00549251	0.023886	0.0463614	0.0035933	0.124695	0.00977918	0.00646937	0.035992	0.00523683	0.136878	0.120807	0.0627177	0.0325965	0.0107093	0.000626378	0.00109565
150	0.0400702	0.007306	0.0502325	0.0275367	0.00173134	0.744672	0.00618314	0.00237085	0.0138366	0.00390813	0.00119678	0.0227126	0.00264311	0.00724778	0.0171713	0.0347608	0.0091791	0.00478004	0.000277015	0.00218427
151	0.010135	0.00474852	0.00313384	0.00161161	0.0362044	0.00205881	0.00130596	0.179442	0.00140185	0.46359	0.0528052	0.00140427	0.00667818	0.000753759	0.00454311	0.00527144	0.013035	0.209799	0.00113153	0.0009459
152	0.0302385	0.00195747	0.0305079	0.176015	0.00575267	0.0170146	0.0328585	0.0018111	0.251355	0.0086259	0.00867249	0.0418522	0.00401946	0.172222	0.154766	0.036961	0.0140405	0.00982311	0.000537906	0.000968544
153	0.0919771	0.0154176	0.144246	0.139913	0.00174765	0.066339	0.0217204	0.0063713	0.0817095	0.0138307	0.00762726	0.0588547	0.00341212	0.0577888	0.0745333	0.123984	0.0740825	0.0142566	0.000940934	0.00124797
154	0.00718834	0.00345979	0.00457982	0.00200191	0.364711	0.00682876	0.00865456	0.0650799	0.00218236	0.363706	0.057484	0.00301547	0.00164243	0.00261009	0.00334311	0.00577936	0.00957374	0.0437486	0.0281198	0.0162911
155	0.298087	0.0324108	0.00602882	0.0258761	0.0197253	0.0414912	0.00819315	0.0547264	0.0166901	0.0267099	0.0185419	0.00653378	0.0127822	0.0148946	0.019936	0.159263	0.101115	0.133099	0.0010358	0.00285916
156	0.0503298	0.000713484	0.286341	0.29916	0.000600843	0.0405924	0.021145	0.000783109	0.0606066	0.0031803	0.00562893	0.0486242	0.00921374	0.0570012	0.0236996	0.0580325	0.0283853	0.00119752	0.00167721	0.00308727
157	0.087288	0.0047678	0.00589365	0.00633315	0.000642126	0.839761	0.00132811	0.00253224	0.00100953	0.00215352	0.000527828	0.00261598	0.000958561	0.000935595	0.0049741	0.0281885	0.00269924	0.00669027	0.000228136	0.000472988
158	0.0456742	0.00954167	0.110855	0.0808838	0.00226799	0.520515	0.0134163	0.00251702	0.0342214	0.00437959	0.00217735	0.0426713	0.00514436	0.0228317	0.0299739	0.046245	0.0198688	0.00410651	0.000487329	0.00222141
159	0.190201	0.0360832	0.00306456	0.00106999	0.028718	0.00932213	0.00237461	0.154734	0.00185435	0.121175	0.0386069	0.00370764	0.0114801	0.00126111	0.00116791	0.0263783	0.0594129	0.307664	0.000977407	0.000746242
160	0.140101	0.0315272	0.0252772	0.0354583	0.00675792	0.0588214	0.0294809	0.00890368	0.0531236	0.0199739	0.00843773	0.0299896	0.141107	0.0240419	0.0605187	0.227995	0.0656252	0.0181598	0.00474305	0.00995709
161	0.133384	0.00170495	0.00631252	0.0281788	0.00419632	0.0113692	0.0048139	0.0078925	0.00683902	0.0242813	0.00146593	0.00444278	0.696462	0.00819581	0.00919685	0.035299	0.00960348	0.00464766	0.000632996	0.00108082
162	0.00908631	0.00237614	0.00553258	0.0344472	0.0071699	0.0220154	0.0189099	0.0024814	0.284196	0.00973093	0.0023457	0.00676414	0.00585546	0.00785436	0.541122	0.0175326	0.0161058	0.00414875	0.000740658	0.00158435
163	0.00758928	0.00333181	0.00652546	0.00274242	0.5025	0.00830198	0.0107319	0.039423	0.00268921	0.220071	0.0803774	0.0035305	0.00173981	0.00310035	0.00364295	0.00683418	0.00821886	0.0163497	0.043961	0.0283398
164	0.0142422	0.00456803	0.00562581	0.00131657	0.0107371	0.000958951	0.00115962	0.231905	0.00122142	0.303584	0.0258329	0.00101409	0.010979	0.00087041	0.00284225	0.0049474	0.0102362	0.366454	0.000883349	0.00062192
165	0.0267433	0.00584406	0.00223579	0.0018313	0.0227742	0.00122066	0.00107933	0.315843	0.00139275	0.242815	0.0513326	0.000940388	0.00463781	0.000715933	0.00438732	0.00787423	0.0235795	0.281694	0.00206727	0.000992058
166	0.0238021	0.00413548	0.00191191	0.00115174	0.0141162	0.00116638	0.000823957	0.295881	0.00106586	0.205236	0.0370706	0.00079365	0.00370631	0.000780517	0.0032102	0.00508666	0.0127778	0.385876	0.000913778	0.000493698
167	0.0211283	0.00592192	0.564814	0.0775936	0.00256657	0.0278543	0.0156586	0.00918266	0.0291409	0.00401066	0.00296107	0.122026	0.00771619	0.014353	0.0166884	0.0398903	0.0195907	0.0122065	0.00183316	0.00486322
168	0.0297831	0.00510392	0.489338	0.143228	0.00250731	0.0334975	0.015395	0.00726541	0.0393928	0.00347413	0.00447303	0.0887175	0.00847453	0.0275669	0.0195785	0.0404252	0.0259195	0.0100719	0.00188682	0.00390083
169	0.0364974	0.00422868	0.00628631	0.00615954	0.000609813	0.89726	0.00106149	0.00202941	0.000986428	0.00193523	0.000441468	0.00279386	0.00047703	0.000817868	0.00484465	0.0259126	0.00165107	0.00397702	0.00160976	0.000420324
170	0.0224432	0.0158329	0.00431461	0.00431348	0.0173005	0.00503095	0.0053047	0.00415375	0.00527251	0.00682231	0.00366878	0.00474737	0.00324585	0.00625836	0.00834393	0.008655	0.00760202	0.00595452	0.858198	0.00253701
171	0.0593597	0.0188724	0.0398479	0.0686909	0.0207856	0.023288	0.0703978	0.0176355	0.063602	0.0410607	0.0239528	0.0317763	0.0146493	0.252596	0.0659898	0.0611092	0.0504566	0.0418718	0.00677135	0.0272864
172	0.107025	0.0113243	0.131583	0.138239	0.00095676	0.0292709	0.0217815	0.00497456	0.0815553	0.0139913	0.00975181	0.0652623	0.00158836	0.0671302	0.0651511	0.153459	0.0810174	0.0147537	0.000455757	0.000729096
173	0.0623247	0.0108672	0.00393118	0.00552222	0.0391841	0.00576325	0.00552735	0.254085	0.0042679	0.126459	0.0457265	0.00464885	0.00743249	0.00307894	0.00823783	0.018617	0.0753013	0.306448	0.00390852	0.00866865
174	0.135123	0.0292558	0.0270766	0.0366297	0.0336387	0.0707795	0.0493492	0.0102367	0.060062	0.0264533	0.0189319	0.0720958	0.0190986	0.0467769	0.0419177	0.185667	0.0738673	0.0220321	0.00214659	0.0388614
175	0.0352247	0.0107307	0.0219091	0.0411602	0.00969449	0.0214276	0.0292205	0.00942662	0.13929	0.04772	0.012167	0.0208174	0.00764413	0.0427786	0.450873	0.045565	0.0264633	0.0188519	0.00509117	0.00394421
176	0.0231823	0.00577985	0.00217529	0.00317385	0.0441585	0.00339081	0.00337288	0.14842	0.00276501	0.46519	0.0599581	0.00284047	0.00562802	0.00298969	0.00784136	0.00818107	0.0175945	0.188654	0.00186281	0.00284053
177	0.0506161	0.0194798	0.00774683	0.00589789	0.0465564	0.00850042	0.0268409	0.163906	0.0114785	0.0726455	0.0520381	0.025276	0.0179216	0.00996451	0.0198719	0.0468887	0.134185	0.216061	0.0148596	0.0492648
178	0.0681863	0.0198217	0.118802	0.0784338	0.00404575	0.239932	0.025857	0.0022254	0.0639792	0.0111126	0.00424981	0.081778	0.00872223	0.035446	0.0787001	0.113577	0.0350035	0.00472012	0.000470499	0.00493739
179	0.00701953	0.00302259	0.00135633	0.00184478	0.138282	0.00291009	0.00259216	0.141448	0.00142571	0.468725	0.0602305	0.00155456	0.0019055	0.00132041	0.00398024	0.00357501	0.0148503	0.118243	0.00776507	0.0179498
180	0.027586	0.00187368	0.0386845	0.21981	0.00662881	0.0151538	0.0338673	0.00204968	0.235931	0.0102456	0.0067054	0.039978	0.00624107	0.152893	0.145796	0.0262299	0.0147092	0.0136733	0.000606668	0.00133654
181	0.205622	0.00880642	0.030681	0.0769669	0.00790376	0.0319008	0.0178025	0.0138086	0.0271553	0.0241652	0.00579802	0.0188254	0.337632	0.0229333	0.0241124	0.0804095	0.0314767	0.026594	0.00228908	0.00511757
182	0.0649585	0.0610464	0.0656283	0.0476954	0.0118177	0.177195	0.0334554	0.0135162	0.0407351	0.0218262	0.00916534	0.190068	0.0146333	0.0311645	0.0409625	0.0994189	0.0413899	0.0189039	0.00398749	0.0124316
183	0.0164243	0.00445796	0.0051458	0.00119198	0.00877896	0.000982068	0.00102618	0.232228	0.00115614	0.278534	0.0229973	0.00100129	0.0113056	0.000841408	0.00265116	0.00444779	0.00934594	0.396121	0.00084652	0.000517403
184	0.0363373	0.00318682	0.0622747	0.207061	0.00531357	0.0177433	0.0269599	0.00337762	0.22287	0.0146149	0.00797719	0.0426242	0.00444212	0.130301	0.139516	0.0381435	0.020582	0.0145645	0.000915559	0.00119491
185	0.0146093	0.0248861	0.0455455	0.00733896	0.14198	0.0259355	0.0769112	0.00516008	0.00653747	0.0150136	0.00408615	0.0484351	0.00375839	0.118289	0.0414725	0.0486874	0.0172196	0.0225361	0.00203275	0.329565
186	0.0817911	0.0102856	0.00178055	0.00157444	0.0131111	0.00414975	0.00107571	0.230697	0.0017677	0.10935	0.0277441	0.00143637	0.00634238	0.000905852	0.00296529	0.0117508	0.029606	0.46247	0.000693099	0.000503435
187	0.00869353	0.0287657	0.00277722	0.0035322	0.408848	0.00276931	0.026132	0.0147801	0.00154314	0.110667	0.0259477	0.00279653	0.000858844	0.00646823	0.00182662	0.00983021	0.00487332	0.0266492	0.0210128	0.291228
188	0.170203	0.0246497	0.00285536	0.000738864	0.0268533	0.00884689	0.0015003	0.158867	0.00191868	0.130513	0.0428624	0.00252312	0.0131768	0.000769416	0.000912045	0.0243608	0.0546254	0.332035	0.0012566	0.000531828
189	0.022158	0.0164185	0.00486848	0.00487164	0.0180955	0.00529401	0.00516563	0.00485973	0.00475885	0.00684661	0.00358878	0.00486593	0.00364286	0.00539947	0.00633404	0.00896415	0.00830825	0.00698401	0.855008	0.00356764
190	0.0251241	0.0163153	0.00908801	0.0243863	0.0178527	0.0129138	0.315429	0.0124821	0.0341366	0.0632728	0.0207714	0.0284358	0.00786864	0.197063	0.0764594	0.030477	0.0345972	0.0312021	0.0045319	0.0375928
191	0.281603	0.0151864	0.122638	0.0788574	0.0102647	0.0526769	0.0211101	0.0184088	0.0438941	0.0208999	0.00970596	0.0415502	0.0240222	0.0366084	0.0376388	0.0887742	0.0418634	0.0430054	0.00276816	0.00852373
192	0.00821147	0.00430471	0.000771295	0.00178817	0.0487293	0.00322682	0.00188655	0.104286	0.00208534	0.601558	0.075734	0.00214727	0.00199889	0.000676809	0.00647909	0.0058377	0.0120842	0.116437	0.000796292	0.000961516
