201	20
1	0.0437461	0.0394916	0.00109755	0.00110472	0.1544	0.0389054	0.0119609	0.118776	0.0105196	0.179732	0.0110413	0.0191329	0.0215809	0.00758595	0.0128864	0.135104	0.0606553	0.105698	0.00283417	0.0237475
2	0.0460068	0.00816093	0.00134743	0.0123136	0.507082	0.00336296	0.00822739	0.0585998	0.00165457	0.0553413	0.00225921	0.00819895	0.00825386	0.00335547	0.00302868	0.0931037	0.00959398	0.0283019	0.0272349	0.114572
3	0.0100606	0.0120589	0.000422785	0.000497398	0.212524	0.00293438	0.00438926	0.13335	0.00313052	0.390488	0.0153373	0.00830949	0.0276527	0.00209989	0.0016336	0.0422976	0.022591	0.108397	0.000508917	0.00131714
4	0.0338287	0.065456	0.00175182	0.00108109	0.250304	0.0287994	0.0132014	0.0850091	0.00403326	0.143452	0.00897541	0.0209652	0.00696047	0.00508594	0.0058949	0.16926	0.0442388	0.04871	0.00797782	0.0550145
5	0.0202178	0.00348424	0.00208279	0.0631279	0.013444	0.0032887	0.0987389	0.0217866	0.106579	0.0637228	0.0212104	0.0040242	0.012478	0.423004	0.076859	0.00727326	0.0312623	0.00823355	0.0121229	0.00705955
6	0.0725178	0.0125041	0.000938135	0.000994865	0.00787413	0.00186925	0.00609042	0.124794	0.00404068	0.0130439	0.0285056	0.005278	0.0195944	0.00516449	0.00646059	0.0857335	0.569837	0.0325405	0.000947558	0.00127157
7	0.0819641	0.0549741	0.0180016	0.0248969	0.0059152	0.396973	0.00303144	0.0218229	0.0023009	0.0276394	0.0464353	0.00318674	0.00451425	0.00434307	0.0590882	0.106384	0.019625	0.0903786	0.0228002	0.00572451
8	0.0614948	0.00342106	0.00616105	0.00257951	0.0847585	0.0117488	0.00334399	0.271633	0.00195477	0.160469	0.0437237	0.0126563	0.00464212	0.00108772	0.00478139	0.0151811	0.0483845	0.25772	0.00263279	0.00162594
9	0.101634	0.0287166	0.0505318	0.0458091	0.00572249	0.481023	0.0047387	0.0116953	0.00329305	0.0137206	0.0135887	0.00813145	0.0114979	0.00986083	0.0502802	0.0967599	0.0115481	0.0341453	0.0116056	0.00569808
10	0.0591204	0.00334442	0.00604053	0.00252092	0.0826273	0.0112875	0.00338626	0.284457	0.00200801	0.154801	0.0433919	0.0128047	0.00450953	0.00104051	0.00467211	0.01524	0.0494326	0.255154	0.00260548	0.00155573
11	0.0120955	0.00352948	0.00114409	0.000510978	0.0759548	0.00204165	0.0233351	0.0790219	0.00626173	0.482817	0.0827329	0.00493792	0.0162886	0.026258	0.0144996	0.0190182	0.0181487	0.127984	0.00217056	0.0012496
12	0.0896816	0.0381233	0.0319602	0.0713466	0.00692445	0.461913	0.00487794	0.01177	0.00362547	0.0156481	0.0140469	0.0061169	0.00738079	0.0113334	0.0499149	0.0970537	0.0136505	0.0450662	0.0132424	0.00632352
13	0.00965575	0.00856789	0.0685505	0.0337049	0.00754098	0.0399871	0.0515746	0.0128269	0.0545607	0.0117185	0.00540236	0.404814	0.0177652	0.00893147	0.0332196	0.131503	0.0386373	0.00993969	0.00398931	0.0471109
14	0.0878656	0.00482899	0.00150857	0.00171959	0.0268931	0.0070285	0.00461166	0.183833	0.0172779	0.0680427	0.0740178	0.0295536	0.00734224	0.00526935	0.0155251	0.149843	0.211215	0.0960197	0.00257749	0.00502689
15	0.0629306	0.00498395	0.00443641	0.00201618	0.10453	0.013064	0.00480707	0.234319	0.00288746	0.180664	0.0447239	0.0124766	0.0094888	0.00361884	0.00758811	0.0301188	0.0625673	0.208318	0.00304951	0.00341103
16	0.012962	0.00357721	0.00114998	0.000489432	0.0764709	0.00234218	0.0224578	0.083021	0.00697081	0.470878	0.0871881	0.00499905	0.0166722	0.0258967	0.0137884	0.0192974	0.0206271	0.127415	0.00257468	0.00122257
17	0.0120002	0.0163234	0.000544712	0.000575384	0.226605	0.00497494	0.00469973	0.128884	0.00336785	0.361066	0.0148064	0.00977257	0.0255653	0.00213385	0.00183161	0.0511072	0.0248389	0.104285	0.00121885	0.00539919
18	0.0530648	0.00716402	0.00273598	0.000530567	0.0211212	0.0151337	0.00106106	0.160242	0.0148072	0.175421	0.247108	0.00133361	0.0109373	0.00342425	0.00362694	0.022909	0.0875121	0.159168	0.00998448	0.00271422
19	0.0110767	0.00787583	0.0217667	0.00294818	0.132376	0.0213627	0.0620194	0.050413	0.0186191	0.302094	0.0875972	0.0253863	0.00948494	0.0126642	0.0349333	0.0369986	0.0151461	0.113651	0.00315006	0.0304365
20	0.00340726	0.0450895	0.013182	0.00201656	0.0298117	0.0027702	0.282078	0.0043768	0.00157223	0.0497438	0.00200047	0.0421326	0.00199921	0.0293779	0.0477128	0.0203117	0.00408724	0.00420229	0.00126482	0.412863
21	0.0616743	0.0034303	0.00620739	0.00259697	0.0847739	0.0117848	0.00328975	0.272241	0.00192693	0.159727	0.043323	0.0127001	0.00455777	0.00100527	0.00475337	0.0151127	0.0482013	0.258441	0.00262982	0.0016229
22	0.0300826	0.0671528	0.00262888	0.00162741	0.284015	0.0262819	0.0154385	0.0780979	0.0039585	0.167719	0.0093802	0.0172327	0.00898661	0.00551843	0.00831475	0.127835	0.036315	0.0470679	0.0120273	0.0503196
23	0.0312573	0.00616886	0.00165385	0.000932963	0.100321	0.00956688	0.0176271	0.122934	0.00636575	0.358079	0.0629416	0.0108448	0.0159332	0.0196797	0.0135641	0.0420435	0.0427574	0.127854	0.00399558	0.00547858
24	0.0985544	0.0213475	0.00929657	0.0199794	0.0737555	0.0366859	0.00937304	0.0717494	0.0308982	0.116734	0.0330804	0.0523284	0.00532819	0.0349149	0.0591229	0.152114	0.0886206	0.0445109	0.00251727	0.0390883
25	0.0204834	0.00754193	0.0147714	0.0451774	0.00357151	0.132424	0.0639859	0.0597739	0.0324195	0.0210672	0.00210843	0.100561	0.00796204	0.069885	0.114034	0.158624	0.0896901	0.0293665	0.0156953	0.0108578
26	0.0553547	0.00909675	0.00196474	0.00216091	0.011123	0.00232918	0.0450044	0.0233271	0.0112579	0.0939852	0.00179571	0.00886151	0.402936	0.00309972	0.0339169	0.19649	0.0700472	0.0245642	0.00119733	0.0014877
27	0.0453565	0.00886058	0.00513906	0.00607367	0.0155671	0.0112416	0.0120406	0.0666318	0.20396	0.221491	0.00819173	0.0372022	0.117926	0.0377641	0.104574	0.0244235	0.0169565	0.0452793	0.00476135	0.00656002
28	0.0489983	0.0130884	0.0121203	0.0151772	0.0223122	0.0283836	0.0222142	0.0555652	0.189314	0.0457551	0.0442592	0.077606	0.0117894	0.0344322	0.110147	0.123396	0.0942821	0.0296487	0.00690618	0.014605
29	0.0534809	0.0071037	0.00117157	0.00126742	0.0118104	0.00198931	0.0416746	0.021335	0.0116789	0.100277	0.00164179	0.00789904	0.42835	0.00183818	0.0329139	0.189379	0.0609015	0.0230013	0.00103037	0.00125532
30	0.0843859	0.00404642	0.00102555	0.00073928	0.0162804	0.00814797	0.00279759	0.222045	0.00933799	0.0793117	0.109501	0.0139659	0.0127913	0.00301659	0.00575488	0.0795612	0.222643	0.117897	0.00374314	0.0030081
31	0.0123112	0.00662486	0.235381	0.0878685	0.0218572	0.0153596	0.16616	0.0236952	0.0110097	0.0217655	0.00492176	0.136681	0.0115115	0.0358815	0.0175084	0.0577668	0.0227644	0.0249111	0.00253549	0.0834852
32	0.0133979	0.00382235	0.00127944	0.000584463	0.0768815	0.00235231	0.0220025	0.0800722	0.00517927	0.499361	0.0754529	0.00501371	0.013498	0.0217598	0.0134923	0.0172382	0.0169567	0.128376	0.00213938	0.00114067
33	0.00666156	0.0199639	0.0183679	0.0106773	0.0192109	0.0047197	0.403845	0.0079239	0.00549733	0.0582482	0.00437676	0.0524363	0.00423385	0.0949546	0.046383	0.0170845	0.00830046	0.00734215	0.002506	0.207266
34	0.01304	0.00384204	0.00109805	0.000508091	0.0724113	0.00244346	0.0213024	0.0757318	0.0057265	0.501017	0.0865789	0.00446637	0.0136878	0.0224101	0.0133334	0.0173784	0.0189904	0.122404	0.00242769	0.00120188
35	0.0832358	0.0113971	0.0013483	0.00178943	0.014567	0.00829291	0.00472293	0.117838	0.00840488	0.0228871	0.0432073	0.0249334	0.010271	0.00486206	0.0338595	0.211721	0.347375	0.0456662	0.0012815	0.00233914
36	0.0445213	0.00603241	0.00244937	0.000728572	0.0327591	0.0135462	0.00373892	0.135605	0.013098	0.227337	0.239881	0.00198682	0.0111583	0.0068861	0.00458375	0.0208305	0.0750216	0.147502	0.0102902	0.00204349
37	0.166393	0.00383884	0.00493079	0.00448601	0.019641	0.0147518	0.00444641	0.130152	0.00716232	0.0501824	0.0270401	0.0193148	0.0104891	0.00580726	0.0061015	0.13207	0.194723	0.192168	0.00235945	0.00394204
38	0.00640692	0.0128423	0.0829125	0.0346527	0.0127302	0.0241068	0.109959	0.00996938	0.0353765	0.0168098	0.00340778	0.357285	0.015076	0.0142176	0.0346715	0.0943316	0.0228854	0.0108085	0.00218831	0.099362
39	0.0937697	0.00410819	0.00117444	0.00132236	0.0127371	0.0058591	0.00539071	0.215752	0.0130642	0.0582064	0.0899841	0.0269303	0.00937246	0.00558227	0.0117762	0.0844657	0.281452	0.0742651	0.00208163	0.00270581
40	0.0566423	0.00592312	0.00233324	0.000523577	0.0181782	0.0157542	0.00108046	0.161415	0.0108402	0.153034	0.232646	0.00138933	0.0106524	0.00318342	0.00294646	0.0263034	0.0812051	0.206075	0.00693391	0.00294149
41	0.059429	0.00600757	0.00248078	0.000617796	0.0186989	0.0170108	0.00133093	0.171488	0.012067	0.164516	0.230203	0.00329334	0.00987313	0.00497585	0.00332549	0.025154	0.110638	0.148579	0.00743321	0.00287797
42	0.0136982	0.0103832	0.000766367	0.000520031	0.164798	0.00335758	0.00931603	0.129555	0.00384996	0.411763	0.0319531	0.00675684	0.0226923	0.00823456	0.00508807	0.0339149	0.0220825	0.119181	0.000971273	0.00111818
43	0.0313908	0.077862	0.0135384	0.0032595	0.251291	0.0308966	0.0208328	0.0625078	0.00395871	0.253236	0.00900766	0.0117933	0.0088933	0.00651577	0.0258422	0.0742215	0.0215121	0.0383692	0.0119887	0.0430823
44	0.0737546	0.0134237	0.00128276	0.00129732	0.00748257	0.00224625	0.00874619	0.105648	0.00355562	0.013522	0.0255709	0.00483903	0.0193383	0.00572616	0.00704349	0.0924623	0.581491	0.0297903	0.00126483	0.00151494
45	0.0195429	0.00801576	0.0164552	0.0423048	0.0032801	0.127614	0.0661902	0.0584321	0.0379973	0.0184652	0.00200378	0.0963235	0.00818181	0.072191	0.131681	0.153728	0.0853527	0.0280287	0.0135998	0.0106121
46	0.0814761	0.0578782	0.0205367	0.029097	0.00589823	0.406417	0.00286887	0.0202678	0.00206394	0.0231364	0.0410119	0.00279541	0.00453146	0.00465058	0.0552932	0.107773	0.020023	0.0852288	0.0229728	0.00607962
47	0.0617007	0.00342258	0.00617945	0.00258528	0.0844469	0.0118134	0.00326692	0.271992	0.00195828	0.159701	0.0440151	0.0126646	0.00456157	0.000999277	0.00473711	0.015118	0.0483406	0.258216	0.00265009	0.00163146
48	0.0321289	0.0321363	0.00186283	0.001941	0.201298	0.0296844	0.0110565	0.112621	0.0122408	0.210489	0.0199878	0.0178784	0.0141406	0.0145604	0.00941628	0.12081	0.0518149	0.060108	0.00530509	0.0405195
49	0.0303902	0.00663552	0.0220348	0.0473808	0.00377534	0.198238	0.0519935	0.0503719	0.0264476	0.016368	0.00256143	0.0857835	0.00741073	0.0585908	0.116078	0.143046	0.0730768	0.0331845	0.0115621	0.0150706
50	0.0502012	0.00690405	0.00275432	0.000646398	0.025558	0.0149082	0.00222331	0.153999	0.0160112	0.188677	0.238552	0.00198242	0.0107256	0.00445567	0.00481556	0.0224906	0.0851989	0.156682	0.0106003	0.00261399
51	0.00193048	0.0125275	0.0199416	0.0257219	0.00153136	0.0334779	0.0699754	0.00239036	0.176249	0.00391539	0.00112314	0.0189197	0.010165	0.215405	0.349391	0.0196914	0.00914696	0.0105181	0.0162272	0.00175181
52	0.0147605	0.0069558	0.143946	0.0282496	0.0812233	0.0102731	0.0956379	0.0423824	0.00723266	0.056871	0.00999666	0.143222	0.00708407	0.0292912	0.030093	0.107716	0.0399302	0.0820104	0.00309475	0.0600295
53	0.0368483	0.0233352	0.00183675	0.00133589	0.135975	0.0402943	0.0165713	0.13525	0.0125647	0.194995	0.014662	0.0185361	0.0279721	0.00776237	0.0188247	0.103253	0.0570603	0.12992	0.002354	0.02065
54	0.0109616	0.00564483	0.00162512	0.000596368	0.0823567	0.00243568	0.0282397	0.0748574	0.00620852	0.470214	0.0765771	0.00593536	0.0183893	0.0292777	0.0199506	0.019844	0.0158848	0.126929	0.00217191	0.00190118
55	0.0188102	0.00635256	0.196875	0.0362359	0.00988939	0.202696	0.0173459	0.0227768	0.00843493	0.0333993	0.0268115	0.251132	0.00688925	0.00553357	0.00893863	0.0716772	0.0506164	0.0123524	0.00448754	0.00874521
56	0.0318705	0.00594287	0.242576	0.0901605	0.0332825	0.0244379	0.0517844	0.0761086	0.00530346	0.0163605	0.00635101	0.165178	0.00689552	0.0122675	0.0113664	0.0759823	0.0575273	0.0640269	0.00339316	0.0191844
57	0.0635252	0.00323687	0.00598211	0.00253236	0.0829231	0.0113482	0.00322938	0.268938	0.00225899	0.157256	0.0438996	0.0135543	0.00462413	0.00107011	0.00504305	0.0178763	0.0508048	0.257108	0.00311841	0.00167108
58	0.0951425	0.0337602	0.0373737	0.068411	0.00672812	0.451842	0.00551571	0.0128209	0.00426628	0.0158903	0.0140574	0.007637	0.00847303	0.0167005	0.0467248	0.0942193	0.015644	0.0404521	0.0179639	0.0063777
59	0.0285322	0.256454	0.00366723	0.0541298	0.040201	0.0822964	0.01113	0.0150285	0.00564475	0.024787	0.0220639	0.0238686	0.00643525	0.0204049	0.0679346	0.0513037	0.0511479	0.0130969	0.0519305	0.169942
60	0.0298445	0.00377685	0.00261268	0.0558277	0.0121934	0.00485797	0.0957722	0.0264186	0.179493	0.0654096	0.0181852	0.00683675	0.013549	0.331794	0.0817171	0.0102177	0.0336419	0.0100531	0.0103396	0.00745942
61	0.0713583	0.00399568	0.00161037	0.00065307	0.0210936	0.0127706	0.00128952	0.209701	0.00973077	0.121373	0.155707	0.00837551	0.0105873	0.00249222	0.00226632	0.0666982	0.121458	0.168303	0.00633644	0.00419994
62	0.0616743	0.0034303	0.00620739	0.00259697	0.0847739	0.0117848	0.00328975	0.272241	0.00192693	0.159727	0.043323	0.0127001	0.00455777	0.00100527	0.00475337	0.0151127	0.0482013	0.258441	0.00262982	0.0016229
63	0.049833	0.025956	0.00165342	0.00179985	0.122553	0.0459115	0.00771366	0.120228	0.00759287	0.183692	0.0613905	0.0136526	0.0135035	0.0123955	0.00887646	0.122866	0.0881296	0.0874799	0.00281773	0.0219554
64	0.0349676	0.0101395	0.0039829	0.0176798	0.386795	0.00494806	0.019986	0.0499143	0.00269402	0.0607607	0.00356083	0.0120614	0.00839077	0.00455282	0.00476199	0.0979193	0.0132886	0.0326611	0.023749	0.207186
65	0.0528876	0.00749481	0.00342997	0.000600405	0.0256592	0.015674	0.0012825	0.159186	0.013543	0.176713	0.236408	0.00181585	0.0101487	0.00358022	0.00360832	0.026244	0.0865826	0.163093	0.0092057	0.00284337
66	0.042812	0.146278	0.00431811	0.0843179	0.0376161	0.0911864	0.00780824	0.0146036	0.00688001	0.0198839	0.0305509	0.0388553	0.00681855	0.0312879	0.0832366	0.060035	0.0540036	0.0148733	0.0447	0.179934
67	0.0080126	0.196343	0.00346222	0.00345563	0.00690996	0.0367218	0.219244	0.0238115	0.0348309	0.00972363	0.0189404	0.00555524	0.00452271	0.023034	0.366262	0.0147475	0.00885623	0.00811706	0.00372571	0.00372341
68	0.0613044	0.00419591	0.00180958	0.00096846	0.012432	0.0134244	0.00182664	0.132114	0.00632587	0.0991539	0.220718	0.00392131	0.00692514	0.00233673	0.00297471	0.0607431	0.0737736	0.287551	0.00402995	0.00347215
69	0.126015	0.0693029	0.00161708	0.00717846	0.0377687	0.0160573	0.00322519	0.0297918	0.00385478	0.00938532	0.0159315	0.0217	0.0313782	0.00571012	0.0209592	0.457098	0.111193	0.0221772	0.00434555	0.00530987
70	0.0113896	0.0133483	0.0105161	0.015379	0.00931452	0.0194745	0.0700199	0.0131562	0.0625956	0.0182409	0.00690857	0.0137811	0.0564192	0.16602	0.352923	0.0236177	0.0157781	0.0141498	0.101512	0.00545587
71	0.108303	0.0277658	0.0490804	0.0455644	0.00566477	0.478504	0.00454713	0.0116418	0.00320357	0.0136769	0.0134234	0.00545643	0.0129229	0.00980529	0.0499838	0.0982376	0.0113816	0.0336735	0.0114971	0.00566652
72	0.0133489	0.0142194	0.00169768	0.000919735	0.10031	0.00723215	0.0243908	0.0738426	0.00522974	0.48249	0.049186	0.00655375	0.0146539	0.0171664	0.0205117	0.0318459	0.0177211	0.11165	0.00211486	0.00491469
73	0.103854	0.088052	0.00150129	0.00991177	0.041482	0.0155354	0.00319082	0.013075	0.00481072	0.00586832	0.00837674	0.0151985	0.0397539	0.00791652	0.015988	0.523473	0.0768784	0.0131763	0.00631885	0.00563836
74	0.0363576	0.00430995	0.00223162	0.000774572	0.0424767	0.00994775	0.00679355	0.21942	0.00858429	0.245563	0.163959	0.003636	0.00921838	0.00900621	0.00522572	0.0183047	0.0588351	0.147906	0.0054716	0.00197817
75	0.0583332	0.17612	0.0143012	0.0352167	0.0195536	0.300436	0.00519814	0.0159953	0.00352634	0.0257459	0.02065	0.00942203	0.00558624	0.00717707	0.0573862	0.126823	0.0244061	0.0402384	0.0165503	0.0373345
76	0.0685483	0.0124891	0.00270032	0.00269705	0.00755927	0.00318518	0.00992107	0.111003	0.0039759	0.0136941	0.0219267	0.00773109	0.0307314	0.0101259	0.00801518	0.107983	0.545767	0.0287839	0.00129031	0.0018723
77	0.0757196	0.00712066	0.000966253	0.000927092	0.0098343	0.00245874	0.00591664	0.142072	0.0136629	0.0254957	0.0554979	0.0182214	0.0121061	0.00540247	0.0193214	0.106879	0.455756	0.0397821	0.00112918	0.0017299
78	0.112882	0.132853	0.00183431	0.0115171	0.053653	0.0233498	0.00314031	0.0114003	0.00680427	0.00730349	0.00801186	0.0117935	0.0366601	0.00660592	0.014638	0.468859	0.0601338	0.0148296	0.00558448	0.00814678
79	0.00749957	0.0265559	0.00351477	0.00123472	0.121322	0.00472646	0.0429144	0.0552097	0.00409013	0.518912	0.0351881	0.00513485	0.0125143	0.0152354	0.0275385	0.0156566	0.00721103	0.0894666	0.00141975	0.0046549
80	0.0151072	0.0045402	0.00131525	0.000763237	0.0729015	0.00411237	0.019852	0.0818586	0.00598381	0.483981	0.0924669	0.0046727	0.0135647	0.0199038	0.0125912	0.0187835	0.023539	0.119894	0.00283279	0.00133588
81	0.0245399	0.0310327	0.00201524	0.00502085	0.0156064	0.0476666	0.00981926	0.0406396	0.00350945	0.0106522	0.012726	0.0554784	0.0075072	0.00660476	0.0757398	0.521289	0.111242	0.0123147	0.00285328	0.00374289
82	0.0630506	0.00476668	0.00211784	0.00127411	0.0111789	0.0152339	0.00216697	0.10971	0.00657832	0.100915	0.268095	0.00229909	0.00702083	0.00278188	0.00341501	0.0429668	0.0614228	0.288116	0.00409573	0.00279408
83	0.0591984	0.0234067	0.00253683	0.00198271	0.159145	0.0241512	0.00816756	0.15329	0.00739536	0.176827	0.0285294	0.0151611	0.0130454	0.00734576	0.00928742	0.0913147	0.0630152	0.12728	0.0042161	0.024703
84	0.0277181	0.0148422	0.00907866	0.0349351	0.0227846	0.0188243	0.0530039	0.032711	0.0627931	0.0691727	0.0191085	0.0152555	0.01323	0.383262	0.0858208	0.0320009	0.0312502	0.0541589	0.0103144	0.00973486
85	0.296052	0.00437753	0.00706847	0.00745922	0.0201925	0.0237903	0.0048395	0.0788756	0.00376106	0.0481575	0.0148416	0.00953493	0.0133862	0.00855396	0.00625736	0.129725	0.159137	0.158081	0.00246065	0.00344733
86	0.00536775	0.00287818	0.0106706	0.00187049	0.0311145	0.00339465	0.0113074	0.617651	0.00189943	0.0095052	0.00462759	0.00307918	0.00304613	0.00251539	0.0034764	0.0159236	0.0736926	0.193945	0.00149954	0.00253527
87	0.0665464	0.0117708	0.00141856	0.00115487	0.0103484	0.00201977	0.00670264	0.143921	0.00367916	0.0132065	0.0245536	0.00488329	0.0203497	0.00544741	0.00590288	0.0805296	0.55601	0.0391238	0.00102023	0.0014119
88	0.0480836	0.00464407	0.00330516	0.00118033	0.0387588	0.0114109	0.00286012	0.284296	0.00665335	0.157482	0.144065	0.00522928	0.00698925	0.0024875	0.00324535	0.020535	0.0649735	0.186432	0.00469729	0.00267178
89	0.0730622	0.0573254	0.0189684	0.0370031	0.00767296	0.324778	0.00436662	0.0132387	0.0027143	0.017312	0.0187097	0.0156109	0.00598683	0.00613768	0.0528453	0.253281	0.0268379	0.0436839	0.0118729	0.00859241
90	0.0528571	0.00698664	0.00109103	0.0013548	0.0125008	0.00223275	0.040397	0.0200988	0.012252	0.10242	0.00168508	0.00763157	0.426994	0.0019261	0.0349383	0.191316	0.0579508	0.0228297	0.00124861	0.00128928
91	0.0200627	0.0142932	0.00809225	0.0219622	0.00467668	0.113139	0.0504428	0.0534021	0.0166359	0.0118616	0.00371749	0.105955	0.006904	0.0356071	0.0909648	0.30604	0.103917	0.0190235	0.00644059	0.00686136
92	0.0374923	0.00745477	0.0150048	0.0357733	0.00964141	0.0798472	0.0576447	0.0211358	0.010304	0.0559361	0.00583452	0.241665	0.00909783	0.0148161	0.0222874	0.10237	0.224361	0.0170284	0.0244545	0.00785196
93	0.0760656	0.0728541	0.00188239	0.0154828	0.0368365	0.0180133	0.00417214	0.0120114	0.00521528	0.00750954	0.00697559	0.0215767	0.0401543	0.0133182	0.025126	0.54748	0.0644951	0.0130538	0.0109178	0.00685948
94	0.0111192	0.20471	0.00229837	0.00425046	0.120338	0.0533265	0.0499042	0.0196534	0.00257329	0.135164	0.0191236	0.00960509	0.0204526	0.0127944	0.0865213	0.0669407	0.00612102	0.0333646	0.106538	0.0352012
95	0.014795	0.108813	0.00559924	0.0686508	0.0550959	0.0173426	0.0157539	0.078528	0.00623331	0.270681	0.0414353	0.0106454	0.0382518	0.00920512	0.0184406	0.0282873	0.0167824	0.0196076	0.165799	0.0100531
96	0.124499	0.0142387	0.0149775	0.0280126	0.0503426	0.053066	0.0132445	0.052131	0.0313558	0.0900374	0.0255162	0.0633189	0.00412778	0.0375639	0.0690272	0.149672	0.101631	0.0399893	0.00357283	0.0336762
97	0.0109855	0.0110682	0.000474186	0.000422435	0.192013	0.00270589	0.00793704	0.12803	0.00416479	0.409682	0.0225933	0.00668688	0.0237679	0.0051009	0.00306135	0.0372019	0.0196912	0.112815	0.000612108	0.000986024
98	0.00239928	0.0122783	0.0192534	0.0228459	0.00166829	0.030238	0.0662735	0.00262493	0.223129	0.0044014	0.00208443	0.0196074	0.00923538	0.201363	0.326848	0.0198231	0.00957498	0.00963296	0.014786	0.00193269
99	0.0877698	0.00696357	0.00404086	0.00501193	0.0334109	0.00826403	0.0531613	0.119219	0.00491093	0.0458985	0.0059496	0.0088966	0.131312	0.026936	0.0760122	0.040585	0.0994624	0.150216	0.00398018	0.0879995
100	0.00206932	0.0124619	0.0194722	0.0256492	0.00153082	0.0333296	0.0698285	0.00249013	0.177135	0.00401968	0.00111994	0.0186063	0.0103976	0.216234	0.348157	0.01987	0.00936452	0.010576	0.0159534	0.0017355
101	0.0890389	0.00405136	0.00168378	0.000974263	0.0222567	0.0118883	0.00224136	0.197162	0.0137576	0.118672	0.131762	0.0112936	0.00900198	0.00327001	0.00408429	0.0634696	0.135002	0.168548	0.00526182	0.00658085
102	0.00417416	0.00270002	0.010043	0.00185957	0.030533	0.00320076	0.0121113	0.628134	0.0019791	0.00619425	0.00344938	0.00295602	0.00316755	0.00250366	0.00354843	0.0169846	0.0777103	0.18476	0.00154948	0.00244199
103	0.00716026	0.0421453	0.00317868	0.00210452	0.112561	0.00464179	0.0494605	0.0628893	0.00348797	0.493367	0.0277826	0.00475306	0.0150881	0.0194191	0.0342105	0.0149808	0.00669274	0.0900855	0.00207382	0.00391706
104	0.051707	0.00647579	0.00126183	0.00150932	0.0196068	0.00269557	0.0387135	0.0195589	0.011203	0.127849	0.00205496	0.00728329	0.417913	0.00233928	0.032465	0.173885	0.0562215	0.0239765	0.00131537	0.00196528
105	0.0396074	0.059525	0.00167954	0.0013557	0.225132	0.0337318	0.0122322	0.0920765	0.00535841	0.145705	0.00950709	0.0196372	0.00914027	0.0060224	0.00723608	0.167436	0.0492269	0.0590839	0.00618891	0.0501174
106	0.0105743	0.0313149	0.00133143	0.00121237	0.217497	0.00480413	0.0152215	0.106673	0.00270305	0.401505	0.0138199	0.00657228	0.019557	0.00451981	0.00838247	0.0396947	0.0161756	0.0921637	0.00193334	0.00434516
107	0.0382003	0.0177732	0.00172178	0.00168196	0.142884	0.0416137	0.0157422	0.130911	0.008595	0.215691	0.010504	0.0137509	0.0443884	0.00650707	0.0126322	0.0935621	0.0497388	0.1409	0.00187062	0.0113317
108	0.0295754	0.0559122	0.00150717	0.00106497	0.259396	0.025055	0.0131515	0.0933388	0.00485087	0.170023	0.011727	0.0196903	0.00921718	0.00607057	0.00603074	0.139799	0.042394	0.0562216	0.00728463	0.0476898
109	0.012304	0.0213275	0.000701384	0.000648779	0.235727	0.00501339	0.00684017	0.120648	0.00302933	0.356856	0.0183339	0.00856331	0.0215668	0.00333526	0.00283222	0.0517629	0.0217237	0.0998571	0.00182379	0.00710525
110	0.0134361	0.284328	0.00332767	0.00959465	0.0865981	0.0464409	0.0386184	0.0157649	0.00446441	0.0794115	0.014258	0.0125766	0.0132594	0.0104801	0.0872916	0.0590519	0.0117413	0.0149062	0.154766	0.0396834
111	0.0667456	0.00355225	0.00390279	0.00170467	0.0594792	0.0104103	0.00287657	0.244681	0.0069439	0.140236	0.06785	0.0167291	0.00620745	0.00192913	0.00437976	0.0484901	0.0859427	0.220809	0.00378344	0.00334758
112	0.0158671	0.0149161	0.000507563	0.000517831	0.206335	0.00801769	0.00508829	0.130636	0.00407522	0.358657	0.014175	0.00936963	0.0268552	0.00307166	0.00257105	0.0587266	0.0293296	0.105514	0.00088624	0.00488266
113	0.0050471	0.0362525	0.0294918	0.00984535	0.0189825	0.0103293	0.191438	0.00640675	0.017993	0.0314278	0.00300594	0.249	0.00719128	0.0211465	0.0400848	0.0625355	0.0109436	0.00624652	0.00194198	0.24069
114	0.0528288	0.00920334	0.00288699	0.00275221	0.0698812	0.0966761	0.00598397	0.0833936	0.00424915	0.203241	0.172289	0.00571255	0.0191006	0.00775997	0.00580386	0.124353	0.0778302	0.0460054	0.00321719	0.00683208
115	0.0344496	0.0289572	0.00125839	0.00217061	0.181001	0.0246196	0.00962449	0.105967	0.0119665	0.239728	0.0126791	0.0194104	0.0237005	0.0130663	0.00812306	0.127149	0.0508507	0.0640043	0.00511967	0.0361547
116	0.0367729	0.00449849	0.00217096	0.000816941	0.0373575	0.00987846	0.00630958	0.220938	0.00879256	0.236655	0.171583	0.00306304	0.00935334	0.00798989	0.00496118	0.0178883	0.0589981	0.154122	0.00553461	0.00231643
117	0.0087487	0.00579127	0.141448	0.0776163	0.0114914	0.0396208	0.0725111	0.0141761	0.0354993	0.0110829	0.00486385	0.2756	0.0241179	0.0107385	0.0204379	0.123353	0.0272024	0.013406	0.00261351	0.0796809
118	0.0742198	0.00419657	0.00161794	0.000576073	0.0183798	0.0147482	0.00114834	0.2179	0.00905544	0.124455	0.163186	0.00662198	0.0126273	0.0025055	0.0023471	0.0549332	0.119874	0.161708	0.00612472	0.0037756
119	0.00710376	0.00714556	0.0792449	0.0394334	0.00564387	0.039596	0.0543898	0.0104325	0.0533593	0.00884208	0.004107	0.403301	0.0197281	0.00821527	0.0322112	0.129614	0.0334247	0.00812438	0.00274573	0.0533374
120	0.0300894	0.00917505	0.00106528	0.000848423	0.115847	0.0111283	0.0110271	0.130156	0.0059951	0.372756	0.0389704	0.00849642	0.0178981	0.0162074	0.00783959	0.0548552	0.0441828	0.115233	0.00219585	0.00603375
121	0.0517752	0.00689864	0.00266754	0.000516443	0.0216573	0.0148051	0.00126535	0.157723	0.0148021	0.178365	0.251815	0.0013479	0.0109638	0.0037183	0.00368151	0.0224386	0.085714	0.15751	0.00968312	0.00265129
122	0.198648	0.00386702	0.00596754	0.00584492	0.0276395	0.0217292	0.00367506	0.120978	0.00527627	0.0588811	0.0214217	0.0109524	0.0138093	0.00698331	0.00608636	0.137453	0.213855	0.132685	0.00173607	0.00251153
123	0.00994545	0.0123859	0.000391268	0.000432958	0.210002	0.00298694	0.0043565	0.136496	0.0030114	0.389558	0.0174044	0.00746873	0.024156	0.00203662	0.00130878	0.0399492	0.0219121	0.114856	0.000483236	0.000858416
124	0.0080126	0.196343	0.00346222	0.00345563	0.00690996	0.0367218	0.219244	0.0238115	0.0348309	0.00972363	0.0189404	0.00555524	0.00452271	0.023034	0.366262	0.0147475	0.00885623	0.00811706	0.00372571	0.00372341
125	0.0451781	0.00835182	0.279631	0.0459519	0.0179409	0.106587	0.0337858	0.0569101	0.00963834	0.0250845	0.0142645	0.156619	0.00881225	0.0128279	0.0174189	0.0670536	0.044904	0.029915	0.00456133	0.0145636
126	0.0616719	0.0034889	0.00637964	0.00256519	0.0847051	0.0121399	0.00346474	0.271691	0.00197641	0.159324	0.0428374	0.0126396	0.00476942	0.00103102	0.00477912	0.015604	0.0479173	0.258646	0.00262243	0.00174699
127	0.00953857	0.0129398	0.000444021	0.000508013	0.215755	0.00277115	0.00411847	0.145072	0.00280441	0.379898	0.0158542	0.0075533	0.0242517	0.00176633	0.00133798	0.0401565	0.0215771	0.112283	0.00048083	0.000888742
128	0.0543738	0.0123944	0.00181563	0.0101375	0.500033	0.00507932	0.00841511	0.059177	0.002156	0.0567177	0.00297937	0.00763017	0.00800673	0.00326513	0.00374173	0.0970396	0.0111732	0.0314139	0.0221956	0.102255
129	0.0114987	0.00683949	0.00154207	0.000678546	0.0805738	0.00246994	0.0329145	0.0789889	0.00579414	0.463717	0.0721352	0.00534445	0.0152425	0.0319194	0.0168909	0.0185197	0.0160019	0.135177	0.00205834	0.00169277
130	0.0139583	0.0707253	0.00348889	0.00526655	0.12982	0.268643	0.00804645	0.0410403	0.00482192	0.215804	0.00743959	0.00844535	0.00671161	0.00545111	0.00944517	0.118359	0.0162031	0.054029	0.00367066	0.00863127
131	0.0334204	0.00749009	0.00265208	0.00124821	0.146151	0.00987474	0.00621765	0.179132	0.00336583	0.306804	0.0359159	0.00907563	0.0146494	0.00482056	0.00466949	0.0314929	0.0394302	0.159575	0.00168627	0.00232831
132	0.0323353	0.00551693	0.00215291	0.000733181	0.0471464	0.00964607	0.00913779	0.12532	0.0107082	0.274321	0.233771	0.00322555	0.0119799	0.0113369	0.00698031	0.0203326	0.0537355	0.133259	0.00604752	0.00231397
133	0.0665278	0.0703161	0.0054065	0.0145094	0.0228264	0.172372	0.00510482	0.0377573	0.00447272	0.025228	0.0317941	0.0215047	0.00812075	0.00694171	0.0368276	0.299688	0.0929931	0.048294	0.00696432	0.0223505
134	0.0157869	0.265222	0.00197782	0.00447349	0.106149	0.0630391	0.0356132	0.0141078	0.00233615	0.116674	0.0194648	0.0152404	0.0197572	0.00825878	0.0532706	0.078729	0.00636735	0.0175965	0.122179	0.0337569
135	0.133866	0.0988869	0.00161454	0.00972627	0.0429905	0.015638	0.00280517	0.012955	0.0049888	0.00568994	0.0091661	0.0136091	0.0386248	0.00674286	0.0124759	0.488105	0.0760139	0.0140819	0.00578133	0.00623823
136	0.0197363	0.0375978	0.00443964	0.00512768	0.0136098	0.0576502	0.0120067	0.0337965	0.00576092	0.0110199	0.0109437	0.0796418	0.00745993	0.00631436	0.078434	0.509191	0.0872722	0.0105075	0.00364908	0.00584088
137	0.0997009	0.0614426	0.0212515	0.0539581	0.00802894	0.379809	0.00350623	0.0155947	0.00274258	0.0202723	0.0211111	0.0045072	0.00630572	0.00778469	0.0442933	0.134306	0.0321925	0.0616018	0.0128093	0.00878171
138	0.00376754	0.0481554	0.0122329	0.00218029	0.0291749	0.00327624	0.27018	0.00508686	0.00187371	0.0468682	0.00230521	0.0445828	0.00222003	0.0269211	0.0450811	0.024399	0.00450373	0.00464256	0.00139811	0.421151
139	0.0493854	0.00619596	0.00262762	0.000663424	0.0211443	0.0139815	0.00137614	0.161884	0.0137809	0.17123	0.271083	0.00190064	0.00982265	0.00365963	0.00340245	0.0216263	0.0797249	0.155653	0.00812023	0.00273832
140	0.082203	0.00396356	0.011104	0.00296496	0.0713928	0.0108499	0.00367322	0.212936	0.00230168	0.116105	0.0332126	0.00993658	0.00541594	0.00225242	0.00505156	0.0341314	0.0441238	0.343061	0.00269975	0.00262073
141	0.0351942	0.0068029	0.00274579	0.00151462	0.149251	0.00774391	0.00594431	0.18437	0.00320497	0.276199	0.0453627	0.0122663	0.0135665	0.00478935	0.00556464	0.0289358	0.0521445	0.159698	0.00238942	0.00231261
142	0.00999955	0.00705604	0.00350835	0.000763205	0.0912021	0.00453721	0.0337577	0.0697655	0.00666155	0.46358	0.0746549	0.00896208	0.0142502	0.0224312	0.0245985	0.0185115	0.0137215	0.125833	0.00209238	0.00411429
143	0.0118973	0.0168158	0.000945878	0.000910909	0.175229	0.00565085	0.0114866	0.0999347	0.00382773	0.437866	0.026206	0.00760068	0.0188095	0.00638873	0.00689369	0.0447867	0.019166	0.0971524	0.00197757	0.00645353
144	0.00334652	0.0323218	0.0186623	0.00391727	0.025831	0.00235197	0.344454	0.00432577	0.00142826	0.0554725	0.00181301	0.0422215	0.00195594	0.0433052	0.0524247	0.0160849	0.00388831	0.003884	0.00115549	0.341156
145	0.00196026	0.013399	0.0162167	0.0230151	0.00162399	0.031561	0.0728175	0.00238116	0.150009	0.00622956	0.00118379	0.0185935	0.00909295	0.256851	0.343002	0.0180508	0.00796754	0.00933985	0.0138555	0.00285068
146	0.00856931	0.0228398	0.0156715	0.00774812	0.0274722	0.00678912	0.415265	0.0157572	0.00641386	0.0950239	0.00892411	0.0342167	0.00722652	0.0510144	0.0465441	0.0210771	0.011563	0.0192592	0.00357479	0.17505
147	0.00228606	0.0222705	0.0187845	0.0201187	0.00219779	0.0337708	0.10082	0.00422036	0.13823	0.00481833	0.00223748	0.015406	0.00860114	0.194467	0.364646	0.0351974	0.00793956	0.00890223	0.0129819	0.00210407
148	0.00181604	0.0125803	0.0194787	0.0252067	0.001521	0.0335875	0.0699063	0.00241295	0.175109	0.00389582	0.00109218	0.0190131	0.0101398	0.21687	0.349976	0.0196153	0.00911936	0.0106284	0.0162569	0.00177415
149	0.00229134	0.0141435	0.0156605	0.0245319	0.00181987	0.0291994	0.0764004	0.00251981	0.143943	0.00831514	0.00162487	0.0172322	0.00891409	0.269159	0.332897	0.0173631	0.00821432	0.00890835	0.013692	0.00317112
150	0.0567157	0.00495003	0.00343994	0.00121976	0.0377835	0.0129575	0.00216849	0.193267	0.00689915	0.152836	0.152691	0.00509857	0.00765467	0.00273946	0.00338867	0.0252479	0.0659876	0.256937	0.00478879	0.00322818
151	0.0124159	0.00915495	0.00627881	0.0410053	0.0074785	0.0136328	0.0936707	0.0128298	0.113822	0.0468602	0.0112036	0.0101525	0.00916245	0.354155	0.19765	0.0107663	0.0197665	0.00811068	0.0105553	0.0113289
152	0.00343153	0.0419008	0.0146805	0.00217949	0.0293551	0.00266043	0.305261	0.00441643	0.0015357	0.0517323	0.00189005	0.0427394	0.00199897	0.0326966	0.0506068	0.0191942	0.00401014	0.00405413	0.00116489	0.384492
153	0.0140763	0.0124518	0.000849414	0.000604015	0.195158	0.00428311	0.00772972	0.147197	0.00319386	0.361711	0.0272021	0.00992175	0.0210722	0.00447868	0.00460027	0.0394269	0.0255479	0.115732	0.00124156	0.00352175
154	0.00365663	0.0264579	0.0151854	0.00406424	0.0205986	0.00257758	0.431288	0.00449833	0.00181718	0.0546245	0.00181012	0.0403651	0.00203418	0.0521301	0.0517557	0.0147086	0.00405287	0.0042793	0.00127744	0.262818
155	0.0163602	0.034532	0.00176713	0.00297266	0.0104877	0.0773644	0.0114696	0.0331525	0.00299731	0.00890116	0.00916547	0.0715841	0.00435294	0.00494799	0.0704928	0.52889	0.0957919	0.00891533	0.00229642	0.00355839
156	0.0409368	0.0255916	0.0241728	0.0303392	0.00932051	0.0342756	0.0557555	0.065242	0.00891256	0.033872	0.00519874	0.0777863	0.0634443	0.0364618	0.027059	0.196323	0.216389	0.0371665	0.00552179	0.00623097
157	0.120845	0.110817	0.00902247	0.223015	0.0238113	0.0284619	0.0154353	0.0277747	0.0568078	0.0308964	0.0132742	0.0176584	0.0139067	0.0666712	0.0182963	0.0495288	0.0286859	0.121	0.010145	0.0139474
158	0.108826	0.00721872	0.00529829	0.00938438	0.0270742	0.0158906	0.0165549	0.13517	0.0396166	0.0747238	0.0532313	0.0629826	0.00454076	0.0259171	0.0513625	0.120168	0.167296	0.0574301	0.00215101	0.0151636
159	0.00216401	0.0124175	0.0188638	0.0248959	0.00151015	0.0332238	0.0694796	0.00263114	0.177568	0.0045093	0.00116834	0.0186202	0.0113335	0.217325	0.346822	0.0200661	0.00938554	0.0105562	0.0157027	0.00175694
160	0.296147	0.00473271	0.00704729	0.0074838	0.0208373	0.0243993	0.00439162	0.0736808	0.00374826	0.0468676	0.0149997	0.00987097	0.0118311	0.00866355	0.00613952	0.12736	0.14845	0.177723	0.00243278	0.00319291
161	0.0817257	0.011673	0.00128063	0.00141784	0.00868842	0.00279153	0.00644134	0.124399	0.00404258	0.0148224	0.0270929	0.00560179	0.0193171	0.00548963	0.00661696	0.0875838	0.553346	0.0353013	0.00105549	0.0013127
162	0.0199046	0.00345987	0.00193925	0.0624622	0.0131679	0.00319698	0.0987932	0.021276	0.105798	0.0641125	0.0211988	0.00386032	0.0121853	0.426386	0.0767728	0.00713777	0.0308431	0.00812691	0.0122655	0.00711345
163	0.0320215	0.0205266	0.00233029	0.00419877	0.0157643	0.0373727	0.0103751	0.0710096	0.00601584	0.0152435	0.0226353	0.057879	0.0054309	0.00653751	0.0816595	0.376007	0.210908	0.0186309	0.00213244	0.00332139
164	0.00485597	0.00277289	0.0100575	0.00187709	0.031016	0.00321172	0.0118264	0.623634	0.00200749	0.00785559	0.00393633	0.00303079	0.00314771	0.00250563	0.00355991	0.0165708	0.0770697	0.187093	0.00155047	0.0024215
165	0.0110158	0.00397489	0.00100487	0.000516808	0.0792934	0.00177474	0.0219733	0.0740685	0.00520789	0.515347	0.0746971	0.00463898	0.0141439	0.0222419	0.0133577	0.017979	0.0156267	0.120031	0.00197979	0.00112643
166	0.0299038	0.00438337	0.00151769	0.00122898	0.0697642	0.00665253	0.019648	0.110621	0.00803486	0.389848	0.0875581	0.00875223	0.0145036	0.0242094	0.0131176	0.0318319	0.0473676	0.124694	0.00295966	0.0034034
167	0.0135954	0.00733813	0.00114933	0.000582046	0.101084	0.00310394	0.0173938	0.0925756	0.00458586	0.483265	0.0613196	0.00543908	0.0146847	0.0164512	0.0105587	0.0233013	0.0189477	0.120894	0.00177627	0.00195432
168	0.0562185	0.00479639	0.00298467	0.00113632	0.0276363	0.0133806	0.00182385	0.185464	0.00682438	0.13276	0.175649	0.00446388	0.00782495	0.00237811	0.00288271	0.0322341	0.0687387	0.264671	0.00478163	0.00335258
169	0.0324717	0.0271267	0.00125888	0.00188339	0.021935	0.0354455	0.00594674	0.0605269	0.0030902	0.0152943	0.0209958	0.0516288	0.00462493	0.00248702	0.0711147	0.465894	0.15782	0.0156915	0.00154483	0.0032191
170	0.0227134	0.199571	0.00300082	0.0029633	0.219069	0.040373	0.0148397	0.0590403	0.00340759	0.109799	0.00889245	0.0159101	0.00793722	0.0055374	0.0273564	0.124478	0.026472	0.030991	0.0277208	0.0499278
171	0.0463338	0.0171522	0.00166066	0.00920102	0.47111	0.00799798	0.00819945	0.0689737	0.00222252	0.0766822	0.00447134	0.00858184	0.00766972	0.00363114	0.0039002	0.0926022	0.0150813	0.03762	0.0205149	0.096394
172	0.0605646	0.00347159	0.0060519	0.00243541	0.0810866	0.0114061	0.00336187	0.257683	0.00180942	0.15858	0.0453833	0.0116253	0.004579	0.00120624	0.00465958	0.0153293	0.0457616	0.280649	0.00247842	0.00187805
173	0.0455486	0.0492934	0.00116523	0.0010725	0.163061	0.0420953	0.011034	0.109624	0.00744086	0.168215	0.0141425	0.0185089	0.0146968	0.00718103	0.00851711	0.149632	0.0716431	0.0868913	0.00335266	0.0268861
174	0.0424662	0.0331326	0.00175499	0.00628777	0.443084	0.0129276	0.00957144	0.0709153	0.0021342	0.0876126	0.0051508	0.0108035	0.00673606	0.00311281	0.00462357	0.10337	0.0198983	0.0385292	0.0155936	0.0822951
175	0.00551114	0.0405736	0.0127484	0.00452237	0.0498529	0.00379911	0.243311	0.00806361	0.00189468	0.049204	0.00241548	0.0396231	0.00256664	0.0277473	0.0413894	0.0276841	0.00641386	0.00774297	0.00213271	0.422803
176	0.0115489	0.287736	0.00199424	0.00350964	0.124646	0.0526127	0.0302832	0.0144585	0.00211062	0.109137	0.0146876	0.0112261	0.0153554	0.0071854	0.0595985	0.0760118	0.00589623	0.0159121	0.121188	0.0349024
177	0.131191	0.00405809	0.00444144	0.0030212	0.0329905	0.0315308	0.00251046	0.189401	0.00542638	0.119573	0.0912444	0.00724888	0.010743	0.00463035	0.00379084	0.0600208	0.118307	0.172836	0.00382444	0.00321047
178	0.0112876	0.00602384	0.12435	0.0423673	0.0109326	0.0414766	0.0570746	0.0171977	0.0365346	0.0140858	0.00547384	0.352999	0.0159721	0.00780563	0.0231457	0.127932	0.0457936	0.014105	0.00332177	0.0421206
179	0.0274598	0.0871047	0.00192171	0.00119281	0.260734	0.0268162	0.0125065	0.0809258	0.00388542	0.137096	0.00908992	0.0265396	0.00692586	0.00518265	0.00661333	0.156416	0.0422651	0.0430326	0.0105948	0.0536969
180	0.00987888	0.0141035	0.000443491	0.000479224	0.212286	0.00281397	0.00399469	0.144229	0.00284252	0.380452	0.0155392	0.00751272	0.0246981	0.00176698	0.0012685	0.0404051	0.0222159	0.113668	0.000485106	0.000916884
181	0.0442278	0.0215112	0.00234125	0.00242091	0.0182938	0.0278471	0.00662398	0.0714647	0.00578899	0.0170824	0.0292199	0.0586694	0.00488383	0.00365528	0.0650548	0.402277	0.186809	0.0268905	0.00152665	0.00341175
182	0.00835539	0.0111516	0.000550234	0.000420982	0.163683	0.00186935	0.0112471	0.103405	0.0032159	0.466074	0.0332858	0.00603319	0.0205549	0.00757194	0.00621394	0.0296972	0.0158892	0.109417	0.000703097	0.00066173
183	0.0310098	0.0544868	0.00172017	0.00145869	0.272216	0.0225482	0.0138916	0.083145	0.00386474	0.135724	0.0105489	0.022774	0.00699108	0.00606546	0.00580875	0.150549	0.0419276	0.044836	0.00923293	0.0812017
184	0.0124699	0.00395031	0.000985069	0.000457312	0.0867975	0.00218911	0.0214786	0.0884201	0.00642521	0.474536	0.0745088	0.00501841	0.0157941	0.0239429	0.0124143	0.0213148	0.0193689	0.126736	0.00206732	0.00112498
185	0.0373102	0.00822203	0.011582	0.0411914	0.00523826	0.13899	0.0505143	0.0541642	0.0191489	0.0192883	0.00330374	0.111429	0.00761774	0.050906	0.0769018	0.17018	0.129251	0.0408419	0.00922007	0.0146984
186	0.0263461	0.035238	0.00163719	0.00429642	0.260634	0.0166686	0.011053	0.0857553	0.0045901	0.123985	0.00854317	0.0280728	0.00793494	0.011853	0.00547536	0.16813	0.0428236	0.0380001	0.0164766	0.102487
187	0.0150272	0.00359403	0.00120348	0.000551654	0.080118	0.00295676	0.0216043	0.089109	0.00627817	0.462099	0.0832798	0.00501349	0.0146559	0.0241716	0.0132733	0.0192555	0.0212243	0.132918	0.0024397	0.0012267
188	0.227366	0.00623938	0.0135203	0.0144503	0.0268479	0.0553013	0.00393238	0.0695281	0.00274358	0.0621476	0.00487389	0.00734011	0.0202993	0.0138308	0.00561261	0.175905	0.145934	0.139047	0.00190239	0.00317725
189	0.0494246	0.0468711	0.00160275	0.00185162	0.133009	0.0485073	0.0140118	0.111972	0.00766442	0.160398	0.0122964	0.0242032	0.0156353	0.00722619	0.0110885	0.164669	0.077478	0.0864748	0.00284127	0.022776
190	0.0673977	0.137591	0.0130864	0.0590982	0.0313902	0.296343	0.00588649	0.0142083	0.00484706	0.0485563	0.0177991	0.0069682	0.00649083	0.00827609	0.0607628	0.125211	0.0186028	0.0396466	0.0157646	0.0220727
191	0.0302225	0.0270373	0.00259291	0.0087492	0.325593	0.0125654	0.0128919	0.0634928	0.00341522	0.0865112	0.00670822	0.0238379	0.00748451	0.00687914	0.00558298	0.129668	0.0335153	0.0334199	0.0173641	0.162468
192	0.0587786	0.00732233	0.00131706	0.00135718	0.0117668	0.00224275	0.0428041	0.0221198	0.0130411	0.0960222	0.00179989	0.00790721	0.413673	0.0026325	0.0342272	0.188385	0.0645107	0.0270593	0.0011684	0.00186526
193	0.212372	0.00436531	0.0086654	0.00819851	0.0318995	0.0333981	0.00384232	0.0906982	0.00270556	0.0710296	0.008659	0.00777389	0.0185346	0.00933101	0.00471209	0.165658	0.179857	0.133488	0.00191666	0.00289492
