225	20
1	0.0900498	0.00665927	0.000379155	0.000743688	0.0691525	0.0217316	0.00148315	0.168605	0.0133746	0.263399	0.0812757	0.00380103	0.00179823	0.00712705	0.00764721	0.0269387	0.0754151	0.103975	0.00951877	0.046926
2	0.0841166	0.00290779	0.00134735	0.0161591	0.0186279	0.0174557	0.0133127	0.0154223	0.000908761	0.0106503	0.0212445	0.00674775	0.66617	0.00284115	0.00136885	0.0727072	0.0245247	0.0206977	0.00146822	0.00132117
3	0.0583606	0.00732763	0.0500905	0.274701	0.08866	0.0266056	0.0412789	0.114073	0.00347632	0.0828268	0.02413	0.051561	0.00486692	0.0167527	0.00301929	0.0684509	0.0272586	0.0347644	0.00339577	0.0183997
4	0.0409559	0.00746492	9.77516e-05	0.00219384	0.0643115	0.00514758	0.00101873	0.266875	0.000105471	0.306292	0.0736615	0.00169258	0.00387402	0.000209612	0.00015986	0.00893465	0.0255332	0.17876	0.00554131	0.00717097
5	0.0557156	0.0102121	0.000175323	0.000337782	0.145233	0.00482634	0.00183978	0.197847	0.00160245	0.232468	0.0650521	0.00470947	0.00227405	0.00114477	0.00239344	0.00881617	0.0520968	0.139411	0.00993783	0.0639078
6	0.0256699	0.00122029	8.13195e-05	0.000141218	0.053387	0.00182747	0.000153035	0.104276	0.000103222	0.590545	0.115183	0.000298781	0.000331203	0.00186939	0.000147916	0.0119754	0.0222412	0.0667675	0.000566738	0.00321389
7	0.225236	0.0160172	0.000140648	0.00121656	0.0469794	0.0706995	0.000548361	0.11371	0.000371808	0.180406	0.0423006	0.0042781	0.00264292	0.0015299	0.000308204	0.0851888	0.0710791	0.13443	0.00187836	0.00103997
8	0.0499245	0.00481974	8.99356e-05	0.000348464	0.0743315	0.00670431	0.000443734	0.146958	0.000159023	0.476996	0.0835341	0.00137941	0.00093147	0.00105759	0.000172467	0.013824	0.0339045	0.0988727	0.00184811	0.00370012
9	0.0832152	0.00844102	7.38315e-05	0.00100561	0.0386041	0.0236875	0.00209352	0.190369	0.000244295	0.270881	0.104406	0.00467308	0.00372904	0.00140309	0.000187269	0.0322407	0.0652085	0.162744	0.00330988	0.00348292
10	0.0240402	0.000658097	7.96118e-05	0.000160357	0.0459965	0.00272608	0.000173935	0.074777	0.000115268	0.620679	0.135532	0.000322651	0.000274128	0.0030411	0.000182457	0.014627	0.0251611	0.0482969	0.00049958	0.00265655
11	0.0329613	0.0110215	0.000436391	0.000653243	0.18656	0.0423669	0.00109978	0.0764677	0.000522584	0.385679	0.0689742	0.00243518	0.00173662	0.00761384	0.000581189	0.0564693	0.0597033	0.0460449	0.0163218	0.00235184
12	0.0917388	0.0244415	0.00527199	0.000472917	0.00673124	0.0701185	0.000554339	0.0303551	0.000429578	0.0306098	0.0332793	0.00199389	0.000950025	0.0132081	0.000521088	0.581768	0.090662	0.0154177	0.000838908	0.000637059
13	0.110853	0.00996278	0.000130012	0.000653647	0.0411555	0.0301023	0.00123296	0.143909	0.000441811	0.264033	0.0561435	0.011244	0.00248912	0.00475431	0.00037609	0.0427932	0.116037	0.15952	0.00236665	0.00180186
14	0.100994	0.00902247	9.99038e-05	0.000452172	0.0572761	0.0241263	0.000881821	0.143977	0.000386432	0.345556	0.065813	0.00541163	0.00185518	0.00238849	0.000280001	0.0339972	0.0690476	0.134649	0.00214352	0.00164286
15	0.296387	0.00249114	0.000584415	0.00141845	0.00302296	0.430628	0.000743936	0.00728746	0.00111648	0.00891782	0.0059772	0.00651154	0.0049013	0.00194749	0.000535176	0.171546	0.0415334	0.0118577	0.00134754	0.00124535
16	0.133709	0.00194567	0.000628587	0.000874957	0.00656651	0.0235013	0.00124124	0.177609	0.000552469	0.107874	0.127504	0.00450783	0.0384202	0.0194446	0.000656257	0.107197	0.112739	0.13271	0.000963067	0.00135558
17	0.0395067	0.00678096	7.10193e-05	0.000641072	0.0794238	0.0020873	0.000180635	0.300358	0.00010595	0.243672	0.0435048	0.00200952	0.00483679	0.000182812	0.000101487	0.00372183	0.0250655	0.226965	0.00619602	0.0145884
18	0.0261303	0.000860414	9.65002e-05	0.000183126	0.046264	0.00258834	0.000192187	0.0810912	0.000121241	0.607043	0.131811	0.000416379	0.000382644	0.00259704	0.000189744	0.0146896	0.0283123	0.0539152	0.000358696	0.00275741
19	0.190176	0.00790545	0.000324421	0.00048748	0.0202599	0.0133304	0.00056773	0.262255	0.000438291	0.0825863	0.0323331	0.00228007	0.0125292	0.00131793	0.000591557	0.0430302	0.0377661	0.289457	0.00145328	0.00091082
20	0.0805368	0.0255368	0.00615898	0.000527338	0.00833093	0.0747922	0.000572509	0.0306534	0.000449167	0.0277658	0.0351053	0.0016874	0.00193343	0.01974	0.000541406	0.582302	0.085267	0.0164179	0.000930144	0.000751201
21	0.313399	0.000427532	0.000169762	0.00443906	0.00136504	0.10337	0.000287856	0.00454094	0.000200935	0.012724	0.00387316	0.0174741	0.00234011	0.00370755	0.000222965	0.437914	0.0832713	0.00969646	0.000267987	0.000308478
22	0.0700571	0.00188701	0.0128101	0.0248607	0.0157224	0.202652	0.0293441	0.00619437	0.00108613	0.00655242	0.00470462	0.306872	0.00185955	0.0244531	0.033672	0.121043	0.0670583	0.0178372	0.00110886	0.050226
23	0.00921237	0.00151738	0.1861	0.0669324	0.00379296	0.0383029	0.142937	0.0058008	0.00821748	0.00593583	0.00422842	0.24495	0.00161248	0.0136807	0.0240349	0.199209	0.0355468	0.00563048	0.00114344	0.00121458
24	0.0343003	0.00226873	0.000244278	0.000260734	0.189516	0.0154644	0.000406484	0.0567211	0.000258569	0.510083	0.0751551	0.00166019	0.000617807	0.000784817	0.000323291	0.01007	0.0283435	0.0445678	0.024163	0.00479122
25	0.0387541	0.00288297	8.2228e-05	0.00035577	0.0848164	0.00151902	0.000142381	0.183594	8.07986e-05	0.482557	0.0629822	0.000294732	0.000851321	0.000196384	0.000105694	0.00590494	0.0181662	0.111662	0.00171188	0.00334042
26	0.109196	0.00639465	0.000292641	0.000387184	0.0265519	0.0421949	0.00046656	0.0561704	0.000415067	0.164815	0.155427	0.00628317	0.0116746	0.00143527	0.000374427	0.158257	0.203511	0.0543671	0.000551442	0.00123439
27	0.0460484	0.00370583	8.77421e-05	0.000389145	0.0879742	0.00269335	0.000217353	0.188961	0.000137788	0.445558	0.063228	0.000688344	0.00114	0.000248898	0.000151366	0.00680087	0.0233636	0.120581	0.00213867	0.0058865
28	0.0358517	0.00285122	0.000362694	0.000564657	0.34724	0.00685786	0.000664351	0.0177578	0.000411146	0.0170292	0.0144786	0.00121027	0.000778423	0.00075935	0.000456178	0.00711837	0.00604732	0.00754804	0.026345	0.505668
29	0.0559171	0.0077534	0.00014005	0.000798998	0.0186735	0.00828083	0.00107712	0.252561	0.000284287	0.215178	0.206459	0.00123001	0.00428629	0.000328825	0.000195343	0.0272583	0.0356279	0.158279	0.00204085	0.00362936
30	0.351723	0.00106542	0.000279242	0.00180318	0.00208557	0.311829	0.000492643	0.00359261	0.000372138	0.00530837	0.0028583	0.00640866	0.0023057	0.00219581	0.000449912	0.254217	0.046084	0.00558368	0.000658314	0.000687661
31	0.0381014	0.00534515	0.000185967	0.000354724	0.140661	0.00299945	0.00119437	0.162473	0.000726974	0.344938	0.074887	0.00333495	0.00132469	0.00066138	0.00126141	0.00635448	0.0317236	0.108193	0.0245486	0.0507315
32	0.0891262	0.0059854	0.0174686	0.443161	0.0725678	0.022127	0.0136124	0.0394372	0.00699435	0.071286	0.0213611	0.0185762	0.00521709	0.0598627	0.00308025	0.036971	0.0250415	0.028542	0.00386626	0.0157158
33	0.0228796	0.000632236	8.07563e-05	0.000136961	0.0450328	0.00210424	0.000168468	0.0791544	0.000107197	0.615662	0.137527	0.000330198	0.000284138	0.0025759	0.000171729	0.0143645	0.0252512	0.0504223	0.000277755	0.00283652
34	0.0531491	0.00281331	0.000958934	0.00153344	0.0171632	0.00571372	0.0247888	0.0740075	0.00107972	0.187268	0.217085	0.0913989	0.0029998	0.0624393	0.0182904	0.102969	0.0490492	0.0832703	0.0019791	0.00204371
35	0.208735	0.00615651	0.00116809	0.00183026	0.00828297	0.0548252	0.000862408	0.0202795	0.000804527	0.0532269	0.0441071	0.0170504	0.00376088	0.00311678	0.000704138	0.37665	0.176229	0.020088	0.00107799	0.00104504
36	0.0364382	0.00420164	7.52503e-05	0.000435115	0.0826523	0.00164761	0.000131757	0.241014	7.38202e-05	0.373606	0.0527979	0.00102054	0.00281415	0.000195105	0.000107573	0.00459198	0.0193192	0.165436	0.00381924	0.00962175
37	0.292833	0.0980157	0.00106582	0.00147724	0.0063998	0.0566551	0.00205358	0.0250412	0.00120817	0.0098739	0.00816807	0.00373129	0.157831	0.00294809	0.00179897	0.256567	0.0587911	0.011122	0.00213957	0.0022799
38	0.0480896	0.00714428	0.00170646	0.00631244	0.165242	0.0329743	0.00400362	0.110413	0.00110966	0.189179	0.0643924	0.00571464	0.00276353	0.0447397	0.00118836	0.129036	0.0866222	0.0788691	0.00372281	0.0167783
39	0.0700585	0.0157402	0.000990398	0.00224713	0.111714	0.0105465	0.00261763	0.19279	0.00188511	0.227645	0.0636865	0.00516356	0.00372406	0.00279702	0.0023509	0.0167961	0.0536162	0.140135	0.00902244	0.066474
40	0.202579	0.0164122	0.000422655	0.000889119	0.0240571	0.0427413	0.000809067	0.209429	0.00043418	0.131047	0.0229591	0.00337212	0.0211168	0.0014272	0.000573739	0.0394984	0.046057	0.232743	0.00182816	0.00160304
41	0.0223101	0.000500892	7.78187e-05	0.000146369	0.0435713	0.00207606	0.000170956	0.0749953	0.000110013	0.625377	0.137335	0.000324897	0.00026663	0.0027194	0.000155073	0.0142101	0.0238471	0.0486469	0.00027591	0.00288287
42	0.128335	0.0157317	0.000367007	0.00052189	0.0188523	0.0128164	0.00063108	0.264728	0.000412245	0.103122	0.0631021	0.00648853	0.00471628	0.00141735	0.000518643	0.0488747	0.102457	0.224511	0.00107929	0.00131776
43	0.390027	0.0424064	0.000348283	0.000527407	0.0167643	0.0562403	0.00618034	0.0404976	0.000403411	0.0304806	0.0286886	0.00920371	0.00953397	0.00120447	0.00101424	0.183984	0.107811	0.0616919	0.000809673	0.0121821
44	0.300061	0.000437438	0.000164672	0.00465812	0.00110075	0.103306	0.000285834	0.00380808	0.000166225	0.0132075	0.00384745	0.0183594	0.00238711	0.00391576	0.000217779	0.4473	0.0872752	0.00895212	0.000254708	0.000294775
45	0.163509	0.0126969	0.00132159	0.00250939	0.017603	0.0195875	0.0129165	0.0984257	0.00121855	0.0357628	0.0108741	0.0538733	0.022358	0.0119358	0.0122281	0.247888	0.192796	0.0782721	0.00219376	0.00202944
46	0.0899112	0.00535989	0.0206288	0.499431	0.044941	0.0264521	0.0163462	0.0409789	0.00836008	0.0537226	0.0155132	0.0214236	0.00742329	0.0510986	0.0036814	0.040174	0.0232002	0.0223998	0.00397619	0.00497784
47	0.414919	0.00217606	0.000455202	0.0026121	0.00452385	0.080201	0.00047189	0.0150539	0.000315676	0.0111995	0.00740554	0.00962513	0.0021921	0.00298573	0.00039822	0.375034	0.0516507	0.0177546	0.000565873	0.000459928
48	0.376106	0.00260206	0.000311217	0.000509223	0.00173834	0.382236	0.000574803	0.00765767	0.00039407	0.00658314	0.00261731	0.00398796	0.00724627	0.00107136	0.00043357	0.142097	0.0493959	0.0122958	0.00141601	0.000726884
49	0.0523974	0.00584663	0.000101793	0.000923975	0.0437271	0.00908054	0.00115856	0.208145	0.000188708	0.331579	0.137277	0.00110066	0.00307065	0.000406054	0.000158166	0.0176147	0.0373937	0.143763	0.0025608	0.00350533
50	0.0213724	0.00664304	0.00171505	0.0262419	0.00524438	0.0118904	0.00260726	0.0111191	0.702838	0.0174233	0.00694882	0.0249759	0.00703552	0.0234694	0.0793524	0.0274508	0.00825192	0.00823793	0.00554216	0.00164004
51	0.053664	0.00555773	0.000608791	0.00195866	0.260412	0.00717016	0.00832543	0.0227772	0.000651673	0.0440853	0.0239816	0.0102919	0.00119181	0.00235849	0.00100607	0.011701	0.0383426	0.0263652	0.0148899	0.46466
52	0.0468518	0.00687432	0.000879296	0.00378929	0.217874	0.00763124	0.00420226	0.138597	0.00113233	0.212439	0.0731345	0.00529981	0.00124072	0.00445438	0.00325131	0.0210482	0.0469464	0.0869629	0.0109106	0.106481
53	0.0394314	0.00647249	6.98294e-05	0.000918683	0.0698481	0.00327682	0.000393444	0.296498	7.99979e-05	0.252969	0.0582905	0.00165202	0.00506112	0.000164324	0.000103576	0.00594268	0.0243154	0.217824	0.00561307	0.0110752
54	0.0936947	0.023576	0.00108509	0.00133105	0.0559443	0.0220885	0.00200406	0.0901025	0.00123621	0.132309	0.177667	0.0492021	0.0277952	0.00327993	0.00424849	0.0866913	0.177432	0.0271634	0.00457725	0.0185714
55	0.186005	0.0104926	0.00287184	0.00316686	0.00763557	0.142004	0.00172278	0.0159405	0.00183381	0.0193133	0.0186282	0.0107581	0.00907844	0.0400264	0.001245	0.439254	0.0698666	0.0169138	0.00194819	0.0012952
56	0.465913	0.00902548	0.000233274	0.00101815	0.0205111	0.0614529	0.00148167	0.0573566	0.000314195	0.0430423	0.0214052	0.00277792	0.00237573	0.000594576	0.000386775	0.188562	0.0495249	0.0715069	0.000606694	0.00191118
57	0.0453153	0.00294754	0.000217038	0.000248958	0.164776	0.0153546	0.000295649	0.0709996	0.00021513	0.504192	0.079675	0.00113627	0.000564431	0.000945915	0.000289276	0.0132872	0.0355445	0.0492762	0.0127166	0.00200359
58	0.558354	0.00200939	0.000420427	0.000893399	0.00929036	0.0544092	0.0007253	0.0280372	0.00041562	0.00932386	0.0103045	0.00270987	0.00127109	0.00116587	0.000514275	0.263154	0.0250171	0.0304069	0.000709545	0.000868035
59	0.208652	0.00613079	0.00117558	0.00178392	0.003138	0.0619351	0.000613532	0.0168252	0.000298502	0.0282396	0.0148255	0.00902728	0.00125606	0.00374634	0.000387766	0.457731	0.161578	0.0210978	0.00105076	0.000507795
60	0.38758	0.0363124	0.000434279	0.00067256	0.0160567	0.142969	0.00329673	0.0407014	0.00051559	0.0318281	0.0250539	0.00791876	0.0124647	0.000907991	0.000467294	0.150174	0.0756407	0.0584865	0.00203184	0.00648702
61	0.0390077	0.00291525	8.22988e-05	0.000342513	0.0857368	0.00161132	0.000136014	0.180899	8.16694e-05	0.484475	0.063284	0.000282315	0.000822006	0.000210063	0.000107162	0.00602265	0.0186754	0.110459	0.00167764	0.00317226
62	0.0222198	0.000499513	7.87167e-05	0.000144357	0.0437084	0.00210097	0.000172578	0.0753425	0.000111313	0.622	0.139436	0.000323856	0.000263886	0.00272834	0.000179154	0.0144609	0.0246556	0.0484124	0.000259253	0.00290293
63	0.0386047	0.00257101	8.19487e-05	0.000314524	0.0594473	0.0037546	0.000281363	0.135014	0.00010192	0.524168	0.10255	0.000617969	0.000877124	0.00138649	0.000148755	0.012236	0.0253592	0.0884027	0.00109066	0.00299144
64	0.0348923	0.00283042	0.000279887	0.000425862	0.32872	0.00535301	0.00110084	0.0485904	0.000383654	0.0731356	0.0353578	0.0019499	0.000732271	0.000655808	0.000980659	0.00727114	0.012021	0.0214727	0.0291146	0.394732
65	0.332785	0.00398265	0.000374068	0.0018166	0.00318209	0.261159	0.00096411	0.00953285	0.00041808	0.0117465	0.00551658	0.00950641	0.00502339	0.00191017	0.000644687	0.253597	0.080991	0.0143161	0.00133555	0.00119868
66	0.0534257	0.0126909	0.000615119	0.00080686	0.0210941	0.00380375	0.000829822	0.364397	0.000461292	0.132383	0.208848	0.00297469	0.00284	0.00146998	0.00085495	0.0828137	0.0250421	0.0812131	0.00130645	0.00212934
67	0.213919	0.0282504	0.00276761	0.000445118	0.00890797	0.0505621	0.00249373	0.0380229	0.000427096	0.0325258	0.0316657	0.00413821	0.00333126	0.00746026	0.000711714	0.431286	0.0996521	0.0388172	0.000634677	0.00398143
68	0.038104	0.00443815	0.000231605	0.000318979	0.187223	0.00561756	0.0017517	0.121354	0.000968121	0.328479	0.0852911	0.00615229	0.00106726	0.000896295	0.00199847	0.00801399	0.0406966	0.0719529	0.0251146	0.0703304
69	0.0405194	0.00665954	8.33015e-05	0.00070144	0.0762909	0.00312315	0.000292755	0.295121	0.00012579	0.248405	0.0457296	0.00327151	0.00458596	0.000207439	0.000104858	0.00562794	0.0280324	0.221101	0.00621568	0.013801
70	0.0858001	0.00852816	0.00187449	0.00594469	0.164902	0.0103596	0.0181815	0.0231366	0.000736055	0.0623324	0.0405768	0.0256963	0.00190709	0.00584405	0.00138754	0.0199114	0.0715532	0.0601645	0.00257581	0.388588
71	0.159903	0.00583237	0.00276321	0.00612754	0.0153792	0.33895	0.00369044	0.0195047	0.0358762	0.0571343	0.11204	0.00916745	0.00606877	0.00865686	0.00490059	0.0672081	0.0562116	0.0238013	0.0603764	0.00640856
72	0.110583	0.0121112	0.00601347	0.0282719	0.202449	0.0314698	0.0115018	0.0673565	0.000404063	0.134279	0.0566861	0.0155674	0.000934074	0.0235559	0.000826342	0.0642382	0.048194	0.0967701	0.000748096	0.0880396
73	0.0486631	0.00814095	0.00011342	0.000528854	0.0955469	0.00398804	0.00065141	0.25378	0.000547903	0.260199	0.0539294	0.00276262	0.00493991	0.000456068	0.000717518	0.0060109	0.0363158	0.187742	0.00758401	0.0273809
74	0.40979	0.0074931	0.000267956	0.000437798	0.00272598	0.253679	0.000509521	0.0311246	0.000343592	0.0224865	0.00433785	0.0144661	0.0371578	0.000685435	0.000402337	0.100815	0.0514788	0.0563046	0.00470801	0.000786204
75	0.0796976	0.012871	0.000109243	0.00239871	0.0413725	0.0222966	0.00256964	0.185148	0.00037133	0.296768	0.0886831	0.00641859	0.00290827	0.0019323	0.000298173	0.0323807	0.0581266	0.158412	0.00464105	0.00259734
76	0.106835	0.00831829	0.000135115	0.000490898	0.0380769	0.0284561	0.000924848	0.207885	0.000218226	0.213933	0.0466939	0.0097648	0.00525385	0.00183514	0.000233895	0.0382228	0.0765819	0.212678	0.00171142	0.00175121
77	0.0431495	0.00266901	0.000212786	0.000259136	0.179041	0.0163551	0.000331005	0.0636778	0.000237265	0.505771	0.0768099	0.00135928	0.000558478	0.000911668	0.000335104	0.0117663	0.033584	0.0450772	0.0153283	0.00256672
78	0.0386656	0.00681802	6.90438e-05	0.000753401	0.0760209	0.00229294	0.000230987	0.303878	0.000111795	0.242073	0.0461276	0.00185226	0.00508619	0.000182155	0.000106122	0.00405739	0.0241352	0.228148	0.00611042	0.0132812
79	0.0948403	0.00919018	8.54518e-05	0.000837016	0.0429078	0.0264727	0.00150914	0.178505	0.000459946	0.276287	0.0907547	0.00504962	0.00289128	0.00185791	0.000297575	0.034556	0.0678828	0.15933	0.00318687	0.00309905
80	0.329705	0.00875601	0.000230783	0.00182965	0.0316597	0.0879485	0.000512034	0.100989	0.000246959	0.0719518	0.0337231	0.00296205	0.00309381	0.000530316	0.000296232	0.12889	0.0517662	0.142934	0.00141726	0.000557483
81	0.385625	0.00256308	0.000326358	0.00075965	0.00232403	0.344477	0.000547168	0.00975834	0.000322275	0.00768556	0.00339889	0.00481618	0.00687291	0.00124258	0.000394426	0.163755	0.0488431	0.0142901	0.00126516	0.000733253
82	0.0386337	0.00283562	8.24991e-05	0.000343546	0.0851642	0.0015006	0.000141628	0.181817	8.25501e-05	0.484661	0.0632103	0.000287833	0.000828806	0.000197248	0.00010464	0.00592068	0.0179751	0.111307	0.00167611	0.00322926
83	0.22413	0.0887353	0.00114187	0.00178137	0.103992	0.178978	0.00180302	0.0481682	0.000809071	0.120846	0.0438496	0.00396674	0.00291276	0.00209695	0.00127807	0.0982272	0.0377859	0.0363414	0.00147439	0.00168138
84	0.0383653	0.00459701	0.000330797	0.00110296	0.180796	0.00502597	0.0024274	0.132927	0.000753666	0.305261	0.0867079	0.00455964	0.00115738	0.00156747	0.00203528	0.0108404	0.036384	0.0819505	0.0270789	0.0761312
85	0.0214026	0.00686014	0.000952945	0.0277264	0.00496935	0.0120624	0.00176703	0.0111818	0.697816	0.0173044	0.00661664	0.022922	0.00724343	0.0241793	0.086399	0.0272512	0.00784104	0.00811491	0.00574887	0.00164027
86	0.0380409	0.00273421	8.03947e-05	0.000327727	0.0837888	0.00151295	0.000149038	0.178479	8.28935e-05	0.489651	0.0649262	0.000295921	0.000802329	0.000281162	0.000103124	0.00627682	0.0180525	0.109562	0.00160394	0.00324955
87	0.358749	0.0013009	0.000289194	0.00154903	0.0018772	0.322558	0.000524563	0.0039446	0.000335961	0.00530338	0.00266394	0.00601781	0.00355969	0.0020033	0.000413006	0.232831	0.0487391	0.00591608	0.000729754	0.000694907
88	0.22225	0.00859139	0.00019838	0.000804271	0.0291863	0.0428503	0.000564817	0.140129	0.000374579	0.159942	0.0478977	0.00410072	0.00681334	0.00232893	0.000431384	0.0687953	0.0622507	0.198824	0.00270115	0.000965239
89	0.472688	0.00345507	0.00125439	0.00197706	0.0803941	0.00819866	0.00205963	0.0122532	0.00151211	0.0141524	0.00807525	0.00393534	0.00511472	0.00314537	0.00172158	0.0442664	0.0332841	0.298226	0.00200069	0.00228578
90	0.0420721	0.00134534	0.000974813	0.00639937	0.0217265	0.0174328	0.00577068	0.00426477	0.000544345	0.00462167	0.00834296	0.00195445	0.833258	0.00145519	0.000791855	0.0298466	0.00485152	0.0122885	0.000944352	0.00111386
91	0.0671895	0.00628912	0.000183981	0.000644241	0.0908145	0.0112124	0.000774305	0.167045	0.000536895	0.380581	0.0681625	0.00274958	0.00184189	0.00150203	0.000590406	0.0171701	0.0394305	0.12657	0.00451585	0.0121959
92	0.0172801	0.00342787	0.00308338	0.012558	0.00665157	0.00825458	0.39476	0.00900583	0.0020619	0.0100926	0.00791649	0.0915405	0.00293931	0.374844	0.0143226	0.0130391	0.0106982	0.012831	0.00229296	0.00240076
93	0.0928591	0.0106954	0.00518399	0.0233342	0.222435	0.0350663	0.014155	0.0667012	0.000943304	0.127953	0.069196	0.0133553	0.00130419	0.0247712	0.00139053	0.0617229	0.0578018	0.0872646	0.00144652	0.0824198
94	0.0397204	0.00344204	0.00143299	0.00202318	0.176073	0.00915001	0.0020637	0.0604262	0.00122343	0.151817	0.0534112	0.0043101	0.00218917	0.00306804	0.00156478	0.0128039	0.0149168	0.0543036	0.184047	0.222014
95	0.127556	0.0111491	7.33826e-05	0.000464765	0.0465747	0.0329211	0.000872224	0.160898	0.000365661	0.25486	0.0596108	0.00544026	0.00206675	0.00210641	0.000268652	0.0431106	0.0838736	0.163258	0.00276961	0.00175986
96	0.0422726	0.00126463	0.00106493	0.00637484	0.0216187	0.0177254	0.00573128	0.00434122	0.000551991	0.00445255	0.00838618	0.00222319	0.831565	0.00149989	0.000815785	0.0304717	0.00513323	0.0125183	0.000878218	0.0011109
97	0.0278292	0.0027363	0.140147	0.257422	0.0226966	0.0412507	0.0781986	0.0326783	0.00703851	0.0253505	0.00775251	0.15266	0.00327142	0.0198654	0.0166113	0.123741	0.0254839	0.0107378	0.00184827	0.0026806
98	0.175591	0.00808779	0.000630662	0.00111985	0.0203613	0.030656	0.00146172	0.17284	0.000968009	0.0962222	0.0733043	0.00861572	0.0104134	0.00459559	0.000883221	0.0895274	0.137684	0.163267	0.00208339	0.00168733
99	0.0609307	0.00845359	0.000349711	0.00119513	0.143447	0.0090073	0.00262071	0.171208	0.00257608	0.236098	0.0821737	0.00454576	0.00185439	0.00245753	0.00328586	0.015442	0.0578895	0.116097	0.0102291	0.0701382
100	0.0331961	0.00235529	0.0320137	0.218886	0.00687827	0.0224711	0.0707271	0.00886178	0.0179538	0.0099565	0.00728433	0.00579225	0.00251005	0.489484	0.00594956	0.0278223	0.00916548	0.025018	0.00158266	0.0020917
101	0.073212	0.00412775	0.0061076	0.00356627	0.00952485	0.640077	0.00541651	0.0135829	0.00345104	0.0401619	0.0159863	0.0352114	0.00491728	0.00494758	0.00347296	0.078429	0.0242506	0.0248743	0.00484441	0.00383845
102	0.253428	0.00237374	0.000420232	0.00239776	0.00205304	0.0643576	0.000566658	0.0129879	0.00029231	0.0256243	0.00995595	0.0115648	0.00136421	0.00222173	0.000415455	0.427716	0.164844	0.016005	0.000982412	0.000427744
103	0.0650417	0.0172974	0.0521085	0.00144431	0.00539604	0.0141959	0.00172611	0.0101205	0.0032655	0.0240837	0.0138888	0.083577	0.341329	0.0264798	0.00141815	0.205357	0.114328	0.0153123	0.0017906	0.00183932
104	0.130685	0.00702898	0.00170829	0.00454789	0.0349949	0.0157091	0.00423787	0.0666865	0.00142831	0.0598969	0.0897961	0.0705085	0.0743603	0.00909083	0.0292709	0.138265	0.202847	0.0339418	0.0200584	0.00493707
105	0.125732	0.00275212	0.00090383	0.0227278	0.0390407	0.0295345	0.0143581	0.079961	0.000801922	0.0367926	0.0379979	0.0310314	0.184947	0.00439096	0.00332818	0.160755	0.144156	0.0766373	0.00269968	0.00145237
106	0.0854379	0.00591534	0.000716213	0.00109994	0.00731735	0.00799366	0.00120485	0.269687	0.000828006	0.0588353	0.162022	0.0259933	0.00670023	0.00463893	0.0010823	0.0869997	0.102899	0.167441	0.00138135	0.00180574
107	0.343914	0.00751561	0.000453349	0.00184813	0.0191866	0.0924054	0.00102643	0.0689254	0.00044692	0.0570791	0.0292026	0.0115453	0.00872628	0.00141341	0.000661655	0.096698	0.117712	0.137244	0.00214812	0.00184743
108	0.289862	0.0154684	0.000515798	0.00170248	0.0470355	0.126181	0.00102273	0.0599703	0.000852854	0.10528	0.0649634	0.00467185	0.00404919	0.00114813	0.000795578	0.107303	0.101687	0.0639925	0.00197597	0.00152197
109	0.041555	0.00575174	0.000251205	0.000368964	0.208566	0.00384675	0.0029663	0.142671	0.0011937	0.239547	0.085899	0.00479366	0.00112643	0.00126335	0.00331178	0.00993687	0.0423236	0.0844021	0.0221807	0.0980453
110	0.0385193	0.00282162	8.27411e-05	0.000325239	0.0843101	0.0015137	0.000143099	0.180836	8.27145e-05	0.484884	0.0643702	0.000284472	0.000852018	0.000234214	0.000104566	0.00600433	0.0182094	0.111547	0.00165574	0.00321946
111	0.304152	0.00090352	0.000228198	0.0035563	0.00143489	0.0850849	0.00035087	0.00699598	0.000211682	0.0188516	0.00736142	0.0163283	0.00189993	0.00278455	0.000222508	0.429302	0.109569	0.0100344	0.000371514	0.000357102
112	0.163181	0.00181833	0.000666433	0.000905317	0.0143961	0.0580088	0.00124361	0.0700152	0.000888357	0.0227681	0.00840382	0.0037108	0.00201876	0.00172743	0.00127708	0.164053	0.388252	0.0827201	0.0123527	0.00159384
113	0.250325	0.00612415	0.000493459	0.00149428	0.0309105	0.0988702	0.00107004	0.119218	0.000834497	0.111022	0.0336564	0.00366245	0.00497599	0.0014586	0.000923135	0.0756539	0.0360812	0.200708	0.0210335	0.00148476
114	0.0887303	0.0108178	0.013483	0.00469418	0.0116522	0.0511925	0.00369733	0.0206314	0.00144255	0.0200379	0.0325549	0.0251704	0.311012	0.044101	0.00213075	0.21324	0.102715	0.0375865	0.00250693	0.00260202
115	0.0213907	0.00645259	0.00155512	0.0303642	0.00539897	0.0122177	0.00287839	0.0112124	0.690725	0.0171381	0.00687596	0.0228781	0.00702977	0.028981	0.0814401	0.0275594	0.01001	0.00838795	0.00568744	0.00181671
116	0.0794528	0.00677576	0.000116376	0.000739698	0.05149	0.0167609	0.00085411	0.270397	0.00021849	0.214603	0.0647899	0.00293111	0.0045046	0.000615266	0.000233805	0.0235266	0.0473999	0.205066	0.00321126	0.00631291
117	0.417303	0.00745467	0.000260991	0.000464081	0.00339089	0.240139	0.000521496	0.0323006	0.000346849	0.0232053	0.00494763	0.0140096	0.0360291	0.000678606	0.000396662	0.103492	0.0512268	0.0583921	0.00462841	0.000811179
118	0.282731	0.010327	0.000379987	0.00218198	0.0445692	0.150774	0.00125278	0.0816292	0.000647429	0.0787408	0.0345056	0.00513008	0.0260779	0.00159289	0.000542359	0.0933891	0.0621134	0.119667	0.0024557	0.00129171
119	0.0425031	0.00732129	0.000102613	0.000500454	0.111664	0.00238313	0.00062961	0.267197	0.000163222	0.247115	0.0518172	0.00232842	0.00360974	0.000246511	0.000625863	0.00474568	0.0307775	0.189762	0.0064013	0.0301058
120	0.337698	0.00899796	0.000170478	0.00274225	0.0365399	0.117985	0.000408282	0.0863629	0.000188709	0.0772765	0.0346002	0.00371458	0.00324095	0.000385945	0.000233806	0.114537	0.0598077	0.113437	0.00115415	0.000519255
121	0.0746879	0.0080059	8.50442e-05	0.00104033	0.0359284	0.0185993	0.00156212	0.203477	0.00021138	0.270501	0.131066	0.00303942	0.00416757	0.00098821	0.000161485	0.0264257	0.0522507	0.160731	0.00357271	0.00349856
122	0.0513085	0.00401429	9.91511e-05	0.000300362	0.0873107	0.00525242	0.000222368	0.156981	0.000116573	0.483633	0.0671129	0.000682021	0.000756732	0.000597036	0.000123602	0.00945562	0.0282823	0.0993466	0.00215467	0.00225102
123	0.054218	0.0099152	0.000149131	0.000329311	0.14705	0.00481549	0.00188496	0.201791	0.00156731	0.23425	0.0660418	0.00407223	0.00186814	0.00113634	0.00245447	0.00836714	0.0484761	0.138667	0.00865551	0.0642905
124	0.0497257	0.00289344	0.00108405	0.00144657	0.0206574	0.00864556	0.0254933	0.0730721	0.0012545	0.164674	0.194634	0.0899962	0.00710249	0.0642549	0.0452218	0.0993763	0.0507407	0.0921676	0.00541316	0.00214594
125	0.579308	0.00276539	0.000434424	0.000526242	0.00873621	0.0509038	0.000897098	0.033954	0.000558079	0.0096686	0.0101168	0.00163408	0.00148477	0.000854135	0.000465788	0.238039	0.0236883	0.0341686	0.000768935	0.00102817
126	0.128281	0.00759401	0.000237271	0.000433787	0.0273951	0.0195164	0.000505767	0.292907	0.000248306	0.120663	0.0129668	0.00224643	0.00601133	0.000610682	0.000379208	0.0181764	0.0387757	0.321268	0.000671598	0.00111249
127	0.182461	0.00282391	0.000634088	0.00119175	0.0195145	0.0367033	0.00120039	0.0433948	0.000695458	0.505079	0.0217877	0.00306386	0.00248088	0.00177702	0.000681841	0.0311157	0.0290688	0.113441	0.00141169	0.00147283
128	0.0973611	0.0140165	0.00397307	0.00185646	0.00721712	0.0626363	0.00138991	0.0272301	0.00485683	0.0236926	0.0221542	0.00571667	0.00233442	0.00958975	0.00219449	0.518751	0.168107	0.0231967	0.00242548	0.0013008
129	0.0559714	0.00770704	0.000139709	0.000781687	0.0187857	0.00841091	0.0010754	0.25294	0.000285257	0.215021	0.206257	0.00123188	0.00431317	0.000328901	0.000197434	0.027484	0.0359369	0.157459	0.00201926	0.00365373
130	0.126112	0.00972972	9.23406e-05	0.000530108	0.0508424	0.0372968	0.000950157	0.157071	0.000339628	0.262425	0.0564835	0.00552493	0.00199351	0.00221278	0.000326126	0.038641	0.0783064	0.166764	0.0026319	0.00172614
131	0.0395243	0.006773	7.10193e-05	0.000640081	0.0795008	0.00209321	0.000178451	0.300321	0.000106218	0.243627	0.0434805	0.0020116	0.00483666	0.000182818	0.000101519	0.00371275	0.0250934	0.226915	0.00620185	0.0146287
132	0.202782	0.00177765	0.000584515	0.000742925	0.00301349	0.610271	0.00097124	0.00559215	0.00253183	0.0106198	0.0087733	0.00698891	0.00383573	0.00151906	0.00072525	0.0964805	0.027557	0.011254	0.00297384	0.00100566
133	0.283808	0.000483827	0.000792806	0.0062897	0.00169637	0.109563	0.00154664	0.00392978	0.000179897	0.0128975	0.00387424	0.0389877	0.00226737	0.00488927	0.00167054	0.42675	0.088404	0.00923101	0.000307294	0.00243206
134	0.0329447	0.00254064	0.000156792	0.000416076	0.115203	0.00326397	0.00024634	0.163129	0.000178219	0.468073	0.0550643	0.000857668	0.00112509	0.000334149	0.000134933	0.00471853	0.0192022	0.1137	0.0127657	0.00594549
135	0.331512	0.0133041	0.000213983	0.00233565	0.0390378	0.12679	0.000432282	0.0821836	0.000218367	0.0803155	0.0361953	0.00462423	0.0036425	0.00044099	0.000276157	0.11273	0.0565415	0.107584	0.0010499	0.000573226
136	0.27609	0.00221998	0.000445463	0.000728417	0.00258121	0.519471	0.000759099	0.00644906	0.00127945	0.00921843	0.00627945	0.00575355	0.00505156	0.00149131	0.000646865	0.111847	0.0346349	0.0119519	0.00221287	0.000888207
137	0.0351111	0.00356781	8.35855e-05	0.000395889	0.0841158	0.0015098	0.00013594	0.22373	7.66942e-05	0.409229	0.054707	0.000763207	0.00224087	0.000192788	0.000101177	0.00475792	0.0178078	0.149361	0.00393314	0.00817907
138	0.147952	0.00230147	0.000845461	0.00142124	0.00807202	0.0428583	0.00281844	0.0450291	0.00139342	0.0763252	0.114594	0.0396363	0.0473438	0.0588608	0.132431	0.0636851	0.0636353	0.0999151	0.0489339	0.00194845
139	0.0236013	0.00324476	0.0131229	0.0591813	0.00761177	0.0135123	0.259544	0.0101212	0.00828713	0.0116078	0.00875701	0.0659289	0.00327495	0.42917	0.0227695	0.0218493	0.0151309	0.0176369	0.00211279	0.0035351
140	0.0209691	0.00183023	0.0205028	0.0332077	0.00383016	0.0250356	0.0217217	0.0056664	0.1573	0.00646187	0.00429626	0.0343931	0.012708	0.0699049	0.0460531	0.163851	0.352641	0.0169657	0.00146682	0.00119443
141	0.0112918	0.00201623	0.195647	0.0692978	0.00447163	0.0342293	0.115931	0.00665196	0.0145896	0.00681151	0.00464389	0.222713	0.00235945	0.0219254	0.0363936	0.204968	0.0363951	0.00690631	0.0012717	0.00148558
142	0.037296	0.00440323	7.56956e-05	0.000599677	0.0841365	0.00154007	0.000149452	0.244919	8.65151e-05	0.370195	0.0523649	0.00101194	0.00322986	0.00019692	0.000131258	0.00440487	0.0201986	0.162557	0.00395674	0.00854686
143	0.0431012	0.0167619	0.00100452	0.0100609	0.00509782	0.0231252	0.00144557	0.0216193	0.335101	0.0395779	0.00640764	0.0345754	0.0175663	0.0340626	0.306122	0.0678019	0.00923549	0.00894295	0.0160583	0.0023324
144	0.0420917	0.0176555	0.00272106	0.0109095	0.00550074	0.0229814	0.00182218	0.0215141	0.334955	0.0388364	0.00664212	0.0346114	0.0176776	0.0355575	0.30071	0.0683971	0.0109769	0.00882039	0.0155873	0.00203224
145	0.0245807	0.000935648	7.98201e-05	0.00014011	0.0538441	0.00180359	0.000165763	0.0991097	9.6614e-05	0.589687	0.123579	0.000322261	0.000378189	0.00197714	0.000158477	0.0122013	0.0227132	0.0644909	0.000579117	0.00315814
146	0.0227354	0.000601589	8.44571e-05	0.000149125	0.0483472	0.00258752	0.00017051	0.0735215	0.00010923	0.623013	0.135989	0.000370163	0.000287525	0.00265069	0.000170505	0.0141479	0.0239223	0.0475556	0.000786555	0.00280065
147	0.365519	0.00283729	0.000323468	0.000563365	0.00185916	0.394464	0.000590278	0.00789769	0.000645546	0.00724132	0.00372112	0.00446296	0.00773581	0.00104813	0.000456029	0.136742	0.0483701	0.0130541	0.00173927	0.000728836
148	0.0358938	0.00286969	0.00036116	0.000567212	0.345628	0.00676735	0.00073339	0.017642	0.000406789	0.0171518	0.0144616	0.00128844	0.000779246	0.000759111	0.000461531	0.00716779	0.00629224	0.0076452	0.0261638	0.50696
149	0.291386	0.00284354	0.000675732	0.0036591	0.00240097	0.122694	0.000434121	0.00774273	0.000221469	0.0146315	0.00774308	0.0145845	0.00344498	0.00535187	0.000285721	0.429885	0.0799125	0.011212	0.000431026	0.000460947
150	0.299021	0.00048134	0.000156753	0.00447787	0.00107313	0.101075	0.000295495	0.00408647	0.000155542	0.0138753	0.00413843	0.018209	0.00227262	0.00368056	0.000208047	0.444703	0.0924452	0.00908843	0.000256601	0.000299953
151	0.0711185	0.00636111	0.000261982	0.000501772	0.0215146	0.00596043	0.000554485	0.351983	0.000281213	0.0945617	0.00674444	0.00117823	0.00519071	0.000649582	0.00034668	0.0115339	0.0187952	0.400045	0.00161378	0.000804029
152	0.30121	0.000418447	0.000168601	0.00457756	0.00110322	0.102532	0.000281521	0.00391243	0.000167276	0.0135559	0.0039863	0.0183751	0.00233899	0.00381226	0.000204645	0.445148	0.0886357	0.00902477	0.000255523	0.00029223
153	0.0171814	0.00338847	0.00203853	0.00601493	0.00672259	0.00772388	0.403655	0.00938307	0.00156303	0.0103291	0.00812204	0.0987116	0.00315727	0.365985	0.0142112	0.0130952	0.0111039	0.0127364	0.00249452	0.00238297
154	0.0681893	0.00735519	0.000169007	0.000767261	0.0184732	0.0111526	0.00106044	0.253279	0.000278151	0.189994	0.181604	0.00263357	0.00510345	0.000911725	0.00022201	0.0331831	0.0474538	0.173052	0.00192406	0.0031943
155	0.102226	0.00199099	0.000723833	0.0021138	0.00552088	0.72373	0.00137859	0.00672702	0.00312944	0.0168302	0.0118005	0.0113622	0.0028266	0.00274434	0.00126527	0.0644542	0.018436	0.0171863	0.00379736	0.00175678
156	0.0358518	0.0028487	0.000362694	0.000564816	0.34734	0.00686781	0.000667451	0.0177616	0.00041017	0.0170195	0.0144715	0.00119656	0.000794487	0.000759164	0.000454635	0.00710947	0.0059824	0.00751767	0.0263907	0.505628
157	0.0557249	0.00769908	0.000145093	0.000789963	0.0187496	0.0082957	0.00107376	0.253208	0.000284944	0.215522	0.206459	0.0012071	0.00429817	0.000332873	0.000195796	0.0273819	0.035582	0.157382	0.00202833	0.00363968
158	0.0225244	0.000535193	7.93565e-05	0.000137886	0.0448821	0.00218209	0.000166971	0.0755716	0.000112154	0.62008	0.138943	0.000332338	0.000267707	0.00263333	0.000181372	0.0142762	0.0250598	0.0489261	0.000279752	0.00282896
159	0.0558022	0.00767645	0.000137196	0.00085117	0.0202838	0.00866461	0.00113705	0.254548	0.000287133	0.216652	0.200914	0.00131891	0.004628	0.000345967	0.000185501	0.0282617	0.0362224	0.155938	0.00215504	0.00399161
160	0.403656	0.00685494	0.000237092	0.000697728	0.00732867	0.210956	0.000511864	0.0439368	0.000348994	0.0332636	0.0089547	0.0121557	0.0335578	0.000722819	0.000431734	0.100632	0.0502166	0.0805853	0.00412632	0.000825151
161	0.0387039	0.00287481	8.07586e-05	0.000347777	0.0852709	0.00150767	0.000137678	0.182781	8.1444e-05	0.482437	0.0630806	0.000295692	0.000879764	0.00019657	0.000105347	0.00588598	0.0180488	0.112278	0.00172311	0.0032826
162	0.138259	0.00169481	0.000572103	0.000620087	0.00500599	0.0173541	0.00129018	0.172847	0.000488635	0.105033	0.116695	0.00466287	0.0318148	0.0197067	0.000703008	0.120138	0.116177	0.145147	0.000824362	0.000966392
163	0.0502777	0.00762166	0.000638066	0.0023223	0.203154	0.00641555	0.00477314	0.142712	0.00134974	0.222028	0.0771112	0.00485008	0.00115691	0.00308352	0.00433707	0.015494	0.0483513	0.102421	0.00845496	0.093448
164	0.0791091	0.00767026	0.00165072	0.00314624	0.145033	0.00968067	0.0400426	0.0143187	0.00107217	0.0513724	0.0288618	0.0359828	0.00320981	0.00482094	0.0018332	0.017818	0.108829	0.0419645	0.00264021	0.400944
165	0.0945658	0.00919148	7.41484e-05	0.000854795	0.0412122	0.0253687	0.00145998	0.174919	0.000554854	0.279785	0.0959198	0.00486824	0.00287593	0.00189747	0.000344855	0.0340423	0.0675042	0.157832	0.00366291	0.00306688
166	0.0966868	0.00860892	7.85143e-05	0.000770883	0.0428693	0.0272391	0.00140415	0.179174	0.000511878	0.271712	0.0881793	0.00477021	0.00279002	0.00176086	0.000316946	0.0341105	0.0706453	0.161601	0.00320559	0.00356524
167	0.130746	0.00726279	0.000289791	0.000471631	0.030382	0.0171333	0.000834491	0.268913	0.000351277	0.13345	0.0449421	0.00592041	0.0028156	0.00147577	0.000481109	0.0465513	0.129892	0.174961	0.00102256	0.00210497
168	0.0415954	0.0049908	0.000493074	0.000714201	0.280583	0.00664833	0.00535209	0.0160166	0.000449509	0.0215063	0.0172708	0.00624487	0.00108057	0.00133756	0.00069198	0.0123049	0.0213396	0.0147012	0.0197087	0.52697
169	0.123613	0.0117761	7.50364e-05	0.000522168	0.047036	0.0337213	0.000977927	0.153667	0.000464819	0.264583	0.0617917	0.00578525	0.00196515	0.00233711	0.000314941	0.0446312	0.0836571	0.158165	0.0031753	0.00174138
170	0.129624	0.00486972	0.000444353	0.000509051	0.0193134	0.0468264	0.000561007	0.0670297	0.000549324	0.113886	0.129885	0.00536732	0.00859774	0.00193915	0.000570436	0.140244	0.257981	0.0678873	0.00271054	0.00120514
171	0.110685	0.00509397	0.0254249	0.00198489	0.00726043	0.0074488	0.00240438	0.0299445	0.0186767	0.0134005	0.0245893	0.173044	0.00803793	0.023157	0.00273792	0.267061	0.246305	0.0284075	0.00231269	0.00202366
172	0.120216	0.00939986	0.000109164	0.00052923	0.0475522	0.0292498	0.000945128	0.166834	0.000592429	0.265317	0.0642116	0.0058128	0.00191082	0.00217825	0.000404808	0.0408102	0.0848219	0.154172	0.00272655	0.00220673
173	0.410297	0.00763523	0.000267213	0.000432156	0.00273322	0.252231	0.000501951	0.0310254	0.000338787	0.0225677	0.00432937	0.0146189	0.0375101	0.000711515	0.00041981	0.100982	0.0513501	0.0564425	0.00482382	0.000781634
174	0.342403	0.00850746	0.000158364	0.00222655	0.0351746	0.104297	0.000436361	0.0881775	0.000206297	0.076675	0.0337597	0.00319294	0.00242965	0.000382595	0.000219022	0.125153	0.0588106	0.116296	0.000970064	0.000524054
175	0.0384039	0.00413491	0.00053389	0.000542199	0.175278	0.00871385	0.00145449	0.105302	0.00091912	0.30445	0.0737599	0.00331042	0.00205297	0.00176544	0.00148604	0.0115241	0.0339755	0.080252	0.0935633	0.0585783
176	0.0404758	0.00265107	0.000106904	0.000247606	0.082263	0.00281692	0.00017475	0.146668	9.73955e-05	0.505626	0.0852512	0.000308506	0.000582993	0.000879973	0.000182546	0.00987941	0.0269142	0.0905882	0.00135715	0.00292915
177	0.118286	0.00589068	0.000266005	0.000398537	0.025093	0.0388338	0.000468073	0.0572712	0.000379795	0.168398	0.154771	0.00606669	0.015798	0.00225149	0.000392908	0.148839	0.1981	0.0566758	0.000580798	0.00124007
178	0.0434349	0.00707358	7.31215e-05	0.00101544	0.0688473	0.00494641	0.00050526	0.293615	8.44846e-05	0.247577	0.0585008	0.0018072	0.00531938	0.000195682	9.08302e-05	0.00745403	0.0255034	0.217278	0.00563018	0.0110481
179	0.113493	0.0157829	0.000107568	0.000823489	0.0504675	0.0315169	0.00122908	0.149186	0.000489704	0.288287	0.060574	0.00903858	0.00222052	0.00384291	0.000323762	0.0449732	0.0722018	0.150913	0.00256724	0.0019632
180	0.0221952	0.000513347	8.47596e-05	0.000138045	0.043828	0.00210191	0.000169775	0.0747902	0.000114357	0.624967	0.13796	0.000327092	0.000267846	0.00272942	0.000168166	0.0142541	0.0239881	0.0482847	0.00028231	0.0028364
181	0.0357032	0.00236456	0.000253679	0.000277781	0.196708	0.0163224	0.000409971	0.0570684	0.000246137	0.503106	0.0708808	0.00167645	0.000621277	0.000671057	0.000330135	0.00999051	0.0290338	0.0451516	0.0244784	0.00470484
182	0.329934	0.0017326	0.000331814	0.00325389	0.00221887	0.177941	0.000369391	0.00715948	0.000257836	0.0116082	0.00428613	0.012906	0.00426086	0.00320412	0.000271037	0.36197	0.0656064	0.0115373	0.000685097	0.000465338
183	0.022171	0.000492355	7.77975e-05	0.000145602	0.0434336	0.00208289	0.000171354	0.0743102	0.000114226	0.626006	0.138011	0.000326487	0.000269729	0.00275395	0.000168148	0.0142812	0.023939	0.048134	0.000265872	0.00284625
184	0.382863	0.00761595	0.000264701	0.00134013	0.0176109	0.168428	0.00058269	0.0598366	0.000305808	0.0485559	0.0186874	0.00830599	0.0181773	0.000510322	0.000317055	0.108377	0.0592916	0.0955668	0.00254071	0.000821178
185	0.108185	0.00185235	0.000757601	0.00141066	0.00481912	0.713494	0.00141656	0.00672092	0.00303795	0.0167295	0.0104732	0.0120312	0.00305451	0.00294919	0.00113794	0.0711826	0.0191554	0.0165084	0.0034433	0.00163987
186	0.0400615	0.00590358	8.39549e-05	0.000627458	0.0745511	0.00223383	0.000199511	0.295483	0.000110723	0.262303	0.0420307	0.00170122	0.00439336	0.000169558	0.000104178	0.0039824	0.0232512	0.225438	0.00538735	0.0119843
187	0.0422078	0.00121373	0.000924779	0.00648011	0.0216882	0.0174708	0.00581441	0.0042744	0.000542581	0.00441275	0.00837802	0.00187752	0.833689	0.00142497	0.000792744	0.0297306	0.00476417	0.0122757	0.000922504	0.00111474
