201	20
1	0.212288	0.00188321	0.0505944	0.0978202	0.00199109	0.00902443	0.00667267	0.0161898	0.0570059	0.0290076	0.0250444	0.0276586	0.0096993	0.129013	0.060008	0.073015	0.083002	0.102633	0.00268235	0.00476729
2	0.0243125	0.0075675	0.000324707	0.000943483	0.0301926	0.00434471	0.0011273	0.0666265	0.00086823	0.69778	0.104034	0.000958749	0.000821627	0.00100127	0.000944393	0.00746675	0.00773592	0.0396668	0.00114369	0.00213968
3	0.0786777	0.08314	0.00218065	0.00266665	0.00575245	0.0303432	0.00296842	0.0293332	0.00253387	0.0940596	0.192038	0.00350616	0.00210188	0.00300712	0.00285883	0.0355059	0.371602	0.0457561	0.00300157	0.00896608
4	0.0845731	0.0115981	0.0287551	0.0418221	0.0169985	0.0460255	0.0325025	0.0205215	0.258276	0.0300113	0.0179315	0.0551786	0.00726885	0.0386301	0.149362	0.0596695	0.0350695	0.040094	0.0103578	0.0153543
5	0.064605	0.00490453	0.00203979	0.00414651	0.0782174	0.0461293	0.00309604	0.116392	0.0029471	0.212835	0.0337837	0.00455111	0.299874	0.00330379	0.00340352	0.012758	0.02581	0.0659439	0.00653964	0.00871927
6	0.0343087	0.00428692	0.00240913	0.00345703	0.00516929	0.0828574	0.0032136	0.00754743	0.13785	0.00953709	0.00618137	0.0436628	0.00236514	0.00321436	0.617558	0.00959583	0.0083756	0.0116411	0.00287915	0.00389065
7	0.00613913	0.00103287	0.000532712	0.000703976	0.0106343	0.00283986	0.000723362	0.489933	0.000495452	0.0724151	0.0235854	0.00200839	0.000581263	0.00063235	0.000563627	0.00302064	0.0104247	0.36831	0.000780945	0.00464324
8	0.0271919	0.00978874	0.0036642	0.00481128	0.0141446	0.0100759	0.00346663	0.106221	0.00447383	0.158258	0.109036	0.0708485	0.00319094	0.0313603	0.00482555	0.0640488	0.110984	0.253904	0.00427472	0.00543013
9	0.125283	0.0184493	0.0051086	0.0243805	0.00395292	0.0449644	0.00190284	0.0244411	0.00562436	0.0756991	0.0498125	0.010868	0.0727674	0.0365099	0.00552507	0.24936	0.0945873	0.0964239	0.00198017	0.0523596
10	0.0588216	0.0105629	0.00410717	0.00947657	0.0889422	0.0216652	0.038928	0.0805235	0.00847207	0.303507	0.0742809	0.00557755	0.017857	0.0128601	0.0121449	0.0218295	0.0247071	0.0837756	0.0810946	0.040866
11	0.0639914	0.00486686	0.0003061	0.000699359	0.0516944	0.0163039	0.00241228	0.167969	0.00105538	0.36992	0.074394	0.00347052	0.00174876	0.00208256	0.0032195	0.0265401	0.0275268	0.170495	0.00501299	0.00629153
12	0.00867129	0.00151579	0.000509937	0.0007177	0.00975795	0.00262912	0.000669365	0.420773	0.000468211	0.141879	0.0403787	0.00361669	0.000576866	0.000692653	0.00074718	0.00702362	0.0190329	0.335969	0.00067822	0.00369327
13	0.0502323	0.00715835	0.000464482	0.00321658	0.106547	0.0140027	0.00101305	0.193278	0.000990219	0.227107	0.0303273	0.00151261	0.000563661	0.000835584	0.00148313	0.00848887	0.00971484	0.121957	0.141491	0.079616
14	0.113243	0.0690422	0.00692887	0.0050874	0.0146423	0.0724041	0.00537429	0.021762	0.00517407	0.0315136	0.0286539	0.0138988	0.00801514	0.00673809	0.0060325	0.23054	0.306088	0.0411967	0.00518612	0.00847872
15	0.395671	0.0225315	0.00210546	0.00113581	0.0203	0.112489	0.000696433	0.0641768	0.000833723	0.0709741	0.0151096	0.00107095	0.0061908	0.00112052	0.000871405	0.0731061	0.0614578	0.146744	0.00101283	0.0024031
16	0.0836462	0.00762688	0.000355882	0.00551464	0.10903	0.0243287	0.00125349	0.164882	0.00143768	0.289126	0.0227131	0.00203795	0.0014039	0.000984172	0.00189414	0.0133506	0.0116787	0.207933	0.033516	0.0172863
17	0.209813	0.0378175	0.000727493	0.00125166	0.0224772	0.0918325	0.00102782	0.0691469	0.00105875	0.0458615	0.0258859	0.00147025	0.033636	0.00144225	0.00127344	0.130242	0.117046	0.204867	0.00119951	0.00192315
18	0.258988	0.00732268	0.00124224	0.00167927	0.00448456	0.274289	0.00145669	0.0125003	0.00131318	0.0132704	0.00705244	0.00219166	0.024781	0.00188744	0.0015371	0.236442	0.101713	0.0441763	0.00137336	0.00229974
19	0.0312203	0.00379269	0.00191098	0.0209954	0.00762845	0.0063306	0.00215625	0.086191	0.00203328	0.103907	0.672061	0.00296387	0.00255813	0.00283519	0.00280508	0.00835477	0.00736589	0.0289041	0.0023416	0.00364436
20	0.068318	0.00991727	0.000666628	0.00945198	0.110394	0.0219782	0.001426	0.119968	0.00346327	0.293492	0.0458921	0.00715476	0.000899158	0.00197562	0.00609559	0.0231419	0.0360028	0.105753	0.0694878	0.0645224
21	0.0610414	0.00286519	0.000330371	0.000457078	0.038305	0.00768225	0.00222329	0.169524	0.00138822	0.403169	0.0961416	0.0019447	0.00226207	0.00190299	0.00778544	0.0110869	0.0200721	0.163093	0.00295069	0.00577505
22	0.354239	0.00998148	0.000876208	0.000623859	0.00124453	0.0957097	0.000601153	0.00814351	0.000597359	0.00457529	0.00283468	0.000854737	0.00940443	0.000709525	0.000645881	0.339467	0.142801	0.0250816	0.000690203	0.000919098
23	0.168097	0.00652926	0.0185484	0.0339067	0.00239077	0.0392448	0.00447998	0.0196389	0.0362755	0.0452465	0.0177597	0.0278224	0.0830749	0.0423746	0.040658	0.18851	0.143077	0.053711	0.00176285	0.026892
24	0.315775	0.0103608	0.000567389	0.000659677	0.00122618	0.0990344	0.000628402	0.00932352	0.000661619	0.00439099	0.00232389	0.000866618	0.0107993	0.000697045	0.000728214	0.345587	0.165549	0.0290567	0.000764794	0.000999928
25	0.0317014	0.0125109	0.000961363	0.00166262	0.0343249	0.00698072	0.0013345	0.127392	0.00126569	0.346373	0.0988856	0.0236546	0.00134116	0.00531905	0.00192866	0.0641496	0.0665451	0.164963	0.00317596	0.0055295
26	0.0510744	0.00282113	0.000104632	0.000376671	0.0545799	0.00795239	0.00209598	0.176742	0.000434695	0.435037	0.0669335	0.00189741	0.00242976	0.000953314	0.00193412	0.0115959	0.017353	0.153984	0.00427076	0.00743036
27	0.413337	0.0441621	0.0010022	0.00744189	0.0383525	0.231517	0.00289721	0.0109977	0.00108271	0.0369167	0.0488195	0.00307857	0.00102159	0.0148075	0.00129329	0.0710883	0.0423177	0.007615	0.0114102	0.0108416
28	0.0930751	0.0139301	0.00138716	0.00188869	0.0452562	0.0733774	0.00181571	0.182919	0.00130313	0.201378	0.0258634	0.00262198	0.0013866	0.00203161	0.00249793	0.0389833	0.0966775	0.202201	0.00822481	0.00318121
29	0.446474	0.0374643	0.000886752	0.0059397	0.0444066	0.204275	0.00278052	0.00913147	0.00113641	0.025793	0.0482936	0.00309122	0.00107626	0.0117888	0.00115539	0.0692562	0.0402876	0.00567689	0.0205038	0.0205826
30	0.0318886	0.00961307	0.00022314	0.000428561	0.0424326	0.00372398	0.000843887	0.110472	0.000653301	0.613691	0.0835054	0.0011379	0.00114904	0.000843993	0.00107917	0.00618745	0.0118867	0.0755733	0.0012052	0.00346183
31	0.251731	0.0256238	0.000764917	0.00175002	0.0424406	0.125232	0.000945132	0.0735784	0.000709129	0.18183	0.0460967	0.00116539	0.00294004	0.00200919	0.00111431	0.0500847	0.0602452	0.125823	0.00284544	0.00307052
32	0.53887	0.00505339	0.00235015	0.000690018	0.00112681	0.125155	0.000566835	0.00194391	0.000616125	0.00752758	0.009415	0.000770566	0.00128796	0.000594998	0.00071791	0.287401	0.00528839	0.0091598	0.000659701	0.00080436
33	0.371905	0.00250102	0.0013571	0.00117305	0.00244728	0.298047	0.000958346	0.00341922	0.000873666	0.0155085	0.0133878	0.00148055	0.00304467	0.000819684	0.0011282	0.260965	0.00929206	0.00947071	0.000952072	0.00126827
34	0.550271	0.00559297	0.00246235	0.00062961	0.00108681	0.117828	0.000542003	0.00179369	0.000597429	0.00683395	0.00861786	0.000766572	0.00116292	0.000596804	0.000729609	0.286825	0.00408003	0.00816643	0.000657813	0.000759158
35	0.577247	0.00918901	0.00351344	0.000775294	0.00115174	0.0865353	0.000644925	0.00206758	0.000582632	0.00533585	0.00654995	0.00075475	0.00154585	0.000593711	0.000724715	0.28747	0.00620035	0.00767514	0.000611143	0.000831689
36	0.277668	0.0154168	0.00368333	0.0057119	0.101578	0.283016	0.0399419	0.0119236	0.00419929	0.022052	0.0198631	0.0499943	0.00375996	0.038615	0.00411892	0.0633486	0.0228006	0.0170698	0.00684506	0.00839392
37	0.568673	0.0194943	0.00210512	0.000769725	0.00134499	0.0126106	0.000718215	0.0478046	0.000755743	0.0073195	0.00931892	0.00097132	0.000740531	0.000711905	0.000807054	0.0531251	0.0320356	0.238852	0.000819368	0.00102291
38	0.049832	0.00286518	0.000103943	0.00034915	0.0541626	0.00785055	0.00203287	0.179064	0.000432081	0.432497	0.0684762	0.00196466	0.00239517	0.000943373	0.0020202	0.0115499	0.0173074	0.154818	0.00400918	0.00732669
39	0.0666647	0.0231125	0.030309	0.0256217	0.0235048	0.0925365	0.0296733	0.0384069	0.0580506	0.0460806	0.025996	0.249849	0.0128149	0.0222769	0.0396071	0.078367	0.0506533	0.0517893	0.0168762	0.0178098
40	0.0338674	0.120599	0.00833563	0.0146473	0.00786963	0.0098593	0.155402	0.0115214	0.00975467	0.0226308	0.0919158	0.0504423	0.00378872	0.339243	0.00899047	0.0492307	0.012335	0.0229714	0.00682546	0.01977
41	0.0460919	0.00701938	0.000498104	0.00247787	0.105024	0.0132666	0.00102993	0.204212	0.000591429	0.21473	0.0272302	0.000676082	0.000621729	0.000649437	0.000709436	0.00661322	0.00623315	0.121599	0.158404	0.0823224
42	0.0464742	0.00691444	0.00049212	0.00242785	0.104316	0.0133754	0.00107263	0.204959	0.000581585	0.215255	0.0270324	0.000676225	0.000615238	0.000637949	0.000753274	0.00663189	0.00612272	0.123282	0.157487	0.080894
43	0.00963337	0.00294955	0.574674	0.348887	0.00354187	0.00540352	0.00160609	0.00518543	0.00229541	0.00707962	0.00430663	0.00307103	0.00160762	0.00186757	0.00184447	0.00780318	0.00656226	0.00729452	0.00192826	0.00245805
44	0.152214	0.00451866	0.0248705	0.0622629	0.00346759	0.0271225	0.0405368	0.00717499	0.107622	0.016519	0.0123952	0.0118605	0.00764976	0.104822	0.212628	0.120319	0.0427866	0.0242416	0.00137827	0.0156108
45	0.0887048	0.00273656	0.118719	0.112603	0.00309344	0.0443338	0.0554299	0.00858361	0.165794	0.00975696	0.00561343	0.0320309	0.00289448	0.0733123	0.173941	0.0460335	0.0349868	0.0149772	0.0022845	0.00417094
46	0.0550651	0.00310222	0.00037556	0.000712203	0.0412207	0.00831303	0.00290553	0.231845	0.0022452	0.356761	0.088689	0.00240006	0.00224753	0.00277807	0.0126909	0.0117668	0.0167689	0.147551	0.00536275	0.00719925
47	0.0365469	0.00775031	0.48162	0.244477	0.00751085	0.0201065	0.00736924	0.0107119	0.0253534	0.0166719	0.0105347	0.0226825	0.00509954	0.00865475	0.0139311	0.0295728	0.0214419	0.0192116	0.00480675	0.00594686
48	0.235535	0.00210431	0.025663	0.0429529	0.00222409	0.0252358	0.0183635	0.00800935	0.0999716	0.0258776	0.0103591	0.0131522	0.00836748	0.0885506	0.123613	0.14513	0.0806072	0.0300604	0.000493503	0.0137287
49	0.029278	0.00189868	0.0109168	0.0314734	0.00261068	0.0137518	0.0114138	0.181722	0.153369	0.133593	0.0699632	0.00166342	0.00102087	0.0226412	0.093099	0.00507365	0.0226478	0.210575	0.00162066	0.00166832
50	0.0657199	0.0139221	0.00445648	0.013286	0.0309773	0.0238574	0.00809869	0.0782316	0.00632584	0.163655	0.389603	0.00975405	0.00883942	0.0107688	0.00938439	0.0270301	0.0422476	0.0649113	0.0115382	0.0173929
51	0.197526	0.00201848	0.0279469	0.0431612	0.0021377	0.023887	0.0171255	0.00699702	0.103077	0.0259981	0.0116749	0.0157832	0.00993275	0.0931817	0.128229	0.155773	0.0891727	0.0320084	0.000487583	0.013882
52	0.0687163	0.0077716	0.0101036	0.0165819	0.0125076	0.0505593	0.0241818	0.017132	0.117047	0.0259106	0.0145698	0.0339273	0.0213608	0.0215152	0.440145	0.0429001	0.0242014	0.0262978	0.0139212	0.0106496
53	0.0952943	0.0164414	0.00816199	0.0108705	0.0202666	0.0358723	0.00758097	0.0365641	0.00747888	0.0450531	0.0336812	0.0116335	0.00862258	0.0112064	0.00725745	0.119066	0.452961	0.053299	0.00748372	0.011205
54	0.120753	0.0191096	0.0105945	0.0221831	0.0106258	0.0158529	0.0902538	0.00775806	0.139176	0.0229858	0.0139249	0.0216161	0.00228937	0.0732123	0.183484	0.14713	0.0173007	0.0463398	0.00426755	0.0311417
55	0.0383115	0.00728531	0.0176972	0.0469974	0.00171718	0.16623	0.0596049	0.00268388	0.175077	0.0171437	0.0164316	0.228496	0.000813524	0.0216466	0.0778077	0.0619478	0.0194324	0.0101757	0.0293663	0.00113464
56	0.0674689	0.00982735	0.0119388	0.0187252	0.0210563	0.045292	0.0328833	0.0195012	0.117024	0.0254303	0.015255	0.0320104	0.0234315	0.0260886	0.402007	0.0453839	0.0212194	0.0279947	0.0147205	0.0227418
57	0.241622	0.00272807	0.00151974	0.00238409	0.00305491	0.0132437	0.0014142	0.00729232	0.0014149	0.00639268	0.0060443	0.00221786	0.536228	0.00211994	0.00170382	0.0402812	0.00785724	0.115609	0.0023489	0.00452269
58	0.0311993	0.00425251	0.000307014	0.000569585	0.0312387	0.00598564	0.00119967	0.2129	0.00053928	0.362138	0.0715306	0.00681608	0.0013689	0.00152495	0.00141801	0.0208158	0.0338955	0.206202	0.00181785	0.0042797
59	0.234657	0.00262645	0.00115386	0.00186465	0.00288342	0.0102483	0.00127731	0.00676979	0.00118991	0.00614355	0.00567244	0.00182513	0.54826	0.00153124	0.00163703	0.0344168	0.00584334	0.125766	0.00185447	0.00437919
60	0.197727	0.00204797	0.0279294	0.0424178	0.00218859	0.0236375	0.0170041	0.00699003	0.102424	0.026147	0.0118436	0.0157208	0.00989134	0.0930248	0.127111	0.157591	0.089658	0.0321257	0.000501225	0.0140192
61	0.0521877	0.00971192	0.0178699	0.042786	0.00585997	0.149295	0.0776297	0.00778886	0.181988	0.0209703	0.0168322	0.161066	0.00225778	0.0262688	0.0892623	0.0627714	0.0210577	0.0234336	0.0225628	0.00840056
62	0.0717614	0.00113132	0.0427001	0.0606527	0.00690384	0.00916387	0.0149786	0.00903152	0.345111	0.00882513	0.00182295	0.0360208	0.000635996	0.0539822	0.265498	0.0292455	0.0228425	0.0177016	0.000852597	0.00113871
63	0.568653	0.0195565	0.0020898	0.000779912	0.00134685	0.0123954	0.000729822	0.0477526	0.000760833	0.00726179	0.00926044	0.000968792	0.000732639	0.000712711	0.000785316	0.0527353	0.0320773	0.239559	0.000819085	0.00102293
64	0.0634986	0.00623249	0.000274333	0.00537325	0.107329	0.0213963	0.000838092	0.102958	0.00477186	0.368299	0.0424008	0.0100582	0.000334531	0.00159501	0.00812682	0.0246039	0.0433086	0.098029	0.045528	0.0450441
65	0.151907	0.00155698	0.00879452	0.00893191	0.0323106	0.123693	0.00860517	0.145191	0.000669072	0.127953	0.0188105	0.00602732	0.000702658	0.0113875	0.01399	0.0630947	0.0775992	0.15231	0.0398335	0.00663285
66	0.0501987	0.011338	0.000492881	0.00501678	0.152624	0.0193966	0.00109237	0.138191	0.00215983	0.257513	0.0436251	0.00418041	0.000493568	0.00117273	0.0033194	0.0148825	0.0206891	0.103249	0.0975301	0.0728345
67	0.366332	0.00431334	0.00153262	0.00155337	0.00371168	0.281271	0.00116896	0.00409625	0.000999436	0.0251062	0.0131037	0.00174498	0.00331067	0.00199086	0.00111751	0.2592	0.0149942	0.0114812	0.001111	0.00186023
68	0.126725	0.0198132	0.00032041	0.000387188	0.0645275	0.0679278	0.000337638	0.148059	0.000218316	0.184505	0.0220045	0.000294135	0.000570841	0.000325051	0.000334762	0.0527363	0.091519	0.210801	0.00806942	0.00052354
69	0.12745	0.0194722	0.000414111	0.000425857	0.0640695	0.0681234	0.000356535	0.148033	0.000217505	0.183736	0.0218971	0.000328022	0.000567311	0.000428592	0.000377619	0.0529933	0.0915914	0.210702	0.00825584	0.000560823
70	0.0332484	0.00956768	0.000219294	0.000494359	0.0420956	0.00426159	0.000865016	0.113068	0.000660001	0.60604	0.0820179	0.0012224	0.00116714	0.000860283	0.00110999	0.00660391	0.0122464	0.0793386	0.00127654	0.00363768
71	0.421427	0.0445836	0.000846109	0.00868963	0.0360149	0.223142	0.00289298	0.0110825	0.000913693	0.0348375	0.0489105	0.00281473	0.000869127	0.0172946	0.0011387	0.072403	0.0451314	0.00550428	0.010981	0.0105226
72	0.126725	0.0198132	0.00032041	0.000387188	0.0645275	0.0679278	0.000337638	0.148059	0.000218316	0.184505	0.0220045	0.000294135	0.000570841	0.000325051	0.000334762	0.0527363	0.091519	0.210801	0.00806942	0.00052354
73	0.163798	0.00216122	0.000428105	0.000969933	0.0683162	0.0393696	0.000579957	0.0714855	0.000503027	0.468772	0.0326124	0.000636973	0.000504801	0.000660122	0.000562386	0.0390601	0.0131787	0.0863769	0.00908942	0.000935008
74	0.547577	0.00785951	0.00285312	0.000686043	0.00104056	0.102284	0.000603547	0.0020017	0.000561464	0.00606044	0.00749084	0.000772895	0.00203573	0.000584909	0.000680916	0.297702	0.00890627	0.00886265	0.000651335	0.000784439
75	0.0608975	0.00390388	0.000321181	0.00240301	0.0776354	0.0131654	0.00197112	0.147905	0.00282144	0.377556	0.066902	0.00560606	0.00140928	0.00406749	0.00533074	0.0229896	0.0296732	0.134603	0.0183199	0.0225186
76	0.0489592	0.0146115	0.0248262	0.0208001	0.0161463	0.195108	0.0642224	0.0143082	0.0554582	0.0243783	0.0166062	0.206802	0.00832202	0.0150172	0.0287912	0.0786223	0.121801	0.0233681	0.0138235	0.00802826
77	0.130042	0.0163299	0.0145547	0.0392771	0.0325432	0.0184173	0.034449	0.0195096	0.00550613	0.140987	0.0484245	0.00233458	0.0964921	0.0327854	0.0279233	0.00592725	0.0452666	0.115398	0.109196	0.064637
78	0.0397031	0.0042745	0.000491177	0.00242341	0.0588837	0.00812478	0.00130171	0.0737632	0.00747841	0.62626	0.0347167	0.00263363	0.000896432	0.00631585	0.00241846	0.0107303	0.0180084	0.0724082	0.0120967	0.0170713
79	0.307511	0.0115107	0.00116259	0.00124994	0.00188729	0.0744307	0.00104536	0.0093244	0.000978335	0.00614741	0.00272293	0.0015005	0.0172982	0.00106883	0.00106689	0.349881	0.180542	0.0280555	0.00120092	0.00141556
80	0.423018	0.0383023	0.000822407	0.00763548	0.0332007	0.217643	0.00280544	0.0114667	0.00121037	0.0370486	0.0518999	0.00286841	0.0015268	0.0140863	0.00126954	0.0716552	0.0536366	0.00889467	0.0107292	0.0102805
81	0.174093	0.0020852	0.010864	0.00675362	0.0559888	0.112848	0.00618192	0.111526	0.000882102	0.128179	0.0204183	0.00419007	0.000897181	0.0123158	0.0107549	0.0697394	0.0655136	0.148482	0.0477544	0.0105328
82	0.0300544	0.00963991	0.000246638	0.000505649	0.0408379	0.00361602	0.00113198	0.100962	0.000723794	0.634367	0.085539	0.00102853	0.00100066	0.000888231	0.00116013	0.00605102	0.0108941	0.0664152	0.00156994	0.00336824
83	0.157747	0.0111508	0.00237911	0.00443158	0.00583094	0.0338878	0.00255779	0.0138026	0.00371326	0.0419455	0.0113437	0.00458091	0.00753997	0.00466551	0.00447147	0.204631	0.436488	0.0412053	0.00288856	0.00473866
84	0.106141	0.00314436	0.000675968	0.00157734	0.0952652	0.0300993	0.00113456	0.0604954	0.00194367	0.53321	0.0395583	0.00177573	0.00105865	0.0014033	0.00152515	0.0295006	0.0128748	0.0629112	0.00992704	0.00577818
85	0.32477	0.0138572	0.00102873	0.000547275	0.0665813	0.131892	0.000550457	0.0758368	0.000542941	0.16823	0.0174062	0.000969553	0.000610205	0.00122488	0.000640372	0.0245419	0.0390857	0.125046	0.002646	0.00399126
86	0.293099	0.0132205	0.000726166	0.000882778	0.00174614	0.0963	0.000752789	0.0121956	0.000927527	0.00527116	0.00258239	0.00110564	0.00942973	0.000900224	0.000862194	0.338485	0.192949	0.0263084	0.0010577	0.00119822
87	0.0594709	0.00640455	0.000405408	0.0049554	0.109326	0.019391	0.000976183	0.112588	0.00410802	0.355906	0.0519765	0.0113781	0.000547227	0.00209409	0.00687234	0.0279313	0.0417327	0.103824	0.0374455	0.0426659
88	0.0813144	0.0104085	0.000270836	0.00151235	0.0939102	0.0410435	0.0014441	0.218249	0.000416265	0.220212	0.0106933	0.00041307	0.00308957	0.00033533	0.000348898	0.0103868	0.00370062	0.282232	0.0145012	0.00551845
89	0.0560184	0.0297833	0.00213064	0.00917143	0.158857	0.0702613	0.00231378	0.0118532	0.00193158	0.0314427	0.00608334	0.00307584	0.00175745	0.00187142	0.00219547	0.105404	0.0225113	0.181643	0.0456063	0.256089
90	0.0530831	0.0157774	0.00640677	0.0111112	0.191242	0.0226182	0.0186958	0.0339433	0.0132102	0.071255	0.0269355	0.00990328	0.00843567	0.0122927	0.0146491	0.0335165	0.0214345	0.0546176	0.0285602	0.352312
91	0.531416	0.00775849	0.0090828	0.000980143	0.00198218	0.0464798	0.000971613	0.0454227	0.000955795	0.0254618	0.0124593	0.00137363	0.0011107	0.000987198	0.00106255	0.105632	0.0328559	0.171587	0.00104613	0.00137387
92	0.0794227	0.0111725	0.000329178	0.00160947	0.10079	0.0395142	0.00129624	0.21408	0.000444014	0.212763	0.0104967	0.000463853	0.00280385	0.000344375	0.000365898	0.00985194	0.00327191	0.290908	0.015156	0.00491642
93	0.00404398	0.000880283	0.000491588	0.000680504	0.0102031	0.00162427	0.000731708	0.504455	0.000529586	0.0624215	0.0206068	0.00168511	0.000491538	0.000581199	0.000560146	0.00228803	0.00800738	0.374148	0.00066244	0.00490782
94	0.0564805	0.0159744	0.00571338	0.0122307	0.184247	0.0280243	0.0200566	0.0380024	0.0124419	0.0653587	0.0258156	0.0102156	0.00776309	0.0104602	0.0127704	0.0356123	0.0260764	0.0659372	0.0364219	0.330398
95	0.100666	0.0125462	0.0014587	0.0020159	0.00481953	0.0374445	0.0018074	0.00844582	0.00257158	0.013456	0.00518658	0.00272468	0.0031924	0.0033408	0.00255369	0.21708	0.559486	0.017257	0.00155387	0.00239277
96	0.0720422	0.00249555	0.0011938	0.00278599	0.0342334	0.0242844	0.013146	0.171302	0.0133907	0.276724	0.127835	0.00235462	0.00173212	0.0111993	0.0255743	0.0271789	0.0159433	0.154219	0.0153383	0.00702776
97	0.0368681	0.00845133	0.000497297	0.00233665	0.11813	0.0181608	0.00126806	0.187165	0.000705587	0.215752	0.0293865	0.000799231	0.00072042	0.000749311	0.000750454	0.00809588	0.0079793	0.103718	0.184918	0.0735489
98	0.0531945	0.00681067	0.000519589	0.00152477	0.0683725	0.0161072	0.00135151	0.141478	0.00148248	0.448476	0.0579552	0.00229399	0.00458045	0.00132399	0.00222103	0.0130345	0.0172137	0.115259	0.0283189	0.0184818
99	0.0850833	0.0110071	0.0323109	0.0424232	0.0150893	0.039486	0.0351268	0.0203875	0.249582	0.0321755	0.0180297	0.0482477	0.00497926	0.0428559	0.162828	0.0596263	0.0323886	0.0427255	0.0102851	0.0153626
100	0.0333703	0.00903898	0.00427268	0.00661808	0.0120035	0.0165586	0.0945819	0.0175932	0.0053355	0.0252224	0.0170857	0.00752701	0.330718	0.00573226	0.286056	0.0196949	0.0197625	0.0246654	0.0521066	0.0120558
101	0.142701	0.00331446	0.0019948	0.00259465	0.021373	0.00539646	0.0215891	0.0406961	0.0367798	0.058675	0.03993	0.0209543	0.0024686	0.00222477	0.329338	0.109187	0.0578447	0.00956606	0.0728271	0.0205445
102	0.0786842	0.0091283	0.00136063	0.0018447	0.00394442	0.0318578	0.00187627	0.00720125	0.0029616	0.0127667	0.005062	0.0021354	0.00195198	0.0036509	0.00209453	0.186551	0.627951	0.0148689	0.00180876	0.00229993
103	0.137782	0.00293562	0.00214084	0.0196776	0.00366542	0.00895336	0.00241343	0.0408304	0.0022761	0.00880881	0.00723089	0.00601818	0.503354	0.00261464	0.00309844	0.129455	0.0812955	0.012584	0.0200048	0.00486079
104	0.0993676	0.0185053	0.00938766	0.0205107	0.0178448	0.014865	0.0793117	0.0156476	0.0512373	0.0867063	0.0264759	0.0142189	0.0268483	0.180013	0.0315766	0.0403441	0.0225526	0.0830964	0.0954089	0.0660813
105	0.185391	0.0183272	0.0201355	0.0278893	0.0258179	0.0706597	0.0226961	0.0305667	0.0458299	0.0460182	0.0280422	0.190272	0.0167423	0.023821	0.0345169	0.074629	0.0496684	0.0558389	0.0157647	0.0173735
106	0.0527165	0.00683685	0.00222849	0.00375069	0.0185887	0.0182047	0.00406364	0.343474	0.00345366	0.0859466	0.0324065	0.00759303	0.00338756	0.00365094	0.00404882	0.0200632	0.119668	0.259835	0.00513631	0.00494722
107	0.0734301	0.0175783	0.0108243	0.102939	0.120206	0.035958	0.00968781	0.0516546	0.0114792	0.0850733	0.0319717	0.0146659	0.0129346	0.0108035	0.0117129	0.040157	0.109969	0.184944	0.0247535	0.039257
108	0.0447373	0.0074829	0.000536814	0.00200186	0.102176	0.016156	0.00108742	0.214608	0.000663778	0.21621	0.0249335	0.000788596	0.0009103	0.000667348	0.001252	0.0076749	0.00670167	0.13513	0.150336	0.065945
109	0.276816	0.0185006	0.00416462	0.00631731	0.0230294	0.284345	0.00712086	0.0274855	0.00792143	0.046302	0.0237849	0.0117585	0.0142134	0.00866219	0.00670393	0.130165	0.0473428	0.0418575	0.00617492	0.00733504
110	0.172827	0.0166474	0.00881997	0.00774576	0.0266461	0.319566	0.0107944	0.0360775	0.0130136	0.0559057	0.0240485	0.0323471	0.0149698	0.00938681	0.0122484	0.115608	0.0461027	0.0536505	0.011669	0.011926
111	0.147627	0.00872255	0.000677706	0.00115845	0.0585879	0.0731147	0.0014001	0.189859	0.000597865	0.208283	0.0123096	0.000801729	0.00567956	0.000801495	0.000965056	0.0174843	0.0190485	0.239093	0.00798442	0.00580372
112	0.551644	0.0211774	0.00603392	0.00101065	0.00205658	0.0512801	0.000998039	0.00357375	0.00105798	0.0045339	0.00467927	0.00125994	0.00426995	0.00115961	0.00106653	0.306846	0.02393	0.0109635	0.00112029	0.00133869
113	0.183136	0.0179647	0.0099868	0.00968395	0.0296985	0.313497	0.0126026	0.0320103	0.0141578	0.0537058	0.0261193	0.0278767	0.0170599	0.00989707	0.0115906	0.110952	0.0450421	0.0484672	0.0115972	0.0149542
114	0.410389	0.12721	0.00760192	0.00639806	0.0205926	0.0638386	0.00607929	0.0203481	0.00522881	0.0269074	0.0232679	0.00868262	0.00583106	0.00866704	0.00677459	0.162204	0.0379296	0.0345071	0.00682181	0.0107213
115	0.0542581	0.00271335	0.00019066	0.0003597	0.0539138	0.00787564	0.00209632	0.17702	0.000930921	0.407346	0.0865836	0.0020808	0.00248323	0.00167128	0.00424335	0.0121539	0.0190634	0.153392	0.00383023	0.00779399
116	0.0917159	0.0104446	0.00605717	0.00780778	0.0395196	0.172799	0.00908941	0.0569501	0.00743958	0.133297	0.03176	0.0119465	0.260836	0.00788179	0.0101615	0.037474	0.0375902	0.0473083	0.00736026	0.0125613
117	0.223345	0.00207526	0.00114244	0.0019594	0.00271014	0.0100923	0.00124659	0.00645976	0.00119998	0.00557621	0.00555253	0.0017804	0.572124	0.00134289	0.00158734	0.0340168	0.00612928	0.115197	0.00199129	0.00447188
118	0.0480167	0.00307399	0.000440083	0.00055725	0.0319146	0.00702181	0.00181173	0.178479	0.00125003	0.375202	0.0953834	0.00371609	0.00198345	0.00178047	0.00514327	0.0117794	0.0205432	0.204493	0.00243802	0.00497247
119	0.00694829	0.00107316	0.000502847	0.000692629	0.0115988	0.00297827	0.00079453	0.488244	0.00050092	0.0776469	0.022736	0.00179869	0.000597487	0.000629835	0.000610129	0.00288014	0.0096683	0.364512	0.000929886	0.00465626
120	0.388839	0.0142241	0.00233814	0.00349147	0.0111712	0.20584	0.00327699	0.0106424	0.00296449	0.0217474	0.0179268	0.00517145	0.00584186	0.00464941	0.00346957	0.229917	0.0382488	0.0209205	0.00425329	0.00506522
121	0.411974	0.00327501	0.00196268	0.00338498	0.00395719	0.075667	0.00214641	0.0236111	0.0019342	0.0098973	0.00593777	0.00291368	0.355567	0.00183662	0.0024255	0.0535759	0.00846333	0.0248585	0.00315551	0.00345682
122	0.0348698	0.0095532	0.000544218	0.00214307	0.112796	0.01801	0.00138628	0.186803	0.000781855	0.216182	0.0295188	0.000730556	0.000735306	0.000794882	0.000891197	0.00927011	0.00864897	0.10347	0.198512	0.064358
123	0.0702939	0.00481259	0.000175915	0.000702424	0.0644981	0.0263211	0.00296703	0.198083	0.00044706	0.331688	0.0352184	0.00103932	0.00327243	0.000836335	0.00123282	0.0136013	0.0122415	0.216017	0.00883059	0.0077208
124	0.0178315	0.00674809	0.000539983	0.0021775	0.0285431	0.00251705	0.00133601	0.048243	0.00104054	0.685592	0.170031	0.000867695	0.000686877	0.00117995	0.000848437	0.00705714	0.00546175	0.016314	0.0011894	0.00179482
125	0.0342223	0.0885157	0.00466055	0.00767929	0.34156	0.0165396	0.00531181	0.0265414	0.005578	0.0726185	0.0161124	0.00736108	0.00454966	0.00512571	0.00464604	0.0228959	0.0188461	0.298169	0.0070416	0.0120246
126	0.14422	0.00656286	0.000599493	0.00213279	0.0245557	0.0573796	0.000726176	0.0422277	0.000792289	0.48648	0.116624	0.00118459	0.000793566	0.000761559	0.00089733	0.0347172	0.0215654	0.0534491	0.00199622	0.00233502
127	0.0431591	0.00377733	0.000165376	0.000278574	0.045057	0.00713791	0.00170065	0.190274	0.00051562	0.433841	0.0751585	0.00279072	0.00206932	0.000975726	0.00256739	0.011279	0.0179259	0.152304	0.0028885	0.00613499
128	0.00946877	0.00116036	0.000683631	0.000724662	0.00397267	0.0018506	0.000618882	0.663623	0.000696475	0.0200392	0.0395109	0.00658879	0.000683394	0.000781401	0.000883385	0.00284464	0.0191489	0.223461	0.000696051	0.00256315
129	0.0506241	0.0555514	0.00319351	0.0081405	0.261606	0.0206155	0.0123634	0.0449329	0.0112103	0.11552	0.081053	0.00967253	0.00673685	0.00686228	0.00961146	0.0301994	0.0210396	0.062773	0.0281132	0.160181
130	0.0502785	0.00291307	0.000165502	0.000347664	0.0575425	0.00795217	0.00189682	0.176703	0.000556281	0.420765	0.0721368	0.0023931	0.00227462	0.00120025	0.0022392	0.0124907	0.0201396	0.155434	0.00399699	0.00857464
131	0.0705341	0.0168075	0.00476742	0.0109568	0.0816641	0.0341007	0.0139235	0.103245	0.00842963	0.141498	0.0340667	0.0130973	0.0173963	0.0118144	0.0189931	0.0335805	0.034178	0.0922215	0.196987	0.0617387
132	0.10094	0.0212627	0.0164926	0.024825	0.0175208	0.0360463	0.0210172	0.0326969	0.0298755	0.0484353	0.0365502	0.0229303	0.013625	0.145061	0.0325396	0.0744868	0.241067	0.058479	0.0111866	0.0149625
133	0.103469	0.0115929	0.00523448	0.0109718	0.0265842	0.0360408	0.0129459	0.0423404	0.00633625	0.0618081	0.0727857	0.011965	0.387495	0.00890436	0.0277716	0.0394347	0.0406583	0.0612585	0.0160841	0.0163186
134	0.243146	0.0022238	0.00118124	0.00206445	0.00248125	0.0140573	0.00130235	0.00749644	0.00144886	0.00583329	0.00548669	0.00201881	0.547327	0.00142349	0.00147783	0.0414143	0.00716999	0.106024	0.0021219	0.004301
135	0.0755229	0.0281496	0.0144821	0.0252857	0.0226111	0.0433088	0.217559	0.0290939	0.0489082	0.0486321	0.0338221	0.037414	0.0222798	0.066463	0.0546002	0.0650012	0.0373099	0.0561153	0.0213415	0.0521001
136	0.0735993	0.0414313	0.00815896	0.00962803	0.19928	0.041325	0.0109246	0.0310576	0.0100399	0.0395629	0.0255573	0.0349166	0.00961218	0.0108617	0.0113635	0.313655	0.0439218	0.0484516	0.0128002	0.0238528
137	0.0616767	0.0118551	0.00435256	0.00989608	0.110138	0.0231395	0.0110278	0.0984331	0.00741553	0.134991	0.0294183	0.00790599	0.0094539	0.0134279	0.0105603	0.0297767	0.0246444	0.102233	0.156729	0.142924
138	0.396133	0.00917914	0.00356384	0.00313932	0.00576919	0.038725	0.00255969	0.0109143	0.00278691	0.0116893	0.00803007	0.00327284	0.0582946	0.00336053	0.00223511	0.312075	0.0484483	0.0720485	0.00329746	0.00447822
139	0.0485203	0.00613641	0.000609173	0.00303278	0.07793	0.014044	0.00186536	0.181756	0.00240527	0.336327	0.0469288	0.00340786	0.0027768	0.00185025	0.00300304	0.0142045	0.0181245	0.124286	0.0637909	0.0490015
140	0.626634	0.0238698	0.00918352	0.00107661	0.00216674	0.0391044	0.00106636	0.00325783	0.00096477	0.0044839	0.00516279	0.00140702	0.00365678	0.0012328	0.00130273	0.259625	0.00454871	0.00909854	0.00090147	0.00125613
141	0.04196	0.00375644	0.000174014	0.000368807	0.0420945	0.00684708	0.00154244	0.18331	0.000715643	0.421472	0.0819411	0.00314532	0.00194638	0.00103517	0.00295284	0.0116196	0.0198304	0.166585	0.00267648	0.00602719
142	0.10786	0.027699	0.00225562	0.00348516	0.114227	0.00643811	0.0404624	0.00819421	0.0632115	0.153488	0.0438207	0.0244789	0.00292406	0.00325779	0.0454659	0.00945384	0.00824118	0.0613318	0.00497801	0.268727
143	0.0719621	0.00951683	0.3743	0.203374	0.00235763	0.03047	0.00592709	0.00331066	0.0848928	0.0208924	0.00321261	0.0458804	0.00100423	0.0134011	0.0140558	0.0520168	0.0385294	0.0222046	0.00127757	0.0014143
144	0.00940381	0.0029281	0.575946	0.348734	0.00351822	0.00533671	0.00160925	0.00518529	0.00211883	0.00701721	0.00431628	0.00290247	0.00159504	0.00181419	0.00179613	0.00760707	0.00646009	0.00729535	0.00190925	0.00250639
145	0.0254151	0.00794873	0.00188788	0.0105776	0.345358	0.0149073	0.00543177	0.0231211	0.00369557	0.0452246	0.0133786	0.00429018	0.00254435	0.00231672	0.00434062	0.0168216	0.00962449	0.0473497	0.0279371	0.387829
146	0.181771	0.00138924	0.0350441	0.0888519	0.00256953	0.0345043	0.0338381	0.0102155	0.155665	0.0125971	0.00649934	0.0148006	0.0041464	0.0856564	0.182527	0.0804551	0.0411299	0.0203362	0.000738439	0.00726498
147	0.0717097	0.00113021	0.04259	0.0589553	0.00701743	0.00858123	0.0140823	0.00878113	0.348444	0.00874581	0.00180589	0.036444	0.000630138	0.0534569	0.266714	0.0291633	0.0221636	0.0175721	0.000848416	0.00116427
148	0.568591	0.0195938	0.00207641	0.000791842	0.00135662	0.0123684	0.000731654	0.0476705	0.00080418	0.00725528	0.00925958	0.000969174	0.000732544	0.000712752	0.000785318	0.0526632	0.0320582	0.239737	0.000819084	0.00102324
149	0.0409292	0.00818821	0.0193512	0.0505839	0.00181066	0.174321	0.0538884	0.00288614	0.174856	0.01612	0.0152607	0.227098	0.000848377	0.0209463	0.0745043	0.0627644	0.0179963	0.00985865	0.0265843	0.00120429
150	0.00423152	0.000848951	0.000491909	0.000669201	0.0101641	0.00158243	0.000671342	0.516871	0.000524342	0.0595419	0.0216866	0.00182644	0.000489877	0.000605946	0.000660891	0.00224944	0.00855183	0.362501	0.000654602	0.00517655
151	0.112077	0.011605	0.00634846	0.0145085	0.0241154	0.0265318	0.0156899	0.0278613	0.00777029	0.0526933	0.0275445	0.0110357	0.381951	0.0114491	0.025219	0.0466971	0.0394937	0.0650137	0.0208995	0.0714961
152	0.066633	0.0200477	0.00389552	0.00791685	0.0307072	0.026652	0.00616982	0.0771618	0.00667624	0.15143	0.172612	0.0139775	0.00831622	0.0113077	0.00840844	0.0375481	0.172531	0.147663	0.0122174	0.0181283
153	0.0199482	0.0064371	0.000536001	0.000979127	0.0235121	0.00342522	0.00124515	0.0382714	0.00111675	0.755558	0.112749	0.000919035	0.000686363	0.00116569	0.000718535	0.00895895	0.00518914	0.0156131	0.00117262	0.00179833
154	0.0939589	0.0126857	0.0116745	0.0202574	0.0161831	0.0328955	0.0116186	0.0351652	0.013009	0.0402642	0.0263067	0.0820429	0.219369	0.0156868	0.0157333	0.084628	0.187972	0.049473	0.0129798	0.0180968
155	0.0761963	0.0237131	0.00201855	0.00335374	0.00580046	0.00692095	0.00251046	0.0888925	0.0241303	0.052211	0.00723655	0.102754	0.00243174	0.00340298	0.00270925	0.0294053	0.00903479	0.550674	0.00299811	0.0036053
156	0.0913351	0.00694556	0.00412063	0.00532275	0.00942632	0.0127713	0.00497437	0.164403	0.00413533	0.0216886	0.0125043	0.00753921	0.00446907	0.0060958	0.00416989	0.0167963	0.39012	0.222933	0.00419597	0.00605334
157	0.0815754	0.0224126	0.00937387	0.0160094	0.00724464	0.0219909	0.157117	0.00534108	0.147212	0.0139236	0.0142591	0.0280783	0.00111172	0.0416843	0.186998	0.124075	0.00267892	0.0697539	0.00785512	0.0413062
158	0.151549	0.0628138	0.00904813	0.00451019	0.0157328	0.163665	0.00530125	0.022217	0.00349156	0.026266	0.0180237	0.026509	0.00702339	0.00482932	0.00343376	0.250191	0.173107	0.0388202	0.00589254	0.00757568
159	0.0908678	0.00194468	0.0651126	0.184771	0.00259075	0.00315679	0.0117938	0.124778	0.0352693	0.0180601	0.0272353	0.0473143	0.0632225	0.0547822	0.0153611	0.0385343	0.0520987	0.150294	0.0110146	0.00179735
160	0.060003	0.0479505	0.0153709	0.030562	0.00572947	0.00828817	0.153057	0.005537	0.0562591	0.0235223	0.0153451	0.0489429	0.00175928	0.246138	0.0677413	0.12478	0.00451474	0.0367029	0.0067328	0.0410637
161	0.0102944	0.0012365	0.000697655	0.000818492	0.00376436	0.00197265	0.000676941	0.669789	0.000727469	0.0179906	0.0411819	0.00722133	0.000745946	0.000903249	0.000916336	0.00298823	0.0196756	0.215075	0.000834428	0.00248986
162	0.0431373	0.00410917	0.000463013	0.00371191	0.11006	0.0177545	0.000952471	0.0764814	0.00729879	0.458431	0.0366323	0.00663694	0.000495265	0.0021673	0.00553643	0.0203515	0.0311809	0.102771	0.0380884	0.03374
163	0.063131	0.00638765	0.000303802	0.00538459	0.107493	0.0213992	0.000771416	0.101996	0.00485526	0.368945	0.0411699	0.0104583	0.000324329	0.00159523	0.00823684	0.0249109	0.0433152	0.0980813	0.045975	0.0452654
164	0.0520654	0.0145708	0.00515115	0.0110094	0.20002	0.0221029	0.0159553	0.0366963	0.0120939	0.0705129	0.0240816	0.00922645	0.0080647	0.00758212	0.017044	0.0340759	0.0212903	0.0631553	0.0315901	0.343711
165	0.231412	0.0102203	0.000544298	0.000876105	0.00140044	0.0588757	0.000643691	0.00722971	0.000786633	0.00603692	0.00184316	0.000930496	0.00539313	0.000873509	0.000911661	0.303445	0.348792	0.0180371	0.000811171	0.000936976
166	0.0799936	0.0104361	0.000260311	0.0015096	0.0951804	0.0390954	0.0013914	0.218817	0.00041444	0.221774	0.0115423	0.000431635	0.00283728	0.000312982	0.000352124	0.0103545	0.00355769	0.281786	0.0147973	0.0051569
167	0.0510588	0.00282669	0.0001095	0.000374329	0.0543949	0.00788582	0.00210657	0.176963	0.000444903	0.434408	0.0674459	0.00189503	0.00246818	0.000953304	0.00198389	0.0114992	0.0173013	0.154162	0.00425874	0.00746019
168	0.0335955	0.0204649	0.00271791	0.00388287	0.00645646	0.0136843	0.00315694	0.0141806	0.00269425	0.196838	0.201373	0.00441292	0.00282219	0.00440171	0.00366928	0.0176287	0.340911	0.0788661	0.00419241	0.0440506
169	0.126605	0.0197897	0.000319226	0.000401274	0.0645977	0.0677685	0.000337318	0.148255	0.000218613	0.184597	0.0219451	0.000295716	0.000583169	0.000319568	0.000334706	0.0526333	0.0912722	0.21109	0.00810475	0.000531829
170	0.169289	0.0507351	0.0011084	0.00131757	0.00252917	0.115317	0.00131287	0.0167197	0.00130661	0.00521355	0.00317211	0.00144071	0.00383308	0.00136514	0.00129759	0.385241	0.211797	0.0234408	0.0016792	0.00188464
171	0.0509306	0.00283017	0.000104639	0.000373946	0.0545116	0.00789119	0.00209892	0.176945	0.000436373	0.434762	0.0671606	0.00190266	0.00243643	0.00095221	0.00194306	0.0115241	0.0173578	0.154127	0.00425642	0.0074551
172	0.140789	0.00690859	0.000470256	0.00195549	0.0303975	0.0562712	0.000608439	0.0453596	0.000637108	0.488808	0.101992	0.000998017	0.00072001	0.000699842	0.000734154	0.0367008	0.0210373	0.060357	0.00246768	0.0020881
173	0.0778669	0.00770612	0.00185154	0.00348853	0.0680061	0.0792835	0.00300443	0.115458	0.00229021	0.191562	0.0397651	0.00376074	0.237189	0.00293665	0.00324766	0.0191038	0.0400839	0.0909433	0.00583948	0.006613
174	0.0757713	0.0186006	0.000902798	0.0119211	0.160899	0.0493829	0.00122699	0.0127305	0.00112393	0.0205077	0.00319869	0.00138649	0.00090454	0.00114448	0.00107735	0.0663647	0.0279613	0.214102	0.0673896	0.263404
175	0.209995	0.0390442	0.000656902	0.00103636	0.0257691	0.089732	0.000976791	0.0664255	0.000957522	0.0513212	0.0254835	0.00139911	0.0309983	0.00130665	0.00104661	0.140892	0.11184	0.198331	0.00110326	0.00168522
176	0.543916	0.00761072	0.00776552	0.0010677	0.00223053	0.0465945	0.000974584	0.0431634	0.000980308	0.0271215	0.0112734	0.00126535	0.00169597	0.00104352	0.000995434	0.112496	0.034999	0.152426	0.00100492	0.00137589
177	0.126725	0.0198132	0.00032041	0.000387188	0.0645275	0.0679278	0.000337638	0.148059	0.000218316	0.184505	0.0220045	0.000294135	0.000570841	0.000325051	0.000334762	0.0527363	0.091519	0.210801	0.00806942	0.00052354
178	0.0993711	0.00666243	0.000399813	0.00108779	0.060015	0.0653743	0.00159676	0.203152	0.000531711	0.214428	0.0130114	0.000739793	0.00962642	0.000680978	0.000552233	0.0168382	0.0118525	0.278641	0.00784236	0.00759727
179	0.0756529	0.00684392	0.00111065	0.0106704	0.0750784	0.0536465	0.00155138	0.0787672	0.00283134	0.402258	0.0684951	0.00511358	0.00144632	0.00251034	0.00504501	0.0306432	0.0357308	0.085179	0.0261159	0.0313104
180	0.0154086	0.0271644	0.0821995	0.00294952	0.00661281	0.185604	0.00590384	0.00758978	0.0024227	0.0109647	0.00735965	0.303833	0.00248768	0.00319946	0.00255714	0.225303	0.0912738	0.0107242	0.0026907	0.00375123
181	0.349721	0.0156755	0.000445826	0.000462681	0.0470368	0.13659	0.000418586	0.0810741	0.000413365	0.167379	0.0153875	0.000579637	0.000477465	0.000523648	0.00045198	0.0200764	0.0386424	0.119683	0.000557337	0.00440481
182	0.108217	0.00130559	0.00463789	0.00998214	0.0289313	0.1634	0.0102226	0.146617	0.00122038	0.124792	0.0286964	0.00324503	0.00109247	0.0118412	0.0345107	0.0317754	0.054039	0.162828	0.0627173	0.00992944
183	0.0261037	0.013429	0.00234253	0.00591028	0.32952	0.0097684	0.00436568	0.0563825	0.00442335	0.169388	0.0781805	0.0049703	0.00233008	0.00231237	0.00393877	0.0118733	0.0113703	0.0355064	0.0279165	0.199968
184	0.0418525	0.00422553	0.000146158	0.000202892	0.0456281	0.00724016	0.00156785	0.180001	0.000415744	0.41797	0.0735826	0.00468276	0.00186301	0.00112638	0.0018027	0.0173962	0.0240802	0.167841	0.00254126	0.00583412
185	0.00622897	0.00226008	0.00132802	0.0108675	0.425542	0.00302868	0.00132624	0.0153292	0.00104375	0.0336428	0.0073474	0.00168118	0.00109159	0.00128835	0.00162849	0.00449474	0.00379663	0.0149112	0.0220697	0.441093
186	0.378343	0.0146024	0.00559887	0.00484737	0.00875419	0.0880936	0.00290525	0.0139785	0.00553025	0.0181607	0.0115668	0.00731904	0.0173148	0.00600374	0.00509094	0.287732	0.0760668	0.0395114	0.00278392	0.00579632
187	0.0370771	0.00411515	0.000238783	0.000363594	0.0380211	0.00631424	0.00134184	0.199585	0.000684385	0.397297	0.0741957	0.00644076	0.00161913	0.00121581	0.00211818	0.0158752	0.0249156	0.18134	0.00223883	0.00500303
188	0.0629621	0.006421	0.000306783	0.00543981	0.107395	0.0215338	0.000778555	0.101617	0.00488694	0.367851	0.0412021	0.010412	0.000327928	0.00160579	0.00813319	0.0252416	0.0436826	0.0984055	0.0462537	0.0455427
189	0.0691698	0.0228961	0.00979537	0.0136674	0.0305959	0.0268292	0.249411	0.0266617	0.0416777	0.0477656	0.0294747	0.0226178	0.0107338	0.0396723	0.0489561	0.0548204	0.0254937	0.0535986	0.0178977	0.158265
190	0.0243989	0.00700393	0.000487643	0.00198279	0.0297793	0.00413439	0.00145791	0.075356	0.00115992	0.640698	0.14804	0.00116139	0.000892657	0.00126523	0.00142282	0.00777538	0.00784486	0.0412918	0.00152904	0.00231821
