370	20
1	0.0459123	0.00102096	0.0303255	0.071673	0.010342	0.0217901	0.0259103	0.0359626	0.144827	0.0868763	0.0382576	0.0189144	0.00374953	0.145026	0.15251	0.0448305	0.0523866	0.0557534	0.0102969	0.00363487
2	0.0223761	0.0041568	0.00909141	0.011399	0.115512	0.0233779	0.0172298	0.116953	0.0405421	0.21695	0.0802257	0.025258	0.00681153	0.0410006	0.0383625	0.0257981	0.0341658	0.0673448	0.0498667	0.0535772
3	0.0303297	0.00168854	0.00587737	0.0361493	0.00642348	0.0161786	0.00957497	0.0151486	0.33668	0.0400242	0.0351197	0.0247183	0.0105695	0.0674941	0.244828	0.0397103	0.0483577	0.00995305	0.00862203	0.0125525
4	0.00462618	0.00211093	0.00307187	0.00320942	0.0244287	0.0062202	0.00241806	0.00433062	0.00437935	0.00817205	0.00260145	0.00396712	0.00240348	0.00767416	0.00445158	0.00398224	0.0013045	0.00644244	0.889012	0.0151935
5	0.0748268	0.00224551	0.0130338	0.0083039	0.0131398	0.0457088	0.00748398	0.271535	0.0220045	0.0801762	0.0554404	0.0131257	0.0119152	0.0197872	0.0216506	0.0506006	0.0909741	0.185227	0.00404902	0.00877124
6	0.035144	0.00302797	0.0120239	0.0135436	0.0104886	0.0100054	0.0073486	0.0238497	0.0196802	0.0361677	0.0354087	0.0362311	0.00769139	0.0116708	0.0131771	0.404568	0.271144	0.0245465	0.00113594	0.0231463
7	0.060116	0.000255412	0.102578	0.0858675	0.0155228	0.262187	0.0226044	0.0021731	0.0695717	0.0100031	0.00369328	0.0966108	0.00712742	0.0475704	0.0697429	0.0977661	0.0263834	0.0135996	0.00129493	0.00533271
8	0.0206562	0.00277929	0.0708323	0.0767348	0.0212363	0.168017	0.0505241	0.0151217	0.0997686	0.0541867	0.013648	0.078393	0.00449941	0.10468	0.13106	0.0445301	0.0131779	0.0154134	0.00421092	0.0105308
9	0.0414206	0.00876117	0.00133447	0.00186528	0.0309413	0.00268008	0.00885575	0.215749	0.00526928	0.330941	0.0786695	0.00204747	0.0103087	0.00697588	0.00560586	0.00790644	0.0328082	0.195354	0.00181361	0.0106929
10	0.0134723	0.00365014	0.00816047	0.0106164	0.347121	0.00612606	0.0177453	0.0442941	0.0068729	0.15274	0.0464674	0.0183085	0.00409789	0.0156584	0.01231	0.0167824	0.0121051	0.0432378	0.0150056	0.205228
11	0.0132199	0.00234242	0.0248306	0.0190678	0.0115142	0.0159497	0.0850015	0.0239319	0.0324328	0.0482133	0.0100568	0.384903	0.0137928	0.0142179	0.0198362	0.127214	0.0695172	0.0540969	0.00638316	0.0234783
12	0.0471921	0.00873704	0.00153953	0.00141705	0.0300427	0.00200724	0.0101854	0.147209	0.00582849	0.392419	0.0893107	0.00220918	0.0135174	0.00881617	0.00541103	0.00654533	0.0329748	0.183136	0.00056183	0.0109397
13	0.0597163	0.000229369	0.0911459	0.0775564	0.0156368	0.288408	0.0220793	0.00106968	0.0717987	0.00776403	0.0020542	0.0986344	0.00592351	0.0459933	0.0746582	0.0957549	0.0228584	0.0123105	0.00140105	0.00500687
14	0.0427731	0.00285118	0.209449	0.270022	0.0101552	0.0390877	0.0168559	0.00788993	0.0513003	0.0247573	0.0270999	0.0498452	0.0103389	0.0676556	0.0171112	0.0704655	0.0424189	0.031798	0.000713724	0.00741063
15	0.0120795	0.00455369	0.00120936	0.009295	0.0102195	0.0076554	0.00617299	0.494712	0.00392267	0.104858	0.119852	0.00275145	0.00112377	0.00348671	0.00417456	0.0240139	0.0971497	0.0898489	0.000813735	0.00210696
16	0.0100947	0.0115579	0.00194543	0.0019202	0.181143	0.00370829	0.120074	0.00504894	0.0163564	0.045822	0.00603899	0.0132139	0.00171344	0.00377895	0.014478	0.0186075	0.00504024	0.010785	0.00563472	0.523038
17	0.062901	0.00642016	0.0165391	0.0149584	0.0102904	0.0120574	0.0101846	0.0307005	0.0319173	0.0230655	0.0250374	0.0455136	0.0125681	0.0138309	0.0188617	0.288759	0.325629	0.0378213	0.00138947	0.0115545
18	0.0131079	0.00246552	0.0219346	0.010451	0.00692515	0.0273127	0.00934515	0.322592	0.0354271	0.114721	0.069023	0.0197125	0.00527467	0.0306669	0.0196449	0.0582226	0.0924046	0.130992	0.00490832	0.00486805
19	0.0112027	0.000986125	0.0788187	0.0895982	0.0142195	0.207958	0.0505229	0.0116932	0.114528	0.0387634	0.0115637	0.0824003	0.002943	0.112331	0.117144	0.0334671	0.0077359	0.0104598	0.00141154	0.00225254
20	0.0381353	0.000668064	0.00797322	0.00629544	0.00934169	0.760516	0.00899524	0.00519682	0.00904251	0.00695041	0.00298587	0.0177625	0.00596861	0.00716608	0.0117901	0.0242791	0.00581319	0.00636639	0.0620284	0.00272532
21	0.0404923	0.0023097	0.0610124	0.0419844	0.0133402	0.0454856	0.0297285	0.0204804	0.0810225	0.0279654	0.0182656	0.141665	0.0180528	0.0378965	0.068326	0.145016	0.159204	0.0268463	0.00451906	0.0163876
22	0.137248	0.00257487	0.0401905	0.0159166	0.00251546	0.0571364	0.0154436	0.0115755	0.00298098	0.0143341	0.0105716	0.0508016	0.0198998	0.0107303	0.00965111	0.477075	0.07753	0.0302351	0.00115418	0.012435
23	0.0574672	0.00678718	0.0368708	0.0297139	0.084424	0.0307353	0.0595358	0.0246809	0.047404	0.112631	0.0132969	0.141821	0.00913393	0.0822381	0.0722018	0.0542996	0.0235022	0.02436	0.00995938	0.0789365
24	0.0400581	0.000489082	0.00933413	0.00670803	0.00808536	0.831911	0.008244	0.0049031	0.00446118	0.00568935	0.00204136	0.0192102	0.00571738	0.00591819	0.0102223	0.024352	0.00262522	0.00533002	0.00333829	0.00136148
25	0.0492811	0.00312378	0.0359772	0.0554289	0.0199239	0.0219512	0.0298749	0.028654	0.142907	0.0916929	0.0341983	0.0307562	0.00612891	0.114075	0.172497	0.0552874	0.0423056	0.0429078	0.0100331	0.0129956
26	0.1131	0.00500769	0.0317563	0.0307254	0.0211329	0.0237004	0.0264531	0.0496751	0.0517753	0.0579221	0.0261249	0.0313145	0.117528	0.0371739	0.0495294	0.131732	0.116791	0.0493296	0.00248063	0.0267493
27	0.00734492	0.927019	0.000811773	0.00103406	0.00705798	0.00701337	0.00100854	0.004274	0.00120323	0.0106399	0.0010793	0.00140593	0.000776326	0.00118408	0.00117027	0.0020971	0.0101015	0.00753069	0.000430595	0.00681748
28	0.0918225	0.0034327	0.0434892	0.0333754	0.0405237	0.019093	0.0265173	0.0473484	0.0508549	0.0684327	0.0349308	0.0453394	0.0262117	0.0396088	0.0440687	0.147378	0.1077	0.081196	0.0056938	0.0429829
29	0.00912812	0.00355252	0.00247181	0.00620517	0.163757	0.0035408	0.0031664	0.0830777	0.0135961	0.495904	0.0797049	0.00605573	0.00149663	0.0081538	0.009396	0.00465217	0.00462009	0.0499753	0.00739292	0.0441525
30	0.0672167	0.00745773	0.0330432	0.0344604	0.0658089	0.0298406	0.0372104	0.0319583	0.0475219	0.0561221	0.0220226	0.029103	0.203531	0.0347815	0.044243	0.0906464	0.0886228	0.0313104	0.00548128	0.0396171
31	0.0156898	0.00355755	0.0120922	0.00361965	0.420751	0.0039262	0.0269107	0.025501	0.00478213	0.0654411	0.0134431	0.0135624	0.00751885	0.00992477	0.00773382	0.0246854	0.0134931	0.0306442	0.0149928	0.28173
32	0.0187266	0.000885825	0.00184263	0.00353886	0.0628277	0.0144387	0.0257537	0.0438593	0.12733	0.176506	0.10962	0.0437314	0.00563119	0.106796	0.0778094	0.0232097	0.0773218	0.0124107	0.026219	0.0415413
33	0.0122986	0.00339775	0.00860949	0.00182992	0.433199	0.00297836	0.0288943	0.0240029	0.00275131	0.0643502	0.0132278	0.0115472	0.00464905	0.00800465	0.00573335	0.0185331	0.0108981	0.0258837	0.0155325	0.303678
34	0.00997165	0.0109653	0.00215117	0.00179946	0.195435	0.00372765	0.11537	0.00567341	0.0154607	0.0460369	0.00640482	0.0128709	0.00182768	0.00394811	0.0137558	0.0183551	0.00526759	0.0110507	0.00633697	0.513591
35	0.0949929	0.00172427	0.033058	0.0120916	0.0539682	0.0214696	0.10287	0.00996568	0.0283042	0.0195311	0.00759822	0.0493715	0.00900839	0.0193455	0.0377822	0.249685	0.0781478	0.0205181	0.0232813	0.127286
36	0.0346573	0.000669932	0.303643	0.172674	0.012217	0.0526289	0.0193971	0.00848132	0.0315182	0.0196641	0.0217885	0.0848542	0.0116379	0.0397608	0.0174801	0.0986449	0.0418961	0.0202808	0.000486223	0.00762012
37	0.00734492	0.927019	0.000811773	0.00103406	0.00705798	0.00701337	0.00100854	0.004274	0.00120323	0.0106399	0.0010793	0.00140593	0.000776326	0.00118408	0.00117027	0.0020971	0.0101015	0.00753069	0.000430595	0.00681748
38	0.0129024	0.00409138	0.00235988	0.00847467	0.0113665	0.00846856	0.00598364	0.487742	0.00519175	0.103861	0.108009	0.00386286	0.00146605	0.00472194	0.00502846	0.0251325	0.0940468	0.103245	0.00115285	0.0028932
39	0.0369753	0.0017378	0.0742396	0.0569498	0.0168698	0.197481	0.048251	0.00575775	0.0801198	0.0143271	0.00656667	0.156399	0.0126306	0.05378	0.0853387	0.0901858	0.0284691	0.0103611	0.00664688	0.0169134
40	0.0448604	0.00906676	0.0372245	0.0194351	0.0726893	0.025601	0.0574647	0.0341617	0.0512739	0.123498	0.024903	0.0604015	0.0117727	0.0747705	0.150399	0.0662456	0.0266018	0.0310166	0.0215682	0.0570461
41	0.0675951	0.00880313	0.0410277	0.04877	0.0297349	0.0178886	0.0510099	0.0285539	0.0690179	0.0646037	0.0187823	0.0246813	0.212485	0.0436051	0.0602574	0.100096	0.0674039	0.0136498	0.00176945	0.0302647
42	0.00631098	0.00220073	0.00539101	0.00394403	0.0239506	0.00710178	0.00394739	0.00652137	0.00840616	0.0095054	0.00348755	0.00859043	0.00260802	0.0120358	0.00740246	0.0065683	0.00283193	0.00772884	0.856321	0.0151463
43	0.00734492	0.927019	0.000811773	0.00103406	0.00705798	0.00701337	0.00100854	0.004274	0.00120323	0.0106399	0.0010793	0.00140593	0.000776326	0.00118408	0.00117027	0.0020971	0.0101015	0.00753069	0.000430595	0.00681748
44	0.288102	0.00409736	0.0357572	0.0120579	0.00273862	0.0603707	0.0130588	0.00897701	0.00288009	0.0125521	0.00824458	0.0375114	0.0223711	0.00925803	0.00630201	0.387731	0.0486617	0.0290682	0.00114989	0.00911032
45	0.0477016	0.00340226	0.0269933	0.0296681	0.0173953	0.0284412	0.0162291	0.122778	0.0776106	0.0773192	0.035963	0.0286536	0.0123647	0.0517165	0.0615679	0.0721619	0.125002	0.143248	0.0079925	0.0137909
46	0.0293378	0.00117175	0.025384	0.0193573	0.00738175	0.00632077	0.010108	0.0258172	0.0625668	0.028666	0.0259857	0.0695539	0.0152322	0.0184752	0.0283809	0.278805	0.305889	0.0318249	0.00116553	0.0085759
47	0.0444877	0.00437799	0.0137266	0.0131643	0.138115	0.0135566	0.0255777	0.0409487	0.0518195	0.0771561	0.048049	0.0313942	0.0269457	0.0378959	0.0395932	0.0436018	0.0529005	0.0491909	0.161476	0.0860225
48	0.0384518	0.000493724	0.0148492	0.0118386	0.00918489	0.786551	0.0101074	0.00513943	0.010438	0.00740277	0.00252479	0.0247118	0.00552744	0.0123993	0.0163947	0.0276154	0.00430791	0.00701818	0.00332774	0.00171536
49	0.0233249	0.00773199	0.0133378	0.014773	0.228917	0.0187513	0.0177899	0.06871	0.0144619	0.118887	0.0136992	0.0524121	0.00714281	0.0273976	0.0286971	0.0317746	0.0403346	0.0698178	0.0135348	0.188505
50	0.00734492	0.927019	0.000811773	0.00103406	0.00705798	0.00701337	0.00100854	0.004274	0.00120323	0.0106399	0.0010793	0.00140593	0.000776326	0.00118408	0.00117027	0.0020971	0.0101015	0.00753069	0.000430595	0.00681748
51	0.0771519	0.00645428	0.0338773	0.0311419	0.0464734	0.0228754	0.0311708	0.049959	0.0400024	0.0945791	0.0268804	0.0370824	0.0935146	0.0363509	0.0420001	0.114188	0.0726811	0.0807616	0.00683098	0.056025
52	0.0163214	0.00144217	0.0431684	0.0126377	0.00828393	0.0363753	0.0150405	0.202308	0.0539657	0.105529	0.0412113	0.0409457	0.0106226	0.0470834	0.0221426	0.0839985	0.093698	0.148957	0.00740347	0.00886517
53	0.0491028	0.0202969	0.0345755	0.0260991	0.06174	0.0241869	0.0540532	0.0373412	0.0504471	0.109491	0.0200064	0.0697661	0.0125211	0.0718539	0.132396	0.0836068	0.0265835	0.0379532	0.0155566	0.0624227
54	0.0116283	0.0110986	0.00279208	0.00235663	0.204939	0.00467584	0.105746	0.0074498	0.0150384	0.047811	0.00680413	0.0131864	0.00250511	0.00481017	0.0145455	0.0218185	0.00735813	0.0129806	0.00697428	0.495482
55	0.0341856	0.0032812	0.0323811	0.156821	0.00677417	0.0260378	0.0303846	0.0182649	0.122241	0.0594643	0.0318198	0.0248226	0.00397243	0.237003	0.0854115	0.0364125	0.0379792	0.0407892	0.00737291	0.0045804
56	0.0350414	0.00986655	0.00174844	0.00242701	0.0775709	0.00360965	0.00746839	0.173118	0.00605499	0.327953	0.0614129	0.00700996	0.0079752	0.00765837	0.0116452	0.00695076	0.0252921	0.176054	0.00781334	0.0433298
57	0.0382769	0.00450566	0.0294586	0.0486631	0.0295757	0.0251493	0.0313922	0.0711119	0.0965086	0.0847884	0.0318893	0.0668606	0.00712113	0.103561	0.114789	0.0597183	0.0436813	0.0662951	0.0216272	0.0250269
58	0.270895	0.00135003	0.00136155	0.00610555	0.0183218	0.0339588	0.00199385	0.0780507	0.014952	0.100998	0.0428526	0.00325971	0.032736	0.00742091	0.00335105	0.0401014	0.103493	0.226233	0.000763036	0.0118019
59	0.0318549	0.00190568	0.0173241	0.0310977	0.0310342	0.0153184	0.0158528	0.0995362	0.0735291	0.226217	0.10035	0.0146295	0.00509814	0.0755103	0.0752579	0.0301296	0.0378029	0.0974823	0.0082821	0.011787
60	0.0175813	0.00138453	0.0147818	0.012452	0.00747918	0.00301185	0.00724596	0.0232346	0.0419858	0.027512	0.0346031	0.0503911	0.0101928	0.0131023	0.0210307	0.343194	0.33736	0.0227265	0.000772568	0.0099579
61	0.00462618	0.00211093	0.00307187	0.00320942	0.0244287	0.0062202	0.00241806	0.00433062	0.00437935	0.00817205	0.00260145	0.00396712	0.00240348	0.00767416	0.00445158	0.00398224	0.0013045	0.00644244	0.889012	0.0151935
62	0.074052	0.00273748	0.0393332	0.0121842	0.0601114	0.0274872	0.100253	0.0137921	0.0465986	0.0351205	0.00672062	0.110617	0.0127887	0.0415714	0.0751154	0.160922	0.0527429	0.0218204	0.0126336	0.0933975
63	0.0411826	0.00451647	0.146543	0.279226	0.00787296	0.0293176	0.0161786	0.00649732	0.0777805	0.0258902	0.024642	0.0444572	0.0078367	0.135975	0.0244104	0.0517617	0.0389007	0.0296269	0.000875879	0.00650831
64	0.667288	0.00865739	0.00715	0.00205621	0.00488686	0.0432693	0.00191002	0.0088145	0.0016592	0.0120086	0.00237059	0.00371201	0.00634173	0.00170461	0.00261329	0.171494	0.00874578	0.0386609	0.000741753	0.00591533
65	0.0474957	0.00986194	0.0397334	0.0217878	0.0683756	0.0265818	0.0577348	0.0333211	0.0527637	0.115336	0.020218	0.0637575	0.0108728	0.0735529	0.155437	0.0709978	0.0234002	0.0315408	0.020015	0.057216
66	0.104186	0.00224953	0.0458874	0.0343627	0.0195725	0.0213102	0.0152867	0.0462979	0.052668	0.0555962	0.0362173	0.0400407	0.0323886	0.0369025	0.0415681	0.164463	0.143324	0.0855758	0.00198963	0.0201127
67	0.132143	0.00184559	0.0420814	0.0237123	0.0183703	0.0306231	0.0437575	0.0165253	0.028799	0.0251182	0.0259757	0.0468842	0.0235707	0.0320283	0.0352385	0.288581	0.100066	0.0359157	0.00640057	0.0423626
68	0.00734492	0.927019	0.000811773	0.00103406	0.00705798	0.00701337	0.00100854	0.004274	0.00120323	0.0106399	0.0010793	0.00140593	0.000776326	0.00118408	0.00117027	0.0020971	0.0101015	0.00753069	0.000430595	0.00681748
69	0.0430442	0.000773315	0.0273258	0.0778095	0.00816571	0.0234553	0.0274991	0.0340647	0.142015	0.0857897	0.0387806	0.015649	0.00340653	0.160627	0.145894	0.0423036	0.0536746	0.0580625	0.00951608	0.0021433
70	0.0924328	0.00245598	0.0398858	0.0307692	0.0171794	0.0216706	0.0172661	0.0375337	0.0540215	0.0555736	0.03634	0.0473281	0.0357993	0.0423082	0.0506778	0.176249	0.156584	0.0595646	0.00300623	0.0233539
71	0.0331575	0.00235011	0.0838546	0.157484	0.00997777	0.125022	0.0363738	0.00718101	0.07926	0.0301414	0.0154811	0.0717136	0.0060693	0.171561	0.0589368	0.0564268	0.0250175	0.0220339	0.00212763	0.0058307
72	0.0526066	0.000241643	0.0942005	0.0800927	0.0148826	0.292568	0.0222933	0.00148755	0.0722039	0.00874388	0.00278751	0.10114	0.00598143	0.0462749	0.075537	0.0897465	0.0211425	0.012107	0.001373	0.00458954
73	0.664704	0.00861288	0.00747106	0.00221729	0.00488862	0.0442822	0.0019951	0.00872566	0.00174218	0.0121946	0.0024551	0.00395639	0.00654542	0.00175008	0.00268847	0.172574	0.00892953	0.0375986	0.000705294	0.0059633
74	0.0417584	0.000490421	0.266212	0.160455	0.0153004	0.0451944	0.0269524	0.0107171	0.0350052	0.0234238	0.0180856	0.0849211	0.0161138	0.0476936	0.0192028	0.103377	0.0508355	0.0246458	0.000352788	0.00926272
75	0.0187602	0.0036627	0.00295994	0.00440529	0.101361	0.00308506	0.00568443	0.0980579	0.0120362	0.508767	0.0901455	0.00433179	0.004647	0.0093667	0.00881256	0.00588764	0.0120184	0.0808187	0.00331697	0.0218747
76	0.0509355	0.00862618	0.00122767	0.00136888	0.0310065	0.00231237	0.00989758	0.151947	0.00569109	0.383404	0.0863207	0.00196755	0.0127362	0.00797632	0.00519442	0.00711214	0.0331138	0.18759	0.000705943	0.010867
77	0.0822354	0.00287074	0.034825	0.0189214	0.00632483	0.0365216	0.0199166	0.0141778	0.0122197	0.0143801	0.0123769	0.068118	0.0136284	0.0116512	0.0191194	0.47013	0.11118	0.0282002	0.00248037	0.0207221
78	0.020281	0.000551365	0.000571197	0.000731776	0.0320571	0.00484337	0.00245089	0.509772	0.00385679	0.0974237	0.0229334	0.000996171	0.00226449	0.0007455	0.00484692	0.00909673	0.0122259	0.2631	0.00398598	0.00726606
79	0.0971327	0.00247032	0.0370245	0.025488	0.0103989	0.0290738	0.0158504	0.0357275	0.0487926	0.0421631	0.0329146	0.0422752	0.0357088	0.0386534	0.0444093	0.171777	0.214392	0.0568663	0.0022333	0.0166479
80	0.104108	0.00237092	0.0452325	0.035702	0.0163042	0.0233505	0.0152466	0.0405164	0.0549405	0.0546532	0.0361876	0.0391137	0.0382746	0.0386911	0.0436314	0.169219	0.150449	0.0706633	0.00200355	0.019342
81	0.0112	0.00183588	0.00259911	0.0069879	0.137733	0.00290313	0.00371253	0.0816997	0.0126132	0.499002	0.109009	0.00418686	0.00193484	0.0108654	0.0115136	0.00411879	0.00444176	0.0604504	0.00481472	0.0283769
82	0.00462618	0.00211093	0.00307187	0.00320942	0.0244287	0.0062202	0.00241806	0.00433062	0.00437935	0.00817205	0.00260145	0.00396712	0.00240348	0.00767416	0.00445158	0.00398224	0.0013045	0.00644244	0.889012	0.0151935
83	0.0120795	0.00455369	0.00120936	0.009295	0.0102195	0.0076554	0.00617299	0.494712	0.00392267	0.104858	0.119852	0.00275145	0.00112377	0.00348671	0.00417456	0.0240139	0.0971497	0.0898489	0.000813735	0.00210696
84	0.0408866	0.000545954	0.00721464	0.00564802	0.00815083	0.827649	0.00799588	0.00612157	0.00414867	0.00775102	0.00274241	0.0178138	0.00634416	0.00571461	0.00961949	0.0257846	0.00339289	0.00667732	0.00372158	0.00207717
85	0.204052	0.00364607	0.00290201	0.0065526	0.0220274	0.0400085	0.00602755	0.0877392	0.0134024	0.178219	0.0586031	0.00664922	0.0271997	0.0119626	0.00739466	0.0338967	0.0822685	0.193782	0.00139927	0.0122672
86	0.0251368	0.00302914	0.013681	0.0150196	0.0130145	0.0124492	0.106954	0.052131	0.0212576	0.0609026	0.0126713	0.269197	0.0378791	0.0165281	0.016	0.0986827	0.114241	0.0892401	0.00488768	0.0170982
87	0.0508779	0.00935351	0.0390651	0.026264	0.0550531	0.0275311	0.0551847	0.0321075	0.0684729	0.105899	0.0227103	0.0641562	0.00827395	0.0792802	0.166237	0.069824	0.0256968	0.0331273	0.0143004	0.0465854
88	0.066638	0.00142091	0.0228682	0.0187313	0.0283524	0.238031	0.0628378	0.00479231	0.0762388	0.0110922	0.00625513	0.0570634	0.00662974	0.0579971	0.0796145	0.140476	0.0630217	0.00799077	0.0120541	0.0378948
89	0.0404035	0.000495649	0.0115908	0.00853683	0.00822779	0.813738	0.00827719	0.00498384	0.00609012	0.00603376	0.00242253	0.021979	0.00571287	0.00665514	0.0112814	0.0281013	0.0038526	0.00679089	0.00328392	0.00154262
90	0.00467106	0.00211074	0.00307183	0.00320137	0.0245208	0.00621932	0.00241687	0.0043195	0.004405	0.00820805	0.0026092	0.00396619	0.00245519	0.00768361	0.00444883	0.00398899	0.00139287	0.0064491	0.888538	0.0153236
91	0.0382209	0.00238015	0.0285241	0.152901	0.00484905	0.0252338	0.0332456	0.018753	0.121802	0.0546607	0.0337007	0.0197217	0.00277165	0.229804	0.0944525	0.0396931	0.0460826	0.0447459	0.00565618	0.00280245
92	0.00462618	0.00211093	0.00307187	0.00320942	0.0244287	0.0062202	0.00241806	0.00433062	0.00437935	0.00817205	0.00260145	0.00396712	0.00240348	0.00767416	0.00445158	0.00398224	0.0013045	0.00644244	0.889012	0.0151935
93	0.119966	0.017118	0.00582893	0.00687802	0.00641162	0.0265961	0.00330472	0.052464	0.00323122	0.00554358	0.0129379	0.0176562	0.00510346	0.00407947	0.00439989	0.36791	0.274626	0.0583751	0.000900631	0.00666883
94	0.0152208	0.000966734	0.438766	0.0848705	0.00853916	0.0428233	0.0112762	0.00372887	0.0195884	0.0113831	0.0124813	0.183652	0.00327526	0.0175432	0.00862991	0.094812	0.0273928	0.00696268	0.000923516	0.00716382
95	0.0534237	0.000287553	0.0880347	0.0752304	0.0169423	0.291161	0.0241441	0.0017241	0.0709506	0.00842314	0.00245133	0.106268	0.00570661	0.0458749	0.0774952	0.0911771	0.0215158	0.0117954	0.00165575	0.00573891
96	0.109049	0.00166076	0.0301145	0.0184471	0.0386732	0.0191993	0.0647991	0.0151317	0.0464796	0.0203282	0.0148379	0.0546635	0.0164558	0.0283432	0.0558348	0.248484	0.110107	0.0239465	0.0124779	0.0709664
97	0.0729686	0.00584588	0.0362812	0.0345205	0.0255667	0.0761886	0.0328503	0.0288474	0.0484527	0.0498395	0.0249208	0.036535	0.190821	0.0353904	0.0448827	0.0968004	0.0976033	0.033356	0.00458408	0.0237446
98	0.00794574	0.00274234	0.00276818	0.00587698	0.175164	0.00314288	0.00375589	0.0753637	0.0117432	0.501928	0.0773335	0.00542472	0.00163961	0.00777038	0.00788039	0.00516396	0.00443397	0.0431404	0.00626338	0.0505189
99	0.117611	0.0115154	0.0308248	0.0256117	0.0145311	0.0210705	0.0171621	0.0375193	0.070781	0.0412089	0.0326867	0.0620431	0.0415278	0.0405552	0.0655709	0.165384	0.116886	0.0666585	0.00299148	0.0178604
100	0.0106446	0.00765198	0.00452768	0.00172273	0.292801	0.0032979	0.0763504	0.0122455	0.0117663	0.0543863	0.0110393	0.0112848	0.0028151	0.00510814	0.0101419	0.0171972	0.00704199	0.0159625	0.00961076	0.434404
101	0.0472134	0.00890186	0.00130301	0.00139687	0.0318003	0.00191719	0.0102458	0.145123	0.00592914	0.395544	0.090786	0.00198701	0.012537	0.008484	0.00575059	0.00637225	0.0311994	0.181684	0.000659817	0.0111661
102	0.0333653	0.0042724	0.0481951	0.0378572	0.019515	0.126024	0.0537581	0.0124631	0.0998924	0.0224522	0.012982	0.167216	0.0275881	0.0528165	0.120763	0.080284	0.0384555	0.0106121	0.00594976	0.0255376
103	0.00462618	0.00211093	0.00307187	0.00320942	0.0244287	0.0062202	0.00241806	0.00433062	0.00437935	0.00817205	0.00260145	0.00396712	0.00240348	0.00767416	0.00445158	0.00398224	0.0013045	0.00644244	0.889012	0.0151935
104	0.049369	0.000822333	0.201947	0.156776	0.0191863	0.0477122	0.0282982	0.0162147	0.0405647	0.0335075	0.02221	0.0739941	0.0193846	0.0521449	0.0245209	0.109543	0.0555052	0.03412	0.000870976	0.0133081
105	0.0407151	0.00673797	0.0215536	0.0142007	0.0698046	0.0171934	0.0394333	0.0605413	0.0483115	0.201744	0.070368	0.0434181	0.00773505	0.0646576	0.111089	0.0463857	0.025352	0.0490132	0.0153664	0.0463796
106	0.059173	0.00695394	0.0363116	0.0367397	0.0247021	0.0836712	0.0586029	0.0279572	0.0485019	0.0952337	0.0221041	0.0381931	0.14112	0.0375853	0.0502019	0.114776	0.0620801	0.0261238	0.00565711	0.0243106
107	0.0114316	0.00516707	0.00675782	0.00210537	0.376366	0.00532159	0.0452618	0.0200261	0.00571173	0.0617124	0.0115682	0.0118176	0.00386741	0.00685592	0.0073333	0.017627	0.00944705	0.0224515	0.0120023	0.357168
108	0.0207925	0.000673803	0.000588613	0.000951414	0.0307993	0.00540331	0.0025877	0.51167	0.00391003	0.0956597	0.0258631	0.00103566	0.00220096	0.000819015	0.00508308	0.009436	0.0144395	0.257345	0.00381292	0.00692791
109	0.00734492	0.927019	0.000811773	0.00103406	0.00705798	0.00701337	0.00100854	0.004274	0.00120323	0.0106399	0.0010793	0.00140593	0.000776326	0.00118408	0.00117027	0.0020971	0.0101015	0.00753069	0.000430595	0.00681748
110	0.0304651	0.00858533	0.0220472	0.119746	0.00681684	0.0169094	0.0137311	0.0152905	0.24225	0.0408138	0.0341118	0.0231416	0.00946042	0.109605	0.185232	0.0338633	0.0392326	0.027125	0.00697467	0.0145995
111	0.022372	0.00140852	0.00249556	0.0335458	0.00155755	0.0245177	0.00969332	0.010232	0.355996	0.0224908	0.0265794	0.0200593	0.00830554	0.0641824	0.30266	0.0382993	0.0354407	0.00634167	0.00673012	0.00709244
112	0.042415	0.0151506	0.0499225	0.0521243	0.0182435	0.0504841	0.0456377	0.0179333	0.0920581	0.0491011	0.0301468	0.0707076	0.104384	0.0471383	0.123432	0.0809381	0.0580413	0.0132225	0.00415395	0.0347648
113	0.0498027	0.000254172	0.147763	0.113832	0.015608	0.199984	0.0254231	0.00579186	0.0554521	0.0157036	0.00904694	0.0899143	0.011891	0.0490333	0.0507385	0.0986257	0.0347597	0.01829	0.000911868	0.00717478
114	0.00462618	0.00211093	0.00307187	0.00320942	0.0244287	0.0062202	0.00241806	0.00433062	0.00437935	0.00817205	0.00260145	0.00396712	0.00240348	0.00767416	0.00445158	0.00398224	0.0013045	0.00644244	0.889012	0.0151935
115	0.0331763	0.00360307	0.0145236	0.0133579	0.0735821	0.0152265	0.0329438	0.0707621	0.0831643	0.140935	0.0671253	0.0452551	0.0153817	0.0760906	0.068917	0.0460115	0.0654592	0.0456351	0.0327271	0.0561229
116	0.154283	0.00179284	0.05413	0.0271756	0.00575599	0.069852	0.031838	0.0120675	0.00808963	0.0182359	0.0099367	0.0474095	0.0641904	0.0236251	0.0107511	0.373303	0.0488963	0.0262753	0.00219715	0.0101942
117	0.0112066	0.00466208	0.00663019	0.00183206	0.369872	0.00299924	0.053695	0.0205145	0.00545539	0.0582534	0.0109791	0.0128483	0.00374251	0.00818628	0.00725238	0.0209377	0.00951602	0.0221114	0.0173696	0.351936
118	0.060069	0.000249643	0.0900183	0.0757896	0.0158641	0.287055	0.0223264	0.00123988	0.0719372	0.00784382	0.00217036	0.0980739	0.00588541	0.045931	0.074317	0.0979781	0.0239432	0.0123674	0.00156319	0.00537809
119	0.0555013	0.000229576	0.0950133	0.0798871	0.015283	0.293267	0.0217675	0.0013716	0.0703194	0.00826566	0.00258504	0.0991909	0.00609576	0.044818	0.0728384	0.0929259	0.022153	0.0123308	0.00133092	0.00482602
120	0.667717	0.00870693	0.00716165	0.0020495	0.00486454	0.0434376	0.001868	0.00876844	0.00167637	0.0120748	0.00235934	0.00369089	0.00637129	0.00170252	0.00260743	0.171545	0.00863539	0.0381182	0.000724768	0.00592006
121	0.0458638	0.000478649	0.220842	0.171199	0.016985	0.0484315	0.0289315	0.0123294	0.0399635	0.0267191	0.0196837	0.0761919	0.0186584	0.0535771	0.020954	0.106582	0.0534518	0.0285985	0.000328655	0.01023
122	0.0207249	0.00336907	0.00430105	0.00694128	0.110271	0.00422991	0.00618404	0.0908049	0.0184592	0.471231	0.0948871	0.00619759	0.00430993	0.0140405	0.0133537	0.00900774	0.0118931	0.078322	0.00464764	0.0268239
123	0.263791	0.00171021	0.00129035	0.00591179	0.018421	0.033397	0.00229361	0.0803818	0.0143792	0.109412	0.0439408	0.00323462	0.0321207	0.00760959	0.00334442	0.0381552	0.102118	0.226229	0.000763249	0.0114974
124	0.0550056	0.00117085	0.111371	0.0747435	0.0106204	0.055705	0.0237687	0.0120829	0.0345232	0.0196823	0.0138534	0.0950211	0.0143071	0.0292628	0.0358228	0.283451	0.0875262	0.0237493	0.00214712	0.0161856
125	0.0202074	0.000561085	0.000566259	0.000784932	0.031996	0.00483993	0.00247281	0.509882	0.00385744	0.0974287	0.023193	0.00100016	0.00223313	0.000765305	0.00486061	0.00916864	0.0125584	0.262398	0.00396842	0.00725807
126	0.0676921	0.00787775	0.0278724	0.019554	0.0442676	0.0480833	0.0618265	0.0280485	0.0520845	0.101237	0.0289065	0.050708	0.016284	0.0773728	0.136196	0.090259	0.0524311	0.0280772	0.0126538	0.0485674
127	0.116255	0.00214567	0.0431042	0.0165341	0.0026868	0.0550946	0.0160619	0.0110437	0.00309273	0.0129727	0.00929555	0.0541176	0.0221074	0.0110569	0.00999449	0.495404	0.077843	0.0273122	0.00121673	0.0126608
128	0.0449936	0.00821434	0.0014932	0.00160611	0.0314075	0.00173462	0.0100126	0.145757	0.0069042	0.39244	0.0985188	0.00206204	0.0128124	0.00978316	0.00678272	0.00642001	0.0300724	0.176732	0.000639642	0.0116136
129	0.131252	0.00183522	0.089068	0.063317	0.0120321	0.0567406	0.0214838	0.0271758	0.0288979	0.0377526	0.0188093	0.0520788	0.0486519	0.0336957	0.024335	0.215122	0.0898394	0.0355317	0.001858	0.0105225
130	0.0436803	0.00104433	0.225712	0.201263	0.0145286	0.0453533	0.0264077	0.0108085	0.0383151	0.0242592	0.0206834	0.0718035	0.0156743	0.0561003	0.0190072	0.0980771	0.0478723	0.0271697	0.000806389	0.0114338
131	0.036068	0.0047934	0.0195556	0.024916	0.075234	0.0159523	0.0358412	0.0584976	0.0773733	0.148159	0.0471841	0.056031	0.0175308	0.0828923	0.0588251	0.0484327	0.0640237	0.0471805	0.0187692	0.0627404
132	0.0441964	0.000625797	0.224688	0.172672	0.0160034	0.0592112	0.026286	0.0111876	0.0400896	0.0249796	0.0205771	0.0787392	0.0163806	0.0496848	0.0216238	0.105611	0.0481617	0.029057	0.000446339	0.00977888
133	0.0156757	0.00260151	0.00414807	0.0166423	0.146824	0.00601497	0.00622328	0.0787531	0.0158221	0.367322	0.140734	0.00935402	0.00299412	0.0177417	0.0235353	0.0074361	0.00837659	0.0760767	0.014213	0.0395116
134	0.0215588	0.000964292	0.000685603	0.000766925	0.0326099	0.00470222	0.0029292	0.493072	0.00372552	0.102232	0.0228437	0.00116077	0.00287047	0.000843775	0.00472747	0.00970283	0.0135749	0.268912	0.00464432	0.00747307
135	0.0374955	0.00772271	0.108806	0.315495	0.00502226	0.0235659	0.0111604	0.00451722	0.10981	0.0294177	0.0254579	0.0299424	0.00452138	0.149093	0.0316049	0.032462	0.0365036	0.0311964	0.00093777	0.00526801
136	0.0630266	0.00953876	0.00116935	0.00160313	0.0302152	0.00421806	0.00977559	0.143051	0.00589358	0.365731	0.0839219	0.0022068	0.0143066	0.007807	0.00480616	0.00873388	0.0389438	0.193312	0.000745353	0.0109937
137	0.00462618	0.00211093	0.00307187	0.00320942	0.0244287	0.0062202	0.00241806	0.00433062	0.00437935	0.00817205	0.00260145	0.00396712	0.00240348	0.00767416	0.00445158	0.00398224	0.0013045	0.00644244	0.889012	0.0151935
138	0.0125751	0.00459045	0.0011475	0.00930844	0.0115097	0.00718677	0.00592451	0.492882	0.00399443	0.109422	0.113791	0.00263377	0.00121583	0.00344136	0.00413166	0.0233889	0.0918526	0.0977266	0.000859588	0.0024181
139	0.039685	0.000588328	0.0131752	0.0099344	0.00903689	0.807147	0.0087005	0.00472674	0.00697915	0.00581394	0.00203751	0.0242108	0.00544	0.00733854	0.0128163	0.0282539	0.00343711	0.00577007	0.00331526	0.00159372
140	0.00770073	0.00152627	0.00245518	0.00620788	0.14856	0.0029838	0.00297505	0.0760244	0.0125801	0.538107	0.0925931	0.00423257	0.00150452	0.00852171	0.00885943	0.00414933	0.00373321	0.0439631	0.00444272	0.0288795
141	0.032769	0.00389706	0.0131492	0.0099015	0.0270922	0.0163019	0.0810222	0.0236962	0.0556514	0.0158986	0.0144034	0.263856	0.00509974	0.0207077	0.0803782	0.16823	0.0481123	0.0234118	0.0256354	0.0707866
142	0.0711132	0.00118205	0.149389	0.102996	0.0148408	0.061801	0.0252228	0.0212928	0.0452081	0.0321078	0.0203767	0.068342	0.0352596	0.0477451	0.0315952	0.145548	0.0826448	0.0308844	0.00127611	0.0111754
143	0.0434241	0.0129319	0.0346003	0.0435073	0.105016	0.0181411	0.0323087	0.0618466	0.0385217	0.129111	0.0167083	0.0607554	0.0125444	0.0386371	0.0427813	0.0790419	0.0513566	0.0773625	0.00918698	0.0922168
144	0.0122568	0.00348601	0.0085146	0.00199404	0.437091	0.00316434	0.0261271	0.0266958	0.00234664	0.0720439	0.0141675	0.0113155	0.00471069	0.00808268	0.00536592	0.018117	0.0106475	0.0281575	0.0156143	0.290101
145	0.0390515	0.0069156	0.0695992	0.301887	0.00323137	0.0186471	0.011546	0.00630901	0.126823	0.0303508	0.026452	0.0204744	0.00224495	0.185957	0.042987	0.0248023	0.0393577	0.0373322	0.00202797	0.00400341
146	0.00467452	0.00211198	0.00307044	0.00320637	0.0245184	0.0062317	0.00240973	0.00439475	0.00444542	0.00822973	0.00268484	0.00401785	0.00249199	0.00770873	0.00450462	0.00400143	0.00137534	0.00653188	0.888062	0.0153283
147	0.11576	0.0125878	0.0278731	0.0385119	0.00770036	0.0201906	0.0117641	0.0399848	0.0238851	0.0243879	0.0181411	0.0257087	0.0370481	0.0213167	0.0194749	0.282263	0.194138	0.0677581	0.00174714	0.00975869
148	0.0317693	0.000726299	0.33884	0.0854589	0.0147935	0.0948489	0.0170026	0.00426394	0.0335569	0.0126042	0.0103177	0.152121	0.0059308	0.0272197	0.0262852	0.0968734	0.0283302	0.0100985	0.00108523	0.00787424
149	0.0193278	0.000615326	0.0820557	0.0832242	0.0161429	0.244495	0.0495292	0.00818468	0.103594	0.0262642	0.00751056	0.0828942	0.00332529	0.0958145	0.106718	0.046781	0.0100131	0.00969698	0.00135802	0.00245492
150	0.0277643	0.00171911	0.0187959	0.0147773	0.00758644	0.00530563	0.00892754	0.0255766	0.041149	0.0280227	0.0317336	0.0497315	0.013454	0.0145476	0.0217136	0.334594	0.317582	0.0273361	0.000812189	0.00887113
151	0.0744123	0.00908402	0.0389917	0.0458694	0.0250873	0.0193745	0.0480689	0.0280653	0.0671109	0.0547806	0.0199196	0.0266842	0.217172	0.0441626	0.0598011	0.105728	0.0719065	0.013424	0.00171752	0.0286391
152	0.147204	0.00523163	0.00156001	0.00383712	0.026395	0.0178253	0.00587055	0.138369	0.0096759	0.227239	0.0596675	0.00277036	0.0243494	0.00776052	0.00413088	0.0227342	0.0690353	0.214367	0.000949218	0.0110281
153	0.0843468	0.00166111	0.039603	0.0249972	0.0106591	0.0209104	0.0156239	0.0384722	0.0552158	0.0468327	0.035391	0.0412983	0.0415129	0.0406066	0.0482557	0.189135	0.204324	0.0459629	0.00249255	0.0126987
154	0.012169	0.00317	0.0087261	0.00189293	0.445711	0.0030839	0.025761	0.0244778	0.00214719	0.0655063	0.0133084	0.0111351	0.00478897	0.00819013	0.00501868	0.0185164	0.0107614	0.0264064	0.0156196	0.29361
155	0.142812	0.0151884	0.0086292	0.009651	0.0106211	0.0271993	0.00627599	0.0490923	0.00926566	0.012415	0.0162287	0.021629	0.00850628	0.0096438	0.0121284	0.267686	0.303707	0.0592185	0.00123782	0.00886468
156	0.0465697	0.000460552	0.217791	0.170235	0.0173841	0.0482499	0.029204	0.0125955	0.0401099	0.0272084	0.0199631	0.0748501	0.0190353	0.0541435	0.0211435	0.107718	0.0538179	0.0288873	0.000327341	0.0103057
157	0.042234	0.000843604	0.0180104	0.0142143	0.00995077	0.743841	0.0133945	0.00516978	0.0140234	0.00756529	0.0027603	0.0282304	0.0082975	0.0125366	0.0215166	0.0357982	0.00744783	0.00652489	0.00359513	0.00404537
158	0.0529463	0.0100034	0.0345246	0.0177415	0.0620921	0.0317206	0.065962	0.0317347	0.0585479	0.101166	0.0174779	0.0783435	0.00847201	0.0684288	0.166341	0.0707005	0.0244233	0.0283605	0.0145904	0.0564231
159	0.00462618	0.00211093	0.00307187	0.00320942	0.0244287	0.0062202	0.00241806	0.00433062	0.00437935	0.00817205	0.00260145	0.00396712	0.00240348	0.00767416	0.00445158	0.00398224	0.0013045	0.00644244	0.889012	0.0151935
160	0.0524248	0.00893915	0.040163	0.0272253	0.0534083	0.0288491	0.0565517	0.0334028	0.0695144	0.0945261	0.0196651	0.083341	0.00889322	0.0748426	0.151565	0.0759235	0.0266068	0.032998	0.0134377	0.0477225
161	0.0204595	0.000681232	0.000583231	0.000950292	0.0307724	0.00528392	0.00251128	0.50965	0.00402914	0.0963925	0.0262042	0.00103312	0.0021922	0.000872321	0.00497969	0.00950429	0.0148092	0.258288	0.00383803	0.00696526
162	0.00734492	0.927019	0.000811773	0.00103406	0.00705798	0.00701337	0.00100854	0.004274	0.00120323	0.0106399	0.0010793	0.00140593	0.000776326	0.00118408	0.00117027	0.0020971	0.0101015	0.00753069	0.000430595	0.00681748
163	0.0248051	0.00156163	0.00408995	0.0374597	0.00396409	0.0162658	0.00790975	0.0183645	0.354893	0.0307066	0.0391046	0.0199043	0.00858861	0.0693306	0.26013	0.034606	0.041256	0.0102247	0.0083699	0.00846475
164	0.0279927	0.00139043	0.00352262	0.0362911	0.00130996	0.015636	0.00675028	0.011924	0.369916	0.0249697	0.0306973	0.0217512	0.00932255	0.0623466	0.273281	0.0380189	0.0419839	0.00724081	0.00772902	0.00792602
165	0.0788187	0.00307322	0.02931	0.0621411	0.00765914	0.0180161	0.0208864	0.0258957	0.176982	0.0547292	0.0266644	0.0337714	0.0577391	0.0667526	0.123528	0.0767449	0.0902171	0.0311845	0.00438148	0.0115045
166	0.0821249	0.00266412	0.0292982	0.0660695	0.00670953	0.0219685	0.0181689	0.0223793	0.188621	0.0530594	0.0248495	0.0332759	0.0508069	0.0706478	0.129006	0.0707054	0.0821139	0.0329446	0.00459854	0.00998754
167	0.0387108	0.000488949	0.0109921	0.00735844	0.00811253	0.830452	0.0083472	0.0047247	0.00428766	0.00543152	0.00191448	0.0209475	0.00534067	0.00580621	0.0103797	0.0241059	0.00241278	0.00533621	0.00342899	0.00142115
168	0.0357442	0.0031397	0.0297927	0.0217355	0.0305924	0.0164107	0.027499	0.0115975	0.0170117	0.0217545	0.00897599	0.0283475	0.00775286	0.0173948	0.0238114	0.114166	0.0297561	0.0171824	0.489048	0.0482875
169	0.0422644	0.00085755	0.0295038	0.081199	0.00936564	0.0232712	0.0246631	0.0433858	0.149002	0.0756936	0.0402043	0.0139574	0.00298965	0.139312	0.146591	0.0426862	0.0581841	0.0655447	0.00927839	0.0020459
170	0.044778	0.00215538	0.0180787	0.0440334	0.0110127	0.0425087	0.0215161	0.0231578	0.218907	0.05668	0.0344376	0.0266564	0.0107344	0.0925944	0.198804	0.0573412	0.0446875	0.0267185	0.0137083	0.0114903
171	0.012226	0.0116534	0.00198893	0.00209811	0.174693	0.00387638	0.123404	0.00584294	0.0180687	0.0460874	0.00590274	0.0157404	0.00217478	0.0037382	0.0163117	0.0222135	0.00608476	0.0127799	0.00528795	0.509828
172	0.0450297	0.000302369	0.0910759	0.0797984	0.0138876	0.295024	0.0238634	0.00215741	0.0778806	0.0111948	0.00385798	0.102034	0.00535739	0.0492582	0.0831479	0.0815775	0.0182523	0.0112924	0.00127909	0.00372974
173	0.0705834	0.00536246	0.0445703	0.0236186	0.0615293	0.0242696	0.0732797	0.0229021	0.041181	0.0679776	0.013231	0.0763908	0.0204523	0.0457239	0.0762498	0.15288	0.0485249	0.0288606	0.0161656	0.0862465
174	0.0997486	0.00117987	0.0254142	0.0112747	0.0696957	0.0144595	0.0980808	0.0112406	0.0306012	0.02041	0.00631294	0.0540111	0.0090278	0.0178846	0.04198	0.246651	0.0745153	0.0229651	0.0176396	0.126907
175	0.00734492	0.927019	0.000811773	0.00103406	0.00705798	0.00701337	0.00100854	0.004274	0.00120323	0.0106399	0.0010793	0.00140593	0.000776326	0.00118408	0.00117027	0.0020971	0.0101015	0.00753069	0.000430595	0.00681748
176	0.0116346	0.00757864	0.00455692	0.00189361	0.282839	0.00353715	0.0798917	0.0124893	0.0105933	0.051517	0.00861245	0.0122854	0.00290614	0.00525941	0.0101651	0.0229578	0.00807238	0.016789	0.0101867	0.436234
177	0.0188186	0.00088579	0.00182971	0.00356658	0.062974	0.014355	0.0257082	0.0439206	0.127258	0.176289	0.109475	0.0437534	0.00572368	0.106774	0.0777489	0.0231902	0.0773025	0.0124533	0.0262892	0.0416838
178	0.0215236	0.00086329	0.000598007	0.000763341	0.0327618	0.00471665	0.00279718	0.497077	0.0037334	0.100806	0.0230517	0.001069	0.00254411	0.000770134	0.00474242	0.00954104	0.0130548	0.267637	0.00439057	0.00755971
179	0.0517603	0.00135302	0.0312602	0.0183656	0.0121896	0.0120574	0.0112416	0.0338667	0.0464207	0.0390258	0.0374815	0.0506719	0.0322755	0.0256773	0.0343529	0.256008	0.252333	0.0403755	0.00175388	0.0115294
180	0.0119443	0.00389008	0.00759771	0.00192217	0.412452	0.00304051	0.0354822	0.0229733	0.00370199	0.0623954	0.0125408	0.0124017	0.00427899	0.00768756	0.00672743	0.0193817	0.0102525	0.0248629	0.0165074	0.319959
181	0.0467512	0.000458075	0.217119	0.169426	0.0173756	0.0481524	0.0291825	0.012783	0.0401764	0.0273296	0.0200033	0.0747093	0.0191774	0.0541101	0.0212189	0.108074	0.0542262	0.02904	0.000327161	0.0103594
182	0.0441658	0.000538735	0.225584	0.180012	0.0158786	0.0493879	0.0281916	0.0121057	0.0378846	0.0252837	0.0200563	0.0733334	0.0175003	0.0547291	0.0200414	0.104823	0.0511578	0.0279069	0.000472922	0.0109467
183	0.623344	0.00828371	0.0104311	0.00366712	0.00510608	0.0453993	0.00297213	0.0110431	0.00314822	0.0148393	0.00372185	0.0067721	0.0094727	0.00314667	0.00356667	0.185637	0.0157288	0.0366885	0.000870482	0.00616058
184	0.0497944	0.00436246	0.0216701	0.0449471	0.0137299	0.0167065	0.0227977	0.0190762	0.225195	0.0525141	0.022156	0.0631592	0.0145635	0.0610635	0.195097	0.0631959	0.0549705	0.0215342	0.0114367	0.0220301
185	0.0484622	0.0147983	0.0393339	0.0216058	0.0507201	0.0335266	0.0446803	0.0539423	0.05735	0.100358	0.0212225	0.0745407	0.0133342	0.05696	0.140454	0.0876556	0.0377043	0.037188	0.0127062	0.0534566
186	0.0122758	0.0031434	0.00872438	0.00189144	0.44391	0.00309153	0.0260812	0.0245813	0.00226383	0.0650009	0.0131931	0.0112693	0.00485632	0.00819567	0.00516545	0.0186704	0.0108164	0.0264743	0.0156541	0.294741
187	0.0480898	0.00148545	0.194228	0.170119	0.0197553	0.0473531	0.0282196	0.0139575	0.0449113	0.0313385	0.0203264	0.0669972	0.0268117	0.0598836	0.0287385	0.0995272	0.052225	0.0323965	0.00108561	0.01255
188	0.0547427	0.00528064	0.0446241	0.063301	0.0262619	0.0243734	0.034264	0.0317329	0.0748304	0.0833636	0.0261582	0.0564551	0.0227629	0.104806	0.0957555	0.101925	0.0742666	0.0403271	0.00864898	0.0261192
189	0.247569	0.00346734	0.0271553	0.0266698	0.0102758	0.052225	0.0129392	0.0234453	0.0263479	0.0462545	0.0292653	0.0294351	0.0252354	0.0256123	0.0346441	0.203943	0.113984	0.0442629	0.00252368	0.0147458
190	0.0121246	0.00317746	0.0087005	0.00188333	0.444736	0.00305001	0.0261785	0.0242948	0.00219208	0.0652712	0.01322	0.0111381	0.00478888	0.00818176	0.00503965	0.0185906	0.0107522	0.0263114	0.0156983	0.294671
191	0.0466152	0.00865245	0.00127127	0.00139615	0.0327037	0.00195945	0.0100465	0.149461	0.00591642	0.39236	0.0882248	0.00200145	0.012392	0.00811059	0.00554067	0.00642749	0.03112	0.183722	0.000768057	0.0113111
192	0.0271179	0.00150732	0.0187453	0.0191909	0.00684296	0.00567875	0.0211094	0.0358021	0.0702825	0.0215705	0.0169177	0.133602	0.0107626	0.0150952	0.023821	0.22663	0.299077	0.0368408	0.00168069	0.00772574
193	0.101176	0.0010106	0.0315382	0.0209929	0.0174518	0.0266793	0.0409588	0.00869805	0.014001	0.0120547	0.0100644	0.0663661	0.0105984	0.0139149	0.0319694	0.433764	0.0775405	0.0287992	0.00661885	0.045803
