421	20
1	0.0801467	0.00679653	0.0156516	0.0339181	0.00786127	0.0126722	0.0102864	0.0212089	0.0572606	0.0241881	0.119754	0.0269112	0.0902205	0.100171	0.0164808	0.171598	0.171799	0.0244244	0.00242523	0.00622486
2	0.159032	0.00301329	0.00964852	0.00923433	0.005009	0.0399713	0.00659728	0.0108424	0.0120601	0.0137306	0.0462067	0.0537136	0.119383	0.00800014	0.00918793	0.273676	0.101455	0.112559	0.00106219	0.00561692
3	0.0271926	0.048008	0.00428868	0.00570577	0.00470463	0.00406021	0.0970086	0.0656657	0.0244801	0.253673	0.0995002	0.00673932	0.00235077	0.13452	0.00739859	0.0586954	0.0320439	0.118761	0.00117684	0.00402565
4	0.104632	0.00994818	0.0161362	0.0249335	0.0181442	0.0464215	0.0555448	0.0781751	0.0598697	0.114012	0.0276599	0.033494	0.00718498	0.0403874	0.0243354	0.0449395	0.0839089	0.113487	0.00296677	0.0938191
5	0.04367	0.00612162	0.0480903	0.025178	0.00447023	0.0728158	0.0185288	0.037463	0.0332341	0.0132938	0.00866027	0.1869	0.0035699	0.0743082	0.0542785	0.13121	0.187307	0.0410797	0.00115211	0.00866902
6	0.0124821	0.016366	0.0012427	0.0106142	0.101837	0.00320554	0.00383052	0.159708	0.00764724	0.382578	0.119153	0.00291455	0.0119834	0.00392008	0.00932709	0.00995182	0.00805246	0.0835595	0.0240146	0.0276128
7	0.0391356	0.0284757	0.0176774	0.0153561	0.00452622	0.0417973	0.018689	0.0106948	0.308917	0.0255155	0.0147042	0.0300217	0.00732882	0.0787976	0.277639	0.0316665	0.0239124	0.0193701	0.00277021	0.00300547
8	0.0478714	0.0112155	0.0937089	0.0644405	0.00341253	0.0554042	0.0595379	0.00690713	0.0824904	0.0101883	0.0036198	0.096218	0.00300015	0.0828775	0.151389	0.102026	0.0912301	0.0208034	0.00053281	0.0131263
9	0.132924	0.0058102	0.00891191	0.017816	0.0101678	0.00804806	0.00941584	0.0272658	0.036646	0.0304153	0.0305239	0.0118174	0.46461	0.0244203	0.0116084	0.0617183	0.0443528	0.0598948	0.00136988	0.00226294
10	0.0702331	0.00141895	0.0307664	0.0279994	0.00120929	0.0245903	0.00173334	0.00292383	0.0299016	0.00427932	0.00457467	0.0714211	0.129334	0.0156949	0.00226909	0.338952	0.231535	0.00680242	0.000400182	0.00396116
11	0.217242	0.00324257	0.0109768	0.0111811	0.0245688	0.0712236	0.0482449	0.00714443	0.013762	0.00985468	0.00979907	0.0450076	0.00513032	0.0306894	0.0561885	0.324005	0.0396362	0.0470267	0.0012179	0.0238588
12	0.103422	0.00673906	0.0501412	0.0428368	0.0028888	0.0239308	0.00973527	0.00910384	0.199688	0.033343	0.0190669	0.101893	0.0342207	0.0752223	0.0586861	0.148588	0.056765	0.0210305	0.000800333	0.0018981
13	0.0545136	0.000413188	0.35508	0.401967	0.000879435	0.0350382	0.00687581	0.00335357	0.0101088	0.00184535	0.00256985	0.0294021	0.00700348	0.0277509	0.00280016	0.0392155	0.0167972	0.00291255	0.000158643	0.00131415
14	0.0140181	0.00929616	0.00124952	0.0104541	0.095144	0.00296274	0.00379356	0.138774	0.00788747	0.429953	0.142739	0.00259589	0.011706	0.00357584	0.0120874	0.011998	0.00853736	0.0778714	0.0089436	0.00641223
15	0.00192752	0.000316326	0.000781197	0.000566143	0.00656734	0.00166218	0.00147391	0.631716	0.00144489	0.0543269	0.00578355	0.000533532	0.00022238	0.000641257	0.00363519	0.000810411	0.00971821	0.276282	0.00134598	0.000245341
16	0.0178807	0.0673828	0.00302803	0.00536928	0.00365873	0.00283764	0.00435538	0.337929	0.00461278	0.0137303	0.036313	0.00435775	0.00145469	0.00584808	0.00339563	0.0396772	0.156625	0.289252	0.000622963	0.00166919
17	0.0248394	0.014008	0.00538335	0.0113734	0.0451937	0.00463632	0.00712934	0.142055	0.0226643	0.444591	0.0832727	0.0108953	0.00674691	0.0139656	0.0205912	0.0158959	0.0193591	0.0900761	0.00565966	0.0116631
18	0.034665	0.00654407	0.0286417	0.0130925	0.00439425	0.0146451	0.00948353	0.0128071	0.0181853	0.0111175	0.033002	0.154176	0.0183464	0.0177242	0.0148049	0.506484	0.0794574	0.0149989	0.00107502	0.00635518
19	0.0300306	0.00495277	0.00201217	0.00684076	0.000725803	0.0204609	0.0174417	0.00449283	0.286635	0.0214009	0.013055	0.0115091	0.000774452	0.0628818	0.486468	0.00688328	0.00860393	0.00840549	0.00587449	0.000550988
20	0.0886401	0.0304962	0.0150554	0.0246605	0.0177127	0.0206181	0.0144967	0.115672	0.0343949	0.0757843	0.0373979	0.0336481	0.019636	0.0395351	0.0210134	0.0616646	0.179372	0.15538	0.0041194	0.0107025
21	0.120015	0.00265298	0.0215949	0.0378172	0.00898259	0.00894655	0.00974047	0.0245132	0.0152091	0.023582	0.0133057	0.0114126	0.509851	0.0278837	0.00707934	0.077785	0.039426	0.0352282	0.00136878	0.00360598
22	0.0971581	0.032767	0.0242724	0.0350529	0.0217888	0.0415277	0.0131445	0.0436679	0.0454719	0.0403246	0.0293204	0.0456966	0.0246432	0.037263	0.0331805	0.131106	0.241281	0.0475115	0.00229408	0.0125284
23	0.0262181	0.00779993	0.0312212	0.115116	0.00816119	0.00889756	0.00896537	0.176312	0.0172857	0.0379756	0.0328436	0.02989	0.00592774	0.0791781	0.0145847	0.0337494	0.0256834	0.329267	0.00305337	0.00786982
24	0.00192752	0.000316326	0.000781197	0.000566143	0.00656734	0.00166218	0.00147391	0.631716	0.00144489	0.0543269	0.00578355	0.000533532	0.00022238	0.000641257	0.00363519	0.000810411	0.00971821	0.276282	0.00134598	0.000245341
25	0.0287113	0.00542831	0.00483398	0.0107144	0.00240879	0.0151396	0.0345475	0.0109747	0.239095	0.0189035	0.0173242	0.0174469	0.00203876	0.0600659	0.490484	0.00948893	0.0126375	0.0119251	0.00577983	0.00205132
26	0.101423	0.0058754	0.0245059	0.0114637	0.00281635	0.0134684	0.00464105	0.00836432	0.234481	0.0251819	0.00812046	0.055568	0.155176	0.0311392	0.156072	0.117033	0.0227721	0.0184525	0.0010228	0.00242261
27	0.0306195	0.00502912	0.00704963	0.0122435	0.00522207	0.276246	0.0621715	0.0098634	0.0115618	0.011856	0.00917715	0.0446157	0.00433878	0.317347	0.0095296	0.0885519	0.0766163	0.0124615	0.00143076	0.00406941
28	0.0181519	0.0342662	0.0238049	0.0161735	0.197608	0.00869342	0.0316509	0.0346683	0.0116091	0.0550352	0.0374548	0.0177523	0.00163799	0.0288353	0.0175626	0.0265045	0.0157112	0.0250334	0.0779168	0.31993
29	0.276999	0.00534901	0.0203279	0.0164917	0.00926522	0.0189263	0.0357887	0.0183747	0.269207	0.00639596	0.00418127	0.0474788	0.00267445	0.0846429	0.0573944	0.0835267	0.0246816	0.0137014	0.000793393	0.00379878
30	0.197426	0.00264662	0.0186515	0.0328932	0.00423744	0.125809	0.040255	0.00492585	0.0572989	0.00514673	0.00825048	0.0690006	0.00149578	0.110405	0.0350907	0.214559	0.0618245	0.00693992	0.000697496	0.00244647
31	0.0213163	0.0218096	0.00869917	0.0136423	0.367822	0.00773422	0.02456	0.0352366	0.00963115	0.074872	0.0240871	0.0131531	0.00734061	0.0128177	0.0132006	0.0238502	0.018204	0.0296441	0.00827027	0.264109
32	0.0189092	0.0159846	0.0149185	0.01501	0.281286	0.00938453	0.0366325	0.0185591	0.0140804	0.0404572	0.0196664	0.0187138	0.00437128	0.0220811	0.0227499	0.0285403	0.023609	0.0220398	0.019248	0.353759
33	0.0314003	0.0234019	0.00422691	0.00712503	0.0158302	0.0207881	0.0047089	0.0818244	0.00658011	0.0769568	0.536028	0.00541406	0.00206845	0.00675396	0.00472121	0.0121237	0.12785	0.0288308	0.0010807	0.00228661
34	0.0459853	0.0068042	0.0151106	0.0195642	0.0104639	0.0148098	0.0173329	0.0421663	0.195787	0.113185	0.045719	0.0229618	0.00846185	0.046771	0.293193	0.0255964	0.0275202	0.035909	0.00518548	0.00747304
35	0.0468435	0.00594659	0.0236515	0.024449	0.00602743	0.0181429	0.016783	0.0173629	0.35036	0.0370465	0.0258864	0.0338038	0.00937241	0.0518937	0.235615	0.0385313	0.027255	0.0236188	0.0022828	0.00512708
36	0.00192752	0.000316326	0.000781197	0.000566143	0.00656734	0.00166218	0.00147391	0.631716	0.00144489	0.0543269	0.00578355	0.000533532	0.00022238	0.000641257	0.00363519	0.000810411	0.00971821	0.276282	0.00134598	0.000245341
37	0.00753835	0.00178129	0.00124629	0.00220836	0.00062669	0.00539033	0.00956894	0.0103879	0.486793	0.0329871	0.0292007	0.0123935	0.000595252	0.0245281	0.346424	0.00723152	0.00688303	0.0128477	0.000888072	0.000479505
38	0.0074694	0.0148916	0.00163262	0.00150127	0.470558	0.00114042	0.020849	0.00570923	0.00156503	0.0204649	0.00196705	0.00147485	0.000566281	0.00165388	0.00945348	0.0112885	0.00651924	0.00391972	0.00326681	0.414109
39	0.161274	0.132484	0.00288657	0.00316811	0.0261846	0.034037	0.00252223	0.00403845	0.00409845	0.0383452	0.00892215	0.0260899	0.00131982	0.00366612	0.00276304	0.14128	0.386214	0.0186374	0.000627912	0.00144101
40	0.113646	0.0265291	0.0151818	0.136105	0.00412795	0.038803	0.0123869	0.00783684	0.0504463	0.0106225	0.0229363	0.0142796	0.0058477	0.35732	0.00936983	0.136333	0.0233528	0.00991182	0.001627	0.00333719
41	0.0356366	0.00773079	0.171502	0.158144	0.00112877	0.0310367	0.00207231	0.00234054	0.0351211	0.00523043	0.0189446	0.0634304	0.0028014	0.172255	0.00838824	0.146775	0.130723	0.00422785	0.000845851	0.0016654
42	0.16016	0.131113	0.00293663	0.00318479	0.0262708	0.0340205	0.00250674	0.00402263	0.00423061	0.0378038	0.00878883	0.026319	0.0013324	0.00371543	0.00279867	0.143037	0.387006	0.0186943	0.000624175	0.00143472
43	0.0256506	0.0604605	0.00701844	0.00415267	0.143568	0.00397856	0.00501885	0.105089	0.00572479	0.153828	0.0573044	0.0076828	0.00171255	0.0198712	0.00377089	0.0112775	0.0088896	0.0550924	0.0861407	0.233768
44	0.0641788	0.0196627	0.0827651	0.077165	0.00896393	0.0721329	0.075573	0.0264939	0.022857	0.00959563	0.00815295	0.134017	0.00266947	0.0552863	0.07278	0.0837242	0.0691484	0.0587024	0.00119589	0.0549358
45	0.0562512	0.000864103	0.320772	0.422189	0.00216577	0.0215185	0.00878986	0.00461924	0.0106768	0.00336903	0.00373085	0.0256727	0.00665937	0.0502952	0.00507911	0.0303521	0.0149514	0.00549316	0.000270725	0.00628041
46	0.011005	0.00224294	0.00135969	0.00253227	0.000651031	0.00783745	0.0107873	0.00879044	0.449562	0.0286529	0.0227327	0.0119676	0.000608326	0.0299859	0.384619	0.00604465	0.00701684	0.0113956	0.00179088	0.000418069
47	0.00755711	0.00891761	0.00124363	0.0083208	0.0735602	0.00265795	0.00249011	0.132941	0.00670138	0.599006	0.0587298	0.00726932	0.00693678	0.00242752	0.00653602	0.00656734	0.00649404	0.0501084	0.00637571	0.00515918
48	0.0443811	0.00132681	0.03253	0.0268549	0.00131427	0.0582916	0.00157073	0.00358409	0.027673	0.00768566	0.00324215	0.071165	0.00965092	0.0436271	0.0035399	0.290219	0.369513	0.00268755	0.000346521	0.000796542
49	0.215445	0.000851081	0.0258847	0.0656148	0.00087207	0.025693	0.0090443	0.021412	0.0714728	0.0634081	0.0162963	0.028004	0.0074921	0.125796	0.0399368	0.0734823	0.138189	0.0642377	0.000179142	0.00668958
50	0.0157765	0.00383856	0.00195372	0.00520527	0.0121451	0.00248209	0.00280561	0.499713	0.00764177	0.137085	0.0585097	0.00518672	0.00128962	0.0053899	0.015228	0.00526945	0.0165276	0.198648	0.00182984	0.00347456
51	0.00884726	0.00114759	0.00404241	0.00136283	0.00893145	0.00121905	0.00118225	0.509539	0.00239093	0.223777	0.00834912	0.00118105	0.00917432	0.00135977	0.00218797	0.00390069	0.00749813	0.202835	0.00060395	0.000470368
52	0.035486	0.00782659	0.171373	0.157459	0.00113583	0.0313771	0.00199791	0.00235374	0.0351728	0.00516232	0.0190837	0.0637398	0.00279683	0.171221	0.00814298	0.146518	0.132432	0.00423831	0.000830357	0.00165292
53	0.0682854	0.000511523	0.242257	0.460832	0.000622924	0.0500155	0.00787846	0.00476782	0.0129023	0.00253029	0.00212645	0.0303935	0.00972852	0.0237787	0.00342986	0.0543577	0.0211564	0.00273913	0.0002173	0.00146957
54	0.0206595	0.0196088	0.00841645	0.0117505	0.350532	0.0075509	0.0203871	0.0511005	0.0110838	0.09327	0.0270396	0.0137724	0.0046629	0.00943914	0.0119117	0.0197204	0.0194589	0.040427	0.0087053	0.250503
55	0.1124	0.00367926	0.0174674	0.0350638	0.00663516	0.0086943	0.00941661	0.0236724	0.0196434	0.0217946	0.011527	0.0122289	0.52785	0.0270353	0.0122566	0.0761482	0.0405024	0.0319924	0.000745944	0.00124623
56	0.020312	0.00159259	0.00852811	0.0171138	0.000574266	0.00341079	0.0130195	0.0433426	0.378654	0.0384469	0.0247208	0.0256536	0.000679112	0.060591	0.287154	0.006867	0.0276818	0.039689	0.000257144	0.00171197
57	0.0120733	0.0112706	0.000751301	0.00207598	0.0114613	0.00089753	0.0013679	0.200137	0.00461275	0.338782	0.270808	0.00139703	0.00116908	0.00165915	0.00232502	0.00251469	0.0164733	0.114986	0.000940519	0.00429761
58	0.0215634	0.000561298	0.607321	0.235541	0.00156794	0.00781706	0.00574135	0.00135249	0.0085088	0.00130156	0.00356184	0.0446712	0.00444832	0.0252566	0.0013692	0.0183015	0.00556987	0.00400012	0.000185963	0.00135995
59	0.0477687	0.000449467	0.383638	0.373859	0.000802655	0.0332608	0.00663143	0.00321644	0.0110147	0.00186337	0.00244751	0.0399623	0.0066319	0.0257685	0.00243834	0.0409804	0.0148507	0.00309466	0.000172649	0.00114798
60	0.00195133	0.000317383	0.000802191	0.000566671	0.00695935	0.00168225	0.00143027	0.633414	0.0014489	0.0563604	0.00642741	0.000521603	0.000227088	0.000649036	0.00364391	0.000819442	0.00956637	0.271613	0.0013714	0.00022838
61	0.0594617	0.0156881	0.0363381	0.0506935	0.0237179	0.0327922	0.143514	0.0246764	0.0641788	0.0378622	0.027987	0.0607928	0.0124084	0.142095	0.0804878	0.0613225	0.0440932	0.031118	0.0161692	0.034603
62	0.113835	0.00521456	0.0337166	0.0553971	0.0109964	0.0124504	0.044545	0.0249994	0.0189079	0.0245476	0.0132688	0.027126	0.413491	0.0357471	0.0142611	0.0633951	0.0430837	0.0365124	0.00237475	0.00613012
63	0.024807	0.0204943	0.00863961	0.0151717	0.361215	0.00598833	0.0230533	0.0376484	0.0117033	0.0767366	0.0223806	0.014757	0.00674776	0.0124072	0.0132073	0.0287366	0.0206529	0.0301996	0.0091925	0.25626
64	0.01169	0.0178682	0.00968016	0.00946367	0.292678	0.00816631	0.0455972	0.0206552	0.0102637	0.0576931	0.0165292	0.0192453	0.0011056	0.0170521	0.0175784	0.018268	0.0172875	0.0376793	0.014758	0.356741
65	0.242116	0.00377709	0.0256915	0.0248215	0.00830782	0.129352	0.022062	0.00518033	0.0704057	0.00716919	0.0116937	0.0553488	0.00168832	0.0349427	0.0750312	0.217761	0.0514199	0.0094008	0.000682566	0.00314718
66	0.0972056	0.00367489	0.251541	0.220974	0.0105712	0.0220041	0.0223698	0.00936081	0.0239966	0.019885	0.010164	0.0401059	0.0197343	0.055571	0.0214588	0.0872324	0.0311518	0.0151277	0.00359079	0.0342805
67	0.0150915	0.0178244	0.0042112	0.0126869	0.0872814	0.00412445	0.0066859	0.158755	0.00839767	0.378723	0.0987983	0.00607127	0.00925402	0.00800403	0.00910639	0.0121953	0.00997621	0.0791613	0.0309607	0.0426911
68	0.0121265	0.0129009	0.000705435	0.00781788	0.064185	0.00199417	0.00277743	0.180956	0.00614113	0.383776	0.179431	0.00155231	0.00730911	0.00179598	0.00709086	0.00728647	0.0114013	0.0968763	0.0075005	0.00637524
69	0.033598	0.00534512	0.143307	0.0329835	0.0177392	0.017392	0.119331	0.00915795	0.0343774	0.0127022	0.0101806	0.320044	0.0131114	0.045062	0.054148	0.0745826	0.0263021	0.017924	0.00232669	0.0103847
70	0.00466043	0.0113863	0.00121692	0.00147372	0.00569879	0.00209236	0.00481771	0.604097	0.00188778	0.0426902	0.0113422	0.00139723	0.000852457	0.00161254	0.0045118	0.0087981	0.0430104	0.246432	0.00146649	0.000555976
71	0.0257243	0.0127401	0.00340733	0.0115118	0.0400351	0.0035589	0.00515161	0.143097	0.0166056	0.372796	0.183199	0.00820951	0.00546408	0.0112711	0.0178648	0.0152712	0.0186349	0.0913273	0.00482972	0.00930015
72	0.0180143	0.0113262	0.0211985	0.0222522	0.202239	0.0150247	0.0805816	0.0111171	0.0209743	0.0271054	0.0194817	0.0294175	0.00214492	0.0381285	0.0365121	0.0334664	0.0273792	0.0207082	0.0167736	0.346154
73	0.0375902	0.00190521	0.432894	0.232472	0.00228014	0.0223147	0.00847235	0.00373379	0.0199404	0.00405206	0.00630421	0.0556394	0.00856414	0.0430802	0.00923993	0.0716938	0.0303095	0.00581801	0.000610674	0.00308483
74	0.022836	0.00297882	0.000983134	0.00410624	0.000660923	0.0143477	0.0167804	0.00632262	0.293284	0.017619	0.01463	0.0146433	0.000506483	0.0476488	0.512599	0.00489754	0.0100026	0.010232	0.0044937	0.000428182
75	0.0182236	0.00292426	0.314396	0.10422	0.00676433	0.00741684	0.0304533	0.00506769	0.0434605	0.0117732	0.0104864	0.297646	0.0063986	0.0694829	0.0146327	0.0316688	0.0126818	0.00788346	0.00071621	0.00370381
76	0.0566224	0.0169077	0.0551898	0.0535817	0.0406594	0.0269724	0.156545	0.0291601	0.0645309	0.0456153	0.0262606	0.0662727	0.0131511	0.0641541	0.0720669	0.0608549	0.0395576	0.0382707	0.0226323	0.0509951
77	0.00761864	0.0151921	0.00180916	0.00161482	0.465182	0.00144104	0.0206072	0.00697599	0.0017564	0.0260132	0.00334937	0.00259122	0.000628546	0.00200411	0.00925275	0.0112333	0.00680299	0.00500412	0.00431108	0.406612
78	0.0169527	0.00265309	0.00366447	0.00536748	0.00116305	0.00844067	0.0119798	0.0114802	0.43493	0.0283258	0.0233201	0.0169343	0.00148816	0.0364965	0.361097	0.00904129	0.0100237	0.0143118	0.00147456	0.000855241
79	0.00646743	0.00144177	0.00212924	0.00112969	0.00998833	0.0014107	0.00136572	0.554918	0.00234842	0.152169	0.00852533	0.000789839	0.00492397	0.00101671	0.00276321	0.0025845	0.00873934	0.235891	0.000958849	0.000438765
80	0.493037	0.0309308	0.00104475	0.00623943	0.00541598	0.168709	0.00186249	0.00141912	0.00222757	0.00169241	0.00139568	0.00202923	0.000896837	0.00190358	0.00299888	0.263585	0.0117702	0.00192494	0.00035564	0.000561032
81	0.0286687	0.0130404	0.00845981	0.0167442	0.0443344	0.00471576	0.00775536	0.138633	0.0200917	0.434255	0.0859681	0.01174	0.00856558	0.0121033	0.0206739	0.0190596	0.0185756	0.0924129	0.00466142	0.00954138
82	0.438534	0.0267334	0.00314943	0.00714605	0.00535254	0.198668	0.00412701	0.0017236	0.00654406	0.00239074	0.00238012	0.00468832	0.00221715	0.00426093	0.00622428	0.260658	0.0206387	0.00326336	0.000409156	0.000890647
83	0.116855	0.0169723	0.0178714	0.0447732	0.0182555	0.0287071	0.0833678	0.0246371	0.0355919	0.0401824	0.0675917	0.0313676	0.00985255	0.218332	0.0286627	0.12174	0.044362	0.0278077	0.00567271	0.0173963
84	0.0105727	0.0159184	0.000760662	0.00330302	0.0262139	0.00084692	0.00196261	0.208486	0.00396377	0.344613	0.208341	0.000997632	0.00270339	0.00154661	0.00208368	0.00481788	0.0171765	0.137513	0.00262759	0.00555097
85	0.0737712	0.00300314	0.0482163	0.0180164	0.0103075	0.0651344	0.0777444	0.00803972	0.05682	0.00864587	0.00948988	0.211041	0.00769877	0.0359043	0.0699333	0.226065	0.0469436	0.0152199	0.000894173	0.00711166
86	0.0886775	0.00621578	0.00743023	0.00999088	0.00621792	0.00820675	0.00868392	0.135841	0.0151592	0.0340375	0.206639	0.0105708	0.00792644	0.0897209	0.0783232	0.0829616	0.145796	0.0181873	0.00184933	0.037564
87	0.479585	0.0842273	0.00228076	0.00336562	0.00334005	0.0228519	0.00831344	0.0566416	0.00487082	0.0153289	0.0252017	0.00577881	0.00345873	0.00439748	0.00271921	0.0424746	0.058697	0.174117	0.000616895	0.00173312
88	0.00460713	0.00205775	0.00224187	0.00237953	0.00132005	0.00329349	0.00452099	0.0138899	0.529037	0.0774119	0.0609924	0.00533438	0.000961037	0.01243	0.242996	0.0147821	0.00451478	0.0159243	0.0004364	0.00086841
89	0.126037	0.0015455	0.0418271	0.0205911	0.00251794	0.0967614	0.0406035	0.00643561	0.114893	0.00323511	0.00801138	0.132129	0.00149979	0.0432682	0.0707356	0.208074	0.07711	0.00339071	0.000231588	0.00110229
90	0.0592791	0.0012985	0.00753866	0.0190088	0.0098981	0.00112643	0.00137596	0.134779	0.0273063	0.368147	0.162919	0.013209	0.00135429	0.0194508	0.0563206	0.0236213	0.0147929	0.0671134	0.000868506	0.0105918
91	0.00192752	0.000316326	0.000781197	0.000566143	0.00656734	0.00166218	0.00147391	0.631716	0.00144489	0.0543269	0.00578355	0.000533532	0.00022238	0.000641257	0.00363519	0.000810411	0.00971821	0.276282	0.00134598	0.000245341
92	0.0608882	0.00139236	0.289553	0.362514	0.00237417	0.0610723	0.00812483	0.014851	0.0139648	0.00592064	0.00457562	0.0292142	0.00757413	0.023824	0.00680562	0.068332	0.0202878	0.0149203	0.000749666	0.00306134
93	0.124763	0.00190541	0.0436272	0.0223015	0.00208171	0.0990426	0.0322201	0.00788736	0.120361	0.00356307	0.00805443	0.120107	0.001183	0.0463365	0.0692354	0.211631	0.080701	0.00374295	0.00033964	0.000916734
94	0.00403608	0.00136557	0.00136359	0.000812868	0.013155	0.00153895	0.00125463	0.592239	0.00244439	0.0870821	0.0077619	0.000733435	0.000836244	0.000792765	0.00283782	0.00132704	0.00830202	0.270837	0.000981849	0.000297487
95	0.497512	0.0314615	0.000847344	0.0061922	0.00532724	0.167997	0.00154141	0.00127581	0.00169894	0.00168663	0.00127453	0.00147637	0.000840971	0.00162837	0.00234026	0.263222	0.0111031	0.00170387	0.000347595	0.000523277
96	0.0145094	0.00249679	0.00150401	0.0049391	0.000555152	0.0079231	0.0177232	0.019685	0.321894	0.0168472	0.0201531	0.0280777	0.000606619	0.0537598	0.440629	0.00715446	0.0193893	0.0205257	0.00114336	0.000484335
97	0.0316017	0.000794151	0.465033	0.341149	0.00246918	0.0123499	0.010175	0.00374225	0.00915093	0.00222216	0.00391264	0.0299678	0.00593942	0.0403991	0.00259892	0.0192488	0.0101911	0.00599906	0.000245301	0.00281123
98	0.0303489	0.0158782	0.0223884	0.0313077	0.0712523	0.0147443	0.0516211	0.0391622	0.0280597	0.0542302	0.0853126	0.0366135	0.00547236	0.0841827	0.037398	0.0373612	0.0409668	0.049535	0.0262715	0.237893
99	0.0623382	0.059102	0.000633969	0.0057409	0.0284894	0.00148627	0.00266948	0.209501	0.0207903	0.183695	0.0379868	0.00706204	0.00230907	0.00429733	0.000958492	0.0094289	0.0279145	0.33493	0.000194289	0.000472103
100	0.0122911	0.00233061	0.00148674	0.00274223	0.000531935	0.0085696	0.0136227	0.0124852	0.360012	0.0175263	0.0193759	0.0199004	0.000677342	0.0364443	0.45467	0.00544872	0.0132521	0.0169963	0.00126249	0.000373887
101	0.0508643	0.00605612	0.00698537	0.0155826	0.0171546	0.00188347	0.00549297	0.119515	0.0210964	0.384952	0.156647	0.0109544	0.00200267	0.0288829	0.0395893	0.0271335	0.0152437	0.0650949	0.00318909	0.0216799
102	0.0144041	0.0103803	0.00105967	0.00244743	0.00856901	0.00103372	0.00118413	0.194716	0.00539152	0.345721	0.274973	0.0016113	0.00101025	0.00225083	0.00367073	0.00263492	0.0164351	0.107685	0.000632621	0.00418856
103	0.0438915	0.00672143	0.0168989	0.0186102	0.00396761	0.0198599	0.0175941	0.0197133	0.368309	0.035718	0.0237778	0.0339509	0.00707801	0.0527396	0.23937	0.0352568	0.0264428	0.0249205	0.00161464	0.0035643
104	0.0074694	0.0148916	0.00163262	0.00150127	0.470558	0.00114042	0.020849	0.00570923	0.00156503	0.0204649	0.00196705	0.00147485	0.000566281	0.00165388	0.00945348	0.0112885	0.00651924	0.00391972	0.00326681	0.414109
105	0.499671	0.0313333	0.000882469	0.00596797	0.00515586	0.166119	0.00172533	0.0022473	0.00176992	0.00195252	0.00203492	0.00157925	0.00108354	0.00162916	0.00239636	0.255184	0.0124863	0.00585954	0.000369326	0.00055354
106	0.0466306	0.00289301	0.331528	0.251347	0.00223262	0.0246837	0.00963764	0.00441126	0.0251442	0.00817217	0.00810559	0.048523	0.015941	0.0806061	0.0131452	0.070283	0.0443727	0.0076142	0.000901992	0.00382641
107	0.077713	0.0123135	0.020459	0.0165903	0.00522184	0.0896194	0.00498554	0.00573493	0.0263451	0.0110377	0.00596093	0.0446704	0.0181381	0.0236821	0.0108546	0.342524	0.272487	0.00920696	0.000594811	0.00186062
108	0.0287864	0.0138679	0.0060107	0.0142604	0.0445782	0.00531728	0.00970129	0.135968	0.0263559	0.423478	0.0919485	0.0113749	0.0090204	0.0162212	0.022223	0.0173583	0.0206992	0.0878567	0.00445116	0.0105226
109	0.0074694	0.0148916	0.00163262	0.00150127	0.470558	0.00114042	0.020849	0.00570923	0.00156503	0.0204649	0.00196705	0.00147485	0.000566281	0.00165388	0.00945348	0.0112885	0.00651924	0.00391972	0.00326681	0.414109
110	0.0311547	0.00424129	0.00279142	0.0115234	0.00112899	0.0149274	0.0179107	0.0111012	0.288842	0.0227904	0.0162876	0.0146888	0.00125761	0.0770678	0.443396	0.010538	0.012223	0.0119637	0.00510399	0.00106161
111	0.264298	0.131198	0.0111375	0.0154433	0.0158705	0.0463658	0.0174555	0.0416947	0.0223815	0.0460852	0.0228173	0.0186946	0.0129535	0.0208859	0.0148337	0.105508	0.086443	0.0954863	0.00249517	0.00795188
112	0.0374099	0.0058735	0.0218055	0.0250429	0.00362737	0.0160569	0.0154776	0.0200445	0.370964	0.0400013	0.0249806	0.0333394	0.00615064	0.0466229	0.243988	0.0330878	0.0260811	0.024567	0.00190554	0.00297347
113	0.0203999	0.17395	0.00796169	0.0494447	0.00721811	0.00793972	0.00884256	0.0111571	0.0126295	0.0457271	0.181537	0.045979	0.00490933	0.15258	0.0452503	0.111841	0.0916085	0.0135222	0.00213551	0.00536653
114	0.031833	0.0169065	0.00586838	0.013471	0.0335874	0.00380953	0.00928735	0.182377	0.0148726	0.361869	0.0812779	0.00871788	0.00654465	0.0138981	0.012303	0.0152663	0.0233246	0.15345	0.0030636	0.00827286
115	0.0944918	0.00890562	0.0395127	0.0403001	0.00817884	0.0390803	0.0192863	0.0178247	0.212742	0.0384239	0.0214085	0.0621258	0.0249194	0.0507049	0.0931475	0.134662	0.0574937	0.0267382	0.00259759	0.00745558
116	0.0111273	0.00164636	0.00195489	0.00408342	0.000670959	0.004807	0.012733	0.0214604	0.385541	0.0227842	0.0223004	0.02137	0.00045907	0.0340268	0.407365	0.0060047	0.0148383	0.0258577	0.000452561	0.000517248
117	0.35228	0.0256466	0.0122408	0.0209498	0.00722618	0.100503	0.00729854	0.0113175	0.0229402	0.0141004	0.0107747	0.0176864	0.0139271	0.022439	0.0167319	0.252686	0.0670217	0.0194855	0.000874277	0.00387045
118	0.489297	0.0363329	0.000953908	0.00639984	0.00592241	0.157978	0.00162071	0.00294699	0.00199109	0.00339246	0.00239394	0.00264051	0.000990819	0.00222331	0.00252268	0.249075	0.0251072	0.00722323	0.000411092	0.000576693
119	0.0219903	0.01104	0.00259416	0.0071796	0.0343749	0.00253083	0.00412629	0.151533	0.00959008	0.368276	0.229419	0.00431451	0.00440408	0.00880452	0.0124609	0.0105804	0.0179943	0.0898482	0.00281883	0.0061199
120	0.0876377	0.0100144	0.0260915	0.0449375	0.00742753	0.395508	0.0178001	0.0116391	0.0477578	0.0140295	0.00946077	0.0306846	0.0106756	0.0273056	0.0351169	0.128041	0.0702793	0.0142675	0.00212312	0.00920204
121	0.0438662	0.00614312	0.0181994	0.0360329	0.00302401	0.0205317	0.0253411	0.0155368	0.217755	0.0246919	0.017968	0.0289012	0.00386965	0.0884345	0.367358	0.0279481	0.0264333	0.018799	0.0044887	0.00467821
122	0.0314992	0.0206179	0.00576403	0.0133679	0.0650988	0.010307	0.00637542	0.122501	0.0126422	0.167361	0.301032	0.0107393	0.00695136	0.0114004	0.0109718	0.0263049	0.088976	0.0743725	0.00372522	0.00999194
123	0.520816	0.0800033	0.00230534	0.00355497	0.00214734	0.0249078	0.00691141	0.0430447	0.00390105	0.012398	0.0260221	0.00355429	0.00334386	0.00354139	0.00273936	0.0355744	0.0500141	0.173125	0.000597514	0.00149797
124	0.0630932	0.00348151	0.0281958	0.022466	0.00300132	0.0539613	0.0102156	0.00852566	0.0740744	0.0100337	0.00742876	0.0879191	0.0187084	0.0345296	0.0230311	0.260932	0.280406	0.00703153	0.000480895	0.00248448
125	0.0331158	0.022923	0.00216115	0.0042414	0.0157179	0.0016288	0.00236077	0.347132	0.0102371	0.23939	0.0208626	0.00334201	0.00940842	0.00363388	0.00133885	0.0079019	0.0207081	0.252408	0.000455038	0.0010337
126	0.0107568	0.0157706	0.000703953	0.0015877	0.0177794	0.000828338	0.00174221	0.200446	0.00368866	0.328166	0.25289	0.0010389	0.00111022	0.00142703	0.00135117	0.00368047	0.0198906	0.130509	0.00164273	0.00498968
127	0.0113379	0.00194199	0.00116024	0.00251401	0.000635148	0.00738532	0.00987501	0.00842304	0.463333	0.0325479	0.0252207	0.0105783	0.000603092	0.0278309	0.370854	0.00674352	0.00604953	0.0104956	0.00201492	0.000456223
128	0.0218415	0.00489455	0.000808042	0.00396331	0.000635382	0.0188989	0.0187462	0.00473773	0.320969	0.020736	0.0137651	0.0119505	0.000458232	0.0601996	0.469925	0.00613435	0.00740034	0.00893548	0.0045776	0.000422934
129	0.0267811	0.0253595	0.00296855	0.00989626	0.0173842	0.00396056	0.0670465	0.0974123	0.017464	0.299338	0.0849813	0.0100752	0.00220066	0.0886589	0.0092925	0.0305869	0.0241137	0.162106	0.00132428	0.0190494
130	0.171307	0.00163166	0.032541	0.0192855	0.00619028	0.140463	0.0253338	0.00515084	0.0939398	0.00546918	0.0113745	0.0947834	0.00089081	0.0463663	0.0752738	0.183567	0.0783677	0.00640602	0.000398223	0.00126089
131	0.115868	0.00152805	0.0744231	0.0698528	0.00145405	0.0116025	0.00169745	0.00298858	0.0281976	0.00358742	0.003542	0.0280064	0.197506	0.0277449	0.002198	0.353051	0.0617724	0.0104	0.000373035	0.00420654
132	0.103834	0.00210518	0.0323648	0.0313725	0.00270523	0.0156189	0.00443352	0.00522439	0.0198011	0.00695808	0.0117477	0.0682818	0.179965	0.0135976	0.00552524	0.375138	0.0842413	0.0217774	0.000797537	0.0145104
133	0.0161514	0.0109691	0.00245584	0.0119365	0.102038	0.00335997	0.00488947	0.131324	0.00858175	0.412844	0.137727	0.00410095	0.0119664	0.00523202	0.0118954	0.0128988	0.0104885	0.0762167	0.0100782	0.0148466
134	0.221534	0.000688391	0.0256167	0.0673628	0.000737779	0.0252963	0.00700167	0.0217823	0.0699383	0.0650095	0.01749	0.0286562	0.00748275	0.123505	0.0330672	0.0769017	0.134267	0.0680357	0.000167912	0.00545897
135	0.0082343	0.0164714	0.00281846	0.00244634	0.454517	0.00172846	0.0230299	0.00768535	0.00262519	0.0228223	0.00367284	0.00307565	0.00106435	0.00349454	0.0105325	0.0132158	0.00778903	0.00608581	0.00555201	0.403139
136	0.0272418	0.0117094	0.00600325	0.0131821	0.0436175	0.00531231	0.0111021	0.133179	0.0235621	0.438677	0.0834821	0.0120143	0.010907	0.0166849	0.0205896	0.0176072	0.0214327	0.0863285	0.00515211	0.0122148
137	0.0381787	0.000802727	0.430757	0.342913	0.00259879	0.0190263	0.00785658	0.00353991	0.0113348	0.00406206	0.00413777	0.0355918	0.00623887	0.0365953	0.00372069	0.0292693	0.0147511	0.00569376	0.000205533	0.00272575
138	0.0538177	0.00183035	0.139338	0.506345	0.00740208	0.0163793	0.0214975	0.0141564	0.0274383	0.00768767	0.00869696	0.0209609	0.0108182	0.0707234	0.0102735	0.0254719	0.0313476	0.0185164	0.000625235	0.00667338
139	0.0307737	0.0250113	0.00491192	0.0114554	0.013177	0.00390884	0.00489248	0.241631	0.0127245	0.0802721	0.0244508	0.00897527	0.00280041	0.0128448	0.00568714	0.0141011	0.0444835	0.453519	0.00115968	0.00321989
140	0.03855	0.00577546	0.0136864	0.0189681	0.00407318	0.0197892	0.0208782	0.0182877	0.246622	0.0275073	0.0223242	0.0267271	0.00374181	0.0559117	0.398809	0.0258513	0.022996	0.0192633	0.0038311	0.00640613
141	0.0407912	0.00511241	0.0125375	0.022673	0.00285895	0.0150783	0.0209427	0.0182025	0.300494	0.0257431	0.0167357	0.0264734	0.00356853	0.0828311	0.336385	0.0222745	0.0214703	0.0199881	0.00311712	0.00272225
142	0.0510906	0.00864871	0.066516	0.0424984	0.0222154	0.0297115	0.127514	0.0216877	0.052639	0.0260213	0.0188961	0.209671	0.0122032	0.0571719	0.0649366	0.0824949	0.0396432	0.0292512	0.00824538	0.0289437
143	0.0131484	0.0107235	0.00080131	0.00211514	0.00915312	0.00100912	0.00129226	0.197865	0.00509885	0.340709	0.279096	0.00150817	0.00104895	0.00179494	0.00286704	0.00226831	0.0161093	0.108634	0.000681778	0.00407586
144	0.470182	0.0299554	0.00119853	0.00578007	0.00507883	0.155099	0.00158111	0.00135691	0.00185225	0.00179662	0.00125453	0.00163485	0.00124644	0.00184613	0.00255197	0.295999	0.0188371	0.00179317	0.000358749	0.00059776
145	0.0359348	0.00629134	0.0154593	0.0204234	0.00339205	0.016718	0.0215224	0.0171959	0.249972	0.0261754	0.0196834	0.0273751	0.00383305	0.0586897	0.407948	0.0220224	0.0203514	0.0197686	0.00416266	0.00308167
146	0.0206374	0.010598	0.00228696	0.00720879	0.0358472	0.00260599	0.00303231	0.153304	0.00910131	0.367364	0.230958	0.0039453	0.0042568	0.00744503	0.0127626	0.0100143	0.0188249	0.0890137	0.00356045	0.0072322
147	0.112317	0.00420156	0.024342	0.0437812	0.00769051	0.00900177	0.0129953	0.022957	0.0170889	0.0197554	0.0146961	0.0121795	0.494343	0.0488185	0.00921682	0.0731166	0.0378984	0.0317664	0.00120018	0.00263318
148	0.131824	0.00760041	0.0125694	0.00514493	0.00117953	0.0225199	0.00171228	0.00240671	0.00714339	0.00292544	0.00249414	0.0161685	0.0189682	0.00614142	0.0021137	0.567546	0.186931	0.00299402	0.000420658	0.00119696
149	0.00567829	0.000477546	0.00176242	0.00175449	0.00852777	0.00241837	0.00343957	0.61795	0.00297794	0.0697893	0.0120544	0.00227165	0.00131928	0.00255509	0.00774363	0.00220733	0.0114194	0.241837	0.00178703	0.00202959
150	0.01497	0.00273124	0.312028	0.111703	0.00665195	0.0062041	0.0275974	0.00437955	0.0458589	0.0116443	0.0108464	0.306079	0.00588838	0.073278	0.0125858	0.0245804	0.0100814	0.00782891	0.00113587	0.00392778
151	0.115743	0.00273532	0.0233886	0.0388171	0.00717045	0.00855068	0.00973796	0.0228835	0.0157359	0.0200268	0.0132492	0.0123716	0.509632	0.0260904	0.00946991	0.0882591	0.0391788	0.0331975	0.000846318	0.00291557
152	0.0730939	0.00959376	0.0581068	0.0202768	0.0488691	0.0289026	0.065047	0.0168365	0.0154746	0.0207686	0.0363585	0.210992	0.012452	0.0235703	0.0248151	0.153261	0.060354	0.066545	0.00226849	0.0524144
153	0.120482	0.00707584	0.0273498	0.0460335	0.00787638	0.0385907	0.0129874	0.0316283	0.0738203	0.0311448	0.013442	0.0846531	0.0184345	0.0499712	0.0271426	0.16124	0.211313	0.0312096	0.00110978	0.00449491
154	0.0285345	0.00422794	0.00309824	0.0102164	0.000868166	0.0159416	0.0222004	0.00719458	0.280991	0.0194219	0.0143382	0.0154246	0.000693679	0.0659045	0.475931	0.00829029	0.0102435	0.0104064	0.00530728	0.000766247
155	0.0832447	0.0122975	0.0241689	0.0197255	0.00497928	0.0407035	0.00522681	0.00790871	0.0223776	0.0112865	0.0101482	0.0504683	0.0260848	0.0266871	0.00923715	0.372857	0.258001	0.0107459	0.000695646	0.003156
156	0.011857	0.00184005	0.00377638	0.00193944	0.00999001	0.00123204	0.00134462	0.462454	0.00352996	0.259424	0.00901418	0.00135394	0.0115033	0.00183092	0.00158161	0.0049008	0.00768638	0.203679	0.000466099	0.000597146
157	0.0106421	0.00832952	0.00169057	0.00392501	0.0241761	0.00154636	0.00188376	0.36233	0.00423824	0.269137	0.105047	0.00136399	0.00436475	0.00215539	0.00450168	0.0046741	0.0118269	0.172177	0.00254397	0.00344592
158	0.0126399	0.00385179	0.00358386	0.00226029	0.0118619	0.00116848	0.00141955	0.431718	0.003651	0.276107	0.021763	0.00139827	0.0116658	0.00189693	0.00166604	0.00534618	0.00806287	0.198266	0.000673312	0.000999588
159	0.161081	0.133042	0.0029386	0.00311197	0.0262435	0.0340357	0.0025164	0.00401956	0.00408645	0.0378969	0.00886261	0.0260289	0.00136243	0.00365351	0.00273826	0.14122	0.386463	0.0186293	0.000625041	0.00144407
160	0.0935024	0.0112452	0.022164	0.0310356	0.0112192	0.411146	0.0157946	0.015122	0.041049	0.0196232	0.0110305	0.0266955	0.0132263	0.027825	0.0283073	0.123361	0.0669975	0.0212088	0.00252999	0.00691738
161	0.0075451	0.0150408	0.00167846	0.00149273	0.469574	0.00113803	0.0206925	0.00604491	0.0015923	0.0213158	0.00209463	0.00151378	0.000564805	0.00171528	0.0093901	0.01123	0.00655166	0.00420069	0.00365134	0.412973
162	0.117334	0.00316641	0.0167305	0.0371882	0.0075731	0.0101896	0.0088535	0.0242065	0.0137778	0.0227977	0.0128825	0.0103638	0.531821	0.0259992	0.00739437	0.077413	0.0341999	0.0349336	0.000998081	0.00217765
163	0.0674623	0.00866956	0.0521257	0.0353167	0.00969244	0.0403205	0.029833	0.0149577	0.0472886	0.0207575	0.0163371	0.179698	0.0227671	0.0372247	0.0332092	0.264888	0.0895474	0.0209383	0.00150415	0.00746194
164	0.0547505	0.0244401	0.0107082	0.0205563	0.020983	0.0085466	0.0127358	0.232443	0.0231357	0.115529	0.0386926	0.0187691	0.0149004	0.0249976	0.0141904	0.0334408	0.040273	0.278704	0.00196411	0.0102394
165	0.108977	0.0128041	0.0235701	0.0347585	0.00795592	0.427499	0.0168753	0.0106363	0.03504	0.0122652	0.00766303	0.0212009	0.0117494	0.0308301	0.0216325	0.134195	0.064045	0.0118601	0.00158832	0.00485493
166	0.0474318	0.00673212	0.0265036	0.0313597	0.006067	0.0220797	0.0168558	0.0178061	0.335613	0.0349527	0.024749	0.0351819	0.00913889	0.0529902	0.230057	0.0405508	0.0337621	0.0228142	0.00186277	0.00349129
167	0.119917	0.0136048	0.0341907	0.0368855	0.0102697	0.0548067	0.0136583	0.0133804	0.0328857	0.017771	0.0157132	0.0549811	0.0432121	0.0285924	0.0234896	0.362798	0.0937357	0.0197443	0.00236449	0.00799953
168	0.113595	0.0160251	0.0324467	0.0254913	0.0124836	0.0442016	0.0131857	0.0157192	0.0341738	0.0230853	0.0159328	0.0608367	0.026074	0.0282436	0.0264638	0.37815	0.0974647	0.0223743	0.00394203	0.0101108
169	0.0157483	0.00977006	0.0019179	0.0108945	0.123988	0.00385777	0.00450704	0.128045	0.00917126	0.404132	0.135177	0.00673265	0.0132827	0.00486588	0.0119112	0.0124512	0.0102313	0.0715265	0.00975111	0.012038
170	0.012658	0.011063	0.00087839	0.00169576	0.00580133	0.00151626	0.00146316	0.195459	0.00471031	0.320251	0.304218	0.00152625	0.000708597	0.0017239	0.00198346	0.00192756	0.0184392	0.109813	0.000380825	0.00378336
171	0.0214327	0.00383819	0.0103305	0.00908887	0.00151651	0.0109945	0.0164049	0.0172574	0.322303	0.0181382	0.0187101	0.0465732	0.00383463	0.0456102	0.39229	0.0187398	0.0201412	0.0203439	0.0010716	0.00138012
172	0.0678949	0.0666536	0.014701	0.0157296	0.00687556	0.0146011	0.0108303	0.0611288	0.140584	0.0579517	0.0243094	0.194702	0.00924022	0.0553413	0.0244784	0.104002	0.0713159	0.0530878	0.00176361	0.00480916
173	0.00195911	0.000314169	0.000808168	0.000570831	0.00684636	0.00163426	0.00141988	0.62947	0.00146117	0.0563242	0.00594572	0.000521845	0.000230625	0.000640109	0.00354067	0.000817538	0.00949956	0.276445	0.00130474	0.00024574
174	0.0883242	0.00578888	0.0156385	0.00782647	0.00172665	0.0255116	0.00230599	0.00319342	0.0103804	0.00432357	0.00435094	0.0405755	0.0140497	0.0117738	0.00345725	0.547172	0.208461	0.00332221	0.000456829	0.00136091
175	0.0259595	0.00430394	0.0154079	0.0117718	0.00381345	0.0136241	0.0215797	0.0158766	0.282381	0.0167627	0.0150287	0.0771966	0.00616129	0.0466161	0.371529	0.0269987	0.0212363	0.0210186	0.00108476	0.00164903
176	0.471128	0.0288499	0.0024149	0.00731842	0.00575733	0.166474	0.00348553	0.00176435	0.00476634	0.00251345	0.00190802	0.00466872	0.0014565	0.00369321	0.00507705	0.267882	0.016108	0.00311007	0.000508617	0.00111519
177	0.00653579	0.00204712	0.310886	0.143127	0.00214134	0.00284484	0.00387115	0.00349159	0.0678723	0.014313	0.0139599	0.298582	0.00147557	0.106371	0.00276485	0.00670598	0.00566872	0.00465368	0.000820939	0.00186664
178	0.0352321	0.025085	0.00396244	0.00922938	0.0329899	0.0024801	0.00690523	0.250529	0.0149965	0.239721	0.0661799	0.00781785	0.00656782	0.00762866	0.00814049	0.0115335	0.0248629	0.237765	0.0025261	0.00584725
179	0.0210998	0.000581705	0.60255	0.252789	0.00142967	0.00825718	0.00544093	0.00136297	0.00667971	0.00113959	0.00368243	0.0364657	0.00406994	0.0257191	0.00122988	0.0164444	0.0056767	0.00429931	0.000167226	0.000915054
180	0.0553682	0.0219154	0.0103666	0.0213191	0.0183571	0.00905919	0.00918196	0.251583	0.023458	0.124352	0.0413115	0.0147923	0.0148199	0.0192101	0.0174395	0.0256731	0.0361503	0.275892	0.0024221	0.00732932
181	0.0599084	0.0107691	0.0506766	0.130396	0.0116274	0.0215282	0.069611	0.0142764	0.115932	0.0230069	0.0146308	0.0582169	0.00723993	0.167945	0.105721	0.0578734	0.0413241	0.0207871	0.00329022	0.0152387
182	0.0847883	0.00252546	0.0352432	0.0329738	0.00233699	0.0146533	0.00352413	0.00531416	0.0215413	0.00696207	0.0100629	0.066903	0.177097	0.0159461	0.00710266	0.399065	0.0907512	0.0153549	0.000756132	0.00709774
183	0.0155583	0.026042	0.017758	0.0129968	0.24642	0.00764005	0.0328576	0.027598	0.0101915	0.0484355	0.0267396	0.0154848	0.00128537	0.0247736	0.0179587	0.0213292	0.0141815	0.020484	0.0648658	0.3474
184	0.118502	0.00166204	0.0710534	0.0651359	0.00230951	0.0117896	0.00256592	0.00445199	0.0286716	0.00532391	0.00481417	0.030173	0.201586	0.0255678	0.00408008	0.34251	0.0611756	0.0135086	0.000461788	0.00465734
185	0.0229259	0.0233305	0.00799334	0.0103229	0.368692	0.00875878	0.0209236	0.0353485	0.0116164	0.0738335	0.0249603	0.0136454	0.00678605	0.0092511	0.0127932	0.026441	0.023846	0.0291082	0.00856714	0.260856
186	0.101199	0.0280652	0.0267477	0.0334175	0.0182381	0.0407093	0.0149527	0.0332361	0.0426737	0.0368999	0.0246911	0.0446796	0.0260349	0.0412899	0.0237664	0.156179	0.253193	0.0417381	0.00349245	0.00879653
187	0.0951692	0.0275805	0.027443	0.0310518	0.0152379	0.0404083	0.0168559	0.0386467	0.0456704	0.0370122	0.0244055	0.0480537	0.023106	0.0441461	0.0351844	0.138958	0.255821	0.0423767	0.00227359	0.0105983
188	0.0665051	0.0112967	0.032695	0.0529975	0.00432207	0.0202808	0.0219639	0.0164283	0.241812	0.0284407	0.0208248	0.0413933	0.00765122	0.143694	0.174413	0.0484685	0.0349182	0.0231283	0.00265806	0.00610834
189	0.120282	0.00608872	0.0330485	0.0224189	0.00598846	0.0369386	0.0181871	0.0103363	0.045351	0.0122999	0.0139537	0.126943	0.0358988	0.0258608	0.0285215	0.371908	0.0634093	0.0155711	0.00112367	0.00587046
190	0.0192595	0.0116786	0.00249574	0.00777076	0.036449	0.00291785	0.00482358	0.220674	0.0130922	0.394368	0.0965463	0.00595223	0.00815918	0.0065559	0.0113579	0.00870624	0.0144117	0.120952	0.0046309	0.00919899
191	0.00747988	0.0149105	0.00166544	0.0014928	0.470123	0.00113626	0.0207975	0.00570455	0.00157344	0.0204325	0.00197709	0.00147477	0.000575856	0.00165336	0.00943692	0.0113578	0.00651143	0.00391389	0.00332468	0.414458
192	0.0535025	0.0526511	0.000929846	0.00669138	0.0298572	0.00159299	0.00346068	0.217741	0.0187532	0.205488	0.0444582	0.0061202	0.00295089	0.00548813	0.00142694	0.00957755	0.0263186	0.309973	0.00128169	0.00173706
