217	20
1	0.0528211	0.00196733	0.0298182	0.0121194	0.00200001	0.0118962	0.0326573	0.00436397	0.394423	0.010082	0.00293196	0.0573468	0.0282881	0.0336944	0.181043	0.103386	0.0135023	0.00931876	0.0166434	0.00169791
2	0.00824481	0.00874565	0.00104865	0.00161015	0.0116904	0.000899465	0.000963373	0.450809	0.00155641	0.322325	0.0529995	0.00128919	0.000423613	0.00154593	0.00140283	0.00171373	0.0129613	0.118368	0.000302853	0.00109977
3	0.0577143	0.0152577	0.00278772	0.0172001	0.00131054	0.002545	0.0499942	0.0960659	0.0657111	0.197633	0.0382554	0.00411443	0.00214762	0.0349438	0.187035	0.0296147	0.0313783	0.159386	0.00456605	0.00233926
4	0.0396157	0.00208951	0.019532	0.0107172	0.00234622	0.0697593	0.103746	0.00638711	0.173916	0.0086233	0.00401676	0.063345	0.00353058	0.0464341	0.230868	0.107815	0.0934131	0.00850188	0.00166696	0.00367554
5	0.0635075	0.0155175	0.0451283	0.108905	0.00175646	0.0462122	0.0601609	0.00344934	0.0462323	0.17447	0.0166489	0.0930782	0.00148112	0.233077	0.019503	0.0193949	0.00585859	0.00472831	0.00100478	0.0398861
6	0.106566	0.00163038	0.00329356	0.00409264	0.00220708	0.00279542	0.0032821	0.0697449	0.00560873	0.00599965	0.0516561	0.00443302	0.0016819	0.00546726	0.00542702	0.00534848	0.353353	0.364557	0.000692186	0.00216356
7	0.150253	0.00652449	0.0225495	0.0708471	0.00492385	0.201305	0.00938149	0.0125367	0.0580136	0.0540832	0.00790623	0.0217148	0.00686222	0.0209915	0.11988	0.0257075	0.145217	0.0554965	0.00201503	0.00379245
8	0.074585	0.000464666	0.0579199	0.156111	0.00226422	0.0111912	0.0314459	0.0270245	0.11051	0.0149098	0.00401147	0.074593	0.00100496	0.134012	0.176484	0.0452532	0.0427861	0.0339904	0.000913589	0.000524916
9	0.157201	0.015757	0.00752482	0.0107369	0.00644321	0.0118347	0.00830784	0.060812	0.0116186	0.0170715	0.0348553	0.0147931	0.00561184	0.0123731	0.0121845	0.0246597	0.27717	0.303674	0.00202048	0.00535012
10	0.00920926	0.0126874	0.000581434	0.000843537	0.0134496	0.000693451	0.000779971	0.489184	0.00114178	0.220015	0.0795228	0.00084092	0.000257811	0.000988415	0.00113382	0.00119365	0.0172137	0.148669	0.000291478	0.0013022
11	0.312922	0.0189033	0.0686316	0.10441	0.0016208	0.143515	0.00343564	0.0168035	0.00810101	0.0332047	0.0145477	0.0634053	0.00260811	0.0182505	0.048729	0.0230931	0.0744859	0.0416796	0.00061887	0.00103442
12	0.0040918	0.000630968	0.785382	0.040884	0.000772391	0.00523155	0.00126	0.00148543	0.0116447	0.0120276	0.00113645	0.0361772	0.000569167	0.0329984	0.0265461	0.00663827	0.0276201	0.00190907	0.000294471	0.00269992
13	0.00644037	0.00446256	0.000670847	0.00104232	0.283547	0.00071866	0.0761885	0.00439579	0.0011329	0.0236836	0.000729355	0.00822259	0.000313025	0.00854184	0.00124325	0.00482287	0.00929979	0.00118771	0.0264814	0.536876
14	0.0747757	0.00217646	0.110659	0.0116114	0.00219264	0.308941	0.00435424	0.00433717	0.0567461	0.00710483	0.00317937	0.197102	0.00228181	0.0280574	0.0899289	0.0566177	0.0301175	0.00665664	0.0010902	0.00207039
15	0.0114027	0.00144683	0.000880849	0.00145269	0.0127309	0.00338894	0.00126744	0.0507511	0.0016387	0.700215	0.161516	0.00185454	0.00034374	0.00889514	0.00265131	0.0019141	0.00566948	0.0309077	0.000225399	0.000847616
16	0.00908602	0.0113259	0.000581954	0.000973024	0.0127444	0.000662309	0.000893852	0.48779	0.00107842	0.211355	0.0711322	0.00103915	0.00025153	0.00100205	0.0015559	0.00132566	0.018243	0.166733	0.000555828	0.00167104
17	0.107705	0.000370163	0.0929413	0.274522	0.00233381	0.0232906	0.00975034	0.010506	0.103198	0.00731236	0.0043274	0.036872	0.0086092	0.0778718	0.0990327	0.0656992	0.0563607	0.0181161	0.000763683	0.000417535
18	0.0111485	0.00173164	0.00417844	0.00568714	0.00212227	0.00383787	0.0441685	0.00439221	0.21819	0.00751577	0.00396842	0.0056532	0.00198703	0.0062145	0.578006	0.00907385	0.0269929	0.0607354	0.00169753	0.00269868
19	0.0111544	0.00102791	0.000726112	0.00352539	0.0118939	0.000740151	0.00319946	0.403607	0.00274814	0.0653294	0.00498403	0.00349122	0.00028585	0.00164456	0.00688374	0.00448442	0.0355585	0.426768	0.00561471	0.00633278
20	0.114732	0.0674792	0.00489715	0.00618603	0.0142176	0.0167435	0.0182523	0.0434089	0.00929203	0.383937	0.133731	0.0282185	0.00224189	0.027187	0.0126195	0.0552052	0.0247884	0.0318009	0.00115594	0.00390646
21	0.189314	0.195136	0.00287101	0.00375718	0.00664158	0.00341868	0.00313552	0.0601891	0.00508051	0.0327527	0.00630522	0.00436072	0.00203664	0.00441556	0.00542304	0.0642967	0.031205	0.375202	0.000779674	0.00367879
22	0.189729	0.448945	0.0168461	0.0185071	0.00982377	0.137773	0.00796708	0.0145999	0.013277	0.0119965	0.0111801	0.0108603	0.00358085	0.0106132	0.0152302	0.0274325	0.0205795	0.02543	0.00175499	0.00387399
23	0.0105778	0.00179055	0.000995505	0.00388614	0.0195169	0.00080907	0.000923568	0.161787	0.00180129	0.380733	0.141651	0.00121473	0.000361498	0.00938124	0.00167002	0.00171171	0.0302159	0.230225	0.000273082	0.000475103
24	0.125762	0.0057514	0.0228125	0.0189745	0.00447877	0.0734852	0.0120443	0.0120193	0.0205349	0.0129351	0.00663094	0.0334415	0.0171181	0.0161841	0.0253179	0.506335	0.0633227	0.0164469	0.00187925	0.00452544
25	0.0291039	0.00306716	0.0183846	0.00728239	0.00114082	0.815478	0.00421666	0.00169695	0.0199067	0.00296689	0.00481867	0.0407076	0.000631972	0.00432987	0.0128712	0.0217151	0.00799216	0.00263904	0.000540394	0.000509567
26	0.0258128	0.0022554	0.0198163	0.00711039	0.00108077	0.821643	0.00523195	0.0022845	0.0178263	0.00308726	0.00449196	0.0381354	0.00181439	0.00420617	0.0111093	0.0222249	0.00841798	0.00180286	0.000492876	0.00115524
27	0.152458	0.00347296	0.0201045	0.0440639	0.00428447	0.0451345	0.0109777	0.0145956	0.355392	0.0214401	0.00989557	0.028715	0.0155039	0.0539336	0.0938854	0.0595344	0.033301	0.0265385	0.00333645	0.00343214
28	0.00601828	0.000779643	0.78554	0.0424239	0.000778114	0.00764802	0.00240352	0.00244892	0.00996234	0.0122117	0.00166956	0.0388714	0.00146329	0.026298	0.0234344	0.00960413	0.0218175	0.00304065	0.000391188	0.00319555
29	0.112043	0.0072975	0.025987	0.0205332	0.00414728	0.0792087	0.011194	0.00961113	0.0300073	0.0117744	0.00577168	0.0256218	0.0188198	0.0146581	0.0245562	0.511637	0.0644895	0.0140832	0.00289539	0.00566406
30	0.00644037	0.00446256	0.000670847	0.00104232	0.283547	0.00071866	0.0761885	0.00439579	0.0011329	0.0236836	0.000729355	0.00822259	0.000313025	0.00854184	0.00124325	0.00482287	0.00929979	0.00118771	0.0264814	0.536876
31	0.211747	0.0290023	0.00462576	0.00641753	0.00317939	0.0914128	0.00543431	0.00601938	0.00842865	0.0328706	0.00426198	0.00701889	0.00193637	0.00807838	0.00848202	0.0340217	0.499626	0.0336555	0.00115698	0.00262414
32	0.00906408	0.000633255	0.000699193	0.000980251	0.00773028	0.00437337	0.00070798	0.030804	0.00123773	0.750007	0.161589	0.000955031	0.000346932	0.00749473	0.00105908	0.00127883	0.00412947	0.0162937	0.000253013	0.000363493
33	0.0197821	0.00351956	0.00331676	0.00440699	0.0193653	0.00520355	0.00285258	0.0611727	0.00445674	0.663766	0.135852	0.00455583	0.00135448	0.0115581	0.00449871	0.00564439	0.0096701	0.0370821	0.000648436	0.00129387
34	0.0852966	0.00219065	0.189964	0.247134	0.00232435	0.00335978	0.114719	0.00502506	0.0247693	0.00651033	0.0406549	0.0129401	0.00200051	0.0297788	0.00910092	0.133558	0.0807492	0.00678637	0.00131779	0.0018208
35	0.00955741	0.0127587	0.000607561	0.000795	0.0129796	0.000638132	0.000671838	0.478949	0.00110901	0.224512	0.0845278	0.000824153	0.000236205	0.000923681	0.0010847	0.00111222	0.0176925	0.149589	0.000210675	0.00122116
36	0.017701	0.00486913	0.00301708	0.00559373	0.0219271	0.00376826	0.00366242	0.140607	0.0110467	0.527516	0.12129	0.00376788	0.00102905	0.00930726	0.00779046	0.00567442	0.0125459	0.0963527	0.000558842	0.00197455
37	0.00862896	0.00160792	0.0176638	0.0190811	0.00191443	0.00301183	0.0314978	0.00342564	0.0203166	0.308192	0.227017	0.0356306	0.00170837	0.0491592	0.190144	0.00572488	0.0373212	0.0209466	0.00083684	0.016171
38	0.0290123	0.0016619	0.0473052	0.0841011	0.015647	0.0839078	0.0654192	0.0479522	0.052303	0.0356739	0.00248904	0.0625366	0.00148507	0.0842664	0.0904505	0.185432	0.0673063	0.00713884	0.00129639	0.0346148
39	0.00976537	0.000587415	0.000560696	0.000641756	0.0182107	0.00148462	0.000522432	0.0943953	0.000859937	0.641044	0.153827	0.000676726	0.000249573	0.00695785	0.000806799	0.000929384	0.00610106	0.0619003	0.000140122	0.000339261
40	0.00991327	0.00143818	0.00301817	0.00453044	0.00161196	0.00322054	0.00290976	0.0181861	0.209728	0.00480472	0.00312582	0.00453605	0.00140686	0.517356	0.19566	0.0053704	0.00651011	0.00492883	0.000476622	0.00126796
41	0.105368	0.000567661	0.0265009	0.0916919	0.00363312	0.00358219	0.0397933	0.0339807	0.11634	0.0145914	0.00720652	0.0813479	0.000724313	0.125079	0.19148	0.0408105	0.0407824	0.0753417	0.000403248	0.000776461
42	0.388393	0.00392124	0.00785436	0.00775182	0.00195355	0.226201	0.00602254	0.00550429	0.0573479	0.0295535	0.005255	0.0115718	0.00263111	0.0119197	0.0172702	0.159545	0.0447777	0.00886815	0.00158011	0.00207795
43	0.126599	0.00423319	0.0121344	0.0409491	0.00256739	0.0448524	0.00569043	0.00614331	0.01178	0.0582854	0.00432397	0.0311599	0.503435	0.0112491	0.042393	0.0154789	0.062061	0.0133958	0.00102932	0.00223964
44	0.00939915	0.000398169	0.000582483	0.00337838	0.013372	0.00060313	0.00344419	0.409319	0.00148446	0.0661356	0.00442129	0.00362494	0.000259056	0.00111549	0.00695677	0.00381709	0.0379037	0.423005	0.00354069	0.00723952
45	0.0216823	0.00129964	0.126983	0.0144134	0.00133214	0.00401006	0.0587566	0.00277778	0.234409	0.00377363	0.00215583	0.168947	0.0484921	0.0418617	0.135199	0.108412	0.017118	0.00430148	0.00301759	0.0010594
46	0.0456726	0.0142343	0.00280842	0.00574159	0.0758954	0.00299177	0.010389	0.278904	0.0062559	0.0819716	0.0392343	0.0102868	0.00146096	0.00729236	0.00725722	0.00544377	0.0352541	0.305629	0.00778915	0.0554872
47	0.0250941	0.000806972	0.303697	0.415023	0.000813609	0.00154894	0.00503617	0.0019722	0.011256	0.00322099	0.00199613	0.0113242	0.00070599	0.0316578	0.0600522	0.0873222	0.0342831	0.0026303	0.000472972	0.00108592
48	0.00829363	0.00465004	0.000910536	0.000991197	0.0153403	0.000758946	0.000944045	0.317314	0.00145628	0.465858	0.0681753	0.00112261	0.000392831	0.00314775	0.00125266	0.00149193	0.00900683	0.0979272	0.000257256	0.000707969
49	0.00928954	0.000470346	0.000593117	0.003513	0.0136823	0.000636525	0.00356432	0.410749	0.00145933	0.0669614	0.00456282	0.0036327	0.000253274	0.00111755	0.0069219	0.0037936	0.037839	0.420315	0.00350012	0.00714587
50	0.251802	0.0192431	0.022852	0.0436051	0.00791416	0.0194224	0.0111735	0.0222198	0.0428574	0.0308958	0.0132884	0.0177741	0.192364	0.0307663	0.0455799	0.0544954	0.0554529	0.108668	0.00260667	0.0070195
51	0.120503	0.153293	0.00339827	0.00494313	0.0867335	0.00507829	0.0139758	0.0861278	0.00638391	0.0428154	0.0522997	0.0137777	0.00154052	0.00607228	0.00642806	0.012064	0.0291723	0.285577	0.0109259	0.05889
52	0.0442921	0.00386577	0.00846248	0.00831585	0.00910907	0.00796642	0.087331	0.0899928	0.00972993	0.0433523	0.0049544	0.303615	0.00348931	0.0259786	0.0144139	0.0976854	0.139284	0.0933128	0.00148025	0.00336848
53	0.00963246	0.000441668	0.000578974	0.000649571	0.0184563	0.00135096	0.000534669	0.095413	0.000877305	0.637728	0.152023	0.000729529	0.000244576	0.00692015	0.000859937	0.000934451	0.00600604	0.0661651	0.000140024	0.000315091
54	0.00814043	0.00177651	0.767162	0.0501604	0.00119566	0.00899686	0.00251758	0.00215202	0.0119171	0.0116833	0.00216018	0.0365002	0.00373721	0.0256128	0.0254941	0.0111579	0.0221552	0.00302714	0.000497755	0.00395587
55	0.161493	0.00683079	0.0540088	0.0983811	0.00321195	0.0134318	0.00966061	0.0113155	0.059635	0.0150922	0.00961705	0.0155391	0.215015	0.0936824	0.0626673	0.112638	0.032632	0.0194894	0.00235793	0.00330014
56	0.278854	0.00387437	0.00677905	0.00578945	0.00142608	0.385774	0.00428787	0.00394679	0.0827251	0.0121053	0.00399229	0.0136119	0.00129067	0.0125177	0.0180653	0.126622	0.0314601	0.00501147	0.000689645	0.0011764
57	0.00739761	0.00452294	0.00117899	0.00147096	0.276827	0.00107636	0.0818829	0.00489663	0.00166247	0.0237077	0.00102876	0.00835918	0.000385095	0.0142106	0.00201289	0.0057863	0.0100979	0.00174288	0.0281286	0.523624
58	0.110535	0.00721486	0.0330932	0.0601289	0.00320962	0.0150341	0.0077202	0.00729152	0.0287691	0.0268222	0.00507845	0.0152838	0.506832	0.0211571	0.0664971	0.0327187	0.038568	0.010609	0.00103138	0.00240627
59	0.017304	0.00085996	0.0188423	0.00560379	0.000469822	0.854951	0.00392918	0.000838675	0.0171995	0.00123114	0.00417583	0.042668	0.000303603	0.00112728	0.00891474	0.014928	0.00483836	0.00122402	0.000246809	0.000344106
60	0.00644037	0.00446256	0.000670847	0.00104232	0.283547	0.00071866	0.0761885	0.00439579	0.0011329	0.0236836	0.000729355	0.00822259	0.000313025	0.00854184	0.00124325	0.00482287	0.00929979	0.00118771	0.0264814	0.536876
61	0.0316506	0.00469768	0.142118	0.0180028	0.00358792	0.0170829	0.0452904	0.00788147	0.12314	0.0103937	0.00593586	0.24424	0.0712384	0.0351299	0.113654	0.078986	0.0299122	0.0111846	0.00282299	0.00305026
62	0.188022	0.00178886	0.0978816	0.202126	0.00221679	0.0379415	0.0065543	0.00867568	0.111808	0.00707974	0.00393622	0.022845	0.0183477	0.0508009	0.0556131	0.0555681	0.0921478	0.0349724	0.000542286	0.00113145
63	0.0724467	0.00126954	0.250661	0.279053	0.00146795	0.00319142	0.0822393	0.0036615	0.0164248	0.00481954	0.0183339	0.0180166	0.00140504	0.0481459	0.0205146	0.0927889	0.0786751	0.00486331	0.000757412	0.00126467
64	0.0221416	0.0143638	0.00252403	0.00362751	0.00213724	0.00264344	0.00268287	0.236992	0.0291391	0.00920727	0.00248518	0.00356806	0.000953917	0.0164821	0.00496157	0.0168268	0.0207015	0.605195	0.00190343	0.00146279
65	0.0100047	0.00237681	0.000620323	0.000709603	0.0212784	0.00124254	0.000694423	0.154728	0.000973375	0.567532	0.139356	0.000810145	0.000226495	0.00578995	0.000973332	0.00100866	0.00807633	0.0824087	0.00025115	0.000938563
66	0.153805	0.00153252	0.0838908	0.177279	0.00143514	0.00609927	0.00452647	0.0137918	0.0829849	0.00623272	0.00388081	0.0106637	0.242311	0.0531305	0.074196	0.0436679	0.0290727	0.0101816	0.00058218	0.000735757
67	0.204818	0.000541268	0.0713854	0.313124	0.000535673	0.0586944	0.0466473	0.00127277	0.0251768	0.00694113	0.00129984	0.0934121	0.000462898	0.101428	0.041168	0.0114925	0.0120062	0.00678909	0.00232837	0.000476385
68	0.00644037	0.00446256	0.000670847	0.00104232	0.283547	0.00071866	0.0761885	0.00439579	0.0011329	0.0236836	0.000729355	0.00822259	0.000313025	0.00854184	0.00124325	0.00482287	0.00929979	0.00118771	0.0264814	0.536876
69	0.0279597	0.00170576	0.00247875	0.00310485	0.31081	0.00199648	0.00281791	0.0109471	0.00407721	0.437639	0.121089	0.00308759	0.00111513	0.00692018	0.00428721	0.00438846	0.0191429	0.0324289	0.000773567	0.00323011
70	0.116746	0.000404648	0.0933135	0.280311	0.00221093	0.0232391	0.00799896	0.00931757	0.110222	0.00589045	0.00391578	0.0321482	0.0090473	0.0689293	0.0878503	0.0654111	0.0651658	0.0168815	0.000515064	0.000481859
71	0.00646986	0.00123378	0.00256093	0.0379788	0.0102332	0.00220907	0.038153	0.227712	0.0386872	0.299752	0.0620377	0.0546923	0.000976757	0.083081	0.0189191	0.00472501	0.0380172	0.0385031	0.000561982	0.0334961
72	0.0178945	0.000872286	0.0187785	0.00559555	0.000469627	0.85496	0.00374776	0.000814121	0.0173305	0.00123204	0.00420708	0.0421732	0.000301353	0.00111225	0.00898032	0.0150134	0.0047649	0.00116936	0.000246239	0.000337118
73	0.00934072	0.000609477	0.000579399	0.00332054	0.0136387	0.000598644	0.00335113	0.410398	0.00147108	0.0693307	0.00596142	0.0035263	0.000259919	0.0010965	0.006807	0.00374368	0.03742	0.417793	0.00346967	0.00728443
74	0.14574	0.000853541	0.117166	0.198686	0.000794219	0.00123832	0.00132284	0.00534206	0.0382441	0.00227213	0.00123521	0.00165545	0.367813	0.0397482	0.0267458	0.0312695	0.0160768	0.00274598	0.000420527	0.000630605
75	0.00644037	0.00446256	0.000670847	0.00104232	0.283547	0.00071866	0.0761885	0.00439579	0.0011329	0.0236836	0.000729355	0.00822259	0.000313025	0.00854184	0.00124325	0.00482287	0.00929979	0.00118771	0.0264814	0.536876
76	0.037515	0.00263422	0.0299794	0.0571255	0.00269264	0.00484483	0.226482	0.00597205	0.094762	0.0328431	0.004717	0.00699448	0.00224265	0.00848452	0.3299	0.0343784	0.0117183	0.0570799	0.00150746	0.0481265
77	0.00950416	0.0127551	0.000597551	0.000816148	0.0128275	0.000632178	0.000684244	0.480179	0.00109933	0.224156	0.0835994	0.000804849	0.00023777	0.000927169	0.00108023	0.0011046	0.0177303	0.149849	0.000212276	0.00120279
78	0.0149951	0.00282536	0.0314204	0.18418	0.0026962	0.00504502	0.00548097	0.234839	0.00938223	0.228478	0.00466039	0.0068066	0.00230558	0.00849107	0.00915669	0.0094384	0.0109301	0.225005	0.00145413	0.00241013
79	0.0154971	0.00288717	0.0363596	0.20794	0.0031044	0.00579301	0.00551873	0.00643953	0.0621764	0.0108275	0.00461371	0.0713233	0.00243493	0.08892	0.0921638	0.0107837	0.328858	0.00996195	0.00123633	0.0331603
80	0.103493	0.000977109	0.0344911	0.160849	0.00160287	0.00421887	0.00679525	0.00678242	0.16203	0.0109399	0.0026457	0.0144088	0.00727263	0.111824	0.2928	0.0220524	0.0427096	0.0123199	0.000671827	0.00111513
81	0.0027451	0.000471138	0.807566	0.0378664	0.000560817	0.00618341	0.000952293	0.00116127	0.00923269	0.00986063	0.000831716	0.0422827	0.000601887	0.0256372	0.0227963	0.00640589	0.0204055	0.00165703	0.000201094	0.00258127
82	0.0567678	0.11505	0.0147346	0.0205649	0.124787	0.0209622	0.106694	0.0278881	0.0233283	0.0362556	0.0212262	0.0248195	0.00993933	0.0272879	0.0269239	0.0304674	0.181885	0.0490773	0.0077973	0.0735425
83	0.250752	0.00997045	0.0132873	0.0205502	0.061838	0.0217726	0.0326245	0.0240832	0.0249146	0.0311968	0.0139353	0.021286	0.00947416	0.025186	0.0265401	0.0401467	0.0397495	0.0406161	0.00844537	0.283632
84	0.0961617	0.00393863	0.0219461	0.0027416	0.00111272	0.100796	0.00214027	0.00253874	0.00478272	0.00324915	0.00192043	0.0151605	0.0139026	0.00373419	0.00438022	0.657314	0.0589226	0.00340089	0.000540243	0.0013164
85	0.00939915	0.000398169	0.000582483	0.00337838	0.013372	0.00060313	0.00344419	0.409319	0.00148446	0.0661356	0.00442129	0.00362494	0.000259056	0.00111549	0.00695677	0.00381709	0.0379037	0.423005	0.00354069	0.00723952
86	0.0297804	0.00474576	0.002065	0.0075554	0.0148424	0.00176074	0.00425623	0.305664	0.00561908	0.0514173	0.0392977	0.00692403	0.00120254	0.0075542	0.00692597	0.00950885	0.0811222	0.410305	0.00294331	0.00651055
87	0.0190501	0.00233039	0.00479897	0.0542355	0.00288064	0.00461057	0.00521254	0.0555976	0.359601	0.035867	0.0286461	0.00889582	0.00292971	0.0348189	0.108451	0.0374815	0.154218	0.0761269	0.00153819	0.00270978
88	0.0255211	0.000856118	0.303554	0.414021	0.000837843	0.00155358	0.00506393	0.00199789	0.0111846	0.00340554	0.00196536	0.0112264	0.00071927	0.0313793	0.060573	0.0876671	0.0342394	0.0026458	0.000472941	0.00111623
89	0.0154941	0.00277675	0.00516832	0.00749193	0.00247379	0.00553673	0.00496761	0.128944	0.47734	0.124391	0.00497435	0.032821	0.00265666	0.00820949	0.0152364	0.0136474	0.0146191	0.128088	0.00173883	0.00342486
90	0.00939915	0.000398169	0.000582483	0.00337838	0.013372	0.00060313	0.00344419	0.409319	0.00148446	0.0661356	0.00442129	0.00362494	0.000259056	0.00111549	0.00695677	0.00381709	0.0379037	0.423005	0.00354069	0.00723952
91	0.152208	0.00129127	0.114675	0.190476	0.000849846	0.00194191	0.00149777	0.00529663	0.0379331	0.00289326	0.00155282	0.00201219	0.366258	0.0386248	0.0291382	0.031789	0.0171836	0.00316298	0.000505277	0.000710283
92	0.14574	0.000853541	0.117166	0.198686	0.000794219	0.00123832	0.00132284	0.00534206	0.0382441	0.00227213	0.00123521	0.00165545	0.367813	0.0397482	0.0267458	0.0312695	0.0160768	0.00274598	0.000420527	0.000630605
93	0.0203152	0.000881076	0.0186274	0.00603214	0.000930644	0.806564	0.00904826	0.00237407	0.0175341	0.00247092	0.0044239	0.0530926	0.000431409	0.00316807	0.0125136	0.024168	0.0129125	0.00340523	0.000378066	0.000728473
94	0.107728	0.00257345	0.00668531	0.0093214	0.00170245	0.10803	0.00855755	0.00398025	0.423807	0.00766844	0.00414878	0.0302438	0.00320003	0.069622	0.0980887	0.0792341	0.0265692	0.00627229	0.00140248	0.00116479
95	0.0764071	0.00562561	0.023546	0.0227554	0.00451809	0.0455752	0.0209855	0.0160717	0.118941	0.0173371	0.00828916	0.0467791	0.00767446	0.0306948	0.125825	0.235298	0.165909	0.0205302	0.00246777	0.00477082
96	0.0190372	0.00383604	0.00527902	0.00726367	0.163055	0.00648868	0.00770589	0.0115183	0.040364	0.18046	0.125026	0.00796257	0.0320036	0.0405923	0.0101592	0.0117182	0.11804	0.0156294	0.00181402	0.192046
97	0.11772	0.450724	0.0107245	0.0137476	0.026371	0.0442119	0.0112881	0.0428874	0.0134494	0.025823	0.024648	0.0130805	0.00618405	0.0134114	0.017125	0.032231	0.0278569	0.0974239	0.00184271	0.00924988
98	0.0969072	0.00393622	0.0215745	0.00277639	0.00111585	0.101668	0.00214158	0.00252844	0.00458476	0.00323621	0.00188834	0.0150728	0.0142595	0.00368285	0.00427277	0.656689	0.0584285	0.00339089	0.000539325	0.0013065
99	0.0103826	0.00146071	0.000595169	0.000719205	0.0221897	0.00125218	0.000658238	0.128107	0.000951031	0.595058	0.143352	0.000774368	0.000252813	0.00633137	0.00090156	0.000968872	0.00705346	0.0779923	0.000211736	0.000788562
100	0.121188	0.451479	0.00981833	0.0136099	0.026831	0.0424817	0.0116248	0.0472177	0.0146102	0.0245262	0.0228273	0.011668	0.00689552	0.0131886	0.0144923	0.0284792	0.0278731	0.103462	0.00164771	0.00607916
101	0.252937	0.00832739	0.0164257	0.0154737	0.00321618	0.0826184	0.00720231	0.0110224	0.0222435	0.0146379	0.00703645	0.0223796	0.0132033	0.0137015	0.0168218	0.418897	0.0529987	0.0169101	0.001619	0.00232835
102	0.0598952	0.00401748	0.0213889	0.0331082	0.00503195	0.0209247	0.03161	0.0158829	0.10805	0.0285691	0.0177745	0.0315576	0.0103867	0.0393937	0.445424	0.0395601	0.0433246	0.0352687	0.00289538	0.00593687
103	0.00974861	0.000826014	0.000790163	0.00110601	0.0113894	0.00381308	0.000932606	0.0383766	0.00146883	0.730156	0.159589	0.00118721	0.000409179	0.00783208	0.00192508	0.00141492	0.00464785	0.0235919	0.000196005	0.000599433
104	0.0476394	0.00201805	0.0178438	0.0314058	0.00229785	0.0146231	0.0346567	0.00868689	0.196549	0.014504	0.00744928	0.0257436	0.00646736	0.0402179	0.42417	0.0409741	0.0441228	0.0356651	0.00202537	0.0029395
105	0.0606695	0.00311501	0.028906	0.033207	0.00347378	0.0206874	0.0310879	0.0137738	0.125981	0.0255177	0.0174259	0.0264788	0.0102874	0.0350411	0.432993	0.0406661	0.0455471	0.0377345	0.00239549	0.00501139
106	0.324136	0.00949839	0.0100917	0.0123051	0.00167206	0.397777	0.0055535	0.00508674	0.0229386	0.0104905	0.00411054	0.0133855	0.00224134	0.00841188	0.0103503	0.115493	0.0365378	0.00732079	0.000848822	0.00175045
107	0.074165	0.00255021	0.00379462	0.00500912	0.00216695	0.00681824	0.0462394	0.214315	0.00723373	0.0411264	0.0034097	0.165443	0.00194338	0.0124806	0.00697668	0.158179	0.0946275	0.150336	0.00127224	0.0019139
108	0.00915333	0.00958053	0.00111427	0.00243965	0.0134986	0.000998905	0.00125937	0.419595	0.00214664	0.29135	0.0737019	0.00166818	0.000501977	0.00242941	0.00294507	0.00217802	0.0162086	0.146827	0.000532413	0.00187145
109	0.0134441	0.00705479	0.0025851	0.00302137	0.260853	0.00185167	0.0712358	0.0106048	0.00315484	0.0283607	0.00536329	0.00911536	0.00107744	0.0112826	0.00326751	0.00693406	0.0135355	0.0113947	0.0244196	0.511444
110	0.0572987	0.000703222	0.0190846	0.0017908	0.000830456	0.0503798	0.0259909	0.00170763	0.123035	0.00262555	0.00117448	0.0631178	0.000523358	0.0298218	0.312685	0.157581	0.148364	0.00210621	0.000446392	0.000733753
111	0.119148	0.0142448	0.00390314	0.00488303	0.107119	0.00378086	0.0227492	0.0842516	0.00676141	0.0650273	0.0531971	0.0228087	0.00163002	0.00592968	0.00707391	0.00695281	0.0491699	0.313253	0.0207973	0.0873202
112	0.446947	0.00515972	0.00804304	0.00947794	0.00148184	0.163597	0.00441183	0.0046296	0.0209121	0.0112022	0.00366776	0.00839411	0.00366	0.00952816	0.0122626	0.231858	0.0438867	0.00747546	0.000711678	0.00269328
113	0.0787173	0.000557539	0.0905416	0.188723	0.00439263	0.040264	0.0261574	0.0214996	0.0920324	0.0166696	0.00454965	0.0506534	0.00321541	0.105634	0.128603	0.070705	0.0506137	0.0202571	0.00140325	0.0048101
114	0.112831	0.00042686	0.0917775	0.273534	0.00223658	0.0213802	0.00799351	0.00923203	0.115502	0.00624873	0.00384457	0.0313121	0.00828828	0.0720605	0.100979	0.0621638	0.0628236	0.0163305	0.000535461	0.000499573
115	0.00856896	0.00183477	0.00331048	0.0419425	0.0187988	0.00360014	0.0631321	0.210867	0.032039	0.252861	0.0751682	0.0678013	0.00151553	0.0960859	0.0166431	0.00559129	0.0334179	0.0312201	0.000615428	0.0349861
116	0.0399601	0.00102888	0.0199776	0.00905004	0.000749384	0.655515	0.00697256	0.00203147	0.0769516	0.00299353	0.00367924	0.0488116	0.00103683	0.0142347	0.058197	0.0334913	0.0210698	0.00325641	0.000337476	0.000655882
117	0.103658	0.50272	0.00462584	0.00601449	0.0476472	0.0142546	0.00596722	0.0636688	0.00770063	0.00983369	0.0315254	0.005781	0.00245341	0.00647389	0.00846005	0.0147694	0.0134831	0.142402	0.000911409	0.00764947
118	0.0219673	0.00369114	0.126402	0.0540338	0.00380894	0.0108839	0.0217421	0.00943683	0.0135781	0.0114616	0.00720099	0.398285	0.0053376	0.0171352	0.0226109	0.135791	0.119286	0.0118447	0.00172853	0.00377351
119	0.141295	0.00357729	0.0120043	0.0408068	0.00330946	0.0255641	0.0131934	0.0195267	0.306663	0.0576954	0.0113035	0.0216926	0.0169163	0.0354898	0.135053	0.0879766	0.0323547	0.028416	0.00371455	0.00344689
120	0.00948135	0.0127023	0.000588583	0.000813645	0.0127975	0.000630592	0.000697086	0.480464	0.00110068	0.223923	0.0833088	0.000813807	0.000238352	0.000927263	0.00108028	0.00110714	0.0177906	0.1501	0.00021929	0.00121557
121	0.153449	0.0133302	0.00401611	0.00638406	0.0269758	0.00514554	0.00924948	0.169529	0.011637	0.277043	0.0890861	0.00953294	0.00200503	0.0122746	0.0192582	0.0128232	0.0223367	0.137549	0.00385858	0.0145151
122	0.0206807	0.00320039	0.00346788	0.00562976	0.0161256	0.00445181	0.00531863	0.0674345	0.00736833	0.643649	0.131509	0.00525745	0.00310759	0.0128449	0.00765326	0.00747758	0.0114084	0.0403333	0.000627257	0.00245518
123	0.0280068	0.00170896	0.0186466	0.00770892	0.000633266	0.815106	0.00534838	0.0016334	0.0198041	0.00345023	0.00430638	0.0401749	0.0013253	0.00402284	0.0126757	0.0222207	0.00872671	0.00333412	0.000313314	0.000853872
124	0.0565661	0.0116435	0.0270035	0.0351306	0.04181	0.0201385	0.268586	0.0301691	0.0384204	0.0395725	0.0169302	0.0609778	0.00795892	0.0557894	0.0674494	0.0413244	0.0512803	0.0406668	0.00780291	0.0807799
125	0.0557833	0.0128263	0.0272524	0.0341855	0.0335094	0.022839	0.277643	0.0255902	0.0547485	0.0418911	0.0135643	0.0591402	0.00976723	0.0511952	0.0815166	0.0438707	0.0504556	0.0366382	0.00604633	0.0615371
126	0.162686	0.00523731	0.00854077	0.0144349	0.00581848	0.00843131	0.0127281	0.016084	0.0687103	0.0794492	0.102689	0.0128916	0.00558988	0.0188484	0.40003	0.021442	0.022838	0.0257934	0.00283248	0.00492558
127	0.00463972	0.000536433	0.795566	0.0593795	0.000609517	0.00474748	0.00196617	0.00141037	0.00835956	0.0123007	0.00107319	0.0310308	0.000510418	0.0232772	0.0202895	0.0091148	0.0190897	0.00203717	0.000244483	0.00381703
128	0.00671203	0.000973699	0.776693	0.0512443	0.000721528	0.00999482	0.00169323	0.00139765	0.0114294	0.0111597	0.00151148	0.0368258	0.00201166	0.0259188	0.0242704	0.00995795	0.0205782	0.00298111	0.000521231	0.00340376
129	0.00995678	0.0127517	0.00064591	0.000793698	0.0133293	0.000650265	0.000687362	0.475327	0.00113333	0.226851	0.0859897	0.000860266	0.000249599	0.00100238	0.00107837	0.00111582	0.0175853	0.14856	0.000214388	0.00121811
130	0.00909424	0.00750334	0.000602471	0.00163941	0.0119467	0.000601776	0.00159175	0.457786	0.00119373	0.16598	0.0497011	0.00174079	0.000210996	0.000947344	0.00313772	0.00196418	0.023674	0.255971	0.00150552	0.00320752
131	0.195019	0.000737916	0.0518922	0.367723	0.000695295	0.0503182	0.0602717	0.00185494	0.0196458	0.00626465	0.00162978	0.0764528	0.000608717	0.102933	0.0354189	0.00870238	0.0108257	0.00661362	0.00166241	0.000730609
132	0.0934652	0.0123172	0.0222971	0.0244211	0.00623187	0.05253	0.0234525	0.0197513	0.044714	0.0209967	0.0111428	0.0597872	0.0120127	0.0311579	0.0660648	0.233433	0.229043	0.030182	0.00195272	0.0050473
133	0.0276103	0.00170503	0.00249273	0.00311071	0.31281	0.00204424	0.00277294	0.0103033	0.00412495	0.437668	0.12173	0.00304077	0.00109019	0.00665998	0.00432145	0.00440411	0.0194754	0.0311987	0.000796375	0.00263996
134	0.0138025	0.000889597	0.00138147	0.00168546	0.137213	0.002296	0.00143669	0.0398777	0.00222052	0.562286	0.174442	0.00166648	0.000596196	0.00624642	0.00224178	0.00252934	0.0104874	0.0370223	0.000316672	0.00136237
135	0.00941954	0.000728051	0.000744066	0.0010127	0.00902368	0.00418629	0.000820503	0.0339944	0.00135701	0.736977	0.164163	0.00102087	0.000361089	0.00748429	0.00148632	0.00123681	0.00414739	0.0207962	0.000253377	0.000787641
136	0.0628779	0.0062083	0.0380613	0.0176199	0.00462505	0.0279794	0.0253113	0.030323	0.0262542	0.0151826	0.00646947	0.223746	0.00855055	0.0234647	0.0302725	0.313916	0.0907247	0.0428352	0.00199939	0.00357819
137	0.0109402	0.000399716	0.000580426	0.000723584	0.0208723	0.00149742	0.000565175	0.0894439	0.00090434	0.642685	0.152864	0.000693286	0.000237908	0.00754821	0.000857605	0.00102397	0.0059708	0.0617506	0.000146049	0.000295782
138	0.0124303	0.00822388	0.00107747	0.0018167	0.0502145	0.000823394	0.00179721	0.352299	0.00244425	0.326442	0.0936802	0.00261257	0.000404437	0.00505102	0.00172909	0.00197674	0.0146773	0.118159	0.000381395	0.00375881
139	0.00644037	0.00446256	0.000670847	0.00104232	0.283547	0.00071866	0.0761885	0.00439579	0.0011329	0.0236836	0.000729355	0.00822259	0.000313025	0.00854184	0.00124325	0.00482287	0.00929979	0.00118771	0.0264814	0.536876
140	0.183177	0.00608229	0.0101485	0.0137514	0.00315719	0.0861743	0.0437863	0.0555651	0.0117328	0.0145347	0.00591228	0.154028	0.0028318	0.0428133	0.015397	0.14567	0.103326	0.0977401	0.00139203	0.00277946
141	0.270974	0.0021913	0.00640561	0.00425417	0.000806566	0.507893	0.00292597	0.00192654	0.0190806	0.00660676	0.00263088	0.0124531	0.00103405	0.00292139	0.00630445	0.122579	0.0250192	0.00279751	0.000405507	0.000789898
142	0.0573291	0.000782	0.0199463	0.00324151	0.000961187	0.0426184	0.0226969	0.0020792	0.13172	0.00325951	0.00146448	0.0537404	0.000781395	0.0372387	0.309793	0.153405	0.154772	0.00276354	0.000523082	0.000885421
143	0.0100694	0.000394453	0.000545374	0.000704292	0.0161328	0.00176946	0.000546047	0.0853709	0.000924819	0.65602	0.156873	0.000726849	0.00032104	0.00759894	0.00089343	0.000989261	0.00676434	0.052911	0.00013759	0.000306994
144	0.205834	0.00183877	0.00998217	0.0609256	0.00238055	0.0137238	0.00745181	0.00749167	0.352256	0.0129674	0.00732805	0.0139871	0.0273196	0.0282976	0.107755	0.0899233	0.0323683	0.0144382	0.00215884	0.0015723
145	0.475847	0.00239991	0.0026011	0.00336489	0.00148349	0.20778	0.00362607	0.00318862	0.0200133	0.0123972	0.0029407	0.00433769	0.00156363	0.00501857	0.00565229	0.191767	0.0493826	0.00437214	0.000690619	0.00157268
146	0.0413944	0.0084893	0.0117519	0.0164909	0.0274355	0.0129181	0.0136613	0.100688	0.019088	0.332744	0.201757	0.0134595	0.00391183	0.0252382	0.0339374	0.0182658	0.0308397	0.0766829	0.00198171	0.0092641
147	0.160349	0.00767188	0.0277054	0.0486026	0.00247726	0.0372126	0.00590365	0.00882049	0.038733	0.0144489	0.00837138	0.0153954	0.188842	0.0273518	0.0558667	0.289378	0.04107	0.0175896	0.00150159	0.00270768
148	0.160059	0.00272454	0.00390101	0.011371	0.00143263	0.0280291	0.0031475	0.00357373	0.00544315	0.0374151	0.00278967	0.0113029	0.630897	0.00556286	0.0193328	0.0113376	0.0498325	0.00932759	0.000798986	0.00172079
149	0.0528967	0.00268938	0.0117881	0.0281796	0.00256924	0.015029	0.016885	0.0302226	0.361807	0.0650856	0.00887583	0.0523255	0.00769753	0.0368076	0.138738	0.0661207	0.0303527	0.0639921	0.00402967	0.00390808
150	0.0251	0.00442829	0.00478795	0.00693501	0.163317	0.0055095	0.00848232	0.0238713	0.0329594	0.207038	0.120864	0.00868039	0.025121	0.0342182	0.00899188	0.0105157	0.106518	0.034094	0.00262395	0.165944
151	0.0582791	0.0108781	0.00271834	0.0126146	0.00142664	0.0022807	0.0472293	0.0837516	0.075317	0.196326	0.0542139	0.00368987	0.00246386	0.0377463	0.186932	0.0295517	0.0378014	0.150078	0.00422997	0.00247086
152	0.209172	0.0397856	0.0120267	0.00977842	0.00287856	0.0431112	0.01158	0.0145511	0.0120659	0.0137279	0.0069838	0.0886854	0.00789631	0.0148817	0.0134538	0.355183	0.118178	0.0217272	0.00156037	0.00277305
153	0.00269556	0.000469669	0.810656	0.0371065	0.000567997	0.005369	0.000961939	0.00109744	0.0094354	0.00985121	0.000778364	0.0391072	0.000463765	0.0270131	0.0233908	0.00614613	0.0207209	0.00154064	0.000207239	0.00242105
154	0.0028035	0.000458229	0.804565	0.0372334	0.000562394	0.00565986	0.000997712	0.00114589	0.00982505	0.00977661	0.000852788	0.043907	0.000677802	0.0262653	0.0240936	0.00607753	0.0208479	0.00158879	0.000238361	0.00242384
155	0.0254557	0.00125802	0.0158888	0.00622599	0.000383562	0.851497	0.00331183	0.000886618	0.0186052	0.00134296	0.00358347	0.0360321	0.000324508	0.00115797	0.0101655	0.0177956	0.00429811	0.00122795	0.000236044	0.000323048
156	0.0928246	0.000615008	0.0616091	0.170192	0.00185246	0.00903282	0.01249	0.0114432	0.144869	0.0110869	0.00317891	0.0305661	0.00480007	0.108556	0.242507	0.0326619	0.0413939	0.0190733	0.000693039	0.000555223
157	0.0134223	0.00277229	0.00633584	0.00608872	0.0276192	0.00422778	0.186554	0.0356221	0.00814731	0.124775	0.00546376	0.396673	0.00171526	0.0580205	0.00947237	0.00879889	0.0467802	0.0532727	0.00140388	0.00283578
158	0.0149466	0.00105559	0.00184764	0.0110504	0.0244469	0.00153994	0.0019112	0.197002	0.00309219	0.0154618	0.149875	0.0020626	0.000765843	0.0198278	0.00298411	0.00356731	0.0884088	0.458619	0.000453995	0.00108122
159	0.0127311	0.00539952	0.00144945	0.00525544	0.0161291	0.00159078	0.00241545	0.282949	0.00442517	0.381872	0.0873104	0.00346889	0.000584437	0.00516793	0.00492074	0.00444185	0.015579	0.161226	0.000892121	0.00219097
160	0.0667328	0.0110538	0.00327316	0.00373363	0.121129	0.00289628	0.0120431	0.199628	0.006336	0.121345	0.0764682	0.0125605	0.0023471	0.00696309	0.00499688	0.00471148	0.0319966	0.229092	0.00989835	0.0727955
161	0.0583388	0.00405571	0.0181077	0.0354933	0.00378301	0.0236409	0.0343827	0.0160259	0.111924	0.0297444	0.0196209	0.0284886	0.0093424	0.0400003	0.420836	0.0478102	0.0528773	0.0360535	0.00259242	0.00688203
162	0.116094	0.00425888	0.0285891	0.0512219	0.00197222	0.0169565	0.00359431	0.00418092	0.0143214	0.0310016	0.00362202	0.0101982	0.599225	0.0161799	0.0264416	0.0199026	0.0409402	0.00853394	0.000842993	0.0019226
163	0.00910934	0.000634692	0.000699542	0.000976608	0.00820334	0.0043313	0.000688294	0.031588	0.00120437	0.747914	0.161918	0.000967941	0.000361268	0.00749442	0.00104519	0.00130008	0.00420717	0.0167337	0.000253333	0.000369469
164	0.190617	0.199795	0.00300766	0.00362851	0.00513771	0.00297838	0.00304383	0.0607096	0.00509228	0.0281927	0.00514353	0.00420919	0.00197496	0.00420047	0.00507357	0.0703982	0.0353085	0.368517	0.000579819	0.00239248
165	0.00656676	0.00431876	0.000920787	0.00109816	0.278832	0.000830323	0.0745141	0.0047283	0.00210434	0.0293039	0.00392658	0.0081082	0.000901726	0.00986828	0.00138265	0.00501719	0.0119723	0.00145073	0.0255051	0.52865
166	0.191599	0.192246	0.00265663	0.00350761	0.00431052	0.00251285	0.00298973	0.0572275	0.00472731	0.0296635	0.00439314	0.00393485	0.00179176	0.00410425	0.00485179	0.0693156	0.0318002	0.385355	0.00064527	0.00236683
167	0.213596	0.00344859	0.00604675	0.0718902	0.00208813	0.00368319	0.00417088	0.0059396	0.124251	0.00820323	0.0192763	0.00630713	0.110279	0.0330026	0.185129	0.139069	0.0368348	0.0243081	0.00108907	0.00138718
168	0.0951833	0.00483161	0.117964	0.309578	0.00469595	0.0217306	0.0222816	0.0135329	0.0521433	0.0190987	0.00830352	0.037087	0.0373317	0.0582925	0.0648281	0.0559623	0.0487715	0.019208	0.00253206	0.00664308
169	0.168	0.00108794	0.058247	0.171397	0.00148437	0.0150789	0.0104282	0.0120897	0.197881	0.00728864	0.00400639	0.0269884	0.0230361	0.0473734	0.0964283	0.0699679	0.0678162	0.0199928	0.00081405	0.000593772
170	0.0113869	0.00157345	0.668907	0.125272	0.00204347	0.00548443	0.00372356	0.00445786	0.0100334	0.044555	0.00338278	0.0221166	0.00184448	0.0194618	0.0196865	0.0112948	0.0176816	0.00647926	0.000872635	0.0197428
171	0.00947791	0.0127539	0.00058947	0.000811618	0.0128544	0.000632187	0.000691399	0.48056	0.00110165	0.224142	0.0835164	0.000805709	0.000238349	0.000928321	0.00107183	0.00110001	0.0177431	0.149571	0.000212235	0.0011985
172	0.292545	0.00143342	0.017177	0.167884	0.0017041	0.00282354	0.00284139	0.250287	0.0187717	0.0196184	0.00273676	0.00381242	0.00113168	0.0323542	0.00447292	0.0331819	0.0335104	0.111454	0.000990795	0.00126932
173	0.146741	0.00088959	0.0251094	0.11853	0.000882738	0.00145191	0.00350334	0.00453341	0.228737	0.0122197	0.00274774	0.00604377	0.0168684	0.0683108	0.274974	0.0319251	0.0462426	0.00872648	0.000663716	0.000898928
174	0.00644037	0.00446256	0.000670847	0.00104232	0.283547	0.00071866	0.0761885	0.00439579	0.0011329	0.0236836	0.000729355	0.00822259	0.000313025	0.00854184	0.00124325	0.00482287	0.00929979	0.00118771	0.0264814	0.536876
175	0.752525	0.00074754	0.00142291	0.00183261	0.000837921	0.0122274	0.00153283	0.00143844	0.00279042	0.00251741	0.0013328	0.00221867	0.000829225	0.00261094	0.00243077	0.197785	0.00414508	0.00943091	0.000369287	0.00097538
176	0.101359	0.000308151	0.0910375	0.233949	0.00328689	0.0207788	0.0165591	0.0162453	0.0994853	0.0102062	0.00606462	0.0462752	0.00498151	0.102326	0.122574	0.0536487	0.0486762	0.0209803	0.000888085	0.000370609
177	0.205263	0.000553675	0.0706364	0.313562	0.000535762	0.0591052	0.0470632	0.00122281	0.024828	0.00701413	0.00126861	0.0932747	0.000421528	0.102077	0.0409214	0.0111026	0.0117143	0.00673345	0.00225363	0.000448098
178	0.00647806	0.00438311	0.000778228	0.00111582	0.296633	0.000724779	0.0741051	0.00505007	0.00120193	0.0237422	0.000831314	0.00811614	0.000346807	0.00848625	0.00138001	0.0048903	0.00927405	0.00133737	0.0256794	0.525446
179	0.111982	0.0046272	0.0133981	0.0276868	0.00299795	0.0194904	0.00422393	0.00493627	0.0101121	0.0369351	0.00337742	0.0140625	0.620702	0.0111374	0.0282188	0.019736	0.0546451	0.0091449	0.000865113	0.00172088
180	0.0106967	0.00400359	0.0005714	0.00254151	0.0126267	0.000632183	0.00253035	0.434561	0.00132209	0.114087	0.0255907	0.00288117	0.00024086	0.00103564	0.00516758	0.00310433	0.0324322	0.338174	0.00266562	0.00513583
181	0.00966041	0.00435032	0.000773701	0.00391006	0.0132479	0.000918882	0.00262774	0.435381	0.00148025	0.119264	0.0283605	0.00273805	0.000250761	0.00135256	0.00484784	0.00312352	0.0305236	0.329554	0.00234911	0.0052859
182	0.0963283	0.0647497	0.0222672	0.0379828	0.00703708	0.018573	0.0125184	0.0146361	0.0455849	0.0245123	0.0110975	0.0252058	0.289155	0.0254592	0.117001	0.114909	0.0433453	0.0218645	0.00277622	0.00499674
183	0.168696	0.16128	0.0652587	0.0745598	0.00516392	0.237287	0.0103572	0.0120515	0.0171966	0.0199954	0.00950251	0.0302261	0.00572761	0.0174815	0.0271913	0.0755318	0.0366257	0.020356	0.0014546	0.00405612
184	0.0970042	0.00448047	0.0284029	0.00418018	0.00116763	0.109819	0.00248078	0.00274979	0.00783668	0.00395988	0.0019726	0.0268393	0.0129302	0.00506511	0.0104416	0.612644	0.0620303	0.00380365	0.000610926	0.00158093
185	0.0587146	0.00690855	0.0200782	0.0483269	0.0104446	0.0167319	0.0258569	0.036468	0.0577278	0.131783	0.0384323	0.031791	0.00892149	0.14987	0.150909	0.0372848	0.108662	0.044095	0.00440881	0.0125856
186	0.14574	0.000853541	0.117166	0.198686	0.000794219	0.00123832	0.00132284	0.00534206	0.0382441	0.00227213	0.00123521	0.00165545	0.367813	0.0397482	0.0267458	0.0312695	0.0160768	0.00274598	0.000420527	0.000630605
187	0.0685461	0.00771047	0.094097	0.0489122	0.00248864	0.454392	0.00800527	0.00662597	0.0277438	0.0102247	0.00609349	0.128257	0.00256233	0.02035	0.0423389	0.0351374	0.02339	0.00981598	0.00100461	0.00230442
188	0.047686	0.0119885	0.00184537	0.0022637	0.0102929	0.00586399	0.00415118	0.0326057	0.0031639	0.649413	0.145062	0.00749023	0.00075033	0.0299161	0.00344401	0.0133057	0.00915024	0.0202253	0.000474619	0.000907363
189	0.0714148	0.00157778	0.00398143	0.0365459	0.00210811	0.0196855	0.00402477	0.0056031	0.339235	0.0061432	0.018235	0.0363783	0.0160451	0.3124	0.0522591	0.0117366	0.00983704	0.0502623	0.00108664	0.00144069
