425	20
1	0.111947	0.00834344	0.0225314	0.0603126	0.0169102	0.0611379	0.0336514	0.0179284	0.0346966	0.0242516	0.00527735	0.0620874	0.193632	0.0113185	0.0212886	0.24492	0.0546107	0.0111331	0.0010584	0.00296322
2	0.0651747	0.00231134	0.245555	0.313306	0.00203885	0.0323009	0.03031	0.00445067	0.0204218	0.0172702	0.00855	0.0462087	0.0133363	0.0673659	0.00804122	0.0467483	0.0471911	0.0171385	0.00174169	0.0105389
3	0.0151124	0.00590368	0.00172875	0.00294376	0.0800291	0.00526084	0.00267089	0.0806367	0.0079365	0.60734	0.0852866	0.00373261	0.00364289	0.00435163	0.00387008	0.00671229	0.00688432	0.0595363	0.00834486	0.00807541
4	0.0161188	0.0229824	0.0164794	0.00395364	0.250303	0.0034339	0.0548594	0.061264	0.0216008	0.0754369	0.012165	0.0189262	0.00351147	0.0283519	0.00488037	0.0271626	0.0211132	0.0473054	0.0208559	0.289296
5	0.0398743	0.0096447	0.00167377	0.0047226	0.0131631	0.00389585	0.000769522	0.280076	0.0104267	0.104172	0.0252449	0.00292973	0.000798078	0.00465513	0.00441479	0.00534825	0.0183645	0.467602	0.000239499	0.00198423
6	0.0467419	0.00853948	0.0240577	0.104484	0.00798631	0.0252321	0.0121265	0.0311854	0.0772045	0.0181466	0.0116039	0.0248944	0.00425921	0.045113	0.0560648	0.220544	0.192678	0.0612538	0.00366455	0.0242202
7	0.0402343	0.0106823	0.11368	0.0441535	0.0126235	0.278858	0.0201515	0.005757	0.0472735	0.0242113	0.00341385	0.209911	0.00271676	0.0318203	0.0134823	0.0734528	0.0296427	0.00893732	0.00118983	0.0278078
8	0.0710443	0.00596291	0.0286567	0.0858318	0.00290206	0.016722	0.0298426	0.023837	0.179733	0.0406242	0.0342055	0.0558241	0.00515856	0.104572	0.156542	0.0573312	0.0605058	0.0371991	0.000386462	0.00311789
9	0.132123	0.0080942	0.00386089	0.031797	0.00385473	0.00556969	0.00678204	0.00703702	0.022573	0.0982103	0.0158729	0.0258385	0.365496	0.137527	0.0246903	0.0457687	0.0125148	0.0465539	0.00161406	0.00422127
10	0.0228703	0.00409593	0.00143338	0.00443867	0.056902	0.00641956	0.00208596	0.149217	0.00856488	0.46711	0.0915115	0.00879808	0.0035525	0.00675995	0.00458523	0.00929098	0.0195684	0.114481	0.00596334	0.0123522
11	0.1437	0.114363	0.00472678	0.00766193	0.00568375	0.159266	0.0305974	0.0146671	0.00788003	0.0521771	0.00713778	0.00894296	0.00566642	0.0308894	0.00896577	0.21104	0.161541	0.0189236	0.00159501	0.00457551
12	0.0592606	0.0326903	0.010505	0.014991	0.0106979	0.0336032	0.0132036	0.0881384	0.0384793	0.231289	0.0158265	0.0203155	0.0706976	0.0415413	0.0173233	0.0296353	0.103266	0.111961	0.00381295	0.0527623
13	0.0160278	0.00667954	0.203351	0.517852	0.00171118	0.00998353	0.029337	0.00379814	0.0127706	0.0235973	0.00384077	0.015637	0.00396629	0.0854581	0.00442709	0.0253264	0.0182115	0.00524944	0.000695612	0.0120796
14	0.0778079	0.0137246	0.0108665	0.0319961	0.0228211	0.0109833	0.043725	0.0433056	0.0267892	0.0656416	0.0331009	0.0523661	0.0308292	0.0275565	0.0498707	0.0973616	0.158292	0.0704609	0.0945529	0.0379484
15	0.0148236	0.00668038	0.000396879	0.00186077	0.0646339	0.000822542	0.0017489	0.345478	0.000873368	0.279483	0.0683747	0.000645617	0.00182567	0.00170499	0.000626777	0.00502582	0.00753707	0.194948	0.000195606	0.00231419
16	0.0540502	0.0165114	0.0352045	0.0639325	0.0199295	0.0199898	0.0341143	0.0868808	0.0576268	0.0760384	0.0376307	0.0468364	0.00806579	0.0754279	0.0718288	0.085857	0.100775	0.0927075	0.00319047	0.0134024
17	0.00577942	0.00443329	0.00133225	0.00304657	0.120138	0.00264847	0.00298673	0.0687812	0.00522417	0.62746	0.0764278	0.00234631	0.00300685	0.00405641	0.00197035	0.00623689	0.00315661	0.0501763	0.00180513	0.00898694
18	0.0981271	0.0199307	0.0043569	0.00438825	0.00259184	0.0421896	0.00608563	0.00554042	0.00671474	0.0099178	0.00327581	0.0339319	0.452333	0.0170555	0.00562708	0.09275	0.181659	0.00694237	0.000698627	0.00588425
19	0.0571842	0.00529909	0.00226668	0.00886668	0.0267716	0.00669479	0.00122157	0.25395	0.00983299	0.235857	0.0817756	0.00930376	0.00304624	0.00928007	0.00812749	0.0159265	0.0396992	0.214212	0.00126112	0.00942412
20	0.0513564	0.0020157	0.0251987	0.0524405	0.000760732	0.0193696	0.0197526	0.0110975	0.277164	0.0184775	0.0176473	0.0764961	0.0112244	0.0798123	0.218616	0.0534544	0.041046	0.0182952	0.000452025	0.00532371
21	0.0161685	0.023091	0.0161268	0.0039317	0.249065	0.00337714	0.0543643	0.0614371	0.0211838	0.0750018	0.0119972	0.0187177	0.00352751	0.0278722	0.00495699	0.0268719	0.0208817	0.0467726	0.0208902	0.293765
22	0.0552061	0.202565	0.0303895	0.00842129	0.00672837	0.00883677	0.00763433	0.0107814	0.170632	0.0142942	0.00816395	0.0801968	0.0757842	0.0547368	0.0798967	0.100313	0.0394232	0.0112203	0.0284057	0.00637103
23	0.0475162	0.00182144	0.392671	0.209327	0.00161261	0.0281796	0.0332681	0.00422874	0.017134	0.0105659	0.00496533	0.063013	0.00952141	0.0510869	0.0100673	0.0535015	0.0437082	0.00927883	0.00108857	0.00744411
24	0.0214079	0.00559537	0.000998486	0.00375794	0.0421709	0.00162907	0.00144609	0.262176	0.00408173	0.377845	0.0603437	0.00247486	0.00310786	0.0034948	0.00279355	0.00609949	0.0115231	0.185768	0.000376992	0.0029086
25	0.0193318	0.0168458	0.0765084	0.0563265	0.00328054	0.051584	0.00419736	0.00393365	0.0181846	0.0194143	0.00229207	0.0847185	0.0776596	0.004134	0.00326	0.376485	0.171038	0.00825148	0.000674892	0.00187943
26	0.0391716	0.00346097	0.199996	0.071851	0.00783016	0.036942	0.030684	0.00321564	0.0403873	0.00947844	0.0032493	0.230796	0.00218895	0.0279992	0.0295949	0.147038	0.0993004	0.0117453	0.000543258	0.00452777
27	0.630036	0.0295789	0.00339317	0.00769615	0.00233734	0.0223867	0.00092593	0.00630799	0.00113702	0.0105634	0.00109653	0.00143188	0.00392233	0.00166719	0.00161798	0.214581	0.03518	0.0244249	0.000328475	0.00138625
28	0.0544827	0.0242798	0.0195522	0.04468	0.0364393	0.01415	0.0476786	0.0893332	0.0543079	0.0908063	0.0447053	0.0339451	0.0103787	0.0786825	0.0522346	0.0664068	0.0752879	0.10275	0.0236961	0.0362026
29	0.018502	0.00716845	0.000587641	0.00239557	0.0587246	0.00124628	0.00161692	0.336248	0.00189427	0.262913	0.0647713	0.00101364	0.0018681	0.00221348	0.00114159	0.00528903	0.00922389	0.220759	0.00019858	0.00222453
30	0.110455	0.0348444	0.0163572	0.0391169	0.0101125	0.063122	0.0539484	0.0622467	0.0497997	0.0649232	0.0186346	0.0213783	0.0066998	0.0453974	0.0637031	0.0733302	0.119316	0.137982	0.00218778	0.00644536
31	0.0160676	0.0107895	0.00089467	0.0019118	0.10653	0.0016253	0.00206103	0.325374	0.00364185	0.248595	0.068237	0.00374332	0.0019821	0.00242433	0.00132961	0.00685023	0.0178374	0.167512	0.00800042	0.00459305
32	0.0522037	0.0176211	0.0310008	0.0690798	0.0175744	0.0168858	0.0366622	0.0692545	0.0480891	0.0576525	0.0348866	0.047603	0.00827436	0.0622387	0.0622008	0.117621	0.151057	0.0780473	0.00517261	0.0168748
33	0.0530762	0.00790783	0.00222048	0.0148859	0.0644043	0.00392745	0.00681449	0.18963	0.00438079	0.143937	0.0187561	0.00503622	0.197059	0.00456937	0.0250563	0.0338644	0.0150595	0.193091	0.000883753	0.0154385
34	0.0181848	0.00682438	0.00115572	0.00139692	0.0147819	0.00390374	0.0010052	0.308083	0.00940654	0.0800693	0.0105556	0.00144956	0.000902043	0.00427863	0.00239657	0.00289674	0.00613642	0.52541	0.000312739	0.00084943
35	0.370574	0.0206569	0.00829135	0.0102916	0.0346113	0.278692	0.00466366	0.0122614	0.00648572	0.01482	0.00512653	0.0165658	0.0135084	0.0102572	0.00730578	0.0971032	0.0234701	0.029584	0.00120633	0.0345243
36	0.0562314	0.0168688	0.0355475	0.065827	0.0189776	0.0241356	0.034384	0.0831398	0.0600974	0.0728791	0.0365593	0.0474682	0.00774269	0.0764164	0.0738645	0.0852791	0.09888	0.0908439	0.00282323	0.0120345
37	0.219248	0.0444273	0.0111806	0.0112825	0.0138579	0.0205294	0.0027125	0.0292952	0.00331166	0.0405038	0.0378487	0.00398202	0.0016284	0.0136562	0.0106012	0.153584	0.306063	0.0740651	0.000527451	0.00169501
38	0.0676024	0.0059523	0.00575561	0.04813	0.0172151	0.00893823	0.0152041	0.0189341	0.0594438	0.0278482	0.0140573	0.0603891	0.00917219	0.0179092	0.015291	0.250047	0.254783	0.0557582	0.00941331	0.0381561
39	0.0150891	0.00690043	0.00043407	0.00189397	0.0689787	0.000910514	0.00173482	0.341573	0.0012751	0.275821	0.0685804	0.00082712	0.0018512	0.00176422	0.00073362	0.00516612	0.00869168	0.194102	0.000841838	0.00283114
40	0.0871432	0.0189741	0.00414671	0.0123266	0.0130011	0.0192217	0.0331147	0.0167811	0.0643723	0.0239893	0.00800394	0.0519217	0.25948	0.0188682	0.0703417	0.210986	0.0521381	0.0294151	0.000830451	0.00494386
41	0.00760393	0.00474348	0.00115026	0.00282112	0.0666269	0.0024379	0.00257791	0.145043	0.00489248	0.567726	0.076974	0.00228025	0.00458217	0.00374412	0.00155813	0.00531373	0.00446687	0.0870527	0.00221576	0.00618881
42	0.0127401	0.0118395	0.00124885	0.00122538	0.243679	0.00124963	0.0276972	0.00428983	0.00182994	0.00790029	0.00425211	0.00588329	0.000835989	0.00202892	0.00577769	0.00825941	0.00470239	0.00305083	0.0079705	0.643539
43	0.00460095	0.0037184	0.00220148	0.00447511	0.0652198	0.00220093	0.00236271	0.0506753	0.00737678	0.700206	0.078227	0.00294207	0.0031731	0.00567417	0.00178923	0.00530501	0.00339278	0.0458982	0.00170722	0.00885385
44	0.0189414	0.0258901	0.000533321	0.0137523	0.000599521	0.00933367	0.0191202	0.00681968	0.318608	0.0354722	0.0249499	0.0122336	0.00408207	0.0755077	0.382693	0.0172461	0.0106158	0.0125995	0.00357901	0.00742272
45	0.0767093	0.0100221	0.0352124	0.0915738	0.00407956	0.0167665	0.0335149	0.0271268	0.124093	0.0415522	0.0307234	0.0511438	0.00285085	0.106327	0.123153	0.0896819	0.0949242	0.0349274	0.00103578	0.00458204
46	0.134915	0.0108832	0.0140686	0.011895	0.0122571	0.540555	0.00640056	0.00855203	0.00933681	0.016366	0.00498033	0.0314099	0.0181289	0.0140724	0.0108018	0.100723	0.0281808	0.0158077	0.000835486	0.00983093
47	0.0363685	0.0150763	0.0203536	0.0587962	0.0209279	0.0126525	0.0230309	0.081576	0.0931267	0.102446	0.0431537	0.0348643	0.00696747	0.0842527	0.12901	0.0612848	0.0847226	0.0829968	0.00186574	0.00652777
48	0.0497118	0.0141177	0.120334	0.0434258	0.0177596	0.279279	0.0321414	0.00675666	0.0566996	0.0184786	0.00281849	0.164502	0.00313062	0.0445919	0.0204526	0.0525106	0.0338705	0.00772918	0.000926478	0.0307636
49	0.0172328	0.03813	0.00548023	0.0557528	0.00513078	0.00780816	0.00930037	0.0309023	0.200936	0.0271419	0.0881847	0.0287339	0.0379517	0.0494402	0.226789	0.0364459	0.058478	0.0695489	0.00173866	0.00487312
50	0.0544542	0.0112843	0.0389368	0.0942812	0.0138548	0.0182783	0.0309032	0.103624	0.0649019	0.0799689	0.0353755	0.0346406	0.0271731	0.0779737	0.0552621	0.0674682	0.0659568	0.116658	0.00167899	0.00732522
51	0.202665	0.0176681	0.0118607	0.0728939	0.0104626	0.266221	0.0111487	0.0134313	0.0116756	0.0151024	0.00651672	0.0188014	0.111263	0.00903448	0.00864081	0.112456	0.0729309	0.0176624	0.00203684	0.00752793
52	0.031079	0.00183654	0.62118	0.0683312	0.00202491	0.0214961	0.0260325	0.00705148	0.00744302	0.0042617	0.00188585	0.0946912	0.00892658	0.0175472	0.00726256	0.042949	0.02853	0.00341806	0.000429783	0.00362361
53	0.0943388	0.038202	0.00362211	0.0108214	0.00730118	0.044594	0.0339928	0.0205896	0.0641561	0.0250901	0.0148881	0.0430217	0.249189	0.0195717	0.0559679	0.160514	0.056499	0.047465	0.00165187	0.00852339
54	0.0763107	0.00687342	0.0530377	0.0500719	0.0337956	0.0643483	0.0411168	0.0105131	0.0482601	0.0561851	0.0211218	0.0757507	0.0102653	0.0320649	0.0557745	0.272444	0.062563	0.00597876	0.0031343	0.0203901
55	0.0676687	0.018971	0.0263048	0.060755	0.0100064	0.0164679	0.0299761	0.0443879	0.0932443	0.0944935	0.0521049	0.0630301	0.00498163	0.0940109	0.115682	0.0709546	0.0698291	0.0556167	0.00348093	0.0080339
56	0.0720683	0.00538744	0.00475972	0.0149186	0.0195564	0.00716304	0.00152037	0.181942	0.0189885	0.218474	0.085732	0.0192283	0.00108209	0.0190436	0.0187165	0.0256813	0.0579423	0.22309	0.000626769	0.00407899
57	0.0878584	0.00490342	0.0364124	0.0831511	0.00134575	0.0192888	0.0342366	0.0203094	0.152719	0.0386749	0.0230813	0.069049	0.00401533	0.109619	0.139748	0.0873992	0.0598353	0.0226672	0.00185398	0.00383089
58	0.0489786	0.00186103	0.0252433	0.0490036	0.000730241	0.0205644	0.0181925	0.0112915	0.280015	0.0167271	0.0166465	0.0766459	0.0131129	0.0778738	0.228462	0.0533586	0.0375919	0.0184171	0.000420119	0.00486361
59	0.0161188	0.0229824	0.0164794	0.00395364	0.250303	0.0034339	0.0548594	0.061264	0.0216008	0.0754369	0.012165	0.0189262	0.00351147	0.0283519	0.00488037	0.0271626	0.0211132	0.0473054	0.0208559	0.289296
60	0.0573974	0.00779985	0.0818983	0.0783096	0.0294677	0.0784268	0.101861	0.0424759	0.0826022	0.0379898	0.0124239	0.0273251	0.0206988	0.0816095	0.114536	0.0750779	0.0275906	0.0178459	0.00241587	0.0222478
61	0.0200969	0.0207571	0.01278	0.00470753	0.221171	0.00473309	0.0450448	0.0589922	0.0186986	0.0963014	0.0202653	0.0189719	0.00645203	0.0224623	0.00874752	0.0280378	0.0270958	0.0456507	0.0609837	0.258051
62	0.006616	0.0039413	0.00209319	0.00431051	0.0577024	0.00247619	0.00276166	0.0584935	0.0106435	0.675025	0.0869398	0.00394824	0.00318816	0.0067105	0.00328809	0.00632548	0.00544337	0.050814	0.00195348	0.00732605
63	0.0412397	0.0022239	0.508009	0.118808	0.00183089	0.0257914	0.0286599	0.00520607	0.0154349	0.00683427	0.00321505	0.0803282	0.00912601	0.0313732	0.0130384	0.0590086	0.0387638	0.00575777	0.000731582	0.00461892
64	0.036631	0.00297136	0.0210897	0.041699	0.00129569	0.0349447	0.0200246	0.0137233	0.222098	0.0140318	0.0107886	0.0975682	0.0445397	0.0859055	0.21774	0.0750005	0.0353653	0.020783	0.000612682	0.00318776
65	0.00674816	0.00359127	0.00161788	0.00343228	0.0614356	0.00317777	0.00428994	0.0798493	0.00601368	0.610351	0.122167	0.00307336	0.00598115	0.00431958	0.00208412	0.0110951	0.0085695	0.0526207	0.00262814	0.00695491
66	0.216202	0.0461734	0.0119897	0.0118126	0.0144911	0.0170415	0.00207889	0.0293621	0.0031519	0.0401092	0.0390042	0.00382647	0.00131623	0.0138352	0.0112905	0.15086	0.306062	0.0793487	0.000563611	0.00148068
67	0.0190637	0.0161709	0.0158665	0.00388801	0.335282	0.00596577	0.0297517	0.0521945	0.0278294	0.157355	0.0381792	0.0177585	0.00305858	0.0159869	0.00840878	0.0254653	0.013386	0.0257387	0.0105875	0.178063
68	0.0293099	0.00447306	0.0163669	0.0371749	0.00166077	0.029605	0.0168064	0.0151336	0.216358	0.0170142	0.0120691	0.0794186	0.0509818	0.0862131	0.257088	0.0708442	0.033596	0.0217662	0.000812947	0.00330661
69	0.0902108	0.00490966	0.0367535	0.091931	0.0011988	0.0182655	0.0367592	0.0194094	0.150045	0.0403013	0.0256665	0.0630455	0.00257066	0.118022	0.130579	0.0795492	0.0626048	0.0233459	0.00136675	0.00346481
70	0.0337319	0.00572115	0.00132665	0.00670548	0.0445415	0.00226058	0.00124352	0.30442	0.00507411	0.253863	0.0736949	0.0035358	0.00141213	0.00487824	0.00376211	0.00835325	0.0210611	0.221049	0.000168038	0.00319728
71	0.0622484	0.00239358	0.232392	0.333103	0.00249225	0.0354337	0.0293706	0.00492488	0.0221293	0.0168933	0.00913323	0.0428176	0.0124256	0.066689	0.00938239	0.0453808	0.0436163	0.0160934	0.00165753	0.0114229
72	0.0837438	0.00572909	0.0337313	0.0942548	0.00238316	0.0169526	0.0356469	0.0227979	0.153084	0.0439545	0.0325961	0.0569377	0.00282842	0.115978	0.1354	0.0648172	0.0622109	0.0331456	0.000618531	0.00318884
73	0.0161188	0.0229824	0.0164794	0.00395364	0.250303	0.0034339	0.0548594	0.061264	0.0216008	0.0754369	0.012165	0.0189262	0.00351147	0.0283519	0.00488037	0.0271626	0.0211132	0.0473054	0.0208559	0.289296
74	0.0164186	0.00486716	0.00167505	0.00429442	0.0370816	0.00284324	0.00227244	0.140431	0.00845029	0.570722	0.0585924	0.00403985	0.00392851	0.00563458	0.00376757	0.00657881	0.0105393	0.111326	0.00172981	0.00480655
75	0.067212	0.00991579	0.016348	0.0486472	0.0241843	0.0109566	0.043834	0.062635	0.0356215	0.058258	0.0324005	0.0616907	0.0124703	0.0408955	0.0396205	0.138413	0.184232	0.0643971	0.0139706	0.0342973
76	0.0186647	0.00717107	0.00117098	0.00132939	0.013029	0.00398772	0.000969868	0.306954	0.00976137	0.0705123	0.00793291	0.00147203	0.000906663	0.00428001	0.00247117	0.00272455	0.00612501	0.539455	0.00031329	0.000768424
77	0.0294981	0.00437246	0.178277	0.40146	0.00371494	0.0178176	0.0233981	0.0142553	0.0591579	0.0260117	0.00815909	0.0317098	0.00646558	0.083483	0.0244441	0.0260181	0.0235833	0.0105568	0.00132407	0.0262923
78	0.00544594	0.0120552	0.00331092	0.00184495	0.51654	0.00745695	0.00725055	0.0138485	0.00609227	0.246313	0.0717956	0.00417893	0.00125615	0.0023557	0.0107733	0.0123828	0.00329862	0.0049949	0.00100595	0.0677996
79	0.102041	0.0309076	0.00318219	0.00890823	0.0070334	0.0246148	0.0306401	0.0208116	0.0586228	0.0284816	0.00954764	0.0452646	0.280078	0.0207772	0.0534542	0.154146	0.060828	0.0495864	0.000954098	0.0101205
80	0.0264581	0.0114821	0.000816381	0.000979694	0.00455655	0.00197685	0.00078684	0.293787	0.00526016	0.0260474	0.00561947	0.00116841	0.000676449	0.00195221	0.00408078	0.00223811	0.00670897	0.604463	0.000261482	0.000680194
81	0.0712797	0.00642385	0.0103028	0.023213	0.0145698	0.00746173	0.00118573	0.212128	0.0183078	0.177285	0.0663181	0.0106296	0.00100349	0.0155866	0.0151932	0.0246526	0.0516489	0.268792	0.000315116	0.00370327
82	0.0154884	0.0197558	0.0109372	0.00285682	0.247516	0.00222143	0.0522767	0.0433403	0.0145606	0.0529207	0.0091951	0.0142207	0.00270416	0.0186953	0.00531408	0.0228962	0.0156121	0.0314743	0.0198622	0.398152
83	0.0869751	0.0175921	0.0181818	0.0386277	0.0399238	0.0297874	0.0634506	0.0396591	0.0302361	0.0693933	0.0361291	0.0639108	0.00388929	0.0721959	0.0507632	0.148685	0.0887976	0.0326905	0.00497838	0.0641332
84	0.0474948	0.044278	0.0100305	0.00713104	0.184616	0.00582309	0.0445475	0.0661784	0.0171678	0.060925	0.0125883	0.044343	0.0713965	0.031672	0.00953294	0.0532315	0.023557	0.0603757	0.0364065	0.168704
85	0.0488488	0.00320194	0.288064	0.313512	0.00232457	0.0266657	0.0297528	0.00577924	0.0191943	0.0195476	0.00726535	0.0444032	0.0104205	0.0626356	0.0094004	0.0427641	0.0416788	0.0137067	0.00133151	0.00950338
86	0.049767	0.0431092	0.0245306	0.00896532	0.00731069	0.0324795	0.0490194	0.0343669	0.0116536	0.0637197	0.00867744	0.0145109	0.318655	0.0741104	0.012695	0.0682528	0.0864946	0.0177959	0.00217864	0.0717073
87	0.0287872	0.00347513	0.23181	0.44782	0.00162578	0.0162956	0.0270224	0.00510062	0.0222294	0.0182682	0.0047873	0.0305676	0.00607774	0.0731131	0.00685493	0.0282182	0.0249242	0.00826137	0.00102724	0.0137341
88	0.0593206	0.00470318	0.00209041	0.0104313	0.0268396	0.00477566	0.00114413	0.189741	0.0169756	0.2464	0.0983798	0.0240668	0.0012051	0.0251815	0.0158271	0.0145639	0.0499206	0.201896	0.00188059	0.00465823
89	0.0210081	0.00523112	0.199537	0.486413	0.00198369	0.0120894	0.0325152	0.00762769	0.0188083	0.0246999	0.00550175	0.0196383	0.00474555	0.0803416	0.0107401	0.0279527	0.0211419	0.00894063	0.000959431	0.0101249
90	0.0900819	0.00774846	0.0408838	0.0855978	0.00597531	0.0205911	0.0402766	0.038606	0.103761	0.0531615	0.0289271	0.0610099	0.00440958	0.105974	0.105465	0.0896942	0.0705394	0.0402515	0.00194106	0.00510529
91	0.028873	0.0235953	0.00714609	0.0287233	0.00239176	0.0125526	0.0191079	0.0132551	0.269609	0.0440231	0.0590396	0.0252347	0.00756814	0.0835587	0.291158	0.0258215	0.0241537	0.023249	0.00375455	0.00718513
92	0.0207027	0.0218347	0.014736	0.0047007	0.233066	0.0047255	0.0700974	0.0541626	0.019375	0.0671703	0.0149018	0.018446	0.00377796	0.0363672	0.00700814	0.0271336	0.0234332	0.0454153	0.0183851	0.294561
93	0.0970814	0.0178807	0.0160442	0.0283524	0.0453977	0.0299309	0.0731063	0.0356295	0.024409	0.0741724	0.043224	0.0697638	0.00438261	0.0660813	0.0564332	0.150065	0.0738044	0.0230044	0.00566789	0.0655682
94	0.0270422	0.0203624	0.00377713	0.0273537	0.00168081	0.00978585	0.0172157	0.0142341	0.29593	0.036433	0.0365408	0.0198837	0.00699175	0.0707228	0.335769	0.0215371	0.0232409	0.0231904	0.00263664	0.00567114
95	0.0221455	0.00698744	0.0025882	0.00616912	0.0361685	0.00465751	0.00391127	0.167321	0.00898577	0.340407	0.21109	0.00836784	0.00347954	0.00884469	0.00761894	0.0179824	0.044091	0.0900398	0.00391094	0.00523311
96	0.0713627	0.00965045	0.0154533	0.047388	0.0246275	0.0113246	0.0427494	0.0611446	0.0353929	0.0601534	0.0329507	0.0604151	0.0119712	0.0393465	0.0376245	0.141334	0.186292	0.0628246	0.012928	0.0350675
97	0.0700645	0.0235791	0.015166	0.0256028	0.00753213	0.0193834	0.06543	0.0185788	0.141894	0.0573509	0.0321307	0.0544376	0.00595201	0.0715104	0.226527	0.0666302	0.0348262	0.0232661	0.0235586	0.0165801
98	0.0595845	0.0134	0.0398065	0.0596044	0.0166829	0.02122	0.0337832	0.107266	0.0545805	0.0840355	0.0356475	0.038276	0.0190861	0.0758087	0.0596894	0.0741838	0.0812915	0.114615	0.00217357	0.00926501
99	0.104542	0.00564305	0.0387419	0.0797268	0.00172127	0.0199881	0.0382495	0.019813	0.119903	0.0417855	0.0216722	0.0707728	0.00217152	0.115391	0.123798	0.109011	0.0599703	0.0182909	0.00339611	0.00541199
100	0.0853699	0.00714052	0.017185	0.02928	0.0157996	0.00892668	0.0409508	0.0394728	0.0328458	0.0526979	0.0206598	0.0866844	0.00925665	0.0306404	0.0459254	0.174439	0.209612	0.0365048	0.0108839	0.0457249
101	0.116447	0.00857816	0.0779539	0.0256337	0.0373539	0.27733	0.0159196	0.0111908	0.0243249	0.0392975	0.00927862	0.110588	0.0059959	0.0274743	0.0194099	0.0976046	0.0491065	0.0286491	0.00151596	0.016348
102	0.0610268	0.0136	0.0370127	0.0556276	0.0184009	0.0218636	0.0318373	0.109926	0.0498106	0.0881176	0.0384665	0.0363511	0.0195058	0.0677225	0.0578592	0.0754566	0.0820907	0.124514	0.00209609	0.00871458
103	0.056475	0.0167099	0.0341857	0.0612425	0.0189108	0.0221293	0.0329933	0.0878726	0.0531953	0.077867	0.0395403	0.0464045	0.0084624	0.0707026	0.0675057	0.0883199	0.100001	0.102882	0.00290815	0.0116929
104	0.055209	0.00200541	0.35446	0.23633	0.00167754	0.0306689	0.0321083	0.00417253	0.0172188	0.0121731	0.0059056	0.0585969	0.0109226	0.0540457	0.00918594	0.049214	0.0451891	0.0115057	0.0012132	0.00819763
105	0.0261739	0.0127559	0.0083528	0.0253352	0.000908161	0.014489	0.0219948	0.0098606	0.303755	0.0239064	0.0167574	0.0376136	0.0232575	0.0716727	0.325311	0.0342613	0.0229819	0.013582	0.00159681	0.00543337
106	0.0639697	0.00221009	0.255921	0.305416	0.00205076	0.0317543	0.0311634	0.00442408	0.0194045	0.0163112	0.00805844	0.0503933	0.0125787	0.0659308	0.00772308	0.046583	0.0473185	0.0163755	0.00167085	0.0107423
107	0.0661495	0.00559527	0.00265571	0.0121778	0.0210705	0.00566851	0.00142509	0.176451	0.0177854	0.27289	0.0855343	0.0232343	0.00120907	0.0215547	0.0209173	0.0162078	0.0494724	0.194575	0.000784802	0.00464241
108	0.0313027	0.0154202	0.0122609	0.032709	0.00182128	0.0180952	0.0181626	0.0140576	0.258445	0.0250231	0.0181976	0.0488397	0.0384726	0.0888523	0.276158	0.0475808	0.0285981	0.0187301	0.00218279	0.00509001
109	0.0962496	0.0170886	0.0061654	0.0123331	0.00500151	0.0290707	0.011806	0.016638	0.013495	0.0315956	0.00770504	0.0274276	0.450339	0.0350133	0.0172488	0.0830678	0.108099	0.0218099	0.001619	0.00822779
110	0.0383083	0.00450213	0.180804	0.0780061	0.00569827	0.0468572	0.0230859	0.00301489	0.039869	0.00853492	0.00323145	0.201036	0.00722182	0.029213	0.0299064	0.176684	0.10723	0.0126831	0.000486006	0.00362734
111	0.106963	0.0254211	0.0035555	0.00937773	0.00744397	0.0254211	0.0267727	0.0283523	0.0713864	0.0311167	0.00943647	0.0501889	0.252345	0.016905	0.0559075	0.15786	0.0539603	0.05932	0.00101485	0.00725157
112	0.061758	0.00720799	0.0451524	0.112936	0.00650472	0.0116625	0.00921443	0.178667	0.0377166	0.067832	0.0599516	0.0138302	0.00959453	0.0396098	0.0249768	0.0420438	0.0607508	0.20654	0.000883119	0.00316811
113	0.0188266	0.0256248	0.000673957	0.0145758	0.000798829	0.00945025	0.0189364	0.00718016	0.316251	0.0377743	0.0254842	0.01251	0.0040502	0.0758212	0.378803	0.0173748	0.0112308	0.0132394	0.00360304	0.00779194
114	0.0896997	0.00495139	0.0377437	0.0915736	0.00119335	0.0181313	0.038733	0.0189901	0.150247	0.0386819	0.0247851	0.0644667	0.00365907	0.115574	0.133583	0.0784941	0.061687	0.0227277	0.00133488	0.00374314
115	0.0553806	0.0161404	0.0351503	0.0642163	0.0196216	0.0203377	0.0342568	0.0855173	0.0588439	0.0764446	0.0376476	0.047409	0.00795105	0.0765917	0.0732132	0.0857374	0.0981296	0.0911047	0.00309177	0.0132146
116	0.00549556	0.00344406	0.00125439	0.00329469	0.0421899	0.00187103	0.00217354	0.0856326	0.00561705	0.709876	0.0646108	0.00228719	0.00295993	0.00346442	0.00156574	0.00467495	0.00304086	0.0499376	0.00150208	0.00510771
117	0.0908634	0.00674203	0.0399843	0.0992622	0.00379093	0.0177626	0.0420857	0.0289718	0.122638	0.0465201	0.0312508	0.059565	0.00330268	0.113891	0.110791	0.0760621	0.0677835	0.0334736	0.00113915	0.00411899
118	0.0608864	0.0141042	0.0357169	0.0703999	0.0172655	0.0197325	0.0342633	0.0756163	0.0687352	0.0717965	0.0379003	0.0513969	0.00677859	0.0812671	0.0794521	0.0844474	0.0957886	0.0812599	0.00255109	0.0106415
119	0.0233546	0.00596872	0.000774299	0.00360202	0.0529959	0.00140653	0.00147977	0.325177	0.00276377	0.2689	0.0717441	0.00183219	0.00158682	0.00331468	0.001874	0.00708578	0.0130074	0.210275	0.000154193	0.00270371
120	0.016263	0.00666768	0.000430824	0.00216185	0.0629759	0.000896864	0.00168585	0.340738	0.00117395	0.279427	0.0696365	0.000898129	0.0018167	0.00192359	0.000893834	0.00529003	0.00831592	0.196249	0.000221913	0.00233378
121	0.156794	0.0112469	0.0517782	0.0297834	0.00491402	0.031138	0.0281432	0.0200042	0.0879296	0.0339125	0.00998483	0.0887322	0.00249472	0.0947886	0.123944	0.164261	0.0308534	0.00711586	0.00717273	0.0150081
122	0.0652439	0.00232481	0.245476	0.313231	0.00203954	0.0323286	0.0302724	0.00444051	0.0204705	0.0172543	0.00852127	0.0462345	0.0133334	0.0673973	0.00803871	0.0467333	0.0472009	0.0171578	0.00174635	0.0105546
123	0.00599545	0.00515629	0.21281	0.563432	0.00126798	0.00541158	0.0314168	0.00309973	0.0105257	0.0199916	0.00231755	0.010732	0.00137354	0.0811314	0.00341508	0.0192778	0.0102189	0.00228615	0.000458785	0.00968157
124	0.0306908	0.01561	0.00792793	0.0255053	0.000583755	0.0138246	0.0166076	0.00741729	0.330008	0.0251382	0.0224224	0.0328329	0.00639521	0.0734019	0.324788	0.0258038	0.0198076	0.0130858	0.00206976	0.00607926
125	0.0858549	0.00669871	0.0817012	0.126738	0.00626837	0.0250572	0.0365238	0.0282277	0.0855065	0.0473944	0.0254528	0.0606151	0.00562169	0.0989302	0.0858512	0.0856961	0.0656446	0.03194	0.00214552	0.00813156
126	0.0603304	0.0129661	0.0398271	0.0673314	0.0149579	0.0199719	0.0384386	0.0744653	0.0619035	0.100199	0.0328652	0.0484582	0.00887189	0.074117	0.0757503	0.0890154	0.0914709	0.0744659	0.00294884	0.0116448
127	0.014812	0.0064914	0.0004199	0.00187217	0.0629339	0.000852358	0.00174219	0.345872	0.00107466	0.275277	0.0669493	0.000632256	0.00179765	0.00189078	0.000661552	0.00500874	0.00755385	0.20176	0.000182673	0.00221562
128	0.0443901	0.0577212	0.0121268	0.0187052	0.0590048	0.0156871	0.0367566	0.0357755	0.0529715	0.0618531	0.0315176	0.0319931	0.0208638	0.0409785	0.104252	0.0436012	0.0451791	0.0751832	0.119013	0.0924264
129	0.0188372	0.0236378	0.00153397	0.0139217	0.000673403	0.00926916	0.0167428	0.00680171	0.324524	0.0296792	0.0214759	0.0141894	0.00584414	0.0748487	0.382057	0.0206435	0.0134072	0.0115189	0.00332053	0.00707369
130	0.0125597	0.011332	0.000870886	0.00114512	0.244102	0.00117653	0.0256642	0.00271632	0.00127072	0.00615796	0.0040026	0.00552508	0.000741259	0.0013162	0.0055892	0.00745191	0.00412926	0.00171504	0.00744468	0.65509
131	0.0518684	0.0180157	0.0244018	0.0377339	0.00835503	0.0757238	0.0259431	0.0184797	0.176358	0.0352207	0.0235639	0.0448474	0.0139202	0.0687632	0.241871	0.0595948	0.0369803	0.0243876	0.00408257	0.00988837
132	0.0142757	0.0158366	0.00150033	0.00226788	0.214105	0.00190476	0.0805096	0.003466	0.00222279	0.00602116	0.00610437	0.00541544	0.00124654	0.00460036	0.0141877	0.0110212	0.00630783	0.00328384	0.00704379	0.598679
133	0.0171129	0.0175267	0.00475216	0.00203466	0.2322	0.00172185	0.047945	0.0186376	0.00650016	0.0236229	0.00623136	0.0084201	0.00183365	0.00824014	0.00715501	0.0184765	0.010438	0.0136262	0.0137099	0.539815
134	0.0313108	0.00539639	0.00187284	0.00560481	0.0563162	0.0045188	0.00226952	0.16885	0.00780463	0.463286	0.0693265	0.00506246	0.00553218	0.00613702	0.00520756	0.00871746	0.0147658	0.130044	0.00247545	0.005502
135	0.19078	0.0649995	0.0118512	0.00768269	0.0158985	0.00945464	0.00204433	0.016858	0.00428954	0.0388962	0.0599831	0.00510999	0.00173272	0.0217162	0.0232259	0.143478	0.284281	0.09557	0.00052857	0.00161978
136	0.0388354	0.0056189	0.0170016	0.0352224	0.000963089	0.0209412	0.0158057	0.00896717	0.322411	0.0159437	0.0155512	0.0640228	0.0127591	0.0672333	0.264199	0.0444979	0.0291198	0.0147779	0.000892612	0.00523624
137	0.36295	0.0199219	0.00924152	0.00947838	0.0363167	0.265195	0.00548696	0.00924559	0.00679883	0.015589	0.00576613	0.0183973	0.0121177	0.0111928	0.00835763	0.110038	0.0245697	0.029481	0.00125687	0.0385994
138	0.0146408	0.00470118	0.0020216	0.00482277	0.0687966	0.0032704	0.00230498	0.114123	0.00774962	0.550928	0.0794113	0.00484361	0.00299657	0.00602568	0.00297751	0.00783835	0.0157516	0.0949169	0.00395303	0.00792586
139	0.170242	0.0112875	0.00530617	0.0101983	0.00819648	0.0130601	0.01053	0.0422562	0.0430283	0.0987081	0.00815141	0.0601729	0.123299	0.0135284	0.0122947	0.0304598	0.181567	0.141969	0.00321985	0.0125252
140	0.0604913	0.0220745	0.0166275	0.0248058	0.0675766	0.0224048	0.0276306	0.0832715	0.0940084	0.0509855	0.0214904	0.0667457	0.135357	0.0353929	0.0458643	0.0857571	0.0464964	0.0578096	0.00780668	0.0274029
141	0.00601207	0.0141045	0.00358439	0.00189988	0.564974	0.00821554	0.00719477	0.0140931	0.00628116	0.185686	0.0664656	0.00452958	0.00124657	0.00283845	0.0132517	0.0116041	0.00393153	0.00458113	0.00138038	0.0781259
142	0.0221205	0.00474319	0.00100669	0.00408262	0.0469648	0.00202212	0.00145681	0.264313	0.0038844	0.338897	0.0843093	0.00334271	0.00160475	0.00415597	0.00272209	0.00738276	0.0140944	0.188769	0.000398744	0.00372793
143	0.0206357	0.021526	0.00258983	0.0253274	0.00249324	0.00899916	0.0202986	0.0155806	0.284332	0.0477399	0.0291336	0.0149103	0.00525151	0.079444	0.349882	0.0203464	0.0202476	0.0218317	0.00309846	0.00633193
144	0.1165	0.275382	0.00612874	0.00710075	0.0045087	0.00720092	0.00565797	0.00798531	0.00703892	0.0114494	0.00593421	0.00886759	0.00460626	0.00723649	0.00636646	0.487424	0.0145679	0.00951833	0.00165069	0.00487605
145	0.0281384	0.0110986	0.0010788	0.00168587	0.00515075	0.00221193	0.000806329	0.289801	0.00571566	0.0328983	0.00839685	0.00159589	0.000676063	0.002481	0.0044709	0.00305463	0.00939364	0.590189	0.000278105	0.000877999
146	0.0548098	0.00355593	0.184419	0.0914181	0.00489412	0.0401059	0.0250083	0.00290625	0.0483032	0.00685461	0.00334571	0.19252	0.00336027	0.0350581	0.0375259	0.148037	0.0998577	0.0123806	0.000416527	0.00522346
147	0.0347463	0.0183147	0.00925913	0.0121674	0.095549	0.0148582	0.0205753	0.0738223	0.0264491	0.270395	0.0551931	0.0215399	0.0130751	0.0215441	0.0345323	0.0364254	0.0409237	0.0574325	0.0921988	0.050999
148	0.0570115	0.00418014	0.149152	0.100941	0.00312207	0.0535283	0.0215026	0.00276764	0.0550174	0.00477761	0.00341263	0.158361	0.00597406	0.0431417	0.045538	0.170834	0.104966	0.010957	0.00036295	0.00445138
149	0.0261763	0.00598946	0.162472	0.455793	0.0028978	0.0145314	0.0279753	0.00682849	0.0286831	0.0236735	0.00734284	0.020991	0.00531722	0.119024	0.0181968	0.0281493	0.0242421	0.00886229	0.00103314	0.0118204
150	0.144047	0.0226521	0.0126868	0.0584679	0.00640584	0.0265261	0.00786635	0.0703613	0.0422059	0.0540897	0.0483764	0.0274263	0.0033654	0.0200846	0.0459571	0.0975004	0.0407297	0.266506	0.00114615	0.00359857
151	0.0497688	0.00191141	0.0242846	0.0497368	0.000781514	0.020914	0.0185994	0.011395	0.280338	0.0170301	0.0176262	0.0765214	0.0129129	0.0776159	0.226265	0.0516178	0.0381432	0.0195293	0.000331281	0.00467727
152	0.0672876	0.00283629	0.230087	0.312627	0.00236671	0.0306689	0.0330567	0.00529765	0.0209758	0.0180467	0.00907586	0.0436545	0.0128668	0.0723944	0.00899504	0.0451904	0.0477772	0.0225312	0.00178321	0.012481
153	0.429483	0.0327929	0.00821577	0.0140201	0.0291341	0.107602	0.00537522	0.0277926	0.00835568	0.0226419	0.0109017	0.0130542	0.0113685	0.00962139	0.0108321	0.118561	0.0480278	0.0778368	0.0012017	0.0131817
154	0.0622409	0.0058954	0.00276948	0.0125299	0.0231835	0.00499107	0.00115955	0.221887	0.0142174	0.244102	0.077501	0.0130848	0.00115967	0.0145394	0.0121732	0.0131842	0.0459461	0.223785	0.00057775	0.00507279
155	0.0653101	0.00231779	0.24548	0.312991	0.00204114	0.0323475	0.0302855	0.00444235	0.0204564	0.0172611	0.00854213	0.0462631	0.0133535	0.0673798	0.00804589	0.0467725	0.0472381	0.0171675	0.00174786	0.0105563
156	0.00447168	0.00357335	0.00198622	0.00457979	0.0587452	0.00213671	0.00235797	0.0577567	0.00725242	0.699202	0.0787439	0.00329141	0.00336279	0.00508088	0.00180194	0.00522224	0.00335375	0.0476756	0.00158788	0.00781734
157	0.0180613	0.0040473	0.00101862	0.00269905	0.0442486	0.00257096	0.00250814	0.214391	0.00413419	0.329647	0.189952	0.00416989	0.00303951	0.00422249	0.00290275	0.0127609	0.0241042	0.129248	0.00249599	0.00377737
158	0.0401773	0.0125156	0.00229049	0.0085467	0.0486622	0.00355303	0.00687552	0.299238	0.00398745	0.174527	0.0387024	0.00394971	0.11316	0.00455281	0.0149574	0.0212403	0.0129367	0.180267	0.000829672	0.00903077
159	0.0633381	0.00230098	0.266833	0.300609	0.00192143	0.0322842	0.0305083	0.00431102	0.0195382	0.015983	0.00790731	0.0484098	0.0127271	0.0651561	0.00778931	0.0468238	0.0458975	0.0159058	0.0016794	0.0100764
160	0.0535351	0.00800435	0.00216852	0.013358	0.0631973	0.00410131	0.00687579	0.19965	0.00436595	0.140642	0.0206621	0.00481128	0.189362	0.00466741	0.0249303	0.0345186	0.0156504	0.192358	0.000835445	0.0163055
161	0.0679629	0.00683028	0.22513	0.285954	0.00256502	0.0438594	0.0257055	0.00470979	0.0182455	0.0164235	0.00796426	0.0465862	0.0229181	0.0567259	0.00758967	0.0689709	0.0597991	0.0212177	0.00160544	0.00923638
162	0.0515415	0.00340683	0.41013	0.138388	0.00347522	0.0277434	0.0377406	0.00850974	0.0255979	0.013464	0.00645372	0.0687221	0.0112638	0.0523745	0.022229	0.0611859	0.0385017	0.0101228	0.00139737	0.00775168
163	0.616983	0.032602	0.00329344	0.0085543	0.0030308	0.0252815	0.000899082	0.00778989	0.0011628	0.0121016	0.00213303	0.00150679	0.0046869	0.00185395	0.00184617	0.203824	0.0418901	0.0287325	0.000333227	0.00149515
164	0.00528415	0.00363933	0.00121615	0.00310614	0.0458072	0.00190958	0.00212944	0.0739787	0.00598795	0.722781	0.0642572	0.00228533	0.0029355	0.00385639	0.00170875	0.00453196	0.00305607	0.0445173	0.00172711	0.00528474
165	0.0620982	0.00970515	0.057217	0.109192	0.0367478	0.146412	0.0777153	0.0470071	0.0729751	0.0273459	0.0110643	0.0336982	0.0161995	0.0914178	0.0789956	0.0558932	0.0262828	0.0179555	0.00268679	0.0193911
166	0.00794339	0.0108028	0.00181578	0.00357076	0.0483195	0.00361147	0.00274348	0.0779896	0.0077488	0.632468	0.119079	0.00341622	0.00313811	0.00534421	0.00280934	0.00780604	0.0130545	0.0402958	0.00211313	0.00593011
167	0.00637658	0.00452237	0.00197988	0.00364241	0.102991	0.00259692	0.00340498	0.0629043	0.00667705	0.643092	0.0759514	0.00303724	0.00304603	0.00502101	0.00254654	0.00679202	0.00437059	0.0468247	0.00244292	0.0117809
168	0.0996095	0.00602652	0.0158178	0.00904499	0.00766647	0.415871	0.00498807	0.00554084	0.00844889	0.0152344	0.00356317	0.0620939	0.00832752	0.0195163	0.0198496	0.224409	0.0593506	0.00874085	0.000834959	0.00506562
169	0.0228345	0.00729774	0.00131644	0.00242939	0.0137439	0.00486876	0.00099367	0.298286	0.0109643	0.0852454	0.014956	0.00224977	0.00112148	0.0045958	0.00319333	0.00401411	0.0100087	0.510216	0.000354948	0.00130982
170	0.023162	0.021455	0.00365264	0.0190921	0.000694608	0.0107745	0.0183187	0.0073822	0.31467	0.0306704	0.0222709	0.0200577	0.00667448	0.0747428	0.365189	0.0234102	0.0153273	0.0125922	0.00291534	0.00694759
171	0.131385	0.00696505	0.0350514	0.0414087	0.00412023	0.034544	0.0296689	0.0197077	0.103011	0.0346931	0.0117933	0.0739882	0.00301125	0.102722	0.139228	0.161662	0.0393963	0.00855374	0.00934634	0.00974223
172	0.0144822	0.0143038	0.00122928	0.00145108	0.230437	0.00143365	0.0429378	0.00422668	0.00185716	0.00707252	0.00572872	0.0053208	0.000910694	0.00251648	0.00793136	0.00969797	0.00538127	0.0031553	0.00791694	0.632009
173	0.58431	0.0305526	0.00557847	0.0106646	0.00402252	0.0288114	0.0026014	0.00938466	0.0042931	0.0139878	0.00374973	0.00540516	0.00774422	0.00613278	0.00614441	0.201842	0.0430748	0.0287368	0.000503828	0.00245876
174	0.0263611	0.0114498	0.000827678	0.000974643	0.00463552	0.00200439	0.000785048	0.293497	0.00529575	0.0264626	0.0056763	0.00117204	0.000664858	0.00195959	0.00403993	0.00223742	0.00672035	0.604295	0.000261504	0.000679618
175	0.0524513	0.00392395	0.161558	0.114769	0.00295858	0.0408671	0.0214943	0.00286839	0.0573973	0.00416417	0.00418593	0.137266	0.00158577	0.043275	0.0487913	0.177297	0.111337	0.00842436	0.000368465	0.00501676
176	0.0736489	0.0150287	0.0280707	0.0482693	0.0136231	0.0268843	0.0229368	0.116151	0.0467181	0.0834566	0.0352246	0.0309674	0.00969623	0.0688319	0.0650607	0.0767931	0.0922915	0.137406	0.00178345	0.0071574
177	0.00725523	0.00472907	0.00194094	0.00390835	0.0674921	0.00225931	0.00269753	0.0857195	0.00661683	0.643908	0.0751028	0.00330185	0.00442736	0.00509513	0.00209856	0.0066034	0.00500125	0.0627583	0.0018925	0.0071924
178	0.0927462	0.00567152	0.0374085	0.0954789	0.00132728	0.0186196	0.0390926	0.020294	0.143274	0.0410381	0.0258819	0.0600346	0.00265306	0.117397	0.126537	0.0796493	0.0638787	0.0243641	0.00128882	0.00336488
179	0.256697	0.0319565	0.00967212	0.0240474	0.012486	0.0154424	0.00821269	0.0213767	0.0116161	0.0385193	0.024235	0.017866	0.00560005	0.0273637	0.0158751	0.169455	0.248449	0.0509314	0.0026036	0.0075943
180	0.0189917	0.0168162	0.0790447	0.0574857	0.00314113	0.0530409	0.00424031	0.00391419	0.0190523	0.0191943	0.00227541	0.086594	0.0738416	0.00421561	0.00340751	0.373747	0.170135	0.00840036	0.000722863	0.00173869
181	0.0401821	0.00326286	0.557016	0.0566423	0.00233785	0.0255979	0.0234055	0.0064473	0.0145946	0.00486233	0.00206156	0.106406	0.0227131	0.0222102	0.0104835	0.0643315	0.0286524	0.00544495	0.000627892	0.00271977
182	0.0543777	0.00237421	0.260073	0.325544	0.00184872	0.0292785	0.0303904	0.00426452	0.0212124	0.015707	0.00694584	0.0492767	0.0115558	0.0661784	0.00794981	0.0426756	0.0446965	0.0138668	0.00145415	0.01033
183	0.0143696	0.00654257	0.000453109	0.00191854	0.064751	0.000948323	0.00181965	0.331752	0.00119019	0.299517	0.0674162	0.000789116	0.00202008	0.00184702	0.000753544	0.0049023	0.00731465	0.18883	0.000297757	0.00256702
184	0.0251131	0.0343959	0.0098886	0.0718752	0.0239167	0.00748298	0.0132203	0.0966043	0.0609914	0.209197	0.0643587	0.0198336	0.00634853	0.118981	0.073476	0.0283722	0.0378555	0.087037	0.00375325	0.00729865
185	0.10122	0.0205825	0.0248438	0.0282289	0.0402704	0.0401603	0.054859	0.0293962	0.0278019	0.080536	0.040908	0.0751091	0.00288081	0.0705652	0.0577679	0.159191	0.0621876	0.020007	0.00347417	0.06001
186	0.016081	0.0219257	0.0147358	0.00365798	0.25118	0.00318445	0.05103	0.0630994	0.0194676	0.078871	0.0138438	0.0176573	0.0041432	0.0255172	0.00510763	0.0254238	0.0199301	0.0466299	0.0204185	0.298095
187	0.0554298	0.0162223	0.0043559	0.00746456	0.0660957	0.0119713	0.0102586	0.128503	0.0127668	0.413338	0.0699284	0.0136761	0.00688118	0.0114893	0.00937592	0.0224883	0.0334942	0.0593436	0.0303359	0.0165816
188	0.0286789	0.0069391	0.0024871	0.0086969	0.0833203	0.00391347	0.0070692	0.115569	0.00665738	0.394753	0.0462713	0.0056673	0.099359	0.0065853	0.0124009	0.0213189	0.00955085	0.111657	0.00329418	0.025812
189	0.0818843	0.0207019	0.0266615	0.0449471	0.0092197	0.031063	0.0253765	0.0199286	0.0431712	0.0464616	0.0138753	0.0550795	0.214113	0.102263	0.041527	0.118105	0.0564254	0.0314773	0.00369563	0.0140237
190	0.00598255	0.00468297	0.00183927	0.00356905	0.102311	0.0024743	0.00318344	0.0606667	0.00662612	0.648657	0.0753443	0.00272088	0.00337164	0.00493342	0.00225513	0.00650283	0.00421642	0.0458396	0.00198486	0.0128383
191	0.126071	0.0263163	0.0126541	0.024157	0.014793	0.016406	0.00820275	0.122016	0.0175423	0.0751837	0.0370738	0.0156888	0.0137384	0.020059	0.0199422	0.0690611	0.125944	0.248389	0.00184163	0.00492056
192	0.0520948	0.00742725	0.112342	0.277795	0.00623658	0.0211434	0.0272957	0.0160624	0.05506	0.0345289	0.0165435	0.0342802	0.0110213	0.15763	0.0465803	0.0469588	0.0394447	0.0195515	0.00265661	0.0153484
193	0.498432	0.0483172	0.0040224	0.0127553	0.00962581	0.121464	0.00422559	0.0161266	0.00349703	0.0152873	0.00317107	0.00561872	0.012343	0.00642535	0.0043631	0.14786	0.0422754	0.0362882	0.000865842	0.00703617
