393	20
1	0.0998414	0.00119159	0.00091972	0.00652976	0.00118121	0.0196499	0.00162223	0.0138404	0.0203737	0.00824291	0.0165494	0.0167405	0.00555517	0.0158151	0.013775	0.324748	0.42476	0.00717144	0.000466797	0.00102591
2	0.0465092	0.00534543	0.0779903	0.0410233	0.00490294	0.113183	0.0264197	0.00716277	0.0493067	0.0119827	0.0099445	0.22134	0.0081156	0.0406219	0.0206757	0.198212	0.0957123	0.00977286	0.000611161	0.0111683
3	0.0205216	0.421446	0.0024057	0.00397501	0.090187	0.00393902	0.00303779	0.00321103	0.0985009	0.0636517	0.00323803	0.00450443	0.00184512	0.00472207	0.127967	0.00809731	0.042626	0.0659512	0.000594066	0.0295784
4	0.109167	0.0473724	0.00115246	0.000978518	0.0107602	0.0174195	0.000694841	0.179139	0.00736117	0.0715696	0.00775741	0.00177954	0.000530527	0.00110754	0.0038522	0.0289726	0.0757396	0.425497	0.000245507	0.00890433
5	0.0435564	0.00583848	0.00445389	0.0306439	0.260454	0.0288604	0.00503372	0.243074	0.00981127	0.0108225	0.0289219	0.00823266	0.00302061	0.00978857	0.00742813	0.0139512	0.0112733	0.0832262	0.00176856	0.18984
6	0.108385	0.0468396	0.00117679	0.001133	0.0114624	0.0173672	0.000900929	0.17994	0.00758639	0.0727196	0.00829615	0.00183541	0.000527619	0.00112937	0.00411615	0.0288591	0.0753995	0.422982	0.000300237	0.00904364
7	0.0268577	0.0385296	0.00428436	0.00893909	0.00335784	0.0125171	0.0832427	0.00448566	0.00709368	0.00514385	0.00436565	0.240898	0.0563249	0.0271067	0.0211166	0.435714	0.0110031	0.00514234	0.00100586	0.00287131
8	0.0328491	0.0759061	0.0134687	0.0835945	0.00575054	0.016028	0.0534597	0.00198108	0.0696405	0.00231887	0.0151544	0.0727097	0.00089196	0.0808549	0.0414854	0.159263	0.198055	0.0161912	0.00240163	0.0579952
9	0.0110348	0.00375051	0.000211266	0.00100861	0.0045975	0.00101874	0.000256666	0.441619	0.000554608	0.0882874	0.0183699	0.000831637	0.000166017	0.00180268	0.00248652	0.000703732	0.0171394	0.404728	0.00118155	0.000252025
10	0.29704	0.0420837	0.00473314	0.00591343	0.00254951	0.446012	0.00267041	0.0024958	0.00681094	0.0282425	0.00291725	0.00398286	0.00162368	0.0204703	0.00304009	0.071164	0.0189969	0.0238124	0.000647029	0.0147945
11	0.0780819	0.0260144	0.00358112	0.00541858	0.266425	0.0223645	0.00575299	0.0257791	0.00616707	0.236258	0.0979006	0.0108579	0.023006	0.00603944	0.0100715	0.0362341	0.0499166	0.0615721	0.000927381	0.0276319
12	0.0717619	0.00242228	0.00334261	0.00712967	0.00508589	0.197275	0.0136259	0.00305436	0.016587	0.00395736	0.0273465	0.311851	0.00241426	0.0292463	0.012131	0.255182	0.00949874	0.0041383	0.000658406	0.0232909
13	0.0689833	0.00746383	0.064625	0.125824	0.00498412	0.0158804	0.0230466	0.0457821	0.055765	0.0235208	0.00933444	0.0738897	0.00828737	0.053272	0.0284862	0.119478	0.202643	0.0626989	0.000817991	0.00521689
14	0.0117472	0.00819674	0.00183126	0.0011583	0.0546282	0.00310387	0.000711634	0.331359	0.00451662	0.324964	0.0671637	0.000906867	0.00390544	0.00210311	0.00244258	0.00405946	0.00974009	0.162777	0.000153666	0.00453066
15	0.0805539	0.0125514	0.173886	0.283669	0.000492606	0.04569	0.00972588	0.00579254	0.0474083	0.0257746	0.0238511	0.0538055	0.00376524	0.0837385	0.0165397	0.0764908	0.0434861	0.0106781	0.00011825	0.00198195
16	0.0186534	0.00637824	0.000254704	0.000983879	0.00484441	0.00224086	0.000282128	0.421865	0.000935549	0.0883157	0.017351	0.000858544	0.000183305	0.00170866	0.00267231	0.0025939	0.0209206	0.407093	0.0011115	0.000752601
17	0.0779573	0.010976	0.203543	0.246246	0.000847107	0.0669446	0.00825875	0.00519548	0.0406666	0.0249294	0.0214166	0.0558158	0.00364897	0.0782153	0.0146159	0.0890679	0.0371959	0.0120896	0.000194374	0.00217555
18	0.0167707	0.0131115	0.00147505	0.00262739	0.455753	0.00268522	0.00592412	0.0393125	0.011203	0.0786764	0.0101292	0.00659847	0.00108683	0.0111587	0.00502747	0.0328496	0.0305306	0.0214553	0.028746	0.224879
19	0.00768273	0.00472378	0.00045914	0.00058859	0.069507	0.00151545	0.000500702	0.0809829	0.000905758	0.699054	0.0557669	0.000583898	0.00117009	0.000877724	0.000936211	0.00361846	0.00550822	0.0556574	0.000122108	0.00983884
20	0.0994716	0.0010342	0.00100398	0.00745108	0.00107656	0.0180655	0.00144593	0.011503	0.0212656	0.00685843	0.014724	0.01859	0.00642477	0.0158599	0.0155047	0.336495	0.41638	0.005423	0.000337329	0.00108471
21	0.0875552	0.00118815	0.0115551	0.0152822	0.030492	0.00353067	0.0106925	0.12192	0.0423368	0.0404157	0.0187909	0.0237976	0.0848821	0.0495032	0.0233716	0.0880603	0.0923222	0.25198	0.000509775	0.00181384
22	0.0156459	0.00214941	0.177757	0.0538957	0.0016192	0.113376	0.0318618	0.0017169	0.0596173	0.013954	0.00173889	0.292132	0.0016531	0.0241127	0.0215564	0.121853	0.0619787	0.00187483	0.000325919	0.00118069
23	0.0576658	0.0160013	0.0620109	0.146062	0.0119239	0.0322176	0.0781014	0.0105231	0.0690334	0.0253164	0.0486756	0.0458133	0.00778477	0.153222	0.0293524	0.105551	0.0544742	0.0169662	0.00422108	0.0250834
24	0.0509921	0.00709994	0.00304261	0.0144366	0.0606156	0.0181079	0.0227404	0.164756	0.0464331	0.149191	0.104951	0.0111367	0.00156801	0.00760714	0.0729328	0.0262488	0.0424746	0.152212	0.00979236	0.0336619
25	0.112191	0.00724553	0.00981007	0.0233254	0.00250897	0.712397	0.00265734	0.00238152	0.00924736	0.00641989	0.00304585	0.00707621	0.00272485	0.0122526	0.00448447	0.0485967	0.0201968	0.00755383	0.000464408	0.00542066
26	0.0337703	0.00456541	0.0153831	0.0612276	0.0338312	0.0023569	0.0106991	0.0687602	0.100412	0.231105	0.125346	0.0162104	0.000610521	0.0738755	0.0793747	0.0191457	0.0331286	0.073667	0.00291031	0.0136209
27	0.00269948	0.00276402	0.000267559	0.000373335	0.0323352	0.000411183	0.000317231	0.0784611	0.000513328	0.762782	0.0569751	0.0004765	0.000166039	0.000532768	0.000372339	0.00208592	0.00453922	0.0463007	8.4975e-05	0.00754176
28	0.0810197	0.00849906	0.00794476	0.00692287	0.0548694	0.0259049	0.0147964	0.0743918	0.00711635	0.171908	0.0669618	0.0387355	0.0299497	0.0118429	0.0112892	0.10339	0.158598	0.119182	0.00126893	0.005409
29	0.12058	0.0026024	0.00536176	0.0287326	0.0044487	0.0579806	0.010207	0.0316696	0.0848113	0.00767952	0.00861415	0.0904792	0.0406213	0.0954852	0.0123642	0.246813	0.132832	0.0138157	0.000549858	0.00435254
30	0.00909214	0.00702783	0.00123366	0.00100126	0.0490294	0.00223457	0.000538321	0.292048	0.00332884	0.409858	0.064298	0.000697182	0.00319533	0.00166244	0.00182044	0.00350423	0.00746365	0.137392	0.000117568	0.00445792
31	0.0108857	0.00762375	0.00122505	0.000907084	0.0614705	0.00234386	0.000486965	0.29164	0.00344054	0.395614	0.0656673	0.000704277	0.00336352	0.00173496	0.00196837	0.00391587	0.00774264	0.134004	0.000126325	0.00513496
32	0.0918927	0.00650014	0.036888	0.0531192	0.00151596	0.0196269	0.00405051	0.00500396	0.316708	0.0269609	0.0246419	0.0448878	0.000560772	0.0608941	0.147735	0.0842676	0.0519267	0.0210724	0.000145176	0.00160297
33	0.0871742	0.00077032	0.0494782	0.0436258	0.00364383	0.0224778	0.022755	0.00181942	0.0454141	0.0114446	0.00448325	0.0346962	0.415023	0.0552514	0.0426634	0.108051	0.0406529	0.00243577	0.00030825	0.00783162
34	0.016964	0.00201799	0.188035	0.0660432	0.00121347	0.0762831	0.0251946	0.00118427	0.0640992	0.0140702	0.00221906	0.323216	0.00103414	0.0259161	0.0230513	0.114935	0.0516854	0.00150444	0.000376486	0.000957028
35	0.0763092	0.0114894	0.15805	0.31005	0.00057351	0.0465545	0.0087728	0.00526117	0.0456868	0.0254377	0.0218868	0.0504723	0.00346266	0.0902503	0.0153341	0.0765415	0.0412934	0.0105607	0.000141303	0.00187189
36	0.0523699	0.00453667	0.143685	0.0672351	0.00134043	0.0408678	0.016174	0.00225173	0.166028	0.0111434	0.00597975	0.172321	0.00189058	0.0738046	0.0619263	0.102145	0.0698735	0.00495012	0.000269792	0.00120717
37	0.00269948	0.00276402	0.000267559	0.000373335	0.0323352	0.000411183	0.000317231	0.0784611	0.000513328	0.762782	0.0569751	0.0004765	0.000166039	0.000532768	0.000372339	0.00208592	0.00453922	0.0463007	8.4975e-05	0.00754176
38	0.0498382	0.00377713	0.0282072	0.0523241	0.00204078	0.732935	0.00391005	0.00232721	0.0142804	0.00493878	0.00358505	0.020269	0.00202286	0.0150593	0.0045326	0.0361957	0.0121052	0.00525889	0.00059087	0.00580185
39	0.0121989	0.00470107	0.000215087	0.000997432	0.00456398	0.00128687	0.000270614	0.433448	0.000688637	0.0868113	0.0180356	0.000817677	0.000246717	0.00174427	0.00249618	0.000995181	0.0179877	0.410969	0.0011594	0.000366556
40	0.0456362	0.00344839	0.00551922	0.0104972	0.00238181	0.866533	0.00159725	0.00145877	0.00469762	0.00331205	0.00139798	0.0039892	0.00055506	0.00596018	0.00133111	0.0262372	0.00631206	0.00473791	0.000219131	0.00417912
41	0.0586115	0.0040708	0.00628518	0.00869807	0.00102048	0.847491	0.00212372	0.00150706	0.00545129	0.00368317	0.00163387	0.00378673	0.00122928	0.00600583	0.00310389	0.0294353	0.00628208	0.00495138	0.000189646	0.00443989
42	0.0056663	0.00436072	0.00179781	0.00332418	0.0366762	0.00155087	0.000747354	0.0894725	0.00403646	0.710359	0.0588211	0.00151299	0.000949671	0.00262373	0.00301763	0.00431919	0.00740493	0.0541273	0.000277094	0.00895538
43	0.0190854	0.00225529	0.179069	0.0534678	0.00156373	0.115555	0.0309287	0.00156677	0.0586282	0.0127705	0.00238224	0.290868	0.00129991	0.0235593	0.023178	0.125217	0.0542855	0.00230663	0.0003792	0.00163431
44	0.0931177	0.00660173	0.0353496	0.0542536	0.00139992	0.0194627	0.00390577	0.00512143	0.32082	0.0271315	0.0251534	0.042127	0.000433474	0.060623	0.148474	0.0826921	0.0501451	0.0214768	0.000141918	0.0015691
45	0.03139	0.00555456	0.0305344	0.454785	0.00812096	0.0225358	0.0105837	0.00803286	0.0260651	0.0137711	0.0113471	0.0165038	0.0051027	0.193546	0.013176	0.0733934	0.0195344	0.037764	0.00735245	0.0109074
46	0.0188662	0.0120349	0.00145885	0.00304816	0.144252	0.00403623	0.00241491	0.0804546	0.00596464	0.529847	0.0559681	0.00261224	0.00263907	0.00399086	0.00702739	0.0126912	0.0130073	0.0572206	0.00364605	0.0388202
47	0.145284	0.0024568	0.00584655	0.0339738	0.00619357	0.109306	0.0116578	0.0149117	0.0619755	0.00557321	0.00800778	0.108356	0.0110735	0.0582561	0.0215304	0.270502	0.0988646	0.0210526	0.000440228	0.00473905
48	0.0504437	0.00561139	0.195299	0.0924735	0.00103567	0.0444013	0.0187776	0.00162459	0.0990689	0.00996457	0.0033161	0.19441	0.00127077	0.0737279	0.0337564	0.102558	0.0685234	0.00253147	0.00026278	0.000943668
49	0.0136538	0.00662416	0.00126409	0.00188653	0.0326568	0.0026669	0.00120199	0.350791	0.00427942	0.255073	0.0518201	0.00159918	0.00253717	0.00285055	0.0047655	0.00468784	0.0153512	0.241865	0.000789271	0.00363716
50	0.0304462	0.0153925	0.00242759	0.00706459	0.164378	0.00664458	0.00615687	0.140241	0.0123741	0.327255	0.0562568	0.00556943	0.00523666	0.00802157	0.0123462	0.0200964	0.0220173	0.106974	0.00492794	0.0461727
51	0.011433	0.0100634	0.00744751	0.0142911	0.00803291	0.0113959	0.0125101	0.0131965	0.250933	0.0146324	0.00638132	0.0256589	0.0145115	0.0230133	0.51992	0.0226597	0.010764	0.0185846	0.000596271	0.0039743
52	0.00896649	0.00125546	0.00446125	0.0141235	0.00535569	0.0107312	0.009731	0.00904506	0.296386	0.00885174	0.00360466	0.0268162	0.0112444	0.0238775	0.526758	0.0177858	0.00654087	0.0127469	0.000282935	0.00143516
53	0.316637	0.0133314	0.0057008	0.0106913	0.00660795	0.0227427	0.00510065	0.0216533	0.0173511	0.0193366	0.0156169	0.0157148	0.0123577	0.0170438	0.0126322	0.208539	0.230065	0.0431965	0.000949511	0.00473153
54	0.0283374	0.0199832	0.00506063	0.00975941	0.377351	0.0162708	0.0160539	0.0364574	0.0172589	0.0924394	0.0289497	0.0100593	0.00796935	0.0120299	0.0114151	0.0283493	0.0235042	0.0298626	0.0136971	0.215192
55	0.599277	0.0132991	0.00806335	0.0042675	0.00776131	0.0235839	0.00309715	0.0106508	0.00885172	0.00828576	0.0320977	0.0224699	0.00980495	0.0102877	0.00525218	0.167636	0.0297427	0.0317807	0.000564049	0.00322638
56	0.057409	0.0272756	0.0141357	0.0575863	0.0146705	0.0365353	0.0297909	0.0112573	0.0551974	0.0135007	0.019397	0.0668487	0.0127538	0.110963	0.0309093	0.193668	0.161883	0.0203157	0.00289633	0.0630064
57	0.00815222	0.00164889	0.00339161	0.0117061	0.00500436	0.0107253	0.0119075	0.00854472	0.295751	0.00903732	0.00500719	0.0250063	0.011926	0.0257769	0.52461	0.0181553	0.00826248	0.0134347	0.000265233	0.00168721
58	0.0154424	0.00585479	0.000608148	0.00185533	0.0170092	0.00251565	0.00147863	0.402772	0.00262213	0.14555	0.0429844	0.00174594	0.00110422	0.00222594	0.0075724	0.0030333	0.0164458	0.325133	0.00147274	0.00257347
59	0.0165072	0.0131888	0.00135832	0.00252927	0.461599	0.00242441	0.00609709	0.037901	0.0103886	0.0777353	0.0100682	0.00659249	0.00107034	0.0105601	0.00494563	0.0328875	0.0287281	0.0210451	0.0284407	0.225933
60	0.0837081	0.000958485	0.0499026	0.0392492	0.00414969	0.0224187	0.0198628	0.00173984	0.0450351	0.00961439	0.00442869	0.0363567	0.438395	0.0484161	0.0382271	0.107039	0.0400588	0.00264916	0.000279109	0.00751131
61	0.0763855	0.000880534	0.016922	0.0248604	0.00299447	0.00537082	0.0101719	0.00180103	0.0153999	0.0109001	0.00384937	0.0192539	0.620042	0.0454654	0.0135777	0.0881799	0.039207	0.00185504	0.000333943	0.00254908
62	0.210525	0.00279519	0.161864	0.103497	0.00316476	0.0516867	0.128614	0.00357952	0.0398178	0.0053374	0.00527902	0.00589766	0.00197343	0.0610914	0.0206485	0.0986242	0.00768452	0.00527327	0.00095301	0.0816944
63	0.0286624	0.00998717	0.00409795	0.00696575	0.0554771	0.00702629	0.00653697	0.257501	0.0129002	0.255756	0.0666538	0.00381997	0.00278397	0.00384103	0.0133353	0.0107455	0.0265946	0.212747	0.00214032	0.012429
64	0.0140241	0.00502371	0.000227866	0.00102415	0.00472153	0.00143004	0.000274062	0.434087	0.000709054	0.0879309	0.0179429	0.000904593	0.000174333	0.00177781	0.00271935	0.00161002	0.0189982	0.404677	0.00128251	0.000461364
65	0.0678844	0.00578376	0.167698	0.115024	0.0021206	0.0364929	0.0178029	0.00294744	0.124537	0.0101478	0.00633972	0.153849	0.00274322	0.0875564	0.0373796	0.088026	0.0661845	0.00538919	0.000305177	0.00178825
66	0.0700418	0.00340556	0.0135646	0.0858681	0.00158364	0.00783511	0.00325904	0.0111963	0.435936	0.0229055	0.0113741	0.030604	0.00122945	0.0801419	0.160361	0.031013	0.0181175	0.00955331	0.0004739	0.0015361
67	0.00269948	0.00276402	0.000267559	0.000373335	0.0323352	0.000411183	0.000317231	0.0784611	0.000513328	0.762782	0.0569751	0.0004765	0.000166039	0.000532768	0.000372339	0.00208592	0.00453922	0.0463007	8.4975e-05	0.00754176
68	0.0528951	0.00186293	0.0217797	0.01016	0.000914145	0.827934	0.00273398	0.000955981	0.00388282	0.00274951	0.00104644	0.00775139	0.00125706	0.00469272	0.00232117	0.0432098	0.00583027	0.00380324	0.000194915	0.00402456
69	0.0200073	0.0132497	0.00354649	0.0106633	0.0477507	0.00532133	0.00556135	0.290076	0.0179361	0.280539	0.0828612	0.00411308	0.00286478	0.0134042	0.0203921	0.00923262	0.0164984	0.142956	0.00185794	0.0111679
70	0.0423453	0.00234891	0.00651618	0.0186671	0.0026377	0.0376864	0.0145693	0.0147613	0.284613	0.00667932	0.022997	0.126584	0.0563867	0.105585	0.0448153	0.108388	0.094862	0.00562401	0.000745295	0.00318805
71	0.0405544	0.0159263	0.0264821	0.0328776	0.0108081	0.0244189	0.265587	0.00799262	0.100315	0.0144457	0.0168277	0.0411361	0.0147352	0.219861	0.0523596	0.054692	0.0287775	0.0120262	0.00192648	0.0182501
72	0.104934	0.0485027	0.00133932	0.00130853	0.0140879	0.0167746	0.00098706	0.178457	0.00812984	0.0708067	0.00837324	0.0021757	0.000704636	0.00189804	0.00406084	0.0294363	0.0722614	0.425447	0.000415255	0.00990002
73	0.00216013	0.00058013	0.000811369	0.00732583	0.00471394	0.00979905	0.00799915	0.00796564	0.295562	0.00542521	0.00105978	0.0225473	0.012432	0.0177918	0.574747	0.0134714	0.00231438	0.0121953	0.000191377	0.000907741
74	0.0470798	0.0040691	0.00477813	0.00836579	0.00177013	0.848571	0.00195214	0.00224864	0.00578143	0.00799955	0.00215502	0.00569569	0.00158283	0.00658541	0.00271443	0.0290809	0.00946646	0.00502815	0.000289329	0.00478588
75	0.0115634	0.00890911	0.00151287	0.001055	0.0504998	0.00254855	0.000604241	0.345933	0.00397184	0.319002	0.0761493	0.000809713	0.00381004	0.00241971	0.00339719	0.00406231	0.00933103	0.15021	0.000154163	0.0040562
76	0.00333105	0.00317038	0.000347744	0.000413036	0.0338922	0.000549718	0.000332179	0.0991284	0.000816575	0.728902	0.058604	0.000508145	0.000473183	0.000679223	0.000528236	0.00224585	0.00489626	0.0539702	8.4245e-05	0.00712763
77	0.0075833	0.0039706	0.00169919	0.00306577	0.0370749	0.00188613	0.00184389	0.103427	0.00657946	0.677678	0.0586109	0.00213918	0.00194989	0.00311758	0.00419317	0.00564747	0.0086993	0.0619774	0.000411891	0.00844491
78	0.0029416	0.00136222	0.00112096	0.00170598	0.35258	0.00188302	0.038815	0.00199085	0.00235949	0.00278583	0.00343183	0.0034796	0.00089811	0.00220089	0.00196292	0.0085632	0.00463328	0.00151813	0.00624932	0.559518
79	0.0466184	0.00337593	0.00564873	0.00835442	0.00125528	0.858439	0.00203012	0.00188617	0.00549749	0.00315772	0.00127863	0.00845024	0.00142157	0.00548186	0.00334493	0.0272549	0.00645814	0.00561523	0.000195094	0.00423615
80	0.10361	0.00274441	0.0226031	0.0290884	0.00515724	0.0107859	0.0127264	0.0052418	0.0228444	0.0116799	0.00615659	0.0222849	0.540414	0.0435046	0.0187814	0.0909345	0.0395938	0.00729661	0.000325803	0.00422553
81	0.0838322	0.00254075	0.0242115	0.0273931	0.00495948	0.0128766	0.0137297	0.0057838	0.0272756	0.0122858	0.00597138	0.0259008	0.524971	0.0438884	0.0212537	0.10587	0.0439952	0.0078166	0.00085503	0.00458948
82	0.0445137	0.00327663	0.00524346	0.0101381	0.00164978	0.868186	0.00174778	0.00242737	0.00385319	0.00446859	0.00164526	0.00451727	0.0011857	0.00542696	0.00175115	0.0245297	0.00595903	0.00546301	0.000245406	0.00377184
83	0.0267474	0.42487	0.00676175	0.010041	0.063351	0.00911381	0.00898981	0.00715214	0.0723428	0.0455944	0.00803178	0.0108359	0.00424948	0.012074	0.0858881	0.0232299	0.10746	0.0490029	0.00192619	0.0223374
84	0.0505862	0.00385434	0.00868315	0.0112574	0.0012465	0.845129	0.00181845	0.00281841	0.00598086	0.0038912	0.0017344	0.00562641	0.00097471	0.00611677	0.00309425	0.0290619	0.0069723	0.00669698	0.000298914	0.00415829
85	0.042742	0.0081504	0.0208541	0.0421903	0.00844227	0.0202905	0.0231223	0.0196842	0.334577	0.0291697	0.0197891	0.0406101	0.013355	0.056007	0.203897	0.0455024	0.0392381	0.0231971	0.00128285	0.00789906
86	0.0370862	0.00440525	0.00699442	0.0115625	0.0095367	0.0131894	0.00555939	0.0162652	0.0164119	0.0143855	0.00784541	0.0173756	0.00871119	0.012442	0.00949218	0.139558	0.639773	0.0224198	0.000920166	0.00606567
87	0.00724335	0.00518124	0.00143281	0.00287672	0.0333575	0.00158274	0.00242537	0.096573	0.00719359	0.687474	0.0582087	0.00165573	0.00156657	0.00682569	0.00505288	0.00447621	0.00828294	0.0605308	0.000270944	0.00778891
88	0.0184165	0.00621003	0.00246302	0.00313271	0.0257777	0.00398813	0.00237898	0.256098	0.00570096	0.295147	0.25394	0.00356515	0.00277689	0.00460567	0.00568217	0.00751953	0.0244761	0.0728861	0.000687339	0.00454751
89	0.586715	0.013161	0.0153379	0.0209694	0.0069992	0.0445101	0.00523558	0.0144594	0.0203767	0.0112578	0.0114879	0.0142498	0.0120136	0.0167073	0.00991355	0.125614	0.0363347	0.030494	0.000463375	0.00369918
90	0.00744839	0.00178456	0.00645869	0.0141023	0.00472528	0.0120134	0.0086949	0.00917004	0.290758	0.00850501	0.00347786	0.0237493	0.0133109	0.0210451	0.53647	0.0177911	0.00557333	0.0132157	0.000340296	0.00136647
91	0.0302106	0.00384191	0.00587644	0.045385	0.00256462	0.00793033	0.0148025	0.0149372	0.486745	0.0149658	0.0137263	0.0261789	0.00443422	0.0928688	0.145491	0.0221445	0.050098	0.0141006	0.000800342	0.0028978
92	0.00574496	0.00444839	0.00063345	0.000978095	0.0363062	0.00122025	0.000761643	0.161068	0.0019403	0.619489	0.0621237	0.000814361	0.00138557	0.00140644	0.00202049	0.0030527	0.00665389	0.0832395	0.000195945	0.00651699
93	0.100124	0.00423604	0.0221508	0.00959215	0.00166256	0.683931	0.00366705	0.0016006	0.00549869	0.0050509	0.00392854	0.0209774	0.00134935	0.00945126	0.0036089	0.097221	0.0141465	0.00637904	0.000252853	0.00517103
94	0.028436	0.00629495	0.0410693	0.0614316	0.00535013	0.0412303	0.0150789	0.00799143	0.230293	0.00705938	0.0116249	0.13807	0.0135548	0.0991875	0.0435846	0.110362	0.117284	0.00621671	0.000838068	0.015042
95	0.0626274	0.0119976	0.00479132	0.010074	0.047466	0.015893	0.0115327	0.160864	0.0160804	0.197847	0.0836096	0.0168554	0.0132703	0.00867347	0.023307	0.0475557	0.0753601	0.177342	0.00345227	0.0114008
96	0.00930578	0.00450394	0.00109708	0.00306081	0.0350196	0.00167204	0.00126566	0.141018	0.00607602	0.604706	0.0574755	0.00177266	0.00225563	0.00358853	0.00530907	0.00522264	0.0112735	0.0983978	0.000372237	0.00660758
97	0.0290715	0.00540457	0.0128145	0.0201251	0.006892	0.0258495	0.0580536	0.0108772	0.214305	0.0222806	0.0190537	0.200493	0.00860261	0.0586946	0.147444	0.0614714	0.063211	0.0226162	0.000689116	0.0120513
98	0.555289	0.0238683	0.0272643	0.00586892	0.00384899	0.118275	0.00334723	0.00424447	0.00510736	0.0104862	0.00773815	0.0112118	0.0036128	0.0127822	0.00290873	0.157395	0.0260822	0.0163122	0.000496721	0.0038612
99	0.00230934	0.00081525	0.000927498	0.0071895	0.00447005	0.00938656	0.0097188	0.00751809	0.27035	0.00518279	0.00160285	0.022381	0.0115795	0.0169627	0.598901	0.0128953	0.00236123	0.0141206	0.000267868	0.00106064
100	0.0828921	0.00132767	0.0524805	0.0783542	0.00391401	0.0184138	0.0194038	0.00201667	0.0430486	0.0103697	0.00520718	0.0306154	0.429152	0.047951	0.0353638	0.0923456	0.0370108	0.00245902	0.000830641	0.00684334
101	0.0743536	0.00229406	0.0213874	0.029359	0.00453743	0.00994891	0.012771	0.00522487	0.0256538	0.0121212	0.00590404	0.0241145	0.571293	0.043045	0.0201556	0.0860486	0.0399414	0.0073574	0.000665024	0.0038248
102	0.0497095	0.00656971	0.0224339	0.0557394	0.00874878	0.0155546	0.0253922	0.0207818	0.28716	0.0435829	0.0308543	0.0309944	0.0112445	0.144631	0.0759175	0.0490085	0.056336	0.0546993	0.00239668	0.00824493
103	0.0110291	0.00375206	0.000208754	0.00100887	0.00455329	0.00101534	0.000255055	0.441686	0.00055023	0.0880872	0.0183128	0.000831682	0.000163712	0.00180266	0.00248782	0.000702649	0.0171481	0.404975	0.00118173	0.000247669
104	0.0108876	0.00450863	0.000247333	0.00101014	0.00433262	0.00111085	0.000267329	0.426883	0.000616439	0.0851499	0.017766	0.000872902	0.000244886	0.00173443	0.00248466	0.000803575	0.017107	0.42256	0.00114746	0.000264586
105	0.0367865	0.0134562	0.0795516	0.0549215	0.00431774	0.0593016	0.0499905	0.00578589	0.0433313	0.00927657	0.00558171	0.269667	0.0155534	0.0283321	0.0202138	0.245398	0.0434946	0.0071405	0.00119962	0.0066995
106	0.0464909	0.00309112	0.00931069	0.00914121	0.00127243	0.859028	0.00143885	0.00232259	0.0044692	0.00310502	0.00139764	0.00748781	0.000704881	0.00518994	0.00175977	0.028714	0.00576526	0.00518719	0.000319642	0.00380417
107	0.0770664	0.00169226	0.0203488	0.0267945	0.00345387	0.0111767	0.0132695	0.00374404	0.0229399	0.0111323	0.00438029	0.026577	0.554005	0.0432741	0.0176041	0.105534	0.0496047	0.00343026	0.00037952	0.00359274
108	0.0344344	0.00524198	0.0196469	0.495441	0.00595758	0.0275148	0.00840817	0.00808349	0.0196685	0.0117279	0.0094928	0.0171275	0.00429117	0.10169	0.0101135	0.176858	0.0185956	0.0179889	0.00187822	0.00583988
109	0.0111331	0.00387326	0.000212077	0.00101426	0.00461887	0.00103173	0.000254651	0.440285	0.00055714	0.088095	0.0183192	0.000833306	0.00019226	0.00180101	0.00249524	0.000752048	0.0171879	0.405902	0.00118704	0.000254751
110	0.00613141	0.00415924	0.00030943	0.000499524	0.0571792	0.00116623	0.000437191	0.0750209	0.000671406	0.728222	0.0563266	0.000598313	0.000751181	0.000758804	0.000796852	0.00339692	0.00510642	0.0480861	0.0002159	0.0101663
111	0.0165916	0.00362092	0.20392	0.0406718	0.00245164	0.0525364	0.0193624	0.00245019	0.0350212	0.00980873	0.00316696	0.386966	0.00262633	0.013465	0.0131718	0.156809	0.0306618	0.00418186	0.000695884	0.00181961
112	0.0645231	0.00640016	0.0468058	0.109768	0.00700674	0.0210081	0.0165363	0.0143938	0.30165	0.0277549	0.0204066	0.0492288	0.00726935	0.0687977	0.118716	0.0533403	0.0403169	0.0185031	0.00109797	0.00647655
113	0.00294388	0.00139231	0.00109154	0.00169038	0.354501	0.00188516	0.0384487	0.00206268	0.00238307	0.0029365	0.00342962	0.00350972	0.000891069	0.00223193	0.00195782	0.00861371	0.00468709	0.00153731	0.00626711	0.55754
114	0.0207742	0.00849634	0.000538608	0.00170004	0.0078864	0.00256557	0.000525989	0.399141	0.00288138	0.098515	0.0209104	0.00122221	0.000679949	0.0028125	0.00390096	0.00379776	0.0222507	0.398971	0.00107802	0.00135145
115	0.0455307	0.00331448	0.00585807	0.0136277	0.00120083	0.867224	0.00236604	0.00145014	0.00464775	0.0031283	0.00126733	0.00283785	0.000523198	0.0066837	0.0015989	0.0239559	0.00590835	0.00447201	0.000229733	0.00417487
116	0.105127	0.00645173	0.0575136	0.348625	0.00477193	0.138858	0.00747324	0.00532756	0.0475654	0.0140156	0.0122091	0.0284941	0.00426562	0.0888192	0.0108724	0.0768187	0.0252754	0.0117508	0.000703724	0.00506224
117	0.203032	0.0139028	0.00227915	0.00439815	0.00202745	0.0102663	0.00335802	0.00679408	0.0107719	0.00696094	0.00594303	0.0118551	0.00616908	0.00860757	0.00618019	0.416587	0.254024	0.0249821	0.000298935	0.0015622
118	0.0501723	0.00490156	0.206426	0.355712	0.00573233	0.0378402	0.0120078	0.00723653	0.0449199	0.0165458	0.0146433	0.0419752	0.0144764	0.0555265	0.022868	0.0642948	0.0281721	0.0114033	0.000718212	0.00442764
119	0.111418	0.00570086	0.0335345	0.0801743	0.00316038	0.0204204	0.00598473	0.00643897	0.295796	0.0233709	0.0206936	0.0429301	0.00158906	0.064676	0.127294	0.0908521	0.04328	0.0200588	0.000287598	0.00233955
120	0.0390586	0.00623324	0.0438853	0.0425102	0.00562707	0.0306188	0.0280682	0.0105834	0.273152	0.0186665	0.0195734	0.149669	0.0105712	0.0649577	0.118835	0.06595	0.0522085	0.0117969	0.00137802	0.00665763
121	0.0110291	0.00375206	0.000208754	0.00100887	0.00455329	0.00101534	0.000255055	0.441686	0.00055023	0.0880872	0.0183128	0.000831682	0.000163712	0.00180266	0.00248782	0.000702649	0.0171481	0.404975	0.00118173	0.000247669
122	0.0155128	0.00696958	0.00852979	0.0159855	0.00744722	0.0180158	0.0171175	0.0125705	0.244791	0.0177246	0.0092333	0.0302475	0.0183078	0.0283654	0.480901	0.0288541	0.015964	0.018925	0.000644982	0.00389198
123	0.0806425	0.00595625	0.052162	0.0713132	0.00407244	0.0179262	0.00540747	0.00920089	0.275334	0.0492298	0.0421527	0.0841047	0.00123757	0.0532421	0.120579	0.0625224	0.0394313	0.0212503	0.000698454	0.00353652
124	0.00364511	0.00284566	0.000458942	0.000934785	0.0316524	0.000653222	0.000483838	0.0798634	0.00146628	0.739849	0.0732087	0.000875426	0.000235103	0.00121175	0.00115747	0.00252443	0.00614893	0.0451283	0.000110765	0.00754617
125	0.0236484	0.0128676	0.00631063	0.00853262	0.380681	0.00695736	0.0149504	0.0408917	0.0142725	0.10472	0.0259528	0.00829489	0.00421473	0.0104868	0.0115419	0.027732	0.0229114	0.0282429	0.014297	0.232493
126	0.107747	0.00644318	0.0318649	0.06578	0.0026964	0.0184554	0.00430535	0.00588544	0.314344	0.0299648	0.022853	0.0390778	0.000972082	0.0571272	0.136126	0.0907564	0.0430066	0.0205148	0.000222964	0.00185599
127	0.0208151	0.000682504	0.452145	0.421029	0.0040769	0.00871052	0.00751619	0.00114727	0.00892303	0.00128395	0.00554322	0.0229877	0.00488232	0.0162775	0.00210426	0.0139464	0.0053041	0.00147711	0.000268383	0.000879618
128	0.573861	0.0142801	0.0148808	0.0182224	0.0101691	0.0445609	0.00823723	0.0158605	0.0199162	0.0151529	0.0119129	0.0151315	0.0121381	0.0160159	0.0089266	0.125262	0.0356238	0.031266	0.000851798	0.00772981
129	0.0412858	0.0063733	0.052751	0.138075	0.0480719	0.014308	0.0167985	0.064053	0.121802	0.103271	0.0599488	0.0258295	0.0062349	0.0521896	0.125027	0.0318861	0.0339726	0.0431322	0.00281597	0.0121736
130	0.166876	0.00478098	0.0988681	0.123957	0.00393222	0.0145531	0.00745916	0.0200902	0.199986	0.0127764	0.0277228	0.0442664	0.00275309	0.110597	0.0564296	0.0364063	0.0242861	0.0402943	0.000813985	0.00315124
131	0.0195017	0.000670681	0.443783	0.429152	0.00414708	0.00886102	0.00752281	0.00106156	0.00907768	0.00126227	0.00565961	0.0235663	0.00500579	0.0166612	0.00202339	0.014304	0.00537598	0.0013409	0.000247033	0.000776041
132	0.0452311	0.00548854	0.00558519	0.0864658	0.036471	0.0089963	0.00764203	0.00582216	0.0414504	0.0069608	0.0076853	0.0104877	0.00401422	0.4838	0.0084214	0.0158785	0.0121002	0.0106446	0.0909738	0.105882
133	0.0701924	0.00341123	0.0136256	0.085885	0.00159004	0.007973	0.00304844	0.0114394	0.434928	0.0237465	0.0114263	0.0306248	0.00108955	0.0787696	0.16115	0.0313609	0.0181	0.00968823	0.000468575	0.0014822
134	0.0891583	0.0124911	0.155982	0.254987	0.000540475	0.0415152	0.00848814	0.0057249	0.075856	0.0257184	0.0240502	0.0509495	0.00350087	0.0826322	0.0293831	0.0795247	0.0448784	0.0127356	0.000123987	0.00176002
135	0.0304836	0.0576005	0.00619122	0.0191508	0.0253045	0.00567006	0.0623149	0.017006	0.176616	0.154071	0.0924771	0.0250023	0.00215308	0.0936863	0.111675	0.0588598	0.0161339	0.0370749	0.0018205	0.00670929
136	0.097161	0.00833222	0.0346061	0.102285	0.00646111	0.368021	0.0094359	0.0100511	0.0901707	0.020412	0.0130218	0.026349	0.00553471	0.0384916	0.0332754	0.0606239	0.0300018	0.0375595	0.00107509	0.00713049
137	0.0821294	0.0127421	0.175555	0.274737	0.000480678	0.0482533	0.00897226	0.00592577	0.0477676	0.0260978	0.0238217	0.0552053	0.00406624	0.0836165	0.0166835	0.0784866	0.042513	0.0109095	0.000124739	0.00191223
138	0.0127787	0.00554481	0.000669602	0.000999483	0.0291336	0.00226701	0.000756693	0.181671	0.00195525	0.519986	0.0429668	0.00113684	0.00058548	0.00133804	0.0014488	0.00438748	0.0143375	0.171357	0.000438819	0.00624142
139	0.0528124	0.00966084	0.0289876	0.0348886	0.146822	0.0220098	0.142359	0.0119069	0.0445726	0.0183503	0.018165	0.0322314	0.00461167	0.0503582	0.0225853	0.0466655	0.0231946	0.0132188	0.00543431	0.271166
140	0.0109527	0.0039287	0.000290535	0.00102392	0.00687014	0.00108017	0.0002715	0.436877	0.000745288	0.100494	0.0206964	0.000810318	0.000382587	0.00183018	0.00244001	0.000848237	0.0166613	0.392256	0.00113397	0.000406922
141	0.0147248	0.00702422	0.00151173	0.00332334	0.0346101	0.00315907	0.00220435	0.345661	0.00750944	0.243131	0.058156	0.00226274	0.0025458	0.0042261	0.00821541	0.00573012	0.015911	0.234493	0.00121016	0.00439055
142	0.0488826	0.00876138	0.00612331	0.0123744	0.0258997	0.0125139	0.00784932	0.267354	0.0210072	0.108805	0.0380031	0.0265104	0.0141944	0.0168936	0.0184489	0.0366885	0.0553158	0.264563	0.00213895	0.00767276
143	0.00400628	0.00323566	0.000318284	0.000463345	0.0450539	0.000616225	0.000381215	0.0782934	0.000706533	0.744501	0.0573721	0.000554204	0.000355568	0.000684345	0.000630478	0.00236128	0.00473992	0.0474037	8.63597e-05	0.0082365
144	0.0573226	0.00730637	0.276829	0.215621	0.00798778	0.0362101	0.0137266	0.0121634	0.0459058	0.0309577	0.0440095	0.0514793	0.0100421	0.0524348	0.0231542	0.057822	0.0337102	0.0154689	0.00128943	0.00655966
145	0.0494214	0.00638529	0.126471	0.386072	0.00639727	0.0328699	0.0117515	0.00644409	0.0463281	0.0156831	0.0140087	0.0364733	0.0101628	0.112814	0.0185007	0.0687484	0.0265344	0.0138401	0.00307102	0.00802305
146	0.00327386	0.00318351	0.000339973	0.000386858	0.0341548	0.000539965	0.000340942	0.0938419	0.000700616	0.73591	0.0588828	0.000476222	0.000440911	0.000674705	0.000604112	0.00211305	0.00473117	0.0516348	9.02901e-05	0.00768001
147	0.123668	0.00580929	0.248053	0.178474	0.00498786	0.0586926	0.0183487	0.00579545	0.040876	0.0136853	0.0120261	0.0558895	0.026542	0.0392317	0.0198469	0.0997555	0.0277448	0.0111777	0.000345953	0.00905025
148	0.606287	0.0120946	0.00531372	0.00550803	0.0039654	0.0322117	0.00308553	0.00530634	0.00718978	0.00408207	0.00835331	0.0128013	0.00480413	0.00977561	0.00306386	0.200206	0.0576992	0.0168971	0.000305983	0.0010488
149	0.0116048	0.00421122	0.000256324	0.00111017	0.00567529	0.00122376	0.000317971	0.438196	0.000744912	0.0914549	0.01912	0.000830191	0.000192891	0.00187417	0.00256217	0.000966445	0.0174222	0.400623	0.00115641	0.000457475
150	0.0354988	0.290214	0.00333848	0.00846221	0.110482	0.0095679	0.00555895	0.0510154	0.0673734	0.0946552	0.0182891	0.00658776	0.00359282	0.00776895	0.0826747	0.0181414	0.0422491	0.109666	0.00199034	0.0328739
151	0.00300917	0.000676463	0.000999315	0.00809126	0.00443992	0.00969555	0.00820894	0.00821884	0.299002	0.00627703	0.0014794	0.0226421	0.0120227	0.019399	0.565658	0.0138045	0.00297858	0.0122905	0.000206275	0.00090032
152	0.0759825	0.00372493	0.00479956	0.00833695	0.00429637	0.00811368	0.00537364	0.00599781	0.0588553	0.00718986	0.00646898	0.00822671	0.00305044	0.471245	0.0335978	0.220149	0.0605112	0.00769347	0.001462	0.00492529
153	0.0130107	0.00458507	0.00569988	0.0130111	0.00917296	0.0129217	0.0115183	0.013071	0.243981	0.0180595	0.00987926	0.0263954	0.0155183	0.0242077	0.519773	0.0224459	0.012979	0.0192536	0.000539663	0.00397787
154	0.0566315	0.00752718	0.0112098	0.0159094	0.00802838	0.720915	0.0110899	0.00615505	0.0112052	0.00814275	0.00577373	0.016746	0.00303987	0.0160741	0.00771469	0.0437787	0.0119482	0.00925676	0.0012491	0.0276042
155	0.0981072	0.00176781	0.00182979	0.0057812	0.00181856	0.014733	0.001987	0.00933056	0.0176683	0.00598057	0.016235	0.0263766	0.00989514	0.0120487	0.0122941	0.387637	0.368342	0.00591341	0.000392572	0.00186127
156	0.0872727	0.00313424	0.0121551	0.0121849	0.016795	0.0745493	0.00568325	0.0459907	0.0343507	0.0613223	0.0490275	0.0556301	0.0206479	0.0509183	0.0562563	0.150847	0.159669	0.0775164	0.000594201	0.025455
157	0.0930241	0.00209185	0.00227959	0.0114053	0.00522434	0.219027	0.0161061	0.0031154	0.0299868	0.00336869	0.0255861	0.176121	0.00396906	0.0497042	0.0251756	0.291254	0.0210324	0.00577089	0.000752358	0.0150056
158	0.167012	0.00259375	0.193808	0.0171185	0.00256469	0.162515	0.00913709	0.00223192	0.00564123	0.0134752	0.00247378	0.0619528	0.0010768	0.00449917	0.00915379	0.301026	0.0172173	0.0183574	0.000554633	0.00759035
159	0.207527	0.00236797	0.172245	0.0172165	0.00184051	0.151119	0.00977868	0.00178842	0.00349485	0.0149593	0.00184444	0.0600467	0.000928054	0.00298324	0.00997459	0.302167	0.0181948	0.0127744	0.000463216	0.00828683
160	0.16549	0.0110078	0.0011765	0.00272123	0.00124934	0.00715479	0.00213942	0.0067049	0.00912759	0.0068111	0.00516088	0.00686691	0.00392457	0.00721183	0.00510359	0.325171	0.40482	0.0265458	0.000277401	0.00133646
161	0.0439789	0.00330274	0.0031161	0.00709702	0.000852064	0.895187	0.000836972	0.000836851	0.00266901	0.00255288	0.000835788	0.0012309	0.000318684	0.0039171	0.000911905	0.0202938	0.00440796	0.00388247	0.000175056	0.00359697
162	0.201471	0.0257715	0.00395965	0.0044355	0.00937661	0.0173349	0.00405362	0.0871425	0.012583	0.0467096	0.0114569	0.00932909	0.00627181	0.0106204	0.00760729	0.135094	0.172817	0.226739	0.000769221	0.00645749
163	0.0704622	0.00383055	0.00335259	0.0109972	0.00842367	0.251164	0.0474818	0.0042882	0.0238126	0.00721794	0.0332831	0.174615	0.00432785	0.0571158	0.0163447	0.233302	0.0152547	0.00563637	0.000885648	0.0282036
164	0.0488558	0.0049044	0.357705	0.243461	0.00539098	0.0364319	0.0152162	0.00437572	0.0312356	0.00948797	0.0101897	0.0717783	0.0164512	0.0322888	0.0150571	0.0605277	0.0242788	0.00693691	0.00067031	0.00475717
165	0.0504795	0.00488995	0.0102455	0.0230075	0.00471118	0.0830085	0.0268648	0.0138567	0.0413581	0.00839199	0.00573276	0.129333	0.013992	0.0751126	0.00908084	0.336957	0.139903	0.0126834	0.000598811	0.00979361
166	0.01148	0.00417958	0.00026596	0.00102617	0.00613137	0.00117976	0.000261414	0.436324	0.000666213	0.0951253	0.0195104	0.000829513	0.000279666	0.0018072	0.00249092	0.000958516	0.0171965	0.398729	0.00112611	0.000432231
167	0.0931813	0.0241999	0.00520012	0.00665341	0.0168321	0.0131814	0.00333539	0.197597	0.0129035	0.0769685	0.0184903	0.00886014	0.0088795	0.0111379	0.00979118	0.0495954	0.0935048	0.339937	0.00130964	0.00844165
168	0.0581855	0.00856023	0.0886789	0.0460369	0.00623892	0.0778725	0.0272936	0.00620953	0.0516979	0.0110322	0.0105046	0.247467	0.0166668	0.0366623	0.0253051	0.207348	0.054309	0.00934267	0.0012967	0.00929183
169	0.0555449	0.0124539	0.0285899	0.0483314	0.00989264	0.0299507	0.0292355	0.0171882	0.125186	0.0324253	0.0257956	0.0525053	0.0233118	0.164992	0.101563	0.0979057	0.105996	0.025	0.0023784	0.0117535
170	0.0557844	0.0101915	0.0139515	0.0182283	0.0449684	0.0208711	0.0101975	0.0707724	0.0266533	0.366321	0.0505691	0.0268181	0.0143301	0.022138	0.0205353	0.0841317	0.0520824	0.0720469	0.00205468	0.0173545
171	0.00864409	0.00447425	0.000927246	0.00212863	0.034252	0.00171751	0.00125336	0.127568	0.00477035	0.636245	0.0546216	0.00172611	0.00100403	0.00239934	0.00379554	0.00527528	0.0096604	0.0921339	0.000282451	0.00712099
172	0.226558	0.0176008	0.00150722	0.00237128	0.00186346	0.00572218	0.00329364	0.00389313	0.0067371	0.00679153	0.00393873	0.00812422	0.00601341	0.00516136	0.00387194	0.443076	0.223088	0.0283844	0.00039138	0.00161226
173	0.0363311	0.010589	0.0123245	0.0274229	0.0175082	0.0189565	0.0272886	0.021036	0.228251	0.0520625	0.174448	0.0810776	0.00626749	0.085896	0.0375014	0.0379067	0.0356247	0.0247886	0.00333724	0.0613816
174	0.0182651	0.0049751	0.00259025	0.00366917	0.0220493	0.00348524	0.0024063	0.218295	0.00637272	0.333278	0.273791	0.0039762	0.00237116	0.00513215	0.00547639	0.00771109	0.0238492	0.0573883	0.000536247	0.00438244
175	0.0624574	0.00361937	0.217501	0.110219	0.0060767	0.0281038	0.0179381	0.00564347	0.0407484	0.0118308	0.00908623	0.079986	0.203054	0.0417408	0.0290022	0.0860775	0.0335626	0.00649699	0.000801388	0.00605511
176	0.0466151	0.0032788	0.00800966	0.00990159	0.00226647	0.840014	0.00280233	0.00221055	0.00576608	0.00528949	0.00299744	0.00798059	0.00241183	0.00629356	0.00311006	0.0314552	0.00914568	0.00579464	0.000259576	0.00439711
177	0.0734689	0.00428844	0.0106315	0.0198566	0.0284417	0.00714431	0.0119579	0.117655	0.0422392	0.0548525	0.0221103	0.0237476	0.112336	0.0520229	0.0254743	0.0756964	0.0860988	0.225746	0.00119059	0.00504044
178	0.0193766	0.000751745	0.445496	0.424944	0.00424123	0.00881783	0.0079735	0.0011092	0.00936741	0.00123952	0.00546766	0.0257144	0.00494177	0.0164024	0.00204281	0.0141252	0.00540127	0.0014215	0.000298436	0.000867665
179	0.531645	0.00940177	0.00466413	0.0124378	0.00415788	0.0765751	0.00264194	0.00391404	0.00532804	0.006208	0.0148475	0.0079515	0.00285089	0.0465883	0.00292115	0.230784	0.0244893	0.0097588	0.000481252	0.00235329
180	0.00830791	0.00525945	0.000759304	0.00127873	0.0357077	0.00165244	0.000731379	0.142242	0.00234546	0.625284	0.0583823	0.00086983	0.00104443	0.00191075	0.00213142	0.00387403	0.00870028	0.0924824	0.000235444	0.0068016
181	0.0461633	0.0064657	0.166394	0.143868	0.00333475	0.0862394	0.0181649	0.00451856	0.0615354	0.0158469	0.0115592	0.195864	0.00483987	0.04929	0.023315	0.104406	0.0462723	0.00664735	0.00132421	0.00395064
182	0.0468017	0.0081179	0.101153	0.0538951	0.00771665	0.0638782	0.0311583	0.0101304	0.0662818	0.0196107	0.0144652	0.281212	0.0156226	0.0370764	0.0341974	0.131185	0.053907	0.0124401	0.00219638	0.00895483
183	0.0130252	0.00479257	0.000217392	0.00103342	0.00462071	0.00135525	0.000275815	0.434657	0.000679071	0.087163	0.0179994	0.000838373	0.00017428	0.00177714	0.00247805	0.00131087	0.018393	0.407594	0.0011598	0.000455678
184	0.0133082	0.00602234	0.00159847	0.00253288	0.0410823	0.00238573	0.00170376	0.0970036	0.00713399	0.669143	0.0554282	0.00259102	0.00141895	0.00363033	0.0043127	0.00777576	0.0107158	0.0617404	0.000588657	0.00988412
185	0.0110053	0.00402296	0.000216343	0.000969829	0.00786674	0.00114541	0.000285387	0.433557	0.000721007	0.105376	0.0210146	0.000822069	0.000458912	0.00174091	0.00252815	0.00088844	0.0163329	0.389561	0.00111257	0.000374479
186	0.0212191	0.00860273	0.000533705	0.00114093	0.00738888	0.00288534	0.000471762	0.406473	0.00189106	0.0935789	0.018701	0.0016002	0.00126355	0.00232684	0.00287889	0.00464485	0.0233335	0.398789	0.00103578	0.00124086
187	0.0385652	0.0173517	0.013528	0.0269641	0.0231172	0.0201985	0.112827	0.0338822	0.109411	0.0677303	0.0858812	0.0492481	0.0079565	0.0712298	0.173713	0.0517977	0.0338493	0.0398009	0.00402079	0.018928
188	0.0103314	0.00306542	0.00378455	0.00678959	0.00442224	0.0060591	0.00491647	0.0585902	0.469769	0.132396	0.0653229	0.00639221	0.0215467	0.0094805	0.165757	0.0107972	0.0086975	0.00711729	0.000975196	0.0037893
189	0.0240305	0.00151545	0.415591	0.421783	0.00434466	0.0119846	0.00743486	0.00150189	0.0121714	0.00336391	0.00730134	0.0254365	0.00559473	0.023284	0.0037369	0.0192535	0.0081973	0.00227224	0.000268261	0.000933451
