238	20
1	0.0821276	0.00844854	0.00308782	0.00331053	0.062871	0.010744	0.00611557	0.121181	0.00294743	0.246426	0.0782286	0.00439743	0.00469871	0.00242032	0.0117674	0.0261682	0.0405036	0.25974	0.00446598	0.0203505
2	0.0539726	0.00104249	0.309361	0.349429	0.000798981	0.0205031	0.00390134	0.00132599	0.0458043	0.00471798	0.00947312	0.0343982	0.0237634	0.0460695	0.0185574	0.0330316	0.0251912	0.0177315	0.000496697	0.000429753
3	0.0467729	0.00364502	0.00101254	0.00395643	0.0125962	0.0104832	0.000856807	0.257447	0.000916936	0.0906693	0.0565362	0.00362256	0.00141098	0.000992472	0.00761472	0.0124031	0.0220682	0.463515	0.000589768	0.00289039
4	0.0777439	0.004589	0.0290836	0.0763425	0.00925627	0.0219505	0.0753234	0.0207456	0.0688932	0.0626106	0.0295344	0.0240582	0.0219716	0.133137	0.169814	0.0460318	0.0731076	0.0378759	0.00565352	0.0122773
5	0.103932	0.00635902	0.00544128	0.0290061	0.0074465	0.0115664	0.00702395	0.180637	0.0285016	0.0354478	0.0251639	0.0144376	0.00617191	0.0194709	0.0191369	0.0537648	0.0957892	0.346242	0.00150916	0.00295211
6	0.0920173	0.00573828	0.0149717	0.0678381	0.0124556	0.00595734	0.0531815	0.0236565	0.0613378	0.10912	0.0654253	0.0143709	0.00171324	0.15128	0.11208	0.0528477	0.0684026	0.0671743	0.0121806	0.00825097
7	0.117898	0.028541	0.0172068	0.0109707	0.0275203	0.162705	0.0255982	0.0104746	0.0241179	0.0131309	0.0124889	0.0397549	0.0280515	0.0196242	0.122517	0.186592	0.124754	0.0138854	0.0125717	0.00159639
8	0.0256328	0.00885351	0.00461621	0.0050599	0.00523364	0.024098	0.0109547	0.00631048	0.00454814	0.00982577	0.00533572	0.0758319	0.0215826	0.00514678	0.0566274	0.422098	0.27086	0.0155132	0.0196016	0.00226978
9	0.107149	0.00488396	0.0151941	0.047237	0.0134077	0.014364	0.0128172	0.0121591	0.147286	0.0577458	0.0174607	0.0156219	0.00733467	0.0278335	0.30434	0.0464262	0.107068	0.0363806	0.00210276	0.00318708
10	0.0653857	0.00286069	0.00261574	0.00295747	0.0385447	0.0109623	0.00137737	0.131743	0.000714702	0.331594	0.0584819	0.00212137	0.00264747	0.000887311	0.00737293	0.0309874	0.0552931	0.240868	0.00212525	0.0104599
11	0.0432643	0.003611	0.000638723	0.00357847	0.00848286	0.00805763	0.000611851	0.273887	0.000749991	0.0737591	0.0478403	0.00285297	0.00105565	0.000768897	0.00721135	0.010771	0.0179423	0.493238	0.000321739	0.00135651
12	0.0450879	0.00411373	0.0178082	0.0400069	0.0116845	0.00968988	0.11772	0.0063544	0.0665706	0.0244602	0.00354497	0.0556118	0.071361	0.0786153	0.26287	0.0549288	0.0631534	0.0256671	0.00304765	0.037703
13	0.062152	0.038891	0.00480786	0.00918864	0.237085	0.00878222	0.0353544	0.0394174	0.0118746	0.151214	0.0517359	0.00388486	0.0089766	0.018098	0.0222196	0.0423229	0.032854	0.0848214	0.0267768	0.109542
14	0.0380232	0.00375348	0.0020956	0.00872256	0.00700142	0.0101	0.00218487	0.252407	0.00534462	0.0435008	0.0443142	0.00500379	0.00243592	0.00516068	0.00709534	0.0336574	0.0487041	0.476771	0.000827662	0.00289661
15	0.0360675	0.00467883	0.00982704	0.0193858	0.0136593	0.0153067	0.0907706	0.00880567	0.0182586	0.0543602	0.00398141	0.0251231	0.280022	0.106024	0.146217	0.0346266	0.0748801	0.0292184	0.00265128	0.0261361
16	0.050583	0.0389074	0.00437417	0.00525797	0.275203	0.008308	0.0305142	0.0368735	0.00615065	0.181024	0.0441061	0.0048003	0.0129904	0.00948273	0.0133817	0.0395344	0.0256336	0.0710331	0.0243621	0.117479
17	0.0260029	0.00852981	0.00495279	0.0049007	0.00491755	0.0237643	0.0100532	0.00604347	0.00386548	0.00840658	0.00462732	0.0829512	0.021552	0.00441932	0.0460901	0.415156	0.293681	0.0142769	0.0138387	0.00197041
18	0.251706	0.00848513	0.00221973	0.00322692	0.0132017	0.0112826	0.00339903	0.0991093	0.0042748	0.0536218	0.0697803	0.00523146	0.0115542	0.00191811	0.013094	0.0255206	0.0461876	0.374554	0.000712009	0.000920268
19	0.043279	0.031387	0.0045595	0.00605489	0.322291	0.00721123	0.0328893	0.0340766	0.00469658	0.155888	0.0321241	0.00815689	0.00732141	0.00657522	0.0113903	0.0334573	0.0225727	0.0661835	0.021289	0.148596
20	0.0558116	0.00132028	0.317313	0.326848	0.00114667	0.0247497	0.0060139	0.00192477	0.0437575	0.00618191	0.0092482	0.0381244	0.0223677	0.0442333	0.0220185	0.0349403	0.0252719	0.0174335	0.000533987	0.000760647
21	0.107433	0.00604753	0.0152482	0.0435961	0.0106027	0.0138291	0.0106895	0.013923	0.136104	0.0687746	0.0270041	0.0184796	0.00479217	0.0296101	0.266171	0.0442772	0.128217	0.0506674	0.00217853	0.00235461
22	0.147855	0.00639748	0.000942706	0.00304438	0.0113069	0.00885459	0.00148313	0.192484	0.00185399	0.0623333	0.0521478	0.0030482	0.00530047	0.00107033	0.00988054	0.0175132	0.0301357	0.442819	0.000421242	0.00110807
23	0.149488	0.0539721	0.0107115	0.0112881	0.00838137	0.0306165	0.0274255	0.0113556	0.0095878	0.0135387	0.00654231	0.0752488	0.010922	0.0053659	0.0302768	0.2783	0.229882	0.0252743	0.00842599	0.0033967
24	0.0574526	0.03939	0.00445518	0.00460519	0.264976	0.00994022	0.0315029	0.0392985	0.00651789	0.157278	0.0480912	0.00305018	0.0102222	0.0102911	0.0154948	0.0385412	0.0307535	0.0850265	0.0264286	0.116684
25	0.0328586	0.00319762	0.00145162	0.00826443	0.0109741	0.0154075	0.0015747	0.256196	0.00196686	0.0474138	0.0824493	0.00769055	0.00190571	0.00218798	0.00679601	0.0185231	0.0331575	0.461584	0.000693954	0.00570647
26	0.129222	0.00621164	0.00754681	0.0290099	0.0455146	0.0179913	0.0295644	0.021292	0.00711911	0.0582834	0.00668449	0.00952559	0.2186	0.0114388	0.0192938	0.18922	0.142572	0.0451026	0.00273963	0.00306727
27	0.0673005	0.00307666	0.00285961	0.00301147	0.0387922	0.0125887	0.00156854	0.127027	0.000823011	0.330343	0.0592529	0.00220715	0.00265292	0.000976188	0.00857296	0.0304871	0.0569941	0.238464	0.00204838	0.0109536
28	0.0489124	0.0037562	0.00125004	0.00326758	0.0179849	0.00927455	0.000930837	0.240032	0.000762804	0.133838	0.0580244	0.00324178	0.00168073	0.000837703	0.00764842	0.0143653	0.0242647	0.425089	0.000802164	0.00403711
29	0.031495	0.0321586	0.00436132	0.00752328	0.384685	0.00487732	0.0420648	0.017992	0.00354031	0.116216	0.019154	0.0122699	0.00540188	0.00489564	0.0085477	0.0325226	0.0136099	0.0359771	0.0212868	0.201421
30	0.102717	0.0194111	0.00436881	0.00390356	0.123098	0.0105737	0.016642	0.082981	0.00477866	0.192623	0.0435095	0.00508787	0.00515714	0.00491601	0.0136643	0.0355046	0.0515696	0.2151	0.00851146	0.055883
31	0.0357493	0.0328547	0.00461138	0.00701568	0.353181	0.00576891	0.0407105	0.0243727	0.00429473	0.120483	0.0240229	0.0103345	0.00601306	0.00579065	0.0102865	0.0325671	0.0168367	0.0467619	0.0249032	0.193442
32	0.0508271	0.00255322	0.027527	0.0491886	0.0127097	0.0127171	0.153665	0.00623961	0.0461811	0.0224915	0.00393218	0.0581013	0.0730529	0.0896556	0.206455	0.0579725	0.0629395	0.0222177	0.00239948	0.0391744
33	0.118111	0.0149737	0.0357746	0.0125585	0.0117669	0.0221856	0.00991999	0.0789693	0.0114674	0.0220224	0.0125545	0.0989918	0.049826	0.0114205	0.0243956	0.117982	0.240938	0.0979781	0.00407181	0.00409205
34	0.301089	0.00281657	0.140385	0.0636759	0.00277501	0.0528426	0.0414196	0.0282999	0.00328069	0.00775309	0.00261279	0.0165623	0.00333211	0.013778	0.0334053	0.153524	0.0903928	0.0396158	0.00107966	0.00136032
35	0.48818	0.00308985	0.0695122	0.0628042	0.0033674	0.040858	0.0152962	0.0213461	0.00712017	0.00914976	0.00231423	0.0138485	0.00623907	0.00612172	0.0205135	0.105684	0.068671	0.0536056	0.00120964	0.00106838
36	0.0601382	0.0030805	0.00233986	0.0026609	0.040842	0.0103168	0.0014603	0.133343	0.000735267	0.341135	0.0586124	0.00239073	0.00305758	0.000914806	0.00768976	0.027036	0.0501932	0.240758	0.00197469	0.0113212
37	0.123549	0.00502064	0.0139104	0.0662234	0.0134707	0.00910191	0.0362361	0.0441367	0.060468	0.0937075	0.0634969	0.0170922	0.00552335	0.0850914	0.0958367	0.0423507	0.0732959	0.139621	0.00687954	0.00498843
38	0.120063	0.00333216	0.0968783	0.110522	0.00271581	0.037049	0.079217	0.0268684	0.079905	0.0490495	0.0106557	0.0433803	0.0162112	0.064413	0.121754	0.0477357	0.0430401	0.042689	0.00241748	0.00210318
39	0.453899	0.00970786	0.0221582	0.015664	0.00904725	0.200813	0.00525949	0.00924997	0.00485343	0.0140959	0.00445525	0.013119	0.0181445	0.00543499	0.0157924	0.119168	0.0379212	0.037583	0.00257916	0.00105408
40	0.0511409	0.0240017	0.00466658	0.00489313	0.186641	0.00847644	0.0218394	0.0689844	0.00492365	0.252619	0.0423305	0.00509509	0.00771873	0.00740728	0.0175267	0.0314894	0.0314808	0.121922	0.0154048	0.0914389
41	0.22728	0.0366185	0.0140477	0.0412864	0.00687374	0.0565465	0.0105612	0.0337193	0.0301927	0.0642001	0.0145814	0.0175059	0.00503315	0.0268441	0.0836864	0.151599	0.100298	0.0738497	0.00353692	0.00173975
42	0.118922	0.0068752	0.01865	0.0426362	0.0101938	0.0122548	0.0101531	0.0162232	0.153012	0.0642043	0.0217995	0.0159177	0.00369197	0.0321884	0.237421	0.0499262	0.133984	0.0482439	0.00203395	0.00166885
43	0.400083	0.0103216	0.00139634	0.00195986	0.00438516	0.0169901	0.00195654	0.0450049	0.00256555	0.0160613	0.0369639	0.00185177	0.0122043	0.00191617	0.0119494	0.0249217	0.0783506	0.329974	0.000563222	0.000581064
44	0.0564336	0.00399109	0.00219031	0.0026539	0.040246	0.00986919	0.00155854	0.151472	0.000766484	0.316751	0.0553661	0.00238853	0.00360257	0.000972735	0.00776587	0.0237954	0.0432688	0.263393	0.00186881	0.011646
45	0.593876	0.00658879	0.0166255	0.014107	0.00901252	0.10271	0.00148373	0.00417055	0.00275517	0.0107536	0.00222135	0.00690697	0.0217751	0.00148552	0.00398003	0.127133	0.0361322	0.035953	0.00165578	0.000673731
46	0.110614	0.0046937	0.0880523	0.132695	0.00473446	0.0114302	0.0832028	0.0503853	0.0408309	0.0561845	0.00824824	0.0522274	0.0371497	0.0351227	0.0741916	0.0414061	0.0278449	0.135109	0.00293832	0.0029388
47	0.0294641	0.0289559	0.0049886	0.00960905	0.385067	0.00513732	0.0498485	0.0148469	0.00361914	0.100986	0.0152883	0.0149745	0.00494085	0.00471741	0.00838994	0.033075	0.0128189	0.0280388	0.0202824	0.224952
48	0.0346127	0.00593866	0.00974333	0.0151394	0.00798418	0.0185664	0.0579579	0.0111841	0.0217238	0.0510952	0.00391662	0.0189559	0.29621	0.100516	0.215141	0.0287931	0.0577817	0.0271107	0.00307241	0.0145571
49	0.121173	0.0050718	0.0148418	0.0632055	0.0141276	0.00748795	0.0504242	0.0388682	0.0584157	0.107677	0.066392	0.0159495	0.00421209	0.0921842	0.0972948	0.0406854	0.0763197	0.111746	0.00802243	0.00590211
50	0.0544021	0.0350644	0.00396891	0.00438956	0.235187	0.00923551	0.0285218	0.043195	0.00699086	0.196644	0.0542254	0.0029297	0.00955383	0.0111293	0.0147308	0.0375882	0.0277164	0.0939224	0.0266382	0.103967
51	0.472264	0.010583	0.0179235	0.0152688	0.0123783	0.0970363	0.00482932	0.00912748	0.0123058	0.0247557	0.00512594	0.0121693	0.0443482	0.00866953	0.0180757	0.132715	0.0615947	0.0370719	0.00253562	0.00122168
52	0.0771458	0.016704	0.0588871	0.0173431	0.0122048	0.478002	0.0183055	0.0143469	0.0065944	0.0207928	0.00591129	0.0266375	0.0106549	0.0209125	0.054994	0.0930444	0.0359875	0.0178882	0.0102999	0.00334363
53	0.401416	0.0101329	0.00152293	0.00204415	0.00455982	0.0169304	0.00197473	0.045074	0.00273729	0.0165349	0.0370181	0.00197336	0.01213	0.0019308	0.0120345	0.0252343	0.0769101	0.32865	0.000614829	0.00057699
54	0.0205454	0.008338	0.00808855	0.0197105	0.00548689	0.0120753	0.0700516	0.0210896	0.0464432	0.0614897	0.0044281	0.0151304	0.0513074	0.0836764	0.47236	0.0359336	0.0228353	0.0177937	0.00606673	0.0171497
55	0.0531433	0.0115063	0.00237609	0.0025126	0.09963	0.00866857	0.00648764	0.112225	0.00182359	0.325998	0.0469349	0.0023487	0.0060093	0.00262136	0.00896097	0.0245604	0.0412912	0.199081	0.00567338	0.0381465
56	0.0439239	0.00356163	0.000643489	0.00364849	0.00891178	0.00816078	0.0006302	0.271453	0.000789105	0.0745819	0.049166	0.00296038	0.00106689	0.000796633	0.00735529	0.0107027	0.0179386	0.491998	0.000327716	0.00138433
57	0.0530329	0.000832644	0.307287	0.350828	0.000822311	0.0201289	0.0043531	0.0013054	0.0459161	0.00556312	0.00974598	0.0332814	0.0229325	0.0475401	0.0203888	0.0323414	0.0248859	0.0177835	0.000548412	0.000482418
58	0.393831	0.0103308	0.00255828	0.00397888	0.0048148	0.0183969	0.00249878	0.0439576	0.00385954	0.0191466	0.0363967	0.00352491	0.0120577	0.00235678	0.0141277	0.028178	0.0824077	0.315915	0.000785852	0.000877292
59	0.168862	0.0473088	0.0334787	0.0348087	0.0073774	0.00875951	0.00569969	0.0233592	0.0476156	0.0164015	0.0473994	0.0150908	0.00418366	0.026646	0.0801981	0.108495	0.282382	0.0371463	0.00297485	0.00181296
60	0.304606	0.00276186	0.137981	0.0634915	0.00276049	0.0527081	0.0414364	0.0291018	0.00328367	0.00784633	0.00247679	0.0159797	0.00333524	0.0134341	0.0334349	0.153026	0.0896115	0.0402213	0.00116616	0.00133788
61	0.0655232	0.000832973	0.304728	0.332212	0.000839258	0.0212846	0.00492427	0.00209504	0.0437974	0.00467313	0.00939464	0.0350868	0.023712	0.0472548	0.0188518	0.0365853	0.0277047	0.019509	0.000503827	0.000487395
62	0.111355	0.0239847	0.00411279	0.00445093	0.135791	0.01158	0.0229299	0.0695852	0.00662507	0.170329	0.053818	0.00567788	0.00704323	0.00684126	0.0152757	0.0423919	0.0431651	0.188486	0.0131257	0.0634322
63	0.0667366	0.00283187	0.00273569	0.00290957	0.039452	0.0112349	0.00152012	0.122183	0.000763219	0.339593	0.0609181	0.00220505	0.00273598	0.00105559	0.00809461	0.030329	0.0568356	0.235317	0.00226763	0.0102816
64	0.123811	0.0116336	0.0143251	0.0149074	0.00928931	0.0703611	0.0163375	0.0227447	0.0133447	0.0505196	0.0165994	0.0141916	0.209805	0.0586125	0.0433544	0.049052	0.104641	0.148152	0.00432332	0.00399437
65	0.076631	0.00296162	0.0026482	0.00306496	0.038808	0.0108521	0.00193913	0.121721	0.00116886	0.323327	0.0600812	0.00282489	0.00290022	0.000912986	0.00763609	0.0310967	0.0565781	0.242936	0.00203919	0.0098725
66	0.0980851	0.0117906	0.0482301	0.0748456	0.00757474	0.0197949	0.040981	0.0162894	0.0694392	0.0947499	0.0387532	0.0261068	0.00503844	0.0966897	0.13536	0.0701663	0.0826257	0.0468929	0.0128293	0.00375722
67	0.117775	0.00277307	0.0677068	0.0787006	0.00243649	0.0710306	0.0406325	0.0117283	0.0907533	0.0499281	0.018858	0.0261298	0.00878325	0.0976623	0.184423	0.0610762	0.0501895	0.0160417	0.00221942	0.00115133
68	0.0432945	0.0337368	0.00404221	0.00534467	0.295936	0.00707039	0.031341	0.0352484	0.0051211	0.184824	0.0359316	0.0064184	0.00855323	0.00751935	0.0116252	0.0331615	0.0208461	0.067388	0.0225556	0.140042
69	0.0384978	0.0137683	0.0106595	0.0260141	0.0905102	0.00766567	0.15134	0.01437	0.0218204	0.0682908	0.015109	0.0351537	0.0695876	0.100097	0.100638	0.0439484	0.0488751	0.0460232	0.00859502	0.0890369
70	0.0789501	0.0117053	0.0155336	0.0142741	0.0244229	0.0693698	0.0170067	0.0258529	0.0113241	0.0997439	0.0173263	0.0141649	0.263178	0.0409866	0.0435685	0.0590485	0.0775023	0.102184	0.00459467	0.00926196
71	0.112395	0.0408753	0.0653601	0.0241978	0.0187479	0.0843446	0.00211413	0.00253256	0.0758639	0.0358356	0.00168606	0.0595978	0.09546	0.061561	0.0901438	0.137756	0.079169	0.0106589	0.000810631	0.000889872
72	0.0275994	0.0078159	0.0106919	0.0225466	0.00401304	0.0138549	0.0796189	0.00998167	0.0570484	0.0295428	0.00289152	0.023678	0.0318034	0.0669623	0.499771	0.0458735	0.0229957	0.0160476	0.00695038	0.0203129
73	0.036745	0.0347172	0.0043863	0.00665895	0.361052	0.00590318	0.0382323	0.0227449	0.00407295	0.124833	0.0251219	0.00978455	0.00629564	0.00603093	0.00979122	0.0329218	0.0174504	0.0493689	0.0224873	0.181401
74	0.19305	0.00310315	0.0142515	0.00662378	0.014003	0.0715954	0.0308238	0.00380651	0.0445148	0.00703041	0.0441993	0.00739387	0.0592174	0.0144718	0.188753	0.16319	0.1148	0.0159399	0.00196064	0.00127194
75	0.130538	0.128486	0.0169591	0.0147489	0.0513772	0.0334234	0.0198171	0.0574764	0.0144348	0.0603858	0.0305636	0.01752	0.0107412	0.0127667	0.0342554	0.0915673	0.0764777	0.165545	0.011671	0.0212454
76	0.339998	0.0153115	0.0213338	0.0149503	0.00901412	0.254815	0.00839486	0.0136226	0.00835032	0.0202118	0.00443683	0.0174215	0.0155983	0.00805407	0.023186	0.149489	0.0418684	0.0288006	0.00371081	0.0014334
77	0.0938	0.0194995	0.0275585	0.0161761	0.0151521	0.225142	0.0135622	0.0133398	0.0251038	0.029691	0.00881646	0.0283979	0.103666	0.0252876	0.0557618	0.161186	0.101259	0.028295	0.00528732	0.00301812
78	0.0507818	0.00654779	0.00387448	0.00428056	0.0594809	0.0104456	0.00347703	0.165703	0.00197871	0.314759	0.0526838	0.0035966	0.0174758	0.00248503	0.0102553	0.0228323	0.0364713	0.215309	0.00229707	0.0152658
79	0.389551	0.00987675	0.00144765	0.00218735	0.0049273	0.0172233	0.00243501	0.0466773	0.0031433	0.0186872	0.0387759	0.00249448	0.0119125	0.00196677	0.0128242	0.0255566	0.0779906	0.331115	0.000601005	0.00060715
80	0.0432643	0.003611	0.000638723	0.00357847	0.00848286	0.00805763	0.000611851	0.273887	0.000749991	0.0737591	0.0478403	0.00285297	0.00105565	0.000768897	0.00721135	0.010771	0.0179423	0.493238	0.000321739	0.00135651
81	0.144451	0.0241973	0.0245808	0.0209336	0.0125395	0.230794	0.0152698	0.0262596	0.019857	0.0601254	0.0168929	0.0234168	0.0123937	0.01898	0.0686946	0.123828	0.065428	0.0803245	0.00719492	0.0038386
82	0.0616377	0.0397451	0.00513362	0.00456123	0.256909	0.00937131	0.0319978	0.0412973	0.0062785	0.15174	0.044926	0.0028833	0.00952515	0.00941862	0.0159522	0.0405088	0.0361813	0.0917612	0.0264388	0.113733
83	0.182296	0.0717142	0.00499896	0.0176799	0.00648601	0.131614	0.0168675	0.035056	0.0106108	0.0306219	0.0154372	0.0165138	0.00390531	0.00524549	0.0296616	0.260806	0.102565	0.0526082	0.00381135	0.0014995
84	0.0225973	0.0087805	0.0168811	0.0309896	0.0115957	0.00865988	0.307237	0.00491145	0.0254674	0.0175403	0.00260807	0.0877675	0.0587276	0.10223	0.123114	0.061072	0.0385743	0.0184061	0.00454166	0.0482977
85	0.0261348	0.00498367	0.0113099	0.0258556	0.00812387	0.0092583	0.218391	0.00742091	0.0357683	0.0249298	0.00306908	0.0504103	0.0632432	0.0799149	0.296337	0.0477196	0.0334555	0.0192891	0.00421499	0.0301696
86	0.0916242	0.00584082	0.0143677	0.066577	0.0130118	0.0055717	0.0534208	0.0242578	0.0611829	0.110368	0.0663518	0.0140362	0.00156906	0.151266	0.11099	0.0532212	0.067148	0.067778	0.0126417	0.0087753
87	0.0546958	0.00404294	0.00080382	0.00399939	0.00846528	0.0080587	0.00081831	0.26339	0.00174912	0.0725413	0.0463832	0.00330975	0.00169996	0.00121364	0.00792675	0.0127927	0.0234626	0.482676	0.000422134	0.00154859
88	0.585439	0.0081408	0.015951	0.0138474	0.00940725	0.10346	0.00177717	0.00471171	0.00291994	0.0114542	0.00256047	0.00682351	0.0216956	0.00157551	0.00449068	0.128855	0.0380117	0.0364613	0.00176423	0.00065262
89	0.103241	0.0143915	0.170757	0.119622	0.0099188	0.0561462	0.0208207	0.00913273	0.0541015	0.0237767	0.00935746	0.0432504	0.0649624	0.0509481	0.0909122	0.077286	0.0539907	0.0209293	0.00264505	0.0038098
90	0.118387	0.0223573	0.0322177	0.0127027	0.0114584	0.396061	0.0156306	0.0191278	0.00797655	0.0229319	0.00687529	0.0261742	0.0136221	0.0127534	0.0449358	0.160428	0.0457283	0.0207324	0.00801427	0.00188505
91	0.0349588	0.00362467	0.0153498	0.0369551	0.0302854	0.0051909	0.186092	0.00590334	0.030263	0.0316411	0.00277872	0.0501566	0.0902376	0.120094	0.145263	0.0493789	0.0609771	0.0302002	0.00190099	0.068748
92	0.461685	0.0129526	0.0127606	0.0104403	0.00851568	0.155837	0.00393168	0.00968546	0.00457277	0.0203288	0.00353022	0.0104318	0.0169579	0.00242757	0.0077176	0.185853	0.0382031	0.0309009	0.00208471	0.00118335
93	0.251731	0.00587756	0.00666878	0.00787068	0.0337785	0.0187337	0.0154324	0.0639984	0.0138732	0.0746854	0.109458	0.0122834	0.0142317	0.00476982	0.0346883	0.0250951	0.0643319	0.237449	0.00134686	0.00369659
94	0.132899	0.0210644	0.0251079	0.018431	0.0286853	0.0114759	0.00909268	0.0418151	0.0401644	0.0512809	0.0506573	0.0835599	0.00602565	0.0398516	0.0898243	0.0961879	0.167661	0.0811468	0.00295852	0.00211022
95	0.108327	0.100447	0.0158699	0.00897466	0.202351	0.0220757	0.0320768	0.023059	0.00977228	0.0814896	0.0232875	0.0137258	0.0112098	0.0104215	0.0299332	0.0985758	0.0593487	0.0620173	0.0166136	0.0704235
96	0.0536223	0.0389289	0.00423211	0.00452016	0.261065	0.00898474	0.0295726	0.0399453	0.00655672	0.180794	0.0487636	0.00308103	0.0113066	0.0100608	0.0147646	0.0370033	0.0273348	0.0796927	0.0256967	0.114074
97	0.202209	0.00456501	0.00486863	0.0114137	0.0236657	0.0153382	0.0142395	0.0699737	0.0270839	0.0879283	0.0606503	0.0338712	0.00561215	0.00629174	0.0338409	0.0466569	0.0836155	0.26372	0.000950963	0.00350487
98	0.508041	0.00567804	0.0352736	0.070302	0.0045431	0.0452774	0.00862214	0.0171206	0.0128495	0.0153553	0.00331171	0.0212752	0.0083243	0.00588692	0.0177121	0.0957829	0.0638368	0.0579384	0.00165777	0.00121102
99	0.0570565	0.0768967	0.0210542	0.016406	0.038822	0.0631189	0.0446302	0.0239666	0.0148003	0.0452836	0.0157658	0.0303141	0.0113487	0.0200385	0.112164	0.125948	0.0662723	0.0384556	0.157834	0.0198233
100	0.588139	0.0064775	0.018484	0.0154406	0.00888866	0.100791	0.00222035	0.00470415	0.00301018	0.0104404	0.00244528	0.00707468	0.0222345	0.00170727	0.00503448	0.126534	0.0384778	0.035431	0.00181239	0.000652452
101	0.122752	0.00778774	0.0492358	0.0619397	0.00658941	0.0438426	0.0302324	0.0122618	0.0832681	0.0572182	0.0265516	0.0268228	0.00965129	0.0851078	0.181712	0.0769324	0.0855729	0.0267751	0.00409561	0.00165068
102	0.429854	0.00966516	0.011158	0.0117966	0.0078295	0.0483213	0.00475101	0.0383601	0.00614324	0.0163486	0.0195728	0.0102135	0.0303077	0.00477121	0.0133804	0.0653089	0.0997311	0.169587	0.00177367	0.00112583
103	0.312437	0.0235526	0.00443109	0.00460191	0.00734071	0.0155799	0.00430816	0.0641932	0.00499805	0.0209047	0.034215	0.00836229	0.0221285	0.0036323	0.012761	0.0454192	0.102201	0.30582	0.00135097	0.00176274
104	0.0819006	0.0327321	0.0296395	0.0279099	0.0106489	0.0372727	0.0293736	0.0113265	0.0761816	0.0376811	0.0118936	0.027742	0.0349291	0.0666184	0.286103	0.0863141	0.0792878	0.0216416	0.00453785	0.00626644
105	0.126226	0.00493868	0.0638632	0.0721708	0.00375903	0.0818436	0.0393789	0.0102933	0.0861993	0.0420719	0.0161302	0.0265364	0.0121926	0.0887158	0.174121	0.0699933	0.061246	0.0157756	0.00309111	0.00145273
106	0.148426	0.00189379	0.0756652	0.120695	0.00149399	0.0733118	0.0229026	0.010444	0.131989	0.0244931	0.0167345	0.0276922	0.0168202	0.103979	0.127494	0.0383698	0.0421598	0.0137743	0.000977632	0.000684001
107	0.0292082	0.028847	0.00497243	0.00966473	0.385794	0.00505908	0.0499761	0.0147676	0.00368478	0.101403	0.0153554	0.0145732	0.00489184	0.0047177	0.00838862	0.0327138	0.0127997	0.0280539	0.0203476	0.224781
108	0.0574505	0.000818376	0.309556	0.340399	0.000837501	0.0206499	0.00393971	0.00136456	0.045367	0.00459564	0.00970162	0.0351828	0.0249655	0.0492294	0.0183179	0.0328456	0.0255965	0.0182098	0.000472288	0.000500458
109	0.0344713	0.00718463	0.0241001	0.0441792	0.0108191	0.0166029	0.254476	0.00794158	0.0318365	0.0237537	0.00419332	0.072216	0.0528872	0.0804272	0.173285	0.0534934	0.0424842	0.0242084	0.00441285	0.0370269
110	0.023762	0.00722757	0.0072987	0.0212782	0.00298202	0.010154	0.0635382	0.0105181	0.0600624	0.0406327	0.00701494	0.0179052	0.0217984	0.0706206	0.516252	0.0492921	0.0184842	0.0203741	0.0104369	0.0203679
111	0.07996	0.0383714	0.0872091	0.0413616	0.0237463	0.156257	0.00732064	0.00529689	0.0466684	0.0260343	0.00355277	0.0771688	0.0708056	0.0409423	0.0872929	0.13422	0.055366	0.0118072	0.00342484	0.00319321
112	0.19132	0.00420961	0.00576608	0.0155615	0.0168078	0.0137653	0.0110705	0.0766423	0.0387205	0.0781353	0.0573225	0.0369603	0.00488382	0.00876398	0.0558196	0.0383736	0.104494	0.238291	0.00122023	0.00187235
113	0.0547307	0.00126111	0.300324	0.344111	0.00102884	0.0219968	0.00608897	0.00219467	0.046472	0.00658249	0.0098064	0.0327963	0.0218263	0.0454392	0.0255073	0.0353269	0.0257427	0.0176811	0.000559909	0.000523253
114	0.104124	0.00603098	0.00967676	0.0207009	0.00948783	0.0378374	0.0099755	0.0216759	0.0720724	0.0903578	0.0622568	0.0156062	0.00413342	0.026168	0.16137	0.03775	0.157269	0.148564	0.00308739	0.00185563
115	0.208977	0.0049521	0.00409711	0.00915725	0.0270345	0.0125606	0.00835659	0.0799384	0.0117433	0.130075	0.0846336	0.0116045	0.00674296	0.00337988	0.0218183	0.0296023	0.0655669	0.274873	0.00120269	0.00368443
116	0.019944	0.00419693	0.00889194	0.0229366	0.00666541	0.00649653	0.226215	0.00687657	0.0368812	0.0264088	0.00196323	0.0544922	0.0520282	0.0756878	0.323407	0.0457454	0.0283063	0.0200501	0.00391389	0.0288924
117	0.039374	0.0353677	0.00430594	0.0064325	0.35597	0.00624316	0.0367471	0.0231426	0.00424722	0.135692	0.0277173	0.00901461	0.00693296	0.0065935	0.010336	0.0344011	0.0171818	0.0481652	0.022091	0.170044
118	0.0339352	0.00504494	0.00536445	0.00844836	0.0108134	0.0165897	0.00846766	0.009314	0.0046866	0.0170636	0.00696224	0.0350539	0.106546	0.00484867	0.0281325	0.380985	0.275766	0.0323909	0.00740566	0.0021817
119	0.113161	0.0403247	0.0660518	0.0247436	0.0188302	0.0834267	0.00238441	0.0024386	0.0760463	0.0361607	0.00184089	0.0589482	0.0948425	0.0608602	0.0906854	0.137962	0.0787102	0.0108741	0.00081176	0.0008972
120	0.050823	0.000814564	0.313011	0.358706	0.000822572	0.0195668	0.00398574	0.00116242	0.0450145	0.00474696	0.00943863	0.0328477	0.0222007	0.0437112	0.0186035	0.0320997	0.024204	0.0173671	0.000431045	0.000443085
121	0.0563383	0.0374016	0.00423737	0.00552858	0.255442	0.00920919	0.0325536	0.0357214	0.00806002	0.170175	0.0537055	0.00352759	0.00964389	0.0148951	0.0170703	0.0381226	0.0273836	0.0815324	0.0294734	0.109979
122	0.0432643	0.003611	0.000638723	0.00357847	0.00848286	0.00805763	0.000611851	0.273887	0.000749991	0.0737591	0.0478403	0.00285297	0.00105565	0.000768897	0.00721135	0.010771	0.0179423	0.493238	0.000321739	0.00135651
123	0.402841	0.0191679	0.00909898	0.0135421	0.00731598	0.0591785	0.00731675	0.0101464	0.027891	0.0289837	0.0220478	0.0120029	0.0126155	0.00577255	0.0213255	0.156183	0.139379	0.0261979	0.0168122	0.00218052
124	0.123449	0.00239592	0.0661586	0.0798273	0.00208835	0.0764156	0.0401255	0.00984405	0.0975435	0.0359011	0.0155421	0.0272061	0.0106912	0.0856949	0.198051	0.0600236	0.0528999	0.0137961	0.00158262	0.000763639
125	0.0245292	0.00778241	0.00462806	0.00459588	0.00448758	0.0213698	0.00979139	0.00579858	0.00411107	0.00797968	0.00489714	0.0787853	0.0236524	0.0044334	0.047784	0.417895	0.296994	0.0147358	0.0139108	0.00183886
126	0.171264	0.0108059	0.0137424	0.0229906	0.0122621	0.0263746	0.0158338	0.0270242	0.049917	0.0545243	0.059922	0.0166355	0.0130664	0.0275661	0.138877	0.0619393	0.157625	0.11335	0.00368791	0.00259133
127	0.0693233	0.0324323	0.00500521	0.0041765	0.220917	0.00944129	0.0261491	0.0552274	0.0050992	0.167935	0.0395757	0.00343104	0.00733984	0.00733624	0.0145983	0.0359362	0.0441241	0.132298	0.0192315	0.100423
128	0.0800304	0.00686978	0.0396461	0.102215	0.00845437	0.0223858	0.0454846	0.0183792	0.0558394	0.0946832	0.0356568	0.0190808	0.00810087	0.145871	0.130582	0.0508524	0.0681506	0.0539921	0.00804055	0.00568551
129	0.219285	0.198769	0.0161645	0.010664	0.0122305	0.0158278	0.0131529	0.00997596	0.025481	0.0118506	0.00981612	0.0170605	0.00568793	0.00806778	0.0551859	0.1308	0.192838	0.0389001	0.0036369	0.00460466
130	0.0625697	0.00285529	0.00259872	0.0027491	0.0404844	0.0107179	0.00141308	0.126873	0.000719558	0.348579	0.0575719	0.00218701	0.00298266	0.000924714	0.00743253	0.0293108	0.054101	0.232658	0.00215149	0.0111208
131	0.0649955	0.00320732	0.00235875	0.00305799	0.0344575	0.0108362	0.00144121	0.14865	0.000767969	0.289698	0.0571694	0.00225051	0.00218136	0.000924926	0.00725276	0.0295058	0.0516301	0.27849	0.00182637	0.00929769
132	0.491451	0.0131931	0.0139809	0.012813	0.0153276	0.154506	0.00611111	0.00760357	0.00434678	0.0124181	0.00311017	0.0108918	0.0187384	0.00354863	0.0151472	0.1319	0.0492523	0.0306523	0.00402091	0.000986528
133	0.0346283	0.0152651	0.0192841	0.0348958	0.0134483	0.0212097	0.281819	0.00860461	0.0264627	0.0264689	0.0070485	0.0639733	0.0488938	0.101888	0.124958	0.0558048	0.0408459	0.0259882	0.00837203	0.0401402
134	0.0663239	0.00313784	0.0025681	0.00276248	0.0417892	0.0106594	0.00158496	0.125998	0.000733719	0.336934	0.0579782	0.00220419	0.00283636	0.000858173	0.00741101	0.0294299	0.0544268	0.238447	0.00225861	0.0116577
135	0.0591557	0.0388639	0.0190801	0.0187334	0.0773066	0.046566	0.0490581	0.0274496	0.0140137	0.0783037	0.026093	0.0305138	0.0124066	0.0216898	0.0740923	0.0864895	0.0538599	0.0572292	0.16817	0.0409246
136	0.0184653	0.00765553	0.00622365	0.018121	0.00187577	0.0122037	0.0605813	0.0112287	0.0611748	0.0303214	0.00200653	0.0149134	0.0263686	0.0722586	0.569249	0.0400046	0.0126735	0.0124123	0.00642398	0.0158382
137	0.268117	0.127703	0.0134547	0.0161225	0.00797218	0.0142961	0.00878256	0.0112063	0.0517742	0.0144265	0.0141397	0.0118446	0.00464543	0.0103742	0.0650135	0.123549	0.182254	0.0482181	0.00301986	0.00308734
138	0.0432616	0.00353653	0.000636253	0.00369825	0.00858899	0.00830271	0.000617499	0.274134	0.000815534	0.0730904	0.0494126	0.00305709	0.00106437	0.000850571	0.00707387	0.0110415	0.0187891	0.490203	0.00033191	0.00149436
139	0.142796	0.0303949	0.0208001	0.0190787	0.011295	0.100551	0.0158075	0.0537756	0.0164848	0.0278442	0.0120705	0.0630395	0.0195498	0.0147124	0.0395835	0.174041	0.179296	0.0491163	0.00640231	0.00336145
140	0.133485	0.00613026	0.0109607	0.0503742	0.0156413	0.0079986	0.0392807	0.0291556	0.0739838	0.0909374	0.0643978	0.0141732	0.00230303	0.0994327	0.131462	0.0480557	0.0894305	0.0798773	0.00740956	0.00551067
141	0.376494	0.00823759	0.00639515	0.0275344	0.00871932	0.0236073	0.0052974	0.0382467	0.0272579	0.045011	0.0260562	0.0137852	0.00958789	0.00447196	0.0195056	0.0812691	0.0648837	0.210484	0.00149222	0.00166406
142	0.0639755	0.0118164	0.0421773	0.0365097	0.00742958	0.0367673	0.0798733	0.011425	0.0522659	0.0312964	0.00880497	0.0296956	0.0255153	0.0617463	0.339596	0.0739542	0.0424434	0.0208697	0.00816166	0.0156768
143	0.0452479	0.00685967	0.153613	0.0366832	0.00533168	0.483966	0.00980636	0.00837322	0.00635092	0.0113049	0.0038951	0.0204435	0.00821433	0.025844	0.0747257	0.0611848	0.0175141	0.013001	0.0050886	0.00255173
144	0.0574643	0.0189934	0.00316677	0.00272939	0.116245	0.00919345	0.0113077	0.108238	0.0026882	0.294937	0.0437763	0.00215769	0.00777725	0.00436815	0.0131892	0.0270974	0.0386694	0.175728	0.00885504	0.0534192
145	0.0482429	0.00489182	0.000926771	0.00317208	0.0162879	0.00870617	0.000963449	0.252639	0.000688732	0.115373	0.0511908	0.00268704	0.00161625	0.000735403	0.00751243	0.0131554	0.022058	0.444497	0.000555747	0.00409961
146	0.164784	0.00736379	0.00872122	0.0195124	0.0425583	0.0231942	0.0196656	0.0289724	0.00686735	0.0547549	0.0071908	0.0123628	0.175651	0.0089031	0.0168002	0.206826	0.153428	0.0368764	0.00316659	0.0024001
147	0.0987565	0.00844381	0.00137224	0.00350973	0.0160092	0.00985508	0.00187969	0.209828	0.00188653	0.090172	0.0588969	0.00389746	0.00417288	0.00128958	0.00919551	0.0177033	0.0271483	0.431741	0.000583009	0.00365875
148	0.0132858	0.00373946	0.434061	0.00522487	0.00346939	0.0196049	0.0190701	0.00517278	0.00466689	0.0206138	0.00335942	0.367078	0.00430125	0.0161701	0.00940371	0.0458316	0.0114936	0.00957202	0.00180332	0.0020778
149	0.0887122	0.0333885	0.00617513	0.0064896	0.0606898	0.036637	0.00963651	0.104443	0.00631322	0.160127	0.0688901	0.00717041	0.00698602	0.0073013	0.0205831	0.0362463	0.0469207	0.260617	0.00739211	0.0252814
150	0.0273728	0.00769677	0.0111631	0.020906	0.00320986	0.0169304	0.0707383	0.0104161	0.0617194	0.0301404	0.00356131	0.0201195	0.0251835	0.0654837	0.517364	0.0487753	0.019778	0.0144232	0.00683368	0.0181844
151	0.19572	0.00289181	0.0156674	0.0059787	0.0159267	0.0774388	0.0331333	0.00372346	0.0363695	0.00675395	0.0434035	0.00769075	0.0581372	0.0159267	0.183808	0.16875	0.108011	0.017244	0.00221592	0.00120975
152	0.0305192	0.0230782	0.0122111	0.0248858	0.00911737	0.0160492	0.0692729	0.0254472	0.0624737	0.0368058	0.00791531	0.0171379	0.0209122	0.0645045	0.457598	0.0457081	0.0280527	0.0218834	0.0100606	0.0163667
153	0.0944653	0.00319401	0.00272349	0.00402569	0.0326188	0.0112658	0.00274011	0.125847	0.00300444	0.2691	0.0695872	0.00448011	0.0034798	0.0013876	0.0107246	0.027907	0.0538103	0.27008	0.00192081	0.00763799
154	0.0314588	0.0301503	0.00443397	0.00836289	0.383428	0.00504479	0.044388	0.0167573	0.00371544	0.109902	0.0181328	0.0131363	0.00509911	0.00472652	0.00849647	0.0322557	0.0134516	0.0331292	0.0205407	0.21339
155	0.0664389	0.0425197	0.00914753	0.00474609	0.266295	0.00913836	0.0319608	0.0361181	0.00578617	0.144481	0.0379773	0.00414718	0.00886424	0.00855362	0.0158271	0.0452721	0.0400939	0.0870878	0.0235566	0.111989
156	0.0766872	0.0166582	0.057966	0.0193704	0.00921486	0.442323	0.0199039	0.0145379	0.011081	0.019824	0.0060346	0.0503669	0.0120057	0.0214899	0.0576226	0.0949599	0.0382776	0.0177394	0.0113099	0.00262731
157	0.0549659	0.0183482	0.171718	0.019194	0.00789976	0.0454185	0.0269452	0.0134078	0.0142901	0.0226571	0.00726097	0.243674	0.0194166	0.0220108	0.0404847	0.153897	0.0829133	0.0213707	0.00758672	0.00654048
158	0.204598	0.00602586	0.00572381	0.00521889	0.0264197	0.0115269	0.00673603	0.0815944	0.00921471	0.114886	0.119365	0.00910961	0.0079343	0.00269571	0.0217804	0.0227448	0.0408996	0.300058	0.00105344	0.00241438
159	0.0427611	0.00356433	0.00065585	0.00372495	0.00852059	0.00831019	0.000657071	0.272851	0.000870991	0.0723433	0.0484954	0.00301312	0.00107996	0.000949953	0.0071655	0.01128	0.0187194	0.493253	0.000330555	0.00145305
160	0.0544843	0.011997	0.00246362	0.00266189	0.0987204	0.0089951	0.0076015	0.11299	0.0018027	0.321859	0.0465029	0.00227339	0.00595612	0.00282586	0.00955675	0.0254408	0.0413375	0.195153	0.00624587	0.0411316
161	0.0463675	0.0204571	0.0191266	0.0197183	0.0130235	0.0578962	0.0915748	0.0128494	0.0149253	0.0577527	0.0129399	0.0886947	0.0152218	0.0340309	0.116295	0.12778	0.107399	0.0298328	0.102603	0.0115111
162	0.511133	0.0119504	0.0190303	0.0176106	0.00770105	0.0900291	0.0048612	0.012694	0.00615443	0.0142745	0.00700087	0.00984028	0.018645	0.003253	0.0117591	0.123333	0.0580035	0.0697053	0.00219394	0.000826995
163	0.0396993	0.0698621	0.0262205	0.0152184	0.205949	0.018193	0.0802868	0.033621	0.00701946	0.0769923	0.0208299	0.0159873	0.00833748	0.0233468	0.0398905	0.0635853	0.0264117	0.0414327	0.0831452	0.103971
164	0.398107	0.010066	0.00803466	0.00823845	0.00961104	0.0397498	0.0047248	0.0342683	0.00613469	0.0231445	0.0273315	0.00658159	0.042171	0.00454231	0.0125804	0.0743084	0.0634677	0.223795	0.00189323	0.00124946
165	0.135802	0.00727409	0.0324561	0.056812	0.00654521	0.0444521	0.0299316	0.0126537	0.101704	0.0400863	0.0224029	0.0175448	0.00836111	0.0688523	0.187524	0.0533106	0.133514	0.0369864	0.00243875	0.00134873
166	0.119604	0.0347044	0.0529376	0.0268328	0.0181647	0.0705226	0.00551015	0.00568667	0.0836588	0.038875	0.00813801	0.0489041	0.0692562	0.0637434	0.118819	0.11715	0.0982742	0.0170231	0.00124901	0.000946826
167	0.405528	0.0101002	0.00168018	0.00271687	0.00466777	0.0170951	0.00203879	0.043552	0.00302138	0.0161936	0.0358063	0.00203369	0.012275	0.00202482	0.0115226	0.0283168	0.0741104	0.325962	0.000660494	0.000694487
168	0.126798	0.0024309	0.0544503	0.0696648	0.0027643	0.0737203	0.0375769	0.00841179	0.102602	0.0314505	0.0142567	0.0230374	0.0132474	0.0827459	0.224488	0.061602	0.0549419	0.0126863	0.00166773	0.0014571
169	0.0508119	0.00081335	0.313133	0.358845	0.000824292	0.0195747	0.00398677	0.00114052	0.0450031	0.00475441	0.00944141	0.0328309	0.0221361	0.0436187	0.0185956	0.0320786	0.0241888	0.0173498	0.000429816	0.000443086
170	0.0607676	0.00354385	0.00217353	0.00285618	0.0345651	0.00981514	0.00141819	0.153262	0.00118541	0.286097	0.0611764	0.00308005	0.00302855	0.000868736	0.00809266	0.02331	0.0409199	0.292893	0.0017311	0.00921567
171	0.0761728	0.00268616	0.0029855	0.00440381	0.0371816	0.0123193	0.0024066	0.11838	0.00185114	0.324563	0.0624632	0.00330171	0.00264675	0.0012221	0.00896009	0.0302475	0.0589609	0.237344	0.00217467	0.00972978
172	0.398675	0.0102973	0.00140243	0.00201615	0.0045706	0.017042	0.00203979	0.0452536	0.0026283	0.0167864	0.037303	0.00191361	0.0121587	0.00194443	0.0120511	0.0248718	0.0781324	0.329733	0.000570747	0.000609686
173	0.400598	0.00985595	0.00185609	0.00306964	0.00495324	0.0172865	0.00224944	0.0444814	0.00349618	0.0177509	0.0382018	0.00251725	0.0123325	0.00210434	0.0138106	0.025799	0.0794596	0.31893	0.000572402	0.000674862
174	0.151683	0.00210847	0.0671625	0.111677	0.0016166	0.0791638	0.0241556	0.00993779	0.133051	0.0256237	0.0163584	0.0265157	0.0149696	0.103286	0.135367	0.0410043	0.0420186	0.0125307	0.00104701	0.000722815
175	0.0812452	0.00313175	0.00251981	0.00288716	0.0357468	0.010507	0.00182767	0.127085	0.00130999	0.304494	0.060064	0.00285809	0.00322357	0.000995953	0.00811282	0.0281532	0.0522361	0.261833	0.00274755	0.00902065
176	0.0432643	0.003611	0.000638723	0.00357847	0.00848286	0.00805763	0.000611851	0.273887	0.000749991	0.0737591	0.0478403	0.00285297	0.00105565	0.000768897	0.00721135	0.010771	0.0179423	0.493238	0.000321739	0.00135651
177	0.0216331	0.00699638	0.00752962	0.0179847	0.00334008	0.0101067	0.0805545	0.00937298	0.055908	0.0274084	0.00194112	0.025711	0.0282129	0.0623316	0.524737	0.0504484	0.0168163	0.0152679	0.00723242	0.0264671
178	0.149076	0.0021759	0.0777161	0.123197	0.0016731	0.0737843	0.0216591	0.0100395	0.133194	0.0236575	0.0163268	0.0277205	0.0175236	0.103748	0.123855	0.0378791	0.0416508	0.01345	0.000978847	0.000694193
179	0.600859	0.00520789	0.0228053	0.0343242	0.00719877	0.0951913	0.00330723	0.00590898	0.00323129	0.00908646	0.00226559	0.0124879	0.0159328	0.00266407	0.00653414	0.102486	0.035538	0.0325871	0.00155015	0.000833044
180	0.0433059	0.00356509	0.000632864	0.00367984	0.00859338	0.00827235	0.000629097	0.27289	0.000816229	0.0733747	0.0482185	0.00290694	0.00106614	0.000876406	0.00711427	0.0110365	0.0187339	0.492498	0.000337703	0.00145184
181	0.131588	0.033306	0.0501985	0.0259616	0.021253	0.0905734	0.00510028	0.00345639	0.0782429	0.0283156	0.00554225	0.0512518	0.0792956	0.0471724	0.0937354	0.153202	0.08786	0.0117556	0.00112399	0.00106476
182	0.11929	0.0030499	0.0540753	0.0664496	0.00274709	0.0670337	0.0367723	0.00834234	0.106696	0.0319816	0.0129761	0.0221132	0.0155427	0.083123	0.243502	0.0592884	0.0509045	0.0121609	0.00180958	0.00214143
183	0.0491493	0.00355255	0.000804838	0.00351101	0.0100342	0.00833163	0.000725413	0.262526	0.000960308	0.0775962	0.0534076	0.00336997	0.00127017	0.000798771	0.00805635	0.0107663	0.0175301	0.485886	0.000357514	0.00136573
184	0.0633276	0.00483852	0.00174222	0.0031534	0.0319638	0.00989175	0.00178662	0.202664	0.00116201	0.167633	0.0615285	0.00333619	0.00249632	0.000937593	0.00857699	0.0160133	0.0290262	0.380135	0.00112956	0.00865806
185	0.0175103	0.0073352	0.00649745	0.0220765	0.00196632	0.012938	0.0602403	0.0119752	0.0594344	0.0330835	0.00197643	0.0145328	0.0279216	0.0814337	0.555776	0.0379884	0.0135082	0.0125277	0.00614193	0.0151359
186	0.0985758	0.0291986	0.0202554	0.0175553	0.0153855	0.0654716	0.015787	0.0176495	0.014927	0.0249126	0.0100813	0.0437963	0.0295962	0.0131239	0.0542759	0.32772	0.14929	0.0347672	0.0126978	0.00493312
187	0.0612619	0.0268555	0.00379721	0.00345707	0.189067	0.00953934	0.0197281	0.0769474	0.00388637	0.213945	0.0425469	0.00280747	0.00721088	0.00623981	0.0129766	0.0311429	0.0388007	0.151901	0.0154225	0.0824664
188	0.0432643	0.003611	0.000638723	0.00357847	0.00848286	0.00805763	0.000611851	0.273887	0.000749991	0.0737591	0.0478403	0.00285297	0.00105565	0.000768897	0.00721135	0.010771	0.0179423	0.493238	0.000321739	0.00135651
189	0.0187102	0.00377583	0.431983	0.0463864	0.00332112	0.02013	0.0189768	0.00450371	0.0100649	0.0184756	0.00415316	0.305088	0.00826055	0.0204898	0.0130054	0.0438702	0.0140349	0.0104781	0.00164784	0.00264467
190	0.0339476	0.0317961	0.00433453	0.00700273	0.368271	0.00535245	0.040778	0.0211277	0.00395104	0.119082	0.0224047	0.01079	0.00572288	0.00531658	0.00961821	0.032554	0.0152836	0.0419192	0.0238839	0.196864
191	0.180259	0.0206306	0.0550724	0.0262648	0.00885791	0.148762	0.0177732	0.041194	0.0184494	0.0517087	0.0146338	0.0210576	0.0135038	0.0197143	0.0679548	0.126967	0.0931013	0.067573	0.00371652	0.00280499
192	0.219128	0.0630801	0.00440664	0.0526798	0.00359855	0.110153	0.00806059	0.0181115	0.030453	0.0293348	0.00748136	0.0330482	0.0043231	0.00509374	0.0186909	0.229986	0.108308	0.0498319	0.002775	0.00145624
193	0.34016	0.010806	0.00156267	0.00251609	0.00874463	0.0139685	0.00328801	0.0536227	0.00398673	0.0303147	0.052508	0.00417615	0.0148906	0.00194654	0.0117332	0.033859	0.0675303	0.342982	0.000623883	0.00078014
