306	20
1	0.283243	0.0411303	0.00111431	0.00158117	0.00108616	0.0958689	0.00147567	0.00832172	0.0014221	0.00807829	0.00728324	0.0167233	0.0119338	0.00616733	0.0106214	0.446765	0.0528929	0.00289291	0.000357676	0.00104066
2	0.0902693	0.00623708	0.000372831	0.00272381	0.0953005	0.0170703	0.00202984	0.149883	0.0027532	0.353251	0.0404444	0.000675968	0.00690253	0.000543525	0.00366831	0.0311183	0.0448185	0.0835806	0.0353006	0.0330567
3	0.137787	0.0100947	0.000549396	0.000965568	0.0389935	0.0236756	0.000290499	0.233647	0.000338779	0.160137	0.0029183	0.000618846	0.00352513	0.000373781	0.000389192	0.0449752	0.0733332	0.260331	0.00379842	0.00325805
4	0.099343	0.0196798	0.000581465	0.00129424	0.131868	0.0209964	0.000916706	0.110923	0.00413067	0.406371	0.0498004	0.000852798	0.00486294	0.000924581	0.00140117	0.014827	0.0218571	0.0926676	0.00869561	0.00800639
5	0.19505	0.00447194	0.00127381	0.00188747	0.00930998	0.0529617	0.00130672	0.00373451	0.00193366	0.0122323	0.0489161	0.0168308	0.00106672	0.00171511	0.00173755	0.255845	0.356522	0.0286838	0.000543765	0.00397662
6	0.0696768	0.00363783	0.00025975	0.000452518	0.0626574	0.0130951	0.000415677	0.348185	0.000370157	0.196869	0.027177	0.000455023	0.00322598	0.000381364	0.00147197	0.0076747	0.0142358	0.24014	0.0043848	0.00523416
7	0.07866	0.00134326	0.0156298	0.00307665	0.0486199	0.0223658	0.00213356	0.105874	0.00318814	0.149376	0.00402133	0.0241542	0.351948	0.00277305	0.00336793	0.0313239	0.00641082	0.0771479	0.0273022	0.0412834
8	0.0243688	0.00176825	0.00607037	0.00130334	0.0156444	0.00619746	0.0139685	0.188178	0.00217537	0.126812	0.0614895	0.0107188	0.00226559	0.00186539	0.00196043	0.00838967	0.037147	0.483821	0.000244704	0.00561087
9	0.0182034	0.000650691	0.000348484	0.00123344	0.0744109	0.0128216	0.00184334	0.133395	0.00146635	0.461713	0.112529	0.00333483	0.000391412	0.00431709	0.00154328	0.0147694	0.0258108	0.118484	0.00184424	0.0108894
10	0.0900752	0.00626726	0.000360948	0.00272771	0.095396	0.0170615	0.00203095	0.150033	0.00274562	0.353327	0.0405035	0.000675841	0.0069233	0.00054359	0.00367014	0.031083	0.0447492	0.0836407	0.0351009	0.0330846
11	0.0900752	0.00626726	0.000360948	0.00272771	0.095396	0.0170615	0.00203095	0.150033	0.00274562	0.353327	0.0405035	0.000675841	0.0069233	0.00054359	0.00367014	0.031083	0.0447492	0.0836407	0.0351009	0.0330846
12	0.114892	0.00686725	0.00199647	0.00750367	0.04789	0.0171707	0.00426873	0.0836838	0.0074718	0.403643	0.153658	0.00475001	0.00216256	0.00534951	0.00748047	0.0181796	0.0265448	0.0719496	0.00828725	0.00625096
13	0.0112085	0.00871836	0.000751555	0.00112112	0.00738435	0.00328978	0.000832727	0.377755	0.00118812	0.0232557	0.00313009	0.00114343	0.000577021	0.00201395	0.00126994	0.0201692	0.0313237	0.493847	0.000336296	0.0106841
14	0.352368	0.00136251	0.000903674	0.00135328	0.00166874	0.13361	0.000926633	0.010597	0.00537407	0.0254928	0.00205854	0.0103757	0.000942443	0.00153588	0.00140835	0.308988	0.0716334	0.0676	0.000383263	0.00141746
15	0.0118605	0.000174255	0.000273447	0.00173641	0.0682731	0.00578898	0.00213886	0.164839	0.00125426	0.476426	0.10978	0.00293587	0.000159735	0.0044221	0.00133034	0.0142258	0.020563	0.103996	0.00162881	0.00819321
16	0.526513	0.0160615	0.000450767	0.00715774	0.00127709	0.260203	0.000565359	0.00193648	0.000843402	0.0128803	0.00416341	0.000892096	0.000970103	0.000611809	0.000701175	0.141013	0.0150225	0.00789554	0.000253246	0.000588726
17	0.118204	0.0100587	0.00481874	0.00202499	0.0103823	0.0271789	0.00119955	0.132623	0.00437007	0.0698069	0.0417624	0.00592727	0.00393619	0.00337885	0.0040721	0.1378	0.179134	0.238062	0.00163975	0.00362059
18	0.050099	0.0186607	0.00179959	0.0020394	0.0461788	0.0511553	0.00151353	0.0943955	0.00203301	0.107763	0.00286933	0.0107532	0.000860177	0.00196761	0.00202892	0.249769	0.305445	0.0485363	0.000680883	0.00145157
19	0.177762	0.0206829	0.00990388	0.00103992	0.0161095	0.0344789	0.000527379	0.0784925	0.000837972	0.0376881	0.023259	0.000875314	0.00710165	0.000952405	0.00100756	0.100127	0.181193	0.307166	0.000251987	0.000543414
20	0.591301	0.010765	0.000495387	0.00228459	0.00278454	0.0507515	0.00489921	0.00756353	0.000712764	0.00465542	0.0061632	0.00304378	0.00871063	0.00193951	0.00228863	0.254595	0.0280503	0.0147182	0.000306077	0.00397134
21	0.013529	0.000587855	0.00149397	0.00179985	0.377459	0.00271481	0.00816521	0.0390141	0.0015386	0.0720715	0.0103093	0.00180071	0.000842642	0.00192979	0.00176545	0.0106899	0.0102659	0.0463163	0.0847647	0.312942
22	0.008629	0.00149905	0.0136203	0.0159975	0.593398	0.00399872	0.0175932	0.0346092	0.00426364	0.101959	0.0593169	0.0155126	0.00126685	0.0171814	0.00469369	0.00718176	0.00613776	0.0317114	0.00446552	0.0569648
23	0.0135579	0.000589491	0.001527	0.00182117	0.377854	0.00271951	0.00817955	0.0390129	0.00155252	0.0720151	0.0104493	0.00183144	0.000845531	0.00196816	0.00176178	0.0106902	0.0103018	0.046161	0.0845033	0.312658
24	0.0154204	0.00286678	0.41506	0.13802	0.152371	0.00698466	0.0041938	0.00941448	0.00542925	0.0554556	0.00654618	0.00477202	0.00192422	0.00549077	0.0283549	0.0425651	0.0113431	0.0352	0.0552422	0.00334582
25	0.178297	0.0017907	0.00231666	0.115629	0.00382681	0.0456288	0.0100993	0.0428834	0.00382173	0.00864385	0.0385746	0.00364533	0.0199598	0.00569647	0.00379476	0.203425	0.105435	0.179636	0.00104858	0.0258467
26	0.356435	0.00206334	0.0138261	0.00257871	0.0422745	0.0789329	0.00169351	0.0217872	0.00189856	0.0592859	0.0109484	0.00226525	0.0296557	0.0289241	0.00208128	0.238382	0.0584408	0.04612	0.000720746	0.00168547
27	0.183761	0.0279012	0.0124535	0.00111046	0.0155199	0.0398996	0.000695062	0.072075	0.000868046	0.0355544	0.0226968	0.000945961	0.0078825	0.00110421	0.00110031	0.0962462	0.17884	0.300468	0.000268375	0.000609577
28	0.0707612	0.00116191	0.00197083	0.0178295	0.0316245	0.0348909	0.00195569	0.0890625	0.00303884	0.144268	0.271444	0.00343377	0.00127719	0.00514645	0.00288352	0.0716465	0.139889	0.104067	0.00106991	0.00257967
29	0.0403985	0.000562397	0.000362483	0.00405321	0.015339	0.00376153	0.00178673	0.244626	0.000570513	0.422617	0.0572805	0.000666024	0.000670511	0.00260968	0.000624079	0.00438447	0.0103414	0.188504	0.000279675	0.000562729
30	0.0186235	0.000705188	0.000619176	0.00203989	0.00916739	0.00100642	0.00103047	0.370903	0.00165882	0.213168	0.0308258	0.000797584	0.0338698	0.00187934	0.00286447	0.00341231	0.0575676	0.247817	0.000188323	0.00185569
31	0.18806	0.0164757	0.0171753	0.00115467	0.026126	0.0360946	0.000763442	0.0650815	0.00107328	0.0463571	0.0190604	0.00125427	0.00539902	0.00106295	0.000965598	0.0861622	0.190954	0.295639	0.000414447	0.00072608
32	0.0522534	0.00421654	0.00224104	0.00249387	0.0904667	0.00765536	0.00167968	0.236478	0.000971469	0.240715	0.026743	0.00268299	0.0027752	0.00182315	0.0014215	0.0112596	0.0508178	0.257712	0.00220105	0.00339322
33	0.0336393	0.00486713	0.00651299	0.00204153	0.0220885	0.0159435	0.0225788	0.132506	0.00423731	0.0967287	0.0840133	0.0152656	0.00101561	0.00367479	0.00414655	0.0188332	0.0425638	0.461754	0.00205806	0.0255311
34	0.0916577	0.00291665	0.00178328	0.00360515	0.0197192	0.0176424	0.00188875	0.0955501	0.00524404	0.257337	0.0684899	0.0270436	0.000907444	0.0194181	0.0113794	0.121907	0.119874	0.12139	0.00669533	0.00555038
35	0.0751052	0.00534085	0.000324855	0.00213185	0.0941431	0.0145824	0.00187508	0.149052	0.0024484	0.383154	0.0534916	0.00130564	0.00511124	0.00108053	0.00291776	0.0254612	0.0408058	0.0875133	0.0276452	0.0265095
36	0.0539837	0.00237329	0.0124078	0.00441443	0.000701055	0.816872	0.00657831	0.00125972	0.00526681	0.00473486	0.000858318	0.0122661	0.00694019	0.000892637	0.00600868	0.0577503	0.00182918	0.00386345	0.000167054	0.000831977
37	0.0457333	0.000188189	0.0202718	0.0218505	0.00192628	0.0399641	0.0453383	0.0123896	0.263378	0.0339089	0.00341677	0.0314597	0.000897022	0.118652	0.233713	0.0622741	0.0344133	0.0238488	0.00117219	0.00520326
38	0.0177448	0.000563982	0.00101646	0.00148496	0.0659412	0.00770336	0.0130265	0.0720567	0.01955	0.183526	0.0350834	0.0148687	0.0203108	0.00121275	0.0327814	0.0109596	0.0150331	0.120688	0.185067	0.181382
39	0.0116692	0.000173642	0.000257307	0.0020237	0.0711187	0.00619795	0.00213807	0.162454	0.00132087	0.474561	0.108229	0.00315666	0.000172645	0.00497985	0.00136953	0.0132223	0.020842	0.105965	0.00164996	0.00849852
40	0.125486	0.00435915	0.0256996	0.151666	0.00609462	0.0717862	0.0362795	0.0228999	0.0190834	0.0282764	0.0181174	0.0275451	0.0144802	0.0260551	0.02651	0.180328	0.11414	0.0850278	0.00290574	0.0132599
41	0.0790797	0.00412917	0.0909373	0.226593	0.00097056	0.0214244	0.0311646	0.0138045	0.0115417	0.0617445	0.0280413	0.0892455	0.00042542	0.0770255	0.0385666	0.10418	0.0874708	0.0199387	0.0047848	0.00893219
42	0.0498643	0.000188107	0.0196094	0.0235516	0.00132296	0.042234	0.0423323	0.0129136	0.255604	0.033306	0.00339343	0.0345392	0.000558645	0.120621	0.216235	0.0752482	0.0369906	0.0236811	0.00131984	0.0064872
43	0.67236	0.00256004	0.000671749	0.00135064	0.00818522	0.00517581	0.000940026	0.0288427	0.0010946	0.024063	0.0103701	0.00508402	0.000709204	0.00110987	0.00104838	0.118047	0.0729201	0.0439403	0.000335836	0.00119056
44	0.0667137	0.00102504	0.0140741	0.0174499	0.00213672	0.137902	0.00427198	0.0096924	0.0719155	0.0648702	0.0132995	0.0864914	0.00347373	0.0524398	0.0456467	0.29914	0.0976313	0.00782081	0.000901192	0.00310394
45	0.0984991	0.000741158	0.0809803	0.0643839	0.00164281	0.0872047	0.0204098	0.0042486	0.122776	0.00995845	0.00987347	0.09375	0.0035713	0.0460818	0.0391545	0.250305	0.0589638	0.00460547	0.000778884	0.00207087
46	0.311559	0.00393278	0.0663882	0.00399953	0.0475342	0.0498722	0.00271308	0.0315545	0.0035368	0.058676	0.00724742	0.00419406	0.0146177	0.0461275	0.00392616	0.253591	0.0477178	0.0393337	0.000946861	0.00253103
47	0.0196644	0.000188958	0.000308076	0.00245554	0.0591368	0.00884335	0.00217774	0.162291	0.00107065	0.454523	0.099772	0.00241535	0.000199137	0.0049851	0.0011363	0.0112884	0.0207094	0.140923	0.000971283	0.00693974
48	0.0701565	0.000693712	0.00127406	0.081575	0.0015536	0.00227349	0.0089895	0.107955	0.0492103	0.0283106	0.00959071	0.0234263	0.164967	0.0198781	0.0248354	0.050021	0.0765925	0.276947	0.000564408	0.00118527
49	0.00426727	0.000402221	0.0851049	0.00871693	0.000860756	0.764549	0.00520114	0.0014789	0.00807165	0.00183758	0.00124414	0.0842405	0.000509625	0.000877144	0.00497944	0.0199673	0.00174248	0.00217287	0.0002336	0.00354269
50	0.0178231	0.000664432	0.739658	0.0877754	0.00122804	0.00285705	0.00221544	0.00202238	0.0030165	0.00400955	0.0242022	0.0493195	0.000525147	0.0278569	0.00132153	0.011725	0.00514537	0.00772663	0.000319432	0.0105884
51	0.0256327	0.000892074	0.0179472	0.0122895	0.00175615	0.00260758	0.0375881	0.186238	0.0299123	0.219321	0.0026471	0.00893275	0.000822246	0.0324082	0.0949923	0.0178388	0.146493	0.132005	0.00737815	0.0222973
52	0.0307185	0.0049615	0.000343174	0.000213779	0.0169262	0.000330356	0.000387688	0.300525	0.000203562	0.110043	0.0255857	0.00042033	0.000726084	0.000524525	0.000483005	0.00117413	0.00809113	0.497217	0.000127032	0.000997805
53	0.0380075	0.000320795	0.00348849	0.0426244	0.00563665	0.00441577	0.00919868	0.1285	0.0894983	0.205746	0.0731417	0.0277737	0.000318223	0.0471289	0.184076	0.0163592	0.016963	0.102842	0.000225068	0.00373479
54	0.0269434	0.00405747	0.000355474	0.000335711	0.0124297	0.000433235	0.000441377	0.272241	0.000325397	0.0894764	0.0200208	0.00045127	0.000778192	0.000718702	0.00050213	0.00405135	0.0113874	0.553492	0.000151553	0.00140751
55	0.0402614	0.0011356	0.00398008	0.00373292	0.0123337	0.0152472	0.0256482	0.00909258	0.31436	0.0992894	0.0144212	0.0144404	0.034839	0.0324429	0.326437	0.00806245	0.0213371	0.0205278	0.000725379	0.00168573
56	0.147555	0.000629835	0.00122577	0.0399532	0.00632064	0.00983517	0.0244236	0.00864948	0.0398178	0.0149843	0.00716655	0.0109732	0.394655	0.0266741	0.00657554	0.145299	0.0863469	0.0269886	0.000481722	0.00144567
57	0.0118356	0.000578431	0.0697385	0.00832686	0.00140744	0.771848	0.0054738	0.00192982	0.00753016	0.00251734	0.00174191	0.0727988	0.00202906	0.00131446	0.00537903	0.0260321	0.00188182	0.00258091	0.000213761	0.00484234
58	0.119802	0.00175235	0.232675	0.32649	0.00192748	0.0628197	0.015671	0.0134938	0.0164754	0.00326197	0.00277066	0.0240532	0.000775644	0.0880994	0.00790736	0.0543262	0.0174824	0.00694498	0.00149357	0.00177833
59	0.0451476	0.000334619	0.018305	0.0181591	0.00253371	0.0308743	0.0367151	0.0318848	0.246237	0.0349791	0.00428695	0.0350765	0.00139542	0.106856	0.232661	0.0685719	0.0382907	0.0333191	0.00467718	0.00969479
60	0.0234138	0.00375527	0.000350223	0.000281634	0.0248996	0.00056332	0.000378867	0.381373	0.0002951	0.10292	0.0242453	0.000531674	0.000710869	0.000491539	0.000516781	0.00154267	0.00779011	0.423476	0.000203593	0.00225952
61	0.0810327	0.000375342	0.00360895	0.00147367	0.000757874	0.0040952	0.00727867	0.00135635	0.00458007	0.0206693	0.00997468	0.000662745	0.774292	0.00116577	0.000814967	0.052352	0.0178564	0.0110273	0.000240061	0.00638609
62	0.205913	0.00995211	0.00767036	0.00155169	0.0209859	0.0201815	0.00102535	0.0614283	0.00181999	0.073801	0.0130382	0.0017565	0.00378352	0.00129715	0.0018919	0.0846749	0.172081	0.315448	0.000510592	0.00118849
63	0.00850047	0.000462785	0.784659	0.0501772	0.00128202	0.00297348	0.00360116	0.00137144	0.00482937	0.0041228	0.00956647	0.0708043	0.000366576	0.0197199	0.00335152	0.0162429	0.00925117	0.00384792	0.000573842	0.00429536
64	0.361699	0.017867	0.00356987	0.00610023	0.00168819	0.445847	0.00194752	0.00312936	0.00232493	0.0152451	0.00417609	0.00327809	0.000778643	0.000998832	0.00165926	0.108382	0.012346	0.00790371	0.000292168	0.000767979
65	0.0180095	0.00174523	0.0130589	0.140965	0.00824416	0.00215124	0.0146722	0.17618	0.0292024	0.0639836	0.0197107	0.00695914	0.000671244	0.0334972	0.0606459	0.0110978	0.133099	0.248637	0.000565807	0.0169034
66	0.0186826	0.0045774	0.000390827	0.000396944	0.0106734	0.000704371	0.000473076	0.335551	0.00042976	0.0708787	0.0144838	0.000586287	0.000506734	0.00101643	0.000658793	0.00750084	0.0111289	0.517528	0.000169832	0.00366262
67	0.0162207	0.00595139	0.00366085	0.0896327	0.00953884	0.00181467	0.0102099	0.219254	0.018465	0.138801	0.00676898	0.00262616	0.000754463	0.0145421	0.0273292	0.0135408	0.101008	0.295366	0.000587582	0.0239285
68	0.0730122	0.00716957	0.126809	0.346231	0.0074412	0.0383488	0.00168457	0.00268487	0.0532835	0.00538994	0.00322404	0.0600311	0.000749617	0.0494739	0.0353812	0.12701	0.0213262	0.00368942	0.0197186	0.0173411
69	0.067463	0.0032663	0.037743	0.122291	0.0420991	0.313609	0.0114773	0.0156913	0.0150154	0.0219346	0.00978539	0.0795771	0.00814305	0.139598	0.023728	0.0384844	0.0204738	0.0189144	0.00446823	0.00623789
70	0.078003	0.000149293	0.0326019	0.152615	0.0100596	0.0279588	0.0344321	0.0249934	0.154749	0.023704	0.0136916	0.0576056	0.0103992	0.062537	0.136396	0.0781162	0.0732419	0.0238689	0.000261425	0.00461565
71	0.0304085	0.00495663	0.000343795	0.000216814	0.016443	0.000269685	0.000387299	0.299913	0.000206117	0.10904	0.0255472	0.000420309	0.000697992	0.000522059	0.000473414	0.00113959	0.00804227	0.499926	7.35583e-05	0.000973221
72	0.00402834	0.00027619	0.802021	0.0345247	0.000579011	0.00143531	0.00415784	0.00111519	0.00507695	0.00394131	0.00416544	0.0863217	0.000300658	0.0160935	0.0043419	0.0156741	0.0113162	0.00228089	0.000178929	0.00217145
73	0.0123752	0.00230794	0.00519371	0.23118	0.037241	0.0701447	0.00345464	0.0280884	0.0043656	0.0752356	0.00535587	0.00754681	0.0200551	0.358513	0.00640235	0.0406077	0.0374963	0.00898511	0.0430535	0.0023972
74	0.117014	0.000748307	0.00116128	0.00143503	0.00319496	0.0195202	0.00107834	0.00421621	0.0146504	0.00326999	0.00189083	0.00187452	0.00553399	0.0176245	0.00139885	0.776961	0.0216421	0.00527191	0.000494767	0.00101913
75	0.0965316	0.00478371	0.000932184	0.00290091	0.0785405	0.0131596	0.00722683	0.157574	0.00286685	0.313843	0.0902939	0.00144537	0.0144683	0.00147751	0.00369378	0.0477507	0.0385632	0.065005	0.0253643	0.0335785
76	0.0338628	0.000343483	0.000364199	0.00354626	0.0176568	0.00330021	0.00172562	0.296911	0.000549293	0.37	0.0486045	0.000683915	0.00380836	0.00200523	0.000614599	0.00338747	0.0129411	0.198474	0.00035728	0.000863354
77	0.0190862	0.00129789	0.00191791	0.00424049	0.00216619	0.0312764	0.00174878	0.00436806	0.0068325	0.0105892	0.00369574	0.0280175	0.00117149	0.00535707	0.017781	0.140843	0.705874	0.0106788	0.0016135	0.00144363
78	0.0408513	0.00177297	0.0214016	0.00488666	0.000757321	0.826153	0.00605123	0.00122915	0.00499697	0.00383056	0.000907053	0.0213758	0.00623682	0.000953403	0.00573633	0.0468612	0.00136185	0.00323102	0.000171755	0.00123373
79	0.0397309	0.00262159	0.0269038	0.319636	0.00851096	0.0167094	0.0461859	0.0228293	0.120351	0.0722585	0.0210249	0.0257065	0.00458177	0.0521733	0.0631182	0.0385425	0.0755026	0.0243944	0.00200346	0.0172146
80	0.176576	0.00120682	0.00419489	0.00336963	0.0430537	0.0161439	0.00237853	0.021253	0.00414676	0.0125821	0.0035766	0.00324591	0.0799127	0.0217345	0.00265424	0.529408	0.0336297	0.0381766	0.000806069	0.001951
81	0.03804	0.000320795	0.0034927	0.042622	0.00563491	0.00442651	0.00919431	0.128402	0.0895042	0.205647	0.0732006	0.0277923	0.00031926	0.0471682	0.184118	0.0163424	0.0169887	0.102814	0.000236617	0.00373549
82	0.0750309	0.00035907	0.00370798	0.00111226	0.000684308	0.00406825	0.00724844	0.0012488	0.00423713	0.0213846	0.0103045	0.000636128	0.78165	0.000915637	0.000769818	0.0499773	0.0182925	0.011479	0.000231993	0.00666147
83	0.00426727	0.000402221	0.0851049	0.00871693	0.000860756	0.764549	0.00520114	0.0014789	0.00807165	0.00183758	0.00124414	0.0842405	0.000509625	0.000877144	0.00497944	0.0199673	0.00174248	0.00217287	0.0002336	0.00354269
84	0.0590082	0.00934842	0.557979	0.0462851	0.00103385	0.0481136	0.00572512	0.00190242	0.0214777	0.00231094	0.0153292	0.0437015	0.000565787	0.032378	0.00541694	0.13378	0.00729717	0.00700409	0.000323367	0.00101981
85	0.076586	0.00014178	0.0323673	0.152681	0.00971451	0.0266159	0.0343206	0.0252207	0.159299	0.0246874	0.0144445	0.0580094	0.0108847	0.0622412	0.139312	0.0713712	0.0735643	0.0239624	0.000244761	0.00433118
86	0.0353448	0.00211017	0.000601262	0.000701588	0.00677888	0.00129023	0.000636696	0.162979	0.00135082	0.0738141	0.0153104	0.000612569	0.000559419	0.0009853	0.00125404	0.00561202	0.021526	0.667606	0.000249711	0.000677627
87	0.0595798	0.0177665	0.0029384	0.00164228	0.0746084	0.0175992	0.0124128	0.244328	0.00529305	0.0889841	0.0480049	0.00388079	0.000761976	0.0083987	0.00734782	0.0286492	0.0555483	0.231587	0.00441692	0.0862525
88	0.527311	0.0167385	0.000442231	0.00747498	0.00121018	0.2635	0.000577195	0.00168828	0.000804214	0.012833	0.00422666	0.000803763	0.000939929	0.000608474	0.000717166	0.138077	0.0142051	0.00702398	0.000247767	0.000570614
89	0.0486478	0.00243721	0.0110126	0.00407909	0.000622312	0.832794	0.00602029	0.00113562	0.00474514	0.00430606	0.000833749	0.0108894	0.00701351	0.00080215	0.00570856	0.0534099	0.00133077	0.00328651	0.000168984	0.000756265
90	0.180233	0.0113472	0.00335664	0.00281361	0.00433346	0.0425744	0.00123949	0.00340356	0.00164455	0.0100467	0.0174373	0.00773906	0.00136155	0.00182722	0.00340181	0.350649	0.334003	0.0126997	0.00174771	0.00814166
91	0.011528	0.000584831	0.000627803	0.00540196	0.00368411	0.00229162	0.000805004	0.402327	0.00497987	0.176574	0.0606642	0.00105321	0.00915301	0.0061571	0.011135	0.0057749	0.0689922	0.223788	0.000337097	0.00414064
92	0.10291	0.0603665	0.00479079	0.0084224	0.00837005	0.0122564	0.0063025	0.0293684	0.00656638	0.131402	0.0477438	0.316759	0.00253346	0.00954422	0.00933336	0.0612139	0.0187381	0.156188	0.00203192	0.0051598
93	0.0807111	0.00251572	0.00608353	0.0116335	0.00228456	0.0339341	0.00147855	0.00456584	0.00312008	0.0190047	0.00306652	0.00501059	0.00141816	0.00279704	0.0134155	0.533408	0.257171	0.00566982	0.0101061	0.00260489
94	0.123631	0.0012342	0.00179012	0.00290519	0.127511	0.00379849	0.00178391	0.027943	0.0134805	0.0887822	0.0964091	0.00303988	0.00135244	0.013894	0.0533759	0.0330093	0.222633	0.113747	0.0159586	0.0537216
95	0.00887674	0.000820355	0.000418793	0.00110696	0.049906	0.00257428	0.00131677	0.302407	0.00112312	0.46027	0.034978	0.00206355	0.000816606	0.00129744	0.00158458	0.00474449	0.00822491	0.107892	0.002853	0.00672532
96	0.262923	0.000945186	0.00469274	0.0248301	0.00214535	0.0853895	0.0208843	0.00418187	0.0496298	0.00505721	0.0215029	0.0986747	0.00132747	0.0247895	0.00268905	0.37598	0.0070483	0.00495255	0.000859973	0.00149638
97	0.045242	0.000193402	0.0203702	0.0214794	0.00200331	0.0401087	0.0456377	0.0121506	0.264759	0.0339365	0.00340258	0.0314001	0.00102362	0.117927	0.235675	0.0607369	0.0341174	0.0235912	0.0011324	0.00511332
98	0.00708703	0.000438175	0.000454865	0.00126357	0.0321522	0.00172423	0.000737246	0.559958	0.000699374	0.145479	0.0661733	0.000650113	0.000466145	0.00139695	0.000908637	0.00280064	0.00466068	0.167815	0.000451444	0.00468407
99	0.0820729	0.00294437	0.00188882	0.0278997	0.00407216	0.0139243	0.0208761	0.237293	0.0158031	0.0819347	0.0634611	0.0237378	0.00102963	0.0689935	0.0342317	0.0365188	0.036916	0.233168	0.000966171	0.0122674
100	0.114692	0.000247358	0.0552894	0.169374	0.00500903	0.0158072	0.0134788	0.00484627	0.158105	0.00838148	0.00476566	0.0586533	0.00240375	0.101117	0.153217	0.0772903	0.0387205	0.0163811	0.000532099	0.00168866
101	0.0634899	0.00140022	0.00232238	0.0165749	0.031107	0.0170961	0.00236358	0.0196522	0.0169562	0.381675	0.315264	0.00304207	0.00157134	0.00303716	0.0160329	0.0080319	0.0348151	0.0345868	0.0286731	0.00230788
102	0.0300803	0.00484619	0.000360535	0.000249958	0.0162029	0.000281303	0.000424613	0.301327	0.000240856	0.110559	0.0258943	0.000484985	0.00101868	0.000537626	0.000520303	0.00118788	0.00862833	0.49609	7.33872e-05	0.000992011
103	0.091557	0.000144586	0.0418687	0.160581	0.00663485	0.0223515	0.0239298	0.0142229	0.161625	0.0185293	0.00985609	0.058787	0.0063932	0.0894825	0.136227	0.0758709	0.0562894	0.0219434	0.000530267	0.00317592
104	0.0689354	0.00134939	0.127812	0.258885	0.00251381	0.00846365	0.00287223	0.00238535	0.105569	0.0100406	0.0102133	0.0754112	0.000440094	0.154412	0.0559844	0.0642024	0.032469	0.00555746	0.0036613	0.00882283
105	0.35765	0.0141034	0.00514433	0.00387437	0.0179743	0.0209437	0.00123815	0.115382	0.00304669	0.0872212	0.0149068	0.00412875	0.00241582	0.00665939	0.00644425	0.109298	0.0849695	0.138671	0.00254091	0.00338671
106	0.0815504	0.00258661	0.0751513	0.17744	0.00255039	0.032672	0.0236027	0.0104356	0.0529796	0.056816	0.0170581	0.0751178	0.00174377	0.11376	0.0818476	0.0896945	0.0642089	0.0233914	0.0106779	0.00671527
107	0.0722655	0.000658167	0.0337721	0.0255774	0.00190697	0.0646711	0.0309863	0.00950741	0.122281	0.0577863	0.00625257	0.0702901	0.000902475	0.0620248	0.290925	0.049226	0.0503546	0.0461237	0.00112058	0.00336798
108	0.00947649	0.000312076	0.000374335	0.000965422	0.0774799	0.00744827	0.00223038	0.153122	0.00301494	0.478276	0.0939651	0.0067911	0.000245601	0.00502239	0.00346367	0.0105102	0.03367	0.0998391	0.00289121	0.0109019
109	0.673269	0.00249504	0.000660909	0.00131588	0.00827353	0.00358993	0.000990574	0.0302365	0.00123631	0.0237545	0.00976183	0.0046873	0.000643134	0.00114286	0.00108768	0.116595	0.0739994	0.0446809	0.000339506	0.00124003
110	0.00401148	0.000270979	0.791967	0.0353143	0.000585709	0.00163429	0.00392999	0.00113339	0.00783427	0.00377109	0.00415975	0.0874934	0.000477873	0.0174019	0.00545875	0.0166998	0.0131532	0.00231889	0.000170194	0.00221365
111	0.0265737	0.000574557	0.00695364	0.00191003	0.00698918	0.00269567	0.0106582	0.0382308	0.337201	0.0196438	0.00737432	0.00647457	0.00286665	0.0286276	0.409069	0.0127661	0.0394089	0.0388434	0.00110625	0.00203233
112	0.0839647	0.00522386	0.000389569	0.000477122	0.0650538	0.0133391	0.00074642	0.328593	0.000654183	0.172744	0.0256739	0.000741351	0.00299825	0.00048343	0.00181074	0.0127668	0.0212287	0.248049	0.00622446	0.00883817
113	0.672542	0.00248903	0.000666447	0.00128688	0.00818214	0.00356988	0.000999622	0.0302512	0.00116356	0.0237556	0.00986838	0.00471157	0.000640368	0.00114006	0.0010896	0.117287	0.0741545	0.0446369	0.000336767	0.00122888
114	0.0177069	0.000561832	0.00100918	0.00149336	0.0657851	0.00772989	0.012989	0.0721317	0.019591	0.183466	0.0350754	0.0148027	0.0203356	0.00122633	0.032798	0.0109123	0.0149016	0.12081	0.185066	0.181608
115	0.0461239	0.00293436	0.000592059	0.00176251	0.0842935	0.0106242	0.00516557	0.128061	0.00730847	0.345101	0.0413108	0.00622108	0.0113888	0.00134378	0.0143575	0.0191899	0.0289335	0.0951718	0.0739463	0.0761699
116	0.0593274	0.00750661	0.00698194	0.00337856	0.143961	0.00609786	0.00297567	0.135982	0.00281819	0.101251	0.00536886	0.0084721	0.00170803	0.0038206	0.00306214	0.0222127	0.165501	0.314599	0.0012583	0.00371658
117	0.0389863	0.000680236	0.00620547	0.00167706	0.0613487	0.0108908	0.00504527	0.0979717	0.00747234	0.166302	0.0124387	0.0191169	0.240597	0.00153422	0.0126024	0.01954	0.00761781	0.0972422	0.0922702	0.100461
118	0.13799	0.0101026	0.000548415	0.000967951	0.0390333	0.0237281	0.000290259	0.233232	0.000341876	0.159862	0.00288436	0.000615379	0.00350632	0.000397583	0.000383169	0.0450044	0.0735342	0.260482	0.00383388	0.00326258
119	0.177336	0.0045928	0.00190691	0.0163219	0.0133464	0.00997147	0.00340128	0.196218	0.013189	0.0985864	0.0397158	0.0103916	0.00148336	0.0167636	0.0352271	0.0922971	0.0626282	0.193316	0.006431	0.00687658
120	0.0293029	0.000221357	0.000330436	0.00476586	0.0413927	0.00428303	0.00330624	0.226437	0.000613742	0.412098	0.0712404	0.00117293	0.000327758	0.00369186	0.000660325	0.00879096	0.0173085	0.171015	0.000694593	0.00234667
121	0.197208	0.0257931	0.000735459	0.00103168	0.0695471	0.237416	0.000698639	0.0983672	0.000977017	0.0966046	0.00579272	0.0010322	0.000444859	0.00104687	0.00116072	0.0308275	0.0843471	0.145962	0.000314501	0.000692654
122	0.137959	0.0101225	0.000547839	0.000967729	0.0388987	0.023719	0.000291088	0.233272	0.000339069	0.160028	0.00287915	0.000615522	0.00351135	0.000372858	0.000383646	0.0450936	0.0735266	0.260434	0.00379289	0.00324504
123	0.670828	0.00868295	0.000317964	0.00259228	0.00395611	0.0716596	0.00122017	0.00231149	0.000415172	0.00454202	0.00332436	0.000510843	0.00398044	0.000373701	0.000461383	0.187628	0.0202798	0.0140006	0.000160294	0.00275447
124	0.137959	0.0101225	0.000547839	0.000967729	0.0388987	0.023719	0.000291088	0.233272	0.000339069	0.160028	0.00287915	0.000615522	0.00351135	0.000372858	0.000383646	0.0450936	0.0735266	0.260434	0.00379289	0.00324504
125	0.499408	0.0064094	0.0019771	0.00420929	0.0396544	0.106292	0.000948605	0.0156784	0.00155602	0.0766249	0.0373628	0.00169568	0.00363799	0.005137	0.00155985	0.0985036	0.0621238	0.0356732	0.000456606	0.00109087
126	0.0304172	0.00496161	0.000380242	0.000257334	0.0156706	0.00050227	0.000449835	0.300353	0.00036685	0.108128	0.0242089	0.000449735	0.00111119	0.000608558	0.000532787	0.00167318	0.0108541	0.497846	8.44027e-05	0.00114371
127	0.134336	0.00453742	0.00949133	0.00686934	0.00204656	0.0266954	0.00119988	0.00464688	0.00230414	0.0162087	0.00344469	0.00216863	0.00171139	0.00277624	0.0065028	0.550805	0.207295	0.00861198	0.00507155	0.00327751
128	0.0935087	0.00667088	0.00216316	0.000956516	0.0143384	0.0136502	0.00056336	0.124446	0.00172519	0.0756094	0.0112241	0.000924644	0.00237443	0.0014739	0.0017097	0.0413698	0.0819225	0.522935	0.00104314	0.00139123
129	0.0109018	0.000264623	0.000278885	0.000873104	0.0709174	0.00721911	0.00214775	0.14203	0.00132374	0.507111	0.0999797	0.00316851	0.000185389	0.0036666	0.00147316	0.0121485	0.0199362	0.103511	0.00262469	0.0102383
130	0.120104	0.0108513	0.000493642	0.000953964	0.0365249	0.0216886	0.000423959	0.255101	0.000506699	0.150341	0.00538286	0.000591395	0.00323671	0.000670194	0.000659604	0.0391351	0.064775	0.281037	0.0035677	0.00395605
131	0.0857796	0.0279261	0.00502871	0.00169041	0.0109545	0.0240433	0.00123735	0.230249	0.00220464	0.029127	0.0121444	0.00158579	0.00359325	0.00252141	0.001952	0.051463	0.119602	0.383961	0.000543844	0.00439264
132	0.690244	0.00791682	0.000329679	0.00179655	0.00561448	0.0394258	0.00125283	0.00580801	0.000414844	0.00744975	0.00413249	0.000769894	0.00381305	0.000448482	0.000443993	0.180176	0.0260671	0.0207831	0.000154134	0.0029592
133	0.165979	0.343578	0.0206955	0.0121241	0.0120277	0.0732114	0.0239618	0.0218191	0.0111245	0.0245027	0.0133701	0.0110633	0.0060598	0.0105559	0.011498	0.10972	0.0287061	0.0445254	0.00382156	0.0516566
134	0.0753563	0.00035636	0.00368661	0.0013034	0.000765499	0.00414568	0.00729502	0.00141849	0.00440048	0.0213935	0.0102591	0.000731799	0.779358	0.00103374	0.000821536	0.0504395	0.0186745	0.0116025	0.000283584	0.00667426
135	0.0927798	0.340177	0.0529	0.0125411	0.0107351	0.0276052	0.102489	0.0203211	0.0110058	0.0254778	0.0133988	0.0104674	0.00476131	0.0114157	0.0120725	0.0876261	0.0241795	0.115768	0.0044321	0.0198468
136	0.644299	0.00516191	0.000791649	0.00200401	0.00699707	0.0240646	0.00195683	0.0189813	0.00102026	0.018086	0.00792004	0.00343574	0.00255972	0.00156802	0.00122883	0.157684	0.0636282	0.0352622	0.000387254	0.0029629
137	0.0121942	0.0013469	0.000762473	0.00115442	0.119553	0.00627722	0.00227047	0.134647	0.00174914	0.486219	0.0956669	0.00391613	0.000402147	0.00315777	0.00187223	0.010221	0.0178278	0.0862193	0.00341988	0.0111226
138	0.251912	0.0183948	0.00230418	0.00384087	0.0616194	0.190511	0.00171243	0.0885335	0.00304509	0.0864776	0.0145525	0.00255533	0.00298648	0.00395257	0.00372966	0.0583029	0.0719964	0.128721	0.00134481	0.00350741
139	0.0278101	0.0017406	0.000907789	0.00635899	0.05133	0.00546907	0.00588343	0.22209	0.00194575	0.370842	0.0594914	0.00271361	0.00437602	0.00359984	0.00261785	0.0107036	0.0361389	0.174925	0.00257972	0.00847638
140	0.449144	0.0137	0.00148828	0.00371274	0.00376241	0.107226	0.00176406	0.0121285	0.00339168	0.0131453	0.00544771	0.00792036	0.00595076	0.00351343	0.00377076	0.299641	0.0396583	0.0221678	0.000624217	0.00184191
141	0.169825	0.0194949	0.00925081	0.00138637	0.0152535	0.0358299	0.000824355	0.0855292	0.000954332	0.0371554	0.0258278	0.00111296	0.00665279	0.00105563	0.00146808	0.0976506	0.176216	0.313478	0.000333119	0.000702367
142	0.0901641	0.000675535	0.00333408	0.0118179	0.00328284	0.00754681	0.0103654	0.00504768	0.0132409	0.0196878	0.0101795	0.00449433	0.63692	0.00886067	0.00336353	0.0955384	0.052862	0.0174942	0.000384446	0.00473939
143	0.0980068	0.00435376	0.00145085	0.00781413	0.0189757	0.0330844	0.00127492	0.115448	0.00261141	0.21985	0.182166	0.00380703	0.00108649	0.00564425	0.00395307	0.0619283	0.108129	0.125006	0.00213781	0.00327096
144	0.473559	0.00320168	0.00139912	0.00691437	0.00684477	0.0208709	0.00320805	0.0233565	0.0024096	0.0167401	0.0186382	0.00351886	0.00320968	0.00266515	0.0021767	0.229944	0.0956234	0.0808139	0.00050686	0.00439859
145	0.0135474	0.000601808	0.000644899	0.00450098	0.00471019	0.0020757	0.000802206	0.395931	0.00407399	0.183458	0.0559461	0.000927626	0.0122899	0.00510347	0.00876975	0.00635051	0.0684652	0.22694	0.000340876	0.00452046
146	0.133794	0.0025946	0.000847742	0.00451373	0.0167032	0.0237465	0.000838369	0.125971	0.00589096	0.189032	0.050821	0.0104555	0.000497502	0.0194926	0.0272895	0.151401	0.0843372	0.123623	0.0204457	0.00770526
147	0.133716	0.00380155	0.00119442	0.0159987	0.0145184	0.00773472	0.00368503	0.211746	0.0163722	0.133788	0.038189	0.0205624	0.000678406	0.0276764	0.0459884	0.0971711	0.0600704	0.152086	0.00823229	0.00678983
148	0.365475	0.00230617	0.000864679	0.00170135	0.00172777	0.141251	0.000815218	0.00997474	0.00507064	0.0254313	0.00225136	0.0103724	0.000901402	0.0014477	0.00136589	0.295463	0.0692499	0.0626563	0.000383073	0.00129162
149	0.111972	0.00175841	0.00111508	0.00478729	0.01145	0.013959	0.00131197	0.156003	0.0107739	0.155438	0.0540392	0.0157778	0.000649387	0.012726	0.0172511	0.148605	0.116551	0.148384	0.00860437	0.00884297
150	0.268875	0.00202466	0.0233426	0.128856	0.00429578	0.154591	0.00446215	0.00735879	0.0423958	0.00942324	0.0234511	0.0254762	0.00225182	0.00574796	0.00516294	0.151925	0.107663	0.0118171	0.0181241	0.00275609
151	0.03804	0.000320795	0.0034927	0.042622	0.00563491	0.00442651	0.00919431	0.128402	0.0895042	0.205647	0.0732006	0.0277923	0.00031926	0.0471682	0.184118	0.0163424	0.0169887	0.102814	0.000236617	0.00373549
152	0.526789	0.0162138	0.000432656	0.00729589	0.00119585	0.261189	0.000583636	0.00166569	0.000781063	0.013115	0.00427122	0.000817246	0.000950381	0.000620964	0.000707173	0.140945	0.0142117	0.00738799	0.000264002	0.000563221
153	0.530638	0.00413033	0.00301093	0.00248133	0.0303769	0.0544693	0.000978677	0.0290361	0.00141717	0.0561651	0.0263506	0.00265271	0.00389676	0.00618148	0.00216988	0.133321	0.0612527	0.0488356	0.00112634	0.00150969
154	0.0481984	0.000173482	0.0200468	0.0233681	0.00138324	0.0416716	0.0427182	0.012956	0.257476	0.0336188	0.00350161	0.0337899	0.000388407	0.122012	0.217952	0.0718783	0.037144	0.0243567	0.00131721	0.00604928
155	0.0837573	0.000599217	0.0110728	0.0200745	0.0105781	0.039164	0.0971993	0.0033111	0.104071	0.0846151	0.0519404	0.189635	0.00332232	0.0665505	0.112959	0.0840756	0.0126743	0.0123017	0.000593922	0.0115039
156	0.0415999	0.00089042	0.028765	0.00685662	0.00071508	0.790594	0.00930766	0.0012739	0.00629477	0.00408136	0.000926804	0.0322511	0.00708131	0.00112488	0.00648302	0.0543204	0.00208915	0.00376284	0.000211307	0.00137001
157	0.0267721	0.0038581	0.000475142	0.000609473	0.0157241	0.000524033	0.000628658	0.322157	0.000609264	0.134298	0.027192	0.000539905	0.0070613	0.000777566	0.000966343	0.0016508	0.0203388	0.434507	0.000124313	0.00118616
158	0.0524869	0.00345847	0.000421001	0.00172604	0.088355	0.0114359	0.00263406	0.150571	0.0027509	0.425566	0.0528808	0.00286882	0.0047424	0.00130077	0.00405015	0.0203615	0.0328182	0.0807837	0.031506	0.0292815
159	0.00487095	0.00146726	0.000438564	0.000806589	0.0758442	0.00104708	0.000462273	0.59151	0.000781644	0.0985377	0.01735	0.000747956	0.00161274	0.000709274	0.000787795	0.00187286	0.00199673	0.190136	0.00024077	0.00877906
160	0.0238057	0.000505422	0.00433145	0.00222716	0.00460304	0.00370001	0.00795543	0.0166488	0.395153	0.0143028	0.00490274	0.00894567	0.00306388	0.0319526	0.41913	0.0108319	0.0273732	0.019358	0.000464123	0.000744912
161	0.0134455	0.000433632	0.353396	0.063677	0.000998028	0.0380913	0.0162776	0.001701	0.0353023	0.00212567	0.0012974	0.227895	0.0125515	0.0171109	0.0256402	0.140529	0.0465826	0.0020594	0.000266424	0.000619286
162	0.0791724	0.00406779	0.0912052	0.227782	0.000953641	0.0213114	0.030638	0.0137997	0.0115627	0.0616232	0.027736	0.0892154	0.000409222	0.0768366	0.0383629	0.104207	0.0875385	0.0199695	0.00479165	0.00881732
163	0.369905	0.00300811	0.00194417	0.0137182	0.0035738	0.023696	0.0245189	0.0323402	0.00265545	0.00736727	0.00924604	0.00268867	0.0153825	0.0136048	0.00249651	0.237982	0.0815142	0.117423	0.00085165	0.0360838
164	0.00818867	0.000175927	0.0002624	0.000625047	0.0732586	0.00549376	0.00226131	0.147752	0.00155269	0.521805	0.0932881	0.0040725	0.000150646	0.00328389	0.00186819	0.0106239	0.0205966	0.0896917	0.00375044	0.0112987
165	0.0742436	0.00317696	0.0989324	0.21543	0.00192156	0.0248832	0.0275595	0.0108867	0.0284947	0.0541577	0.0195489	0.0790669	0.000886453	0.111402	0.0517572	0.0919568	0.0701624	0.0183138	0.00985537	0.00736354
166	0.0764689	0.000201267	0.031731	0.136342	0.00855474	0.0295913	0.0329428	0.0274678	0.153444	0.0295636	0.0148889	0.0620792	0.0097037	0.0587447	0.154123	0.0656705	0.075879	0.028373	0.0002565	0.00397389
167	0.00306407	0.000452488	0.44476	0.0495918	0.00110559	0.0116538	0.000826242	0.00218928	0.0844907	0.00237142	0.00133534	0.177937	0.00554769	0.0438563	0.0402459	0.0702122	0.056641	0.00251083	0.000311822	0.000896405
168	0.195856	0.0247996	0.00134541	0.00984907	0.0177222	0.00273875	0.0094247	0.0361959	0.0252227	0.0042101	0.0346393	0.00207006	0.000744334	0.0103013	0.0175465	0.0368986	0.323424	0.217545	0.000597358	0.0288691
169	0.0304085	0.00495663	0.000343795	0.000216814	0.016443	0.000269685	0.000387299	0.299913	0.000206117	0.10904	0.0255472	0.000420309	0.000697992	0.000522059	0.000473414	0.00113959	0.00804227	0.499926	7.35583e-05	0.000973221
170	0.0560753	0.00520857	0.000244952	0.000358277	0.0524681	0.00730336	0.000282811	0.340271	0.000320507	0.167474	0.0275218	0.000378007	0.00243624	0.0004407	0.00167007	0.00493777	0.0112676	0.313546	0.00322664	0.00456764
171	0.00739933	0.00122362	0.00722281	0.00887399	0.582488	0.00419324	0.00809579	0.0415558	0.00235255	0.1559	0.0794769	0.00865816	0.00101578	0.00869163	0.00255103	0.0067077	0.00577592	0.0446831	0.00127847	0.0218569
172	0.00441084	0.000316942	0.790554	0.0352462	0.000580838	0.00236277	0.00442081	0.00112998	0.00603968	0.00389526	0.00426156	0.0895964	0.000748207	0.0164881	0.00480593	0.0183209	0.012144	0.00227279	0.000187893	0.00221685
173	0.0244929	0.00136825	0.00523231	0.00668832	0.00507071	0.00757914	0.00766282	0.0140749	0.539721	0.0143186	0.0063406	0.00985253	0.00321954	0.0248946	0.271226	0.016503	0.0213157	0.016558	0.00139094	0.00249077
174	0.0575095	0.0067755	0.00481769	0.00541252	0.00883431	0.0154069	0.00304623	0.0260885	0.00439777	0.0169193	0.0091969	0.0138964	0.00277472	0.00426246	0.00929981	0.0818498	0.60833	0.116163	0.00135968	0.0036585
175	0.0421033	0.00177936	0.0219748	0.0048599	0.000723032	0.82485	0.00595601	0.00121679	0.00507308	0.00371328	0.000921586	0.0218429	0.00614978	0.000875962	0.00570668	0.0463331	0.00140692	0.00313307	0.000184325	0.00119576
176	0.0749389	0.00391738	0.00389535	0.00419714	0.00611438	0.0186876	0.00249236	0.00922052	0.00469652	0.010246	0.0109458	0.0163355	0.00175041	0.00439836	0.011224	0.0975157	0.689187	0.0243911	0.00164592	0.00420054
177	0.00748187	0.00113906	0.00148951	0.00239533	0.0158139	0.00287936	0.00197013	0.119357	0.00200853	0.756866	0.0139107	0.00239219	0.00128542	0.00222065	0.00235186	0.00591801	0.00641918	0.0496517	0.0016452	0.00280418
178	0.0339582	0.00265336	0.00225476	0.00379989	0.00264069	0.019727	0.00154782	0.00479012	0.00270814	0.0078589	0.00429008	0.0166659	0.00113127	0.00279758	0.0103032	0.160036	0.706654	0.0121795	0.00204842	0.00195511
179	0.0203759	0.00101086	0.00896495	0.331375	0.00181723	0.00235715	0.020574	0.0263706	0.158515	0.0648296	0.0258747	0.00961598	0.00091267	0.0629651	0.0738302	0.0205232	0.122374	0.0189068	0.000432083	0.0283746
180	0.089855	0.00185302	0.0101317	0.0120561	0.004083	0.598241	0.00742659	0.00847088	0.00952403	0.0117273	0.00526563	0.0271005	0.101734	0.00671089	0.025343	0.049644	0.0144581	0.0115671	0.00148617	0.00332174
181	0.076586	0.00014178	0.0323673	0.152681	0.00971451	0.0266159	0.0343206	0.0252207	0.159299	0.0246874	0.0144445	0.0580094	0.0108847	0.0622412	0.139312	0.0713712	0.0735643	0.0239624	0.000244761	0.00433118
182	0.270211	0.00258714	0.00198663	0.00795421	0.00756779	0.0191096	0.00296672	0.0470316	0.00532374	0.0193566	0.0122645	0.00377566	0.00750528	0.0057055	0.00439761	0.385089	0.103597	0.0877086	0.0010972	0.00476393
183	0.0742751	0.00378169	0.0902017	0.233758	0.00105729	0.0211144	0.0293877	0.0130223	0.0106033	0.0622939	0.0261433	0.0985079	0.000509229	0.0740404	0.0345267	0.106675	0.0877924	0.0197753	0.00448825	0.00804647
184	0.040237	0.00791144	0.0117349	0.0163313	0.0169757	0.0209738	0.53652	0.0266161	0.0183658	0.0317579	0.0243845	0.0882247	0.00745709	0.0149285	0.0189412	0.0409464	0.0301803	0.0329919	0.00469356	0.00982739
185	0.0750565	0.000358032	0.00369793	0.00119079	0.000696665	0.00408785	0.0072571	0.0012545	0.0042799	0.0213569	0.0103317	0.000657974	0.780978	0.000960779	0.00078193	0.0502043	0.0184616	0.0115187	0.000231727	0.00663683
186	0.0369058	0.00149634	0.000374137	0.00244741	0.0171464	0.00292432	0.0011936	0.292286	0.000505973	0.321414	0.0422475	0.000574565	0.00496081	0.0017232	0.000852334	0.00319177	0.01441	0.253659	0.000571567	0.00111439
187	0.668146	0.00949392	0.000328429	0.00379949	0.00267561	0.0976782	0.00110045	0.00221597	0.000422873	0.0054707	0.00365009	0.000458004	0.00366332	0.000380665	0.000423745	0.165604	0.0174445	0.014663	0.000180296	0.00220004
188	0.0479308	0.000163944	0.0205358	0.0231923	0.0014707	0.039993	0.0438848	0.0134338	0.256494	0.0342188	0.00351664	0.0332294	0.00038267	0.122207	0.222531	0.0676117	0.0366738	0.0255238	0.00133055	0.00567571
