847	20
1	0.174793	0.00597412	0.030344	0.0725945	0.00144986	0.0198766	0.0251849	0.00447718	0.0607665	0.0424866	0.0024737	0.0465356	0.150126	0.037843	0.0595441	0.135706	0.0744695	0.0491036	0.000334613	0.00591734
2	0.118586	0.0558113	0.00123405	0.00128741	0.0374361	0.033662	0.00150423	0.205507	0.0026408	0.133649	0.074172	0.00322202	0.000666564	0.00185295	0.00345146	0.0174192	0.0407386	0.257305	0.000884209	0.00897004
3	0.037316	0.00498088	0.00285231	0.00390981	0.180825	0.00335589	0.102746	0.152838	0.00323259	0.155922	0.00699987	0.0384854	0.00348836	0.00628012	0.0158036	0.0357615	0.0125596	0.108606	0.00315164	0.120887
4	0.0205909	0.00452237	0.00605245	0.00781083	0.00709739	0.00559688	0.129053	0.00679837	0.0643434	0.0916464	0.0073718	0.0103586	0.00449289	0.0729429	0.0362189	0.306304	0.166278	0.0154212	0.00194341	0.0351557
5	0.0581999	0.00097933	0.160244	0.119567	0.0593567	0.026118	0.0121772	0.00221249	0.0133783	0.0241862	0.0149726	0.0264804	0.108065	0.0993133	0.0182877	0.0982317	0.0950708	0.0263392	0.0122014	0.0246186
6	0.0994622	0.00691456	0.00471721	0.0103622	0.266039	0.0159282	0.0306939	0.0112159	0.0375775	0.0766169	0.0142227	0.0681361	0.00292525	0.0441837	0.00854761	0.128314	0.0227037	0.0131031	0.00176408	0.136572
7	0.034206	0.00420579	0.00025205	0.000352254	0.00400505	0.000337061	0.000562865	0.170782	0.000455897	0.0254643	0.00488453	0.000323916	0.000134295	0.00172525	0.00150061	0.00516159	0.0121402	0.733229	0.000102272	0.0001744
8	0.11613	0.038357	0.00152333	0.00189625	0.0206551	0.0950071	0.00214374	0.164616	0.00298604	0.122566	0.0399682	0.00247231	0.000642625	0.00257684	0.0109224	0.0324488	0.158796	0.183157	0.000452008	0.00268423
9	0.0277755	0.000595905	0.00198363	0.00915029	0.00207854	0.00780845	0.00181712	0.00426116	0.00115024	0.0116743	0.00154505	0.0020858	0.875174	0.00823537	0.00350351	0.0188804	0.00779428	0.0122837	0.000188365	0.00201432
10	0.00265981	0.00340738	0.00179748	0.00173153	0.00083169	0.00170023	0.00474903	0.00582573	0.00963428	0.0017635	0.00110543	0.00215508	0.000584488	0.00921097	0.94335	0.00396287	0.00209591	0.00232759	0.000193693	0.000913772
11	0.141058	0.00484195	0.00354713	0.00496526	0.0925949	0.00334431	0.00501051	0.0790011	0.0429923	0.265723	0.0621093	0.00526296	0.089483	0.00605075	0.0405882	0.0364549	0.0223946	0.0889126	0.00120141	0.00446373
12	0.189255	0.00690162	0.0363703	0.111672	0.0038222	0.0906774	0.0109272	0.0117545	0.0219672	0.016822	0.00619493	0.125248	0.00638814	0.0278828	0.0396001	0.157169	0.115708	0.0179639	0.00111756	0.00255811
13	0.0445715	0.00534612	0.0332543	0.0162603	0.108391	0.00860456	0.0242314	0.0232269	0.013331	0.0425904	0.168441	0.0764069	0.00641371	0.0619189	0.0204403	0.101195	0.0948308	0.0705482	0.0018428	0.0781556
14	0.00350008	0.00239364	0.000605963	0.00081695	0.00287582	0.000852	0.00564204	0.501706	0.000926834	0.16792	0.0417396	0.00474682	0.000432576	0.0204752	0.0112044	0.0207316	0.0700548	0.141661	0.000281394	0.00143276
15	0.0180311	0.00416697	0.00549138	0.00277922	0.00207212	0.00495907	0.00385679	0.0028493	0.00293746	0.00896539	0.00256146	0.0300105	0.0340968	0.00370655	0.00868549	0.393089	0.461233	0.00817349	0.000737687	0.00159744
16	0.229299	0.00266856	0.00185717	0.0057192	0.00618324	0.0127075	0.00869486	0.00479062	0.00426186	0.0086753	0.00393513	0.00523067	0.585019	0.00596158	0.00423845	0.0756381	0.0156542	0.0109941	0.000372211	0.00809865
17	0.00575034	0.00164417	0.00200047	0.00249497	0.0291374	0.00247791	0.00239486	0.0025102	0.0023633	0.0140542	0.00223014	0.00271526	0.00100165	0.00288996	0.00221581	0.00468063	0.00421911	0.00422508	0.909335	0.00165974
18	0.546019	0.00308575	0.000591028	0.00377454	0.000460304	0.0120238	0.000513651	0.000660603	0.000604203	0.00110947	0.00120342	0.00251751	0.000535262	0.000662914	0.000731932	0.397105	0.0156746	0.00917748	0.00024892	0.00330035
19	0.0151631	0.00925547	0.00223737	0.00288781	0.0024713	0.00412133	0.00521265	0.00328173	0.00185649	0.00298434	0.00352382	0.0149202	0.0059409	0.0032118	0.00382241	0.560204	0.350122	0.00657822	0.000877734	0.00132797
20	0.0369568	0.00532273	0.0239228	0.035925	0.0109486	0.0220057	0.0474741	0.0156263	0.118296	0.057197	0.0133961	0.277248	0.00369028	0.0836519	0.17832	0.0232481	0.0191356	0.0192141	0.00239523	0.0060257
21	0.792475	0.015524	0.00101234	0.000443024	0.000189538	0.0320528	0.000324191	0.00039336	0.000294329	0.0016212	0.00268906	0.00229841	0.00149269	0.000352539	0.000659394	0.0969894	0.033236	0.0150394	0.000367929	0.00254565
22	0.0601947	0.0119959	0.00288114	0.00657734	0.0024232	0.00923949	0.0165722	0.0351909	0.00444395	0.00843319	0.0044079	0.0226511	0.0034052	0.0114085	0.00560449	0.186787	0.358111	0.244458	0.00146417	0.00375022
23	0.069997	0.00156169	0.197286	0.226197	0.00143	0.0398776	0.0237362	0.00189085	0.0191918	0.0166705	0.0154685	0.220959	0.00398971	0.0321108	0.00575595	0.0757786	0.0292289	0.0160804	0.000590721	0.00219923
24	0.00292594	0.000542499	0.000398255	0.000717847	0.0131659	0.000398581	0.000676626	0.67972	0.000582537	0.124679	0.0209492	0.00108609	0.000282039	0.00188174	0.00171399	0.00205559	0.00693277	0.140401	0.000182891	0.000707891
25	0.110468	0.0690267	0.00142174	0.00203231	0.0588318	0.0221759	0.00231602	0.128514	0.00326884	0.167817	0.0413693	0.00300778	0.00097015	0.00289966	0.00372678	0.0234096	0.114418	0.229163	0.00628487	0.00887799
26	0.0225902	0.00566242	0.0073015	0.0533497	0.00243796	0.0135268	0.0517597	0.0335162	0.162042	0.0239988	0.00389926	0.0363922	0.00190258	0.180939	0.351338	0.0185453	0.0122631	0.0134647	0.00176268	0.00330752
27	0.0422434	0.00326423	0.00429298	0.00399117	0.00292206	0.0244256	0.0698155	0.086265	0.00507755	0.0930644	0.0235663	0.41863	0.00199029	0.044357	0.0444164	0.0499945	0.046295	0.0315558	0.00133802	0.00249496
28	0.150883	0.354106	0.00190652	0.00314075	0.00175501	0.0246891	0.00311089	0.00281869	0.0102441	0.0500117	0.0871999	0.00538209	0.0128409	0.00988009	0.00331327	0.149612	0.103049	0.0236503	0.000821053	0.00158595
29	0.0198011	0.00244126	0.107637	0.0366691	0.000318054	0.719248	0.00683553	0.000548256	0.00913142	0.00115933	0.000681366	0.037267	0.000289475	0.0106653	0.00745799	0.0284936	0.0101778	0.000758789	0.000112251	0.000307718
30	0.018281	0.00082869	0.000463862	0.000456475	0.0277342	0.00196007	0.00101058	0.16206	0.0021919	0.646571	0.0492978	0.00150256	0.000239561	0.0075073	0.00346254	0.0055884	0.00609377	0.0587106	0.000416693	0.00562248
31	0.0328578	0.00815043	0.0289967	0.0665111	0.0166722	0.00400902	0.0741154	0.0594252	0.153912	0.057839	0.0176579	0.061771	0.00170998	0.0605896	0.162254	0.0474519	0.0583265	0.0572542	0.000537672	0.0299583
32	0.00159387	0.00325093	0.00105855	0.000709956	0.00102301	0.00119332	0.00331465	0.00340056	0.00696767	0.00106317	0.000569143	0.00152704	0.000316629	0.00764312	0.959817	0.0030083	0.0010634	0.00125703	0.000193931	0.00102875
33	0.00161076	0.000313563	0.000242823	0.000527349	0.014959	0.000335637	0.000366177	0.690632	0.000379635	0.135121	0.0220445	0.000507605	0.000160272	0.000751122	0.000464111	0.000801043	0.003086	0.127395	0.000108783	0.000194582
34	0.00467128	0.000235374	0.0075905	0.971686	0.000293851	0.000341431	0.000887655	0.000386265	0.000458276	0.000602162	0.000331812	0.000455554	0.00179658	0.00589975	0.00183488	0.000788239	0.000748067	0.00064769	0.000118942	0.000225357
35	0.007313	0.00364652	0.00287489	0.0105349	0.00683142	0.00238392	0.0135496	0.00738341	0.0461188	0.0058579	0.00219155	0.00685788	0.00103271	0.0448482	0.808494	0.00760163	0.00599159	0.00583117	0.000488106	0.0101691
36	0.248268	0.0288692	0.00319848	0.00564137	0.00828186	0.0733047	0.00271818	0.097815	0.00376099	0.0647217	0.0190975	0.0059983	0.0135031	0.00551601	0.00505124	0.130674	0.0967825	0.181468	0.000644226	0.00468612
37	0.0101816	0.00223234	0.00347529	0.00646211	0.164572	0.00347042	0.388237	0.0189265	0.00526924	0.00963191	0.022507	0.0065343	0.00172064	0.00404193	0.0247905	0.0248719	0.00820448	0.007179	0.00807324	0.279619
38	0.00718889	0.00114998	0.885259	0.0122027	0.000387641	0.00318083	0.00705434	0.000626511	0.00247979	0.00179347	0.000489039	0.051117	0.000900483	0.00241304	0.004287	0.0115891	0.00564804	0.00106521	0.000132957	0.00103473
39	0.0757095	0.00214787	0.00388378	0.0460098	0.012191	0.0125063	0.0275078	0.00379206	0.106165	0.0058545	0.00285073	0.00369825	0.448133	0.0317217	0.122726	0.0535564	0.0297593	0.00861776	0.000781566	0.00238775
40	0.00267544	0.00057124	0.000606982	0.000839639	0.000557768	0.000699303	0.00070821	0.00720177	0.000698081	0.0420191	0.918184	0.00120695	0.000337748	0.00151392	0.000865051	0.00159384	0.0156778	0.00338211	0.000184866	0.000476636
41	0.014708	0.00501906	0.00185963	0.00213541	0.00840803	0.005067	0.00334236	0.195326	0.00658414	0.204443	0.0799083	0.00454518	0.00184983	0.00840973	0.00549754	0.0254526	0.279257	0.143217	0.0013338	0.00363653
42	0.0242127	0.00135487	0.0158824	0.351148	0.0107175	0.0184556	0.00208264	0.00224285	0.00202636	0.0031827	0.00203315	0.00217436	0.000995568	0.507023	0.00433448	0.0425821	0.00376071	0.00353166	0.000652709	0.00160693
43	0.193776	0.00991055	0.010138	0.0448018	0.0147939	0.0227021	0.0114518	0.0390419	0.0267431	0.0518512	0.0214825	0.0254885	0.010635	0.0681837	0.0363941	0.151063	0.176241	0.0833979	0.000367742	0.00153507
44	0.385195	0.00828938	0.00364713	0.0067288	0.00196301	0.363478	0.0026879	0.00812082	0.00747234	0.00745098	0.0110689	0.0075583	0.0284219	0.0027339	0.00406015	0.110898	0.0178182	0.0189194	0.000985429	0.0025027
45	0.0504663	0.00914337	0.0132975	0.0556632	0.00205089	0.0234276	0.0227597	0.0265301	0.239419	0.026836	0.00386868	0.0300032	0.00215951	0.106728	0.302483	0.0433269	0.0199384	0.0173269	0.00328892	0.00128263
46	0.243423	0.000569316	0.133272	0.180702	0.000454218	0.0649997	0.00364708	0.0183237	0.0484814	0.0102651	0.000740966	0.0241317	0.0124297	0.0765756	0.0317137	0.0637081	0.042947	0.039633	0.00299959	0.000982603
47	0.272486	0.00341083	0.090812	0.0741068	0.00622418	0.0678441	0.00511173	0.0595206	0.0253601	0.0174393	0.00750768	0.048477	0.00651397	0.0468314	0.0468468	0.0637287	0.0845189	0.0696042	0.00135947	0.00229565
48	0.00906246	0.000881734	0.00138326	0.000467578	0.0172546	0.00116617	0.000437339	0.304655	0.00178773	0.540896	0.035311	0.00261229	0.000213004	0.00282203	0.00248728	0.00345894	0.00398747	0.0683063	0.000127008	0.00268229
49	0.262435	0.000680129	0.0577176	0.3134	0.000942194	0.0189396	0.0107733	0.0263718	0.046004	0.0231345	0.00153257	0.0168784	0.00184713	0.0481396	0.0347517	0.0323533	0.0270492	0.0752379	0.000742252	0.00106977
50	0.110865	0.000332803	0.0741695	0.259206	0.000325887	0.00442592	0.0154379	0.00084656	0.137242	0.0141215	0.001017	0.0304209	0.000965712	0.123931	0.0903632	0.0566119	0.0640372	0.0148482	0.000131237	0.000700621
51	0.162743	0.00885738	0.00403277	0.00531203	0.140113	0.0154981	0.0238561	0.125199	0.00462108	0.0445776	0.0213076	0.00761663	0.00394308	0.0225414	0.0207547	0.0309065	0.0668807	0.0763145	0.00343001	0.211495
52	0.00850227	0.00197757	0.429423	0.0100606	0.000978165	0.00395539	0.0249679	0.00162827	0.00197369	0.0029123	0.00135966	0.405039	0.00124117	0.00456442	0.00430877	0.0816953	0.0107346	0.00230778	0.000431816	0.00193871
53	0.0875896	0.00398878	0.0187621	0.0971209	0.000970619	0.0120741	0.00899613	0.0636648	0.118918	0.0767933	0.0203236	0.0187904	0.000495705	0.128033	0.102622	0.0302296	0.0823327	0.125951	0.000789097	0.00155428
54	0.0103708	0.00274715	0.00301215	0.0575117	0.145614	0.00474909	0.00477382	0.0272735	0.0276394	0.245773	0.269461	0.00440091	0.00199686	0.0441732	0.0315008	0.00900964	0.0258022	0.0188661	0.0339384	0.0313862
55	0.00977768	0.000751418	0.000621371	0.00298935	0.000123622	0.979423	0.000158768	0.000168135	0.000198624	0.000828177	0.000143936	0.000294108	0.000687313	0.000690125	0.000496226	0.00196594	0.000269922	0.000288239	3.64715e-05	8.80265e-05
56	0.0107246	0.00248613	0.00113989	0.00131823	0.288283	0.00114472	0.0037915	0.0502784	0.00137931	0.519955	0.0500772	0.00174434	0.00260298	0.00212458	0.00252033	0.00321376	0.00978994	0.0279366	0.00447695	0.0150118
57	0.570102	0.0037905	0.0008571	0.00454651	0.000981495	0.0135659	0.000668836	0.000710356	0.000692686	0.00105578	0.00160886	0.00341686	0.000529119	0.00108728	0.000842227	0.362901	0.0180078	0.0108938	0.00027796	0.0034639
58	0.00661804	0.00290546	0.000745112	0.00103666	0.114554	0.00147939	0.0016464	0.0368231	0.00134297	0.619735	0.16265	0.00178128	0.00202913	0.00170917	0.00152924	0.00231979	0.00637995	0.0241973	0.00532641	0.00519089
59	0.216016	0.0187788	0.128915	0.0432897	0.00150257	0.0229368	0.00799036	0.00296605	0.00395752	0.00572867	0.00748764	0.0379028	0.00127624	0.00421408	0.00565003	0.426852	0.0510237	0.00489009	0.00068349	0.00793879
60	0.0955119	0.000296935	0.187818	0.256959	0.000316192	0.0212355	0.00497714	0.00255618	0.0353846	0.00269613	0.000417113	0.0283703	0.190052	0.047502	0.00513792	0.0855965	0.0273128	0.00748424	0.000150692	0.000225533
61	0.0564276	0.000984354	0.156905	0.127652	0.0539044	0.0277445	0.0121387	0.00213206	0.0143917	0.0225049	0.0144928	0.0281155	0.105276	0.101834	0.0181514	0.0948625	0.0976977	0.0272967	0.0137464	0.0237409
62	0.0120991	0.00160253	0.376274	0.39249	0.00110278	0.00903906	0.00543758	0.00170914	0.0503557	0.00257878	0.0015668	0.0271649	0.00427258	0.0706033	0.00509135	0.0198641	0.0131064	0.00383	0.000470396	0.00134144
63	0.00157818	0.000317049	0.00024977	0.000555186	0.0148195	0.000343192	0.000387424	0.691088	0.000408262	0.134769	0.0230543	0.000500622	0.000165531	0.000836166	0.000492757	0.000900511	0.00326118	0.125967	0.000108369	0.000197956
64	0.0654108	0.00552523	0.265951	0.265268	0.000731185	0.00619468	0.0234252	0.00163468	0.0361954	0.00335993	0.00319086	0.0743649	0.00960092	0.059937	0.0281781	0.0712371	0.0695552	0.00929751	0.000246778	0.000695127
65	0.001701	0.000940412	0.000657797	0.000895507	0.127787	0.000646418	0.0120832	0.000860335	0.000716824	0.00170755	0.00126452	0.00125139	0.000343017	0.000784456	0.0040873	0.00197835	0.00218159	0.00153149	0.0162263	0.822356
66	0.0196696	0.00464706	0.0027854	0.00336718	0.0577937	0.00464471	0.0209864	0.0737007	0.00353586	0.576371	0.0455565	0.00787771	0.0011146	0.00899624	0.00664717	0.00973258	0.0088428	0.0514345	0.00464087	0.0876552
67	0.0979035	0.00149296	0.0239521	0.0501	0.10726	0.00661575	0.0314679	0.0691615	0.0321046	0.1495	0.0522646	0.054201	0.00941189	0.0581289	0.0370529	0.0159826	0.0532463	0.101244	0.000475261	0.0484342
68	0.0664613	0.00821455	0.0331035	0.0604147	0.00139664	0.0487196	0.0294919	0.0181564	0.255936	0.0355937	0.00282224	0.0395322	0.00172679	0.100367	0.21446	0.0483399	0.0254941	0.00730186	0.00180042	0.000667518
69	0.0128974	0.000888788	0.000555147	0.000282353	0.0194143	0.00125567	0.00054162	0.171307	0.0023326	0.673662	0.0438831	0.00210029	0.00018094	0.00427312	0.00321583	0.0043786	0.00363671	0.0514817	0.000152201	0.00355991
70	0.0613765	0.00160025	0.035038	0.0748012	0.00143354	0.423296	0.0201659	0.0027659	0.158986	0.00294973	0.00170151	0.052798	0.00927943	0.0801289	0.0275168	0.0373337	0.00316263	0.00388647	0.0004264	0.00135288
71	0.00315939	0.0030849	0.00145422	0.00283587	0.00541273	0.00147438	0.0104886	0.00401704	0.015618	0.00373627	0.00119454	0.0027733	0.000458729	0.0161873	0.912365	0.00386753	0.00213142	0.00215154	0.00061444	0.00697526
72	0.036135	0.00971903	0.204978	0.0431702	0.00659693	0.019388	0.0530033	0.00198011	0.0849847	0.00731239	0.00135137	0.173446	0.161123	0.0432187	0.0525441	0.0664854	0.00549742	0.0159737	0.000414785	0.0126771
73	0.0621079	0.00564332	0.00730049	0.0099827	0.011613	0.0122953	0.00863041	0.0240132	0.0106188	0.156674	0.0147716	0.00846276	0.499731	0.0104523	0.00794614	0.082199	0.0331989	0.0283629	0.00162321	0.00437357
74	0.0270516	0.00106794	0.000934161	0.00545864	0.00109962	0.00142846	0.0476203	0.0230986	0.00108575	0.00213988	0.00251737	0.0595589	0.000889982	0.0213235	0.00465185	0.179279	0.561511	0.0516183	0.0003548	0.00731108
75	0.0123938	0.00482824	0.699444	0.023698	0.00085658	0.0140856	0.0111222	0.00189685	0.00268554	0.00558285	0.00122953	0.118623	0.00255528	0.0101883	0.00775518	0.0441063	0.0335345	0.00235531	0.000375876	0.00268305
76	0.0605291	0.00845016	0.00259372	0.00192865	0.00313478	0.00211663	0.00225359	0.182878	0.00314099	0.0147938	0.00425487	0.00732938	0.00133635	0.0021255	0.00327333	0.0443299	0.0545762	0.599814	0.000418407	0.000723259
77	0.00467128	0.000235374	0.0075905	0.971686	0.000293851	0.000341431	0.000887655	0.000386265	0.000458276	0.000602162	0.000331812	0.000455554	0.00179658	0.00589975	0.00183488	0.000788239	0.000748067	0.00064769	0.000118942	0.000225357
78	0.0439147	0.0272045	0.00104996	0.00134783	0.0173881	0.00617242	0.00333943	0.182808	0.00166648	0.425925	0.0274906	0.0039383	0.00103441	0.00417125	0.00448802	0.00739429	0.0114297	0.220768	0.003988	0.00448126
79	0.00657383	0.00992319	0.00356155	0.00935914	0.360586	0.00185562	0.0122868	0.032353	0.00345416	0.0427649	0.0919505	0.00363433	0.00117061	0.00236826	0.00549204	0.00571109	0.00458544	0.0388767	0.0121954	0.351297
80	0.145744	0.00834649	0.133828	0.0343098	0.0114434	0.284046	0.0147183	0.0177386	0.0139915	0.0316494	0.111634	0.0318454	0.00744867	0.0172237	0.0145973	0.0558774	0.0275164	0.024442	0.0038648	0.00973452
81	0.0144087	0.00592537	0.000977644	0.00104051	0.588849	0.00113117	0.00252277	0.0542212	0.00119282	0.195888	0.0189564	0.00173008	0.00443948	0.00175614	0.00212592	0.00317095	0.00466004	0.0307154	0.0207218	0.0455661
82	0.637193	0.0122585	0.00124963	0.00454275	0.000486658	0.0529923	0.000749854	0.000797779	0.000621537	0.00166612	0.00266315	0.00510772	0.00158492	0.000759013	0.000982803	0.23426	0.024929	0.0127949	0.000554471	0.00380594
83	0.00363813	0.000922003	0.00116264	0.00258049	0.00103217	0.00165643	0.0188594	0.00125928	0.001409	0.002192	0.0011672	0.00140832	0.00601746	0.944593	0.00313728	0.00318331	0.00230032	0.00228942	0.000339498	0.000852493
84	0.131538	0.0207051	0.00339096	0.00284785	0.00755092	0.0118789	0.00363793	0.153759	0.00451031	0.0209455	0.00632502	0.00953087	0.00314267	0.00284696	0.0053461	0.0815419	0.107786	0.416579	0.00301155	0.00312504
85	0.0034485	0.00408586	0.00937045	0.000513009	0.000409863	0.00344114	0.00458752	0.000578156	0.000887017	0.00086764	0.00058587	0.940328	0.000313495	0.00279348	0.00232318	0.0178075	0.00621108	0.000934329	0.000166036	0.000348008
86	0.0327608	0.0059818	0.00243584	0.00257827	0.00213003	0.00826296	0.00135084	0.000847651	0.00196576	0.00159503	0.00159563	0.00456522	0.00323861	0.00139014	0.00102628	0.855134	0.0681148	0.00305699	0.000383019	0.00158602
87	0.00474282	0.000253078	0.00762186	0.970172	0.000300787	0.000390555	0.000878816	0.000385622	0.000465468	0.00060287	0.000324173	0.00048058	0.00180669	0.00708826	0.00183588	0.000864705	0.000771103	0.000664244	0.000124639	0.000226012
88	0.00342162	0.0010299	0.00128149	0.00202729	0.00110185	0.00138789	0.969162	0.00146929	0.00137396	0.00217282	0.00127592	0.00148771	0.000710487	0.00162271	0.00141289	0.00281129	0.00254032	0.0024124	0.000499249	0.000799166
89	0.0395194	0.690366	0.00324206	0.00407967	0.00330568	0.0177959	0.0039954	0.00449651	0.00932004	0.0232418	0.0178926	0.006042	0.00979024	0.00498589	0.00435004	0.099853	0.0385181	0.0148219	0.00119049	0.00319347
90	0.00174695	0.00322178	0.00107832	0.000786517	0.00134297	0.00127713	0.00348926	0.0034101	0.00873506	0.00125318	0.000626951	0.00166246	0.000307146	0.00785015	0.955902	0.00310191	0.00118797	0.00122923	0.000263233	0.00152784
91	0.00342981	0.0010299	0.00123313	0.0020272	0.00110187	0.00139359	0.969528	0.00147036	0.00136861	0.0021217	0.00127544	0.0014423	0.000710136	0.00156189	0.00141573	0.00278291	0.00251126	0.00237443	0.000421885	0.000799479
92	0.0152871	0.00447362	0.00487399	0.00994895	0.00616342	0.00598828	0.00624957	0.0108917	0.766838	0.012211	0.0060414	0.00747403	0.00300943	0.00855584	0.0110767	0.0131492	0.0243264	0.0111015	0.0684907	0.00384954
93	0.0221487	0.00374111	0.00228353	0.00383758	0.0474729	0.00151524	0.00541914	0.510463	0.00435096	0.10727	0.0254133	0.00546355	0.00131057	0.0102269	0.00567609	0.00675619	0.0212276	0.200616	0.0027143	0.0120934
94	0.010974	0.00542427	0.002753	0.000827899	0.752616	0.000956103	0.00696831	0.0108368	0.00120684	0.0493294	0.014538	0.00104667	0.00443671	0.000954178	0.00217546	0.00201238	0.00343036	0.0157787	0.0259451	0.0877898
95	0.0459215	0.00471582	0.0178837	0.0143179	0.00317094	0.0999688	0.0167016	0.00777713	0.0395513	0.0107307	0.00567586	0.534995	0.00245642	0.0220814	0.0812547	0.0362974	0.0424779	0.0100924	0.00118638	0.00274313
96	0.335905	0.00475685	0.00336903	0.00224984	0.0016117	0.388501	0.00158812	0.00362065	0.00122544	0.00317151	0.00939188	0.00533773	0.00412475	0.00118953	0.0030188	0.209617	0.0126674	0.00668301	0.00047659	0.00149522
97	0.0749257	0.0038312	0.136224	0.107853	0.00228048	0.0370446	0.0230832	0.00646436	0.11342	0.00324369	0.00243746	0.0926859	0.00763227	0.106696	0.0561696	0.156136	0.0542167	0.0126533	0.000205398	0.00279867
98	0.0127035	0.00702428	0.000866047	0.000746536	0.729762	0.000711313	0.00116206	0.0177445	0.00080501	0.0808512	0.0184229	0.00086687	0.0058809	0.000989594	0.00147372	0.00172496	0.00256189	0.0198585	0.0312084	0.0646355
99	0.0338748	0.00277327	0.0258535	0.0113234	0.0196948	0.00197424	0.0199837	0.259788	0.0308161	0.0237648	0.0108518	0.0093991	0.00134153	0.00647405	0.0182188	0.0149386	0.0825477	0.402883	0.00344723	0.0200508
100	0.0019792	0.00035322	0.000249656	0.000563937	0.0134309	0.000357141	0.000462907	0.697878	0.000380897	0.123356	0.0202598	0.000599833	0.000173865	0.000882697	0.00071271	0.000979469	0.00376887	0.133291	0.000110572	0.000208938
101	0.00804953	0.00169101	0.830964	0.0143734	0.000316347	0.00483274	0.00915255	0.000603396	0.00161815	0.00237683	0.000455134	0.0830901	0.00110333	0.00333845	0.00627089	0.0196252	0.00942261	0.000929355	0.000111245	0.00167564
102	0.0198011	0.00244126	0.107637	0.0366691	0.000318054	0.719248	0.00683553	0.000548256	0.00913142	0.00115933	0.000681366	0.037267	0.000289475	0.0106653	0.00745799	0.0284936	0.0101778	0.000758789	0.000112251	0.000307718
103	0.0645378	0.00165405	0.0297899	0.179895	0.0011464	0.00390942	0.0261836	0.059327	0.147882	0.0452845	0.0193524	0.0150225	0.000779701	0.16202	0.0497517	0.0114153	0.0242275	0.156111	0.000624329	0.00108677
104	0.0955119	0.000296935	0.187818	0.256959	0.000316192	0.0212355	0.00497714	0.00255618	0.0353846	0.00269613	0.000417113	0.0283703	0.190052	0.047502	0.00513792	0.0855965	0.0273128	0.00748424	0.000150692	0.000225533
105	0.0236826	0.00937872	0.0259597	0.0614163	0.0163669	0.00374186	0.0717631	0.0567425	0.172417	0.063658	0.0232046	0.0664353	0.00279684	0.0579254	0.166898	0.0491069	0.0501646	0.044057	0.000668969	0.0336166
106	0.00779696	0.0103137	0.00257673	0.00179846	0.00274349	0.0023589	0.0018516	0.00141029	0.00145905	0.00360593	0.00105052	0.015614	0.00573075	0.00190704	0.00140219	0.654408	0.280341	0.00256836	0.000282499	0.000780179
107	0.00747327	0.00433122	0.000458227	0.000554199	0.0252291	0.000529531	0.00058341	0.0507555	0.00150895	0.747641	0.117116	0.000806064	0.000846686	0.00141096	0.00205488	0.00266379	0.00205771	0.0267675	0.00507309	0.00213822
108	0.0124786	0.0071662	0.000825451	0.000814048	0.721015	0.000730931	0.00229363	0.0149745	0.00105401	0.0874901	0.0227871	0.00116762	0.0057881	0.0011556	0.00177786	0.00200714	0.00366333	0.0181292	0.0283491	0.066332
109	0.142602	0.00189711	0.053684	0.0647559	0.00123266	0.211286	0.0113865	0.0031472	0.140424	0.00322134	0.00175176	0.0578516	0.0043701	0.146904	0.0494034	0.0837847	0.0160838	0.00413813	0.000406485	0.00166927
110	0.0151393	0.00138549	0.000928484	0.00115717	0.00709973	0.00160024	0.00135886	0.0624382	0.00110331	0.223598	0.633307	0.006295	0.00045239	0.00556569	0.00129143	0.00248466	0.0124982	0.0210786	0.000417314	0.000800827
111	0.00859908	0.000910726	0.00130327	0.00127304	0.00807006	0.000525491	0.00110495	0.610008	0.000885077	0.0523484	0.00880244	0.00234102	0.000273927	0.00155274	0.00233566	0.00218227	0.0106686	0.285763	0.000385967	0.00066637
112	0.0113086	0.0010647	0.00188057	0.00617594	0.000771017	0.00177001	0.00583704	0.00601807	0.470825	0.00834199	0.00793162	0.00984675	0.0102821	0.0384578	0.38466	0.0187719	0.00926206	0.00562036	0.000413963	0.000760051
113	0.0501758	0.00171134	0.100569	0.100205	0.0123902	0.00649774	0.223253	0.00490031	0.0497216	0.00850458	0.00365278	0.109829	0.00291342	0.0400196	0.029899	0.0563956	0.105806	0.0173898	0.00817012	0.0679958
114	0.0106516	0.00150487	0.00125544	0.0034109	0.0011975	0.00127531	0.00226174	0.00208722	0.00175842	0.0026044	0.00189536	0.00326807	0.0234972	0.0025781	0.0198153	0.0573813	0.857498	0.00418687	0.000743296	0.00112882
115	0.0282259	0.00229126	0.00841067	0.0953098	0.080352	0.00375552	0.267136	0.00456876	0.00551323	0.0337529	0.0459464	0.0413079	0.00160441	0.0255991	0.00614421	0.082671	0.0775548	0.00767361	0.0027456	0.179437
116	0.00719315	0.00197725	0.0491162	0.00272456	0.13675	0.0710122	0.218318	0.00292107	0.0421476	0.020527	0.00258503	0.183807	0.00147165	0.00310996	0.0346536	0.0176951	0.017549	0.00456439	0.00114661	0.180731
117	0.0127905	0.00391749	0.0028939	0.0028112	0.00501541	0.00391701	0.00612989	0.420848	0.00370017	0.128422	0.0307328	0.0152072	0.0013401	0.0133184	0.00924092	0.0397507	0.139703	0.157219	0.000501647	0.00254029
118	0.00667647	0.00303486	0.000709181	0.00097711	0.0394399	0.00129853	0.00604104	0.252	0.00113393	0.300849	0.0283933	0.00227123	0.000495567	0.00216175	0.0021105	0.00259267	0.00597577	0.317881	0.0082756	0.0176823
119	0.0491392	0.017632	0.00651107	0.0061483	0.00998594	0.0484815	0.00728908	0.208018	0.0352076	0.0874134	0.0567111	0.0102571	0.00342604	0.0102573	0.0103042	0.208577	0.0339818	0.183115	0.0023338	0.00521058
120	0.515383	0.00863639	0.00395527	0.0311286	0.00289506	0.123453	0.00799425	0.00734185	0.0889536	0.00749028	0.0041185	0.0090499	0.0147953	0.00901922	0.0117534	0.064897	0.0321553	0.0528426	0.0014104	0.00272775
121	0.00227592	0.00107729	0.000781993	0.000853774	0.137282	0.000757065	0.0144298	0.00117647	0.000956295	0.00348308	0.00200925	0.00175021	0.000374197	0.000830006	0.00499528	0.00210109	0.00215695	0.00188126	0.0175786	0.803249
122	0.175068	0.0159387	0.021589	0.0389366	0.00191051	0.0122788	0.0176936	0.00794577	0.342422	0.00832608	0.00368449	0.0443116	0.00628441	0.0310736	0.112917	0.110172	0.0345132	0.0126787	0.00052116	0.00173393
123	0.00744746	0.0012184	0.882408	0.0123461	0.000475005	0.00311637	0.00715656	0.00067063	0.00253356	0.00204147	0.000624822	0.0517131	0.000944907	0.00238502	0.0044429	0.012225	0.00573384	0.00126534	0.000169401	0.00108183
124	0.00351988	0.00413436	0.00854314	0.000510492	0.000481018	0.00377835	0.00406788	0.00065337	0.00103136	0.000977708	0.000586749	0.941062	0.00029579	0.00292136	0.00229458	0.0174551	0.00617769	0.000890755	0.000292543	0.00032616
125	0.544448	0.0113446	0.00125297	0.00294238	0.000740585	0.0109381	0.000917016	0.00226439	0.00123176	0.00187586	0.00361231	0.00614904	0.000855023	0.00169757	0.0013235	0.322354	0.0309404	0.0527155	0.000370954	0.0020264
126	0.541691	0.00208873	0.000453353	0.00390172	0.000429976	0.00987918	0.000492705	0.0006305	0.000591986	0.000960693	0.0011699	0.00251582	0.000402493	0.000704621	0.00072896	0.404822	0.0152985	0.00978457	0.000199114	0.00325426
127	0.0925168	0.00603753	0.00644072	0.00441403	0.0996805	0.00426688	0.0124258	0.319069	0.00662417	0.0491427	0.0310778	0.0107207	0.00337337	0.00443414	0.00599335	0.0142692	0.0537967	0.222526	0.00176237	0.0514287
128	0.0678237	0.00791285	0.00210151	0.00297364	0.0882707	0.00433712	0.00295387	0.380764	0.00275086	0.0708809	0.0982202	0.0151577	0.00122326	0.00408175	0.00317393	0.00613423	0.022487	0.184183	0.000749414	0.0338199
129	0.0566387	0.00102908	0.155235	0.126066	0.0539317	0.0274897	0.0125802	0.00234347	0.0145636	0.0229131	0.0146532	0.0282004	0.103528	0.102006	0.0184943	0.0954318	0.0988415	0.0282717	0.0137491	0.0240335
130	0.0504949	0.00496109	0.00682673	0.0089771	0.111033	0.00632182	0.128174	0.0183189	0.0109455	0.135627	0.0132898	0.0133365	0.00320664	0.142432	0.0639313	0.0384688	0.064343	0.117491	0.00284486	0.0589771
131	0.0123733	0.00692174	0.000759895	0.000653474	0.748014	0.00061424	0.00114403	0.0140344	0.000639302	0.0694986	0.0184102	0.000735096	0.00611482	0.000814512	0.00146905	0.001485	0.00163719	0.0173516	0.0307449	0.0665841
132	0.139083	0.00221449	0.00368456	0.00509294	0.0926764	0.0222024	0.0359106	0.0780649	0.0043596	0.0498549	0.0288274	0.00804624	0.00241721	0.0465597	0.0415088	0.0401401	0.0615193	0.0494086	0.00163277	0.286796
133	0.118185	0.00127321	0.00305608	0.00499538	0.00468772	0.0186669	0.00417028	0.0156439	0.00192795	0.0192085	0.00364068	0.00236775	0.690141	0.0114694	0.01044	0.022113	0.0229494	0.0431758	0.000468206	0.00141914
134	0.0594712	0.00600817	0.151184	0.0715322	0.00402339	0.0451605	0.0281286	0.00575421	0.119292	0.00322465	0.00219119	0.123463	0.016609	0.0933668	0.0643725	0.144898	0.0428467	0.0134061	0.000219338	0.00484848
135	0.0411037	0.0119837	0.00137277	0.00143205	0.110895	0.00186585	0.00492095	0.343711	0.00186813	0.158272	0.04889	0.00763073	0.00180572	0.00414466	0.00268758	0.0104006	0.0599921	0.132408	0.00576512	0.0488506
136	0.0665139	0.00850971	0.00313726	0.00766954	0.00357865	0.00663657	0.0227106	0.0786084	0.00427529	0.414558	0.0490289	0.00363263	0.00351953	0.0634103	0.00586785	0.0871173	0.0204869	0.13974	0.00469902	0.0063005
137	0.118012	0.0610319	0.000968678	0.00100731	0.0284695	0.0383719	0.000985157	0.20294	0.00212551	0.150449	0.0561148	0.00173114	0.000430578	0.00128319	0.00296554	0.0183959	0.0444083	0.265943	0.000321127	0.00404574
138	0.0234011	0.00447215	0.00692399	0.0141259	0.00491207	0.00731411	0.00860802	0.0119792	0.718572	0.0114726	0.00523562	0.00970235	0.00414186	0.0139735	0.028488	0.0199805	0.0727622	0.0139754	0.0157396	0.00421996
139	0.482959	0.0129563	0.00558063	0.00995452	0.0256924	0.0231317	0.0128935	0.0375345	0.00663765	0.0250569	0.00936909	0.00840028	0.00736502	0.0122632	0.00795392	0.050883	0.0375066	0.178688	0.00508004	0.0400942
140	0.00670714	0.000296721	0.0107183	0.953778	0.000529601	0.000939473	0.0011947	0.00053082	0.00133833	0.000949049	0.000869259	0.00156652	0.00601719	0.00703112	0.00215536	0.00241997	0.00139166	0.00111046	0.000179161	0.000277085
141	0.0133688	0.00205383	0.00146741	0.00356794	0.00121908	0.00228739	0.00318644	0.00330856	0.00217426	0.00485863	0.00350147	0.00503052	0.0183987	0.00319859	0.0192144	0.0541976	0.847092	0.00975278	0.000738244	0.00138295
142	0.00342981	0.0010299	0.00123313	0.0020272	0.00110187	0.00139359	0.969528	0.00147036	0.00136861	0.0021217	0.00127544	0.0014423	0.000710136	0.00156189	0.00141573	0.00278291	0.00251126	0.00237443	0.000421885	0.000799479
143	0.00524803	0.00372449	0.0151478	0.00268938	0.000754912	0.00679271	0.020446	0.001217	0.0028547	0.00211204	0.00108763	0.894169	0.000465053	0.00329712	0.00740722	0.0205875	0.00860068	0.0016594	0.000261926	0.00147777
144	0.0314713	0.00630166	0.00712798	0.0048314	0.486742	0.00439696	0.0830727	0.0231251	0.00695961	0.0588678	0.0114763	0.00887371	0.00349543	0.00971662	0.0137811	0.0153773	0.0170023	0.0691158	0.0117032	0.126562
145	0.0194398	0.000573662	0.0027419	0.0114141	0.00174297	0.00749323	0.00149109	0.00413482	0.00152498	0.012188	0.00149293	0.00198482	0.882874	0.00882371	0.00392082	0.0153976	0.0075354	0.0136126	0.000215752	0.00139798
146	0.0583616	0.0908034	0.0153784	0.00682834	0.00450351	0.00787011	0.0176252	0.0160645	0.00515423	0.00722448	0.0548489	0.00687663	0.00249463	0.00745548	0.0072426	0.2351	0.408669	0.0100238	0.0344202	0.00305466
147	0.374981	0.0574945	0.00430604	0.0101105	0.00411827	0.114	0.058232	0.00721101	0.0266809	0.0124408	0.00716557	0.0171665	0.00380765	0.0182157	0.0282298	0.0863346	0.149993	0.0154977	0.00131181	0.00270236
148	0.0322143	0.00419756	0.00850975	0.00563835	0.0125801	0.00203678	0.0176123	0.301239	0.0108611	0.042491	0.00980853	0.00624622	0.00108852	0.00526815	0.00772909	0.0128164	0.0419384	0.464328	0.00226614	0.0111309
149	0.625918	0.0024795	0.00390016	0.0663359	0.00166897	0.00999614	0.00155205	0.00244028	0.00423411	0.00302654	0.00235364	0.00402404	0.000797514	0.0122816	0.00459695	0.223048	0.00934342	0.0185569	0.00053104	0.00291475
150	0.0167497	0.000446021	0.00225776	0.0103066	0.00191846	0.00726379	0.00199746	0.00413243	0.0024493	0.0122648	0.00128912	0.00193724	0.887189	0.00975752	0.00509645	0.0138182	0.00697224	0.0125407	0.000218089	0.00139513
151	0.0063357	0.00125618	0.0108816	0.00149605	0.643703	0.00129784	0.0385659	0.00277162	0.00366148	0.00921611	0.00490166	0.00337673	0.00101222	0.00133103	0.00746513	0.00372232	0.00611355	0.0103077	0.0289466	0.213637
152	0.300145	0.00244447	0.00215813	0.0145931	0.00547127	0.00636513	0.00908209	0.003055	0.00361165	0.00475868	0.00304651	0.046943	0.404012	0.0132126	0.00258919	0.143964	0.00942434	0.00511234	0.000901023	0.0191107
153	0.0108116	0.000951798	0.0127126	0.00684925	0.000293943	0.946349	0.00100053	0.000237182	0.00143237	0.00125914	0.000297559	0.00466977	0.00109086	0.00321359	0.00128814	0.00534694	0.00156302	0.000416709	7.24525e-05	0.000143843
154	0.667283	0.0107061	0.00646689	0.0208185	0.0020058	0.0331305	0.00436633	0.00472912	0.0119397	0.00676991	0.00475494	0.00795387	0.00387068	0.0174741	0.0259459	0.107868	0.0303109	0.0287692	0.00145295	0.00338387
155	0.593127	0.00240331	0.00130791	0.0395789	0.000936083	0.0123451	0.000966811	0.00120833	0.0019328	0.00188629	0.00150459	0.00308936	0.000669839	0.00311859	0.00190291	0.309163	0.0112701	0.00987044	0.000400651	0.0033183
156	0.0116385	0.00139322	0.00138487	0.00360955	0.00178021	0.00241574	0.00225669	0.00242638	0.00178564	0.00291872	0.0022103	0.00294037	0.0237418	0.0034805	0.0204366	0.0483895	0.860053	0.00529609	0.000623732	0.001219
157	0.00931272	0.000771912	0.0035021	0.00393445	9.0147e-05	0.973651	0.000284705	0.000179239	0.000421689	0.000825909	0.00014783	0.00132496	0.00062989	0.000906898	0.00067669	0.00244572	0.000534754	0.000228374	4.14634e-05	8.98647e-05
158	0.554208	0.0125545	0.00111653	0.00292475	0.000579422	0.00973229	0.00226809	0.00242797	0.000754023	0.00200757	0.00412702	0.0102	0.000601133	0.00132752	0.00105688	0.30111	0.039981	0.0507613	0.000389975	0.00187243
159	0.00921196	0.000745731	0.00277302	0.00374357	9.01987e-05	0.975396	0.000267341	0.000172058	0.000371976	0.000822426	0.000162718	0.00110483	0.000639199	0.000839718	0.000611308	0.00223367	0.00046708	0.000221833	3.96589e-05	8.54838e-05
160	0.0109781	0.000853547	0.000359892	0.00284426	0.000101042	0.977512	0.000131338	0.00017994	0.000155448	0.00102133	0.000155336	0.00023925	0.00086653	0.000653061	0.000565289	0.00255392	0.000293408	0.000245365	7.09173e-05	0.000219558
161	0.0175768	0.00264319	0.0128759	0.804621	0.00212118	0.00331643	0.00746345	0.00388491	0.0121959	0.00586216	0.00313172	0.00639932	0.00289733	0.0260906	0.05382	0.0122883	0.0126959	0.00720889	0.00115586	0.00175118
162	0.00463025	0.000702518	0.000504978	0.00101406	0.0153896	0.00113631	0.00118268	0.666472	0.00109162	0.125247	0.0249545	0.00115533	0.000505378	0.00220623	0.00187514	0.00259501	0.00894991	0.138882	0.000573491	0.000931661
163	0.0021614	0.00411844	0.00123172	0.00134291	0.000911475	0.00157799	0.003562	0.00352227	0.00797709	0.00125115	0.000676058	0.00190174	0.000362654	0.00835816	0.953347	0.0034479	0.00138877	0.00148052	0.000279911	0.00110111
164	0.0167097	0.00185691	0.782501	0.0422661	0.00134064	0.00600417	0.00930159	0.00197691	0.0199324	0.00384744	0.00209705	0.0432585	0.00826888	0.0181487	0.00918866	0.0199782	0.0079962	0.00317603	0.000470192	0.00168127
165	0.0713997	0.00538349	0.0461966	0.169415	0.00465407	0.0110986	0.0234504	0.0122747	0.0957863	0.0243611	0.00776368	0.0295533	0.00485884	0.11577	0.210405	0.0458913	0.0858544	0.0259383	0.0013813	0.0085643
166	0.235542	0.00825023	0.0113921	0.0169335	0.0158196	0.0985912	0.0853335	0.0171495	0.0112171	0.190504	0.127593	0.0155518	0.00571284	0.0599965	0.0126739	0.026312	0.0235301	0.0227405	0.00262806	0.0125285
167	0.767979	0.0251877	0.000398661	0.00051972	0.000426058	0.0673391	0.00051909	0.000855785	0.00170747	0.00191181	0.00331443	0.00289516	0.00100414	0.00057721	0.000745247	0.0706214	0.0274238	0.0243562	0.000416853	0.00180091
168	0.0338032	0.00725465	0.00364744	0.00530251	0.00412158	0.184541	0.00593948	0.0152942	0.00706058	0.0173971	0.0107279	0.0074273	0.00380916	0.00608421	0.00548062	0.0430344	0.41904	0.214626	0.00207719	0.00333163
169	0.00901825	0.000716598	0.000766094	0.00296297	8.91213e-05	0.980525	0.000163385	0.000164605	0.000169534	0.000806936	0.000138956	0.000310492	0.000647452	0.000682968	0.000498676	0.00171378	0.000282683	0.000220281	3.76041e-05	8.4147e-05
170	0.0154099	0.00362465	0.00418863	0.0146801	0.00248368	0.00483941	0.00925351	0.18644	0.173612	0.0316994	0.00600819	0.00695618	0.00202644	0.129952	0.242657	0.029417	0.0618792	0.0697591	0.00135191	0.00376167
171	0.0755434	0.00270493	0.0127723	0.00641279	0.000639215	0.840769	0.00143659	0.00141022	0.0019552	0.00188935	0.00296178	0.0070772	0.00225938	0.00216996	0.00456752	0.030233	0.00274682	0.001756	0.000253564	0.000442022
172	0.20949	0.00496187	0.00453302	0.00208916	0.00217246	0.231235	0.00166786	0.00182679	0.00112316	0.00192566	0.00256314	0.0031513	0.00418887	0.00121176	0.00156633	0.505215	0.0146448	0.00452848	0.000336116	0.00156886
173	0.0435058	0.00173319	0.00714678	0.0224224	0.0255861	0.00143838	0.0345564	0.0318691	0.173975	0.214888	0.0345737	0.0105106	0.00426309	0.0637994	0.189261	0.0315131	0.0341971	0.0344413	0.0209951	0.0193249
174	0.0720035	0.013925	0.00826889	0.00589409	0.00387707	0.00800895	0.00622247	0.00845819	0.0115883	0.0439782	0.0116022	0.0123562	0.335282	0.00669784	0.00638002	0.234515	0.127041	0.0790952	0.00113689	0.00366888
175	0.0449288	0.00673352	0.00757509	0.0246437	0.0177627	0.00401347	0.0133755	0.116081	0.0970631	0.235874	0.0355409	0.00977391	0.00322062	0.062189	0.105229	0.0201057	0.0418668	0.131384	0.0112715	0.0113674
176	0.743938	0.0245522	0.000903754	0.000506972	0.000315081	0.0270315	0.00173077	0.00310792	0.000482223	0.00232465	0.00362515	0.00433361	0.00121378	0.000542179	0.00066495	0.100331	0.0391025	0.0429131	0.000550658	0.00182975
177	0.351975	0.00301943	0.00171199	0.00165797	0.00110835	0.48256	0.00117328	0.0049219	0.00111305	0.00255845	0.0119839	0.00741783	0.00394285	0.00126887	0.0044704	0.107188	0.00385097	0.00684675	0.000468418	0.000761778
178	0.0239385	0.0107217	0.00382544	0.00623683	0.0104827	0.00825865	0.00568543	0.0175625	0.0104185	0.212236	0.0616784	0.0226596	0.00501299	0.0150493	0.00724178	0.0836209	0.429922	0.0591206	0.00217488	0.00415309
179	0.279623	0.0827737	0.00120382	0.00167748	0.0010764	0.0158955	0.00198853	0.0358566	0.00141949	0.0178637	0.00191807	0.0141875	0.00254794	0.00170675	0.0013684	0.244406	0.115443	0.177674	0.000390889	0.000979599
180	0.167772	0.0216712	0.00627572	0.00691359	0.0109302	0.197928	0.0084757	0.109607	0.010675	0.0503716	0.0335618	0.0105452	0.00541677	0.00823752	0.008008	0.0442428	0.0405756	0.250672	0.00243615	0.00568496
181	0.00167535	0.000939246	0.000509152	0.000793434	0.121378	0.000651493	0.0118658	0.000834109	0.000682341	0.0014365	0.0012894	0.00128046	0.000336263	0.000805861	0.00405664	0.00193689	0.00216748	0.00130737	0.0162135	0.829841
182	0.053099	0.071649	0.0185318	0.0045465	0.00270716	0.0044316	0.0204363	0.0186964	0.0037851	0.00578568	0.0735319	0.00526018	0.00173088	0.00535504	0.0045401	0.255486	0.411326	0.00723697	0.0296321	0.0022322
183	0.0205643	0.00304794	0.00275963	0.00369258	0.00241419	0.00594231	0.00371184	0.0216097	0.0102379	0.121238	0.0342724	0.00396039	0.00183942	0.00442263	0.00335784	0.0379864	0.464114	0.251178	0.00146536	0.00218601
184	0.298365	0.00892194	0.0059481	0.00597154	0.00314359	0.15542	0.00333576	0.00654937	0.00662216	0.00607757	0.00428529	0.00477705	0.0412558	0.00311903	0.00352918	0.39193	0.0274451	0.0188777	0.00110515	0.00332098
185	0.0164441	0.00211972	0.12623	0.0426267	0.0427503	0.0192288	0.212737	0.00259713	0.0442886	0.0202034	0.00352019	0.291086	0.00267335	0.006395	0.0273638	0.0254657	0.0170186	0.00486086	0.00109092	0.0913
186	0.172889	0.00970372	0.0100471	0.0100827	0.00987801	0.0113109	0.00784867	0.0194034	0.015184	0.131867	0.0167209	0.0105595	0.326834	0.00922478	0.0108708	0.138763	0.0502	0.0314825	0.00174752	0.00538258
187	0.0101428	0.00242204	0.0349539	0.0274831	0.0162845	0.00469313	0.0861374	0.0078196	0.0719949	0.0441705	0.0179564	0.241971	0.00129481	0.0787552	0.310627	0.00868099	0.00889745	0.0209114	0.000936775	0.00386733
