560	20
1	0.295168	0.0293215	0.00415332	0.0223535	0.0272228	0.0131956	0.115294	0.03612	0.0437411	0.0657027	0.0206241	0.0119986	0.000915608	0.0423077	0.111324	0.0467544	0.0203362	0.0584526	0.00448967	0.0305246
2	0.00790292	0.00125829	0.00199008	0.00445882	0.00189195	0.00536298	0.0189876	0.00130329	0.00222817	0.00716641	0.00137346	0.00573251	0.000987328	0.00248722	0.00434501	0.739374	0.188922	0.00246153	0.000562013	0.00120448
3	0.274787	0.0571253	0.05417	0.0197167	0.0210174	0.0751582	0.092139	0.00363421	0.0143647	0.0032011	0.0120573	0.0393861	0.049146	0.00419355	0.0245444	0.133566	0.0282286	0.00962192	0.000673413	0.0832689
4	0.00156641	0.0119649	0.000400202	0.00567581	0.735412	0.000652645	0.0159763	0.005948	0.000517367	0.042407	0.0059929	0.000530136	0.000337188	0.00265827	0.000906174	0.00104139	0.00323423	0.00983008	0.0235375	0.131412
5	0.00789733	0.00125919	0.00198979	0.00446228	0.00189165	0.00539671	0.018947	0.001303	0.00221639	0.00718173	0.00137315	0.00580564	0.000977244	0.00248572	0.00437522	0.738956	0.189274	0.0024545	0.000549514	0.00120356
6	0.00227938	0.0126017	0.000642581	0.00681391	0.717253	0.000956241	0.0170489	0.00721044	0.00102676	0.0497347	0.0105191	0.000772016	0.000896813	0.00313285	0.00120222	0.00135965	0.00373855	0.010434	0.0227748	0.129602
7	0.0596694	0.00884662	0.0150246	0.0364249	0.0212934	0.0716109	0.0887539	0.0137946	0.0202211	0.174626	0.0243894	0.0125576	0.00955781	0.276873	0.0479012	0.0340357	0.0268988	0.0235073	0.0120453	0.0219682
8	0.00910964	0.0440541	0.136477	0.118636	0.0129141	0.0034115	0.0921586	0.00198999	0.0374523	0.00388221	0.00227533	0.0162726	0.00105193	0.13456	0.28478	0.0154456	0.0685449	0.00429123	0.00102484	0.011668
9	0.0411312	0.000516442	0.000871498	0.00534619	0.000502817	0.91386	0.000991048	0.000714507	0.000991776	0.00091832	0.00262312	0.00179688	0.000414076	0.00131209	0.00116027	0.0220531	0.00294884	0.00114402	0.000209362	0.000494713
10	0.824978	0.0114619	0.00237658	0.00235928	0.000851646	0.062798	0.00190028	0.00270255	0.00169801	0.00290013	0.000816382	0.000451478	0.00053042	0.00100354	0.00132701	0.047436	0.00661683	0.0268499	0.000375222	0.000566632
11	0.291315	0.00858293	0.0414919	0.0276426	0.00388635	0.0653356	0.0195959	0.00639128	0.00725979	0.00843601	0.00372539	0.0503208	0.0117783	0.0193812	0.0133438	0.343353	0.0377495	0.0300898	0.00126268	0.00905839
12	0.0759425	0.00306273	0.0565977	0.0248316	0.00247374	0.0279179	0.0591414	0.00341544	0.0218345	0.0584225	0.0530743	0.0119194	0.0479996	0.125345	0.0485051	0.293102	0.0755914	0.0057177	0.00241072	0.00269407
13	0.0510267	0.00517907	0.003113	0.00227226	0.000435209	0.00216068	0.000782521	0.0107021	0.000556011	0.0129863	0.000584449	0.00206274	0.878957	0.000906087	0.00102286	0.0140596	0.00110726	0.0102924	0.00126542	0.000527986
14	0.0688253	0.000382769	0.21047	0.344951	0.00328463	0.0141018	0.0562855	0.00300931	0.0295838	0.0202471	0.00516781	0.0043696	0.000374746	0.0929005	0.0653863	0.0408673	0.029802	0.00943449	0.000192027	0.000364003
15	0.0168255	0.00066269	0.130764	0.748539	0.000664134	0.0129867	0.00233677	0.000921577	0.00112933	0.00125526	0.000778596	0.00470418	0.00052814	0.0478868	0.00721461	0.00160236	0.00926933	0.00923611	0.00212742	0.00056821
16	0.0055552	0.00161859	0.000979807	0.00171168	0.0739943	0.00234328	0.030123	0.0702581	0.00117042	0.501689	0.178778	0.00573378	0.00659817	0.00240689	0.00206258	0.00253755	0.00764655	0.0471943	0.000606951	0.0569916
17	0.326495	0.0820062	0.0012839	0.00246431	0.0280586	0.0200254	0.00279981	0.0826844	0.00348495	0.0634995	0.0472477	0.00146555	0.00205806	0.0104989	0.00414937	0.0143945	0.0120458	0.288846	0.000713924	0.00577895
18	0.338224	0.00171548	0.0389314	0.169496	0.00299494	0.0409252	0.0210344	0.00804021	0.0238606	0.0207252	0.00119584	0.00210569	0.00604072	0.0563131	0.0776907	0.0705704	0.078637	0.0308498	0.000309078	0.0103404
19	0.140609	0.0023497	0.00352586	0.228185	0.0162213	0.0154862	0.00409782	0.0262213	0.0584532	0.0053661	0.00226917	0.00238068	0.00154773	0.191475	0.112874	0.0452016	0.133936	0.0060704	0.00127128	0.00245819
20	0.68955	0.064388	0.00331476	0.00376864	0.00211679	0.0483829	0.0032418	0.0053993	0.00227399	0.00490066	0.00540285	0.00342029	0.00144058	0.0024163	0.00313825	0.0881585	0.0361697	0.0295336	0.000921883	0.00206163
21	0.382445	0.027247	0.00735089	0.0217156	0.0217255	0.0272085	0.0399771	0.0338775	0.0417737	0.0480708	0.0347671	0.00733681	0.000789074	0.0351009	0.077012	0.0627284	0.0194954	0.0752118	0.00994445	0.0262229
22	0.134138	0.00410813	0.0856821	0.253038	0.0102362	0.00331489	0.0399036	0.0214903	0.0458931	0.0431228	0.0101543	0.0114369	0.000682471	0.0530256	0.142931	0.0375166	0.0393114	0.0576149	0.000482801	0.00591737
23	0.099551	0.0180045	0.00171936	0.0269796	0.062476	0.00461934	0.0461375	0.0291412	0.0227593	0.359507	0.0708629	0.00265204	0.00151924	0.0814821	0.0369725	0.0140811	0.0234129	0.0141736	0.0130391	0.0709098
24	0.0126911	0.000692761	0.0277986	0.0356997	0.00705054	0.785037	0.0151766	0.000655157	0.0228957	0.0012121	0.000934013	0.0126746	0.000444568	0.0182132	0.0467224	0.00178895	0.00488865	0.00116324	0.000335141	0.00392566
25	0.00960132	0.00169574	0.00189031	0.00360726	0.0985756	0.00534856	0.0901234	0.112034	0.00208728	0.236563	0.173773	0.00864344	0.0118107	0.00442248	0.00406511	0.00457488	0.00470018	0.0519047	0.00105025	0.173529
26	0.0600331	0.0125277	0.0618775	0.0934544	0.000976848	0.0486016	0.0339394	0.0108741	0.0582038	0.0164611	0.00335521	0.00460482	0.0436027	0.072801	0.1643	0.143109	0.0996122	0.0327738	0.0281026	0.0107892
27	0.48309	0.0071155	0.00355804	0.0137971	0.00157678	0.256221	0.0206156	0.0025904	0.0168103	0.00355789	0.00186172	0.0156991	0.00179265	0.00845109	0.00614067	0.0738261	0.0464284	0.0327488	0.00109018	0.00302829
28	0.00472671	0.00291016	0.000250655	0.00047731	0.00975062	0.000480402	0.000411525	0.261406	0.000357445	0.588245	0.0436756	0.000741304	0.000196173	0.00129884	0.000606618	0.000799094	0.00306577	0.0784828	0.000371782	0.00174577
29	0.830965	0.0113435	0.0021471	0.00188883	0.000889827	0.0592267	0.00178971	0.00268327	0.00154449	0.00269509	0.000533543	0.000421495	0.000264347	0.000864017	0.000912679	0.049346	0.00630774	0.025487	0.000152462	0.000536767
30	0.0200341	0.0104071	0.000189994	0.000371783	0.0195472	0.00242723	0.0018548	0.317267	0.000819795	0.367021	0.0350666	0.000348752	0.00114799	0.0037857	0.000447126	0.00206849	0.0139332	0.199889	0.00178427	0.00158969
31	0.11153	0.0656234	0.00188306	0.00274951	0.00206005	0.00365398	0.00942534	0.015554	0.00229234	0.0369282	0.00983414	0.00158447	0.00131242	0.00459296	0.00341115	0.101377	0.513418	0.110323	0.000811718	0.00163513
32	0.0064452	0.00219957	0.790942	0.0781615	0.000616079	0.00965399	0.0023605	0.000849436	0.00118542	0.00118037	0.000967196	0.0669436	0.00332195	0.00316439	0.0100212	0.00891893	0.00498994	0.0015785	0.000313816	0.00618676
33	0.114326	0.00680528	0.00996944	0.100315	0.00494677	0.0114918	0.213471	0.00818605	0.0134933	0.0546753	0.00572922	0.0154106	0.00397117	0.0177576	0.181476	0.0480418	0.0461912	0.103322	0.0319989	0.00842124
34	0.032026	0.0642121	0.158334	0.0258747	0.00529171	0.0623369	0.0586246	0.00545277	0.00703975	0.0163359	0.0122694	0.374004	0.00667019	0.013377	0.0241052	0.0821584	0.0327999	0.0119266	0.00202044	0.00514032
35	0.0154452	0.00140716	0.0072525	0.0178788	0.00523253	0.0261952	0.00791039	0.0015491	0.00520282	0.0122349	0.00130798	0.0298594	0.000725118	0.00223848	0.0157318	0.385877	0.459444	0.0030047	0.00047703	0.00102644
36	0.0251908	0.00296893	0.000387701	0.00285042	0.0497424	0.00253438	0.00846361	0.0697105	0.00602208	0.513596	0.0996461	0.000407973	0.000918866	0.00942245	0.00996479	0.00434127	0.0128776	0.167645	0.00512494	0.00818343
37	0.27528	0.0572929	0.0530899	0.0196928	0.0216669	0.0782737	0.0921811	0.00357485	0.0146415	0.00353391	0.0120065	0.0376427	0.0496121	0.00474548	0.0253642	0.130754	0.0275405	0.0096767	0.000773981	0.0826568
38	0.0602749	0.000634806	0.000515812	0.00498533	0.000439132	0.884157	0.000838935	0.000639082	0.000875209	0.00188355	0.00281138	0.00217236	0.000592709	0.00160994	0.00162806	0.0308137	0.00301231	0.00142068	0.000260286	0.000434308
39	0.203265	0.00132431	0.00061622	0.000960419	0.00172766	0.00152561	0.00121238	0.214618	0.000734554	0.0431522	0.0151702	0.000707375	0.0073545	0.00476755	0.00135112	0.0389036	0.0326242	0.428839	0.000346079	0.000800502
40	0.210777	0.00274699	0.00240331	0.00456918	0.0129155	0.00637872	0.00705391	0.0549392	0.00330688	0.0136869	0.0354867	0.00277801	0.187506	0.00509352	0.0050128	0.00919216	0.0263294	0.405966	0.0016699	0.00218755
41	0.0315262	0.000493553	0.00564582	0.0325292	0.000616891	0.00449195	0.0172414	0.00663801	0.112578	0.0086684	0.00865996	0.012776	0.0117003	0.0602605	0.655817	0.0130777	0.00862944	0.00400023	0.00386328	0.000785877
42	0.103319	0.0173548	0.00289945	0.00871471	0.121987	0.0482411	0.0519781	0.0667473	0.0116602	0.221866	0.151228	0.00720565	0.00519983	0.0212881	0.0183787	0.0175036	0.0256973	0.051953	0.00458728	0.0421914
43	0.053396	0.00139394	0.00146031	0.0157038	0.111193	0.0122189	0.174176	0.010439	0.00182255	0.0923027	0.00199612	0.011391	0.00126448	0.00287863	0.036102	0.0575898	0.0458411	0.0130432	0.161355	0.194433
44	0.0263461	0.0120155	0.000165432	0.000344006	0.0223787	0.00330335	0.00251613	0.320078	0.00100812	0.314818	0.034316	0.00024222	0.00159774	0.00504476	0.000443032	0.00261309	0.0178411	0.231746	0.0018858	0.00129697
45	0.0509331	0.003062	0.00167704	0.00308987	0.0561984	0.0044664	0.0607097	0.212034	0.00273262	0.058679	0.00607229	0.00305102	0.0763878	0.00787117	0.00411091	0.0221948	0.0571074	0.333379	0.00262158	0.0336217
46	0.0539423	0.000662848	0.000739561	0.00547421	0.000582267	0.901517	0.00132101	0.000575009	0.00129884	0.000841628	0.00183219	0.00216372	0.000484412	0.00139759	0.00138579	0.0202679	0.00347997	0.00121879	0.000282567	0.000532723
47	0.535781	0.057438	0.00364109	0.00219125	0.00135624	0.0144558	0.00184271	0.00688014	0.0015403	0.00512005	0.0035183	0.00400094	0.000996115	0.00251489	0.00486385	0.201004	0.11533	0.0357702	0.00053685	0.0012184
48	0.0396044	0.0279679	0.00231088	0.097828	0.0513843	0.00508281	0.0395099	0.0259668	0.0609311	0.251649	0.0768745	0.00551015	0.00249404	0.0689472	0.0741971	0.0122037	0.0132165	0.0147237	0.0328031	0.0967954
49	0.0196923	0.00935361	0.000168957	0.000340593	0.0238262	0.00238638	0.00177515	0.312307	0.000784785	0.368581	0.0395191	0.000376449	0.0010926	0.00374719	0.000444864	0.00206576	0.0130748	0.197384	0.00147234	0.00160824
50	0.0797977	0.0122598	0.057157	0.102661	0.00109132	0.0393138	0.029991	0.0218565	0.0536575	0.0280585	0.00421963	0.0107738	0.0173722	0.0579867	0.183454	0.0877775	0.129316	0.0541608	0.0209567	0.0081376
51	0.188507	0.00061393	0.143401	0.268319	0.00125556	0.0362483	0.0295558	0.000497657	0.0425122	0.00891165	0.000335195	0.027397	0.0371371	0.0525154	0.0599508	0.0465809	0.0410769	0.0124085	0.000114012	0.00266306
52	0.0388716	0.000368874	0.000370259	0.00492822	0.000372509	0.927675	0.00068721	0.000494753	0.000591601	0.000743497	0.00194404	0.00136135	0.000338102	0.00078577	0.000817684	0.017244	0.00104885	0.000751961	0.000206578	0.00039771
53	0.00590548	0.00152958	0.00176419	0.00287832	0.111435	0.00261095	0.00464982	0.00177522	0.00200324	0.00677062	0.00518101	0.00211158	0.00125067	0.00496951	0.00299013	0.00353847	0.00797481	0.00956394	0.131385	0.689713
54	0.363547	0.00423996	0.00748981	0.0178987	0.00353184	0.0973784	0.0791371	0.00424179	0.0278558	0.00824172	0.00394826	0.00653866	0.0250585	0.0426601	0.113954	0.11611	0.0452461	0.0262561	0.0012895	0.0053768
55	0.0995705	0.00362687	0.0322551	0.0789469	0.00205035	0.0334301	0.0420932	0.00604213	0.050161	0.0183509	0.00722786	0.0412844	0.000563489	0.126401	0.359662	0.0512034	0.0289658	0.0109098	0.00493179	0.00232371
56	0.0184296	0.0105835	0.000228484	0.000584293	0.0169811	0.00212912	0.00172471	0.293855	0.00094267	0.412545	0.0369953	0.000437007	0.0015252	0.00340149	0.00200673	0.00211547	0.0141614	0.1776	0.00170603	0.00204826
57	0.212371	0.210379	0.00203684	0.00370712	0.00203536	0.00409602	0.00388554	0.00274774	0.0030073	0.00392743	0.00203491	0.0199628	0.00152087	0.00436035	0.0041784	0.415046	0.0963739	0.0052106	0.0012359	0.00188322
58	0.0928901	0.00421561	0.0313166	0.0703858	0.00199555	0.0350007	0.0388698	0.00674278	0.0485363	0.0210818	0.00789721	0.0337694	0.00053945	0.115724	0.387479	0.0532286	0.0299974	0.0120289	0.00600047	0.00230122
59	0.0284961	0.0049598	0.000625888	0.00719954	0.0454481	0.00243265	0.0104719	0.0678353	0.0100226	0.535682	0.0817138	0.000861322	0.000687087	0.0147511	0.0153417	0.00583376	0.0197947	0.132387	0.00651629	0.0089395
60	0.0356878	0.00473087	0.106085	0.0493011	0.000616624	0.292796	0.0311061	0.00384283	0.0793977	0.00149007	0.000676053	0.104239	0.00721538	0.066578	0.127775	0.0531639	0.0266218	0.00779512	0.000290764	0.000590506
61	0.0262561	0.0120012	0.000163935	0.000341236	0.0223961	0.00321169	0.00240673	0.319863	0.00101379	0.314951	0.034446	0.000240344	0.00159343	0.0050165	0.000438254	0.0026214	0.0178962	0.231956	0.00188762	0.00129939
62	0.0655524	0.00114493	0.0160238	0.0210738	0.00145903	0.0297035	0.00775872	0.00229389	0.0452119	0.0113725	0.0100423	0.00162254	0.555677	0.0370054	0.0915075	0.0574562	0.0390664	0.00373205	0.000813595	0.00148233
63	0.049642	0.0562885	0.000787036	0.00911918	0.00100446	0.00397912	0.00237482	0.173503	0.0103838	0.147454	0.0448189	0.000798681	0.0152448	0.00194085	0.00687506	0.00263162	0.130158	0.307381	0.0150667	0.0205487
64	0.0763077	0.0091335	0.000499352	0.00048641	0.0123547	0.00236282	0.00185476	0.24891	0.00083874	0.158858	0.0243079	0.000522079	0.00227356	0.00341046	0.001298	0.0119046	0.0295444	0.413047	0.000890886	0.001196
65	0.350104	0.0626294	0.00258687	0.00555012	0.0167371	0.0146119	0.00529681	0.0727092	0.00506759	0.0457277	0.0221019	0.00190336	0.00416275	0.00998398	0.00702233	0.0308217	0.0288003	0.295948	0.00165888	0.0165765
66	0.0890003	0.0743579	0.00200417	0.00337831	0.00180581	0.00282512	0.0127413	0.0120328	0.00248258	0.0385718	0.012309	0.00189946	0.00119208	0.0046291	0.00358919	0.124561	0.536741	0.0734428	0.000842194	0.00159401
67	0.0721401	0.00197964	0.00215194	0.00507247	0.00176152	0.411398	0.0368514	0.00249068	0.0163128	0.00402405	0.00269636	0.115023	0.00142202	0.034609	0.00421907	0.125617	0.13463	0.0198304	0.000991299	0.00678053
68	0.182449	0.0238123	0.10489	0.107345	0.00386985	0.187509	0.00640526	0.00394325	0.00495065	0.0476858	0.00430204	0.121508	0.00273584	0.0713667	0.0511926	0.0108838	0.00864591	0.0311613	0.0222568	0.00308668
69	0.204798	0.00173296	0.00158566	0.00318669	0.0159469	0.00607438	0.00754959	0.0708834	0.0022068	0.015326	0.0197011	0.00191916	0.173749	0.00319656	0.00347337	0.00798911	0.030297	0.427034	0.00121772	0.00213259
70	0.117242	0.017045	0.00175146	0.018373	0.0521834	0.0042658	0.151696	0.0395277	0.0243859	0.238125	0.0537061	0.00431286	0.00100305	0.0667716	0.0560467	0.0255491	0.0336207	0.024754	0.00948509	0.0601549
71	0.15294	0.0413936	0.00424259	0.00741394	0.128084	0.00965199	0.0417087	0.0172054	0.00967041	0.118817	0.182607	0.00495276	0.00307245	0.0202088	0.0135407	0.0197199	0.0905608	0.033928	0.00179999	0.0984827
72	0.177582	0.000689823	0.137232	0.2574	0.0010364	0.0426689	0.0263103	0.000410821	0.0485782	0.00915338	0.000888079	0.0325336	0.0296957	0.058087	0.0705138	0.0525622	0.040709	0.0104088	0.000125891	0.00341387
73	0.00921775	0.044332	0.140174	0.116311	0.0124476	0.00346498	0.0893662	0.00192225	0.0368797	0.00372983	0.00226317	0.0155971	0.00109283	0.136941	0.286087	0.0162426	0.0661249	0.00440678	0.00104047	0.0123583
74	0.0700107	0.00417731	0.00944622	0.051943	0.042802	0.108673	0.0954755	0.00437299	0.101081	0.0283656	0.00489856	0.00631923	0.0259215	0.155542	0.213801	0.0108077	0.0102399	0.0288823	0.00293265	0.0243076
75	0.164831	0.00194319	0.027237	0.0934644	0.0125034	0.0154967	0.0155047	0.0266251	0.0255553	0.0355598	0.0139574	0.00216559	0.287386	0.0423517	0.123301	0.0185034	0.00669789	0.0557638	0.00997316	0.0211787
76	0.0276557	0.00383156	0.000366206	0.00319477	0.0421453	0.00255778	0.00814754	0.0841538	0.00599564	0.507496	0.093868	0.00068397	0.000867317	0.0105956	0.0122096	0.00409223	0.0145142	0.164784	0.00530628	0.00753394
77	0.176161	0.00852948	0.00373411	0.00912245	0.0577022	0.00709619	0.22925	0.0135394	0.00825187	0.138862	0.0131801	0.00459135	0.00255145	0.149924	0.0243846	0.0566128	0.016593	0.0124855	0.00198292	0.0654465
78	0.0592366	0.0806298	0.383071	0.0575988	0.00551487	0.0459737	0.0437309	0.0063574	0.00762014	0.0115771	0.0342402	0.0158364	0.00382048	0.0772897	0.0166942	0.0563415	0.0465623	0.0396395	0.0028138	0.0054516
79	0.0735264	0.0428911	0.000740173	0.00369293	0.00245516	0.00448689	0.00189952	0.137886	0.00636209	0.0751924	0.0191629	0.000911616	0.00404471	0.00126592	0.00306448	0.00415643	0.0985465	0.506793	0.00422421	0.00869814
80	0.026806	0.00293773	0.000368522	0.00301083	0.0466403	0.00247798	0.0090015	0.0677855	0.00650766	0.510164	0.101901	0.000445973	0.000920891	0.0101682	0.0104875	0.00438916	0.0135336	0.16867	0.0053639	0.00841861
81	0.117484	0.00326214	0.0142468	0.0201035	0.00143331	0.0348981	0.0220425	0.0419989	0.00221374	0.00300856	0.00241114	0.0752685	0.0093118	0.0384386	0.004146	0.193782	0.30738	0.104883	0.00076376	0.0029241
82	0.765547	0.0559815	0.00171814	0.00132387	0.00106403	0.0552903	0.00142093	0.00283013	0.00115849	0.0025605	0.00388924	0.000504539	0.00031603	0.00101651	0.000950829	0.055094	0.0218225	0.0267721	0.000184811	0.000554965
83	0.0264253	0.0121346	0.000166222	0.000402284	0.0221851	0.00318862	0.002398	0.319284	0.00109104	0.313539	0.0343119	0.000238492	0.00165534	0.00503913	0.000529468	0.00258695	0.0187061	0.232741	0.00196066	0.00141715
84	0.0347573	0.001312	0.00797878	0.0256399	0.000885646	0.0157242	0.0322267	0.00469953	0.0538092	0.00904942	0.00415158	0.0173177	0.00419248	0.0698484	0.672062	0.0277345	0.00810917	0.0061259	0.00307569	0.00129971
85	0.0585529	0.00301935	0.0214731	0.159188	0.00259397	0.00485315	0.193782	0.00355144	0.0221757	0.155515	0.00313316	0.0826316	0.00216112	0.0422817	0.0478949	0.0434795	0.045748	0.0869086	0.00287304	0.0181847
86	0.118045	0.00286186	0.121366	0.292089	0.0090366	0.00689219	0.0413532	0.0145302	0.040282	0.0355475	0.00968092	0.00902978	0.000946809	0.0671828	0.110743	0.0385439	0.0346775	0.0430659	0.000331083	0.00379498
87	0.0277154	0.00928833	0.000612426	0.00189385	0.0266521	0.00282909	0.00550951	0.257555	0.00261785	0.318602	0.0873133	0.00165626	0.00296901	0.0234547	0.00863759	0.0050626	0.0236623	0.188474	0.00233924	0.00315532
88	0.394962	0.0228633	0.0105747	0.0292776	0.0190095	0.0316613	0.036213	0.0285397	0.0361269	0.0458471	0.0313765	0.00749167	0.00166243	0.0358435	0.0766119	0.0645433	0.0239534	0.0715202	0.00847972	0.0234425
89	0.0930508	0.00425576	0.0317453	0.0700299	0.00201435	0.0345757	0.0390904	0.0068042	0.0487272	0.021492	0.00799042	0.0342332	0.0005316	0.115694	0.386751	0.0532803	0.0295353	0.0118417	0.00604976	0.00230697
90	0.00756236	0.0138252	0.00180808	0.0044504	0.0154429	0.00318552	0.00345266	0.128228	0.0143063	0.553394	0.0166646	0.00243774	0.00147627	0.00479541	0.14463	0.0169679	0.0322637	0.0317825	0.0011828	0.00214361
91	0.472867	0.0046504	0.00569856	0.020243	0.00486187	0.0441829	0.00684214	0.00666082	0.00584686	0.100934	0.0347265	0.00312057	0.00205048	0.00982293	0.0260112	0.062265	0.0607755	0.0749906	0.0491558	0.00429364
92	0.0234331	0.0109943	0.000171974	0.000344396	0.021178	0.00287924	0.00216918	0.317973	0.000890385	0.336162	0.035113	0.000264956	0.00136581	0.00450514	0.000432135	0.00234282	0.0168811	0.219579	0.00195021	0.00137129
93	0.296429	0.00155004	0.0839878	0.199188	0.00325439	0.0372598	0.0246207	0.00457024	0.0288047	0.0153378	0.000837899	0.0108316	0.0196696	0.0474254	0.0727085	0.0594113	0.0635708	0.0240757	0.000196818	0.0062698
94	0.212984	0.00234584	0.00328727	0.142359	0.0019852	0.0178302	0.00520935	0.0029186	0.0175263	0.00464212	0.00300756	0.22313	0.00145741	0.0753034	0.2118	0.0203174	0.0459004	0.00490499	0.000896859	0.00219414
95	0.244647	0.00180132	0.00139287	0.00284632	0.00138656	0.0332239	0.00260079	0.00248853	0.00215942	0.00289399	0.00133816	0.00180989	0.000995478	0.00299531	0.0181419	0.353762	0.319705	0.00408628	0.000549465	0.00117615
96	0.138513	0.0193638	0.00160207	0.00276834	0.0139258	0.0254866	0.0161554	0.0464762	0.00254658	0.20357	0.070316	0.0133274	0.00292386	0.0586983	0.0434042	0.0158387	0.0190213	0.302979	0.00125515	0.0018294
97	0.134138	0.00410813	0.0856821	0.253038	0.0102362	0.00331489	0.0399036	0.0214903	0.0458931	0.0431228	0.0101543	0.0114369	0.000682471	0.0530256	0.142931	0.0375166	0.0393114	0.0576149	0.000482801	0.00591737
98	0.0137738	0.0062603	0.000185919	0.000455402	0.0229931	0.00155867	0.00175132	0.288469	0.000756645	0.442623	0.0451136	0.000479486	0.000706975	0.00287604	0.00103555	0.00152727	0.00860917	0.156498	0.00123938	0.003088
99	0.614856	0.00516574	0.00621623	0.00474043	0.0106743	0.0351599	0.00208512	0.00373396	0.00206175	0.0603467	0.00919565	0.0016967	0.00136712	0.00502142	0.00505155	0.104318	0.0325579	0.0881678	0.00590099	0.00168267
100	0.043411	0.00945567	0.00976875	0.0908128	0.068757	0.0632029	0.103851	0.0101159	0.0134002	0.0925038	0.0120341	0.00940748	0.139035	0.0329406	0.0218475	0.0215658	0.0162149	0.0617726	0.00480266	0.1751
101	0.0731791	0.00156488	0.0533127	0.159337	0.0062172	0.0355012	0.0614797	0.00166338	0.0801218	0.0129523	0.00792706	0.022853	0.00096329	0.211145	0.200012	0.0242852	0.0225911	0.0136529	0.00347369	0.0077675
102	0.0132649	0.00348018	0.00202895	0.0105617	0.123443	0.00986866	0.076971	0.0812764	0.00268173	0.238514	0.165766	0.0148641	0.0271972	0.0109274	0.00424928	0.00546246	0.00760637	0.0547336	0.00112998	0.145973
103	0.0873002	0.00341083	0.0139855	0.0211141	0.00134542	0.063563	0.0045343	0.00759665	0.00793733	0.0112329	0.0031004	0.00317019	0.698328	0.011595	0.0162389	0.025839	0.00838427	0.00830332	0.00157756	0.00144303
104	0.189153	0.000666233	0.146946	0.26758	0.00141384	0.0356195	0.0297169	0.000310177	0.0435134	0.00838005	0.000280615	0.0263175	0.0418833	0.0507834	0.0573099	0.0462156	0.0390487	0.0122874	0.000115395	0.00245989
105	0.0528519	0.00130786	0.00144016	0.017027	0.109568	0.0110531	0.177441	0.0115157	0.0019241	0.0890364	0.00195101	0.0102451	0.00122713	0.00280544	0.0393303	0.0546375	0.0502823	0.0137831	0.158914	0.19366
106	0.0113035	0.00414259	0.00100188	0.00350612	0.0428885	0.00174379	0.00750541	0.0945774	0.00619908	0.618458	0.104405	0.0037681	0.000929019	0.00531591	0.00745888	0.00320068	0.0121716	0.0600948	0.00196915	0.00936061
107	0.195865	0.00417407	0.0616681	0.19023	0.0054844	0.0183869	0.0305469	0.0206489	0.0413801	0.0294198	0.00542725	0.0067848	0.00384264	0.0477312	0.146901	0.0498501	0.0753286	0.0532323	0.00374129	0.00935665
108	0.0633827	0.00164527	0.0375868	0.164922	0.0154547	0.0263366	0.0996743	0.00125834	0.0918711	0.00838921	0.0107436	0.0117227	0.00306046	0.213727	0.175665	0.0164095	0.0156023	0.0239616	0.00760055	0.0109861
109	0.0469278	0.0194623	0.00197262	0.0611845	0.0487437	0.00583446	0.0384086	0.0352775	0.0545624	0.322823	0.0824878	0.0042084	0.00110901	0.0628831	0.0644362	0.0130998	0.0139374	0.0190769	0.0300854	0.0734796
110	0.125894	0.034587	0.00132353	0.00248133	0.00122938	0.00232664	0.00241787	0.0108676	0.00169981	0.0051012	0.00183716	0.00168322	0.00101636	0.00298662	0.00307916	0.0395081	0.39624	0.363578	0.000643598	0.00149965
111	0.0360242	0.00233879	0.0176581	0.00484422	0.00189028	0.00328607	0.00437424	0.0565866	0.0219049	0.128739	0.0155191	0.0150013	0.00207359	0.318126	0.17186	0.00562561	0.117962	0.0690502	0.00128435	0.00585154
112	0.00948451	0.00502571	0.000217302	0.000362449	0.014772	0.00101684	0.000830795	0.291849	0.000462224	0.495273	0.0410559	0.000548915	0.000433477	0.001804	0.000511859	0.000989592	0.00585491	0.126314	0.000812939	0.00238097
113	0.140875	0.000403971	0.173707	0.298704	0.0017878	0.0292609	0.0397758	0.00118623	0.0366942	0.014336	0.00208335	0.0197597	0.0193487	0.0656454	0.0673498	0.0420949	0.035491	0.00974377	0.000123364	0.00163022
114	0.0396276	0.0092858	0.0227321	0.0653288	0.0209918	0.00195697	0.318856	0.0012227	0.0877059	0.00211004	0.00810563	0.0480796	0.000803617	0.0455787	0.0905228	0.0405347	0.0271457	0.00271505	0.00988153	0.156815
115	0.0255124	0.00103169	0.127878	0.711201	0.00117321	0.0144176	0.00507406	0.0013528	0.00553717	0.00302697	0.00145842	0.00534532	0.00341755	0.0514474	0.0121993	0.00487398	0.0116143	0.00988672	0.0023792	0.00117203
116	0.0029594	0.0158388	0.000556308	0.00510138	0.679776	0.00131572	0.0143171	0.0100861	0.00100815	0.0946029	0.0204625	0.000813369	0.000869466	0.00405054	0.00140768	0.00170659	0.00531187	0.0105385	0.0204166	0.108861
117	0.259197	0.00560917	0.0750507	0.170167	0.00470362	0.0972601	0.0147742	0.00456213	0.102337	0.00256861	0.00116778	0.0315317	0.000876938	0.023825	0.105564	0.0531914	0.0439694	0.00203974	0.000375116	0.00122976
118	0.0245104	0.0113314	0.000167871	0.000328942	0.0229112	0.00297788	0.00220747	0.317486	0.000965992	0.330766	0.0360762	0.000257609	0.00145934	0.00462803	0.00042931	0.00246254	0.0162951	0.221634	0.0017174	0.00138784
119	0.0164518	0.00801745	0.00125644	0.00044017	0.00520788	0.000506053	0.00160378	0.304212	0.00057497	0.0487997	0.0132766	0.00100175	0.000409003	0.000454125	0.00226957	0.00220969	0.0182207	0.574477	0.00016391	0.000447574
120	0.263857	0.00473538	0.0641934	0.185583	0.00557191	0.102334	0.0186575	0.00576671	0.0976255	0.00278968	0.000747063	0.0242375	0.0011724	0.0209788	0.0993801	0.0523425	0.0445857	0.00369779	0.000401572	0.00134228
121	0.0901951	0.00065195	0.106913	0.198185	0.000462492	0.0556993	0.0126406	0.00066913	0.0949077	0.0118384	0.00619281	0.0452797	0.000642624	0.123784	0.143494	0.0549964	0.0453272	0.00187953	0.000210226	0.00603155
122	0.0195115	0.0236539	0.00131952	0.0263021	0.00976711	0.002269	0.0510679	0.00228024	0.0811195	0.633778	0.0356464	0.00158633	0.000828853	0.0143559	0.0831599	0.00318129	0.00311774	0.00241182	0.00132094	0.00332182
123	0.0366331	0.00377968	0.10822	0.0530362	0.000481723	0.277845	0.0295151	0.00413339	0.0829134	0.00132791	0.000567564	0.109626	0.00659278	0.0701251	0.125452	0.0524955	0.0293263	0.00716754	0.000264085	0.000496723
124	0.00304778	0.0160393	0.000548309	0.00573513	0.70067	0.0014646	0.0170333	0.00638203	0.000911272	0.0633203	0.0137412	0.000766314	0.00131586	0.00387341	0.00149345	0.00167005	0.00508918	0.00978867	0.0218521	0.125257
125	0.452569	0.00342847	0.0631795	0.19583	0.00310851	0.0454287	0.020934	0.00311226	0.0126793	0.0117401	0.00292525	0.00609685	0.106231	0.00666953	0.00767522	0.0145246	0.0183762	0.0222288	0.00127717	0.00198495
126	0.27354	0.0538368	0.0551019	0.0214601	0.0227816	0.0789417	0.0916661	0.00352888	0.0148868	0.00357709	0.0129041	0.0371925	0.048783	0.00485914	0.026455	0.130396	0.0295769	0.00981815	0.00070551	0.0799883
127	0.00141085	0.000409552	0.000418355	0.000721158	0.129583	0.000689882	0.00391136	0.00059314	0.000534399	0.00567683	0.00524925	0.000472265	0.000338314	0.00312615	0.000940767	0.0008507	0.00349469	0.00570094	0.0259781	0.8099
128	0.00435769	0.0142838	0.000881445	0.0056839	0.687994	0.00173378	0.015562	0.01084	0.00136109	0.0738582	0.0159842	0.0013624	0.000984546	0.00397753	0.00247771	0.0027961	0.00647754	0.0121638	0.0209774	0.116243
129	0.00824121	0.0040778	0.000276903	0.000643364	0.0176208	0.000902995	0.00104558	0.255638	0.000638928	0.548228	0.0477841	0.00074502	0.000437044	0.00242075	0.00142022	0.00116495	0.00542278	0.100326	0.000710755	0.00225451
130	0.070389	0.0146443	0.000827416	0.00141225	0.00575714	0.00201694	0.00209444	0.225828	0.00235425	0.0828746	0.0186404	0.000765562	0.00381045	0.00232532	0.0023641	0.0105102	0.046379	0.502494	0.00153897	0.00297383
131	0.0442239	0.0138563	0.0014545	0.0029599	0.0474936	0.00459597	0.0305019	0.190866	0.00362052	0.173828	0.0727799	0.00311829	0.0122121	0.00652856	0.00667306	0.0083452	0.0350802	0.297123	0.00337214	0.0413676
132	0.0397426	0.00983943	0.0229377	0.0646317	0.0205729	0.00199866	0.318005	0.00129079	0.0838585	0.00216149	0.00768652	0.0490558	0.000863903	0.0442395	0.0885167	0.0394072	0.027089	0.0026382	0.0129321	0.162533
133	0.140373	0.00063407	0.170976	0.288711	0.00201306	0.0335385	0.0361993	0.0015624	0.04166	0.0132005	0.00220909	0.0197756	0.0187747	0.0656817	0.0703872	0.0452917	0.0368433	0.0102666	0.000131294	0.00177089
134	0.0258528	0.0117831	0.000163354	0.00035038	0.0223535	0.00315606	0.00239456	0.31929	0.000993837	0.317659	0.0347749	0.000243835	0.00155223	0.00495417	0.000464436	0.00257891	0.0176306	0.230608	0.00188492	0.00131075
135	0.0836724	0.0592742	0.000875752	0.00621278	0.00355287	0.00559653	0.00196145	0.145918	0.0111332	0.104011	0.0349257	0.00100928	0.00827536	0.00276376	0.00505565	0.00377177	0.103708	0.396016	0.00853548	0.0137313
136	0.0930508	0.00425576	0.0317453	0.0700299	0.00201435	0.0345757	0.0390904	0.0068042	0.0487272	0.021492	0.00799042	0.0342332	0.0005316	0.115694	0.386751	0.0532803	0.0295353	0.0118417	0.00604976	0.00230697
137	0.00156641	0.0119649	0.000400202	0.00567581	0.735412	0.000652645	0.0159763	0.005948	0.000517367	0.042407	0.0059929	0.000530136	0.000337188	0.00265827	0.000906174	0.00104139	0.00323423	0.00983008	0.0235375	0.131412
138	0.586621	0.150099	0.00243858	0.00346878	0.00281407	0.070373	0.00466675	0.00594907	0.00260934	0.00552533	0.0118884	0.00180311	0.00128058	0.00697738	0.00446246	0.0487223	0.0480217	0.0384762	0.000636428	0.00316715
139	0.0231352	0.000409701	0.00359655	0.0209999	0.000395241	0.00719253	0.0246339	0.0055142	0.0784556	0.00525437	0.00350296	0.0138473	0.00582993	0.0611622	0.711665	0.0189487	0.00552556	0.00589631	0.00341873	0.000616627
140	0.214007	0.144634	0.00986825	0.0132051	0.0704153	0.0476791	0.0523394	0.0478613	0.0148245	0.0231415	0.0147245	0.0105753	0.00663629	0.015635	0.02686	0.0580061	0.0212059	0.094393	0.00379905	0.11019
141	0.134232	0.010871	0.028599	0.0640428	0.00516544	0.040511	0.0301095	0.00904508	0.0341778	0.0193244	0.00829109	0.0301965	0.017654	0.210395	0.136879	0.154036	0.0406328	0.0159323	0.00321735	0.00668702
142	0.0364833	0.00049552	0.00228603	0.00774357	0.000817638	0.909057	0.001766	0.000602206	0.00233149	0.00108582	0.00247506	0.00289179	0.00116302	0.0025451	0.00398625	0.0188253	0.00297909	0.00100903	0.000216293	0.00124071
143	0.0228027	0.000795019	0.00552524	0.0227855	0.000806541	0.00986885	0.0251516	0.00578032	0.065519	0.00732242	0.0045976	0.0114024	0.00764213	0.0524565	0.718086	0.018509	0.00841841	0.00618126	0.00468198	0.00166752
144	0.0364208	0.000433801	0.00278946	0.00712101	0.00101939	0.909604	0.00209183	0.000632454	0.00261145	0.000941034	0.00188341	0.0026658	0.000505028	0.00237158	0.004843	0.0190677	0.00292686	0.00106708	0.000224811	0.000779209
145	0.26633	0.0187947	0.00897858	0.0125985	0.00292883	0.0469523	0.0116376	0.00610225	0.00649289	0.00892838	0.00427496	0.0248338	0.00827852	0.0182298	0.0148957	0.442219	0.0764897	0.016206	0.00169032	0.00313872
146	0.508368	0.013107	0.00477628	0.00847426	0.00160989	0.0535449	0.00351073	0.00348909	0.00225705	0.00473167	0.00186747	0.0156058	0.00262199	0.0118935	0.00545971	0.304687	0.0378809	0.0140539	0.000499895	0.00156115
147	0.306195	0.0424878	0.00253195	0.00343073	0.00945872	0.0139228	0.00437394	0.0817604	0.00305706	0.0452834	0.0246662	0.00223128	0.0196605	0.00843244	0.00532909	0.023861	0.0346529	0.363153	0.0016017	0.00391034
148	0.119652	0.0110661	0.123047	0.0342791	0.00351296	0.05951	0.0445813	0.0127963	0.00749451	0.00984062	0.00973465	0.139265	0.0143942	0.0236307	0.0211151	0.215953	0.114352	0.0254613	0.00174616	0.00856804
149	0.043875	0.00748174	0.0119651	0.0122334	0.00661405	0.0249372	0.0190781	0.0115841	0.0087884	0.0551638	0.0101884	0.0143804	0.00966146	0.0193027	0.0192671	0.581006	0.117227	0.0178291	0.00270721	0.00670974
150	0.201821	0.00156338	0.000595643	0.000947264	0.00195385	0.00166251	0.00121407	0.208203	0.000725285	0.0440554	0.0159644	0.000680363	0.00696727	0.00458646	0.00133343	0.038951	0.0329236	0.434662	0.000344189	0.000844916
151	0.0169713	0.00789818	0.00123172	0.00033378	0.00501396	0.000340786	0.00138133	0.279313	0.000451522	0.0520356	0.012273	0.000874561	0.000278083	0.000355236	0.00201109	0.00202302	0.018121	0.598624	0.000114108	0.000354598
152	0.367891	0.192941	0.00309692	0.00401976	0.0132955	0.052019	0.00745925	0.0247779	0.00414352	0.0294983	0.0238261	0.00365303	0.00221966	0.0103743	0.00794342	0.0292373	0.0467524	0.16675	0.00125582	0.00884497
153	0.00141085	0.000409552	0.000418355	0.000721158	0.129583	0.000689882	0.00391136	0.00059314	0.000534399	0.00567683	0.00524925	0.000472265	0.000338314	0.00312615	0.000940767	0.0008507	0.00349469	0.00570094	0.0259781	0.8099
154	0.320098	0.132838	0.00124402	0.00195319	0.016337	0.0181101	0.00201744	0.0442274	0.00257793	0.0704138	0.0400918	0.00123777	0.000742656	0.0135476	0.00294201	0.0092718	0.0142536	0.303959	0.000608837	0.00352692
155	0.0207556	0.0088711	0.00074076	0.00147299	0.0176546	0.0027735	0.00308113	0.270164	0.00226187	0.421842	0.044357	0.00104055	0.00144687	0.00585361	0.00589215	0.00374182	0.0230478	0.160004	0.00200761	0.00299087
156	0.0123421	0.000735153	0.0275072	0.039582	0.00828153	0.779401	0.0152162	0.000798249	0.022569	0.00126581	0.000956846	0.0123387	0.000446505	0.0185051	0.047071	0.0019528	0.00483037	0.00133047	0.000345008	0.00452455
157	0.0161067	0.00813283	0.00119938	0.000340966	0.00494631	0.000365971	0.00130759	0.281614	0.00047006	0.0554418	0.0128013	0.000956246	0.000280049	0.000367803	0.00214216	0.00208691	0.0181208	0.592871	0.000109882	0.000338846
158	0.0747613	0.0844419	0.00668709	0.00563785	0.00353924	0.00646765	0.0160194	0.0108166	0.00594447	0.0269782	0.00910135	0.00672684	0.00201345	0.0113807	0.0234388	0.163331	0.486014	0.0524496	0.00103572	0.00321479
159	0.309659	0.0129438	0.101797	0.164998	0.00438523	0.0489792	0.0394155	0.00252986	0.0308035	0.00850344	0.00282149	0.0234902	0.0333736	0.024311	0.0351316	0.0804903	0.0385897	0.0250342	0.000525456	0.0122175
160	0.177257	0.0020829	0.000837432	0.00125807	0.00244702	0.00153046	0.00156814	0.237166	0.000710392	0.0414909	0.013329	0.000754583	0.010232	0.00448584	0.0015261	0.0332838	0.0278603	0.440932	0.000361982	0.000886832
161	0.00485889	0.000504399	0.808214	0.0722378	0.000404951	0.00924451	0.000948695	0.000619509	0.000579142	0.000911297	0.000591328	0.0682991	0.00327364	0.00104069	0.00911867	0.007398	0.00418314	0.000981793	0.000247772	0.00634295
162	0.0510267	0.00517907	0.003113	0.00227226	0.000435209	0.00216068	0.000782521	0.0107021	0.000556011	0.0129863	0.000584449	0.00206274	0.878957	0.000906087	0.00102286	0.0140596	0.00110726	0.0102924	0.00126542	0.000527986
163	0.0369997	0.00370242	0.108038	0.0542927	0.000492124	0.273288	0.0293956	0.00418503	0.0831058	0.00133974	0.000614019	0.110295	0.00658269	0.0709422	0.126103	0.0524264	0.0302381	0.00717967	0.000260719	0.000519
164	0.0198167	0.00244343	0.000855074	0.00343973	0.0253924	0.00190528	0.0104138	0.0369986	0.00419637	0.637843	0.102859	0.00375478	0.00085142	0.00699181	0.00731611	0.00367447	0.0266811	0.0947892	0.00321117	0.00656672
165	0.0486021	0.0107818	0.00163927	0.00332971	0.0507893	0.00552577	0.0266531	0.167272	0.00306394	0.239663	0.047852	0.00703584	0.0559519	0.0151064	0.00859986	0.0247788	0.0348802	0.228627	0.00433376	0.0155144
166	0.0156114	0.00740613	0.000324508	0.000590394	0.05656	0.00259354	0.00595957	0.255357	0.00114153	0.392029	0.0749672	0.0010746	0.00173583	0.0037855	0.00151694	0.00283011	0.00976205	0.156627	0.00140287	0.00872469
167	0.294038	0.00275886	0.0996542	0.234607	0.00221301	0.061682	0.0192932	0.0038195	0.027015	0.0113176	0.00126595	0.0129858	0.0236924	0.0312256	0.0446256	0.0531306	0.0521676	0.0194309	0.00132082	0.00375549
168	0.0217748	0.00246988	0.00655344	0.0178278	0.00101515	0.0106707	0.0281519	0.00467921	0.0661462	0.00789543	0.00418718	0.0118729	0.00824661	0.0518908	0.719205	0.0180088	0.00655763	0.00587482	0.00436088	0.00261098
169	0.00183829	0.0128217	0.000461882	0.00549962	0.730808	0.000980696	0.0156051	0.00595475	0.000645193	0.0460903	0.00800405	0.000811815	0.000369721	0.00292573	0.00100139	0.00159963	0.00371955	0.00964934	0.0229926	0.12822
170	0.00876424	0.00457024	0.00020011	0.000388422	0.0146076	0.000984033	0.00092046	0.279806	0.000470236	0.513626	0.044	0.000571791	0.000396995	0.00195464	0.000700991	0.00109014	0.00532456	0.118651	0.00078915	0.00218364
171	0.185461	0.0178534	0.0222045	0.0118394	0.00702341	0.0843571	0.048169	0.00340346	0.031188	0.00551288	0.00545949	0.0663239	0.0515014	0.0207522	0.0533248	0.325811	0.0264605	0.00827591	0.000672384	0.0244063
172	0.128884	0.001884	0.0398521	0.248743	0.00294643	0.00424041	0.00454254	0.00433955	0.0975179	0.0186534	0.0277118	0.00253865	0.0821793	0.0316474	0.229595	0.0319831	0.0180264	0.0201919	0.00123509	0.00328856
173	0.154763	0.00315507	0.0227687	0.106283	0.0107968	0.0151418	0.016009	0.0212021	0.0336079	0.0396676	0.0113287	0.00357277	0.285986	0.0343173	0.104939	0.0203422	0.0116186	0.054452	0.021352	0.0286962
174	0.0527381	0.00509779	0.00365325	0.00357314	0.000490062	0.00429203	0.000949685	0.0104396	0.00103334	0.0129194	0.000703779	0.00208239	0.870731	0.00137888	0.00183213	0.014404	0.00134917	0.0101394	0.00147152	0.000720929
175	0.00652129	0.00155888	0.7966	0.0743538	0.000526638	0.00994116	0.00188247	0.000904317	0.000872813	0.00145899	0.000885045	0.0666281	0.00344721	0.00260796	0.0102259	0.00873912	0.00469167	0.00167271	0.000267541	0.00621492
176	0.0361334	0.00806722	0.00318352	0.00981763	0.0132158	0.00483409	0.00614929	0.420958	0.00531375	0.170143	0.052569	0.00395585	0.00451617	0.0123739	0.0152967	0.00968455	0.0257018	0.191256	0.00193149	0.00489973
177	0.00688505	0.00115668	0.79728	0.0729638	0.000471769	0.01108	0.00182017	0.000672202	0.00135741	0.00141946	0.00119683	0.0668626	0.0033244	0.00243583	0.00956307	0.00834963	0.00511618	0.0014096	0.000284499	0.0063507
178	0.0201497	0.00995389	0.000346299	0.000344303	0.0176805	0.00223842	0.00181549	0.314924	0.000843024	0.305607	0.0317135	0.000389256	0.00105716	0.00350756	0.000787797	0.00215747	0.0152029	0.268395	0.00148624	0.00140009
179	0.00500508	0.000598	0.806528	0.0721428	0.00044516	0.00987475	0.00100321	0.000624274	0.000649695	0.00092021	0.000674072	0.0682394	0.00325616	0.00109333	0.00913235	0.00785504	0.00419425	0.00110263	0.000247761	0.00641342
180	0.0130147	0.00839573	0.00051307	0.00171871	0.174938	0.00199553	0.00626348	0.189934	0.00158165	0.373701	0.0656121	0.00137804	0.00131636	0.00411279	0.00254152	0.00260393	0.00950806	0.11105	0.00422583	0.0255949
181	0.21832	0.00175359	0.136892	0.250468	0.00213362	0.0373582	0.0277814	0.000946511	0.0401018	0.00827231	0.00108656	0.0230337	0.0572262	0.0415061	0.0480909	0.0500773	0.036858	0.0149484	0.000332553	0.00281243
182	0.270394	0.0110326	0.0425918	0.0945145	0.00824112	0.0727365	0.0676917	0.00847334	0.0299761	0.0149551	0.00757742	0.0199568	0.0168897	0.0368601	0.0838765	0.134943	0.0400237	0.0227941	0.00246319	0.0140083
183	0.0656803	0.00357548	0.254618	0.199723	0.00481061	0.0698132	0.0251814	0.0027874	0.0187608	0.0125305	0.00523438	0.00725185	0.00162725	0.131747	0.0938439	0.0610612	0.0196125	0.0186894	0.00084319	0.00260809
184	0.042169	0.00495004	0.0330388	0.0246497	0.0149096	0.00695498	0.0147908	0.0825304	0.0582166	0.139622	0.0189622	0.00895168	0.00299966	0.138199	0.190663	0.0141482	0.0642089	0.0914018	0.00493681	0.0436966
185	0.0197743	0.000905256	0.00272622	0.0183562	0.000739283	0.00804954	0.0256709	0.00505885	0.068253	0.00663586	0.00443741	0.010445	0.00805229	0.0510725	0.736277	0.0165278	0.00611147	0.00554583	0.00397408	0.00138751
186	0.0235912	0.00077411	0.318345	0.51239	0.000901602	0.013136	0.00782695	0.00144958	0.00594761	0.00371491	0.00133919	0.0197888	0.00209545	0.0401828	0.0171407	0.0091536	0.0112937	0.00758725	0.00129342	0.00204778
187	0.129866	0.00207993	0.0133159	0.241861	0.0132745	0.0211515	0.00652594	0.0258495	0.0589329	0.00718841	0.00252457	0.00409436	0.00290438	0.175329	0.108084	0.045629	0.127873	0.00955101	0.00147974	0.00248614
188	0.0537883	0.00712298	0.00106472	0.000472077	0.00432744	0.000511168	0.00138502	0.251947	0.000662486	0.0479278	0.01194	0.000760706	0.00154015	0.00109644	0.00172693	0.00821953	0.0223943	0.582515	0.000122546	0.000474858
189	0.0313606	0.00291419	0.00276718	0.0215427	0.00295174	0.00418716	0.00469839	0.581133	0.00323598	0.086275	0.162665	0.00480663	0.00198859	0.0275104	0.0300344	0.00746178	0.00865106	0.0117394	0.00131805	0.00275816
