978	20
1	0.121931	0.00497099	0.0562524	0.0558596	0.00957105	0.0341106	0.051722	0.00884294	0.0841467	0.108084	0.00823703	0.0745848	0.0731705	0.0798533	0.0470474	0.0540712	0.0663272	0.0191382	0.0182078	0.0238715
2	0.0095744	0.00373154	0.000602389	0.00103805	0.129158	0.0044339	0.00798931	0.0455088	0.00115732	0.616243	0.104284	0.00142329	0.000702481	0.0022943	0.0089291	0.0166536	0.0083753	0.0120574	0.0250022	0.000841824
3	0.0880911	0.0019697	0.00145101	0.0184527	0.0450482	0.0291764	0.00633387	0.176945	0.0141781	0.230985	0.109131	0.0119995	0.00109835	0.0192759	0.0209182	0.0246042	0.0156068	0.163063	0.00355002	0.0181225
4	0.159843	0.00366443	0.086787	0.177243	0.00477086	0.0180773	0.0258701	0.0103412	0.154707	0.0322203	0.00535372	0.0297031	0.00784577	0.0979657	0.0975092	0.0450428	0.0186328	0.0198021	0.000425573	0.00419527
5	0.111667	0.00449123	0.0495852	0.0648904	0.0220471	0.0279475	0.0294381	0.0390783	0.11428	0.0858182	0.0217079	0.0288424	0.0255038	0.0514494	0.105951	0.0627571	0.0629572	0.0761028	0.00126909	0.0142162
6	0.0172105	0.00453612	0.00273641	0.00509566	0.168376	0.0290649	0.0287846	0.0583737	0.00512017	0.440986	0.0923512	0.00534837	0.0028695	0.00829071	0.0427306	0.0346067	0.0129356	0.0145538	0.0165607	0.00946869
7	0.0152468	0.00186743	0.0186733	0.0331568	0.00256273	0.0249215	0.0206643	0.00325474	0.20785	0.0174684	0.00426755	0.15054	0.00156381	0.0635258	0.283551	0.0641441	0.0684679	0.0147515	0.00082251	0.00270065
8	0.0078625	0.00180857	0.000465016	0.000632885	0.637525	0.000744974	0.0179174	0.000772406	0.00354148	0.0313712	0.0165262	0.00626432	0.000410797	0.00230729	0.00181144	0.00133626	0.00198563	0.000934183	0.0596316	0.20615
9	0.0120448	0.00208803	0.00027318	0.000440528	0.0680291	0.00120195	0.0027345	0.116606	0.000478896	0.556205	0.0852539	0.00112881	0.00335159	0.00217328	0.0013067	0.00257692	0.0115591	0.121311	0.00361446	0.00762155
10	0.0484792	0.00192245	0.287368	0.0990606	0.00274917	0.108593	0.00785625	0.00147501	0.0123274	0.00878361	0.00508257	0.14637	0.0350352	0.0605226	0.00489966	0.12106	0.0399016	0.0071985	0.000324441	0.000990958
11	0.159266	0.00490595	0.0542329	0.12862	0.00601452	0.0246794	0.0234309	0.0137125	0.101292	0.029017	0.00860644	0.0238478	0.0161929	0.0805319	0.149151	0.0909091	0.0463942	0.0329826	0.00103701	0.00517641
12	0.0556553	0.000332608	0.205158	0.240686	0.000512829	0.0154058	0.0268476	0.0102493	0.0882022	0.011027	0.000507068	0.0436184	0.00124497	0.0726593	0.0744705	0.0648572	0.0602404	0.0189239	0.000134172	0.00926679
13	0.680127	0.00272511	0.00259002	0.0042935	0.00995802	0.193525	0.00382726	0.00310187	0.0032975	0.00391123	0.0038004	0.0046571	0.00618496	0.00679988	0.0033806	0.020584	0.00796502	0.00432989	0.0321262	0.00281519
14	0.0312307	0.000778612	0.176942	0.606592	0.00138478	0.0121795	0.0106358	0.0018929	0.0183565	0.00484225	0.00313772	0.0137856	0.00364502	0.0438809	0.0162253	0.013247	0.0325396	0.00672219	0.00104193	0.000940142
15	0.0741981	0.000936156	0.155434	0.254568	0.00124065	0.0130962	0.0193136	0.0371886	0.0923947	0.0207098	0.000785035	0.0450511	0.00715769	0.0501452	0.0762282	0.04295	0.0450264	0.0569027	0.000153863	0.00652009
16	0.166406	0.00372825	0.00289769	0.00417433	0.115514	0.178585	0.0145738	0.0191944	0.00436442	0.106232	0.0449049	0.0123162	0.00597795	0.00597557	0.00440938	0.118791	0.0116749	0.127163	0.00132987	0.0517862
17	0.00173615	0.000464664	0.000549989	0.000551568	0.0507747	0.000889857	0.00878218	0.00248466	0.000551603	0.00148102	0.000652382	0.00142325	0.000337711	0.00106285	0.000478465	0.00135529	0.00127971	0.00124234	0.00371205	0.92019
18	0.00106134	0.00286419	0.00125937	0.000496373	0.000234398	0.000389537	0.00505	0.000805573	0.0222105	0.000944608	0.000459108	0.000483747	0.000205146	0.00202183	0.957316	0.000688261	0.00186682	0.000631889	9.71058e-05	0.000914349
19	0.0835482	0.00113436	0.142151	0.0827772	0.0128956	0.0197896	0.00883019	0.0015963	0.077138	0.0102479	0.0140411	0.173291	0.00149054	0.129716	0.032361	0.167528	0.0340014	0.00622547	0.000425661	0.000811854
20	0.00097349	0.0028912	0.0012318	0.000437063	0.000226051	0.0003493	0.00502645	0.000612351	0.0193005	0.000399505	0.000309506	0.000392643	0.000187755	0.0015686	0.962289	0.000673033	0.00166964	0.000446535	8.72828e-05	0.000927983
21	0.00376319	0.00475178	0.000795992	0.000930688	0.213271	0.00149442	0.0458031	0.00133885	0.000943015	0.00336242	0.00163554	0.00145498	0.000669004	0.00561726	0.0052746	0.00617302	0.00224987	0.00153057	0.533128	0.165812
22	0.201078	0.00371338	0.00430166	0.0205498	0.00410377	0.0801338	0.00559754	0.00469592	0.038086	0.0075042	0.00851206	0.0071477	0.00384335	0.137339	0.168023	0.277605	0.013307	0.00975807	0.00164619	0.00305535
23	0.00710478	0.00253144	0.001431	0.000749377	0.200625	0.00267707	0.109198	0.00708214	0.000788594	0.0296736	0.000886118	0.00542586	0.000514342	0.00208314	0.000779374	0.00641575	0.00330617	0.018769	0.00606613	0.593894
24	0.00437871	0.000357513	0.938735	0.0274573	0.000407381	0.00242641	0.000711876	0.000547232	0.00214578	0.000773609	0.000868563	0.0100201	0.000543134	0.00259374	0.00197176	0.00311146	0.00161299	0.000893062	9.40748e-05	0.000350323
25	0.0139752	0.00111806	0.00575864	0.0120714	0.00129391	0.00821207	0.00995552	0.00616565	0.580709	0.0143576	0.00667804	0.0510439	0.00100123	0.021225	0.211748	0.0212453	0.0251834	0.00682297	0.000373211	0.0010625
26	0.0102198	0.00282783	0.000883037	0.0189393	0.00487936	0.00151821	0.000917466	0.153496	0.0151532	0.034702	0.0245983	0.00166354	0.000806613	0.0111156	0.0125197	0.00357254	0.0327557	0.666991	0.00170316	0.000738561
27	0.0867901	0.00863314	0.00273451	0.00473255	0.0377132	0.0101657	0.00374433	0.240604	0.00343301	0.0972579	0.0448185	0.00586948	0.00131316	0.00804738	0.00447839	0.0132912	0.039435	0.375179	0.000966021	0.0107933
28	0.00172428	0.002906	0.00123128	0.00114402	0.000263315	0.00070827	0.00542067	0.000658486	0.0200144	0.000535116	0.000414404	0.000528508	0.000232049	0.00333275	0.95596	0.00110474	0.00215784	0.000648907	8.79604e-05	0.000927193
29	0.0400385	0.0061946	0.00342941	0.00186597	0.00166576	0.0194025	0.00409476	0.00234836	0.00125729	0.00196301	0.00326686	0.012075	0.0129896	0.00287525	0.00193484	0.454959	0.422231	0.00638493	0.000277699	0.00074591
30	0.0284565	0.0109696	0.00229961	0.00258669	0.0030658	0.00593106	0.00656055	0.0065646	0.00303589	0.00880465	0.00806461	0.00975455	0.00370138	0.00405793	0.00244801	0.14623	0.736503	0.00935139	0.000329343	0.00128473
31	0.00380634	0.000864325	0.00113319	0.00177	0.00592266	0.00131545	0.900426	0.00164965	0.00787747	0.00434152	0.00318478	0.0136827	0.00542784	0.0234941	0.00152507	0.00247713	0.00281203	0.00280508	0.000557683	0.0149268
32	0.0176568	0.000337693	0.00327106	0.00205691	0.000630087	0.956914	0.000990455	0.000209421	0.000971741	0.0003662	0.000473711	0.00209194	0.000553433	0.00100391	0.000397785	0.0095278	0.00207666	0.000296042	6.05633e-05	0.000113866
33	0.213208	0.0251586	0.0029565	0.00402702	0.0125807	0.00606574	0.0030646	0.142378	0.00397388	0.0381448	0.0218313	0.00517519	0.00749279	0.00915167	0.00404193	0.0377228	0.0564191	0.396709	0.000465621	0.00943316
34	0.00456947	0.00339989	0.00479638	0.00241329	0.000731927	0.00669896	0.0151827	0.00100861	0.00173883	0.00234865	0.00105083	0.89497	0.0022368	0.00442508	0.000844089	0.036926	0.0130305	0.00214132	0.000552563	0.000934415
35	0.0446514	0.678238	0.00429031	0.008743	0.0102407	0.0255423	0.00830025	0.0158098	0.00698101	0.0134003	0.00845257	0.0105538	0.00707727	0.0112883	0.012917	0.0193988	0.0604307	0.0414909	0.00212195	0.010071
36	0.0311256	0.0116398	0.0039142	0.0109371	0.00292796	0.00464972	0.00673067	0.00527372	0.00290802	0.00669719	0.00676355	0.00634431	0.00292356	0.00492535	0.00473595	0.141121	0.733487	0.0113125	0.000296117	0.00128632
37	0.0155259	0.000151729	0.000861776	0.000437381	0.000555383	0.968638	0.000647126	0.000183706	0.000958588	0.00031506	0.000229481	0.00180187	0.000147169	0.000301353	0.000219512	0.00737593	0.00121926	0.000257774	6.22243e-05	0.000110558
38	0.0606782	0.00181337	0.0105468	0.00891059	0.00349035	0.751634	0.00399015	0.00120224	0.00230644	0.00156864	0.00491157	0.0120695	0.00334693	0.00945855	0.00116155	0.103208	0.0169021	0.00175624	0.000456704	0.00058793
39	0.0296979	0.731905	0.00361734	0.0082309	0.00489726	0.0266295	0.00613207	0.0128888	0.00528811	0.0115804	0.00800778	0.00762028	0.00465034	0.00907142	0.00718919	0.0162895	0.0591691	0.040009	0.00195114	0.00517466
40	0.118793	0.0115718	0.00537206	0.00514031	0.00752795	0.0204999	0.00464809	0.00465691	0.00386312	0.0028911	0.00343822	0.0188393	0.0104887	0.00786711	0.0041046	0.660283	0.101305	0.00616816	0.000758155	0.00178441
41	0.00238902	0.000880895	0.000423681	0.003248	0.0198469	0.00553486	0.00305148	0.000742277	0.000577137	0.00166069	0.00136639	0.000709492	0.000406579	0.00157058	0.00237178	0.00608489	0.00162238	0.00104814	0.935785	0.0106803
42	0.0771191	0.00168104	0.123793	0.0744008	0.0200949	0.0192514	0.016137	0.00332038	0.102071	0.0133314	0.0225427	0.206145	0.00250822	0.117883	0.0467565	0.111753	0.0298195	0.00818497	0.000569909	0.00263784
43	0.0159301	0.00283029	0.00021672	0.0026385	0.000807949	0.000557393	0.00209933	0.392839	0.000801815	0.0685324	0.00749467	0.00801309	0.00141013	0.00207367	0.00193456	0.0010858	0.00167053	0.488767	8.43671e-05	0.000213323
44	0.00785473	0.00259465	0.000844886	0.000785124	0.244308	0.0026085	0.0850818	0.00871282	0.000808269	0.0357023	0.00102713	0.00365895	0.000558142	0.00164959	0.000866523	0.00595843	0.00232484	0.0205576	0.00448315	0.569615
45	0.0410717	0.0055425	0.00500236	0.0111878	0.00710269	0.00763488	0.00474553	0.186834	0.0101257	0.0569378	0.0253785	0.0069475	0.00340792	0.0112074	0.00815999	0.0121358	0.0389151	0.552311	0.00153381	0.00381846
46	0.0295856	0.00259008	0.0063796	0.0186946	0.00148805	0.0100291	0.00850877	0.00966727	0.611444	0.022389	0.00952282	0.0179616	0.00499612	0.0344347	0.152699	0.0194231	0.0234926	0.0145433	0.000477666	0.00167305
47	0.0388427	0.00121309	0.332796	0.114822	0.00162392	0.0750577	0.0103127	0.00122111	0.016599	0.00427688	0.00499081	0.20262	0.0265105	0.0458344	0.0041007	0.0761205	0.0337314	0.00661831	0.000356253	0.0023523
48	0.0160107	0.000181752	0.00136287	0.000961586	0.000553579	0.964984	0.000699206	0.000189713	0.00103569	0.000337454	0.000299377	0.00188803	0.000245082	0.000509303	0.00034103	0.00811597	0.00185723	0.00027021	6.19026e-05	9.57687e-05
49	0.0242358	0.00189161	0.000354679	0.000874571	0.0170267	0.000915704	0.000887885	0.27624	0.00164498	0.27283	0.0435802	0.00169287	0.00277839	0.00260974	0.00192577	0.00339131	0.0212436	0.320596	0.000130867	0.0051499
50	0.0188381	0.00264903	0.000240151	0.00227605	0.00166622	0.000878771	0.00182484	0.417178	0.00068241	0.0692643	0.0127553	0.00698436	0.00123012	0.0018436	0.00179391	0.00113483	0.00304933	0.455255	9.37158e-05	0.000362826
51	0.308045	0.0112824	0.00104792	0.00185506	0.0013343	0.0151627	0.00152281	0.0105109	0.00162209	0.00311503	0.00301678	0.0023977	0.00192592	0.00956873	0.000918438	0.048035	0.493445	0.0836428	0.000382505	0.00116834
52	0.0188546	0.00762648	0.00338097	0.00291273	0.272346	0.00545365	0.0251726	0.0288787	0.00282006	0.0655592	0.0298796	0.00655488	0.00135301	0.00601471	0.00490116	0.00642411	0.0120811	0.0198404	0.357902	0.122044
53	0.0279068	0.000818417	0.034082	0.802708	0.000824607	0.00726695	0.00713382	0.0034422	0.00882376	0.00519213	0.003727	0.00508577	0.00186807	0.0450909	0.0107715	0.007778	0.022202	0.00429147	0.000316361	0.000670472
54	0.0953859	0.0228235	0.00458467	0.00388789	0.00654806	0.0183418	0.0440809	0.110313	0.00498597	0.0619513	0.0561916	0.113789	0.00186405	0.022862	0.0028979	0.112732	0.234409	0.0702693	0.000474774	0.0116067
55	0.0336118	0.00324748	0.00875737	0.021447	0.0096839	0.00817065	0.0269156	0.0110427	0.0183001	0.0200999	0.0575349	0.0136638	0.0107804	0.653369	0.0187941	0.0184253	0.0229376	0.032935	0.00263193	0.00765118
56	0.287304	0.00373917	0.0137166	0.166098	0.0304404	0.00789432	0.0355901	0.00636782	0.0461343	0.0104129	0.00597885	0.0577371	0.00359647	0.240293	0.0175813	0.0149876	0.0152555	0.00777189	0.00187196	0.0272279
57	0.0216816	0.00641038	0.00347818	0.00694519	0.00575324	0.00560497	0.00859326	0.0531504	0.00297597	0.0967973	0.0150725	0.0801018	0.0051755	0.00601365	0.00301303	0.0341201	0.5642	0.0775332	0.000732975	0.00264697
58	0.00480841	0.000312362	0.891926	0.0273289	0.00159847	0.0037187	0.00224462	0.000574658	0.00106241	0.000907263	0.00107759	0.0424836	0.00249762	0.00422833	0.0020158	0.00477997	0.00555986	0.00114014	0.000227415	0.00150813
59	0.00226243	0.00107157	0.000552698	0.000552849	0.0614364	0.000926272	0.00915834	0.00303514	0.000587573	0.00298282	0.0011473	0.00167656	0.000358546	0.0010895	0.00056026	0.00148805	0.0016512	0.00178963	0.00571972	0.901953
60	0.0222251	0.00124518	0.00105616	0.000668256	0.00139179	0.00653406	0.000505515	0.00131264	0.0023819	0.000548474	0.00130174	0.0039663	0.937938	0.00130967	0.00336427	0.00482619	0.00562451	0.00344642	0.000118384	0.000235296
61	0.0315287	0.00454582	0.0675232	0.101652	0.00254114	0.0346607	0.0147475	0.00447574	0.0175168	0.0352111	0.00447614	0.0253308	0.0477305	0.0357944	0.0800617	0.26694	0.213771	0.00801801	0.000955492	0.00251871
62	0.0818239	0.0363115	0.00444032	0.0103128	0.0607666	0.00805737	0.0125788	0.0534686	0.00517132	0.123704	0.0727574	0.0642094	0.0551251	0.00726181	0.00344702	0.0235258	0.307734	0.0596066	0.00191904	0.0077787
63	0.0564496	0.00253058	0.0010535	0.013791	0.0277679	0.00914039	0.00793076	0.15719	0.0203289	0.305961	0.155097	0.00648062	0.00110468	0.019189	0.0309618	0.0370874	0.0202324	0.0985643	0.00406291	0.025076
64	0.0212584	0.00121271	0.000761361	0.000915572	0.00138438	0.00648787	0.000488088	0.000940565	0.0022425	0.000539898	0.00107721	0.00357352	0.941433	0.00116653	0.00320523	0.00443471	0.0054006	0.00315532	0.000105581	0.000217303
65	0.0365579	0.00120629	0.35259	0.135852	0.00141323	0.0797121	0.0142773	0.00131049	0.0230611	0.00413796	0.00893381	0.148199	0.0396627	0.0408222	0.00752571	0.0615008	0.0288005	0.0127789	0.000797056	0.0008615
66	0.00844833	0.00386353	0.0037268	0.000756372	0.0630383	0.00542327	0.187064	0.00137913	0.000909515	0.00676849	0.000799924	0.0129124	0.000443239	0.00411203	0.000691886	0.00949063	0.00717735	0.00323938	0.0189923	0.660763
67	0.0316333	0.000676328	0.0350962	0.808281	0.000740553	0.00829267	0.00681363	0.00139935	0.00826604	0.00308257	0.00247617	0.00388825	0.000928054	0.0475442	0.00969216	0.00747739	0.0191747	0.00331867	0.000577944	0.000641069
68	0.023149	0.00124403	0.000487183	0.000535944	0.00147156	0.00661953	0.000477599	0.00107701	0.00190358	0.000497308	0.00104907	0.00339833	0.938069	0.0018588	0.00306345	0.00585325	0.0057688	0.00307062	0.0001079	0.000298103
69	0.00111144	0.00289933	0.00124031	0.000550535	0.000257654	0.000380889	0.00546918	0.000694119	0.0209677	0.000543751	0.000353505	0.000482372	0.000227894	0.00215674	0.958327	0.000735885	0.00197558	0.000607099	9.08692e-05	0.000928444
70	0.0159956	0.000132028	0.000568348	0.000242663	0.000548361	0.967792	0.000665152	0.00018962	0.00096053	0.000318897	0.000285253	0.00182418	0.00013215	0.000433346	0.000182223	0.00791905	0.00138064	0.000265948	5.85859e-05	0.000105025
71	0.0332458	0.727921	0.00399343	0.00897146	0.00446653	0.0275685	0.00708647	0.0117161	0.00518325	0.0119913	0.00832536	0.0092664	0.00549132	0.0110746	0.00803616	0.0164627	0.0566383	0.0366899	0.00161569	0.00425608
72	0.215142	0.00835819	0.00213317	0.00284115	0.00844027	0.0229801	0.00256369	0.00208726	0.0024493	0.00606011	0.0126246	0.0037054	0.473855	0.0995674	0.00242316	0.0941361	0.0351048	0.00372095	0.000566786	0.00124077
73	0.002204	0.00559164	0.00178683	0.00102789	0.000725222	0.000734207	0.00629214	0.00111417	0.0194477	0.00163836	0.000741999	0.00113858	0.00106537	0.00287411	0.945846	0.00160975	0.00325283	0.00127769	0.000237931	0.00139377
74	0.0157219	0.000235311	0.00174507	0.00109495	0.000555239	0.966016	0.000644989	0.000240445	0.000950645	0.000330355	0.00023305	0.00182219	0.000227016	0.000416248	0.000319419	0.00751807	0.001476	0.000275938	8.24243e-05	9.5145e-05
75	0.442479	0.0253797	0.00668209	0.00930706	0.0075316	0.0314192	0.0089735	0.105213	0.00971623	0.0349897	0.0219914	0.0134315	0.0102155	0.0140857	0.00842848	0.062019	0.047623	0.13212	0.00188392	0.00651074
76	0.101348	0.00794503	0.00207133	0.000625517	0.00381884	0.016078	0.00100181	0.00213457	0.000715867	0.00102349	0.000726124	0.0114518	0.00870809	0.00105096	0.000602761	0.728651	0.108684	0.00284731	0.000150829	0.000364676
77	0.0712811	0.0590249	0.00354882	0.00975738	0.301875	0.0268506	0.0159889	0.00394925	0.00225991	0.0107307	0.0201069	0.0341075	0.00180984	0.00459108	0.0322084	0.00849416	0.00650565	0.00540506	0.0109051	0.370599
78	0.110928	0.0116525	0.00319206	0.00263136	0.00622458	0.0192676	0.00198956	0.00278106	0.00187729	0.00162593	0.00112383	0.0164335	0.00779031	0.00520376	0.00217065	0.705267	0.0946073	0.00433363	0.0003485	0.000551492
79	0.00255352	0.000895126	0.000424258	0.00328586	0.0154823	0.00559466	0.0018376	0.000736259	0.000584881	0.00172028	0.00157387	0.000712936	0.000410474	0.00177619	0.00231353	0.00608904	0.00194158	0.00104319	0.945247	0.00577749
80	0.00259798	0.00195374	0.000679943	0.000558566	0.0554884	0.0016992	0.0161445	0.00245079	0.000588942	0.00215211	0.000737379	0.00265094	0.000341406	0.00118987	0.000709395	0.00171896	0.00162581	0.00134251	0.0043496	0.90102
81	0.0365091	0.0105266	0.027584	0.0873784	0.0026389	0.00628233	0.0117801	0.161012	0.0281528	0.134364	0.0933291	0.0103299	0.000665348	0.0128	0.057665	0.0483399	0.156317	0.110635	0.00110604	0.00258548
82	0.00207613	0.000534069	0.000715826	0.000532948	0.0512593	0.000924659	0.0149788	0.00248831	0.000560193	0.00169618	0.00066553	0.00195775	0.000363411	0.00118686	0.000486108	0.00178748	0.00157931	0.00133653	0.00424114	0.91063
83	0.121903	0.0116291	0.00591911	0.00749531	0.00714756	0.0229424	0.00351897	0.00332782	0.00222568	0.00310675	0.00241035	0.0168432	0.00828474	0.00480269	0.00225809	0.671285	0.0985053	0.00425394	0.000938829	0.00120126
84	0.135631	0.0106561	0.0110232	0.0114823	0.00796361	0.18901	0.0146759	0.0123544	0.0119609	0.0175737	0.0115826	0.0633654	0.343464	0.0190067	0.0119434	0.0510263	0.04657	0.023298	0.00235733	0.00505446
85	0.0947791	0.0219731	0.00534137	0.00564055	0.0072764	0.018312	0.0476492	0.115755	0.00545357	0.0674289	0.0383881	0.112834	0.00238493	0.0341083	0.00576152	0.0949435	0.204005	0.102858	0.000453606	0.0146541
86	0.00240666	0.00288028	0.00248408	0.002584	0.000362635	0.000989971	0.00562553	0.000876229	0.0223961	0.00127144	0.000611139	0.00103077	0.000245089	0.0044498	0.944969	0.00169243	0.00317299	0.000792444	9.27364e-05	0.0010671
87	0.0168089	0.00257531	0.000274955	0.00257979	0.00212401	0.000645406	0.00176877	0.364566	0.00151158	0.0881387	0.0115534	0.00658662	0.00232998	0.00190819	0.00229736	0.00144108	0.00500481	0.487274	0.000135996	0.000474771
88	0.0223847	0.00171889	0.00239375	0.0130607	0.000905303	0.00623112	0.00764829	0.00879395	0.63338	0.020663	0.00896945	0.0142908	0.000918661	0.0307345	0.18776	0.0104227	0.0158877	0.0126049	0.000298386	0.000933274
89	0.00868937	0.00405532	0.00396859	0.000777183	0.0505928	0.00588641	0.196417	0.000908982	0.000941741	0.00504635	0.000786535	0.0136712	0.000465174	0.0042313	0.000669731	0.00991269	0.00763427	0.00217832	0.0206839	0.662483
90	0.0226219	0.00134451	0.000529333	0.000782935	0.00154279	0.00664729	0.000825232	0.00126431	0.00231431	0.00206921	0.00156766	0.0040334	0.935242	0.00159731	0.0033262	0.00456725	0.00585087	0.00343294	0.000103549	0.000337108
91	0.0644139	0.00920676	0.00155607	0.0024691	0.00429207	0.00307196	0.020918	0.00759292	0.0206344	0.458983	0.307885	0.00434515	0.0017886	0.00442934	0.03304	0.0129101	0.00474089	0.006282	0.000815376	0.0306251
92	0.0683134	0.00100283	0.00048509	0.000820682	0.00760573	0.00785285	0.00125998	0.440148	0.000667688	0.0941603	0.0859015	0.00162259	0.000515534	0.00171158	0.000709159	0.0025096	0.00977354	0.273081	0.000179943	0.00167927
93	0.00138497	0.00288156	0.00138747	0.00119091	0.000287883	0.000584578	0.00556827	0.000648705	0.0292638	0.000645746	0.000403862	0.000840894	0.00018851	0.00237059	0.947157	0.000974203	0.00259045	0.000521484	0.000107634	0.00100115
94	0.175408	0.00389792	0.00563814	0.0238868	0.00366896	0.101666	0.00635441	0.00487747	0.0519154	0.00776893	0.00827002	0.00768015	0.0053566	0.136321	0.159431	0.26697	0.0176944	0.00895929	0.00137086	0.00286472
95	0.129921	0.00504007	0.0544371	0.120796	0.00967106	0.0261643	0.01992	0.0173935	0.10254	0.0562102	0.0141906	0.0265117	0.067494	0.0493237	0.105008	0.0657387	0.0675426	0.0516893	0.00147538	0.00893225
96	0.0226449	0.00365908	0.00314691	0.00459175	0.0464027	0.00711911	0.00615819	0.10309	0.00457206	0.553572	0.108695	0.00443683	0.00341576	0.0097221	0.0069948	0.0108368	0.0151309	0.0742483	0.00662849	0.00493476
97	0.0399548	0.00124026	0.000378917	0.00959101	0.0171485	0.00512776	0.00678757	0.16956	0.00816979	0.438641	0.11447	0.00386672	0.000879685	0.0167494	0.0105898	0.0111619	0.0161821	0.105203	0.00520679	0.0190914
98	0.0707146	0.000744637	0.189742	0.239362	0.000833357	0.0145842	0.0264436	0.00855798	0.0974868	0.0124619	0.000822448	0.0397595	0.00177139	0.0786695	0.0793525	0.0614306	0.0519139	0.017056	0.000128112	0.00816469
99	0.0698409	0.00950299	0.00175337	0.00174119	0.00354598	0.00264649	0.0197243	0.00332917	0.0179496	0.459622	0.321446	0.00384139	0.00155048	0.003966	0.0342285	0.0126994	0.00443593	0.00462416	0.000631946	0.0229197
100	0.00358391	0.00464862	0.000770945	0.00101705	0.201245	0.00145256	0.0430828	0.00123182	0.000866735	0.00257808	0.00125903	0.00125435	0.000668906	0.00560956	0.00547581	0.00620896	0.00210826	0.0014633	0.558706	0.156768
101	0.0355836	0.00207779	0.0037456	0.0236913	0.00280206	0.0068141	0.0240709	0.007172	0.182167	0.0116557	0.0040095	0.00638875	0.00155417	0.183256	0.396874	0.0122841	0.0827176	0.0104074	0.000635191	0.00209335
102	0.166452	0.00060443	0.119979	0.44898	0.00205971	0.0113638	0.00397335	0.00241207	0.0389957	0.00618687	0.00102769	0.0142371	0.00804839	0.0540212	0.0510545	0.00809233	0.037043	0.0218468	0.00312635	0.000495774
103	0.252837	0.00286732	0.0533144	0.260089	0.0131043	0.0183568	0.0127157	0.004772	0.0997178	0.0118706	0.00384783	0.0161572	0.0123334	0.0780469	0.0724733	0.0228674	0.041744	0.0179748	0.0014235	0.00348727
104	0.0207522	0.00106979	0.0017442	0.00878162	0.00167379	0.00413118	0.00514275	0.0196329	0.541271	0.0536551	0.010266	0.00891491	0.00102057	0.0183171	0.254432	0.00993694	0.0166417	0.0212861	0.000468526	0.000861501
105	0.0462063	0.00162066	0.371934	0.1051	0.00155989	0.0728307	0.00632757	0.0011442	0.0119303	0.00528826	0.00488813	0.151081	0.0276373	0.0437887	0.00482574	0.0980378	0.0379547	0.00647605	0.000309203	0.001059
106	0.0356309	0.00203904	0.00106603	0.00210403	0.00173153	0.00831427	0.00105178	0.00176061	0.00441052	0.00164518	0.0022498	0.00606897	0.899487	0.0031506	0.0075352	0.00778264	0.00915672	0.00426478	0.00014497	0.000405865
107	0.019007	0.00161246	0.000328421	0.00387196	0.0053435	0.00120096	0.00116672	0.295788	0.00430821	0.0869489	0.0245239	0.00380509	0.000997006	0.00244323	0.00385023	0.00253811	0.0162665	0.523829	0.000668319	0.00150229
108	0.204829	0.00119268	0.165783	0.330248	0.00178527	0.0121184	0.0163044	0.0090012	0.012054	0.0657462	0.00270285	0.0369552	0.00163813	0.0526112	0.00526061	0.0232519	0.040426	0.0162427	0.000652647	0.00119636
109	0.75189	0.0111521	0.00296061	0.00361462	0.00236535	0.066296	0.00241767	0.00463635	0.00262389	0.00287964	0.00534223	0.00515684	0.00710373	0.00435433	0.0032682	0.0886352	0.0129281	0.0193161	0.00197231	0.00108684
110	0.0028476	0.00196814	0.000525031	0.00229311	0.0904872	0.00424998	0.0157104	0.00217196	0.000625506	0.00311993	0.00154832	0.00100717	0.000478102	0.00266212	0.00372508	0.00576909	0.00189876	0.00183781	0.79851	0.0585647
111	0.424591	0.00303411	0.0121881	0.0735486	0.0020955	0.0856065	0.0158508	0.00201283	0.0900115	0.00403915	0.00823739	0.00307376	0.0168031	0.0965166	0.0843346	0.0219876	0.0492567	0.00505364	0.000511529	0.00124697
112	0.266427	0.00338508	0.0392844	0.158537	0.00379022	0.00662042	0.0438373	0.00523159	0.0431362	0.0279877	0.00563711	0.0301457	0.00351447	0.0219927	0.0366809	0.275986	0.0145335	0.0102309	0.00112046	0.0019213
113	0.0177786	0.00258589	0.000296548	0.00244916	0.00185721	0.000620467	0.00185171	0.403743	0.000833579	0.0709465	0.0108654	0.00713488	0.00126927	0.00190655	0.00176808	0.001337	0.00350441	0.468664	0.000102673	0.000485441
114	0.0605417	0.00560861	0.00182704	0.015068	0.00615258	0.00311357	0.0078291	0.0879045	0.010234	0.0271532	0.0421433	0.00380436	0.00461799	0.147375	0.0076826	0.0283428	0.081771	0.455279	0.00146266	0.00208887
115	0.0593608	0.00361898	0.103106	0.392538	0.00106218	0.149793	0.0409279	0.00137536	0.00742243	0.00233558	0.00215302	0.0424032	0.00257702	0.0474092	0.00153466	0.0919424	0.0402671	0.00543408	0.00031492	0.00442361
116	0.00588688	0.000793852	0.673628	0.0165059	0.00698635	0.00355299	0.00928357	0.00144504	0.00193517	0.00205479	0.00167608	0.186398	0.00725254	0.0159182	0.00678449	0.0185148	0.0316858	0.00254167	0.000443585	0.00671268
117	0.128141	0.00220391	0.0504622	0.0972283	0.00295439	0.0120659	0.00831847	0.00446564	0.0694524	0.0114236	0.00502165	0.0170379	0.459909	0.0288102	0.0379603	0.0407731	0.00958073	0.0118113	0.000518212	0.00186228
118	0.185471	0.000992706	0.147853	0.34329	0.00135839	0.00811744	0.0256322	0.015308	0.0283965	0.0532931	0.00313672	0.0305985	0.00198914	0.0619983	0.0142902	0.0169399	0.0328531	0.0263178	0.00111835	0.0010455
119	0.0319019	0.00193596	0.0038047	0.00506232	0.000692747	0.00390208	0.00433003	0.0114591	0.596297	0.0315457	0.0047591	0.0233908	0.000675161	0.0290796	0.171	0.0299397	0.0430406	0.00630099	0.000347111	0.000536075
120	0.315304	0.0239301	0.0123751	0.0135232	0.00285117	0.0108858	0.0127251	0.0119952	0.0325221	0.00923877	0.00981343	0.0279309	0.00719981	0.0128372	0.132118	0.195264	0.119122	0.0476976	0.00092065	0.00174599
121	0.157776	0.00790891	0.0649916	0.0817469	0.0082224	0.0429118	0.0364821	0.0115166	0.103482	0.0559389	0.0043532	0.0157531	0.0219729	0.0765974	0.149449	0.0781602	0.039875	0.0293462	0.000727029	0.012789
122	0.00501939	0.0014542	0.000741851	0.00102811	0.136851	0.00423509	0.022816	0.0834416	0.000991306	0.060579	0.0357416	0.00387752	0.00100008	0.00526271	0.000893229	0.00582397	0.0120782	0.0366379	0.0479214	0.533606
123	0.0267592	0.00350333	0.0047433	0.00576975	0.00500664	0.00646295	0.0570101	0.0658607	0.128226	0.0120418	0.0563183	0.00613849	0.00654635	0.257412	0.0350217	0.0134154	0.08959	0.190152	0.025426	0.00459578
124	0.101919	0.0115891	0.00251715	0.0541235	0.00188711	0.0151899	0.00292972	0.0144236	0.215841	0.00480308	0.00465149	0.0180831	0.0334323	0.149232	0.130785	0.157335	0.0572355	0.0211461	0.000771306	0.00210534
125	0.164618	0.00406897	0.0208793	0.0510712	0.00128387	0.00461376	0.00368161	0.0384559	0.1525	0.05283	0.0163332	0.00650601	0.00147955	0.129305	0.163383	0.0375967	0.0524014	0.0942066	0.000611572	0.00417475
126	0.00253501	0.00293026	0.00207749	0.00111653	0.000460692	0.000704997	0.00556647	0.000961753	0.0211883	0.000895455	0.000376241	0.00057227	0.000590791	0.00297004	0.950706	0.00145559	0.00245851	0.00126949	9.05561e-05	0.00107379
127	0.015832	0.000133545	0.0013338	0.000702051	0.000600104	0.965956	0.000733947	0.000199804	0.00111726	0.000332064	0.000256779	0.00228855	0.000183583	0.000808369	0.000216386	0.00756498	0.00132489	0.00026001	6.25212e-05	9.29755e-05
128	0.0381803	0.0261942	0.004548	0.00602797	0.00502961	0.00630016	0.142767	0.00594822	0.173236	0.0487929	0.34327	0.00847742	0.00354782	0.0734833	0.0820202	0.00936902	0.0109257	0.00748259	0.00152151	0.00287776
129	0.0224332	0.00041779	0.000943273	0.00049801	0.000814133	0.956341	0.00076022	0.000406249	0.00103944	0.0003892	0.000516899	0.00198462	0.000293344	0.000483501	0.000308834	0.00848926	0.00218779	0.000501945	0.000631539	0.000559492
130	0.0381919	0.0035197	0.0799125	0.0491466	0.00209014	0.70436	0.00377783	0.000917855	0.00406913	0.00220362	0.00388066	0.0157671	0.00745048	0.0144168	0.00565735	0.0422886	0.0193844	0.00182743	0.000384891	0.000753459
131	0.00954169	0.00462696	0.000469344	0.000691828	0.222693	0.00382147	0.00856228	0.0522008	0.000833318	0.495501	0.10749	0.00214332	0.00135434	0.00355594	0.00643286	0.0115829	0.0060971	0.0157995	0.0232786	0.0233237
132	0.0231414	0.00404688	0.000849101	0.0159292	0.00213581	0.00193716	0.00209371	0.335016	0.00685581	0.0490113	0.0113975	0.00492347	0.00135275	0.00643366	0.0117661	0.0021301	0.0183781	0.501622	0.000323758	0.000655336
133	0.00154072	0.00301083	0.00138607	0.00102052	0.000390114	0.000409535	0.00607793	0.000662252	0.0199729	0.000637669	0.000339081	0.000660638	0.000443719	0.00260796	0.955986	0.00106696	0.00206018	0.000545763	9.11083e-05	0.00108988
134	0.327105	0.00807469	0.00246397	0.00230579	0.0089938	0.0518626	0.00167032	0.0637212	0.00274318	0.00394732	0.0106828	0.00213782	0.00348243	0.00245846	0.00144033	0.192776	0.0953337	0.215243	0.000489421	0.00306868
135	0.0563747	0.00679722	0.10106	0.0496669	0.00119707	0.0464598	0.0309198	0.00195401	0.0243818	0.0058043	0.00283397	0.0702226	0.0300872	0.0184991	0.0278827	0.320496	0.200719	0.00336177	0.000445409	0.000836573
136	0.0122135	0.00650038	0.0023799	0.00374234	0.150702	0.00564241	0.0247899	0.00292737	0.00239364	0.00639607	0.00568999	0.00422204	0.00138232	0.00707477	0.0240208	0.00857201	0.00603348	0.0041339	0.60453	0.116653
137	0.0753713	0.00128627	0.42014	0.242299	0.0063776	0.012848	0.00309691	0.00202152	0.0441568	0.00245131	0.00560742	0.0394254	0.0315678	0.0813169	0.00219362	0.00959738	0.00389776	0.0071371	0.00821233	0.00099491
138	0.00426531	0.000348184	0.0579414	0.78907	0.000466525	0.00261103	0.011977	0.000756375	0.0141547	0.00352692	0.00310548	0.00302986	0.00036164	0.0428433	0.0141601	0.0059869	0.041204	0.00370047	0.000159025	0.000331379
139	0.480518	0.0240693	0.0013867	0.00214703	0.00168736	0.00234673	0.00212248	0.0217534	0.00192648	0.0713518	0.0537122	0.00290695	0.00168982	0.00332276	0.00213577	0.0076022	0.00652357	0.310899	0.000514499	0.00138448
140	0.083784	0.0311446	0.0115016	0.00528693	0.00825637	0.0130451	0.0261542	0.111276	0.00414075	0.0966784	0.0330223	0.134445	0.00306305	0.0185685	0.00293431	0.0705262	0.242942	0.0942231	0.000461332	0.0085451
141	0.00410665	0.000351175	0.058173	0.788016	0.000459646	0.00260409	0.0120792	0.000758109	0.0143927	0.00360096	0.00306486	0.00304093	0.000358687	0.0428573	0.0143267	0.00604796	0.0415256	0.003745	0.00015837	0.00033273
142	0.0123244	0.0016902	0.000426791	0.000527325	0.0106094	0.00436989	0.0056716	0.202479	0.000976456	0.553835	0.123475	0.00326413	0.00244963	0.00213736	0.000545621	0.00429068	0.0154922	0.0498023	0.00101759	0.0046154
143	0.0821386	0.000830724	0.000966326	0.00316605	0.00591631	0.0032343	0.00256941	0.449465	0.0010343	0.0507673	0.0260836	0.00164342	0.000700913	0.00303364	0.00134813	0.00295763	0.0806713	0.281018	0.000346669	0.00210837
144	0.793026	0.0117154	0.000632436	0.000492743	0.000309996	0.0418531	0.000427175	0.000722928	0.000406469	0.000585981	0.00315385	0.00146926	0.00274763	0.00147744	0.000366495	0.121389	0.00674693	0.0119504	0.000250893	0.000275478
145	0.603505	0.0162728	0.00322782	0.00373323	0.0036469	0.0319039	0.00355933	0.0196762	0.00508746	0.00892189	0.00864713	0.00571265	0.00466363	0.00856068	0.00497548	0.126444	0.0391475	0.0986536	0.000546616	0.00311396
146	0.622059	0.00935764	0.00198344	0.0015061	0.00111091	0.0258158	0.0016238	0.00134185	0.00121836	0.00207108	0.00932813	0.00796296	0.00208662	0.00805395	0.00144822	0.269698	0.0232063	0.0091368	0.000308896	0.000681812
147	0.0880917	0.0418402	0.00925542	0.00475488	0.00958046	0.0157055	0.0559963	0.100798	0.00431192	0.0623497	0.0321095	0.112331	0.00700801	0.0178429	0.00445953	0.0976718	0.175124	0.117943	0.00122073	0.0416055
148	0.0294988	0.00236623	0.000257471	0.00183235	0.00319724	0.00148258	0.00142367	0.393462	0.000681614	0.089851	0.0204463	0.00542384	0.00108745	0.001599	0.00136442	0.00163383	0.00558482	0.437911	8.30308e-05	0.000813313
149	0.00868937	0.00405532	0.00396859	0.000777183	0.0505928	0.00588641	0.196417	0.000908982	0.000941741	0.00504635	0.000786535	0.0136712	0.000465174	0.0042313	0.000669731	0.00991269	0.00763427	0.00217832	0.0206839	0.662483
150	0.298149	0.0115438	0.00393262	0.00486981	0.00234636	0.0147791	0.00396497	0.00970924	0.00430456	0.00600139	0.00491288	0.00840454	0.00486443	0.014052	0.0040577	0.0757213	0.460582	0.0655432	0.00103488	0.00122637
151	0.0884252	0.0010376	0.00105296	0.00576048	0.00446478	0.00234747	0.00320419	0.461991	0.000974928	0.0407758	0.0148875	0.00139203	0.000618383	0.00407048	0.00124873	0.00285446	0.0995343	0.263426	0.000346358	0.0015882
152	0.0298979	0.000817016	0.000880436	0.014094	0.000725657	0.00372466	0.00396985	0.0164019	0.609918	0.0346373	0.0171933	0.00564072	0.00063693	0.0360882	0.176528	0.00642638	0.00829345	0.0332594	0.000294602	0.000572422
153	0.0326654	0.00316939	0.0166837	0.0841371	0.000542292	0.00433443	0.0378897	0.00355761	0.27849	0.0159281	0.0085405	0.0335428	0.0003802	0.0916195	0.144818	0.0241646	0.181769	0.0135026	0.00898126	0.0152841
154	0.00868366	0.00398067	0.00398903	0.000747236	0.0531877	0.00590923	0.194346	0.00096876	0.000901457	0.00520265	0.000767405	0.0134658	0.000460061	0.00415551	0.00065977	0.00981143	0.00736428	0.00234022	0.0208	0.662259
155	0.0155742	0.000124134	0.00101877	0.000447609	0.000555491	0.968436	0.000648277	0.00019291	0.000958813	0.000316689	0.000222903	0.00178913	0.000166757	0.000302124	0.000232908	0.00735591	0.00123744	0.000268622	6.14745e-05	8.95681e-05
156	0.0439338	0.00178551	0.00106628	0.00186873	0.00201504	0.0075892	0.00102206	0.00176084	0.00385424	0.00151153	0.00244898	0.00421154	0.894586	0.00536105	0.00378993	0.0102179	0.00806096	0.00430781	0.000226131	0.000381964
157	0.00233783	0.00017783	0.960371	0.0230678	0.00027265	0.00161578	0.00045433	0.000289985	0.000361915	0.00049732	0.000332136	0.00637923	0.000328305	0.000616499	0.000332953	0.000817506	0.000943775	0.000502273	7.74896e-05	0.000223704
158	0.00303558	0.00309612	0.00181198	0.00118886	0.00105769	0.000916521	0.00531908	0.00120882	0.0219006	0.00106587	0.000690442	0.00148667	0.000428206	0.00280647	0.947613	0.0015435	0.00238125	0.00106811	0.000163764	0.00121722
159	0.0155668	0.00286588	0.000197499	0.00250777	0.000679227	0.000541338	0.00208397	0.393901	0.000740729	0.0683475	0.00715111	0.00812763	0.00141753	0.00189582	0.00193829	0.00100577	0.000871003	0.489905	7.80726e-05	0.000178202
160	0.244613	0.0334237	0.00359529	0.00109201	0.0241159	0.00297786	0.00102331	0.123603	0.00233367	0.0299424	0.0247708	0.00381204	0.000492978	0.00589123	0.00243891	0.0394397	0.0520384	0.386021	0.000254857	0.01812
161	0.0157791	0.000194608	0.00213447	0.00103548	0.000573036	0.965568	0.000640453	0.000205325	0.000964264	0.000320981	0.000269317	0.00189676	0.000277529	0.00041175	0.000281368	0.00748748	0.00153271	0.000263471	6.58136e-05	9.81547e-05
162	0.0161621	0.00462414	0.00236854	0.00263219	0.567938	0.00337574	0.0184756	0.0126215	0.0035714	0.0554072	0.0283157	0.00861796	0.00179362	0.00655053	0.00375895	0.00711271	0.00596745	0.00938794	0.0679664	0.173353
163	0.0294102	0.00524503	0.000961008	0.000689596	0.00106262	0.0159906	0.00273909	0.00122322	0.000617642	0.000972533	0.00221934	0.008946	0.0113483	0.00135431	0.000906212	0.467826	0.444588	0.00328072	0.000203966	0.000415909
164	0.0823558	0.0147783	0.00451169	0.00867011	0.00491579	0.0139313	0.0062046	0.0609466	0.00823691	0.0191434	0.0110788	0.020951	0.485687	0.0115278	0.0073328	0.023638	0.0505333	0.161327	0.001475	0.00275426
165	0.0333748	0.00349657	0.0027489	0.00659933	0.0211192	0.00501959	0.00599592	0.322272	0.0059828	0.243115	0.0702709	0.00834873	0.00308604	0.00553297	0.00550832	0.00776859	0.0272498	0.210937	0.00257401	0.00899941
166	0.0224605	0.00147151	0.000370059	0.000796715	0.00148586	0.00654344	0.000550657	0.00161706	0.00214757	0.00168297	0.00130191	0.00376357	0.936278	0.00122471	0.00346779	0.0049366	0.00564321	0.00373754	0.000124434	0.000395985
167	0.742941	0.00853032	0.00338338	0.00531838	0.00244317	0.0717975	0.0025257	0.0025317	0.00186362	0.0023525	0.00396403	0.00499741	0.00576532	0.00466891	0.00181509	0.0992197	0.0161416	0.015781	0.00240953	0.00155002
168	0.0407698	0.019582	0.0090793	0.0158496	0.00707721	0.00955301	0.124289	0.0125883	0.176856	0.0538632	0.279131	0.0183703	0.00521055	0.0904377	0.0785173	0.0136981	0.0205913	0.0157841	0.00304406	0.00570804
169	0.189274	0.0140642	0.0049666	0.00377436	0.00865673	0.0184224	0.00404277	0.00371705	0.00346259	0.0020451	0.00195673	0.0168054	0.00364425	0.0040609	0.00294039	0.644957	0.0654068	0.00672556	0.000233652	0.000843904
170	0.0616114	0.00598793	0.016807	0.0200982	0.0074361	0.0140762	0.0189307	0.00976928	0.012608	0.0305218	0.146972	0.0152026	0.238098	0.294978	0.0101027	0.0431298	0.0234938	0.0152642	0.00222083	0.0126912
171	0.0311029	0.00205927	0.000275319	0.00143115	0.0058977	0.00155097	0.00131631	0.377161	0.000771595	0.112221	0.0262091	0.00453618	0.00108329	0.0018954	0.00127416	0.00219745	0.00931776	0.417508	0.000101772	0.00209061
172	0.186057	0.0310764	0.00335985	0.0018346	0.0114711	0.0211267	0.00188382	0.00450563	0.00171532	0.00404891	0.00295773	0.0208363	0.00325556	0.00397562	0.00266009	0.64336	0.0466094	0.0058703	0.000463269	0.00293247
173	0.00703091	0.00250461	0.000608723	0.000768991	0.285499	0.00169717	0.0738882	0.00863932	0.000981112	0.0373424	0.00191362	0.00376129	0.00059368	0.00144914	0.00111327	0.00501702	0.00198564	0.0200828	0.00549336	0.53963
174	0.76744	0.0131421	0.000714593	0.000662293	0.000539952	0.0539213	0.00059776	0.000755229	0.000584725	0.000767986	0.00347652	0.00222559	0.00520189	0.00187897	0.000434689	0.126131	0.00976373	0.0112233	0.000171739	0.000366776
175	0.636456	0.0101437	0.00137849	0.000542414	0.000344516	0.0329102	0.00115595	0.000803885	0.00057399	0.000811838	0.00322738	0.00382766	0.00209829	0.00216637	0.000552115	0.25685	0.0342548	0.0113992	0.000142217	0.000360958
176	0.0162214	0.000259757	0.00104902	0.000502002	0.000606322	0.965756	0.000676738	0.000253806	0.00100569	0.000403776	0.000269556	0.00264401	0.000174751	0.000328706	0.000295763	0.00753171	0.001445	0.000398677	6.06182e-05	0.000116984
177	0.42042	0.00484375	0.00241224	0.000845944	0.000832193	0.0152031	0.00620564	0.00162566	0.0011433	0.00144321	0.00161285	0.00328638	0.000709065	0.0021004	0.00100319	0.397462	0.124363	0.0138761	0.000182263	0.000430643
178	0.00120612	0.00288531	0.00129887	0.000663692	0.000273441	0.000458909	0.00586966	0.000808605	0.0212116	0.000492803	0.000333386	0.000581514	0.000279276	0.00228006	0.956678	0.0007701	0.00210098	0.000759857	9.3921e-05	0.000953436
179	0.00630624	0.00328011	0.000787945	0.000832414	0.250197	0.00237677	0.0378134	0.00461659	0.00114016	0.0190373	0.00500678	0.0053093	0.000473609	0.00163815	0.00215796	0.00337433	0.00209776	0.00753841	0.017318	0.628698
180	0.0174032	0.00173118	0.000345094	0.00155233	0.00910827	0.00277066	0.00807224	0.188346	0.00176916	0.550237	0.112056	0.00325195	0.00134955	0.00421815	0.00195914	0.00521526	0.018386	0.0631154	0.00138304	0.00773098
181	0.04168	0.00259781	0.0133978	0.0924043	0.00322064	0.03338	0.0094153	0.00392659	0.00725263	0.00581615	0.00471843	0.155143	0.00328434	0.224321	0.0058637	0.354819	0.0287592	0.00668246	0.000846892	0.00247112
182	0.0307495	0.00626331	0.00212679	0.00382172	0.0206443	0.0231019	0.00680885	0.0470176	0.00756601	0.473572	0.22177	0.0299838	0.0106986	0.0246006	0.00845095	0.0133753	0.0264932	0.0344318	0.00318443	0.00533892
183	0.0125037	0.00160095	0.000299128	0.00040864	0.0167803	0.00123945	0.00394643	0.181593	0.000678495	0.565424	0.101531	0.00167767	0.0020248	0.0021322	0.000451668	0.00288589	0.013674	0.0864673	0.000883321	0.00379805
184	0.0161358	0.000287825	0.00189209	0.00102943	0.000755269	0.961235	0.000779299	0.000193661	0.00112979	0.000439871	0.000306712	0.00222551	0.000400867	0.000840406	0.000423784	0.00880526	0.00246608	0.000356546	0.000187522	0.000109563
185	0.419345	0.00673177	0.00154775	0.00216883	0.00142659	0.420295	0.00230121	0.00140459	0.00122377	0.00175234	0.0037994	0.00452577	0.00645612	0.00482105	0.00106699	0.0969239	0.0155753	0.00635185	0.00136042	0.000922872
186	0.206667	0.0144042	0.00366041	0.0266939	0.00289204	0.0250475	0.00411514	0.0138411	0.00377377	0.0103944	0.0109475	0.00448131	0.0384002	0.00681796	0.00313344	0.0820262	0.214527	0.324418	0.00122395	0.00253422
