429	20
1	0.0413135	0.000466683	0.375842	0.217283	0.000355241	0.0505591	0.0124364	0.00320282	0.0555047	0.0165028	0.00273182	0.0785795	0.000549744	0.0465976	0.0212774	0.0613723	0.0114184	0.000976696	8.96711e-05	0.00294097
2	0.0372036	0.0040961	0.0213858	0.0373837	0.0022514	0.015504	0.0159981	0.00794199	0.323555	0.0164903	0.0105914	0.0623094	0.0153515	0.097512	0.212401	0.0533969	0.0465256	0.0170149	0.00010099	0.0029869
3	0.0886605	0.00054059	0.159739	0.211568	0.000435142	0.0514834	0.0183722	0.00262093	0.0574469	0.0133121	0.00468163	0.094844	0.00245538	0.0573225	0.0150285	0.161195	0.0513256	0.00617532	0.00141746	0.0013757
4	0.0488686	0.00557541	0.0186401	0.0434894	0.0029995	0.0264345	0.0197051	0.0121318	0.270099	0.0265488	0.0111027	0.0482787	0.0161121	0.136428	0.170195	0.0585476	0.0580323	0.0230915	0.000235672	0.00348456
5	0.0460005	0.00509938	0.0363981	0.0985492	0.00118775	0.0581109	0.038272	0.0145638	0.118607	0.0345618	0.0126757	0.0409363	0.0462093	0.132987	0.10208	0.0767908	0.0980762	0.0345276	0.000471829	0.00389426
6	0.0430764	0.000505664	0.372865	0.222603	0.000312317	0.0481466	0.0120214	0.00327045	0.0540221	0.0173896	0.00326919	0.0756617	0.000616951	0.0485957	0.0192233	0.0631205	0.0111947	0.00126177	9.30204e-05	0.00275037
7	0.0104085	0.00562947	0.00121381	0.000919693	0.0101201	0.000240044	0.000258771	0.430179	0.000315412	0.0598858	0.0107727	0.000380645	0.000148505	0.00135518	0.000252248	0.0009605	0.0105411	0.452729	4.71316e-05	0.0036424
8	0.0462926	0.01304	0.0164598	0.0276995	0.0898731	0.017975	0.028079	0.0809399	0.0745631	0.0822003	0.0262372	0.0398724	0.0129894	0.0400305	0.147626	0.129203	0.0479374	0.0495393	0.00354818	0.0258939
9	0.0585811	0.00279306	0.028566	0.0414508	0.0988258	0.0282932	0.094952	0.0108914	0.0365521	0.165653	0.0305325	0.054256	0.00109545	0.092306	0.0538894	0.0792321	0.0340234	0.0218618	0.00560294	0.0606424
10	0.103756	0.0114734	0.00496883	0.020001	0.0252733	0.0550674	0.0148295	0.0115835	0.0234489	0.033456	0.01153	0.0495444	0.00550424	0.044827	0.0135778	0.38296	0.145133	0.0301203	0.000629811	0.0123157
11	0.0514343	0.0262412	0.0162667	0.016589	0.0931937	0.0375599	0.0295856	0.0305465	0.0210683	0.0389443	0.0214054	0.216683	0.100027	0.0290692	0.0198211	0.150625	0.0407912	0.0299401	0.00362147	0.0265862
12	0.562007	0.016446	0.000909191	0.00506807	0.00232834	0.0387486	0.00207017	0.00871296	0.007657	0.00640081	0.0027913	0.00560108	0.00483753	0.0036181	0.00382926	0.302799	0.0147158	0.00944941	0.000141463	0.00186898
13	0.0324562	0.0268781	0.00199051	0.00261462	0.00778907	0.000414056	0.000531863	0.364019	0.000591395	0.0851017	0.0112423	0.00123666	0.00119966	0.00220771	0.00057824	0.00225916	0.0170827	0.437872	7.27323e-05	0.00386243
14	0.508809	0.0333217	0.00124378	0.00153315	0.0124505	0.0217412	0.00501675	0.00358624	0.00307035	0.0189347	0.00229914	0.00702192	0.00521758	0.00399423	0.00204983	0.320187	0.0340282	0.0123265	0.000286963	0.00288147
15	0.0250424	0.000859227	0.721207	0.051735	0.00071648	0.00214685	0.00338754	0.00155157	0.00309432	0.00242101	0.00166153	0.1354	0.000885044	0.00330848	0.00211778	0.0274901	0.00321438	0.00207625	0.000237203	0.0114473
16	0.247162	0.0868146	0.00121023	0.00420814	0.00109884	0.0054065	0.00192482	0.119496	0.00944019	0.0811664	0.0587258	0.00977339	0.00478093	0.0073214	0.0165813	0.0884337	0.0560416	0.198175	0.00024896	0.00199134
17	0.0103168	0.00576584	0.00125536	0.000912342	0.0103597	0.000221105	0.00022401	0.430739	0.000253708	0.0605189	0.0102375	0.000345728	0.000146223	0.00134027	0.000246083	0.000824448	0.0103199	0.452257	4.31927e-05	0.00367221
18	0.0345871	0.0039231	0.013915	0.0186055	0.00351378	0.00912271	0.0195513	0.0119294	0.309263	0.0259756	0.0304035	0.0465475	0.00961366	0.0559895	0.327485	0.0281673	0.0328082	0.0155216	0.000310424	0.00276684
19	0.0923921	0.0179606	0.0142165	0.0250545	0.0105349	0.0229631	0.0165085	0.0321808	0.0321933	0.0308758	0.0664416	0.0361875	0.11994	0.0285276	0.023244	0.168996	0.20124	0.0418421	0.00304919	0.015652
20	0.0406675	0.0259246	0.0184836	0.0104151	0.00172089	0.775933	0.00774039	0.00369931	0.0269561	0.00549596	0.00436518	0.0313342	0.00191258	0.00511861	0.00515942	0.0167617	0.00783169	0.00729963	0.00103811	0.00214234
21	0.0773839	0.0148467	0.00902629	0.0258445	0.00569633	0.0140357	0.0106852	0.054504	0.020771	0.0603858	0.0114404	0.0191104	0.435556	0.0176245	0.0144901	0.0616661	0.0861383	0.0485728	0.00172864	0.0104933
22	0.0146062	0.00222658	0.0126104	0.00746599	0.00102178	0.00843298	0.0100433	0.00515771	0.410628	0.00719795	0.00890139	0.0515252	0.0171358	0.0468017	0.348028	0.013251	0.0309588	0.00294971	0.000107847	0.000949714
23	0.05527	0.0115441	0.0182091	0.0137226	0.00108958	0.780418	0.00584293	0.00252391	0.0221862	0.00486992	0.0055237	0.026904	0.00167209	0.00465344	0.00457827	0.0192382	0.0137912	0.00566347	0.000374684	0.00192472
24	0.00784259	0.00115695	0.00149322	0.000748498	0.0381753	0.00221558	0.00212872	0.0559869	0.00279299	0.628042	0.195752	0.00107967	0.00294098	0.00938164	0.00377222	0.00247066	0.00920548	0.0314894	0.000189208	0.00313614
25	0.0400413	0.000433566	0.349946	0.266682	0.000310996	0.0462424	0.0119855	0.00363741	0.0521804	0.0149774	0.00255071	0.0707115	0.000513887	0.0498602	0.0167755	0.055062	0.0121956	0.00328452	9.93983e-05	0.00251019
26	0.0360169	0.00891141	0.00133494	0.00352357	0.00194842	0.00740567	0.00186861	0.261559	0.00796618	0.0219159	0.00844381	0.00818277	0.00117911	0.00836138	0.00178103	0.0218235	0.0741601	0.521107	0.000331613	0.00217933
27	0.0291744	0.0226164	0.0017822	0.00360995	0.00196709	0.00269435	0.00232812	0.241738	0.00256913	0.344756	0.0200294	0.00350385	0.0018371	0.00481599	0.00260473	0.0171941	0.183133	0.105478	0.000359989	0.00780817
28	0.0271394	0.00785779	0.00179098	0.00256555	0.00998596	0.00162398	0.00289762	0.340451	0.00328121	0.239533	0.0436281	0.00757247	0.00161592	0.00555109	0.00227103	0.00657575	0.0295109	0.261044	0.000460925	0.00464393
29	0.0614869	0.0178138	0.00138733	0.00319379	0.00285615	0.00414756	0.00340466	0.0141736	0.00712548	0.00353416	0.00905507	0.0268475	0.00127846	0.00880019	0.00178195	0.473131	0.350891	0.00764207	0.000281414	0.00116738
30	0.0600669	0.0104714	0.0890698	0.0387578	0.011315	0.0513012	0.0307072	0.024952	0.0650205	0.0377304	0.0251352	0.234347	0.00884021	0.0359455	0.0560318	0.118111	0.0621016	0.0244891	0.00200308	0.0136042
31	0.0234487	0.00121514	0.572473	0.190031	0.000633994	0.00978194	0.00731927	0.00240002	0.017688	0.00607341	0.00196781	0.083339	0.00266463	0.0166831	0.00913798	0.0329215	0.0117774	0.0037092	0.000249572	0.00648484
32	0.0529028	0.0118638	0.0163725	0.0106774	0.00177607	0.807021	0.00587727	0.00284449	0.0208597	0.00489808	0.00475452	0.0234226	0.00123624	0.00416282	0.0041929	0.0136908	0.00565215	0.00574677	0.000284453	0.00176373
33	0.611583	0.010461	0.00672632	0.0122851	0.00675183	0.0196622	0.0318875	0.00795256	0.00929167	0.0166617	0.0067249	0.0513608	0.0130611	0.00956087	0.00643946	0.115007	0.041918	0.0162962	0.00134103	0.00502714
34	0.107359	0.0169348	0.0160566	0.0228893	0.00974156	0.0159478	0.0165922	0.0560246	0.0288385	0.0468773	0.0194671	0.0283893	0.00976984	0.0248155	0.017489	0.180451	0.31661	0.0545209	0.00100652	0.0102196
35	0.0361129	0.00922215	0.00385542	0.00457604	0.0154417	0.00294104	0.00466325	0.328003	0.0101703	0.177267	0.114275	0.00741577	0.00387724	0.00769762	0.00548231	0.0144154	0.0437908	0.202794	0.00111753	0.00688294
36	0.023341	0.00399256	0.00171592	0.000994554	0.0184536	0.00129547	0.00181708	0.189465	0.00301573	0.476714	0.102037	0.00615639	0.00148556	0.00631447	0.00225396	0.00575945	0.00871938	0.144139	9.26398e-05	0.00223725
37	0.0436126	0.00420086	0.0236082	0.0267233	0.00372526	0.0221261	0.0136671	0.00597247	0.366624	0.0200986	0.00886501	0.0677064	0.00870473	0.101024	0.172137	0.0625814	0.0303111	0.0147185	0.000189271	0.00340332
38	0.0284113	0.00922923	0.0371192	0.104105	0.00106303	0.0232818	0.0377734	0.0156147	0.166596	0.0309756	0.0238027	0.081205	0.0138635	0.122778	0.137484	0.0673836	0.0582418	0.0342562	0.000160121	0.00665593
39	0.00916543	0.00125725	0.00149946	0.00060338	0.0359646	0.00215024	0.00168168	0.0900221	0.00131957	0.603026	0.177302	0.00207871	0.00284562	0.0076354	0.00171353	0.00254636	0.00886223	0.0464993	0.000331952	0.0034953
40	0.109829	0.0019212	0.0548717	0.0916034	0.000525208	0.0491716	0.0280956	0.0032435	0.0736604	0.0165241	0.00863759	0.124437	0.00717604	0.0709485	0.0298181	0.231078	0.0850713	0.00973255	0.0022105	0.00144468
41	0.0371403	0.0086603	0.00132925	0.00238253	0.00706402	0.00105622	0.00367288	0.24378	0.00210996	0.403497	0.0448604	0.00956668	0.00169534	0.00658396	0.002153	0.00729161	0.0143275	0.200216	0.000141736	0.00247148
42	0.053669	0.0188867	0.000908012	0.00399528	0.020482	0.00109638	0.0286238	0.0960956	0.014477	0.324973	0.0637935	0.0037102	0.001308	0.105363	0.0457738	0.0202531	0.0543908	0.117893	0.000188532	0.0241194
43	0.0504461	0.0104266	0.107126	0.0935201	0.0275777	0.0286592	0.148605	0.0152018	0.0491113	0.0401566	0.0165356	0.0703122	0.00926919	0.116856	0.0440545	0.0711084	0.0416015	0.0205083	0.00174626	0.0371781
44	0.0332555	0.00943676	0.00418004	0.00971161	0.0091158	0.00595778	0.00949621	0.083093	0.0075613	0.11575	0.0114253	0.0144002	0.495028	0.0116706	0.00541147	0.0539645	0.0446209	0.0637209	0.00209721	0.0101029
45	0.356366	0.0773678	0.00366964	0.00430083	0.00556966	0.00503414	0.0121942	0.0242112	0.0033791	0.0134943	0.00798248	0.00630525	0.00644073	0.00494715	0.00265166	0.136825	0.237235	0.0866103	0.000503202	0.00491243
46	0.591621	0.00604928	0.00383981	0.0253596	0.00248705	0.0265727	0.00552226	0.0079182	0.00801508	0.0174592	0.00491639	0.00856168	0.0910574	0.00461662	0.00582035	0.151211	0.0243567	0.0107619	0.000548893	0.00330548
47	0.0216917	0.00182702	0.0109943	0.00586204	0.00201346	0.00586381	0.012832	0.00711797	0.368363	0.0136332	0.01272	0.0466986	0.0120205	0.0431805	0.385927	0.0128891	0.030576	0.00473887	0.000155786	0.000894827
48	0.00640377	0.000651743	0.00140164	0.000590299	0.0539919	0.00195742	0.00272703	0.0607727	0.000843364	0.650233	0.161798	0.000972193	0.00392703	0.00837336	0.000963518	0.00219837	0.00520942	0.029676	0.000954647	0.00635427
49	0.00567875	0.000510022	0.00141094	0.000558203	0.041402	0.00219098	0.00115702	0.0532811	0.0014084	0.65497	0.188598	0.000773301	0.00313605	0.00797449	0.00138249	0.00184176	0.00596781	0.0248581	0.000121996	0.00277836
50	0.163682	0.0437613	0.00132335	0.00658609	0.00103604	0.00555759	0.00177304	0.178675	0.0130036	0.0887508	0.068425	0.0104648	0.00610048	0.00957941	0.0195342	0.0607414	0.065154	0.252399	0.000247934	0.00320556
51	0.00665362	0.000474778	0.459143	0.440534	0.000414887	0.00205222	0.0019409	0.000776749	0.0100575	0.00174308	0.000688782	0.0120139	0.00554923	0.0113101	0.00628957	0.0266789	0.0100303	0.00308365	0.000135693	0.000429012
52	0.047341	0.0398998	0.00205293	0.00441358	0.00305979	0.00197859	0.00262794	0.210955	0.00321957	0.338236	0.0226187	0.00376982	0.00203226	0.00681638	0.00434259	0.0122586	0.114007	0.173546	0.000321282	0.00650329
53	0.521367	0.0233013	0.0018607	0.00557796	0.00620123	0.0295994	0.00504506	0.00597263	0.00546094	0.00946913	0.00330402	0.00651192	0.00458832	0.00484053	0.00341273	0.314931	0.0263274	0.0140682	0.000309711	0.00785095
54	0.0345683	0.0137262	0.0219668	0.0429131	0.00250775	0.0325068	0.0371789	0.00929067	0.289665	0.0188606	0.0157686	0.0841366	0.0157001	0.111784	0.163671	0.0417905	0.0327858	0.0178681	0.000290029	0.0130215
55	0.543928	0.0211597	0.000671149	0.00269167	0.00435152	0.0267145	0.00318255	0.00405678	0.00366553	0.00884084	0.00243191	0.00578145	0.00537635	0.00264733	0.00245271	0.313628	0.0363706	0.0098072	0.000177294	0.0020652
56	0.0744075	0.0163579	0.0172219	0.0460513	0.0125425	0.0164788	0.0308685	0.0753476	0.074226	0.0926874	0.0286658	0.033015	0.0111852	0.135207	0.053412	0.0643525	0.0662329	0.134649	0.00130212	0.0157895
57	0.0252504	0.00248883	0.604092	0.159191	0.000654935	0.0143373	0.00553069	0.0032066	0.0138717	0.00643043	0.00230831	0.0888567	0.00204703	0.0126946	0.00605285	0.0307441	0.0076743	0.00738081	0.000369594	0.00681811
58	0.0321078	0.00163842	0.00107734	0.00210619	0.0012697	0.00798801	0.00176656	0.295638	0.00820888	0.006045	0.00406812	0.00839996	0.00105318	0.00811865	0.00177427	0.0302338	0.0649745	0.521479	0.000512864	0.00153974
59	0.145782	0.00981619	0.05124	0.284816	0.00403361	0.0221305	0.0157249	0.022427	0.0388422	0.0239501	0.0124906	0.0198679	0.00821933	0.0849509	0.0152143	0.0934406	0.0459681	0.0934406	0.00145118	0.00619358
60	0.351469	0.0635872	0.00525685	0.0117068	0.00433913	0.0180974	0.00703476	0.0755005	0.0104375	0.0591437	0.0183592	0.0093957	0.00913107	0.0102862	0.0108145	0.09695	0.0559586	0.176195	0.00132441	0.00501198
61	0.0485689	0.0118274	0.0191787	0.0127376	0.00249404	0.789844	0.00707339	0.00318136	0.0233892	0.00747316	0.00547758	0.0249006	0.00175395	0.00530612	0.00487207	0.0166461	0.0062647	0.00603468	0.000424499	0.0025518
62	0.02498	0.000981653	0.577793	0.176425	0.000992989	0.0115156	0.00633779	0.00262525	0.0170139	0.00641632	0.00305572	0.0897754	0.001953	0.0177259	0.00828786	0.034387	0.00941078	0.00364975	0.000187932	0.00648568
63	0.0477288	0.0119807	0.0168441	0.011617	0.00248982	0.78762	0.00675536	0.00315647	0.0238355	0.00619428	0.00582144	0.0279558	0.0016666	0.00542957	0.00518045	0.0186463	0.00784848	0.00592304	0.000668328	0.00263819
64	0.104161	0.0178891	0.0182815	0.0248604	0.00814995	0.0171402	0.0150991	0.0492289	0.0325988	0.0467787	0.0219233	0.0366227	0.00954739	0.0245773	0.0218003	0.182245	0.309385	0.0497215	0.0022857	0.0077036
65	0.096343	0.0159248	0.00700055	0.0163531	0.00600455	0.0122258	0.0135367	0.0161634	0.0213153	0.0151283	0.0125651	0.0357603	0.00486331	0.021092	0.00951378	0.338321	0.330424	0.0205673	0.00133811	0.00555947
66	0.0840865	0.0145292	0.00144516	0.00201321	0.00205244	0.00616421	0.00257804	0.012651	0.0042989	0.00314573	0.00693531	0.0150422	0.00195938	0.00556082	0.00162194	0.342538	0.478535	0.0133831	0.000364476	0.00109524
67	0.0530791	0.0277099	0.00328183	0.00557877	0.011095	0.00387165	0.00476319	0.279629	0.0106696	0.0901955	0.0177215	0.00644671	0.00479575	0.00999152	0.00987489	0.0209462	0.031338	0.40115	0.000831324	0.0070303
68	0.150505	0.101564	0.0037379	0.00790673	0.00122596	0.00203433	0.00311092	0.112809	0.0028716	0.0944085	0.0150291	0.00362591	0.00405706	0.00443563	0.0036895	0.0216535	0.0662565	0.396945	0.000342108	0.00379141
69	0.0102724	0.00521489	0.00111847	0.00100667	0.00939816	0.000333176	0.000252397	0.444587	0.000417541	0.0555414	0.0100927	0.000528775	0.000167636	0.00149693	0.000282764	0.00116961	0.0102459	0.444139	5.22361e-05	0.00368228
70	0.012742	0.00145781	0.001202	0.000517489	0.0302549	0.00152702	0.000766123	0.125116	0.000580103	0.592102	0.127326	0.00317036	0.00187522	0.0053385	0.000560652	0.00319506	0.00483224	0.0853219	0.000101672	0.00201322
71	0.397799	0.368153	0.00193058	0.00285922	0.0152084	0.0194717	0.00396188	0.00538969	0.00364592	0.0173251	0.00411954	0.0177404	0.00600459	0.00499699	0.00338937	0.0188325	0.080413	0.02138	0.00500522	0.00237372
72	0.0540413	0.0119351	0.0151033	0.00907458	0.00148696	0.799646	0.00665756	0.00279395	0.0233413	0.00570459	0.0051849	0.02542	0.00148138	0.0045501	0.00470116	0.0150971	0.00563406	0.00574378	0.000335606	0.00206685
73	0.591928	0.0140619	0.000677378	0.00533018	0.00222471	0.0357862	0.00190239	0.00700953	0.00459812	0.0115206	0.00267187	0.00417632	0.00610505	0.00659537	0.00605307	0.275001	0.0126302	0.0100218	0.000199287	0.00150659
74	0.0056258	0.000474649	0.00149577	0.000636122	0.0507759	0.00187241	0.00186586	0.0521605	0.000705162	0.676825	0.158829	0.000743603	0.00376793	0.0088832	0.000816609	0.002019	0.00424848	0.0236973	0.000391942	0.00416549
75	0.0165698	0.00454804	0.00571608	0.00812782	0.0380167	0.00339829	0.00547849	0.0827363	0.00641077	0.592384	0.119763	0.00514202	0.00515285	0.0132803	0.0068976	0.00877254	0.0164243	0.0541638	0.000731292	0.00628579
76	0.0413135	0.000466683	0.375842	0.217283	0.000355241	0.0505591	0.0124364	0.00320282	0.0555047	0.0165028	0.00273182	0.0785795	0.000549744	0.0465976	0.0212774	0.0613723	0.0114184	0.000976696	8.96711e-05	0.00294097
77	0.167903	0.0264948	0.00786523	0.0440411	0.00438545	0.0490122	0.00853522	0.0106609	0.0759001	0.0165631	0.0177739	0.0532463	0.0205277	0.0468349	0.046647	0.226026	0.0867322	0.0700269	0.000673893	0.0201502
78	0.402864	0.168863	0.00127311	0.002238	0.00268444	0.010503	0.00274892	0.0105092	0.00220149	0.0556003	0.00900987	0.00442549	0.00230301	0.0101381	0.00179763	0.185618	0.038992	0.0860593	0.000704818	0.00146641
79	0.0305852	0.007215	0.0364915	0.0830037	0.00191389	0.0242669	0.0326434	0.0190038	0.181415	0.0319359	0.0212366	0.0799744	0.0126195	0.111275	0.165076	0.0672637	0.056224	0.0311647	0.000184828	0.0065075
80	0.00924107	0.00136184	0.00159043	0.00173278	0.0433114	0.0025109	0.0024635	0.0584658	0.0024747	0.641123	0.168125	0.00174978	0.00336932	0.0110627	0.00291756	0.00451212	0.00813083	0.0320924	0.000154417	0.00361112
81	0.00994062	0.00118032	0.002622	0.0030219	0.122983	0.00313391	0.0183166	0.0692244	0.00328826	0.504904	0.115189	0.00383172	0.00845537	0.0114289	0.00385625	0.0099796	0.0110959	0.037995	0.00964957	0.0499046
82	0.137001	0.0017623	0.049595	0.0789431	0.000725033	0.0536421	0.0237524	0.00265015	0.061135	0.0167792	0.00830266	0.128753	0.00339564	0.0601168	0.017329	0.25279	0.090247	0.00858692	0.00227589	0.00221844
83	0.0582943	0.00174788	0.00451509	0.00421403	0.00560951	0.00559466	0.0204618	0.00797567	0.344932	0.028224	0.0222816	0.0335052	0.00351098	0.0553482	0.336636	0.0363169	0.0158825	0.0131989	0.000265506	0.00148553
84	0.0224581	0.0130895	0.0760634	0.0346873	0.00149939	0.635241	0.00960806	0.0036497	0.0692551	0.00659778	0.00284053	0.0599118	0.00169352	0.013073	0.00912798	0.0240463	0.0100701	0.00411583	0.000517811	0.00245334
85	0.0247063	0.00454642	0.00118925	0.00242723	0.00625873	0.000450583	0.00178216	0.408173	0.000664905	0.164619	0.0228032	0.00643645	0.00114389	0.004032	0.000535227	0.00267316	0.010969	0.332962	8.64497e-05	0.00354069
86	0.0500152	0.0104092	0.0362867	0.0412984	0.029136	0.0434538	0.224462	0.0140264	0.0385423	0.0342371	0.0154938	0.149064	0.00763921	0.0509606	0.0320265	0.100231	0.0505598	0.0200625	0.00172492	0.0503698
87	0.106751	0.0899419	0.00890849	0.0180169	0.0106269	0.0216941	0.0208319	0.0433315	0.0159556	0.0449445	0.0189247	0.0275458	0.319169	0.0320884	0.0122111	0.0643267	0.0482006	0.0749999	0.00268009	0.018851
88	0.127924	0.0131551	0.010511	0.0246235	0.00309455	0.0153471	0.00807839	0.0119215	0.0245451	0.0161024	0.0204341	0.0590235	0.00209215	0.0417797	0.0112438	0.346238	0.24414	0.0133384	0.00078142	0.00562658
89	0.11453	0.0133177	0.001193	0.0117146	0.00117433	0.014254	0.00143377	0.196126	0.0161692	0.0884959	0.0416488	0.0119761	0.00425805	0.0300646	0.016065	0.070635	0.147019	0.211187	0.000366294	0.00837144
90	0.0151239	0.00706518	0.00111894	0.00132969	0.0084736	0.000587867	0.000408223	0.441924	0.000562698	0.0557541	0.00962975	0.00106473	0.000354541	0.00207141	0.000360148	0.00210032	0.0120974	0.436028	0.000132554	0.00381236
91	0.591314	0.0151394	0.00057858	0.00467149	0.00211488	0.0347405	0.00191985	0.00814001	0.0047374	0.00710441	0.00237242	0.00445027	0.00679843	0.00312257	0.00380404	0.283715	0.0132026	0.010355	0.00017946	0.00153984
92	0.00789638	0.000476458	0.454655	0.430369	0.000416203	0.00395648	0.00246451	0.000882455	0.012396	0.0023782	0.000764696	0.0148651	0.00553211	0.0131412	0.00728651	0.0285969	0.0103209	0.00292522	0.000136343	0.000540503
93	0.495524	0.0270416	0.000376767	0.000716024	0.00319084	0.0345595	0.00119601	0.00349952	0.00465378	0.00498937	0.000813858	0.00358002	0.00141268	0.0016364	0.00163363	0.384652	0.0194867	0.00909848	0.000121859	0.001817
94	0.0110552	0.00164903	0.00254333	0.00338886	0.301948	0.00333822	0.0382595	0.103767	0.00331835	0.150492	0.0597831	0.00436193	0.0125391	0.00547532	0.00393612	0.0174401	0.0242266	0.0719653	0.03473	0.145783
95	0.0592976	0.00284923	0.0285473	0.0411518	0.0973584	0.0293186	0.0966621	0.0106126	0.0356107	0.161998	0.030379	0.0558093	0.00106026	0.0943505	0.053734	0.0803666	0.0333708	0.0212191	0.00539412	0.0609097
96	0.0118518	0.00288406	0.0222203	0.0740143	0.0172777	0.0047067	0.012967	0.053491	0.237745	0.0987676	0.00500477	0.0468684	0.0028725	0.0153861	0.230211	0.0610167	0.0294035	0.0538895	0.000655413	0.0187669
97	0.396812	0.155051	0.00152948	0.00240103	0.00251124	0.0127647	0.00258784	0.0116339	0.00233211	0.0728447	0.0114973	0.0040629	0.00221672	0.0125307	0.00211667	0.193666	0.0326881	0.0787924	0.000499716	0.00146197
98	0.332593	0.121353	0.00166773	0.00307191	0.00297119	0.0220144	0.0024926	0.00690808	0.00257242	0.119235	0.0146806	0.00389529	0.00200112	0.0245769	0.00266897	0.262788	0.0225508	0.0496103	0.000622318	0.0017265
99	0.493465	0.027998	0.00038456	0.00062237	0.00346054	0.0326085	0.00113147	0.00310516	0.00439356	0.00509513	0.000816989	0.00340238	0.00103377	0.00167196	0.00151498	0.387387	0.0206984	0.00926447	0.000126955	0.00181933
100	0.104023	0.10053	0.00408766	0.0121856	0.000876126	0.00132234	0.000965643	0.136872	0.00152834	0.127505	0.00723724	0.00167796	0.00397348	0.00617772	0.00191824	0.00605513	0.0477188	0.430509	0.000206471	0.00462984
101	0.0352189	0.000593441	0.140239	0.563374	0.000462192	0.0231422	0.0127623	0.00694305	0.0489741	0.00822227	0.000727319	0.0184219	0.000627778	0.06598	0.000942984	0.0268877	0.0245865	0.0211968	0.000140503	0.000556849
102	0.0104522	0.00585258	0.00123234	0.000949972	0.0105376	0.000218603	0.000237759	0.433073	0.000236728	0.0613308	0.0102731	0.000341694	0.000176219	0.00137822	0.000269839	0.000727948	0.0101036	0.448755	4.25689e-05	0.00380997
103	0.0297211	0.00637294	0.00140376	0.00143577	0.00690291	0.000744379	0.00202171	0.27727	0.00164904	0.344948	0.0492866	0.00895528	0.000926993	0.0034649	0.00104279	0.00611529	0.0100125	0.245599	0.00011887	0.00200767
104	0.0290134	0.00903145	0.0374737	0.107768	0.00104687	0.0229949	0.0384852	0.0160872	0.163587	0.0308472	0.0245714	0.0788295	0.0140021	0.122124	0.134983	0.0671561	0.0599726	0.0351761	0.000152444	0.00669732
105	0.0463859	0.0045767	0.00326847	0.00637379	0.00109119	0.00160125	0.003273	0.425327	0.0068927	0.130136	0.111384	0.015146	0.00170642	0.00574724	0.00160601	0.00589027	0.0652867	0.161355	0.000293467	0.00265845
106	0.499315	0.0260928	0.00039173	0.000794629	0.00298537	0.0355952	0.00119528	0.00382021	0.00487904	0.0049837	0.000829009	0.0035463	0.00167565	0.00173478	0.0018475	0.38035	0.0187467	0.00917239	0.00012497	0.00191908
107	0.00724867	0.0020179	0.0265849	0.00247636	0.00206878	0.00282466	0.0443934	0.156501	0.171542	0.0573629	0.0496834	0.00317622	0.00225602	0.0986876	0.0825231	0.0307294	0.108175	0.149287	0.000519753	0.00194269
108	0.0815288	0.00651021	0.0108048	0.0286258	0.00284067	0.0212014	0.0104228	0.0073187	0.309323	0.0160204	0.00764685	0.0365878	0.0278798	0.119942	0.165442	0.0721943	0.0481838	0.0240268	0.000433349	0.00306542
109	0.0101844	0.00570208	0.00121629	0.000925429	0.0102983	0.000206247	0.00022565	0.431196	0.000240133	0.060471	0.0102853	0.000329402	0.000147332	0.00131734	0.000254823	0.00076865	0.0102491	0.452265	4.2768e-05	0.0036745
110	0.043159	0.000484289	0.372945	0.224558	0.000339374	0.0471142	0.0118971	0.0032577	0.0539614	0.0175427	0.00308014	0.0747016	0.000587576	0.049172	0.0189555	0.0628794	0.0110764	0.00139748	9.83449e-05	0.0027924
111	0.00601216	0.000647705	0.0012427	0.000826118	0.0820527	0.00166955	0.00967149	0.0734931	0.000916556	0.602707	0.131958	0.00139221	0.0100252	0.00781167	0.00102722	0.00341876	0.00715597	0.0319372	0.00437565	0.0216587
112	0.103444	0.000664288	0.0547131	0.0764469	0.000521034	0.049544	0.0294316	0.00112212	0.058016	0.00963082	0.00659844	0.151273	0.00271509	0.0570725	0.0168333	0.272289	0.101687	0.0034332	0.00329377	0.00127093
113	0.0241717	0.000854486	0.725447	0.0505013	0.000719309	0.00192632	0.00333064	0.00153663	0.00295645	0.00235485	0.00156872	0.134944	0.000833405	0.00309909	0.00207774	0.0271035	0.00303369	0.00211057	0.000227512	0.0112026
114	0.00553313	0.00247017	0.0182407	0.00849191	0.000446257	0.00719622	0.00957953	0.00466517	0.383562	0.00369478	0.00733607	0.0680701	0.0180423	0.0452149	0.364072	0.00903142	0.0413623	0.00163797	9.69447e-05	0.00125666
115	0.0374525	0.000530328	0.164463	0.524217	0.000427539	0.0259842	0.0130231	0.00642655	0.0491435	0.00949832	0.000866415	0.0227447	0.00059887	0.0668105	0.00285149	0.0317365	0.0228751	0.0194054	0.000131497	0.000813232
116	0.143888	0.00714008	0.0131841	0.0706844	0.00241464	0.0171827	0.00291829	0.0211928	0.0443879	0.0459341	0.0149981	0.0379211	0.00151765	0.086028	0.00880424	0.276622	0.168037	0.0324175	0.000367593	0.00436029
117	0.0100476	0.00130097	0.0017023	0.000979905	0.0374004	0.00240483	0.00249148	0.0619522	0.00314307	0.615398	0.189618	0.00145846	0.00279515	0.0091456	0.00369061	0.00335583	0.00924065	0.0403882	0.000167862	0.00331831
118	0.0407901	0.0028461	0.00144029	0.00402262	0.00195569	0.000953818	0.0055316	0.37991	0.0011893	0.255123	0.0331128	0.0166622	0.00206238	0.00842948	0.00101952	0.00560962	0.0140974	0.221836	0.00018448	0.00322342
119	0.0216133	0.0072318	0.0343364	0.0700781	0.00136839	0.0175232	0.0311702	0.0135539	0.226578	0.0238297	0.0220412	0.0838585	0.0117957	0.101852	0.195779	0.0494944	0.0550084	0.0251061	0.000158781	0.00762257
120	0.189216	0.0503146	0.00119467	0.00582789	0.000877049	0.0050325	0.00149632	0.167418	0.0135601	0.0856555	0.0736698	0.0155598	0.00537807	0.00945181	0.0242227	0.0711625	0.0722612	0.204404	0.00023222	0.00306633
121	0.377087	0.0819069	0.00739709	0.00921536	0.0115129	0.00547738	0.0377415	0.02732	0.00603955	0.0249105	0.0162524	0.0115834	0.00779556	0.0115896	0.00607351	0.0684142	0.142503	0.135653	0.00103522	0.0104917
122	0.133026	0.0143476	0.00921261	0.0340552	0.00412007	0.0156359	0.00934004	0.0238086	0.0419841	0.0197537	0.0106021	0.0790087	0.00165016	0.0520005	0.0210458	0.291355	0.203374	0.0189716	0.000400486	0.0163075
123	0.0696612	0.00755819	0.177925	0.142975	0.00746469	0.0265172	0.0243239	0.0222714	0.045384	0.0262079	0.015346	0.0768106	0.01105	0.0410674	0.0324787	0.0975268	0.139369	0.0252813	0.00164646	0.00913545
124	0.517393	0.0318173	0.000709845	0.000872217	0.0059618	0.0246726	0.00302868	0.00326875	0.00356486	0.0139811	0.00130694	0.00544221	0.00367709	0.00256183	0.00173177	0.336115	0.02979	0.011563	0.000188194	0.00235413
125	0.0327419	0.00896673	0.00758107	0.0128585	0.0361425	0.00608757	0.0219359	0.0607912	0.0278634	0.46736	0.0909391	0.0132877	0.00566635	0.0565935	0.0257881	0.0272947	0.0281329	0.0548297	0.00132256	0.0138164
126	0.0395943	0.0466029	0.00610966	0.00575934	0.0415058	0.0679895	0.0124366	0.0159096	0.0057684	0.0104596	0.00585903	0.192544	0.0353531	0.0389661	0.00569679	0.433178	0.0187125	0.0105936	0.00120288	0.00575733
127	0.177302	0.0251567	0.0203217	0.0212484	0.0127081	0.0249907	0.0173225	0.0159545	0.0237089	0.0274424	0.0118997	0.0521693	0.0127021	0.027104	0.012816	0.377244	0.109895	0.020019	0.00137575	0.00861952
128	0.122199	0.00833892	0.0228746	0.0340368	0.00570852	0.0210384	0.0155856	0.0141644	0.270616	0.0270653	0.0129601	0.0465196	0.0136152	0.082637	0.148184	0.0805598	0.0440531	0.0232126	0.00110829	0.00552346
129	0.0104952	0.00578433	0.00123577	0.000973312	0.0104519	0.00022642	0.000246968	0.432324	0.000252761	0.0626076	0.010441	0.000388555	0.000174324	0.00138447	0.000272135	0.000724241	0.0100779	0.448132	4.25697e-05	0.0037648
130	0.0103032	0.00570418	0.00121814	0.000974818	0.0103136	0.0002068	0.000260382	0.431846	0.000323675	0.0609491	0.0107294	0.000407392	0.000159862	0.00134671	0.000266899	0.000723312	0.0101545	0.450388	4.20098e-05	0.00368186
131	0.214162	0.0452659	0.0045887	0.00722079	0.0372957	0.0549178	0.0315615	0.0098842	0.00818801	0.0174631	0.00670007	0.0716983	0.014447	0.0269889	0.00619514	0.388347	0.0311757	0.0121172	0.00128953	0.0104932
132	0.0640399	0.00534429	0.0235246	0.0530127	0.0305636	0.0383353	0.11026	0.00733123	0.0371228	0.0388864	0.0130695	0.0914657	0.00474699	0.0924173	0.0300907	0.191964	0.0973389	0.0127134	0.00157349	0.0561992
133	0.0241906	0.00552502	0.011876	0.054274	0.0550633	0.0110269	0.356257	0.00702557	0.00557379	0.0119915	0.0078002	0.121651	0.00439243	0.055	0.00694583	0.0483941	0.0146441	0.00847248	0.000953793	0.188942
134	0.51849	0.0148756	0.00403552	0.0137754	0.00822471	0.017846	0.0206719	0.00536602	0.00489064	0.0172495	0.00535187	0.0104632	0.0562142	0.0121473	0.00363367	0.206324	0.059372	0.014367	0.000774941	0.00592679
135	0.0976388	0.000706495	0.054174	0.0723879	0.000672338	0.0492219	0.0305521	0.00123249	0.0566679	0.00889804	0.0062939	0.152748	0.00259461	0.0569489	0.0165621	0.277541	0.106424	0.00339412	0.00391527	0.0014247
136	0.0535059	0.0190205	0.000907272	0.00401504	0.0205406	0.00106015	0.0287931	0.0953735	0.0144979	0.325654	0.0637617	0.00371818	0.0012937	0.105879	0.0460055	0.0201082	0.0541848	0.117286	0.000188499	0.0242063
137	0.00689911	0.00131015	0.00135187	0.00101838	0.0886935	0.00173614	0.0103781	0.0766314	0.0013329	0.590368	0.121763	0.00177919	0.00740136	0.0081938	0.00138827	0.00425019	0.00884781	0.0366253	0.00522441	0.0248064
138	0.719198	0.00163971	0.000508652	0.00926364	0.000677297	0.0377302	0.00206229	0.0099195	0.00436552	0.00747749	0.00398425	0.00538127	0.0104228	0.00295078	0.00623399	0.160977	0.00501353	0.0109443	0.000160769	0.00108983
139	0.0294054	0.0147356	0.00798602	0.0122392	0.0116506	0.0159651	0.0110193	0.0905254	0.0195763	0.058358	0.0133286	0.0707276	0.391648	0.0158626	0.0155894	0.118678	0.0444265	0.0465223	0.00113697	0.0106187
140	0.00573021	0.000483748	0.00145622	0.000571886	0.0387111	0.00213246	0.00109986	0.0566208	0.00136095	0.646045	0.195873	0.000724848	0.00295301	0.00825064	0.00170787	0.00180673	0.00634476	0.0253998	0.000123604	0.00260358
141	0.34407	0.107222	0.00166992	0.00341246	0.00234075	0.0103537	0.0025274	0.0591463	0.00533618	0.0753992	0.0283621	0.00691608	0.00340926	0.0107899	0.00766499	0.164237	0.0462654	0.118735	0.00035468	0.00178706
142	0.0306498	0.0159004	0.00168036	0.00286481	0.00847962	0.000736729	0.00139214	0.340365	0.0017327	0.177033	0.0271566	0.00413827	0.00149672	0.00428463	0.00166716	0.00441677	0.0177072	0.354323	0.00016733	0.0038076
143	0.0343233	0.000477823	0.454772	0.201504	0.000362427	0.0357356	0.0116619	0.00269977	0.0425054	0.0127705	0.00233457	0.0836963	0.00072207	0.0374436	0.0147697	0.0497023	0.00950307	0.00116453	0.000101478	0.00375013
144	0.495254	0.0290951	0.000391705	0.000637845	0.00353645	0.0318419	0.00114062	0.00318478	0.00435205	0.00532436	0.000903179	0.00338809	0.00102324	0.00169496	0.00153826	0.383648	0.0211353	0.00993289	0.000132428	0.00184432
145	0.0828146	0.0216024	0.00159682	0.00443526	0.00289898	0.00346265	0.00206266	0.294928	0.00569814	0.107047	0.0334011	0.00818887	0.00312581	0.00723521	0.00720921	0.0287703	0.0412318	0.340345	0.000238653	0.00370675
146	0.0232573	0.00429482	0.00409323	0.00478838	0.00421132	0.00677024	0.0114912	0.0117217	0.0540771	0.265233	0.404411	0.00698824	0.00295241	0.0103826	0.0573555	0.0119028	0.0661334	0.0448271	0.00100877	0.00410012
147	0.0655747	0.0026488	0.0077502	0.0124724	0.00512461	0.0142377	0.00678398	0.00368477	0.395681	0.0159821	0.00473189	0.0419033	0.00897714	0.113122	0.190562	0.0680726	0.0279012	0.0132402	0.000171476	0.0013781
148	0.0113149	0.00559451	0.00121034	0.000989691	0.0100254	0.000322173	0.000311771	0.428238	0.000298041	0.0614109	0.0102277	0.000609993	0.000209095	0.00155386	0.000287463	0.00111192	0.0109048	0.451673	4.65067e-05	0.00366024
149	0.169763	0.0433744	0.000989289	0.0063807	0.000805857	0.00528635	0.00122541	0.182468	0.0146927	0.0910881	0.0743513	0.0120219	0.00587663	0.0102781	0.0241224	0.065024	0.0717586	0.217212	0.000194377	0.00308727
150	0.0470467	0.00184319	0.0911371	0.00162383	0.00846598	0.0835452	0.00867536	0.0268654	0.00256211	0.0336023	0.053911	0.393912	0.00205533	0.0024505	0.0181916	0.13262	0.0572469	0.0208251	0.0004027	0.0130179
151	0.109571	0.105127	0.00458955	0.00950401	0.000949672	0.00136229	0.00106081	0.121365	0.00120314	0.124789	0.0048828	0.00155041	0.00372207	0.00500075	0.00122641	0.00715574	0.0376912	0.453969	0.000433056	0.00484638
152	0.0240613	0.000852518	0.725472	0.0508572	0.000716145	0.00201976	0.00336066	0.0015288	0.00292945	0.00238508	0.00157642	0.134499	0.000833951	0.0031855	0.00211961	0.027163	0.00303144	0.00203435	0.00022763	0.0111462
153	0.0098079	0.00172758	0.00160481	0.00114521	0.0377768	0.00197871	0.00210123	0.0926423	0.00153556	0.611324	0.154928	0.00213677	0.00323574	0.0080196	0.00135884	0.00330249	0.0105564	0.0503506	0.000400153	0.00406677
154	0.00825651	0.00248818	0.019837	0.00876316	0.00102334	0.0076676	0.0106337	0.00454676	0.37623	0.00475358	0.00757746	0.0726687	0.0166079	0.0489042	0.348398	0.0151798	0.0420998	0.00271768	0.000109946	0.00153675
155	0.0501784	0.00170859	0.127433	0.00324852	0.00799726	0.0675204	0.00865563	0.0216556	0.00298994	0.0312464	0.0528853	0.400739	0.00217637	0.00279047	0.0186102	0.116222	0.0538007	0.0171678	0.000458408	0.0125152
156	0.00958321	0.00515672	0.00107128	0.0010366	0.00884985	0.000322756	0.000282754	0.468966	0.00038698	0.0524635	0.00953952	0.000429381	0.000217895	0.00148009	0.000323918	0.00113662	0.00957378	0.425193	5.54328e-05	0.00392989
157	0.0398432	0.00165152	0.00609628	0.0039724	0.00324291	0.00437732	0.0187176	0.00991365	0.340088	0.0227123	0.0209305	0.0351266	0.00706007	0.0392324	0.401035	0.0165833	0.0199815	0.00818367	0.000248346	0.00100348
158	0.0111004	0.00605085	0.00141103	0.000962794	0.00961245	0.000262235	0.000380382	0.427848	0.00102874	0.0684589	0.0168293	0.000847793	0.000244523	0.00137998	0.000281758	0.000987771	0.0112711	0.437545	4.82677e-05	0.00344847
159	0.010226	0.0057747	0.00124214	0.000912034	0.0104068	0.000202203	0.00022397	0.430928	0.000238442	0.0607626	0.0102881	0.000325634	0.00014566	0.00131256	0.000254298	0.000714663	0.0102423	0.452066	4.27986e-05	0.00369197
160	0.0506064	0.00411727	0.0130719	0.0336864	0.00228729	0.014154	0.0101181	0.00658933	0.353863	0.0153308	0.00709996	0.0457161	0.015011	0.117053	0.196363	0.0593212	0.0374279	0.0157759	0.000162982	0.00224394
161	0.0683112	0.00367511	0.00613331	0.012421	0.00554414	0.010271	0.0100497	0.00565998	0.360789	0.0207921	0.00794255	0.0342248	0.0072666	0.117469	0.222236	0.0612705	0.0264191	0.0178826	0.000144788	0.00149801
162	0.0551238	0.00910688	0.00112372	0.00234111	0.00495565	0.00147252	0.00229217	0.251846	0.00337987	0.334983	0.0553704	0.0125223	0.00181902	0.00514851	0.00475101	0.0193513	0.0191656	0.213301	0.000120606	0.00182466
163	0.0541129	0.0119111	0.0163665	0.00911056	0.00159539	0.799635	0.00564456	0.00279952	0.0235681	0.00576311	0.00553196	0.0241251	0.00120804	0.00425213	0.0046944	0.0151092	0.00598019	0.00584997	0.000426687	0.00231573
164	0.0325799	0.0173504	0.025727	0.0209983	0.00182559	0.78168	0.00829302	0.00257888	0.0277576	0.00550146	0.00352778	0.0311133	0.00309176	0.00663882	0.00517435	0.0126407	0.00630517	0.00472312	0.000421851	0.00207139
165	0.0736938	0.0239735	0.00614035	0.0432397	0.00437966	0.0105019	0.0101025	0.193378	0.0212806	0.0759049	0.0443991	0.0125294	0.00811419	0.0230606	0.0160509	0.0492683	0.172587	0.202525	0.000919894	0.00795013
166	0.0104296	0.0057438	0.00119189	0.00098726	0.0103595	0.000219824	0.000242412	0.433823	0.000249915	0.0607335	0.0101933	0.000366343	0.000182481	0.00140634	0.000273071	0.000749202	0.00992285	0.449088	4.30204e-05	0.00379482
167	0.00661069	0.000468715	0.460783	0.440233	0.000420287	0.00192093	0.00194152	0.000774497	0.00992826	0.00166333	0.000687859	0.0116236	0.00543328	0.0111913	0.0062175	0.0264833	0.00996223	0.00310779	0.000136154	0.000413462
168	0.00727053	0.000473227	0.453554	0.442255	0.000419618	0.0024662	0.00229633	0.000982682	0.0109717	0.0018775	0.000679964	0.0123192	0.00529359	0.0123759	0.006034	0.0262679	0.0103322	0.00355615	0.000135101	0.00043909
169	0.0881676	0.0230428	0.00152969	0.00210559	0.00348911	0.00438872	0.00406344	0.00865776	0.006564	0.00326795	0.0121333	0.0276643	0.00165724	0.00840586	0.00165774	0.490876	0.305015	0.00598308	0.000251494	0.00107964
170	0.0248729	0.00783566	0.0320473	0.0989388	0.00426074	0.0180503	0.0379593	0.0221753	0.171341	0.0397509	0.0200091	0.0717728	0.0100465	0.0910085	0.170202	0.066378	0.0586635	0.0396024	0.000377723	0.0147072
171	0.00833582	0.000775037	0.00177394	0.000841744	0.0304467	0.00310483	0.0023548	0.047074	0.004024	0.591272	0.246591	0.000931171	0.00218157	0.00670957	0.00566622	0.00218623	0.0136532	0.0295171	0.000200038	0.00236131
172	0.0104419	0.00556845	0.00119341	0.000943507	0.00998745	0.000237545	0.000234381	0.431208	0.000278193	0.0588504	0.0100865	0.000369571	0.00014972	0.00138074	0.000248951	0.000982687	0.0103577	0.453826	4.63013e-05	0.00360912
173	0.278136	0.00556891	0.00259185	0.00955293	0.00190356	0.534287	0.00262544	0.00465082	0.0044813	0.0187639	0.0228472	0.0048619	0.00253519	0.00469541	0.00884832	0.0592886	0.01259	0.0184673	0.000570243	0.00273467
174	0.00976133	0.00545421	0.00308688	0.00430001	0.00256286	0.00349818	0.00543494	0.105793	0.00692456	0.1062	0.00404187	0.012754	0.542547	0.0052917	0.00325134	0.0567338	0.043046	0.0736107	0.000783655	0.00492408
175	0.0454814	0.00262014	0.00187904	0.0283453	0.0145059	0.0169896	0.0515048	0.0243481	0.0926856	0.0109253	0.00640687	0.0210756	0.00151133	0.0370796	0.0420826	0.279157	0.277007	0.0352317	0.000422676	0.0107404
176	0.0607882	0.00251834	0.00656331	0.00917265	0.00776673	0.008691	0.0164589	0.00619878	0.340817	0.0255459	0.0138383	0.0389958	0.00489943	0.0877238	0.275716	0.0521377	0.0242534	0.0161488	0.000194575	0.0015714
177	0.0147059	0.013788	0.00556349	0.00351614	0.00161719	0.0024427	0.00236865	0.368075	0.0357315	0.0771194	0.220848	0.00495919	0.00148735	0.00462226	0.00222288	0.00589804	0.0263366	0.206143	0.000533994	0.00202074
178	0.0362592	0.000707148	0.132812	0.563192	0.000614753	0.023482	0.0129586	0.00701186	0.0500279	0.00842002	0.000975346	0.018882	0.000695714	0.0684655	0.00123298	0.026307	0.0263166	0.0207826	0.000222791	0.000633599
179	0.037906	0.00100709	0.357076	0.190865	0.000571187	0.0542361	0.0119098	0.00354321	0.0927723	0.016051	0.00342006	0.0854316	0.000857892	0.0468237	0.024884	0.0569763	0.010896	0.00157436	0.000135186	0.00306335
180	0.171662	0.107705	0.0038923	0.00803139	0.00135832	0.00228409	0.00243122	0.112955	0.00245895	0.0999989	0.0117918	0.00347251	0.00609947	0.00554531	0.0035634	0.0248067	0.043275	0.384356	0.000251932	0.00406032
181	0.00917985	0.00257507	0.0154537	0.00759877	0.000770482	0.00791601	0.00969333	0.00447855	0.411526	0.00515479	0.00888291	0.0616556	0.0185173	0.0468732	0.338386	0.0111881	0.0365781	0.00235943	9.8603e-05	0.00111454
182	0.013704	0.00697133	0.00114666	0.00116508	0.00888956	0.000615036	0.000369875	0.430532	0.000569015	0.0580235	0.0103932	0.000928663	0.00031328	0.00203998	0.000447306	0.00228765	0.0127757	0.445006	6.69552e-05	0.00375481
183	0.323921	0.00249134	0.00217508	0.0111365	0.00126871	0.516504	0.00229573	0.00370171	0.00357664	0.0112571	0.0190771	0.00358991	0.00232625	0.00276874	0.00835598	0.0550907	0.00983202	0.0183718	0.00046238	0.00179766
184	0.0165753	0.00481355	0.00109255	0.00101076	0.0143708	0.000516881	0.00129186	0.326804	0.000774405	0.260549	0.0324562	0.00383346	0.000693744	0.00273416	0.000742374	0.00321008	0.00934247	0.315319	0.000248577	0.00362068
185	0.108064	0.102642	0.00431216	0.00958606	0.000907701	0.00132179	0.00103963	0.132727	0.00166211	0.122444	0.00867739	0.00188261	0.00388528	0.00507207	0.0020701	0.00684716	0.0398361	0.442257	0.000177455	0.00458884
186	0.0351862	0.00588284	0.115858	0.0916762	0.00626502	0.0244606	0.0273042	0.0157038	0.170771	0.0307609	0.0145588	0.0704377	0.0113135	0.0949538	0.155368	0.0555512	0.0429019	0.0221315	0.000639116	0.0082756
187	0.0232045	0.00265551	0.00453254	0.00597789	0.375436	0.00683284	0.0324719	0.0587945	0.00610829	0.120078	0.0324499	0.00941113	0.0086838	0.0131242	0.00721316	0.0201041	0.017315	0.038517	0.0161729	0.200917
188	0.0327527	0.100829	0.0133521	0.0191549	0.00811923	0.0110648	0.172874	0.0135004	0.013153	0.0172153	0.0116383	0.0188722	0.0571676	0.317556	0.0130166	0.0299508	0.0230214	0.0184214	0.00259533	0.105745
189	0.0283481	0.00570984	0.0013667	0.00150201	0.00490277	0.000860063	0.00223977	0.286593	0.00100253	0.409594	0.0387395	0.00900278	0.000945951	0.00326597	0.000792399	0.00587283	0.0217972	0.175206	0.000120332	0.00213801
