236	20
1	0.127015	0.0190139	7.89788e-05	9.38514e-05	0.0559834	0.0371975	0.000144303	0.192338	0.0001391	0.319507	0.027096	0.000233842	0.000178286	0.000210512	0.0002094	0.020537	0.0380537	0.154332	0.00429308	0.00334519
2	0.284703	0.00573763	0.000951242	0.00172999	0.024327	0.160067	0.00223951	0.0307328	0.00334308	0.0360941	0.0162863	0.0183809	0.00189893	0.00116395	0.00800451	0.143395	0.177735	0.0759883	0.00179887	0.00542254
3	0.0355901	0.0121716	0.000358792	0.000382141	0.0683014	0.00610998	0.000665726	0.137318	0.000450796	0.519129	0.0674629	0.00308457	0.00139946	0.00427943	0.000686887	0.00793175	0.0163555	0.105496	0.0023309	0.0104941
4	0.207834	0.0178982	0.000227115	0.000240659	0.0704234	0.0751899	0.000297577	0.181258	0.000450096	0.0966089	0.0050687	0.000450073	0.000355175	0.000283192	0.000498392	0.0372677	0.0758487	0.226404	0.00272675	0.000670337
5	0.0788744	0.01932	0.00132186	0.0027536	0.246773	0.0187771	0.00191833	0.0768971	0.0076491	0.159613	0.0467796	0.00185282	0.00244933	0.00315555	0.00515722	0.0591106	0.0501291	0.0841799	0.0175318	0.115756
6	0.21949	0.009423	0.136797	0.133815	0.0134566	0.0510941	0.00556437	0.07967	0.00433525	0.0177742	0.0110915	0.0608183	0.00337248	0.00666414	0.00376281	0.0214221	0.127253	0.083209	0.00363688	0.00735127
7	0.0305584	0.00634638	0.000471956	0.000477145	0.419583	0.012412	0.000544256	0.044305	0.0153116	0.115436	0.0277173	0.000874686	0.00143719	0.000497533	0.00829274	0.0255125	0.0169724	0.0303591	0.0304308	0.21246
8	0.0742118	0.00882921	0.000417954	0.000410418	0.0392357	0.0142816	0.000447756	0.244748	0.00541394	0.150543	0.0460299	0.00106209	0.00186441	0.00130888	0.0042409	0.0437804	0.0854408	0.266218	0.00493558	0.00657963
9	0.102708	0.00998809	0.0269815	0.0221189	0.0106248	0.0690678	0.0136773	0.0148823	0.037995	0.0195222	0.0124849	0.107496	0.00460662	0.0269685	0.0291737	0.188459	0.261457	0.027265	0.0047207	0.00980205
10	0.0532732	0.00118815	0.000818952	0.000697181	0.0101429	0.849748	0.00144894	0.00576594	0.00186987	0.0037438	0.00585773	0.0057056	0.00229058	0.000875851	0.00226679	0.0373959	0.00419713	0.00893983	0.00167867	0.00209495
11	0.12189	0.00820808	0.00125848	0.00190111	0.161629	0.0231832	0.00348163	0.0909252	0.00375972	0.210216	0.0558728	0.00251119	0.00317079	0.00379827	0.017766	0.0236598	0.0604468	0.161588	0.0273376	0.0173964
12	0.0568339	0.0040637	0.0446323	0.0361636	0.00774619	0.0417304	0.11499	0.0129182	0.0970814	0.0254266	0.0115917	0.147149	0.00426229	0.0790422	0.0900319	0.0995313	0.0946781	0.0164493	0.00165393	0.0140238
13	0.0652449	0.008301	0.38018	0.0279311	0.0163752	0.0761997	0.0284854	0.0330103	0.0350874	0.0313106	0.0148132	0.0450864	0.00645675	0.021935	0.0230748	0.0682408	0.0668676	0.0366755	0.00539926	0.00932522
14	0.496002	0.0285432	0.00173775	0.00513973	0.00304432	0.0472292	0.00304509	0.018442	0.00338311	0.0119731	0.00433806	0.0147126	0.00156398	0.000580151	0.00155784	0.259703	0.0579073	0.0391746	0.000635344	0.00128754
15	0.380352	0.00840808	0.0016872	0.00140937	0.0266313	0.247781	0.00171974	0.0137851	0.00184187	0.0110934	0.00631298	0.0035107	0.0305386	0.00162889	0.00226144	0.191934	0.0289951	0.0250277	0.0103128	0.00476843
16	0.0600212	0.0025544	0.0818962	0.0754278	0.00129419	0.0458156	0.0327925	0.00844152	0.110215	0.0186948	0.0064485	0.154967	0.00255891	0.127291	0.0778909	0.108068	0.0687119	0.0110753	0.000439158	0.00539512
17	0.462977	0.0230825	0.00181936	0.0027572	0.0075823	0.0484772	0.00147175	0.028878	0.00331162	0.0295138	0.0265695	0.00721967	0.00395701	0.00103509	0.00159012	0.201058	0.0487236	0.0920007	0.00403924	0.0039356
18	0.0210985	0.00174889	0.000418481	0.000367749	0.0242888	0.00526571	0.00173771	0.372402	0.00121285	0.0841865	0.00902517	0.000756284	0.000363197	0.000467802	0.00078743	0.0033157	0.0237395	0.446498	0.00143001	0.000889581
19	0.491068	0.0206539	0.00108856	0.00246764	0.00385686	0.073797	0.00263239	0.0117862	0.0019713	0.0128376	0.00561816	0.00769644	0.00261175	0.00071854	0.00139176	0.27072	0.0540463	0.0320011	0.0011075	0.0019292
20	0.282291	0.0274658	0.00788868	0.0180357	0.00961405	0.0282689	0.0017433	0.0153443	0.00288991	0.0408605	0.0171175	0.0171915	0.00174137	0.00401359	0.00271317	0.20215	0.253411	0.0572266	0.00363055	0.00640208
21	0.168466	0.0769775	0.00128265	0.00152033	0.0201871	0.00932289	0.00186143	0.0964214	0.00188577	0.0602251	0.00724648	0.00283474	0.0674607	0.00172687	0.00235838	0.0577675	0.109293	0.307046	0.00191113	0.00420598
22	0.0209558	0.00173599	0.000220944	0.000258155	0.0251877	0.00510861	0.00175241	0.387008	0.0010585	0.0847262	0.00955839	0.000404999	0.000323731	0.000287143	0.000597856	0.0031997	0.0229196	0.432358	0.00155388	0.000785261
23	0.362947	0.0161533	0.00169864	0.00184311	0.021541	0.116481	0.00612219	0.0128952	0.00256125	0.0121763	0.00479825	0.00840424	0.00146039	0.00682279	0.0178726	0.192819	0.140698	0.0357882	0.00302855	0.0338892
24	0.116092	0.0492381	0.00706798	0.00733039	0.0372202	0.0315395	0.00300048	0.0176148	0.00329287	0.023729	0.0145194	0.0164803	0.00350438	0.00491192	0.00377538	0.267187	0.347021	0.0302993	0.00733025	0.00884531
25	0.00553165	0.000552497	0.0276569	0.0215933	0.0010646	0.0481305	0.0288485	0.00424993	0.312775	0.00308883	0.00540024	0.0550158	0.00296418	0.0364548	0.406602	0.0243374	0.00732755	0.00190877	0.00036663	0.00613146
26	0.48403	0.0342835	0.00228388	0.00273103	0.00382661	0.0462527	0.000928467	0.023681	0.00294185	0.0205315	0.00883506	0.00931191	0.00109104	0.000432915	0.00174332	0.217176	0.0738977	0.0629826	0.00102415	0.0020149
27	0.0262277	0.00493464	0.000252604	0.000403365	0.0412232	0.00795595	0.000368456	0.142939	0.000491846	0.482929	0.141214	0.00193591	0.00326469	0.00316887	0.000788743	0.00638222	0.0173524	0.0983807	0.0114138	0.00837314
28	0.0552601	0.00127548	0.020951	0.0172789	0.00477348	0.0516255	0.0166759	0.00408109	0.145125	0.00409588	0.00265299	0.04165	0.0268445	0.00374127	0.105452	0.256034	0.221561	0.00753274	0.00102436	0.0123647
29	0.103351	0.00380762	0.00175143	0.0371728	0.0086724	0.0105528	0.00234712	0.0695396	0.00236808	0.0800541	0.024915	0.0226885	0.482959	0.0021217	0.00306401	0.013807	0.0155203	0.0866946	0.00220237	0.0264111
30	0.113019	0.00239388	0.0098208	0.00168981	0.0137725	0.0216233	0.0206128	0.0452066	0.0588618	0.0316	0.0186026	0.0276473	0.011033	0.176685	0.0535581	0.0552826	0.135343	0.162223	0.00892399	0.0321015
31	0.511895	0.0214847	0.00107772	0.00278601	0.00522666	0.0999292	0.00216648	0.0129984	0.00184405	0.0132551	0.00677865	0.0062387	0.0028693	0.000776339	0.00137033	0.223841	0.0467639	0.0346829	0.00157452	0.0024411
32	0.0204088	0.0021945	0.000211694	0.000235126	0.0299963	0.00514289	0.00226435	0.366728	0.00103435	0.108146	0.00903598	0.00040099	0.000341381	0.000297724	0.000543862	0.00287004	0.0196151	0.428641	0.00117738	0.000714618
33	0.127146	0.0190089	7.82028e-05	9.29199e-05	0.0560077	0.0372506	0.000143437	0.192316	0.000139845	0.319398	0.0270733	0.00023145	0.000167179	0.000205028	0.000210868	0.0205606	0.0380695	0.154246	0.00430539	0.0033498
34	0.0333365	0.00186631	0.000594411	0.000815101	0.0477831	0.0204924	0.000949528	0.0903258	0.00100099	0.388084	0.270123	0.00129521	0.00659181	0.000994081	0.00118687	0.0063396	0.0153204	0.0679166	0.0347658	0.0102184
35	0.504291	0.0292031	0.00113303	0.00175301	0.00250225	0.070151	0.0011917	0.0136225	0.00185594	0.0108963	0.00259823	0.00613299	0.00167576	0.000394043	0.00165975	0.238608	0.0728463	0.0376196	0.000383806	0.00148188
36	0.487368	0.0124987	0.000269366	0.000597708	0.00442763	0.185323	0.000523174	0.0077845	0.000596754	0.00862202	0.00209358	0.00223736	0.00249746	0.000274157	0.00177888	0.196195	0.0614595	0.0236717	0.000321038	0.0014603
37	0.105336	0.0127707	0.000292552	0.000407723	0.185425	0.0352861	0.000507414	0.146863	0.000550494	0.126492	0.00895064	0.000615656	0.00105735	0.000393142	0.00058527	0.0291319	0.0278709	0.315543	0.00102944	0.000891429
38	0.0722678	0.158429	0.0015165	0.00174521	0.340928	0.0590535	0.00219956	0.00961725	0.00232456	0.0884758	0.163251	0.00276414	0.0024794	0.0018313	0.00257108	0.0113908	0.0278324	0.0128506	0.0351607	0.00331042
39	0.0764153	0.0114693	0.0970691	0.08029	0.00401318	0.0523574	0.0259771	0.0168631	0.0774203	0.0180328	0.00752806	0.145172	0.00227541	0.106832	0.05385	0.0873543	0.110211	0.0202134	0.00126869	0.00538779
40	0.0436799	0.00112253	0.000248832	0.000278823	0.39364	0.00992635	0.00775317	0.0598468	0.000538947	0.283792	0.0869272	0.000590753	0.0009302	0.000395991	0.00104048	0.00883089	0.0175115	0.0610075	0.00557424	0.0163639
41	0.101194	0.0112189	0.000105672	0.000142731	0.077681	0.0251114	0.000195558	0.211289	0.000181127	0.308222	0.0245174	0.000272898	0.00303319	0.000244618	0.000300391	0.015543	0.0275971	0.188329	0.00246653	0.00235427
42	0.121463	0.00282562	0.000883086	0.000702796	0.0104472	0.73935	0.00122812	0.00616925	0.00156901	0.00468757	0.00625298	0.00468213	0.00293413	0.000949443	0.00241654	0.0670553	0.0106635	0.0113015	0.00175597	0.00266247
43	0.201674	0.00359958	0.000952076	0.00172655	0.0542707	0.0383353	0.00938877	0.176054	0.0017966	0.0797575	0.0179134	0.00214986	0.0720893	0.00132288	0.00160864	0.0575946	0.0232284	0.176166	0.00331779	0.0770537
44	0.0449481	0.0010093	0.000242026	0.000379806	0.341089	0.00876744	0.0110193	0.0601256	0.000401734	0.323559	0.092376	0.000488152	0.000870781	0.000434332	0.000960847	0.0114167	0.0210194	0.0577933	0.00743224	0.015667
45	0.0417489	0.00861353	0.00202031	0.00224963	0.0245855	0.00974891	0.0010088	0.250754	0.0128971	0.108049	0.0215918	0.00526846	0.00378516	0.0026945	0.017387	0.0222262	0.044383	0.388417	0.0101187	0.0224528
46	0.347212	0.00657129	0.00481615	0.00535946	0.0169958	0.15256	0.0117043	0.015444	0.021356	0.0232801	0.0365943	0.0239454	0.00234524	0.00439634	0.00623381	0.17665	0.0870133	0.0503056	0.00208267	0.00513371
47	0.0602383	0.00259523	0.0830769	0.0767884	0.00117572	0.0453322	0.0334206	0.00855669	0.108585	0.0192429	0.00648607	0.155846	0.00227356	0.130765	0.0766436	0.10561	0.0667106	0.0110522	0.000430694	0.00517018
48	0.227953	0.0147718	0.00549556	0.00539004	0.0346981	0.0426211	0.00262861	0.0195199	0.00325348	0.0343871	0.0431922	0.0175694	0.00329582	0.00371051	0.00357658	0.222052	0.234233	0.0691951	0.00464733	0.00780904
49	0.0358436	0.0039987	0.000272593	0.000306432	0.024073	0.00757648	0.000877801	0.375068	0.00549881	0.0853953	0.0318973	0.00053636	0.00149048	0.000558341	0.00391549	0.0140152	0.0370124	0.360122	0.00615145	0.00539064
50	0.322733	0.00302163	0.0114943	0.00440289	0.0116508	0.120677	0.0330404	0.0115306	0.023142	0.0301043	0.0146197	0.0303256	0.00139893	0.0159917	0.0210849	0.21946	0.0942262	0.0202745	0.00144002	0.00938086
51	0.0621023	0.000999357	0.0355546	0.0289662	0.00726937	0.0656154	0.0223061	0.00430263	0.218201	0.0039254	0.00331278	0.071084	0.0103737	0.00855183	0.10745	0.202798	0.120098	0.0113664	0.000644711	0.0150785
52	0.0476096	0.00199836	0.18244	0.0344649	0.0179355	0.283335	0.00145135	0.0511321	0.0506569	0.0406307	0.00403606	0.0724377	0.00158331	0.00106702	0.00163219	0.145877	0.018752	0.0389381	0.00153805	0.00248543
53	0.0423258	0.00867896	0.000125158	0.000523225	0.0519274	0.0114653	0.000181402	0.25499	0.0003963	0.300932	0.0578406	0.00112455	0.00246923	0.00416665	0.00205096	0.0153634	0.0261567	0.212453	0.00319924	0.00363048
54	0.0755171	0.00229562	0.0119697	0.0124616	0.0042837	0.0161039	0.00135649	0.139401	0.0121702	0.0752761	0.0042003	0.0340193	0.0013613	0.0127449	0.0136705	0.0307663	0.0199818	0.527317	0.00136175	0.00374154
55	0.0479876	0.00463991	0.000201889	0.00029751	0.0298772	0.00877831	0.000880315	0.321267	0.00850732	0.113386	0.0296971	0.000552234	0.00211836	0.000672855	0.00552784	0.0153687	0.0488895	0.348216	0.00566842	0.00746598
56	0.0220646	0.00257326	0.000239123	0.000311453	0.0357293	0.00543091	0.00310435	0.35314	0.000965731	0.133939	0.00955345	0.000440874	0.000685072	0.000279422	0.000591431	0.00319563	0.0159898	0.410274	0.0008295	0.000663542
57	0.126682	0.0190197	0.000118375	0.000142072	0.0584563	0.0339267	0.000171583	0.183828	0.000179167	0.339528	0.0277333	0.000279212	0.000218692	0.000231341	0.000247372	0.0205132	0.0351137	0.146341	0.00391091	0.00335838
58	0.46535	0.136051	0.00229091	0.00126446	0.00265646	0.0420114	0.000959194	0.0511501	0.00140987	0.0068534	0.0103522	0.00521233	0.00097535	0.00097106	0.00088674	0.185285	0.0276212	0.0560004	0.000998619	0.00170017
59	0.345024	0.00633335	0.000391807	0.000450713	0.0101183	0.358849	0.000572682	0.0191977	0.000920034	0.00848017	0.0093318	0.00118099	0.00310853	0.000561338	0.00120265	0.141306	0.0545382	0.0364684	0.000827012	0.00113822
60	0.0205269	0.00850347	0.000208946	0.000285867	0.0382785	0.004357	0.000237027	0.167102	0.000336281	0.492852	0.0886763	0.0034257	0.000667687	0.00645994	0.00108709	0.00736219	0.0190485	0.128897	0.00281723	0.00887042
61	0.0379006	0.010067	9.70158e-05	0.000154871	0.0490129	0.0109423	0.000149525	0.25462	0.000276495	0.298328	0.0639628	0.000969117	0.00196756	0.00264891	0.0023959	0.0152543	0.0271068	0.217215	0.00349042	0.00343949
62	0.432814	0.0104314	0.000211293	0.000220145	0.00622366	0.293895	0.000244361	0.00728784	0.00038722	0.00629056	0.00279386	0.000451198	0.00398243	0.000266504	0.000365061	0.184558	0.0347698	0.0139955	0.000328319	0.000483163
63	0.501602	0.0299547	0.000947955	0.00148916	0.00302613	0.106028	0.00128274	0.0188227	0.00152993	0.0090145	0.00310393	0.00552487	0.00211612	0.000420788	0.00131613	0.22748	0.0531834	0.0315252	0.000457011	0.00117447
64	0.0877685	0.0260857	0.00102298	0.00100921	0.00708749	0.0371525	0.0012793	0.39752	0.00404617	0.0234393	0.104526	0.00152934	0.00134311	0.00134285	0.00227095	0.0470623	0.0133401	0.237703	0.00208905	0.00238151
65	0.205086	0.017496	0.000233075	0.000235885	0.0701593	0.0743996	0.000292525	0.181369	0.000424419	0.0989859	0.00546648	0.00045117	0.000332029	0.000298168	0.000458211	0.038043	0.0785244	0.224385	0.00270776	0.000652363
66	0.0725645	0.00449556	0.00172524	0.00592845	0.0618775	0.022163	0.0169969	0.0327778	0.0384933	0.0954949	0.0139559	0.00349472	0.00296201	0.0134524	0.0509158	0.0506642	0.0749708	0.0366637	0.257523	0.14288
67	0.047638	0.00203454	0.186814	0.0332441	0.0173287	0.277485	0.00144188	0.051083	0.050082	0.0407477	0.00422566	0.075593	0.00164992	0.00106494	0.00164161	0.143804	0.0184613	0.0416376	0.00146466	0.00255879
68	0.0402514	0.00734554	0.000361895	0.00179596	0.0627427	0.0118366	0.000503904	0.177782	0.00108029	0.406031	0.0509695	0.00608225	0.00184626	0.00901942	0.0013819	0.0130061	0.0219959	0.168887	0.00237687	0.0147039
69	0.04666	0.00349764	0.0001351	0.000180507	0.0879182	0.010157	0.000298352	0.260139	0.000261073	0.293315	0.0326615	0.000454765	0.00677195	0.000748456	0.000937895	0.0118473	0.0199193	0.221653	0.00104121	0.00140304
70	0.239645	0.0468176	0.00248524	0.00441238	0.0363801	0.042205	0.00412218	0.0716965	0.0044975	0.151671	0.0246315	0.00697708	0.00536027	0.00378518	0.00598932	0.0731839	0.165871	0.0923892	0.0068177	0.0110628
71	0.118148	0.00927577	0.00476065	0.00625347	0.0263845	0.032894	0.00652541	0.0298022	0.00966318	0.0466755	0.0176418	0.0100409	0.00462922	0.00767388	0.0117984	0.160913	0.216668	0.0378915	0.130406	0.111954
72	0.0314404	0.00130352	0.000635494	0.00719321	0.083189	0.0174168	0.0271863	0.0259181	0.0675859	0.0901504	0.0095918	0.00110904	0.000961408	0.020291	0.0899899	0.025005	0.0152048	0.0264741	0.325069	0.134285
73	0.0332898	0.00459968	0.000417606	0.0005158	0.393381	0.0122551	0.000620881	0.0503726	0.027864	0.144786	0.0227352	0.000778973	0.00206758	0.000488043	0.0150264	0.0246054	0.0172595	0.0255183	0.0336355	0.189783
74	0.129312	0.00298981	0.0331286	0.0163524	0.00955967	0.188693	0.0184087	0.0104735	0.0887729	0.0133147	0.00767263	0.0500822	0.00825601	0.015269	0.0895556	0.206394	0.0812311	0.0176891	0.00189613	0.0109491
75	0.0137995	0.00128215	0.000691797	0.000643781	0.0348429	0.00393527	0.00513054	0.427282	0.000860355	0.207749	0.238382	0.00124869	0.00130883	0.00110245	0.00102776	0.00577777	0.00453218	0.0470316	0.00134984	0.00202084
76	0.0633249	0.00227173	0.000965093	0.00964924	0.00478622	0.00627729	0.0115713	0.020051	0.00731911	0.0512491	0.00889446	0.00606109	0.69143	0.00116858	0.022674	0.0268382	0.0294793	0.0274891	0.00143201	0.00706844
77	0.117589	0.0156817	0.000793116	0.00115457	0.0252971	0.0245301	0.00118513	0.159153	0.00180899	0.0875989	0.0223444	0.00309147	0.00486327	0.0011851	0.00187612	0.0844744	0.177573	0.262613	0.00282636	0.00436066
78	0.212311	0.0220233	0.00529048	0.0054777	0.011192	0.0548755	0.00521584	0.0199907	0.00994274	0.0205793	0.0118693	0.0120037	0.00415206	0.00428458	0.00933972	0.448922	0.107465	0.0259869	0.00368774	0.00539017
79	0.150278	0.0109407	0.00916248	0.0298062	0.0117019	0.0653783	0.0040536	0.0136087	0.00587796	0.0411541	0.0151903	0.0218951	0.00270882	0.00540623	0.00505633	0.291068	0.277096	0.0266234	0.0049821	0.0080121
80	0.0875121	0.0140294	0.0105895	0.00890761	0.0105587	0.0296923	0.00198297	0.00891025	0.00352388	0.0154695	0.0105586	0.0229156	0.00270671	0.00589119	0.0035396	0.260722	0.445551	0.0219796	0.0215114	0.0134477
81	0.0646482	0.0064595	0.00827346	0.00726793	0.0113368	0.0198886	0.372188	0.0182819	0.0158	0.0455518	0.0119345	0.0673125	0.00487283	0.167509	0.0437433	0.02984	0.0313168	0.0195459	0.00299063	0.0512382
82	0.491936	0.0227836	0.000609589	0.00146257	0.00269874	0.0800834	0.00138651	0.0086416	0.00109175	0.00921444	0.00179554	0.00496595	0.00191828	0.000379905	0.00159752	0.265757	0.0755291	0.0263115	0.000380256	0.00145599
83	0.0165938	0.00374849	0.000616667	0.000531436	0.0376685	0.00431321	0.00315912	0.344512	0.000732608	0.322955	0.168259	0.00159566	0.00136526	0.00227645	0.00103415	0.00619296	0.00912506	0.0703482	0.00142197	0.00355155
84	0.022684	0.00166746	0.000242232	0.000270896	0.0243847	0.00557308	0.00158783	0.384721	0.00136553	0.0803365	0.0104265	0.000526799	0.000420107	0.000294904	0.000929588	0.00370599	0.0258075	0.432041	0.00193136	0.00108278
85	0.165237	0.00347775	0.000792566	0.000603812	0.0141268	0.660128	0.00107773	0.00714783	0.00103208	0.00497982	0.00549603	0.00409682	0.00497709	0.000872671	0.00244804	0.090925	0.0151541	0.0116804	0.00268055	0.00306609
86	0.42187	0.00970335	0.000194749	0.000209619	0.00723286	0.310731	0.000270973	0.00694322	0.000338727	0.00609049	0.00291026	0.000412653	0.00453669	0.000272902	0.000274772	0.18504	0.030758	0.0114238	0.000324544	0.000461343
87	0.0196728	0.00637252	0.000272045	0.000316745	0.0384266	0.00462138	0.000323507	0.143091	0.000348745	0.523092	0.113201	0.00334558	0.00153858	0.00565883	0.000635698	0.00561921	0.017198	0.100974	0.00471034	0.0105813
88	0.172642	0.0205253	0.000318737	0.000449287	0.02755	0.0316265	0.00056211	0.198668	0.00539402	0.121498	0.0487636	0.00149272	0.00127318	0.000848557	0.00338963	0.0342984	0.0666701	0.258251	0.00278232	0.00299626
89	0.0669198	0.00383007	0.00206889	0.00191834	0.0345357	0.71714	0.00174857	0.0163485	0.00305959	0.0121737	0.0342284	0.00627827	0.00302151	0.00148667	0.00616559	0.0403972	0.0191888	0.0207881	0.00380548	0.0048973
90	0.54808	0.014496	0.000600098	0.0017654	0.00196139	0.0639165	0.0024568	0.00751837	0.00150348	0.0104595	0.00208385	0.00703256	0.00327944	0.000341814	0.000913834	0.259871	0.0411511	0.0313923	0.000477322	0.000699446
91	0.231371	0.0030175	0.000937698	0.00103314	0.0218559	0.347465	0.00130729	0.0267796	0.00236412	0.0190462	0.0242758	0.00524439	0.00184638	0.00113644	0.00423165	0.119287	0.113134	0.0724562	0.00112179	0.00208726
92	0.0302206	0.00902808	0.000108972	0.000152831	0.0473162	0.00874999	0.000157756	0.261424	0.000522345	0.29285	0.0670802	0.00111256	0.00213455	0.00301827	0.00273484	0.0147115	0.026178	0.224642	0.00395427	0.00390284
93	0.298538	0.00306184	0.00105926	0.00141204	0.02047	0.0733743	0.00144136	0.0658382	0.00232625	0.0251391	0.0872951	0.00240159	0.0321953	0.00148097	0.00183842	0.09956	0.0496197	0.185487	0.0278978	0.0195639
94	0.0220443	0.00162261	0.000251384	0.000285519	0.0242459	0.00533112	0.00158498	0.383257	0.00136616	0.0806098	0.00975735	0.000447633	0.000429733	0.000300827	0.000924501	0.00346175	0.0263015	0.434812	0.00185169	0.00111412
95	0.0450735	0.00313608	0.000166307	0.000187106	0.0846908	0.00922903	0.000716841	0.263269	0.000276863	0.28351	0.027202	0.000476413	0.00583028	0.000686943	0.000834782	0.0106284	0.0177466	0.244203	0.000813723	0.00132184
96	0.113326	0.00179977	0.000709622	0.0276436	0.0485783	0.012338	0.00091605	0.138923	0.00848372	0.309328	0.0384493	0.00646737	0.00117451	0.0623892	0.00110323	0.0287517	0.0323687	0.138951	0.0012294	0.0270692
97	0.269963	0.00566973	0.0016444	0.00220096	0.0599736	0.238879	0.00249582	0.034582	0.00239927	0.0123479	0.0112099	0.00307005	0.0950735	0.00246498	0.00419638	0.108023	0.0130225	0.0593266	0.0490289	0.0244287
98	0.0238953	0.00425154	0.000347518	0.000485389	0.0349277	0.00670987	0.00116143	0.164191	0.000555375	0.47271	0.165073	0.00210597	0.00235568	0.00313452	0.000695157	0.00788097	0.0137339	0.0790129	0.00863061	0.00814259
99	0.0764217	0.0113273	0.000252033	0.000455842	0.225106	0.0199962	0.000510949	0.133015	0.000505882	0.168548	0.0143603	0.00075382	0.00228543	0.000472027	0.000684033	0.0171584	0.0119936	0.314679	0.00066648	0.000808054
100	0.120796	0.0172983	8.02599e-05	0.000129195	0.0598681	0.0350316	0.000145722	0.19458	0.00015574	0.322707	0.0263432	0.000336565	0.000579579	0.000235352	0.000231976	0.019237	0.0368564	0.157457	0.00393235	0.00399847
101	0.405214	0.0104048	0.00129644	0.00132837	0.00963231	0.19338	0.00278809	0.0128342	0.00250656	0.0215671	0.00845965	0.00654444	0.00500304	0.00145567	0.00321682	0.227383	0.0567056	0.0239674	0.00184649	0.00446625
102	0.0669443	0.00370864	0.00176818	0.00853552	0.0065045	0.00951565	0.0126094	0.0208442	0.0085579	0.0670714	0.0102425	0.00591353	0.636602	0.00216671	0.0241097	0.0311754	0.043954	0.0293857	0.00240675	0.00798415
103	0.0444286	0.00395816	0.000125255	0.000160147	0.0817793	0.0100598	0.000258619	0.257965	0.000253779	0.297302	0.0371118	0.000489348	0.00686393	0.000845267	0.00105338	0.012065	0.0213331	0.221042	0.0012967	0.00160832
104	0.0353407	0.00864041	0.000101758	0.000161921	0.0517192	0.00916752	0.00015741	0.261768	0.000298001	0.298044	0.0615435	0.000862337	0.00270653	0.0024578	0.00226203	0.0145022	0.0248888	0.219268	0.00314238	0.00296733
105	0.316776	0.00672102	0.000540254	0.000473841	0.0132143	0.435649	0.000812876	0.0150296	0.000770148	0.00632307	0.00462088	0.00208433	0.0171758	0.000769352	0.00101587	0.132892	0.0209412	0.0154449	0.00549045	0.00325478
106	0.058339	0.00137822	0.000290754	0.000312684	0.383668	0.014527	0.00682793	0.0637684	0.000476406	0.269964	0.0864477	0.000467866	0.00143573	0.000373114	0.000985005	0.00868015	0.0177177	0.0590487	0.00663268	0.0186585
107	0.206842	0.017689	0.000227007	0.000238662	0.0706857	0.0748279	0.000292571	0.181258	0.000435856	0.0967037	0.00491384	0.000448513	0.000353503	0.000292433	0.000461525	0.0371428	0.0763563	0.227407	0.00274976	0.000673477
108	0.12632	0.0169784	9.4081e-05	0.000120251	0.0535177	0.0538845	0.000165849	0.179045	0.000160577	0.281103	0.0296155	0.000823419	0.000171813	0.000200544	0.000246316	0.0401422	0.0741853	0.137858	0.00323493	0.00213227
109	0.421899	0.00948496	0.000217084	0.000238291	0.00721485	0.309634	0.000328603	0.00708867	0.000384135	0.00629731	0.00295838	0.000520767	0.00531229	0.000279632	0.000361661	0.185562	0.0298932	0.011332	0.000455205	0.000537237
110	0.031357	0.00710105	0.000436351	0.000444714	0.402216	0.0137686	0.000577205	0.0441206	0.0161173	0.110641	0.0260259	0.000694089	0.00129119	0.000517207	0.00878892	0.0300218	0.0176974	0.0261547	0.0356327	0.226396
111	0.1272	0.0190195	7.82229e-05	9.37413e-05	0.05601	0.0372542	0.000143793	0.192216	0.000139217	0.319493	0.0270502	0.000233038	0.000167171	0.000204425	0.000209053	0.0205655	0.0380815	0.154193	0.0043012	0.00334631
112	0.206807	0.00738053	0.000504017	0.000527372	0.180099	0.0597225	0.000655676	0.078581	0.000717001	0.269793	0.0535331	0.000710077	0.00617164	0.000715662	0.00131984	0.0152537	0.0171484	0.0591711	0.0275545	0.0136343
113	0.0412851	0.00419163	0.0122012	0.0103559	0.00799297	0.0159756	0.362268	0.0134172	0.00536617	0.0542329	0.00836381	0.0480628	0.00447617	0.270126	0.0458617	0.0266121	0.0172429	0.0145246	0.00266322	0.0347805
114	0.0455441	0.0143404	0.000649989	0.000668734	0.0342244	0.00920032	0.000916147	0.254141	0.0193709	0.12113	0.0234354	0.00117663	0.00438488	0.00127048	0.0203956	0.0312432	0.0559108	0.313374	0.0157419	0.0328813
115	0.083169	0.00918548	0.000264112	0.000416709	0.180023	0.0211275	0.000454892	0.142604	0.000432672	0.269508	0.011338	0.000915704	0.00554256	0.000403898	0.000567151	0.00963431	0.0164945	0.245195	0.000868653	0.00185493
116	0.269533	0.0307841	0.000923452	0.0016142	0.00482747	0.0584014	0.00158297	0.0137574	0.00115	0.00618684	0.00307189	0.00598831	0.000737393	0.000846262	0.00321148	0.446705	0.136586	0.0108467	0.00102379	0.0022225
117	0.546316	0.0152202	0.000589101	0.00164324	0.00180659	0.0679409	0.00211254	0.00755007	0.00137255	0.0107541	0.0019187	0.00636009	0.00286165	0.000330427	0.000907025	0.255263	0.0448191	0.031089	0.000449415	0.000695916
118	0.428722	0.00985072	0.000175903	0.000225281	0.00729979	0.302113	0.000257262	0.00727676	0.000385275	0.00671735	0.00319822	0.000394623	0.00455058	0.000277493	0.000328752	0.184031	0.0317891	0.0116125	0.000323593	0.000471231
119	0.207982	0.00745752	0.000503227	0.000525267	0.182885	0.0584166	0.000635075	0.0784351	0.000701569	0.268078	0.0535604	0.000715014	0.00635344	0.000722983	0.0013618	0.0147557	0.0166935	0.0584733	0.0274971	0.0142464
120	0.0694965	0.00373976	0.000545127	0.0113667	0.0532276	0.00882596	0.000646264	0.142504	0.00451484	0.361055	0.0600111	0.00983706	0.000968467	0.0520654	0.00115085	0.0192982	0.0277053	0.147757	0.00203407	0.0232503
121	0.505411	0.0174862	0.000772998	0.00235472	0.00271613	0.0462658	0.00537365	0.00813829	0.00204181	0.00785986	0.00246023	0.01245	0.00266896	0.00055463	0.00113375	0.319226	0.0375037	0.0239272	0.00066133	0.000993775
122	0.0565645	0.00316553	0.000995899	0.00159635	0.366707	0.00979391	0.00304574	0.0797542	0.00969659	0.207675	0.0243693	0.0014182	0.00962232	0.00134878	0.00578061	0.0145304	0.0403058	0.0310326	0.0122631	0.120335
123	0.260633	0.00240534	0.00269624	0.0040035	0.0157119	0.134239	0.00582283	0.0100478	0.00700425	0.0437247	0.0537686	0.0379604	0.00127757	0.00268146	0.00523882	0.236425	0.140889	0.0304497	0.00150462	0.00351659
124	0.0398335	0.00401281	0.0104884	0.00900341	0.00818969	0.0148888	0.373961	0.0129044	0.0138781	0.053037	0.00851913	0.0518292	0.00457553	0.240332	0.0557346	0.024208	0.0183015	0.014375	0.00592899	0.0359991
125	0.0536409	0.0012854	0.000821642	0.000878843	0.0103904	0.847841	0.00146112	0.00539383	0.00258915	0.0039008	0.00590401	0.00573726	0.00225236	0.000941471	0.00226526	0.0377943	0.0041615	0.00893004	0.00173398	0.002077
126	0.224314	0.00442885	0.0032295	0.00239817	0.00884351	0.0763816	0.025146	0.067065	0.0238366	0.155343	0.0298751	0.0268375	0.00248329	0.00385294	0.0396151	0.119781	0.160555	0.018435	0.00267152	0.00490731
127	0.0839265	0.00333068	0.0714639	0.0650325	0.0037794	0.0547116	0.0348203	0.0122596	0.088029	0.0207234	0.00785369	0.154754	0.00301522	0.139726	0.0631693	0.107733	0.0622747	0.0159774	0.00122636	0.00619278
128	0.0629592	0.00855019	0.330229	0.0329788	0.0147981	0.0368244	0.0525215	0.02382	0.0471616	0.0267434	0.0150732	0.0602942	0.00543011	0.0463241	0.0347656	0.0679372	0.0878675	0.0293759	0.0052104	0.0111359
129	0.422014	0.00926794	0.000252616	0.00036446	0.005529	0.253728	0.00049723	0.00780094	0.000575449	0.00706494	0.00304075	0.00226698	0.00312015	0.00037706	0.001588	0.209759	0.0556685	0.015743	0.000356932	0.000985289
130	0.15226	0.00719289	0.00895316	0.00723238	0.0187234	0.0298554	0.0249355	0.0319433	0.0226902	0.0780506	0.0595297	0.019837	0.0739497	0.138212	0.0990087	0.0938488	0.0551363	0.0541263	0.0075333	0.0169812
131	0.0209582	0.00230398	0.0336693	0.0239986	0.00504398	0.0419459	0.057298	0.00786767	0.247171	0.0162604	0.0159205	0.106595	0.00346322	0.04347	0.278754	0.0476304	0.0273687	0.00926836	0.000997823	0.0100149
132	0.129593	0.0269879	0.00144767	0.00171796	0.0477195	0.0722867	0.00205677	0.0708024	0.00235354	0.0167828	0.0170226	0.00343863	0.0378584	0.00186369	0.00322832	0.0733068	0.353426	0.105171	0.00344346	0.0294926
133	0.089185	0.0128003	0.00066703	0.00075686	0.0264227	0.0197762	0.00138891	0.306308	0.00526936	0.137533	0.104382	0.00139919	0.00200298	0.00146185	0.00308859	0.0368473	0.02999	0.212569	0.00353868	0.00461325
134	0.284247	0.00943822	0.000922201	0.00154066	0.0429763	0.308369	0.00343031	0.0173003	0.00211546	0.00886116	0.0120969	0.00321395	0.0110603	0.003754	0.00841205	0.107471	0.0221067	0.0348324	0.0401312	0.0777215
135	0.0209263	0.00177497	0.000194469	0.000244253	0.0256321	0.00503175	0.00184385	0.382503	0.00124158	0.0911638	0.00973919	0.000410274	0.000388706	0.000280608	0.00067421	0.00312426	0.0233112	0.429036	0.00160575	0.000873728
136	0.0371658	0.00744908	0.000124905	0.000255025	0.0597935	0.0091303	0.000278128	0.260312	0.000512066	0.293877	0.0611897	0.000876635	0.00343676	0.00227075	0.00198679	0.0135891	0.0238463	0.217956	0.00283564	0.00311425
137	0.162108	0.020499	0.000889031	0.00129235	0.0780034	0.0467509	0.00144933	0.0556023	0.00151279	0.104716	0.0290903	0.00220378	0.00275052	0.00184064	0.00267183	0.0373027	0.222752	0.17683	0.0177197	0.0340145
138	0.0551577	0.00247141	0.000419868	0.000594173	0.0582198	0.0228118	0.000699167	0.0904759	0.000910581	0.407666	0.221863	0.00117506	0.00783896	0.00110891	0.000814852	0.00672838	0.0135743	0.0720418	0.0268657	0.00856233
139	0.134447	0.0117404	0.000206027	0.000304379	0.0522136	0.0709574	0.000346883	0.140549	0.000439393	0.196425	0.0366649	0.0026285	0.00037017	0.000260694	0.000533542	0.0692549	0.156716	0.121521	0.00296676	0.00145467
140	0.0202852	0.00701323	0.000235822	0.000315275	0.0386735	0.00449697	0.000236409	0.148909	0.000359652	0.513624	0.104629	0.00336486	0.00129691	0.00585433	0.000738653	0.00623246	0.0182896	0.111703	0.00413383	0.00960905
141	0.461996	0.133398	0.002448	0.0013095	0.00264334	0.0410181	0.00103361	0.0513097	0.00149662	0.00719906	0.0100165	0.00556954	0.000950489	0.000988346	0.000868908	0.189394	0.0284447	0.0571747	0.00100739	0.00173347
142	0.382319	0.00708412	0.00417202	0.00325916	0.0319267	0.134353	0.0351165	0.0102232	0.00779312	0.0137051	0.00903077	0.0104103	0.00189607	0.0352738	0.00952827	0.139487	0.0736668	0.0198431	0.00605254	0.0648587
143	0.12538	0.0109283	0.00020989	0.000297535	0.0511299	0.0700336	0.000353504	0.139721	0.000448221	0.197656	0.0367208	0.0028386	0.000347786	0.000241409	0.00046518	0.0751726	0.170512	0.113779	0.0026672	0.00109756
144	0.421726	0.0232427	0.00106151	0.00464366	0.0184415	0.0101426	0.00101371	0.017284	0.00189643	0.0527933	0.05972	0.00404299	0.000956037	0.00114573	0.001298	0.177014	0.10002	0.0950847	0.0038192	0.0046537
145	0.0151051	0.00137806	0.000688892	0.000731724	0.02802	0.00371434	0.0064336	0.418916	0.000870633	0.18443	0.269029	0.00124922	0.000925846	0.000957003	0.00100323	0.00603874	0.00419965	0.0534471	0.000992897	0.00186868
146	0.423267	0.00963402	0.000177324	0.000213013	0.00732085	0.309464	0.000252658	0.00689349	0.000333157	0.00614798	0.00292303	0.00039712	0.00449723	0.000274246	0.000281502	0.184693	0.0311276	0.0113116	0.000329935	0.000461396
147	0.155306	0.0156064	0.000378938	0.000394677	0.0764549	0.0256036	0.000449436	0.137228	0.000656625	0.389187	0.0369319	0.000534496	0.00121217	0.000480718	0.000612166	0.0170947	0.0276055	0.104633	0.0057711	0.00385831
148	0.0545221	0.00123789	0.000809468	0.000819526	0.0103627	0.848336	0.00135431	0.00536208	0.00200813	0.00380414	0.00584132	0.005742	0.00224614	0.000860805	0.00226974	0.0379942	0.00394748	0.00868811	0.00170271	0.00209107
149	0.11974	0.0132057	0.00119135	0.00132371	0.0626064	0.0737029	0.00147914	0.145305	0.00169625	0.177855	0.0323297	0.0032791	0.00223676	0.00184312	0.00169393	0.0715725	0.163225	0.115014	0.00471382	0.00598548
150	0.179687	0.01818	0.00149689	0.00186541	0.0397027	0.024466	0.00221063	0.0422647	0.00230985	0.244394	0.161952	0.00284942	0.00219423	0.00205554	0.00265343	0.186011	0.0101722	0.0279854	0.00235738	0.0451918
151	0.0973454	0.0206584	0.000662878	0.000975039	0.110498	0.00423329	0.00088436	0.12731	0.00183806	0.151388	0.0577523	0.00151936	0.00109914	0.000897407	0.00164069	0.150261	0.0455435	0.211115	0.00135249	0.0130252
152	0.0561705	0.00177787	0.0106877	0.00400617	0.0121409	0.764842	0.00732458	0.0097156	0.0147323	0.0083161	0.00779745	0.0203892	0.00364167	0.00231706	0.00397587	0.0427589	0.00987195	0.0145984	0.00192021	0.00301594
153	0.134514	0.00340073	0.0010919	0.000665924	0.0104664	0.710429	0.00105871	0.00741429	0.00190791	0.00493543	0.00602452	0.0044496	0.00368402	0.000936364	0.00207444	0.0755036	0.0137013	0.0125045	0.00231625	0.00292137
154	0.0317907	0.00135885	0.000630331	0.00771563	0.0834313	0.0182185	0.0277695	0.025292	0.0707726	0.0899782	0.0104692	0.00116017	0.0010307	0.0221381	0.0910045	0.0254339	0.0149735	0.0266329	0.319555	0.130645
155	0.00565039	0.000570974	0.0265948	0.0207605	0.00122888	0.0465252	0.0279555	0.00431172	0.311242	0.00313963	0.00535365	0.0532656	0.00335907	0.0358024	0.414106	0.0244698	0.00719732	0.00210393	0.000395381	0.00596734
156	0.0651993	0.0129648	0.000830091	0.000777259	0.0187971	0.0215463	0.00177157	0.388423	0.0038473	0.071246	0.0782524	0.00142325	0.00183838	0.00155833	0.00239983	0.030185	0.0229534	0.269265	0.00323107	0.00349016
157	0.0671861	0.0192225	0.0010968	0.00135314	0.0076839	0.0393098	0.00160761	0.444556	0.0029376	0.0206275	0.117506	0.00175425	0.00135093	0.00172038	0.00199389	0.0444124	0.0094294	0.210788	0.00266111	0.00280234
158	0.00553165	0.000552497	0.0276569	0.0215933	0.0010646	0.0481305	0.0288485	0.00424993	0.312775	0.00308883	0.00540024	0.0550158	0.00296418	0.0364548	0.406602	0.0243374	0.00732755	0.00190877	0.00036663	0.00613146
159	0.0754727	0.00140953	0.0331823	0.0267049	0.00584206	0.0605929	0.0232794	0.00565137	0.169621	0.00810342	0.00479619	0.0858778	0.0111552	0.0213536	0.109508	0.206239	0.127574	0.0109749	0.00082898	0.0118326
160	0.0311346	0.00834403	0.000110325	0.000169857	0.0492347	0.00847651	0.000207804	0.260259	0.00038041	0.291479	0.0652752	0.00111714	0.00224681	0.00293719	0.00250825	0.0141338	0.0251342	0.230108	0.00333581	0.00340717
161	0.236822	0.00532711	0.000569646	0.00062305	0.00866143	0.562946	0.000907557	0.00614343	0.000910381	0.00537788	0.00424252	0.00374948	0.00324264	0.000716937	0.00134869	0.124482	0.01969	0.0105795	0.00145066	0.00220926
162	0.0493123	0.0143504	0.0150303	0.0143463	0.0434692	0.0384474	0.0520134	0.0362252	0.0523081	0.0477858	0.0430832	0.0433505	0.00278062	0.049804	0.0770937	0.167543	0.141686	0.0740508	0.00242317	0.034897
163	0.00553165	0.000552497	0.0276569	0.0215933	0.0010646	0.0481305	0.0288485	0.00424993	0.312775	0.00308883	0.00540024	0.0550158	0.00296418	0.0364548	0.406602	0.0243374	0.00732755	0.00190877	0.00036663	0.00613146
164	0.0301548	0.0079547	0.000142447	0.000162423	0.0489664	0.00808972	0.000492692	0.270324	0.000413954	0.283942	0.072023	0.00105726	0.00230208	0.00266476	0.00233105	0.0135423	0.0234371	0.225676	0.00311792	0.00320545
165	0.109478	0.0261272	0.00112868	0.00146028	0.0752528	0.0489618	0.00180081	0.0927163	0.0019072	0.0414285	0.0405203	0.00276714	0.0126579	0.00157496	0.00229464	0.0506116	0.295993	0.150565	0.00611413	0.0366388
166	0.0155462	0.00149632	0.000540199	0.000652003	0.0308641	0.00436619	0.00513535	0.36597	0.000838159	0.238675	0.250681	0.00127543	0.00146912	0.00122317	0.000888139	0.0059045	0.00565051	0.0632224	0.00291097	0.0026912
167	0.0600649	0.00260362	0.0829304	0.0767781	0.00118446	0.0454831	0.0330614	0.00852661	0.108847	0.019086	0.00644973	0.156088	0.00229876	0.129901	0.0773223	0.105845	0.0668479	0.0110561	0.000428377	0.0051968
168	0.106013	0.00329061	0.00153814	0.00149621	0.00647535	0.00960289	0.0356904	0.0105922	0.0203944	0.0434528	0.00842478	0.00269464	0.514275	0.00501283	0.070688	0.0765049	0.0494912	0.02787	0.00213643	0.00435722
169	0.160884	0.00266914	0.000975305	0.00133067	0.0645853	0.0376838	0.0129506	0.216291	0.00181424	0.0935815	0.0163855	0.00187348	0.0534022	0.00130881	0.00179243	0.0471306	0.0152106	0.189478	0.00177159	0.0788808
170	0.0579832	0.0026165	0.0842335	0.0762415	0.00141813	0.0438242	0.0464333	0.00933829	0.0933312	0.020517	0.00585479	0.14658	0.00194717	0.162771	0.0673793	0.103052	0.0604707	0.0100229	0.00046867	0.00551697
171	0.256624	0.00531806	0.000508	0.000496928	0.00938943	0.524599	0.000935019	0.00791082	0.0011013	0.00598705	0.00573494	0.00344686	0.00388009	0.000586657	0.00092789	0.13035	0.0247493	0.0139554	0.00141857	0.00207987
172	0.105225	0.0150869	0.000341488	0.000528798	0.194643	0.0249812	0.000612744	0.129341	0.000610483	0.190386	0.0152406	0.000843003	0.00214803	0.000486323	0.000822562	0.0270864	0.0206171	0.266682	0.0018468	0.00247094
173	0.476032	0.0588628	0.00471843	0.00251986	0.00251011	0.0312215	0.00114712	0.0334149	0.00371549	0.0145466	0.00625296	0.014985	0.000796705	0.00060255	0.000778557	0.216474	0.0592498	0.0702351	0.000774784	0.0011619
174	0.525955	0.0158511	0.000992429	0.0025315	0.0024207	0.0453978	0.00468786	0.00949997	0.00230642	0.00951474	0.00286335	0.0130678	0.00284538	0.000515125	0.000947667	0.297198	0.031991	0.0298439	0.000639903	0.000930143
175	0.0580519	0.00263891	0.0845828	0.0769057	0.0014128	0.0439814	0.0461583	0.00942533	0.0926336	0.0204535	0.00587148	0.146261	0.00198673	0.163059	0.0670356	0.103103	0.0603034	0.0101758	0.000474721	0.00548482
176	0.118642	0.00990705	0.000275912	0.000518182	0.0528189	0.0688768	0.000601944	0.135313	0.000621815	0.19024	0.0444828	0.00472148	0.000550512	0.000474719	0.000677311	0.0793814	0.17617	0.111652	0.00261947	0.00145527
177	0.332939	0.00731592	0.00130935	0.00177039	0.0109897	0.116065	0.002416	0.0147425	0.00248738	0.0122655	0.00608117	0.0153685	0.000984998	0.0011879	0.0105928	0.281871	0.139208	0.0367007	0.000661246	0.00504302
178	0.394366	0.00804995	0.000424099	0.000468098	0.00603055	0.263668	0.000530037	0.0077753	0.00062548	0.00681538	0.00346646	0.00337053	0.00299451	0.000370566	0.00155502	0.224822	0.060091	0.0132929	0.000405687	0.00087803
179	0.520043	0.0141931	0.000615737	0.00145753	0.00262426	0.088497	0.00169638	0.00779827	0.00139583	0.012167	0.00206227	0.00565095	0.0024247	0.000408026	0.00173979	0.245698	0.0576033	0.032346	0.000404746	0.00117412
180	0.127808	0.0160662	0.000111436	0.000134688	0.0518377	0.0581839	0.000214565	0.173783	0.000203974	0.264632	0.0306775	0.00105093	0.000202489	0.000184522	0.000261612	0.048277	0.0893129	0.132307	0.00302981	0.00172152
181	0.0596836	0.0165628	0.00104271	0.0014956	0.0122788	0.0081475	0.00139116	0.177252	0.00267791	0.072733	0.0232712	0.00237166	0.00290117	0.00133031	0.00248823	0.0830964	0.197048	0.327386	0.00260659	0.00423568
182	0.0253098	0.00710422	0.000216654	0.00118526	0.0405953	0.00577794	0.000386725	0.193743	0.000660974	0.428146	0.0876673	0.00519326	0.000954106	0.0109298	0.00125213	0.0096994	0.0199625	0.148847	0.00275427	0.00961325
183	0.0698341	0.00345362	0.0143428	0.0430101	0.219344	0.059348	0.0147021	0.0787082	0.00166062	0.185108	0.0466734	0.0023091	0.00204799	0.0276067	0.00162481	0.0548587	0.0823708	0.0238507	0.0156431	0.0535023
184	0.122034	0.0125653	0.000269699	0.000349024	0.0592149	0.0773287	0.000420168	0.129568	0.000542038	0.180226	0.0323477	0.0026409	0.000510138	0.000363634	0.000517165	0.0746548	0.179704	0.120213	0.00422553	0.00230478
185	0.326754	0.00554679	0.00147011	0.00340198	0.0334113	0.0925927	0.00478125	0.0123958	0.00643239	0.0587064	0.0769612	0.0337805	0.00198244	0.00151386	0.00280248	0.169025	0.101237	0.060979	0.00213519	0.00409128
186	0.1189	0.0112755	0.0153504	0.0133446	0.00589905	0.0335375	0.00102577	0.00418625	0.000903301	0.016683	0.00969445	0.0279724	0.000821872	0.00625823	0.00100322	0.248664	0.448048	0.0215838	0.00537605	0.00947313
187	0.0454923	0.000981626	0.000353019	0.000711325	0.334826	0.00891053	0.0117354	0.0625864	0.000456015	0.324344	0.089827	0.000510397	0.00100217	0.000642785	0.000805614	0.0129075	0.0232512	0.0551077	0.0075278	0.0180216
188	0.0477351	0.00425242	0.00359402	0.0264562	0.0093443	0.415924	0.0982534	0.0139917	0.184316	0.0144453	0.00816901	0.0317289	0.0246047	0.0263002	0.00749245	0.0436345	0.0156533	0.0156402	0.00313886	0.0053256
189	0.0401777	0.00828869	0.000172834	0.000570744	0.0408918	0.0114577	0.000319364	0.254323	0.00224009	0.258966	0.067339	0.00144447	0.00186075	0.0067004	0.00394774	0.0203697	0.0329325	0.230158	0.00825339	0.00958638
