596	20
1	0.0748842	0.0103749	0.0293616	0.0422114	0.0166922	0.0224123	0.0441394	0.0636954	0.0981316	0.086643	0.0512529	0.0320262	0.0184855	0.0619877	0.16825	0.0574056	0.0445936	0.0544994	0.00854568	0.0144076
2	0.0551973	0.020064	0.00864904	0.0142409	0.03437	0.0124334	0.0231845	0.202544	0.0378314	0.223887	0.0648157	0.00836508	0.0102892	0.0226354	0.0492497	0.0272886	0.0307031	0.136907	0.00660283	0.0107419
3	0.0713171	0.0225566	0.0466847	0.0729248	0.00941481	0.0552642	0.0304047	0.0316559	0.118072	0.0480393	0.0357705	0.043299	0.0171094	0.0618085	0.132842	0.081932	0.0469685	0.0291364	0.0349143	0.00988547
4	0.0430185	0.0607399	0.0212384	0.0189779	0.0865901	0.0634905	0.140409	0.0163344	0.0189067	0.020723	0.0114635	0.15949	0.00737279	0.025876	0.0354957	0.143374	0.0741834	0.0235999	0.00379511	0.0249213
5	0.0665096	0.00759321	0.02599	0.0371052	0.0209761	0.0161978	0.0490173	0.109209	0.0518616	0.129896	0.0581094	0.0270386	0.0145523	0.0610444	0.0884067	0.0490623	0.0519129	0.108991	0.00886916	0.0176569
6	0.164178	0.00731167	0.0431187	0.0435785	0.0170628	0.0441567	0.0194684	0.0261815	0.0399113	0.0266858	0.0371999	0.0356637	0.0374384	0.0598032	0.0459488	0.152928	0.136974	0.0515864	0.00524476	0.00555921
7	0.0544225	0.00780167	0.0425171	0.0741955	0.0150727	0.0236323	0.0388908	0.057477	0.117706	0.0630621	0.0601562	0.0384306	0.0348113	0.0670762	0.137886	0.0522147	0.0529643	0.0381418	0.00799699	0.0155446
8	0.126601	0.00532279	0.0470187	0.0603755	0.012735	0.0441079	0.0242694	0.0395035	0.0712221	0.038204	0.0322632	0.0435817	0.0182242	0.0828597	0.07025	0.130191	0.0973917	0.0427182	0.00674441	0.00641613
9	0.0802164	0.0102943	0.0728727	0.100872	0.00465921	0.0367609	0.0242506	0.0162019	0.150906	0.021797	0.0145313	0.0556048	0.0186543	0.0875349	0.160908	0.0697128	0.0500076	0.00928734	0.00661628	0.00831149
10	0.0598267	0.0111074	0.0813247	0.117329	0.00292521	0.0257423	0.0236555	0.0150528	0.175481	0.020506	0.0127901	0.0567482	0.0199205	0.088193	0.190905	0.0441364	0.0351633	0.00424257	0.00516709	0.00978435
11	0.0674409	0.013651	0.050869	0.0349373	0.00365539	0.237566	0.0302895	0.00551396	0.0937412	0.0194156	0.00598432	0.118634	0.0216041	0.0583667	0.105163	0.0957002	0.0136454	0.0138759	0.00525976	0.0046864
12	0.00477384	0.00889621	0.000713363	0.00596524	0.0295357	0.00583054	0.00521114	0.0705091	0.00154364	0.706044	0.0699433	0.000663786	0.00297175	0.00471808	0.00535025	0.0123362	0.00422452	0.0458663	0.000197849	0.0147055
13	0.0182056	0.0182252	0.00312228	0.00756531	0.160124	0.00936654	0.109876	0.00874644	0.0303054	0.020863	0.0272218	0.0172178	0.00420545	0.0115282	0.0945819	0.0236031	0.0199468	0.00933789	0.0111112	0.394846
14	0.0169364	0.00112907	0.000317687	0.000588981	0.0231027	0.000830113	0.000944902	0.490917	0.00202487	0.15961	0.0302016	0.00335213	0.00291777	0.00111193	0.00138794	0.00164669	0.0108435	0.24713	0.000409865	0.00459606
15	0.0772688	0.00597085	0.0074685	0.013746	0.0235048	0.00887575	0.0225544	0.179934	0.0182406	0.227964	0.0568577	0.00926889	0.016446	0.044035	0.0360469	0.037117	0.0241667	0.168408	0.00830502	0.0138206
16	0.0308022	0.0103784	0.0096031	0.00695345	0.0588175	0.00605102	0.0473358	0.0357842	0.00772537	0.45575	0.15365	0.00483402	0.00605862	0.0105842	0.0309778	0.0396143	0.039382	0.032685	0.00252048	0.0104927
17	0.0242126	0.0130604	0.000495199	0.00115778	0.0775978	0.00226878	0.00790332	0.331463	0.00247628	0.244498	0.0275535	0.00167384	0.00259455	0.00228054	0.00203483	0.00779782	0.0215319	0.210243	0.00245371	0.0167028
18	0.0461721	0.00154569	0.00142121	0.00192448	0.0159022	0.00779215	0.00513253	0.309524	0.0120801	0.274261	0.0496628	0.00183479	0.036377	0.00799958	0.0138121	0.0118613	0.0146255	0.180586	0.00363234	0.00385384
19	0.0512273	0.0118679	0.0390458	0.038583	0.0292702	0.0276896	0.175636	0.0215803	0.0621606	0.0416362	0.0166918	0.0580104	0.0188374	0.113372	0.119173	0.0635019	0.0353119	0.0238536	0.00674538	0.0458071
20	0.0636686	0.00394524	0.014784	0.00252156	0.00249354	0.820473	0.00526085	0.00253567	0.00370695	0.00718638	0.0016047	0.0129646	0.00114752	0.00333641	0.0103544	0.0334495	0.00350933	0.0026279	0.00340581	0.00102387
21	0.0378707	0.0319692	0.0110342	0.0175289	0.0337491	0.0165841	0.0293521	0.0564521	0.0464296	0.366361	0.0518304	0.0150845	0.00933643	0.0396387	0.102429	0.0388333	0.0226088	0.0456477	0.00466272	0.0225972
22	0.0152655	0.00122321	0.000338301	0.000659528	0.0254172	0.000745274	0.000935958	0.493171	0.00198226	0.160877	0.0300183	0.0036529	0.00259607	0.00107346	0.00126263	0.00143943	0.0105227	0.243841	0.00022558	0.00475221
23	0.0368783	0.0372329	0.00913089	0.0163539	0.0540103	0.0152744	0.0531694	0.0174647	0.121755	0.0439447	0.0281809	0.0277981	0.00674194	0.0589351	0.343653	0.0393241	0.0314124	0.0171834	0.00286079	0.0386953
24	0.0630725	0.00379397	0.0201336	0.00591923	0.00299191	0.766296	0.00783889	0.00230487	0.0105425	0.00538194	0.00159136	0.0219631	0.002949	0.00790438	0.020921	0.0421771	0.00361718	0.0044637	0.00515423	0.000983722
25	0.0608556	0.00298436	0.207229	0.187605	0.00461446	0.0455926	0.083744	0.00432023	0.054154	0.00782815	0.00233958	0.0838988	0.00430522	0.0601632	0.0783677	0.069014	0.0200385	0.00725604	0.00126882	0.0144199
26	0.0306692	0.00136783	0.4276	0.188925	0.00425352	0.0354849	0.0240618	0.0113186	0.0226165	0.00346566	0.00250281	0.135591	0.00238317	0.0365555	0.0187828	0.0280049	0.0129434	0.00876151	0.000455308	0.00425698
27	0.0596065	0.00476497	0.0046145	0.00475688	0.0273201	0.00683219	0.00695867	0.078128	0.013992	0.301873	0.228136	0.00413467	0.0459527	0.0201158	0.0270582	0.0264518	0.0188892	0.105115	0.0109564	0.00434236
28	0.0603578	0.00502525	0.124839	0.396429	0.0103821	0.0223892	0.0147035	0.0201503	0.0214932	0.0268322	0.0133418	0.0212936	0.0156063	0.0631801	0.0444264	0.0370218	0.0324788	0.0568608	0.00417332	0.00901565
29	0.00831412	0.00875517	0.000833865	0.00574607	0.0320445	0.00561707	0.00543973	0.104494	0.00239956	0.644718	0.0635588	0.00106358	0.00317131	0.00579042	0.00618506	0.0109387	0.00592121	0.0666957	0.00119119	0.0171222
30	0.0623157	0.00389952	0.0172686	0.00569714	0.00272701	0.801297	0.00667077	0.00266242	0.00602697	0.0053908	0.00176489	0.0162247	0.00263872	0.00559592	0.0142617	0.0327346	0.00386772	0.00399783	0.00361231	0.00134568
31	0.0520793	0.00788061	0.024875	0.0337566	0.0168242	0.0208327	0.0395767	0.0512214	0.109328	0.0826178	0.0326496	0.0310652	0.0184869	0.065358	0.220355	0.0797462	0.0492224	0.0403067	0.00839879	0.0154192
32	0.0695992	0.00667356	0.232969	0.128702	0.00884551	0.043079	0.0390196	0.0198443	0.0412552	0.0205311	0.012576	0.0757672	0.0230935	0.050429	0.0479342	0.0801575	0.0619642	0.024709	0.00335248	0.0094984
33	0.354248	0.0207076	0.014688	0.0263601	0.0079403	0.0753868	0.0110393	0.0080148	0.0286053	0.0134334	0.0112064	0.0160917	0.00611076	0.0349766	0.0277036	0.245849	0.0676988	0.0242494	0.0022241	0.00346625
34	0.0337546	0.00318331	0.419424	0.160444	0.00595495	0.0423608	0.028343	0.011176	0.0273622	0.00926089	0.0044147	0.107006	0.0111579	0.0343767	0.0292811	0.0338056	0.0162323	0.0143326	0.00123844	0.00689128
35	0.0890449	0.0160825	0.0443207	0.0491367	0.0190836	0.0435278	0.0447254	0.0274941	0.0499006	0.03204	0.0202313	0.100759	0.0265946	0.0540308	0.0692571	0.134248	0.124536	0.0360108	0.00516074	0.0138158
36	0.070633	0.00427754	0.0220338	0.00816213	0.00288394	0.752369	0.00700214	0.00265493	0.00744001	0.00589094	0.00205673	0.0211898	0.00319184	0.00910834	0.0133113	0.0498205	0.0084338	0.00455527	0.0035279	0.0014571
37	0.0635999	0.00419543	0.0167455	0.0047797	0.00334565	0.798305	0.00602602	0.00283047	0.00461818	0.00578016	0.00174355	0.0157374	0.00229433	0.00550013	0.0129479	0.0373962	0.00455964	0.00425798	0.00364908	0.00168823
38	0.0529568	0.0158516	0.0338643	0.0415542	0.0223576	0.0266787	0.124699	0.0228533	0.0708974	0.0496966	0.0181827	0.0603916	0.0200592	0.133	0.131399	0.0714097	0.0407843	0.0265291	0.0049469	0.0318878
39	0.0349913	0.00163957	0.00101077	0.00203314	0.0147325	0.00215224	0.00172792	0.274198	0.00274011	0.042362	0.0144264	0.00404455	0.00311781	0.00371331	0.00363117	0.0110245	0.0321829	0.544029	0.00318457	0.003059
40	0.0452826	0.00943572	0.00947372	0.0176343	0.0360569	0.0324545	0.0197358	0.0244506	0.155789	0.250929	0.0311708	0.0115789	0.0071362	0.0784415	0.14595	0.0269084	0.049518	0.0263865	0.00603909	0.0156279
41	0.0173053	0.0151929	0.00440649	0.0098766	0.16324	0.0101385	0.13612	0.0139563	0.00756528	0.0337013	0.00744608	0.0177946	0.00437494	0.0093168	0.0233371	0.0181673	0.00912185	0.0109634	0.0186552	0.46932
42	0.120393	0.00867404	0.00384582	0.00493559	0.0266006	0.0103178	0.00730179	0.176859	0.00739883	0.135565	0.0312574	0.00438848	0.0138847	0.00991248	0.0109779	0.0323364	0.036514	0.344968	0.00516559	0.00870386
43	0.00653951	0.00952855	0.000462781	0.00578841	0.0321607	0.00586293	0.0048981	0.0842182	0.00183877	0.683564	0.0603508	0.00059166	0.00329354	0.00483773	0.00515062	0.0104053	0.00482543	0.0596039	0.000935878	0.0151434
44	0.0396499	0.00125285	0.338066	0.378728	0.00388558	0.016121	0.0144238	0.00705634	0.0118018	0.00999468	0.00464774	0.0598695	0.00299221	0.0396795	0.0176938	0.0174209	0.013989	0.016717	0.000391805	0.00561816
45	0.00986251	0.0104917	0.00176495	0.0127449	0.0552191	0.00653409	0.00950634	0.0794239	0.00333695	0.62831	0.0537207	0.00279509	0.00429804	0.00688207	0.00707397	0.0130255	0.00839633	0.0599078	0.00387071	0.0228355
46	0.510267	0.019747	0.00197141	0.00293352	0.00555529	0.0412228	0.00420664	0.0258364	0.00354035	0.0482578	0.0113004	0.00232432	0.00145762	0.00932582	0.00678132	0.107115	0.0712153	0.122344	0.000488686	0.00410901
47	0.05044	0.0101694	0.0601799	0.10219	0.00293502	0.0230408	0.0279625	0.0112867	0.180183	0.0201214	0.0106059	0.0433698	0.0203946	0.0922722	0.255698	0.0371108	0.0333194	0.0067242	0.00364599	0.00834956
48	0.2371	0.016332	0.0269413	0.0695967	0.0230146	0.0564187	0.0285909	0.0127543	0.0227644	0.0153528	0.0123164	0.0360391	0.0118668	0.0402601	0.030225	0.228145	0.0942151	0.0277001	0.00421024	0.00615608
49	0.0245687	0.00837716	0.00420183	0.00928901	0.0308958	0.00747804	0.0107323	0.0888429	0.0106349	0.555573	0.0738655	0.00495117	0.00804123	0.0193071	0.0209957	0.0236127	0.013455	0.067153	0.00468675	0.0133384
50	0.472363	0.0257821	0.000997013	0.0141817	0.00382411	0.0860247	0.00498768	0.00161997	0.00512305	0.00600725	0.00535531	0.00211791	0.000911046	0.0155875	0.0133664	0.257764	0.0604904	0.0223416	0.000339076	0.000816442
51	0.0408451	0.00390005	0.111448	0.363474	0.018144	0.071324	0.0146056	0.00735934	0.0311261	0.00999838	0.00617118	0.0236942	0.0027566	0.0998057	0.0871937	0.0317937	0.0238084	0.0461474	0.00119469	0.00521043
52	0.0286319	0.00055758	0.000495437	0.000634254	0.0134407	0.000795419	0.000890757	0.325718	0.00213004	0.0531346	0.012214	0.00241489	0.00266066	0.00289703	0.00279518	0.00421009	0.0104865	0.53065	0.00226925	0.00297298
53	0.0807528	0.00468819	0.0740516	0.148461	0.0198703	0.0567887	0.0904065	0.00746421	0.0606511	0.016921	0.00591093	0.0524989	0.0158446	0.0731694	0.109152	0.105067	0.0266918	0.016028	0.00664262	0.0289392
54	0.0189879	0.0120324	0.0044283	0.0151191	0.00378077	0.0145063	0.0656447	0.00474802	0.155045	0.0146911	0.00522678	0.023864	0.00916151	0.0905122	0.515174	0.0176058	0.0134105	0.00661846	0.000582666	0.00886058
55	0.0389654	0.00116768	0.000565594	0.000923105	0.0138623	0.00147028	0.0014932	0.293925	0.00246884	0.0574423	0.0142588	0.00236361	0.00413241	0.00319601	0.00301209	0.00671849	0.013092	0.534481	0.00306662	0.00339539
56	0.0265639	0.00107835	0.438325	0.20597	0.00460061	0.0274831	0.0259972	0.0164922	0.0195332	0.00678239	0.00423684	0.102009	0.00448587	0.031699	0.017811	0.0229768	0.0132555	0.0239453	0.000570892	0.00618426
57	0.0173045	0.00479929	0.000449025	0.00306654	0.0278697	0.00371784	0.00290356	0.268402	0.00305558	0.416491	0.0503482	0.00159835	0.00639071	0.00378771	0.0041158	0.00658682	0.0100034	0.158639	0.00135521	0.00911627
58	0.0391675	0.0174506	0.000664041	0.00172665	0.10666	0.00353166	0.0133712	0.212822	0.00301179	0.284617	0.0307557	0.00108876	0.00336326	0.00503408	0.00463825	0.0141699	0.0320421	0.195885	0.0068999	0.0231017
59	0.111329	0.0142605	0.0364876	0.0423149	0.0201782	0.0382481	0.0285947	0.0433809	0.042182	0.0556007	0.0228194	0.0346944	0.0298491	0.0427234	0.0620032	0.13666	0.162641	0.059171	0.00449727	0.0123647
60	0.0386419	0.0120073	0.0213675	0.0415788	0.00845357	0.0228354	0.0497227	0.0141439	0.129024	0.030345	0.0117894	0.0356213	0.0137105	0.0983375	0.382332	0.0356595	0.0258671	0.01424	0.00272676	0.0115951
61	0.0508011	0.00909756	0.00391193	0.0153125	0.059839	0.012035	0.0150196	0.00578248	0.107687	0.261264	0.0263125	0.0110325	0.00374637	0.144244	0.198771	0.0143765	0.034237	0.00819034	0.00170879	0.0166308
62	0.0237198	0.000970779	0.000415529	0.000805251	0.0223755	0.000826245	0.00113636	0.390387	0.0017348	0.0912152	0.0211934	0.00316051	0.00251945	0.00250785	0.00200939	0.00356428	0.0117717	0.414127	0.00156737	0.00399312
63	0.135048	0.0316631	0.054264	0.0416581	0.0258303	0.0326207	0.0182171	0.0365463	0.0317743	0.0624539	0.0230751	0.0360469	0.0258815	0.0516472	0.0431753	0.145543	0.132306	0.0611859	0.00474343	0.00631973
64	0.0850548	0.00650191	0.141789	0.184406	0.00328116	0.0440992	0.0298982	0.00725094	0.102444	0.0119167	0.00551111	0.066021	0.00862727	0.0779856	0.122675	0.0564024	0.0310691	0.00478932	0.00245094	0.00782612
65	0.0357648	0.00898906	0.000696642	0.00139277	0.0632776	0.00255356	0.00850446	0.244004	0.00356746	0.215882	0.0303255	0.00156956	0.00911559	0.00425981	0.00350618	0.009949	0.0284771	0.304966	0.00516568	0.0180327
66	0.0399558	0.00504964	0.291142	0.0944632	0.00747376	0.0902964	0.026475	0.0324898	0.0144219	0.0127271	0.00900836	0.109934	0.0425787	0.0285356	0.0220141	0.103113	0.0247102	0.02901	0.00200703	0.0145946
67	0.0836231	0.00284109	0.0342198	0.0683798	0.0307696	0.0144875	0.0340887	0.0217472	0.0380782	0.06321	0.0154811	0.020345	0.0993072	0.0838813	0.0990987	0.130878	0.0280792	0.0471334	0.0398987	0.044453
68	0.138775	0.00881217	0.114409	0.0727123	0.0102489	0.0779035	0.0182451	0.0266334	0.0372471	0.017559	0.0179657	0.0438453	0.0189931	0.0511632	0.0326532	0.17483	0.0996437	0.0291405	0.00451307	0.00470745
69	0.0186581	0.0138295	0.00420685	0.00861441	0.165476	0.00960439	0.116701	0.0161061	0.00952701	0.0394031	0.00863749	0.0174081	0.00480685	0.00999807	0.0239722	0.0169544	0.0117032	0.0153343	0.0160704	0.472988
70	0.411424	0.0287289	0.00120031	0.0180587	0.00345257	0.0886113	0.00552381	0.00148086	0.00610376	0.00278484	0.00594397	0.00263683	0.000898744	0.0190581	0.0165548	0.29754	0.0718672	0.0169182	0.000327127	0.000885478
71	0.0501139	0.00473127	0.0222325	0.38139	0.0125945	0.044535	0.00925408	0.0135355	0.0517448	0.00836611	0.00813225	0.00793975	0.00429568	0.129005	0.0956718	0.0445659	0.0375976	0.0675287	0.00192759	0.00483835
72	0.10665	0.00433774	0.0243163	0.0332911	0.00697174	0.0262464	0.0101814	0.00584599	0.0090481	0.0320599	0.00594132	0.0295867	0.41666	0.0210824	0.0667872	0.0864224	0.0308977	0.0684495	0.00944958	0.00577382
73	0.0793988	0.00824389	0.031048	0.0651959	0.00977747	0.017045	0.0422615	0.142387	0.0323098	0.0948165	0.0459257	0.0251415	0.00855401	0.0534127	0.0416544	0.0464253	0.0656681	0.175675	0.00136279	0.0136961
74	0.0510424	0.00329073	0.158701	0.40496	0.019327	0.0219062	0.0157746	0.0173287	0.0178954	0.0269815	0.0133171	0.0292443	0.00801681	0.0557314	0.0374719	0.0314019	0.0288976	0.0463484	0.00199175	0.0103713
75	0.0505958	0.00330556	0.0384535	0.0410411	0.0212709	0.0205203	0.0525814	0.0753185	0.0636884	0.109502	0.0604123	0.0402774	0.0274223	0.0681847	0.099833	0.0639517	0.0605853	0.0731518	0.00999315	0.0199106
76	0.020717	0.00794795	0.000443726	0.00125369	0.0589584	0.00201417	0.0056292	0.358247	0.00250945	0.249676	0.0307186	0.00196884	0.00305819	0.00225281	0.00212207	0.0054678	0.0169451	0.215906	0.00180472	0.0123593
77	0.148212	0.04923	0.0221893	0.0627128	0.0148436	0.0647968	0.026078	0.0178972	0.00647992	0.00735322	0.00476338	0.14899	0.00523064	0.0130291	0.0117275	0.256134	0.100605	0.0344243	0.00192888	0.00337405
78	0.0623617	0.00583737	0.0304403	0.0203805	0.00532603	0.672704	0.012999	0.00449181	0.0134608	0.018185	0.0034139	0.0305043	0.00876251	0.0149221	0.0221067	0.0490018	0.00816514	0.00711025	0.00362596	0.00620098
79	0.553143	0.0211312	0.00248275	0.00329812	0.01329	0.0651395	0.00614351	0.0117889	0.0035149	0.0446851	0.00607646	0.00456262	0.00170652	0.00980247	0.00682412	0.106903	0.0511828	0.0837275	0.000577229	0.00402013
80	0.0828078	0.00506389	0.0406773	0.0522464	0.03969	0.0187576	0.058936	0.0217967	0.0391424	0.0470068	0.0160126	0.0236568	0.0396054	0.0961179	0.121349	0.140368	0.0331756	0.0357557	0.0387006	0.0491332
81	0.0215286	0.00283516	0.000693791	0.00153496	0.0313145	0.0019687	0.00286877	0.407607	0.00400866	0.223258	0.0382038	0.00259171	0.00619402	0.00336683	0.00422558	0.00447542	0.0141942	0.220393	0.00181672	0.00692091
82	0.0330708	0.000511964	0.000549376	0.000659868	0.0102397	0.00096733	0.000969142	0.265803	0.00245766	0.0381677	0.00967641	0.00191124	0.00360793	0.00314481	0.00343654	0.0054883	0.0124529	0.600758	0.00348707	0.00264068
83	0.0415665	0.013305	0.0212557	0.0344072	0.014838	0.0222089	0.0472754	0.0168553	0.125755	0.036303	0.0155666	0.031199	0.0158109	0.0708844	0.388063	0.0386914	0.0280221	0.0204884	0.0029596	0.0145445
84	0.0184405	0.00582438	0.000453379	0.00164688	0.0438854	0.00202395	0.00374274	0.347094	0.0029136	0.29782	0.0339672	0.00186687	0.00405367	0.00274139	0.00265765	0.00493233	0.0148835	0.199062	0.00175773	0.010234
85	0.107012	0.00407355	0.05416	0.087849	0.00997455	0.0322599	0.0218858	0.00833013	0.0294231	0.0296995	0.00618391	0.0334814	0.262493	0.0559764	0.0710466	0.0908725	0.0358246	0.0383084	0.0098693	0.011277
86	0.174294	0.139047	0.00583458	0.00621846	0.25783	0.0221988	0.0245666	0.0078261	0.0079134	0.0347489	0.00638829	0.0127525	0.00511728	0.00828131	0.032469	0.178672	0.0254375	0.012148	0.0030803	0.0351763
87	0.116786	0.00757733	0.0157021	0.00750235	0.00640548	0.646647	0.00872286	0.0120348	0.00805419	0.0275395	0.00528383	0.0139865	0.00382835	0.0100739	0.0146839	0.0453798	0.0185675	0.0252326	0.00314101	0.00285082
88	0.0816997	0.0062972	0.0601849	0.0940192	0.00826953	0.143041	0.0246455	0.00871732	0.0391843	0.0239072	0.00709145	0.0609715	0.132676	0.0606702	0.0578205	0.119262	0.0360726	0.0211002	0.00568443	0.00868479
89	0.0314214	0.00879719	0.0190435	0.0432029	0.00245205	0.0267113	0.0331068	0.00540552	0.189951	0.0412145	0.00573062	0.0194123	0.0170611	0.0641816	0.41412	0.0327333	0.0128716	0.0234042	0.000928419	0.0082503
90	0.0185023	0.000946246	0.513557	0.17191	0.00427624	0.0250418	0.0218972	0.0101549	0.0206704	0.00303247	0.000944174	0.126891	0.00197449	0.0276108	0.0151392	0.0161581	0.00724999	0.00966605	0.000416507	0.00396155
91	0.0452409	0.0121196	0.0179111	0.0446103	0.00494578	0.0301641	0.0645522	0.00661317	0.1786	0.0288996	0.0136941	0.0412243	0.0129467	0.091972	0.336631	0.0258537	0.0163041	0.0137276	0.0011264	0.0128631
92	0.0134127	0.0205267	0.003865	0.00861293	0.140744	0.0112559	0.189056	0.00773268	0.00829404	0.0241943	0.00490316	0.0182183	0.0038035	0.00928778	0.0250139	0.0179845	0.00856709	0.00501607	0.0228183	0.456694
93	0.0344571	0.00403615	0.00132351	0.00298683	0.0268801	0.00570263	0.00581008	0.243823	0.0116212	0.370011	0.0504011	0.00200059	0.0210389	0.0102901	0.0138895	0.012414	0.0135203	0.156388	0.00530734	0.00809848
94	0.0653757	0.00282787	0.00610532	0.0590989	0.00475616	0.0252429	0.0516271	0.00846839	0.0931873	0.0116113	0.00921764	0.0171568	0.173089	0.0635878	0.283937	0.0731261	0.0323538	0.0117645	0.00275163	0.00471503
95	0.0539321	0.0119563	0.0466785	0.0582376	0.0126443	0.0396318	0.0400885	0.0230295	0.193018	0.0435655	0.0171919	0.0466009	0.0165462	0.0658483	0.204625	0.0514072	0.0363503	0.0206333	0.00407011	0.0139435
96	0.0572955	0.00612095	0.104444	0.290478	0.0135704	0.0190856	0.0213502	0.0320879	0.0291593	0.125997	0.0238958	0.0259049	0.0221592	0.051645	0.0519399	0.0367059	0.030581	0.0423453	0.00325239	0.0119823
97	0.0719088	0.00522557	0.0139489	0.0603065	0.0262615	0.0102162	0.040645	0.0460296	0.0249754	0.163477	0.0200398	0.0581191	0.00975503	0.142415	0.0692752	0.0976411	0.0398053	0.082511	0.00577779	0.0116665
98	0.00849378	0.00886725	0.000749138	0.00568004	0.0340497	0.00587623	0.00609166	0.0807307	0.00207558	0.672818	0.0708542	0.000800176	0.00393059	0.00559787	0.00606661	0.0127844	0.00600193	0.0528112	0.00102419	0.0146968
99	0.0328179	0.0191805	0.0106006	0.0179133	0.0967095	0.0192903	0.159346	0.0224374	0.0208579	0.0694524	0.0172508	0.0265403	0.0134727	0.0248643	0.04875	0.0380633	0.0217207	0.0244211	0.133595	0.182716
100	0.0514824	0.00233346	0.180563	0.215287	0.00979804	0.0409446	0.0297607	0.00716742	0.0111907	0.0185562	0.00240194	0.0674656	0.2058	0.0327459	0.0140279	0.0527308	0.0335728	0.0071505	0.00085575	0.0161651
101	0.00941379	0.0224182	0.00145546	0.00929489	0.133276	0.0145025	0.269067	0.00502132	0.00497697	0.0183374	0.00257584	0.0202449	0.00442918	0.0063575	0.0203498	0.0190541	0.00419831	0.00329075	0.0283556	0.403381
102	0.0196951	0.00407973	0.000465621	0.00130826	0.0331024	0.00231205	0.00248047	0.355758	0.00318152	0.279085	0.0353587	0.00197327	0.00559754	0.00159277	0.00246241	0.00405089	0.0140859	0.22445	0.00132871	0.00763183
103	0.0568181	0.00272812	0.14245	0.221112	0.0108661	0.0378755	0.0304895	0.00609246	0.0100675	0.0209065	0.00249233	0.0580323	0.23373	0.0346495	0.0137093	0.0547253	0.0375278	0.00643567	0.000931139	0.0183603
104	0.0940148	0.0290258	0.0226375	0.157798	0.028012	0.056461	0.0156955	0.0171262	0.0239174	0.0152831	0.0110218	0.0624991	0.00854612	0.0682766	0.0291114	0.179571	0.120798	0.0521617	0.00352079	0.00452256
105	0.0187938	0.0115361	0.00198288	0.00343079	0.353723	0.00704784	0.0289431	0.0359138	0.00342512	0.243169	0.0345116	0.00396469	0.00516553	0.00568759	0.0052715	0.00887592	0.00760413	0.0249775	0.046726	0.14925
106	0.349256	0.0250915	0.0013919	0.00293586	0.00516109	0.0212496	0.00395754	0.0637723	0.00277752	0.0589835	0.00896308	0.00297651	0.00177191	0.00804184	0.00580685	0.107968	0.0966167	0.227192	0.000612719	0.00547429
107	0.0247515	0.00142632	0.473132	0.172348	0.00427627	0.0286304	0.0246047	0.0103451	0.0224313	0.00411395	0.00180865	0.120954	0.0115757	0.0300373	0.0200639	0.0231811	0.0103073	0.0103297	0.000550656	0.00513179
108	0.0568525	0.01664	0.0405486	0.0615134	0.00556113	0.0692043	0.0598888	0.0110183	0.148725	0.0223608	0.0168358	0.0687878	0.0156978	0.0862964	0.223173	0.0443954	0.0242989	0.00799438	0.00306826	0.0171392
109	0.364192	0.0312257	0.00102557	0.00157436	0.00434	0.0241619	0.00234953	0.0537876	0.00275709	0.0675018	0.00838979	0.00152623	0.0017485	0.00709352	0.00514761	0.119535	0.103575	0.193929	0.000453068	0.00568661
110	0.0369058	0.00851106	0.000485085	0.0013811	0.0594559	0.0026492	0.0061335	0.312857	0.00295475	0.222618	0.0436616	0.00170887	0.00485686	0.00338254	0.00305613	0.00980277	0.0285085	0.234762	0.00348119	0.0128274
111	0.1661	0.00671896	0.0489777	0.0597991	0.0112289	0.0676824	0.0190091	0.0232254	0.0520508	0.0231768	0.0230218	0.0398372	0.0178201	0.0711524	0.0500477	0.173641	0.106148	0.031489	0.00651991	0.00235432
112	0.00916369	0.0202352	0.00117482	0.00810792	0.145233	0.0129165	0.240222	0.00488475	0.00491546	0.0199606	0.00263454	0.0194381	0.0039014	0.00625007	0.0196898	0.0169347	0.00413254	0.00325296	0.0277246	0.429227
113	0.0156578	0.00118639	0.000319444	0.000763571	0.0295236	0.000700098	0.000931596	0.463316	0.00233407	0.181779	0.036588	0.00260342	0.00282707	0.00112693	0.00136477	0.00151474	0.0131113	0.23835	0.000213475	0.00578876
114	0.0737998	0.0103388	0.0226906	0.030686	0.0160653	0.0201954	0.0503348	0.0903499	0.0757271	0.133143	0.0642815	0.0206546	0.013049	0.0502541	0.121005	0.0529133	0.0460761	0.0824842	0.0126552	0.0132954
115	0.0561175	0.00472899	0.0340656	0.0417197	0.0190001	0.0185184	0.0530005	0.0926514	0.0528879	0.108487	0.0572979	0.0384318	0.0242305	0.0700154	0.0864599	0.0576075	0.0614695	0.0970277	0.00793895	0.0183441
116	0.343757	0.0273889	0.00473657	0.0185869	0.00603994	0.0693338	0.00814351	0.00584673	0.00744174	0.00868582	0.00688114	0.00678366	0.00242307	0.0190289	0.016543	0.332229	0.0864795	0.0272614	0.000860562	0.00154913
117	0.0366342	0.0110957	0.0195868	0.0284613	0.00625572	0.0267851	0.0548214	0.014092	0.198725	0.0205713	0.00869358	0.0890455	0.00755896	0.0669696	0.33017	0.0405806	0.0211558	0.00834415	0.00177194	0.00868084
118	0.377917	0.0256013	0.000938062	0.00153103	0.0037046	0.0227578	0.00247362	0.0560701	0.00246354	0.0550803	0.00783063	0.00157918	0.00111636	0.00746915	0.00509217	0.110017	0.0961719	0.216731	0.00035877	0.00509641
119	0.0115536	0.00876238	0.000879501	0.00490875	0.0317948	0.00579653	0.00486529	0.12334	0.00268139	0.616602	0.0574539	0.00131926	0.00459921	0.00526356	0.00545481	0.0109106	0.00699514	0.0817877	0.00142145	0.0136099
120	0.0596392	0.00327053	0.0150055	0.00122593	0.00285369	0.845927	0.00472203	0.00181374	0.00114286	0.00388793	0.000939397	0.011098	0.000799948	0.00139261	0.00810094	0.0301864	0.00178808	0.00172535	0.00356861	0.000912386
121	0.0284057	0.00124704	0.471995	0.183261	0.00451287	0.0349636	0.0246829	0.00890264	0.0260263	0.00316565	0.000900599	0.111325	0.0019228	0.0314684	0.0192606	0.0238449	0.0107327	0.00899095	0.000361537	0.00402987
122	0.12232	0.0063251	0.0319534	0.0571953	0.00921	0.106941	0.0185798	0.0105998	0.0343665	0.0319725	0.010678	0.0360406	0.147457	0.0430613	0.106655	0.0969247	0.0350819	0.0762208	0.00939962	0.00901781
123	0.054898	0.0146108	0.0676071	0.0906094	0.00309025	0.0496841	0.0475793	0.0125748	0.181567	0.0180141	0.0119705	0.0713535	0.021608	0.079601	0.177817	0.0482184	0.0291957	0.00436367	0.00392011	0.0117181
124	0.0858791	0.00388457	0.0798253	0.128785	0.00848978	0.0709539	0.0215062	0.00576578	0.0265666	0.0479511	0.00417347	0.0490492	0.223835	0.0452302	0.0512521	0.0753782	0.0276409	0.0254774	0.00658132	0.0117742
125	0.0809774	0.0167602	0.0189491	0.0287469	0.0118382	0.018925	0.0479998	0.133671	0.0528333	0.134005	0.0580214	0.0163274	0.00691615	0.0501689	0.0932959	0.0420137	0.0427613	0.126642	0.00743601	0.011711
126	0.0601088	0.00448354	0.00472786	0.00507979	0.0575493	0.00540582	0.0124173	0.118758	0.0230347	0.295892	0.106654	0.00474284	0.0187115	0.0324368	0.0403496	0.030472	0.0280744	0.119289	0.0229619	0.00885002
127	0.0629155	0.00698731	0.00962093	0.0104975	0.00830991	0.0105775	0.0108169	0.0214037	0.00852648	0.0360361	0.0133788	0.0119281	0.600594	0.0126137	0.0240884	0.0482141	0.0238547	0.0722026	0.00280666	0.0046271
128	0.122695	0.00705265	0.143747	0.021921	0.0122746	0.0161288	0.1364	0.0496373	0.0166628	0.0261081	0.016357	0.0293441	0.0129558	0.0549714	0.0270875	0.0679588	0.113241	0.0765181	0.0037894	0.0451503
129	0.04819	0.00303866	0.000738808	0.00119412	0.0217407	0.00341532	0.00274206	0.227176	0.00325839	0.0884099	0.0271931	0.00218014	0.00852837	0.0040774	0.00408478	0.0126948	0.02155	0.505152	0.0104608	0.00417401
130	0.0180753	0.00148307	0.000373856	0.000715144	0.0263053	0.00102689	0.0011719	0.47098	0.00196383	0.142187	0.0275794	0.00339163	0.0030053	0.0013868	0.00135052	0.00249139	0.0114373	0.279556	0.000724472	0.00479579
131	0.0601983	0.00939292	0.0365413	0.0516699	0.018714	0.031441	0.123234	0.0216429	0.0624266	0.0383301	0.0190106	0.0436324	0.106483	0.0904505	0.119888	0.0687481	0.0402559	0.0300829	0.00692753	0.02093
132	0.324158	0.0229741	0.00529396	0.0190147	0.00491268	0.110301	0.00685049	0.00485399	0.00723624	0.00648493	0.0070749	0.00824401	0.00297698	0.0197235	0.0156764	0.311661	0.100302	0.0200646	0.000851089	0.00134562
133	0.0522055	0.01961	0.0334257	0.0306494	0.0605372	0.031152	0.187567	0.0250599	0.0401883	0.043139	0.0149693	0.0546482	0.014978	0.0472245	0.0853514	0.0615346	0.0348223	0.0320137	0.0114752	0.119449
134	0.0210572	0.0171269	0.00609085	0.0123356	0.161669	0.0102761	0.120006	0.0133803	0.0102307	0.037041	0.00681899	0.0182705	0.00461827	0.00919316	0.0260195	0.019011	0.0105269	0.0118263	0.0186399	0.465862
135	0.416891	0.0223876	0.00951667	0.0193679	0.00597806	0.119882	0.00895961	0.00615176	0.0124292	0.0119916	0.0068098	0.0115937	0.00425709	0.0204964	0.0198101	0.206391	0.0614696	0.0321966	0.00132951	0.00209073
136	0.0649055	0.00907137	0.245159	0.114958	0.00749144	0.0654691	0.0362785	0.0147502	0.0422155	0.0156547	0.00921507	0.0874879	0.0172027	0.046977	0.048811	0.101431	0.039479	0.020965	0.00336994	0.00910856
137	0.323472	0.0133198	0.0112822	0.00690407	0.00472487	0.409259	0.00652697	0.00276779	0.00756492	0.0110365	0.00327816	0.0136735	0.00282166	0.011277	0.0137299	0.102933	0.0302515	0.0215705	0.0023214	0.00128574
138	0.116675	0.0129704	0.0153414	0.00682636	0.00384621	0.672644	0.007585	0.00339434	0.0074062	0.00768043	0.002087	0.0253144	0.00257347	0.00808615	0.0159351	0.0592336	0.0170423	0.0106992	0.00309874	0.00156046
139	0.0712488	0.00440676	0.0321317	0.0374102	0.0218878	0.00879511	0.0450181	0.145713	0.0243836	0.168468	0.0272288	0.0188719	0.00822627	0.0596195	0.0423608	0.0328024	0.0311875	0.132633	0.0046313	0.0829758
140	0.358804	0.0258523	0.00100074	0.00178591	0.005459	0.0210824	0.0028322	0.0671345	0.00226927	0.0547822	0.00958602	0.00188193	0.00166404	0.00676959	0.00510909	0.104175	0.0917727	0.232599	0.000605779	0.00483437
141	0.51073	0.0340391	0.0017075	0.00687728	0.00500309	0.103632	0.00584734	0.00831259	0.00394104	0.0184312	0.00488941	0.00308427	0.0015953	0.01151	0.0104744	0.132502	0.0740116	0.0607229	0.000597027	0.00209248
142	0.390175	0.0285225	0.00382381	0.0205196	0.00396293	0.0834267	0.0065241	0.00369152	0.00821993	0.00504999	0.00800252	0.00467464	0.00207194	0.0218201	0.0180967	0.284699	0.0824026	0.0225522	0.000630169	0.00113434
143	0.0523953	0.00607982	0.0245427	0.0379679	0.0215946	0.0220442	0.0733765	0.0594863	0.0715533	0.104427	0.0503157	0.0422479	0.0178445	0.0810247	0.154394	0.0539488	0.0421556	0.050459	0.00974015	0.0244023
144	0.0198959	0.00471809	0.00051345	0.00178288	0.0281315	0.00279866	0.00229513	0.287629	0.00279595	0.338522	0.0369913	0.00165969	0.00438665	0.00242391	0.00297803	0.00599698	0.0123463	0.233977	0.0013402	0.00881718
145	0.369728	0.0282684	0.00154994	0.0186832	0.00449143	0.0775222	0.00698963	0.00193348	0.00534301	0.00387473	0.00558766	0.00552554	0.00116419	0.0170405	0.0153251	0.340696	0.0775884	0.0171824	0.000419109	0.00108763
146	0.09793	0.0095129	0.0531146	0.0416968	0.0049902	0.192804	0.0310087	0.00657213	0.0715929	0.0212717	0.00793265	0.0978957	0.0153925	0.0652951	0.0844203	0.134567	0.0385246	0.0172501	0.00549623	0.00273234
147	0.0606192	0.00410988	0.00770863	0.00911655	0.0527921	0.00664124	0.0175157	0.104311	0.0282324	0.276815	0.102019	0.00849498	0.017738	0.0405779	0.0516625	0.0358572	0.0314281	0.11214	0.022612	0.00960883
148	0.010496	0.010783	0.00052297	0.00514661	0.0488951	0.00508159	0.00621061	0.125505	0.00204676	0.601266	0.050477	0.000882849	0.00302339	0.00512206	0.00508725	0.0098936	0.00801236	0.0813052	0.00296237	0.0172802
149	0.0514239	0.00436579	0.175387	0.114137	0.00546168	0.168202	0.0496009	0.00571988	0.0417175	0.00979362	0.00313397	0.145857	0.00957436	0.0566929	0.048227	0.0722004	0.0157747	0.0136183	0.00350723	0.00560521
150	0.0201601	0.000966456	0.000376602	0.000640063	0.0222131	0.000750377	0.000833987	0.402325	0.00234441	0.146786	0.0276634	0.00245313	0.00352345	0.00138017	0.00157173	0.0023103	0.0141465	0.343362	0.00122376	0.00496982
151	0.0588341	0.0103818	0.0316524	0.0365104	0.0170372	0.0530075	0.056295	0.0542808	0.0307109	0.0400256	0.0252189	0.0323774	0.286661	0.033708	0.071968	0.0627889	0.0364607	0.0395157	0.00569448	0.0168712
152	0.0417667	0.00860392	0.00621689	0.0125702	0.139723	0.0101804	0.0269097	0.0406711	0.043734	0.270404	0.0781297	0.0086177	0.00788503	0.100459	0.0740776	0.0273031	0.0283413	0.0406746	0.0098726	0.0238586
153	0.0428413	0.0011445	0.000512694	0.000701784	0.0127342	0.00169101	0.0011058	0.234858	0.00264618	0.0575652	0.0178119	0.00193528	0.00605474	0.00251472	0.00275199	0.00731499	0.0172648	0.58058	0.00476374	0.0032071
154	0.041527	0.0111578	0.00445831	0.0056083	0.273912	0.00868288	0.0827638	0.0359635	0.00650354	0.223007	0.0875835	0.00662018	0.00645049	0.0117763	0.0156523	0.0222204	0.0210408	0.0317426	0.0244567	0.078873
155	0.157735	0.020276	0.020534	0.0293461	0.0132881	0.0461641	0.0239667	0.014008	0.0257115	0.0238113	0.0118882	0.0334222	0.0128021	0.0287829	0.0372481	0.283898	0.174001	0.031914	0.00293719	0.00826556
156	0.0690663	0.00382218	0.016188	0.003438	0.00259638	0.813664	0.00494222	0.00219054	0.00292406	0.0044389	0.00127196	0.0136698	0.00127432	0.00390319	0.0093246	0.0349199	0.00482737	0.00322334	0.00329139	0.00102404
157	0.0513315	0.0218475	0.0408037	0.0328926	0.0528555	0.025167	0.188056	0.026937	0.0373922	0.0485089	0.0183035	0.0515205	0.0156007	0.0495737	0.0811368	0.0590474	0.033525	0.0314567	0.0116812	0.122362
158	0.0981825	0.0380387	0.0211438	0.0246684	0.0951897	0.0369246	0.0419547	0.030629	0.0276269	0.0644461	0.0229066	0.0394776	0.0188357	0.0339226	0.0475561	0.202238	0.0628678	0.0459591	0.00723409	0.0401979
159	0.0142469	0.00894086	0.00211437	0.00656452	0.0332192	0.00610172	0.00759803	0.0812529	0.0050071	0.626313	0.0795826	0.00184488	0.00501919	0.00809582	0.0121252	0.0160111	0.00987008	0.0592899	0.00259528	0.0142069
160	0.0654156	0.00507581	0.0166948	0.00365006	0.00318766	0.790179	0.00697792	0.00365153	0.0053381	0.0059256	0.0019598	0.0163838	0.0020091	0.005621	0.0149216	0.0369679	0.00530206	0.00499028	0.00360509	0.00214278
161	0.0566083	0.0111309	0.0184404	0.0248914	0.0382765	0.0176524	0.042717	0.0502221	0.109235	0.0694399	0.03297	0.0301755	0.0154977	0.0541411	0.277618	0.0472434	0.0382669	0.0353694	0.00683457	0.0232698
162	0.0436214	0.00304128	0.190334	0.108595	0.00733359	0.0333335	0.0504634	0.0407856	0.0180595	0.0320441	0.0230788	0.108903	0.0524204	0.0509985	0.0310567	0.078519	0.0481896	0.0558734	0.00161319	0.0217361
163	0.0557835	0.0126206	0.0350734	0.0511861	0.0182363	0.0391892	0.0435381	0.0240323	0.19429	0.0512996	0.0185746	0.043781	0.0199049	0.0644241	0.191293	0.0549967	0.0354158	0.0269337	0.00469082	0.0147367
164	0.0515019	0.00934229	0.00469351	0.0164595	0.0611896	0.011409	0.012927	0.00856767	0.106938	0.26511	0.0279729	0.0102878	0.00342732	0.143541	0.183657	0.0162814	0.0352014	0.0105216	0.00225075	0.0187199
165	0.0697016	0.00883549	0.110415	0.144793	0.00296803	0.037197	0.0307307	0.00992431	0.140801	0.0163312	0.00852463	0.0638688	0.0145453	0.0842178	0.155495	0.0529484	0.032302	0.00377696	0.00385737	0.00876603
166	0.0555121	0.0117471	0.0694213	0.106743	0.00310518	0.0297107	0.0287446	0.0168655	0.180646	0.0206938	0.0148776	0.0559438	0.0200141	0.0868162	0.206568	0.0400461	0.0323505	0.00530685	0.00435134	0.010536
167	0.00857057	0.00745132	0.000382503	0.00488257	0.027408	0.00488355	0.00387774	0.158153	0.00187585	0.588531	0.0573109	0.000943013	0.00357064	0.00401675	0.0042004	0.00819354	0.00621363	0.0969695	0.000495273	0.0120696
168	0.00464771	0.00923869	0.000470339	0.00613677	0.0270726	0.00611414	0.00447209	0.0744084	0.00160467	0.709943	0.0631923	0.000545338	0.00330121	0.00453633	0.00502281	0.0102326	0.00349214	0.0515027	0.000318087	0.0137483
169	0.0671996	0.00970626	0.0637898	0.149982	0.0062991	0.0299259	0.0218085	0.0179884	0.14674	0.0216462	0.0240238	0.0413123	0.0156872	0.0942149	0.170703	0.0430855	0.0354038	0.0277086	0.0043146	0.0084599
170	0.111316	0.00682774	0.0578725	0.0559144	0.00506946	0.203667	0.0198805	0.0066877	0.0656494	0.0192171	0.00756074	0.0864714	0.014746	0.076063	0.0691131	0.133569	0.0351311	0.0178948	0.00523186	0.00211778
171	0.0607487	0.00337494	0.019701	0.00580413	0.0023617	0.814561	0.0057722	0.00221693	0.00376122	0.00451517	0.00121282	0.0171813	0.00141438	0.00478439	0.0102733	0.0322748	0.00311939	0.00231215	0.00358862	0.00102193
172	0.0699224	0.00810226	0.0229704	0.0306811	0.0203097	0.0205642	0.0458695	0.0836554	0.0702687	0.146971	0.066539	0.0220408	0.0151395	0.0510475	0.115497	0.055044	0.0480456	0.0755697	0.0175116	0.0142508
173	0.0665675	0.00385017	0.0419442	0.0395526	0.0200026	0.0243726	0.0480325	0.0649695	0.0719554	0.0921208	0.0546663	0.0424295	0.0269555	0.0683626	0.0913469	0.0907008	0.0662678	0.0592052	0.0101191	0.0165784
174	0.0153756	0.00112746	0.000357438	0.000555906	0.0224088	0.000716913	0.00101142	0.502342	0.00195417	0.148919	0.0273629	0.00361265	0.00259545	0.00104058	0.00139823	0.00166225	0.00999979	0.252791	0.00042877	0.00433938
175	0.0198986	0.00101291	0.472644	0.178099	0.0040766	0.026436	0.0215941	0.0132309	0.0189622	0.00346022	0.00252386	0.14559	0.00230807	0.0314955	0.014405	0.0212482	0.00890246	0.00979906	0.000530131	0.00378244
176	0.168475	0.00616515	0.0479073	0.0593989	0.0118072	0.0598989	0.0189943	0.0234565	0.0516702	0.0238754	0.0242973	0.035946	0.0183179	0.0696549	0.050349	0.175995	0.111636	0.032719	0.00665839	0.00277824
177	0.0371242	0.00698233	0.0136503	0.0183601	0.0106462	0.00872434	0.0296879	0.0525415	0.114534	0.0557782	0.0208832	0.0669851	0.00780787	0.142934	0.171344	0.0714411	0.138392	0.0160536	0.00370632	0.0124233
178	0.0214908	0.00729386	0.00201093	0.0069203	0.284064	0.00606533	0.0646404	0.00998087	0.00430413	0.0375951	0.0084259	0.0173886	0.00231778	0.00544456	0.014625	0.00878795	0.00645379	0.0108569	0.0121655	0.469168
179	0.0660725	0.0116848	0.00738486	0.018529	0.0117013	0.0220354	0.118077	0.00782217	0.162801	0.0235895	0.0138935	0.101403	0.00339575	0.0782827	0.288152	0.0266896	0.0104923	0.00911508	0.00115529	0.0177235
180	0.0212688	0.00391812	0.000483041	0.00128117	0.0536279	0.00153572	0.00371963	0.390092	0.00329656	0.216332	0.0488531	0.00199482	0.00406458	0.00308354	0.00257401	0.00417181	0.015894	0.208408	0.00312396	0.0122776
181	0.157757	0.00567221	0.0474292	0.0598782	0.0137628	0.0558915	0.0213105	0.0268663	0.0540082	0.0311334	0.0267387	0.0361568	0.0195775	0.0718067	0.055461	0.164556	0.104557	0.0341433	0.00839547	0.00489861
182	0.0186499	0.017373	0.00467905	0.0119307	0.0044335	0.0118491	0.0540734	0.00657354	0.134869	0.0168521	0.00481056	0.0276088	0.00599847	0.101142	0.522969	0.0201113	0.0215345	0.00593013	0.000719914	0.00789214
183	0.0415247	0.0136811	0.0199059	0.0298328	0.0152555	0.0268564	0.0483232	0.018898	0.120038	0.0363305	0.0183885	0.0345718	0.017765	0.0679308	0.38385	0.043756	0.0248751	0.0195493	0.00405578	0.014612
184	0.0206057	0.000817077	0.000406121	0.000614745	0.0165348	0.000798633	0.000978593	0.452193	0.00177468	0.0828754	0.0178799	0.00379559	0.00218369	0.00198746	0.00202869	0.00315588	0.00915357	0.377808	0.00146526	0.00294354
185	0.0562833	0.00103291	0.186647	0.545978	0.00402696	0.00992485	0.0065217	0.00507006	0.00383149	0.0162756	0.00775572	0.0127826	0.0010229	0.053958	0.0243895	0.0138	0.0191646	0.0250089	0.000396135	0.00612937
186	0.546669	0.0193975	0.00220816	0.00306246	0.00613582	0.152853	0.010339	0.00718866	0.00345353	0.024961	0.00500972	0.00379303	0.00249246	0.00788341	0.0105544	0.0487206	0.0558108	0.0859139	0.000864785	0.00268903
187	0.0580537	0.00425264	0.157156	0.401752	0.00701449	0.0285116	0.0170891	0.0092267	0.0249755	0.0189033	0.00897984	0.0341738	0.0247243	0.0595868	0.0422835	0.0374513	0.0298228	0.0252278	0.00261718	0.00819718
188	0.0568289	0.00302827	0.164365	0.420808	0.0087578	0.021718	0.017011	0.0101853	0.0238155	0.0199181	0.00893943	0.0329909	0.0154497	0.0579892	0.0419614	0.0334132	0.027243	0.0248482	0.00206809	0.00866139
189	0.0532239	0.00377077	0.0341709	0.0385446	0.0359736	0.0171654	0.0458363	0.0654775	0.0759827	0.107212	0.0579123	0.03705	0.0197902	0.0746269	0.109399	0.0626036	0.0634096	0.060594	0.0110742	0.0261824
190	0.363768	0.0373454	0.0011762	0.00226966	0.00351781	0.0324246	0.00237115	0.0489679	0.00242118	0.0567256	0.00797095	0.00194261	0.00118543	0.0074697	0.00573205	0.127383	0.126035	0.166206	0.000504153	0.00458329
191	0.0149928	0.00649659	0.000538127	0.00365365	0.029022	0.00428371	0.0037977	0.211395	0.00276934	0.481604	0.0484885	0.00131043	0.00497387	0.00390903	0.00477471	0.00813758	0.0090623	0.148865	0.00134542	0.0105802
192	0.166761	0.00614181	0.0513975	0.0637135	0.0113374	0.063969	0.0190389	0.0227634	0.0521511	0.0240068	0.022936	0.0381405	0.0196401	0.0708315	0.0496908	0.171933	0.105268	0.0309184	0.00655739	0.00280454
193	0.162338	0.00703363	0.0433837	0.0494098	0.0126509	0.0488253	0.0257074	0.0242489	0.0424719	0.0285203	0.0274718	0.0336777	0.0197154	0.0587089	0.0480983	0.17378	0.133246	0.0486194	0.00513252	0.00695975
