214	20
1	0.0955226	0.000775784	0.000659384	0.0252589	0.00106042	0.00448658	0.00950555	0.00154808	0.246689	0.0357199	0.0389899	0.0341987	0.0124287	0.128652	0.251479	0.0394094	0.0375216	0.0350563	0.000416847	0.000621744
2	0.082157	0.185029	0.00488863	0.038019	0.00340799	0.0114228	0.0147872	0.00419933	0.00365184	0.0245011	0.00614659	0.0263267	0.00338749	0.0217832	0.00425055	0.424056	0.131849	0.00678464	0.00103402	0.00231723
3	0.0424274	0.00354438	0.00322321	0.00450603	0.189235	0.00611122	0.00377334	0.0553944	0.0239649	0.00933891	0.00882235	0.0236615	0.00376197	0.00548359	0.00529822	0.0296626	0.00797863	0.052865	0.42039	0.100557
4	0.00392053	0.00724846	0.00073766	0.00133313	0.00560661	0.00119605	0.000848649	0.199457	0.00321876	0.179837	0.00846024	0.00137351	0.00100637	0.00208642	0.00127657	0.0170769	0.00879433	0.555381	0.000402821	0.000738011
5	0.0912197	0.000632659	0.148055	0.145164	0.000887415	0.0301831	0.0541448	0.00157252	0.0510965	0.0146266	0.00430202	0.0455655	0.195541	0.0627228	0.0221234	0.0681624	0.0509065	0.00481445	0.000827204	0.00745253
6	0.058078	0.00113614	0.333675	0.0771677	0.00164528	0.137137	0.0418264	0.00201634	0.0183249	0.00370203	0.00179484	0.107647	0.0339846	0.0624346	0.0286638	0.0512093	0.014676	0.0129529	0.000575814	0.0113517
7	0.0500316	0.0991623	0.0123646	0.00680121	0.0022532	0.0407652	0.0559476	0.00244102	0.00177157	0.0163305	0.0114356	0.0292444	0.00272322	0.00425991	0.0021594	0.545986	0.110674	0.00375214	0.000705197	0.00119117
8	0.055762	0.0011126	0.239185	0.102775	0.00175983	0.0722851	0.112837	0.00203625	0.026457	0.0087915	0.00362769	0.0535014	0.140719	0.071522	0.0163584	0.0464287	0.0240274	0.00657349	0.000597169	0.0136432
9	0.0136444	0.00866782	0.000841683	0.0020448	0.476555	0.00226604	0.0157067	0.0384033	0.00297844	0.0971614	0.0228219	0.00236232	0.00398631	0.00865911	0.0025488	0.0096305	0.0068229	0.0217182	0.0371982	0.225983
10	0.0176936	0.00690429	0.0341014	0.00541976	0.00598622	0.0715529	0.00870851	0.00509467	0.00435827	0.0130098	0.00593648	0.0113685	0.0788996	0.00595834	0.00814723	0.445796	0.259432	0.00809165	0.00134483	0.0021962
11	0.00579366	0.00367447	0.0124524	0.00279372	0.0235542	0.0020569	0.0127342	0.472105	0.00235072	0.357181	0.00245648	0.00252935	0.0125153	0.00268195	0.00314071	0.00480693	0.00427362	0.0321728	0.000895694	0.0398307
12	0.0530284	0.00122398	0.0605199	0.194457	0.0194784	0.00183342	0.250304	0.00885622	0.00956416	0.011714	0.00170785	0.110906	0.00876347	0.125883	0.0167288	0.0105726	0.0105923	0.00339841	0.00756383	0.0929046
13	0.0643438	0.00398875	0.0125021	0.00967915	0.00498139	0.052479	0.0859878	0.00622719	0.0144784	0.0174092	0.0066258	0.474393	0.00697361	0.026782	0.0257496	0.0913069	0.0765568	0.0119357	0.0022861	0.00531403
14	0.00545078	0.00671856	0.0027592	0.00142089	0.00781805	0.00103658	0.00273736	0.257632	0.00116097	0.624217	0.00398723	0.0033	0.00282696	0.00376108	0.00217184	0.00234526	0.00697076	0.0552065	0.00081337	0.00766653
15	0.138345	0.00674886	0.0310281	0.0469764	0.00455172	0.0101613	0.00427867	0.00779096	0.0229871	0.00894536	0.00584173	0.0140355	0.561333	0.0184376	0.0109253	0.049585	0.0376067	0.0153946	0.00271315	0.00231482
16	0.00960277	0.00582779	0.000414185	0.000810033	0.50173	0.000732872	0.016381	0.0409629	0.000744849	0.0972932	0.0182845	0.000667374	0.000597323	0.00705711	0.000749889	0.00366565	0.00468566	0.0179083	0.0340371	0.237847
17	0.354028	0.0288167	0.00618805	0.00272212	0.00203062	0.508001	0.00259239	0.00340794	0.00268462	0.00419092	0.00148203	0.0052031	0.00620435	0.00276387	0.00248079	0.0325897	0.0146826	0.0184279	0.000590658	0.000912803
18	0.0404258	0.00365388	0.000579917	0.00517922	0.00319264	0.00081508	0.000548908	0.354951	0.000905892	0.0200896	0.0101847	0.000901477	0.00536132	0.000970656	0.00680185	0.0137439	0.007927	0.522968	0.000304873	0.000494432
19	0.172211	0.0510622	0.00573933	0.00847532	0.141075	0.0174715	0.0035798	0.143106	0.00545735	0.0664028	0.0328332	0.0054351	0.00585046	0.00544736	0.00660658	0.0245224	0.0221519	0.234948	0.0367808	0.0108438
20	0.0895604	0.000839742	0.000760271	0.0163446	0.0135921	0.00118807	0.0406125	0.0232128	0.150163	0.00772421	0.00139491	0.00138311	0.303025	0.0605817	0.173797	0.0365279	0.0199608	0.0136113	0.0274743	0.0182474
21	0.0677974	0.0441446	0.0085026	0.0202064	0.0361363	0.0426621	0.186831	0.0111081	0.0341928	0.0729088	0.011531	0.011105	0.00440283	0.132552	0.166784	0.0138454	0.0429372	0.0804119	0.00256463	0.00937623
22	0.133273	0.148901	0.00196074	0.00275839	0.00506004	0.0465346	0.00217888	0.136763	0.00288805	0.0760481	0.0169873	0.00629567	0.100504	0.00352698	0.00361546	0.0195305	0.0408324	0.248538	0.00162337	0.00218082
23	0.389495	0.034489	0.00621996	0.00170423	0.00145638	0.496042	0.00116634	0.00224437	0.00143609	0.00314644	0.00146849	0.00376887	0.00839737	0.00168932	0.00165275	0.0159231	0.00814465	0.0203163	0.000409718	0.000829801
24	0.0355166	0.00790617	0.0010815	0.00195397	0.00207458	0.00225067	0.00124095	0.116456	0.00187186	0.0045822	0.00889251	0.00207065	0.00227817	0.0021735	0.00239219	0.14906	0.0834797	0.566306	0.000711173	0.00770102
25	0.207782	0.00523089	0.00417651	0.00835022	0.00876908	0.0410697	0.00616199	0.0864464	0.025856	0.0181728	0.0101068	0.00707024	0.00564779	0.00934765	0.44921	0.0525118	0.0265159	0.0207842	0.00257522	0.00421479
26	0.00331043	0.000673864	0.000431923	0.000556861	0.00278972	0.000390603	0.00469255	0.724307	0.00276968	0.0897834	0.0106074	0.000519574	0.000415652	0.00205504	0.000585831	0.000994857	0.00529722	0.149078	0.000201556	0.00053938
27	0.0861331	0.00363433	0.137114	0.0369393	0.0124542	0.371383	0.0225815	0.00480425	0.0196142	0.00817079	0.00416935	0.0835997	0.0301927	0.022225	0.0285656	0.0821486	0.031822	0.00906385	0.00228052	0.00310418
28	0.0372376	0.000431796	0.457184	0.251164	0.000722959	0.0113763	0.00665884	0.00355904	0.0208402	0.00655997	0.00297419	0.0699052	0.000488489	0.0400408	0.0161559	0.0381024	0.0289847	0.00699535	0.000214365	0.000403443
29	0.026896	0.00188552	0.00802858	0.0263606	0.117289	0.0015519	0.113152	0.00791883	0.0745027	0.0705922	0.0366189	0.0237333	0.00122329	0.0687533	0.0877116	0.0652733	0.0598411	0.0218657	0.0477919	0.13901
30	0.0398488	0.00456073	0.00057906	0.00399071	0.00323917	0.000730693	0.000547352	0.332834	0.000875791	0.0301854	0.00817266	0.000792948	0.00548738	0.000871618	0.00464499	0.0102277	0.00625133	0.545438	0.000282576	0.000438873
31	0.00588194	0.0266353	0.00107798	0.00225678	0.0173733	0.00172172	0.00126939	0.250568	0.0091294	0.26301	0.00616397	0.00164387	0.00161079	0.00350739	0.00211335	0.00843779	0.00603439	0.389666	0.000782186	0.00111635
32	0.0316296	0.0219333	0.534356	0.00945218	0.0566679	0.0397023	0.00742518	0.00467919	0.00457027	0.00734534	0.00407795	0.170513	0.00326169	0.00466366	0.0124118	0.0595817	0.0125635	0.0112066	0.00168963	0.00226916
33	0.0132193	0.00172629	0.000235798	0.00043337	0.028477	0.000342476	0.000305829	0.0478672	0.000360972	0.712668	0.102806	0.000355347	0.00166925	0.00039904	0.00298304	0.00222783	0.00711967	0.0746744	0.000777741	0.00135104
34	0.21065	0.00518005	0.0159042	0.0373544	0.0158741	0.12774	0.0240192	0.00120922	0.0767695	0.0193651	0.00445512	0.0378783	0.00638161	0.0433074	0.0825285	0.209104	0.0593527	0.0143061	0.00802028	0.000599838
35	0.0270667	0.00588634	0.00305644	0.00776796	0.0188686	0.00533476	0.00289019	0.127245	0.0145481	0.518636	0.0961493	0.00475518	0.0090967	0.00906941	0.0367822	0.0116402	0.0176687	0.0560068	0.0209795	0.00655224
36	0.105848	0.00248988	0.220332	0.0911968	0.00454615	0.0374463	0.0320636	0.00691253	0.0336166	0.0146787	0.00664915	0.166477	0.0539067	0.0651773	0.0318545	0.0505012	0.0593822	0.0118964	0.0012534	0.00377152
37	0.240167	0.0017233	0.19119	0.0530233	0.0019415	0.0583211	0.00249086	0.002473	0.0714151	0.0228314	0.0301157	0.0136529	0.0839041	0.00348124	0.0767997	0.0787358	0.0532916	0.0127145	0.000629435	0.0010988
38	0.0227764	0.0146527	0.000717607	0.00114443	0.333532	0.0010588	0.00359109	0.0437115	0.00115892	0.29913	0.114226	0.00115837	0.00103387	0.00202074	0.00126429	0.00439969	0.0029313	0.0532395	0.00527721	0.0929759
39	0.0982393	0.0345239	0.0033793	0.00450815	0.134422	0.00388568	0.00167793	0.112512	0.00227338	0.226345	0.168647	0.00225032	0.00185347	0.0029845	0.00245604	0.0233261	0.0143145	0.124311	0.00445815	0.0336322
40	0.507593	0.00165884	0.0405363	0.0983233	0.00189727	0.114365	0.00146109	0.0025123	0.0215745	0.00393248	0.00217965	0.00201802	0.00160018	0.0121971	0.00280552	0.155747	0.0233293	0.00428613	0.000843574	0.00113869
41	0.0922559	0.0443234	0.0172681	0.0319593	0.00293519	0.00326469	0.00242608	0.0189261	0.0179159	0.4645	0.13673	0.00335778	0.00231622	0.0636934	0.0316468	0.0510937	0.00611053	0.00569046	0.00141807	0.00216799
42	0.0451714	0.00289198	0.121098	0.00500716	0.0205166	0.189315	0.00276359	0.0127264	0.00807501	0.00719671	0.00407936	0.065818	0.185195	0.0123308	0.0790131	0.12238	0.107142	0.0063093	0.00109132	0.00187919
43	0.0806405	0.000822458	0.00076024	0.0185351	0.0131358	0.00129096	0.040975	0.0218933	0.156316	0.00695937	0.00134627	0.00147901	0.289702	0.0629378	0.185229	0.040092	0.0169654	0.0132058	0.0282424	0.0194719
44	0.00542755	0.00295229	0.000490776	0.000820254	0.0041576	0.000748097	0.000609124	0.178916	0.000650588	0.721481	0.00432261	0.00394218	0.000643114	0.00429643	0.00191128	0.00151021	0.00809355	0.0578421	0.000711292	0.000473851
45	0.0559544	0.00381231	0.00314124	0.00557045	0.0451918	0.00437148	0.0261295	0.0260537	0.0477685	0.0324973	0.0271501	0.00517307	0.00304456	0.385499	0.0476563	0.148511	0.120504	0.00797549	0.00142219	0.00257413
46	0.0901148	0.000876062	0.0482804	0.1568	0.0123958	0.00534606	0.0338855	0.00107818	0.0890193	0.0182846	0.00555814	0.0628346	0.000588746	0.115301	0.150748	0.0821385	0.0868958	0.0342422	0.00487132	0.000741511
47	0.143675	0.0399045	0.0135629	0.0149578	0.0359902	0.0172544	0.00171368	0.232695	0.00243243	0.177291	0.0529424	0.00336675	0.0031332	0.00301741	0.00416879	0.030052	0.0291777	0.159482	0.0169011	0.0182813
48	0.0154997	0.00729593	0.00139792	0.00255197	0.410383	0.00339977	0.00500939	0.0254279	0.00228862	0.318454	0.0609721	0.00189024	0.00201975	0.00361806	0.00238143	0.00827552	0.00837013	0.0512488	0.0129138	0.0566015
49	0.185289	0.00392962	0.0238624	0.0360075	0.0114444	0.0945047	0.0216813	0.00141736	0.0694373	0.0245521	0.00373219	0.0391748	0.00458001	0.0466042	0.0936129	0.249952	0.0689057	0.0115049	0.00900534	0.000802158
50	0.0336275	0.0755681	0.0194164	0.0560131	0.0258219	0.0519726	0.256462	0.0218506	0.00798259	0.161574	0.0219564	0.0214677	0.00262904	0.0405773	0.0471459	0.00696074	0.029375	0.0992883	0.00109802	0.0192126
51	0.0132065	0.00172484	0.000236145	0.000436352	0.0284088	0.000346935	0.000313577	0.047755	0.000363418	0.712673	0.102815	0.000360397	0.0016657	0.000406461	0.00300255	0.00222912	0.00715255	0.0747735	0.000777852	0.00135185
52	0.10391	0.00547966	0.0347458	0.0514016	0.00676419	0.0103514	0.00785147	0.0103846	0.0299036	0.0177438	0.00988414	0.0177762	0.527805	0.0231511	0.018776	0.0520908	0.0419625	0.0218464	0.00422404	0.00394836
53	0.126778	0.0620729	0.00609236	0.00722425	0.068172	0.00897803	0.00142849	0.189709	0.00249623	0.127461	0.0759197	0.00288976	0.00389109	0.00293317	0.00318027	0.0339357	0.033693	0.217167	0.0097207	0.0162566
54	0.0888427	0.000974747	0.0482224	0.153599	0.0122531	0.00481683	0.0369119	0.00115223	0.0916676	0.0178453	0.00529552	0.060274	0.00065004	0.120383	0.147967	0.0775925	0.0909271	0.0355386	0.0043208	0.000765759
55	0.0389748	0.00332005	0.000630954	0.0034004	0.0056099	0.00194387	0.000675588	0.329883	0.000932294	0.0282721	0.0098555	0.000945171	0.0200563	0.00117656	0.00451042	0.0107864	0.0121855	0.526036	0.000328177	0.000477326
56	0.053539	0.00526444	0.55789	0.0826853	0.00964389	0.0313095	0.0133683	0.0064487	0.0108206	0.0107758	0.00555687	0.0817964	0.0195531	0.0200963	0.0181808	0.0372312	0.0212721	0.0108388	0.00110705	0.00262229
57	0.0114236	0.00811944	0.000630308	0.00155551	0.484487	0.00127295	0.0159311	0.0403099	0.00237806	0.0960884	0.020223	0.00127394	0.00223284	0.00739302	0.00220697	0.00679658	0.00576684	0.0184443	0.0350533	0.238413
58	0.0176083	0.051573	0.00344396	0.00670168	0.39332	0.00495825	0.0111239	0.0229216	0.00522327	0.071593	0.0133238	0.00586128	0.00455932	0.00845442	0.00617794	0.0731205	0.0102045	0.0156902	0.0157004	0.258441
59	0.506312	0.0493444	0.00129578	0.00194848	0.0019703	0.0031489	0.00142716	0.0127306	0.00189334	0.00385177	0.00583563	0.00260177	0.0124153	0.00201486	0.00280826	0.0764329	0.24058	0.0718358	0.000593067	0.000960137
60	0.0386971	0.00340421	0.0115749	0.0157936	0.0230335	0.488448	0.0136731	0.00456097	0.00379784	0.00730273	0.00382332	0.0659424	0.00707729	0.00496714	0.00644801	0.26984	0.0215929	0.00703961	0.00113407	0.00184922
61	0.00603214	0.00168619	0.00166223	0.0727413	0.00248973	0.00233541	0.00176166	0.19622	0.223427	0.189232	0.0275894	0.00239314	0.0135495	0.0255334	0.118041	0.00495524	0.00439238	0.0714459	0.00128776	0.0332241
62	0.0473723	0.00124034	0.060389	0.203042	0.0197514	0.0017141	0.251807	0.00949831	0.00824186	0.0102863	0.00158189	0.117615	0.00953258	0.109302	0.0163524	0.0111981	0.0111736	0.00332287	0.00844205	0.0981361
63	0.0581252	0.0160902	0.0284233	0.0511298	0.0236597	0.0211917	0.295843	0.0144937	0.027697	0.0459944	0.0205486	0.056383	0.0193861	0.0679016	0.053159	0.0454333	0.0271953	0.0290455	0.0195575	0.0787426
64	0.243849	0.119675	0.00459752	0.010664	0.010517	0.0571216	0.00649803	0.0868468	0.00754363	0.0703236	0.0148461	0.0415968	0.036007	0.0116354	0.0126757	0.0283071	0.100933	0.126942	0.00433241	0.00508824
65	0.0223975	0.00147853	0.00658042	0.027816	0.114667	0.00167978	0.0923586	0.0103024	0.0740837	0.0777633	0.0367091	0.0226342	0.00196768	0.0634951	0.0972079	0.063575	0.0882496	0.0285355	0.0368079	0.131691
66	0.132622	0.00323186	0.0172327	0.0206577	0.00701088	0.0400526	0.0665936	0.00447557	0.045791	0.0143688	0.00523085	0.328342	0.00894436	0.0277406	0.0707636	0.134455	0.0560871	0.0104663	0.00362173	0.0023118
67	0.0521939	0.000462532	0.460329	0.241911	0.00200407	0.0124845	0.00868485	0.00318264	0.0187275	0.00827853	0.00528247	0.0602913	0.000520254	0.0394202	0.0132801	0.0344418	0.0316857	0.00607403	0.000224745	0.000520439
68	0.105635	0.000712738	0.137643	0.105675	0.00100409	0.0332386	0.0620915	0.00225228	0.0644377	0.0194313	0.00645759	0.096726	0.125596	0.0643041	0.0295073	0.0667256	0.0667033	0.00691313	0.00031846	0.00462641
69	0.132138	0.00193506	0.0669156	0.0777172	0.000836042	0.00816955	0.00143842	0.00275242	0.0302813	0.00213567	0.00406122	0.0158786	0.506505	0.0209736	0.00475922	0.0673366	0.0448892	0.00696748	0.00350675	0.000802775
70	0.0209082	0.0024366	0.000754041	0.00100841	0.023329	0.00151961	0.000874654	0.0738165	0.00491461	0.600182	0.126837	0.00106583	0.021783	0.00608402	0.00847167	0.00387507	0.0161875	0.0814749	0.00087	0.00360746
71	0.0221441	0.00216432	0.00205805	0.0186625	0.0843801	0.0178111	0.00280482	0.0184026	0.046664	0.167018	0.201869	0.0227646	0.165118	0.120515	0.018531	0.0137718	0.0503904	0.0060292	0.00148323	0.0174178
72	0.0101796	0.00315005	0.00250032	0.0251528	0.069477	0.00432388	0.00488433	0.00552283	0.1304	0.197608	0.00615907	0.0234629	0.0227844	0.00730835	0.182081	0.0305314	0.0711725	0.120486	0.00114501	0.0816709
73	0.0394967	0.010742	0.0020564	0.0138754	0.00680911	0.0023481	0.384034	0.00240793	0.0291547	0.0285039	0.0212619	0.0595074	0.00166983	0.0563013	0.0808916	0.0313634	0.00465961	0.0110696	0.0477657	0.166081
74	0.0121552	0.00129561	0.000744819	0.00145308	0.0438464	0.00137545	0.00100323	0.22798	0.00129881	0.410974	0.227193	0.0012821	0.00135928	0.00147171	0.00197328	0.00282866	0.00834644	0.0508884	0.000638097	0.00189265
75	0.101571	0.00758683	0.0316235	0.0453608	0.00756542	0.0133124	0.00689516	0.0124112	0.0248062	0.0171117	0.0111555	0.0168898	0.537686	0.0200676	0.0138364	0.0542633	0.0449218	0.0261393	0.00355111	0.00324477
76	0.0342796	0.003197	0.000560475	0.00441947	0.00324406	0.000792379	0.000577932	0.372408	0.000938942	0.0234859	0.0103987	0.000879144	0.00549248	0.00100608	0.00562775	0.0129724	0.00897143	0.510023	0.000277811	0.000447107
77	0.380187	0.0257725	0.00711651	0.00146311	0.00119495	0.520786	0.000910286	0.00165728	0.00129837	0.00235277	0.0012729	0.00385611	0.00604186	0.00147539	0.00143783	0.0156274	0.00754172	0.0189557	0.000334005	0.000718382
78	0.0387324	0.0157729	0.00925198	0.023406	0.251228	0.00737357	0.0509377	0.0328398	0.0182454	0.0778978	0.0286916	0.018537	0.0110363	0.0237177	0.0218221	0.0351784	0.0260903	0.0298493	0.0336756	0.245716
79	0.0708217	0.00394206	0.0138962	0.00842093	0.00473623	0.076615	0.105367	0.00569782	0.0121287	0.0184116	0.00530178	0.452012	0.00578919	0.038083	0.018866	0.0760327	0.0671195	0.0117997	0.00135568	0.00360312
80	0.182774	0.00553053	0.00749297	0.00995772	0.00714567	0.389699	0.00735262	0.00437229	0.00901973	0.00873653	0.00422071	0.0182584	0.00427077	0.00677516	0.0105703	0.290781	0.019273	0.00998681	0.00145136	0.00233108
81	0.0763092	0.00696717	0.0200761	0.0376415	0.0156628	0.022839	0.0295972	0.0364839	0.0747422	0.0374969	0.0207198	0.0462019	0.0244315	0.062825	0.308321	0.0607717	0.0559666	0.0412482	0.00650586	0.0151929
82	0.380334	0.031079	0.00346466	0.00515264	0.00425332	0.00572087	0.00336542	0.00564153	0.00420409	0.00858143	0.00475942	0.00566431	0.0254799	0.00540705	0.026321	0.367214	0.0365485	0.0730517	0.00134215	0.00241426
83	0.0644395	0.00632263	0.0126784	0.00981847	0.010268	0.25473	0.0147139	0.00559858	0.00915148	0.0125934	0.0050729	0.112994	0.00879989	0.0100476	0.0122034	0.376051	0.0599305	0.0098067	0.00214579	0.0026346
84	0.0212229	0.0110914	0.00118754	0.00409301	0.000781243	0.00574008	0.000594761	0.000986377	0.000734988	0.00148826	0.000850779	0.0068909	0.00124265	0.00450843	0.000848247	0.387506	0.542825	0.00669915	0.000254786	0.000452929
85	0.0235061	0.00329491	0.000481152	0.00254765	0.00332962	0.000767657	0.000829613	0.385274	0.00115651	0.0493022	0.00749599	0.000705728	0.00416719	0.000852403	0.00297978	0.00870121	0.00642789	0.497518	0.000266339	0.000396001
86	0.0522178	0.00314338	0.0217441	0.00507028	0.0655448	0.0255741	0.00331622	0.130309	0.00485669	0.0659159	0.0239958	0.023957	0.00332563	0.00477768	0.137595	0.0435696	0.00840795	0.372363	0.00164226	0.00267421
87	0.0786706	0.00543723	0.00136148	0.00237887	0.00379493	0.0128982	0.00157813	0.129886	0.0020963	0.0463135	0.00383314	0.00221199	0.109241	0.00272687	0.00244821	0.0148351	0.0558123	0.522593	0.000892348	0.000990768
88	0.0548058	0.00816209	0.287298	0.0850493	0.00904261	0.044048	0.0130516	0.00768798	0.0180663	0.0159664	0.0108139	0.0467	0.0391449	0.0281474	0.0221067	0.186293	0.100396	0.0156987	0.00260858	0.0049133
89	0.0460445	0.00642967	0.0499262	0.164186	0.016389	0.399881	0.0264556	0.00751469	0.0203421	0.015622	0.00726347	0.0322057	0.0897013	0.0254344	0.0119648	0.0318979	0.0244849	0.015997	0.00235039	0.00590997
90	0.0096346	0.00568387	0.000414587	0.000811638	0.501678	0.000727326	0.0164455	0.0411926	0.000701403	0.0975725	0.0183606	0.000661132	0.000597897	0.00708632	0.000764867	0.00354791	0.00471291	0.0179242	0.0341157	0.237366
91	0.208115	0.00491873	0.0164577	0.0386801	0.0148192	0.144426	0.0237805	0.00135818	0.0761711	0.0188358	0.00441261	0.0373664	0.00559103	0.0407006	0.0798985	0.202944	0.0584786	0.0147573	0.00762715	0.000660781
92	0.123455	0.00410836	0.0273734	0.0501912	0.00125174	0.00399205	0.000741499	0.00607351	0.0218538	0.00249307	0.00378666	0.0108376	0.639531	0.0144382	0.00246805	0.0438921	0.032108	0.00911255	0.00166997	0.000622063
93	0.0533599	0.316836	0.00214831	0.0173748	0.0017353	0.00363768	0.0049632	0.00220698	0.00193763	0.00734235	0.0025472	0.0062759	0.00127008	0.00557559	0.00194299	0.443775	0.121955	0.00337395	0.000626236	0.00111582
94	0.0900995	0.000891811	0.000777219	0.0297141	0.00119094	0.00642651	0.00997825	0.00154825	0.237104	0.0326217	0.0246995	0.0255639	0.0134094	0.135929	0.297	0.029227	0.0256292	0.037183	0.000431509	0.000574069
95	0.0960578	0.000812753	0.00061755	0.0250785	0.000990431	0.00453046	0.00935089	0.00149115	0.243646	0.0356228	0.0373986	0.0321167	0.011877	0.128078	0.262496	0.0371857	0.0358816	0.0357351	0.000431861	0.00060145
96	0.0131893	0.00171243	0.000243979	0.000432782	0.0292859	0.000350855	0.000312604	0.0475834	0.000365559	0.712171	0.102617	0.000353228	0.00160125	0.000405307	0.00295841	0.00223889	0.00710958	0.0749339	0.000779759	0.00135521
97	0.05531	0.00510319	0.55065	0.100274	0.00935078	0.0290334	0.0183316	0.00487532	0.0113859	0.00969911	0.00565635	0.0766814	0.0119284	0.0229315	0.0166788	0.0352473	0.0209108	0.0101808	0.00141511	0.00435662
98	0.0096255	0.0056675	0.000414541	0.000819298	0.50138	0.000735637	0.0164406	0.0412604	0.000698017	0.0977002	0.018384	0.000660638	0.000596027	0.00709181	0.00076502	0.00356017	0.0047015	0.0179122	0.0340999	0.237487
99	0.0753236	0.00801528	0.0865946	0.330318	0.017806	0.0275452	0.0273609	0.0141198	0.0422678	0.0297412	0.0131339	0.0301679	0.0410501	0.0693618	0.0288916	0.0553627	0.0564888	0.0314364	0.00375102	0.0112629
100	0.013887	0.00170466	0.000253908	0.000480007	0.0292217	0.000421807	0.000421138	0.048675	0.000386731	0.705589	0.103676	0.000439305	0.00158302	0.000444257	0.002973	0.00229559	0.00787544	0.0773394	0.000862484	0.00147014
101	0.0762548	0.00874419	0.0894543	0.333521	0.016054	0.0255612	0.0300283	0.0124479	0.0446341	0.0338137	0.0144473	0.0333744	0.028631	0.0719301	0.0341167	0.055413	0.0486045	0.0280339	0.00405745	0.0108779
102	0.0143528	0.00521133	0.00190671	0.00348587	0.0280444	0.0029953	0.00235966	0.130011	0.00308936	0.287736	0.213144	0.00338196	0.00348206	0.0036028	0.00377084	0.00864632	0.073837	0.206728	0.00130001	0.00291412
103	0.0372376	0.000431796	0.457184	0.251164	0.000722959	0.0113763	0.00665884	0.00355904	0.0208402	0.00655997	0.00297419	0.0699052	0.000488489	0.0400408	0.0161559	0.0381024	0.0289847	0.00699535	0.000214365	0.000403443
104	0.0369346	0.00808755	0.00156023	0.0101859	0.00435146	0.00250902	0.38615	0.00280536	0.031641	0.0370839	0.0212995	0.0757333	0.00163534	0.0533739	0.0969824	0.034929	0.00490623	0.0142681	0.0329681	0.142595
105	0.00331528	0.000488998	0.00031114	0.00053847	0.00261981	0.000383188	0.0046396	0.729376	0.00276746	0.0851614	0.0107477	0.000497974	0.000322901	0.00200176	0.000573247	0.000987457	0.00520951	0.149601	0.000193921	0.000262314
106	0.120891	0.0161603	0.0048671	0.0166092	0.243102	0.0597152	0.0225139	0.0379689	0.0248762	0.0311057	0.0144484	0.010007	0.0342164	0.010238	0.0101025	0.0312322	0.0173566	0.189761	0.0835474	0.0212813
107	0.105238	0.00761293	0.0152375	0.0232051	0.0140485	0.684616	0.0188391	0.00576929	0.00460396	0.00795963	0.00345695	0.0333044	0.0072283	0.0049125	0.00567011	0.0299147	0.0121853	0.0120628	0.00192176	0.00221362
108	0.0258606	0.0181231	0.000798479	0.00122619	0.268618	0.00126166	0.00172902	0.0493206	0.00125446	0.330313	0.145546	0.00131322	0.00118893	0.00152398	0.00147981	0.00468956	0.00250164	0.0613707	0.000549543	0.0813314
109	0.0567301	0.0392908	0.00335795	0.00547103	0.0043884	0.0485081	0.00348576	0.00722164	0.00416455	0.052069	0.0725622	0.00539737	0.00398299	0.0278198	0.00544982	0.116047	0.175855	0.364094	0.0012245	0.0028804
110	0.00532786	0.00289479	0.000445103	0.000815093	0.00439579	0.000747129	0.0005883	0.174161	0.000630841	0.72487	0.00587698	0.00385477	0.00070539	0.00432238	0.00195217	0.00149905	0.00795044	0.0577684	0.000733619	0.000461592
111	0.0131832	0.00173468	0.000247048	0.000448443	0.0313115	0.00037499	0.00032434	0.0470104	0.000409237	0.711374	0.101796	0.000375167	0.00157703	0.000420319	0.00290765	0.00229778	0.00706695	0.0750111	0.000773088	0.00135642
112	0.0682007	0.0104037	0.0667366	0.0316599	0.0152989	0.0659493	0.0521576	0.0159452	0.0208744	0.0296119	0.0129362	0.352288	0.018925	0.0338583	0.0364709	0.07177	0.0565083	0.0227459	0.00737797	0.0102815
113	0.0565472	0.0057607	0.548456	0.105468	0.0109973	0.0259233	0.0154276	0.00565376	0.0106532	0.00949602	0.00663732	0.0767165	0.00940394	0.0228259	0.0160919	0.0365944	0.0218361	0.0103857	0.00119002	0.00393533
114	0.0516743	0.0104818	0.00973227	0.018489	0.131421	0.0190176	0.0248122	0.0439616	0.0283915	0.0312502	0.0166408	0.0262427	0.0150811	0.0173987	0.0193272	0.0400227	0.0233655	0.052147	0.341202	0.0793414
115	0.306625	0.0179281	0.0134086	0.0175297	0.0149982	0.229259	0.0117905	0.0194278	0.0201608	0.0220369	0.0105247	0.0155503	0.0126516	0.0170234	0.0235115	0.12706	0.0353446	0.0746937	0.00527123	0.00520504
116	0.075761	0.00423167	0.00955267	0.0329298	0.0132648	0.0126095	0.0174903	0.0247512	0.165425	0.0396002	0.019649	0.0301997	0.0303778	0.0745604	0.291376	0.0520547	0.0536889	0.0385042	0.00416171	0.00981117
117	0.109418	0.00539739	0.433246	0.0410405	0.00773625	0.0854731	0.014773	0.00430452	0.0179291	0.00889029	0.00522264	0.0810478	0.0246314	0.0190561	0.0272049	0.0717686	0.0269063	0.0121862	0.00102939	0.00273884
118	0.00331528	0.000488998	0.00031114	0.00053847	0.00261981	0.000383188	0.0046396	0.729376	0.00276746	0.0851614	0.0107477	0.000497974	0.000322901	0.00200176	0.000573247	0.000987457	0.00520951	0.149601	0.000193921	0.000262314
119	0.0650898	0.011305	0.0372504	0.076205	0.0254338	0.0222861	0.0494187	0.0244944	0.0468159	0.058056	0.0403298	0.0372415	0.0262257	0.240277	0.0501024	0.0654331	0.0546726	0.0385956	0.00710296	0.0236644
120	0.256082	0.00516058	0.012226	0.034166	0.0231638	0.137475	0.0191092	0.00297207	0.0680052	0.0221606	0.00928037	0.0340775	0.00617815	0.0489853	0.072901	0.17199	0.050314	0.0185968	0.00601387	0.00114261
121	0.011374	0.00559099	0.000586123	0.00104509	0.487468	0.00095778	0.015849	0.0414856	0.0017611	0.095442	0.0189448	0.00165741	0.000762347	0.00708517	0.00150419	0.00467943	0.00494432	0.0188224	0.0498759	0.230165
122	0.0651554	0.0113821	0.0423948	0.263318	0.105809	0.0245753	0.0365089	0.0234308	0.0346396	0.0429987	0.0206381	0.0320887	0.0186188	0.0486244	0.0339318	0.0605201	0.0554391	0.0405304	0.0120306	0.0273655
123	0.167752	0.0532116	0.00782934	0.0607987	0.00913231	0.00982431	0.0084888	0.0116127	0.0108716	0.0222624	0.230056	0.011601	0.00667489	0.0144717	0.0124726	0.118094	0.0708832	0.0188407	0.00397629	0.151147
124	0.0342831	0.00344769	0.00345009	0.0273159	0.00463584	0.00503271	0.00356082	0.18825	0.0284888	0.00854533	0.0489305	0.0649752	0.00395267	0.171245	0.0497829	0.0106819	0.0518748	0.264709	0.00172515	0.0251131
125	0.0696342	0.0121305	0.00925659	0.0288904	0.110433	0.0270988	0.0271954	0.0296862	0.0362857	0.0520789	0.0225895	0.0148278	0.235232	0.0258064	0.0263321	0.0450469	0.0308861	0.160002	0.0175595	0.0190276
126	0.0116966	0.00395732	0.00133383	0.00266952	0.0211307	0.00136321	0.00237259	0.182677	0.00552998	0.605096	0.0531183	0.00257031	0.00312719	0.00440439	0.00589549	0.00332144	0.00889901	0.0740022	0.00115442	0.00568153
127	0.0372631	0.00285992	0.0281864	0.0605185	0.0173962	0.68122	0.0255367	0.00517519	0.00799364	0.00756356	0.00399947	0.0405004	0.0127938	0.00860356	0.00806159	0.0258412	0.0118429	0.0102246	0.00183894	0.00258055
128	0.102026	0.00771224	0.0315505	0.0444372	0.00594053	0.0118531	0.00649361	0.0113825	0.0257205	0.0166931	0.00983805	0.016544	0.552998	0.0184312	0.0144816	0.0483488	0.0410341	0.0270897	0.00401913	0.00340639
129	0.0199708	0.00813962	0.00343047	0.00784248	0.464706	0.00632718	0.0327072	0.0276452	0.00650493	0.14577	0.0933341	0.0061866	0.00832667	0.014031	0.00891727	0.0196545	0.0150933	0.024792	0.0198498	0.066771
130	0.0591878	0.00399698	0.00364648	0.00533364	0.00462727	0.16428	0.0354872	0.00566627	0.00482501	0.13554	0.00463425	0.269304	0.0030364	0.037206	0.00582023	0.0369714	0.185897	0.0300262	0.00154324	0.00297086
131	0.160684	0.00235633	0.00179345	0.00306785	0.00410385	0.440476	0.00202829	0.00298279	0.00254289	0.00506536	0.00248001	0.00642592	0.00196859	0.00298525	0.00328161	0.343621	0.00542714	0.00566039	0.00087499	0.00217412
132	0.0884594	0.010275	0.0227712	0.0537832	0.0256014	0.0252179	0.0265913	0.032847	0.205415	0.0573957	0.0311697	0.0281569	0.0408962	0.0561107	0.0922451	0.0680052	0.0594574	0.0459884	0.0125992	0.017014
133	0.0456256	0.00798916	0.00506921	0.00353928	0.00608087	0.0719938	0.0135465	0.00333411	0.00322757	0.0108498	0.00508744	0.124256	0.00326018	0.00416213	0.00325115	0.626351	0.0532673	0.00581689	0.00119209	0.00210051
134	0.0105087	0.00288184	0.00206694	0.00309508	0.682388	0.00445296	0.00882186	0.00945993	0.00293282	0.0945437	0.0414788	0.00269855	0.00301019	0.00455803	0.00296843	0.0197941	0.0190339	0.0165605	0.032797	0.0359488
135	0.474246	0.0199911	0.00238609	0.00445006	0.0199407	0.203203	0.0395774	0.0386959	0.003751	0.0557832	0.00421124	0.00429002	0.00262981	0.0270794	0.00460137	0.0764861	0.00747546	0.00810653	0.00105428	0.00204135
136	0.0262802	0.0137403	0.00065424	0.0046157	0.000853277	0.00408595	0.000584331	0.00092078	0.000720099	0.0014427	0.000793447	0.00787934	0.000760337	0.00390757	0.000805179	0.363632	0.561105	0.0065318	0.000221061	0.000466946
137	0.0209431	0.0108286	0.00113009	0.00411095	0.000796874	0.00575723	0.000591556	0.000958716	0.000730583	0.00132437	0.000865011	0.00674029	0.00121542	0.00476519	0.000824698	0.385083	0.545778	0.00685899	0.000251825	0.000445737
138	0.00326682	0.000492342	0.000311555	0.000522431	0.00263344	0.000383143	0.00454228	0.728486	0.00270653	0.0835869	0.0106765	0.00047404	0.000383916	0.00197285	0.000579836	0.00104982	0.00516713	0.152308	0.000192748	0.000263458
139	0.0407089	0.0143523	0.0138836	0.007427	0.00710307	0.11029	0.0175963	0.0065536	0.0101618	0.0383176	0.00872046	0.0461998	0.0162167	0.00834231	0.0124212	0.476983	0.144667	0.0152996	0.00189563	0.00286003
140	0.122809	0.0100563	0.0218365	0.038647	0.00220875	0.00411163	0.00147774	0.00564728	0.017063	0.00399897	0.00427657	0.01577	0.624479	0.0118297	0.00345131	0.0590956	0.0409165	0.00962222	0.00155678	0.00114584
141	0.0363388	0.00615462	0.00347997	0.00755959	0.196488	0.00612446	0.0516747	0.0414432	0.0219907	0.0329848	0.0141266	0.0231911	0.00567109	0.0157624	0.0184448	0.0267771	0.0106392	0.0374152	0.301523	0.14221
142	0.00331434	0.000491897	0.000313793	0.000531511	0.00264275	0.000381196	0.00441174	0.72541	0.00265906	0.0818548	0.0106482	0.000478692	0.000505296	0.00192457	0.000593425	0.00124855	0.00521828	0.156908	0.000192822	0.000271715
143	0.0313045	0.00434118	0.00114994	0.00592312	0.00481831	0.00154254	0.00140032	0.296076	0.00289017	0.0288316	0.00819623	0.00371873	0.00807987	0.00236518	0.00984936	0.0411161	0.0494076	0.496226	0.000511373	0.00225122
144	0.0331698	0.00406677	0.00929451	0.0388424	0.00573176	0.00660506	0.00458306	0.00674856	0.00881384	0.0388669	0.0312904	0.00847296	0.414461	0.0087651	0.00651013	0.0968719	0.234644	0.0365788	0.00261206	0.00307133
145	0.0625726	0.00135382	0.00123173	0.00203817	0.00170753	0.00163952	0.00109537	0.108045	0.0257546	0.33029	0.228445	0.00176512	0.0471455	0.0255098	0.0436851	0.0105957	0.0568422	0.0331902	0.00115434	0.0159387
146	0.129997	0.00226707	0.510206	0.209992	0.0184741	0.00562423	0.0212717	0.00363597	0.00535186	0.0209772	0.0178141	0.00795338	0.00219094	0.00967052	0.00406907	0.0102778	0.0115813	0.00577839	0.000966984	0.00190036
147	0.379622	0.0246433	0.0240913	0.0301221	0.0120907	0.115861	0.0141805	0.0216395	0.0201426	0.0255466	0.0147922	0.0216843	0.0340793	0.0207369	0.026514	0.0786446	0.0745953	0.0472387	0.00520882	0.00856697
148	0.0140223	0.00255665	0.000350292	0.000951081	0.0364692	0.000452234	0.000423278	0.0688598	0.000584758	0.664778	0.120038	0.000723977	0.00202794	0.000922962	0.00303921	0.00297366	0.00716776	0.0692202	0.00090267	0.00353618
149	0.120438	0.00144826	0.0545499	0.412597	0.0051313	0.00276799	0.00875251	0.00277789	0.0907323	0.0331705	0.0156333	0.0145454	0.00166626	0.081127	0.066348	0.041893	0.0328393	0.0104059	0.00153332	0.00164277
150	0.128942	0.00226335	0.0628418	0.0738664	0.000821201	0.00870274	0.00409014	0.00304393	0.0291318	0.00292857	0.00510204	0.0174765	0.517197	0.022435	0.00542049	0.0634853	0.0413845	0.00700108	0.00281823	0.00104782
151	0.0106279	0.00612078	0.000567458	0.00116008	0.494992	0.000995125	0.0170018	0.0397865	0.000874914	0.0957514	0.0192876	0.00100465	0.000745606	0.00693547	0.000929876	0.00416122	0.00477683	0.0175768	0.0329831	0.243721
152	0.103577	0.00159618	0.00150388	0.00267446	0.013003	0.0503723	0.00167668	0.0745288	0.141712	0.0344873	0.0171897	0.00255417	0.00159724	0.00268101	0.283064	0.057973	0.152943	0.0547875	0.000745327	0.00133411
153	0.0372376	0.000431796	0.457184	0.251164	0.000722959	0.0113763	0.00665884	0.00355904	0.0208402	0.00655997	0.00297419	0.0699052	0.000488489	0.0400408	0.0161559	0.0381024	0.0289847	0.00699535	0.000214365	0.000403443
154	0.0911207	0.00467084	0.00445327	0.0401102	0.0882145	0.0487177	0.0671291	0.00931529	0.0697646	0.0124601	0.00779292	0.00661187	0.199452	0.00773637	0.00944008	0.0454856	0.0125845	0.197763	0.0425561	0.0346216
155	0.124987	0.00267376	0.00130395	0.161546	0.00317333	0.00349613	0.0109262	0.00601322	0.0652298	0.0440162	0.00226553	0.0124143	0.15004	0.130425	0.0457792	0.0830343	0.107998	0.0414423	0.000724297	0.00251086
156	0.0586946	0.027585	0.00297384	0.00548687	0.00475875	0.0281547	0.00387813	0.030598	0.00424914	0.247468	0.00622394	0.00537978	0.27402	0.0487701	0.00574448	0.00978526	0.00975479	0.221785	0.00191564	0.00277383
157	0.0194577	0.00357053	0.00286084	0.0122915	0.148328	0.0120114	0.00497989	0.0125597	0.024881	0.236312	0.15097	0.014437	0.14979	0.113972	0.0121803	0.0309993	0.0290708	0.00942056	0.00199058	0.00991695
158	0.130244	0.00174299	0.0736806	0.0834838	0.000845816	0.00914802	0.00195305	0.00236478	0.0317177	0.00222925	0.00375637	0.0166298	0.487015	0.0217745	0.00531987	0.0700405	0.0464428	0.00690042	0.00377784	0.000933468
159	0.0440498	0.00891612	0.00923685	0.0344321	0.00561163	0.00273771	0.380226	0.00399631	0.0235583	0.0261267	0.0168929	0.0710224	0.00297342	0.0583253	0.0697853	0.0271643	0.0054441	0.0116509	0.0350616	0.162788
160	0.0268194	0.00600018	0.00308084	0.0118497	0.0172829	0.00562755	0.00538651	0.139102	0.0325281	0.476136	0.0699405	0.00588768	0.0122011	0.0117294	0.0513916	0.0130837	0.0241981	0.0743469	0.00320193	0.0102058
161	0.00958424	0.00565352	0.000420006	0.000870149	0.498921	0.000761945	0.0164195	0.0417914	0.000708274	0.0991214	0.0184701	0.000670148	0.000608246	0.00719047	0.000807361	0.0036013	0.0046899	0.0177866	0.034252	0.237672
162	0.0515703	0.00509024	0.60612	0.0212643	0.00730549	0.0521959	0.0136465	0.00149268	0.00624615	0.00322291	0.00164519	0.129747	0.00420568	0.0123818	0.019648	0.0363861	0.0141129	0.010831	0.000502179	0.00238638
163	0.00331528	0.000488998	0.00031114	0.00053847	0.00261981	0.000383188	0.0046396	0.729376	0.00276746	0.0851614	0.0107477	0.000497974	0.000322901	0.00200176	0.000573247	0.000987457	0.00520951	0.149601	0.000193921	0.000262314
164	0.106069	0.000717739	0.137397	0.108392	0.000965685	0.0326588	0.0623216	0.00193041	0.0655277	0.0194765	0.00615872	0.093753	0.12554	0.0644922	0.0288499	0.0673594	0.066405	0.00699178	0.000315046	0.00467852
165	0.0137723	0.00222897	0.000273901	0.000478661	0.0281021	0.000443531	0.000343156	0.052707	0.000419884	0.696817	0.107526	0.000404322	0.00179253	0.00043141	0.00291921	0.0024766	0.00836481	0.0783329	0.000823926	0.00134185
166	0.0323118	0.00712554	0.0379748	0.383737	0.0146717	0.0130554	0.00837129	0.00146172	0.0400426	0.00939281	0.00162033	0.0321626	0.00109676	0.101164	0.0233946	0.102484	0.140874	0.0411198	0.000607553	0.00733189
167	0.210055	0.0201321	0.00278554	0.0566962	0.0212415	0.0233618	0.00430866	0.0579543	0.0341095	0.0617912	0.00428654	0.024713	0.103451	0.0792871	0.0976035	0.0729165	0.0731196	0.0304402	0.00133028	0.020416
168	0.0686409	0.00660281	0.23004	0.116117	0.0120712	0.0317974	0.0408013	0.0132695	0.0300023	0.0272623	0.0119347	0.0566659	0.044129	0.14001	0.0328407	0.0522713	0.0421787	0.02535	0.00398732	0.0140273
169	0.0167837	0.00451167	0.00337038	0.00642156	0.00675323	0.00520966	0.00477326	0.0409027	0.00644274	0.243039	0.448941	0.00537852	0.00664471	0.153921	0.0077665	0.0118513	0.0105353	0.0111715	0.0016869	0.00389497
170	0.0054851	0.025678	0.00103699	0.0021595	0.0160561	0.00162543	0.00149599	0.282709	0.00948445	0.256639	0.0064173	0.00152856	0.00152233	0.00360122	0.00199582	0.00754771	0.00597036	0.367223	0.000758601	0.00106533
171	0.595527	0.0299313	0.00102692	0.00189506	0.00146192	0.00181438	0.00120179	0.00605768	0.00160549	0.00302384	0.00906165	0.00171555	0.00653408	0.00193892	0.00187757	0.037571	0.222951	0.0733616	0.000543731	0.000898911
172	0.0415914	0.00683753	0.0219924	0.0688058	0.0132121	0.00491728	0.322083	0.00722996	0.0224799	0.0288306	0.0155315	0.0699876	0.00962261	0.0992331	0.0556803	0.0290999	0.0112983	0.0132093	0.0266668	0.131691
173	0.0302529	0.00794006	0.00767964	0.0123155	0.01377	0.00967921	0.248449	0.0152211	0.0145643	0.130602	0.071845	0.0152038	0.00806467	0.24659	0.021473	0.0770457	0.024509	0.0204223	0.00615814	0.0182147
174	0.0888967	0.0113039	0.00123067	0.0048361	0.00182048	0.00420721	0.00139897	0.0021868	0.0018028	0.0033953	0.00195474	0.00677165	0.00206616	0.00393372	0.00247574	0.325407	0.519141	0.0154303	0.000605161	0.00113614
175	0.0331879	0.00875401	0.000918294	0.00161242	0.0016305	0.00185208	0.00112075	0.121338	0.00164821	0.00330344	0.00935889	0.00172526	0.00126026	0.0020374	0.00198629	0.161616	0.0685389	0.568646	0.000660337	0.00880438
176	0.090783	0.00328619	0.00282999	0.00413845	0.00480959	0.252824	0.0131876	0.00494348	0.0042698	0.0163955	0.00403594	0.267403	0.00297631	0.0137517	0.00480974	0.0967538	0.197572	0.0113335	0.00163046	0.00226594
177	0.118337	0.0089952	0.0230963	0.0222815	0.0118984	0.661801	0.0192434	0.00406591	0.00410183	0.00746132	0.00384057	0.0352967	0.00782534	0.00512788	0.00597122	0.0315912	0.0142431	0.0115977	0.0014167	0.00180779
178	0.266202	0.362055	0.00399604	0.00740087	0.00668873	0.00895365	0.00401477	0.00770382	0.00468251	0.00940495	0.00598627	0.00632317	0.00867811	0.00669644	0.0106498	0.205709	0.0436821	0.0262797	0.00158888	0.00330431
179	0.0769005	0.00232882	0.137071	0.0100508	0.00689223	0.0446132	0.00703004	0.0377878	0.024658	0.00755721	0.0037946	0.181296	0.188416	0.0431156	0.1	0.0685891	0.0498804	0.00648425	0.00130134	0.00223344
180	0.0142078	0.00176023	0.000277364	0.000446069	0.0299063	0.000389766	0.000348104	0.0587865	0.000406154	0.681252	0.113589	0.000390517	0.00140341	0.000439016	0.00275867	0.00261919	0.009162	0.0796233	0.000708448	0.00152612
181	0.0164281	0.00133849	0.0122298	0.0444374	0.00195285	0.00226195	0.00176661	0.00264924	0.033476	0.0148002	0.0126649	0.165361	0.00169427	0.141591	0.46998	0.0354193	0.0248272	0.0149923	0.000894919	0.00123469
182	0.48444	0.0438901	0.00136534	0.00208829	0.00196365	0.00255254	0.00152731	0.00880783	0.00190165	0.00357296	0.00563485	0.00229843	0.0280741	0.00209213	0.00250242	0.071247	0.262192	0.0723542	0.000583201	0.000911973
183	0.294725	0.0190745	0.00882041	0.00891275	0.0056284	0.532431	0.00651453	0.00458086	0.00606791	0.0064518	0.00273823	0.0124868	0.00613549	0.00455411	0.00670751	0.0415176	0.0126732	0.0170332	0.00126078	0.00168559
184	0.0580663	0.00565065	0.55754	0.0889627	0.0101209	0.0275364	0.0128789	0.00465207	0.0118545	0.00880269	0.00573166	0.0771069	0.0174091	0.0198494	0.0199743	0.0365523	0.0214317	0.0112573	0.00193009	0.00269208
185	0.0132629	0.001743	0.000229661	0.000431765	0.0284317	0.000351328	0.000307168	0.0489359	0.000362231	0.709913	0.103714	0.000358927	0.00170313	0.000410587	0.00296057	0.00226453	0.0072742	0.0752172	0.000775973	0.00135243
186	0.0247324	0.0190747	0.000774834	0.00125785	0.255115	0.00128604	0.00178391	0.0523406	0.00134296	0.33957	0.15074	0.00128925	0.00121954	0.0017127	0.00152803	0.00480963	0.00257564	0.0584402	0.000596553	0.0798102
187	0.378596	0.0259368	0.00692695	0.00145639	0.00109627	0.522741	0.000899784	0.0016058	0.00127434	0.0023475	0.00124355	0.00391121	0.00600588	0.00147109	0.00142188	0.0158074	0.00751104	0.0187066	0.000329596	0.000710444
188	0.0211434	0.0111545	0.00110454	0.00410835	0.000795861	0.00560475	0.000593737	0.000944716	0.000709555	0.0013339	0.000814559	0.00682737	0.00116061	0.00466391	0.000827601	0.384909	0.545836	0.0067757	0.000249554	0.000442074
189	0.108202	0.00800109	0.0171525	0.0221129	0.0138671	0.676782	0.0181512	0.00501323	0.00508525	0.00701324	0.00442692	0.0325858	0.00913699	0.00506618	0.00811472	0.0304617	0.0133418	0.0119629	0.00179033	0.00173231
190	0.0753783	0.0171405	0.0185621	0.0276285	0.0100236	0.0193345	0.00915994	0.0153113	0.0170175	0.0241913	0.0116731	0.022645	0.0213945	0.0225671	0.0229011	0.221671	0.400379	0.0330851	0.0032277	0.00670932
