229	20
1	0.039337	0.00294333	0.0244807	0.0128288	0.0137243	0.080888	0.0629027	0.0148465	0.0302248	0.0216619	0.00634691	0.15731	0.0117018	0.0124777	0.0151992	0.23604	0.201708	0.0130107	0.00293828	0.0394285
2	0.0690888	0.0011786	0.0326212	0.0183567	0.0154399	0.0278783	0.00710105	0.0135541	0.204083	0.00758051	0.0313761	0.00544015	0.0698636	0.0633847	0.318179	0.0663646	0.0305103	0.0105237	0.00258897	0.00488686
3	0.0563695	0.00316791	0.0014808	0.00295563	0.0941378	0.00747218	0.00567636	0.221762	0.00852405	0.293832	0.0578302	0.0033845	0.00675031	0.00858066	0.00739255	0.0182881	0.0258005	0.15686	0.00468368	0.0150515
4	0.0799935	0.00258674	0.0260082	0.0634095	0.0133706	0.0278593	0.0447055	0.0211493	0.122185	0.0224677	0.0291312	0.0595589	0.0130341	0.0369468	0.0418287	0.215939	0.121446	0.0196047	0.00417623	0.0346001
5	0.0476459	0.0117083	0.0185296	0.0397895	0.025048	0.0314278	0.0562917	0.0277752	0.0646191	0.0267219	0.0225673	0.0907308	0.0224976	0.125443	0.16924	0.0563546	0.0400714	0.025179	0.0674504	0.030909
6	0.0528422	0.00884599	0.0264653	0.0549883	0.0343779	0.0320928	0.0278694	0.0571664	0.111788	0.092655	0.0278961	0.0412706	0.0178972	0.111465	0.089446	0.0672268	0.0592905	0.0510152	0.00887718	0.0265243
7	0.0665918	0.000643411	0.0538674	0.0910045	0.0160825	0.0298054	0.0201128	0.032684	0.0826541	0.020387	0.0281541	0.061988	0.00837994	0.107864	0.0807115	0.0818665	0.181522	0.0291733	0.00213384	0.00437401
8	0.0237428	0.00298201	0.0019872	0.00314187	0.18242	0.0100715	0.0102349	0.118561	0.0118795	0.317542	0.147877	0.00393748	0.00745221	0.0126287	0.0052572	0.0106514	0.0400421	0.0608082	0.00392446	0.0248585
9	0.0276043	0.00616247	0.0184715	0.0206278	0.0126909	0.021104	0.132669	0.0183265	0.0831627	0.023154	0.0115746	0.0286131	0.114824	0.0657027	0.0794899	0.230389	0.0264509	0.0187213	0.0439105	0.0163516
10	0.176658	0.0194018	0.0225425	0.0332776	0.0140101	0.0442264	0.0156389	0.0248051	0.0734094	0.0282567	0.00986467	0.0528753	0.0237161	0.0233974	0.0345118	0.273091	0.083315	0.0251473	0.00606593	0.0157887
11	0.0596994	0.0623793	0.00352213	0.00424202	0.0537549	0.013067	0.00291032	0.0137541	0.0294048	0.0485809	0.00293589	0.0149173	0.0432946	0.00593741	0.0496924	0.0277392	0.0140395	0.0534136	0.463204	0.0335112
12	0.0413857	0.00471424	0.0404982	0.0747987	0.0143045	0.0315483	0.0881944	0.0159936	0.108746	0.0157889	0.0208415	0.0834235	0.0243333	0.134014	0.138735	0.0594063	0.0506692	0.016261	0.0172372	0.0191061
13	0.0639658	0.0159307	0.0238032	0.0348904	0.0916761	0.0266919	0.0162445	0.0565464	0.0351062	0.0840717	0.0300014	0.0349098	0.140894	0.0225929	0.0410135	0.0812203	0.0433094	0.0628171	0.0602775	0.0340373
14	0.0678078	0.00237914	0.000791336	0.00225612	0.0717758	0.0075041	0.00287397	0.231908	0.00746497	0.282202	0.0504859	0.00521153	0.00593745	0.0051516	0.00437338	0.0200919	0.0321791	0.187188	0.00375253	0.00866486
15	0.032525	0.00406524	0.00583572	0.00906769	0.0863772	0.0119793	0.0102698	0.10572	0.0147149	0.248935	0.159537	0.016023	0.0397665	0.0167976	0.0124522	0.0223663	0.0328904	0.126187	0.00781383	0.0366756
16	0.0868488	0.00345942	0.0224569	0.0732175	0.0322749	0.0256059	0.0165867	0.0483134	0.0903251	0.0284352	0.0190992	0.0411949	0.0110913	0.059772	0.0614469	0.1443	0.191911	0.0284239	0.00289874	0.0123382
17	0.0558257	0.00685595	0.00917735	0.0250199	0.0439863	0.0175992	0.0430717	0.0789218	0.023522	0.178003	0.0380206	0.0199634	0.1491	0.0177467	0.0251683	0.0534029	0.0802064	0.108398	0.0080006	0.0180105
18	0.132836	0.00139454	0.0211562	0.0585207	0.00723582	0.185507	0.0116406	0.0331229	0.108796	0.0132282	0.0254307	0.03756	0.026682	0.083685	0.0691248	0.0731133	0.0868005	0.0147833	0.00382615	0.00555667
19	0.0825761	0.0804408	0.0050019	0.0056191	0.0381295	0.013335	0.00477079	0.0309031	0.0363157	0.0661555	0.00477476	0.0149013	0.0435826	0.00809541	0.0735158	0.0599525	0.0281578	0.0630308	0.290858	0.0498834
20	0.103311	0.00276353	0.00178053	0.00497339	0.0334318	0.00956181	0.00211798	0.220081	0.0082716	0.0944408	0.0238223	0.0086239	0.00806646	0.0038654	0.00464343	0.0358895	0.0960671	0.330171	0.00128268	0.00683518
21	0.0429516	0.00253926	0.00293498	0.00416905	0.0261042	0.00553598	0.00175516	0.258974	0.00903691	0.0822573	0.027412	0.0126978	0.0070553	0.00747793	0.00278656	0.0251223	0.0310436	0.42685	0.00233602	0.0209595
22	0.252502	0.047812	0.00254603	0.00746177	0.0142176	0.0732012	0.00154664	0.0401925	0.0138656	0.0425379	0.00889706	0.0100794	0.0212429	0.00766401	0.00605652	0.298688	0.107804	0.0295651	0.00828526	0.00583475
23	0.12401	0.00185023	0.00323083	0.00650967	0.0242762	0.00658168	0.00277659	0.209619	0.00911508	0.0806361	0.0376264	0.0172004	0.0100904	0.00484511	0.00676349	0.0552842	0.135125	0.256016	0.00175365	0.00669063
24	0.0161219	0.00323481	0.00225951	0.00299852	0.207764	0.0105598	0.0116863	0.0978098	0.0125712	0.309514	0.161396	0.00423098	0.00815945	0.0133533	0.00511949	0.00949446	0.0433504	0.0489381	0.0038034	0.0276357
25	0.0714515	0.00233424	0.000804166	0.00195658	0.089468	0.0105808	0.00377241	0.223159	0.00721022	0.318899	0.054931	0.00270401	0.00567295	0.00525121	0.0054917	0.0221648	0.0246379	0.13561	0.00432136	0.00957908
26	0.0667938	0.00231813	0.000752267	0.00190196	0.0876786	0.00862575	0.00365571	0.226839	0.00737823	0.327385	0.0553584	0.00260076	0.00587718	0.00552298	0.00521599	0.0191062	0.0238715	0.135698	0.00441434	0.00900544
27	0.0470524	0.00198767	0.00063561	0.00393967	0.0294214	0.00500775	0.00109239	0.265552	0.0114761	0.096425	0.0225938	0.00497298	0.00815087	0.0053749	0.00243493	0.0191612	0.0445189	0.420313	0.00109786	0.00879225
28	0.153124	0.00182838	0.00259594	0.00958649	0.00299516	0.582257	0.00250454	0.0076457	0.0628006	0.0141642	0.0031319	0.0191718	0.00908401	0.0146602	0.0162504	0.0363159	0.0370049	0.00756157	0.00465609	0.0126617
29	0.047953	0.00536842	0.000789579	0.00309738	0.0382964	0.00614541	0.00218335	0.273664	0.00662096	0.114262	0.0162231	0.00444348	0.00468162	0.00418273	0.00170327	0.0136685	0.025541	0.415112	0.0011201	0.0149435
30	0.0457986	0.00210471	0.00062972	0.0038406	0.0301353	0.00493762	0.00107084	0.268085	0.0114387	0.0980198	0.0217716	0.00479303	0.0081299	0.00533233	0.00239728	0.0184738	0.043113	0.419818	0.00105979	0.00905054
31	0.0462928	0.0929671	0.0132063	0.0128498	0.177424	0.0274818	0.019405	0.0456291	0.024539	0.192304	0.0312936	0.0311238	0.0162183	0.0218311	0.0280112	0.0914469	0.0306699	0.0414354	0.0262894	0.0295813
32	0.0363928	0.0040494	0.000856008	0.00284658	0.0394629	0.00339221	0.00202104	0.286439	0.00720838	0.116323	0.0174572	0.00448571	0.00482702	0.00447977	0.0016366	0.0124932	0.0240785	0.415133	0.00112936	0.0152877
33	0.189548	0.0129169	0.0159414	0.0587768	0.0096384	0.0479113	0.00542987	0.0495991	0.010758	0.0699542	0.00912429	0.0151056	0.134171	0.00905607	0.0102268	0.162843	0.0730189	0.0983426	0.00307691	0.0145603
34	0.0501031	0.00363667	0.000908427	0.00192598	0.0730706	0.00577768	0.00351345	0.266883	0.00663052	0.25448	0.0373288	0.00276085	0.00476349	0.00479559	0.00400628	0.0146141	0.0193349	0.229977	0.00313847	0.0123511
35	0.147367	0.00146474	0.00532895	0.0131999	0.00340374	0.565568	0.00329917	0.00908012	0.0747211	0.0113394	0.00438515	0.0222105	0.0106154	0.0186031	0.0186764	0.0329615	0.0368149	0.0065529	0.00433824	0.0100702
36	0.069753	0.00228629	0.000767669	0.00185181	0.0897619	0.00997032	0.00359136	0.226274	0.00726013	0.323033	0.0544946	0.00263924	0.00567425	0.00528027	0.00522888	0.0202247	0.0235215	0.135082	0.00429186	0.00901319
37	0.200497	0.0180091	0.00386656	0.014874	0.0111745	0.0731966	0.00275399	0.129064	0.00462427	0.108149	0.00289342	0.00395794	0.0102183	0.00292334	0.00388443	0.0446934	0.0411491	0.308644	0.0011937	0.0142325
38	0.255519	0.145203	0.00495324	0.0067711	0.0112399	0.0386646	0.00378577	0.087999	0.0123589	0.0278429	0.00853584	0.00832592	0.0129077	0.0111836	0.00756895	0.211607	0.114069	0.0203864	0.00413508	0.00694231
39	0.0324641	0.00309073	0.00174216	0.002812	0.154404	0.00875859	0.00853598	0.145399	0.0105212	0.318659	0.122528	0.00341193	0.00753365	0.0115997	0.00651329	0.0127074	0.043456	0.0773929	0.00453984	0.0239314
40	0.0548006	0.0303131	0.0270395	0.00785822	0.0992464	0.0616621	0.0791835	0.0426902	0.0399902	0.089477	0.030619	0.0882686	0.00403621	0.0414508	0.0653515	0.07671	0.0168413	0.0462639	0.00731056	0.0908873
41	0.23456	0.0350673	0.0070431	0.00942703	0.0112861	0.0795216	0.00464421	0.038392	0.0147628	0.0299842	0.00646026	0.0220339	0.0170153	0.0196744	0.0131741	0.290603	0.126124	0.0186921	0.00499664	0.0165375
42	0.142881	0.00786182	0.0338079	0.0200669	0.0390851	0.0689772	0.0156057	0.0196302	0.0249405	0.0389141	0.00630555	0.119208	0.0250914	0.011621	0.0199299	0.292187	0.074748	0.014071	0.00376308	0.0213048
43	0.0486406	0.00243932	0.0096609	0.0586142	0.00641325	0.0276103	0.0896921	0.00842018	0.0333792	0.00830944	0.0254794	0.306783	0.00647189	0.148391	0.110103	0.0159756	0.0325085	0.00907474	0.0455215	0.00651298
44	0.0256566	0.000757105	0.0991787	0.019865	0.00225548	0.0216408	0.0537354	0.00769984	0.205105	0.00689885	0.00323981	0.147967	0.00221872	0.045595	0.088904	0.184153	0.062583	0.0104258	0.0027829	0.00933778
45	0.0463175	0.00213556	0.00071412	0.00393932	0.0329686	0.00491603	0.00140323	0.265122	0.0111495	0.103234	0.0224591	0.00476891	0.00824255	0.00567972	0.00303403	0.0182868	0.0419104	0.412635	0.00135732	0.0097267
46	0.0606022	0.00437872	0.0225715	0.0437859	0.0746687	0.00969476	0.0175921	0.173568	0.0251065	0.161515	0.033756	0.0136803	0.0113866	0.0683857	0.0468896	0.0338022	0.0261177	0.125007	0.00843747	0.0390539
47	0.0568316	0.00594535	0.0774432	0.165495	0.0149341	0.0359266	0.016484	0.0360194	0.0626487	0.0309005	0.0159992	0.0592501	0.0182776	0.0642384	0.0488731	0.0858625	0.143182	0.0426443	0.00474433	0.0143001
48	0.0668441	0.00923449	0.00128757	0.00411204	0.0532961	0.0144229	0.0066999	0.23681	0.00661909	0.207014	0.0251827	0.00382552	0.00517644	0.00577045	0.00491325	0.0163273	0.0220352	0.293955	0.0026585	0.0138161
49	0.0768411	0.00373564	0.00243	0.0121759	0.0188436	0.0189467	0.00181087	0.242763	0.0175147	0.080448	0.0174925	0.00652997	0.0156227	0.0073436	0.0112891	0.0410297	0.0585313	0.357257	0.00139413	0.00800054
50	0.0692944	0.00128559	0.030704	0.0296878	0.0119397	0.0372124	0.00888455	0.0200575	0.187541	0.00842975	0.0393823	0.00861871	0.0759805	0.0612167	0.273173	0.0714823	0.0449428	0.0132084	0.00262754	0.00433082
51	0.044515	0.00235492	0.00129983	0.00686882	0.0454708	0.00489302	0.00329006	0.256284	0.0111457	0.135547	0.0293343	0.00443619	0.00751791	0.0107828	0.00625399	0.0191671	0.0334202	0.363429	0.00225627	0.0117334
52	0.135862	0.00189039	0.0162695	0.0794968	0.00657463	0.153205	0.0439004	0.0114064	0.0268407	0.0277434	0.0105336	0.0541797	0.0125706	0.102843	0.0843846	0.157201	0.0495748	0.0113379	0.00502955	0.00915535
53	0.0197955	0.000692196	0.0179634	0.00739059	0.355497	0.0130039	0.0101741	0.0138699	0.00846783	0.0359298	0.00157369	0.0134758	0.0017577	0.00225469	0.00227675	0.0123838	0.00879896	0.0136625	0.004861	0.456171
54	0.0442091	0.00534299	0.0153583	0.0181177	0.0185357	0.0171088	0.0117157	0.193752	0.0225405	0.0381095	0.13757	0.106001	0.062662	0.0294405	0.0231084	0.0465764	0.0375058	0.130678	0.01566	0.0260088
55	0.0391809	0.00308537	0.000748628	0.00326421	0.0365394	0.00381903	0.00157896	0.272212	0.00854814	0.103936	0.0211421	0.00476959	0.00593848	0.00522093	0.00194365	0.0151276	0.030211	0.429465	0.00104273	0.0122255
56	0.0296316	0.00979878	0.0189327	0.0104392	0.253403	0.0228656	0.0409452	0.0284716	0.0194896	0.0713014	0.0162949	0.034708	0.00475237	0.0177285	0.0210667	0.0433984	0.0158849	0.0256058	0.00871541	0.306566
57	0.032432	0.00838687	0.0179764	0.0138802	0.265125	0.0183787	0.0211606	0.0272152	0.018137	0.0418378	0.00716328	0.0238607	0.00890781	0.0141073	0.0162984	0.0295276	0.0187893	0.0272646	0.0205848	0.368966
58	0.0444274	0.0038441	0.0120464	0.486187	0.00837189	0.0127886	0.0100312	0.0188373	0.0926114	0.04562	0.00845352	0.0154624	0.00817207	0.101317	0.0137761	0.0603208	0.0184401	0.0265963	0.00424917	0.00844715
59	0.0588517	0.00324132	0.00125143	0.00328929	0.0685591	0.00785263	0.00365	0.247301	0.00848955	0.246364	0.0406908	0.00403763	0.00650685	0.00744021	0.00591265	0.0186629	0.0262726	0.226174	0.00365275	0.0118002
60	0.0455705	0.000594504	0.172031	0.164373	0.00829122	0.0512512	0.0157317	0.015783	0.0801415	0.0106191	0.0150642	0.0610048	0.00808023	0.0810269	0.0489371	0.0841958	0.112047	0.0194711	0.00211754	0.00366811
61	0.0157647	0.00106371	0.236048	0.0312553	0.00353093	0.0418358	0.0863668	0.00965097	0.064398	0.00527217	0.00302093	0.312996	0.0173494	0.0190208	0.056162	0.0480431	0.0280535	0.00553257	0.00573473	0.00890016
62	0.0197955	0.000692196	0.0179634	0.00739059	0.355497	0.0130039	0.0101741	0.0138699	0.00846783	0.0359298	0.00157369	0.0134758	0.0017577	0.00225469	0.00227675	0.0123838	0.00879896	0.0136625	0.004861	0.456171
63	0.0201103	0.000978611	0.0184983	0.00741352	0.352222	0.0135695	0.011523	0.0139587	0.00894246	0.0375584	0.0026751	0.0144212	0.00184437	0.00298061	0.00311775	0.0134086	0.00881471	0.0140892	0.0048963	0.448978
64	0.0819795	0.00922041	0.0417581	0.0551241	0.0190057	0.17871	0.0282189	0.0292813	0.0668775	0.0249831	0.0196111	0.0549221	0.0217517	0.101894	0.059906	0.0836421	0.0672296	0.0250745	0.0109994	0.0198106
65	0.0418987	0.00488355	0.124135	0.0368523	0.0180369	0.0672254	0.0415096	0.0214562	0.0508454	0.0206054	0.0122537	0.244852	0.018565	0.037026	0.0478466	0.104687	0.053426	0.0215897	0.010955	0.0213507
66	0.034904	0.0268121	0.0133456	0.0238019	0.119406	0.03056	0.106987	0.0464722	0.0335381	0.0695528	0.0537679	0.0504901	0.00717943	0.0704442	0.0483769	0.0445394	0.026794	0.0327367	0.027786	0.132506
67	0.0510577	0.00506582	0.0388082	0.0813259	0.0193355	0.0331236	0.0737394	0.0280954	0.0722964	0.0287409	0.0480574	0.0741038	0.0248044	0.0899931	0.137643	0.0601119	0.0715577	0.0268512	0.0140768	0.0212123
68	0.0677278	0.00621186	0.0101078	0.0202602	0.0453581	0.0150545	0.0142765	0.158169	0.0471216	0.147346	0.0275398	0.0157737	0.0146771	0.0562312	0.160217	0.0621793	0.0318029	0.0726145	0.00722661	0.0201048
69	0.0207927	0.00157312	0.0176623	0.00759137	0.34426	0.015811	0.0119758	0.0185871	0.00995938	0.0401635	0.00481763	0.0152326	0.00215021	0.00345675	0.00411044	0.0141722	0.00993127	0.0152915	0.00555728	0.436904
70	0.0603228	0.00273713	0.0016071	0.00467262	0.0732966	0.00578348	0.00620731	0.232518	0.0125083	0.221606	0.041323	0.00369075	0.00811049	0.0112431	0.010537	0.0185641	0.0302586	0.233371	0.0075167	0.0141255
71	0.0517456	0.0013633	0.0287969	0.0289401	0.0105985	0.0390862	0.01055	0.0240603	0.20181	0.0145856	0.0368196	0.0292646	0.0375162	0.0534173	0.220391	0.0817013	0.0883089	0.0319564	0.00323802	0.00585053
72	0.0252595	0.00275633	0.202146	0.0576228	0.0086755	0.0410301	0.0224364	0.0131235	0.0468844	0.00937331	0.00393346	0.211521	0.0116531	0.0249384	0.0222749	0.240557	0.0340321	0.0104952	0.00319094	0.00809618
73	0.0108584	0.0032393	0.0036775	0.0053406	0.0179612	0.00614832	0.00449741	0.0476043	0.223693	0.0546323	0.0157665	0.0201491	0.0067364	0.0145376	0.46042	0.0265629	0.00750695	0.0416122	0.00435671	0.0247
74	0.0144584	0.00337362	0.0806476	0.0255154	0.00908069	0.00914885	0.00527477	0.00908445	0.00969628	0.00871917	0.00479185	0.243589	0.00677916	0.026497	0.00861228	0.502937	0.0124899	0.0103057	0.00242825	0.00657019
75	0.0352907	0.0049473	0.105279	0.0938655	0.0143519	0.0174585	0.0129524	0.163598	0.0216551	0.0343763	0.0124886	0.0879618	0.013036	0.0230521	0.0205363	0.0918043	0.0283134	0.118099	0.017921	0.0830134
76	0.0711461	0.000583954	0.0541949	0.0760006	0.0128261	0.0454851	0.0192013	0.0194537	0.0957156	0.0218426	0.0355401	0.0479121	0.0193342	0.12145	0.0922756	0.0957444	0.132805	0.0272593	0.0051537	0.00607611
77	0.105151	0.0014789	0.0830261	0.00473171	0.0490444	0.0421616	0.0187441	0.0288386	0.0198455	0.0745655	0.00289678	0.14819	0.0170172	0.00520313	0.00577332	0.225756	0.121514	0.00605889	0.00188244	0.0381215
78	0.0745206	0.109297	0.0198261	0.0360443	0.0465898	0.0356042	0.04241	0.0469324	0.0376313	0.0451682	0.0192494	0.0434725	0.0200495	0.0885628	0.0409265	0.10559	0.0555525	0.0427418	0.0376049	0.0522264
79	0.0342532	0.000760953	0.292904	0.238067	0.00786954	0.0447791	0.00426915	0.0139754	0.0789509	0.00274129	0.00140381	0.0587044	0.00194305	0.0489098	0.0207059	0.0681659	0.0672153	0.0113349	0.000907558	0.00213843
80	0.10193	0.00950262	0.0167729	0.0402951	0.021146	0.0257584	0.0123354	0.0815668	0.0246806	0.0700152	0.0204046	0.0242201	0.135547	0.0166512	0.0250618	0.0888834	0.100598	0.156119	0.0103193	0.018193
81	0.0312936	0.00398351	0.00982558	0.151387	0.0297806	0.0087428	0.0327764	0.112982	0.0443241	0.159154	0.0399277	0.0121214	0.00882428	0.121513	0.0469521	0.0263376	0.022455	0.115555	0.00584487	0.0162201
82	0.199786	0.00703928	0.0217466	0.0569764	0.00808844	0.0315915	0.00456767	0.0897769	0.0073483	0.0775167	0.00821882	0.0100549	0.115468	0.00772922	0.0059019	0.0897932	0.0655662	0.16389	0.00220108	0.0267395
83	0.0505098	0.00192921	0.000716453	0.00397402	0.029533	0.00519092	0.00104266	0.262401	0.0110705	0.0961075	0.0227284	0.00528131	0.00808691	0.00524646	0.00255909	0.0199282	0.0480799	0.415871	0.00109125	0.00865211
84	0.0298882	0.00392934	0.0549857	0.0340118	0.0112433	0.0117204	0.00594753	0.208615	0.0129209	0.0433696	0.0159531	0.0886436	0.010602	0.014471	0.0124001	0.0891168	0.0166801	0.199332	0.0302882	0.105881
85	0.0792615	0.00885783	0.0292005	0.0446004	0.0258338	0.0503748	0.0201855	0.0457045	0.0448932	0.0546939	0.025184	0.0432478	0.180638	0.0280219	0.0574628	0.115628	0.0545907	0.0556742	0.01936	0.0165864
86	0.116773	0.118442	0.015984	0.0149062	0.0468319	0.0421688	0.0225724	0.0537889	0.0271968	0.0630312	0.0153108	0.0325488	0.0237184	0.0283766	0.0322577	0.140301	0.0547063	0.0465751	0.0681043	0.036405
87	0.100497	0.00350771	0.0434289	0.0216805	0.00952335	0.483816	0.00999744	0.012902	0.0491268	0.0165276	0.00642099	0.0630395	0.0161595	0.0164038	0.0187366	0.0579607	0.0344977	0.0160626	0.0054417	0.0142689
88	0.0607593	0.00470615	0.00314706	0.00798962	0.0676009	0.0111182	0.00641487	0.207474	0.0139985	0.237823	0.0461793	0.00686032	0.0155816	0.0112002	0.0124087	0.0272766	0.0312943	0.207834	0.00534028	0.0149927
89	0.0387816	0.00225556	0.00277922	0.00381377	0.0264572	0.00466574	0.00165461	0.255653	0.0089255	0.0792769	0.0321662	0.0141085	0.00758129	0.00997631	0.00287373	0.0220381	0.0300058	0.435464	0.00242414	0.0190988
90	0.168348	0.0148202	0.0230134	0.0515891	0.0186746	0.0551746	0.0120277	0.0454401	0.0332531	0.0449517	0.0176149	0.0283822	0.131602	0.0265939	0.0393485	0.13484	0.0569327	0.0612746	0.0176279	0.0184917
91	0.0710001	0.0667587	0.00610349	0.00592281	0.0503766	0.0153503	0.0069982	0.0178271	0.0433849	0.0618102	0.00520289	0.0363585	0.0388972	0.0100869	0.0467676	0.0360244	0.0189151	0.0498619	0.379358	0.0329948
92	0.0536684	0.00791149	0.0530438	0.0340805	0.0242883	0.0451039	0.0790044	0.0248354	0.0698449	0.0307109	0.0130021	0.092445	0.029182	0.0422276	0.0501615	0.221322	0.0652855	0.0219536	0.0116065	0.0303222
93	0.0143528	0.00318834	0.00229382	0.00323655	0.209875	0.0108993	0.0119743	0.0934036	0.0128423	0.306264	0.166393	0.00428769	0.0081986	0.0137432	0.00515779	0.00918529	0.0452943	0.0468886	0.00382002	0.0287013
94	0.0329484	0.00781534	0.00641304	0.00595464	0.205747	0.0137472	0.0116425	0.116866	0.0128795	0.228965	0.0806009	0.00894761	0.008487	0.0127264	0.0107991	0.0201245	0.0297728	0.0820564	0.00804572	0.0954612
95	0.0520556	0.0041667	0.0585734	0.0649535	0.0132151	0.0386691	0.0336812	0.0258365	0.0737875	0.019924	0.0195503	0.150435	0.0129736	0.0982992	0.0692122	0.0836924	0.133127	0.0263586	0.0101501	0.0113382
96	0.0341792	0.00227812	0.159744	0.0383339	0.00819459	0.268374	0.0247858	0.0132041	0.0349354	0.0108427	0.0074454	0.167744	0.0602098	0.0193812	0.0279683	0.0705753	0.0259301	0.0134749	0.00350836	0.00889113
97	0.130908	0.0263788	0.00959586	0.0177078	0.0129096	0.0445301	0.00901689	0.0294678	0.0209459	0.0529871	0.00962217	0.0315497	0.0242188	0.0131974	0.0149179	0.314396	0.16171	0.0594805	0.00530921	0.011151
98	0.0197955	0.000692196	0.0179634	0.00739059	0.355497	0.0130039	0.0101741	0.0138699	0.00846783	0.0359298	0.00157369	0.0134758	0.0017577	0.00225469	0.00227675	0.0123838	0.00879896	0.0136625	0.004861	0.456171
99	0.0684159	0.00121326	0.0348839	0.0221356	0.0133131	0.0318762	0.00842815	0.0133259	0.199028	0.0070232	0.0310664	0.00624369	0.072718	0.0633805	0.302374	0.0726875	0.0343261	0.0102874	0.00246899	0.00480409
100	0.0511761	0.000524048	0.054551	0.046183	0.00854635	0.0221287	0.021408	0.0211587	0.157455	0.013288	0.0205245	0.0998121	0.00552246	0.0750226	0.0987137	0.114157	0.158092	0.0254647	0.00181271	0.0044592
101	0.0205298	0.00104563	0.230836	0.0148797	0.00323037	0.257359	0.0224769	0.00924563	0.0211088	0.0038993	0.00201247	0.30226	0.0206946	0.00534565	0.0103623	0.0432578	0.0212056	0.00481919	0.00227995	0.00315211
102	0.0548809	0.0068557	0.00831569	0.0186782	0.0467652	0.0142637	0.00867954	0.25983	0.0216006	0.138503	0.03361	0.0168976	0.0121844	0.0219632	0.0215405	0.038428	0.0433637	0.204511	0.00660277	0.0225267
103	0.269604	0.0659315	0.00287084	0.0064405	0.0107668	0.0538966	0.00291874	0.0299789	0.00936337	0.0301362	0.00736884	0.00784381	0.0134121	0.0134708	0.00485283	0.360992	0.0801458	0.0196913	0.00418921	0.00612581
104	0.0544542	0.049827	0.00684187	0.00964571	0.0838672	0.0162236	0.0151324	0.0234367	0.030496	0.0530385	0.00756216	0.0209219	0.0375689	0.0153687	0.0441735	0.0317018	0.0183058	0.0491006	0.376706	0.0556278
105	0.0585013	0.00100594	0.0669076	0.0876868	0.00833618	0.0553401	0.0405167	0.0114316	0.137461	0.0121907	0.0239719	0.0366028	0.04553	0.107678	0.131309	0.0775707	0.0717745	0.0149113	0.00409488	0.00717945
106	0.0625686	0.00980267	0.0490898	0.0243324	0.0754042	0.040635	0.0292078	0.0243359	0.0365426	0.0425588	0.0128847	0.137532	0.0193338	0.0259737	0.028325	0.245255	0.0624845	0.0250931	0.00932555	0.0393147
107	0.0341564	0.001337	0.292345	0.234177	0.00740885	0.0430967	0.0115872	0.0142337	0.0727856	0.0044192	0.00263418	0.0599499	0.00504751	0.0465834	0.022665	0.0661601	0.0630478	0.0126883	0.00134494	0.00433269
108	0.00765879	0.00130473	0.00222113	0.00366644	0.00966963	0.00439653	0.00265582	0.0518592	0.223888	0.0498514	0.0180377	0.0179887	0.00631432	0.0151609	0.491498	0.0228639	0.00617307	0.0460415	0.0019199	0.0168301
109	0.0322965	0.000784564	0.283465	0.239336	0.00752281	0.0457178	0.00437391	0.0143154	0.0808654	0.00290297	0.00148839	0.0611525	0.00194041	0.0523822	0.0217621	0.068024	0.067771	0.0107572	0.000969688	0.00217192
110	0.031818	0.000947727	0.0919297	0.0266736	0.00397372	0.0304973	0.0727056	0.0113373	0.168805	0.00961442	0.00408897	0.143551	0.00472832	0.0305452	0.068372	0.199759	0.0677581	0.00843984	0.00272171	0.0217336
111	0.00675692	0.00126308	0.00204204	0.00292	0.00995211	0.00399259	0.00213013	0.0501169	0.226625	0.048311	0.0157383	0.0186045	0.00549311	0.0126152	0.502752	0.0220794	0.00562861	0.0433707	0.00176474	0.017844
112	0.0195668	0.0010478	0.0172815	0.00722111	0.352064	0.0128624	0.0102715	0.016628	0.00863741	0.0480599	0.00710428	0.013112	0.00205757	0.0028597	0.0027157	0.0125197	0.00992675	0.0158523	0.00483712	0.435375
113	0.180077	0.00291855	0.00570902	0.0405662	0.00638615	0.378656	0.00804272	0.0135713	0.0484213	0.0157596	0.00631056	0.04148	0.0156371	0.0245306	0.0261924	0.0953294	0.0536577	0.011049	0.0160619	0.0096435
114	0.0275712	0.000836399	0.0876604	0.0168831	0.00266813	0.0200911	0.0416343	0.00856908	0.218375	0.00645777	0.0047701	0.144436	0.00190373	0.0424045	0.0939878	0.181283	0.0754576	0.014856	0.00215691	0.00799856
115	0.0197569	0.000936751	0.214235	0.0234491	0.0025	0.0261511	0.0840335	0.00772988	0.10382	0.00541108	0.0025065	0.274687	0.0108173	0.0254105	0.0559686	0.0825925	0.0389812	0.0052326	0.00864731	0.00713302
116	0.0481837	0.00365783	0.0173867	0.0126971	0.0188617	0.00808319	0.00416417	0.237639	0.00938539	0.0620862	0.0228718	0.0449313	0.00922912	0.0107629	0.00716091	0.0409382	0.0212007	0.346723	0.0105555	0.0634819
117	0.0197955	0.000692196	0.0179634	0.00739059	0.355497	0.0130039	0.0101741	0.0138699	0.00846783	0.0359298	0.00157369	0.0134758	0.0017577	0.00225469	0.00227675	0.0123838	0.00879896	0.0136625	0.004861	0.456171
118	0.126524	0.00306041	0.0471078	0.125765	0.017645	0.0310979	0.00905189	0.0328334	0.0223089	0.028744	0.0191588	0.0169054	0.218084	0.0279701	0.0236587	0.132914	0.0389113	0.064079	0.00296452	0.0112168
119	0.0702082	0.00203495	0.0149536	0.104668	0.0347951	0.016633	0.0108949	0.055056	0.121797	0.0473646	0.0133004	0.0249808	0.00782454	0.0531152	0.0698592	0.164537	0.128364	0.0331644	0.00244883	0.0239995
120	0.0446252	0.0142317	0.070138	0.0146266	0.0893861	0.0700127	0.0469757	0.0299357	0.0603721	0.0459517	0.0196486	0.159829	0.0159792	0.0300017	0.0395107	0.0724199	0.0297286	0.0565168	0.00880901	0.0813005
121	0.0490448	0.0146268	0.0604753	0.0274103	0.112557	0.0412691	0.0322597	0.0416009	0.0426073	0.049925	0.0543444	0.0982397	0.0160121	0.0385044	0.0434014	0.10576	0.0490407	0.0731465	0.00770489	0.04207
122	0.175262	0.0056801	0.0158703	0.0251555	0.00848071	0.0997928	0.00470446	0.0204546	0.0151551	0.0263617	0.00397901	0.0579218	0.0373259	0.00743295	0.0347805	0.338673	0.098332	0.0121229	0.00300247	0.00951188
123	0.053404	0.00298857	0.00251851	0.00736042	0.106863	0.00534241	0.0112808	0.195984	0.0138903	0.272487	0.066734	0.00240158	0.0123428	0.0215439	0.0190015	0.0179936	0.0335378	0.121269	0.0103956	0.0226612
124	0.0161193	0.00248892	0.00545035	0.00751029	0.00539126	0.00968049	0.00504836	0.44272	0.0510005	0.0260835	0.00583738	0.0119261	0.00779565	0.0701325	0.108133	0.0418023	0.066629	0.106566	0.00348939	0.00619609
125	0.0569919	0.00260158	0.0823721	0.0222879	0.00804127	0.434507	0.0167786	0.0101052	0.0375693	0.0115045	0.00508399	0.134995	0.01868	0.0139344	0.0165354	0.0734365	0.028547	0.0120629	0.00339297	0.0105728
126	0.105436	0.0104896	0.0268944	0.0224394	0.0220187	0.24141	0.010417	0.0744212	0.0315329	0.0659593	0.0139035	0.0420054	0.0258069	0.0156933	0.0208953	0.0681125	0.043749	0.132361	0.00942177	0.0170325
127	0.149417	0.000994031	0.00221058	0.0106291	0.00250514	0.595093	0.00220163	0.0071151	0.0733927	0.010201	0.00386015	0.0201935	0.00946064	0.0165962	0.0173076	0.0249316	0.034244	0.00524923	0.00453017	0.00986792
128	0.0732283	0.00130959	0.0194663	0.0389802	0.01131	0.0363101	0.0220631	0.058934	0.120647	0.0155618	0.0166256	0.0344016	0.00637751	0.0797002	0.101382	0.106071	0.218545	0.0317929	0.00194354	0.00535031
129	0.0596476	0.00372172	0.00133213	0.00359929	0.0780621	0.00793695	0.00474161	0.234282	0.00892307	0.26984	0.0485467	0.00375391	0.00693126	0.00807368	0.00800267	0.0197021	0.0283262	0.18742	0.00453661	0.0126198
130	0.0145818	0.00125211	0.297309	0.0108512	0.00360092	0.0402172	0.0468245	0.0148197	0.027586	0.00511345	0.00253051	0.412454	0.0253303	0.00894651	0.0230693	0.0248434	0.0264555	0.00510879	0.00423541	0.00487026
131	0.12602	0.0023854	0.0338349	0.155946	0.0240652	0.0294214	0.0050607	0.0341086	0.00862074	0.021314	0.023278	0.0088377	0.240901	0.0262674	0.00724746	0.143142	0.0211861	0.0767434	0.00265433	0.00896517
132	0.0292269	0.000736282	0.0989723	0.0177281	0.00261195	0.0195276	0.0486642	0.00741815	0.193019	0.00892849	0.00325858	0.15469	0.00235012	0.037533	0.0878461	0.198851	0.0660369	0.0103521	0.00269231	0.00955754
133	0.0320383	0.00183536	0.00175877	0.0047476	0.0219588	0.00513328	0.00214077	0.329389	0.0317986	0.101258	0.0161734	0.00501936	0.00732298	0.0189293	0.0160372	0.0246159	0.05121	0.318393	0.00155418	0.00868649
134	0.0581668	0.00482671	0.011619	0.0265672	0.0122588	0.0316221	0.0264539	0.018521	0.0273283	0.0340821	0.00945639	0.0319481	0.212812	0.0192419	0.0754075	0.318355	0.0398919	0.0204532	0.00976191	0.0112254
135	0.0482616	0.00452512	0.0319967	0.268516	0.0122563	0.0260654	0.0172089	0.0285783	0.0633098	0.0368718	0.0165191	0.0317752	0.018743	0.131902	0.0382375	0.0903728	0.0601275	0.0573635	0.00578139	0.0115879
136	0.0168819	0.00198538	0.20999	0.0910342	0.00476301	0.0359288	0.125759	0.010137	0.0462537	0.00724856	0.00607256	0.205424	0.0231292	0.0326464	0.0926463	0.036723	0.021079	0.00824871	0.00620375	0.0178453
137	0.0172289	0.00869897	0.00963116	0.00581954	0.3104	0.0140858	0.0119318	0.0534018	0.0128987	0.187947	0.0850639	0.0110811	0.00585525	0.0101159	0.00577398	0.0169977	0.0277026	0.0300131	0.00467773	0.170676
138	0.0644845	0.00599368	0.0110607	0.0187858	0.0272679	0.0151618	0.0114633	0.178207	0.020049	0.0570741	0.209811	0.0312769	0.0235152	0.0903612	0.0204129	0.0332492	0.0251728	0.0925617	0.0463698	0.0177222
139	0.0646906	0.00614444	0.0273199	0.0498782	0.0211242	0.0248434	0.0138544	0.0912095	0.0497501	0.0479474	0.0234354	0.0797624	0.0181658	0.0380016	0.041235	0.0764801	0.139583	0.160993	0.00873518	0.0168458
140	0.0599473	0.051974	0.00801099	0.0083167	0.0565263	0.0209623	0.0101225	0.0211582	0.0314947	0.0482203	0.0100808	0.0228533	0.0414803	0.0119226	0.0455767	0.0374005	0.0190857	0.0525851	0.402457	0.0398248
141	0.0223127	0.00317761	0.00237156	0.00374901	0.190948	0.0116024	0.0112558	0.109384	0.0123588	0.303537	0.151425	0.00511169	0.00874297	0.0138356	0.00619837	0.0115793	0.0419551	0.0594709	0.00424822	0.0267359
142	0.0346022	0.00380995	0.021867	0.0228055	0.0188209	0.0227471	0.0144591	0.043062	0.160937	0.040635	0.0207493	0.0379402	0.0235649	0.0379385	0.340332	0.057294	0.0347246	0.0375803	0.0077184	0.0184122
143	0.184796	0.00667784	0.0182594	0.0561699	0.00885057	0.0265936	0.00598167	0.0924059	0.0104313	0.0731404	0.0104974	0.0111604	0.11608	0.00918218	0.00798915	0.0950685	0.0986546	0.146195	0.0024516	0.019414
144	0.229803	0.0408341	0.00802615	0.0180326	0.0120467	0.0548795	0.00711282	0.0269668	0.0174399	0.0324232	0.00807442	0.0293124	0.0260592	0.0131849	0.0162069	0.344106	0.0778076	0.0221807	0.00651108	0.00899266
145	0.144487	0.00428414	0.0203636	0.018774	0.00637618	0.474119	0.00630178	0.0139443	0.0538213	0.0162095	0.00657111	0.0376249	0.0348372	0.0177115	0.0202685	0.058307	0.0349886	0.0151114	0.00519587	0.0107031
146	0.0319092	0.00379623	0.00306103	0.00448635	0.155889	0.0114974	0.0098133	0.124842	0.0128952	0.305803	0.137328	0.00662359	0.00970014	0.013781	0.00794757	0.0167811	0.0394542	0.0752889	0.00458111	0.0245213
147	0.0590667	0.0078492	0.0134513	0.0268081	0.0163238	0.0330474	0.0234217	0.0268052	0.0340562	0.0683099	0.0140562	0.0282041	0.204224	0.0231096	0.0893301	0.234324	0.0435915	0.0293937	0.0110054	0.0136219
148	0.0469144	0.000909232	0.0527093	0.0324746	0.00830236	0.018945	0.0190405	0.0241353	0.177832	0.010855	0.0149794	0.10608	0.00462028	0.0623398	0.108033	0.110527	0.161186	0.0337238	0.00177831	0.00461528
149	0.0388855	0.00961514	0.0180411	0.0137154	0.245386	0.0206049	0.015385	0.0651639	0.0206681	0.105033	0.0281215	0.0259555	0.00962622	0.0136527	0.0169082	0.0372743	0.0280407	0.0561326	0.0116035	0.220187
150	0.0144377	0.0019	0.0172079	0.00878454	0.0100516	0.00819657	0.0105048	0.039982	0.218686	0.0388054	0.0149799	0.0461993	0.0069886	0.0211947	0.41911	0.0460435	0.0200152	0.0358315	0.00338924	0.0176919
151	0.0570148	0.0074655	0.0389674	0.041274	0.0230689	0.0503653	0.0233575	0.0389897	0.166422	0.0336284	0.0202988	0.0548949	0.0219452	0.0484228	0.152397	0.0897736	0.0649039	0.0353068	0.0114251	0.0200791
152	0.0658506	0.00395071	0.0035417	0.0101927	0.0605681	0.00959987	0.00611637	0.210661	0.0122659	0.216253	0.0436748	0.00657463	0.0275504	0.0112648	0.0120355	0.0272522	0.036038	0.216142	0.00592908	0.0145389
153	0.0575872	0.0584471	0.00490358	0.00575864	0.0558634	0.0136644	0.00466282	0.0164003	0.0291043	0.0465297	0.00383282	0.0161241	0.0401213	0.00737656	0.0474452	0.0298935	0.0158886	0.0572061	0.434116	0.0550745
154	0.0988876	0.00353338	0.0241496	0.0209393	0.00862467	0.395161	0.0126287	0.014926	0.0661655	0.0185272	0.00926327	0.0468804	0.0188418	0.0252699	0.0701347	0.0918535	0.0440922	0.0130054	0.00537385	0.0117424
155	0.00682129	0.00130521	0.00202961	0.00289796	0.0098526	0.00402975	0.0021461	0.0505852	0.226566	0.0483451	0.0159284	0.0184923	0.00551296	0.012841	0.501858	0.0220844	0.00566763	0.0438106	0.0017712	0.0174552
156	0.037974	0.00427563	0.00179798	0.00363418	0.0411969	0.00504061	0.00277028	0.287216	0.00824216	0.1312	0.0186673	0.00593237	0.00478178	0.0068878	0.00361966	0.0146356	0.0227679	0.377927	0.00186276	0.0195699
157	0.0157523	0.00231173	0.199824	0.139373	0.00568167	0.0388268	0.139515	0.0108992	0.0318	0.00814158	0.00619461	0.172257	0.0305456	0.0365196	0.0788941	0.0265727	0.0169033	0.00929651	0.00471684	0.0259739
158	0.0759273	0.000432283	0.0412531	0.0736889	0.015362	0.0279748	0.0233648	0.0339002	0.0779056	0.0218399	0.0326546	0.0605718	0.0083997	0.105034	0.0837748	0.0785984	0.201115	0.0324408	0.00207196	0.00369004
159	0.0208402	0.0010761	0.122964	0.0265079	0.00269872	0.49967	0.0117797	0.00436767	0.0227374	0.00383354	0.00212324	0.158913	0.0209176	0.00390353	0.00507812	0.073409	0.00909732	0.0055525	0.00144417	0.00308604
160	0.034583	0.000836552	0.301029	0.237287	0.0075346	0.0438357	0.00426798	0.0144547	0.0766143	0.0029181	0.00153087	0.0578644	0.002101	0.0481985	0.0201179	0.0663113	0.0660594	0.0112388	0.000922196	0.00229408
161	0.0115843	0.0183816	0.00519263	0.195322	0.00503286	0.00673344	0.00475592	0.0631511	0.0268864	0.0648128	0.00409636	0.0777679	0.00530339	0.0483897	0.0411757	0.0306123	0.267279	0.100449	0.00262972	0.0204431
162	0.0328615	0.0043124	0.00115785	0.00274353	0.0377344	0.00337752	0.00242724	0.295221	0.00816356	0.124979	0.0154706	0.00482652	0.0044742	0.00486275	0.0021067	0.0123181	0.02185	0.401086	0.00139387	0.0186334
163	0.0743977	0.000412875	0.0394392	0.0735649	0.0151864	0.0268938	0.0238414	0.0351676	0.0789076	0.0221549	0.0317702	0.0621365	0.00806905	0.103575	0.0835043	0.0789405	0.205145	0.0314119	0.0019123	0.00356957
164	0.0437234	0.00319919	0.000845971	0.00278691	0.0582421	0.00480594	0.00271042	0.271917	0.00756536	0.179574	0.030682	0.00354449	0.00510444	0.00574346	0.00340705	0.0147124	0.0237143	0.32317	0.00214308	0.0124076
165	0.074368	0.00041857	0.0391913	0.0732281	0.015349	0.0268607	0.0239083	0.0355059	0.0795904	0.022448	0.0313144	0.0627039	0.00796398	0.102672	0.0837949	0.0786757	0.205185	0.0313592	0.00188558	0.00357758
166	0.0674162	0.000666926	0.0654462	0.0843044	0.0105848	0.0514333	0.0220914	0.0161304	0.0784946	0.021024	0.0342942	0.056915	0.0135923	0.142142	0.0747065	0.0977767	0.124488	0.0261066	0.00402115	0.00836528
167	0.022969	0.00129884	0.237251	0.0333021	0.00777331	0.0817023	0.0413364	0.0140284	0.0446702	0.00849473	0.00410454	0.3171	0.0235492	0.017756	0.0269591	0.0636716	0.0334855	0.00908152	0.00388085	0.0075849
168	0.068712	0.00331586	0.0349357	0.0372954	0.0339912	0.0253827	0.0205676	0.0277236	0.11123	0.0213434	0.019527	0.0975053	0.0133568	0.056271	0.140476	0.0982629	0.124439	0.0491848	0.0049049	0.0115748
169	0.0261681	0.0139376	0.0152291	0.0122286	0.276835	0.0148076	0.0253989	0.0177717	0.0154778	0.0376476	0.00625117	0.0203063	0.00778777	0.0151608	0.0157388	0.0189408	0.0131118	0.0196392	0.0667014	0.36086
170	0.0245331	0.00131789	0.253683	0.012726	0.00723938	0.0538054	0.0427374	0.0129155	0.0291878	0.0115765	0.00305465	0.376237	0.0363775	0.00934523	0.0198783	0.0593774	0.0270773	0.00663788	0.00380039	0.00849299
171	0.183085	0.0529284	0.00697495	0.0135105	0.0111277	0.0493961	0.00446325	0.0421424	0.0131838	0.0456555	0.0117518	0.0113205	0.0441427	0.00918028	0.00801399	0.250653	0.132726	0.095238	0.00545834	0.00904792
172	0.0715001	0.0124501	0.0646675	0.0305219	0.0710755	0.0328045	0.0411926	0.02679	0.108084	0.0308621	0.0182726	0.0473876	0.0163575	0.0764264	0.100533	0.0633397	0.0444355	0.0287803	0.0125188	0.102
173	0.0819827	0.000871227	0.0455586	0.0820912	0.00889856	0.0606625	0.0191074	0.0169641	0.0867518	0.0180976	0.0293845	0.0564159	0.0254567	0.0823827	0.0652892	0.162785	0.125487	0.0200884	0.00345204	0.00827269
174	0.0221747	0.00174965	0.0175573	0.00804313	0.338168	0.0142451	0.0129914	0.0188253	0.0104538	0.0468646	0.0088133	0.0150532	0.00279603	0.0046687	0.00464435	0.0153931	0.0116548	0.0186002	0.00722379	0.420079
175	0.0208788	0.00106247	0.122901	0.0267102	0.00269897	0.498964	0.0118105	0.00441843	0.0227296	0.00383427	0.00211864	0.159166	0.0208544	0.00388728	0.00512374	0.0736372	0.00909333	0.0055672	0.00144897	0.00309527
176	0.0978532	0.00321413	0.0391109	0.0227685	0.00842115	0.498348	0.00927266	0.0120103	0.0524144	0.0144333	0.00660787	0.0598359	0.018067	0.0174354	0.0202028	0.0537947	0.0344025	0.0131824	0.00615469	0.01247
177	0.067331	0.000389016	0.0493715	0.0860678	0.0120302	0.0422304	0.0210776	0.0238969	0.0856922	0.0198156	0.0290323	0.0594228	0.0119958	0.115088	0.0846646	0.0962286	0.160906	0.0263845	0.00302567	0.00534905
178	0.0533516	0.00778947	0.0407106	0.0389446	0.0222849	0.0535937	0.0224898	0.0437374	0.171214	0.0362819	0.0184208	0.0615048	0.0204003	0.0416732	0.150848	0.0805131	0.0612758	0.0405184	0.0122189	0.0222281
179	0.1248	0.00149377	0.040862	0.0212472	0.0208927	0.0277914	0.0381371	0.0129725	0.0640537	0.0465237	0.00567407	0.144495	0.0230628	0.00507486	0.0129499	0.264	0.0931146	0.0105895	0.00188951	0.0403768
180	0.0489235	0.00351683	0.000828891	0.00212372	0.0689346	0.00531892	0.00325836	0.263161	0.00680939	0.233671	0.0352136	0.00306687	0.00498199	0.00485475	0.00358347	0.0145458	0.0210682	0.261077	0.00301861	0.012044
181	0.0406157	0.00363211	0.000911215	0.00329313	0.0431314	0.00426191	0.00211252	0.277193	0.0079474	0.128997	0.021399	0.0044975	0.00532581	0.00518212	0.00238875	0.0143478	0.0272079	0.392884	0.00146107	0.0132114
182	0.0568577	0.0035551	0.00290867	0.00537321	0.0877368	0.00974448	0.0064911	0.214027	0.0123585	0.283397	0.0572743	0.00668375	0.00781664	0.0116855	0.0125295	0.021592	0.0280394	0.150378	0.00699045	0.0145607
183	0.175279	0.0187198	0.00980534	0.0423209	0.00854331	0.0748266	0.00652207	0.0189403	0.0230978	0.0259929	0.00675639	0.0461734	0.0269125	0.0124013	0.0249111	0.359313	0.0878175	0.0183925	0.00422013	0.00905433
184	0.0570528	0.00455411	0.0498436	0.120764	0.0130628	0.0346221	0.0209048	0.0294322	0.0733723	0.027594	0.023318	0.0546967	0.0133462	0.114593	0.0724517	0.0755338	0.167869	0.0344189	0.00414915	0.00842151
185	0.292856	0.0135607	0.00622997	0.0139627	0.00917271	0.025516	0.00516707	0.0302118	0.033483	0.0484865	0.00867659	0.0367915	0.018974	0.00894853	0.0113147	0.182417	0.147735	0.0933572	0.00431964	0.00881954
186	0.04229	0.00325695	0.0130115	0.0115598	0.0106022	0.109701	0.0327537	0.0141364	0.0154906	0.0178072	0.00571235	0.146017	0.0115164	0.0111814	0.0148261	0.28783	0.212229	0.0131622	0.00344623	0.0234708
187	0.0609498	0.0616322	0.00347036	0.00401283	0.0570947	0.0133765	0.00296995	0.0139182	0.0296152	0.0492358	0.0034749	0.0156144	0.0449355	0.00575355	0.049682	0.0283672	0.0141721	0.0540329	0.455213	0.0324788
188	0.0648336	0.00247948	0.000727785	0.00191481	0.0893987	0.00840251	0.0037648	0.222336	0.00738286	0.331703	0.0591758	0.00256639	0.00591345	0.0057624	0.0051686	0.0182788	0.0242757	0.131846	0.00441579	0.00965298
189	0.0236109	0.00148853	0.147161	0.0268828	0.003751	0.426179	0.0176482	0.00635036	0.0242892	0.00457015	0.00275856	0.184768	0.0210716	0.0070601	0.0100112	0.0649091	0.014315	0.00660758	0.00194285	0.00462565
190	0.100583	0.0027705	0.0356337	0.0189654	0.0111072	0.498215	0.010413	0.0130326	0.0517222	0.017349	0.00666903	0.0579838	0.0186097	0.0178102	0.0210808	0.0537814	0.034287	0.0136159	0.00479216	0.0115783
191	0.00892066	0.00112505	0.00296291	0.00308948	0.0101139	0.00451364	0.00208445	0.046858	0.228247	0.0458519	0.0158547	0.0176445	0.00712617	0.0133668	0.501779	0.0236801	0.00593905	0.0404893	0.00177382	0.0185801
192	0.0305499	0.00140898	0.151961	0.0339984	0.00694706	0.0386696	0.0490216	0.0109128	0.130385	0.011114	0.00473752	0.201704	0.0102095	0.0334821	0.0582438	0.145284	0.055446	0.0113702	0.00397247	0.0105813
193	0.102393	0.00137503	0.0833104	0.00668611	0.0347824	0.0359978	0.0413638	0.014411	0.0451214	0.0574711	0.00346684	0.205715	0.0451316	0.00519851	0.00792885	0.190708	0.0723697	0.0078891	0.00183509	0.0368451
194	0.0551931	0.00534546	0.00267735	0.00575125	0.106592	0.00991674	0.00720139	0.196183	0.0115897	0.259779	0.0580899	0.00601591	0.0077314	0.0108212	0.00982684	0.0212751	0.031547	0.162912	0.0090214	0.0225299
195	0.0592017	0.00280345	0.00111829	0.00355224	0.0887426	0.00750573	0.00531173	0.222438	0.00912457	0.290519	0.0558067	0.00313095	0.00647358	0.00872603	0.00740971	0.0183463	0.0259046	0.166648	0.00494692	0.0122906
