230	20
1	0.0520635	0.00237277	0.00219625	0.0030727	0.0799308	0.0121012	0.00389627	0.22951	0.00220599	0.283365	0.0348172	0.0211611	0.0197665	0.00425654	0.0021722	0.026684	0.0177863	0.12706	0.0632607	0.0123207
2	0.122076	0.0106219	0.0189293	0.00113524	0.0185718	0.0898935	0.00107167	0.0111329	0.00595149	0.0233219	0.00731257	0.00750922	0.00642359	0.00170384	0.000662484	0.540267	0.106919	0.00872928	0.00846479	0.00930297
3	0.0550376	0.0221252	0.00709839	0.024792	0.0301728	0.0160116	0.0196417	0.07847	0.0636663	0.199099	0.10237	0.01093	0.00250415	0.0253759	0.162674	0.0231326	0.0523129	0.0717888	0.0194578	0.0133399
4	0.0521069	0.000600356	0.000358437	0.00128902	0.130055	0.0183452	0.00321727	0.179148	0.000483489	0.357463	0.0661495	0.00237792	0.00459953	0.00149301	0.000272406	0.00584356	0.0212068	0.124921	0.019043	0.0110268
5	0.0413168	0.00353088	0.00845861	0.00628699	0.0216681	0.0115634	0.00433232	0.0403376	0.00490068	0.237109	0.215793	0.00557577	0.00281813	0.139864	0.00543511	0.0386592	0.0518302	0.143032	0.00791642	0.00957114
6	0.0927492	0.00786538	0.00692511	0.00627907	0.120175	0.0407488	0.00792647	0.0396083	0.00850672	0.0812299	0.0278575	0.0203583	0.00946337	0.0134986	0.00933639	0.230207	0.18708	0.0563097	0.0140833	0.0197911
7	0.556632	0.00396307	0.00326364	0.00104269	0.00743324	0.163012	0.000976607	0.0284388	0.000740788	0.028119	0.00717137	0.00661824	0.00632138	0.00291174	0.000806887	0.106844	0.0303157	0.038504	0.00146129	0.00542359
8	0.0797794	0.00179713	0.000515981	0.00066776	0.0447718	0.00601716	0.00111585	0.190592	0.00167517	0.187127	0.112266	0.0007618	0.000524689	0.00601305	0.00100294	0.0194435	0.0689532	0.261919	0.00688103	0.0081755
9	0.186666	0.0109592	0.00210602	0.00518203	0.0687717	0.0769722	0.00320935	0.0765944	0.00362647	0.099041	0.0294844	0.00510394	0.00544427	0.0065479	0.00334917	0.0599887	0.150954	0.190789	0.0075191	0.00769065
10	0.150849	0.0100797	0.00283722	0.00348761	0.0156507	0.0150299	0.00283905	0.125326	0.00183299	0.0435721	0.0232551	0.00631858	0.00393016	0.00516102	0.00436499	0.145807	0.265986	0.161383	0.0057792	0.00651159
11	0.054065	0.00705843	0.000461001	0.0036827	0.0577215	0.0270983	0.00183693	0.368267	0.000620722	0.132014	0.0365947	0.00142804	0.000534228	0.00239013	0.00163594	0.00915378	0.0133518	0.233436	0.0150888	0.0335608
12	0.0352407	0.00118848	0.00284058	0.000948933	0.431849	0.00537273	0.00086825	0.0527523	0.0026431	0.137359	0.0456257	0.00100096	0.000328583	0.00415205	0.000344328	0.011422	0.0236784	0.0656421	0.021814	0.154929
13	0.0711774	0.00576835	0.0211447	0.0392694	0.0402745	0.038303	0.172069	0.031604	0.061835	0.0476935	0.0313032	0.067177	0.0136101	0.0730279	0.0593368	0.0486347	0.0443184	0.0450657	0.023429	0.0649581
14	0.0686784	0.0047764	0.00213076	0.00292913	0.144346	0.0293317	0.0319444	0.0193605	0.00951845	0.0534958	0.0172208	0.00559093	0.00114859	0.00905896	0.00150388	0.00751903	0.0182964	0.0331517	0.327134	0.212864
15	0.0473171	0.000160907	0.000208069	0.000809781	0.13908	0.0142123	0.00125856	0.189496	0.000260468	0.356392	0.0650287	0.00218178	0.0053789	0.000292267	0.000176362	0.00536467	0.0202377	0.136329	0.00543498	0.010381
16	0.0340583	0.00104911	0.00274676	0.00112906	0.421163	0.00572909	0.000842932	0.0588893	0.0025613	0.147423	0.0488608	0.000952142	0.000309068	0.00380061	0.000366505	0.0110466	0.0227599	0.0674498	0.0229141	0.145949
17	0.0613595	0.00322619	0.000638575	0.00239978	0.0283657	0.0124596	0.00152584	0.222382	0.00124969	0.191639	0.0473025	0.00112066	0.000722861	0.00542837	0.00136787	0.00870484	0.0322452	0.366018	0.0039517	0.00789215
18	0.119804	0.00269999	0.0160055	0.0216601	0.0669691	0.074153	0.00577124	0.0256946	0.00741446	0.113124	0.0438036	0.0139777	0.117513	0.0387026	0.00260215	0.156261	0.105349	0.0517771	0.0084806	0.0082366
19	0.0465927	0.000208451	0.00022178	0.000808498	0.134682	0.0136634	0.0012651	0.190561	0.000305447	0.35701	0.0674456	0.00215789	0.00508427	0.000409055	0.000242053	0.00554143	0.0206523	0.13742	0.00537848	0.0103495
20	0.0606939	0.00484469	0.0103527	0.00768474	0.0542607	0.0187001	0.00979043	0.0239004	0.0033661	0.0254202	0.0129003	0.0221252	0.00277616	0.0046473	0.00993808	0.334045	0.31892	0.0550167	0.00723734	0.0133797
21	0.0380197	0.000662885	0.00037371	0.00095369	0.0964156	0.0114166	0.00106514	0.211341	0.000535262	0.379243	0.0765428	0.00228106	0.0032211	0.00100649	0.00033821	0.00491723	0.019871	0.139795	0.00423289	0.00776803
22	0.252473	0.00690806	0.00163506	0.000660861	0.00846569	0.495118	0.00336182	0.00956676	0.000721175	0.0121551	0.00761397	0.00283954	0.00358721	0.00115183	0.000369422	0.134459	0.0298347	0.0197482	0.00677206	0.00255836
23	0.0445906	0.00367651	0.0016275	0.00431269	0.04663	0.0167192	0.00120202	0.0854806	0.00159433	0.428682	0.274736	0.00414546	0.000688926	0.00378987	0.000993692	0.00704001	0.0282821	0.0382828	0.00328417	0.00424177
24	0.505746	0.00801595	0.00227089	0.000507785	0.00362037	0.134611	0.000410537	0.0213436	0.000304745	0.0147759	0.00309803	0.00703451	0.0128972	0.00155646	0.000273328	0.170343	0.043286	0.0645904	0.000534619	0.00477861
25	0.0473171	0.000160907	0.000208069	0.000809781	0.13908	0.0142123	0.00125856	0.189496	0.000260468	0.356392	0.0650287	0.00218178	0.0053789	0.000292267	0.000176362	0.00536467	0.0202377	0.136329	0.00543498	0.010381
26	0.0632135	0.000328832	0.000237879	0.000451313	0.0881756	0.00949415	0.00133369	0.202487	0.00152212	0.236016	0.106511	0.00162995	0.00181724	0.00367181	0.0009829	0.0114397	0.0419807	0.20763	0.0098968	0.0111797
27	0.0624285	0.00263987	0.000434658	0.00145957	0.0192131	0.00542826	0.00056769	0.210905	0.000988677	0.179127	0.0624034	0.000712267	0.00114169	0.0065224	0.000349019	0.0131234	0.062991	0.363705	0.00197802	0.0038806
28	0.276202	0.0170359	0.000468425	0.00171043	0.0624081	0.0646179	0.00168627	0.0810918	0.00105429	0.125265	0.0319728	0.00127606	0.00251985	0.00130176	0.000401126	0.0760296	0.0655948	0.174883	0.0103851	0.00409577
29	0.0546819	0.00713567	0.000465857	0.00366412	0.0565354	0.027277	0.00190112	0.369712	0.000655708	0.129291	0.035716	0.00142748	0.000476941	0.00242755	0.00166684	0.00919574	0.0132353	0.234916	0.0152519	0.0343668
30	0.05072	0.00154071	0.00282542	0.0219509	0.07522	0.00684422	0.00222371	0.0149744	0.00623144	0.230316	0.436526	0.00331465	0.00143246	0.00585019	0.00180736	0.0241744	0.0305453	0.0467475	0.0175381	0.0192164
31	0.0454375	0.0020288	0.0131723	0.1954	0.0264904	0.01312	0.147299	0.0125498	0.0187553	0.0373756	0.00988806	0.0777825	0.00216103	0.212462	0.00919165	0.0197949	0.0248404	0.0227749	0.0048317	0.104645
32	0.0930803	0.00435409	0.00254047	0.00348162	0.112364	0.052694	0.00298068	0.08823	0.00349302	0.135082	0.0195531	0.00847775	0.0115356	0.00912249	0.00258776	0.185609	0.164526	0.0418889	0.0513174	0.00708178
33	0.0523172	0.0454488	0.00141394	0.0216655	0.0205773	0.00402627	0.00200304	0.111325	0.0613659	0.251333	0.0828142	0.00244233	0.000972193	0.0143697	0.170866	0.00499507	0.0513826	0.0784535	0.0188862	0.00334197
34	0.106014	0.00320076	0.00459238	0.00357914	0.075549	0.0385024	0.0845357	0.0144903	0.0105438	0.0490378	0.0172994	0.00592277	0.00276885	0.00978612	0.00307345	0.0137943	0.0161708	0.0419251	0.231384	0.26783
35	0.107715	0.00190666	0.00218265	0.00292968	0.0778102	0.00863055	0.103137	0.00913612	0.018413	0.135478	0.0400469	0.00352501	0.00178082	0.00462912	0.00179973	0.0227528	0.00989375	0.193547	0.052537	0.202149
36	0.0136224	0.00129069	0.0432213	0.0355193	0.00624985	0.0108769	0.0251539	0.00946772	0.352196	0.0376076	0.0219571	0.0312993	0.00124053	0.112813	0.225497	0.01331	0.0168167	0.00902238	0.0162797	0.0165585
37	0.0382605	0.00227364	0.00337372	0.00259435	0.341513	0.00783644	0.00173711	0.0815607	0.0117934	0.189402	0.0445238	0.00227333	0.0010945	0.00649234	0.00245255	0.0124052	0.0354631	0.077414	0.0230047	0.114532
38	0.0342407	0.00110294	0.00286526	0.00090858	0.437316	0.00542885	0.000758106	0.0500993	0.00253232	0.13769	0.0475219	0.000939895	0.000246563	0.00384403	0.000329297	0.0118238	0.0235287	0.0651533	0.0219757	0.151696
39	0.09259	0.00276098	0.00436073	0.0106604	0.0950869	0.0638942	0.00415758	0.044274	0.0101345	0.105692	0.0442034	0.0402153	0.0117623	0.0427018	0.00502634	0.175759	0.166575	0.0665607	0.00839922	0.00518583
40	0.0310993	0.00115416	0.00896203	0.00636541	0.0135168	0.0449308	0.101945	0.0158848	0.260094	0.0227822	0.0289244	0.030713	0.00106025	0.0515789	0.248016	0.0564665	0.0603771	0.00704115	0.00426773	0.00482061
41	0.0531101	0.00597331	0.000434581	0.00323535	0.0678535	0.025205	0.00189287	0.356029	0.000549531	0.158749	0.0404163	0.00166269	0.000971261	0.00204911	0.00138809	0.0081911	0.0141333	0.214621	0.0135123	0.0300229
42	0.0344823	0.00108763	0.00279648	0.000884663	0.437628	0.00552859	0.000750593	0.050336	0.0025296	0.138276	0.0479764	0.000882807	0.000248634	0.00381365	0.000332823	0.0114572	0.02332	0.0650508	0.0218316	0.150786
43	0.207926	0.0100853	0.00129603	0.0164529	0.052255	0.0903548	0.00112862	0.102359	0.00807069	0.14265	0.058149	0.00195585	0.000890038	0.00201363	0.00103868	0.0294539	0.104217	0.157565	0.00609768	0.00604171
44	0.0511354	0.00491324	0.000418542	0.00304825	0.0467629	0.0195407	0.00152115	0.326972	0.000673693	0.159765	0.0376963	0.00105684	0.000304112	0.00340736	0.00132272	0.00756718	0.0172813	0.280167	0.0108792	0.025567
45	0.0435253	0.00296641	0.00942194	0.00743904	0.0552022	0.0165508	0.00914725	0.0487996	0.00477132	0.0261656	0.0164036	0.173765	0.0030671	0.0306592	0.0066195	0.318595	0.149177	0.0585397	0.00707009	0.0121142
46	0.0393789	0.00275209	0.00214789	0.00273194	0.295688	0.0110746	0.0023552	0.146694	0.00266134	0.171912	0.0548126	0.00236221	0.00152206	0.00392746	0.000939849	0.0111307	0.0214758	0.0985295	0.0258106	0.102094
47	0.50516	0.00715352	0.00228703	0.000986915	0.00575657	0.13589	0.000634284	0.0249308	0.000540858	0.0177109	0.00521696	0.00651809	0.0106167	0.00173351	0.000498167	0.151801	0.0366914	0.0794664	0.00151042	0.00489593
48	0.0450133	0.000425198	0.000285652	0.00253553	0.019287	0.00527034	0.000294297	0.208092	0.00091003	0.242338	0.0410487	0.000461977	0.000227896	0.00623165	0.000254638	0.00312206	0.0280029	0.390942	0.0010722	0.00418471
49	0.194333	0.00367561	0.00439823	0.00403016	0.0150941	0.533344	0.0058526	0.0134444	0.00360176	0.0287475	0.0151306	0.00571452	0.00603988	0.00481903	0.0019515	0.0911435	0.0323518	0.0200186	0.0102676	0.00604144
50	0.0503028	0.0015279	0.000367665	0.00223766	0.0260192	0.00865472	0.000625786	0.227496	0.000973194	0.212873	0.0425833	0.000701052	0.000571058	0.00543175	0.000519184	0.00450337	0.0272102	0.377511	0.00281934	0.00707238
51	0.331305	0.0115131	0.00150112	0.00247894	0.0309448	0.0359693	0.00229436	0.0915545	0.00201747	0.0885134	0.0253974	0.00332126	0.00212702	0.00333546	0.00141493	0.0457616	0.0783167	0.230279	0.00664338	0.00531227
52	0.0675488	0.00516564	0.00752844	0.00818792	0.0702389	0.0255795	0.0070741	0.02893	0.00538864	0.0411695	0.0160211	0.019812	0.00484637	0.0105539	0.0105211	0.276292	0.326823	0.0478261	0.00954304	0.0109497
53	0.188005	0.00346576	0.00405761	0.00468383	0.0136611	0.549658	0.00474276	0.0131372	0.0035299	0.0238101	0.0146697	0.00474581	0.00792012	0.0032984	0.00126504	0.0924317	0.0326627	0.0194619	0.00815348	0.00664062
54	0.0140665	0.00121824	0.00167765	0.00189659	0.0279343	0.00537724	0.00181571	0.287212	0.000955528	0.496452	0.0541641	0.00324786	0.0014037	0.00269436	0.00126011	0.00450104	0.022669	0.0658414	0.00299978	0.0026125
55	0.0919689	0.00196318	0.0005164	0.00105105	0.0404865	0.00683264	0.00105853	0.194919	0.00158555	0.198801	0.105161	0.00106195	0.000833746	0.00526722	0.000791356	0.0166492	0.0678915	0.251027	0.00530552	0.00682829
56	0.033878	0.00312526	0.0104241	0.00548602	0.0152375	0.0100654	0.00487291	0.0182614	0.00401733	0.246713	0.234389	0.0053703	0.0025197	0.166315	0.00430596	0.0476535	0.049263	0.124471	0.00570442	0.00792735
57	0.0726773	0.00500414	0.0226693	0.289379	0.0249	0.0291499	0.0120698	0.0847402	0.0114308	0.0617088	0.0511339	0.0151668	0.00379651	0.0110675	0.0144646	0.0314944	0.174499	0.0589937	0.0105653	0.0150888
58	0.0596759	0.00353782	0.00481326	0.00379874	0.326486	0.0199517	0.00545175	0.0695473	0.00477532	0.147178	0.0484102	0.00564585	0.00268576	0.00791946	0.00164538	0.0239618	0.0342603	0.0775817	0.0479161	0.104758
59	0.0256273	0.00181705	0.027567	0.0884514	0.0108897	0.0363028	0.106758	0.00896228	0.0189152	0.0203241	0.0135937	0.0497262	0.0055761	0.401409	0.0172937	0.074991	0.0186561	0.0441506	0.00535245	0.0236369
60	0.0514363	0.00347751	0.00241051	0.00431768	0.269515	0.0144421	0.0023328	0.102354	0.00437195	0.224942	0.0598608	0.0039493	0.00298138	0.00681838	0.00461245	0.0155785	0.0307921	0.0870127	0.0287887	0.0800055
61	0.0987085	0.00549408	0.00132915	0.00277902	0.0829174	0.0589304	0.00225796	0.173243	0.00133494	0.252316	0.0583477	0.00374852	0.00339513	0.00293899	0.00118343	0.0191179	0.0383852	0.170304	0.0095663	0.0137031
62	0.0616546	0.00413306	0.0229101	0.00418661	0.0133605	0.00664015	0.00526391	0.0332657	0.00239767	0.272732	0.218095	0.00709211	0.00164074	0.0506773	0.00245552	0.0460069	0.146058	0.0885582	0.00602318	0.00684823
63	0.386585	0.00721215	0.0147115	0.00203381	0.00739785	0.125816	0.00199545	0.0403478	0.00222904	0.0546463	0.00994505	0.0323961	0.0120368	0.00365285	0.00159328	0.148472	0.0855575	0.0557373	0.00248339	0.00515036
64	0.0656003	0.0055271	0.00551574	0.00730893	0.184768	0.0336294	0.0118987	0.0440002	0.0088849	0.0680914	0.0291919	0.0142397	0.00384593	0.0102296	0.00620271	0.0280709	0.0295716	0.0442816	0.326058	0.0730832
65	0.479334	0.00658691	0.00621051	0.00172091	0.00455808	0.134001	0.000905943	0.0180524	0.00238549	0.0153298	0.00443049	0.0087472	0.0464597	0.00336573	0.000466569	0.173412	0.0367151	0.0508062	0.00125717	0.00525462
66	0.162998	0.00201959	0.0668035	0.280947	0.00687351	0.0608296	0.00350794	0.00753242	0.00376145	0.0113652	0.00882694	0.113427	0.00180602	0.0367776	0.097821	0.0429243	0.0567406	0.0112081	0.00344979	0.0203803
67	0.0348083	0.0017768	0.0027327	0.00109788	0.430629	0.0051984	0.000920454	0.0505849	0.00258129	0.134014	0.0452928	0.00113957	0.00027762	0.00398925	0.000346174	0.0124039	0.0243593	0.0664891	0.0211204	0.160238
68	0.318641	0.0108081	0.00611007	0.00214952	0.0116389	0.0759523	0.00205723	0.0516214	0.00211226	0.0773471	0.0144364	0.0276397	0.0113074	0.00349981	0.00260912	0.16825	0.143713	0.060633	0.0045609	0.00491384
69	0.150006	0.00320476	0.00413217	0.139046	0.0175484	0.0101123	0.0863657	0.0422076	0.0894322	0.058345	0.0378745	0.00501799	0.00233038	0.00625034	0.122696	0.0124605	0.0933986	0.0463011	0.0410501	0.0322206
70	0.0379361	0.0022906	0.00277424	0.00215162	0.408995	0.00607592	0.00116073	0.0526059	0.0027438	0.130612	0.0414716	0.00227033	0.000405888	0.00406088	0.000528268	0.011811	0.02363	0.0595466	0.0190952	0.189834
71	0.0820577	0.003406	0.00136199	0.00167876	0.0552195	0.0116786	0.00218329	0.152329	0.00218251	0.116387	0.146347	0.00224713	0.00170743	0.00778421	0.00190582	0.0221231	0.0600031	0.301674	0.006901	0.020824
72	0.262397	0.00338402	0.00115513	0.000636502	0.00817726	0.531513	0.00333212	0.00847642	0.000465753	0.0123385	0.00813128	0.0026518	0.00212555	0.0013431	0.000379171	0.104677	0.0240235	0.0162845	0.00684291	0.00166527
73	0.0367143	0.00221539	0.190753	0.0589485	0.0116322	0.0834293	0.0674973	0.0138916	0.0877245	0.0163939	0.0109644	0.180869	0.00276412	0.0215364	0.0491854	0.059326	0.0609823	0.0169757	0.00737771	0.0208194
74	0.0540192	0.00651434	0.000612492	0.00354576	0.0527811	0.0242834	0.00215818	0.373327	0.000968103	0.11214	0.0338526	0.00208606	0.00105291	0.00277666	0.00200162	0.0128333	0.0137119	0.251159	0.0179297	0.0322466
75	0.217233	0.0125776	0.00152286	0.00328711	0.10244	0.0799781	0.00216825	0.106062	0.00223263	0.172225	0.0411835	0.00359691	0.00297027	0.00405134	0.00159319	0.0408744	0.0538016	0.125276	0.0134504	0.0134759
76	0.159518	0.00530683	0.0130212	0.0049469	0.129763	0.178465	0.0171746	0.0414652	0.0165761	0.0784546	0.0298742	0.015487	0.00886119	0.0113622	0.00648098	0.0324426	0.0359954	0.0545066	0.0337907	0.126508
77	0.231982	0.00257042	0.00329393	0.00471939	0.0505136	0.01729	0.00398391	0.0437258	0.00400215	0.063237	0.0392131	0.00565154	0.139573	0.00836339	0.00251259	0.135326	0.085762	0.145846	0.00531028	0.00712391
78	0.120533	0.00269534	0.00215547	0.00409049	0.126004	0.0508158	0.00285631	0.0385253	0.00263389	0.198229	0.0278099	0.00527534	0.0776624	0.0125621	0.00159122	0.121265	0.124541	0.0644028	0.0115416	0.00480909
79	0.0541029	0.00232752	0.0012125	0.00312377	0.161105	0.0146694	0.00186169	0.13606	0.00182084	0.314728	0.105934	0.00444901	0.00331933	0.00449899	0.0015811	0.0129467	0.0260934	0.102424	0.0135481	0.0341936
80	0.164619	0.00483948	0.00486334	0.00465302	0.22649	0.0946571	0.00770756	0.0521446	0.00617012	0.128095	0.0413315	0.00658786	0.00270234	0.00899408	0.00340416	0.0242543	0.034173	0.0586163	0.0201433	0.105553
81	0.0507517	0.000232146	0.000214607	0.0006214	0.119808	0.0117081	0.00126383	0.198198	0.000670478	0.312298	0.0811675	0.00205669	0.00385368	0.00133864	0.000549605	0.00770691	0.0260062	0.16336	0.00693403	0.01126
82	0.06648	0.00356995	0.0435663	0.345295	0.0229518	0.0333397	0.0297462	0.0338737	0.0182544	0.0459874	0.0449934	0.0361914	0.0250909	0.0432553	0.0241261	0.039824	0.0632016	0.0431044	0.0124541	0.0246942
83	0.554234	0.00556101	0.00300969	0.000473554	0.00294729	0.149589	0.000383797	0.016643	0.000328996	0.0129147	0.00301875	0.00682644	0.0107708	0.00218883	0.000266582	0.148235	0.0296511	0.0483661	0.000570501	0.00402052
84	0.0650111	0.00360847	0.00177163	0.00238778	0.0404582	0.0122897	0.00145439	0.164864	0.00146836	0.337777	0.151242	0.00321479	0.00119373	0.00409065	0.00181176	0.0138448	0.0656584	0.120506	0.00353208	0.00381561
85	0.0639845	0.000592176	0.000224875	0.000678216	0.111544	0.0132166	0.00102303	0.183857	0.000746583	0.319783	0.0859871	0.00202713	0.00369619	0.00125977	0.000277912	0.00739119	0.0313774	0.157744	0.00589021	0.0086999
86	0.538154	0.00664973	0.00335778	0.00113963	0.00535808	0.126261	0.00102028	0.0171034	0.000890633	0.0162383	0.00462103	0.00692019	0.0081692	0.00307495	0.000632023	0.180587	0.030531	0.0433046	0.00189447	0.00409253
87	0.05704	0.0044548	0.00452051	0.00579123	0.299759	0.0162627	0.00656028	0.0776322	0.00483783	0.152334	0.0481811	0.00776093	0.00361189	0.00943393	0.00405678	0.0243245	0.0353655	0.0827207	0.0539146	0.101438
88	0.0715232	0.0033688	0.000633128	0.0016329	0.143081	0.0182044	0.00130225	0.194798	0.000926613	0.248794	0.0573155	0.00180922	0.00271397	0.00228711	0.000561021	0.0117301	0.0319505	0.168058	0.0109296	0.028381
89	0.0563404	0.00510071	0.000469494	0.000608932	0.0467595	0.023851	0.000646624	0.121043	0.000482778	0.46793	0.203406	0.00502919	0.000330825	0.000845187	0.000469555	0.00222119	0.0164324	0.0461121	0.000800338	0.00111984
90	0.071061	0.00493458	0.0380478	0.355879	0.0278207	0.0306297	0.0265082	0.0333874	0.0176979	0.0457336	0.0448208	0.036962	0.0126124	0.038649	0.0256453	0.037087	0.0679486	0.0432931	0.0117021	0.0295797
91	0.510477	0.00778108	0.00232266	0.000593811	0.00533118	0.130605	0.000674484	0.0235218	0.000418901	0.0168044	0.00419164	0.00666561	0.0115508	0.00184636	0.000367026	0.162651	0.0410648	0.0674018	0.00120502	0.00452609
92	0.098763	0.00375069	0.00116737	0.00199349	0.0103299	0.0248356	0.00151308	0.0972849	0.00126784	0.0438476	0.0250112	0.00863635	0.000963074	0.0144239	0.00126799	0.0253378	0.260043	0.373469	0.00282513	0.00326892
93	0.0472539	0.00131301	0.00120938	0.00111306	0.228671	0.0111925	0.00113491	0.137755	0.0016401	0.266106	0.0700933	0.00213991	0.00257501	0.00228235	0.00084422	0.00929202	0.0301177	0.118895	0.0115875	0.0547839
94	0.0114654	0.000905441	0.00122081	0.00142898	0.0339722	0.00487333	0.00135412	0.301436	0.000932476	0.480945	0.0534642	0.00242587	0.00137883	0.00193955	0.000887941	0.00414014	0.019041	0.0730131	0.00229564	0.0028795
95	0.469977	0.00580626	0.00262578	0.00149096	0.00822391	0.194035	0.00147505	0.0216678	0.00149988	0.0252129	0.00770761	0.00701687	0.0159841	0.00202718	0.00054538	0.126145	0.0369621	0.0571396	0.00164038	0.0128173
96	0.0466051	0.000427329	0.00025979	0.00225657	0.0294164	0.00592296	0.000359469	0.208944	0.000870741	0.25292	0.0461449	0.000667854	0.000518605	0.00548399	0.000253759	0.0037035	0.0273172	0.361498	0.00160751	0.00482228
97	0.0325969	0.0023661	0.00200538	0.00334465	0.33065	0.00632157	0.00142493	0.0860579	0.00282431	0.18831	0.0467345	0.00186896	0.00055145	0.00510861	0.000636568	0.00974532	0.0237782	0.0627375	0.073027	0.119911
98	0.0562985	0.00343268	0.000683568	0.00239243	0.0516528	0.0153268	0.00625612	0.296417	0.00173042	0.142982	0.0777868	0.00207947	0.000975565	0.00834536	0.00626277	0.0156449	0.0283158	0.229522	0.0251842	0.0287101
99	0.0404268	0.00432891	0.00297603	0.00192154	0.384306	0.00785995	0.00296134	0.0612314	0.00275112	0.135091	0.054378	0.00169062	0.000873669	0.00452315	0.000833885	0.012856	0.0244111	0.0772441	0.0248494	0.154486
100	0.170323	0.0028595	0.000586836	0.000633709	0.0106003	0.642686	0.00436641	0.00724351	0.000560059	0.0144796	0.0105841	0.0012509	0.00062863	0.00111959	0.000501089	0.0841013	0.0273204	0.00925589	0.00839925	0.00250032
101	0.0536455	0.0176916	0.00493355	0.0711135	0.0345124	0.00663308	0.0189949	0.0715325	0.0907975	0.143817	0.0440016	0.00532997	0.0018335	0.0136966	0.215366	0.00960744	0.0410103	0.0600306	0.0843574	0.0110945
102	0.0133127	0.00155469	0.254591	0.092021	0.00650926	0.181974	0.0454344	0.00721783	0.108783	0.0101358	0.00639671	0.155664	0.00139253	0.0172029	0.00863409	0.0285618	0.0304743	0.00930617	0.00289709	0.0179367
103	0.067189	0.000919947	0.00024234	0.00121682	0.0465826	0.00933984	0.00107925	0.210645	0.00270139	0.182886	0.0898429	0.000560792	0.000288643	0.00638425	0.00111768	0.0108247	0.0417829	0.305804	0.00874005	0.0118517
104	0.0360187	0.00136626	0.00724928	0.00731759	0.0169177	0.0451318	0.125537	0.0160259	0.22594	0.0224205	0.0316857	0.0288933	0.00115262	0.0496143	0.243874	0.0601067	0.0617136	0.00884797	0.00485817	0.00532932
105	0.195426	0.066642	0.00173278	0.00242276	0.0264994	0.0199604	0.00181232	0.0414547	0.0019535	0.39575	0.037041	0.0434714	0.00125154	0.00352533	0.00161907	0.00939803	0.0501404	0.0927736	0.00285203	0.0042732
106	0.279701	0.0289162	0.000675097	0.00108407	0.0896792	0.0425073	0.001315	0.091652	0.000988511	0.213874	0.0306733	0.00246572	0.000493729	0.0011411	0.000521884	0.052174	0.0456933	0.106041	0.00799812	0.0024058
107	0.202562	0.0954136	0.00184514	0.00246919	0.0247085	0.0100852	0.00193833	0.0369028	0.00154303	0.0669738	0.0213565	0.00434043	0.00284544	0.00283209	0.0017372	0.213255	0.189494	0.113253	0.00280154	0.00364365
108	0.132032	0.00531968	0.00429226	0.00118588	0.0213028	0.00396261	0.00322606	0.130346	0.00102913	0.187487	0.130553	0.00399407	0.000734866	0.00941725	0.000753859	0.036895	0.134294	0.183515	0.00447939	0.00518069
109	0.0810068	0.0458398	0.00279417	0.00328926	0.184246	0.00968492	0.00967561	0.0503324	0.00602828	0.0581822	0.0360946	0.0044428	0.00133273	0.00664193	0.00195798	0.0218041	0.049794	0.0784646	0.138541	0.209846
110	0.0569526	0.00534621	0.000474244	0.000584719	0.0463254	0.0237844	0.000643681	0.121312	0.000556803	0.467073	0.204381	0.00489043	0.000327939	0.000837928	0.000488281	0.00225104	0.0163042	0.0456053	0.000762474	0.00109831
111	0.203651	0.0146284	0.00208379	0.0020677	0.0353218	0.0318426	0.00238304	0.0894677	0.00109753	0.107784	0.0436431	0.00403975	0.00232464	0.00445386	0.000705805	0.0675269	0.154157	0.217384	0.00552307	0.0099148
112	0.466169	0.0215916	0.000684128	0.000724639	0.0522428	0.0395206	0.00527357	0.0259324	0.000642992	0.0937581	0.0356807	0.00101105	0.000557267	0.00089017	0.000541762	0.105797	0.0471093	0.0806144	0.0199273	0.00133069
113	0.0473475	0.000160906	0.000208068	0.000813433	0.139267	0.0142039	0.00125804	0.189491	0.000260468	0.356229	0.0649776	0.00219896	0.0053757	0.000292222	0.000176362	0.00536766	0.0202488	0.136303	0.0054358	0.0103849
114	0.169693	0.00261986	0.000458164	0.000586541	0.00924909	0.65665	0.00436268	0.00541273	0.000509147	0.0100524	0.00950329	0.00075071	0.000547788	0.000868483	0.000402908	0.0890276	0.0219794	0.00737454	0.00876679	0.00118418
115	0.315504	0.00920799	0.00319324	0.00174692	0.00814356	0.0940407	0.0014224	0.032012	0.00129964	0.0481667	0.00989774	0.0109068	0.0202588	0.00268338	0.00262231	0.169435	0.183697	0.0797061	0.00200903	0.00404607
116	0.108479	0.0116889	0.0100443	0.00110284	0.0187022	0.00297547	0.0128132	0.0785571	0.00102162	0.13986	0.110824	0.0253437	0.00051892	0.0235822	0.00124434	0.0711817	0.198825	0.148509	0.0168091	0.0179168
117	0.0475406	0.000163446	0.000207631	0.00080787	0.138824	0.0142104	0.00125739	0.189593	0.000269602	0.355773	0.0651898	0.00217338	0.00532943	0.000303305	0.000176502	0.00535101	0.0204018	0.136616	0.00544983	0.0103626
118	0.16938	0.0118305	0.0133728	0.00825833	0.0346931	0.0891941	0.0113319	0.0259715	0.00858984	0.0398219	0.0190466	0.0231904	0.0080327	0.0126049	0.00744449	0.350895	0.0983517	0.0385398	0.0116501	0.0178005
119	0.559966	0.00504488	0.00329077	0.000613671	0.0031707	0.145586	0.000569619	0.0151246	0.000445641	0.0137768	0.00524965	0.00750636	0.00800862	0.00297313	0.000390696	0.155561	0.0245506	0.0440471	0.000797546	0.00332688
120	0.0344228	0.00108533	0.0027761	0.000932035	0.436514	0.00552628	0.000761951	0.0508135	0.00249263	0.139143	0.0478596	0.000883187	0.000251446	0.00381021	0.000322823	0.0114319	0.0232543	0.0651763	0.0219119	0.150631
121	0.0400015	0.00323321	0.00276263	0.0029423	0.299396	0.00859046	0.00293584	0.0366965	0.00298311	0.0570914	0.0304241	0.0207874	0.00155231	0.00425039	0.00181417	0.00744908	0.011436	0.0348297	0.397341	0.033483
122	0.0683293	0.00519994	0.00104956	0.00360028	0.0546115	0.0197424	0.00219428	0.25139	0.00142214	0.179043	0.0499143	0.00309108	0.00238447	0.00643384	0.00178867	0.0154404	0.0399615	0.266279	0.0110331	0.0170917
123	0.0288796	0.00101412	0.000767335	0.00118644	0.0428164	0.00649432	0.00117997	0.273952	0.000959573	0.360583	0.0783516	0.00196899	0.000951892	0.00306188	0.00101361	0.00567317	0.0276154	0.153349	0.00403619	0.00614553
124	0.250412	0.0161968	0.000961085	0.0015311	0.0226822	0.0347496	0.000888967	0.0962749	0.00103236	0.0776019	0.024646	0.00338257	0.00334609	0.00191421	0.000701331	0.0795024	0.167979	0.208231	0.00365532	0.00431083
125	0.455264	0.00861422	0.00259565	0.00209247	0.0206092	0.0864521	0.00219637	0.0598837	0.00200614	0.0538356	0.0182336	0.00609006	0.00679289	0.00371561	0.00156639	0.0951333	0.0519524	0.112339	0.00480007	0.00582676
126	0.0758318	0.00445017	0.0200209	0.0211871	0.0295445	0.0387143	0.0290908	0.0313645	0.0146996	0.0321139	0.0184976	0.222968	0.00765726	0.0593935	0.0151575	0.232459	0.0777974	0.0412842	0.010302	0.0174661
127	0.579205	0.00391093	0.00371151	0.000625707	0.00274745	0.147281	0.000496937	0.0137287	0.000538409	0.0136325	0.0038764	0.00782638	0.00662669	0.00461687	0.000438047	0.151343	0.0206161	0.0351398	0.000703374	0.00293568
128	0.0284089	0.00248274	0.00226803	0.00222511	0.346706	0.0075319	0.00267907	0.0174726	0.00237313	0.0255018	0.0174594	0.0129399	0.00139384	0.00357041	0.00172025	0.00697113	0.00909972	0.0212587	0.455204	0.0327338
129	0.0567677	0.00313663	0.00209187	0.00434279	0.0656943	0.0150725	0.00251383	0.139157	0.00220959	0.314011	0.163348	0.00351476	0.00200478	0.0136695	0.00249014	0.0138806	0.0358629	0.142313	0.00768289	0.0102371
130	0.025793	0.00244515	0.0200102	0.062893	0.0126957	0.0203428	0.137885	0.010719	0.0222955	0.0187906	0.00954978	0.0699842	0.00157193	0.419912	0.0249929	0.0449789	0.0137089	0.0490195	0.00456524	0.0278459
131	0.074111	0.00153506	0.0393512	0.033605	0.0109773	0.00606098	0.26191	0.0223538	0.0223433	0.011662	0.00676016	0.268754	0.00149081	0.0329111	0.0367054	0.0577042	0.0306833	0.0267488	0.0175177	0.0368151
132	0.0785802	0.00232731	0.0343788	0.0401623	0.0135115	0.0741996	0.0231905	0.0155356	0.0349825	0.0405619	0.0145393	0.0228482	0.426651	0.0261506	0.00909903	0.0741506	0.0188521	0.0274997	0.00603224	0.0167471
133	0.0539937	0.00482152	0.00667755	0.0086804	0.0207808	0.0183328	0.00801844	0.0800895	0.00538344	0.038187	0.0228123	0.011251	0.00389278	0.0116118	0.0496797	0.0843992	0.242952	0.217803	0.059344	0.0512886
134	0.355968	0.00631019	0.00177711	0.00163347	0.0155905	0.308169	0.00249656	0.0263945	0.00125778	0.0380305	0.0135219	0.00489387	0.00640214	0.00190206	0.000415674	0.1025	0.0386339	0.0625904	0.00486549	0.00664646
135	0.0958774	0.0339191	0.00215433	0.00291336	0.225608	0.00585824	0.0140479	0.0416484	0.0019544	0.0389473	0.0512268	0.00318577	0.000989203	0.00299945	0.0015224	0.030878	0.0481511	0.0872183	0.0237253	0.287175
136	0.0448322	0.000419064	0.000368577	0.0026332	0.0189579	0.00525232	0.000520796	0.206449	0.000895169	0.247471	0.0405021	0.000590992	0.000216915	0.00649449	0.000329864	0.00306348	0.0276588	0.388167	0.00101855	0.00415946
137	0.0471987	0.000231756	0.000204799	0.000845404	0.137187	0.0139443	0.00124198	0.194015	0.000286066	0.350648	0.0649194	0.00229093	0.00515034	0.00031178	0.000184157	0.00535588	0.0202692	0.139047	0.00577657	0.0108913
138	0.0559698	0.00148023	0.0019156	0.0328043	0.144991	0.036336	0.0027163	0.0107265	0.0420467	0.115351	0.0384775	0.0361661	0.00150243	0.077646	0.0169903	0.107208	0.244069	0.0262156	0.00326081	0.00412746
139	0.0298046	0.00413295	0.0109005	0.0181611	0.020835	0.0160231	0.0113311	0.0220057	0.00615643	0.024601	0.0181532	0.291034	0.00410654	0.15254	0.00507945	0.280847	0.0358878	0.0316022	0.00756938	0.00922929
140	0.05382	0.000965074	0.0409213	0.0475974	0.0041708	0.077509	0.0279099	0.00417706	0.0432535	0.0244403	0.00444032	0.0249817	0.49946	0.028292	0.00994977	0.069251	0.00590121	0.0145779	0.00165972	0.0167218
141	0.0343594	0.00125608	0.00274569	0.0008626	0.433813	0.00512486	0.000810625	0.0521369	0.0025432	0.135828	0.0454166	0.000935455	0.000260211	0.0041201	0.000363589	0.0119971	0.0237917	0.0661056	0.0216165	0.155912
142	0.118973	0.000987356	0.000755307	0.00107316	0.153722	0.0645303	0.000879944	0.0400788	0.000801613	0.18739	0.0280512	0.00283642	0.0302963	0.0112	0.00058837	0.132225	0.143977	0.0686987	0.0113436	0.00159256
143	0.0755435	0.00469794	0.02182	0.0473954	0.0394819	0.0312269	0.180503	0.0315332	0.0486419	0.0477563	0.0257307	0.0698488	0.0145253	0.0704966	0.0506684	0.0458001	0.0483881	0.0514708	0.0242119	0.0702589
144	0.0897054	0.00179754	0.00166307	0.00219105	0.00673237	0.0235214	0.00184741	0.0797251	0.00132697	0.0216568	0.0237009	0.0132512	0.00104495	0.023571	0.00191235	0.0239677	0.277885	0.397597	0.00307857	0.00382435
145	0.0450066	0.000483328	0.000285386	0.00258546	0.0198902	0.00547433	0.000304574	0.210624	0.000899665	0.241369	0.040665	0.000499722	0.000230759	0.00619043	0.000275379	0.00308688	0.0277521	0.38857	0.00122853	0.00457828
146	0.120268	0.0010232	0.000747144	0.00109178	0.153283	0.0644689	0.000880358	0.0403205	0.000826093	0.18644	0.0281764	0.00287379	0.0292578	0.0108471	0.00059106	0.132212	0.14594	0.0679028	0.0112431	0.00160643
147	0.576074	0.00409562	0.00361745	0.000476275	0.00245034	0.152832	0.00046659	0.0133229	0.000421699	0.0128569	0.00355399	0.00875995	0.00728481	0.00333887	0.000328072	0.148265	0.0211452	0.0370697	0.000676835	0.00296386
148	0.506784	0.010042	0.00230081	0.000534321	0.00516277	0.131112	0.000409194	0.0199477	0.000338482	0.0131113	0.00332844	0.00643598	0.0114363	0.00185073	0.000291587	0.182574	0.0407485	0.0577119	0.000959065	0.00492136
149	0.0170152	0.00073449	0.00115525	0.00818427	0.220723	0.00541058	0.00109355	0.160961	0.00117352	0.315257	0.0331978	0.00169301	0.000573624	0.00593668	0.00061308	0.00257056	0.00539398	0.0553588	0.0840671	0.0788877
150	0.112204	0.00854618	0.00627749	0.00068478	0.0146873	0.00206173	0.00499905	0.116348	0.000583837	0.1686	0.118811	0.00645945	0.000760384	0.0134403	0.00060201	0.0481415	0.174639	0.191071	0.00489875	0.0061845
151	0.145292	0.0160345	0.00264145	0.00103709	0.0274296	0.0195554	0.00250375	0.103041	0.00072734	0.117969	0.0567159	0.00350072	0.000552128	0.00564619	0.000722135	0.0575922	0.183797	0.244917	0.0041685	0.0061565
152	0.169693	0.00261986	0.000458164	0.000586541	0.00924909	0.65665	0.00436268	0.00541273	0.000509147	0.0100524	0.00950329	0.00075071	0.000547788	0.000868483	0.000402908	0.0890276	0.0219794	0.00737454	0.00876679	0.00118418
153	0.17078	0.00263117	0.000456515	0.000596642	0.0091629	0.654877	0.00433965	0.00556853	0.000505323	0.0100718	0.00954549	0.000767907	0.000560063	0.000881241	0.000400515	0.0894266	0.0219611	0.00743129	0.008826	0.00121016
154	0.191642	0.0131177	0.000592635	0.00178465	0.096377	0.0732802	0.000746437	0.0988843	0.00142487	0.138414	0.0494687	0.00112483	0.00264682	0.0018487	0.000580427	0.0577227	0.0711814	0.187676	0.00669494	0.00479134
155	0.0478613	0.000195393	0.000214221	0.000801159	0.137574	0.0142969	0.0012415	0.189504	0.000261332	0.35521	0.0657991	0.00218093	0.00526328	0.0003267	0.000170499	0.0053937	0.020707	0.137336	0.00546923	0.0101944
156	0.0517531	0.00132836	0.000261743	0.00188043	0.0201339	0.00694079	0.000346585	0.214151	0.00100669	0.201091	0.0464278	0.000490072	0.000586675	0.00552046	0.000229843	0.00511634	0.0315994	0.405704	0.00133829	0.00409272
157	0.202333	0.00475709	0.0018501	0.00207889	0.029189	0.00753212	0.00188758	0.121439	0.00158502	0.22282	0.127195	0.0027115	0.000905353	0.00492251	0.000796085	0.0262507	0.0903251	0.143869	0.00384564	0.00370717
158	0.573124	0.00432884	0.00361323	0.000441103	0.00270746	0.154489	0.00040291	0.0155699	0.000369444	0.0142627	0.0032123	0.00702104	0.00819847	0.0027086	0.000318083	0.140229	0.024559	0.0406223	0.000594627	0.00322755
159	0.064433	0.0117088	0.000877451	0.00180227	0.0101796	0.0247085	0.00133054	0.249455	0.00106011	0.0624072	0.052767	0.00150039	0.0042047	0.00250847	0.00097403	0.0121227	0.0232739	0.465755	0.0030449	0.00588679
160	0.109902	0.0203808	0.00931368	0.00107284	0.0251119	0.086977	0.000898248	0.0134417	0.00327312	0.0219889	0.0071635	0.00397344	0.00318375	0.00127788	0.000759682	0.557437	0.0987337	0.0106384	0.0118417	0.0126308
161	0.466258	0.0216071	0.000684255	0.000727314	0.0523104	0.0394864	0.00526743	0.0260391	0.000633425	0.0938467	0.0356502	0.00101214	0.00055721	0.000890145	0.000536668	0.105687	0.0470183	0.0805542	0.0199052	0.00132934
162	0.0248032	0.00190655	0.0284158	0.0725895	0.0119174	0.0236313	0.118356	0.00939833	0.0283073	0.0170461	0.0104163	0.0684302	0.00222116	0.411681	0.0208747	0.0566777	0.01543	0.0467048	0.00488751	0.0263048
163	0.0636006	0.00137705	0.0392791	0.0420325	0.00951498	0.0780401	0.0268802	0.00718357	0.0475453	0.026509	0.00844748	0.0256911	0.457196	0.0273801	0.011487	0.0723483	0.0112032	0.017608	0.00344877	0.0232275
164	0.150611	0.00196523	0.00230431	0.0813145	0.0259992	0.0710163	0.00278062	0.0513116	0.00506637	0.164033	0.137832	0.00307264	0.00168042	0.00347564	0.00210298	0.0084393	0.204074	0.0753925	0.00315415	0.00437369
165	0.0512916	0.00497796	0.0362352	0.0309642	0.0318725	0.0524107	0.0555057	0.0298623	0.199246	0.0517188	0.0402884	0.035882	0.0224278	0.0500533	0.129079	0.048765	0.0547523	0.0327235	0.0139698	0.0279739
166	0.0283502	0.000458559	0.000889009	0.00677405	0.20103	0.0112834	0.00121129	0.162307	0.000845974	0.334716	0.0469458	0.00187566	0.00254967	0.00385303	0.000383608	0.0039101	0.010895	0.0861673	0.0463708	0.0491833
167	0.442418	0.00875641	0.00335973	0.000994837	0.0111505	0.108764	0.00108039	0.0313586	0.000811755	0.0450349	0.0106865	0.00973081	0.0108714	0.0024212	0.00048922	0.164686	0.0824911	0.0584372	0.0024359	0.0040215
168	0.517661	0.0056432	0.00437641	0.00079284	0.00677233	0.133736	0.000832143	0.01591	0.00104411	0.0215762	0.00539503	0.0076395	0.00757465	0.00332983	0.000571629	0.187733	0.0334739	0.0394908	0.00257769	0.00386954
169	0.208037	0.00275372	0.00344653	0.0076214	0.0940851	0.0380667	0.00383401	0.0680312	0.00390431	0.0849341	0.309915	0.00500309	0.00190345	0.00520247	0.00299888	0.0683877	0.0546424	0.0241569	0.00561598	0.00746058
170	0.0452301	0.00292443	0.097473	0.355032	0.0156337	0.0275828	0.0107861	0.024687	0.00712831	0.0282266	0.0620458	0.0239276	0.00645595	0.0368155	0.0087863	0.0711101	0.0836868	0.0680368	0.0112317	0.0131992
171	0.578847	0.00359399	0.00475816	0.000564186	0.00243062	0.159993	0.000510739	0.0137947	0.000457856	0.0149286	0.00363569	0.00771667	0.00686171	0.00334789	0.000434919	0.139072	0.020591	0.0347768	0.000766639	0.0029186
172	0.0914624	0.00176543	0.0163847	0.0176219	0.00695506	0.00531035	0.0313556	0.151415	0.00188699	0.411283	0.0232015	0.019599	0.00144376	0.0344551	0.0162245	0.0074605	0.0247292	0.130039	0.00365931	0.00374771
173	0.112083	0.00100555	0.0417962	0.0319791	0.00446281	0.115791	0.0151181	0.00426712	0.0321364	0.0164937	0.00479753	0.027618	0.428697	0.0227393	0.00580205	0.0993859	0.0085822	0.0099117	0.00186242	0.0154712
174	0.0174198	0.00067838	0.00121878	0.00872995	0.23299	0.00565373	0.00105192	0.15422	0.00127112	0.306032	0.034492	0.00186173	0.000589307	0.00644541	0.000610735	0.0029427	0.00623479	0.055584	0.0826784	0.0792956
175	0.0848775	0.00184924	0.0320294	0.0177314	0.0288373	0.00607617	0.0309648	0.0106274	0.00204858	0.0247564	0.0208536	0.0397058	0.0014355	0.00408107	0.0185512	0.37287	0.21267	0.0494578	0.00314229	0.0374343
176	0.0473171	0.000160907	0.000208069	0.000809781	0.13908	0.0142123	0.00125856	0.189496	0.000260468	0.356392	0.0650287	0.00218178	0.0053789	0.000292267	0.000176362	0.00536467	0.0202377	0.136329	0.00543498	0.010381
177	0.0481609	0.00164574	0.000256746	0.00159186	0.125413	0.0147761	0.00150666	0.243468	0.000466014	0.278406	0.0569071	0.00367763	0.00357854	0.000908538	0.000612436	0.00587981	0.0211156	0.160611	0.0115049	0.0195141
178	0.0746784	0.00162194	0.0665491	0.00256943	0.0525116	0.150269	0.049898	0.00687903	0.0900332	0.010427	0.00637267	0.0618991	0.0471912	0.00293681	0.0337391	0.0815609	0.00868042	0.0096028	0.0189417	0.223639
179	0.0579629	0.00515312	0.000480019	0.000627378	0.0462964	0.024514	0.000671257	0.120549	0.000504932	0.465424	0.205221	0.00482844	0.000343298	0.000872329	0.000507022	0.00220189	0.0160958	0.0458181	0.000794192	0.0011341
180	0.14514	0.00194006	0.00225804	0.0828992	0.027653	0.0761117	0.00254312	0.0514617	0.00525075	0.172036	0.127988	0.0031532	0.00162526	0.0035093	0.00202549	0.00766571	0.199236	0.0799396	0.00336363	0.00420071
181	0.118622	0.00792776	0.0228888	0.00240643	0.0158396	0.105961	0.00179691	0.0111244	0.0120856	0.0219423	0.00799566	0.0142007	0.0273194	0.00371911	0.00134068	0.492804	0.105681	0.0101153	0.00720701	0.0090236
182	0.0170152	0.00073449	0.00115525	0.00818427	0.220723	0.00541058	0.00109355	0.160961	0.00117352	0.315257	0.0331978	0.00169301	0.000573624	0.00593668	0.00061308	0.00257056	0.00539398	0.0553588	0.0840671	0.0788877
183	0.043231	0.00229128	0.000358357	0.000611482	0.0860423	0.015865	0.000796949	0.167365	0.000409099	0.414437	0.137588	0.00384049	0.00218214	0.000698348	0.000369945	0.00421805	0.0186778	0.0928916	0.00292004	0.00520588
184	0.504818	0.00762694	0.0024147	0.000506911	0.00351521	0.135798	0.000412903	0.0221422	0.000341498	0.0151814	0.00317627	0.0074879	0.0123522	0.00155959	0.000295036	0.167259	0.0446687	0.064715	0.00060475	0.00512406
185	0.037861	0.00145853	0.0209692	0.0577947	0.0914791	0.00698474	0.140957	0.00860787	0.0437963	0.0152307	0.00752555	0.0772494	0.0013005	0.0781869	0.00420448	0.0088991	0.0716041	0.0218803	0.0035293	0.300481
186	0.115722	0.00907726	0.0128145	0.00101385	0.0172824	0.0026615	0.0113027	0.0823029	0.000743117	0.14678	0.104556	0.0167171	0.000494572	0.0201235	0.0010491	0.0704088	0.196608	0.168048	0.0104611	0.0118349
187	0.0323688	0.00494987	0.00788312	0.0360344	0.261044	0.0110099	0.0398347	0.0164167	0.015335	0.0251992	0.014268	0.0445341	0.00178868	0.0201747	0.00249285	0.0121394	0.0572306	0.0260857	0.00802484	0.363185
188	0.0553249	0.00753203	0.00258973	0.00301139	0.0749866	0.015562	0.0190601	0.0270031	0.0181365	0.0628079	0.0232895	0.0038425	0.00100049	0.0178392	0.00158897	0.00744075	0.0276867	0.0598218	0.32545	0.246026
189	0.109958	0.0132232	0.0110994	0.00101135	0.0227001	0.0868661	0.000811674	0.0119175	0.00401376	0.0218493	0.00771391	0.00474372	0.00408278	0.00124579	0.000551602	0.552745	0.115313	0.00854823	0.0103353	0.0112704
190	0.0417095	0.00258401	0.00309569	0.00319381	0.382739	0.0175142	0.00343787	0.0487982	0.00328833	0.134625	0.0681711	0.0033809	0.00121012	0.00501375	0.00113456	0.0130318	0.0271042	0.0635686	0.0216609	0.154739
