252	20
1	0.147614	0.250613	0.0085619	0.0421932	0.0493324	0.121442	0.0157921	0.017721	0.0511378	0.0206175	0.0135249	0.0211901	0.00974732	0.0161569	0.0162903	0.0898091	0.0234074	0.0251045	0.00659503	0.0531494
2	0.0110294	0.00384633	0.000780608	0.000939033	0.335716	0.00184253	0.0136542	0.0840055	0.00625616	0.35515	0.0331528	0.0010956	0.00914847	0.0111026	0.00539372	0.00364807	0.00730049	0.0640798	0.0170623	0.0347966
3	0.0267503	0.0235651	0.00339607	0.00457624	0.0366966	0.0215354	0.0286549	0.0108062	0.0223325	0.0165278	0.020293	0.0214754	0.00414486	0.0294416	0.0119954	0.428776	0.210387	0.0290979	0.00261877	0.0469288
4	0.0212427	0.00266297	0.000596425	0.000761287	0.0155804	0.00372208	0.00251154	0.412925	0.00270014	0.138513	0.0163867	0.00172594	0.00554795	0.00159351	0.00399198	0.00267537	0.00324561	0.358696	0.00148551	0.00343593
5	0.0644112	0.01777	0.0024677	0.00818806	0.0161605	0.0132758	0.00116601	0.275671	0.0089012	0.0923362	0.048237	0.0060166	0.00558144	0.00682951	0.0056892	0.0268584	0.0628236	0.322194	0.000356602	0.0150653
6	0.0178674	0.0107446	0.00265833	0.00278457	0.377912	0.0103808	0.0521774	0.0540898	0.0065907	0.14168	0.0268946	0.00467935	0.00713491	0.0154698	0.0104774	0.0318855	0.01042	0.0501318	0.0166336	0.149388
7	0.0317286	0.0060914	0.0815929	0.0904399	0.0099813	0.0281696	0.0398377	0.0175336	0.163018	0.026153	0.0127119	0.0637162	0.00331677	0.115515	0.15088	0.0714868	0.0551344	0.014399	0.00158722	0.0167066
8	0.0469342	0.00104342	0.223222	0.16216	0.00593396	0.125396	0.0233052	0.00236046	0.0418599	0.00375758	0.00315771	0.130318	0.0125356	0.0588024	0.0340362	0.0809743	0.0338715	0.00811358	0.000479726	0.00173869
9	0.0303743	0.00618814	0.040876	0.0649715	0.0048727	0.0162159	0.0264406	0.0218484	0.213288	0.0336101	0.0144323	0.046505	0.00111436	0.140017	0.181501	0.061922	0.0638437	0.015791	0.000799751	0.0153886
10	0.0388571	0.010212	0.0332745	0.0625098	0.00595185	0.0134045	0.0228869	0.0189167	0.220854	0.0323163	0.0162639	0.0433134	0.00272199	0.153351	0.172785	0.057446	0.0594527	0.0211271	0.000815113	0.0135399
11	0.46091	0.049435	0.0101963	0.00390098	0.02674	0.0635711	0.014045	0.0184114	0.00629828	0.0260642	0.0141947	0.0286342	0.00563836	0.00816701	0.00445416	0.119242	0.0450238	0.0630187	0.00509174	0.0269635
12	0.0265153	0.0142046	0.350475	0.0649845	0.0128306	0.0351983	0.0236	0.00844594	0.0370411	0.0113781	0.00594164	0.184787	0.0112603	0.0430008	0.0241086	0.099763	0.025007	0.0127349	0.00152726	0.00719582
13	0.0246287	0.00598238	0.0427143	0.0716235	0.00479106	0.0174302	0.0194705	0.0308002	0.248269	0.0397211	0.0117418	0.0404754	0.00150671	0.11342	0.168258	0.0504034	0.0690685	0.0264231	0.000954684	0.0123175
14	0.0092994	0.0073257	0.461406	0.043371	0.0199272	0.0162288	0.011081	0.00404657	0.0394761	0.00490508	0.00325139	0.187845	0.014547	0.048301	0.0139185	0.0860851	0.0101376	0.0136227	0.00139545	0.00382919
15	0.022636	0.0217707	0.00324119	0.0195107	0.00472583	0.207618	0.0578921	0.0195885	0.133044	0.0374403	0.035979	0.0859073	0.00309382	0.0997727	0.200773	0.0102547	0.00744459	0.0215782	0.00244894	0.00528095
16	0.0559562	0.0238006	0.106073	0.0335948	0.00171554	0.0374682	0.012313	0.00572596	0.0458334	0.035047	0.0127977	0.15539	0.0224025	0.0125915	0.0192028	0.271008	0.11913	0.0202667	0.000797267	0.00888613
17	0.0451519	0.00112212	0.222576	0.157199	0.00554144	0.129903	0.0233134	0.00224976	0.0420748	0.00442089	0.00368739	0.13591	0.0119373	0.056778	0.0332467	0.0803249	0.0344869	0.0080972	0.000473615	0.0015059
18	0.0296778	0.0103678	0.036706	0.0551284	0.0101306	0.0149411	0.0205646	0.0167807	0.228831	0.0388313	0.0282677	0.0573058	0.00143216	0.113791	0.186628	0.0628563	0.0532157	0.0140926	0.00216542	0.0182856
19	0.00488661	0.00443336	0.000523906	0.000654927	0.0337708	0.00328789	0.00484279	0.170188	0.00110614	0.57452	0.0835943	0.000792936	0.00106604	0.00702689	0.00279751	0.00247348	0.00537046	0.0804341	0.00287807	0.0153514
20	0.0366531	0.0306905	0.129568	0.0264859	0.00234182	0.0221907	0.0203167	0.00347744	0.0238264	0.0134364	0.00535658	0.180251	0.0240242	0.00747455	0.0119753	0.324001	0.119662	0.0109051	0.000978039	0.00638499
21	0.0138692	0.00186847	0.000935382	0.00100137	0.448803	0.00132407	0.0110851	0.054447	0.00525242	0.252924	0.0280514	0.00128767	0.0142297	0.0123464	0.00476316	0.00380034	0.00472432	0.0745754	0.0200841	0.0446275
22	0.0468967	0.00190895	0.224442	0.186443	0.0051177	0.0686901	0.0231206	0.00379107	0.0553892	0.00290783	0.002443	0.119925	0.0149232	0.0674033	0.0447613	0.0843465	0.0385523	0.0063629	0.000502292	0.00207367
23	0.030689	0.00684695	0.050488	0.080767	0.00511045	0.0196934	0.0243391	0.0193852	0.207173	0.030575	0.0136999	0.0489598	0.00320297	0.130098	0.171864	0.0642954	0.0631945	0.0148278	0.000656184	0.0141339
24	0.0635435	0.027729	0.00249898	0.00633806	0.0179685	0.0118125	0.0012168	0.267623	0.00694108	0.0947577	0.047633	0.00549589	0.00690387	0.00519732	0.00436401	0.0252908	0.0675296	0.325022	0.000396134	0.0117381
25	0.0109866	0.00396184	0.00101032	0.00116835	0.0272064	0.00131591	0.00168571	0.130123	0.00222677	0.442149	0.267161	0.00160295	0.000861836	0.00191536	0.0102105	0.00800339	0.00856664	0.071176	0.00194841	0.00672008
26	0.00778827	0.0622769	0.0116995	0.0369203	0.0274017	0.00540431	0.149086	0.0068173	0.0145685	0.0248844	0.00650054	0.364593	0.0037677	0.0861834	0.025759	0.021489	0.0183577	0.0187507	0.00385517	0.103897
27	0.0211353	0.00488394	0.000759664	0.000980599	0.020276	0.00688726	0.00224543	0.352116	0.00433607	0.0878405	0.0335349	0.00295366	0.00752597	0.001267	0.00241645	0.00393766	0.00850766	0.433531	0.00140583	0.00345885
28	0.0468967	0.00190895	0.224442	0.186443	0.0051177	0.0686901	0.0231206	0.00379107	0.0553892	0.00290783	0.002443	0.119925	0.0149232	0.0674033	0.0447613	0.0843465	0.0385523	0.0063629	0.000502292	0.00207367
29	0.0650138	0.018474	0.00257098	0.007366	0.0177006	0.0120982	0.00121885	0.272612	0.00762464	0.0972301	0.0537516	0.00567478	0.00580825	0.00660288	0.00524461	0.02603	0.0642334	0.316274	0.000359339	0.0141117
30	0.0210214	0.0212241	0.215947	0.0466135	0.00522514	0.0130898	0.0203694	0.00363432	0.0299296	0.0073047	0.00381474	0.222087	0.0312058	0.0149949	0.00925858	0.244211	0.0755735	0.0087309	0.00101839	0.00474648
31	0.0421798	0.0010384	0.271823	0.155603	0.00607875	0.0796072	0.0222802	0.00235489	0.0437877	0.00276762	0.00242605	0.142549	0.0122836	0.0578021	0.0349987	0.0805394	0.0309331	0.0086694	0.000461668	0.00181568
32	0.0117173	0.00377048	0.000848261	0.00102994	0.381947	0.00150837	0.0096569	0.0656007	0.00768797	0.333799	0.0392424	0.00123088	0.00952223	0.00964106	0.00549503	0.00330046	0.00487133	0.0572809	0.0151162	0.0367332
33	0.0756181	0.0336142	0.0163896	0.025245	0.0326342	0.00546303	0.005574	0.0709005	0.0579988	0.218313	0.0492038	0.0052448	0.0170668	0.095729	0.0671585	0.0256661	0.0543974	0.135423	0.00394687	0.00441299
34	0.0330025	0.00725096	0.0614692	0.090681	0.00502534	0.01876	0.0256041	0.0187789	0.19642	0.0270316	0.0127945	0.0519656	0.00371804	0.128794	0.163914	0.0647042	0.0632417	0.0133788	0.000662767	0.0128031
35	0.015255	0.00707551	0.0026315	0.00331978	0.344551	0.00468678	0.0157671	0.0983197	0.00896401	0.242508	0.0326251	0.00424212	0.0103084	0.013244	0.00956854	0.0141911	0.0113348	0.0863597	0.0175919	0.0574563
36	0.0053946	0.0117245	0.000852449	0.0010717	0.121819	0.00269531	0.00692049	0.116097	0.00736509	0.564962	0.0737432	0.00120262	0.00169463	0.00574089	0.00577448	0.00241343	0.00737655	0.0406276	0.00510353	0.0174214
37	0.0310652	0.00604192	0.0394768	0.064196	0.00466946	0.0157663	0.0256703	0.0219619	0.21415	0.0342306	0.014666	0.0461678	0.00117561	0.14193	0.18133	0.0602851	0.0641906	0.0166507	0.000782656	0.0155927
38	0.010881	0.00394183	0.00100476	0.00116706	0.027283	0.00132029	0.00169577	0.130068	0.00223597	0.443049	0.26636	0.00160365	0.00086385	0.00194379	0.010205	0.00795741	0.00852382	0.0711111	0.00195337	0.00683147
39	0.0429829	0.0201401	0.00175788	0.00411212	0.0195517	0.0534999	0.0157467	0.0139304	0.00896787	0.0163451	0.0348844	0.0340544	0.00449023	0.00797619	0.00382192	0.43804	0.251541	0.00984944	0.00279791	0.0155101
40	0.0347992	0.00394276	0.00907372	0.0102866	0.0784876	0.010133	0.00546127	0.0838074	0.0590554	0.235173	0.0484378	0.00241351	0.0694571	0.0614384	0.0740915	0.0186905	0.0482891	0.122236	0.012868	0.0118584
41	0.0653505	0.00528567	0.178406	0.177806	0.0263072	0.0156676	0.0240719	0.0479402	0.00699102	0.0349474	0.0244587	0.0944438	0.00428594	0.0531832	0.0592906	0.0789984	0.0374089	0.0161342	0.00621729	0.0428054
42	0.0574449	0.0017191	0.196877	0.149401	0.00607142	0.149574	0.0248635	0.00495085	0.038657	0.00746777	0.00561815	0.120538	0.0100406	0.0644732	0.0397434	0.0721009	0.0347976	0.0111134	0.00109102	0.00345789
43	0.014536	0.00693077	0.00206082	0.00291259	0.307689	0.00269857	0.0119785	0.0698459	0.0223621	0.360491	0.0616143	0.00226894	0.0101598	0.0117161	0.0147918	0.00691779	0.0112865	0.0409612	0.012643	0.026136
44	0.0314692	0.0148207	0.0110036	0.024961	0.0427643	0.00548473	0.0236915	0.0895223	0.0233661	0.16629	0.0704039	0.00819967	0.0118749	0.109894	0.0692842	0.0369737	0.118689	0.128771	0.00513548	0.00739982
45	0.0588427	0.0110845	0.0273805	0.0347659	0.00764144	0.0143375	0.0277632	0.053334	0.0893835	0.0794561	0.0473115	0.0892482	0.0068971	0.0417472	0.129312	0.150513	0.0757287	0.0132142	0.0147621	0.0272767
46	0.0401081	0.00391095	0.292755	0.283563	0.0457288	0.00428005	0.049088	0.00510976	0.0299654	0.0544863	0.00449707	0.0180685	0.0142212	0.056822	0.00663024	0.0104423	0.0185928	0.0215998	0.0227446	0.0173857
47	0.14466	0.148285	0.007085	0.00698246	0.0349974	0.0788479	0.0336104	0.0370411	0.00793697	0.0162981	0.0385288	0.0881617	0.00967947	0.0322633	0.00826173	0.175818	0.0761159	0.0350365	0.00825904	0.0121313
48	0.0599717	0.0262595	0.0958702	0.0393173	0.00135734	0.0398338	0.0100266	0.00666803	0.0446794	0.0431916	0.0166925	0.152569	0.0228969	0.0160163	0.0202909	0.257111	0.11472	0.0206023	0.000703732	0.0112218
49	0.0266576	0.00233085	0.000596384	0.000775311	0.0119039	0.00235059	0.00220059	0.39473	0.00189984	0.175601	0.013908	0.00154109	0.00601165	0.00187006	0.00299556	0.00177578	0.00196742	0.347511	0.000931214	0.00244206
50	0.0144616	0.00183013	0.000892921	0.000971376	0.453724	0.00132967	0.0120163	0.0548593	0.00518818	0.247732	0.0290186	0.0012317	0.0130985	0.0124464	0.00486161	0.00401425	0.00476901	0.0719175	0.0204078	0.0452286
51	0.00945854	0.00967047	0.450357	0.0391109	0.0165943	0.0170843	0.0129547	0.00442064	0.0491372	0.00494214	0.00299384	0.189235	0.0120659	0.0475416	0.0162149	0.0921261	0.00973023	0.0115807	0.00123503	0.0035464
52	0.00753314	0.0043126	0.00351175	0.00410522	0.0365075	0.0044062	0.0805757	0.00541948	0.0664538	0.0644999	0.00460314	0.00573328	0.002959	0.455227	0.180076	0.00897398	0.00658017	0.00683437	0.0019421	0.0497453
53	0.0753382	0.00810541	0.0142796	0.00507643	0.0130867	0.0117601	0.00757976	0.00473293	0.0225692	0.00705722	0.00404525	0.0118552	0.590169	0.0157686	0.0192464	0.126323	0.0411643	0.00783669	0.00857799	0.00542743
54	0.00223287	0.00509805	0.000360971	0.000520076	0.0399914	0.0038868	0.00582499	0.162598	0.000876882	0.640346	0.0310756	0.000614516	0.000878967	0.00879408	0.000762981	0.00102199	0.00509561	0.0680568	0.00327174	0.0186916
55	0.0828884	0.13008	0.00255867	0.00221698	0.00753988	0.027853	0.010054	0.0163731	0.0105127	0.00735189	0.00348333	0.0669281	0.0154652	0.00901733	0.00788985	0.46392	0.105221	0.0199556	0.00671729	0.00397374
56	0.0047148	0.00838665	0.0598039	0.0402203	0.0393012	0.00463085	0.390066	0.00299679	0.0702099	0.00421779	0.00291468	0.0869321	0.00191073	0.0579814	0.022243	0.0636382	0.00408802	0.0126167	0.00119397	0.121933
57	0.0131362	0.0199742	0.00337479	0.00254628	0.215308	0.00442221	0.0223488	0.0183404	0.0110839	0.0401273	0.025655	0.010915	0.00586061	0.0158214	0.0152336	0.0260909	0.00759083	0.00829765	0.00760521	0.526268
58	0.010473	0.0204568	0.00115661	0.00113436	0.25331	0.00152938	0.0136735	0.0139095	0.0058315	0.0289365	0.0244113	0.00633363	0.00520936	0.0117726	0.0114418	0.0199269	0.00220967	0.0030608	0.00989057	0.555332
59	0.0320079	0.00819062	0.00131565	0.0027536	0.017636	0.00664489	0.00203811	0.329566	0.00508164	0.134723	0.0492787	0.00312164	0.00625331	0.00298723	0.00395499	0.00992699	0.0220681	0.354759	0.00110503	0.00658644
60	0.0456827	0.0474433	0.160129	0.0172532	0.00380855	0.0245062	0.0384703	0.00795017	0.0237172	0.0146684	0.00624016	0.238741	0.0142715	0.0127605	0.0106974	0.248475	0.0660698	0.0102456	0.00134704	0.00752301
61	0.0663729	0.0372999	0.00637534	0.00588602	0.0147135	0.0441043	0.0126907	0.0134656	0.0135771	0.0185856	0.021751	0.0418978	0.00907252	0.0104982	0.00680369	0.445143	0.196248	0.0180226	0.00375347	0.0137388
62	0.160984	0.0598456	0.0212752	0.0127863	0.0132866	0.057597	0.0134801	0.0191193	0.0177005	0.0205779	0.0131071	0.0479246	0.0232287	0.0144472	0.011483	0.353734	0.0889798	0.0326724	0.00680601	0.0109642
63	0.0240978	0.0213512	0.0365106	0.0301757	0.039583	0.0231122	0.3284	0.0157392	0.0497868	0.0213823	0.0141591	0.0709675	0.011899	0.0559604	0.0526378	0.0583088	0.0233813	0.0238994	0.00722416	0.0914238
64	0.0331652	0.0268881	0.0673942	0.047653	0.0155177	0.0388622	0.0587237	0.0178679	0.0610335	0.0322139	0.0182105	0.231048	0.0111297	0.0543367	0.098205	0.0722669	0.0434844	0.0225715	0.00555681	0.0438713
65	0.0506763	0.033963	0.0228139	0.0212072	0.02834	0.0383728	0.0261094	0.0469566	0.0344954	0.0556683	0.0371252	0.0435462	0.0237236	0.0367368	0.0343681	0.183433	0.18391	0.0622588	0.00813829	0.0281574
66	0.0171294	0.0216121	0.00458314	0.00460636	0.20264	0.0079475	0.0218713	0.0179935	0.0118564	0.0325869	0.0258075	0.0119399	0.00648768	0.0184633	0.0171569	0.0277505	0.0115947	0.012497	0.00776714	0.517709
67	0.00589055	0.00703565	0.00157361	0.00205366	0.064087	0.00493228	0.0074336	0.141386	0.00678324	0.579609	0.0530182	0.00237712	0.00220105	0.0109893	0.00662816	0.00767015	0.00955953	0.0640638	0.00431784	0.0183897
68	0.0373381	0.00666863	0.00361798	0.0221446	0.00664998	0.00533458	0.0064682	0.0831965	0.0253414	0.145276	0.206564	0.00670622	0.0031971	0.00760415	0.00728212	0.0944859	0.245597	0.0791039	0.00240061	0.00502291
69	0.0957639	0.0028338	0.176664	0.104086	0.00597583	0.19749	0.0278263	0.0047984	0.033942	0.00795569	0.00659223	0.0923795	0.00784644	0.0661623	0.0437136	0.0626292	0.0366283	0.0216645	0.00141954	0.00362775
70	0.0190072	0.0314105	0.256602	0.0221986	0.00593356	0.0994557	0.0562951	0.00965667	0.0216929	0.0235457	0.0087287	0.263822	0.00369214	0.0256219	0.0132008	0.0967128	0.0241569	0.0111558	0.00180884	0.00530208
71	0.0343193	0.0182061	0.0415254	0.0557019	0.0327518	0.023341	0.0622732	0.0246054	0.0796242	0.0566247	0.0211338	0.0450115	0.013973	0.219145	0.0939722	0.0505466	0.0440795	0.0337606	0.00569106	0.0437133
72	0.00215446	0.00497014	0.000363755	0.000516768	0.0379892	0.00391677	0.00585924	0.162486	0.000746023	0.643041	0.0299223	0.000602893	0.00087613	0.00894309	0.000692878	0.00101835	0.00501715	0.068811	0.00325379	0.0188191
73	0.0804383	0.0247444	0.00560418	0.00765598	0.0144725	0.0215622	0.00681779	0.0847847	0.133656	0.0922302	0.0778365	0.0376325	0.00352674	0.0497956	0.0667106	0.0134555	0.174524	0.096641	0.00244951	0.00546218
74	0.0549896	0.0332988	0.00520618	0.00535808	0.00845222	0.283185	0.0138293	0.00804165	0.0103817	0.0100915	0.0108796	0.0327263	0.0131121	0.0111805	0.00746875	0.382691	0.0844275	0.010186	0.00594045	0.00855366
75	0.0405224	0.0285942	0.0838067	0.0292679	0.00435482	0.031527	0.0324877	0.0108255	0.0612146	0.0300536	0.0133643	0.133396	0.014938	0.0241451	0.0634652	0.261291	0.109174	0.015482	0.00224763	0.00984257
76	0.0616048	0.0289267	0.0026749	0.00618256	0.0176135	0.0121244	0.00132804	0.268505	0.00714996	0.0931292	0.0478893	0.00577803	0.00777952	0.0053641	0.00428996	0.0261355	0.0702505	0.321243	0.000437853	0.0115933
77	0.0383939	0.00417102	0.220527	0.32094	0.0548645	0.00767715	0.0462808	0.00878642	0.0169855	0.0319532	0.0065654	0.0413979	0.00826176	0.0872352	0.0143993	0.0166298	0.0170072	0.0205849	0.0246944	0.0126449
78	0.277534	0.0476407	0.00225457	0.0030269	0.00606391	0.418602	0.0118344	0.00651829	0.0107179	0.00619977	0.0150048	0.022645	0.0262593	0.00432989	0.00319659	0.0788774	0.0326495	0.0107178	0.00707509	0.00885191
79	0.0127754	0.0203867	0.0034934	0.0030209	0.214972	0.00430066	0.0236463	0.016101	0.00986547	0.0292205	0.0256054	0.0150624	0.010037	0.0165282	0.0152662	0.0229593	0.00511831	0.00687369	0.00823444	0.536533
80	0.0615159	0.0162579	0.00261127	0.00752521	0.0159502	0.0131597	0.00129721	0.283035	0.00945362	0.0871376	0.0482241	0.00637778	0.00558847	0.00737208	0.00648372	0.0270055	0.0621568	0.323487	0.000447255	0.0149135
81	0.00223756	0.00499716	0.000366159	0.000503038	0.0380007	0.00390028	0.00603101	0.161434	0.000747256	0.642408	0.030198	0.000621833	0.000919779	0.00904833	0.000694823	0.00102494	0.00512859	0.0692601	0.00319546	0.0192831
82	0.149034	0.0202747	0.168157	0.0582994	0.0102827	0.112901	0.0245448	0.016452	0.0276316	0.0203187	0.0125773	0.0753283	0.00786017	0.0408134	0.0308455	0.101259	0.0407658	0.0679639	0.00331119	0.0113796
83	0.0599756	0.0397422	0.00331604	0.00680506	0.0176559	0.012533	0.00253393	0.244519	0.00744919	0.101395	0.0463371	0.00574984	0.00765667	0.0070206	0.00639666	0.0318343	0.0787765	0.307926	0.000531449	0.0118462
84	0.0211409	0.062761	0.0196696	0.00994103	0.207134	0.0140884	0.0256929	0.0182032	0.0220267	0.0366445	0.024029	0.0143303	0.00867892	0.0217843	0.0269479	0.0310568	0.0182832	0.0187409	0.152699	0.246147
85	0.0191403	0.00759774	0.393197	0.0708458	0.0138317	0.030087	0.0144116	0.00407618	0.0379172	0.00551771	0.00365162	0.182592	0.0139004	0.0448163	0.0185924	0.102087	0.0218425	0.0111956	0.00102936	0.00367054
86	0.0393465	0.00147378	0.275452	0.142208	0.00562273	0.0861029	0.0225296	0.00206296	0.0436838	0.00372534	0.00306852	0.155676	0.0111042	0.0544625	0.0322527	0.0805511	0.0302391	0.00853466	0.000465417	0.00143729
87	0.0396907	0.0102197	0.0955806	0.0514572	0.00398475	0.189474	0.0209665	0.00592072	0.040544	0.0447496	0.0230957	0.176212	0.0104064	0.0299578	0.0226446	0.128352	0.0814808	0.0170226	0.00132848	0.00691214
88	0.0187355	0.00266972	0.179711	0.519965	0.0118423	0.0127221	0.0190952	0.00351999	0.00580654	0.00841504	0.00295246	0.00839102	0.00255724	0.151085	0.003558	0.00588094	0.00545277	0.0293759	0.00420166	0.00406283
89	0.0737626	0.00931746	0.0123648	0.00626674	0.0132685	0.0143855	0.00989661	0.00763511	0.0222038	0.010666	0.0055382	0.00914861	0.585631	0.0164217	0.0214965	0.113606	0.0423582	0.0107863	0.00861209	0.00663386
90	0.0313904	0.0101896	0.00127814	0.00244321	0.0175439	0.00835474	0.00164974	0.339084	0.00662893	0.0848537	0.0386637	0.00484733	0.00655791	0.00234505	0.00309477	0.0106447	0.0257548	0.397628	0.000972863	0.00607453
91	0.0185316	0.00318965	0.000539394	0.000708381	0.0176798	0.00480225	0.00357684	0.395106	0.00304673	0.10503	0.0221285	0.002057	0.00644274	0.00105399	0.00290239	0.00240165	0.00367899	0.402094	0.00161715	0.00341279
92	0.0123207	0.0627782	0.00507686	0.00762924	0.0751089	0.0092814	0.0650586	0.0127569	0.0199932	0.0201505	0.0165706	0.00962903	0.00470643	0.078609	0.0608781	0.153575	0.187476	0.0216958	0.00572955	0.170976
93	0.064925	0.0239318	0.036287	0.0269586	0.0228219	0.141753	0.234998	0.016574	0.0350544	0.0230962	0.0164135	0.0636065	0.0199414	0.0380326	0.0606991	0.0655686	0.0279498	0.0275808	0.00796387	0.0458443
94	0.0378751	0.0150147	0.0384044	0.0453462	0.0119026	0.0957672	0.0295245	0.0183689	0.160719	0.0383627	0.0209482	0.0607912	0.00872417	0.0785195	0.137704	0.0775603	0.0800492	0.0217106	0.00390738	0.0188005
95	0.0268622	0.0108507	0.00707647	0.00923536	0.0370853	0.0358827	0.389139	0.00842377	0.0303307	0.00871108	0.00608967	0.0657792	0.00711773	0.0242065	0.11996	0.0184236	0.00797332	0.00935161	0.00426624	0.173235
96	0.103401	0.0478839	0.0181777	0.0109816	0.0118248	0.0403813	0.0121371	0.0136649	0.0196193	0.0206801	0.017387	0.0572627	0.0182181	0.0128125	0.0105296	0.396256	0.150615	0.0216919	0.00475495	0.0117199
97	0.0128269	0.00699164	0.00137537	0.00150908	0.321995	0.00176042	0.0128383	0.0654023	0.017391	0.391818	0.0604834	0.0019173	0.00583185	0.00690593	0.0107871	0.00440712	0.00752675	0.0312607	0.0126121	0.0243597
98	0.0695574	0.0222121	0.0038064	0.0082454	0.0210805	0.0128601	0.00389723	0.248657	0.0122093	0.0888883	0.0516869	0.0090192	0.00701989	0.0123421	0.0102836	0.0318533	0.0804365	0.289933	0.00113302	0.0148787
99	0.0417314	0.0299674	0.0345278	0.0210965	0.00564411	0.0565203	0.00900915	0.00729716	0.0310125	0.0229352	0.0133115	0.0901592	0.0141272	0.010993	0.0119854	0.411523	0.163643	0.0138379	0.00162902	0.00904968
100	0.0288213	0.00665869	0.0411913	0.0630798	0.00520587	0.0167481	0.024298	0.020327	0.22228	0.0311	0.0135728	0.0477676	0.0012261	0.135767	0.184302	0.06217	0.0636446	0.0153023	0.000689763	0.0158481
101	0.029898	0.00544088	0.000998159	0.00211633	0.0157983	0.0062016	0.00212373	0.381782	0.00409884	0.117074	0.0243066	0.00259674	0.00581275	0.00239905	0.00342342	0.00809386	0.0162403	0.362741	0.00134306	0.00751171
102	0.0104556	0.0183882	0.00110978	0.00113321	0.241398	0.00134384	0.0126609	0.0131611	0.00556493	0.0263006	0.0246736	0.00682596	0.00556801	0.0116289	0.0102447	0.0190379	0.0020508	0.00272577	0.00778161	0.577947
103	0.0743597	0.00726942	0.0132877	0.00518478	0.0128227	0.0127305	0.00992492	0.00592317	0.0241812	0.00722461	0.00376677	0.0084618	0.608889	0.0163308	0.0206761	0.115217	0.0308373	0.00812946	0.00870243	0.00608112
104	0.0107026	0.00344671	0.000612384	0.000729512	0.03107	0.00316866	0.00486758	0.211817	0.0010355	0.548595	0.0231397	0.000823111	0.00169018	0.00865332	0.00132832	0.00159177	0.00427394	0.124997	0.00276231	0.0146954
105	0.0476469	0.0171904	0.00252091	0.00510956	0.0220261	0.0105594	0.00170261	0.338422	0.00661392	0.0759992	0.039062	0.00517763	0.00797731	0.0047488	0.00422477	0.0239899	0.060895	0.31286	0.00184993	0.0114235
106	0.00249899	0.00518324	0.000361228	0.000522837	0.0381607	0.0039353	0.00611892	0.159301	0.00075249	0.641846	0.0308638	0.000608389	0.000921583	0.00917157	0.000710027	0.00112374	0.00546767	0.0695927	0.00318471	0.0196755
107	0.0206635	0.0612588	0.00498644	0.00602451	0.0101924	0.00810544	0.00930868	0.0582066	0.0253831	0.0489013	0.047299	0.0148548	0.00379131	0.0126172	0.0116684	0.374625	0.152086	0.118303	0.00248279	0.00924229
108	0.00215428	0.00501171	0.000361262	0.000499297	0.0380288	0.00395129	0.00588487	0.162244	0.000737403	0.642954	0.0300584	0.000597767	0.000886482	0.00897612	0.000677947	0.00102048	0.00502796	0.0687648	0.00324933	0.0189139
109	0.0733403	0.0134704	0.0409106	0.12036	0.0193083	0.0155843	0.0243712	0.0693258	0.0474038	0.0596954	0.0200459	0.0345278	0.0934714	0.0404326	0.125515	0.0962631	0.0356673	0.0460312	0.00661769	0.0176576
110	0.0712941	0.0258242	0.0137677	0.0124124	0.0180272	0.0176318	0.0152361	0.0349956	0.0171356	0.0306606	0.057495	0.151055	0.00936864	0.0189646	0.0163622	0.179027	0.0806547	0.212033	0.0045542	0.0135002
111	0.0289534	0.0245547	0.0115807	0.0217833	0.0215062	0.0207174	0.158827	0.065175	0.0378638	0.0403832	0.0193181	0.0288323	0.166354	0.0395234	0.112695	0.103205	0.0291391	0.0323893	0.00787588	0.0293228
112	0.0491137	0.218071	0.00918429	0.0121667	0.0202072	0.101903	0.0190899	0.0461238	0.0175473	0.0795798	0.0195992	0.0167284	0.0496637	0.0170243	0.017628	0.0495723	0.084811	0.147109	0.00586732	0.0190104
113	0.030299	0.0608471	0.00397744	0.00429465	0.00584506	0.0903715	0.00674614	0.00738475	0.00773003	0.00622231	0.00652963	0.0585952	0.0136128	0.0116705	0.00474863	0.522235	0.141319	0.00788964	0.00429034	0.00539188
114	0.0331903	0.00457225	0.0104775	0.0107253	0.0686169	0.00904938	0.00536978	0.0786339	0.0595439	0.247016	0.0460037	0.00202657	0.0695796	0.0613589	0.0721109	0.018937	0.0479963	0.130237	0.0138504	0.0107036
115	0.0903395	0.00540363	0.0922799	0.261025	0.00625534	0.00476225	0.00577017	0.00606244	0.15289	0.0401182	0.00543442	0.00565714	0.104934	0.0731054	0.0256256	0.0436088	0.00857301	0.0439293	0.00282834	0.0213982
116	0.0143583	0.0546261	0.00572464	0.0307213	0.0588469	0.159292	0.0781606	0.00774239	0.0837552	0.0114589	0.00809983	0.102255	0.0282528	0.0121648	0.138408	0.0165845	0.0113439	0.0106958	0.0270174	0.140492
117	0.0221424	0.0043159	0.00756577	0.0175689	0.00492426	0.00423316	0.00533954	0.00536046	0.733346	0.0067758	0.00535093	0.00718847	0.00297246	0.0108129	0.125562	0.00952311	0.00857066	0.0114627	0.00196801	0.00501628
118	0.0118344	0.00367043	0.00140028	0.00184415	0.0400205	0.0117106	0.00355315	0.455582	0.00547455	0.0467349	0.017798	0.00355586	0.00552472	0.00308885	0.00397539	0.00944972	0.0133681	0.341785	0.00773297	0.0118964
119	0.00503129	0.00440385	0.00040561	0.000542682	0.0350712	0.00356241	0.00529991	0.195293	0.000768084	0.596977	0.0262497	0.000649334	0.00118942	0.00829305	0.0010702	0.00115064	0.0045833	0.0895292	0.00358614	0.0163437
120	0.0228294	0.00245616	0.000514901	0.000636487	0.0134205	0.00279325	0.00221161	0.387048	0.0020029	0.152323	0.0177422	0.00147087	0.00608888	0.00140403	0.00277203	0.00141698	0.00177326	0.377992	0.000880344	0.00222257
121	0.0278478	0.0111331	0.0324519	0.0528507	0.0108582	0.0216095	0.026136	0.0186072	0.27441	0.0354847	0.0208259	0.0396776	0.00405636	0.120815	0.166134	0.0459306	0.0489622	0.0222486	0.00258203	0.0173783
122	0.315328	0.0530286	0.0037736	0.00359064	0.00991705	0.284361	0.0204489	0.0101786	0.00930369	0.0100224	0.0137829	0.0404772	0.0181729	0.00704365	0.00349552	0.0971312	0.0490215	0.0194485	0.0137342	0.01774
123	0.0101812	0.00702105	0.000978831	0.001167	0.296112	0.00171462	0.0104924	0.0777274	0.0119917	0.424842	0.0525584	0.00144769	0.00540525	0.00687163	0.0078571	0.00343783	0.00619412	0.037771	0.0110298	0.025199
124	0.0410763	0.0150267	0.0247194	0.0593672	0.013927	0.0243491	0.0179685	0.0188754	0.0883226	0.133476	0.0330723	0.0468744	0.0136446	0.0805215	0.072468	0.21241	0.0529333	0.0274721	0.00479519	0.0187002
125	0.0812367	0.00259844	0.208768	0.169881	0.0106769	0.0364903	0.0268737	0.0278266	0.0192658	0.0186759	0.0120486	0.0989986	0.00730942	0.057788	0.0808895	0.0763513	0.0333114	0.0124779	0.00293394	0.0155986
126	0.00383606	0.0163832	0.000796117	0.000889971	0.0337963	0.00320337	0.00478515	0.145586	0.00173955	0.601552	0.0832759	0.00104782	0.00204513	0.00632134	0.0028845	0.00258919	0.0118431	0.0575029	0.00569424	0.0142286
127	0.0635019	0.0192047	0.00251436	0.00687012	0.0169057	0.0118189	0.00113501	0.281563	0.00749785	0.0925285	0.0487137	0.00565308	0.00624303	0.00583145	0.00472369	0.0257402	0.0640522	0.321991	0.000352402	0.0131589
128	0.0544912	0.0150217	0.0024737	0.00626415	0.0164754	0.0135001	0.00135353	0.296597	0.0089857	0.0844616	0.0473927	0.00681097	0.00585311	0.00591806	0.00600835	0.0235	0.0548299	0.337042	0.000625085	0.0123961
129	0.0543102	0.0436215	0.00682012	0.00834305	0.145576	0.0617077	0.0233449	0.0730075	0.0106403	0.0890833	0.0207928	0.012436	0.00633256	0.0375463	0.0137121	0.0831915	0.0482664	0.0789033	0.00501791	0.177346
130	0.077255	0.0408998	0.00479859	0.00857805	0.0354359	0.0179173	0.005322	0.208828	0.0117922	0.0966244	0.0566145	0.0115645	0.00618516	0.0180541	0.0103872	0.0289223	0.0895304	0.257986	0.000932327	0.0123722
131	0.0544697	0.0569196	0.0112554	0.0522007	0.0178913	0.0073586	0.022088	0.0085089	0.185764	0.01359	0.00792884	0.0277789	0.0192701	0.147849	0.183281	0.0834371	0.0327238	0.0586377	0.00204278	0.00700486
132	0.131369	0.0433522	0.0221112	0.0119748	0.00717004	0.037319	0.00829439	0.0103598	0.0302232	0.0262848	0.00673388	0.068136	0.0271294	0.0162407	0.0100997	0.409276	0.106147	0.0168084	0.00512328	0.00584696
133	0.0564791	0.0206071	0.0051175	0.00623071	0.0178114	0.0114406	0.00201992	0.280758	0.00757455	0.0822347	0.0602665	0.0109057	0.00861251	0.00696384	0.00495286	0.0298078	0.0613023	0.314726	0.00070637	0.0114829
134	0.149166	0.108931	0.00214238	0.00229381	0.0207639	0.0377883	0.0174258	0.0267047	0.00713554	0.0152981	0.00843967	0.0514201	0.0207931	0.0160191	0.00494969	0.374974	0.0815902	0.0352886	0.0114433	0.00743339
135	0.0695954	0.0520576	0.00851415	0.00907878	0.0148328	0.0937579	0.0158099	0.0136906	0.014966	0.0164671	0.0144672	0.0465203	0.015149	0.0164885	0.0114283	0.404396	0.128844	0.0184833	0.0245122	0.0109402
136	0.00213251	0.00509328	0.000368194	0.000505105	0.0383202	0.00386535	0.00607717	0.158733	0.000753482	0.642992	0.0320268	0.000617098	0.000897847	0.00912049	0.000753202	0.00104216	0.00523248	0.0685918	0.00319275	0.0196851
137	0.0779708	0.0194844	0.0700324	0.0352897	0.0013785	0.0544012	0.00843399	0.00582601	0.0525623	0.0457564	0.014605	0.11744	0.0227122	0.0141176	0.0211308	0.282207	0.12194	0.0248838	0.000764423	0.00906395
138	0.0398854	0.0136188	0.113814	0.320873	0.0204604	0.0185693	0.0248625	0.0281482	0.0411956	0.0344254	0.0168229	0.0257254	0.0141311	0.0940946	0.0314463	0.0343978	0.0297312	0.0743026	0.00805125	0.0154446
139	0.0638493	0.0212905	0.0697054	0.037572	0.00119543	0.0543712	0.00979279	0.0090486	0.0576678	0.0532946	0.0199757	0.136803	0.0214541	0.0148748	0.0294304	0.241462	0.122964	0.0231016	0.000939709	0.0112071
140	0.0199994	0.00555681	0.0414437	0.0871011	0.00542256	0.0105545	0.0126517	0.0175502	0.409506	0.0238951	0.00989926	0.0232868	0.00493288	0.0735507	0.137436	0.0311707	0.0434971	0.0319952	0.00147341	0.00907711
141	0.0661309	0.0185623	0.00246796	0.007402	0.0167425	0.0137425	0.00119184	0.277342	0.00806431	0.0913525	0.0488384	0.00575366	0.00587302	0.00624485	0.00525239	0.0264533	0.0639842	0.319387	0.000405242	0.0148089
142	0.0551949	0.00639414	0.0227166	0.0259776	0.0458377	0.0427435	0.0354689	0.018538	0.168137	0.135489	0.0788211	0.0355218	0.00284846	0.114252	0.0745132	0.0393377	0.0119076	0.0230514	0.00750474	0.0557459
143	0.0287318	0.00669599	0.0424463	0.0646608	0.00529557	0.0176427	0.0235535	0.0198893	0.224188	0.0303514	0.0137727	0.0502748	0.00121204	0.130213	0.18362	0.0627401	0.0635651	0.0148059	0.000652985	0.0156878
144	0.00210303	0.00507083	0.000368969	0.000497598	0.0387045	0.0038881	0.00618788	0.158662	0.00080035	0.643772	0.0307944	0.000608617	0.000898743	0.00919091	0.00070144	0.00103182	0.0052105	0.0685583	0.00320116	0.0197482
145	0.0683732	0.0189095	0.00247222	0.00786053	0.0170263	0.0130578	0.00112102	0.27314	0.0078435	0.094952	0.0494143	0.00551983	0.00581526	0.00632675	0.00510091	0.0271892	0.0639298	0.317074	0.000345172	0.0145285
146	0.0117577	0.0668992	0.00505584	0.023243	0.0611661	0.00587308	0.127218	0.0254672	0.0933161	0.0503821	0.0762512	0.0116179	0.00354041	0.0851944	0.0915959	0.057277	0.0562054	0.0448327	0.0130387	0.0900678
147	0.00557854	0.00765784	0.000720337	0.000967508	0.136529	0.00279659	0.00757834	0.122899	0.00766989	0.563971	0.0531839	0.00124729	0.00189547	0.00677397	0.00499887	0.00222831	0.00598229	0.0443575	0.00514375	0.0178209
148	0.0105584	0.0609713	0.0025363	0.00334008	0.00599288	0.0049355	0.00527044	0.050528	0.0132978	0.0464735	0.0393095	0.00676733	0.0022525	0.00552818	0.0049232	0.42861	0.171613	0.129313	0.00182727	0.00595203
149	0.0306965	0.0141857	0.0268473	0.0394155	0.0265062	0.0189505	0.0282523	0.0240419	0.189515	0.0913362	0.045251	0.0359519	0.0120091	0.0930848	0.162865	0.0530679	0.0447039	0.0313793	0.0103735	0.0215664
150	0.0410551	0.0136807	0.00230918	0.00472911	0.02018	0.010629	0.00164025	0.367498	0.00721059	0.0675883	0.0347434	0.00512868	0.00635944	0.00457019	0.00468122	0.0255955	0.0529425	0.315616	0.00210304	0.0117401
151	0.0114551	0.0165472	0.00119231	0.00109826	0.275039	0.00202133	0.0142091	0.0190862	0.00564377	0.0590918	0.0253816	0.0057917	0.00610272	0.0116475	0.00979981	0.0184047	0.0026886	0.0127815	0.00983693	0.492181
152	0.0592856	0.00966401	0.0147637	0.0132764	0.0151141	0.0125179	0.017301	0.0123869	0.0447735	0.019624	0.00705761	0.0148632	0.541588	0.0251285	0.035263	0.0909347	0.0277805	0.0193693	0.008762	0.0105464
153	0.091452	0.0207809	0.0583282	0.0307637	0.00189113	0.0580156	0.00860546	0.00734248	0.0764841	0.0569295	0.0174039	0.109543	0.0232189	0.0177363	0.0259708	0.242202	0.123262	0.0194299	0.00129123	0.00934832
154	0.273385	0.0415298	0.00222977	0.00308076	0.0038183	0.47177	0.010021	0.00308802	0.0118061	0.00452606	0.0110989	0.0209033	0.0270258	0.00354032	0.00319595	0.066023	0.0246631	0.00458687	0.00631456	0.00739284
155	0.0139443	0.0147809	0.00498717	0.0128397	0.0534849	0.0190834	0.0475126	0.0405849	0.041774	0.162613	0.0889676	0.00907668	0.0306327	0.0505916	0.0834633	0.109231	0.11103	0.0489693	0.0211107	0.0353229
156	0.0306074	0.0133476	0.0387346	0.0541775	0.00998319	0.0328195	0.0253164	0.016617	0.228339	0.0326238	0.0215617	0.0645608	0.00460141	0.102628	0.182063	0.0553579	0.0487166	0.0177733	0.00287725	0.0172936
157	0.0708402	0.0239806	0.011253	0.0143	0.0652378	0.00804241	0.0132546	0.134657	0.0161538	0.0881582	0.101974	0.022533	0.00406258	0.0677965	0.0302245	0.0236273	0.0913515	0.201346	0.00157865	0.00962874
158	0.0448445	0.00824734	0.191091	0.0525165	0.00405348	0.125973	0.0355886	0.00519568	0.0325132	0.0241927	0.0176525	0.163341	0.00869633	0.0362843	0.0314308	0.115897	0.0751981	0.0214485	0.00118654	0.00464801
159	0.146843	0.0583587	0.0169141	0.0111469	0.0134645	0.046774	0.015294	0.0158188	0.0201442	0.0190924	0.0126782	0.050835	0.0251144	0.0149872	0.0120152	0.379909	0.0964145	0.0267995	0.00663381	0.010763
160	0.171522	0.0612445	0.0260611	0.0110309	0.0180915	0.0923297	0.0420367	0.0213521	0.0163814	0.022365	0.0168446	0.0474415	0.0122027	0.0168089	0.0136009	0.253075	0.0641103	0.0719995	0.00738044	0.0141214
161	0.0314892	0.0297611	0.0598952	0.0438972	0.0161357	0.0290889	0.0613223	0.0170898	0.0658214	0.0340248	0.01782	0.245121	0.012628	0.0540253	0.0935408	0.0711089	0.0408803	0.0217747	0.0060056	0.04857
162	0.0107427	0.0186389	0.00106307	0.00115235	0.236516	0.00131007	0.0122621	0.012785	0.00570165	0.0249629	0.0252762	0.00655224	0.0057279	0.0115352	0.0105497	0.019235	0.00202363	0.00258185	0.00749499	0.583889
163	0.0147247	0.0567864	0.28541	0.00985069	0.00615886	0.0322002	0.0504615	0.0137682	0.0267385	0.0119637	0.00342078	0.300197	0.00593647	0.0242652	0.00728423	0.127622	0.00904174	0.006004	0.00162785	0.00653794
164	0.0867971	0.0161805	0.0135412	0.00877614	0.0129674	0.0880387	0.0149838	0.00888455	0.0223856	0.0121617	0.00662395	0.0222741	0.443085	0.0162494	0.0216372	0.137665	0.0401	0.0110877	0.00801301	0.00854848
165	0.0496864	0.0220453	0.0153609	0.0210703	0.0548694	0.00605658	0.0185775	0.128416	0.0125097	0.114679	0.089922	0.0147122	0.00496132	0.0783127	0.0316599	0.0311481	0.0884932	0.207442	0.00210593	0.00797222
166	0.0606958	0.00630904	0.00389033	0.00461122	0.205068	0.0422399	0.046156	0.0118509	0.00763223	0.211492	0.13741	0.00610395	0.00418136	0.00838031	0.00789373	0.0775732	0.0288602	0.0458604	0.00408671	0.0797056
167	0.0323052	0.09094	0.0864382	0.0293717	0.132868	0.018625	0.02758	0.0202765	0.0316259	0.0319112	0.0235883	0.0269287	0.0120024	0.0309575	0.0276447	0.0396618	0.0252668	0.0279589	0.239806	0.0442433
168	0.0581861	0.0131666	0.0315278	0.0245075	0.00530468	0.0266862	0.0147052	0.0448224	0.0702544	0.0728315	0.0368585	0.148226	0.0122899	0.013004	0.0583592	0.249709	0.0848111	0.0144721	0.00640649	0.0138714
169	0.352986	0.0947419	0.010198	0.00372588	0.022001	0.0805024	0.0203302	0.0389656	0.00465252	0.0212942	0.0271242	0.0138105	0.00504758	0.00704393	0.004381	0.1043	0.041478	0.124107	0.003815	0.0194959
170	0.169708	0.0353655	0.0216446	0.0155165	0.00963684	0.389468	0.023608	0.0124927	0.0236084	0.0212121	0.0168842	0.0368229	0.0219468	0.0178804	0.0160276	0.0913817	0.0357838	0.018945	0.00786471	0.0142016
171	0.111618	0.226959	0.0019418	0.00199796	0.00959325	0.0205054	0.011587	0.0261376	0.00683899	0.0107624	0.00431323	0.0523253	0.0125714	0.00960608	0.0055691	0.363652	0.0722504	0.0339954	0.0114882	0.0062868
172	0.0196661	0.0174855	0.0522633	0.104275	0.029141	0.0155983	0.220904	0.0158124	0.0497345	0.0263521	0.016884	0.0631977	0.00631395	0.138299	0.0434361	0.0471542	0.0296923	0.027406	0.0115248	0.0648596
173	0.0109758	0.00394681	0.00100991	0.0011685	0.0271995	0.00130866	0.00165859	0.129971	0.00223147	0.441849	0.267665	0.00160398	0.000861566	0.00190655	0.0102375	0.00800649	0.00855949	0.0711899	0.00194912	0.00670102
174	0.0109297	0.00454521	0.00130076	0.00170938	0.0321749	0.00145061	0.00217426	0.121732	0.00372616	0.447202	0.261344	0.00189769	0.00118644	0.00267954	0.0124525	0.00873759	0.00912024	0.0662213	0.00248489	0.00693066
175	0.02606	0.0404323	0.100389	0.0267112	0.0143181	0.0334365	0.116757	0.0112344	0.0301098	0.0169527	0.0101073	0.250431	0.00993551	0.0355871	0.0243205	0.150226	0.0397865	0.0158402	0.00333808	0.0440276
176	0.0138751	0.0110439	0.00211225	0.00253956	0.372565	0.00301312	0.0280453	0.0541019	0.0102556	0.146414	0.0391348	0.00402475	0.0082342	0.0213371	0.0185382	0.015423	0.00816562	0.0414196	0.0266699	0.173087
177	0.0341727	0.01962	0.0494333	0.0663917	0.029372	0.0216629	0.0538529	0.022839	0.0706557	0.0528938	0.0247902	0.0458595	0.0143061	0.239497	0.0864965	0.0524583	0.0411209	0.032445	0.00780672	0.034326
178	0.0368599	0.0314638	0.0121321	0.00594266	0.0181592	0.0410599	0.0138351	0.0101465	0.0137858	0.0162942	0.021389	0.0525212	0.00777797	0.0120076	0.00704085	0.451869	0.205432	0.013292	0.00330698	0.0256838
179	0.0152422	0.00855044	0.00326804	0.0038481	0.180332	0.00618164	0.0142627	0.061945	0.0378968	0.372815	0.126562	0.0037097	0.0113774	0.0145889	0.0236253	0.0139512	0.0272813	0.0385294	0.0187421	0.0172898
180	0.0289166	0.0147223	0.107776	0.117416	0.0338913	0.0112724	0.0951013	0.0268046	0.0205111	0.0510036	0.0366312	0.0473334	0.00384212	0.105268	0.0923977	0.0514483	0.0514944	0.0491513	0.0264386	0.0285801
181	0.00210505	0.00507111	0.000363041	0.000497929	0.0381995	0.0038936	0.00613381	0.159034	0.000749385	0.643957	0.0307355	0.000608185	0.000900369	0.00919838	0.000692886	0.00102935	0.00520726	0.0687408	0.00319598	0.0196875
182	0.00616019	0.0644476	0.00490403	0.0256475	0.0140421	0.00458265	0.117098	0.00519795	0.00687373	0.0355299	0.00456131	0.425537	0.0024748	0.0627189	0.0216867	0.0139167	0.0207355	0.0205385	0.002111	0.141236
183	0.0762628	0.00355935	0.184897	0.116755	0.0118884	0.0328991	0.0307872	0.0371249	0.0197404	0.034253	0.0205112	0.0950703	0.00320901	0.0739887	0.112388	0.0583072	0.041046	0.0195202	0.00441919	0.0233729
184	0.267257	0.0424786	0.00214673	0.00312229	0.00395958	0.480899	0.00970027	0.003016	0.0126886	0.00459448	0.0110482	0.0201789	0.0267822	0.00365927	0.00345284	0.0635162	0.0237616	0.00434491	0.00615255	0.00724063
185	0.0132543	0.0261449	0.0159391	0.0143939	0.072539	0.0087576	0.0497167	0.00824829	0.24483	0.121508	0.124162	0.011899	0.00336781	0.0485531	0.142578	0.0161929	0.0110787	0.0153076	0.0270744	0.0244557
186	0.0146957	0.00583603	0.00342474	0.00289464	0.382317	0.00317457	0.0140192	0.066446	0.00856953	0.271271	0.0352533	0.00318015	0.011109	0.013409	0.0085299	0.00869362	0.00759603	0.0637957	0.0172767	0.0585084
187	0.0278096	0.00560213	0.00777156	0.0370467	0.00906853	0.0203976	0.0245701	0.0119424	0.0657926	0.144605	0.0778986	0.0408102	0.00332008	0.122537	0.200924	0.120497	0.0425032	0.00908713	0.00391248	0.0239038
188	0.075291	0.372682	0.00454823	0.00704911	0.010662	0.0349651	0.00965123	0.0269754	0.010947	0.0230424	0.00610802	0.0265449	0.00767687	0.00870488	0.00600689	0.275167	0.0383865	0.0246023	0.0065846	0.0244042
189	0.0896469	0.0300713	0.0443093	0.0258523	0.0145721	0.242035	0.0701335	0.0120818	0.0253239	0.0203376	0.016584	0.057283	0.0205561	0.0251933	0.0318168	0.175146	0.0520052	0.0221189	0.0069884	0.0179446
190	0.0110685	0.0190174	0.0012317	0.00118048	0.239941	0.00192524	0.0134502	0.0144505	0.00605379	0.0294631	0.0254232	0.0065281	0.00581786	0.0118842	0.0108682	0.0207108	0.0030323	0.0045227	0.00792684	0.565504
191	0.0206341	0.00326612	0.000473518	0.000573972	0.0163294	0.00445901	0.00245377	0.358737	0.00277869	0.106191	0.0257826	0.00198734	0.0073842	0.00093458	0.00213065	0.00150575	0.00251095	0.438488	0.00102061	0.00235924
192	0.0270718	0.0296963	0.00328334	0.00507154	0.029805	0.00819996	0.0079745	0.217349	0.00852638	0.354071	0.0400961	0.00484042	0.0185319	0.0102557	0.00867625	0.0148323	0.0294671	0.163393	0.00410517	0.0147541
193	0.0307574	0.0129571	0.0312851	0.0389268	0.0117142	0.0198997	0.0213862	0.0189744	0.248963	0.0461001	0.0430803	0.0737728	0.00580723	0.0737532	0.145938	0.0867134	0.0504775	0.0165258	0.00450164	0.018466
194	0.0732167	0.0119533	0.0117717	0.00523092	0.0127745	0.0147489	0.00991184	0.00696067	0.0230262	0.00848014	0.00564239	0.0131188	0.565358	0.0166368	0.0205188	0.140235	0.036356	0.00968414	0.00802319	0.00635186
