310	20
1	0.011263	0.00917502	0.000394505	0.00241465	0.0112651	0.00155002	0.00199863	0.475883	0.00324036	0.160295	0.0200994	0.00451809	0.00258417	0.00392912	0.00713077	0.00301711	0.0229118	0.2546	0.000160771	0.00357053
2	0.00483985	0.00537879	0.000287438	0.00038803	0.0663658	0.00168977	0.00196856	0.0752983	0.000538433	0.701843	0.0576538	0.00057197	0.00403954	0.00155935	0.00102732	0.000931491	0.00865296	0.0489941	0.010934	0.00703741
3	0.0194482	0.00727731	0.00668097	0.00373347	0.00180482	0.0051766	0.0123983	0.0211953	0.00227339	0.00673108	0.0175886	0.0348996	0.0268247	0.0042888	0.00406696	0.293413	0.522922	0.00670932	0.000462592	0.00210459
4	0.106194	0.00238104	0.0440941	0.0847602	0.00432017	0.0160119	0.0176354	0.00919511	0.0543342	0.0130184	0.000429432	0.0134694	0.405533	0.0290103	0.0396659	0.089102	0.0399495	0.0249643	0.000102887	0.00582857
5	0.0316602	0.000778852	0.326793	0.414838	0.000750819	0.0331345	0.0201945	0.00353196	0.0211466	0.00546467	0.000955615	0.0291333	0.0212372	0.03263	0.0131093	0.0274405	0.0142335	0.0017934	0.000263895	0.000910013
6	0.661285	0.067055	0.000623807	0.000863252	0.000615166	0.038803	0.00148629	0.0170607	0.00156294	0.0169019	0.000701328	0.00534036	0.0033238	0.000880482	0.00110867	0.0838256	0.0304521	0.0671118	0.000182	0.000816608
7	0.0163395	0.0099427	0.000811006	0.00107968	0.00919459	0.00142272	0.00177195	0.187838	0.00330717	0.518891	0.0290147	0.0155156	0.00261011	0.0321964	0.00829834	0.003036	0.0100831	0.146533	0.000316028	0.00179861
8	0.256559	0.0038489	0.0966366	0.17293	0.00124366	0.0312378	0.0225743	0.00953128	0.0725185	0.025056	0.00492845	0.0440867	0.000223934	0.0781135	0.0571613	0.056323	0.0441622	0.014999	0.0010814	0.00678407
9	0.00956078	0.00409678	0.000779288	0.000925671	0.248415	0.00216337	0.0113666	0.0517758	0.00129465	0.519518	0.0512705	0.00148461	0.00499889	0.00474649	0.0041877	0.00269992	0.0089093	0.0408652	0.0065675	0.0243734
10	0.00910735	0.00160658	0.000543237	0.000642348	0.00986189	0.00087298	0.00164083	0.152193	0.00146729	0.635586	0.0133988	0.00324813	0.000451012	0.00426262	0.00552879	0.00351699	0.0128589	0.139407	0.000250506	0.003556
11	0.401142	0.00196052	0.00156524	0.0966734	0.00205749	0.0882758	0.0120203	0.00338645	0.0613909	0.0042309	0.0113449	0.0132132	0.00127699	0.0315874	0.00330641	0.0500838	0.107961	0.105896	0.000761354	0.00186552
12	0.199651	0.0037652	0.109366	0.177342	0.00541332	0.0305407	0.0191434	0.00995892	0.0739517	0.035192	0.00585507	0.0464333	0.000782889	0.0747848	0.0562233	0.0666123	0.0546684	0.020021	0.000800197	0.00949445
13	0.00763801	0.00579215	0.000733011	0.000868086	0.0445174	0.00167532	0.00260757	0.116193	0.00215324	0.633066	0.065704	0.00213045	0.00346143	0.00461944	0.00271531	0.00233846	0.0108948	0.0794689	0.0066482	0.00677516
14	0.117443	0.0504534	0.0206459	0.105316	0.0190394	0.00401403	0.347901	0.0394008	0.0052028	0.00727592	0.00346717	0.0363277	0.00235909	0.0915117	0.00525308	0.0505918	0.0231035	0.0667205	0.000915111	0.00305848
15	0.0262421	0.00341008	0.00193302	0.00255081	0.00980812	0.00329541	0.00417122	0.171166	0.00556812	0.523122	0.013124	0.0173965	0.00260465	0.0100829	0.0659584	0.00744921	0.0109823	0.115494	0.00131132	0.00432957
16	0.00631098	0.00550994	0.000631732	0.000771918	0.0474396	0.00153442	0.00692458	0.0722811	0.000919082	0.707152	0.0573581	0.00150611	0.00327003	0.0061358	0.00244035	0.0022079	0.00833294	0.0504347	0.00724289	0.011596
17	0.249071	0.00373892	0.0861968	0.159189	0.00102325	0.0298453	0.0197842	0.0104579	0.0824348	0.0313646	0.00392701	0.0438762	0.00027708	0.0889085	0.0766094	0.0497892	0.0399339	0.0143094	0.00180743	0.00745623
18	0.201992	0.00496753	0.0751312	0.121578	0.000984326	0.0190725	0.0161113	0.0111729	0.0945716	0.0529178	0.00225586	0.060741	0.000484331	0.0980615	0.132162	0.0420098	0.0370135	0.0169242	0.00124751	0.0106014
19	0.00838164	0.0023356	0.00231429	0.0317032	0.0314513	0.00291839	0.022543	0.009553	0.0199155	0.0189723	0.00890143	0.00749979	0.00174802	0.00566068	0.767042	0.0190621	0.0107208	0.0176711	0.00108079	0.0105249
20	0.0969525	0.00117459	0.029849	0.101565	0.00155272	0.0228621	0.00368742	0.0460179	0.152928	0.0304904	0.0319267	0.0132392	0.00109166	0.211915	0.0766025	0.0199527	0.0372224	0.118796	0.000524895	0.00164987
21	0.0210706	0.00389637	0.00357793	0.00598365	0.0452157	0.00640568	0.0322391	0.0110005	0.00615168	0.0276877	0.00805264	0.0152455	0.003349	0.0211129	0.0333192	0.0115179	0.00928325	0.0106778	0.654534	0.0696793
22	0.0137788	0.00881018	0.00121641	0.0227572	0.00160396	0.00890704	0.00989825	0.0102846	0.287637	0.0193724	0.0106554	0.015394	0.00102202	0.101803	0.168412	0.0664894	0.228416	0.0185396	0.000678998	0.00432393
23	0.0712842	0.04216	0.00117753	0.00180337	0.00964817	0.015377	0.00171119	0.280947	0.00330312	0.0149226	0.00561842	0.00840019	0.00833939	0.00218047	0.0163757	0.0059406	0.00420328	0.504715	0.000485637	0.00140795
24	0.303129	0.00339485	0.0442893	0.0199001	0.00308241	0.0698149	0.0042676	0.00571148	0.0491365	0.0765788	0.00351765	0.0245291	0.0946666	0.056743	0.0533629	0.154356	0.0218472	0.00759919	0.0010696	0.00300375
25	0.106194	0.00238104	0.0440941	0.0847602	0.00432017	0.0160119	0.0176354	0.00919511	0.0543342	0.0130184	0.000429432	0.0134694	0.405533	0.0290103	0.0396659	0.089102	0.0399495	0.0249643	0.000102887	0.00582857
26	0.0817785	0.015852	0.00228816	0.00318084	0.0314814	0.01773	0.00394572	0.135996	0.00651381	0.251998	0.00391012	0.00480307	0.206128	0.018222	0.00508866	0.00764062	0.0344315	0.164851	0.00113077	0.00302984
27	0.156754	0.00552138	0.0109983	0.0167664	0.00647757	0.0876068	0.0106922	0.0120199	0.015473	0.0378987	0.0050868	0.0327758	0.426206	0.009721	0.063105	0.0245136	0.0236897	0.0421437	0.001965	0.0105849
28	0.131221	0.00210522	0.0456757	0.0899051	0.00340882	0.017222	0.0252929	0.0121227	0.0625411	0.0133247	0.000821696	0.0134374	0.357926	0.037898	0.0340649	0.0799934	0.0350694	0.0312761	0.000175058	0.00651902
29	0.206643	0.00628578	0.223008	0.0761234	0.00598728	0.0745126	0.00733331	0.0368682	0.0124154	0.0426057	0.00928521	0.0399629	0.0339416	0.0369948	0.0515273	0.0218184	0.0164611	0.090779	0.00175487	0.00569231
30	0.00691334	0.005287	0.000352328	0.000466833	0.0477421	0.00120367	0.00248882	0.116662	0.00131157	0.649275	0.0475619	0.00156358	0.00242308	0.00273281	0.00308258	0.00124127	0.00627986	0.0881809	0.00657061	0.00866032
31	0.0652515	0.00142704	0.0126333	0.104449	0.00176837	0.00439502	0.0178307	0.0245602	0.0497545	0.0865239	0.0237127	0.035623	0.00101773	0.309612	0.0794679	0.0227928	0.0759901	0.0808022	0.000603129	0.00178428
32	0.0409326	0.0281567	0.169249	0.0463648	0.00149757	0.0211519	0.0328132	0.00251318	0.091715	0.0139709	0.0155066	0.343341	0.00102751	0.00191016	0.088226	0.0813722	0.00289536	0.0155757	0.000412523	0.00136813
33	0.00919702	0.00219853	0.00260209	0.0298777	0.0334978	0.00259316	0.0228453	0.0105039	0.0211562	0.0187269	0.00981822	0.0073027	0.00244574	0.00585136	0.757466	0.0190635	0.0114657	0.0184404	0.00109609	0.0138523
34	0.043555	0.00258153	0.00464166	0.0198977	0.00476384	0.00378242	0.100718	0.00452301	0.240412	0.00665518	0.00237561	0.0386139	0.00116693	0.151463	0.236778	0.0631896	0.0215684	0.0105591	0.0139747	0.0287794
35	0.0546067	0.037492	0.0013938	0.00195334	0.00184806	0.00204786	0.00232962	0.0566363	0.0112854	0.0786315	0.0178632	0.00284049	0.0011712	0.00988143	0.00280638	0.0211702	0.0595574	0.634184	0.000672898	0.00162817
36	0.0326648	0.00146972	0.408503	0.308974	0.000794671	0.0204966	0.0241783	0.00324904	0.021372	0.0108303	0.00320667	0.0417399	0.0122891	0.0485816	0.0148687	0.0297687	0.0130441	0.00233488	0.000255051	0.00137837
37	0.18733	0.0296317	0.00745309	0.0427356	0.0116713	0.0869975	0.0127178	0.0374116	0.0622605	0.0138662	0.0054029	0.0114	0.186851	0.00935104	0.118093	0.0227374	0.0619616	0.0227038	0.00185567	0.0675677
38	0.080184	0.00270805	0.0809259	0.0907064	0.00264615	0.0220382	0.0176588	0.0147562	0.135428	0.0455007	0.00148347	0.105318	0.000507713	0.10442	0.151286	0.0629567	0.0546869	0.0175236	0.00112221	0.00814299
39	0.0345749	0.00920691	0.010926	0.0388006	0.0172805	0.0167042	0.0475943	0.0177186	0.0342366	0.275218	0.0768868	0.0350908	0.00450282	0.083103	0.173273	0.0540391	0.0215487	0.0218574	0.00225343	0.0251843
40	0.0394463	0.0171564	0.000492135	0.00508347	0.0143832	0.00387406	0.00179848	0.439871	0.00371564	0.116806	0.0547483	0.00347771	0.00203667	0.00251007	0.00668309	0.00923079	0.0422164	0.230588	0.00030159	0.00558089
41	0.0201262	0.0107007	0.000699164	0.00743392	0.00950635	0.00657878	0.00674457	0.504589	0.00781105	0.095572	0.0175122	0.00403816	0.00628991	0.00257491	0.00737276	0.00474961	0.0365513	0.24737	0.000338304	0.00344073
42	0.0419217	0.0275775	0.167666	0.0459337	0.00151286	0.0211725	0.0331423	0.00250939	0.0914034	0.0139511	0.0153228	0.344247	0.00107125	0.00204573	0.088018	0.0819827	0.0031051	0.0156805	0.000418277	0.00131727
43	0.653525	0.0672859	0.000667584	0.000966641	0.000614836	0.0442084	0.00153842	0.0163736	0.00148726	0.0185688	0.000793054	0.00492384	0.00319337	0.000931553	0.00116529	0.0848601	0.0304975	0.0673794	0.000202312	0.000817265
44	0.0105864	0.00495928	0.00116002	0.00182151	0.0805501	0.00700397	0.00684056	0.0678537	0.00370616	0.616609	0.0733175	0.00223698	0.017254	0.00435855	0.00287087	0.0044463	0.0150289	0.0579933	0.00821228	0.0131908
45	0.0654063	0.00289257	0.0660085	0.0603195	0.00364719	0.035315	0.0199303	0.0166703	0.158454	0.0397296	0.00166102	0.133285	0.00117775	0.0912679	0.138228	0.0832945	0.0569829	0.0132621	0.00175221	0.0107157
46	0.284981	0.0793084	0.00175416	0.0110676	0.00295978	0.0145899	0.00249168	0.00398277	0.00297768	0.0143086	0.0121157	0.00664607	0.00185597	0.00275129	0.003096	0.450162	0.0688262	0.0213804	0.00950859	0.00523577
47	0.0695008	0.0141046	0.0717076	0.0385922	0.00315151	0.143723	0.00377174	0.00978365	0.0619238	0.0143494	0.0161081	0.148382	0.0335953	0.0463723	0.105681	0.150342	0.059091	0.00517331	0.000504405	0.00414251
48	0.596133	0.0479687	0.000748003	0.00138471	0.00425113	0.0278503	0.00167252	0.0227222	0.00196671	0.0185921	0.00509109	0.00409001	0.00344866	0.00152099	0.00274654	0.10899	0.0344338	0.111076	0.000343623	0.00497006
49	0.0578964	0.00673687	0.0475896	0.0246202	0.00324979	0.0252282	0.0260468	0.0133404	0.200315	0.0235873	0.00117932	0.146304	0.00101724	0.0932193	0.157637	0.0903569	0.0463914	0.009493	0.00740738	0.0183835
50	0.0874882	0.149038	0.00344705	0.00663971	0.00502056	0.126195	0.00697904	0.0681482	0.0058763	0.0497829	0.105696	0.00930009	0.00291798	0.0363147	0.00661819	0.0702372	0.138459	0.0897848	0.0275098	0.00454773
51	0.0357735	0.015329	0.00207314	0.00423362	0.367912	0.00284366	0.031548	0.0745965	0.00599458	0.0653369	0.0116708	0.00649722	0.00200684	0.00349745	0.00690744	0.00840136	0.0148326	0.109786	0.0202582	0.210501
52	0.0356511	0.0111972	0.00748416	0.014908	0.0125314	0.0134478	0.0160708	0.0910308	0.0183866	0.152153	0.270654	0.016045	0.00948081	0.134111	0.0882137	0.0286354	0.0244635	0.0336668	0.00834442	0.0135245
53	0.472979	0.0396169	0.00128447	0.00179507	0.00174683	0.0194853	0.00303546	0.0171016	0.00376643	0.019722	0.00178629	0.00368938	0.00236935	0.00299163	0.0032823	0.142542	0.129989	0.128335	0.00053093	0.00394972
54	0.0468357	0.0335198	0.00214999	0.00294562	0.00267236	0.00376181	0.0691709	0.0161783	0.00339605	0.110258	0.0277428	0.175547	0.00180314	0.0276274	0.0042633	0.228882	0.205937	0.021453	0.000775105	0.015081
55	0.3122	0.0722757	0.000926858	0.0045492	0.00201037	0.0169323	0.00121386	0.00182972	0.00148749	0.0145433	0.00522655	0.00495965	0.00138527	0.00141697	0.00158417	0.45367	0.0689146	0.0257607	0.0042478	0.00486503
56	0.164599	0.00443196	0.0150805	0.0270927	0.00513744	0.0220748	0.0124515	0.0147881	0.0192026	0.0187183	0.00464877	0.012083	0.519003	0.0123161	0.0228196	0.0414423	0.0456178	0.0305283	0.00170411	0.00626031
57	0.0293565	0.0208454	0.00733715	0.00934063	0.0012702	0.012334	0.00734776	0.00733925	0.00132116	0.0155843	0.00408933	0.015416	0.00305943	0.00997789	0.00720032	0.184316	0.647512	0.0147662	0.000262416	0.00132388
58	0.0244765	0.00976566	0.0020622	0.00592896	0.155801	0.00346647	0.0602537	0.0122072	0.0122134	0.0309989	0.00793417	0.0178358	0.00400196	0.00771264	0.0318555	0.0106203	0.00611062	0.025434	0.468947	0.102374
59	0.0895364	0.00630735	0.129146	0.147266	0.0321761	0.0271663	0.0230194	0.00603061	0.0613163	0.0248413	0.00207165	0.0599326	0.00613478	0.0563718	0.0924506	0.132953	0.0472129	0.0278866	0.000335471	0.0278442
60	0.0767224	0.013028	0.026114	0.0164588	0.00929698	0.0931374	0.0184366	0.0104749	0.0573873	0.0236486	0.0117033	0.408298	0.00945468	0.0239072	0.0311396	0.0557033	0.0840615	0.0186576	0.0016611	0.0107091
61	0.0483401	0.067578	0.0020714	0.0144464	0.00300593	0.0192263	0.00315174	0.11613	0.004193	0.15842	0.134854	0.0325002	0.00183116	0.0839538	0.00457809	0.033122	0.0696235	0.198352	0.00200278	0.00261965
62	0.0458738	0.00304519	0.280344	0.203093	0.00166555	0.0381601	0.0148474	0.00419839	0.0576292	0.0302661	0.00840316	0.0565219	0.00071054	0.11493	0.0466	0.05502	0.0269404	0.00675255	0.000200646	0.00479772
63	0.436691	0.0279112	0.00367711	0.00513006	0.0013038	0.398019	0.00165942	0.0127104	0.00170687	0.00714252	0.00155037	0.00716135	0.00286193	0.00137418	0.00500754	0.0498414	0.0097954	0.0247839	0.000338201	0.00133394
64	0.0322048	0.00625666	0.00537064	0.0067308	0.0536928	0.00957957	0.165753	0.0900743	0.02061	0.0797771	0.0114451	0.0166529	0.0475252	0.290684	0.0358345	0.020538	0.0202939	0.035661	0.00264202	0.0486729
65	0.062095	0.00338875	0.00187997	0.00318939	0.0578791	0.00388444	0.0553483	0.143687	0.0551212	0.159951	0.0186636	0.0190505	0.00244439	0.0763156	0.0530779	0.0330504	0.00616259	0.207475	0.000898343	0.0364378
66	0.0190719	0.017215	0.0015606	0.00175516	0.00156143	0.0043036	0.0191653	0.00497085	0.00338876	0.0272016	0.00424415	0.711866	0.00124028	0.00479299	0.00348448	0.0649919	0.069841	0.035484	0.000642328	0.00321836
67	0.0203893	0.0211918	0.000995541	0.00150116	0.0109432	0.00280185	0.00225763	0.200365	0.00409974	0.312543	0.305565	0.00239582	0.00114771	0.00387678	0.00248403	0.00539073	0.0280167	0.0695931	0.00168547	0.00275605
68	0.0247825	0.011305	0.00164629	0.00290788	0.0857327	0.011128	0.0415736	0.0815053	0.051148	0.0334554	0.0483651	0.0243203	0.001822	0.0112562	0.247909	0.0322719	0.0342849	0.032667	0.00110241	0.220817
69	0.189266	0.00421909	0.0938967	0.137035	0.00170703	0.0217469	0.0158967	0.0103765	0.0925004	0.0510863	0.00304421	0.0565475	0.000558936	0.104167	0.107761	0.0444779	0.0367999	0.0161618	0.00123875	0.0115124
70	0.36993	0.00783256	0.00404924	0.00648734	0.0643945	0.0547286	0.0193594	0.0476811	0.0362387	0.0769672	0.0101378	0.00914838	0.00600614	0.0119102	0.0374964	0.0646244	0.0121903	0.111893	0.00206818	0.0468566
71	0.0834429	0.00271916	0.00207357	0.0034104	0.00305779	0.00341041	0.00379347	0.261926	0.00382356	0.0970344	0.01616	0.0994252	0.00223605	0.00422877	0.00467017	0.00750286	0.0325243	0.339759	0.0136874	0.0151145
72	0.0740638	0.00255514	0.0701408	0.0767619	0.00228022	0.018038	0.0207009	0.015621	0.139471	0.0436059	0.000872444	0.120383	0.00086644	0.0940282	0.185416	0.0548888	0.0546689	0.0173031	0.00104528	0.00728971
73	0.0111677	0.00125724	0.0473052	0.0434227	0.00135696	0.585467	0.0267389	0.00223127	0.0659181	0.00295575	0.00676683	0.0713567	0.000998604	0.027263	0.076238	0.0222724	0.00263636	0.00298106	0.000450093	0.00121672
74	0.0708686	0.00311889	0.0924779	0.0962228	0.00458219	0.0276921	0.0159614	0.0124015	0.123759	0.040011	0.00142113	0.107805	0.00122549	0.10193	0.131985	0.0751511	0.0668234	0.0168036	0.00094108	0.00881813
75	0.0123855	0.00227929	0.000663153	0.000789509	0.0240766	0.0010348	0.00329906	0.270987	0.00547986	0.441816	0.0220034	0.0070534	0.00104703	0.00621888	0.0175029	0.00199032	0.00450065	0.167322	0.000361289	0.00918953
76	0.0850446	0.00176579	0.164662	0.056976	0.00190035	0.0291937	0.0107955	0.00326608	0.00274068	0.0212027	0.00198942	0.0208281	0.0222881	0.0542585	0.0299466	0.27692	0.20065	0.0126778	0.000776023	0.00211782
77	0.0122348	0.00094204	0.0080638	0.0160038	0.00354396	0.00713889	0.0110823	0.00492841	0.452349	0.00235924	0.00322049	0.0107775	0.00625983	0.0315688	0.39508	0.0201419	0.0105089	0.00248235	0.000333057	0.000981146
78	0.0447716	0.0104838	0.0606374	0.176059	0.00514402	0.004093	0.0739985	0.0207582	0.0642231	0.0056258	0.00235121	0.0139502	0.017922	0.0853292	0.0904537	0.14612	0.0706363	0.0944349	0.000667106	0.012341
79	0.0494751	0.00964767	0.00886199	0.0144411	0.06208	0.0151383	0.06701	0.025285	0.0293702	0.0391956	0.0255727	0.0261199	0.0127501	0.022492	0.149966	0.0438919	0.0256048	0.0264065	0.0313242	0.315367
80	0.158944	0.00148832	0.0136528	0.125335	0.00171238	0.0098985	0.0101348	0.00271661	0.261658	0.00338552	0.00159293	0.00257899	0.00110704	0.072271	0.230556	0.0256	0.0636624	0.0112004	0.000704305	0.00180142
81	0.00975228	0.00248627	0.000479996	0.000677768	0.0122982	0.000902501	0.00192035	0.134246	0.00141232	0.644345	0.0184076	0.00349261	0.000651471	0.00601866	0.00557668	0.00338346	0.0130117	0.13615	0.000908255	0.00387869
82	0.0434258	0.0203659	0.00232745	0.00325319	0.00291698	0.0167032	0.0163646	0.12828	0.0174802	0.118496	0.0156113	0.00424344	0.0957688	0.00393838	0.0564798	0.0338253	0.177417	0.200815	0.000822145	0.0414651
83	0.27548	0.00227533	0.00273818	0.00354095	0.00269352	0.0128789	0.00406982	0.0176488	0.00421096	0.00834477	0.00283151	0.00630082	0.532595	0.00398072	0.0095917	0.0280345	0.0476253	0.0290152	0.000894377	0.00524944
84	0.0557858	0.0362034	0.00156551	0.00209433	0.00205233	0.00210797	0.00249752	0.0562537	0.0129066	0.0812999	0.0183042	0.00298914	0.00134472	0.0112124	0.00281767	0.020335	0.0659797	0.621643	0.000746683	0.00186004
85	0.00626094	0.00509831	0.000361696	0.000527798	0.048741	0.0012949	0.00282853	0.121245	0.00260494	0.625701	0.0550219	0.00161649	0.00248377	0.00306391	0.00348758	0.00119218	0.00605503	0.0986012	0.00640207	0.00741208
86	0.0222377	0.00466481	0.00203512	0.00276053	0.0508255	0.00287293	0.013745	0.287247	0.0413841	0.213661	0.162161	0.00544942	0.00336748	0.0182149	0.00550098	0.00638089	0.0070948	0.145998	0.00107499	0.00332342
87	0.10913	0.0391112	0.00109366	0.00256004	0.0190316	0.0118869	0.00184388	0.28969	0.00268539	0.084786	0.162862	0.00191128	0.000910321	0.00210614	0.00220028	0.0153894	0.0278681	0.221636	0.000487928	0.00281029
88	0.0191929	0.00175906	0.0116849	0.0463493	0.0227147	0.00427034	0.0196752	0.00837177	0.0354426	0.0193621	0.00712088	0.0124039	0.00143147	0.0152595	0.714081	0.0207523	0.0148413	0.0164756	0.000706133	0.00810505
89	0.261515	0.00221354	0.00313412	0.00418551	0.0025408	0.0130008	0.00419146	0.0215281	0.00445015	0.00824737	0.00272611	0.00629012	0.53232	0.00408575	0.00936398	0.031383	0.0496133	0.0325313	0.000856022	0.0058233
90	0.0100315	0.00316617	0.0029153	0.0298088	0.0237052	0.00349965	0.0205922	0.0085039	0.0328401	0.0149346	0.00696784	0.00777351	0.00165617	0.0076557	0.766034	0.0203405	0.0115524	0.0167535	0.00121923	0.0100498
91	0.342581	0.0252346	0.0110461	0.0110851	0.00454003	0.374945	0.0077615	0.0098935	0.0103241	0.0125634	0.0035117	0.018989	0.00791746	0.00893955	0.0130522	0.0966612	0.0159097	0.0199002	0.00164571	0.00349952
92	0.00546336	0.00530842	0.000545009	0.000751574	0.0640473	0.00194855	0.00232259	0.0756904	0.000849148	0.672525	0.0572468	0.00104349	0.00427354	0.00185812	0.00325569	0.00169813	0.00874349	0.0469575	0.0375544	0.00791755
93	0.0491798	0.013105	0.0580298	0.0164269	0.0150693	0.0160282	0.223783	0.00805782	0.0409666	0.0332513	0.00721565	0.292864	0.00362662	0.00990918	0.0863044	0.0368635	0.0208038	0.0126306	0.0100007	0.0458838
94	0.0329601	0.00522645	0.00390309	0.00600011	0.110767	0.0073645	0.0244414	0.035129	0.00741651	0.292037	0.276114	0.00884499	0.0162555	0.0168839	0.0148044	0.0171036	0.0153105	0.0303329	0.00481761	0.0742872
95	0.0254313	0.0150651	0.260697	0.160116	0.025857	0.0184387	0.00348946	0.0176036	0.0289055	0.0697066	0.0274289	0.0653872	0.0553438	0.0300603	0.00485958	0.0431802	0.0425165	0.102303	0.000997784	0.00261183
96	0.0238024	0.000800239	0.338865	0.449296	0.000833242	0.0154688	0.0267902	0.00300788	0.0112017	0.00656099	0.00125814	0.0335334	0.0155884	0.0274389	0.0076345	0.0239827	0.0109388	0.0017309	0.000237086	0.00103021
97	0.113188	0.00221194	0.0433557	0.0873665	0.00386674	0.0156813	0.0189538	0.0118412	0.0546518	0.0129973	0.000662076	0.0133346	0.388704	0.0322192	0.0375634	0.0867966	0.0406059	0.0298366	0.000115162	0.00604785
98	0.106594	0.0369682	0.000924324	0.0025609	0.0161707	0.0122596	0.00163219	0.295242	0.00218595	0.0831155	0.162808	0.0017918	0.000825227	0.00194912	0.00192632	0.0157875	0.0292609	0.225036	0.000391378	0.00257049
99	0.291923	0.00307388	0.00817977	0.0174991	0.00379944	0.0230792	0.00799222	0.0859681	0.00638926	0.00722483	0.00474264	0.00639377	0.234548	0.00580112	0.00610595	0.146637	0.0566792	0.0620894	0.00104382	0.0208304
100	0.305591	0.0103813	0.00398806	0.00590168	0.00141743	0.61502	0.00173555	0.00505177	0.00154926	0.00270092	0.00150638	0.00955243	0.000802326	0.00156352	0.00782282	0.0182119	0.002637	0.00272285	0.000453292	0.00139017
101	0.317809	0.0480976	0.00332538	0.00361294	0.00248968	0.173923	0.00361128	0.0057115	0.00377966	0.00579108	0.0029763	0.00451032	0.0265708	0.00353869	0.00405767	0.36028	0.0195775	0.00634238	0.00120072	0.00279466
102	0.0049736	0.00528246	0.000290251	0.000401865	0.0645231	0.00168135	0.00202676	0.0846976	0.000565611	0.693709	0.056296	0.000674848	0.00397948	0.00155445	0.0011843	0.000873107	0.00859117	0.0516428	0.0100997	0.00695236
103	0.0349168	0.0176607	0.00126219	0.00159987	0.425394	0.00197581	0.00225096	0.0742909	0.00208034	0.122791	0.0458311	0.00233415	0.00173351	0.00213847	0.0022586	0.00344209	0.0282477	0.187089	0.00144941	0.0412536
104	0.0374665	0.00324185	0.426714	0.248585	0.00316994	0.0180145	0.0261006	0.00636483	0.0234527	0.0150167	0.00538229	0.0522938	0.0137689	0.0406672	0.0193619	0.0335678	0.0154375	0.00831205	0.000552196	0.00252969
105	0.0286118	0.00078047	0.000675555	0.00104099	0.688773	0.00108649	0.00959491	0.00389027	0.00116954	0.0479676	0.00153497	0.00273426	0.000584309	0.0011765	0.00130202	0.00619355	0.00198007	0.0215054	0.00103479	0.178363
106	0.312988	0.0116426	0.00388495	0.00576952	0.00140048	0.602886	0.00177451	0.0052173	0.00156823	0.00304829	0.00149362	0.00932574	0.000900571	0.00153808	0.00757866	0.0198116	0.00309161	0.00426248	0.000434266	0.00138277
107	0.009904	0.0092381	0.000350893	0.000704386	0.0508608	0.00178239	0.00218437	0.104733	0.000936965	0.648511	0.0631838	0.00132107	0.00293229	0.00323788	0.00134795	0.00188951	0.00867224	0.0730193	0.00748132	0.00770918
108	0.0361951	0.0139064	0.00146751	0.00426287	0.447375	0.00270313	0.0681211	0.024909	0.00877018	0.0739034	0.00899707	0.00856753	0.00411	0.00499934	0.00873076	0.0110638	0.00584209	0.0514602	0.015937	0.198679
109	0.0366463	0.0149849	0.00112508	0.00152284	0.392326	0.00204013	0.00210491	0.0804528	0.00245743	0.147682	0.0635255	0.00211502	0.00249696	0.00232652	0.00206556	0.00317587	0.026678	0.174629	0.00105803	0.0405871
110	0.027873	0.00078431	0.000692311	0.00103641	0.694087	0.0010505	0.00866615	0.00346375	0.00120379	0.0459084	0.00139014	0.00272006	0.000578296	0.00116126	0.00130738	0.00633572	0.00195586	0.0209049	0.000848311	0.178033
111	0.0748186	0.00662154	0.0114513	0.00723916	0.00846916	0.0097761	0.313554	0.00980995	0.0374086	0.0678134	0.00619302	0.246606	0.00393494	0.00898248	0.0751354	0.0160767	0.0404926	0.0132338	0.0285078	0.0138753
112	0.0100217	0.0177906	0.00103023	0.00142454	0.00115442	0.00466838	0.00879175	0.00204717	0.00315567	0.0128805	0.00150499	0.827435	0.000924843	0.00186427	0.002244	0.0365372	0.0381751	0.0266708	0.000431378	0.00124735
113	0.435335	0.00344238	0.00267074	0.00375171	0.0213778	0.154715	0.150811	0.00651937	0.00561643	0.0249346	0.00333214	0.00478905	0.00303634	0.0049524	0.00572333	0.00888892	0.00813036	0.110307	0.00125783	0.0404083
114	0.305395	0.0103755	0.0039903	0.00589502	0.00143252	0.614959	0.00173765	0.00505591	0.00157718	0.00272703	0.00150513	0.0096702	0.000799258	0.00156077	0.00787989	0.0182181	0.002637	0.00272637	0.000451525	0.00140661
115	0.246523	0.00441474	0.00929873	0.0173282	0.00563144	0.0176344	0.00747733	0.0597595	0.00938018	0.0217915	0.00485755	0.0077338	0.380228	0.00700833	0.0104969	0.0570371	0.0466857	0.0731723	0.00103017	0.0125114
116	0.0144411	0.00110372	0.00102031	0.00416828	0.371319	0.00135218	0.0368259	0.00345126	0.00156377	0.0213381	0.00108797	0.00239812	0.000592918	0.00511886	0.00237586	0.00693043	0.00226869	0.0116019	0.0184909	0.492551
117	0.0274595	0.000828079	0.000743677	0.0011181	0.683611	0.00108193	0.0108535	0.00435276	0.00114211	0.050953	0.0017469	0.00266207	0.000602935	0.00132993	0.00140975	0.00613056	0.00197384	0.0223532	0.00123697	0.17841
118	0.0475643	0.00705492	0.00565402	0.0134566	0.0882018	0.0095476	0.0556441	0.0115368	0.0126278	0.0185556	0.0126037	0.0130921	0.00680766	0.0150256	0.0303457	0.0809044	0.0195632	0.0168318	0.0232998	0.511683
119	0.00936665	0.00191642	0.000528569	0.000719039	0.00971581	0.000884147	0.00166395	0.136646	0.00123133	0.692383	0.0150741	0.00293028	0.000667134	0.00331337	0.00516186	0.00403753	0.0159799	0.0936218	0.000848549	0.00330986
120	0.291218	0.0139496	0.0120714	0.0171184	0.00448947	0.0407246	0.00706898	0.0326853	0.0150514	0.0143024	0.00378303	0.0104759	0.244197	0.0113798	0.0144821	0.185914	0.0389037	0.0304337	0.00118586	0.0105653
121	0.0645599	0.0080015	0.0206192	0.0307651	0.00777169	0.0287496	0.0263326	0.0180664	0.308213	0.021911	0.00888477	0.0446871	0.0121825	0.0629929	0.160947	0.0931031	0.0480122	0.0192083	0.00303312	0.0119589
122	0.0101263	0.0126052	0.00105101	0.00141153	0.00640039	0.0016836	0.00205279	0.18573	0.00250902	0.333597	0.350574	0.00227021	0.00129023	0.00288802	0.00277675	0.00393956	0.0365776	0.0388567	0.00151483	0.00214511
123	0.0163471	0.0105619	0.00328035	0.646522	0.00208444	0.00248062	0.0116736	0.00313303	0.00308635	0.0039792	0.0022423	0.011879	0.00148927	0.242246	0.0119006	0.0153961	0.00423851	0.00450165	0.000748076	0.00221047
124	0.0788239	0.00190163	0.0296527	0.00252063	0.0124875	0.154371	0.120775	0.00405317	0.0211888	0.00502344	0.00264647	0.143403	0.00165928	0.017195	0.00314553	0.354077	0.0257129	0.0181292	0.000716647	0.00251789
125	0.0520903	0.00265441	0.00251494	0.00332642	0.0354293	0.0202517	0.231117	0.00600921	0.00484903	0.00723448	0.0511295	0.00591558	0.0184404	0.0211446	0.108836	0.0946859	0.00659565	0.00772312	0.0333028	0.286751
126	0.0190667	0.0246931	0.0336183	0.116151	0.0266929	0.00346104	0.0542057	0.0123205	0.0631527	0.222702	0.0363723	0.0308478	0.00204882	0.0572058	0.15652	0.0389064	0.050565	0.0200554	0.000808765	0.030606
127	0.0324335	0.00587195	0.114397	0.573165	0.00345657	0.0125079	0.0162349	0.00613106	0.0112134	0.00934139	0.00306372	0.0221892	0.00836778	0.115343	0.0201602	0.0239278	0.011046	0.00673845	0.000904737	0.00350617
128	0.65303	0.0615047	0.000664556	0.000862447	0.000663356	0.0371514	0.00148774	0.0192961	0.00150856	0.0153468	0.000720664	0.00439745	0.00440189	0.000998997	0.00117682	0.0819712	0.039772	0.0740163	0.000162112	0.00086726
129	0.143619	0.00162547	0.0161967	0.0929474	0.00155209	0.010685	0.00916705	0.00395907	0.250669	0.00609545	0.00146852	0.00832941	0.00100137	0.0855576	0.282381	0.0280858	0.0444474	0.00940235	0.000689084	0.00212091
130	0.00507128	0.00531249	0.000373383	0.000518607	0.0683628	0.00191042	0.00266747	0.0751892	0.000651067	0.692015	0.0565284	0.000815947	0.00403828	0.0016417	0.00141862	0.00113247	0.00860973	0.0497538	0.0148596	0.00912934
131	0.0230744	0.00445991	0.00373001	0.00555648	0.042744	0.00570198	0.0313815	0.0111023	0.00647017	0.026285	0.00805468	0.0171706	0.00348772	0.0242388	0.0337744	0.0120699	0.00932757	0.0107639	0.663379	0.0572282
132	0.0412199	0.0268425	0.167857	0.0450557	0.00140676	0.021402	0.0334976	0.00245733	0.0913659	0.0140393	0.01496	0.347239	0.0010479	0.00183804	0.0875258	0.0823181	0.00278632	0.0154622	0.000401355	0.001277
133	0.042869	0.00335438	0.360051	0.203653	0.000549161	0.0354577	0.0126749	0.00350941	0.0471654	0.022782	0.00896258	0.0505781	0.000736345	0.102687	0.0359088	0.0443819	0.0182453	0.00339103	0.000193309	0.0028506
134	0.0887837	0.013454	0.000959337	0.00146928	0.00684848	0.00512802	0.00181391	0.275615	0.0048485	0.0452832	0.00718134	0.0115778	0.0028361	0.00170716	0.00685078	0.00948266	0.00820641	0.503872	0.00147571	0.00260665
135	0.00691038	0.0050853	0.000378286	0.000585404	0.110148	0.00184467	0.00371522	0.077772	0.00118848	0.636335	0.062376	0.000697571	0.00499432	0.00214553	0.00151423	0.0012829	0.0115837	0.0524347	0.00896533	0.0100434
136	0.0482914	0.0295531	0.0392039	0.0737688	0.0116908	0.0128798	0.0320147	0.080899	0.0521028	0.104596	0.0115358	0.0902653	0.00162261	0.0324228	0.0441133	0.058579	0.0834539	0.189767	0.00102455	0.00221545
137	0.0514939	0.00163444	0.00146789	0.00242126	0.0240946	0.0117748	0.103722	0.0466604	0.0533211	0.0414654	0.00255863	0.0327232	0.042133	0.219902	0.188404	0.0141559	0.0406112	0.0970415	0.0006039	0.0238097
138	0.113026	0.00713548	0.0356758	0.0204809	0.0461225	0.148044	0.0328108	0.0122571	0.0744507	0.0187608	0.00680393	0.110265	0.00810675	0.0324248	0.0314529	0.185742	0.0743303	0.0276661	0.00197469	0.012469
139	0.0292218	0.0230367	0.00714487	0.00997855	0.00139158	0.0119365	0.00704857	0.00760809	0.00143245	0.0146288	0.00421427	0.0149829	0.00308781	0.010411	0.00708672	0.190694	0.63965	0.0147634	0.000294302	0.00138831
140	0.0133954	0.00857526	0.000430065	0.00244842	0.0140229	0.00194947	0.00174119	0.6044	0.00338816	0.076998	0.0196403	0.00232879	0.00214714	0.00152267	0.00617892	0.00308438	0.0196429	0.215332	0.000188958	0.00258424
141	0.00871594	0.00121465	0.00406888	0.018771	0.0101185	0.00471058	0.0115027	0.00575854	0.287033	0.00596918	0.0039425	0.0096183	0.00324295	0.0207822	0.56435	0.0211515	0.00907348	0.00612044	0.000389332	0.00346618
142	0.662365	0.064905	0.000567428	0.000800902	0.000556772	0.0390051	0.00143135	0.0173178	0.00145944	0.0161589	0.000675729	0.0047817	0.00343302	0.000829314	0.00105948	0.082234	0.0323078	0.069209	0.000182037	0.000720651
143	0.0354761	0.0644634	0.00650539	0.0082945	0.00350029	0.0428119	0.00893069	0.0524263	0.00390813	0.0176895	0.0185283	0.0145803	0.00618058	0.0127219	0.00865012	0.16793	0.499005	0.0206151	0.004314	0.00346821
144	0.0525525	0.0475404	0.00109626	0.00170306	0.00285808	0.00362689	0.00186106	0.0953627	0.00757828	0.055266	0.0101093	0.00304376	0.00167787	0.00622918	0.00370986	0.0131995	0.0266843	0.663577	0.000593416	0.00173004
145	0.0111531	0.0149904	0.000725018	0.00125969	0.0391537	0.00256089	0.00257888	0.128433	0.00214651	0.549063	0.135776	0.00306844	0.0030188	0.00706311	0.00298346	0.00391542	0.016813	0.0635782	0.00571679	0.00600295
146	0.00994556	0.0071885	0.00041297	0.00225662	0.0130238	0.00160104	0.00185184	0.601721	0.00292904	0.09954	0.0188121	0.00275031	0.00176426	0.00178593	0.00544827	0.00272342	0.0178793	0.20539	0.00018	0.00279601
147	0.0303933	0.0015676	0.291271	0.452737	0.00194895	0.0187039	0.023448	0.00453692	0.0173994	0.0101826	0.0024619	0.0333468	0.014696	0.0353592	0.0135525	0.0281497	0.0133949	0.00420032	0.000337376	0.00231203
148	0.0398541	0.0350884	0.00388355	0.00501588	0.0040644	0.00913633	0.0554706	0.0144879	0.00510309	0.0676986	0.0195951	0.144259	0.00468931	0.0197817	0.00611716	0.245028	0.28907	0.0191831	0.00106184	0.0114121
149	0.00827723	0.00112002	0.000579236	0.000752884	0.0282357	0.000893075	0.00418499	0.308243	0.00291665	0.423488	0.0158837	0.00540357	0.000707014	0.00154391	0.00842116	0.00171318	0.00447534	0.169354	0.000530085	0.013278
150	0.0118758	0.00319165	0.0192462	0.00385084	0.036726	0.0208665	0.0216849	0.0232571	0.00653597	0.131339	0.0536776	0.0240968	0.291458	0.00493238	0.0059702	0.0305996	0.247483	0.0420322	0.0176626	0.00351391
151	0.546578	0.0492943	0.0028797	0.00297545	0.00262174	0.0547931	0.00341255	0.0328904	0.00560686	0.016441	0.00297814	0.00870143	0.0163065	0.00397724	0.00582136	0.144974	0.0359712	0.0584005	0.000760875	0.00461646
152	0.491121	0.034781	0.00118168	0.00147044	0.00157119	0.0213556	0.00228797	0.0157431	0.00209186	0.0206008	0.00147711	0.00320443	0.00238872	0.00203735	0.00227182	0.150933	0.118131	0.123266	0.000469065	0.00361684
153	0.0265386	0.00143033	0.000787707	0.00109244	0.669883	0.00113247	0.0145678	0.00544418	0.00126919	0.0571798	0.00275715	0.00290649	0.000692223	0.00157823	0.00189135	0.00611166	0.00213967	0.0240375	0.00243025	0.17613
154	0.0178652	0.0124295	0.00178682	0.607449	0.00220441	0.00269768	0.0135719	0.00355818	0.00348183	0.00453379	0.00238117	0.0139064	0.00170758	0.270989	0.0138234	0.0148667	0.00463564	0.0048118	0.000844853	0.00245525
155	0.0157387	0.0120325	0.000945403	0.00145078	0.0120866	0.00177336	0.00277647	0.196417	0.00467194	0.333851	0.306901	0.00313816	0.00161884	0.00494131	0.00400774	0.00414441	0.0286208	0.0599622	0.00133809	0.00358372
156	0.0223391	0.000559455	0.418134	0.362996	0.000662653	0.0104748	0.0396895	0.00299183	0.00860729	0.00644166	0.000657435	0.0441693	0.0171094	0.0227506	0.00614122	0.023595	0.0104491	0.00134041	0.000231638	0.00066
157	0.0713213	0.00237302	0.242712	0.361928	0.00289098	0.027149	0.0173798	0.00472661	0.0317419	0.0165826	0.00432232	0.0407395	0.00917195	0.0613135	0.0258789	0.0464182	0.021647	0.006517	0.000446169	0.0047398
158	0.0289245	0.00964303	0.00134885	0.00211849	0.0641766	0.00375434	0.00593071	0.437522	0.0169565	0.121534	0.119364	0.00261582	0.00214603	0.00712535	0.00354631	0.00644521	0.0107405	0.148841	0.000753618	0.00651266
159	0.00918461	0.00206898	0.000502922	0.00068592	0.016382	0.00107744	0.00164698	0.125493	0.0012238	0.708111	0.0194732	0.00266641	0.0012508	0.00268634	0.00522295	0.00396428	0.0166102	0.0758839	0.00236716	0.00349761
160	0.00630247	0.00129358	0.00132614	0.00685469	0.145637	0.00196467	0.061419	0.00283596	0.00200254	0.00387144	0.00145968	0.00245683	0.000903928	0.0088095	0.00339418	0.00756002	0.00279638	0.0040427	0.034027	0.701042
161	0.271901	0.0023494	0.0532362	0.286586	0.00618138	0.029988	0.026754	0.00411119	0.0195972	0.0186792	0.00260442	0.0703742	0.00114723	0.0710417	0.010776	0.0743449	0.0218252	0.0054045	0.000780796	0.0223175
162	0.00504169	0.00584862	0.000283954	0.000402998	0.0623804	0.00162492	0.00203914	0.0773728	0.000521624	0.698594	0.0624076	0.000603333	0.00381732	0.00186312	0.00100308	0.000988855	0.00861419	0.0496991	0.00988731	0.00700559
163	0.011802	0.000837091	0.00612405	0.0124839	0.00254763	0.00688595	0.0110905	0.00523714	0.447527	0.00180897	0.002335	0.00823257	0.00439694	0.0335238	0.413915	0.0188582	0.00922007	0.00202935	0.000283325	0.000861256
164	0.0225553	0.000517402	0.418884	0.363038	0.000637358	0.0106998	0.0387685	0.00292287	0.00872143	0.00647834	0.000638667	0.0431177	0.0173445	0.0229693	0.00621896	0.023792	0.0105736	0.0012717	0.000232482	0.000617557
165	0.0335269	0.00976217	0.0347017	0.0105087	0.053343	0.0115279	0.20308	0.0149648	0.0567084	0.0224964	0.0122725	0.126818	0.00390338	0.01767	0.195709	0.0319162	0.0183185	0.0161718	0.00797626	0.118624
166	0.0755087	0.102378	0.00289988	0.00422081	0.00346119	0.0220445	0.00516461	0.237529	0.00466177	0.00844843	0.0265442	0.00526249	0.0188691	0.00529666	0.00605262	0.399117	0.00833198	0.0594158	0.00146013	0.00333296
167	0.391655	0.0156397	0.00119992	0.00191453	0.0206832	0.00424497	0.00197788	0.0592649	0.00321284	0.0372239	0.0231182	0.00239531	0.00113098	0.00211652	0.0101808	0.160728	0.00305665	0.235491	0.000495508	0.0242702
168	0.337893	0.0147825	0.00452095	0.00689157	0.00220742	0.545732	0.0033724	0.00632448	0.00232354	0.00516746	0.00192147	0.00933254	0.001382	0.00234169	0.00738665	0.0281101	0.00657927	0.0107597	0.000742184	0.00222817
169	0.0102418	0.0118714	0.000949109	0.00185252	0.0207371	0.00169013	0.00309007	0.149874	0.00284806	0.443425	0.257553	0.00245573	0.0020379	0.0049546	0.00369473	0.00355425	0.0234869	0.0470039	0.00368564	0.00499304
170	0.0365123	0.014953	0.0236916	0.0133041	0.008497	0.027524	0.0668794	0.0141073	0.0223501	0.0259309	0.00796046	0.484903	0.00464602	0.0158577	0.0227054	0.103817	0.0388342	0.055021	0.00180429	0.010701
171	0.194303	0.108943	0.0100201	0.0146566	0.0979141	0.0181833	0.0835968	0.0765385	0.024833	0.0906645	0.0153302	0.018544	0.00996079	0.021362	0.0186595	0.0383965	0.0796859	0.0478861	0.00392693	0.0265952
172	0.0301422	0.00227694	0.0537424	0.0522288	0.0021983	0.577165	0.0215711	0.0033721	0.0531231	0.00505817	0.00732933	0.0699767	0.00231233	0.0306222	0.0515251	0.0243937	0.00617466	0.00434995	0.000563775	0.00187374
173	0.0407089	0.0125346	0.00923755	0.0136133	0.0236686	0.0146476	0.0188452	0.152411	0.0216683	0.152606	0.103038	0.01658	0.0694562	0.0282843	0.153348	0.0334113	0.0416111	0.0635139	0.00994722	0.0208679
174	0.0224061	0.00488025	0.00345781	0.00598423	0.0445935	0.00607966	0.0331188	0.0102801	0.00720714	0.0251068	0.00869942	0.01495	0.00423145	0.0210579	0.0452027	0.014104	0.00914173	0.0104154	0.640083	0.0690002
175	0.0555697	0.00503468	0.343274	0.17639	0.00393392	0.0350368	0.0206477	0.00794033	0.0584518	0.0221	0.00885149	0.0639722	0.00991196	0.0591541	0.0422341	0.0456718	0.0223846	0.0128081	0.00101723	0.0056154
176	0.00936031	0.00143895	0.00149009	0.00646112	0.17767	0.00214903	0.0587847	0.0044664	0.0035532	0.0086559	0.00229412	0.003731	0.00117454	0.00888783	0.00797497	0.00945479	0.00349661	0.00753922	0.0330288	0.648389
177	0.0789018	0.0486378	0.00129126	0.00311396	0.0120639	0.0100165	0.0021873	0.310749	0.00279541	0.1021	0.169995	0.0036207	0.00205041	0.00547166	0.0028892	0.036385	0.0327718	0.171743	0.000552944	0.00266425
178	0.10506	0.0119435	0.0102725	0.0104421	0.35429	0.0106923	0.0513368	0.0169774	0.0157515	0.0397323	0.00894339	0.0567391	0.00668318	0.00878301	0.0235201	0.0261831	0.016325	0.0344691	0.0109	0.180955
179	0.0884761	0.0303874	0.00985429	0.0110536	0.0081875	0.0192382	0.0188028	0.0246617	0.0130294	0.0309428	0.0521894	0.0428816	0.0154672	0.0155836	0.0168148	0.342147	0.221125	0.0241624	0.00363001	0.0113654
180	0.046132	0.0229172	0.00138631	0.00175232	0.371872	0.00194597	0.00286946	0.10322	0.00192358	0.0911043	0.0334928	0.00248429	0.000934797	0.00227482	0.00218653	0.0040516	0.0295349	0.186431	0.00408058	0.0894049
181	0.0108294	0.00791506	0.000394466	0.00257737	0.0128382	0.00177245	0.00181549	0.611812	0.003174	0.0850704	0.0194031	0.0024	0.00186878	0.0016382	0.00568321	0.002921	0.0206209	0.204482	0.000174754	0.00260941
182	0.145624	0.00697087	0.0309633	0.0269468	0.00758093	0.0373337	0.0119961	0.0126601	0.125577	0.0210554	0.00511011	0.102093	0.00922023	0.0504	0.0949864	0.213347	0.0618432	0.0153078	0.00234009	0.0186451
183	0.0251736	0.00413202	0.00212401	0.00791404	0.00291906	0.00490145	0.00641575	0.00633272	0.267951	0.0226775	0.017415	0.0606801	0.00214649	0.0249486	0.176052	0.0629292	0.267784	0.00951667	0.00111514	0.0268713
184	0.022626	0.00231597	0.00187799	0.00337531	0.28721	0.00368087	0.0657998	0.00702675	0.00395429	0.316273	0.0822596	0.00452871	0.0305349	0.0239268	0.0172569	0.0146511	0.00480489	0.0285283	0.00130627	0.0780627
185	0.1227	0.00232255	0.0113315	0.0156821	0.00273415	0.0732876	0.00822006	0.0141805	0.24133	0.0199444	0.00204959	0.0745099	0.00150795	0.114665	0.153105	0.103919	0.0265384	0.00593648	0.00135014	0.00468607
186	0.106194	0.00238104	0.0440941	0.0847602	0.00432017	0.0160119	0.0176354	0.00919511	0.0543342	0.0130184	0.000429432	0.0134694	0.405533	0.0290103	0.0396659	0.089102	0.0399495	0.0249643	0.000102887	0.00582857
187	0.0469195	0.00300822	0.322765	0.219093	0.00055955	0.0421482	0.013256	0.00425859	0.0515436	0.0218614	0.00825968	0.0527409	0.00166903	0.101415	0.0398575	0.044058	0.019881	0.00357392	0.000169741	0.0029626
188	0.0903146	0.0248846	0.00267153	0.0186359	0.265726	0.00480624	0.054972	0.0247186	0.0766614	0.0318702	0.0323184	0.0220802	0.0198761	0.00569936	0.0845161	0.0249188	0.00745136	0.0819181	0.0339998	0.0919604
189	0.0128961	0.0134323	0.000754536	0.0023031	0.00963412	0.00158529	0.00221173	0.355151	0.00434899	0.248996	0.0363602	0.0129578	0.00535932	0.0258124	0.00641879	0.00427704	0.0256729	0.228984	0.000327997	0.00251671
190	0.00812962	0.00440367	0.000422861	0.000623721	0.0793753	0.0024266	0.0019564	0.0785406	0.000979985	0.657797	0.0663604	0.000829031	0.00759052	0.0015665	0.00113645	0.00150585	0.017751	0.0527038	0.00844626	0.0074547
191	0.320758	0.00917327	0.00714445	0.0114871	0.00401321	0.0205898	0.00624989	0.0297048	0.00971026	0.0112767	0.0032258	0.00687325	0.378038	0.00738036	0.010259	0.0774719	0.0414277	0.0356994	0.00100883	0.00850902
