335	20
1	0.0785797	0.00393844	0.222184	0.298988	0.00199335	0.026803	0.00857096	0.01656	0.0393567	0.013126	0.0504176	0.0252577	0.00382622	0.057823	0.0146141	0.0734496	0.0238164	0.0370859	0.000854673	0.00275421
2	0.0825687	0.00234049	0.226019	0.354848	0.000430884	0.0178046	0.00908008	0.00531444	0.0563279	0.0130012	0.0116447	0.0288133	0.0016678	0.0690479	0.0176446	0.0527814	0.0288241	0.0213007	0.000138943	0.000401413
3	0.0825687	0.00234049	0.226019	0.354848	0.000430884	0.0178046	0.00908008	0.00531444	0.0563279	0.0130012	0.0116447	0.0288133	0.0016678	0.0690479	0.0176446	0.0527814	0.0288241	0.0213007	0.000138943	0.000401413
4	0.12355	0.0164499	0.115743	0.185081	0.00308525	0.0630484	0.00982481	0.0206363	0.0854636	0.0138367	0.00638354	0.0652432	0.0239645	0.0372095	0.0254643	0.0995172	0.0599045	0.0409269	0.000740626	0.00392658
5	0.051083	0.00611477	0.00972719	0.183354	0.00704573	0.0137444	0.00276693	0.103597	0.0660929	0.0679439	0.00748657	0.0187978	0.0597061	0.0784366	0.0224528	0.0631245	0.0684645	0.155315	0.000851022	0.0138948
6	0.00715565	0.0154689	0.00242423	0.00252848	0.0986981	0.00173683	0.00178144	0.133771	0.00896121	0.469696	0.117391	0.00361037	0.00238477	0.0203971	0.00788704	0.00812944	0.0184785	0.0681188	0.000406302	0.0109743
7	0.120654	0.00186301	0.0325762	0.176776	0.00443171	0.0116536	0.0248829	0.0209357	0.240027	0.0117798	0.00487217	0.0338203	0.00475806	0.0845845	0.0893181	0.0549	0.0539096	0.0274615	0.000100042	0.000696451
8	0.0171441	0.0218777	0.00190938	0.00218572	0.035999	0.00240786	0.0141596	0.106268	0.0144329	0.595233	0.00627136	0.022658	0.00151456	0.0488937	0.0197472	0.00965982	0.00741964	0.0494628	0.00152372	0.0212322
9	0.419413	0.0662301	0.00349439	0.00396163	0.00916144	0.0526184	0.00518584	0.00948689	0.00624682	0.021201	0.00813203	0.00788847	0.00649762	0.0142778	0.00394799	0.2383	0.0816611	0.035885	0.00033546	0.00607436
10	0.0118445	0.00218653	0.106533	0.0960406	0.0116774	0.0124098	0.116833	0.00584431	0.0840288	0.014893	0.00243245	0.0577974	0.00367954	0.260447	0.143176	0.0272558	0.0238198	0.00410315	0.000664301	0.014334
11	0.0141596	0.0385549	0.00383788	0.0157566	0.037416	0.00754578	0.0133534	0.0849699	0.0824861	0.249492	0.0394594	0.026206	0.0119126	0.052623	0.0954103	0.0196419	0.0601291	0.0649467	0.0335781	0.048521
12	0.0306496	0.0391547	0.0075623	0.0350523	0.0646653	0.0188277	0.0209123	0.0477744	0.135945	0.127244	0.0206339	0.0293013	0.0143786	0.0578364	0.201067	0.0242151	0.0418618	0.0441322	0.0106378	0.0281485
13	0.0105333	0.00880268	0.00877318	0.00155297	0.302215	0.0020053	0.101836	0.00874769	0.00163542	0.0346465	0.00636758	0.0109817	0.0027307	0.00186561	0.00613581	0.00317358	0.00445147	0.0140783	0.0356888	0.433778
14	0.0192381	0.0383933	0.00496287	0.0253589	0.0366216	0.0102404	0.0143988	0.0562696	0.10773	0.169428	0.0418805	0.0240515	0.0155031	0.0615099	0.126055	0.0297225	0.071156	0.0773501	0.0303449	0.0397854
15	0.0675684	0.023241	0.000962286	0.0148909	0.0278388	0.0103461	0.006311	0.158423	0.00252082	0.33097	0.0617441	0.0151247	0.00154557	0.00758535	0.00186079	0.0182154	0.053824	0.164858	0.00305321	0.0291162
16	0.0568925	0.027651	0.00936188	0.0247924	0.00321511	0.0714473	0.00445293	0.0044493	0.0481064	0.0111486	0.00375446	0.039776	0.00860061	0.0898982	0.0943454	0.180047	0.271544	0.043607	0.000857689	0.00605197
17	0.0468474	0.0361679	0.00715771	0.0090814	0.00873306	0.0104898	0.16972	0.0125324	0.012159	0.215135	0.0582289	0.0406851	0.00620907	0.0641362	0.0371455	0.125903	0.0857738	0.0406961	0.00360194	0.00959666
18	0.05111	0.0074897	0.0365227	0.130105	0.00434741	0.00722122	0.0422851	0.0115669	0.0422936	0.0156788	0.00496392	0.00763657	0.334552	0.115814	0.0454427	0.0754832	0.0529462	0.00869152	0.00183024	0.00401898
19	0.0829506	0.002325	0.224841	0.352748	0.000472139	0.0177599	0.00904971	0.00530459	0.0579543	0.0129978	0.0116999	0.0287997	0.00170048	0.0697182	0.0177841	0.0529244	0.0292397	0.0211743	0.000126319	0.000429832
20	0.0197347	0.00789469	0.000625106	0.00320083	0.0447849	0.00262053	0.00171486	0.218794	0.00311867	0.431775	0.0761081	0.0034282	0.00442583	0.00279854	0.000959878	0.0084612	0.0222773	0.139434	0.000659526	0.00718392
21	0.00434339	0.0232793	0.00805186	0.00390794	0.0586705	0.00218019	0.00199327	0.0396515	0.0264519	0.467207	0.174331	0.00800014	0.00145722	0.0667141	0.0256854	0.0130803	0.0311276	0.0410014	0.000752134	0.0021132
22	0.122014	0.00176066	0.162133	0.254437	0.00229948	0.0140209	0.00554446	0.00874555	0.125696	0.00677628	0.00454125	0.0435511	0.00214217	0.0653388	0.0190011	0.0667917	0.0751773	0.0181475	0.000192807	0.00168878
23	0.0683719	0.0342589	0.0111091	0.087061	0.0628036	0.0682999	0.0342391	0.074004	0.0206238	0.119778	0.00296257	0.0220631	0.00990359	0.0453291	0.00444799	0.120543	0.1034	0.0236116	0.000692244	0.0864971
24	0.0205699	0.000982021	0.000916497	0.00160198	0.0037214	0.00161016	0.0012451	0.543861	0.00134991	0.0790696	0.0293966	0.00196368	0.00377069	0.00141618	0.00732169	0.00503117	0.0111086	0.283993	0.000243588	0.00082732
25	0.0221865	0.0103601	0.229923	0.165365	0.00973368	0.0281016	0.0458005	0.00311222	0.0472068	0.0103425	0.00234023	0.264534	0.00989824	0.0409827	0.028333	0.0499875	0.0120063	0.00602893	0.000529363	0.013228
26	0.0598912	0.0873386	0.0120226	0.017272	0.0351052	0.0198393	0.0185926	0.057659	0.0236867	0.244061	0.107114	0.0202237	0.00791288	0.0325968	0.0268074	0.0931219	0.0483319	0.0646692	0.00469161	0.0190625
27	0.523457	0.0225147	0.00777742	0.00481747	0.0200167	0.0906958	0.00312565	0.0273885	0.00847424	0.0295529	0.00469976	0.0035529	0.0149903	0.00798197	0.00577884	0.0854	0.0562502	0.0654711	0.000588493	0.0174658
28	0.144266	0.00697438	0.00685295	0.0127403	0.00525843	0.0628504	0.0080594	0.0077675	0.0413338	0.0230277	0.0051255	0.0136529	0.358954	0.0425435	0.0144147	0.154809	0.071797	0.0134399	0.00201898	0.00411267
29	0.0156052	0.0115848	0.00357825	0.00131828	0.270524	0.00243411	0.0522047	0.0175935	0.00134975	0.0953366	0.00305396	0.0113983	0.00479038	0.00148281	0.00291373	0.003101	0.00583498	0.0181818	0.0357297	0.441984
30	0.00968768	0.00794362	0.00212925	0.00177511	0.325569	0.00433186	0.0204172	0.0537701	0.00177093	0.233117	0.0419513	0.00737669	0.00300692	0.00223314	0.00210303	0.00626041	0.00457528	0.0107053	0.0165376	0.244739
31	0.100149	0.00182803	0.0340877	0.174954	0.00540104	0.00733445	0.0263611	0.0196239	0.25644	0.00771166	0.0036076	0.0300208	0.0052325	0.0906695	0.103413	0.0542192	0.0542858	0.0237503	0.000147775	0.000763325
32	0.0681546	0.0339339	0.011172	0.0865433	0.0628843	0.0678403	0.0343879	0.073772	0.0205807	0.119882	0.00300334	0.0220023	0.0100671	0.0457341	0.00436584	0.12076	0.103306	0.0237347	0.000693179	0.0871838
33	0.0605097	0.0224912	0.000803122	0.011028	0.02725	0.00726494	0.00552947	0.179281	0.00230768	0.260167	0.0467453	0.00998926	0.00124607	0.00469861	0.00415617	0.0203297	0.06125	0.237418	0.00689236	0.0306424
34	0.106655	0.450407	0.0034634	0.00338611	0.00293655	0.0246297	0.00351092	0.044487	0.00432431	0.0240982	0.0200987	0.00426065	0.00270881	0.00444568	0.00438733	0.177887	0.031169	0.0694815	0.000910927	0.0167522
35	0.0177425	0.0210079	0.00198578	0.0021207	0.0336124	0.00232018	0.0139654	0.0965643	0.0149674	0.600704	0.0061899	0.0243024	0.00157553	0.0513836	0.0207551	0.0102078	0.00768458	0.0501443	0.00160903	0.0211569
36	0.0693998	0.0220203	0.000593867	0.0161295	0.0267653	0.010895	0.00587001	0.159626	0.00197267	0.322901	0.0632878	0.0152646	0.0014089	0.00652754	0.0010921	0.0176064	0.0567169	0.170021	0.00320034	0.0287009
37	0.165501	0.0022087	0.0999921	0.16268	0.00278868	0.0238513	0.0050679	0.00986064	0.15178	0.0111489	0.00394352	0.0593668	0.00255478	0.0532321	0.0323547	0.101013	0.0925379	0.0179399	0.00017778	0.00200027
38	0.104474	0.00125693	0.0504545	0.165193	0.00629505	0.0111746	0.0206545	0.0169501	0.248	0.00891638	0.00371941	0.0343509	0.00486862	0.0763675	0.0892551	0.0672224	0.0688964	0.0208644	0.00011401	0.000972379
39	0.00811337	0.00832612	0.00114237	0.00138865	0.0731616	0.00141749	0.0011914	0.195578	0.0048159	0.463326	0.0938797	0.00215518	0.00386643	0.0073735	0.00254515	0.00702761	0.016156	0.101713	0.000298137	0.00652522
40	0.0987259	0.00141349	0.0418701	0.163945	0.00648461	0.00945378	0.023967	0.0164358	0.256534	0.00800507	0.00382591	0.0312779	0.00450462	0.088323	0.102702	0.0607359	0.0604909	0.0203072	0.000140141	0.000857837
41	0.116911	0.00193803	0.0318305	0.178313	0.00497154	0.00961602	0.0241211	0.0219816	0.246375	0.00967107	0.00423733	0.0326741	0.00529532	0.0822889	0.0895206	0.0549472	0.0558711	0.0285714	0.000108789	0.00075644
42	0.0507484	0.0067319	0.0101026	0.00781287	0.00608924	0.0136448	0.0419436	0.0363253	0.0131896	0.0136382	0.00673329	0.629847	0.00814523	0.0178265	0.0363673	0.0466765	0.0237374	0.0212849	0.00238522	0.0067699
43	0.119364	0.001778	0.0799816	0.221123	0.00350891	0.0125774	0.0201387	0.0143143	0.192169	0.0107384	0.00706613	0.030429	0.00347361	0.0850371	0.0672723	0.0551023	0.0505109	0.0246318	0.000145065	0.000638793
44	0.114377	0.00159217	0.123	0.184639	0.00422839	0.0138392	0.00468605	0.0137802	0.179328	0.00429932	0.00115948	0.0538444	0.00414277	0.0570586	0.0292142	0.0807871	0.106306	0.0209165	0.000190443	0.00261089
45	0.102885	0.00187687	0.0321561	0.177948	0.00529506	0.00676503	0.0250534	0.0200814	0.260317	0.00724276	0.00368589	0.0289317	0.00499158	0.088669	0.10115	0.0526434	0.0544656	0.025072	0.000143429	0.000626247
46	0.0095546	0.00507614	0.000652151	0.000956726	0.0474274	0.0011161	0.000810591	0.228981	0.00346924	0.454946	0.080276	0.00128358	0.00530067	0.00217005	0.00088993	0.00679402	0.0160068	0.131353	0.000177997	0.00275797
47	0.137053	0.00156797	0.0349388	0.164878	0.00418774	0.0189498	0.0217252	0.017527	0.229246	0.0160811	0.00640781	0.0377992	0.00385386	0.0785851	0.0841993	0.0631739	0.0538564	0.0252362	0.000119427	0.000614092
48	0.102445	0.00180715	0.0325871	0.17652	0.00535309	0.00703569	0.0251613	0.0196368	0.260056	0.00737621	0.00364826	0.029254	0.00493671	0.0890822	0.101649	0.0536324	0.0547111	0.0243592	0.000132537	0.000616284
49	0.00761575	0.00693156	0.000757567	0.00107097	0.0861249	0.00132543	0.00125537	0.206981	0.00297638	0.463508	0.0791337	0.00169002	0.00359773	0.00307724	0.00109715	0.00646548	0.0145221	0.10309	0.000214218	0.00856586
50	0.0536354	0.00191074	0.305873	0.285075	0.000997601	0.0142406	0.00649531	0.00415699	0.0467636	0.00657136	0.00482193	0.0549821	0.0358467	0.035901	0.00823173	0.07245	0.0388721	0.0189388	0.000232107	0.00400354
51	0.0825687	0.00234049	0.226019	0.354848	0.000430884	0.0178046	0.00908008	0.00531444	0.0563279	0.0130012	0.0116447	0.0288133	0.0016678	0.0690479	0.0176446	0.0527814	0.0288241	0.0213007	0.000138943	0.000401413
52	0.107234	0.0019083	0.0333343	0.17654	0.00520363	0.00795211	0.0241038	0.0198273	0.256933	0.00806683	0.00391002	0.0300667	0.00481257	0.0866612	0.0973113	0.0540879	0.0558492	0.0254339	0.000124947	0.00063877
53	0.0160546	0.0233119	0.00214303	0.00260727	0.0330066	0.00258691	0.012444	0.124054	0.0161559	0.570265	0.0145361	0.0205839	0.00205551	0.0487012	0.0218365	0.00998254	0.00914383	0.0501554	0.00178308	0.0185925
54	0.115855	0.00148247	0.0955196	0.184845	0.00452259	0.011667	0.00926843	0.0158295	0.206781	0.00535756	0.00188683	0.047657	0.00383541	0.0609136	0.0447677	0.074048	0.092306	0.0212859	0.000147873	0.0020234
55	0.0477948	0.00275434	0.299207	0.224726	0.00201438	0.0133553	0.0131265	0.00444983	0.0545011	0.00541079	0.00201586	0.0777523	0.0646709	0.0243166	0.00735791	0.0758976	0.0457955	0.0231134	0.000545394	0.0111947
56	0.393404	0.0505098	0.00722883	0.015367	0.00636535	0.0384387	0.00436146	0.00766191	0.00947964	0.0126468	0.00642292	0.0152593	0.00459287	0.0196516	0.00687317	0.261819	0.096419	0.0380749	0.00039223	0.00503154
57	0.0907167	0.0124464	0.0346898	0.177601	0.00596295	0.0101842	0.0158103	0.0404249	0.180843	0.0224246	0.00616413	0.0338166	0.0141623	0.0959835	0.0560956	0.0551334	0.0721755	0.0696467	0.00109852	0.00461932
58	0.0835338	0.0022892	0.218201	0.348665	0.000589127	0.0174955	0.00942661	0.00593086	0.0637197	0.0129834	0.011546	0.0290433	0.00172857	0.0700833	0.020112	0.0524038	0.0300001	0.0216458	0.000134688	0.000468454
59	0.0405446	0.0109587	0.0512419	0.0218955	0.00967091	0.0522205	0.051959	0.0433885	0.0549905	0.0205623	0.01064	0.277098	0.0100994	0.0161915	0.0256754	0.125689	0.047072	0.110156	0.00354367	0.0164025
60	0.019384	0.0173998	0.0420689	0.190237	0.0977938	0.0116805	0.0101056	0.0124339	0.0155067	0.200202	0.0491694	0.0137211	0.0362553	0.0747152	0.074738	0.0550624	0.0182818	0.0176767	0.00368294	0.0398849
61	0.0473071	0.0180968	0.108308	0.0441105	0.0152765	0.163146	0.0378017	0.0115533	0.0285033	0.0240511	0.0166829	0.0816657	0.0201628	0.0284514	0.0309085	0.161779	0.0689537	0.0240601	0.0020275	0.0671536
62	0.05879	0.00220432	0.306483	0.306404	0.000680305	0.0168522	0.00667234	0.00475062	0.0425219	0.00849769	0.00839684	0.0438643	0.0243926	0.0425427	0.010034	0.0636645	0.0299793	0.0202209	0.000226118	0.00282242
63	0.0202368	0.00834216	0.0339123	0.00858447	0.00802735	0.0110373	0.0074619	0.0955656	0.0114777	0.0427877	0.154805	0.0108034	0.00695451	0.0117894	0.010707	0.161675	0.264332	0.0957165	0.0286763	0.00710727
64	0.044771	0.00322172	0.293001	0.230214	0.00226257	0.0116935	0.00806668	0.00496999	0.050043	0.00575195	0.00280552	0.0578408	0.0697206	0.0245059	0.00620753	0.0920085	0.0642794	0.0209721	0.000529856	0.00713371
65	0.0555905	0.0105932	0.00161812	0.0121286	0.00483337	0.0103216	0.00548434	0.291431	0.00396063	0.0301638	0.00944836	0.00738881	0.00210177	0.00877025	0.0116809	0.027014	0.042508	0.461417	0.000393573	0.00315215
66	0.0219946	0.0441794	0.0057015	0.0172117	0.0242855	0.0127638	0.0168647	0.0253577	0.148897	0.0883674	0.0141616	0.0453931	0.00981628	0.0551091	0.285225	0.0855346	0.0369675	0.0255839	0.022108	0.0144773
67	0.0638806	0.00212322	0.287026	0.324704	0.000559833	0.0187778	0.00704441	0.00495012	0.0449835	0.0102166	0.00910586	0.0382076	0.012302	0.0533626	0.0126604	0.0573765	0.0286965	0.0222773	0.000180888	0.00156442
68	0.571857	0.0261218	0.00709675	0.00229297	0.0213	0.0825448	0.00204509	0.0327961	0.00768102	0.0239826	0.00317368	0.00228177	0.00613759	0.00512167	0.00378342	0.0725355	0.0480031	0.0699989	0.000424855	0.0108212
69	0.0166966	0.0110252	0.00793326	0.0375353	0.0394755	0.032317	0.0601216	0.0157885	0.0106736	0.260324	0.183427	0.0445995	0.00672391	0.0383717	0.0124856	0.0216728	0.0168519	0.0415265	0.0550441	0.0874055
70	0.00530363	0.0275366	0.00670992	0.00553835	0.0524955	0.00208699	0.00301328	0.0381129	0.0313826	0.441621	0.156746	0.00943624	0.00300816	0.0712348	0.0379093	0.0133733	0.0343862	0.051192	0.00354562	0.00536791
71	0.181876	0.00323446	0.0405444	0.115477	0.0018188	0.055423	0.0163246	0.0110023	0.158701	0.0344472	0.0124412	0.0675623	0.00221004	0.0546865	0.0742236	0.0984742	0.0502368	0.020265	0.000194977	0.000856472
72	0.0236185	0.00599373	0.00503813	0.0157735	0.0013778	0.00182758	0.00864694	0.00993235	0.430027	0.0186911	0.0168833	0.00315379	0.0128834	0.0544967	0.321897	0.0411182	0.0168965	0.00982687	0.000758775	0.00115917
73	0.50824	0.0576968	0.00575379	0.00316816	0.0354198	0.0595036	0.0064882	0.0222335	0.0186392	0.0385616	0.00487589	0.00710609	0.00432229	0.00869161	0.007633	0.104983	0.0415018	0.0477205	0.000898458	0.016563
74	0.0454712	0.0049664	0.189392	0.192861	0.00416934	0.0219422	0.0510872	0.00385159	0.0693502	0.0257159	0.0036266	0.148701	0.021796	0.0651959	0.0485734	0.0620683	0.0178387	0.0101749	0.000523014	0.0126953
75	0.0106615	0.00914888	0.00679824	0.00127162	0.289756	0.00182511	0.0964257	0.00910976	0.00141712	0.0366139	0.00678337	0.0115133	0.00265948	0.00158635	0.00466394	0.0027968	0.00412025	0.0147254	0.0323899	0.455733
76	0.0156219	0.0115807	0.00357721	0.00129504	0.271038	0.00238483	0.0523888	0.0176067	0.00133668	0.0950291	0.00298792	0.0113592	0.00470696	0.00148513	0.00291362	0.00308526	0.00567247	0.0180774	0.0356558	0.442197
77	0.155137	0.362378	0.00267936	0.00262701	0.00220865	0.0284375	0.00337527	0.0399898	0.00364409	0.019807	0.023779	0.00509983	0.00187504	0.00416577	0.0032591	0.217952	0.0466608	0.0649835	0.000622406	0.0113191
78	0.0169581	0.00739313	0.00414518	0.0164983	0.00244378	0.00377206	0.0132984	0.0130586	0.279817	0.0300531	0.0173405	0.00770783	0.00703063	0.100821	0.325816	0.115716	0.0263752	0.00762324	0.00221791	0.00191381
79	0.0493352	0.0098407	0.00127473	0.00798718	0.00640388	0.0065454	0.00560578	0.380276	0.00373676	0.0504944	0.0141651	0.00454984	0.00249938	0.00684937	0.0117201	0.0260413	0.0378978	0.370545	0.000545505	0.00368614
80	0.202608	0.0977426	0.0111864	0.00939556	0.00527653	0.27459	0.00612485	0.0101917	0.00614792	0.0148453	0.0170489	0.0138832	0.00651277	0.00844767	0.0108221	0.21048	0.0612654	0.0268188	0.000611779	0.00600036
81	0.0609491	0.0020274	0.299158	0.316548	0.000610662	0.0161807	0.00624127	0.00448323	0.0454233	0.0088977	0.00772545	0.0420003	0.0203996	0.0453219	0.0105184	0.0601401	0.0309018	0.0201234	0.000202004	0.00214773
82	0.0284492	0.00772019	0.0050461	0.014818	0.00378572	0.00298059	0.0103861	0.0114219	0.400859	0.0305161	0.0228746	0.00452567	0.0125877	0.0542426	0.314011	0.0430643	0.0175753	0.0118884	0.00107405	0.00217338
83	0.080881	0.0022773	0.234259	0.353545	0.000461953	0.0182261	0.00873246	0.00514726	0.0551791	0.0123377	0.0109575	0.0295548	0.00418648	0.0647111	0.0164802	0.052815	0.0284791	0.0208738	0.000139617	0.000755572
84	0.1866	0.00467334	0.0422724	0.103349	0.00129897	0.067484	0.01655	0.0101808	0.13892	0.0379032	0.0136311	0.0791357	0.00183516	0.0498407	0.0683058	0.111578	0.0458299	0.0194873	0.000224283	0.000901264
85	0.347956	0.0885647	0.00184478	0.00398461	0.00172329	0.039979	0.00677033	0.00597146	0.00252412	0.0107014	0.0060366	0.00973049	0.00382956	0.00748789	0.0015601	0.329524	0.0947445	0.0352171	0.000262497	0.00158853
86	0.0700198	0.0220418	0.000616985	0.0162722	0.0258335	0.0109941	0.00591087	0.161141	0.00204829	0.320057	0.0635191	0.0150905	0.00142795	0.00650369	0.0010498	0.0179195	0.0571446	0.170776	0.00321516	0.0284184
87	0.122543	0.0015051	0.0539055	0.172783	0.00585479	0.0119029	0.0164583	0.0178934	0.235298	0.00892353	0.00375771	0.0376926	0.00436094	0.0699935	0.0714597	0.0687206	0.0716245	0.0240557	0.000132743	0.00113415
88	0.257305	0.0112324	0.00732878	0.0459546	0.0370806	0.0121435	0.0418802	0.0194794	0.0469587	0.0510732	0.0671759	0.015808	0.00669833	0.109946	0.0151557	0.0329734	0.138836	0.0708848	0.00189395	0.0101906
89	0.0156239	0.0114883	0.00362373	0.0013225	0.271095	0.00237445	0.0534359	0.0173187	0.00133159	0.0938722	0.00301164	0.0115103	0.00464823	0.0014768	0.00295658	0.00314973	0.00564721	0.0179715	0.0355084	0.442633
90	0.107523	0.00136017	0.101853	0.18247	0.00480197	0.0121066	0.00953617	0.0143993	0.20311	0.0055048	0.00190654	0.0475135	0.0042798	0.0615349	0.0495182	0.076702	0.0936669	0.0199703	0.000154486	0.00208848
91	0.0533195	0.00752111	0.012657	0.201256	0.00609878	0.0118645	0.00289192	0.101978	0.0607179	0.0697079	0.00612406	0.0173533	0.0476903	0.0846369	0.0191806	0.0580779	0.0674107	0.154567	0.000881161	0.016065
92	0.416093	0.0816254	0.00577308	0.0051585	0.0140268	0.0424498	0.00451687	0.0538848	0.0177024	0.029089	0.00810252	0.00523378	0.00448734	0.00806747	0.00615815	0.0882118	0.100226	0.0997489	0.000970034	0.00847473
93	0.0643807	0.0286098	0.0102658	0.0840703	0.0711081	0.0689378	0.0300214	0.0591623	0.0184517	0.132217	0.00533219	0.0279199	0.00932372	0.0457646	0.00597567	0.111532	0.0915712	0.027814	0.00104665	0.106495
94	0.0950245	0.00222203	0.202248	0.325534	0.00101955	0.0180625	0.00782634	0.00662175	0.0814972	0.0108189	0.00932167	0.0333627	0.00170176	0.0664875	0.018517	0.0564589	0.042348	0.020024	0.000150951	0.000752932
95	0.101353	0.00365259	0.102451	0.155952	0.00422955	0.0318083	0.0285291	0.0100665	0.148761	0.0263978	0.00679782	0.0863513	0.00745235	0.0662044	0.0714616	0.0830357	0.0429728	0.0167468	0.000510924	0.00526501
96	0.127702	0.0122968	0.0135534	0.0137688	0.00786441	0.0968048	0.0079639	0.00742478	0.045836	0.0162297	0.00859115	0.0195296	0.142913	0.0658433	0.0274157	0.190976	0.16437	0.0221144	0.00274298	0.00605875
97	0.0703276	0.021948	0.000618102	0.0160051	0.0257206	0.0108713	0.0060268	0.161134	0.00193252	0.318728	0.0632029	0.0152296	0.00146803	0.00680692	0.00110532	0.0178058	0.0573011	0.172351	0.00321617	0.0282013
98	0.150103	0.0112795	0.0511607	0.00952261	0.027458	0.165628	0.00730693	0.00796954	0.013258	0.0136683	0.0289745	0.0109172	0.0773301	0.0183205	0.0121875	0.221789	0.143498	0.016875	0.00221407	0.0105388
99	0.0923245	0.015104	0.00552782	0.0219414	0.0292158	0.0250893	0.00830344	0.130525	0.0338731	0.157242	0.0645351	0.0141988	0.0235889	0.023419	0.012757	0.0490685	0.129899	0.143956	0.0041432	0.015289
100	0.0695609	0.0151327	0.0396633	0.0361965	0.0143527	0.106009	0.0399814	0.0102493	0.0437761	0.0231527	0.0139354	0.174522	0.0142186	0.035548	0.0419342	0.148268	0.100162	0.0305481	0.001394	0.0413946
101	0.033395	0.0149543	0.0261807	0.0251457	0.0345764	0.0610721	0.0836746	0.0070754	0.0670839	0.0148817	0.0243512	0.121808	0.0246132	0.104085	0.0432011	0.156383	0.040983	0.0156524	0.00132304	0.0995604
102	0.0235199	0.00601728	0.00542141	0.0146282	0.0011066	0.00172575	0.00883634	0.00844006	0.43697	0.0168133	0.0135452	0.00358187	0.0102305	0.0574123	0.320168	0.0413857	0.0182552	0.0100387	0.000788988	0.00111474
103	0.0125599	0.00796305	0.000995624	0.00205454	0.0485965	0.00188769	0.00119244	0.211674	0.00438785	0.448208	0.0878361	0.00268458	0.0044372	0.00616379	0.00262	0.0091785	0.0202578	0.12256	0.000448631	0.00429379
104	0.0673313	0.00503587	0.220955	0.259491	0.00433256	0.0229291	0.0152917	0.00836129	0.0582684	0.0315024	0.0117089	0.0581865	0.0162754	0.0520827	0.0248929	0.0802104	0.0356112	0.0213605	0.000913345	0.00525955
105	0.0700393	0.0221214	0.000593751	0.0160518	0.0259316	0.0109915	0.00590162	0.161219	0.00189068	0.320323	0.0634986	0.0150841	0.00136394	0.00637723	0.00103396	0.017799	0.0571118	0.170999	0.00324317	0.0284246
106	0.0790887	0.0200719	0.00162257	0.0137672	0.00888853	0.00740927	0.0125309	0.229121	0.00664225	0.0791875	0.01115	0.00536445	0.00181711	0.00857235	0.0243255	0.0361142	0.0649566	0.373731	0.00222665	0.0134121
107	0.00600172	0.00748821	0.003581	0.00408133	0.304216	0.00522957	0.00411006	0.0747488	0.00538725	0.364059	0.0939405	0.00521683	0.00180765	0.0125132	0.00590355	0.0164577	0.00965005	0.0231719	0.000602779	0.0518326
108	0.19164	0.0239484	0.0030892	0.00391469	0.0340917	0.0348334	0.202805	0.013555	0.00462821	0.0208342	0.00529629	0.0487494	0.00330965	0.040428	0.0326712	0.132884	0.0616076	0.0328901	0.0147319	0.0940916
109	0.00511874	0.0277225	0.00655843	0.00438106	0.05091	0.00212709	0.00330997	0.0393242	0.0329004	0.440321	0.154538	0.0100308	0.00303109	0.0724091	0.039243	0.0128206	0.0339988	0.0523147	0.00352617	0.00541488
110	0.0158792	0.0071904	0.000735104	0.00262586	0.0421129	0.00204916	0.0013876	0.303852	0.00293719	0.360738	0.0679396	0.00277157	0.00397508	0.00392496	0.00256088	0.00883665	0.021433	0.142605	0.000661217	0.00578471
111	0.0230763	0.0116092	0.0042523	0.00994312	0.011697	0.0049996	0.0167851	0.0156582	0.0880626	0.0858726	0.0194018	0.0152079	0.00536292	0.0624102	0.547674	0.0406804	0.0157498	0.0132833	0.00319919	0.00507401
112	0.0112508	0.00453804	0.000646394	0.00117226	0.0423611	0.0012102	0.000898711	0.267382	0.00314508	0.414039	0.0749096	0.00154294	0.00543288	0.00216641	0.0015448	0.00667582	0.0156165	0.142175	0.000256061	0.00303576
113	0.309734	0.0537571	0.0128335	0.0122461	0.00934613	0.404994	0.00483854	0.0105784	0.00631807	0.0165019	0.00650913	0.00941834	0.00396862	0.00664077	0.0256091	0.0506002	0.0247649	0.0235141	0.00129265	0.00653473
114	0.0043021	0.00477602	0.00162959	0.00213395	0.350598	0.0050535	0.00476692	0.0882326	0.00214579	0.362203	0.079775	0.00372688	0.00126453	0.00338001	0.00207983	0.00862655	0.00433207	0.00653764	0.00045533	0.0639805
115	0.278741	0.0270003	0.00687956	0.00940058	0.109458	0.0402507	0.0532824	0.0275898	0.0116906	0.0377101	0.0127949	0.0224935	0.00574928	0.0226738	0.0194073	0.115631	0.0501018	0.0660082	0.00610956	0.0770271
116	0.0107888	0.008691	0.0120432	0.00178085	0.309363	0.00225902	0.110409	0.0086383	0.00200314	0.0323153	0.00641704	0.0107781	0.00284271	0.00238692	0.00796456	0.00392949	0.00504082	0.0136194	0.0389261	0.409804
117	0.0154817	0.00807763	0.0770935	0.00791559	0.0073779	0.157567	0.00777412	0.00878444	0.00912833	0.228414	0.13447	0.105328	0.00529006	0.0114341	0.00818363	0.125646	0.0367428	0.0367727	0.00180326	0.00671459
118	0.0324358	0.00585104	0.28915	0.194073	0.00517592	0.0206535	0.0295093	0.00392085	0.0447962	0.00955698	0.00253978	0.179345	0.0210837	0.0400732	0.0217451	0.0558699	0.0224952	0.0107458	0.00045151	0.010528
119	0.0198498	0.037782	0.00718235	0.0114423	0.0393752	0.0109132	0.11153	0.0679154	0.0802677	0.118978	0.014616	0.113397	0.00799805	0.0230412	0.0600531	0.0740163	0.0853483	0.0702942	0.0299845	0.0160151
120	0.0449495	0.00350905	0.240228	0.194264	0.0027822	0.0137451	0.0378019	0.0035389	0.0772415	0.0124686	0.00180039	0.108306	0.0603279	0.0435735	0.0235089	0.0674742	0.029484	0.0183467	0.000511855	0.0161377
121	0.0702078	0.0219403	0.000668012	0.0164089	0.0257973	0.0109259	0.0060986	0.161	0.001969	0.319961	0.0637749	0.0154062	0.0014149	0.0064841	0.00106131	0.017939	0.057072	0.170387	0.00321992	0.028264
122	0.0348972	0.00459938	0.000955798	0.0032703	0.00329296	0.00261278	0.0029814	0.424591	0.00234438	0.0706226	0.0246209	0.00265034	0.0027586	0.00186523	0.0090745	0.0100478	0.0243323	0.369149	0.00115218	0.00418199
123	0.151695	0.00200993	0.0412603	0.137142	0.00322294	0.0363404	0.0172297	0.0132001	0.203165	0.0249745	0.0104506	0.0515797	0.00293452	0.0623618	0.0770361	0.0836405	0.0579936	0.0226757	0.000166654	0.000921673
124	0.0940502	0.00139529	0.0511516	0.158083	0.00589681	0.0092382	0.0204794	0.015732	0.263324	0.00726743	0.00344544	0.0330283	0.0044462	0.0809108	0.0971163	0.0653162	0.0687517	0.0192692	0.000160854	0.000937171
125	0.0458264	0.0210388	0.0297246	0.0371875	0.0346267	0.0756485	0.0699525	0.00898725	0.0428697	0.0261816	0.0138688	0.159671	0.0137349	0.060097	0.0375524	0.144423	0.0597571	0.0184919	0.00101948	0.0993406
126	0.0126151	0.00565183	0.000619235	0.00168007	0.043668	0.00155789	0.00109733	0.310158	0.00266233	0.366822	0.0648402	0.00203127	0.00412218	0.00242958	0.00202392	0.00868798	0.0191836	0.145129	0.000538199	0.00448219
127	0.0825687	0.00234049	0.226019	0.354848	0.000430884	0.0178046	0.00908008	0.00531444	0.0563279	0.0130012	0.0116447	0.0288133	0.0016678	0.0690479	0.0176446	0.0527814	0.0288241	0.0213007	0.000138943	0.000401413
128	0.111906	0.00166166	0.0423179	0.16244	0.0049126	0.012868	0.0207372	0.0158241	0.252876	0.0114275	0.00672959	0.031547	0.00418046	0.082587	0.100902	0.0602548	0.053476	0.0225376	0.000160194	0.000654906
129	0.353182	0.0846288	0.00435795	0.00610625	0.0159537	0.0394793	0.0047475	0.0691502	0.00892192	0.0847243	0.0182242	0.00637061	0.00348987	0.00628774	0.00487578	0.0871229	0.0841709	0.103868	0.00136669	0.0129722
130	0.0933944	0.00177869	0.0361172	0.166987	0.00604219	0.00761492	0.033033	0.0179116	0.254611	0.00761157	0.00361561	0.0311425	0.00475975	0.0975367	0.106454	0.0533214	0.0551666	0.0215703	0.000219443	0.00111213
131	0.110732	0.00156366	0.1169	0.173579	0.00426851	0.0153933	0.00562618	0.0141364	0.185048	0.00636104	0.00189164	0.0542692	0.00424865	0.0579447	0.032957	0.0855463	0.104989	0.0213739	0.000175613	0.00299566
132	0.239395	0.0374536	0.0203965	0.0258652	0.00892318	0.383188	0.00785111	0.0132545	0.016841	0.0208428	0.00841028	0.0165461	0.00982219	0.0133519	0.0222426	0.086261	0.0369887	0.0228646	0.00139813	0.0081029
133	0.367025	0.0369557	0.0109091	0.0101292	0.0106468	0.324149	0.00489829	0.0140241	0.00789785	0.0164721	0.00652233	0.0100667	0.00717676	0.0078741	0.0169219	0.0751181	0.0338469	0.0304026	0.00102718	0.00793717
134	0.0589013	0.00829104	0.179634	0.180311	0.00761711	0.0256649	0.0338394	0.0121569	0.0794098	0.0207496	0.00890015	0.0729389	0.0143034	0.0794681	0.0796345	0.06553	0.0404749	0.0197031	0.00105835	0.0114144
135	0.0622068	0.0221289	0.0225642	0.0361087	0.0476599	0.027064	0.0301276	0.0328608	0.0463232	0.0686538	0.0239976	0.037577	0.106138	0.0406938	0.0496381	0.0727127	0.0593816	0.0473504	0.101085	0.0657274
136	0.0794373	0.00245305	0.225476	0.344861	0.00058247	0.0176116	0.011942	0.00517943	0.0555849	0.0131393	0.0109568	0.0360356	0.00329925	0.0685834	0.0204782	0.0539956	0.0284301	0.0205813	0.000146932	0.00122572
137	0.0933186	0.0186781	0.0156775	0.0289456	0.016708	0.0228147	0.0669622	0.0154212	0.0676412	0.0730104	0.01217	0.0376118	0.0082632	0.0491128	0.298296	0.0927967	0.0333244	0.0209628	0.0054323	0.0228532
138	0.0237789	0.00613412	0.00496566	0.0153802	0.00154493	0.00191429	0.00886747	0.00972603	0.428137	0.0193523	0.0163871	0.00342506	0.0129377	0.0550628	0.321794	0.0414303	0.0170764	0.00996993	0.000785151	0.00133151
139	0.0683549	0.0138477	0.043001	0.0501509	0.0113389	0.0364059	0.0366124	0.0167476	0.0553143	0.0251369	0.0117007	0.276142	0.0107724	0.0407254	0.0792153	0.124843	0.0508652	0.0241983	0.00281671	0.0218102
140	0.0273496	0.028673	0.00609689	0.0214681	0.0267964	0.0101783	0.0152335	0.0271911	0.25571	0.0802083	0.020484	0.0178665	0.020355	0.0563167	0.265277	0.0396301	0.0301141	0.0283783	0.00812736	0.0145454
141	0.00781217	0.0106657	0.00325576	0.00367405	0.184633	0.00393118	0.00375413	0.107705	0.0079407	0.420514	0.104805	0.00466751	0.00220757	0.0175375	0.00696223	0.0105676	0.0155851	0.0503822	0.00109258	0.0323064
142	0.0272818	0.00586164	0.00858837	0.0282373	0.00280972	0.00264644	0.0110738	0.00958519	0.415952	0.0171927	0.0130646	0.00624259	0.0100471	0.0628936	0.296969	0.0461133	0.0223476	0.0107693	0.00101399	0.00131008
143	0.0963426	0.018803	0.00181247	0.0133954	0.00810068	0.0123175	0.0086036	0.222488	0.00760077	0.0409136	0.00801156	0.0063035	0.0032379	0.012344	0.0165632	0.0458264	0.062871	0.406009	0.00110389	0.00735146
144	0.0171233	0.0113792	0.0072556	0.00382257	0.261137	0.00485576	0.0699129	0.0167523	0.00423955	0.0729968	0.00686024	0.0142662	0.0041809	0.00467982	0.0065093	0.0105426	0.00909587	0.018832	0.0308415	0.424717
145	0.0760759	0.00210424	0.135853	0.24772	0.00402707	0.0121636	0.0299276	0.0099154	0.121307	0.0108752	0.00649029	0.0348472	0.00472257	0.113237	0.0758174	0.0536628	0.0407985	0.0169103	0.000239707	0.00330589
146	0.394751	0.034231	0.0100842	0.00814266	0.0117718	0.346052	0.00309987	0.0168914	0.00587305	0.0165546	0.00498943	0.0064506	0.00471883	0.00520543	0.0157472	0.0437923	0.0267733	0.0361966	0.000724054	0.00795062
147	0.0680467	0.0215851	0.000591963	0.0155079	0.0267727	0.0105867	0.00569366	0.163089	0.00188459	0.324791	0.064212	0.0146927	0.00138412	0.00624974	0.000970176	0.0174775	0.0557698	0.169724	0.00308097	0.02789
148	0.0108538	0.00907821	0.00672303	0.00136357	0.285938	0.00184716	0.0964039	0.00928532	0.0014074	0.0385727	0.00659569	0.012083	0.00275329	0.00158063	0.0045589	0.00288379	0.0041204	0.0147247	0.0326092	0.456618
149	0.166856	0.100087	0.00668786	0.00958731	0.083568	0.0145044	0.0436769	0.0117926	0.0577375	0.153666	0.00703138	0.0359715	0.00467831	0.0132754	0.0357993	0.128979	0.0187579	0.0142034	0.00369331	0.0894477
150	0.0106038	0.0053534	0.000648202	0.00123742	0.0470955	0.00132819	0.000967265	0.227153	0.00337453	0.452038	0.0804034	0.00159651	0.00512288	0.0022105	0.000900878	0.00703499	0.0166284	0.132649	0.00022637	0.0034278
151	0.409059	0.0194241	0.00628711	0.00647038	0.0292656	0.0474464	0.0166866	0.00926117	0.00731763	0.0157752	0.0336393	0.0100229	0.00676316	0.0279384	0.0222935	0.181052	0.0651994	0.040297	0.00243298	0.0433675
152	0.0775622	0.0181902	0.00156143	0.012808	0.00700963	0.00918201	0.00949712	0.239893	0.00584387	0.0381764	0.00542012	0.00546027	0.00164652	0.0110435	0.0190912	0.0395056	0.058797	0.431283	0.00107847	0.00694995
153	0.030489	0.00900114	0.0114953	0.0221601	0.00744594	0.00646244	0.0210911	0.0121576	0.12906	0.0323813	0.0083458	0.0197592	0.00655606	0.0625824	0.531969	0.0506709	0.0187274	0.0112647	0.00233078	0.0060497
154	0.0234121	0.00760912	0.280707	0.163365	0.00698042	0.0235568	0.0389099	0.00287904	0.0413645	0.0101646	0.00207955	0.231286	0.0114805	0.0477852	0.0272905	0.0478825	0.0134108	0.00636316	0.00048489	0.0129888
155	0.00968432	0.00685545	0.00208628	0.00289863	0.338226	0.00574403	0.0143583	0.0692828	0.0027524	0.276022	0.0578031	0.00627577	0.00235294	0.00327467	0.00263087	0.00865257	0.00701844	0.0149728	0.00931165	0.159797
156	0.137146	0.00183022	0.0839175	0.178737	0.00362144	0.019181	0.0122749	0.0129706	0.189356	0.0116285	0.00511542	0.0468973	0.00331724	0.0687329	0.0521675	0.0786972	0.0720611	0.0208702	0.000143651	0.00133355
157	0.181641	0.00303347	0.0355842	0.124184	0.00264301	0.0584354	0.0181871	0.0106725	0.16461	0.0282679	0.0136095	0.054867	0.00240156	0.060028	0.0743679	0.085607	0.0612229	0.0189713	0.000303604	0.0013628
158	0.424663	0.0390112	0.00544	0.0035491	0.00970376	0.0860835	0.00545836	0.0127762	0.00512325	0.0149078	0.00609857	0.00740211	0.0140913	0.00870692	0.00363032	0.228331	0.0812884	0.0373032	0.000437958	0.00599407
159	0.311698	0.0838133	0.00122156	0.00282	0.00194688	0.0488024	0.00853596	0.00604135	0.00313067	0.00928238	0.0055413	0.0124442	0.00326512	0.00639787	0.00177785	0.359847	0.0987681	0.0326692	0.000263274	0.00173408
160	0.0861127	0.00208397	0.139967	0.164168	0.00406451	0.0151468	0.00726941	0.0121996	0.165501	0.00462343	0.00133233	0.0571135	0.0135636	0.0579081	0.0231978	0.0973122	0.119795	0.0248062	0.000405305	0.00342958
161	0.0159075	0.0160091	0.00216133	0.00333726	0.0819014	0.00357058	0.0116019	0.0848464	0.0112717	0.575	0.0170462	0.0295219	0.00148534	0.0383548	0.0158538	0.0143402	0.00759594	0.0399629	0.00125981	0.0289719
162	0.00461135	0.00410317	0.00172605	0.00225319	0.36785	0.00538534	0.00536431	0.0732116	0.00277354	0.353829	0.0754622	0.00449492	0.00141785	0.00459749	0.00281381	0.0099945	0.00398345	0.00686133	0.000621312	0.0686457
163	0.0227451	0.0156042	0.00137548	0.00478607	0.0472794	0.00355535	0.00513865	0.164405	0.00778771	0.469546	0.0565849	0.00976772	0.00239785	0.0229816	0.00814528	0.0102864	0.0270552	0.104406	0.00165533	0.0144981
164	0.0657421	0.002122	0.276501	0.334199	0.000603823	0.018895	0.00684253	0.00503917	0.0458538	0.0100714	0.0101979	0.0354188	0.014229	0.051271	0.0125664	0.0589151	0.0286529	0.0211067	0.000212135	0.00155987
165	0.314203	0.088608	0.00139538	0.00292993	0.00187409	0.0446468	0.00796752	0.00640201	0.00318822	0.010637	0.00619105	0.0124931	0.00255631	0.0066906	0.00192575	0.351448	0.0992797	0.0355947	0.000291152	0.00167698
166	0.0346622	0.00513695	0.000875887	0.00366018	0.00547465	0.00255137	0.00280157	0.418502	0.00205578	0.0980067	0.0293364	0.00307778	0.00273149	0.0018476	0.00766321	0.0089478	0.0243432	0.341198	0.00126153	0.00586644
167	0.277535	0.0403332	0.00941872	0.0255653	0.00363745	0.0436297	0.00748857	0.00654757	0.0125847	0.00792654	0.00508791	0.0205677	0.0599968	0.0178282	0.00766735	0.336595	0.0916469	0.0222186	0.000920542	0.00280357
168	0.118962	0.031508	0.0379813	0.0455675	0.0109094	0.0435515	0.0179574	0.0186722	0.0408189	0.0248828	0.0150641	0.0400542	0.0198611	0.0348293	0.0274042	0.217383	0.194931	0.0386852	0.00277379	0.0182035
169	0.018555	0.00818375	0.00777577	0.00955744	0.344749	0.00803266	0.0356391	0.0486384	0.00730001	0.18838	0.0431044	0.0115447	0.00422122	0.00858424	0.00817121	0.0169222	0.0108456	0.0213422	0.0126311	0.185823
170	0.13711	0.0143036	0.0346036	0.113002	0.0112053	0.0664027	0.0105749	0.0396127	0.0502721	0.0307074	0.00964233	0.0302624	0.0713234	0.0399648	0.0263066	0.105061	0.110323	0.0834165	0.00178435	0.014121
171	0.334395	0.105239	0.00185668	0.00350147	0.00217097	0.0378353	0.00641014	0.00763623	0.00367804	0.0137488	0.0073893	0.0102011	0.00335089	0.00746997	0.00216088	0.31246	0.102002	0.0360793	0.000337293	0.00207797
172	0.0336233	0.0707735	0.0485258	0.0148422	0.0159005	0.0598362	0.0218571	0.0180425	0.0196827	0.0194735	0.010111	0.0232399	0.00889444	0.0208741	0.0220047	0.124121	0.303013	0.0532378	0.002192	0.109755
173	0.0882598	0.00293572	0.216501	0.29964	0.00132032	0.0190511	0.00911519	0.00666513	0.0702253	0.0111177	0.00961452	0.0410491	0.0113575	0.0569746	0.0193086	0.0712083	0.0421178	0.0210389	0.000254224	0.00224543
174	0.00916142	0.00557038	0.000638744	0.00103698	0.0517158	0.00108543	0.000869388	0.225533	0.00347342	0.458255	0.0794269	0.00148441	0.00490906	0.00271469	0.00101189	0.00682735	0.0158861	0.126855	0.000200886	0.0033431
175	0.0549891	0.0223817	0.000737943	0.0126561	0.0541664	0.00865501	0.00503785	0.163737	0.00217509	0.339572	0.0760362	0.0119228	0.00135324	0.00632804	0.00129538	0.0150985	0.045765	0.145147	0.00269339	0.0302522
176	0.0406406	0.00606652	0.226598	0.161234	0.00348969	0.0122135	0.00841589	0.0063225	0.0375248	0.0079494	0.00363648	0.0547133	0.0707268	0.0169014	0.00707457	0.196954	0.112203	0.0193707	0.000841222	0.00712342
177	0.0148926	0.00921512	0.00551609	0.00148418	0.320954	0.00231487	0.0716143	0.0146399	0.00160683	0.0660763	0.00865739	0.010342	0.00324335	0.00187583	0.00422798	0.00408785	0.00477207	0.0159799	0.0306598	0.40784
178	0.0284469	0.00504406	0.201571	0.174068	0.00527333	0.0208026	0.0566914	0.00279154	0.0603072	0.0149915	0.00160517	0.184444	0.0175586	0.075083	0.0558909	0.0586731	0.0152864	0.00580586	0.000384692	0.0152803
179	0.0715382	0.00249393	0.115496	0.141373	0.00576029	0.0118317	0.0261145	0.0221279	0.146013	0.00767958	0.0026637	0.0504325	0.00498787	0.129163	0.0770338	0.0726152	0.090115	0.016739	0.000767629	0.00505526
180	0.00516691	0.00549888	0.00143124	0.00200913	0.291665	0.00448295	0.00415409	0.112405	0.00234013	0.385575	0.0804449	0.0035042	0.00184651	0.00311893	0.00191001	0.00819031	0.00656586	0.0276062	0.000303285	0.0517814
181	0.0283093	0.00243292	0.00101093	0.00327763	0.00190965	0.0034849	0.00191651	0.45434	0.00186246	0.056936	0.0235681	0.00326025	0.00319551	0.00226228	0.00723967	0.00816428	0.016891	0.378715	0.000258936	0.000965007
182	0.0320929	0.0401153	0.00707824	0.0289845	0.0830178	0.0173649	0.0180915	0.0537697	0.141623	0.134108	0.0198037	0.0282367	0.0131407	0.0627807	0.168868	0.0233183	0.0505686	0.0388406	0.0112368	0.0269602
183	0.0389702	0.017744	0.00472069	0.0121283	0.126343	0.0107283	0.0518718	0.0740569	0.0122639	0.174631	0.0225875	0.031894	0.00580747	0.0140764	0.0122792	0.0265651	0.0340124	0.0797373	0.0179684	0.231614
184	0.326337	0.114432	0.00263164	0.00306925	0.00526055	0.0304974	0.00429724	0.0176251	0.00700944	0.0360477	0.0124442	0.00742275	0.00219827	0.00639799	0.00350662	0.208942	0.149495	0.0569809	0.000698611	0.00470641
185	0.0578812	0.0102559	0.00145771	0.00978849	0.00485327	0.0078249	0.00530419	0.308408	0.00389056	0.0435495	0.0125998	0.00562934	0.0020981	0.00770418	0.0114498	0.0251714	0.0426277	0.434453	0.000719743	0.0043338
186	0.0462678	0.0180015	0.000735312	0.00853924	0.0354069	0.00550264	0.00386445	0.190842	0.00215945	0.306724	0.0530779	0.0077546	0.00167236	0.00403563	0.00232409	0.0153705	0.0480217	0.21803	0.00524429	0.0264249
187	0.29045	0.137138	0.00214083	0.00248123	0.00339137	0.0268347	0.00428949	0.0149736	0.00571868	0.037191	0.0165873	0.00716277	0.00182426	0.00687119	0.00329503	0.232302	0.148425	0.053598	0.000671941	0.00465317
188	0.309256	0.0901406	0.00137856	0.00254031	0.00184535	0.0506804	0.00874524	0.00636761	0.00350961	0.00927228	0.00571787	0.0143364	0.00319464	0.00607832	0.00167664	0.357824	0.0938999	0.0317526	0.000315912	0.00146803
189	0.0694678	0.0218368	0.000597809	0.0158465	0.0259822	0.0110291	0.00584714	0.161794	0.00194948	0.321157	0.0641413	0.0148684	0.00149841	0.00631969	0.00105254	0.0176878	0.0569976	0.170588	0.00322702	0.0281114
190	0.010336	0.0053574	0.000756085	0.00126044	0.0470469	0.00127526	0.00106293	0.236589	0.00361051	0.4431	0.0788934	0.00164622	0.00638397	0.00301295	0.00154172	0.00697987	0.0162675	0.131299	0.000303315	0.00327742
191	0.277539	0.0637753	0.00162535	0.00404073	0.00115603	0.0549953	0.0112381	0.0077044	0.00367299	0.00614191	0.00394928	0.0123618	0.00823152	0.00567519	0.00181778	0.399066	0.105541	0.0298946	0.000294906	0.00127896
192	0.0271964	0.0350283	0.0136343	0.0652353	0.0723312	0.00987609	0.0104696	0.0664876	0.0185625	0.331435	0.0994404	0.0150037	0.00885126	0.0399534	0.0292024	0.0271837	0.0337156	0.0658498	0.00465118	0.0258924
193	0.0451254	0.00232326	0.321775	0.236058	0.00146415	0.0107771	0.00900447	0.00335075	0.0532415	0.00424053	0.00171103	0.0627622	0.0766686	0.0188203	0.00305159	0.0795588	0.0406887	0.0201436	0.000482457	0.00875312
