213	20
1	0.064371	0.0180028	0.000716472	0.000739962	0.137791	0.0233805	0.000646485	0.140984	0.00434014	0.295765	0.0189248	0.000979324	0.00772785	0.0007401	0.000993718	0.0718107	0.0482197	0.156222	0.000335389	0.00730957
2	0.0634569	0.0174509	0.000767728	0.000750739	0.140066	0.0226784	0.000646205	0.140251	0.00457509	0.297751	0.0199597	0.00100295	0.00746789	0.000747228	0.00104088	0.070816	0.0477618	0.155415	0.000339978	0.00705482
3	0.0435994	0.00741658	0.00374264	0.00257602	0.0930124	0.0147105	0.000605804	0.144283	0.00227407	0.255352	0.0375762	0.000874875	0.00354862	0.000741093	0.000922187	0.0329091	0.0385368	0.289681	0.00394296	0.0236949
4	0.064371	0.0180028	0.000716472	0.000739962	0.137791	0.0233805	0.000646485	0.140984	0.00434014	0.295765	0.0189248	0.000979324	0.00772785	0.0007401	0.000993718	0.0718107	0.0482197	0.156222	0.000335389	0.00730957
5	0.064252	0.0179917	0.000718171	0.000740008	0.138186	0.0233719	0.000659454	0.14097	0.00435219	0.29591	0.0189381	0.000981048	0.00771629	0.000739866	0.000988133	0.0716358	0.0481843	0.156046	0.000335427	0.0072839
6	0.06422	0.0179744	0.000716462	0.000739303	0.138053	0.0233864	0.000646525	0.140815	0.00436239	0.295861	0.0189844	0.000979785	0.00772796	0.000740385	0.00100408	0.0717323	0.0481668	0.156279	0.000335427	0.00727545
7	0.0638774	0.0175832	0.000731372	0.000732136	0.140441	0.0227316	0.000682418	0.140434	0.00441339	0.297747	0.019631	0.000989407	0.00753237	0.000748872	0.00102906	0.0707008	0.0476484	0.154944	0.000328095	0.00707485
8	0.00797157	0.866263	0.00312005	0.00394971	0.00483142	0.00445485	0.00238483	0.00609021	0.00447151	0.00961424	0.00487434	0.00525701	0.00219888	0.00452464	0.0232658	0.00985283	0.0073192	0.00600781	0.0202026	0.00334521
9	0.00476712	0.000523731	0.402829	0.0440816	0.00210408	0.0043023	0.00267674	0.00550135	0.0236219	0.00357797	0.00238662	0.407005	0.00113935	0.00199031	0.013554	0.0610404	0.0137726	0.00269267	0.000954701	0.0014785
10	0.0178083	0.000348151	0.00797041	0.00465217	0.0633206	0.00663211	0.000711018	0.134521	0.00120137	0.235542	0.0538986	0.00103105	0.000549772	0.00103532	0.00132466	0.00659777	0.0277406	0.388937	0.00853568	0.0376419
11	0.174588	0.00367079	0.0072309	0.00731633	0.138714	0.0528181	0.0118451	0.0122646	0.00849229	0.015408	0.00808432	0.0830177	0.00520546	0.0111788	0.00939903	0.14108	0.0962955	0.0477673	0.00401232	0.161612
12	0.059136	0.000347952	0.0402402	0.158688	0.0107125	0.0381372	0.0412471	0.0210757	0.0804191	0.0756025	0.0287455	0.0581505	0.0101139	0.0961492	0.0960235	0.0496257	0.0683537	0.0387642	0.00529573	0.0231717
13	0.0396778	0.00168689	0.0612179	0.0118658	0.00731022	0.654436	0.00583292	0.00858848	0.01241	0.0117967	0.00766341	0.0908849	0.0029625	0.00846097	0.022582	0.0229159	0.0131299	0.00874553	0.00232202	0.00551011
14	0.0109687	0.000184029	0.0264589	0.0617104	0.000634563	0.025861	0.0326809	0.0148465	0.283629	0.00444521	0.0112521	0.0616334	0.00088483	0.0871007	0.270813	0.0509643	0.0344811	0.00921422	0.00301828	0.00921875
15	0.00272391	0.000373358	0.00119081	0.00676822	0.00378985	0.00796597	0.000932734	0.00200321	0.00146779	0.0088433	0.00206218	0.00160688	0.000745598	0.00134228	0.00771477	0.00309876	0.002451	0.00214618	0.928752	0.0140213
16	0.117248	0.000702605	0.00449788	0.0665868	0.0539739	0.0132567	0.00741895	0.131236	0.0111947	0.0751227	0.0844056	0.0113775	0.0023264	0.0507914	0.0105812	0.0331699	0.0843368	0.229843	0.00342292	0.00850692
17	0.00584683	0.00113177	0.00209073	0.0031699	0.375068	0.00319552	0.0232518	0.0101639	0.0276007	0.0945834	0.0264497	0.00522181	0.0132972	0.00504002	0.0329735	0.0215665	0.00421934	0.0038199	0.0672293	0.27408
18	0.0577612	0.000586547	0.0545033	0.173734	0.0118879	0.0560827	0.0399866	0.0199567	0.0570963	0.0650351	0.0395269	0.0487929	0.0287242	0.110547	0.0777616	0.0455327	0.0518599	0.0209515	0.0196919	0.0199807
19	0.0191266	0.000928231	0.00845932	0.00449795	0.0652284	0.00824575	0.000679552	0.130314	0.00132536	0.23524	0.0533299	0.001047	0.000928981	0.00108755	0.00136806	0.0100985	0.0294407	0.382528	0.00808652	0.0380393
20	0.320172	0.00410933	0.0057743	0.0051892	0.0119873	0.0387031	0.00597155	0.00773874	0.0412463	0.0136812	0.00383399	0.0134386	0.0169347	0.0465873	0.0382194	0.298486	0.104674	0.0159145	0.00425192	0.00308665
21	0.00792004	0.852384	0.00336035	0.00376853	0.00457508	0.00463743	0.00250056	0.00624292	0.00490437	0.0115271	0.00725945	0.00546202	0.00222186	0.00480114	0.0232219	0.00886097	0.00696894	0.00650646	0.0294507	0.00342636
22	0.0554586	0.000202002	0.0435045	0.167932	0.0133055	0.0472196	0.0507844	0.0246687	0.0691769	0.0801876	0.0365042	0.0564774	0.0122967	0.107828	0.0794764	0.038762	0.063655	0.0240892	0.00611394	0.0223573
23	0.0154832	0.000911867	0.0200656	0.0201149	0.124683	0.00447385	0.192429	0.0169735	0.0553121	0.033562	0.0128619	0.0662205	0.00225233	0.0449884	0.0940024	0.0536347	0.00774655	0.00755326	0.016613	0.210118
24	0.044042	0.00184619	0.0601079	0.00957611	0.00907077	0.623355	0.00713834	0.0100638	0.0152471	0.0165524	0.00828259	0.0930355	0.00427684	0.00955674	0.0243366	0.0281104	0.0156767	0.0105729	0.00399366	0.00515806
25	0.0262898	0.00123586	0.0225078	0.0572736	0.00678782	0.0232982	0.0368537	0.0199973	0.19322	0.0181083	0.0140032	0.0447095	0.00707535	0.107073	0.279577	0.0713258	0.0374257	0.0153237	0.00430354	0.0136111
26	0.0130665	0.00151127	0.0272913	0.0103481	0.00578857	0.0074548	0.00469765	0.00909239	0.115283	0.0559055	0.00685411	0.052829	0.334734	0.102602	0.132405	0.0481303	0.0357054	0.0295004	0.00232842	0.0044723
27	0.0291566	0.000497227	0.487861	0.187957	0.00351176	0.027967	0.00847483	0.00616128	0.0205852	0.0111668	0.0148236	0.0911761	0.00132974	0.0170495	0.0135802	0.0480766	0.0144594	0.00432521	0.00100603	0.0108353
28	0.136109	0.00362243	0.0490422	0.0274561	0.0437194	0.0316307	0.00356077	0.00852168	0.0845053	0.0479873	0.0059534	0.00636669	0.00692922	0.0125823	0.115594	0.241997	0.138853	0.0293628	0.00214012	0.00406641
29	0.081358	0.000337013	0.122421	0.248029	0.0117663	0.0635825	0.0140787	0.0088806	0.056223	0.0409049	0.0444498	0.0616137	0.00336144	0.0455591	0.0342431	0.0761841	0.0418459	0.0133025	0.00206198	0.0297968
30	0.0273203	0.00209576	0.009501	0.0117693	0.207378	0.0113272	0.0987769	0.0139852	0.0129035	0.037475	0.00851657	0.0310371	0.0017354	0.0109913	0.0212154	0.052361	0.00495737	0.00374083	0.00730808	0.425605
31	0.0132672	0.015422	0.0173064	0.074829	0.00364294	0.00384079	0.00866963	0.00527472	0.0622539	0.0978387	0.00402645	0.00372304	0.00172517	0.503314	0.146685	0.00945886	0.0208499	0.00406035	0.001214	0.0025983
32	0.0157847	0.000610361	0.0239665	0.0231161	0.102167	0.00381767	0.225068	0.016461	0.0692451	0.0272438	0.0137483	0.0684127	0.000822255	0.0429813	0.104835	0.0662308	0.00813434	0.00812459	0.00617399	0.173057
33	0.00598753	0.000963053	0.00284685	0.0152122	0.00567048	0.00997633	0.00307225	0.00426321	0.00402254	0.0235827	0.00571746	0.00314805	0.00169874	0.00725806	0.0112682	0.00531355	0.00556203	0.00469785	0.865975	0.0137641
34	0.0151319	0.00029076	0.0278021	0.0629565	0.00184033	0.0250308	0.0318842	0.0170285	0.279131	0.00771115	0.0125202	0.0579897	0.00115954	0.0814732	0.262005	0.0525452	0.0365633	0.0145013	0.00276175	0.00967386
35	0.00273011	0.000364361	0.00119085	0.00677464	0.00378801	0.00797517	0.000932575	0.00199093	0.00145369	0.00855682	0.00185774	0.0015952	0.000721973	0.00134874	0.00771223	0.00307481	0.00243961	0.00211916	0.929327	0.0140459
36	0.00999578	0.00128779	0.024667	0.0674394	0.00095424	0.0225994	0.0329289	0.0156095	0.265918	0.00892843	0.010031	0.0541406	0.000986995	0.140388	0.2489	0.0448421	0.0304739	0.00883316	0.00273747	0.00833837
37	0.033589	0.00105935	0.00221479	0.0029649	0.00479005	0.00375156	0.00238961	0.0079036	0.00313972	0.0668925	0.0460038	0.00340686	0.749542	0.0208411	0.011823	0.00609813	0.0228662	0.00681422	0.00157737	0.00233244
38	0.00791629	0.00123197	0.00262685	0.00337735	0.400391	0.00431159	0.0143465	0.0204384	0.0150985	0.127078	0.0444529	0.00406133	0.00800799	0.00341003	0.0179127	0.0162139	0.00598254	0.0181606	0.0637397	0.221242
39	0.00482875	0.000525982	0.399232	0.0434945	0.00209033	0.00430067	0.00267737	0.00567119	0.024056	0.00354238	0.00237443	0.410525	0.00112834	0.00198881	0.0137351	0.0609382	0.0137466	0.00271376	0.000958725	0.00147166
40	0.647301	0.000302186	0.0010657	0.00123673	0.00171616	0.0579763	0.00101127	0.0210295	0.00481426	0.00733058	0.0143811	0.00523956	0.0380907	0.00133865	0.00188124	0.0407729	0.0493359	0.10369	0.000493824	0.000992441
41	0.0841796	0.000472185	0.00190681	0.0787964	0.00841808	0.0289819	0.00174226	0.0583535	0.285979	0.0649438	0.0372403	0.0131252	0.00129701	0.0237468	0.118414	0.0416935	0.0694573	0.0729568	0.000714119	0.00758211
42	0.0860956	0.000408836	0.00194346	0.0790509	0.00919591	0.0294977	0.00174499	0.0575737	0.281664	0.0664786	0.0376535	0.0126779	0.00126481	0.0245523	0.118619	0.041414	0.0663368	0.0749219	0.000707259	0.00819881
43	0.0441277	0.00937826	0.00170278	0.00203099	0.140718	0.0118133	0.00146155	0.092397	0.00371214	0.355617	0.128384	0.00217114	0.0062324	0.00209472	0.00266979	0.0361629	0.0310551	0.117947	0.00419162	0.00613275
44	0.0173421	0.0171939	0.00368425	0.00578757	0.0391536	0.00526736	0.00334275	0.0607269	0.00608572	0.379867	0.261079	0.00566394	0.00921222	0.00638605	0.0079541	0.0150947	0.0100264	0.0650364	0.0760606	0.00503589
45	0.0406106	0.000450632	0.0793905	0.279778	0.00544586	0.0620324	0.0327976	0.0117282	0.0751686	0.0412155	0.0203269	0.0590087	0.00684537	0.0891753	0.0903425	0.033391	0.0330207	0.0124411	0.00349084	0.0233393
46	0.0718113	0.000570288	0.00260547	0.04579	0.00784819	0.0171488	0.0105245	0.0422921	0.314873	0.0426681	0.0429607	0.024123	0.00141338	0.0223386	0.158906	0.064231	0.0784277	0.0449818	0.000876016	0.00560955
47	0.0168001	0.00527209	0.00303017	0.00575134	0.0459247	0.00419635	0.00241212	0.0997075	0.00446664	0.410863	0.256533	0.00554657	0.0106327	0.00535738	0.00610728	0.015601	0.00801655	0.0752848	0.0114389	0.0070581
48	0.0124475	0.00048047	0.0244425	0.0584682	0.0010448	0.0275884	0.030594	0.0150673	0.275809	0.00529038	0.0107925	0.056775	0.00130959	0.0854004	0.289887	0.0485917	0.0351183	0.00937734	0.00289563	0.00861953
49	0.0185629	0.000994622	0.0814615	0.00346046	0.00387738	0.696348	0.00287727	0.00530097	0.00493193	0.00631651	0.00471297	0.120751	0.00193082	0.00406127	0.0207349	0.0082357	0.00629341	0.00492155	0.00154477	0.00268271
50	0.0179854	0.000395301	0.0200819	0.0515532	0.00252994	0.0253272	0.0263659	0.0214143	0.277165	0.00775848	0.01181	0.0491006	0.00340897	0.0730625	0.3035	0.0461463	0.0350724	0.016536	0.0027053	0.00808149
51	0.0251222	0.000421294	0.0199244	0.0530259	0.0034079	0.0230608	0.0254803	0.0228882	0.27446	0.0110868	0.0143087	0.0471906	0.00476937	0.0706342	0.284595	0.0515206	0.0386953	0.0188428	0.00251819	0.00804732
52	0.0160965	0.00226446	0.000989552	0.00374729	0.0260827	0.00141059	0.000903995	0.102605	0.00251258	0.325807	0.385056	0.00166884	0.0164849	0.00297185	0.00323976	0.0136895	0.0026181	0.0857919	0.00490982	0.00115002
53	0.0162258	0.00225219	0.000995563	0.00374122	0.0262119	0.00142138	0.000907485	0.102399	0.00252116	0.325863	0.385092	0.00166305	0.0164952	0.00291649	0.00319279	0.013597	0.00268385	0.0857031	0.00495712	0.00116132
54	0.008856	0.000939218	0.00262757	0.003228	0.43183	0.00423242	0.0220331	0.0187534	0.00832169	0.0865529	0.032738	0.00691815	0.00393963	0.00278266	0.00928669	0.0198826	0.00304029	0.00242882	0.0236229	0.307986
55	0.0319329	0.000720649	0.00128513	0.00189184	0.025115	0.0023035	0.00115153	0.331722	0.00276294	0.0584527	0.0269074	0.00454407	0.00114236	0.00350532	0.00491641	0.0277386	0.0350867	0.433788	0.00114264	0.00389061
56	0.052686	0.00507845	0.0586105	0.0181732	0.00803513	0.616631	0.00597175	0.0083621	0.0132478	0.0128244	0.00757026	0.0889527	0.00384242	0.00925254	0.0244082	0.0296368	0.0148888	0.00963297	0.00289154	0.00930326
57	0.00633409	0.000759661	0.784892	0.0587976	0.00273613	0.0130934	0.0196302	0.0110742	0.00626421	0.00521815	0.00296246	0.0472258	0.00231483	0.00291388	0.00497473	0.017924	0.00472943	0.00476361	0.0012158	0.00217585
58	0.0758944	0.00745718	0.0092233	0.0118439	0.0206531	0.0394405	0.0106906	0.0154415	0.0156014	0.0243918	0.00939337	0.0155835	0.00543421	0.0151783	0.0202378	0.504095	0.160258	0.0187241	0.00299498	0.0174626
59	0.00450362	0.000690098	0.00148961	0.00158577	0.00927839	0.00214882	0.00120985	0.220453	0.00202769	0.62298	0.0355102	0.00209102	0.00129012	0.00171602	0.00256132	0.00370115	0.00379916	0.0718082	0.00153388	0.0096212
60	0.0207485	0.00115021	0.053381	0.0336261	0.00691372	0.106445	0.044408	0.0325956	0.0499208	0.066529	0.0365133	0.344733	0.0128059	0.0599206	0.0222036	0.0654456	0.0203056	0.0118885	0.00314843	0.00731787
61	0.039304	0.00096825	0.0306598	0.0974817	0.0510446	0.0360843	0.100282	0.0251265	0.0635977	0.0819508	0.0382471	0.0484442	0.00763389	0.0783465	0.103483	0.0470604	0.0427782	0.0181132	0.00611715	0.0832766
62	0.15499	0.00149252	0.00704274	0.00700383	0.00891518	0.101233	0.00829258	0.00976862	0.00984225	0.0170665	0.00813007	0.302653	0.00416758	0.0465208	0.010012	0.195561	0.0762639	0.0165322	0.00543817	0.00907356
63	0.0545538	0.00352657	0.0144593	0.0443567	0.02792	0.022457	0.0157824	0.0442961	0.0385672	0.05364	0.180064	0.0264364	0.01177	0.182908	0.0388844	0.0508753	0.125973	0.0450617	0.00642302	0.0120451
64	0.00513141	0.000790749	0.00170516	0.00315883	0.417598	0.00355571	0.0137646	0.0130907	0.0144032	0.0893775	0.0386221	0.00336653	0.00708211	0.00311044	0.0169869	0.015388	0.00397461	0.00331775	0.105767	0.239809
65	0.132422	0.000913147	0.00419342	0.0916445	0.0622958	0.0192469	0.00966364	0.121026	0.0109635	0.0720282	0.0821732	0.012567	0.0024636	0.0773404	0.00840073	0.0405631	0.0903585	0.150537	0.00279126	0.00840925
66	0.080776	0.0079458	0.0142221	0.0161848	0.0173316	0.0395653	0.0081522	0.014148	0.0183825	0.0203379	0.0109177	0.0229742	0.00602685	0.0146008	0.0223998	0.490819	0.162737	0.0158987	0.0030693	0.0135103
67	0.015364	0.00315568	0.00100431	0.00252338	0.0535035	0.00151432	0.00104975	0.0802083	0.00205246	0.386449	0.336589	0.00171913	0.0127351	0.00224313	0.00260712	0.0117504	0.00495112	0.0722814	0.00696903	0.00133039
68	0.034777	0.000479027	0.000831281	0.00134223	0.0176903	0.00141081	0.000714947	0.301343	0.0010493	0.0749343	0.0338589	0.00100127	0.000609559	0.00290539	0.0017083	0.0137657	0.021285	0.487763	0.000618358	0.00191281
69	0.00822391	0.87007	0.00294496	0.00364656	0.00463083	0.00443719	0.0024101	0.00619193	0.00449194	0.00801674	0.00433577	0.00525606	0.00230532	0.00430821	0.0236176	0.00943743	0.00722888	0.00567397	0.0196952	0.00307715
70	0.0145457	0.0028221	0.00103291	0.00299991	0.0374279	0.00142413	0.000842945	0.0893576	0.00217141	0.370596	0.357453	0.00157841	0.0145954	0.00247527	0.00272879	0.0132448	0.00306876	0.0744121	0.0061668	0.00105601
71	0.035636	0.000762753	0.0030288	0.00290755	0.0353449	0.00390444	0.000531349	0.224156	0.000871479	0.163917	0.0506359	0.000823728	0.000588841	0.00256915	0.00108087	0.0102426	0.0310917	0.414104	0.00317186	0.0146315
72	0.0474397	0.000677648	0.0929882	0.226202	0.00772152	0.0476063	0.0406282	0.0135683	0.0490387	0.0516471	0.0223852	0.052882	0.00767315	0.152025	0.0593749	0.0400536	0.03585	0.0140145	0.00416664	0.0340568
73	0.0406994	0.00202561	0.00543156	0.00815366	0.0407988	0.0077489	0.0836049	0.0743518	0.0253713	0.105118	0.0747533	0.0171472	0.00328694	0.0131321	0.181302	0.114703	0.0874887	0.0152698	0.00277352	0.0968395
74	0.0310669	0.000919042	0.00427203	0.00517069	0.0218912	0.00396702	0.0271438	0.0634225	0.062113	0.0526225	0.0759917	0.0714735	0.00269591	0.0231072	0.0623713	0.156797	0.21894	0.0908862	0.00280078	0.022348
75	0.0552652	0.000898383	0.00464361	0.00451556	0.0251814	0.00408592	0.00379366	0.355309	0.00499865	0.0224295	0.0142864	0.0188752	0.00295725	0.00510678	0.0251404	0.0876198	0.136738	0.215836	0.00354129	0.00877827
76	0.00709019	0.000620809	0.00222276	0.00292093	0.459098	0.00349912	0.0180621	0.0174874	0.00990163	0.095063	0.0376064	0.00532599	0.004446	0.00281906	0.0109973	0.0165852	0.00333363	0.00302507	0.0284144	0.271481
77	0.0144672	0.000187282	0.0224027	0.0546112	0.00130015	0.0225916	0.0313598	0.0169484	0.294106	0.00592908	0.0133959	0.05618	0.000935877	0.0798329	0.267386	0.0548364	0.041771	0.0104868	0.00267421	0.00859829
78	0.284871	0.00403162	0.00250873	0.00618181	0.0351165	0.0215276	0.00184924	0.155129	0.00501512	0.0987724	0.0368038	0.00687787	0.00744162	0.00558464	0.00711472	0.0563714	0.0710789	0.187905	0.00190204	0.00391762
79	0.0552271	0.000283839	0.041658	0.17018	0.0170416	0.0441098	0.0510761	0.0257176	0.0760878	0.0812558	0.0339153	0.0552893	0.0133696	0.103502	0.077359	0.0382186	0.0640138	0.0236326	0.00603073	0.0220318
80	0.00492685	0.000542688	0.439103	0.0521686	0.00223959	0.00498095	0.00374983	0.00622554	0.0212236	0.00399667	0.00261388	0.368775	0.00130175	0.00220751	0.0121951	0.0557073	0.0125886	0.00282954	0.000919058	0.00170498
81	0.560601	0.000538341	0.00241709	0.0028292	0.00320752	0.0423464	0.00224623	0.034669	0.00597114	0.0127594	0.0156538	0.00562961	0.0188707	0.00327277	0.00464886	0.0407931	0.0852631	0.155314	0.00135576	0.00161315
82	0.00688423	0.000840318	0.00223574	0.0026646	0.00379242	0.0245402	0.00215006	0.00429845	0.00313795	0.00521745	0.00359874	0.00353226	0.00150635	0.00354775	0.00387874	0.593209	0.327393	0.00405421	0.00124237	0.00227624
83	0.0281232	0.000244508	0.000843897	0.00111436	0.01606	0.00105962	0.000705497	0.370425	0.00112062	0.075369	0.0404116	0.00112226	0.000485321	0.00369427	0.00148989	0.0113099	0.0199966	0.424191	0.000515814	0.00171794
84	0.0381111	0.000622682	0.382883	0.202342	0.00456817	0.0353749	0.0104727	0.00640648	0.0286208	0.0158044	0.0197796	0.109235	0.00358736	0.0214266	0.0195993	0.0609666	0.0188556	0.00621489	0.00146143	0.013667
85	0.0256455	0.00219015	0.00815973	0.0114894	0.235789	0.0101319	0.0932488	0.0136538	0.0126913	0.0389433	0.00849522	0.0283998	0.00185822	0.00962434	0.0216754	0.056314	0.00463718	0.00379626	0.00796299	0.405293
86	0.0417193	0.0605044	0.0144922	0.0157356	0.0781774	0.0223088	0.0400769	0.0260907	0.0163735	0.0940539	0.0181273	0.091298	0.0072353	0.0161283	0.0236736	0.110771	0.0303538	0.0234897	0.00781401	0.261577
87	0.00418386	0.00867811	0.00303022	0.00947599	0.00790829	0.00866123	0.00504874	0.00361904	0.00969506	0.0109594	0.00340865	0.00451587	0.001021	0.00513153	0.02171	0.0063901	0.00519126	0.00346645	0.85967	0.0182354
88	0.541326	0.0017906	0.00219039	0.00272724	0.00744791	0.0497237	0.00369685	0.0168452	0.0103708	0.0111396	0.0117956	0.0206346	0.0398261	0.0106341	0.00781554	0.117611	0.0540791	0.0834322	0.00303101	0.003883
89	0.0244508	0.000992568	0.00362115	0.00364007	0.00316782	0.00336793	0.0025352	0.00411603	0.00479788	0.045513	0.0315623	0.00469039	0.788346	0.0239954	0.0156395	0.0073291	0.0242026	0.00476828	0.00118875	0.00207561
90	0.00532186	0.000614395	0.00155577	0.00241892	0.46169	0.0025151	0.0115162	0.0174131	0.011048	0.1061	0.0474315	0.00265547	0.00529603	0.0025688	0.0118203	0.0130041	0.00369316	0.00302641	0.0330775	0.257233
91	0.00581156	0.000931786	0.00140519	0.00167174	0.0122915	0.00207103	0.00125043	0.210139	0.00225225	0.603348	0.0580407	0.00188753	0.00245774	0.0019111	0.00252694	0.00453533	0.00441874	0.0722344	0.0021515	0.00866396
92	0.0455983	0.00276089	0.00239143	0.00320891	0.0446883	0.00636546	0.000865052	0.202609	0.00137731	0.165329	0.0423128	0.00119571	0.00158364	0.00239658	0.00125481	0.0179698	0.0332555	0.410302	0.00233432	0.0122009
93	0.0309392	0.00250309	0.0644068	0.24725	0.0043907	0.0432613	0.0293776	0.0110375	0.0901811	0.0401259	0.0156781	0.0449116	0.00538734	0.171007	0.109405	0.0303049	0.0282758	0.00975989	0.00311386	0.0186827
94	0.115185	0.0164247	0.00704716	0.00856073	0.112409	0.0344624	0.00786526	0.0801425	0.0128551	0.184965	0.0191639	0.00907083	0.00687282	0.00974296	0.0188357	0.188284	0.0546014	0.0907928	0.00303834	0.0196795
95	0.0203112	0.000908559	0.203804	0.018004	0.00736394	0.0677422	0.0364193	0.0254656	0.0608042	0.0232093	0.0129424	0.387521	0.0212381	0.0145249	0.0232662	0.0540556	0.00966611	0.00893372	0.00118895	0.00263113
96	0.189837	0.0611172	0.00510326	0.00507247	0.0165614	0.0787821	0.00363901	0.00753633	0.0103236	0.0316118	0.00530111	0.00677307	0.00396682	0.00771514	0.0321428	0.437718	0.0615232	0.0284867	0.00193906	0.00485035
97	0.0148959	0.000720744	0.681965	0.0860344	0.00492829	0.030175	0.022659	0.0204012	0.0149999	0.0116218	0.00754591	0.0288997	0.00379666	0.012096	0.014196	0.0200259	0.0106113	0.00698469	0.00232317	0.00511905
98	0.0626762	0.000517124	0.224163	0.00995677	0.0196442	0.0706367	0.0980844	0.0163661	0.0743009	0.0231071	0.00351573	0.191923	0.07369	0.00320021	0.0539512	0.0471322	0.00370726	0.0210178	0.000755967	0.00165355
99	0.0713164	0.00054415	0.213562	0.0101321	0.022602	0.0661301	0.0954895	0.0156191	0.0724812	0.0219312	0.00342839	0.170502	0.0989273	0.0038904	0.0555264	0.0471664	0.0046537	0.0230748	0.0010343	0.0019887
100	0.0653399	0.000966763	0.0338497	0.021085	0.0068948	0.0040976	0.00404287	0.134857	0.0193816	0.0442512	0.0400354	0.0296549	0.0170198	0.0220243	0.0439866	0.0600662	0.187837	0.2301	0.0298922	0.00461801
101	0.0563235	0.000559785	0.135614	0.336771	0.00532674	0.0688933	0.00989702	0.0033598	0.0578072	0.0200508	0.0270295	0.0605637	0.0017807	0.0555368	0.0461559	0.0564222	0.0202013	0.00603909	0.00113671	0.0305311
102	0.050684	0.00108526	0.0136388	0.0293178	0.00701413	0.0183219	0.0120702	0.0588596	0.237082	0.0235827	0.0144107	0.0253524	0.0544369	0.0696638	0.260987	0.037504	0.0329456	0.0426439	0.00307907	0.00732003
103	0.0321792	0.000321597	0.00167864	0.00374806	0.0130665	0.00179672	0.00104179	0.323205	0.00168824	0.100618	0.0659917	0.00228985	0.000941175	0.00876972	0.00228662	0.0148535	0.0403378	0.380689	0.00128899	0.00320895
104	0.0312009	0.000256336	0.0014218	0.00214064	0.0155469	0.00171647	0.000708472	0.331644	0.00114486	0.118899	0.0562019	0.00116646	0.000656656	0.00481976	0.00140285	0.0109354	0.0266534	0.387678	0.00121749	0.00458873
105	0.0118754	0.000211515	0.026835	0.0579268	0.00102251	0.0247079	0.0362837	0.0178312	0.284707	0.00497777	0.0134911	0.061235	0.00106195	0.0836094	0.265855	0.0502778	0.0366632	0.00943467	0.00305338	0.00893965
106	0.286705	0.00364485	0.00721233	0.00554714	0.0150039	0.0395705	0.00383372	0.00708021	0.0654165	0.0126015	0.00392827	0.00847669	0.0273296	0.0469528	0.0458151	0.313447	0.0875866	0.0143233	0.00245469	0.00307032
107	0.0236014	0.000558465	0.00316926	0.00277726	0.0256937	0.00302376	0.000689498	0.268838	0.00119029	0.182693	0.0766589	0.00116016	0.00154379	0.00374128	0.00140167	0.00898793	0.0250489	0.352646	0.00346408	0.0131122
108	0.0948054	0.00056384	0.151332	0.287325	0.00655545	0.0597788	0.00290822	0.00333779	0.0451089	0.0277675	0.0463124	0.0690997	0.00136429	0.0248956	0.017946	0.0847781	0.0455236	0.00734843	0.0010918	0.0221575
109	0.0443583	0.000220841	0.0499345	0.153115	0.00821398	0.0451822	0.0450817	0.0212069	0.121121	0.0608551	0.0262663	0.0641677	0.00937263	0.0962147	0.118172	0.0372117	0.0538931	0.0195985	0.00515886	0.0206558
110	0.0181183	0.000716816	0.0273273	0.0418611	0.0309528	0.0177277	0.109446	0.0161998	0.195469	0.0144049	0.0143818	0.0696356	0.00279222	0.0616106	0.205968	0.0708637	0.0324487	0.00989543	0.00422898	0.0559513
111	0.283959	0.0124752	0.00323626	0.00403836	0.0308734	0.141718	0.0032001	0.00597262	0.0100857	0.0136672	0.00358233	0.00901376	0.0045861	0.00981838	0.0151531	0.378269	0.0511224	0.0121505	0.00261331	0.00446531
112	0.0111407	0.000190678	0.026451	0.0622211	0.000607294	0.0259844	0.0326603	0.0146754	0.282273	0.00445491	0.0110495	0.0618063	0.000888578	0.087364	0.27103	0.0511596	0.0342961	0.00937803	0.00305601	0.00931333
113	0.0228503	0.000662377	0.028984	0.0382997	0.101215	0.00673877	0.213036	0.0207097	0.0607032	0.0351546	0.0181299	0.0643919	0.00133894	0.0456368	0.089169	0.0575878	0.0135151	0.0113126	0.00506249	0.165502
114	0.00272505	0.000364376	0.00119032	0.00677293	0.0037882	0.00795506	0.00093267	0.00201424	0.00145409	0.00879607	0.00209066	0.00159859	0.000721955	0.00134878	0.00771353	0.00307394	0.00243965	0.00226828	0.928716	0.0140353
115	0.0848422	0.000494294	0.00224471	0.0815945	0.00851798	0.0302828	0.00204721	0.0579844	0.282861	0.0664203	0.0370426	0.0129921	0.00133697	0.0251599	0.116921	0.0409949	0.0675815	0.0720597	0.000751797	0.00786941
116	0.0509151	0.000461351	0.240768	0.0155895	0.0145041	0.0687336	0.0786321	0.0141047	0.0692538	0.0192802	0.00449626	0.241131	0.0520474	0.00395235	0.0501781	0.0523695	0.00482038	0.0164008	0.000864651	0.00149658
117	0.630886	0.000281732	0.00105385	0.00124213	0.00146416	0.0505759	0.000860044	0.0330575	0.0048113	0.00951602	0.0147807	0.00382017	0.0215733	0.00116161	0.00165281	0.0437446	0.0555006	0.122648	0.000440639	0.000928621
118	0.0156644	0.00114077	0.632075	0.0622654	0.0116207	0.0146422	0.105763	0.0127	0.0142458	0.0121578	0.00703748	0.02363	0.00617222	0.0119782	0.0167709	0.0188294	0.00829766	0.0072139	0.00204446	0.0157512
119	0.0119095	0.000722656	0.004099	0.00460874	0.106534	0.00315922	0.00192352	0.319875	0.00335671	0.0257468	0.00673103	0.00331924	0.00167137	0.00312166	0.00405495	0.00771335	0.0143814	0.45145	0.00336929	0.022253
120	0.0150786	0.000373237	0.00183672	0.00153994	0.0130841	0.00207535	0.000912168	0.243511	0.00140766	0.417382	0.0397335	0.00155628	0.000684783	0.00212621	0.00190197	0.00614594	0.0131226	0.226631	0.00179598	0.00910108
121	0.0307425	0.000237591	0.000831592	0.00141463	0.0239122	0.00105966	0.000704968	0.32781	0.00106561	0.054427	0.0260889	0.00115425	0.000531656	0.00234923	0.00174742	0.0112847	0.0170037	0.49469	0.000439159	0.00250514
122	0.0184157	0.0030365	0.00346755	0.00308175	0.394801	0.00654607	0.0111898	0.0420602	0.0106778	0.157235	0.0457772	0.00559123	0.00562993	0.00424593	0.0114173	0.0219975	0.0135678	0.0354934	0.0226518	0.183117
123	0.00435116	0.000444092	0.46376	0.0536025	0.00200652	0.00527396	0.00500429	0.00612479	0.0197328	0.00362046	0.00221128	0.348366	0.00119577	0.00190549	0.0117224	0.0534528	0.0119746	0.00283251	0.000919686	0.00149865
124	0.00668994	0.00085662	0.00220428	0.00259467	0.00382445	0.0246694	0.00216394	0.00423197	0.00315883	0.00522128	0.00353558	0.00347664	0.00151946	0.00347547	0.00394872	0.59368	0.327091	0.00413507	0.0012403	0.00228206
125	0.0806332	0.00319335	0.0102037	0.0115913	0.181392	0.0423249	0.0536997	0.0164222	0.00786725	0.028838	0.00711193	0.0448558	0.00286193	0.00684828	0.0110739	0.0668879	0.023202	0.0162491	0.00432319	0.38042
126	0.0788969	0.00270455	0.00992386	0.017658	0.0163373	0.0137865	0.0782374	0.107988	0.020016	0.108597	0.0287457	0.108829	0.0058982	0.0194612	0.0260767	0.0518691	0.126132	0.159862	0.00585545	0.0131247
127	0.00358669	0.000415032	0.00128689	0.00741061	0.00398875	0.00796681	0.00100634	0.00222343	0.00152879	0.00896069	0.00203667	0.00164499	0.000820074	0.00164751	0.00813363	0.00446906	0.00248516	0.00225433	0.924078	0.0140569
128	0.00276702	0.000363962	0.00118345	0.00672345	0.00482131	0.00799061	0.00109972	0.00203322	0.0014747	0.00880603	0.00190814	0.00159378	0.000741257	0.00136585	0.00776472	0.00314616	0.00243973	0.00211244	0.92659	0.015074
129	0.637458	0.000321496	0.000967855	0.00120277	0.00142632	0.0616327	0.00102468	0.0232384	0.00510556	0.00782801	0.0159784	0.00485539	0.0310607	0.00126613	0.00172815	0.0417746	0.0522131	0.109328	0.00048937	0.00110082
130	0.00517585	0.000629524	0.0015495	0.00232224	0.467715	0.00265784	0.0122855	0.0166526	0.0107585	0.098197	0.0423411	0.00292161	0.00514641	0.00247284	0.011464	0.0137736	0.00324893	0.00272541	0.0321534	0.265808
131	0.0371077	0.00134768	0.0170134	0.282946	0.00497213	0.132588	0.007616	0.00729301	0.173218	0.00880489	0.00582474	0.0565172	0.00275662	0.0198421	0.1971	0.0148371	0.0143428	0.00712096	0.0020178	0.00673365
132	0.013603	0.00137256	0.0030053	0.065092	0.0276336	0.00518189	0.00313227	0.113262	0.024751	0.25767	0.239383	0.00494806	0.00443119	0.0454991	0.0488822	0.0304792	0.00919158	0.095885	0.00276408	0.00383278
133	0.624842	0.000334444	0.000975091	0.00105763	0.00138639	0.0641876	0.000914452	0.0276274	0.00564993	0.00948618	0.0166541	0.0042845	0.0250808	0.00133558	0.00167883	0.0452068	0.0550023	0.112861	0.000455614	0.000979261
134	0.0144225	0.00251682	0.000989995	0.00309023	0.0326197	0.00131564	0.000787283	0.100526	0.00221852	0.36435	0.35361	0.00158835	0.0161267	0.00236998	0.00280196	0.0124091	0.00262886	0.0789201	0.00550861	0.00120021
135	0.0109014	0.000181528	0.0267147	0.0622229	0.000616031	0.0260947	0.0326132	0.014755	0.283137	0.00449774	0.0110935	0.0620445	0.000881221	0.0872393	0.27046	0.0507711	0.0342262	0.00919509	0.00307252	0.00928294
136	0.114843	0.000632403	0.0167469	0.0229253	0.006055	0.00529163	0.00367241	0.0309096	0.0380747	0.0310335	0.0158175	0.0145054	0.0036081	0.0446312	0.0376225	0.122632	0.463185	0.0238489	0.00162326	0.00234227
137	0.0166978	0.0246368	0.00394084	0.00630288	0.03328	0.00585847	0.0039163	0.0526692	0.00601827	0.370566	0.251428	0.00529863	0.00891301	0.00634772	0.00792819	0.0145006	0.0093236	0.0694075	0.0983365	0.00462946
138	0.619695	0.000523303	0.000990793	0.00110864	0.00131447	0.0628084	0.00119733	0.0275414	0.0061642	0.010374	0.0166702	0.0047675	0.0240205	0.0019035	0.00183616	0.0473074	0.0573566	0.112722	0.000787059	0.000911071
139	0.0109349	0.000197699	0.0296639	0.0647417	0.000680333	0.0268898	0.0328222	0.0158902	0.284535	0.00508609	0.0108226	0.0676597	0.000903363	0.0866924	0.260242	0.0482807	0.0331284	0.00877519	0.00294644	0.00910718
140	0.00344725	0.000624453	0.00135097	0.00674727	0.00666568	0.00959283	0.001135	0.00243351	0.00178886	0.00888786	0.00214494	0.00207951	0.000848121	0.00149182	0.00767548	0.0040358	0.00291497	0.00242083	0.917363	0.0163516
141	0.0300335	0.000285308	0.00429984	0.00350957	0.0411975	0.00430922	0.000533619	0.194673	0.000825004	0.18641	0.0535068	0.000856227	0.000471287	0.00199836	0.00105049	0.00762425	0.0307576	0.412457	0.00447898	0.0207221
142	0.0626831	0.000625951	0.00235587	0.0107465	0.0147594	0.00486427	0.0305111	0.0274114	0.254341	0.0472062	0.0493593	0.0437185	0.00138753	0.0182218	0.148139	0.10722	0.149446	0.0191088	0.00115853	0.00673614
143	0.20487	0.00122614	0.00933876	0.0134666	0.00889739	0.0178418	0.00521096	0.0176935	0.05108	0.020848	0.011007	0.013352	0.0137456	0.0614867	0.0351723	0.189227	0.301973	0.0185777	0.00243586	0.00254985
144	0.0117501	0.000191949	0.0246496	0.0583422	0.000823897	0.0246768	0.0323563	0.0155828	0.2879	0.00473069	0.0119929	0.0587124	0.000880865	0.0848897	0.272093	0.0524436	0.0366325	0.00957803	0.00288148	0.00889146
145	0.0444461	0.00049167	0.00233858	0.00541902	0.0326211	0.00301999	0.000542331	0.234171	0.00113941	0.128767	0.0505387	0.00105226	0.000624515	0.00396081	0.00133915	0.0109182	0.0321495	0.433818	0.00230466	0.0103369
146	0.00528049	0.000627473	0.00175167	0.00245371	0.472006	0.00288844	0.0132273	0.0191779	0.00997539	0.100544	0.0394311	0.00297957	0.00478728	0.00271832	0.0109368	0.0132233	0.0036224	0.00672561	0.0296007	0.258042
147	0.0102407	0.00109226	0.0033024	0.00465178	0.419874	0.00427428	0.0298297	0.0171871	0.0116306	0.0852418	0.0329589	0.00937831	0.0044815	0.00512258	0.0148593	0.0214705	0.00437165	0.00617458	0.0278522	0.286006
148	0.119849	0.00105773	0.0109863	0.0121865	0.0108589	0.00478201	0.00815939	0.132386	0.0150491	0.0297923	0.109268	0.0425406	0.00562808	0.014498	0.0517337	0.0680149	0.196226	0.152346	0.00841016	0.00622745
149	0.00959079	0.00089892	0.00287095	0.00341716	0.00391433	0.0377121	0.00268305	0.00558332	0.00445911	0.00723329	0.00460102	0.00525458	0.00214661	0.00478918	0.00539535	0.518396	0.370843	0.00566848	0.00171012	0.00283308
150	0.0187769	0.00307262	0.00095051	0.00375658	0.0315743	0.00252624	0.000903665	0.107147	0.00262129	0.318401	0.366037	0.00168073	0.0162398	0.00296735	0.00319115	0.0167977	0.00525887	0.0918087	0.00487915	0.00140918
151	0.226628	0.0109925	0.00867343	0.00748505	0.0532784	0.0668568	0.0071334	0.0115793	0.0182765	0.0258363	0.00724699	0.012985	0.00955483	0.0143394	0.022902	0.396518	0.0604838	0.0213958	0.00288496	0.0149495
152	0.0285345	0.000970919	0.00331002	0.00396668	0.0049769	0.00491677	0.00278794	0.00727845	0.00559812	0.0465208	0.0325583	0.00520093	0.744776	0.0227626	0.014159	0.0170561	0.0426175	0.00777169	0.00183392	0.00240229
153	0.0966321	0.000685728	0.0104873	0.0207061	0.00361963	0.00300594	0.00486316	0.030269	0.0335469	0.0395448	0.0220338	0.0201232	0.00187921	0.0397359	0.0302723	0.0996591	0.508056	0.0307387	0.00161437	0.00252697
154	0.0408142	0.00230521	0.0384981	0.11709	0.0362191	0.0249858	0.237173	0.0208685	0.0625411	0.0394583	0.0210821	0.0439826	0.00688746	0.0664074	0.0809839	0.0444864	0.0320756	0.01847	0.0058148	0.0598568
155	0.109353	0.000769834	0.00948364	0.114854	0.0748295	0.0438628	0.0230685	0.0815678	0.0275168	0.0750394	0.0567182	0.0251751	0.00364199	0.106103	0.0171693	0.0651512	0.0792242	0.0667797	0.00230233	0.0173908
156	0.055041	0.000198733	0.0438808	0.168062	0.0133099	0.0473583	0.0507939	0.0248835	0.0702129	0.0798787	0.0359725	0.0573875	0.0123773	0.106517	0.0794139	0.0387711	0.063446	0.0240037	0.00611074	0.0223809
157	0.011138	0.000182007	0.0271695	0.0629433	0.000667887	0.0264598	0.0327036	0.0148426	0.28158	0.00509237	0.0112857	0.0623239	0.000991854	0.0871907	0.26867	0.0506182	0.0344185	0.00927088	0.0030613	0.00939029
158	0.00935667	0.863018	0.00301864	0.00370022	0.0047698	0.00449644	0.00241923	0.00585187	0.00481849	0.00832423	0.00427062	0.00533051	0.00301803	0.0052283	0.0252807	0.0114365	0.00752913	0.00584454	0.0192331	0.00305462
159	0.0319055	0.00244829	0.00816534	0.0117712	0.215863	0.0128502	0.0787052	0.0125224	0.00533769	0.0341862	0.00525003	0.0295576	0.00142641	0.00510322	0.00915844	0.0598143	0.00444903	0.00344778	0.00451576	0.463522
160	0.0123562	0.000850405	0.0872791	0.00443015	0.00490308	0.141767	0.0345448	0.0193128	0.0650929	0.0378385	0.0258395	0.425791	0.0190083	0.0281326	0.0103026	0.0659691	0.00662405	0.00632549	0.00142243	0.00221047
161	0.0153041	0.011553	0.0162615	0.101701	0.00386501	0.00472692	0.0120629	0.00617408	0.0639933	0.0741311	0.00461324	0.0045021	0.00174784	0.514959	0.121945	0.0106379	0.0224083	0.00436832	0.00132619	0.00371954
162	0.0688396	0.000759722	0.00356026	0.00760096	0.0130297	0.00342467	0.029921	0.0258207	0.170161	0.0480957	0.0510413	0.0440491	0.00141133	0.0196278	0.102534	0.112376	0.269471	0.0197947	0.00124793	0.00723323
163	0.0570818	0.000196358	0.0447712	0.171398	0.0131662	0.0451339	0.0490204	0.0232925	0.0713219	0.0797775	0.0355617	0.0554715	0.0118944	0.103369	0.0797428	0.0410011	0.0641272	0.0240878	0.00655153	0.0230335
164	0.0239919	0.000762488	0.00207534	0.00231424	0.00257004	0.00292482	0.00176847	0.00340589	0.00270298	0.0464802	0.0334542	0.00303363	0.805605	0.0219315	0.012028	0.00513028	0.0233642	0.00353463	0.00109462	0.00182769
165	0.0283065	0.000251495	0.000805906	0.0011589	0.018528	0.00101747	0.000719913	0.372146	0.00115944	0.0694894	0.036316	0.00114962	0.000517941	0.00343596	0.00173418	0.0114673	0.0190901	0.430517	0.000454413	0.00173354
166	0.0150349	0.000312788	0.0096406	0.0069031	0.0739453	0.00567688	0.000900199	0.145504	0.00151724	0.190382	0.0426682	0.00132316	0.000645938	0.00141184	0.00187193	0.00648921	0.0314088	0.417253	0.00957545	0.037535
167	0.0631447	0.000478667	0.221877	0.00982169	0.0198402	0.0702285	0.0978452	0.0161379	0.0753284	0.022707	0.00351851	0.189364	0.077549	0.00314153	0.054369	0.0474793	0.00377122	0.0209374	0.000774099	0.00168691
168	0.0352684	0.000231098	0.000742386	0.00162514	0.0162373	0.00100774	0.000653928	0.306723	0.000984298	0.0680817	0.0338159	0.00107593	0.000571419	0.0029667	0.00168373	0.0120582	0.0202252	0.494011	0.000483918	0.00155248
169	0.0467199	0.000248595	0.0420925	0.144241	0.0132226	0.0409758	0.0553052	0.0202263	0.10232	0.0635229	0.0278621	0.0622064	0.00935493	0.0976783	0.11262	0.0450452	0.0590005	0.023707	0.00537694	0.0282729
170	0.0178267	0.000330844	0.00811671	0.00465003	0.0629284	0.00685462	0.000697283	0.132156	0.00120069	0.233394	0.0539569	0.00103727	0.000518421	0.00106157	0.00136161	0.006783	0.0280473	0.392564	0.00843898	0.0380757
171	0.00418048	0.000677303	0.00142993	0.00147032	0.00881304	0.00219693	0.00123668	0.218424	0.00204898	0.632557	0.0335189	0.00211055	0.00117181	0.00173745	0.00255694	0.00364852	0.00349074	0.0673935	0.00154255	0.00979519
172	0.0118014	0.000551284	0.367615	0.0382699	0.0041115	0.0157048	0.0145647	0.00739107	0.0345171	0.00642396	0.00293308	0.388313	0.00901064	0.00274301	0.0189796	0.0573441	0.0120629	0.00526064	0.000886947	0.00151558
173	0.0223698	0.000293541	0.00133698	0.00203007	0.0505026	0.00151831	0.00102971	0.363243	0.00168861	0.0394551	0.0176126	0.00176238	0.000876186	0.00229535	0.0026253	0.0101014	0.0148075	0.458122	0.000967932	0.00736252
174	0.0517052	0.00139355	0.00596248	0.00902612	0.00881561	0.0225574	0.00577235	0.0179867	0.0187382	0.0233446	0.0135416	0.0154749	0.00477423	0.019709	0.0175157	0.330864	0.406586	0.0191883	0.00210978	0.00493504
175	0.0318438	0.0083214	0.0227358	0.106898	0.00548338	0.0143632	0.019159	0.0101414	0.0643456	0.0809109	0.0128605	0.0179217	0.00430917	0.394257	0.121247	0.0175049	0.0458325	0.0116617	0.00242194	0.00778095
176	0.0152438	0.0025023	0.000954501	0.00305056	0.030486	0.00137342	0.000812604	0.0981452	0.00226975	0.348339	0.370476	0.00159271	0.0165719	0.00250887	0.00286156	0.0130391	0.00256548	0.080907	0.00526537	0.00103483
177	0.0184359	0.00158206	0.00435102	0.00450601	0.0057097	0.02505	0.00310161	0.00872213	0.00763362	0.0110548	0.00624819	0.00646911	0.00309661	0.00678276	0.00866032	0.532685	0.331441	0.00867074	0.00191807	0.00388215
178	0.0801996	0.000529125	0.149296	0.312496	0.00627886	0.0596517	0.00532511	0.0034272	0.0421546	0.0272371	0.0432774	0.0646421	0.00196256	0.0355238	0.022388	0.0786063	0.0353628	0.00695848	0.0012217	0.0234607
179	0.017724	0.00101619	0.0168253	0.0210778	0.123718	0.00593614	0.19242	0.0244241	0.0411602	0.0459869	0.0153243	0.0429657	0.00124875	0.034116	0.0746053	0.0532999	0.00858917	0.00665327	0.00636588	0.266543
180	0.0528748	0.00442265	0.0210924	0.0400785	0.0197528	0.0279782	0.0352499	0.020893	0.149716	0.0296474	0.0182491	0.0397426	0.00895352	0.0591932	0.240424	0.129056	0.0557196	0.0198847	0.00431342	0.0227587
181	0.0387484	0.00135101	0.00803944	0.0263739	0.00781827	0.0147496	0.00806213	0.0849097	0.232944	0.02322	0.0166632	0.0167193	0.0128718	0.054502	0.291986	0.0297477	0.0294276	0.0925165	0.00263505	0.0067138
182	0.00518513	0.000637161	0.815436	0.0653296	0.00285883	0.0122847	0.0204034	0.0116278	0.00447281	0.00512389	0.00301142	0.0179466	0.00135758	0.00318859	0.00459454	0.0146634	0.0044556	0.00396667	0.000987664	0.00246906
183	0.266862	0.00165877	0.022205	0.00625145	0.00897504	0.509121	0.00540176	0.00929013	0.00860042	0.012543	0.00717561	0.0614418	0.00337271	0.00621959	0.0147772	0.0226037	0.0132397	0.0113832	0.0030329	0.00584444
184	0.118937	0.00317823	0.043005	0.0444571	0.0361937	0.0310103	0.258735	0.027458	0.0346559	0.040259	0.0230635	0.0554382	0.0166077	0.0345938	0.0442256	0.0595497	0.0392009	0.0300429	0.00790955	0.0514795
185	0.16869	0.00224485	0.0103344	0.0105731	0.0478713	0.0159595	0.00686861	0.0177628	0.0251658	0.0207775	0.0117818	0.0152925	0.134212	0.059436	0.0245008	0.166496	0.189244	0.0598259	0.00465392	0.00830941
186	0.132378	0.00121177	0.0109089	0.023007	0.0140934	0.013891	0.00680712	0.048635	0.0311578	0.0302053	0.0210821	0.0217486	0.00966441	0.0605241	0.029959	0.188395	0.314314	0.0333968	0.00300236	0.00561781
187	0.0299249	0.000259157	0.000873882	0.00139913	0.0294994	0.00112489	0.000693196	0.334727	0.00104613	0.0547562	0.0258375	0.00108715	0.000638721	0.00243066	0.00186313	0.0108546	0.0182835	0.48133	0.000549225	0.00282106
188	0.0279626	0.00231546	0.00740491	0.00970901	0.228068	0.0116404	0.0784558	0.0124252	0.00533703	0.036077	0.0063637	0.0261695	0.00187136	0.00537516	0.00906223	0.052152	0.00392164	0.00316663	0.00724594	0.465277
189	0.11481	0.00218852	0.0113492	0.0489839	0.0122812	0.165836	0.0076165	0.0203381	0.178483	0.0254973	0.0148865	0.0217755	0.0049616	0.0193316	0.177099	0.0413406	0.09829	0.0246121	0.00317438	0.00714543
190	0.0492803	0.00272371	0.0139978	0.0102195	0.186804	0.0209507	0.0810727	0.0164473	0.00772834	0.0239379	0.00409562	0.0550597	0.00109731	0.00750112	0.0115405	0.0573214	0.00892191	0.00575639	0.00197086	0.433573
