222	20
1	0.0618657	0.0157028	0.000132235	0.000265362	0.0475623	0.00361138	0.000270008	0.2323	0.000238473	0.32869	0.0994668	0.0004219	0.00107984	0.000529893	0.000208146	0.0144408	0.0267125	0.162513	0.00120156	0.00278696
2	0.233303	0.00139662	0.00013806	0.000179704	0.0521689	0.0562468	0.000222584	0.0946254	0.0014562	0.178986	0.0451123	0.00315177	0.00184262	0.000410555	0.000188623	0.0385162	0.0566872	0.230275	0.00357753	0.00151496
3	0.0830589	0.0086935	5.51477e-05	0.002983	0.0559177	0.0211433	0.00248704	0.130886	0.0029623	0.376627	0.0733444	0.00424282	0.00496617	0.00274228	0.0020821	0.0273855	0.0460318	0.138529	0.00451953	0.0113432
4	0.046015	0.00349793	8.18676e-05	0.000357744	0.0648434	0.00411988	0.000270222	0.248774	0.000229164	0.326073	0.107251	0.00038208	0.00215713	0.000531875	0.000198786	0.0125409	0.0333774	0.144607	0.000898268	0.00379295
5	0.081508	0.00862887	5.30243e-05	0.00275333	0.0563611	0.0211695	0.00232984	0.133859	0.00273532	0.376947	0.0743516	0.00414081	0.00465741	0.00256009	0.00194242	0.0264284	0.0457482	0.138419	0.0042717	0.0111359
6	0.0810857	0.00861853	4.90895e-05	0.00273807	0.0563614	0.0206278	0.00234164	0.134542	0.00270997	0.376716	0.0746586	0.0040511	0.00458806	0.00255884	0.0019209	0.0265504	0.0456192	0.138879	0.00425536	0.0111276
7	0.0791953	0.0107292	0.000108144	0.00266409	0.0725556	0.0198148	0.00287587	0.117479	0.00256127	0.379719	0.0760974	0.00419982	0.0042998	0.00256184	0.00186535	0.0281246	0.0449425	0.129359	0.00584807	0.0149993
8	0.433329	0.0122303	0.000304057	0.000382338	0.00308829	0.0943354	0.00044661	0.0153602	0.000430683	0.00524075	0.0143141	0.00135761	0.0104062	0.000449823	0.000308315	0.302702	0.0562203	0.0473542	0.000555485	0.00118369
9	0.217388	0.00908077	0.000229556	0.000278948	0.00414799	0.025512	0.000313481	0.0340032	0.000276128	0.0735211	0.0241778	0.0035307	0.000479982	0.000433123	0.000287506	0.127144	0.317413	0.160769	0.000410778	0.00060332
10	0.0828013	0.00878743	6.02701e-05	0.00284584	0.056573	0.0211223	0.00243554	0.130756	0.00281401	0.376846	0.0733592	0.00419343	0.00475775	0.00265483	0.00200059	0.0270896	0.0462432	0.138936	0.00444649	0.0112772
11	0.0323912	0.000624256	0.00289661	0.000192908	0.0033175	0.913694	0.00567444	0.00154449	0.000211902	0.00572763	0.00428152	0.000448169	0.000439964	0.00611412	0.000246312	0.0160176	0.00249156	0.00265025	0.000425124	0.000610635
12	0.325473	0.0204283	0.00025127	0.000313158	0.0519141	0.13906	0.000383512	0.0651675	0.000305761	0.148004	0.0530982	0.00137015	0.0020183	0.000469402	0.000318954	0.0523803	0.0453811	0.0826362	0.00208757	0.00893941
13	0.074472	0.00936203	0.000287594	0.00156451	0.0504244	0.0217479	0.0106456	0.103686	0.00160238	0.303336	0.187338	0.0158813	0.00262015	0.0152468	0.0012677	0.0403662	0.0437536	0.102785	0.00262285	0.0109908
14	0.0680454	0.0062183	5.50739e-05	0.00166393	0.0577647	0.0143477	0.00119597	0.177317	0.00157928	0.359242	0.0859388	0.00223411	0.00331792	0.00141428	0.00117166	0.0204472	0.0415016	0.145756	0.00250593	0.00828301
15	0.0243371	0.00290874	0.000214754	0.000330166	0.0323792	0.00246785	0.000357046	0.158469	0.000295716	0.45949	0.200121	0.000487284	0.000913426	0.000513245	0.000262115	0.00745341	0.0195385	0.0860742	0.00157013	0.00181744
16	0.363992	0.0259008	0.000101583	0.000183886	0.0113865	0.052639	0.000207211	0.101314	0.000201081	0.0488492	0.0123596	0.00201682	0.00682098	0.000210673	0.000116882	0.0805839	0.0677897	0.224692	0.000248092	0.000385745
17	0.170123	0.0963549	0.000718745	0.0200758	0.0413843	0.105431	0.000833627	0.0611576	0.000700643	0.0707669	0.0612119	0.011863	0.00116054	0.0267849	0.000829763	0.23604	0.0236071	0.0332165	0.00128655	0.036454
18	0.0407011	0.00141558	0.000105397	0.000721289	0.142352	0.00240265	0.000476247	0.0602816	0.000131685	0.558708	0.106835	0.00110109	0.000854015	0.000321927	0.000151247	0.00957861	0.00594307	0.0505136	0.00573544	0.0116712
19	0.0455304	0.00404508	7.97311e-05	0.000120118	0.0553155	0.00296685	0.00021154	0.270289	0.000106777	0.314779	0.111324	0.00028779	0.00111343	0.000490431	0.000125479	0.0136645	0.0317035	0.144447	0.000398383	0.00300127
20	0.0764353	0.000692656	0.000314152	0.000366383	0.034742	0.0223448	0.000492931	0.123451	0.000426357	0.120402	0.0977559	0.000624379	0.000656586	0.000501118	0.00037233	0.14874	0.193284	0.16915	0.00828643	0.00096256
21	0.0435894	0.00285064	6.79219e-05	0.000331258	0.0738884	0.00317714	0.000161716	0.211273	9.83012e-05	0.382275	0.109809	0.000227121	0.00137421	0.000297833	0.000114126	0.0110076	0.0253537	0.128758	0.00165853	0.00368751
22	0.00778567	0.000705395	0.000282804	0.000296027	0.533345	0.00422943	0.000572513	0.0458738	0.000285585	0.111122	0.0313861	0.000683783	0.00372787	0.000742645	0.000463502	0.00188586	0.0108369	0.0408528	0.00724782	0.197675
23	0.0355093	0.0030287	8.90106e-05	0.000163111	0.0512635	0.00203832	0.000424466	0.306105	0.000134336	0.30182	0.0921875	0.000234533	0.00085191	0.000364085	0.000142172	0.00884986	0.0226276	0.169263	0.00170092	0.0032027
24	0.516356	0.0036421	9.7546e-05	0.000119752	0.00320171	0.184966	0.000134579	0.00668766	0.000108769	0.00536271	0.0083498	0.00287103	0.00256614	0.000159496	0.000116438	0.195656	0.0502054	0.017854	0.000158285	0.00138671
25	0.0147242	0.00238315	0.000233757	0.000557754	0.0727497	0.00185491	0.00143832	0.312684	0.000293819	0.305369	0.0681782	0.000543807	0.00153623	0.000625637	0.00024315	0.00342349	0.00993847	0.188801	0.00940771	0.00501348
26	0.0732418	0.0057297	0.0329626	0.541338	0.0155692	0.0491568	0.00417178	0.0198563	0.00362375	0.0876394	0.0153384	0.00628734	0.00510821	0.0572486	0.00359163	0.0236501	0.0187101	0.0247376	0.00488557	0.0071532
27	0.064615	0.00752343	8.20396e-05	0.00171896	0.0528237	0.0152398	0.00143275	0.170535	0.00166054	0.368977	0.0877601	0.00248242	0.00323313	0.00167531	0.00120048	0.0214077	0.0481831	0.138783	0.00268844	0.007978
28	0.0753726	0.00884291	0.000310209	0.00149043	0.0493713	0.0220293	0.0100747	0.0985193	0.00158908	0.294	0.200302	0.0162311	0.00251363	0.0162047	0.00143413	0.0449649	0.0444993	0.0993204	0.0025579	0.0103721
29	0.0640103	0.000676779	0.00418685	0.000324444	0.00183284	0.0304319	0.000666773	0.00212985	0.000489041	0.00648185	0.00572798	0.0130864	0.000593079	0.000518216	0.000402213	0.676187	0.175614	0.0152606	0.00054957	0.000829421
30	0.0236502	0.00268046	0.000169256	0.000384336	0.0636784	0.00173147	0.00095161	0.306915	0.000216254	0.320503	0.0713124	0.000323669	0.0010762	0.000432386	0.000134362	0.00532779	0.014588	0.176301	0.00435112	0.00527366
31	0.213161	0.0635379	0.000554163	0.000787268	0.00544371	0.0592489	0.000900071	0.0381727	0.000735605	0.00723711	0.0144742	0.00138644	0.190049	0.00117346	0.000689441	0.320269	0.0405818	0.0382894	0.00136061	0.00194793
32	0.0759461	0.000625921	0.000313445	0.000398775	0.0348772	0.0224885	0.000492045	0.124119	0.000430841	0.121344	0.0979053	0.000637362	0.000663509	0.000491236	0.000371279	0.148074	0.192675	0.169007	0.00819711	0.000941309
33	0.00726854	0.00836376	0.000180433	0.000206345	0.103166	0.000812992	0.00523007	0.00966193	0.000240012	0.0129171	0.00103524	0.000459865	0.00272436	0.00368548	0.000198279	0.00403266	0.00365638	0.00961129	0.00034874	0.826201
34	0.18637	0.0165965	0.000172968	0.000284056	0.0348745	0.0383365	0.000997653	0.251958	0.000699132	0.0849627	0.0283785	0.000375906	0.00711063	0.000412291	0.000246415	0.00894335	0.0242968	0.304003	0.00492307	0.00605854
35	0.00754436	0.00261031	0.000293663	0.000357634	0.0175751	0.0014928	0.000342793	0.0924768	0.000397273	0.54467	0.280396	0.000602639	0.000625957	0.000529056	0.000325324	0.0039266	0.00579843	0.0364796	0.00271114	0.000844467
36	0.317276	0.0260199	0.000190812	0.000273339	0.0148232	0.0430121	0.000370485	0.131786	0.00034588	0.0469558	0.0113908	0.00165708	0.00552059	0.000407327	0.000216201	0.0691215	0.0694382	0.259669	0.000707134	0.000817809
37	0.512884	0.00539588	8.14783e-05	0.000128196	0.00251606	0.205861	0.000135002	0.00863693	0.000121911	0.00524546	0.00951778	0.00210388	0.003564	0.000182039	0.000109972	0.174499	0.0497038	0.0178021	0.000198311	0.00131329
38	0.017825	0.00255035	0.000213707	0.00383804	0.268123	0.00238941	0.00482495	0.0681086	0.000349961	0.304225	0.140598	0.0113795	0.000700558	0.000639487	0.0002792	0.0184051	0.0128547	0.0290441	0.0189434	0.0947084
39	0.149565	0.00129731	0.000930727	0.0275738	0.00637356	0.0196755	0.0128979	0.0727493	0.0275252	0.147153	0.013584	0.0537232	0.0351916	0.0270755	0.00433302	0.170113	0.103597	0.112327	0.00126553	0.0130497
40	0.0577533	0.00614883	0.0439396	0.574746	0.0144831	0.040779	0.00400952	0.0183206	0.00336164	0.0849801	0.0142529	0.00695091	0.00431823	0.0492102	0.00486223	0.0203065	0.0169848	0.0224563	0.00458815	0.00754773
41	0.517775	0.00359483	8.6878e-05	0.000116494	0.00294153	0.189252	0.000116335	0.00662636	0.000100524	0.00525062	0.00847853	0.00259037	0.00259369	0.000141485	0.000108706	0.191184	0.0501622	0.017304	0.000147442	0.00142924
42	0.516169	0.00400476	8.67533e-05	0.000111925	0.00266174	0.196666	0.000107288	0.00704034	0.000106769	0.00513207	0.00872109	0.0024811	0.00285257	0.000155776	0.000114589	0.183965	0.0504836	0.0175957	0.000155385	0.00138811
43	0.042328	0.00381043	7.32605e-05	0.000105104	0.0568186	0.00271885	0.000161664	0.260582	9.89044e-05	0.321152	0.115471	0.000245708	0.0012089	0.000359525	8.44526e-05	0.0124464	0.0319171	0.14646	0.000549023	0.00340871
44	0.0112737	0.00165991	0.00110883	0.0270321	0.0050939	0.0059458	0.00132728	0.00764681	0.825512	0.010394	0.0051484	0.00594303	0.0038962	0.0029208	0.044426	0.0207522	0.00614473	0.00905216	0.00244538	0.00227716
45	0.00732753	0.00832347	0.000180447	0.000221091	0.10322	0.00082235	0.00529876	0.00965658	0.000240212	0.0129767	0.00104518	0.000464077	0.0027171	0.00370421	0.000198157	0.0040366	0.00364957	0.00955488	0.000355397	0.826007
46	0.0717847	0.00715568	5.73064e-05	0.00205398	0.0589984	0.0162791	0.00163985	0.160546	0.00200031	0.367821	0.0807969	0.00283398	0.00375209	0.00182697	0.00143363	0.0227187	0.0429528	0.142233	0.00331055	0.00980544
47	0.0154036	0.00209132	0.000231028	0.000279738	0.059566	0.00127775	0.00106167	0.345491	0.000226977	0.281487	0.0748785	0.000408108	0.00103443	0.000403333	0.000211771	0.00372069	0.0104541	0.191232	0.00668199	0.00385906
48	0.0360223	0.00421398	0.000186344	0.00347955	0.200487	0.00608646	0.00380394	0.0986013	0.000722415	0.316297	0.135894	0.0116758	0.00157648	0.00199124	0.000543014	0.0215	0.0239445	0.0584967	0.0116358	0.0628422
49	0.481678	0.00400209	0.000242534	0.000150703	0.00274865	0.176863	0.000124487	0.00731837	0.000133472	0.00501826	0.00856761	0.00242447	0.00272759	0.000237907	0.00011534	0.230165	0.0555291	0.0203479	0.000225461	0.00138029
50	0.489941	0.00480795	0.000165678	0.000170579	0.00245196	0.124629	0.000164347	0.0114904	0.000200248	0.00525193	0.00862728	0.00148311	0.00308554	0.000287824	0.000168404	0.252783	0.0539181	0.0391584	0.000251462	0.00096433
51	0.220953	0.00210769	0.00012644	0.000207473	0.0663385	0.0440385	0.000317425	0.0964681	0.00124888	0.186389	0.0539496	0.00222087	0.00188022	0.000495759	0.000206097	0.0356134	0.0608829	0.222508	0.00264465	0.00140302
52	0.512674	0.00362552	0.000108929	0.000129766	0.00338912	0.162574	0.000128182	0.00741088	0.000110026	0.00492667	0.00829655	0.00220973	0.00274353	0.000161784	0.000105643	0.218289	0.0494312	0.0222166	0.000193689	0.00127593
53	0.0640103	0.000676779	0.00418685	0.000324444	0.00183284	0.0304319	0.000666773	0.00212985	0.000489041	0.00648185	0.00572798	0.0130864	0.000593079	0.000518216	0.000402213	0.676187	0.175614	0.0152606	0.00054957	0.000829421
54	0.512796	0.00556147	8.54566e-05	0.000128563	0.00252821	0.208101	0.000132345	0.00859353	0.000121131	0.00527809	0.00946321	0.00214795	0.00353747	0.000182845	0.00011801	0.172565	0.0497453	0.0173816	0.000201327	0.00133147
55	0.0449626	0.00304007	0.000227557	0.000295372	0.0943955	0.00305819	0.000397688	0.292387	0.000242209	0.262957	0.108073	0.000656665	0.00133376	0.000572723	0.000216435	0.0140744	0.0373174	0.131439	0.000773187	0.00358038
56	0.021697	0.00245105	0.000190669	0.00436883	0.251772	0.00228869	0.00375183	0.0693341	0.000291184	0.34157	0.138489	0.010336	0.000874632	0.000617093	0.000233671	0.0160733	0.0115641	0.0339957	0.0153888	0.0747122
57	0.041389	0.00429114	0.00010978	0.000413803	0.0643872	0.00364587	0.00063378	0.236917	0.000253892	0.354793	0.0682293	0.000493663	0.00129923	0.000513526	0.000260649	0.00911832	0.025016	0.183107	0.00142035	0.0037088
58	0.00876232	0.000978339	0.000275668	0.000973572	0.482861	0.00532651	0.0014109	0.0464902	0.000292397	0.153365	0.0579195	0.00249139	0.00273907	0.000549527	0.000346937	0.00467542	0.00950627	0.0348331	0.00989214	0.176311
59	0.0327624	0.000572238	0.00288417	0.000183906	0.00331997	0.913612	0.00573754	0.00156482	0.000214807	0.00587879	0.00431953	0.000445863	0.000479484	0.00609776	0.000241682	0.0155817	0.00247629	0.00260678	0.000426277	0.000593423
60	0.0518408	0.00289913	0.000221822	0.000234211	0.0845982	0.00351741	0.000430719	0.300445	0.000258001	0.266536	0.107195	0.000685068	0.00126033	0.000802709	0.000223305	0.0183756	0.0333258	0.123149	0.00055111	0.00345011
61	0.478035	0.00508478	0.000234243	0.000291336	0.00285732	0.126941	0.000172217	0.0142562	0.00018925	0.00791094	0.00923357	0.00160388	0.00302865	0.000652519	0.00023872	0.240469	0.061148	0.0459691	0.000760761	0.000923261
62	0.0162418	0.00277049	0.000264904	0.00312687	0.273065	0.0024677	0.00609774	0.0591579	0.000372165	0.325894	0.12667	0.00882832	0.000661582	0.000652493	0.000287161	0.0170152	0.0107333	0.0275921	0.0214327	0.0966682
63	0.0172066	0.00671309	0.000202908	0.000342863	0.0707508	0.00112041	0.00345656	0.285299	0.000202552	0.321663	0.0235846	0.000395979	0.000672282	0.000478957	0.000253907	0.00312562	0.0198624	0.231548	0.0057301	0.00739102
64	0.00736995	0.00832294	0.000180577	0.000206539	0.103948	0.00100085	0.0052394	0.00964842	0.000240657	0.0129407	0.0010393	0.000461938	0.00274879	0.00368806	0.00019837	0.00408399	0.0036311	0.00969382	0.000377692	0.824979
65	0.258176	0.0366113	0.000540985	0.00121408	0.0994682	0.330992	0.000744679	0.0206965	0.000699123	0.103971	0.0220114	0.0018587	0.00169759	0.00157456	0.000554941	0.0563578	0.0217478	0.0339983	0.00191761	0.00516757
66	0.257675	0.00222211	0.0402025	0.0202099	0.07389	0.0475305	0.00129739	0.074908	0.0148167	0.0696996	0.0506985	0.0148542	0.00204103	0.0675871	0.00171557	0.0618156	0.00582577	0.106396	0.00291211	0.0837025
67	0.0830825	0.00869064	5.53261e-05	0.00299781	0.0558998	0.0211393	0.00249502	0.130868	0.00296707	0.376582	0.0733424	0.00426256	0.00497038	0.00275215	0.00208859	0.0273881	0.0460405	0.138478	0.00451628	0.0113828
68	0.0951743	0.00524822	0.000119747	0.00149373	0.0714363	0.0197451	0.00137547	0.190982	0.00191451	0.293405	0.0652846	0.00159986	0.0049784	0.00187859	0.00105751	0.0239212	0.0546108	0.157377	0.00222852	0.00616979
69	0.512603	0.00454113	8.83615e-05	0.000117495	0.00276984	0.202289	0.000118093	0.00732408	0.000107721	0.00547102	0.00906014	0.0023553	0.00291116	0.000149929	0.000114774	0.181055	0.0509134	0.0164035	0.000179574	0.00142729
70	0.0571223	0.00489586	5.49441e-05	0.000779755	0.0555491	0.00816511	0.000519699	0.21527	0.000745112	0.338833	0.0996102	0.000976717	0.00218269	0.000755921	0.000589057	0.0169048	0.0385778	0.152116	0.0012146	0.00513772
71	0.235924	0.0015412	0.000122363	0.00017401	0.0532057	0.0569751	0.000225905	0.0929436	0.0014161	0.180701	0.0460144	0.00289705	0.00171055	0.000382809	0.000174138	0.0389675	0.057721	0.22392	0.00336785	0.0016156
72	0.0429384	0.00118418	0.000113974	0.000399408	0.127191	0.00216655	0.000169773	0.0518147	0.000160917	0.588942	0.109861	0.000474436	0.000497269	0.000226324	0.000157814	0.0111475	0.00666218	0.0463365	0.00382406	0.00573246
73	0.0461196	0.00375153	5.8618e-05	0.000114893	0.0566721	0.00312893	0.000211884	0.255663	0.000115761	0.318363	0.11323	0.000231249	0.00133985	0.000394522	0.000121385	0.0131612	0.0341358	0.149659	0.000410394	0.00311781
74	0.0443248	0.00409765	7.07414e-05	9.75729e-05	0.0532242	0.00287437	0.000151495	0.26109	8.38898e-05	0.326996	0.111726	0.000234157	0.00104528	0.000425582	9.24414e-05	0.0129233	0.0304998	0.146497	0.000541629	0.00300454
75	0.356497	0.0266187	9.47269e-05	0.000195196	0.0115353	0.0496236	0.000216055	0.10556	0.000241861	0.0473004	0.0116928	0.00189723	0.00649489	0.000218627	0.00011571	0.0808567	0.0691947	0.231001	0.000265976	0.000379023
76	0.513659	0.00436057	8.38929e-05	0.000139057	0.00279987	0.198323	0.000123137	0.00766281	0.000101756	0.00569786	0.0094421	0.00239538	0.00295507	0.00020268	0.000124442	0.181245	0.051271	0.0177154	0.000305673	0.00139305
77	0.0310084	0.00148383	0.000161628	0.00233686	0.177632	0.00572307	0.000297773	0.125176	0.000216771	0.468627	0.0574537	0.000613975	0.00497063	0.00253591	0.000201845	0.00257515	0.00485869	0.0940722	0.00634931	0.0137053
78	0.234563	0.0359909	0.000502282	0.0006698	0.107133	0.369413	0.000596811	0.0130288	0.000731577	0.113958	0.0138174	0.00138449	0.00155041	0.000880546	0.000539069	0.0521426	0.0190858	0.0295591	0.00123712	0.0032157
79	0.0079557	0.000875924	0.000284181	0.000269468	0.529523	0.00460576	0.000599316	0.0445188	0.000281053	0.106824	0.0310308	0.000607909	0.0038726	0.000646629	0.000366058	0.00187151	0.010975	0.0405001	0.00721531	0.207177
80	0.00913617	0.00175557	0.00107986	0.0295059	0.00569192	0.00461888	0.00145944	0.00733109	0.870425	0.00778895	0.00530158	0.00193626	0.0019541	0.00128677	0.0133776	0.0201563	0.00492729	0.0081912	0.00156488	0.00251096
81	0.0907671	0.00534578	9.62778e-05	0.00134233	0.0552689	0.0180099	0.0013551	0.203201	0.00173259	0.297023	0.0757328	0.00177502	0.00378149	0.0027875	0.00095593	0.023402	0.0443791	0.164844	0.00210358	0.0060963
82	0.502372	0.00375981	9.07053e-05	0.000131905	0.00276493	0.194722	0.000115934	0.0064897	0.000118528	0.00508815	0.00835792	0.00248802	0.00255027	0.000170589	0.000112204	0.201324	0.0513979	0.0163012	0.000166135	0.00147791
83	0.163494	0.0462892	0.000322146	0.000452173	0.0272562	0.00208688	0.000476682	0.136468	0.00039451	0.355119	0.0329817	0.000814327	0.00091288	0.000565729	0.000402286	0.00924112	0.00355082	0.212686	0.00539323	0.00109414
84	0.414828	0.00273251	0.00107331	0.00139372	0.224784	0.00662499	0.00148171	0.0602615	0.00121761	0.0105473	0.00669401	0.0029409	0.00238577	0.00226147	0.00134403	0.00822011	0.00763706	0.238411	0.0020252	0.00313555
85	0.0161437	0.00296609	0.00126748	0.00145459	0.00879162	0.0285081	0.00156991	0.0249119	0.0153015	0.0253795	0.00807627	0.00329184	0.791951	0.00233041	0.0150848	0.0116243	0.0211324	0.0137548	0.00280515	0.00365505
86	0.0170439	0.00238379	0.00023206	0.00358892	0.302739	0.00308615	0.00413613	0.0652306	0.000362096	0.279803	0.133131	0.00978292	0.000933778	0.00066897	0.000452399	0.0155465	0.0122136	0.0304992	0.0166956	0.101471
87	0.00929118	0.00207813	0.00105611	0.00146724	0.0190644	0.00494094	0.585093	0.00679029	0.00102467	0.00746129	0.00482762	0.0922297	0.0018004	0.195703	0.00106876	0.00629998	0.00506624	0.00886268	0.00213092	0.0437436
88	0.150479	0.00282359	0.00370366	0.0026507	0.144532	0.0424971	0.00144032	0.0467593	0.0179183	0.116429	0.11332	0.00356641	0.00220229	0.116864	0.018238	0.0810387	0.0235474	0.084571	0.0186902	0.0087289
89	0.0457629	0.0100787	0.00318836	0.00344904	0.0556999	0.0281269	0.0063278	0.0292399	0.00451172	0.0440228	0.0247891	0.00881144	0.00838719	0.00749081	0.00484728	0.031109	0.0206859	0.0422108	0.460871	0.16039
90	0.237453	0.0123845	0.000218947	0.000268612	0.00472354	0.0262011	0.00026447	0.0421904	0.000272245	0.0699496	0.0212504	0.00322533	0.00119386	0.000395412	0.000242515	0.120072	0.286681	0.17198	0.000444349	0.000588688
91	0.311848	0.0270351	0.00045338	0.0010366	0.015428	0.0674579	0.000783806	0.0887574	0.000779305	0.0436123	0.0148489	0.00313758	0.0883825	0.00109293	0.000837534	0.123613	0.0528788	0.154871	0.00139242	0.00175328
92	0.0237571	0.00495694	0.44655	0.0149496	0.0139721	0.0113819	0.0150463	0.0158144	0.0157864	0.0196004	0.0123259	0.123468	0.00478235	0.0176106	0.0262646	0.186637	0.0141257	0.0210607	0.00424692	0.00766272
93	0.348679	0.0219326	0.000337696	0.000600034	0.0122362	0.0455474	0.000455572	0.104333	0.00044851	0.0520044	0.0138343	0.00225662	0.00540544	0.000852514	0.000309615	0.0741605	0.0853007	0.229217	0.00125906	0.000829349
94	0.00732658	0.00833381	0.000180488	0.000205413	0.104493	0.000995256	0.0052186	0.00978132	0.000239714	0.0131344	0.00108859	0.000460485	0.00278237	0.003672	0.000202591	0.0040358	0.0036772	0.00975092	0.000399858	0.824022
95	0.0468884	0.00223505	0.0874891	0.110541	0.00774416	0.0254061	0.0190643	0.00836012	0.00155889	0.011906	0.025075	0.0209317	0.00252962	0.462292	0.0151838	0.0614718	0.0566679	0.010757	0.00249	0.021408
96	0.0454157	0.000748244	0.0104053	0.0058311	0.00374033	0.810519	0.0125927	0.00197353	0.010612	0.00690337	0.00628227	0.00941714	0.000541492	0.0216657	0.0171281	0.0259405	0.00328231	0.00344947	0.000635526	0.0029167
97	0.50174	0.00445809	0.000162951	0.000169487	0.00256495	0.115919	0.000197897	0.0102946	0.000260316	0.00471495	0.00838861	0.00151371	0.00336805	0.000294522	0.000198252	0.25754	0.0518095	0.0351073	0.000321119	0.000977077
98	0.0258905	0.000940062	0.0269419	0.0340024	0.00273307	0.00894552	0.00189253	0.012827	0.120681	0.0244263	0.0268174	0.155864	0.0158528	0.0549099	0.067282	0.133724	0.234966	0.0482706	0.000786196	0.00224687
99	0.161682	0.00284372	0.00103056	0.0102502	0.0221432	0.0137552	0.01908	0.0761676	0.0134204	0.0893323	0.0123484	0.0528168	0.0463927	0.0107009	0.0245813	0.113875	0.207847	0.0958673	0.00481927	0.0210467
100	0.149432	0.00139151	0.000922372	0.0273132	0.00648607	0.02021	0.0126807	0.0726908	0.0270768	0.145405	0.013451	0.0532525	0.0369314	0.0269687	0.00427842	0.171839	0.1032	0.112297	0.00130488	0.0128688
101	0.103156	0.00634055	0.000335578	0.000359548	0.036883	0.0165815	0.00547175	0.251489	0.000852119	0.113277	0.0393973	0.000614888	0.00309078	0.000900211	0.000432229	0.0134129	0.0285394	0.373911	0.00188699	0.0030682
102	0.221285	0.00929337	0.000243371	0.00022547	0.00433639	0.0257534	0.000300167	0.0351133	0.000295442	0.0717352	0.0234855	0.00348326	0.000911957	0.000452822	0.000397637	0.127534	0.311274	0.16281	0.000419121	0.000650346
103	0.511811	0.00446315	8.37426e-05	0.000120848	0.0027521	0.203318	0.00011829	0.00719867	0.000103951	0.00555567	0.00932379	0.00239346	0.00296364	0.000155031	0.000114991	0.179932	0.0515242	0.0164939	0.000171	0.00140245
104	0.00767805	0.000691846	0.000288404	0.000288792	0.537089	0.0043488	0.000529091	0.044134	0.000330096	0.108929	0.0311109	0.000597222	0.00368527	0.000605577	0.000364673	0.00181547	0.0105751	0.0397097	0.00747091	0.199758
105	0.0374811	0.00266205	0.000104074	0.000546745	0.0774502	0.00300246	0.000194787	0.176128	0.000162449	0.438954	0.124161	0.000401978	0.0012052	0.000489607	0.00014114	0.00942912	0.0178247	0.103137	0.00240546	0.00411826
106	0.518083	0.00364395	0.000122148	0.000142706	0.00293776	0.144141	0.000166306	0.00796481	0.000131297	0.00482035	0.00791163	0.00201808	0.00291812	0.000194657	0.000117598	0.229483	0.0488874	0.02496	0.000202325	0.00115453
107	0.207771	0.00776526	0.000290363	0.000339878	0.00776978	0.0273777	0.000441837	0.0405966	0.000342629	0.0626241	0.025861	0.0036699	0.000738873	0.000602187	0.000379377	0.133945	0.325746	0.152126	0.000658296	0.000953547
108	0.368647	0.0248816	0.000103401	0.000164858	0.0123146	0.0590839	0.000177852	0.0996885	0.000171917	0.0514939	0.014342	0.00223515	0.00689431	0.000189283	0.000137191	0.0790807	0.0644828	0.215309	0.000223962	0.000378426
109	0.104252	0.0116649	0.00101921	0.00159363	0.0262377	0.0883242	0.00243512	0.0351694	0.00163705	0.0303326	0.00894166	0.00312862	0.175564	0.00280016	0.00159643	0.260402	0.109209	0.129665	0.00251121	0.00351639
110	0.00913617	0.00175557	0.00107986	0.0295059	0.00569192	0.00461888	0.00145944	0.00733109	0.870425	0.00778895	0.00530158	0.00193626	0.0019541	0.00128677	0.0133776	0.0201563	0.00492729	0.0081912	0.00156488	0.00251096
111	0.205288	0.00400911	0.000120565	0.000309137	0.0479854	0.0479672	0.000722106	0.144006	0.00259753	0.167039	0.0461284	0.00208453	0.00315237	0.000921903	0.000262708	0.0344812	0.0545817	0.233135	0.00296751	0.00224084
112	0.513647	0.00493266	7.89307e-05	0.000209432	0.0029268	0.198637	0.000129999	0.00976123	0.000112322	0.0059365	0.00981904	0.00219536	0.00330426	0.000278109	0.000109097	0.176199	0.0495741	0.0204342	0.000416021	0.00129923
113	0.398606	0.0159712	0.000248229	0.00174712	0.0123247	0.0894884	0.000282726	0.0824585	0.00033773	0.0468792	0.0254825	0.00193952	0.00478891	0.00354325	0.000194351	0.101255	0.0620557	0.147394	0.00390259	0.00110047
114	0.0570209	0.00393604	7.93191e-05	0.000559952	0.0689534	0.00650911	0.000486811	0.248652	0.000534761	0.307563	0.104634	0.000927048	0.00183497	0.000850097	0.000385829	0.0161124	0.0361606	0.138261	0.00106765	0.00547051
115	0.369577	0.0192722	0.000301864	0.000437548	0.0429626	0.151377	0.00039811	0.0739531	0.000282985	0.100579	0.0300567	0.0039371	0.00530758	0.000727027	0.000255492	0.0552379	0.0294264	0.110506	0.00115312	0.00425147
116	0.220132	0.00631625	0.000188034	0.000277484	0.0481686	0.0403823	0.000544983	0.143866	0.00118462	0.153162	0.0498901	0.00178902	0.00512337	0.000662085	0.000217252	0.0259924	0.0395441	0.257119	0.00294448	0.00249683
117	0.0424008	0.00113632	0.000121383	0.000660568	0.131145	0.00310861	0.00015261	0.0653395	0.000128262	0.569499	0.103572	0.000441308	0.0011135	0.000265783	0.000171633	0.00871667	0.00624389	0.0553282	0.00461752	0.00583686
118	0.0808758	0.00840543	5.5301e-05	0.0027553	0.0574057	0.0211667	0.00225269	0.134669	0.00267823	0.377879	0.0742097	0.00401727	0.00462735	0.00249943	0.00188516	0.0258416	0.0451041	0.138356	0.00427841	0.0110379
119	0.0445384	0.00115247	0.00160616	0.00255796	0.00323625	0.0247461	0.000658508	0.0196025	0.185228	0.0467659	0.00450294	0.0650153	0.0311107	0.0265411	0.426422	0.0425683	0.0260035	0.0296069	0.0167556	0.00138141
120	0.0266241	0.00226608	0.000378674	0.00249145	0.205643	0.00619081	0.000729662	0.134243	0.000381675	0.415494	0.0433846	0.00103953	0.00489204	0.00503469	0.000349287	0.00291225	0.0047556	0.113366	0.00582456	0.0239991
121	0.0692696	0.00948143	0.000133486	0.00267471	0.109649	0.0152382	0.00393611	0.104187	0.00216902	0.376988	0.0846777	0.00492294	0.00357128	0.00235464	0.00151235	0.0248096	0.0362263	0.114659	0.00783851	0.0257016
122	0.0251691	0.00138834	0.000227663	0.00229577	0.160455	0.00544084	0.000518078	0.162776	0.000209975	0.434293	0.0566226	0.000514246	0.00560715	0.00213572	0.000213901	0.00161999	0.00491449	0.117077	0.00782979	0.0106916
123	0.404121	0.00152215	0.000494498	0.00939777	0.0151387	0.108309	0.00096768	0.0836152	0.000672018	0.0363571	0.0276276	0.00126904	0.00127146	0.0194567	0.000870239	0.0959915	0.0983494	0.0650065	0.0275923	0.00196924
124	0.179373	0.0166355	0.000196475	0.00029048	0.0368411	0.0385658	0.00103975	0.252408	0.000716842	0.0860379	0.028002	0.000348941	0.00702483	0.000435643	0.000238887	0.00867282	0.0249332	0.304652	0.00611378	0.0074723
125	0.0425984	0.00416816	9.74785e-05	0.000202348	0.0502645	0.00421803	0.000194326	0.255938	0.00018753	0.355894	0.0988925	0.000368776	0.00115397	0.0005626	0.000153807	0.0126046	0.0274019	0.141314	0.000703334	0.0030816
126	0.484145	0.00660696	0.000214881	0.000206229	0.00269228	0.106367	0.000240356	0.0133389	0.000271426	0.00487254	0.00870528	0.00135565	0.0106071	0.000375728	0.000203187	0.271035	0.0492053	0.0381713	0.000398513	0.000986974
127	0.18265	0.0167219	0.0001653	0.000271443	0.0354649	0.0387522	0.00100359	0.252405	0.00071915	0.0847558	0.0276897	0.000369913	0.00675184	0.000394021	0.000236001	0.00918015	0.0254277	0.30608	0.00482664	0.00613527
128	0.165891	0.0473466	0.000331023	0.00040493	0.0272474	0.001799	0.000471183	0.135109	0.000376835	0.355179	0.0318489	0.000734174	0.00084654	0.000540858	0.000372657	0.00853268	0.00264671	0.214172	0.0052276	0.000921242
129	0.0640103	0.000676779	0.00418685	0.000324444	0.00183284	0.0304319	0.000666773	0.00212985	0.000489041	0.00648185	0.00572798	0.0130864	0.000593079	0.000518216	0.000402213	0.676187	0.175614	0.0152606	0.00054957	0.000829421
130	0.0170289	0.0025372	0.000830384	0.00121763	0.0186584	0.00517292	0.00123835	0.152414	0.000957421	0.173444	0.503705	0.00225654	0.00213638	0.00169219	0.00124627	0.00899301	0.0112032	0.0886843	0.00270287	0.00388095
131	0.0619116	0.0128812	0.000712644	0.000976881	0.185709	0.00405583	0.00119016	0.220064	0.000928744	0.156681	0.0123408	0.0013981	0.00153339	0.00136495	0.000893064	0.00699534	0.0658621	0.260577	0.00122143	0.00270263
132	0.0754698	0.000533049	0.00306649	0.0002557	0.104434	0.044568	0.000273734	0.114142	0.000236073	0.203649	0.040759	0.000538772	0.00901198	0.00576952	0.000153434	0.00973348	0.0248441	0.234257	0.0646327	0.0636729
133	0.0256752	0.000466449	0.00296235	0.000194186	0.00303354	0.924274	0.005881	0.00148066	0.000214506	0.00556918	0.0042716	0.000413396	0.000425251	0.00628337	0.000243026	0.0134939	0.00171758	0.00237823	0.000427978	0.00059462
134	0.187989	0.0049427	0.0303503	0.0118882	0.0173422	0.0210112	0.0489547	0.0212496	0.0242523	0.0301445	0.0191006	0.154809	0.00659193	0.0194775	0.0340663	0.293383	0.0303393	0.0264454	0.00520031	0.0124618
135	0.0315597	0.00450708	0.000158916	0.000426719	0.0846114	0.00132569	0.00118147	0.234737	0.0001935	0.345685	0.0164886	0.000298617	0.000856438	0.000488697	0.000230114	0.00315368	0.0144658	0.253927	0.00209358	0.00361133
136	0.274715	0.00963281	0.000181868	0.00025882	0.0518949	0.0977347	0.000339331	0.0816665	0.000708065	0.170301	0.0608318	0.00148911	0.00144932	0.000477735	0.000208464	0.0502769	0.0583327	0.129797	0.00317667	0.00652655
137	0.515623	0.00411803	8.87429e-05	0.000121519	0.00328133	0.192681	0.000119218	0.0073272	0.000108403	0.00617293	0.008745	0.00249859	0.00272254	0.00015511	0.000107345	0.186776	0.049652	0.01811	0.00016057	0.00143118
138	0.0156736	0.00935101	0.000390237	0.000502433	0.0537242	0.00259445	0.0016567	0.249267	0.000531071	0.474364	0.0199555	0.000829328	0.00102055	0.000802231	0.000490879	0.00469673	0.0110727	0.146075	0.00302432	0.00397887
139	0.179313	0.0121345	0.000658591	0.00104748	0.0151726	0.03982	0.00159088	0.0401474	0.058873	0.030748	0.0436026	0.0340154	0.0579968	0.00119105	0.126116	0.0846619	0.0885014	0.118492	0.0521238	0.0137933
140	0.0439733	0.00263002	0.0740012	0.114105	0.00786568	0.0237442	0.0162441	0.0101263	0.0109655	0.013581	0.0235572	0.0285785	0.00361798	0.432244	0.0258123	0.0618756	0.0708768	0.0141416	0.00300192	0.0190583
141	0.0172743	0.000921296	0.0240618	0.0335105	0.00266339	0.00830276	0.000576225	0.0101992	0.129414	0.0166419	0.0255982	0.162498	0.0136691	0.0567655	0.072473	0.124678	0.251874	0.046867	0.000743676	0.00126793
142	0.0157367	0.00282571	0.327117	0.0193148	0.00810456	0.00659376	0.0199186	0.00843914	0.0197589	0.010851	0.00763954	0.232688	0.00274516	0.0210689	0.0367504	0.23612	0.00774934	0.010911	0.00203986	0.00362718
143	0.0323379	0.00511549	0.000169994	0.000244222	0.0771789	0.000952233	0.00128608	0.246003	0.000188332	0.327191	0.0146017	0.000315343	0.000519294	0.00038256	0.000239293	0.00336414	0.0146309	0.270435	0.00182191	0.0030227
144	0.0458985	0.00120881	0.000516608	0.00069251	0.00335671	0.0266176	0.000644504	0.0197586	0.189061	0.0487828	0.00329963	0.0558573	0.0336109	0.0256105	0.447258	0.038874	0.0107602	0.0286116	0.0181283	0.00145187
145	0.0467004	0.00113132	0.000845314	0.000986561	0.00338443	0.0263303	0.0012457	0.0195361	0.191514	0.0482726	0.00333145	0.0557269	0.0327688	0.0255853	0.445783	0.0389016	0.0105316	0.0280272	0.0176912	0.0017056
146	0.00754436	0.00261031	0.000293663	0.000357634	0.0175751	0.0014928	0.000342793	0.0924768	0.000397273	0.54467	0.280396	0.000602639	0.000625957	0.000529056	0.000325324	0.0039266	0.00579843	0.0364796	0.00271114	0.000844467
147	0.0212747	0.00222391	0.000171057	0.000376274	0.0598705	0.00161518	0.000266053	0.0722266	0.000256177	0.588124	0.193823	0.000505504	0.000524561	0.000386691	0.000224049	0.00658178	0.00518458	0.0391535	0.00456693	0.00264543
148	0.50605	0.00625413	9.99724e-05	0.000186704	0.00519918	0.208587	0.0003151	0.0107411	0.000133079	0.00986829	0.00999193	0.00229032	0.00348841	0.000212637	0.000154927	0.166477	0.0477412	0.019493	0.000582673	0.0021341
149	0.0337084	0.00697243	0.000567639	0.000613251	0.443227	0.0429694	0.000777658	0.0228161	0.000523496	0.0550295	0.0168468	0.00134231	0.00915582	0.00094186	0.000631006	0.00952754	0.00687475	0.0511482	0.0175798	0.278747
150	0.0900534	0.00113982	0.00376816	0.000356426	0.00205458	0.038988	0.000714365	0.00283704	0.000499564	0.00662512	0.00592453	0.0124718	0.00080313	0.000513359	0.000380478	0.651727	0.162985	0.0167896	0.000508924	0.000859894
151	0.501929	0.00384788	8.78277e-05	0.00012967	0.00271579	0.193105	0.000126817	0.00676394	0.000128514	0.00518235	0.00851808	0.00236721	0.00263469	0.000189138	0.000109993	0.201839	0.0517626	0.0169378	0.000215837	0.00140862
152	0.0376152	0.00301753	0.00095712	0.00141003	0.0235029	0.00668871	0.00337882	0.396788	0.00101372	0.0665703	0.0167246	0.00212611	0.00211108	0.00208159	0.00129984	0.0098216	0.0119756	0.407023	0.00239195	0.00350229
153	0.516969	0.00373869	8.55726e-05	0.000108925	0.00285712	0.193493	0.000116765	0.0065943	9.85772e-05	0.00529504	0.00868337	0.00269562	0.00261307	0.00015314	0.000116577	0.187064	0.0506927	0.017048	0.000150389	0.00142571
154	0.00919796	0.00210591	0.000838059	0.00118697	0.0186326	0.00501362	0.586308	0.00674318	0.00104611	0.00749278	0.00480779	0.0945989	0.00183046	0.194138	0.000959802	0.00626504	0.00497	0.00862077	0.00204175	0.0432022
155	0.217069	0.00224882	0.00121309	0.00174335	0.0716858	0.0158545	0.00125165	0.0549942	0.00146693	0.0630297	0.138696	0.00831245	0.00239959	0.00227405	0.00116363	0.181272	0.146467	0.0817621	0.00371189	0.0033847
156	0.0256752	0.000466449	0.00296235	0.000194186	0.00303354	0.924274	0.005881	0.00148066	0.000214506	0.00556918	0.0042716	0.000413396	0.000425251	0.00628337	0.000243026	0.0134939	0.00171758	0.00237823	0.000427978	0.00059462
157	0.00726854	0.00836376	0.000180433	0.000206345	0.103166	0.000812992	0.00523007	0.00966193	0.000240012	0.0129171	0.00103524	0.000459865	0.00272436	0.00368548	0.000198279	0.00403266	0.00365638	0.00961129	0.00034874	0.826201
158	0.0447898	0.00439528	7.78117e-05	0.000108362	0.0545948	0.00278377	0.000212006	0.268481	9.26849e-05	0.316001	0.11479	0.000264136	0.0010805	0.000463825	0.000115202	0.0130335	0.0302562	0.145092	0.000472266	0.00289526
159	0.0456106	0.00197747	0.000122053	0.000437769	0.116819	0.0028636	0.000513144	0.0536042	0.000247282	0.580076	0.112228	0.000781861	0.000502671	0.000634455	0.000254067	0.0136694	0.0079968	0.0518168	0.00378316	0.00606112
160	0.0836258	0.00901226	7.55066e-05	0.00257711	0.0543812	0.0239435	0.00306857	0.133923	0.00251572	0.364142	0.0866912	0.00589011	0.00433099	0.0038981	0.00182876	0.028132	0.0459151	0.1315	0.00397918	0.0105702
161	0.0103055	0.00082224	0.000334173	0.00033321	0.503463	0.00393299	0.000517974	0.0578382	0.000493193	0.09448	0.0301615	0.000821536	0.0063703	0.000692196	0.000396332	0.00231758	0.0187372	0.0547743	0.00525331	0.207955
162	0.00734643	0.0082086	0.00019738	0.000208008	0.106669	0.000934813	0.00564869	0.00976277	0.00024259	0.014193	0.00132266	0.000459244	0.00270494	0.00394037	0.000210874	0.00402967	0.0036759	0.00978736	0.000443951	0.820013
163	0.0837425	0.00213483	0.000277777	0.000855272	0.0375283	0.0221187	0.000938966	0.12403	0.000894395	0.16707	0.093467	0.00143678	0.00138275	0.001063	0.000708737	0.127184	0.160064	0.16408	0.00838409	0.00263896
164	0.175593	0.00666267	0.000200912	0.000903553	0.0962884	0.0255892	0.000910477	0.112771	0.00118635	0.23694	0.0615753	0.00187325	0.00240269	0.0010922	0.000607287	0.0334905	0.0631133	0.172426	0.00254772	0.00382587
165	0.364256	0.0238609	9.4517e-05	0.000152185	0.0137599	0.0608515	0.000164367	0.100382	0.000221917	0.0558128	0.0157909	0.00251729	0.00706261	0.000195203	0.000108541	0.0783559	0.0634206	0.212331	0.000304744	0.000358445
166	0.0075054	0.00833608	0.000177932	0.000221254	0.103427	0.00134343	0.00552567	0.00982258	0.000245522	0.0132845	0.0011524	0.000509448	0.00274705	0.003739	0.000192395	0.00420648	0.00363699	0.00977735	0.000439223	0.82371
167	0.247581	0.00286732	0.000128606	0.0001638	0.0531111	0.0617495	0.00022428	0.0903329	0.00120398	0.177441	0.0482291	0.00253216	0.00179145	0.000337593	0.000162107	0.0411925	0.0587994	0.206772	0.00317381	0.00220634
168	0.0173697	0.000921397	0.0241057	0.0333677	0.00270675	0.00836784	0.000578893	0.0101433	0.129152	0.0168013	0.0256517	0.162589	0.0136316	0.0567005	0.0720701	0.124869	0.251933	0.0469978	0.000777634	0.00126455
169	0.079931	0.00752204	5.65746e-05	0.0023293	0.0573472	0.020532	0.00182561	0.156999	0.00230569	0.357837	0.0738817	0.00311588	0.00433803	0.00216041	0.00163306	0.0246639	0.0462922	0.143242	0.00357239	0.0104148
170	0.326413	0.0256614	0.0002316	0.000423552	0.0579485	0.251091	0.000365976	0.0350016	0.000365323	0.0995417	0.0241896	0.0014174	0.00233195	0.000646454	0.000373614	0.0701122	0.04306	0.0547553	0.00150664	0.00456271
171	0.369548	0.0251635	0.000106804	0.000182283	0.0156804	0.0657439	0.000195871	0.0983344	0.000162022	0.0584344	0.017055	0.00219012	0.00665241	0.000221638	0.000124143	0.0785706	0.0614635	0.199034	0.00034116	0.00079506
172	0.0210444	0.00331833	0.000337364	0.00282945	0.28401	0.00388076	0.00430497	0.059818	0.000617038	0.322151	0.111301	0.00700745	0.00175713	0.00118547	0.000419471	0.0146491	0.0110038	0.0382841	0.0308622	0.0812191
173	0.319639	0.0202651	0.000254006	0.000318638	0.0561764	0.137474	0.000360492	0.0646868	0.000302041	0.154545	0.0541294	0.00117017	0.00159058	0.000503643	0.000266131	0.0513831	0.0474289	0.0770279	0.00239209	0.0100859
174	0.173605	0.02008	0.000298705	0.0004371	0.0369777	0.0439096	0.00116052	0.256126	0.000724263	0.0689695	0.0243922	0.000472182	0.00532237	0.00056033	0.000333951	0.0174513	0.0377938	0.302928	0.00351971	0.00493755
175	0.0250481	0.00449701	0.000169157	0.00186997	0.216983	0.00315253	0.0023794	0.0852965	0.00023768	0.424081	0.0914448	0.00350251	0.00227998	0.00199537	0.000198489	0.00899344	0.00676998	0.0661402	0.00933919	0.045622
176	0.166991	0.000883412	0.0455079	0.0387897	0.00886936	0.0156005	0.0494756	0.00306532	0.114595	0.0164862	0.0221483	0.0956521	0.00089148	0.0728995	0.180921	0.126539	0.00903739	0.00986447	0.000847718	0.0209343
177	0.0256752	0.000466449	0.00296235	0.000194186	0.00303354	0.924274	0.005881	0.00148066	0.000214506	0.00556918	0.0042716	0.000413396	0.000425251	0.00628337	0.000243026	0.0134939	0.00171758	0.00237823	0.000427978	0.00059462
178	0.0412183	0.00126439	0.000108647	0.000548257	0.129758	0.00199327	0.000345671	0.0516193	0.000167966	0.584073	0.109386	0.000913971	0.000460013	0.000246416	0.000153775	0.0118083	0.00618433	0.0461751	0.00439677	0.0091788
179	0.19477	0.00203034	0.000802024	0.00145179	0.0872807	0.212197	0.0274121	0.0434095	0.00122967	0.023613	0.0196013	0.0165073	0.00207998	0.00186958	0.0156826	0.155729	0.00536674	0.0369286	0.0446735	0.107365
180	0.166991	0.000883412	0.0455079	0.0387897	0.00886936	0.0156005	0.0494756	0.00306532	0.114595	0.0164862	0.0221483	0.0956521	0.00089148	0.0728995	0.180921	0.126539	0.00903739	0.00986447	0.000847718	0.0209343
181	0.0268552	0.00340605	0.00109543	0.00222807	0.00883523	0.0238565	0.00195273	0.0341372	0.0357173	0.0401465	0.0102476	0.00937917	0.659625	0.00455747	0.0543018	0.0182785	0.0340954	0.0210875	0.00541358	0.00478404
182	0.0742632	0.000487631	0.00342398	0.000213888	0.105676	0.0445162	0.000263959	0.111839	0.000235037	0.206221	0.0423428	0.000551046	0.00925485	0.00628168	0.000182424	0.0101319	0.0253511	0.229725	0.0671412	0.061898
183	0.0832698	0.00867685	5.54882e-05	0.00300714	0.0558491	0.0211629	0.00250017	0.130842	0.00299561	0.376333	0.0733801	0.00425925	0.00499485	0.00275114	0.00219336	0.0274542	0.0459773	0.138393	0.00451066	0.0113941
184	0.515488	0.00391339	8.67861e-05	9.64184e-05	0.00281116	0.194973	0.000112661	0.00683044	9.83748e-05	0.00515251	0.00875366	0.002508	0.0027364	0.000146982	0.000112097	0.186535	0.0509475	0.0169716	0.000155849	0.00157054
185	0.270262	0.00907072	0.000163026	0.000222638	0.0633796	0.0904846	0.000288027	0.0817218	0.000603808	0.179402	0.0584428	0.00146601	0.00135798	0.000370684	0.00020073	0.047481	0.055527	0.128855	0.00378201	0.00691879
