214	20
1	0.0474613	0.0129619	0.0133147	0.0207038	0.0302233	0.0190792	0.0230973	0.108688	0.0422462	0.0835257	0.260032	0.0248929	0.00685337	0.0262702	0.102176	0.0385303	0.0448927	0.0657186	0.00980364	0.0195286
2	0.4885	0.0196106	0.0112238	0.0057511	0.00205602	0.0965957	0.00276151	0.00864485	0.00357772	0.0055648	0.00261675	0.00490527	0.00172809	0.00285475	0.00347816	0.25146	0.0509367	0.0280107	0.000730452	0.00899259
3	0.0474815	0.0438817	0.00353901	0.00151923	0.00223614	0.0387691	0.0100694	0.0136251	0.0103369	0.00643003	0.00669878	0.0224051	0.012897	0.00309851	0.009655	0.342432	0.395534	0.0241411	0.00294767	0.0023033
4	0.0338789	0.000683938	0.00072123	0.000905031	0.0247626	0.00124056	0.00100445	0.279442	0.00137179	0.311571	0.0392764	0.00372271	0.000456916	0.00326526	0.00148151	0.00448368	0.0173782	0.270803	0.000309772	0.00324156
5	0.0945206	0.00900854	0.0151977	0.00843838	0.00542082	0.0310209	0.0105574	0.0944048	0.158045	0.0267529	0.00765455	0.0342658	0.017143	0.0138502	0.0914231	0.144926	0.115681	0.10146	0.00698052	0.0132494
6	0.318963	0.00222838	0.0382642	0.0606218	0.00332699	0.032368	0.0204142	0.0477764	0.0173622	0.0181695	0.00890522	0.0358843	0.0048386	0.0526957	0.0211701	0.0958563	0.111447	0.099695	0.000481139	0.00953217
7	0.0407058	0.000594747	0.182063	0.444075	0.00278684	0.02966	0.0230227	0.0136549	0.0613836	0.0124738	0.0111645	0.0175948	0.00046827	0.0830558	0.0200862	0.0191223	0.0147284	0.0215764	0.000198463	0.00158499
8	0.0648342	0.0040881	0.443397	0.0753855	0.00442605	0.0359523	0.0495214	0.00797574	0.02401	0.0102428	0.00588564	0.112218	0.00349083	0.0216867	0.0194846	0.0314083	0.0261635	0.0220956	0.00135359	0.0363801
9	0.519049	0.0629864	0.00587491	0.00813014	0.00195723	0.048706	0.00279133	0.0158332	0.00344688	0.00718571	0.00288972	0.00517448	0.0014785	0.00322562	0.00367971	0.225202	0.0319532	0.039978	0.000733661	0.00972498
10	0.0434399	0.000584542	0.168719	0.447564	0.00283904	0.0305184	0.0209688	0.0190239	0.0644199	0.0140912	0.0142416	0.0165162	0.000512981	0.0749418	0.0207957	0.019393	0.0158138	0.023817	0.000185376	0.00161408
11	0.105405	0.0119836	0.101397	0.0763767	0.00411332	0.0558178	0.0440079	0.00413324	0.0980024	0.0187944	0.00414618	0.0912816	0.0035372	0.0720429	0.075668	0.132493	0.0613911	0.0157732	0.00367526	0.0199599
12	0.00387553	0.000447663	0.000488511	0.000479744	0.0270727	0.000698578	0.000675134	0.126249	0.000759775	0.739862	0.0343936	0.000877811	0.000281535	0.00264751	0.00078316	0.00135899	0.00560232	0.0502361	0.0020698	0.00114106
13	0.011436	0.00279655	0.00420654	0.0160236	0.0344826	0.0173473	0.169891	0.0150675	0.14461	0.037257	0.0201116	0.123294	0.00181246	0.0948168	0.176461	0.0298218	0.00965219	0.00625163	0.0174475	0.067214
14	0.0308598	0.00690628	0.00760783	0.0334361	0.00320184	0.0222204	0.0123507	0.0171557	0.430052	0.0328191	0.0302665	0.0586097	0.00493328	0.0363327	0.145154	0.0534455	0.0363863	0.0336403	0.000243411	0.00437919
15	0.0109082	0.0127007	0.0136933	0.0118255	0.0200548	0.677417	0.012051	0.00516727	0.00650752	0.00498219	0.00386276	0.0454209	0.00157128	0.00576756	0.071067	0.0717661	0.0155354	0.00573282	0.000728168	0.00324073
16	0.0345769	0.00397903	0.00677833	0.00457586	0.182765	0.0074365	0.00635104	0.081341	0.00819926	0.238756	0.0351387	0.00889104	0.00325593	0.0060671	0.0515508	0.0159131	0.01799	0.0116932	0.225148	0.0495926
17	0.00947662	0.011127	0.0157846	0.0152451	0.0220478	0.660516	0.0130711	0.00500809	0.00918357	0.00578463	0.00410368	0.0453864	0.00172719	0.00712794	0.0744468	0.0749332	0.0152999	0.00554814	0.00100045	0.00318214
18	0.113499	0.0454378	0.00364642	0.00535402	0.00396673	0.0229833	0.0114506	0.0172674	0.0104715	0.0144084	0.0102986	0.016922	0.0842936	0.00464006	0.00654703	0.222748	0.346791	0.0409053	0.0119042	0.0064646
19	0.0298155	0.00217305	0.461188	0.0361086	0.00259607	0.025798	0.0423955	0.0044559	0.0151609	0.00543958	0.00305349	0.22957	0.00968436	0.00732107	0.0100643	0.0232709	0.0339449	0.0134723	0.000764534	0.0437235
20	0.0799643	0.00608081	0.121722	0.267606	0.00338752	0.0477491	0.0301586	0.00877659	0.0907331	0.0164757	0.00612589	0.0509059	0.00193485	0.0659452	0.0457287	0.0812223	0.0457888	0.0175985	0.00187981	0.0102163
21	0.10554	0.011908	0.101523	0.0765009	0.00400182	0.055885	0.0434398	0.00415615	0.0991349	0.018775	0.00416988	0.0911501	0.00353402	0.0718585	0.0758467	0.131971	0.0612263	0.0156804	0.00366952	0.0200293
22	0.370927	0.0135413	0.0202887	0.0309655	0.00799158	0.0222031	0.0203399	0.015213	0.0423024	0.027834	0.0363882	0.00565113	0.0136968	0.0111469	0.0334589	0.0897392	0.143066	0.0870554	0.000954738	0.00723631
23	0.0327094	0.000746629	0.000792912	0.000928388	0.0210166	0.00144132	0.00104022	0.322347	0.00216652	0.238387	0.0307642	0.0048859	0.00055478	0.00387228	0.00311862	0.00397804	0.0143827	0.314003	0.000333377	0.00253077
24	0.0447933	0.00272964	0.00109593	0.00220465	0.0065156	0.00945566	0.00164701	0.501372	0.00267435	0.0282227	0.0349713	0.00149528	0.00554674	0.0039857	0.00340941	0.0137884	0.0437149	0.288617	0.000317775	0.00344254
25	0.104606	0.0121969	0.102301	0.0746594	0.00390317	0.0571039	0.0434266	0.00402897	0.0971098	0.0197857	0.00427004	0.0910686	0.00351833	0.0697836	0.0754688	0.136074	0.0604585	0.0160488	0.00390828	0.0202804
26	0.00786853	0.000933379	0.000920794	0.00102851	0.00881088	0.00171729	0.00150948	0.550595	0.00490094	0.0157331	0.0117241	0.00181056	0.00247774	0.00893669	0.00843825	0.00618457	0.0067547	0.358076	0.000335961	0.00124344
27	0.0030782	0.000439107	0.00059404	0.00047964	0.0276325	0.000691672	0.000686712	0.118531	0.000743707	0.751515	0.0361849	0.000783369	0.000266485	0.00282696	0.000796913	0.00134455	0.00634498	0.0437476	0.0021461	0.00116702
28	0.361123	0.0484275	0.0068592	0.00374001	0.00381151	0.273079	0.00462616	0.00767775	0.00577554	0.0075294	0.00429648	0.00530312	0.00216023	0.00428824	0.0053887	0.130385	0.0675549	0.0301684	0.00121546	0.0265901
29	0.0124447	0.00276075	0.00550001	0.0172056	0.0332737	0.0182458	0.16881	0.0153017	0.143686	0.036761	0.0195431	0.123589	0.00176191	0.0963246	0.175498	0.0299584	0.0102661	0.00632381	0.0165004	0.0662445
30	0.00485783	0.0130461	0.00208915	0.0029919	0.00240442	0.0145237	0.0416012	0.0161882	0.0846151	0.017894	0.00318079	0.0309966	0.000969876	0.0175388	0.699263	0.0149945	0.00492742	0.00565121	0.000830324	0.021436
31	0.013873	0.00406158	0.212785	0.00974735	0.00519387	0.00687585	0.00738936	0.00865355	0.0506516	0.00953898	0.00602902	0.375917	0.0452949	0.00599018	0.00898442	0.0760182	0.133417	0.00947671	0.00135117	0.00875099
32	0.511846	0.00288566	0.0188804	0.0495495	0.00142767	0.0135479	0.00983918	0.0264428	0.00867445	0.0195016	0.00297993	0.0269676	0.00123539	0.0440125	0.00800167	0.0877847	0.0563504	0.100307	0.000429642	0.00933646
33	0.259626	0.00733581	0.010882	0.0538535	0.0270309	0.0169745	0.022713	0.0323866	0.0145555	0.031714	0.0464797	0.006334	0.0321361	0.0217069	0.0249997	0.133177	0.168799	0.07028	0.000958712	0.0180571
34	0.0230268	0.00711185	0.00931454	0.0124409	0.0102538	0.0129307	0.209336	0.0163673	0.0190126	0.0188918	0.01275	0.0145801	0.0425598	0.497943	0.0208799	0.0223632	0.021565	0.0162715	0.00257217	0.0098292
35	0.00399541	0.0134793	0.0012739	0.00164782	0.00150533	0.0142636	0.0370769	0.0158355	0.088152	0.0166258	0.00217215	0.0267759	0.000957564	0.0143211	0.715698	0.0147179	0.00400145	0.00601793	0.000574199	0.0209086
36	0.104606	0.0121969	0.102301	0.0746594	0.00390317	0.0571039	0.0434266	0.00402897	0.0971098	0.0197857	0.00427004	0.0910686	0.00351833	0.0697836	0.0754688	0.136074	0.0604585	0.0160488	0.00390828	0.0202804
37	0.109092	0.00259702	0.0296973	0.087523	0.0301242	0.0138566	0.0402923	0.0697253	0.0690364	0.172759	0.0305817	0.0296971	0.00124103	0.0662828	0.0584966	0.0506114	0.0242406	0.0784009	0.000369323	0.0353752
38	0.0293624	0.000702641	0.000691097	0.000850864	0.0229079	0.00118271	0.00104596	0.280539	0.00127908	0.338472	0.0431977	0.0033685	0.000611882	0.00316607	0.00158606	0.00471331	0.0185952	0.243799	0.000490102	0.00343973
39	0.0861981	0.0069067	0.0166576	0.0456905	0.00826283	0.030701	0.0227606	0.0285542	0.234118	0.0610174	0.0327099	0.0404298	0.00401466	0.0879399	0.145583	0.0641661	0.0307187	0.0428257	0.00184445	0.00890142
40	0.139572	0.00173619	0.0397263	0.0658843	0.0158477	0.0109042	0.0188754	0.113967	0.0618093	0.158026	0.0560005	0.0307559	0.000886607	0.056179	0.0435869	0.027138	0.0438358	0.100856	0.000407606	0.0140056
41	0.00513944	0.0203301	0.00209413	0.00218365	0.224829	0.0031061	0.069943	0.0101224	0.0031646	0.0350992	0.0117912	0.0102836	0.000911359	0.00296637	0.00300592	0.00511398	0.0116436	0.00386669	0.000680292	0.573725
42	0.104606	0.0121969	0.102301	0.0746594	0.00390317	0.0571039	0.0434266	0.00402897	0.0971098	0.0197857	0.00427004	0.0910686	0.00351833	0.0697836	0.0754688	0.136074	0.0604585	0.0160488	0.00390828	0.0202804
43	0.0402845	0.000573015	0.164183	0.45787	0.00284265	0.034389	0.0189216	0.0134051	0.0799551	0.0109438	0.00924114	0.0164609	0.000365137	0.0689792	0.0215301	0.0209188	0.0182918	0.0192516	0.000164455	0.00142922
44	0.0319055	0.00491666	0.251546	0.165545	0.00370083	0.019532	0.0360344	0.00626179	0.0167161	0.0354769	0.0120552	0.086056	0.0471996	0.00851837	0.0311333	0.166693	0.0415757	0.0162396	0.0132093	0.00568511
45	0.00351462	0.000457485	0.000491975	0.000466022	0.0280232	0.000794379	0.00091362	0.121784	0.000839985	0.743937	0.0351289	0.00101056	0.000326544	0.00297808	0.0010157	0.00165188	0.00617217	0.0470619	0.00209852	0.00133356
46	0.0331671	0.0110032	0.00213317	0.0025838	0.0953407	0.00712042	0.0231858	0.110906	0.0171381	0.321277	0.0204358	0.0107348	0.00978099	0.0219361	0.0382262	0.0377709	0.0458196	0.153381	0.000988404	0.0370708
47	0.0297083	0.00358176	0.0317068	0.0532268	0.010799	0.0367135	0.134364	0.0175944	0.138895	0.0237223	0.0231213	0.0848225	0.00196472	0.159835	0.163198	0.0209648	0.0314984	0.0118219	0.00546233	0.0169994
48	0.136182	0.03104	0.126598	0.0832695	0.00520205	0.0297138	0.0242973	0.00781605	0.0455034	0.0158252	0.0086669	0.0459786	0.02994	0.0617104	0.0875206	0.138792	0.0679292	0.0389789	0.00348441	0.0115523
49	0.00254648	0.000420757	0.000476766	0.000458461	0.0274125	0.000683891	0.000681015	0.117225	0.000738741	0.758883	0.0350961	0.00072811	0.000266023	0.00282132	0.000783112	0.00127796	0.00555739	0.0406868	0.00217071	0.00108654
50	0.105521	0.0117989	0.0985637	0.0788411	0.0046151	0.0554258	0.0464569	0.00519581	0.0958206	0.0183527	0.00419743	0.0902314	0.00349704	0.0749031	0.075341	0.130165	0.0625013	0.015887	0.00353549	0.0191504
51	0.104606	0.0121969	0.102301	0.0746594	0.00390317	0.0571039	0.0434266	0.00402897	0.0971098	0.0197857	0.00427004	0.0910686	0.00351833	0.0697836	0.0754688	0.136074	0.0604585	0.0160488	0.00390828	0.0202804
52	0.139437	0.00611432	0.0896264	0.255304	0.00467165	0.0350471	0.0216869	0.0230018	0.082703	0.0210492	0.0130934	0.0289785	0.00396909	0.0480181	0.0354276	0.0714371	0.0618709	0.0499594	0.00136531	0.00723894
53	0.00653924	0.000432394	0.000492382	0.00045871	0.027536	0.000733231	0.000682943	0.136047	0.000786839	0.70123	0.0383999	0.000910633	0.000264643	0.00296266	0.000824666	0.00165797	0.00930582	0.0672832	0.00190127	0.00155056
54	0.0288031	0.0380729	0.0158145	0.00260575	0.0139257	0.0418268	0.0522359	0.0174515	0.0236278	0.00516769	0.00739371	0.0548356	0.0022866	0.00844875	0.0376532	0.43095	0.205663	0.00671009	0.000559007	0.00596915
55	0.005466	0.0121455	0.0140869	0.010709	0.0201996	0.681262	0.0123087	0.00387762	0.00600909	0.00433931	0.0033331	0.0485523	0.00143093	0.00518704	0.0752554	0.0748508	0.0135232	0.00429476	0.000729361	0.00243918
56	0.027259	0.00636472	0.00705802	0.0303146	0.00358411	0.0262945	0.0100504	0.0150226	0.42089	0.0315678	0.0322751	0.0654873	0.00552342	0.0354207	0.154686	0.0529727	0.0454755	0.0258935	0.000265972	0.00359447
57	0.68308	0.00620994	0.00335444	0.0269261	0.00117955	0.00642473	0.00250352	0.0111652	0.00713952	0.0140879	0.00291868	0.00874691	0.000902841	0.00942723	0.00306473	0.0926539	0.0393575	0.0781594	0.000347972	0.00235025
58	0.0248707	0.00245438	0.00167458	0.00169115	0.00706796	0.00356814	0.00284927	0.178079	0.0023065	0.248652	0.203824	0.00266737	0.000960896	0.00293399	0.00334798	0.00711799	0.0734578	0.22708	0.000554334	0.00484171
59	0.0315237	0.0604919	0.00511513	0.00481474	0.00938767	0.0306889	0.050468	0.107617	0.00801176	0.10781	0.108492	0.010067	0.00374545	0.00873198	0.0105122	0.118562	0.135109	0.150711	0.00168954	0.0364513
60	0.0350581	0.0053693	0.00649444	0.0115854	0.0803833	0.00980122	0.0335909	0.0787008	0.0220061	0.324221	0.0295579	0.0211798	0.00542027	0.0495655	0.0443903	0.0315213	0.0284289	0.135795	0.00108591	0.045845
61	0.0466864	0.00494297	0.00776678	0.00612884	0.170983	0.00861126	0.00888317	0.074885	0.00994818	0.226041	0.0332243	0.0106147	0.00387902	0.00874313	0.048845	0.0187207	0.0200364	0.014915	0.232071	0.0440743
62	0.113866	0.00639234	0.00107513	0.00278793	0.00803841	0.0190265	0.00207571	0.189598	0.0015147	0.10724	0.102109	0.00151984	0.00121185	0.00147361	0.0018354	0.0146875	0.0923942	0.328629	0.000357669	0.00416775
63	0.110515	0.0103664	0.00511256	0.0282232	0.0808423	0.00760914	0.0685504	0.0144835	0.0541701	0.0971832	0.110956	0.0286017	0.0744518	0.0554489	0.0248582	0.0317446	0.0837145	0.0464438	0.00130741	0.0654166
64	0.0417261	0.000549954	0.183832	0.437186	0.00287591	0.0342287	0.0211562	0.0134719	0.0680097	0.0115585	0.00955095	0.0190441	0.0014139	0.0677151	0.0199374	0.0265699	0.0167587	0.0221738	0.000635046	0.00160609
65	0.144075	0.011449	0.00288166	0.00287541	0.00324895	0.0132267	0.0199764	0.00567457	0.00863645	0.0323439	0.00396307	0.0194436	0.390479	0.00394294	0.00580047	0.233222	0.0784687	0.0080997	0.00201958	0.0101731
66	0.326413	0.00646162	0.00928038	0.0297503	0.0193806	0.0368855	0.0108116	0.0391364	0.0137492	0.0158694	0.0177314	0.0060468	0.0661125	0.01247	0.0278292	0.128623	0.0998635	0.124272	0.00158291	0.00773015
67	0.0495666	0.000978133	0.1569	0.436406	0.00298273	0.0377864	0.0209503	0.0137088	0.0733182	0.0120867	0.00915826	0.0189131	0.000941991	0.0639992	0.0205232	0.0315122	0.0277272	0.0199337	0.000493101	0.00211424
68	0.00540078	0.0132441	0.0013444	0.00272426	0.00379263	0.0139024	0.0389352	0.0163356	0.0865198	0.0226931	0.00368625	0.0265396	0.00119985	0.0206453	0.692629	0.0152117	0.00512698	0.00621619	0.0013606	0.022492
69	0.0388408	0.00323025	0.413544	0.0874483	0.00310034	0.0484462	0.0668699	0.00605992	0.0279401	0.00709926	0.00402633	0.118596	0.0016783	0.0263071	0.0167823	0.0263258	0.0241792	0.0208757	0.00122537	0.0574248
70	0.657461	0.00560864	0.00540569	0.0279123	0.00280018	0.00786488	0.00401096	0.0132406	0.00674018	0.0149024	0.00478207	0.00956485	0.00303766	0.0118296	0.00431461	0.0914703	0.0480185	0.0773643	0.000385216	0.00328579
71	0.116629	0.00277954	0.0356974	0.0670131	0.0313295	0.0158345	0.0305181	0.0850978	0.0701972	0.15751	0.0393718	0.0359569	0.00114164	0.0578791	0.0558409	0.0417197	0.0336832	0.0935505	0.000303808	0.0279467
72	0.0253553	0.0012673	0.000745851	0.000817605	0.0271313	0.00173	0.00197097	0.223576	0.00165115	0.390031	0.0614894	0.00295456	0.000753052	0.00593017	0.00245037	0.00509566	0.0263179	0.215141	0.000603994	0.00498708
73	0.0456549	0.00122251	0.000756356	0.00110305	0.0214157	0.00314493	0.000937814	0.26955	0.00115731	0.289045	0.0414775	0.00348356	0.000495664	0.00264727	0.00132754	0.00502398	0.0239174	0.284296	0.000302191	0.00304141
74	0.0107746	0.00309293	0.00454567	0.0176957	0.0224365	0.0219627	0.165768	0.0114725	0.160451	0.0226575	0.0130859	0.202985	0.00185499	0.0525299	0.138669	0.0306704	0.00906363	0.00666506	0.00980811	0.0938108
75	0.045549	0.000603884	0.15707	0.433181	0.00329742	0.0389749	0.0184766	0.0168565	0.0823554	0.013219	0.0106041	0.0196868	0.000426251	0.0731678	0.021961	0.0238232	0.0169779	0.0219841	0.000191516	0.00159382
76	0.675585	0.0053193	0.00375869	0.0255881	0.00142543	0.00861418	0.00242207	0.0113122	0.00493345	0.0133028	0.0024672	0.00873369	0.00242235	0.00912719	0.00252182	0.107107	0.0411671	0.0715482	0.000295639	0.00234885
77	0.0487155	0.00259016	0.00133688	0.00153887	0.0110418	0.00692079	0.00180997	0.194781	0.00180723	0.248448	0.136969	0.00201148	0.00109346	0.00263092	0.00226795	0.00757588	0.072025	0.250759	0.000410416	0.00526668
78	0.027963	0.00649099	0.00705844	0.0309955	0.0034483	0.0255289	0.0102033	0.0154252	0.422501	0.0317064	0.0324341	0.0643465	0.00551243	0.0354586	0.152827	0.0534315	0.0442214	0.0265622	0.000257962	0.00362773
79	0.16202	0.00683811	0.00184705	0.00542665	0.0112506	0.0372762	0.00164361	0.174718	0.00185187	0.0544391	0.0429023	0.00230015	0.00437684	0.00236164	0.00268987	0.0195296	0.0828924	0.383041	0.000270655	0.00232441
80	0.0336279	0.000676661	0.00072367	0.000874175	0.0239729	0.00101837	0.000973968	0.281741	0.00121315	0.31224	0.0381334	0.00379455	0.000445618	0.00304717	0.0013967	0.00444911	0.0164691	0.271742	0.000312321	0.00314824
81	0.131172	0.00481001	0.000686589	0.00283403	0.0114173	0.0214311	0.000828144	0.203188	0.00112665	0.0836336	0.045991	0.00135962	0.00108212	0.00109161	0.0011672	0.00940638	0.0765574	0.399848	0.000248952	0.00211979
82	0.0418733	0.000504738	0.163846	0.458867	0.00284259	0.0352315	0.0196104	0.013749	0.0741063	0.011213	0.0093059	0.0168035	0.00037551	0.06936	0.0205583	0.0218765	0.0181684	0.0200912	0.000193937	0.00142279
83	0.058406	0.00292794	0.0013662	0.00183922	0.00937746	0.00827001	0.00188175	0.359764	0.00194065	0.136024	0.0803444	0.00225541	0.00261046	0.00251787	0.00217051	0.01114	0.0603331	0.247877	0.000327336	0.00862643
84	0.584677	0.00639317	0.00635437	0.0261246	0.00275045	0.0110916	0.00466234	0.0309704	0.00593674	0.0195235	0.00519852	0.0124746	0.00374815	0.0142706	0.00532691	0.116026	0.0519218	0.0881765	0.000591608	0.00378107
85	0.0538321	0.145707	0.0200671	0.00882262	0.0170198	0.0324219	0.0301966	0.0304339	0.0189937	0.023042	0.0280448	0.0371179	0.00753528	0.00967235	0.0209927	0.192109	0.195042	0.0752352	0.00348506	0.0502276
86	0.127612	0.0231489	0.00181539	0.0021354	0.00179614	0.016051	0.00310482	0.0496374	0.00316191	0.0299772	0.0414009	0.0182823	0.00419256	0.00644893	0.00288172	0.132774	0.439587	0.0869333	0.00169626	0.00736355
87	0.0889208	0.0131317	0.0809871	0.0607639	0.00666771	0.0513538	0.0495612	0.0089116	0.0967809	0.0243015	0.00568606	0.0838164	0.00386942	0.062943	0.141775	0.119784	0.0560199	0.0177663	0.0040661	0.0228937
88	0.0503982	0.0478653	0.00353037	0.00142995	0.0022195	0.0379952	0.0109007	0.0139741	0.0120115	0.00544834	0.0050975	0.0247555	0.0190822	0.00312401	0.0097346	0.340567	0.384124	0.0216787	0.00371352	0.00235056
89	0.146034	0.0137895	0.00230791	0.00230104	0.00293884	0.0146821	0.0185878	0.00448912	0.00796843	0.0252917	0.00312125	0.0221703	0.370211	0.00310084	0.00387003	0.263411	0.0791518	0.0059407	0.00195354	0.00867972
90	0.10479	0.012127	0.102359	0.0749695	0.00391402	0.0567439	0.0435735	0.00403414	0.0972028	0.0195353	0.0042301	0.0911544	0.0035184	0.0701402	0.0755522	0.135199	0.0607346	0.0161145	0.00384583	0.0202615
91	0.0405905	0.000604763	0.178501	0.444468	0.00279281	0.0297912	0.0234692	0.0137488	0.0614791	0.0123359	0.0111495	0.0172155	0.000447324	0.0860493	0.0200561	0.0190528	0.0149528	0.0213044	0.00021108	0.00178007
92	0.00254648	0.000420757	0.000476766	0.000458461	0.0274125	0.000683891	0.000681015	0.117225	0.000738741	0.758883	0.0350961	0.00072811	0.000266023	0.00282132	0.000783112	0.00127796	0.00555739	0.0406868	0.00217071	0.00108654
93	0.0393315	0.00492787	0.00684893	0.0111892	0.0931718	0.0117947	0.0291708	0.0820355	0.0241439	0.292611	0.0420534	0.0208381	0.00618346	0.0484554	0.0419782	0.0262458	0.030209	0.144059	0.000706759	0.044045
94	0.117097	0.00241677	0.0378137	0.0720346	0.0301437	0.0156875	0.0341066	0.0802906	0.0706125	0.154012	0.0384323	0.036434	0.000787132	0.0617493	0.0564416	0.0431136	0.0303752	0.0886161	0.000265975	0.0295698
95	0.137588	0.00543326	0.000700454	0.00325211	0.0118112	0.0244254	0.000867802	0.195601	0.00112901	0.0692263	0.0452483	0.00120354	0.00125047	0.000951268	0.00116143	0.0103339	0.0800751	0.407699	0.000205732	0.00183623
96	0.00377133	0.0130973	0.00184811	0.00343996	0.00176568	0.0136391	0.0334193	0.0148938	0.121684	0.0170755	0.00525747	0.0290617	0.00164113	0.0159111	0.679584	0.014538	0.0042314	0.00570168	0.000495678	0.0189439
97	0.01764	0.0030763	0.0114805	0.115183	0.00535934	0.018809	0.0769994	0.0161483	0.144789	0.0194325	0.0149722	0.0693628	0.00251835	0.274278	0.156629	0.0109826	0.0217235	0.012622	0.0026553	0.00534051
98	0.437937	0.00208965	0.0293205	0.0515263	0.00134378	0.0208488	0.0157002	0.0403668	0.0120472	0.0178315	0.00384138	0.0328919	0.00157259	0.0466786	0.0120547	0.0816253	0.0790775	0.105082	0.000410714	0.00775279
99	0.00649121	0.0196751	0.00289615	0.00272684	0.214392	0.00407593	0.0666838	0.0113677	0.00365703	0.0355236	0.0116982	0.0112451	0.001149	0.00363436	0.00360562	0.00602543	0.0121516	0.00513754	0.000837963	0.577025
100	0.027753	0.0182644	0.0018558	0.0110059	0.0794444	0.00504498	0.120509	0.0216933	0.0553018	0.126011	0.0204147	0.00345496	0.00119486	0.200739	0.14101	0.0267618	0.0230225	0.00352866	0.00770403	0.105286
101	0.0338982	0.0862052	0.0624528	0.0123882	0.0547709	0.0253582	0.0782141	0.00797481	0.0392046	0.0186939	0.00541211	0.101924	0.00217471	0.0133821	0.0482652	0.201205	0.127152	0.0190103	0.00125213	0.0610614
102	0.00254648	0.000420757	0.000476766	0.000458461	0.0274125	0.000683891	0.000681015	0.117225	0.000738741	0.758883	0.0350961	0.00072811	0.000266023	0.00282132	0.000783112	0.00127796	0.00555739	0.0406868	0.00217071	0.00108654
103	0.040066	0.000604455	0.166372	0.459856	0.00275959	0.0331999	0.0199889	0.0136373	0.0738774	0.0116298	0.00991543	0.0168184	0.000635925	0.06872	0.0209597	0.0212639	0.0181484	0.0198745	0.000286734	0.00138581
104	0.0903441	0.00921163	0.112795	0.157551	0.00413276	0.0500415	0.0413799	0.00687218	0.0937531	0.0180709	0.00564085	0.0752829	0.00266119	0.0752098	0.0640017	0.106232	0.049972	0.0170082	0.00282108	0.0170184
105	0.0582089	0.00452504	0.448754	0.0463971	0.00422605	0.0379573	0.0699541	0.00629493	0.0231554	0.00826515	0.00427236	0.129414	0.00218203	0.0183093	0.0189924	0.0290206	0.0251282	0.0188254	0.00138852	0.0447299
106	0.0277493	0.000729676	0.000715384	0.000934907	0.0203866	0.00120051	0.00106447	0.351738	0.00216995	0.225454	0.0307578	0.00394277	0.000801867	0.00404543	0.00316063	0.00442352	0.0127544	0.304978	0.000322488	0.00267013
107	0.313974	0.00215099	0.0392403	0.0646849	0.00361537	0.0348433	0.0208492	0.049708	0.0182489	0.0188633	0.00928444	0.0352608	0.00461602	0.053054	0.0195974	0.0933731	0.110912	0.0981066	0.000488986	0.00912898
108	0.00317601	0.000417803	0.00049868	0.000458592	0.0278806	0.000684626	0.000683178	0.1191	0.000728857	0.751669	0.0354318	0.000723013	0.000265104	0.0028438	0.000778999	0.00138851	0.00583149	0.044058	0.0021303	0.00125123
109	0.00390043	0.00102197	0.000805456	0.000926348	0.0317818	0.00133481	0.00101216	0.115197	0.00124864	0.733442	0.0389195	0.00128301	0.000808323	0.00312526	0.00291205	0.00184017	0.00635686	0.0399689	0.0106162	0.00349845
110	0.0309726	0.00216139	0.000865837	0.000956312	0.0373061	0.00209196	0.0044142	0.219934	0.00312973	0.369775	0.0369404	0.00408861	0.00195944	0.00601115	0.00676784	0.0115297	0.0242156	0.227445	0.000518154	0.00891699
111	0.19529	0.00907116	0.0229212	0.0233629	0.00766547	0.049765	0.0167135	0.0411145	0.0775268	0.0265679	0.0126874	0.027001	0.0273384	0.0285263	0.0677338	0.175575	0.0980349	0.0764738	0.00542417	0.0112074
112	0.0233854	0.00488809	0.0019836	0.0025594	0.0845658	0.00678267	0.0170075	0.101286	0.0106961	0.388073	0.0499353	0.0104703	0.00533767	0.0219598	0.0221732	0.0193547	0.0349501	0.152444	0.00195395	0.0401939
113	0.13497	0.00482202	0.000720752	0.00287279	0.0112935	0.0216845	0.000866363	0.200834	0.00113319	0.0814427	0.0457679	0.00122963	0.00105764	0.00102715	0.00111252	0.00958743	0.078223	0.399078	0.000229651	0.0020473
114	0.0352592	0.041187	0.016712	0.00226984	0.0085677	0.0507753	0.0421477	0.0150708	0.0217564	0.00421274	0.007287	0.0403866	0.0024509	0.0120393	0.0426539	0.434427	0.211382	0.00672856	0.000455732	0.00423035
115	0.0401748	0.000949535	0.228388	0.390777	0.0029098	0.0318567	0.026606	0.0124325	0.0593596	0.0116257	0.00955624	0.0311804	0.00162031	0.0639084	0.0205162	0.0245471	0.0171291	0.0195107	0.000697489	0.00625438
116	0.679459	0.00557986	0.00355747	0.0245072	0.00119121	0.00870978	0.00245658	0.0103672	0.00453081	0.0123636	0.00191599	0.00918749	0.00162917	0.00961286	0.00191099	0.113365	0.0378825	0.0687263	0.000430067	0.00261735
117	0.105674	0.0119479	0.101376	0.0762899	0.00405683	0.0558729	0.0437932	0.00422255	0.0980295	0.0187967	0.004145	0.0915	0.00352799	0.0717578	0.0758127	0.132391	0.0614351	0.0157751	0.0036825	0.0199124
118	0.139157	0.001649	0.0426679	0.0692208	0.0159154	0.0112185	0.019481	0.110776	0.0597763	0.157847	0.0545569	0.0279491	0.000829981	0.0565364	0.0444915	0.0279819	0.0447604	0.100552	0.000337829	0.0142959
119	0.00291145	0.000431408	0.000482755	0.000459388	0.027311	0.000686874	0.000685991	0.119161	0.000736563	0.753682	0.0351283	0.000757679	0.000265952	0.0028358	0.00078296	0.00136641	0.0056623	0.0433926	0.00213976	0.00111942
120	0.0140461	0.00337298	0.00491377	0.0150695	0.0383102	0.0182419	0.172148	0.0169399	0.138338	0.0383888	0.0189311	0.125061	0.00162393	0.09363	0.164995	0.0322915	0.0101128	0.00686383	0.0152382	0.0714835
121	0.0455724	0.000688648	0.159183	0.434891	0.00306168	0.0379567	0.0189359	0.0147044	0.0818631	0.0118565	0.0097744	0.0201809	0.000392986	0.0726398	0.0226406	0.0253219	0.0181132	0.0200817	0.000236783	0.00190429
122	0.286023	0.00573022	0.0470245	0.0522866	0.00369254	0.0275165	0.0170111	0.0526558	0.0384874	0.021818	0.0112647	0.0292318	0.00760166	0.0443114	0.0334514	0.103802	0.0877007	0.121367	0.00103702	0.00798673
123	0.129435	0.0111143	0.00117995	0.00754529	0.0140094	0.0443776	0.00218316	0.184011	0.00222299	0.0569085	0.0533887	0.0016434	0.00157695	0.00173237	0.00181138	0.0148469	0.0811992	0.387749	0.00035665	0.00270933
124	0.0194587	0.0140856	0.00244411	0.0199826	0.0608255	0.00977871	0.113439	0.0197182	0.0862099	0.0960642	0.0193402	0.0293301	0.00137235	0.175204	0.181006	0.0285486	0.0190982	0.0045889	0.017343	0.0821623
125	0.00786633	0.000964847	0.000929757	0.00102435	0.00844195	0.00163072	0.00150545	0.558739	0.00464724	0.0152255	0.0122097	0.00177641	0.00258789	0.00867282	0.00813723	0.00644334	0.00733447	0.350186	0.00033041	0.00134586
126	0.0125284	0.000568453	0.00115066	0.000726614	0.0560637	0.000944826	0.000830943	0.159308	0.000982714	0.595518	0.0434204	0.00208299	0.000370615	0.00315259	0.00159555	0.00369749	0.0124644	0.100307	0.00203901	0.00224718
127	0.0466089	0.0478485	0.00372611	0.00138319	0.0023179	0.0409831	0.0106	0.0132639	0.011065	0.0051649	0.00516301	0.0233466	0.0137543	0.00320603	0.0105256	0.353743	0.379564	0.0223668	0.0030504	0.00231951
128	0.119132	0.00799027	0.058082	0.098052	0.00769175	0.0507746	0.0440845	0.0684619	0.0288091	0.0192639	0.0113964	0.0313262	0.00585077	0.0525739	0.0257759	0.124207	0.190244	0.0429319	0.00213209	0.0112203
129	0.00948046	0.0113952	0.0026259	0.00871077	0.00225334	0.0159662	0.0302281	0.0145182	0.160513	0.0201284	0.00985972	0.0335026	0.0019227	0.0197788	0.595949	0.0253891	0.0115941	0.00970287	0.000538181	0.0159437
130	0.0307827	0.0464677	0.0175715	0.00476961	0.011412	0.033664	0.0376361	0.0144299	0.0199343	0.00910764	0.00882707	0.0652449	0.00595738	0.0083242	0.0312056	0.473265	0.160905	0.0101574	0.00141544	0.00892199
131	0.0997866	0.00769281	0.00963943	0.00802576	0.0197069	0.0344714	0.00909234	0.0846752	0.132626	0.039821	0.00777533	0.0216124	0.0213862	0.0120471	0.116309	0.160138	0.0669733	0.0990218	0.0260066	0.023193
132	0.221504	0.0168934	0.00475019	0.0235063	0.0460196	0.00942332	0.0520392	0.0126992	0.036207	0.0449609	0.0702311	0.0119085	0.0846722	0.042898	0.0370344	0.06943	0.11826	0.0477373	0.000915619	0.0489102
133	0.0206234	0.00685991	0.00774428	0.0132929	0.0113482	0.0116545	0.204714	0.0162186	0.0208161	0.0198444	0.0120535	0.0136343	0.0366495	0.508694	0.0253284	0.02048	0.0203833	0.0154746	0.00274735	0.011439
134	0.00254648	0.000420757	0.000476766	0.000458461	0.0274125	0.000683891	0.000681015	0.117225	0.000738741	0.758883	0.0350961	0.00072811	0.000266023	0.00282132	0.000783112	0.00127796	0.00555739	0.0406868	0.00217071	0.00108654
135	0.108871	0.0368676	0.0120201	0.0185718	0.00538154	0.0526265	0.0233683	0.105566	0.0961362	0.0646039	0.0325067	0.0342758	0.00545165	0.0526787	0.0816007	0.101556	0.0567577	0.101718	0.00223588	0.00720599
136	0.699515	0.00495794	0.00344162	0.0272265	0.000992111	0.00587659	0.00230295	0.00930821	0.00532118	0.012625	0.0020158	0.00918382	0.000632935	0.00992445	0.00162402	0.0936834	0.0380374	0.0706982	0.000261183	0.00237128
137	0.102175	0.00499801	0.00118953	0.00252679	0.00981756	0.0154912	0.00136886	0.198627	0.00173156	0.13198	0.0833424	0.00252881	0.00128955	0.00228023	0.00196957	0.0147044	0.101833	0.317592	0.000258889	0.00429543
138	0.0616055	0.00339577	0.0201904	0.00395003	0.383032	0.00598404	0.00554674	0.0841286	0.0055059	0.190121	0.053454	0.0230516	0.00290159	0.00477802	0.0273772	0.0448386	0.0480313	0.0108642	0.0117028	0.00954006
139	0.142775	0.0109382	0.000962025	0.00432242	0.0105242	0.0361452	0.00298783	0.186986	0.0019886	0.074271	0.0648428	0.001812	0.00143009	0.00222089	0.00190427	0.0160326	0.0828293	0.353041	0.000324612	0.00366282
140	0.0474381	0.00309092	0.00212863	0.00285909	0.0317567	0.00605248	0.00607858	0.184721	0.00464805	0.328507	0.0683532	0.00502702	0.0016979	0.00837922	0.00830661	0.0112735	0.040127	0.223924	0.00049339	0.0151378
141	0.00861551	0.00771746	0.00294012	0.012972	0.0136625	0.0151555	0.090383	0.0192205	0.151235	0.0392745	0.0114758	0.0651846	0.00185121	0.054779	0.419432	0.0202672	0.00938729	0.0122803	0.00781348	0.0363533
142	0.185439	0.0209814	0.00344987	0.00754136	0.00429151	0.018067	0.00697232	0.0512069	0.00649112	0.0354136	0.0515676	0.0136247	0.0075174	0.0106301	0.00796644	0.113458	0.344833	0.0979848	0.00107991	0.0114842
143	0.137822	0.00521175	0.000709719	0.00309542	0.0111443	0.0232556	0.000851282	0.19617	0.00114403	0.0714383	0.0458264	0.00117997	0.00117106	0.000949738	0.00119444	0.010013	0.0813264	0.405243	0.000256036	0.0019977
144	0.0392997	0.00100578	0.000745623	0.00104164	0.020523	0.00319821	0.0011054	0.330241	0.00272333	0.192233	0.0278032	0.0040487	0.00071259	0.00423009	0.00414415	0.00427719	0.0177606	0.342277	0.000326616	0.00230367
145	0.0181718	0.00792071	0.00434618	0.0370657	0.0405694	0.0173761	0.110413	0.0221184	0.121438	0.0810044	0.0223472	0.0428699	0.00215993	0.155656	0.191536	0.0267272	0.021731	0.00742482	0.0182161	0.0509085
146	0.273171	0.130375	0.00938234	0.00595557	0.00468271	0.148279	0.00691818	0.0134048	0.00791615	0.00922817	0.00664592	0.00967513	0.00410578	0.00685409	0.00902233	0.21004	0.0616969	0.0441589	0.0015202	0.0369672
147	0.0372142	0.00938351	0.00244474	0.00253438	0.101245	0.00657702	0.0208594	0.115408	0.0149335	0.323199	0.0225216	0.0108785	0.00834988	0.0205864	0.0339619	0.0376685	0.0432914	0.149663	0.0021096	0.0371711
148	0.0591039	0.0580427	0.0866358	0.0379603	0.0323536	0.0309433	0.0559345	0.00521995	0.0568801	0.015514	0.00390714	0.111524	0.00242494	0.0362244	0.0627021	0.176304	0.0978069	0.0240408	0.00206818	0.0444092
149	0.122871	0.00969833	0.00280968	0.00236082	0.00325993	0.0105659	0.0296585	0.00471033	0.0113229	0.0250854	0.00365039	0.0189996	0.37042	0.00350454	0.00433717	0.228595	0.12486	0.00686234	0.00224265	0.014185
150	0.108126	0.0123743	0.0983144	0.0779011	0.00466495	0.0567977	0.0434371	0.00681733	0.093421	0.0186133	0.00416738	0.0888052	0.00371903	0.0726848	0.0744882	0.131601	0.0645915	0.0167869	0.00354226	0.0191465
151	0.0243277	0.00622046	0.00648288	0.0313152	0.00742085	0.0202525	0.022967	0.014632	0.397187	0.0363809	0.0353212	0.0611354	0.00832157	0.0425823	0.168436	0.0494889	0.0353034	0.023185	0.00205689	0.00698314
152	0.00554628	0.0200607	0.00216314	0.00238918	0.222478	0.00340712	0.0732275	0.0103544	0.00409758	0.0349496	0.0124403	0.0108698	0.000948242	0.00373428	0.00431332	0.00590311	0.011808	0.00404453	0.000753403	0.566512
153	0.00723798	0.0166882	0.00285926	0.00265292	0.252233	0.00393335	0.0554639	0.01399	0.00375397	0.0570171	0.0113759	0.0165351	0.0012307	0.0037999	0.00486383	0.00677033	0.0190311	0.00612681	0.0017559	0.51268
154	0.606782	0.003556	0.0128177	0.04024	0.0014299	0.00930483	0.00621424	0.0179593	0.00713487	0.0148811	0.00314144	0.0166642	0.00120355	0.0256906	0.00435074	0.077176	0.0473184	0.0988261	0.000297984	0.00501132
155	0.0403736	0.000716169	0.163434	0.455545	0.00279335	0.0347137	0.0185962	0.0134452	0.082439	0.0111183	0.00933281	0.0166479	0.000418868	0.0679044	0.021969	0.0210774	0.0187533	0.0191591	0.000172026	0.00139059
156	0.139697	0.00157628	0.0423018	0.0693639	0.0156743	0.011041	0.0191835	0.112407	0.0596144	0.157595	0.0544664	0.0281167	0.000836956	0.0559752	0.0440598	0.0277264	0.0445619	0.101402	0.000352665	0.0140486
157	0.0355754	0.000742288	0.000679717	0.000891905	0.0235808	0.00150007	0.000969431	0.278123	0.00117966	0.309266	0.0401568	0.00362341	0.000444833	0.00302259	0.00133443	0.00443186	0.0184424	0.272499	0.00030777	0.00322886
158	0.00340104	0.0135908	0.0011715	0.00142541	0.00137651	0.0142292	0.0372637	0.0155118	0.0856879	0.0164884	0.00191343	0.0267973	0.000863466	0.0142287	0.721838	0.0139551	0.0035573	0.00535468	0.000504129	0.0208415
159	0.104859	0.0121389	0.102281	0.0751352	0.00403196	0.0561351	0.0436851	0.00402954	0.0974454	0.0192622	0.00423319	0.0915192	0.00350742	0.0705111	0.0757661	0.133998	0.061222	0.0160624	0.00377194	0.020405
160	0.574952	0.0127774	0.00647072	0.0109591	0.00190716	0.0345266	0.00205306	0.0103127	0.00356969	0.00742427	0.00214231	0.00588107	0.00146899	0.00307122	0.00291692	0.240696	0.0354731	0.0385795	0.000637968	0.00417999
161	0.0241703	0.00286609	0.00185624	0.00180298	0.00662941	0.00398435	0.00336109	0.168889	0.0024915	0.249681	0.209204	0.00277361	0.00109688	0.00290552	0.00377635	0.00805559	0.0778426	0.223088	0.000557644	0.00496763
162	0.0742534	0.0192078	0.0192898	0.0373934	0.00826037	0.0481685	0.0303699	0.0819852	0.187704	0.0604968	0.0171435	0.0464818	0.00520172	0.0367057	0.0794616	0.0981496	0.0418043	0.0958008	0.0019275	0.0101942
163	0.0554542	0.00461091	0.395003	0.0549301	0.00275049	0.0315917	0.0421631	0.00368159	0.03087	0.00891548	0.00329763	0.167999	0.00600188	0.02183	0.0304232	0.0517056	0.0359556	0.0134424	0.00161542	0.037759
164	0.0405402	0.000641459	0.184516	0.442983	0.00270993	0.0318661	0.02262	0.0135783	0.06474	0.0118099	0.0104808	0.0187422	0.00106649	0.0713488	0.0197349	0.0222595	0.0160033	0.0223373	0.00039496	0.00162684
165	0.0560989	0.00675214	0.202585	0.146892	0.00314675	0.0330192	0.0404386	0.00453398	0.0392504	0.0247382	0.011958	0.0741817	0.0297531	0.0251695	0.0431356	0.171391	0.0459554	0.0178866	0.0147014	0.0084129
166	0.351341	0.00804397	0.0298556	0.0346509	0.00732898	0.0330942	0.0197636	0.0175943	0.0281442	0.0243696	0.0406119	0.00768074	0.0112113	0.0131248	0.0263968	0.106503	0.164999	0.067843	0.000577699	0.00686654
167	0.00767797	0.000638409	0.00174224	0.00274535	0.0287364	0.00144379	0.00276627	0.117028	0.00325858	0.717828	0.0350453	0.00249393	0.000495965	0.00766602	0.00377171	0.00400787	0.00769977	0.0495592	0.00201188	0.0033837
168	0.111586	0.023127	0.00213439	0.00204924	0.00190153	0.016102	0.00323	0.0584474	0.0053466	0.0343023	0.0325051	0.026433	0.00523185	0.0059535	0.00371066	0.155265	0.423739	0.0805156	0.0020135	0.006407
169	0.0101841	0.0127281	0.00311662	0.00624069	0.00666272	0.0147741	0.0437178	0.0165225	0.0875429	0.029474	0.00524466	0.0283641	0.00131557	0.0362112	0.635961	0.0192558	0.00873818	0.00763223	0.00190908	0.0244044
170	0.135253	0.00706525	0.00100737	0.00453789	0.0116766	0.0365681	0.00120418	0.190065	0.00152742	0.0581229	0.046781	0.00145445	0.00150246	0.00123566	0.00150993	0.0136657	0.0782552	0.406223	0.000312963	0.0020318
171	0.0136555	0.000991104	0.000940202	0.00110376	0.0124839	0.0022326	0.00146735	0.497823	0.00581689	0.0352829	0.0118355	0.00246115	0.00190271	0.00897907	0.00983213	0.00509226	0.00668175	0.379762	0.000316202	0.00134061
172	0.138447	0.00524113	0.000712493	0.00310648	0.011198	0.0233821	0.000845204	0.196113	0.00112936	0.0713241	0.0459736	0.00115499	0.00116792	0.000956705	0.0011448	0.0100581	0.0811208	0.404782	0.000240524	0.00190083
173	0.118144	0.0228145	0.00172719	0.00218138	0.00173531	0.0179894	0.00269705	0.0454757	0.00327533	0.0297376	0.0401495	0.0184968	0.00459171	0.00603321	0.00273008	0.141718	0.450912	0.0809243	0.00171317	0.00695364
174	0.00341187	0.0135551	0.00117035	0.00144899	0.00142533	0.0142281	0.0378089	0.0154078	0.0857975	0.01656	0.00195561	0.02722	0.000854902	0.0143719	0.720213	0.0140984	0.00356252	0.0053563	0.000582395	0.0209708
175	0.69272	0.00503673	0.00293357	0.0258401	0.000895476	0.00643171	0.00215816	0.00955062	0.00451445	0.012754	0.00208919	0.0097142	0.000488487	0.0101212	0.00163466	0.0987646	0.0424858	0.0690775	0.000254904	0.00253514
176	0.0391102	0.000642619	0.178262	0.449448	0.00269587	0.0318453	0.0206514	0.01308	0.0721353	0.0113576	0.010126	0.019647	0.000577052	0.0700508	0.020901	0.0200859	0.0171223	0.0195399	0.000241671	0.00248079
177	0.0112559	0.00138402	0.00165965	0.00154701	0.0156621	0.00277543	0.00230629	0.469807	0.012731	0.0332472	0.00977854	0.0032939	0.00178174	0.0127366	0.016802	0.00568333	0.00581309	0.389548	0.000472064	0.00171505
178	0.0406828	0.00284766	0.480161	0.0750835	0.00353185	0.0458052	0.0552719	0.00590462	0.0189592	0.0085266	0.00470899	0.117834	0.00284047	0.0166187	0.0136869	0.0225814	0.0217344	0.0184862	0.00145156	0.0432828
179	0.00357345	0.000754228	0.000824649	0.00112758	0.0260323	0.00126148	0.00111874	0.109146	0.00120354	0.725945	0.0669748	0.00133468	0.000534302	0.00348039	0.00173549	0.00271664	0.0090749	0.0395915	0.00220505	0.00136506
180	0.0270444	0.00275073	0.0151552	0.0772849	0.0108879	0.0287682	0.12106	0.0274432	0.148293	0.0354825	0.0247568	0.0683944	0.00183984	0.162157	0.164839	0.0152499	0.0319003	0.018263	0.00580199	0.0126289
181	0.116623	0.00242535	0.0381525	0.0718114	0.0302327	0.0159769	0.0344021	0.0805301	0.070616	0.15274	0.0384574	0.036903	0.000787724	0.061378	0.0572877	0.0428023	0.0306463	0.0884966	0.000257425	0.0294743
182	0.0479855	0.00267116	0.00131216	0.00189554	0.00700462	0.00841849	0.00178905	0.511629	0.00283087	0.0340176	0.0337388	0.00195334	0.00386083	0.00444242	0.00396831	0.0140109	0.0363765	0.277362	0.000407126	0.00432578
183	0.0336764	0.00804093	0.00718801	0.0348702	0.00311501	0.0242652	0.0114196	0.0219218	0.419354	0.0314809	0.0311758	0.0556518	0.00500718	0.0341231	0.143922	0.0554052	0.0390501	0.0357858	0.0003691	0.0041783
184	0.0511057	0.000557069	0.159029	0.437788	0.00436773	0.0414723	0.0187189	0.0178458	0.0704738	0.0125945	0.00960568	0.0185007	0.000482918	0.0707196	0.0199329	0.023689	0.0200714	0.0212517	0.000189129	0.00160351
185	0.134882	0.00150137	0.0469949	0.0880128	0.0157369	0.0113911	0.0196855	0.108543	0.058012	0.150535	0.0528744	0.0270629	0.00086262	0.058274	0.0435395	0.0270083	0.0423499	0.098352	0.000342615	0.0140389
186	0.00523808	0.0196241	0.0021023	0.00224648	0.226724	0.0031481	0.0671132	0.0104041	0.00307198	0.0366374	0.011432	0.0106128	0.000953263	0.0030267	0.00319936	0.00510009	0.0120859	0.00375449	0.000680237	0.572846
187	0.027753	0.0182644	0.0018558	0.0110059	0.0794444	0.00504498	0.120509	0.0216933	0.0553018	0.126011	0.0204147	0.00345496	0.00119486	0.200739	0.14101	0.0267618	0.0230225	0.00352866	0.00770403	0.105286
188	0.0308598	0.00690628	0.00760783	0.0334361	0.00320184	0.0222204	0.0123507	0.0171557	0.430052	0.0328191	0.0302665	0.0586097	0.00493328	0.0363327	0.145154	0.0534455	0.0363863	0.0336403	0.000243411	0.00437919
189	0.0382649	0.00820812	0.0066846	0.033112	0.00359397	0.022616	0.0100795	0.0357104	0.382689	0.0324436	0.0363446	0.0498759	0.00509975	0.0318295	0.156141	0.0596916	0.0426778	0.0399227	0.000813815	0.00420134
190	0.0362281	0.0911147	0.062666	0.0101299	0.0688468	0.0197274	0.0814301	0.00836092	0.0391994	0.0185559	0.00576684	0.118084	0.0031488	0.0109872	0.041103	0.167073	0.118764	0.0202354	0.00143696	0.0771419
191	0.0264268	0.00871494	0.0440509	0.0179599	0.00979439	0.256028	0.0164185	0.0106251	0.121042	0.0143398	0.00923611	0.175803	0.00356194	0.0402218	0.107533	0.0874049	0.0283868	0.0125117	0.00207264	0.00786831
