202	20
1	0.0997346	0.00662705	0.0189261	0.0151126	0.00209837	0.524238	0.00276899	0.0048014	0.0483602	0.0183869	0.00422546	0.0245344	0.075187	0.0136785	0.00845191	0.110607	0.0123036	0.00746431	0.000843245	0.00165076
2	0.015141	0.00429216	0.00404057	0.00744467	0.128804	0.0852895	0.00367907	0.038018	0.0517971	0.0404484	0.406567	0.0361068	0.0336894	0.00844299	0.037756	0.0411751	0.0113573	0.0412229	0.00122755	0.00349997
3	0.0472794	0.000961369	0.000863357	0.0162952	0.00107886	0.0255097	0.0261811	0.00633297	0.458481	0.00221937	0.00103416	0.00192301	0.00270069	0.0435727	0.309352	0.0299397	0.00844839	0.0170799	0.000231635	0.000515473
4	0.145085	0.00620945	0.0226853	0.0367374	0.00327647	0.421211	0.00283477	0.0056293	0.0913995	0.0167983	0.00410104	0.0197962	0.0748038	0.0169517	0.0174819	0.0862114	0.0142678	0.0120078	0.00101809	0.0014939
5	0.0537644	0.00567961	0.0353339	0.0619843	0.00122434	0.579552	0.00201667	0.00241715	0.0129015	0.022506	0.00276345	0.0804653	0.00540271	0.0185895	0.0103774	0.0796515	0.0193292	0.0043058	0.000877416	0.000858337
6	0.303454	0.0025138	0.00812805	0.00460434	0.00249547	0.0443206	0.0196547	0.0200193	0.121176	0.0214023	0.00494721	0.103907	0.0210869	0.0287757	0.123274	0.103794	0.0241574	0.039926	0.000719691	0.00164378
7	0.282927	0.000988672	0.106232	0.259667	0.000926885	0.0389753	0.000663779	0.00171336	0.0430143	0.00638708	0.00128884	0.0136126	0.138959	0.0330038	0.0146767	0.0349014	0.0124994	0.00851403	0.000327821	0.000721289
8	0.0791841	0.00908008	0.0250694	0.0493701	0.00494296	0.544392	0.00733309	0.00667634	0.0306225	0.0290611	0.00633398	0.0572468	0.015738	0.0160507	0.0131681	0.0633769	0.020188	0.013221	0.00106531	0.00787925
9	0.00177239	0.00272819	0.000487915	0.00140097	0.00249234	0.00110916	0.000342292	0.637103	0.00092777	0.0364116	0.0244481	0.000741928	0.00044024	0.000730789	0.00052767	0.00225814	0.00109313	0.279456	0.000106289	0.00542202
10	0.00967122	0.00245135	0.00288561	0.00412392	0.349747	0.0186304	0.0246194	0.0106727	0.00558588	0.00727518	0.00409396	0.00656978	0.00698603	0.00491139	0.00426103	0.0148174	0.00793403	0.0140956	0.00531016	0.495358
11	0.00129256	0.00253094	0.000396514	0.00137952	0.00246034	0.000879526	0.000324792	0.654471	0.000736097	0.0365047	0.0242614	0.000613095	0.000438976	0.000619964	0.000548553	0.00215062	0.00101735	0.263756	0.000105349	0.00551307
12	0.23624	0.125935	0.00229184	0.0032008	0.00486631	0.04168	0.00228249	0.0368587	0.0044713	0.12086	0.0314673	0.00644938	0.00579535	0.0149849	0.00371632	0.119341	0.017453	0.201576	0.000883743	0.0196477
13	0.0456059	0.000910857	0.000760943	0.0170808	0.00101747	0.0235097	0.0274367	0.00632603	0.46112	0.00220197	0.0010253	0.00201021	0.00283439	0.0425021	0.307513	0.0311066	0.00931922	0.01692	0.000244128	0.000554467
14	0.242712	0.0930491	0.00227158	0.00345608	0.00463658	0.0383366	0.00226937	0.0409639	0.00514114	0.11887	0.0583879	0.0103506	0.00953657	0.0255711	0.00406765	0.110393	0.024278	0.190267	0.00110683	0.0143349
15	0.0123206	0.00600993	0.0025449	0.00920402	0.00836079	0.006566	0.00741729	0.288395	0.0056588	0.416496	0.0590455	0.00335617	0.0044495	0.00740883	0.00430695	0.00661533	0.0110247	0.136813	0.000849084	0.00315797
16	0.23449	0.129534	0.00254791	0.00353533	0.00418873	0.0427533	0.00225212	0.0340991	0.00475952	0.125959	0.0302802	0.00651804	0.0059397	0.0144713	0.00401856	0.113466	0.0174399	0.205178	0.00106324	0.0175064
17	0.10484	0.027996	0.0341613	0.0609705	0.0140485	0.030176	0.0153878	0.0442716	0.0634211	0.0468857	0.0244817	0.0456192	0.0365179	0.0345768	0.0343974	0.100356	0.163556	0.103132	0.00371268	0.0114914
18	0.00788065	0.00238845	0.0021423	0.00522927	0.0144085	0.00318159	0.00329086	0.0156555	0.434188	0.0927818	0.00236976	0.00389713	0.00760778	0.00365227	0.374074	0.0071892	0.0120729	0.0060086	0.000729238	0.00125169
19	0.0510367	0.024317	0.00660898	0.00836888	0.00488152	0.00694657	0.00385425	0.00665527	0.0270374	0.0089063	0.00443014	0.390424	0.00514421	0.00835689	0.0347514	0.357591	0.0350167	0.0118629	0.00101208	0.00279774
20	0.0122926	0.00375287	0.00196174	0.00473144	0.0453064	0.0028957	0.0109336	0.0482512	0.00373328	0.448549	0.246296	0.00237077	0.00444627	0.00364705	0.0266473	0.0322577	0.0139595	0.069214	0.000399603	0.0183541
21	0.139195	0.00769273	0.00216027	0.00579699	0.0292107	0.00572557	0.00218292	0.123852	0.00846067	0.0228377	0.00447047	0.00402825	0.00587576	0.00543351	0.00453321	0.0545528	0.128395	0.436885	0.00121576	0.0074956
22	0.0629535	0.0821846	0.00306166	0.00644323	0.00587315	0.0048627	0.00265901	0.0646337	0.00909532	0.0181918	0.00976111	0.00720971	0.367099	0.00607152	0.0151712	0.0425834	0.0839644	0.203713	0.00116903	0.00329864
23	0.0848691	0.00989306	0.0219674	0.0445011	0.00839818	0.542698	0.00474274	0.00671352	0.030639	0.0294499	0.00806138	0.0507878	0.0164596	0.0147426	0.0160243	0.0660311	0.0176418	0.01392	0.00130355	0.0111559
24	0.0103328	0.00308012	0.255987	0.321069	0.00246236	0.00447666	0.00258814	0.0236154	0.0337316	0.00696491	0.00299524	0.0347147	0.00366847	0.0279842	0.00582691	0.0386009	0.0780046	0.140879	0.000858816	0.00215947
25	0.183349	0.00256661	0.00135253	0.0236129	0.0108105	0.00136173	0.00077341	0.00753348	0.0117862	0.00795061	0.00281303	0.0141599	0.00136109	0.00172063	0.00320919	0.615777	0.0815362	0.023609	0.000248883	0.00446841
26	0.0131142	0.00227108	0.00195108	0.00306155	0.00253639	0.00219605	0.000560018	0.421961	0.00233756	0.0531113	0.0327957	0.00259135	0.000732694	0.00145842	0.000818529	0.00428171	0.0082985	0.442046	0.000200227	0.00367634
27	0.0257372	0.00612694	0.00463596	0.00786917	0.219374	0.0270176	0.0757612	0.0171272	0.0118948	0.031348	0.0155727	0.0261633	0.0127648	0.0288398	0.00635483	0.030406	0.0173447	0.0239903	0.0150285	0.396643
28	0.0469225	0.00588351	0.0221199	0.0513326	0.00113965	0.656182	0.00100189	0.00183094	0.0133936	0.0257981	0.00153098	0.0701472	0.00528237	0.0122952	0.0059059	0.059094	0.0161748	0.00290064	0.000390972	0.000673479
29	0.111382	0.00768937	0.108927	0.246974	0.00796334	0.0538264	0.00967478	0.0205936	0.0587834	0.0257081	0.0117531	0.0486577	0.0444559	0.0390884	0.0313053	0.0511101	0.0625054	0.0517568	0.00220174	0.00564426
30	0.0386647	0.00271964	0.00380974	0.0185987	0.00517578	0.017004	0.0171066	0.0109788	0.449349	0.0263467	0.00390121	0.0102906	0.00720122	0.0300838	0.299561	0.0257454	0.0165056	0.0148218	0.000736192	0.00139988
31	0.00955754	0.00301235	0.00208157	0.00611481	0.0122749	0.00411714	0.00469147	0.0134668	0.41468	0.0812561	0.0025341	0.00395149	0.00787023	0.00516884	0.399933	0.00824941	0.0127782	0.00643641	0.000667152	0.00115841
32	0.00129256	0.00253094	0.000396514	0.00137952	0.00246034	0.000879526	0.000324792	0.654471	0.000736097	0.0365047	0.0242614	0.000613095	0.000438976	0.000619964	0.000548553	0.00215062	0.00101735	0.263756	0.000105349	0.00551307
33	0.178804	0.0022613	0.00147449	0.0262964	0.012829	0.00152733	0.000785113	0.00675993	0.0121015	0.00931687	0.00243289	0.0168038	0.00142971	0.00175279	0.00302003	0.603722	0.088267	0.0257706	0.00023697	0.00440883
34	0.0550393	0.0060198	0.00706744	0.0108359	0.00637765	0.0637163	0.00481558	0.255036	0.039905	0.0360767	0.0157558	0.00955146	0.00572843	0.00864483	0.00725074	0.0195023	0.0271664	0.415134	0.0016929	0.00468375
35	0.120182	0.0102191	0.0131794	0.0271594	0.00986397	0.0231069	0.0062242	0.0119857	0.172621	0.0184019	0.00991656	0.02935	0.0136197	0.0243375	0.0356294	0.343914	0.0909788	0.0302686	0.00200859	0.00703316
36	0.010077	0.0166907	0.0161091	0.0302457	0.00277371	0.00558673	0.0158803	0.267416	0.060139	0.0508833	0.00451641	0.0314539	0.00285323	0.0188844	0.00313222	0.00729282	0.104174	0.349583	0.000884404	0.00142427
37	0.0831801	0.00846203	0.0682318	0.16001	0.0128245	0.0292715	0.0227116	0.0200112	0.137176	0.0240934	0.0117658	0.070987	0.0324105	0.0467099	0.14642	0.0448293	0.0410013	0.0304494	0.00195302	0.00750203
38	0.0146275	0.00250441	0.00277562	0.00443492	0.26618	0.0455325	0.0809994	0.0125425	0.00991844	0.0149544	0.00544348	0.021021	0.017064	0.00744198	0.00456487	0.0143432	0.012478	0.0128728	0.0228599	0.427441
39	0.0648513	0.0121698	0.0446382	0.124486	0.00948737	0.0383224	0.0160146	0.0210273	0.16278	0.0254912	0.0119223	0.0604455	0.0241599	0.0421438	0.21857	0.0412651	0.0392162	0.0349732	0.00244346	0.00559126
40	0.0305977	0.00287021	0.00296937	0.00721405	0.00417275	0.00285937	0.000895425	0.176664	0.00348678	0.0730412	0.0383385	0.0036496	0.000899684	0.00124599	0.00125512	0.00815916	0.0223034	0.617371	0.000387023	0.00161909
41	0.06582	0.018663	0.0146029	0.0273254	0.0552728	0.0483812	0.0908675	0.0383025	0.0343102	0.054116	0.0266991	0.0473	0.0400541	0.0428221	0.0259557	0.0597142	0.04546	0.0573816	0.112146	0.0948061
42	0.0730303	0.0148433	0.0505585	0.0521322	0.0093315	0.0803795	0.0287757	0.0146039	0.0539895	0.0252982	0.013583	0.268136	0.0176418	0.0426132	0.0389613	0.133477	0.0361866	0.0273799	0.0035969	0.015482
43	0.227513	0.0232626	0.0338436	0.0692099	0.00619353	0.0332275	0.00693583	0.0128586	0.0255101	0.0156848	0.00885681	0.016334	0.318478	0.0228582	0.0177453	0.080214	0.0359577	0.0390685	0.00191565	0.00433275
44	0.0135078	0.00223532	0.00285277	0.00383324	0.314455	0.0342947	0.0846814	0.0128447	0.00915729	0.0139986	0.00413714	0.0191706	0.0160941	0.00577227	0.00443308	0.0134129	0.0118333	0.0125637	0.0213818	0.399341
45	0.0341013	0.00279661	0.00216038	0.0153271	0.00535013	0.0162598	0.0156873	0.00980169	0.428553	0.03269	0.00349379	0.00912193	0.00689461	0.0257827	0.339857	0.0225856	0.0144128	0.0137973	0.000424185	0.000902861
46	0.0862796	0.0172321	0.0346799	0.0332686	0.00608522	0.0409998	0.0149595	0.0110246	0.0349641	0.0173715	0.00992667	0.254021	0.00883505	0.0271851	0.03614	0.300769	0.0386154	0.018431	0.00169588	0.00751564
47	0.0462582	0.00554081	0.0131276	0.032039	0.00967301	0.0304556	0.0180627	0.0142981	0.397608	0.033567	0.0113776	0.0233831	0.0143234	0.0357917	0.215339	0.038452	0.025265	0.0271715	0.002579	0.00568721
48	0.00412322	0.0033115	0.00125751	0.00974917	0.00796325	0.0052053	0.0117369	0.155572	0.00192421	0.65312	0.073747	0.00162311	0.00373555	0.00733814	0.00271795	0.00480891	0.00464491	0.0452018	0.000376772	0.00184282
49	0.488393	0.028316	0.00846379	0.00911217	0.00099964	0.297245	0.000766512	0.00180015	0.00932198	0.0119046	0.00138349	0.0147694	0.00499203	0.00320267	0.00375247	0.0832088	0.0257191	0.00574455	0.000352814	0.000551061
50	0.661477	0.0367871	0.00992472	0.00284335	0.000929731	0.116396	0.00130458	0.00238913	0.00294145	0.003241	0.00270203	0.00276637	0.00210105	0.0023689	0.00284171	0.110771	0.0293858	0.00769189	0.000297387	0.000840516
51	0.686947	0.0324942	0.00574913	0.00128189	0.000785639	0.126489	0.000594959	0.00147157	0.00160588	0.00209624	0.00138537	0.00171853	0.00116899	0.00144296	0.00121036	0.0937725	0.0317511	0.0072509	0.000273285	0.00051063
52	0.00129256	0.00253094	0.000396514	0.00137952	0.00246034	0.000879526	0.000324792	0.654471	0.000736097	0.0365047	0.0242614	0.000613095	0.000438976	0.000619964	0.000548553	0.00215062	0.00101735	0.263756	0.000105349	0.00551307
53	0.0222395	0.00549638	0.00230936	0.00658942	0.0510919	0.00368038	0.0156098	0.0524517	0.0115935	0.36723	0.235786	0.0038118	0.00532095	0.009219	0.038263	0.0272993	0.0254332	0.0926692	0.000656225	0.0232502
54	0.0805598	0.0211685	0.0163665	0.0470789	0.00264612	0.506678	0.00291875	0.00542618	0.0333276	0.058489	0.00392685	0.0601723	0.00830092	0.0122429	0.0239437	0.0758369	0.0291594	0.00890751	0.000963227	0.00188634
55	0.0497842	0.00835073	0.0193991	0.0434532	0.00176096	0.621033	0.00212177	0.00389728	0.0193472	0.0437941	0.00287671	0.0720616	0.00778488	0.011546	0.00939974	0.057269	0.018725	0.00537729	0.000878411	0.00113929
56	0.0199159	0.00141763	0.00339154	0.00401925	0.000856186	0.00216521	0.000462497	0.196655	0.00166918	0.108577	0.050898	0.0033904	0.000821907	0.000835018	0.000938603	0.00246775	0.00457022	0.595204	0.000208275	0.00153605
57	0.252595	0.0021337	0.155407	0.26735	0.00193909	0.0554669	0.00181381	0.00339191	0.0359424	0.020063	0.00247984	0.0115124	0.0896407	0.0232533	0.0124597	0.0405232	0.0121284	0.0100452	0.000609655	0.00124459
58	0.0519679	0.00127053	0.201282	0.12273	0.0016004	0.0124305	0.0208572	0.00269426	0.0748863	0.00345244	0.0019706	0.266855	0.0117517	0.079597	0.0518526	0.062552	0.0167874	0.0140606	0.000434149	0.000968401
59	0.0318175	0.0398391	0.00223852	0.0149599	0.0300829	0.00418243	0.00395026	0.160127	0.012997	0.183146	0.158088	0.0120213	0.00427179	0.0044851	0.00875016	0.00888321	0.0820638	0.232991	0.000572718	0.00453142
60	0.0219128	0.00249572	0.00285718	0.00422515	0.16465	0.079261	0.210551	0.0173469	0.0184088	0.0265975	0.00492126	0.0511813	0.0432594	0.00609888	0.00486027	0.00861445	0.0228651	0.0076096	0.0599336	0.24235
61	0.00216999	0.00264106	0.000638365	0.00156608	0.00454299	0.00112565	0.000547218	0.653237	0.00138632	0.0333657	0.0366715	0.000932213	0.000705492	0.000865007	0.000731318	0.00269627	0.00171194	0.24894	0.000172403	0.00535302
62	0.127923	0.0193782	0.00255042	0.0524145	0.0176112	0.0638458	0.00327448	0.00457769	0.436676	0.00473928	0.00276842	0.00438501	0.0330993	0.0214427	0.0769894	0.0425998	0.036705	0.0461331	0.000770174	0.00211588
63	0.0545773	0.0267109	0.0144354	0.0273596	0.0172751	0.0280123	0.0142055	0.0263534	0.0924218	0.116801	0.0244036	0.0261427	0.199378	0.0261258	0.162057	0.0455195	0.0386232	0.0458234	0.00448769	0.00928649
64	0.0687295	0.0084218	0.0169029	0.0345008	0.00861804	0.410959	0.00767691	0.010224	0.143116	0.0281458	0.0117088	0.0416048	0.0289818	0.0222694	0.0530321	0.0596224	0.0203573	0.0167644	0.00202132	0.00634226
65	0.204964	0.00380986	0.00182969	0.0150101	0.0075032	0.00172983	0.0010725	0.00548354	0.031106	0.00682147	0.00327475	0.0103272	0.00165577	0.00201144	0.00381097	0.578819	0.0753743	0.0351098	0.000331214	0.0099556
66	0.0385798	0.00102655	0.000729914	0.015915	0.00180783	0.0182893	0.0233618	0.00653228	0.494437	0.00780508	0.00110626	0.00257234	0.00421851	0.0320757	0.297696	0.0252741	0.0140462	0.0137681	0.000223229	0.000535358
67	0.0185635	0.0054121	0.0032448	0.00450012	0.00230201	0.00199246	0.000977925	0.217655	0.00265943	0.103359	0.0530647	0.00408952	0.000960781	0.00141685	0.00108875	0.00313017	0.0101026	0.563139	0.000224435	0.00211635
68	0.0170954	0.00848704	0.00224274	0.0107388	0.0234495	0.00799591	0.0130808	0.0897685	0.00792721	0.517186	0.143758	0.00566814	0.00563478	0.0101624	0.0128434	0.0183231	0.0174616	0.0772831	0.0014268	0.00946651
69	0.0128424	0.002832	0.00309009	0.00395284	0.334797	0.0227638	0.0391775	0.0132716	0.00691578	0.0105611	0.00541274	0.00937565	0.00911722	0.00602562	0.00503732	0.0164854	0.00872684	0.015812	0.00889287	0.46491
70	0.0108943	0.00593515	0.00381405	0.0102934	0.00885168	0.0237025	0.00857541	0.257651	0.00671131	0.484951	0.049792	0.00597284	0.00583307	0.00816445	0.00481903	0.00941014	0.0103522	0.0799519	0.00100941	0.00331585
71	0.0565692	0.0139146	0.0223737	0.0362226	0.00818851	0.501821	0.00768133	0.0183645	0.0241509	0.0965022	0.0123118	0.0490662	0.0140979	0.0134153	0.013975	0.0571719	0.0212751	0.0243739	0.00208532	0.00643911
72	0.689785	0.0315478	0.00574121	0.00129436	0.000775245	0.127166	0.000591377	0.00141556	0.00154449	0.00164337	0.00123337	0.00172974	0.00113943	0.00138502	0.00122419	0.0927843	0.0315074	0.00675601	0.000294662	0.000441055
73	0.570687	0.0503496	0.00568171	0.00290098	0.00206123	0.0710978	0.00190247	0.00459568	0.00412991	0.0094486	0.0070863	0.00524962	0.0062932	0.00383216	0.00604215	0.206193	0.0236778	0.0159405	0.000438309	0.00239237
74	0.133949	0.0162487	0.0286262	0.0148755	0.00469445	0.0224655	0.0097281	0.00769852	0.0350447	0.0102485	0.0093493	0.231562	0.00872164	0.0261068	0.0703406	0.328101	0.0252676	0.013403	0.00100738	0.00256075
75	0.0539681	0.011524	0.0185683	0.0370452	0.0075094	0.529202	0.00749509	0.0162898	0.0246019	0.0920956	0.0132614	0.0502674	0.0139125	0.0130659	0.0112212	0.0536452	0.0201866	0.0172462	0.00209629	0.00679768
76	0.0932796	0.0257999	0.010918	0.0203355	0.029684	0.0171114	0.0187054	0.0411226	0.0219708	0.0401221	0.0224075	0.02118	0.0191146	0.0240104	0.016796	0.171191	0.173202	0.151964	0.00481872	0.0762675
77	0.163031	0.00303884	0.00199221	0.0237384	0.0177292	0.00250142	0.00140589	0.00777774	0.0127263	0.00932796	0.00302889	0.0152781	0.00222665	0.00264976	0.00349791	0.604353	0.0954617	0.0248719	0.000444513	0.00491864
78	0.0185581	0.00530803	0.00355993	0.00578298	0.00256093	0.00203408	0.00103761	0.236899	0.00386164	0.0916335	0.0503639	0.00419217	0.00108168	0.00137173	0.00107924	0.00362214	0.014877	0.549609	0.000196458	0.00237033
79	0.100438	0.0252908	0.0137006	0.0225383	0.0187563	0.0452001	0.0340355	0.0293013	0.0303202	0.144019	0.0440896	0.0440771	0.0244593	0.0384727	0.0286616	0.230058	0.039118	0.0547812	0.0046271	0.0280558
80	0.048525	0.00667748	0.0073697	0.0206057	0.0303207	0.0170316	0.195233	0.0315961	0.0199204	0.211689	0.0486906	0.0462007	0.00984839	0.0840214	0.0155196	0.0469772	0.0262715	0.0266516	0.016857	0.0899931
81	0.0640735	0.138539	0.00339732	0.0105444	0.0127166	0.0112069	0.00265395	0.100728	0.010184	0.103488	0.0849759	0.0112695	0.00580177	0.00773832	0.00682343	0.0352158	0.0553258	0.327647	0.00112327	0.00654778
82	0.297493	0.0206393	0.00649077	0.00931743	0.00453859	0.00702556	0.00225997	0.00558593	0.0107657	0.0059854	0.0119408	0.0145542	0.00282297	0.00687153	0.0205426	0.524297	0.0304005	0.0144119	0.000655037	0.0034019
83	0.0901512	0.00709561	0.206511	0.163467	0.00696342	0.0543255	0.0116671	0.0180139	0.0440798	0.0260478	0.00999279	0.0877493	0.0353807	0.0390866	0.0256284	0.0645423	0.0522766	0.0501584	0.00228132	0.00458107
84	0.00129256	0.00253094	0.000396514	0.00137952	0.00246034	0.000879526	0.000324792	0.654471	0.000736097	0.0365047	0.0242614	0.000613095	0.000438976	0.000619964	0.000548553	0.00215062	0.00101735	0.263756	0.000105349	0.00551307
85	0.00965416	0.00199429	0.0018921	0.00247029	0.00151469	0.00146394	0.000366463	0.408747	0.00116956	0.0589599	0.0373135	0.0020124	0.000496539	0.000689398	0.000694644	0.00232503	0.00293924	0.461515	0.000122952	0.00365866
86	0.0541963	0.0104228	0.018699	0.0383757	0.0070735	0.547834	0.00714439	0.0108689	0.0273374	0.074546	0.0109398	0.0527244	0.0125348	0.0138016	0.013448	0.0550925	0.0212821	0.0149758	0.0031946	0.0055091
87	0.268342	0.00111212	0.102864	0.236628	0.00107886	0.0381409	0.000934371	0.00202781	0.0604435	0.00739376	0.0044795	0.0145111	0.12858	0.0464972	0.0129636	0.0435441	0.0211548	0.00813214	0.000315077	0.000857393
88	0.00750906	0.00192579	0.218771	0.374658	0.00168954	0.00320154	0.00219285	0.00802605	0.0362021	0.00466813	0.00279229	0.0374437	0.00283091	0.0211428	0.00383708	0.0458177	0.188555	0.0368856	0.000631664	0.00121949
89	0.0952931	0.0100394	0.0209441	0.0414311	0.0131433	0.516434	0.00756025	0.0101299	0.0253795	0.0318365	0.00662972	0.0491548	0.0211961	0.016053	0.0108912	0.0651679	0.0205578	0.0168847	0.00221042	0.0190631
90	0.0368413	0.0535189	0.00201021	0.0142268	0.0200205	0.00295462	0.00210967	0.162174	0.0138674	0.170821	0.128623	0.014768	0.00300821	0.00285158	0.0031875	0.00570715	0.0865607	0.274799	0.000521903	0.00142898
91	0.0592603	0.248243	0.00521842	0.00760655	0.00581111	0.0111544	0.00330526	0.0431343	0.00911027	0.034027	0.0212904	0.00784712	0.0180921	0.0078129	0.00939499	0.0437811	0.0694965	0.389128	0.00153776	0.00474764
92	0.00986887	0.00259947	0.00296106	0.0040788	0.349766	0.0186139	0.0251904	0.0109039	0.00561108	0.00768563	0.00405447	0.00652432	0.00698612	0.00495107	0.00433293	0.0154546	0.00799251	0.0142868	0.00543943	0.492699
93	0.557403	0.0267874	0.0122145	0.0146376	0.00234361	0.166456	0.00609323	0.00332512	0.018328	0.0105325	0.00376735	0.0116155	0.0124439	0.00842634	0.0107877	0.0888236	0.030974	0.012353	0.000459756	0.00222859
94	0.0195228	0.00662865	0.0035546	0.00687146	0.00483093	0.00375442	0.00144435	0.326632	0.00529601	0.0704361	0.0415225	0.00424582	0.00158042	0.00231516	0.00138766	0.00640082	0.0171026	0.472851	0.000301979	0.00332048
95	0.128949	0.007821	0.115171	0.241052	0.00712801	0.0501922	0.0153412	0.0169285	0.0545246	0.0221775	0.0100719	0.0518987	0.0503298	0.0398068	0.0278207	0.0557092	0.0552276	0.0387644	0.00260911	0.00847674
96	0.0337459	0.00548662	0.00477893	0.0128075	0.126466	0.0366468	0.168679	0.0307506	0.0227739	0.151896	0.0488873	0.0403726	0.0180041	0.0472424	0.0138901	0.0302685	0.0231943	0.0275444	0.0254171	0.131149
97	0.0856465	0.0756062	0.00449864	0.00599387	0.00350134	0.00894078	0.00338177	0.0272251	0.00789915	0.00996106	0.00556063	0.00826704	0.453153	0.00964345	0.0215353	0.097082	0.0635242	0.10401	0.00143943	0.00313039
98	0.0850344	0.0115216	0.0214822	0.0417352	0.00761436	0.538372	0.00606219	0.00728835	0.032404	0.0302833	0.00780263	0.0539221	0.019952	0.0170159	0.0153723	0.0627841	0.0181719	0.0118509	0.00246711	0.00886375
99	0.0320723	0.00246924	0.00393623	0.0167365	0.00595766	0.0161036	0.0156056	0.00984641	0.42602	0.0307739	0.00299324	0.00917232	0.00884009	0.0261457	0.335394	0.0250079	0.0170919	0.0140285	0.000914954	0.000889168
100	0.0221493	0.00306856	0.253166	0.33818	0.00262483	0.00756512	0.00305162	0.0188448	0.0318182	0.00712303	0.0029358	0.0366962	0.00646448	0.0258347	0.00678031	0.0372664	0.0823868	0.111308	0.00092164	0.00181421
101	0.0298834	0.0106599	0.00842112	0.0145384	0.0182676	0.020656	0.0203185	0.0990844	0.0164649	0.474486	0.0849502	0.0125985	0.0123482	0.0164828	0.0171778	0.0241234	0.0199137	0.0849849	0.00259971	0.0120407
102	0.0181553	0.0209336	0.00233646	0.0212372	0.0143659	0.00379093	0.00537207	0.172843	0.0065898	0.371282	0.104774	0.00604472	0.0033042	0.00423058	0.00424195	0.00602407	0.0452762	0.186522	0.000519037	0.00215736
103	0.0542896	0.00497739	0.0348093	0.0811684	0.00134664	0.589123	0.00122112	0.00244649	0.00811302	0.0204785	0.00214637	0.0863063	0.00272042	0.017513	0.00563776	0.0592291	0.0232039	0.00381114	0.000521071	0.000937868
104	0.020535	0.00920043	0.00314802	0.00598505	0.00677944	0.00231599	0.00148434	0.168861	0.0037158	0.104042	0.118986	0.00524112	0.00133321	0.00181848	0.00292683	0.00483703	0.0175447	0.518416	0.000449344	0.00238039
105	0.412896	0.0168624	0.00400679	0.0121883	0.0061194	0.0519292	0.00146699	0.0047935	0.0108571	0.00740298	0.00375804	0.0113257	0.00253547	0.00353502	0.00558475	0.361112	0.0609846	0.0185687	0.000361297	0.00371119
106	0.132505	0.00348575	0.0360015	0.101501	0.0060788	0.0294342	0.00693756	0.017218	0.202818	0.0353493	0.0412939	0.0194534	0.0188877	0.152565	0.0212827	0.0734764	0.079256	0.016241	0.0012725	0.00494199
107	0.0481742	0.00090199	0.000844591	0.0172603	0.00113814	0.0240893	0.0298927	0.00645551	0.453958	0.00242985	0.00124699	0.00236622	0.00270951	0.0454039	0.304208	0.0315425	0.00881654	0.0176054	0.00027728	0.000679226
108	0.0656563	0.00705323	0.0148952	0.0329053	0.0101426	0.022396	0.101148	0.0142434	0.245688	0.0313637	0.0127928	0.0326663	0.0162674	0.0524599	0.23372	0.0434203	0.0219661	0.0254779	0.00310505	0.0126325
109	0.0323193	0.0102733	0.0118589	0.0081316	0.00425553	0.0500789	0.00516285	0.00938483	0.0102226	0.0131731	0.0370784	0.042975	0.356918	0.0660421	0.0429608	0.134712	0.139487	0.019177	0.00200534	0.00378292
110	0.0708195	0.0151834	0.0571323	0.0547353	0.0100124	0.0719392	0.0250979	0.0140057	0.0517962	0.0222568	0.0156852	0.275325	0.0207641	0.0419481	0.0438759	0.126289	0.0372968	0.0287629	0.00375462	0.0133205
111	0.00241431	0.00260228	0.000577331	0.00151791	0.00244123	0.00114146	0.000319779	0.620681	0.000890166	0.0377058	0.025316	0.000837246	0.000444611	0.000671389	0.000578538	0.00218708	0.00130582	0.292813	0.000113949	0.00544142
112	0.00934831	0.00198381	0.00196687	0.00226463	0.00170204	0.00144905	0.000328563	0.407844	0.00113756	0.0547872	0.0369705	0.00200166	0.00048316	0.000678977	0.000684283	0.00209639	0.00278903	0.466603	0.000130878	0.00474992
113	0.118744	0.0336482	0.0271562	0.0463034	0.00935274	0.0419735	0.0098646	0.0196524	0.0315813	0.0199694	0.0156852	0.0253893	0.338164	0.0269466	0.0311916	0.0814794	0.0512898	0.0600746	0.00296786	0.00856591
114	0.00977748	0.0043716	0.00147228	0.0033653	0.00329261	0.00319671	0.000937592	0.507624	0.00345707	0.0568987	0.0344155	0.00283176	0.000719921	0.00157099	0.00126259	0.00695052	0.00788543	0.345249	0.000280703	0.0044396
115	0.00175704	0.00247549	0.000558289	0.00146876	0.00234481	0.000906183	0.000329818	0.632753	0.000746145	0.0380999	0.0249739	0.000689381	0.000430853	0.000623192	0.000543316	0.00208733	0.0011493	0.282336	0.00010805	0.00561961
116	0.253927	0.00148453	0.142162	0.260188	0.0016763	0.0469324	0.00224725	0.00271412	0.0447516	0.0122582	0.00243838	0.0178367	0.10338	0.0306454	0.0142773	0.0376838	0.0137897	0.00988586	0.0004724	0.00124976
117	0.0779589	0.0148278	0.172766	0.0701673	0.0145271	0.0689208	0.0194654	0.038692	0.0365995	0.156275	0.0270163	0.0439917	0.0284357	0.0293032	0.0253299	0.0565395	0.0402195	0.0640774	0.00452411	0.0103627
118	0.273498	0.00643081	0.0800661	0.201819	0.00680651	0.0410094	0.0154435	0.00988232	0.0472891	0.0178445	0.00607949	0.0294468	0.0843037	0.0412723	0.022675	0.0568749	0.0259824	0.0254366	0.00240558	0.00543355
119	0.0660343	0.108392	0.0160759	0.0288259	0.0136255	0.0305188	0.0163682	0.0262355	0.0756817	0.0371745	0.0177014	0.04873	0.0648604	0.0254776	0.236246	0.0780462	0.0410549	0.0561879	0.00310756	0.0096557
120	0.0421909	0.00176568	0.0021141	0.0108397	0.0221041	0.00678468	0.220782	0.0110968	0.0159855	0.0957603	0.0549526	0.0741957	0.00288323	0.132317	0.00359557	0.0647979	0.0299176	0.0113272	0.0194285	0.177161
121	0.0804089	0.0510554	0.00848573	0.010508	0.00704416	0.0162307	0.00568407	0.031055	0.0148765	0.0188845	0.0126103	0.0126772	0.405323	0.016841	0.0205936	0.10682	0.0575375	0.116858	0.00178277	0.00472409
122	0.0492612	0.00175596	0.00247866	0.00976812	0.0157794	0.00540335	0.19398	0.0170551	0.0127027	0.138162	0.0534329	0.0595874	0.00252378	0.166766	0.00406988	0.0704846	0.0396339	0.0181209	0.0215815	0.117454
123	0.036564	0.000967104	0.000888526	0.017555	0.00214115	0.0185733	0.0219442	0.00665386	0.492267	0.00849471	0.00116512	0.00307201	0.00395887	0.0323105	0.299982	0.0266135	0.0124165	0.0135928	0.000236933	0.000602832
124	0.0289347	0.00477441	0.00531778	0.00869145	0.230743	0.0239629	0.0662942	0.0244359	0.0112987	0.0317663	0.0172894	0.0243996	0.0111045	0.0264925	0.00646403	0.034907	0.0187897	0.0258194	0.0115147	0.387
125	0.0537294	0.0120062	0.0133654	0.0323509	0.0106494	0.0213096	0.020711	0.0183919	0.269636	0.0354326	0.0159683	0.0328909	0.0188737	0.0400829	0.286359	0.0464001	0.0305358	0.0316724	0.00196018	0.00767481
126	0.0279597	0.0108725	0.00445075	0.0123289	0.118481	0.0345693	0.0147053	0.0573162	0.0339309	0.158019	0.266802	0.0200455	0.019014	0.0178732	0.028222	0.0354316	0.0248755	0.0761149	0.00260106	0.0363859
127	0.0173598	0.00912495	0.00252219	0.00776942	0.00502509	0.00316116	0.00261229	0.254142	0.00437129	0.186215	0.0591483	0.0040885	0.00165755	0.00297236	0.00207336	0.0046289	0.0167094	0.413941	0.000352047	0.00212558
128	0.0183198	0.00154594	0.00359195	0.00346101	0.000673209	0.0018839	0.000386435	0.190088	0.00151211	0.0835597	0.0525602	0.00348341	0.000632464	0.000795655	0.000865483	0.00236102	0.00436072	0.62793	0.000180702	0.00180783
129	0.100323	0.00580326	0.0548284	0.00889627	0.00365115	0.284849	0.00346957	0.00590924	0.0224483	0.010353	0.00740445	0.0103605	0.254633	0.0361573	0.0103164	0.147855	0.0162526	0.0131491	0.00117682	0.00216404
130	0.0224071	0.0271574	0.00237229	0.0242282	0.0212167	0.00349382	0.0055611	0.148258	0.0109478	0.273369	0.159537	0.00826131	0.00384203	0.00537008	0.00872055	0.009244	0.0601487	0.200599	0.000609034	0.00465629
131	0.0686803	0.187612	0.0062703	0.0102386	0.011509	0.0135991	0.00430852	0.0692561	0.0114087	0.0527402	0.0340189	0.0104698	0.026065	0.0100419	0.0127992	0.046957	0.0540329	0.359678	0.00223396	0.00808039
132	0.0981762	0.00629783	0.20116	0.169951	0.00895814	0.0545358	0.0105926	0.0215076	0.0436655	0.0270826	0.0117527	0.0819927	0.0352456	0.0393099	0.0248104	0.0546018	0.0475843	0.0542779	0.00170127	0.00679634
133	0.0405231	0.298032	0.00389867	0.0059524	0.00335088	0.00618925	0.00317171	0.0322713	0.00695013	0.0104937	0.00976637	0.00597969	0.0109214	0.00568932	0.00810847	0.0376125	0.0843486	0.422665	0.000893095	0.00318222
134	0.00130903	0.00253257	0.000396486	0.00137893	0.00246918	0.000890612	0.000325012	0.654411	0.000735511	0.0364608	0.024222	0.000619336	0.000438703	0.000619633	0.000548543	0.00215625	0.00101549	0.263854	0.000105349	0.00551214
135	0.0387196	0.010934	0.00776354	0.0119397	0.282072	0.0248403	0.0365032	0.0375001	0.0230581	0.0429182	0.0345469	0.0234173	0.0170042	0.0153922	0.0145937	0.0443042	0.0253723	0.0499384	0.00804587	0.251136
136	0.31505	0.0191453	0.00758248	0.00854379	0.00515132	0.0095817	0.00300585	0.00533481	0.012005	0.00710509	0.020355	0.0161336	0.00310353	0.00822799	0.0161783	0.493802	0.0302361	0.0151212	0.000948369	0.00338807
137	0.0962604	0.00844523	0.206474	0.17271	0.00869524	0.0455371	0.0106506	0.0210096	0.0458764	0.0220608	0.00980807	0.0753856	0.0363178	0.041888	0.0281748	0.0615939	0.0471262	0.0549316	0.00214302	0.00491139
138	0.0135404	0.00308657	0.00215193	0.00335972	0.00251584	0.00210573	0.000483354	0.382852	0.00210408	0.0603465	0.0377404	0.0024864	0.0007428	0.000944692	0.00112544	0.00442051	0.00773792	0.468499	0.000260307	0.00349662
139	0.265905	0.0140311	0.0249237	0.0237049	0.00648574	0.0496851	0.0136322	0.00972338	0.0353694	0.0141141	0.0113233	0.127318	0.0187999	0.0292449	0.0356928	0.251709	0.0384592	0.0217999	0.00167564	0.00640358
140	0.0694454	0.00579862	0.0104123	0.0259588	0.0185936	0.0116462	0.219055	0.0145616	0.0417631	0.077694	0.0343626	0.0634733	0.0112055	0.160242	0.0307419	0.0590789	0.0268335	0.0206889	0.0122753	0.0861703
141	0.135047	0.0283078	0.0291231	0.0583751	0.00841553	0.0417408	0.00793026	0.0199664	0.0309876	0.0226094	0.0136467	0.0199375	0.336918	0.0267424	0.0319847	0.075452	0.0454842	0.0570425	0.00267976	0.00760962
142	0.0512272	0.00169538	0.216135	0.16737	0.00225063	0.0159529	0.0157206	0.00585019	0.0600113	0.00531788	0.00239985	0.2143	0.0132096	0.0623301	0.0393864	0.055685	0.0396487	0.0294529	0.00052982	0.00152648
143	0.0998008	0.0104731	0.0336539	0.0590373	0.0132317	0.0534977	0.0557545	0.0266203	0.0872946	0.0553307	0.028477	0.0516071	0.0345424	0.1501	0.0533449	0.0713385	0.0431422	0.0394879	0.00541565	0.0278494
144	0.684875	0.0311734	0.00561002	0.0014916	0.00086824	0.125465	0.000641972	0.00145415	0.00173145	0.00177409	0.00132114	0.00197458	0.00147774	0.00169434	0.00140131	0.0958086	0.0337551	0.0067184	0.000296125	0.000467822
145	0.0604699	0.0075357	0.0541145	0.0603067	0.00743011	0.0281096	0.0308686	0.0175866	0.101882	0.0214549	0.0161036	0.147299	0.0201705	0.128749	0.161802	0.0625126	0.0382859	0.0247582	0.0017068	0.00885467
146	0.0183397	0.00790136	0.00271852	0.00698896	0.00855517	0.00698345	0.00231267	0.492844	0.00872587	0.0669054	0.0339287	0.00698986	0.00595109	0.00605357	0.00634809	0.0137829	0.0161138	0.28035	0.00136942	0.00683709
147	0.0172519	0.00155677	0.0034428	0.00332871	0.000768964	0.00178235	0.000395318	0.214125	0.00141966	0.0812604	0.0504505	0.00334627	0.000634326	0.000774606	0.000840472	0.00231934	0.00409352	0.609997	0.000163002	0.00204965
148	0.689732	0.0316526	0.00574936	0.00128935	0.000775077	0.126992	0.000591367	0.00138701	0.00156304	0.00164126	0.00123287	0.0017283	0.00114321	0.00138442	0.00121745	0.0928941	0.0316224	0.00668815	0.00027507	0.000441035
149	0.00438665	0.00329291	0.00138498	0.0103503	0.00878014	0.00521517	0.0130335	0.113498	0.00209042	0.698555	0.0812545	0.00173782	0.00390147	0.00798714	0.00335329	0.00526314	0.00508709	0.0283844	0.000394412	0.00205
150	0.0643356	0.0150698	0.0530378	0.0511518	0.0114109	0.0735366	0.0335001	0.0167148	0.0465403	0.031368	0.0181011	0.263822	0.021141	0.0421269	0.0381057	0.124568	0.0393821	0.0320695	0.00468294	0.0193345
151	0.386608	0.0368191	0.00522975	0.00686223	0.00435261	0.0168271	0.00201728	0.00430367	0.00841961	0.00552564	0.0104816	0.00939349	0.00284518	0.0032899	0.0110334	0.444994	0.0247952	0.0120792	0.000775652	0.00334698
152	0.156186	0.00425278	0.00455289	0.0622322	0.00517117	0.00665442	0.318148	0.00781602	0.0355502	0.045662	0.0082497	0.0685076	0.00564535	0.140776	0.0404628	0.0520103	0.0106694	0.0125429	0.00276857	0.0121424
153	0.042664	0.00142726	0.00190405	0.0095326	0.0231995	0.0070775	0.220138	0.010607	0.0139898	0.0967209	0.0545271	0.078321	0.00262294	0.128084	0.0032424	0.0637495	0.0303879	0.0108913	0.0200751	0.180838
154	0.00992691	0.00241549	0.00295487	0.00416346	0.350346	0.0188717	0.0252477	0.010795	0.00578663	0.00749382	0.00412322	0.00679148	0.00731288	0.0049693	0.00428655	0.0151958	0.00808063	0.0143367	0.0055565	0.491346
155	0.0362912	0.0124173	0.00961974	0.0174109	0.0183721	0.0234589	0.0165078	0.0947278	0.0155717	0.454455	0.0904274	0.0115468	0.0105363	0.0201867	0.0169892	0.0285047	0.0192175	0.0903834	0.00253813	0.0108373
156	0.024992	0.00186284	0.00117568	0.0115419	0.00548369	0.0121916	0.0146562	0.00881514	0.470808	0.0341992	0.00139273	0.00258186	0.00577053	0.0206188	0.34209	0.018003	0.0125329	0.0101113	0.000396713	0.000775899
157	0.144154	0.00227605	0.0374126	0.0467222	0.00252567	0.00486569	0.0190325	0.00431156	0.0450523	0.0050921	0.00337266	0.399011	0.0197939	0.0610949	0.00947397	0.0649377	0.1028	0.0255889	0.000790322	0.00169242
158	0.0478031	0.0042437	0.0318383	0.0836057	0.00128206	0.606515	0.00114034	0.00238804	0.00757249	0.0188	0.00194442	0.082265	0.00271967	0.0189733	0.00500232	0.0577854	0.0213664	0.00340741	0.00048088	0.000865983
159	0.105674	0.0113882	0.0221059	0.0431179	0.00864472	0.526439	0.00633381	0.00731503	0.0296869	0.0293301	0.00529394	0.0524476	0.0175341	0.0148635	0.0131344	0.0641799	0.020437	0.0105218	0.00256512	0.00898775
160	0.0302777	0.00247721	0.00268178	0.00511825	0.116621	0.0938106	0.234111	0.0224386	0.0240176	0.0413493	0.0101728	0.0648213	0.033846	0.0186265	0.00506948	0.0151478	0.0217833	0.00824348	0.0577951	0.191591
161	0.163903	0.0403992	0.00446406	0.00611809	0.146222	0.00990908	0.00336916	0.137635	0.00772538	0.0215296	0.0332103	0.00716347	0.00574815	0.00807088	0.00606076	0.0874488	0.0230398	0.208859	0.0014201	0.0777036
162	0.0182795	0.00143368	0.00360174	0.00346662	0.00065823	0.00188489	0.000385872	0.190087	0.00148354	0.0836072	0.0522562	0.0034777	0.000632767	0.000793996	0.000851165	0.00234443	0.00424119	0.628536	0.000170794	0.00180783
163	0.0156935	0.0172337	0.00203087	0.014465	0.00920474	0.00189368	0.00152111	0.35772	0.00480446	0.13053	0.0825847	0.00484247	0.00172823	0.00184686	0.00241738	0.00443861	0.0305127	0.313154	0.000350482	0.00302789
164	0.287721	0.0174061	0.010671	0.0234583	0.00712464	0.0311578	0.00768238	0.00793038	0.021799	0.0126791	0.00842374	0.020522	0.0129966	0.0135168	0.0159216	0.42297	0.0468335	0.0244408	0.00123672	0.00550869
165	0.00466952	0.00296709	0.000884215	0.00210887	0.00264081	0.00135964	0.000517139	0.588187	0.0017237	0.0404721	0.0273385	0.00134535	0.000589441	0.000889328	0.000671305	0.0027491	0.00369198	0.31194	0.000124915	0.00513012
166	0.0556957	0.00824014	0.0148372	0.0330631	0.00872537	0.0313629	0.0172515	0.0179482	0.374986	0.0327276	0.0138189	0.024346	0.0150673	0.0378968	0.203242	0.0457776	0.0290185	0.0314384	0.00163898	0.00291764
167	0.456444	0.0231211	0.0203762	0.0382851	0.00638136	0.0787585	0.0151914	0.0134984	0.0283343	0.0221596	0.0106858	0.0221766	0.0300497	0.022679	0.018204	0.121556	0.032922	0.0326687	0.00143816	0.00506998
168	0.0233301	0.0314943	0.00523422	0.00599667	0.00362446	0.00517464	0.00402161	0.0063214	0.0322237	0.00840896	0.0046794	0.469561	0.00532764	0.00633064	0.0395824	0.302258	0.0330376	0.00948779	0.00122639	0.00267929
169	0.167458	0.102641	0.00781924	0.0125852	0.00802615	0.014514	0.00620433	0.0135064	0.0180331	0.0231241	0.0144648	0.0690671	0.0155068	0.0114597	0.0238483	0.406605	0.0313316	0.0438897	0.00266112	0.00725482
170	0.0197867	0.00302187	0.00165539	0.00315309	0.00531875	0.00303987	0.000685844	0.431073	0.00284618	0.0453363	0.0262354	0.00192817	0.000842918	0.00142386	0.00104516	0.0114065	0.0158468	0.421471	0.00019901	0.00368414
171	0.0571852	0.00581527	0.183298	0.0984414	0.0038038	0.0238469	0.0190978	0.00779611	0.0753564	0.0114004	0.00689128	0.227414	0.0144178	0.0672846	0.0810109	0.0703794	0.0238654	0.0187372	0.00097216	0.00298605
172	0.272494	0.0141124	0.0787648	0.0624924	0.00575706	0.0507268	0.00795297	0.00779492	0.0347269	0.0134568	0.00981163	0.0406817	0.0383983	0.0350551	0.0270057	0.245232	0.0296775	0.0191914	0.00143204	0.00523558
173	0.12955	0.0290872	0.00702042	0.0168959	0.0148706	0.0141192	0.00949747	0.0795159	0.0225038	0.119683	0.0425152	0.0167403	0.015703	0.0196304	0.013418	0.0466348	0.153691	0.2387	0.00232082	0.00790238
174	0.331342	0.0296745	0.00416114	0.00631924	0.00472484	0.0166801	0.00392204	0.0429705	0.00919694	0.101717	0.0953058	0.0338539	0.0314482	0.0406855	0.00626819	0.0711581	0.0177273	0.145344	0.00148429	0.00601596
175	0.283673	0.00104916	0.105602	0.257719	0.000944902	0.0382635	0.000670916	0.00171197	0.04372	0.0062707	0.00129789	0.0132918	0.139952	0.0336421	0.0146983	0.0351026	0.0124166	0.00890659	0.000355207	0.000711776
176	0.310565	0.0137282	0.00757616	0.00758554	0.00397287	0.0103627	0.0040858	0.00913912	0.00873761	0.0088816	0.00557055	0.0077577	0.40608	0.00938819	0.00837185	0.107909	0.0437005	0.0218096	0.00163768	0.00314057
177	0.283996	0.00100868	0.10534	0.260601	0.000951196	0.0389984	0.000743158	0.00176151	0.0425605	0.00655893	0.00139126	0.0133979	0.137086	0.033626	0.0145782	0.0345525	0.0129056	0.00879023	0.000367434	0.000785616
178	0.213247	0.00440028	0.00518937	0.0345882	0.00550875	0.00675884	0.00423404	0.0108025	0.0663537	0.0119868	0.00538436	0.00712147	0.0373889	0.0361224	0.0076326	0.0169573	0.2244	0.297416	0.0016512	0.00285746
179	0.0640143	0.032714	0.0175364	0.0266574	0.0157158	0.0216412	0.0167356	0.0429338	0.106468	0.0516711	0.0294047	0.027358	0.0435969	0.0357637	0.160568	0.0489908	0.0497138	0.196181	0.00276612	0.00956904
180	0.0716611	0.0163768	0.00429713	0.00648393	0.301871	0.0107558	0.0104314	0.0893651	0.00795769	0.00935554	0.0176302	0.00715344	0.00579402	0.00767796	0.00589281	0.0631681	0.0128841	0.114697	0.00256883	0.233977
181	0.512785	0.00439087	0.0381637	0.0585705	0.00415215	0.00924264	0.00644154	0.00793264	0.0144413	0.00995127	0.00594322	0.00999263	0.0116027	0.143484	0.0364525	0.0726454	0.0131026	0.0362902	0.00138259	0.00303272
182	0.209609	0.00236596	0.0488104	0.00410645	0.00252747	0.0630906	0.0178892	0.00538147	0.0417302	0.00713324	0.016654	0.0690151	0.00550686	0.0689576	0.0938285	0.309907	0.0212108	0.00989802	0.000776924	0.0016012
183	0.0273489	0.00259633	0.212059	0.352646	0.00197145	0.0102035	0.00253487	0.00983695	0.0384868	0.00588994	0.00320038	0.0431573	0.0101266	0.0257741	0.00895573	0.0433193	0.153806	0.0460993	0.000668726	0.00131863
184	0.0182597	0.00143135	0.00358977	0.00343483	0.000658505	0.00188049	0.000385841	0.191412	0.00148297	0.0835147	0.0520899	0.00346435	0.000633607	0.000796013	0.000851542	0.00234785	0.00421354	0.627569	0.000171146	0.00181296
185	0.0516632	0.00127177	0.201579	0.123603	0.00160105	0.0123764	0.0207475	0.00272777	0.0746725	0.00345323	0.00196139	0.265903	0.0117399	0.0794949	0.0519821	0.062378	0.0170928	0.0143486	0.0004378	0.000965987
186	0.021977	0.0052992	0.00999951	0.0879862	0.00552218	0.0205921	0.00756395	0.0397658	0.265706	0.0162884	0.0120445	0.0964175	0.0115426	0.060017	0.195163	0.0216874	0.102514	0.0145436	0.00150921	0.00386079
187	0.00478257	0.00332003	0.00135363	0.00800639	0.0143189	0.0047183	0.012006	0.0883972	0.0022914	0.677204	0.113626	0.00178733	0.00392431	0.00685036	0.00660272	0.0102974	0.00540034	0.0300887	0.00038711	0.00463757
188	0.0461461	0.000927858	0.000769099	0.0168863	0.00103401	0.0246439	0.027533	0.00671756	0.455187	0.00212715	0.00109112	0.00200783	0.00259997	0.0464644	0.306704	0.0314434	0.00848569	0.018367	0.000258954	0.000605267
189	0.151715	0.00234604	0.0511552	0.119552	0.00237972	0.0398071	0.00230647	0.00411134	0.195415	0.0193885	0.028744	0.0216054	0.0204914	0.150807	0.00522932	0.0968455	0.0789441	0.00659516	0.000816013	0.00174588
190	0.0123217	0.00277981	0.023454	0.0635327	0.00282119	0.0982725	0.00254891	0.00688414	0.293407	0.0243728	0.0406917	0.169482	0.0213695	0.0724193	0.0955447	0.0453849	0.014263	0.00758611	0.00111149	0.00175231
191	0.00980511	0.015354	0.00230926	0.00825829	0.0685328	0.00549076	0.00961646	0.123597	0.00413516	0.541476	0.0980595	0.00312782	0.0152682	0.00576653	0.00874587	0.0123887	0.0106686	0.0514526	0.000514209	0.00543277
