297	20
1	0.145841	0.0255295	0.000238764	0.000316438	0.0377151	0.0371831	0.000262132	0.143326	0.000257564	0.255423	0.045552	0.000619131	0.000617851	0.00033099	0.000290542	0.0231154	0.0501478	0.229963	0.00160246	0.00166856
2	0.185642	0.0185298	0.000261861	0.000321074	0.0159831	0.0673279	0.000265316	0.181335	0.000331263	0.191451	0.029585	0.000511969	0.00102867	0.000495864	0.000294665	0.015424	0.0444141	0.244711	0.000139815	0.00194585
3	0.441402	0.0442221	0.000464064	0.000432512	0.000626987	0.0812155	0.000260333	0.00889506	0.000371674	0.00433492	0.000748391	0.000768676	0.00444654	0.000868143	0.000284386	0.333222	0.0532026	0.0237053	0.00015247	0.000375775
4	0.0251818	0.00227915	0.000206172	0.000328839	0.0161178	0.00107194	0.000148085	0.542114	0.000218701	0.0853925	0.0260308	0.0016881	0.000279897	0.000862577	0.000211798	0.00737935	0.0167609	0.271608	0.000102484	0.00201742
5	0.19187	0.0189209	0.000258376	0.000351699	0.0153685	0.0724713	0.000287092	0.178894	0.000308912	0.186383	0.0280488	0.000534772	0.000732829	0.000541098	0.000290029	0.015194	0.0426037	0.244738	0.000128053	0.00207516
6	0.0616023	0.00790127	0.000216986	0.000228603	0.0961753	0.0301178	0.000175791	0.153417	0.000213081	0.412754	0.0340259	0.000381616	0.000506406	0.000284968	0.000152113	0.0269438	0.029436	0.138651	0.0062887	0.000526901
7	0.0282973	0.000550073	0.000978599	0.000602495	0.0130738	0.00365611	0.00185192	0.208992	0.000807207	0.368533	0.158318	0.00177898	0.00258577	0.00631343	0.000402572	0.00491121	0.0292124	0.16515	0.00208659	0.00189911
8	0.0280337	0.0159091	0.000470226	0.000536391	0.040549	0.00193075	0.000316891	0.363725	0.000377384	0.0909769	0.00876418	0.00109595	0.000475149	0.000765759	0.000303074	0.00404631	0.016641	0.421612	0.000275901	0.00319592
9	0.0401889	0.00206154	0.000579392	0.000590647	0.161219	0.00988482	0.000519047	0.149737	0.00180921	0.237736	0.0276238	0.0066202	0.000668425	0.000732576	0.000428816	0.0099719	0.0335484	0.271963	0.000663176	0.0434544
10	0.0392374	0.00163429	0.00186833	0.00239036	0.0328027	0.0324001	0.0174717	0.00616179	0.349898	0.00671991	0.00466104	0.00214672	0.00139401	0.0021842	0.234781	0.00800381	0.0101337	0.125816	0.0873943	0.0328997
11	0.0260904	0.0241795	0.000363486	0.000418815	0.474334	0.0141158	0.0013535	0.0403861	0.000335214	0.25371	0.027891	0.000552198	0.000381331	0.000622254	0.00459376	0.0115102	0.0187744	0.0522668	0.0158072	0.0323134
12	0.0123345	0.00102044	0.0100296	0.00783937	0.0017811	0.0171062	0.000847001	0.0040622	0.692746	0.00413063	0.00221444	0.0197991	0.000955933	0.0102173	0.161678	0.0202876	0.0263957	0.00491348	0.000414858	0.00122645
13	0.0122377	0.000372637	0.000279241	0.000308744	0.0703241	0.00328184	0.000270115	0.222664	0.00226934	0.40058	0.0620328	0.000693599	0.00125516	0.000622378	0.000229285	0.00662872	0.0104224	0.176139	0.0167996	0.0125895
14	0.0696077	0.00423042	0.0526171	0.00827542	0.00844087	0.0190891	0.402426	0.0215124	0.00402715	0.0206203	0.0152606	0.166199	0.00624249	0.0125854	0.00489906	0.0695352	0.0300603	0.0226847	0.00264188	0.0590445
15	0.142415	0.00419388	0.0148669	0.00860161	0.00187905	0.0479293	0.0147732	0.0261927	0.00259072	0.00621613	0.00224448	0.0400374	0.378796	0.0161311	0.00169319	0.208416	0.0642845	0.0165048	0.00039306	0.00184123
16	0.0241941	0.0159109	0.000580343	0.000635562	0.409702	0.010965	0.00380603	0.0699142	0.00245576	0.231186	0.0361594	0.00116834	0.00121819	0.00109113	0.00568163	0.0135198	0.0178126	0.0738332	0.0135582	0.0666079
17	0.0441783	0.00133095	0.000839259	0.000247052	0.0217143	0.00865381	0.000160683	0.361115	0.000314037	0.30514	0.0382641	0.000641458	0.00396452	0.000877405	0.000165644	0.00394347	0.0149429	0.19143	0.000864599	0.00121273
18	0.513896	0.017351	0.000482357	0.00122231	0.00080776	0.0747481	0.000371313	0.0117164	0.0010334	0.00598647	0.00304907	0.00145774	0.00259305	0.000959254	0.000442065	0.234511	0.087383	0.0413775	0.000225465	0.00038626
19	0.0272222	0.0015277	0.000420775	0.000327967	0.0934103	0.0073928	0.000281528	0.143331	0.000638736	0.563006	0.068418	0.00171384	0.000793348	0.000486054	0.000343103	0.0065604	0.00820576	0.0641803	0.00262259	0.00911753
20	0.0320693	0.00308321	0.000418541	0.000229822	0.0738243	0.0136977	0.000161735	0.213314	0.00121732	0.3903	0.0575237	0.000606235	0.00124705	0.000450249	0.000160985	0.0173274	0.0201241	0.159658	0.00842534	0.00616105
21	0.0460043	0.00103254	0.00106051	0.000227599	0.020654	0.0101609	0.000166124	0.352712	0.000255327	0.298051	0.043901	0.000744543	0.00495117	0.00108139	0.000169267	0.00461744	0.0160348	0.196725	0.000592903	0.000857853
22	0.167864	0.0080188	0.00283666	0.00261955	0.00462138	0.0362834	0.00154142	0.0434113	0.00277135	0.0175183	0.0102006	0.00426937	0.0266661	0.00399971	0.00208129	0.0738896	0.265989	0.319326	0.00148577	0.00460679
23	0.438781	0.0444733	0.00052669	0.000455115	0.000636051	0.0788117	0.000240354	0.00905971	0.000365543	0.00431719	0.000734387	0.00085042	0.00432827	0.000828635	0.000276946	0.336695	0.0541809	0.0239205	0.000142777	0.000375693
24	0.0493171	0.000970928	0.000364216	0.000305894	0.103005	0.0154334	0.000248612	0.227851	0.00271093	0.289389	0.0567922	0.0028264	0.00165358	0.000522702	0.000290327	0.00863622	0.0182328	0.195195	0.00305809	0.0231969
25	0.122946	0.00442748	0.08509	0.064188	0.0022835	0.0625446	0.0149465	0.00527356	0.128403	0.0172226	0.00236528	0.155439	0.00176235	0.034883	0.00415762	0.10919	0.175002	0.00671089	0.00111461	0.00204943
26	0.0830555	0.000252382	0.000570361	0.00044846	0.000595688	0.831232	0.000185589	0.00335213	0.000508934	0.00500539	0.00060581	0.00122534	0.000313501	0.00292136	0.00032198	0.051817	0.0121647	0.00321534	0.000185178	0.00202313
27	0.0477709	0.000981158	0.000437099	0.000313401	0.109083	0.0112342	0.000271657	0.21926	0.00248776	0.27226	0.0564655	0.0050551	0.00148413	0.00111089	0.000282076	0.00900904	0.0212481	0.214442	0.00247656	0.0243274
28	0.0845123	0.000462445	0.000285228	0.000302321	0.000595752	0.8292	0.000226467	0.00389222	0.000316739	0.00484517	0.000805889	0.000888976	0.000237628	0.00279322	0.000217913	0.0517638	0.012502	0.00396349	0.000156717	0.00203158
29	0.0497472	0.0150254	0.0505259	0.0236969	0.00649928	0.280625	0.0313889	0.00339984	0.0798224	0.00428195	0.00202936	0.0991775	0.00868716	0.0229389	0.0207163	0.264524	0.0292324	0.00490703	0.000381123	0.00239274
30	0.14338	0.00391305	0.00225158	0.00276875	0.00549576	0.0342175	0.00162112	0.120055	0.00212878	0.0405657	0.0342284	0.00484415	0.00300301	0.0232255	0.00175546	0.0478433	0.381436	0.141081	0.00122836	0.00495808
31	0.0238789	0.000580467	0.000738157	0.000458555	0.0248171	0.00313884	0.00188078	0.16608	0.000749148	0.460105	0.163719	0.000774344	0.00168438	0.00293681	0.000273978	0.00391362	0.0255983	0.113721	0.00184327	0.00310796
32	0.0834515	0.000243901	0.000249271	0.00029776	0.000467379	0.83305	0.000179298	0.00319837	0.000267113	0.00473763	0.000575892	0.000783561	0.00023464	0.00270941	0.000215241	0.0519872	0.0121707	0.00298478	0.000155071	0.00204089
33	0.0458598	0.00600024	0.050767	0.0737309	0.0436011	0.180852	0.0946919	0.00720323	0.0257377	0.0069885	0.00455532	0.050765	0.00365829	0.0268232	0.00677229	0.324501	0.0325099	0.0114607	0.000852626	0.0026688
34	0.0352382	0.00244251	0.000644149	0.000288213	0.0131572	0.00525279	0.000229926	0.39648	0.000310067	0.308869	0.0275917	0.000702874	0.00222692	0.00088519	0.000221559	0.00338562	0.0181331	0.182656	0.000610577	0.000674323
35	0.389951	0.00485954	0.00111588	0.00280189	0.00486077	0.172044	0.000649988	0.0718967	0.00253941	0.0473126	0.0138706	0.00179723	0.00114153	0.00232005	0.000676562	0.0747804	0.0932519	0.111379	0.000455131	0.00229655
36	0.0419126	0.00387981	0.000522856	0.000222719	0.0677116	0.0202174	0.000157005	0.225764	0.000676826	0.374626	0.0536114	0.000661688	0.0017966	0.000493793	0.000168836	0.0192861	0.0226868	0.155028	0.00704321	0.00353263
37	0.0264991	0.00418599	0.00039362	0.00033526	0.0187221	0.00179225	0.000196043	0.481515	0.000264372	0.120053	0.0266361	0.00164981	0.000839306	0.00111679	0.000201572	0.00625914	0.0187689	0.288543	0.000125415	0.00190302
38	0.0266461	0.000385292	0.000234683	0.000250332	0.0145213	0.00112184	0.000143882	0.543952	0.000230975	0.106583	0.030108	0.00182349	0.000465925	0.000980964	0.000163662	0.00761679	0.016324	0.246574	0.000131193	0.00174212
39	0.185014	0.0290455	0.00249677	0.00285401	0.0290842	0.313998	0.0020832	0.13963	0.00237183	0.0471822	0.0118567	0.00338087	0.00212911	0.00342673	0.00209352	0.0165999	0.0265661	0.17527	0.00126125	0.00365589
40	0.0257443	0.0212054	0.000341146	0.000414696	0.440351	0.0130945	0.00125793	0.0467614	0.000360069	0.290033	0.0322563	0.000744381	0.000379361	0.00058065	0.00410526	0.0103904	0.0173162	0.0506307	0.0139507	0.0300822
41	0.0842799	0.00030613	0.000556447	0.000397924	0.00062513	0.830029	0.000205344	0.00351295	0.000394779	0.00481851	0.000711589	0.000944984	0.000270478	0.00271219	0.000247949	0.0518706	0.0126138	0.00332257	0.000152871	0.00202699
42	0.288717	0.0363013	0.00108151	0.00087993	0.00116047	0.0702387	0.000504116	0.00772457	0.00105009	0.00709476	0.00437537	0.00185169	0.00254861	0.00250108	0.000540839	0.408735	0.141104	0.0220518	0.000380119	0.00115962
43	0.0312773	0.0278055	0.00218516	0.004723	0.00725905	0.0357704	0.0016998	0.403397	0.00206104	0.0472146	0.105207	0.00292704	0.00226803	0.00272631	0.00182273	0.0196095	0.0470542	0.250261	0.00160107	0.00313009
44	0.0196667	0.000259139	0.00030966	0.000373997	0.0910271	0.00350989	0.000318996	0.130407	0.000809414	0.609888	0.075756	0.002108	0.0004278	0.000456962	0.000249275	0.00394233	0.00387822	0.0425562	0.00250956	0.0115459
45	0.0843235	0.000385811	0.000273458	0.000314755	0.000537132	0.830988	0.000193312	0.00342146	0.000314783	0.00471939	0.000582036	0.000870899	0.000257086	0.00271033	0.000255193	0.0520432	0.012239	0.00336082	0.00017721	0.00203253
46	0.0187086	0.00103319	0.00785223	0.0116346	0.00291867	0.0243964	0.00158505	0.00653533	0.615398	0.00631762	0.00484236	0.015078	0.000856541	0.0167928	0.194741	0.0176328	0.0377859	0.0104255	0.00224367	0.00322189
47	0.0231759	0.000375549	0.000402214	0.000408393	0.0774489	0.00376861	0.000474036	0.125036	0.000403706	0.617266	0.0950082	0.00196848	0.000619453	0.000742803	0.00024588	0.00372355	0.00605626	0.03457	0.000684901	0.00762093
48	0.0340414	0.000785909	0.000501842	0.00047286	0.00310755	0.00212467	0.00363465	0.108933	0.000550448	0.433273	0.240737	0.000479725	0.000684389	0.0048258	0.000335637	0.00256609	0.0420159	0.119612	0.000472327	0.000846361
49	0.19105	0.00286708	0.00537983	0.161266	0.0370215	0.0122377	0.00277013	0.01435	0.0348084	0.0481374	0.00904487	0.00561019	0.00252546	0.00836462	0.0034337	0.266904	0.0616788	0.124123	0.0022603	0.00616726
50	0.0167399	0.00222797	0.227348	0.29156	0.00624844	0.0108399	0.00537393	0.0724435	0.0592417	0.0417127	0.00847614	0.037516	0.00281336	0.0361113	0.00568654	0.0439295	0.023753	0.101876	0.00107589	0.00502603
51	0.162908	0.0298924	0.00157407	0.0014535	0.0021294	0.0624186	0.000734862	0.00852937	0.00236111	0.0092699	0.00801565	0.00299991	0.0014623	0.00411353	0.000839766	0.468029	0.208259	0.0217152	0.000597601	0.00269715
52	0.083182	0.000243908	0.000250344	0.000298193	0.000577566	0.833012	0.000191645	0.00321812	0.000295513	0.0047337	0.000621951	0.00077345	0.000249457	0.00270403	0.000215364	0.0518756	0.0123138	0.00304903	0.000152604	0.00204179
53	0.549454	0.00261347	0.000479479	0.00281261	0.00113268	0.13395	0.000435096	0.0228273	0.00281032	0.0102319	0.00911964	0.0012738	0.00136023	0.000994237	0.000369101	0.111048	0.0923305	0.0557882	0.000204882	0.000764177
54	0.52272	0.0142825	0.000778454	0.001869	0.00106983	0.110997	0.000578943	0.0190699	0.00193357	0.00762509	0.00612485	0.00200286	0.00343402	0.00105796	0.000495865	0.18306	0.0813728	0.0408464	0.000153587	0.000527522
55	0.0131498	0.00141181	0.225156	0.0886672	0.00818638	0.0183758	0.0381828	0.0323516	0.0483172	0.0437346	0.022369	0.120959	0.000731131	0.0753582	0.0443403	0.0516081	0.138563	0.0119905	0.000385363	0.0161625
56	0.0155935	0.00220561	0.00300352	0.0277702	0.00444268	0.0309594	0.00658003	0.0362225	0.108643	0.0164427	0.0319394	0.00289599	0.00311123	0.14937	0.399391	0.0134286	0.108285	0.0352127	0.00111227	0.00339102
57	0.0256622	0.000324754	0.000183711	0.000249251	0.0136246	0.000712863	0.000129393	0.558796	0.000184869	0.0878986	0.0291591	0.00193733	0.000253399	0.000973562	0.000152038	0.00808062	0.0166341	0.253095	0.000103191	0.00184489
58	0.562332	0.0056934	0.000359704	0.00211121	0.000615166	0.0984171	0.000424627	0.0176903	0.00202773	0.00735122	0.00656449	0.000961915	0.0013336	0.000626534	0.00047358	0.146573	0.0963305	0.0495507	0.000133747	0.000429482
59	0.013112	0.00140743	0.225246	0.0885773	0.00815417	0.0184173	0.0379656	0.0323112	0.0483692	0.0437987	0.0222577	0.121084	0.000694474	0.0754256	0.0444086	0.0517234	0.138709	0.0120246	0.000382532	0.0159323
60	0.181576	0.0027988	0.00251	0.0045723	0.0269965	0.0442218	0.00286597	0.013185	0.050842	0.0117167	0.00735957	0.00651103	0.00625579	0.00504294	0.0266028	0.118664	0.370101	0.0665057	0.00099473	0.0506778
61	0.0366611	0.00190004	0.000347401	0.000227208	0.0912421	0.0119045	0.000263639	0.214251	0.00210815	0.346476	0.0574174	0.00180253	0.00127172	0.000518434	0.000171775	0.0115223	0.0191645	0.181279	0.0063399	0.0151317
62	0.0210951	0.00078147	0.00162853	0.000355634	0.010772	0.00323056	0.000235893	0.390512	0.000353053	0.237398	0.0901492	0.00105618	0.00505723	0.00155321	0.000263904	0.00788141	0.0255446	0.200815	0.000437002	0.000879618
63	0.53876	0.000806383	0.000604385	0.00279876	0.00104557	0.120624	0.000357233	0.0263282	0.00280408	0.0124032	0.0159226	0.000961448	0.000501468	0.00135783	0.000316391	0.111046	0.103062	0.0589005	0.00019273	0.00120757
64	0.0164554	0.000549736	0.00198095	0.000335309	0.00904001	0.00474542	0.000523659	0.33809	0.00047855	0.292184	0.125133	0.00061425	0.00637047	0.00170481	0.000226202	0.00607511	0.0254904	0.168544	0.000628534	0.000829384
65	0.156922	0.0400556	0.000416794	0.00042342	0.0117241	0.0229198	0.000438221	0.105161	0.000406982	0.177079	0.106993	0.000894188	0.000505039	0.000638702	0.000310678	0.0370829	0.0800043	0.255718	0.000179378	0.00212768
66	0.0610468	0.00796823	0.000208549	0.000228794	0.0947979	0.0299893	0.000175982	0.154146	0.000214854	0.4146	0.0341739	0.000348248	0.000524527	0.000286202	0.000148728	0.0270036	0.0291178	0.138388	0.00630333	0.000329589
67	0.228056	0.0106308	0.000870584	0.000884414	0.00802442	0.0473927	0.000772515	0.20122	0.00084077	0.08918	0.0162972	0.00157304	0.0043116	0.00334629	0.000614193	0.0326259	0.0972443	0.251918	0.000349229	0.00384813
68	0.0976239	0.00129766	0.000373937	0.000361796	0.000545437	0.806952	0.000197319	0.00329197	0.000296609	0.00467459	0.000680061	0.00111494	0.00123689	0.00272787	0.000233954	0.0607246	0.0121364	0.00334623	0.000163267	0.0020207
69	0.027915	0.022388	0.000344964	0.000417172	0.457852	0.0134608	0.00135945	0.0461173	0.000393931	0.254726	0.0285386	0.000795896	0.000372095	0.000624934	0.00436122	0.0125734	0.019802	0.0604576	0.0147759	0.0327243
70	0.0253703	0.000320562	0.000201262	0.000254861	0.0133957	0.000739007	0.00012826	0.560256	0.000195805	0.090328	0.0284967	0.00188861	0.000249892	0.000939012	0.000156337	0.00786578	0.0164849	0.250837	0.00010172	0.00179024
71	0.0370716	0.0282619	0.000604685	0.000674579	0.0456805	0.00254432	0.000507151	0.275743	0.00051261	0.0811439	0.00177057	0.00123763	0.000734213	0.000772965	0.000441319	0.00376282	0.0173523	0.496858	0.000303939	0.00402237
72	0.0839152	0.000972137	0.00130368	0.000755591	0.000730425	0.816817	0.00117184	0.00327392	0.00191123	0.00485938	0.000595624	0.00277098	0.000579848	0.00317974	0.000615068	0.058604	0.0123262	0.00330266	0.000170466	0.0021446
73	0.0250058	0.000986034	0.000766661	0.00025618	0.0369079	0.00516182	0.000246197	0.328764	0.000905705	0.343952	0.0561522	0.000640498	0.00278347	0.000687812	0.000187109	0.00526148	0.0143462	0.167046	0.00499377	0.00494907
74	0.150676	0.00521372	0.0153679	0.00841441	0.00160582	0.0447584	0.0151738	0.0268573	0.00270513	0.00510671	0.00227162	0.0373346	0.376671	0.0163775	0.00139276	0.215815	0.0573956	0.0147804	0.000382467	0.00169923
75	0.0359087	0.000823389	0.000522855	0.000477211	0.00289438	0.00233286	0.00432637	0.102225	0.000480157	0.434888	0.245834	0.00042854	0.000624047	0.00510003	0.000349662	0.00278161	0.0416814	0.117294	0.000191969	0.000835755
76	0.0232586	0.0168461	0.000600721	0.000519667	0.418982	0.010354	0.00228507	0.0572918	0.00147625	0.244278	0.0279507	0.000863285	0.000795738	0.0018861	0.00447847	0.0146851	0.0173604	0.0559308	0.0189305	0.0812263
77	0.0281605	0.0217519	0.000705032	0.000967347	0.427127	0.01066	0.00218362	0.0338918	0.000835565	0.19606	0.0198038	0.00115408	0.000859599	0.00211545	0.00339553	0.0284241	0.0183835	0.0468712	0.0213842	0.135265
78	0.0295885	0.00181061	0.232528	0.0853152	0.00553215	0.0223457	0.0285555	0.0195372	0.0541893	0.0289753	0.0137707	0.139749	0.00122915	0.0652226	0.0296082	0.0810545	0.140504	0.00919717	0.00171687	0.00957112
79	0.102707	0.0203623	0.00116372	0.00228119	0.00756333	0.00658253	0.000834212	0.188582	0.00132942	0.0396047	0.016331	0.00431991	0.00357676	0.00301539	0.000901759	0.0348937	0.0800756	0.483115	0.000653763	0.00210671
80	0.142101	0.00236277	0.000593507	0.000874324	0.000574829	0.722689	0.00032409	0.00516639	0.000934481	0.00511702	0.00166313	0.00245437	0.00136038	0.00289603	0.000383353	0.0761844	0.0241103	0.00812295	0.000162695	0.00192528
81	0.027691	0.000552133	0.000290147	0.000340162	0.10724	0.00667733	0.000279203	0.212859	0.00335703	0.316758	0.0616455	0.00269055	0.000987176	0.000489191	0.000274103	0.00720089	0.0162909	0.199341	0.006996	0.0280394
82	0.0295722	0.00365192	0.000631633	0.00033277	0.0189732	0.00310615	0.00021893	0.432798	0.000412327	0.194975	0.0334276	0.00167011	0.00176315	0.00118307	0.000288986	0.00558512	0.0173579	0.251689	0.000476839	0.00188584
83	0.0142412	0.000869098	0.00175916	0.000413599	0.00870305	0.00528658	0.000665826	0.33477	0.000478152	0.29609	0.13657	0.000645019	0.0053612	0.00189505	0.000299142	0.00699776	0.0250159	0.15813	0.000841883	0.000966774
84	0.0382331	0.00103135	0.00052362	0.000514914	0.00807976	0.00324969	0.00345173	0.0812273	0.000518476	0.464071	0.240584	0.000936647	0.000468715	0.00503227	0.000377489	0.00305326	0.0406214	0.106331	0.000185987	0.00150819
85	0.0525076	0.00108369	0.000793085	0.000603803	0.00965516	0.00509606	0.000334617	0.398656	0.000445873	0.126745	0.0399805	0.0120723	0.00134159	0.00844978	0.000367123	0.0140239	0.0179998	0.308317	0.000231375	0.00129561
86	0.0200564	0.00231401	0.00188117	0.0019155	0.0162844	0.00587232	0.00156524	0.0344899	0.00119519	0.0151563	0.00872757	0.00380576	0.831501	0.00249559	0.00100318	0.0232853	0.00997548	0.0156889	0.000845163	0.0019418
87	0.0291746	0.0025612	0.000577769	0.000367892	0.015234	0.00403895	0.00027136	0.387736	0.000424278	0.340965	0.0299745	0.000498751	0.00161189	0.000575959	0.000265847	0.00305013	0.014947	0.164677	0.00169289	0.00135472
88	0.0495924	0.00433994	0.000596934	0.000620426	0.0132972	0.00363241	0.000331074	0.408607	0.000327312	0.110719	0.0307253	0.0111012	0.00116628	0.00616534	0.000317005	0.0105652	0.0168697	0.329294	0.000168541	0.00156348
89	0.0227635	0.00953277	0.00162923	0.00211488	0.311013	0.00946558	0.0360509	0.0887673	0.0369179	0.167082	0.0619792	0.00274062	0.00618964	0.00309979	0.0399187	0.0310106	0.0291619	0.0457693	0.00766485	0.087129
90	0.143228	0.00282544	0.00178018	0.00260911	0.0203295	0.0190733	0.00136864	0.064868	0.00304534	0.0322989	0.0284577	0.0421757	0.00226799	0.00467926	0.00127494	0.246741	0.250575	0.127299	0.000876967	0.00422591
91	0.0369518	0.000657258	0.000407174	0.000262331	0.0142929	0.00287673	0.000152961	0.489238	0.000186274	0.145585	0.0335205	0.00257198	0.00125487	0.00166495	0.000153557	0.00707565	0.0162324	0.245343	0.000151459	0.00142175
92	0.627049	0.00338896	0.00319459	0.00309758	0.00379585	0.0451096	0.0218511	0.010378	0.00339459	0.0140099	0.00739889	0.00331543	0.00311711	0.021115	0.0187231	0.109265	0.0176009	0.0789579	0.00100906	0.0042281
93	0.0976813	0.0012389	0.0120096	0.0135206	0.00618317	0.014667	0.0176257	0.0496892	0.344694	0.0961611	0.050228	0.00154115	0.00173067	0.0579184	0.142339	0.00729167	0.013949	0.030323	0.000610051	0.0405981
94	0.121878	0.00480209	0.016932	0.00895576	0.00167272	0.0368079	0.0175506	0.0299325	0.00136761	0.00468277	0.00224818	0.0415293	0.409979	0.018378	0.000876365	0.218878	0.0494781	0.0123859	0.000392666	0.00127273
95	0.0266866	0.000348511	0.000356809	0.000360796	0.0941389	0.00689597	0.000635659	0.21983	0.00716995	0.320128	0.0752807	0.00210804	0.00112176	0.000625694	0.000677701	0.00856375	0.0173466	0.178741	0.00637781	0.0326063
96	0.0243882	0.00122107	0.000729896	0.000298545	0.048203	0.00670518	0.000593454	0.227569	0.00160126	0.374558	0.093369	0.000798449	0.00266665	0.00126207	0.000225232	0.0101407	0.0184016	0.173098	0.00729911	0.00687189
97	0.0360374	0.00202559	0.00265586	0.0066047	0.0871888	0.00658543	0.0658787	0.0495856	0.182185	0.111039	0.0579039	0.00277157	0.00532796	0.0146998	0.110181	0.0309196	0.0666354	0.0589923	0.00151571	0.101266
98	0.0362431	0.00115825	0.000822193	0.000289165	0.0264574	0.00803026	0.000314365	0.300905	0.000810729	0.341366	0.0548872	0.00105079	0.00331851	0.00131672	0.000181912	0.00497982	0.0140816	0.197678	0.00325739	0.00285066
99	0.524868	0.00215993	0.000532299	0.00278045	0.00122326	0.150558	0.000363341	0.0278306	0.00284354	0.0118775	0.0100535	0.000929313	0.000778776	0.00107518	0.000374425	0.108359	0.0924929	0.0594511	0.000231909	0.00121736
100	0.0261631	0.000599087	0.00209961	0.000302869	0.0139624	0.00575402	0.000246786	0.34874	0.000270396	0.288137	0.088892	0.000701488	0.00798279	0.0015362	0.00020359	0.00507655	0.0228016	0.185144	0.000624793	0.00076176
101	0.108744	0.0371757	0.0120703	0.00668402	0.00619089	0.0575276	0.0093342	0.062435	0.00484201	0.0167818	0.00798336	0.0236502	0.347368	0.0115242	0.00235658	0.157595	0.0828541	0.0399603	0.00139799	0.00352471
102	0.0770426	0.010504	0.000398096	0.000482138	0.00345369	0.00733869	0.00277249	0.0872805	0.000565669	0.358368	0.222329	0.00060625	0.000455787	0.0039404	0.000348724	0.011149	0.0571642	0.154524	0.000167832	0.00110877
103	0.181182	0.0291335	0.000476315	0.000453325	0.0124031	0.0616637	0.000296178	0.147199	0.000351008	0.172908	0.0551799	0.000636337	0.00056351	0.000689297	0.000269318	0.0252394	0.0605703	0.246943	0.000146121	0.00369615
104	0.496902	0.00520495	0.000629124	0.00261152	0.0012476	0.096117	0.000337992	0.0176495	0.00254815	0.0126745	0.0082507	0.0033369	0.00253882	0.00162435	0.000509248	0.167554	0.125807	0.0527962	0.000219025	0.00144183
105	0.521344	0.0255826	0.000442347	0.00103342	0.00062281	0.119209	0.000359203	0.00932544	0.000724443	0.00424675	0.00214775	0.00196045	0.00686425	0.000926495	0.000360137	0.224838	0.052562	0.0267123	0.000181085	0.000557559
106	0.144393	0.00684895	0.00267102	0.00303753	0.0270552	0.0149132	0.00221917	0.0770115	0.00217111	0.373694	0.166568	0.00399273	0.00167428	0.0063037	0.00164696	0.0179784	0.0387569	0.101258	0.000791441	0.00701559
107	0.177562	0.0014667	0.0140654	0.0401136	0.0283914	0.00770517	0.00148077	0.00883922	0.00247258	0.058373	0.0467221	0.0342064	0.00231864	0.0763884	0.00200691	0.139083	0.185987	0.0778058	0.000739934	0.0942726
108	0.230551	0.00963635	0.000955309	0.00108748	0.0034853	0.013884	0.000687285	0.139127	0.000922667	0.0431649	0.0254236	0.00249199	0.00553911	0.00497662	0.0008007	0.0493221	0.182683	0.279897	0.000514653	0.00484985
109	0.274499	0.00790176	0.00230026	0.00233432	0.00771996	0.0661101	0.00126649	0.0473527	0.00218514	0.0657706	0.101883	0.0077097	0.00234314	0.00549528	0.00139799	0.09037	0.175885	0.130158	0.000710299	0.00660692
110	0.0339893	0.00496891	0.00932175	0.0112656	0.0103634	0.0608188	0.358732	0.0248372	0.0142868	0.0264509	0.0194027	0.0131681	0.00524184	0.198386	0.0105412	0.0276316	0.125956	0.0311046	0.00277011	0.0107626
111	0.461394	0.0463641	0.000550663	0.000532149	0.000956957	0.141444	0.000378925	0.00652375	0.000677633	0.00390313	0.00102515	0.00144451	0.0126824	0.0011816	0.000408996	0.270068	0.0328424	0.016683	0.000256293	0.000682322
112	0.0296852	0.00111112	0.000316122	0.000356426	0.130123	0.00790544	0.00130208	0.203053	0.00401052	0.295822	0.0672946	0.00290752	0.00133656	0.000594756	0.000969676	0.00861828	0.0176523	0.183767	0.00534074	0.0378336
113	0.0230118	0.00105976	0.000689132	0.000292423	0.0549328	0.00631379	0.000267679	0.260175	0.0013496	0.370682	0.0643079	0.00069949	0.00262469	0.000767476	0.000227154	0.00769143	0.0143509	0.1743	0.00835685	0.00790041
114	0.016841	0.00244544	0.00157668	0.0014752	0.0184054	0.00564072	0.00124185	0.0375979	0.00131695	0.0203681	0.00995	0.0023032	0.828295	0.00259953	0.00112972	0.0170198	0.00975369	0.0175206	0.00144877	0.00306985
115	0.0455654	0.00377188	0.00541723	0.0036121	0.0110668	0.0136875	0.00513797	0.0304282	0.00093326	0.0114385	0.00612826	0.0121675	0.731353	0.00637685	0.000851814	0.0750926	0.0213446	0.0133183	0.00064094	0.00166713
116	0.0353868	0.00523421	0.0112323	0.0140401	0.0108932	0.0728844	0.347451	0.0246212	0.0107051	0.0244849	0.0157335	0.0140241	0.00465934	0.203033	0.00816592	0.0310526	0.123353	0.0294588	0.00294222	0.0106447
117	0.0204242	0.00257632	0.00190221	0.00185249	0.0169264	0.00647115	0.00158876	0.035882	0.00113127	0.0149514	0.00947045	0.00360661	0.826825	0.00271028	0.00092068	0.0241622	0.0102744	0.0155114	0.000855408	0.00195691
118	0.132364	0.00404055	0.00066892	0.000984447	0.000680515	0.73806	0.00034876	0.00364584	0.000758567	0.00480612	0.000901753	0.0025956	0.00291838	0.00256827	0.000384923	0.0827219	0.0143114	0.00505861	0.000180093	0.00200084
119	0.113742	0.00561595	0.01381	0.0079355	0.00358718	0.0302528	0.0139302	0.0375106	0.00110166	0.00535943	0.00356202	0.0330979	0.463235	0.015124	0.000949087	0.182075	0.0512407	0.0160249	0.000488241	0.00135889
120	0.0486295	0.00447246	0.000459864	0.000474996	0.00236766	0.0032566	0.00325534	0.0969863	0.000467022	0.402657	0.238578	0.000570533	0.000654946	0.00469359	0.000341183	0.00546622	0.051681	0.134113	0.000152437	0.000723089
121	0.385312	0.00149608	0.00393251	0.00206764	0.0307773	0.0512223	0.00129738	0.111323	0.0015327	0.0515193	0.0492279	0.00225165	0.00126782	0.0335368	0.00127796	0.0210764	0.0898466	0.123683	0.000840318	0.0365107
122	0.156753	0.0393279	0.00045134	0.000441215	0.012935	0.0257498	0.000387036	0.111709	0.000412617	0.178037	0.0975676	0.000918626	0.000510206	0.000591134	0.00032115	0.0368895	0.07835	0.256214	0.000275416	0.00215861
123	0.244588	0.0091368	0.000998703	0.00128373	0.00256305	0.0100528	0.000640192	0.156924	0.000921288	0.0394104	0.0134035	0.00203577	0.00928931	0.00286445	0.000706869	0.0704527	0.140045	0.290854	0.000392179	0.00343735
124	0.540155	0.00462852	0.000739882	0.00278318	0.00132871	0.113573	0.000522852	0.0248114	0.00239819	0.0133851	0.00995307	0.00172644	0.00182801	0.00171003	0.000512904	0.121435	0.0964698	0.0603731	0.000272827	0.00139302
125	0.0357172	0.00125123	0.355438	0.0600231	0.00251485	0.0109088	0.0247923	0.00515484	0.0013475	0.0114347	0.00330731	0.23376	0.012107	0.00257773	0.00303049	0.159346	0.0575588	0.0118241	0.00607838	0.00182742
126	0.0289263	0.000444139	0.00248998	0.000310347	0.014469	0.0061041	0.000229093	0.341058	0.000279884	0.282181	0.0903443	0.000856672	0.00828702	0.00177838	0.000203527	0.00534609	0.0230285	0.192581	0.000505193	0.000577552
127	0.107362	0.00353132	0.00088387	0.00083395	0.00088968	0.754277	0.000413207	0.00442124	0.00108397	0.00766194	0.00159134	0.00227199	0.00204085	0.00288732	0.000569693	0.0842446	0.0168872	0.0057824	0.000202667	0.0021636
128	0.0136568	0.00149098	0.00222308	0.0493289	0.00730136	0.00603075	0.0674233	0.0655475	0.207111	0.108364	0.0933109	0.00192479	0.0149348	0.095638	0.0794075	0.0334817	0.113394	0.0299903	0.00083273	0.00860791
129	0.110918	0.0128364	0.00187102	0.00134589	0.00751525	0.012481	0.000757553	0.134756	0.00109526	0.11389	0.049001	0.0205341	0.00240573	0.0107931	0.000830951	0.0248523	0.087271	0.40317	0.00082535	0.00284945
130	0.0198752	0.00036453	0.000363043	0.000355307	0.0816535	0.00379555	0.000365144	0.140512	0.00124525	0.578328	0.0827768	0.00188613	0.000565973	0.000658794	0.000320598	0.00437915	0.00586032	0.059951	0.00332997	0.013414
131	0.0605143	0.00767745	0.000210327	0.000224353	0.0932555	0.0296294	0.000172012	0.154765	0.000269328	0.415609	0.0352088	0.000371	0.000569975	0.000302274	0.000147415	0.0262433	0.0283502	0.139316	0.00651977	0.000644472
132	0.0143071	0.00377659	0.00121227	0.00123783	0.312492	0.00351416	0.00121688	0.027662	0.00100518	0.152692	0.00385245	0.00154724	0.00117511	0.00655804	0.00110526	0.02688	0.0108575	0.0206819	0.0479529	0.360274
133	0.0834515	0.000243901	0.000249271	0.00029776	0.000467379	0.83305	0.000179298	0.00319837	0.000267113	0.00473763	0.000575892	0.000783561	0.00023464	0.00270941	0.000215241	0.0519872	0.0121707	0.00298478	0.000155071	0.00204089
134	0.0434936	0.00432178	0.000213219	0.000189489	0.0974008	0.0190212	0.000165111	0.185455	0.00115168	0.385473	0.0467809	0.000892031	0.000461299	0.000319615	0.000140275	0.0207505	0.0229176	0.155766	0.00666945	0.00841844
135	0.0356696	0.00262191	0.000487603	0.000310031	0.010564	0.00462324	0.000184704	0.406524	0.000282897	0.31665	0.0211401	0.000406484	0.0018083	0.000610229	0.000281562	0.00260073	0.0148591	0.179784	0.000247081	0.000344775
136	0.0595278	0.0311323	0.000577781	0.000921665	0.0320262	0.00331404	0.000577687	0.256101	0.000639026	0.0709362	0.00409513	0.00191389	0.00105153	0.000932309	0.000470936	0.00807385	0.0284298	0.495911	0.000321147	0.00304712
137	0.547748	0.000775032	0.000391058	0.00297836	0.000714984	0.124427	0.000279596	0.0246079	0.00292311	0.0107094	0.0112046	0.000901464	0.000403004	0.000709824	0.000247326	0.111953	0.100027	0.0581735	0.000156384	0.000670391
138	0.0260109	0.00620838	0.000271148	0.000337857	0.0282913	0.0011858	0.00020014	0.477986	0.00025328	0.0921941	0.019147	0.00138332	0.000347576	0.000919147	0.000193304	0.00587085	0.0167259	0.320057	0.00011775	0.00229932
139	0.0194976	0.00190103	0.00128743	0.00218761	0.0406098	0.00602762	0.0016243	0.0994845	0.00147856	0.045323	0.0280525	0.00256917	0.662584	0.00200919	0.00158337	0.0137985	0.0119921	0.0519012	0.00193253	0.00415612
140	0.522609	0.00122178	0.000572531	0.0025944	0.00107955	0.102151	0.000478211	0.028936	0.00253471	0.010611	0.0110306	0.00153997	0.0011774	0.00130977	0.000382924	0.115622	0.135083	0.0599706	0.000255214	0.000840678
141	0.171826	0.0331917	0.000425753	0.00041935	0.011087	0.0467847	0.000357575	0.132244	0.000366654	0.166754	0.078334	0.000857802	0.000526438	0.000769004	0.000306393	0.0319503	0.0717248	0.249336	0.000145356	0.00259315
142	0.0262351	0.000283274	0.000189712	0.000258655	0.0138783	0.00070843	0.000129451	0.558289	0.000193853	0.0885339	0.0291538	0.00194454	0.000241147	0.000971354	0.00014899	0.00814344	0.0164639	0.252239	0.000105257	0.00188935
143	0.0370252	0.00425117	0.00042505	0.000361157	0.00976633	0.00456022	0.000275487	0.414131	0.000326438	0.312019	0.0147536	0.000589631	0.00126769	0.000627072	0.000300897	0.00232842	0.0141892	0.18209	0.00023874	0.000473511
144	0.520016	0.0325324	0.000509476	0.000654243	0.000567495	0.113318	0.000555765	0.00646675	0.000332802	0.00334834	0.000888093	0.00171672	0.00823297	0.00105736	0.000572411	0.246973	0.0395454	0.0222037	0.000119902	0.000389871
145	0.0826874	0.000680356	0.00107829	0.000545298	0.00100809	0.818018	0.000446861	0.00432302	0.000583976	0.00583223	0.000959512	0.00222102	0.000648628	0.00322158	0.000536593	0.0526235	0.0171849	0.0048896	0.000173239	0.00233817
146	0.0270597	0.0025045	0.00638582	0.00529996	0.0428848	0.015079	0.00870113	0.191436	0.00391722	0.238123	0.0415261	0.00645361	0.0925696	0.00672789	0.00313361	0.0194105	0.0235774	0.166541	0.0434455	0.0552232
147	0.0117735	0.000318773	0.000285424	0.000326103	0.0693269	0.00305351	0.000269468	0.22403	0.00225653	0.400659	0.0619755	0.000692376	0.00139577	0.000618715	0.000239395	0.00664069	0.0101463	0.176653	0.016622	0.0127171
148	0.0143514	0.00388758	0.00121472	0.00124613	0.312605	0.00352378	0.00121188	0.0275291	0.00101629	0.152662	0.00384216	0.00155489	0.00115893	0.00652542	0.0011008	0.0271305	0.0109461	0.0206453	0.0477781	0.36007
149	0.262123	0.00243662	0.0031806	0.00515732	0.00353476	0.169594	0.00300868	0.00947135	0.009927	0.0259767	0.00942953	0.0464985	0.0399598	0.00401664	0.00837948	0.186312	0.169929	0.0356354	0.000587394	0.00484204
150	0.421231	0.0323424	0.0012532	0.00122026	0.000807542	0.0833518	0.000383507	0.00895149	0.000643685	0.00572277	0.00211074	0.0036797	0.00423909	0.00155537	0.000398422	0.32618	0.0737145	0.0315083	0.000193255	0.000512869
151	0.030154	0.000289775	0.000234003	0.000296019	0.110412	0.00688954	0.000242745	0.212671	0.00299447	0.318289	0.0591147	0.00282328	0.000850093	0.000405343	0.000236353	0.00690062	0.0163823	0.196618	0.00709621	0.0270996
152	0.0630098	0.00756417	0.00026312	0.000283826	0.10532	0.0292518	0.000221037	0.148602	0.00023896	0.401357	0.0329054	0.000706783	0.000486372	0.000439577	0.000166534	0.0284482	0.0314902	0.140997	0.0064954	0.00175243
153	0.197788	0.0438763	0.00159698	0.0020366	0.00432176	0.0137005	0.001687	0.141579	0.00179345	0.0192319	0.0083684	0.00353788	0.0371918	0.00351013	0.00144052	0.110242	0.181955	0.222428	0.000865479	0.00284937
154	0.263616	0.0131289	0.001633	0.00139183	0.00281875	0.00774128	0.00118114	0.200114	0.00141795	0.0206576	0.00675206	0.00251574	0.0224848	0.0020234	0.00128216	0.0979155	0.0923798	0.257819	0.000829554	0.00229697
155	0.0358499	0.000835444	0.000475703	0.000456211	0.0029922	0.00213443	0.00375129	0.0956274	0.000478761	0.441791	0.247251	0.000520469	0.000536811	0.00516014	0.000359839	0.00255356	0.0431302	0.115136	0.000237825	0.000722348
156	0.0596673	0.00748736	0.000225657	0.000294496	0.0950861	0.0281557	0.000175266	0.154632	0.000394054	0.413678	0.0368183	0.00051016	0.000488187	0.000311291	0.0001517	0.0271833	0.0282716	0.1387	0.00623625	0.00153319
157	0.0487103	0.00257031	0.00528675	0.00332028	0.0111159	0.0129594	0.00495521	0.0307125	0.000973335	0.0116366	0.00655275	0.0116799	0.738147	0.00647542	0.000901631	0.06775	0.0204734	0.0135352	0.000532534	0.00171122
158	0.064428	0.00171864	0.00210991	0.00111055	0.030221	0.0156486	0.000604085	0.297195	0.00110621	0.24339	0.0582565	0.00232819	0.0196581	0.00263732	0.000408167	0.0076844	0.0197786	0.227218	0.00132105	0.00317713
159	0.0831591	0.00232666	0.000648593	0.00031892	0.0505671	0.0253767	0.000211596	0.294054	0.000554277	0.261866	0.0338946	0.00170111	0.00433899	0.000875547	0.000238461	0.00492698	0.0165036	0.212351	0.000401282	0.00568524
160	0.0226885	0.000510419	0.000301905	0.000397326	0.0884563	0.00476373	0.000274961	0.107954	0.00033718	0.656052	0.0788246	0.00225492	0.000257019	0.000473132	0.000241506	0.00409408	0.00324081	0.0197839	0.000497997	0.00859586
161	0.0216136	0.000923321	0.00129909	0.000368544	0.014644	0.00499749	0.000309773	0.391187	0.000526256	0.267183	0.0867254	0.000859287	0.00408383	0.00123368	0.000337389	0.00611584	0.0198666	0.174374	0.00123829	0.00211296
162	0.183272	0.0118025	0.00225163	0.00201119	0.00825507	0.111025	0.00108685	0.134428	0.00133367	0.148488	0.0259492	0.00305818	0.0019271	0.00380711	0.00104567	0.0486776	0.113948	0.193159	0.000743275	0.00373105
163	0.0247579	0.0229243	0.000363592	0.000456464	0.481826	0.0141214	0.00144122	0.0411805	0.000356649	0.248668	0.0288813	0.000661859	0.000448468	0.000655489	0.00452479	0.0110584	0.0195251	0.0513977	0.0155772	0.0311743
164	0.0439025	0.00115816	0.000878633	0.000213382	0.022586	0.00825009	0.000150685	0.366002	0.000254608	0.293915	0.0393669	0.000713774	0.00409329	0.000987899	0.000172115	0.00386981	0.0157167	0.196125	0.000691381	0.000952185
165	0.0876632	0.000272498	0.000252467	0.000320619	0.000464818	0.827129	0.000186428	0.00343244	0.000300592	0.00482466	0.000657041	0.000786806	0.000231058	0.00268601	0.000210078	0.0521596	0.0127163	0.00353037	0.000158833	0.00201769
166	0.0495878	0.00105384	0.19532	0.0894392	0.00260914	0.00718779	0.0237447	0.00536756	0.00753659	0.0171172	0.00325632	0.282801	0.00685074	0.00473448	0.00156587	0.184195	0.0971357	0.00650417	0.0116754	0.00231718
167	0.124676	0.00502779	0.0182447	0.0103449	0.00190271	0.0363706	0.0165569	0.0291343	0.000961666	0.00523875	0.00235375	0.0391544	0.407293	0.0178806	0.000772072	0.217352	0.0519611	0.0130189	0.000452201	0.00130389
168	0.0803844	0.00153632	0.0704768	0.0237746	0.0035047	0.0679143	0.00154251	0.166409	0.00169761	0.136179	0.0207591	0.0351504	0.0348916	0.00670938	0.00140778	0.0620499	0.0435379	0.221749	0.00203172	0.0182934
169	0.0325583	0.00273199	0.000534798	0.00411644	0.0111498	0.00460363	0.000356797	0.429952	0.000625034	0.0530152	0.0659516	0.00173508	0.000803025	0.00116723	0.000481393	0.0124589	0.0526007	0.32347	0.00035963	0.00132828
170	0.543988	0.0219122	0.000480623	0.00108832	0.000666168	0.0921278	0.000816028	0.0122927	0.000870691	0.00465221	0.00265732	0.00132778	0.00392043	0.00127163	0.0008452	0.222553	0.0540807	0.0339233	0.000145667	0.000381014
171	0.0382759	0.000944715	0.000466434	0.000661293	0.00266202	0.00230379	0.00384768	0.0864162	0.000792401	0.438086	0.253138	0.000969434	0.000517466	0.00543902	0.000443508	0.00352576	0.0484381	0.111866	0.000139396	0.00106634
172	0.0614506	0.0076035	0.000224351	0.000227899	0.0985501	0.0296542	0.000175527	0.154857	0.00022082	0.40686	0.034143	0.000516477	0.000510533	0.000305445	0.00015564	0.0262992	0.0299132	0.140638	0.00607788	0.00161699
173	0.0361222	0.00301613	0.000437702	0.00037153	0.00998247	0.00481172	0.000216395	0.412893	0.000329347	0.318663	0.0166817	0.000479692	0.00142125	0.000542502	0.000287	0.0024695	0.0146894	0.175944	0.00025996	0.000381847
174	0.520669	0.0282914	0.000360088	0.000743407	0.000488185	0.104209	0.000337412	0.00874023	0.000571531	0.00366412	0.00158411	0.00132024	0.0059921	0.000755016	0.000300014	0.244741	0.0514852	0.0252842	0.000111946	0.000351791
175	0.132685	0.0414044	0.000480144	0.00064063	0.00797732	0.015322	0.000457963	0.100945	0.00056077	0.144493	0.0708737	0.00259308	0.000480951	0.000994648	0.000395749	0.025634	0.106257	0.345634	0.000350439	0.00181934
176	0.05999	0.00791963	0.000210815	0.000231459	0.0944304	0.0295876	0.000171243	0.154489	0.000235572	0.415164	0.0347611	0.000350938	0.000522051	0.00028639	0.000152986	0.0267336	0.0286883	0.139022	0.00657917	0.000473794
177	0.0410017	0.00227291	0.000712182	0.000711895	0.169814	0.00956038	0.000571182	0.143474	0.00161986	0.228515	0.0245555	0.0076798	0.000824446	0.000799324	0.00053468	0.00963754	0.034961	0.277465	0.000436941	0.0448529
178	0.563381	0.0272662	0.000323205	0.00070528	0.000606187	0.102373	0.00101766	0.0075266	0.000518157	0.00341354	0.00144743	0.00089566	0.00718091	0.00112251	0.00105513	0.210813	0.044449	0.0253604	0.000153866	0.000391528
179	0.0364575	0.000460787	0.000344063	0.000397305	0.113835	0.0107503	0.000564517	0.215641	0.00525289	0.276217	0.0724339	0.0031719	0.000978057	0.000531304	0.000621756	0.0104385	0.0204439	0.189728	0.00320616	0.0385262
180	0.451515	0.0448874	0.000514288	0.000453002	0.000716862	0.117933	0.000290199	0.00733151	0.000434685	0.00380972	0.000804943	0.00110766	0.00902051	0.000870638	0.000366399	0.300695	0.0397303	0.0188497	0.000183371	0.000486259
181	0.0580751	0.00428158	0.000314589	0.000261615	0.10339	0.019991	0.000253165	0.196634	0.00106947	0.330004	0.0382755	0.00217981	0.00116795	0.000397082	0.000199495	0.0158663	0.0256674	0.18537	0.00367448	0.012927
182	0.180435	0.00442645	0.0100881	0.0174855	0.00406758	0.201767	0.019954	0.00573312	0.105253	0.02056	0.00605197	0.0422145	0.0544351	0.0061119	0.0540395	0.155563	0.0742686	0.0208474	0.000789661	0.0159076
183	0.12296	0.00485902	0.0172822	0.00910324	0.00170502	0.0366454	0.0176129	0.0304252	0.00101161	0.00449706	0.0021922	0.0406028	0.40944	0.0190005	0.000861196	0.217529	0.0500582	0.0125822	0.000393869	0.00123767
184	0.0276068	0.000337793	0.000186199	0.000268917	0.013642	0.000846181	0.000127885	0.552531	0.000197939	0.094079	0.0286909	0.00195657	0.000294937	0.000969432	0.000149892	0.00847517	0.016829	0.250883	0.000104143	0.00182388
185	0.54736	0.0149563	0.000401929	0.00166481	0.000506188	0.1153	0.00035923	0.0143506	0.00144461	0.0063455	0.0048478	0.00130997	0.00470015	0.000612474	0.000359897	0.175544	0.0721015	0.0373504	0.00014865	0.000336907
