248	20
1	0.282394	0.000496717	0.0456892	0.0444431	0.000658071	0.0444379	0.0211614	0.0112099	0.0275919	0.0106763	0.0120656	0.0692336	0.000526885	0.0366209	0.0708773	0.223932	0.066877	0.0301901	0.0002098	0.000708039
2	0.0974164	0.00599515	0.0339835	0.0945173	0.00694619	0.0305015	0.0273207	0.0190594	0.0260244	0.0140864	0.0040968	0.0301639	0.321971	0.0395724	0.016776	0.112553	0.088153	0.0246368	0.000774488	0.00545152
3	0.0310141	0.00212065	0.00274919	0.000620114	0.00228074	0.000665458	0.000643749	0.329628	0.00172197	0.0339269	0.0117745	0.000711925	0.00508821	0.00174987	0.00118894	0.0225321	0.0214003	0.529647	0.00015446	0.000381355
4	0.032537	0.00201222	0.00393607	0.000721516	0.000850641	0.000877505	0.000673418	0.282376	0.000959814	0.0225148	0.0117161	0.000843432	0.00732551	0.00186865	0.000966176	0.0308147	0.0227296	0.575637	0.000177571	0.00046291
5	0.00339511	0.00191139	0.00463501	0.02128	0.00067003	0.00814342	0.0236899	0.00757426	0.33304	0.00806998	0.00738362	0.0238265	0.00360014	0.0649688	0.437483	0.00351472	0.033985	0.0120048	0.000223202	0.000601307
6	0.0381114	0.00414927	0.00094022	0.00115592	0.293515	0.00683857	0.0176615	0.0741853	0.00471206	0.161382	0.0801611	0.00871537	0.000779792	0.0143461	0.00133281	0.0105978	0.0204525	0.0507579	0.000460077	0.209746
7	0.0186189	0.00533235	0.000250348	0.000271291	0.0123668	0.00031262	0.000527547	0.462576	0.000402991	0.113026	0.0193484	0.000642229	0.000307591	0.000793441	0.00162163	0.00635457	0.00677662	0.349675	0.000317131	0.000479195
8	0.0300486	0.0015328	0.176183	0.0828634	0.014455	0.0165276	0.0973214	0.00344553	0.0678598	0.010883	0.00220737	0.236717	0.00143614	0.0845469	0.0608982	0.0487561	0.0511698	0.00418758	0.000986784	0.00797477
9	0.0153686	0.000504334	0.000325154	0.00113399	0.039871	0.000389026	0.00442297	0.39395	0.000509688	0.285357	0.0414499	0.000644371	0.000294148	0.00112212	0.00158629	0.00118331	0.0150491	0.181574	0.00739719	0.00786702
10	0.00236783	0.000480589	0.000433378	0.00154517	0.0627438	0.000489302	0.00123794	0.0392188	0.00259367	0.717267	0.0942082	0.000497038	0.000615393	0.00634509	0.00367819	0.000781018	0.0019432	0.0522521	0.004786	0.00651601
11	0.0497878	0.000947796	0.001671	0.0531655	0.0149275	0.0201014	0.0220377	0.155623	0.0204546	0.185643	0.0833404	0.0249333	0.000720576	0.0569247	0.0407483	0.0490257	0.0742433	0.129399	0.000281288	0.0160248
12	0.0366338	0.00121112	0.215133	0.181981	0.0130665	0.0103681	0.0454522	0.00749325	0.0681956	0.0191206	0.00247416	0.085767	0.0015097	0.0848726	0.0853822	0.0872074	0.0286707	0.00492362	0.000772919	0.0197642
13	0.809402	0.00835222	0.000591945	0.000741024	0.000543952	0.0559753	0.000665233	0.00124247	0.000704126	0.00298424	0.00103197	0.00102062	0.000503456	0.00084196	0.000717327	0.0910725	0.0085399	0.0144518	0.000221742	0.000396288
14	0.0154372	0.000501854	0.000314057	0.00121396	0.0439347	0.000364675	0.0049205	0.394635	0.000439972	0.280554	0.0413069	0.000577932	0.000209999	0.00123033	0.0015216	0.00122394	0.0141045	0.180986	0.00783634	0.00868647
15	0.0152563	0.00104918	0.0568295	0.106771	0.00131123	0.244464	0.0253992	0.00245618	0.144027	0.00401891	0.00159098	0.0790577	0.000770891	0.0999779	0.138002	0.0692072	0.00539268	0.00304409	0.000403408	0.000969777
16	0.539943	0.0149743	0.00112756	0.00126404	0.00131319	0.0363056	0.0014629	0.00330521	0.00149904	0.00687023	0.00343917	0.00226176	0.000859879	0.00142184	0.001593	0.184643	0.1157	0.080649	0.000397813	0.00096973
17	0.259521	0.0136321	0.0210892	0.00737236	0.00132705	0.0493401	0.0025802	0.00400152	0.00174358	0.00415888	0.00464438	0.0123707	0.00211559	0.00786902	0.00375831	0.395868	0.181707	0.0256053	0.000525994	0.000769938
18	0.00889736	0.00138054	0.793823	0.020866	0.0065894	0.0164547	0.00534929	0.00282297	0.00278891	0.00442232	0.00223617	0.0946737	0.0017731	0.00635626	0.00357476	0.0140946	0.00768147	0.0044546	0.000605479	0.00115544
19	0.0124189	0.00355192	0.000266784	0.00031114	0.0133118	0.000318244	0.000528015	0.504174	0.000469998	0.106101	0.0206156	0.000434717	0.000188675	0.000850685	0.00127481	0.00472941	0.00693394	0.322669	0.000357729	0.000493573
20	0.041267	0.0359583	0.0180575	0.0255611	0.0161227	0.018625	0.517498	0.0280295	0.0253325	0.0347071	0.0173599	0.0251413	0.0125951	0.0305782	0.0326698	0.0412435	0.0272759	0.0323308	0.00309734	0.0165498
21	0.0157783	0.00187548	0.000526616	0.00135345	0.119556	0.000521772	0.00369812	0.324167	0.000677667	0.257742	0.0669802	0.000713706	0.000382554	0.00135402	0.000979823	0.00428077	0.0136217	0.162788	0.0107056	0.0122976
22	0.0132129	0.00177235	0.277582	0.292268	0.0046819	0.00436591	0.0536516	0.0114687	0.0126579	0.00716843	0.00290657	0.157172	0.00446232	0.0656909	0.0124406	0.0393427	0.00956983	0.0246618	0.000812806	0.00411011
23	0.126774	0.0940207	0.00608027	0.0118018	0.0314765	0.00680527	0.00829568	0.0109457	0.0327918	0.0111964	0.00619496	0.035556	0.324376	0.0348858	0.00802207	0.0759174	0.124929	0.0446143	0.00124098	0.00407528
24	0.0397847	0.00198423	0.0345782	0.0551553	0.155995	0.0506786	0.00593699	0.0066358	0.0442424	0.0840103	0.0738918	0.020483	0.00336965	0.114781	0.0961688	0.0400363	0.0374802	0.0196773	0.000893802	0.114216
25	0.0442125	0.00273765	0.0266354	0.0725215	0.00139662	0.00522984	0.0217663	0.0889635	0.0951809	0.0908128	0.0353891	0.0694125	0.00427136	0.0702788	0.161789	0.0372671	0.0572042	0.0987144	0.00540861	0.0108082
26	0.0153081	0.00409128	0.000408736	0.000245373	0.0107874	0.000290445	0.000274165	0.462351	0.000481434	0.0878058	0.0176065	0.000374156	0.000523219	0.000829255	0.00114083	0.00667994	0.00727884	0.383305	7.5305e-05	0.000142827
27	0.0237489	0.0152629	0.00346833	0.0113185	0.00837104	0.00576764	0.0179106	0.00728536	0.148834	0.0286689	0.00941651	0.0109334	0.00380297	0.033165	0.595235	0.0258108	0.0189662	0.0102879	0.00212395	0.0196213
28	0.0392476	0.00415384	0.00089805	0.000980791	0.310479	0.00954176	0.0270839	0.0535312	0.00596181	0.086639	0.0654195	0.011386	0.000747117	0.014403	0.00110872	0.0110443	0.0261128	0.0447193	0.00027487	0.286268
29	0.0111034	0.0285811	0.00120911	0.00427332	0.00656736	0.00805615	0.00503477	0.00230592	0.0903459	0.00703141	0.00138825	0.0037799	0.00440496	0.00309621	0.79942	0.00826858	0.00732612	0.00328653	0.000418233	0.00410294
30	0.00366943	0.00692459	0.000941169	0.00122554	0.00121825	0.00120811	0.00654636	0.529212	0.0244697	0.0211232	0.0123815	0.00154786	0.000553621	0.00803141	0.0187342	0.00304491	0.028073	0.329989	0.000349792	0.000755978
31	0.0152183	0.00459787	0.696126	0.0314471	0.0325968	0.0126739	0.00883673	0.00857775	0.00834202	0.0114532	0.00612138	0.084567	0.00618195	0.0131336	0.00949382	0.0211465	0.0120659	0.0112916	0.00149851	0.00463045
32	0.00400668	0.000545379	0.0494123	0.0090603	0.000864361	0.8916	0.00447985	0.00132906	0.000969067	0.00244035	0.00110612	0.00926361	0.00114349	0.00112846	0.00760435	0.0101438	0.00193427	0.00201787	0.000160069	0.000791059
33	0.0274122	0.0144979	0.0132464	0.025606	0.00658169	0.00103223	0.00457569	0.186845	0.0373727	0.101938	0.0682347	0.0145007	0.00052996	0.0493322	0.0345103	0.019946	0.0922155	0.299631	0.000237652	0.00175437
34	0.00732406	0.0230507	0.000641317	0.000759202	0.00661138	0.000766222	0.000933551	0.124814	0.000881619	0.465326	0.304765	0.00355486	0.000511945	0.00115284	0.0034796	0.0029747	0.00821667	0.0404972	0.000552676	0.00318763
35	0.0369652	0.00108088	0.00860413	0.0741709	0.0171825	0.0014691	0.160705	0.0232902	0.110379	0.0323307	0.0259237	0.0163286	0.00064173	0.147322	0.146262	0.0492113	0.0223951	0.0494867	0.00448317	0.0717678
36	0.237699	0.00219241	0.00328	0.00346187	0.0034405	0.128295	0.00400078	0.00546725	0.131163	0.00710063	0.00349755	0.0236218	0.17186	0.072712	0.0542822	0.107953	0.00713457	0.0293314	0.000952252	0.00255472
37	0.0152974	0.000425591	0.000315633	0.00112878	0.0405282	0.000370694	0.00452126	0.395877	0.000433663	0.281351	0.0418679	0.000548492	0.000216748	0.0011673	0.00153641	0.00119325	0.0145427	0.183426	0.00726287	0.00798806
38	0.149145	0.0324773	0.00151003	0.00175651	0.0014969	0.0240249	0.00181927	0.314921	0.00204171	0.045785	0.0105457	0.0201474	0.00950897	0.00372528	0.00201077	0.0779329	0.0903464	0.208795	0.000873339	0.00113712
39	0.237605	0.000610915	0.00542978	0.0015241	0.000986096	0.010268	0.021597	0.00213852	0.00114188	0.0129362	0.00208598	0.0216962	0.000540917	0.00251416	0.0099816	0.578983	0.0828509	0.00625425	0.000280237	0.000575315
40	0.0122488	0.0299916	0.00147841	0.00393122	0.00838796	0.00767692	0.00420019	0.00235448	0.0921995	0.00704467	0.00184336	0.00341686	0.00428196	0.00306861	0.794184	0.00787347	0.00737623	0.00355317	0.00045374	0.00443449
41	0.0151403	0.000451635	0.000306166	0.00123759	0.0444944	0.0003622	0.00479053	0.393442	0.000433367	0.282399	0.0417834	0.000543441	0.00020211	0.00124017	0.00149803	0.0011453	0.0141658	0.17989	0.00777067	0.00870479
42	0.0329737	0.00786954	0.0190276	0.0253892	0.0117332	0.0141138	0.0324929	0.0216546	0.314421	0.0339944	0.016167	0.038235	0.0161487	0.0410377	0.197776	0.0412079	0.0898779	0.0303595	0.00266408	0.0128562
43	0.0152678	0.00398768	0.000257448	0.000281994	0.0134139	0.000292318	0.000589946	0.478946	0.000374878	0.113934	0.0224071	0.000379433	0.000147253	0.000855753	0.001378	0.00542776	0.00759363	0.333272	0.000565245	0.000627953
44	0.00636038	0.018652	0.000513393	0.000639613	0.00393116	0.00064355	0.00056347	0.135185	0.000732176	0.467629	0.306134	0.00364525	0.000348402	0.000686948	0.00343498	0.00125988	0.00755905	0.0389874	0.000156869	0.00293721
45	0.448678	0.0283958	0.000874541	0.00108019	0.000846902	0.0663489	0.000933338	0.00456377	0.00128914	0.0018355	0.00934694	0.00388166	0.000526325	0.00122278	0.00130715	0.345344	0.0655982	0.0168997	0.000329259	0.000698353
46	0.0153482	0.00104923	0.0569164	0.106716	0.00131123	0.244372	0.0254426	0.00245728	0.143949	0.0040216	0.00159049	0.0791046	0.00076957	0.0999597	0.13786	0.0693064	0.0054096	0.00304303	0.000403374	0.000969839
47	0.00660132	0.0194473	0.000533128	0.000624139	0.00404168	0.000622073	0.000577281	0.132782	0.000732405	0.460869	0.316785	0.00342947	0.000285664	0.000719792	0.00307665	0.0012893	0.00729261	0.0371075	0.000150145	0.00303462
48	0.00689441	0.000954535	0.842943	0.0084587	0.00536913	0.00966479	0.00111022	0.00166528	0.00120041	0.0024455	0.00126318	0.0981098	0.000690219	0.00175119	0.00140335	0.00943808	0.00322039	0.00220609	0.000373391	0.000838498
49	0.01354	0.00379747	0.000308141	0.00032477	0.0128545	0.000357718	0.000606381	0.492404	0.000510413	0.105799	0.0238694	0.000413605	0.000177013	0.00102867	0.00133606	0.00497086	0.00709747	0.32976	0.000404992	0.000439761
50	0.441223	0.0170994	0.0031431	0.00258974	0.00114166	0.0431753	0.00412262	0.00788456	0.00156626	0.00307932	0.0148544	0.0102221	0.000909474	0.00186186	0.00301752	0.356558	0.0660087	0.0205594	0.000303889	0.000679605
51	0.00706217	0.00166477	0.17592	0.51549	0.00319404	0.00295247	0.0278733	0.017174	0.0114165	0.00613018	0.00302258	0.0953868	0.00333083	0.0622179	0.00683164	0.0249765	0.00655872	0.0237935	0.000507802	0.00449654
52	0.00275638	0.00151862	0.00342462	0.0157724	0.000602294	0.00610727	0.021844	0.00676812	0.3468	0.00770565	0.00690355	0.0184649	0.0047335	0.053699	0.448293	0.00342073	0.037937	0.0123857	0.000213503	0.00064961
53	0.0980419	0.0049128	0.0253666	0.0444109	0.0132883	0.0374982	0.0652286	0.0203765	0.0757057	0.0679659	0.0174607	0.108264	0.00458598	0.052554	0.220475	0.0669363	0.0309847	0.0273269	0.003249	0.0153684
54	0.00867643	0.00212531	0.00328857	0.00342694	0.0196904	0.00329365	0.00309999	0.192985	0.171901	0.278577	0.00406004	0.00471828	0.00223582	0.00357078	0.146196	0.0240922	0.00702643	0.117902	0.0012285	0.00190592
55	0.108419	0.00716309	0.014917	0.0246108	0.0057241	0.0441361	0.0379469	0.0082467	0.0125417	0.0199887	0.00425089	0.0329406	0.437522	0.0239916	0.0360236	0.106884	0.0508894	0.015826	0.000859133	0.0071183
56	0.0526577	0.00562633	0.0133635	0.0296951	0.0153002	0.00924985	0.0513388	0.0192717	0.0184164	0.0901281	0.0150002	0.0212038	0.0239284	0.504202	0.0228603	0.0509815	0.0209279	0.0230729	0.00348105	0.00929492
57	0.0138298	0.00208642	0.66675	0.0118614	0.00682485	0.148952	0.00501066	0.00448669	0.00399494	0.0102151	0.00259096	0.0694421	0.00422776	0.00519202	0.00702981	0.0162927	0.00937077	0.00829725	0.000806484	0.00273746
58	0.00859768	0.000789847	0.0482169	0.009664	0.00101048	0.875157	0.00496559	0.00167332	0.0025263	0.00291536	0.00226204	0.00960848	0.00149691	0.0024805	0.00928476	0.0127091	0.00237966	0.0031586	0.000196978	0.000906726
59	0.0178783	0.0162912	0.0050886	0.014082	0.00302013	0.0308056	0.0344464	0.00599779	0.258572	0.0111165	0.00546469	0.0283464	0.00390451	0.0416725	0.457371	0.0217415	0.0322561	0.00765142	0.000693165	0.00360076
60	0.0240138	0.00631337	0.00115457	0.00123929	0.277381	0.00114521	0.00139558	0.180069	0.00129517	0.205065	0.126791	0.00148046	0.000765949	0.00254079	0.00142469	0.0150692	0.0160827	0.112794	0.00456724	0.0194125
61	0.0613422	0.00183165	0.0221547	0.0507057	0.00554346	0.00442547	0.0317039	0.0157876	0.154917	0.0500076	0.0215186	0.0604803	0.0031911	0.0988934	0.19379	0.0606823	0.109591	0.0206596	0.00116975	0.0316045
62	0.00883713	0.00173179	0.322196	0.261372	0.00421346	0.00406607	0.0519309	0.00928399	0.00998619	0.0057399	0.00255013	0.171979	0.0014558	0.065891	0.0109743	0.034967	0.00849658	0.0207354	0.000473494	0.00312001
63	0.023516	0.00652966	0.00107522	0.00126906	0.267455	0.00111686	0.00151859	0.180617	0.00126615	0.21639	0.124117	0.00144733	0.000744795	0.00294959	0.00134205	0.0138867	0.0148636	0.114188	0.0049168	0.0207899
64	0.00933865	0.0185607	0.00161584	0.00602356	0.00458558	0.00874947	0.00780008	0.00356596	0.133337	0.00771879	0.00236195	0.00707173	0.00470548	0.0130687	0.743011	0.00803157	0.0120915	0.00445658	0.00030654	0.0035993
65	0.0181464	0.000646141	0.000733501	0.00180378	0.0428771	0.000621222	0.00404219	0.382726	0.00209497	0.280844	0.0446691	0.000630682	0.00114733	0.00144108	0.00173881	0.00157418	0.0158333	0.183038	0.00765404	0.00773904
66	0.242647	0.00106927	0.00160243	0.00144317	0.00121427	0.00604336	0.0242093	0.00242475	0.0014878	0.00877412	0.00216186	0.0197166	0.000779725	0.00142561	0.00855465	0.617542	0.0507879	0.00697621	0.000366348	0.000773961
67	0.0448072	0.0553098	0.00286958	0.00301692	0.0496996	0.0037579	0.00286018	0.102623	0.0033969	0.0233598	0.00451384	0.00722655	0.00193759	0.00389763	0.00333675	0.219028	0.339841	0.125555	0.000756413	0.00220554
68	0.00656118	0.01957	0.000541584	0.000717361	0.00486045	0.000653021	0.000586328	0.134017	0.000849263	0.466527	0.303855	0.0035461	0.000498528	0.000766197	0.00303619	0.00128156	0.0079848	0.0404983	0.000196286	0.00345426
69	0.117096	0.00289524	0.0122035	0.0161948	0.00395412	0.0785447	0.0150611	0.0071448	0.0363392	0.0193361	0.00382326	0.0309984	0.405802	0.0278815	0.0564757	0.0901675	0.0381993	0.030503	0.000818581	0.00656216
70	0.0942824	0.0390445	0.00304354	0.00396292	0.00347441	0.0218646	0.00152054	0.237332	0.00218046	0.0403021	0.0219954	0.0337839	0.00929416	0.00293456	0.00190803	0.0811957	0.197208	0.202548	0.00120801	0.00091635
71	0.0530446	0.00101554	0.00140459	0.0404652	0.0141895	0.0181138	0.0215594	0.172401	0.0179406	0.192632	0.088098	0.0245328	0.000446902	0.0553339	0.0342022	0.0548408	0.0670088	0.128672	0.0002639	0.0138342
72	0.176029	0.0087437	0.000965583	0.000825266	0.00222111	0.00122456	0.000722562	0.242822	0.000861627	0.0849558	0.0259994	0.00119597	0.000758254	0.00114603	0.000971875	0.00420406	0.00812592	0.437505	0.00023511	0.000487824
73	0.296899	0.0212182	0.00536889	0.00828287	0.00778055	0.0309318	0.00621019	0.0818754	0.00920854	0.0385977	0.0177862	0.0108158	0.00982863	0.0109404	0.00794079	0.112303	0.116266	0.20212	0.00186504	0.00376088
74	0.00660132	0.0194473	0.000533128	0.000624139	0.00404168	0.000622073	0.000577281	0.132782	0.000732405	0.460869	0.316785	0.00342947	0.000285664	0.000719792	0.00307665	0.0012893	0.00729261	0.0371075	0.000150145	0.00303462
75	0.0108956	0.0218255	0.00191203	0.00679669	0.00577054	0.00947342	0.00690938	0.00370831	0.106548	0.00819894	0.00275258	0.0072195	0.0043977	0.00923316	0.763201	0.0100383	0.0105158	0.00573864	0.000735451	0.00412969
76	0.0149236	0.00445417	0.000519071	0.0010125	0.0221186	0.000642852	0.00313434	0.362553	0.000666626	0.357256	0.0280696	0.00470041	0.0024858	0.00114602	0.00306476	0.00176901	0.0145064	0.168189	0.00403178	0.00475718
77	0.00296586	0.000631719	0.000389227	0.00137565	0.0708676	0.000516359	0.00136411	0.0312554	0.00220319	0.713889	0.0962058	0.000732875	0.000267712	0.00824819	0.00368011	0.00148334	0.0018075	0.0490994	0.0040335	0.00898323
78	0.0651438	0.00150627	0.0834541	0.141948	0.0116358	0.0215431	0.0175698	0.00906952	0.0578956	0.0246356	0.00545545	0.0643851	0.268119	0.0307577	0.0290443	0.07473	0.0576274	0.0243971	0.00021359	0.0108685
79	0.0962855	0.00117227	0.0045505	0.0256569	0.0117634	0.00211031	0.0220952	0.00467838	0.159694	0.0572956	0.022262	0.0364183	0.00106763	0.119964	0.279858	0.0693496	0.0363337	0.012783	0.00194726	0.0347139
80	0.0672919	0.00121062	0.00836393	0.00333422	0.00128429	0.0568814	0.019102	0.0030581	0.00187079	0.0218965	0.00144873	0.0358867	0.55048	0.0100945	0.0510856	0.101648	0.049797	0.0066186	0.000417047	0.00823045
81	0.0127143	0.0034012	0.0349527	0.0574589	0.0576038	0.00643308	0.0961724	0.0090889	0.0341204	0.0104777	0.00613596	0.17328	0.00255697	0.12666	0.00861368	0.109459	0.0109763	0.0100771	0.0503159	0.179501
82	0.00486138	0.000637968	0.0489098	0.00920511	0.00105355	0.887747	0.00471332	0.00175226	0.00105034	0.00309689	0.00138988	0.00927294	0.00114715	0.00120202	0.00765979	0.0107144	0.00221269	0.00244401	0.000160492	0.000768727
83	0.00682264	0.0191691	0.000526159	0.000637767	0.00412988	0.000634997	0.000582256	0.137186	0.00074103	0.457096	0.31415	0.0033891	0.000289097	0.000719724	0.00305257	0.00138616	0.00763186	0.0386739	0.000176946	0.00300449
84	0.0129843	0.00361969	0.000264664	0.000304589	0.0141005	0.000307536	0.000551511	0.494431	0.000355494	0.108492	0.0220664	0.000376269	0.000159132	0.00080552	0.00129334	0.00475026	0.0069307	0.32721	0.000463595	0.000533122
85	0.00543147	0.00116044	0.00051182	0.00148973	0.0888911	0.000591052	0.00138807	0.0622345	0.00251814	0.646123	0.0929981	0.000629367	0.000620643	0.00655601	0.00327794	0.00208211	0.0038458	0.0627262	0.00499754	0.0119273
86	0.0245682	0.00830521	0.0011192	0.000409859	0.00793618	0.00153971	0.000479443	0.404252	0.000840122	0.0772453	0.0199072	0.00152516	0.00186579	0.00138642	0.00159827	0.0175327	0.0147349	0.414251	0.000257618	0.000244831
87	0.244741	0.0416482	0.00232339	0.00297074	0.0107326	0.0253345	0.00226353	0.0755963	0.00314834	0.0215198	0.0126127	0.00945707	0.00469247	0.00381898	0.00269358	0.167284	0.213501	0.15275	0.00088289	0.00202809
88	0.00474266	0.00103156	0.0486938	0.00914155	0.000990156	0.88599	0.00479686	0.00141611	0.00116045	0.00294322	0.00144744	0.00977129	0.00150558	0.00134818	0.00804286	0.0109496	0.00239836	0.00248826	0.000304463	0.000837408
89	0.0724771	0.0129238	0.0137788	0.0227955	0.00778856	0.0401224	0.0162525	0.0103722	0.0111282	0.0205632	0.00417644	0.0308967	0.520891	0.0165229	0.0347228	0.0840235	0.0540332	0.0180941	0.00082463	0.00761231
90	0.0529792	0.0104623	0.0235839	0.0968315	0.00979734	0.0189929	0.0152239	0.0359455	0.0200738	0.0246194	0.0146133	0.0391308	0.0325922	0.0246834	0.0237319	0.101219	0.40014	0.0467901	0.00193107	0.00665818
91	0.0102163	0.00117123	0.045328	0.016798	0.00193363	0.79746	0.00731731	0.00231281	0.0154994	0.00569741	0.0019123	0.0149143	0.00324527	0.00898618	0.0384134	0.0176574	0.00448575	0.00413342	0.000508165	0.0020092
92	0.208675	0.00782599	0.0187269	0.0110372	0.00495131	0.0249505	0.017497	0.0127447	0.00706562	0.0149805	0.00760226	0.0235027	0.00614661	0.0105347	0.0117193	0.491175	0.0973081	0.0192427	0.00137093	0.00294294
93	0.00845489	0.00078599	0.047629	0.00967605	0.00106358	0.873743	0.00503569	0.00177056	0.00267488	0.00373827	0.00229763	0.00974434	0.00159633	0.0019846	0.00920161	0.0124275	0.00372548	0.00334015	0.000213379	0.000896768
94	0.0300889	0.00919345	0.0143747	0.0243798	0.00979917	0.0202048	0.0310288	0.020327	0.323491	0.0356757	0.013231	0.0358842	0.011846	0.0442571	0.242455	0.0397098	0.0519827	0.0274516	0.00357343	0.0110455
95	0.00561016	0.00117067	0.00194737	0.00373301	0.0014308	0.00359077	0.0015894	0.00268201	0.00198997	0.00307204	0.00181568	0.00248055	0.000893507	0.0019793	0.00181702	0.178661	0.780539	0.00343272	0.000451623	0.00111378
96	0.0410792	0.00752889	0.0158702	0.0225492	0.00421485	0.0248106	0.00280271	0.0990835	0.00323421	0.0239035	0.0182056	0.106129	0.0340599	0.00273969	0.00356806	0.111149	0.376947	0.0996132	0.000577316	0.00193412
97	0.00561016	0.00117067	0.00194737	0.00373301	0.0014308	0.00359077	0.0015894	0.00268201	0.00198997	0.00307204	0.00181568	0.00248055	0.000893507	0.0019793	0.00181702	0.178661	0.780539	0.00343272	0.000451623	0.00111378
98	0.0155334	0.00541411	0.00101923	0.00348723	0.0308575	0.00151609	0.0028086	0.25379	0.00388589	0.413838	0.0654808	0.0048	0.00246552	0.00430402	0.00495294	0.00607089	0.0162896	0.154782	0.00389292	0.00481192
99	0.0570597	0.00704959	0.00292177	0.00560505	0.268313	0.0116701	0.0598769	0.0409485	0.00818968	0.0620601	0.0461461	0.0110612	0.00279172	0.018483	0.00612783	0.0171432	0.0318953	0.0542591	0.00140611	0.286992
100	0.390245	0.0249115	0.00116027	0.000912967	0.000654543	0.0565436	0.000872582	0.00399533	0.00104111	0.00161022	0.00977796	0.003666	0.000485262	0.0010928	0.00107373	0.363016	0.110361	0.027795	0.000262596	0.000522121
101	0.430275	0.0637695	0.0012004	0.00135413	0.0134288	0.0655367	0.00131517	0.0899721	0.00168634	0.0631844	0.0541114	0.00223721	0.000770822	0.00154818	0.00156672	0.06464	0.0595073	0.0774573	0.000438853	0.00599981
102	0.0122617	0.00199894	0.000372857	0.000817921	0.0232972	0.000589766	0.00303467	0.35819	0.000550497	0.359429	0.037061	0.00194678	0.000913639	0.00106072	0.00298016	0.00228966	0.0142147	0.170442	0.00405413	0.00449457
103	0.224068	0.000379978	0.0399723	0.0563349	0.000808118	0.0502656	0.028203	0.0099365	0.0416144	0.014813	0.012543	0.0745852	0.000531516	0.0586566	0.0939583	0.206141	0.0583079	0.0280434	0.000185878	0.000651721
104	0.0848107	0.000538547	0.0213262	0.135379	0.0267497	0.00266971	0.129186	0.0254858	0.110677	0.0493864	0.03203	0.0250304	0.0011294	0.113465	0.0939924	0.0559041	0.0170849	0.0254126	0.0107029	0.0390399
105	0.0123905	0.00516278	0.000550073	0.000812669	0.0123271	0.000736482	0.00215158	0.349045	0.00130134	0.383845	0.0255929	0.00468452	0.00238211	0.0011348	0.00543494	0.00259051	0.0153629	0.170207	0.00186953	0.00241824
106	0.0734023	0.00116409	0.150873	0.101562	0.010919	0.0187013	0.0675023	0.00642886	0.0807363	0.0285206	0.00589059	0.146161	0.00150219	0.0665255	0.0829198	0.0963517	0.0299863	0.00790279	0.00186628	0.0210842
107	0.0304827	0.00933137	0.0245083	0.0381	0.00105564	0.00249787	0.0176964	0.104518	0.107227	0.0795334	0.0267151	0.0404357	0.00313248	0.0496634	0.126441	0.0275574	0.0754151	0.223941	0.00225895	0.00949042
108	0.0299604	0.00675518	0.0343384	0.0187831	0.0116816	0.0238005	0.107245	0.0117991	0.241003	0.0209993	0.00971884	0.229693	0.00451996	0.0277706	0.0505748	0.0715443	0.0714702	0.017898	0.00260399	0.00784032
109	0.0131295	0.00406393	0.000271712	0.000277115	0.0125062	0.000306084	0.000370941	0.49936	0.000462124	0.0959165	0.0195747	0.000356589	0.000172755	0.000798824	0.00132493	0.0051979	0.00636497	0.339261	0.000109032	0.000175102
110	0.090879	0.0659678	0.00324584	0.00465479	0.00340551	0.00704817	0.00362317	0.148019	0.00408847	0.13598	0.143645	0.00992091	0.00306518	0.00545429	0.00433564	0.0950362	0.0694475	0.180837	0.0190391	0.00230671
111	0.0261142	0.00176268	0.00679917	0.00445851	0.00185904	0.00704004	0.00215149	0.00399594	0.0026034	0.00343923	0.0024328	0.00558303	0.000906376	0.00318771	0.00296284	0.205435	0.71218	0.00555408	0.000484886	0.00104974
112	0.225223	0.00890871	0.00097362	0.000998736	0.000861589	0.00157845	0.000946189	0.185189	0.00108067	0.0913434	0.0275008	0.00136082	0.000507174	0.00119287	0.00119051	0.0022576	0.00616926	0.441738	0.000273485	0.000705653
113	0.0154417	0.00272802	0.0332771	0.786884	0.00257018	0.00287087	0.00650874	0.00757878	0.0100877	0.0052293	0.00247837	0.0153308	0.00570484	0.0652576	0.00411788	0.0143384	0.00680662	0.00909061	0.000533709	0.00316498
114	0.0107186	0.00177793	0.31102	0.276312	0.0040871	0.00400392	0.0498357	0.00960199	0.010417	0.00606533	0.00263553	0.16678	0.00346427	0.0643772	0.0106984	0.0348154	0.00904546	0.0205997	0.000478457	0.00326589
115	0.0699336	0.0104929	0.0140495	0.0181585	0.00680235	0.0415733	0.017333	0.00788731	0.0107407	0.0228424	0.00370258	0.0325347	0.524345	0.0195327	0.0381205	0.0838425	0.05079	0.0180844	0.000836633	0.00839781
116	0.0323116	0.00200038	0.00389382	0.000722814	0.000858131	0.000871112	0.000673924	0.283021	0.000968684	0.0224442	0.0113758	0.000840478	0.0073133	0.00184689	0.000906106	0.0306816	0.0226428	0.575987	0.000176071	0.000464771
117	0.0132719	0.00136931	0.0282642	0.794052	0.00319678	0.00500233	0.00515953	0.00814015	0.0108109	0.00514159	0.00321755	0.0127436	0.00347913	0.0670728	0.00611896	0.0142391	0.00655412	0.00740402	0.000643496	0.00411874
118	0.0376871	0.00415874	0.00108038	0.0014358	0.299149	0.00928668	0.0281107	0.0669678	0.00862249	0.0888822	0.0648976	0.0140992	0.000823802	0.013895	0.00142706	0.0113937	0.0246513	0.0456432	0.000405407	0.277383
119	0.0513401	0.0122147	0.0341533	0.0849439	0.0114205	0.00205534	0.0162386	0.0588881	0.059511	0.054613	0.0275691	0.0519862	0.115456	0.078495	0.0932821	0.0265013	0.0704968	0.124431	0.00113514	0.0252688
120	0.0132937	0.000410305	0.00100869	0.00439087	0.0562209	0.00127696	0.0044121	0.222151	0.0053134	0.464175	0.0660559	0.00064623	0.00325312	0.00457592	0.00251584	0.0011265	0.0107099	0.119402	0.00917105	0.00989055
121	0.0636208	0.000371352	0.0872703	0.148643	0.010034	0.0239226	0.0149092	0.00470453	0.0595564	0.0197489	0.00348551	0.0614739	0.292985	0.0235547	0.0230873	0.0812995	0.0567781	0.0161506	0.000176908	0.00822675
122	0.0897093	0.00411248	0.0826735	0.0468739	0.00775085	0.308341	0.0465037	0.0107331	0.0136602	0.158916	0.00918502	0.0152815	0.00506487	0.0131031	0.0531388	0.0596116	0.0185922	0.0134677	0.0018954	0.0413868
123	0.0140876	0.00418388	0.000305637	0.000255584	0.0117274	0.000295246	0.000291856	0.486532	0.00042655	0.0930492	0.0182351	0.000382283	0.0002484	0.000818776	0.00118935	0.00568642	0.00669837	0.355359	8.28468e-05	0.000144648
124	0.153394	0.00151524	0.0277695	0.0302909	0.00580974	0.0757277	0.0353825	0.0191999	0.0349578	0.0244525	0.00846807	0.135225	0.00122147	0.0387551	0.106535	0.184849	0.07037	0.0440676	0.000476176	0.00153299
125	0.054545	0.00395721	0.010086	0.0341785	0.0139348	0.0109737	0.0547499	0.011127	0.019645	0.0384423	0.00898721	0.0216402	0.032326	0.570045	0.0218492	0.0513449	0.0173395	0.0158829	0.00207657	0.00686918
126	0.034995	0.0572803	0.00307175	0.00274388	0.00256344	0.0222421	0.00275553	0.181145	0.00331643	0.0203399	0.0296859	0.0105638	0.00331358	0.00367476	0.00389785	0.0576685	0.127989	0.429679	0.00124431	0.00183015
127	0.0680776	0.00175807	0.0027122	0.0357896	0.0181353	0.00362601	0.0828253	0.00531564	0.00370587	0.0237945	0.00313765	0.0210775	0.0639594	0.568169	0.00417756	0.0768166	0.00791064	0.00584701	0.000831282	0.00233335
128	0.023163	0.00357072	0.00150441	0.000553782	0.00534502	0.000484602	0.000688403	0.387596	0.00151289	0.0553007	0.0254561	0.000687549	0.00254249	0.00326754	0.00179602	0.0137015	0.0149295	0.457516	0.000110391	0.000273232
129	0.222916	0.00246541	0.00260807	0.00325225	0.00295749	0.00371171	0.00313513	0.320162	0.0187199	0.0227729	0.00336557	0.0198193	0.00192714	0.10294	0.0184413	0.0253006	0.0715664	0.151368	0.000681554	0.00188894
130	0.00240528	0.000487247	0.0498843	0.00918439	0.000859843	0.894856	0.00437144	0.00119881	0.000911036	0.00208403	0.000971867	0.00927872	0.00050848	0.00106632	0.00748193	0.0100318	0.00172282	0.00187895	0.000158662	0.000658381
131	0.000843503	0.000392578	0.000351181	0.000991238	0.060089	0.000361689	0.000965795	0.0227946	0.00218011	0.744647	0.0971524	0.000477871	0.000230021	0.00606858	0.00395533	0.000817616	0.00130744	0.046884	0.00407267	0.00541707
132	0.00571008	0.00129976	0.205154	0.00228214	0.00210894	0.0726495	0.00208737	0.00363922	0.0134052	0.00398764	0.00213222	0.110855	0.00122273	0.00311788	0.00262641	0.218111	0.342747	0.00500041	0.000555065	0.00130807
133	0.0254201	0.00352965	0.00247593	0.0021645	0.379287	0.00614817	0.0447649	0.0332403	0.0044057	0.0574892	0.0343813	0.00715951	0.00779006	0.0090531	0.00245754	0.0161419	0.0171526	0.0273367	0.000661887	0.31894
134	0.635152	0.00120692	0.0299616	0.0487378	0.0015587	0.0320078	0.00200562	0.0030927	0.0117539	0.00353234	0.00263669	0.0125153	0.0472737	0.00270766	0.00248162	0.141618	0.00603239	0.0139169	0.000601212	0.00120705
135	0.229883	0.000398501	0.0402717	0.0537765	0.000641214	0.0503043	0.0272957	0.010397	0.0396957	0.0139104	0.0119059	0.0745085	0.000483398	0.0525332	0.0916921	0.212033	0.0603744	0.029109	0.000178093	0.000608519
136	0.409554	0.0538754	0.00135055	0.00156584	0.0141163	0.0916511	0.00142073	0.0974214	0.00199431	0.0627656	0.0388551	0.00255558	0.000926893	0.00178839	0.00174288	0.0585311	0.0639431	0.0867065	0.000492691	0.00874197
137	0.0104933	0.00890119	0.000940994	0.00245213	0.0232461	0.00132421	0.00215384	0.206325	0.00232669	0.447947	0.157276	0.00293094	0.00110368	0.003654	0.0037985	0.00355124	0.0132056	0.101012	0.00290708	0.00445071
138	0.00731603	0.0165735	0.0012053	0.00407362	0.00397054	0.00851353	0.00803075	0.00265354	0.158525	0.00720238	0.00202965	0.00537831	0.00561489	0.0109974	0.730857	0.00786752	0.0129519	0.00366709	0.000229626	0.00234266
139	0.265477	0.000599682	0.000972491	0.00121105	0.000968447	0.00536225	0.0319484	0.00201962	0.00119602	0.00907114	0.00224755	0.0186714	0.000609298	0.00111675	0.00994343	0.580224	0.0594976	0.00801849	0.00024184	0.000603444
140	0.0240333	0.00627406	0.00115291	0.00126462	0.276625	0.00111793	0.00143079	0.180372	0.00133865	0.205317	0.126016	0.00147835	0.000816362	0.0026197	0.00143287	0.0151934	0.0165573	0.1131	0.00458559	0.0192739
141	0.000904938	0.000509808	0.000356558	0.00100701	0.0590926	0.000368924	0.000985084	0.0253305	0.0021484	0.741854	0.0974701	0.000496016	0.000238645	0.00601308	0.00394054	0.000858591	0.00150108	0.0474946	0.00403839	0.00539164
142	0.0254802	0.012185	0.025375	0.0569059	0.00753699	0.0203121	0.0224992	0.0150973	0.127958	0.0241354	0.0100971	0.0285468	0.0104467	0.0445398	0.483993	0.0273268	0.0258988	0.0194013	0.00155181	0.0107126
143	0.0866931	0.00260591	0.0072289	0.0320844	0.0128867	0.00710277	0.102179	0.0112857	0.014784	0.0646028	0.00905392	0.0177193	0.0286509	0.489561	0.0138734	0.0675132	0.0123409	0.0122662	0.00187292	0.00569481
144	0.0427163	0.00205745	0.681842	0.0196587	0.0062126	0.0299311	0.00720989	0.00369885	0.010006	0.00766554	0.00337414	0.0950219	0.00562156	0.0103772	0.0161463	0.0351178	0.0144669	0.00614889	0.000549541	0.00217742
145	0.0733412	0.013019	0.0130451	0.0179527	0.00815966	0.0394625	0.018213	0.0101268	0.0117363	0.0209713	0.00455515	0.0308562	0.521807	0.0166665	0.0348143	0.0830095	0.0524457	0.0196936	0.00100618	0.00911778
146	0.00681537	0.000962455	0.839699	0.0103377	0.00528338	0.00940375	0.00153045	0.00172049	0.0012631	0.00247768	0.001275	0.0992719	0.000688354	0.00231573	0.00142156	0.009127	0.00298799	0.00220685	0.000374188	0.000837923
147	0.00434039	0.00454592	0.00107548	0.0011554	0.0012295	0.00123017	0.00459738	0.517491	0.0265584	0.0152807	0.008137	0.0016263	0.000776548	0.00551241	0.0123202	0.00327945	0.0197086	0.370082	0.000320921	0.000732763
148	0.0123404	0.0037717	0.000278292	0.000283127	0.0122502	0.000326516	0.000347654	0.507862	0.000405756	0.0946397	0.0202994	0.000377081	0.000166696	0.000877958	0.00119126	0.00493936	0.00651164	0.332868	9.00508e-05	0.000173013
149	0.00131801	0.00189627	0.000389381	0.000931065	0.0539829	0.000371498	0.000927751	0.0324574	0.00199968	0.722562	0.114431	0.000830151	0.000228785	0.00542828	0.00383729	0.000897178	0.0021311	0.046678	0.00361757	0.00508486
150	0.0156275	0.0040994	0.000422611	0.000266853	0.0106636	0.000294189	0.000278833	0.45958	0.000525905	0.0874566	0.0174353	0.000371545	0.000574656	0.000811048	0.00115263	0.00700142	0.00734284	0.385852	8.47267e-05	0.000158451
151	0.0127456	0.000951119	0.0468447	0.00893599	0.00118292	0.871184	0.00457882	0.00163767	0.00174573	0.00391512	0.00266549	0.00945034	0.0031052	0.00154145	0.00775942	0.012499	0.00456856	0.00366962	0.000167763	0.000851857
152	0.0332661	0.0014813	0.142909	0.545238	0.00499018	0.0071316	0.0187686	0.010133	0.0190431	0.00656996	0.0037731	0.0580909	0.0149389	0.0614652	0.0112453	0.0307411	0.0113033	0.013079	0.000595112	0.00523714
153	0.0130733	0.0043637	0.00116353	0.002072	0.00838501	0.00100678	0.00178234	0.482149	0.00542909	0.066784	0.0415019	0.00131343	0.000821485	0.00514345	0.00461637	0.0069959	0.0184741	0.33404	0.000285121	0.000599575
154	0.0103467	0.0261302	0.0012032	0.00378598	0.00633354	0.00769938	0.00441303	0.00229264	0.0927485	0.00713364	0.00136608	0.0037425	0.00425191	0.00343554	0.802162	0.00769835	0.0072134	0.00358308	0.000459207	0.00400156
155	0.00967668	0.000946694	0.80744	0.0172741	0.00540723	0.0154469	0.00338359	0.00264661	0.00255933	0.00338881	0.00180168	0.0962191	0.00108214	0.00517124	0.00311856	0.0125939	0.00587259	0.00383414	0.00066942	0.00146712
156	0.0857432	0.00142318	0.00943988	0.101536	0.0531426	0.0519592	0.0377947	0.0286839	0.0820389	0.100516	0.010586	0.0436468	0.0252599	0.134575	0.0756961	0.0777799	0.0487731	0.00867616	0.00170365	0.0210261
157	0.0243869	0.0016682	0.143737	0.430079	0.00865611	0.00464333	0.0194735	0.0204444	0.069862	0.0128295	0.00403214	0.0336061	0.00397307	0.0599066	0.0422451	0.0702892	0.014508	0.00937595	0.00147255	0.0248115
158	0.0308247	0.00264532	0.0143193	0.00656413	0.00207117	0.0104828	0.00339058	0.00597454	0.00375127	0.00503019	0.00291728	0.0121333	0.00302805	0.00425342	0.0038455	0.213578	0.663803	0.00938142	0.000450842	0.00155468
159	0.616268	0.0287248	0.00121928	0.00134145	0.0063092	0.0570178	0.00108275	0.0407492	0.00149718	0.0401613	0.0199829	0.00190024	0.00113419	0.00145577	0.00127869	0.0692664	0.0432681	0.063708	0.000310269	0.00332476
160	0.104064	0.000783292	0.0783843	0.125522	0.00462417	0.0707736	0.0382256	0.00382603	0.0726595	0.0250515	0.00951168	0.0774054	0.00179099	0.144915	0.102443	0.0962843	0.0343269	0.0055033	0.000283688	0.00362111
161	0.0322509	0.0142549	0.00351791	0.0166713	0.00710331	0.00829103	0.0092882	0.183757	0.0104222	0.147357	0.157407	0.0341653	0.00233388	0.0212537	0.0161507	0.0714616	0.134156	0.121789	0.0033743	0.00499514
162	0.824493	0.00721547	0.000542124	0.000654816	0.000542818	0.0561621	0.00066326	0.00111088	0.000706451	0.00312181	0.000814168	0.000905001	0.000469209	0.000831758	0.000799173	0.081979	0.00513646	0.0132266	0.000215967	0.00041039
163	0.0173746	0.00514562	0.000251535	0.000249498	0.0115397	0.000290486	0.00029767	0.470468	0.000402354	0.096797	0.0191222	0.000375141	0.000146251	0.000841961	0.0014433	0.00628239	0.0061189	0.362608	8.46454e-05	0.000161055
164	0.00365961	0.00189122	0.00445909	0.0211586	0.000679645	0.00801413	0.0242275	0.00747119	0.33245	0.00806978	0.00733595	0.0236071	0.00364966	0.0645882	0.437501	0.00379802	0.0342389	0.0120462	0.00021898	0.00093516
165	0.823878	0.00716072	0.000712845	0.000912995	0.000553329	0.0558006	0.000677144	0.00109533	0.00073213	0.00312577	0.000801034	0.0009525	0.000804196	0.000821215	0.000736886	0.0823073	0.00515255	0.0131452	0.000214909	0.00041536
166	0.311051	0.00605295	0.00158879	0.00153761	0.000956242	0.0176125	0.0191733	0.00298283	0.00128738	0.00680407	0.00486147	0.0151726	0.000870959	0.00127932	0.0067529	0.538585	0.0534021	0.00906761	0.000270531	0.000691543
167	0.0396904	0.00295964	0.00264749	0.0331349	0.0144596	0.0136391	0.0261222	0.167889	0.015733	0.231863	0.104719	0.0244031	0.00167286	0.0472382	0.0265922	0.0592957	0.0570923	0.120002	0.0008128	0.0100333
168	0.0945852	0.00717209	0.0550932	0.0106516	0.00392121	0.0542519	0.00513599	0.0159253	0.00841037	0.0112768	0.00667236	0.0391079	0.0103866	0.0088251	0.00704753	0.22925	0.402353	0.0260789	0.000899762	0.00295508
169	0.00645012	0.000678241	0.0480868	0.00907593	0.00150573	0.884758	0.00466859	0.00182882	0.00108416	0.00273907	0.00191294	0.00932663	0.00171819	0.00131024	0.00780646	0.0107682	0.00261939	0.0025628	0.000275137	0.000824743
170	0.0434029	0.0361281	0.0180235	0.0264876	0.0166228	0.0154517	0.524615	0.0232649	0.0288214	0.0285773	0.0164723	0.0298532	0.0104836	0.0317453	0.0317928	0.0394939	0.0288858	0.0296987	0.00330637	0.0168732
171	0.000843503	0.000392578	0.000351181	0.000991238	0.060089	0.000361689	0.000965795	0.0227946	0.00218011	0.744647	0.0971524	0.000477871	0.000230021	0.00606858	0.00395533	0.000817616	0.00130744	0.046884	0.00407267	0.00541707
172	0.0220563	0.00425827	0.00211547	0.0038863	0.0376229	0.00633818	0.00279446	0.142717	0.00598138	0.501621	0.0768685	0.00451442	0.00294654	0.00528306	0.00554795	0.00693589	0.0131991	0.146105	0.00376099	0.00544701
173	0.000843503	0.000392578	0.000351181	0.000991238	0.060089	0.000361689	0.000965795	0.0227946	0.00218011	0.744647	0.0971524	0.000477871	0.000230021	0.00606858	0.00395533	0.000817616	0.00130744	0.046884	0.00407267	0.00541707
174	0.283857	0.0144764	0.0136554	0.00265665	0.000872361	0.042177	0.00264276	0.00219009	0.00109565	0.00353736	0.00417991	0.00961681	0.000559469	0.00494118	0.00269798	0.405982	0.174264	0.0297361	0.00026625	0.000595226
175	0.191253	0.0155064	0.0134821	0.0140487	0.00758412	0.0251752	0.00940524	0.0230896	0.00967752	0.0168028	0.0101019	0.0182332	0.00966461	0.0111716	0.0116097	0.196542	0.367908	0.0423148	0.00183248	0.0045968
176	0.0137102	0.00191394	0.000633947	0.00175278	0.0867622	0.000711481	0.00271762	0.277021	0.00216164	0.352091	0.0636869	0.000704085	0.00105791	0.00256488	0.00203657	0.00344969	0.0107917	0.159617	0.00742427	0.00919093
177	0.0367568	0.0983011	0.0155545	0.0154985	0.0187937	0.0171554	0.528886	0.0243555	0.0190225	0.0291373	0.0163266	0.0182871	0.0104828	0.0181734	0.0202281	0.0349884	0.0312567	0.0291115	0.00326329	0.0144208
178	0.420494	0.0236399	0.00382083	0.00413126	0.00544232	0.0403288	0.0032329	0.0268657	0.00607146	0.0176098	0.0132706	0.00689126	0.00437123	0.00566312	0.00602703	0.174888	0.141243	0.0920349	0.00110364	0.00286941
179	0.0470898	0.00565756	0.0243259	0.100031	0.00835455	0.0190553	0.0132321	0.101361	0.0242624	0.0495759	0.0260059	0.108243	0.030846	0.0290351	0.0354259	0.0943543	0.171117	0.101863	0.00171569	0.00844924
180	0.00954019	0.0015757	0.233945	0.00266699	0.00232463	0.0696616	0.00215971	0.00378192	0.0125375	0.00419513	0.00237375	0.112774	0.00140751	0.00355238	0.0027446	0.226713	0.300609	0.00534732	0.000650857	0.00143896
181	0.462081	0.0195341	0.00095045	0.000991561	0.000829448	0.0392387	0.00099355	0.00236849	0.00102647	0.00307026	0.00446627	0.00225078	0.000545879	0.00116575	0.00136616	0.255725	0.137861	0.0646521	0.000278515	0.0006049
182	0.211245	0.0188335	0.00316818	0.00339358	0.0195458	0.00354849	0.00360049	0.103647	0.00404292	0.0691742	0.0193419	0.00491563	0.271747	0.00392704	0.00398381	0.0239412	0.0238812	0.205501	0.000859772	0.00170204
183	0.156075	0.00178711	0.0661948	0.0820873	0.00272331	0.111543	0.00413124	0.00480789	0.00496426	0.00670514	0.00352074	0.0107207	0.00142549	0.0230126	0.0209907	0.402995	0.0862436	0.00783561	0.000755543	0.00148093
184	0.380477	0.0246215	0.000796805	0.000959832	0.000798682	0.0458674	0.000893317	0.00248578	0.000990091	0.00186881	0.00537533	0.00226116	0.000490235	0.00106149	0.00115895	0.314794	0.155058	0.0592325	0.00026325	0.000546058
185	0.0182145	0.00385497	0.000252882	0.000339351	0.0169527	0.000306004	0.00136243	0.453268	0.000401361	0.154124	0.0231101	0.000452199	0.000159399	0.000730478	0.00234023	0.00485434	0.00845323	0.307485	0.00144084	0.0018977
186	0.0493589	0.00299263	0.0190658	0.025703	0.00152587	0.0311245	0.00185088	0.0953611	0.00177058	0.0232758	0.0204185	0.107939	0.0483682	0.00213537	0.00186648	0.0999443	0.369622	0.095976	0.000462931	0.00123803
187	0.0187063	0.0165032	0.0069585	0.0128873	0.00574309	0.0112298	0.0125896	0.0123916	0.136275	0.0184249	0.00843062	0.017243	0.00843108	0.0218689	0.610027	0.0178506	0.0389819	0.0185033	0.00185946	0.00509538
