231	20
1	0.0121763	0.00610173	0.0147939	0.0124133	0.00803266	0.0179487	0.0163847	0.19311	0.016089	0.0539968	0.134614	0.00964068	0.0238673	0.194769	0.173686	0.0235856	0.0285641	0.0468133	0.00505045	0.00836193
2	0.030896	0.00328463	0.00981473	0.00904829	0.0117699	0.0185512	0.00673148	0.293501	0.0104785	0.117181	0.12466	0.00549068	0.00589321	0.0182501	0.0140624	0.0542596	0.0543624	0.199894	0.00194499	0.00992659
3	0.0950876	0.0112903	0.0279095	0.011712	0.0579194	0.0483263	0.0103274	0.0390363	0.0489238	0.0607383	0.0223685	0.0208796	0.0645218	0.0209832	0.0308539	0.27666	0.0923997	0.0446516	0.00435822	0.0110522
4	0.0101739	0.0250677	0.0234537	0.0129663	0.00596419	0.012896	0.241788	0.0113342	0.0519753	0.0193661	0.00966797	0.013845	0.0145726	0.371399	0.079174	0.0158739	0.0100939	0.0111101	0.00417572	0.0551026
5	0.0817237	0.0175546	0.156178	0.0614207	0.0106548	0.129762	0.0233268	0.0119403	0.0306016	0.0157493	0.0174827	0.0263594	0.0180792	0.126024	0.0941973	0.0812236	0.0483832	0.0263452	0.00631986	0.0166737
6	0.0515097	0.0075875	0.062617	0.171234	0.00866057	0.0335397	0.020106	0.0146599	0.0820709	0.0192356	0.0181326	0.0146346	0.120002	0.149524	0.0529635	0.0282479	0.094146	0.0392819	0.00470153	0.00714522
7	0.118464	0.00926766	0.044737	0.0167001	0.0343648	0.0594328	0.0113463	0.0410744	0.0201081	0.0278962	0.0225256	0.0162902	0.028541	0.0724446	0.0332972	0.241271	0.147288	0.0442962	0.00326969	0.00738646
8	0.00447549	0.0029758	0.0233096	0.0612486	0.00344826	0.0338713	0.00472902	0.00720931	0.535684	0.0160885	0.00976966	0.0794804	0.0103308	0.0322726	0.0970813	0.0375863	0.0235267	0.0123213	0.0016218	0.00296921
9	0.0170089	0.0176112	0.306615	0.0762064	0.0100118	0.0398633	0.11873	0.0133055	0.0228471	0.019912	0.0121853	0.0846656	0.0183967	0.0716916	0.032656	0.0235261	0.0224085	0.042273	0.00553501	0.0445515
10	0.0387379	0.0171391	0.0154808	0.00720086	0.0728072	0.0317902	0.0202475	0.0523515	0.0149553	0.154577	0.0232399	0.0147609	0.13462	0.014987	0.0242931	0.246193	0.0500679	0.0359653	0.0072481	0.023337
11	0.113892	0.0412049	0.0433866	0.00567091	0.0699613	0.13276	0.00771536	0.019882	0.00932182	0.0320512	0.0139869	0.0216394	0.0172226	0.019774	0.0313671	0.287654	0.0845371	0.0269462	0.00321143	0.0178147
12	0.0599083	0.0102308	0.0164686	0.00798535	0.0501399	0.024632	0.012735	0.131686	0.0148836	0.13735	0.053688	0.0100899	0.0462375	0.016347	0.0202046	0.168926	0.0652418	0.125218	0.00542985	0.022597
13	0.00469499	0.00510221	0.0189001	0.00852805	0.00414509	0.0271625	0.00432558	0.00497467	0.507326	0.0111887	0.00910678	0.152494	0.00673402	0.00957798	0.10498	0.0685598	0.0354021	0.0114347	0.00206587	0.0032974
14	0.00310349	0.00322164	0.0163102	0.0221621	0.0028048	0.0265733	0.00366008	0.0035482	0.576739	0.0112621	0.00823896	0.111183	0.0067296	0.0139658	0.103883	0.0430851	0.0293422	0.00993209	0.00131865	0.00293739
15	0.09426	0.0349237	0.0143338	0.0035789	0.196505	0.0295549	0.0175857	0.0453326	0.00509318	0.119725	0.0121107	0.0105386	0.0116106	0.0111375	0.0110696	0.212137	0.0570023	0.0320874	0.00274731	0.0786674
16	0.007473	0.00282513	0.0697538	0.228738	0.0035565	0.0925871	0.00440894	0.0061452	0.281191	0.0132902	0.00775701	0.028328	0.0181131	0.0662155	0.108155	0.0161358	0.0138051	0.0248003	0.00451433	0.00220694
17	0.0219052	0.00334439	0.00735022	0.00537934	0.00360601	0.0262669	0.00617486	0.168702	0.00930086	0.0692678	0.216182	0.00979116	0.00576639	0.0375587	0.0162677	0.0440342	0.0209172	0.320777	0.00311741	0.00428964
18	0.0194603	0.00215477	0.00572321	0.00412574	0.00656069	0.0119546	0.00549043	0.359695	0.0116174	0.129188	0.106567	0.00454719	0.00412733	0.0134053	0.0143976	0.0577114	0.0651331	0.17014	0.00190643	0.00609526
19	0.14227	0.00626021	0.0249384	0.0988707	0.00976739	0.0307672	0.0171312	0.0142736	0.0913259	0.028705	0.0183067	0.0131882	0.224625	0.054619	0.0343637	0.0372494	0.112131	0.0282011	0.00505231	0.00795379
20	0.082874	0.00504964	0.0233011	0.0112415	0.0266552	0.030956	0.0210886	0.0189309	0.0137374	0.0891812	0.0107091	0.00855133	0.223931	0.0172954	0.0219925	0.246568	0.104596	0.0331397	0.00359621	0.00660565
21	0.00595203	0.00362388	0.0803767	0.272674	0.00302728	0.037092	0.00934788	0.00773931	0.240282	0.0172645	0.00615918	0.0368183	0.013416	0.158023	0.052602	0.0131239	0.0108534	0.0261536	0.00136141	0.00410962
22	0.0163547	0.00604766	0.228151	0.217599	0.00557488	0.0289703	0.0570456	0.0123383	0.0199951	0.0151774	0.0100492	0.0220111	0.0584435	0.0512638	0.0257157	0.0208903	0.0556352	0.13695	0.00380139	0.00798634
23	0.00485998	0.0040581	0.0190967	0.0434885	0.00334876	0.0315311	0.00450708	0.00989607	0.546449	0.015463	0.0108979	0.0858252	0.00949009	0.020579	0.101069	0.0409351	0.0262679	0.0155678	0.00289301	0.00377695
24	0.0102803	0.00317523	0.00902933	0.00551756	0.00773979	0.0164369	0.0395427	0.00625415	0.00726353	0.169637	0.00622861	0.00602676	0.410203	0.0100996	0.0264618	0.224612	0.0228584	0.0106599	0.00411598	0.00385749
25	0.221809	0.00777004	0.0397506	0.00245174	0.0484904	0.0415906	0.00462483	0.0391745	0.00359493	0.0219534	0.0104176	0.00720685	0.0126844	0.0107598	0.0125432	0.271559	0.158792	0.0710293	0.00141503	0.0123818
26	0.00389889	0.00257369	0.0197647	0.04979	0.00283998	0.0304677	0.00467181	0.00662382	0.553398	0.0142507	0.00993716	0.0847582	0.00954585	0.0265346	0.0998209	0.0386016	0.025498	0.0126748	0.00158607	0.00276299
27	0.00436484	0.0033298	0.0255457	0.0577769	0.00416201	0.0359887	0.0041581	0.00649918	0.530369	0.0153096	0.00907207	0.0833119	0.00955381	0.0275684	0.0998716	0.0366726	0.026401	0.014834	0.00224738	0.00296314
28	0.0213148	0.00682689	0.0170254	0.0171082	0.0139007	0.0350041	0.0125331	0.184106	0.0416774	0.0954095	0.174153	0.0144483	0.016262	0.0457901	0.0503119	0.0442786	0.0396901	0.136961	0.0228927	0.0103055
29	0.00349677	0.00313446	0.0162654	0.0387143	0.00240558	0.0343145	0.00318452	0.00680806	0.553424	0.0122046	0.00845035	0.0886511	0.00796806	0.0181967	0.12236	0.0392595	0.0269331	0.0107864	0.00157416	0.00186851
30	0.0470668	0.0534956	0.0147176	0.00515035	0.260326	0.0276394	0.0274858	0.0599713	0.00807542	0.11595	0.0132838	0.0117899	0.0132949	0.0125312	0.0188285	0.124643	0.0269834	0.0217875	0.00704484	0.129935
31	0.271652	0.00247107	0.0347663	0.00297953	0.0258972	0.0219228	0.00275329	0.0481487	0.0040607	0.0122023	0.00832939	0.00291267	0.0135256	0.00958057	0.0084574	0.234909	0.197184	0.0898416	0.00143732	0.00696908
32	0.0395883	0.0134771	0.0137967	0.00459884	0.0659977	0.0354108	0.0190935	0.0471997	0.0117805	0.159264	0.0212607	0.0130298	0.15171	0.0145315	0.0257165	0.256969	0.050176	0.0295866	0.00655812	0.0202537
33	0.0823469	0.00890477	0.0222432	0.00528153	0.0584977	0.0404743	0.0122632	0.0631734	0.014351	0.106213	0.0211055	0.0106314	0.0656972	0.0142153	0.0225174	0.277933	0.113792	0.0425349	0.00537627	0.0124476
34	0.0666947	0.0226328	0.0209391	0.00303332	0.174035	0.0620263	0.0106251	0.0252042	0.00913627	0.0622396	0.0174382	0.0192993	0.0130477	0.0119805	0.0166168	0.32967	0.0709259	0.0214408	0.00343766	0.0395764
35	0.225284	0.00931196	0.0357767	0.0115877	0.0429725	0.0371283	0.010548	0.0475718	0.0186513	0.0294035	0.0191943	0.0101609	0.0228744	0.0180856	0.0233073	0.193195	0.141459	0.0765923	0.00729625	0.0195995
36	0.00566942	0.00261549	0.101244	0.295449	0.00268803	0.0726051	0.00453683	0.00547663	0.244145	0.0118786	0.00483512	0.0200865	0.014819	0.0879612	0.0699329	0.0123833	0.00849332	0.031378	0.00212769	0.00167432
37	0.0167103	0.00419412	0.0124024	0.0111637	0.00863993	0.0137901	0.00897941	0.33971	0.0591854	0.112847	0.0690049	0.0120146	0.00965755	0.0198254	0.0247231	0.0494215	0.140459	0.076579	0.00394228	0.00675078
38	0.00475583	0.00264191	0.0933967	0.280279	0.00279324	0.0552122	0.00424412	0.00503834	0.272407	0.0147954	0.00567047	0.0244551	0.0128389	0.105806	0.0627944	0.012427	0.00910612	0.0274714	0.00175195	0.00211447
39	0.0122762	0.0170833	0.0202538	0.017406	0.00697668	0.0207178	0.0482663	0.0427345	0.0212621	0.0204905	0.0343639	0.012815	0.0861841	0.294036	0.269162	0.0237813	0.0183848	0.0140892	0.00459422	0.015122
40	0.122095	0.010273	0.0474739	0.00757576	0.0504523	0.109	0.00522863	0.0254213	0.0138955	0.0243476	0.014969	0.0151147	0.0206673	0.0184261	0.0266703	0.296291	0.144875	0.0376428	0.00307094	0.00650931
41	0.0449206	0.018364	0.0315068	0.00512707	0.128428	0.112486	0.00767126	0.0121463	0.0154375	0.0436553	0.0171496	0.0521159	0.0176299	0.0125292	0.0309335	0.354486	0.0608805	0.0165034	0.00338929	0.014639
42	0.19832	0.00775411	0.0403197	0.0156411	0.0156058	0.100261	0.0109993	0.0236322	0.0166683	0.0163127	0.0605847	0.0118529	0.0330017	0.0798437	0.0305186	0.11629	0.166982	0.0435681	0.00421823	0.00762639
43	0.152924	0.0066881	0.035561	0.0179137	0.0275775	0.0385732	0.0106171	0.0865614	0.0308544	0.0473725	0.0277943	0.0120406	0.0218459	0.0248958	0.0276527	0.173253	0.170608	0.0711221	0.00426356	0.0118809
44	0.12021	0.0164865	0.0320237	0.00775948	0.120925	0.0438572	0.0132502	0.0415111	0.0177856	0.041908	0.0172292	0.0164837	0.0177419	0.0192435	0.0196654	0.228853	0.143036	0.046898	0.00320144	0.0319321
45	0.0464576	0.052315	0.0109068	0.00489747	0.222466	0.0172225	0.0282648	0.125952	0.00807146	0.125454	0.0209423	0.00907534	0.00831646	0.0127508	0.0177319	0.0956158	0.0333413	0.036514	0.00447453	0.11923
46	0.0773215	0.0217239	0.0219376	0.00310246	0.163544	0.0587072	0.0101497	0.0279079	0.00747788	0.0652591	0.0148688	0.0178088	0.0187057	0.0100533	0.0158712	0.32656	0.073571	0.0253311	0.00261013	0.0374887
47	0.0168192	0.00766111	0.308018	0.035942	0.0101634	0.0893483	0.0468151	0.0110175	0.0500789	0.0165756	0.01008	0.215641	0.0137085	0.0331477	0.035417	0.032127	0.018352	0.0223659	0.00416776	0.0225544
48	0.00701907	0.00339051	0.212532	0.343749	0.00296475	0.0398781	0.0184327	0.00817808	0.079826	0.0098515	0.00444214	0.0215491	0.0163599	0.0873567	0.0348672	0.016671	0.017028	0.0703762	0.00141231	0.00411583
49	0.00465993	0.00279473	0.0191084	0.0476408	0.0036637	0.030654	0.00421053	0.00750728	0.553609	0.0158253	0.0104731	0.0828038	0.00931882	0.0271896	0.0974477	0.0385293	0.0254056	0.0128375	0.00196641	0.0043548
50	0.263342	0.0033899	0.0343602	0.00167077	0.0265632	0.0241247	0.00231613	0.0543552	0.00353472	0.0138989	0.00913172	0.00351669	0.0110246	0.00902245	0.00854643	0.245242	0.191489	0.0863076	0.00114483	0.00702007
51	0.112669	0.0120041	0.056753	0.00379836	0.0551186	0.119999	0.00394218	0.015867	0.00608038	0.0202447	0.0138867	0.0153317	0.0147987	0.0176007	0.0244	0.342528	0.1286	0.0299852	0.00180962	0.00458396
52	0.0130069	0.0200676	0.025857	0.0373671	0.00827271	0.0245159	0.0717126	0.0422813	0.0383227	0.0217072	0.0342434	0.0141853	0.0421631	0.296386	0.2259	0.0209124	0.0172157	0.0151511	0.00507992	0.0256525
53	0.157234	0.0147567	0.0512629	0.00654198	0.0429042	0.127686	0.0047764	0.0209627	0.00889554	0.021154	0.014516	0.0152098	0.0190237	0.0217685	0.0319372	0.273616	0.119908	0.0372642	0.00296703	0.00761499
54	0.00605595	0.00177134	0.00398518	0.00370631	0.00468525	0.00926936	0.00352418	0.386325	0.0115942	0.173246	0.142839	0.00363907	0.00305135	0.017012	0.0180229	0.0289011	0.0554196	0.12188	0.00165714	0.00341525
55	0.0256115	0.0766597	0.0387312	0.0119234	0.0379295	0.0653136	0.0307369	0.0154864	0.0950222	0.035608	0.0155851	0.110196	0.0134446	0.033127	0.12484	0.195588	0.0357083	0.020348	0.00635388	0.0117861
56	0.0750076	0.0040617	0.0164187	0.00682286	0.0145957	0.0158509	0.00514285	0.28401	0.0185086	0.103683	0.0641287	0.00643192	0.0111183	0.0185762	0.0199242	0.097317	0.141605	0.0877732	0.00195377	0.00706931
57	0.0267462	0.00570866	0.0161643	0.0137121	0.0180387	0.0391559	0.0116965	0.174213	0.0283801	0.0975133	0.172288	0.0151714	0.0124764	0.038563	0.0513609	0.0579776	0.0418424	0.137752	0.0288749	0.0123649
58	0.0101358	0.00621152	0.0107097	0.00704359	0.00940915	0.0159223	0.0597241	0.00984492	0.0109902	0.155428	0.008152	0.0086816	0.384384	0.0182478	0.0301669	0.204121	0.0235678	0.0143244	0.00555622	0.00737836
59	0.00854063	0.199027	0.0206263	0.00720764	0.00973423	0.0132528	0.217565	0.0121553	0.0131334	0.0928143	0.00882572	0.0152743	0.0103808	0.0965536	0.206506	0.0184115	0.0119186	0.0114851	0.00664744	0.0199398
60	0.0533885	0.00691777	0.0406569	0.050531	0.0196377	0.0305913	0.0130498	0.127266	0.0349482	0.0634577	0.0971339	0.0151868	0.0147175	0.0347341	0.0230323	0.0647118	0.0507132	0.23857	0.00437241	0.0163842
61	0.024848	0.00726172	0.0230134	0.019615	0.0206256	0.0855447	0.0118153	0.105822	0.0218877	0.118443	0.107322	0.019191	0.0170157	0.0246926	0.0357308	0.0514983	0.0279108	0.247426	0.0196719	0.0106646
62	0.00462826	0.00267137	0.0245527	0.0584636	0.00372871	0.0321544	0.00407224	0.0113741	0.526772	0.0189147	0.0114983	0.0800149	0.009656	0.0305789	0.0945761	0.0365313	0.0265951	0.0151288	0.00439846	0.00369056
63	0.00498382	0.00598327	0.0188655	0.0468367	0.00363252	0.0416323	0.00700236	0.00733121	0.48415	0.0132038	0.0101212	0.0890626	0.00964119	0.0257381	0.139596	0.0418809	0.0294129	0.0139915	0.00392931	0.00300453
64	0.00524289	0.00329543	0.0218204	0.0558464	0.00456386	0.036961	0.00633947	0.00641762	0.528701	0.0164287	0.0110874	0.0799211	0.00871235	0.0297604	0.099767	0.0367325	0.0246136	0.0173412	0.00217881	0.00426915
65	0.010338	0.0095629	0.00491683	0.00372538	0.0321636	0.0113718	0.00904623	0.349118	0.0118636	0.182097	0.106446	0.00446819	0.00772483	0.0158185	0.0195346	0.035498	0.056505	0.105184	0.00261131	0.0220069
66	0.0176112	0.0205682	0.0662618	0.0971769	0.0125306	0.0318474	0.0833416	0.0311519	0.076133	0.031373	0.025257	0.02171	0.0239656	0.236044	0.0848278	0.0331741	0.0236646	0.0353472	0.00851555	0.0394982
67	0.00526499	0.00336588	0.0175366	0.0478475	0.00328726	0.0319075	0.0064354	0.00632994	0.539691	0.0159408	0.010212	0.084107	0.0128352	0.029163	0.102315	0.0384584	0.0266717	0.0127977	0.00318906	0.00264365
68	0.00846869	0.0105404	0.00520268	0.00362797	0.0349552	0.00891081	0.00867178	0.357851	0.0115319	0.183775	0.107226	0.00408516	0.0035956	0.0152245	0.0205009	0.0341727	0.0554392	0.102185	0.00322437	0.0208115
69	0.00622065	0.00375563	0.028273	0.0737014	0.00416961	0.111564	0.00448839	0.00655979	0.38236	0.016787	0.0149862	0.0591599	0.0142676	0.0254717	0.168796	0.0295775	0.020773	0.0124564	0.0133353	0.00329572
70	0.00951409	0.00405139	0.0101138	0.00603095	0.00839553	0.0181006	0.0551507	0.00769888	0.00893	0.159521	0.00771615	0.00614434	0.401762	0.0141881	0.0267823	0.210975	0.0221277	0.0116335	0.00484839	0.00631559
71	0.00904077	0.00180151	0.00395936	0.00348915	0.00412183	0.0130147	0.00390882	0.34696	0.0103365	0.139279	0.153658	0.00385878	0.00300464	0.0190303	0.0163032	0.0328322	0.0467984	0.182743	0.00205538	0.00380427
72	0.00812155	0.00178373	0.00425136	0.00379906	0.00431941	0.011134	0.00600137	0.381446	0.0120447	0.143671	0.119898	0.00424018	0.00385131	0.0137455	0.0131119	0.0347967	0.0580947	0.167603	0.0021343	0.00595249
73	0.00591941	0.00316157	0.210288	0.361905	0.00300833	0.0405083	0.0170887	0.00811344	0.0734923	0.00961222	0.00375641	0.0193727	0.0156734	0.0877459	0.0350538	0.0153163	0.0152217	0.070235	0.0017113	0.00281613
74	0.029201	0.0997974	0.0195952	0.00560341	0.206396	0.0135575	0.0584361	0.0580457	0.0084553	0.115895	0.00814219	0.0132793	0.00714358	0.0392904	0.0314777	0.0511608	0.0113209	0.0207698	0.00498684	0.197445
75	0.0158027	0.0097144	0.0967446	0.0371036	0.0187331	0.0515447	0.0240023	0.0164768	0.24081	0.0247238	0.0153687	0.16539	0.0167414	0.0316974	0.0827303	0.0656722	0.0287351	0.0290998	0.00548182	0.0234275
76	0.00508827	0.00321161	0.0243515	0.0672141	0.00372955	0.0347456	0.00830599	0.00834332	0.507825	0.0178185	0.0128768	0.0726087	0.0109757	0.0413718	0.0972482	0.034455	0.0249154	0.0159941	0.00352045	0.0054004
77	0.0408245	0.0192419	0.0300059	0.0219347	0.0262814	0.0603056	0.0225004	0.0235832	0.143614	0.0424458	0.02234	0.0466703	0.041495	0.0417944	0.149879	0.163698	0.0486588	0.027277	0.017885	0.00956594
78	0.0389289	0.0136969	0.05534	0.0599392	0.0285703	0.157739	0.0176221	0.0210772	0.103544	0.0444254	0.0380466	0.0368127	0.0223701	0.0331688	0.0980665	0.0973578	0.0429504	0.0459338	0.0313209	0.0130889
79	0.00332034	0.00286911	0.0153349	0.0370745	0.00240132	0.0366919	0.0041315	0.00475001	0.556071	0.0127899	0.0109308	0.0888577	0.00773448	0.0189192	0.119692	0.0363391	0.025854	0.0100777	0.00412383	0.0020362
80	0.0405757	0.0101603	0.0469416	0.0568314	0.0214035	0.12356	0.0236052	0.0179711	0.0641616	0.0563465	0.0214734	0.0259086	0.158596	0.045158	0.0723886	0.109939	0.0517342	0.0271554	0.0147616	0.0113287
81	0.0311483	0.0296043	0.0253564	0.00950949	0.101644	0.0161966	0.0993063	0.139187	0.0137644	0.0774476	0.0268405	0.0165067	0.0111282	0.040107	0.0274571	0.0426388	0.0239603	0.0939648	0.00456232	0.169669
82	0.0833221	0.0165467	0.0467314	0.00941694	0.0604813	0.135433	0.0131564	0.0192417	0.0270118	0.0394227	0.0174498	0.0259043	0.0364965	0.0237128	0.0414532	0.276902	0.0828865	0.0285682	0.00449406	0.0113684
83	0.00880437	0.0036961	0.0689392	0.247505	0.00521524	0.033954	0.0124428	0.00819439	0.238312	0.0337931	0.0090608	0.0250192	0.0232598	0.16703	0.0504185	0.016216	0.0142703	0.026895	0.00224204	0.0047325
84	0.226278	0.00998043	0.0349725	0.0107941	0.0430981	0.0387334	0.00832095	0.0466322	0.0123014	0.0290789	0.0188712	0.00609433	0.0174841	0.0203812	0.0165673	0.210111	0.151246	0.0774875	0.00545093	0.0161159
85	0.0707373	0.0334654	0.0399524	0.00701083	0.109464	0.0167159	0.141087	0.0476336	0.0154014	0.0584764	0.0109272	0.0196525	0.011477	0.0765339	0.0335636	0.0524786	0.0208952	0.0315608	0.00598196	0.196985
86	0.036829	0.0029508	0.0101064	0.00442358	0.0107672	0.0120972	0.00604875	0.364606	0.0160495	0.118767	0.0725987	0.0068247	0.00702114	0.0131741	0.0172636	0.0838538	0.11	0.0973579	0.00199482	0.00726625
87	0.00811766	0.00405153	0.166874	0.357868	0.00346793	0.0412107	0.0156409	0.0167751	0.0698256	0.015207	0.00862223	0.0154608	0.0201985	0.0819485	0.0351208	0.0182078	0.0186459	0.0963091	0.00245673	0.00399197
88	0.00709536	0.00271023	0.00510801	0.00466639	0.00446956	0.0110852	0.00462904	0.367807	0.0126564	0.152787	0.152702	0.00486523	0.0033612	0.0226682	0.0220433	0.0308971	0.0507959	0.133348	0.00255938	0.00374618
89	0.0218622	0.018211	0.0668693	0.0898743	0.0110969	0.0333533	0.0719715	0.0346236	0.0813163	0.0314194	0.0266175	0.0238212	0.0268049	0.240591	0.0880801	0.0349	0.0261572	0.0347668	0.00782409	0.0298392
90	0.0959056	0.0143296	0.0318941	0.0106483	0.063234	0.0511004	0.0154874	0.0382135	0.0332955	0.0642405	0.018355	0.0203581	0.0621156	0.0180295	0.0304336	0.271138	0.0915333	0.0452342	0.00313163	0.0213225
91	0.0346926	0.0427573	0.0410569	0.0110339	0.135554	0.0236583	0.0746548	0.0531354	0.0212466	0.0732107	0.0160247	0.0250769	0.0110456	0.0702606	0.0389618	0.0567002	0.0186671	0.0268427	0.00583866	0.219581
92	0.0219205	0.0125043	0.00999511	0.00662965	0.0341155	0.0112957	0.0129265	0.332307	0.0137261	0.1449	0.0996227	0.00640907	0.00802144	0.0188603	0.0203323	0.047386	0.0591387	0.110286	0.00238467	0.0272393
93	0.0367803	0.010376	0.058792	0.0610809	0.0294656	0.155087	0.0160537	0.0264631	0.0916083	0.0407753	0.0379077	0.0390782	0.0277809	0.0365	0.0876285	0.114392	0.0440817	0.0473176	0.0279734	0.0108571
94	0.0578431	0.00900086	0.0402749	0.048459	0.0166406	0.0338109	0.0140307	0.117816	0.0444899	0.0684443	0.0864106	0.0177201	0.0164697	0.0358126	0.0340143	0.0737162	0.0570116	0.211252	0.00511183	0.0116713
95	0.0192618	0.0186982	0.018287	0.0168504	0.0671336	0.0284281	0.022568	0.130553	0.0406938	0.192796	0.0543849	0.0158784	0.069554	0.0210847	0.0419884	0.0924236	0.0342697	0.0549378	0.0221722	0.0380366
96	0.267115	0.00289526	0.0348003	0.00329965	0.0270207	0.0245133	0.00274469	0.0454033	0.00390949	0.0141513	0.00809667	0.00314664	0.0132158	0.0113611	0.00822319	0.236696	0.192503	0.09253	0.00114466	0.00722961
97	0.008667	0.201434	0.0226746	0.00822225	0.00868214	0.0129685	0.209092	0.0111268	0.0144771	0.0752733	0.00920312	0.0129177	0.0105395	0.120096	0.206627	0.017334	0.0116734	0.0114116	0.00564451	0.0219353
98	0.168266	0.00626375	0.0314822	0.00414599	0.0459791	0.0460136	0.00425653	0.0504162	0.0165577	0.0342297	0.0143519	0.0109417	0.0225569	0.0128191	0.014747	0.29177	0.158197	0.0587103	0.00185233	0.00644329
99	0.00498361	0.00427144	0.0129769	0.0259609	0.00330312	0.0392488	0.00405073	0.00512394	0.512784	0.0111112	0.00862298	0.0938358	0.0119437	0.0166712	0.146571	0.0426505	0.0405953	0.0100459	0.00256757	0.00268054
100	0.0100081	0.00282179	0.00512012	0.0038275	0.00566923	0.0120543	0.00575185	0.370353	0.0118486	0.139759	0.119679	0.0047728	0.00366634	0.0163791	0.0166101	0.038086	0.0558604	0.171234	0.00153637	0.00496189
101	0.0127225	0.00325033	0.00731594	0.00484029	0.0100599	0.0146287	0.0366443	0.00742393	0.0080223	0.191923	0.00547197	0.00583504	0.397288	0.00932919	0.0239733	0.214676	0.0252205	0.0123314	0.0043726	0.00467151
102	0.009478	0.00888524	0.0072262	0.0057701	0.0284418	0.0101439	0.0103116	0.344031	0.0122381	0.192124	0.108341	0.00523985	0.00782623	0.0165861	0.0189218	0.0334477	0.055028	0.101547	0.00285868	0.0215532
103	0.0314857	0.00469622	0.015055	0.00909789	0.00757592	0.0656082	0.00862785	0.103451	0.0146814	0.0635657	0.19176	0.0125918	0.00949353	0.028269	0.0273503	0.0384165	0.0226426	0.323502	0.0154619	0.00666675
104	0.0149751	0.0121845	0.323673	0.0415885	0.0113314	0.0474333	0.106178	0.0120074	0.0271156	0.0188551	0.0100416	0.147458	0.0158221	0.0532971	0.0320075	0.0218837	0.0169999	0.0274916	0.00505565	0.0546012
105	0.00873866	0.00523835	0.0167685	0.036214	0.00640589	0.0299276	0.00699721	0.024001	0.491844	0.0601921	0.0517338	0.0557559	0.0125244	0.0285529	0.0733316	0.0330996	0.0255915	0.0215296	0.00485782	0.00669551
106	0.00462546	0.00328439	0.0204475	0.0544372	0.00284169	0.0325777	0.00387514	0.00381231	0.548501	0.0125467	0.00829174	0.0865693	0.00890923	0.0246787	0.102231	0.0390335	0.0269705	0.012767	0.00172795	0.0018715
107	0.0174751	0.0118959	0.0212493	0.0140366	0.0185542	0.103746	0.0200039	0.0207082	0.0310693	0.105732	0.0787298	0.0215489	0.0237932	0.0257115	0.175776	0.0351062	0.0184463	0.0250801	0.218373	0.0129645
108	0.268644	0.00301535	0.0352635	0.00161022	0.0260794	0.0230886	0.00219887	0.0484724	0.00307034	0.0117878	0.00713214	0.00277562	0.0111743	0.00876367	0.00788148	0.248341	0.195756	0.0868254	0.00106331	0.00705643
109	0.0052819	0.00305694	0.0778088	0.277887	0.00313723	0.0390854	0.00898311	0.00595266	0.255905	0.0189148	0.00623809	0.0259931	0.0134504	0.155707	0.0507892	0.0114259	0.00927256	0.027303	0.00128345	0.00252357
110	0.00923424	0.0076804	0.00485851	0.00465875	0.0256265	0.0100965	0.0072249	0.366038	0.0119606	0.178886	0.114308	0.0040387	0.00392744	0.014748	0.0200176	0.033222	0.0564672	0.107673	0.00216503	0.0171696
111	0.0175165	0.00815831	0.0122085	0.0097304	0.0130704	0.0272137	0.0337622	0.00980273	0.0286286	0.133438	0.00953357	0.0149412	0.331799	0.0224371	0.0691526	0.201106	0.0283813	0.015526	0.00720169	0.00639246
112	0.00670271	0.00395989	0.0224074	0.0541279	0.00480201	0.0290621	0.0072853	0.00633473	0.534246	0.0165604	0.0111925	0.0785151	0.0151381	0.0295749	0.0945637	0.0368859	0.0258691	0.0162637	0.00320962	0.0032984
113	0.0316199	0.00912279	0.238394	0.153019	0.0137181	0.0554475	0.0378072	0.0165725	0.0640821	0.0241421	0.0142389	0.0527854	0.0194473	0.0654799	0.0423259	0.0553346	0.0347257	0.0476613	0.00484603	0.0192302
114	0.00769374	0.00700078	0.00552635	0.00453983	0.026546	0.00961653	0.00729793	0.357466	0.0130023	0.181945	0.116888	0.00413937	0.00503961	0.0165433	0.0208917	0.0336771	0.0549253	0.105083	0.00461773	0.0175614
115	0.00315468	0.00343826	0.0120784	0.0143337	0.00293388	0.025467	0.00377423	0.00411401	0.565014	0.0115053	0.00839456	0.120678	0.00599638	0.0104528	0.108874	0.0496909	0.0369678	0.00935521	0.00181932	0.00195706
116	0.00895942	0.00393057	0.151141	0.343138	0.00379327	0.0458264	0.0140828	0.0091039	0.123021	0.0137493	0.00761394	0.0178569	0.0202518	0.0930787	0.0474272	0.0167677	0.0165048	0.0583714	0.00297028	0.00241136
117	0.0119611	0.0453189	0.0268717	0.0159743	0.00661905	0.0147366	0.195659	0.0171266	0.0314496	0.0242723	0.0133516	0.0156575	0.0195106	0.325133	0.133138	0.0148734	0.0119827	0.0116845	0.00453574	0.0601429
118	0.0261107	0.0105973	0.0101915	0.00791263	0.0287845	0.0133599	0.0114017	0.324009	0.0222705	0.139322	0.101045	0.0085257	0.00594914	0.0255817	0.0257065	0.0476195	0.0630054	0.102276	0.00256314	0.0237679
119	0.0148604	0.0122554	0.0230098	0.0186491	0.0192499	0.100354	0.0180291	0.022873	0.0312257	0.099288	0.0783354	0.0217351	0.0220106	0.0272077	0.168685	0.0403214	0.0200443	0.0235787	0.223309	0.0149781
120	0.009129	0.00425098	0.138472	0.333689	0.00400148	0.0482381	0.013259	0.0107306	0.128573	0.0164737	0.0074571	0.0189529	0.0178788	0.0985697	0.0521505	0.0168776	0.0177595	0.054233	0.00518988	0.00411363
121	0.245336	0.00423904	0.0597756	0.0200289	0.0235933	0.0309917	0.00691367	0.0402192	0.010355	0.0151122	0.0130264	0.00764353	0.0136641	0.018116	0.0145147	0.20426	0.161291	0.0991197	0.00297106	0.00882972
122	0.0292178	0.00966365	0.0644709	0.0440299	0.0155013	0.0469829	0.0225043	0.0495231	0.0892928	0.044361	0.0593857	0.105685	0.017051	0.0354283	0.0517995	0.0508416	0.0327244	0.204395	0.0104012	0.0167405
123	0.00978146	0.00605312	0.19122	0.293711	0.00408345	0.0355505	0.0170354	0.0111654	0.0784548	0.0138695	0.00669892	0.0184348	0.0185426	0.127338	0.0388509	0.040624	0.0191262	0.0583518	0.00264268	0.00846565
124	0.00548606	0.00159665	0.00387319	0.00383557	0.00437682	0.00913415	0.00349306	0.381249	0.0112736	0.182933	0.147754	0.00371958	0.00285271	0.0161689	0.018106	0.0284034	0.0519291	0.118925	0.00208522	0.0028052
125	0.264358	0.00311282	0.033663	0.00493061	0.0256994	0.0268518	0.00318756	0.0474126	0.00598837	0.0122296	0.00922283	0.00341596	0.0174013	0.0120736	0.0094341	0.230178	0.199971	0.0831138	0.00111431	0.00664198
126	0.0346689	0.0821889	0.00705019	0.0038824	0.277194	0.0108839	0.0338153	0.0723788	0.00543652	0.143226	0.00740872	0.00761107	0.00612958	0.00976222	0.0116487	0.0699383	0.0114468	0.0172974	0.0042848	0.183748
127	0.054763	0.0047543	0.0126332	0.0073708	0.00620277	0.0388958	0.00749848	0.101993	0.0113325	0.0495834	0.220709	0.0125871	0.00951029	0.0313281	0.0187961	0.0436873	0.026147	0.329805	0.00650246	0.00590109
128	0.0198619	0.00796808	0.0112354	0.00929909	0.0223036	0.0259744	0.0109491	0.227741	0.0153331	0.151514	0.107676	0.0105496	0.0123069	0.0188649	0.0218548	0.0477865	0.0418839	0.211583	0.00808419	0.0172305
129	0.0412309	0.00979769	0.173127	0.109039	0.0162472	0.145167	0.0251139	0.0106467	0.06734	0.0200736	0.0136137	0.0499219	0.0171373	0.0500892	0.058114	0.0880728	0.0439167	0.0391349	0.00882348	0.0133922
130	0.00565179	0.00320773	0.0872606	0.28847	0.00304264	0.0387998	0.00822892	0.00611771	0.236046	0.0175792	0.00531021	0.0249443	0.0135557	0.156304	0.0500822	0.0123227	0.00997484	0.0283318	0.00140174	0.00336796
131	0.0086137	0.00335315	0.0980833	0.289907	0.00392337	0.0976375	0.00786999	0.00904753	0.184268	0.0125333	0.00753738	0.0195289	0.0188453	0.0725615	0.0951419	0.0140322	0.0125018	0.0376563	0.00383951	0.00311842
132	0.0421905	0.00950187	0.187196	0.0933419	0.0147713	0.150737	0.0232646	0.0139501	0.0605168	0.0207414	0.0158498	0.0590543	0.0154294	0.0539584	0.0604511	0.0812744	0.0413592	0.033782	0.00921537	0.0134146
133	0.00664812	0.00303796	0.0212192	0.0448771	0.00594819	0.0350297	0.00523495	0.0077375	0.540138	0.0159804	0.0108528	0.0828428	0.00856496	0.0237545	0.0999763	0.0394443	0.0272211	0.0135542	0.00362587	0.00431238
134	0.00529286	0.00571571	0.0130709	0.00972918	0.00728987	0.0268398	0.00429446	0.00715901	0.488555	0.0133436	0.00939446	0.128276	0.00844243	0.0111083	0.101122	0.0952051	0.0496087	0.0110321	0.00174147	0.00277966
135	0.0672819	0.01736	0.0257568	0.00550369	0.155876	0.0578544	0.0131113	0.0336019	0.0101268	0.0629905	0.0457018	0.0210366	0.013847	0.0148966	0.0222709	0.295955	0.0708082	0.0278337	0.00489655	0.0332914
136	0.0258219	0.00362483	0.00787782	0.00664389	0.00493797	0.0320708	0.00606997	0.142368	0.0102287	0.0643312	0.232347	0.0103167	0.00664076	0.0313743	0.0162646	0.0364139	0.0199488	0.333377	0.00430465	0.00503659
137	0.0217682	0.0261208	0.0212256	0.0143947	0.0779815	0.0289313	0.0250087	0.130469	0.0358189	0.18729	0.0510031	0.0146195	0.0617693	0.0218036	0.0368324	0.0857824	0.0383377	0.0590777	0.0165943	0.0451712
138	0.214859	0.00526865	0.0362269	0.00329377	0.0350891	0.0458432	0.0034685	0.0345625	0.00428272	0.0209863	0.0085562	0.00552952	0.0290359	0.0122809	0.0124389	0.291217	0.165497	0.0641674	0.00125796	0.00613898
139	0.0673806	0.053536	0.00787085	0.0032209	0.266562	0.0158614	0.0261737	0.0710907	0.005079	0.11232	0.00943071	0.00688283	0.00664594	0.00764666	0.00930053	0.138071	0.0260921	0.0260997	0.00309561	0.13764
140	0.266781	0.00274081	0.0355422	0.00336709	0.0239345	0.0241125	0.00307703	0.0459209	0.00404623	0.0118264	0.0149195	0.00348394	0.0136411	0.0106962	0.00866686	0.227634	0.188293	0.103421	0.00115677	0.00674005
141	0.269765	0.00298839	0.0354782	0.00172221	0.0282188	0.0233897	0.00238781	0.0455886	0.00274974	0.011594	0.00719352	0.00279668	0.0116633	0.00847096	0.00765306	0.250924	0.191523	0.0879678	0.000987598	0.0069387
142	0.0160413	0.00475715	0.0421089	0.0960303	0.00754096	0.0342795	0.00893323	0.0303723	0.353563	0.0272573	0.0296639	0.0502107	0.0166937	0.0484989	0.0669637	0.0371314	0.0314393	0.0861065	0.00462345	0.00778469
143	0.00570996	0.00285805	0.0216129	0.0579841	0.00334782	0.0314158	0.00568177	0.0104328	0.521791	0.0163017	0.0117969	0.0798951	0.0125148	0.0293666	0.0988751	0.0368125	0.0277408	0.0166749	0.00609296	0.00309408
144	0.00961763	0.00436956	0.012804	0.00766384	0.00635698	0.142839	0.00809088	0.0101832	0.0176191	0.110099	0.110052	0.0157198	0.0102375	0.0137776	0.226998	0.0169953	0.0108433	0.0171562	0.243888	0.00468886
145	0.0049439	0.00350683	0.0199946	0.0471801	0.00471234	0.0320605	0.00466798	0.00743152	0.550089	0.0142861	0.0100996	0.0853169	0.00813504	0.0261471	0.10204	0.0369307	0.0255024	0.0130148	0.00146335	0.00247661
146	0.0401029	0.00873274	0.225304	0.160451	0.0171957	0.0465554	0.0349492	0.0161598	0.0597158	0.0230664	0.0116603	0.0537148	0.018701	0.0673028	0.0351181	0.0596184	0.0404455	0.0519647	0.00406152	0.0251794
147	0.0384214	0.060864	0.00884945	0.00405675	0.269296	0.0156917	0.0293616	0.0693441	0.00684857	0.160771	0.0113889	0.00906258	0.0121347	0.00967723	0.0151766	0.0994213	0.0179852	0.0223231	0.00386244	0.135463
148	0.00622399	0.00303892	0.0236553	0.0488021	0.00481643	0.0367107	0.00731031	0.0118441	0.515493	0.016621	0.0136875	0.0778958	0.0108605	0.027826	0.106476	0.0367806	0.0273685	0.0163068	0.00333617	0.00494549
149	0.121149	0.0113631	0.0299075	0.00295058	0.0999327	0.0592623	0.00589974	0.0261983	0.00513457	0.0364672	0.0139455	0.013725	0.0154261	0.0120782	0.0162851	0.344758	0.130517	0.039539	0.00168289	0.0137788
150	0.0379427	0.00353155	0.0102985	0.00680856	0.0114681	0.0104163	0.00615515	0.348102	0.0184867	0.126112	0.0774066	0.00584167	0.00924091	0.0144433	0.0181095	0.0660117	0.125745	0.093943	0.00222755	0.00770976
151	0.0176912	0.0238489	0.0172342	0.00876581	0.0681083	0.0323346	0.027085	0.14079	0.0180092	0.189603	0.0560017	0.0122842	0.0592807	0.0257799	0.0511247	0.0798796	0.0365148	0.0639531	0.0299541	0.0417577
152	0.0553815	0.00669144	0.0201375	0.010844	0.0230337	0.0361612	0.00993282	0.18931	0.0273223	0.0951983	0.110571	0.0141526	0.0158546	0.0323139	0.0320786	0.0931103	0.127895	0.0800441	0.00959721	0.0103696
153	0.0130673	0.0192043	0.0329115	0.0485353	0.01057	0.0610443	0.0338343	0.0320419	0.174159	0.0486574	0.0371771	0.039169	0.0286293	0.0752028	0.196667	0.0401902	0.0262719	0.0255356	0.043932	0.0131999
154	0.0138975	0.0322474	0.0337563	0.00909127	0.00953088	0.0120999	0.20704	0.0152786	0.0245731	0.0187877	0.0102486	0.016698	0.0133094	0.304992	0.099184	0.0130768	0.0104011	0.0123745	0.00331243	0.1401
155	0.0354412	0.0546431	0.0242476	0.00477019	0.214479	0.0126088	0.0808413	0.0652497	0.00941162	0.0990307	0.00823498	0.0126915	0.00654056	0.0339431	0.0189305	0.0525112	0.0109502	0.0229986	0.00438604	0.228091
156	0.00768572	0.00247826	0.00476758	0.00503783	0.00669988	0.0116664	0.00434726	0.361828	0.0132306	0.155715	0.1484	0.00503405	0.003693	0.0214664	0.0239679	0.0324736	0.0503259	0.133453	0.00275837	0.00497103
157	0.0372954	0.0573658	0.012805	0.00630854	0.247931	0.0174242	0.0280932	0.0659795	0.00923385	0.171567	0.0130317	0.0106916	0.0206686	0.0133298	0.0177275	0.099142	0.0195479	0.0214003	0.00571411	0.124742
158	0.00775646	0.0030232	0.00706202	0.00495745	0.00909654	0.0133912	0.0356007	0.00620199	0.00803194	0.209172	0.00530425	0.00573669	0.4058	0.00910033	0.0245752	0.205651	0.0199658	0.0108679	0.00452952	0.00417635
159	0.0361229	0.069431	0.0124814	0.0041166	0.263383	0.0128881	0.0400236	0.0707458	0.00754917	0.126154	0.00855466	0.00956957	0.00644864	0.0141362	0.0122714	0.0691322	0.0113091	0.0198298	0.00373208	0.202121
160	0.268787	0.00260824	0.0355407	0.00168644	0.0252996	0.0227916	0.00272016	0.050353	0.00408798	0.0116303	0.0074657	0.00287275	0.0110657	0.00931361	0.00776627	0.246284	0.19489	0.0868992	0.0010127	0.00692553
161	0.00898358	0.00514877	0.139398	0.078451	0.00575342	0.0457298	0.0193233	0.0100306	0.28301	0.0145077	0.00889478	0.161581	0.013074	0.046601	0.0694189	0.0325457	0.0237983	0.019973	0.00254304	0.011234
162	0.00703139	0.00377837	0.211776	0.339779	0.00277535	0.0414393	0.0183168	0.00878164	0.0808946	0.0112787	0.00420278	0.0223404	0.0171069	0.0876629	0.0358377	0.0169784	0.0155569	0.066935	0.00193353	0.00559478
163	0.00522703	0.0040734	0.0262639	0.0703482	0.00384637	0.104446	0.00473734	0.00636945	0.383117	0.0164367	0.0145852	0.0641875	0.0123335	0.0260716	0.176179	0.0303877	0.0210451	0.0134384	0.0133738	0.00353296
164	0.00570006	0.00306341	0.203389	0.35345	0.00332879	0.0362587	0.023089	0.0092093	0.0571459	0.0109833	0.005126	0.0131484	0.0201275	0.0815928	0.0296736	0.0154784	0.0207979	0.103452	0.00182569	0.00315957
165	0.00296854	0.00322648	0.0134474	0.0358671	0.00257495	0.0347692	0.00259487	0.00363467	0.568687	0.0107145	0.00795614	0.0922569	0.00845913	0.0151232	0.118879	0.0395106	0.0261276	0.00931125	0.00216658	0.00172477
166	0.0242965	0.0217583	0.0159176	0.0130492	0.0645762	0.0301702	0.0220284	0.137835	0.0223759	0.201542	0.0534283	0.0146485	0.0666189	0.0233571	0.0455871	0.0879226	0.0372043	0.0592032	0.0237925	0.0346886
167	0.00673448	0.00613652	0.0155988	0.0226712	0.00616835	0.0396503	0.0049677	0.00722243	0.474824	0.0162948	0.00979369	0.095064	0.015384	0.0168516	0.131745	0.0808011	0.0340406	0.0105468	0.00241005	0.00309485
168	0.00767921	0.00334697	0.137486	0.350853	0.00287697	0.0382418	0.0112655	0.00776285	0.125264	0.0126156	0.00527185	0.016121	0.015405	0.13863	0.0423712	0.0134927	0.0132377	0.0523956	0.0022726	0.00341031
169	0.0316791	0.00650313	0.0218557	0.0236556	0.0141994	0.0309646	0.03499	0.0182814	0.0311401	0.121581	0.015476	0.0124029	0.323403	0.0313876	0.0435645	0.160777	0.0402461	0.0198267	0.00877485	0.0092917
170	0.0240067	0.00555993	0.027641	0.027904	0.0107441	0.0276322	0.0335487	0.0138638	0.0288186	0.135529	0.0151778	0.0133908	0.339335	0.0231346	0.0361519	0.163083	0.0345545	0.0266527	0.00602885	0.00724215
171	0.00895002	0.00618642	0.101637	0.29587	0.00421923	0.0440103	0.0149837	0.0121391	0.13895	0.0148587	0.0089932	0.0190742	0.0203097	0.140712	0.0892672	0.0178377	0.0148942	0.0393466	0.00315642	0.00460444
172	0.014474	0.0047023	0.00679952	0.00507803	0.0151342	0.00996677	0.00704069	0.359923	0.0184807	0.166302	0.087432	0.00515205	0.0111092	0.0146581	0.0191296	0.0462552	0.102421	0.0932635	0.00304974	0.00962844
173	0.0320348	0.0426727	0.0418345	0.00936967	0.142238	0.018044	0.0732468	0.0621639	0.0140677	0.0801375	0.0145598	0.0249636	0.00982204	0.0607639	0.0298769	0.0534428	0.0184117	0.0301887	0.00403799	0.238123
174	0.00309998	0.00293837	0.0146413	0.022129	0.00280215	0.0266858	0.00433444	0.00389774	0.5724	0.0105055	0.0083549	0.115413	0.00629661	0.0135478	0.106881	0.0437783	0.0288566	0.00939445	0.00137436	0.00266798
175	0.0443305	0.0520869	0.0143385	0.00779171	0.250439	0.0311753	0.0260486	0.0615717	0.0161465	0.114137	0.0153931	0.014824	0.012302	0.0127445	0.0215955	0.137792	0.0310033	0.0225843	0.00440858	0.109287
176	0.0083762	0.00200744	0.00542721	0.00424912	0.00563889	0.00937839	0.00509199	0.395617	0.0143647	0.162431	0.10215	0.0041597	0.00383196	0.0133554	0.0157869	0.0382411	0.0792829	0.123812	0.00205633	0.00474206
177	0.00575938	0.00357145	0.191868	0.367534	0.00275732	0.0434741	0.0154796	0.00864155	0.089989	0.00990224	0.0037191	0.0175599	0.0150847	0.0881736	0.0376313	0.0147558	0.0139001	0.066001	0.00204764	0.00215004
178	0.00492795	0.00421793	0.0246716	0.0649515	0.00509873	0.0328022	0.00534019	0.00671144	0.522798	0.0162623	0.0112368	0.079858	0.00898627	0.0280789	0.0965924	0.0394766	0.0260991	0.014644	0.00304986	0.00419661
179	0.261432	0.00304548	0.0365441	0.00210132	0.0281729	0.0272582	0.00328703	0.0442644	0.00391674	0.0137564	0.00781686	0.00387279	0.0125567	0.00912074	0.00836024	0.251374	0.190389	0.0833905	0.000999525	0.00834133
180	0.0235145	0.0147717	0.1811	0.1689	0.00890453	0.0451203	0.0411694	0.0130432	0.0656942	0.0179447	0.0113598	0.0350492	0.0187913	0.169817	0.0485917	0.0338008	0.0248996	0.0413618	0.0042727	0.0318938
181	0.0109524	0.0079438	0.0161329	0.0120261	0.00712041	0.122938	0.012991	0.0140891	0.0259385	0.103977	0.0908321	0.0185995	0.0131216	0.0196981	0.224562	0.0228414	0.0125767	0.0169888	0.241033	0.00563793
182	0.0154071	0.0078623	0.318865	0.031385	0.0102182	0.0658498	0.0536611	0.0112217	0.0456225	0.0163355	0.0110497	0.217163	0.0140911	0.0350011	0.0352145	0.0288758	0.0189814	0.0251431	0.00537184	0.0326802
183	0.270928	0.00277149	0.0353594	0.00170529	0.0267146	0.0236293	0.00232333	0.0460617	0.00291888	0.0113189	0.00717611	0.00275034	0.0114816	0.00856617	0.00753003	0.248795	0.19345	0.0884293	0.00102383	0.00706694
184	0.0537862	0.0505604	0.0174258	0.00686457	0.240901	0.0291406	0.0230972	0.0586582	0.014601	0.109954	0.0145386	0.0129613	0.0126956	0.0129306	0.0202415	0.142348	0.0375244	0.0287574	0.00455304	0.108461
185	0.0479252	0.00665619	0.0351642	0.0372801	0.0184878	0.0325225	0.0143713	0.134451	0.0276034	0.0724482	0.100519	0.0159441	0.0179837	0.0321174	0.0280693	0.0589182	0.0484133	0.248184	0.00416384	0.0187769
186	0.244143	0.00496492	0.0484234	0.00258744	0.0300408	0.0422216	0.00415536	0.0394583	0.00328577	0.0120982	0.00884161	0.00587592	0.0112248	0.0116361	0.0124881	0.26192	0.172524	0.0753846	0.00129869	0.00742669
187	0.038	0.0154258	0.0124615	0.00546896	0.0740561	0.0276083	0.0195317	0.0645845	0.0133535	0.160486	0.0268525	0.0114528	0.139656	0.0128538	0.0225831	0.241878	0.048349	0.035642	0.00445182	0.0253045
188	0.0187842	0.00844789	0.0387403	0.0492633	0.0110846	0.153002	0.0134786	0.0121959	0.117125	0.0487828	0.0439707	0.0386328	0.0160622	0.0408966	0.219122	0.0490348	0.0231838	0.0166952	0.0751757	0.00632187
189	0.018366	0.00818098	0.0127498	0.0142929	0.0267337	0.0233702	0.0108071	0.228256	0.0153547	0.175167	0.0980637	0.00807856	0.0205553	0.021154	0.0216117	0.0553503	0.0444281	0.173729	0.00769537	0.0160565
190	0.0589028	0.0158703	0.029539	0.00381527	0.137046	0.103673	0.00673695	0.01444	0.00828573	0.0427884	0.0184502	0.0271398	0.0157866	0.013214	0.0227125	0.369116	0.0751748	0.0182331	0.00308484	0.0159909
191	0.0150371	0.00326592	0.046351	0.170091	0.00502705	0.0611904	0.0075252	0.00800473	0.333554	0.015371	0.00899846	0.0372466	0.0527115	0.0609407	0.10523	0.0210507	0.0230639	0.0186257	0.00346643	0.00324912
192	0.0175323	0.0182811	0.157282	0.0143232	0.0225141	0.0220115	0.0802809	0.0195597	0.0173698	0.0200255	0.0133864	0.0799938	0.0114325	0.128069	0.0318124	0.0200626	0.0148949	0.0218906	0.00440174	0.284876
193	0.0467491	0.0529108	0.0161218	0.00731728	0.252642	0.0289219	0.0260416	0.0558807	0.0115993	0.115728	0.0144784	0.0141056	0.0144411	0.0145222	0.018524	0.134569	0.0298809	0.0224463	0.00381225	0.119307
194	0.00594366	0.00366923	0.17476	0.363495	0.00235119	0.0359326	0.0122425	0.0069287	0.0849729	0.0104392	0.0043297	0.0134071	0.0154553	0.120541	0.034737	0.0158783	0.0141136	0.0754016	0.00120936	0.00419194
195	0.184689	0.0154228	0.026577	0.00642681	0.0855124	0.0228324	0.0178704	0.051326	0.00711539	0.0412593	0.0130389	0.00865265	0.0122106	0.0133359	0.0109304	0.21254	0.113888	0.083992	0.0026015	0.0697785
196	0.0248567	0.00368819	0.00976456	0.00683842	0.00603518	0.0314091	0.00743316	0.170419	0.0103952	0.0806475	0.196965	0.0100973	0.00667528	0.0281723	0.019285	0.0380057	0.0267206	0.306488	0.00863334	0.00747118
