922	20
1	0.0276049	0.00709973	0.0174808	0.0476667	0.0136946	0.00494038	0.0293287	0.0159007	0.244664	0.0133092	0.0159083	0.0341225	0.00524269	0.0840042	0.322568	0.0306008	0.0288048	0.0207288	0.00141799	0.0349121
2	0.0455308	0.00529159	0.00838286	0.0152219	0.0111592	0.00822752	0.0325373	0.0704972	0.17548	0.112517	0.0394882	0.0525342	0.00472272	0.0353108	0.17414	0.02896	0.025498	0.104372	0.0417613	0.00836877
3	0.014526	0.00168782	0.0671531	0.0110793	0.0402295	0.0351338	0.0271766	0.0388377	0.0225561	0.0238683	0.00458964	0.22216	0.00118889	0.0110681	0.0312923	0.221811	0.14284	0.0457212	0.000399779	0.0366806
4	0.00145816	0.000409202	0.000557012	0.00119333	0.668584	0.000665546	0.00156429	0.00476653	0.00198425	0.0707039	0.00351746	0.000932735	0.00148523	0.00369007	0.000936579	0.0095658	0.00210609	0.00647126	0.000309985	0.219098
5	0.443717	0.0265522	0.000898259	0.00636321	0.008892	0.185502	0.00350404	0.00521129	0.00495556	0.00601979	0.00109357	0.0109487	0.00382804	0.00111191	0.00416594	0.26602	0.0163216	0.00387742	0.000216536	0.00080043
6	0.0365949	0.00387661	0.0331972	0.0360846	0.00115616	0.0230675	0.048964	0.012113	0.312333	0.0105151	0.00603124	0.0890946	0.0136443	0.0291686	0.153955	0.0770672	0.0882828	0.0171029	0.0010091	0.00674286
7	0.0390922	0.00796741	0.00332709	0.0159736	0.0239449	0.00897477	0.00891879	0.197567	0.0278832	0.181268	0.0383858	0.0310984	0.00573149	0.0263744	0.033629	0.0326528	0.0582179	0.23627	0.000628636	0.0220945
8	0.0299007	0.00297969	0.00132041	0.000675677	0.00164433	0.00344612	0.0032194	0.00909869	0.00150453	0.000792247	0.000452111	0.00201861	0.856479	0.00367713	0.00321551	0.0472501	0.0244298	0.00366534	0.000112116	0.00411831
9	0.0100882	0.013531	0.322998	0.00789584	0.0833316	0.0289579	0.09025	0.00689429	0.00599879	0.0282027	0.0147215	0.0748006	0.00290843	0.00489596	0.00817223	0.017717	0.0165427	0.0159885	0.000769732	0.245335
10	0.00331722	0.00303104	0.00240594	0.000904553	0.0724171	0.000872234	0.000993988	0.0673268	0.00182645	0.720235	0.0560969	0.00135001	0.0154924	0.00463033	0.00162452	0.0089068	0.00570521	0.0267458	0.00064683	0.00547106
11	0.0153945	0.00397904	0.000479847	0.00111274	0.0287565	0.00210726	0.000959788	0.306473	0.00429753	0.419522	0.0530414	0.000530722	0.00135732	0.00102677	0.00114632	0.00598325	0.0108843	0.136739	0.000801516	0.00540729
12	0.0888228	0.00118535	0.173389	0.32139	0.00439612	0.0402452	0.0199691	0.00694446	0.0397712	0.0147455	0.00618974	0.0405916	0.00238998	0.0702076	0.0177904	0.0709652	0.0653865	0.00892014	0.00013299	0.00656746
13	0.0107479	0.000501053	0.000622183	0.000326433	0.0124268	0.000468598	0.000348272	0.443667	0.00164725	0.108778	0.0717385	0.0036821	0.00201018	0.000579531	0.00158335	0.00185356	0.0324934	0.302349	0.000107331	0.00406897
14	0.0654724	0.00395145	0.0647976	0.0982335	0.00637866	0.0195335	0.0209435	0.0131835	0.117738	0.0173301	0.0124762	0.0523386	0.112711	0.180524	0.091297	0.0526716	0.0386752	0.0187838	0.0013274	0.011632
15	0.0106058	0.00328114	0.00421893	0.0108159	0.0161544	0.00491312	0.0106583	0.172113	0.230558	0.123353	0.0219866	0.00323203	0.00348849	0.0338629	0.193652	0.0340893	0.0311236	0.0840432	0.000985886	0.00686444
16	0.0681402	0.000267159	0.14975	0.171616	0.00584114	0.0617683	0.00854956	0.0102375	0.10139	0.0149429	0.00445077	0.135684	0.00185884	0.0539424	0.0770298	0.0676816	0.0482377	0.00738912	0.000119041	0.0111038
17	0.38747	0.0203647	0.00251964	0.00346744	0.00243297	0.0557762	0.00189007	0.00507263	0.00356897	0.00648242	0.00149775	0.00778827	0.0082915	0.00195848	0.00283213	0.445405	0.0292871	0.0118796	0.000244826	0.0017696
18	0.00160152	0.000399711	0.000665366	0.000859814	0.639567	0.000649544	0.00502294	0.00471865	0.00183393	0.0634951	0.00352367	0.00138607	0.00135835	0.00350755	0.00103001	0.00949572	0.00195918	0.00512907	0.00113879	0.252658
19	0.066785	0.00691669	0.0495311	0.0237022	0.00803745	0.281695	0.0146635	0.0338709	0.0236738	0.0143663	0.0126749	0.124468	0.00690613	0.0128251	0.016342	0.194433	0.0729922	0.0240403	0.00105201	0.011024
20	0.00888169	0.00341409	0.000648848	0.000700825	0.0727329	0.000942616	0.00273283	0.282828	0.00268612	0.39658	0.0640309	0.000886783	0.00369596	0.00229055	0.00353466	0.00612169	0.0112768	0.125455	0.00312699	0.00743323
21	0.0423887	0.00152067	0.151829	0.292241	0.010916	0.00622464	0.0415343	0.0410431	0.0678202	0.0210121	0.0148356	0.0537669	0.00965352	0.0632096	0.0310527	0.0354852	0.0360621	0.0562934	0.00102383	0.0220874
22	0.121603	0.00196146	0.105878	0.151209	0.00916443	0.076034	0.0141208	0.0126548	0.0795693	0.0219881	0.00886329	0.0987514	0.0030979	0.0508062	0.0616033	0.118214	0.0374141	0.00917744	0.000104185	0.017785
23	0.146636	0.010827	0.0099646	0.0202986	0.01309	0.0132448	0.00218092	0.185918	0.0142677	0.0486964	0.0748731	0.00788886	0.00438188	0.00354389	0.00483845	0.0344156	0.131833	0.267401	0.000998473	0.0047012
24	0.00466305	0.00305348	0.0123542	0.00157618	0.080309	0.000951312	0.00256435	0.0691739	0.00256481	0.694818	0.0516324	0.00312444	0.00999017	0.00612992	0.0060859	0.010758	0.00970397	0.0263703	0.000672177	0.00350447
25	0.0327771	0.00714066	0.022217	0.0586121	0.00422099	0.0103135	0.0123768	0.0139431	0.377262	0.0344764	0.0129324	0.0384238	0.00425744	0.0772134	0.197477	0.02982	0.0447979	0.0147681	0.00570963	0.00126126
26	0.13758	0.00334561	0.0737237	0.154623	0.01311	0.0347142	0.0156252	0.0125775	0.0804854	0.0205956	0.0129949	0.0327219	0.0171526	0.0570438	0.0336424	0.187921	0.0786361	0.0178662	0.000346301	0.0152951
27	0.099439	0.00443228	0.00320575	0.00521368	0.007354	0.00368322	0.00316824	0.306941	0.00747093	0.0441084	0.0842171	0.0348035	0.00244467	0.00684636	0.0268896	0.0329611	0.0160302	0.281257	0.000548272	0.0289865
28	0.0442874	0.00855054	0.0410447	0.0262437	0.100342	0.0903904	0.0249279	0.0290995	0.030076	0.0270516	0.0609745	0.185212	0.00736785	0.0230056	0.0270534	0.139537	0.0680064	0.0301745	0.00579098	0.0308642
29	0.0299988	0.00311388	0.00101444	0.000853879	0.0018424	0.00354694	0.00321421	0.00897713	0.0018864	0.000865264	0.000900528	0.00182331	0.859643	0.00363041	0.00424234	0.0446805	0.0214786	0.00403702	9.15464e-05	0.0041592
30	0.0152523	0.00244161	0.00482639	0.00648054	0.0423289	0.0018789	0.00302826	0.456323	0.0100682	0.126064	0.0874537	0.00557489	0.0056142	0.00601132	0.0191212	0.0073517	0.0201613	0.165669	0.00269967	0.0116514
31	0.0407729	0.00485503	0.038395	0.0657363	0.00161554	0.01726	0.0329177	0.0275846	0.24156	0.00721937	0.0112206	0.057419	0.0140839	0.0498027	0.0946919	0.0751925	0.16682	0.0471406	0.0012018	0.00451017
32	0.0570211	0.00134482	0.0366334	0.191281	0.0150524	0.00349215	0.0076211	0.0713739	0.0294323	0.0898589	0.0429384	0.0187174	0.00162665	0.0694909	0.0479032	0.118942	0.0631533	0.117477	0.00698735	0.0096522
33	0.0139074	0.00393827	0.000389584	0.000756921	0.0261306	0.00102911	0.00063876	0.312651	0.00360843	0.421239	0.0577963	0.000657257	0.00143753	0.000757553	0.000718527	0.0057603	0.0100049	0.133247	0.000527905	0.00480276
34	0.0187898	0.000714352	0.237318	0.552787	0.00499368	0.00457447	0.00622027	0.00808022	0.0356478	0.00300987	0.00338265	0.0199283	0.00172609	0.0529265	0.0116518	0.0219096	0.0100971	0.00471929	0.000118408	0.00140569
35	0.00494564	0.00190131	0.00129438	0.00244078	0.381826	0.00106573	0.0202209	0.00388789	0.00763122	0.0879251	0.00854085	0.00369919	0.000828182	0.00239771	0.00148301	0.00763593	0.00198139	0.0073646	0.00472008	0.44821
36	0.0424095	0.00774348	0.00353205	0.0200983	0.0251054	0.00883889	0.00613832	0.211461	0.0336309	0.17761	0.0456902	0.0174837	0.00683565	0.0186915	0.0259323	0.0259849	0.0523193	0.246954	0.0004173	0.0231237
37	0.0440392	0.020814	0.00298715	0.154366	0.00296152	0.00291992	0.00251226	0.14241	0.0188661	0.0057208	0.00409013	0.00397679	0.119408	0.0781792	0.00393245	0.0287564	0.0974053	0.261881	0.00108524	0.00368838
38	0.0443587	0.00534922	0.406851	0.257196	0.0083532	0.0198388	0.00434288	0.00247981	0.0331458	0.00141133	0.00142943	0.00802187	0.0119364	0.0660109	0.0784802	0.0216928	0.0135364	0.00182303	0.000253177	0.0134896
39	0.0756828	0.0031264	0.202124	0.229435	0.00851618	0.0707797	0.0110992	0.0102618	0.0551899	0.013748	0.00786781	0.0611934	0.00480452	0.0606663	0.0518488	0.0703401	0.0324082	0.0100095	0.000298505	0.0205997
40	0.592414	0.0461071	0.00118649	0.0044443	0.00259795	0.0849788	0.00204097	0.0142563	0.0040014	0.0137725	0.0036139	0.00621738	0.00537139	0.00288054	0.00310907	0.151412	0.0263944	0.0302237	0.00172695	0.00325122
41	0.00526523	0.00779029	0.00685903	0.0261687	0.0137325	0.0104212	0.0251015	0.157583	0.174368	0.16149	0.0536708	0.00243935	0.00151041	0.0589874	0.200499	0.0217805	0.00924664	0.0581971	0.000793249	0.00409574
42	0.0724124	0.000885459	0.0654788	0.183516	0.0100441	0.00222649	0.0175297	0.0997564	0.054086	0.0617656	0.0263594	0.0178716	0.00539017	0.0570662	0.0471054	0.06012	0.0606493	0.123413	0.0120789	0.0222442
43	0.0137296	0.00336945	0.00945469	0.0302548	0.00539719	0.00840718	0.0188499	0.0151547	0.356127	0.0142282	0.0129849	0.0303914	0.00501037	0.0407145	0.367394	0.0204028	0.0239469	0.0161403	0.00136397	0.00667825
44	0.0332399	0.00125532	0.116301	0.0244015	0.00251939	0.484702	0.00895004	0.00583972	0.0216358	0.00457723	0.00404254	0.081173	0.0160283	0.00436989	0.0129697	0.133152	0.0318372	0.00586461	0.000301688	0.0068393
45	0.0342096	0.0043646	0.000539299	0.0030724	0.0312398	0.0010936	0.000814491	0.19462	0.00895754	0.510199	0.064993	0.000973818	0.00134183	0.00200785	0.00346238	0.0131951	0.0201353	0.0949911	0.000146268	0.00964324
46	0.10061	0.0176356	0.0346263	0.0160738	0.00651187	0.0315262	0.0175087	0.0134578	0.0161281	0.0112221	0.00510719	0.08544	0.0153789	0.009278	0.0155007	0.396993	0.171989	0.0241393	0.000404992	0.0104686
47	0.00283956	0.00053887	0.00200898	0.000427973	0.219927	0.00171264	0.0457972	0.00328029	0.00599365	0.0104722	0.00398575	0.00872317	0.000266006	0.00230626	0.00220671	0.0103949	0.0011806	0.000721133	0.0130243	0.664193
48	0.16079	0.040022	0.0160745	0.0087402	0.0011736	0.0251133	0.0106894	0.00220079	0.00831149	0.00737289	0.00111738	0.0496752	0.0223136	0.00107654	0.0159631	0.522424	0.091921	0.00574465	0.000237774	0.00903867
49	0.341267	0.0060078	0.00310397	0.00469398	0.00711909	0.0374724	0.00530289	0.0612318	0.0144334	0.0147176	0.0133841	0.00424872	0.00606946	0.00520371	0.0190188	0.203028	0.0275453	0.210862	0.000573297	0.0147165
50	0.187598	0.000787306	0.0395406	0.0326112	0.00895495	0.0299044	0.00615244	0.0140856	0.0228092	0.0165481	0.00240356	0.0346414	0.389504	0.0258126	0.00367891	0.121372	0.0344582	0.0181882	0.000187842	0.0107614
51	0.0203189	0.00465008	0.000420657	0.00124788	0.0341825	0.00076469	0.000325338	0.183411	0.00423716	0.575844	0.0642105	0.000405959	0.00221524	0.000991449	0.000526254	0.00920505	0.0110754	0.0793122	0.000159958	0.00649528
52	0.00978135	0.00418354	0.00443482	0.00614369	0.013542	0.00244405	0.0229107	0.0171763	0.310257	0.014418	0.018384	0.0251088	0.000505973	0.0420634	0.439666	0.0130856	0.0171506	0.0208133	0.000111998	0.0178187
53	0.0880277	0.0394304	0.000631755	0.001057	0.000821669	0.000782406	0.000591296	0.243033	0.00105381	0.207583	0.0717364	0.00101345	0.0163485	0.00099462	0.0032249	0.00932053	0.0392434	0.273882	0.000234899	0.000989395
54	0.0281548	0.0131082	0.0122172	0.022677	0.00280073	0.00668051	0.0112445	0.0350234	0.390871	0.0288835	0.0155453	0.038089	0.0200725	0.0420566	0.156553	0.018957	0.0940487	0.0544386	0.00258825	0.00599019
55	0.00747653	0.00292419	0.000880842	0.000724774	0.119848	0.000640873	0.00299245	0.195304	0.00172975	0.419892	0.0913528	0.00113358	0.00733913	0.00407846	0.00410173	0.00817322	0.0144552	0.103553	0.00409828	0.0093018
56	0.0478993	0.0154076	0.0359743	0.12007	0.01589	0.00791884	0.0377803	0.00481437	0.167798	0.00847398	0.0122527	0.0521847	0.00184582	0.142015	0.181326	0.0516572	0.0289656	0.0115421	0.00345291	0.0527318
57	0.00639494	0.00304298	0.000844917	0.000779961	0.0369644	0.000418274	0.000429779	0.0997066	0.00185921	0.718579	0.0622409	0.000406313	0.0080277	0.00328603	0.000722019	0.00901063	0.00613059	0.037248	0.000243003	0.00366523
58	0.0324664	0.00149377	0.00365167	0.00957908	0.0106121	0.00177675	0.0242215	0.20708	0.0341432	0.0416754	0.0285002	0.0246676	0.0139059	0.0133296	0.0292377	0.0488509	0.196646	0.221019	0.00524303	0.0519004
59	0.0395411	0.00870148	0.00332212	0.0176857	0.0251377	0.00863543	0.00679716	0.206374	0.0305285	0.174494	0.0412437	0.0217609	0.00628415	0.0198287	0.0286259	0.0294769	0.0584293	0.249957	0.000774257	0.0224019
60	0.00940143	0.00318711	0.00361193	0.00505373	0.334132	0.0039091	0.0801954	0.0285677	0.0639952	0.0630181	0.0506139	0.0444324	0.00538196	0.00581757	0.043678	0.00921514	0.0297238	0.00906388	0.0629149	0.144086
61	0.0159371	0.00192292	0.000746382	0.000685933	0.00946448	0.000989783	0.000472107	0.424982	0.00192471	0.0940552	0.055709	0.00352305	0.00234939	0.000970178	0.00178375	0.0041391	0.0254526	0.350065	0.000148578	0.00467852
62	0.00292026	0.000583116	0.00199817	0.000463819	0.220399	0.00170941	0.0455367	0.0032642	0.00609566	0.0118135	0.00409854	0.0086163	0.000268485	0.00229925	0.00220791	0.0103816	0.00120206	0.000830197	0.0128844	0.662427
63	0.00445932	0.00268497	0.00108256	0.000732393	0.137257	0.00064706	0.00392102	0.191995	0.00125046	0.398991	0.0910922	0.00131758	0.00837451	0.00471979	0.00530284	0.00760523	0.0151229	0.106854	0.00546653	0.0111249
64	0.0588905	0.0573408	0.0137022	0.0132052	0.00791287	0.504557	0.0104028	0.0249908	0.0228277	0.0178774	0.0155637	0.0236106	0.0104216	0.0166867	0.0697268	0.0296914	0.0241455	0.0587756	0.0061242	0.0135466
65	0.0398853	0.00781105	0.429868	0.253208	0.0068989	0.0142644	0.00468838	0.00542399	0.0274064	0.00171871	0.00155267	0.0220117	0.0122793	0.0604553	0.0506181	0.0286651	0.0170576	0.00349699	0.000201455	0.0124886
66	0.00934082	0.003361	0.000686929	0.000524814	0.0223077	0.0011687	0.000691127	0.412041	0.00361926	0.302291	0.0576629	0.00115692	0.00151937	0.000602567	0.00132799	0.00366146	0.0113456	0.161999	0.000512639	0.00417965
67	0.0289441	0.00313927	0.000434793	0.000558747	0.00166384	0.00266312	0.00318081	0.00894333	0.000886159	0.00194838	0.000532868	0.0019147	0.865515	0.00327934	0.0037257	0.0435954	0.0203715	0.00349865	0.000150732	0.00505391
68	0.0368688	0.00714796	0.00362498	0.0049479	0.186222	0.000808296	0.0125207	0.152807	0.00779411	0.195165	0.0871802	0.0023085	0.00532519	0.0108254	0.0122115	0.0280737	0.0355639	0.0840913	0.00861014	0.117903
69	0.0240094	0.00645517	0.00174383	0.00407503	0.031316	0.00236426	0.00251834	0.317389	0.00679669	0.194247	0.138265	0.00511971	0.00519509	0.0046361	0.00537276	0.0084677	0.0375244	0.192359	0.00105368	0.0110927
70	0.0413645	0.00427579	0.0381656	0.0355213	0.00139197	0.0242671	0.0473972	0.0139845	0.262041	0.013211	0.00634296	0.107782	0.0121702	0.0325554	0.158759	0.0759222	0.095938	0.0178143	0.00100545	0.0100902
71	0.171005	0.0237844	0.0179581	0.0243618	0.00634087	0.292293	0.00765497	0.0516008	0.0269137	0.0196018	0.0215951	0.0406995	0.0112316	0.0148715	0.0166154	0.110218	0.0926971	0.0393689	0.00156554	0.00962268
72	0.0775727	0.00456904	0.0130691	0.0114213	0.00588234	0.0315949	0.0144106	0.0260047	0.0185642	0.0177792	0.00790336	0.0940966	0.0034083	0.013782	0.0108251	0.341561	0.244792	0.0541378	0.000281282	0.00834436
73	0.00398602	0.00122936	0.000970333	0.00168008	0.609837	0.000799548	0.00352662	0.0140672	0.00368065	0.0915932	0.00997428	0.00147219	0.00189984	0.00415243	0.00217233	0.0100923	0.00387966	0.012892	0.00123881	0.220856
74	0.00104055	0.000164429	0.000595913	0.000258072	0.00548378	0.000214702	0.000301444	0.687495	0.000475279	0.0252778	0.00525922	0.000339462	0.00259104	0.000709384	0.00192323	0.00236016	0.00790689	0.255479	0.000407445	0.00171799
75	0.00138597	0.000180271	0.000523129	0.000269976	0.00525783	0.00023483	0.000397548	0.714765	0.000490729	0.0223311	0.00534219	0.00035884	0.0024194	0.000609117	0.00203237	0.00253828	0.00885303	0.229393	0.000320398	0.00229649
76	0.0262177	0.0100721	0.0361786	0.030282	0.00780618	0.0200056	0.0525351	0.016173	0.226725	0.0143898	0.00966265	0.207404	0.00551599	0.0347729	0.198746	0.0375159	0.0299163	0.0153708	0.00155186	0.0191581
77	0.00407837	0.00119003	0.00157736	0.000155581	0.000148945	0.987763	0.000132009	0.000312158	0.000317193	0.000706286	0.000217332	0.000308245	0.000114156	0.000194796	0.00121319	0.000426291	0.000395699	0.000492901	4.57768e-05	0.00021098
78	0.117612	0.0251608	0.00199146	0.00372052	0.00324283	0.00209489	0.00167523	0.150905	0.0261126	0.0198437	0.0237334	0.0102949	0.00181226	0.00259994	0.00700203	0.0946947	0.271348	0.232516	0.000697658	0.00294248
79	0.0950378	0.00241267	0.156469	0.253243	0.00907767	0.0367026	0.0188431	0.0135176	0.0551085	0.0172658	0.00991706	0.0590273	0.00689251	0.0765338	0.0351884	0.0762652	0.0483718	0.0154686	0.000315871	0.0143424
80	0.00411214	0.00266877	0.00247341	0.00440519	0.00419612	0.00191954	0.00688603	0.00663964	0.110712	0.00544528	0.00592482	0.0107875	0.00143076	0.012614	0.793745	0.00579694	0.0064069	0.00833956	0.000844784	0.00465117
81	0.0365692	0.007677	0.00128241	0.00375674	0.00445465	0.00178273	0.00179006	0.191072	0.0076287	0.0416947	0.0184138	0.00402709	0.00310908	0.00277346	0.006	0.0128587	0.0421432	0.607451	0.000868041	0.00464727
82	0.0191565	0.00607887	0.000773581	0.000415908	0.00119864	0.00138184	0.000374936	0.411675	0.000980178	0.0371307	0.00564659	0.000420832	0.00360042	0.00131247	0.000919268	0.00740854	0.00859928	0.491618	0.000308859	0.000999995
83	0.0226687	0.00348698	0.00205134	0.00548257	0.0554497	0.00318116	0.00504155	0.323802	0.00800171	0.211619	0.0533827	0.00441138	0.00340471	0.00584018	0.00680492	0.0096061	0.0221043	0.235739	0.0018949	0.0160267
84	0.075114	0.0017613	0.00722081	0.00338897	0.00400895	0.0623865	0.017938	0.0195777	0.00569532	0.00727581	0.0041083	0.290206	0.00163531	0.00577019	0.00467333	0.296213	0.11294	0.0761817	0.000580446	0.00332354
85	0.010393	0.00378379	0.00621583	0.0118167	0.00611753	0.00540922	0.0142397	0.0177849	0.0153064	0.0487864	0.0514369	0.0125097	0.00842616	0.72953	0.0134087	0.015941	0.00967861	0.0127408	0.00114682	0.00532824
86	0.0182334	0.00256938	0.00218042	0.00682535	0.0854741	0.00120216	0.00250757	0.131417	0.00729474	0.469951	0.113866	0.00380491	0.00715104	0.023257	0.013847	0.00842952	0.0102624	0.0656727	0.00369218	0.0223615
87	0.0822793	0.00602146	0.0147325	0.0241398	0.0602733	0.00988802	0.0494818	0.152022	0.0453133	0.0905171	0.0289789	0.0239691	0.0123437	0.0485231	0.0418405	0.0639486	0.0529127	0.15579	0.00299123	0.0340341
88	0.0060772	0.00322833	0.00333304	0.00607953	0.00663287	0.00302134	0.0111158	0.0107356	0.173178	0.00794264	0.00978476	0.0160205	0.00157915	0.0200401	0.682463	0.00826041	0.00990736	0.0131214	0.000377283	0.00710134
89	0.266571	0.0284055	0.00422357	0.00290539	0.00164447	0.0405936	0.00271384	0.00351937	0.00296853	0.00605781	0.00156469	0.0144697	0.0113059	0.00120805	0.00388771	0.557305	0.0371309	0.0104697	0.000275501	0.00277968
90	0.0552355	0.00549417	0.00688644	0.00727068	0.0109887	0.0103574	0.0125066	0.0255131	0.0113797	0.0474776	0.00688516	0.018275	0.548478	0.0110116	0.0116201	0.0862134	0.0329398	0.0210282	0.00210997	0.0683287
91	0.00408064	0.00119303	0.00165374	0.000155294	0.000148943	0.987319	0.000152414	0.000328806	0.00037123	0.000707842	0.00021735	0.000417795	0.000114156	0.000194022	0.00126391	0.000532717	0.000397386	0.00049512	4.57786e-05	0.00021099
92	0.0867646	0.0386796	0.000633982	0.00114279	0.000865768	0.000832636	0.000653588	0.242963	0.00118559	0.208152	0.0711819	0.00107952	0.0168703	0.00110039	0.00342781	0.00921915	0.0393921	0.274746	0.000238788	0.000870656
93	0.0342417	0.0102952	0.00324366	0.00108362	0.234198	0.000726548	0.0197397	0.167043	0.00705177	0.104646	0.0617864	0.00125303	0.00601152	0.00364424	0.00945386	0.0341596	0.042944	0.0967129	0.0102185	0.151547
94	0.00313455	0.00825592	0.00208743	0.000859134	0.328923	0.00183227	0.0379956	0.0139161	0.00457031	0.0227783	0.00434276	0.00677326	0.000682095	0.00252059	0.00911211	0.0106886	0.00556038	0.00423796	0.0118972	0.519833
95	0.0943331	0.002831	0.118369	0.237289	0.014849	0.0313767	0.0277723	0.0244299	0.0677358	0.0227635	0.0140897	0.0500488	0.00424972	0.06154	0.0310023	0.0979349	0.0406223	0.0344419	0.000347043	0.0239734
96	0.0447394	0.00565046	0.0929895	0.164358	0.0263872	0.00946172	0.0563642	0.0525488	0.0630758	0.0386934	0.0379331	0.0661905	0.00492199	0.0632111	0.040421	0.0684055	0.0583256	0.0658149	0.00325602	0.0372522
97	0.119895	0.00456963	0.154487	0.21904	0.0147464	0.0397001	0.0176604	0.0139372	0.0474181	0.0223855	0.0128904	0.0356726	0.00314807	0.0675798	0.0316753	0.1248	0.0303508	0.0137526	0.000218369	0.0260722
98	0.0197735	0.00271761	0.016142	0.0542217	0.00240253	0.0443808	0.0341138	0.0278517	0.31177	0.00683324	0.00505983	0.0555064	0.0236452	0.0213043	0.29391	0.031972	0.0305324	0.0109604	0.0010259	0.00587659
99	0.143335	0.00341921	0.125779	0.0288639	0.00310593	0.187806	0.00292425	0.00881204	0.0144297	0.00842767	0.00686667	0.0821696	0.0519406	0.0197864	0.02156	0.163924	0.113962	0.00862069	0.000351214	0.00391625
100	0.143511	0.00113541	0.0580883	0.098587	0.0124211	0.0335874	0.0213085	0.00743526	0.157212	0.0130446	0.00902723	0.028374	0.0920365	0.0534629	0.0973448	0.0895566	0.0625666	0.018062	0.000575646	0.00266217
101	0.0998129	0.00197108	0.0182929	0.0194374	0.0101992	0.0180089	0.00891208	0.0347822	0.0298595	0.0139186	0.0138968	0.0806514	0.000705751	0.0129738	0.018064	0.278111	0.256444	0.0696616	0.000158378	0.0141392
102	0.0817948	0.00672655	0.0164504	0.0108074	0.0137181	0.0370596	0.0622606	0.0946199	0.0208342	0.0195339	0.0295602	0.0927246	0.0221586	0.0150476	0.0416011	0.16385	0.0992199	0.0907074	0.00113961	0.0801856
103	0.3082	0.00882832	0.00555538	0.0130075	0.00312423	0.00481133	0.00969615	0.0111652	0.0351542	0.0215582	0.00667015	0.018994	0.132014	0.047766	0.0152088	0.198177	0.122754	0.0270593	0.000725668	0.00953014
104	0.0382504	0.00529215	0.00337309	0.0150208	0.0337955	0.0117538	0.00903168	0.171124	0.0555613	0.23045	0.0466214	0.0124882	0.0166885	0.0190809	0.0431416	0.0253765	0.0542967	0.185689	0.000500964	0.022463
105	0.0104309	0.00165359	0.00819583	0.00195871	0.0170606	0.00150957	0.00112268	0.548761	0.00331624	0.112265	0.0725488	0.00916441	0.00391404	0.00231701	0.0139299	0.00509323	0.0117227	0.168308	0.00270816	0.00401979
106	0.00368046	0.00275772	0.0026197	0.000525895	0.216479	0.001769	0.045765	0.0063046	0.00669537	0.0116544	0.00383513	0.00824177	0.000308397	0.00222422	0.00432177	0.0111893	0.00239813	0.00156868	0.0140874	0.653574
107	0.0491231	0.00170725	0.0389576	0.0120824	0.0266116	0.0302559	0.0184801	0.0411461	0.0256537	0.020397	0.00806569	0.162692	0.00099055	0.0110029	0.0256433	0.246828	0.189604	0.0576587	0.000234432	0.0328665
108	0.513273	0.0404841	0.000751338	0.00695152	0.00462523	0.144438	0.00260418	0.00809774	0.00549292	0.0097418	0.00180715	0.0106886	0.00285428	0.00151763	0.00269218	0.209572	0.019726	0.0124485	0.000753664	0.0014806
109	0.0305728	0.00605554	0.0255863	0.0424321	0.00463219	0.011904	0.0269626	0.0140138	0.324873	0.0231782	0.0117394	0.0507424	0.00806313	0.0626348	0.225245	0.0425028	0.0615147	0.0172904	0.00312344	0.00693389
110	0.00105697	0.000164887	0.000595109	0.000256729	0.005467	0.000214209	0.000313363	0.689028	0.000473606	0.0251896	0.00524122	0.000341823	0.00257659	0.000694709	0.00193759	0.00236627	0.00791672	0.254016	0.000406055	0.00174395
111	0.0248028	0.00496854	0.0029171	0.00715622	0.031979	0.00445526	0.0122444	0.40131	0.0100907	0.138694	0.0259745	0.00571101	0.00401731	0.00789682	0.00881916	0.010472	0.0216235	0.265656	0.00194341	0.00926909
112	0.0297382	0.00356688	0.000329373	0.000597412	0.0015851	0.00271384	0.00296721	0.0086581	0.000512775	0.0010022	0.000403186	0.00145675	0.868352	0.00309807	0.00347793	0.0430332	0.020742	0.00339761	8.43541e-05	0.00428386
113	0.0238521	0.031419	0.125905	0.0364966	0.0779983	0.0156897	0.0808208	0.0316835	0.0176904	0.0412879	0.0537375	0.100242	0.00206746	0.0214143	0.0171007	0.0346692	0.0721096	0.0733355	0.00357551	0.138905
114	0.0118371	0.00414364	0.00440045	0.0115983	0.011564	0.00287654	0.0218148	0.0171048	0.325001	0.0145331	0.0208399	0.0236377	0.000471934	0.049755	0.413229	0.0146812	0.0155106	0.0205069	0.000184524	0.0163095
115	0.00407837	0.00119003	0.00157736	0.000155581	0.000148945	0.987763	0.000132009	0.000312158	0.000317193	0.000706286	0.000217332	0.000308245	0.000114156	0.000194796	0.00121319	0.000426291	0.000395699	0.000492901	4.57768e-05	0.00021098
116	0.137119	0.0133637	0.0100988	0.011047	0.0031947	0.0447867	0.00645162	0.0202564	0.0159394	0.0198833	0.00832478	0.0690152	0.00813177	0.0135204	0.0104483	0.376299	0.189553	0.0369815	0.000303571	0.00528146
117	0.0307201	0.00793606	0.0149723	0.0265798	0.0363198	0.0193104	0.0155914	0.0234387	0.161501	0.0463166	0.035371	0.0437101	0.0135785	0.0311612	0.156184	0.024875	0.0290487	0.025294	0.242938	0.0151527
118	0.00923267	0.00277568	0.000693572	0.000702267	0.0512205	0.000829362	0.00133864	0.321779	0.00233999	0.347992	0.0761924	0.00172829	0.00593629	0.00173987	0.00216029	0.00499484	0.012155	0.149594	0.00144124	0.00515414
119	0.0469301	0.00542851	0.190946	0.260868	0.00937344	0.0201872	0.0202676	0.0107355	0.0893853	0.00762317	0.00670138	0.0442859	0.0054349	0.0692552	0.0870101	0.0405619	0.0339217	0.0185814	0.00105361	0.0314485
120	0.0256211	0.00598883	0.00180897	0.00166794	0.176595	0.000995149	0.00808318	0.197587	0.00433224	0.278855	0.0631978	0.00146946	0.00539743	0.00471421	0.00617615	0.0174295	0.0231632	0.10437	0.0055613	0.0669862
121	0.0781072	0.00203487	0.138819	0.286645	0.014565	0.0245517	0.0241852	0.0288286	0.0560648	0.0241401	0.0140723	0.0493667	0.00483061	0.0602341	0.0283369	0.0771783	0.0367391	0.0320001	0.000840058	0.0184601
122	0.0334535	0.010599	0.00324992	0.00229377	0.226579	0.000930426	0.0202736	0.165437	0.007484	0.106319	0.0628151	0.00187383	0.00703219	0.00387638	0.00984976	0.0335637	0.0474512	0.092503	0.0102226	0.154194
123	0.012211	0.00539616	0.694648	0.0841683	0.00387761	0.00839954	0.00311417	0.00270366	0.0175252	0.00280557	0.000944324	0.0888209	0.0062517	0.00944894	0.00185347	0.034143	0.0118318	0.00696385	0.000127421	0.00476547
124	0.16457	0.00527331	0.00349396	0.00719172	0.00532039	0.0342688	0.0796241	0.0535027	0.0496433	0.021556	0.00451475	0.0193686	0.156587	0.0580665	0.0200295	0.104745	0.0873954	0.0841025	0.0038559	0.0368897
125	0.0301438	0.018551	0.0196746	0.017056	0.00425271	0.0239054	0.104661	0.0106598	0.242274	0.00697666	0.00626855	0.158439	0.0043033	0.0151088	0.199877	0.0427107	0.0319009	0.0162254	0.000615587	0.0463953
126	0.0166434	0.0041564	0.000318288	0.000854266	0.0276218	0.00111697	0.000534534	0.272716	0.00415696	0.472538	0.056892	0.000379695	0.00122463	0.000676447	0.000620487	0.00698527	0.00974512	0.117144	0.000424303	0.0052513
127	0.00283956	0.00053887	0.00200898	0.000427973	0.219927	0.00171264	0.0457972	0.00328029	0.00599365	0.0104722	0.00398575	0.00872317	0.000266006	0.00230626	0.00220671	0.0103949	0.0011806	0.000721133	0.0130243	0.664193
128	0.271486	0.00277229	0.00273687	0.00475457	0.0820523	0.0116084	0.00212545	0.0843828	0.00399595	0.0303923	0.0564106	0.00590896	0.00197764	0.00367248	0.00473492	0.0150559	0.0584444	0.352955	0.000669028	0.003864
129	0.00967575	0.00422365	0.00454973	0.00662098	0.0120879	0.00262264	0.0225513	0.0172489	0.31607	0.0145069	0.0188388	0.0254608	0.000550813	0.0442146	0.433999	0.0132503	0.0157618	0.0218401	0.000116202	0.0158094
130	0.00445443	0.000868254	0.00163779	0.000484057	0.0194148	0.000557664	0.000618534	0.568824	0.00148191	0.131502	0.0588946	0.00279511	0.00282925	0.000623587	0.00314638	0.00175646	0.0101756	0.187493	0.000465997	0.00197609
131	0.0461334	0.00612562	0.149707	0.0923353	0.00735085	0.0395307	0.0385832	0.0137095	0.137571	0.0134957	0.00622486	0.177239	0.00541935	0.0408301	0.105468	0.0537757	0.0376794	0.0113749	0.000693602	0.0167538
132	0.0157669	0.00391326	0.012142	0.0226309	0.00763494	0.00617224	0.0167751	0.0176095	0.362964	0.0186975	0.013894	0.0289734	0.00259494	0.0565707	0.344533	0.01661	0.0244907	0.0178613	0.00160651	0.0085591
133	0.0165586	0.00275323	0.00974231	0.0155811	0.00400051	0.0203712	0.0107329	0.0175749	0.529961	0.0102709	0.00788905	0.0302246	0.00573901	0.0225846	0.223676	0.0126584	0.0238498	0.0241936	0.000877421	0.0107601
134	0.0175421	0.00267713	0.0036368	0.00898304	0.0051326	0.00383252	0.005031	0.062311	0.427977	0.0188351	0.0120129	0.0126121	0.0142348	0.0166972	0.261091	0.0119316	0.0238858	0.0757047	0.000633558	0.0152383
135	0.0113432	0.00393191	0.00572457	0.0109643	0.0123802	0.00460248	0.0211008	0.0193135	0.339955	0.0145814	0.017239	0.0283458	0.00195418	0.0418244	0.397594	0.0166141	0.017154	0.0211523	0.000325622	0.0138992
136	0.00810397	0.00296509	0.00101674	0.000971746	0.120655	0.000675538	0.0027641	0.196088	0.00187782	0.41737	0.0941843	0.00133009	0.0074322	0.00544049	0.00409829	0.00911041	0.013929	0.0982127	0.00388809	0.00988613
137	0.0749982	0.00405366	0.00626937	0.00674526	0.00751993	0.00661762	0.0054402	0.0429915	0.00879599	0.189427	0.00753223	0.0387947	0.393394	0.00937906	0.00904511	0.0814858	0.0124023	0.013177	0.00205186	0.079879
138	0.329638	0.00725546	0.00236139	0.0031277	0.0197811	0.0417292	0.00198494	0.105397	0.00480376	0.0271341	0.0302691	0.00530931	0.00199613	0.00314765	0.00719016	0.03675	0.0312559	0.335934	0.000707163	0.00422713
139	0.0133416	0.00162931	0.000569715	0.000819956	0.00370241	0.000584106	0.00242966	0.0043893	0.0090471	0.00113006	0.00669654	0.00151906	0.00246076	0.00405423	0.00075532	0.101492	0.84315	0.00142755	0.000168818	0.000631816
140	0.0488878	0.00200035	0.00385299	0.0139108	0.0229738	0.00173406	0.0130961	0.198075	0.0226119	0.0600959	0.0218083	0.0191292	0.0157876	0.0103209	0.0290542	0.0443792	0.206619	0.215699	0.0118756	0.0380878
141	0.00414976	0.00330789	0.00205472	0.000864369	0.154963	0.00071421	0.00204482	0.161829	0.0013993	0.446824	0.0954368	0.00149566	0.0141139	0.0040714	0.0029931	0.00831481	0.0108298	0.073572	0.00302844	0.00799216
142	0.00250085	0.00270096	0.00143761	0.000654928	0.0510411	0.000366369	0.00039393	0.0798985	0.000937429	0.737278	0.0616437	0.00046692	0.0106718	0.00383707	0.00075718	0.00855934	0.00475252	0.0293888	0.000226465	0.00248685
143	0.0115361	0.00405806	0.00434088	0.0101162	0.0199591	0.00387517	0.0206177	0.0396908	0.285731	0.0443091	0.0283741	0.0191525	0.00118756	0.0442296	0.388293	0.0149981	0.0137105	0.0279796	0.000236781	0.0176037
144	0.787969	0.0134938	0.000541855	0.00218217	0.00100692	0.0501292	0.00082878	0.00224293	0.00159707	0.00325181	0.000683773	0.00257896	0.000857753	0.00121233	0.000871854	0.103091	0.0209136	0.0057861	0.000134727	0.000627114
145	0.00583049	0.00287995	0.00102396	0.00083779	0.124682	0.000689802	0.00232084	0.195666	0.0015411	0.401254	0.119575	0.00170902	0.00989344	0.00432686	0.00346129	0.00764082	0.0115622	0.0937195	0.00326369	0.00812173
146	0.0306994	0.00117537	0.266565	0.470995	0.00561701	0.0105289	0.00849966	0.00906872	0.0337293	0.00360315	0.00423875	0.023297	0.00305557	0.0635243	0.0131305	0.0276246	0.0171064	0.00498616	0.000104436	0.00245042
147	0.00214611	0.000829134	0.00353103	0.000724766	0.0222291	0.00063338	0.000636688	0.627794	0.00111543	0.108092	0.0724112	0.00346601	0.00434748	0.000757535	0.0062338	0.00174326	0.00476201	0.136334	0.00121788	0.000994607
148	0.0237741	0.0055119	0.000584741	0.00138527	0.0395076	0.000820275	0.000336354	0.178778	0.00476437	0.569906	0.0638193	0.000475927	0.00179361	0.000854537	0.000571333	0.00911017	0.0129014	0.0782365	8.87124e-05	0.00678058
149	0.0765874	0.000264719	0.147956	0.148766	0.00590612	0.0753999	0.00878139	0.0111201	0.0899301	0.017339	0.00455207	0.148559	0.00228571	0.0499386	0.0765494	0.0752526	0.0448328	0.00454683	0.000101936	0.0113301
150	0.0408531	0.00189053	0.00336127	0.0646973	0.0516359	0.0128532	0.0389335	0.125405	0.0169821	0.196169	0.0926423	0.028772	0.00245025	0.0392618	0.0271855	0.00611007	0.166668	0.0180341	0.000999539	0.065096
151	0.00565632	0.00288962	0.000927791	0.0037758	0.498304	0.00101868	0.00533279	0.00427968	0.00893945	0.135245	0.0114644	0.00123358	0.00125869	0.00280027	0.00131963	0.00697516	0.00262224	0.0150596	0.00034873	0.290549
152	0.0140767	0.0425284	0.106656	0.00888043	0.101713	0.0461095	0.0672571	0.0102612	0.00543266	0.0172166	0.029741	0.089934	0.00238063	0.0040394	0.02335	0.0152736	0.0346899	0.0329418	0.00351274	0.344005
153	0.190814	0.00064483	0.0409232	0.0327053	0.00907274	0.0303626	0.00515848	0.0137515	0.0221511	0.0166135	0.00229896	0.0338541	0.391049	0.0250722	0.00275987	0.121697	0.0330382	0.017512	0.000129637	0.0103912
154	0.0332245	0.00231155	0.253802	0.348866	0.00706946	0.0048423	0.0228026	0.0297108	0.0481568	0.0104586	0.00727027	0.0446304	0.0126749	0.0589335	0.0134352	0.0348821	0.0202042	0.0325867	0.000155098	0.0139828
155	0.100944	0.000784099	0.0220958	0.0308985	0.0426805	0.009491	0.0460032	0.0624279	0.138254	0.0908322	0.0268274	0.0354271	0.00246877	0.0596503	0.132773	0.0835405	0.048335	0.0459672	0.00124334	0.0193563
156	0.0147422	0.00239683	0.0174292	0.00493487	0.142995	0.00300816	0.00457722	0.125967	0.00631785	0.236495	0.15935	0.0271476	0.0172094	0.0347959	0.0113005	0.00929848	0.0102282	0.0782073	0.0331846	0.0604157
157	0.076896	0.00286296	0.0189103	0.0359203	0.03148	0.011288	0.0349465	0.0529139	0.194504	0.0778653	0.0277018	0.0346329	0.00541684	0.0609198	0.159305	0.0647131	0.0464445	0.0446468	0.00282918	0.0158019
158	0.102495	0.00410698	0.0572815	0.0535792	0.00402282	0.305798	0.00484518	0.0193205	0.0506927	0.0313136	0.0212605	0.10191	0.00280733	0.0310892	0.0335315	0.091188	0.0506465	0.0224476	0.000320247	0.011343
159	0.149188	0.00424644	0.0833546	0.185535	0.0177447	0.0494766	0.0206805	0.0143448	0.0520815	0.030232	0.0168588	0.0415743	0.00194165	0.0688348	0.0285375	0.154663	0.0395259	0.0150746	0.000125121	0.0259804
160	0.0435879	0.000396277	0.129149	0.265966	0.00249891	0.0197789	0.00828448	0.00973411	0.168449	0.00692204	0.00527134	0.0770111	0.000735575	0.0495233	0.0718089	0.0342731	0.0672036	0.0275237	0.000262762	0.0116197
161	0.0335106	0.00451646	0.00878798	0.0300106	0.0155157	0.00759427	0.00430683	0.239245	0.0293769	0.158944	0.0318829	0.0162532	0.00487754	0.0154477	0.0148255	0.0255121	0.0490679	0.29717	0.000628149	0.0125275
162	0.0110316	0.00318447	0.000465081	0.000751872	0.0246816	0.00151461	0.00171913	0.379169	0.00456501	0.330663	0.0442033	0.000654778	0.000728482	0.000919359	0.00137219	0.00425562	0.0114318	0.171924	0.00132872	0.00543705
163	0.0502816	0.00102688	0.00265446	0.0107816	0.0468129	0.00657863	0.0134124	0.278975	0.00811094	0.167602	0.0109627	0.00174376	0.000986045	0.0102737	0.00219491	0.00632796	0.00638943	0.372004	0.00032797	0.00255319
164	0.18147	0.000511581	0.0743562	0.125158	0.0125767	0.0326013	0.018095	0.00537823	0.136473	0.0122902	0.0105266	0.0148006	0.0762926	0.0553622	0.0691657	0.09045	0.0651001	0.0184036	0.00013158	0.000856415
165	0.181659	0.000473385	0.0754218	0.12583	0.0128038	0.0315935	0.0181571	0.00549215	0.135746	0.0124358	0.0107296	0.0145247	0.0760311	0.0553193	0.0681817	0.0899875	0.0662971	0.018465	0.000129271	0.000722518
166	0.0604457	0.000709168	0.11818	0.0962192	0.00342866	0.284548	0.00596931	0.00880965	0.0687758	0.0145777	0.00694868	0.12156	0.00330101	0.0298559	0.0484951	0.0746984	0.0361242	0.00833084	0.000134996	0.00888768
167	0.0374327	0.0096929	0.0290669	0.0537432	0.002618	0.0138981	0.0218374	0.0169964	0.341445	0.024143	0.012972	0.0525188	0.00934303	0.0618538	0.172976	0.0413469	0.0714998	0.0198641	0.00422263	0.00252945
168	0.0149849	0.00401162	0.0154593	0.0527891	0.00250498	0.0228786	0.0166442	0.0232466	0.365847	0.0118296	0.00765533	0.0414565	0.0178578	0.0285286	0.310369	0.02058	0.0262221	0.0119147	0.00209808	0.00312269
169	0.0429662	0.00176929	0.00320646	0.0114751	0.0354555	0.00775108	0.00878827	0.2954	0.0116348	0.1662	0.0187292	0.00398885	0.00134983	0.00916922	0.00439092	0.00737318	0.0131619	0.352887	0.00023975	0.00406455
170	0.0212536	0.00292002	0.0103682	0.0180291	0.00734939	0.0559358	0.00149189	0.00490438	0.0087442	0.0062007	0.0118542	0.0988148	0.00425189	0.0132205	0.0023309	0.214816	0.513212	0.00268474	0.000288812	0.0013289
171	0.17347	0.00131563	0.061289	0.102775	0.0132858	0.0272272	0.0236091	0.00922711	0.121512	0.0149424	0.00995572	0.0192619	0.104102	0.0522551	0.0654569	0.0986965	0.0718161	0.0255155	0.000727873	0.00355949
172	0.0424172	0.00775566	0.00352986	0.0201163	0.0252371	0.00877239	0.00614792	0.211618	0.0336173	0.177611	0.0457731	0.0173618	0.00685783	0.0187119	0.0259028	0.0259595	0.0521609	0.24681	0.000415973	0.0232225
173	0.0799028	0.000891878	0.150239	0.130845	0.00523571	0.0915369	0.00910905	0.0128773	0.0760953	0.0159496	0.00636745	0.162607	0.00368031	0.0464711	0.0732186	0.0674622	0.0502974	0.00608492	0.000404594	0.0107236
174	0.0127907	0.00302025	0.00355128	0.0103842	0.010549	0.00396341	0.0214897	0.0159353	0.331197	0.0177227	0.022357	0.022127	0.000359724	0.0569141	0.406939	0.0152537	0.0130731	0.0176326	9.00431e-05	0.0146499
175	0.0339578	0.0106849	0.003294	0.00108225	0.23169	0.000713219	0.019902	0.166415	0.00733508	0.10369	0.0622979	0.00118212	0.00610622	0.00344416	0.0097284	0.0347464	0.0438442	0.0949062	0.0105045	0.154475
176	0.0433701	0.00369131	0.000619103	0.00462979	0.0323024	0.00114178	0.000897529	0.194953	0.00744116	0.493019	0.0565437	0.00134515	0.00105168	0.00236938	0.00323778	0.0186352	0.0248145	0.0998087	0.000175064	0.00995338
177	0.418869	0.0107792	0.00288736	0.0052114	0.0159253	0.0726193	0.0119423	0.0331946	0.0157238	0.0393154	0.00407641	0.00492622	0.00756542	0.00328051	0.00943995	0.215976	0.0177753	0.105745	0.000799834	0.00394746
178	0.0499521	0.0161772	0.0397982	0.142146	0.0214686	0.00614644	0.0516341	0.00180592	0.106434	0.00191641	0.0101857	0.0595116	0.000853901	0.137904	0.17998	0.0565044	0.0270439	0.0114521	0.00318254	0.0759033
179	0.152969	0.0046076	0.076471	0.0457716	0.00566728	0.0177097	0.017129	0.0196323	0.044084	0.0144194	0.008445	0.0807175	0.201698	0.0285948	0.0450679	0.127616	0.0810421	0.0212896	0.00101606	0.0060516
180	0.0183011	0.00265409	0.0116651	0.0191173	0.00687792	0.0546411	0.00134888	0.00430747	0.00893717	0.00537609	0.0121429	0.0958341	0.00468746	0.0114899	0.00209986	0.211231	0.525025	0.00261704	0.000287582	0.0013592
181	0.055393	0.00129996	0.0961992	0.0904172	0.00339277	0.285617	0.0104966	0.0104751	0.0902752	0.0133193	0.00789188	0.104323	0.00573625	0.0251549	0.0528385	0.0742469	0.045004	0.0184767	0.000319728	0.00912246
182	0.0684223	0.00160245	0.096774	0.236761	0.00975833	0.0159586	0.01814	0.0321438	0.0950647	0.0341851	0.0148309	0.048085	0.0062889	0.0609971	0.0791617	0.0590937	0.0511609	0.0557833	0.00220992	0.013578
183	0.0228105	0.00149661	0.0057905	0.00889956	0.0162946	0.0069755	0.00453977	0.328306	0.00961459	0.131737	0.0155184	0.00268576	0.00149653	0.00810156	0.00169056	0.00557428	0.0143833	0.412388	0.000365076	0.00133125
184	0.00303539	0.00192525	0.00132211	0.000885811	0.109174	0.000855635	0.00972226	0.236019	0.00157711	0.360086	0.0611527	0.00198148	0.00364218	0.005406	0.0108429	0.0046479	0.0182475	0.13861	0.0134009	0.0174652
185	0.395996	0.0462776	0.0180475	0.0240268	0.0050721	0.0379528	0.0230852	0.067037	0.0226631	0.0438856	0.00565388	0.00526183	0.0271249	0.00604016	0.0397893	0.0899782	0.0353957	0.0959427	0.0014732	0.00929646
186	0.0870745	0.00426105	0.0704074	0.0642615	0.00351982	0.311731	0.00413679	0.0179239	0.0475941	0.0256525	0.0209307	0.107493	0.0030686	0.029642	0.037186	0.0891292	0.0478995	0.0148587	0.000467067	0.0127629
187	0.0761445	0.000621962	0.202255	0.369568	0.000927697	0.0357289	0.0194668	0.00481071	0.0264348	0.0112553	0.00411069	0.0354574	0.00312229	0.0687071	0.00870018	0.0461956	0.0782381	0.00725781	0.000181217	0.000815745
188	0.0417766	0.000731895	0.16089	0.299347	0.0102105	0.00585274	0.0403165	0.0446092	0.0640774	0.0221432	0.0147217	0.0513676	0.0108055	0.0590868	0.0228534	0.0337387	0.0354515	0.0610796	0.000941088	0.0199987
189	0.0135255	0.00351443	0.000380994	0.000709522	0.023137	0.00134802	0.000820852	0.354827	0.0045614	0.375443	0.0485239	0.000470417	0.00070941	0.000621784	0.00094828	0.00563335	0.010515	0.148703	0.000684175	0.00492285
190	0.00926918	0.0174447	0.0710171	0.0428986	0.0558478	0.0026106	0.105086	0.0689982	0.0326754	0.0176685	0.0380097	0.0688257	0.00166117	0.0467494	0.0235743	0.0514284	0.100607	0.144399	0.00426099	0.0969685
