223	20
1	0.105886	0.0163351	0.00569982	0.00771951	0.00495783	0.00735058	0.0152367	0.0226259	0.0150069	0.0214812	0.00736172	0.0220312	0.544361	0.0166686	0.0159734	0.0941851	0.0463349	0.0214589	0.00485928	0.00446608
2	0.0240189	0.00281148	0.00966732	0.00588744	0.00181983	0.00699572	0.116848	0.00450634	0.296417	0.00937265	0.00350585	0.10496	0.0105658	0.0215383	0.205573	0.122721	0.0308096	0.00528117	0.000758638	0.0159417
3	0.12356	0.00768444	0.0496191	0.0144307	0.00444441	0.0571427	0.140125	0.0461775	0.0561312	0.0141174	0.0090615	0.0303301	0.00696277	0.0215831	0.0204478	0.326707	0.0528804	0.0128566	0.00239822	0.0033405
4	0.0482901	0.0170193	0.012187	0.0181566	0.0424217	0.0241623	0.0206522	0.0443567	0.0225549	0.0794104	0.048183	0.029816	0.1886	0.0387501	0.0278787	0.0518548	0.0452885	0.0293214	0.161001	0.0500955
5	0.0222157	0.00487261	0.0362836	0.0152719	0.0145864	0.0307549	0.00970526	0.0486092	0.0112042	0.252984	0.410654	0.0390638	0.00605429	0.0291131	0.00764785	0.0178943	0.0180701	0.0143282	0.0031685	0.00751772
6	0.0266931	0.0115365	0.00469517	0.00602913	0.0126718	0.00343091	0.00556423	0.230014	0.00704446	0.339963	0.0668348	0.00918315	0.00900947	0.0153949	0.00741718	0.0138861	0.0311137	0.191065	0.0011864	0.00726676
7	0.0485691	0.0129103	0.315867	0.084381	0.00115682	0.125166	0.00905653	0.00315333	0.0182071	0.00528158	0.00374301	0.0926062	0.00434759	0.0322331	0.0100889	0.156548	0.0696561	0.00557614	0.000531624	0.000920522
8	0.0279576	0.010209	0.00958695	0.0152865	0.00746573	0.031967	0.0304276	0.0120833	0.455524	0.0177572	0.0140975	0.0267952	0.0102998	0.0287585	0.205758	0.033496	0.031306	0.0249493	0.00167094	0.00460394
9	0.023568	0.00387341	0.00710298	0.015457	0.0677909	0.0129405	0.00523012	0.065967	0.00642556	0.274026	0.262586	0.0178258	0.0130176	0.0728063	0.00570956	0.0202746	0.0390442	0.0206403	0.0159791	0.0497349
10	0.0527788	0.0103954	0.0606978	0.0526717	0.00172756	0.264878	0.0100701	0.00549498	0.0150434	0.00559363	0.00412604	0.0353048	0.00248149	0.0258511	0.00995831	0.265025	0.170005	0.00525088	0.000821964	0.00182399
11	0.0607806	0.00324564	0.018406	0.00882687	0.00186225	0.765573	0.01243	0.00398045	0.0136304	0.00631004	0.00425073	0.0333385	0.00187419	0.00700331	0.0095548	0.0281402	0.0129326	0.00481498	0.000618786	0.00242644
12	0.077435	0.0118025	0.00128384	0.0225479	0.00223723	0.0100893	0.0220148	0.076469	0.0997035	0.0614033	0.0327918	0.0613947	0.0074576	0.0788783	0.0336559	0.0602028	0.205898	0.133392	0.000453585	0.000888511
13	0.00791581	0.00329894	0.00253724	0.00265117	0.409724	0.00325802	0.0151257	0.0142805	0.00505658	0.0145947	0.00418502	0.00597888	0.00344457	0.00685994	0.00406151	0.00851965	0.0134672	0.00673766	0.105741	0.362561
14	0.274051	0.0301994	0.011747	0.014243	0.00629912	0.0322108	0.0190887	0.0316907	0.0362972	0.0315024	0.0157531	0.0332018	0.0293191	0.0269187	0.0279734	0.105521	0.180496	0.0830169	0.00475307	0.00571726
15	0.0792598	0.0130913	0.00871352	0.0125891	0.00760597	0.0110318	0.0174768	0.0964357	0.0154941	0.100847	0.0268608	0.0293989	0.134637	0.0255143	0.0185097	0.0630948	0.154523	0.178746	0.00291926	0.00325088
16	0.0122446	0.00933596	0.00112556	0.00321896	0.00410325	0.0118796	0.0202724	0.00220731	0.479882	0.00512136	0.0143824	0.003473	0.00495574	0.0137882	0.361541	0.0162264	0.0105951	0.0201409	0.000469324	0.00503647
17	0.140641	0.0160721	0.00162801	0.00197553	0.00109165	0.00237764	0.0138085	0.0119236	0.00312672	0.0105378	0.00199075	0.0191106	0.581964	0.0150583	0.00295901	0.118972	0.0435893	0.0103691	0.00190183	0.000902587
18	0.0678131	0.00698621	0.0193072	0.0311722	0.00240315	0.0311126	0.0316615	0.00918095	0.0719709	0.0110804	0.0044526	0.121819	0.00822445	0.0488791	0.100425	0.256924	0.164202	0.00852068	0.00107989	0.00278505
19	0.196217	0.0225817	0.00132127	0.00161794	0.00107544	0.00207316	0.0196449	0.0125878	0.00278779	0.0117942	0.00211301	0.0280054	0.462243	0.0277131	0.00285607	0.139792	0.0519669	0.0115631	0.000936625	0.00111048
20	0.0606542	0.00288338	0.0151638	0.00730309	0.00203158	0.785099	0.0128139	0.00296058	0.0131222	0.00381872	0.0042544	0.0359567	0.00185815	0.00511196	0.00742793	0.0225161	0.0099077	0.00427787	0.000558628	0.00227981
21	0.112865	0.0159226	0.00398548	0.00645555	0.00640533	0.00644363	0.016474	0.0190394	0.0110912	0.0223828	0.00957893	0.0222672	0.53506	0.0178785	0.017108	0.0980219	0.0464377	0.0211871	0.00602011	0.00537575
22	0.0459253	0.0121565	0.0228583	0.0151608	0.0221634	0.0399032	0.271255	0.0197186	0.0698145	0.0310898	0.0104072	0.112549	0.0155413	0.0446154	0.0803525	0.0802126	0.0497124	0.026635	0.00372218	0.0262067
23	0.0451522	0.00704314	0.0107478	0.00965945	0.00701883	0.188402	0.0166029	0.00828287	0.331485	0.0414928	0.00976836	0.0527633	0.00563027	0.0407181	0.159478	0.0259603	0.022809	0.0119524	0.00144754	0.00358648
24	0.0928684	0.00457222	0.0466976	0.0723751	0.0219196	0.0107207	0.0309191	0.0422725	0.0531649	0.242643	0.0548702	0.0614635	0.0171971	0.0717361	0.0200223	0.066523	0.0464405	0.0379006	0.00112389	0.00457016
25	0.0314293	0.0140959	0.00741534	0.0192655	0.0110599	0.0118527	0.0234571	0.0275624	0.168219	0.0641141	0.0161991	0.0269937	0.0101611	0.0437064	0.357564	0.0375657	0.0890926	0.0305893	0.00233899	0.00731702
26	0.0275873	0.00249902	0.241648	0.536816	0.000834522	0.0175993	0.00733002	0.00566238	0.0158694	0.0026925	0.00173313	0.029292	0.0103538	0.05851	0.00777866	0.0109035	0.0149234	0.00654654	0.00029061	0.00112915
27	0.0560414	0.466467	0.00600298	0.0065623	0.0040157	0.0105492	0.00981339	0.0107483	0.0111377	0.017424	0.0100328	0.011866	0.00470773	0.0103122	0.00934473	0.316729	0.018259	0.0137253	0.00198539	0.00427486
28	0.0164443	0.00295518	0.00228094	0.00324416	0.012268	0.00233034	0.0024602	0.205264	0.00282375	0.421187	0.0880291	0.00565041	0.0168032	0.0156089	0.00303314	0.00577104	0.0262393	0.164679	0.00111977	0.00180851
29	0.0733907	0.0745364	0.00109698	0.00224424	0.000930214	0.0114672	0.00163993	0.237123	0.00212459	0.0885857	0.0350844	0.0023898	0.00561481	0.00311605	0.00459998	0.0453115	0.0359047	0.373546	0.000299675	0.000994239
30	0.0127904	0.00266202	0.000745763	0.00107732	0.0134091	0.000977581	0.000837922	0.460539	0.00223544	0.110347	0.00580745	0.00145567	0.000796049	0.00110033	0.00171732	0.00581011	0.00286499	0.346778	0.00286931	0.0251793
31	0.015199	0.000919931	0.000797304	0.000854942	0.0135328	0.00120508	0.0011709	0.221042	0.00148362	0.430635	0.0880258	0.00375574	0.0096715	0.0147273	0.00121238	0.00255755	0.0206203	0.17001	0.000424922	0.00215479
32	0.00338833	0.00159075	0.000623961	0.00099878	0.0022549	0.00104889	0.00104856	0.723212	0.00150257	0.14085	0.0295423	0.00271626	0.00132787	0.00228438	0.00128993	0.00225331	0.0095073	0.0707733	0.000301541	0.0034851
33	0.0496529	0.00667394	0.0312029	0.0392464	0.00525213	0.0228601	0.0474005	0.0131532	0.168943	0.0191725	0.00873013	0.0773733	0.0117021	0.0875044	0.226716	0.104111	0.0570152	0.0181488	0.00108477	0.00405684
34	0.0571319	0.00631393	0.109412	0.112089	0.00229665	0.00739866	0.0861868	0.00573903	0.103845	0.0159491	0.00568738	0.150573	0.0143305	0.0864442	0.109779	0.0757471	0.038642	0.00946329	0.000780479	0.002191
35	0.00877635	0.00896006	0.00142243	0.00369355	0.0117063	0.00719417	0.0104325	0.0045924	0.27385	0.010664	0.00672184	0.00301895	0.00423335	0.00895745	0.594308	0.00958248	0.0110534	0.00932248	0.000481952	0.0110286
36	0.0363893	0.010746	0.00824137	0.0166022	0.0185317	0.00944853	0.0122582	0.159159	0.0202481	0.378102	0.0800182	0.0194996	0.00924693	0.0307849	0.0121684	0.0265688	0.0345748	0.0995918	0.00441502	0.0134052
37	0.0353448	0.00361406	0.0131518	0.00977506	0.00145757	0.00877524	0.124394	0.004717	0.292431	0.00898253	0.00300964	0.134268	0.00923185	0.0354437	0.192334	0.0835779	0.0244485	0.00533567	0.000681869	0.00902565
38	0.00635611	0.00355773	0.00158774	0.00208602	0.409077	0.00215792	0.0230888	0.0195251	0.0024089	0.0192706	0.00701332	0.0037343	0.00162769	0.00566709	0.00250304	0.00871054	0.015741	0.0088712	0.0146485	0.442367
39	0.241094	0.0259862	0.0219684	0.0294343	0.0110291	0.0688315	0.0265011	0.0389748	0.0468763	0.040766	0.0212339	0.0424247	0.0374625	0.0301541	0.0303676	0.109564	0.0891659	0.0717798	0.0042042	0.0121815
40	0.0594039	0.0136885	0.026673	0.0305873	0.0150252	0.019689	0.0585668	0.0356118	0.041031	0.205232	0.0345664	0.118207	0.0162064	0.0503865	0.0353724	0.1182	0.0628725	0.0382128	0.00410325	0.0163641
41	0.0152162	0.00543996	0.00554573	0.00481446	0.00361854	0.00761833	0.007153	0.00972901	0.00915223	0.0110182	0.00721673	0.584957	0.00365653	0.00994865	0.00838794	0.0272992	0.179556	0.0103664	0.00190996	0.0873954
42	0.0678496	0.00454972	0.00856087	0.00427397	0.0488845	0.404026	0.00691643	0.00672724	0.0602372	0.00750839	0.0293062	0.0770837	0.00331151	0.00748325	0.00832236	0.0668587	0.061078	0.00757398	0.00124053	0.118208
43	0.0777048	0.011243	0.0688475	0.0768704	0.0010752	0.00657314	0.035637	0.00338111	0.147089	0.0143176	0.00248292	0.103264	0.0142928	0.0766128	0.175118	0.113648	0.0577644	0.0123269	0.00048405	0.00126787
44	0.0295686	0.00186332	0.180768	0.592271	0.000662654	0.0176317	0.00740955	0.00563073	0.0213045	0.00230711	0.00131434	0.0183019	0.0108992	0.0684039	0.010926	0.00801583	0.0157357	0.00584816	0.000396154	0.000741317
45	0.213014	0.0719332	0.00180547	0.0024041	0.00146505	0.0192545	0.0115195	0.0356866	0.00370341	0.0335749	0.0044856	0.00594215	0.00201391	0.00346626	0.0110088	0.0644629	0.217904	0.294448	0.000585368	0.00132175
46	0.0622777	0.00680052	0.00146726	0.0229687	0.00156653	0.00855455	0.0157328	0.0560612	0.124269	0.0655834	0.0509456	0.0611966	0.00159765	0.101805	0.0408565	0.0631113	0.217246	0.0965431	0.000434805	0.000981611
47	0.151553	0.00681752	0.00360749	0.00778389	0.00430356	0.00689718	0.00791627	0.0428396	0.0671614	0.104879	0.158863	0.0202343	0.0032722	0.0693329	0.0175785	0.178921	0.0962383	0.0480449	0.00122842	0.0025275
48	0.0533322	0.0228434	0.00346946	0.00706607	0.00614496	0.00657877	0.00691911	0.327088	0.0109632	0.0741082	0.0193423	0.0110831	0.0153482	0.00973551	0.0100395	0.0482217	0.0586466	0.300217	0.00170751	0.00714551
49	0.0242518	0.144437	0.00335903	0.00384665	0.00273483	0.00860833	0.00562027	0.01614	0.00677469	0.235038	0.142247	0.00736315	0.00320516	0.00886449	0.0131412	0.0184021	0.074626	0.276448	0.00179195	0.00310026
50	0.158367	0.00711147	0.00484523	0.0125926	0.0038267	0.00867201	0.0108423	0.0499072	0.172796	0.0644963	0.094057	0.0989657	0.00349056	0.066644	0.0539082	0.0471609	0.10043	0.0379551	0.00157036	0.00236169
51	0.0607015	0.00684838	0.123586	0.0993591	0.00123915	0.011244	0.0480761	0.00312706	0.119503	0.0095785	0.00270954	0.124885	0.0144628	0.0930348	0.114233	0.107674	0.050744	0.00763475	0.00033432	0.00102434
52	0.0135455	0.00875825	0.001307	0.0048373	0.0040436	0.0225265	0.0268912	0.0024036	0.516631	0.00855868	0.0117665	0.00543307	0.00695711	0.0223276	0.296115	0.0129669	0.010791	0.0213183	0.00050248	0.00231937
53	0.0661626	0.0260533	0.0146672	0.0163925	0.0283166	0.00633855	0.0877932	0.0349926	0.0125306	0.293435	0.0124286	0.0969993	0.00673376	0.0764726	0.0104534	0.0643478	0.0603072	0.0583052	0.00120057	0.0260698
54	0.0019497	0.00317205	0.0003774	0.000484704	0.00501028	0.000476333	0.000581825	0.492363	0.00289798	0.04047	0.00869077	0.000712485	0.000744258	0.00059972	0.000772239	0.0016112	0.00220183	0.43487	0.000138631	0.00187593
55	0.012233	0.0283971	0.00323022	0.0347599	0.0656853	0.00875998	0.035127	0.00870832	0.38055	0.114856	0.0365239	0.0104007	0.00483806	0.0793467	0.108065	0.0337797	0.0222477	0.00914501	0.000817988	0.00252898
56	0.00608999	0.00653862	0.000443267	0.000594897	0.00437223	0.00051533	0.000594437	0.459547	0.00251335	0.0342583	0.00893832	0.000784119	0.00176438	0.000700704	0.000818422	0.00242264	0.00407065	0.463185	0.000141617	0.00170659
57	0.0133777	0.00797513	0.608714	0.106163	0.00141201	0.0280499	0.00858272	0.00330409	0.00781111	0.00440359	0.0023537	0.117021	0.00225796	0.00857103	0.00602682	0.0511399	0.0109619	0.00909447	0.000575959	0.00220413
58	0.0602977	0.00438809	0.0062802	0.00348034	0.00219017	0.507632	0.11024	0.00482951	0.0100817	0.00597607	0.00389306	0.215628	0.00227202	0.00596436	0.00630183	0.0292651	0.0126375	0.00562133	0.000854526	0.0021664
59	0.0183885	0.00783359	0.00408757	0.0052528	0.0033796	0.0122564	0.0519179	0.003326	0.468004	0.00778654	0.0099791	0.0247767	0.00909087	0.0211861	0.284201	0.0288455	0.0146907	0.0207863	0.000432478	0.00377879
60	0.0534242	0.0275094	0.000897832	0.00218173	0.00120227	0.00325547	0.00170581	0.31812	0.00175295	0.0347317	0.0125488	0.00396173	0.0232642	0.00326571	0.00297024	0.0172514	0.0384218	0.452282	0.000266461	0.00098646
61	0.0231832	0.0105005	0.0070992	0.0113353	0.00857035	0.0151485	0.0241438	0.0145487	0.188887	0.0222646	0.0106899	0.0236644	0.0156277	0.0239446	0.508207	0.0318138	0.0293236	0.0190947	0.00179606	0.0101572
62	0.0301761	0.00889945	0.00532736	0.0119861	0.00439344	0.00962338	0.0128949	0.0300653	0.0703899	0.0301903	0.0485119	0.0239104	0.00659345	0.033847	0.0800866	0.0714162	0.371407	0.143699	0.00217991	0.00440299
63	0.0258685	0.034709	0.428375	0.0753381	0.00164038	0.119187	0.0132628	0.00803585	0.0212784	0.00589517	0.00436377	0.124701	0.00330699	0.0116778	0.0111047	0.0669483	0.0327223	0.00805993	0.000966438	0.00255879
64	0.0763005	0.0182655	0.00312567	0.0205195	0.0341226	0.0210545	0.0487504	0.0590366	0.0494685	0.0257249	0.0348767	0.0279184	0.141453	0.0252201	0.0220237	0.116399	0.13867	0.134725	0.00104205	0.00130297
65	0.0416701	0.123475	0.0396054	0.00462989	0.00349463	0.04632	0.0358086	0.0361101	0.130554	0.0104498	0.00720933	0.17413	0.00413167	0.00817345	0.0671998	0.0148867	0.236892	0.0102612	0.00156815	0.00342917
66	0.00392249	0.00161668	0.00131942	0.00137238	0.435162	0.00180229	0.0145149	0.0158705	0.00245044	0.0156294	0.00200151	0.00280306	0.00101188	0.0039073	0.00226247	0.0043764	0.0101744	0.00255204	0.0127048	0.464546
67	0.110535	0.0139918	0.0069166	0.0095527	0.00391697	0.00555648	0.0163458	0.0194803	0.00984874	0.0177609	0.00495227	0.0231842	0.542152	0.0169161	0.0253523	0.0977209	0.0467147	0.022707	0.00316002	0.00323518
68	0.228098	0.0684443	0.00233839	0.00259992	0.00163853	0.0150847	0.0118349	0.0274756	0.0041897	0.0254471	0.00319316	0.00571286	0.00196422	0.00363317	0.0123674	0.0777816	0.255201	0.250866	0.000613543	0.00151531
69	0.0637905	0.00317247	0.0138733	0.00614884	0.00247942	0.752404	0.0119242	0.00514847	0.0191413	0.0067822	0.00473985	0.0408031	0.00203839	0.00830397	0.0146173	0.0232063	0.0117874	0.00562831	0.00119994	0.00281047
70	0.0229463	0.00330241	0.00376746	0.0152947	0.101102	0.0104196	0.00615144	0.170303	0.00476159	0.261344	0.0752803	0.0202263	0.0171927	0.0472513	0.00438461	0.0170289	0.019231	0.0714187	0.0291656	0.0994284
71	0.0236808	0.00368191	0.00673736	0.018209	0.0801065	0.0142727	0.00491376	0.0733035	0.00853254	0.213655	0.255704	0.0211604	0.0173032	0.0912197	0.00645811	0.0198201	0.0306337	0.013826	0.0277436	0.069038
72	0.0144093	0.00754923	0.604247	0.12413	0.0025048	0.017101	0.00796438	0.00440154	0.00621243	0.004765	0.00320865	0.106847	0.00309983	0.0121193	0.00540546	0.048186	0.0138876	0.0096459	0.00058791	0.00372713
73	0.0220065	0.0124248	0.000644457	0.00198843	0.00457492	0.00177486	0.00123797	0.421949	0.0032121	0.060536	0.0136701	0.00167309	0.00404673	0.00261191	0.0031784	0.00717625	0.0135694	0.420263	0.000389911	0.00307227
74	0.0019497	0.00317205	0.0003774	0.000484704	0.00501028	0.000476333	0.000581825	0.492363	0.00289798	0.04047	0.00869077	0.000712485	0.000744258	0.00059972	0.000772239	0.0016112	0.00220183	0.43487	0.000138631	0.00187593
75	0.056585	0.00348853	0.0171231	0.0606899	0.000952353	0.0581369	0.0225715	0.00472613	0.0413626	0.00322064	0.00153432	0.0508957	0.00104282	0.0471974	0.0326176	0.361413	0.231841	0.00321666	0.000528925	0.000856241
76	0.00192804	0.00156204	0.000595147	0.000652134	0.00148184	0.000919044	0.000958733	0.778896	0.00125385	0.102625	0.0243931	0.00233172	0.000580647	0.000956475	0.00109895	0.00184484	0.00876545	0.0652198	0.000217183	0.00372046
77	0.0476126	0.00178357	0.214349	0.536171	0.000932223	0.0170688	0.00970837	0.00806531	0.0125089	0.0021323	0.00173801	0.0192541	0.0250297	0.0627773	0.00561923	0.00354401	0.0224336	0.00829947	0.000330699	0.000642424
78	0.01731	0.00936662	0.00140343	0.00325317	0.0025527	0.0125586	0.0209872	0.00248089	0.499326	0.00422725	0.0102546	0.00250495	0.00760875	0.0133523	0.346607	0.0111223	0.0105929	0.0206681	0.000427919	0.00339534
79	0.0621686	0.0120148	0.00986716	0.00401031	0.00333767	0.00908055	0.00607995	0.0333653	0.010197	0.0115818	0.00560563	0.0142273	0.00836201	0.00662366	0.00827811	0.299126	0.420263	0.0710253	0.00186479	0.00292198
80	0.0127497	0.00377251	0.104341	0.0193699	0.00275032	0.453413	0.0220878	0.00355716	0.0682655	0.00593491	0.0182771	0.17536	0.00284377	0.00580668	0.0243869	0.0591074	0.010336	0.00447747	0.000895486	0.00226727
81	0.0278946	0.00179224	0.185216	0.6042	0.000698474	0.0168906	0.00613306	0.00560395	0.0191865	0.0018659	0.00121082	0.0156516	0.0107035	0.068012	0.00885273	0.00501855	0.0142968	0.00570065	0.000364582	0.000707151
82	0.00715115	0.0140373	0.0270101	0.00254624	0.0409694	0.00377194	0.301284	0.00386239	0.018161	0.0380204	0.00268585	0.197656	0.00144257	0.0373958	0.0668021	0.0848951	0.0543049	0.00468377	0.000981107	0.0923394
83	0.00422332	0.00180922	0.00133602	0.00130641	0.4327	0.00172218	0.0158923	0.0162257	0.00244604	0.0157545	0.00212437	0.00275266	0.000997867	0.00384987	0.00226542	0.00497659	0.0109202	0.00347462	0.0124751	0.462748
84	0.0215015	0.00975858	0.00812557	0.0124343	0.00702485	0.0129418	0.0242042	0.0125886	0.20532	0.0175296	0.00774232	0.0245536	0.0138658	0.0211321	0.520951	0.0267881	0.0250834	0.0175868	0.0018282	0.00903943
85	0.0142228	0.000988365	0.000776948	0.000833293	0.0129566	0.0012088	0.00116765	0.214305	0.00144498	0.438003	0.0902824	0.00378444	0.0099254	0.0151253	0.00122428	0.00240852	0.0211292	0.168962	0.000298317	0.000951955
86	0.0142228	0.000988365	0.000776948	0.000833293	0.0129566	0.0012088	0.00116765	0.214305	0.00144498	0.438003	0.0902824	0.00378444	0.0099254	0.0151253	0.00122428	0.00240852	0.0211292	0.168962	0.000298317	0.000951955
87	0.00602717	0.00369406	0.0012725	0.00118589	0.406272	0.00163399	0.0297774	0.0205381	0.00225822	0.0184871	0.00310987	0.00230926	0.000882193	0.00408419	0.00191219	0.00960909	0.0178621	0.011104	0.011076	0.446904
88	0.0111933	0.00715365	0.62184	0.096946	0.00105741	0.0203009	0.00663585	0.00292235	0.00455996	0.00348576	0.0019352	0.139851	0.00129336	0.00511208	0.00422582	0.0493573	0.010767	0.00822472	0.000420933	0.00271738
89	0.108666	0.00375881	0.00124973	0.00823774	0.00283431	0.00665749	0.00943607	0.129458	0.00524194	0.0254678	0.015387	0.0393768	0.0844524	0.0231449	0.00742996	0.064052	0.194866	0.269161	0.00045745	0.000664868
90	0.032536	0.00899549	0.0168175	0.0225372	0.0102385	0.0127841	0.105064	0.0100363	0.332634	0.0239692	0.0124684	0.0570107	0.00902148	0.0891369	0.141045	0.0459484	0.0301465	0.0343746	0.00128391	0.0039522
91	0.0636494	0.00415807	0.0147929	0.00494767	0.00303077	0.283909	0.0119406	0.00635942	0.21182	0.0106581	0.00664631	0.0872463	0.00371059	0.0531237	0.175806	0.0262775	0.0194616	0.00911297	0.000910345	0.00243861
92	0.0138045	0.0221941	0.00319015	0.0126026	0.007805	0.0099591	0.0182068	0.00534327	0.373784	0.013733	0.0104485	0.00793714	0.00616614	0.0190001	0.415256	0.0161163	0.0219419	0.015865	0.000728851	0.00591751
93	0.00505402	0.00293967	0.00136557	0.00130047	0.427306	0.001796	0.0203592	0.0175652	0.00255528	0.0153843	0.00350754	0.00279863	0.00104206	0.00481556	0.00236441	0.00707518	0.013535	0.00703893	0.0139662	0.448231
94	0.202751	0.0646186	0.00202174	0.0026467	0.00168344	0.0126951	0.0182463	0.0503068	0.00529614	0.0292597	0.00339517	0.00782704	0.00276381	0.00436014	0.0174409	0.0482363	0.250241	0.274046	0.000782231	0.00138096
95	0.0201644	0.00462537	0.000920334	0.00150001	0.0105067	0.00203101	0.00138107	0.228766	0.00193781	0.388237	0.0728253	0.00448861	0.0182926	0.012749	0.00194602	0.00594611	0.0321835	0.190086	0.000336414	0.00107601
96	0.0233808	0.00927307	0.00772557	0.0111716	0.0061468	0.0146028	0.216957	0.0245573	0.0973744	0.0200693	0.0145299	0.0197816	0.00561289	0.233811	0.0205178	0.0267962	0.0435275	0.195531	0.00279315	0.00584012
97	0.0595624	0.00517394	0.0192093	0.02089	0.00276318	0.00746472	0.0682833	0.00735975	0.0951812	0.0148706	0.00496335	0.0976747	0.0964393	0.0286163	0.304414	0.115559	0.0315293	0.0139563	0.00123379	0.0048559
98	0.00192285	0.00156243	0.000594868	0.000653905	0.00148427	0.000919165	0.000958928	0.779443	0.00125497	0.102346	0.0242968	0.00233332	0.00057687	0.000933688	0.00109403	0.00184327	0.00872313	0.0651188	0.000217183	0.00372269
99	0.0367466	0.00198404	0.0206783	0.0421847	0.000934456	0.0247205	0.0162863	0.0110727	0.126697	0.00508074	0.0021434	0.0859222	0.00224912	0.0842079	0.0518357	0.261298	0.22031	0.00423744	0.000466054	0.000944818
100	0.238368	0.00321672	0.0649175	0.109063	0.00233046	0.0535756	0.0355811	0.0060255	0.0721234	0.0120931	0.00772464	0.0504823	0.119855	0.0276533	0.0273707	0.0922195	0.04154	0.0336299	0.000785725	0.00144398
101	0.0476432	0.00156161	0.208106	0.551463	0.000862578	0.0163572	0.00823089	0.00865907	0.0127455	0.00204345	0.001675	0.0186198	0.0191438	0.0614824	0.00570447	0.00347474	0.022647	0.00865259	0.000320281	0.00060673
102	0.0279737	0.00169047	0.182961	0.612436	0.000726366	0.0169272	0.00567634	0.00573358	0.0176987	0.00184358	0.00117413	0.0145431	0.0106096	0.0675431	0.00764514	0.00396064	0.0140729	0.00563059	0.000394151	0.000759225
103	0.39446	0.00190904	0.00210265	0.00204046	0.0104385	0.0334349	0.00264229	0.00359917	0.044112	0.0061333	0.00216216	0.00387741	0.00126565	0.00268408	0.00307331	0.340772	0.100115	0.0338281	0.0102003	0.0011498
104	0.0502778	0.00298257	0.0298661	0.0497066	0.000563164	0.0437044	0.0136177	0.00637522	0.103926	0.00300365	0.0012487	0.0826535	0.00103927	0.0728465	0.0356392	0.284259	0.215115	0.00221179	0.000294639	0.00066855
105	0.00698488	0.00472109	0.00123635	0.00110849	0.399008	0.00158803	0.036628	0.024685	0.0021131	0.0187676	0.00370243	0.00235836	0.000901368	0.00439887	0.00194188	0.012275	0.0223225	0.0144067	0.0100693	0.430783
106	0.0168794	0.0103975	0.00312218	0.00824835	0.00523905	0.0178111	0.0272891	0.00481923	0.471001	0.00982985	0.011844	0.0141557	0.00652511	0.0212701	0.309714	0.0195219	0.0160684	0.0210997	0.00105223	0.00411194
107	0.0256306	0.0108773	0.00971915	0.0151263	0.0217884	0.0107226	0.00547414	0.096655	0.0110017	0.388607	0.205668	0.0156104	0.00724404	0.0371844	0.00782463	0.0213321	0.0271083	0.0617258	0.00617622	0.0145241
108	0.131843	0.445879	0.00462723	0.00440773	0.00318106	0.043468	0.00583484	0.0109304	0.00807066	0.133767	0.0454425	0.00924553	0.00364761	0.00678924	0.00806347	0.0190458	0.0456867	0.0653569	0.00182206	0.00289134
109	0.0122947	0.00784147	0.00102803	0.00415042	0.00403223	0.0179071	0.0201388	0.00194663	0.530289	0.00693875	0.0108083	0.00333307	0.0059172	0.0134795	0.313456	0.0155145	0.00966514	0.0176557	0.000459797	0.00314426
110	0.00891434	0.00719705	0.000429137	0.000753682	0.0043693	0.000734697	0.000675248	0.473113	0.00329418	0.0422277	0.00985476	0.000922271	0.00203145	0.000839889	0.00146963	0.00313095	0.0059497	0.431656	0.000252764	0.00218445
111	0.0840091	0.00216727	0.00979637	0.00190479	0.00167664	0.320244	0.0043951	0.0039542	0.169556	0.00906198	0.00305165	0.110002	0.00155598	0.0731764	0.162962	0.0183212	0.0177407	0.00447212	0.000612073	0.00134082
112	0.0890969	0.00216506	0.00945149	0.00200218	0.00206084	0.331529	0.00368854	0.00387631	0.156152	0.00873187	0.00313343	0.109757	0.00149082	0.0713049	0.159314	0.0201695	0.0190982	0.00456581	0.000653076	0.00175928
113	0.00245119	0.00349122	0.000384522	0.000485266	0.00494387	0.000486466	0.000583073	0.49101	0.00286303	0.0402829	0.00881191	0.000718018	0.00077651	0.000596049	0.000758363	0.0016561	0.0024473	0.435255	0.000139538	0.00185971
114	0.120237	0.0146296	0.0041588	0.00614742	0.00251001	0.00536779	0.0162447	0.0169971	0.00886762	0.0142224	0.00484185	0.0233981	0.543216	0.0166199	0.0125392	0.115657	0.0506173	0.0190112	0.00293409	0.00178241
115	0.0218197	0.0220809	0.00226335	0.00132789	0.314997	0.00221977	0.103344	0.0320406	0.00259123	0.0129777	0.013539	0.00291291	0.00124608	0.00631561	0.0023009	0.0464929	0.0549685	0.0758368	0.00870474	0.272021
116	0.063553	0.00594699	0.0013631	0.00393525	0.0128124	0.0022471	0.0020124	0.417407	0.00219448	0.201607	0.0130171	0.00398443	0.00287153	0.00356629	0.00500128	0.00920136	0.0100217	0.214052	0.00304837	0.0221564
117	0.100863	0.0155203	0.00189723	0.00905861	0.00218544	0.014908	0.0191168	0.118719	0.011929	0.039657	0.0159864	0.0305986	0.0357711	0.0181028	0.00844256	0.0540337	0.205128	0.296836	0.000466893	0.000779097
118	0.0675543	0.0168801	0.0127382	0.0178821	0.00697482	0.0182162	0.0159735	0.0591963	0.0361781	0.119046	0.032116	0.0319459	0.0155379	0.0350078	0.0269444	0.140984	0.248749	0.0898525	0.0025366	0.00568495
119	0.00717514	0.0140435	0.0272333	0.00261365	0.0412409	0.0037665	0.301723	0.00386157	0.0179505	0.0377898	0.00272907	0.197552	0.00143968	0.03696	0.066626	0.084811	0.0543323	0.00471711	0.000981672	0.0924529
120	0.0191271	0.0210372	0.523212	0.157217	0.00168203	0.036225	0.00757937	0.00470105	0.010196	0.00786409	0.0032155	0.0965345	0.00433431	0.0180821	0.00783404	0.050792	0.0178686	0.00924547	0.000919683	0.00233278
121	0.0704939	0.00187238	0.00181219	0.00170394	0.00122279	0.852072	0.0078254	0.00288522	0.00403725	0.00308463	0.0022745	0.018535	0.00128132	0.00282371	0.00280894	0.0150906	0.00510441	0.00353642	0.000478319	0.00105662
122	0.0312577	0.0121088	0.0104637	0.0165777	0.0132465	0.0143817	0.106362	0.0129386	0.212896	0.0619293	0.0145155	0.0537926	0.015168	0.040344	0.271626	0.0488741	0.0337067	0.0199481	0.00169383	0.00816812
123	0.0332616	0.0122317	0.0149762	0.0108172	0.00588743	0.0118381	0.0207525	0.0157989	0.0318816	0.0169336	0.00950246	0.0384348	0.0656856	0.017294	0.105128	0.224176	0.331724	0.0269625	0.00264026	0.00407348
124	0.00212006	0.00155681	0.000621956	0.000638328	0.00188345	0.000981843	0.00110585	0.759526	0.00127803	0.115595	0.0268581	0.00247566	0.000786631	0.00127694	0.00121857	0.00203523	0.0095537	0.0668409	0.000232492	0.00341397
125	0.0427746	0.0114026	0.014401	0.016196	0.010237	0.0158384	0.0317705	0.0267233	0.0622399	0.0942105	0.0198786	0.0376469	0.109535	0.025714	0.344595	0.0528465	0.0393425	0.0303142	0.00486361	0.00947
126	0.00411398	0.00174623	0.00130507	0.0013411	0.433493	0.00181162	0.0155002	0.0160643	0.00249453	0.015651	0.00211964	0.00277402	0.00100189	0.00390232	0.00218196	0.00480033	0.0108167	0.00340577	0.0126824	0.462794
127	0.0883136	0.0611646	0.00626339	0.00929564	0.00865532	0.0103533	0.0163066	0.110388	0.0153252	0.0336626	0.016649	0.025596	0.326886	0.0208108	0.0169504	0.0734246	0.0548644	0.0953357	0.00460544	0.00514937
128	0.021098	0.00703245	0.439032	0.119148	0.00311228	0.0115158	0.0797512	0.00562797	0.0214824	0.0115859	0.00414082	0.137298	0.00516431	0.0291226	0.0274495	0.0452521	0.0177287	0.0090202	0.000632557	0.00480473
129	0.105345	0.0149736	0.00640441	0.00821679	0.00400739	0.00985028	0.0179617	0.0264485	0.0138201	0.0206092	0.00836434	0.0220539	0.529899	0.0164387	0.020201	0.0955163	0.0462573	0.0265165	0.00324124	0.00387414
130	0.0991157	0.0031115	0.0831758	0.0870875	0.0175225	0.013148	0.0476176	0.0480311	0.0396748	0.205659	0.0490852	0.0740148	0.0251585	0.055762	0.0207377	0.0507945	0.0254111	0.0508464	0.000619041	0.00342701
131	0.0696544	0.0364792	0.000702207	0.0026913	0.000712531	0.00390008	0.00171019	0.309474	0.00127114	0.0411969	0.014257	0.00254179	0.0092764	0.00157394	0.00353593	0.0177987	0.037667	0.444511	0.000242477	0.000803845
132	0.0492663	0.00442314	0.0434218	0.0404245	0.000993827	0.00557482	0.101119	0.0027155	0.254243	0.00843811	0.00193357	0.111227	0.0110697	0.0599685	0.160196	0.101936	0.0325499	0.00512676	0.000511543	0.0048607
133	0.142207	0.00485953	0.00357973	0.0211507	0.00599579	0.00649705	0.0129201	0.11824	0.00987584	0.0316684	0.0222182	0.0379749	0.123646	0.0300185	0.0173176	0.0633334	0.130952	0.215688	0.000733583	0.00112199
134	0.0392	0.00538199	0.00924679	0.00543637	0.00319877	0.284197	0.225165	0.00865866	0.0120134	0.0110113	0.00671206	0.287504	0.00336965	0.00885004	0.0104054	0.0485705	0.0164269	0.00926466	0.00217513	0.00321229
135	0.0396383	0.0174286	0.237378	0.0333155	0.0312885	0.0254964	0.0317141	0.0433856	0.0250224	0.0439173	0.0217082	0.0537499	0.0121903	0.0251623	0.0231807	0.0523217	0.0481038	0.118454	0.00570822	0.110836
136	0.00964133	0.0152032	0.0195801	0.00198202	0.00148492	0.00313244	0.00273861	0.00695644	0.00363558	0.00485876	0.00250118	0.0223611	0.0136045	0.00319075	0.00680242	0.305678	0.563374	0.0116171	0.000591668	0.00106561
137	0.0019497	0.00317205	0.0003774	0.000484704	0.00501028	0.000476333	0.000581825	0.492363	0.00289798	0.04047	0.00869077	0.000712485	0.000744258	0.00059972	0.000772239	0.0016112	0.00220183	0.43487	0.000138631	0.00187593
138	0.0156541	0.00747763	0.00192921	0.00364612	0.00301114	0.0102765	0.0318376	0.00565179	0.461555	0.00788751	0.0313945	0.0041503	0.00780955	0.0371612	0.284543	0.0120308	0.0111447	0.0597753	0.000676392	0.00238762
139	0.0234642	0.00179711	0.00136727	0.00186832	0.0340116	0.00196125	0.00193188	0.403085	0.00215687	0.20902	0.00259493	0.00389755	0.000992863	0.00245238	0.00282284	0.00981999	0.00447396	0.225054	0.00836152	0.0588663
140	0.00852244	0.00680677	0.66777	0.105259	0.00056047	0.0119582	0.00373932	0.00165112	0.00162958	0.00158185	0.00107359	0.118023	0.00064028	0.00337456	0.00150593	0.0495232	0.00720435	0.00767685	0.000233139	0.00126632
141	0.013733	0.00108512	0.000908417	0.00131515	0.016194	0.00144075	0.00144537	0.40302	0.00159848	0.338309	0.0447218	0.00770036	0.00555418	0.00693538	0.00176275	0.003745	0.013312	0.123709	0.00161524	0.0118945
142	0.051039	0.0332941	0.00055256	0.00168196	0.00126607	0.00267407	0.000832333	0.350598	0.00132213	0.036628	0.0161095	0.0010908	0.00726057	0.00128391	0.00218161	0.0136682	0.0201039	0.457467	0.000156819	0.00078927
143	0.0293163	0.00135097	0.00902034	0.0356223	0.000858443	0.00823181	0.0050007	0.168309	0.0344035	0.1344	0.0579369	0.00450542	0.00110734	0.0206787	0.00263335	0.0464715	0.22483	0.21379	0.000442648	0.00109101
144	0.00852244	0.00680677	0.66777	0.105259	0.00056047	0.0119582	0.00373932	0.00165112	0.00162958	0.00158185	0.00107359	0.118023	0.00064028	0.00337456	0.00150593	0.0495232	0.00720435	0.00767685	0.000233139	0.00126632
145	0.021258	0.0175323	0.00174862	0.00132101	0.349061	0.00196497	0.10661	0.0340468	0.00249064	0.0166377	0.0110462	0.00270871	0.00126636	0.00589874	0.00244471	0.0445002	0.0576048	0.06229	0.0108082	0.248761
146	0.0260385	0.00205145	0.00132243	0.00164237	0.0225977	0.00150906	0.00129021	0.432196	0.00204173	0.177266	0.00349747	0.00270921	0.000854031	0.00176684	0.00258504	0.0101871	0.00383255	0.254855	0.00570525	0.0460517
147	0.0306338	0.00778703	0.00256151	0.00410241	0.0021678	0.00994464	0.039631	0.00447961	0.430831	0.00906294	0.00952367	0.0185472	0.0508226	0.0158428	0.289752	0.026535	0.0134378	0.0311056	0.000818283	0.00241295
148	0.0316468	0.00472663	0.0123983	0.0563608	0.11222	0.0153316	0.0108373	0.075594	0.0114629	0.175152	0.111964	0.064726	0.0446551	0.0655673	0.0082959	0.02709	0.0250558	0.0120146	0.0363456	0.0985549
149	0.0282854	0.00160142	0.182135	0.613745	0.000691087	0.0175633	0.00573655	0.00566758	0.0169834	0.0017725	0.00120754	0.0143527	0.01092	0.0664489	0.00808262	0.00381247	0.0142059	0.00568089	0.000384885	0.000723133
150	0.113572	0.00319145	0.00111519	0.0094454	0.00310769	0.00561171	0.00847443	0.134766	0.00536126	0.025755	0.0147754	0.0390904	0.103191	0.0287966	0.00855218	0.068523	0.184894	0.240365	0.000509216	0.000904712
151	0.0295326	0.0083404	0.152102	0.0420082	0.00308667	0.358334	0.0185404	0.00459931	0.0470922	0.00637933	0.0114233	0.12935	0.00457743	0.0181326	0.0224223	0.0973836	0.037618	0.00590543	0.00089138	0.00228078
152	0.210373	0.00600358	0.0129267	0.0164132	0.00344188	0.0115503	0.0148748	0.0131499	0.152715	0.0172226	0.0123745	0.196672	0.00764472	0.0262024	0.0548091	0.126123	0.0700262	0.0423537	0.002258	0.00286484
153	0.0142216	0.000989224	0.000776952	0.000833409	0.0129514	0.00120883	0.00116813	0.214272	0.00144498	0.437749	0.0903199	0.00378255	0.0099254	0.0151491	0.00122084	0.00242091	0.0211561	0.169149	0.000298332	0.000962464
154	0.123445	0.102724	0.00177755	0.00288106	0.00116699	0.00692842	0.00414211	0.212951	0.00321323	0.0365271	0.0139152	0.00374113	0.0070053	0.00333978	0.00525073	0.0224533	0.0408672	0.406038	0.000596829	0.00103619
155	0.0396153	0.00837883	0.00423372	0.011778	0.167007	0.00901623	0.0301885	0.0678179	0.00616345	0.0811616	0.122856	0.0152102	0.0122976	0.0656608	0.00621574	0.0244167	0.0681048	0.023256	0.0196494	0.216972
156	0.0631766	0.0397232	0.000662061	0.00208513	0.000515334	0.00324902	0.000940855	0.308669	0.00107165	0.0374583	0.0156655	0.00126861	0.00904692	0.0014451	0.00280692	0.0166908	0.0253231	0.469364	0.000193391	0.000644512
157	0.082058	0.0085189	0.00333733	0.0133274	0.00152513	0.00698285	0.00750709	0.175508	0.0119828	0.0526653	0.0233461	0.0231767	0.0482452	0.0249722	0.00602743	0.0572612	0.186672	0.265692	0.000461763	0.000732486
158	0.0894966	0.00218638	0.00921161	0.00210473	0.00198526	0.328415	0.00416693	0.00420485	0.157442	0.0093667	0.00297872	0.106606	0.00170255	0.0717234	0.162581	0.0197834	0.018999	0.00462732	0.000658009	0.00175928
159	0.0582944	0.00239344	0.0119927	0.00502072	0.00181289	0.792047	0.00985907	0.00334296	0.0171929	0.00406456	0.00373695	0.0335579	0.00181818	0.00756695	0.0131154	0.0198157	0.00870289	0.00395077	0.000488806	0.00122582
160	0.0666612	0.00329604	0.0063476	0.00402292	0.00265236	0.0103798	0.306089	0.00435141	0.080286	0.0137818	0.00332363	0.183182	0.00421604	0.0557925	0.152808	0.0659552	0.025087	0.00500976	0.000913336	0.00584536
161	0.0996687	0.0172219	0.0382647	0.0252533	0.0057184	0.195782	0.0446277	0.00846906	0.0433381	0.0110621	0.00918223	0.165338	0.00785293	0.0289598	0.0310368	0.165082	0.0836222	0.00903004	0.00111497	0.00937516
162	0.0915713	0.0655115	0.00344165	0.00528095	0.00341157	0.00773198	0.00708547	0.0808054	0.0195267	0.137816	0.120166	0.0137316	0.00379962	0.0491973	0.103478	0.0492515	0.115083	0.119357	0.00140179	0.00235094
163	0.0593465	0.00323956	0.0129402	0.00845214	0.00261354	0.769549	0.0110655	0.00413604	0.0173922	0.00570832	0.00425999	0.0344922	0.00264871	0.00642995	0.0107647	0.0244453	0.0131409	0.00527298	0.00152783	0.00257449
164	0.0364119	0.00975692	0.00769187	0.0125397	0.00838373	0.0129553	0.0163906	0.112632	0.102107	0.0335381	0.0150688	0.0261807	0.016466	0.0329845	0.41053	0.0341057	0.0456019	0.0507192	0.00677397	0.00916226
165	0.0576852	0.0368373	0.000610447	0.00200733	0.00077093	0.00301936	0.00094018	0.320636	0.00114078	0.0361089	0.0148819	0.00110456	0.0085426	0.00136035	0.00262353	0.0161689	0.0233076	0.471328	0.000189014	0.000737325
166	0.0608471	0.00478162	0.0128828	0.00825727	0.00252455	0.774697	0.010743	0.00449245	0.0114529	0.00479773	0.00448916	0.0341406	0.0023258	0.00591037	0.00696139	0.0254084	0.013808	0.00578461	0.000942982	0.00475234
167	0.0293589	0.0013748	0.00902572	0.0353613	0.000846898	0.00825308	0.00497644	0.168828	0.0342997	0.134443	0.0580523	0.00436983	0.00110885	0.0203205	0.002599	0.0463732	0.225176	0.213677	0.000442272	0.00111396
168	0.00244452	0.00210138	0.000548367	0.000591701	0.00229342	0.000786831	0.0007767	0.707984	0.0015267	0.0854782	0.0205748	0.00144832	0.00053357	0.000791456	0.000969305	0.00189966	0.00697289	0.158043	0.000276938	0.00395781
169	0.0354995	0.00496178	0.00302308	0.0252273	0.00208043	0.0189926	0.0407875	0.0874366	0.0526955	0.0539109	0.033241	0.0358341	0.00996151	0.107191	0.0145423	0.0466517	0.190034	0.235837	0.000634334	0.00145816
170	0.0458008	0.00578465	0.00870121	0.00954511	0.00253292	0.033029	0.228181	0.00554302	0.0633188	0.0189082	0.00238548	0.127848	0.00312061	0.0500457	0.0811834	0.237501	0.0674504	0.00332127	0.000719607	0.0050802
171	0.0142394	0.00557599	0.0041151	0.00547841	0.00413391	0.00727059	0.00789121	0.252201	0.220982	0.0134234	0.00564767	0.0101614	0.00438408	0.0132042	0.224568	0.0132773	0.0475934	0.11116	0.0313005	0.00339172
172	0.0166216	0.00727703	0.517789	0.202964	0.000867185	0.0236104	0.00659622	0.0030527	0.00829456	0.00375137	0.00194524	0.0939349	0.00275541	0.0199495	0.0067006	0.0568267	0.0174298	0.00800647	0.000325786	0.00130195
173	0.0154781	0.011805	0.000848082	0.00347342	0.00279446	0.00991568	0.0217964	0.00179258	0.476242	0.00314166	0.0103849	0.00215877	0.00689531	0.0124743	0.371987	0.0102435	0.0120038	0.0219765	0.000392959	0.00419648
174	0.0369976	0.0084687	0.0239662	0.01685	0.0170284	0.0112539	0.261299	0.00951239	0.0569896	0.0530233	0.00654083	0.157086	0.00540083	0.0642126	0.105627	0.0793367	0.0411884	0.0107213	0.00131443	0.033182
175	0.0827888	0.00291581	0.0810139	0.0900136	0.0139866	0.017294	0.0453763	0.0518581	0.0493553	0.196651	0.054743	0.0612899	0.047913	0.0662406	0.0218374	0.0472712	0.0213288	0.0443772	0.000767323	0.00297776
176	0.0523402	0.00443888	0.0392712	0.0108326	0.0044412	0.459994	0.0150945	0.00442925	0.0985326	0.00769144	0.00823551	0.123042	0.00225148	0.0322896	0.0720322	0.0357536	0.0185824	0.00520331	0.000848341	0.00469596
177	0.0947028	0.00718972	0.0298153	0.0513885	0.00180575	0.149459	0.0145081	0.00466004	0.019454	0.00519666	0.00278057	0.0360629	0.00202893	0.0257741	0.0143543	0.335543	0.195924	0.00678437	0.00157593	0.00099189
178	0.0218711	0.0217197	0.00219286	0.00130775	0.318392	0.00222294	0.103784	0.0322747	0.00261901	0.013266	0.0133038	0.00291017	0.00127449	0.00626986	0.00233074	0.0466062	0.0560448	0.0747603	0.00890308	0.267946
179	0.00852244	0.00680677	0.66777	0.105259	0.00056047	0.0119582	0.00373932	0.00165112	0.00162958	0.00158185	0.00107359	0.118023	0.00064028	0.00337456	0.00150593	0.0495232	0.00720435	0.00767685	0.000233139	0.00126632
180	0.00532193	0.00298732	0.000925201	0.00157576	0.00254776	0.00131029	0.00132276	0.710435	0.00218105	0.111996	0.0313232	0.00230303	0.00157756	0.00236764	0.00137132	0.00399241	0.0157765	0.0921234	0.000505529	0.00805705
181	0.0640878	0.039654	0.000636914	0.00218308	0.000567572	0.00330432	0.00101364	0.309824	0.00107025	0.0380759	0.0154295	0.00126491	0.00911112	0.00143996	0.00283913	0.0167123	0.0261308	0.465742	0.000197559	0.000715294
182	0.0346081	0.00798092	0.0112292	0.0095104	0.00555158	0.0519179	0.265867	0.00982375	0.0574432	0.0193801	0.00769343	0.0791139	0.0106632	0.0316699	0.18102	0.128228	0.0663004	0.0094556	0.00193181	0.0106125
183	0.00195263	0.00317587	0.000377402	0.000483799	0.00504798	0.000478941	0.00058186	0.492216	0.00289204	0.0405856	0.00868295	0.000714666	0.000745084	0.00059972	0.000775376	0.00160749	0.00220195	0.43482	0.000138948	0.00192105
184	0.0140997	0.0301302	0.00679643	0.0680469	0.0101392	0.00845098	0.0145551	0.00720146	0.407783	0.0228027	0.00894932	0.0125573	0.00458008	0.0421216	0.228467	0.0215756	0.0780072	0.0100958	0.00120618	0.0024338
185	0.0166958	0.00735976	0.568836	0.141025	0.00166161	0.0166071	0.00909092	0.0046356	0.0104419	0.005147	0.00401309	0.106513	0.00351911	0.014656	0.00903713	0.0507795	0.0159198	0.0108891	0.000645759	0.00252569
186	0.386326	0.00186174	0.00199532	0.00203133	0.0107158	0.0326442	0.00256213	0.00370754	0.0446008	0.00621258	0.00234738	0.00383027	0.0012773	0.00271818	0.00307833	0.345286	0.102593	0.0344601	0.0106945	0.00105733
187	0.0913571	0.00722005	0.00127635	0.02105	0.0016306	0.0102501	0.0178496	0.0652242	0.11648	0.0770268	0.0389708	0.0647028	0.00146349	0.095216	0.035652	0.0699633	0.190527	0.0928121	0.000470728	0.000857009
188	0.0248597	0.00669306	0.181195	0.121001	0.00173283	0.370469	0.0130604	0.00426649	0.0407966	0.00639538	0.0102317	0.0993922	0.00572321	0.0178675	0.0144782	0.0530578	0.0214256	0.00505757	0.000789941	0.00150595
189	0.0681821	0.0031607	0.00805107	0.00582103	0.00282388	0.00769535	0.246735	0.00384724	0.0986669	0.0116356	0.00345078	0.237917	0.00325293	0.0611646	0.131527	0.064296	0.0293649	0.00620183	0.000870506	0.00533549
190	0.0749926	0.00285724	0.0509967	0.141032	0.00198918	0.0356951	0.0230128	0.0662144	0.00496238	0.0208133	0.0185098	0.00528542	0.00211641	0.146978	0.0210124	0.0776213	0.238214	0.0648593	0.00105144	0.00178665
191	0.0101157	0.00472736	0.00242389	0.00383143	0.399315	0.00329844	0.0241796	0.0201344	0.00436988	0.0227324	0.0128177	0.00623975	0.00427259	0.0107792	0.00390063	0.0128218	0.0184526	0.012789	0.0902019	0.332596
