354	20
1	0.0624238	0.011133	0.0258779	0.0339052	0.0223993	0.164369	0.0169882	0.0245106	0.02173	0.142285	0.149391	0.027665	0.0274918	0.0204769	0.0331633	0.0717799	0.0442427	0.068639	0.0114786	0.0200505
2	0.0860055	0.0200449	0.0145017	0.0193854	0.00630155	0.508491	0.0057258	0.00368139	0.00848401	0.010122	0.0042996	0.0213451	0.011543	0.0060488	0.0354662	0.168623	0.0494371	0.0145244	0.00194402	0.0040256
3	0.0339225	0.00832051	0.0239286	0.0144852	0.00799188	0.119641	0.00831949	0.00532408	0.0114996	0.0106931	0.00687582	0.401784	0.0105511	0.00734605	0.0162148	0.244798	0.0451107	0.0127354	0.00378193	0.00667705
4	0.0445169	0.0403028	0.00310625	0.0059765	0.0030814	0.40055	0.00309822	0.00233461	0.003008	0.00366258	0.00235004	0.00544222	0.0031513	0.00256305	0.0889646	0.294146	0.0791327	0.0096489	0.00271967	0.00224414
5	0.0951227	0.00267924	0.00514008	0.0113439	0.0444898	0.00526653	0.00131216	0.168009	0.00342357	0.102792	0.0453174	0.00766281	0.00319014	0.000943948	0.00882142	0.0183694	0.0519125	0.416926	0.00212934	0.00514871
6	0.210845	0.0304488	0.00458377	0.00580745	0.00241142	0.222529	0.00563807	0.00718387	0.0033049	0.00410973	0.00305349	0.0068357	0.0130627	0.00232482	0.0517132	0.22407	0.154557	0.0435177	0.00219919	0.00180477
7	0.0149261	0.00145526	0.0214247	0.0374695	0.0017258	0.0273203	0.0310991	0.00142153	0.230254	0.00237228	0.00628473	0.10231	0.00362338	0.0897589	0.299134	0.0656364	0.0566909	0.00259408	0.000651121	0.00384816
8	0.0611358	0.00891159	0.212463	0.256919	0.00284491	0.062559	0.028699	0.00898873	0.0375084	0.0278298	0.00771308	0.0287788	0.00751377	0.0775825	0.0413469	0.0601102	0.038237	0.0228905	0.00202986	0.00593869
9	0.0379563	0.0079703	0.255334	0.327887	0.00240916	0.0395167	0.0167534	0.00530412	0.0424395	0.0128697	0.00412209	0.0439862	0.00806994	0.0655119	0.0257548	0.041437	0.031483	0.024135	0.000990475	0.00606957
10	0.197901	0.0442184	0.0457653	0.0196386	0.0299357	0.0689134	0.00645594	0.00523475	0.0182012	0.0219395	0.00423671	0.043666	0.0370067	0.00625826	0.0138237	0.312655	0.0903627	0.0219145	0.00206106	0.00981176
11	0.0102182	0.0391539	0.00511725	0.00697875	0.103734	0.0221414	0.0630983	0.0846125	0.00562125	0.253047	0.0221975	0.0191374	0.0311958	0.0659873	0.00733952	0.0930348	0.0304182	0.102183	0.00274397	0.0320389
12	0.158737	0.033321	0.00862676	0.0151028	0.00617744	0.523594	0.00724674	0.00470416	0.00472536	0.0085641	0.00361027	0.012155	0.00706376	0.00421209	0.022156	0.112032	0.0425599	0.0203184	0.00189543	0.00319728
13	0.0110559	0.0414908	0.03625	0.0237649	0.0333245	0.00745196	0.337546	0.0034731	0.0408466	0.031954	0.00271193	0.0847091	0.0040141	0.115948	0.0736629	0.0244229	0.01732	0.0100094	0.00455161	0.0954924
14	0.0697355	0.0129881	0.0108177	0.0161607	0.0342274	0.0159475	0.00868713	0.167917	0.0156293	0.122226	0.0334896	0.0192756	0.0104612	0.00846512	0.0187516	0.0886222	0.0511462	0.285142	0.0033253	0.00698408
15	0.0103386	0.032483	0.00398389	0.00607984	0.285592	0.0131219	0.0236921	0.0626712	0.0051464	0.224157	0.0359669	0.0149926	0.00665676	0.0210613	0.00589614	0.0647277	0.0361422	0.0611467	0.0081732	0.0779712
16	0.19501	0.0788414	0.0138363	0.00548285	0.0583307	0.0295986	0.0144638	0.0104946	0.00979793	0.0210935	0.00376325	0.0173491	0.0134259	0.00274739	0.00667903	0.381012	0.081009	0.0322951	0.00557081	0.0191992
17	0.00566979	0.00478171	0.0140056	0.00325523	0.333099	0.00492569	0.0322994	0.00371378	0.00301756	0.0122056	0.00251562	0.00582035	0.00195427	0.00350115	0.0047909	0.0102794	0.00618544	0.00445762	0.0023552	0.541167
18	0.0539775	0.004296	0.00449983	0.00333241	0.0136877	0.00420706	0.00204346	0.194684	0.000696115	0.110263	0.0119038	0.00713311	0.000906445	0.000475967	0.00152099	0.0072887	0.0146536	0.562655	0.000267325	0.00150762
19	0.114213	0.00659985	0.0928451	0.0480431	0.00649718	0.200594	0.00923282	0.00762175	0.0187092	0.0463187	0.00991577	0.0319842	0.112813	0.0117806	0.0807066	0.120903	0.0440399	0.02908	0.00187735	0.00622449
20	0.0459609	0.0105498	0.0210792	0.0198531	0.0144272	0.0925109	0.0519628	0.00977967	0.0217644	0.023213	0.0485347	0.0710547	0.132314	0.0123327	0.0690945	0.236133	0.0382479	0.0269476	0.00539287	0.0488472
21	0.0315707	0.00397036	0.00267423	0.00287487	0.0193139	0.00522042	0.00220043	0.267144	0.00477912	0.212722	0.037403	0.00559134	0.00164489	0.00124056	0.00472588	0.00980727	0.0169383	0.36727	0.000501837	0.00240711
22	0.0834809	0.0381225	0.0259078	0.035071	0.0443605	0.0373341	0.09614	0.0113203	0.034016	0.0353935	0.0135148	0.0541134	0.0194746	0.0355666	0.0433165	0.264731	0.0554382	0.0258557	0.010502	0.0363407
23	0.0810977	0.0143396	0.0285894	0.0282919	0.0105327	0.573128	0.00693339	0.00585005	0.00963358	0.0148307	0.00852107	0.0213653	0.0087564	0.00969935	0.0255612	0.0842629	0.0335644	0.022298	0.00234272	0.0104019
24	0.339839	0.00966981	0.00848354	0.0148937	0.0161975	0.0405395	0.00599815	0.0796584	0.00732157	0.0491313	0.0195676	0.0171611	0.0173239	0.00567491	0.0130258	0.0572728	0.0483325	0.244655	0.0013484	0.00390573
25	0.250741	0.0320766	0.0209656	0.0207778	0.022177	0.025147	0.00566371	0.00581	0.00736446	0.0357243	0.00187404	0.0138769	0.0393506	0.00646543	0.00616415	0.376576	0.100783	0.0169862	0.00156504	0.0099116
26	0.01889	0.00375621	0.00139607	0.00240243	0.0315422	0.00336139	0.00152989	0.154301	0.001409	0.4253	0.0800003	0.005079	0.00247508	0.00123202	0.0045003	0.013675	0.022437	0.223483	0.000394056	0.00283601
27	0.138249	0.0157139	0.0366148	0.0263051	0.0118331	0.139128	0.0131128	0.0105349	0.0172638	0.0319451	0.013141	0.027488	0.122728	0.0109689	0.0392651	0.222181	0.0726678	0.0370799	0.00328762	0.0104917
28	0.276883	0.0278215	0.022429	0.0285198	0.0191719	0.0570043	0.0129333	0.0117346	0.0150883	0.0221307	0.00687168	0.027989	0.032937	0.0109356	0.0182181	0.278692	0.0802137	0.0359123	0.00479127	0.00972241
29	0.0483784	0.0165226	0.078279	0.0553107	0.0202957	0.03977	0.0478193	0.0161842	0.0494807	0.0248252	0.0108591	0.222974	0.0119634	0.0292938	0.0592733	0.150622	0.0631686	0.0277925	0.00750709	0.0196804
30	0.177511	0.00327359	0.00411573	0.0158964	0.00267265	0.0164954	0.00413808	0.0249387	0.0156858	0.059587	0.00319671	0.0123852	0.235931	0.0259943	0.0318514	0.169664	0.135552	0.057967	0.000706991	0.00243616
31	0.24257	0.0493351	0.011765	0.00363355	0.0538584	0.020363	0.0119211	0.00421046	0.00598584	0.0177108	0.00153163	0.0109921	0.0147283	0.00211313	0.00297117	0.416585	0.0822638	0.0188299	0.00451343	0.0241177
32	0.2013	0.00473754	0.00703068	0.0186297	0.0217452	0.0188496	0.00488258	0.0682542	0.0117244	0.0627272	0.0459813	0.0408892	0.0360475	0.00756459	0.0200304	0.0791315	0.13945	0.203663	0.00260544	0.00475537
33	0.172616	0.00334293	0.0041354	0.0171122	0.0026034	0.0152327	0.00421095	0.0246021	0.0158516	0.0604663	0.00281916	0.011655	0.238035	0.0262725	0.032944	0.175893	0.135551	0.0535924	0.000679983	0.00238428
34	0.152809	0.00509638	0.0188772	0.0181749	0.0109459	0.0939496	0.00662248	0.0138414	0.0597089	0.0780514	0.0117207	0.0192925	0.148068	0.0107064	0.0779625	0.106114	0.0898944	0.06671	0.00147865	0.00997553
35	0.217434	0.0201901	0.00782022	0.00822677	0.0118887	0.023043	0.00447707	0.0092017	0.00932993	0.0261382	0.00226042	0.0102217	0.101001	0.00833962	0.0130241	0.366755	0.130439	0.0242671	0.00100962	0.00493274
36	0.227336	0.0473042	0.00854873	0.0068967	0.0325534	0.0473011	0.0253021	0.00534711	0.00649691	0.0118852	0.00226781	0.0116826	0.0121612	0.00407518	0.00627326	0.431112	0.062669	0.0320742	0.00485133	0.0138612
37	0.254099	0.0564027	0.0107471	0.00565667	0.0218454	0.0854831	0.00889627	0.0049864	0.00661283	0.0139002	0.00203495	0.0105634	0.0174954	0.00202336	0.013039	0.354786	0.0965726	0.0241076	0.00225907	0.00848833
38	0.219041	0.0289095	0.00393716	0.00537415	0.00271825	0.218207	0.00586384	0.00749407	0.00378573	0.00386568	0.00325306	0.00673112	0.0145747	0.00218187	0.0489121	0.222691	0.155301	0.0433778	0.00201338	0.00176742
39	0.0880131	0.0829072	0.00797581	0.00688536	0.200664	0.0152849	0.0293905	0.0212421	0.00723844	0.0798501	0.0128423	0.0201192	0.00673304	0.0113934	0.00824519	0.270111	0.0482611	0.0276002	0.0110493	0.0441936
40	0.0355275	0.00401208	0.110805	0.357755	0.00106194	0.0318552	0.0288964	0.00307738	0.0828818	0.00976706	0.00336717	0.0321559	0.0110273	0.10369	0.0916521	0.0385325	0.0272416	0.0188349	0.000571406	0.00728861
41	0.0497072	0.0344728	0.00332486	0.00657913	0.00301277	0.423312	0.00318337	0.00228436	0.00270635	0.00419873	0.00247142	0.00671755	0.00369239	0.0022362	0.0651145	0.282287	0.0881981	0.0115557	0.00291445	0.00203101
42	0.048863	0.0113014	0.00468331	0.00528827	0.00789727	0.0298026	0.00480509	0.00373306	0.00388741	0.00759443	0.00264989	0.0980703	0.0122258	0.00324733	0.0071193	0.477018	0.257563	0.00683848	0.00283853	0.00457333
43	0.138129	0.00664406	0.123716	0.0961459	0.00377552	0.124975	0.00927689	0.00538203	0.0140987	0.0319519	0.00708289	0.052033	0.0615539	0.0212516	0.0364752	0.176229	0.062553	0.0246304	0.00130924	0.00278649
44	0.0621747	0.00869381	0.0113512	0.0320431	0.0470906	0.0125478	0.0234355	0.0556619	0.113048	0.0503963	0.0342039	0.0948657	0.00449671	0.00721909	0.108716	0.173435	0.0659164	0.0421409	0.0441554	0.00840721
45	0.0356524	0.0228566	0.0161937	0.0137787	0.287525	0.0166106	0.03083	0.0289839	0.0125562	0.103401	0.0232706	0.0191988	0.00808682	0.016937	0.0163609	0.0589842	0.0266092	0.04542	0.0154516	0.201293
46	0.233889	0.0304907	0.00958438	0.00434062	0.0179827	0.0221103	0.00521288	0.00420732	0.00661625	0.0147431	0.00159608	0.0101024	0.0452664	0.00229102	0.00410753	0.45259	0.113676	0.0129652	0.00143813	0.00678999
47	0.251638	0.0522245	0.0105514	0.00326039	0.0470311	0.0230792	0.0115497	0.00502015	0.00637926	0.0149402	0.00165391	0.0114656	0.0146231	0.00206301	0.00283864	0.425341	0.0687502	0.0275389	0.00396086	0.0160902
48	0.0777397	0.00461637	0.00496024	0.0154377	0.0666815	0.00514068	0.0017788	0.151414	0.00562427	0.227301	0.0604434	0.00661615	0.0050071	0.00144932	0.0141449	0.0312618	0.0583156	0.254399	0.00314671	0.00452124
49	0.162776	0.00326085	0.005444	0.0154663	0.00516131	0.0247371	0.00408198	0.022021	0.028992	0.0638133	0.00620963	0.0123324	0.228991	0.0206505	0.0404372	0.165027	0.135235	0.0504536	0.000921917	0.00398727
50	0.0289166	0.0042841	0.0025414	0.00420671	0.0323827	0.00631719	0.0025972	0.141433	0.0019713	0.378085	0.0767777	0.00556089	0.00369708	0.00219229	0.0052478	0.0175831	0.0259439	0.255229	0.000898351	0.00413509
51	0.00678253	0.0506352	0.00407345	0.0054476	0.165295	0.0215637	0.0507647	0.0641666	0.00378379	0.256619	0.0203503	0.0202013	0.0159738	0.0498742	0.00502262	0.105915	0.0325001	0.076816	0.00320188	0.0410133
52	0.00954678	0.00554811	0.00476807	0.0311742	0.0319804	0.1151	0.012709	0.00885231	0.00480937	0.267947	0.260971	0.00863698	0.0072127	0.0203834	0.00711667	0.0428014	0.0222249	0.0805942	0.0225509	0.0350717
53	0.203206	0.0140674	0.0583477	0.0808098	0.00625126	0.10636	0.010442	0.00744936	0.0163909	0.0285338	0.00637693	0.0328409	0.0266623	0.0191363	0.0298084	0.229493	0.0916754	0.0253029	0.0023448	0.00450165
54	0.166975	0.0131941	0.00803646	0.0183808	0.00395919	0.526096	0.00682113	0.0149232	0.00574095	0.0120597	0.00596343	0.0117974	0.0176606	0.00528745	0.0154927	0.0652573	0.038665	0.0599206	0.00103539	0.00273308
55	0.0704419	0.0227795	0.0068883	0.0121151	0.048252	0.0232716	0.0490484	0.0441492	0.0109881	0.15687	0.0126102	0.0169564	0.140138	0.056054	0.0197066	0.150321	0.0619722	0.0774914	0.00195956	0.0179863
56	0.0121159	0.00313761	0.000812766	0.00257963	0.0435901	0.00265492	0.00119024	0.124037	0.00112466	0.522815	0.104092	0.00435008	0.00276212	0.00130396	0.00532277	0.0158038	0.0280888	0.119989	0.000405623	0.00382404
57	0.00762307	0.0196822	0.00524714	0.0147473	0.0470511	0.0739977	0.0318669	0.0305348	0.00450429	0.310455	0.132571	0.0128944	0.0132777	0.0455915	0.00708492	0.0647954	0.0366873	0.0935649	0.00975918	0.0380638
58	0.0844078	0.0285472	0.0166094	0.0214449	0.0205141	0.138541	0.0164237	0.00991625	0.0198552	0.0170765	0.0104179	0.0386227	0.0130907	0.010293	0.0331684	0.334301	0.117368	0.0235255	0.0347675	0.0111087
59	0.0879024	0.0152648	0.0343451	0.0337559	0.006786	0.556786	0.0073639	0.00661168	0.0103161	0.0212628	0.00872655	0.0225713	0.0103039	0.00921961	0.0229851	0.0843956	0.0313764	0.0222563	0.00263883	0.00513133
60	0.164701	0.00711835	0.00749851	0.0175037	0.00623978	0.0179156	0.00526903	0.0216806	0.0153472	0.0610841	0.00482167	0.0121911	0.208052	0.0216844	0.0296416	0.218722	0.133284	0.0429073	0.000858668	0.00347999
61	0.0503333	0.00375483	0.00138139	0.00556715	0.0330109	0.00349856	0.00189625	0.175626	0.00199266	0.371671	0.101896	0.0125939	0.00294139	0.00200499	0.0150849	0.0232631	0.0491452	0.140591	0.000657637	0.00309027
62	0.0132791	0.0466845	0.00522996	0.00893535	0.198802	0.0171097	0.028956	0.0602492	0.0103501	0.204007	0.0393818	0.0252104	0.0109979	0.0291828	0.00754764	0.102455	0.0626292	0.0729229	0.00257545	0.0534936
63	0.1422	0.0214706	0.100885	0.0706968	0.0162261	0.0470436	0.0150871	0.0150541	0.058437	0.0282506	0.0120953	0.049003	0.0221541	0.0243963	0.0399633	0.227399	0.0706657	0.026551	0.00421095	0.00821038
64	0.308396	0.0112884	0.00910839	0.0216077	0.00479148	0.471637	0.00657789	0.00423854	0.00487104	0.00574053	0.00359807	0.0305252	0.00723694	0.00570889	0.00883499	0.0533697	0.0176642	0.0205632	0.00130869	0.00293273
65	0.214851	0.00766292	0.0187407	0.0141003	0.00755153	0.129352	0.00650369	0.0183508	0.0216638	0.033358	0.0410655	0.0177878	0.136485	0.0079554	0.0407024	0.0846306	0.0966357	0.0924889	0.00208545	0.008029
66	0.0124752	0.00321394	0.000817578	0.00269554	0.0440176	0.00263098	0.00119718	0.12468	0.00112629	0.520245	0.103344	0.00445853	0.00280213	0.00129717	0.0054439	0.016408	0.0284653	0.120516	0.000405027	0.00376095
67	0.136381	0.00525961	0.137018	0.0987931	0.00294123	0.130501	0.0099494	0.00517637	0.0129028	0.034078	0.00717996	0.0468403	0.0661287	0.0195127	0.0339716	0.165761	0.0576833	0.0264022	0.00110177	0.00241805
68	0.0527323	0.00434384	0.00397385	0.0028634	0.01165	0.00393118	0.00211806	0.197102	0.000631682	0.110811	0.0113715	0.00722282	0.000782506	0.000488039	0.00118153	0.00674568	0.0134191	0.567013	0.000224465	0.00139348
69	0.00697692	0.00227078	0.0031215	0.0479602	0.00279601	0.00474718	0.23434	0.00270172	0.0197978	0.0128666	0.00207015	0.00651161	0.0137988	0.520894	0.0727406	0.00846047	0.0308413	0.00355521	0.00138991	0.00215939
70	0.0452162	0.0304183	0.0236514	0.0309662	0.10692	0.0366386	0.0290975	0.0174419	0.0321995	0.0808052	0.0278123	0.0356584	0.0108052	0.025516	0.0395255	0.0769817	0.0396106	0.0343079	0.246174	0.0302537
71	0.394739	0.0159669	0.0288589	0.0359017	0.0175434	0.0716321	0.0111281	0.0240516	0.0116452	0.0341363	0.0114291	0.0240386	0.0297012	0.0119328	0.0189328	0.117595	0.0513454	0.0814357	0.00161429	0.00637187
72	0.0175046	0.00993338	0.0240662	0.0815784	0.00649516	0.0180428	0.206765	0.00523863	0.0259193	0.0281289	0.00426325	0.0176157	0.0116538	0.382701	0.0830842	0.0221865	0.0298043	0.0100464	0.00204665	0.0129258
73	0.0855848	0.0145994	0.0306451	0.0324972	0.00565699	0.557782	0.00766894	0.00500108	0.0134877	0.0156762	0.00936012	0.023541	0.0114244	0.0100398	0.0299497	0.0872309	0.0315976	0.018923	0.00242067	0.00691359
74	0.0522649	0.00658964	0.00968181	0.0487827	0.0279103	0.0117095	0.0126051	0.100417	0.161769	0.028616	0.0449683	0.0653015	0.00366893	0.00619218	0.152856	0.10995	0.0685012	0.0692812	0.0157508	0.00318283
75	0.364889	0.00621731	0.00965395	0.0131167	0.0189532	0.0394039	0.00532485	0.0729603	0.007343	0.0490786	0.018177	0.0206154	0.0245791	0.00547101	0.0130708	0.050498	0.0484442	0.226123	0.00159596	0.00448475
76	0.08954	0.0144794	0.0245135	0.0267978	0.00638391	0.545311	0.00795874	0.0121189	0.011381	0.0202115	0.0104675	0.0226705	0.0114277	0.0100942	0.0296935	0.0847141	0.036048	0.0283448	0.00228824	0.00555572
77	0.049946	0.00506118	0.194574	0.315533	0.00726166	0.040243	0.0205608	0.0086652	0.0470309	0.017576	0.00616337	0.0393195	0.0131136	0.0688408	0.0393329	0.0507521	0.0322671	0.0322648	0.00264005	0.00885431
78	0.0437431	0.00548334	0.412898	0.203149	0.0116612	0.0451993	0.0150869	0.00601641	0.0279638	0.0109629	0.00484371	0.0584313	0.00804387	0.0316432	0.0224146	0.0447623	0.0228407	0.0130568	0.00106177	0.010738
79	0.0317011	0.0164467	0.0234613	0.0460794	0.00857002	0.0396181	0.0401185	0.0131384	0.13974	0.0157775	0.00768368	0.0367182	0.0143489	0.0691345	0.375445	0.0547446	0.0361679	0.0179807	0.00238887	0.0107364
80	0.0886377	0.00666567	0.00860341	0.0164593	0.0710794	0.00678138	0.00374089	0.140111	0.00996216	0.115914	0.0491152	0.0116291	0.004997	0.00300587	0.0135625	0.0397627	0.080905	0.317841	0.00423148	0.00699502
81	0.00613706	0.00394287	0.00433443	0.0415381	0.00323772	0.00405272	0.233446	0.00243887	0.0207744	0.0120991	0.0019473	0.00833592	0.0136348	0.522403	0.0718603	0.00792486	0.0318946	0.00383595	0.00113268	0.00502943
82	0.0458231	0.00443295	0.0035647	0.00264524	0.00980679	0.00436614	0.00221735	0.226619	0.00170703	0.111413	0.00973935	0.00669676	0.000676994	0.000512284	0.00136992	0.0065773	0.0110925	0.549283	0.000230547	0.00122537
83	0.0730398	0.00388617	0.00390938	0.00551097	0.0184188	0.00470216	0.00203465	0.183524	0.00130167	0.103382	0.0226138	0.00850123	0.00195868	0.000782998	0.00404289	0.0102457	0.0261938	0.523078	0.000646354	0.0022265
84	0.0395256	0.00412054	0.00331939	0.0023317	0.00921974	0.00499673	0.00209319	0.267104	0.00333318	0.111994	0.0101703	0.00608145	0.00069839	0.000556865	0.001955	0.0064927	0.0100138	0.514544	0.000243641	0.00120599
85	0.136422	0.115005	0.00836281	0.00545297	0.0934197	0.0186017	0.031994	0.00953194	0.00726292	0.0237349	0.00423381	0.0179596	0.00715421	0.00706846	0.0102738	0.390697	0.0483892	0.0196753	0.00985541	0.0349047
86	0.0276593	0.00202795	0.501331	0.251301	0.00343426	0.022371	0.00529775	0.00301183	0.0304012	0.00205359	0.0024334	0.0586156	0.00173985	0.0309984	0.0128937	0.0182808	0.0150519	0.00872129	0.0004797	0.001896
87	0.00619249	0.0570174	0.0420101	0.00278409	0.0442878	0.00264949	0.412726	0.00140034	0.0240183	0.0347372	0.00130701	0.0921287	0.00132123	0.0528534	0.0510719	0.0186139	0.00984727	0.00634724	0.00610123	0.132585
88	0.0443914	0.00886648	0.0859058	0.0999658	0.00446831	0.0976136	0.0292289	0.00798401	0.13838	0.0226763	0.0123946	0.0510637	0.0114345	0.0664097	0.18921	0.0702723	0.0337823	0.0178564	0.00250338	0.00559238
89	0.0539702	0.0204	0.0596351	0.126177	0.0597217	0.0399154	0.0221653	0.0227811	0.0360423	0.0535161	0.0245062	0.0412208	0.0110264	0.0332742	0.045569	0.0803725	0.0434546	0.038189	0.170187	0.0178766
90	0.00949263	0.00239082	0.000873455	0.00230116	0.0373382	0.00339377	0.0010812	0.10838	0.00114226	0.546323	0.120957	0.00366819	0.00288005	0.00135379	0.00439301	0.0129357	0.0230895	0.11385	0.000456771	0.0036991
91	0.0372277	0.0248136	0.0116654	0.00709774	0.299166	0.0100683	0.0304	0.0278649	0.0100084	0.116364	0.0219345	0.0179958	0.00762096	0.0110723	0.0158678	0.0741522	0.0319118	0.0408428	0.0153859	0.18854
92	0.0561726	0.00409044	0.00369433	0.00329267	0.0114615	0.00395786	0.0020253	0.203283	0.000986463	0.105599	0.0126118	0.00777137	0.000917884	0.000506063	0.00185838	0.00742588	0.0148228	0.557808	0.0002469	0.00146802
93	0.0772368	0.014162	0.0276308	0.026867	0.00892001	0.546425	0.00679212	0.0127777	0.0112	0.0223335	0.0116874	0.0210525	0.0112287	0.00755705	0.0304535	0.0940855	0.0361531	0.025814	0.00242403	0.00519943
94	0.034781	0.00391216	0.00399338	0.00369447	0.0125268	0.00766126	0.00226702	0.327415	0.00803387	0.115911	0.0183207	0.00558936	0.00176625	0.00141715	0.00509787	0.00930855	0.0132592	0.422528	0.000544223	0.00197316
95	0.0147467	0.0124794	0.0172427	0.00801618	0.269346	0.00919994	0.0584718	0.00906312	0.00841892	0.0261862	0.00647499	0.0172974	0.00476695	0.0107072	0.0137732	0.0303716	0.0118969	0.0133483	0.00539871	0.452794
96	0.0385853	0.00763551	0.401003	0.210766	0.00707956	0.0437815	0.0149461	0.00817301	0.0334097	0.0105971	0.00509007	0.0584011	0.00638772	0.0373596	0.0305764	0.0363614	0.0230731	0.0192332	0.000854139	0.00668687
97	0.0945522	0.016928	0.0287702	0.032716	0.00863657	0.532911	0.0102994	0.00476514	0.0124194	0.0159616	0.0108072	0.0215114	0.010814	0.0105691	0.0289685	0.0946221	0.0347672	0.0190815	0.00283191	0.00806773
98	0.0334628	0.02307	0.0137957	0.00848948	0.299359	0.0177923	0.032999	0.0286855	0.007978	0.106306	0.0207628	0.0180187	0.00680875	0.0118129	0.0102838	0.065269	0.0273358	0.0425671	0.0157325	0.209471
99	0.010375	0.00602357	0.00425721	0.00462168	0.0050371	0.0255537	0.00507316	0.00310357	0.00601869	0.0057479	0.00274386	0.379687	0.00296539	0.00408979	0.00769471	0.400732	0.114656	0.00563696	0.00200635	0.00397607
100	0.091194	0.0144048	0.0296898	0.0278995	0.00740762	0.534784	0.00860829	0.0100652	0.0104595	0.0196389	0.00886095	0.0224752	0.0115682	0.0106268	0.029427	0.0936908	0.0380243	0.0225252	0.00230322	0.00634612
101	0.134896	0.0102885	0.0395652	0.0344336	0.0123905	0.189429	0.0137986	0.0113032	0.0260706	0.0375854	0.0151149	0.0266221	0.140661	0.0168226	0.0505071	0.117003	0.0639358	0.0452577	0.0029079	0.0114078
102	0.0346612	0.00244305	0.449693	0.263886	0.00428925	0.0308178	0.0080706	0.00391835	0.0296646	0.00536317	0.00253356	0.0498773	0.00330437	0.0382685	0.0153391	0.0250993	0.0176946	0.0118502	0.000773632	0.00245227
103	0.437396	0.00826272	0.00833665	0.00776612	0.0061458	0.104558	0.00511755	0.0157612	0.0124157	0.019518	0.0097471	0.0116059	0.0824665	0.00602438	0.0281686	0.0753405	0.0717546	0.0841778	0.0016612	0.00377612
104	0.200068	0.0069144	0.00661008	0.0139192	0.00528908	0.0327272	0.00466343	0.018785	0.0153586	0.0403993	0.00552342	0.0144796	0.181407	0.0169008	0.028216	0.160813	0.194354	0.0482498	0.00125467	0.00406638
105	0.0289315	0.00176534	0.526272	0.235518	0.00357495	0.0241832	0.00454577	0.00283333	0.024476	0.00250226	0.00265109	0.0581292	0.0015048	0.027435	0.0117964	0.0187015	0.015035	0.00773753	0.000614556	0.00179284
106	0.00513716	0.00334641	0.0123134	0.00294854	0.354079	0.00396616	0.0262628	0.00303042	0.00256884	0.0138472	0.00241595	0.00378781	0.00171527	0.0030644	0.00359954	0.00769104	0.00511775	0.00338233	0.0028706	0.538856
107	0.0257779	0.00549054	0.00270847	0.00433845	0.0344939	0.0088088	0.00433116	0.133253	0.00246874	0.398459	0.0814621	0.00589986	0.00441482	0.00494869	0.00483355	0.019347	0.0242991	0.227076	0.00196881	0.00562085
108	0.0694673	0.00470466	0.0050757	0.0111297	0.0588756	0.00571361	0.00194513	0.144024	0.00520937	0.229892	0.0648616	0.00630863	0.00699532	0.00159352	0.00876226	0.0291616	0.0498483	0.288845	0.00309366	0.00449358
109	0.215164	0.0382068	0.0387416	0.0162775	0.0190779	0.050624	0.00484849	0.00647599	0.0360269	0.0170614	0.00433677	0.0544865	0.017324	0.00522362	0.0100108	0.312843	0.114893	0.0298391	0.00199896	0.00653979
110	0.00827942	0.0466283	0.0357626	0.0040824	0.039057	0.00350852	0.410676	0.00180825	0.0283094	0.0303136	0.00175908	0.129895	0.00156236	0.0418666	0.0437034	0.0201733	0.0159473	0.00588005	0.00657633	0.124211
111	0.028777	0.0081694	0.0145316	0.0178668	0.0475175	0.0160145	0.00796983	0.0984033	0.00703759	0.408197	0.0886403	0.00952872	0.0101137	0.00981166	0.0102962	0.0382945	0.032887	0.13401	0.00273053	0.00920263
112	0.00530023	0.00315528	0.0130643	0.00294612	0.333343	0.00392528	0.0326139	0.00303436	0.00283534	0.00871297	0.0020202	0.00564373	0.00171321	0.00329177	0.00413957	0.00775324	0.00488847	0.00377845	0.00126158	0.556579
113	0.124866	0.00455198	0.00914916	0.00877448	0.0243026	0.0687194	0.00672541	0.00986948	0.0588403	0.0360091	0.0109385	0.0321475	0.195845	0.00821772	0.121719	0.0931844	0.0960537	0.0630863	0.00166239	0.0253384
114	0.400126	0.00986307	0.00930655	0.0120817	0.0704815	0.0188486	0.0101395	0.0116107	0.0132735	0.0148565	0.00797072	0.112988	0.00748799	0.00707505	0.013221	0.110148	0.0641967	0.0922775	0.00371219	0.010335
115	0.0438403	0.00349253	0.00355299	0.00324641	0.0227286	0.00508849	0.00167936	0.204045	0.00143487	0.185601	0.0337772	0.00590582	0.00150293	0.000654886	0.00268833	0.00929456	0.0176816	0.451336	0.00041949	0.00202975
116	0.00617377	0.0570747	0.0418715	0.00272873	0.0447894	0.00261391	0.413591	0.0014032	0.0237839	0.0349577	0.0013047	0.0926902	0.00125101	0.0509731	0.0505356	0.0186258	0.0096922	0.00630072	0.00613215	0.133507
117	0.0221676	0.000924279	0.0280739	0.0744958	0.000874742	0.0331298	0.0370525	0.000814369	0.220503	0.00146045	0.00870687	0.0745096	0.00329928	0.0947278	0.322743	0.0508995	0.0206526	0.00139014	0.000337414	0.0032369
118	0.0426036	0.0100045	0.100767	0.295982	0.0079884	0.0369288	0.0730613	0.00649137	0.0523401	0.022525	0.00724204	0.0311552	0.0135381	0.121038	0.0607808	0.0461245	0.030947	0.0220961	0.00419106	0.0141962
119	0.0541689	0.0100136	0.010273	0.0150187	0.0520759	0.024349	0.00955759	0.0859727	0.0131821	0.342363	0.0695749	0.0150294	0.0226079	0.010849	0.0170647	0.0582275	0.0616308	0.112504	0.00402495	0.0115123
120	0.0325425	0.00257405	0.0741277	0.229291	0.00112006	0.0312409	0.0355382	0.00177348	0.148393	0.00607605	0.00555971	0.051685	0.0140873	0.1062	0.170206	0.0416794	0.0292013	0.0120104	0.000458575	0.0062362
121	0.100578	0.0116134	0.123351	0.135425	0.00343112	0.155943	0.0210682	0.0102816	0.0271865	0.0410277	0.0111438	0.0338825	0.0239363	0.0377933	0.0484625	0.123017	0.0560278	0.0275473	0.00283965	0.00544463
122	0.0243517	0.00277699	0.484554	0.156903	0.00354396	0.0144494	0.00334418	0.0115757	0.030776	0.00293134	0.00964103	0.100682	0.00324269	0.0363764	0.0262143	0.0388104	0.026559	0.0207488	0.000689179	0.00182959
123	0.044533	0.00393675	0.13137	0.405581	0.00166441	0.038597	0.0290624	0.00320084	0.0411265	0.0132736	0.00304334	0.033885	0.02461	0.0854376	0.0259923	0.0492588	0.0307117	0.0244519	0.000752624	0.00951121
124	0.0712051	0.021418	0.104144	0.107445	0.00649302	0.112496	0.0365824	0.0240787	0.0484304	0.0685999	0.0232157	0.0311657	0.00508831	0.0484362	0.0742312	0.106366	0.0522788	0.0409119	0.00667317	0.0107416
125	0.156555	0.00857202	0.164819	0.166264	0.00314778	0.078949	0.0289176	0.00820362	0.0197417	0.0515709	0.00801026	0.026428	0.0115886	0.0502262	0.0291347	0.113887	0.0467037	0.0205837	0.00201648	0.004681
126	0.0454599	0.00450978	0.00497426	0.00493776	0.0123973	0.00645094	0.0028033	0.252414	0.00389052	0.11337	0.0166901	0.0076964	0.00128637	0.00170071	0.00388209	0.0095891	0.0169108	0.488793	0.000337217	0.00190551
127	0.0102243	0.00291981	0.00136145	0.00437174	0.0370538	0.010723	0.00237196	0.0953339	0.00193685	0.525072	0.134	0.00468319	0.00419525	0.00355415	0.00486048	0.01516	0.0228991	0.1111	0.00193398	0.00624591
128	0.0256603	0.000916657	0.0288211	0.0834327	0.000878965	0.0327562	0.0383645	0.000812805	0.22368	0.00144997	0.0094569	0.0649485	0.00371341	0.0990814	0.316821	0.0476396	0.0165909	0.00140547	0.000347083	0.00322282
129	0.364995	0.0139857	0.0184666	0.0243723	0.00688922	0.2809	0.00764674	0.00694561	0.00740124	0.0119976	0.00585963	0.019109	0.0251595	0.00757734	0.0183731	0.0918169	0.0437972	0.0398892	0.00171375	0.00310479
130	0.00797246	0.00202792	0.000856337	0.00233547	0.0351983	0.0045305	0.000991306	0.100111	0.0011091	0.556088	0.132295	0.00343615	0.00279282	0.00125094	0.00383199	0.0115591	0.0206856	0.108244	0.000722428	0.0039607
131	0.339747	0.00356253	0.0431521	0.108174	0.00379021	0.027907	0.00387899	0.00311737	0.00425301	0.0315599	0.00202241	0.0273317	0.00884119	0.0239537	0.00602868	0.232979	0.103886	0.0223785	0.00110699	0.00232927
132	0.0208164	0.0033454	0.0224837	0.162489	0.00298014	0.0224979	0.0516582	0.00333538	0.110112	0.00612023	0.00693793	0.0477126	0.00572212	0.135349	0.341033	0.0313608	0.0143676	0.00640737	0.00164659	0.0036246
133	0.363071	0.0139912	0.00943448	0.018435	0.00398268	0.34335	0.00691954	0.00478496	0.003563	0.00490601	0.00319791	0.0164941	0.0101099	0.00396987	0.0195339	0.102242	0.0411439	0.0271775	0.00126122	0.00243167
134	0.0271468	0.00870199	0.00699576	0.00975618	0.0509206	0.014572	0.00845085	0.107592	0.00531602	0.405431	0.0844516	0.0102259	0.00873683	0.0101147	0.0102775	0.0328006	0.0309889	0.149777	0.00822215	0.0095212
135	0.0260206	0.000927499	0.0287406	0.0840195	0.000881015	0.0324606	0.0386235	0.00083817	0.223062	0.00149347	0.00949769	0.0639099	0.00373242	0.100059	0.31719	0.047183	0.0162867	0.00146204	0.000374872	0.00323733
136	0.0660991	0.00470035	0.0085003	0.0403781	0.0377229	0.00793281	0.0152644	0.0814456	0.140081	0.0354097	0.0376683	0.0795273	0.00287077	0.0037409	0.136846	0.137666	0.0785048	0.057033	0.026202	0.00240573
137	0.220626	0.0176277	0.0236129	0.0341328	0.017661	0.060183	0.00885463	0.027055	0.014644	0.0342464	0.0141925	0.0311123	0.0519746	0.0113602	0.023726	0.184112	0.15258	0.0632556	0.00287219	0.00617081
138	0.0478207	0.00591692	0.19278	0.329281	0.00875171	0.0414582	0.0175355	0.0104784	0.0449984	0.017084	0.00617772	0.0372	0.0149171	0.0668859	0.0357311	0.0469817	0.032528	0.0302084	0.00254012	0.0107244
139	0.041678	0.00382001	0.141883	0.443479	0.00114368	0.0304817	0.0230841	0.00258402	0.0421132	0.0127261	0.00139565	0.0282499	0.0136378	0.0923693	0.0221307	0.0347998	0.0287387	0.0252942	0.000470774	0.00992045
140	0.50116	0.00409586	0.01616	0.0953434	0.00500159	0.0679183	0.00505657	0.00280932	0.00370925	0.0154607	0.00284814	0.0264451	0.00288239	0.0238727	0.00476883	0.145053	0.0573626	0.0165016	0.00138148	0.00216912
141	0.00529631	0.0021762	0.0124265	0.00293605	0.35353	0.00388205	0.0254094	0.00281727	0.00253501	0.010009	0.00245361	0.00389879	0.00173311	0.00240515	0.00370426	0.00681663	0.00452066	0.00349436	0.00107347	0.548882
142	0.0109622	0.00479029	0.00126807	0.00391093	0.0883794	0.00808033	0.00261665	0.100885	0.00158005	0.481571	0.118784	0.0051722	0.00281693	0.00314061	0.00482528	0.0178792	0.0247153	0.108071	0.00229476	0.00825721
143	0.0338599	0.00291374	0.352388	0.338556	0.00214644	0.0260116	0.0132277	0.00240703	0.0429415	0.0045508	0.00149654	0.0389087	0.00560041	0.056038	0.0190239	0.0218378	0.0198979	0.0136436	0.000483393	0.00406658
144	0.135765	0.00326907	0.00477397	0.0189605	0.03415	0.00525046	0.00192755	0.143473	0.00955955	0.0851725	0.10768	0.0181522	0.00406056	0.00189642	0.0217705	0.0376217	0.104195	0.254637	0.00344614	0.00423804
145	0.14501	0.00341212	0.00534979	0.0158349	0.0296911	0.011013	0.00189229	0.142918	0.0077885	0.0760533	0.0695913	0.0158726	0.0115098	0.00314696	0.0178633	0.0350701	0.0963239	0.3053	0.0024653	0.00389342
146	0.0332788	0.00339274	0.20677	0.417906	0.00161114	0.0261632	0.0183695	0.00255345	0.0394345	0.00857111	0.00119045	0.0378156	0.0120078	0.0846244	0.0194123	0.0297812	0.0251254	0.0214729	0.000431962	0.0100867
147	0.0804065	0.016537	0.128365	0.138005	0.00478478	0.111988	0.0331493	0.0170974	0.0404342	0.0562756	0.0209094	0.0368754	0.0107417	0.044179	0.0539568	0.104226	0.0524259	0.0372489	0.00456824	0.00782576
148	0.0553306	0.0140583	0.135566	0.281969	0.00307704	0.0624677	0.0304476	0.0134321	0.0458205	0.0327626	0.00977398	0.0256872	0.0072682	0.0777015	0.0510484	0.0678053	0.0434812	0.0321006	0.00273975	0.00746219
149	0.0217322	0.0608195	0.0313996	0.00329712	0.057765	0.00346907	0.334065	0.00203846	0.0275282	0.0276924	0.00226802	0.112024	0.00141575	0.0389438	0.041698	0.0684899	0.0174241	0.00652995	0.0147771	0.126623
150	0.20784	0.0106943	0.014891	0.0173853	0.00825311	0.0463846	0.00757095	0.0199455	0.019402	0.0422119	0.007772	0.0191433	0.205168	0.0158565	0.0381541	0.159243	0.0973657	0.0541233	0.00209071	0.00650396
151	0.0678692	0.00662514	0.0414902	0.179762	0.0180899	0.0305171	0.0117854	0.0739352	0.0279763	0.0543025	0.0259684	0.0254001	0.0103113	0.0342991	0.0275618	0.0459614	0.0481486	0.258096	0.00404351	0.00785628
152	0.0156818	0.00239358	0.00118515	0.00274029	0.0350614	0.0037401	0.00110443	0.12171	0.00111556	0.494376	0.108382	0.00398503	0.00266499	0.00118545	0.00420011	0.012347	0.023274	0.160763	0.000574181	0.00351635
153	0.384687	0.0354791	0.00988495	0.0151596	0.00836429	0.184239	0.0236517	0.00720152	0.00652349	0.0105563	0.00522775	0.0136275	0.0107174	0.00634814	0.02069	0.140457	0.059442	0.0508608	0.00248534	0.00439613
154	0.0135941	0.00228184	0.00116931	0.00364423	0.0331804	0.00923742	0.00174391	0.0981763	0.0014249	0.519313	0.135868	0.00401499	0.00317081	0.00231905	0.00441558	0.0132361	0.023267	0.123748	0.00120034	0.00499426
155	0.124074	0.00204518	0.00399858	0.0130435	0.0288471	0.00531869	0.0016626	0.156901	0.00296799	0.0835355	0.086774	0.0125573	0.00303209	0.00144492	0.0158423	0.0209376	0.0793047	0.352022	0.00182342	0.00386776
156	0.0842893	0.0168911	0.0299018	0.0318754	0.00660565	0.549567	0.00817919	0.00886642	0.0116914	0.0194741	0.00770566	0.0251095	0.00702752	0.00977588	0.029074	0.0894549	0.0345672	0.0233902	0.00226464	0.00428929
157	0.230794	0.0357293	0.0197093	0.0218299	0.0239517	0.0510762	0.0108793	0.011708	0.010993	0.0232572	0.0064376	0.0195007	0.0476433	0.00853317	0.0153507	0.326685	0.0891554	0.0322411	0.00417382	0.0103514
158	0.0920468	0.112019	0.0243422	0.0211156	0.0525203	0.0627952	0.0823476	0.0217049	0.0209641	0.0512399	0.0096262	0.0372221	0.0176179	0.020784	0.0458323	0.177533	0.0545597	0.0454287	0.007828	0.042473
159	0.0319303	0.00415163	0.00244915	0.00413374	0.0275144	0.00614697	0.00291444	0.150961	0.00140177	0.320109	0.0624204	0.00585399	0.00345977	0.00263426	0.0038382	0.0147957	0.0220425	0.328822	0.00106355	0.00335682
160	0.0154668	0.00376936	0.00382418	0.00715102	0.0391207	0.0121543	0.0032367	0.0959739	0.00279006	0.505242	0.125292	0.00514376	0.00318515	0.00498515	0.00626046	0.0188457	0.0261836	0.112101	0.00228986	0.0069835
161	0.283701	0.0137519	0.00840038	0.0165093	0.0153782	0.0530024	0.00483106	0.0428293	0.00662009	0.033695	0.0208575	0.0169688	0.0394811	0.0068505	0.019299	0.146491	0.104162	0.161759	0.00159037	0.00382249
162	0.203155	0.00232992	0.00426251	0.0143783	0.0264935	0.0125704	0.00242234	0.11566	0.00423741	0.0695007	0.0952703	0.0180655	0.0101385	0.00290994	0.0189966	0.0319254	0.0979682	0.263124	0.00233699	0.0042543
163	0.0241741	0.00592396	0.00391205	0.00592009	0.0378424	0.00884263	0.00465277	0.132062	0.00317769	0.397062	0.0812094	0.00678608	0.00334353	0.00500061	0.00572289	0.0209313	0.0247097	0.221782	0.00112257	0.00582241
164	0.0142947	0.00261764	0.00124357	0.0029614	0.0347037	0.00578019	0.0012225	0.116173	0.0011553	0.483807	0.122214	0.00392342	0.00271997	0.00136271	0.00411688	0.0127266	0.0219674	0.162185	0.000943423	0.00388146
165	0.0182221	0.00319372	0.0203984	0.0484612	0.00201455	0.0248481	0.0300982	0.00460306	0.228404	0.00221551	0.00744686	0.0725517	0.00379298	0.0814292	0.367327	0.0476891	0.0288058	0.00425254	0.000786467	0.00345916
166	0.0347095	0.00444528	0.406793	0.158772	0.00501418	0.153637	0.00640439	0.00446261	0.0192314	0.00987262	0.00513016	0.0780438	0.00853205	0.0202969	0.0151557	0.0343103	0.0197304	0.0106675	0.00137266	0.00341831
167	0.0310162	0.0029889	0.407977	0.27595	0.0026897	0.0213296	0.00841228	0.00373352	0.0374876	0.00329827	0.00290878	0.0594589	0.00404474	0.0542779	0.0188856	0.0249925	0.0232836	0.0136145	0.000558667	0.00309124
168	0.0279479	0.00205894	0.511884	0.228831	0.00380234	0.0283453	0.00456088	0.00312068	0.026259	0.00251474	0.00278605	0.0650708	0.00155003	0.0295789	0.0144246	0.0200777	0.0157503	0.00899735	0.000522433	0.00191711
169	0.0560353	0.00335836	0.00380909	0.00456028	0.016599	0.00602042	0.00181181	0.231158	0.00282422	0.118386	0.0323329	0.00725818	0.0013966	0.000771641	0.00440643	0.00950085	0.0247861	0.471945	0.000667067	0.00237248
170	0.00723175	0.00543314	0.0129191	0.00295277	0.337103	0.00418348	0.0303614	0.00436923	0.00294345	0.0153252	0.00309742	0.00637835	0.001848	0.00351356	0.004139	0.0158082	0.00694485	0.00529734	0.00347985	0.526671
171	0.050682	0.00446636	0.00384976	0.002853	0.0122312	0.00381885	0.0021418	0.199416	0.000727847	0.121816	0.0118154	0.00709093	0.000774909	0.000494982	0.00131291	0.00770104	0.0135018	0.553739	0.000226829	0.00133961
172	0.00959708	0.00325854	0.00116942	0.00425463	0.0385897	0.0123449	0.00268742	0.0934028	0.00188862	0.520704	0.140389	0.00400782	0.00384837	0.00363036	0.00446465	0.0162316	0.0237245	0.107071	0.00206528	0.00667026
173	0.0226325	0.0087782	0.00747247	0.00660282	0.00887058	0.0252171	0.0070807	0.00461274	0.00898913	0.00755366	0.00400651	0.340916	0.00563631	0.00625565	0.0108255	0.390793	0.11611	0.00869576	0.00309289	0.00585934
174	0.0524168	0.00447455	0.00386233	0.00301059	0.0128007	0.00375095	0.00214839	0.19591	0.000797168	0.117238	0.0124311	0.00726004	0.000849169	0.000550226	0.00148483	0.00767385	0.0140349	0.557563	0.000281375	0.00146242
175	0.0899335	0.0138845	0.0239002	0.02735	0.00600042	0.568104	0.00676816	0.00575706	0.0104539	0.0151807	0.00567856	0.0184667	0.0163385	0.00805423	0.02618	0.0959695	0.0341721	0.0210527	0.00200704	0.00474779
176	0.0418602	0.00800846	0.389538	0.20368	0.0102205	0.0373463	0.0266215	0.00703675	0.0327238	0.0135417	0.00505667	0.0575367	0.00655233	0.0370722	0.0242329	0.0424184	0.0257445	0.0165439	0.00419385	0.0100716
177	0.128668	0.0280341	0.0296622	0.0354603	0.022231	0.0756839	0.0155737	0.0136262	0.0208378	0.0334206	0.0100528	0.0497871	0.0321964	0.0154791	0.0305543	0.317771	0.0950812	0.0287744	0.00574197	0.0113642
178	0.0277344	0.16443	0.0143283	0.0116805	0.0290864	0.029928	0.0906119	0.0111506	0.0683918	0.0221622	0.00624084	0.0224501	0.00934585	0.0335206	0.302865	0.0567354	0.0286921	0.0285028	0.0035888	0.038554
179	0.728779	0.00562343	0.00299116	0.00729039	0.00891038	0.0643172	0.00659816	0.00522588	0.00339526	0.00517196	0.0037205	0.0163552	0.011176	0.00386837	0.00549053	0.0274538	0.0183504	0.0714526	0.000970844	0.00285894
180	0.0522723	0.00435781	0.00392326	0.00276679	0.0110395	0.00385456	0.00212381	0.197178	0.000643595	0.110495	0.0108065	0.00730134	0.000745197	0.000494254	0.00100457	0.00683933	0.013046	0.569507	0.000224027	0.00137783
181	0.0410033	0.00414213	0.00318052	0.00263105	0.0152023	0.00373649	0.00207877	0.194744	0.00148389	0.203968	0.0285672	0.00638089	0.00100851	0.000693857	0.00191387	0.00875117	0.0148207	0.463694	0.000279491	0.00171977
182	0.273877	0.0144626	0.00647619	0.0181192	0.00241218	0.486018	0.00562053	0.00310343	0.00285359	0.00445575	0.00264267	0.01621	0.00657074	0.0039193	0.0156778	0.0866837	0.0281358	0.0194681	0.00154132	0.0017522
183	0.00593902	0.00236867	0.00341481	0.0313354	0.00235025	0.00471211	0.20586	0.00244909	0.0388984	0.00950038	0.00219051	0.0117968	0.0120986	0.502509	0.106315	0.0105063	0.0409776	0.00342235	0.0011632	0.00219192
184	0.0729912	0.0216052	0.108424	0.111646	0.00620107	0.109421	0.0379419	0.0238706	0.0473219	0.0682391	0.0219074	0.0292464	0.0043761	0.0523455	0.0728181	0.103669	0.051372	0.0402559	0.0061396	0.0102078
185	0.0515047	0.00387988	0.0113931	0.00805373	0.0374478	0.0199584	0.00192275	0.240667	0.0067126	0.105303	0.028638	0.00633495	0.00328797	0.00206202	0.00573018	0.0178588	0.0269748	0.416615	0.00233054	0.0033245
186	0.0572035	0.0048229	0.0101769	0.0429301	0.0295409	0.00734773	0.0108765	0.0960188	0.150586	0.0274662	0.0308431	0.086188	0.00300362	0.00388248	0.1305	0.137709	0.0903212	0.0617776	0.0167947	0.0020104
187	0.0434029	0.00623947	0.123026	0.404677	0.00159094	0.0425482	0.0224065	0.00492112	0.0495669	0.0166485	0.00358257	0.0279031	0.0136767	0.0913078	0.0295528	0.0456708	0.0340939	0.029515	0.00127199	0.00839711
188	0.0471521	0.00385728	0.128761	0.414266	0.00121668	0.0457253	0.0201326	0.00289005	0.0411725	0.0122038	0.00190916	0.0283767	0.0206818	0.0905534	0.0230456	0.045704	0.0321727	0.0312475	0.000686141	0.00824527
189	0.0658255	0.0222754	0.103646	0.101593	0.00665891	0.104759	0.0283407	0.020663	0.0544812	0.0695674	0.0198297	0.0395342	0.00628763	0.039527	0.0695095	0.122108	0.0708685	0.040959	0.00520223	0.00836315
190	0.0488537	0.00870148	0.00798817	0.012895	0.0314998	0.0685998	0.0122528	0.0501569	0.013031	0.297352	0.113208	0.0103298	0.0512792	0.0167012	0.0174134	0.0497842	0.059293	0.107862	0.00538158	0.0174171
191	0.0777946	0.00796023	0.0235981	0.135983	0.00598348	0.0777103	0.0101548	0.0294994	0.0570305	0.0396253	0.00888626	0.035808	0.00481964	0.0412563	0.046018	0.089888	0.0930795	0.207135	0.00309485	0.00467496
192	0.229238	0.0439225	0.00873869	0.008962	0.0102555	0.0210213	0.00716345	0.011509	0.00942979	0.0230475	0.00361414	0.0117642	0.179605	0.00953642	0.0143703	0.301345	0.0781661	0.0210508	0.00150614	0.00575414
193	0.0335971	0.0141864	0.00382504	0.00763244	0.0681958	0.00699741	0.00920128	0.121202	0.00503895	0.352115	0.0564851	0.00700835	0.00637359	0.00924498	0.00641538	0.0497435	0.0404092	0.191494	0.00272557	0.00810916
