389	20
1	0.0457362	0.0150958	0.0483344	0.105427	0.0150267	0.0245101	0.0557369	0.0346257	0.0633913	0.0694591	0.0400501	0.0516393	0.00923679	0.0617872	0.0458369	0.13393	0.0962469	0.0616678	0.00119351	0.0210687
2	0.0159178	0.00239525	0.000450386	0.000999289	0.00934729	0.00115282	0.000669324	0.473505	0.00093573	0.0964682	0.0272311	0.00206072	0.000623131	0.000967039	0.00114253	0.00330082	0.00691774	0.354087	0.000842149	0.000986464
3	0.019604	0.00371613	0.00103178	0.00217144	0.0279936	0.00400963	0.00241068	0.135464	0.00141244	0.606467	0.0497746	0.00251198	0.00283282	0.00329156	0.00719458	0.0126761	0.0156263	0.0966979	0.00127191	0.00384174
4	0.0274448	0.00506204	0.0584798	0.0153331	0.00942555	0.0294413	0.0308785	0.00865676	0.161022	0.00932065	0.00838305	0.238814	0.0112095	0.0681128	0.0668321	0.16286	0.0667027	0.00475304	0.00119956	0.0160688
5	0.014415	0.0142033	0.254381	0.0622914	0.00416964	0.225641	0.0172286	0.0120414	0.0121358	0.0109106	0.00575027	0.193683	0.00449157	0.0104516	0.0181274	0.0874541	0.0234244	0.0174191	0.00148966	0.0102921
6	0.0156306	0.00151944	0.000462059	0.000742956	0.00648437	0.000866641	0.000647067	0.463312	0.000690613	0.0912703	0.023363	0.00194171	0.000620867	0.000826929	0.000875442	0.00248084	0.00501926	0.382069	0.000521106	0.000656116
7	0.0225367	0.00841029	0.0122865	0.00713889	0.00845222	0.0144261	0.00214771	0.0145999	0.0107436	0.00842886	0.0122176	0.0435486	0.00508154	0.00279405	0.011148	0.494428	0.288446	0.0100627	0.0112461	0.0118568
8	0.193145	0.0213606	0.0163145	0.0219461	0.0135434	0.131376	0.0177283	0.034872	0.0189979	0.0330484	0.0225243	0.0290878	0.0234394	0.0193941	0.0232693	0.18797	0.12238	0.0546875	0.00303432	0.0118826
9	0.0653273	0.00322127	0.0129179	0.0533129	0.0357949	0.00488542	0.0031487	0.101161	0.0395255	0.114037	0.0811899	0.00379014	0.00614045	0.012947	0.0240268	0.0740244	0.0711552	0.261201	0.00764338	0.0245503
10	0.0534177	0.0634747	0.0344864	0.0367565	0.0257066	0.03041	0.0974765	0.00621873	0.0724947	0.0250309	0.00778063	0.0809911	0.0211452	0.0872262	0.137876	0.101919	0.0386911	0.00378778	0.00574889	0.0693613
11	0.174233	0.0215949	0.00444656	0.0108701	0.0100506	0.0571124	0.0113893	0.024277	0.00706847	0.0187123	0.0128486	0.0191457	0.194996	0.0137183	0.0121338	0.287208	0.0810753	0.030015	0.0022916	0.00681344
12	0.0192793	0.00176178	0.073499	0.0239788	0.00103904	0.645137	0.0139539	0.00153371	0.0147591	0.00316087	0.00140031	0.0818131	0.00619093	0.00937333	0.0274115	0.0481431	0.00570128	0.00386727	0.0003947	0.0176015
13	0.0173427	0.00332906	0.0202726	0.124261	0.00779652	0.0311903	0.0422419	0.011553	0.123073	0.0169395	0.00988133	0.0574912	0.00451472	0.28577	0.190451	0.0187845	0.0200031	0.00915442	0.00299163	0.00295856
14	0.0430303	0.00907107	0.000274449	0.00403032	0.06173	0.00433068	0.00529536	0.240971	0.00171864	0.279307	0.0823021	0.00388263	0.00623348	0.00549342	0.00416291	0.0126915	0.0333476	0.193235	0.00224903	0.00664306
15	0.026551	0.0135433	0.00401427	0.00981278	0.0130898	0.0121312	0.00676161	0.0708157	0.0186287	0.193812	0.258801	0.0148651	0.0120809	0.0509505	0.0234387	0.038087	0.183339	0.038061	0.00563914	0.00557809
16	0.283098	0.0310178	0.00216803	0.00324785	0.029124	0.0537242	0.00322721	0.081225	0.00441729	0.0810824	0.0261881	0.00823908	0.0167331	0.00414322	0.00618229	0.0731507	0.0840134	0.201275	0.00476736	0.00297596
17	0.0394113	0.0101783	0.000642665	0.00172077	0.0138032	0.00415459	0.00180196	0.40661	0.00381687	0.152817	0.122836	0.0050399	0.00310875	0.00200045	0.00455464	0.0162138	0.0254856	0.172666	0.0069132	0.00622539
18	0.045917	0.0113339	0.00202776	0.00845977	0.0964004	0.00691414	0.00784297	0.1249	0.00598236	0.283484	0.135251	0.0080238	0.0132317	0.0146287	0.0124545	0.0295996	0.0578737	0.111752	0.00415035	0.0197731
19	0.0285647	0.00362948	0.0726534	0.0239917	0.00236721	0.605805	0.0147565	0.00291859	0.0161227	0.00496395	0.00283687	0.076923	0.0141994	0.0105157	0.0278689	0.0594966	0.00888672	0.00607171	0.000561954	0.0168662
20	0.143926	0.0100887	0.00709586	0.0184338	0.017245	0.0188619	0.015845	0.0385373	0.00881137	0.0543379	0.0221991	0.0259864	0.188944	0.042695	0.0165329	0.186746	0.126192	0.04136	0.00406543	0.0120948
21	0.0644861	0.0193278	0.0103258	0.0144068	0.097011	0.0232329	0.0175944	0.0389866	0.0145556	0.0687283	0.0302797	0.0247554	0.0126794	0.0180765	0.0285722	0.248124	0.141305	0.0434857	0.0391805	0.044887
22	0.0334083	0.00281097	0.0739555	0.0262833	0.00171864	0.600902	0.0147388	0.00297104	0.0177388	0.00516085	0.00272708	0.0785701	0.00639291	0.011673	0.0288094	0.0580898	0.010658	0.00622976	0.000501841	0.0166595
23	0.271425	0.0414966	0.00334269	0.00795515	0.00748466	0.0602427	0.00288116	0.0146574	0.015798	0.0160409	0.00674734	0.0151905	0.00854347	0.0211617	0.00455426	0.387727	0.0824438	0.0223135	0.00127599	0.00871805
24	0.10465	0.0131569	0.0377962	0.0226869	0.0230788	0.306065	0.0167913	0.0253574	0.0216104	0.0771525	0.0196414	0.0450411	0.0134915	0.0198342	0.0270371	0.122618	0.0439318	0.0390559	0.00439218	0.0166105
25	0.0423597	0.00808829	0.0256352	0.0439037	0.00661259	0.0316909	0.0362016	0.0158489	0.213644	0.0318729	0.0162217	0.0515954	0.0129078	0.102234	0.234333	0.0634135	0.0252656	0.0162524	0.0141114	0.0078073
26	0.172416	0.0190252	0.00669981	0.0108746	0.00688056	0.0350168	0.00599665	0.0178448	0.0117463	0.0175982	0.00879808	0.0261308	0.0142242	0.0146721	0.00847253	0.389942	0.189371	0.0308567	0.00370357	0.00972917
27	0.0790011	0.0152725	0.0159325	0.0274066	0.00936711	0.0288944	0.00814102	0.0166223	0.0158206	0.0181017	0.0136236	0.0412595	0.00966758	0.0120011	0.0144495	0.419301	0.216802	0.0179134	0.00675417	0.0136682
28	0.0397797	0.0184959	0.00569346	0.00736491	0.262058	0.0150483	0.0135512	0.0683921	0.00635928	0.230472	0.0470281	0.025723	0.00735224	0.0114177	0.0122469	0.0348385	0.0294098	0.0639056	0.0134874	0.0873761
29	0.0259577	0.00566848	0.00059529	0.00261965	0.0297134	0.00437942	0.00186363	0.189553	0.00206805	0.481561	0.0455236	0.00221903	0.00220128	0.00306021	0.0054584	0.0130219	0.0203558	0.159088	0.00162549	0.00346612
30	0.0361808	0.00644842	0.0628178	0.0203703	0.00855454	0.031774	0.0318439	0.00913308	0.146055	0.0122463	0.00919063	0.224775	0.0105014	0.0574487	0.0632486	0.172385	0.0744415	0.00697511	0.00116297	0.014447
31	0.177986	0.0368184	0.000360402	0.00133797	0.0496005	0.0280821	0.000937725	0.121519	0.000967988	0.139574	0.0326172	0.00641785	0.00818741	0.000728429	0.00211352	0.0734832	0.085301	0.228293	0.0052327	0.000441546
32	0.0269046	0.00498864	0.000532542	0.00176883	0.0226872	0.00342812	0.00166284	0.210977	0.00129977	0.47851	0.0538862	0.0019993	0.0018434	0.00237281	0.00486183	0.0116175	0.0171691	0.149773	0.00149051	0.00222668
33	0.616085	0.00530227	0.00109852	0.00166895	0.00159342	0.145669	0.00230318	0.0201577	0.00154395	0.0134269	0.00713382	0.00217495	0.0252509	0.0022477	0.00227406	0.106917	0.0157344	0.0269618	0.00085474	0.00160244
34	0.0211612	0.00223419	0.0734504	0.0252282	0.00168842	0.629992	0.0140222	0.00309876	0.0158815	0.00493888	0.00246783	0.0817893	0.0062584	0.0104817	0.0279348	0.0479835	0.0081571	0.00498811	0.000829274	0.0174146
35	0.0847949	0.0177712	0.0604609	0.0725536	0.00777516	0.0629539	0.0335193	0.0144489	0.0474049	0.0355716	0.0192836	0.0768399	0.00565507	0.0366475	0.0313995	0.214137	0.13701	0.0312316	0.000447059	0.0100934
36	0.119768	0.0207029	0.0331121	0.0178188	0.00780467	0.30656	0.0124893	0.0113183	0.0151206	0.0141232	0.00947898	0.0461881	0.0180567	0.0143316	0.0195399	0.240032	0.0563877	0.0216313	0.00305351	0.0124822
37	0.0825357	0.0197465	0.0574645	0.063435	0.00970576	0.0497705	0.0330217	0.0141608	0.0590804	0.042132	0.0178364	0.08981	0.00521143	0.0414104	0.0357627	0.192101	0.142791	0.033603	0.000720193	0.00970056
38	0.0151452	0.00158836	0.000473228	0.000747075	0.00638949	0.000858577	0.000624	0.470957	0.000700763	0.0901596	0.0240939	0.00192949	0.000595087	0.00085326	0.000895536	0.00241404	0.00492072	0.375449	0.000542258	0.00066345
39	0.0604575	0.00966238	0.00573662	0.0445306	0.0351136	0.00729093	0.0123612	0.0411124	0.0401876	0.147819	0.0602608	0.0130531	0.00799224	0.0164388	0.120509	0.180257	0.123278	0.0237164	0.02986	0.0203629
40	0.0449353	0.0152776	0.00130817	0.00648342	0.1674	0.00582905	0.00850684	0.142446	0.00251238	0.250972	0.0878662	0.0051264	0.0106287	0.00897382	0.00474491	0.0224415	0.0389239	0.129874	0.00489237	0.0408577
41	0.00934157	0.00579162	0.479036	0.0375149	0.00316878	0.105043	0.0477261	0.00745174	0.0182861	0.00715017	0.00470808	0.137647	0.00388621	0.0176397	0.0187043	0.0594695	0.0167791	0.00859815	0.00129943	0.0107589
42	0.019297	0.00196156	0.0780852	0.0251366	0.0010886	0.634022	0.0141262	0.0016243	0.0147094	0.00320911	0.00144743	0.0853297	0.00604618	0.00942634	0.0269826	0.0502332	0.00575016	0.00384731	0.000407024	0.0172703
43	0.0432977	0.00813184	0.00217186	0.0183642	0.00437557	0.0323907	0.0334836	0.0158094	0.253755	0.0340893	0.0175319	0.0495239	0.00545014	0.0909664	0.250164	0.0668688	0.0263929	0.0193127	0.0200827	0.00783767
44	0.0294249	0.0176607	0.00114411	0.00209456	0.0160986	0.00336792	0.00191194	0.412933	0.0102685	0.0904487	0.159477	0.00682036	0.00729825	0.00258434	0.0118719	0.0337191	0.0262146	0.148318	0.00358437	0.0147599
45	0.408521	0.0283619	0.00988885	0.00875396	0.00652256	0.175345	0.00877013	0.0207503	0.00817197	0.018507	0.0117376	0.0155601	0.0254082	0.00814411	0.0122524	0.138832	0.040482	0.0444337	0.00386982	0.00568649
46	0.00268221	0.0228257	0.00258733	0.00116213	0.543385	0.0034276	0.00205802	0.0177529	0.00130348	0.0322159	0.0197304	0.0093705	0.000821835	0.00155593	0.00312282	0.00718731	0.00535374	0.0190673	0.019748	0.284642
47	0.0612004	0.0134883	0.000969735	0.00502366	0.0496538	0.00957679	0.00306783	0.238557	0.00400871	0.214886	0.0498802	0.00519229	0.00506362	0.00488853	0.00468189	0.0269215	0.040669	0.252478	0.00383932	0.0059528
48	0.161623	0.00567885	0.0117252	0.0270791	0.0444826	0.0204441	0.0222462	0.0369218	0.00707617	0.0816459	0.0550952	0.0118685	0.0378824	0.0436723	0.0297496	0.171391	0.141944	0.0466575	0.0152435	0.0275732
49	0.0491416	0.0114915	0.0296099	0.0805255	0.0210844	0.0368475	0.0403521	0.0253092	0.0825279	0.0453502	0.0245497	0.0507171	0.0151837	0.21453	0.1195	0.0586818	0.0414727	0.028045	0.00856348	0.0165161
50	0.0373945	0.00211729	0.261925	0.342976	0.00255076	0.0159183	0.0116625	0.032041	0.036479	0.0229077	0.019964	0.0323012	0.00474941	0.110035	0.0142593	0.0152631	0.0148073	0.0193995	0.00113107	0.00211754
51	0.030117	0.00355353	0.344848	0.213598	0.00333294	0.0286601	0.0209808	0.0201872	0.0321766	0.0196585	0.0167591	0.0699781	0.00839609	0.0633703	0.0365921	0.0463387	0.0181621	0.0172998	0.0012939	0.00469706
52	0.0178518	0.00187449	0.000456978	0.000845988	0.00806516	0.00114002	0.000683851	0.454924	0.000692535	0.097913	0.0237159	0.00198728	0.000646436	0.000896052	0.000899407	0.00312991	0.00619986	0.376692	0.000650127	0.000735259
53	0.0487707	0.00816794	0.000942277	0.00613003	0.0925587	0.00369803	0.0091888	0.159408	0.00155324	0.305264	0.108123	0.00640324	0.0142178	0.0098174	0.00624145	0.0138034	0.0363396	0.156	0.0017912	0.0115805
54	0.0390276	0.0280372	0.00319574	0.00960728	0.289337	0.0138587	0.0215195	0.0551563	0.00510206	0.166896	0.0549805	0.0050167	0.0133584	0.0156678	0.00698848	0.0435192	0.0446278	0.0376577	0.0236562	0.12279
55	0.167575	0.0194929	0.00579968	0.0121296	0.0235475	0.0926359	0.0130412	0.0226629	0.00498162	0.0197771	0.0275127	0.0123011	0.204797	0.0133921	0.0145997	0.207982	0.0941559	0.029971	0.00285662	0.0107882
56	0.0370802	0.0128938	0.0521696	0.0445048	0.0102567	0.0254732	0.0558466	0.0152484	0.0750956	0.022028	0.0109923	0.206116	0.00804584	0.0855571	0.0470568	0.125716	0.119851	0.0148513	0.0022997	0.0289167
57	0.154159	0.019689	0.00636506	0.0115752	0.0479474	0.032134	0.00984493	0.0844553	0.00996465	0.201903	0.0754365	0.013038	0.011568	0.0151162	0.0167004	0.0983358	0.0669267	0.106837	0.00755829	0.0104456
58	0.0959645	0.0124925	0.0139451	0.0176712	0.0122075	0.0331567	0.0102771	0.0305131	0.0167753	0.0313327	0.0203673	0.0363366	0.0173854	0.0142943	0.0187078	0.320967	0.240415	0.0382402	0.00692138	0.0120284
59	0.117421	0.0212155	0.00160742	0.00640247	0.0535319	0.0177269	0.00564866	0.148506	0.00605019	0.195513	0.0670019	0.00784954	0.0205546	0.00716462	0.00540579	0.0472784	0.0615044	0.198892	0.00375341	0.00697265
60	0.0600476	0.00562761	0.00352425	0.0294834	0.0257373	0.0112193	0.0240943	0.0291022	0.0763087	0.0483448	0.0270764	0.0134821	0.00504821	0.0336951	0.27841	0.14195	0.0497256	0.0237728	0.0521795	0.0611714
61	0.0434743	0.00531704	0.141427	0.306265	0.00794169	0.0311462	0.0205103	0.0294111	0.0430042	0.037963	0.0238011	0.028689	0.0100259	0.163027	0.020574	0.0283827	0.0272876	0.0226302	0.00285178	0.0062703
62	0.151585	0.0389518	0.0215495	0.0304874	0.00803394	0.0606288	0.0414235	0.0242741	0.0249933	0.0274934	0.0115545	0.0630143	0.0294322	0.0226067	0.0299751	0.231184	0.127424	0.0387162	0.0017568	0.0149152
63	0.0251392	0.00549208	0.000595058	0.00216731	0.0245537	0.00333677	0.00140033	0.279134	0.00177255	0.336639	0.0377695	0.00259762	0.00146851	0.00207286	0.00429682	0.0111064	0.0211125	0.234514	0.00182356	0.00300822
64	0.0703511	0.00398204	0.00986412	0.0558618	0.0410549	0.00554868	0.00524307	0.0966623	0.0338585	0.106863	0.057341	0.00395944	0.0103327	0.0205729	0.0454701	0.0854175	0.0818054	0.221291	0.0135916	0.0309292
65	0.0026677	0.0228136	0.00258876	0.00116304	0.54352	0.00342485	0.00205396	0.0177208	0.00130394	0.0320009	0.0197185	0.00937123	0.000824178	0.0015555	0.00312304	0.00716239	0.00531375	0.0190154	0.01977	0.284889
66	0.288413	0.0287825	0.00146225	0.00864432	0.00690712	0.0416562	0.0014037	0.0158376	0.0138415	0.0190746	0.00473037	0.0156689	0.00503805	0.0217897	0.00194479	0.385009	0.105733	0.0230775	0.000619218	0.0103664
67	0.452128	0.0169631	0.00434207	0.00608159	0.00759101	0.0905232	0.00442424	0.0280269	0.00690319	0.025038	0.0104717	0.0102169	0.021489	0.00923786	0.00633867	0.180311	0.0553265	0.0584279	0.00138939	0.00477007
68	0.0787908	0.00610629	0.00978924	0.0380085	0.0378724	0.00901879	0.0269681	0.0184433	0.0532825	0.290483	0.142269	0.0311528	0.00774582	0.0228008	0.15073	0.0314456	0.0162857	0.0186095	0.00419889	0.00599913
69	0.0139427	0.00305224	0.000852682	0.00162581	0.0200467	0.00286937	0.00145957	0.149806	0.0011653	0.614058	0.0445895	0.00231779	0.00140378	0.00226711	0.00680833	0.0111051	0.0158853	0.103514	0.000982303	0.00224807
70	0.028919	0.00510014	0.00922169	0.0208827	0.00488729	0.0228231	0.0402612	0.011386	0.225688	0.0190598	0.0140894	0.0682221	0.00811157	0.128312	0.297325	0.0463875	0.0228187	0.0127327	0.00953373	0.00423785
71	0.0390242	0.00782454	0.00120457	0.00502812	0.0410064	0.00714529	0.00436939	0.157737	0.00372032	0.409355	0.082883	0.00609377	0.007559	0.00776041	0.00827724	0.0216906	0.0533508	0.125555	0.00247221	0.00794318
72	0.116075	0.0134693	0.0136749	0.0390069	0.0154513	0.042326	0.0163533	0.0284636	0.0141734	0.033906	0.0185922	0.0325418	0.134102	0.0208616	0.0188246	0.26179	0.131588	0.0326957	0.00408621	0.0120177
73	0.03248	0.00567513	0.0676345	0.0231901	0.00749113	0.03774	0.0255979	0.0115607	0.162937	0.010704	0.0102888	0.216248	0.0172372	0.0540682	0.0782909	0.150647	0.0659886	0.00487854	0.00132564	0.0160167
74	0.0429032	0.0206024	0.00571809	0.0124971	0.00670687	0.0186607	0.0727071	0.0393642	0.220739	0.0748147	0.0114781	0.0208435	0.0100989	0.0891172	0.192156	0.0514261	0.0161164	0.0506765	0.0120271	0.0313469
75	0.198924	0.0353101	0.000880865	0.00185879	0.0317711	0.0260258	0.00129072	0.115787	0.00297647	0.112659	0.0238549	0.00789135	0.0105275	0.00177781	0.00266139	0.0583823	0.092317	0.269881	0.00380885	0.00141482
76	0.0425412	0.00222804	0.273533	0.330253	0.00266009	0.0137634	0.00878643	0.0399262	0.0382579	0.0256418	0.0235533	0.0371647	0.00343683	0.104037	0.00796375	0.010428	0.0116292	0.0207989	0.0011855	0.00221182
77	0.112896	0.01148	0.061083	0.082407	0.00698176	0.0638703	0.041249	0.0138509	0.0424127	0.0373601	0.0343044	0.0697057	0.00513731	0.0403626	0.0375923	0.200944	0.101637	0.0274083	0.000877938	0.00843963
78	0.0609035	0.00959418	0.0013838	0.00263167	0.025859	0.00817849	0.00158062	0.339463	0.00204231	0.1691	0.080235	0.00641173	0.0021431	0.00322677	0.00348583	0.0231765	0.054091	0.19411	0.00809908	0.00428522
79	0.0356939	0.0116945	0.000704453	0.00152473	0.0094572	0.0036221	0.00163254	0.432809	0.00558586	0.127782	0.142118	0.00547706	0.00410731	0.00166185	0.00605496	0.0192402	0.022247	0.154693	0.00601793	0.00787579
80	0.0774785	0.0138403	0.0630489	0.0824759	0.00880877	0.046611	0.0404331	0.0203915	0.0493741	0.044392	0.0260997	0.0751218	0.00626335	0.0433403	0.0349101	0.189568	0.124721	0.0392653	0.000512452	0.0133438
81	0.0397386	0.00226721	0.263784	0.349985	0.00257009	0.0145293	0.00973259	0.036595	0.0380487	0.0232409	0.0207743	0.0323014	0.0028604	0.112675	0.00584771	0.00926037	0.0121343	0.0204504	0.00110532	0.00209965
82	0.0219398	0.00477686	0.000871033	0.0025824	0.0327253	0.00311895	0.00301739	0.145391	0.00212302	0.551516	0.0671478	0.00346915	0.0038472	0.00525515	0.00754806	0.0154967	0.0193038	0.103332	0.00168637	0.00485289
83	0.0194766	0.00202436	0.0782978	0.0252552	0.00110122	0.633042	0.0141705	0.00165709	0.0146719	0.00320852	0.00146597	0.0854438	0.00603801	0.0094173	0.0269321	0.0505286	0.00577031	0.00384331	0.00040607	0.0172496
84	0.0179175	0.0038514	0.000726867	0.00247095	0.0255284	0.00324989	0.00255406	0.148664	0.00168568	0.588175	0.0500843	0.00254553	0.00249072	0.00307816	0.00724105	0.0119192	0.0179651	0.105233	0.00137737	0.00324157
85	0.083979	0.0176983	0.0612683	0.0747326	0.00776694	0.0630479	0.0330306	0.0142261	0.0466779	0.0356659	0.0188616	0.0801636	0.00642768	0.0371391	0.0302975	0.205448	0.140582	0.032643	0.00046913	0.00987495
86	0.0920413	0.0158016	0.0529462	0.0373557	0.00557587	0.0428723	0.055408	0.019936	0.187407	0.038501	0.00498185	0.0347532	0.0635474	0.0776347	0.154202	0.0722888	0.0198055	0.00653196	0.00266619	0.0157427
87	0.0770271	0.0857553	0.0114052	0.0159218	0.0322655	0.0245211	0.0116942	0.0874705	0.0167723	0.0928058	0.033744	0.0167359	0.0132801	0.017115	0.0605191	0.0527633	0.0551818	0.272286	0.00833706	0.0143992
88	0.179525	0.0102173	0.0291778	0.0326329	0.00579857	0.069025	0.0261149	0.0142829	0.149209	0.0311536	0.00758746	0.0279252	0.00854337	0.0730957	0.161974	0.105054	0.0315266	0.0226627	0.00831062	0.00618249
89	0.00587247	0.00310849	0.594722	0.0208459	0.00276218	0.0354799	0.0665695	0.00489589	0.0194656	0.00542202	0.0044486	0.112398	0.00252092	0.0197009	0.0175004	0.0525095	0.0141687	0.0054828	0.0012126	0.0109136
90	0.0242593	0.00868172	0.0125985	0.00798083	0.00847803	0.014689	0.00274369	0.0165725	0.0107966	0.00894801	0.0118828	0.0455862	0.00480918	0.00356031	0.0130228	0.479156	0.292662	0.0114748	0.0104525	0.0116455
91	0.0293812	0.0117962	0.00171371	0.0066224	0.00950997	0.00624488	0.00238214	0.338157	0.0340685	0.111052	0.158628	0.0109271	0.0211603	0.00261162	0.0145476	0.0343195	0.0113298	0.17397	0.00208469	0.019493
92	0.0137881	0.00300367	0.000493801	0.000819168	0.00667173	0.000997085	0.000682752	0.507972	0.000860657	0.0812083	0.030271	0.00212055	0.000754031	0.000910372	0.00113252	0.00318969	0.00496956	0.338523	0.0005732	0.00105904
93	0.0837819	0.0111962	0.0471807	0.0208938	0.0125418	0.415735	0.0144875	0.0296182	0.0132151	0.0337194	0.0155066	0.0557533	0.0127755	0.0130523	0.0233807	0.0777352	0.0428369	0.0596034	0.00218935	0.0147973
94	0.0192713	0.00192428	0.0774041	0.0249335	0.00105424	0.635951	0.0141071	0.00160361	0.0147226	0.0032021	0.00142112	0.0846532	0.0060579	0.00935611	0.0268963	0.0500386	0.00576314	0.00386314	0.000398443	0.0173783
95	0.025091	0.00765471	0.00286194	0.0221947	0.0579876	0.00288565	0.00163814	0.208821	0.0275792	0.204294	0.0542566	0.0020435	0.00333003	0.00576828	0.00765128	0.0246051	0.0490551	0.27184	0.00618397	0.0142579
96	0.0277883	0.00855733	0.0144505	0.0122221	0.00698081	0.0171007	0.0383675	0.0189605	0.157934	0.0270834	0.0151065	0.0172742	0.0440205	0.0525808	0.455666	0.0424406	0.0134172	0.0154544	0.00560478	0.00898958
97	0.0222651	0.00240681	0.0710608	0.0242739	0.00293968	0.628807	0.014088	0.00236939	0.0156132	0.00501154	0.00235125	0.0790621	0.0075649	0.0103163	0.0277926	0.051406	0.00754475	0.00486621	0.00188148	0.0183785
98	0.0156713	0.00152333	0.000465663	0.000742957	0.00647901	0.000867188	0.000642283	0.463244	0.000690743	0.0913514	0.0234561	0.00195116	0.000620867	0.000825872	0.000875181	0.00248392	0.00503678	0.381886	0.000529	0.000658053
99	0.133301	0.0307797	0.010554	0.0117508	0.0121517	0.0350519	0.0075648	0.024431	0.014747	0.0261426	0.0147846	0.0386418	0.0151844	0.0150987	0.0141242	0.425302	0.125081	0.0277959	0.00575098	0.0117621
100	0.0321771	0.00386072	0.0697441	0.0249388	0.00165799	0.611866	0.0140066	0.00331623	0.0157387	0.00497932	0.0027886	0.077241	0.00706147	0.0106123	0.0274663	0.057928	0.00956183	0.00725806	0.000773772	0.0170231
101	0.0278696	0.00288083	0.071217	0.0244639	0.00154765	0.623798	0.0142172	0.00323312	0.0148086	0.00587976	0.00313474	0.0789379	0.0069099	0.0110818	0.0267501	0.0509593	0.00855079	0.00581907	0.000741929	0.0171992
102	0.0451232	0.00624423	0.162224	0.306679	0.00957029	0.0294197	0.0163268	0.0327665	0.0406456	0.0425372	0.0263164	0.0337612	0.0113888	0.102771	0.0254237	0.0387964	0.0286828	0.0308198	0.00308819	0.00741487
103	0.0295729	0.00819987	0.00176986	0.0154445	0.00468268	0.0268407	0.0327443	0.0154743	0.242062	0.0262572	0.0163722	0.0343345	0.0118722	0.0732649	0.348667	0.0513733	0.0201679	0.0170663	0.018248	0.00558525
104	0.0285596	0.00748114	0.00421958	0.015441	0.00599329	0.0221618	0.0348462	0.0153337	0.21758	0.0244248	0.0169885	0.0394368	0.0138929	0.0803748	0.370483	0.0467806	0.0201727	0.0173934	0.0127161	0.00572007
105	0.0254306	0.00972202	0.0101987	0.0145245	0.00941635	0.0203167	0.0322263	0.0204766	0.141411	0.0296731	0.0186905	0.027243	0.0231333	0.0641675	0.449717	0.0437301	0.021815	0.0197043	0.00865422	0.00974946
106	0.159802	0.0318407	0.00101322	0.00177818	0.0471767	0.0256414	0.00138278	0.126611	0.00113805	0.147539	0.0352848	0.00858455	0.00827644	0.00208511	0.00257567	0.0692288	0.0991222	0.224708	0.0051603	0.00105021
107	0.0365406	0.0832292	0.00705834	0.00679395	0.00955206	0.0125172	0.00660816	0.012894	0.00674521	0.0183081	0.0090336	0.102504	0.00488932	0.00661667	0.00770251	0.593498	0.0410153	0.020109	0.00365857	0.0107271
108	0.0310316	0.00708131	0.00065027	0.00245438	0.0241836	0.00363405	0.00131996	0.382898	0.00218103	0.154251	0.0419873	0.00300965	0.00194398	0.00250215	0.00275125	0.0118202	0.0223756	0.298334	0.00196089	0.00362981
109	0.615563	0.00561122	0.0010974	0.00170875	0.00175079	0.146349	0.00246416	0.02022	0.00166833	0.0134692	0.00716264	0.00227468	0.0252624	0.00219217	0.00246924	0.104308	0.0161581	0.0277708	0.000849552	0.0016506
110	0.028588	0.0563399	0.0106603	0.0568219	0.0151261	0.0167841	0.09317	0.0285298	0.0194829	0.139318	0.064505	0.0850514	0.0083984	0.0762857	0.0195137	0.0835077	0.0666697	0.0768083	0.00485988	0.0495791
111	0.037521	0.00582746	0.0963177	0.276925	0.00842067	0.0312253	0.0261193	0.0292785	0.0421788	0.0601933	0.0295272	0.0292356	0.0114389	0.19609	0.0208926	0.029246	0.0329395	0.027182	0.00301001	0.00643138
112	0.0100077	0.00214579	0.000746788	0.0012698	0.0170391	0.0019122	0.00157848	0.129161	0.000917302	0.669916	0.0459709	0.00163817	0.00146642	0.00191121	0.00735376	0.00973828	0.00981802	0.0853571	0.000596575	0.00145635
113	0.0202699	0.00437707	0.000662194	0.00188946	0.0220343	0.0029495	0.00157963	0.22005	0.00144617	0.482563	0.0540937	0.00223838	0.00181854	0.00228469	0.00576701	0.01091	0.0171608	0.143446	0.00165574	0.00280353
114	0.065966	0.00287405	0.00498731	0.00441164	0.0147792	0.0274409	0.00581394	0.193137	0.00169062	0.116031	0.0800771	0.0269477	0.00207646	0.0181641	0.0079032	0.0447401	0.233812	0.145331	0.00195237	0.00186404
115	0.022806	0.00265824	0.343534	0.156303	0.00294965	0.0331247	0.0142728	0.0060144	0.0356686	0.0185075	0.0158675	0.0819126	0.0196987	0.0304898	0.0950142	0.0824422	0.0187123	0.0159631	0.00101927	0.00304156
116	0.0879487	0.0162142	0.0265301	0.0268998	0.019665	0.0369562	0.0641151	0.0363498	0.0415881	0.048667	0.0217389	0.0249853	0.237336	0.0417212	0.0511486	0.0998424	0.0513181	0.0328669	0.0103958	0.0237131
117	0.136538	0.0227653	0.0157541	0.0295036	0.0100835	0.079432	0.0440943	0.0234344	0.0554728	0.0248341	0.0158122	0.0370111	0.0481165	0.0251969	0.0647237	0.206469	0.093654	0.0521613	0.00394964	0.0109943
118	0.0346986	0.00843922	0.000381762	0.00325071	0.0376656	0.00409254	0.00125785	0.330079	0.0026892	0.218751	0.0437351	0.00234986	0.00115801	0.00285045	0.00287949	0.0123282	0.0322751	0.253096	0.00276407	0.00525875
119	0.00936761	0.00209586	0.000734724	0.00140917	0.0150258	0.00181489	0.00157083	0.127694	0.0011485	0.676	0.0481679	0.00170054	0.00171374	0.00195035	0.00743424	0.00983045	0.00908408	0.0807859	0.000716674	0.00175411
120	0.0233732	0.00308866	0.00162533	0.00244948	0.114007	0.00950185	0.00246635	0.100196	0.00286622	0.571459	0.0330314	0.004068	0.00245239	0.00331983	0.0068567	0.0150915	0.0102851	0.0841208	0.00476523	0.00497517
121	0.0836402	0.0145083	0.00118382	0.00453487	0.0496089	0.0129294	0.00317428	0.167204	0.00289229	0.306552	0.0537614	0.00515819	0.0068636	0.00491704	0.00542614	0.0327087	0.0461649	0.189928	0.0035798	0.00526477
122	0.0156276	0.00396339	0.503155	0.0708903	0.00389803	0.0459224	0.0490942	0.00995642	0.0240495	0.011449	0.00851041	0.094919	0.00619321	0.0303312	0.0267619	0.0553199	0.0186106	0.0105559	0.00136704	0.00942558
123	0.0461557	0.00725295	0.139974	0.285341	0.00918377	0.0477993	0.0195224	0.0308334	0.0433066	0.0409813	0.024723	0.0349589	0.0118042	0.112548	0.0303787	0.0439521	0.0313183	0.0278475	0.00395023	0.00816899
124	0.0996734	0.0166772	0.0193631	0.0227318	0.0171649	0.0337759	0.0230246	0.0448258	0.0209645	0.0436392	0.0223614	0.0165977	0.334177	0.0357864	0.0262203	0.117025	0.0544695	0.0351264	0.00454146	0.011854
125	0.0757539	0.0161001	0.00805626	0.0118385	0.0413977	0.0220359	0.00973654	0.10915	0.0107783	0.158134	0.0702582	0.0267397	0.0125847	0.0201635	0.0169995	0.0777209	0.18485	0.108482	0.00546244	0.0137581
126	0.0484575	0.0117087	0.0128286	0.0115023	0.0154564	0.0199226	0.00661656	0.018794	0.0108989	0.0181906	0.0133507	0.0389795	0.0122051	0.00852525	0.0132443	0.433105	0.259625	0.0150362	0.00832184	0.0232311
127	0.0199926	0.00183516	0.0757003	0.0244717	0.00106039	0.638604	0.0140472	0.00158256	0.0150288	0.00314348	0.0015038	0.0827626	0.00615496	0.00948825	0.0271853	0.0498466	0.00583365	0.00393895	0.000401889	0.0174181
128	0.0189269	0.00293528	0.0013741	0.00219113	0.0251015	0.00525266	0.00228346	0.123508	0.00249605	0.636461	0.0458132	0.00295685	0.00186188	0.00315104	0.00896368	0.0133713	0.0125019	0.0869451	0.0010719	0.00283361
129	0.0189126	0.00479987	0.429998	0.0821263	0.00538973	0.0444944	0.039392	0.00874907	0.0318428	0.0177912	0.0115859	0.0843763	0.0128982	0.0296541	0.0681301	0.064631	0.0207366	0.0132269	0.00210467	0.00916048
130	0.287831	0.029358	0.00184168	0.00828564	0.00674319	0.0452973	0.0013018	0.0147769	0.0140771	0.0172379	0.00490419	0.0142631	0.00365083	0.0204573	0.00205662	0.395968	0.0986714	0.0212902	0.000602368	0.011385
131	0.127843	0.0117805	0.0121004	0.0385672	0.0573008	0.0313086	0.0550282	0.0214222	0.0168944	0.0574397	0.036358	0.0209225	0.0193346	0.0354462	0.0721243	0.16894	0.126193	0.027733	0.0123556	0.050907
132	0.14474	0.00580652	0.00967391	0.0113801	0.0102416	0.0282954	0.00509101	0.110966	0.00377994	0.063755	0.0586908	0.0312115	0.0160188	0.0324977	0.00775809	0.170334	0.200155	0.0818205	0.00320341	0.00457979
133	0.210101	0.0218192	0.0136717	0.0257922	0.0215063	0.0630387	0.0473893	0.0303017	0.0209995	0.0432843	0.0236264	0.0295422	0.0320259	0.027734	0.0342735	0.165777	0.118636	0.0465213	0.00538389	0.0185758
134	0.116722	0.00751033	0.00400921	0.024033	0.067241	0.0619743	0.0895829	0.0118987	0.0206507	0.145275	0.0600327	0.0241863	0.0084213	0.0750669	0.0420145	0.0846075	0.0454564	0.0151021	0.00514741	0.0910674
135	0.0409587	0.00798865	0.00155552	0.0207245	0.00511277	0.0320852	0.0324072	0.016282	0.256498	0.0347724	0.0166758	0.0427905	0.0058686	0.0944612	0.256641	0.0644989	0.024408	0.0179078	0.021575	0.00678849
136	0.0404858	0.00608317	0.000844099	0.00271104	0.0330849	0.0226047	0.00720026	0.187981	0.00205611	0.187993	0.0793611	0.023279	0.00194372	0.00753399	0.00833777	0.0204365	0.19984	0.163051	0.00179109	0.00338186
137	0.0407282	0.0128317	0.000600804	0.00217352	0.0214846	0.00479021	0.00218303	0.349794	0.00541291	0.181666	0.128757	0.00461945	0.00474618	0.00253041	0.00495494	0.0196021	0.0219977	0.179788	0.00420056	0.00713879
138	0.0822415	0.0142968	0.0560392	0.0769509	0.0115275	0.044793	0.0393002	0.0178873	0.058329	0.0565109	0.0223882	0.0743659	0.00616479	0.0561434	0.0351074	0.174233	0.120025	0.0417253	0.000614528	0.0113565
139	0.0336797	0.00164909	0.00118833	0.0019411	0.0147866	0.0244525	0.00868245	0.149937	0.00168974	0.123628	0.101058	0.0373818	0.00143026	0.0112552	0.0137113	0.0218793	0.322684	0.126437	0.000901787	0.00162586
140	0.00479186	0.00111723	0.000832277	0.00111347	0.0104231	0.00147254	0.00109467	0.114966	0.000960763	0.721026	0.0400199	0.00144372	0.000748939	0.00142439	0.00813237	0.00960045	0.00718325	0.0720853	0.000483092	0.00108091
141	0.0426752	0.00830033	0.00156533	0.0187078	0.00417108	0.0325708	0.0346745	0.0157521	0.252803	0.0335135	0.0166777	0.044788	0.00556672	0.0929131	0.258457	0.0657933	0.0250634	0.0186745	0.0202965	0.00703653
142	0.274383	0.00705474	0.0540111	0.0425685	0.00743898	0.10218	0.0236646	0.0121039	0.0753405	0.0233935	0.00357862	0.0200499	0.00542206	0.0523298	0.0827767	0.151688	0.0359233	0.0219508	0.000863012	0.00327913
143	0.0191961	0.0017408	0.0735728	0.0239957	0.00103972	0.645714	0.0139738	0.00153126	0.014714	0.00311922	0.00140029	0.0816827	0.00619908	0.0093807	0.0271579	0.0481696	0.00561913	0.00385504	0.000395411	0.0175426
144	0.0219369	0.0108532	0.00203122	0.00974948	0.00570826	0.0176189	0.038474	0.0153696	0.223598	0.0244323	0.017312	0.0252615	0.0161913	0.0580987	0.411085	0.0404133	0.0216296	0.0226387	0.0114667	0.00613074
145	0.229931	0.0265416	0.00370278	0.00532034	0.0177752	0.0312183	0.00419408	0.075705	0.00577126	0.0602012	0.0244007	0.0149953	0.0171213	0.0111203	0.00511642	0.130223	0.175339	0.155719	0.00263438	0.00296975
146	0.0153375	0.00159348	0.000458679	0.000748888	0.00648952	0.000871276	0.000649982	0.465484	0.000688126	0.0905444	0.0235703	0.00194646	0.00063143	0.000832576	0.000883881	0.00249942	0.0049835	0.380551	0.00053968	0.000695169
147	0.0182838	0.00244469	0.000466361	0.000815315	0.0081682	0.00106761	0.000787908	0.468925	0.000904245	0.0995168	0.0356105	0.00257147	0.000734228	0.00086769	0.00127863	0.00400706	0.00845861	0.342571	0.00120466	0.00131625
148	0.181565	0.038822	0.000675661	0.00144525	0.0457033	0.0251611	0.00127963	0.108089	0.00108949	0.14019	0.0470985	0.0063178	0.00939862	0.00137411	0.00223234	0.088301	0.0926336	0.202907	0.00490736	0.000809191
149	0.159265	0.018619	0.00694435	0.0100714	0.00743587	0.0327286	0.00546138	0.0190213	0.0108257	0.0162131	0.0100594	0.0260812	0.0122842	0.0140006	0.00800452	0.399133	0.199377	0.0311011	0.0042899	0.00908401
150	0.0198973	0.0102328	0.000584909	0.0012796	0.00994886	0.00178057	0.000974422	0.48536	0.00338215	0.091115	0.075994	0.00346518	0.00234741	0.00128903	0.00352045	0.0113251	0.00989262	0.260129	0.00203033	0.0054511
151	0.0559549	0.0182191	0.0794191	0.0296962	0.0499113	0.0583551	0.0899185	0.0251374	0.0673509	0.0487761	0.0140016	0.0423675	0.0734961	0.0500987	0.0625482	0.0729266	0.0327934	0.0190753	0.0258851	0.0840687
152	0.0328038	0.0061652	0.0258036	0.0601005	0.00893936	0.0336483	0.0439202	0.0153112	0.16139	0.0267498	0.0167071	0.0597371	0.0102457	0.207092	0.195582	0.0416264	0.0264076	0.0145288	0.00610846	0.00713269
153	0.0798895	0.0173061	0.0188866	0.0276909	0.018357	0.0266717	0.0236792	0.0472622	0.0370465	0.0512022	0.0275793	0.0219396	0.296795	0.0705583	0.042323	0.0886092	0.0494099	0.0331221	0.00741103	0.0142603
154	0.0584631	0.0140025	0.014812	0.0231016	0.00714723	0.0319687	0.048385	0.0128449	0.195053	0.0267561	0.0154303	0.0657384	0.0102877	0.0843394	0.229002	0.0861193	0.0347293	0.0156401	0.0117166	0.0144626
155	0.107771	0.0136665	0.0107057	0.017388	0.0188512	0.0637979	0.0155075	0.0205132	0.0138597	0.0276182	0.0200368	0.0280749	0.0468441	0.014376	0.0205998	0.300719	0.193862	0.0276863	0.00684741	0.0312742
156	0.0566876	0.0122887	0.0989543	0.0947447	0.0166003	0.0354141	0.0332387	0.0167562	0.0683751	0.0496121	0.0210848	0.0582907	0.0147335	0.053994	0.0845516	0.145535	0.0918465	0.029855	0.00327432	0.0141626
157	0.0300435	0.00735313	0.000495008	0.00120363	0.0114135	0.00266261	0.00137044	0.431914	0.00327317	0.127548	0.0886474	0.00575433	0.00259819	0.0012627	0.00364983	0.0119606	0.0157887	0.245019	0.00337164	0.00467012
158	0.0026677	0.0228136	0.00258876	0.00116304	0.54352	0.00342485	0.00205396	0.0177208	0.00130394	0.0320009	0.0197185	0.00937123	0.000824178	0.0015555	0.00312304	0.00716239	0.00531375	0.0190154	0.01977	0.284889
159	0.0466176	0.0626686	0.0235014	0.0312489	0.029953	0.0242328	0.109138	0.00434215	0.0474376	0.0164787	0.00970604	0.105188	0.00717057	0.0890245	0.144163	0.104434	0.0446869	0.0041811	0.00893936	0.0868884
160	0.0415874	0.0079434	0.0040369	0.0141228	0.0127075	0.00593115	0.00625452	0.0591065	0.0475399	0.222067	0.232563	0.0262669	0.0104231	0.0501089	0.0844797	0.0893849	0.0624938	0.0137948	0.00533303	0.003855
161	0.0442182	0.0244282	0.00191508	0.00586875	0.208187	0.00823189	0.00797326	0.14352	0.00373976	0.204698	0.0707878	0.00468694	0.00718363	0.00762508	0.00419528	0.0303878	0.0400551	0.113789	0.00861246	0.0598977
162	0.0059562	0.00308967	0.594424	0.021034	0.00276187	0.0355157	0.0666601	0.00489974	0.0195105	0.00549131	0.00449988	0.111572	0.00258238	0.0197622	0.0178145	0.0526064	0.0141931	0.00546593	0.00121423	0.010947
163	0.0407226	0.0245806	0.0524073	0.020194	0.00779744	0.0257007	0.0274604	0.00940787	0.137379	0.0420081	0.0223595	0.167454	0.00850323	0.0425815	0.0885472	0.151019	0.100209	0.0144779	0.00439187	0.0127979
164	0.00805035	0.00186157	0.000780166	0.00124946	0.0128414	0.0018598	0.00117365	0.125645	0.00106634	0.689455	0.0410001	0.00147801	0.000740879	0.00152089	0.00760053	0.0101053	0.00952091	0.0820716	0.000703454	0.00127537
165	0.039773	0.0113535	0.000254767	0.00389918	0.0536104	0.00502973	0.00263084	0.247735	0.00252326	0.291807	0.0599502	0.0024303	0.00294183	0.00428187	0.00364354	0.0139455	0.0367208	0.208468	0.00274657	0.00625459
166	0.0130367	0.00264991	0.000814243	0.00152494	0.0134223	0.00254366	0.00116923	0.120333	0.00134083	0.675739	0.0409401	0.00174573	0.00126374	0.0017281	0.00762061	0.0129311	0.0116613	0.0871643	0.000800382	0.00157045
167	0.00504832	0.00116234	0.000820625	0.00112131	0.0104511	0.00154152	0.00108899	0.11557	0.000974157	0.719633	0.0400764	0.001482	0.000748016	0.00141395	0.00796867	0.00980841	0.00715902	0.0723737	0.000508996	0.00104971
168	0.284048	0.0300193	0.0019831	0.00861115	0.00690593	0.0438515	0.00123582	0.0148605	0.0146923	0.0176879	0.00491458	0.0149703	0.00277778	0.02116	0.00206646	0.397731	0.0999893	0.0207201	0.000578379	0.0111963
169	0.0273959	0.00210169	0.297768	0.178223	0.00329313	0.0374773	0.00934908	0.00570819	0.0416369	0.0222079	0.0151661	0.0601819	0.0246862	0.0355758	0.116749	0.0830898	0.0197897	0.0163756	0.00103536	0.00218955
170	0.0206621	0.00220727	0.0747853	0.0263293	0.00126034	0.627291	0.0145027	0.00198595	0.0152847	0.0039228	0.00203599	0.0835184	0.00608211	0.0102394	0.0272599	0.0519202	0.00809908	0.00466986	0.00067164	0.0172721
171	0.0469553	0.0638729	0.0243025	0.0321874	0.0243664	0.0241634	0.107746	0.00381733	0.0491659	0.0166005	0.0103114	0.107448	0.00731619	0.090508	0.146687	0.107933	0.0453215	0.00409506	0.00785506	0.0793463
172	0.186489	0.0417663	0.000452602	0.00100763	0.0442024	0.0278414	0.000995195	0.109168	0.0010369	0.13104	0.0351421	0.00771901	0.0113531	0.000867404	0.00226475	0.0838417	0.0932925	0.215937	0.00506332	0.000520123
173	0.0509621	0.00981699	0.000284615	0.0032635	0.0533213	0.00574522	0.00382548	0.248853	0.00179913	0.273531	0.0841524	0.0033992	0.00537373	0.00451521	0.00338347	0.0142894	0.0311418	0.194692	0.00232494	0.00532479
174	0.00334086	0.022955	0.00266617	0.00137502	0.5368	0.00375242	0.00325274	0.0182375	0.00137939	0.0343646	0.0199001	0.00956743	0.00106369	0.00195791	0.00346535	0.00817277	0.00613885	0.0191474	0.0204397	0.282024
175	0.0261091	0.0189562	0.0125407	0.0103128	0.224814	0.0151184	0.126844	0.0279591	0.00275235	0.0133062	0.00368259	0.0486691	0.00229936	0.0427835	0.02222	0.0576941	0.0285465	0.0132847	0.0204038	0.281703
176	0.0200375	0.00229168	0.0710236	0.0237029	0.00589021	0.627506	0.0150485	0.00281542	0.0150916	0.00566828	0.00240512	0.0796047	0.00648389	0.0108722	0.0270645	0.0488775	0.00723573	0.00486131	0.0009663	0.0225532
177	0.0951007	0.0206942	0.069519	0.037657	0.00631637	0.0397683	0.0582163	0.0278195	0.161893	0.0536181	0.00384221	0.0227305	0.0952632	0.0751843	0.108229	0.0808477	0.0139765	0.00553092	0.00123257	0.0225603
178	0.245385	0.0248404	0.00254778	0.0157362	0.00728466	0.11997	0.0220304	0.0183688	0.00762243	0.00923736	0.0101273	0.0191507	0.0449828	0.0064759	0.0252146	0.250032	0.113368	0.0457718	0.00103499	0.0108197
179	0.297239	0.0474006	0.000817697	0.00162933	0.0217153	0.037221	0.00160267	0.0649491	0.00488123	0.0669443	0.0235448	0.00496848	0.0195572	0.00187724	0.00290658	0.0627203	0.107176	0.228939	0.00268638	0.00122478
180	0.0382486	0.00605645	0.00322026	0.0190241	0.0279509	0.0136576	0.00465879	0.171158	0.037299	0.208546	0.160428	0.00767255	0.0237746	0.00861778	0.0103563	0.0235296	0.025237	0.187337	0.002852	0.0203756
181	0.0325881	0.0021613	0.286744	0.176075	0.00327205	0.0377003	0.011029	0.00549683	0.0365147	0.0268959	0.0163319	0.0549555	0.0311177	0.0345911	0.105511	0.0940302	0.0229346	0.0188728	0.00112035	0.00205817
182	0.0216159	0.0129375	0.0104322	0.00624621	0.236821	0.0138223	0.110252	0.0195767	0.00248125	0.0280204	0.00562986	0.0356437	0.0056069	0.0339769	0.0265286	0.041202	0.0210386	0.00973581	0.0526387	0.305794
183	0.0404839	0.0165958	0.00214748	0.00613033	0.182437	0.00804969	0.00694676	0.142579	0.00383667	0.263382	0.0640637	0.00473226	0.00649779	0.00791859	0.00566071	0.0260241	0.0373253	0.123479	0.00713646	0.044574
184	0.274845	0.00544956	0.0526379	0.0511581	0.00693538	0.10624	0.023249	0.0101441	0.0622125	0.0193842	0.00796999	0.0257909	0.00174157	0.0508728	0.0652708	0.17486	0.0371623	0.020827	0.000839805	0.00240909
185	0.0942915	0.0220116	0.0514844	0.0625424	0.0103618	0.0628019	0.0298965	0.0165385	0.0506001	0.0375851	0.0196115	0.0754437	0.00641884	0.0357457	0.0379923	0.202544	0.143297	0.0301279	0.00118864	0.00951617
186	0.054787	0.00838821	0.000463058	0.00457775	0.0691536	0.00463823	0.00771294	0.214473	0.00127558	0.274674	0.0897326	0.0088011	0.00981327	0.00714789	0.00612983	0.0136252	0.0377039	0.177972	0.00207408	0.00685654
187	0.0191961	0.0017408	0.0735728	0.0239957	0.00103972	0.645714	0.0139738	0.00153126	0.014714	0.00311922	0.00140029	0.0816827	0.00619908	0.0093807	0.0271579	0.0481696	0.00561913	0.00385504	0.000395411	0.0175426
188	0.0306024	0.0317132	0.00316104	0.00744405	0.347019	0.0104414	0.0134687	0.0623999	0.00482221	0.163267	0.0458901	0.00442824	0.00558915	0.00989393	0.00314055	0.0436142	0.0430448	0.0421927	0.0128028	0.115064
189	0.190007	0.00668757	0.0027912	0.0159585	0.00592482	0.00686548	0.0172156	0.0391808	0.00361504	0.0447048	0.00847198	0.05458	0.0875594	0.0479306	0.0157809	0.210003	0.164024	0.0712028	0.00249315	0.00500292
190	0.129414	0.127042	0.00695428	0.0105267	0.0116688	0.0155607	0.00900459	0.141789	0.00922983	0.0657268	0.0888211	0.0134183	0.107291	0.0769883	0.0145617	0.0722387	0.065397	0.021045	0.00511628	0.00820645
191	0.0355237	0.0046022	0.109124	0.295917	0.00547017	0.0562334	0.0163491	0.0235959	0.0528143	0.0326294	0.0233383	0.0236883	0.00828623	0.204301	0.0233415	0.0305767	0.0269935	0.0196807	0.00242815	0.00510685
192	0.0318638	0.0316598	0.00358929	0.00705855	0.341072	0.0113806	0.0110996	0.0634156	0.00424845	0.174915	0.0472747	0.00390927	0.00513777	0.00905774	0.00283287	0.0461752	0.0457859	0.044704	0.0125603	0.10226
193	0.0576477	0.0533895	0.0176193	0.00603945	0.00554438	0.00503665	0.0155956	0.00806495	0.0994923	0.122464	0.0680276	0.0501361	0.00289978	0.00510064	0.109417	0.15333	0.166474	0.0364153	0.0142134	0.00309318
