327	20
1	0.0444948	0.00084968	0.0324401	0.0389094	0.0167838	0.0716161	0.00509689	0.00580845	0.444472	0.0109231	0.00697337	0.034486	0.0124945	0.0542781	0.139382	0.0397211	0.0119887	0.0180457	0.00585326	0.00538301
2	0.0340727	0.00164859	0.0249156	0.10861	0.00979312	0.00437766	0.00398041	0.0229304	0.130348	0.0455107	0.0182323	0.117746	0.00623446	0.0589108	0.0444949	0.155568	0.161975	0.0423701	0.00113035	0.00715051
3	0.228823	0.0792479	0.046635	0.00853989	0.0810205	0.0842116	0.00471074	0.0221779	0.00975948	0.0743838	0.0459922	0.0169752	0.00252597	0.034334	0.00914996	0.118344	0.0636671	0.0494233	0.00134569	0.0187327
4	0.218614	0.00180101	0.0195074	0.0838856	0.00501857	0.00286342	0.00244829	0.0334155	0.0853568	0.158381	0.00303782	0.0214575	0.130558	0.0622314	0.0173865	0.0372929	0.00568984	0.106684	0.000856754	0.00351423
5	0.0430191	0.00255564	0.0938306	0.0560021	0.0193903	0.568639	0.00589046	0.0246062	0.051285	0.00787062	0.00331274	0.0275431	0.00262196	0.011444	0.00837858	0.0471312	0.0108689	0.0101088	0.000883857	0.00461808
6	0.119252	0.00163576	0.0469337	0.0331548	0.00253094	0.0353956	0.0029062	0.047471	0.0855359	0.0155216	0.00257652	0.232292	0.00160471	0.014237	0.0025359	0.32583	0.00460497	0.0224633	0.000718591	0.00279952
7	0.0397958	0.00188385	0.132836	0.2202	0.00653833	0.0352867	0.0229609	0.00608595	0.223068	0.015443	0.00111365	0.0814042	0.0028681	0.0664993	0.0570789	0.0512959	0.0193018	0.0134901	0.000146324	0.00270245
8	0.0441694	0.00316977	0.00958105	0.00698698	0.287168	0.0100314	0.011315	0.0110232	0.0216513	0.0660541	0.120244	0.0278671	0.00130925	0.0160042	0.00489094	0.0215624	0.00912592	0.00656121	0.035901	0.285383
9	0.0167453	0.00356542	0.0110237	0.0810786	0.0325581	0.00639287	0.00481288	0.0455036	0.0254711	0.341851	0.00598625	0.0454604	0.0031351	0.0115795	0.0631465	0.0541495	0.196736	0.0424787	0.00238072	0.00594438
10	0.0536783	0.00093415	0.0670339	0.0412221	0.00440502	0.679464	0.00426827	0.00783889	0.0310603	0.0037228	0.00134063	0.0354134	0.0021891	0.00404639	0.00269396	0.0433545	0.00736811	0.00757933	0.000314927	0.00207144
11	0.00915799	0.00386515	0.00314241	0.00460931	0.525942	0.0037429	0.00860395	0.0483402	0.00659518	0.0378424	0.0451327	0.0103046	0.00655957	0.0158995	0.0049587	0.00913808	0.0112289	0.0391489	0.102008	0.103779
12	0.0119991	0.00103334	0.0066026	0.00282919	0.056406	0.00100452	0.00410836	0.250385	0.00714226	0.288903	0.0807745	0.0110195	0.000432193	0.00282652	0.0109352	0.00319236	0.0125453	0.203061	0.000669568	0.04413
13	0.0120885	0.0016925	0.277107	0.0756585	0.0021158	0.0023901	0.0683433	0.00345365	0.0433168	0.00371198	0.00159256	0.279605	0.0222866	0.0183482	0.00231946	0.0629834	0.107986	0.00388331	0.000525597	0.0105912
14	0.00777252	0.0116879	0.00310155	0.00432855	0.231921	0.00287731	0.0441218	0.0409183	0.00685045	0.0679022	0.0664732	0.00554385	0.00170934	0.0662382	0.0147801	0.019398	0.00911926	0.00554746	0.197823	0.191886
15	0.0968294	0.00337428	0.00572812	0.0109876	0.0061795	0.00417084	0.0284905	0.0381824	0.00753937	0.0197029	0.00643571	0.00721631	0.577641	0.00726455	0.00535508	0.0563258	0.0235519	0.0869446	0.00117312	0.00690741
16	0.0311023	0.00144412	0.026188	0.162108	0.0194091	0.00259494	0.00212262	0.0480442	0.117535	0.0640209	0.00657727	0.0984362	0.00118072	0.0332404	0.043945	0.126521	0.16313	0.0492601	0.000871578	0.00226929
17	0.0137485	0.00171155	0.269509	0.0773469	0.00237676	0.00272101	0.0715904	0.00366929	0.0445373	0.00407853	0.00171606	0.279086	0.0214032	0.020497	0.0028226	0.0612568	0.106879	0.00407431	0.00056074	0.0104152
18	0.064616	0.000518667	0.0275114	0.033068	0.0119111	0.0357543	0.0071191	0.00632344	0.413926	0.00673628	0.00824895	0.0491385	0.0185137	0.0508525	0.163858	0.0525735	0.0180345	0.0143675	0.00931046	0.00761734
19	0.0968943	0.00246753	0.176645	0.344482	0.000690824	0.0300347	0.0301557	0.00669993	0.057484	0.00517267	0.00300489	0.0504243	0.0108938	0.0928179	0.0259674	0.045176	0.0156095	0.00434115	0.000187304	0.000851886
20	0.0267714	0.00445598	0.0341614	0.232869	0.0506406	0.00850042	0.0415269	0.0735973	0.0176911	0.245133	0.0494409	0.016409	0.0348827	0.0155864	0.0425523	0.0125465	0.0136316	0.01995	0.0338226	0.0258309
21	0.0548162	0.0214471	0.00769931	0.0202634	0.0886382	0.00187912	0.00858482	0.106478	0.00883197	0.239333	0.0556735	0.00334423	0.00088391	0.00523889	0.00869458	0.0194738	0.0195873	0.0842504	0.0135832	0.2313
22	0.157527	0.00118456	0.100645	0.218039	0.00236156	0.0268359	0.00997241	0.00919759	0.158644	0.0137985	0.00137723	0.0581478	0.00144603	0.0830679	0.0265694	0.0768928	0.0362379	0.0165397	0.0001788	0.0013364
23	0.0666168	0.00255383	0.118049	0.190237	0.0039318	0.0179728	0.0129544	0.0138687	0.189898	0.0324869	0.00468945	0.063003	0.00187273	0.11736	0.0767668	0.0433636	0.0240918	0.0155467	0.00211386	0.00262285
24	0.0403286	0.00765647	0.0010993	0.00175805	0.0340591	0.00381129	0.00314188	0.35982	0.00385369	0.175861	0.139772	0.00236494	0.000542885	0.00131521	0.00344804	0.00517995	0.00864723	0.194392	0.000442317	0.0125064
25	0.0127218	0.000939655	0.0227363	0.0435735	0.00801481	0.0012113	0.00478373	0.0528571	0.303138	0.100127	0.00158702	0.0102698	0.00060992	0.248893	0.108728	0.00586991	0.0206088	0.0215851	0.000403554	0.0313422
26	0.199767	0.00182926	0.0715516	0.188737	0.000929471	0.00781428	0.00546313	0.00969754	0.189182	0.0155466	0.00197928	0.0615813	0.000361856	0.0938077	0.0299115	0.05906	0.0436609	0.0177633	0.000188721	0.00116682
27	0.0893835	0.041553	0.00402165	0.00874429	0.0035367	0.00433279	0.00338533	0.149134	0.0416238	0.0800987	0.00678108	0.0098012	0.00201135	0.0238767	0.00811951	0.184007	0.15285	0.180468	0.00108065	0.00519048
28	0.274728	0.0101642	0.00611894	0.0159722	0.0047007	0.00800697	0.00802582	0.046467	0.0635344	0.0365206	0.00674752	0.00870425	0.00255694	0.0128155	0.0418333	0.211807	0.0815951	0.151881	0.00130657	0.00651311
29	0.196706	0.0019808	0.075097	0.186874	0.000944763	0.00737617	0.00522951	0.00963256	0.191223	0.0158655	0.00204058	0.0612439	0.000382402	0.0946288	0.0316025	0.0576344	0.0430901	0.0170848	0.00018598	0.00117745
30	0.0461315	0.00112521	0.060242	0.169092	0.0036348	0.00579836	0.00753718	0.0345253	0.148338	0.0531262	0.0183701	0.0579289	0.00552896	0.146867	0.117954	0.0340977	0.03031	0.0415709	0.012025	0.00579638
31	0.0197033	0.0056212	0.00634582	0.0118019	0.112559	0.00386587	0.00841701	0.130154	0.00919889	0.371939	0.0478019	0.00793862	0.00278753	0.00968962	0.00742	0.0104236	0.0166698	0.103463	0.0799925	0.0342077
32	0.00642377	0.00132423	0.015211	0.0123952	0.00298712	0.00177169	0.038471	0.0345844	0.335535	0.0404369	0.00294	0.014391	0.000807524	0.162444	0.290212	0.00714029	0.00845475	0.00621021	0.00128145	0.0169785
33	0.00934181	0.000817588	0.400383	0.419851	0.00140136	0.00127931	0.00143239	0.00214643	0.0279605	0.00917372	0.0011741	0.0260144	0.000766985	0.0538638	0.00148017	0.0145712	0.0185367	0.00806534	0.000371637	0.00136915
34	0.114346	0.0107776	0.0243717	0.00811786	0.00365883	0.00748069	0.00243333	0.171221	0.00489372	0.0229448	0.00708339	0.0230006	0.00290095	0.00355429	0.0326852	0.016952	0.052584	0.435098	0.000708212	0.055187
35	0.0121232	0.00392754	0.00141859	0.00544001	0.117579	0.000721749	0.00411366	0.154628	0.00249035	0.440508	0.072405	0.0023193	0.000311179	0.00536056	0.00164995	0.00504287	0.0237051	0.129644	0.000711845	0.0159007
36	0.00246208	0.00131595	0.000899657	0.00137679	0.00110961	0.000721965	0.0028356	0.314489	0.00141142	0.0211916	0.00862264	0.00672881	0.00055498	0.00326886	0.00102886	0.00598109	0.00980519	0.610973	0.00028053	0.00494314
37	0.107044	0.0353135	0.00418509	0.0178332	0.00213224	0.0169828	0.0013872	0.170484	0.00256124	0.00616795	0.0028138	0.018669	0.000991691	0.00244191	0.00617068	0.0485056	0.0173761	0.522202	0.000353103	0.0163848
38	0.0230271	0.00955662	0.000551071	0.000781739	0.0114645	0.000618647	0.00575385	0.452718	0.000789597	0.149921	0.0378529	0.000890733	0.000313303	0.00103481	0.000566699	0.00284808	0.00902558	0.285654	0.000120346	0.00651164
39	0.114848	0.00742546	0.0354012	0.0416727	0.013823	0.388183	0.0102841	0.0264562	0.033612	0.0215305	0.012305	0.0336762	0.00746162	0.0158776	0.0166216	0.0795731	0.0959894	0.0304955	0.00183933	0.0129245
40	0.0565109	0.017987	0.00406869	0.0156969	0.00543765	0.00558072	0.00328226	0.235113	0.0112392	0.0317418	0.0123349	0.0128737	0.0312803	0.00971621	0.00467892	0.0670485	0.184088	0.277602	0.00086775	0.0128519
41	0.202733	0.00539896	0.0289287	0.0255718	0.00572061	0.559079	0.00451894	0.0143467	0.0203767	0.00694779	0.0132405	0.0151229	0.00210366	0.00384034	0.00384818	0.051301	0.0151099	0.0179189	0.000730755	0.00316101
42	0.052614	0.00153151	0.0501213	0.0554796	0.00636937	0.57578	0.00632944	0.0102935	0.07891	0.00891089	0.00312674	0.0404759	0.0035331	0.0197472	0.0184053	0.0393218	0.0120682	0.0112429	0.00128007	0.00445957
43	0.124914	0.0178254	0.0166393	0.028563	0.0126565	0.0311343	0.0122554	0.0817343	0.0340926	0.0414156	0.0146565	0.0284098	0.0149426	0.0224211	0.0204258	0.207362	0.0818352	0.189207	0.00296822	0.0165423
44	0.0103459	0.00133608	0.00245964	0.00543584	0.558463	0.00635393	0.0037467	0.0107623	0.0121819	0.0271007	0.0146589	0.0103855	0.0008203	0.00763399	0.00270148	0.00527517	0.00358531	0.0050472	0.0142041	0.297502
45	0.0151087	0.00703192	0.000614522	0.00262857	0.0780896	0.000580432	0.0048817	0.118624	0.00292663	0.574669	0.101534	0.00199485	0.000177194	0.00508124	0.00159426	0.00342155	0.0201521	0.0549824	0.000336161	0.00557068
46	0.07531	0.00196903	0.043596	0.0425585	0.00584135	0.676224	0.0044314	0.00982188	0.0308097	0.00608655	0.00549797	0.0233629	0.00130945	0.00533618	0.00486672	0.0396076	0.00893883	0.0101597	0.000551977	0.00372031
47	0.426756	0.0457098	0.00429829	0.00265332	0.027123	0.0752216	0.00216921	0.0470658	0.00556529	0.0191083	0.0359048	0.00821802	0.00148875	0.00332781	0.0055369	0.17768	0.0602063	0.0363071	0.000441671	0.0152182
48	0.00445211	0.00462347	0.00515688	0.00432906	0.00167976	0.00139863	0.0210124	0.0175166	0.473672	0.0102992	0.00185836	0.0102014	0.000790928	0.0605696	0.341093	0.0242742	0.00688481	0.00429736	0.00081788	0.00507295
49	0.676473	0.0145706	0.000696682	0.00108287	0.000792009	0.0190715	0.00331482	0.00411204	0.00131991	0.0013122	0.0157672	0.00108195	0.00321921	0.000844174	0.000848455	0.183244	0.0363816	0.0347819	0.000212382	0.00087401
50	0.433195	0.0570364	0.00143653	0.00619553	0.0202211	0.0313144	0.00112034	0.0467217	0.00468622	0.0643889	0.0218254	0.00227805	0.00071835	0.00157535	0.00142557	0.0286869	0.0312509	0.240554	0.000371934	0.00499747
51	0.0075129	0.000779546	0.00991551	0.00396493	0.0641677	0.000991459	0.00477804	0.239549	0.00554624	0.289122	0.0680012	0.0139051	0.000709281	0.00379934	0.00854538	0.00426949	0.0170992	0.207907	0.000834639	0.0486026
52	0.00956641	0.00084674	0.39963	0.419949	0.00139736	0.00133265	0.00154541	0.00214617	0.027996	0.00914347	0.00117784	0.0261587	0.000782149	0.053952	0.00147996	0.01462	0.0184781	0.00806159	0.00037217	0.00136501
53	0.0147087	0.0297116	0.00606639	0.00904544	0.0696477	0.00616944	0.0306746	0.0630801	0.0346339	0.151748	0.0609429	0.009348	0.24378	0.00775469	0.00721534	0.0133311	0.0663967	0.166403	0.00208375	0.00725735
54	0.0622155	0.00133102	0.051934	0.331875	0.00214882	0.00384825	0.00627412	0.0188464	0.127543	0.043599	0.00677633	0.0242989	0.0139566	0.159356	0.0567979	0.0158148	0.0447815	0.0220943	0.00443063	0.00207824
55	0.0228923	0.00940813	0.000521719	0.000744865	0.0130005	0.00045364	0.00557279	0.444418	0.000866457	0.158989	0.042297	0.000910773	0.000287438	0.000861058	0.000710587	0.00275794	0.00835738	0.279742	0.00012145	0.00708782
56	0.00690912	0.00166377	0.00541164	0.0047251	0.0876059	0.000759275	0.00826807	0.230624	0.00328694	0.288142	0.0524566	0.00743357	0.000445392	0.00362079	0.00410786	0.00474082	0.0155735	0.201154	0.00167061	0.0714006
57	0.0104581	0.000661036	0.00109852	0.00233458	0.66094	0.00241839	0.000813619	0.00413096	0.00428453	0.0247753	0.00854728	0.0082464	0.000504444	0.0048084	0.00111898	0.00193331	0.00209615	0.00345181	0.00172783	0.25565
58	0.567125	0.0440799	0.00196491	0.0186774	0.010212	0.0143925	0.00215583	0.0492803	0.00408956	0.0601471	0.0114113	0.00282194	0.00114839	0.00224073	0.00205954	0.0146156	0.0151468	0.166756	0.000614812	0.0110604
59	0.0574585	0.00239937	0.0447914	0.102135	0.00665713	0.56548	0.00735813	0.0134274	0.0393473	0.0128026	0.00525273	0.0326395	0.00550814	0.0154938	0.0116072	0.0420633	0.0130424	0.0143698	0.000774204	0.00739217
60	0.00821318	0.00234086	0.0044242	0.0235094	0.0209835	0.00454223	0.222969	0.00751198	0.00751441	0.00764958	0.0044728	0.317556	0.039307	0.117877	0.0308464	0.0449866	0.06838	0.00729713	0.00107791	0.0585399
61	0.044646	0.0251459	0.058313	0.00486456	0.00535329	0.0205138	0.135447	0.00628286	0.03096	0.0169209	0.00345252	0.148624	0.00992711	0.0945902	0.00739205	0.323095	0.0253035	0.0078458	0.000867486	0.0304553
62	0.0171029	0.00705781	0.00046537	0.00274874	0.0802309	0.000743486	0.00475331	0.117712	0.00301953	0.570138	0.105808	0.00180224	0.000188107	0.00517697	0.000952236	0.00342299	0.0197185	0.0535327	0.000338588	0.00508783
63	0.133761	0.00188225	0.0832788	0.0866999	0.00275965	0.0445584	0.00688396	0.0413494	0.0761585	0.0124085	0.00259841	0.157356	0.00620419	0.0229708	0.00741831	0.274744	0.012537	0.0225348	0.000789068	0.00310725
64	0.163791	0.0025543	0.0359876	0.0994513	0.00464893	0.225644	0.00447413	0.00902454	0.00736159	0.00917753	0.00408236	0.0484416	0.106692	0.00642563	0.0047257	0.221502	0.0091414	0.0303671	0.00138616	0.00512126
65	0.0280667	0.00146812	0.081115	0.0515578	0.0093752	0.0489978	0.00685949	0.0155808	0.0493147	0.00592915	0.00219275	0.058627	0.0120816	0.0180057	0.0617256	0.232219	0.300841	0.0138562	0.000440962	0.00174491
66	0.171738	0.00679546	0.0525862	0.112711	0.00762994	0.0124022	0.0159514	0.013564	0.040166	0.0248918	0.00846813	0.0694771	0.00576967	0.0622935	0.0161279	0.126765	0.0851261	0.0191131	0.00222595	0.146198
67	0.0146662	0.006873	0.00042741	0.00263427	0.0807945	0.000553235	0.00542179	0.116287	0.00259104	0.579256	0.100611	0.00159864	0.000153932	0.00505884	0.000964778	0.00335447	0.0201549	0.0532269	0.000355226	0.00501692
68	0.152823	0.00882094	0.031898	0.00481731	0.0184884	0.0196045	0.075179	0.0148358	0.0624279	0.0255463	0.00200849	0.0943343	0.00262088	0.09611	0.0343031	0.216676	0.0327066	0.0291221	0.000751353	0.0769263
69	0.0867255	0.00286423	0.162284	0.34037	0.00123985	0.0305377	0.0490106	0.00651097	0.0534083	0.00613749	0.00334954	0.0515355	0.0106905	0.0942404	0.0312473	0.0494953	0.0136329	0.00500173	0.00035184	0.00136565
70	0.0156107	0.0103804	0.00458688	0.00761515	0.00806351	0.0039874	0.00421714	0.0949297	0.0511288	0.45878	0.0139874	0.00754705	0.00274718	0.0251263	0.00767771	0.0095972	0.0301905	0.236123	0.00164553	0.00605847
71	0.0153974	0.0072691	0.000440525	0.00289586	0.0812431	0.000505368	0.00483578	0.114295	0.00283407	0.576914	0.102312	0.00176777	0.000143492	0.00543477	0.000898311	0.0032327	0.0200295	0.0541049	0.000340289	0.0051066
72	0.0928393	0.00260674	0.174779	0.355395	0.000658691	0.0279574	0.0326072	0.00623202	0.0514375	0.00456353	0.00342536	0.0506474	0.0124189	0.0964465	0.0283042	0.0402043	0.0142565	0.00417125	0.000192315	0.000857074
73	0.0537366	0.0170378	0.0104066	0.0211735	0.087719	0.00150402	0.00676144	0.0841039	0.0114101	0.249444	0.0437774	0.00363937	0.000850747	0.00490313	0.00778097	0.0273709	0.0204948	0.0736109	0.0138408	0.260434
74	0.0224168	0.0203414	0.00147738	0.0017807	0.00702202	0.000967399	0.00354261	0.287607	0.00776203	0.362476	0.0226236	0.00196073	0.00059735	0.00431578	0.00119719	0.00357396	0.00919979	0.236077	0.000418193	0.00464295
75	0.0359561	0.00158647	0.111787	0.173762	0.00698672	0.048875	0.0155579	0.00593153	0.294386	0.0145575	0.00268765	0.0632051	0.00465223	0.0645569	0.0613093	0.0509045	0.0159797	0.024244	0.000506151	0.00256848
76	0.0370953	0.00207107	0.131416	0.214911	0.00612771	0.0319825	0.0209337	0.00666876	0.203027	0.0147072	0.00248912	0.0932947	0.00716129	0.0696091	0.0674887	0.0544915	0.0188401	0.0137048	0.000594144	0.003386
77	0.00996928	0.00521507	0.00297541	0.0043137	0.548897	0.00261297	0.00262049	0.100464	0.00421514	0.00900877	0.0242419	0.00416011	0.0135146	0.00422376	0.00306644	0.00601896	0.00770166	0.102009	0.0899105	0.0548616
78	0.356658	0.0662945	0.00749324	0.00325364	0.0583753	0.110292	0.00218287	0.0345262	0.00673987	0.0317135	0.0337973	0.0123918	0.00101431	0.00683086	0.00901717	0.127487	0.0569695	0.0333844	0.000536181	0.0410423
79	0.021902	0.00915827	0.000537822	0.000798227	0.0114825	0.000493817	0.0059639	0.459706	0.000796153	0.151087	0.0362913	0.000870489	0.00029588	0.00113265	0.000579958	0.0027821	0.00923407	0.280256	0.000132724	0.00649985
80	0.0770735	0.0302621	0.00423858	0.0147398	0.00433878	0.0116493	0.00200258	0.206193	0.00309401	0.0128477	0.00604317	0.0273674	0.00191453	0.00391856	0.00566904	0.0364103	0.0208489	0.517487	0.000676313	0.0132255
81	0.00535567	0.00199862	0.00104333	0.00169237	0.0011997	0.00102944	0.00276755	0.305199	0.00141463	0.0204418	0.00921806	0.00769649	0.000554948	0.00314967	0.00137293	0.00747597	0.00991897	0.612341	0.000263692	0.00586542
82	0.0406973	0.0117543	0.00488688	0.0104609	0.0084373	0.00521305	0.00579239	0.296569	0.00659772	0.056157	0.0163912	0.0104373	0.0194968	0.0075807	0.00665534	0.0268483	0.117119	0.333981	0.000810128	0.0141136
83	0.122494	0.0118352	0.0451581	0.0324262	0.0161319	0.0413818	0.0185517	0.0297765	0.0407078	0.0268977	0.0156451	0.0456366	0.00994582	0.0302304	0.0188994	0.335596	0.0963582	0.0398059	0.00361349	0.0189086
84	0.050716	0.00483966	0.036331	0.0617884	0.0165838	0.0295807	0.0147652	0.0205926	0.369894	0.0262123	0.00730231	0.0426174	0.00915585	0.0647001	0.122291	0.0487068	0.0234566	0.0273774	0.00374841	0.01934
85	0.0946292	0.0131408	0.042447	0.0390249	0.0146199	0.044433	0.0189064	0.0271748	0.0450007	0.0298783	0.0139099	0.0584582	0.0168269	0.0348233	0.0255724	0.324409	0.0977861	0.0380037	0.003739	0.0172166
86	0.0727119	0.00177003	0.0458454	0.0398744	0.00495419	0.67425	0.00382307	0.00890027	0.0303256	0.00475439	0.00395216	0.0330714	0.00124018	0.00900798	0.00365011	0.0398809	0.0106545	0.00866072	0.000493728	0.0021795
87	0.0271138	0.00247814	0.064617	0.0528982	0.0089169	0.0736871	0.00819247	0.0227558	0.0421082	0.00846104	0.00351032	0.0556604	0.0122977	0.015816	0.0596542	0.245294	0.279936	0.0126728	0.000967544	0.0029622
88	0.034219	0.00722306	0.196023	0.0801244	0.0105183	0.0220923	0.0215773	0.0297145	0.0514981	0.0273329	0.00832121	0.105297	0.014036	0.0290192	0.0241546	0.100229	0.191696	0.0315223	0.00209451	0.0133086
89	0.0148056	0.00696845	0.000437531	0.00269766	0.0824716	0.000492934	0.0050327	0.114399	0.00266615	0.579027	0.100255	0.00167436	0.000157084	0.00507104	0.00103654	0.00333655	0.020228	0.0536073	0.00039879	0.00523725
90	0.0732172	0.00515436	0.116437	0.321174	0.0181583	0.0300733	0.01904	0.029979	0.0722246	0.0291834	0.00997751	0.0407803	0.0142014	0.0661489	0.0307492	0.0385409	0.0375877	0.0275509	0.00482688	0.0149958
91	0.0230711	0.0104012	0.00879045	0.0274178	0.00823517	0.00867037	0.00671566	0.154166	0.0177694	0.0159203	0.00799801	0.0131233	0.111796	0.0101432	0.0148572	0.137134	0.326164	0.089327	0.00171993	0.00657909
92	0.663014	0.013505	0.00117367	0.00153123	0.00118379	0.0322141	0.00506031	0.00492701	0.00169603	0.00179916	0.0157864	0.00148381	0.00313731	0.0013704	0.00127381	0.182844	0.0337663	0.0325461	0.000288811	0.00139864
93	0.0241234	0.00980177	0.000890761	0.00104924	0.0132757	0.000625668	0.00547852	0.424426	0.00160033	0.168554	0.0397276	0.00117438	0.000380438	0.00139575	0.000906573	0.00298768	0.00892717	0.287393	0.000145799	0.00713673
94	0.655583	0.0146534	0.00130161	0.00158539	0.000973273	0.0211167	0.00346077	0.00413344	0.00180715	0.0025729	0.0150019	0.00244343	0.00310053	0.000993623	0.00103937	0.188482	0.0435418	0.0369057	0.000275263	0.00102898
95	0.0191599	0.00372019	0.00662364	0.00894349	0.506205	0.00790794	0.00975596	0.0409768	0.0116914	0.0595758	0.0287691	0.0165524	0.00415314	0.0124902	0.00750626	0.0121938	0.0106879	0.0349361	0.0298671	0.168284
96	0.0276189	0.00374168	0.0222064	0.0379362	0.0068541	0.00912751	0.0632318	0.0247971	0.272497	0.0299555	0.00775661	0.0349685	0.00305577	0.135483	0.238742	0.0301241	0.0178305	0.0130817	0.00265191	0.0183397
97	0.00617818	0.000744186	0.00463563	0.00675607	0.106982	0.000711427	0.00404913	0.216588	0.00285762	0.30183	0.0521552	0.00638587	0.00042084	0.00528936	0.00345217	0.00540123	0.0233902	0.211913	0.00113007	0.0391305
98	0.0108129	0.00458998	0.00114541	0.00307002	0.213366	0.00144818	0.00344202	0.100709	0.00299967	0.509144	0.0600724	0.00274439	0.000548004	0.00392509	0.00155995	0.00455748	0.0129667	0.0497367	0.0015619	0.0116008
99	0.0107405	0.00151365	0.00646394	0.0324448	0.0382977	0.00639057	0.0181979	0.00538624	0.202952	0.0709845	0.00365206	0.0192689	0.00342467	0.0127198	0.426441	0.0223543	0.00593258	0.0284348	0.0141087	0.0702911
100	0.102578	0.00159319	0.143587	0.290111	0.00214864	0.0356823	0.0197531	0.00705012	0.114112	0.0079038	0.00194523	0.0556147	0.00579534	0.087182	0.0274182	0.0608724	0.0256352	0.00981096	0.000158996	0.00104856
101	0.0698073	0.00792088	0.0057435	0.0454649	0.082935	0.00213103	0.0244952	0.03845	0.0348986	0.354979	0.0844914	0.0157346	0.00366503	0.0164684	0.0228824	0.00899137	0.0101673	0.0325518	0.0235915	0.11463
102	0.0192942	0.0154429	0.000870339	0.00261557	0.0559711	0.000666882	0.00376158	0.111975	0.00338838	0.619699	0.0751093	0.00181312	0.000352816	0.00455478	0.000944974	0.00322233	0.0147642	0.0611092	0.000437686	0.00400657
103	0.0122448	0.00305997	0.00683276	0.431361	0.0535562	0.00508794	0.0331462	0.176676	0.034861	0.0126907	0.00640583	0.0086186	0.00361436	0.00695473	0.0343075	0.0124153	0.00933903	0.113874	0.00203659	0.0329174
104	0.0368222	0.00185261	0.129128	0.202751	0.00716146	0.0378597	0.0213389	0.00593291	0.236468	0.0163796	0.00102707	0.0823609	0.00217484	0.0670315	0.0621016	0.0518839	0.02032	0.0142964	0.00015225	0.00295646
105	0.0322768	0.0012955	0.0188267	0.051596	0.0058361	0.00417224	0.01357	0.0414043	0.282022	0.0591235	0.00388932	0.0224877	0.00171876	0.213745	0.167042	0.0197253	0.0148595	0.0154172	0.00183637	0.0291554
106	0.036431	0.0127942	0.0262187	0.0501673	0.102789	0.00493401	0.00912927	0.0893555	0.0150546	0.143357	0.0561568	0.00767175	0.00243835	0.0316237	0.0321753	0.018145	0.0398714	0.116065	0.00700917	0.198612
107	0.0490581	0.00136648	0.0660507	0.113492	0.00544791	0.456806	0.0158301	0.00825581	0.106448	0.00877479	0.00171168	0.0402979	0.00252345	0.0274276	0.0226426	0.0462479	0.0120794	0.0106827	0.000473562	0.00438355
108	0.0325992	0.00120284	0.0313333	0.0704169	0.00529543	0.0277649	0.00334699	0.007274	0.485956	0.0168414	0.00622037	0.0119053	0.0162337	0.0426859	0.076773	0.05749	0.00581293	0.0960869	0.00144895	0.00331209
109	0.0932043	0.00259328	0.175305	0.354698	0.000658511	0.0281103	0.0324217	0.00627441	0.0517842	0.00450335	0.00337261	0.0505936	0.012365	0.0959996	0.0281213	0.040496	0.0142937	0.00416433	0.000189482	0.000851396
110	0.068628	0.00157563	0.0200947	0.311975	0.00296855	0.265963	0.00440026	0.0188909	0.0534976	0.0382212	0.0155917	0.0574016	0.00154417	0.0315725	0.0327947	0.0300791	0.00620236	0.0190673	0.000785015	0.0187462
111	0.281549	0.00777291	0.0119519	0.0582846	0.00896579	0.00967699	0.10612	0.0663031	0.0167836	0.0203529	0.00942025	0.017848	0.00621419	0.0155915	0.0118644	0.163528	0.0211314	0.110644	0.00241514	0.0535824
112	0.0958243	0.000611782	0.018411	0.0151004	0.00952452	0.0391238	0.0058599	0.00475475	0.391688	0.003163	0.003501	0.0628678	0.0127073	0.0514914	0.176823	0.0590875	0.0237765	0.00973869	0.0100855	0.00585995
113	0.0368222	0.00185261	0.129128	0.202751	0.00716146	0.0378597	0.0213389	0.00593291	0.236468	0.0163796	0.00102707	0.0823609	0.00217484	0.0670315	0.0621016	0.0518839	0.02032	0.0142964	0.00015225	0.00295646
114	0.00730482	0.00164353	0.00298793	0.020229	0.0486211	0.00268969	0.0268369	0.00615296	0.137442	0.10552	0.00395504	0.011214	0.00130861	0.00419734	0.459168	0.0133212	0.00484288	0.0444152	0.00852184	0.0896283
115	0.0489355	0.00728296	0.00471868	0.00719559	0.0386747	0.00577472	0.00497131	0.270839	0.00593591	0.123294	0.0281342	0.00876228	0.00761022	0.00667679	0.00733023	0.0197601	0.127521	0.240406	0.000779595	0.0353973
116	0.0355796	0.0161363	0.00360754	0.00506798	0.314351	0.0028155	0.00302092	0.198189	0.0046068	0.0169137	0.0355254	0.00473796	0.005235	0.00462215	0.00361675	0.00688295	0.00585341	0.2236	0.0208639	0.0887745
117	0.200199	0.041529	0.00342607	0.0107779	0.00758297	0.0142869	0.00138654	0.122809	0.00431613	0.0314162	0.00928007	0.011399	0.00109817	0.00376041	0.00550814	0.043233	0.061099	0.415272	0.000394043	0.0112263
118	0.0165173	0.0153621	0.00321903	0.0351893	0.00375097	0.00485474	0.00310008	0.285511	0.0170394	0.0111226	0.00589457	0.00631209	0.109153	0.00521405	0.00335675	0.0494861	0.170491	0.245534	0.00113278	0.00775972
119	0.0524387	0.0124746	0.00695624	0.0156276	0.0107957	0.0071664	0.00580327	0.240302	0.0109623	0.0493065	0.0195904	0.015542	0.0291008	0.00958994	0.00895347	0.0435736	0.189653	0.252831	0.00124582	0.0180877
120	0.0446325	0.00920462	0.168292	0.0327101	0.0104948	0.064388	0.00976873	0.0155047	0.0299828	0.0439968	0.00724331	0.077569	0.0140048	0.015787	0.023872	0.219078	0.180409	0.0222105	0.00209052	0.00876077
121	0.107804	0.000711387	0.0173946	0.0178926	0.0116534	0.04019	0.00533581	0.00646609	0.392719	0.0035855	0.00362837	0.0535545	0.0167008	0.0433931	0.176523	0.061071	0.0188563	0.00907059	0.00825764	0.0051919
122	0.169458	0.00142614	0.0414221	0.215996	0.00213232	0.0177632	0.0234601	0.00785387	0.177521	0.0108151	0.00185114	0.0543931	0.000858012	0.10096	0.0154328	0.0841094	0.0394896	0.032533	0.000379173	0.00214591
123	0.0058478	0.00808233	0.00214131	0.00819814	0.00169436	0.00154697	0.0156072	0.0102024	0.587654	0.00396916	0.00175091	0.0141344	0.000947813	0.0384815	0.23167	0.0473943	0.00840188	0.00914378	0.000641506	0.00248985
124	0.096405	0.00326026	0.0417079	0.042608	0.00674204	0.593995	0.0055076	0.0125319	0.0295632	0.0086877	0.00663856	0.0294558	0.00442003	0.00849075	0.00653371	0.0681555	0.0162816	0.0135598	0.000749916	0.00470536
125	0.198022	0.00640842	0.00535105	0.0347553	0.00365082	0.012905	0.0110572	0.0243262	0.0502952	0.0861188	0.00405878	0.00811688	0.00182309	0.00907655	0.0261212	0.159205	0.171294	0.18248	0.00107035	0.00386467
126	0.158886	0.0216916	0.00645095	0.0147145	0.0427367	0.0121729	0.00787362	0.116027	0.0152716	0.274034	0.050931	0.0104937	0.00603495	0.00967099	0.0104192	0.0276377	0.0345791	0.150289	0.00237014	0.0277144
127	0.00630165	0.00162291	0.00284466	0.0203909	0.0482063	0.00270153	0.0273305	0.00510728	0.139835	0.10132	0.00245649	0.0111764	0.00130723	0.00406015	0.466557	0.0135077	0.00463587	0.0433902	0.00863022	0.0886178
128	0.0697753	0.00167378	0.111977	0.203546	0.00598058	0.0326237	0.0167124	0.00965239	0.199602	0.0201292	0.00172577	0.0730843	0.00183335	0.0921329	0.0550135	0.055763	0.0278696	0.0177232	0.00070312	0.00247892
129	0.0225623	0.00991114	0.00109928	0.00867375	0.08503	0.000596991	0.00629438	0.104646	0.00512925	0.535453	0.101291	0.0041404	0.000407029	0.00741145	0.00291603	0.00451841	0.0203627	0.0538789	0.00221307	0.0234646
130	0.677042	0.0144923	0.000698879	0.00108535	0.000764046	0.0186862	0.00332778	0.00404362	0.00130151	0.00127937	0.0155947	0.00106656	0.00324185	0.000842877	0.000850956	0.183646	0.0362417	0.0347279	0.000212974	0.000853314
131	0.00658054	0.00184713	0.36794	0.0464105	0.00335277	0.00293162	0.00410471	0.0325363	0.0801721	0.0188302	0.00256223	0.1497	0.00204185	0.0178309	0.0165242	0.00719214	0.200637	0.0342821	0.00125984	0.00326488
132	0.20173	0.0014643	0.0664749	0.192611	0.00116623	0.00999203	0.00611486	0.00999979	0.180603	0.0159989	0.00176592	0.0628928	0.000370906	0.0910551	0.0271356	0.0662415	0.0432395	0.0196752	0.000234145	0.00123372
133	0.0179904	0.00256065	0.0100158	0.0992814	0.00624948	0.0051212	0.0671735	0.033666	0.0905765	0.0163322	0.0298172	0.165246	0.00482701	0.210338	0.092975	0.0400356	0.0130841	0.0345679	0.00381435	0.056328
134	0.0902433	0.00216511	0.143478	0.35313	0.00102785	0.0247226	0.0299268	0.00696938	0.0596268	0.0103186	0.00390524	0.0445442	0.0175593	0.109576	0.0390761	0.0334043	0.0225683	0.00599383	0.000738573	0.0010254
135	0.0224278	0.0162698	0.00581899	0.0527523	0.0177936	0.00586845	0.0175622	0.0434238	0.0356775	0.0200359	0.0160369	0.00754509	0.00430052	0.00536228	0.0476481	0.226765	0.443565	0.00689554	0.000880689	0.00336988
136	0.0134271	0.00318981	0.00221015	0.00565333	0.365715	0.00181797	0.00395847	0.0560433	0.00470858	0.317622	0.0412263	0.018508	0.000909128	0.00477558	0.00288687	0.00605165	0.011136	0.0331949	0.0108315	0.0961349
137	0.0129211	0.0180723	0.00328163	0.0427664	0.00362205	0.00392083	0.00299736	0.279396	0.0201675	0.00863235	0.00440957	0.00615365	0.120908	0.00552493	0.00331683	0.0547305	0.162358	0.24031	0.00120049	0.00531106
138	0.0031513	0.00150026	0.000939197	0.00141537	0.00107497	0.000745499	0.00298073	0.329451	0.00141247	0.02311	0.00828047	0.00626552	0.000536788	0.00335251	0.00102152	0.00582313	0.0102397	0.593774	0.000279443	0.0046461
139	0.0502484	0.00324389	0.0787283	0.221486	0.00859355	0.0156687	0.0114776	0.0744778	0.0190329	0.0430311	0.0123237	0.0213125	0.261701	0.0392447	0.00788307	0.0404587	0.0267695	0.0181042	0.00218948	0.0440249
140	0.00947692	0.0056988	0.305134	0.0552985	0.00270651	0.00722947	0.0351826	0.00426152	0.0385174	0.00557318	0.00209621	0.235301	0.0338405	0.0116242	0.00253066	0.131092	0.102652	0.00416314	0.000763582	0.00685705
141	0.00900103	0.00126878	0.506558	0.00275015	0.00141373	0.0436855	0.00134679	0.00241407	0.00266048	0.0026894	0.00129536	0.328694	0.0100742	0.00196452	0.00139836	0.0727737	0.00563722	0.00257544	0.000370332	0.00142872
142	0.00328335	0.00161322	0.000853725	0.0013616	0.00160137	0.000697964	0.00300891	0.331125	0.00138063	0.0266095	0.00953029	0.0061648	0.000527085	0.00316466	0.000967633	0.00558111	0.0101306	0.587428	0.000269246	0.00470154
143	0.0495705	0.00127087	0.0618733	0.0419177	0.00525965	0.675899	0.00446014	0.00914339	0.0347211	0.00493314	0.00195016	0.0378732	0.00144664	0.00851468	0.00381583	0.037478	0.00935473	0.00759163	0.000413354	0.00251316
144	0.0592145	0.00164848	0.0476439	0.0820501	0.00661126	0.600461	0.00578593	0.0130723	0.0363581	0.0119886	0.00434293	0.0322472	0.0063591	0.0131392	0.00806043	0.0430066	0.0100332	0.0119142	0.000999214	0.00506343
145	0.0453452	0.00623403	0.0252612	0.0494072	0.0282555	0.0182937	0.0244894	0.0310249	0.184538	0.0602659	0.013645	0.0318005	0.00793827	0.0530087	0.272978	0.0384009	0.0285217	0.0368206	0.0062222	0.0375491
146	0.00861086	0.000778047	0.00122749	0.00381549	0.604893	0.00482895	0.00107756	0.00579124	0.0102384	0.0144423	0.00453076	0.00752524	0.000542148	0.00405265	0.00138743	0.00212432	0.00188405	0.00210579	0.00246482	0.317679
147	0.0248677	0.0061073	0.0210465	0.0237353	0.00841466	0.0189792	0.00791659	0.0147956	0.0220544	0.0141906	0.00765802	0.0271839	0.00561971	0.0373726	0.0200104	0.448824	0.262862	0.0181642	0.00164999	0.00854786
148	0.0796073	0.0147743	0.00352806	0.00721086	0.00516499	0.00559187	0.00181276	0.230651	0.00511547	0.0348295	0.0153786	0.0143621	0.00868922	0.00670732	0.00630434	0.0446569	0.200805	0.295553	0.000520813	0.0187361
149	0.0142806	0.00647433	0.000617823	0.00267225	0.0888871	0.000569225	0.00487203	0.119638	0.00257308	0.564109	0.0986046	0.00173743	0.000189587	0.00490089	0.00109086	0.00334179	0.0193758	0.0582547	0.00045277	0.00735797
150	0.00451526	0.00135041	0.00247016	0.00363237	0.00221149	0.00201026	0.00204273	0.00524972	0.00349292	0.00426907	0.00210487	0.00324332	0.00150102	0.00437211	0.00261424	0.263533	0.684752	0.00386576	0.000610854	0.00215895
151	0.176655	0.00159899	0.00305671	0.00506837	0.00296118	0.00252231	0.00951535	0.0116385	0.00403886	0.0102651	0.00288629	0.00414562	0.648834	0.00383652	0.00307911	0.0494451	0.0204112	0.0361798	0.000772896	0.00308872
152	0.146891	0.0265296	0.00820457	0.0190858	0.00705194	0.0185721	0.00555362	0.161725	0.0122313	0.0258012	0.00990025	0.0197599	0.00425178	0.00929456	0.00986542	0.0823813	0.0555996	0.361097	0.00104924	0.0151544
153	0.0762044	0.00173547	0.0425026	0.0424039	0.00533498	0.673445	0.00431249	0.0100797	0.0305296	0.00616022	0.0046981	0.0288595	0.00154048	0.00723566	0.00309655	0.0384311	0.00988869	0.0102851	0.000540578	0.00271595
154	0.0146066	0.00661559	0.000768502	0.00273408	0.0807752	0.000658967	0.00497814	0.127932	0.0027007	0.555124	0.0988908	0.00200638	0.000185597	0.0049134	0.00134693	0.0033351	0.0195257	0.0650522	0.00039925	0.00745007
155	0.0105396	0.00447109	0.00113483	0.00362025	0.186626	0.00099465	0.0037162	0.114693	0.0027413	0.493146	0.0640726	0.00243659	0.000415554	0.00421346	0.00168027	0.00415878	0.0149487	0.07133	0.0017445	0.0133173
156	0.127262	0.00515961	0.0138799	0.0338743	0.00971685	0.00659142	0.0114258	0.0318309	0.0282563	0.0810868	0.00925505	0.0135795	0.426993	0.0224777	0.0101753	0.0402592	0.0241304	0.0950276	0.00170267	0.00731592
157	0.101344	0.00314396	0.00223317	0.00342053	0.0683333	0.0102722	0.00211998	0.2442	0.0100728	0.23477	0.188081	0.00395365	0.00104562	0.00308398	0.00819485	0.00925827	0.0130903	0.0759984	0.00109978	0.0162837
158	0.192728	0.0146859	0.00529163	0.00737939	0.0333491	0.0460712	0.0042651	0.181868	0.0385034	0.146788	0.110428	0.0101759	0.00224073	0.00697584	0.0262652	0.0227949	0.0260195	0.101597	0.00163841	0.0209347
159	0.33012	0.0804719	0.00187608	0.00425146	0.0285885	0.01549	0.00163345	0.0246894	0.00408904	0.0740878	0.0185573	0.00315251	0.000981706	0.00230408	0.00187909	0.0155914	0.0398627	0.348326	0.000707551	0.00333964
160	0.676382	0.014583	0.000696803	0.00108764	0.000763122	0.0191875	0.00330902	0.00414296	0.0013153	0.00126927	0.0158284	0.00107131	0.00321876	0.00084158	0.000849942	0.183175	0.0364054	0.0348076	0.000212386	0.000853377
161	0.0413734	0.00130764	0.0585969	0.0514673	0.00485085	0.544352	0.00501058	0.00938355	0.072989	0.00932502	0.00340528	0.0931896	0.00159641	0.0332401	0.0110192	0.0363476	0.00990487	0.00881906	0.000724625	0.00309712
162	0.14129	0.0212159	0.00169396	0.00903669	0.0396612	0.0349345	0.00859961	0.397323	0.00247181	0.114054	0.0187707	0.00205871	0.00205204	0.00184662	0.00166842	0.00349891	0.0115759	0.126048	0.00704693	0.0551539
163	0.00834971	0.00102443	0.515208	0.00240058	0.00140057	0.0404359	0.00129284	0.00235754	0.0022991	0.00243478	0.001181	0.333179	0.0101459	0.00194083	0.00125861	0.0668605	0.00390047	0.00261316	0.000394212	0.00132222
164	0.0800863	0.00871088	0.00659172	0.00964149	0.0145221	0.0289921	0.006505	0.279515	0.00881207	0.0681807	0.0281552	0.00875292	0.0201482	0.00635296	0.0131648	0.0176177	0.106401	0.235922	0.00197123	0.0499565
165	0.0515639	0.0032767	0.140183	0.193884	0.00565462	0.02854	0.0178472	0.00760464	0.22163	0.0193605	0.00181445	0.0718271	0.00171901	0.0822587	0.0635863	0.0500596	0.0229606	0.013573	0.00030042	0.00235633
166	0.171562	0.00428651	0.0972653	0.17116	0.00103898	0.0044458	0.00676515	0.0114489	0.194877	0.01944	0.00472362	0.0471453	0.000713501	0.110563	0.0528078	0.0524731	0.0350605	0.0121637	0.000523674	0.00153564
167	0.0143335	0.00635803	0.000858493	0.00272075	0.0825423	0.000574213	0.00472336	0.123413	0.00266079	0.554016	0.101755	0.0022302	0.000176637	0.00488562	0.00140599	0.00336035	0.0189304	0.0670694	0.000378736	0.00760741
168	0.0155569	0.006363	0.000652319	0.00267049	0.0794729	0.00073661	0.00491641	0.130596	0.00269778	0.553679	0.103615	0.00184663	0.000167157	0.00488378	0.00115966	0.00348255	0.0192386	0.061223	0.000391155	0.00665099
169	0.12772	0.00207916	0.0774293	0.197173	0.00102862	0.0042016	0.00571389	0.01811	0.15718	0.0414329	0.00609284	0.0505031	0.00182903	0.143651	0.0627949	0.0424163	0.0366108	0.0188566	0.00305525	0.00212204
170	0.0670746	0.0015004	0.0445445	0.0431633	0.00565252	0.678579	0.00427241	0.00975311	0.0321583	0.00579663	0.00350794	0.0260298	0.0023879	0.00646775	0.00530638	0.0399646	0.00978414	0.00999769	0.000545964	0.00351363
171	0.392851	0.0608933	0.0104231	0.00485256	0.0649574	0.0697864	0.00218737	0.0353955	0.0069906	0.0476767	0.0385938	0.00848701	0.00116603	0.00714218	0.00752765	0.103489	0.0542763	0.0624968	0.00050405	0.0203035
172	0.204879	0.00168889	0.0398648	0.0968605	0.00435347	0.0135884	0.00334935	0.0319084	0.138447	0.0697805	0.00399446	0.0567318	0.00167668	0.113583	0.122302	0.0354817	0.0108558	0.0230172	0.00165494	0.0259823
173	0.158713	0.00335076	0.13249	0.167254	0.00130362	0.00775516	0.00599807	0.0092134	0.192918	0.0182609	0.00312934	0.046724	0.000603033	0.101444	0.0443712	0.0580777	0.0357681	0.010856	0.000335528	0.00143606
174	0.431039	0.0284681	0.00295115	0.00280226	0.0135483	0.235289	0.00185093	0.036892	0.0038439	0.0105625	0.068335	0.00427545	0.000995694	0.00314876	0.00314404	0.0842472	0.0381356	0.021061	0.000506028	0.00890431
175	0.040395	0.00188969	0.12953	0.203792	0.00714781	0.0379345	0.0202213	0.00643225	0.230046	0.0158805	0.000977549	0.0797792	0.00198231	0.0709619	0.059073	0.0537917	0.0224313	0.0149573	0.000147573	0.00263049
176	0.0145529	0.0025669	0.247354	0.0714245	0.00347487	0.00422363	0.0662062	0.010736	0.0506988	0.00719886	0.00279306	0.293827	0.0197062	0.0199873	0.00552272	0.0569178	0.10482	0.00673061	0.000822253	0.0104368
177	0.0679265	0.00153783	0.113977	0.117231	0.00439378	0.0242553	0.0137013	0.0809047	0.0189199	0.068729	0.0142009	0.0291365	0.229697	0.0749125	0.00302614	0.0646787	0.0274987	0.0158183	0.000732518	0.0287224
178	0.677465	0.0144576	0.000717639	0.00109767	0.000773003	0.0185657	0.00329741	0.00411726	0.00144047	0.00129823	0.0155191	0.0011195	0.00335566	0.000871562	0.000900687	0.183009	0.0359617	0.034974	0.000213821	0.00084435
179	0.0596167	0.0274016	0.00737859	0.0259221	0.0919783	0.00118515	0.00986641	0.0784524	0.00861452	0.232518	0.0772361	0.00358544	0.000808108	0.0062061	0.0115052	0.019228	0.0267763	0.0783263	0.0108632	0.222531
180	0.0127386	0.000941065	0.0225651	0.0430508	0.00798139	0.00117043	0.00488916	0.0525639	0.303282	0.100148	0.00154281	0.0102794	0.000587151	0.24926	0.109302	0.00581654	0.0204957	0.0216621	0.000402373	0.0313223
181	0.0310624	0.00786838	0.0114941	0.0454678	0.201737	0.0138746	0.0341273	0.0310971	0.0293809	0.0586658	0.0221691	0.031626	0.00329361	0.0276425	0.0255347	0.0286475	0.0161011	0.0238164	0.0201934	0.3362
182	0.639153	0.0154828	0.00118026	0.00262946	0.00225362	0.0274757	0.00361156	0.00747442	0.003226	0.00680349	0.0156946	0.00153046	0.00287341	0.00112367	0.0016347	0.171402	0.0457141	0.0490306	0.000283387	0.00142282
183	0.481327	0.0508337	0.00131729	0.00784017	0.0177808	0.0234217	0.00108019	0.046545	0.00420013	0.066069	0.0189305	0.00179651	0.000519448	0.00150418	0.00121602	0.020913	0.0255809	0.22417	0.000345629	0.00460884
184	0.236499	0.00486601	0.00261513	0.00423377	0.0406868	0.00829235	0.00299989	0.24524	0.00366025	0.169808	0.0173395	0.00358857	0.00177904	0.00250115	0.00233947	0.0045361	0.0731034	0.127054	0.00177162	0.0470862
185	0.179898	0.0858354	0.0212579	0.0360146	0.023542	0.026937	0.0178957	0.0384726	0.0504432	0.0382737	0.0204886	0.0334455	0.0104063	0.0522353	0.144035	0.0803112	0.0514259	0.0604322	0.00465619	0.0239938
186	0.0126364	0.0022822	0.00459801	0.0173509	0.0473426	0.00376712	0.24359	0.00696293	0.00777977	0.0192808	0.00424427	0.253934	0.0199713	0.102448	0.0360746	0.0567007	0.0360742	0.0068927	0.00113726	0.116932
187	0.142137	0.0212227	0.00176715	0.00926618	0.0401629	0.0348315	0.00843523	0.396464	0.00249546	0.11486	0.0185755	0.00207236	0.00198859	0.00187329	0.00161795	0.0034034	0.0114897	0.124108	0.00719075	0.0560394
188	0.0178403	0.00720972	0.0007444	0.00289619	0.0818828	0.000698732	0.00493882	0.111627	0.00309428	0.572478	0.106252	0.00231637	0.000148329	0.00537481	0.00102389	0.00345772	0.0195558	0.0527091	0.000377486	0.00537395
189	0.0385181	0.00196104	0.00492969	0.0503869	0.092161	0.00443768	0.128501	0.0059037	0.0086567	0.0965364	0.00413725	0.0667617	0.00164245	0.0141621	0.0445533	0.0332544	0.00637082	0.00673311	0.00317423	0.387218
190	0.0658016	0.0120286	0.0023845	0.00566499	0.00473962	0.00429638	0.0018913	0.236993	0.00519255	0.0369847	0.0165995	0.0145114	0.00832884	0.00714434	0.00368344	0.0538532	0.254849	0.246776	0.000696385	0.0175815
191	0.0528768	0.00595675	0.0444861	0.179066	0.0184072	0.0232992	0.0233343	0.0269251	0.129462	0.046542	0.0116273	0.042858	0.0102352	0.0701218	0.176775	0.0391977	0.0354165	0.0283443	0.00501506	0.0300536
