353	20
1	0.0807677	0.0156546	0.00497183	0.0456467	0.00329519	0.0287578	0.00409329	0.0426134	0.0911972	0.00625103	0.0155127	0.00320823	0.239644	0.0381717	0.0400006	0.0744265	0.111042	0.151333	0.000830024	0.00258232
2	0.0112796	0.00518638	0.377975	0.0435066	0.00515848	0.449501	0.00319032	0.00784146	0.00654545	0.00804501	0.00397489	0.0280688	0.0023754	0.00414628	0.00555223	0.0105539	0.00776877	0.0142536	0.00128864	0.00378775
3	0.104004	0.00421899	0.00290666	0.00198184	0.0035834	0.828765	0.000607231	0.00191401	0.000741439	0.0064856	0.000637436	0.00184755	0.00209697	0.000721105	0.00148782	0.0286514	0.00657992	0.00131226	0.000191974	0.00126549
4	0.00554123	0.0130947	0.00224486	0.271758	0.00208456	0.00364725	0.0129674	0.00475499	0.167972	0.0371488	0.0571357	0.00350045	0.00177539	0.104185	0.0927204	0.0275805	0.0759945	0.101598	0.00068303	0.0136135
5	0.00738953	0.0134658	0.00620055	0.0104339	0.0286273	0.00608087	0.0010051	0.15816	0.00175821	0.390972	0.122235	0.00521828	0.00289798	0.0137432	0.00537478	0.014831	0.0818999	0.127582	0.000397829	0.00172711
6	0.0419613	0.0110575	0.045827	0.0161657	0.00588377	0.0267315	0.0111077	0.0177977	0.026723	0.0149949	0.00880102	0.402542	0.0067275	0.0168229	0.0153819	0.264584	0.0353565	0.0210425	0.00282879	0.00766318
7	0.200011	0.0156985	0.00687031	0.00217557	0.0234616	0.0489736	0.0226087	0.116546	0.00379573	0.0734887	0.0668808	0.0131111	0.00142103	0.00416114	0.00248383	0.144824	0.128141	0.118768	0.000694189	0.00588409
8	0.0762019	0.716912	0.00304947	0.00312941	0.00352671	0.00454047	0.00260786	0.0100766	0.00342537	0.010608	0.00323836	0.00472429	0.00231119	0.00344607	0.00366082	0.100445	0.0293031	0.0141175	0.00100234	0.00367348
9	0.0114171	0.00128899	0.000777465	0.00490447	0.115229	0.00123276	0.143369	0.00318445	0.00109008	0.00189133	0.000937618	0.00964799	0.00343862	0.00117205	0.0111857	0.00268947	0.00809687	0.00658518	0.0705453	0.601317
10	0.043912	0.0162908	0.0389769	0.0889417	0.0264471	0.0201758	0.0229415	0.0549694	0.0251559	0.112953	0.101377	0.247427	0.0100926	0.0246107	0.0281191	0.0477761	0.0323827	0.0369188	0.00290998	0.0176216
11	0.20793	0.310574	0.00544966	0.00207084	0.010071	0.0122165	0.00156356	0.0370202	0.0025203	0.0783092	0.00286362	0.00283571	0.00147875	0.00243507	0.00588528	0.123656	0.0731776	0.109575	0.00081751	0.00954973
12	0.0035054	0.0016704	0.000809014	0.000869399	0.00751943	0.000971915	0.000814829	0.202523	0.0009086	0.37573	0.0216101	0.0010977	0.00424162	0.00365931	0.000919272	0.00188037	0.00679938	0.362661	0.000250021	0.00155901
13	0.0268009	0.00987383	0.517215	0.049305	0.00830299	0.0347565	0.0173711	0.0215709	0.0218457	0.0274862	0.0102223	0.0512051	0.0110488	0.019155	0.0118682	0.0417198	0.0754412	0.0328797	0.00248648	0.00944505
14	0.0294564	0.00270193	0.00277682	0.00337826	0.0388773	0.00295893	0.0540604	0.0550268	0.120609	0.0342999	0.00442744	0.0187104	0.0148564	0.0153106	0.465185	0.0188281	0.00699036	0.0495245	0.000775827	0.0612466
15	0.0136883	0.0075001	0.00462713	0.00402237	0.00614417	0.00642156	0.646161	0.0147647	0.00524671	0.0193351	0.00414039	0.0909156	0.00612468	0.084293	0.00893254	0.0147129	0.00870656	0.0115861	0.0209906	0.0216861
16	0.036693	0.00972221	0.000472232	0.000489661	0.000609257	0.00320283	0.000426614	0.160978	0.000561683	0.0328939	0.00133693	0.000670586	0.00144985	0.00798134	0.000562753	0.00363735	0.0379273	0.69942	0.000161336	0.000803282
17	0.101017	0.00231339	0.0267834	0.00252103	0.00208646	0.00272226	0.00202543	0.097609	0.0220982	0.0703797	0.0134587	0.0394189	0.140464	0.0027364	0.0222841	0.00531338	0.207601	0.226373	0.000675628	0.0121198
18	0.668544	0.0357533	0.00183211	0.00192288	0.00275243	0.0428168	0.00195918	0.0196939	0.0038024	0.00925435	0.00279019	0.00967539	0.0127319	0.00970876	0.00415854	0.0804322	0.0483384	0.0402243	0.000528807	0.00307977
19	0.00335773	0.0117732	0.000584136	0.0005884	0.0226315	0.000738307	0.000576248	0.508255	0.000652737	0.32352	0.0323301	0.000968396	0.00212707	0.00142064	0.000874683	0.00142901	0.00223852	0.0835853	0.000234773	0.00211513
20	0.00739662	0.00433585	0.00306396	0.00345541	0.0222488	0.00452566	0.0680904	0.552689	0.0173949	0.0291353	0.00386265	0.0053211	0.00209606	0.0345403	0.00375745	0.0086085	0.00658469	0.140511	0.00174673	0.0806354
21	0.0114171	0.00128899	0.000777465	0.00490447	0.115229	0.00123276	0.143369	0.00318445	0.00109008	0.00189133	0.000937618	0.00964799	0.00343862	0.00117205	0.0111857	0.00268947	0.00809687	0.00658518	0.0705453	0.601317
22	0.0198857	0.00771716	0.133841	0.320946	0.00766823	0.0103419	0.0424251	0.109726	0.00826006	0.0162794	0.00724641	0.0105616	0.00503247	0.00877699	0.00782087	0.018263	0.015309	0.205785	0.00204729	0.042067
23	0.0832074	0.292269	0.0102084	0.00623183	0.00965174	0.0180383	0.00470057	0.0708244	0.00463347	0.0555821	0.0110735	0.0147074	0.00298728	0.00710891	0.00685104	0.198394	0.113414	0.0771774	0.00429436	0.0086453
24	0.163347	0.0262581	0.000506909	0.000625669	0.00107671	0.0135725	0.000585232	0.0126755	0.00181341	0.0104977	0.00518272	0.00696748	0.663358	0.000680946	0.00337863	0.0476552	0.0166272	0.0159394	0.000162265	0.00908935
25	0.0401629	0.0113452	0.00263407	0.0195873	0.043954	0.0199105	0.0027507	0.117983	0.00444554	0.135458	0.161888	0.00461306	0.00247928	0.0193602	0.00406664	0.0731101	0.0232352	0.233123	0.000725726	0.0791682
26	0.00364204	0.0112698	0.00124219	0.00171627	0.171362	0.00229576	0.0100991	0.29921	0.00186955	0.179379	0.0288532	0.0022818	0.00135051	0.00197773	0.00957802	0.0198777	0.0139788	0.0865596	0.0162951	0.137162
27	0.00933897	0.00110219	0.000910146	0.00336185	0.000949829	0.00218588	0.00103602	0.00465711	0.00134192	0.00328566	0.00105094	0.00223437	0.013286	0.0115427	0.00120371	0.230812	0.703076	0.00723098	0.000328588	0.00106606
28	0.0117041	0.00895012	0.00189993	0.00277146	0.212318	0.00330831	0.0605963	0.0225275	0.00121868	0.0247463	0.00887674	0.00851304	0.00155748	0.00339324	0.00561558	0.0127049	0.00691462	0.0183863	0.066771	0.517226
29	0.193765	0.00163555	0.0293365	0.0490794	0.0160096	0.0791011	0.0132078	0.0119667	0.15242	0.0245647	0.00744563	0.0995713	0.000986617	0.0495194	0.112276	0.101321	0.0315349	0.0092909	0.00184809	0.015119
30	0.0414515	0.00119721	0.0736192	0.616651	0.0012197	0.0134811	0.00995284	0.00214333	0.00300365	0.00215965	0.00114131	0.00870728	0.000696318	0.172541	0.0155808	0.0120637	0.0117225	0.0113971	0.000264337	0.00100662
31	0.00986464	0.00839286	0.000640104	0.000691485	0.0193941	0.000783795	0.0017718	0.0199742	0.00206414	0.79107	0.0821427	0.000906679	0.000564413	0.00242957	0.000792337	0.011471	0.00687934	0.0363939	0.000328796	0.00344432
32	0.0062456	0.0031291	0.0160304	0.00306163	0.0496798	0.00356895	0.0356497	0.00593941	0.0405279	0.344695	0.00259404	0.00398051	0.00190165	0.271155	0.0739312	0.0063246	0.0458588	0.00598294	0.0134846	0.0662586
33	0.123573	0.00315929	0.156568	0.319518	0.00306883	0.039255	0.0162599	0.00605712	0.081577	0.0131079	0.00313513	0.0362529	0.000319057	0.0708627	0.0421874	0.0564303	0.0191084	0.0088828	0.000142706	0.000535069
34	0.23255	0.00506703	0.00544008	0.0207209	0.00312557	0.16331	0.00305222	0.00669504	0.017244	0.00571725	0.00176747	0.0116904	0.0109482	0.00826	0.0144324	0.414485	0.0659588	0.00606807	0.000828526	0.00263841
35	0.199297	0.00506851	0.0877738	0.0375754	0.00686419	0.212159	0.0292982	0.010793	0.0218611	0.0133173	0.00610283	0.0170033	0.00373112	0.0393549	0.108091	0.143476	0.0142243	0.0125279	0.0247746	0.00670653
36	0.134997	0.0440306	0.00176128	0.00214806	0.0358921	0.0682896	0.00233973	0.0717975	0.0103429	0.0766134	0.0865736	0.0028984	0.00106183	0.00230542	0.00299184	0.0449898	0.0151989	0.379425	0.000588968	0.0157541
37	0.00568532	0.00222447	0.00120478	0.00104974	0.0317913	0.00166362	0.00873134	0.0933377	0.00130402	0.623674	0.15041	0.00137101	0.00258515	0.00151744	0.00113109	0.00407319	0.00448566	0.0303166	0.00186434	0.0315784
38	0.178882	0.0136436	0.0148649	0.00326109	0.00233882	0.00294798	0.0155151	0.0282133	0.119303	0.0627846	0.00361328	0.0156073	0.00193766	0.147083	0.195715	0.072917	0.0423322	0.0758932	0.0006878	0.00245867
39	0.0100914	0.00262888	0.000642575	0.000605827	0.00316599	0.00331553	0.000612048	0.328005	0.000724525	0.0494261	0.00702192	0.00145186	0.00315018	0.00267091	0.000804028	0.00258363	0.00904284	0.570295	0.000188319	0.00357363
40	0.0645364	0.00281361	0.0114913	0.123736	0.00266752	0.126114	0.0213535	0.0036557	0.179138	0.0133173	0.00396868	0.0223721	0.0014777	0.121927	0.0598188	0.066011	0.121208	0.049464	0.00139019	0.00353898
41	0.0342662	0.00112439	0.0103533	0.0290318	0.00117057	0.0148895	0.0073199	0.00423522	0.592408	0.00319571	0.00892544	0.0163377	0.0124523	0.0291683	0.143269	0.0228291	0.0436052	0.0217183	0.000356536	0.00334316
42	0.0235377	0.00945686	0.162386	0.0454707	0.00573936	0.236738	0.0124409	0.0156651	0.107756	0.0119343	0.00434568	0.184159	0.0102126	0.0389563	0.055053	0.0429058	0.017028	0.00950661	0.0013394	0.00536969
43	0.0441438	0.0113301	0.403268	0.0389906	0.0078754	0.0226224	0.0651239	0.0192879	0.0259683	0.0200879	0.00986047	0.0742901	0.0180356	0.0199569	0.0174265	0.133814	0.0323541	0.0216037	0.00279046	0.0111708
44	0.0155924	0.107877	0.00636964	0.00642358	0.00627757	0.0708381	0.00720928	0.0485547	0.0392486	0.0459303	0.00666798	0.112649	0.00476566	0.00729359	0.135349	0.0173873	0.204868	0.148727	0.00183863	0.00613249
45	0.0363021	0.00928221	0.000530337	0.000501711	0.000774486	0.00320404	0.00044919	0.170771	0.000890346	0.0329617	0.00147509	0.000944148	0.00192667	0.0080824	0.0011842	0.00376176	0.03844	0.687481	0.000164013	0.000873556
46	0.00340076	0.00165842	0.000805895	0.000867251	0.00753878	0.000980971	0.000808695	0.20324	0.000929211	0.37624	0.0214062	0.0011031	0.00430697	0.0036485	0.00092478	0.00190349	0.0067825	0.361658	0.000246757	0.00154987
47	0.00269367	0.00248276	0.000530512	0.00045859	0.0101751	0.000696618	0.000462645	0.551373	0.000508227	0.119437	0.0270129	0.00280716	0.00125168	0.0024674	0.00132464	0.00269928	0.0131056	0.254074	0.000179441	0.00626056
48	0.0559257	0.0578676	0.010378	0.00381025	0.229355	0.0247497	0.0201735	0.0249555	0.00808576	0.0266919	0.00750289	0.0316735	0.00195343	0.0133066	0.00415993	0.0343296	0.00920534	0.0266383	0.0336388	0.375598
49	0.0169297	0.00587701	0.00159803	0.000854414	0.00495443	0.00233708	0.000611973	0.282308	0.00093073	0.0551801	0.013433	0.00222692	0.00248248	0.012511	0.000985322	0.00895889	0.0403256	0.543526	0.000157272	0.00381181
50	0.180049	0.00905707	0.00546006	0.0139782	0.0409806	0.00707473	0.0064414	0.0942902	0.00665404	0.212594	0.0085533	0.0354443	0.236115	0.00802381	0.00685656	0.0503137	0.0127685	0.0566215	0.00209592	0.00662687
51	0.0399876	0.00101048	0.0730145	0.633422	0.00104555	0.014522	0.00989325	0.00188922	0.00122868	0.00195036	0.000892458	0.00721256	0.000703525	0.164714	0.0140355	0.0120335	0.0103865	0.0108849	0.00022608	0.000947394
52	0.378154	0.031522	0.00104793	0.00135695	0.00560191	0.0428877	0.0012195	0.030368	0.00651633	0.012842	0.00121466	0.00291862	0.0348667	0.00279648	0.00171414	0.149463	0.265152	0.0279151	0.000397551	0.0020448
53	0.100024	0.00999258	0.0010786	0.0017167	0.00302285	0.0018541	0.00668455	0.082635	0.00296232	0.286316	0.0471797	0.00229348	0.00654928	0.0136276	0.00187306	0.00457432	0.0216513	0.403273	0.000367493	0.00232406
54	0.00548212	0.0136058	0.00254866	0.026824	0.144905	0.00330693	0.00234746	0.475928	0.00273975	0.00533666	0.0970498	0.00351373	0.0132153	0.00330216	0.00299884	0.00575416	0.00485652	0.1463	0.000776056	0.0392093
55	0.731131	0.0177988	0.00071776	0.000676626	0.000717886	0.0472564	0.000671523	0.0166518	0.00178117	0.00332771	0.000660001	0.0063511	0.00575398	0.00803365	0.00307809	0.079121	0.0452324	0.0303019	0.00018256	0.000554989
56	0.0822909	0.0290291	0.00422354	0.00402259	0.0168277	0.00498483	0.00240531	0.235222	0.00372439	0.251641	0.145331	0.0053153	0.00506952	0.00720293	0.00456823	0.0327559	0.0225032	0.133687	0.000981544	0.00821342
57	0.0474928	0.0121452	0.0040515	0.00605996	0.0156868	0.00528822	0.00504931	0.0559435	0.00854034	0.579775	0.0778544	0.00678628	0.0118779	0.0282733	0.00871124	0.0239493	0.0273629	0.0661509	0.00290686	0.00609413
58	0.382275	0.0101961	0.00391176	0.00927808	0.00243215	0.12743	0.00205777	0.0121132	0.00846558	0.00531165	0.00175613	0.00905095	0.0110478	0.00593452	0.00873722	0.327068	0.0539228	0.0163211	0.000671012	0.00201945
59	0.0939434	0.309659	0.00487366	0.00307456	0.00679375	0.00998858	0.0033039	0.0854945	0.00448381	0.0603235	0.00954851	0.00560956	0.00233836	0.00460081	0.00439586	0.121225	0.134974	0.129685	0.000976022	0.00470899
60	0.726474	0.0180308	0.00068091	0.00103576	0.000956338	0.0402569	0.000931941	0.0205457	0.00218296	0.00382473	0.000991692	0.0100315	0.00525565	0.00765974	0.00330763	0.0781837	0.0478014	0.0307273	0.00026746	0.000853463
61	0.030161	0.00940237	0.0117063	0.0135121	0.0202847	0.0110645	0.0761441	0.0343597	0.0816762	0.0252831	0.00863226	0.0286559	0.0154126	0.0167148	0.479079	0.0295212	0.0512797	0.0301271	0.00192949	0.025054
62	0.0028745	0.00888793	0.00104729	0.000917179	0.0134269	0.00149708	0.000909633	0.612327	0.00107689	0.270056	0.0191308	0.00137727	0.00575029	0.00141073	0.0014121	0.00249117	0.00409722	0.049055	0.000271662	0.00198274
63	0.0718442	0.00652325	0.0107466	0.00410289	0.00597102	0.833924	0.000794755	0.00345431	0.00138187	0.00552282	0.000930659	0.00540382	0.00377604	0.00151735	0.0025573	0.0316962	0.00600691	0.0020444	0.000315031	0.0014863
64	0.500586	0.0268026	0.00526559	0.00446424	0.0100798	0.0836558	0.00563835	0.0292866	0.00633889	0.0213264	0.0175078	0.0105563	0.00404604	0.00880066	0.0058305	0.0640435	0.0343518	0.153183	0.00152932	0.00670763
65	0.0230191	0.00759228	0.00485752	0.00122846	0.00203993	0.00240868	0.00102577	0.371721	0.00344639	0.0320054	0.00536864	0.00653577	0.0120335	0.00486981	0.00490276	0.00420761	0.0922212	0.418938	0.000347832	0.00123025
66	0.0212981	0.0509232	0.00817744	0.00622141	0.0602726	0.00918453	0.397043	0.0141013	0.00504206	0.0149518	0.00519376	0.054909	0.00619176	0.0496644	0.0089297	0.0317733	0.021909	0.0146429	0.0103418	0.209229
67	0.107772	0.130997	0.0235355	0.0122647	0.00945175	0.0266723	0.0049191	0.0399636	0.00381299	0.0174756	0.00644407	0.049355	0.00226407	0.00878045	0.0102463	0.339228	0.101607	0.0832326	0.00875836	0.0132202
68	0.0366887	0.00972596	0.000471511	0.000490683	0.00060806	0.00321125	0.000428726	0.160828	0.000574112	0.0328905	0.00132569	0.000676993	0.00144818	0.00794487	0.000563637	0.00363851	0.037978	0.699542	0.000161249	0.000803391
69	0.0107279	0.00433768	0.00129621	0.000808241	0.0112083	0.00142524	0.00107746	0.45438	0.00248941	0.131172	0.0261916	0.00462718	0.00325831	0.00445346	0.00515064	0.00383852	0.0293004	0.298481	0.000390932	0.00538545
70	0.011912	0.0119818	0.00285964	0.00207331	0.277083	0.00618579	0.0210793	0.0705799	0.00249291	0.0658907	0.0137263	0.00993962	0.00128663	0.00429058	0.00438317	0.0246845	0.0220819	0.0254095	0.0418712	0.380189
71	0.106599	0.00444629	0.212677	0.252779	0.00520858	0.1143	0.0105801	0.00580367	0.0444863	0.0121667	0.00366767	0.0286689	0.0438511	0.040539	0.0254138	0.0602583	0.014791	0.00854214	0.00203446	0.00318769
72	0.0864326	0.0167688	0.014418	0.008757	0.0109436	0.493287	0.0047598	0.0182092	0.011324	0.0103723	0.00534173	0.0407448	0.0102405	0.00699308	0.0204032	0.192027	0.0325457	0.0100099	0.00144409	0.00497843
73	0.013211	0.0155626	0.00299376	0.00202382	0.257904	0.00663703	0.0226599	0.0510865	0.00238204	0.0551319	0.0152262	0.0114498	0.00133771	0.00486106	0.00439118	0.0291077	0.0114661	0.0295952	0.0460602	0.416912
74	0.336003	0.00496828	0.00374998	0.0101588	0.00151559	0.133904	0.0016847	0.0077393	0.0103934	0.00380427	0.00157874	0.0079989	0.0191138	0.00426221	0.00829473	0.378057	0.055709	0.00903799	0.000421819	0.00160514
75	0.613619	0.0168604	0.00104494	0.00141234	0.000995801	0.0339024	0.00100471	0.021222	0.00258338	0.00565968	0.00218987	0.00535439	0.0917273	0.00977395	0.00324079	0.0996315	0.0548131	0.0335739	0.000355723	0.00103534
76	0.0437912	0.00271475	0.00283155	0.00228437	0.00235916	0.0162879	0.0638634	0.00457387	0.258892	0.0282818	0.0023444	0.253661	0.0821888	0.0489824	0.0837948	0.0546242	0.0272315	0.0056076	0.000947583	0.0147379
77	0.0901006	0.00785852	0.0412581	0.1435	0.00550036	0.0632898	0.0146896	0.00696373	0.0549969	0.0149757	0.00458433	0.0451903	0.0681561	0.049321	0.0243	0.258652	0.0840825	0.0143713	0.00104843	0.00716071
78	0.0295779	0.0405071	0.00629006	0.00934985	0.0253298	0.00925217	0.00640017	0.0530486	0.0525567	0.505391	0.0512943	0.00923259	0.00746967	0.0151534	0.0174254	0.0251564	0.0251934	0.100526	0.00185048	0.00899458
79	0.658349	0.0323262	0.000748694	0.00185683	0.00263322	0.0366995	0.000699445	0.0337267	0.00191189	0.00852862	0.000828992	0.00559879	0.00597989	0.00720526	0.00648396	0.0985122	0.0475485	0.0481673	0.000429517	0.00176561
80	0.117213	0.00314278	0.0414017	0.00260296	0.0026122	0.0364985	0.00271723	0.105091	0.0491108	0.0233968	0.019784	0.00501618	0.00139946	0.0286934	0.0258219	0.145179	0.196277	0.180092	0.000744267	0.0132059
81	0.02811	0.00964749	0.00840105	0.00960555	0.0239399	0.00970084	0.0273836	0.169903	0.0606178	0.108273	0.0256304	0.0218154	0.0101166	0.0181151	0.331411	0.0242301	0.0248221	0.0607589	0.00212845	0.0253906
82	0.00705667	0.00911788	0.00110675	0.00124931	0.0206366	0.00126155	0.0013729	0.443739	0.00126804	0.323451	0.0362882	0.00144599	0.00332124	0.00352688	0.00185974	0.00327526	0.0081184	0.126695	0.000667059	0.00454247
83	0.00730122	0.00373458	0.402588	0.248162	0.0157903	0.0104967	0.0056067	0.0134211	0.0410344	0.0068003	0.00361158	0.144506	0.000767808	0.0284504	0.0227985	0.0129553	0.0129271	0.00822813	0.000277101	0.0105431
84	0.106506	0.00620388	0.112992	0.121016	0.00478433	0.0118526	0.109326	0.0236813	0.0580636	0.0167189	0.00411868	0.096134	0.0566724	0.0165128	0.0180209	0.145883	0.0550931	0.0150195	0.000943148	0.0204578
85	0.274942	0.216029	0.00530315	0.0039762	0.0196815	0.0126171	0.00186973	0.0537755	0.002019	0.0517034	0.00299215	0.00417769	0.00137452	0.00267075	0.0129168	0.145712	0.0512429	0.121668	0.00130367	0.0140246
86	0.055496	0.00109685	0.0112921	0.122387	0.00122169	0.0186621	0.00469237	0.00694615	0.297949	0.0191643	0.00380484	0.0248424	0.00129371	0.126171	0.163727	0.0330737	0.0931852	0.01316	0.000450235	0.00138519
87	0.144432	0.0162398	0.0185068	0.0335227	0.00463501	0.0146614	0.0114726	0.0171898	0.0361403	0.0170773	0.00845126	0.0112043	0.492736	0.013306	0.0115826	0.059237	0.0348091	0.0453456	0.00167706	0.00777307
88	0.0344831	0.00189992	0.00497065	0.0191948	0.00183057	0.00801105	0.00459736	0.00382428	0.576249	0.0037796	0.00490772	0.00696745	0.00614005	0.0104337	0.13055	0.0277767	0.0819533	0.069652	0.00045279	0.00232549
89	0.0974877	0.00747079	0.00108747	0.00154927	0.00188855	0.00167409	0.00598924	0.0728236	0.0024926	0.310773	0.0502068	0.00212552	0.00577736	0.0137892	0.00167437	0.00398039	0.0189208	0.398197	0.000389437	0.00170268
90	0.00211254	0.0027936	0.000322396	0.000370617	0.0150251	0.000491778	0.000306007	0.501615	0.000363392	0.113037	0.0369492	0.00365423	0.000290051	0.00305827	0.00114395	0.00279252	0.00952238	0.29923	9.97237e-05	0.00682165
91	0.00295518	0.0111	0.000581182	0.000551467	0.021135	0.000698495	0.000497068	0.515725	0.000647961	0.313473	0.0332948	0.00101803	0.00203255	0.00150177	0.000848717	0.00138085	0.00217723	0.0881172	0.00018704	0.00207789
92	0.284868	0.0320028	0.00130811	0.00192109	0.00883198	0.0421852	0.00200594	0.0302313	0.00715203	0.011745	0.00171612	0.00417419	0.0302101	0.00217633	0.00199192	0.180099	0.328646	0.023786	0.000500057	0.00444902
93	0.244922	0.00343788	0.00349221	0.014088	0.00181173	0.156184	0.0017623	0.00565156	0.0119286	0.00349819	0.00153917	0.00806487	0.0118071	0.00260551	0.00921292	0.447174	0.0655721	0.00475015	0.000492378	0.00200516
94	0.0494704	0.0114501	0.119786	0.0225528	0.00342201	0.0288363	0.0162747	0.0170399	0.0430835	0.00817979	0.00638908	0.392024	0.00836255	0.0171697	0.016506	0.166341	0.0517555	0.0166782	0.000877137	0.00380016
95	0.118182	0.132748	0.00681638	0.00836534	0.165591	0.140414	0.00504796	0.00991932	0.0315867	0.0280562	0.0156412	0.0320517	0.00312952	0.0160322	0.00482586	0.0995813	0.00743104	0.0312243	0.00455966	0.138797
96	0.0656802	0.0253292	0.0155629	0.0178083	0.0100421	0.347733	0.0088652	0.0199751	0.0245139	0.0150864	0.00611461	0.0578657	0.00845053	0.0122185	0.0293635	0.167815	0.140759	0.019185	0.00182047	0.00581136
97	0.0485826	0.00245374	0.0287889	0.0341154	0.00234267	0.0789438	0.0157215	0.00563776	0.424791	0.0137491	0.00534549	0.0156354	0.0368452	0.0203383	0.106508	0.0527104	0.0900848	0.0133978	0.00065932	0.00334877
98	0.0369865	0.00356276	0.00336938	0.00146872	0.0122347	0.00160999	0.00118732	0.421314	0.0293919	0.0577804	0.0135076	0.025039	0.0238465	0.0222541	0.0454979	0.00322522	0.0825004	0.213469	0.000447317	0.00130756
99	0.00211254	0.0027936	0.000322396	0.000370617	0.0150251	0.000491778	0.000306007	0.501615	0.000363392	0.113037	0.0369492	0.00365423	0.000290051	0.00305827	0.00114395	0.00279252	0.00952238	0.29923	9.97237e-05	0.00682165
100	0.129273	0.00622243	0.0896917	0.145439	0.00744695	0.0216709	0.0492606	0.00281731	0.0591427	0.0102547	0.000653773	0.042046	0.21939	0.0257965	0.016447	0.0846641	0.0510129	0.0160685	0.000148219	0.0225539
101	0.0191263	0.031113	0.00453884	0.00287412	0.266024	0.0112298	0.0156087	0.0733124	0.00268622	0.0681794	0.0141273	0.0126584	0.00162237	0.00666946	0.0040646	0.0380624	0.0126532	0.0284419	0.0467103	0.340297
102	0.0402363	0.00681379	0.0135387	0.0189311	0.00673442	0.0236704	0.0342192	0.0497882	0.132719	0.148668	0.0337506	0.00967079	0.0415037	0.135146	0.0489741	0.0408335	0.124049	0.0636783	0.00381594	0.0232595
103	0.109969	0.00867586	0.0678752	0.118062	0.00765143	0.0227607	0.0344282	0.00684623	0.0583781	0.0120383	0.00390174	0.0248627	0.305039	0.0284013	0.015838	0.0809438	0.0536222	0.025865	0.000937799	0.0139035
104	0.0413618	0.00614972	0.026763	0.0485261	0.0855956	0.0260699	0.00377919	0.218929	0.00610843	0.127437	0.273876	0.0558741	0.00269824	0.00602828	0.00490583	0.0311554	0.0118135	0.0164604	0.00131324	0.0051559
105	0.00363864	0.00182061	0.000831513	0.000851107	0.0075982	0.000980021	0.000815599	0.203435	0.000956682	0.37533	0.0216564	0.00109722	0.00423134	0.00365489	0.000916448	0.0019027	0.0067532	0.361704	0.000239321	0.00158693
106	0.0416631	0.00214855	0.248049	0.139076	0.00415294	0.0038593	0.0457697	0.0161503	0.0960648	0.00574454	0.00215698	0.185015	0.00255073	0.0654587	0.0701078	0.0272358	0.0139663	0.0115099	0.0004975	0.0188226
107	0.123573	0.00315929	0.156568	0.319518	0.00306883	0.039255	0.0162599	0.00605712	0.081577	0.0131079	0.00313513	0.0362529	0.000319057	0.0708627	0.0421874	0.0564303	0.0191084	0.0088828	0.000142706	0.000535069
108	0.46352	0.0109505	0.00269949	0.00724422	0.00171044	0.112075	0.0014217	0.011353	0.00716819	0.00364052	0.00139797	0.00817378	0.00894388	0.00498415	0.00720919	0.278582	0.0496951	0.0171778	0.000389312	0.00166358
109	0.00342088	0.0128728	0.000616312	0.000604028	0.0222667	0.000752656	0.000571151	0.523729	0.000667695	0.327139	0.0316024	0.000876674	0.00232368	0.00121443	0.000895208	0.00139623	0.0017782	0.0654381	0.000200193	0.00163495
110	0.123573	0.00315929	0.156568	0.319518	0.00306883	0.039255	0.0162599	0.00605712	0.081577	0.0131079	0.00313513	0.0362529	0.000319057	0.0708627	0.0421874	0.0564303	0.0191084	0.0088828	0.000142706	0.000535069
111	0.0908835	0.00220195	0.300154	0.294699	0.00228797	0.0771239	0.0022048	0.00445814	0.0133666	0.00470368	0.00244325	0.00380433	0.140323	0.014075	0.00285003	0.0320232	0.00445121	0.00478365	0.00059345	0.00256912
112	0.139802	0.265706	0.00357422	0.00346772	0.00397242	0.00953449	0.00392871	0.0324885	0.00402885	0.0110517	0.00677086	0.0229087	0.322741	0.00456438	0.00473449	0.0254647	0.0116018	0.0387631	0.000912519	0.0839839
113	0.115251	0.00424989	0.00378257	0.173073	0.021566	0.00436781	0.00424323	0.104464	0.00434366	0.0454525	0.00415313	0.00563668	0.00288588	0.0241012	0.00478719	0.00987526	0.0895257	0.373224	0.00131709	0.00369954
114	0.133309	0.00344733	0.0352371	0.0560201	0.00267588	0.00954136	0.0212321	0.0125045	0.0205438	0.0322866	0.0255096	0.00301639	0.419425	0.00845229	0.0137527	0.110672	0.0443851	0.036214	0.00966801	0.00210695
115	0.027968	0.00578886	0.00179233	0.00285597	0.00929297	0.00224546	0.00257039	0.134162	0.00118438	0.361894	0.067449	0.0020423	0.00423332	0.00910922	0.00237392	0.00558496	0.0298288	0.327785	0.000302186	0.00153744
116	0.0740682	0.00239202	0.156405	0.248207	0.00254884	0.00335939	0.019823	0.00512068	0.118126	0.118742	0.00241027	0.0589588	0.066959	0.00318066	0.0409868	0.0478473	0.0193888	0.00604868	0.000702822	0.00472546
117	0.232052	0.0021009	0.00359816	0.0129448	0.00174227	0.152568	0.0019163	0.00496906	0.0113375	0.00345141	0.00155883	0.00859876	0.0109985	0.00256667	0.00926799	0.480073	0.0539635	0.00394371	0.000419033	0.00192926
118	0.0189028	0.0220105	0.177221	0.0468311	0.00263094	0.0419071	0.0235172	0.0277752	0.0184602	0.0104975	0.0146708	0.32705	0.0128085	0.00728961	0.0172839	0.15647	0.0658166	0.00519993	0.000731773	0.00292507
119	0.124486	0.00517126	0.246742	0.0895019	0.00461536	0.00541779	0.360053	0.0105909	0.00561516	0.0100895	0.00457234	0.007158	0.00356964	0.0520879	0.00543427	0.0135774	0.0102054	0.0107827	0.00164616	0.0286827
120	0.162965	0.0261618	0.000515773	0.000703558	0.00110139	0.0136077	0.000609192	0.0127137	0.00188828	0.0105017	0.00515979	0.00701666	0.662998	0.00069844	0.00338952	0.047815	0.0168893	0.0159018	0.000162356	0.00920072
121	0.157997	0.0351968	0.00372731	0.0043588	0.00780919	0.00981339	0.00428615	0.137545	0.0059739	0.288454	0.0596037	0.00772415	0.00555291	0.0237386	0.00498101	0.112358	0.0385808	0.0869608	0.00150425	0.00383322
122	0.0247038	0.0603886	0.00588443	0.00620885	0.0829002	0.0125532	0.164019	0.0190611	0.00638712	0.0178676	0.00719402	0.0464224	0.00471729	0.0289475	0.00864962	0.0644828	0.0244869	0.0204595	0.0210407	0.373625
123	0.00237576	0.00247405	0.000445835	0.000426444	0.0111207	0.000668073	0.000454583	0.562191	0.000457532	0.105759	0.028209	0.00297535	0.0010229	0.00241032	0.00126154	0.00268463	0.0119815	0.256104	0.000171951	0.00680549
124	0.005936	0.00179379	0.000850798	0.0010171	0.0409576	0.00151764	0.00820733	0.126983	0.00117706	0.586299	0.143498	0.00112902	0.00344564	0.0014969	0.00117568	0.00349054	0.00411866	0.0348073	0.00238639	0.029713
125	0.0142333	0.0069649	0.0022134	0.00561998	0.116357	0.00389212	0.171627	0.00842692	0.0036944	0.00614882	0.00401403	0.0266596	0.0130047	0.00643147	0.0123942	0.0142314	0.0153806	0.0120059	0.051921	0.504779
126	0.0279157	0.00419265	0.00299928	0.00540912	0.00183761	0.00741356	0.00202059	0.00841048	0.00374724	0.00652107	0.00242321	0.00489459	0.0234635	0.0113747	0.0032522	0.224578	0.640835	0.0162576	0.000896704	0.00155688
127	0.0751946	0.10186	0.0134489	0.0126422	0.0194427	0.0367045	0.0170677	0.0468854	0.0100839	0.0310098	0.01651	0.0321683	0.00575909	0.012917	0.0107536	0.356535	0.049618	0.0498742	0.0749533	0.0265727
128	0.0926589	0.00604989	0.00771022	0.00375653	0.00608639	0.797236	0.0014674	0.00548321	0.00240265	0.0137889	0.00174301	0.00465209	0.00349448	0.00207552	0.00335924	0.0324209	0.00790696	0.00485403	0.000695259	0.00215887
129	0.049014	0.0069145	0.0171175	0.0440784	0.00507377	0.0158897	0.00986275	0.0113357	0.0246207	0.0131942	0.00559822	0.0121758	0.0803478	0.0190182	0.00999965	0.172822	0.473567	0.021547	0.00151503	0.00630856
130	0.0387316	0.0180724	0.0121502	0.00871525	0.00573654	0.0124775	0.032132	0.0555138	0.0155438	0.026866	0.0069135	0.0981199	0.00655783	0.0100007	0.0165524	0.141562	0.403289	0.0835736	0.001118	0.00637384
131	0.0728855	0.0103738	0.00993387	0.00441869	0.00719211	0.803832	0.000871105	0.00500056	0.00175944	0.0046466	0.000752977	0.00711868	0.00630921	0.000886736	0.00476454	0.0490096	0.00588834	0.00221098	0.000318882	0.00182625
132	0.0620534	0.00723119	0.031647	0.0403627	0.00217581	0.0124462	0.0407311	0.0360797	0.188756	0.0661522	0.0359421	0.0270417	0.0126565	0.108018	0.0894183	0.0571991	0.128553	0.0449537	0.000921401	0.00766062
133	0.167102	0.0277556	0.000936034	0.0010995	0.00115524	0.0137975	0.000769139	0.0130412	0.00207129	0.0105633	0.00526247	0.00714372	0.651688	0.000825526	0.00343136	0.0493136	0.0178065	0.016501	0.000157709	0.00957946
134	0.0592485	0.00452708	0.0149882	0.0345778	0.00425466	0.0230325	0.0095949	0.0102577	0.49755	0.0140817	0.00944486	0.0287925	0.0131107	0.0333191	0.12316	0.0343694	0.0479525	0.031405	0.000837602	0.00549526
135	0.102754	0.0127502	0.00765327	0.00300459	0.00698171	0.719864	0.00100558	0.00922894	0.0023572	0.00513119	0.000897012	0.00755375	0.0142751	0.0010061	0.00517896	0.0845102	0.00965352	0.00391833	0.000306789	0.00196919
136	0.00878916	0.00156005	0.000760511	0.000688488	0.00133929	0.00415953	0.000757915	0.327532	0.000803167	0.0336419	0.00232	0.00128299	0.00429418	0.00220147	0.000877614	0.00277661	0.00713819	0.595438	0.000263549	0.00337499
137	0.0251681	0.00909185	0.00240061	0.00491108	0.0240795	0.00483483	0.00285387	0.152438	0.00860867	0.162726	0.0423141	0.00466131	0.00191329	0.0605125	0.00717685	0.0277683	0.0377363	0.402267	0.000779779	0.0177588
138	0.0170406	0.00358152	0.00372131	0.00430704	0.0406227	0.00449983	0.0691947	0.0397005	0.109785	0.0183762	0.00512642	0.0228592	0.0195563	0.00897338	0.533561	0.0143082	0.0116771	0.0329282	0.00124482	0.0389359
139	0.123698	0.00580106	0.096407	0.155248	0.00891298	0.0232722	0.0462195	0.00362012	0.0551248	0.00962957	0.000953202	0.0440816	0.198826	0.0274194	0.0165338	0.0979108	0.051857	0.0151078	0.000267704	0.0191098
140	0.0235585	0.019905	0.00875889	0.00331734	0.00318717	0.00445925	0.0690897	0.101072	0.00391922	0.0190418	0.00319376	0.149386	0.00230378	0.00414618	0.0191416	0.117417	0.345973	0.0982387	0.000903094	0.00298959
141	0.184117	0.00362206	0.00230905	0.00173887	0.00272536	0.739519	0.000736737	0.00193332	0.000943372	0.00988924	0.000836429	0.00167216	0.0022328	0.000801842	0.00111918	0.0373836	0.00522247	0.00174474	0.000234055	0.00121868
142	0.108725	0.0108957	0.0137137	0.00473814	0.00660408	0.540967	0.00137156	0.0129637	0.00733494	0.00429204	0.00109598	0.0127707	0.0176403	0.00180333	0.0146193	0.213203	0.0203713	0.00457397	0.000427034	0.00188924
143	0.00913244	0.0535306	0.00379582	0.00407181	0.0161015	0.00447949	0.353851	0.00791949	0.00347533	0.00787756	0.00322988	0.0811563	0.00361885	0.0498988	0.00755661	0.0341905	0.0300736	0.00874649	0.00505001	0.312244
144	0.157615	0.0869031	0.00311607	0.00266757	0.00954233	0.00870817	0.0030473	0.166222	0.00271482	0.217384	0.078846	0.00444596	0.00298401	0.00849627	0.00253585	0.106006	0.0675056	0.0676062	0.000712783	0.00294126
145	0.0564056	0.00890009	0.00295208	0.00770876	0.00264691	0.00569805	0.00244301	0.131747	0.00322961	0.0420376	0.00483322	0.00408118	0.00555232	0.00917738	0.00261479	0.0114992	0.067249	0.62826	0.000596737	0.00236714
146	0.222627	0.0840613	0.0112776	0.00838261	0.00989202	0.0432493	0.023069	0.0146472	0.00628087	0.0139657	0.02596	0.0417795	0.00164308	0.020559	0.0246397	0.190087	0.142535	0.0628245	0.00177814	0.0507416
147	0.00998007	0.00875371	0.000649491	0.000702613	0.0187716	0.000805608	0.00162301	0.0171507	0.00214429	0.795789	0.0813657	0.00093815	0.000453231	0.00246945	0.000790665	0.0118786	0.0069777	0.035803	0.00022382	0.00272963
148	0.10272	0.0593168	0.0256173	0.0110411	0.00164154	0.0233007	0.103503	0.00495365	0.115994	0.0385803	0.0180729	0.112282	0.00130768	0.0492438	0.118212	0.116749	0.0701306	0.0250969	0.000571214	0.00166472
149	0.00528588	0.00584979	0.00134358	0.0012111	0.314867	0.00207659	0.0115831	0.0485897	0.00140783	0.052605	0.0374282	0.0100684	0.000878777	0.00757943	0.0034018	0.0139875	0.0036713	0.0420139	0.145153	0.290998
150	0.0424807	0.00712586	0.00556153	0.0064101	0.457354	0.00848408	0.0362589	0.0225156	0.00668808	0.224822	0.0108421	0.00917978	0.00540606	0.00835776	0.00728489	0.0157609	0.0133693	0.018251	0.0679017	0.025946
151	0.192044	0.10182	0.010991	0.00602402	0.00657335	0.0332783	0.00906997	0.0150446	0.00426232	0.00779025	0.00980687	0.0305787	0.0039257	0.00895548	0.0112564	0.274843	0.184473	0.0496627	0.00238067	0.037219
152	0.289844	0.0140697	0.00510175	0.00587226	0.0284518	0.0678216	0.0582452	0.0462723	0.00548809	0.0575388	0.0389728	0.0333442	0.00279814	0.0122038	0.0107593	0.0978137	0.136422	0.0525387	0.00133126	0.0351109
153	0.121303	0.0220864	0.00676228	0.00710112	0.0120419	0.0254028	0.0341632	0.0214866	0.00859325	0.0166773	0.0101965	0.0203552	0.00405949	0.0119357	0.010505	0.436819	0.166148	0.0216598	0.00290044	0.0398032
154	0.0563555	0.0111381	0.141418	0.0462718	0.00463997	0.0330771	0.0199638	0.0181709	0.112465	0.0147542	0.0062402	0.195131	0.020514	0.0260122	0.0402729	0.175974	0.0474197	0.0192861	0.00126608	0.00963047
155	0.00216825	0.00315647	0.000345964	0.000480766	0.0196277	0.000535521	0.000874912	0.487555	0.000373916	0.116911	0.0383107	0.00346418	0.000315185	0.00291857	0.00119786	0.00319046	0.0088393	0.300225	0.00053422	0.00897501
156	0.0735847	0.00692014	0.00835549	0.0034118	0.00596818	0.834961	0.000733097	0.00379919	0.00104972	0.00531586	0.000622518	0.00439688	0.00399147	0.000987878	0.00233668	0.0340033	0.00589985	0.00195451	0.000276648	0.00143122
157	0.0367234	0.0505494	0.0126057	0.0139306	0.0183574	0.211641	0.0145623	0.0603722	0.0163911	0.0269651	0.0138847	0.020188	0.00837463	0.0176349	0.0151269	0.0470005	0.0250924	0.0296617	0.345625	0.0153133
158	0.0371136	0.00983353	0.000511796	0.000491334	0.00083063	0.00323811	0.000441129	0.163586	0.000597283	0.0345448	0.00157377	0.000697088	0.00145527	0.0077941	0.000609808	0.00363099	0.0374362	0.694585	0.000148792	0.000880219
159	0.0555633	0.0396698	0.012106	0.00843115	0.0114596	0.0186412	0.0143154	0.0619742	0.0120211	0.117952	0.019145	0.0233491	0.00616729	0.0137428	0.0118719	0.207883	0.228465	0.125688	0.00315472	0.00839918
160	0.0517662	0.0215475	0.0138644	0.013031	0.154166	0.406197	0.00913473	0.0754017	0.0138074	0.0262031	0.0150287	0.0172579	0.00887833	0.0122785	0.0113124	0.065494	0.021885	0.0227838	0.00828137	0.0316806
161	0.0231362	0.0110308	0.0112152	0.0101552	0.0119187	0.0111407	0.615312	0.0218857	0.0108171	0.0516486	0.00781382	0.0472906	0.0102865	0.0415446	0.0149602	0.0217312	0.0140302	0.0173149	0.0105818	0.0361862
162	0.0408521	0.0424758	0.00512696	0.0045286	0.0174712	0.0794543	0.0228809	0.045404	0.0131634	0.0739892	0.0665951	0.030814	0.00292571	0.0386636	0.0052881	0.405315	0.0764484	0.0204345	0.00263845	0.0055308
163	0.00847987	0.0104065	0.00226968	0.00170495	0.298215	0.00454776	0.0100123	0.0896727	0.00215096	0.132721	0.0175291	0.00589705	0.0027192	0.0037537	0.00466099	0.0191242	0.0191247	0.026214	0.0322608	0.308535
164	0.0793147	0.0677275	0.00561702	0.00677375	0.0673162	0.0644052	0.00625885	0.14052	0.00923902	0.0858583	0.121614	0.0113737	0.00271999	0.0116254	0.00477482	0.132758	0.0621551	0.108917	0.00186259	0.00916866
165	0.0759665	0.0593639	0.00373915	0.00176691	0.0251524	0.00676839	0.00117607	0.215875	0.00401317	0.184157	0.028653	0.00188111	0.00263103	0.00369451	0.00215299	0.0146854	0.00817424	0.352242	0.000268734	0.0076388
166	0.0134862	0.0133168	0.00340752	0.00370815	0.163334	0.00682906	0.0871424	0.0322301	0.00287427	0.0202659	0.0170219	0.0263633	0.00328056	0.00728828	0.0109848	0.0193878	0.0109892	0.0322551	0.0396015	0.486233
167	0.187247	0.00354572	0.00227253	0.00172908	0.00264307	0.736061	0.000735066	0.00194843	0.00096596	0.0100883	0.000848786	0.00166598	0.00219269	0.000815021	0.00112154	0.0375962	0.00522746	0.00185116	0.000253249	0.0011924
168	0.0927282	0.0506197	0.00621408	0.0113691	0.0470158	0.0218213	0.0118635	0.0326203	0.0105131	0.149311	0.0558358	0.0145755	0.186114	0.0215641	0.013841	0.0846128	0.10791	0.0333394	0.00568591	0.042446
169	0.0098494	0.00796639	0.000750429	0.00108926	0.0268895	0.000987679	0.00230986	0.0430522	0.00198602	0.742971	0.0883242	0.00116258	0.00116974	0.00268549	0.000939612	0.0107697	0.0085652	0.0408621	0.000684205	0.00698574
170	0.113071	0.0095603	0.0243043	0.019024	0.00557405	0.386793	0.00890083	0.0137219	0.0441377	0.0121794	0.00436604	0.0220531	0.00745453	0.0131573	0.133502	0.137272	0.0221233	0.0132821	0.00444301	0.00508015
171	0.335591	0.11498	0.00362997	0.00428789	0.004096	0.025993	0.00398275	0.0324408	0.00414008	0.0859262	0.0458001	0.124745	0.00280028	0.0363571	0.00513681	0.0893077	0.0106162	0.0469673	0.00108039	0.0221218
172	0.317815	0.0303556	0.00115203	0.00176994	0.00700471	0.0417873	0.00145805	0.0308022	0.00851052	0.0125303	0.00142958	0.00286785	0.0368956	0.0022474	0.0016983	0.158805	0.313381	0.0266628	0.000472032	0.00235512
173	0.0176332	0.00687332	0.00392226	0.0036423	0.0335876	0.0164972	0.00616449	0.0599297	0.019246	0.0471703	0.0248365	0.00694353	0.00260094	0.00740488	0.00336638	0.557304	0.169172	0.00744531	0.00129393	0.00496581
174	0.00894952	0.00199187	0.000639178	0.000618084	0.00190708	0.00369191	0.000620313	0.322152	0.00072854	0.0429377	0.00475424	0.00128906	0.00303777	0.00232666	0.000893406	0.00262166	0.00709743	0.589368	0.000237961	0.00413736
175	0.00614947	0.00233987	0.00126219	0.00171139	0.0386457	0.00160505	0.00614536	0.138995	0.00100907	0.530205	0.167188	0.00154458	0.00267234	0.00223902	0.00133154	0.00444803	0.00939659	0.058659	0.00180035	0.0226531
176	0.011088	0.0133255	0.002579	0.00181543	0.230705	0.00862109	0.0368409	0.0356236	0.00145134	0.0300096	0.0182184	0.0121854	0.00144326	0.0037946	0.00483323	0.0230686	0.00749899	0.0359745	0.0347008	0.486222
177	0.0767554	0.00500225	0.111454	0.460411	0.00639051	0.0206938	0.0143039	0.00857492	0.0380737	0.0115632	0.00550606	0.0491323	0.00766462	0.0812987	0.0224863	0.0429719	0.019439	0.0125706	0.000763509	0.00494356
178	0.0759792	0.0144171	0.0142461	0.00757929	0.012106	0.573219	0.00405534	0.035134	0.00873482	0.0102393	0.00540499	0.0151423	0.0317845	0.00593532	0.0129068	0.130983	0.0229534	0.0118755	0.00200535	0.00529888
179	0.0738951	0.00651369	0.0446798	0.03667	0.00584668	0.11809	0.0152138	0.0109733	0.237919	0.0387008	0.00621631	0.0220737	0.0620805	0.0273231	0.0723585	0.0910574	0.108095	0.0133138	0.00118654	0.0077934
180	0.0786497	0.0125657	0.0117848	0.0481513	0.0578126	0.0117407	0.0118755	0.108147	0.0123871	0.191736	0.0260679	0.0208217	0.174262	0.0151779	0.0112118	0.0769639	0.0276422	0.0864768	0.00278112	0.013744
181	0.0164871	0.0133169	0.0148845	0.00262246	0.00489092	0.002893	0.00229556	0.424965	0.00984634	0.0447314	0.016979	0.0210321	0.0238373	0.0080701	0.0151759	0.00664345	0.139254	0.228967	0.000534336	0.00257337
182	0.0764172	0.00436323	0.0148177	0.0655515	0.00708727	0.155221	0.0287669	0.00988646	0.137612	0.0198123	0.0366844	0.0928331	0.00265154	0.0758365	0.114577	0.0410748	0.0437466	0.0294795	0.0170451	0.0265356
183	0.0779476	0.00669038	0.0232635	0.0958504	0.00441602	0.0845765	0.0350504	0.0168282	0.137675	0.0423616	0.0125801	0.0269415	0.020037	0.0999256	0.0522679	0.0826532	0.119423	0.0507097	0.001881	0.00892155
184	0.126461	0.00608795	0.0893686	0.139574	0.00681149	0.0191537	0.0545516	0.00646941	0.0630229	0.0136134	0.0020818	0.0428146	0.205562	0.0264907	0.0164998	0.0844531	0.0485753	0.0215659	0.00028171	0.0265616
185	0.0331749	0.00751193	0.351643	0.0510981	0.00255198	0.0165635	0.0392786	0.0144368	0.0577355	0.0104506	0.00330035	0.217513	0.0294467	0.0344684	0.0256592	0.0603029	0.0168945	0.00912243	0.000439287	0.018408
186	0.171888	0.0269217	0.000501805	0.000639171	0.00110532	0.0139469	0.000594355	0.0132567	0.00171644	0.010505	0.00548599	0.00707644	0.647942	0.000875227	0.00331947	0.0501878	0.0178	0.0170292	0.00016926	0.00903864
187	0.151931	0.0107205	0.0160268	0.00674282	0.00456018	0.331244	0.00301611	0.0179255	0.0173484	0.00370453	0.00171471	0.0207379	0.00787608	0.00361358	0.044685	0.314147	0.0335887	0.00669045	0.00139077	0.00233536
188	0.365463	0.0226854	0.0039669	0.0235128	0.00394072	0.0054537	0.00379584	0.0744183	0.0266009	0.0126615	0.0209906	0.00529415	0.00268869	0.0849714	0.00526655	0.0474405	0.11259	0.172954	0.00125761	0.00404808
189	0.00687417	0.00855368	0.00170506	0.00140222	0.323399	0.00335221	0.00880581	0.0792993	0.00158034	0.0843827	0.0194184	0.00620592	0.00106641	0.00431042	0.00356959	0.0175396	0.0121791	0.0263629	0.0691454	0.320848
190	0.0114324	0.00222268	0.000943583	0.00459458	0.127351	0.00161591	0.133584	0.00622229	0.00113806	0.00522479	0.00389476	0.0102314	0.00311612	0.00162518	0.0114686	0.00426267	0.00812722	0.0098605	0.072095	0.580989
