352	20
1	0.0425583	0.00617685	0.000555197	0.000909956	0.0159975	0.000745305	0.00420989	0.190147	0.00153388	0.0354772	0.0243402	0.000878469	0.000416591	0.00088618	0.00165303	0.0138137	0.0412358	0.615968	0.000224212	0.00227287
2	0.420191	0.000706324	0.0129967	0.0111329	0.00100425	0.0484516	0.00275281	0.00380005	0.0046491	0.00541177	0.00256155	0.0151393	0.00151121	0.00453939	0.0043512	0.421486	0.0278413	0.0100195	0.000373535	0.00108131
3	0.412079	0.0062476	0.00206358	0.00362927	0.0156877	0.0105287	0.0160713	0.0648774	0.00353209	0.0172306	0.0167568	0.0116594	0.0014369	0.00300808	0.00432068	0.190805	0.137084	0.0779853	0.000521941	0.00447401
4	0.0482789	0.0091543	0.0364533	0.0348204	0.0343653	0.0116527	0.3361	0.0304195	0.0226898	0.0368926	0.0196148	0.0835219	0.00639977	0.0566996	0.0275424	0.0677419	0.0537483	0.0308839	0.00232835	0.0506925
5	0.00452045	0.00127545	0.0013476	0.0020234	0.00129436	0.00230091	0.00114084	0.00319077	0.00254794	0.00343128	0.00252425	0.0140814	0.00793032	0.00216135	0.00237609	0.51669	0.425476	0.00396827	0.000493371	0.00122621
6	0.0492923	0.009969	0.0470165	0.0438202	0.0212636	0.0132856	0.328141	0.0227934	0.0321828	0.031587	0.019561	0.0846246	0.00473192	0.059744	0.0327766	0.0710354	0.0526456	0.0258536	0.00232399	0.0473518
7	0.00471789	0.000697309	0.000391698	0.000584029	0.000799715	0.000603308	0.000657179	0.690077	0.000918463	0.0153954	0.0116824	0.000711462	0.000329445	0.000626142	0.000806137	0.00128379	0.00285422	0.266028	0.000119632	0.000717595
8	0.0100968	0.00363687	0.00395569	0.0103447	0.000484414	0.0110397	0.0103066	0.0030875	0.490996	0.00713321	0.00310411	0.0145877	0.000604888	0.0359343	0.346758	0.0249959	0.0206921	0.00138126	0.000150552	0.000709459
9	0.0288708	0.00521185	0.0039896	0.00703089	0.00102063	0.839272	0.00431745	0.00286917	0.0114269	0.00525981	0.00259261	0.0113647	0.00410231	0.00496903	0.00429946	0.0418102	0.0139419	0.00417487	0.00154199	0.00193365
10	0.0121896	0.00403541	0.00109636	0.00216161	0.0440641	0.00141928	0.00238522	0.217902	0.0051992	0.467714	0.10526	0.00236774	0.000980979	0.00373964	0.00586848	0.00621755	0.00964996	0.0993143	0.00176739	0.00666804
11	0.0264957	0.00599604	0.000606596	0.000986462	0.000707533	0.908831	0.00237101	0.00134462	0.00530702	0.00359236	0.00100461	0.00688286	0.00155027	0.000754682	0.000959593	0.025042	0.00349988	0.00176182	0.0012836	0.00102219
12	0.0608302	0.00680173	0.00171906	0.00392412	0.00093177	0.846916	0.00288405	0.00264099	0.0064875	0.00584681	0.00191078	0.00657699	0.00248701	0.00168376	0.00202342	0.0307034	0.00712671	0.00519519	0.00162274	0.00168809
13	0.0104013	0.00409628	0.000855172	0.00118116	0.162833	0.00208762	0.000688836	0.103053	0.00369979	0.457322	0.172882	0.00137191	0.00054214	0.00116128	0.00130193	0.00366165	0.0114134	0.0281219	0.0140556	0.0192706
14	0.00473863	0.00162822	0.000422698	0.000586186	0.00217173	0.000542569	0.000595934	0.551852	0.00156448	0.0254434	0.012204	0.000648308	0.000369404	0.0019372	0.00135449	0.00171274	0.00316901	0.388367	0.000121166	0.000570672
15	0.0243366	0.00578802	0.000896021	0.00156957	0.000856621	0.902024	0.00254388	0.00149495	0.00830804	0.00378399	0.00111083	0.00677224	0.00160482	0.00161137	0.00351543	0.025452	0.00403243	0.0019792	0.0012821	0.00103755
16	0.0663254	0.00817123	0.0449722	0.10153	0.00926066	0.0275471	0.0297549	0.0306826	0.107052	0.0401423	0.0312163	0.039284	0.0213127	0.153222	0.0864445	0.0846478	0.0560535	0.0430527	0.00438288	0.0149442
17	0.086575	0.0134383	0.0039274	0.165313	0.012353	0.0404987	0.0114622	0.123915	0.0757225	0.0618447	0.0176985	0.00827519	0.00556683	0.017009	0.0206487	0.0138857	0.170472	0.148454	0.00113682	0.00180347
18	0.0859383	0.0056803	0.0962438	0.247941	0.00113332	0.0422885	0.0135071	0.0135443	0.0945265	0.020361	0.0137199	0.0486221	0.0345396	0.0490237	0.0387336	0.103241	0.0649163	0.0247434	0.000520723	0.00077577
19	0.597524	0.0220357	0.00553808	0.00846323	0.00465743	0.0565046	0.00558713	0.0135557	0.00726954	0.0172047	0.00627143	0.00894654	0.00270837	0.00739758	0.00557654	0.154807	0.0348567	0.035597	0.000582173	0.00491689
20	0.0208578	0.00381197	0.0146414	0.0324471	0.00328329	0.0194977	0.00974123	0.0119982	0.313542	0.0163022	0.00744298	0.0171173	0.00970013	0.0393434	0.385223	0.0424202	0.0329525	0.0136472	0.00132156	0.00470911
21	0.0319576	0.00265237	0.0405038	0.154091	0.00210742	0.0222589	0.00914258	0.0123014	0.249772	0.0135004	0.00983509	0.0187698	0.00442255	0.0796841	0.214074	0.0615125	0.0492916	0.0180586	0.000890221	0.00517407
22	0.673487	0.0230325	0.00326	0.00233035	0.000795651	0.109353	0.000917783	0.00271622	0.00216735	0.00655427	0.00263191	0.00314475	0.00288188	0.00209591	0.00185037	0.119984	0.0172012	0.0239919	0.000558126	0.00104619
23	0.259638	0.26084	0.0140527	0.0032286	0.00169334	0.00745117	0.0020771	0.0114011	0.0035961	0.067966	0.0043976	0.00361362	0.00216444	0.00320552	0.00306244	0.256043	0.0619689	0.0306416	0.000656697	0.00230147
24	0.0878373	0.00835039	0.00705386	0.0115709	0.021015	0.274372	0.0209694	0.0156721	0.0234721	0.0891608	0.025253	0.0404882	0.0077859	0.0188661	0.0268077	0.104139	0.0301202	0.0265731	0.0887077	0.0717848
25	0.00344347	0.00366984	0.00140957	0.00306534	0.0176127	0.000828378	0.00356631	0.414899	0.00241891	0.308207	0.0225763	0.00102145	0.000508528	0.00291109	0.00665719	0.00231627	0.00911882	0.186032	0.000194618	0.00954305
26	0.042063	0.00644207	0.000549241	0.000911275	0.0154506	0.000734465	0.00439909	0.186818	0.00152691	0.0357586	0.024033	0.000887035	0.000468585	0.000850981	0.00163854	0.0136916	0.0405694	0.620615	0.000225606	0.00236727
27	0.100168	0.0262289	0.00276847	0.00349176	0.00746768	0.00212006	0.00345034	0.105786	0.00479339	0.058821	0.0190484	0.00601327	0.00330328	0.00314332	0.0084121	0.0120135	0.0883588	0.525684	0.00062401	0.0183029
28	0.0272302	0.000664398	0.23269	0.418925	0.0019537	0.0129177	0.00334697	0.00625278	0.0493146	0.00832968	0.00932404	0.0203736	0.00920085	0.0694345	0.0353022	0.0520398	0.015474	0.0180082	0.000774725	0.00844327
29	0.0066842	0.00230091	0.000619452	0.000845585	0.0622835	0.000920891	0.00057459	0.108975	0.00521282	0.603469	0.150735	0.00102972	0.000450622	0.00105893	0.00151465	0.0043696	0.00829007	0.0322471	0.00249201	0.00592641
30	0.0172698	0.00274211	0.000475676	0.000946188	0.00653395	0.000610999	0.0019726	0.496933	0.00115351	0.0310188	0.0173879	0.000729595	0.000341782	0.000918311	0.00186502	0.00531614	0.017366	0.394395	0.00014019	0.00188276
31	0.0104409	0.00381087	0.00247888	0.00939967	0.000452206	0.00831287	0.00974671	0.00271885	0.503054	0.00566529	0.00308216	0.0134546	0.00038024	0.0385864	0.346476	0.0223392	0.0176247	0.00132299	0.000154316	0.000499238
32	0.208999	0.013703	0.00734927	0.14485	0.00561991	0.0362714	0.00646014	0.0115594	0.0103979	0.033608	0.0298398	0.0112445	0.0045764	0.101337	0.0304379	0.165148	0.12421	0.0375656	0.00123733	0.0155851
33	0.0101759	0.00300455	0.0119939	0.0285801	0.000935133	0.0931336	0.0169004	0.00620218	0.360008	0.00731275	0.00232816	0.0234707	0.0019051	0.0558112	0.312643	0.0390172	0.0204679	0.00321663	0.000336078	0.00255828
34	0.00987266	0.00412333	0.00334528	0.00950817	0.000454802	0.00979301	0.00982188	0.00297784	0.48861	0.00653019	0.00288479	0.0144248	0.000644467	0.0358296	0.357137	0.0236473	0.0181543	0.00134031	0.000155594	0.000744706
35	0.0109217	0.00443756	0.000794397	0.000975211	0.166624	0.00196311	0.000621803	0.11441	0.00355546	0.460743	0.16442	0.00115578	0.000563729	0.000966473	0.00110355	0.0029691	0.00979463	0.0291658	0.00740259	0.0174127
36	0.714847	0.0218191	0.00157353	0.00159113	0.000436396	0.0545221	0.000469754	0.00126879	0.000885732	0.00545132	0.00186107	0.00110607	0.00118218	0.000633732	0.000634849	0.157239	0.0128393	0.0210742	0.000185355	0.00037895
37	0.0238771	0.00605141	0.000526443	0.000787652	0.0005211	0.913063	0.00232367	0.00132359	0.00526688	0.00356057	0.000965093	0.00629481	0.00155214	0.000713151	0.000968144	0.0247109	0.00351144	0.00165536	0.00126489	0.00106213
38	0.00976365	0.00380951	0.00294568	0.00930134	0.000459388	0.0093629	0.00957164	0.0026713	0.498245	0.00602015	0.0029896	0.0137277	0.000477108	0.0370922	0.351143	0.0227804	0.0175936	0.00130144	0.000161326	0.00058264
39	0.419691	0.020898	0.00153732	0.00164589	0.000828779	0.438008	0.00139186	0.0025205	0.00289554	0.00438738	0.00196159	0.00352045	0.00674245	0.00121192	0.00162045	0.0696021	0.00752428	0.0126602	0.000274792	0.0010775
40	0.00353033	0.00169912	0.00130526	0.00312391	0.0153629	0.000700301	0.00321263	0.427616	0.00281606	0.121371	0.027308	0.000831648	0.000475555	0.00435128	0.00789349	0.00178375	0.00571008	0.366704	0.000167579	0.0040369
41	0.0105372	0.00324415	0.000746697	0.00211481	0.0675939	0.00146486	0.00101252	0.117041	0.00577763	0.572259	0.143338	0.00184835	0.000538761	0.00197408	0.00266434	0.00639846	0.00911848	0.0427992	0.00285648	0.00667302
42	0.0108852	0.00444164	0.000765748	0.000975944	0.166637	0.00196716	0.000619583	0.114448	0.00355452	0.460978	0.164235	0.00114699	0.000543954	0.000966477	0.00110065	0.00289303	0.00978649	0.029246	0.00740226	0.017406
43	0.433269	0.0122815	0.00723549	0.0126631	0.0056655	0.0798345	0.00511025	0.0164385	0.00729104	0.016535	0.0101314	0.0117021	0.00303319	0.00765194	0.0100581	0.133649	0.107149	0.11596	0.000627006	0.00371442
44	0.0281491	0.00597051	0.00141065	0.00170311	0.000756509	0.893556	0.0024323	0.00146625	0.00772011	0.00415002	0.00122591	0.00770593	0.00163508	0.00135901	0.00282628	0.0276565	0.00528985	0.00238512	0.00142076	0.0011811
45	0.0677586	0.0319361	0.00471368	0.0168998	0.00164692	0.0257715	0.00414999	0.01592	0.00550488	0.00890019	0.00325218	0.00313952	0.703858	0.0220071	0.00547915	0.0486506	0.0140364	0.0140707	0.000670318	0.00163374
46	0.0798993	0.0111232	0.00999539	0.0223054	0.00557777	0.0220776	0.00907082	0.0159489	0.0137402	0.0175191	0.00866572	0.0163657	0.400989	0.0161131	0.0121374	0.163029	0.0995185	0.0705423	0.00168908	0.00369319
47	0.291516	0.019423	0.000941872	0.00138659	0.000626001	0.568379	0.00143683	0.0017473	0.00350717	0.00466522	0.00157505	0.00422968	0.00296298	0.00105849	0.00119684	0.0740562	0.00820247	0.0121284	0.000241359	0.000718899
48	0.00501174	0.00112836	0.00112268	0.00177174	0.00130517	0.00292391	0.00100649	0.00282348	0.00238445	0.00333794	0.00227147	0.0156011	0.00867776	0.00189321	0.00204519	0.397491	0.542688	0.00487415	0.00045536	0.00118722
49	0.0264284	0.00577003	0.0027983	0.00146389	0.00074784	0.892016	0.00297021	0.0018484	0.00979063	0.00435042	0.00156114	0.00725164	0.00238216	0.00161258	0.00410169	0.0262834	0.0039911	0.00217311	0.0012911	0.00116827
50	0.02341	0.00419621	0.0129527	0.032449	0.00327866	0.0169622	0.0111151	0.0107166	0.416081	0.0113608	0.00643424	0.0195377	0.00353594	0.0455139	0.287582	0.0457665	0.0338579	0.0111582	0.000771932	0.00331887
51	0.0421217	0.00686056	0.00794077	0.0167493	0.00186294	0.0115223	0.00504075	0.00709104	0.0130763	0.00947969	0.00604242	0.0269134	0.0115335	0.00778648	0.0103481	0.329994	0.463356	0.0195748	0.000566213	0.00213963
52	0.59854	0.0192395	0.00595898	0.00981834	0.00398298	0.0586458	0.00451545	0.0124991	0.00742305	0.0126362	0.00551777	0.00881375	0.004596	0.0059933	0.00609297	0.155201	0.0348743	0.0399642	0.000498709	0.00518878
53	0.00919939	0.00604576	0.000626078	0.00110465	0.0235849	0.00143546	0.00101829	0.32021	0.00310791	0.415783	0.0698363	0.00161076	0.000495746	0.00235203	0.00397864	0.00407508	0.00629123	0.122873	0.000369592	0.00600193
54	0.570426	0.0112518	0.00548793	0.00718922	0.00074172	0.0260463	0.00107048	0.00255386	0.0029306	0.00450889	0.00173392	0.0046404	0.000862364	0.00267142	0.00145808	0.321771	0.0188918	0.0147701	0.000255255	0.000739144
55	0.0275928	0.00963647	0.000971886	0.00222755	0.0147962	0.00209475	0.00126996	0.279712	0.00515988	0.313624	0.140126	0.00415527	0.000499212	0.00766258	0.0104415	0.00819023	0.00782951	0.162552	0.000370704	0.00108733
56	0.674246	0.0232233	0.00095033	0.00133813	0.000854719	0.153106	0.000846132	0.00198743	0.0012886	0.00493974	0.00221762	0.00129231	0.00445207	0.00116827	0.00141013	0.0945664	0.0104534	0.0206167	0.000260612	0.000781562
57	0.00418673	0.00590094	0.000766045	0.00113181	0.00812136	0.00112091	0.000904608	0.621761	0.00143024	0.0694655	0.119082	0.00124853	0.000541496	0.00365391	0.00132015	0.00375479	0.00269451	0.151707	0.000277977	0.000930593
58	0.528695	0.00393926	0.00686527	0.00923079	0.000508594	0.0156567	0.000668794	0.00162544	0.00329078	0.00281938	0.00127975	0.00389443	0.000535975	0.000871064	0.000914687	0.388258	0.0191239	0.0109899	0.000243369	0.000588499
59	0.0147869	0.004977	0.00880556	0.0320879	0.000653272	0.016826	0.0147666	0.00555182	0.446742	0.0059002	0.00296562	0.0173506	0.000812062	0.0616325	0.307097	0.0322414	0.0220971	0.00280325	0.000123885	0.00177925
60	0.0239641	0.000594336	0.271939	0.478684	0.00319277	0.0145813	0.000724719	0.00241454	0.0214193	0.00404514	0.00370578	0.0246042	0.0185952	0.0273451	0.00989004	0.0708688	0.00905218	0.00390608	0.000259095	0.0102141
61	0.0364807	0.0077202	0.00567549	0.0114848	0.0358886	0.0076218	0.00733822	0.153876	0.0161545	0.409468	0.0915585	0.0104328	0.00478172	0.0117812	0.0138719	0.0420508	0.029007	0.08992	0.0022585	0.0126295
62	0.0300803	0.00522029	0.00525002	0.00551177	0.00318614	0.840633	0.00386882	0.00285317	0.0077368	0.00611407	0.00226134	0.0188275	0.00213842	0.00276704	0.00265954	0.0427624	0.0107536	0.00402527	0.00147074	0.00187943
63	0.0642794	0.00167258	0.0441766	0.144171	0.00156195	0.0163185	0.0166218	0.00357939	0.0388438	0.0115454	0.0102075	0.0470826	0.140807	0.00422564	0.0313863	0.213352	0.203673	0.00484113	0.000446235	0.00120744
64	0.060545	0.00303811	0.135553	0.314217	0.00124903	0.028721	0.014019	0.0146603	0.0963695	0.0133118	0.00909357	0.0359041	0.0109149	0.0727124	0.0499258	0.0648966	0.0384208	0.0343565	0.000585206	0.00150641
65	0.0375281	0.00760465	0.00221909	0.00453655	0.0124421	0.00245153	0.00392518	0.163197	0.00590883	0.038667	0.0448529	0.00430911	0.00217866	0.00470286	0.00773165	0.0155284	0.114939	0.5214	0.0007432	0.00513478
66	0.0596324	0.0235078	0.0144186	0.0282697	0.0032489	0.0218052	0.0058228	0.0184847	0.0159947	0.0149488	0.00693191	0.00984366	0.624499	0.0212856	0.0113355	0.0635575	0.0318902	0.0202421	0.000828115	0.00345323
67	0.0227006	0.00351579	0.00490356	0.0123801	0.433691	0.010169	0.0218896	0.0328827	0.0123926	0.0919291	0.0314881	0.0152965	0.00248824	0.00558441	0.00721467	0.0131344	0.0136005	0.0368998	0.0195808	0.208259
68	0.112252	0.0607002	0.00754521	0.00850352	0.00926208	0.0065711	0.00490624	0.0601226	0.00928866	0.0297577	0.0361714	0.0342222	0.00580596	0.00728556	0.0586041	0.0147915	0.131553	0.339599	0.0021969	0.0608604
69	0.213688	0.00380298	0.0232953	0.0681972	0.02105	0.0456644	0.0251364	0.0302336	0.0157617	0.0197485	0.0196461	0.0303949	0.0157768	0.0493823	0.0193441	0.165812	0.138873	0.0860024	0.000565855	0.00762474
70	0.0118101	0.00540961	0.0005186	0.000822619	0.0736926	0.00147897	0.000526789	0.175022	0.00452029	0.474068	0.151539	0.00171797	0.000441367	0.00207702	0.00398716	0.00463507	0.00772835	0.0697041	0.00283975	0.00746153
71	0.176378	0.00330371	0.0147136	0.0176239	0.00542419	0.0453348	0.00862328	0.0142179	0.0225674	0.0275868	0.0134582	0.116138	0.00301268	0.0119208	0.011643	0.234585	0.202603	0.0653898	0.000957416	0.00451839
72	0.682777	0.0233841	0.0007438	0.00117387	0.0007199	0.140491	0.000712968	0.00159286	0.00109567	0.00473576	0.00206383	0.00111848	0.00401106	0.00101696	0.00106525	0.0998386	0.0109661	0.0215733	0.000234834	0.000684762
73	0.522544	0.0125736	0.00856907	0.0128984	0.0028148	0.0696643	0.0036302	0.00646473	0.0057685	0.00924482	0.0045237	0.0119509	0.00304623	0.011445	0.00506758	0.244849	0.035492	0.0270697	0.00066195	0.00172202
74	0.0514679	0.00297087	0.129996	0.374155	0.00391286	0.0191268	0.00994237	0.0112428	0.059897	0.0155861	0.0124821	0.0278368	0.0108414	0.0656205	0.0438875	0.0856337	0.0406586	0.0273448	0.00106098	0.00633567
75	0.0183794	0.0034708	0.000623624	0.00106269	0.0276623	0.000922332	0.00211457	0.26558	0.00282528	0.0691554	0.0277074	0.000878005	0.000477917	0.0026086	0.00345527	0.00652286	0.0163751	0.547257	0.000193215	0.00272765
76	0.0151425	0.00107033	0.00113608	0.0120428	0.450745	0.00140085	0.0243212	0.00908577	0.00831935	0.0316653	0.00853831	0.00737687	0.000769373	0.00165889	0.00174198	0.0034293	0.00340334	0.0204819	0.0238992	0.373771
77	0.390621	0.0101581	0.0193136	0.0227708	0.00481831	0.0984	0.00685451	0.00937906	0.0123468	0.0138779	0.00714037	0.0274429	0.0135602	0.0160863	0.00991181	0.259813	0.0466322	0.0260466	0.00120556	0.00362084
78	0.17606	0.00208827	0.00235549	0.00338911	0.00192648	0.0407757	0.00269624	0.0112689	0.0226223	0.0320739	0.0140003	0.0784454	0.00183743	0.00317695	0.00873151	0.230642	0.298437	0.0667624	0.000460941	0.00224962
79	0.0272069	0.000914563	0.182502	0.503061	0.00228158	0.0110159	0.00338996	0.006779	0.0349864	0.00879207	0.00930723	0.017082	0.0103675	0.0569205	0.0286613	0.0502428	0.0195396	0.0177433	0.00060116	0.0086049
80	0.0177629	0.00496221	0.0012858	0.00324985	0.0160129	0.000765705	0.00343232	0.286409	0.00633461	0.110135	0.0509353	0.00163447	0.000480192	0.00395633	0.0117891	0.0062261	0.0147263	0.457019	0.000272623	0.00261017
81	0.0367481	0.00395251	0.0269647	0.0464532	0.00630005	0.0271588	0.0128429	0.00974491	0.290275	0.0161654	0.00961692	0.0684742	0.00510727	0.0465673	0.202812	0.107163	0.0585155	0.0144027	0.00162761	0.00910828
82	0.0193581	0.00422369	0.01328	0.0333592	0.00270272	0.0204202	0.0110673	0.0111486	0.412719	0.0121612	0.00675211	0.0197106	0.0062041	0.0443721	0.292611	0.0405685	0.0347064	0.0109013	0.000630378	0.00310341
83	0.131141	0.00384855	0.0211484	0.0366429	0.00792962	0.0487633	0.0103184	0.0208419	0.0267214	0.0252205	0.0123129	0.0430541	0.00668045	0.0179765	0.0192251	0.188019	0.297957	0.0755822	0.00107681	0.00553941
84	0.273967	0.00786215	0.0359228	0.235472	0.00627556	0.0282001	0.00872753	0.017355	0.0215128	0.0181143	0.0126701	0.0191155	0.00949669	0.0288662	0.02252	0.146054	0.0580733	0.040724	0.00197829	0.00709244
85	0.042841	0.00619187	0.000570102	0.000960473	0.0173759	0.000726798	0.00414976	0.190137	0.00155079	0.0368032	0.0258614	0.000947998	0.000425552	0.000915434	0.00171212	0.0133165	0.0404515	0.612502	0.000228761	0.00233177
86	0.0128745	0.00427661	0.00131204	0.00229673	0.0461225	0.00187488	0.00171512	0.211282	0.00547848	0.472111	0.104768	0.00227434	0.00109593	0.0028801	0.00545901	0.00671384	0.0104867	0.0993223	0.0014753	0.00618026
87	0.0221901	0.00331134	0.00528631	0.0602511	0.00551453	0.0341959	0.0155726	0.0659964	0.0883327	0.0679279	0.140796	0.0403733	0.00600535	0.030892	0.0358918	0.0270709	0.286399	0.055308	0.00409462	0.00459078
88	0.0754193	0.00268668	0.0373567	0.226514	0.002795	0.0110367	0.00489969	0.012851	0.0588229	0.0195769	0.00911496	0.014116	0.00491053	0.115526	0.133001	0.148598	0.0838594	0.0269823	0.00374086	0.00819245
89	0.259831	0.0309719	0.00717527	0.00985909	0.0161873	0.012596	0.130656	0.0268502	0.00783836	0.0401111	0.0117802	0.0745472	0.00411867	0.0116338	0.00803318	0.159504	0.120757	0.054918	0.00171403	0.0109178
90	0.0112185	0.00520619	0.000749787	0.000979729	0.156291	0.00201765	0.000599726	0.124147	0.00372281	0.45845	0.162583	0.00126621	0.000516657	0.00116489	0.00153569	0.00307408	0.00933672	0.0348229	0.00651903	0.0157981
91	0.041871	0.00451455	0.0205409	0.0557377	0.00691369	0.0243961	0.0131479	0.0160396	0.201185	0.0219417	0.0123111	0.0268752	0.0179755	0.048345	0.290424	0.10553	0.0562202	0.0223854	0.00246336	0.0111815
92	0.00827847	0.0032357	0.0079319	0.0131986	0.000582289	0.0158763	0.00851372	0.00438283	0.435935	0.0105296	0.00282872	0.0140931	0.00222757	0.0311992	0.387031	0.028697	0.0211084	0.00207723	0.000263785	0.00200959
93	0.47975	0.000949116	0.00811995	0.0107267	0.00062594	0.0137145	0.00087806	0.00194182	0.00347767	0.00227329	0.00132583	0.00460831	0.000651492	0.00115021	0.00103029	0.438348	0.0199979	0.00944338	0.000307987	0.000679787
94	0.0165685	0.00545184	0.00132305	0.00342718	0.0162542	0.00132879	0.00254299	0.420622	0.00367274	0.200605	0.0927744	0.00217739	0.000684021	0.00490924	0.00689323	0.00558062	0.00973236	0.202174	0.000392118	0.00288613
95	0.0571005	0.00700716	0.00750492	0.012596	0.00778902	0.66911	0.0278459	0.0101405	0.0135507	0.0347669	0.00843075	0.0189727	0.00609661	0.00974353	0.0114535	0.0458796	0.0211042	0.0163127	0.00468552	0.00990952
96	0.00462968	0.00254719	0.00124448	0.00304221	0.011181	0.000710205	0.00341927	0.409904	0.00288065	0.117197	0.0271762	0.00084017	0.00045885	0.00484282	0.00718826	0.00222563	0.00723845	0.389447	0.000183452	0.00364341
97	0.00900325	0.00320959	0.00312047	0.00888133	0.0004623	0.00888723	0.00827021	0.002928	0.449435	0.00590755	0.00289965	0.0125179	0.000469669	0.0343026	0.41003	0.0209624	0.0163978	0.00151978	0.000189806	0.000605408
98	0.00348112	0.00259675	0.000494708	0.000745189	0.00467487	0.000645153	0.000796398	0.655708	0.00104832	0.0361972	0.0614064	0.000850644	0.000350411	0.0013147	0.000872503	0.00168407	0.00259217	0.223391	0.000176133	0.000973659
99	0.0108628	0.00378029	0.00265189	0.00934966	0.00046467	0.0086688	0.0102317	0.00280906	0.500012	0.00595078	0.0033398	0.0140373	0.000380812	0.0378131	0.344369	0.024008	0.0193128	0.00132848	0.000153731	0.000475929
100	0.0309403	0.00194987	0.123099	0.516724	0.00255815	0.00939922	0.00472144	0.0104822	0.0427335	0.0140572	0.0151607	0.0134341	0.00391973	0.0710332	0.0431121	0.0346549	0.0207826	0.0308111	0.00104717	0.00937913
101	0.0277002	0.00183653	0.00298386	0.0736949	0.00287283	0.0156398	0.0268809	0.0745318	0.132884	0.038367	0.0367448	0.0234145	0.00675159	0.0569775	0.0677828	0.0360057	0.266979	0.0996417	0.0067197	0.00159133
102	0.0180447	0.0031765	0.0131906	0.0317629	0.00182378	0.0181019	0.00941673	0.0063921	0.394299	0.00952505	0.00425706	0.0189489	0.00385787	0.0425785	0.319137	0.053998	0.0406663	0.00793272	0.000386097	0.00250444
103	0.0289324	0.00253851	0.208833	0.287863	0.00904203	0.0161073	0.00521882	0.0111363	0.0750236	0.0407559	0.0213178	0.0272744	0.00393727	0.0287311	0.069517	0.0243046	0.0783493	0.0428488	0.0138771	0.00439167
104	0.0127844	0.00313449	0.000464063	0.000745144	0.00717859	0.000630997	0.00155188	0.405582	0.00223023	0.0355234	0.0191765	0.000753674	0.000419556	0.00214797	0.00215163	0.00472139	0.0117158	0.487737	0.000141909	0.00120979
105	0.0151973	0.00136434	0.00124444	0.0110655	0.424455	0.00161338	0.0221566	0.0178808	0.00803599	0.0594172	0.0193664	0.00711565	0.000912364	0.00183555	0.00212211	0.00372091	0.00415646	0.0228989	0.0243025	0.351139
106	0.0509072	0.00343291	0.108261	0.41024	0.00516233	0.0189274	0.00900793	0.0310798	0.0518435	0.0215024	0.0125991	0.0248339	0.00851711	0.0431372	0.0340477	0.0573819	0.0612454	0.0399162	0.00225323	0.00570424
107	0.0252867	0.00597269	0.00115009	0.00192926	0.000562305	0.904587	0.00247188	0.00148791	0.00572189	0.00400271	0.00140971	0.00667994	0.00234874	0.00141363	0.00160861	0.025061	0.00394502	0.00183497	0.00144494	0.00108124
108	0.044989	0.00269855	0.108049	0.407586	0.00307248	0.0128864	0.00617507	0.0158787	0.0667648	0.0201617	0.0270434	0.0168351	0.00475734	0.0820599	0.0499811	0.0352918	0.0255026	0.0606208	0.0012688	0.00837765
109	0.0235563	0.00539145	0.00142504	0.00332456	0.0105144	0.00140216	0.00272634	0.328066	0.0040858	0.0633904	0.0297734	0.00231639	0.00127901	0.0038876	0.00566643	0.00866699	0.0232553	0.477778	0.0002411	0.00325279
110	0.079851	0.00720362	0.0129108	0.0702109	0.0076763	0.0125331	0.0057264	0.191477	0.0952344	0.0548761	0.0255119	0.0166624	0.0102473	0.0167822	0.0399563	0.0250892	0.171372	0.151763	0.00144295	0.00347405
111	0.0304667	0.00110899	0.265517	0.391793	0.00311847	0.0200926	0.00350138	0.00429629	0.0426584	0.00589162	0.00477613	0.0338784	0.0214789	0.0387015	0.0193567	0.0812614	0.0140682	0.00917522	0.000333415	0.00852632
112	0.025671	0.00999387	0.000617765	0.00151822	0.0169486	0.00222708	0.000738762	0.247913	0.00523678	0.357916	0.140268	0.00393975	0.000485657	0.00541943	0.0114211	0.00789305	0.00726935	0.153617	0.000236601	0.000669281
113	0.079144	0.00251094	0.0379661	0.104088	0.00389983	0.0210946	0.00841011	0.0168525	0.154632	0.0179543	0.0115937	0.0410272	0.00150849	0.0573188	0.111602	0.173317	0.105675	0.0467748	0.00161418	0.0030158
114	0.113326	0.00737983	0.0348835	0.0130453	0.0401692	0.00700768	0.00575345	0.162132	0.0167815	0.0773779	0.0442801	0.0116384	0.0543327	0.0109374	0.0139024	0.0201009	0.0606176	0.182048	0.00173034	0.122556
115	0.0808853	0.00551152	0.0834585	0.209257	0.00298454	0.0262889	0.0154997	0.0242091	0.114308	0.0199242	0.0128473	0.0386998	0.00835624	0.0642289	0.0681051	0.0999363	0.0709704	0.0515526	0.00100538	0.0019709
116	0.0503696	0.0173104	0.0472267	0.0698297	0.0843564	0.0099181	0.0190106	0.0454384	0.0909162	0.0781092	0.0264381	0.0118546	0.019146	0.0152632	0.0832391	0.0549079	0.0633162	0.0754679	0.00106849	0.136813
117	0.172484	0.00325276	0.0397234	0.0874345	0.0107027	0.048022	0.0147017	0.0279761	0.0313091	0.0210066	0.015821	0.0390495	0.00480268	0.0353864	0.0281709	0.181983	0.134615	0.0977416	0.000239495	0.00557748
118	0.100827	0.00206603	0.0071362	0.00882469	0.00377831	0.0481241	0.00393721	0.021215	0.0409683	0.0215973	0.0109337	0.0547449	0.00330254	0.00622413	0.0206733	0.205795	0.371633	0.0644521	0.000477762	0.00328855
119	0.0107513	0.00328323	0.00115906	0.00255937	0.0656812	0.001638	0.000752213	0.121278	0.00615439	0.566791	0.139444	0.00195414	0.000790946	0.00307448	0.00306862	0.00681245	0.00904078	0.0463426	0.00269828	0.00672535
120	0.0217526	0.00320869	0.00865119	0.0427869	0.000706009	0.0131359	0.0093873	0.00621107	0.440161	0.00653003	0.00307193	0.0152177	0.000988914	0.0531455	0.304723	0.0364544	0.0274073	0.00403619	0.000361465	0.00206285
121	0.00542	0.00112012	0.0011102	0.00171829	0.00118267	0.00305025	0.000967369	0.00285857	0.00243095	0.00342733	0.00216237	0.0154595	0.0086646	0.00186066	0.00200923	0.395065	0.544818	0.00497175	0.000455508	0.00124788
122	0.159721	0.00341742	0.0337763	0.073389	0.0104758	0.0423933	0.0153794	0.0278717	0.0636678	0.0202931	0.0141395	0.0366103	0.00425123	0.0414174	0.0486171	0.178522	0.12888	0.0900728	0.000567261	0.00653777
123	0.017752	0.00293112	0.0732276	0.0748159	0.00247807	0.0257872	0.00879009	0.00893645	0.311542	0.0114647	0.00458457	0.0260462	0.00287283	0.0573574	0.260875	0.0576989	0.0370318	0.0107699	0.00126038	0.00377778
124	0.0348293	0.00143491	0.260293	0.376482	0.00429275	0.0255893	0.00358893	0.00577172	0.0384933	0.00854216	0.0170295	0.0277236	0.0201478	0.0384213	0.0237212	0.072852	0.0167868	0.0133133	0.00112664	0.00956058
125	0.0638956	0.0028043	0.0530518	0.0978832	0.00131488	0.0377385	0.00275278	0.00715877	0.0807156	0.0261085	0.02016	0.0952349	0.00310813	0.0327717	0.0405274	0.263217	0.140615	0.0283938	0.00134747	0.00120104
126	0.0526164	0.00199265	0.0109273	0.0475778	0.00297156	0.0456135	0.0169697	0.0321464	0.226953	0.0342176	0.0455178	0.01699	0.00464159	0.0727576	0.211304	0.0514545	0.0871415	0.0333949	0.00122796	0.0035834
127	0.0177748	0.0011187	0.00135716	0.0626364	0.00143705	0.0108193	0.0318225	0.0627156	0.144238	0.0373826	0.030563	0.0238089	0.00790679	0.0640245	0.0648934	0.0303914	0.307013	0.0935572	0.00540213	0.00113754
128	0.0114734	0.00395371	0.000967518	0.00280894	0.176628	0.00205012	0.00418411	0.102457	0.00575966	0.42205	0.138854	0.00284125	0.000588556	0.00260836	0.00292261	0.00449134	0.0102072	0.0294012	0.00979662	0.0659568
129	0.00966659	0.00279688	0.021283	0.0278323	0.00171679	0.0226435	0.00786242	0.0072904	0.342162	0.0110347	0.00314259	0.0200148	0.00497794	0.038084	0.389362	0.044913	0.0372624	0.00390998	0.000317832	0.00372764
130	0.0620473	0.0117338	0.00167161	0.00672781	0.0205937	0.00261946	0.00152544	0.217694	0.00478798	0.287335	0.130694	0.00609028	0.000757993	0.00587568	0.00760879	0.0121058	0.014043	0.203326	0.00062988	0.00213261
131	0.155148	0.00280683	0.229645	0.13714	0.00641795	0.105879	0.0033044	0.00646989	0.0159627	0.0199632	0.00672202	0.0350826	0.0863316	0.0178645	0.0154744	0.123835	0.0149418	0.00890943	0.000863158	0.0072386
132	0.153854	0.010678	0.0983737	0.105411	0.00498105	0.0803194	0.00562173	0.00935465	0.0254813	0.0163349	0.00829826	0.0252614	0.212036	0.0289361	0.0287152	0.132797	0.0362466	0.0123068	0.000729693	0.00426248
133	0.108271	0.00437785	0.0582301	0.08995	0.00374551	0.0476533	0.00697448	0.015424	0.0657991	0.0233611	0.0179325	0.0793919	0.00324261	0.0327587	0.0350316	0.209527	0.146093	0.0495755	0.000309366	0.00235198
134	0.00733823	0.00310956	0.000898031	0.00174352	0.0226486	0.000905236	0.00182407	0.46129	0.00250507	0.0930909	0.068568	0.00113879	0.000459689	0.00325576	0.00421139	0.00343273	0.00581978	0.314212	0.000232573	0.00331575
135	0.10837	0.0093882	0.00857734	0.0102944	0.110889	0.0110532	0.208469	0.0526382	0.0141785	0.024211	0.0136487	0.0635692	0.0048306	0.020107	0.0170681	0.0813848	0.102262	0.0588868	0.00187115	0.0783024
136	0.0288786	0.00108175	0.154571	0.442662	0.00215138	0.00730028	0.00301052	0.0109851	0.043785	0.0189441	0.0250143	0.00879452	0.0028307	0.0945552	0.0634841	0.0259176	0.0135836	0.0330494	0.00131498	0.0180859
137	0.281597	0.00346732	0.0057168	0.0100376	0.00513403	0.0840317	0.0125217	0.0124183	0.0279473	0.0119557	0.00807136	0.063123	0.0041063	0.178153	0.0129699	0.214201	0.0436987	0.0150512	0.00148464	0.00431388
138	0.0106346	0.00778925	0.000507169	0.000850211	0.0499219	0.00149337	0.000613314	0.287562	0.00317393	0.416452	0.0976625	0.00166927	0.000383322	0.00186069	0.00323803	0.0040273	0.00641895	0.098583	0.0012208	0.00593809
139	0.0476481	0.00163278	0.0152836	0.0725654	0.0311895	0.00270616	0.00540106	0.0858849	0.0612383	0.161818	0.122987	0.0261991	0.0103111	0.0814196	0.0298246	0.0487051	0.0715736	0.114142	0.000623724	0.00884601
140	0.0281312	0.00327824	0.0239478	0.0914343	0.00175838	0.0227819	0.00997009	0.0119587	0.315054	0.00870573	0.00462982	0.0225195	0.00179015	0.0914237	0.233068	0.0689188	0.0426588	0.012464	0.000521046	0.00498589
141	0.0313343	0.00264194	0.0181814	0.146311	0.0375191	0.00540554	0.0108453	0.0274976	0.0807449	0.128529	0.138582	0.0265053	0.00345341	0.146285	0.0402156	0.044543	0.0355512	0.063219	0.00160407	0.0110308
142	0.00985782	0.00301064	0.0122024	0.0290311	0.000902325	0.0936034	0.016799	0.00612247	0.360054	0.007388	0.00219059	0.0240161	0.00192926	0.0554015	0.312002	0.0390046	0.0204021	0.00314396	0.000342076	0.00259693
143	0.0046631	0.00106431	0.000424195	0.000558737	0.00266665	0.000567644	0.000635886	0.573656	0.00146287	0.0273497	0.0112302	0.000625199	0.000371838	0.00174835	0.0013999	0.00155432	0.00324719	0.365932	0.000132197	0.000710221
144	0.0947882	0.00187799	0.0106417	0.155226	0.00223461	0.007186	0.00391765	0.0127334	0.0929985	0.0272476	0.00751952	0.0130899	0.000985009	0.0703782	0.147468	0.189174	0.109164	0.0394987	0.00692595	0.00694511
145	0.111517	0.0134775	0.00574143	0.0913433	0.00672169	0.0128728	0.00420138	0.189909	0.0661495	0.0684592	0.0140076	0.0165557	0.0150007	0.0119279	0.0168465	0.0227427	0.17684	0.151788	0.000964418	0.00293292
146	0.0278265	0.00599618	0.00077447	0.000999326	0.00061242	0.90364	0.00261716	0.00159258	0.00537415	0.00457078	0.00110186	0.00655261	0.00179184	0.00115872	0.00126659	0.0252892	0.00395091	0.00214925	0.00145332	0.00128248
147	0.0320584	0.00260047	0.332511	0.324996	0.00386559	0.0176516	0.0191231	0.00581131	0.0323367	0.00874652	0.00783653	0.0304946	0.0172491	0.0361113	0.0205795	0.0669949	0.0175452	0.0129158	0.00082441	0.00974723
148	0.0128927	0.0040887	0.00071708	0.00139232	0.00947989	0.000665867	0.00213063	0.387504	0.00215078	0.0554699	0.041308	0.000852747	0.000443622	0.00334276	0.00315577	0.00530143	0.013216	0.454299	0.000205483	0.00138368
149	0.00368543	0.00268107	0.00079414	0.00150197	0.00559757	0.000657112	0.00150572	0.623705	0.00132407	0.0523663	0.053762	0.000778387	0.000343422	0.00230946	0.00257892	0.00199934	0.00354949	0.239151	0.000183377	0.00152658
150	0.117406	0.00623085	0.00801991	0.0147113	0.0120256	0.0139197	0.0105792	0.0252328	0.0166793	0.0354517	0.215414	0.0166695	0.00626967	0.110561	0.0130632	0.0735199	0.0685451	0.0701961	0.0755576	0.089948
151	0.009117	0.00191	0.000695204	0.0012252	0.00547026	0.000725546	0.00162463	0.553385	0.00181911	0.0402327	0.0170883	0.000961249	0.000367049	0.00188185	0.00257487	0.00290377	0.00689349	0.349507	0.000183451	0.00143398
152	0.0299291	0.00328458	0.339277	0.316397	0.00307196	0.0165558	0.0196184	0.00513396	0.0350934	0.00781909	0.00718268	0.0380463	0.0171816	0.0344211	0.0188234	0.0696343	0.0182784	0.0105426	0.000702264	0.00900796
153	0.340202	0.00206496	0.0142756	0.050183	0.00306389	0.0184579	0.00463104	0.0109735	0.043358	0.011585	0.00731292	0.0164887	0.00184703	0.0142993	0.0164046	0.331241	0.0622254	0.0476652	0.00124213	0.00247873
154	0.0745456	0.00284032	0.0787958	0.109463	0.00119193	0.0472518	0.00325212	0.00694377	0.0779458	0.022081	0.0173243	0.115553	0.00585344	0.035944	0.0351922	0.212135	0.130053	0.0224619	0.000361375	0.000810342
155	0.00519008	0.00114626	0.00112966	0.00174054	0.00120103	0.00298803	0.00101027	0.00298269	0.00258029	0.00345504	0.00231185	0.0167773	0.00870925	0.0018375	0.00216262	0.400756	0.53733	0.00496656	0.000466544	0.00125827
156	0.028617	0.00594153	0.00203817	0.00333285	0.000531567	0.889852	0.00247461	0.00155761	0.00600285	0.00411399	0.00115638	0.00767405	0.00296071	0.00155748	0.00144373	0.0285615	0.00684626	0.0029795	0.00128838	0.00106973
157	0.150727	0.00355069	0.0372146	0.0778746	0.00929495	0.0408329	0.0145448	0.0260683	0.070243	0.0207298	0.0138075	0.041077	0.0038708	0.0420566	0.0514393	0.181495	0.126642	0.0824289	0.000557412	0.0055449
158	0.0212166	0.00635444	0.000672753	0.00127422	0.0114487	0.000705726	0.00303495	0.266429	0.00227618	0.0516787	0.0246517	0.000814933	0.000482325	0.00257883	0.00320703	0.00786543	0.0225713	0.570698	0.000210345	0.00182902
159	0.0652889	0.0091886	0.0182319	0.0302506	0.0747933	0.0399811	0.0451348	0.0476017	0.0694044	0.0281344	0.0140671	0.0267208	0.00768292	0.0197405	0.0483882	0.131676	0.14297	0.113892	0.00138719	0.0654663
160	0.0505818	0.00389772	0.00900412	0.0679891	0.0177837	0.00400745	0.00406774	0.0870883	0.0200247	0.242614	0.0988091	0.0115737	0.00431116	0.068679	0.0129584	0.0292328	0.0534693	0.207722	0.000968837	0.00521708
161	0.0253443	0.00611517	0.00171009	0.00276392	0.000956719	0.893238	0.00275029	0.00249461	0.0067402	0.0049674	0.0017562	0.00669733	0.00199495	0.00178076	0.00340501	0.0253914	0.00478817	0.00344432	0.0018878	0.001773
162	0.0143584	0.00261623	0.0143417	0.0298381	0.00223514	0.02122	0.00772589	0.026297	0.300743	0.0252675	0.00775728	0.01597	0.0117248	0.0343892	0.368408	0.0391485	0.0554058	0.0163146	0.000660538	0.00557842
163	0.141267	0.328445	0.0110875	0.00311047	0.00198528	0.00337348	0.00220067	0.0147368	0.00345975	0.0632258	0.0043972	0.00369134	0.00205602	0.00358612	0.00338344	0.274961	0.092863	0.0389301	0.000803762	0.00243691
164	0.0343727	0.00556145	0.0650377	0.161938	0.0014667	0.0275448	0.012221	0.0118245	0.250741	0.0111138	0.0057996	0.0281427	0.00557667	0.0761635	0.181711	0.0598607	0.0388442	0.0178067	0.000500135	0.00377348
165	0.17692	0.00330744	0.0496194	0.0899573	0.0142391	0.0572156	0.0133207	0.0348831	0.0324954	0.0199966	0.0139293	0.0359321	0.00594351	0.0311451	0.0239904	0.167168	0.124081	0.0995743	0.000404939	0.00587757
166	0.0151425	0.00107033	0.00113608	0.0120428	0.450745	0.00140085	0.0243212	0.00908577	0.00831935	0.0316653	0.00853831	0.00737687	0.000769373	0.00165889	0.00174198	0.0034293	0.00340334	0.0204819	0.0238992	0.373771
167	0.210338	0.00344852	0.0326642	0.0798854	0.00892047	0.0406991	0.0133644	0.0295272	0.0295447	0.0192356	0.0178027	0.0382291	0.00394641	0.0291219	0.0228585	0.191556	0.132917	0.0908752	0.00030125	0.00476479
168	0.0954039	0.00312735	0.0663491	0.085392	0.00177895	0.0723975	0.00399114	0.0081349	0.068929	0.0255894	0.0189154	0.097614	0.00726381	0.0273472	0.0351998	0.226901	0.129346	0.0248422	0.000313828	0.00116387
169	0.0756001	0.00315529	0.122658	0.297186	0.00196114	0.0305854	0.0130069	0.0159992	0.0828156	0.0148765	0.0104372	0.0364584	0.00954242	0.0644508	0.0414926	0.0806913	0.0511918	0.0456623	0.000694715	0.00153459
170	0.0539662	0.00129347	0.270309	0.348572	0.00931921	0.034768	0.00172988	0.00328358	0.0276508	0.00663304	0.00548515	0.0289265	0.0434514	0.024146	0.01295	0.0983872	0.0102364	0.00497486	0.00035662	0.0135604
171	0.214539	0.00428596	0.0302833	0.0434252	0.0267223	0.0524994	0.014617	0.0339196	0.0156914	0.0322689	0.0128296	0.0338112	0.00566583	0.0356387	0.0188579	0.15942	0.145512	0.106031	0.000736742	0.0132451
172	0.0363799	0.00225698	0.212943	0.291142	0.0117229	0.0218821	0.00642651	0.0103667	0.0810421	0.0245776	0.0141806	0.0229885	0.00489836	0.033189	0.0692025	0.0307142	0.0703811	0.0436195	0.00774628	0.00433985
173	0.0360452	0.00340636	0.0655093	0.181457	0.00161069	0.0264985	0.0100962	0.0118764	0.235077	0.0113122	0.0060868	0.0260744	0.00511478	0.0767651	0.172696	0.063664	0.0422349	0.0199215	0.000587063	0.00396782
174	0.0352543	0.0297714	0.0180814	0.0487805	0.125302	0.0238496	0.0208507	0.0582654	0.0911943	0.0803783	0.0153748	0.030688	0.00786214	0.0295423	0.0586121	0.0435216	0.0548594	0.0911937	0.00133884	0.135279
175	0.0504496	0.00829505	0.00118946	0.00426234	0.0138248	0.00105553	0.00262653	0.190509	0.00296775	0.0799908	0.0650222	0.00303326	0.000662352	0.00246765	0.00362337	0.0122429	0.0296349	0.526019	0.000268939	0.00185438
176	0.0479555	0.00188838	0.233238	0.33578	0.00277647	0.026021	0.00573325	0.00670137	0.0530128	0.0116316	0.00623458	0.0385514	0.0301412	0.045518	0.0241531	0.0868654	0.0231335	0.0139936	0.000468657	0.00620168
177	0.0297267	0.0111509	0.000800824	0.00233255	0.0162352	0.00229581	0.00114731	0.265641	0.00554086	0.31767	0.136807	0.0043612	0.000486446	0.00598907	0.0125923	0.00825631	0.00845051	0.16958	0.000230193	0.00070618
178	0.0586842	0.0179638	0.014775	0.0233107	0.00799503	0.0214385	0.00838177	0.0355455	0.033188	0.0768097	0.0231863	0.0177114	0.47241	0.0223243	0.0197629	0.0564738	0.0418553	0.0367689	0.00206174	0.00935288
179	0.0629851	0.00289674	0.0644155	0.132954	0.00266492	0.027602	0.00766033	0.0121692	0.177216	0.0190495	0.0104586	0.0480945	0.004987	0.0580022	0.0983266	0.150725	0.0860031	0.0307959	0.000973222	0.00202035
180	0.0257042	0.00559554	0.00372209	0.00554787	0.00308426	0.85957	0.00311294	0.00272945	0.0105715	0.00596553	0.00271967	0.015697	0.00218193	0.00236776	0.00590199	0.0300465	0.00813963	0.0038721	0.00149007	0.00198041
181	0.0237287	0.000857385	0.308405	0.396076	0.00384598	0.0169704	0.000739168	0.00194804	0.0264805	0.00432657	0.00451263	0.0308226	0.0336703	0.0280053	0.0122841	0.0839572	0.00948864	0.00291979	0.000335535	0.0106264
182	0.0278081	0.00526504	0.00126882	0.00329633	0.0119019	0.00085836	0.0042243	0.251149	0.00273649	0.0827918	0.0286477	0.00132406	0.000754878	0.00253149	0.00576556	0.00976159	0.0339761	0.522327	0.000255054	0.00335578
183	0.047687	0.017834	0.0168612	0.0604062	0.0699185	0.0151929	0.0438911	0.0222261	0.108838	0.127645	0.0348207	0.0446805	0.00356745	0.0415846	0.0992392	0.0719783	0.0266439	0.0324805	0.002957	0.111548
184	0.0158276	0.00348553	0.0104729	0.0328078	0.000878129	0.0169738	0.0103742	0.00603081	0.432079	0.00824214	0.00375456	0.0172968	0.00153116	0.0540256	0.310601	0.0408304	0.0270833	0.0051679	0.000353435	0.0021836
185	0.0127009	0.00305993	0.0205325	0.0624903	0.000951199	0.0265073	0.00896829	0.00949081	0.36336	0.00855594	0.00196641	0.0184763	0.00338198	0.0644515	0.31489	0.0427485	0.0293547	0.00408005	0.000180533	0.00385298
186	0.00916376	0.00368138	0.00466001	0.0107914	0.000548942	0.0114027	0.00924119	0.00315071	0.480507	0.00717917	0.00286507	0.0135964	0.00102286	0.0346167	0.360446	0.0255582	0.0188971	0.00152118	0.000179295	0.000970999
187	0.0190947	0.000657406	0.235677	0.531436	0.00231896	0.0100522	0.000804843	0.00337558	0.0214661	0.00468369	0.0048472	0.0175543	0.0123096	0.038888	0.0145119	0.0557693	0.0105202	0.00710938	0.000354574	0.00856894
188	0.00669387	0.0020129	0.00106198	0.00211024	0.0352734	0.00101666	0.00217832	0.363986	0.00325979	0.112483	0.0353649	0.000999717	0.000518392	0.00428869	0.00592065	0.00242205	0.00548482	0.409733	0.000188141	0.00500359
189	0.0349714	0.00572481	0.000631939	0.000971247	0.0126723	0.000730503	0.0038461	0.172255	0.00160185	0.0349404	0.0242449	0.00102535	0.000453422	0.00103069	0.00169448	0.0133502	0.0453148	0.64152	0.000294573	0.0027265
