283	20
1	0.0104319	0.00963262	0.00323535	0.00102618	0.494384	0.00697232	0.0208105	0.0657136	0.00129755	0.0917136	0.0264215	0.00119768	0.000643314	0.000941583	0.0077581	0.0136456	0.0124563	0.048868	0.02268	0.16017
2	0.0657249	0.0111298	0.0101613	0.0636314	0.0151673	0.0131016	0.0138942	0.0929879	0.123796	0.0942019	0.0444078	0.0128269	0.00524134	0.103999	0.0652982	0.0702162	0.0720035	0.1201	0.000719843	0.00139122
3	0.00516128	0.000680287	0.000396934	0.00296551	0.0408593	0.000534634	0.000563167	0.0967975	0.00276425	0.728149	0.0408285	0.00101376	0.00353126	0.00328825	0.00183367	0.00284703	0.00352777	0.0605133	0.00162286	0.0021222
4	0.0751614	0.0159092	0.0277437	0.0176189	0.0014899	0.542585	0.00602274	0.00890109	0.0254933	0.0106072	0.0084963	0.014278	0.00378541	0.0251959	0.0688617	0.0640313	0.0370513	0.0323531	0.00705127	0.0073631
5	0.0252551	0.0180783	0.0096434	0.0108489	0.358787	0.0544819	0.0228357	0.0872383	0.011299	0.0864041	0.0271806	0.0115061	0.00510658	0.00984478	0.0179998	0.032778	0.0210728	0.0519582	0.0211652	0.116516
6	0.013658	0.00857033	0.0133407	0.00816242	0.348372	0.00613469	0.0297537	0.0879071	0.0102235	0.0782423	0.0240423	0.00734664	0.0177654	0.00303885	0.0105554	0.0358265	0.0437359	0.102114	0.0182934	0.132916
7	0.0202706	0.00940816	0.010567	0.00196295	0.294478	0.0078501	0.0336791	0.00559069	0.00860373	0.00832571	0.00323815	0.00798535	0.00102778	0.00194404	0.0128554	0.0105041	0.00351464	0.00505354	0.00167229	0.551468
8	0.00405481	0.000602933	0.000386726	0.00206234	0.0359525	0.000419594	0.000505273	0.0975617	0.00216757	0.752334	0.0356967	0.000603293	0.00380509	0.00224205	0.0014229	0.00230753	0.00278002	0.0522195	0.00148013	0.00139518
9	0.0926207	0.0341737	0.0210821	0.0117427	0.00288017	0.511945	0.00530464	0.00961399	0.0205282	0.0113809	0.00756313	0.0115413	0.0035463	0.025476	0.060928	0.0784656	0.0457071	0.0310153	0.00745427	0.00703077
10	0.00870408	0.00294448	0.000517666	0.00243424	0.00679645	0.00271454	0.000537195	0.519893	0.000722844	0.0431444	0.00905908	0.000729798	0.000386195	0.000730708	0.000788798	0.00168623	0.00598706	0.391085	0.000659574	0.000478109
11	0.01639	0.108506	0.00844881	0.00737751	0.0442402	0.0511677	0.00646768	0.0212408	0.0115045	0.0763045	0.0570502	0.00736282	0.00482081	0.00780808	0.155704	0.138175	0.010774	0.0533973	0.156987	0.0562735
12	0.021036	0.00985082	0.0108249	0.00208757	0.284617	0.00805331	0.0338037	0.00346101	0.00909045	0.00460705	0.00218481	0.00846549	0.00105523	0.00204294	0.0131833	0.010539	0.00318423	0.00342829	0.000816378	0.567668
13	0.0972432	0.00539403	0.00341187	0.00481527	0.0207924	0.00417676	0.0029628	0.197467	0.0179507	0.036055	0.0115993	0.0036768	0.0817144	0.00678698	0.00568511	0.00672869	0.00764062	0.435387	0.00149298	0.0490189
14	0.037094	0.0122798	0.000854745	0.00481437	0.0202991	0.00107245	0.00122597	0.178035	0.00570749	0.0732254	0.0283508	0.00105095	0.0123855	0.0139313	0.00473039	0.00207848	0.00965837	0.585766	0.00043959	0.00700034
15	0.0357625	0.11683	0.0197543	0.016071	0.0435762	0.0579198	0.0140376	0.0345458	0.0218832	0.0612243	0.0361741	0.0168665	0.00752155	0.0140237	0.094082	0.120707	0.0407882	0.050688	0.154417	0.0431269
16	0.0106528	0.00357736	0.000519233	0.00248093	0.00824832	0.00261116	0.000529349	0.50913	0.000777607	0.0442258	0.0108995	0.00087336	0.000517044	0.00107112	0.000848704	0.00211034	0.00743167	0.392213	0.000738693	0.000544497
17	0.19619	0.0127777	0.023037	0.0360769	0.00519757	0.421198	0.00478969	0.0118494	0.0159968	0.0222418	0.00761651	0.0100006	0.00497226	0.0168396	0.0423094	0.087373	0.0333982	0.0373792	0.00559647	0.00516042
18	0.0216912	0.0153791	0.3928	0.0699417	0.00378768	0.0387416	0.0332941	0.00331339	0.0276431	0.0089859	0.00277393	0.250982	0.00555234	0.0155087	0.0158396	0.052317	0.00881118	0.00999174	0.00234639	0.0202987
19	0.077849	0.00160291	0.0309774	0.0902047	0.00207243	0.0681223	0.00237205	0.0160666	0.152688	0.0130394	0.00883262	0.0370755	0.175849	0.0657267	0.0781018	0.114781	0.0572538	0.00505868	0.00069239	0.00163355
20	0.0446433	0.0152172	0.136851	0.247935	0.00420204	0.0755049	0.00908647	0.00967843	0.0504293	0.0425492	0.0106924	0.179142	0.00324067	0.0338677	0.0374539	0.0351566	0.0116225	0.041654	0.00360015	0.0074732
21	0.0868518	0.0141771	0.0553449	0.0388967	0.00450767	0.0401044	0.0385504	0.0356895	0.0578698	0.0263189	0.0159887	0.136899	0.00216586	0.0230629	0.0284948	0.181482	0.158381	0.0362149	0.00216395	0.016835
22	0.143086	0.0104709	0.00228599	0.0127477	0.00160517	0.00294616	0.0260127	0.00231946	0.00956378	0.0222782	0.00467981	0.0140707	0.551526	0.0228641	0.00519436	0.115862	0.0309144	0.0167301	0.000591534	0.00425155
23	0.0510021	0.00835054	0.00829999	0.0664655	0.0117692	0.0156502	0.0174196	0.0914199	0.137017	0.0947025	0.0524747	0.0125345	0.00427807	0.111595	0.0691598	0.0601228	0.0692559	0.1167	0.000611858	0.00117096
24	0.00327246	0.000588405	0.000356838	0.00181877	0.0351409	0.000424699	0.000441969	0.0937468	0.00202253	0.77769	0.0342327	0.000552502	0.00431132	0.00121198	0.000918207	0.00177582	0.00218377	0.037076	0.00143782	0.000796648
25	0.00869206	0.00417825	0.0343411	0.0644763	0.050417	0.0326883	0.00407457	0.023643	0.00829685	0.433379	0.0702231	0.00635956	0.00317969	0.0440684	0.0524092	0.0744987	0.037392	0.0430541	0.00157529	0.00305388
26	0.0305048	0.00233403	0.495334	0.109082	0.00122913	0.0234013	0.0249928	0.00153785	0.0297911	0.00736452	0.0018353	0.163376	0.00743348	0.0186983	0.0208936	0.0276599	0.00809913	0.012677	0.00329479	0.0104616
27	0.0264178	0.00261214	0.0664339	0.00325859	0.00578701	0.00721378	0.00821726	0.00719312	0.00681366	0.0540764	0.00322573	0.144561	0.00802343	0.00324339	0.00714459	0.292789	0.32767	0.011085	0.00122335	0.0130114
28	0.0874669	0.0198456	0.0243736	0.0205191	0.00556053	0.471651	0.00764068	0.0146981	0.0238027	0.0163888	0.0112884	0.0175211	0.00479932	0.021854	0.0539457	0.0938747	0.04065	0.0479093	0.00900991	0.00720078
29	0.0161094	0.0257047	0.282562	0.0397487	0.00565414	0.0504388	0.0391111	0.00487524	0.0289832	0.0101345	0.0034646	0.333815	0.00313161	0.0097182	0.0122326	0.0835496	0.0149207	0.00655639	0.00162311	0.0276668
30	0.00941868	0.0125497	0.00390131	0.00362445	0.489686	0.00634131	0.0123011	0.0354572	0.00443587	0.23122	0.0409041	0.0033228	0.0029512	0.00323001	0.00740544	0.0116588	0.00999478	0.0270127	0.0125448	0.0720395
31	0.0364636	0.0120222	0.000871921	0.00515311	0.0204631	0.00116612	0.00128424	0.177479	0.00605047	0.0721614	0.0282324	0.00111521	0.0118493	0.0146983	0.00491598	0.00220389	0.00957812	0.587139	0.000434143	0.00671849
32	0.016564	0.00658135	0.000606244	0.00397406	0.0367283	0.000702253	0.00102078	0.156277	0.00395331	0.36547	0.0431678	0.00141187	0.00411939	0.0117504	0.00390536	0.00364492	0.0083873	0.32467	0.0015922	0.00547289
33	0.0346394	0.0119663	0.0046336	0.0533939	0.0128129	0.0322253	0.0166959	0.0997365	0.166097	0.0801478	0.0581636	0.0167921	0.00277922	0.0970619	0.104192	0.0582173	0.0570173	0.0909501	0.000704913	0.0017723
34	0.0208933	0.00555946	0.017759	0.0223395	0.062183	0.00316738	0.0381603	0.158609	0.0279423	0.0783209	0.0288972	0.0208477	0.0554432	0.00678769	0.0197705	0.0665588	0.088479	0.192929	0.0134484	0.0719039
35	0.0101883	0.00259878	0.000808212	0.00400478	0.049819	0.00101359	0.00209538	0.137435	0.00609303	0.466027	0.0711317	0.00327905	0.00210814	0.0139865	0.00695322	0.00783584	0.0149862	0.184934	0.00395022	0.0107525
36	0.0402836	0.0477613	0.0380977	0.0213946	0.0958977	0.0597577	0.0274249	0.0506046	0.0271471	0.0702767	0.0360824	0.0298122	0.0124481	0.0196877	0.0616453	0.0849108	0.0424398	0.0624833	0.116245	0.0555992
37	0.0386741	0.00319943	0.140193	0.526602	0.00378205	0.0203157	0.0275736	0.00380176	0.0588284	0.00454142	0.000904688	0.0183556	0.0065241	0.0985945	0.0132463	0.0111871	0.00995762	0.010006	0.000330121	0.00338175
38	0.0607289	0.0604204	0.0549023	0.0183816	0.00896033	0.213369	0.0129213	0.0124327	0.0199175	0.0226237	0.0278978	0.0289237	0.0041383	0.015906	0.0352425	0.29917	0.0513394	0.0261029	0.0145876	0.0120334
39	0.0260519	0.0241199	0.0113473	0.0100192	0.279117	0.0233125	0.0342714	0.0446332	0.0209355	0.0867915	0.0316089	0.0150483	0.0076252	0.0158246	0.0676606	0.0533683	0.0241212	0.0474755	0.0212756	0.155392
40	0.0295659	0.000937283	0.564526	0.0835293	0.00101041	0.0146444	0.02991	0.0013832	0.0247937	0.00613925	0.00112091	0.134502	0.00689678	0.018563	0.0222436	0.0238515	0.00876382	0.0131902	0.00449717	0.00993174
41	0.00359548	0.00212521	0.0454213	0.00267553	0.0792503	0.0121322	0.379053	0.00374046	0.00374162	0.0322187	0.00255318	0.0631369	0.00159896	0.0617035	0.0197101	0.024739	0.00377717	0.00485029	0.00947271	0.244504
42	0.0955755	0.00821389	0.000984889	0.0136508	0.000957575	0.000998884	0.0303471	0.00137679	0.00904996	0.0215393	0.00457419	0.0160449	0.616348	0.0260512	0.00485704	0.0939486	0.0342362	0.0166342	0.000324342	0.00428674
43	0.071101	0.0936843	0.0171451	0.00256905	0.0179517	0.0516255	0.0134169	0.0108639	0.00719665	0.0337344	0.00348471	0.00804903	0.00449914	0.0125627	0.0150409	0.285211	0.279976	0.042996	0.00942535	0.0194664
44	0.0123639	0.0196438	0.330985	0.0412753	0.00419701	0.0383528	0.0506552	0.0039625	0.0274406	0.00635424	0.00340346	0.338279	0.00374453	0.00860014	0.0124993	0.0627001	0.00794999	0.00582181	0.00154845	0.0202231
45	0.0872533	0.0150345	0.0450652	0.0317927	0.00446922	0.0342432	0.0360135	0.0365042	0.0643223	0.0214576	0.0213573	0.133948	0.00207997	0.0231946	0.032795	0.179706	0.172102	0.0400115	0.00439545	0.0142555
46	0.0105352	0.00969567	0.00278552	0.000930759	0.499379	0.0070126	0.0204408	0.0665036	0.00102858	0.0973119	0.0278115	0.000937361	0.000562706	0.000903264	0.00738695	0.0134011	0.0119657	0.0470936	0.0238367	0.150478
47	0.00479527	0.000697267	0.000524806	0.001803	0.0325114	0.000596504	0.000693073	0.122913	0.00257574	0.691931	0.0731933	0.00118586	0.00398928	0.0018434	0.00159545	0.00266491	0.007038	0.0453061	0.00242259	0.00171994
48	0.0956448	0.00819148	0.000985513	0.0136523	0.000954479	0.00105544	0.0302793	0.00138462	0.00908683	0.0215464	0.00456591	0.0160115	0.615943	0.0260666	0.00483371	0.0942721	0.0342524	0.0166082	0.000340893	0.00432426
49	0.00414119	0.00184129	0.117042	0.170603	0.00761692	0.32528	0.0133249	0.0027495	0.0593202	0.0118811	0.0118294	0.131894	0.00105927	0.0119831	0.0233824	0.0478251	0.0471571	0.00306521	0.000603104	0.00740099
50	0.113083	0.00923715	0.0213457	0.0624417	0.0198073	0.0160682	0.0137841	0.0846371	0.0455688	0.118673	0.113212	0.031921	0.0120438	0.033571	0.0282156	0.139341	0.0559425	0.0694562	0.00396048	0.00769131
51	0.00611228	0.00248216	0.00460056	0.0239917	0.00113503	0.0115172	0.00392568	0.0241837	0.37756	0.0226025	0.0497013	0.0577081	0.00543062	0.0489148	0.21879	0.0427512	0.0720035	0.0189178	0.0018536	0.00581832
52	0.0090523	0.0019294	0.000737698	0.00420423	0.0513158	0.000896145	0.0016676	0.131769	0.00601942	0.506244	0.0670434	0.00278176	0.0019721	0.0126903	0.0062895	0.00773637	0.013043	0.161361	0.00342936	0.00981774
53	0.0697388	0.0121328	0.0261942	0.0128588	0.00117282	0.545479	0.00333361	0.00950783	0.0277542	0.0120486	0.0109714	0.0110496	0.00509882	0.0241523	0.0753207	0.0638173	0.0432604	0.0321862	0.00906726	0.0048554
54	0.0244565	0.00311112	0.00140554	0.00292359	0.0281349	0.00144396	0.00283638	0.207394	0.00657876	0.331361	0.12113	0.00736016	0.00464094	0.00846679	0.00476215	0.00724953	0.0211946	0.205548	0.00311967	0.00688302
55	0.0559304	0.00289909	0.0223	0.0622454	0.0149232	0.0043845	0.00760246	0.0902719	0.0786872	0.151722	0.0496696	0.0183015	0.0119756	0.0702814	0.0421369	0.0993913	0.0733609	0.142202	0.000649355	0.00106492
56	0.0877172	0.0135234	0.0558307	0.0414512	0.0054249	0.0368673	0.0366228	0.0372346	0.0568627	0.0346675	0.0176531	0.130741	0.00343132	0.0228879	0.0283051	0.172857	0.159033	0.0405059	0.00209397	0.0162895
57	0.390387	0.0375035	0.00994787	0.0108306	0.00999287	0.038658	0.0125963	0.0127726	0.00975191	0.0176588	0.00512025	0.0106753	0.0233512	0.00579505	0.00852509	0.267934	0.0554478	0.056942	0.00339109	0.0127185
58	0.0665104	0.0397791	0.0320198	0.0125017	0.0125666	0.034619	0.0194814	0.0175227	0.024936	0.0424199	0.00941908	0.0670369	0.0158236	0.0109786	0.0182111	0.29758	0.223827	0.0341864	0.00587502	0.0147063
59	0.0121459	0.0381869	0.274965	0.0266028	0.00515185	0.0682991	0.0406294	0.003374	0.028431	0.0125515	0.00245677	0.3405	0.00167615	0.00581073	0.00579774	0.0998671	0.00376664	0.00386607	0.00105369	0.0248678
60	0.0070709	0.0386657	0.201596	0.0135603	0.0113303	0.0616526	0.0455205	0.00369726	0.0123211	0.00771229	0.00223793	0.420957	0.00176976	0.0117907	0.0121445	0.066555	0.00408445	0.00373249	0.0011675	0.0724334
61	0.0127889	0.00910388	0.0036859	0.00407033	0.349348	0.00617336	0.0145826	0.0664285	0.0049747	0.271709	0.0368838	0.00435864	0.004577	0.00557645	0.0111905	0.0214922	0.0163468	0.0579072	0.0153738	0.0834283
62	0.152787	0.0587188	0.0375185	0.0047601	0.0235122	0.0153343	0.0375309	0.0091844	0.0240918	0.0443596	0.00588749	0.00783346	0.00537688	0.00570553	0.00759308	0.447956	0.0747037	0.0206056	0.00535414	0.0111869
63	0.00773034	0.0269782	0.0227499	0.0241652	0.0133064	0.0062729	0.0399143	0.0181672	0.097926	0.00429774	0.0140087	0.522398	0.00449599	0.00520065	0.0250565	0.115282	0.0309094	0.0114838	0.00183794	0.00781878
64	0.0222957	0.00627192	0.00641752	0.0817063	0.00785053	0.0112965	0.00693328	0.167149	0.270714	0.169761	0.116572	0.0118432	0.00558348	0.0149805	0.020058	0.0202992	0.0264043	0.0247705	0.0030367	0.00605659
65	0.0153544	0.00414463	0.000626021	0.00236664	0.00831306	0.00306019	0.000708878	0.528389	0.0013689	0.0585144	0.0300884	0.00171474	0.00107191	0.000760699	0.000910249	0.00377492	0.0138504	0.323282	0.00110358	0.000596906
66	0.0862123	0.0157743	0.0286239	0.0329968	0.0070988	0.430662	0.00904924	0.0344102	0.0249143	0.0193345	0.0117533	0.0213224	0.00681351	0.0242189	0.0544231	0.0656157	0.0436382	0.0672487	0.00727286	0.00861681
67	0.0089372	0.00361485	0.00741496	0.158111	0.00149278	0.00172919	0.104994	0.00229071	0.100262	0.0227516	0.00174398	0.00190291	0.00125358	0.411224	0.131138	0.00322411	0.00270416	0.0207919	0.000660595	0.0137571
68	0.080466	0.0176381	0.0349063	0.0334665	0.00479864	0.478628	0.00757109	0.0122687	0.0266495	0.0135994	0.0102629	0.0229183	0.00635622	0.0236309	0.0574387	0.0807702	0.0388823	0.0343908	0.00742983	0.00792783
69	0.074554	0.0174063	0.0378696	0.0350403	0.00791455	0.465233	0.00894625	0.0165394	0.033239	0.0177016	0.0107685	0.0270579	0.00737515	0.0245353	0.057197	0.0662791	0.0399918	0.035358	0.00805379	0.00893993
70	0.0177652	0.0106248	0.00885278	0.00184855	0.337672	0.0079214	0.0308489	0.0181517	0.00733679	0.0260433	0.00792136	0.00691641	0.000949495	0.00178785	0.0117317	0.0110577	0.00519954	0.0133532	0.00607912	0.467938
71	0.0702036	0.0159925	0.0331469	0.0367105	0.00674668	0.475251	0.00902751	0.0150088	0.0301424	0.0171695	0.0124806	0.0275979	0.00471916	0.0237227	0.0574604	0.0720348	0.0400107	0.0356818	0.00703886	0.00985374
72	0.0954252	0.00862086	0.000965408	0.0135481	0.000968658	0.000989458	0.0304951	0.00163569	0.00926803	0.0218176	0.00450789	0.0161682	0.612032	0.0259674	0.00476959	0.0948034	0.0364122	0.0169922	0.000331704	0.00428113
73	0.0368937	0.012134	0.00975297	0.0126998	0.0387508	0.019853	0.00908426	0.242038	0.0144008	0.0934223	0.0293303	0.0123262	0.0131923	0.0130119	0.0152419	0.0316933	0.0273051	0.347818	0.00662986	0.0144217
74	0.019586	0.010328	0.00966514	0.0020301	0.310978	0.00776464	0.0317915	0.0103218	0.00810001	0.014402	0.00488947	0.00749461	0.000977415	0.00187729	0.0127032	0.0106185	0.00402831	0.00841407	0.00330177	0.520728
75	0.00551562	0.00112991	0.00117289	0.0157681	0.000787881	0.0146353	0.00196058	0.0219383	0.424343	0.0232112	0.0505065	0.0314103	0.0031625	0.0574121	0.232403	0.03426	0.0604367	0.0120506	0.000644747	0.0072506
76	0.00841478	0.00253467	0.15153	0.186088	0.00564084	0.271248	0.0106363	0.00228825	0.0561476	0.0119894	0.0107877	0.148128	0.00123994	0.014834	0.0302811	0.0394902	0.0356344	0.00456486	0.000510713	0.00801076
77	0.0237988	0.00493417	0.181701	0.18399	0.00548802	0.225088	0.0168542	0.00339555	0.037638	0.020823	0.00926254	0.0939373	0.00178752	0.0277761	0.0890494	0.0323137	0.0181148	0.00983464	0.00119233	0.0130218
78	0.00894756	0.00362856	0.00744492	0.157941	0.00149548	0.00173492	0.104954	0.00228994	0.10036	0.0227867	0.00174856	0.00191815	0.00124863	0.410898	0.131387	0.00322734	0.00273361	0.0208386	0.000660872	0.0137566
79	0.0384765	0.0033369	0.141665	0.525797	0.00407725	0.0206357	0.0271352	0.0039164	0.0584551	0.00465504	0.00104451	0.018358	0.00661327	0.097445	0.0130811	0.0112072	0.0100422	0.0102668	0.000329294	0.00346252
80	0.0145294	0.00517286	0.000498855	0.00269659	0.01138	0.00250154	0.000529458	0.49469	0.00099866	0.0422055	0.0148746	0.00110442	0.000892416	0.00185794	0.000979259	0.00303074	0.0119986	0.388146	0.00110618	0.000807323
81	0.299062	0.0274148	0.0202346	0.0264186	0.0186984	0.0716443	0.0168743	0.0237571	0.022528	0.0301443	0.0101769	0.0261237	0.0477692	0.0166255	0.0183419	0.199082	0.0624151	0.0439154	0.0047514	0.0140221
82	0.00840707	0.00285686	0.000517899	0.00240696	0.0067014	0.00281341	0.00052547	0.525565	0.000676609	0.0422757	0.00884794	0.000736837	0.000336526	0.000632654	0.000753583	0.00168429	0.006178	0.38699	0.000660266	0.000433298
83	0.0204107	0.00806566	0.021921	0.0482535	0.00608886	0.0337167	0.0140306	0.027677	0.332239	0.026337	0.0278533	0.0558759	0.00995856	0.0481049	0.188766	0.0447241	0.0503204	0.0239709	0.00353521	0.00815067
84	0.00880823	0.00415486	0.00627981	0.0207619	0.00210937	0.0107934	0.00625737	0.0215318	0.348954	0.0191951	0.0402229	0.0436894	0.00470563	0.0386888	0.262805	0.0366798	0.0959603	0.0193822	0.00325373	0.00576603
85	0.0195844	0.00817062	0.0189818	0.0549065	0.0256741	0.0120997	0.183303	0.0314546	0.0424701	0.11543	0.0177657	0.0377909	0.0127332	0.204903	0.0526531	0.0308355	0.0269818	0.0433738	0.00544161	0.0554461
86	0.101366	0.0906725	0.0377902	0.00599158	0.0131422	0.0987759	0.0147524	0.00990553	0.0115102	0.0260421	0.0125212	0.00972972	0.00344658	0.00936081	0.0248439	0.369681	0.0863401	0.026185	0.0349423	0.0130008
87	0.00659942	0.0012652	0.0014702	0.0183807	0.000798977	0.0140198	0.00192381	0.0240472	0.401978	0.0240707	0.0523568	0.0344864	0.00315815	0.0584533	0.231627	0.0379417	0.0657125	0.0132081	0.000653245	0.00784828
88	0.0851605	0.0191462	0.0575047	0.0429152	0.00382544	0.0573586	0.0417189	0.0322198	0.0587349	0.0175873	0.0148831	0.126189	0.0012005	0.0257985	0.0339158	0.185465	0.146278	0.0298045	0.00194067	0.0183535
89	0.0626019	0.0283724	0.0313087	0.0156294	0.0187074	0.0227951	0.0191458	0.0300072	0.0231151	0.0921558	0.0158436	0.0510899	0.0186651	0.016002	0.0188204	0.302646	0.173402	0.0413177	0.0062002	0.0121746
90	0.0693091	0.0116228	0.026009	0.0147517	0.00134164	0.532917	0.00325423	0.00878374	0.0326678	0.0124999	0.00983872	0.0102692	0.00450526	0.0252145	0.0820033	0.0611905	0.0440489	0.0355959	0.00936951	0.00480777
91	0.0191774	0.00505112	0.0198529	0.106116	0.00402495	0.0181284	0.0407794	0.0208509	0.242281	0.0288142	0.0239096	0.0276886	0.0109432	0.178629	0.145582	0.0322473	0.0392233	0.0253671	0.00227113	0.00906236
92	0.0724757	0.0148187	0.0362739	0.0380047	0.00588767	0.472119	0.00866831	0.0138465	0.0340956	0.0163513	0.0112432	0.0319317	0.00621354	0.0247252	0.0592151	0.0684966	0.0379368	0.0331311	0.00729005	0.00727573
93	0.0371983	0.0141361	0.00570263	0.00633165	0.0176884	0.00243971	0.0273707	0.217687	0.0257865	0.200106	0.0780876	0.0138621	0.030427	0.0065078	0.011414	0.0403348	0.0813424	0.157129	0.0123579	0.0140898
94	0.0401835	0.0255595	0.10364	0.154803	0.00571119	0.0547316	0.0154926	0.0262037	0.0722291	0.0634354	0.0283169	0.12376	0.00646646	0.0604492	0.0299485	0.0633655	0.0291265	0.0853024	0.00989578	0.00137913
95	0.0343549	0.00483879	0.0987148	0.370453	0.00507059	0.0291106	0.0443179	0.00908394	0.0732644	0.0169178	0.00549203	0.0245658	0.00809959	0.163427	0.0507323	0.0192199	0.0143871	0.0196702	0.00160098	0.00667773
96	0.0103196	0.0197065	0.00390425	0.00405836	0.418943	0.00678658	0.0132925	0.0495717	0.00493121	0.258945	0.0374062	0.00352242	0.00336368	0.0043141	0.00887863	0.0144996	0.0106193	0.0374261	0.0135277	0.0759834
97	0.00714934	0.00151115	0.00133013	0.0185117	0.00129472	0.0156132	0.00226945	0.0300346	0.391445	0.0288997	0.0600603	0.0315505	0.00289751	0.0589327	0.22254	0.0359261	0.0639923	0.0178358	0.000837024	0.00736826
98	0.081712	0.0125309	0.045377	0.025655	0.00927514	0.0278497	0.0241357	0.0280976	0.0385318	0.0393278	0.0140269	0.151051	0.00942796	0.0172459	0.0228457	0.170354	0.233098	0.032432	0.00381806	0.0132079
99	0.0447056	0.00800419	0.123569	0.340791	0.00747185	0.0694053	0.0257665	0.0150861	0.0642909	0.0194537	0.00929043	0.0558694	0.00926458	0.0740052	0.0364406	0.0367178	0.0267368	0.0217264	0.00253841	0.00886594
100	0.0749074	0.005332	0.00171612	0.00356452	0.00900072	0.00293166	0.00252219	0.353645	0.00832361	0.114708	0.131479	0.00388867	0.00847575	0.00234206	0.00227423	0.00964272	0.0472966	0.212838	0.00316778	0.00194435
101	0.0517489	0.00466469	0.00642574	0.0413852	0.00792654	0.0165266	0.00835472	0.137609	0.13109	0.132284	0.104465	0.0228532	0.0036375	0.0539901	0.0529218	0.0435483	0.0741193	0.104002	0.0009235	0.00152435
102	0.022504	0.0349197	0.00737606	0.00824202	0.0386472	0.00579282	0.036467	0.149809	0.0169809	0.22243	0.0632042	0.0147375	0.0166812	0.0123602	0.0155216	0.0321835	0.0420023	0.214293	0.00912888	0.0367184
103	0.0234158	0.0120222	0.00102198	0.00420443	0.0176087	0.00356082	0.000973674	0.451776	0.00214016	0.0476181	0.0190416	0.00290581	0.00235171	0.00428771	0.00221332	0.00892243	0.0242856	0.368183	0.00158664	0.00187989
104	0.266007	0.0675748	0.00761758	0.00290833	0.0185241	0.0333199	0.0202411	0.0168367	0.0131573	0.0178389	0.00326938	0.0194291	0.00301427	0.00440457	0.00905837	0.290694	0.093923	0.0764502	0.00327346	0.0324576
105	0.0105972	0.00734993	0.0171435	0.0794207	0.00107101	0.0104834	0.0144813	0.0358291	0.302762	0.015849	0.0171671	0.158174	0.00384962	0.0218631	0.161511	0.0597341	0.0709769	0.0098122	0.000658344	0.00126677
106	0.0117557	0.00421393	0.0045389	0.00760147	0.0482351	0.00517717	0.00517449	0.101183	0.0126928	0.60492	0.0499524	0.00719379	0.00805871	0.00813734	0.0101621	0.020157	0.0157965	0.0635039	0.00321248	0.00833323
107	0.0200903	0.0089154	0.0180009	0.102439	0.00635358	0.0205597	0.0637089	0.020205	0.151719	0.0318147	0.0168531	0.02442	0.00720978	0.255679	0.152539	0.026916	0.0270914	0.0279136	0.00269419	0.0148766
108	0.0290106	0.0135867	0.0483078	0.0420191	0.0593599	0.0234032	0.201328	0.0255304	0.0411434	0.0435259	0.0137909	0.0833867	0.014583	0.0899424	0.0406969	0.0562555	0.0357893	0.0302829	0.00891903	0.0991384
109	0.0135302	0.00527919	0.0292541	0.0104738	0.00593955	0.00915782	0.00674061	0.0171827	0.223231	0.0190689	0.111429	0.0461934	0.0062228	0.0196957	0.196154	0.0492818	0.107458	0.0906001	0.0269293	0.00617814
110	0.0280226	0.0164086	0.102253	0.0494138	0.0108835	0.0402107	0.0382877	0.0270027	0.0773836	0.0273873	0.014495	0.31272	0.00998175	0.0204775	0.0387093	0.09224	0.05275	0.0236257	0.0026759	0.0150708
111	0.0158212	0.00555766	0.00595339	0.00822919	0.0455082	0.00487035	0.00595342	0.097786	0.010234	0.601604	0.0509902	0.00936927	0.00912657	0.00785681	0.00924368	0.0208523	0.0145769	0.0645534	0.00492469	0.00698914
112	0.132835	0.02066	0.0148925	0.0262352	0.023476	0.0496108	0.0129746	0.106667	0.0256254	0.056071	0.0357752	0.0239122	0.0172464	0.0190919	0.0222368	0.0912972	0.10876	0.193737	0.00528315	0.0136127
113	0.00368014	0.00112333	0.000947435	0.00844661	0.000931984	0.0207512	0.00360409	0.0122423	0.499253	0.0155705	0.0255408	0.0233151	0.00404765	0.04518	0.261409	0.0235038	0.0392207	0.00668182	0.000398051	0.00415255
114	0.00328208	0.00058977	0.000356285	0.0018223	0.0352001	0.000425597	0.000442838	0.0937509	0.00201535	0.777274	0.034224	0.000551282	0.00429173	0.00122454	0.000919104	0.00178238	0.00220862	0.037395	0.00143711	0.000807082
115	0.00884241	0.00177123	0.000744214	0.00392309	0.0502026	0.000787398	0.00173918	0.120165	0.00694195	0.545028	0.063397	0.00274195	0.00260151	0.0112527	0.00707887	0.00862459	0.0123091	0.140181	0.00325923	0.00840843
116	0.0475698	0.0112177	0.12699	0.0974847	0.00516197	0.340105	0.0150086	0.00751555	0.036132	0.0138776	0.00891455	0.0867915	0.00458669	0.0220834	0.0451467	0.0602883	0.0341377	0.0208998	0.00441302	0.0116763
117	0.0200839	0.0573831	0.0103262	0.00287819	0.262585	0.0146225	0.0290481	0.00493177	0.00932776	0.00695806	0.00361989	0.00858548	0.00202557	0.00307651	0.0131443	0.0117818	0.00466965	0.00580427	0.00151203	0.527636
118	0.0827282	0.0863854	0.0242775	0.0057199	0.0128913	0.040111	0.0195065	0.00893062	0.0133875	0.0260525	0.00947888	0.0103629	0.00458662	0.00717224	0.0106842	0.512172	0.0779645	0.0251578	0.0111185	0.0113121
119	0.0408048	0.0122072	0.00182216	0.00896256	0.0190526	0.00953614	0.00175858	0.5115	0.0024334	0.0320611	0.0221654	0.00965499	0.00129081	0.00175934	0.00253707	0.0287019	0.0695712	0.218869	0.00382549	0.00148611
120	0.0386494	0.00315877	0.139818	0.526537	0.00371294	0.0202149	0.0278785	0.00379693	0.0590512	0.00463773	0.000917205	0.0183547	0.00651953	0.0985896	0.0132826	0.0111867	0.0100443	0.00997365	0.000329995	0.00334665
121	0.0376043	0.00586381	0.136762	0.235226	0.00555959	0.201178	0.0215906	0.0038926	0.031798	0.0217891	0.0128047	0.0317597	0.00165029	0.0447766	0.134688	0.0331293	0.00818431	0.0153293	0.000846081	0.0155674
122	0.0345377	0.00551616	0.151324	0.512168	0.0039668	0.0307336	0.0260865	0.00565102	0.0539081	0.00544691	0.00124297	0.0215335	0.00567438	0.0837064	0.0146185	0.0134713	0.0112089	0.0115454	0.000456736	0.0072022
123	0.0474587	0.00483799	0.126414	0.459126	0.00441377	0.0281832	0.0285567	0.00855919	0.0596716	0.0101255	0.00385272	0.02247	0.010701	0.106181	0.0229126	0.019405	0.0157169	0.0145254	0.000962149	0.00592646
124	0.00583263	0.00110004	0.0011529	0.0168535	0.000793599	0.0140401	0.00162476	0.0237311	0.40909	0.0240544	0.053193	0.0330841	0.00313679	0.0586424	0.231089	0.0362728	0.0648085	0.0130098	0.000646839	0.00784305
125	0.0132059	0.00124983	0.00153674	0.0016586	0.00968171	0.00159236	0.00163735	0.214305	0.00402981	0.264554	0.386236	0.00329499	0.00328682	0.00170171	0.00219104	0.00519011	0.0285064	0.0499728	0.00117477	0.00499366
126	0.0108253	0.00231932	0.000801905	0.00276609	0.0321155	0.000885202	0.00234663	0.153082	0.00382967	0.597751	0.0453243	0.00209925	0.00455875	0.0040023	0.00266551	0.00518544	0.00977686	0.114381	0.00221525	0.00306849
127	0.00938067	0.00292581	0.000515163	0.00252915	0.00657445	0.00274511	0.000540301	0.506213	0.00084223	0.0436939	0.0090825	0.000744428	0.000498465	0.00107313	0.000931795	0.0016484	0.00599142	0.402974	0.000642637	0.000452781
128	0.0220554	0.0144373	0.016442	0.00852696	0.261786	0.013707	0.0525251	0.0182274	0.0123025	0.0257353	0.00912054	0.0180945	0.00585772	0.00947113	0.0177764	0.0251691	0.0129061	0.0162554	0.00613566	0.433468
129	0.0341596	0.00530209	0.0992183	0.393541	0.00419291	0.0245943	0.0433675	0.00928166	0.0672991	0.0162763	0.00556868	0.0235169	0.011399	0.156078	0.043727	0.0198965	0.0158554	0.018865	0.000946326	0.00691388
130	0.0106278	0.00930867	0.00288649	0.00102565	0.49496	0.00664686	0.0205208	0.0624696	0.00151713	0.0930564	0.0273561	0.00125078	0.000574427	0.000953485	0.00758236	0.0131488	0.0113933	0.0443793	0.0222773	0.168064
131	0.00445103	0.00165569	0.00208878	0.00214932	0.00973791	0.00206518	0.00204011	0.107265	0.00438403	0.298127	0.469256	0.00293479	0.00305859	0.00209536	0.00273932	0.00591027	0.0329193	0.0368136	0.00104534	0.00926438
132	0.0952422	0.00820568	0.000924339	0.0136408	0.000950948	0.000980891	0.0303008	0.00137089	0.00906484	0.0214123	0.00455348	0.0160609	0.616926	0.026029	0.00480266	0.0941007	0.0341983	0.0166283	0.00032434	0.00428263
133	0.0105833	0.0194997	0.0441653	0.0299989	0.0139988	0.0143301	0.104352	0.0179128	0.0829104	0.0105221	0.0131934	0.443352	0.00577625	0.0187944	0.0246548	0.0842481	0.0280921	0.0117531	0.00193475	0.0199274
134	0.00379366	0.00119265	0.00106233	0.00856669	0.00101455	0.0226087	0.0037047	0.0119164	0.495314	0.0157009	0.024422	0.0235312	0.00401421	0.0449338	0.264767	0.023285	0.0386983	0.00678845	0.000456377	0.00422892
135	0.0582312	0.0238655	0.0326296	0.0352719	0.00833456	0.340066	0.0106973	0.0182801	0.0463032	0.0228812	0.0160809	0.0331411	0.00835615	0.0257421	0.0906478	0.12599	0.0435003	0.0321213	0.0156344	0.0122246
136	0.0114837	0.00366148	0.00497389	0.00833084	0.049701	0.00374079	0.00488483	0.100541	0.00974068	0.61678	0.0546112	0.00634247	0.00629762	0.00714953	0.00765626	0.0158891	0.0139841	0.0629731	0.00332342	0.00793504
137	0.0146142	0.0195769	0.329751	0.0443942	0.00547899	0.0374549	0.0399559	0.00388784	0.0275253	0.00670507	0.00305803	0.337883	0.00378693	0.0109723	0.0138938	0.0584629	0.00794484	0.00642555	0.00172884	0.0264988
138	0.0961781	0.0828276	0.00678571	0.00343076	0.0849972	0.0112476	0.0206569	0.0366852	0.0419453	0.0358867	0.00356152	0.0191501	0.00199029	0.00506826	0.0183448	0.260284	0.116042	0.0745077	0.00197708	0.0784329
139	0.010417	0.00976484	0.00278499	0.00092065	0.499977	0.00700017	0.0205738	0.0667507	0.00102956	0.09524	0.0274869	0.00094772	0.000568264	0.000875317	0.00746232	0.0134656	0.0119324	0.0475292	0.0236283	0.151645
140	0.00328024	0.000596255	0.000357345	0.00182169	0.0350896	0.000430056	0.000458431	0.0939062	0.00201758	0.777034	0.0342352	0.000552713	0.00429388	0.00122827	0.000936836	0.00179926	0.00217953	0.0375338	0.00142909	0.000819612
141	0.0152451	0.010457	0.00666712	0.0020657	0.398859	0.00742872	0.0274015	0.0383493	0.0055072	0.05667	0.016199	0.00460893	0.00136021	0.00182109	0.0103652	0.0131243	0.00841001	0.0292906	0.0128372	0.333333
142	0.0466353	0.00282912	0.0211424	0.0583365	0.0283394	0.00400143	0.00699206	0.0832346	0.0681242	0.167415	0.0523447	0.0155919	0.013512	0.075416	0.0417076	0.107878	0.0657645	0.136926	0.00183357	0.00197541
143	0.00367916	0.000775602	0.000380321	0.00197047	0.0358166	0.000439153	0.000605443	0.0968328	0.00227173	0.756476	0.0364836	0.000781294	0.00418986	0.00197385	0.00126704	0.00251123	0.00307237	0.0475046	0.00155779	0.00141151
144	0.0289912	0.000880005	0.570389	0.0808281	0.000938929	0.0145258	0.0302767	0.00131279	0.0244465	0.00566911	0.00106957	0.135405	0.00699627	0.017474	0.0212186	0.0240482	0.00860525	0.0133794	0.00404344	0.00950207
145	0.0410312	0.0533531	0.0281525	0.0208906	0.0918773	0.0658293	0.0208271	0.049784	0.0277195	0.075418	0.0370405	0.0268108	0.0124443	0.0183693	0.0648679	0.0872999	0.0396322	0.0597877	0.127995	0.0508697
146	0.0804375	0.00136229	0.0317534	0.0908967	0.00190904	0.0689218	0.00177453	0.0157235	0.148173	0.0125368	0.00842467	0.038017	0.179458	0.0640665	0.0735949	0.11863	0.0584303	0.00372974	0.00067794	0.00148202
147	0.00570223	0.00110142	0.00145025	0.0163506	0.000836371	0.0134378	0.00164254	0.0245491	0.404583	0.0243538	0.0544466	0.0332072	0.0032743	0.0587159	0.227728	0.0364763	0.0693772	0.0142649	0.000894486	0.00760762
148	0.0394368	0.18525	0.0157227	0.0157025	0.0272365	0.0373736	0.0149178	0.026377	0.0449793	0.0473436	0.026106	0.0217686	0.00872608	0.0192007	0.237668	0.0817424	0.031063	0.0357533	0.0406258	0.0430063
149	0.010417	0.00976484	0.00278499	0.00092065	0.499977	0.00700017	0.0205738	0.0667507	0.00102956	0.09524	0.0274869	0.00094772	0.000568264	0.000875317	0.00746232	0.0134656	0.0119324	0.0475292	0.0236283	0.151645
150	0.0127304	0.0177569	0.0519191	0.0645448	0.00617113	0.0139596	0.0613552	0.0164153	0.0807718	0.0042055	0.0136694	0.462498	0.00842939	0.0101893	0.0366885	0.0951058	0.029724	0.00645309	0.000832366	0.00658033
151	0.0172476	0.00578544	0.000603306	0.0031758	0.0114324	0.00228195	0.000881516	0.450948	0.00146908	0.0482321	0.0198693	0.0011251	0.00184508	0.00295098	0.00139853	0.00259994	0.0109181	0.414796	0.0010984	0.00134178
152	0.0467803	0.00319742	0.00182369	0.00395007	0.0098686	0.00244143	0.00379655	0.317275	0.00972597	0.175751	0.20724	0.00518834	0.00827068	0.00277302	0.00411168	0.010035	0.0441516	0.137215	0.00312791	0.0032767
153	0.0387304	0.0279434	0.0984175	0.144828	0.0070048	0.0542254	0.015771	0.0297612	0.0729947	0.0653957	0.0324859	0.118246	0.00605891	0.0602908	0.0305341	0.065985	0.0326535	0.087953	0.00929483	0.00142628
154	0.166897	0.0101173	0.0297671	0.0558704	0.00609656	0.419066	0.00673047	0.0121054	0.0194008	0.0128542	0.00688986	0.0137556	0.00979291	0.0180878	0.0442268	0.0806856	0.0373323	0.0406256	0.00428439	0.00541445
155	0.00928572	0.00353715	0.000520731	0.00241642	0.00767645	0.00289809	0.000552645	0.535677	0.000677158	0.0397578	0.00960924	0.000896232	0.000357873	0.000696946	0.000773789	0.0024019	0.00889139	0.372058	0.000875101	0.000439951
156	0.306193	0.0683023	0.0083399	0.00214893	0.0113719	0.0370273	0.0124819	0.0159376	0.00654607	0.0173003	0.00269315	0.00935521	0.00870793	0.0055666	0.00762601	0.252089	0.147317	0.0583827	0.00489055	0.0177228
157	0.0137486	0.0278124	0.00857333	0.0802897	0.00407774	0.0094538	0.0636725	0.0169361	0.208397	0.023469	0.0112496	0.03491	0.0038705	0.195249	0.21168	0.0253683	0.0275502	0.0204713	0.00177669	0.0114454
158	0.140503	0.01651	0.0249422	0.0316921	0.0055663	0.459139	0.00689122	0.0132315	0.0214001	0.0145938	0.00875912	0.0149794	0.00680844	0.0208698	0.0510349	0.0731678	0.0366438	0.0392865	0.00643019	0.00755112
159	0.0033881	0.00059632	0.000352182	0.00189815	0.0352803	0.000433073	0.000446451	0.0950104	0.00212434	0.770671	0.0348957	0.000570349	0.00418241	0.00150356	0.00105783	0.0019167	0.00232198	0.0409341	0.00146195	0.000954863
160	0.00803427	0.00177181	0.000612739	0.0029767	0.0381534	0.000657626	0.00146596	0.121445	0.00420828	0.601248	0.0568995	0.00233337	0.00322378	0.00728102	0.0038744	0.0065657	0.00869346	0.122477	0.00246042	0.00561804
161	0.0230724	0.0171091	0.0198011	0.0110849	0.234835	0.0140186	0.0646145	0.0187857	0.0132403	0.0284834	0.0118565	0.0236192	0.00525422	0.014514	0.0232356	0.0274651	0.0162852	0.0204575	0.00686485	0.405403
162	0.00569594	0.000758605	0.000485731	0.00249222	0.0339114	0.000631613	0.000760999	0.104412	0.00349838	0.73978	0.046938	0.000859967	0.00446447	0.00150598	0.0012896	0.00243066	0.00449946	0.0430449	0.00148286	0.00105752
163	0.0281782	0.0124522	0.0722473	0.0574627	0.0513409	0.0300117	0.199132	0.022794	0.0355038	0.0464359	0.0130865	0.070535	0.0168207	0.0863821	0.0355423	0.0518252	0.0314813	0.0296617	0.00660426	0.102502
164	0.00896233	0.00369872	0.00738705	0.160078	0.00162714	0.00188895	0.112408	0.00258028	0.0988679	0.0239302	0.001954	0.00210562	0.00129965	0.400782	0.130421	0.00361669	0.00291422	0.0202698	0.000813851	0.014395
165	0.00839443	0.00499096	0.0417269	0.00312767	0.158799	0.0114069	0.257561	0.00702516	0.00553962	0.0271045	0.00378164	0.0475563	0.00151697	0.0397314	0.0173383	0.0200903	0.0049071	0.00790715	0.00784834	0.323647
166	0.0947856	0.0355769	0.0397354	0.0289387	0.0211016	0.0578951	0.0242386	0.0262833	0.0376581	0.0430548	0.0161108	0.0587079	0.035753	0.0193817	0.0290021	0.264209	0.102394	0.0378073	0.00853166	0.0188336
167	0.0740874	0.125529	0.0128085	0.0148218	0.0199522	0.0256426	0.0174668	0.0203885	0.094689	0.0278179	0.0186373	0.018205	0.00766933	0.0198916	0.324511	0.0469013	0.0242005	0.0281777	0.0151683	0.063435
168	0.00926231	0.00170448	0.000994223	0.0039431	0.0631142	0.000991131	0.00202932	0.112716	0.00798794	0.531405	0.0615857	0.00303151	0.00361674	0.0127955	0.0080973	0.0139838	0.0148971	0.133186	0.00385223	0.010806
169	0.00337917	0.00150111	0.00126744	0.00516084	0.00126194	0.0151845	0.00634768	0.00665684	0.499715	0.0102302	0.0133611	0.015128	0.00657397	0.0280203	0.328001	0.0149574	0.0353057	0.00464705	0.00055293	0.00274822
170	0.00875137	0.00295176	0.000528285	0.00241201	0.00678047	0.00277135	0.000536063	0.519817	0.000741308	0.0429692	0.00907268	0.000700587	0.000460224	0.000804246	0.000811282	0.00168025	0.00617089	0.390891	0.00065636	0.000493562
171	0.0108916	0.0037944	0.000568375	0.00256702	0.00820597	0.00283885	0.000621465	0.51501	0.000891111	0.0422446	0.010824	0.000988062	0.000741931	0.0012062	0.000986709	0.00270794	0.00895801	0.384433	0.000836498	0.000683841
172	0.0475859	0.0169782	0.0383803	0.046672	0.0473016	0.0206255	0.118804	0.0749469	0.0354203	0.0636829	0.0250506	0.0423767	0.029508	0.069476	0.0368601	0.0688854	0.0475111	0.121232	0.00809762	0.0406056
173	0.0402903	0.0305529	0.0209516	0.0323817	0.0188857	0.0782323	0.0169125	0.0361497	0.136454	0.0460971	0.0316321	0.0577751	0.0125205	0.0326408	0.153816	0.11604	0.0631285	0.0397286	0.0159917	0.0198191
174	0.0344041	0.0103631	0.367911	0.110884	0.0136535	0.0436931	0.0323496	0.0108645	0.0339992	0.0160089	0.00559427	0.131951	0.00868606	0.0266575	0.0253201	0.0505172	0.0263941	0.0192274	0.00453444	0.0269863
175	0.0127384	0.00102842	0.000863582	0.00195028	0.0230639	0.00102822	0.00125931	0.180527	0.00449721	0.515347	0.17232	0.00228663	0.00453209	0.00146157	0.00182016	0.00380611	0.0156301	0.0518871	0.00173204	0.00222139
176	0.0243767	0.00818513	0.0221525	0.042061	0.00691846	0.0314229	0.0130514	0.0330909	0.319467	0.0351749	0.0326396	0.062237	0.0131515	0.0436832	0.169553	0.0512221	0.0547113	0.0247866	0.00355464	0.00855982
177	0.163587	0.0349352	0.00909129	0.00818785	0.00823717	0.0125259	0.0079417	0.0376824	0.0101327	0.0495387	0.00707393	0.0110034	0.110672	0.00823533	0.0100544	0.129292	0.303468	0.0698267	0.00309586	0.00541885
178	0.0681723	0.0154026	0.0214509	0.0124481	0.00218852	0.533479	0.00424646	0.00925224	0.0196816	0.0112506	0.00909701	0.0102414	0.00366064	0.0196445	0.0544645	0.133489	0.0314218	0.0288727	0.00679343	0.00474276
179	0.0258259	0.0179227	0.104372	0.0638838	0.0102729	0.0436482	0.0332858	0.0247049	0.0761149	0.0253471	0.0156703	0.303106	0.0143188	0.0208842	0.0378034	0.0869469	0.0486982	0.0243387	0.00483639	0.0180189
180	0.00858204	0.00314047	0.000509348	0.00237562	0.00695818	0.00297917	0.000534273	0.530861	0.000667944	0.0412172	0.00904396	0.000809507	0.000325754	0.000642285	0.000758909	0.00201688	0.0070648	0.38032	0.00074344	0.000450057
181	0.0411799	0.0728752	0.0174419	0.0192366	0.0631389	0.0278495	0.0182987	0.0682375	0.0278619	0.251666	0.0413616	0.0210077	0.0149106	0.0185866	0.0408637	0.0765723	0.0469487	0.0812254	0.0222996	0.0284381
182	0.00846612	0.00226089	0.00109504	0.00367	0.0344077	0.00161498	0.00222666	0.106848	0.00492963	0.696764	0.0436006	0.00256385	0.0106747	0.00263706	0.00275412	0.00588145	0.00960137	0.0555697	0.00191848	0.00251565
183	0.0197981	0.0140492	0.324713	0.0864779	0.00466279	0.108434	0.0306493	0.00427242	0.0342671	0.0113297	0.00473473	0.211543	0.00471099	0.0157735	0.0211586	0.0537186	0.0169392	0.0114261	0.0023986	0.018943
184	0.0862355	0.0169641	0.0621321	0.0569638	0.00455186	0.0602741	0.045997	0.0313091	0.060302	0.0168792	0.0136735	0.12237	0.00124652	0.0281429	0.0337255	0.172321	0.136774	0.027414	0.00175875	0.0209651
185	0.0324106	0.0028201	0.482709	0.111129	0.00134008	0.0213731	0.0230372	0.00153826	0.0304591	0.00777829	0.00157326	0.171394	0.00661858	0.0202121	0.0198169	0.0298198	0.00755636	0.0123554	0.003219	0.0128394
186	0.00509479	0.00201098	0.00169521	0.00337867	0.05053	0.00196376	0.00159895	0.0774424	0.0085492	0.647749	0.128203	0.00215774	0.00916306	0.00272851	0.00303638	0.00525696	0.00866556	0.036228	0.00144995	0.00309712
187	0.0322046	0.016141	0.0314584	0.0249881	0.00954809	0.0158841	0.0399103	0.0263415	0.0782745	0.00919592	0.0161241	0.418209	0.00285466	0.0105606	0.0263573	0.13303	0.0767753	0.0219111	0.00155515	0.00867649
188	0.101317	0.0107356	0.00508213	0.0193045	0.00432077	0.00631268	0.0263398	0.0153769	0.0208374	0.0304649	0.00982922	0.0187221	0.524056	0.0274789	0.0123928	0.093501	0.0405661	0.026333	0.0013043	0.00572498
189	0.0343151	0.0136701	0.0232402	0.0446255	0.00894532	0.0379634	0.0146692	0.0311761	0.244884	0.0337947	0.0279345	0.0822755	0.021985	0.0394174	0.1238	0.107787	0.0662332	0.0284352	0.00464761	0.0102003
190	0.0285818	0.0180525	0.00319086	0.00730229	0.0194798	0.00692805	0.00376079	0.416186	0.00669904	0.0511351	0.022197	0.00567644	0.00535789	0.00616309	0.00565915	0.0155897	0.0303801	0.338614	0.00326347	0.00578354
191	0.349992	0.0281604	0.0163425	0.0194698	0.0121409	0.0545375	0.0139904	0.0137598	0.0137095	0.0240957	0.00751057	0.0135659	0.043205	0.0078013	0.0120509	0.264678	0.0494591	0.0435587	0.00386433	0.00810815
192	0.034295	0.00984754	0.36017	0.105964	0.0105684	0.0623515	0.0316524	0.0100613	0.0342322	0.0183051	0.00840251	0.129257	0.0121482	0.0267165	0.0281739	0.0486296	0.0247983	0.0206231	0.00469043	0.0191134
