410	20
1	0.0810123	0.0070504	0.123529	0.114102	0.0115772	0.0669979	0.0240815	0.0113998	0.0591873	0.0211987	0.0114639	0.0972775	0.02857	0.0496871	0.0521674	0.125498	0.0697385	0.0358211	0.00333327	0.00630667
2	0.0217021	0.0155203	0.00119441	0.00137876	0.36141	0.00157417	0.0206093	0.0481099	0.00160857	0.104663	0.0228785	0.0074584	0.000797769	0.0014273	0.00722488	0.0192756	0.00698428	0.0611219	0.00118043	0.29388
3	0.0244278	0.0112284	0.00151021	0.000854224	0.377904	0.00224891	0.00890865	0.060664	0.00139388	0.170571	0.0302614	0.00417684	0.000840275	0.00207198	0.0120148	0.0242764	0.0118543	0.0712882	0.00147701	0.182027
4	0.0118985	0.00498058	0.00045953	0.000432223	0.00622419	0.000510752	0.000370864	0.630123	0.000853983	0.0672962	0.0249717	0.00286319	0.0003056	0.000591183	0.000712852	0.00247745	0.00601242	0.238397	0.000113869	0.000404738
5	0.0390697	0.00664639	0.216685	0.00225316	0.00340339	0.0298634	0.00305111	0.0262271	0.00900374	0.0120455	0.00722985	0.427255	0.00144005	0.00253754	0.00669443	0.170161	0.00827941	0.0202354	0.000595049	0.00732416
6	0.0601319	0.262247	0.0125203	0.0155073	0.0762952	0.0221234	0.0269805	0.00566611	0.0105138	0.0461723	0.0124854	0.0268727	0.00391578	0.0297149	0.0170203	0.206133	0.0410699	0.0225507	0.00624128	0.0958383
7	0.0203515	0.000506896	0.00331187	0.00100414	0.000838704	0.953841	0.000678578	0.00080037	0.00117858	0.00178403	0.00102033	0.00120525	0.000586436	0.00140887	0.00134986	0.00498236	0.00186235	0.00140431	0.00116891	0.00071569
8	0.228106	0.0152182	0.00122545	0.00975569	0.00721114	0.0145071	0.00110786	0.00147308	0.001857	0.00286994	0.00442934	0.00240166	0.00539575	0.00202463	0.0019163	0.644451	0.0442651	0.0101619	0.000463343	0.00115967
9	0.0124198	0.000563101	0.000383257	0.00480758	0.0211928	0.000504426	0.000381775	0.307594	0.00372539	0.353985	0.0787163	0.000982922	0.0033805	0.00113745	0.00261087	0.00150968	0.00442042	0.201061	0.000193293	0.000429894
10	0.00903978	0.0188946	0.00311097	0.00428685	0.234188	0.00074095	0.0473048	0.0110295	0.0029247	0.0314149	0.00443302	0.00913199	0.000406252	0.0019992	0.00409893	0.0221789	0.00231884	0.0203142	0.00266075	0.569523
11	0.0385	0.00871084	0.03426	0.0697641	0.00593212	0.0500043	0.0797496	0.00160439	0.119562	0.0298011	0.0156548	0.0710759	0.00067627	0.206761	0.143153	0.0960146	0.0171182	0.010121	0.000251608	0.0012863
12	0.0548744	0.00481153	0.00971515	0.000887359	0.000956621	0.0137926	0.00102294	0.00103383	0.0048642	0.00225275	0.00507133	0.0419879	0.00120598	0.00605921	0.00151423	0.359053	0.483205	0.00236909	0.000271877	0.00505056
13	0.573939	0.0120376	0.00314397	0.00475189	0.00362315	0.0785312	0.000934275	0.0128008	0.00260211	0.00986829	0.00903783	0.00746015	0.0134081	0.00386183	0.002453	0.119292	0.0327472	0.104283	0.00362247	0.0016017
14	0.00932187	0.00510086	0.00694462	0.0198154	0.00119501	0.0177256	0.0133371	0.00855827	0.328162	0.00924852	0.0146229	0.0198752	0.00437411	0.0534997	0.43732	0.0215116	0.016757	0.00535447	0.00407154	0.00320456
15	0.0252858	0.00247648	0.000745989	0.000256746	0.0233913	0.00172812	0.000231574	0.26485	0.00426224	0.114908	0.0119705	0.00276127	0.000152926	0.000378	0.000765877	0.00280119	0.00178108	0.540896	9.98982e-05	0.000257371
16	0.057912	0.045778	0.00407476	0.0109961	0.279147	0.0272469	0.0150755	0.016661	0.00695924	0.12999	0.0191011	0.0229955	0.00339023	0.0207771	0.00835729	0.143071	0.0153068	0.0247363	0.0122583	0.136166
17	0.0128735	0.00157798	0.00164004	0.0096952	0.0512079	0.00198713	0.497237	0.00693835	0.00237363	0.0606392	0.00274409	0.0118555	0.00117114	0.0132846	0.0219686	0.0121016	0.00349765	0.00372618	0.00920679	0.274274
18	0.00412635	0.0173502	0.000951732	0.000794687	0.416426	0.0010793	0.00543757	0.0296113	0.00118794	0.326026	0.0546743	0.0137266	0.00152131	0.00134173	0.00176929	0.00892695	0.00738536	0.0467682	0.0300548	0.030841
19	0.0252858	0.00247648	0.000745989	0.000256746	0.0233913	0.00172812	0.000231574	0.26485	0.00426224	0.114908	0.0119705	0.00276127	0.000152926	0.000378	0.000765877	0.00280119	0.00178108	0.540896	9.98982e-05	0.000257371
20	0.00893665	0.00764036	0.00519868	0.0104423	0.00473641	0.0101003	0.041877	0.00608058	0.0954902	0.019355	0.0100504	0.0118065	0.00424439	0.0401785	0.668544	0.0191088	0.014093	0.0066909	0.00810045	0.00732596
21	0.00731451	0.0047339	0.00101221	0.000855731	0.1533	0.0010634	0.00153684	0.0500122	0.00370956	0.682651	0.0281344	0.00327967	0.00107873	0.00216636	0.00251031	0.0056236	0.0054507	0.0299174	0.00347947	0.0121696
22	0.00272199	0.00102279	0.00130985	0.00665734	0.0156173	0.0014558	0.788649	0.00147868	0.00186548	0.0288816	0.00192979	0.0187415	0.00101347	0.0140752	0.0245054	0.00953415	0.00240837	0.00251744	0.000629687	0.0749854
23	0.0036669	0.0110385	0.00100794	0.00137354	0.630251	0.00170147	0.00383594	0.0124461	0.00177372	0.193043	0.0263606	0.00914891	0.00257045	0.00183907	0.0022054	0.00683209	0.00502949	0.0189788	0.0498212	0.0170754
24	0.0387648	0.0537954	0.00254799	0.0152777	0.268306	0.0102908	0.0207129	0.00339958	0.00584239	0.126505	0.0192977	0.0321286	0.00200646	0.0308255	0.00359455	0.174079	0.00483226	0.00604482	0.0165798	0.165169
25	0.407823	0.0029358	0.00295532	0.0119678	0.00828474	0.0601683	0.00115452	0.0174572	0.0074733	0.0412272	0.00810893	0.0456394	0.0520594	0.0167648	0.00204774	0.179333	0.0665367	0.064894	0.000683231	0.00248607
26	0.0149999	0.00526426	0.00364172	0.000599874	0.307377	0.000885316	0.000657584	0.111593	0.000959081	0.284394	0.0425566	0.00134116	0.00104096	0.00374219	0.00181204	0.0328383	0.0344842	0.100293	0.000809371	0.0507103
27	0.239926	0.0159281	0.00205588	0.00961123	0.0110455	0.0171168	0.00132873	0.00297017	0.00248814	0.00529734	0.00511249	0.00487548	0.00786563	0.00334576	0.00271737	0.600024	0.0466555	0.0189765	0.000855169	0.00180431
28	0.0879238	0.000690322	0.0248879	0.038061	0.0346308	0.022084	0.0187929	0.0427344	0.0663381	0.0681418	0.0291544	0.0676424	0.0402438	0.0338293	0.0603789	0.140931	0.115088	0.0727907	0.00844652	0.0272096
29	0.0123444	0.00724298	0.00185523	0.00148875	0.281432	0.000825557	0.00191258	0.117965	0.00144641	0.32195	0.0563498	0.00402172	0.00146765	0.00266476	0.00230095	0.0170543	0.0184902	0.102569	0.0068898	0.039729
30	0.071431	0.0075675	0.0941828	0.0234342	0.00860353	0.0715669	0.0104625	0.0014008	0.0524892	0.00636599	0.00584226	0.180511	0.00138613	0.0198744	0.036283	0.345904	0.0578116	0.00287354	0.000326109	0.00168387
31	0.0274462	0.00318555	0.000833303	0.000640711	0.0190857	0.00144983	0.000437516	0.281742	0.00383064	0.0921062	0.0175682	0.00335045	0.000267553	0.00071712	0.00112701	0.00340368	0.00528219	0.537108	0.000111513	0.000306351
32	0.0825976	0.000911924	0.0223277	0.0348492	0.0372304	0.0198496	0.0185361	0.0403496	0.0617413	0.0663967	0.0272854	0.0666622	0.0347787	0.0325019	0.0555543	0.17877	0.108753	0.0771269	0.0075639	0.0262138
33	0.36244	0.0087951	0.00286743	0.00461864	0.0041787	0.0184532	0.00149943	0.0483805	0.00467714	0.0162913	0.0153382	0.00245269	0.00108717	0.0072467	0.00230502	0.098821	0.123718	0.27058	0.00259642	0.00365338
34	0.0125823	0.00262525	0.0200164	0.0472017	0.00099819	0.00877086	0.00169635	0.0101756	0.528122	0.00886855	0.01846	0.0219763	0.00402999	0.0274508	0.245758	0.0107452	0.0195209	0.00581766	0.000928209	0.00425655
35	0.0180678	0.000508673	0.342242	0.496554	0.000664691	0.0263488	0.00694663	0.000676562	0.0164812	0.00240416	0.00104852	0.0235458	0.00609229	0.028362	0.00670253	0.0144839	0.00485155	0.00331814	0.000233455	0.000467343
36	0.0087217	0.00664787	0.00168332	0.0018876	0.572157	0.00176563	0.009506	0.010689	0.00205319	0.0395502	0.00631059	0.00376387	0.00157193	0.00206353	0.00398011	0.0107908	0.00301433	0.0349364	0.00426156	0.274645
37	0.0165527	0.0057552	0.00362122	0.000688417	0.292624	0.0010542	0.000703569	0.11527	0.00108831	0.287398	0.0404788	0.00117046	0.00113725	0.00393391	0.00190736	0.0370663	0.0370846	0.10137	0.00053237	0.0505637
38	0.0123681	0.000563179	0.000405281	0.0048461	0.0213569	0.000504462	0.00038048	0.305622	0.0037628	0.35585	0.0789097	0.000974667	0.00334352	0.00114603	0.00263746	0.00150242	0.0044111	0.200779	0.000206314	0.000430551
39	0.0880588	0.00076358	0.0260058	0.0390418	0.0343017	0.0226951	0.01888	0.0422544	0.0662402	0.0675104	0.0288687	0.0679974	0.0403358	0.0340496	0.0601692	0.140387	0.114591	0.0723715	0.00843548	0.0270427
40	0.718604	0.00259488	0.00259945	0.00370197	0.00104966	0.128803	0.000520264	0.00303229	0.000996216	0.00247938	0.00361164	0.00195619	0.0139698	0.0012416	0.00287839	0.0576414	0.0142056	0.0390481	0.000328481	0.000737138
41	0.0205759	0.0221753	0.0014559	0.00265139	0.379199	0.00286659	0.0189859	0.0336933	0.00229025	0.125447	0.0229078	0.00961158	0.000892912	0.00443894	0.00639385	0.0342332	0.00550335	0.0471058	0.00606752	0.253505
42	0.0258394	0.00276857	0.000740525	0.000282573	0.0215259	0.00148139	0.000274215	0.242764	0.00404585	0.0978503	0.0123156	0.00333099	0.000163568	0.00044089	0.000779457	0.00261323	0.00217599	0.58024	9.23874e-05	0.000275117
43	0.0409338	0.00851522	0.0535967	0.00761876	0.00576538	0.0254954	0.00678523	0.0136514	0.0165365	0.0160606	0.00998404	0.294375	0.00722496	0.0114122	0.014988	0.395986	0.0518864	0.0136625	0.00103953	0.00448323
44	0.720595	0.00263553	0.0023738	0.00350646	0.000790844	0.139491	0.000548424	0.00242703	0.000861703	0.00138599	0.00363504	0.000878665	0.0139825	0.00102986	0.0032318	0.0532885	0.0118902	0.0366002	0.000262516	0.000584233
45	0.0112913	0.00235604	0.000436313	0.00280198	0.014212	0.000502595	0.000381088	0.459323	0.0023814	0.220021	0.055447	0.00188113	0.00193479	0.000860824	0.00177596	0.00193231	0.00537614	0.216581	0.000142643	0.00036121
46	0.0298147	0.00273245	0.254812	0.465458	0.00338361	0.0283179	0.0129214	0.0054943	0.0263991	0.00978156	0.00568929	0.0211289	0.00954977	0.0408662	0.0171093	0.0295119	0.0152311	0.0175114	0.000910524	0.00337593
47	0.0252858	0.00247648	0.000745989	0.000256746	0.0233913	0.00172812	0.000231574	0.26485	0.00426224	0.114908	0.0119705	0.00276127	0.000152926	0.000378	0.000765877	0.00280119	0.00178108	0.540896	9.98982e-05	0.000257371
48	0.0213956	0.00284565	0.000747597	0.00109495	0.0214007	0.00122632	0.000335088	0.347593	0.00359238	0.141243	0.0313529	0.0026753	0.000661927	0.000643419	0.00130984	0.00268437	0.00417881	0.41458	0.000121515	0.000317045
49	0.0872782	0.000702989	0.0245879	0.0375072	0.0334971	0.0217869	0.0189357	0.0442562	0.0653771	0.0685897	0.0286376	0.0673837	0.044526	0.0335412	0.0599473	0.14247	0.114664	0.0717634	0.00815746	0.0263903
50	0.0805658	0.00264669	0.00225628	0.00134358	0.00754146	0.00738546	0.00693521	0.247894	0.00596683	0.105383	0.115238	0.00352542	0.00080796	0.0112239	0.00503485	0.0138309	0.0804261	0.300409	0.000499853	0.00108585
51	0.0866322	0.00178589	0.0438194	0.0384762	0.0194483	0.0266591	0.0177971	0.0228737	0.0479306	0.04811	0.0162535	0.0655657	0.112613	0.0444166	0.0547737	0.15245	0.123022	0.0578159	0.00481286	0.014744
52	0.0870514	0.00545366	0.132269	0.12241	0.0104056	0.0716805	0.0266825	0.0107758	0.0584175	0.022827	0.0104799	0.0806529	0.0298793	0.0538288	0.0538754	0.108898	0.0694627	0.0357121	0.00325653	0.00598142
53	0.0816159	0.00535303	0.134343	0.112211	0.00912595	0.0782311	0.0263236	0.00975611	0.0607933	0.0199296	0.00921643	0.102023	0.0246503	0.0474127	0.050424	0.119781	0.0677184	0.0314212	0.00279844	0.00687246
54	0.021944	0.000509796	0.000425564	0.000358271	0.0438993	0.000477705	0.000448632	0.0849371	0.00100965	0.654073	0.0933453	0.000631402	0.000424132	0.00817771	0.00758325	0.0122489	0.0113985	0.0466864	0.000123095	0.011298
55	0.0151246	0.00527368	0.00359296	0.000599767	0.304896	0.000892871	0.000668407	0.112717	0.000955139	0.283768	0.0422767	0.00122275	0.00102284	0.00382969	0.00183759	0.0330682	0.0351412	0.101135	0.000617326	0.0513602
56	0.0879891	0.000690322	0.0249094	0.0380255	0.0346217	0.022092	0.0188066	0.0426416	0.0662811	0.0680995	0.0291383	0.067713	0.0402749	0.0338836	0.060315	0.14096	0.115065	0.0728179	0.0084691	0.0272063
57	0.409913	0.00309865	0.00267436	0.0122585	0.00839182	0.0618906	0.00104474	0.0179806	0.00725911	0.0420808	0.00809178	0.0460954	0.0461122	0.0155437	0.00161364	0.180571	0.0668233	0.0654482	0.000613141	0.00249505
58	0.0119513	0.00788882	0.0023068	0.000508909	0.336472	0.000787612	0.00154773	0.0776636	0.0008995	0.321944	0.0517347	0.00394085	0.000995732	0.00251151	0.00197051	0.0202758	0.0215092	0.0857299	0.00520201	0.0441595
59	0.00476075	0.00201057	0.00815678	0.145027	0.00328433	0.00210703	0.122545	0.00202802	0.0516919	0.0421138	0.025297	0.0218445	0.00754559	0.453754	0.0889125	0.00884689	0.00590021	0.00277311	0.000378457	0.00102298
60	0.0801972	0.00366213	0.00797605	0.0164407	0.012407	0.0110443	0.00743468	0.0690052	0.0845002	0.0269701	0.0822326	0.0174212	0.0522221	0.0156509	0.0211934	0.0930761	0.281516	0.104785	0.00239571	0.00986942
61	0.0610099	0.00574399	0.00643182	0.00381191	0.0189103	0.00377041	0.0035381	0.227364	0.0104605	0.126803	0.0987861	0.00347701	0.000897201	0.00635356	0.0111009	0.0273869	0.0471198	0.332794	0.00235131	0.0018896
62	0.0185191	0.00858856	0.00233181	0.0101768	0.136	0.0014946	0.152869	0.00985142	0.00316755	0.0424141	0.0021614	0.006009	0.000877791	0.00847277	0.00823263	0.0195665	0.00255178	0.00588404	0.0143124	0.546518
63	0.00674652	0.00815468	0.00357708	0.00725879	0.00404854	0.00608155	0.0724634	0.00307114	0.0549855	0.0142062	0.00498235	0.00994635	0.00430281	0.0379741	0.71864	0.0154122	0.0105362	0.00491495	0.00802258	0.00467469
64	0.0154474	0.00193927	0.000532138	0.00211112	0.0192723	0.00103534	0.000345458	0.34784	0.00297466	0.213458	0.0365617	0.0019155	0.0014433	0.000679019	0.00135371	0.00254709	0.00310931	0.346965	0.000139068	0.00033033
65	0.0424617	0.0169627	0.147701	0.0195013	0.0066395	0.0437132	0.0164057	0.0119756	0.0335114	0.00965396	0.00712158	0.321977	0.00640301	0.0177922	0.0205717	0.219718	0.0345022	0.0138661	0.000705963	0.00881581
66	0.0333564	0.00245554	0.001464	0.00127614	0.0103791	0.00305716	0.00238145	0.229921	0.00886322	0.0658187	0.0978966	0.0101207	0.00067095	0.00498932	0.00286839	0.0103515	0.039453	0.473287	0.000403608	0.000986587
67	0.179998	0.00217394	0.003281	0.00230871	0.00153076	0.746429	0.000617041	0.00185012	0.0010837	0.00264404	0.00206757	0.00250934	0.00486824	0.00152873	0.00151079	0.024109	0.00649151	0.0132139	0.000515343	0.00126963
68	0.148478	0.0388602	0.0735385	0.0763795	0.0127526	0.131401	0.0174104	0.00911936	0.036535	0.0224374	0.0107525	0.069893	0.0196488	0.0361224	0.0340839	0.140993	0.055807	0.0526305	0.00435921	0.00879702
69	0.0954555	0.00105534	0.0239231	0.0328322	0.00655952	0.0342407	0.0335137	0.00151835	0.0363833	0.0383244	0.00144778	0.00450252	0.279626	0.117014	0.0665337	0.145636	0.0580246	0.0216131	0.00077772	0.00101865
70	0.0879337	0.00071033	0.0252259	0.0385401	0.0345126	0.0222311	0.0188539	0.0426522	0.0663795	0.0680158	0.029106	0.0675426	0.0402086	0.0339229	0.0604006	0.140597	0.114891	0.072734	0.00841523	0.0271277
71	0.0803281	0.00207806	0.0482026	0.046917	0.025336	0.0370992	0.0179251	0.0328067	0.0662268	0.0533472	0.0222102	0.0788858	0.037029	0.0359957	0.0558409	0.154461	0.119594	0.0563913	0.00656145	0.022764
72	0.021563	0.000514972	0.000417106	0.000352569	0.0425515	0.000476135	0.000453458	0.0856787	0.00105459	0.653562	0.0947774	0.000638063	0.00044549	0.00827588	0.00765973	0.0121838	0.0116258	0.0466022	0.000120874	0.011047
73	0.0686445	0.0032532	0.00300844	0.0031705	0.0204974	0.105826	0.0174441	0.00359915	0.00406085	0.0365872	0.0198607	0.004601	0.00199044	0.0356464	0.0338292	0.175369	0.0791983	0.00786451	0.343608	0.0319411
74	0.0306327	0.012246	0.0165529	0.0189876	0.00869755	0.0235473	0.0310653	0.0105307	0.107004	0.0221428	0.0147034	0.0343068	0.0134986	0.0546483	0.431384	0.0912881	0.048372	0.0163501	0.00644287	0.00759839
75	0.0837059	0.000670958	0.0273994	0.0375025	0.0324158	0.0237334	0.0185138	0.0420225	0.0679916	0.0653342	0.0276684	0.0688127	0.0383983	0.0351138	0.0626578	0.145434	0.119141	0.0686345	0.00797925	0.0268693
76	0.0451392	0.0133437	0.00941344	0.0131016	0.0800779	0.0489713	0.0177191	0.0118513	0.0143459	0.0598046	0.0234395	0.0168003	0.00607991	0.0271812	0.0342065	0.104147	0.0465749	0.023093	0.373198	0.0315116
77	0.0185468	0.00107572	0.0717933	0.155474	0.0483898	0.0135608	0.00121341	0.129059	0.0284001	0.141655	0.0248472	0.0213088	0.00101723	0.0630291	0.01784	0.0165528	0.0496985	0.165132	0.0102532	0.0211538
78	0.068312	0.00481554	0.0351906	0.00594575	0.00415499	0.0177639	0.00599276	0.0056438	0.0167102	0.0257062	0.00518881	0.0897619	0.122608	0.0274976	0.0200002	0.266391	0.218724	0.0541027	0.00107095	0.00442003
79	0.0191555	0.00206079	0.508931	0.201769	0.00164296	0.0279395	0.0183259	0.00384634	0.0124387	0.00889112	0.00329661	0.0805962	0.00529329	0.0277441	0.00795175	0.0398507	0.0170876	0.0105548	0.000850358	0.00177444
80	0.084214	0.00545295	0.132546	0.121245	0.00997702	0.0722947	0.0266839	0.010553	0.0592979	0.0233269	0.0111171	0.0803725	0.0283651	0.0538154	0.0548114	0.109646	0.0707039	0.0360082	0.0033934	0.00617554
81	0.0237334	0.00261639	0.000728706	0.000646353	0.0211629	0.00146021	0.000243559	0.285944	0.0040907	0.123824	0.0167899	0.00295738	0.000470366	0.000472912	0.000964159	0.00274244	0.00228914	0.508424	0.00015582	0.000283459
82	0.00994622	0.0158005	0.00294641	0.00415207	0.28624	0.00132386	0.041788	0.0116889	0.00304586	0.0391851	0.00588276	0.00882567	0.000611388	0.00252509	0.00410389	0.021968	0.00333743	0.0235701	0.00347336	0.509586
83	0.077127	0.00533763	0.0246309	0.0412229	0.00448948	0.105473	0.0123517	0.0159464	0.110087	0.0350508	0.0283936	0.0284233	0.00351927	0.104747	0.12057	0.21713	0.0481865	0.00837902	0.00113383	0.00780031
84	0.0540489	0.00492602	0.00934331	0.000948748	0.00087399	0.014204	0.00109478	0.00100842	0.00485083	0.00235729	0.00515761	0.04191	0.0022683	0.00579619	0.00151203	0.363632	0.478509	0.00243862	0.000308521	0.00481158
85	0.290572	0.105608	0.00825631	0.00839912	0.0266075	0.126331	0.00260929	0.00492829	0.00412025	0.0404245	0.00721702	0.0158377	0.00714163	0.0186895	0.00399665	0.180187	0.0530641	0.0685218	0.00570976	0.0217783
86	0.0878737	0.000690424	0.0248666	0.0380526	0.0346409	0.0220891	0.018773	0.0427639	0.06636	0.0682214	0.0292666	0.0675835	0.0402476	0.0338102	0.060417	0.140849	0.115032	0.0728119	0.00843498	0.0272157
87	0.0465213	0.0075532	0.0404643	0.0445687	0.00633083	0.0343349	0.0362192	0.0105933	0.25406	0.0242125	0.0205942	0.141147	0.00686342	0.0943603	0.128863	0.051593	0.0224898	0.019289	0.00177985	0.0081617
88	0.0123558	0.000537863	0.00038606	0.00482373	0.021286	0.000510547	0.000381	0.305856	0.00374709	0.355417	0.0789799	0.000967608	0.00331816	0.00113546	0.00261589	0.00149025	0.00441467	0.201156	0.000193707	0.00042639
89	0.0546392	0.00482125	0.00940827	0.000886832	0.000893707	0.0139862	0.00101901	0.00101801	0.00484672	0.00223146	0.00514156	0.0417732	0.00122128	0.00590506	0.00148891	0.361924	0.481291	0.00230868	0.000286849	0.00490822
90	0.0215675	0.0549229	0.00428578	0.0077066	0.299549	0.0103898	0.0135704	0.0157522	0.00622926	0.160487	0.0329076	0.0176736	0.00396978	0.0130078	0.00804194	0.0561104	0.0142355	0.0281436	0.171166	0.0602832
91	0.083806	0.00532477	0.12941	0.118634	0.0102281	0.0714749	0.0266597	0.0109357	0.0600284	0.0243259	0.0114675	0.0799644	0.0281354	0.0545404	0.0560367	0.110808	0.0716039	0.0367236	0.00338763	0.00650531
92	0.0830203	0.00550125	0.130453	0.116729	0.00983149	0.0718857	0.0262105	0.0115268	0.0604004	0.0234713	0.0112758	0.0799107	0.0288935	0.0534783	0.056522	0.114086	0.0724428	0.0346001	0.00328523	0.00647575
93	0.0165355	0.0100805	0.00257634	0.00922733	0.146951	0.0013643	0.14001	0.00889897	0.00297772	0.0376826	0.00208421	0.00648332	0.000812034	0.00738251	0.00730605	0.0197596	0.0023114	0.0063814	0.0122859	0.558889
94	0.00911762	0.00926361	0.00186127	0.000535756	0.348734	0.00076306	0.00207705	0.0641609	0.000903271	0.344093	0.0511655	0.00539267	0.000964495	0.00216567	0.00179949	0.0154674	0.0161331	0.0771651	0.00757594	0.0406612
95	0.0252858	0.00247648	0.000745989	0.000256746	0.0233913	0.00172812	0.000231574	0.26485	0.00426224	0.114908	0.0119705	0.00276127	0.000152926	0.000378	0.000765877	0.00280119	0.00178108	0.540896	9.98982e-05	0.000257371
96	0.0110252	0.00788027	0.00833999	0.0118957	0.0035057	0.00936434	0.0378595	0.00606682	0.100023	0.0134313	0.00787329	0.0148221	0.00660492	0.035328	0.668847	0.0211894	0.0168755	0.00791148	0.00723842	0.00391858
97	0.0227547	0.000699523	0.000462569	0.000427536	0.0545379	0.000522911	0.000514269	0.0811261	0.00104498	0.651603	0.0887734	0.000795044	0.00049351	0.00762885	0.00716307	0.0115883	0.0107192	0.0471985	0.000306599	0.0116405
98	0.00831364	0.00425858	0.00408599	0.00744273	0.0645683	0.00228937	0.61335	0.00560387	0.00729978	0.0411637	0.00441535	0.0188339	0.00168767	0.0163374	0.0264023	0.0170066	0.00523467	0.00829639	0.00338076	0.140029
99	0.00380127	0.0108875	0.00101103	0.00159793	0.633671	0.00180736	0.00396975	0.0116633	0.00221947	0.187903	0.0248049	0.00895949	0.00260084	0.00197888	0.00230221	0.00671013	0.00501257	0.0173888	0.0560699	0.0156411
100	0.157006	0.392972	0.00384096	0.0102194	0.0316091	0.0361482	0.00312842	0.00372874	0.00466623	0.0301973	0.00982311	0.00732514	0.00227721	0.00816282	0.00481007	0.196983	0.0358196	0.0444337	0.00425274	0.0125957
101	0.0620352	0.00489683	0.2683	0.106692	0.00651206	0.0614357	0.0212147	0.0090447	0.0405665	0.0137977	0.00723796	0.138093	0.0155029	0.0347332	0.030666	0.0990486	0.0462518	0.0262708	0.00181924	0.00588179
102	0.0158943	0.0057691	0.00315155	0.000560425	0.319186	0.000812258	0.0022014	0.1039	0.000921817	0.262669	0.0404941	0.00169203	0.00100043	0.00328708	0.00258326	0.0297097	0.0312378	0.0986895	0.00072474	0.0755161
103	0.0182776	0.00285953	0.0505353	0.0924867	0.0515826	0.00845896	0.00137195	0.172209	0.0209282	0.145565	0.0334489	0.0138225	0.00109422	0.0442634	0.0178068	0.0220144	0.040324	0.228144	0.0161529	0.0186538
104	0.0135756	0.00511203	0.00211566	0.00130638	0.2323	0.000820672	0.00113511	0.141858	0.00156772	0.349494	0.0600852	0.00244616	0.00148069	0.00345174	0.00291985	0.0192676	0.0208176	0.105383	0.00317078	0.0316915
105	0.030887	0.00659696	0.297291	0.00274317	0.0117378	0.0254751	0.0138466	0.0218339	0.0264186	0.00543783	0.00915768	0.398004	0.00188558	0.0037585	0.0336336	0.0622319	0.00900566	0.0139855	0.000865733	0.0252038
106	0.0275081	0.0027225	0.000983098	0.000322561	0.0232825	0.0017858	0.000317053	0.263309	0.00437469	0.118807	0.0140226	0.00276546	0.000201496	0.000393119	0.0010594	0.00338663	0.00227399	0.532125	9.4947e-05	0.000264639
107	0.00695554	0.0191788	0.0035906	0.00484881	0.221562	0.00070123	0.0514634	0.00373504	0.00328843	0.018701	0.00119601	0.00986022	0.000401165	0.00205363	0.00387348	0.0236526	0.00117555	0.0114496	0.00274296	0.60957
108	0.0181572	0.00362569	0.000739978	0.000556673	0.0171873	0.0013062	0.000282338	0.389266	0.0029087	0.128275	0.0167083	0.00263631	0.000465103	0.000461143	0.000880082	0.00404368	0.00289836	0.40915	0.00011561	0.000336901
109	0.0366947	0.00619963	0.253401	0.00377519	0.00453623	0.0485958	0.0105178	0.0187187	0.0217828	0.00555955	0.0120515	0.426127	0.00170461	0.00569489	0.0121557	0.0867354	0.011701	0.018104	0.000407288	0.0155369
110	0.0875935	0.00545346	0.131617	0.122546	0.0104993	0.0717257	0.0266664	0.0108518	0.0582003	0.0228419	0.0104557	0.0805318	0.0295731	0.0538977	0.0538026	0.108961	0.0696796	0.0358849	0.00325692	0.00596194
111	0.0643372	0.00158555	0.0109805	0.0336218	0.0395753	0.0173957	0.0085365	0.0951065	0.0931783	0.100874	0.0747746	0.0330854	0.0415061	0.0375957	0.0774077	0.0935794	0.0727588	0.0764591	0.00405767	0.023584
112	0.295523	0.0133981	0.0283707	0.00483162	0.0301854	0.194222	0.00254443	0.00437593	0.00396181	0.0145927	0.004147	0.0473729	0.0190431	0.018546	0.00365588	0.208635	0.0437855	0.0326601	0.00197627	0.0281728
113	0.184327	0.00234077	0.00327238	0.0229424	0.0130633	0.0174568	0.00243269	0.04196	0.0195108	0.0276828	0.0304808	0.00321966	0.00451156	0.0250505	0.00342581	0.103202	0.258749	0.223747	0.000698637	0.0119275
114	0.6721	0.00261397	0.00260808	0.0038886	0.00140769	0.12087	0.000823593	0.00295872	0.00156593	0.0021163	0.00430353	0.00150498	0.0707935	0.00172856	0.00352237	0.0488605	0.0112143	0.0455127	0.000545752	0.0010611
115	0.0207068	0.00831963	0.00221063	0.000637377	0.327527	0.0010914	0.00786372	0.0877029	0.00120197	0.18857	0.0336763	0.00304864	0.000811874	0.00248073	0.00408087	0.0261879	0.0247047	0.092295	0.000269893	0.166613
116	0.00695554	0.0191788	0.0035906	0.00484881	0.221562	0.00070123	0.0514634	0.00373504	0.00328843	0.018701	0.00119601	0.00986022	0.000401165	0.00205363	0.00387348	0.0236526	0.00117555	0.0114496	0.00274296	0.60957
117	0.0475859	0.00112264	0.00242335	0.0415122	0.0281516	0.0158592	0.00146408	0.107486	0.149223	0.0859687	0.120879	0.0181114	0.0123726	0.0475421	0.0987784	0.0302134	0.0524884	0.122692	0.000605192	0.0155209
118	0.0180466	0.000817238	0.43873	0.34584	0.00134958	0.0276485	0.0133994	0.00137773	0.0141755	0.00570903	0.00156735	0.0451196	0.00609598	0.0284549	0.00695466	0.0265353	0.0109046	0.00596823	0.000423682	0.00088212
119	0.0267908	0.0139379	0.000909294	0.000940605	0.396137	0.00211531	0.0136142	0.0507659	0.00153542	0.109897	0.0242587	0.00553995	0.000750419	0.00151207	0.00925642	0.0210131	0.00692411	0.0657063	0.000570393	0.247825
120	0.0491457	0.00730997	0.00726165	0.00370559	0.0259202	0.00239681	0.00186303	0.232497	0.00831433	0.134733	0.0543445	0.00282643	0.000633177	0.00331048	0.00960451	0.0216297	0.0231155	0.40698	0.00261713	0.00179173
121	0.0802634	0.0012711	0.0246622	0.0331888	0.0359152	0.0237711	0.019153	0.0384191	0.0641735	0.0651196	0.0252448	0.0732739	0.0342425	0.0338678	0.0801485	0.146723	0.116309	0.0674905	0.00990766	0.0268554
122	0.0251821	0.00248014	0.000747946	0.000252958	0.0233631	0.00172457	0.000233738	0.266268	0.00424046	0.115007	0.0120348	0.00274477	0.00015172	0.000378979	0.000763515	0.00281859	0.00180641	0.539446	9.99508e-05	0.00025453
123	0.0724903	0.00616251	0.0625013	0.0754565	0.00613885	0.0910051	0.0215375	0.0112666	0.0841306	0.0273959	0.0183847	0.04639	0.0122742	0.103655	0.107003	0.167786	0.0576319	0.0172507	0.00177787	0.00976197
124	0.0138166	0.00410044	0.00041274	0.000351318	0.00898448	0.000720675	0.000349872	0.568264	0.00132511	0.0722181	0.02422	0.00265574	0.000268545	0.000525187	0.000652993	0.00201808	0.005321	0.293323	0.000101698	0.000369791
125	0.0975999	0.00637457	0.105741	0.0977995	0.0123399	0.102653	0.026173	0.0140857	0.0521102	0.0270912	0.0163561	0.0712075	0.0259561	0.04536	0.054076	0.120792	0.0721044	0.0398354	0.00378721	0.00855809
126	0.0953531	0.00100506	0.0248015	0.0331014	0.0064934	0.0336576	0.0334883	0.00189653	0.0368984	0.0374016	0.00178633	0.00570812	0.279515	0.113866	0.0673131	0.144097	0.0599751	0.0216278	0.000779894	0.00123466
127	0.0440035	0.00812428	0.332026	0.00282233	0.00381769	0.0491876	0.00417183	0.0234419	0.0190443	0.00550785	0.0127424	0.357575	0.0021219	0.00229903	0.00864488	0.065484	0.0196318	0.028965	0.000431605	0.00995657
128	0.721904	0.00254922	0.00235159	0.00352901	0.000755196	0.13606	0.000544948	0.00239269	0.000824812	0.00135391	0.00388778	0.000862726	0.0149143	0.000898257	0.0031959	0.0544826	0.0116421	0.0369692	0.000256837	0.000624986
129	0.0150735	0.00536761	0.00358719	0.000607522	0.301508	0.000894637	0.000654704	0.11374	0.000996036	0.285818	0.0422012	0.00119454	0.0010089	0.00395309	0.00181891	0.0336354	0.0356888	0.100809	0.000597495	0.0508453
130	0.0219407	0.00058856	0.000440197	0.00158377	0.0356047	0.000869156	0.000754332	0.134862	0.00227538	0.578919	0.0903174	0.000843768	0.000960949	0.00670444	0.00645912	0.00918473	0.0135891	0.086568	0.000167387	0.00736764
131	0.0465224	0.00794156	0.126407	0.0119146	0.00570612	0.0430839	0.00842885	0.0124014	0.0278039	0.0108767	0.00688618	0.341728	0.00292995	0.0118322	0.0174993	0.267683	0.0327334	0.0116781	0.000818827	0.00512426
132	0.0245764	0.000632725	0.00539221	0.00174847	0.00087928	0.936991	0.00140613	0.0010072	0.00293608	0.00183467	0.0010225	0.00224641	0.00272975	0.00254351	0.00271736	0.00635066	0.00213343	0.00189097	0.000245075	0.000716285
133	0.0339116	0.00303503	0.00167232	0.00161367	0.0222262	0.00155034	0.000856979	0.27176	0.00481088	0.17775	0.0464856	0.00249691	0.000970275	0.00142698	0.00307342	0.00656274	0.0103124	0.408707	0.000312415	0.000465121
134	0.0238979	0.00294176	0.268847	0.476817	0.00344124	0.0287063	0.0100562	0.00433301	0.0265353	0.00921585	0.00420667	0.0260546	0.00782148	0.0391852	0.0172707	0.021757	0.0110578	0.0115724	0.00289	0.00339304
135	0.0123315	0.00490407	0.000448887	0.000436023	0.00635114	0.000534694	0.000371597	0.624646	0.000932945	0.0666511	0.0249652	0.00285096	0.000301014	0.000579992	0.000696303	0.0023861	0.00593061	0.244169	0.000113079	0.000399605
136	0.00417823	0.0171676	0.000922822	0.000845161	0.419667	0.00111563	0.00543511	0.0281459	0.00124355	0.326244	0.0547803	0.0136512	0.00155954	0.00127903	0.00180357	0.00846058	0.00717558	0.0447782	0.0313296	0.030217
137	0.0127584	0.0036594	0.0146049	0.0413198	0.00101563	0.00737594	0.00237718	0.0140165	0.510268	0.00907318	0.0177464	0.0194176	0.00314455	0.033015	0.2687	0.011799	0.0158921	0.00730916	0.00135367	0.00515429
138	0.012389	0.000538129	0.000384049	0.00483624	0.0213234	0.000500698	0.000380498	0.305739	0.00376152	0.356147	0.0790638	0.000977087	0.00334789	0.00113604	0.00262462	0.00148742	0.00441469	0.20033	0.000193497	0.000426224
139	0.00733069	0.00270539	0.00394187	0.00371191	0.00382821	0.0214256	0.0213019	0.123191	0.00514752	0.101293	0.0640124	0.204737	0.0233008	0.00530743	0.0252783	0.290752	0.0239154	0.0650692	0.00112324	0.00262814
140	0.0801263	0.00801463	0.124142	0.112465	0.0111131	0.0740407	0.0248274	0.0101211	0.0604465	0.0206482	0.0106749	0.0895797	0.0270762	0.0504475	0.0532298	0.132475	0.0690227	0.0323202	0.00325123	0.00597753
141	0.0248801	0.0019207	0.00269234	0.0108384	0.016467	0.00359294	0.051623	0.0268096	0.173754	0.177921	0.0522162	0.0057548	0.00230676	0.195561	0.147555	0.0245173	0.0159849	0.0346391	0.000875482	0.03009
142	0.0363741	0.0104172	0.00186503	0.00175752	0.0859266	0.00238181	0.0808692	0.0269325	0.0894983	0.0799605	0.00257667	0.103839	0.0011299	0.0355447	0.207054	0.0717131	0.0643453	0.0561141	0.000873234	0.0408268
143	0.0151133	0.00533299	0.00357158	0.000633646	0.307047	0.00101092	0.00080451	0.111902	0.000984674	0.281177	0.0426902	0.00137441	0.00104023	0.00389324	0.00196905	0.032645	0.0340461	0.100442	0.000749626	0.0535731
144	0.105935	0.00501995	0.00447487	0.00364365	0.00381333	0.00837349	0.0032161	0.00318204	0.00393409	0.00668318	0.0304888	0.0121367	0.108436	0.00439137	0.00375639	0.556886	0.123531	0.00860589	0.000768424	0.00272355
145	0.0109418	0.00212381	0.000716124	0.00067669	0.0860137	0.000773254	0.000978274	0.05831	0.00319918	0.736297	0.0397347	0.00186446	0.000862039	0.00369386	0.00377093	0.00611408	0.00547733	0.0296175	0.00124662	0.00758911
146	0.412068	0.00282285	0.00235954	0.0121971	0.00823964	0.0594903	0.00105904	0.0181208	0.00733943	0.0421876	0.00832837	0.0454764	0.0462969	0.0156348	0.00162934	0.180315	0.0666709	0.0668009	0.000727062	0.00223591
147	0.0480375	0.00229883	0.169972	0.305173	0.009319	0.0168	0.0107967	0.017775	0.0345803	0.0679332	0.0277449	0.0122708	0.0033371	0.060356	0.0250052	0.0215315	0.0666151	0.0935404	0.00121775	0.00569552
148	0.012389	0.000538129	0.000384049	0.00483624	0.0213234	0.000500698	0.000380498	0.305739	0.00376152	0.356147	0.0790638	0.000977087	0.00334789	0.00113604	0.00262462	0.00148742	0.00441469	0.20033	0.000193497	0.000426224
149	0.0206544	0.00171313	0.002015	0.00552514	0.0122135	0.00224904	0.0611113	0.022624	0.164738	0.20507	0.0442093	0.00288616	0.00133188	0.211657	0.141699	0.0255244	0.0135991	0.0309336	0.00064635	0.0296009
150	0.0875935	0.00545346	0.131617	0.122546	0.0104993	0.0717257	0.0266664	0.0108518	0.0582003	0.0228419	0.0104557	0.0805318	0.0295731	0.0538977	0.0538026	0.108961	0.0696796	0.0358849	0.00325692	0.00596194
151	0.713859	0.00363794	0.00235579	0.0036551	0.00107666	0.134949	0.00050484	0.00289169	0.000893419	0.00198465	0.00375426	0.00143606	0.0135695	0.00119826	0.00299954	0.0563756	0.0139833	0.0395018	0.000622519	0.000751157
152	0.0582036	0.00839262	0.0133124	0.00448351	0.00333573	0.0174596	0.00704862	0.00467367	0.0103941	0.00908206	0.00928438	0.0434662	0.0179219	0.0105279	0.0102495	0.330441	0.414929	0.0180045	0.00235183	0.00643801
153	0.0155272	0.0130207	0.101129	0.0324701	0.0023527	0.0792061	0.073609	0.00175432	0.135316	0.00928693	0.0118441	0.280559	0.00091511	0.0908894	0.0534035	0.0803547	0.00766247	0.00549476	0.000408104	0.00479628
154	0.0241301	0.0111603	0.130306	0.0247727	0.00325668	0.0943489	0.056235	0.0028382	0.109267	0.00492161	0.00922781	0.308832	0.00127808	0.0433278	0.0305981	0.115445	0.0168502	0.00613277	0.000496811	0.00657512
155	0.00839662	0.0142832	0.00258465	0.00339469	0.558184	0.00691824	0.00536896	0.0113863	0.0039308	0.145312	0.0207236	0.009848	0.00339125	0.00555134	0.00525354	0.0194597	0.0105146	0.0165192	0.131707	0.0172723
156	0.00923553	0.000674227	0.624427	0.137423	0.000903384	0.0241692	0.0232445	0.000827684	0.00534768	0.00702493	0.00115091	0.0801161	0.00233446	0.0230853	0.00144469	0.0388783	0.0151488	0.00360328	0.000322258	0.000638401
157	0.0869261	0.00544203	0.132495	0.122105	0.0103663	0.0714058	0.0265601	0.0108399	0.0587153	0.0227832	0.0104854	0.0804255	0.0300607	0.0537851	0.0540768	0.109252	0.0695429	0.0355288	0.00324099	0.00596259
158	0.0713093	0.00752851	0.0941142	0.0244443	0.00859881	0.0721944	0.0108138	0.00142652	0.053479	0.0064139	0.00567989	0.182271	0.00132745	0.0204609	0.0364673	0.341004	0.057323	0.0030575	0.000320983	0.00176551
159	0.0770878	0.00116466	0.0250337	0.0480393	0.038805	0.022231	0.0147473	0.0345349	0.0654244	0.119106	0.0405702	0.0715027	0.0293381	0.0431159	0.0570534	0.119807	0.0906961	0.0650409	0.0163857	0.0203162
160	0.0260542	0.00259917	0.00092248	0.000978494	0.0234029	0.00145636	0.000258015	0.266213	0.0051297	0.140982	0.0206006	0.0032313	0.000575932	0.000604135	0.00129477	0.00312907	0.0023944	0.499665	0.000232003	0.000276697
161	0.0119127	0.00498679	0.00044819	0.000433876	0.00603723	0.000510476	0.000372323	0.630627	0.000858295	0.0671894	0.0249441	0.00285794	0.0003056	0.000580802	0.000713318	0.00247257	0.00601952	0.238211	0.000113863	0.000404755
162	0.0232643	0.00130579	0.00783058	0.00275011	0.00147076	0.936645	0.00115713	0.000872566	0.00162849	0.0017617	0.00118659	0.00265108	0.000857917	0.00199887	0.00189894	0.00715097	0.00235561	0.00205243	0.000361088	0.000799653
163	0.096072	0.00116482	0.0116261	0.0842256	0.0102782	0.00573935	0.001243	0.144127	0.037479	0.0307076	0.0380822	0.00855212	0.00835663	0.00595333	0.016913	0.0545341	0.0900411	0.352344	0.000550265	0.00201137
164	0.0264344	0.000564349	0.00334782	0.0012145	0.000936515	0.939331	0.00139151	0.00101615	0.00285681	0.00200573	0.00126872	0.00227838	0.000955906	0.00213303	0.00233729	0.00688398	0.0018404	0.00200353	0.000306809	0.000892827
165	0.0346322	0.00295573	0.0395827	0.0177595	0.00286234	0.75411	0.00541844	0.00247482	0.0115757	0.00455413	0.00321799	0.0315862	0.0036729	0.00849419	0.00949029	0.045108	0.0124732	0.0068252	0.000855958	0.00235023
166	0.010361	0.0105605	0.00309947	0.00264035	0.524835	0.00265182	0.00942758	0.0312117	0.00546082	0.14592	0.0201948	0.00861244	0.00214241	0.00377689	0.00491895	0.0179046	0.00971746	0.0406307	0.0239427	0.121991
167	0.0231048	0.000718674	0.00634269	0.00602632	0.000848779	0.943215	0.000753805	0.00075692	0.00129746	0.00148893	0.00101908	0.00150109	0.000745538	0.00129489	0.00126666	0.00524831	0.0015238	0.0019057	0.00027754	0.000664059
168	0.0212252	0.0050535	0.0372277	0.0313625	0.00639879	0.0124579	0.0155487	0.0310216	0.315708	0.0222038	0.0378778	0.106996	0.00698754	0.028093	0.210977	0.0259249	0.0381721	0.0170105	0.00270721	0.0270458
169	0.0444883	0.00377458	0.00273026	0.00552206	0.0244318	0.0062501	0.00102384	0.23683	0.00789979	0.104238	0.0243181	0.00466737	0.00277704	0.00331588	0.0041008	0.0114273	0.0153424	0.491258	0.00192947	0.00367541
170	0.00687262	0.0115714	0.00258304	0.00305379	0.417332	0.00127978	0.0259702	0.00660792	0.00271011	0.0272739	0.00391621	0.00642497	0.000897358	0.0020908	0.00342879	0.0147891	0.00223518	0.0262995	0.00298839	0.431674
171	0.0199303	0.00940087	0.0092499	0.0381087	0.00156902	0.00393766	0.00301059	0.038587	0.412806	0.0167543	0.0215535	0.0230214	0.00356678	0.0433754	0.293964	0.0173113	0.0139322	0.0150692	0.00269758	0.0121545
172	0.671664	0.0042701	0.0027542	0.00384823	0.00148624	0.170193	0.00106625	0.00319087	0.00133689	0.00239457	0.00427485	0.00228905	0.0139599	0.00149561	0.0034283	0.0570977	0.0139912	0.0392012	0.00100862	0.00104979
173	0.107896	0.00113733	0.0129268	0.0809644	0.00631172	0.00257505	0.00116857	0.127718	0.0199499	0.0180066	0.0313393	0.0064829	0.00560305	0.00282771	0.008891	0.0435887	0.119547	0.400783	0.00050443	0.00177828
174	0.0199785	0.000518273	0.000431734	0.000394312	0.040745	0.000494765	0.000423062	0.0894616	0.00110428	0.645756	0.1018	0.000642081	0.000421964	0.00815366	0.00750142	0.0120024	0.0131963	0.0468017	0.000134253	0.0100385
175	0.0867119	0.0054531	0.132346	0.122203	0.0103956	0.0717416	0.0266927	0.010745	0.0585215	0.0228729	0.0105352	0.0807045	0.0297754	0.0538493	0.0539726	0.109021	0.0695016	0.0356945	0.00326158	0.00600145
176	0.00931803	0.00067229	0.623491	0.137312	0.000931682	0.0246389	0.0231452	0.000819212	0.00532655	0.00708352	0.00115132	0.0805097	0.0023343	0.0231589	0.001462	0.0387504	0.0152345	0.00367535	0.000344807	0.000641387
177	0.0801268	0.00648707	0.131981	0.0998947	0.0078992	0.13928	0.0233159	0.00892075	0.0549654	0.0171372	0.00928924	0.104134	0.0193833	0.0382022	0.0437535	0.119576	0.0607494	0.0265167	0.00244088	0.00594631
178	0.0189621	0.00202443	0.00961514	0.0986088	0.00712752	0.00744956	0.00497265	0.0370264	0.2286	0.0624507	0.0632082	0.042472	0.0268784	0.127334	0.153236	0.0267369	0.046699	0.0314714	0.00109991	0.0040269
179	0.025887	0.00274386	0.000739659	0.000278599	0.0215939	0.00148434	0.00027381	0.243216	0.00405131	0.0983533	0.0122572	0.00329796	0.000154984	0.000422927	0.000776555	0.0025973	0.00213767	0.57937	9.24417e-05	0.000271122
180	0.620409	0.00823315	0.00964148	0.0106975	0.00508987	0.1095	0.00182544	0.0082928	0.0040086	0.0111726	0.00743734	0.00705857	0.0156466	0.00480426	0.0063463	0.0866846	0.023377	0.0528365	0.0025177	0.00442025
181	0.0130151	0.00484102	0.000497218	0.000429812	0.00692578	0.000584353	0.000371823	0.612401	0.00106264	0.0684235	0.0241906	0.00288189	0.000296404	0.000568785	0.000723088	0.00247896	0.00574674	0.254012	0.00011866	0.000430478
182	0.0196222	0.00522773	0.0202531	0.0421954	0.00481687	0.0159668	0.012442	0.0152477	0.42548	0.0212007	0.0209052	0.035445	0.006413	0.0517689	0.226861	0.0286505	0.0245188	0.012589	0.00347238	0.0069237
183	0.0124968	0.00655294	0.00937505	0.0217377	0.00294656	0.0132145	0.0255034	0.00983919	0.234729	0.0159884	0.0135616	0.01974	0.00429348	0.0489145	0.504481	0.0217509	0.0163572	0.00813591	0.00567658	0.00470551
184	0.65001	0.00558547	0.00382147	0.00359852	0.00220866	0.174383	0.000993861	0.00239382	0.00126092	0.00282387	0.00464883	0.00290085	0.013674	0.00219264	0.00641602	0.0694647	0.0141749	0.0356712	0.00171792	0.0020591
185	0.0860582	0.00114239	0.0321565	0.0434142	0.0327548	0.0253319	0.0194539	0.0385663	0.067327	0.0655573	0.0290922	0.071401	0.0372061	0.0378604	0.0592182	0.142406	0.109848	0.0678018	0.00852574	0.0248776
186	0.0952994	0.000947545	0.0236081	0.0321854	0.00624425	0.0334469	0.0336713	0.00149473	0.0363695	0.0374889	0.00143865	0.00458951	0.284681	0.115771	0.0669537	0.144142	0.0589	0.0210853	0.000682936	0.000998972
187	0.0410446	0.0102848	0.0331975	0.0712988	0.00507146	0.0597319	0.0733722	0.00251544	0.12571	0.0308564	0.0169059	0.0654745	0.000873678	0.195022	0.134989	0.102935	0.0196613	0.00884077	0.00031823	0.00189675
188	0.0375939	0.0376649	0.0345084	0.0283783	0.0157696	0.0312439	0.0620756	0.00476456	0.0353343	0.0237316	0.0158788	0.0754851	0.0051141	0.089887	0.064523	0.293586	0.0858719	0.0168218	0.00115536	0.0406123
189	0.0330915	0.00852426	0.0371137	0.0782245	0.00494097	0.0460889	0.0861217	0.00101873	0.123325	0.0289743	0.0134237	0.0743449	0.000741157	0.21927	0.142194	0.0778258	0.0146713	0.0088829	0.000271431	0.000950035
190	0.0221089	0.00378695	0.0666749	0.194084	0.00684884	0.0167547	0.074308	0.00876117	0.0604484	0.0353396	0.0222348	0.0300185	0.0123553	0.296215	0.0768773	0.0334179	0.0187505	0.0139312	0.00368954	0.00339453
