533	20
1	0.0194352	0.0056033	0.000444691	0.000640887	0.106108	0.00880418	0.00182352	0.204558	0.000698034	0.489259	0.0411406	0.00112014	0.00204009	0.00140468	0.000796479	0.00693733	0.00759347	0.0929951	0.00366116	0.00493607
2	0.238551	0.0404888	0.000530438	0.000627379	0.0534851	0.0332973	0.000650939	0.100153	0.000887776	0.167951	0.0257696	0.00109946	0.000478645	0.000930018	0.00249742	0.115503	0.104684	0.111393	0.000348802	0.000672729
3	0.0457046	0.0429193	0.000434857	0.000601199	0.0874477	0.0109041	0.00483892	0.0685702	0.0056631	0.42498	0.120915	0.00363215	0.000460519	0.00304919	0.00295047	0.0484248	0.0576882	0.0514357	0.0010687	0.0183108
4	0.0700114	0.0766344	0.000820623	0.00670563	0.00175759	0.00211206	0.000853784	0.362843	0.00151752	0.0604508	0.00472795	0.00196313	0.00536179	0.00161784	0.00818782	0.0915965	0.0644906	0.236625	0.000550542	0.00117212
5	0.111474	0.252554	0.00269108	0.00348895	0.0535891	0.0985158	0.0192098	0.00570435	0.0425332	0.00875063	0.00501597	0.00476645	0.00304156	0.00449931	0.01984	0.0855381	0.0813773	0.0527365	0.0514986	0.0931755
6	0.0430026	0.000365094	0.000262412	0.000380954	0.0127406	0.00959178	0.00115879	0.39481	0.00166103	0.0441489	0.0182927	0.000893867	0.000371966	0.000462452	0.00347937	0.00346534	0.0159542	0.445417	0.000522561	0.00301819
7	0.0756268	0.0336073	0.000366128	0.00128127	0.0401394	0.0129413	0.000724592	0.254039	0.00143266	0.225863	0.0493222	0.00172087	0.00685821	0.00203354	0.00199474	0.0367207	0.0414816	0.206692	0.00218768	0.00496743
8	0.544986	0.0258231	0.00192474	0.00314337	0.0035935	0.0861794	0.000360771	0.00239182	0.0010765	0.00356551	0.00506002	0.00401444	0.00529601	0.00116156	0.000516914	0.276878	0.0222448	0.0105788	0.000740176	0.000464983
9	0.0757423	0.0349536	0.000364614	0.000908812	0.120331	0.0177966	0.00106486	0.247683	0.00113584	0.183737	0.0325624	0.00122866	0.0153723	0.000784501	0.00161485	0.00734393	0.018226	0.211552	0.00826086	0.0193375
10	0.380122	0.0566657	0.00362608	0.00274328	0.00955162	0.0195957	0.00132251	0.0305566	0.0086745	0.0196197	0.00301034	0.00196196	0.0199941	0.00571435	0.00183494	0.365926	0.0220598	0.0436082	0.00219354	0.00121957
11	0.0700196	0.0765568	0.000823516	0.00683912	0.00176757	0.00206791	0.000865458	0.360828	0.00148196	0.0582225	0.00456017	0.00195102	0.00552879	0.00155856	0.00827642	0.0922135	0.0645049	0.24021	0.000544575	0.00117932
12	0.0441899	0.00811109	0.0227845	0.0326348	0.0138239	0.0907482	0.0112762	0.0108987	0.0700665	0.019311	0.0169215	0.0570286	0.0110168	0.0278325	0.432889	0.0497148	0.0294079	0.018731	0.0210697	0.0115433
13	0.0287389	0.00634085	0.0064107	0.0791433	0.0155735	0.0127786	0.0106273	0.0516943	0.0169062	0.292295	0.0205318	0.0154761	0.00964333	0.0655198	0.0351415	0.0250547	0.0360244	0.254935	0.0054348	0.0117297
14	0.010677	0.000829708	0.000857517	0.0014622	0.400924	0.001713	0.0267465	0.0500459	0.0141941	0.0190479	0.0318728	0.00786238	0.0128614	0.0145584	0.00583775	0.0052707	0.0174264	0.0326963	0.0513202	0.293795
15	0.320712	0.0292294	0.0144323	0.00600905	0.00596218	0.0252643	0.00906343	0.0111476	0.00918969	0.00945318	0.00513457	0.00739804	0.0500279	0.018623	0.00471565	0.41611	0.0275857	0.0227167	0.00434125	0.00288454
16	0.0607864	0.0254009	0.00294963	0.00379158	0.0137849	0.00429711	0.00277976	0.2736	0.00416975	0.0644378	0.0215181	0.00686336	0.00384638	0.00245496	0.00702633	0.0551965	0.0557412	0.383916	0.00118921	0.00624981
17	0.0268389	0.000758107	0.000289607	0.000372503	0.0156378	0.00618831	0.000976517	0.443631	0.00164764	0.0748137	0.0222783	0.000616337	0.000726091	0.000870683	0.00461519	0.00319121	0.00949785	0.380243	0.00110854	0.00569916
18	0.0214708	0.00168407	0.00209054	0.0178199	0.0256551	0.00794592	0.0236698	0.0251805	0.153181	0.146831	0.0410318	0.0258518	0.00920105	0.0597392	0.259207	0.0312665	0.0893049	0.0426208	0.00411626	0.012133
19	0.0038265	0.000681953	0.00102524	0.00119651	0.172869	0.00182925	0.173404	0.0110193	0.0130203	0.0395659	0.00476736	0.0231828	0.00198366	0.026875	0.00685443	0.00661038	0.0113569	0.0124608	0.0595212	0.427949
20	0.0737312	0.00446063	0.0442422	0.114152	0.0122641	0.280727	0.0138099	0.0152514	0.0926071	0.0160883	0.0120174	0.050386	0.0141909	0.0370961	0.0347759	0.103989	0.0447213	0.021508	0.00291823	0.0110635
21	0.173355	0.0124197	0.0116077	0.0199559	0.0071189	0.040203	0.0275011	0.0125474	0.0433708	0.0153425	0.00849695	0.0445307	0.065565	0.0368067	0.0267363	0.316246	0.101515	0.024084	0.00464667	0.00795011
22	0.0333358	0.000606292	0.000394392	0.000571586	0.0112196	0.00482376	0.00146548	0.351175	0.00407398	0.0500643	0.0213598	0.0014019	0.000763108	0.00137571	0.00406874	0.00607226	0.0271007	0.477003	0.00063144	0.00249322
23	0.044594	0.00678818	0.0253898	0.0336604	0.0659163	0.0380321	0.215895	0.0248711	0.0263792	0.049767	0.0199173	0.0729877	0.0144038	0.0534031	0.0258232	0.0640819	0.0294465	0.0284617	0.0237448	0.136437
24	0.0401045	0.0110187	0.041357	0.231543	0.0267541	0.0275757	0.0284337	0.0446615	0.0385962	0.138186	0.0227654	0.0322199	0.0389702	0.0544067	0.0414048	0.0492706	0.0439269	0.0543349	0.00912348	0.0253476
25	0.0120819	0.00097347	0.00159801	0.00131905	0.537636	0.00172438	0.00951541	0.0220999	0.00498493	0.0253476	0.0226754	0.0116093	0.00344627	0.00705782	0.00499396	0.00586204	0.00879468	0.0282424	0.0121255	0.277912
26	0.0200747	0.00256248	0.617675	0.0529168	0.00803203	0.0252834	0.0122419	0.00850028	0.025298	0.0108203	0.00535151	0.0632071	0.0103065	0.0158689	0.013908	0.0419992	0.0418499	0.0162625	0.00135529	0.00648596
27	0.0420865	0.00776045	0.0080184	0.0241678	0.0217567	0.0106565	0.00938648	0.0487298	0.0135365	0.124724	0.0105633	0.00854501	0.518377	0.0343271	0.0156212	0.0344674	0.0295712	0.0253609	0.0019962	0.0103476
28	0.124576	0.00571217	0.0356356	0.061742	0.00941589	0.0527657	0.0689645	0.0128282	0.036008	0.0342901	0.0285073	0.0467464	0.042302	0.0392188	0.0306353	0.123328	0.0811767	0.0219368	0.00641914	0.137792
29	0.0644087	0.000655792	0.162112	0.250301	0.00149736	0.0255083	0.0120269	0.00500516	0.17909	0.0123751	0.00153742	0.0904896	0.0181649	0.0525443	0.0275739	0.0701451	0.0127987	0.0101278	0.000550912	0.00308823
30	0.0335396	0.0156487	0.000584363	0.0018802	0.293905	0.0126807	0.00588691	0.0726937	0.002121	0.384334	0.054325	0.0104346	0.00154693	0.00360081	0.00323142	0.0125358	0.0157813	0.0332136	0.00537346	0.036683
31	0.0434613	0.0160033	0.00254065	0.0106377	0.164643	0.0222016	0.0554644	0.0350944	0.0135901	0.266252	0.0508782	0.0207882	0.00213714	0.0190829	0.0269032	0.0169092	0.00757099	0.0103353	0.133392	0.0821138
32	0.0109976	0.000917013	0.501545	0.0614576	0.00935866	0.0565016	0.0143409	0.00348739	0.0300692	0.00696844	0.0024866	0.19165	0.00716161	0.014579	0.0164961	0.0386331	0.0204002	0.00518807	0.000888768	0.00687331
33	0.00649861	0.00173618	0.00219505	0.00265874	0.0592239	0.00567667	0.0196441	0.00869975	0.00959121	0.0234658	0.00603236	0.00629313	0.00220115	0.00743968	0.0130695	0.0129093	0.00693697	0.0159412	0.691701	0.0980856
34	0.0124853	0.000583378	0.00304006	0.000961134	0.439152	0.00167606	0.0190247	0.0125216	0.00300055	0.0355668	0.0146707	0.00988283	0.00258	0.00530266	0.00271981	0.00535722	0.00655577	0.0147549	0.0116552	0.39851
35	0.00756122	0.00103211	0.733745	0.0344118	0.00547574	0.0235646	0.00721904	0.00386705	0.0181586	0.00682699	0.00270967	0.0763446	0.00471734	0.00862258	0.0108328	0.0235653	0.0170682	0.0100824	0.00113034	0.00306418
36	0.0407082	0.000830439	0.297215	0.15364	0.0191108	0.0193186	0.055458	0.00647744	0.0286988	0.0111661	0.00342803	0.130238	0.0222964	0.036719	0.017398	0.0844049	0.0331167	0.00761903	0.00182705	0.0303298
37	0.173731	0.00372672	0.00203329	0.00452985	0.0060967	0.0121893	0.00236066	0.00753405	0.00353096	0.00777289	0.00430531	0.0142468	0.0548616	0.00717298	0.00278466	0.251689	0.37076	0.0664972	0.000885055	0.00329227
38	0.00481359	0.00163611	0.00155391	0.00217011	0.0207526	0.00548548	0.00508978	0.00372787	0.00317931	0.00962446	0.00318086	0.00352983	0.00191914	0.00341919	0.00767897	0.00707249	0.00520483	0.0125585	0.873351	0.0240516
39	0.00349131	0.000713489	0.000947972	0.00118453	0.166855	0.00166351	0.188964	0.00828397	0.012367	0.0399274	0.00319028	0.022992	0.00154321	0.0278495	0.006541	0.00593656	0.00954337	0.01109	0.0564339	0.430482
40	0.0613405	0.00854912	0.00803106	0.0177318	0.0126497	0.0112292	0.011812	0.0105694	0.00937567	0.0315981	0.0108837	0.00828386	0.664537	0.0215823	0.0151624	0.0408046	0.041158	0.00883869	0.00124217	0.00462123
41	0.115742	0.0213869	0.00391739	0.00917269	0.0889771	0.0276324	0.0112991	0.0954687	0.00924758	0.315021	0.0562446	0.0111273	0.009496	0.00974146	0.0133981	0.0529684	0.0448945	0.0782397	0.00623646	0.0197884
42	0.101859	0.00262432	0.0142138	0.00739446	0.00557822	0.59888	0.00830981	0.00659013	0.0211944	0.00912051	0.00804299	0.0217393	0.0155366	0.0126571	0.00670788	0.108932	0.0285207	0.0166125	0.00127847	0.00420896
43	0.0303842	0.00604465	0.02023	0.0324748	0.0100852	0.0212269	0.0134082	0.00976556	0.145989	0.0207382	0.0172826	0.0396736	0.0098707	0.0354868	0.474143	0.0388968	0.0292261	0.0150455	0.0206297	0.00939862
44	0.0596287	0.00608154	0.0711187	0.00759699	0.00885091	0.00924359	0.00462409	0.115114	0.008344	0.0232787	0.00903703	0.050432	0.00404643	0.00754634	0.00827647	0.194144	0.120788	0.251496	0.0029379	0.0374142
45	0.0549899	0.000799801	0.00031884	0.000585072	0.0129729	0.00127632	0.00179006	0.197006	0.00283676	0.0387703	0.0217532	0.00313304	0.000432038	0.000709523	0.00163829	0.0135925	0.0724298	0.574115	0.000292542	0.000558099
46	0.0694299	0.00206205	0.0146891	0.00907349	0.00767244	0.614552	0.00844851	0.00902923	0.0295171	0.0111188	0.00706735	0.0290782	0.0416882	0.0178192	0.010022	0.0691389	0.029715	0.0147965	0.00152449	0.00355773
47	0.0387163	0.00473189	0.00831724	0.0688957	0.0117306	0.122826	0.0109602	0.0609857	0.0258201	0.0334596	0.0165393	0.0226497	0.013886	0.0994683	0.0725044	0.0459268	0.24244	0.0827327	0.00626069	0.0111489
48	0.102185	0.0085613	0.00655091	0.0100276	0.00577168	0.0320649	0.00574759	0.0134234	0.0175902	0.0139499	0.00875819	0.0376773	0.0231306	0.0170223	0.0123502	0.415123	0.240014	0.0220845	0.00162719	0.00633902
49	0.0518388	0.0228777	0.000454502	0.000565615	0.0512025	0.0100623	0.00149341	0.270343	0.00101714	0.28135	0.0477638	0.00111904	0.00805316	0.00225017	0.000854522	0.0113014	0.0220863	0.206248	0.00288753	0.00623174
50	0.0157649	0.000403647	0.00676369	0.000574013	0.253075	0.000889851	0.00552806	0.00159125	0.000705022	0.0281632	0.00675012	0.00162045	0.000439948	0.00105242	0.000692621	0.00777364	0.00922961	0.00527409	0.0129172	0.640791
51	0.0904637	0.00896154	0.00307974	0.010604	0.0136698	0.013939	0.0132814	0.00948226	0.00714572	0.021754	0.0124958	0.00698116	0.646479	0.0145314	0.0127938	0.0526003	0.0452964	0.0111876	0.00152246	0.00373087
52	0.072934	0.00287622	0.0147632	0.0049588	0.00597231	0.672986	0.00499192	0.00750981	0.0238151	0.01064	0.00694152	0.0227049	0.016127	0.0125425	0.00396899	0.0722945	0.0248972	0.0148535	0.0012345	0.00298754
53	0.061868	0.0146364	0.00179502	0.00864158	0.0362364	0.0117669	0.00630563	0.165431	0.00932086	0.263036	0.0557957	0.00855747	0.00741027	0.0112338	0.0133157	0.0371402	0.0745903	0.201386	0.0020702	0.00946363
54	0.15	0.011121	0.00576282	0.0123502	0.0305094	0.0358597	0.0124111	0.0573334	0.0164293	0.0858295	0.132463	0.0155539	0.0130762	0.0223209	0.0164166	0.0770417	0.221248	0.0698706	0.00374067	0.0106624
55	0.0894323	0.0269909	0.000331882	0.0018888	0.0951854	0.0162051	0.00171076	0.222456	0.00295103	0.186437	0.0325348	0.00267455	0.00959008	0.00101085	0.00452578	0.0157737	0.0221642	0.230204	0.00807836	0.0298544
56	0.318575	0.0173695	0.00392984	0.00847866	0.0050604	0.106369	0.00442854	0.00355552	0.00513816	0.0064621	0.00497951	0.0154763	0.0171968	0.00429426	0.0032266	0.270466	0.184729	0.015318	0.000818432	0.00412903
57	0.50229	0.0312009	0.00305051	0.00307135	0.00508845	0.0529619	0.00145905	0.0102307	0.00333643	0.0139346	0.00622175	0.00293263	0.0120342	0.00307715	0.00127668	0.305618	0.0199576	0.0197154	0.00138351	0.00115892
58	0.332053	0.0181117	0.00947935	0.0346362	0.0293805	0.210285	0.00347731	0.00658818	0.0214413	0.0265007	0.0150235	0.02137	0.0044339	0.00596706	0.00407831	0.13376	0.0499277	0.0645233	0.00125005	0.00771312
59	0.243463	0.0381577	0.000527484	0.000604932	0.0541545	0.0330607	0.000589396	0.0994699	0.0008549	0.165053	0.026109	0.00114527	0.000459201	0.000813874	0.00250575	0.116814	0.102612	0.112645	0.000365743	0.000594474
60	0.0096644	0.0023778	0.000613296	0.000760552	0.0960605	0.011521	0.000919635	0.436246	0.00096544	0.251269	0.0467078	0.00117663	0.00217462	0.00122632	0.00125531	0.00381574	0.00546647	0.103423	0.0128235	0.0115327
61	0.00298167	0.000721515	0.000966844	0.0011549	0.170424	0.00161735	0.18429	0.00778184	0.0131571	0.0466887	0.00217613	0.022328	0.00099005	0.0288168	0.00826627	0.0071113	0.00816246	0.0117131	0.0649834	0.415669
62	0.0157288	0.000439873	0.000530886	0.000781979	0.150868	0.00888794	0.00105506	0.115341	0.000952575	0.620849	0.0262392	0.00095017	0.00151585	0.000962671	0.000864444	0.00635143	0.0025136	0.0423638	0.00122876	0.00157437
63	0.0287817	0.017444	0.0018344	0.00853826	0.00396382	0.0816865	0.28432	0.00683478	0.00336107	0.00754853	0.00376985	0.222061	0.00220013	0.00724783	0.0820634	0.141684	0.0536313	0.00885066	0.00105393	0.0331252
64	0.0348195	0.011789	0.000482652	0.000599838	0.106702	0.0119136	0.000768259	0.355444	0.000936085	0.245456	0.0433024	0.000954122	0.00476047	0.00102095	0.000968111	0.00427841	0.0113425	0.143774	0.00996389	0.0107251
65	0.0984014	0.0134255	0.020969	0.02374	0.0208449	0.0351216	0.0445167	0.0171835	0.0503675	0.0312108	0.0124659	0.0867259	0.1385	0.0702977	0.0351872	0.162113	0.0982563	0.0229542	0.00458129	0.0131372
66	0.0237924	0.00033229	0.000234741	0.000370736	0.0114305	0.00572722	0.00107866	0.433439	0.00179406	0.0599561	0.0161149	0.000504132	0.00037208	0.000663677	0.00511196	0.00246213	0.00798707	0.423291	0.000814667	0.00452208
67	0.041333	0.000762094	0.298836	0.154465	0.0161773	0.0190145	0.0512061	0.00565577	0.0383124	0.0106905	0.00333104	0.129088	0.0200375	0.0381731	0.0194358	0.0866881	0.029837	0.00801594	0.00178448	0.027157
68	0.0333516	0.00405362	0.000306288	0.00053287	0.0188021	0.00659405	0.00064332	0.303142	0.0019728	0.221384	0.0922341	0.00229638	0.0102257	0.00589724	0.00189412	0.0143921	0.029505	0.250232	0.000763298	0.00177756
69	0.0218854	0.00284617	0.0150355	0.0744698	0.0126016	0.0095049	0.00886612	0.0191813	0.14618	0.0956209	0.0157952	0.0268677	0.056673	0.0409343	0.298454	0.0401941	0.0666609	0.0349171	0.00581152	0.00750024
70	0.0302413	0.000706803	0.269531	0.145827	0.0123406	0.0250324	0.059782	0.00469606	0.0299004	0.0140285	0.00607241	0.158386	0.0163126	0.0530173	0.023516	0.0692273	0.0364537	0.00871021	0.00322596	0.0329916
71	0.0440157	0.000399141	0.000266605	0.000437852	0.0120149	0.00759414	0.00140216	0.357019	0.00181083	0.0400889	0.0194885	0.0011956	0.000393609	0.000453078	0.00306905	0.00521746	0.0258684	0.476631	0.000482539	0.00215152
72	0.305875	0.118858	0.00400966	0.00571787	0.0112149	0.0399062	0.00462786	0.0250233	0.00868964	0.0228948	0.00842223	0.00539288	0.0117089	0.0063318	0.00662484	0.325657	0.0428899	0.0393523	0.00291168	0.00389144
73	0.0477407	0.00820111	0.00117058	0.00117302	0.0174794	0.00520596	0.00201073	0.302615	0.00356381	0.0744567	0.0260482	0.00224059	0.00276032	0.00167557	0.00498569	0.0164782	0.0385301	0.438568	0.00125615	0.00384004
74	0.0336185	0.031484	0.000503721	0.00129367	0.298367	0.0131418	0.00546747	0.0647362	0.00125097	0.321463	0.0912168	0.0110185	0.000374124	0.00749068	0.00411712	0.0176908	0.023462	0.0259269	0.00605965	0.0413175
75	0.0459339	0.0245234	0.000713996	0.00109076	0.0813889	0.00699437	0.0043315	0.0973553	0.00920628	0.361851	0.14521	0.00402632	0.0014684	0.00487008	0.00503914	0.0425758	0.0585199	0.0884505	0.00155196	0.0148986
76	0.402956	0.010402	0.00320006	0.0049653	0.0052111	0.258587	0.00386126	0.00365487	0.00351972	0.00781229	0.00978547	0.00594461	0.00837052	0.00390328	0.0019679	0.221063	0.0276165	0.0151073	0.00069836	0.0013743
77	0.06488	0.00875267	0.00587208	0.0170949	0.0134818	0.00919229	0.0120737	0.0123372	0.00883911	0.0324545	0.0109701	0.00920879	0.655457	0.0208511	0.015879	0.0422594	0.0440817	0.00999261	0.0014201	0.00490163
78	0.0895737	0.0319294	0.000322584	0.000704653	0.115742	0.0227479	0.000505536	0.238215	0.000935185	0.185616	0.0298366	0.00102034	0.0137065	0.000658183	0.000862688	0.00665702	0.0217395	0.218872	0.00772371	0.0126313
79	0.0535781	0.0304227	0.000658322	0.00857229	0.231386	0.0263007	0.0290231	0.0552687	0.00558967	0.318209	0.0760778	0.00999346	0.00155668	0.00636259	0.00845071	0.0120935	0.0136768	0.0163284	0.0379145	0.0585372
80	0.46357	0.0336849	0.00360996	0.00270306	0.00351705	0.0533903	0.000708054	0.00642717	0.00244328	0.00540786	0.00616064	0.00247286	0.0124619	0.00331907	0.000693768	0.358772	0.0219969	0.016368	0.0016763	0.00061616
81	0.228826	0.00481259	0.0041001	0.00830429	0.0325495	0.316726	0.00398784	0.0106376	0.00678915	0.0469308	0.0263717	0.00701755	0.00971978	0.00402054	0.00256821	0.179793	0.0342118	0.0686827	0.00106758	0.00288375
82	0.0483076	0.0108467	0.000501585	0.000695155	0.453323	0.012861	0.0015953	0.0673798	0.000876843	0.231734	0.0535248	0.023606	0.00055562	0.00356543	0.0023573	0.0125264	0.0167344	0.0341286	0.00162692	0.0232536
83	0.23536	0.0919406	0.00584447	0.0108918	0.00429339	0.053596	0.00229263	0.0105157	0.00307907	0.00668922	0.00661076	0.0163854	0.0043144	0.00430016	0.00320284	0.0936354	0.431226	0.00968166	0.00136699	0.00477274
84	0.37164	0.0585054	0.00427394	0.00289772	0.00615758	0.0232621	0.00130863	0.0228574	0.00548062	0.0121801	0.00296653	0.00188208	0.0156752	0.00631531	0.00167713	0.374797	0.0319878	0.0532291	0.00191146	0.000994947
85	0.0084855	0.00179618	0.000741018	0.00153466	0.0884151	0.0123053	0.00137782	0.390944	0.0012743	0.276531	0.0516152	0.00164371	0.00262738	0.00181474	0.0014622	0.00427914	0.00557325	0.0984876	0.0284455	0.0206457
86	0.333962	0.0235891	0.00121114	0.00177149	0.066109	0.0266676	0.0012267	0.142541	0.00268448	0.0845918	0.0188927	0.00209595	0.00129456	0.00199239	0.00337338	0.0986196	0.0492882	0.137544	0.000837106	0.00170714
87	0.194941	0.00445581	0.00435151	0.00580351	0.00664339	0.0625474	0.00456872	0.0360772	0.00681237	0.0145087	0.101261	0.00655968	0.00431266	0.0319118	0.00544214	0.0686852	0.355152	0.0791254	0.00143832	0.00540199
88	0.0159037	0.000409139	0.00674462	0.000615257	0.254178	0.0010047	0.00503194	0.00172327	0.000764101	0.0276541	0.00691526	0.00161944	0.000473389	0.00106349	0.000890354	0.00780312	0.00931304	0.00560633	0.0127429	0.639544
89	0.0632506	0.0245273	0.000836135	0.0134964	0.194061	0.0341607	0.0492372	0.0461564	0.00892093	0.335538	0.0639387	0.0102953	0.00100325	0.00657458	0.0119309	0.00987438	0.00725027	0.00550821	0.0491796	0.0642594
90	0.0161895	0.00193963	0.000676188	0.000860183	0.182147	0.00792352	0.00132541	0.0821548	0.00117984	0.624966	0.0293544	0.00205622	0.000717894	0.00147048	0.00114152	0.00654585	0.00345532	0.0322624	0.000542134	0.00309172
91	0.303596	0.0305518	0.0239678	0.0147092	0.00911558	0.12241	0.00446719	0.0115948	0.00897442	0.013564	0.0157091	0.0153231	0.00636731	0.00866734	0.00485019	0.0888048	0.286152	0.0229094	0.00150086	0.00676613
92	0.0187076	0.00141996	0.0149256	0.0353811	0.00387148	0.00456201	0.0153171	0.00654424	0.381998	0.0740584	0.00380187	0.0359644	0.00414381	0.0132029	0.226638	0.0829309	0.0621755	0.0117957	0.000899452	0.00166173
93	0.0286333	0.00552108	0.0826795	0.264695	0.00626349	0.0113369	0.0361351	0.0054694	0.0238207	0.0101577	0.0177817	0.0296382	0.00622012	0.296347	0.0321239	0.049274	0.0292259	0.0482947	0.00326037	0.0131218
94	0.03446	0.0043734	0.000260601	0.000420068	0.0188808	0.00749458	0.000498051	0.279216	0.00165473	0.264491	0.101142	0.00234958	0.00930041	0.00563858	0.000655345	0.0154128	0.027209	0.225427	0.00035625	0.000760036
95	0.0769271	0.14307	0.00319832	0.00338878	0.0392037	0.0568289	0.0434709	0.00615753	0.0985581	0.00883177	0.00476335	0.00498481	0.00282684	0.00356187	0.0446851	0.123666	0.12617	0.042748	0.077854	0.0891052
96	0.0384557	0.000968569	0.162456	0.0236136	0.00406693	0.103183	0.00897483	0.00522215	0.0755811	0.00496051	0.00310083	0.149172	0.015492	0.0186896	0.0186205	0.218697	0.118916	0.0164671	0.000754228	0.012608
97	0.109402	0.00264097	0.0279918	0.0592425	0.00480142	0.19366	0.0219622	0.013966	0.0750512	0.00605621	0.0107831	0.0555121	0.0144543	0.0358223	0.0627468	0.194374	0.0759046	0.0153704	0.0024375	0.0178211
98	0.228278	0.0782589	0.00559092	0.0166291	0.00349876	0.0585322	0.00224138	0.00841729	0.00345817	0.00533237	0.00524638	0.0184095	0.00478209	0.00461542	0.00288741	0.111024	0.427944	0.00818398	0.000902673	0.00576763
99	0.531111	0.015702	0.00261719	0.00523272	0.00431429	0.161142	0.00216784	0.00546383	0.00235438	0.00816454	0.0127126	0.00378654	0.0104121	0.00374796	0.00130586	0.191122	0.0218674	0.0148174	0.000528554	0.00143048
100	0.0237138	0.00722936	0.0029447	0.00599224	0.0413472	0.0202958	0.00497019	0.19521	0.00531873	0.370147	0.0294675	0.00665747	0.122178	0.00912345	0.00546249	0.0176208	0.0217462	0.087401	0.00363847	0.0195348
101	0.0358167	0.033753	0.000439628	0.00262199	0.226049	0.0187441	0.00937993	0.0653741	0.00199821	0.376853	0.0921126	0.00870286	0.000363062	0.00491204	0.00376985	0.0167427	0.0261671	0.0214514	0.0117426	0.0430064
102	0.497918	0.0193049	0.0024904	0.0061727	0.00324073	0.127792	0.000933113	0.00117215	0.00171854	0.00362211	0.00473489	0.00372071	0.00486074	0.00137036	0.00080074	0.279618	0.0287946	0.0102566	0.000625692	0.000852364
103	0.560565	0.0241924	0.00197059	0.00365752	0.00297587	0.0933117	0.000416652	0.001581	0.00090512	0.00342515	0.00511151	0.00345223	0.00417521	0.000799156	0.000514947	0.256446	0.0252565	0.0102365	0.000539914	0.000467449
104	0.280239	0.0359964	0.000468219	0.000630166	0.0477657	0.0286868	0.000520477	0.106724	0.000907052	0.141222	0.0262612	0.00121197	0.000441718	0.000780727	0.00279457	0.113067	0.0840743	0.127097	0.000313297	0.000798074
105	0.0461512	0.0105449	0.000513215	0.000680753	0.447143	0.0132783	0.00153038	0.0677318	0.000868196	0.24334	0.0541203	0.0216784	0.000538536	0.00360625	0.00235073	0.0122934	0.0162047	0.0329251	0.00167646	0.0228236
106	0.0394946	0.00352279	0.000326935	0.000516036	0.0250206	0.00595828	0.00065759	0.265911	0.00335946	0.248905	0.116847	0.00285893	0.00808313	0.00640413	0.00126547	0.020513	0.0325571	0.2159	0.000363383	0.0015368
107	0.525553	0.0212491	0.00152856	0.00306442	0.00243931	0.109531	0.000452162	0.000936466	0.00054826	0.00230941	0.00485456	0.00328912	0.00486594	0.000853487	0.000469547	0.283552	0.0246302	0.00888679	0.000617685	0.000368807
108	0.0262989	0.000836636	0.00034174	0.000558881	0.0108102	0.00412716	0.00113671	0.457084	0.00153488	0.0736931	0.029994	0.00116233	0.00133036	0.00191496	0.00629165	0.00615909	0.0208441	0.346866	0.0014262	0.00758965
109	0.081587	0.0779846	0.00234788	0.00428871	0.00327082	0.0034505	0.00158294	0.222636	0.00323551	0.0267438	0.00562549	0.00431317	0.00686846	0.00266296	0.0180593	0.114057	0.073089	0.344765	0.000845405	0.00258682
110	0.0663509	0.00828754	0.00611998	0.0171382	0.0132094	0.0118583	0.0128908	0.00928564	0.00931937	0.0270305	0.0110566	0.0072999	0.655742	0.0222672	0.0136943	0.0464424	0.0451691	0.0106949	0.00151154	0.00463192
111	0.412361	0.014928	0.00240379	0.00360341	0.00566301	0.175102	0.00358704	0.00345508	0.00232314	0.00817479	0.00744854	0.00505899	0.0101853	0.00295922	0.00151213	0.283098	0.0422883	0.0142733	0.000572361	0.001002
112	0.00910664	0.00175853	0.00226153	0.00187297	0.201627	0.00347911	0.120689	0.0117289	0.0112215	0.0593272	0.00783287	0.0159631	0.00135723	0.0209353	0.00789291	0.00799169	0.00981433	0.013239	0.0479814	0.44392
113	0.0261577	0.00345431	0.00351059	0.00544933	0.0140604	0.0106464	0.00582587	0.300572	0.0073718	0.078787	0.155994	0.00912865	0.0902121	0.0098078	0.00724062	0.0692406	0.164221	0.0303189	0.00268135	0.00531967
114	0.0757602	0.0120603	0.0197397	0.0250139	0.010604	0.0288976	0.0137134	0.014478	0.0337407	0.0198866	0.0130024	0.0467187	0.0204182	0.0644809	0.0233128	0.447646	0.0990727	0.0169764	0.0047313	0.00974622
115	0.0795686	0.0896003	0.0157133	0.0303773	0.0184046	0.0298873	0.0181892	0.0277718	0.0529249	0.0338543	0.0198522	0.0317425	0.0144416	0.021149	0.333574	0.0638988	0.0489949	0.0392284	0.0134189	0.0174077
116	0.081784	0.0118201	0.00614953	0.00912812	0.0253317	0.0217974	0.00552342	0.0402521	0.0173948	0.09664	0.0376837	0.0278715	0.0154237	0.0199006	0.0144372	0.299121	0.220882	0.0383356	0.00202916	0.00849424
117	0.0636326	0.00722113	0.00852401	0.0544143	0.0119664	0.0210383	0.00611814	0.0357119	0.0185669	0.0238068	0.0138573	0.0234777	0.0171362	0.0177719	0.0144646	0.135356	0.351937	0.157036	0.00361869	0.0143437
118	0.174535	0.0893061	0.0161221	0.0357323	0.0174053	0.0283794	0.0205181	0.0213386	0.0567668	0.0282591	0.017178	0.0250722	0.0145111	0.0236923	0.256497	0.0711298	0.0448662	0.0307902	0.012621	0.015279
119	0.0617132	0.00293337	0.0161245	0.00611967	0.00978504	0.662509	0.00511662	0.00828011	0.0260279	0.0124845	0.00923224	0.0293961	0.0171383	0.014764	0.00580336	0.0678018	0.0246898	0.0150271	0.00105291	0.00399993
120	0.316682	0.0192035	0.00566815	0.00781351	0.0165451	0.142094	0.00865106	0.0211002	0.0110152	0.0285023	0.0143621	0.011275	0.0200181	0.0080616	0.00623142	0.257595	0.0449588	0.0550845	0.00162572	0.00351251
121	0.0157651	0.000406216	0.00682579	0.000610666	0.244311	0.000890849	0.00725111	0.00150724	0.000939846	0.0287045	0.00655271	0.00166806	0.000454369	0.00123242	0.000824926	0.00811648	0.00925844	0.0052403	0.0142491	0.645191
122	0.0221942	0.00342473	0.638794	0.0414974	0.00781141	0.0174368	0.0120067	0.0169404	0.0181992	0.0158759	0.00742275	0.0356396	0.00980783	0.0186697	0.0111176	0.034949	0.0269144	0.0498841	0.00259509	0.00881967
123	0.0529856	0.00157077	0.155038	0.060323	0.00903261	0.101649	0.0300365	0.00840794	0.0460495	0.00947382	0.00538541	0.143991	0.0130993	0.029688	0.0300272	0.176034	0.0790344	0.013385	0.00191289	0.0328746
124	0.0316624	0.00827904	0.0123463	0.127754	0.0213902	0.0149138	0.0119749	0.0479511	0.0564782	0.131202	0.0246549	0.029103	0.0183576	0.055726	0.145126	0.0346143	0.0575071	0.143758	0.00945788	0.0177441
125	0.558	0.0245643	0.00193409	0.00400672	0.00271083	0.101089	0.000431848	0.0011981	0.00108607	0.00348549	0.00554664	0.003475	0.00459307	0.000806439	0.000662546	0.252377	0.0232262	0.00960032	0.000537656	0.000667833
126	0.0647315	0.0668206	0.000888652	0.00468834	0.00385248	0.00219873	0.00102049	0.328347	0.00155977	0.0431543	0.00528483	0.00261162	0.00767939	0.00154555	0.0112104	0.0833064	0.058994	0.309565	0.000699374	0.00184102
127	0.485551	0.0200863	0.00269675	0.00410904	0.00368953	0.113359	0.00197797	0.00218706	0.00260323	0.00477421	0.00566593	0.004934	0.0080966	0.00199245	0.00153444	0.293208	0.0301369	0.0115824	0.000849282	0.000965764
128	0.0558198	0.055501	0.00154573	0.00312739	0.059489	0.0132743	0.00499589	0.25306	0.00380768	0.249189	0.0439226	0.00460168	0.0090526	0.00445898	0.00447886	0.0334401	0.0364693	0.146017	0.00396075	0.0137887
129	0.0750374	0.00487523	0.00623907	0.00694554	0.104964	0.015548	0.00946383	0.0169021	0.0107896	0.0280978	0.0189815	0.0221802	0.151124	0.0140791	0.0114046	0.135789	0.328962	0.0293496	0.00322995	0.00603898
130	0.143383	0.0438493	0.000550098	0.00126596	0.0711156	0.0171462	0.000858386	0.225191	0.00123687	0.186367	0.0295227	0.000973852	0.00884418	0.00137923	0.00232848	0.0345072	0.0342897	0.184683	0.00404528	0.00846395
131	0.0104622	0.00575104	0.00152014	0.00226046	0.0503581	0.00417525	0.00344788	0.0371633	0.00348699	0.353853	0.472767	0.00325743	0.00145088	0.00308282	0.00303119	0.0100332	0.0107755	0.0173003	0.00109072	0.00473217
132	0.0328302	0.00156589	0.00060116	0.000830108	0.0181513	0.00431014	0.00108222	0.259138	0.0041904	0.222381	0.1025	0.00475065	0.00567285	0.0188969	0.00317965	0.0124915	0.0359634	0.268383	0.000607349	0.00247411
133	0.0487894	0.010592	0.000479413	0.000720603	0.454085	0.0129946	0.00162769	0.0671447	0.000918909	0.231474	0.0530561	0.0232977	0.000556358	0.00351222	0.00235644	0.0126602	0.0168412	0.0340656	0.00160519	0.0232225
134	0.251601	0.143091	0.00326117	0.00622956	0.00638208	0.0243815	0.00233545	0.0274454	0.00297538	0.0163082	0.00639103	0.0164469	0.00244085	0.00372858	0.00360053	0.0906004	0.369195	0.0193789	0.00117257	0.00303427
135	0.0111064	0.000534163	0.000663203	0.000891664	0.647559	0.00120661	0.00303779	0.0171519	0.0010685	0.0221487	0.0224217	0.0136794	0.00194906	0.00228414	0.0028135	0.00249396	0.00388597	0.0206416	0.000773981	0.223689
136	0.0161027	0.000398975	0.00693935	0.000592831	0.244929	0.000931761	0.00513294	0.00131154	0.000708856	0.0282369	0.0066205	0.00139624	0.000430792	0.00100444	0.000712438	0.00799746	0.00934979	0.00511203	0.0130863	0.649006
137	0.0288515	0.0469983	0.000482188	0.000891944	0.12074	0.0166432	0.00832177	0.0664926	0.0014931	0.479212	0.0946891	0.00841118	0.000547843	0.00237507	0.00173421	0.0258109	0.0468153	0.0192729	0.00269328	0.0275231
138	0.00507502	0.00139865	0.00156924	0.00198375	0.0603819	0.00541674	0.0124963	0.00886597	0.00674409	0.0145871	0.00491714	0.00440096	0.0021748	0.00642827	0.0098654	0.0092827	0.00582226	0.0181965	0.740701	0.0796923
139	0.0439288	0.00235982	0.000711205	0.00128064	0.0196257	0.00435304	0.00144088	0.2214	0.00720474	0.227116	0.0930988	0.00470459	0.0047801	0.0199339	0.00297795	0.0122569	0.0366075	0.293209	0.000665302	0.00234536
140	0.0347876	0.000738544	0.126023	0.149412	0.00285271	0.0192034	0.0374364	0.0107328	0.263418	0.00824337	0.00190714	0.126665	0.0345248	0.0537842	0.0480869	0.0394918	0.0170506	0.0171027	0.000690664	0.0078486
141	0.0417612	0.00253148	0.037285	0.0306657	0.00557293	0.0401953	0.0178098	0.0114609	0.0655683	0.0277346	0.0177398	0.0670646	0.0211078	0.0591609	0.0534307	0.232733	0.218607	0.0135295	0.00285705	0.0331846
142	0.0260823	0.00195009	0.03539	0.0186876	0.00502443	0.470245	0.0110173	0.0071082	0.0838816	0.00863302	0.0046246	0.1379	0.0178492	0.0456838	0.0254634	0.0599585	0.0235003	0.00930846	0.00153881	0.00615373
143	0.0590896	0.00738776	0.000675518	0.00174987	0.00105037	0.00743598	0.000654424	0.0071257	0.015828	0.00767086	0.000987533	0.0468443	0.00138027	0.0199191	0.00839355	0.679048	0.131977	0.00165817	0.000342758	0.000781598
144	0.0324018	0.00329795	0.000310648	0.000518395	0.0158502	0.0069563	0.00048944	0.291725	0.00175156	0.247273	0.106499	0.00231707	0.0112444	0.0055199	0.00138181	0.0172989	0.0287812	0.225419	0.000487241	0.000476932
145	0.0335901	0.030873	0.000492729	0.00126872	0.303602	0.0130991	0.00513343	0.0650177	0.00111659	0.318453	0.0896588	0.0111029	0.000336259	0.00721198	0.004315	0.0173473	0.0230599	0.0261806	0.0061114	0.0420296
146	0.0159446	0.00513315	0.0371042	0.00786868	0.0345073	0.0102957	0.0535142	0.0113193	0.059678	0.143951	0.0116945	0.0124585	0.00510561	0.011299	0.0414869	0.158272	0.0187366	0.0162521	0.141627	0.203751
147	0.528762	0.0175101	0.00141355	0.00309265	0.00196215	0.129786	0.000638615	0.000950953	0.000622801	0.00211103	0.005034	0.00295123	0.00599173	0.000849267	0.000507093	0.263698	0.0238288	0.00931073	0.000548697	0.000430698
148	0.269692	0.0372685	0.000614366	0.000595914	0.0452135	0.0304617	0.000568442	0.0921332	0.000953908	0.13624	0.0305366	0.00156321	0.000527079	0.000892071	0.00273538	0.118092	0.097614	0.133325	0.00030343	0.000668741
149	0.251271	0.178047	0.00294602	0.0061776	0.00283647	0.0201981	0.00203763	0.0114829	0.00245035	0.00430886	0.00310512	0.0216738	0.00148391	0.00300962	0.00284865	0.0662163	0.411674	0.00424051	0.0011036	0.00288872
150	0.566099	0.0231402	0.00163542	0.00301305	0.00238128	0.0933395	0.000365492	0.00082178	0.000549188	0.00238628	0.00510181	0.0031486	0.00407704	0.000737211	0.000494343	0.260656	0.0221498	0.00900571	0.000537631	0.000360574
151	0.0159294	0.000559065	0.00063123	0.000785253	0.15206	0.00818365	0.00115051	0.092606	0.00112162	0.650693	0.024507	0.00105918	0.0012484	0.00109141	0.000898878	0.00631016	0.00243062	0.0372538	0.000413235	0.00106706
152	0.269288	0.00471833	0.00178864	0.00312583	0.0329603	0.168301	0.00534273	0.0138467	0.00301837	0.0472903	0.0266772	0.00527514	0.0211801	0.002543	0.00186408	0.302041	0.0561231	0.0318361	0.000850229	0.00192934
153	0.0201024	0.00557412	0.00560475	0.00336272	0.211442	0.00509719	0.0257642	0.0208101	0.00680824	0.0823929	0.0205265	0.00790089	0.00304013	0.00911307	0.00622492	0.0145144	0.0367762	0.01778	0.0183695	0.478796
154	0.0301986	0.0062575	0.00376684	0.00624897	0.0510696	0.01341	0.00964775	0.059239	0.010481	0.231831	0.429728	0.00844605	0.00793615	0.0109687	0.0114836	0.0243747	0.026115	0.0420175	0.00360309	0.0131774
155	0.417594	0.0173114	0.00204461	0.00244799	0.0142979	0.0135427	0.00230135	0.0627057	0.00594976	0.0315199	0.0380639	0.00625459	0.00244369	0.00312945	0.00421052	0.043999	0.0450876	0.276135	0.00106635	0.00989476
156	0.2465	0.0443553	0.000639793	0.00127529	0.0397371	0.0247432	0.000959205	0.115816	0.00177923	0.140739	0.0224622	0.00197461	0.00125303	0.00155506	0.00721447	0.136474	0.08339	0.127373	0.000537928	0.00122072
157	0.141099	0.0192025	0.0019077	0.00182744	0.00173154	0.0153737	0.00075059	0.00754081	0.0120524	0.00760403	0.00177334	0.0338586	0.00542583	0.0156299	0.00588782	0.614785	0.103786	0.00812638	0.000894543	0.000742426
158	0.00534094	0.00181118	0.00172607	0.00251777	0.0197637	0.00590744	0.0055978	0.00431317	0.0034761	0.0084851	0.00323696	0.00411616	0.0025837	0.00431537	0.00700584	0.00810788	0.00589506	0.0131156	0.868804	0.0238797
159	0.0630634	0.00372411	0.0494926	0.0936063	0.00720826	0.318178	0.0178541	0.0120829	0.101766	0.0133284	0.0101395	0.0526746	0.0190987	0.0416748	0.0454503	0.0836762	0.0346907	0.0192854	0.00309584	0.00991003
160	0.378509	0.0183441	0.0120165	0.0410907	0.014613	0.196726	0.00953858	0.00871228	0.0180352	0.0195805	0.0140483	0.0158414	0.0115564	0.0130001	0.0106289	0.140042	0.0385753	0.0288817	0.00169565	0.00856492
161	0.0105725	0.0014968	0.00331134	0.00367225	0.158949	0.00663828	0.162663	0.00998455	0.0144898	0.0440027	0.00601989	0.0221429	0.00230821	0.0295257	0.0121568	0.011363	0.0132821	0.0139965	0.0474839	0.425941
162	0.0583787	0.00123053	0.00032783	0.000659838	0.0133138	0.00119382	0.00184664	0.192174	0.00280237	0.0386978	0.0213711	0.00311924	0.000479234	0.00068565	0.00168688	0.0143108	0.0733689	0.573418	0.000287077	0.000648498
163	0.0213944	0.00463492	0.0018336	0.00213854	0.511681	0.00563836	0.0112561	0.0358532	0.00393959	0.079161	0.0298437	0.0132234	0.00418286	0.00655483	0.0039519	0.010833	0.0111801	0.0278916	0.00835878	0.206449
164	0.0296341	0.00913478	0.000442964	0.000844298	0.0613184	0.00927587	0.00135974	0.430718	0.00150481	0.210556	0.0405826	0.00158349	0.00417003	0.00195489	0.00193678	0.0084535	0.0131151	0.158396	0.0054277	0.00959018
165	0.0341793	0.00674342	0.00480402	0.0107398	0.0164853	0.0107655	0.00754907	0.199652	0.0126452	0.137237	0.0288822	0.0617551	0.0130612	0.0135554	0.0143443	0.0985197	0.259455	0.0584435	0.00307184	0.00811092
166	0.0689273	0.0954748	0.0141266	0.0185562	0.0343384	0.0301755	0.0325842	0.0476479	0.0246723	0.0514749	0.0261707	0.199804	0.0172297	0.0238119	0.0258816	0.0701058	0.0523988	0.13444	0.00834776	0.023832
167	0.0104285	0.00986089	0.000333795	0.000590314	0.0217408	0.00302449	0.0052598	0.222532	0.00116569	0.49842	0.0605784	0.00175564	0.000909227	0.00306071	0.00082309	0.0149265	0.020278	0.120165	0.000262988	0.00388323
168	0.0088082	0.000968417	0.000598797	0.000854131	0.0189541	0.00286134	0.000805151	0.670835	0.00134029	0.118093	0.0204031	0.00103775	0.000982243	0.0013214	0.00293002	0.00300609	0.00475425	0.131428	0.00185132	0.00816697
169	0.15455	0.00599196	0.00739826	0.0174406	0.0102298	0.0606788	0.0614671	0.00840602	0.0181851	0.0174848	0.00949284	0.0236834	0.344782	0.0248937	0.0178093	0.142872	0.0453941	0.0203565	0.00314454	0.00573947
170	0.0059039	0.00544506	0.000293657	0.000568913	0.0132181	0.0015328	0.00526329	0.25383	0.000587974	0.494272	0.0530787	0.0015209	0.00092091	0.00298028	0.000656212	0.0102987	0.0151163	0.131057	0.000458983	0.00299657
171	0.00526976	0.000708958	0.00162063	0.00151519	0.202613	0.0018343	0.159666	0.0109941	0.0124795	0.0414836	0.00611956	0.0195984	0.00210743	0.0256187	0.00924508	0.00773666	0.0102343	0.013248	0.0535824	0.414324
172	0.181966	0.00986141	0.00059609	0.000786966	0.0137139	0.00321957	0.0014148	0.154534	0.0035553	0.0228053	0.0370026	0.00266066	0.000665917	0.00096323	0.00203475	0.0167578	0.0506545	0.495419	0.000524748	0.00086289
173	0.0213352	0.0107316	0.000522423	0.000734538	0.171453	0.0148416	0.002282	0.0999882	0.000943432	0.550715	0.0463271	0.00339598	0.00122034	0.00151091	0.00109297	0.0130145	0.0112461	0.037591	0.00171669	0.00933794
174	0.206403	0.00885504	0.00127274	0.00198731	0.124217	0.0088012	0.00167839	0.16824	0.00330029	0.13198	0.0132575	0.00272202	0.00359666	0.00236681	0.00253339	0.0143419	0.0549972	0.240273	0.00306643	0.00610942
175	0.0371796	0.0785469	0.000684601	0.00168669	0.0949976	0.0206297	0.00623861	0.0699118	0.00451745	0.4115	0.104514	0.00557048	0.00113283	0.00725007	0.00246167	0.0407559	0.0587256	0.0304511	0.00195153	0.0212944
176	0.0186923	0.00321251	0.000312148	0.000532839	0.0357789	0.00571032	0.00181726	0.319464	0.000799842	0.34	0.075862	0.00147709	0.00398223	0.00268436	0.000785727	0.0116026	0.0154361	0.155398	0.00276157	0.00368991
177	0.0854898	0.0342083	0.000258474	0.000445651	0.102946	0.0162216	0.000440588	0.240216	0.000746862	0.211101	0.0306024	0.000572111	0.0125295	0.000685952	0.000637844	0.00535576	0.018239	0.221046	0.00621015	0.0120477
178	0.0562719	0.125404	0.00283311	0.00516754	0.0478996	0.009443	0.00524652	0.118263	0.0315029	0.181358	0.104462	0.00676945	0.00454438	0.05256	0.00816445	0.0825061	0.087317	0.0597441	0.0022045	0.00833953
179	0.020911	0.000858879	0.0188572	0.00366653	0.00260892	0.634943	0.00599882	0.00254955	0.0439522	0.00331469	0.00211	0.106353	0.0231482	0.0517499	0.0156802	0.044819	0.0105995	0.00512117	0.000752964	0.00200569
180	0.0185044	0.00274624	0.00272405	0.00463259	0.147265	0.00781937	0.0725532	0.0452403	0.0595111	0.0995423	0.0269932	0.015868	0.00464427	0.0266904	0.0865913	0.0248042	0.0177046	0.0444212	0.0576557	0.234089
181	0.0159747	0.000402408	0.00688994	0.000592113	0.24527	0.000884299	0.0051098	0.00131299	0.000694797	0.0281957	0.00658681	0.00143238	0.000431134	0.000946266	0.000700936	0.00796879	0.009302	0.00511332	0.0131287	0.649063
182	0.0589196	0.00754625	0.000683806	0.00176945	0.0010517	0.00747066	0.000678887	0.00713797	0.0159687	0.00761703	0.00105312	0.0475765	0.00138077	0.0202865	0.00837101	0.677574	0.131983	0.00170585	0.00033538	0.000889978
183	0.112303	0.0100052	0.0206523	0.031193	0.0112305	0.0447948	0.0528087	0.0154425	0.0636179	0.025761	0.0145805	0.0827682	0.106217	0.0727566	0.0446656	0.161011	0.0819798	0.0257395	0.00616421	0.0163085
184	0.00675788	0.000663373	0.0132076	0.0166516	0.00104965	0.00136426	0.0152689	0.00223536	0.411626	0.00442424	0.00978792	0.00811116	0.000883215	0.0582514	0.402365	0.0260147	0.0126744	0.00747733	0.000367009	0.000819292
185	0.00488993	0.00565804	0.000305595	0.000623406	0.0119022	0.00118554	0.00569284	0.246741	0.000602714	0.507339	0.0509738	0.00147212	0.000565322	0.00314991	0.000567019	0.0104274	0.0153784	0.129384	0.000277021	0.00286549
186	0.00568177	0.00132112	0.00138752	0.00153558	0.205323	0.00225724	0.132781	0.015876	0.0119742	0.0621672	0.0074684	0.0219039	0.00203429	0.0328481	0.00974608	0.00806007	0.00920938	0.017691	0.0499058	0.400828
187	0.0535824	0.00264547	0.000415928	0.000650444	0.0127267	0.00139181	0.00182693	0.211083	0.00262524	0.0357414	0.0192252	0.0041082	0.00128074	0.000678585	0.00226803	0.0179537	0.0721678	0.558773	0.000279043	0.00057604
188	0.333746	0.0587543	0.0036195	0.00263402	0.0095786	0.0164339	0.0013891	0.0588339	0.00582054	0.0251227	0.0044811	0.00231428	0.0128729	0.00540894	0.00360052	0.326314	0.0375265	0.0881659	0.00163956	0.00174375
189	0.0153733	0.000969624	0.00531431	0.000591316	0.318054	0.00129708	0.00876259	0.00611564	0.00115895	0.0360241	0.0100833	0.00405135	0.000783723	0.00189896	0.00119708	0.00698202	0.00812187	0.00892454	0.0124647	0.551832
190	0.0639425	0.0656136	0.000982093	0.00432083	0.00237828	0.00182293	0.000931068	0.313596	0.00167283	0.0362529	0.00487138	0.00252247	0.00921654	0.00147364	0.0132802	0.0815767	0.0622925	0.331309	0.000624576	0.0013195
