281	20
1	0.180202	0.0215999	0.082711	0.0845839	0.0333444	0.0556355	0.0196505	0.012795	0.00722017	0.0118386	0.0125912	0.054521	0.0370112	0.0191035	0.00791996	0.195399	0.0763071	0.0538324	0.00550095	0.0282327
2	0.00866614	0.00599696	0.000807427	0.00823668	0.199747	0.00568243	0.0322513	0.00456011	0.00659632	0.0169002	0.00590308	0.0063584	0.000568138	0.0067509	0.00579997	0.00286113	0.0044219	0.00861192	0.023207	0.646073
3	0.0225347	0.00177206	0.0977507	0.0134782	0.0024245	0.00831976	0.0107099	0.00363963	0.0203683	0.00510836	0.00280673	0.0354244	0.0261095	0.00345672	0.00296528	0.519268	0.216254	0.00368201	0.00104089	0.00288606
4	0.00400244	0.00534526	0.00130745	0.00172928	0.399956	0.0013709	0.00305875	0.0696639	0.00837564	0.301547	0.0823838	0.00753013	0.00551188	0.00176214	0.00497671	0.00715099	0.0113245	0.02493	0.00108205	0.056991
5	0.0189997	0.00349634	0.012598	0.0143942	0.0728885	0.042967	0.0586526	0.0373747	0.037149	0.179355	0.0912584	0.050086	0.00542812	0.0940466	0.0461799	0.0285515	0.0627001	0.0542853	0.0191094	0.0704797
6	0.0533355	0.00112289	0.121953	0.194321	0.013038	0.0512748	0.0348293	0.00221363	0.127098	0.0121777	0.00303319	0.0890331	0.00281707	0.0719317	0.0381714	0.121955	0.0310017	0.00224718	0.00665216	0.0217942
7	0.301957	0.0397292	0.00425534	0.0172945	0.0175082	0.0184556	0.0846832	0.00554497	0.00645162	0.00760284	0.00443493	0.0061766	0.00277838	0.0711866	0.0212667	0.195158	0.160331	0.00619443	0.00140711	0.0275832
8	0.0465341	0.0279609	0.000702967	0.00158389	0.0266095	0.000727886	0.000765003	0.198449	0.000948046	0.372306	0.0713711	0.00849553	0.00301313	0.00598574	0.00104834	0.0189872	0.0119324	0.193318	0.000381073	0.00888024
9	0.210151	0.0853507	0.00118857	0.00133623	0.0403868	0.0658183	0.00372886	0.0573236	0.00148944	0.0780841	0.0329172	0.00133539	0.00380795	0.00423017	0.0121176	0.07417	0.072207	0.244067	0.00883543	0.00145435
10	0.00525958	0.00566657	0.000517248	0.000945232	0.0379309	0.0016407	0.00290902	0.470749	0.000673081	0.27782	0.039576	0.000730522	0.00253835	0.0019012	0.000743816	0.00426433	0.00539776	0.129838	0.00138987	0.00950821
11	0.281492	0.0665378	0.00354291	0.00198343	0.0256076	0.0416221	0.00320382	0.0700148	0.0024511	0.0624125	0.0293462	0.00502962	0.00345631	0.00404177	0.00908789	0.105045	0.0742353	0.202773	0.00627014	0.00184689
12	0.0282051	0.00409607	0.312288	0.242	0.00488668	0.0313266	0.0208047	0.00665049	0.0491679	0.024594	0.0090722	0.0857896	0.0189971	0.0436221	0.0173921	0.0547564	0.021778	0.0159446	0.00108668	0.00754188
13	0.0251365	0.00241563	0.0580742	0.0352396	0.0304728	0.00521899	0.157254	0.11666	0.0750202	0.0540213	0.00586408	0.00774324	0.016159	0.00979081	0.102254	0.0741185	0.147566	0.0436873	0.0145132	0.01879
14	0.114232	0.0224559	0.0134083	0.0127477	0.00627675	0.0383338	0.0096072	0.0457849	0.00898715	0.0135787	0.0119363	0.203273	0.006132	0.0106036	0.00500925	0.163497	0.165791	0.101897	0.019757	0.0266901
15	0.00649678	0.00515976	0.000677373	0.00197405	0.0765318	0.000751985	0.00150242	0.124816	0.00110442	0.609518	0.036397	0.00117048	0.00372457	0.00117505	0.00164295	0.0101324	0.0160582	0.0797678	0.00110534	0.0202941
16	0.0349032	0.00253245	0.00382219	0.0138354	0.132409	0.00379516	0.210322	0.00808576	0.0451282	0.0266557	0.00395869	0.0309062	0.00231452	0.00843752	0.015638	0.0493021	0.0314091	0.00555899	0.00115497	0.369831
17	0.314108	0.0262794	0.0141826	0.00206333	0.0133998	0.437595	0.00782898	0.00236959	0.00770139	0.0245298	0.00172792	0.00894372	0.00243243	0.00749641	0.00530198	0.0888583	0.0192415	0.0033619	0.000690837	0.0118871
18	0.201902	0.0829832	0.000942772	0.0010535	0.0405631	0.049601	0.00464995	0.0625369	0.00135028	0.0936989	0.0374927	0.00113857	0.00260233	0.0029609	0.0100438	0.0618826	0.0720947	0.260904	0.00942449	0.00217425
19	0.0419442	0.00424383	0.0119043	0.0230606	0.00418883	0.00468003	0.0787508	0.0490716	0.265127	0.0396157	0.0162157	0.0556421	0.0127347	0.0628476	0.206644	0.0413155	0.0500762	0.0254682	0.000775016	0.00569403
20	0.105121	0.00450222	0.00372846	0.017463	0.0248093	0.0500878	0.0112144	0.0291375	0.024358	0.206563	0.0292042	0.0150904	0.277495	0.0159411	0.0137886	0.0384057	0.0200503	0.0623571	0.0138309	0.0368519
21	0.00472439	0.00636187	0.000481846	0.000498266	0.0323135	0.00195392	0.00345564	0.548782	0.000606611	0.196128	0.0384766	0.000679761	0.00264098	0.00207509	0.000463865	0.00249071	0.00317249	0.145673	0.00143511	0.00758597
22	0.00727789	0.00660622	0.000517378	0.00062654	0.0337065	0.00202013	0.00395874	0.537942	0.000707207	0.196319	0.0377637	0.000721768	0.00287132	0.00210136	0.000614028	0.00262994	0.00513623	0.148483	0.00175388	0.00824357
23	0.155931	0.0107744	0.0212457	0.0155776	0.00857506	0.189646	0.00957355	0.0175667	0.0187469	0.0467875	0.0160826	0.0332622	0.0161311	0.0270744	0.0108988	0.320303	0.0476045	0.0210712	0.00286778	0.0102791
24	0.0464818	0.0280203	0.000703504	0.0015841	0.0266177	0.000716562	0.00075828	0.198468	0.000946219	0.372471	0.0713654	0.0085017	0.0030143	0.00600155	0.00105055	0.0189994	0.011901	0.193149	0.00038014	0.00886922
25	0.0526666	0.00541473	0.126143	0.323684	0.00237245	0.015414	0.0174284	0.00548264	0.104905	0.010403	0.00641883	0.0258535	0.00127924	0.119525	0.0687172	0.0458085	0.0513204	0.00561571	0.00544052	0.00610712
26	0.0806883	0.00973432	0.000829165	0.00257587	0.0467467	0.00228369	0.0129813	0.236777	0.00461881	0.173808	0.0425403	0.00141072	0.00333895	0.00138226	0.0039002	0.00857061	0.0752931	0.260097	0.0062437	0.026181
27	0.0650587	0.00428856	0.000719097	0.00320554	0.0802788	0.00109628	0.0110839	0.236649	0.00559161	0.229998	0.0525417	0.00123321	0.00315741	0.00106587	0.00635773	0.0069152	0.049741	0.194159	0.0109818	0.0358783
28	0.0523553	0.0101804	0.0232458	0.0416152	0.00506358	0.0060166	0.0775203	0.046276	0.106216	0.0941228	0.0269157	0.07406	0.0072664	0.0839798	0.200815	0.0552236	0.0479198	0.0312554	0.000848516	0.00910409
29	0.217567	0.0526509	0.0299173	0.00765838	0.00659285	0.0356526	0.0722398	0.00978389	0.0581033	0.0346329	0.0327628	0.0830563	0.00545767	0.0809806	0.0091253	0.196783	0.0423088	0.0130674	0.00289233	0.00876694
30	0.00667205	0.00694154	0.000520001	0.000580345	0.0319563	0.00183817	0.0033244	0.529718	0.000626545	0.20333	0.0405257	0.00107423	0.00262583	0.00225455	0.000471461	0.00343857	0.00416148	0.151005	0.00144451	0.00749092
31	0.0628126	0.00275483	0.136964	0.324684	0.000716268	0.013671	0.0143412	0.00611713	0.108203	0.0117941	0.00337492	0.0252169	0.00069864	0.127186	0.0698707	0.0301624	0.0483898	0.00619391	0.00251369	0.0043337
32	0.0375968	0.0044133	0.0285448	0.0506568	0.00839065	0.0173905	0.0206672	0.0226434	0.247448	0.0303363	0.0138396	0.0281414	0.0115444	0.0796495	0.290601	0.0390597	0.0343076	0.0174129	0.00493898	0.0124171
33	0.00558209	0.00456104	0.000696582	0.00192901	0.0783842	0.00079051	0.00153791	0.123338	0.001059	0.617463	0.0340887	0.0009501	0.00342782	0.0010375	0.00169721	0.00938839	0.0155615	0.0760466	0.00117511	0.0212863
34	0.0598685	0.00148998	0.164281	0.21811	0.00337034	0.0200527	0.0163968	0.0126579	0.151198	0.0524354	0.011934	0.0981137	0.00407192	0.0637313	0.0189885	0.0408341	0.0128384	0.0200763	0.00149245	0.028059
35	0.00953467	0.00229173	0.0181459	0.0857488	0.00458954	0.00410027	0.188854	0.0193291	0.192536	0.033215	0.0315402	0.00508928	0.00260559	0.0411763	0.100664	0.0215089	0.00564016	0.018862	0.018251	0.196318
36	0.0595355	0.00580226	0.129795	0.295072	0.00826339	0.025063	0.0195767	0.024869	0.0798266	0.038176	0.0128052	0.0402431	0.0213818	0.06764	0.0397067	0.0531209	0.032172	0.0233427	0.00493092	0.0186774
37	0.00670078	0.00543231	0.000686384	0.00200147	0.0805492	0.000809433	0.00180842	0.139502	0.00107016	0.589273	0.0344584	0.00127853	0.00326783	0.00117524	0.00154302	0.00932881	0.0152743	0.0806723	0.00110517	0.0240636
38	0.0547028	0.00110721	0.127688	0.19089	0.0113311	0.0503121	0.0312817	0.0020594	0.129683	0.0133237	0.0025258	0.0873429	0.00300614	0.0729344	0.035084	0.126522	0.0334438	0.00233038	0.00546696	0.0189653
39	0.00640138	0.0130789	0.00050399	0.000567051	0.0127804	0.000576463	0.000689808	0.361923	0.00206152	0.0943722	0.0248335	0.00215579	0.00399302	0.00209453	0.00204557	0.00136402	0.03293	0.435249	0.00130876	0.0010715
40	0.00911756	0.00732332	0.000580081	0.000819171	0.0326537	0.00179731	0.00357879	0.51202	0.000844402	0.202428	0.0404331	0.00121805	0.00272383	0.00246718	0.000703668	0.0037063	0.00684254	0.161359	0.00155045	0.00783315
41	0.0353908	0.00455836	0.00609582	0.00676107	0.0269277	0.00634732	0.00652798	0.00916136	0.17213	0.269631	0.263698	0.00854016	0.00409356	0.069904	0.0506013	0.0133519	0.0281369	0.00787679	0.00277756	0.00748849
42	0.0114725	0.00341276	0.0814475	0.038119	0.00286324	0.443352	0.031806	0.00152973	0.0767995	0.00230586	0.00117049	0.175022	0.000768946	0.0412023	0.026615	0.0487344	0.00276961	0.00163348	0.00248159	0.00649387
43	0.00737611	0.00584402	0.000922694	0.00668489	0.283575	0.00538287	0.0191521	0.00850038	0.0041872	0.0215021	0.00921557	0.00518525	0.000853606	0.0059889	0.00440574	0.00242793	0.0036634	0.0117226	0.0208135	0.572596
44	0.211173	0.0260542	0.0859142	0.0875014	0.025066	0.0499997	0.0131313	0.0121339	0.00420027	0.0109392	0.00782462	0.0578172	0.0203513	0.0136828	0.0033643	0.204337	0.0741779	0.0619378	0.00841483	0.0219794
45	0.113684	0.0209614	0.191229	0.0560529	0.0106689	0.113768	0.021162	0.00833709	0.00595401	0.00990935	0.0060227	0.0928222	0.0522612	0.0106235	0.00479603	0.194316	0.0563431	0.0187232	0.00295943	0.00940512
46	0.00788393	0.00630024	0.00090754	0.00758178	0.209939	0.00598594	0.0252267	0.00632422	0.00512724	0.0214992	0.00849308	0.00576487	0.00074235	0.00677229	0.00493141	0.00245031	0.00424895	0.00988114	0.023689	0.636251
47	0.0114693	0.0061734	0.00156946	0.00328668	0.386517	0.00182691	0.00705375	0.104386	0.00647325	0.206118	0.0745689	0.0088726	0.00516011	0.00349718	0.00480043	0.00833117	0.0103236	0.0440314	0.00255474	0.102987
48	0.0116966	0.0143827	0.00201997	0.00464699	0.181775	0.00341334	0.00592029	0.0914979	0.00550463	0.442657	0.0482171	0.00682539	0.00711697	0.00414567	0.00464557	0.0228905	0.0137729	0.0566167	0.00197868	0.0702757
49	0.00718157	0.0132154	0.000531905	0.000632153	0.0139513	0.000588616	0.000933327	0.359523	0.00221177	0.0946698	0.0257227	0.00219807	0.00430566	0.00213983	0.00219986	0.00144539	0.0348861	0.430623	0.00136789	0.00167285
50	0.0123362	0.0129157	0.000721197	0.000966528	0.0161467	0.0010038	0.00172648	0.349895	0.00264407	0.0974823	0.0280482	0.00313314	0.00424314	0.00250712	0.00251894	0.00310595	0.0359988	0.419956	0.0015916	0.0030589
51	0.192047	0.0214877	0.0402877	0.0400893	0.0239931	0.0059962	0.115957	0.00791605	0.032392	0.0282783	0.0229155	0.00723207	0.0035735	0.10543	0.0238344	0.0812867	0.00804024	0.00679581	0.13469	0.0977574
52	0.0557811	0.00221357	0.152337	0.297779	0.00236561	0.0197706	0.0166511	0.00539321	0.112827	0.0145868	0.00471891	0.0383603	0.00421874	0.110754	0.0630438	0.0422801	0.0411824	0.00692622	0.00243103	0.00637971
53	0.0636161	0.00418523	0.000699071	0.00324381	0.0905123	0.000954078	0.0109654	0.254181	0.00552867	0.19659	0.051788	0.00134377	0.00213755	0.00107431	0.00588581	0.00631268	0.0490437	0.197557	0.0112582	0.0431234
54	0.00749095	0.0134557	0.000525973	0.000579828	0.0124574	0.000580425	0.000897491	0.361484	0.0021091	0.0948544	0.0252283	0.00210904	0.00412412	0.0021255	0.00208611	0.00154486	0.0346251	0.431112	0.0012806	0.00132951
55	0.00861256	0.00460828	0.113526	0.0372118	0.0010471	0.400697	0.0318806	0.00146742	0.0707621	0.00212413	0.00119103	0.207032	0.000734985	0.0450484	0.0147277	0.053707	0.00169445	0.00162925	0.00102148	0.00127621
56	0.0206967	0.00961696	0.00208278	0.00825937	0.233443	0.00231789	0.0179164	0.133975	0.00287393	0.127153	0.0696273	0.0122154	0.00676805	0.00638623	0.00418297	0.0106119	0.00494037	0.0773449	0.00473882	0.244849
57	0.0605496	0.00932575	0.00382921	0.0263536	0.0494156	0.0230332	0.0170988	0.0443818	0.0275023	0.287613	0.0716082	0.0110879	0.0857384	0.0335119	0.0166882	0.0336185	0.0252969	0.0614877	0.0239006	0.0879584
58	0.0636359	0.0110217	0.000948575	0.00275751	0.0470435	0.00133839	0.0132014	0.25173	0.00545532	0.158222	0.0449755	0.00175204	0.00629388	0.00224571	0.0049817	0.00715356	0.074688	0.269	0.00612264	0.027433
59	0.0539865	0.00597253	0.0513364	0.017409	0.00965875	0.0676456	0.0147999	0.244623	0.0215621	0.147203	0.0215342	0.0445721	0.0088422	0.0263725	0.0183853	0.0902744	0.031003	0.112808	0.00211283	0.00989831
60	0.148129	0.0125342	0.0439745	0.0228414	0.00779375	0.375184	0.0195063	0.0079376	0.0426944	0.0164692	0.00591555	0.0847077	0.00524946	0.0299602	0.0169531	0.112869	0.0215178	0.0115185	0.00303	0.0112137
61	0.0349935	0.00421967	0.0227926	0.025546	0.00699958	0.0183975	0.0191584	0.023032	0.281292	0.0224056	0.00943341	0.0260574	0.0147172	0.043646	0.338117	0.0453883	0.0347364	0.0185894	0.00246461	0.00801278
62	0.136054	0.0134228	0.0499981	0.0244315	0.0108726	0.372856	0.0202899	0.010518	0.0426797	0.021581	0.00615187	0.0904531	0.00807117	0.0293243	0.019678	0.092241	0.0216924	0.0149406	0.00272216	0.0120217
63	0.170106	0.00756706	0.0316472	0.0206039	0.00503153	0.0963016	0.00809331	0.0117611	0.0183308	0.016686	0.0100848	0.0259572	0.0104527	0.0223626	0.0134247	0.434465	0.0704332	0.0171426	0.00227661	0.00727274
64	0.563756	0.0179776	0.0040833	0.00130737	0.0010593	0.0651087	0.0014338	0.023903	0.00157956	0.00837868	0.00282194	0.00205619	0.0185886	0.0018451	0.00169061	0.210469	0.00665642	0.0586641	0.000400322	0.00821977
65	0.235505	0.0845735	0.00168383	0.00115939	0.0362944	0.0483684	0.0036908	0.0567983	0.00181135	0.0798849	0.0328557	0.0016321	0.00277037	0.00324892	0.0100255	0.0736875	0.066184	0.249936	0.00825119	0.00163865
66	0.173705	0.0113409	0.0362388	0.019016	0.0076877	0.207641	0.00976691	0.0116185	0.0188811	0.0170958	0.0172949	0.0681208	0.0121706	0.0243022	0.00841923	0.267285	0.0547681	0.0234074	0.00230561	0.00893552
67	0.26082	0.00845543	0.0113458	0.00821621	0.00485537	0.109499	0.00541249	0.0132533	0.00701033	0.0103824	0.00749065	0.0138159	0.00865369	0.0192028	0.00668551	0.415965	0.0534744	0.0270962	0.00185669	0.00650905
68	0.00519578	0.00507923	0.000573264	0.00138316	0.0544656	0.0011964	0.00201743	0.314816	0.00079314	0.437425	0.0366639	0.000916446	0.00291557	0.00148807	0.000891816	0.00656613	0.00965157	0.102992	0.000823516	0.0141469
69	0.00640138	0.0130789	0.00050399	0.000567051	0.0127804	0.000576463	0.000689808	0.361923	0.00206152	0.0943722	0.0248335	0.00215579	0.00399302	0.00209453	0.00204557	0.00136402	0.03293	0.435249	0.00130876	0.0010715
70	0.569885	0.0187036	0.00362146	0.00126784	0.00101896	0.0679715	0.00131699	0.0177755	0.00164827	0.00781254	0.00224152	0.00169138	0.0203081	0.00175681	0.00166575	0.217873	0.00476876	0.0496736	0.000352697	0.00864697
71	0.00749867	0.00645323	0.000773	0.00753709	0.199266	0.00606466	0.0222938	0.00431135	0.00448902	0.0158357	0.0061932	0.00473141	0.000568374	0.006809	0.00470641	0.00191081	0.00396309	0.00911661	0.0252294	0.662249
72	0.19124	0.0898044	0.001009	0.00109388	0.0389761	0.0459586	0.00391582	0.0616243	0.00145359	0.117134	0.0367197	0.00178488	0.0026074	0.00330937	0.0107147	0.0644076	0.0666011	0.251473	0.00833617	0.00183614
73	0.0312023	0.0191688	0.00118187	0.00221356	0.0356939	0.00159326	0.00151519	0.191494	0.00179173	0.419357	0.0943797	0.00594099	0.00600926	0.004685	0.00188821	0.0166015	0.0147704	0.137698	0.000960562	0.0118543
74	0.0375903	0.00196058	0.0191415	0.0888885	0.0230291	0.369249	0.0195521	0.00431538	0.0788763	0.00547459	0.0032616	0.0733008	0.00235134	0.0283963	0.0913146	0.0466577	0.0149953	0.00386998	0.0152847	0.0724901
75	0.0138396	0.0129193	0.000930325	0.00118296	0.0172307	0.00108344	0.00189192	0.369904	0.00242005	0.114321	0.0280831	0.00271496	0.00413903	0.00301533	0.00239407	0.00442148	0.0290639	0.385289	0.00164946	0.00350686
76	0.0787299	0.0151784	0.0263501	0.0254345	0.0150922	0.0320573	0.0226234	0.0517867	0.024744	0.0473063	0.0253268	0.147206	0.0115862	0.0269621	0.0204726	0.115663	0.178189	0.0994601	0.00917415	0.0266569
77	0.0365455	0.000916723	0.218941	0.215061	0.00714205	0.0437287	0.0280502	0.00374685	0.0819004	0.0231443	0.00598087	0.0970205	0.0105524	0.064607	0.0191155	0.0924703	0.0272361	0.00938862	0.00252237	0.01193
78	0.00652958	0.0131965	0.000497687	0.000565162	0.0132047	0.000601001	0.00073014	0.365386	0.00206938	0.0956201	0.0247449	0.00211931	0.00398649	0.00209932	0.00202482	0.00141707	0.0323701	0.430164	0.00142163	0.00125125
79	0.0242019	0.0670638	0.357564	0.0122923	0.00507969	0.00783739	0.0158358	0.007597	0.0258917	0.0203699	0.00663233	0.225061	0.0111192	0.0183891	0.0149135	0.13669	0.0291259	0.00734772	0.00151201	0.00547574
80	0.0875262	0.0161517	0.0374663	0.0550868	0.0150947	0.0451511	0.0114545	0.0190661	0.0315405	0.0526487	0.0176578	0.0430197	0.251623	0.0294115	0.0296633	0.154583	0.0546156	0.0281774	0.00385851	0.016203
81	0.00476119	0.00634636	0.000483528	0.000491444	0.0323235	0.0019479	0.0034503	0.548576	0.000606684	0.196323	0.03848	0.000679397	0.00262873	0.00207689	0.000463871	0.00249864	0.00320189	0.145633	0.0014464	0.00758128
82	0.0837417	0.00227949	0.0408162	0.195726	0.00320816	0.0118179	0.026724	0.00432944	0.377352	0.00877731	0.00591458	0.0120332	0.0036946	0.0592228	0.112206	0.0243121	0.00681003	0.00426456	0.0015289	0.0152411
83	0.0241605	0.00200361	0.00261791	0.0179186	0.151862	0.00313155	0.220391	0.00822005	0.0397657	0.033752	0.00308902	0.0430845	0.00188494	0.00861782	0.0206345	0.0282038	0.0179636	0.00415612	0.000936772	0.367606
84	0.00857695	0.00388334	0.187194	0.042829	0.0014602	0.322007	0.0301611	0.00232726	0.057233	0.00316001	0.00178599	0.228508	0.00112086	0.0445931	0.0144288	0.0424611	0.00271924	0.00245012	0.00110673	0.00199475
85	0.0226977	0.00858897	0.00346139	0.00646693	0.0787289	0.00495068	0.00432477	0.144893	0.0094997	0.480547	0.0452611	0.00617175	0.00885071	0.00672692	0.00844737	0.0164347	0.019988	0.0975384	0.00322161	0.0232004
86	0.00784598	0.00469015	0.000752814	0.00220546	0.0942574	0.000906462	0.00164589	0.138124	0.0013055	0.564727	0.0358764	0.00104165	0.00327365	0.00112918	0.00191465	0.00855343	0.0142732	0.083037	0.00241822	0.0320221
87	0.0119378	0.00677616	0.00296375	0.00658143	0.354781	0.00321213	0.00680037	0.0860822	0.00913551	0.284014	0.0710507	0.0110157	0.0053719	0.00385618	0.00613634	0.0104508	0.0144286	0.0412673	0.0027578	0.0613806
88	0.0648087	0.00269667	0.155769	0.272636	0.00496547	0.0452046	0.0190798	0.00790589	0.090312	0.0207563	0.00637132	0.0483987	0.0096438	0.0908736	0.0461061	0.0560656	0.0356382	0.0100435	0.0030382	0.00968653
89	0.0448412	0.00375896	0.023048	0.0386065	0.0105152	0.022693	0.0211614	0.0269337	0.252002	0.0282827	0.0105036	0.0226072	0.0137069	0.0502856	0.319429	0.0417629	0.0320185	0.0194518	0.00325711	0.0151354
90	0.0181243	0.00744394	0.00577683	0.00736595	0.365165	0.00955946	0.0213933	0.0661966	0.0110859	0.155329	0.0490522	0.0211359	0.00588459	0.00836746	0.00869472	0.0153488	0.0163309	0.0376537	0.00673298	0.163358
91	0.0334787	0.0132728	0.00129107	0.00240808	0.0387768	0.00191616	0.00226172	0.213074	0.00217191	0.412983	0.0755026	0.00504229	0.00491495	0.00412635	0.00170868	0.0152935	0.0194857	0.136804	0.00172914	0.013759
92	0.0715049	0.016833	0.0770111	0.026252	0.00881476	0.0579472	0.0162092	0.0207178	0.0305275	0.0242503	0.0217306	0.171408	0.0173533	0.0293802	0.0175281	0.256349	0.0845647	0.032979	0.00442472	0.014215
93	0.0359894	0.00248236	0.00413152	0.154416	0.00351275	0.00402069	0.00388119	0.0186197	0.0424541	0.0623079	0.0429493	0.032178	0.453006	0.00489337	0.0428308	0.0361601	0.032145	0.0181399	0.00156973	0.00431182
94	0.0540031	0.00111591	0.122821	0.194765	0.0130572	0.0517451	0.0349371	0.00217809	0.126434	0.0122088	0.00285909	0.0879801	0.00293554	0.0713921	0.0371237	0.122738	0.0315867	0.00219126	0.00636724	0.0215604
95	0.0325432	0.00174925	0.0168056	0.0212262	0.00749715	0.0107397	0.0175411	0.0235347	0.312095	0.0181453	0.00552429	0.0202615	0.0121136	0.0389538	0.345956	0.0514352	0.0383764	0.0141066	0.00116523	0.0102308
96	0.13539	0.00588704	0.0082296	0.0624662	0.0155358	0.0173709	0.0336566	0.1436	0.111622	0.0778442	0.00807912	0.0212134	0.0199134	0.0471595	0.014083	0.0763505	0.0391774	0.142112	0.00101354	0.0192962
97	0.0784027	0.0061628	0.00230137	0.0305264	0.0511494	0.0181145	0.0104922	0.0406781	0.0139745	0.353885	0.0662557	0.0031198	0.120386	0.0119255	0.00749925	0.0241449	0.00989944	0.0530034	0.0268511	0.0712277
98	0.158089	0.0135633	0.0197393	0.0393547	0.0154434	0.0481712	0.0135084	0.0277833	0.0282762	0.0702939	0.0179795	0.0330927	0.281629	0.0241689	0.024435	0.0857966	0.0356612	0.0387221	0.00603565	0.0182573
99	0.0413661	0.014598	0.303212	0.130817	0.0070007	0.0543669	0.0206537	0.0132197	0.0486523	0.0258392	0.0109909	0.0912272	0.0183511	0.0439724	0.0272502	0.0824562	0.0340947	0.0171439	0.00377326	0.0110147
100	0.0424032	0.00649234	0.00104305	0.00296139	0.104329	0.00184762	0.00854328	0.316195	0.00378919	0.20206	0.0483378	0.00364855	0.00317387	0.00282347	0.00378318	0.00693485	0.0277215	0.163306	0.00682672	0.04378
101	0.0434373	0.015303	0.289179	0.124921	0.0103218	0.0549852	0.0220227	0.0151729	0.0535087	0.028775	0.013046	0.0905849	0.0168597	0.044658	0.0313034	0.0798592	0.0318956	0.0171996	0.0035224	0.0134443
102	0.0399611	0.008016	0.00436828	0.00405068	0.0258152	0.00291958	0.00533451	0.296702	0.00412802	0.254138	0.0480792	0.00740452	0.00308674	0.0042191	0.00378698	0.0211046	0.0522313	0.202076	0.0027938	0.0097846
103	0.04303	0.0144364	0.298822	0.137541	0.00996977	0.0498884	0.0213596	0.0171002	0.0489151	0.0292979	0.0103095	0.0911082	0.0173212	0.0440557	0.0242193	0.0803833	0.0330679	0.0156502	0.00306121	0.0104624
104	0.0510954	0.00428938	0.000670475	0.00290239	0.0953134	0.00109069	0.0096069	0.300762	0.00456011	0.187753	0.0495633	0.00151625	0.00223911	0.00128731	0.00481474	0.00524422	0.0385168	0.185386	0.01133	0.0420587
105	0.0635383	0.0197165	0.0608803	0.0803991	0.0272177	0.0633493	0.00803315	0.00508139	0.0143501	0.0430356	0.0167226	0.0378005	0.199758	0.0575937	0.0333068	0.176445	0.0660445	0.010958	0.00107216	0.0146978
106	0.0215015	0.00109175	0.0575135	0.0838125	0.00171485	0.0371609	0.0130417	0.00245497	0.329046	0.0163757	0.016565	0.0460707	0.00181803	0.137634	0.17657	0.0287477	0.0106468	0.00223716	0.00110856	0.0148895
107	0.0285631	0.00110811	0.012733	0.0177294	0.00513181	0.00922412	0.0143436	0.0217654	0.348601	0.0146923	0.00548867	0.0148289	0.0109562	0.0419528	0.372672	0.0325994	0.0307593	0.0126203	0.000744288	0.00348601
108	0.0305598	0.000894302	0.269964	0.262584	0.00720514	0.040831	0.0301466	0.00505086	0.0448533	0.0264386	0.0113463	0.062794	0.0258532	0.0532826	0.0184261	0.0624343	0.0217369	0.0152623	0.00137028	0.00896711
109	0.0657667	0.00212253	0.139001	0.352708	0.00137249	0.0155517	0.0125664	0.0101943	0.0917596	0.0311542	0.00568663	0.0274402	0.00340433	0.097561	0.052083	0.0284708	0.045032	0.0104901	0.00183151	0.00580348
110	0.00579142	0.0106575	0.000529704	0.000580481	0.018058	0.000869581	0.00119575	0.400737	0.00163682	0.12625	0.0318967	0.00177691	0.00344549	0.00195358	0.00151547	0.00191019	0.0232802	0.364128	0.00135463	0.00243307
111	0.00592272	0.00617274	0.000701326	0.000944197	0.0338901	0.00195151	0.00424991	0.539226	0.00072835	0.197834	0.037735	0.00091884	0.00266846	0.00278311	0.000615042	0.0029756	0.00514885	0.14627	0.00159531	0.00766911
112	0.06259	0.0027752	0.13679	0.324688	0.000713317	0.0135622	0.0145092	0.00609232	0.108065	0.0116209	0.00339554	0.0251492	0.000686571	0.127578	0.0699668	0.0302589	0.0485191	0.00615941	0.0025394	0.00434149
113	0.0342071	0.00371642	0.00713054	0.045186	0.139206	0.0066997	0.130344	0.0294529	0.0485895	0.0517686	0.01286	0.0274683	0.00554279	0.0305869	0.0364501	0.0209169	0.0200805	0.0129358	0.0079451	0.328913
114	0.0447497	0.0255708	0.000704636	0.00172602	0.0264436	0.000752224	0.000847271	0.203554	0.000989362	0.374943	0.0711331	0.00786979	0.00311621	0.00564967	0.00101654	0.0183911	0.0129959	0.19032	0.000523075	0.00870407
115	0.179334	0.0733461	0.00129511	0.00145797	0.0371336	0.0341146	0.00340838	0.057063	0.00501606	0.0588697	0.0439701	0.00328046	0.00219863	0.00446202	0.00924478	0.0594792	0.0615794	0.353757	0.00644355	0.00454607
116	0.560578	0.0220716	0.00410345	0.00137224	0.00170134	0.0917388	0.00169083	0.0100165	0.00183121	0.00678942	0.00148025	0.00229278	0.0232165	0.00214437	0.00200688	0.214379	0.00323446	0.0376752	0.000398933	0.0112782
117	0.0189782	0.00345924	0.0120195	0.0145884	0.0732417	0.0415255	0.0595465	0.0385734	0.0364233	0.179438	0.0897589	0.0507199	0.00541572	0.0952684	0.0442049	0.0277231	0.0622764	0.0549806	0.0195188	0.0723393
118	0.0185204	0.0168493	0.000704551	0.00106735	0.0172399	0.000950233	0.00244712	0.331462	0.00237523	0.156718	0.0421495	0.00304923	0.00729119	0.00331975	0.00259261	0.00572149	0.0360094	0.344954	0.00134941	0.00522905
119	0.177231	0.0634788	0.00267146	0.00268083	0.027696	0.0904043	0.0041954	0.0692599	0.00332339	0.068632	0.0333897	0.00368629	0.0109984	0.0114497	0.0228883	0.0892224	0.0796707	0.229627	0.00657701	0.00291758
120	0.0953086	0.00863496	0.0157726	0.00870731	0.00584209	0.0481261	0.00997508	0.0424342	0.0165801	0.0238428	0.0475907	0.141171	0.00521511	0.0262147	0.00668138	0.236472	0.191862	0.0504926	0.00604681	0.0130307
121	0.0177504	0.00712766	0.00286792	0.00861877	0.230179	0.00563571	0.0301808	0.0995434	0.005732	0.117917	0.0796662	0.0216573	0.00794407	0.0157577	0.00708756	0.0134521	0.00834344	0.0639696	0.00420533	0.252364
122	0.0916042	0.0045218	0.0200045	0.00647896	0.00285512	0.086325	0.00470545	0.0242737	0.0251235	0.0152637	0.0418381	0.108002	0.00308051	0.0433565	0.0034891	0.34095	0.104513	0.0660901	0.00281416	0.0047102
123	0.0242611	0.00252221	0.0374674	0.0462521	0.00380356	0.0287224	0.00392088	0.00565485	0.119878	0.0164281	0.0279229	0.0724087	0.0112643	0.0179962	0.200796	0.169339	0.154393	0.0057283	0.00183906	0.0494017
124	0.00298881	0.0053562	0.00140954	0.00136681	0.460932	0.00145096	0.00186003	0.0480857	0.0107285	0.274813	0.0924292	0.00830454	0.00440132	0.00172661	0.00591644	0.00696773	0.0123711	0.0111433	0.000878989	0.0468686
125	0.110066	0.00370982	0.00697088	0.00755059	0.00471626	0.225248	0.00522227	0.00835145	0.229605	0.0283332	0.00518194	0.00798642	0.0228623	0.129089	0.0429806	0.0827285	0.0634597	0.00756813	0.00190118	0.00646777
126	0.135974	0.0107073	0.0609932	0.0642087	0.0376505	0.0396602	0.0316693	0.0113001	0.0298082	0.0307828	0.0287579	0.0339204	0.096828	0.0429015	0.0340751	0.136717	0.0847244	0.0473893	0.00221055	0.0397216
127	0.0292284	0.000861233	0.00755952	0.0101422	0.00506624	0.00440194	0.0116398	0.0228987	0.359635	0.0118503	0.00201746	0.00894894	0.0120252	0.0337006	0.40322	0.0310537	0.0311247	0.0129426	0.000445094	0.00123777
128	0.108306	0.00491215	0.0118336	0.00423677	0.00274342	0.0899241	0.0068885	0.0177793	0.0273165	0.0216346	0.0656454	0.0993392	0.00249286	0.0549464	0.0037806	0.341234	0.0764255	0.0548536	0.00175769	0.00394953
129	0.501835	0.0113166	0.0089608	0.00182424	0.00211017	0.0118192	0.00176843	0.105725	0.00247743	0.018204	0.00962923	0.00515528	0.00258933	0.00257358	0.00202627	0.1335	0.0325929	0.143201	0.000614966	0.00207734
130	0.0511335	0.00456947	0.000562645	0.00227459	0.0619386	0.00107251	0.00843418	0.333899	0.00403007	0.204711	0.0451702	0.00115318	0.00218768	0.0013566	0.00364394	0.0063141	0.04175	0.196295	0.00843299	0.02107
131	0.0333819	0.000995657	0.0090148	0.0159269	0.00642323	0.0053643	0.0121556	0.0217109	0.364219	0.0121203	0.00243965	0.00945376	0.0115788	0.036569	0.383232	0.030283	0.0302213	0.0123085	0.000581569	0.00201908
132	0.0610769	0.00233355	0.152414	0.328583	0.00182271	0.0174598	0.0157974	0.00691669	0.0994579	0.0185121	0.00614635	0.0307189	0.00557128	0.0971953	0.0586701	0.041815	0.03965	0.00812088	0.00223237	0.00550552
133	0.0785392	0.00882075	0.00101189	0.00267044	0.0422717	0.00254471	0.0114048	0.247065	0.00439874	0.180347	0.0420496	0.00165257	0.00314864	0.0014622	0.00377095	0.0106905	0.0763539	0.252849	0.00576809	0.0231803
134	0.319378	0.0260831	0.0141306	0.00204488	0.0142102	0.433165	0.00747189	0.00244262	0.00820369	0.0267434	0.00182052	0.00887452	0.00177901	0.00817431	0.00519683	0.0842005	0.0211584	0.00287545	0.000728726	0.0113176
135	0.0282723	0.000782719	0.0137134	0.026935	0.00366751	0.00652302	0.0150097	0.0207786	0.396474	0.0126758	0.00340038	0.0109028	0.0105967	0.044379	0.332194	0.0281874	0.0304416	0.0117874	0.000430237	0.00284803
136	0.170645	0.0170646	0.00242438	0.00295276	0.0135002	0.00302141	0.00300996	0.0891053	0.0213838	0.00542858	0.0393811	0.0118848	0.00236615	0.0124916	0.0124558	0.0722707	0.017277	0.48259	0.00118923	0.0195573
137	0.00300384	0.00536286	0.00140989	0.00136672	0.461054	0.0014476	0.00187232	0.0481126	0.0107344	0.274514	0.0924077	0.00833926	0.00441092	0.00172545	0.00590895	0.0069669	0.0123966	0.0111319	0.000876045	0.0469587
138	0.191359	0.00196828	0.00302385	0.00193326	0.00206163	0.141974	0.00189425	0.00330374	0.00358503	0.00568625	0.00393624	0.00804771	0.00150387	0.025006	0.00329431	0.534135	0.0602481	0.00428867	0.000780195	0.00197106
139	0.00809457	0.015226	0.000703244	0.000861139	0.0126189	0.000739779	0.00199204	0.354346	0.00294474	0.0942154	0.0273501	0.00221037	0.00643535	0.00344571	0.00346215	0.00190611	0.0399163	0.41959	0.00132836	0.00261325
140	0.055853	0.0114401	0.0345731	0.0486327	0.0467692	0.04352	0.164774	0.0353337	0.0655265	0.0494956	0.0210834	0.0591477	0.0123437	0.0406788	0.0499169	0.0599574	0.0395535	0.0312083	0.010601	0.119591
141	0.5217	0.0261031	0.00498548	0.00361236	0.002591	0.0681363	0.00309318	0.0129342	0.00380247	0.00989487	0.00327713	0.00708622	0.0590993	0.00361089	0.00351707	0.206926	0.00623155	0.0424345	0.00102773	0.00993646
142	0.559414	0.0224258	0.00406303	0.0013785	0.00163906	0.092059	0.00199616	0.00979601	0.00186169	0.00673384	0.0014298	0.00213289	0.0232859	0.00218255	0.00197517	0.216154	0.00354953	0.0368373	0.000378021	0.0107075
143	0.296805	0.023525	0.0160858	0.00815002	0.0135269	0.366795	0.00947518	0.00741622	0.0143217	0.0237751	0.00470738	0.0172999	0.00818117	0.0124004	0.00937835	0.110502	0.0269096	0.0137368	0.00209277	0.0149151
144	0.00636973	0.0130197	0.000505006	0.000564147	0.0130177	0.000581673	0.000688547	0.362739	0.00204711	0.0951491	0.0248618	0.00214457	0.00396228	0.00206818	0.00201758	0.00137135	0.0325242	0.43396	0.00132468	0.00108436
145	0.00483619	0.00678323	0.000474445	0.000486276	0.0314588	0.00181492	0.00323041	0.53458	0.00072419	0.185697	0.03745	0.00079683	0.00277171	0.00205426	0.000582549	0.00226008	0.00531389	0.169815	0.00145975	0.00741058
146	0.00684444	0.0074796	0.000493478	0.000673141	0.0304039	0.00190958	0.00325105	0.52563	0.000647506	0.210527	0.0420153	0.0010656	0.00282804	0.00221404	0.000468474	0.00376283	0.00457276	0.14667	0.00113667	0.00740606
147	0.0464818	0.0280203	0.000703504	0.0015841	0.0266177	0.000716562	0.00075828	0.198468	0.000946219	0.372471	0.0713654	0.0085017	0.0030143	0.00600155	0.00105055	0.0189994	0.011901	0.193149	0.00038014	0.00886922
148	0.0101836	0.00458187	0.100957	0.0356505	0.00153009	0.415825	0.033972	0.00170988	0.0704752	0.00269447	0.00148851	0.194254	0.00168775	0.0425858	0.0166668	0.0572077	0.00264851	0.00231554	0.00137439	0.00219209
149	0.0053822	0.00491193	0.000735317	0.00171447	0.128793	0.000860382	0.00197532	0.11416	0.00197668	0.568267	0.0412652	0.0018036	0.0035834	0.00115474	0.0022304	0.0086433	0.0140756	0.0683006	0.00141825	0.0287486
150	0.0128598	0.00230595	0.0356472	0.040762	0.0244486	0.00783535	0.0486237	0.276724	0.00767047	0.160501	0.0284829	0.038187	0.0153577	0.0616048	0.0162208	0.0264676	0.00892091	0.1677	0.00139566	0.0182843
151	0.0481115	0.0040011	0.0335637	0.0539592	0.00906272	0.0445958	0.0222821	0.0208638	0.31117	0.0258032	0.0100952	0.0306426	0.011195	0.0543859	0.211202	0.0420774	0.0316136	0.0143963	0.00299322	0.0179852
152	0.0136603	0.00508079	0.00145854	0.00260645	0.132578	0.00250403	0.00590846	0.43422	0.00264934	0.16021	0.0475723	0.00371335	0.00306456	0.00310381	0.0028488	0.00484223	0.00687664	0.120703	0.00495008	0.0414501
153	0.0410793	0.0133277	0.289342	0.134949	0.00889822	0.0503744	0.0220458	0.0182263	0.051291	0.0292867	0.0116943	0.0872188	0.0186717	0.0439385	0.0249041	0.08709	0.0374091	0.0159005	0.00337591	0.0109764
154	0.00861881	0.00555314	0.000652415	0.00143748	0.0726354	0.000977825	0.00222691	0.215698	0.0011232	0.508728	0.0348299	0.00109033	0.00301795	0.00154217	0.00162614	0.00777108	0.0129955	0.0995136	0.00165597	0.0183059
155	0.0223793	0.00889743	0.00322916	0.00488049	0.0770895	0.00437732	0.00591092	0.158766	0.00590498	0.477753	0.045278	0.00722999	0.00720741	0.00673933	0.00626625	0.0146064	0.0200001	0.0961755	0.00280895	0.0244999
156	0.30939	0.0175555	0.00973435	0.00193442	0.00854068	0.323716	0.00503799	0.00285216	0.00533567	0.0156337	0.00178075	0.00699171	0.00393283	0.0103686	0.0070355	0.230696	0.0247614	0.00572261	0.000672395	0.00830793
157	0.0521231	0.00692939	0.0293508	0.0210662	0.0162897	0.0237731	0.0195822	0.166592	0.0280816	0.191425	0.045088	0.0837725	0.00826427	0.0682401	0.0238341	0.105656	0.0334568	0.0574616	0.00427728	0.014736
158	0.0279283	0.000712819	0.00829773	0.0110325	0.00400229	0.00459593	0.0155318	0.024778	0.387161	0.012989	0.00217734	0.00960106	0.012348	0.0373979	0.359058	0.0312653	0.0358611	0.0138084	0.000383615	0.00107039
159	0.0942332	0.00919973	0.0104061	0.00910771	0.00827914	0.0448279	0.0360294	0.0214813	0.0108237	0.0419289	0.0130274	0.183322	0.00604622	0.011842	0.0096963	0.0880721	0.322668	0.0312664	0.00699771	0.0407447
160	0.0128445	0.0072234	0.00149527	0.00209081	0.0544586	0.00167451	0.00264078	0.248765	0.00146179	0.458385	0.0417157	0.00275666	0.00354578	0.00300787	0.0017393	0.0100269	0.0148465	0.114404	0.00135219	0.0155651
161	0.134958	0.00881516	0.103944	0.0450828	0.00830299	0.0786962	0.00947279	0.0103765	0.0075787	0.00773929	0.00588712	0.0619035	0.0141844	0.00761784	0.00376922	0.274081	0.18391	0.0226584	0.00275389	0.00826863
162	0.0685831	0.00416426	0.000867682	0.00387678	0.0733912	0.00111643	0.0129569	0.25274	0.00667092	0.193565	0.052641	0.00137594	0.00226297	0.00116564	0.00557257	0.00730705	0.0634706	0.209924	0.0093787	0.0289695
163	0.00483782	0.00629175	0.000497967	0.000525097	0.0320671	0.00194027	0.00341598	0.546819	0.000620128	0.196166	0.0404888	0.000695503	0.00274021	0.00207565	0.000472928	0.00261592	0.00331307	0.145413	0.00145518	0.00754948
164	0.022762	0.0159176	0.083145	0.0951751	0.0310477	0.00417684	0.00372509	0.0607045	0.03237	0.136371	0.0786596	0.152189	0.00284304	0.0183164	0.0182697	0.105631	0.0699926	0.048224	0.00153642	0.018944
165	0.30571	0.0270341	0.0142037	0.002814	0.0150269	0.436692	0.00782885	0.00304439	0.00838513	0.0249414	0.00205269	0.0113203	0.00198484	0.00805325	0.00561662	0.0860703	0.0201492	0.00350296	0.000919465	0.0146502
166	0.0152912	0.0208858	0.000844446	0.000781239	0.0123065	0.00149385	0.00177548	0.338637	0.00252635	0.0940549	0.0244213	0.00228255	0.0044823	0.00240135	0.00257972	0.00305236	0.0390334	0.429327	0.0013703	0.00245279
167	0.0104378	0.00635556	0.00150486	0.00723464	0.32442	0.00659258	0.0300086	0.0350807	0.00837391	0.0848017	0.0327664	0.0133098	0.00264947	0.00680455	0.00583412	0.00777183	0.00705923	0.019345	0.0121195	0.37753
168	0.0457492	0.00801772	0.0211199	0.0417719	0.064933	0.0233205	0.119403	0.0253383	0.0618289	0.0584402	0.0293919	0.0373813	0.0107356	0.0926367	0.0437457	0.0414993	0.0302599	0.0243861	0.0222859	0.197755
169	0.0176221	0.00544956	0.000793609	0.0019729	0.078844	0.00101294	0.00353854	0.233232	0.00200068	0.437845	0.0386243	0.00149946	0.00280808	0.00181258	0.00237059	0.00776742	0.0178001	0.121619	0.00327489	0.0201125
170	0.0369012	0.00314142	0.272407	0.271464	0.00442423	0.0280671	0.0209248	0.00715116	0.0581956	0.024489	0.00912481	0.055938	0.0177501	0.0579492	0.0289574	0.0507972	0.0278304	0.015459	0.00160324	0.00742539
171	0.0204855	0.00436901	0.0894731	0.0324684	0.00181556	0.370202	0.02799	0.00309308	0.0663433	0.00499286	0.00538247	0.183825	0.0014398	0.0476241	0.0151983	0.104807	0.0109105	0.00569208	0.00133283	0.00255527
172	0.0601518	0.0166714	0.0571487	0.0773978	0.0298316	0.0648423	0.00780114	0.00471789	0.0148332	0.0431735	0.0132424	0.0392219	0.208604	0.0598195	0.0371349	0.166214	0.0726151	0.0102384	0.000812831	0.0155269
173	0.13926	0.0088264	0.0126365	0.0576819	0.0154269	0.0400455	0.0210788	0.108307	0.0823638	0.102484	0.014574	0.019323	0.0371045	0.0582626	0.0112102	0.0991557	0.0420402	0.102126	0.00281245	0.0252812
174	0.160924	0.0290449	0.00567548	0.00648179	0.0194047	0.0667454	0.00770766	0.128166	0.00770594	0.0528324	0.19931	0.011134	0.00741038	0.00908889	0.0111605	0.0425411	0.0816305	0.14111	0.00463281	0.00729384
175	0.0439437	0.00163014	0.0404022	0.076387	0.0031835	0.050191	0.0159531	0.00371266	0.227573	0.0283032	0.0207226	0.108794	0.00327175	0.145681	0.126722	0.0695938	0.0110981	0.00328275	0.00141856	0.0181364
176	0.0764365	0.00550249	0.000653747	0.00296501	0.0688784	0.00165641	0.0130775	0.241513	0.00581569	0.192731	0.049035	0.00121862	0.00230985	0.0011286	0.00543871	0.00749701	0.061896	0.222291	0.00955339	0.030402
177	0.0456649	0.0273804	0.000724287	0.00165849	0.0264998	0.000747991	0.000835448	0.200943	0.000964658	0.373703	0.0717952	0.008251	0.00314014	0.00601643	0.00103381	0.0187889	0.0119766	0.190763	0.000388597	0.0087237
178	0.0279543	0.000709738	0.00825916	0.0109983	0.00401033	0.00457538	0.0155158	0.0247912	0.387169	0.0129938	0.00217063	0.00959466	0.0123517	0.0373112	0.359224	0.0312512	0.0358493	0.0138142	0.000383615	0.00107316
179	0.0216294	0.00109115	0.0577074	0.0841605	0.00172006	0.0370946	0.0131398	0.00246884	0.329122	0.0162454	0.0164311	0.0458915	0.00182488	0.137476	0.176654	0.0285086	0.0106393	0.00225688	0.00111058	0.0148279
180	0.049012	0.0176907	0.000686758	0.0021721	0.036476	0.00078734	0.00309156	0.228314	0.00223763	0.323415	0.0755256	0.0057374	0.00335701	0.00408658	0.0019006	0.0163642	0.0255102	0.189242	0.00258256	0.0118109
181	0.0372224	0.000921489	0.238402	0.321441	0.00384218	0.0271198	0.0217815	0.00893312	0.0486515	0.0373411	0.0141155	0.0535572	0.0206771	0.0386864	0.0221052	0.0566636	0.025026	0.0170682	0.000671528	0.00577271
182	0.0274608	0.00122409	0.276703	0.284584	0.00473655	0.0315988	0.0290556	0.00600723	0.0365172	0.0337417	0.0107049	0.0545725	0.0220038	0.0442651	0.0173403	0.0557661	0.0331982	0.0242489	0.000692849	0.00557919
183	0.0369745	0.0218054	0.000702361	0.00182314	0.0270207	0.000873747	0.00113065	0.235272	0.000994379	0.368441	0.0620639	0.00654249	0.00293084	0.00496671	0.00108365	0.0160527	0.0126893	0.189872	0.000590738	0.00817024
184	0.1715	0.0168389	0.00256376	0.00281042	0.0153915	0.00345514	0.0030781	0.085535	0.0191725	0.00602912	0.0357083	0.0111437	0.00228144	0.0113775	0.0114481	0.0773953	0.0196349	0.483358	0.00124232	0.0200364
185	0.120387	0.00554887	0.0707509	0.0133941	0.00805044	0.0172252	0.0114496	0.195703	0.0173997	0.166634	0.0586886	0.0316895	0.00740116	0.119379	0.0111192	0.0846477	0.016619	0.0309595	0.00314605	0.0098076
186	0.198438	0.0798138	0.000954959	0.00124074	0.038863	0.048381	0.00542794	0.068573	0.00156328	0.0970397	0.0364853	0.00117287	0.00270648	0.00313829	0.00978067	0.0595309	0.0732011	0.261819	0.00893425	0.00293636
187	0.0227429	0.0020164	0.043449	0.0124421	0.00360538	0.0213165	0.00594798	0.264448	0.0174557	0.258391	0.017356	0.0677699	0.00264431	0.0189224	0.0166616	0.0829991	0.0381023	0.0986117	0.00121159	0.00390546
188	0.232497	0.002179	0.00253599	0.0015434	0.0013627	0.130447	0.00139841	0.00243863	0.00193059	0.00425301	0.00156049	0.00294765	0.00261196	0.019747	0.00284254	0.531395	0.05225	0.00351075	0.000529617	0.00201874
189	0.0157718	0.00933766	0.000564234	0.00131249	0.0321869	0.00149921	0.00277049	0.407394	0.00126139	0.245027	0.0447294	0.0020039	0.00341285	0.00243991	0.00110489	0.00601705	0.015288	0.197704	0.00194314	0.00823135
190	0.0207543	0.00586926	0.00895826	0.00950915	0.409966	0.0393086	0.0408273	0.093819	0.0112872	0.0270817	0.0136997	0.159431	0.00678331	0.0133646	0.010777	0.0203543	0.0138048	0.0147503	0.00304386	0.0766104
191	0.0364967	0.0036585	0.017684	0.0280959	0.00948946	0.0146197	0.0156646	0.0245561	0.286165	0.0231097	0.00928231	0.0214753	0.0135341	0.0436877	0.344882	0.0408994	0.0367349	0.018153	0.00208278	0.00972884
192	0.0871694	0.0101301	0.0306098	0.0627721	0.0176263	0.0372651	0.0125298	0.0284346	0.0357825	0.0790126	0.0234402	0.0325349	0.310993	0.0234265	0.0345355	0.0719046	0.0363869	0.0380252	0.0070638	0.0203573
