393	20
1	0.0498508	0.0410387	0.251994	0.12575	0.00649304	0.105457	0.0853121	0.0232146	0.03689	0.0188503	0.00963949	0.0492046	0.00821261	0.0409967	0.0400658	0.0528556	0.0301948	0.0139249	0.00271535	0.00733954
2	0.084246	0.0125136	0.0129018	0.0341274	0.0075211	0.0129818	0.0152278	0.026697	0.0192139	0.0565894	0.0126062	0.0161866	0.464603	0.0343361	0.0394213	0.0536079	0.0498436	0.0405371	0.00156817	0.00527047
3	0.0870792	0.0113337	0.0122046	0.00974911	0.0127759	0.0381827	0.0666743	0.0438488	0.0446321	0.0688474	0.133385	0.0504699	0.00561276	0.146159	0.0501548	0.0563023	0.088329	0.060752	0.00239221	0.011115
4	0.0656782	0.00847071	0.0265021	0.0283996	0.0206889	0.0364927	0.15273	0.0445739	0.0528918	0.0713671	0.0473154	0.031155	0.00697648	0.150173	0.0414866	0.0667627	0.0616957	0.0342142	0.00653544	0.045891
5	0.0300872	0.00719587	0.0084264	0.0351523	0.00260084	0.0208474	0.0196582	0.00814749	0.144806	0.0346253	0.0093099	0.037317	0.00586426	0.0677873	0.480525	0.0379695	0.0241757	0.0115648	0.00840924	0.00552952
6	0.0303752	0.00496275	0.0003479	0.0040892	0.0484292	0.0101507	0.0110088	0.102901	0.000939254	0.523562	0.138169	0.00520831	0.00116689	0.0143572	0.00451987	0.013946	0.0187357	0.0546221	0.000530208	0.0119792
7	0.0366148	0.0081328	0.000317901	0.00709831	0.0585222	0.0066175	0.0113721	0.0931061	0.00178397	0.480589	0.126444	0.00878497	0.00189819	0.0167982	0.00471664	0.0197652	0.0289268	0.0684858	0.00106181	0.0189635
8	0.0319843	0.00454624	0.000434112	0.00462571	0.0465071	0.00866411	0.00974678	0.0904313	0.000625317	0.538929	0.138294	0.00548462	0.00124028	0.014078	0.00350419	0.0140126	0.0197533	0.0558566	0.000361401	0.0109207
9	0.0587967	0.00922315	0.134232	0.234162	0.0050036	0.0271733	0.0266048	0.0059548	0.0928451	0.0255425	0.0114302	0.0570039	0.0150198	0.108185	0.0639161	0.06393	0.0404689	0.00995091	0.0026378	0.00791981
10	0.204282	0.117975	0.00351731	0.00540502	0.00378254	0.0841291	0.00526657	0.0103967	0.00101287	0.0377517	0.0152037	0.0235225	0.000834239	0.00138176	0.0042448	0.160433	0.209836	0.109373	0.000383119	0.00126803
11	0.222592	0.0371507	0.000756887	0.00300571	0.00560343	0.0234218	0.00429235	0.0208861	0.00133296	0.0421403	0.0182013	0.0145331	0.00219981	0.00158233	0.00337707	0.142401	0.342624	0.111932	0.000530511	0.00143668
12	0.0101662	0.00609095	0.00155611	0.00367972	0.313063	0.0209951	0.0210421	0.00909651	0.00264618	0.0420118	0.017219	0.00319205	0.00146524	0.00306883	0.0311072	0.0158387	0.0145735	0.0114356	0.230743	0.241009
13	0.0474811	0.0144487	0.0648262	0.215407	0.0103454	0.0224037	0.129153	0.0156392	0.0612188	0.0317056	0.013714	0.0494102	0.00992403	0.0957984	0.0629178	0.0512363	0.044966	0.0290651	0.00839421	0.0219451
14	0.413749	0.073843	0.00223147	0.00222955	0.00272083	0.130877	0.0027512	0.00684712	0.00114915	0.015915	0.00823757	0.0110818	0.0056083	0.00149538	0.00258588	0.1635	0.0851715	0.0674434	0.000376358	0.00218601
15	0.00458792	0.00167623	0.00084314	0.00165546	0.409585	0.00206176	0.00157815	0.0954917	0.00152216	0.325419	0.0500714	0.00166096	0.000942921	0.00181779	0.00259106	0.00493341	0.00560538	0.0554224	0.0201617	0.0123718
16	0.0614175	0.00760932	0.175962	0.251096	0.00330804	0.0278749	0.0200264	0.00366647	0.074366	0.0215665	0.00791858	0.0629547	0.0200587	0.0857957	0.043736	0.0770343	0.0393099	0.00845247	0.00179677	0.00604985
17	0.513195	0.0171551	0.00063541	0.00148352	0.00369731	0.200439	0.000894295	0.00177638	0.00105138	0.00275129	0.00409784	0.00179429	0.00963765	0.0019922	0.0026595	0.178312	0.0384013	0.0175826	0.00023822	0.00220562
18	0.0497441	0.380324	0.00212543	0.00780124	0.016319	0.0128504	0.00570572	0.0508682	0.00446608	0.0216036	0.00788809	0.00646116	0.00255735	0.00532333	0.00916915	0.0674178	0.0831738	0.260193	0.00172748	0.0042812
19	0.0124579	0.0104769	0.000595293	0.00391672	0.293939	0.00868941	0.0225377	0.0179485	0.000875888	0.0485879	0.00601986	0.000999656	0.000648072	0.00108186	0.0092735	0.00490483	0.00758064	0.0238557	0.0160873	0.509523
20	0.232994	0.0745578	0.000684321	0.00224909	0.00731741	0.020268	0.00417511	0.122666	0.000896104	0.0280329	0.038531	0.0076251	0.000901853	0.00108568	0.00188342	0.104238	0.0635596	0.284194	0.000364613	0.00377564
21	0.100317	0.0032746	0.000414646	0.00417237	0.0117146	0.796029	0.00197029	0.00514659	0.00110914	0.00246181	0.0022226	0.00156195	0.00046486	0.000833969	0.00106788	0.0490415	0.0131922	0.00401899	0.000259983	0.000726354
22	0.204563	0.116596	0.0073055	0.00732605	0.00556226	0.0817669	0.010729	0.0128126	0.00155548	0.0373883	0.020226	0.0300922	0.00125018	0.0020663	0.00318943	0.218638	0.120313	0.11598	0.00050069	0.00214029
23	0.0464072	0.00958505	0.000361265	0.00594047	0.0554572	0.00669014	0.0131485	0.0880468	0.00195685	0.448055	0.129185	0.0123334	0.00134142	0.0254942	0.00545525	0.0232777	0.0331799	0.0736634	0.00088834	0.0195323
24	0.570748	0.0168661	0.000647616	0.00109756	0.00291193	0.109433	0.000786	0.00111934	0.000722081	0.00257621	0.0038268	0.00170893	0.012983	0.00187939	0.00193297	0.209116	0.041063	0.0178959	0.00029474	0.00239041
25	0.122928	0.0137469	0.0284752	0.0195232	0.00548028	0.464653	0.00692966	0.00487467	0.00901859	0.010418	0.00367393	0.111623	0.0114864	0.0140502	0.0146983	0.115301	0.0315143	0.00717805	0.00065217	0.00377428
26	0.0511069	0.016033	0.0139603	0.032021	0.0188422	0.0296331	0.0220425	0.0565422	0.0993214	0.0697336	0.0276218	0.0267897	0.0103609	0.0432636	0.27346	0.0502225	0.0497423	0.0895881	0.00804141	0.0116737
27	0.00858937	0.00336141	0.0001796	0.00038273	0.0204808	0.000565159	0.00031844	0.427899	0.000433025	0.190393	0.0173386	0.000362803	0.000373542	0.000496262	0.0024922	0.00461154	0.00907442	0.306982	0.0011493	0.00451631
28	0.242453	0.0404555	0.00510314	0.00266072	0.00288819	0.109381	0.00194334	0.0105038	0.00167965	0.0123363	0.008592	0.0208718	0.00812358	0.00487146	0.00373242	0.430869	0.0559238	0.0351431	0.00034688	0.00212114
29	0.0188525	0.00711166	0.013818	0.0128386	0.0990038	0.0126497	0.357923	0.0109926	0.0220093	0.0267664	0.00965333	0.136488	0.00335713	0.0243304	0.0239882	0.0323979	0.0366906	0.0123853	0.0409277	0.0978159
30	0.0421443	0.0403052	0.00683035	0.0512702	0.118836	0.0060473	0.0181139	0.148917	0.0107285	0.0814238	0.0687837	0.010896	0.00171764	0.0119066	0.00918862	0.0576287	0.0524313	0.15193	0.00600759	0.104894
31	0.012463	0.0104348	0.00059264	0.00388778	0.29383	0.00874517	0.0224461	0.0179918	0.000873079	0.0489424	0.00614029	0.00099183	0.000643487	0.00109658	0.00925981	0.00491364	0.00751519	0.0240462	0.0159714	0.509214
32	0.0847343	0.0591527	0.109731	0.00406274	0.00405074	0.0648748	0.0189416	0.0085099	0.00357095	0.00771275	0.00522012	0.479369	0.00255407	0.0180638	0.0195615	0.0747063	0.0128511	0.00771077	0.0013021	0.0133197
33	0.00461742	0.00165746	0.000843042	0.00160239	0.409917	0.0020558	0.00158219	0.0956332	0.00151032	0.325429	0.0498468	0.00165192	0.000943922	0.00182631	0.0025749	0.00491677	0.00553722	0.0553678	0.0202094	0.012277
34	0.0233568	0.00318282	0.00374172	0.0356649	0.00110469	0.0171745	0.0174136	0.00502084	0.135908	0.0347183	0.00779565	0.0390841	0.00659335	0.06991	0.533673	0.0315087	0.0144066	0.00698452	0.00875631	0.00400182
35	0.10015	0.00340897	0.00115543	0.00468033	0.0115574	0.790229	0.00210625	0.00510633	0.00153753	0.00256495	0.0022041	0.00240671	0.00062685	0.00123939	0.00174667	0.0505616	0.0134864	0.00422066	0.000260911	0.000750355
36	0.0961409	0.00827168	0.0155523	0.0489845	0.00212028	0.0103031	0.0141127	0.00358793	0.0209978	0.0224925	0.00914398	0.0168099	0.541762	0.0389983	0.0334869	0.0599215	0.0441426	0.0107182	0.000611186	0.00184218
37	0.131674	0.0653394	0.00897155	0.00379927	0.0039387	0.0799833	0.00500288	0.00990976	0.00309253	0.0154776	0.00908324	0.0559346	0.00348595	0.00716625	0.00653633	0.483655	0.0613002	0.0421983	0.000695525	0.00275576
38	0.0531862	0.00831616	0.000907632	0.00132654	0.0710193	0.012397	0.00333884	0.19784	0.00172352	0.236578	0.163619	0.00210224	0.00146066	0.001773	0.00294377	0.00523592	0.0105068	0.211912	0.00261328	0.0111992
39	0.203328	0.0398631	0.00261847	0.00507472	0.00982241	0.0327281	0.0130648	0.0192149	0.0026226	0.0387489	0.0285492	0.0371706	0.0022098	0.00465044	0.00455007	0.207257	0.251783	0.093533	0.000656924	0.00255446
40	0.0346528	0.00418372	0.000237394	0.00138373	0.0247518	0.00384019	0.000655781	0.322199	0.00240723	0.281118	0.0436135	0.00154155	0.00255277	0.00222729	0.00134076	0.00689378	0.0241838	0.234197	0.00174304	0.00627737
41	0.0621639	0.00661375	0.195501	0.257213	0.00292482	0.0209649	0.0171012	0.00201112	0.0753424	0.0185501	0.00807046	0.0687777	0.0086161	0.0959221	0.0535717	0.0626338	0.0324223	0.00616846	0.000578845	0.00485224
42	0.118707	0.0222728	0.00829371	0.0105907	0.0080408	0.0398623	0.00856225	0.0392334	0.0147172	0.0249374	0.015078	0.0231843	0.012917	0.0127427	0.0233928	0.344961	0.203145	0.0603157	0.00172479	0.00732091
43	0.186565	0.00803114	0.00142649	0.00454209	0.0105813	0.655509	0.00229886	0.00586958	0.00176114	0.00422037	0.00387287	0.00333098	0.00460832	0.00201644	0.00186714	0.0750077	0.0190873	0.007965	0.000298247	0.00114074
44	0.0871036	0.450576	0.00998526	0.0094697	0.0204637	0.0358815	0.00921114	0.0283763	0.0096073	0.0243277	0.0114292	0.0243332	0.00540968	0.00921897	0.0115595	0.111688	0.0793925	0.0530087	0.00224205	0.00671561
45	0.270544	0.0180446	0.00657204	0.0050516	0.00443659	0.0807367	0.00362818	0.0105738	0.00293402	0.0120681	0.00955401	0.0178382	0.0205779	0.00694842	0.00468396	0.427199	0.0649753	0.0299801	0.000499934	0.00315378
46	0.18707	0.0130563	0.00670582	0.00228811	0.00161034	0.145788	0.00125902	0.00223037	0.00175987	0.00486135	0.00227079	0.0205631	0.00319927	0.00618935	0.00424206	0.552693	0.0359939	0.0062641	0.000286522	0.00166933
47	0.0654673	0.0105365	0.00836633	0.000802565	0.000815858	0.0953538	0.000903746	0.00159958	0.000838059	0.00445936	0.000838071	0.0298175	0.000824629	0.00629754	0.00320002	0.734838	0.0324999	0.00154279	0.000264445	0.000733989
48	0.041074	0.00538148	0.00073957	0.00460397	0.0453643	0.0160926	0.00956916	0.0868985	0.00123757	0.514116	0.141291	0.00582395	0.00157735	0.0143387	0.00397162	0.025028	0.0202618	0.0522385	0.000484978	0.00990682
49	0.0430166	0.0138702	0.00214743	0.033598	0.0269231	0.00348164	0.00539515	0.171967	0.00455296	0.0665845	0.0313504	0.0172223	0.0039999	0.00371938	0.0220637	0.0296449	0.147354	0.303617	0.00109006	0.0684016
50	0.509936	0.04418	0.00125144	0.00150871	0.00299223	0.128277	0.00155477	0.00342294	0.000966411	0.00745971	0.00575177	0.00580499	0.011141	0.0021044	0.00199472	0.172892	0.0586321	0.0371116	0.000258787	0.00275985
51	0.0193315	0.00399947	0.000144549	0.000282283	0.0364003	0.00111202	0.000447166	0.30746	0.000276183	0.354654	0.0392431	0.000447316	0.0011391	0.000795382	0.000401438	0.00405043	0.0100298	0.207476	0.00312309	0.00918744
52	0.0821566	0.00385933	0.0615522	0.0169712	0.0136018	0.0104783	0.218541	0.0284092	0.0579737	0.0385131	0.0185639	0.0801762	0.00566507	0.0589709	0.0806776	0.0875526	0.0663306	0.0459388	0.002959	0.0211085
53	0.0279964	0.0173374	0.00176762	0.0657513	0.0238824	0.0124886	0.0250179	0.0525125	0.00859383	0.317712	0.0821119	0.0210272	0.00208693	0.161378	0.0220977	0.0345013	0.0608974	0.0415426	0.00208473	0.0192126
54	0.108085	0.00394468	0.000980744	0.00462732	0.0117732	0.778329	0.00210566	0.00530834	0.00136652	0.00276688	0.00237919	0.00244014	0.000917667	0.00116426	0.00148046	0.052122	0.0145149	0.0046357	0.000266385	0.00079157
55	0.2284	0.0981304	0.00129295	0.00323462	0.0153423	0.0267971	0.00390934	0.108378	0.00159276	0.0423086	0.0373355	0.0112416	0.00229625	0.00176646	0.00275067	0.100103	0.0543022	0.250845	0.000760542	0.00921267
56	0.121007	0.0109537	0.060694	0.0400808	0.00120078	0.130317	0.00772087	0.00175421	0.010345	0.030917	0.00546789	0.0842163	0.00504411	0.0205729	0.00701695	0.304256	0.132851	0.0104218	0.000407414	0.0147552
57	0.010817	0.0032549	0.000183238	0.000457883	0.0219603	0.00068807	0.000310334	0.413347	0.000461265	0.212901	0.0206232	0.000540236	0.000597686	0.000724134	0.00241493	0.0044847	0.00997184	0.289748	0.00148107	0.00503336
58	0.0240147	0.0033488	0.00379146	0.0355046	0.00109185	0.0172556	0.0172788	0.00530771	0.136786	0.0349998	0.00802101	0.0391007	0.00658968	0.0705202	0.529925	0.0317735	0.0144552	0.0074877	0.00874342	0.00400443
59	0.121032	0.0107537	0.0600783	0.0392603	0.00126913	0.125539	0.00764272	0.00190801	0.0100583	0.0317506	0.00595491	0.0878749	0.00488761	0.020873	0.00686085	0.305624	0.13352	0.0102665	0.000493804	0.0143525
60	0.0746533	0.00848151	0.0529583	0.0426246	0.00473757	0.164213	0.0512658	0.00507431	0.124564	0.0179985	0.0117463	0.0803589	0.00333155	0.0677453	0.159054	0.0816	0.0323688	0.0129144	0.00109285	0.00321679
61	0.0604858	0.00605516	0.200642	0.25448	0.0030896	0.0220763	0.0168923	0.00184035	0.0737649	0.0192405	0.00729779	0.0676364	0.0105385	0.094517	0.049884	0.0647918	0.0352333	0.00609763	0.000495167	0.00494198
62	0.241021	0.0763052	0.00157362	0.00424478	0.00630562	0.0195471	0.00434315	0.10925	0.000890042	0.0267431	0.032164	0.00711369	0.000742034	0.00126479	0.00172848	0.119971	0.063781	0.279274	0.000395736	0.00334273
63	0.0890852	0.0356416	0.0120213	0.00874791	0.0162986	0.0485266	0.034932	0.00829972	0.0396255	0.0118903	0.00947903	0.242244	0.00122789	0.0757818	0.0577284	0.24335	0.0286169	0.0165941	0.00562062	0.0142889
64	0.0321393	0.00511737	0.000291266	0.00393403	0.0507095	0.00796045	0.00970271	0.0933566	0.000594803	0.531458	0.132261	0.00602704	0.001262	0.0130302	0.00350883	0.0144194	0.0213275	0.0596497	0.000418851	0.0128322
65	0.0374333	0.0223537	0.000702791	0.0128373	0.0859215	0.00958981	0.0183623	0.154415	0.00736974	0.309425	0.0941166	0.00888761	0.00280531	0.010219	0.0112834	0.0240895	0.0265654	0.105823	0.0104421	0.0473569
66	0.0295671	0.0124283	0.000430364	0.0138168	0.0858837	0.00495949	0.0103855	0.110378	0.00400309	0.419604	0.119193	0.00950436	0.00131265	0.012116	0.00600056	0.028567	0.0313969	0.068447	0.00246853	0.0295379
67	0.121007	0.0109537	0.060694	0.0400808	0.00120078	0.130317	0.00772087	0.00175421	0.010345	0.030917	0.00546789	0.0842163	0.00504411	0.0205729	0.00701695	0.304256	0.132851	0.0104218	0.000407414	0.0147552
68	0.156926	0.015558	0.00285884	0.0094452	0.0328496	0.0468245	0.0173373	0.074628	0.00647734	0.15264	0.0351007	0.0105328	0.0890458	0.00975142	0.0169349	0.112011	0.0765399	0.118702	0.00653029	0.00930538
69	0.122118	0.0202401	0.00140242	0.00677506	0.00808028	0.0146899	0.0245205	0.0381447	0.00516257	0.241246	0.155024	0.0360844	0.00137925	0.107965	0.0201818	0.0647433	0.0569235	0.0689512	0.000772674	0.0055952
70	0.0621352	0.00806092	0.039902	0.0248687	0.00743632	0.161117	0.0755195	0.00765324	0.118293	0.0133488	0.0145638	0.106585	0.00373793	0.0665177	0.115539	0.110793	0.0390452	0.0165656	0.00134628	0.00697224
71	0.053472	0.00875126	0.000968017	0.00149805	0.0699711	0.0137854	0.00410805	0.196557	0.00191784	0.232531	0.172073	0.00230076	0.00137889	0.00204845	0.00351071	0.00591936	0.0110898	0.204085	0.00230926	0.011724
72	0.0339257	0.00968243	0.000288172	0.00597658	0.0688811	0.0057784	0.0113754	0.100526	0.00156695	0.464689	0.123165	0.00930009	0.00178603	0.011955	0.0049061	0.0194901	0.0275303	0.0716605	0.00196538	0.0255516
73	0.0602815	0.0110509	0.00877841	0.000755648	0.000776524	0.084663	0.000802549	0.00137178	0.000830649	0.00422337	0.000761812	0.0339672	0.000791283	0.00585578	0.00309473	0.749414	0.0301549	0.00154649	0.000265836	0.000613748
74	0.0871396	0.00813518	0.0175232	0.0439026	0.00201984	0.0105739	0.0144085	0.00280445	0.0240607	0.0258838	0.0072308	0.0168105	0.551258	0.0361926	0.0367798	0.0566658	0.0463192	0.0101056	0.000575743	0.00161008
75	0.0585703	0.00322614	0.195656	0.193085	0.00210815	0.0361349	0.0118241	0.0016826	0.0938532	0.0249152	0.00386254	0.0629136	0.0470056	0.0837038	0.026101	0.0940684	0.0535454	0.00399008	0.000422861	0.00333177
76	0.100317	0.0032746	0.000414646	0.00417237	0.0117146	0.796029	0.00197029	0.00514659	0.00110914	0.00246181	0.0022226	0.00156195	0.00046486	0.000833969	0.00106788	0.0490415	0.0131922	0.00401899	0.000259983	0.000726354
77	0.0446856	0.0233026	0.00557084	0.0158666	0.00378356	0.00646484	0.0190383	0.0342055	0.250153	0.0577466	0.0230268	0.0136545	0.00230517	0.0699861	0.255014	0.0606959	0.0460165	0.0470471	0.0112318	0.0102047
78	0.0641709	0.602325	0.00191227	0.0035578	0.0252196	0.0196956	0.00404507	0.0116682	0.00357616	0.00767393	0.00432665	0.00458919	0.00227368	0.00396322	0.00473423	0.125064	0.0771575	0.0286424	0.00169988	0.00370435
79	0.0262127	0.00371483	0.0091249	0.0172432	0.100292	0.00568908	0.214839	0.0243659	0.0981801	0.092088	0.0241042	0.00745886	0.00226314	0.0417104	0.0775018	0.0224358	0.00836661	0.00675328	0.0383595	0.179297
80	0.267454	0.00727342	0.00104401	0.00212928	0.00206555	0.0172532	0.00195818	0.00301935	0.00183777	0.00357996	0.0219674	0.00207406	0.145743	0.00812878	0.00910024	0.344916	0.139299	0.0189014	0.000659352	0.00159565
81	0.00938222	0.00417379	0.00198185	0.00325831	0.309797	0.0280318	0.0113962	0.0063881	0.00319754	0.045357	0.0240103	0.00397421	0.0020233	0.00360157	0.0358524	0.021362	0.0191782	0.00721202	0.33546	0.124362
82	0.115163	0.010657	0.0733201	0.0517758	0.00202692	0.129287	0.00964029	0.00317773	0.0155086	0.0289885	0.00537802	0.0785848	0.00819225	0.0236902	0.0101639	0.297615	0.112529	0.0113475	0.000466616	0.0124871
83	0.219236	0.0057117	0.020165	0.169133	0.00490661	0.00857309	0.0765871	0.0303505	0.0437422	0.0104339	0.00715057	0.0211853	0.0146579	0.0614812	0.0310006	0.206984	0.0289898	0.0340256	0.0013417	0.00434377
84	0.101543	0.00387324	0.00208247	0.00530246	0.0112412	0.767641	0.00273906	0.00577041	0.0023784	0.00388682	0.00306208	0.0046858	0.000917161	0.00181247	0.00247456	0.0583095	0.015672	0.00514511	0.000270054	0.00119383
85	0.0124579	0.0104769	0.000595293	0.00391672	0.293939	0.00868941	0.0225377	0.0179485	0.000875888	0.0485879	0.00601986	0.000999656	0.000648072	0.00108186	0.0092735	0.00490483	0.00758064	0.0238557	0.0160873	0.509523
86	0.287239	0.0630721	0.000904653	0.00388903	0.0120585	0.142001	0.00165795	0.0914568	0.00174775	0.0492463	0.0467742	0.00444932	0.00195544	0.00547124	0.00214312	0.137903	0.0304936	0.112987	0.000486226	0.0040636
87	0.0363043	0.0219973	0.0069909	0.0246824	0.00541656	0.0118734	0.0167454	0.0206237	0.2082	0.0487615	0.0210153	0.0198768	0.00388305	0.0615484	0.354182	0.0453064	0.0365768	0.0317509	0.016204	0.00806129
88	0.34531	0.00904071	0.000637843	0.00250112	0.00662726	0.431843	0.00128301	0.00269426	0.00141136	0.00238826	0.00324538	0.00158534	0.00630644	0.00185397	0.00292611	0.141993	0.0263762	0.0100471	0.000260802	0.00166822
89	0.0624931	0.00753711	0.197546	0.257453	0.00310069	0.0271	0.0186298	0.00279647	0.0722135	0.0193372	0.00752522	0.0627932	0.0138942	0.0887093	0.0487066	0.0644136	0.0338586	0.00649279	0.000709991	0.00468894
90	0.0593741	0.00482605	0.0426166	0.0194308	0.00967186	0.0131758	0.096706	0.024333	0.111829	0.0229522	0.0326589	0.0832085	0.0393783	0.0449219	0.107746	0.1237	0.0802139	0.0741321	0.00136122	0.00776458
91	0.0047274	0.00264841	0.000224686	0.000627966	0.013262	0.000683662	0.000434203	0.469793	0.000566028	0.0918019	0.00879998	0.000550874	0.000246661	0.000486265	0.00375123	0.00534493	0.00982121	0.383861	0.000332538	0.00203622
92	0.0320754	0.00528071	0.0230184	0.0420785	0.0816863	0.00752106	0.195266	0.0266479	0.0675295	0.0929545	0.0197041	0.0102141	0.00389074	0.0513221	0.0668692	0.0286468	0.0138353	0.0112771	0.0354086	0.184774
93	0.514684	0.0406906	0.00162015	0.00169932	0.00352037	0.123781	0.00140738	0.00347657	0.0012037	0.00649879	0.00556822	0.00471033	0.0105788	0.00232897	0.00277814	0.190856	0.0484109	0.0299304	0.000447602	0.00580836
94	0.00492309	0.00265349	0.000207382	0.000496762	0.0133792	0.000731901	0.000445506	0.472038	0.000591624	0.0935221	0.00888291	0.000485156	0.000261018	0.000511741	0.00377705	0.00540547	0.0100191	0.379316	0.000335163	0.00201778
95	0.0269633	0.00743045	0.000294554	0.00402535	0.0719602	0.00449114	0.00754722	0.165133	0.00114393	0.430336	0.0966843	0.00603389	0.00167657	0.00743284	0.00359714	0.0141813	0.0200345	0.105309	0.00294154	0.0227837
96	0.191246	0.0176473	0.00275623	0.00475219	0.0743834	0.0537891	0.0129869	0.042203	0.00887804	0.0956732	0.0348097	0.0337593	0.0105336	0.0125527	0.00890913	0.164293	0.120647	0.087301	0.00237758	0.0205015
97	0.124755	0.0203995	0.00155264	0.00633829	0.00803058	0.0143996	0.0251455	0.0353474	0.00509385	0.23636	0.150813	0.0374677	0.00147714	0.10775	0.0202846	0.0692527	0.060028	0.069288	0.000787014	0.00542943
98	0.0969555	0.00966512	0.0144127	0.0375464	0.00365735	0.0187529	0.0137589	0.0157162	0.0199842	0.029092	0.00964464	0.0158707	0.503117	0.0352126	0.0326234	0.0658202	0.0484204	0.0253077	0.000995558	0.00344623
99	0.0600152	0.0110938	0.00892261	0.000762984	0.000790008	0.0840489	0.000803408	0.00140206	0.000849914	0.00435738	0.000768769	0.0344657	0.000841823	0.00591329	0.00316596	0.749015	0.0303418	0.00156138	0.000265503	0.000614295
100	0.32605	0.013658	0.00640551	0.00411282	0.00297505	0.139011	0.00200058	0.00212696	0.00425493	0.00585172	0.00384378	0.0160099	0.00902506	0.0118807	0.0122759	0.388734	0.0378582	0.010146	0.00062874	0.00315071
101	0.0809383	0.0159444	0.0483299	0.080204	0.0138666	0.0449264	0.0362044	0.0278958	0.0638252	0.0641505	0.0280541	0.046202	0.0210837	0.149785	0.0870132	0.0807624	0.0511152	0.034975	0.00474751	0.0199767
102	0.265505	0.0203729	0.00436357	0.161613	0.0202713	0.0206553	0.0103894	0.0256776	0.0263324	0.00966251	0.0054173	0.00622956	0.0047195	0.0890934	0.0555202	0.0965497	0.0913159	0.0644734	0.00179403	0.0200442
103	0.063761	0.00656384	0.199619	0.256385	0.00288083	0.0215667	0.016547	0.00180798	0.0728004	0.018369	0.00760828	0.0683486	0.00807112	0.0947115	0.0535585	0.0635578	0.0326432	0.00616556	0.000463024	0.00457198
104	0.143591	0.0369195	0.00174229	0.00437964	0.0233333	0.0211062	0.0134028	0.0648319	0.00262973	0.2358	0.112308	0.0271144	0.00275175	0.0402457	0.00991164	0.0860924	0.0524137	0.111287	0.00110119	0.00903925
105	0.0513728	0.00928959	0.000723736	0.00284904	0.0622404	0.0109324	0.00643746	0.190707	0.00231643	0.283467	0.148299	0.00394413	0.00181877	0.00496535	0.00442212	0.0101436	0.0169094	0.168466	0.00250389	0.018192
106	0.0233305	0.00317055	0.00373678	0.0356953	0.00109841	0.0171601	0.017406	0.00502845	0.135875	0.0349049	0.00781811	0.0391111	0.00661351	0.0699339	0.533464	0.0314834	0.0143961	0.00700006	0.00876068	0.00401279
107	0.0592162	0.0203426	0.22267	0.148595	0.00840179	0.0586733	0.0456845	0.0132856	0.0552906	0.0237825	0.0110363	0.0695224	0.0153949	0.0611572	0.0432918	0.0738519	0.0406643	0.0141709	0.00575303	0.00921494
108	0.184205	0.0112142	0.00581355	0.0107068	0.00552555	0.017204	0.00770825	0.0191297	0.0137597	0.0180688	0.0167402	0.00937449	0.17581	0.0144528	0.0209918	0.257833	0.150463	0.0537566	0.00137901	0.00586324
109	0.0437319	0.0281659	0.000772854	0.00980558	0.00494843	0.00350984	0.0105549	0.22341	0.00521815	0.140969	0.0137542	0.00728974	0.0035149	0.00744015	0.0281624	0.0114382	0.135661	0.315013	0.00047847	0.00616052
110	0.0596023	0.00868742	0.180078	0.263476	0.00386532	0.0269152	0.0226598	0.00479476	0.071725	0.0217417	0.00880296	0.060399	0.0161424	0.089785	0.0457814	0.0632029	0.0348793	0.00880019	0.00205926	0.00660221
111	0.0633568	0.0282923	0.00070132	0.0117934	0.00485021	0.00259534	0.00994068	0.165394	0.00496496	0.11843	0.0102907	0.00774257	0.00419148	0.00470884	0.0243827	0.0162752	0.179595	0.333434	0.000470488	0.00859048
112	0.109596	0.0120798	0.0682432	0.0700914	0.0046929	0.103156	0.0262334	0.00430493	0.120386	0.025178	0.00972722	0.0510578	0.00243441	0.0741199	0.191511	0.0777581	0.032765	0.0146684	0.00111057	0.000887042
113	0.575681	0.0203666	0.000541245	0.000923713	0.00282456	0.120836	0.000621176	0.00101642	0.000572552	0.00249975	0.00390295	0.00185877	0.011745	0.00173576	0.00178115	0.185422	0.043853	0.021213	0.000249467	0.0023557
114	0.0988246	0.00376345	0.00167833	0.00518029	0.0116159	0.777506	0.00362296	0.00552506	0.00321412	0.00333248	0.00284712	0.00330521	0.00056089	0.0022418	0.0035491	0.0527612	0.0142584	0.00453439	0.000304375	0.00137388
115	0.113965	0.0111421	0.00689923	0.00088163	0.00100437	0.0820807	0.000964045	0.00159827	0.000890086	0.00403341	0.00173675	0.0279736	0.00704864	0.00566401	0.00293821	0.690517	0.0356743	0.00384775	0.000286234	0.000854861
116	0.00577696	0.00268022	0.000206384	0.000459208	0.01507	0.00070436	0.00041045	0.462956	0.000510303	0.112721	0.0108113	0.000465756	0.000283761	0.000484357	0.00343676	0.00525848	0.00982135	0.365008	0.000474357	0.00246134
117	0.0572213	0.0177561	0.0382743	0.0620826	0.0163486	0.0370074	0.0366567	0.0246257	0.192988	0.0449738	0.0222287	0.0377761	0.014018	0.066018	0.152465	0.0681216	0.0491153	0.036061	0.00860495	0.0176573
118	0.270764	0.00717906	0.00102983	0.0020889	0.0020538	0.0181257	0.00195873	0.00302862	0.00186266	0.00357307	0.0212299	0.00206717	0.142634	0.00802225	0.00905684	0.345543	0.138754	0.0187853	0.00065725	0.00158606
119	0.11285	0.0197506	0.00842006	0.00787236	0.0204373	0.0250762	0.0305037	0.0432831	0.016986	0.135689	0.0919294	0.102568	0.00427105	0.0779194	0.0270783	0.119634	0.0705369	0.0729693	0.00220227	0.0100224
120	0.137763	0.0437114	0.00214785	0.00417732	0.0066759	0.043926	0.00532707	0.0151907	0.00263194	0.145564	0.0270297	0.013846	0.00218352	0.00333687	0.00586346	0.161885	0.314269	0.0598828	0.00111179	0.00347715
121	0.0604348	0.0104236	0.133736	0.262909	0.00583878	0.0244972	0.0301008	0.0070187	0.0733012	0.0272707	0.0126594	0.0555611	0.0144019	0.102944	0.059554	0.0599881	0.0337785	0.0124111	0.00339834	0.00977293
122	0.318996	0.0340045	0.00941406	0.0116206	0.0107491	0.195703	0.00656705	0.00791949	0.0257835	0.00508805	0.00843461	0.027368	0.158259	0.0333869	0.00370979	0.0961137	0.0366399	0.00662172	0.000804439	0.00281715
123	0.371616	0.0922859	0.00272091	0.00268016	0.00259844	0.119319	0.00349978	0.00352728	0.000877614	0.0168742	0.00771107	0.0160221	0.0044503	0.00113888	0.00203616	0.163794	0.104428	0.0822779	0.000325953	0.00181634
124	0.564906	0.0165608	0.000605442	0.00115226	0.00281967	0.106813	0.000862191	0.00120828	0.000757633	0.00257829	0.00412315	0.00167817	0.0146838	0.00200381	0.00197873	0.213985	0.0425062	0.0182623	0.00031541	0.00220051
125	0.120337	0.00458442	0.000980188	0.00476022	0.0114978	0.754298	0.00243132	0.00614354	0.00166889	0.00357397	0.00298743	0.00259789	0.00269929	0.00256965	0.0016892	0.0556275	0.0150077	0.0052994	0.000293586	0.00095393
126	0.0183969	0.00356469	0.000141832	0.000264551	0.0338707	0.000735589	0.000228407	0.312127	0.000255668	0.357976	0.039082	0.000426703	0.00102013	0.000772439	0.000306634	0.00395938	0.010209	0.205703	0.0027541	0.00820517
127	0.245286	0.0195685	0.00228815	0.00519883	0.0335935	0.0278261	0.00599368	0.0870974	0.0045158	0.0797711	0.0208605	0.00824252	0.0464537	0.00513069	0.0105009	0.116604	0.144233	0.128102	0.00225066	0.0064826
128	0.0756178	0.0108696	0.00852962	0.00168651	0.000916374	0.106721	0.00118703	0.00185492	0.00132193	0.00498725	0.00118334	0.0290623	0.000987691	0.00874264	0.00419255	0.706579	0.0320454	0.00202343	0.000313907	0.00117843
129	0.0183969	0.00356469	0.000141832	0.000264551	0.0338707	0.000735589	0.000228407	0.312127	0.000255668	0.357976	0.039082	0.000426703	0.00102013	0.000772439	0.000306634	0.00395938	0.010209	0.205703	0.0027541	0.00820517
130	0.0194044	0.00361302	0.000150274	0.0003538	0.0330298	0.000877786	0.000251549	0.315001	0.000356031	0.353068	0.039638	0.000505904	0.00102574	0.00089818	0.000440241	0.0038869	0.0109169	0.205814	0.00269449	0.00807445
131	0.0612115	0.0208659	0.0161589	0.0250184	0.0143916	0.0263228	0.026194	0.0520109	0.206405	0.0567886	0.0307089	0.0251052	0.00950256	0.0537739	0.124337	0.0665205	0.0589302	0.10397	0.00844071	0.0133441
132	0.208264	0.0776736	0.00230805	0.00353186	0.00468457	0.0726041	0.00537699	0.0123064	0.00180976	0.0321926	0.015753	0.0209892	0.00107454	0.00166859	0.00364783	0.184102	0.232695	0.117236	0.000475848	0.00160546
133	0.235396	0.074053	0.000632848	0.00210227	0.00718281	0.0206308	0.00399541	0.121933	0.00085023	0.027361	0.0379028	0.00738234	0.000765667	0.00105431	0.00181058	0.104249	0.0626329	0.285952	0.000383572	0.00372935
134	0.0324638	0.00458967	0.000323426	0.00409402	0.0465067	0.0084313	0.0102265	0.0891798	0.000749819	0.540821	0.13496	0.00569927	0.00121715	0.0157032	0.00364407	0.0142301	0.0204585	0.055306	0.000350854	0.0110447
135	0.250443	0.0722131	0.00102595	0.00321908	0.0115987	0.0549959	0.00307542	0.10124	0.00201239	0.0364794	0.0753552	0.00744488	0.0018558	0.00351475	0.00252288	0.150743	0.049929	0.167209	0.000540168	0.00458298
136	0.0203637	0.00422554	0.000176147	0.000557332	0.0371443	0.00125965	0.0011011	0.294367	0.000358865	0.359386	0.0467966	0.00117193	0.00131447	0.00129592	0.000742607	0.00494319	0.0120921	0.198729	0.00304329	0.0109315
137	0.0531931	0.0138645	0.0839371	0.229154	0.00577701	0.0212096	0.0485859	0.00709085	0.128696	0.0222239	0.0180288	0.0629434	0.0042372	0.109538	0.0930926	0.0474195	0.0254108	0.0111023	0.00476973	0.00972602
138	0.046	0.00620083	0.0155925	0.026534	0.00825884	0.0172272	0.21411	0.00857278	0.0983637	0.00771727	0.00532161	0.2301	0.00295704	0.0357864	0.0902695	0.0865652	0.0559829	0.0134637	0.00377706	0.0271998
139	0.108313	0.0115152	0.0635619	0.0626943	0.00460475	0.117932	0.0256984	0.0043389	0.120239	0.0248059	0.00963165	0.0504688	0.00252372	0.0742495	0.190446	0.0801255	0.0323761	0.0143805	0.00113698	0.000957571
140	0.020622	0.0273377	0.00116901	0.0626797	0.0804851	0.00438312	0.0125187	0.137358	0.0278713	0.197135	0.0899477	0.00538821	0.00108711	0.0355618	0.0165509	0.0507857	0.0524147	0.105329	0.0122975	0.0590773
141	0.0223525	0.00465119	0.000200153	0.000402676	0.0391344	0.00188709	0.00102433	0.300648	0.000463531	0.343621	0.0483003	0.000738119	0.00125148	0.000957906	0.000762039	0.00432272	0.0102682	0.204987	0.00326315	0.0107646
142	0.064588	0.0140733	0.000829582	0.00516987	0.0179549	0.0119854	0.00314074	0.207561	0.00369178	0.145009	0.0236603	0.00580664	0.0894015	0.00913843	0.00730787	0.0221747	0.0649998	0.296457	0.000754921	0.00629503
143	0.280043	0.0319162	0.0115361	0.0139546	0.0124452	0.208527	0.00766593	0.00887736	0.0323439	0.00631867	0.00887005	0.0289409	0.178015	0.0415748	0.00475007	0.0789409	0.0355426	0.00571618	0.0009605	0.00306141
144	0.284051	0.0637396	0.000915269	0.00397953	0.0122732	0.143079	0.0016638	0.0919412	0.00177116	0.0498918	0.0482064	0.00446939	0.00185823	0.00580541	0.00231017	0.138647	0.0298669	0.110838	0.000479121	0.0042144
145	0.00474347	0.00257964	0.000204509	0.000488712	0.0133724	0.000672425	0.000428987	0.473325	0.000553698	0.0926007	0.00874365	0.000463812	0.000224229	0.000479006	0.00369775	0.00533889	0.00959322	0.380148	0.000330794	0.00201099
146	0.0616457	0.0111561	0.00921564	0.00113721	0.00107146	0.0839003	0.000955674	0.0017684	0.00113497	0.00474201	0.00111487	0.0349507	0.000904922	0.00620571	0.00341394	0.741185	0.0320707	0.00226826	0.000293397	0.000864788
147	0.0817464	0.0340995	0.0208933	0.00679316	0.00365407	0.0970771	0.00980521	0.00345505	0.00806131	0.00809533	0.00336658	0.175948	0.00183281	0.0209871	0.0208193	0.459506	0.0310389	0.00547523	0.00161442	0.00573168
148	0.0138325	0.00943635	0.00114501	0.00518609	0.30427	0.0110441	0.0218094	0.0197001	0.00199031	0.0570032	0.0119578	0.00227943	0.000956191	0.00206189	0.0129436	0.0146324	0.0106704	0.0254248	0.0536981	0.419959
149	0.0787803	0.0122756	0.0107101	0.00372632	0.00162806	0.145988	0.00163548	0.00276057	0.00313131	0.00751249	0.00210245	0.0307544	0.00309218	0.00772919	0.00559137	0.628227	0.0464529	0.00576511	0.000297937	0.00183957
150	0.104087	0.00359156	0.00100437	0.00461857	0.011711	0.773957	0.00223884	0.0067283	0.00198047	0.00355335	0.00296247	0.00303037	0.000683523	0.00140876	0.00307267	0.0535251	0.0144295	0.00602988	0.00052842	0.000858836
151	0.338726	0.00806111	0.00120857	0.00219017	0.00279194	0.026957	0.00223237	0.00598292	0.00221646	0.00850688	0.0135928	0.00352093	0.0635359	0.00470877	0.00540039	0.329326	0.157004	0.0212659	0.000943241	0.00182786
152	0.0791426	0.0305931	0.0328689	0.0194446	0.0201845	0.0407538	0.0443351	0.0905174	0.0194497	0.0700259	0.0298715	0.22446	0.00814704	0.0325785	0.0314948	0.0705216	0.0534072	0.0753346	0.00485906	0.0220098
153	0.271232	0.106701	0.00314386	0.00397929	0.00365933	0.118265	0.00424759	0.0247536	0.00115908	0.026163	0.0163858	0.0159263	0.00180187	0.00184841	0.00249898	0.15983	0.106769	0.129372	0.000373762	0.00188892
154	0.0506119	0.0108672	0.000517282	0.00247263	0.0232913	0.00908031	0.00246011	0.249663	0.00306863	0.202385	0.0306609	0.00619655	0.0398344	0.00407565	0.00436525	0.0179262	0.0501416	0.28248	0.00148365	0.00841811
155	0.035214	0.013984	0.000557333	0.000781346	0.0722638	0.00854752	0.00874429	0.25469	0.00237571	0.306228	0.0396868	0.00249287	0.00397383	0.00129781	0.00523239	0.00659503	0.00865556	0.182188	0.0129176	0.0335746
156	0.0796185	0.0278926	0.00190601	0.00532409	0.025694	0.0207166	0.00492843	0.145978	0.00386046	0.154752	0.0276334	0.00538203	0.118217	0.00762647	0.0204294	0.0368963	0.101569	0.204351	0.0021157	0.00510927
157	0.00461742	0.00165746	0.000843042	0.00160239	0.409917	0.0020558	0.00158219	0.0956332	0.00151032	0.325429	0.0498468	0.00165192	0.000943922	0.00182631	0.0025749	0.00491677	0.00553722	0.0553678	0.0202094	0.012277
158	0.155096	0.029139	0.00886076	0.0084275	0.0095589	0.037598	0.0106488	0.0215657	0.00962764	0.0442587	0.0398705	0.0236203	0.019517	0.00809392	0.0137611	0.229122	0.255939	0.0668682	0.00148887	0.00693857
159	0.579197	0.0185334	0.000606123	0.000964341	0.00305023	0.11801	0.000653091	0.0010396	0.000585229	0.00245437	0.00402695	0.00174358	0.011799	0.00182334	0.00184494	0.188914	0.0428994	0.0192118	0.000271536	0.00237161
160	0.0872905	0.0188043	0.0077471	0.0128087	0.0249425	0.0388855	0.0982198	0.0127238	0.0824817	0.00997053	0.00885787	0.204371	0.0019112	0.0641534	0.0752896	0.163502	0.0377274	0.0231562	0.00363923	0.0235182
161	0.102349	0.00617413	0.000682559	0.00517177	0.0185676	0.76695	0.00224877	0.00738641	0.00167015	0.00425876	0.00398209	0.00210557	0.00193903	0.00138671	0.00163851	0.0506871	0.0137778	0.00729097	0.00044797	0.00128497
162	0.0482289	0.0230493	0.0088945	0.0159141	0.0110998	0.0039826	0.0108507	0.0392067	0.241384	0.0861545	0.0492541	0.00656844	0.00132503	0.0542619	0.209101	0.0572233	0.0470648	0.0606083	0.0184651	0.00736353
163	0.0625293	0.00618919	0.175188	0.251421	0.00281374	0.031196	0.0198368	0.00269316	0.0775333	0.0198632	0.0089457	0.0624302	0.0163595	0.100598	0.0470168	0.068809	0.0341736	0.00633423	0.00123002	0.00483874
164	0.138046	0.0219907	0.0021692	0.0064363	0.0335024	0.0289134	0.010022	0.121948	0.00485218	0.242906	0.066155	0.0097196	0.0108023	0.0145312	0.00899305	0.058732	0.054297	0.151547	0.00289799	0.0115396
165	0.0336931	0.0112255	0.000351074	0.00676795	0.068586	0.00668555	0.0123112	0.112241	0.00224569	0.440739	0.125292	0.00884388	0.00159322	0.0114977	0.00622369	0.0205254	0.0264211	0.0748957	0.00224296	0.0276178
166	0.0564553	0.00227616	0.176651	0.171468	0.00203205	0.0438426	0.00905722	0.00209642	0.106677	0.0288285	0.00291392	0.062714	0.0714129	0.0748448	0.0177417	0.103153	0.0606116	0.00366981	0.000470436	0.00308373
167	0.00919985	0.00419031	0.00200301	0.00328642	0.310155	0.0284217	0.0118686	0.0052387	0.00323241	0.0413224	0.0230189	0.00387955	0.00200715	0.0035831	0.0362625	0.021674	0.0192499	0.00656443	0.337964	0.126877
168	0.0559971	0.0213101	0.0823976	0.0165571	0.00322264	0.073397	0.00546804	0.00579116	0.00707896	0.0319956	0.00595044	0.0638123	0.0167224	0.0114563	0.0187253	0.386256	0.173925	0.0104824	0.0014305	0.00802427
169	0.0657556	0.00975652	0.000283994	0.00142246	0.0259184	0.0130497	0.00175981	0.272167	0.00440715	0.162124	0.0418483	0.00372185	0.0106244	0.00147418	0.0023316	0.024325	0.0471915	0.302918	0.000977568	0.00794371
170	0.0200984	0.0272359	0.001202	0.0641653	0.0796522	0.00444947	0.0122097	0.137544	0.0289189	0.195655	0.0893323	0.00519532	0.00110896	0.0355069	0.0170299	0.0507233	0.0523239	0.105775	0.0124982	0.0593752
171	0.201823	0.0692782	0.00229555	0.0046434	0.011819	0.0429218	0.00699371	0.026263	0.00166275	0.0438788	0.0239374	0.0210885	0.00154043	0.00200491	0.00344161	0.188933	0.232794	0.11178	0.000459143	0.00244265
172	0.125	0.0280087	0.000296065	0.00159844	0.0219496	0.0224015	0.00240479	0.220929	0.00359096	0.0933899	0.0372866	0.0052447	0.00964309	0.00104921	0.00313339	0.0540806	0.058535	0.303683	0.000174499	0.00760004
173	0.0183969	0.00356469	0.000141832	0.000264551	0.0338707	0.000735589	0.000228407	0.312127	0.000255668	0.357976	0.039082	0.000426703	0.00102013	0.000772439	0.000306634	0.00395938	0.010209	0.205703	0.0027541	0.00820517
174	0.0773957	0.0191423	0.0384646	0.039663	0.0146214	0.0537409	0.0625657	0.0130421	0.0484296	0.0215125	0.0152631	0.16162	0.00777394	0.0829579	0.054001	0.170539	0.0736953	0.0247668	0.00399288	0.0168132
175	0.00573701	0.00259691	0.000209297	0.000547115	0.0132532	0.000776911	0.000449902	0.470418	0.000680472	0.0953844	0.00957799	0.000491884	0.000258805	0.000561544	0.00364282	0.00526204	0.0100697	0.377706	0.000341932	0.00203446
176	0.291032	0.0655115	0.000885076	0.0036284	0.0119729	0.127194	0.00159171	0.0912922	0.00162541	0.0482788	0.0499137	0.00485277	0.00197514	0.00522083	0.00198455	0.140862	0.0324037	0.115146	0.000454969	0.00417467
177	0.0337256	0.00626318	0.000389631	0.00771693	0.0455757	0.00767059	0.0102436	0.10408	0.00194028	0.497625	0.126015	0.00676151	0.00129026	0.0224795	0.00481075	0.0161712	0.026255	0.0668276	0.0009407	0.0132179
178	0.0638342	0.0131302	0.000484996	0.0025364	0.0427049	0.0161067	0.00463963	0.245809	0.00440225	0.171306	0.0425508	0.00427189	0.00983199	0.0018053	0.00468815	0.0287614	0.0478062	0.274945	0.0027437	0.0176428
179	0.0624066	0.00911472	0.174547	0.267901	0.00339667	0.0189159	0.0228016	0.00284964	0.0766067	0.0186792	0.0104596	0.0670045	0.00551092	0.0983552	0.0598849	0.0576039	0.0297494	0.00690953	0.00151301	0.00579027
180	0.0323403	0.00729061	0.000324564	0.00651333	0.0582367	0.00691535	0.0107402	0.0970717	0.00146657	0.500138	0.128613	0.00716186	0.0012699	0.0135817	0.00418901	0.0175361	0.0246662	0.063407	0.00106911	0.0174691
181	0.029797	0.0105264	0.000514313	0.00814114	0.118785	0.00593198	0.00955255	0.114757	0.00251457	0.402165	0.114503	0.00750861	0.00160634	0.00951936	0.00561999	0.0195995	0.025696	0.0790245	0.00445468	0.0297832
182	0.101908	0.0046784	0.00263641	0.0055277	0.0108079	0.745377	0.00300204	0.00575635	0.0033508	0.00480578	0.00286054	0.00778954	0.00164245	0.00227199	0.0038056	0.0688463	0.017443	0.00577139	0.000392884	0.00132602
183	0.041695	0.0154733	0.0347147	0.0279555	0.0351759	0.0294688	0.291374	0.0189897	0.0337087	0.0384167	0.0164552	0.11546	0.00744572	0.0433517	0.0445638	0.058099	0.0567525	0.0235687	0.0160223	0.0513092
184	0.0846474	0.0136277	0.0107644	0.00413111	0.00193774	0.0830213	0.00368554	0.00403335	0.00306793	0.00664502	0.0037183	0.0331659	0.00845726	0.00830073	0.00545577	0.674328	0.0412712	0.0073346	0.000490043	0.00191679
185	0.0570591	0.0154091	0.00133432	0.0116698	0.098989	0.0149925	0.00921651	0.171808	0.00717697	0.24833	0.0614426	0.0068759	0.0086118	0.0097854	0.00829468	0.0460823	0.0391172	0.152653	0.00586032	0.0252918
186	0.100933	0.00432084	0.00109196	0.00471985	0.0115456	0.779572	0.00212839	0.00622669	0.00192783	0.00342774	0.00280667	0.00307021	0.000802189	0.00153784	0.00183218	0.0521144	0.0151829	0.00534736	0.000401542	0.00101102
187	0.0652562	0.01294	0.105046	0.276511	0.00941681	0.0280555	0.0338902	0.0134355	0.0666829	0.0285292	0.0159985	0.047472	0.018196	0.0857187	0.054036	0.0667038	0.0360581	0.0194286	0.00492562	0.0116993
188	0.00676463	0.00270767	0.000205971	0.000513007	0.0140903	0.000992406	0.000431798	0.463871	0.000704259	0.103278	0.0110115	0.000542897	0.000409866	0.000565171	0.00351536	0.00567646	0.0106293	0.371262	0.000471247	0.00235735
189	0.574142	0.0207191	0.000553014	0.000953668	0.00281843	0.121035	0.000624236	0.00101612	0.000550976	0.0025971	0.00387767	0.00187745	0.01189	0.00171624	0.00175581	0.185856	0.043979	0.021383	0.000241234	0.00241415
190	0.41533	0.038923	0.0012133	0.00251319	0.00428006	0.0740039	0.00333565	0.00994884	0.00132688	0.0196982	0.0165962	0.0106078	0.0101799	0.00187069	0.00319525	0.176286	0.158498	0.04971	0.000338979	0.00214517
