218	20
1	0.0518553	0.00833859	0.0126415	0.00181061	0.0838547	0.0149558	0.00459223	0.22526	0.00477667	0.239869	0.0630784	0.00583472	0.00227934	0.00517818	0.00320218	0.0131446	0.0144093	0.133175	0.00539467	0.10635
2	0.024199	0.00610718	0.00567206	0.0184305	0.0369562	0.031119	0.0310545	0.0520094	0.154832	0.0889405	0.0124741	0.0225971	0.055849	0.0399253	0.193798	0.0377585	0.066666	0.0498418	0.0262605	0.0455084
3	0.0395978	0.00394397	0.0106312	0.0106946	0.110814	0.0159444	0.00378471	0.0455893	0.0546404	0.098481	0.0372613	0.00436388	0.0352143	0.00409166	0.0173834	0.0134302	0.0840578	0.0802532	0.262325	0.0674976
4	0.0255965	0.00786895	0.00744753	0.00971412	0.0424018	0.0490188	0.0311888	0.0577789	0.133454	0.110489	0.0163287	0.0191402	0.098629	0.0333468	0.139494	0.0438481	0.0440757	0.0416574	0.0450945	0.0434272
5	0.008001	0.00317488	0.0785616	0.024815	0.0335904	0.0384918	0.00605609	0.0353134	0.074918	0.0275272	0.093774	0.175517	0.00264749	0.0279289	0.0172806	0.0914455	0.101323	0.0100686	0.0128317	0.136735
6	0.100088	0.0485586	0.000836469	0.00101309	0.0293937	0.019591	0.00137923	0.189765	0.00143723	0.136319	0.0258474	0.00180992	0.0011729	0.00490296	0.00211003	0.0218718	0.0760253	0.325863	0.00437365	0.00764063
7	0.0661895	0.00773871	0.00261101	0.000414419	0.10934	0.0152253	0.00145929	0.23917	0.000867225	0.274534	0.0298922	0.00237881	0.00478731	0.00235558	0.000720381	0.00925247	0.0261701	0.173039	0.00530563	0.028548
8	0.0972145	0.0027066	0.00844738	0.0102113	0.116694	0.033193	0.00584528	0.121088	0.0343223	0.130316	0.0442843	0.00551879	0.0254263	0.00480922	0.0258721	0.0180378	0.0587256	0.0953721	0.0946099	0.0673053
9	0.121196	0.00292668	0.00256214	0.00145915	0.100846	0.0339513	0.0225339	0.15674	0.0177766	0.164756	0.0610737	0.0201167	0.00243875	0.0127385	0.010258	0.0531882	0.0219122	0.0861604	0.00768135	0.0996844
10	0.063585	0.0377794	0.000761819	0.000564779	0.162199	0.0284903	0.00618368	0.139057	0.00121506	0.219478	0.0545635	0.00464691	0.00181196	0.0089709	0.0017489	0.0212782	0.0371104	0.150506	0.0262594	0.03379
11	0.00155511	0.000975978	0.000516177	0.000674969	0.00401197	0.00125167	0.940483	0.00856265	0.000828809	0.00183696	0.00469945	0.00858893	0.000398522	0.0111012	0.00443212	0.00167907	0.00165514	0.00506597	0.000715853	0.000966255
12	0.0590582	0.00913148	0.0018503	0.000254544	0.114369	0.0128274	0.00112352	0.199368	0.000388026	0.313335	0.0279998	0.00236486	0.00572148	0.00137246	0.000524529	0.0101431	0.029889	0.184844	0.00568329	0.0197531
13	0.161047	0.0585504	0.000636996	0.00083216	0.0859121	0.151029	0.00236823	0.0874272	0.0014031	0.171394	0.0828841	0.00719354	0.000675409	0.00350281	0.00419574	0.0358845	0.0263542	0.101923	0.0116008	0.0051853
14	0.344791	0.00748693	0.00243001	0.00236815	0.00689553	0.244382	0.0192882	0.0402599	0.00323556	0.0314849	0.0467737	0.00561909	0.0400276	0.0050276	0.00446994	0.0854595	0.0533341	0.0345025	0.00372532	0.0184382
15	0.0590582	0.00913148	0.0018503	0.000254544	0.114369	0.0128274	0.00112352	0.199368	0.000388026	0.313335	0.0279998	0.00236486	0.00572148	0.00137246	0.000524529	0.0101431	0.029889	0.184844	0.00568329	0.0197531
16	0.0788742	0.00425692	0.00588992	0.0227446	0.0766649	0.0200764	0.00369267	0.163921	0.0376842	0.0787599	0.025556	0.00528835	0.030311	0.0047171	0.0160479	0.011626	0.0366021	0.113036	0.124643	0.139608
17	0.143286	0.016323	0.00112249	0.00119304	0.00858906	0.664231	0.00242124	0.0133975	0.00225527	0.0161284	0.0160603	0.00544488	0.00291806	0.00508322	0.0142628	0.0534739	0.020069	0.00911817	0.00142837	0.00319396
18	0.0580823	0.0126851	0.00166434	0.000254749	0.122851	0.0138927	0.00166821	0.191733	0.000408338	0.312152	0.0334436	0.00248717	0.00496081	0.0017727	0.000493995	0.0107682	0.0283105	0.173528	0.00743286	0.0214098
19	0.0280129	0.0550772	0.00171301	0.00189244	0.154007	0.0152767	0.00311015	0.0625368	0.0033019	0.111582	0.0177639	0.00358536	0.00152106	0.0147234	0.0137753	0.0515056	0.103169	0.0558788	0.0494984	0.252069
20	0.17285	0.0110926	0.00223237	0.00204168	0.00781336	0.379258	0.00312872	0.0141693	0.00358402	0.0101956	0.0102787	0.0204206	0.0036389	0.00600664	0.00320294	0.207917	0.12442	0.0103894	0.00355533	0.0038041
21	0.160159	0.0283567	0.00123179	0.0010761	0.015265	0.501824	0.00210309	0.0350053	0.00177702	0.0194067	0.0179043	0.0185227	0.002252	0.0123734	0.00497446	0.0903611	0.0557318	0.0223289	0.00678521	0.00256139
22	0.00885293	0.0037876	0.0027318	0.0649553	0.242732	0.00588131	0.00351291	0.186152	0.0261672	0.259826	0.0873892	0.0253979	0.0024303	0.0336427	0.00437822	0.00955293	0.0106179	0.0111655	0.00355945	0.00726772
23	0.156019	0.0755145	0.0106481	0.00205421	0.00467758	0.183838	0.00277438	0.00777414	0.00264012	0.0175397	0.00794005	0.0109738	0.00661794	0.00399581	0.00486023	0.395554	0.0898286	0.0115284	0.00265306	0.00256849
24	0.0182717	0.0079026	0.000899979	0.000796626	0.0096444	0.00672277	0.0008796	0.440906	0.00134968	0.0504353	0.0178198	0.00159173	0.00078251	0.0024902	0.00247579	0.00306452	0.013665	0.417714	0.00107708	0.00151043
25	0.0520552	0.0190818	0.00809285	0.00919724	0.0138523	0.187464	0.00610422	0.0453417	0.0155997	0.0877367	0.0513433	0.0976919	0.00482362	0.0394228	0.0109934	0.0862998	0.153542	0.0958877	0.0059742	0.00949552
26	0.179787	0.0436392	0.00126842	0.0017125	0.0337797	0.247106	0.0040089	0.0636914	0.00232745	0.0972949	0.0713143	0.0118883	0.00643168	0.00765049	0.00355102	0.0531279	0.0527089	0.105567	0.00762654	0.00551813
27	0.0572607	0.00881778	0.00755299	0.00629366	0.00644607	0.746598	0.0021498	0.00632041	0.00856512	0.00924569	0.0100903	0.0378115	0.00128128	0.00535628	0.0231846	0.0378427	0.0123296	0.00744975	0.00223565	0.00316786
28	0.40658	0.0490657	0.0011615	0.00200985	0.00244928	0.00737766	0.00157895	0.0162769	0.00225138	0.00345303	0.00300032	0.0227591	0.00092883	0.00195133	0.0151955	0.122985	0.0238476	0.313593	0.00132189	0.00221274
29	0.00243394	0.0015591	0.000635539	0.00161633	0.00545501	0.00250505	0.917469	0.0111966	0.00219622	0.00395409	0.00518879	0.0088253	0.00126781	0.0114	0.00911576	0.00295666	0.00248208	0.00632256	0.00132454	0.00209533
30	0.0360944	0.00734256	0.017163	0.088397	0.0171883	0.013148	0.030311	0.0220485	0.187853	0.0344495	0.0177546	0.0197983	0.00825395	0.0404334	0.274948	0.0335287	0.0565647	0.0625886	0.0100615	0.0220737
31	0.038714	0.0465742	0.00276909	0.00303799	0.206165	0.0381271	0.0073706	0.0817323	0.0075348	0.228535	0.113385	0.00685162	0.00173999	0.00598675	0.00440347	0.016497	0.0197777	0.0639181	0.0189307	0.0879498
32	0.0023535	0.00244719	0.000920871	0.00110179	0.335688	0.0150011	0.0257506	0.00355374	0.00161594	0.00832752	0.00253761	0.00159876	0.000594353	0.00148609	0.00174231	0.0110034	0.00720877	0.0156158	0.173983	0.387469
33	0.203152	0.0907614	0.0102721	0.000515087	0.00125769	0.033158	0.000797594	0.00143226	0.000961157	0.017057	0.00344325	0.00469402	0.00761916	0.00088131	0.000901158	0.504528	0.10798	0.00895391	0.000699587	0.000936372
34	0.00283692	0.00188934	0.000830867	0.000935702	0.00534064	0.00247575	0.920018	0.00949482	0.00217319	0.00345584	0.00810585	0.00947957	0.000831179	0.0116681	0.00499844	0.00385223	0.00276028	0.00647091	0.000838367	0.00154355
35	0.00985937	0.00138629	0.00222117	0.0216359	0.00293977	0.0080477	0.0331985	0.00209872	0.439591	0.00515987	0.00821755	0.0212753	0.00330709	0.0515579	0.331729	0.0200031	0.0236816	0.00715399	0.00343242	0.00350344
36	0.203152	0.0907614	0.0102721	0.000515087	0.00125769	0.033158	0.000797594	0.00143226	0.000961157	0.017057	0.00344325	0.00469402	0.00761916	0.00088131	0.000901158	0.504528	0.10798	0.00895391	0.000699587	0.000936372
37	0.00258303	0.00197211	0.000957646	0.000889771	0.366791	0.0124304	0.0187501	0.00277112	0.00149019	0.00676797	0.00218403	0.00152064	0.000692963	0.00156079	0.00137135	0.00704307	0.00940588	0.0132656	0.0839278	0.463624
38	0.00452543	0.000899016	0.00152753	0.023682	0.00416428	0.00458144	0.033243	0.00248458	0.430486	0.00467611	0.00664271	0.0180725	0.00100344	0.051178	0.351175	0.0155876	0.0307968	0.00777181	0.00393395	0.00356925
39	0.174583	0.0632988	0.000894859	0.00106433	0.0737801	0.143518	0.00314737	0.0760742	0.00223577	0.141652	0.0862678	0.00793129	0.00273708	0.0038336	0.00525409	0.0373163	0.0367069	0.125596	0.00836306	0.00574533
40	0.0196504	0.0181424	0.00219957	0.00440729	0.00456865	0.0252748	0.0218046	0.00785849	0.188002	0.0307352	0.0107159	0.0922085	0.0144411	0.0209569	0.138798	0.148718	0.234072	0.0110189	0.00233082	0.00409563
41	0.0550328	0.00272081	0.0250622	0.0163717	0.156542	0.0240259	0.00253487	0.0489949	0.0456592	0.17206	0.0403488	0.00307391	0.0378508	0.00296061	0.0243771	0.0194946	0.105319	0.0735791	0.115579	0.028413
42	0.14288	0.00182437	0.00109894	0.00215465	0.0110381	0.0288497	0.00210883	0.0212719	0.00472856	0.0187002	0.00639337	0.00244021	0.634013	0.00238582	0.00252496	0.074053	0.00734025	0.0130819	0.020404	0.00270897
43	0.0616997	0.0164428	0.00279228	0.00103753	0.12416	0.0206933	0.00372901	0.150825	0.00383934	0.271086	0.0506037	0.00374682	0.00433436	0.00439848	0.00299217	0.0162314	0.0300946	0.153944	0.019879	0.057471
44	0.00348388	0.00147431	0.00192475	0.0249076	0.0040169	0.00458407	0.0326961	0.00280057	0.399508	0.0040388	0.00725537	0.0151869	0.000928387	0.0654414	0.375757	0.0185601	0.0229068	0.00742563	0.00399673	0.00310703
45	0.0297987	0.017362	0.000629031	0.000481965	0.0369491	0.00432425	0.00142347	0.396154	0.000794118	0.184206	0.0552796	0.00260538	0.000715636	0.00211114	0.00600165	0.00503811	0.0292253	0.224025	0.000910511	0.00196473
46	0.0535375	0.0183264	0.00148241	0.000552064	0.158117	0.014836	0.00151649	0.170063	0.000757648	0.298254	0.0364021	0.0023333	0.00375608	0.00225395	0.000530317	0.0131779	0.0293184	0.156267	0.0129597	0.0255578
47	0.0575308	0.0120352	0.00189492	0.000296887	0.126016	0.0135486	0.00116696	0.184713	0.000495204	0.310014	0.0311077	0.00221624	0.00492971	0.00183137	0.00056642	0.0111407	0.0298487	0.178163	0.00859857	0.0238851
48	0.0953069	0.0595654	0.00117725	0.00146341	0.059398	0.0949102	0.00348424	0.11664	0.00411039	0.1678	0.166251	0.00732033	0.000848553	0.00320428	0.00414305	0.0243876	0.0412599	0.138127	0.0053023	0.00529988
49	0.134921	0.0862622	0.00081647	0.00087571	0.139742	0.11582	0.00233727	0.0714199	0.0011613	0.16895	0.11427	0.00874162	0.000535168	0.00158593	0.0054171	0.0311371	0.0162219	0.0876133	0.00784072	0.00433131
50	0.0107193	0.0405792	0.0514803	0.0136569	0.135684	0.00705337	0.0791346	0.00883657	0.00537702	0.0115746	0.0102709	0.0656103	0.0028033	0.35998	0.00693698	0.0156289	0.0372491	0.0101685	0.00648275	0.120773
51	0.187705	0.100269	0.0123893	0.00126705	0.001917	0.0302432	0.00129351	0.00217743	0.00161437	0.0222717	0.00574243	0.00793188	0.00675298	0.00133057	0.00145178	0.469539	0.132485	0.0113979	0.000988186	0.00123265
52	0.0313194	0.0179417	0.000661789	0.000467277	0.0679295	0.00685791	0.00529168	0.336718	0.000778553	0.2509	0.0946939	0.00690083	0.000934359	0.00123119	0.00364211	0.00885688	0.0228018	0.137753	0.00138197	0.0029382
53	0.20109	0.0935828	0.0107403	0.000587081	0.00140309	0.0343032	0.000961214	0.00168258	0.0010222	0.0184218	0.0039342	0.00508977	0.00762534	0.00102325	0.00101288	0.495756	0.109971	0.0100537	0.000771309	0.000968588
54	0.119203	0.00479984	0.00312703	0.00312427	0.0952489	0.108167	0.0495955	0.109619	0.0129385	0.152594	0.0365978	0.0564301	0.00278813	0.0104456	0.00918765	0.0336625	0.0175159	0.0670832	0.00608417	0.101788
55	0.0106208	0.00394832	0.238368	0.0349463	0.00893199	0.0650549	0.0531815	0.037012	0.0660208	0.012073	0.0138427	0.199603	0.00506807	0.00847947	0.0317155	0.0581899	0.0575251	0.0503019	0.00898325	0.0361337
56	0.0254252	0.0157413	0.0939019	0.00922821	0.00166917	0.0141743	0.0354332	0.00194492	0.0127414	0.00573667	0.00197933	0.0835221	0.029831	0.0111323	0.0121656	0.444584	0.190498	0.00229501	0.000864677	0.00713177
57	0.0360174	0.0165271	0.000850265	0.000420903	0.0527298	0.00566188	0.00136344	0.359807	0.000719761	0.211131	0.0500298	0.0027698	0.00169896	0.0018153	0.00444601	0.00618027	0.0292201	0.212017	0.0015736	0.00502033
58	0.0038133	0.00229019	0.00156387	0.00998232	0.283629	0.00293492	0.0385246	0.0784364	0.0115319	0.176233	0.0247417	0.0116733	0.0010864	0.0025326	0.0129638	0.00500235	0.0039337	0.00427964	0.0985025	0.226344
59	0.0108274	0.00422489	0.227091	0.118481	0.00533513	0.0185113	0.097039	0.0369012	0.0720047	0.00984993	0.00734092	0.0926665	0.0068914	0.00656484	0.0121502	0.0600736	0.096107	0.0816749	0.0235984	0.0126673
60	0.0110407	0.00583664	0.00317952	0.00442915	0.196961	0.0155806	0.0260858	0.0161362	0.0145982	0.0330716	0.012761	0.0098105	0.00686656	0.00681231	0.00719811	0.0210441	0.0327763	0.0277206	0.283749	0.264343
61	0.402028	0.0619769	0.00120786	0.00209949	0.00259247	0.00605844	0.00159109	0.0187647	0.0025475	0.00383556	0.00336313	0.0176642	0.000920227	0.00208751	0.0108808	0.138726	0.0193904	0.300686	0.00126246	0.00231786
62	0.0282721	0.00700081	0.00561225	0.0329738	0.0161496	0.0221153	0.0202434	0.0207561	0.189199	0.0586349	0.0124932	0.0482873	0.0130941	0.0603853	0.207004	0.0633604	0.136969	0.0294498	0.00553329	0.0224671
63	0.00677421	0.00165312	0.639755	0.0407502	0.00363679	0.0168613	0.0351674	0.00689661	0.0172981	0.00457399	0.00307184	0.115637	0.00748499	0.00681783	0.0101398	0.0152279	0.0299797	0.0223477	0.00303251	0.0128937
64	0.00155511	0.000975978	0.000516177	0.000674969	0.00401197	0.00125167	0.940483	0.00856265	0.000828809	0.00183696	0.00469945	0.00858893	0.000398522	0.0111012	0.00443212	0.00167907	0.00165514	0.00506597	0.000715853	0.000966255
65	0.0129021	0.00549251	0.00591389	0.0236183	0.011162	0.00830222	0.0712523	0.00841745	0.317883	0.0133264	0.0144227	0.0182628	0.00554473	0.0495254	0.341336	0.0240991	0.0327375	0.0174827	0.00633637	0.0119829
66	0.133983	0.0655174	0.00110309	0.00141793	0.0252266	0.0326702	0.00197431	0.104205	0.00225345	0.157822	0.0251931	0.00298695	0.000970619	0.0136837	0.00213742	0.0229421	0.0913836	0.296751	0.00824885	0.00952983
67	0.00180414	0.00116439	0.000518635	0.000734247	0.00440456	0.00133005	0.937089	0.00866403	0.000939389	0.00199128	0.00472016	0.00874789	0.000395624	0.0110602	0.00500621	0.00171512	0.00189954	0.00513191	0.000774536	0.00190901
68	0.00159301	0.000972155	0.000515402	0.000679093	0.00401041	0.0012865	0.939764	0.00857822	0.00102794	0.00190047	0.00471395	0.0087033	0.00040237	0.0111197	0.00443088	0.00172554	0.00181739	0.00505275	0.00071153	0.000995474
69	0.0130535	0.00199184	0.00271199	0.0269008	0.013903	0.0077235	0.0309283	0.00940743	0.354592	0.0165509	0.00804424	0.0167617	0.0049159	0.0495552	0.331536	0.0245833	0.0544584	0.0168636	0.00468535	0.0108324
70	0.00220872	0.00191228	0.000871534	0.000844196	0.363691	0.0126479	0.0194265	0.00218409	0.00138467	0.00515654	0.00195687	0.00136797	0.000583073	0.00144664	0.0013785	0.00678968	0.00818468	0.0134609	0.0878121	0.466692
71	0.15171	0.0792724	0.00719839	0.00239934	0.00288524	0.0254921	0.00320358	0.015717	0.00298985	0.0223677	0.0222686	0.00522728	0.00449968	0.00195431	0.00174468	0.385122	0.213535	0.0461029	0.00452919	0.00178037
72	0.00354879	0.000833642	0.75979	0.0250623	0.00111222	0.0158114	0.0163679	0.00142339	0.0082946	0.00148998	0.00132243	0.110731	0.00410336	0.00142335	0.00812778	0.00837828	0.019184	0.00865834	0.000647089	0.00369086
73	0.082292	0.0309602	0.0446568	0.00616187	0.00315314	0.0226831	0.0189155	0.0098509	0.00961162	0.0120224	0.0121261	0.0425873	0.0149515	0.00716568	0.00849137	0.384645	0.261518	0.0207017	0.00250702	0.00499847
74	0.0130763	0.00209147	0.559684	0.0438605	0.0029843	0.0140664	0.0486648	0.00834448	0.0176765	0.0042669	0.00327602	0.137074	0.0182669	0.00251438	0.00830829	0.0170153	0.0409535	0.0463136	0.00428469	0.00727782
75	0.219382	0.0327546	0.00235418	0.00213137	0.0397925	0.233407	0.00824938	0.0693372	0.00354365	0.100897	0.0503733	0.0113484	0.0118738	0.00774178	0.00561916	0.0771984	0.0419529	0.0622841	0.00843994	0.0113188
76	0.00382803	0.000915943	0.753225	0.0247275	0.00158807	0.0157498	0.0165389	0.00365279	0.0084275	0.00254179	0.00173676	0.109343	0.00406805	0.00272178	0.0081846	0.00890446	0.019352	0.00917013	0.000742389	0.004581
77	0.0696231	0.00200451	0.00775602	0.0155094	0.00621065	0.0131467	0.0185479	0.00996039	0.0287262	0.0114973	0.00490951	0.00255647	0.721767	0.00305947	0.0120244	0.0409495	0.00941156	0.00843239	0.0116417	0.00226624
78	0.00843282	0.00805202	0.00258314	0.00335572	0.0881352	0.0054288	0.153419	0.0115027	0.00533157	0.0689856	0.0150818	0.0383593	0.00162761	0.0368654	0.00643068	0.0308043	0.0151299	0.013767	0.0170305	0.469677
79	0.0130523	0.00652083	0.339973	0.0186651	0.00669693	0.0210325	0.0251759	0.011663	0.0175893	0.0103518	0.00848781	0.258134	0.00797439	0.0094372	0.0115059	0.148696	0.0505565	0.0187878	0.00458341	0.0111163
80	0.268624	0.00439168	0.0127731	0.00229724	0.00418746	0.00530377	0.0100987	0.0443703	0.0102547	0.00565992	0.0181043	0.0320699	0.00125343	0.00984117	0.00308256	0.451652	0.0579588	0.0521033	0.00246616	0.00350703
81	0.0105645	0.013726	0.00224546	0.00350215	0.00315562	0.0282412	0.024962	0.0123562	0.200939	0.0396376	0.0222317	0.170744	0.00431774	0.0547328	0.164877	0.105579	0.109702	0.0230615	0.00176216	0.00366205
82	0.0247322	0.00260655	0.00389262	0.0243516	0.0059633	0.012987	0.0280553	0.0060854	0.347976	0.0154811	0.0101926	0.0258681	0.00535911	0.0593336	0.324623	0.0391586	0.0374898	0.0139631	0.0039567	0.00792475
83	0.069878	0.0110878	0.0053306	0.00447343	0.00802433	0.751398	0.00204725	0.00743911	0.00653821	0.0102174	0.0106799	0.0264668	0.00149395	0.00434119	0.0163614	0.0365644	0.0159198	0.00732157	0.00175236	0.00266466
84	0.0195698	0.0352827	0.00157083	0.00604108	0.129173	0.00902874	0.00341727	0.13892	0.0100222	0.285586	0.194154	0.00566708	0.00155766	0.00728501	0.00548039	0.0103279	0.0195898	0.0753847	0.00716722	0.0347746
85	0.0353051	0.0101302	0.00790979	0.00763946	0.16781	0.0147136	0.00582568	0.047408	0.026601	0.187136	0.0368008	0.00690824	0.0164229	0.020289	0.0129937	0.0174758	0.0510318	0.0772464	0.201862	0.0484905
86	0.0051175	0.00423051	0.00155211	0.00310156	0.269787	0.00899494	0.0547561	0.0188731	0.00439329	0.0714283	0.00982729	0.0129523	0.00106731	0.00775596	0.00449003	0.0141293	0.00914753	0.0127851	0.058813	0.426797
87	0.204179	0.0900078	0.010307	0.000531241	0.00127695	0.0329515	0.000854274	0.00149721	0.0010031	0.0168217	0.00338479	0.00467317	0.00784835	0.000918769	0.000936871	0.505995	0.106179	0.00886297	0.000694842	0.00107615
88	0.00599086	0.00939236	0.00522046	0.00485829	0.0329509	0.00353831	0.781676	0.00930182	0.00407129	0.00636382	0.00812577	0.0149729	0.00129384	0.0514996	0.00734125	0.00920632	0.0067085	0.00778143	0.00607816	0.0236281
89	0.0245917	0.0320411	0.00172774	0.00186363	0.0219008	0.00547237	0.00217431	0.364323	0.00339331	0.0528108	0.128115	0.00320778	0.0012228	0.0142581	0.00405034	0.00673287	0.0383268	0.288558	0.001882	0.00334768
90	0.0930227	0.0141465	0.00351993	0.00357303	0.0107138	0.645673	0.00399607	0.017276	0.0055632	0.0176294	0.0149656	0.0175838	0.00268127	0.00872551	0.0121112	0.0535186	0.0491464	0.0165511	0.00454956	0.00505343
91	0.019019	0.0113169	0.00445782	0.00672311	0.0908929	0.0176837	0.0220718	0.0230456	0.028772	0.0452954	0.019911	0.020831	0.0126645	0.0103472	0.0092519	0.0319469	0.0896515	0.0431346	0.265097	0.227886
92	0.0265597	0.0149789	0.00137572	0.00126659	0.0490944	0.00508989	0.00315725	0.36827	0.00464	0.220538	0.0733385	0.00420171	0.000982803	0.0027125	0.0111677	0.00760325	0.0240638	0.171997	0.00173823	0.00722352
93	0.00539405	0.0663462	0.00186709	0.00140489	0.103902	0.00459618	0.00168294	0.0712713	0.0113995	0.283327	0.272949	0.00266683	0.000917774	0.00274854	0.00256734	0.00524469	0.00811435	0.0895782	0.0020737	0.0619485
94	0.0191247	0.0445977	0.00225986	0.00221261	0.0281159	0.0126202	0.0036742	0.102407	0.0181524	0.164845	0.184046	0.00489459	0.00147778	0.00444676	0.00321443	0.0286047	0.0628827	0.300812	0.0031661	0.00844484
95	0.00139663	0.000666912	0.00123998	0.0222615	0.00302008	0.0037178	0.0352281	0.00129474	0.445828	0.00166579	0.00648229	0.0165115	0.000408115	0.0520002	0.362645	0.0128511	0.0218479	0.00517936	0.00404386	0.00171114
96	0.0419819	0.00864986	0.0219275	0.130593	0.0209018	0.02481	0.0223737	0.0199762	0.216657	0.0808114	0.0226998	0.0277483	0.101937	0.0321262	0.0718628	0.044844	0.0416052	0.0263829	0.0168848	0.0252267
97	0.0218284	0.0131597	0.0979576	0.0120106	0.0069278	0.0155571	0.132114	0.0095202	0.0159354	0.0330681	0.0098455	0.10877	0.0174396	0.0114946	0.0136335	0.318486	0.135152	0.0129873	0.00410216	0.0100099
98	0.019256	0.00265438	0.0229794	0.0408702	0.00379566	0.00618718	0.0573954	0.00454897	0.076284	0.00745829	0.0054689	0.00344872	0.664811	0.00548117	0.0352105	0.0132155	0.0139799	0.00751457	0.00594719	0.00349272
99	0.111407	0.00202611	0.11725	0.374875	0.00218692	0.00460909	0.00155288	0.0327048	0.0786524	0.0463498	0.0187742	0.0539402	0.00135741	0.0366786	0.0621016	0.0239832	0.00407748	0.00951261	0.00153988	0.0164204
100	0.0471413	0.0614653	0.0014979	0.00114929	0.130894	0.0174114	0.00434422	0.0909275	0.00287367	0.164177	0.0385938	0.00382416	0.00209117	0.00923975	0.00511843	0.0284152	0.0816026	0.176109	0.0273891	0.105736
101	0.0659777	0.0198003	0.0199472	0.0198925	0.00738118	0.00579642	0.00410786	0.125468	0.191835	0.207957	0.041016	0.00490972	0.00370334	0.00558617	0.127356	0.0438374	0.0250259	0.0496692	0.00485147	0.0258819
102	0.11025	0.00176942	0.108558	0.381106	0.00205328	0.00434195	0.00140504	0.0416388	0.0911657	0.0322237	0.0135379	0.0565365	0.00133543	0.0301257	0.0705719	0.0236472	0.00339127	0.0114957	0.00139124	0.0134546
103	0.0699029	0.00809457	0.0106986	0.0326797	0.00380195	0.0257554	0.0258189	0.00820424	0.355315	0.028306	0.0276572	0.0358799	0.0195588	0.048679	0.16664	0.057491	0.0354364	0.0198681	0.00111507	0.0190978
104	0.0711669	0.00755451	0.00921546	0.0209019	0.0160288	0.0982122	0.0171879	0.0235462	0.183641	0.0685255	0.0192104	0.0399319	0.0304811	0.0597555	0.143766	0.0593048	0.0529358	0.0449584	0.0132513	0.0204241
105	0.0625802	0.0053364	0.0102042	0.0237837	0.00323605	0.0280518	0.0242841	0.00719985	0.374603	0.025084	0.0208764	0.0357712	0.021371	0.0499624	0.171034	0.0586306	0.0391154	0.0207824	0.000939467	0.0171541
106	0.0455063	0.00253434	0.0178281	0.0461769	0.0110222	0.0829963	0.00272569	0.0128664	0.119275	0.0792134	0.0123899	0.121579	0.0100826	0.10232	0.0559143	0.120653	0.130832	0.0136416	0.00135669	0.0110853
107	0.0208066	0.0134384	0.000686984	0.000589374	0.0319209	0.00335274	0.00146052	0.436733	0.000931558	0.16582	0.0596365	0.00264659	0.000390937	0.00204098	0.00564889	0.00385896	0.0238801	0.224319	0.000670044	0.00116757
108	0.00353723	0.000769233	0.761512	0.0242565	0.00108565	0.0157113	0.0163915	0.00127659	0.00826273	0.00146684	0.00131699	0.11104	0.00411521	0.000893463	0.00813782	0.00826864	0.0191351	0.00858508	0.00060397	0.00363351
109	0.00600566	0.065359	0.00191043	0.00146796	0.104868	0.0047135	0.00181685	0.072454	0.0115364	0.283047	0.26647	0.00262563	0.000939145	0.00264364	0.00229902	0.0050309	0.00773916	0.0933108	0.0021335	0.0636294
110	0.0258053	0.0160945	0.0948592	0.00966693	0.00179253	0.0146456	0.0351193	0.00205893	0.0123947	0.00571802	0.00198843	0.0818067	0.028888	0.0124018	0.0125192	0.443263	0.190672	0.0023873	0.0008862	0.00703225
111	0.00435402	0.00100175	0.746404	0.0246901	0.00130315	0.0217884	0.0164769	0.00186519	0.00911963	0.00198299	0.0018926	0.110387	0.00399842	0.00182436	0.00862574	0.0101748	0.0196434	0.00947076	0.000850856	0.00414613
112	0.0231963	0.0149475	0.000612458	0.000771951	0.0621	0.00445341	0.00450947	0.37502	0.00102233	0.240743	0.0944625	0.0055291	0.000434324	0.00150109	0.00466848	0.00685988	0.0203719	0.136856	0.00074961	0.00118987
113	0.00831023	0.00327125	0.0200734	0.120217	0.0465432	0.00467923	0.0685938	0.023175	0.119306	0.167025	0.0484824	0.0209686	0.00294985	0.0516848	0.0239245	0.0115507	0.0469415	0.0241139	0.0376527	0.150537
114	0.346741	0.015308	0.0669611	0.117965	0.0040382	0.00402463	0.00232038	0.00481938	0.0251262	0.00575313	0.0294323	0.132475	0.00168287	0.064738	0.0153831	0.134079	0.0183337	0.00498521	0.00217039	0.00366318
115	0.00352139	0.000777144	0.759635	0.0243036	0.00112539	0.0158267	0.0163692	0.00143085	0.00852186	0.0015277	0.00139737	0.111786	0.00408471	0.000931585	0.00816869	0.00847323	0.0191687	0.00859935	0.000618883	0.00373295
116	0.0351136	0.0039849	0.00435858	0.0265824	0.00611447	0.040148	0.00918587	0.00801085	0.124933	0.0129184	0.00742841	0.00453852	0.466313	0.0207296	0.0262604	0.0964614	0.0119578	0.0260059	0.063309	0.00564587
117	0.0587366	0.00932114	0.00183664	0.000309438	0.115288	0.0129217	0.00119371	0.200364	0.000567619	0.309752	0.0289189	0.00237335	0.0058954	0.00142517	0.000699803	0.00997374	0.0299274	0.183398	0.00647811	0.0206197
118	0.0433876	0.0309661	0.000864861	0.000970405	0.0289041	0.00881545	0.00169407	0.312628	0.00176994	0.152086	0.0394357	0.00250337	0.000988205	0.00301325	0.00393947	0.0088313	0.036265	0.316962	0.00201313	0.00396232
119	0.188913	0.00440932	0.00288751	0.00362547	0.00617742	0.00596411	0.00366559	0.00590821	0.0433047	0.0284634	0.347345	0.00512478	0.0019421	0.0420532	0.0740188	0.00847897	0.0463593	0.173064	0.00280719	0.00548737
120	0.016314	0.0226753	0.00105362	0.00471015	0.328045	0.011903	0.0151331	0.115467	0.00513984	0.200106	0.0379565	0.00615171	0.000942624	0.00250136	0.00511361	0.00780157	0.0165271	0.0483428	0.055238	0.0988771
121	0.0203348	0.0683476	0.0249548	0.0529777	0.108186	0.0133744	0.203083	0.017957	0.0142921	0.021536	0.0204893	0.0317443	0.00580143	0.227659	0.0147794	0.0262698	0.0288719	0.0184717	0.0129218	0.0679487
122	0.0139192	0.00343156	0.0174386	0.0403784	0.00565829	0.00717191	0.133242	0.00544618	0.333886	0.0106665	0.0351056	0.0113006	0.00460332	0.0472432	0.224965	0.0147235	0.0294062	0.0370221	0.00397647	0.020416
123	0.00139663	0.000666912	0.00123998	0.0222615	0.00302008	0.0037178	0.0352281	0.00129474	0.445828	0.00166579	0.00648229	0.0165115	0.000408115	0.0520002	0.362645	0.0128511	0.0218479	0.00517936	0.00404386	0.00171114
124	0.00437551	0.00280419	0.00127432	0.00182775	0.10675	0.00289416	0.196715	0.0130729	0.00223644	0.0632289	0.0139675	0.0551639	0.0010423	0.0131391	0.00223776	0.0126788	0.00455183	0.0144673	0.00201831	0.485554
125	0.142241	0.00289629	0.00199784	0.00165971	0.110977	0.0275838	0.0239435	0.138243	0.0208097	0.123453	0.0673526	0.0272886	0.00228208	0.0205093	0.0152137	0.0596228	0.0228893	0.100529	0.00600811	0.0845011
126	0.0590582	0.00913148	0.0018503	0.000254544	0.114369	0.0128274	0.00112352	0.199368	0.000388026	0.313335	0.0279998	0.00236486	0.00572148	0.00137246	0.000524529	0.0101431	0.029889	0.184844	0.00568329	0.0197531
127	0.0589034	0.00908451	0.00186176	0.000273679	0.113709	0.0127186	0.00114288	0.198694	0.000398036	0.314443	0.0279583	0.00251094	0.00566013	0.001376	0.000542601	0.0103397	0.030546	0.184254	0.00566105	0.0199232
128	0.0568236	0.0419759	0.000465957	0.000358548	0.247351	0.0223816	0.00147765	0.111688	0.000702087	0.220458	0.0378539	0.0016782	0.000397237	0.0048493	0.000661767	0.0258213	0.0451537	0.119036	0.0368446	0.024022
129	0.148277	0.128993	0.00315865	0.003539	0.033159	0.233633	0.00398531	0.0715066	0.00493553	0.0201388	0.01469	0.0524754	0.00268309	0.0281076	0.00484106	0.0828163	0.0675614	0.0410595	0.0482008	0.00623918
130	0.0532251	0.0187327	0.00268594	0.00157668	0.171214	0.0154563	0.00381408	0.21917	0.00266073	0.19998	0.0530982	0.00451727	0.00237453	0.00915072	0.00207046	0.012703	0.0214161	0.147882	0.0141096	0.0441615
131	0.0597046	0.00901437	0.00179708	0.000258636	0.114432	0.0129963	0.0011309	0.201284	0.000392844	0.310594	0.0280675	0.00234339	0.00566121	0.00140056	0.000539995	0.010047	0.0297284	0.185271	0.00561898	0.0197163
132	0.0230044	0.0143573	0.000715184	0.000884061	0.0749576	0.00468909	0.00495845	0.362399	0.00104648	0.249338	0.098831	0.00552006	0.000530558	0.00136166	0.00400403	0.00711393	0.0194092	0.123323	0.00102505	0.00253205
133	0.113981	0.00337303	0.00311589	0.00639214	0.00993571	0.022698	0.00568681	0.0169941	0.0177393	0.0257357	0.00671569	0.00401594	0.628811	0.0045008	0.00723518	0.075685	0.0100565	0.0145927	0.019143	0.00359345
134	0.125031	0.024522	0.00118495	0.00587462	0.00276693	0.0207667	0.00472568	0.0626101	0.00706273	0.0207852	0.0599189	0.00218431	0.000999514	0.00217401	0.00190539	0.130839	0.376927	0.126962	0.0192314	0.0035288
135	0.0770135	0.0289984	0.000800293	0.000315528	0.181039	0.0249209	0.00191854	0.129393	0.000711382	0.246512	0.0356202	0.00163178	0.00169696	0.00657088	0.000680487	0.0261281	0.0386723	0.145722	0.0287737	0.0228805
136	0.0182504	0.00948284	0.000995453	0.000815429	0.0126921	0.00791324	0.00094028	0.409436	0.00119849	0.0648154	0.0234379	0.00170191	0.000688667	0.00258908	0.00272478	0.00329893	0.0177124	0.418824	0.000978229	0.0015044
137	0.166794	0.0132553	0.00490294	0.00454562	0.00889294	0.112314	0.00902878	0.0228212	0.00871555	0.0244588	0.0377057	0.00826896	0.318359	0.00555064	0.00536097	0.145433	0.062163	0.0219046	0.0113051	0.00822025
138	0.008354	0.0436464	0.00244609	0.00220932	0.0458172	0.00640502	0.037562	0.0650505	0.0041843	0.032922	0.0684879	0.0198676	0.0189343	0.038169	0.00455876	0.0253683	0.0965359	0.255628	0.0523633	0.17149
139	0.0433215	0.0845408	0.0010492	0.00123938	0.342434	0.0468971	0.00148138	0.0799554	0.00149503	0.192978	0.051861	0.00195304	0.000743113	0.00235351	0.0015773	0.0139671	0.0224634	0.0418648	0.0152725	0.0525523
140	0.046805	0.034794	0.00198374	0.00183943	0.23916	0.0194612	0.002163	0.124258	0.00497842	0.20045	0.0397574	0.00278903	0.00382649	0.00405485	0.00324046	0.0186067	0.0448722	0.114008	0.0590848	0.0338679
141	0.0127077	0.00200908	0.0384821	0.0293708	0.00287734	0.529478	0.00191481	0.00339884	0.0352301	0.00484081	0.0124795	0.18016	0.000954258	0.0117353	0.0310346	0.0804096	0.00523027	0.0131798	0.00186636	0.00264071
142	0.0491369	0.00419208	0.168274	0.286709	0.00675326	0.0446854	0.0111372	0.0397873	0.0472844	0.0232264	0.0155494	0.0729546	0.00264212	0.0812906	0.031403	0.0513816	0.0229851	0.017546	0.00487951	0.0181822
143	0.0255315	0.015695	0.0939328	0.00915709	0.00167926	0.0141546	0.0353385	0.00193776	0.012862	0.00573638	0.00198348	0.0835848	0.0299295	0.0109989	0.0122037	0.444094	0.190832	0.00230834	0.000867577	0.00717237
144	0.0455354	0.0455258	0.000669542	0.00038499	0.209092	0.0275239	0.00363508	0.158854	0.000687215	0.214379	0.0685218	0.00547426	0.000841792	0.00345573	0.00119229	0.0139308	0.0272061	0.128165	0.0246287	0.0202966
145	0.0742569	0.0308914	0.00115398	0.000931165	0.234189	0.034584	0.00197889	0.0836513	0.00175303	0.232686	0.0337866	0.00204619	0.000998582	0.00555737	0.00160858	0.0408116	0.0499323	0.111496	0.0333298	0.0243565
146	0.0220257	0.00324008	0.00539648	0.0249833	0.00701959	0.0117915	0.0399156	0.00870612	0.353115	0.0177304	0.0132738	0.0211239	0.00736748	0.0496202	0.309862	0.028677	0.0344655	0.0266743	0.00395498	0.0110569
147	0.010754	0.00476723	0.00252939	0.00292208	0.0898188	0.00529315	0.123041	0.0135483	0.00626814	0.144906	0.0127332	0.0260221	0.00199206	0.0307672	0.00547818	0.0470795	0.00893679	0.0128973	0.00690503	0.443341
148	0.130907	0.0669977	0.00103161	0.00124493	0.0153336	0.024914	0.00156984	0.121183	0.00221443	0.115968	0.0285948	0.00206181	0.000688105	0.00627115	0.0017877	0.0262281	0.10113	0.337974	0.00611347	0.00778675
149	0.0426542	0.021249	0.00218884	0.0025462	0.0049282	0.0888858	0.00285786	0.0871534	0.00383926	0.114354	0.0292477	0.0611608	0.00186779	0.0759903	0.0036223	0.0766141	0.221495	0.151763	0.00302757	0.00455436
150	0.0628401	0.0251288	0.00388962	0.00355343	0.0748355	0.0405691	0.0106906	0.158483	0.00887184	0.208914	0.0986495	0.0373348	0.00303233	0.0116641	0.00632015	0.052023	0.0383239	0.124311	0.00682047	0.0237449
151	0.0017796	0.000994502	0.000711904	0.000717239	0.00410869	0.00143858	0.935115	0.00847747	0.000875595	0.0021932	0.00482063	0.0110718	0.000485893	0.0110154	0.00451725	0.0027361	0.00213147	0.00507222	0.000708265	0.00102899
152	0.143622	0.0804737	0.000932708	0.000915194	0.128499	0.112959	0.00311831	0.0820849	0.00174558	0.148734	0.115679	0.0126723	0.00065628	0.00201065	0.00760969	0.035993	0.0185197	0.0940588	0.00689189	0.00282499
153	0.155284	0.0166097	0.00228926	0.00472574	0.00398328	0.0308429	0.0148225	0.0338718	0.00614725	0.0108987	0.0413719	0.00414006	0.0023385	0.0028202	0.00282429	0.216701	0.369054	0.0709366	0.00729079	0.0030472
154	0.00731179	0.00698568	0.00195143	0.00192802	0.304412	0.0250871	0.0288916	0.00573514	0.00321726	0.0129528	0.00689369	0.00343532	0.00128479	0.00580557	0.00458812	0.0344169	0.0100799	0.0187173	0.213375	0.302931
155	0.0506495	0.218925	0.00254764	0.00334958	0.103073	0.00660338	0.00338587	0.00705346	0.00489597	0.281657	0.0695108	0.0051385	0.00209801	0.00474399	0.00503013	0.127258	0.0868312	0.00788915	0.00419704	0.00516363
156	0.0189338	0.00830624	0.000913022	0.000789839	0.00992862	0.00677761	0.000861248	0.438346	0.00133841	0.0526626	0.0187394	0.0015656	0.00078691	0.00252835	0.00255851	0.00319614	0.0141278	0.415058	0.00101091	0.00157178
157	0.0310282	0.0117117	0.0516084	0.0209992	0.016517	0.274073	0.00861439	0.0177241	0.0337408	0.0249439	0.0203029	0.281727	0.0043918	0.0201474	0.0251255	0.0755382	0.0375564	0.0229749	0.00673539	0.0145394
158	0.0732941	0.022155	0.0578107	0.0108924	0.00656208	0.0252906	0.0250541	0.0132002	0.0147556	0.0142606	0.0103123	0.0976454	0.0181826	0.0149956	0.011031	0.4235	0.133407	0.0131285	0.0031108	0.0114116
159	0.0752705	0.0153508	0.00139867	0.000388353	0.148747	0.0170135	0.00140773	0.180228	0.000557121	0.265435	0.0292143	0.00236981	0.00408611	0.00270988	0.00089294	0.013358	0.0323659	0.177424	0.0127682	0.0190136
160	0.198699	0.0946761	0.0108361	0.000608585	0.00177587	0.0356538	0.00105268	0.00213053	0.00162187	0.0180007	0.00423253	0.00554894	0.00796097	0.0012458	0.00160907	0.490999	0.111531	0.00989182	0.000907997	0.00101834
161	0.00156614	0.000987978	0.000548625	0.000673812	0.00406245	0.00125411	0.939972	0.00855777	0.000826161	0.0018911	0.00471697	0.00878583	0.000399365	0.0110829	0.00444314	0.00181682	0.00167402	0.00506057	0.000715831	0.000964805
162	0.0220381	0.00683342	0.00225679	0.00381868	0.0707777	0.00453088	0.00305912	0.0953864	0.0205727	0.334009	0.251893	0.00434395	0.00173862	0.0191467	0.0176327	0.0217716	0.0531561	0.0116105	0.0178626	0.0375615
163	0.0023776	0.00237859	0.000911596	0.000937624	0.331886	0.0154274	0.0272924	0.0021358	0.0013655	0.00449115	0.00206894	0.00137422	0.00055317	0.00142141	0.00128089	0.0114441	0.00639944	0.0183407	0.176152	0.391761
164	0.0707896	0.0103258	0.00459599	0.00418692	0.00786579	0.75627	0.00200086	0.00722313	0.00583745	0.0111223	0.0107333	0.0229825	0.0012304	0.00440027	0.015944	0.0365725	0.0153977	0.00758466	0.00200013	0.00293705
165	0.00646006	0.00318478	0.0694638	0.0122173	0.0292305	0.0303703	0.00342814	0.0308029	0.0692563	0.0167531	0.102986	0.146409	0.00177703	0.0315392	0.017027	0.109644	0.127799	0.00654442	0.0173166	0.167791
166	0.00142009	0.000672087	0.00130174	0.0222389	0.00302956	0.0037386	0.0362793	0.00132467	0.443806	0.00166761	0.00653826	0.0163348	0.000399673	0.0521463	0.36352	0.0128189	0.0216986	0.00526985	0.00400864	0.00178637
167	0.020848	0.00314793	0.0164036	0.0478897	0.00672128	0.0127305	0.0374936	0.00760593	0.0936545	0.016074	0.0065469	0.0057117	0.602227	0.00940926	0.0329027	0.0258193	0.0252995	0.010305	0.0130619	0.00614771
168	0.0024676	0.00208677	0.000839712	0.000869875	0.350708	0.0136997	0.0219789	0.00232591	0.00139223	0.00549901	0.00217132	0.00141353	0.000530333	0.00174822	0.00152116	0.0090515	0.00776571	0.0165554	0.118337	0.439038
169	0.00353723	0.000769233	0.761512	0.0242565	0.00108565	0.0157113	0.0163915	0.00127659	0.00826273	0.00146684	0.00131699	0.11104	0.00411521	0.000893463	0.00813782	0.00826864	0.0191351	0.00858508	0.00060397	0.00363351
170	0.062182	0.00533143	0.0100222	0.0240491	0.00345123	0.0276632	0.0245271	0.00758994	0.372526	0.0256142	0.0207228	0.0359218	0.0216694	0.0500407	0.171009	0.0587492	0.0398787	0.0208676	0.000955466	0.0172293
171	0.0461839	0.00252808	0.0184725	0.0458919	0.011456	0.0847698	0.00252688	0.0127598	0.112761	0.0793629	0.0130315	0.125887	0.0103537	0.103583	0.0532206	0.123663	0.126624	0.0139998	0.00134319	0.0115809
172	0.137101	0.00209878	0.00113194	0.00198899	0.00933444	0.0203521	0.00173227	0.016939	0.00426416	0.0169149	0.00523875	0.00238181	0.665626	0.00251824	0.00240885	0.0735946	0.00586005	0.0111093	0.0172042	0.00220123
173	0.368605	0.0379771	0.00122534	0.00247992	0.00322112	0.0135945	0.00197391	0.0123692	0.00304394	0.00486195	0.00423328	0.0233334	0.0011594	0.00227396	0.0447334	0.116668	0.0475664	0.306142	0.00164292	0.00289454
174	0.0151177	0.00611819	0.265696	0.33896	0.00845876	0.0149969	0.00576251	0.0158781	0.00902108	0.0141837	0.0104522	0.0173454	0.00313399	0.209582	0.00733967	0.0204371	0.0119906	0.010898	0.00545125	0.00917742
175	0.018308	0.0246772	0.049599	0.0223265	0.00525841	0.0122516	0.0196046	0.00678074	0.00986937	0.00960918	0.00610118	0.256482	0.0160117	0.0230475	0.0080373	0.349802	0.145915	0.00653762	0.00261391	0.00716646
176	0.0255182	0.00814073	0.00755545	0.00903771	0.0422749	0.0499243	0.031385	0.058381	0.130108	0.113057	0.0164902	0.0186753	0.100003	0.032503	0.137752	0.0439991	0.0430064	0.0420552	0.0464347	0.0436987
177	0.124339	0.0602277	0.000919659	0.00118888	0.0440553	0.0365364	0.00189007	0.0980076	0.00208344	0.137732	0.0384494	0.0023752	0.00081152	0.00725395	0.00185266	0.0359748	0.110937	0.26043	0.0173868	0.0175493
178	0.275229	0.00254654	0.0179675	0.00195263	0.00307834	0.00349803	0.0128756	0.0387613	0.0135938	0.00481498	0.0109374	0.0459606	0.00132844	0.0129482	0.00255444	0.461641	0.0492439	0.0362979	0.00196642	0.00280352
179	0.0358922	0.0424167	0.000522981	0.000315448	0.256807	0.019444	0.00196182	0.143913	0.000584977	0.217043	0.0494657	0.00270566	0.000518564	0.00356238	0.000532497	0.0137043	0.0332102	0.117096	0.0322667	0.0280364
180	0.0872821	0.0350111	0.000650291	0.000394121	0.17877	0.0381311	0.00225502	0.115067	0.000876141	0.229057	0.0371736	0.00228426	0.00120636	0.00748565	0.00118501	0.0310182	0.0416398	0.13844	0.0308201	0.0212537
181	0.256484	0.0132602	0.00161509	0.00384804	0.00576302	0.0273641	0.0105312	0.0323727	0.00505393	0.00883168	0.0351197	0.00309408	0.00155812	0.00228689	0.00215255	0.20831	0.314611	0.0595962	0.00533087	0.00281664
182	0.0570302	0.0332045	0.000829963	0.000595211	0.101344	0.0283475	0.00958774	0.22058	0.00100441	0.25966	0.10698	0.00939922	0.00113138	0.00194627	0.00212893	0.0167652	0.0165894	0.121131	0.00435733	0.00738813
183	0.0688955	0.0104279	0.00471654	0.00404184	0.00818322	0.751265	0.00236901	0.00755557	0.00663563	0.0105331	0.0110555	0.023312	0.00137933	0.00460387	0.0164365	0.0372403	0.0177964	0.00715998	0.00250346	0.00388941
184	0.0622909	0.00341546	0.198458	0.381728	0.00401831	0.00981605	0.00514601	0.0280163	0.0505467	0.0246858	0.0126192	0.0471798	0.00229096	0.0751588	0.038139	0.021493	0.00884974	0.0121804	0.00232457	0.0116434
185	0.150273	0.0258873	0.00180475	0.00212779	0.0432878	0.510653	0.00386403	0.0326388	0.00337284	0.0439934	0.0283129	0.011902	0.00291765	0.0073516	0.0103111	0.0500047	0.029939	0.0281979	0.00614282	0.00701816
186	0.0030055	0.0032051	0.00102601	0.00120082	0.312526	0.0177938	0.0320893	0.00277525	0.00168694	0.00537811	0.00298165	0.00191639	0.000650684	0.00295004	0.00217772	0.0149714	0.00655267	0.0169501	0.213975	0.356188
187	0.00155868	0.000976895	0.000548352	0.00067446	0.00403124	0.00125167	0.940287	0.00855163	0.000828834	0.00184703	0.00470822	0.00866738	0.000398567	0.0110906	0.00443227	0.00173147	0.00166805	0.0050669	0.000715799	0.000964629
188	0.0259008	0.0168132	0.0887175	0.0202118	0.0193011	0.0482778	0.0197268	0.0200394	0.0315591	0.0281477	0.0236133	0.399093	0.00616614	0.023657	0.0239175	0.0821133	0.0549238	0.0275298	0.0107706	0.0295198
189	0.0021681	0.00192623	0.000872937	0.000845953	0.363075	0.0126953	0.0195063	0.00217493	0.00136677	0.00520185	0.00194944	0.00136966	0.000590357	0.00143446	0.00136334	0.00684286	0.0080557	0.013635	0.0903343	0.464591
190	0.00155511	0.000975978	0.000516177	0.000674969	0.00401197	0.00125167	0.940483	0.00856265	0.000828809	0.00183696	0.00469945	0.00858893	0.000398522	0.0111012	0.00443212	0.00167907	0.00165514	0.00506597	0.000715853	0.000966255
191	0.00155511	0.000975978	0.000516177	0.000674969	0.00401197	0.00125167	0.940483	0.00856265	0.000828809	0.00183696	0.00469945	0.00858893	0.000398522	0.0111012	0.00443212	0.00167907	0.00165514	0.00506597	0.000715853	0.000966255
