205	20
1	0.118116	0.00502102	0.00528732	0.00763946	0.00551472	0.0416798	0.00621398	0.081799	0.00717595	0.013529	0.276711	0.0686582	0.00462964	0.074111	0.00694583	0.0440479	0.0151098	0.210426	0.00276908	0.0046155
2	0.0126652	0.00199047	0.0101542	0.0338863	0.00284662	0.00675953	0.0677782	0.0372267	0.323095	0.00542407	0.0114354	0.0665401	0.013172	0.104226	0.185251	0.0417192	0.0423835	0.0254431	0.0066853	0.00131793
3	0.367691	0.0431765	0.00588413	0.00844263	0.00835415	0.0389396	0.0067059	0.0253111	0.00926857	0.0363713	0.105868	0.0101688	0.0394956	0.00954042	0.00789508	0.0758826	0.0746967	0.118952	0.00207071	0.00528537
4	0.0103665	0.00222054	0.000434883	0.00300886	0.00846208	0.000993991	0.000480145	0.639679	0.000588938	0.0243836	0.0141437	0.000563847	0.000260916	0.000786988	0.00047977	0.00112461	0.00796122	0.283517	0.000189085	0.000353945
5	0.20168	0.00642798	0.00233415	0.00290346	0.0156448	0.608818	0.0163786	0.0160373	0.00304464	0.0290749	0.00252167	0.00247527	0.00135492	0.0161848	0.0025006	0.0443716	0.00719499	0.0187789	0.000725844	0.0015475
6	0.0100873	0.000929742	0.0137784	0.00748797	0.039028	0.025135	0.330259	0.00229929	0.0715971	0.0023912	0.0077758	0.0462005	0.000847947	0.0152813	0.266312	0.0270211	0.0550255	0.00288553	0.000458081	0.0751997
7	0.099557	0.00152825	0.114233	0.468238	0.00477726	0.0052002	0.0123829	0.00624052	0.0376167	0.00684655	0.00218676	0.0126459	0.00573681	0.143475	0.0156483	0.0304287	0.0203877	0.0101926	0.000649639	0.00202769
8	0.0350431	0.000952335	0.000479982	0.000833482	0.00815331	0.00122279	0.000669708	0.386902	0.000799516	0.253756	0.00326446	0.00440561	0.000400963	0.00206436	0.000823842	0.00529715	0.00942019	0.26566	0.000251989	0.0195995
9	0.0274606	0.00736641	0.00681445	0.00976339	0.009978	0.0103585	0.00883838	0.0281253	0.0108765	0.417203	0.0111988	0.010856	0.00470712	0.0138728	0.141051	0.0178361	0.0186485	0.193405	0.0459278	0.00571333
10	0.00922622	0.000914625	0.000465155	0.00133211	0.00274721	0.000682308	0.000614938	0.294862	0.000739983	0.0243632	0.0164166	0.000692381	0.00039156	0.000906315	0.000791284	0.00131294	0.00424876	0.638357	0.000211608	0.000724019
11	0.0829534	0.000392983	0.0541703	0.2123	0.00123633	0.0123404	0.0169095	0.0119859	0.16886	0.0139162	0.00224644	0.0292472	0.00318076	0.109858	0.187476	0.0344982	0.0440083	0.0130557	0.000142789	0.00122159
12	0.00804362	0.000436601	0.000540264	0.000628941	0.000581058	0.000675056	0.000570056	0.154255	0.000636384	0.0196792	0.0190004	0.000669534	0.000420705	0.000834197	0.000569317	0.00111969	0.00131926	0.78942	0.000196017	0.000405286
13	0.0819597	0.00027837	0.0548583	0.211317	0.00136711	0.00999784	0.0176849	0.0121573	0.170983	0.0146047	0.0018087	0.0295193	0.00356126	0.112353	0.18572	0.0312857	0.0456032	0.013794	0.000140328	0.00100571
14	0.400019	0.00326768	0.00553909	0.00302179	0.0251176	0.163471	0.012454	0.00460877	0.00323744	0.00658216	0.00253691	0.00294224	0.0017804	0.00492985	0.00296449	0.200887	0.131915	0.0143886	0.00471009	0.00562698
15	0.0221967	0.00762735	0.00115868	0.00161585	0.00127054	0.00176549	0.00136729	0.184858	0.00258387	0.0101186	0.00232337	0.00172958	0.00973675	0.0017148	0.0014978	0.0358864	0.0905372	0.620702	0.000423915	0.00088569
16	0.535901	0.00703983	0.0119489	0.00371831	0.00809135	0.113721	0.00458662	0.00417742	0.00262488	0.005427	0.00203054	0.0027182	0.00134747	0.00551971	0.00344022	0.19116	0.0717741	0.0200418	0.0021058	0.00262574
17	0.00825627	0.000445024	0.000552668	0.000643313	0.000577641	0.000678371	0.000567965	0.154251	0.000681841	0.019693	0.0189914	0.000670124	0.000591869	0.000834943	0.000566755	0.0011551	0.00161439	0.788629	0.000195512	0.000403427
18	0.022343	0.00467225	0.111568	0.00956912	0.00920447	0.0701863	0.0135573	0.0109506	0.0106363	0.00981822	0.00550725	0.595782	0.00460278	0.0120838	0.0076835	0.0392155	0.0298612	0.017486	0.00208056	0.0131914
19	0.0593701	0.00294671	0.0179175	0.05251	0.0145411	0.00869251	0.0101481	0.0130863	0.0178451	0.0213635	0.00729707	0.00814309	0.659032	0.0108516	0.00809587	0.0221285	0.016426	0.021162	0.00980118	0.0186416
20	0.295666	0.00391348	0.00142574	0.00202695	0.00183495	0.0249395	0.00157059	0.201598	0.00212921	0.0994925	0.00166136	0.00189838	0.00280903	0.00241134	0.00207609	0.0149556	0.00925848	0.327979	0.000439078	0.0019155
21	0.0366883	0.00273674	0.516665	0.0713066	0.00578457	0.0398963	0.0318625	0.00645701	0.0318666	0.015531	0.00409614	0.0320071	0.0179123	0.0549935	0.0194324	0.0483354	0.0485297	0.0117249	0.00131235	0.00286152
22	0.0580568	0.00246741	0.00295795	0.00354758	0.0457556	0.00357083	0.0200114	0.0376241	0.0202201	0.0400554	0.00289331	0.00332144	0.00203834	0.00477002	0.00290724	0.00722874	0.438103	0.203637	0.000980641	0.0998527
23	0.0735403	0.00348492	0.00998528	0.0105849	0.0980462	0.0597849	0.0111104	0.00766377	0.392122	0.0148635	0.0516918	0.0134549	0.00685053	0.10147	0.0543525	0.0437519	0.033248	0.00891016	0.00137125	0.00371332
24	0.0219887	0.00380878	0.00239689	0.00318453	0.00259757	0.00303652	0.002718	0.298803	0.0417321	0.117651	0.0350681	0.0167046	0.00176344	0.111924	0.0577722	0.00701161	0.0314687	0.223982	0.0146653	0.0017237
25	0.0454927	0.0149994	0.00244173	0.00762364	0.0309563	0.00522508	0.108877	0.0203084	0.168087	0.080729	0.0128275	0.0201462	0.018541	0.0496909	0.339404	0.0209845	0.0235808	0.0167216	0.0016041	0.0117591
26	0.248114	0.00689715	0.0346477	0.136566	0.0014135	0.0444964	0.00978883	0.0125354	0.142612	0.00354533	0.0165699	0.0216435	0.000802808	0.101967	0.0639458	0.125012	0.0205425	0.00666977	0.000327071	0.00190332
27	0.0482811	0.00195122	0.013186	0.0266276	0.0389098	0.0146611	0.0263446	0.0289836	0.0025087	0.0283852	0.0150847	0.00316612	0.584715	0.00368648	0.00266801	0.00513128	0.0301454	0.0305312	0.0343943	0.0606384
28	0.0480194	0.0125125	0.00198332	0.00383895	0.0195668	0.0106006	0.0754499	0.00484684	0.191972	0.0357063	0.0136076	0.00930483	0.0014621	0.0550763	0.424363	0.0223305	0.0388838	0.0188671	0.00323599	0.00837173
29	0.0103707	0.00222327	0.000430968	0.0030046	0.00838467	0.000985825	0.000477199	0.63982	0.000588899	0.0243456	0.014159	0.000563073	0.000256523	0.00078699	0.000481593	0.00112615	0.0079685	0.283483	0.000189085	0.000354863
30	0.0116768	0.00528953	0.000618096	0.000819213	0.0244058	0.00163458	0.00158698	0.121695	0.000800322	0.720591	0.0269097	0.000695526	0.00391419	0.0052979	0.0040053	0.00479577	0.00860838	0.0537159	0.00242068	0.000519996
31	0.038409	0.00859999	0.000932601	0.000955314	0.00228948	0.906255	0.00212585	0.00274302	0.00122746	0.00433232	0.00100733	0.0012626	0.000568022	0.00278768	0.00103129	0.0194235	0.00211066	0.00309277	0.000282968	0.000563041
32	0.0108361	0.000929932	0.00112307	0.00136366	0.287733	0.00168126	0.00639794	0.0150127	0.00129883	0.00770997	0.0075498	0.00145608	0.000765274	0.00160335	0.00134138	0.00258971	0.00279875	0.00263809	0.166794	0.478377
33	0.0316729	0.0020728	0.555961	0.0324614	0.0039757	0.0736401	0.0186768	0.00529824	0.0267796	0.0140553	0.00390458	0.068462	0.0135223	0.0224383	0.0177334	0.0465511	0.049845	0.00910261	0.00111145	0.002735
34	0.50419	0.0286955	0.00246355	0.00649841	0.00320734	0.171323	0.00320999	0.0083388	0.00712272	0.0107873	0.0101011	0.00291856	0.00236121	0.00475461	0.0027476	0.0356903	0.0269395	0.166006	0.000827165	0.00181684
35	0.168241	0.0544143	0.00366443	0.00431091	0.0180788	0.00459896	0.00398761	0.0216646	0.00448224	0.0240967	0.00366936	0.00450741	0.00225747	0.0212731	0.00434292	0.272532	0.0432074	0.321429	0.00116408	0.0180778
36	0.108311	0.0101629	0.00160271	0.00201862	0.00457672	0.78316	0.00405055	0.00406101	0.00165851	0.00783149	0.00268163	0.00139176	0.000919615	0.00430439	0.0015828	0.0418378	0.0102528	0.00806801	0.000696025	0.000831871
37	0.0419492	0.000970265	0.00140718	0.0585905	0.0015284	0.00253805	0.00175344	0.264372	0.022614	0.0168934	0.0227406	0.00164647	0.00166489	0.00213513	0.0178484	0.00361128	0.187312	0.348565	0.00062628	0.00123277
38	0.00842247	0.000627387	0.000530575	0.000869406	0.00114388	0.000682396	0.000581161	0.197385	0.000619827	0.0200364	0.0181657	0.000653667	0.000482455	0.000834539	0.000557056	0.00152645	0.00271614	0.743573	0.000185348	0.000406514
39	0.0291801	0.00215291	0.0252889	0.225912	0.00218809	0.00275683	0.00229613	0.0694804	0.1227	0.0515563	0.00212965	0.0259589	0.00161869	0.0257846	0.0532617	0.00442976	0.0721295	0.278942	0.00075216	0.00148184
40	0.323922	0.00375002	0.0506682	0.188426	0.00177481	0.0319046	0.00459249	0.00563072	0.0996876	0.00314104	0.00719731	0.019208	0.00366741	0.0749629	0.0183405	0.139354	0.00991144	0.0123675	0.000402597	0.00109056
41	0.0591179	0.00143292	0.00111193	0.0312255	0.00141188	0.00216273	0.00128475	0.224147	0.0270239	0.016807	0.0226337	0.00162884	0.00266501	0.00200227	0.0098714	0.00560102	0.178102	0.410207	0.000395477	0.00116701
42	0.0382441	0.00849956	0.00177036	0.00128698	0.00223622	0.899087	0.00316366	0.00277779	0.00199403	0.00461836	0.0015036	0.00240964	0.000883134	0.00375578	0.00160032	0.0195306	0.00256511	0.00306788	0.000295276	0.000711103
43	0.150146	0.00136396	0.151554	0.201537	0.00211864	0.0257535	0.00211989	0.00244616	0.0512489	0.00693758	0.00184901	0.0324158	0.0439881	0.0346944	0.0185886	0.216207	0.0320537	0.0233128	0.000477893	0.00118663
44	0.123297	0.00143054	0.00157316	0.0232126	0.00455394	0.00267309	0.00189783	0.140606	0.0139984	0.0597815	0.00392735	0.00235471	0.144843	0.00287202	0.00296127	0.0110477	0.0580402	0.399224	0.000555074	0.00115031
45	0.0180856	0.00542375	0.227596	0.0140866	0.0044476	0.23076	0.0126724	0.00714012	0.0296048	0.0154944	0.00428752	0.304414	0.00971347	0.0278404	0.0126286	0.0413393	0.0199253	0.00969183	0.00155863	0.00328989
46	0.0856859	0.000807234	0.113667	0.367204	0.00373602	0.00846501	0.0159596	0.00719664	0.0802095	0.00820151	0.00163529	0.0183201	0.00498899	0.148984	0.0644109	0.0304758	0.0283774	0.01024	0.000300966	0.00113416
47	0.0821097	0.000291608	0.0543329	0.211495	0.0013647	0.00990286	0.0176207	0.0121466	0.171049	0.0145926	0.00181181	0.0292311	0.00356231	0.112131	0.186381	0.0313342	0.0456641	0.0138446	0.000141042	0.000992713
48	0.0190473	0.00214267	0.000757263	0.00163526	0.00231496	0.00192684	0.000784813	0.182087	0.00171894	0.0251534	0.0157736	0.00111445	0.00441005	0.00335131	0.00196285	0.00679068	0.0149919	0.712761	0.000498769	0.000777754
49	0.0108361	0.000929932	0.00112307	0.00136366	0.287733	0.00168126	0.00639794	0.0150127	0.00129883	0.00770997	0.0075498	0.00145608	0.000765274	0.00160335	0.00134138	0.00258971	0.00279875	0.00263809	0.166794	0.478377
50	0.0160709	0.00233026	0.00205477	0.00182064	0.260254	0.00477871	0.0133523	0.0153632	0.00149491	0.0101272	0.00802316	0.00415078	0.00191894	0.00284876	0.00182524	0.00327463	0.00319532	0.00426054	0.149766	0.49309
51	0.588058	0.0226741	0.00115493	0.00776818	0.000966461	0.0172423	0.000821777	0.00838191	0.00106183	0.018931	0.000874798	0.00137701	0.000514396	0.0120854	0.00868664	0.264034	0.0367278	0.00776129	0.000307521	0.000570997
52	0.0384307	0.00852897	0.00102312	0.00107493	0.00228602	0.903356	0.00247654	0.00256914	0.00173607	0.00467709	0.000884379	0.00217409	0.000736375	0.00321435	0.001345	0.0194135	0.00214195	0.00309108	0.000283945	0.00055682
53	0.177411	0.018208	0.425722	0.0363074	0.00265955	0.0041491	0.00300092	0.00482586	0.00420756	0.00627955	0.0027491	0.0208889	0.00298246	0.00456482	0.00427207	0.178929	0.0615485	0.0383475	0.000950854	0.00199635
54	0.0652635	0.00118152	0.0405762	0.00243693	0.00188473	0.0735906	0.00207743	0.0512594	0.0320872	0.0322976	0.00149429	0.0869172	0.00159952	0.0663567	0.0575959	0.0581283	0.3803	0.0430175	0.000549167	0.00138644
55	0.0394535	0.00756008	0.00478211	0.0173941	0.0159002	0.00300398	0.0297836	0.0175219	0.173464	0.042224	0.00880416	0.00835333	0.00199279	0.0573599	0.488655	0.0134607	0.0301387	0.0160931	0.0010617	0.0229939
56	0.134683	0.00190943	0.0251321	0.00255315	0.00197007	0.00291899	0.01363	0.00330086	0.00237074	0.0154181	0.00237784	0.0641608	0.285234	0.275646	0.00526936	0.140031	0.0162364	0.00495868	0.000774667	0.00142476
57	0.0385131	0.00866273	0.000862159	0.000977208	0.00245992	0.906212	0.00216045	0.00257145	0.00131875	0.00440244	0.000885601	0.00120146	0.000590276	0.00275467	0.00103137	0.0192651	0.00207801	0.00322123	0.000283083	0.000549044
58	0.137886	0.101074	0.00160596	0.00217181	0.00200747	0.0444404	0.00270457	0.00282091	0.0087186	0.00370486	0.00162428	0.00278861	0.00723111	0.00655987	0.010644	0.615379	0.0419771	0.00469919	0.000818844	0.00114346
59	0.0169164	0.00382295	0.148941	0.00571297	0.108927	0.00725256	0.0594035	0.007799	0.00620125	0.00898214	0.00516923	0.346813	0.0036935	0.00830975	0.00546646	0.0108775	0.0370379	0.0119061	0.00169409	0.195074
60	0.595268	0.0224885	0.00144338	0.0119288	0.000995383	0.020367	0.000891688	0.00657232	0.000995868	0.0145539	0.00107999	0.00117963	0.000659134	0.0195637	0.00681642	0.248789	0.0342155	0.0110846	0.000347599	0.000759488
61	0.0856932	0.000591783	0.0661597	0.504478	0.00169315	0.00190454	0.0151903	0.00578253	0.0289094	0.00274385	0.00087685	0.00837856	0.00233523	0.209071	0.0121611	0.0276082	0.0184392	0.00731186	0.000234824	0.000436296
62	0.00629963	0.013722	0.0019818	0.0269083	0.231227	0.0032042	0.0339554	0.00388314	0.00295145	0.14707	0.00232364	0.00317119	0.00131702	0.0490743	0.0162661	0.00467852	0.00541276	0.00506175	0.000901291	0.44059
63	0.010488	0.00277217	0.00259834	0.0212924	0.0035316	0.0217888	0.110188	0.00509048	0.00381321	0.00610499	0.0218599	0.00444548	0.0103068	0.675836	0.00383711	0.00699733	0.0425148	0.0429366	0.0012436	0.00235425
64	0.226229	0.0532464	0.00211778	0.00327516	0.00599807	0.00516592	0.00733417	0.0787605	0.00262925	0.230039	0.0107304	0.00279375	0.00220365	0.0036521	0.0156646	0.0330781	0.0565995	0.257911	0.000798547	0.001773
65	0.00804362	0.000436601	0.000540264	0.000628941	0.000581058	0.000675056	0.000570056	0.154255	0.000636384	0.0196792	0.0190004	0.000669534	0.000420705	0.000834197	0.000569317	0.00111969	0.00131926	0.78942	0.000196017	0.000405286
66	0.0511376	0.00427345	0.329547	0.049138	0.00268945	0.0384728	0.0232802	0.00322376	0.0415832	0.00614885	0.00455739	0.153021	0.00607048	0.0289311	0.017484	0.110086	0.121001	0.00645321	0.000767927	0.0021335
67	0.257859	0.0386711	0.00539172	0.210479	0.00512224	0.00914702	0.00686095	0.00983238	0.00689255	0.0121178	0.00642716	0.00741205	0.00401997	0.0415286	0.00706335	0.21113	0.0136957	0.0149514	0.00230462	0.129093
68	0.0895474	0.00732606	0.0108495	0.0105918	0.0498205	0.00931986	0.0396033	0.0478775	0.0477644	0.0584836	0.00912611	0.0377497	0.00485484	0.0588689	0.366275	0.0148248	0.0210443	0.0497914	0.00347068	0.0628107
69	0.0112215	0.00772926	0.00063481	0.000818354	0.0214997	0.001332	0.00178966	0.131111	0.000756271	0.704489	0.0281438	0.000706404	0.00272264	0.00476721	0.00377856	0.0071774	0.00692315	0.0618211	0.00194027	0.000638042
70	0.341107	0.0291571	0.00206008	0.00321152	0.00334464	0.0117191	0.00250104	0.0981545	0.00352181	0.0360883	0.00440823	0.00279761	0.00301968	0.00453923	0.00657706	0.0379999	0.0342652	0.37259	0.000811051	0.0021269
71	0.667485	0.00800582	0.00431425	0.00303314	0.0034355	0.0988682	0.0015403	0.00340519	0.00157737	0.00565788	0.00158381	0.00147702	0.000850336	0.00488628	0.0024503	0.133462	0.0265358	0.0301571	0.000464324	0.000809644
72	0.0362214	0.0233988	0.0017225	0.0132482	0.0279716	0.0024718	0.189115	0.0474278	0.208311	0.106768	0.013639	0.043637	0.0529631	0.0306253	0.122947	0.0364846	0.0152096	0.0157416	0.000790702	0.0113052
73	0.436675	0.00316341	0.00372477	0.0052085	0.00466198	0.00716276	0.00454428	0.0288045	0.209941	0.0274428	0.0873181	0.00627228	0.002826	0.0257489	0.0688582	0.00931597	0.0314276	0.0330013	0.00130948	0.0025934
74	0.0597824	0.00280662	0.0178016	0.0538621	0.0150909	0.00825888	0.0103488	0.0140096	0.0172888	0.0196558	0.00670968	0.00862402	0.655325	0.0142185	0.00799885	0.0215947	0.0154877	0.0225642	0.00959189	0.0189798
75	0.0587828	0.000435112	0.0425125	0.135527	0.00332355	0.00641687	0.0302438	0.0238717	0.24281	0.0101424	0.00383012	0.0352041	0.00630616	0.110585	0.182117	0.0354524	0.0536836	0.0153917	0.00135095	0.00201313
76	0.0776594	0.00425308	0.0279962	0.0331196	0.00114182	0.0349998	0.0275679	0.00212063	0.077818	0.00238002	0.00447317	0.220249	0.00093928	0.0484775	0.0329258	0.134194	0.263665	0.0025656	0.000491838	0.00296212
77	0.0159979	0.00556428	0.00417247	0.000823525	0.0788512	0.00145179	0.00260504	0.126691	0.00122909	0.619	0.0262256	0.00122979	0.00329176	0.00806132	0.00383056	0.00376917	0.00925401	0.071348	0.00967148	0.0069325
78	0.0303581	0.000860715	0.0621014	0.0391288	0.00115538	0.0629578	0.0013229	0.00190221	0.0171338	0.00247377	0.00117066	0.081798	0.00747175	0.0163509	0.00130605	0.499405	0.169129	0.00278953	0.000407718	0.000775998
79	0.20869	0.00442293	0.0573024	0.12603	0.00281951	0.0211804	0.0037145	0.00436331	0.0118079	0.0224058	0.002616	0.023526	0.0537571	0.0514085	0.0342055	0.17369	0.0847993	0.110734	0.000966592	0.00155871
80	0.0855578	0.000591703	0.0658223	0.505828	0.00168891	0.00185901	0.0152809	0.00583348	0.0287	0.00267995	0.000874938	0.00825003	0.00225093	0.209151	0.0120546	0.0274013	0.018357	0.00714325	0.000237062	0.000438103
81	0.572048	0.0186214	0.00180718	0.00747644	0.00133671	0.0145719	0.0018394	0.0201866	0.0014838	0.022662	0.00170393	0.00204728	0.000992992	0.0117791	0.014441	0.26042	0.0359418	0.00894314	0.000603296	0.00109425
82	0.52382	0.017956	0.00414812	0.00713764	0.00498024	0.0606059	0.00307269	0.0242668	0.00546016	0.0161803	0.00892356	0.00472857	0.00418495	0.00924531	0.00457004	0.106897	0.0297588	0.158887	0.00124667	0.00393072
83	0.583348	0.0243375	0.00336939	0.00504869	0.00275816	0.0724676	0.00184686	0.00505215	0.00294473	0.00931472	0.00364451	0.00206787	0.00219999	0.00812476	0.00424356	0.181423	0.0250575	0.0607744	0.00056094	0.001415
84	0.0277021	0.00290413	0.00220105	0.00343125	0.00650199	0.00433648	0.00297465	0.262978	0.00286491	0.224134	0.314363	0.00339055	0.00211041	0.00483297	0.00324344	0.0149411	0.0168835	0.0888015	0.00944909	0.00195665
85	0.0727046	0.00334059	0.0177372	0.0515577	0.0127633	0.0095404	0.0103605	0.0138275	0.0181222	0.0216167	0.00704572	0.0101408	0.6304	0.0178238	0.00845401	0.0263222	0.0168247	0.024631	0.00863479	0.0181525
86	0.0219958	0.00657095	0.00206958	0.00316707	0.0240034	0.00531799	0.00375829	0.113377	0.00297514	0.639206	0.0308007	0.00243669	0.00564664	0.00656857	0.00853522	0.00843072	0.0145655	0.0938361	0.00412597	0.00261268
87	0.0309052	0.00859561	0.00294672	0.00413173	0.00285073	0.0032787	0.00243568	0.17146	0.00471727	0.0136536	0.0041122	0.00306677	0.00918566	0.00371901	0.00281054	0.042603	0.102456	0.583935	0.00106753	0.00206907
88	0.216107	0.00134021	0.00298539	0.00234397	0.0207709	0.129643	0.0161958	0.00287891	0.00218958	0.00317174	0.00184559	0.00267407	0.00153992	0.00285943	0.00197192	0.326351	0.239972	0.00420486	0.0102772	0.0106772
89	0.00733551	0.00598694	0.000560074	0.000600509	0.0229672	0.000962453	0.000718017	0.127099	0.000698032	0.728212	0.0270916	0.000629424	0.00282612	0.00513482	0.00402839	0.00487915	0.00543298	0.0521076	0.00222094	0.000509772
90	0.158799	0.011319	0.0168712	0.0153765	0.0160569	0.0402495	0.0169315	0.0315596	0.0220337	0.0353788	0.0193735	0.0329422	0.0108004	0.0235549	0.0206815	0.103527	0.354224	0.0517651	0.00340999	0.0151444
91	0.573415	0.0176515	0.00369862	0.00615434	0.00342466	0.101434	0.00296847	0.0131009	0.00394757	0.0125163	0.00926524	0.00268379	0.00366263	0.00555217	0.00308644	0.0827039	0.031424	0.120462	0.000766729	0.00208195
92	0.0145817	0.00172427	0.00207384	0.00158517	0.252696	0.00367963	0.00982448	0.0140412	0.00136294	0.0101497	0.00757024	0.00291987	0.00169231	0.00180758	0.00173341	0.00269896	0.00296308	0.00348826	0.160231	0.503176
93	0.0874624	0.00155257	0.067959	0.47093	0.00341722	0.00371731	0.0147753	0.00676246	0.0427807	0.00566515	0.00150617	0.0111196	0.00366923	0.187687	0.0291226	0.0287781	0.0221564	0.0099452	0.000238412	0.000755042
94	0.221701	0.0265141	0.00180827	0.00253368	0.0085284	0.111933	0.00176139	0.0709976	0.00284378	0.126362	0.141451	0.00874096	0.00279666	0.00289747	0.00214663	0.0925883	0.0967556	0.0755931	0.000728498	0.00131781
95	0.00757258	0.00526585	0.000616504	0.000606494	0.0251236	0.000981208	0.000578764	0.123935	0.000716417	0.731059	0.0289231	0.00063002	0.00278844	0.00545982	0.003966	0.00392093	0.00538567	0.0494717	0.00238196	0.00061713
96	0.0168996	0.00348029	0.000407284	0.000629278	0.0184242	0.000991559	0.00063441	0.242473	0.000661502	0.525781	0.0197379	0.00204057	0.00164995	0.0036938	0.00253444	0.00452941	0.00631693	0.140001	0.00122683	0.00788733
97	0.0508129	0.00683967	0.00238483	0.00575547	0.0248221	0.0155157	0.00748042	0.0816598	0.00481023	0.571799	0.0737656	0.00475298	0.00519525	0.00858913	0.00719388	0.0124704	0.0256909	0.0821435	0.00645918	0.00185961
98	0.0104139	0.0022225	0.000432849	0.00298833	0.0082693	0.000988584	0.000499342	0.640103	0.000587534	0.0242154	0.0141375	0.000559738	0.000254834	0.000796097	0.000491394	0.00114045	0.00800924	0.283345	0.000188168	0.000356683
99	0.0109739	0.00246194	0.000471814	0.00275915	0.00837165	0.000970928	0.000587688	0.639385	0.000621441	0.0290125	0.015768	0.000566091	0.000240437	0.000898209	0.000530318	0.00129033	0.00938752	0.274938	0.000194813	0.000570925
100	0.0115025	0.00275786	0.135838	0.00541928	0.00398157	0.0984463	0.00599094	0.00528947	0.00482218	0.00634534	0.00376676	0.642787	0.0021251	0.00610673	0.00399851	0.0352668	0.0131218	0.00770275	0.00099706	0.00373439
101	0.0556176	0.0106257	0.000833066	0.000998814	0.00320335	0.877401	0.00315463	0.00335941	0.00118076	0.00624102	0.000980281	0.00100697	0.000653395	0.00334824	0.00110407	0.0228257	0.00221874	0.00422829	0.000460335	0.00055895
102	0.640216	0.0129707	0.00397997	0.00445106	0.0029085	0.0713479	0.00142772	0.0040548	0.00161959	0.00739811	0.00151911	0.00162285	0.000961935	0.00748055	0.00356035	0.180219	0.0284022	0.0243555	0.000581138	0.000923641
103	0.0391543	0.00872138	0.00129263	0.00137918	0.00276117	0.899502	0.0032623	0.00280827	0.00171789	0.00499043	0.000998146	0.00191951	0.000755534	0.0030366	0.00127556	0.0195809	0.00217069	0.00369987	0.000417852	0.000556167
104	0.0396053	0.00871465	0.0011785	0.00151744	0.00248529	0.894245	0.00257138	0.00640036	0.00132695	0.00471587	0.00157941	0.00152506	0.000770003	0.00322978	0.00152008	0.0194132	0.00297036	0.0046917	0.000328823	0.00121086
105	0.0154372	0.00210731	0.00173992	0.00273619	0.00262057	0.00225582	0.00196429	0.156743	0.00209214	0.02132	0.0167724	0.00154496	0.00272672	0.00199431	0.00224813	0.00651304	0.0136178	0.743597	0.000937752	0.0010316
106	0.0427145	0.00848784	0.00157972	0.00158705	0.00249875	0.887461	0.00281704	0.0026563	0.00144971	0.00445937	0.000921318	0.00175205	0.000779664	0.0032479	0.00126139	0.0262786	0.00534462	0.00353758	0.000454902	0.000711096
107	0.232134	0.0468139	0.0125081	0.0122238	0.00488456	0.0427716	0.00690163	0.00890957	0.0107717	0.0112675	0.00507217	0.0101343	0.00905371	0.0120449	0.0126468	0.461507	0.0742173	0.0191826	0.00229055	0.00466391
108	0.0392647	0.00305625	0.00243781	0.00347277	0.003106	0.00430895	0.00253109	0.326494	0.0032355	0.0875312	0.340337	0.00368499	0.00182623	0.00459172	0.00296249	0.0208989	0.0217338	0.112359	0.0143071	0.00186064
109	0.232969	0.0197421	0.00189623	0.00432028	0.00720242	0.107453	0.00251158	0.0606921	0.00483969	0.115062	0.170549	0.008061	0.00295295	0.00394389	0.00275531	0.06453	0.0969888	0.0912566	0.000859464	0.00141517
110	0.0123197	0.00274091	0.00275244	0.00372956	0.00336016	0.00493838	0.00393712	0.361392	0.00419146	0.0789136	0.0028979	0.00550115	0.00316313	0.00473103	0.00364183	0.0700822	0.350261	0.0778714	0.00124317	0.00233223
111	0.0819453	0.0113196	0.0254021	0.0334895	0.0113138	0.023048	0.02488	0.0161409	0.046887	0.024449	0.011444	0.0378509	0.139783	0.23565	0.086215	0.118667	0.036949	0.0255182	0.0034702	0.00557731
112	0.00745395	0.00519309	0.000668604	0.000635277	0.024961	0.00100564	0.000615574	0.125006	0.000721729	0.728335	0.0314318	0.000707081	0.00272444	0.00585322	0.00391858	0.00392664	0.00533842	0.048502	0.00236141	0.000640844
113	0.139082	0.0215238	0.00431093	0.00653557	0.0149497	0.0125621	0.0127697	0.0699387	0.00611866	0.397251	0.0388964	0.00623087	0.00668137	0.00687664	0.00967244	0.0220916	0.0671668	0.152386	0.00140934	0.00354576
114	0.103221	0.0101211	0.00141032	0.00440032	0.00325416	0.0239094	0.098734	0.00259079	0.308874	0.00727316	0.00536953	0.0288172	0.00133696	0.0443023	0.203753	0.0631454	0.0506065	0.0269174	0.011013	0.000950969
115	0.0267813	0.00173278	0.0427176	0.0182044	0.0060369	0.417625	0.0159741	0.00347966	0.0901958	0.0347587	0.00497665	0.127073	0.029218	0.0751181	0.026295	0.060368	0.0108643	0.00522895	0.000857003	0.00249452
116	0.0487276	0.00379336	0.00143669	0.00607562	0.0427376	0.0227023	0.0126078	0.0686398	0.00158287	0.477295	0.101101	0.00175983	0.015145	0.00264992	0.00662117	0.00540266	0.0317617	0.147978	0.000850316	0.00113053
117	0.00958385	0.000925174	0.0138539	0.0473813	0.0026232	0.0085556	0.0617752	0.0348238	0.282881	0.00276003	0.0132989	0.0726037	0.0130365	0.0970721	0.163913	0.035783	0.10293	0.0309079	0.00431643	0.000975159
118	0.00798912	0.000485197	0.000506993	0.00068151	0.000836699	0.000671989	0.000556125	0.16869	0.000613646	0.0201442	0.0184638	0.00062849	0.000400696	0.000791729	0.00056234	0.00113345	0.00145381	0.774797	0.00018507	0.000408412
119	0.0350047	0.00116041	0.000498522	0.000947564	0.00787441	0.00131673	0.000632877	0.394097	0.000844786	0.247824	0.00341504	0.00435275	0.000392413	0.00239753	0.000864139	0.00574438	0.00987359	0.262695	0.000248576	0.019816
120	0.653913	0.00275051	0.00360551	0.00325665	0.00389224	0.0781985	0.00266103	0.00403622	0.00347439	0.00451072	0.00405217	0.0025016	0.00210782	0.00384318	0.00258296	0.0424332	0.137585	0.0422827	0.00096886	0.00134376
121	0.0549932	0.00981401	0.0173668	0.013541	0.00438539	0.032835	0.00567049	0.00480011	0.00790977	0.00537583	0.00313634	0.0333376	0.00763368	0.00947427	0.00377412	0.533265	0.241259	0.00680919	0.0014732	0.00314631
122	0.39269	0.00468921	0.0051049	0.0037945	0.0123224	0.103327	0.00986175	0.00418676	0.00286655	0.00669662	0.00479323	0.00659107	0.00289634	0.00525192	0.00261213	0.232896	0.174621	0.0137338	0.00520751	0.00585813
123	0.169726	0.00834216	0.00484011	0.00513253	0.0333683	0.224576	0.0308032	0.00648223	0.00437718	0.00969386	0.00337212	0.00515038	0.0070797	0.00691381	0.00405744	0.299332	0.154274	0.00915447	0.00580855	0.00751641
124	0.0286232	0.00251914	0.0126556	0.0369775	0.0039173	0.0148446	0.0617734	0.0266529	0.272584	0.00882678	0.00953845	0.0713108	0.00974759	0.0929213	0.208222	0.0585117	0.0494765	0.022315	0.00567984	0.00290254
125	0.0764601	0.00137706	0.0508929	0.151921	0.00228676	0.00496916	0.00233519	0.00304097	0.0389879	0.0146777	0.00168042	0.0152856	0.515474	0.0224736	0.0150431	0.0548206	0.00920177	0.0175164	0.000625275	0.000930048
126	0.0854865	0.000591707	0.0659644	0.505825	0.0016859	0.00187947	0.0152892	0.00586704	0.0288303	0.00268661	0.000874424	0.00824671	0.00225906	0.208859	0.0120587	0.0274013	0.0183946	0.00712739	0.000241193	0.000432152
127	0.0468044	0.00482507	0.0154313	0.0123369	0.00274484	0.0214041	0.003047	0.00315735	0.00717287	0.0047391	0.00222726	0.0378549	0.0035808	0.00830346	0.00245054	0.565783	0.248957	0.00618095	0.00104351	0.00195523
128	0.469872	0.0166537	0.00338467	0.00879834	0.00451295	0.0592545	0.00373173	0.0546752	0.00752883	0.0348798	0.011366	0.00482349	0.00962681	0.00689119	0.00539234	0.0414846	0.0295973	0.223742	0.00151941	0.00226493
129	0.0149743	0.00206238	0.561112	0.0295772	0.0026843	0.020687	0.112519	0.00388948	0.0388682	0.00756316	0.00243493	0.0411047	0.00588442	0.0257744	0.00753285	0.0471726	0.0661039	0.00693729	0.00122125	0.00189676
130	0.0774218	0.00204084	0.0532997	0.0293714	0.0542712	0.01593	0.248466	0.0713327	0.0416104	0.037958	0.00350388	0.0185263	0.0016501	0.0435743	0.0203785	0.00596817	0.0316328	0.0455178	0.000987252	0.196559
131	0.0220323	0.00752968	0.00117941	0.00164892	0.0012704	0.00172326	0.00137741	0.184326	0.00259853	0.0100222	0.0023438	0.00171587	0.00985143	0.00171342	0.00152107	0.0356567	0.0908037	0.621356	0.000425224	0.000904459
132	0.0361253	0.000962637	0.000483763	0.000806292	0.00808368	0.00120923	0.000666712	0.380061	0.00081108	0.258285	0.0030235	0.00452449	0.000395718	0.00216174	0.000828986	0.00541623	0.00944461	0.266144	0.000252306	0.0203128
133	0.00932007	0.00235982	0.171888	0.00374394	0.00292618	0.0867465	0.00281056	0.00420972	0.00322682	0.005332	0.00324573	0.640897	0.00173922	0.0043094	0.0031602	0.0373236	0.00743578	0.00640829	0.000879727	0.00203714
134	0.0303479	0.00548116	0.0172762	0.0122002	0.0615722	0.0201707	0.243858	0.0174688	0.0418437	0.0290652	0.00728198	0.0298405	0.00335809	0.0213968	0.142344	0.0171645	0.0351381	0.0145522	0.00416597	0.245474
135	0.0108522	0.000836551	0.0133647	0.0080594	0.036671	0.0279233	0.319956	0.00208173	0.0744785	0.00246267	0.00705263	0.0450076	0.000825022	0.0167759	0.268652	0.031685	0.059418	0.00326088	0.000613251	0.0700243
136	0.027299	0.0034204	0.00421523	0.00613319	0.13702	0.00715341	0.00500156	0.100016	0.00607499	0.112454	0.00862228	0.00575942	0.144529	0.00685216	0.00501025	0.0129407	0.0134886	0.386138	0.00272471	0.00514601
137	0.0377937	0.00149038	0.59573	0.0442835	0.00190046	0.0552228	0.0153285	0.00251811	0.0310333	0.0125525	0.00185623	0.0266649	0.0173008	0.0217472	0.0195389	0.0567093	0.0505542	0.00578487	0.000667069	0.00132302
138	0.0762406	0.0144755	0.0140059	0.00285953	0.0601398	0.039483	0.0518464	0.0156656	0.00250832	0.0184885	0.0137262	0.0273258	0.0135757	0.00323883	0.00387743	0.00517975	0.00557086	0.0178916	0.0155104	0.59839
139	0.015448	0.00252647	0.000500974	0.00349857	0.00753259	0.00117594	0.000624578	0.653071	0.000694742	0.0252837	0.0147174	0.000606455	0.000314282	0.000899739	0.00057798	0.00149	0.0081397	0.260955	0.00023708	0.0017057
140	0.0383872	0.00685146	0.0137308	0.00177766	0.24609	0.00220648	0.0081115	0.179137	0.00217505	0.209412	0.0278384	0.00213397	0.0021545	0.00397799	0.00164283	0.00378162	0.0192087	0.180115	0.0187696	0.0324982
141	0.0128467	0.244372	0.0246	0.031393	0.0248482	0.0894307	0.00378097	0.169262	0.00427376	0.0807088	0.0256529	0.144087	0.00298072	0.00565464	0.00409883	0.0469943	0.00905415	0.0716053	0.00146619	0.00289048
142	0.05721	0.0931854	0.00440272	0.00605917	0.0403094	0.00786124	0.00572536	0.00959762	0.00653602	0.322748	0.00763848	0.0384477	0.00429634	0.00901789	0.00621694	0.047995	0.275987	0.0493731	0.00249438	0.00489785
143	0.155266	0.00328337	0.00455292	0.00463627	0.0269681	0.00679703	0.109357	0.00766448	0.0244144	0.009228	0.00482449	0.242013	0.0254306	0.0488926	0.00454325	0.0651753	0.107103	0.0351641	0.00202295	0.112664
144	0.10914	0.000660398	0.119519	0.385517	0.00388013	0.0128667	0.0105255	0.00491923	0.0809526	0.00811025	0.00183433	0.0216447	0.0110061	0.0967545	0.0517562	0.0434163	0.027411	0.00874892	0.000274611	0.00106234
145	0.0927451	0.0277833	0.00137735	0.00324867	0.0160498	0.00599309	0.0170452	0.103051	0.00158766	0.427473	0.040429	0.00157283	0.00257015	0.00239341	0.00606535	0.0226471	0.0388494	0.18737	0.000636173	0.00111229
146	0.0149185	0.00436669	0.000624895	0.00288249	0.00911511	0.00129624	0.000622421	0.619777	0.00101343	0.0430181	0.0370922	0.000837623	0.000339857	0.00161471	0.000989972	0.00264089	0.00932238	0.247453	0.00104369	0.00103084
147	0.282789	0.00391708	0.00230947	0.00260789	0.00239614	0.0161173	0.00939044	0.00385056	0.310525	0.00486369	0.00417073	0.0548202	0.00153922	0.00661248	0.154943	0.0248148	0.0446827	0.0652996	0.00270695	0.00164422
148	0.0717251	0.00274981	0.0189395	0.0535851	0.0120752	0.008099	0.0095828	0.0135261	0.0170374	0.0191579	0.00667986	0.00860635	0.643843	0.0143002	0.00815112	0.0247949	0.0150354	0.0267658	0.00866758	0.0166785
149	0.0175541	0.00287504	0.0349204	0.0773325	0.210952	0.0529833	0.0781637	0.00879589	0.0562102	0.113115	0.0476135	0.029864	0.00350295	0.118603	0.0303421	0.0112116	0.0122177	0.0122039	0.00165073	0.079889
150	0.0489118	0.0091456	0.000890587	0.000946443	0.00254004	0.892094	0.00237307	0.00274023	0.00110897	0.00466178	0.00100903	0.000974237	0.000590911	0.00285426	0.00107912	0.0207258	0.00259979	0.00379284	0.000399853	0.000561312
151	0.0503518	0.00465407	0.0013518	0.00712735	0.00348355	0.0399614	0.158071	0.00166324	0.230186	0.00975476	0.0079222	0.0212477	0.00102616	0.0665871	0.229031	0.0739823	0.0661797	0.0168553	0.00867422	0.00188953
152	0.0165376	0.00408064	0.00411599	0.0020994	0.0771638	0.00140542	0.00276053	0.495992	0.000924425	0.111646	0.0220568	0.00145578	0.00043573	0.00157081	0.00091628	0.00216214	0.0106654	0.229644	0.0047961	0.00957065
153	0.253379	0.145212	0.00294758	0.00375881	0.00296988	0.216891	0.00294186	0.00561485	0.00443591	0.0256112	0.00455759	0.00345157	0.00195358	0.00487168	0.00306221	0.0282549	0.0574314	0.228907	0.00117089	0.00257807
154	0.20001	0.0361565	0.00197161	0.0028934	0.0143091	0.0834856	0.0021515	0.0544901	0.00307414	0.133859	0.119312	0.0147303	0.00340098	0.0035031	0.00264372	0.131643	0.104069	0.0858564	0.00080234	0.00163766
155	0.142384	0.00944637	0.00235953	0.00811078	0.00880178	0.0361002	0.00326587	0.280864	0.0059266	0.104932	0.0249976	0.00463476	0.00759182	0.00519445	0.00411924	0.0193051	0.0552248	0.271422	0.000895222	0.00442396
156	0.0760259	0.0149509	0.0903557	0.0488454	0.00562987	0.00849742	0.0103651	0.0110554	0.0107184	0.0774687	0.00609448	0.012096	0.00841234	0.0119547	0.0110324	0.113976	0.0984904	0.377261	0.00268269	0.00408758
157	0.122732	0.00161608	0.00171951	0.0369601	0.0138768	0.0374797	0.00208924	0.0150526	0.115075	0.268478	0.0021864	0.00278292	0.284758	0.0176379	0.00230125	0.00470235	0.0285601	0.0396771	0.000790792	0.00152447
158	0.0313187	0.00947823	0.0167041	0.00175753	0.247221	0.00278724	0.00819769	0.148175	0.00212437	0.259775	0.03694	0.00171451	0.00196061	0.004778	0.00206725	0.0044086	0.0197673	0.1482	0.0228794	0.0297447
159	0.0746676	0.00347103	0.0036672	0.00480129	0.137612	0.0359585	0.00414018	0.00864077	0.432232	0.00885957	0.0612835	0.00472349	0.00320932	0.0997577	0.0426656	0.0231871	0.0365522	0.00995762	0.00139154	0.0032223
160	0.0935673	0.00190413	0.0712693	0.0168872	0.0419372	0.091718	0.0275261	0.00376135	0.0437278	0.0749024	0.0283966	0.0947391	0.0551987	0.101114	0.0311228	0.131202	0.0688367	0.0056508	0.000840577	0.0156977
161	0.0444384	0.00439299	0.00690458	0.0213094	0.0180544	0.0101037	0.0320875	0.163745	0.266809	0.028911	0.0411765	0.0300582	0.00779634	0.0728036	0.133929	0.0247416	0.0308689	0.0545241	0.00399743	0.00334824
162	0.210378	0.126539	0.00303299	0.00427469	0.00332798	0.0663551	0.00380795	0.00494139	0.0397237	0.00638584	0.00349855	0.00428171	0.0217683	0.0247167	0.048417	0.399399	0.0163172	0.00920027	0.0010883	0.0025466
163	0.313852	0.00400216	0.0013642	0.001843	0.0016674	0.0269377	0.00157401	0.188751	0.00205889	0.094319	0.00172127	0.00190549	0.00156782	0.00236303	0.00191133	0.015415	0.00867531	0.328606	0.00041612	0.00104952
164	0.085753	0.00199119	0.0288442	0.00503842	0.00244942	0.086356	0.00343607	0.0457749	0.0349774	0.0246978	0.00252546	0.0742589	0.00164383	0.0689774	0.0761411	0.078284	0.344834	0.0311501	0.000847706	0.00201912
165	0.0316404	0.00802047	0.018234	0.0018952	0.264657	0.00258125	0.0107896	0.157141	0.00237965	0.199929	0.0331126	0.00204446	0.00187931	0.00427516	0.00181324	0.00405158	0.0247091	0.174556	0.0253326	0.0309592
166	0.124842	0.0643619	0.0459411	0.0365489	0.00550985	0.00707252	0.0447001	0.00727519	0.0276918	0.0374672	0.005326	0.0288093	0.00604307	0.00933173	0.0284666	0.220967	0.092373	0.202032	0.00170415	0.00353702
167	0.0595068	0.0397859	0.00514399	0.00701472	0.0753299	0.0074723	0.077375	0.111393	0.00815615	0.014261	0.0396666	0.0464392	0.0051343	0.0436868	0.00725133	0.0802734	0.0498657	0.0478118	0.163987	0.110445
168	0.0528722	0.114001	0.0207163	0.226125	0.0156873	0.0333925	0.016643	0.0488606	0.0223331	0.0405529	0.0168143	0.11563	0.0105966	0.0254944	0.0197338	0.0433128	0.0397541	0.123037	0.0046656	0.00977783
169	0.0202849	0.017662	0.00212127	0.00275326	0.475765	0.0165937	0.00221856	0.00454508	0.00262193	0.216591	0.0558498	0.00311102	0.00191122	0.00429539	0.0155897	0.0451786	0.0179271	0.00600661	0.018048	0.0709258
170	0.0330494	0.0037538	0.00181919	0.00357845	0.0160461	0.00666528	0.00382254	0.247989	0.00355944	0.130806	0.137823	0.00368272	0.00378349	0.00876902	0.00418445	0.0115053	0.0206274	0.351044	0.00494201	0.00255002
171	0.0935963	0.00195762	0.0542094	0.209536	0.00103392	0.0308579	0.0144746	0.0147009	0.150348	0.00998452	0.00934413	0.0264436	0.00249156	0.0951039	0.15803	0.0724921	0.0431454	0.00915786	0.000242133	0.00285011
172	0.0248266	0.00627466	0.00669187	0.0195268	0.00906168	0.0202183	0.235275	0.0141525	0.0164008	0.0195277	0.0163514	0.0160532	0.0494546	0.436042	0.0146275	0.0184536	0.0355961	0.0309831	0.00255311	0.00792989
173	0.0120768	0.00185773	0.016831	0.025932	0.00244444	0.514293	0.0741108	0.00375116	0.0459484	0.0137614	0.00219947	0.104354	0.0106901	0.0803534	0.0318087	0.0457583	0.0057195	0.00548065	0.00081844	0.00181117
174	0.0812062	0.000362921	0.0638105	0.212613	0.0012655	0.0123403	0.0179672	0.0114616	0.164767	0.0143464	0.00179082	0.0304086	0.00343841	0.111281	0.182667	0.0329668	0.0423029	0.0135402	0.000141232	0.00132351
175	0.0674522	0.00263473	0.00312202	0.0219198	0.00338905	0.00485271	0.00375304	0.729878	0.00348213	0.047137	0.0239976	0.0038813	0.0020942	0.00562022	0.00390287	0.00835539	0.00861407	0.0127085	0.00108568	0.0421199
176	0.0129943	0.00554331	0.00113802	0.00144486	0.0245377	0.00192759	0.00228179	0.136046	0.00225345	0.683728	0.0290294	0.00129808	0.00312633	0.00659604	0.00504321	0.00567293	0.00960107	0.0639329	0.0023564	0.00144819
177	0.100987	0.00805495	0.0563019	0.0633016	0.0015116	0.0319607	0.0210595	0.00206757	0.0797187	0.00242355	0.00876513	0.217781	0.000839538	0.0509683	0.0348786	0.100121	0.214753	0.00304834	0.00047336	0.000984307
178	0.0403179	0.000964434	0.000501494	0.00081433	0.00773002	0.00162086	0.000660193	0.378007	0.000837939	0.255816	0.00295818	0.00444477	0.00039445	0.00213004	0.000822161	0.00549887	0.00959625	0.266688	0.000249499	0.0199478
179	0.598201	0.0217058	0.00110981	0.00794828	0.000872228	0.0170683	0.000825389	0.00864169	0.00099956	0.0189925	0.000853057	0.00110876	0.000497568	0.0124267	0.00888347	0.256765	0.0345534	0.00767907	0.00030884	0.000559573
180	0.0885879	0.00155082	0.0656324	0.215387	0.000954138	0.0324587	0.0149389	0.0135404	0.144514	0.0106676	0.00746184	0.0285042	0.00288503	0.0961356	0.156334	0.066668	0.0404227	0.00977858	0.000178567	0.00340035
181	0.0161913	0.00354723	0.00436007	0.0324468	0.0319568	0.00576341	0.00444181	0.00725281	0.0612039	0.438447	0.159674	0.0345123	0.00389433	0.0602273	0.00568098	0.0100545	0.0108964	0.0120282	0.0945397	0.00288041
182	0.0359907	0.000995908	0.000483607	0.000802073	0.00810225	0.00121637	0.000663898	0.379844	0.000811793	0.25825	0.00302171	0.00457522	0.000396703	0.0023002	0.000828894	0.00543504	0.00943537	0.266245	0.000252306	0.0203496
183	0.0110945	0.000832258	0.0127854	0.0403255	0.00255747	0.00531079	0.0587616	0.0410694	0.330761	0.00274322	0.0117564	0.0604944	0.0113629	0.111087	0.179213	0.0403882	0.0466765	0.0262849	0.00487542	0.00161967
184	0.0527091	0.0523263	0.00278392	0.00375883	0.00337458	0.0701449	0.0555749	0.00487696	0.00424015	0.0067192	0.0036183	0.00348071	0.130445	0.00522941	0.00400194	0.39609	0.189325	0.00787433	0.00119856	0.00222814
185	0.0652903	0.0063603	0.00718864	0.00738186	0.00792507	0.0118444	0.0615464	0.0909415	0.00999505	0.0545703	0.00811574	0.0928875	0.0428188	0.0144427	0.00860837	0.131398	0.31009	0.0586335	0.00258407	0.00737738
186	0.0472198	0.00525892	0.00106131	0.00787861	0.0283059	0.0179837	0.0176634	0.0643332	0.00130883	0.493188	0.0993424	0.0015382	0.00723547	0.00197355	0.00869208	0.00578884	0.0447866	0.145137	0.000443382	0.000860143
187	0.0924292	0.00551419	0.0397993	0.0453251	0.00117495	0.0370176	0.0264711	0.00180283	0.0772979	0.00202997	0.00570044	0.224661	0.000816297	0.0492369	0.0321438	0.110063	0.243715	0.0024691	0.000466885	0.00186529
188	0.134751	0.00186576	0.00197017	0.0150632	0.015724	0.00344872	0.00250789	0.115917	0.0100108	0.0794702	0.0022676	0.00257664	0.157852	0.00319241	0.00240093	0.0170442	0.0327553	0.398974	0.000682775	0.00152452
189	0.154582	0.000987274	0.141646	0.422627	0.00801171	0.00618971	0.00663994	0.00275252	0.0468989	0.0097976	0.00140054	0.0166154	0.00783122	0.0930564	0.0125828	0.0361048	0.0200928	0.0109615	0.000402537	0.000819111
