465	20
1	0.0705649	0.0281296	0.0136834	0.0102508	0.0819744	0.00296636	0.0246017	0.0769456	0.0231165	0.216726	0.0545512	0.00921253	0.0265787	0.0273273	0.0202286	0.0799182	0.0436123	0.137268	0.0195014	0.0328419
2	0.0707508	0.0277893	0.0135089	0.0102133	0.082244	0.00295118	0.0244075	0.0772053	0.0227794	0.216975	0.0547838	0.00926412	0.0266075	0.0273514	0.0201822	0.0797527	0.0435695	0.137331	0.019558	0.0327752
3	0.0706273	0.0248504	0.00960668	0.00685739	0.0922328	0.00358672	0.0186025	0.0864121	0.0179972	0.245433	0.0508013	0.00908241	0.0247795	0.0218976	0.0189096	0.0683394	0.045164	0.143093	0.016505	0.0252221
4	0.0529459	0.00692179	0.00186496	0.00220404	0.142716	0.00369681	0.00313099	0.096608	0.00343865	0.355559	0.0246709	0.0161055	0.0348419	0.00534785	0.0105156	0.0393463	0.0526226	0.127451	0.00355818	0.0164538
5	0.0527743	0.00621564	0.00158514	0.00207296	0.144997	0.00381443	0.00270936	0.0988372	0.0028216	0.359609	0.0235705	0.0161563	0.0355265	0.00458088	0.00995951	0.0383007	0.0534957	0.124338	0.00308468	0.0155499
6	0.293555	0.0130606	0.00688855	0.00585484	0.013988	0.0276816	0.00205281	0.0692949	0.00202332	0.0501794	0.0153685	0.00516724	0.00557334	0.00946866	0.00689702	0.155367	0.178515	0.133745	0.0037716	0.00154703
7	0.0069744	0.000399106	0.000345708	0.000303594	0.0503703	0.000574534	0.00144365	0.0673866	0.000565794	0.762185	0.040212	0.00108156	0.00105698	0.00093255	0.000422817	0.00728825	0.00157043	0.0531457	0.00212016	0.00162113
8	0.0178466	0.00465591	0.00237899	0.00176521	0.127916	0.00193819	0.00618867	0.0657137	0.00465454	0.579506	0.0384893	0.0044685	0.00748517	0.0144078	0.00491629	0.0268737	0.0114108	0.0572396	0.00777494	0.0143694
9	0.017982	0.00249493	0.0271884	0.0983225	0.00135992	0.0223146	0.0300311	0.0119915	0.225691	0.0293114	0.0135209	0.0383869	0.00127322	0.219079	0.164418	0.0342372	0.0301442	0.0210535	0.00830492	0.00289526
10	0.0127135	0.00033518	0.00292321	0.00136023	0.025437	0.000691292	0.00125483	0.264927	0.000458259	0.376863	0.0636679	0.0027654	0.0018037	0.000552965	0.000776068	0.00464884	0.00869435	0.228532	0.00122316	0.000372459
11	0.0254522	0.00406557	0.0229452	0.0428906	0.00163424	0.0179118	0.0119284	0.0175046	0.328375	0.0211504	0.0181428	0.0472413	0.00139549	0.083133	0.222141	0.0532876	0.0435242	0.025484	0.0078647	0.00392823
12	0.0233607	0.00252183	0.0243626	0.0603369	0.00112773	0.0207155	0.0164022	0.014709	0.302247	0.0230507	0.0174307	0.0456055	0.000971216	0.12741	0.202227	0.0467835	0.0379085	0.0243786	0.00588865	0.00256204
13	0.0247948	0.0109899	0.00750989	0.0156581	0.0878179	0.0130706	0.128711	0.0760993	0.0434505	0.159045	0.0706391	0.0182914	0.00674066	0.138059	0.0442763	0.0370819	0.0236813	0.0378337	0.0142087	0.0420416
14	0.0063735	0.000366353	0.000585807	0.000821877	0.0504193	0.000611871	0.00189278	0.0639434	0.000966612	0.76702	0.0407419	0.00121578	0.000759907	0.00144706	0.000666178	0.0077584	0.00165238	0.048657	0.00235834	0.00174134
15	0.0441778	0.00297692	0.170396	0.0782725	0.0188547	0.275529	0.052303	0.0023208	0.025559	0.00708447	0.00167158	0.140643	0.00150352	0.0178082	0.0507058	0.0613832	0.0152309	0.00616955	0.0094257	0.0179849
16	0.0098497	0.0449002	0.0115919	0.00103133	0.163703	0.00141437	0.0745898	0.00719733	0.0011359	0.0240429	0.00122443	0.0523016	0.0006949	0.00655412	0.0290203	0.032468	0.0177727	0.00846167	0.00772479	0.504321
17	0.0297641	0.00371396	0.00223657	0.00374626	0.00175954	0.00470775	0.0115777	0.00927784	0.00967158	0.0178209	0.011979	0.0130587	0.690919	0.0278293	0.00646089	0.11306	0.0351442	0.00434604	0.00108747	0.00183946
18	0.109138	0.00364232	0.0424682	0.073954	0.00990798	0.0494833	0.0264322	0.0190126	0.0700832	0.0380837	0.0140164	0.0397935	0.0575134	0.0700233	0.0819923	0.155669	0.0706889	0.0483293	0.00508424	0.0146845
19	0.348004	0.00767919	0.0119763	0.00848171	0.0165316	0.0206886	0.00269354	0.0655664	0.00326332	0.044096	0.026905	0.00406103	0.0135497	0.0203327	0.00628126	0.120953	0.10829	0.16573	0.00310692	0.00181097
20	0.0499646	0.0110115	0.00806642	0.0145891	0.048342	0.0131369	0.0133091	0.0670455	0.032238	0.380239	0.0452676	0.0121288	0.0159906	0.0217175	0.0212719	0.0738764	0.0414299	0.112264	0.0073063	0.010804
21	0.0720164	0.00139869	0.135586	0.165186	0.00471256	0.126396	0.0340434	0.0050531	0.049729	0.00748257	0.00554276	0.0888552	0.0176846	0.0575943	0.0397743	0.0993007	0.0554382	0.0274033	0.00191436	0.0048885
22	0.0171993	0.0053455	0.339578	0.0489279	0.00298668	0.0362836	0.0201357	0.0070879	0.0283187	0.00414599	0.000837404	0.272303	0.00076464	0.0221843	0.0224889	0.131208	0.0212432	0.00501744	0.000531688	0.0134121
23	0.010866	0.00103927	0.000992231	0.00150416	0.469296	0.00181089	0.00307358	0.0536972	0.0012478	0.332211	0.0277676	0.00370912	0.0237065	0.00744646	0.0030154	0.00934104	0.0094801	0.020487	0.0013925	0.0179167
24	0.0279619	0.522475	0.0036205	0.0149564	0.0191222	0.0211923	0.0123286	0.00818984	0.00476194	0.017733	0.0163916	0.00663816	0.00332872	0.00489029	0.0248159	0.172098	0.0290918	0.0223409	0.0285961	0.0394665
25	0.069027	0.0101078	0.0498668	0.014208	0.0293847	0.0868963	0.0633626	0.00538606	0.0644314	0.0121687	0.00490288	0.115601	0.020147	0.0399776	0.0620983	0.237131	0.034035	0.00821528	0.0089066	0.0641461
26	0.0793727	0.0119274	0.00438037	0.00611253	0.0340718	0.0457536	0.00587382	0.26348	0.00575324	0.184242	0.0127691	0.0191773	0.00349642	0.0135705	0.00675827	0.148288	0.0877827	0.0564973	0.00348403	0.00720931
27	0.041356	0.00298996	0.182525	0.0799671	0.0178603	0.277457	0.0526589	0.00220177	0.0235164	0.00617806	0.00131527	0.145361	0.000850576	0.0163982	0.0494337	0.0536966	0.0139853	0.0057985	0.00877232	0.0176777
28	0.0163515	0.00548221	0.301538	0.0451981	0.00329551	0.0454131	0.0196454	0.00746251	0.0329882	0.00410791	0.000918513	0.287673	0.000694611	0.0252885	0.0263052	0.137742	0.0224021	0.00458907	0.000651759	0.0122527
29	0.0790064	0.00399187	0.0178071	0.0359206	0.0305816	0.0280839	0.0560169	0.014417	0.029234	0.0510809	0.0100599	0.0800089	0.0243768	0.042217	0.076747	0.209702	0.152657	0.0402914	0.00419614	0.0136032
30	0.0244451	0.000429136	0.000907181	0.00184094	0.00698126	0.00117349	0.000756195	0.375516	0.000548515	0.104784	0.0304439	0.00114114	0.00212977	0.000751162	0.000782242	0.00372316	0.00856772	0.434212	0.00034244	0.00052357
31	0.0738546	0.00662373	0.00484513	0.0100496	0.0123625	0.0150797	0.00598396	0.110957	0.022485	0.0531885	0.0644535	0.0182686	0.00853021	0.0108732	0.0356639	0.11751	0.235345	0.186861	0.00367504	0.00338935
32	0.0998826	0.0084323	0.0399061	0.107239	0.00805585	0.0591607	0.0290132	0.0319063	0.0486228	0.0621462	0.0185818	0.0304168	0.0359693	0.0708296	0.0558614	0.134089	0.059946	0.0679015	0.0044434	0.0275965
33	0.00904336	0.000648381	0.000796369	0.000650372	0.0456755	0.000914277	0.00151108	0.103368	0.000670878	0.689319	0.0439701	0.00152237	0.0010029	0.00121809	0.000563635	0.00707994	0.00312201	0.0854626	0.00199241	0.0014686
34	0.0411428	0.00568687	0.0196899	0.0385475	0.010837	0.0303693	0.0558148	0.0156512	0.193904	0.027862	0.0179099	0.0504289	0.00844708	0.0784139	0.200453	0.0870776	0.0673508	0.0316674	0.0093783	0.00936828
35	0.0311256	0.000550688	0.000563804	0.00151734	0.00460064	0.00153431	0.000643904	0.431508	0.000658552	0.0533109	0.0246354	0.000871478	0.00278986	0.000794695	0.000884737	0.00378572	0.00955743	0.429703	0.000392026	0.000571967
36	0.0671649	0.00729823	0.00266707	0.0140766	0.0198499	0.0189664	0.00532634	0.158017	0.0265698	0.0867129	0.0870969	0.0126216	0.00653447	0.0136532	0.0316878	0.0657144	0.0888516	0.283982	0.00203882	0.00116977
37	0.0194596	0.00117844	0.00862666	0.0013942	0.00120659	0.895937	0.00117756	0.00279228	0.0133748	0.00310699	0.00173175	0.00199246	0.00201775	0.00140123	0.0091928	0.0132353	0.00257882	0.0173844	0.00104501	0.00116625
38	0.075078	0.0100853	0.0134886	0.0148468	0.021129	0.024909	0.0106688	0.110126	0.0143296	0.0999967	0.039639	0.0388876	0.0119331	0.0137732	0.0187878	0.258836	0.0760766	0.133889	0.00429415	0.00922563
39	0.0560398	0.00107355	0.00292959	0.00109495	0.0156914	0.00272917	0.0103481	0.315489	0.00242737	0.109064	0.116896	0.0209643	0.00390052	0.00188474	0.00611313	0.0448526	0.0916744	0.194887	0.000740154	0.00120107
40	0.0479683	0.00234489	0.268088	0.29344	0.0040037	0.0358084	0.0208888	0.0206713	0.0198363	0.0159584	0.0081975	0.0717306	0.0120672	0.0373211	0.0122636	0.0483489	0.0283456	0.0427601	0.0011144	0.00884235
41	0.153922	0.0043062	0.0345174	0.0281852	0.00637773	0.0408547	0.0121991	0.0146577	0.0240521	0.0233533	0.01023	0.0455234	0.0192686	0.014757	0.0477153	0.367235	0.113205	0.0191226	0.00255512	0.0179624
42	0.0052779	0.000189753	0.000283031	0.000350066	0.0858726	0.000385204	0.00164467	0.0582407	0.000610627	0.74972	0.0386804	0.000918789	0.00133813	0.00165303	0.000435607	0.00710779	0.000762622	0.0416489	0.00222487	0.00265582
43	0.125621	0.0140698	0.000313807	0.000563236	0.053639	0.021844	0.000419259	0.179702	0.00209991	0.175766	0.0341631	0.00109083	0.000354336	0.00348904	0.000878851	0.0350346	0.0297262	0.31301	0.00147758	0.00673674
44	0.133744	0.0101914	0.022808	0.013849	0.0109959	0.0166727	0.00831641	0.0897846	0.0125619	0.0554006	0.0537999	0.0360025	0.0109553	0.0113811	0.0196166	0.162598	0.237072	0.0847382	0.00409726	0.00541408
45	0.0888099	0.00949902	0.00597999	0.00814239	0.0341103	0.0112519	0.00879499	0.072201	0.00936246	0.137644	0.040998	0.0345155	0.0129293	0.009675	0.0120114	0.109915	0.261721	0.117032	0.00409254	0.0113154
46	0.0112345	0.000798465	0.00107161	0.000694255	0.042418	0.00100332	0.00166708	0.113447	0.000824524	0.658271	0.0469025	0.00141857	0.00110693	0.00127693	0.000684085	0.00796921	0.00439218	0.101265	0.00199589	0.00155933
47	0.244148	0.0216902	0.00711888	0.00868517	0.0112679	0.0241224	0.00201053	0.0390867	0.00200176	0.0357139	0.0185692	0.0102302	0.004526	0.00585616	0.00560578	0.1968	0.267863	0.0886126	0.0047985	0.00129373
48	0.0516767	0.00310565	0.027454	0.0491526	0.00491487	0.047285	0.0215605	0.0163507	0.223496	0.025666	0.0163356	0.0513387	0.0130388	0.0727673	0.185382	0.0964283	0.0527925	0.027861	0.00694635	0.00644759
49	0.0057566	0.00062887	0.000740166	0.00102562	0.416136	0.00149601	0.00383878	0.0474144	0.00119501	0.435684	0.0332951	0.00155897	0.011041	0.00631603	0.00150425	0.00530363	0.00232046	0.00846418	0.00155279	0.014728
50	0.0302561	0.00340382	0.00174374	0.00197886	0.00196237	0.00402428	0.0117595	0.00917386	0.00958259	0.0174171	0.0121709	0.0162147	0.679014	0.0253565	0.00513038	0.124178	0.0384167	0.00441931	0.00127192	0.00252521
51	0.0359291	0.00498659	0.256061	0.0412581	0.00306915	0.0432281	0.0221052	0.00844139	0.0256513	0.0090845	0.00160251	0.248185	0.00159686	0.0199607	0.0254251	0.194789	0.0387049	0.0052211	0.000679636	0.014021
52	0.0104213	0.000757725	0.0009691	0.0006501	0.0427742	0.000784999	0.00153265	0.105573	0.000897339	0.675295	0.0466002	0.0015753	0.00120913	0.00109286	0.000860955	0.00786145	0.00437183	0.0930343	0.00216653	0.00157182
53	0.0264667	0.00272551	0.0249458	0.045624	0.00110752	0.0187025	0.0105191	0.0165424	0.337694	0.0201027	0.0178956	0.0505726	0.0013034	0.0817695	0.217085	0.0538503	0.0403243	0.0237757	0.00596462	0.00302922
54	0.0814598	0.008706	0.00318877	0.020591	0.0149745	0.0301943	0.00428438	0.1023	0.0405962	0.0614498	0.0728966	0.0108069	0.00976876	0.0188623	0.0443998	0.0756871	0.0984424	0.296336	0.00372621	0.00132943
55	0.0130794	0.000893881	0.000938297	0.000597481	0.0395009	0.00125712	0.00122257	0.132971	0.000538455	0.626842	0.0449495	0.00148888	0.0010032	0.000819051	0.000489447	0.0072963	0.00465518	0.118637	0.00164089	0.00117959
56	0.0656862	0.00431065	0.019001	0.0339067	0.00841799	0.0382621	0.0164324	0.031438	0.0229962	0.0215951	0.0108563	0.0769022	0.0122944	0.018184	0.0839439	0.264797	0.223669	0.0185884	0.00434343	0.024375
57	0.00553976	0.000226448	0.000274904	0.000333383	0.0759485	0.000435372	0.0015894	0.0574669	0.000597258	0.76082	0.040082	0.000951899	0.00117637	0.00141784	0.000458241	0.00683308	0.000686418	0.0407033	0.0021108	0.00234807
58	0.240068	0.0155896	0.00807096	0.0108635	0.021646	0.0219611	0.00425196	0.0557474	0.00677228	0.0449241	0.0240644	0.00877578	0.0114237	0.0113716	0.0104019	0.170897	0.180158	0.145948	0.00469417	0.00237058
59	0.0777192	0.0147571	0.0242763	0.0116095	0.00834428	0.0797843	0.0262983	0.00548408	0.0309995	0.0132742	0.0060367	0.0519563	0.00805693	0.0139437	0.0488016	0.51002	0.0459149	0.00755283	0.00392997	0.01124
60	0.0154659	0.00136792	0.000829805	0.000728839	0.0451023	0.00188402	0.00141365	0.102227	0.00132527	0.658928	0.0432348	0.00191331	0.00179684	0.00135507	0.00114055	0.00968803	0.00546523	0.102177	0.00209663	0.00185946
61	0.0198589	0.00110034	0.00812428	0.00115318	0.00115913	0.897897	0.00104709	0.00262836	0.0133048	0.00305247	0.00174763	0.00156817	0.00205227	0.0013467	0.00907821	0.0133542	0.0025644	0.0168202	0.000978633	0.00116368
62	0.0179446	0.000488332	0.00280975	0.00136015	0.0267615	0.000926423	0.00252644	0.264756	0.000795926	0.35795	0.0744487	0.00476292	0.00239378	0.000905865	0.00140787	0.00956852	0.0185884	0.209611	0.00131838	0.000675179
63	0.0184285	0.0138086	0.00756883	0.00747386	0.0742411	0.0431772	0.0327583	0.0110062	0.0128694	0.0466125	0.0154557	0.0380894	0.00534113	0.014841	0.0896872	0.162241	0.0161868	0.0141888	0.228691	0.147334
64	0.0195667	0.00116345	0.00820186	0.00114767	0.00116924	0.898055	0.00105682	0.00250834	0.0133674	0.00310439	0.00174795	0.0015842	0.00208497	0.0013618	0.00912703	0.0131378	0.00245613	0.0170739	0.000932508	0.00115282
65	0.0892143	0.00445021	0.0394659	0.0652345	0.00937259	0.0466775	0.0325013	0.0157463	0.061146	0.0336264	0.0127824	0.0410298	0.132757	0.0667765	0.075832	0.152251	0.0583531	0.0380167	0.00677503	0.017992
66	0.0055603	0.000180397	0.000333109	0.000305259	0.0474285	0.00032787	0.00139459	0.068306	0.000544328	0.76889	0.0412426	0.000977176	0.000531095	0.000830037	0.000388038	0.00671802	0.000828038	0.0517441	0.00212294	0.00134793
67	0.0299044	0.00387268	0.00175824	0.0024456	0.00200786	0.00509627	0.0114671	0.00954487	0.00852074	0.0187132	0.0119292	0.0133584	0.68274	0.0263202	0.00570522	0.121292	0.0364394	0.00489149	0.00113989	0.00285367
68	0.100904	0.0013771	0.0875138	0.151451	0.00363361	0.0888946	0.0245828	0.00868947	0.0613098	0.0152318	0.00685833	0.0569442	0.046482	0.0565062	0.0473307	0.133887	0.0605042	0.0420481	0.00138015	0.00447059
69	0.0574816	0.00319993	0.0348857	0.0551413	0.00454593	0.0358283	0.0167727	0.0196873	0.238025	0.0262227	0.0164417	0.045725	0.0203808	0.0758756	0.159807	0.0960539	0.0465285	0.0338264	0.00597251	0.00759732
70	0.0276104	0.00179911	0.00232129	0.00144594	0.0269044	0.00278685	0.0012507	0.277332	0.00075683	0.330298	0.0594558	0.00259056	0.00201271	0.00120809	0.000948331	0.00900028	0.0149974	0.23473	0.00135359	0.00119739
71	0.0890203	0.00403282	0.124216	0.0528869	0.00773082	0.0833909	0.0335619	0.0123149	0.0342609	0.0194574	0.00515283	0.124363	0.0130129	0.0259091	0.0463785	0.239191	0.0511331	0.0155408	0.00390205	0.0145438
72	0.0123911	0.0113192	0.00290064	0.00876383	0.0490431	0.0251263	0.189241	0.0118138	0.108643	0.0547076	0.0177998	0.0381315	0.00279593	0.11233	0.219054	0.0358366	0.0274568	0.0266441	0.0197228	0.0262795
73	0.00590136	0.000212595	0.000278456	0.000339114	0.0749185	0.000477145	0.00182357	0.0559486	0.000573898	0.766077	0.0403334	0.000920301	0.000827917	0.00122474	0.000472787	0.00658651	0.00067138	0.0383713	0.00199029	0.00205157
74	0.0763326	0.00559119	0.0188535	0.0273406	0.0123108	0.0331665	0.0604458	0.00741743	0.0289139	0.0141873	0.00545335	0.0536225	0.0455046	0.0845252	0.061314	0.294065	0.038524	0.0110841	0.0229554	0.0983921
75	0.182216	0.00508663	0.0442552	0.0325397	0.00761667	0.0568505	0.0103005	0.0102196	0.0220769	0.0344201	0.00874947	0.0450507	0.0151097	0.013198	0.0350528	0.385966	0.0501529	0.021806	0.00346687	0.015866
76	0.00672852	0.000315139	0.00042031	0.000498753	0.0487823	0.000561379	0.00137439	0.0737818	0.000736183	0.750882	0.0416209	0.00114988	0.00109384	0.00103845	0.000528056	0.00729516	0.00169687	0.0579185	0.00208048	0.00149748
77	0.00271065	0.000851208	0.0199103	0.166081	0.00153829	0.0285138	0.060873	0.00171492	0.0677531	0.0358847	0.00306456	0.0276353	0.000647007	0.444869	0.0968536	0.00881162	0.0160098	0.012732	0.00210142	0.00144479
78	0.0896104	0.0155621	0.0064342	0.0856411	0.0195566	0.0272415	0.0364171	0.0953845	0.00981479	0.155537	0.0321926	0.00872378	0.0076166	0.0522395	0.0105322	0.0981426	0.0677178	0.127797	0.0052741	0.0485648
79	0.0095042	0.000638985	0.000405332	0.000338579	0.0490844	0.000879799	0.00146606	0.0711538	0.000858702	0.743224	0.0417409	0.00122137	0.0009975	0.00117318	0.000693877	0.00912076	0.00373504	0.0599483	0.00208371	0.00173178
80	0.0187956	0.00441392	0.302147	0.0481947	0.00455985	0.0556432	0.0237461	0.0066868	0.0354451	0.00445425	0.0012909	0.276278	0.000771864	0.0288424	0.0355303	0.115094	0.0199011	0.00531904	0.00114846	0.0117378
81	0.0125312	0.000325006	0.00297851	0.00135619	0.0257155	0.000693328	0.00129538	0.262548	0.000465685	0.381411	0.0645956	0.00278619	0.00181194	0.000551322	0.0007649	0.00476126	0.00879327	0.225006	0.00123472	0.000374926
82	0.0222169	0.0392976	0.00159794	0.00277466	0.00682234	0.0528529	0.00347201	0.00523795	0.00257265	0.00617565	0.00312933	0.0122895	0.0015477	0.00197301	0.0123685	0.731792	0.0847639	0.00554181	0.00118285	0.00239069
83	0.134244	0.0058003	0.0462694	0.0245373	0.00636866	0.0675248	0.015441	0.00827265	0.0209131	0.0264824	0.00726565	0.0547489	0.00813154	0.0125205	0.0432845	0.432176	0.0490607	0.0139699	0.00349221	0.0194959
84	0.00783253	0.00331359	0.0208482	0.00931148	0.00185589	0.00887648	0.0177936	0.00316151	0.0061052	0.00388898	0.00183834	0.839852	0.00135789	0.00354362	0.00428468	0.0474118	0.00972303	0.00380264	0.000875503	0.00432286
85	0.00906899	0.0457314	0.00995735	0.000922536	0.163836	0.00136134	0.0745912	0.00729295	0.00105508	0.0243877	0.00114246	0.0518193	0.000644791	0.00655089	0.029216	0.032957	0.0175321	0.00847232	0.00786099	0.505599
86	0.00536653	0.00046145	0.000541276	0.000698424	0.267969	0.00107455	0.00439087	0.055815	0.000936005	0.576297	0.0359976	0.00110399	0.00564241	0.00450339	0.000998771	0.00620076	0.00153368	0.0198436	0.0017357	0.00888945
87	0.0119098	0.0395007	0.00916423	0.00132843	0.162184	0.00319138	0.0717044	0.00819808	0.00202776	0.0315705	0.00195627	0.0523217	0.000881598	0.00742982	0.0270676	0.0539186	0.0245469	0.011358	0.00753612	0.472204
88	0.0381418	0.00169824	0.0313165	0.0160094	0.00408888	0.692334	0.0110408	0.00329557	0.0231942	0.00662888	0.0028576	0.02279	0.00727992	0.00986119	0.0266564	0.0667396	0.0128847	0.0154006	0.0025992	0.00518244
89	0.124645	0.00305094	0.0463228	0.0862004	0.00886498	0.0594247	0.0228122	0.0146635	0.0612103	0.0297867	0.0107338	0.0420201	0.0588282	0.0594243	0.0690224	0.170691	0.0724258	0.0449267	0.00377618	0.0111699
90	0.032467	0.000490122	0.000631121	0.00143108	0.00475496	0.00142322	0.000736441	0.446674	0.000608725	0.059723	0.0260138	0.000965013	0.00290186	0.000832575	0.000883094	0.00429148	0.0109689	0.403222	0.000425377	0.000556382
91	0.0309172	0.00349089	0.00162751	0.00315315	0.00193299	0.00458401	0.0110008	0.00922219	0.00890305	0.0173987	0.0126458	0.0139037	0.688064	0.0251567	0.00574219	0.115996	0.0383875	0.00484734	0.00105337	0.00197306
92	0.10306	0.00380916	0.0455528	0.0789302	0.00975815	0.0535524	0.0273663	0.0198855	0.0761208	0.0385037	0.0151741	0.037441	0.0533707	0.0735411	0.0869747	0.144079	0.0633225	0.0487617	0.00577725	0.015018
93	0.0125312	0.000325006	0.00297851	0.00135619	0.0257155	0.000693328	0.00129538	0.262548	0.000465685	0.381411	0.0645956	0.00278619	0.00181194	0.000551322	0.0007649	0.00476126	0.00879327	0.225006	0.00123472	0.000374926
94	0.203245	0.0215223	0.00502508	0.0190913	0.00823453	0.0369151	0.0204576	0.0192027	0.00685458	0.027389	0.0193035	0.0226455	0.064609	0.0151064	0.0221915	0.327395	0.0963806	0.0591245	0.00161611	0.00369095
95	0.115683	0.00322661	0.0339082	0.0585941	0.0102916	0.0470601	0.0270768	0.0159758	0.0569287	0.0363	0.0116891	0.0470217	0.0507661	0.0576031	0.079251	0.195419	0.0910885	0.0411347	0.00426227	0.0167191
96	0.00525867	0.000171328	0.00023679	0.00028306	0.0489632	0.000310124	0.00143469	0.0597922	0.000563696	0.784382	0.0401125	0.000806564	0.000504229	0.000897557	0.000366399	0.00696179	0.000495116	0.0448782	0.00212595	0.00145635
97	0.104652	0.00373445	0.0443681	0.0769975	0.00993395	0.0520746	0.027012	0.0199688	0.0741335	0.0384203	0.0148954	0.0381352	0.0544374	0.0721946	0.0856234	0.148085	0.0658635	0.048684	0.00561558	0.0151716
98	0.0874223	0.00293642	0.0274858	0.0146017	0.013481	0.111455	0.0474463	0.0068687	0.0662795	0.0173789	0.0100951	0.0884334	0.012385	0.0276802	0.0863294	0.295909	0.0503986	0.00818046	0.00858436	0.016649
99	0.0165469	0.00142882	0.000683324	0.000567306	0.0484414	0.00199657	0.001647	0.0883739	0.00117774	0.689657	0.0422089	0.00180478	0.00164957	0.0014478	0.00116693	0.0106741	0.00606828	0.0801079	0.00216895	0.00218317
100	0.00270354	0.000726682	0.0204849	0.151647	0.00146073	0.0283571	0.0627784	0.00164008	0.0698545	0.0369425	0.00304397	0.0285622	0.000613319	0.451661	0.0977844	0.00895795	0.0163475	0.0129454	0.00216803	0.00132125
101	0.134839	0.0083592	0.0140252	0.0148155	0.0081771	0.0263085	0.00640681	0.027659	0.0101285	0.0243369	0.0127627	0.0346712	0.0195363	0.00748321	0.0218963	0.386343	0.193534	0.0395977	0.00202447	0.00709535
102	0.0052723	0.000172756	0.000244997	0.000270934	0.0490483	0.000308927	0.0014517	0.0598487	0.000559418	0.784274	0.0400652	0.000828891	0.000481181	0.000882783	0.000356151	0.00693958	0.000510217	0.0449107	0.00212559	0.00144769
103	0.0804933	0.00982498	0.00322163	0.0218012	0.0167592	0.0299596	0.00450365	0.103625	0.0378696	0.0641557	0.0729448	0.0109026	0.00721537	0.0204462	0.0402806	0.0755723	0.090621	0.305767	0.00278183	0.00125506
104	0.00858159	0.000616932	0.000636178	0.000799513	0.282016	0.00127089	0.00310535	0.0505065	0.00106286	0.557275	0.0342695	0.00181021	0.0081432	0.0043687	0.00136972	0.0065422	0.00332712	0.0217061	0.00162775	0.0109649
105	0.0858389	0.0013812	0.110056	0.179953	0.00278466	0.0879883	0.027343	0.00820148	0.0594685	0.0118168	0.00760523	0.0626711	0.0305054	0.0610483	0.0404103	0.115874	0.0636394	0.0395253	0.000938379	0.00295084
106	0.0410702	0.00293979	0.189384	0.0748516	0.0179374	0.270031	0.0555273	0.00247547	0.0229921	0.0060152	0.0014765	0.148729	0.000942114	0.0160383	0.0511401	0.0520917	0.0139407	0.00605428	0.0094152	0.0169483
107	0.00685057	0.00373691	0.0457306	0.02279	0.00223032	0.0104399	0.0178661	0.0034699	0.0088991	0.00476459	0.00199189	0.790513	0.00143734	0.00639957	0.00568757	0.0452037	0.010948	0.00489102	0.0010201	0.00513026
108	0.0446414	0.0110211	0.00890416	0.0286305	0.102202	0.02183	0.0134414	0.0980887	0.0549475	0.220328	0.083463	0.0266476	0.0100584	0.0233652	0.0439711	0.0576879	0.0229965	0.0531912	0.0268435	0.0477403
109	0.00562437	0.000319117	0.000371964	0.000480214	0.160068	0.000671329	0.0028927	0.0553279	0.000714168	0.684466	0.0368718	0.00104751	0.00286145	0.00293795	0.000664534	0.00667119	0.000940559	0.0298003	0.00212051	0.00514845
110	0.157784	0.00588835	0.0198019	0.0208969	0.00949057	0.077597	0.020955	0.0248583	0.0254173	0.0179435	0.0100372	0.110851	0.0170823	0.0181086	0.0487237	0.255419	0.111535	0.0222673	0.0152034	0.0101397
111	0.021998	0.00441638	0.32171	0.0568666	0.00508502	0.0705908	0.028119	0.00596744	0.027851	0.00414504	0.0010675	0.246866	0.000711759	0.0242012	0.0276662	0.112335	0.0194552	0.00551407	0.0013955	0.0140384
112	0.00523685	0.00017041	0.000228881	0.000270037	0.0492031	0.000309446	0.00143879	0.0588467	0.000557622	0.786239	0.039958	0.00080696	0.00048574	0.000899073	0.000360407	0.00693505	0.000481602	0.0439738	0.00213972	0.00145876
113	0.0928873	0.0025948	0.0441996	0.0471489	0.0103735	0.0918824	0.0434638	0.0115161	0.0748435	0.0202374	0.00992538	0.0610978	0.0260802	0.0481105	0.086979	0.230265	0.0540485	0.0238068	0.00663683	0.013903
114	0.0868078	0.0029769	0.0301619	0.0148909	0.0136701	0.114891	0.0494262	0.00621242	0.0692612	0.0151564	0.0095537	0.0864501	0.0136097	0.0295671	0.0903505	0.2847	0.045222	0.0089224	0.00870621	0.0194639
115	0.0977264	0.0148255	0.0353029	0.0362675	0.0426568	0.0214117	0.0208898	0.0536214	0.029266	0.172266	0.0373971	0.0181729	0.0249114	0.0478612	0.0314632	0.103903	0.0525605	0.128977	0.0103338	0.0201862
116	0.125756	0.00332843	0.0389368	0.0700806	0.0093034	0.0475145	0.0228596	0.0171273	0.0572917	0.0336758	0.0119973	0.0408597	0.0564283	0.0575002	0.0722041	0.185451	0.0880148	0.044849	0.00391735	0.0129043
117	0.0826727	0.00335474	0.0277975	0.018771	0.0193269	0.0906342	0.0595141	0.0100477	0.0764363	0.0245604	0.00820287	0.101844	0.0151532	0.038943	0.0801764	0.250614	0.0510518	0.0114136	0.00941657	0.0200696
118	0.00688033	0.000327945	0.000321954	0.000320473	0.053749	0.000501557	0.00157784	0.0656061	0.000595252	0.762237	0.0406393	0.00110446	0.000755243	0.00104198	0.000505657	0.00753506	0.00174295	0.0507498	0.00209566	0.00171257
119	0.00256159	0.000727334	0.0205613	0.152293	0.00145617	0.0282595	0.0630153	0.0015889	0.0682602	0.0371396	0.00291629	0.0283615	0.000618761	0.454148	0.0969545	0.00868979	0.016072	0.0129031	0.0021497	0.00132374
120	0.0853048	0.0104288	0.00808085	0.14487	0.01046	0.0218574	0.0341315	0.0743771	0.00930092	0.138295	0.0519717	0.0084088	0.00494887	0.0684118	0.00873161	0.0760892	0.0648976	0.133371	0.00384697	0.0422166
121	0.00527799	0.000173536	0.000266473	0.000278475	0.0487237	0.000310981	0.00141546	0.0615248	0.000542322	0.781377	0.0401158	0.000826301	0.000488874	0.000887029	0.00036493	0.0068905	0.000536734	0.046471	0.00210303	0.0014254
122	0.0183064	0.00457335	0.353016	0.0678441	0.00330658	0.0376754	0.0200536	0.00748379	0.0266361	0.00460283	0.00139287	0.255644	0.00104883	0.0238977	0.0235633	0.112183	0.0182913	0.00773343	0.000686707	0.0120617
123	0.00542917	0.000170035	0.000252028	0.000279036	0.0483805	0.000327394	0.00141586	0.0621822	0.000550606	0.779354	0.0404649	0.000877952	0.0005053	0.000893111	0.000368667	0.00683189	0.000626517	0.0475518	0.00212529	0.00141409
124	0.139222	0.00357088	0.0678218	0.052373	0.00627704	0.0864631	0.0197529	0.00939027	0.0330852	0.0187147	0.00683172	0.0529921	0.0133572	0.0248254	0.0540896	0.330832	0.0425657	0.0200027	0.00340349	0.0144294
125	0.0412928	0.00298892	0.183028	0.0799167	0.0177653	0.276859	0.0524333	0.00219583	0.0235972	0.00617277	0.00131761	0.145878	0.000856031	0.0164695	0.0494797	0.0536756	0.0139359	0.00577074	0.00873502	0.0176319
126	0.00343379	0.00304638	0.00758017	0.00658194	0.00166192	0.00478725	0.0177773	0.00261945	0.00395191	0.00325029	0.00169739	0.890977	0.00104614	0.00187996	0.00215024	0.0321919	0.00796775	0.00295648	0.000812273	0.00363035
127	0.0821927	0.00436343	0.0334747	0.0201469	0.0200725	0.0882313	0.0709716	0.00587841	0.0749126	0.0135418	0.00606101	0.0923042	0.0157049	0.0465941	0.0850776	0.247892	0.0410677	0.00745159	0.0121365	0.0319248
128	0.0809868	0.00121323	0.110872	0.185101	0.00202679	0.090677	0.0298183	0.00717186	0.0618055	0.010472	0.0078245	0.0649947	0.0253145	0.0654732	0.0393172	0.113221	0.064153	0.0364762	0.000809973	0.00227202
129	0.0437927	0.00586503	0.00174401	0.00157695	0.0811731	0.00582299	0.00296272	0.124732	0.00296203	0.454503	0.0393705	0.0050504	0.00981123	0.00430972	0.00387986	0.02282	0.0209809	0.155662	0.00287836	0.0101039
130	0.0279198	0.00341431	0.00138637	0.00230445	0.00155278	0.00367349	0.01047	0.00908868	0.00836903	0.0167757	0.0128219	0.0137373	0.705679	0.0242968	0.00544445	0.110007	0.0366445	0.00362824	0.00102736	0.00175831
131	0.103166	0.00378706	0.0454017	0.0787395	0.00975989	0.053464	0.0272841	0.0199404	0.0759602	0.0385135	0.0151717	0.0375338	0.0535003	0.0733299	0.0868294	0.144434	0.0635796	0.0488078	0.00575847	0.0150385
132	0.00554812	0.000188574	0.00036032	0.000329252	0.0476107	0.000318573	0.00135093	0.069316	0.000540373	0.766485	0.0411915	0.000923068	0.000601983	0.000839659	0.000375382	0.00666044	0.000805729	0.0531522	0.00205747	0.00134422
133	0.128347	0.0102808	0.00659949	0.0170854	0.00735322	0.0448739	0.0301855	0.0160095	0.0108667	0.0271296	0.00770508	0.0184563	0.253982	0.0463536	0.0146402	0.250926	0.0652841	0.0338482	0.00211754	0.00795633
134	0.0216405	0.000742348	0.00177624	0.00143091	0.0164285	0.00139518	0.000882096	0.312042	0.000564274	0.240423	0.0423797	0.00194082	0.0016399	0.000698973	0.000749009	0.00477687	0.00840098	0.340669	0.000801312	0.000617755
135	0.170567	0.00661246	0.00518223	0.0114651	0.0153061	0.0173815	0.00493917	0.143365	0.0128485	0.0569395	0.0365403	0.00810102	0.00556789	0.0367791	0.0138929	0.0612647	0.101468	0.28545	0.00263098	0.00369947
136	0.0768996	0.00887854	0.00615937	0.0109522	0.0048627	0.0132014	0.00510661	0.0357091	0.0290227	0.0166324	0.0292008	0.0254768	0.00414421	0.00576616	0.0719079	0.349002	0.282433	0.0145034	0.00225443	0.00788692
137	0.0494363	0.0041261	0.00170047	0.00111822	0.0308852	0.0064945	0.000857734	0.258093	0.000760334	0.281828	0.0502415	0.0018587	0.00132513	0.00153558	0.000725311	0.0127575	0.0152628	0.277587	0.00129044	0.0021156
138	0.0610432	0.0132131	0.00494227	0.00454021	0.106943	0.00537783	0.0091802	0.104642	0.00985772	0.278026	0.0394703	0.0205787	0.0242056	0.0124627	0.0120797	0.0532934	0.0448394	0.154898	0.00781687	0.0325901
139	0.00647908	0.000607075	0.000286364	0.000536248	0.057316	0.000498163	0.00170285	0.0604355	0.000736827	0.768184	0.0399679	0.00110944	0.000910837	0.00126174	0.000647571	0.007884	0.00198177	0.0453641	0.0021864	0.00190408
140	0.0915264	0.00277339	0.0365043	0.0288594	0.0122506	0.106728	0.047424	0.00705084	0.0720911	0.0149339	0.00873473	0.0765337	0.0161118	0.0357203	0.0862493	0.273405	0.0469533	0.0121662	0.00761617	0.0163682
141	0.0183415	0.00374749	0.263071	0.0464831	0.00583827	0.0704599	0.0252923	0.00566597	0.0534964	0.00421415	0.00198508	0.27639	0.000998456	0.0347573	0.0563071	0.0991872	0.0166939	0.00503429	0.00165765	0.010379
142	0.00354691	0.00306331	0.00916304	0.00661968	0.00165437	0.00477508	0.0175456	0.00257068	0.0044485	0.00328175	0.00167583	0.888479	0.00105345	0.00224335	0.00240712	0.0321948	0.00790669	0.00299086	0.000808694	0.00357147
143	0.0327084	0.00454244	0.0248582	0.0403463	0.0015386	0.017623	0.0101922	0.0198834	0.313726	0.0249096	0.0209981	0.0470222	0.00187791	0.0728632	0.209956	0.0784536	0.0437701	0.0248769	0.00643784	0.00341598
144	0.00538941	0.000746913	0.000898744	0.00118632	0.498618	0.00171845	0.00392786	0.0470047	0.00119275	0.349912	0.031118	0.00176029	0.0146071	0.00778774	0.00161455	0.00545567	0.00257918	0.00483116	0.00143385	0.0182171
145	0.106483	0.0027632	0.0235553	0.0201397	0.014859	0.0814166	0.0434583	0.00944093	0.0556199	0.0186481	0.0117705	0.065379	0.0229584	0.0350599	0.0808221	0.285748	0.0870227	0.0153221	0.00609821	0.0134353
146	0.0900361	0.0163891	0.133131	0.0617104	0.0266585	0.226839	0.0254592	0.00651514	0.0166918	0.0246251	0.00595286	0.0900542	0.00290894	0.0108211	0.0319086	0.170479	0.0250253	0.0126154	0.0101755	0.0120042
147	0.0944323	0.00154545	0.0887547	0.15542	0.00356353	0.0900644	0.0269726	0.00848561	0.0638869	0.0147186	0.00732305	0.0586486	0.0386643	0.0596653	0.049041	0.131339	0.0601908	0.0412696	0.00154134	0.0044733
148	0.016234	0.000545046	0.00257619	0.00136989	0.0233752	0.0010493	0.00111973	0.284942	0.000486075	0.342276	0.0586246	0.00253639	0.00177852	0.000651116	0.000793892	0.00510567	0.00954653	0.245283	0.00117928	0.000527462
149	0.0331417	0.00457945	0.00156406	0.0023966	0.00245566	0.00533295	0.013145	0.0105058	0.00889743	0.0198852	0.0105501	0.0113724	0.661685	0.0311367	0.00492385	0.132716	0.0362776	0.006157	0.00102772	0.00224981
150	0.108039	0.00201225	0.0708064	0.127024	0.00528443	0.0782483	0.0232655	0.0113896	0.0652474	0.0220687	0.00820466	0.0493482	0.0541374	0.0587014	0.058749	0.142845	0.0598641	0.045023	0.00250924	0.00723228
151	0.0409955	0.00726264	0.16978	0.0523965	0.0226476	0.213744	0.0562219	0.0033156	0.0318602	0.00619954	0.00170572	0.156509	0.00521147	0.017886	0.0446689	0.093134	0.0178895	0.00886327	0.00608892	0.0436203
152	0.00275763	0.00112678	0.019596	0.145788	0.00275723	0.0288179	0.0687488	0.00186962	0.0693305	0.0410726	0.00328445	0.0294539	0.000693521	0.4413	0.1001	0.00968363	0.0160404	0.0129699	0.00255528	0.00205422
153	0.00860013	0.000832323	0.000623894	0.000668494	0.0479463	0.00075365	0.00171719	0.0752615	0.0012944	0.734838	0.0425771	0.00109593	0.00102666	0.00153685	0.00114838	0.00876436	0.00279616	0.0645313	0.00223326	0.00175385
154	0.00270209	0.000749112	0.0205835	0.152035	0.00144724	0.0279468	0.062449	0.00167766	0.0717191	0.0368129	0.00306928	0.0283212	0.000616023	0.450567	0.0977644	0.008822	0.0162169	0.0129974	0.00218026	0.00132365
155	0.0130155	0.0140991	0.00165822	0.00220371	0.0605968	0.0222589	0.223316	0.0143701	0.114406	0.0732567	0.0224645	0.0328126	0.00257293	0.0958177	0.15287	0.0359571	0.0288472	0.030556	0.0270528	0.0318676
156	0.00621815	0.0004688	0.000477681	0.000667199	0.239574	0.000945748	0.00252716	0.0518797	0.000808284	0.605869	0.0378545	0.00137152	0.00606464	0.00363025	0.00103981	0.00591381	0.00148798	0.0238357	0.00179217	0.00757326
157	0.0196078	0.00496663	0.338804	0.063466	0.00450517	0.0405096	0.0204759	0.00775569	0.0276112	0.0066263	0.00214645	0.252429	0.00155049	0.0240874	0.0242567	0.118447	0.0202632	0.00858371	0.000893409	0.0130149
158	0.0126244	0.00033321	0.00296395	0.00135236	0.0257667	0.000712101	0.00129121	0.262293	0.00046621	0.381581	0.064507	0.00278139	0.0018094	0.000555568	0.000765694	0.0048009	0.00879782	0.224979	0.0012355	0.000383276
159	0.048306	0.027765	0.015464	0.00848033	0.00804985	0.0506634	0.00851856	0.0071357	0.00918896	0.0135201	0.00406887	0.0268685	0.0125998	0.00673871	0.0193171	0.649106	0.0632046	0.0125728	0.00198145	0.00645034
160	0.0201702	0.00376816	0.00577621	0.00734986	0.088567	0.102129	0.0296081	0.00976062	0.01217	0.0993726	0.0286532	0.0588034	0.00426448	0.00856642	0.100619	0.275257	0.0158175	0.0121029	0.0341977	0.083047
161	0.00440631	0.00315437	0.00858208	0.00688719	0.00220296	0.00542292	0.0175288	0.00322249	0.00448154	0.00394932	0.00186295	0.880401	0.00119116	0.00213038	0.00260508	0.0334757	0.0099194	0.00327945	0.000941826	0.00435497
162	0.100197	0.00378537	0.0444871	0.0781935	0.00968701	0.0532296	0.0280682	0.0196944	0.0817289	0.0379398	0.0160445	0.0374923	0.0503667	0.0748752	0.0913281	0.141467	0.0629978	0.0477961	0.00595377	0.0146676
163	0.103945	0.00679975	0.0303669	0.0533986	0.0199483	0.0343083	0.0262336	0.0372547	0.049793	0.0574131	0.030116	0.0326799	0.0442197	0.05515	0.0637928	0.14916	0.0857364	0.100817	0.00558593	0.0132813
164	0.026467	0.00148723	0.0394503	0.017653	0.00328257	0.733528	0.0087895	0.00299266	0.0267248	0.00479653	0.0024743	0.0271852	0.00442631	0.0102597	0.025379	0.035344	0.00892824	0.0152166	0.00216128	0.00345421
165	0.0978406	0.00714137	0.0078649	0.0125073	0.0108663	0.0212195	0.00754623	0.0687738	0.0658277	0.0430621	0.0905994	0.0265553	0.0389092	0.0153188	0.0582372	0.111293	0.160833	0.129447	0.020139	0.00601839
166	0.040924	0.00524024	0.00243666	0.00248512	0.108242	0.00256333	0.00360619	0.138293	0.00372365	0.37415	0.0404292	0.0113848	0.0275767	0.00493382	0.00843228	0.0291374	0.0387858	0.14189	0.0037942	0.0119721
167	0.0263696	0.0033817	0.00125199	0.00195179	0.00137947	0.00327486	0.0104721	0.00891283	0.00815752	0.0168939	0.0128389	0.0133458	0.713484	0.0244462	0.00520077	0.108178	0.034987	0.00285976	0.000979258	0.00163461
168	0.215588	0.00976672	0.0109266	0.0432825	0.00670006	0.0519259	0.0193066	0.0167132	0.0158835	0.0197391	0.0123039	0.0303507	0.0928308	0.0293945	0.0332276	0.240143	0.0963197	0.050052	0.0015007	0.00404544
169	0.150873	0.024492	0.0340306	0.0745819	0.0750645	0.0801293	0.00832766	0.0113022	0.0292372	0.032291	0.022997	0.0197818	0.00949346	0.0133119	0.0187418	0.253756	0.0797399	0.0356852	0.0198674	0.00629601
170	0.0089377	0.000208859	0.00108028	0.000742511	0.0373857	0.00048675	0.00114355	0.138029	0.000522996	0.627877	0.0505125	0.00142823	0.0012856	0.00075473	0.000609721	0.00538574	0.00365908	0.116471	0.00257794	0.000901303
171	0.00566252	0.000720206	0.000854446	0.00103393	0.427644	0.00144973	0.00376186	0.0516567	0.00119622	0.413757	0.033382	0.00159792	0.0116897	0.00669854	0.00157957	0.00574619	0.00262404	0.0121988	0.00164457	0.0151025
172	0.183879	0.00314269	0.0702281	0.0244391	0.00348621	0.0543885	0.00630708	0.00999572	0.00877376	0.0238358	0.007255	0.0500994	0.00454889	0.00582848	0.0347944	0.429981	0.0386586	0.0174116	0.00149988	0.0214471
173	0.00787537	0.00095107	0.000609393	0.000943143	0.0493247	0.000984726	0.00217302	0.0643091	0.00166423	0.747359	0.0437094	0.00140107	0.00121313	0.00215664	0.00176126	0.0118301	0.00443886	0.0524507	0.00256213	0.00228317
174	0.0972769	0.00463353	0.017878	0.0325712	0.00610827	0.0344862	0.0206947	0.01251	0.0308001	0.0231577	0.0112066	0.0300892	0.322808	0.0413428	0.0446624	0.168389	0.0651432	0.0254831	0.00280507	0.00795444
175	0.142548	0.00418103	0.0265367	0.0199751	0.0107367	0.0547346	0.0321188	0.00996609	0.03748	0.021823	0.00950816	0.0570374	0.0352908	0.0242583	0.0558825	0.338114	0.0801168	0.0214331	0.00355532	0.0147034
176	0.0165769	0.000459062	0.00274791	0.00149007	0.0225349	0.00104842	0.00235162	0.298819	0.000954245	0.328012	0.0771142	0.00445981	0.00204219	0.000916021	0.00122472	0.00973646	0.020734	0.207085	0.00112115	0.000572361
177	0.0702449	0.00298305	0.0501586	0.105014	0.00618809	0.0501889	0.0326004	0.0121621	0.103179	0.0250721	0.0133368	0.0523292	0.0271878	0.0856345	0.100995	0.132312	0.0829662	0.0351395	0.00407732	0.00822994
178	0.0206307	0.0346016	0.0134129	0.00792419	0.10853	0.010183	0.0952823	0.0174489	0.0111612	0.0265791	0.0041342	0.0609385	0.00440283	0.0157504	0.0519152	0.0731192	0.0526292	0.0136108	0.00773263	0.370013
179	0.0191105	0.000684845	0.00219991	0.00138279	0.0248574	0.00132837	0.00125243	0.270628	0.000489838	0.362354	0.0542823	0.00219776	0.00192445	0.000707967	0.000791061	0.00594625	0.00942138	0.238596	0.00113199	0.000712491
180	0.0170925	0.00565088	0.301703	0.0438259	0.00301319	0.0386267	0.0186421	0.00948107	0.0315232	0.00489904	0.00115919	0.292948	0.000853128	0.0234542	0.0244417	0.139688	0.0240102	0.00622942	0.00054303	0.0122153
181	0.0693696	0.0069168	0.00150179	0.00100373	0.0408802	0.0108333	0.000823501	0.22465	0.00118129	0.258189	0.0453941	0.00218873	0.00121289	0.0020258	0.00087863	0.0200746	0.0214366	0.2864	0.00130468	0.00373446
182	0.192344	0.0031241	0.0721788	0.0251758	0.0034832	0.0583341	0.00666884	0.0104469	0.00948485	0.0222349	0.0075084	0.0498375	0.00393796	0.00648355	0.0373129	0.415507	0.0356886	0.0180666	0.00184033	0.0203419
183	0.0802814	0.0043607	0.0435377	0.023663	0.020201	0.105492	0.0700794	0.00562989	0.0724619	0.0121894	0.0057145	0.0955344	0.0139853	0.0433854	0.0817282	0.234296	0.0375466	0.00699857	0.0126487	0.0302653
184	0.00355266	0.00312985	0.00778577	0.00648696	0.00163738	0.00465374	0.017717	0.00262164	0.00403789	0.00341789	0.00171479	0.88932	0.0011109	0.0019827	0.00219917	0.0329923	0.0081035	0.00298378	0.00082278	0.00372934
185	0.0686393	0.00375291	0.033626	0.0681353	0.00694999	0.0384163	0.0289958	0.0192175	0.156086	0.0356367	0.0226224	0.0379313	0.0276934	0.0824547	0.142717	0.102993	0.063195	0.045316	0.00623591	0.00938466
186	0.00588941	0.00069977	0.000872918	0.001121	0.457918	0.00170021	0.00411487	0.0461722	0.00117611	0.396022	0.0327796	0.00166569	0.0124207	0.00697201	0.00162063	0.00500069	0.00243868	0.00456481	0.00136651	0.0154845
187	0.122685	0.0107092	0.0210917	0.0200764	0.00718845	0.0423356	0.0103927	0.0215028	0.0146538	0.0309614	0.0119744	0.0489254	0.0144222	0.0115644	0.0300603	0.354136	0.190233	0.0248686	0.00271264	0.00950612
188	0.0192785	0.00112265	0.0082734	0.00115851	0.00114621	0.898744	0.00108221	0.00243362	0.0133188	0.003051	0.00176808	0.00157668	0.00203398	0.00137964	0.00914761	0.0129705	0.00245719	0.0169947	0.000919667	0.0011429
189	0.10861	0.00368967	0.0427788	0.0744487	0.0100866	0.0500673	0.0265011	0.0192999	0.0713179	0.0382102	0.0144197	0.0391751	0.0557291	0.0703121	0.0828682	0.154255	0.069745	0.0483887	0.00519721	0.0149003
190	0.00538322	0.000180712	0.000245967	0.000300939	0.054828	0.00035584	0.00154548	0.058663	0.000569319	0.780278	0.03961	0.000907077	0.000735949	0.00100171	0.000420494	0.00697783	0.000820872	0.0433666	0.00210428	0.00170485
191	0.0749699	0.0053381	0.00324995	0.00417006	0.0191816	0.0110447	0.0218026	0.0178826	0.0171469	0.0625713	0.00294236	0.00560394	0.261229	0.0639032	0.0036008	0.291061	0.0848312	0.0429753	0.00137631	0.00511937
