371	20
1	0.0214328	0.00626202	0.00538948	0.0316584	0.0038283	0.0375526	0.0263425	0.0266285	0.215233	0.0305171	0.0148323	0.0360332	0.00901324	0.080591	0.330369	0.0590962	0.0389449	0.013776	0.00845389	0.00404509
2	0.0561786	0.228268	0.022915	0.0426808	0.0133129	0.0655599	0.0402143	0.0259672	0.0614042	0.0281424	0.0121969	0.0783505	0.00908325	0.0247463	0.0563309	0.145141	0.0431544	0.0271053	0.0023751	0.0168726
3	0.0205197	0.00802699	0.0139839	0.0157646	0.0157445	0.007944	0.00308694	0.0310231	0.0194433	0.0636597	0.00297713	0.0103424	0.514851	0.0211204	0.0233309	0.142323	0.0367489	0.0332784	0.00667601	0.00915512
4	0.00260172	0.00146768	0.0063274	0.00698772	0.618005	0.00110276	0.011078	0.0344866	0.0021502	0.0991115	0.00215553	0.00647956	0.000767539	0.00224433	0.00745805	0.00902781	0.00245273	0.00997134	0.00458322	0.171542
5	0.0557829	0.1791	0.0179724	0.0360857	0.00889896	0.13983	0.0278347	0.0184494	0.0623642	0.0228338	0.00862954	0.0507395	0.0100161	0.0182499	0.0681795	0.197383	0.0462717	0.0197984	0.00278228	0.00879847
6	0.0302824	0.0119748	0.0219883	0.0186552	0.0154992	0.0104538	0.0027234	0.0409974	0.0264081	0.0819406	0.00273528	0.00860645	0.401775	0.0283778	0.0252907	0.157756	0.0521483	0.0416974	0.00739099	0.0132994
7	0.0275332	0.00784347	0.0772862	0.033295	0.0110705	0.0101675	0.0711571	0.0439178	0.104099	0.0120505	0.0100523	0.217722	0.00398297	0.0593814	0.0569819	0.11041	0.075262	0.0354424	0.000677586	0.0316669
8	0.0353356	0.00172085	0.316224	0.313946	0.00389252	0.0393784	0.0243914	0.0070018	0.0426138	0.00401984	0.00710495	0.06843	0.0031222	0.0541519	0.0146467	0.0248325	0.0163427	0.0190108	0.000170666	0.00366332
9	0.0131536	0.000915027	0.00102262	0.0017488	0.0401772	0.000521474	0.00360438	0.0865759	0.0042809	0.634037	0.0654063	0.00149796	0.0111492	0.00802017	0.00845259	0.013962	0.011102	0.080293	0.00155113	0.0125289
10	0.0135463	0.00150389	0.000971147	0.00323135	0.0393775	0.000535678	0.0060605	0.0881975	0.0066873	0.60192	0.0703503	0.00262735	0.0112748	0.0121306	0.0130227	0.0163717	0.0137527	0.0833675	0.00192239	0.0131491
11	0.116088	0.00934387	0.0147261	0.0307465	0.00995577	0.0560338	0.0223886	0.0205868	0.118961	0.0272834	0.0129645	0.0252401	0.0376166	0.1081	0.27092	0.047341	0.0336272	0.0197876	0.00848778	0.00980185
12	0.0283228	0.00247887	0.263284	0.244018	0.00699784	0.0319636	0.129878	0.00987855	0.0411828	0.0112434	0.00804442	0.0696662	0.0029835	0.0600983	0.0164295	0.0201305	0.0150597	0.0197634	0.000318889	0.0182578
13	0.483813	0.0193896	0.0118327	0.024134	0.00663524	0.0321584	0.00282009	0.0202492	0.0211818	0.0173926	0.0129003	0.0125235	0.00559463	0.0142678	0.0214022	0.108281	0.0917515	0.0821726	0.00110224	0.0103982
14	0.0130237	0.0067397	0.0509672	0.0101464	0.00731603	0.00856608	0.00613047	0.0722731	0.0347029	0.0642994	0.00743626	0.0100041	0.00368707	0.0107861	0.0124332	0.279616	0.256922	0.0803096	0.00186512	0.0627758
15	0.0647766	0.033102	0.0103956	0.0157516	0.00117049	0.73039	0.00142957	0.00912956	0.0022586	0.00374547	0.00135193	0.0131306	0.000534912	0.00601953	0.0379523	0.0511566	0.00651812	0.00741449	0.00271777	0.00105471
16	0.0476353	0.00251428	0.00322572	0.0156711	0.0370648	0.00319695	0.00859616	0.197802	0.0132164	0.101341	0.0413606	0.00316718	0.00788421	0.00634745	0.0230325	0.0168676	0.037876	0.429169	0.00037417	0.00365763
17	0.113729	0.0119962	0.0606521	0.0965647	0.0122631	0.120966	0.0159087	0.00928309	0.0904063	0.0188622	0.0110962	0.0792129	0.0146115	0.0406644	0.0417515	0.154393	0.0709325	0.0276239	0.00110163	0.00798014
18	0.0880583	0.010414	0.0438979	0.0461634	0.00401841	0.077488	0.0224685	0.0188803	0.131628	0.0113037	0.00814061	0.115289	0.0270372	0.0381299	0.0664733	0.179658	0.0808452	0.017419	0.000586044	0.0121014
19	0.0131805	0.00275039	0.00650198	0.0628691	0.0021382	0.0310515	0.00869281	0.0233732	0.370467	0.0244868	0.0217819	0.0434957	0.00310289	0.0538346	0.243263	0.0334094	0.0291551	0.0218663	0.00257033	0.00200977
20	0.0375707	0.00170044	0.277025	0.373619	0.00248036	0.0339207	0.0237624	0.00550543	0.0463384	0.00345804	0.00661192	0.0479015	0.00380494	0.0664029	0.0122009	0.0204159	0.0130365	0.0216754	0.000133963	0.00243586
21	0.0201008	0.00156052	0.0101806	0.0508135	0.00205162	0.0130799	0.00558436	0.0195124	0.475963	0.0168553	0.0269554	0.0361732	0.001954	0.0478242	0.20883	0.0212021	0.0258758	0.0124506	0.00163481	0.00139804
22	0.531293	0.00796393	0.0121636	0.0271767	0.00738068	0.0873037	0.00274787	0.00545377	0.00491561	0.0121297	0.0140611	0.00451514	0.0201327	0.0191348	0.0301716	0.0655797	0.0487676	0.0874283	0.00478252	0.00689772
23	0.0512162	0.0116972	0.0592345	0.0336926	0.00796642	0.0445728	0.051669	0.0225977	0.133363	0.00862511	0.0103674	0.182285	0.0103396	0.044194	0.0704549	0.141977	0.0774928	0.0219211	0.000474082	0.0158596
24	0.0113676	0.00481003	0.0402354	0.0160078	0.0370676	0.00812444	0.521167	0.0145859	0.0263352	0.0170876	0.00650663	0.0463049	0.00187672	0.0647505	0.0125577	0.0153962	0.0178151	0.00943663	0.00119008	0.127377
25	0.0308341	0.0119357	0.00864477	0.0266915	0.0474609	0.0104114	0.0476278	0.0551054	0.0349251	0.181479	0.0499001	0.0211436	0.00423854	0.0670539	0.197449	0.0971341	0.028563	0.0551254	0.00407774	0.0201989
26	0.251758	0.0230556	0.0141458	0.0317092	0.00420861	0.455614	0.00253624	0.00768191	0.00484162	0.00840677	0.00587666	0.0108966	0.00714774	0.00964388	0.0314602	0.0600682	0.0227485	0.0403412	0.00376603	0.00409274
27	0.0141282	0.000462719	0.000970602	0.00137013	0.0403137	0.000626193	0.00357636	0.0864299	0.00347202	0.635556	0.064166	0.00117387	0.0121726	0.00719492	0.00713765	0.0132852	0.00998664	0.0844769	0.00142491	0.0120759
28	0.44614	0.00851487	0.0323648	0.0548506	0.0264358	0.046108	0.002095	0.00917114	0.0132453	0.0266409	0.0205271	0.00778376	0.00326089	0.0410822	0.0140276	0.0651928	0.0631122	0.112846	0.000849597	0.00575099
29	0.0143253	0.00146734	0.00736614	0.0575233	0.00188451	0.0139654	0.00351015	0.0196968	0.463822	0.0209065	0.0283021	0.0490273	0.00165756	0.0410085	0.204725	0.0286605	0.0259826	0.0143654	0.000739633	0.00106379
30	0.0158521	0.0717012	0.00679178	0.00259783	0.174616	0.00147159	0.122191	0.00812628	0.00789535	0.070845	0.00800581	0.00261561	0.00082363	0.0140402	0.0317606	0.00686986	0.00266745	0.0188144	0.0144355	0.417879
31	0.0135552	0.000470992	0.000967528	0.00124478	0.0400285	0.000503684	0.00363228	0.0853393	0.00342964	0.639428	0.0643154	0.00114211	0.0116953	0.00724712	0.00709707	0.0135438	0.0104035	0.0819775	0.00151668	0.0124614
32	0.0293699	0.00831252	0.00355988	0.0169935	0.0202066	0.00198731	0.0155928	0.0872269	0.108942	0.247552	0.155195	0.0121451	0.00240061	0.0596684	0.0804225	0.0212376	0.0240054	0.0804437	0.0145497	0.0101893
33	0.0025892	0.00137987	0.00630644	0.00696379	0.618625	0.00110346	0.0108253	0.0345803	0.00213923	0.0991954	0.00211625	0.00650093	0.000775618	0.00221914	0.00743234	0.00903919	0.00245409	0.0099638	0.00452977	0.171261
34	0.185423	0.02299	0.0159496	0.0322167	0.0386168	0.0216314	0.00718989	0.0796354	0.0159928	0.076167	0.0272577	0.00921627	0.0286945	0.0206737	0.0191598	0.0568053	0.0558155	0.27602	0.00109255	0.00945203
35	0.0205337	0.0521933	0.00549136	0.00422732	0.142786	0.00231858	0.0885971	0.00964038	0.00700389	0.0559105	0.00875207	0.00312579	0.00328992	0.0112475	0.0407395	0.0161991	0.00417889	0.0137574	0.2607	0.249308
36	0.0188469	0.00685896	0.0117441	0.0141974	0.0159188	0.00707383	0.00243977	0.0265048	0.0179689	0.0575955	0.00259978	0.00979382	0.5492	0.019042	0.0207178	0.14046	0.0329838	0.0323431	0.00622923	0.00748203
37	0.0191311	0.00488827	0.00455094	0.00632258	0.034808	0.00381727	0.00834156	0.0146474	0.00655414	0.0351571	0.0114852	0.00468195	0.0381993	0.00616741	0.0128665	0.0281694	0.00773008	0.00823625	0.710171	0.0340743
38	0.127622	0.0259353	0.00575724	0.0248437	0.00714916	0.00419422	0.0054125	0.089496	0.0707736	0.0209999	0.188734	0.0174614	0.00238598	0.00936265	0.0271116	0.0641479	0.19368	0.102894	0.0025559	0.00948285
39	0.064607	0.0336423	0.00984142	0.0145785	0.00105005	0.734989	0.00141281	0.0086835	0.00209232	0.00337807	0.00132043	0.0122266	0.00052353	0.00610666	0.0376798	0.0507817	0.00616081	0.00721313	0.00267844	0.0010336
40	0.0130306	0.00110321	0.00141663	0.00324446	0.00569367	0.00124579	0.00161499	0.498406	0.00492819	0.109761	0.0103399	0.00288669	0.000936093	0.00183935	0.0043067	0.00392106	0.0225722	0.308629	0.000370713	0.00375379
41	0.0467788	0.00153486	0.00141999	0.00822646	0.0312896	0.00394789	0.00222504	0.143775	0.00295366	0.307848	0.0544883	0.00174652	0.0155497	0.00725414	0.00725875	0.00766683	0.0113563	0.337858	0.000646278	0.00617666
42	0.353557	0.00639264	0.00964664	0.0150327	0.0137584	0.0376855	0.00242457	0.0553444	0.0125167	0.0440511	0.0305161	0.00671342	0.00913685	0.0194677	0.0150197	0.0370768	0.0769664	0.247593	0.000935706	0.00616507
43	0.0696255	0.00748099	0.0930306	0.0783018	0.00655706	0.0360222	0.0278526	0.0193425	0.109728	0.0133922	0.0125639	0.231028	0.00777214	0.0338061	0.056371	0.110229	0.0514213	0.021584	0.00111542	0.0127754
44	0.0745653	0.00251055	0.00182073	0.0104742	0.0251437	0.0121499	0.00177588	0.17109	0.00348837	0.154469	0.0656839	0.00230148	0.0193864	0.00849104	0.00753921	0.00813009	0.0161034	0.41101	0.000413599	0.00345355
45	0.136717	0.00776173	0.00296203	0.00904828	0.028002	0.0179575	0.00291723	0.160694	0.00559976	0.108471	0.0140661	0.00343065	0.0894186	0.0057164	0.0135827	0.039672	0.112415	0.223845	0.00106865	0.0166541
46	0.0968662	0.0125665	0.0717943	0.0954169	0.0085246	0.175481	0.0330181	0.013879	0.0837783	0.0346598	0.0146652	0.062108	0.00942161	0.0620167	0.0670492	0.0736792	0.0448883	0.0221187	0.00291432	0.0151537
47	0.0628979	0.00301698	0.123902	0.353494	0.00579964	0.0311232	0.00583698	0.00975747	0.14587	0.0208967	0.00738185	0.0307629	0.0133916	0.0645972	0.0542109	0.0194969	0.0212003	0.0175032	0.000537981	0.00832177
48	0.0764283	0.0114647	0.0664465	0.0575423	0.00454254	0.0989684	0.0229958	0.00948595	0.123966	0.0124828	0.0094637	0.11905	0.0223176	0.0373484	0.0605795	0.16931	0.0741008	0.0137767	0.000697743	0.00903202
49	0.252885	0.00841531	0.0128885	0.0937626	0.00779906	0.125305	0.00657326	0.0113043	0.0175135	0.0186296	0.0300412	0.0100736	0.0726152	0.0169085	0.0733189	0.0824756	0.065314	0.0623239	0.0240959	0.00775728
50	0.0698568	0.00250558	0.0734742	0.158174	0.00719149	0.0300898	0.0239268	0.0232055	0.11945	0.0330319	0.0312489	0.0926108	0.00101607	0.0885959	0.076083	0.0607669	0.0660138	0.024836	0.0116105	0.0063121
51	0.012812	0.00187592	0.00112233	0.00293273	0.041294	0.000448841	0.00356128	0.0954188	0.00569428	0.602206	0.0754086	0.00216969	0.0105391	0.00955771	0.0108496	0.0141629	0.0130037	0.0833979	0.00171644	0.0118283
52	0.0176565	0.00101704	0.00834855	0.0530343	0.00130666	0.0109368	0.00177761	0.0163538	0.517958	0.0123234	0.0278573	0.0375149	0.0011719	0.0403339	0.191813	0.0196732	0.0264005	0.0132876	0.000628428	0.000606776
53	0.0407935	0.00196827	0.263889	0.368208	0.00257452	0.0367384	0.0224896	0.00554642	0.0543441	0.00567682	0.00648409	0.04737	0.00642827	0.0626311	0.0149156	0.0219529	0.0148614	0.0198491	0.000124298	0.00315452
54	0.0242845	0.00100262	0.0620299	0.216693	0.00794014	0.00596445	0.0342338	0.0160276	0.211319	0.0410493	0.0303129	0.0543817	0.00109891	0.116641	0.0940283	0.0265301	0.0351759	0.0117749	0.00107871	0.00843371
55	0.00323911	0.00277497	0.00610246	0.00701388	0.571844	0.00142109	0.0116561	0.031371	0.00269113	0.130483	0.00492347	0.00867725	0.000975527	0.00296423	0.00772107	0.0121699	0.00288891	0.0137895	0.00761613	0.169677
56	0.258177	0.0149926	0.00257756	0.0415231	0.00243719	0.00262183	0.00203364	0.0780606	0.0714046	0.0189827	0.0227461	0.0267044	0.00112808	0.00591086	0.041201	0.10418	0.188739	0.104497	0.000610368	0.0114724
57	0.00297081	0.00342491	0.00619157	0.00683639	0.60567	0.00110216	0.0146306	0.0335298	0.00234514	0.0975661	0.00233118	0.00623067	0.000752703	0.00251728	0.00830875	0.00867836	0.00243548	0.0100611	0.00480794	0.179609
58	0.0386415	0.0175366	0.0646945	0.0311041	0.0080498	0.0352481	0.0650556	0.0252739	0.132228	0.00961468	0.0134026	0.195708	0.00653075	0.0478815	0.0795171	0.122154	0.065356	0.0233715	0.000967674	0.0176636
59	0.0199353	0.0069071	0.0114267	0.014127	0.0166998	0.00696196	0.00250813	0.0277633	0.0178652	0.0584565	0.00264336	0.00946734	0.546451	0.0186034	0.020561	0.136773	0.0339897	0.034937	0.00608417	0.00783972
60	0.0138716	0.0136586	0.0378299	0.0652921	0.0349915	0.00270796	0.0628455	0.157143	0.0221737	0.156663	0.0292791	0.0314313	0.00151258	0.0281545	0.0289908	0.0481209	0.0472532	0.212056	0.00119486	0.00482936
61	0.0267119	0.00107165	0.0676476	0.21881	0.00758591	0.00779999	0.0302594	0.0158231	0.218833	0.0387897	0.0295897	0.0544828	0.0013863	0.104348	0.0938922	0.0271121	0.0348179	0.0117324	0.00112898	0.0081771
62	0.0565237	0.00274689	0.00351649	0.013066	0.044022	0.00473822	0.00982332	0.190178	0.0146815	0.0734477	0.0309993	0.00310324	0.00846742	0.00558302	0.023345	0.0208038	0.0498634	0.437356	0.000436919	0.00729815
63	0.0213372	0.0100077	0.0649758	0.0307123	0.0101682	0.00651795	0.077142	0.0530853	0.102489	0.0164142	0.0149657	0.181457	0.00373547	0.0637665	0.0550555	0.0927033	0.0956641	0.0537027	0.000683724	0.0454163
64	0.0423724	0.0823212	0.0377104	0.0455181	0.0782676	0.0536359	0.040653	0.0658308	0.0475496	0.0558754	0.0271674	0.0444271	0.00273115	0.0339337	0.014193	0.0639266	0.113785	0.0159049	0.00194128	0.132255
65	0.575972	0.00728432	0.0136638	0.0173779	0.00849979	0.0671443	0.00206679	0.00758549	0.00374061	0.0140747	0.0129766	0.00429542	0.0093971	0.0168946	0.0209944	0.0576225	0.0457034	0.105284	0.0018189	0.00760256
66	0.0130873	0.0011028	0.0014181	0.0032434	0.00568932	0.00124793	0.00161653	0.497991	0.00491824	0.109842	0.010324	0.00287864	0.000947327	0.00181281	0.00428504	0.00391791	0.022615	0.308947	0.000370743	0.00374431
67	0.0777949	0.00266209	0.00164374	0.0109989	0.0273877	0.0106074	0.00174308	0.149334	0.00281976	0.141316	0.0570765	0.00187999	0.0188328	0.00818579	0.00717689	0.00697739	0.0146625	0.45517	0.000375082	0.0033562
68	0.055959	0.00309949	0.128499	0.372317	0.00306552	0.027034	0.00583052	0.0099108	0.14771	0.0178199	0.00741111	0.0329532	0.00740953	0.0666308	0.0470079	0.0190399	0.0211154	0.0184685	0.000162058	0.00855657
69	0.00266392	0.00143807	0.00618553	0.00701765	0.61732	0.00141043	0.0107827	0.0338607	0.00224843	0.0984393	0.00212499	0.00815563	0.000788546	0.00244523	0.00745983	0.0108189	0.00260078	0.0109005	0.00454367	0.168795
70	0.0745805	0.0111537	0.0440831	0.0491942	0.00382972	0.0818586	0.0264975	0.00850403	0.145703	0.0101938	0.00983774	0.123474	0.0219818	0.0362928	0.0684039	0.177135	0.0871518	0.0133438	0.000327496	0.00645317
71	0.0699812	0.00998652	0.0444667	0.0559041	0.00359817	0.0806019	0.0230588	0.00898781	0.149302	0.0103887	0.0093616	0.128039	0.0226962	0.0350349	0.0710283	0.17536	0.0826099	0.0126994	0.000386875	0.00650812
72	0.0230891	0.00202059	0.441065	0.0870486	0.00311561	0.0551039	0.0397256	0.00479527	0.0247365	0.00783503	0.00866016	0.185529	0.000792091	0.0275366	0.0226892	0.026574	0.0187383	0.00694273	0.000439495	0.0135632
73	0.0177618	0.00808936	0.00483254	0.0142964	0.0606691	0.0026823	0.00917839	0.0714202	0.0205709	0.16015	0.0947323	0.0104945	0.00599447	0.0190062	0.0270837	0.0221473	0.0208745	0.0428915	0.350284	0.0368405
74	0.0714005	0.010278	0.0525019	0.052678	0.0040932	0.0791712	0.0256223	0.0122527	0.129408	0.0117862	0.00802771	0.119045	0.0272982	0.0354317	0.0603089	0.189948	0.0893574	0.0123584	0.000419242	0.0086136
75	0.0647973	0.0336451	0.00981808	0.0147144	0.00105047	0.734576	0.00141952	0.00869705	0.00209045	0.00335778	0.00135721	0.0121769	0.000525129	0.0061038	0.0376523	0.0509087	0.00615953	0.00723302	0.00267754	0.00104032
76	0.00262682	0.00158683	0.0062998	0.00696751	0.617878	0.00109194	0.011282	0.0344693	0.00217844	0.0991637	0.00212379	0.00644234	0.000756403	0.00225902	0.00749997	0.00897648	0.00245786	0.00995651	0.00455113	0.171432
77	0.0737595	0.0114236	0.0441377	0.0496241	0.00393087	0.0809734	0.0269145	0.00850787	0.147256	0.0100027	0.0101495	0.124795	0.0212371	0.0368842	0.0692025	0.174547	0.0864914	0.0135047	0.000352484	0.00630495
78	0.0338511	0.00289465	0.412985	0.0758962	0.003917	0.0581495	0.0369046	0.0054668	0.02919	0.00881705	0.00955753	0.191467	0.00170266	0.0282387	0.0224802	0.0374679	0.0191114	0.00760879	0.000472735	0.0138217
79	0.578254	0.00735697	0.0163015	0.0174574	0.0102142	0.0611428	0.00194115	0.00868557	0.00457538	0.014499	0.0161908	0.00530862	0.00615438	0.019506	0.0168471	0.0544629	0.0551639	0.0975386	0.00120716	0.00719264
80	0.016531	0.0122315	0.00271593	0.0251552	0.0341513	0.000720794	0.00791004	0.121577	0.0406465	0.280265	0.168975	0.0161689	0.00177568	0.0393378	0.0525317	0.0235491	0.038037	0.0996039	0.00611463	0.0120017
81	0.168062	0.00693691	0.087094	0.165539	0.0126986	0.0335772	0.00731109	0.0135228	0.0673822	0.0299871	0.0205444	0.0621339	0.000948427	0.0765909	0.0335625	0.0847547	0.071508	0.0528085	0.00206793	0.00297015
82	0.00334424	0.00142197	0.00599415	0.00667302	0.584575	0.00120924	0.0104326	0.0377402	0.00229285	0.128098	0.00572806	0.00713455	0.00148082	0.00268844	0.00738399	0.0103656	0.00314535	0.0147205	0.00433152	0.16124
83	0.0367844	0.00171364	0.274925	0.38088	0.00245506	0.0345079	0.0235595	0.00555197	0.0467595	0.00326723	0.00672898	0.0477786	0.00367398	0.0628174	0.011954	0.0200991	0.0128033	0.021331	0.000127589	0.00228166
84	0.054614	0.0104261	0.0477056	0.0399445	0.00603348	0.0510317	0.041627	0.0154144	0.158795	0.0106055	0.01148	0.156326	0.0113127	0.0454267	0.091266	0.142501	0.077107	0.0170423	0.00113522	0.0102066
85	0.0796828	0.0262938	0.0617999	0.0798643	0.0264031	0.0402015	0.106871	0.0176368	0.0209407	0.0487149	0.0239261	0.0652078	0.00291847	0.0455758	0.0324463	0.120352	0.0530099	0.0303165	0.00132727	0.116511
86	0.00390412	0.00760155	0.00626706	0.00651275	0.580746	0.00106983	0.0205371	0.0318199	0.00256552	0.0947571	0.00255979	0.00554024	0.000762666	0.00320453	0.00990696	0.0083784	0.00240975	0.0102554	0.00581923	0.195383
87	0.11302	0.0041252	0.092062	0.195415	0.00818656	0.0356252	0.010791	0.0221973	0.0795447	0.0285663	0.024527	0.0807906	0.000865884	0.0789699	0.044914	0.0628979	0.0677564	0.0422921	0.00317781	0.00427505
88	0.0152759	0.222334	0.00824935	0.012697	0.0577612	0.0077218	0.114271	0.0145698	0.0134079	0.106949	0.01113	0.0127087	0.00402449	0.0672705	0.157945	0.0482721	0.0132907	0.0172472	0.00547796	0.0893975
89	0.064607	0.0336423	0.00984142	0.0145785	0.00105005	0.734989	0.00141281	0.0086835	0.00209232	0.00337807	0.00132043	0.0122266	0.00052353	0.00610666	0.0376798	0.0507817	0.00616081	0.00721313	0.00267844	0.0010336
90	0.0168143	0.00154326	0.0075168	0.0515221	0.00139584	0.0132664	0.0040761	0.0171244	0.489326	0.0146509	0.0266592	0.0366202	0.00151754	0.0434948	0.209987	0.0223962	0.0264672	0.0133533	0.00141928	0.000848908
91	0.0137462	0.00211672	0.00579555	0.049982	0.00173006	0.0197968	0.00752329	0.0201547	0.427584	0.0218334	0.0258527	0.0388816	0.00317578	0.050708	0.235693	0.0283634	0.0289556	0.0145031	0.00222631	0.00137719
92	0.0507816	0.00306844	0.244629	0.346822	0.00330903	0.0336174	0.0208574	0.00740112	0.0594607	0.00881645	0.00818301	0.0499779	0.00391659	0.0659299	0.0185213	0.026015	0.0203736	0.0245582	0.000284061	0.00347719
93	0.0179106	0.0507358	0.00524422	0.00341795	0.150328	0.00188209	0.0876793	0.00900333	0.00652342	0.0590059	0.00825896	0.00301775	0.00301588	0.0105119	0.0368469	0.0134499	0.00371762	0.0137688	0.24935	0.266332
94	0.0161819	0.00044373	0.00102402	0.00132108	0.0405366	0.000609836	0.00355652	0.0932992	0.00337604	0.614087	0.0715884	0.00109461	0.0131269	0.00707159	0.00691191	0.0137448	0.0128501	0.085128	0.00157826	0.01247
95	0.0156149	0.0714878	0.00689276	0.0030727	0.184092	0.00174203	0.116778	0.00999026	0.00798364	0.0701669	0.00793645	0.00303587	0.000851475	0.0140091	0.030333	0.00706578	0.00333775	0.0191434	0.0136949	0.412771
96	0.064607	0.0336423	0.00984142	0.0145785	0.00105005	0.734989	0.00141281	0.0086835	0.00209232	0.00337807	0.00132043	0.0122266	0.00052353	0.00610666	0.0376798	0.0507817	0.00616081	0.00721313	0.00267844	0.0010336
97	0.0183369	0.00460177	0.00364895	0.00509499	0.0361463	0.00266298	0.00846824	0.0132615	0.00495751	0.031377	0.0128823	0.00403748	0.01117	0.00491577	0.0112502	0.0169029	0.00538115	0.00630164	0.762254	0.0363483
98	0.0140406	0.0177057	0.00220661	0.0155538	0.030504	0.00123043	0.00417182	0.191583	0.021231	0.258693	0.139051	0.0097515	0.00251987	0.0300737	0.0425522	0.0186233	0.0311449	0.160337	0.00256641	0.0064608
99	0.617618	0.00793482	0.017659	0.015195	0.00899601	0.0574976	0.00164182	0.00575915	0.00319397	0.0123279	0.0116381	0.0040355	0.00528834	0.0172982	0.0154923	0.0562107	0.0482268	0.0854043	0.00092915	0.00765297
100	0.0195721	0.0077434	0.00229734	0.0236195	0.00375446	0.0287905	0.0359468	0.0146938	0.214754	0.0301525	0.0150543	0.0300732	0.00430946	0.0836975	0.36592	0.0530777	0.036901	0.0127381	0.0130467	0.00385777
101	0.18125	0.0087898	0.087555	0.180938	0.0165921	0.0308859	0.00481252	0.0111211	0.0564117	0.0318638	0.0181545	0.0457416	0.000502563	0.0757982	0.0265215	0.0867415	0.0681554	0.0641612	0.00112078	0.00288301
102	0.0377045	0.00179832	0.281752	0.36622	0.00254017	0.0350125	0.0235622	0.00600177	0.0482271	0.00353744	0.0070758	0.0488746	0.00384756	0.0629376	0.0129437	0.0208436	0.0133501	0.0211698	0.000126557	0.00247483
103	0.0210375	0.00180628	0.46557	0.112714	0.00356238	0.037872	0.0324408	0.00756197	0.0330776	0.00635922	0.00756681	0.157337	0.00150071	0.0311933	0.0235374	0.0224049	0.0152768	0.0107529	0.000508506	0.0079199
104	0.0159501	0.0733027	0.00684288	0.0025528	0.167434	0.00147742	0.123499	0.00781486	0.00799217	0.0706651	0.0080839	0.0025793	0.00082303	0.0142956	0.032083	0.00697566	0.00265306	0.0191431	0.0146032	0.42123
105	0.11843	0.0111412	0.00562324	0.0116241	0.0278527	0.0096576	0.00316828	0.155594	0.00654298	0.124636	0.00444107	0.00429601	0.155185	0.00560803	0.0172331	0.0530689	0.125997	0.133374	0.00122034	0.025306
106	0.0220677	0.00139292	0.00156046	0.00564877	0.0144733	0.0020602	0.00280578	0.39458	0.00602102	0.118526	0.0213757	0.00211384	0.00326311	0.00264108	0.00706261	0.00653792	0.028346	0.353908	0.000345739	0.00526933
107	0.180511	0.0255594	0.0104121	0.0169058	0.00319357	0.574529	0.00171386	0.00797303	0.00299378	0.00586807	0.00455213	0.0100803	0.00460077	0.00874131	0.0353858	0.0517974	0.0173703	0.0322044	0.0028882	0.00271944
108	0.0621296	0.00283782	0.130416	0.353414	0.00389037	0.0271428	0.00654943	0.011499	0.136423	0.0184255	0.0100407	0.0381361	0.00620572	0.0670044	0.0458056	0.0231079	0.0265784	0.0224144	0.000412776	0.0075662
109	0.00522233	0.00380123	0.0205518	0.00473231	0.0479944	0.00229553	0.577198	0.0134428	0.0110446	0.0154244	0.00316552	0.0368925	0.00139791	0.0686857	0.00565189	0.00570963	0.0134771	0.00557244	0.000783774	0.156956
110	0.0138309	0.00100549	0.00113515	0.00238825	0.0384187	0.000572442	0.00373768	0.0923717	0.00435723	0.614345	0.0646029	0.00180342	0.0110343	0.0080502	0.00877274	0.013351	0.0112283	0.095953	0.00139211	0.0116493
111	0.018802	0.00796216	0.00322459	0.0256931	0.00376907	0.0275611	0.0374944	0.01567	0.210111	0.0303652	0.0150551	0.0319612	0.00423532	0.0834008	0.364001	0.054064	0.0366479	0.0132466	0.0124185	0.00431643
112	0.0244065	0.000765102	0.0207069	0.0903144	0.00323119	0.0116439	0.00733615	0.0167208	0.445091	0.0183589	0.0284812	0.0503208	0.00102305	0.055175	0.156148	0.0225336	0.0322195	0.0126176	0.000955826	0.00195055
113	0.0176012	0.00875432	0.04943	0.0337554	0.00904751	0.00584656	0.0731671	0.058194	0.113399	0.0141319	0.0264605	0.184588	0.00312779	0.0633034	0.0538573	0.0724595	0.0966137	0.0645748	0.000915194	0.0507728
114	0.0649073	0.033471	0.0100796	0.0150646	0.00111491	0.732194	0.00144149	0.0089965	0.00222707	0.00350504	0.00133986	0.012612	0.000526348	0.00607899	0.0378641	0.0510597	0.00648126	0.007265	0.00272083	0.00105013
115	0.039867	0.00198438	0.278213	0.308586	0.00392848	0.0331511	0.0188777	0.01183	0.0614448	0.00696217	0.0088886	0.0642254	0.00308759	0.0580809	0.0259823	0.0260782	0.0200731	0.0243043	0.000379023	0.0040555
116	0.0140736	0.000580456	0.00127384	0.00198339	0.0377683	0.00070992	0.00379272	0.092859	0.00341427	0.619118	0.0595245	0.00149096	0.0111579	0.00722882	0.0074971	0.0129105	0.010445	0.101209	0.00135847	0.0116039
117	0.0173709	0.000840062	0.00855343	0.0541123	0.00121222	0.00997144	0.000727043	0.0162592	0.534135	0.0114103	0.0280605	0.0377062	0.000997808	0.0386904	0.182035	0.0181448	0.0259523	0.0130563	0.000244784	0.000519401
118	0.0133833	0.0290151	0.0102982	0.00889752	0.0149895	0.0387889	0.0055563	0.013878	0.0368629	0.0471002	0.00515993	0.0280645	0.0157107	0.0198457	0.0145203	0.403368	0.265381	0.0175086	0.00198294	0.00968759
119	0.0281389	0.00114306	0.00145565	0.00600233	0.0175541	0.00212219	0.0027386	0.350212	0.00456385	0.117919	0.0193432	0.00201085	0.00474992	0.00248651	0.00651234	0.00553472	0.0248163	0.397935	0.000350022	0.00441189
120	0.129773	0.032101	0.097828	0.0329133	0.00547562	0.0776169	0.0163645	0.0105091	0.0876413	0.0258212	0.00733275	0.0813406	0.0551524	0.0234395	0.0458149	0.176419	0.0589649	0.0126106	0.00132888	0.0215516
121	0.0381797	0.00180378	0.281697	0.363708	0.00265025	0.0356238	0.0227407	0.00627389	0.0488041	0.00391654	0.00705561	0.0486502	0.00392522	0.062708	0.0139331	0.0209315	0.0136722	0.0210415	0.000106452	0.00257827
122	0.0112181	0.0181323	0.0025766	0.0167229	0.0305159	0.0010523	0.00528786	0.192292	0.0242314	0.269095	0.13475	0.01117	0.00193582	0.0334361	0.046082	0.0194118	0.0326873	0.139534	0.00301281	0.00685516
123	0.0228008	0.000614082	0.0306185	0.168351	0.0118344	0.00345852	0.0307013	0.0211804	0.220012	0.0577964	0.0414492	0.0744097	0.000306678	0.115477	0.0998178	0.0364634	0.0440096	0.0130651	0.00122745	0.00640628
124	0.0121051	0.0139906	0.00232515	0.0152709	0.0316239	0.000934689	0.00497527	0.185205	0.0219944	0.301572	0.136117	0.0101293	0.00256613	0.0298282	0.0421694	0.0196426	0.0343349	0.1245	0.00288073	0.00783475
125	0.0562957	0.00387669	0.00174437	0.0140713	0.0297129	0.00602467	0.0023866	0.14904	0.00545733	0.194165	0.0702778	0.0034706	0.016265	0.0106841	0.0111913	0.00835799	0.0137286	0.398094	0.000810092	0.0043457
126	0.172053	0.0199608	0.0976852	0.159386	0.0268482	0.0255262	0.0052355	0.0111951	0.0518836	0.0407251	0.0155389	0.0359965	0.00112869	0.0773456	0.0212361	0.0911448	0.0785398	0.0619706	0.00107096	0.00552888
127	0.0295408	0.00755408	0.0824849	0.0301291	0.0110691	0.0110021	0.0732478	0.0433275	0.0900389	0.0119936	0.00854787	0.220542	0.00476721	0.0505542	0.0581383	0.121052	0.0790326	0.0337368	0.00060486	0.0326358
128	0.0111161	0.00428828	0.0023691	0.00301667	0.130126	0.000945832	0.0103484	0.0693901	0.0041613	0.528762	0.0578553	0.00295382	0.00882489	0.00760462	0.00890421	0.0143948	0.00962624	0.0622752	0.00443302	0.0586034
129	0.270795	0.0172381	0.00284743	0.0380197	0.00257942	0.00303783	0.00202659	0.0622422	0.0660076	0.0192739	0.0212199	0.0338434	0.00129371	0.00643439	0.0367621	0.101261	0.203515	0.0979536	0.0005202	0.0131293
130	0.0269508	0.00638208	0.00183302	0.0108531	0.0246664	0.00315633	0.00331774	0.241505	0.0111602	0.233946	0.0952424	0.00529084	0.00725512	0.0141068	0.0192588	0.0154891	0.0256121	0.24665	0.00136742	0.00595708
131	0.0670291	0.00292012	0.158915	0.322809	0.00472957	0.0309173	0.0100795	0.0145331	0.104094	0.0179157	0.0112011	0.0484851	0.00445104	0.0678077	0.0361185	0.0313284	0.031906	0.028602	0.000518872	0.00563791
132	0.11873	0.00463822	0.0752954	0.180198	0.0096691	0.0298445	0.00817236	0.0387189	0.0768704	0.039584	0.0421771	0.0752349	0.000973626	0.0608966	0.0420332	0.0556755	0.0687492	0.064364	0.00257381	0.00560079
133	0.0173575	0.000936825	0.00894399	0.0557642	0.00136851	0.0100022	0.00156289	0.0173566	0.530146	0.0117333	0.0287771	0.0385782	0.00100251	0.0394256	0.177193	0.0180654	0.0272282	0.0133902	0.000229891	0.000938354
134	0.0351961	0.00808837	0.0740351	0.0329652	0.00972185	0.0206552	0.0655424	0.0388774	0.103153	0.00976449	0.00891413	0.220174	0.0062851	0.0511557	0.06126	0.123181	0.0733131	0.0291674	0.000769139	0.0277818
135	0.0174698	0.00142892	0.01099	0.0594258	0.0020842	0.0131693	0.00270568	0.0175194	0.469991	0.0194913	0.0282062	0.0639679	0.00157282	0.0373456	0.183252	0.0292613	0.0271788	0.0134729	0.000443344	0.00102397
136	0.0563427	0.0029364	0.141485	0.372348	0.00313581	0.0271961	0.00680177	0.00973184	0.136101	0.0176974	0.00734047	0.0338259	0.00722136	0.0662169	0.0442659	0.0187241	0.0205536	0.0195894	0.000147535	0.00833965
137	0.0237236	0.000678659	0.0306594	0.166904	0.0117871	0.00357183	0.0301664	0.0209829	0.218616	0.0606101	0.0414839	0.0749421	0.000390672	0.115921	0.0984502	0.0374067	0.0432003	0.0129903	0.00123227	0.0062819
138	0.0163898	0.0123678	0.00249422	0.0228843	0.0323774	0.000650373	0.00738843	0.134685	0.0351652	0.280637	0.16985	0.0164739	0.00182228	0.0393528	0.0484712	0.0227939	0.0361136	0.104857	0.00502127	0.0102055
139	0.00965875	0.00936676	0.0730841	0.0904167	0.0186376	0.00412157	0.144519	0.138824	0.0147652	0.149825	0.024513	0.0392929	0.00266394	0.0396555	0.0180147	0.0327979	0.0400492	0.142377	0.00198051	0.00543638
140	0.0790145	0.0104147	0.0444442	0.0518079	0.00364313	0.0805871	0.0236537	0.00875346	0.142794	0.0103799	0.00936987	0.119365	0.0228383	0.0379445	0.0663728	0.17883	0.0887057	0.0140531	0.000336067	0.00669194
141	0.0159969	0.0730139	0.00687189	0.00254632	0.165602	0.00149982	0.129711	0.00782225	0.00793939	0.0698846	0.00799706	0.00299487	0.000841597	0.0149325	0.0326943	0.0071351	0.00275236	0.0187673	0.0147345	0.416263
142	0.0381659	0.00734048	0.0749025	0.0449036	0.0120111	0.0136905	0.0617411	0.0428113	0.103655	0.0136005	0.0107369	0.204025	0.00472732	0.057064	0.0562483	0.105944	0.0776673	0.0374412	0.00081225	0.0325119
143	0.0561888	0.00298591	0.128194	0.372927	0.00304295	0.0267913	0.00573878	0.00982699	0.147708	0.0177523	0.0073047	0.0331193	0.00751958	0.0668387	0.0471016	0.0189977	0.0210779	0.0182845	0.000160184	0.00843903
144	0.0491819	0.00360691	0.19584	0.370388	0.00286963	0.0325165	0.013252	0.00799661	0.100081	0.0118122	0.00694433	0.0422991	0.00553053	0.0631777	0.0297359	0.0200173	0.0178176	0.0211417	0.00019253	0.00559829
145	0.0129996	0.0148155	0.00240596	0.0189555	0.034885	0.000800231	0.00592363	0.173033	0.0266	0.271016	0.159319	0.0120642	0.00170892	0.0313257	0.0461852	0.0234802	0.0388091	0.113219	0.00361028	0.00884317
146	0.0173322	0.00362811	0.0147745	0.0926844	0.00622266	0.0197245	0.0304789	0.0205783	0.228958	0.0397215	0.0268611	0.0456471	0.00250922	0.0966095	0.248123	0.0443096	0.0389681	0.0127536	0.00574871	0.00436687
147	0.0371767	0.00152425	0.0825301	0.125281	0.00195868	0.0350421	0.00458941	0.0125768	0.238332	0.00984564	0.0163974	0.232316	0.00183996	0.0189627	0.089115	0.0688359	0.015091	0.00644492	0.000491891	0.0016483
148	0.0159203	0.0127299	0.00278951	0.0283177	0.0308497	0.00108829	0.00677846	0.14568	0.0326907	0.260281	0.18538	0.0143465	0.00191412	0.0341068	0.0480505	0.0212234	0.0382211	0.105178	0.00486762	0.00958572
149	0.0133878	0.00896612	0.0120755	0.0627898	0.00603455	0.00520403	0.171652	0.0340204	0.0245564	0.0397992	0.00751133	0.023026	0.00304997	0.390236	0.121009	0.0128045	0.0209092	0.0344153	0.00168835	0.00686397
150	0.0180262	0.000821472	0.00870226	0.0541628	0.0011825	0.00997858	0.000731792	0.016197	0.529842	0.0114867	0.0281687	0.0379241	0.00100794	0.0384622	0.185083	0.0184833	0.0258679	0.0130955	0.00025917	0.000517531
151	0.0367008	0.0017021	0.00443349	0.0146827	0.0419136	0.00161493	0.0143914	0.247669	0.0203962	0.0640333	0.0282393	0.00360474	0.00212059	0.00467077	0.0300869	0.0253058	0.0595968	0.394715	0.000269939	0.00385334
152	0.0178465	0.013629	0.00305236	0.027253	0.0381409	0.000755127	0.00882769	0.124248	0.0375074	0.273047	0.158843	0.0178479	0.00180647	0.0380904	0.0512241	0.0251021	0.0375688	0.106739	0.0052987	0.0131721
153	0.100058	0.00309899	0.106235	0.207981	0.00661043	0.0371275	0.0141516	0.0189761	0.0840382	0.0247376	0.0215672	0.0817217	0.00113849	0.0779996	0.0498783	0.0584002	0.0622812	0.0351194	0.00347792	0.00540184
154	0.0349683	0.00173163	0.307174	0.327161	0.0025569	0.0373648	0.0241517	0.00749542	0.0468461	0.00389816	0.00730893	0.0663111	0.00330806	0.0577312	0.0151195	0.0210262	0.0134686	0.0189733	0.000142656	0.0032632
155	0.0234241	0.00507038	0.0389858	0.0870019	0.00909627	0.00910263	0.052849	0.033393	0.160511	0.0312114	0.0316275	0.136242	0.00200734	0.0910882	0.10191	0.0574411	0.0670533	0.0367266	0.00243797	0.0228208
156	0.0509782	0.00232258	0.110431	0.31423	0.00466535	0.0235565	0.0116065	0.0146625	0.16004	0.024673	0.0161061	0.0446352	0.00495845	0.0786347	0.0589445	0.0245372	0.0285392	0.0184421	0.000693103	0.00734424
157	0.0176358	0.000815456	0.00855854	0.0542404	0.00120748	0.0100806	0.000735333	0.0163521	0.529659	0.0116907	0.0281681	0.0380545	0.00101933	0.038394	0.185169	0.0185614	0.0258718	0.013019	0.000253257	0.000514063
158	0.068383	0.00782025	0.0189971	0.0299355	0.0285023	0.00713996	0.0441546	0.0738013	0.0301966	0.166362	0.0459128	0.0394559	0.00372338	0.0479549	0.0760485	0.105524	0.0753854	0.0889062	0.00243635	0.0393593
159	0.0275089	0.00687131	0.0116947	0.0351608	0.00918382	0.0301303	0.044031	0.0176326	0.182536	0.0336402	0.0182193	0.0492562	0.00516979	0.0837234	0.282918	0.0774016	0.0509404	0.015551	0.00849138	0.00993873
160	0.056369	0.00297601	0.130417	0.373345	0.00307214	0.0272475	0.00570474	0.00986688	0.144855	0.0175014	0.00747561	0.0339513	0.00728684	0.0662714	0.04602	0.0191718	0.0211576	0.0187848	0.00015054	0.00837554
161	0.0140377	0.000456879	0.000898987	0.00124908	0.0409547	0.000498899	0.00362935	0.086522	0.00339548	0.634778	0.0655735	0.00111699	0.0119711	0.007287	0.00703857	0.0135017	0.0107198	0.0822164	0.00150499	0.0126489
162	0.0425942	0.00199909	0.242804	0.352094	0.00339165	0.0327183	0.0174915	0.010685	0.0747648	0.00772336	0.00877189	0.0476076	0.00402243	0.0626076	0.0235281	0.0231366	0.0170105	0.0229404	0.000139443	0.00396949
163	0.0639983	0.00530679	0.0268594	0.0504452	0.0416834	0.0178094	0.0214943	0.0625524	0.0276149	0.152692	0.0451399	0.0525304	0.00231268	0.052457	0.100203	0.136259	0.061058	0.0506663	0.00220174	0.0267161
164	0.0188866	0.00892931	0.00234414	0.0221084	0.00375183	0.0279453	0.0375561	0.0143425	0.21199	0.0298765	0.0139947	0.0299072	0.00415338	0.0809432	0.374541	0.0524526	0.0358416	0.0123547	0.014254	0.0038279
165	0.082451	0.235277	0.00929496	0.0642598	0.00718905	0.0887246	0.0587149	0.0352121	0.081718	0.0151717	0.00852436	0.0624939	0.00418395	0.0105477	0.0441045	0.110755	0.0351811	0.0347738	0.00232928	0.0090934
166	0.0132566	0.0015334	0.00637166	0.0571921	0.00175027	0.0183543	0.00526715	0.0208711	0.435495	0.0217286	0.0252907	0.0444987	0.00224664	0.0464483	0.225108	0.029474	0.026509	0.0159834	0.00141747	0.00120423
167	0.0309854	0.00119841	0.0683309	0.443328	0.00150392	0.00134812	0.0291254	0.00221477	0.0590047	0.00799382	0.00405966	0.0146048	0.00171321	0.26287	0.0145721	0.00994263	0.00943633	0.0278953	0.000467925	0.00940551
168	0.0134515	0.000738299	0.00100915	0.00170218	0.0398584	0.000508194	0.00361912	0.0889256	0.00405603	0.626838	0.0693615	0.00147997	0.0120325	0.00777221	0.0080693	0.0137034	0.0115485	0.0815807	0.00159027	0.0121551
169	0.0429191	0.00182366	0.266348	0.32547	0.00426183	0.0347835	0.0186906	0.0105038	0.0631338	0.00713517	0.00932642	0.057502	0.00337974	0.0599416	0.0232017	0.0258367	0.0192695	0.0224685	0.000270984	0.00373292
170	0.0398965	0.00209043	0.129997	0.333402	0.00341847	0.0182936	0.0208505	0.00946418	0.160351	0.01844	0.0134246	0.0349486	0.00445691	0.0897521	0.0577171	0.0180359	0.0199045	0.0154571	0.000241162	0.00985969
171	0.0170278	0.0187278	0.00541343	0.0225442	0.036139	0.00328573	0.0191228	0.140217	0.0419945	0.242392	0.114674	0.0235533	0.0110957	0.0576522	0.0646401	0.0424133	0.037603	0.0774404	0.0128199	0.0112442
172	0.180185	0.00890961	0.0855067	0.173452	0.0166543	0.0290856	0.00506624	0.0112474	0.0568385	0.0315959	0.0182407	0.0473021	0.000565407	0.0793667	0.0276446	0.0894356	0.0700352	0.0647138	0.00128821	0.00286694
173	0.225495	0.0143556	0.00283359	0.0310736	0.0066396	0.00223015	0.00364241	0.0936572	0.061396	0.0268881	0.0257515	0.0188454	0.00149027	0.00623983	0.0415924	0.0655281	0.187965	0.17137	0.000622068	0.0123845
174	0.0228255	0.000607162	0.0306095	0.168507	0.0118461	0.00342498	0.0307225	0.0211663	0.22	0.0577985	0.0414584	0.0744325	0.00030327	0.115527	0.099646	0.0364267	0.0439994	0.0130665	0.00122093	0.00641316
175	0.112867	0.0163307	0.0410354	0.0732781	0.0242325	0.0270226	0.0922938	0.0201903	0.0192251	0.0940929	0.0222729	0.0597158	0.00460202	0.0361135	0.0575396	0.120739	0.0394432	0.0308119	0.00217968	0.106014
176	0.0159666	0.00888109	0.0333645	0.0431198	0.0296303	0.00256041	0.0419442	0.147822	0.0183069	0.257116	0.0414648	0.0294361	0.00345247	0.0220869	0.0263817	0.0413649	0.038567	0.190503	0.0015113	0.00652
177	0.0246103	0.000673433	0.0328799	0.170898	0.0114294	0.00439957	0.0308505	0.0212133	0.21531	0.0563096	0.0411586	0.0749627	0.000297048	0.11483	0.0989517	0.0363268	0.0440937	0.0131533	0.0013081	0.00634355
178	0.0378864	0.0078192	0.00707003	0.0175401	0.0183032	0.00423735	0.0109153	0.0612032	0.104699	0.200837	0.25757	0.0120651	0.00282384	0.0356862	0.0653629	0.0368748	0.0284855	0.0550992	0.0237097	0.0118117
179	0.599996	0.00819303	0.0166244	0.0169921	0.00815416	0.0557627	0.00225642	0.00622483	0.00529686	0.0130366	0.0113198	0.00606477	0.00649265	0.0172538	0.0169216	0.0607782	0.0501909	0.0861366	0.0012443	0.0110603
180	0.24928	0.014906	0.00295167	0.041744	0.00216488	0.00311908	0.00213916	0.0723711	0.0693359	0.0183065	0.0266889	0.0320579	0.00150335	0.00605945	0.0396138	0.118148	0.198506	0.089459	0.000708529	0.0109361
181	0.0171138	0.0134207	0.00297918	0.0274993	0.03514	0.000679109	0.00900403	0.125209	0.0376136	0.275512	0.159933	0.0176934	0.00180581	0.0391042	0.0509184	0.0245502	0.0370083	0.107789	0.00520048	0.0118267
182	0.0331768	0.00177602	0.0889406	0.41127	0.00345239	0.00921459	0.0305118	0.00786262	0.0904197	0.0143135	0.00989384	0.0291122	0.00249049	0.159751	0.0277621	0.0178359	0.0175676	0.0360723	0.000591653	0.00798503
183	0.073184	0.00442091	0.0479107	0.142148	0.00680134	0.00908846	0.0749458	0.0132124	0.122332	0.0241041	0.0119732	0.0447912	0.00262709	0.288949	0.0471387	0.0268239	0.0300926	0.017944	0.0017741	0.00973797
184	0.0229823	0.000589806	0.0277106	0.154388	0.0104335	0.00457535	0.024785	0.0203233	0.270652	0.048068	0.0398556	0.0696558	0.000339335	0.102391	0.112892	0.0316562	0.0403091	0.0120174	0.00117958	0.00519582
185	0.0170335	0.000752319	0.00869753	0.0563362	0.00144767	0.0106815	0.000747436	0.0174717	0.532667	0.0120502	0.0281166	0.0384391	0.00107412	0.0380545	0.180114	0.0177841	0.0254649	0.0123325	0.000213914	0.000520446
186	0.418476	0.010886	0.0187206	0.0395507	0.00848065	0.0255047	0.00490061	0.0247904	0.028471	0.0173826	0.0141156	0.0256279	0.00280273	0.0283452	0.0225411	0.0798349	0.114526	0.096727	0.00100398	0.017313
187	0.0360924	0.0018957	0.328546	0.111358	0.00364995	0.0444937	0.0335172	0.0104819	0.0543171	0.011316	0.0131241	0.162415	0.00132445	0.0452392	0.0467205	0.0381371	0.0346761	0.0122496	0.00211445	0.00833157
188	0.10275	0.00466655	0.115275	0.290789	0.0104532	0.0329362	0.00816275	0.0134106	0.0792552	0.0239116	0.017006	0.0483683	0.00224407	0.0741897	0.0298146	0.0508956	0.0453579	0.0451656	0.000991157	0.0043567
189	0.0382521	0.0012287	0.114085	0.136077	0.00179474	0.0336081	0.00246479	0.0100125	0.175538	0.00859283	0.0129732	0.296849	0.000972307	0.0100647	0.0706158	0.0730096	0.00637043	0.00544461	0.000463674	0.00158293
190	0.0907595	0.00392589	0.00206357	0.0115246	0.0286608	0.0119131	0.00236742	0.130328	0.00585536	0.14599	0.0740599	0.00362788	0.0176929	0.015753	0.0111049	0.00957108	0.0178275	0.412327	0.000857383	0.00379033
191	0.0187938	0.0106367	0.00275173	0.0215962	0.0289969	0.00101616	0.0087298	0.107696	0.0599067	0.273543	0.178589	0.0142082	0.00179594	0.0436982	0.0583018	0.0215845	0.034809	0.0926472	0.00820083	0.0124981
192	0.0165161	0.00344004	0.0131597	0.0891479	0.00563901	0.0180526	0.0258098	0.02024	0.267406	0.0375637	0.027683	0.0447537	0.00233208	0.0893179	0.238629	0.0400632	0.038239	0.0134554	0.00483447	0.00371724
193	0.0135959	0.00204545	0.0011	0.00329498	0.0373343	0.000822064	0.00383602	0.0938142	0.00657859	0.600232	0.0736241	0.00255613	0.00994075	0.010337	0.0128041	0.0142728	0.0136122	0.0870231	0.00181378	0.0113627
