289	20
1	0.122802	0.000386638	0.00740814	0.0116507	0.0111381	0.00376256	0.00289857	0.186622	0.0061123	0.0533357	0.0767773	0.0156413	0.0101894	0.00951881	0.00434882	0.0309378	0.0786399	0.357895	0.000479556	0.009455
2	0.103783	0.00284723	0.000988299	0.000878514	0.196355	0.00191801	0.00104149	0.139339	0.000984073	0.26263	0.0216543	0.00127128	0.00583701	0.00114273	0.00115287	0.0218335	0.0304653	0.196555	0.000329368	0.00899298
3	0.103689	0.00285433	0.000979352	0.000878471	0.196243	0.00192301	0.00103893	0.139392	0.000984072	0.26294	0.0216744	0.00127133	0.00583809	0.0011506	0.00115205	0.0217959	0.0304211	0.196464	0.000329368	0.00897998
4	0.00738374	0.0123315	0.0010091	0.000879315	0.0971119	0.0035373	0.00173063	0.133154	0.00096092	0.606584	0.0514921	0.00195184	0.00456731	0.00713932	0.0014755	0.00313712	0.00598759	0.0580411	0.000433786	0.00109227
5	0.0484557	0.579741	0.00420761	0.00369578	0.0477147	0.00559589	0.00718505	0.0413698	0.00367854	0.0118976	0.0150688	0.00825645	0.00490167	0.00463314	0.0178662	0.111116	0.0345908	0.0361623	0.0104997	0.00336269
6	0.103884	0.00284568	0.00100951	0.000961224	0.195061	0.00190352	0.00101084	0.140466	0.00105261	0.260728	0.0220143	0.00145958	0.00575592	0.00122383	0.00120357	0.0218744	0.0310318	0.197233	0.000326949	0.0089526
7	0.36739	0.0826693	0.00679138	0.00459664	0.0291389	0.0795304	0.00470175	0.00586348	0.0050454	0.0725812	0.00971448	0.00626082	0.0243987	0.00476702	0.00610659	0.218618	0.0554404	0.0117871	0.00151077	0.00308744
8	0.047122	0.625447	0.00343222	0.00359219	0.070345	0.00556938	0.00621437	0.0274404	0.0031955	0.0131188	0.0123578	0.00470407	0.00317137	0.00367525	0.0202738	0.0842298	0.00789045	0.0446644	0.0106013	0.00295507
9	0.0613525	0.342144	0.00513128	0.00439002	0.170776	0.0140642	0.00623128	0.0504408	0.00391358	0.111265	0.0126521	0.00515001	0.0101331	0.00389873	0.0139829	0.0685689	0.0179776	0.0870094	0.00664054	0.00427835
10	0.0820387	0.135718	0.00361075	0.00290755	0.242483	0.0233461	0.00327457	0.0681039	0.00342595	0.166424	0.00847017	0.00443664	0.0188498	0.00292806	0.00583076	0.0758467	0.0268749	0.119311	0.00175563	0.00436461
11	0.103783	0.00284723	0.000988299	0.000878514	0.196355	0.00191801	0.00104149	0.139339	0.000984073	0.26263	0.0216543	0.00127128	0.00583701	0.00114273	0.00115287	0.0218335	0.0304653	0.196555	0.000329368	0.00899298
12	0.0648768	0.000886537	0.0122749	0.00811467	0.00230399	0.745667	0.00235227	0.00394924	0.00277679	0.0120335	0.00347779	0.00262031	0.00188605	0.00507061	0.0071989	0.0659771	0.00788675	0.0203543	0.0278053	0.00248752
13	0.108196	0.00030164	0.00875415	0.0153863	0.02498	0.00301726	0.00245856	0.205005	0.00968535	0.0929784	0.0741425	0.0285958	0.00863451	0.0135928	0.00522868	0.0361531	0.105162	0.24524	0.000289297	0.0121994
14	0.0040624	0.0139681	0.000924834	0.000867018	0.0821122	0.00356587	0.00151241	0.147957	0.000887324	0.611539	0.0483448	0.0017265	0.00565219	0.00825255	0.00139956	0.00213473	0.00490988	0.0590085	0.000429474	0.000745848
15	0.0990428	0.00289129	0.000947362	0.000841499	0.19239	0.0018792	0.0010289	0.140167	0.00102275	0.276454	0.0235527	0.00128766	0.00572118	0.00140564	0.00119568	0.0206891	0.0293005	0.191316	0.000339453	0.00852679
16	0.113123	0.0561647	0.00729205	0.00461087	0.0035671	0.00456079	0.00415761	0.0999806	0.00423995	0.0159299	0.03372	0.0416463	0.00437271	0.00440736	0.00656831	0.263381	0.270574	0.0560317	0.00158329	0.00408917
17	0.0363355	0.00823829	0.162727	0.0381343	0.00203919	0.0669088	0.0399361	0.00302508	0.0197737	0.0124134	0.00290943	0.303519	0.00160893	0.00520536	0.0286043	0.184359	0.0760025	0.00406147	0.00292775	0.00127089
18	0.114863	0.000390812	0.0113108	0.0181542	0.0144226	0.00352601	0.00251747	0.205107	0.00882337	0.0789265	0.0662783	0.0280882	0.00771623	0.014495	0.00545822	0.0369946	0.0966628	0.271615	0.000414683	0.0142357
19	0.0123343	0.00150702	0.00425728	0.00393003	0.0687637	0.00506178	0.00437807	0.166984	0.00631094	0.181499	0.165961	0.00797246	0.0798697	0.00449554	0.0259215	0.0314636	0.0856867	0.0594325	0.00145716	0.0827134
20	0.0364439	0.00353055	0.146784	0.0825177	0.0267828	0.110935	0.0139478	0.0220614	0.0740818	0.00890576	0.0212072	0.168775	0.00303431	0.0473981	0.030505	0.137734	0.0193116	0.0401403	0.00286679	0.00303548
21	0.0229317	0.000511841	0.0503684	0.192042	0.000737166	0.0213412	0.0304771	0.0173022	0.126414	0.0112216	0.0178476	0.0629469	0.0195732	0.192059	0.163187	0.0356802	0.0245294	0.00973021	0.00038473	0.00071428
22	0.122665	0.000797522	0.0256712	0.0227406	0.0187147	0.0134375	0.00307556	0.159438	0.0064268	0.0536563	0.0393314	0.0262594	0.00615686	0.0190569	0.0147625	0.0350537	0.0660673	0.356896	0.00087576	0.0089169
23	0.106306	0.00173944	0.00388738	0.00331296	0.0525777	0.0237596	0.0600019	0.00544925	0.00788181	0.116388	0.0251863	0.041993	0.0246769	0.0888627	0.00694356	0.221301	0.124199	0.0237692	0.00246109	0.0593036
24	0.0119318	0.000768663	0.0344971	0.0532341	0.00183902	0.0146958	0.0279773	0.0133598	0.284241	0.00712953	0.00810844	0.0760498	0.00925616	0.0908595	0.30149	0.0302811	0.0285622	0.00385154	0.000714879	0.00115256
25	0.199223	0.004592	0.00464213	0.0119062	0.00306665	0.00647088	0.00516041	0.0457962	0.0106763	0.0210198	0.0130351	0.0142978	0.0168107	0.00755281	0.0226014	0.197047	0.376445	0.01709	0.000811763	0.0217547
26	0.0233796	0.00109739	0.0503755	0.154337	0.0010963	0.0332879	0.0699485	0.0152199	0.103362	0.0121049	0.0138961	0.0797199	0.0305431	0.174782	0.159818	0.0413004	0.0253535	0.00810265	0.00093428	0.00134091
27	0.349537	0.00266848	0.008396	0.0271368	0.00552787	0.0113161	0.0051993	0.0444013	0.00687493	0.0502807	0.0227933	0.030608	0.00817626	0.0184655	0.0264254	0.218063	0.0972682	0.0279566	0.00166766	0.0372381
28	0.0273485	0.068724	0.00478871	0.00342327	0.0840259	0.0291468	0.00430807	0.144306	0.00366225	0.456824	0.0376835	0.00597994	0.00936611	0.0087935	0.00638387	0.0227156	0.0129486	0.0622847	0.00481296	0.00247395
29	0.0269617	0.000363798	0.547865	0.232327	0.00159606	0.0174601	0.00881259	0.00191184	0.0203671	0.0034398	0.00163086	0.0884687	0.000578843	0.0165618	0.00356612	0.0122942	0.00564045	0.00872137	0.000561971	0.000870638
30	0.0590599	0.00151928	0.0453637	0.0890206	0.00368807	0.0365252	0.00709474	0.00725358	0.259797	0.036739	0.0166638	0.0143754	0.00363232	0.0264986	0.158381	0.146504	0.0551825	0.0107891	0.00275829	0.0191538
31	0.215037	0.00186448	0.0130715	0.00921748	0.0136263	0.0329967	0.0038364	0.00543009	0.0532597	0.019707	0.0155675	0.0490302	0.0024888	0.0170301	0.0236335	0.26809	0.237815	0.00933338	0.00115735	0.00780818
32	0.0118243	0.000380719	0.000866246	0.000964127	0.00151831	0.00084156	0.0030308	0.636247	0.000721242	0.0139108	0.0555352	0.00117713	0.00131812	0.00111268	0.00491755	0.00651278	0.0143879	0.243588	0.000358403	0.000787089
33	0.453246	0.000578034	0.0172881	0.0268835	0.00239801	0.0141152	0.00214754	0.00624256	0.00271672	0.0313803	0.00679829	0.00938889	0.00436505	0.00537287	0.0115256	0.307365	0.0500902	0.0446724	0.000477893	0.00294767
34	0.0938098	0.000490001	0.0317522	0.0191678	0.00237354	0.0452411	0.00226783	0.00215197	0.0744263	0.0288682	0.0299063	0.0888841	0.00106833	0.0138951	0.0327472	0.301444	0.215035	0.0141255	0.000857545	0.00148732
35	0.00463868	0.0132281	0.0012998	0.00104911	0.0465464	0.00355909	0.00145499	0.255789	0.00122265	0.520326	0.0445336	0.00183579	0.0113326	0.00993625	0.0017822	0.00289937	0.00452641	0.0726001	0.000514376	0.000925713
36	0.0234182	0.000325407	0.0664414	0.323806	0.000902016	0.0170372	0.0235615	0.0134788	0.105084	0.0113738	0.016271	0.0518233	0.0137097	0.141359	0.121276	0.0367701	0.0213018	0.0108196	0.000424122	0.000818217
37	0.0707815	0.000515223	0.00597281	0.00906002	0.0271464	0.00305263	0.00493419	0.153677	0.0211216	0.100589	0.181293	0.0216585	0.0201817	0.0098171	0.00981621	0.042017	0.142126	0.160323	0.000734274	0.0151825
38	0.0236625	0.000467416	0.0496823	0.192548	0.000785538	0.0201685	0.0299412	0.0178023	0.13005	0.0104457	0.0177092	0.0629947	0.0200804	0.181227	0.167476	0.0377127	0.0263237	0.00986249	0.000391136	0.000669704
39	0.0332178	0.00336744	0.00653661	0.00733914	0.0281781	0.00745072	0.0278188	0.142172	0.0225231	0.253849	0.166671	0.0456233	0.00992685	0.0123072	0.018856	0.0379801	0.105683	0.0591996	0.00189502	0.00940482
40	0.50984	0.000616891	0.0132579	0.0346386	0.00204452	0.0192046	0.00205452	0.0108436	0.00301785	0.0320374	0.00908779	0.0113836	0.00723031	0.00751727	0.0172268	0.18289	0.0677477	0.0644687	0.000360552	0.00453107
41	0.510775	0.000602678	0.0139394	0.0343591	0.0021051	0.0206699	0.00217714	0.0109026	0.00307842	0.0327019	0.00913363	0.0115349	0.00665947	0.00776614	0.0163434	0.180284	0.0663753	0.0660022	0.000352216	0.00423845
42	0.250521	0.000981261	0.0266746	0.0736195	0.00287775	0.0553964	0.00297231	0.00611889	0.117529	0.0223737	0.0132587	0.0205796	0.00359835	0.031344	0.079757	0.174371	0.078629	0.0322055	0.000717793	0.00647449
43	0.0209046	0.00128044	0.0031636	0.0133699	0.00132676	0.00550151	0.0393309	0.00641746	0.259039	0.0273452	0.0176531	0.0276823	0.0289758	0.0796108	0.413376	0.025728	0.0153625	0.0105835	0.0028863	0.000462152
44	0.0240784	0.00126124	0.00196627	0.00950204	0.00175804	0.0054071	0.0358663	0.00586547	0.234611	0.0349685	0.0232934	0.0223432	0.0407325	0.0706985	0.433832	0.0240366	0.011815	0.0140339	0.00320228	0.000728447
45	0.0225601	0.00134374	0.00208769	0.0112057	0.00135416	0.00529994	0.0411297	0.00606047	0.251414	0.0292842	0.018508	0.0266169	0.0319515	0.0798358	0.416986	0.0261315	0.0133687	0.0113368	0.0030744	0.000451048
46	0.00611834	0.000456224	0.00699864	0.0179292	0.00283081	0.00364651	0.0120345	0.00920871	0.438077	0.00759343	0.00875763	0.0297515	0.00637797	0.0540398	0.350792	0.00969793	0.0309821	0.00335827	0.000804611	0.000544814
47	0.175876	0.00176138	0.0076616	0.0109146	0.0392937	0.00925477	0.0210502	0.0864219	0.00662011	0.0803508	0.078265	0.0129996	0.027276	0.00959196	0.00696042	0.0300788	0.0634088	0.299517	0.00148327	0.0312138
48	0.0142566	0.0033029	0.00508015	0.00560676	0.628685	0.00692818	0.00521756	0.00903475	0.00617582	0.151312	0.00715462	0.00706341	0.00484497	0.0061164	0.062	0.0431282	0.0100261	0.0112013	0.00270718	0.0101582
49	0.089346	0.00243932	0.00557841	0.00548905	0.070058	0.00598225	0.00493835	0.153277	0.00550396	0.0444129	0.351501	0.0186864	0.00618142	0.00595826	0.00715859	0.0218231	0.0249914	0.168901	0.00188795	0.00588592
50	0.0812426	0.00302972	0.0051305	0.00806748	0.0204154	0.0145883	0.00485042	0.21614	0.00794307	0.0593355	0.0249271	0.0082648	0.00662214	0.00598196	0.0154964	0.0215976	0.0349799	0.454795	0.00171558	0.00487724
51	0.013143	0.000341852	0.000826698	0.000957019	0.00128827	0.000824577	0.00281491	0.611862	0.000856452	0.0126563	0.0608211	0.00109589	0.00361934	0.00114038	0.00355422	0.00465906	0.0165356	0.261955	0.000352937	0.000695186
52	0.0619561	0.00249009	0.0355456	0.0476721	0.006737	0.422451	0.0254664	0.0111041	0.0308709	0.0243788	0.0114987	0.0321126	0.0184927	0.0738864	0.0461636	0.0782215	0.0320331	0.0209913	0.0100289	0.00789914
53	0.007241	0.000222357	0.00069414	0.000708403	0.00127777	0.000701498	0.00379623	0.665165	0.000602013	0.0167552	0.0300037	0.00081182	0.000494815	0.000822016	0.00345224	0.00400635	0.0116426	0.250855	0.000294698	0.000453295
54	0.0608887	0.00218443	0.00715827	0.00861732	0.0695138	0.0088346	0.00601441	0.143188	0.0118682	0.0549554	0.267482	0.0747727	0.0103527	0.0100667	0.0125117	0.0516292	0.0560618	0.131632	0.00199094	0.010277
55	0.100361	0.0105588	0.021178	0.0123525	0.00681591	0.0226175	0.00884442	0.0371633	0.029992	0.0261742	0.0214877	0.0401667	0.0130936	0.0105519	0.0218228	0.239485	0.342413	0.0236621	0.00195357	0.0093061
56	0.370217	0.00717869	0.00736499	0.00943676	0.00624332	0.124582	0.00519237	0.0241448	0.0216288	0.0553193	0.0211895	0.0121177	0.00713088	0.00728176	0.0180034	0.0888393	0.127759	0.0766999	0.00175607	0.0079144
57	0.0334917	0.0136522	0.00544215	0.00609796	0.419419	0.00854554	0.0315669	0.042091	0.00524566	0.110721	0.0195957	0.00994244	0.00630887	0.00681188	0.0162951	0.0300403	0.0177993	0.0494608	0.0111946	0.156279
58	0.0491101	0.00652808	0.13693	0.0326842	0.00220535	0.0628326	0.0314063	0.00299688	0.0256794	0.019049	0.00737391	0.271947	0.00153494	0.00590697	0.0261782	0.209369	0.0991091	0.00524023	0.00250656	0.00141227
59	0.0724561	0.00445678	0.0734141	0.0362585	0.0071792	0.0819935	0.02206	0.00842567	0.072851	0.0192741	0.0174323	0.186645	0.00382226	0.0225442	0.0394528	0.213265	0.0975236	0.0155171	0.00223396	0.0031951
60	0.0103121	0.000828882	0.00943296	0.0179298	0.00790632	0.00662869	0.0165765	0.00922089	0.38382	0.0118488	0.0102162	0.0338416	0.00955016	0.0529222	0.367298	0.0143196	0.0285449	0.00583614	0.00156969	0.00139647
61	0.00650846	0.000604339	0.00719545	0.0180032	0.00240809	0.00332787	0.0135575	0.00932618	0.445661	0.00826569	0.00932959	0.0308196	0.00762836	0.0608924	0.331514	0.0101884	0.0299845	0.00343049	0.000859558	0.00049509
62	0.0247042	0.00766343	0.0184681	0.0263195	0.00558477	0.0193047	0.0997796	0.0117735	0.169074	0.0320454	0.018347	0.0435957	0.0203923	0.0728006	0.335486	0.0328366	0.0228719	0.014321	0.00647607	0.0181553
63	0.027486	0.00445439	0.0160279	0.0304043	0.00682846	0.0185774	0.0331993	0.0121269	0.243971	0.0314126	0.0198249	0.037293	0.0180055	0.0658334	0.34155	0.0347938	0.0294724	0.0135141	0.0091738	0.00605107
64	0.0249834	0.000208215	0.572924	0.248444	0.000635712	0.00759958	0.00841839	0.0010049	0.0172055	0.00285601	0.00091096	0.0830316	0.000508906	0.0162465	0.00310419	0.00330626	0.00225169	0.00557854	0.000283292	0.00049901
65	0.0945643	0.00733479	0.0156971	0.0104358	0.00428035	0.0186758	0.00666156	0.0333304	0.0283434	0.0214307	0.0208907	0.0354935	0.0103278	0.00822869	0.0171986	0.28453	0.35662	0.0179197	0.00154482	0.00649245
66	0.00969275	0.00829306	0.00182906	0.00156031	0.0218208	0.00315011	0.00159786	0.331014	0.00143734	0.368148	0.0305842	0.00203364	0.0101951	0.00748457	0.00306454	0.0038453	0.0062849	0.186066	0.000779954	0.00111872
67	0.0287744	0.00782863	0.0172713	0.0286301	0.012344	0.018401	0.0972447	0.0119515	0.156186	0.0330609	0.0204911	0.0417251	0.0242886	0.069136	0.335867	0.0338782	0.0232992	0.014787	0.0079679	0.0168671
68	0.174549	0.0017339	0.113886	0.170023	0.00473885	0.0657624	0.00393574	0.00798069	0.0409238	0.00854381	0.00646955	0.0379288	0.00439672	0.139128	0.0139766	0.108193	0.0582306	0.013981	0.00158282	0.024035
69	0.109134	0.00857836	0.0125	0.00861604	0.00540919	0.0173816	0.00678574	0.0333174	0.0250234	0.0192835	0.0157119	0.0319131	0.0120005	0.00729644	0.0175208	0.270439	0.374895	0.0153927	0.00163487	0.00716683
70	0.039813	0.0283343	0.0388131	0.0161858	0.0336026	0.0874491	0.0324016	0.021258	0.0147251	0.0636548	0.0429066	0.024183	0.0112265	0.0161201	0.0781217	0.0518648	0.0273417	0.0281715	0.286984	0.0568429
71	0.0180172	0.00875481	0.00142466	0.00134217	0.0972872	0.00311805	0.00190338	0.136778	0.00118739	0.470275	0.15946	0.00253596	0.00538716	0.00551318	0.00238783	0.00598222	0.00981833	0.0653039	0.000594928	0.00292956
72	0.0570764	0.00475007	0.00750339	0.0125361	0.00837541	0.0191686	0.0408429	0.012325	0.00805974	0.0652745	0.010326	0.0104204	0.456854	0.0451422	0.0319076	0.115596	0.0645933	0.0198122	0.00256396	0.0068728
73	0.0148274	0.000697487	0.0122739	0.0382446	0.0019677	0.00688458	0.0230089	0.0096814	0.324618	0.0138026	0.0128742	0.0350529	0.0172376	0.0796639	0.332678	0.0279563	0.0391291	0.00699775	0.00128041	0.00112309
74	0.0285607	0.000385623	0.050157	0.208417	0.000736313	0.0183188	0.0301934	0.0173135	0.152273	0.0158369	0.022642	0.053986	0.0150796	0.165945	0.144165	0.0350649	0.0266085	0.0131295	0.00038757	0.000799956
75	0.031421	0.00629644	0.013744	0.0132608	0.0150156	0.0173787	0.0150935	0.0185595	0.0172759	0.398292	0.0203079	0.0137575	0.0099287	0.013792	0.245404	0.0854506	0.0236681	0.0199609	0.0122212	0.00917182
76	0.0241512	0.00128603	0.00195985	0.0104151	0.00123536	0.0059321	0.0406445	0.00673338	0.237776	0.0335005	0.0209629	0.0254243	0.024941	0.077221	0.429441	0.0274328	0.0139904	0.0131049	0.00338002	0.000468474
77	0.00307555	0.000345665	0.00861485	0.020693	0.00278169	0.00284501	0.00711019	0.0104773	0.49201	0.00266511	0.00723255	0.0327467	0.00292412	0.0549394	0.306131	0.00692698	0.0361815	0.00148746	0.000273786	0.00053747
78	0.00973128	0.00805199	0.00247173	0.00265442	0.0792088	0.00382735	0.00321118	0.129014	0.00253251	0.464774	0.213759	0.0046322	0.00540217	0.00679793	0.00392061	0.00566222	0.0115463	0.0393378	0.000948774	0.00251636
79	0.0304158	0.00458219	0.181945	0.439475	0.00461384	0.0209794	0.0135089	0.0090755	0.0524936	0.0138092	0.00931911	0.0402239	0.00533058	0.0544066	0.0426934	0.0316902	0.0215839	0.0154927	0.00253047	0.00583093
80	0.024873	0.000483576	0.0650736	0.26574	0.00106564	0.01535	0.0266703	0.0145142	0.153954	0.0172221	0.020896	0.043195	0.0112829	0.143736	0.122089	0.0294058	0.0264772	0.0164639	0.00057235	0.000935575
81	0.0139769	0.000406779	0.171612	0.601437	0.00100883	0.00827393	0.00638939	0.00240703	0.0382952	0.00879041	0.00237071	0.0294289	0.00128824	0.0490233	0.023808	0.0201115	0.00980398	0.0104282	0.000417286	0.000722828
82	0.0102341	0.000899778	0.00881557	0.0200582	0.00263026	0.00524213	0.0178961	0.00938347	0.396698	0.011972	0.0111393	0.0335972	0.00885613	0.0618694	0.350259	0.0156047	0.0280977	0.00495731	0.0011764	0.000613504
83	0.0527711	0.000968528	0.0159856	0.0104437	0.00258435	0.751389	0.00224113	0.00336156	0.00358081	0.0111271	0.0039108	0.00829146	0.00290774	0.00562515	0.00720245	0.0787603	0.00757329	0.0104963	0.0190678	0.00171216
84	0.0136063	0.000205208	0.000680604	0.00070536	0.00185061	0.000802893	0.00318073	0.595256	0.000572833	0.0195423	0.0218979	0.00078795	0.000561684	0.000788047	0.00343159	0.00337316	0.0122733	0.319796	0.000297298	0.000390645
85	0.0389054	0.000277821	0.000802287	0.000738082	0.00437219	0.00109904	0.00115451	0.259798	0.000634997	0.0351514	0.00308423	0.000861069	0.000728513	0.000807031	0.0044371	0.00177822	0.0156646	0.628915	0.000262086	0.000528741
86	0.0603289	0.000578103	0.0014058	0.00162949	0.00325729	0.00191075	0.00206799	0.368147	0.00137142	0.00971547	0.10615	0.00162103	0.00921957	0.00191487	0.0036652	0.00844774	0.0312642	0.385177	0.000449249	0.00167896
87	0.00794465	0.000549553	0.0083801	0.0192102	0.0026683	0.00474774	0.0154636	0.0092161	0.414434	0.00956932	0.0096974	0.0328385	0.00747399	0.0570061	0.353412	0.0121434	0.0295092	0.00403532	0.00107403	0.000627062
88	0.0320155	0.0162924	0.00581613	0.00535768	0.42922	0.00837177	0.0334161	0.0369274	0.0060176	0.0968486	0.0180886	0.0100677	0.00509356	0.00547005	0.0150974	0.0297169	0.0147505	0.0412465	0.00947434	0.180711
89	0.0997014	0.000737807	0.00840923	0.0130116	0.0200917	0.00458991	0.00282994	0.200153	0.00838433	0.07572	0.0860135	0.021534	0.0140226	0.0108631	0.00689514	0.0340738	0.102095	0.267915	0.000647641	0.0223109
90	0.0732049	0.00750942	0.00341594	0.00378256	0.122206	0.00354054	0.00214747	0.212136	0.00265891	0.216816	0.0443166	0.00692372	0.00662011	0.00471086	0.00443628	0.0206094	0.0333406	0.223505	0.00065595	0.00746485
91	0.054669	0.00196416	0.017053	0.0102576	0.0027998	0.735847	0.00336937	0.00462455	0.00468185	0.012236	0.00314387	0.0107561	0.00210391	0.00602844	0.00800981	0.082235	0.00917001	0.0111589	0.0181647	0.00172687
92	0.0240699	0.0360394	0.0103528	0.0154675	0.00496946	0.0138121	0.133328	0.01237	0.113859	0.0291244	0.0176153	0.0248331	0.0183543	0.111486	0.357128	0.0309094	0.0189637	0.0149464	0.00522395	0.0071475
93	0.0279796	0.00401795	0.188913	0.0561606	0.00741091	0.116078	0.126557	0.0087514	0.0352459	0.0453343	0.0166481	0.140901	0.0106215	0.0160237	0.036374	0.0858732	0.0290914	0.0104503	0.0267251	0.0108425
94	0.0342527	0.0189124	0.161212	0.0403863	0.00515714	0.0877014	0.0380355	0.00696974	0.0260514	0.0140481	0.0059811	0.265099	0.00246778	0.0102541	0.0251748	0.182016	0.0599157	0.009892	0.00381571	0.00265762
95	0.116218	0.00062782	0.00935759	0.0277616	0.0139309	0.00409537	0.0032301	0.203373	0.00885881	0.0738289	0.0719783	0.0245776	0.0142503	0.017202	0.00538313	0.0368785	0.0846331	0.271661	0.000507836	0.011646
96	0.0466917	0.00202641	0.00224002	0.0027735	0.028241	0.00200321	0.00161752	0.221127	0.0017655	0.154482	0.0189485	0.00451959	0.00334894	0.00383218	0.00404507	0.00766005	0.022969	0.468844	0.000393135	0.00247178
97	0.0234036	0.000232608	0.50621	0.31637	0.000674944	0.00761735	0.00794191	0.0010683	0.0182152	0.00370301	0.000950346	0.0719839	0.000781563	0.019661	0.00512849	0.00544662	0.00317704	0.00653031	0.00038161	0.000522726
98	0.0142249	0.000982036	0.00753279	0.0134504	0.00189332	0.00577702	0.0322661	0.00748125	0.324576	0.0183324	0.0127867	0.0371172	0.0164196	0.0694106	0.38899	0.0193264	0.0201391	0.0068833	0.00194953	0.000461013
99	0.501215	0.000836956	0.0145399	0.0350482	0.00205554	0.0189613	0.00215555	0.0112836	0.00436038	0.0316679	0.00926698	0.0123928	0.00643014	0.00735965	0.0165316	0.184647	0.0736571	0.0631617	0.000365698	0.00406297
100	0.00658648	0.000251337	0.000923985	0.00104597	0.00113965	0.000777207	0.00327149	0.687686	0.000764549	0.0179972	0.0352657	0.00135358	0.000530393	0.000964808	0.00343506	0.00479897	0.0124037	0.219878	0.000296356	0.000629682
101	0.0257922	0.000213396	0.572047	0.249329	0.000657928	0.00743818	0.00812365	0.000983581	0.0169797	0.00298371	0.000903176	0.0826768	0.000469325	0.0168342	0.00248088	0.00324693	0.00228798	0.00567819	0.000268956	0.000606056
102	0.508935	0.000657953	0.0134118	0.0353349	0.00215505	0.0196243	0.0021464	0.0106665	0.00296796	0.0329832	0.0095224	0.0112792	0.00692514	0.00750896	0.0168894	0.181888	0.0664542	0.0659105	0.000397701	0.00434221
103	0.0312716	0.000915357	0.209243	0.444705	0.00496361	0.0152239	0.0119862	0.00813796	0.0440842	0.0126213	0.00835414	0.0435402	0.00505985	0.0502752	0.0379771	0.0298282	0.0185419	0.0160563	0.00338155	0.00383367
104	0.0254383	0.00020645	0.582501	0.240466	0.000659231	0.00752505	0.0083625	0.000966415	0.0163219	0.00277775	0.00087303	0.0844649	0.00045108	0.0155347	0.00231015	0.00289651	0.00201375	0.00546927	0.00027804	0.0004836
105	0.0878005	0.00151959	0.0464067	0.115151	0.00287688	0.0237574	0.00429615	0.00608558	0.289666	0.0304677	0.0211492	0.007137	0.00342854	0.0293092	0.0983601	0.156725	0.0537661	0.0105614	0.00138215	0.0101534
106	0.0403964	0.000785093	0.0420723	0.189008	0.00170303	0.010821	0.0314781	0.0216665	0.136382	0.0601951	0.0516055	0.0364145	0.00785943	0.192697	0.0960503	0.0206076	0.0265009	0.0311056	0.000764258	0.0018879
107	0.00886842	0.00146584	0.0041934	0.00323696	0.00593915	0.00450537	0.293261	0.00549968	0.00335517	0.0190976	0.00485208	0.115662	0.0147755	0.0419648	0.016267	0.00920552	0.0473285	0.00668386	0.0053836	0.388455
108	0.0520505	0.00359315	0.062597	0.0335022	0.00528556	0.146783	0.0759779	0.00681623	0.0675327	0.0138662	0.00676324	0.297084	0.00720887	0.0293159	0.0641361	0.0930655	0.0199739	0.00857765	0.00376676	0.00210382
109	0.0333409	0.00277031	0.466089	0.228196	0.00323917	0.0210683	0.0119371	0.00656727	0.0259531	0.01225	0.00474247	0.0819069	0.00454504	0.0215218	0.0157205	0.0256861	0.015343	0.0133915	0.00378368	0.00194801
110	0.02547	0.00852523	0.00119888	0.000955826	0.10689	0.00260558	0.00147538	0.211506	0.00107132	0.470808	0.0417344	0.00173082	0.0072715	0.00652933	0.0019505	0.00675138	0.00978208	0.0905759	0.000401699	0.0027665
111	0.0254383	0.00020645	0.582501	0.240466	0.000659231	0.00752505	0.0083625	0.000966415	0.0163219	0.00277775	0.00087303	0.0844649	0.00045108	0.0155347	0.00231015	0.00289651	0.00201375	0.00546927	0.00027804	0.0004836
112	0.0270542	0.00495126	0.0183016	0.0167534	0.0356686	0.0163884	0.348348	0.0116547	0.0337476	0.0515052	0.0148134	0.0499061	0.0197093	0.0694707	0.0644158	0.0346236	0.0280356	0.0132542	0.00728405	0.134114
113	0.0403186	0.000262339	0.000810838	0.000746877	0.00444605	0.00110672	0.00109189	0.250924	0.000672681	0.0362162	0.00158678	0.00088667	0.000762305	0.000797327	0.0044803	0.00171289	0.0159079	0.636484	0.000268992	0.000517058
114	0.0312357	0.00194568	0.220589	0.396252	0.00584149	0.0195804	0.016782	0.0101492	0.0478772	0.0135604	0.00952958	0.0493143	0.00805157	0.0496767	0.0413434	0.0322074	0.0210105	0.0157742	0.00390911	0.00537073
115	0.142706	0.00230015	0.0167732	0.0157752	0.00451118	0.440198	0.013283	0.0149614	0.0203719	0.0277378	0.0183788	0.0184403	0.00730689	0.0134538	0.0905551	0.0636171	0.0362884	0.0364098	0.0102587	0.00667369
116	0.0140607	0.00144249	0.00669536	0.00617845	0.0139132	0.00766098	0.266414	0.00583126	0.00455251	0.0263607	0.00577815	0.0994377	0.0305744	0.0630697	0.0202906	0.0176091	0.0373365	0.00695096	0.00649932	0.359343
117	0.029768	0.0024037	0.123942	0.0928375	0.0172287	0.0968646	0.113892	0.0198711	0.0105762	0.122455	0.0945241	0.0246468	0.00680077	0.0094528	0.0744926	0.0252031	0.0314282	0.0186295	0.0263723	0.0586109
118	0.0449606	0.000465816	0.0602045	0.253665	0.00107247	0.029364	0.0217178	0.0137628	0.11836	0.0115992	0.0167011	0.0519867	0.0128257	0.147265	0.119892	0.0525782	0.028455	0.0112166	0.000536741	0.00337107
119	0.0436557	0.0105081	0.0057745	0.00654122	0.0795449	0.0128539	0.0094688	0.126929	0.00826759	0.454203	0.0528104	0.00829397	0.0140005	0.0145271	0.0214468	0.0247077	0.0197313	0.0749084	0.00556665	0.0062599
120	0.12455	0.00918413	0.00728678	0.0104909	0.00840054	0.0230595	0.0166211	0.0199908	0.00847174	0.0260968	0.0104036	0.014367	0.203227	0.0191143	0.0158145	0.266886	0.183343	0.0222741	0.00167115	0.00874682
121	0.205196	0.00519458	0.0111093	0.00730025	0.00488157	0.110766	0.00847236	0.00906889	0.0509819	0.0738588	0.0516001	0.0335866	0.00366862	0.00743856	0.019352	0.223929	0.130133	0.0301306	0.00520297	0.00812888
122	0.0260016	0.00199454	0.0258385	0.0479453	0.00434581	0.0167999	0.019127	0.0130401	0.342907	0.0155324	0.015063	0.0456674	0.0105017	0.0600824	0.258257	0.0368037	0.0412661	0.0129717	0.0020276	0.00382731
123	0.0780444	0.00305972	0.00855286	0.00958444	0.0121374	0.00684934	0.00379258	0.298624	0.00852901	0.0504179	0.0504231	0.0162802	0.00658494	0.0064723	0.00812725	0.0422172	0.11633	0.266639	0.00120702	0.00612744
124	0.0128925	0.0006575	0.00607792	0.018765	0.00188362	0.0044771	0.0226438	0.00815505	0.366737	0.0168852	0.0158861	0.0285014	0.0135423	0.0735792	0.358435	0.0165156	0.0249819	0.00704037	0.001811	0.000532089
125	0.116692	0.0125175	0.0139466	0.00715097	0.00492906	0.00289868	0.00292916	0.181672	0.00788047	0.0450476	0.0527631	0.0297341	0.00314264	0.00459639	0.00646616	0.130835	0.283755	0.0886584	0.000660483	0.00372445
126	0.0115307	0.00137947	0.00318814	0.00268336	0.496071	0.00373144	0.0402544	0.00430973	0.00285302	0.00958016	0.00378146	0.00802841	0.00239794	0.00349914	0.00645724	0.0162597	0.00545309	0.00526765	0.01378	0.359494
127	0.0296431	0.0128357	0.00295668	0.00206007	0.260871	0.00515376	0.00420598	0.0924303	0.00226976	0.405004	0.0381533	0.00319185	0.00601986	0.00553119	0.0129434	0.0175447	0.0133616	0.0726258	0.00166259	0.0115348
128	0.41532	0.000639772	0.0123164	0.0187563	0.00467299	0.0125184	0.00206642	0.00736646	0.00629435	0.0190688	0.00589101	0.0187045	0.0041516	0.00494281	0.0180238	0.327545	0.0697683	0.0446327	0.000584357	0.00673549
129	0.137543	0.00170018	0.00496193	0.00401015	0.00390388	0.0132767	0.0204158	0.0324175	0.0610665	0.0479757	0.0314101	0.0225263	0.0052314	0.00596224	0.0188303	0.159811	0.403344	0.0131349	0.00386885	0.00860934
130	0.286337	0.00122569	0.0108796	0.0156919	0.014792	0.0246879	0.00378278	0.122544	0.00601733	0.0467662	0.0361138	0.0127825	0.00741909	0.00879366	0.00936014	0.0724121	0.0645234	0.247009	0.00155192	0.00731044
131	0.103916	0.00282369	0.00100328	0.000979484	0.19575	0.00190844	0.00106362	0.139478	0.00101474	0.261965	0.0217911	0.00139793	0.00585297	0.00119829	0.0011802	0.0218189	0.0307474	0.196757	0.000324475	0.00903036
132	0.243022	0.000525023	0.0204695	0.0111846	0.00821572	0.0319424	0.00182726	0.00276293	0.048366	0.0162966	0.0139469	0.0546793	0.00137474	0.00970211	0.0295977	0.348405	0.135695	0.0139864	0.000901747	0.00709788
133	0.0109737	0.00141712	0.00429876	0.00392411	0.00644489	0.00447413	0.00783865	0.111497	0.0614741	0.105708	0.266469	0.0460776	0.00489552	0.0231042	0.0433935	0.0691492	0.211797	0.0122472	0.00154756	0.0032697
134	0.0240478	0.00927699	0.0206356	0.0129298	0.168902	0.021054	0.0909572	0.0118439	0.00681248	0.0308652	0.0189349	0.0273485	0.00697424	0.0125912	0.0354941	0.0339634	0.0171751	0.0131826	0.170185	0.266825
135	0.0445996	0.00574386	0.217177	0.0719558	0.00512912	0.0532474	0.0322019	0.0105555	0.0305336	0.0161439	0.00867568	0.205857	0.0045161	0.0146263	0.0299975	0.138106	0.0849637	0.0161835	0.00522597	0.00456061
136	0.341619	0.0217538	0.0239766	0.0268498	0.0162021	0.057165	0.0104665	0.0416391	0.0186059	0.0446943	0.0268848	0.0177274	0.0113939	0.0143964	0.0301547	0.120072	0.0712548	0.091665	0.00244788	0.0110314
137	0.0254383	0.00020645	0.582501	0.240466	0.000659231	0.00752505	0.0083625	0.000966415	0.0163219	0.00277775	0.00087303	0.0844649	0.00045108	0.0155347	0.00231015	0.00289651	0.00201375	0.00546927	0.00027804	0.0004836
138	0.0116531	0.00139561	0.00318095	0.00268382	0.487345	0.00384637	0.0430393	0.00391289	0.00298486	0.0090076	0.00396761	0.0084653	0.00234947	0.00352769	0.00617554	0.0165807	0.00546228	0.00528509	0.0144954	0.364641
139	0.0122712	0.00132465	0.00321011	0.0027531	0.479829	0.00398558	0.0468518	0.00425998	0.00295275	0.00938144	0.00376176	0.00864862	0.00240823	0.00336862	0.00623576	0.0172167	0.00555837	0.00544203	0.0153676	0.365172
140	0.0403186	0.000262339	0.000810838	0.000746877	0.00444605	0.00110672	0.00109189	0.250924	0.000672681	0.0362162	0.00158678	0.00088667	0.000762305	0.000797327	0.0044803	0.00171289	0.0159079	0.636484	0.000268992	0.000517058
141	0.0252451	0.0027751	0.0203584	0.0444477	0.00367891	0.0140832	0.0164947	0.0134567	0.368061	0.017886	0.014621	0.0362518	0.00940034	0.0634196	0.268331	0.0294455	0.0347383	0.0116174	0.00235715	0.00333042
142	0.0509937	0.000348178	0.0012143	0.00146264	0.00504352	0.00166851	0.00140149	0.251375	0.00118689	0.0355939	0.0106609	0.0018985	0.0020736	0.0014651	0.00426849	0.00389638	0.0206728	0.603318	0.000290754	0.00116712
143	0.0288306	0.00219323	0.48306	0.196	0.00174829	0.0210428	0.0159363	0.00309226	0.0217406	0.00664208	0.0029391	0.121744	0.00201846	0.0172217	0.0125269	0.0367053	0.0158137	0.00747994	0.00189081	0.00137338
144	0.0348812	0.00135635	0.454648	0.215962	0.00363089	0.0244027	0.0136119	0.00732981	0.0274606	0.010535	0.00648049	0.08531	0.00419781	0.021529	0.0195947	0.0317625	0.0174779	0.0117126	0.00524989	0.00286634
145	0.0290087	0.00305151	0.427867	0.15796	0.00222521	0.0328936	0.0229333	0.00315577	0.0218804	0.00844266	0.00331944	0.15862	0.00176067	0.014693	0.0130645	0.0617558	0.0269688	0.00709397	0.00207596	0.00122926
146	0.0331212	0.000405151	0.000929296	0.00104486	0.00688992	0.0011929	0.00183938	0.377834	0.0008812	0.0343541	0.0178268	0.00155389	0.00113846	0.00114402	0.00426144	0.00407817	0.0179013	0.492301	0.000318331	0.000984262
147	0.0240625	0.00260411	0.00679528	0.00629979	0.293918	0.0049966	0.212566	0.00545537	0.003886	0.0126855	0.00511945	0.0243865	0.00414346	0.0129027	0.00793626	0.0381609	0.0103922	0.00673159	0.0303711	0.286587
148	0.0286607	0.00428565	0.00105337	0.0010173	0.0309036	0.00205845	0.00122074	0.221238	0.000840849	0.238299	0.0172783	0.00124255	0.00416287	0.00378006	0.0032877	0.003238	0.0113751	0.424347	0.000442292	0.00126795
149	0.0536612	0.00796227	0.123184	0.075506	0.0097759	0.0508572	0.0470519	0.0238244	0.0579405	0.0270245	0.0217845	0.1857	0.00938699	0.0337606	0.0596194	0.102063	0.056637	0.0274239	0.00440843	0.0224281
150	0.00467183	0.0113431	0.00144337	0.00122529	0.0403155	0.00355614	0.00139674	0.286201	0.00126682	0.495349	0.040895	0.00182395	0.0121642	0.00913069	0.00203681	0.0032063	0.0046218	0.0777324	0.000534243	0.00108587
151	0.0530015	0.000815145	0.0155785	0.00998049	0.00156105	0.784878	0.0014697	0.00235682	0.00189806	0.00967469	0.00200578	0.00247447	0.00127784	0.00484874	0.00595283	0.0685741	0.00407709	0.00930784	0.0190334	0.00123419
152	0.121061	0.00244309	0.00887684	0.0120864	0.0117069	0.0044029	0.00353627	0.19786	0.0143145	0.0631173	0.0711925	0.0237011	0.00756074	0.00982901	0.0048334	0.0590313	0.146929	0.228112	0.000458605	0.00894696
153	0.0359799	0.00663111	0.00150717	0.00184276	0.101101	0.00287102	0.00201237	0.149922	0.00303262	0.439014	0.060777	0.00374912	0.0118136	0.00595713	0.00378663	0.0120588	0.0421682	0.104897	0.000543121	0.0103357
154	0.381948	0.000964647	0.00216308	0.00250213	0.00208353	0.192457	0.00200174	0.0441104	0.0233454	0.037712	0.0231124	0.00314515	0.00402678	0.00247949	0.0252464	0.0186642	0.0877891	0.13715	0.00102358	0.00807452
155	0.106099	0.000397774	0.0256056	0.0195585	0.00281719	0.0450443	0.00217821	0.00221025	0.0699363	0.0268855	0.027891	0.0831863	0.000978949	0.0171119	0.0315761	0.285448	0.237132	0.0135008	0.000872472	0.00157025
156	0.126712	0.00254613	0.0109493	0.0265829	0.0101271	0.00538348	0.00429825	0.234884	0.0082243	0.0649239	0.0414522	0.0537479	0.00534245	0.00996878	0.0228601	0.0412649	0.179403	0.14237	0.00134555	0.00761423
157	0.0359741	0.0150028	0.00653924	0.00612002	0.0765966	0.0102067	0.0148565	0.131146	0.00630836	0.470903	0.0507527	0.00734566	0.0122709	0.0133247	0.0160766	0.0202313	0.0210753	0.0717107	0.00485916	0.00869965
158	0.488051	0.00312534	0.0128451	0.0262389	0.00294533	0.0464891	0.0030155	0.00956375	0.00589687	0.0358271	0.0108363	0.0154911	0.00672715	0.00707905	0.0141132	0.170958	0.062076	0.0742375	0.00081844	0.0036646
159	0.0234256	0.00124066	0.00410834	0.0103934	0.00131526	0.00756062	0.0399168	0.00694104	0.238889	0.0328536	0.0211478	0.0291515	0.0221481	0.0745654	0.424238	0.0301436	0.0155919	0.0123574	0.00324227	0.000770033
160	0.00779804	0.00136934	0.00324598	0.00315192	0.00439768	0.00410745	0.506297	0.00513619	0.00320931	0.0609583	0.00442891	0.0333236	0.00735774	0.0987782	0.0120305	0.0079492	0.016402	0.00638523	0.00266565	0.211008
161	0.0243254	0.00136854	0.00165844	0.0101998	0.0012354	0.00568656	0.0412206	0.00675741	0.235589	0.0336034	0.0205511	0.02488	0.0253428	0.0778448	0.431526	0.0273336	0.0137773	0.0132516	0.00342842	0.000419814
162	0.14681	0.00125853	0.00616311	0.00425954	0.00585266	0.0366067	0.0234467	0.00852628	0.0707934	0.132288	0.0486472	0.0465827	0.00338466	0.00954362	0.0229684	0.244422	0.145032	0.00784162	0.0153267	0.0202464
163	0.0037669	0.000399145	0.0127851	0.0234043	0.00266709	0.0040522	0.00885821	0.0102516	0.469434	0.00293153	0.00686756	0.0399845	0.00318187	0.0579855	0.304443	0.00970742	0.036691	0.00167944	0.000278621	0.000631144
164	0.0370972	0.0027276	0.00962697	0.0119651	0.00287433	0.0149628	0.0850242	0.00462179	0.00562531	0.0381622	0.00486907	0.0162945	0.502242	0.0655755	0.0470893	0.0850221	0.0548089	0.00700933	0.00176042	0.00264099
165	0.0379303	0.00717134	0.0337329	0.0240525	0.0143737	0.116683	0.0295542	0.0221975	0.0318817	0.0565276	0.166064	0.024543	0.013239	0.0233843	0.222995	0.0536561	0.0406482	0.0278098	0.0377295	0.0158261
166	0.0421886	0.000255897	0.000835358	0.000745179	0.00435786	0.00119213	0.00109401	0.249051	0.000656582	0.0354158	0.00337965	0.000885754	0.000878155	0.000780193	0.00438973	0.00190052	0.0170247	0.63416	0.000280076	0.000529099
167	0.0261059	0.00447101	0.0111132	0.0097482	0.209033	0.0103294	0.11939	0.0107473	0.0107032	0.0225128	0.0130806	0.0395602	0.0100327	0.0249238	0.018091	0.028199	0.0262413	0.0124702	0.0172921	0.375955
168	0.00377629	0.000246251	0.000692678	0.00073929	0.000964461	0.000707336	0.00333936	0.699797	0.000650272	0.0154358	0.0376057	0.000883799	0.000471634	0.000853613	0.00356832	0.00451137	0.0119197	0.213068	0.000306016	0.000462806
169	0.0686916	0.00245775	0.0231426	0.0172035	0.00354041	0.674543	0.00743836	0.0074098	0.00687102	0.0175582	0.00636746	0.0162149	0.00471815	0.00823856	0.0140985	0.0698753	0.012943	0.0184144	0.0176351	0.00263853
170	0.0482613	0.498539	0.0124605	0.00851485	0.0442681	0.019434	0.0132355	0.0288517	0.00823548	0.0263771	0.0183221	0.0147145	0.00618662	0.010227	0.0303696	0.0652359	0.0173063	0.0359676	0.0795203	0.0139728
171	0.0581044	0.0155459	0.0164326	0.022969	0.0429343	0.019978	0.0140582	0.120296	0.0279192	0.120971	0.23365	0.0234451	0.0131295	0.0194277	0.0438226	0.0465257	0.0551677	0.0820124	0.0120017	0.011608
172	0.051234	0.0030446	0.0197367	0.0390151	0.0109642	0.0167161	0.0176921	0.0703065	0.286343	0.0296472	0.0258613	0.0373481	0.00987625	0.0548165	0.18956	0.0400103	0.048816	0.0395977	0.00351589	0.00589786
173	0.0623244	0.206455	0.0389813	0.0174783	0.0346512	0.0295126	0.0865218	0.0244614	0.0165477	0.0280389	0.017633	0.0685889	0.0178596	0.0191321	0.0389026	0.189409	0.0497672	0.0296883	0.0106208	0.0134262
174	0.0480507	0.00272467	0.0846568	0.0386281	0.00418949	0.543408	0.0156042	0.00685851	0.0178069	0.0154947	0.00796898	0.0424985	0.00519436	0.0152282	0.0203013	0.0758271	0.0202741	0.0142079	0.0172338	0.00384399
175	0.0753854	0.00230938	0.0224357	0.0666099	0.00446993	0.0178688	0.0373731	0.0106451	0.0234798	0.0311652	0.00950656	0.0194626	0.388356	0.0826956	0.0418109	0.0915724	0.0496665	0.0187331	0.00236809	0.00408625
176	0.0724499	0.00724693	0.0104175	0.00901598	0.0135021	0.0136764	0.00529175	0.226219	0.00635543	0.0601827	0.0238703	0.0102744	0.00597357	0.00605448	0.009948	0.0188445	0.0285637	0.466564	0.00106212	0.00448684
177	0.0416559	0.00783143	0.00128663	0.00143297	0.108061	0.00288618	0.00170504	0.166	0.00151726	0.454134	0.0379365	0.00293673	0.00701918	0.00603638	0.00194449	0.00932781	0.0174932	0.125843	0.000518754	0.00443383
178	0.312822	0.00166185	0.0265637	0.00413829	0.0333029	0.00793509	0.00251611	0.00666979	0.010104	0.00877244	0.00519599	0.0570435	0.00273274	0.0054998	0.0105642	0.395302	0.0547026	0.00751928	0.000983575	0.0459703
179	0.0227651	0.000504364	0.0507392	0.18505	0.000721894	0.0203531	0.0306227	0.01781	0.132016	0.0102649	0.0167296	0.0678044	0.0187932	0.17869	0.174074	0.0370178	0.025435	0.00947542	0.000385094	0.000748618
180	0.00460174	0.000383001	0.0132611	0.0316278	0.00262574	0.00468047	0.00974744	0.0105854	0.443236	0.00291561	0.00722892	0.0460585	0.0042451	0.0630418	0.300685	0.0120631	0.0400834	0.00203683	0.000307748	0.000585726
181	0.0312992	0.00473553	0.196142	0.146483	0.00503748	0.0911304	0.0195648	0.00648099	0.024255	0.0110234	0.00571654	0.14097	0.00262305	0.0158525	0.0154792	0.157572	0.102612	0.0164603	0.00292295	0.00363924
182	0.341015	0.00449477	0.0313603	0.0163133	0.00811021	0.0407336	0.0241282	0.0104651	0.00579635	0.0708323	0.0329036	0.010931	0.00753139	0.00630166	0.0109076	0.180475	0.0361888	0.154251	0.00201428	0.00524728
183	0.00321438	0.000364657	0.00868679	0.0203755	0.00280417	0.00290944	0.00758476	0.0103324	0.489836	0.00292752	0.00717896	0.0330304	0.00314295	0.0548297	0.307916	0.00707525	0.0353547	0.00157471	0.000318456	0.000543253
184	0.0267045	0.0104145	0.0152158	0.0108113	0.179973	0.0180554	0.103401	0.0112338	0.00604093	0.0279558	0.0163511	0.0283716	0.007256	0.0130574	0.0282845	0.0347436	0.0197464	0.0153474	0.13456	0.292476
185	0.00995772	0.00161164	0.00389929	0.00372024	0.0290393	0.00415226	0.262315	0.00532247	0.00405643	0.0200112	0.00473235	0.0731587	0.0119694	0.0399067	0.0237151	0.0101286	0.0299853	0.00608542	0.00783728	0.448396
186	0.0260778	0.0011222	0.216174	0.44787	0.00356107	0.0125063	0.012894	0.00796186	0.0470395	0.0145615	0.0108389	0.0426737	0.00398776	0.0493452	0.0359489	0.0255039	0.0158096	0.0157251	0.00483377	0.00556454
187	0.0665276	0.0029502	0.0122212	0.0227846	0.00524385	0.0128375	0.0491728	0.0117844	0.0138333	0.039157	0.00875891	0.0139506	0.469716	0.0739042	0.039136	0.078532	0.0551755	0.0160319	0.00282591	0.00545676
188	0.0230423	0.00028057	0.480192	0.33299	0.000764321	0.00839432	0.00785548	0.00156906	0.0193847	0.00424087	0.00123204	0.0697868	0.00116832	0.0221657	0.00670975	0.00688329	0.00445818	0.00754909	0.000578959	0.000754814
189	0.0313628	0.00218699	0.00461718	0.00384947	0.329218	0.00479343	0.201609	0.00538252	0.00376822	0.00871652	0.00491297	0.0272333	0.00374	0.00536446	0.00783607	0.0519679	0.00834784	0.00645234	0.0352277	0.253414
190	0.0269257	0.00706639	0.0450112	0.0153531	0.0103592	0.0516778	0.0239114	0.0150858	0.0216034	0.113873	0.0552121	0.0162923	0.00920755	0.0141294	0.158507	0.0496401	0.0226043	0.0186692	0.304753	0.0201176
191	0.0225064	0.00123081	0.0258022	0.0410378	0.00747502	0.0114785	0.0173014	0.0132311	0.363848	0.0146421	0.0155891	0.0416883	0.00820548	0.0597017	0.263432	0.0331511	0.0420317	0.0118439	0.00158811	0.00421491
