286	20
1	0.0226496	0.00124369	0.0231553	0.155396	0.00578196	0.00102789	0.00929642	0.0225184	0.110138	0.00622895	0.0132076	0.0180146	0.000981477	0.259214	0.20938	0.0511036	0.0537916	0.0356765	0.000360548	0.000833777
2	0.0439442	0.00440145	0.037885	0.0461344	0.0105486	0.029525	0.0374266	0.0055458	0.191854	0.0161739	0.0144724	0.0512686	0.00672815	0.0638259	0.307999	0.0715756	0.0251975	0.0111755	0.00791306	0.0164047
3	0.0562081	0.0150588	0.268692	0.0518875	0.00264469	0.00413209	0.0276779	0.00525239	0.00422346	0.0188573	0.00353338	0.412503	0.0405444	0.00327642	0.00759455	0.0486348	0.00745097	0.0191618	0.000872514	0.00179362
4	0.0372062	0.0160308	0.00685315	0.0219636	0.0749234	0.0291667	0.0119564	0.0995157	0.0479545	0.220445	0.0778124	0.0366074	0.00217873	0.0682197	0.0253536	0.0512461	0.0448532	0.06644	0.00162322	0.0596504
5	0.0766388	0.00134451	0.027812	0.0932607	0.0594826	0.0251722	0.0433085	0.0174988	0.0523113	0.037417	0.0272674	0.0561729	0.0104032	0.08822	0.12658	0.106849	0.0385491	0.0205764	0.0256242	0.0655107
6	0.0110865	0.00712668	0.000679217	0.000803631	0.00636869	0.000884338	0.00251148	0.625804	0.00147135	0.0520473	0.0290965	0.00102201	0.000580231	0.00441704	0.00437761	0.00200933	0.0185737	0.225086	0.000274641	0.00577988
7	0.0427271	0.0113078	0.011336	0.0260095	0.00634994	0.00132898	0.0352924	0.0359936	0.196303	0.0193888	0.00249725	0.033923	0.0146417	0.0720254	0.0784069	0.0879564	0.268988	0.0530297	0.000321209	0.00217326
8	0.00658012	0.0094945	0.000459305	0.000585928	0.00699954	0.000537932	0.000567516	0.331371	0.00381598	0.0508575	0.00683407	0.00058629	0.00035386	0.000882079	0.00165531	0.00336098	0.0080724	0.566288	0.000159957	0.000537356
9	0.0727192	0.000717232	0.0323398	0.0880883	0.0442873	0.0268411	0.0416365	0.0184694	0.0621431	0.033591	0.0278781	0.0629781	0.0119487	0.0925439	0.132801	0.116665	0.043861	0.0234108	0.0160041	0.0510757
10	0.0910713	0.00836024	0.107367	0.101085	0.00566367	0.137538	0.0312348	0.015712	0.0340989	0.0100843	0.0122034	0.0421843	0.0285418	0.0683447	0.0166353	0.164501	0.0810824	0.0365347	0.000628067	0.00712947
11	0.0142465	0.00994584	0.00332641	0.00423425	0.448469	0.00366722	0.00769416	0.107826	0.00399757	0.1044	0.0384857	0.0114763	0.00198826	0.00401891	0.00868502	0.00984758	0.0118152	0.0507537	0.0422371	0.112886
12	0.0427773	0.00499017	0.223982	0.319356	0.00584649	0.0191145	0.0387479	0.0138334	0.0348881	0.017917	0.00996484	0.038011	0.00244024	0.0729694	0.0249354	0.0724564	0.0307274	0.00975257	0.0027037	0.0145856
13	0.0392333	0.00494755	0.243161	0.31217	0.00487926	0.0187698	0.0481913	0.0122296	0.0352715	0.0152248	0.0106033	0.0337402	0.0028952	0.0752758	0.0217281	0.0677812	0.0284462	0.00931214	0.0021818	0.0139582
14	0.450528	0.0603969	0.000814416	0.00588383	0.0112164	0.045892	0.00486256	0.0385145	0.003287	0.0277027	0.0284398	0.00111502	0.00343138	0.00126266	0.00701584	0.083558	0.0672598	0.145243	0.00491783	0.00865798
15	0.0617874	0.0187735	0.0644065	0.0772486	0.00577232	0.194794	0.0310354	0.00686862	0.0287161	0.0087171	0.0141652	0.0804477	0.0562443	0.0712764	0.0170082	0.187953	0.0475497	0.0164676	0.000665035	0.0101029
16	0.00289351	0.00703818	0.0240539	0.0379912	0.00114912	0.399252	0.0241804	0.00316529	0.150493	0.00339737	0.0016985	0.200799	0.00635132	0.0364782	0.0642453	0.0208072	0.0112961	0.00324174	0.000440824	0.00102715
17	0.00389113	0.00268517	0.00111668	0.00160562	0.650604	0.0020348	0.00154621	0.0323601	0.00185694	0.0321759	0.00443011	0.0157558	0.00128455	0.00185813	0.0027413	0.0101614	0.0102675	0.00575024	0.0284379	0.189437
18	0.112274	0.00208521	0.105074	0.151529	0.00194002	0.0210962	0.00914102	0.0104812	0.121143	0.00415601	0.00325646	0.024353	0.0304444	0.0935575	0.00834091	0.0732731	0.170128	0.0557087	0.000591922	0.00142615
19	0.0716955	0.000643206	0.0762438	0.139699	0.00799519	0.0368181	0.0162339	0.00145664	0.182038	0.00144558	0.00101288	0.0854841	0.00766254	0.0904916	0.0842399	0.121961	0.0544638	0.0129008	0.000412945	0.00710164
20	0.0811807	0.0190978	0.0155775	0.0113391	0.011887	0.0183668	0.0086235	0.0150025	0.0149613	0.0205391	0.0122725	0.0111063	0.591893	0.00971387	0.0194618	0.0688798	0.029583	0.0354016	0.00162661	0.00348592
21	0.0295919	0.0257199	0.00633604	0.00678484	0.00709796	0.00999075	0.0155993	0.0229452	0.0130516	0.0157055	0.0344488	0.0237691	0.00876428	0.00935918	0.016724	0.286568	0.423325	0.0343282	0.00352074	0.00636893
22	0.11886	0.0191478	0.00262883	0.00377757	0.0126125	0.0136822	0.00457088	0.0137602	0.00460594	0.0139568	0.0121824	0.00261132	0.640789	0.00299575	0.00689577	0.0667833	0.0247985	0.032844	0.00063457	0.00186223
23	0.0105217	0.00989554	0.000584598	0.000828141	0.00711694	0.000711656	0.00153001	0.401599	0.00337292	0.0539833	0.0119436	0.00090135	0.000361317	0.0018512	0.00258017	0.00357053	0.0126645	0.473292	0.000302028	0.0023891
24	0.0417059	0.00628521	0.032665	0.0985532	0.0117417	0.0214133	0.0224908	0.0232301	0.110182	0.0190174	0.0195305	0.0379401	0.0078329	0.187839	0.195179	0.0663711	0.0537441	0.0292362	0.00333718	0.0117058
25	0.406675	0.0410748	0.00191486	0.00418872	0.00184081	0.0171918	0.0061319	0.0159028	0.0293536	0.00709138	0.0360752	0.00652457	0.00549562	0.023072	0.0255099	0.337312	0.0125652	0.0194172	0.000776704	0.00188569
26	0.0144368	0.00732111	0.00845835	0.0104955	0.0712352	0.00397835	0.0659262	0.285769	0.0154437	0.0541807	0.0284971	0.0140901	0.00341725	0.107824	0.031869	0.0104038	0.0386733	0.134031	0.00858698	0.0853627
27	0.4831	0.0278882	0.000759772	0.000865818	0.00105649	0.178293	0.00107048	0.00602858	0.00140183	0.0100083	0.006157	0.00612116	0.0060883	0.00298554	0.00164889	0.236581	0.0159973	0.0128738	0.000345741	0.0007279
28	0.0259786	0.0198869	0.00467346	0.00656427	0.154875	0.00552641	0.0155078	0.216449	0.00411352	0.20062	0.10522	0.00644818	0.00226321	0.00503396	0.0111039	0.00658567	0.0119431	0.116747	0.0510586	0.029402
29	0.0648624	0.0235565	0.0149455	0.0187919	0.00906391	0.022327	0.0141198	0.0156222	0.0261954	0.0153064	0.0120929	0.0248042	0.378078	0.0159627	0.0199158	0.161608	0.122964	0.0337141	0.00104382	0.00502594
30	0.0362695	0.0223943	0.00073445	0.00108581	0.00373913	0.00146972	0.00610776	0.483667	0.00281671	0.0899234	0.031838	0.00155466	0.000637581	0.00373409	0.00241746	0.00584517	0.0306974	0.263996	0.000373355	0.0106979
31	0.286419	0.041405	0.00166288	0.00713805	0.00838665	0.0363914	0.0052388	0.138236	0.00453223	0.0820605	0.0244026	0.00273812	0.00333932	0.00804899	0.00895759	0.0457226	0.0369842	0.250846	0.00186541	0.00562502
32	0.00782608	0.00960588	0.000842752	0.000939654	0.0265643	0.0010464	0.00422755	0.0650713	0.00589049	0.611197	0.194723	0.000982425	0.00288165	0.00223083	0.00303508	0.00239693	0.00710124	0.0450463	0.000352359	0.00803924
33	0.0747815	0.00395861	0.0383255	0.0490733	0.00102829	0.041564	0.0109426	0.00373841	0.0749723	0.0246774	0.00384087	0.100337	0.0102592	0.0413904	0.0350663	0.356391	0.106385	0.018573	0.000304711	0.00438996
34	0.0263087	0.0144335	0.0226943	0.0224284	0.00204618	0.598575	0.0113016	0.00285027	0.0817177	0.00570457	0.00499837	0.0826391	0.00533347	0.022432	0.0364999	0.0367291	0.0104073	0.00843529	0.00270759	0.00175808
35	0.0403234	0.00498103	0.0291087	0.027135	0.00750886	0.0306438	0.0415375	0.00436574	0.205958	0.0158609	0.0147052	0.0494816	0.00619147	0.0581163	0.351451	0.0618167	0.0210712	0.00972403	0.00556223	0.0144573
36	0.0501212	0.0122192	0.363552	0.0414332	0.0026996	0.00639049	0.0227852	0.005355	0.00455316	0.016954	0.00367177	0.35188	0.0321821	0.00324457	0.00924167	0.0455647	0.00803586	0.0169508	0.000984042	0.00218083
37	0.00355948	0.00842534	0.000361043	0.000386312	0.0257113	0.00045142	0.00401065	0.0707684	0.00230255	0.655826	0.157714	0.000483065	0.00299775	0.000525126	0.00220554	0.000912428	0.00481441	0.0514094	0.000189796	0.00694603
38	0.00493358	0.00547397	0.000503495	0.000552049	0.00687972	0.000579264	0.000978898	0.410658	0.00300206	0.0409745	0.0143485	0.000639873	0.000443142	0.00143995	0.00226011	0.0017348	0.00991194	0.492394	0.000194443	0.0020977
39	0.483003	0.0286346	0.000750745	0.000936291	0.00107512	0.175494	0.00113045	0.00617572	0.00163676	0.0100446	0.00637924	0.00640949	0.00593731	0.00326738	0.00192859	0.236573	0.0159388	0.01349	0.00042993	0.000765644
40	0.0255717	0.0296939	0.000533416	0.000755471	0.00379928	0.00082339	0.00110592	0.35319	0.00578093	0.105749	0.00654921	0.000626582	0.000377015	0.00101765	0.00166568	0.00963333	0.0150662	0.43615	0.000212007	0.00169935
41	0.476039	0.0288053	0.00409881	0.00631598	0.00237911	0.0724663	0.00490598	0.00907868	0.0138796	0.00919842	0.0150325	0.0126555	0.00771308	0.0154921	0.0117504	0.265676	0.0234336	0.0186201	0.000562748	0.00189689
42	0.0429265	0.00127525	0.0376499	0.158139	0.00599083	0.010656	0.00998702	0.0127522	0.158328	0.00465146	0.00789763	0.0329702	0.00280513	0.223659	0.144389	0.0705703	0.0453968	0.0265919	0.000425661	0.00293763
43	0.0398983	0.0292685	0.0114872	0.0167714	0.00796475	0.0122833	0.0126831	0.0274411	0.023946	0.0198719	0.0151163	0.0170382	0.00703806	0.0198148	0.0232809	0.0824554	0.571671	0.0494321	0.00620638	0.00633172
44	0.0474117	0.0211039	0.0153652	0.00353689	0.00130949	0.770011	0.00385533	0.00419824	0.0210843	0.00703873	0.00593873	0.0257061	0.0047724	0.00765431	0.00692522	0.0310197	0.0047976	0.0131497	0.00400106	0.00112013
45	0.0843683	0.0288082	0.0215294	0.0313249	0.00956037	0.0286368	0.0226446	0.0236427	0.0350787	0.0229079	0.0188228	0.0507124	0.0136107	0.0290126	0.0356016	0.277242	0.207148	0.0459498	0.00377894	0.00961872
46	0.0467189	0.0203922	0.016591	0.00763064	0.00231791	0.73821	0.00556807	0.00429031	0.0264856	0.00777177	0.00661259	0.0291337	0.00774002	0.00967664	0.0128114	0.0320888	0.00582865	0.0138254	0.00418574	0.00212051
47	0.0506776	0.00945502	0.0307269	0.0477987	0.00893901	0.0377907	0.0216959	0.017887	0.249448	0.0274913	0.0155425	0.0416105	0.00898541	0.048043	0.229993	0.0675086	0.0486258	0.0233348	0.00294049	0.0115055
48	0.0368068	0.0251982	0.0120004	0.018115	0.00740787	0.00951243	0.010493	0.0316575	0.0282321	0.0224967	0.0138277	0.0191731	0.00770281	0.0206231	0.0262928	0.0826603	0.561047	0.0545291	0.00581152	0.00641237
49	0.0648925	0.0618007	0.00165145	0.00704502	0.0702444	0.00425143	0.00369829	0.203513	0.0028711	0.297029	0.0883291	0.00284332	0.0018489	0.00314216	0.00372437	0.00911933	0.0164002	0.148181	0.00646333	0.0029515
50	0.485461	0.0260863	0.000754785	0.000880352	0.00108325	0.182381	0.00110925	0.0061817	0.00114238	0.0101318	0.00589505	0.00597001	0.00568709	0.00280438	0.00153242	0.233363	0.015856	0.0125845	0.000351587	0.000743673
51	0.00765608	0.00189261	0.00104975	0.0054279	0.433304	0.0013224	0.00557445	0.0100666	0.0015684	0.0120174	0.0120999	0.00539899	0.0010655	0.00164081	0.00223945	0.00475614	0.00451742	0.0178123	0.00770034	0.462889
52	0.0689992	0.0798718	0.0039048	0.00507758	0.00589514	0.0227414	0.00453586	0.108621	0.00585583	0.262698	0.128756	0.00628405	0.00288278	0.00934109	0.00702296	0.0638098	0.118112	0.0887267	0.00233103	0.00453325
53	0.0283318	0.015453	0.00446216	0.00597249	0.103928	0.00167504	0.0185473	0.28313	0.00306976	0.230832	0.0661196	0.00562347	0.00105825	0.00324532	0.00940842	0.00307065	0.0103455	0.161001	0.0222879	0.0224374
54	0.107138	0.0456665	0.00765959	0.00930876	0.0111479	0.0232634	0.0100729	0.0149164	0.0123441	0.0166969	0.0112364	0.0150721	0.496595	0.00914248	0.0144706	0.104305	0.0429377	0.041268	0.00127922	0.00547984
55	0.479615	0.0244045	0.000976531	0.00105177	0.00134549	0.18954	0.00148063	0.00927047	0.00138603	0.0118962	0.00829936	0.00580309	0.00545204	0.00274606	0.00198609	0.221279	0.01555	0.0164073	0.000449888	0.00106097
56	0.0466047	0.025986	0.00237099	0.00706564	0.100867	0.00218358	0.0057633	0.245534	0.00192422	0.28224	0.0777193	0.00293793	0.00114411	0.00211366	0.00379691	0.00338335	0.00466284	0.164203	0.0136566	0.00584347
57	0.0622176	0.00685791	0.00490079	0.00958329	0.0101884	0.0101105	0.0477078	0.322897	0.0267027	0.0782998	0.0819764	0.0241313	0.00296053	0.0502648	0.0189195	0.0363438	0.0290162	0.160032	0.00256597	0.0143236
58	0.0682043	0.00290561	0.0297354	0.0782717	0.0439163	0.0340671	0.0605983	0.0198912	0.0583331	0.0417791	0.0288741	0.0628622	0.0130713	0.09584	0.118902	0.110657	0.041206	0.0230739	0.0154671	0.0523449
59	0.0343249	0.0206753	0.000825297	0.00149637	0.00600535	0.00196518	0.005771	0.502999	0.0027463	0.0881262	0.0393667	0.00182152	0.000752355	0.00448208	0.00296787	0.00588047	0.0290416	0.238599	0.000833395	0.0113198
60	0.437342	0.0766102	0.000839108	0.00532103	0.00787272	0.0464325	0.00399218	0.0315457	0.00282205	0.0234958	0.0199381	0.00108665	0.0058552	0.00130806	0.00722198	0.0775721	0.0565584	0.185019	0.00270895	0.00645853
61	0.00800888	0.0129292	0.000420711	0.000665207	0.0224877	0.000720962	0.00425754	0.0900488	0.00185754	0.631318	0.120983	0.000954862	0.00308946	0.00124574	0.00260104	0.00204448	0.0120492	0.0773702	0.00030541	0.00664211
62	0.00197696	0.00339447	0.000499423	0.00053946	0.00844193	0.000598209	0.000572828	0.328293	0.0037514	0.03295	0.00787655	0.000621178	0.000380967	0.000864791	0.00174683	0.00166283	0.0066262	0.598516	0.000193059	0.0004939
63	0.0213231	0.0243276	0.00114959	0.00274313	0.025233	0.00190395	0.00472446	0.193752	0.00329612	0.437467	0.0775688	0.00266284	0.00228862	0.00368514	0.00439001	0.00609542	0.0133273	0.165005	0.002424	0.00663334
64	0.40257	0.151485	0.000679787	0.00261157	0.00381349	0.0294855	0.00202294	0.021209	0.0018872	0.0191239	0.00855173	0.0011893	0.0145956	0.00142131	0.0079912	0.0942206	0.0694557	0.160347	0.00135205	0.00598693
65	0.0842061	0.0189878	0.00975799	0.00773269	0.0163357	0.0170453	0.00710545	0.014779	0.0155101	0.0251402	0.0123497	0.0105213	0.592062	0.00968721	0.0194262	0.0704826	0.029101	0.0338403	0.00169636	0.00423286
66	0.0310234	0.0246895	0.0129642	0.0190747	0.00843481	0.0097129	0.0103922	0.0299944	0.0286012	0.0213593	0.0138929	0.0170747	0.00692906	0.017771	0.0236719	0.0835715	0.578664	0.0513439	0.00553757	0.00529706
67	0.0400545	0.00787142	0.0182969	0.029041	0.0112899	0.0227267	0.023892	0.0174927	0.171674	0.0248956	0.0144657	0.0309131	0.00639246	0.0461635	0.407684	0.0549609	0.0313176	0.0231691	0.00318901	0.0145097
68	0.0483869	0.00566249	0.0907827	0.18738	0.0143838	0.0246045	0.0291113	0.017957	0.0854339	0.0223634	0.0153918	0.0466972	0.0102558	0.105527	0.128115	0.0796955	0.0437191	0.0227324	0.00475306	0.0170478
69	0.040684	0.0175222	0.0137004	0.0213261	0.0290584	0.0151333	0.0186689	0.0590001	0.0748405	0.265926	0.0540574	0.0309674	0.0182065	0.0321499	0.158766	0.0438403	0.0319373	0.0530511	0.00483392	0.0163298
70	0.429177	0.083324	0.000875869	0.00498526	0.00737784	0.037472	0.00392856	0.0281751	0.00255068	0.0201158	0.0162212	0.00144129	0.00869676	0.00145677	0.00698272	0.0902991	0.0697483	0.178232	0.00230746	0.00663214
71	0.0339278	0.0686306	0.00465507	0.0253446	0.00994468	0.0103513	0.00786036	0.0989973	0.022911	0.158541	0.105722	0.0644439	0.00262564	0.191962	0.0137216	0.0392643	0.0479456	0.0735547	0.00134868	0.0182477
72	0.0480857	0.0166358	0.0417917	0.0924721	0.0206043	0.024677	0.0241597	0.0413171	0.0661139	0.0384538	0.0317415	0.0401112	0.0149767	0.225507	0.0919559	0.0730254	0.0521213	0.0363537	0.003741	0.0161557
73	0.0127296	0.00814511	0.0010439	0.000943497	0.00650056	0.00119924	0.00298395	0.622729	0.00146651	0.0552121	0.0302656	0.00112214	0.000670003	0.00462038	0.00467635	0.00263235	0.0207139	0.215559	0.000443848	0.00634239
74	0.0694911	0.00136191	0.0489597	0.13065	0.0422114	0.0251259	0.0405683	0.0171018	0.0530359	0.0346365	0.027252	0.0584564	0.0100139	0.0901092	0.115316	0.109382	0.04132	0.0201174	0.0162409	0.0486502
75	0.10001	0.00124	0.095075	0.168783	0.00349731	0.0249122	0.0130185	0.00587167	0.131387	0.00269972	0.00257746	0.0465106	0.0155013	0.104567	0.0323325	0.0866308	0.123683	0.0385058	0.000412255	0.00278488
76	0.0572328	0.014335	0.0497748	0.206925	0.0102101	0.0115243	0.0171643	0.0307371	0.049657	0.0302529	0.0456465	0.0283762	0.005393	0.181924	0.0767189	0.0526581	0.0659633	0.0510711	0.00403295	0.0104033
77	0.405518	0.141766	0.000630016	0.00289069	0.00419712	0.0310188	0.00212727	0.0223864	0.00180325	0.0186439	0.00985654	0.000921434	0.0128094	0.001082	0.00802671	0.0919087	0.0738231	0.162189	0.00159118	0.00681094
78	0.0523206	0.0601571	0.00789526	0.00318185	0.0148512	0.0156439	0.0395779	0.0500241	0.00351561	0.0207048	0.0173951	0.0684054	0.00956573	0.00528588	0.025678	0.338892	0.171702	0.079902	0.000524707	0.0147775
79	0.393865	0.154359	0.000689987	0.00250726	0.00365238	0.0286196	0.00189608	0.0214089	0.00172324	0.0189482	0.00832927	0.00101459	0.014777	0.00109671	0.00796453	0.0910486	0.0717662	0.168954	0.00130457	0.00607509
80	0.310468	0.235959	0.00226607	0.00270646	0.00321468	0.0149424	0.00308191	0.0413219	0.00340363	0.0170442	0.00685572	0.00275113	0.0264004	0.00319564	0.0170564	0.0579132	0.0462492	0.199629	0.00106383	0.00447792
81	0.0398724	0.0393668	0.000535807	0.000790672	0.00265312	0.00114057	0.00152205	0.328438	0.00437034	0.126429	0.00722994	0.000704143	0.000415081	0.000876434	0.00165537	0.0104168	0.021292	0.409237	0.000241776	0.00281345
82	0.0115346	0.00228385	0.00131994	0.00817479	0.241311	0.00160885	0.0107376	0.00463047	0.00196235	0.00961005	0.0177328	0.00200111	0.00128088	0.00227563	0.00318121	0.00373128	0.00352966	0.024128	0.000864323	0.648102
83	0.0473949	0.0203091	0.0158868	0.00716816	0.00233369	0.748305	0.00526232	0.00307352	0.0253309	0.00775276	0.00606855	0.0292109	0.00568629	0.00978105	0.0107158	0.0309279	0.0064093	0.012349	0.00406251	0.00197124
84	0.0458237	0.0211127	0.0157466	0.00661028	0.00152114	0.743875	0.00519959	0.00448947	0.0276434	0.00778585	0.00648032	0.0330738	0.00563537	0.00912129	0.00926148	0.0304441	0.00569325	0.0141724	0.00408657	0.00222371
85	0.458633	0.0586715	0.000712739	0.00644374	0.00920571	0.0459751	0.00435673	0.0312828	0.00277645	0.0220414	0.0219946	0.00102936	0.00444332	0.00111813	0.00685316	0.084614	0.0640115	0.165566	0.00331177	0.00695919
86	0.0341315	0.00802321	0.038403	0.0273167	0.00370015	0.0810941	0.0100413	0.00639201	0.0572153	0.0138858	0.00629969	0.0758607	0.227666	0.0225722	0.0171684	0.303456	0.0460589	0.0152297	0.000987484	0.00449868
87	0.0407934	0.00402319	0.0203096	0.0211905	0.00647944	0.0215482	0.0297609	0.00797233	0.237729	0.0151762	0.0184509	0.0359553	0.00838195	0.0470223	0.380083	0.0564839	0.0204079	0.0086168	0.00400056	0.0156141
88	0.078779	0.00242539	0.0297018	0.0697469	0.0356852	0.063742	0.046569	0.0184765	0.0511063	0.028529	0.0275991	0.0605916	0.0191897	0.0827653	0.127376	0.123696	0.0393698	0.0230622	0.0198887	0.0517007
89	0.0672947	0.0138494	0.0783313	0.0931372	0.00644114	0.173971	0.0317144	0.00722429	0.0279827	0.00925579	0.014693	0.0645034	0.0507547	0.0809918	0.018684	0.176799	0.0559593	0.0157145	0.000779225	0.0119187
90	0.0521036	0.0123292	0.0447066	0.0906072	0.0178468	0.0321686	0.0238778	0.0344447	0.0721299	0.0310197	0.0253837	0.0448091	0.0158413	0.218557	0.0965516	0.0798388	0.0518293	0.0353891	0.00478343	0.0157822
91	0.144775	0.00678471	0.00314513	0.0202593	0.00513576	0.0382236	0.0100113	0.263931	0.00885992	0.141132	0.0683577	0.00791634	0.00263883	0.0437708	0.0230652	0.0437557	0.0126839	0.149378	0.00147255	0.00470314
92	0.0873916	0.00328161	0.0217548	0.0427074	0.0202568	0.0335946	0.050102	0.011804	0.105447	0.0217988	0.0293717	0.065722	0.00771085	0.0648582	0.225883	0.104885	0.0414	0.0202034	0.00774584	0.0340812
93	0.0477383	0.00483027	0.216851	0.32509	0.00587736	0.0191383	0.0348044	0.0139653	0.0335906	0.0201352	0.00985163	0.0378412	0.00244839	0.0721546	0.0255725	0.071389	0.0327606	0.00924634	0.00265211	0.0140632
94	0.0109962	0.0125971	0.000391153	0.00165073	0.0343436	0.000496481	0.00365202	0.106513	0.00143384	0.629649	0.114385	0.000603901	0.00292518	0.000690721	0.0023269	0.00114432	0.00365054	0.0657157	0.00140691	0.00542801
95	0.0245419	0.001602	0.0242622	0.135705	0.00552548	0.0031542	0.0124637	0.0205592	0.107431	0.00651426	0.0188388	0.0200661	0.00148775	0.230206	0.23931	0.0621992	0.0537885	0.029542	0.000738649	0.00206378
96	0.0511327	0.00414224	0.0283678	0.0314939	0.00934888	0.0318954	0.0389453	0.00652622	0.184928	0.0153219	0.0170471	0.0561213	0.00675761	0.0622177	0.32913	0.0689159	0.0252306	0.0107421	0.00560823	0.016127
97	0.124186	0.0198819	0.0246707	0.0313851	0.00963613	0.325801	0.0210844	0.0134834	0.0517417	0.0192797	0.0159795	0.037852	0.0122031	0.0371987	0.0926056	0.0825289	0.0314955	0.0308026	0.00624781	0.0119362
98	0.360598	0.202747	0.00109825	0.00179822	0.0024235	0.018839	0.00163698	0.0235378	0.00194983	0.0172309	0.00494232	0.0014152	0.0245797	0.00176308	0.00951868	0.0786731	0.0600919	0.181717	0.000811934	0.00462752
99	0.0317163	0.00646989	0.252394	0.265926	0.00540253	0.0254452	0.112931	0.011686	0.0266681	0.0137055	0.0205862	0.0249832	0.00303233	0.0849471	0.0173699	0.0491665	0.0234862	0.0112726	0.00189302	0.010919
100	0.0309739	0.0369823	0.000745297	0.00124779	0.0100037	0.00095463	0.00227044	0.379935	0.00318176	0.139075	0.0163712	0.000909579	0.00050834	0.00142422	0.00183207	0.00751811	0.0230948	0.337388	0.000987075	0.00459675
101	0.0201652	0.24132	0.00123034	0.00206376	0.00400603	0.00163994	0.00170671	0.157487	0.00187756	0.192667	0.0253272	0.00172333	0.00117886	0.0018123	0.00221656	0.00481686	0.0253597	0.311748	0.000463711	0.0011893
102	0.0378666	0.0315567	0.000521748	0.00082958	0.00383255	0.0012233	0.00152517	0.330532	0.00408927	0.104705	0.00832344	0.000886072	0.000442493	0.00111273	0.0019498	0.00968409	0.0222452	0.435892	0.000185028	0.00259814
103	0.43641	0.0688198	0.00214066	0.00382613	0.00412346	0.123144	0.00371329	0.0167378	0.00418939	0.0166513	0.0115281	0.00604686	0.0077786	0.00603471	0.00708377	0.151175	0.0428945	0.0821217	0.00159766	0.00398364
104	0.264965	0.166484	0.00280913	0.0058186	0.0061997	0.0186615	0.00523995	0.0299077	0.00664061	0.0218504	0.0112486	0.00647144	0.0184618	0.00615783	0.0139921	0.0733181	0.186847	0.146242	0.00255602	0.00612869
105	0.080631	0.0195481	0.0145155	0.0101521	0.0110349	0.0192549	0.00980807	0.014489	0.0146586	0.0224739	0.0127021	0.0133484	0.581655	0.0117237	0.0201462	0.0714011	0.0298106	0.0371925	0.00146295	0.00399126
106	0.051511	0.0198042	0.0197904	0.0142078	0.00221725	0.705917	0.00673181	0.00357071	0.0304915	0.00804418	0.00606589	0.0328792	0.00662498	0.0118802	0.0109214	0.0430396	0.0080404	0.0124293	0.00400862	0.00182431
107	0.0372074	0.00848031	0.0201584	0.0355407	0.0102608	0.0182195	0.0222376	0.014025	0.16284	0.0293956	0.0154579	0.0287572	0.00900234	0.0490086	0.420875	0.0535022	0.0266319	0.0205026	0.003908	0.0139884
108	0.00407227	0.00784387	0.000294419	0.000548659	0.0245469	0.000483911	0.00421451	0.0781955	0.00180443	0.682413	0.12512	0.000634692	0.00331262	0.000892567	0.00257155	0.00103616	0.00438487	0.0506411	0.000369213	0.00661957
109	0.0195935	0.0112157	0.0060529	0.00843195	0.0104727	0.0112298	0.00894695	0.153379	0.0212188	0.292903	0.055718	0.155421	0.00389945	0.0244629	0.0194048	0.058758	0.0209305	0.0752271	0.00203144	0.0407032
110	0.0429894	0.00532858	0.255637	0.279116	0.00515301	0.024846	0.0372652	0.0113587	0.0387163	0.0150734	0.00898865	0.039908	0.00580949	0.0721996	0.0249483	0.0747101	0.0315328	0.0119521	0.00238274	0.0120847
111	0.00570224	0.010921	0.000985154	0.00158657	0.124455	0.00294749	0.0129886	0.0785835	0.00229039	0.541393	0.137327	0.00120172	0.00276791	0.00191678	0.00451742	0.00250509	0.00566422	0.0493265	0.00200106	0.0109195
112	0.00471507	0.00817135	0.000284541	0.000617099	0.0258994	0.00039524	0.00407225	0.0846908	0.00146684	0.675551	0.122436	0.000418283	0.00318386	0.000461619	0.00224732	0.000779813	0.00390806	0.0540536	0.000608535	0.00603874
113	0.0429748	0.00488048	0.217574	0.320754	0.00612504	0.0198078	0.0366189	0.014543	0.0356968	0.0182986	0.00994552	0.0390808	0.00242231	0.07321	0.026526	0.073056	0.0314198	0.00969904	0.00279326	0.0145738
114	0.141879	0.0273359	0.0115889	0.0132233	0.00485647	0.0272609	0.00629078	0.0410001	0.0726269	0.0176046	0.0616706	0.0696934	0.00214102	0.0791098	0.112911	0.194451	0.0931521	0.0217403	0.000347953	0.00111543
115	0.00292173	0.00697282	0.0241541	0.0378825	0.00114587	0.400347	0.0240633	0.00316785	0.149856	0.00341837	0.0016747	0.200177	0.00633184	0.0364893	0.0644643	0.0208814	0.0113517	0.00322759	0.00044214	0.00103007
116	0.106285	0.0386648	0.00441606	0.0229801	0.00400146	0.00363652	0.0259493	0.0603319	0.125337	0.0093917	0.00545711	0.0619034	0.00379277	0.0293459	0.1272	0.0350362	0.122791	0.166975	0.00131515	0.0451896
117	0.0614671	0.044673	0.000850689	0.00116142	0.00392394	0.00133293	0.00217231	0.249718	0.00290623	0.0921863	0.011034	0.00124761	0.000792865	0.0015262	0.00189263	0.0147991	0.127784	0.377148	0.000489279	0.00289544
118	0.0653458	0.0044108	0.0535049	0.0613139	0.00238138	0.0711782	0.013758	0.00265025	0.0682667	0.0192438	0.00382276	0.0986221	0.0201891	0.0496882	0.035111	0.318237	0.0897601	0.0164532	0.00030878	0.00575374
119	0.00374425	0.00787312	0.000342137	0.000604495	0.0253752	0.000737544	0.00446804	0.0746706	0.00219548	0.677231	0.128944	0.000795497	0.00335851	0.00149979	0.00288114	0.00175252	0.00468901	0.0501519	0.000380078	0.00830578
120	0.0405791	0.00496937	0.0290093	0.0274464	0.00751046	0.0309515	0.0404969	0.00425236	0.205985	0.0153359	0.0147464	0.0495893	0.00621571	0.0584563	0.352712	0.0610053	0.0211235	0.00962665	0.00562778	0.0143602
121	0.053399	0.00395759	0.0348278	0.0416851	0.0104812	0.0356892	0.0374477	0.00601767	0.172168	0.0155925	0.0156249	0.0611938	0.00754182	0.0647807	0.287969	0.0876287	0.0306724	0.0112298	0.00560986	0.0164831
122	0.0631573	0.122121	0.00136519	0.00165776	0.00680417	0.00198952	0.00188286	0.125819	0.00250723	0.0754574	0.0219553	0.00190532	0.00140483	0.00196706	0.003138	0.0291592	0.139363	0.395982	0.000787813	0.00157585
123	0.0863306	0.00992786	0.0280595	0.0480162	0.00245668	0.0279208	0.0188279	0.0106691	0.092253	0.0211617	0.0073445	0.0718682	0.008401	0.0448929	0.0466246	0.308692	0.130778	0.0312773	0.000459644	0.00403787
124	0.0088789	0.00226344	0.00128962	0.00642906	0.344412	0.00189051	0.00636785	0.0108132	0.00180952	0.0188584	0.0131388	0.00557457	0.00127142	0.00205146	0.00261331	0.00511357	0.00502833	0.0167989	0.00802411	0.537373
125	0.012859	0.0122568	0.000637814	0.00174591	0.0354889	0.000688987	0.00452407	0.136722	0.00179708	0.546513	0.0970425	0.000891239	0.00257172	0.000972825	0.00315314	0.00177611	0.00685954	0.12484	0.00227446	0.00638395
126	0.14456	0.0888274	0.00160197	0.00305252	0.0073485	0.00775277	0.00353154	0.132573	0.00467638	0.0577914	0.0201828	0.00358684	0.00465674	0.00340868	0.00642239	0.0410553	0.118543	0.345165	0.00106688	0.00419726
127	0.00408785	0.0104631	0.00060457	0.000703797	0.0459672	0.00175477	0.00450252	0.0646913	0.0026658	0.617824	0.172537	0.00072923	0.00283118	0.000931381	0.00358954	0.00149809	0.00603638	0.0455389	0.000419905	0.0126232
128	0.0434694	0.00770897	0.265548	0.19624	0.00771228	0.0277646	0.0610273	0.0171511	0.0421775	0.0170244	0.0122139	0.0570065	0.00970506	0.0620811	0.0418242	0.0651368	0.03066	0.0194943	0.00260637	0.0134483
129	0.0474995	0.00664845	0.165617	0.246934	0.00953248	0.0361655	0.0340522	0.0171732	0.0547105	0.0207631	0.01321	0.0483902	0.0074107	0.0831451	0.0505213	0.0809203	0.0405577	0.0198212	0.00358137	0.0133464
130	0.405913	0.0475819	0.011525	0.0194823	0.00809879	0.0598227	0.00883192	0.0256562	0.0199205	0.0243673	0.01896	0.0139682	0.0196386	0.0188891	0.0225964	0.138497	0.0446054	0.0821022	0.00282851	0.00671438
131	0.0485782	0.00671647	0.142864	0.122626	0.0126606	0.0258223	0.0294399	0.017488	0.0917027	0.0247347	0.0162927	0.0567604	0.0099193	0.0826731	0.148301	0.080854	0.0412176	0.0231143	0.0038815	0.0143539
132	0.0348811	0.00403281	0.0155172	0.0212828	0.00660673	0.0168434	0.021766	0.00865015	0.270104	0.0214184	0.0104996	0.0254347	0.00642694	0.0387481	0.399539	0.0487094	0.0234273	0.0118048	0.00282671	0.0114803
133	0.0625303	0.0199313	0.0206495	0.0340197	0.0210517	0.0248225	0.0219889	0.0417575	0.0721994	0.0437637	0.0996286	0.0435304	0.00848986	0.0609484	0.149587	0.0939652	0.113693	0.0428723	0.0053693	0.019201
134	0.00634297	0.0119267	0.00145841	0.00222418	0.0819589	0.00371749	0.0075718	0.0779235	0.00380966	0.542524	0.147416	0.00317652	0.00283092	0.0042322	0.00694292	0.00422684	0.00856376	0.0502809	0.00309463	0.0297773
135	0.0464988	0.00507917	0.231126	0.259086	0.00532504	0.0316235	0.0344597	0.0110592	0.0435214	0.0138765	0.00874711	0.0461046	0.00724132	0.07384	0.0277627	0.0913062	0.0367054	0.0124243	0.0022261	0.011987
136	0.00456483	0.00898552	0.000447638	0.000533545	0.0263266	0.000632146	0.00444139	0.0726146	0.00229149	0.661003	0.146346	0.000620112	0.00314445	0.00127915	0.0025274	0.00126791	0.00552006	0.0497144	0.000320744	0.0074188
137	0.0517922	0.0205225	0.0159979	0.00582857	0.00153124	0.738833	0.00526914	0.00317634	0.0255747	0.00691577	0.00613871	0.0332151	0.00658258	0.00912607	0.00912433	0.0376683	0.00579095	0.0115795	0.00386359	0.00146921
138	0.0130907	0.00629528	0.00506867	0.00919706	0.529902	0.00633644	0.00904311	0.0407914	0.0067822	0.0563669	0.023303	0.0160012	0.00326835	0.00713706	0.0117906	0.017396	0.0149475	0.0202513	0.0230329	0.179998
139	0.0446896	0.00509927	0.221986	0.290179	0.00586778	0.0228544	0.0364995	0.0129745	0.042442	0.0162722	0.0103549	0.0419577	0.00522046	0.0751889	0.0320303	0.0761786	0.0335238	0.0114248	0.0022998	0.0129566
140	0.0378724	0.0144218	0.0509983	0.0157538	0.0135406	0.0127806	0.0171421	0.0234216	0.0671952	0.0721907	0.0136124	0.0211512	0.329135	0.0216205	0.0849427	0.0446819	0.0271131	0.116218	0.0046558	0.0115519
141	0.0563717	0.00443906	0.057449	0.136322	0.0363685	0.0296966	0.0272165	0.0186131	0.0700055	0.0261598	0.0219434	0.0492532	0.0124699	0.131365	0.106954	0.103613	0.0481565	0.0258883	0.00924326	0.0284712
142	0.0192542	0.0113946	0.00082811	0.00171456	0.0169966	0.00125805	0.00361027	0.550768	0.00163827	0.0988655	0.0380671	0.00144431	0.00064383	0.00408404	0.0043213	0.0031144	0.01791	0.215532	0.0022064	0.00634804
143	0.0280463	0.00230666	0.00599593	0.00612115	0.00410603	0.00629281	0.012834	0.00610226	0.34772	0.0246865	0.00659732	0.0101509	0.00345248	0.0178659	0.444859	0.0407189	0.0170974	0.0047585	0.00128936	0.00899819
144	0.0767884	0.00167935	0.0671892	0.12681	0.00904153	0.0331547	0.0168855	0.00509921	0.170117	0.0046358	0.00492969	0.0781163	0.00758373	0.0936461	0.0950275	0.12139	0.0633535	0.0153375	0.0010529	0.00816128
145	0.0135491	0.0127894	0.000580001	0.000741791	0.00643717	0.000732601	0.00190864	0.457722	0.0029284	0.0617374	0.0157354	0.000805815	0.000555745	0.00226723	0.00305636	0.00415191	0.0164666	0.394277	0.000205421	0.00335246
146	0.0454019	0.0466185	0.0012688	0.00754798	0.079282	0.00188686	0.00226736	0.23684	0.00194972	0.269147	0.0730232	0.00179251	0.00103008	0.00172846	0.00246603	0.00366535	0.00584955	0.208498	0.0079175	0.0018189
147	0.0653465	0.00816796	0.105814	0.102282	0.00556061	0.181442	0.0238961	0.0062653	0.0230461	0.00691761	0.0110229	0.0455193	0.0285698	0.0796307	0.0209221	0.220307	0.0406213	0.0174741	0.000487109	0.00670729
148	0.0771921	0.0234539	0.0446638	0.0602826	0.00678784	0.113525	0.029108	0.00916177	0.0305771	0.0118838	0.0119557	0.0463614	0.202466	0.049677	0.0172291	0.164708	0.072935	0.0196393	0.000818027	0.00757484
149	0.0639186	0.00351669	0.17167	0.221555	0.00518814	0.0217486	0.0310964	0.0110842	0.0869512	0.0106097	0.00649114	0.0411135	0.00968848	0.0887149	0.0297641	0.076205	0.0765859	0.0340285	0.00158247	0.00848768
150	0.0502937	0.0498527	0.0163542	0.020372	0.0435134	0.0180082	0.0854566	0.0446808	0.0798624	0.0355223	0.0275774	0.0286122	0.0104969	0.0344046	0.208306	0.0451556	0.033936	0.0540299	0.0051537	0.108411
151	0.0524527	0.0164639	0.0500293	0.0976544	0.0134099	0.0208625	0.0239979	0.0382154	0.0712343	0.0298307	0.0277593	0.0394372	0.0160232	0.218321	0.0970996	0.0717518	0.0557789	0.0412638	0.00331633	0.0150976
152	0.0347418	0.0464042	0.00159573	0.0019353	0.00490194	0.00201909	0.0026738	0.0541366	0.00294107	0.0228805	0.0106163	0.00252731	0.00160173	0.00238812	0.00333773	0.0404847	0.569762	0.188945	0.00455405	0.00155234
153	0.00341326	0.00756899	0.000249545	0.000419743	0.0235472	0.00034196	0.00412282	0.0768492	0.00149666	0.688058	0.125261	0.000387657	0.00335032	0.000482288	0.00231867	0.000760472	0.00402176	0.0507598	0.000183529	0.00640712
154	0.00474801	0.0115612	0.00074215	0.00090415	0.0436404	0.00142205	0.00460531	0.062186	0.0034575	0.604433	0.187315	0.000953594	0.00276603	0.00113546	0.00349051	0.00177344	0.00802525	0.0438359	0.000325791	0.0126793
155	0.00389113	0.00268517	0.00111668	0.00160562	0.650604	0.0020348	0.00154621	0.0323601	0.00185694	0.0321759	0.00443011	0.0157558	0.00128455	0.00185813	0.0027413	0.0101614	0.0102675	0.00575024	0.0284379	0.189437
156	0.0178112	0.021624	0.00571729	0.00618616	0.00463733	0.00555244	0.00835609	0.0192259	0.018016	0.0145412	0.0161841	0.0141264	0.00638996	0.00942788	0.0124565	0.167598	0.610433	0.0321338	0.00588601	0.00369679
157	0.423206	0.0523081	0.00866394	0.0147799	0.00691613	0.0658109	0.00764368	0.025055	0.0139632	0.0226204	0.0188437	0.0116568	0.0221559	0.0155069	0.019664	0.148468	0.0396312	0.0747769	0.00204188	0.00628787
158	0.0329139	0.0260808	0.0127251	0.0177848	0.00576971	0.00828318	0.0100498	0.0340307	0.0237524	0.0202855	0.0131902	0.0155249	0.00596216	0.0160162	0.0195731	0.0773582	0.596259	0.0530051	0.00634774	0.00508729
159	0.0232493	0.0175248	0.00853678	0.0146446	0.305297	0.0115192	0.0170978	0.0958973	0.0141982	0.0963507	0.0959588	0.015718	0.00550602	0.0163523	0.0261695	0.0247453	0.0199154	0.0548308	0.0696565	0.0668317
160	0.0580959	0.0180327	0.0211471	0.0216482	0.0110597	0.022558	0.0155546	0.0148734	0.053319	0.0317996	0.0125575	0.030121	0.409365	0.0292429	0.103073	0.0636217	0.0319903	0.0391121	0.00300065	0.00982764
161	0.0436117	0.00469987	0.0282421	0.0343332	0.00774405	0.0270619	0.0389003	0.00598916	0.207409	0.0145476	0.0145529	0.0493289	0.00827146	0.0637006	0.329096	0.0608685	0.029236	0.0137709	0.00504574	0.0135903
162	0.0540326	0.0047977	0.190719	0.267651	0.00555539	0.0526422	0.0309663	0.0110819	0.0365199	0.0146967	0.010503	0.0429817	0.00951057	0.0770853	0.0265369	0.100562	0.0397978	0.0111362	0.00184295	0.0113808
163	0.00988842	0.00842345	0.000583249	0.000617591	0.00678325	0.000722667	0.00170511	0.454269	0.00285725	0.0507478	0.0162374	0.000753449	0.000396209	0.00225753	0.00271458	0.00278916	0.0153063	0.419064	0.000306368	0.00357662
164	0.0237373	0.00165312	0.0203308	0.154917	0.00552072	0.00133047	0.00799097	0.0187295	0.115544	0.00575169	0.0111472	0.014931	0.00106557	0.297454	0.19179	0.0449855	0.0444797	0.0371	0.000498284	0.00104286
165	0.142646	0.0162814	0.0160137	0.0183027	0.00936666	0.0305793	0.00608113	0.0384953	0.0758385	0.0168335	0.051457	0.0830923	0.00325744	0.0962175	0.14306	0.138932	0.0898447	0.0175278	0.00117696	0.00499581
166	0.0119179	0.0112857	0.000422238	0.00158072	0.0353353	0.00077247	0.00373235	0.104861	0.00163782	0.623013	0.118162	0.000620683	0.00284136	0.000659246	0.00229181	0.00126772	0.00449948	0.0674197	0.00214371	0.00553583
167	0.463393	0.0387444	0.0049746	0.00812776	0.00459743	0.0823764	0.00524527	0.012538	0.0125767	0.0127185	0.0143441	0.0116888	0.00801799	0.013949	0.0136108	0.216531	0.0295271	0.0415816	0.00127945	0.00417797
168	0.0852696	0.00160316	0.0248096	0.0603112	0.0305926	0.0346445	0.0439495	0.014404	0.0760254	0.0280581	0.0288654	0.0690695	0.00875916	0.0803502	0.185997	0.115072	0.0437932	0.0180801	0.0109619	0.0393836
169	0.0395659	0.00527173	0.282116	0.295876	0.00391354	0.0197747	0.037294	0.0106865	0.0367622	0.0134191	0.0076795	0.033272	0.00340002	0.0705361	0.019679	0.0713912	0.0264605	0.00901466	0.00185001	0.0120379
170	0.00389113	0.00268517	0.00111668	0.00160562	0.650604	0.0020348	0.00154621	0.0323601	0.00185694	0.0321759	0.00443011	0.0157558	0.00128455	0.00185813	0.0027413	0.0101614	0.0102675	0.00575024	0.0284379	0.189437
171	0.0225787	0.0901199	0.00469171	0.0132547	0.00750766	0.00698934	0.00718756	0.0877635	0.0111362	0.185882	0.17558	0.0305867	0.00437662	0.220512	0.0120279	0.0227456	0.0531561	0.0339088	0.00194407	0.00805081
172	0.14697	0.0420101	0.00376795	0.0230439	0.00292084	0.0131069	0.047493	0.0263372	0.037277	0.0255728	0.0170377	0.0401001	0.00254659	0.0445545	0.042091	0.32292	0.109305	0.0496676	0.000479578	0.0027982
173	0.434495	0.10266	0.00143577	0.00390405	0.0052749	0.0468846	0.00269191	0.0222124	0.00278951	0.0182334	0.0116095	0.00240447	0.0140645	0.00181104	0.00694636	0.102199	0.0652611	0.148122	0.00166134	0.00533847
174	0.0505777	0.0604296	0.00908875	0.00464282	0.0133557	0.0143227	0.0359269	0.0449287	0.00583459	0.0208761	0.0169172	0.0820603	0.00906468	0.00773245	0.0252087	0.329693	0.170755	0.0838245	0.00093573	0.0138249
175	0.0679014	0.0030432	0.0344941	0.0779606	0.0298034	0.020849	0.0442035	0.0192684	0.117626	0.0306129	0.0196114	0.0546631	0.0129564	0.0851509	0.136951	0.102527	0.0695185	0.0274824	0.0104966	0.0348799
176	0.047137	0.00612362	0.151448	0.0215589	0.00339904	0.0147266	0.00957994	0.00626324	0.0383797	0.0339882	0.00426014	0.281891	0.00943008	0.0161144	0.060359	0.208272	0.0681054	0.0143832	0.00102462	0.00355568
177	0.00245652	0.00368519	0.000503433	0.000539701	0.00824202	0.000612509	0.000655537	0.335368	0.00367971	0.0339124	0.00833135	0.0006131	0.000380197	0.000941107	0.00169002	0.00172986	0.00704659	0.588698	0.000191746	0.000723212
178	0.0430276	0.011896	0.0124727	0.0281058	0.00548253	0.00131457	0.0374446	0.0353712	0.204588	0.0209353	0.0024747	0.0319489	0.0124228	0.0721382	0.0808637	0.0863536	0.258585	0.0520741	0.00028457	0.00221537
179	0.0589548	0.0190688	0.0375999	0.0536302	0.0147857	0.0485175	0.0293839	0.0268941	0.0487268	0.0363511	0.02422	0.0503589	0.120224	0.169138	0.0621538	0.0920517	0.0530755	0.0337037	0.00446552	0.0166967
180	0.00756101	0.0023796	0.013083	0.0217191	0.0331534	0.00197161	0.085081	0.331576	0.036824	0.0521109	0.0319126	0.0153807	0.00179653	0.0182377	0.0613118	0.00547387	0.0207136	0.205694	0.00760758	0.0464116
181	0.00213785	0.0035762	0.000496246	0.000554795	0.00853116	0.000595726	0.000574659	0.327918	0.00375246	0.0336639	0.00785659	0.000621486	0.000383639	0.000857506	0.00174017	0.00170145	0.00665904	0.597696	0.000192312	0.000491588
182	0.0406718	0.00547229	0.212367	0.331068	0.00676518	0.0176584	0.0386564	0.0164381	0.0332329	0.0199926	0.0116263	0.0359328	0.00215471	0.071597	0.0271754	0.0691321	0.0308524	0.010652	0.00273042	0.0158244
183	0.00911027	0.00315395	0.0100707	0.00809759	0.0779262	0.00144813	0.054514	0.319642	0.0130298	0.124177	0.0395133	0.0119438	0.00120208	0.00979392	0.0317053	0.00359034	0.0190593	0.191995	0.0219835	0.048044
184	0.0200772	0.241369	0.00122925	0.00210288	0.00407882	0.00163836	0.00170928	0.157162	0.00186328	0.192945	0.0254167	0.00173853	0.00118812	0.00181316	0.00221542	0.00478171	0.0254584	0.311561	0.000463566	0.00118762
185	0.0612755	0.00613765	0.128268	0.161403	0.00474074	0.0985835	0.0268345	0.00675225	0.0242608	0.0113446	0.0204222	0.0498394	0.0361577	0.0924404	0.0214786	0.147395	0.0772221	0.0175787	0.000793336	0.0070724
186	0.00308342	0.00734343	0.000254282	0.000343203	0.023196	0.000350322	0.00414172	0.0750897	0.00150975	0.691155	0.126201	0.000385749	0.00338335	0.000444164	0.00232045	0.000734422	0.00401646	0.0494231	0.000140938	0.00648391
187	0.0299066	0.0196669	0.00737989	0.0149497	0.021088	0.0242822	0.0132954	0.103709	0.0638356	0.224107	0.102952	0.0482694	0.00117335	0.0800696	0.0302983	0.0524791	0.0435425	0.0712996	0.000565476	0.0471309
188	0.0672747	0.000596996	0.079173	0.140026	0.00802791	0.0396719	0.0160238	0.00124651	0.170458	0.0011256	0.000983328	0.0898955	0.00804311	0.0920066	0.0848688	0.125684	0.0543823	0.013089	0.000308465	0.00711467
189	0.00795666	0.00272833	0.0112577	0.00819772	0.0796541	0.00146293	0.0560166	0.316952	0.0130292	0.122442	0.0369397	0.0114677	0.00122146	0.00974148	0.0330508	0.00371738	0.0206263	0.187797	0.0220233	0.0537174
190	0.00308342	0.00734343	0.000254282	0.000343203	0.023196	0.000350322	0.00414172	0.0750897	0.00150975	0.691155	0.126201	0.000385749	0.00338335	0.000444164	0.00232045	0.000734422	0.00401646	0.0494231	0.000140938	0.00648391
191	0.0669099	0.000614214	0.0789615	0.140198	0.00801302	0.0395321	0.0159923	0.00134111	0.170195	0.00113697	0.00102994	0.0896598	0.00800456	0.0927119	0.085284	0.125487	0.054375	0.0131736	0.000309649	0.00707087
192	0.0665039	0.0149371	0.0761031	0.0892351	0.0065255	0.177612	0.0304616	0.00721341	0.0282232	0.00956239	0.0139228	0.0680141	0.0517953	0.0782805	0.0169446	0.182665	0.0542711	0.0159634	0.000512949	0.0112535
