291	20
1	0.0238577	0.00364413	0.0205413	0.0379617	0.00102318	0.00486126	0.00783843	0.065162	0.226424	0.0301686	0.0828033	0.0369846	0.00434949	0.0556602	0.203419	0.050574	0.0995027	0.0416602	0.000796685	0.00276716
2	0.127713	0.00573083	0.000745134	0.00109074	0.0266215	0.00654448	0.00343176	0.208873	0.00362313	0.0777557	0.0201166	0.00866337	0.0110507	0.00181466	0.00476713	0.0202926	0.0259557	0.441205	0.00312134	0.000883155
3	0.00835001	0.0151289	0.00345454	0.00658451	0.131562	0.000811561	0.116803	0.00701013	0.00656539	0.0162326	0.000893506	0.0261682	0.000623756	0.0132465	0.00678573	0.0241174	0.0134674	0.00176177	0.00777979	0.592654
4	0.36456	0.0204124	0.00288941	0.00216828	0.00221784	0.330695	0.00199831	0.0178249	0.00219308	0.0172518	0.00988961	0.00368086	0.00156762	0.00230819	0.00365909	0.0458211	0.0589402	0.10675	0.00319597	0.00197639
5	0.0391775	0.000956981	0.00822039	0.0186624	0.0219514	0.0086024	0.00329239	0.123468	0.00743617	0.25394	0.0939665	0.0171928	0.00889943	0.0840239	0.046461	0.0634084	0.0519034	0.144733	0.00203557	0.00166898
6	0.207933	0.00423378	0.00503674	0.00708119	0.0813989	0.2473	0.00645125	0.030976	0.0251623	0.0312082	0.00621363	0.0082752	0.00527383	0.00607184	0.00994642	0.0776474	0.0125087	0.078577	0.00334808	0.145356
7	0.0164561	0.00285602	0.0151392	0.00444749	0.098436	0.00529632	0.029415	0.0763442	0.00475233	0.293446	0.189879	0.0451122	0.0034866	0.0596011	0.0087617	0.0362949	0.0486807	0.0304006	0.00840409	0.0227902
8	0.0378154	0.424119	0.0339632	0.00958303	0.0330538	0.0270449	0.0319338	0.0256569	0.0138696	0.0303052	0.00796741	0.0118147	0.00693875	0.00918989	0.0560331	0.133018	0.0185959	0.0258414	0.0097318	0.0535241
9	0.072836	0.282458	0.0185904	0.0119525	0.0700256	0.0235466	0.0195636	0.0252605	0.00828647	0.0524342	0.013066	0.0076191	0.011831	0.00791068	0.0304464	0.145288	0.0302139	0.0725258	0.00889444	0.0872503
10	0.0171493	0.00121737	0.00443976	0.00209945	0.086631	0.00208706	0.0262337	0.10487	0.00211537	0.284753	0.200277	0.0167451	0.00168885	0.0373999	0.00753915	0.0288476	0.0880975	0.0379633	0.010712	0.039134
11	0.114148	0.00583477	0.000720686	0.000908471	0.0286984	0.00645577	0.00354033	0.213559	0.00355514	0.0792979	0.0196399	0.0090516	0.0118404	0.00127623	0.00498905	0.0196012	0.022473	0.450621	0.00299903	0.000789962
12	0.0183975	0.0328153	0.00865046	0.0233011	0.0308528	0.017746	0.248161	0.0188439	0.0638933	0.0390876	0.00333362	0.0689287	0.00396666	0.10683	0.118738	0.0575917	0.0239721	0.0172474	0.0053835	0.0922583
13	0.0209643	0.0278831	0.00364304	0.00790787	0.146397	0.00297299	0.0969827	0.010836	0.00645352	0.030302	0.00395837	0.0221463	0.00368332	0.0115423	0.00717899	0.0413016	0.0257705	0.0199677	0.00754379	0.502565
14	0.40655	0.00150373	0.015036	0.00221287	0.00226823	0.0476631	0.00255148	0.00375797	0.00232681	0.0042467	0.00765927	0.00262753	0.00782513	0.00224468	0.00405465	0.26786	0.187079	0.0218807	0.00148695	0.00916596
15	0.0159806	0.00239146	0.0969472	0.047855	0.00499559	0.00468103	0.00314246	0.0520175	0.0795393	0.030861	0.0141529	0.094028	0.0118835	0.0141695	0.112955	0.0747093	0.298871	0.0172484	0.00135415	0.0222165
16	0.00956007	0.000438624	0.000594294	0.000918661	0.00916807	0.000785984	0.000707447	0.487368	0.000785061	0.0998859	0.0291217	0.000841397	0.00205516	0.000789786	0.0083325	0.00273486	0.0118771	0.330829	0.0025613	0.000644347
17	0.00835001	0.0151289	0.00345454	0.00658451	0.131562	0.000811561	0.116803	0.00701013	0.00656539	0.0162326	0.000893506	0.0261682	0.000623756	0.0132465	0.00678573	0.0241174	0.0134674	0.00176177	0.00777979	0.592654
18	0.365057	0.0206373	0.00279228	0.00216027	0.00218604	0.331607	0.00197857	0.0176734	0.00218747	0.0172234	0.00972843	0.0036778	0.00155608	0.00223521	0.00365685	0.0461277	0.059046	0.105318	0.00322033	0.00193117
19	0.0175209	0.00135742	0.00463853	0.00205259	0.0848131	0.00196995	0.0270617	0.0987387	0.00226036	0.293775	0.210775	0.0163636	0.0018864	0.0355907	0.00732926	0.0287416	0.0760336	0.0407146	0.0125846	0.0357921
20	0.317462	0.00152438	0.00257529	0.004921	0.0040208	0.0172561	0.00216136	0.0357535	0.00243714	0.0416047	0.0501075	0.0028286	0.00168657	0.01543	0.00465135	0.027989	0.0993797	0.365023	0.00123461	0.00195336
21	0.0204496	0.00664744	0.0193676	0.209838	0.00162235	0.0110736	0.103662	0.00377026	0.0851439	0.0249186	0.0025042	0.0251958	0.00185755	0.357248	0.0612097	0.0275921	0.00400601	0.0132631	0.0148232	0.00580617
22	0.03858	0.329717	0.0268262	0.0123818	0.0545553	0.024373	0.0269081	0.0708803	0.0144027	0.0594758	0.0184887	0.0117824	0.00942567	0.0119181	0.0470272	0.0971184	0.0273732	0.0530244	0.0105441	0.0551976
23	0.105307	0.00420668	0.020244	0.0301328	0.00723798	0.0112508	0.00463676	0.0995003	0.0142768	0.0354449	0.0684311	0.0312833	0.0150567	0.0129432	0.039973	0.150101	0.249451	0.0710811	0.013682	0.01576
24	0.0493902	0.00174823	0.0183633	0.0905283	0.00690844	0.0147458	0.0293913	0.0234434	0.159749	0.0740911	0.0062108	0.0111888	0.120995	0.106509	0.163745	0.0315954	0.0353072	0.0419337	0.00701254	0.00714358
25	0.0206927	0.0102477	0.366949	0.0800506	0.00316639	0.0529924	0.0419496	0.00799911	0.0292146	0.00509536	0.00183734	0.186465	0.00164734	0.0147129	0.0144635	0.0839992	0.0444421	0.00969014	0.000929816	0.0234558
26	0.00462207	0.00326813	0.000852511	0.00729639	0.0174958	0.00104952	0.0010962	0.29276	0.00605882	0.476131	0.0833483	0.00108742	0.000878993	0.00457925	0.00559693	0.00280488	0.00815695	0.0756005	0.00052528	0.00679101
27	0.082503	0.00429434	0.0572119	0.0229236	0.00391457	0.0204473	0.00875096	0.0253973	0.0198848	0.0238741	0.00998928	0.0701141	0.0197463	0.00950463	0.0304852	0.254629	0.313035	0.0143063	0.000650519	0.00833809
28	0.108133	0.00132574	0.00957184	0.0192339	0.0256245	0.0187618	0.012521	0.039346	0.00577364	0.0957954	0.016082	0.00301187	0.357239	0.0576415	0.0329231	0.0741417	0.04111	0.0562603	0.0106382	0.014865
29	0.0148632	0.0046787	0.00707484	0.00942317	0.00956989	0.0809551	0.0433546	0.0883084	0.0095282	0.0151928	0.00860592	0.213353	0.00646622	0.00865955	0.102818	0.194993	0.0450712	0.0659263	0.0626852	0.00847258
30	0.102827	0.328838	0.0296179	0.0124488	0.0333503	0.0420435	0.0253674	0.0296521	0.0120758	0.0333015	0.00950517	0.0135346	0.0154979	0.00855479	0.0395845	0.140308	0.0274888	0.0400497	0.00938088	0.0465734
31	0.00849519	0.00419892	0.0295364	0.00409712	0.0877247	0.0423158	0.0311047	0.048125	0.00529693	0.0459311	0.0164657	0.0583548	0.00377231	0.00417722	0.0333343	0.212149	0.141557	0.0539716	0.0156415	0.153751
32	0.0177255	0.00146508	0.0010632	0.0022391	0.19774	0.00360644	0.0179762	0.15796	0.0017512	0.335389	0.0529312	0.00632694	0.0109385	0.00469794	0.00312915	0.0319876	0.0137816	0.0996146	0.00374056	0.035936
33	0.0284041	0.00328316	0.0187584	0.0976958	0.0015326	0.0086116	0.0294653	0.0219203	0.235535	0.0497326	0.0156827	0.0196142	0.0150558	0.13644	0.218901	0.0211621	0.0345752	0.0279885	0.0104355	0.00520709
34	0.00460735	0.0176769	0.000819428	0.0031501	0.590635	0.00419557	0.0107949	0.0267583	0.00103125	0.0556912	0.0205555	0.00404411	0.000866101	0.00175494	0.0064338	0.0195742	0.00767395	0.0157007	0.0210603	0.186977
35	0.0501649	0.000625364	0.164507	0.472504	0.00109053	0.035339	0.0232311	0.00188471	0.039783	0.00952619	0.00826539	0.0128609	0.0151396	0.111931	0.0122027	0.0105948	0.0129719	0.0156868	0.00048875	0.00120337
36	0.0245906	0.00242066	0.0336648	0.00562091	0.0476285	0.0405129	0.00311254	0.13058	0.028911	0.131537	0.0171794	0.0472914	0.0361427	0.00351747	0.00688611	0.0989656	0.165681	0.169128	0.00240078	0.00422935
37	0.1118	0.0045803	0.0169214	0.0257759	0.0346101	0.0456522	0.00480923	0.113228	0.0398569	0.0975351	0.048814	0.0155028	0.0307282	0.0131947	0.0271383	0.0883287	0.0946547	0.160859	0.0118786	0.0141316
38	0.0348814	0.00181439	0.00304701	0.00360094	0.0130415	0.00342486	0.002911	0.335649	0.0130518	0.0177352	0.00386755	0.013802	0.00254543	0.0136992	0.0143389	0.0178478	0.138334	0.342761	0.00158553	0.0220612
39	0.11666	0.0058252	0.000695026	0.000899998	0.0281009	0.00634961	0.00339224	0.213456	0.00352862	0.0796038	0.0192787	0.00888469	0.0116005	0.00130451	0.00489665	0.0207493	0.0234929	0.447154	0.00330186	0.000825456
40	0.114683	0.00600693	0.000716956	0.000892013	0.0285789	0.00655912	0.00357116	0.213956	0.00359647	0.0796985	0.0199806	0.00917607	0.0115958	0.00125921	0.00499161	0.0194849	0.0225358	0.448916	0.00302309	0.000778468
41	0.134431	0.00122907	0.00929121	0.0126198	0.0167484	0.0139764	0.00906066	0.0439723	0.00543085	0.0854533	0.00918873	0.00201962	0.393898	0.0320288	0.0151117	0.0808385	0.0561793	0.0634236	0.00573254	0.00936581
42	0.074469	0.0358234	0.00721118	0.00984589	0.0866091	0.0627935	0.00983713	0.0687211	0.0344821	0.0889271	0.0317146	0.0109505	0.0437209	0.00556683	0.0152933	0.168715	0.122768	0.0520247	0.00598403	0.0645427
43	0.0637759	0.00961743	0.00547501	0.0226493	0.114096	0.0112115	0.0109111	0.0851014	0.0107574	0.228842	0.062036	0.00918965	0.0289728	0.0192069	0.0305751	0.108275	0.0264676	0.11378	0.0204628	0.0185977
44	0.0135962	0.00946438	0.0106815	0.12457	0.0223203	0.0128933	0.0714729	0.0228806	0.0940967	0.107405	0.00589464	0.035975	0.00468675	0.169262	0.127857	0.0643719	0.0333684	0.0600058	0.00188833	0.00730811
45	0.00745106	0.0172911	0.000852286	0.00286441	0.560151	0.0041881	0.011499	0.04194	0.00106403	0.0729209	0.0255745	0.00371456	0.00136283	0.00160887	0.00584602	0.0186315	0.00852787	0.0232101	0.0186867	0.172615
46	0.0235779	0.0125341	0.400397	0.085675	0.000937968	0.0436904	0.038425	0.00864165	0.0492563	0.00572981	0.000716985	0.201673	0.000540769	0.02385	0.0121151	0.0509811	0.0234048	0.00839262	0.000293355	0.00916719
47	0.0124815	0.00107143	0.0011718	0.00203751	0.180883	0.00400318	0.0200992	0.133465	0.00156377	0.399096	0.0354416	0.00861724	0.0165884	0.00566689	0.00329432	0.0384966	0.0106279	0.094672	0.00406215	0.0266606
48	0.11427	0.0054153	0.0950394	0.144904	0.00397347	0.0783087	0.0196223	0.0117608	0.0626608	0.0165589	0.0102613	0.062831	0.0282494	0.0316334	0.074342	0.132971	0.0565759	0.0432616	0.00333624	0.00402494
49	0.108401	0.00334924	0.0312133	0.0252018	0.00198671	0.0108112	0.00344708	0.0778963	0.0154571	0.0177788	0.0429703	0.0343077	0.0203978	0.0142725	0.0237648	0.188648	0.303334	0.0671894	0.00387742	0.00569449
50	0.00981356	0.000450454	0.000593631	0.000919347	0.00921006	0.000803773	0.00070826	0.486373	0.00078956	0.0999865	0.0291468	0.000855006	0.002106	0.000793874	0.00834709	0.00274996	0.0119234	0.331231	0.00255607	0.000642891
51	0.0338009	0.0012917	0.0226906	0.115791	0.00182063	0.00734763	0.0291963	0.0221921	0.230158	0.0677498	0.00435396	0.0122528	0.0226589	0.131266	0.193677	0.0198843	0.0319345	0.0388082	0.00714657	0.00597822
52	0.180677	0.00102416	0.0671119	0.0584994	0.0217369	0.0155158	0.00506891	0.074298	0.0208951	0.0573167	0.0446498	0.0254105	0.00675735	0.0106989	0.0219781	0.0581545	0.120722	0.205666	0.00170125	0.00211717
53	0.3854	0.00310762	0.0157776	0.00417026	0.00486872	0.0447355	0.00388765	0.00669197	0.00518572	0.00674875	0.00742117	0.0080285	0.0385803	0.00328536	0.00641002	0.250162	0.175632	0.0206513	0.00147597	0.00777994
54	0.0986346	0.010887	0.04687	0.0345147	0.0163622	0.0336731	0.0206092	0.052016	0.0365181	0.049718	0.0261482	0.0510433	0.0271659	0.0212556	0.0434858	0.135197	0.208244	0.0612169	0.00588621	0.0205539
55	0.0233832	0.0137985	0.386465	0.0815297	0.00107	0.0454498	0.0375499	0.0088156	0.0497924	0.00514452	0.000801762	0.215969	0.000627938	0.0224231	0.0125926	0.050891	0.0251389	0.00830202	0.000288963	0.00996587
56	0.0225484	0.0140537	0.348013	0.075656	0.00169573	0.0481998	0.0366225	0.0101854	0.0545483	0.00445284	0.00136872	0.243683	0.00115293	0.0191596	0.0124391	0.0524411	0.0324993	0.00760784	0.000326814	0.0133457
57	0.00904195	0.0193966	0.00298621	0.0108491	0.337924	0.00292855	0.0642528	0.017855	0.00610089	0.0370057	0.0107375	0.0167025	0.00143799	0.0101805	0.0105308	0.0252599	0.0120798	0.0134148	0.0135989	0.377717
58	0.232533	0.0901809	0.0380132	0.00519112	0.00519888	0.0112773	0.0227208	0.00979455	0.00508321	0.0420103	0.00547038	0.00527181	0.0132014	0.00405923	0.0139898	0.444475	0.0154861	0.0268369	0.00211981	0.00708701
59	0.0959343	0.00810079	0.113361	0.196145	0.00440723	0.0732767	0.0195392	0.0124366	0.0585052	0.0181444	0.00832219	0.0629755	0.0132577	0.0331619	0.0672236	0.105085	0.0537429	0.0479305	0.00348912	0.00496127
60	0.0263762	0.006799	0.013574	0.0166943	0.00604369	0.0364065	0.0463146	0.0272243	0.122987	0.0128119	0.0201738	0.246111	0.00490865	0.0300845	0.163991	0.0982438	0.0760437	0.0145489	0.00419039	0.0264729
61	0.0213251	0.00302041	0.0182921	0.0380705	0.00104307	0.0043293	0.00811966	0.0576804	0.301711	0.0274582	0.0811159	0.0312438	0.00372652	0.0504764	0.188546	0.039555	0.086639	0.0329317	0.000839514	0.0038765
62	0.00536709	0.00244322	0.000781454	0.0056794	0.0140781	0.000955811	0.00089984	0.353801	0.00483464	0.387093	0.0652655	0.000994367	0.000916396	0.00359851	0.00565898	0.00252073	0.00900309	0.130057	0.000991659	0.00506014
63	0.0458154	0.0104771	0.0791614	0.0716471	0.00402271	0.52898	0.0107535	0.00946714	0.0244928	0.00663325	0.00893303	0.0331017	0.00456368	0.0183232	0.0552651	0.0405915	0.0213242	0.0130174	0.00847153	0.00495855
64	0.0201384	0.00675354	0.0195269	0.210556	0.00126914	0.0110803	0.10459	0.00288117	0.0870446	0.0220984	0.00187493	0.0253321	0.0017452	0.360805	0.0617167	0.0270435	0.00330603	0.0123076	0.0142353	0.00569534
65	0.155749	0.0126166	0.0246785	0.0187355	0.00553786	0.548656	0.00383967	0.0154642	0.00932514	0.0105921	0.00845441	0.00987958	0.00404672	0.00649476	0.0278518	0.0466496	0.0325475	0.0440369	0.00971894	0.00512489
66	0.0797114	0.00929704	0.033171	0.0390095	0.00501232	0.590148	0.00578447	0.0133591	0.0183698	0.00982125	0.0102903	0.0112077	0.00620273	0.0136258	0.0555523	0.0411026	0.0221728	0.0213062	0.0112828	0.00357269
67	0.00857593	0.0164622	0.00278413	0.00609127	0.266305	0.00202851	0.0817756	0.0125477	0.00538873	0.0268509	0.00653223	0.0188576	0.00117972	0.0128499	0.00698097	0.0270301	0.0128591	0.00725673	0.0109228	0.466721
68	0.0770307	0.0133358	0.0316403	0.0207484	0.00950149	0.545799	0.0104492	0.0218114	0.0148383	0.0128642	0.0106268	0.0240111	0.00733343	0.0103282	0.0373812	0.0540075	0.0276438	0.0269408	0.0351344	0.00857456
69	0.22758	0.00246203	0.0987799	0.108102	0.0121414	0.0239879	0.0172983	0.0437902	0.0136584	0.0201369	0.0101558	0.0394792	0.0479751	0.0308541	0.0250334	0.108792	0.0677594	0.0975276	0.00181192	0.0026747
70	0.0447094	0.0107895	0.0273996	0.0678339	0.0130258	0.0261062	0.0265818	0.0471458	0.140255	0.0464942	0.0292301	0.0400558	0.0155076	0.0606667	0.141191	0.0923141	0.0671784	0.0863541	0.00672213	0.0104391
71	0.00711441	0.0147565	0.00270883	0.00710278	0.24789	0.00148454	0.0881721	0.0114017	0.00491705	0.0257246	0.00532551	0.0200857	0.000651048	0.0103427	0.00662281	0.022158	0.0113838	0.00479421	0.0107199	0.496644
72	0.00227614	0.0110821	0.00447643	0.0143931	0.000803226	0.0155933	0.0060188	0.0153472	0.39074	0.00707435	0.00427792	0.0220822	0.00817975	0.0397857	0.39382	0.0141593	0.0329761	0.00446732	0.00868475	0.0037622
73	0.0853787	0.00896382	0.055109	0.0434166	0.00357876	0.578915	0.00663155	0.0115553	0.0138882	0.00721699	0.007433	0.0191032	0.00493514	0.0126659	0.0341532	0.0493387	0.0244986	0.0174961	0.0117504	0.00397186
74	0.0198148	0.00222251	0.00323873	0.00389253	0.0157633	0.00393707	0.015715	0.162996	0.146363	0.0880673	0.0486942	0.00371986	0.00278169	0.0272721	0.062675	0.0214978	0.21989	0.122538	0.0134171	0.0155038
75	0.0119331	0.00485938	0.00131443	0.00222359	0.267932	0.00413714	0.0160438	0.110104	0.00154757	0.334596	0.0407392	0.0076644	0.0106683	0.00475387	0.00399555	0.0358233	0.0107053	0.0735945	0.00709612	0.0502681
76	0.0966428	0.0011125	0.0102209	0.0235423	0.0275975	0.0170325	0.00934584	0.0351314	0.0038285	0.0997144	0.0139912	0.00231747	0.377647	0.0673869	0.0268434	0.0742681	0.0379725	0.047626	0.0133598	0.0144191
77	0.0148314	0.011052	0.405563	0.0670303	0.00221215	0.0477114	0.0447777	0.00644883	0.0250704	0.00335322	0.000903132	0.197077	0.000718219	0.0140597	0.00922064	0.0864531	0.0352145	0.00722896	0.000404922	0.0206698
78	0.0146402	0.00109793	0.0366748	0.140273	0.00172188	0.504575	0.00757281	0.00319518	0.0451827	0.00331808	0.0161457	0.0136264	0.00667523	0.0343203	0.119211	0.0135112	0.0203421	0.0146514	0.00144276	0.0018227
79	0.0337874	0.00130966	0.0231166	0.115728	0.00188544	0.00721195	0.0300442	0.0214821	0.227062	0.0680746	0.00431847	0.012377	0.0225334	0.134861	0.192776	0.0202418	0.0319908	0.038234	0.00727954	0.00568627
80	0.0502432	0.000636719	0.16407	0.472788	0.00109639	0.0351871	0.0232095	0.00190434	0.0396454	0.0095491	0.00830005	0.0128909	0.015268	0.111922	0.0122497	0.0105598	0.0129992	0.0157806	0.000487142	0.00121242
81	0.0125186	0.000553162	0.000645811	0.000808162	0.00554097	0.000970355	0.000820498	0.502364	0.000768617	0.0419574	0.0108437	0.000899579	0.00641402	0.00083931	0.00553252	0.0039769	0.0106591	0.391646	0.00131932	0.000921989
82	0.340675	0.0114788	0.016833	0.00930061	0.00670575	0.171798	0.00462113	0.0131245	0.00981489	0.0138361	0.00935958	0.00948975	0.0160398	0.00471959	0.013049	0.172459	0.112538	0.0500382	0.00342901	0.0106909
83	0.0714934	0.00345867	0.000931163	0.00122779	0.0164921	0.00377023	0.0024086	0.327285	0.00365964	0.0515926	0.0127461	0.00607279	0.00887676	0.00282151	0.00609317	0.0128093	0.0359787	0.426899	0.00200395	0.00337891
84	0.0218085	0.00999525	0.0232631	0.0480026	0.00553575	0.0250607	0.0187412	0.0250543	0.315023	0.0198163	0.0195893	0.0402049	0.0101455	0.0500857	0.250586	0.0335456	0.0482965	0.0192636	0.00685967	0.00912221
85	0.00301279	0.0105977	0.00482513	0.0156498	0.000829253	0.0151764	0.00609657	0.0160829	0.395974	0.00790244	0.00666894	0.0215891	0.00801002	0.0399263	0.382414	0.0142674	0.0336159	0.00501442	0.0084059	0.00394089
86	0.0956502	0.00808833	0.0158226	0.024467	0.0429756	0.0259905	0.0122843	0.116565	0.0175175	0.220007	0.0613155	0.0158617	0.0381102	0.0276581	0.0280302	0.0550726	0.0480249	0.128664	0.00581071	0.0120844
87	0.11495	0.0173501	0.0478777	0.0138032	0.00395709	0.0238681	0.0164474	0.0170218	0.0127692	0.0268852	0.00754064	0.0388934	0.0223337	0.00703245	0.0276569	0.370258	0.196416	0.0208341	0.0011998	0.0129058
88	0.0339264	0.0158805	0.069317	0.0403154	0.00604085	0.0821467	0.0371388	0.0175708	0.0764143	0.00520442	0.0112989	0.337319	0.0109439	0.00336881	0.0157859	0.0788137	0.112594	0.0144332	0.00125775	0.0302299
89	0.385214	0.00220756	0.0160733	0.00274505	0.00278214	0.0552143	0.00301577	0.00485567	0.00349759	0.00560542	0.00808681	0.00505043	0.0103833	0.00250702	0.00622977	0.26574	0.187733	0.0229451	0.00139163	0.00872253
90	0.0986705	0.00667832	0.106221	0.178779	0.00394454	0.0792396	0.0194665	0.0108884	0.0612331	0.0188686	0.00891112	0.0624099	0.0183127	0.0346357	0.0714745	0.111875	0.0525073	0.0474313	0.00401581	0.00443704
91	0.0200696	0.00688687	0.0230544	0.212144	0.00218085	0.011479	0.103418	0.00342585	0.0843975	0.025021	0.00204024	0.0257872	0.00211488	0.349601	0.0616736	0.0288232	0.00437441	0.0138796	0.0134536	0.00617596
92	0.0582755	0.0926217	0.0502907	0.0171996	0.0116207	0.438954	0.0130475	0.0287351	0.0102575	0.0148998	0.00691875	0.0145557	0.00665197	0.00838465	0.0471009	0.115252	0.0236536	0.0147908	0.0123733	0.0144167
93	0.0918489	0.00802729	0.114475	0.200029	0.00443952	0.0735082	0.0193941	0.0121854	0.0607505	0.0184205	0.00795337	0.0633827	0.0126634	0.0337316	0.0679888	0.10306	0.0533232	0.0465871	0.00338865	0.00484324
94	0.0851441	0.0005774	0.0231532	0.0383004	0.0232891	0.0245414	0.0073444	0.128426	0.02637	0.146513	0.0842448	0.0217781	0.0160118	0.0438298	0.0458999	0.0515322	0.0646744	0.163422	0.00300228	0.0019467
95	0.0696404	0.00560165	0.106804	0.233934	0.00384218	0.0507802	0.030638	0.0118678	0.0749092	0.0213237	0.00898038	0.055707	0.012888	0.0904509	0.0654909	0.0743144	0.0395089	0.0348763	0.00384063	0.00460129
96	0.0232809	0.00402049	0.00447521	0.0069645	0.118747	0.00538771	0.0167993	0.127532	0.0052255	0.274317	0.147815	0.0117074	0.00576478	0.0233103	0.0109889	0.0313294	0.0666982	0.073769	0.00855022	0.0333161
97	0.020901	0.00325364	0.015784	0.0481836	0.00115172	0.00586839	0.00973622	0.0443812	0.331073	0.0287025	0.0590038	0.0247511	0.00634999	0.0611431	0.207132	0.0291843	0.0680609	0.026366	0.00302657	0.00594777
98	0.0434942	0.00614866	0.0508729	0.0322351	0.00926504	0.0191141	0.0150396	0.0374052	0.0628736	0.047216	0.0148971	0.131924	0.0144931	0.0137889	0.0571414	0.110555	0.287474	0.0263175	0.00336738	0.0163771
99	0.0486936	0.00329551	0.180915	0.376352	0.00215311	0.0458624	0.0266043	0.00481822	0.0438372	0.0114493	0.00725062	0.0453297	0.0120495	0.0926721	0.0233181	0.031386	0.0206972	0.0185548	0.00131342	0.00344816
100	0.0840626	0.00428857	0.000646859	0.00094305	0.0232484	0.00455639	0.00268507	0.288457	0.00266135	0.0870263	0.0235025	0.00646965	0.00858554	0.00111188	0.00574511	0.0141023	0.0217341	0.416631	0.00274225	0.000799472
101	0.0702479	0.00066187	0.0185798	0.032979	0.0274499	0.0198322	0.00488892	0.125821	0.0159273	0.196141	0.083925	0.0203319	0.0122451	0.0645326	0.0460788	0.0581132	0.0476436	0.150773	0.00250753	0.00131936
102	0.0114168	0.00127336	0.00126125	0.0023588	0.158751	0.00459963	0.01961	0.129754	0.00172282	0.420894	0.0341888	0.00841645	0.0149134	0.00717705	0.00406321	0.0458465	0.010622	0.0966182	0.00474212	0.0217698
103	0.009353	0.00457874	0.000870929	0.00762669	0.0257567	0.00109058	0.00196337	0.249754	0.00512823	0.413149	0.132288	0.0022835	0.0013603	0.00372329	0.00682568	0.00544551	0.0229917	0.0989745	0.00081489	0.00602084
104	0.373032	0.00165826	0.0187812	0.00397804	0.00212191	0.0474859	0.00286481	0.00779064	0.00372654	0.00589024	0.0101858	0.0078626	0.00955035	0.00302724	0.00598065	0.261524	0.200541	0.02436	0.00139896	0.0082402
105	0.00227614	0.0110821	0.00447643	0.0143931	0.000803226	0.0155933	0.0060188	0.0153472	0.39074	0.00707435	0.00427792	0.0220822	0.00817975	0.0397857	0.39382	0.0141593	0.0329761	0.00446732	0.00868475	0.0037622
106	0.0888723	0.00398214	0.019212	0.0426309	0.0302752	0.0167913	0.00862249	0.134797	0.0195733	0.183749	0.0749251	0.0177391	0.0166414	0.0311969	0.034573	0.0496511	0.0597958	0.156325	0.00365524	0.00699138
107	0.025629	0.00437467	0.0253999	0.170311	0.00199279	0.00922148	0.0810908	0.00884925	0.135638	0.0418268	0.0027524	0.0201946	0.00863999	0.284477	0.104607	0.0241103	0.0126448	0.0210506	0.0115604	0.00562946
108	0.026686	0.0228469	0.0246674	0.0494038	0.0197871	0.0201414	0.151414	0.0559182	0.107577	0.0479215	0.0133093	0.0621668	0.0169315	0.0850632	0.0977496	0.0641718	0.0480378	0.0397806	0.00730658	0.0391194
109	0.00227614	0.0110821	0.00447643	0.0143931	0.000803226	0.0155933	0.0060188	0.0153472	0.39074	0.00707435	0.00427792	0.0220822	0.00817975	0.0397857	0.39382	0.0141593	0.0329761	0.00446732	0.00868475	0.0037622
110	0.0414755	0.0165282	0.0405158	0.0316541	0.0881697	0.0365987	0.0459726	0.0475766	0.0340833	0.0634907	0.02748	0.127003	0.0187724	0.0291767	0.0422476	0.118904	0.0679662	0.052172	0.0102278	0.0599854
111	0.033029	0.0123857	0.012947	0.0390052	0.0375975	0.0133104	0.0256556	0.10075	0.0596307	0.22645	0.0497896	0.0215083	0.0207482	0.0543078	0.0901626	0.0517897	0.0478545	0.0795264	0.00712254	0.0164292
112	0.311013	0.00184113	0.00465512	0.0074336	0.00682044	0.0177258	0.00260869	0.0483554	0.00329301	0.0391316	0.0472768	0.00396214	0.00256869	0.0176837	0.00602833	0.0290819	0.0995762	0.347184	0.00135734	0.00240257
113	0.0025822	0.0112349	0.00439679	0.014771	0.000892508	0.0163892	0.00594824	0.0152844	0.394289	0.00705754	0.00451565	0.0217131	0.00806056	0.0396348	0.387974	0.0144863	0.0335755	0.00478563	0.0084794	0.00392952
114	0.0128058	0.00178554	0.000989774	0.00234934	0.163402	0.00388176	0.0178019	0.141871	0.00166714	0.405652	0.0423909	0.00738991	0.0132057	0.00530255	0.00335047	0.0371481	0.0109287	0.100088	0.00404943	0.0239398
115	0.0157722	0.00219086	0.0044445	0.00408571	0.0767801	0.00414909	0.0381797	0.102516	0.00444654	0.316971	0.112798	0.0122245	0.00705421	0.0554302	0.0197734	0.0291886	0.0587129	0.0761984	0.0077072	0.0513772
116	0.180914	0.0120414	0.0225482	0.00800329	0.00645984	0.513021	0.00400232	0.0169699	0.00629983	0.013959	0.00972617	0.00739563	0.00507432	0.00510743	0.0183579	0.0563667	0.0467171	0.0411423	0.0214403	0.00445269
117	0.00785054	0.0383872	0.0014375	0.00362699	0.538202	0.0063848	0.00998313	0.0279527	0.00125808	0.0592244	0.0205014	0.00384165	0.00165467	0.0019334	0.00684594	0.0230324	0.00950493	0.0287682	0.0217315	0.187878
118	0.0985777	0.218105	0.0228264	0.00437142	0.00869807	0.0242645	0.0155789	0.0116962	0.00449425	0.0207133	0.00412738	0.005294	0.00877298	0.00439392	0.0330522	0.467405	0.012899	0.0170279	0.00305422	0.0146479
119	0.013191	0.00162245	0.00183557	0.0028151	0.176736	0.00802669	0.0244294	0.144038	0.00200096	0.338849	0.0386569	0.0114823	0.0132147	0.00937544	0.00422428	0.0555223	0.0138083	0.109817	0.0077761	0.0225784
120	0.0501649	0.000625364	0.164507	0.472504	0.00109053	0.035339	0.0232311	0.00188471	0.039783	0.00952619	0.00826539	0.0128609	0.0151396	0.111931	0.0122027	0.0105948	0.0129719	0.0156868	0.00048875	0.00120337
121	0.0139033	0.00100107	0.0361125	0.13927	0.00169416	0.509381	0.00746845	0.00308498	0.0453429	0.00319267	0.0161982	0.0132982	0.00659222	0.0344521	0.118915	0.0124473	0.0200947	0.0144248	0.00139564	0.00173104
122	0.0867267	0.00713879	0.116646	0.204978	0.00414408	0.071847	0.0193606	0.0117375	0.0655393	0.0174999	0.00726561	0.0652998	0.0124121	0.0347345	0.0720838	0.100718	0.0518085	0.0423453	0.0031486	0.00456607
123	0.0637472	0.00650559	0.0775731	0.168747	0.00529919	0.192364	0.0198829	0.0128083	0.0576135	0.019972	0.0110801	0.0472328	0.0159107	0.0424799	0.0896479	0.08019	0.0435519	0.0353354	0.00386706	0.00619216
124	0.00277439	0.010873	0.00493127	0.0165656	0.000795059	0.0153473	0.00653037	0.015327	0.386746	0.00821212	0.0042654	0.021912	0.00842333	0.0418563	0.390984	0.0141391	0.0327977	0.00497074	0.00867101	0.00387819
125	0.00592592	0.00360114	0.000807002	0.00771614	0.0234926	0.00101958	0.0014137	0.287357	0.00524838	0.442136	0.0982092	0.00136612	0.000820355	0.00377769	0.00525896	0.003221	0.0119867	0.0896401	0.00052211	0.00648075
126	0.00616912	0.00349793	0.00104886	0.0068816	0.0243482	0.00141442	0.00256705	0.284812	0.00965324	0.458706	0.0792497	0.0017177	0.00158954	0.00554574	0.00675864	0.00499554	0.011691	0.0785202	0.000871464	0.00996212
127	0.0137578	0.00056921	0.000609054	0.00069013	0.00674065	0.000938105	0.000786202	0.494582	0.000724409	0.0496646	0.0129996	0.000913192	0.00538253	0.000713387	0.00549344	0.00436388	0.00952377	0.389374	0.00142451	0.000749266
128	0.00786579	0.0180922	0.00294591	0.00584674	0.310188	0.00298217	0.0704277	0.016053	0.00447503	0.0328992	0.00886715	0.0170418	0.00109668	0.00840895	0.00724157	0.0256545	0.0165676	0.0112792	0.0129846	0.419083
129	0.0853976	0.00603085	0.111998	0.289653	0.00672624	0.0470294	0.0270539	0.0160456	0.049723	0.0239576	0.0120088	0.0347929	0.0170341	0.0841032	0.0436774	0.0575223	0.038765	0.0378505	0.00473717	0.00589259
130	0.00460735	0.0176769	0.000819428	0.0031501	0.590635	0.00419557	0.0107949	0.0267583	0.00103125	0.0556912	0.0205555	0.00404411	0.000866101	0.00175494	0.0064338	0.0195742	0.00767395	0.0157007	0.0210603	0.186977
131	0.00974949	0.00395551	0.00117839	0.00717777	0.0304115	0.00119247	0.00355976	0.230854	0.00481215	0.408403	0.144118	0.00338276	0.00138153	0.00550894	0.00700622	0.00694264	0.0261823	0.0953644	0.00158077	0.00723822
132	0.0679112	0.0278265	0.00709222	0.0301522	0.00890816	0.00990675	0.12936	0.0389611	0.0317019	0.0869376	0.00834227	0.00886891	0.149544	0.00865326	0.012513	0.245831	0.0737492	0.041454	0.00402273	0.00826348
133	0.0221574	0.0181048	0.0329503	0.0376494	0.018678	0.0244195	0.172283	0.0444865	0.0408848	0.0412771	0.0124027	0.156619	0.0100332	0.0582686	0.0602515	0.0740461	0.0600746	0.065938	0.0110932	0.0383822
134	0.10248	0.0040176	0.0615189	0.0728952	0.00534117	0.0727673	0.0121788	0.0158528	0.0647202	0.0251907	0.0102147	0.0815209	0.0154406	0.0192719	0.117092	0.139561	0.146827	0.022862	0.0026519	0.00759648
135	0.064964	0.344052	0.0257774	0.00621994	0.0232038	0.0247985	0.0231446	0.0172893	0.00596325	0.0256575	0.00551898	0.00622097	0.00833019	0.00589321	0.0420148	0.294523	0.0143508	0.0207145	0.00646933	0.0348945
136	0.0353981	0.124461	0.0137017	0.0144857	0.0779388	0.018872	0.0305509	0.103942	0.017492	0.222886	0.0399004	0.0160817	0.0114429	0.0214044	0.0327457	0.0711313	0.0297927	0.0621354	0.00927743	0.04636
137	0.0229269	0.0121814	0.394795	0.0827917	0.00124858	0.0454723	0.0396059	0.0083593	0.0454982	0.00503825	0.000894841	0.204805	0.000913019	0.0213042	0.0118651	0.0562334	0.0261417	0.00808441	0.00030174	0.0115392
138	0.0070227	0.0394014	0.00807135	0.0255872	0.029224	0.0106276	0.24385	0.0203634	0.0803347	0.0352652	0.00201392	0.0843941	0.00116682	0.115374	0.110108	0.0452427	0.028028	0.0171506	0.00544149	0.0913331
139	0.0181646	0.00141405	0.00105145	0.00213468	0.196915	0.00367633	0.0197829	0.156782	0.00170064	0.328472	0.0511533	0.00659371	0.0120205	0.00583021	0.00351046	0.0322975	0.0151085	0.101543	0.00382678	0.038023
140	0.00463054	0.00326894	0.000851998	0.00728973	0.0175469	0.00104623	0.0010975	0.292752	0.00605875	0.476037	0.0833753	0.00108722	0.000886871	0.00457939	0.0055813	0.00279593	0.00815211	0.0756383	0.000525289	0.00679912
141	0.0219269	0.00898306	0.00282751	0.00703766	0.18852	0.00693691	0.0312598	0.102129	0.00500395	0.300141	0.0315874	0.00941747	0.0344394	0.00875103	0.00821272	0.0778564	0.01901	0.094427	0.00789333	0.0336388
142	0.0112729	0.0121471	0.00919101	0.138725	0.0273152	0.0126612	0.0766934	0.0243681	0.0674425	0.115379	0.00648697	0.0445971	0.00133277	0.160798	0.107722	0.075322	0.031797	0.0668982	0.000912801	0.00893713
143	0.0160176	0.00423308	0.00431854	0.0109934	0.023707	0.0054584	0.00622451	0.245422	0.0433825	0.36384	0.0741968	0.00612078	0.0063028	0.0140628	0.0229714	0.018013	0.0348877	0.0861041	0.0032517	0.010491
144	0.0148534	0.0110326	0.4056	0.0671082	0.00221177	0.0477408	0.0447435	0.00645824	0.0251158	0.00335577	0.000903095	0.197172	0.000718101	0.0140717	0.00920956	0.086225	0.0351682	0.00723936	0.000402865	0.0206699
145	0.0435247	0.0412042	0.0194164	0.0297888	0.0851334	0.0605731	0.0352575	0.0505151	0.0520234	0.0639495	0.0253071	0.0349837	0.020561	0.0386779	0.0733527	0.0753089	0.0461525	0.0545459	0.0952773	0.0544471
146	0.100304	0.00608398	0.101754	0.171565	0.00398315	0.0793384	0.0188159	0.0110253	0.063365	0.0179353	0.0090944	0.0613518	0.0238205	0.0352142	0.0714983	0.118203	0.0528444	0.0459102	0.00370754	0.00418478
147	0.0238546	0.0036505	0.020565	0.03797	0.00102425	0.00484855	0.00785506	0.0651946	0.226444	0.0301536	0.0827095	0.0369999	0.00432556	0.0556097	0.203356	0.0506557	0.0995028	0.0417414	0.000789304	0.00275051
148	0.0225675	0.243863	0.0238401	0.0163818	0.0398278	0.0225173	0.0809221	0.0230525	0.0564469	0.0316713	0.0075903	0.0314831	0.00795267	0.0416467	0.11674	0.080504	0.0211669	0.0228215	0.010107	0.0988978
149	0.00835001	0.0151289	0.00345454	0.00658451	0.131562	0.000811561	0.116803	0.00701013	0.00656539	0.0162326	0.000893506	0.0261682	0.000623756	0.0132465	0.00678573	0.0241174	0.0134674	0.00176177	0.00777979	0.592654
150	0.0271501	0.0015308	0.00253808	0.0103639	0.00252181	0.0438015	0.0213488	0.0273176	0.162294	0.00452201	0.00624537	0.296706	0.0015149	0.032564	0.200567	0.0844156	0.0621138	0.00516352	0.00113554	0.00618526
151	0.025904	0.00188639	0.00332646	0.0095785	0.0232036	0.00430315	0.00417496	0.309458	0.00511726	0.202943	0.112111	0.00593433	0.00360735	0.00802462	0.0134268	0.0139214	0.0356024	0.209525	0.00284428	0.00510737
152	0.0174842	0.000740176	0.000718812	0.000853773	0.00883078	0.00109149	0.000994249	0.47536	0.00120765	0.0744701	0.0210381	0.00143266	0.00377185	0.00100862	0.00681511	0.00459933	0.0164882	0.35997	0.00205591	0.00106928
153	0.0417158	0.0106595	0.0338825	0.209886	0.00796097	0.0389875	0.0323303	0.0284133	0.107093	0.0577948	0.0052737	0.0420497	0.00628726	0.0642098	0.108564	0.0761624	0.0508102	0.0647345	0.00202999	0.0111551
154	0.0376968	0.00524633	0.0330785	0.0851223	0.00541711	0.496803	0.00918275	0.0117756	0.0363808	0.0123585	0.0268489	0.0175661	0.00825892	0.0247679	0.0999597	0.0328051	0.0255004	0.0207005	0.00578864	0.0047421
155	0.0300763	0.00173325	0.00284615	0.0030622	0.0111789	0.00306051	0.00293183	0.357808	0.0112325	0.0167493	0.00376403	0.0119615	0.00254964	0.011854	0.0124806	0.01565	0.140107	0.339973	0.001512	0.019469
156	0.40648	0.00147003	0.0148149	0.00218447	0.00228166	0.0490353	0.00245555	0.0037321	0.00231333	0.00422613	0.00783448	0.00259887	0.00795543	0.00224172	0.00393028	0.266396	0.187573	0.0221996	0.0014289	0.00884868
157	0.0210321	0.00570236	0.0216326	0.19145	0.00162237	0.0102285	0.0942423	0.00541642	0.106059	0.0292755	0.00244537	0.0232557	0.00444054	0.328524	0.0843331	0.027141	0.00772811	0.0154421	0.0142474	0.00578211
158	0.166107	0.0121488	0.0260335	0.0154728	0.00630117	0.532959	0.00442682	0.0150661	0.00808305	0.0112573	0.00853624	0.0100439	0.00713263	0.00643208	0.0257092	0.0513248	0.0360658	0.0400309	0.0105438	0.00632492
159	0.0050577	0.00339409	0.000821312	0.00733068	0.0198907	0.00101107	0.00117483	0.291883	0.00561499	0.460907	0.0885728	0.00115658	0.000904301	0.00414188	0.00525303	0.00293492	0.00946597	0.0834027	0.000530758	0.00655155
160	0.0351477	0.00143606	0.0073687	0.0193964	0.0236951	0.00738643	0.00364666	0.114582	0.00656919	0.266385	0.0868301	0.0163213	0.00813197	0.0984736	0.0450262	0.0672118	0.0436448	0.143553	0.00242317	0.00277064
161	0.00826381	0.015275	0.0033497	0.00661281	0.148942	0.00100958	0.112883	0.0078705	0.00638349	0.0177382	0.00164782	0.0251629	0.000664959	0.012755	0.00679278	0.02413	0.0132516	0.00229369	0.00826804	0.576705
162	0.065209	0.00490276	0.00996317	0.0160307	0.0717094	0.0120331	0.0201877	0.0877728	0.014207	0.223935	0.0292373	0.0111206	0.163871	0.0253307	0.022223	0.0638336	0.0448219	0.0908018	0.00626764	0.016542
163	0.0300302	0.0245625	0.0341554	0.0569817	0.0469292	0.024522	0.144605	0.0342789	0.0497122	0.0562421	0.0104615	0.0551196	0.0175516	0.0835297	0.0614745	0.062046	0.0317935	0.0366841	0.00973858	0.129582
164	0.0193153	0.0074526	0.0196436	0.202801	0.00247658	0.0106563	0.10657	0.00373099	0.0849798	0.0243158	0.00198358	0.0264028	0.00257743	0.354083	0.0635535	0.0296675	0.00444551	0.014222	0.0133764	0.00774563
165	0.0273516	0.00898733	0.321513	0.142006	0.00326949	0.0775595	0.048428	0.00868448	0.0332825	0.0074474	0.00463688	0.137832	0.00442314	0.0273245	0.0208896	0.0616137	0.0307282	0.0138406	0.00116749	0.019014
166	0.240854	0.0602305	0.0191894	0.00735879	0.0123103	0.0228932	0.0160514	0.0140157	0.00867655	0.0274708	0.00592334	0.00839122	0.087474	0.00547077	0.0152886	0.366735	0.0431902	0.0263511	0.0031794	0.00894608
167	0.0411738	0.026971	0.00581857	0.0383558	0.0055992	0.00733448	0.0867821	0.012146	0.0224618	0.0134966	0.00645813	0.0169927	0.129344	0.270379	0.169605	0.0793937	0.0128699	0.0242198	0.00387427	0.0267243
168	0.0131385	0.00120453	0.00124421	0.0020509	0.17636	0.00398648	0.0236665	0.136968	0.00176181	0.379366	0.0346466	0.00854642	0.0189228	0.00737892	0.00410591	0.0379759	0.0117154	0.100934	0.00408809	0.0319401
169	0.00227614	0.0110821	0.00447643	0.0143931	0.000803226	0.0155933	0.0060188	0.0153472	0.39074	0.00707435	0.00427792	0.0220822	0.00817975	0.0397857	0.39382	0.0141593	0.0329761	0.00446732	0.00868475	0.0037622
170	0.0128035	0.000552187	0.000631443	0.00079117	0.00563146	0.000923569	0.00081699	0.502111	0.000772964	0.0421032	0.0108473	0.0009795	0.00651637	0.000820501	0.00546229	0.00408269	0.00999573	0.391964	0.00131172	0.000881911
171	0.0156658	0.000677529	0.000638454	0.000817312	0.0065589	0.00111183	0.000947804	0.489055	0.00093893	0.0442115	0.0113891	0.00117952	0.00642159	0.00101845	0.00560191	0.00459271	0.012013	0.394796	0.00136419	0.00100091
172	0.0118136	0.0218767	0.0110069	0.0133342	0.105569	0.00643765	0.141511	0.0157696	0.0207261	0.0270931	0.00366517	0.041508	0.00379587	0.0346163	0.030656	0.0390973	0.0232418	0.0108384	0.00773228	0.429712
173	0.0298551	0.470972	0.0400374	0.00659031	0.031719	0.0281819	0.0316482	0.0226699	0.00630116	0.0270191	0.00602364	0.0074154	0.00486089	0.0060057	0.0683391	0.120142	0.0117943	0.0189126	0.0101851	0.0513277
174	0.0239815	0.0125473	0.368069	0.0800952	0.00153237	0.0464533	0.0377603	0.0095286	0.0501408	0.00512411	0.00142846	0.214879	0.00130647	0.020495	0.0137895	0.0578234	0.0338188	0.00855425	0.000349006	0.0123234
175	0.00772835	0.00334205	0.000928426	0.0067669	0.0426856	0.00133949	0.00316646	0.254433	0.00479016	0.449606	0.0952245	0.0023813	0.0022101	0.00473354	0.00517825	0.00805118	0.0118931	0.0863206	0.000910248	0.00831048
176	0.0155223	0.00922401	0.0201417	0.0496787	0.00441638	0.0194657	0.0213838	0.0256739	0.321116	0.0228539	0.0146676	0.0305689	0.0106183	0.0614335	0.26578	0.0280148	0.0441301	0.0192693	0.00746304	0.00857734
177	0.250555	0.00378864	0.00775019	0.00818951	0.0120681	0.0105327	0.00853971	0.0312528	0.00636082	0.0499806	0.00674088	0.0040251	0.330412	0.0127014	0.00835432	0.101623	0.084218	0.0539041	0.0028617	0.00614101
178	0.0772627	0.00997656	0.0344914	0.0232534	0.00386338	0.6545	0.00410709	0.011945	0.0103543	0.00619946	0.00778445	0.00723957	0.00358914	0.00822469	0.0377202	0.050658	0.0169805	0.0159392	0.0131475	0.00276356
179	0.0335841	0.0123065	0.160425	0.0527322	0.0145308	0.04986	0.0464272	0.0273525	0.0637219	0.0268077	0.00785175	0.202264	0.00777787	0.0332001	0.0609919	0.0762088	0.0620826	0.0291986	0.00658651	0.0260898
180	0.011879	0.000517498	0.000635679	0.000809642	0.00552726	0.000968396	0.000807687	0.506142	0.000731128	0.0423179	0.0109213	0.000852549	0.00642146	0.000792569	0.00544267	0.00399022	0.00964822	0.389474	0.00130108	0.000819167
181	0.0164975	0.00448171	0.00220655	0.00426311	0.174706	0.00502283	0.0159859	0.134686	0.00418896	0.358616	0.0525296	0.00882409	0.0118845	0.00935061	0.00685407	0.0353156	0.0173579	0.0906279	0.0059167	0.0406851
182	0.0116834	0.00298084	0.00178604	0.00753508	0.0533475	0.00313935	0.00656236	0.238486	0.00595154	0.41897	0.0762812	0.00472932	0.00514532	0.00984191	0.00838114	0.017308	0.0177208	0.0962074	0.0023072	0.0116352
183	0.0339303	0.00986107	0.327597	0.14957	0.00164341	0.0535854	0.03423	0.00774108	0.0446254	0.00742584	0.00298164	0.15571	0.00440967	0.0326064	0.0215114	0.059088	0.0285335	0.0141089	0.000785298	0.010055
184	0.101011	0.00750215	0.111202	0.185354	0.00440974	0.0756937	0.0196184	0.01179	0.0572243	0.0184794	0.00909792	0.0617659	0.0152286	0.0331951	0.0669296	0.10928	0.0541156	0.049375	0.00382572	0.00490135
185	0.0235779	0.0125341	0.400397	0.085675	0.000937968	0.0436904	0.038425	0.00864165	0.0492563	0.00572981	0.000716985	0.201673	0.000540769	0.02385	0.0121151	0.0509811	0.0234048	0.00839262	0.000293355	0.00916719
186	0.0060627	0.00318014	0.000947888	0.00661959	0.02746	0.00113625	0.00266366	0.275854	0.00569409	0.457495	0.0949903	0.00180233	0.00126694	0.00540918	0.00530052	0.00514124	0.0121449	0.0763067	0.00101455	0.00951046
187	0.0139423	0.00903859	0.00676797	0.0331552	0.00987875	0.0101293	0.181807	0.0831439	0.0178772	0.0608134	0.00772803	0.162995	0.00617132	0.0417399	0.0452713	0.0933867	0.128061	0.0455181	0.00535667	0.0372184
188	0.431833	0.00559648	0.00644649	0.00529798	0.0136208	0.0126626	0.00576905	0.014176	0.00540369	0.0133483	0.00545789	0.00482128	0.19555	0.00440367	0.00660647	0.168666	0.0689365	0.0235336	0.00243994	0.00543048
189	0.0039705	0.010248	0.00568275	0.0186726	0.000913023	0.0145032	0.00717938	0.0174192	0.392103	0.00933552	0.00872095	0.0225912	0.00797458	0.0430115	0.369741	0.0148209	0.0347207	0.00623877	0.00817613	0.0039774
190	0.0132352	0.00065099	0.000618547	0.000848384	0.00873971	0.00103976	0.00079947	0.485685	0.000795344	0.0832455	0.0233435	0.0010678	0.00343453	0.000749797	0.00741825	0.00354131	0.0115032	0.350426	0.00216316	0.000694541
191	0.420683	0.00220852	0.012963	0.00236934	0.00304733	0.0414757	0.00269659	0.00359501	0.00223159	0.0044573	0.00680659	0.00262365	0.0177679	0.00219063	0.00394804	0.273904	0.165843	0.021782	0.001258	0.00814849
192	0.0252953	0.0112398	0.359273	0.0830629	0.00220812	0.0631058	0.0389162	0.00851576	0.0401167	0.00548046	0.00191075	0.196503	0.00206403	0.0187195	0.0158695	0.0673147	0.0336277	0.0111727	0.000534604	0.0150699
193	0.056316	0.0359095	0.0180948	0.0175865	0.235623	0.103948	0.0183603	0.0403329	0.0172183	0.0566757	0.0221246	0.0212776	0.0186612	0.0110348	0.0269334	0.109404	0.0427986	0.0487703	0.0122913	0.0866394
