280	20
1	0.0828693	0.0117835	0.0236239	0.0426282	0.00542715	0.0333514	0.0364796	0.014189	0.041839	0.0457906	0.0113233	0.0668169	0.223899	0.0906855	0.0464611	0.124508	0.0702419	0.0180761	0.00311047	0.00689562
2	0.0871717	0.0331585	0.00388673	0.0162317	0.0282017	0.0100748	0.00654426	0.13258	0.0460508	0.0580959	0.00811731	0.0200656	0.0311156	0.0108817	0.00582379	0.0648389	0.20832	0.211415	0.0132272	0.00419953
3	0.0280592	0.00794714	0.00644658	0.00484194	0.0277135	0.00366764	0.00383161	0.344745	0.00232764	0.133709	0.0460004	0.0032088	0.0101524	0.00731632	0.0025925	0.0157074	0.0183858	0.324923	0.00182052	0.00660381
4	0.0747196	0.0266598	0.0224143	0.0554593	0.0191401	0.027064	0.0550503	0.0200442	0.0852599	0.0592141	0.0217092	0.0557157	0.072272	0.12516	0.0935382	0.0866034	0.0490732	0.021611	0.00384069	0.0254512
5	0.0243335	0.00539434	0.0201838	0.0319776	0.00623696	0.0296074	0.0263294	0.0152147	0.398071	0.0150221	0.00611853	0.0546418	0.00202931	0.0403098	0.249046	0.0465825	0.01677	0.00327983	0.000788825	0.00806246
6	0.0806831	0.0685769	0.0199628	0.0370733	0.030549	0.0299036	0.036617	0.0291758	0.0513289	0.0997202	0.0231277	0.0518971	0.0315636	0.0624374	0.0736661	0.1395	0.0580335	0.0402141	0.0094013	0.0265687
7	0.0383031	0.00797817	0.00651406	0.0215187	0.0366695	0.00733833	0.00840121	0.193008	0.00965332	0.263027	0.0868173	0.0148518	0.0265705	0.0266868	0.00800359	0.0214009	0.0300445	0.180285	0.00508667	0.0078418
8	0.259896	0.0890209	0.00722728	0.00977726	0.0261653	0.14338	0.0108486	0.0115069	0.0301348	0.0235072	0.0111137	0.0290345	0.0575622	0.0172042	0.0112256	0.173392	0.0469305	0.0330541	0.00236602	0.00665382
9	0.031735	0.015155	0.0195723	0.0467193	0.0601551	0.0163888	0.0921593	0.0142408	0.0318033	0.198383	0.202785	0.0403854	0.00943425	0.0143367	0.0122842	0.0202631	0.0121515	0.016528	0.063374	0.0821462
10	0.0339048	0.0101353	0.0242104	0.0228488	0.0157161	0.0254923	0.0200378	0.0254531	0.354506	0.0131854	0.0107227	0.0451052	0.00237826	0.0321138	0.288691	0.0398574	0.0159443	0.00436778	0.00194207	0.0133877
11	0.0418288	0.0147792	0.0207252	0.0687957	0.0249304	0.0131034	0.0525067	0.0364296	0.107617	0.0649495	0.0291294	0.0368796	0.0193614	0.21129	0.113852	0.056801	0.0251126	0.0226041	0.0056483	0.0336565
12	0.0402043	0.00879341	0.442784	0.209132	0.00519499	0.0253028	0.0116349	0.0127174	0.0149383	0.0198814	0.00890751	0.0564201	0.0258457	0.0119184	0.0121069	0.0659421	0.0118831	0.00379792	0.000874013	0.011721
13	0.0485093	0.00508118	0.124224	0.381919	0.00551397	0.0356807	0.00857062	0.0242283	0.0726103	0.0136316	0.0136796	0.0294227	0.00747815	0.07667	0.0445326	0.0391057	0.0249614	0.0330841	0.0015752	0.00952189
14	0.0384659	0.00841821	0.417399	0.250399	0.00468123	0.0193887	0.0104598	0.012377	0.0188753	0.0182927	0.00926762	0.0501518	0.0217478	0.0166663	0.0148373	0.0571775	0.0150528	0.0061327	0.000717195	0.00949208
15	0.0405236	0.00479267	0.214664	0.386672	0.00400485	0.0306209	0.00587569	0.0233536	0.0542923	0.0107798	0.0116507	0.0353282	0.00834407	0.0477182	0.0355713	0.0352499	0.0183922	0.0228623	0.000931786	0.00837239
16	0.0470758	0.0109369	0.0247878	0.0417583	0.00623097	0.0456158	0.0434794	0.0125469	0.188497	0.0218001	0.0097886	0.0830416	0.0143887	0.0517869	0.119032	0.15997	0.0852664	0.0103836	0.0019282	0.0216844
17	0.0309592	0.0415177	0.0189485	0.0246024	0.159865	0.0154798	0.0393879	0.0376369	0.0766469	0.0801193	0.0534462	0.0254297	0.0154626	0.0374312	0.0536435	0.0402274	0.0289849	0.0393405	0.0987172	0.0821538
18	0.296766	0.0811405	0.00577245	0.00848995	0.0179473	0.127098	0.0108448	0.00880946	0.0276523	0.0181749	0.00803793	0.0275587	0.0995828	0.0133407	0.00764663	0.179404	0.0319354	0.023401	0.00168888	0.00470884
19	0.048785	0.0342853	0.0279523	0.0994471	0.0145643	0.0186864	0.0336537	0.020097	0.110094	0.0919282	0.0206686	0.0457042	0.0309505	0.120493	0.0608326	0.121398	0.053051	0.0254251	0.00361205	0.0183721
20	0.0255111	0.00638461	0.0207261	0.0278839	0.0079605	0.0269721	0.0234828	0.0167752	0.398883	0.0138129	0.00711264	0.0514581	0.00164477	0.0379749	0.26672	0.0392957	0.0143945	0.00307733	0.000995379	0.00893487
21	0.0902286	0.0393205	0.00659026	0.0140546	0.0519776	0.0185306	0.0123883	0.152871	0.0315666	0.0873635	0.0234118	0.0173136	0.0580163	0.0188225	0.0091496	0.0394378	0.0961013	0.21415	0.00792082	0.0107848
22	0.0186985	0.00853406	0.00459369	0.00205813	0.0229295	0.00231882	0.00286553	0.412168	0.00136651	0.079281	0.0220996	0.00150238	0.00983649	0.00373663	0.00133247	0.0119335	0.00958274	0.377499	0.00075642	0.00690678
23	0.0400752	0.0041786	0.166079	0.400484	0.00519035	0.0291704	0.00614399	0.0256766	0.0660769	0.0102322	0.0129618	0.0301282	0.00605116	0.0613496	0.0427231	0.0332392	0.0219809	0.0279371	0.00118406	0.00913685
24	0.185254	0.0468445	0.0134537	0.0176118	0.0134155	0.0422499	0.0256062	0.0219337	0.0215367	0.0490351	0.0187743	0.0996469	0.017587	0.0364254	0.0229227	0.204545	0.0993755	0.0494023	0.00223917	0.0121416
25	0.0385224	0.0112704	0.00601747	0.0117348	0.034676	0.00723178	0.00809787	0.2239	0.0104632	0.237699	0.0618283	0.0129268	0.0166436	0.0244781	0.00896802	0.0227017	0.0313005	0.218329	0.00517836	0.00803214
26	0.048902	0.0105169	0.00609379	0.0190453	0.0309047	0.00945538	0.0120031	0.262685	0.0078966	0.131828	0.0761627	0.00818525	0.0124973	0.0112921	0.00695344	0.0419095	0.0236584	0.266959	0.00297687	0.0100747
27	0.0360061	0.00848708	0.0225822	0.033412	0.0118189	0.0274982	0.0244219	0.0194751	0.355464	0.0167146	0.00908992	0.0486523	0.00560144	0.0442979	0.250427	0.045372	0.0192404	0.00677334	0.00220303	0.0124629
28	0.0401267	0.0149802	0.0278286	0.0577364	0.020936	0.0238662	0.0318133	0.0264573	0.248382	0.0344894	0.0169657	0.0462952	0.0207131	0.0665412	0.180767	0.0570322	0.0276347	0.0305745	0.00716905	0.0196907
29	0.0433581	0.0157911	0.00954289	0.0187662	0.0822605	0.00855949	0.0290437	0.127599	0.0190601	0.254347	0.107214	0.0168029	0.0115899	0.0222651	0.0147359	0.0194849	0.0265823	0.104267	0.0375228	0.0312076
30	0.0283388	0.00832295	0.0208504	0.0382148	0.0135556	0.0256858	0.0308429	0.0240424	0.345716	0.019734	0.0115568	0.0474669	0.00813852	0.0636401	0.224857	0.0439538	0.0185239	0.00679137	0.00258645	0.0171816
31	0.0255995	0.00606707	0.0234122	0.0479037	0.00609261	0.0266713	0.0249944	0.0157451	0.383618	0.0178144	0.00728656	0.0552655	0.00297582	0.0453183	0.238408	0.0424787	0.0153993	0.00501792	0.00083184	0.00909994
32	0.0297912	0.00693674	0.025983	0.0279344	0.00698054	0.0482056	0.0437252	0.0119691	0.290018	0.016086	0.00671089	0.0707256	0.00518152	0.0496426	0.169219	0.0989861	0.0728418	0.0060339	0.00149509	0.0115339
33	0.0262774	0.005154	0.0197441	0.0275901	0.00576482	0.0347116	0.028619	0.0147619	0.382724	0.0138368	0.00589693	0.0606241	0.00257423	0.0434935	0.241192	0.0498021	0.0248082	0.00375553	0.000910345	0.00775934
34	0.220103	0.0634605	0.0108593	0.0275099	0.0139349	0.0755253	0.0136769	0.021491	0.0169723	0.0443032	0.024592	0.0372394	0.020182	0.0617796	0.029571	0.128244	0.115145	0.0621982	0.00161133	0.0116013
35	0.0321845	0.0055715	0.00346004	0.00834296	0.0427933	0.00357286	0.00373311	0.209839	0.00352518	0.315708	0.0838142	0.00739871	0.0123857	0.0223445	0.00580424	0.0109852	0.0298156	0.189916	0.00482482	0.00398069
36	0.0400957	0.00853592	0.418167	0.251386	0.0053324	0.0193264	0.0104545	0.0122989	0.0175735	0.0184637	0.010955	0.0526568	0.0200789	0.0160121	0.0145947	0.0563532	0.0118836	0.00552405	0.000648639	0.00965905
37	0.0418052	0.00949077	0.437836	0.230384	0.00470849	0.0200924	0.0110815	0.0110503	0.0149056	0.0193871	0.00847281	0.0560292	0.0219547	0.0134224	0.0130803	0.0608159	0.0106804	0.00399898	0.000725769	0.0100778
38	0.0357238	0.0166357	0.00763786	0.0109165	0.0695486	0.00768827	0.0107112	0.191843	0.014398	0.230081	0.0615378	0.0103159	0.0150196	0.0200863	0.00957859	0.0238997	0.0344683	0.196352	0.0128512	0.0207067
39	0.0382519	0.00961318	0.0879592	0.234667	0.00995161	0.0208876	0.025926	0.0384474	0.0693212	0.0372477	0.0200013	0.0439383	0.0137868	0.152233	0.0609682	0.0462616	0.0285586	0.0282542	0.00254383	0.031182
40	0.034513	0.0152443	0.0313625	0.0181391	0.0283982	0.0213002	0.0159368	0.0262602	0.312157	0.0128934	0.0171214	0.0406149	0.00293426	0.026358	0.311698	0.0378392	0.0182436	0.0057788	0.00394036	0.0192673
41	0.228697	0.0636339	0.0107669	0.0170011	0.0178726	0.0846746	0.0119075	0.0241688	0.0208201	0.0372646	0.0194106	0.0381128	0.0174582	0.0384026	0.0199482	0.152348	0.117278	0.0666389	0.00194306	0.0116532
42	0.0315205	0.00674694	0.00352577	0.00751329	0.0383927	0.0035332	0.00352924	0.234846	0.00380197	0.283373	0.0726242	0.00686637	0.0124374	0.0185624	0.00525393	0.0111265	0.028399	0.219966	0.00410559	0.00387641
43	0.122789	0.0365075	0.0204752	0.0270015	0.0098776	0.034458	0.023777	0.0209483	0.0395731	0.041477	0.012359	0.0650088	0.0168242	0.0510878	0.0364595	0.242112	0.144883	0.0384198	0.00118415	0.0147778
44	0.043629	0.0350426	0.017	0.0345953	0.00838889	0.0173146	0.049246	0.0112005	0.0435561	0.0234645	0.0174341	0.123938	0.00958915	0.0493989	0.0339932	0.249914	0.169397	0.0166278	0.00145632	0.0448142
45	0.0882752	0.0178557	0.0307095	0.0663514	0.00394693	0.0448628	0.0431511	0.0124518	0.0402402	0.0482605	0.0161317	0.0891068	0.0962819	0.139071	0.0585677	0.120548	0.0485181	0.0233133	0.00438839	0.0079675
46	0.0391403	0.0141249	0.106642	0.0544732	0.00373575	0.218998	0.0259487	0.0157746	0.0206233	0.0127596	0.00769165	0.183661	0.00384148	0.0378035	0.0194105	0.153233	0.0692775	0.00531061	0.00385577	0.00369496
47	0.0776922	0.014727	0.0325325	0.0518175	0.00321633	0.0374907	0.0518197	0.0115525	0.0537526	0.0562418	0.0148679	0.0853496	0.119814	0.121112	0.0679322	0.11817	0.0471324	0.0242937	0.00438776	0.00609884
48	0.0341256	0.0215504	0.0396239	0.0297992	0.0166241	0.0244037	0.0284141	0.0119821	0.0439141	0.03049	0.00983661	0.0686363	0.00863992	0.0436689	0.0204803	0.233285	0.292035	0.0219963	0.00320515	0.0172884
49	0.0233277	0.00537705	0.0214836	0.034273	0.00576532	0.02739	0.0255879	0.0149979	0.405278	0.0152218	0.00592704	0.0571882	0.00188395	0.0388105	0.249262	0.0413387	0.0153111	0.00334061	0.000678629	0.0075575
50	0.111887	0.105266	0.0211048	0.027776	0.0450364	0.0503531	0.028174	0.0467954	0.0399335	0.0530155	0.0199471	0.0482853	0.0368115	0.0404571	0.033569	0.117488	0.0686615	0.0672936	0.0114734	0.0266718
51	0.0184471	0.0086243	0.00463326	0.00195399	0.0224712	0.00223992	0.00285955	0.414253	0.00126001	0.0770071	0.0210164	0.00144417	0.00979569	0.00371963	0.00128849	0.0116597	0.00889152	0.380725	0.000687536	0.00702221
52	0.0729169	0.0576834	0.00506776	0.0127986	0.0431304	0.019618	0.00975562	0.108478	0.0549621	0.070981	0.00843149	0.021454	0.0813149	0.0203456	0.00895685	0.0409264	0.176146	0.170693	0.00911957	0.00722084
53	0.0340369	0.00854308	0.00420937	0.00433229	0.0236761	0.00407103	0.00436041	0.355664	0.00283264	0.1231	0.0415183	0.00341815	0.0100419	0.00668778	0.00207242	0.014334	0.0141047	0.334649	0.00147157	0.00687556
54	0.0369019	0.00881057	0.0226898	0.024473	0.0119593	0.0302704	0.0216283	0.0229769	0.359388	0.0140156	0.00860936	0.0474937	0.00358413	0.0351032	0.271691	0.0463785	0.0173083	0.0046485	0.00136724	0.0107021
55	0.102977	0.0215903	0.0217697	0.034642	0.0077573	0.0603332	0.0371583	0.0166416	0.0473203	0.0361097	0.0135166	0.0657779	0.0660608	0.06651	0.0560431	0.191599	0.104058	0.0363818	0.00234107	0.0114125
56	0.0808001	0.0189025	0.0162896	0.0316106	0.029406	0.0557442	0.0478836	0.0285359	0.0191612	0.162536	0.0944663	0.118211	0.016439	0.0294188	0.0230787	0.0595367	0.0293716	0.0606265	0.0130787	0.0649032
57	0.03654	0.00920012	0.380723	0.219845	0.0186537	0.0188566	0.0127697	0.0284048	0.0255765	0.0237657	0.0212867	0.0449462	0.0218195	0.0205817	0.018027	0.0585329	0.0151314	0.0128315	0.00135767	0.0111499
58	0.0383478	0.011132	0.0752932	0.0483971	0.00430634	0.235925	0.0364861	0.010794	0.025038	0.0151102	0.00874281	0.195714	0.00702124	0.0389704	0.0226522	0.147981	0.0618177	0.00685003	0.00374889	0.00567166
59	0.0788993	0.0158259	0.0306835	0.0817268	0.00570368	0.0428144	0.0378936	0.0136433	0.0755335	0.047186	0.0170379	0.0636741	0.0773524	0.120026	0.109225	0.0960409	0.0444253	0.0294555	0.0031771	0.00967616
60	0.0602853	0.00996361	0.00607347	0.0151599	0.0328637	0.0107319	0.0104848	0.155074	0.011476	0.27706	0.0823059	0.0271108	0.0300254	0.0476937	0.0110068	0.0234857	0.0384173	0.138986	0.00473283	0.00706225
61	0.0771589	0.0128117	0.0802273	0.07021	0.00430691	0.0886675	0.0350605	0.0228109	0.0304626	0.0290642	0.013784	0.129182	0.0347606	0.090133	0.0391081	0.145392	0.0682878	0.0165225	0.00430009	0.00774951
62	0.0299356	0.00731469	0.0237397	0.0254311	0.00988947	0.028707	0.022014	0.0194179	0.379398	0.0132431	0.00753518	0.0491538	0.00179528	0.0345351	0.27586	0.0418197	0.0162171	0.00330353	0.00086547	0.00982388
63	0.0645307	0.0164385	0.041169	0.0786786	0.0191193	0.0226982	0.0287214	0.056506	0.105631	0.0599979	0.0179236	0.0450618	0.149193	0.0711473	0.0486921	0.0744811	0.0475778	0.031361	0.00552449	0.0155467
64	0.241881	0.0936727	0.00723996	0.0101123	0.0211985	0.13848	0.0117478	0.0155247	0.022492	0.0281553	0.0138651	0.0322094	0.0343237	0.022816	0.0129245	0.169361	0.0644668	0.0494555	0.00201222	0.00806125
65	0.0164503	0.022198	0.0082434	0.00588649	0.363048	0.0224387	0.0373918	0.0376792	0.00994381	0.0602336	0.0195426	0.0224204	0.00481979	0.00813559	0.0210537	0.0498245	0.00979396	0.0423064	0.0245086	0.214081
66	0.0558531	0.022193	0.0130998	0.0239984	0.0749955	0.0191596	0.0263067	0.0976154	0.03228	0.0622981	0.0207546	0.0260047	0.18786	0.0342353	0.0282987	0.0852281	0.066863	0.0803243	0.010315	0.0323164
67	0.0667088	0.0237349	0.0303799	0.0412149	0.0305155	0.0371495	0.0876373	0.0202962	0.0421801	0.0419207	0.0203116	0.0975981	0.0500218	0.0663659	0.0447458	0.159606	0.0687177	0.0295883	0.00614916	0.0351578
68	0.0313159	0.00773672	0.004233	0.0045697	0.0274061	0.00343824	0.00372599	0.345186	0.00232848	0.137082	0.0497922	0.00279134	0.0103242	0.00736248	0.00268932	0.0145358	0.0134751	0.324072	0.00151475	0.00642087
69	0.0426606	0.0434784	0.00710679	0.00883664	0.0942058	0.00810066	0.00754434	0.175025	0.0284208	0.140472	0.0330627	0.0119958	0.0268783	0.013286	0.00948885	0.0284224	0.0875479	0.187214	0.0288413	0.0174118
70	0.0480572	0.0457338	0.0164011	0.0213009	0.246302	0.0182607	0.0605004	0.0240928	0.0160323	0.0311276	0.0108902	0.0266064	0.00811005	0.0285485	0.025183	0.0705039	0.0384053	0.053663	0.0141563	0.196124
71	0.13417	0.113162	0.0124905	0.0205912	0.0267653	0.0374069	0.0503792	0.0403159	0.0226695	0.0693784	0.0244566	0.0478231	0.0244681	0.0342319	0.0203268	0.141854	0.0647199	0.0869187	0.0053572	0.0225142
72	0.0243913	0.00582053	0.0198269	0.0282364	0.00675275	0.0273224	0.0243931	0.0157744	0.406891	0.014608	0.0067708	0.0509241	0.00168084	0.0423268	0.258569	0.0392615	0.0140292	0.00322351	0.000826272	0.00837031
73	0.0386072	0.00714567	0.00356605	0.00594949	0.0319299	0.0037751	0.00419834	0.297001	0.00204896	0.192301	0.0669058	0.00382478	0.0102513	0.0103462	0.00296574	0.0134025	0.0159115	0.281609	0.00251939	0.00574169
74	0.0119987	0.0218807	0.007951	0.00395176	0.410574	0.0231704	0.0376227	0.0249361	0.00849454	0.0303814	0.0102944	0.0238911	0.00257169	0.00514486	0.0199183	0.0437349	0.00582404	0.0261779	0.0347276	0.246754
75	0.0336958	0.0231805	0.0196334	0.0242168	0.154989	0.0198654	0.0356784	0.0335564	0.127839	0.0385284	0.0272321	0.0327214	0.0120273	0.0414812	0.170836	0.0495962	0.0221034	0.0207717	0.019545	0.0925024
76	0.0106016	0.0199628	0.0070899	0.00250173	0.430459	0.026479	0.0369776	0.0240487	0.00523133	0.0275949	0.00783801	0.0237112	0.00232466	0.00326334	0.0197135	0.0409694	0.00439545	0.0248331	0.0259234	0.256081
77	0.0703259	0.0110871	0.0171087	0.0355345	0.00949157	0.0245938	0.0379205	0.0149775	0.0357168	0.0505642	0.0108874	0.0462174	0.342233	0.056756	0.0611029	0.0957867	0.0520187	0.014147	0.00332609	0.0102041
78	0.0541374	0.0171721	0.114786	0.109348	0.012568	0.0292446	0.0553399	0.0137049	0.0366562	0.0325981	0.0126361	0.0546505	0.0646443	0.110962	0.0463528	0.0980693	0.0688687	0.0410828	0.00350426	0.0236732
79	0.0253443	0.00726732	0.00445013	0.00361696	0.0259887	0.00284519	0.00308013	0.362731	0.00160707	0.136919	0.0399446	0.00235794	0.00974725	0.00661971	0.002257	0.0117326	0.0127307	0.333204	0.00147096	0.00608532
80	0.0595805	0.0122256	0.0170596	0.0421925	0.0228881	0.0207355	0.112585	0.0181454	0.0804304	0.0397852	0.0196727	0.0704284	0.0456712	0.146825	0.0752681	0.0997672	0.0370552	0.0234891	0.0249	0.0312953
81	0.0443455	0.0266667	0.017025	0.0329404	0.00930381	0.0206019	0.0421483	0.0102708	0.0553191	0.0274175	0.0131794	0.1104	0.0103137	0.0473931	0.0402295	0.255037	0.17909	0.0173488	0.00157491	0.0393946
82	0.0692745	0.0178199	0.0215321	0.0720068	0.0169254	0.0261197	0.0744766	0.0182013	0.0504336	0.0403846	0.0212153	0.0706629	0.0669195	0.149238	0.0671519	0.110489	0.0430402	0.0254394	0.00527061	0.0333989
83	0.0728138	0.017784	0.022884	0.0178006	0.0078539	0.0197488	0.155847	0.0122461	0.0165828	0.0275065	0.0179249	0.271465	0.0220828	0.0315258	0.0410592	0.124706	0.058651	0.0335441	0.00453538	0.0234381
84	0.0498434	0.0130104	0.056545	0.17214	0.0145717	0.0220782	0.0446375	0.0235538	0.0682542	0.0439917	0.0238202	0.0428869	0.0251325	0.169264	0.069476	0.0690995	0.035391	0.0269407	0.00407394	0.025289
85	0.037882	0.0139125	0.00872631	0.0178781	0.0414136	0.00870226	0.0114152	0.196676	0.0143459	0.241574	0.0622005	0.0133541	0.0169943	0.0305263	0.0221477	0.0283767	0.0346563	0.181722	0.00634435	0.0111518
86	0.0245788	0.00544817	0.0192685	0.0279812	0.00628979	0.0272569	0.0246069	0.0154077	0.414522	0.0143724	0.00660934	0.0509158	0.00166654	0.0425054	0.253846	0.0384626	0.0140519	0.00323307	0.000740935	0.0082359
87	0.341002	0.0204742	0.00423256	0.013279	0.00662519	0.0561993	0.019537	0.00514251	0.0134501	0.0136102	0.00392126	0.0106996	0.250508	0.0147558	0.00533698	0.193328	0.0163124	0.00622312	0.00160882	0.00375423
88	0.0342245	0.00769865	0.003974	0.00441631	0.0233961	0.00430955	0.00415242	0.358019	0.00147328	0.124775	0.0460252	0.00232081	0.00911717	0.00491346	0.00180543	0.0148474	0.0101818	0.336307	0.00104391	0.00699943
89	0.0381459	0.00843434	0.447924	0.218486	0.00502866	0.0191153	0.0111252	0.0111199	0.0184931	0.0211823	0.00851567	0.04975	0.031052	0.0111323	0.0112684	0.0630903	0.0110196	0.00406852	0.000844401	0.0102044
90	0.0842337	0.0919629	0.0356505	0.04	0.0344061	0.048772	0.0405548	0.0243648	0.0426384	0.0493978	0.0233608	0.0997539	0.0263821	0.048661	0.0396214	0.122957	0.070924	0.0376752	0.00766537	0.0310182
91	0.0632218	0.0166286	0.0335604	0.0961695	0.00539386	0.0311862	0.0391654	0.0150715	0.0807611	0.0551971	0.0208273	0.0548261	0.0598084	0.162398	0.101145	0.0888909	0.0408002	0.0211805	0.00192211	0.0118461
92	0.00946684	0.0178809	0.00650782	0.00180716	0.445053	0.0246606	0.0386866	0.0223686	0.00323249	0.0225308	0.00537232	0.0243742	0.00155672	0.0022142	0.0172703	0.0413764	0.00234527	0.024059	0.0214217	0.267815
93	0.294577	0.0694711	0.00481313	0.00973667	0.0170655	0.144036	0.0114494	0.00619495	0.024479	0.0145221	0.00567687	0.0188465	0.140026	0.0123719	0.00571063	0.177143	0.0212367	0.0170729	0.00170185	0.00386984
94	0.00946684	0.0178809	0.00650782	0.00180716	0.445053	0.0246606	0.0386866	0.0223686	0.00323249	0.0225308	0.00537232	0.0243742	0.00155672	0.0022142	0.0172703	0.0413764	0.00234527	0.024059	0.0214217	0.267815
95	0.0622374	0.00489568	0.113183	0.0907697	0.0016154	0.117102	0.0319225	0.00765825	0.0198517	0.0126581	0.00870824	0.175497	0.00331852	0.0576114	0.0287831	0.158283	0.0951176	0.00342974	0.00513378	0.00222383
96	0.0834188	0.0138166	0.0129213	0.0392548	0.00834404	0.0329253	0.0339113	0.00945191	0.0764097	0.0699168	0.00800905	0.0586247	0.0103245	0.0480162	0.0468021	0.296042	0.11031	0.0152586	0.00168001	0.024563
97	0.0247327	0.00545096	0.0203273	0.0286155	0.00618646	0.0304137	0.0269359	0.0167214	0.397417	0.0137031	0.00603462	0.0571312	0.00198635	0.0399113	0.252097	0.0433885	0.0172143	0.0031963	0.000758981	0.00777712
98	0.0711845	0.0199715	0.0307324	0.0844346	0.00405044	0.0300345	0.0359755	0.0152667	0.0890476	0.0679499	0.0257405	0.0617997	0.0586375	0.151891	0.10074	0.0808193	0.0374543	0.0202135	0.00171508	0.0123415
99	0.0844206	0.0147756	0.0501693	0.0722675	0.0023678	0.0501975	0.0372794	0.0122424	0.052217	0.0483944	0.0177317	0.0879423	0.0860422	0.105809	0.071431	0.123633	0.056064	0.0186992	0.00256262	0.00575359
100	0.0385913	0.00920685	0.447396	0.220169	0.00508603	0.0202601	0.0123993	0.0110078	0.0142149	0.0212403	0.00846643	0.0547806	0.0244165	0.011474	0.0114736	0.0638742	0.0104204	0.00363229	0.000716633	0.0111737
101	0.0195023	0.00859759	0.00457001	0.00210403	0.0223712	0.00232139	0.0028592	0.41118	0.0012917	0.07959	0.0222344	0.00148772	0.00965818	0.00395121	0.00133461	0.0115851	0.00894812	0.378395	0.000801483	0.00721703
102	0.126325	0.104149	0.0169305	0.0262427	0.0294876	0.0594113	0.03443	0.0249731	0.0363168	0.040853	0.0178066	0.0530546	0.033586	0.0414953	0.0317863	0.175634	0.0722378	0.0452574	0.00547273	0.0245495
103	0.0184719	0.00862619	0.00463204	0.00195936	0.022543	0.00224055	0.00285653	0.414113	0.00124692	0.0771337	0.0210772	0.00144631	0.00980481	0.00372771	0.001288	0.0116607	0.00890389	0.380554	0.000693555	0.00702019
104	0.0661064	0.0202649	0.0235136	0.0453929	0.0219364	0.0275622	0.0375067	0.046548	0.0417382	0.123753	0.0344188	0.0958336	0.0365938	0.111858	0.0409104	0.0760697	0.0453442	0.0788406	0.00771444	0.018094
105	0.101268	0.0107322	0.0110182	0.0236617	0.00547162	0.0276665	0.0308608	0.0116614	0.0179463	0.0446697	0.00627667	0.0361213	0.425071	0.0361867	0.0283666	0.115691	0.0501154	0.0101393	0.00234786	0.00472764
106	0.0728153	0.00714836	0.00704964	0.0252591	0.00621796	0.0159828	0.0243828	0.0210183	0.0193948	0.0560026	0.00458482	0.0302984	0.480132	0.0302163	0.0252001	0.0968127	0.059439	0.0119504	0.00213866	0.00395604
107	0.183321	0.0190698	0.0051076	0.0176907	0.0064761	0.0466006	0.0153894	0.00831612	0.0183346	0.0307317	0.00461207	0.0190776	0.406558	0.0254491	0.0128445	0.123513	0.0438945	0.00827859	0.00141637	0.00331887
108	0.0212351	0.00820214	0.00456421	0.00289635	0.0245176	0.00262381	0.00286245	0.398644	0.00139331	0.0892794	0.0282595	0.0017275	0.0105025	0.00406582	0.00147094	0.013274	0.0100847	0.366808	0.000838711	0.00674973
109	0.0395336	0.00585991	0.0036357	0.00962619	0.0349751	0.00460592	0.00602834	0.217381	0.003691	0.279985	0.0910172	0.00887053	0.0136757	0.025309	0.0055873	0.0147312	0.0248348	0.201214	0.0044012	0.00503743
110	0.0316942	0.0116631	0.00395014	0.00581809	0.0378684	0.00473521	0.0047254	0.290384	0.00669253	0.172417	0.0488047	0.00592052	0.0205972	0.0132104	0.00371701	0.0162654	0.0291714	0.28183	0.00435153	0.00618356
111	0.0600911	0.0135132	0.0255842	0.0673304	0.0152732	0.030623	0.057809	0.0166899	0.0503592	0.0415513	0.0164256	0.0773328	0.129558	0.120487	0.0683626	0.100172	0.044045	0.0234619	0.0225981	0.0187331
112	0.0238702	0.00576381	0.0192091	0.0295002	0.00664725	0.0277732	0.0312616	0.0152516	0.3947	0.0154682	0.00690518	0.0521669	0.00207399	0.0505319	0.246359	0.0422144	0.0160716	0.00386814	0.00109811	0.00926625
113	0.062849	0.00508097	0.112201	0.0904094	0.00162061	0.115645	0.0321675	0.00768128	0.0201334	0.0129682	0.00897346	0.174271	0.00404995	0.058226	0.0290472	0.158441	0.0950862	0.00373959	0.00506033	0.00234947
114	0.0394574	0.00816063	0.0195442	0.0240681	0.00545014	0.0405593	0.0933857	0.0103619	0.0340447	0.025502	0.0102886	0.104993	0.133934	0.106814	0.0319499	0.19405	0.0494761	0.0414064	0.0173622	0.00919055
115	0.0620743	0.00928471	0.0299074	0.0228412	0.00315869	0.0626527	0.0657654	0.0154021	0.0256266	0.0369542	0.0184155	0.101115	0.108646	0.0616048	0.0443947	0.229367	0.0594009	0.0242992	0.00432547	0.0147647
116	0.0277123	0.0111108	0.00852958	0.014747	0.0480102	0.0294416	0.0526156	0.131421	0.0109321	0.151522	0.126916	0.0151578	0.00957915	0.0140296	0.0107047	0.130074	0.0187773	0.155267	0.00382601	0.0296268
117	0.0452207	0.0184179	0.0134371	0.0401094	0.0528262	0.0147168	0.0876593	0.031821	0.0794853	0.060635	0.0684711	0.0359032	0.103977	0.0811406	0.0592879	0.0593321	0.0318585	0.0215227	0.01521	0.078968
118	0.188675	0.0224996	0.00994538	0.0373507	0.0050728	0.0460865	0.0192546	0.0095147	0.0181909	0.0419383	0.00676204	0.0283421	0.2761	0.0537229	0.0198407	0.146552	0.0519901	0.0127086	0.00142723	0.00402632
119	0.018572	0.0085781	0.00463381	0.00198875	0.0224091	0.00226024	0.00284095	0.413815	0.0012578	0.0774938	0.0212403	0.00145347	0.00980129	0.00370686	0.00129673	0.011661	0.0089162	0.380271	0.000712144	0.00709141
120	0.0990992	0.0275161	0.0274512	0.0659821	0.00309762	0.0374056	0.0408883	0.0120141	0.0398526	0.0605631	0.0205198	0.0840731	0.102664	0.119011	0.0685955	0.109773	0.0473641	0.0246017	0.00265418	0.00687312
121	0.0127606	0.0220654	0.00690561	0.00544329	0.385389	0.021129	0.0414076	0.0336541	0.0122903	0.0414308	0.0161482	0.0225119	0.00506473	0.0113958	0.0292168	0.0424733	0.00714301	0.0234332	0.0232874	0.23685
122	0.0467342	0.0329734	0.033486	0.110778	0.0178962	0.0328239	0.0671163	0.0119231	0.0356741	0.0280318	0.0128166	0.0429689	0.0502342	0.164156	0.0723329	0.12962	0.0533813	0.0358981	0.00380741	0.0173478
123	0.0694611	0.0178258	0.0318055	0.124927	0.0130452	0.0270511	0.062925	0.0164406	0.0532308	0.0381934	0.019416	0.0472902	0.0402075	0.158604	0.0678392	0.100378	0.0452579	0.0384258	0.00413785	0.023538
124	0.123754	0.0120083	0.0138509	0.0405071	0.00406116	0.0380287	0.0244844	0.00954519	0.02116	0.039321	0.00685375	0.0361605	0.349116	0.0664389	0.028571	0.123714	0.0453924	0.0106815	0.00217263	0.00417854
125	0.0897667	0.0126962	0.0353571	0.0688556	0.00390704	0.02728	0.0259585	0.0302113	0.0851141	0.0730382	0.0128399	0.0650335	0.140718	0.101444	0.0636642	0.0928129	0.0467275	0.0164596	0.00291918	0.00519631
126	0.00985566	0.0191601	0.00669932	0.00208781	0.439175	0.0247417	0.0399135	0.0221879	0.00353145	0.0224819	0.00542608	0.0251525	0.00176357	0.00258899	0.0168649	0.0445327	0.00262056	0.0245044	0.021056	0.265656
127	0.043084	0.0332968	0.0189777	0.0240826	0.142221	0.0222979	0.0399462	0.042211	0.0452442	0.0835521	0.0510191	0.0329028	0.0250162	0.0421866	0.0319857	0.0518466	0.032302	0.0490147	0.10467	0.0841433
128	0.219872	0.106069	0.00915802	0.016676	0.0188381	0.057847	0.0228671	0.0231671	0.018007	0.0586194	0.0355504	0.0484881	0.0194572	0.0322367	0.0189885	0.150585	0.0779488	0.0512454	0.00280529	0.0115741
129	0.0300489	0.023332	0.0323218	0.0451905	0.0289034	0.0145508	0.0362887	0.00888908	0.0880488	0.0407839	0.00692887	0.0566063	0.00907241	0.0663121	0.0253098	0.228022	0.211092	0.0258532	0.00225768	0.0201877
130	0.0184471	0.0086243	0.00463326	0.00195399	0.0224712	0.00223992	0.00285955	0.414253	0.00126001	0.0770071	0.0210164	0.00144417	0.00979569	0.00371963	0.00128849	0.0116597	0.00889152	0.380725	0.000687536	0.00702221
131	0.236288	0.0649867	0.00826474	0.0134197	0.0211462	0.0636622	0.00946931	0.0343441	0.0169244	0.0434949	0.0181406	0.0337057	0.0120832	0.0401083	0.0177454	0.139866	0.13359	0.0749107	0.00199519	0.015854
132	0.0419424	0.0579175	0.0169072	0.018505	0.212381	0.0219689	0.0393217	0.0450282	0.0212559	0.0482599	0.0135242	0.0264613	0.0133603	0.0240861	0.0233818	0.0602117	0.0467609	0.0810467	0.0249648	0.162714
133	0.00951904	0.0178688	0.00651637	0.00184578	0.444117	0.0247056	0.0385623	0.0225947	0.00344164	0.0229524	0.00546094	0.0244674	0.00164112	0.00254954	0.0175073	0.0412542	0.00245207	0.024054	0.0213274	0.267162
134	0.0469862	0.0104928	0.0888312	0.208864	0.0106181	0.0305107	0.0281258	0.0230338	0.104753	0.027169	0.0164391	0.0488892	0.0245012	0.0862239	0.0959618	0.0692142	0.0371542	0.0219983	0.00389751	0.0163361
135	0.032488	0.012248	0.0180005	0.048014	0.0610058	0.0153141	0.0755897	0.0256419	0.0359899	0.21547	0.217724	0.034417	0.010256	0.0159592	0.0122748	0.0215439	0.0161117	0.0239161	0.0463551	0.0616807
136	0.0580846	0.00718219	0.102266	0.0764127	0.00249434	0.116108	0.031183	0.00920637	0.0220369	0.0142448	0.00918297	0.168256	0.00553556	0.052017	0.0292235	0.172698	0.108761	0.00580427	0.00442515	0.00487763
137	0.0293139	0.0307273	0.0211413	0.0359329	0.0234429	0.0105888	0.035476	0.00749493	0.0677666	0.0524105	0.00631203	0.0655574	0.0061294	0.0611233	0.0207732	0.244287	0.231273	0.0276909	0.00165054	0.0209083
138	0.0349193	0.0169647	0.0169304	0.0429691	0.0566326	0.0123976	0.0491648	0.0329115	0.179537	0.0368956	0.042236	0.0310952	0.0158946	0.108058	0.180053	0.0508129	0.0246746	0.0138531	0.00659453	0.047406
139	0.0228198	0.00857776	0.0043968	0.00328895	0.0300286	0.00278084	0.00327543	0.370903	0.00164055	0.117982	0.0348227	0.00244352	0.0103479	0.00607925	0.00188414	0.0134267	0.0130491	0.343687	0.00180098	0.00676421
140	0.0572876	0.0336268	0.0142829	0.0156371	0.260979	0.0874567	0.0325502	0.0269343	0.0222319	0.0372721	0.0149488	0.0385398	0.0212654	0.0180906	0.0238255	0.0710904	0.0240361	0.0343746	0.016884	0.148686
141	0.0421478	0.00878248	0.392927	0.260772	0.00546982	0.0207397	0.0102373	0.0130878	0.02221	0.0230447	0.00924512	0.0500239	0.0192156	0.0199172	0.0153215	0.0563241	0.0125985	0.00766328	0.000822557	0.00945009
142	0.0774585	0.0438363	0.00484403	0.0115163	0.0429376	0.0224176	0.00724718	0.11665	0.0497901	0.08189	0.0101186	0.0251173	0.0887124	0.0255168	0.00720619	0.0354004	0.170387	0.165245	0.00795961	0.00574923
143	0.00986509	0.0181329	0.00652542	0.00185609	0.442552	0.0244863	0.0384397	0.0233424	0.00353565	0.0233305	0.00570993	0.0241636	0.00158307	0.00237884	0.0177786	0.0412941	0.00258419	0.0243578	0.0218116	0.266272
144	0.0236492	0.0124025	0.0305485	0.0236708	0.0374611	0.0112041	0.138471	0.015158	0.188298	0.0744759	0.013482	0.0855327	0.0118405	0.140702	0.0358933	0.0550762	0.0415375	0.0137583	0.00534477	0.0414942
145	0.0693419	0.0558552	0.00416968	0.00880182	0.0381122	0.0114163	0.0081094	0.185504	0.031111	0.0877725	0.0189854	0.0131103	0.0486111	0.0121562	0.00600282	0.0333764	0.104882	0.248536	0.00681252	0.00733277
146	0.0455417	0.0173005	0.0293093	0.052523	0.0101816	0.0262876	0.0635226	0.00804199	0.0477411	0.0263426	0.00816031	0.0702321	0.0440263	0.104545	0.045712	0.208653	0.138152	0.0307005	0.00352685	0.0195004
147	0.0835767	0.020504	0.0342953	0.0574189	0.00279608	0.0472991	0.0459386	0.015169	0.0327412	0.0441083	0.0159464	0.10744	0.0723747	0.0997276	0.052394	0.168234	0.0638304	0.0192775	0.00227765	0.0146504
148	0.0534783	0.00443752	0.0078427	0.0106024	0.00553831	0.0131851	0.0668077	0.00935572	0.0112463	0.0663632	0.00592936	0.0734441	0.387978	0.0248452	0.0508453	0.123315	0.0671609	0.00927208	0.00293163	0.00542177
149	0.0377361	0.033547	0.0436305	0.0746461	0.0286732	0.0107294	0.0726307	0.00864979	0.0280534	0.0193054	0.00790308	0.0535851	0.0107881	0.0786231	0.0215289	0.15472	0.157168	0.0593598	0.00215556	0.096567
150	0.0184766	0.00862654	0.00461992	0.00196156	0.0225268	0.00224245	0.00285732	0.413584	0.00127242	0.0778203	0.021345	0.00145445	0.00976395	0.00372673	0.00130435	0.0116028	0.00888751	0.380269	0.000686868	0.00697218
151	0.085711	0.0321682	0.00385244	0.0166949	0.0287825	0.00885	0.00680051	0.136283	0.0458978	0.0592712	0.0081262	0.0189182	0.0306859	0.010361	0.00568611	0.0634881	0.207262	0.212578	0.0143176	0.00426579
152	0.0184471	0.0086243	0.00463326	0.00195399	0.0224712	0.00223992	0.00285955	0.414253	0.00126001	0.0770071	0.0210164	0.00144417	0.00979569	0.00371963	0.00128849	0.0116597	0.00889152	0.380725	0.000687536	0.00702221
153	0.0421066	0.00891855	0.376518	0.214906	0.00515101	0.0324609	0.0146352	0.011979	0.019446	0.0193565	0.00938651	0.0669234	0.0211048	0.0232179	0.0175123	0.076569	0.0222825	0.00631323	0.00132172	0.00989119
154	0.0892776	0.0223047	0.0494529	0.0588366	0.00954042	0.107302	0.0312571	0.0166378	0.0431999	0.0314116	0.0140312	0.0948939	0.0326244	0.0803839	0.0419634	0.137466	0.0982415	0.0274653	0.00438168	0.00932811
155	0.00946684	0.0178809	0.00650782	0.00180716	0.445053	0.0246606	0.0386866	0.0223686	0.00323249	0.0225308	0.00537232	0.0243742	0.00155672	0.0022142	0.0172703	0.0413764	0.00234527	0.024059	0.0214217	0.267815
156	0.0719393	0.0733969	0.0105654	0.0164401	0.038934	0.0182292	0.0147357	0.076042	0.0599849	0.0600535	0.00927037	0.0271384	0.0367187	0.0247665	0.011894	0.0720827	0.202952	0.148577	0.0116868	0.0145921
157	0.0668768	0.0154459	0.0516812	0.0524134	0.00314551	0.0713263	0.0427023	0.0161695	0.027824	0.0193761	0.0175113	0.144611	0.0165335	0.0456029	0.0389477	0.226606	0.113439	0.0115087	0.00280099	0.0154785
158	0.061429	0.00565356	0.10615	0.0852689	0.00172995	0.111819	0.0316491	0.00786601	0.0230525	0.0128963	0.00870652	0.168856	0.00373984	0.0547369	0.0307433	0.169543	0.103341	0.00468068	0.00460179	0.00353655
159	0.0805559	0.0124461	0.0309438	0.0390308	0.00237364	0.0586758	0.0508441	0.0125969	0.0426472	0.0514047	0.0190606	0.0901887	0.111595	0.08588	0.06616	0.165884	0.0486798	0.0200852	0.00288294	0.00806546
160	0.0622374	0.00489568	0.113183	0.0907697	0.0016154	0.117102	0.0319225	0.00765825	0.0198517	0.0126581	0.00870824	0.175497	0.00331852	0.0576114	0.0287831	0.158283	0.0951176	0.00342974	0.00513378	0.00222383
161	0.0335099	0.01366	0.0379963	0.0311927	0.0258698	0.0224112	0.0223098	0.0237744	0.290912	0.0184577	0.0167754	0.0419384	0.00657333	0.0406484	0.272149	0.0416874	0.0207743	0.00835803	0.00442184	0.0265808
162	0.0337071	0.0375477	0.00899041	0.00874481	0.254412	0.0166272	0.0271745	0.118715	0.0194791	0.080293	0.0230424	0.0183487	0.0128322	0.0145141	0.0229928	0.0355748	0.0220982	0.0850867	0.0237357	0.136084
163	0.118626	0.114319	0.0152917	0.0218658	0.0228885	0.0470019	0.0313457	0.0244458	0.0268318	0.045888	0.0180264	0.0467176	0.0190124	0.035511	0.0213687	0.215464	0.0822092	0.0717707	0.00465825	0.0167577
164	0.0298213	0.00909121	0.00393988	0.00643198	0.0409043	0.00343004	0.00421253	0.273351	0.00370007	0.231781	0.0597926	0.00548731	0.0121216	0.0143354	0.00482114	0.012579	0.0236085	0.250668	0.00406141	0.00586099
165	0.120221	0.0379637	0.0223156	0.0279156	0.0820656	0.102707	0.0303253	0.0300412	0.0329906	0.0398165	0.0167745	0.037698	0.112067	0.0401381	0.0243807	0.107832	0.0487862	0.0425778	0.00944662	0.0339373
166	0.0617104	0.0131311	0.0183355	0.0257188	0.04559	0.0122753	0.0296629	0.0197541	0.065526	0.106436	0.0168153	0.0272101	0.0130342	0.290836	0.024896	0.0677195	0.0215999	0.0831473	0.042708	0.0138937
167	0.0164676	0.0231991	0.00794382	0.00722921	0.363265	0.0298141	0.0369285	0.0296027	0.0142736	0.059102	0.0182727	0.0251014	0.00574571	0.0127623	0.0336294	0.03936	0.00764094	0.0259051	0.0258433	0.217914
168	0.0348776	0.0250705	0.0286935	0.0291772	0.0145409	0.0189153	0.031486	0.0126152	0.0442522	0.0308007	0.0103642	0.0822232	0.00930877	0.043649	0.0222366	0.244834	0.26974	0.0232876	0.00264193	0.0212854
169	0.0599782	0.0234549	0.0383586	0.0425417	0.00779019	0.0452328	0.0636499	0.0127256	0.0315516	0.0250897	0.0151538	0.151793	0.0216945	0.0499374	0.0362415	0.208483	0.124005	0.0196254	0.00301893	0.0196734
170	0.0195132	0.00862106	0.00458311	0.00217639	0.0228511	0.00246149	0.00284458	0.408461	0.00160223	0.0813649	0.0229411	0.00166203	0.0104667	0.00388565	0.00131201	0.0121726	0.0101544	0.375272	0.000746937	0.00690763
171	0.0755949	0.0101858	0.0228755	0.0146851	0.00695126	0.0149593	0.166052	0.00976562	0.0167864	0.0295809	0.0214085	0.341798	0.0165191	0.0205045	0.063096	0.0897085	0.0284791	0.0171935	0.00358451	0.030271
172	0.0507913	0.0136763	0.03172	0.0460401	0.0203556	0.0570083	0.0288268	0.0174188	0.208955	0.0305244	0.0135367	0.0646589	0.023622	0.0622636	0.172858	0.0821392	0.039004	0.0158356	0.00475001	0.0160154
173	0.0553405	0.00843131	0.092347	0.0745755	0.00282609	0.100903	0.0311414	0.00886812	0.0246654	0.014351	0.00908779	0.162088	0.00472413	0.0503816	0.0286086	0.188884	0.125825	0.00643114	0.00414142	0.00637862
174	0.0968798	0.0173465	0.034605	0.0645993	0.00268951	0.0464349	0.0415407	0.0120698	0.0386837	0.0500354	0.015049	0.0826722	0.103207	0.119975	0.0580084	0.134447	0.051755	0.0200701	0.00261554	0.00731698
175	0.136234	0.0268448	0.0197668	0.0375468	0.00827304	0.046116	0.0260523	0.0276677	0.0277343	0.0503062	0.0240867	0.0727351	0.0622528	0.114043	0.0383487	0.120514	0.109778	0.0412512	0.00244401	0.0080044
176	0.0193227	0.00851312	0.00459969	0.00208895	0.0223085	0.0024056	0.00292013	0.412455	0.00128702	0.0783629	0.0220213	0.00150166	0.0097245	0.00374669	0.00138898	0.0121086	0.00918649	0.3783	0.000749358	0.00700929
177	0.0911263	0.0186794	0.0257085	0.0950669	0.0180452	0.0300442	0.0336669	0.0538151	0.0390284	0.0782699	0.0578987	0.0484161	0.0725777	0.0758308	0.0424286	0.075944	0.044303	0.0790602	0.00557491	0.0145152
178	0.0545308	0.0167988	0.0198127	0.0995239	0.0137245	0.014295	0.0544859	0.025276	0.100955	0.0868978	0.0400889	0.0588975	0.0269664	0.16341	0.0875829	0.0641098	0.0234533	0.02094	0.0034133	0.0248371
179	0.183191	0.0624795	0.00644164	0.0137358	0.0253473	0.0315754	0.00996025	0.0915474	0.0291657	0.0497559	0.0132935	0.0261747	0.0271235	0.0242256	0.010971	0.0838889	0.163586	0.131052	0.00693841	0.00954656
180	0.0319351	0.0216756	0.0179436	0.0257196	0.155642	0.0183927	0.0406839	0.0343788	0.129707	0.036192	0.0249881	0.0333903	0.0124659	0.0511328	0.160729	0.0527287	0.0230562	0.0195361	0.0143692	0.0953333
181	0.0248704	0.00671749	0.0200492	0.026801	0.0104554	0.0283666	0.0255929	0.0162287	0.391323	0.0192287	0.0106274	0.0475444	0.00233827	0.0472323	0.251385	0.038476	0.0144592	0.00379886	0.0013758	0.0131299
182	0.0389005	0.0161825	0.0120799	0.0554446	0.0435595	0.00804724	0.103912	0.0309755	0.111356	0.0543185	0.0292845	0.0369449	0.0176956	0.163672	0.0999613	0.0605088	0.0281364	0.0180188	0.00703096	0.0639709
183	0.0243902	0.00817289	0.00440798	0.00290691	0.0239301	0.00279374	0.00314451	0.390428	0.00137188	0.0968118	0.0325539	0.00183884	0.0102168	0.00483072	0.00162494	0.0128274	0.0103016	0.35985	0.000868112	0.00672939
184	0.0661674	0.0209834	0.0517429	0.0427562	0.0120312	0.176235	0.0309642	0.014156	0.0332546	0.0481513	0.014363	0.127317	0.0299442	0.0476389	0.0330573	0.153205	0.0624361	0.0193116	0.00434021	0.0119432
185	0.02919	0.00889349	0.0218667	0.0248041	0.0111653	0.0254751	0.0212253	0.0188806	0.385041	0.0129683	0.00866544	0.0488762	0.00196114	0.0342395	0.278149	0.038458	0.0148618	0.00348034	0.00141729	0.0103818
186	0.0344253	0.0083235	0.003982	0.00427139	0.0226652	0.00390236	0.00449956	0.360787	0.00168049	0.119766	0.0427632	0.00263839	0.00922922	0.00523326	0.00180239	0.0140237	0.00968433	0.341228	0.0011435	0.00795117
187	0.0233317	0.00514496	0.0188454	0.02658	0.00629459	0.0295007	0.0305312	0.0149792	0.40316	0.0154508	0.00690004	0.0518918	0.00189806	0.0510271	0.244357	0.0402013	0.0167608	0.00346586	0.00096103	0.00871803
188	0.0158952	0.0237633	0.00789747	0.00666315	0.367376	0.0221862	0.0358278	0.0485452	0.0117903	0.0570231	0.0173238	0.0215862	0.00635166	0.00986405	0.0232228	0.0415528	0.00978723	0.0385225	0.0238556	0.210966
189	0.0326588	0.0279474	0.0645075	0.0656153	0.0587579	0.00985916	0.0849073	0.0109408	0.0170312	0.019841	0.00844624	0.0255455	0.0108462	0.0641949	0.0142788	0.0832375	0.146337	0.0976626	0.00329099	0.154094
190	0.0305769	0.0720476	0.0141959	0.026972	0.0959569	0.0121219	0.0715159	0.0288474	0.0734879	0.110346	0.0393988	0.0524735	0.0144556	0.0533987	0.0371727	0.0533921	0.0607423	0.0334028	0.0213445	0.0981499
191	0.0285959	0.0111404	0.0615567	0.160101	0.0779474	0.0136495	0.0158264	0.135128	0.0869492	0.0626876	0.0180588	0.019389	0.0154309	0.0309533	0.0516545	0.0940102	0.0225849	0.0754054	0.00554983	0.0133806
192	0.0628502	0.00477206	0.112594	0.0907392	0.00161773	0.116509	0.0318566	0.00758943	0.0200941	0.0125742	0.00870879	0.174668	0.00360602	0.0582202	0.0292736	0.158034	0.0953634	0.00361358	0.00509648	0.0022191
193	0.0458842	0.00807597	0.137139	0.0883884	0.0025669	0.173384	0.0297733	0.00976948	0.0201885	0.0134519	0.0075992	0.167804	0.00528629	0.0432655	0.0218267	0.143134	0.0705897	0.00437499	0.00384499	0.00365359
194	0.0413517	0.00432944	0.142507	0.401258	0.00592589	0.0298474	0.00625034	0.0273423	0.0724293	0.0109767	0.013869	0.0272791	0.00518287	0.0665492	0.0426219	0.0344333	0.0243283	0.0327017	0.00140947	0.00940735
195	0.0367019	0.00750207	0.00437878	0.00956057	0.0369499	0.00528511	0.00786447	0.233221	0.00431756	0.255098	0.0850224	0.00841586	0.0115093	0.0180209	0.00562389	0.0139636	0.0218541	0.220621	0.00562094	0.00846952
196	0.00946684	0.0178809	0.00650782	0.00180716	0.445053	0.0246606	0.0386866	0.0223686	0.00323249	0.0225308	0.00537232	0.0243742	0.00155672	0.0022142	0.0172703	0.0413764	0.00234527	0.024059	0.0214217	0.267815
