979	20
1	0.00563126	0.000545564	0.00117271	0.00163247	0.000558037	0.973947	0.000912248	0.000555146	0.000501873	0.00141212	0.000187844	0.00134197	0.00108323	0.000449889	0.00147854	0.00524693	0.00135026	0.00154808	0.00017664	0.000268001
2	0.0621711	0.00311783	0.0346985	0.0515095	0.0649506	0.0130845	0.0154903	0.0680614	0.0153063	0.171778	0.0222371	0.0231392	0.166939	0.0533639	0.0482048	0.0667205	0.0389145	0.0493886	0.00294161	0.0279831
3	0.0620449	0.00211125	0.0317734	0.0432905	0.0499853	0.01347	0.016597	0.0614841	0.0283323	0.138058	0.0215973	0.0215162	0.204851	0.0612278	0.0593761	0.0705249	0.0449841	0.0457703	0.00251235	0.0204937
4	0.00563126	0.000545564	0.00117271	0.00163247	0.000558037	0.973947	0.000912248	0.000555146	0.000501873	0.00141212	0.000187844	0.00134197	0.00108323	0.000449889	0.00147854	0.00524693	0.00135026	0.00154808	0.00017664	0.000268001
5	0.0565271	0.00523836	0.0290335	0.0428831	0.0806385	0.0119601	0.012537	0.079197	0.0189971	0.189704	0.0280195	0.025534	0.121655	0.0487927	0.0527188	0.0544484	0.0394964	0.0596866	0.00351007	0.0394222
6	0.0567701	0.00300788	0.0377362	0.0279039	0.0115843	0.00835139	0.0129643	0.036274	0.0570637	0.0335536	0.020116	0.0257166	0.356044	0.0808383	0.0656041	0.06884	0.0513017	0.037875	0.0014043	0.00705069
7	0.00590046	0.000564317	0.00120775	0.00171752	0.000592596	0.972553	0.00094936	0.000629275	0.000502995	0.00143557	0.000198265	0.0014391	0.00114086	0.000507441	0.00149574	0.00560126	0.00145728	0.00161754	0.000188424	0.000300828
8	0.0635855	0.00146	0.0313544	0.0466768	0.0554964	0.0133942	0.01932	0.0606275	0.0134494	0.161039	0.0186349	0.0217785	0.206938	0.0548611	0.0478142	0.0771706	0.0405082	0.042085	0.00242112	0.0213857
9	0.0598154	0.00238543	0.0303304	0.0275112	0.0159621	0.0123827	0.0105968	0.0547547	0.0874192	0.0393067	0.0286162	0.0194524	0.219035	0.0917193	0.106742	0.0647011	0.0640491	0.0525381	0.00190718	0.0107755
10	0.00607333	0.000564298	0.00130242	0.00175434	0.000573794	0.970952	0.0010875	0.000801309	0.00051587	0.00144955	0.000243373	0.0015221	0.00114339	0.000674497	0.00157578	0.00590233	0.0015088	0.00187815	0.000194861	0.000282458
11	0.0628745	0.00327998	0.0921244	0.120447	0.0488107	0.0146628	0.0143763	0.0575031	0.0142826	0.135001	0.0197362	0.030441	0.126093	0.0640022	0.0279029	0.0631056	0.0341293	0.0449059	0.00176613	0.0245559
12	0.0571712	0.00277423	0.0335398	0.0276069	0.0138733	0.00992856	0.0104043	0.0450795	0.073647	0.0369788	0.024078	0.0219075	0.300734	0.0822862	0.0854717	0.0665361	0.0547019	0.0423686	0.00177532	0.00913758
13	0.00563126	0.000545564	0.00117271	0.00163247	0.000558037	0.973947	0.000912248	0.000555146	0.000501873	0.00141212	0.000187844	0.00134197	0.00108323	0.000449889	0.00147854	0.00524693	0.00135026	0.00154808	0.00017664	0.000268001
14	0.0467734	0.00578435	0.0371707	0.0453306	0.106754	0.0108286	0.0141601	0.0749821	0.0194265	0.19055	0.0259013	0.0266233	0.0961427	0.0403276	0.0462122	0.0533948	0.0310724	0.0580345	0.00339252	0.067138
15	0.00563129	0.000550086	0.00123385	0.00169496	0.000578041	0.973392	0.000915618	0.000563317	0.000526273	0.00145194	0.000189235	0.00150926	0.00108395	0.000479294	0.0014818	0.00530457	0.00137815	0.00157164	0.00018666	0.000278545
16	0.0603763	0.00185186	0.0437661	0.0597103	0.0529847	0.0129021	0.0175861	0.054089	0.0132525	0.146389	0.0204077	0.0234314	0.225459	0.0545094	0.0423461	0.0682904	0.0344381	0.0412126	0.00230962	0.0246883
17	0.0607999	0.0032044	0.105192	0.127264	0.0471558	0.0141466	0.0143981	0.0562454	0.0147073	0.129772	0.0198531	0.0305445	0.119258	0.064509	0.0272329	0.0608045	0.0355852	0.0434161	0.00152908	0.0243828
18	0.00571011	0.00058657	0.00117014	0.00179067	0.000564135	0.973235	0.000909629	0.000555917	0.000535473	0.00154285	0.000200117	0.0013873	0.00107807	0.000578501	0.00152458	0.00524368	0.00139729	0.00154309	0.000176868	0.000269956
19	0.0604022	0.00223963	0.0328345	0.0352214	0.0316233	0.0118522	0.0156501	0.0520328	0.0401905	0.0899329	0.0213513	0.022683	0.276004	0.0675618	0.0643682	0.0706885	0.0464486	0.043162	0.00194554	0.0138071
20	0.0555263	0.00334197	0.0401423	0.0284833	0.0107237	0.00785723	0.012666	0.0317316	0.0467287	0.0316166	0.0181379	0.0274818	0.403739	0.0701385	0.0555491	0.0699161	0.0440489	0.0344999	0.00127864	0.00639254
21	0.00563126	0.000545564	0.00117271	0.00163247	0.000558037	0.973947	0.000912248	0.000555146	0.000501873	0.00141212	0.000187844	0.00134197	0.00108323	0.000449889	0.00147854	0.00524693	0.00135026	0.00154808	0.00017664	0.000268001
22	0.062626	0.00276002	0.0759921	0.0951267	0.0455071	0.0142679	0.015169	0.05279	0.0167444	0.126718	0.019753	0.0304046	0.176479	0.0624541	0.0352625	0.0650954	0.0359149	0.0425374	0.00189932	0.0224977
23	0.0606676	0.00248162	0.0304072	0.0311827	0.0199723	0.01248	0.0106225	0.0564704	0.0848496	0.050141	0.0279262	0.0186896	0.211719	0.0876202	0.102079	0.0643757	0.06174	0.0522709	0.00204689	0.0122567
24	0.00563126	0.000545564	0.00117271	0.00163247	0.000558037	0.973947	0.000912248	0.000555146	0.000501873	0.00141212	0.000187844	0.00134197	0.00108323	0.000449889	0.00147854	0.00524693	0.00135026	0.00154808	0.00017664	0.000268001
25	0.0564955	0.00317072	0.125915	0.148001	0.0423904	0.0135644	0.016226	0.0541014	0.0147188	0.117741	0.0216304	0.030671	0.0986383	0.0743661	0.0235455	0.0555659	0.0365677	0.0408845	0.00110194	0.0247037
26	0.0251424	0.000149491	0.0170042	0.0203664	0.00781745	0.00612905	0.00860528	0.0314519	0.305332	0.020786	0.030149	0.0186976	0.122918	0.100764	0.162434	0.0556893	0.0435584	0.0204657	0.000430998	0.00210906
27	0.00563126	0.000545564	0.00117271	0.00163247	0.000558037	0.973947	0.000912248	0.000555146	0.000501873	0.00141212	0.000187844	0.00134197	0.00108323	0.000449889	0.00147854	0.00524693	0.00135026	0.00154808	0.00017664	0.000268001
28	0.0463716	0.00307087	0.237307	0.22709	0.0232009	0.0134955	0.0170595	0.0198364	0.03006	0.030311	0.0124488	0.0698818	0.0278413	0.057289	0.0281779	0.0840714	0.0352662	0.0249879	0.0002287	0.0120045
29	0.0614297	0.00268137	0.0354758	0.0455144	0.0326224	0.0135081	0.0122742	0.0595146	0.05949	0.0878904	0.0252055	0.0212921	0.186801	0.0783579	0.0846185	0.0682997	0.0552482	0.0514108	0.00234273	0.0160229
30	0.00563126	0.000545564	0.00117271	0.00163247	0.000558037	0.973947	0.000912248	0.000555146	0.000501873	0.00141212	0.000187844	0.00134197	0.00108323	0.000449889	0.00147854	0.00524693	0.00135026	0.00154808	0.00017664	0.000268001
31	0.0642972	0.00318069	0.0563846	0.0853953	0.0549432	0.0141102	0.0146071	0.0596671	0.0142743	0.151145	0.0197767	0.0256022	0.160232	0.0598104	0.0393789	0.0675164	0.0363301	0.0469322	0.00232857	0.0240874
32	0.0607316	0.00260384	0.03024	0.0275704	0.0160753	0.0119523	0.0102938	0.0535532	0.0824725	0.0392804	0.0274268	0.0186992	0.236715	0.08833	0.10094	0.0660323	0.0629867	0.0510274	0.00205457	0.0110141
33	0.00574455	0.000619473	0.00161799	0.00196688	0.000605041	0.970051	0.000934508	0.000589287	0.000583566	0.00175934	0.000192019	0.00255309	0.00109921	0.000767107	0.0015461	0.00565066	0.00145702	0.00172515	0.000220673	0.000317725
34	0.0633452	0.00333763	0.0536729	0.0785608	0.058934	0.0134577	0.0141407	0.0634798	0.0148269	0.158203	0.0218395	0.0258869	0.150897	0.0571216	0.0396264	0.0677897	0.0372274	0.0490172	0.00257942	0.0260564
35	0.0624067	0.00245804	0.0284413	0.0289982	0.0202286	0.0127769	0.0109001	0.0574306	0.0803312	0.0510412	0.028806	0.0174702	0.21064	0.087574	0.102091	0.0659061	0.0637472	0.0539473	0.00209304	0.0127127
36	0.00563126	0.000545564	0.00117271	0.00163247	0.000558037	0.973947	0.000912248	0.000555146	0.000501873	0.00141212	0.000187844	0.00134197	0.00108323	0.000449889	0.00147854	0.00524693	0.00135026	0.00154808	0.00017664	0.000268001
37	0.0620501	0.00321132	0.0909532	0.118399	0.0494811	0.0142727	0.0142447	0.0583425	0.0142924	0.138999	0.0199214	0.0300818	0.123606	0.0634152	0.0282843	0.0644518	0.034622	0.04535	0.00184654	0.0241746
38	0.0167637	0.000309985	0.0194804	0.0121703	0.00980437	0.00428695	0.0160268	0.0260391	0.241656	0.0207654	0.0220839	0.0246409	0.0686166	0.0734012	0.320885	0.0387528	0.0325398	0.031582	0.000422852	0.0197719
39	0.00563126	0.000545564	0.00117271	0.00163247	0.000558037	0.973947	0.000912248	0.000555146	0.000501873	0.00141212	0.000187844	0.00134197	0.00108323	0.000449889	0.00147854	0.00524693	0.00135026	0.00154808	0.00017664	0.000268001
40	0.0543706	0.00322622	0.179636	0.166343	0.033879	0.0132055	0.0170777	0.0430884	0.0177897	0.0815373	0.0166071	0.0492948	0.0861118	0.0553587	0.0267906	0.0622124	0.0342297	0.0366333	0.000652594	0.0219559
41	0.051595	0.001694	0.0276482	0.0266701	0.0147396	0.0116398	0.0116339	0.0501212	0.133972	0.0380776	0.0292456	0.0196855	0.183959	0.0955142	0.127387	0.0617486	0.0594965	0.0456643	0.00141132	0.00809628
42	0.00580093	0.000544114	0.00119402	0.00165183	0.000568808	0.973342	0.00091729	0.000579731	0.000511476	0.00141314	0.000192798	0.00137177	0.00111985	0.000452942	0.00149042	0.00543507	0.00137946	0.0015793	0.000176445	0.000278616
43	0.0615809	0.0024887	0.0288782	0.0274964	0.01624	0.0126026	0.0100965	0.0564078	0.086966	0.0396401	0.029055	0.0177099	0.216491	0.0907618	0.10692	0.0643194	0.0657508	0.0532123	0.00202643	0.0113566
44	0.00591996	0.000581135	0.00125789	0.00168839	0.000584387	0.972596	0.000952802	0.000618891	0.00050062	0.00146369	0.000187459	0.00150752	0.00113801	0.000481763	0.00149131	0.0055174	0.00141922	0.001616	0.000187298	0.000289925
45	0.0629053	0.00332379	0.0454404	0.0669982	0.0614138	0.0132807	0.0146644	0.0658547	0.0150363	0.164334	0.0220536	0.0243898	0.157191	0.0558585	0.0435963	0.0666905	0.0380309	0.0494388	0.00267075	0.0268283
46	0.0553476	0.00310492	0.0387435	0.0271483	0.0105913	0.00760655	0.0131044	0.0324992	0.0521383	0.0299548	0.0175485	0.0269014	0.393802	0.0722173	0.0595431	0.0708707	0.0474551	0.0335137	0.00130974	0.0065994
47	0.00563126	0.000545564	0.00117271	0.00163247	0.000558037	0.973947	0.000912248	0.000555146	0.000501873	0.00141212	0.000187844	0.00134197	0.00108323	0.000449889	0.00147854	0.00524693	0.00135026	0.00154808	0.00017664	0.000268001
48	0.0227608	0.00386066	0.0374242	0.0499971	0.216776	0.0185009	0.0581051	0.0409879	0.0202983	0.122338	0.0139389	0.0295735	0.0530138	0.0387793	0.0411483	0.0469862	0.0173382	0.033242	0.00243701	0.132494
49	0.0554277	0.00301782	0.0424946	0.0275589	0.00998549	0.00782002	0.0118726	0.0321623	0.0469361	0.0300355	0.0171848	0.0288029	0.4045	0.068404	0.0555003	0.0720985	0.0451149	0.0337124	0.00131059	0.00606029
50	0.00646996	0.000637835	0.00130609	0.00193946	0.000649449	0.969748	0.00101613	0.000740746	0.000545015	0.00156671	0.000197577	0.00161231	0.00131391	0.000636201	0.00154563	0.00614435	0.00169094	0.00169003	0.000210198	0.0003393
51	0.0980766	0.000885007	0.0208322	0.013806	0.00904224	0.010727	0.051762	0.100268	0.0298516	0.0816512	0.00439772	0.10002	0.0400947	0.0532784	0.0728428	0.125607	0.0878004	0.0871068	0.00114147	0.0108086
52	0.00563126	0.000545564	0.00117271	0.00163247	0.000558037	0.973947	0.000912248	0.000555146	0.000501873	0.00141212	0.000187844	0.00134197	0.00108323	0.000449889	0.00147854	0.00524693	0.00135026	0.00154808	0.00017664	0.000268001
53	0.0532566	0.00547243	0.0266051	0.0377858	0.0863989	0.011286	0.0132967	0.0822084	0.0205826	0.197467	0.0291478	0.0256653	0.111083	0.0457454	0.0537316	0.0512912	0.0382297	0.0616272	0.00369446	0.0454245
54	0.0553941	0.00316682	0.0405716	0.0274674	0.0102296	0.00760988	0.0116744	0.0319661	0.049134	0.0302452	0.0175301	0.0278375	0.402623	0.0705964	0.0567409	0.0702481	0.0460443	0.0335241	0.00130976	0.00608706
55	0.00649691	0.000542623	0.00125062	0.00169615	0.000630268	0.971035	0.000952637	0.000681454	0.000505425	0.00143065	0.000200698	0.00151372	0.0013246	0.000474113	0.00147363	0.0061924	0.00150582	0.00159455	0.000177926	0.000320841
56	0.0637638	0.00303576	0.0751321	0.104042	0.0515712	0.0141291	0.0145528	0.0588781	0.0143342	0.145469	0.0196615	0.0293866	0.137247	0.0617342	0.0328172	0.0667771	0.0352832	0.0461438	0.00214515	0.023897
57	0.0613006	0.00254441	0.0292001	0.0273298	0.0162502	0.0124253	0.010302	0.0552679	0.0862201	0.0390716	0.0285779	0.0180408	0.22278	0.0899907	0.105767	0.0648255	0.0641647	0.0527507	0.00201672	0.0111737
58	0.00563126	0.000545564	0.00117271	0.00163247	0.000558037	0.973947	0.000912248	0.000555146	0.000501873	0.00141212	0.000187844	0.00134197	0.00108323	0.000449889	0.00147854	0.00524693	0.00135026	0.00154808	0.00017664	0.000268001
59	0.0584622	0.00302588	0.0312109	0.0508849	0.0601195	0.0136747	0.0140722	0.0711408	0.0353771	0.158296	0.0217837	0.0258835	0.146498	0.0563163	0.0732253	0.0635703	0.0422597	0.0482989	0.00249485	0.0234056
60	0.0559709	0.00312146	0.0398603	0.0272762	0.0105335	0.00773723	0.0117291	0.0324854	0.0507927	0.0301803	0.0174641	0.0274197	0.397114	0.0713875	0.0588892	0.0702379	0.0465536	0.0338146	0.00129938	0.00613274
61	0.00563126	0.000545564	0.00117271	0.00163247	0.000558037	0.973947	0.000912248	0.000555146	0.000501873	0.00141212	0.000187844	0.00134197	0.00108323	0.000449889	0.00147854	0.00524693	0.00135026	0.00154808	0.00017664	0.000268001
62	0.05438	0.00548591	0.0261617	0.0374659	0.0869232	0.0113799	0.0122467	0.0827161	0.0195969	0.196942	0.0295641	0.0257934	0.112309	0.0462793	0.0537972	0.0507259	0.0390271	0.0620772	0.00374542	0.043383
63	0.050961	0.00434759	0.210682	0.161833	0.0249903	0.0158447	0.0185668	0.029722	0.0215174	0.0511932	0.0147821	0.0697683	0.0945195	0.0481969	0.0305691	0.0679474	0.0337772	0.0314662	0.00047853	0.0188367
64	0.00577318	0.000565745	0.00118847	0.00165153	0.000579459	0.973355	0.000932317	0.000587884	0.00050145	0.00143984	0.000188008	0.00139113	0.00109849	0.00046041	0.00149541	0.00535034	0.00140533	0.00156309	0.000189485	0.00028354
65	0.00136832	0.957623	0.0011906	0.00117637	0.00335641	0.00378899	0.00474592	0.00380186	0.000918018	0.00404781	0.000805603	0.00133195	0.000998135	0.00119938	0.00101833	0.00489803	0.00140869	0.00120317	0.000285398	0.00483438
66	0.0228169	0.00124187	0.183545	0.0759091	0.00675148	0.0647003	0.0228819	0.00687918	0.0849437	0.00836209	0.0169948	0.239967	0.0379435	0.0378911	0.0193112	0.109394	0.0455661	0.00647972	0.00165318	0.00676711
67	0.00574265	0.000544312	0.00117874	0.00163663	0.000562358	0.973627	0.00091461	0.000558602	0.000501474	0.00141311	0.000187952	0.00134972	0.00110879	0.000455593	0.00147716	0.00535129	0.00138428	0.00155661	0.000178013	0.000271302
68	0.0443095	0.00157997	0.0137378	0.0144364	0.0111981	0.0205287	0.035943	0.0577523	0.0385456	0.0613576	0.00889754	0.0396457	0.0283699	0.044482	0.0561413	0.164612	0.292751	0.0578397	0.00158118	0.00629013
69	0.0527965	0.00156008	0.0307787	0.0255905	0.0146634	0.0115427	0.0137379	0.0492085	0.125142	0.0360302	0.0276319	0.0225355	0.18362	0.098536	0.129044	0.0614723	0.0605212	0.0463896	0.00139961	0.00779931
70	0.00563126	0.000545564	0.00117271	0.00163247	0.000558037	0.973947	0.000912248	0.000555146	0.000501873	0.00141212	0.000187844	0.00134197	0.00108323	0.000449889	0.00147854	0.00524693	0.00135026	0.00154808	0.00017664	0.000268001
71	0.0489185	0.00353952	0.23821	0.238486	0.0252076	0.0093346	0.0126817	0.0277559	0.022868	0.0418635	0.0131819	0.0579748	0.0407335	0.0491361	0.0269628	0.0646241	0.0322386	0.0321467	0.000194748	0.0139417
72	0.056282	0.00311461	0.0372798	0.0270203	0.0114229	0.00807881	0.0113441	0.0361698	0.057542	0.0320268	0.0200424	0.025292	0.368371	0.0757094	0.0670423	0.0681725	0.0503019	0.0365699	0.00143944	0.00677817
73	0.00563126	0.000545564	0.00117271	0.00163247	0.000558037	0.973947	0.000912248	0.000555146	0.000501873	0.00141212	0.000187844	0.00134197	0.00108323	0.000449889	0.00147854	0.00524693	0.00135026	0.00154808	0.00017664	0.000268001
74	0.0564153	0.00525284	0.0286936	0.0409093	0.0830075	0.0115916	0.0124786	0.080302	0.0187901	0.1915	0.028313	0.0251736	0.121449	0.0475758	0.0519746	0.0536379	0.0390205	0.0601209	0.00354692	0.0402471
75	0.0549308	0.0027766	0.0421122	0.0303287	0.0137782	0.00830186	0.0129126	0.0310482	0.0414311	0.0405923	0.0182633	0.0274871	0.404379	0.0660493	0.0523932	0.0685825	0.0409799	0.0334081	0.00140019	0.00884517
76	0.00563126	0.000545564	0.00117271	0.00163247	0.000558037	0.973947	0.000912248	0.000555146	0.000501873	0.00141212	0.000187844	0.00134197	0.00108323	0.000449889	0.00147854	0.00524693	0.00135026	0.00154808	0.00017664	0.000268001
77	0.0567768	0.0022775	0.0685176	0.0503473	0.0188278	0.0122895	0.0171684	0.0326212	0.0313445	0.0544329	0.0188763	0.0413428	0.322154	0.0618565	0.0480561	0.0703997	0.0404837	0.0352592	0.00118575	0.0157821
78	0.00563126	0.000545564	0.00117271	0.00163247	0.000558037	0.973947	0.000912248	0.000555146	0.000501873	0.00141212	0.000187844	0.00134197	0.00108323	0.000449889	0.00147854	0.00524693	0.00135026	0.00154808	0.00017664	0.000268001
79	0.0629321	0.00208763	0.0320792	0.0476896	0.0603383	0.0136602	0.0174303	0.0646985	0.0139999	0.167131	0.0201282	0.0220801	0.189291	0.0541804	0.0487429	0.0719514	0.0400382	0.0448779	0.00268077	0.0239825
80	0.0580168	0.00207271	0.0317386	0.0276816	0.0161354	0.0123344	0.0126483	0.052378	0.0899382	0.0403778	0.0267542	0.0216687	0.216691	0.0931194	0.112249	0.0632969	0.0619498	0.0498646	0.00165973	0.00942551
81	0.00563126	0.000545564	0.00117271	0.00163247	0.000558037	0.973947	0.000912248	0.000555146	0.000501873	0.00141212	0.000187844	0.00134197	0.00108323	0.000449889	0.00147854	0.00524693	0.00135026	0.00154808	0.00017664	0.000268001
82	0.0564715	0.00519065	0.027494	0.0400109	0.082174	0.0118019	0.0126626	0.0794569	0.0186287	0.190793	0.0277151	0.0250123	0.125389	0.0479137	0.0528261	0.0543139	0.0394837	0.0594651	0.00356476	0.0396329
83	0.00563126	0.000545564	0.00117271	0.00163247	0.000558037	0.973947	0.000912248	0.000555146	0.000501873	0.00141212	0.000187844	0.00134197	0.00108323	0.000449889	0.00147854	0.00524693	0.00135026	0.00154808	0.00017664	0.000268001
84	0.0623459	0.00381734	0.0505448	0.0734369	0.0633931	0.0132869	0.0136825	0.0670086	0.0154285	0.164418	0.0230506	0.025694	0.142219	0.0557261	0.0414472	0.064521	0.0373775	0.051254	0.00263358	0.028714
85	0.0525682	0.00197282	0.027925	0.0252723	0.0146903	0.0104216	0.0096203	0.0498246	0.144347	0.0338542	0.027385	0.0205264	0.205162	0.0905321	0.111733	0.0594711	0.0581746	0.0440598	0.00245964	0.00999984
86	0.00564689	0.000556586	0.00122604	0.00167416	0.000562387	0.973352	0.000919084	0.000566582	0.000538194	0.001443	0.000188565	0.00152651	0.00108392	0.000490245	0.00149689	0.00529903	0.00139401	0.0015675	0.000191799	0.000276377
87	0.0638509	0.00318252	0.0742803	0.104965	0.0525184	0.0138561	0.0140023	0.0595137	0.0140376	0.14674	0.0200566	0.0283922	0.136881	0.0615783	0.0317894	0.0663353	0.0348737	0.0467456	0.00219788	0.0242025
88	0.0413747	0.00135647	0.0259942	0.0237951	0.0102327	0.00762386	0.0086563	0.0395391	0.181686	0.0317122	0.0262203	0.0195163	0.220181	0.0895896	0.123812	0.0623322	0.0484843	0.03081	0.00133564	0.00574817
89	0.00563135	0.0005772	0.00127955	0.0016743	0.000561108	0.973189	0.000912683	0.000558002	0.000526293	0.00146898	0.000194954	0.00161047	0.00111301	0.000471423	0.00147979	0.00532871	0.00138882	0.00156776	0.000188326	0.000278452
90	0.0460189	0.00438592	0.233004	0.271633	0.023105	0.00914744	0.0113251	0.0243213	0.0232602	0.0303065	0.012568	0.0588726	0.0304722	0.0532024	0.0257878	0.0638145	0.0340386	0.0332535	0.0002081	0.011275
91	0.0572703	0.0030153	0.0401111	0.0260858	0.00975759	0.00734406	0.0119358	0.0313167	0.0455606	0.0299042	0.0167018	0.0276705	0.417622	0.0673671	0.053651	0.0708866	0.0443847	0.0321591	0.00150428	0.00575194
92	0.00563126	0.000545564	0.00117271	0.00163247	0.000558037	0.973947	0.000912248	0.000555146	0.000501873	0.00141212	0.000187844	0.00134197	0.00108323	0.000449889	0.00147854	0.00524693	0.00135026	0.00154808	0.00017664	0.000268001
93	0.0328025	0.00149554	0.30291	0.235951	0.0283596	0.0119449	0.0121213	0.0213589	0.0172964	0.0409785	0.00838492	0.0673529	0.0592752	0.0377142	0.0240727	0.0376572	0.0153794	0.0265172	0.000122435	0.0183051
94	0.05924	0.00262733	0.0354979	0.0273625	0.0138955	0.0108184	0.010842	0.0447636	0.0711773	0.0347215	0.0233725	0.0231618	0.295486	0.0817973	0.0856374	0.0687147	0.055854	0.0439742	0.00167349	0.00938284
95	0.00563126	0.000545564	0.00117271	0.00163247	0.000558037	0.973947	0.000912248	0.000555146	0.000501873	0.00141212	0.000187844	0.00134197	0.00108323	0.000449889	0.00147854	0.00524693	0.00135026	0.00154808	0.00017664	0.000268001
96	0.0549694	0.00549619	0.0304184	0.0430917	0.0852534	0.0115129	0.0122889	0.0806153	0.0189923	0.193245	0.0290446	0.0261312	0.113101	0.0470341	0.0515102	0.0519418	0.0381884	0.0607756	0.00365334	0.0427362
97	0.062177	0.00200859	0.113833	0.0491675	0.0100787	0.0155118	0.0245259	0.0287971	0.0317667	0.0309332	0.0172229	0.0657959	0.25765	0.0520931	0.0543084	0.0837494	0.0486007	0.0363109	0.000685492	0.0147833
98	0.00563126	0.000545564	0.00117271	0.00163247	0.000558037	0.973947	0.000912248	0.000555146	0.000501873	0.00141212	0.000187844	0.00134197	0.00108323	0.000449889	0.00147854	0.00524693	0.00135026	0.00154808	0.00017664	0.000268001
99	0.0549717	0.00537054	0.0265864	0.0382559	0.085438	0.011567	0.0123617	0.0818122	0.0194234	0.195348	0.029229	0.0256112	0.11495	0.0468257	0.0537753	0.0517582	0.0393467	0.0614439	0.00369593	0.0422297
100	0.00563126	0.000545564	0.00117271	0.00163247	0.000558037	0.973947	0.000912248	0.000555146	0.000501873	0.00141212	0.000187844	0.00134197	0.00108323	0.000449889	0.00147854	0.00524693	0.00135026	0.00154808	0.00017664	0.000268001
101	0.0597408	0.00193792	0.0364651	0.0496378	0.0573045	0.0123354	0.0172219	0.0546736	0.0135446	0.150569	0.0215489	0.023344	0.230746	0.0528344	0.0460822	0.0660704	0.0361572	0.0413766	0.00279001	0.0256202
102	0.0595463	0.00247531	0.0304008	0.0271404	0.0155665	0.0117294	0.0106046	0.0526789	0.0870568	0.0378786	0.0270113	0.0196468	0.234148	0.0901575	0.102802	0.0657445	0.0624667	0.0500783	0.00204176	0.0108249
103	0.00563126	0.000545564	0.00117271	0.00163247	0.000558037	0.973947	0.000912248	0.000555146	0.000501873	0.00141212	0.000187844	0.00134197	0.00108323	0.000449889	0.00147854	0.00524693	0.00135026	0.00154808	0.00017664	0.000268001
104	0.0636326	0.00182533	0.0379433	0.0553135	0.0565015	0.013625	0.0175537	0.0611316	0.0132891	0.159645	0.0192976	0.0228322	0.19534	0.0550295	0.0460513	0.0735034	0.0387017	0.0432437	0.00260541	0.0229339
105	0.0556124	0.00310589	0.0419593	0.0279988	0.0102563	0.00793129	0.0115137	0.0323277	0.049103	0.0300631	0.0175745	0.0283377	0.398012	0.0701886	0.0569084	0.0712541	0.0461816	0.0343073	0.00127797	0.00608584
106	0.00563126	0.000545564	0.00117271	0.00163247	0.000558037	0.973947	0.000912248	0.000555146	0.000501873	0.00141212	0.000187844	0.00134197	0.00108323	0.000449889	0.00147854	0.00524693	0.00135026	0.00154808	0.00017664	0.000268001
107	0.00563126	0.000545564	0.00117271	0.00163247	0.000558037	0.973947	0.000912248	0.000555146	0.000501873	0.00141212	0.000187844	0.00134197	0.00108323	0.000449889	0.00147854	0.00524693	0.00135026	0.00154808	0.00017664	0.000268001
108	0.0581722	0.00211693	0.0512481	0.0676604	0.0510532	0.0124516	0.0166511	0.0491274	0.0133774	0.13715	0.0216957	0.0245635	0.236699	0.0547994	0.0404005	0.0618589	0.0320592	0.0406352	0.00230767	0.0259723
109	0.0615398	0.00252973	0.0283871	0.0277344	0.0171115	0.0127426	0.0101734	0.0570908	0.0873317	0.0416741	0.029122	0.0174664	0.211409	0.090604	0.10769	0.0645259	0.0651248	0.0539942	0.00207871	0.0116695
110	0.00563126	0.000545564	0.00117271	0.00163247	0.000558037	0.973947	0.000912248	0.000555146	0.000501873	0.00141212	0.000187844	0.00134197	0.00108323	0.000449889	0.00147854	0.00524693	0.00135026	0.00154808	0.00017664	0.000268001
111	0.05871	0.0020084	0.0477268	0.061542	0.0554985	0.0122891	0.0173026	0.0547425	0.0136735	0.147489	0.0212114	0.0238837	0.218584	0.0529411	0.042417	0.0640997	0.0346549	0.0416514	0.00238549	0.0271886
112	0.0615956	0.00250947	0.0283719	0.0273874	0.0165198	0.0126738	0.0100925	0.0568325	0.0884512	0.0398031	0.0292476	0.0173947	0.212139	0.0911663	0.108331	0.0644102	0.0654565	0.0540378	0.00206735	0.0115118
113	0.00563126	0.000545564	0.00117271	0.00163247	0.000558037	0.973947	0.000912248	0.000555146	0.000501873	0.00141212	0.000187844	0.00134197	0.00108323	0.000449889	0.00147854	0.00524693	0.00135026	0.00154808	0.00017664	0.000268001
114	0.0628828	0.00272742	0.0558304	0.0797589	0.0547913	0.013031	0.0150594	0.0588242	0.0138684	0.153635	0.0201047	0.0256476	0.168158	0.0580741	0.0381651	0.0698665	0.035852	0.0467742	0.00250922	0.0244403
115	0.0559268	0.00302339	0.0382914	0.0269592	0.0112042	0.0082133	0.0115714	0.035675	0.0560785	0.0318353	0.0194445	0.0259475	0.372438	0.0744907	0.0660002	0.0690797	0.0493594	0.0363159	0.00151042	0.00663521
116	0.00575432	0.000545396	0.00117284	0.00164668	0.000563943	0.973596	0.000912857	0.000563761	0.00050131	0.0014163	0.000187805	0.00137056	0.00109587	0.000449224	0.00149901	0.00533297	0.0013913	0.00155315	0.000176591	0.000270489
117	0.0634614	0.0027988	0.0656595	0.093559	0.0531483	0.0132744	0.0145682	0.0589184	0.013621	0.150331	0.0198211	0.0271648	0.151738	0.0599119	0.0348766	0.0692313	0.0353673	0.0464341	0.0023998	0.0237148
118	0.0303034	0.000397248	0.0213968	0.0204441	0.00602472	0.00565262	0.00714057	0.0349833	0.245816	0.0253798	0.0285311	0.0172415	0.18234	0.0955517	0.151233	0.0593378	0.0440938	0.0201028	0.00117573	0.00285448
119	0.00569806	0.000548108	0.00118028	0.0016428	0.000570789	0.973683	0.000919452	0.000562533	0.00050752	0.00141852	0.00018773	0.00136878	0.00109249	0.000460487	0.00147976	0.00530869	0.00136467	0.0015543	0.000178459	0.000273337
120	0.061597	0.00248692	0.0283645	0.0274078	0.0165527	0.0126759	0.0101493	0.0568246	0.0886634	0.0399412	0.0291578	0.0174645	0.211795	0.091228	0.108662	0.0642189	0.0653045	0.053983	0.00205083	0.0114719
121	0.00563126	0.000545564	0.00117271	0.00163247	0.000558037	0.973947	0.000912248	0.000555146	0.000501873	0.00141212	0.000187844	0.00134197	0.00108323	0.000449889	0.00147854	0.00524693	0.00135026	0.00154808	0.00017664	0.000268001
122	0.0626824	0.00329884	0.087342	0.117031	0.0502768	0.0142549	0.0141219	0.0586875	0.0143139	0.140529	0.0199101	0.0299109	0.124743	0.0633035	0.0287402	0.0644491	0.0343067	0.0459328	0.00192247	0.0242427
123	0.0566045	0.00302403	0.0350253	0.0266336	0.0120222	0.00875147	0.0110858	0.038972	0.06317	0.0327466	0.0215747	0.0238904	0.345993	0.0802711	0.0743971	0.0657219	0.0522299	0.0392418	0.00149827	0.00714654
124	0.00593302	0.000564366	0.00118783	0.00165897	0.000582402	0.972808	0.000948309	0.000620784	0.000501164	0.00142807	0.000187542	0.00139515	0.00114484	0.000491436	0.00149093	0.00555654	0.00144595	0.00158647	0.000177249	0.000291035
125	0.0568787	0.0026267	0.0413968	0.0357894	0.021451	0.00942347	0.0136246	0.0392644	0.0383761	0.0633048	0.0178268	0.0267967	0.352044	0.0655222	0.053269	0.0717881	0.0424334	0.0357532	0.00170928	0.0107215
126	0.0561835	0.00314651	0.0396963	0.0271613	0.0104844	0.0076299	0.0116218	0.0324097	0.0505315	0.0301314	0.0175403	0.0272708	0.398933	0.0712767	0.0583157	0.0699758	0.0466457	0.033678	0.00131174	0.0060556
127	0.0954775	0.00370531	0.0135633	0.0206251	0.00911118	0.57699	0.00980917	0.0210472	0.00131935	0.00848187	0.000984674	0.0291702	0.0197528	0.0121157	0.00754094	0.11164	0.0320037	0.0172618	0.00146227	0.00793811
128	0.0608652	0.00403026	0.0674205	0.0944093	0.0594963	0.0139703	0.0135128	0.0661317	0.0173701	0.155694	0.0230615	0.0294285	0.119087	0.0583275	0.0383501	0.0614149	0.0362727	0.0501105	0.00239399	0.028653
129	0.0576703	0.00223736	0.0284358	0.0275717	0.016907	0.0120898	0.0107044	0.0548	0.108304	0.0408294	0.0282198	0.0189775	0.199718	0.0915091	0.11157	0.0634286	0.0626513	0.050738	0.00191226	0.0117258
130	0.0675474	0.00211692	0.00956767	0.0152086	0.00628806	0.697625	0.00703601	0.0140059	0.0010663	0.00574208	0.000850998	0.0207801	0.015096	0.00829428	0.00567831	0.08076	0.0236284	0.0123635	0.000955114	0.00538918
131	0.0573107	0.00371285	0.111077	0.148786	0.0482356	0.0141428	0.0137371	0.0576207	0.0169069	0.119438	0.0209774	0.0337506	0.0946829	0.0623398	0.0285162	0.0591833	0.0359772	0.0467758	0.00144389	0.0253852
132	0.0266994	0.000213504	0.0173252	0.020846	0.0079193	0.00608722	0.00868473	0.0323214	0.299342	0.0214869	0.030046	0.018763	0.125786	0.100221	0.159905	0.0553875	0.0442242	0.0218603	0.000467409	0.00241418
133	0.00624684	0.000570136	0.00127017	0.0017062	0.000616058	0.971507	0.000961542	0.000707553	0.000515185	0.00145629	0.000193459	0.00148627	0.00118257	0.000532658	0.00150434	0.00586686	0.00149878	0.00165828	0.000191749	0.000328221
134	0.0545785	0.0025765	0.14782	0.102843	0.0410417	0.0109975	0.0110421	0.0958864	0.011224	0.115382	0.0227148	0.0419436	0.0722671	0.0438011	0.0264242	0.0515781	0.0343462	0.0946731	0.00145978	0.0174005
135	0.0596793	0.00264258	0.0287536	0.0306498	0.0228214	0.0124296	0.0111518	0.057417	0.0764489	0.0594996	0.0273621	0.0196055	0.216222	0.0850201	0.0989319	0.0643225	0.0612401	0.0515524	0.00204239	0.0122079
136	0.00563126	0.000545564	0.00117271	0.00163247	0.000558037	0.973947	0.000912248	0.000555146	0.000501873	0.00141212	0.000187844	0.00134197	0.00108323	0.000449889	0.00147854	0.00524693	0.00135026	0.00154808	0.00017664	0.000268001
137	0.0630597	0.00330857	0.0789791	0.105744	0.0529114	0.0142951	0.0139076	0.0598568	0.0146416	0.144973	0.020485	0.029123	0.130517	0.0616656	0.0320864	0.0645916	0.0353904	0.0469851	0.00207669	0.0254027
138	0.0586392	0.00307252	0.162473	0.124375	0.0303895	0.0175515	0.0212708	0.0410983	0.0186179	0.0756859	0.0172554	0.0587443	0.113281	0.0549239	0.0328775	0.0680229	0.0393169	0.0372082	0.000587688	0.0246089
139	0.00563126	0.000545564	0.00117271	0.00163247	0.000558037	0.973947	0.000912248	0.000555146	0.000501873	0.00141212	0.000187844	0.00134197	0.00108323	0.000449889	0.00147854	0.00524693	0.00135026	0.00154808	0.00017664	0.000268001
140	0.062893	0.00292858	0.0800701	0.109629	0.0510077	0.0134226	0.0140434	0.0577568	0.0138872	0.143696	0.0195181	0.0295863	0.135918	0.0620602	0.0300098	0.0668257	0.0341124	0.0465658	0.00231552	0.0237543
141	0.0562264	0.00307419	0.0403762	0.0269478	0.010682	0.00784338	0.0119811	0.0313223	0.0490018	0.0297071	0.0165664	0.0278217	0.404073	0.0704378	0.0573597	0.0709415	0.0456699	0.0327262	0.00126998	0.00597106
142	0.00563126	0.000545564	0.00117271	0.00163247	0.000558037	0.973947	0.000912248	0.000555146	0.000501873	0.00141212	0.000187844	0.00134197	0.00108323	0.000449889	0.00147854	0.00524693	0.00135026	0.00154808	0.00017664	0.000268001
143	0.0637951	0.00144213	0.031532	0.0472637	0.0558294	0.0135026	0.0192594	0.0610127	0.0131233	0.162017	0.018531	0.0217241	0.204649	0.0548399	0.0477873	0.0772674	0.0405069	0.0421286	0.00244019	0.021348
144	0.00610954	0.000563131	0.00121085	0.00172265	0.000608533	0.97189	0.000971006	0.000668305	0.000502142	0.00142602	0.00018904	0.00149087	0.00114871	0.000510939	0.0015052	0.00584643	0.0015243	0.00161429	0.000188637	0.000309687
145	0.0592957	0.00337043	0.118375	0.135347	0.0459312	0.0144255	0.0147686	0.0563608	0.0151789	0.124903	0.0199236	0.0310692	0.107462	0.0655788	0.0250049	0.0593663	0.0348381	0.0427492	0.00127037	0.0247812
146	0.0263587	0.000107011	0.0201622	0.0207927	0.00756278	0.0061002	0.0103071	0.0302447	0.282432	0.0225808	0.0290121	0.020823	0.128374	0.10228	0.165776	0.0584676	0.0448004	0.0216803	0.000282538	0.00185494
147	0.00563126	0.000545564	0.00117271	0.00163247	0.000558037	0.973947	0.000912248	0.000555146	0.000501873	0.00141212	0.000187844	0.00134197	0.00108323	0.000449889	0.00147854	0.00524693	0.00135026	0.00154808	0.00017664	0.000268001
148	0.0626591	0.00325127	0.0932263	0.121819	0.0494261	0.0145308	0.0140088	0.0586277	0.0144534	0.137251	0.0199832	0.0311232	0.118945	0.0632735	0.0275796	0.0632661	0.0341055	0.0459745	0.00199043	0.0245068
149	0.0566984	0.00301028	0.0429298	0.0289523	0.0109456	0.00852965	0.0114791	0.0345763	0.0535094	0.0310416	0.0191986	0.028884	0.371662	0.0722687	0.0621416	0.071101	0.0487027	0.0362754	0.00131417	0.00677887
150	0.00662358	0.000537484	0.00125604	0.00171744	0.000638046	0.970567	0.000969892	0.00067232	0.000509595	0.00144644	0.000188794	0.00150191	0.00128965	0.000459712	0.00150034	0.00628265	0.00162007	0.00169725	0.000176637	0.000344904
151	0.0354586	0.00498049	0.0384925	0.045906	0.120391	0.0104211	0.0148635	0.075097	0.0190796	0.191548	0.0240239	0.032736	0.0693318	0.0350658	0.0410288	0.048765	0.0295522	0.0592343	0.00465656	0.0993678
152	0.0609994	0.00252246	0.0778917	0.0385338	0.0105999	0.011861	0.0170925	0.0322618	0.0395586	0.0296492	0.0173211	0.0481578	0.325425	0.0583678	0.0523461	0.07996	0.0472407	0.0379534	0.000887286	0.0113701
153	0.00563126	0.000545564	0.00117271	0.00163247	0.000558037	0.973947	0.000912248	0.000555146	0.000501873	0.00141212	0.000187844	0.00134197	0.00108323	0.000449889	0.00147854	0.00524693	0.00135026	0.00154808	0.00017664	0.000268001
154	0.054174	0.00543731	0.0271421	0.038554	0.0875147	0.0113082	0.0123447	0.0819471	0.0194199	0.196156	0.0291745	0.0259255	0.111926	0.0461353	0.0532537	0.0512265	0.0385698	0.0616939	0.00372036	0.0443768
155	0.0555939	0.00316775	0.0416565	0.0279477	0.0101673	0.0077307	0.0115106	0.0319392	0.0490753	0.0299686	0.0174806	0.0282528	0.400694	0.0701486	0.0562735	0.0709962	0.0461906	0.0339373	0.00126522	0.00600347
156	0.00563126	0.000545564	0.00117271	0.00163247	0.000558037	0.973947	0.000912248	0.000555146	0.000501873	0.00141212	0.000187844	0.00134197	0.00108323	0.000449889	0.00147854	0.00524693	0.00135026	0.00154808	0.00017664	0.000268001
157	0.0617705	0.00409583	0.0403556	0.0595556	0.0677877	0.0132011	0.0132306	0.0703813	0.0164537	0.172321	0.0243018	0.0248727	0.143916	0.0537667	0.0460329	0.0625959	0.03889	0.0532994	0.00289803	0.0302737
158	0.00563126	0.000545564	0.00117271	0.00163247	0.000558037	0.973947	0.000912248	0.000555146	0.000501873	0.00141212	0.000187844	0.00134197	0.00108323	0.000449889	0.00147854	0.00524693	0.00135026	0.00154808	0.00017664	0.000268001
159	0.0351455	0.0020695	0.282204	0.248411	0.0288711	0.0106645	0.0115341	0.0215291	0.0197759	0.037961	0.00867608	0.0629103	0.0525661	0.0451722	0.0257613	0.0422358	0.0185448	0.0283344	0.000137696	0.0174953
160	0.0592452	0.0020878	0.030137	0.027277	0.0163956	0.0127162	0.0118951	0.0551191	0.093349	0.0398982	0.0280236	0.0196817	0.204095	0.0943255	0.116255	0.0620732	0.0636937	0.05196	0.00175988	0.010013
161	0.0294365	0.00168682	0.00456434	0.00714876	0.00296244	0.864494	0.00361898	0.00743141	0.000819295	0.00355649	0.000528742	0.00909162	0.00577809	0.00408882	0.00321312	0.0327303	0.00945268	0.00673581	0.000579076	0.00208292
162	0.0326171	0.00144306	0.304151	0.234466	0.0284079	0.0120465	0.0123046	0.0214959	0.0171195	0.0411948	0.00841266	0.0679054	0.0596286	0.0371347	0.0238724	0.0374858	0.0152323	0.0264783	0.000123389	0.0184797
163	0.0595864	0.00210844	0.0305296	0.0270598	0.0165261	0.0127697	0.0119716	0.0547139	0.0919003	0.0396371	0.0283134	0.0198632	0.203535	0.095184	0.115061	0.0630124	0.0641587	0.052054	0.0017805	0.0102347
164	0.00563126	0.000545564	0.00117271	0.00163247	0.000558037	0.973947	0.000912248	0.000555146	0.000501873	0.00141212	0.000187844	0.00134197	0.00108323	0.000449889	0.00147854	0.00524693	0.00135026	0.00154808	0.00017664	0.000268001
165	0.0553866	0.00325338	0.0362966	0.0469862	0.0654847	0.0114172	0.0154494	0.0617828	0.0160427	0.161296	0.0251288	0.0240427	0.205601	0.0490676	0.0472705	0.0561689	0.0343731	0.0484038	0.00281718	0.0337305
166	0.0508441	0.00764424	0.0274848	0.019167	0.00758606	0.00574452	0.0088979	0.0225395	0.0351776	0.0222886	0.0129546	0.0195409	0.51733	0.0708369	0.0458568	0.0526171	0.035773	0.0309145	0.00123895	0.00556299
167	0.0599876	0.00248712	0.0287981	0.0280483	0.0157588	0.0119137	0.0102098	0.0537332	0.0880064	0.038556	0.027497	0.0184949	0.231686	0.0900077	0.103372	0.0636383	0.0629862	0.0519436	0.00200908	0.0108657
168	0.00563126	0.000545564	0.00117271	0.00163247	0.000558037	0.973947	0.000912248	0.000555146	0.000501873	0.00141212	0.000187844	0.00134197	0.00108323	0.000449889	0.00147854	0.00524693	0.00135026	0.00154808	0.00017664	0.000268001
169	0.0331278	0.00156853	0.301846	0.236196	0.0280158	0.011958	0.0121845	0.0214822	0.0173309	0.0408279	0.00846774	0.0674731	0.0586371	0.0378182	0.0240139	0.0382722	0.0160075	0.0264986	0.000123102	0.0181507
170	0.0552533	0.00197382	0.0279222	0.0258541	0.0132659	0.0103375	0.008381	0.0530055	0.11584	0.0371249	0.0286224	0.0179211	0.229778	0.0888752	0.109872	0.0611122	0.0590875	0.0440223	0.00242371	0.00932635
171	0.00563126	0.000545564	0.00117271	0.00163247	0.000558037	0.973947	0.000912248	0.000555146	0.000501873	0.00141212	0.000187844	0.00134197	0.00108323	0.000449889	0.00147854	0.00524693	0.00135026	0.00154808	0.00017664	0.000268001
172	0.00563126	0.000545564	0.00117271	0.00163247	0.000558037	0.973947	0.000912248	0.000555146	0.000501873	0.00141212	0.000187844	0.00134197	0.00108323	0.000449889	0.00147854	0.00524693	0.00135026	0.00154808	0.00017664	0.000268001
173	0.0633065	0.00319681	0.0834702	0.114911	0.0508513	0.0140835	0.0139256	0.058904	0.0142752	0.142522	0.0200343	0.0302561	0.126142	0.0627503	0.0291012	0.0650848	0.0343016	0.0465758	0.00209359	0.0242138
174	0.0584441	0.00227558	0.0290086	0.0273992	0.0152166	0.0118652	0.00997608	0.0542553	0.0975938	0.0383577	0.0276795	0.0195162	0.223793	0.0905363	0.106064	0.0630591	0.0619999	0.0501628	0.00213066	0.0106664
175	0.00624632	0.000540149	0.00129129	0.00179172	0.000636283	0.970335	0.000985775	0.000815309	0.000505387	0.00144509	0.000191315	0.00164068	0.00127708	0.000622335	0.00154332	0.00625158	0.00165419	0.00173299	0.000176379	0.000317978
176	0.0446277	0.00275708	0.233296	0.21132	0.0304789	0.0116482	0.0141135	0.0284978	0.0223555	0.0533555	0.0123003	0.0542319	0.0645077	0.0561939	0.030116	0.0536332	0.0276428	0.0301661	0.000342821	0.0184144
177	0.0589495	0.0020622	0.0306794	0.0269741	0.0163652	0.0126279	0.0119941	0.0546954	0.0933536	0.0394774	0.0280686	0.0200412	0.202966	0.0950656	0.116472	0.0625553	0.0639404	0.0519381	0.00175863	0.0100152
178	0.0057084	0.000552683	0.00117732	0.00164404	0.000560503	0.973552	0.0009207	0.000588734	0.000502593	0.00142127	0.000188051	0.00137683	0.0011048	0.000466811	0.00147914	0.00534683	0.00138253	0.00157446	0.000179623	0.00027291
179	0.0621809	0.00201017	0.040221	0.0565432	0.0573782	0.0131901	0.0172039	0.0599793	0.0135406	0.158065	0.0202035	0.023436	0.198367	0.0545288	0.0446221	0.0705236	0.0375552	0.0432063	0.00254835	0.0246977
180	0.0581644	0.00232709	0.0260412	0.0264074	0.0150631	0.0128528	0.0098506	0.0636722	0.0853885	0.0404663	0.0417723	0.0191412	0.207924	0.09414	0.101219	0.0672013	0.0621487	0.0538362	0.00191551	0.0104678
181	0.00563126	0.000545564	0.00117271	0.00163247	0.000558037	0.973947	0.000912248	0.000555146	0.000501873	0.00141212	0.000187844	0.00134197	0.00108323	0.000449889	0.00147854	0.00524693	0.00135026	0.00154808	0.00017664	0.000268001
182	0.0553367	0.00323308	0.0398138	0.0272115	0.0101925	0.00736609	0.011697	0.0317745	0.0493825	0.0301008	0.0173803	0.0274631	0.404615	0.0710628	0.0568276	0.0698318	0.0462556	0.0332378	0.00130111	0.00591604
183	0.00563126	0.000545564	0.00117271	0.00163247	0.000558037	0.973947	0.000912248	0.000555146	0.000501873	0.00141212	0.000187844	0.00134197	0.00108323	0.000449889	0.00147854	0.00524693	0.00135026	0.00154808	0.00017664	0.000268001
184	0.0610289	0.00368563	0.0315242	0.0468418	0.0705009	0.0130184	0.0148973	0.0714269	0.0165083	0.177915	0.0240195	0.0234165	0.154713	0.0518478	0.0498459	0.0630454	0.0396006	0.052001	0.00301685	0.0311466
185	0.0557099	0.00316888	0.0402937	0.0273303	0.0102815	0.00753152	0.0117383	0.0314537	0.0490873	0.0299416	0.0170314	0.0277708	0.40509	0.0705073	0.0566282	0.0704061	0.045869	0.0329767	0.0012685	0.00591582
186	0.00563126	0.000545564	0.00117271	0.00163247	0.000558037	0.973947	0.000912248	0.000555146	0.000501873	0.00141212	0.000187844	0.00134197	0.00108323	0.000449889	0.00147854	0.00524693	0.00135026	0.00154808	0.00017664	0.000268001
187	0.0610632	0.00260278	0.0285367	0.0282869	0.0171181	0.0128087	0.0102588	0.0570274	0.0872597	0.0421713	0.0290422	0.0180069	0.209142	0.0908994	0.108307	0.0651049	0.0651702	0.053717	0.00205616	0.0114204
188	0.00563126	0.000545564	0.00117271	0.00163247	0.000558037	0.973947	0.000912248	0.000555146	0.000501873	0.00141212	0.000187844	0.00134197	0.00108323	0.000449889	0.00147854	0.00524693	0.00135026	0.00154808	0.00017664	0.000268001
