296	20
1	0.103333	0.0025044	0.0208651	0.0219328	0.00551191	0.0350445	0.0198669	0.00514792	0.0210184	0.0478419	0.00252503	0.00399943	0.482836	0.031641	0.0356675	0.10911	0.0327831	0.0161522	0.000688286	0.00153092
2	0.0209609	0.0135219	0.0126683	0.0044461	0.451445	0.0139097	0.0246053	0.021337	0.00374871	0.166954	0.0113973	0.00816929	0.00465046	0.0045394	0.0200355	0.0220975	0.0166971	0.025455	0.0578545	0.0955074
3	0.104437	0.00129052	0.0187031	0.0186482	0.0046098	0.0334563	0.0192677	0.00224283	0.0174795	0.0492605	0.00132009	0.0016573	0.515461	0.0308527	0.030471	0.109744	0.0259349	0.0136006	0.000559739	0.00100291
4	0.310199	0.0117975	0.0548007	0.0590491	0.00859456	0.076923	0.00150548	0.0270066	0.0225264	0.0155538	0.0307538	0.0124091	0.00958508	0.0119359	0.0417143	0.117312	0.109197	0.0720068	0.00079022	0.00633944
5	0.0510941	0.0158208	0.00982339	0.0217184	0.138576	0.0233181	0.145038	0.0226874	0.0388409	0.0593765	0.0131533	0.0364816	0.00644476	0.142662	0.0652435	0.0563294	0.0278812	0.0348636	0.0182099	0.0724377
6	0.065691	0.0576858	0.00290971	0.00765612	0.023355	0.147547	0.00255395	0.0117182	0.00663979	0.00981802	0.00301259	0.0107735	0.00187926	0.00395506	0.0141116	0.536199	0.0741489	0.00847377	0.0077644	0.00410763
7	0.0382845	0.0191214	0.0206726	0.0358865	0.0148602	0.0466382	0.218542	0.0125458	0.0636732	0.0246252	0.0109595	0.0595711	0.0135038	0.119429	0.122081	0.0600488	0.029967	0.0244365	0.00932834	0.0558252
8	0.0487198	0.00972841	0.00687114	0.0541298	0.0371504	0.00726323	0.0357306	0.128602	0.0195157	0.245772	0.0280573	0.0228476	0.0164216	0.0891805	0.0253333	0.0438264	0.0515375	0.117135	0.00448682	0.00769078
9	0.0389069	0.0111135	0.0839999	0.0557733	0.00977784	0.0327761	0.0695524	0.0732343	0.0283578	0.025455	0.0121361	0.239133	0.0454651	0.0220901	0.0324392	0.0807388	0.0519066	0.0515809	0.00404947	0.0315132
10	0.105029	0.00144952	0.0199854	0.0199352	0.00489777	0.0341818	0.0181307	0.00254283	0.0170186	0.0483464	0.0016	0.00195785	0.484543	0.0615616	0.030736	0.106234	0.0258022	0.0143411	0.000614102	0.00109273
11	0.0294748	0.00990312	0.000803104	0.00347429	0.105255	0.00589235	0.00401485	0.0941374	0.00302798	0.504368	0.106871	0.00159433	0.00341308	0.00448818	0.0127449	0.00549088	0.0165102	0.0770029	0.00162599	0.0099072
12	0.0284356	0.0101089	0.000742041	0.00386931	0.103334	0.00567549	0.00448712	0.0979277	0.00297557	0.504456	0.105391	0.00155594	0.00341029	0.00434859	0.0124888	0.00532867	0.017106	0.0786828	0.000589469	0.00908609
13	0.0193848	0.0223245	0.00692905	0.0407684	0.0110376	0.0216614	0.226495	0.00836866	0.0553393	0.02212	0.00795423	0.107055	0.00169176	0.202457	0.116145	0.0312512	0.0206596	0.0268681	0.00609255	0.0453977
14	0.0272478	0.00936046	0.00059024	0.00343081	0.104848	0.00571648	0.00352726	0.0958269	0.00247828	0.515315	0.106667	0.00108985	0.00337511	0.00367731	0.0125742	0.00447049	0.0149744	0.0761187	0.000398926	0.00831307
15	0.351444	0.0534816	0.0278805	0.0125659	0.013407	0.0266795	0.00488367	0.00979005	0.00915041	0.0173711	0.00264402	0.011985	0.00333231	0.00601602	0.0298372	0.350504	0.045433	0.0176278	0.00305969	0.00290621
16	0.0304771	0.145349	0.00765616	0.0188618	0.0131499	0.013139	0.164596	0.0281081	0.012865	0.0736116	0.0534051	0.090372	0.0063535	0.0754141	0.097862	0.0264916	0.0215491	0.0368214	0.00574593	0.0781719
17	0.0255688	0.0109315	0.00491104	0.0487871	0.0383024	0.00750464	0.0623374	0.118127	0.0168741	0.292484	0.0213319	0.0185016	0.0114637	0.113233	0.0378972	0.0319317	0.02945	0.0969971	0.00317494	0.0101899
18	0.0294919	0.00724418	0.000650193	0.00329865	0.0637431	0.00387458	0.00499173	0.231636	0.00286594	0.336413	0.0680868	0.0036159	0.00449499	0.00315002	0.00735269	0.00545429	0.019915	0.197229	0.000408418	0.0060841
19	0.0403797	0.0121425	0.110253	0.0591159	0.00316163	0.233788	0.104069	0.0168223	0.0493595	0.0143525	0.00846036	0.0868153	0.00254543	0.0587727	0.0973656	0.0665464	0.0106818	0.0154781	0.0069248	0.00296517
20	0.0238084	0.00420888	0.000510338	0.00458712	0.0282822	0.00125082	0.0039427	0.357085	0.0024735	0.162524	0.0188896	0.00363068	0.00623684	0.00247585	0.0026814	0.0048188	0.0224358	0.347436	0.000382934	0.00233881
21	0.106569	0.00123603	0.0195228	0.0195104	0.0048893	0.0330225	0.0185354	0.0024792	0.017577	0.0475622	0.00125795	0.00157331	0.514392	0.0304873	0.030789	0.108128	0.0267834	0.0141717	0.000544537	0.000968952
22	0.0270617	0.00457423	0.000588137	0.00732478	0.0245938	0.00155206	0.00393025	0.337655	0.00231644	0.148208	0.0195415	0.00318129	0.00485502	0.00437833	0.00398675	0.00513772	0.0211117	0.377546	0.000367238	0.00209011
23	0.0474992	0.0356194	0.00393131	0.00486191	0.0197024	0.00532827	0.402169	0.0157828	0.00483092	0.0190563	0.0154418	0.026449	0.0166943	0.00768947	0.0392823	0.0383445	0.0350417	0.0419686	0.00200488	0.218302
24	0.0214131	0.0112408	0.00951538	0.00514818	0.480043	0.0131891	0.0181453	0.0189415	0.00346832	0.146276	0.00871472	0.0109298	0.0034134	0.00435872	0.0164114	0.0217263	0.0134169	0.0212005	0.032086	0.140362
25	0.0291299	0.00585484	0.000616663	0.00335038	0.0395734	0.00341678	0.003798	0.287666	0.00306353	0.254734	0.0850267	0.00591348	0.00425026	0.00257115	0.00574878	0.00540119	0.023074	0.232474	0.000508363	0.00382803
26	0.181024	0.100809	0.0102107	0.0107254	0.0206508	0.0542479	0.00505361	0.01444	0.00680741	0.016288	0.00373354	0.0212386	0.00330628	0.00469128	0.0184302	0.425067	0.076387	0.0152618	0.00677868	0.00484858
27	0.136615	0.0240285	0.00597247	0.0143841	0.0161223	0.0133712	0.0166687	0.0390588	0.0137009	0.118672	0.0164521	0.0161562	0.0722056	0.0121734	0.0238318	0.15423	0.155634	0.0855074	0.00454325	0.0606716
28	0.293482	0.0149887	0.0490405	0.0593943	0.01373	0.0547178	0.00483855	0.0400689	0.017111	0.0290698	0.0172429	0.0105013	0.0473398	0.0252959	0.0315396	0.110753	0.109974	0.0627187	0.00196105	0.00623168
29	0.0267855	0.0102634	0.00819188	0.0367833	0.0203842	0.0329761	0.224307	0.00414318	0.0834209	0.0213982	0.00521487	0.0598832	0.00121768	0.209705	0.13908	0.0372757	0.0201118	0.0145414	0.0124863	0.0318303
30	0.0512259	0.00824268	0.00221292	0.00724727	0.0349089	0.00433382	0.00660138	0.294788	0.00567557	0.171455	0.0394391	0.022806	0.00683634	0.0060743	0.00722016	0.0202807	0.0402806	0.262993	0.00179205	0.00558609
31	0.024336	0.00974414	0.0210561	0.0561576	0.00861385	0.0547593	0.162042	0.00511384	0.114982	0.0232188	0.00560243	0.0587797	0.000990739	0.176359	0.195342	0.0324204	0.0136545	0.0109583	0.00906442	0.0168049
32	0.0725052	0.00344985	0.153695	0.305105	0.00470713	0.0498211	0.0180572	0.0104722	0.0718854	0.0123078	0.00687141	0.0438278	0.0246542	0.0938271	0.0228607	0.0358999	0.0278041	0.0343391	0.000289587	0.00762024
33	0.203472	0.0130676	0.00409611	0.0123968	0.0126653	0.0253708	0.00963796	0.0506903	0.0111989	0.103138	0.0261348	0.0129583	0.00686522	0.00980817	0.034692	0.0399035	0.0570892	0.357102	0.00469568	0.00501668
34	0.0251153	0.00993236	0.0101919	0.032585	0.00451022	0.0398415	0.0355545	0.0255485	0.200384	0.0206708	0.0108063	0.0558528	0.0207703	0.0416686	0.349564	0.0243651	0.0598021	0.0226856	0.00675854	0.00339264
35	0.0864269	0.00420897	0.0108154	0.0660138	0.0422245	0.00698479	0.0250528	0.0802006	0.0262624	0.185914	0.0153648	0.0361771	0.0297548	0.0726527	0.0212814	0.0989158	0.075639	0.102967	0.00716199	0.00598122
36	0.0633625	0.00643672	0.0355684	0.0982465	0.00554163	0.0489041	0.0606598	0.0147114	0.146755	0.0247452	0.0226642	0.0635441	0.0077671	0.101307	0.172225	0.0538976	0.0344285	0.0289357	0.00394472	0.00635499
37	0.157398	0.00882051	0.0023143	0.00564022	0.00669199	0.0294663	0.00491269	0.0762136	0.00585251	0.157974	0.0127344	0.0160032	0.00600585	0.0127593	0.0155728	0.0420075	0.0222248	0.410927	0.00382427	0.00265725
38	0.0256031	0.00979851	0.00870427	0.0417231	0.0132599	0.0289515	0.241526	0.00395661	0.0806053	0.0156542	0.00388359	0.0639263	0.000958543	0.224444	0.121877	0.032153	0.0246482	0.0179523	0.00800188	0.0323716
39	0.120591	0.0317591	0.0210391	0.0594153	0.00687293	0.412921	0.0176804	0.0164742	0.0331957	0.0110394	0.0114813	0.027582	0.00671809	0.0261119	0.0388054	0.0830255	0.0442682	0.0230784	0.00299928	0.00494208
40	0.0659842	0.0409214	0.0149389	0.0060902	0.136616	0.0554427	0.0140719	0.0296303	0.0118824	0.148455	0.0325403	0.00959841	0.00836495	0.0163778	0.0527143	0.0220354	0.0319871	0.0280736	0.254114	0.0201615
41	0.0228932	0.00424544	0.000485178	0.00424351	0.0306336	0.000906493	0.00395954	0.368166	0.00266975	0.163099	0.0173873	0.00383077	0.00602909	0.00203139	0.00233448	0.00455243	0.0230433	0.336658	0.000343054	0.00248879
42	0.0246378	0.0107975	0.00899628	0.0426576	0.0129142	0.0281367	0.244149	0.00406568	0.0791708	0.0156263	0.00395736	0.0653545	0.000956649	0.220203	0.123989	0.0322565	0.0242665	0.0173729	0.00792283	0.0325693
43	0.08025	0.0192198	0.009919	0.0125749	0.183258	0.018062	0.0149392	0.125071	0.0120445	0.17781	0.0416658	0.0126232	0.0105248	0.0125627	0.0234787	0.0379903	0.0343058	0.11022	0.0303342	0.0331455
44	0.0277282	0.059894	0.00476434	0.0103649	0.0204015	0.00730739	0.393736	0.0273074	0.00650813	0.0291622	0.033029	0.0599762	0.00736047	0.0302117	0.0508783	0.0208039	0.0159525	0.027283	0.00210044	0.165231
45	0.0716321	0.00320771	0.187213	0.320968	0.00437696	0.0505604	0.0188773	0.0117355	0.0715222	0.0130903	0.00630236	0.0450278	0.0166081	0.0522445	0.0215497	0.0351878	0.0259845	0.0362993	0.000209897	0.00740297
46	0.0272198	0.0103094	0.000635948	0.00341242	0.101416	0.00557755	0.00370044	0.111316	0.00285591	0.497014	0.102227	0.00169341	0.00339113	0.00370439	0.0116568	0.00467277	0.0161483	0.0846287	0.000482301	0.00793789
47	0.0233435	0.00939147	0.00872542	0.0374361	0.0172152	0.0342447	0.232771	0.0036341	0.0791549	0.0172016	0.00405222	0.0662552	0.00101336	0.215634	0.135163	0.0379891	0.0203939	0.0149055	0.00960485	0.031872
48	0.0278825	0.00920957	0.000570202	0.00326	0.101194	0.00589267	0.00410858	0.0975996	0.00251162	0.511731	0.107739	0.00116836	0.00393643	0.00374352	0.0128526	0.00461866	0.0144418	0.0781182	0.0003917	0.00902945
49	0.0203196	0.0229985	0.00512262	0.0676498	0.0185288	0.00696949	0.042958	0.141038	0.0254637	0.235566	0.081659	0.0275927	0.0222042	0.127946	0.0203835	0.0234091	0.0254135	0.0769834	0.00250155	0.00529164
50	0.101205	0.00365673	0.0179364	0.0173795	0.00461556	0.0327633	0.0188976	0.00377899	0.0217135	0.0557945	0.00275969	0.00386022	0.477181	0.0288405	0.032037	0.119859	0.0406488	0.0136824	0.0006175	0.00277289
51	0.0639739	0.0242697	0.00169343	0.00345322	0.0894908	0.00553542	0.0114533	0.0951695	0.00501586	0.331912	0.138667	0.0041749	0.00536068	0.00398647	0.0136299	0.0323588	0.0219194	0.122622	0.00160693	0.023707
52	0.0415068	0.0202344	0.00972219	0.00388406	0.25275	0.0292587	0.0182007	0.0313253	0.009108	0.195174	0.0298138	0.00811085	0.0115347	0.00810147	0.0432851	0.0305328	0.0173105	0.0254822	0.16619	0.0484743
53	0.0743091	0.00323402	0.159416	0.317996	0.00476152	0.0498436	0.017723	0.0134529	0.0819575	0.0133269	0.00694634	0.0518855	0.0174134	0.0551971	0.0260448	0.0337809	0.0270117	0.0362543	0.00018171	0.00926339
54	0.378804	0.0193866	0.0454083	0.0409859	0.0124755	0.0662672	0.00177947	0.0230122	0.015006	0.0188274	0.0146687	0.0089212	0.00982378	0.0136805	0.0361464	0.140134	0.0899716	0.0589526	0.00120242	0.00454622
55	0.0775453	0.00300471	0.160363	0.325965	0.0042809	0.0511055	0.0203386	0.0104273	0.0767389	0.0112515	0.00625446	0.0446998	0.0209496	0.0543099	0.0219804	0.0352146	0.0309317	0.0371011	0.000194737	0.0073427
56	0.105114	0.00124131	0.0187341	0.018796	0.00466738	0.033055	0.0188871	0.00234986	0.0175784	0.0486018	0.00130845	0.00165113	0.515721	0.0307516	0.0303563	0.1099	0.0260531	0.0136529	0.000576656	0.00100327
57	0.0244189	0.0056484	0.000567998	0.00399915	0.0370434	0.00134412	0.00410105	0.352112	0.00341157	0.179975	0.0210214	0.00456024	0.00553346	0.00202324	0.00278528	0.00555382	0.025075	0.317574	0.000381828	0.00287008
58	0.298423	0.03105	0.0318894	0.0450948	0.0112643	0.0913543	0.00286949	0.0190809	0.0124406	0.0135491	0.0108911	0.0090387	0.0125574	0.0169942	0.0493076	0.17758	0.111527	0.0427801	0.00208202	0.0102265
59	0.126541	0.00335831	0.0541962	0.103527	0.00492255	0.0422992	0.00994086	0.0243764	0.117018	0.0294028	0.0409858	0.0611111	0.00407997	0.0369583	0.113616	0.0992119	0.0720185	0.0519379	0.000665092	0.00383259
60	0.0271484	0.00895771	0.00078698	0.0036284	0.0894751	0.00491642	0.00410083	0.156574	0.00328206	0.436769	0.0827567	0.00265691	0.00403781	0.00380318	0.00985599	0.00512142	0.0203013	0.127755	0.00117534	0.00689684
61	0.0434262	0.0113416	0.00121782	0.00475397	0.0255827	0.00502782	0.00511348	0.284897	0.00357939	0.156185	0.0318037	0.00591989	0.00433533	0.00415597	0.00561999	0.00909964	0.0237267	0.36952	0.000773023	0.00392087
62	0.0324891	0.015218	0.0910192	0.0597337	0.00377851	0.15859	0.133467	0.0182979	0.0524841	0.0218838	0.00613106	0.068672	0.00205855	0.088512	0.151006	0.0534461	0.00908472	0.0182776	0.0117905	0.00406046
63	0.0714128	0.00275016	0.161646	0.300828	0.00403561	0.0513407	0.0194361	0.00999715	0.0819698	0.0109094	0.00808219	0.0569169	0.0162504	0.0545576	0.0314171	0.0514018	0.0282958	0.0317259	0.000198133	0.00682891
64	0.0272964	0.0055958	0.000612872	0.00377017	0.0338257	0.00190006	0.00437666	0.350684	0.0035138	0.180132	0.0260862	0.00673965	0.00550378	0.00222317	0.0030616	0.00618506	0.0259313	0.309157	0.000626625	0.00277879
65	0.434452	0.040824	0.0395606	0.0191884	0.00941625	0.0310861	0.00529561	0.0115658	0.0121209	0.0214434	0.0050058	0.0150972	0.0049966	0.00822926	0.0314535	0.230765	0.0475804	0.0276193	0.00163342	0.00266642
66	0.0488384	0.0329963	0.0319942	0.00618304	0.00248175	0.0419804	0.0193038	0.0120271	0.0741797	0.0459703	0.0168754	0.0340674	0.148698	0.0258071	0.0795079	0.180762	0.188701	0.00560561	0.000993278	0.00302788
67	0.12082	0.0559897	0.00528133	0.0060681	0.0102181	0.00930794	0.178723	0.0134092	0.00746188	0.0171532	0.0110264	0.013601	0.0110161	0.00778659	0.0616607	0.103538	0.0682038	0.085012	0.00298281	0.210741
68	0.0301737	0.0104103	0.0371217	0.0813555	0.00444704	0.0523265	0.0493493	0.0103946	0.199299	0.0147629	0.00802854	0.0653046	0.00691861	0.071577	0.269447	0.0386671	0.0257949	0.0162855	0.00513461	0.00320186
69	0.0164104	0.0124429	0.00618305	0.0104986	0.0052749	0.0340399	0.0206458	0.018938	0.212519	0.0110199	0.00353953	0.0535041	0.0325953	0.00979809	0.445572	0.0195173	0.0559083	0.0199925	0.00892697	0.00267404
70	0.0252411	0.00528989	0.000566336	0.00440781	0.0315837	0.00130924	0.00371697	0.357611	0.00315007	0.159063	0.0174189	0.00426822	0.00531496	0.00213578	0.00261597	0.00600314	0.0244458	0.342961	0.000390964	0.00250643
71	0.0937297	0.0155679	0.00186215	0.00491986	0.0133054	0.0126395	0.00476355	0.188548	0.00544092	0.0915292	0.0162982	0.00607925	0.00317928	0.00485985	0.0100676	0.0174953	0.0207182	0.485631	0.00108919	0.00227603
72	0.0259607	0.0048114	0.000543735	0.00533871	0.0197573	0.00150141	0.00295116	0.334383	0.00194932	0.139803	0.0473563	0.00388035	0.00391987	0.00244846	0.0040541	0.0036546	0.0200003	0.37544	0.000313438	0.00193236
73	0.024618	0.00425248	0.000507256	0.00477598	0.0247209	0.000977525	0.00335725	0.357786	0.00220874	0.14424	0.0163271	0.00314479	0.00524024	0.00225397	0.00265929	0.00394344	0.0210814	0.37573	0.000221628	0.00195358
74	0.0298738	0.0362082	0.00321237	0.00419905	0.0262968	0.00436769	0.480976	0.0127801	0.00347569	0.0196352	0.0173452	0.0289781	0.00841571	0.00513611	0.0239969	0.0231347	0.0152405	0.0190495	0.00178739	0.235891
75	0.0885467	0.00768769	0.151976	0.223631	0.0131618	0.0643218	0.0287024	0.0160823	0.0677768	0.0211681	0.00957368	0.0571234	0.0246098	0.0478884	0.0388492	0.0581812	0.0318869	0.0360087	0.00268002	0.0101448
76	0.138608	0.0516772	0.00356057	0.00551346	0.0295058	0.0153832	0.0102592	0.0872078	0.0063756	0.092263	0.0350255	0.0138193	0.095094	0.00696767	0.0359859	0.137358	0.072514	0.126405	0.00322055	0.033256
77	0.0335215	0.00787528	0.000638903	0.00235644	0.0684164	0.0073576	0.00307006	0.144205	0.00229274	0.422588	0.156902	0.00355335	0.00247712	0.00262761	0.0118875	0.00426925	0.0143628	0.103339	0.000492292	0.00776601
78	0.108372	0.0171598	0.00680935	0.0302053	0.0171381	0.0159799	0.01091	0.0994566	0.0336185	0.084194	0.0891824	0.0403825	0.0216555	0.0213184	0.0646935	0.0922626	0.0989586	0.132223	0.00438044	0.0110995
79	0.336119	0.021188	0.0395615	0.0419097	0.0120849	0.091894	0.00180214	0.0217891	0.0156246	0.0134271	0.0133137	0.00802959	0.0123423	0.0154528	0.0405214	0.164086	0.0935359	0.0503631	0.00136684	0.00558807
80	0.021358	0.0413443	0.0259501	0.00716347	0.221697	0.0143271	0.0159619	0.047465	0.0061149	0.0978909	0.0125147	0.0136949	0.00416446	0.00614089	0.0148319	0.0507775	0.0324103	0.0684036	0.0795894	0.2182
81	0.128617	0.0234892	0.012715	0.015972	0.0217422	0.0157526	0.0435783	0.098369	0.0108875	0.0692122	0.0228327	0.0615106	0.0529932	0.0146772	0.025849	0.0896993	0.076247	0.15595	0.0048185	0.0550879
82	0.16831	0.0106661	0.00321171	0.0070885	0.00756323	0.0428521	0.00536159	0.0806551	0.00559218	0.15518	0.00930133	0.0167333	0.00998289	0.0192902	0.0151001	0.0545146	0.0261597	0.352863	0.00544937	0.00412553
83	0.107712	0.00482558	0.102471	0.260397	0.0053293	0.0734865	0.0148478	0.01163	0.0822962	0.0225004	0.00874779	0.0341906	0.021971	0.0815473	0.0333103	0.0296066	0.0336296	0.0633622	0.0011077	0.00703053
84	0.0795996	0.00353483	0.177983	0.313927	0.00472426	0.0509483	0.0179962	0.0118901	0.0717553	0.0136831	0.00661999	0.0442078	0.0167798	0.0526199	0.0227864	0.0378854	0.0279521	0.0375094	0.000199878	0.00739768
85	0.0991012	0.00150747	0.019368	0.0175651	0.00478242	0.0375984	0.0272333	0.00259343	0.0185487	0.0502061	0.00177668	0.00222364	0.507021	0.0282245	0.0320885	0.107947	0.0269983	0.0133657	0.000665566	0.00118516
86	0.0368159	0.0149636	0.0650113	0.0476953	0.00978934	0.111101	0.105749	0.0480101	0.0592128	0.0262204	0.0112696	0.137745	0.00958908	0.0591418	0.124908	0.0501505	0.0248881	0.0330727	0.00719016	0.0174768
87	0.400964	0.0387205	0.00263837	0.00374061	0.0134298	0.0776598	0.00370255	0.00881115	0.0138131	0.0180678	0.00371007	0.00868177	0.00190152	0.00452631	0.00700516	0.0491035	0.0233038	0.31232	0.00515033	0.00275036
88	0.0702094	0.00304835	0.156228	0.351317	0.00436018	0.0481753	0.0173892	0.0107811	0.0768321	0.0113603	0.00743476	0.0452171	0.0169976	0.0557407	0.0227256	0.0351975	0.0263521	0.0326674	0.000213776	0.00775259
89	0.245235	0.0804355	0.0166212	0.0105161	0.0181821	0.0423473	0.0041048	0.015836	0.0076282	0.0191527	0.00322024	0.0184553	0.00352678	0.00485485	0.0205135	0.394133	0.0696059	0.0170104	0.00505674	0.00356416
90	0.0198987	0.0374251	0.0200178	0.00542077	0.235035	0.0116907	0.0156508	0.0447812	0.0056269	0.111401	0.0131111	0.0141853	0.00395701	0.00566526	0.0141116	0.0354967	0.0249115	0.0599877	0.0684492	0.253177
91	0.239901	0.0610952	0.0195778	0.0207585	0.0246173	0.0598234	0.00598338	0.0781757	0.00844676	0.029935	0.0333003	0.0111452	0.0357422	0.00952437	0.0362447	0.11826	0.0925223	0.101424	0.00285021	0.0106733
92	0.0321216	0.0241696	0.00611603	0.00380789	0.269521	0.00901969	0.0160716	0.0521577	0.00353726	0.260201	0.0733259	0.00549316	0.00408327	0.00412735	0.0149018	0.0258479	0.018665	0.0792495	0.0279722	0.0696108
93	0.0179542	0.0313414	0.00827053	0.0403593	0.00988902	0.0171095	0.21944	0.0133132	0.0413334	0.0221534	0.0106173	0.139523	0.00246839	0.176989	0.103372	0.0315117	0.0210387	0.0331993	0.0046356	0.0554808
94	0.0712158	0.035164	0.00784991	0.00410777	0.0833226	0.0137423	0.0653746	0.107121	0.00676931	0.127133	0.0944846	0.0142405	0.00598322	0.011043	0.0182743	0.024172	0.0559529	0.173647	0.00297585	0.077427
95	0.0327461	0.0187523	0.0698734	0.0293132	0.0354139	0.0203138	0.0531676	0.0844347	0.0154221	0.0358258	0.0118992	0.222897	0.019419	0.018489	0.0238328	0.0714448	0.0369414	0.0623565	0.0153084	0.122149
96	0.0642357	0.0606063	0.00142322	0.00496766	0.0225342	0.0324223	0.0022424	0.0194312	0.00702194	0.00933583	0.00309222	0.0141285	0.00147215	0.0018602	0.0100244	0.56268	0.158862	0.0124338	0.00732429	0.00390215
97	0.0608428	0.097701	0.00157265	0.00551568	0.0341434	0.0351399	0.002557	0.0120882	0.00476271	0.013803	0.00251829	0.0147696	0.00171643	0.00219777	0.0116901	0.60047	0.0776055	0.00777553	0.00892593	0.00420455
98	0.0342049	0.00646606	0.0325902	0.0989292	0.0061649	0.0429901	0.107413	0.00572806	0.167344	0.0171613	0.00911328	0.0846487	0.00255666	0.125128	0.176004	0.0301794	0.0162144	0.0171516	0.00489813	0.0151124
99	0.181499	0.00579638	0.0113336	0.0757966	0.0315815	0.0123907	0.00921476	0.0444021	0.016361	0.182782	0.00888545	0.0166316	0.0147561	0.0269676	0.0232248	0.0818029	0.08193	0.159665	0.00965389	0.00532461
100	0.0234834	0.00609299	0.000972251	0.00150139	0.0116632	0.00498943	0.00269859	0.263737	0.00219334	0.232782	0.244039	0.011152	0.00129778	0.00160405	0.0091056	0.00396097	0.010833	0.164527	0.000669547	0.00269761
101	0.0702705	0.0032518	0.163482	0.330973	0.00417633	0.0527122	0.0204559	0.0107702	0.0748987	0.0120106	0.0072116	0.0486422	0.0162114	0.0541517	0.025833	0.0386858	0.0257148	0.0328226	0.000433883	0.00729257
102	0.0692285	0.0555993	0.0032243	0.00830375	0.0221099	0.166887	0.00285093	0.0113468	0.0070954	0.00962559	0.00321695	0.010585	0.00183761	0.0043713	0.0144685	0.51885	0.0698392	0.00907683	0.00741552	0.00406792
103	0.0796303	0.0049703	0.163119	0.306668	0.00686405	0.046636	0.0172279	0.0122685	0.0760949	0.014064	0.0084948	0.0429037	0.0289272	0.0564335	0.0215625	0.0355996	0.0365697	0.0342397	0.00030579	0.00742113
104	0.021209	0.0124924	0.00972557	0.0047389	0.462466	0.015107	0.0174586	0.0198976	0.00347496	0.145436	0.009314	0.0113582	0.00343624	0.00446041	0.0168658	0.0245607	0.0137824	0.0232275	0.0352311	0.145757
105	0.0234469	0.00454542	0.000529572	0.00365166	0.0298815	0.0014963	0.00462793	0.351986	0.00280739	0.187957	0.0516094	0.00529448	0.00477393	0.0018418	0.00320568	0.0045869	0.0229919	0.291999	0.000356485	0.00241099
106	0.06679	0.00292375	0.165655	0.299063	0.00405006	0.0522515	0.0210994	0.010617	0.0840691	0.0115858	0.00754227	0.0600405	0.0151229	0.0555848	0.0353599	0.0454047	0.0250143	0.0304787	0.000319168	0.00702795
107	0.139555	0.00388686	0.0155922	0.0606801	0.0551533	0.00793651	0.0123216	0.0639497	0.0235142	0.190432	0.00905143	0.0188084	0.0168567	0.0412842	0.0321674	0.0837833	0.0797989	0.126471	0.0147247	0.00403282
108	0.0277283	0.00957106	0.000571622	0.00350055	0.103204	0.0055893	0.00346631	0.0977693	0.00246971	0.511684	0.10821	0.00120859	0.00331997	0.00363505	0.0122734	0.0045063	0.0153316	0.077321	0.000365209	0.00827574
109	0.397947	0.0230052	0.0444897	0.0398959	0.0105849	0.0605797	0.00202038	0.0191483	0.0155469	0.0183242	0.0121595	0.008776	0.0101707	0.0139866	0.0410566	0.14673	0.0799798	0.0507048	0.000925079	0.0039685
110	0.0332948	0.0290454	0.0108426	0.00975564	0.0612864	0.0239947	0.0852221	0.148412	0.00623677	0.172089	0.0277009	0.0308638	0.00339088	0.0604387	0.0197472	0.0115347	0.0343245	0.163923	0.00203937	0.0658574
111	0.0425079	0.0399919	0.0131756	0.00725917	0.201331	0.0318677	0.0195295	0.0332722	0.00980321	0.136411	0.0263741	0.00977701	0.00759695	0.0112405	0.0476041	0.026372	0.0260049	0.0473218	0.207569	0.0549898
112	0.331834	0.0396425	0.0107589	0.0118209	0.0128208	0.0755514	0.00616793	0.023769	0.0112014	0.0435329	0.00825439	0.0241269	0.00990988	0.00906542	0.0174951	0.094361	0.0519962	0.194727	0.0173102	0.00565447
113	0.0263646	0.00421881	0.000461991	0.0052775	0.0210563	0.000922368	0.00290163	0.352346	0.001726	0.128346	0.0156442	0.00266765	0.00450779	0.0024193	0.00284528	0.00356704	0.0200193	0.402801	0.000206262	0.00170024
114	0.0986216	0.0177376	0.0245374	0.0470867	0.012728	0.444784	0.021984	0.0154592	0.0391918	0.0152044	0.0128297	0.021843	0.0125258	0.0303658	0.0449151	0.0817422	0.0231202	0.0250017	0.00480993	0.00551221
115	0.0905479	0.00464794	0.0234605	0.0254392	0.00517192	0.0341883	0.0196791	0.00584183	0.0378899	0.045473	0.00325813	0.0102635	0.432436	0.0286929	0.0693363	0.103045	0.0422295	0.0154625	0.0011895	0.00174705
116	0.0271325	0.00961808	0.000616634	0.00337795	0.104351	0.00550801	0.00345844	0.100224	0.0026187	0.510308	0.105056	0.00121345	0.00341068	0.00372274	0.0120209	0.00441861	0.0159225	0.0784535	0.000375034	0.00819319
117	0.0507459	0.00494167	0.137264	0.144207	0.0029919	0.0951646	0.0622053	0.00907235	0.0907398	0.0104711	0.0110828	0.106799	0.00626843	0.0531044	0.0806687	0.0914097	0.0193511	0.0169011	0.00236841	0.00424275
118	0.0704886	0.00274948	0.134997	0.276886	0.00524033	0.0499311	0.0187038	0.0146271	0.11182	0.0152433	0.00998802	0.0658592	0.0134154	0.0565809	0.0513641	0.0335456	0.0252758	0.0332363	0.000266235	0.00978143
119	0.0793679	0.094852	0.00275728	0.00666339	0.0296017	0.0379413	0.00318752	0.0126786	0.00584473	0.0136027	0.00274389	0.0148581	0.00239005	0.00263023	0.0127556	0.568278	0.0831573	0.00998369	0.0114109	0.00529469
120	0.0267915	0.00661798	0.000731032	0.0023442	0.0479634	0.00770936	0.00285036	0.180568	0.00228353	0.367488	0.19171	0.00610943	0.00190115	0.00241585	0.0115573	0.00365224	0.0121855	0.11917	0.000538183	0.00541297
121	0.0743801	0.00326017	0.159974	0.319739	0.00482474	0.0498421	0.0176147	0.0134425	0.0808848	0.0134112	0.00693492	0.0510574	0.0173845	0.0550573	0.0253321	0.0337648	0.027133	0.036507	0.000188311	0.00926772
122	0.0445084	0.0280702	0.0133651	0.00593343	0.193845	0.0289673	0.0162824	0.0471599	0.0118874	0.147088	0.0298329	0.0113061	0.00802645	0.0110491	0.0398972	0.0246175	0.0241929	0.0353322	0.224165	0.0544735
123	0.0445972	0.0351431	0.00653175	0.0102286	0.0866442	0.0177193	0.0192609	0.0907169	0.00916645	0.354366	0.0737854	0.0135708	0.0143074	0.0179921	0.0234216	0.0316234	0.0269887	0.0832959	0.0204493	0.020191
124	0.0434556	0.00659026	0.152827	0.113597	0.00422189	0.111705	0.0722385	0.0193744	0.0616955	0.0123818	0.00991133	0.1376	0.00732075	0.0436085	0.067367	0.0879295	0.0179021	0.0199468	0.00342585	0.00690174
125	0.0638862	0.00178284	0.0348987	0.154026	0.0019957	0.0364277	0.019604	0.0109043	0.214222	0.0228345	0.0258101	0.0870392	0.00113516	0.0784185	0.152436	0.0316997	0.0216743	0.0382143	0.000589838	0.00240071
126	0.0254911	0.00886603	0.0102253	0.0441458	0.0137297	0.0333446	0.218596	0.00412017	0.0941199	0.0177734	0.00436076	0.0590468	0.00111822	0.218779	0.138046	0.0341435	0.0218473	0.0158822	0.00892219	0.0274419
127	0.105447	0.00205836	0.050682	0.0874606	0.00483646	0.0385562	0.0197104	0.0042588	0.0334223	0.0387521	0.00269027	0.00980476	0.3872	0.0331914	0.028741	0.0953791	0.0339463	0.0210505	0.000730249	0.00208282
128	0.107813	0.00136678	0.0195397	0.0194959	0.00497698	0.032858	0.0184198	0.00257152	0.0176809	0.0473849	0.00129063	0.00164626	0.51312	0.0304357	0.0310066	0.107117	0.027078	0.0146414	0.000538728	0.00101813
129	0.0521802	0.00452552	0.138371	0.14296	0.00284072	0.100032	0.0505547	0.00815034	0.0946235	0.00951597	0.0117832	0.1118	0.0053397	0.0488498	0.0795694	0.0994859	0.019125	0.0151956	0.00198662	0.00311162
130	0.0615088	0.0399842	0.0110995	0.0123471	0.0103976	0.0259704	0.00846017	0.0354857	0.0471399	0.0232468	0.0119403	0.0263998	0.0326428	0.0113908	0.0347444	0.321721	0.246943	0.0301487	0.00314364	0.0052848
131	0.0306504	0.00513271	0.00100237	0.00600037	0.0213903	0.00226487	0.00319471	0.329098	0.00269115	0.135526	0.0261433	0.00369495	0.00433907	0.00334865	0.00469086	0.00577645	0.0215489	0.391082	0.000498557	0.00192684
132	0.0230182	0.00586956	0.000906938	0.00177343	0.0150365	0.00484408	0.00278521	0.269789	0.0021523	0.233479	0.225331	0.00970378	0.00171939	0.00158701	0.00844323	0.0039642	0.0113358	0.174914	0.000612509	0.00273458
133	0.0200504	0.0155618	0.0110455	0.00494057	0.412905	0.0127995	0.0163129	0.0227843	0.00386357	0.14384	0.00860902	0.0160809	0.00374187	0.00461674	0.0152024	0.0236365	0.014786	0.0265846	0.0364161	0.186222
134	0.0270989	0.00430738	0.000524541	0.00542235	0.0206947	0.00102269	0.00285026	0.349814	0.0019318	0.125592	0.0158908	0.00291145	0.00437553	0.00250029	0.00362649	0.00386063	0.0208265	0.404679	0.000284633	0.00178543
135	0.112629	0.0758256	0.013097	0.0117291	0.0230883	0.0410956	0.0166065	0.0165693	0.0175154	0.0229557	0.00782926	0.0202885	0.0143619	0.013388	0.0474119	0.429767	0.0751306	0.0204155	0.00838382	0.0119126
136	0.0258386	0.0122811	0.00773979	0.00503035	0.351311	0.0113512	0.0159381	0.0516011	0.0040246	0.257291	0.0410052	0.00802388	0.00359713	0.00492044	0.0175102	0.0174279	0.0157145	0.0476534	0.029763	0.0719775
137	0.0767291	0.0152788	0.0314784	0.0653104	0.00597103	0.401141	0.0407545	0.0133693	0.0539671	0.012993	0.0107188	0.0291705	0.00743799	0.0581576	0.0583101	0.0678799	0.0216586	0.0196624	0.00396315	0.00604786
138	0.0590749	0.0514579	0.00158805	0.0036222	0.012887	0.0221693	0.00290394	0.0408331	0.0140563	0.00803762	0.0080281	0.0229665	0.00180787	0.00219583	0.00757117	0.431731	0.275444	0.0267798	0.00399702	0.00284868
139	0.053999	0.0414302	0.00256766	0.00315356	0.0040574	0.0144948	0.00383948	0.0702596	0.0206275	0.00829501	0.0184415	0.0392526	0.00231571	0.00336077	0.00642286	0.251824	0.398533	0.052825	0.00130216	0.00299867
140	0.0573695	0.042502	0.00258477	0.00311326	0.0046762	0.0145932	0.00404603	0.0696001	0.0203397	0.00908658	0.0174051	0.0401583	0.00294111	0.00338866	0.00639541	0.250921	0.391129	0.0546406	0.00165475	0.00345467
141	0.0578473	0.0522722	0.00165716	0.00336686	0.00893311	0.0188355	0.00295895	0.0459433	0.018689	0.00724776	0.00995577	0.0260878	0.00175548	0.00247722	0.00613266	0.367882	0.329057	0.0331194	0.00301624	0.00276455
142	0.0272162	0.00938251	0.00056899	0.00341933	0.104605	0.00564371	0.00351644	0.0957919	0.00249733	0.515829	0.10675	0.00109813	0.00338523	0.00368404	0.0124674	0.00443861	0.0149465	0.0760796	0.000371272	0.00830872
143	0.0488384	0.0329963	0.0319942	0.00618304	0.00248175	0.0419804	0.0193038	0.0120271	0.0741797	0.0459703	0.0168754	0.0340674	0.148698	0.0258071	0.0795079	0.180762	0.188701	0.00560561	0.000993278	0.00302788
144	0.0773802	0.00299678	0.160114	0.314215	0.00465629	0.0490803	0.0185058	0.0128933	0.0834785	0.0123517	0.00689158	0.0501753	0.0189263	0.0543564	0.0273701	0.0352518	0.0275756	0.035223	0.000195523	0.00836181
145	0.0645507	0.00390913	0.127049	0.319981	0.00510861	0.0465618	0.026488	0.0107709	0.0840333	0.01444	0.00812456	0.0466519	0.0163468	0.0870908	0.0372386	0.0340064	0.0260351	0.0324661	0.000719619	0.00842733
146	0.0259485	0.0041338	0.000442103	0.00521392	0.0216502	0.000910699	0.00296052	0.354405	0.00174462	0.1305	0.0160291	0.00276803	0.00457453	0.00242476	0.00278308	0.0035994	0.0200278	0.397874	0.000201344	0.00180742
147	0.0657109	0.00175695	0.031546	0.15125	0.00199985	0.0345082	0.0192914	0.0134495	0.210324	0.0240438	0.0290763	0.0838523	0.00106195	0.0776904	0.153957	0.031962	0.0244079	0.0410765	0.000616247	0.00241899
148	0.0642621	0.0026423	0.104637	0.286207	0.00343382	0.045109	0.0218311	0.00816952	0.13018	0.0134852	0.0113057	0.0598143	0.0101058	0.0734603	0.0722255	0.034183	0.0218213	0.0306212	0.000573205	0.00593258
149	0.0236157	0.00494008	0.000641346	0.00392881	0.0353644	0.00198342	0.00430785	0.328456	0.00265374	0.21655	0.0452963	0.00407157	0.00501793	0.00249492	0.00414785	0.00435453	0.0206409	0.287771	0.000289565	0.00347423
150	0.368564	0.0323491	0.00742197	0.0113443	0.0129279	0.0769096	0.00472209	0.0189506	0.013981	0.0335181	0.00747083	0.0109236	0.00452171	0.00898899	0.0128043	0.0563593	0.0307405	0.278062	0.0055252	0.00391485
151	0.101634	0.00417559	0.0188096	0.07149	0.0363023	0.0110489	0.0150623	0.0845563	0.0448046	0.136805	0.0374629	0.0380124	0.0178641	0.0553177	0.0426119	0.0888016	0.0910174	0.0925955	0.00621175	0.00541626
152	0.204248	0.0194352	0.0290705	0.0413022	0.00918615	0.225387	0.0132812	0.0193521	0.0332631	0.0176161	0.0163836	0.0185584	0.0174193	0.0250791	0.0621295	0.116676	0.0764329	0.042384	0.00720536	0.00558977
153	0.0452803	0.00769958	0.00124618	0.00528073	0.0566054	0.00693022	0.0048113	0.186383	0.00366791	0.336537	0.0819186	0.00501915	0.0053971	0.00704009	0.0102887	0.0124674	0.0211342	0.195148	0.00147615	0.0056685
154	0.0246861	0.0095421	0.0178148	0.0679921	0.00879617	0.0508401	0.15909	0.00442838	0.118194	0.0223362	0.00617244	0.0577588	0.000905069	0.176039	0.190194	0.0346345	0.0135428	0.0115366	0.00871402	0.016783
155	0.0559826	0.00224376	0.0650969	0.156353	0.00244946	0.0490192	0.0257894	0.00522881	0.210318	0.0150625	0.014372	0.0962805	0.00254774	0.0780262	0.140213	0.0367628	0.0158711	0.0242739	0.000664594	0.0034438
156	0.0825688	0.0671027	0.0064317	0.0115234	0.0224297	0.0531954	0.00551312	0.0133109	0.0149528	0.0143217	0.00382693	0.0164208	0.014537	0.00695946	0.0319913	0.512962	0.097734	0.0107832	0.00730882	0.00612647
157	0.0512387	0.00235456	0.0545307	0.151334	0.00226377	0.0483083	0.0275631	0.00440954	0.219476	0.0156777	0.0147692	0.0995507	0.00144726	0.0815027	0.151044	0.033325	0.013782	0.023413	0.00085043	0.00315963
158	0.0287672	0.00939067	0.00886279	0.0391499	0.0138456	0.0282139	0.231482	0.00495092	0.0864408	0.0164775	0.00421911	0.0578661	0.00168193	0.235925	0.114666	0.0321984	0.0273284	0.0209797	0.00798774	0.0295668
159	0.0166498	0.0121902	0.00564101	0.00917272	0.00521101	0.0341625	0.0186654	0.0186825	0.211369	0.0108991	0.00311655	0.0571407	0.0332114	0.00896437	0.451525	0.0188505	0.0552055	0.0180823	0.00892565	0.0023345
160	0.0643134	0.0135349	0.0482619	0.112291	0.177712	0.0343909	0.0256611	0.0414816	0.0443187	0.103122	0.0170944	0.0301875	0.0106659	0.0381453	0.03644	0.0505327	0.0376168	0.05485	0.019582	0.0397975
161	0.0230924	0.00417502	0.000503434	0.00434279	0.0282623	0.00096118	0.00406752	0.364318	0.00238424	0.157426	0.0182755	0.00357218	0.00576907	0.00201495	0.00246128	0.00427503	0.0219924	0.349581	0.00025423	0.00227213
162	0.0536989	0.0274005	0.0131909	0.00791849	0.125034	0.0311603	0.0160401	0.0646583	0.0128231	0.165869	0.0386817	0.0122281	0.0090931	0.0151493	0.0397193	0.0278052	0.0288256	0.0517605	0.22399	0.0349549
163	0.184187	0.0135434	0.00817213	0.0117637	0.0165768	0.022159	0.011805	0.0642258	0.016069	0.0875904	0.0615915	0.0125848	0.00850164	0.00900497	0.0434233	0.0575201	0.0424349	0.319965	0.00238173	0.00650072
164	0.0277732	0.0078438	0.000582372	0.00240137	0.0701836	0.00604103	0.00311845	0.139283	0.00258461	0.43141	0.154899	0.00348477	0.0026011	0.00268911	0.0139788	0.00450949	0.012979	0.106229	0.000446657	0.00696156
165	0.0862008	0.0199328	0.0363913	0.050254	0.00803196	0.141216	0.0366862	0.0165016	0.0924512	0.0185101	0.0131623	0.0416353	0.0296379	0.0434974	0.162358	0.113964	0.0532975	0.0252044	0.00490605	0.00616005
166	0.0625096	0.00178769	0.0368678	0.159195	0.00217063	0.0370396	0.0213002	0.0102807	0.206272	0.0215103	0.0254254	0.0858959	0.00121221	0.0799756	0.151124	0.0345593	0.0212501	0.0383925	0.000668774	0.00256339
167	0.0280246	0.00897568	0.000574157	0.00321316	0.101511	0.00608821	0.00367351	0.095438	0.00250953	0.515891	0.108036	0.00106333	0.00350794	0.00362204	0.0130207	0.00438818	0.0144035	0.0769757	0.000366794	0.00871691
168	0.104936	0.00192474	0.0186336	0.0289467	0.00837214	0.0340994	0.019017	0.0103716	0.0188874	0.0680874	0.00286523	0.00541257	0.441835	0.0394779	0.0293709	0.105191	0.0316851	0.0271741	0.00165974	0.00205258
169	0.0738382	0.00286285	0.15977	0.313662	0.00423489	0.0500537	0.0197366	0.0112457	0.0825313	0.0113531	0.00691774	0.0530382	0.0189047	0.0547041	0.0279939	0.0400658	0.0277474	0.033564	0.000163719	0.00761208
170	0.0915615	0.0215951	0.0165986	0.0487575	0.00382933	0.512307	0.0221376	0.0165318	0.0433189	0.00774218	0.011654	0.0174059	0.00251254	0.0323644	0.0430205	0.0729645	0.0161935	0.0149991	0.0020188	0.00248765
171	0.074435	0.00324411	0.00710361	0.0804136	0.00394576	0.0161306	0.00577575	0.0700942	0.124206	0.0442423	0.0734584	0.0407785	0.00195519	0.0453122	0.194308	0.0483001	0.0759927	0.0864362	0.00134354	0.00252452
172	0.094488	0.0189673	0.0232777	0.0480388	0.00852401	0.454083	0.0205786	0.0174075	0.0379168	0.0159771	0.0132324	0.0214227	0.0108878	0.0298901	0.0410259	0.080969	0.0263874	0.0270665	0.00434963	0.00550984
173	0.0273656	0.00784585	0.000578272	0.00244277	0.0782396	0.00589985	0.00317537	0.13144	0.00259153	0.455119	0.140437	0.00275622	0.00278509	0.00280667	0.0141734	0.00417591	0.0131062	0.0976162	0.000435975	0.00700991
174	0.02351	0.0041834	0.000465147	0.00460087	0.0264852	0.000908639	0.00365065	0.361195	0.00229442	0.153507	0.0187755	0.00340631	0.00587688	0.00212959	0.00248462	0.00397596	0.0221798	0.357996	0.00023533	0.00214016
175	0.0269436	0.00431969	0.000454316	0.0054991	0.020243	0.00097703	0.00276829	0.348592	0.00171892	0.125184	0.0157983	0.00268698	0.00435315	0.00249024	0.00292138	0.00360149	0.0203803	0.40922	0.000194608	0.0016526
176	0.0186129	0.0112412	0.00925324	0.0168855	0.00605101	0.0360536	0.0174916	0.0320584	0.21902	0.0140025	0.00700235	0.0433787	0.0225448	0.0134949	0.389486	0.028024	0.0795766	0.0257833	0.00739161	0.00264846
177	0.0681059	0.0029964	0.185838	0.317982	0.00426201	0.0517275	0.0190217	0.0105468	0.072454	0.0119123	0.00652846	0.050194	0.0160507	0.0529874	0.0228499	0.0410573	0.0256007	0.0328157	0.000197707	0.00687129
178	0.0565747	0.0348691	0.0161964	0.0130246	0.111314	0.0353868	0.0262175	0.0350871	0.0185733	0.110617	0.0257078	0.0177201	0.0100702	0.0240682	0.0450517	0.0678052	0.0624589	0.0464226	0.201371	0.0414631
179	0.38072	0.0292463	0.0117978	0.0118645	0.0122234	0.0597525	0.00449588	0.0264215	0.0126818	0.0361349	0.00753483	0.0107166	0.00522864	0.00742023	0.015968	0.0711858	0.0361897	0.251654	0.00440695	0.00435675
180	0.103588	0.005307	0.0195008	0.0179283	0.00543777	0.0335359	0.0185288	0.00493378	0.02094	0.0492198	0.00321176	0.00491772	0.469153	0.0291115	0.0334169	0.12156	0.0397014	0.0168108	0.000724067	0.00247247
181	0.0927922	0.00690635	0.0366802	0.0600225	0.0101863	0.0358095	0.0263598	0.0161433	0.0308978	0.0572198	0.0082632	0.0170585	0.303385	0.0906322	0.0364342	0.0877606	0.0418672	0.0310423	0.00546482	0.00507458
182	0.0617328	0.0120811	0.00500204	0.0192439	0.0523455	0.0114855	0.0138645	0.110189	0.0111316	0.301358	0.0482086	0.0145182	0.0426889	0.024675	0.0203754	0.0448983	0.0564675	0.133366	0.00479904	0.0115696
183	0.0690739	0.0029874	0.150529	0.346989	0.00428009	0.0482347	0.0175826	0.0108252	0.0816909	0.011564	0.0073033	0.0470046	0.0159937	0.058184	0.0271818	0.0339698	0.0255691	0.0325862	0.000228887	0.00822227
184	0.0288126	0.00576954	0.000968181	0.00522043	0.0251372	0.00251692	0.00434821	0.340675	0.00289864	0.148524	0.0298615	0.00482516	0.00598893	0.00349203	0.00455436	0.00654917	0.0229349	0.352783	0.000946062	0.00319425
185	0.0447625	0.014503	0.0123721	0.0428809	0.0542704	0.0187296	0.0464304	0.0805107	0.0306026	0.25676	0.0403982	0.0295166	0.0195768	0.0886603	0.0457729	0.0332205	0.0307639	0.0764262	0.0189006	0.0149421
186	0.0949068	0.0203934	0.0176113	0.0442511	0.00402272	0.512347	0.0250425	0.0154612	0.0374924	0.0077917	0.011491	0.0171791	0.00255176	0.0320187	0.0411994	0.0793737	0.0169012	0.0154305	0.00199822	0.00253661
187	0.0431424	0.01324	0.0512523	0.121008	0.010947	0.0409968	0.176205	0.016806	0.0749388	0.0258917	0.0116146	0.0633914	0.0131612	0.114918	0.0878253	0.0390727	0.0260487	0.0298864	0.00441155	0.035243
188	0.0488384	0.0329963	0.0319942	0.00618304	0.00248175	0.0419804	0.0193038	0.0120271	0.0741797	0.0459703	0.0168754	0.0340674	0.148698	0.0258071	0.0795079	0.180762	0.188701	0.00560561	0.000993278	0.00302788
189	0.392711	0.0417428	0.03404	0.0174529	0.0103367	0.0336366	0.00516956	0.0123043	0.0146703	0.0184883	0.00556985	0.0121402	0.00888713	0.00791123	0.0304467	0.270281	0.0495535	0.0295987	0.00228965	0.00276986
190	0.0669659	0.0128349	0.00979026	0.0325766	0.0330396	0.0121461	0.0147822	0.155887	0.0449685	0.151535	0.0367259	0.0229368	0.0124909	0.028267	0.0351608	0.0515426	0.097269	0.165895	0.00732686	0.00785911
191	0.149903	0.0207058	0.0121447	0.0305999	0.00605026	0.472693	0.0123994	0.0136405	0.0292695	0.00939158	0.011151	0.0116389	0.00323015	0.0202827	0.031063	0.085744	0.0233056	0.0516824	0.00237733	0.00272661
192	0.21036	0.0142207	0.0548961	0.0625757	0.0073229	0.238864	0.0111879	0.0205683	0.0307971	0.0133489	0.0243678	0.0201404	0.00809145	0.0213513	0.0408362	0.110434	0.0608579	0.043714	0.00124715	0.00481846
193	0.0264718	0.0172758	0.0102382	0.00482406	0.354989	0.01555	0.0442009	0.0579005	0.00441972	0.160621	0.0216223	0.0131477	0.00498866	0.00969582	0.0184098	0.0208783	0.020548	0.0572932	0.0362814	0.100645
194	0.0278149	0.00903158	0.000549801	0.00311832	0.0991282	0.00589718	0.0034428	0.0983842	0.00254627	0.505601	0.116527	0.00131261	0.00329366	0.00348546	0.0128499	0.00452049	0.0140896	0.0796363	0.000404903	0.00836652
