203	20
1	0.142145	0.0344315	0.0145886	0.0178788	0.020603	0.071465	0.0167635	0.0289636	0.0231595	0.0296771	0.044329	0.0243213	0.0109101	0.0157703	0.0155481	0.130305	0.307343	0.0374763	0.00419378	0.010127
2	0.0299479	0.00488162	0.0221985	0.0326836	0.00120484	0.784346	0.0141384	0.00137096	0.0421113	0.00206481	0.00103775	0.0189202	0.0025094	0.00448728	0.0105574	0.016503	0.00340839	0.00527758	0.000956769	0.00139393
3	0.0118458	0.0133785	0.0122113	0.0126319	0.107349	0.00253147	0.236037	0.0188577	0.00450633	0.0352159	0.00808789	0.0504759	0.0230437	0.0201553	0.0538007	0.0275495	0.0491822	0.0250054	0.00645402	0.281681
4	0.0226192	0.0087001	0.000582944	0.00561683	0.0428662	0.00124232	0.00634133	0.203393	0.00238573	0.423742	0.053286	0.000624559	0.000698764	0.00423361	0.00634327	0.00527093	0.0116615	0.186726	0.00381162	0.00985394
5	0.0294746	0.00472322	0.0225245	0.0328826	0.00122785	0.784896	0.0140938	0.00145113	0.0424727	0.00189895	0.00101244	0.0191374	0.00239915	0.00446237	0.0104642	0.0165378	0.00321301	0.00519667	0.000774055	0.00115769
6	0.0126367	0.0122826	0.00455682	0.0283662	0.00619994	0.0165973	0.0315235	0.00924994	0.278262	0.0148411	0.00216243	0.0223471	0.00140159	0.0806116	0.444289	0.00681956	0.0109111	0.00759011	0.00200831	0.00734303
7	0.0110675	0.0128365	0.0117059	0.0125505	0.107218	0.00240545	0.237945	0.0188852	0.00421906	0.0351098	0.00753885	0.04904	0.0237225	0.0202452	0.0521018	0.0272484	0.0493481	0.0255456	0.00657087	0.284695
8	0.0157702	0.00360268	0.0010232	0.00202237	0.0343776	0.00193723	0.00146639	0.362131	0.00272715	0.170818	0.0793343	0.000714399	0.000411586	0.00296568	0.00142794	0.0040128	0.0117871	0.293737	0.000910305	0.00882277
9	0.204555	0.0130499	0.00459997	0.00927117	0.0180575	0.0102248	0.00896675	0.124651	0.0110383	0.0519257	0.0189678	0.00707714	0.00821913	0.0123514	0.00550535	0.0702531	0.198776	0.210222	0.00303331	0.00925503
10	0.117294	0.0053494	0.0218942	0.0970795	0.0288558	0.0112568	0.0151982	0.0133119	0.169844	0.0368381	0.00761118	0.0625924	0.00576433	0.0910605	0.104149	0.0720012	0.105089	0.0188036	0.0115207	0.00448572
11	0.276082	0.0170274	0.0466889	0.203061	0.0298011	0.0832284	0.0129866	0.0107778	0.0214366	0.0226065	0.00931445	0.0226206	0.0171563	0.0248953	0.0163709	0.120014	0.0294122	0.0223074	0.00225988	0.0119525
12	0.119569	0.234131	0.00438957	0.00561432	0.0395622	0.0985759	0.00884866	0.0080512	0.00508469	0.0320182	0.00448735	0.0333254	0.00284457	0.00566068	0.00524243	0.215145	0.137771	0.00742573	0.0116919	0.0205606
13	0.0576155	0.0124281	0.00105704	0.00635681	0.0314433	0.00438925	0.00601027	0.180513	0.00179432	0.33948	0.0354348	0.00195543	0.0024004	0.00360812	0.00544537	0.0100412	0.0162691	0.271249	0.00326279	0.00924554
14	0.14231	0.00380927	0.112586	0.113974	0.00552815	0.029137	0.0116869	0.0127122	0.114422	0.0268607	0.0169469	0.090135	0.00270819	0.0479683	0.0878057	0.102159	0.0522605	0.0199626	0.00385464	0.00317282
15	0.275354	0.0263775	0.00350532	0.0964589	0.0190439	0.0093751	0.0318835	0.00614908	0.00841327	0.181376	0.0280222	0.0146371	0.00230378	0.0607297	0.0247265	0.165065	0.0208248	0.0167491	0.00116206	0.0078424
16	0.0291612	0.00413136	0.0232306	0.0339225	0.00117307	0.783189	0.0145452	0.00132136	0.0437679	0.0018274	0.000941862	0.0196128	0.00235764	0.00442828	0.0107532	0.0167935	0.00258967	0.00489132	0.00047988	0.00088231
17	0.0187806	0.0081319	0.0073712	0.0209936	0.0621694	0.0042635	0.289441	0.0106183	0.0302568	0.0252757	0.00554758	0.0892675	0.0185379	0.0811155	0.0903033	0.0178	0.0273281	0.0148086	0.00377844	0.174211
18	0.0626443	0.000826703	0.0153614	0.0232594	0.000938082	0.00539589	0.0133577	0.010534	0.011192	0.0337053	0.000872563	0.00752538	0.643256	0.0258445	0.0394629	0.0553414	0.0249773	0.0178688	0.0034754	0.00416084
19	0.134299	0.0193974	0.00674768	0.0116656	0.0136832	0.014668	0.0103494	0.0647937	0.0216663	0.0569602	0.0246945	0.0191898	0.00688972	0.0113811	0.013004	0.0751728	0.401755	0.0832594	0.0029052	0.0075189
20	0.0747381	0.0542292	0.0156844	0.00590759	0.323828	0.0119665	0.00916682	0.0215009	0.00374582	0.100829	0.00833987	0.00605518	0.00446912	0.00599805	0.009604	0.102443	0.0290932	0.0343591	0.0082252	0.169817
21	0.115001	0.00824626	0.0011574	0.00457059	0.00165453	0.00891471	0.00137142	0.155975	0.0013561	0.111229	0.0383851	0.00614448	0.00727003	0.00156262	0.00144403	0.00883736	0.00906688	0.516193	0.00041965	0.00119942
22	0.0266018	0.0153098	0.0049395	0.00725181	0.144294	0.00605148	0.0202979	0.117731	0.00567331	0.317366	0.0375498	0.00713181	0.00609896	0.0162335	0.00959425	0.0197871	0.02225	0.12467	0.0089294	0.0822385
23	0.0786255	0.0171101	0.00415231	0.00693464	0.0411836	0.0085188	0.016935	0.266248	0.00402219	0.101003	0.0527106	0.00347468	0.00176065	0.0156265	0.00262835	0.0421024	0.0758003	0.233693	0.00474442	0.0227259
24	0.0305682	0.0088006	0.00125655	0.00542375	0.0377077	0.00161496	0.0131396	0.173377	0.00690165	0.410504	0.0772591	0.00252294	0.00095585	0.0100563	0.00783854	0.0157082	0.0340217	0.14979	0.00299966	0.0095537
25	0.0249554	0.0104325	0.000509932	0.00648416	0.0470569	0.00123168	0.00787274	0.170748	0.00160536	0.472012	0.0385906	0.00059379	0.000685403	0.00368152	0.00736349	0.00454897	0.00923625	0.176619	0.00463348	0.0111387
26	0.0289288	0.00491956	0.0629473	0.191053	0.0108916	0.0104543	0.0622993	0.021149	0.139963	0.0411728	0.00687026	0.0451079	0.00574773	0.143867	0.0865452	0.0494672	0.0355313	0.0389101	0.00510287	0.00907164
27	0.0977873	0.00333852	0.0369758	0.0689052	0.0245167	0.0430979	0.00599631	0.0144262	0.0195005	0.0113136	0.00264283	0.0359779	0.0253585	0.0120512	0.0317583	0.420376	0.13511	0.00583326	0.00133434	0.00369997
28	0.0210816	0.0125623	0.00111142	0.00505142	0.159891	0.00242576	0.0127081	0.134566	0.00157773	0.375646	0.035257	0.00304113	0.00320364	0.00516116	0.0070849	0.00779346	0.0100202	0.128175	0.0114165	0.0622251
29	0.0281175	0.00490771	0.0602295	0.190287	0.0108305	0.0102834	0.0619056	0.0213153	0.141275	0.0418026	0.00653689	0.0444901	0.00575244	0.144455	0.0884352	0.0495875	0.0360659	0.039535	0.00525657	0.00893082
30	0.15984	0.0234426	0.00870119	0.0610895	0.0571068	0.00795528	0.0261856	0.0391942	0.0759134	0.090067	0.0296834	0.0170768	0.00406535	0.0646651	0.100134	0.152151	0.059223	0.0145208	0.00355785	0.00542743
31	0.0291363	0.00413778	0.0231379	0.0337417	0.00117982	0.783672	0.0144463	0.00133519	0.0437242	0.00183034	0.00095016	0.0195112	0.00235513	0.00440593	0.010728	0.0167325	0.00263098	0.00492195	0.000511895	0.000910892
32	0.278146	0.00745505	0.00298132	0.00506583	0.00445833	0.0219013	0.00250011	0.11549	0.00325413	0.0907159	0.0257329	0.00516619	0.00660959	0.00384464	0.00201342	0.0183473	0.0255546	0.376682	0.00141298	0.00266799
33	0.0565506	0.00569501	0.00582045	0.0117434	0.00636455	0.00603984	0.0444462	0.0403691	0.0900796	0.0371562	0.00568223	0.0946471	0.00563608	0.0549374	0.113788	0.0740476	0.300167	0.0288031	0.00187213	0.0161548
34	0.0235927	0.0100614	0.0004916	0.00635896	0.0482801	0.00110539	0.00726999	0.17057	0.00161217	0.475142	0.0391287	0.00055794	0.000663025	0.00367873	0.00719642	0.00436913	0.0088393	0.174979	0.00481681	0.0112863
35	0.0157805	0.00320333	0.00104295	0.00167992	0.0341795	0.00196827	0.00137795	0.37696	0.00291105	0.149455	0.0755515	0.000718601	0.00035927	0.00257475	0.000952577	0.00377938	0.0115002	0.306273	0.000777827	0.0089549
36	0.0308829	0.00584983	0.0213891	0.0311573	0.00121964	0.787334	0.0135382	0.00147545	0.0398831	0.00213147	0.00108914	0.018158	0.00241891	0.00432902	0.0101064	0.0159971	0.00399626	0.0060794	0.00126034	0.00170446
37	0.0503716	0.0449179	0.129754	0.0913604	0.0624509	0.0299639	0.0184435	0.026107	0.0223245	0.0701442	0.0112599	0.0286734	0.0121372	0.0228397	0.0454982	0.156794	0.0429406	0.0791204	0.00498028	0.0499185
38	0.0194652	0.00438419	0.000963904	0.00241009	0.0366344	0.00241121	0.00215869	0.331926	0.00230199	0.225493	0.0696818	0.00062311	0.000375548	0.00245816	0.00204874	0.00383114	0.0109941	0.270357	0.00175264	0.00972909
39	0.0451463	0.00380443	0.176339	0.0662548	0.0233794	0.0496225	0.055039	0.0101892	0.0379852	0.0220742	0.00455245	0.219828	0.0019385	0.0342151	0.00669958	0.122843	0.0869801	0.0107561	0.00173219	0.0206207
40	0.0181964	0.00161323	0.640453	0.0982634	0.00609421	0.0350275	0.00797506	0.00194707	0.00327327	0.00457908	0.00748174	0.0922271	0.00114352	0.0173607	0.00318634	0.0214181	0.0189384	0.0154347	0.000666014	0.00472158
41	0.0306163	0.00468061	0.0109825	0.058863	0.0271361	0.0076141	0.216108	0.0083775	0.0768514	0.0259528	0.00446919	0.0751732	0.0171324	0.166625	0.152229	0.017292	0.0146591	0.011357	0.00256304	0.0713173
42	0.0827208	0.00556942	0.0557357	0.0409737	0.0265426	0.0672938	0.0152211	0.0240655	0.0694959	0.0712409	0.0115689	0.0725749	0.0113669	0.0295709	0.0312819	0.286337	0.0472982	0.0276723	0.00229935	0.0211703
43	0.0256957	0.00864857	0.000804092	0.00543366	0.0388283	0.00140696	0.0086017	0.193316	0.0044044	0.411192	0.0665331	0.00146566	0.000737312	0.00651723	0.00664703	0.00924878	0.021916	0.175691	0.0032673	0.00964485
44	0.0912455	0.00957372	0.00100049	0.0067572	0.0109767	0.00670602	0.00273363	0.154487	0.0013063	0.192324	0.040314	0.0049198	0.00676648	0.00174666	0.00297436	0.00732696	0.0079878	0.446134	0.00137355	0.00334612
45	0.175792	0.00457842	0.0812321	0.0880126	0.00406705	0.0375223	0.01226	0.00853091	0.123415	0.0268229	0.0132197	0.0918143	0.00272323	0.0351378	0.106549	0.112253	0.0493717	0.0169713	0.00718502	0.00254115
46	0.443562	0.0171216	0.00374337	0.00577904	0.00851105	0.00756201	0.00405245	0.0587392	0.00405582	0.0538509	0.0260658	0.00300342	0.01585	0.00568112	0.0024523	0.0842149	0.131065	0.111215	0.00879204	0.00468285
47	0.0153278	0.00307046	0.0010835	0.001591	0.03312	0.00196686	0.000988689	0.384662	0.00282228	0.132963	0.0806202	0.000747461	0.000421163	0.00271155	0.000726884	0.00400485	0.0121799	0.311855	0.000573774	0.00856345
48	0.0198717	0.0103573	0.00716176	0.040403	0.00638503	0.0182669	0.0279745	0.0098605	0.296432	0.0166053	0.00405615	0.0344281	0.0025412	0.0951306	0.366663	0.0104634	0.0142719	0.00869414	0.00161706	0.00881673
49	0.0603512	0.0188208	0.0526989	0.11421	0.0106114	0.028454	0.0448645	0.0099268	0.093808	0.0863781	0.0149031	0.0222377	0.00309143	0.276807	0.0389353	0.0591296	0.0277124	0.0310744	0.00224476	0.00374054
50	0.0925599	0.348273	0.00678092	0.0143584	0.0140537	0.0419517	0.00989544	0.0187872	0.00984766	0.0543264	0.00974252	0.0249399	0.0108931	0.0106439	0.00876124	0.211523	0.0609006	0.0326275	0.008262	0.010872
51	0.525563	0.00649602	0.00163082	0.00219622	0.00159418	0.00315424	0.00174747	0.0293831	0.00179911	0.0242069	0.0163858	0.00202491	0.0141064	0.00210972	0.00188476	0.10726	0.185058	0.0685287	0.00338728	0.00148333
52	0.0153021	0.00300908	0.00109475	0.00158261	0.0329874	0.00196898	0.00097794	0.384258	0.00282706	0.133201	0.0807691	0.000772992	0.000436762	0.0026855	0.000724894	0.0039684	0.0120288	0.312344	0.000540428	0.00851901
53	0.245784	0.00694672	0.0135153	0.017898	0.00748045	0.164087	0.0105545	0.00936928	0.0122649	0.0170829	0.00642297	0.0130378	0.188717	0.0130584	0.0459967	0.171812	0.02872	0.0172559	0.00304567	0.00695096
54	0.110881	0.00420886	0.0172166	0.0339006	0.0387893	0.143996	0.0910541	0.0510272	0.0254105	0.0390715	0.0143576	0.0292892	0.0482777	0.0272393	0.0357121	0.113531	0.0819298	0.0470679	0.00262171	0.044418
55	0.0312214	0.010507	0.000875043	0.00844873	0.0454266	0.0018914	0.0129567	0.193842	0.00197312	0.421492	0.0348514	0.000869148	0.000847316	0.00430051	0.00699332	0.00687801	0.0139338	0.186936	0.00424923	0.0115072
56	0.102568	0.00372533	0.0864708	0.0359641	0.0279391	0.0872598	0.0451909	0.0166924	0.0374781	0.121487	0.0559705	0.0284229	0.0834919	0.0511652	0.0092191	0.0999074	0.044872	0.0360206	0.00142042	0.0247347
57	0.0568588	0.00560061	0.240332	0.219139	0.0162363	0.031414	0.0235813	0.00984061	0.0453271	0.0380509	0.0194477	0.0671786	0.00565239	0.0561531	0.0307184	0.060074	0.0257807	0.0390032	0.00131506	0.00829565
58	0.0762555	0.0286787	0.0254628	0.0360117	0.0168281	0.0153288	0.0426853	0.00928353	0.0349374	0.098867	0.041627	0.00972841	0.004148	0.421278	0.017109	0.0509538	0.0374038	0.0255054	0.00214111	0.00576656
59	0.0553728	0.0128738	0.0278664	0.0192682	0.0571891	0.024812	0.0313957	0.0928581	0.0215452	0.190353	0.0276318	0.00801732	0.0174432	0.017964	0.0126171	0.0837514	0.0933511	0.153323	0.00128049	0.0510861
60	0.0408284	0.01376	0.0122983	0.0243383	0.00163142	0.0173355	0.0203866	0.0207395	0.245712	0.04475	0.0200515	0.126589	0.00989789	0.0514391	0.232858	0.0306043	0.0508007	0.0303691	0.00093671	0.00467428
61	0.0239589	0.0101181	0.000502974	0.00639676	0.0477208	0.00114784	0.00744508	0.170867	0.00163463	0.474244	0.0391544	0.00056034	0.000663307	0.00371313	0.0072559	0.00446991	0.00910327	0.175131	0.00474021	0.0111721
62	0.0731833	0.00586778	0.00104959	0.00314411	0.0116308	0.00556074	0.00134041	0.279374	0.0016192	0.110205	0.048562	0.00333715	0.00403558	0.00175244	0.00107383	0.00714759	0.0105953	0.426317	0.000459168	0.00374588
63	0.128183	0.00224045	0.179089	0.174478	0.00753407	0.0284186	0.0128061	0.0140451	0.081253	0.0188758	0.0146601	0.0731773	0.00300663	0.0473605	0.0543153	0.0915684	0.0399633	0.0215726	0.0018143	0.00563906
64	0.600018	0.00444002	0.00588145	0.0112304	0.00555926	0.124854	0.00487774	0.0329854	0.00545467	0.0220312	0.00550839	0.00777131	0.00939208	0.00728152	0.00632699	0.0376313	0.0314777	0.0712407	0.00210864	0.00392979
65	0.0275744	0.00350455	0.0025746	0.0035675	0.0245163	0.00292891	0.00210662	0.384529	0.00471885	0.111797	0.108421	0.0020153	0.000898317	0.00417254	0.00166957	0.00882524	0.0198466	0.275289	0.00103932	0.0100048
66	0.022353	0.0112874	0.0098294	0.0366167	0.00520697	0.0158443	0.0249935	0.0157452	0.290161	0.0236684	0.00828586	0.057514	0.00400381	0.0870295	0.321025	0.0175077	0.0250322	0.0149847	0.00160714	0.00730439
67	0.0931632	0.00315497	0.146244	0.211808	0.00889361	0.0240629	0.0229246	0.0140883	0.0948746	0.0251924	0.0104048	0.0603277	0.00433467	0.0720738	0.0562219	0.0752305	0.0384393	0.0302808	0.00228926	0.00599077
68	0.00804131	0.0123419	0.00296411	0.0160891	0.00347967	0.00909232	0.034043	0.00880985	0.219642	0.0147334	0.00265488	0.0224921	0.00109767	0.055941	0.551293	0.00804773	0.0137996	0.0086913	0.00264514	0.00410106
69	0.0322175	0.029922	0.00674843	0.00356118	0.378474	0.00766102	0.0240047	0.039219	0.00241133	0.104869	0.0206263	0.00826548	0.00785356	0.0087099	0.00791412	0.0477732	0.0191922	0.0280084	0.0169387	0.205629
70	0.0235927	0.0100614	0.0004916	0.00635896	0.0482801	0.00110539	0.00726999	0.17057	0.00161217	0.475142	0.0391287	0.00055794	0.000663025	0.00367873	0.00719642	0.00436913	0.0088393	0.174979	0.00481681	0.0112863
71	0.064391	0.000995762	0.0152816	0.023172	0.0013161	0.00707098	0.0133982	0.0106248	0.0112513	0.0336181	0.00101809	0.00784071	0.636405	0.0257238	0.039139	0.05745	0.0256428	0.0176306	0.00366906	0.00436099
72	0.17743	0.0115202	0.0344662	0.04279	0.0139153	0.0392391	0.0153144	0.0129107	0.0244509	0.0251956	0.00863202	0.0268388	0.0364923	0.0260113	0.0558848	0.347848	0.0790483	0.0136353	0.00254266	0.00583459
73	0.0432352	0.00102387	0.186964	0.525223	0.00391234	0.0290394	0.0188346	0.0019932	0.0427358	0.00233047	0.00124344	0.0248796	0.00798033	0.0640984	0.00239215	0.020101	0.00628073	0.0151276	0.000396148	0.00220848
74	0.0176217	0.0210962	0.00289924	0.00264964	0.399987	0.00397472	0.0258871	0.0509973	0.00168477	0.102927	0.0280092	0.00977489	0.00925955	0.0103852	0.00688861	0.0180115	0.0143311	0.0247625	0.0213208	0.227531
75	0.104311	0.0471989	0.0127421	0.0182714	0.0383994	0.240458	0.0206532	0.0217714	0.0171819	0.0441638	0.0111732	0.0275242	0.010483	0.014514	0.0152159	0.0828638	0.121803	0.0235802	0.0546458	0.073045
76	0.0379073	0.0194187	0.00391402	0.0049302	0.0410795	0.00391451	0.0728636	0.130821	0.00805231	0.209048	0.177273	0.0217669	0.0022736	0.0374734	0.00494877	0.0382294	0.092322	0.0785821	0.00111775	0.0140638
77	0.0200914	0.00154621	0.621653	0.110431	0.00607602	0.0344365	0.00839704	0.00222542	0.00563649	0.00480261	0.00737773	0.0906224	0.00142778	0.0193997	0.00381245	0.0225911	0.0187687	0.0153191	0.000646717	0.00473885
78	0.144801	0.00561545	0.00799804	0.036409	0.00612943	0.0333819	0.0108716	0.0410518	0.0109213	0.0180763	0.00579647	0.0090345	0.245216	0.0151534	0.0137225	0.058326	0.0601901	0.269097	0.00285554	0.00535225
79	0.105202	0.053896	0.135184	0.262657	0.0100984	0.0934554	0.00726079	0.00584093	0.0137248	0.00955069	0.00434263	0.0291333	0.0480878	0.011495	0.020682	0.0920609	0.0269625	0.0485322	0.00148976	0.0203446
80	0.00572324	0.0129466	0.00187185	0.0117942	0.00320146	0.00663395	0.041435	0.0085668	0.163777	0.0147591	0.00124439	0.0168165	0.000783984	0.0512244	0.626316	0.00656686	0.0122598	0.00793997	0.00324619	0.00289322
81	0.0172538	0.00265384	0.00108751	0.00151803	0.0312173	0.00194831	0.000961648	0.403047	0.00268191	0.121018	0.0755301	0.000695182	0.000379082	0.00231324	0.00070751	0.003938	0.0120011	0.312426	0.000540103	0.00808227
82	0.00625465	0.0130486	0.00215239	0.0124796	0.00324503	0.00677834	0.0405088	0.00861329	0.163045	0.0150124	0.00175549	0.0184849	0.00100677	0.0518661	0.620223	0.00734063	0.0135841	0.00830182	0.00332634	0.00297353
83	0.00572324	0.0129466	0.00187185	0.0117942	0.00320146	0.00663395	0.041435	0.0085668	0.163777	0.0147591	0.00124439	0.0168165	0.000783984	0.0512244	0.626316	0.00656686	0.0122598	0.00793997	0.00324619	0.00289322
84	0.191596	0.0186671	0.0135475	0.0192762	0.0467344	0.00721204	0.0114831	0.0783649	0.0165145	0.0656677	0.0214565	0.00391237	0.00433233	0.020531	0.0094682	0.0967147	0.185221	0.167767	0.00196299	0.0195706
85	0.0727282	0.0136009	0.00177215	0.00424478	0.028808	0.00727236	0.00473585	0.346331	0.00137667	0.0814407	0.03306	0.0015237	0.00139946	0.00584595	0.00121785	0.0225574	0.04323	0.311723	0.00371395	0.0134176
86	0.0312972	0.00856207	0.0273644	0.0998443	0.00846731	0.0242714	0.0324402	0.0121684	0.258151	0.0264227	0.00519218	0.0440069	0.00320452	0.11789	0.217422	0.0304054	0.0230041	0.0183181	0.00252969	0.00903838
87	0.109529	0.00270903	0.14153	0.471488	0.00591748	0.0393764	0.0136023	0.00398717	0.0498412	0.00377066	0.00139831	0.0266672	0.00989741	0.0446558	0.00400787	0.0379335	0.0103295	0.0183686	0.000471713	0.00451948
88	0.397044	0.0149118	0.00599605	0.0888965	0.0123191	0.0235243	0.0288448	0.0049301	0.00588079	0.120698	0.0260618	0.0108647	0.00337599	0.0653275	0.0115227	0.133878	0.0158624	0.0120198	0.00150672	0.0165349
89	0.0318553	0.00393785	0.0222968	0.0417928	0.00141764	0.747395	0.0178162	0.00159876	0.0561186	0.00263084	0.0011123	0.0215206	0.00226433	0.00628318	0.0146126	0.0174269	0.00329074	0.00485962	0.000625734	0.00114401
90	0.0141827	0.0199499	0.00228569	0.00247236	0.40132	0.0038801	0.0267727	0.0538383	0.00151608	0.104285	0.0296247	0.00993286	0.0097319	0.0109608	0.00682138	0.0136356	0.0137058	0.0244769	0.0223774	0.22823
91	0.0372577	0.00696137	0.00124945	0.00263816	0.0309539	0.00344295	0.00270156	0.394824	0.00205334	0.105189	0.0578824	0.000799982	0.000563288	0.00372158	0.000820958	0.0094577	0.0211162	0.306499	0.00167426	0.0101939
92	0.162464	0.248162	0.00494693	0.0247064	0.00523214	0.00596421	0.0062509	0.0585591	0.00584243	0.0637606	0.024695	0.00745957	0.034313	0.0066829	0.00634796	0.130534	0.0479551	0.131726	0.0198879	0.00450933
93	0.139073	0.262825	0.0039004	0.00575649	0.0188733	0.0995872	0.00818378	0.00477388	0.00506161	0.0256777	0.00447623	0.0519201	0.00299273	0.00499309	0.0046842	0.205061	0.137524	0.00628826	0.00274902	0.00559848
94	0.0590378	0.00924898	0.0334973	0.0156617	0.0240083	0.119753	0.0333872	0.00868126	0.0158263	0.0108245	0.00490079	0.418025	0.00575581	0.00920389	0.0113998	0.0832701	0.0556672	0.0141242	0.00645806	0.0612691
95	0.0990141	0.136402	0.00652908	0.00724556	0.10955	0.0919635	0.00707529	0.0255071	0.00570382	0.0898152	0.00478808	0.00793365	0.00391133	0.00618124	0.00753239	0.152167	0.0613829	0.0140727	0.0576342	0.105591
96	0.070135	0.058159	0.0124639	0.00894646	0.253871	0.0145963	0.0143596	0.0602409	0.0076618	0.122793	0.0142242	0.00869983	0.00574358	0.0101592	0.0212718	0.0924608	0.035522	0.057547	0.0117333	0.119412
97	0.201804	0.00522456	0.0508515	0.0212419	0.0326767	0.106689	0.0440957	0.0334184	0.0228987	0.076111	0.0557294	0.0351206	0.0524023	0.0408144	0.0121021	0.0814395	0.0822675	0.0249046	0.00215234	0.018056
98	0.294938	0.00678634	0.0623288	0.0524284	0.00540564	0.151791	0.00992487	0.00652829	0.0401801	0.0250563	0.00567319	0.0343328	0.0112253	0.0194008	0.0590844	0.156352	0.040684	0.00994813	0.0037161	0.00421507
99	0.0173366	0.0205283	0.00242376	0.002365	0.398721	0.00447469	0.0269636	0.0528446	0.00157869	0.106052	0.028406	0.00931596	0.00950123	0.0104997	0.00744913	0.0166403	0.015689	0.0250752	0.0224504	0.221684
100	0.0422963	0.0155798	0.0157621	0.0101582	0.225953	0.0359595	0.0420778	0.0419409	0.00946811	0.160923	0.0292907	0.00925076	0.0241662	0.011887	0.00836375	0.0606075	0.0402067	0.0619784	0.0101248	0.144005
101	0.0883202	0.0231097	0.00520403	0.00842225	0.0430926	0.0172223	0.00904961	0.245937	0.00416928	0.117879	0.0233884	0.00232733	0.00267462	0.0108826	0.00415182	0.0416803	0.0720758	0.251354	0.00509455	0.0239645
102	0.0626443	0.000826703	0.0153614	0.0232594	0.000938082	0.00539589	0.0133577	0.010534	0.011192	0.0337053	0.000872563	0.00752538	0.643256	0.0258445	0.0394629	0.0553414	0.0249773	0.0178688	0.0034754	0.00416084
103	0.0639747	0.000941164	0.0150266	0.0227528	0.00132338	0.00654673	0.0140851	0.0106736	0.0121588	0.0327063	0.00110915	0.0090658	0.630834	0.0261818	0.0387681	0.0609	0.0266121	0.0175283	0.00447692	0.00433434
104	0.0610699	0.0113157	0.0175941	0.0278324	0.00257212	0.0211838	0.0164182	0.0193065	0.216296	0.0502167	0.0242064	0.116491	0.0105293	0.0496201	0.217962	0.0384976	0.0611706	0.0319611	0.00146511	0.00429067
105	0.0607529	0.00212352	0.254105	0.324707	0.00787615	0.0273965	0.0213492	0.00796926	0.0560068	0.0097201	0.00609393	0.0469318	0.00765903	0.0383852	0.0175892	0.0541182	0.0331742	0.0172224	0.000563765	0.00625578
106	0.0364802	0.00495179	0.0387003	0.196744	0.020108	0.00879734	0.0606252	0.0129098	0.130553	0.0239321	0.00535397	0.0302492	0.00491954	0.0934422	0.14665	0.0873523	0.0557962	0.0201718	0.00418423	0.0180785
107	0.0196138	0.0338816	0.0267835	0.00936349	0.0508329	0.0154791	0.0481343	0.072583	0.0533171	0.113329	0.0157376	0.0461318	0.0126779	0.0579979	0.0478168	0.0759795	0.101869	0.169354	0.00106804	0.0280496
108	0.0187246	0.0026034	0.0010701	0.00153731	0.0300334	0.00193791	0.000976737	0.410004	0.00255834	0.116815	0.0738645	0.000723005	0.000374745	0.00229908	0.000712057	0.00408661	0.0120555	0.311039	0.000539721	0.00804542
109	0.014221	0.0196	0.00227244	0.00235055	0.399837	0.00426296	0.0271242	0.0531308	0.00149884	0.106855	0.0302733	0.00951223	0.0101705	0.0112684	0.00681842	0.0138369	0.0137576	0.0250263	0.0228386	0.225345
110	0.029417	0.0040879	0.0245456	0.0397755	0.00118818	0.767793	0.0154037	0.00146704	0.0477241	0.00195194	0.000969252	0.0204933	0.00224447	0.00494081	0.0117465	0.0169918	0.00292587	0.00483265	0.000560139	0.000941346
111	0.0195476	0.00163769	0.589894	0.0914216	0.00760866	0.0374525	0.0148195	0.00278292	0.00708443	0.00583443	0.00815602	0.108622	0.00140775	0.0176224	0.00309705	0.0354186	0.029089	0.0120464	0.000699391	0.00575809
112	0.0294214	0.00417033	0.0233125	0.0341289	0.00119025	0.781379	0.0145974	0.00132382	0.0443346	0.00184834	0.000953235	0.0197262	0.00229862	0.00444252	0.0108852	0.0168739	0.00270571	0.00493025	0.000537622	0.00093979
113	0.0547778	0.00350267	0.184231	0.0610708	0.0203753	0.0407406	0.0501015	0.0131392	0.0446113	0.0187228	0.00510844	0.219325	0.00172391	0.0365842	0.0073807	0.111812	0.0979327	0.0121538	0.00123408	0.0154717
114	0.21128	0.00549862	0.00493116	0.0199719	0.0105565	0.0197502	0.0165579	0.0815693	0.0154978	0.0293148	0.00650326	0.00378652	0.0259827	0.0282266	0.00497013	0.0891629	0.145668	0.273076	0.00180195	0.00589494
115	0.0245658	0.0097001	0.0176067	0.0588689	0.00664487	0.0216349	0.0280118	0.0112658	0.286063	0.020832	0.00518796	0.0431668	0.0030412	0.103393	0.297574	0.019511	0.0193023	0.0131036	0.00166661	0.0088592
116	0.0910975	0.0197945	0.00338741	0.0070068	0.0391734	0.0108384	0.0078736	0.295334	0.00211549	0.0670145	0.0255747	0.00137532	0.00161458	0.0112326	0.00206202	0.0413796	0.0691731	0.27614	0.00593559	0.0218771
117	0.014428	0.0196904	0.00225984	0.00235908	0.401547	0.00391551	0.0268209	0.0535188	0.00150837	0.105521	0.0297504	0.00962264	0.00983894	0.0110624	0.00687015	0.0137122	0.0139138	0.0247156	0.0228824	0.226063
118	0.114296	0.00827576	0.00115488	0.00463134	0.00175729	0.0089217	0.001375	0.155442	0.00135655	0.11128	0.0391841	0.00619912	0.007296	0.00161085	0.00142898	0.00879582	0.0089355	0.516413	0.00041685	0.00122883
119	0.096219	0.00342914	0.198166	0.101079	0.03742	0.020645	0.0375884	0.0183662	0.0465232	0.0140137	0.00604772	0.118261	0.00256676	0.0424605	0.0195164	0.0747767	0.0909048	0.0494133	0.00121109	0.0213915
120	0.0599481	0.00241256	0.143791	0.477735	0.00915289	0.0462107	0.0162547	0.00485154	0.0544299	0.0072031	0.00237367	0.0317307	0.00956523	0.0558079	0.00587592	0.0368492	0.0129875	0.0173542	0.000573312	0.00489335
121	0.0901738	0.00259482	0.16821	0.327634	0.0100475	0.0395438	0.0144151	0.0121491	0.0622122	0.0124504	0.00659071	0.0575656	0.00862741	0.0443722	0.0182333	0.0654144	0.0282333	0.022037	0.00050097	0.00899357
122	0.0190618	0.00208145	0.632021	0.0960036	0.00637285	0.0349777	0.00861384	0.00222433	0.00401013	0.00472737	0.00754789	0.0955184	0.00114367	0.0174698	0.00336128	0.0232421	0.0200399	0.0156742	0.000780657	0.00512796
123	0.0184607	0.00257021	0.00108211	0.00152813	0.0301917	0.00194275	0.000960184	0.409219	0.00256629	0.117031	0.074176	0.000722652	0.000374926	0.00227274	0.000699187	0.00398435	0.0120583	0.311599	0.000539053	0.00802175
124	0.615533	0.00387224	0.00558668	0.0107121	0.00517101	0.138434	0.00470812	0.0301016	0.00518766	0.0190906	0.00461959	0.00555337	0.00587198	0.0066024	0.00611082	0.0376273	0.026484	0.0635844	0.00174073	0.00340811
125	0.340423	0.00482167	0.00601438	0.0269607	0.00594645	0.00799662	0.00632939	0.0069903	0.0975286	0.0286415	0.108929	0.0259382	0.00392999	0.0256795	0.0452149	0.0341977	0.191076	0.026051	0.00251763	0.00481439
126	0.0144364	0.0198854	0.00238748	0.002442	0.401406	0.00410446	0.0267053	0.0524171	0.00162349	0.106698	0.0296751	0.00952012	0.00991687	0.0110291	0.00670623	0.0145897	0.0139193	0.025451	0.0221611	0.224926
127	0.503844	0.00575656	0.00197934	0.00256059	0.00208931	0.00561116	0.00187964	0.0292875	0.00256734	0.0274784	0.018005	0.00221307	0.0122155	0.00257276	0.00217967	0.0931543	0.214977	0.0665969	0.0034328	0.00159932
128	0.0402354	0.0037071	0.0012367	0.00258745	0.0216851	0.00349145	0.00116872	0.347865	0.00229003	0.116762	0.0761398	0.00185287	0.00195403	0.00224851	0.000883601	0.00605896	0.0113016	0.351285	0.000536153	0.00670988
129	0.022904	0.0179103	0.00703995	0.024489	0.00150943	0.0108159	0.0120386	0.0126128	0.263908	0.039005	0.0228401	0.108104	0.00546158	0.0448511	0.290502	0.0344552	0.0476786	0.0259949	0.00101932	0.00685964
130	0.525043	0.00714044	0.0017691	0.00226394	0.0016454	0.0031486	0.00176714	0.0298723	0.00183505	0.0235235	0.0166561	0.00206477	0.0135344	0.00216658	0.00198206	0.111354	0.181347	0.0679697	0.00332811	0.00158885
131	0.115934	0.00825301	0.00123764	0.00460487	0.00168135	0.00888942	0.00144972	0.155103	0.00136064	0.110881	0.0386748	0.00615579	0.00725177	0.00158803	0.00144787	0.00894548	0.0090705	0.515797	0.000433966	0.00124037
132	0.0478058	0.00318804	0.476562	0.15079	0.0126511	0.0365857	0.00938801	0.00499605	0.0136319	0.0081634	0.00784027	0.0923739	0.00404756	0.0246528	0.00754057	0.0338782	0.0261624	0.0297702	0.000612915	0.00935939
133	0.0193015	0.00192573	0.63422	0.101597	0.00627515	0.0347828	0.0083292	0.0021323	0.00400065	0.0045914	0.00740801	0.0899212	0.00153331	0.0179256	0.00353583	0.0222698	0.0190359	0.0157133	0.000708421	0.00479313
134	0.0654529	0.000868233	0.0154647	0.0235013	0.00103441	0.00581728	0.0130186	0.0113685	0.0109628	0.0334505	0.000938098	0.00782541	0.637668	0.0252077	0.0389142	0.055374	0.0251708	0.0204723	0.0034233	0.00406668
135	0.0106981	0.0141954	0.00338755	0.0202052	0.00406243	0.00709195	0.0391175	0.0089203	0.1556	0.0169783	0.0031538	0.0276218	0.00179835	0.0549908	0.577911	0.0119474	0.0230031	0.00983573	0.00545358	0.00402753
136	0.505512	0.00589583	0.00179559	0.00238389	0.00176966	0.0046849	0.0020144	0.0276547	0.00214774	0.0245041	0.0162239	0.00216574	0.0124945	0.00228259	0.00205788	0.0964225	0.220108	0.0651851	0.00316387	0.00153289
137	0.0264466	0.0115634	0.000578141	0.00738509	0.0448948	0.00140653	0.00706772	0.166611	0.00173311	0.466969	0.0401513	0.000612546	0.000814261	0.00380964	0.00816998	0.00500445	0.00953794	0.180669	0.00437464	0.0122012
138	0.0314257	0.0105668	0.164544	0.036188	0.0134835	0.0872145	0.0242544	0.00561173	0.0219508	0.00961372	0.00503597	0.3926	0.00306153	0.0122566	0.0114997	0.0778916	0.0348666	0.0145282	0.00655574	0.036851
139	0.0234441	0.0168285	0.00707864	0.0235298	0.00172736	0.0111451	0.0136092	0.0133258	0.265036	0.0368507	0.0217186	0.101786	0.00536252	0.0470001	0.299862	0.0322082	0.0474266	0.024501	0.00114699	0.00641265
140	0.0719483	0.0168816	0.00286803	0.00509269	0.00919443	0.00375535	0.00645638	0.107066	0.0259256	0.0419863	0.0257526	0.0240443	0.00170928	0.00551312	0.0100122	0.0711567	0.440994	0.124684	0.000854041	0.0041052
141	0.0244594	0.0106047	0.000522322	0.00687885	0.0460258	0.000995551	0.00714303	0.167896	0.00157275	0.471278	0.0395018	0.000573052	0.000776679	0.00368104	0.0076391	0.00445333	0.00878157	0.181106	0.00458193	0.0115296
142	0.0110659	0.0125077	0.0114499	0.0123889	0.106067	0.00252098	0.241537	0.0195364	0.004671	0.0351233	0.00744088	0.0504384	0.0231136	0.0200325	0.0513604	0.0268379	0.0503033	0.026089	0.00650119	0.281015
143	0.0230935	0.00920092	0.00100355	0.00425537	0.0405234	0.0016157	0.00448317	0.295518	0.00221017	0.261027	0.0589503	0.000663575	0.000341816	0.0054057	0.00361522	0.00748731	0.0144253	0.25089	0.00261332	0.0126768
144	0.00560405	0.0129476	0.00182528	0.0114701	0.00307901	0.00636849	0.0406238	0.00864816	0.168308	0.0150171	0.00150827	0.0180329	0.000850854	0.0501419	0.621738	0.00699788	0.0125537	0.00820476	0.00318645	0.00289379
145	0.0626443	0.000826703	0.0153614	0.0232594	0.000938082	0.00539589	0.0133577	0.010534	0.011192	0.0337053	0.000872563	0.00752538	0.643256	0.0258445	0.0394629	0.0553414	0.0249773	0.0178688	0.0034754	0.00416084
146	0.0626443	0.000826703	0.0153614	0.0232594	0.000938082	0.00539589	0.0133577	0.010534	0.011192	0.0337053	0.000872563	0.00752538	0.643256	0.0258445	0.0394629	0.0553414	0.0249773	0.0178688	0.0034754	0.00416084
147	0.113392	0.0199502	0.0691048	0.0981017	0.00459782	0.0542785	0.0196691	0.00638614	0.131923	0.0238976	0.0160716	0.160822	0.00515018	0.0548232	0.04384	0.11149	0.0490854	0.0102493	0.00219442	0.00497329
148	0.0437237	0.0123848	0.0505119	0.023277	0.0203854	0.0859117	0.0291556	0.00882303	0.0244454	0.0147578	0.00602876	0.429102	0.00499632	0.0119418	0.0168831	0.0930406	0.0404761	0.0171444	0.00703387	0.0599771
149	0.0720437	0.0220119	0.00256934	0.00684961	0.038317	0.00818099	0.00678379	0.348467	0.00151023	0.0740376	0.0323338	0.00135211	0.000793362	0.00876066	0.00135884	0.0273706	0.0553306	0.264491	0.0055085	0.0219289
150	0.0253571	0.0113297	0.000564835	0.00701785	0.0456525	0.00121867	0.00709734	0.167633	0.00171902	0.470079	0.0398263	0.000604848	0.000796679	0.00373746	0.00800224	0.0047782	0.0093122	0.17867	0.00447027	0.0121324
151	0.0370828	0.00650535	0.0257833	0.0176298	0.00958955	0.0138717	0.00781423	0.00648889	0.0081689	0.00876235	0.00323062	0.0402644	0.0275584	0.00981887	0.0136485	0.529184	0.222802	0.00658241	0.0018932	0.0033213
152	0.0359552	0.0162632	0.00397722	0.00515791	0.0433614	0.00398372	0.0767273	0.127664	0.00800898	0.21124	0.176329	0.01703	0.00240314	0.0464416	0.00498776	0.0369294	0.0894808	0.0767018	0.00135663	0.0160007
153	0.112708	0.00740141	0.0742698	0.0674658	0.00642741	0.0349113	0.013199	0.0191487	0.116482	0.0471724	0.0406606	0.184467	0.0050629	0.0346746	0.0668763	0.0833828	0.0631402	0.0154014	0.00267044	0.00447813
154	0.0436727	0.00091937	0.174405	0.536323	0.0037086	0.0289831	0.0196751	0.00198048	0.0444299	0.00221407	0.000904778	0.0223795	0.00826954	0.0671422	0.00219382	0.0196497	0.00577171	0.0149256	0.000383936	0.00206797
155	0.0235639	0.00795786	0.000856558	0.00503451	0.0382322	0.00134102	0.00689924	0.211764	0.00404781	0.391893	0.0652099	0.00115181	0.000534709	0.00714741	0.00615354	0.00843322	0.0191909	0.187713	0.00302826	0.00984721
156	0.0368633	0.00369646	0.00107349	0.00208937	0.0241688	0.00311972	0.00149798	0.373505	0.00209993	0.112093	0.0653252	0.00129879	0.00137153	0.00224416	0.000784167	0.00554629	0.0122364	0.343412	0.000617641	0.00695715
157	0.256478	0.0174401	0.07288	0.0746418	0.00632891	0.0578811	0.0186565	0.0058443	0.0217115	0.00954507	0.00388316	0.0114565	0.00463376	0.0555117	0.0261802	0.289657	0.0559027	0.0058569	0.00154841	0.00396231
158	0.0346029	0.00550599	0.00386393	0.00533914	0.0246328	0.0030114	0.0213057	0.239809	0.012244	0.233305	0.150324	0.00583413	0.00141726	0.0147921	0.00483024	0.0250684	0.0620619	0.139458	0.00104963	0.0115454
159	0.0512389	0.0195417	0.0156232	0.0281805	0.046948	0.0199023	0.0214458	0.0590553	0.0273051	0.228136	0.0247513	0.0198001	0.0123565	0.0249261	0.0802227	0.0418016	0.0376781	0.0631582	0.149187	0.0287421
160	0.0506308	0.00223571	0.157941	0.524622	0.00553817	0.0325886	0.0179072	0.00369456	0.0447357	0.00417201	0.00223077	0.0250134	0.00936535	0.0577704	0.0040118	0.0265779	0.0098929	0.0167392	0.000559753	0.00377245
161	0.0566818	0.00840901	0.0291246	0.09351	0.00359836	0.0400574	0.0117455	0.00622794	0.229239	0.0180799	0.00881734	0.141511	0.00490493	0.0490095	0.145648	0.0862118	0.044037	0.0115598	0.0019255	0.00970254
162	0.0394706	0.0418202	0.0130238	0.0547421	0.0163083	0.0137181	0.0177852	0.040241	0.154013	0.192015	0.0810468	0.0387367	0.00768172	0.0307576	0.0975563	0.0357761	0.0342136	0.0750074	0.00511985	0.0109668
163	0.0719085	0.0209814	0.00384137	0.00750103	0.0162205	0.00362872	0.00703384	0.101294	0.0262519	0.0488759	0.0240924	0.0179623	0.00159481	0.00756445	0.0101815	0.0888991	0.420515	0.115054	0.000780232	0.00581998
164	0.0296096	0.00406124	0.0231929	0.0378368	0.00117783	0.768997	0.0160249	0.00146888	0.0492784	0.00195006	0.000993672	0.0209428	0.00216422	0.00492236	0.0120676	0.0164347	0.00271928	0.00471446	0.000527858	0.000915839
165	0.0227633	0.0176726	0.00704173	0.0244961	0.0015559	0.0109961	0.0118522	0.0124736	0.267953	0.038257	0.0221966	0.106567	0.00537101	0.0450748	0.28855	0.034593	0.0484235	0.0260592	0.0010138	0.00708992
166	0.111367	0.00486995	0.0104478	0.0483316	0.0224708	0.00742231	0.0121282	0.0237292	0.15473	0.0214391	0.0063405	0.0633146	0.0150462	0.069152	0.059057	0.0863636	0.238489	0.0351194	0.00478162	0.00539971
167	0.0235927	0.0100614	0.0004916	0.00635896	0.0482801	0.00110539	0.00726999	0.17057	0.00161217	0.475142	0.0391287	0.00055794	0.000663025	0.00367873	0.00719642	0.00436913	0.0088393	0.174979	0.00481681	0.0112863
168	0.0282919	0.00489263	0.0619453	0.190496	0.0108089	0.0102523	0.0625195	0.0212138	0.140129	0.0416003	0.00658016	0.044673	0.00588476	0.144194	0.0878143	0.0492308	0.0359059	0.0392729	0.00532522	0.00896881
169	0.00875165	0.0132187	0.0032478	0.015857	0.0034488	0.00880267	0.0347335	0.0121768	0.235668	0.017015	0.00389427	0.0316638	0.00150965	0.0551879	0.510296	0.0100253	0.0159602	0.0119354	0.00251675	0.00409011
170	0.0700554	0.0226445	0.0177814	0.0254531	0.0467323	0.00753925	0.0279303	0.113462	0.0165801	0.0647105	0.0146288	0.00801931	0.0049199	0.0298937	0.0234611	0.117294	0.161261	0.203404	0.00142168	0.0228081
171	0.0110012	0.0129056	0.0117581	0.0123257	0.107091	0.00235217	0.237746	0.0189295	0.00421266	0.0349801	0.00754622	0.0492431	0.0235813	0.0201246	0.0521912	0.0271577	0.0494931	0.0254368	0.00661611	0.285308
172	0.0150224	0.00299839	0.00109308	0.0015853	0.0330792	0.00194251	0.000980768	0.385114	0.00283144	0.133139	0.0808964	0.000746787	0.000420369	0.00269469	0.000721932	0.00393399	0.0119935	0.311686	0.000541905	0.00857872
173	0.0736466	0.0025497	0.024688	0.0212734	0.00563854	0.00787504	0.0123216	0.00500052	0.0125546	0.0136506	0.00254359	0.0216639	0.140378	0.0205641	0.0293411	0.437236	0.161309	0.00461497	0.00105655	0.00209374
174	0.0654455	0.00226449	0.137024	0.51189	0.00608347	0.0431419	0.0138633	0.00384581	0.0514425	0.00345575	0.00109844	0.0294084	0.0110437	0.0487566	0.00285886	0.0360822	0.010473	0.016636	0.000370455	0.00481538
175	0.0436727	0.00091937	0.174405	0.536323	0.0037086	0.0289831	0.0196751	0.00198048	0.0444299	0.00221407	0.000904778	0.0223795	0.00826954	0.0671422	0.00219382	0.0196497	0.00577171	0.0149256	0.000383936	0.00206797
176	0.0436979	0.000918393	0.174478	0.536025	0.00372415	0.0289603	0.0196742	0.00199773	0.0444403	0.00221903	0.000914979	0.022459	0.00826833	0.0671184	0.00220791	0.0196901	0.00582064	0.0149197	0.000383936	0.00208195
177	0.0235927	0.0100614	0.0004916	0.00635896	0.0482801	0.00110539	0.00726999	0.17057	0.00161217	0.475142	0.0391287	0.00055794	0.000663025	0.00367873	0.00719642	0.00436913	0.0088393	0.174979	0.00481681	0.0112863
178	0.023671	0.0100501	0.000493405	0.00635968	0.0481216	0.00108097	0.00726918	0.170563	0.00164274	0.474881	0.0394252	0.000557951	0.00066275	0.00370766	0.00722209	0.00446207	0.00898539	0.174799	0.00480657	0.0112381
179	0.120335	0.00836719	0.0667611	0.0896734	0.0050336	0.0326273	0.0160452	0.0100974	0.133969	0.0329691	0.0197864	0.13866	0.00379142	0.0492064	0.0840001	0.106759	0.0585017	0.016808	0.00317113	0.00343874
180	0.165084	0.130055	0.0656916	0.0727686	0.0068556	0.0152965	0.0565298	0.00808203	0.00995413	0.0128639	0.00660927	0.0649079	0.0563755	0.0584258	0.010288	0.141074	0.0688199	0.0141225	0.00330335	0.0328924
181	0.0927418	0.0194903	0.00348933	0.00716744	0.0393166	0.0112113	0.00812717	0.291395	0.00229536	0.0682548	0.0261596	0.00133489	0.00181036	0.0118655	0.00207348	0.0426173	0.0714278	0.27102	0.00624861	0.0219533
182	0.0143202	0.0198661	0.00225748	0.00235774	0.40154	0.00400641	0.0269582	0.0529204	0.00150598	0.106256	0.0298017	0.00957585	0.00989932	0.0112448	0.00674055	0.0139994	0.0137623	0.025006	0.02253	0.225451
183	0.0635463	0.0194332	0.00222983	0.00616602	0.039584	0.00711695	0.00755276	0.3372	0.00145012	0.101632	0.0349776	0.00121108	0.000740695	0.00839279	0.00171708	0.0248452	0.0481344	0.26678	0.00600597	0.0212847
184	0.0513894	0.0116967	0.0160029	0.0509149	0.00209015	0.0192491	0.0182672	0.0138075	0.226926	0.0444964	0.0207817	0.144246	0.00678879	0.0559706	0.202937	0.040085	0.0431145	0.0252153	0.00113693	0.00488327
185	0.152444	0.00633729	0.0191628	0.0250198	0.0050388	0.494656	0.012301	0.00559254	0.0255118	0.00919918	0.00440755	0.0153512	0.0707442	0.00764018	0.0249956	0.0915119	0.0136255	0.0112058	0.00143483	0.00382016
186	0.102899	0.0549462	0.133876	0.27128	0.00993874	0.0941261	0.00706113	0.00607047	0.0139787	0.00955631	0.00406644	0.0278836	0.0476129	0.0118316	0.0196851	0.0881895	0.0254302	0.0502749	0.00160834	0.0196841
187	0.0824341	0.0332285	0.0255537	0.0298678	0.0171153	0.0111102	0.0487444	0.00503258	0.0283495	0.0974267	0.0502238	0.0050726	0.00260937	0.439824	0.00747819	0.0530867	0.0358259	0.0222692	0.00155793	0.00318969
188	0.0902152	0.022731	0.00899247	0.0191546	0.047946	0.00429641	0.00883324	0.0756414	0.0201892	0.0527242	0.027769	0.00673289	0.00240971	0.0190765	0.0082292	0.117978	0.313248	0.136636	0.000749804	0.0164469
189	0.0257144	0.0228398	0.0973899	0.0323838	0.0110849	0.131114	0.0294328	0.00675424	0.0437702	0.0123722	0.00464482	0.301939	0.00333211	0.00979702	0.0235191	0.126484	0.023909	0.0266364	0.0183008	0.0485818
190	0.0122966	0.0149475	0.0118496	0.0116864	0.171095	0.00260792	0.183735	0.0258729	0.00339079	0.05124	0.011033	0.0399043	0.0198388	0.0184594	0.0439164	0.0280714	0.0423011	0.0247267	0.00893268	0.274095
191	0.0744062	0.00382826	0.155938	0.395416	0.0101647	0.0412877	0.0141406	0.00761992	0.0605338	0.00809747	0.00423548	0.048089	0.0147835	0.0354453	0.0109498	0.0616228	0.0259903	0.0175939	0.000434227	0.00942288
192	0.0343595	0.0111084	0.000946523	0.0110562	0.0435995	0.00191751	0.00779167	0.168572	0.00212763	0.431119	0.0384723	0.00106064	0.00130877	0.00413305	0.00827165	0.0063927	0.0111501	0.200261	0.00400887	0.0123432
