380	20
1	0.0062531	0.000719706	0.00128028	0.00168085	0.0131663	0.906102	0.0012561	0.00179658	0.00790808	0.00201614	0.00163412	0.00204293	0.000954241	0.00194382	0.0126081	0.033159	0.00224828	0.00198238	0.000309275	0.000938731
2	0.0483152	0.00276302	0.00743785	0.00707746	0.00348621	0.0779314	0.0378402	0.00721073	0.0101785	0.0140092	0.0150911	0.473253	0.00403522	0.152587	0.0512086	0.0251799	0.0487689	0.00895834	0.00111299	0.00355511
3	0.110489	0.00111224	0.0377467	0.0633432	0.00866637	0.10501	0.0198919	0.0102772	0.0624882	0.0166508	0.00602852	0.144063	0.0181628	0.156661	0.0117249	0.121973	0.0912351	0.0116933	0.000546734	0.00223578
4	0.0605746	0.00288885	0.0103877	0.00851871	0.0200919	0.0562886	0.0826884	0.00616013	0.0474707	0.0258051	0.0671931	0.0354891	0.0835127	0.281092	0.027428	0.0835399	0.0362165	0.0446052	0.000805866	0.0192426
5	0.128898	0.00963591	0.00390558	0.00792874	0.0307026	0.0857383	0.00425507	0.00593856	0.0108315	0.00833987	0.00619344	0.0533559	0.192869	0.0097678	0.0139905	0.34581	0.0496179	0.0288679	0.000851142	0.00250147
6	0.031189	0.00128902	0.0541226	0.087453	0.00156974	0.00946103	0.0110304	0.0304631	0.401844	0.010113	0.00369148	0.0220688	0.0491585	0.0727363	0.151687	0.0155531	0.0251817	0.0162094	0.000568524	0.00461046
7	0.0271845	0.00139641	0.0434829	0.0660852	0.00175969	0.00485946	0.00745327	0.0351005	0.417503	0.0115097	0.00419723	0.0237159	0.0595633	0.0619404	0.164255	0.0144597	0.0315517	0.0188805	0.000777698	0.00432393
8	0.0127221	0.00689694	0.01057	0.0396852	0.0037131	0.0211009	0.018437	0.00633605	0.300146	0.0176379	0.00629547	0.0125346	0.00572994	0.0911036	0.366975	0.0296664	0.0273641	0.0161442	0.00091763	0.00602346
9	0.0106539	0.0159849	0.00798303	0.0022251	0.235308	0.00158975	0.0585424	0.0289692	0.0100803	0.0497953	0.00860416	0.00459572	0.00111997	0.010562	0.0217537	0.0116784	0.00477072	0.0181027	0.0550639	0.442617
10	0.0424804	0.000395309	0.210151	0.470195	0.000374482	0.0266922	0.00931977	0.00119609	0.0518469	0.00377807	0.00369503	0.0280263	0.00842248	0.0654552	0.017081	0.0319434	0.014789	0.0123687	0.000125996	0.00166361
11	0.488193	0.00310392	0.0252102	0.00432912	0.00346033	0.026854	0.0246346	0.0450312	0.00586478	0.0652007	0.00562223	0.0254739	0.00300238	0.0082288	0.00508264	0.152544	0.0330611	0.0718142	0.00105961	0.00223006
12	0.154472	0.00107314	0.0168401	0.023457	0.0239022	0.0213302	0.0417523	0.00256861	0.0165292	0.0402319	0.0249415	0.120444	0.0221277	0.0701285	0.00279745	0.148931	0.200569	0.0662065	0.000472931	0.00122595
13	0.00608232	0.0011003	0.00205654	0.00461158	0.000861887	0.00812083	0.0024975	0.00629504	0.462373	0.00944122	0.0123482	0.00867511	0.00219955	0.0207055	0.428021	0.00780938	0.00497245	0.00468754	0.00540492	0.00173619
14	0.0141936	0.00401119	0.00303544	0.00613714	0.0252873	0.00380831	0.00599536	0.227093	0.00475617	0.450442	0.0697361	0.0077192	0.0434329	0.010917	0.00400601	0.014571	0.0467835	0.0488473	0.00263008	0.00659752
15	0.0985573	0.00505625	0.0129558	0.0352508	0.0089124	0.0226011	0.00624419	0.0104852	0.0230203	0.024996	0.00697578	0.0157429	0.579822	0.0252589	0.0136945	0.0652028	0.0253276	0.015065	0.00111692	0.00371468
16	0.154219	0.000940001	0.0222624	0.0269613	0.0196821	0.0287007	0.0446803	0.00246812	0.0211778	0.0427741	0.0235685	0.1114	0.0265847	0.0787112	0.00297897	0.130319	0.200035	0.0607398	0.000424636	0.00137239
17	0.0192884	0.0111971	0.000414723	0.00152425	0.00286991	0.00129273	0.000485041	0.289173	0.00069334	0.0381215	0.0109359	0.00179791	0.000404516	0.000896959	0.000515377	0.00343312	0.00376504	0.612774	0.000100842	0.00031667
18	0.1143	0.0322826	0.00749363	0.00819482	0.157052	0.00481035	0.0450905	0.0567115	0.0345741	0.0469283	0.0100262	0.0349479	0.00401853	0.0130246	0.0101001	0.0172943	0.0883367	0.0391762	0.0124143	0.263223
19	0.0959028	0.00640334	0.00655435	0.0166761	0.00944675	0.0276775	0.0072562	0.00620823	0.0129465	0.0172911	0.00706854	0.0217397	0.542141	0.0252948	0.0121917	0.137691	0.030689	0.0133261	0.000729113	0.00276579
20	0.0962173	0.00349488	0.0159594	0.0179798	0.00275986	0.00864507	0.109149	0.066368	0.0317646	0.0973669	0.00736141	0.18272	0.00277553	0.039717	0.069797	0.0884484	0.0962357	0.0346506	0.00104677	0.0275423
21	0.155113	0.00710963	0.00268864	0.00419009	0.00200219	0.00437312	0.00229954	0.00402056	0.0055716	0.0436911	0.023677	0.00466888	0.00937149	0.0120831	0.0912427	0.328374	0.272809	0.0246392	0.000514721	0.00156107
22	0.0411626	0.00276447	0.0164244	0.0235067	0.00249614	0.0144386	0.0851119	0.0109519	0.396656	0.00985	0.0160839	0.0365327	0.0436396	0.0981054	0.132263	0.0168346	0.0145382	0.00893871	0.000640341	0.0290604
23	0.118006	0.115502	0.0129003	0.0199909	0.0171412	0.024909	0.0209687	0.0269093	0.0274368	0.0263509	0.0248768	0.0433251	0.0168229	0.035381	0.024664	0.278279	0.109588	0.0421528	0.00285797	0.0119377
24	0.0129443	0.0258251	0.006098	0.0146088	0.00448794	0.0121255	0.0436534	0.00491171	0.211164	0.0719014	0.0129837	0.0341533	0.00434724	0.0441955	0.362263	0.0353935	0.0265983	0.0106132	0.00121062	0.0605215
25	0.0169701	0.00779249	0.00162518	0.00520083	0.0288443	0.0032677	0.00456036	0.138315	0.00541213	0.478217	0.0962929	0.00612055	0.00456746	0.0120722	0.00236768	0.0109491	0.0177366	0.14989	0.00137272	0.00842503
26	0.00624351	0.000786532	0.000992855	0.00287759	0.000850145	0.00706692	0.00140216	0.00477396	0.413772	0.0119241	0.0143394	0.00502061	0.000555683	0.0191134	0.489445	0.00815134	0.0036308	0.00513325	0.00312093	0.000799319
27	0.0177332	0.00176615	0.00241396	0.00540706	0.00932546	0.00293294	0.0108143	0.026137	0.0745002	0.464381	0.149763	0.0180756	0.0021017	0.0759393	0.00309612	0.0379601	0.00695784	0.0219447	0.0012232	0.067527
28	0.0133249	0.00344035	0.00112407	0.0026095	0.0131499	0.00158127	0.00944349	0.0406399	0.0247906	0.583306	0.16413	0.0105131	0.00159611	0.0431162	0.00152162	0.0275289	0.00949271	0.0158953	0.00139414	0.0314024
29	0.0055648	0.000670763	0.000797251	0.00305129	0.000714887	0.00719691	0.00133591	0.00521776	0.440554	0.0105337	0.0130217	0.00540037	0.000598953	0.0196942	0.465153	0.00752373	0.00401275	0.00464799	0.00354588	0.000763624
30	0.0257499	0.00138426	0.00188677	0.00241573	0.00278768	0.00229781	0.0219359	0.024702	0.0260789	0.457845	0.227413	0.020994	0.00136045	0.0692578	0.0022553	0.0635267	0.0074273	0.0072788	0.00111673	0.0322859
31	0.033256	0.00036668	0.234969	0.488871	0.000335772	0.0215613	0.00751674	0.00151258	0.0427286	0.00343434	0.00363502	0.027254	0.00650449	0.0609756	0.0151094	0.0299953	0.01195	0.00864752	0.000124765	0.00125237
32	0.00825955	0.00177216	0.00307489	0.0073807	0.00127171	0.00792767	0.00514852	0.00595217	0.402848	0.0127166	0.0137648	0.00757108	0.00278563	0.0273748	0.459117	0.0120579	0.00855089	0.00723948	0.00292453	0.00226279
33	0.0150553	0.019082	0.00070718	0.00185488	0.00731222	0.00205668	0.000664956	0.307903	0.000994418	0.053983	0.00873753	0.00279323	0.000587774	0.00126684	0.000687865	0.00555483	0.00669566	0.563544	0.000111471	0.000406392
34	0.0661896	0.00389268	0.0206428	0.0279862	0.00373311	0.0485184	0.156955	0.00952753	0.245233	0.0147073	0.0241326	0.0966124	0.0193199	0.102108	0.0472213	0.0425777	0.0335039	0.0154334	0.00125933	0.0204463
35	0.11792	0.00783402	0.136626	0.122394	0.00679346	0.0464094	0.0907815	0.0146615	0.0444476	0.0231363	0.0179482	0.0830286	0.00903963	0.079463	0.0267514	0.0696469	0.0543244	0.029	0.00195582	0.0178382
36	0.0104647	0.0160524	0.00801009	0.00222621	0.235578	0.00158892	0.0590198	0.0290657	0.010095	0.0496573	0.00863411	0.00452459	0.0011147	0.0100616	0.0215649	0.0114312	0.00476924	0.017942	0.0546319	0.443567
37	0.014229	0.0058199	0.00248232	0.00480417	0.0322285	0.00224331	0.00920593	0.076886	0.0100001	0.59452	0.122481	0.00829253	0.00433801	0.0189567	0.00412888	0.0184086	0.0196323	0.0351497	0.0018664	0.0143258
38	0.0227412	0.00436491	0.00211998	0.00233593	0.00578984	0.00223409	0.0103854	0.0550525	0.0103762	0.57158	0.161244	0.0103648	0.00251998	0.0369597	0.00267137	0.0493201	0.0216546	0.0148511	0.00148355	0.0119507
39	0.00632497	0.00689199	0.00050731	0.000627664	0.00949916	0.000577802	0.00146267	0.0598856	0.000705902	0.716837	0.142372	0.000880195	0.00183729	0.012524	0.000604571	0.00368755	0.0126674	0.0190696	0.00158758	0.00145024
40	0.0266323	0.000409309	0.248263	0.526989	0.000394043	0.0149955	0.00488195	0.00203279	0.0291825	0.00300729	0.00472669	0.0217071	0.0064536	0.0533423	0.00861793	0.028389	0.0118973	0.00702503	0.000175938	0.000878085
41	0.0511228	0.000704878	0.182414	0.402869	0.0006452	0.041102	0.0203623	0.00179059	0.0705952	0.0043195	0.00338054	0.0285918	0.00694015	0.0876199	0.0322854	0.0361889	0.0125072	0.0127776	0.00020641	0.0035768
42	0.0311629	0.000492908	0.255381	0.438015	0.000594119	0.0493988	0.00600752	0.00183463	0.0333089	0.00398524	0.006591	0.0536885	0.00769997	0.0420504	0.00894235	0.0372453	0.0141394	0.0082875	0.000235128	0.000939215
43	0.0105259	0.0159187	0.00791812	0.00235513	0.238385	0.00155486	0.0584769	0.0295468	0.010025	0.0519581	0.008854	0.00452383	0.00112464	0.010002	0.0215301	0.0114339	0.00477942	0.0180677	0.0538526	0.439167
44	0.0109993	0.00337333	0.0011955	0.00198761	0.0146075	0.00186456	0.00474877	0.588443	0.00194201	0.130129	0.0719471	0.00230303	0.00403506	0.00204455	0.00127142	0.0101682	0.0108977	0.135889	0.000787782	0.00136549
45	0.087483	0.00185176	0.00470408	0.0710788	0.00193683	0.0226221	0.00358403	0.0250898	0.0782571	0.0421272	0.0237072	0.00705205	0.00480743	0.149302	0.144666	0.142876	0.141758	0.0441423	0.000726811	0.00222646
46	0.0656239	0.004319	0.00818678	0.0116112	0.00469759	0.101915	0.0168287	0.0116949	0.026613	0.0456903	0.0493558	0.283113	0.00978436	0.028633	0.148737	0.0812382	0.07862	0.0130856	0.0014189	0.00883439
47	0.0691536	0.0470178	0.0107752	0.0599319	0.0486943	0.0115696	0.0581048	0.0965709	0.0158419	0.0171262	0.0534276	0.0197073	0.00880429	0.256895	0.0138989	0.114076	0.0238104	0.0176723	0.00211301	0.0548091
48	0.108747	0.000463985	0.0416071	0.0765138	0.00447322	0.0865995	0.025397	0.00508197	0.0627438	0.0222703	0.00795725	0.113921	0.0176786	0.157067	0.00733227	0.131682	0.113818	0.0144014	0.000251223	0.00199439
49	0.0389531	0.000293539	0.243226	0.478805	0.000341335	0.0243604	0.00508244	0.00135669	0.0423833	0.0032376	0.00475294	0.02501	0.010847	0.0513615	0.0100716	0.0322975	0.0159779	0.0109722	0.000118563	0.00055134
50	0.0164444	0.00977749	0.0129713	0.035626	0.00458491	0.0200553	0.0322527	0.00554688	0.219433	0.0229025	0.00800033	0.0132431	0.00397272	0.091975	0.408008	0.0372566	0.0297811	0.0196162	0.000353453	0.00819824
51	0.0977983	0.00521415	0.0735055	0.0810911	0.00275681	0.0416326	0.0678252	0.0176628	0.0347818	0.0244359	0.00497185	0.160152	0.00785263	0.111923	0.0192513	0.0814682	0.107006	0.0362429	0.000444512	0.0239835
52	0.0995869	0.0026353	0.0334171	0.24021	0.00302493	0.0171397	0.0171042	0.00605602	0.145443	0.0109004	0.00653847	0.0611691	0.00629643	0.201005	0.0459829	0.0468921	0.0160113	0.00960524	0.00108694	0.0298941
53	0.0739834	0.00117683	0.179	0.332117	0.00100461	0.0442369	0.0300533	0.00254823	0.0797334	0.00480281	0.00376193	0.0267603	0.00804085	0.0900585	0.043003	0.0401801	0.0151231	0.0190405	0.000392581	0.00498288
54	0.0199355	0.000317651	0.266123	0.55243	0.000357131	0.010499	0.00150614	0.00210343	0.0209101	0.00255186	0.00440569	0.0195552	0.00582298	0.0457886	0.00520581	0.027065	0.0101753	0.00456585	0.000114575	0.00056734
55	0.0145606	0.0085723	0.0110833	0.0400407	0.0045021	0.0171598	0.0220044	0.00738073	0.233	0.0237222	0.00743767	0.0134496	0.00578252	0.0934054	0.404781	0.0343128	0.0311069	0.0207284	0.000353713	0.00661622
56	0.107889	0.000457451	0.0407782	0.0772641	0.00430518	0.0859104	0.0253084	0.00501031	0.0644459	0.0223202	0.00787489	0.112754	0.0172392	0.156466	0.00744719	0.134346	0.113893	0.0140684	0.000241464	0.00198044
57	0.0290797	0.00278558	0.0266876	0.0630885	0.00197064	0.00744807	0.00702629	0.0347625	0.31282	0.0228814	0.00498132	0.0227573	0.0368013	0.0667114	0.225938	0.0324437	0.0657993	0.0320753	0.000414411	0.00352787
58	0.0158141	0.0183445	0.000562448	0.00188804	0.00668855	0.00187301	0.000619594	0.306238	0.000956803	0.0526667	0.00916648	0.00259076	0.000544243	0.00120897	0.000660569	0.00510224	0.00647587	0.568078	0.000117965	0.000403271
59	0.0320615	0.000356515	0.255366	0.496584	0.000315115	0.0174274	0.00478024	0.00155815	0.0359861	0.00305952	0.00370664	0.0276474	0.00722309	0.0527527	0.0114717	0.0281865	0.0129247	0.00754378	0.000106855	0.000941657
60	0.0448866	0.000296325	0.275233	0.459782	0.000369885	0.0167744	0.00235417	0.00142173	0.0393519	0.00360428	0.00377378	0.0276703	0.0129589	0.041532	0.00655045	0.0316682	0.0215372	0.00969741	0.00010994	0.000427975
61	0.00623991	0.00694359	0.000505291	0.000564506	0.00906109	0.000549872	0.0013338	0.0596609	0.000633142	0.717719	0.143146	0.000845447	0.00176786	0.0125739	0.000567865	0.00365687	0.0126397	0.0188477	0.00158938	0.00115396
62	0.0242653	0.0061667	0.0117136	0.0232294	0.00850335	0.0157954	0.0131776	0.00944015	0.282718	0.0218482	0.0153067	0.0196413	0.00497659	0.047255	0.408203	0.0333361	0.0280364	0.0132296	0.00235932	0.0107978
63	0.0196985	0.00197027	0.00727972	0.010507	0.0118953	0.823916	0.00262962	0.00575023	0.012185	0.00353622	0.00543175	0.00829505	0.00699289	0.0070022	0.0134616	0.0424225	0.0103026	0.00452092	0.00037495	0.00182741
64	0.0316924	0.00265083	0.0227598	0.00608933	0.000926151	0.00190507	0.00148003	0.00219866	0.00249505	0.00302674	0.00907268	0.0426147	0.00123428	0.00292501	0.00552745	0.509127	0.332183	0.00980421	0.000380915	0.0119065
65	0.0972704	0.00550495	0.0192938	0.0410732	0.0113909	0.0289904	0.0118217	0.0156217	0.0352626	0.029574	0.012522	0.0332469	0.34436	0.0347211	0.0235162	0.11263	0.109016	0.027655	0.00130598	0.00522241
66	0.00685804	0.00662044	0.000569954	0.000684122	0.00932449	0.000631285	0.00170107	0.0598272	0.00130948	0.707149	0.143121	0.00119192	0.00216206	0.0137934	0.000637738	0.00594693	0.0148377	0.020129	0.00155114	0.00195462
67	0.200094	0.00325483	0.00728269	0.033637	0.00223561	0.138254	0.00238222	0.0172283	0.0049004	0.00440771	0.004627	0.0341148	0.0111027	0.00543249	0.00974668	0.42037	0.0913968	0.00658696	0.000547881	0.0023976
68	0.0279533	0.0110222	0.000575048	0.00197634	0.0056541	0.0018571	0.000762793	0.262082	0.00113246	0.0604941	0.0165169	0.00256681	0.000642456	0.00139372	0.000976789	0.00444269	0.00852595	0.590863	0.00015379	0.000408926
69	0.582426	0.00205909	0.0234681	0.00744573	0.00187506	0.0883887	0.00208524	0.00478017	0.00318443	0.00485626	0.0029999	0.0154266	0.00510809	0.0100827	0.00591032	0.205323	0.023545	0.00911	0.000553293	0.00137288
70	0.0208446	0.00176078	0.00252695	0.00314086	0.00176464	0.00360574	0.0116284	0.00312718	0.0282012	0.00487979	0.010405	0.285945	0.00189712	0.0113312	0.037835	0.185259	0.363737	0.0190049	0.000718622	0.00238749
71	0.0199571	0.00455772	0.00100723	0.00220238	0.022722	0.00176828	0.00399946	0.210196	0.002488	0.410527	0.123514	0.00262942	0.00211281	0.00703728	0.00140381	0.00490386	0.0132003	0.160161	0.00126791	0.00434485
72	0.0514524	0.00603687	0.106361	0.204504	0.00398224	0.02967	0.155187	0.0105939	0.0401463	0.0118695	0.00830612	0.071779	0.00513876	0.107038	0.0292017	0.0587815	0.0612311	0.0171604	0.00108654	0.0204743
73	0.0423552	0.0024502	0.219149	0.428979	0.00379252	0.0225171	0.0103428	0.00755644	0.0471064	0.00861042	0.0069113	0.0315579	0.0138036	0.057069	0.0186295	0.038152	0.0233709	0.0123621	0.000676384	0.00460839
74	0.0159781	0.000828377	0.00123463	0.004032	0.0552645	0.00166315	0.010879	0.455452	0.00282348	0.205587	0.103379	0.0039155	0.00293471	0.00237077	0.00144482	0.00825263	0.0124	0.0998843	0.00109209	0.0105838
75	0.0185915	0.0121868	0.0017259	0.0047337	0.0403222	0.00429026	0.00326396	0.348596	0.00333104	0.074422	0.0282872	0.00565047	0.00153598	0.00322431	0.00174097	0.0131171	0.0140888	0.418554	0.000414707	0.00192341
76	0.0365466	0.00350336	0.367568	0.105322	0.00517759	0.0262177	0.017795	0.0124471	0.0263672	0.0539231	0.013536	0.156208	0.0082442	0.0311792	0.0185894	0.0492762	0.0373229	0.0234266	0.00124768	0.00610206
77	0.0112464	0.000645065	0.515066	0.339076	0.000634243	0.0109305	0.00190019	0.00356841	0.0153403	0.00451574	0.00351963	0.0336627	0.00544038	0.0162294	0.00257565	0.0226875	0.00852533	0.00363743	0.000210366	0.000589158
78	0.0424611	0.00404874	0.0658528	0.103612	0.00296657	0.028277	0.123853	0.00742813	0.0181107	0.0124213	0.00622633	0.150319	0.00568359	0.109794	0.00821502	0.114791	0.169315	0.0147738	0.00080642	0.0110453
79	0.0472083	0.00933606	0.0106194	0.125744	0.00637546	0.0151971	0.00870233	0.0592446	0.0855775	0.0214856	0.0152867	0.0261765	0.0105219	0.0387737	0.0267895	0.16989	0.285475	0.0297269	0.00159032	0.00627899
80	0.25024	0.00394948	0.00935321	0.0182534	0.00555043	0.157228	0.00214704	0.0089123	0.0049882	0.00423946	0.00377631	0.0342905	0.0320488	0.00589264	0.00996239	0.360516	0.0784077	0.00806558	0.000551308	0.00162674
81	0.130302	0.012631	0.00391879	0.0361542	0.00218064	0.0808943	0.00314748	0.156273	0.00740379	0.00737992	0.0804799	0.0598554	0.0021181	0.00766274	0.016405	0.12876	0.11194	0.150017	0.0006637	0.00181265
82	0.0246344	0.00894081	0.00883193	0.018726	0.00525529	0.0759921	0.0204067	0.00927648	0.184504	0.0231411	0.0500206	0.0350749	0.00855527	0.0424521	0.234217	0.0701157	0.115822	0.0136972	0.00139885	0.0489375
83	0.0889193	0.00653371	0.00536078	0.0086608	0.00422886	0.0125752	0.00484537	0.0077497	0.0162473	0.0565833	0.0418521	0.0159814	0.0560246	0.019154	0.115923	0.313468	0.198945	0.0207789	0.00123225	0.00493607
84	0.0354285	0.000367008	0.223734	0.490751	0.000413379	0.0228038	0.0079106	0.00163437	0.0434092	0.00355195	0.00402019	0.024889	0.00743243	0.061775	0.0130381	0.0334375	0.0140093	0.00979546	0.000136957	0.00146167
85	0.0104647	0.0160524	0.00801009	0.00222621	0.235578	0.00158892	0.0590198	0.0290657	0.010095	0.0496573	0.00863411	0.00452459	0.0011147	0.0100616	0.0215649	0.0114312	0.00476924	0.017942	0.0546319	0.443567
86	0.0153831	0.0206669	0.00810988	0.00376421	0.226484	0.00212081	0.0589985	0.0297785	0.0119989	0.0490737	0.00917972	0.00688691	0.00191722	0.0136231	0.0220801	0.0135077	0.00773152	0.0183235	0.0513653	0.429007
87	0.0551757	0.0112574	0.00344525	0.0179294	0.0126628	0.0195725	0.0023854	0.293359	0.00426861	0.044815	0.0293292	0.0164419	0.00217582	0.00626174	0.00547831	0.0473857	0.05415	0.371798	0.00073953	0.00136892
88	0.0562803	0.0261567	0.00420943	0.00589619	0.00775341	0.101436	0.00377798	0.00481399	0.029782	0.00736212	0.00659712	0.185961	0.123991	0.00830089	0.0518254	0.316843	0.043792	0.0115893	0.00107284	0.00255916
89	0.0148966	0.00301579	0.000779761	0.00149823	0.00996922	0.00108998	0.0035053	0.566324	0.00148556	0.0832552	0.0719678	0.00168024	0.000967205	0.00150984	0.0010405	0.00770021	0.00749262	0.22074	0.000491413	0.000590774
90	0.00695268	0.00745395	0.000543388	0.000653767	0.00961821	0.000653977	0.00145875	0.0579483	0.000986045	0.707951	0.151324	0.00120331	0.00166703	0.0127915	0.000640772	0.00415586	0.0126458	0.0184856	0.00151547	0.00135037
91	0.142961	0.0118237	0.0335856	0.0376848	0.010952	0.0580933	0.0145352	0.017875	0.0286321	0.0386821	0.0193063	0.0397955	0.0325687	0.0354715	0.0248674	0.302836	0.116591	0.0216167	0.00128438	0.0108376
92	0.0199153	0.00547137	0.00661022	0.0102303	0.10695	0.00716792	0.00921302	0.491227	0.00812405	0.0942566	0.0416997	0.0106541	0.0055872	0.0114686	0.00556922	0.0490375	0.0191493	0.0848928	0.00175317	0.0110228
93	0.137787	0.0134758	0.0124995	0.0289276	0.00989478	0.0156233	0.00680804	0.158	0.0151405	0.0459399	0.025894	0.0225476	0.0140833	0.0175001	0.0096254	0.0540416	0.0552238	0.35229	0.0012969	0.00340216
94	0.0398107	0.00374746	0.340695	0.0813289	0.00383411	0.0258662	0.0144743	0.00959629	0.0319636	0.0176042	0.0110456	0.211168	0.00677683	0.0326984	0.0228862	0.0485893	0.0450313	0.0457677	0.00175487	0.00536136
95	0.00660356	0.00190156	0.00206844	0.00835175	0.00134899	0.00908253	0.00380687	0.00536698	0.419305	0.0112582	0.0118818	0.00643347	0.00130129	0.0314946	0.44961	0.0109814	0.00826273	0.00622989	0.00313206	0.00157867
96	0.0291788	0.000518122	0.353762	0.41245	0.000506866	0.0236837	0.00314714	0.00235084	0.0306316	0.00352682	0.00386184	0.0271739	0.00923113	0.0339978	0.00567996	0.032627	0.0194461	0.0074177	0.0001484	0.000660652
97	0.0179236	0.00162163	0.00184895	0.00413035	0.00407662	0.00220109	0.0128968	0.0228254	0.0557446	0.492082	0.169846	0.0154877	0.00150206	0.0759618	0.002366	0.0460162	0.00647624	0.0133168	0.00103834	0.0526378
98	0.00757048	0.00548812	0.000766168	0.00169853	0.0167274	0.00130709	0.00275794	0.204618	0.00213729	0.564566	0.115273	0.00156154	0.00382422	0.0102039	0.00109583	0.00595179	0.0127728	0.0366982	0.001511	0.00347072
99	0.0394896	0.00999053	0.0408219	0.182968	0.00515747	0.0231643	0.0673575	0.008676	0.104081	0.0207174	0.011162	0.031926	0.00657814	0.133993	0.180839	0.0461711	0.0235146	0.0136774	0.00102823	0.048687
100	0.0202691	0.00468494	0.003906	0.0105638	0.0353789	0.00508043	0.00765241	0.143153	0.00840824	0.459644	0.0653925	0.00955526	0.0630044	0.0133613	0.00497869	0.0170198	0.0584164	0.0573701	0.00235048	0.00981064
101	0.0335777	0.00273393	0.136821	0.103741	0.00268355	0.230868	0.0179871	0.00635864	0.0105743	0.00873346	0.0254346	0.272004	0.00536542	0.015855	0.0106346	0.0822766	0.0196943	0.0105946	0.00103048	0.0030324
102	0.299961	0.105742	0.00868481	0.0109691	0.0426175	0.0208056	0.00648827	0.0129295	0.0137258	0.0153765	0.0118169	0.0194926	0.0202156	0.0196775	0.0131757	0.256664	0.0533913	0.0626361	0.00127612	0.00435404
103	0.158863	0.0169028	0.00231502	0.00349939	0.00173286	0.00322612	0.00189168	0.00572552	0.00963035	0.055069	0.0122413	0.00411944	0.00335862	0.0221755	0.0230552	0.430425	0.231512	0.0124326	0.000513422	0.00131194
104	0.0186651	0.0120618	0.000436733	0.00156653	0.00462899	0.00149079	0.000689678	0.296795	0.000835779	0.0496316	0.0133898	0.00202647	0.000492017	0.00103365	0.000571716	0.00427653	0.00532141	0.585582	0.000117453	0.000387395
105	0.0161348	0.00351765	0.00159173	0.00359776	0.0381701	0.0028912	0.0167248	0.0996703	0.00918472	0.520433	0.159688	0.0101661	0.00242454	0.0244193	0.002048	0.026569	0.0133811	0.0303205	0.00150313	0.0175641
106	0.0182195	0.00623484	0.00146123	0.00283336	0.0133129	0.00182611	0.00309041	0.0623937	0.00318696	0.598419	0.13934	0.00416728	0.00309675	0.0134211	0.00215753	0.00869269	0.0429571	0.0698202	0.00190599	0.00346279
107	0.0220469	0.0110821	0.00689724	0.00859453	0.00418794	0.013401	0.268349	0.00841422	0.118078	0.0276951	0.0481477	0.30375	0.00554647	0.0384655	0.0128109	0.0510352	0.0194735	0.0132252	0.00152374	0.0172752
108	0.0868422	0.02901	0.0702929	0.0817007	0.0102155	0.013344	0.145832	0.0191836	0.0185968	0.0204603	0.00969166	0.148189	0.0038512	0.0926303	0.0176828	0.0484428	0.0804475	0.0249881	0.00119585	0.0774027
109	0.0417934	0.00516047	0.0552782	0.093104	0.00296044	0.036698	0.055379	0.00764414	0.232792	0.0140322	0.00882621	0.0205653	0.0119889	0.10079	0.231222	0.0343365	0.0201935	0.0147569	0.000745604	0.0117324
110	0.0192668	0.0112089	0.000412061	0.00152074	0.00287747	0.00129782	0.000485065	0.289244	0.000709708	0.0381797	0.0109073	0.00180428	0.000404305	0.000897945	0.000516196	0.00344608	0.00376835	0.612636	0.000100833	0.00031676
111	0.017954	0.012013	0.000539164	0.00150955	0.00370965	0.00146796	0.000563159	0.304776	0.00076699	0.0413131	0.0121207	0.00188096	0.000463817	0.00102048	0.000539667	0.00399434	0.00444826	0.590495	9.87919e-05	0.000325599
112	0.0252548	0.00127219	0.00796977	0.0110755	0.0113135	0.814222	0.00393534	0.00287999	0.0123327	0.00401132	0.00278357	0.0114532	0.00293758	0.0069373	0.0157682	0.0506991	0.00991971	0.00340046	0.00027375	0.00156006
113	0.0253119	0.0137635	0.00107846	0.00287903	0.0186278	0.00346027	0.00165379	0.27722	0.00186249	0.0916022	0.0214407	0.00461458	0.00137711	0.00228964	0.00125478	0.00806649	0.0157776	0.506639	0.000256594	0.000824659
114	0.00661394	0.00672133	0.000571241	0.000822344	0.0123655	0.000674093	0.00188468	0.0669289	0.00170775	0.70106	0.141623	0.00115974	0.00182205	0.0136604	0.000693336	0.00447377	0.0128431	0.0202813	0.00152838	0.00256546
115	0.109655	0.000431396	0.0412691	0.0764147	0.00459656	0.0857447	0.0259442	0.00491144	0.062372	0.0226037	0.0081913	0.112521	0.0178948	0.1567	0.00723581	0.132543	0.114121	0.0146346	0.000247847	0.00196749
116	0.0418096	0.00171101	0.236291	0.163693	0.00219564	0.150366	0.0312098	0.00500653	0.0245944	0.00801272	0.0151289	0.146021	0.00539822	0.037064	0.0116196	0.0800719	0.0266988	0.00987452	0.000604034	0.00262944
117	0.0141673	0.000527049	0.465456	0.379535	0.000520179	0.0102266	0.00159015	0.00297715	0.018485	0.00363785	0.00333719	0.0300494	0.00677203	0.0210005	0.00305609	0.0251648	0.00934843	0.0035008	0.000164974	0.000483702
118	0.179444	0.00200315	0.0188822	0.0751998	0.0044611	0.0144013	0.00249307	0.0957291	0.00515741	0.0151533	0.0312263	0.0121749	0.00469649	0.0120973	0.00857645	0.0456587	0.262252	0.207795	0.000868488	0.00172962
119	0.032531	0.00228049	0.380631	0.286222	0.00449032	0.0233609	0.0125265	0.00692718	0.0322235	0.0111235	0.00982577	0.0566708	0.00976759	0.0331892	0.0164129	0.0407874	0.0197819	0.0135598	0.00144547	0.00624234
120	0.134241	0.00649103	0.00377459	0.0277723	0.00878367	0.019134	0.00324237	0.00543188	0.00698436	0.0196853	0.00504148	0.00975911	0.624968	0.0223174	0.00494717	0.0617629	0.0162262	0.0164667	0.000622417	0.00234854
121	0.0303604	0.00151005	0.00234395	0.00285235	0.00456775	0.00330734	0.0248746	0.0334383	0.0216208	0.440595	0.220404	0.0255672	0.00177296	0.058907	0.00289422	0.0791399	0.0101866	0.00778638	0.00131959	0.0265515
122	0.0426557	0.0115701	0.00394812	0.0114246	0.00844348	0.0377091	0.00380579	0.257365	0.00683903	0.0540198	0.024852	0.0505501	0.00339074	0.00715459	0.00738953	0.0542119	0.0307392	0.38062	0.000897668	0.00241394
123	0.0862988	0.00214804	0.00577329	0.00587885	0.00276318	0.00518104	0.0064412	0.00440761	0.00917687	0.00570014	0.00774026	0.213403	0.00384345	0.00933189	0.00710868	0.473882	0.13721	0.00950857	0.000888355	0.00331551
124	0.0892049	0.0104904	0.00569988	0.0159442	0.00920896	0.0224443	0.0071271	0.204595	0.0110906	0.0754026	0.18958	0.019991	0.00556214	0.0121715	0.0093289	0.0358533	0.043598	0.227576	0.00161167	0.00352054
125	0.0718331	0.0162326	0.0128549	0.0259939	0.00890859	0.13574	0.011797	0.138505	0.0254718	0.0420681	0.179829	0.0529506	0.0109683	0.0240858	0.0195735	0.0761125	0.0630505	0.0750276	0.00241194	0.00658433
126	0.00998499	0.00216572	0.00505247	0.0130649	0.00158074	0.0103581	0.0088801	0.00690621	0.40408	0.0126487	0.0131425	0.00918599	0.00430649	0.0319475	0.427735	0.0140713	0.0107424	0.00778014	0.00284578	0.00352037
127	0.030082	0.00941389	0.000672421	0.00195734	0.00546112	0.00198378	0.0010596	0.260814	0.00129201	0.0662888	0.0286829	0.00276725	0.000764279	0.00135538	0.00118326	0.00456274	0.0093057	0.571713	0.00020843	0.000431954
128	0.0140021	0.00045711	0.408682	0.439647	0.000435625	0.0114059	0.00163951	0.00443662	0.0147067	0.0030175	0.00389957	0.0233346	0.00589899	0.0267496	0.00267725	0.0257559	0.00929658	0.00337174	0.000138286	0.000446979
129	0.0504789	0.00209685	0.12404	0.228958	0.00259341	0.0299612	0.01998	0.0121249	0.179467	0.0136082	0.00813068	0.0668008	0.0187833	0.0723665	0.0605975	0.0471741	0.0385914	0.0167689	0.00055822	0.0069204
130	0.281059	0.00659147	0.00813418	0.0136833	0.00319363	0.0245434	0.0065877	0.0103819	0.0147402	0.028657	0.0184949	0.0178751	0.00907879	0.0214839	0.0792126	0.248581	0.1811	0.0223203	0.000692847	0.00358974
131	0.10326	0.00486206	0.0115345	0.0363598	0.00929234	0.0226418	0.00683792	0.00805847	0.0194863	0.0213999	0.00885571	0.0156906	0.578703	0.0270349	0.0118952	0.071261	0.0213661	0.0170857	0.000901181	0.0034741
132	0.034785	0.00266994	0.0123428	0.0595225	0.00389709	0.0100747	0.00595337	0.0144735	0.279421	0.088681	0.0100501	0.0192249	0.0356037	0.0884241	0.0387032	0.12012	0.127303	0.0432083	0.000957854	0.00458469
133	0.0209335	0.000343098	0.298174	0.512889	0.000353404	0.0122522	0.00248295	0.00224475	0.0226509	0.00293132	0.00421836	0.0232803	0.00655387	0.0406917	0.00494101	0.0272909	0.0120635	0.00506727	0.000108708	0.000528847
134	0.0314404	0.00264747	0.0223613	0.00600858	0.000928502	0.00194253	0.00157603	0.00222091	0.00270385	0.00307623	0.00896832	0.0451229	0.00124456	0.00298859	0.00570184	0.506133	0.333133	0.00974799	0.000390506	0.0116629
135	0.0119764	0.0156667	0.00801426	0.00324089	0.235698	0.00211842	0.0572083	0.0311386	0.0109195	0.0599389	0.0113594	0.005471	0.00127646	0.0103785	0.0204938	0.0121577	0.00657718	0.0189409	0.0513606	0.426065
136	0.349726	0.00153872	0.0896772	0.020143	0.00164883	0.148577	0.00320055	0.0034182	0.00486484	0.00411723	0.00340342	0.0411042	0.00321937	0.017684	0.00634441	0.2803	0.0131705	0.00574137	0.000490321	0.0016298
137	0.0383426	0.00118935	0.398986	0.300975	0.00279933	0.0230772	0.00769302	0.00472061	0.0325273	0.00711559	0.00674122	0.0466658	0.00719221	0.0318947	0.0138468	0.0414722	0.0199521	0.009924	0.000898709	0.0039856
138	0.0150348	0.00963517	0.000523088	0.0014574	0.00366961	0.00129102	0.000670964	0.403288	0.0011451	0.0399254	0.017336	0.00186427	0.000468082	0.00106698	0.00068099	0.00491921	0.00424511	0.492243	0.000133199	0.00040336
139	0.0182197	0.00198167	0.0130279	0.0169519	0.011528	0.825145	0.00236781	0.00347984	0.00980042	0.00442847	0.0037357	0.0136007	0.00340497	0.0060137	0.0136548	0.0401096	0.00656382	0.00437294	0.000317885	0.00129501
140	0.0208783	0.00234656	0.0111639	0.0114625	0.0114551	0.798868	0.00238859	0.00365514	0.0164999	0.00403007	0.00412762	0.019419	0.00616599	0.00661356	0.0172713	0.0460534	0.0107359	0.00480832	0.000717883	0.00133879
141	0.0164641	0.0234624	0.00292253	0.00571972	0.0113551	0.00218608	0.00654129	0.0548531	0.0085603	0.624317	0.124561	0.00864316	0.00324023	0.0349989	0.00523627	0.0179328	0.0171571	0.02254	0.00226703	0.00704242
142	0.0177455	0.000363332	0.294906	0.539223	0.000391656	0.00985803	0.000915234	0.00235161	0.0194393	0.00272026	0.00421038	0.0207134	0.00572449	0.0381393	0.00374307	0.0250453	0.00975317	0.00416301	0.000123156	0.000470897
143	0.117282	0.00122911	0.045339	0.0738241	0.00383075	0.0409183	0.0156668	0.00406092	0.0593407	0.014955	0.00640877	0.0746	0.026876	0.181357	0.00547337	0.179688	0.118795	0.0274771	0.000618533	0.00225904
144	0.17292	0.00932857	0.0379124	0.0710528	0.00921994	0.0416937	0.0311159	0.0215223	0.051515	0.0304895	0.0242458	0.0606797	0.039282	0.137798	0.0261474	0.109829	0.0795004	0.035381	0.00108225	0.00928463
145	0.015574	0.0114521	0.000556425	0.00161495	0.00516113	0.00166354	0.000729275	0.392772	0.00114552	0.0472976	0.0170783	0.00210994	0.000529745	0.00121277	0.000824525	0.00597548	0.00522926	0.488529	0.000164204	0.000379709
146	0.0677727	0.00509653	0.0219121	0.0992872	0.00546458	0.0328772	0.0198984	0.0139439	0.107651	0.025258	0.0458613	0.0454752	0.0138778	0.20824	0.0542506	0.0920596	0.10636	0.0253655	0.00132132	0.00802774
147	0.0448897	0.00290896	0.218936	0.44521	0.00426611	0.0225454	0.00985188	0.00873888	0.0341161	0.00762207	0.00703871	0.0321626	0.0149973	0.0545234	0.012286	0.0374276	0.0240762	0.0145996	0.000230692	0.00357309
148	0.0147776	0.00225783	0.000842551	0.00147541	0.0125663	0.00124812	0.00416809	0.586125	0.00150064	0.0994155	0.0786067	0.00170298	0.00126167	0.00166554	0.00115403	0.00839625	0.00959896	0.171747	0.000618181	0.000872194
149	0.0141587	0.00346388	0.0150467	0.0308507	0.00266819	0.0126954	0.0150445	0.011038	0.392066	0.012643	0.0104285	0.0132723	0.013533	0.0650227	0.33005	0.0201113	0.0187027	0.0110505	0.00194588	0.00620782
150	0.0434019	0.00169244	0.217811	0.433365	0.00174969	0.0211387	0.0112332	0.00751271	0.0489948	0.00884365	0.00618294	0.0294801	0.0102192	0.0564747	0.0211174	0.0377127	0.0227532	0.0156201	0.000360983	0.00433562
151	0.644336	0.00423274	0.0065255	0.00390148	0.00227076	0.0352126	0.00323376	0.00687411	0.00405301	0.00860869	0.00346277	0.00744089	0.00351726	0.00915493	0.00531867	0.186069	0.0505336	0.0133392	0.000576809	0.00133872
152	0.0179848	0.0120459	0.000696615	0.00169229	0.004464	0.00153674	0.000880732	0.329234	0.000988888	0.0438815	0.0153882	0.00222816	0.000507415	0.00123439	0.00079476	0.0047861	0.0048275	0.556152	0.000271217	0.00040402
153	0.0473222	0.00277386	0.138091	0.350998	0.00216664	0.0245751	0.0138423	0.0060393	0.110304	0.0111869	0.00669651	0.0320022	0.0102247	0.0959311	0.0554861	0.0423405	0.0292247	0.0142289	0.000308184	0.00625756
154	0.0119594	0.0028078	0.0025022	0.0125218	0.228566	0.00252268	0.015813	0.104511	0.00591596	0.389673	0.0629043	0.00737225	0.00391571	0.00623536	0.00337269	0.00947759	0.0180127	0.0527754	0.00367847	0.0554637
155	0.0985756	0.00489119	0.0168173	0.0365588	0.00866654	0.0195317	0.0048803	0.0141589	0.0201437	0.0260618	0.0076056	0.0150439	0.58239	0.0224372	0.0119425	0.0656531	0.024136	0.0159349	0.00113446	0.00343626
156	0.00675599	0.00670526	0.000575245	0.000630333	0.00859684	0.000619016	0.00196266	0.0580083	0.0022949	0.708385	0.146736	0.00145669	0.00170235	0.0144304	0.000588947	0.00552656	0.0123217	0.0182545	0.00151406	0.0029353
157	0.136352	0.00749155	0.00712867	0.0112799	0.00491306	0.00787721	0.00902314	0.0096688	0.0105538	0.0513225	0.0166035	0.0244412	0.00807123	0.0226391	0.0389926	0.271136	0.313299	0.0460814	0.000697112	0.00242719
158	0.0274916	0.0142477	0.0165657	0.0160759	0.00351751	0.0173719	0.29279	0.00679871	0.0321238	0.0403475	0.0289458	0.29637	0.00438904	0.048258	0.0141696	0.0720185	0.0333402	0.0115632	0.00106607	0.02255
159	0.102283	0.00563654	0.0087332	0.0288601	0.00981201	0.0211709	0.00455611	0.00753471	0.0148217	0.0207571	0.00651681	0.0129692	0.621041	0.023992	0.00904802	0.0634898	0.020016	0.0151696	0.000933564	0.00265829
160	0.0425787	0.0038661	0.222511	0.437013	0.00142436	0.020162	0.0090812	0.00758624	0.0400458	0.00803032	0.00859577	0.0328125	0.0169219	0.0504642	0.0158539	0.0392352	0.0248912	0.0145477	0.000697614	0.00368149
161	0.0125469	0.0072274	0.00450466	0.0076527	0.206665	0.00180514	0.0345357	0.0805465	0.008422	0.243694	0.0401776	0.00762849	0.00286319	0.00727665	0.010508	0.00944404	0.011223	0.0369845	0.0252864	0.241008
162	0.010285	0.0158622	0.00801056	0.0023416	0.235656	0.00159352	0.058874	0.0296372	0.0100406	0.0510348	0.0088376	0.00450358	0.00111438	0.0100617	0.0214087	0.0114771	0.00475518	0.0183188	0.0544124	0.441775
163	0.0344047	0.000562961	0.237867	0.500142	0.000533583	0.0183754	0.00543595	0.00190667	0.0373592	0.00346183	0.00436352	0.0245605	0.00853074	0.0545896	0.010066	0.0301393	0.014402	0.0118252	0.000142743	0.00133155
164	0.0245049	0.000294059	0.30627	0.482619	0.000424146	0.019526	0.00292267	0.00220638	0.027869	0.00315673	0.00422706	0.0260746	0.00728842	0.038376	0.00615094	0.0282109	0.0128663	0.00636546	0.000115031	0.000533002
165	0.0148076	0.00165211	0.00164123	0.0022226	0.0147405	0.00286767	0.00521033	0.49483	0.00289557	0.164078	0.160192	0.00344443	0.00218294	0.00402799	0.00166671	0.00982852	0.0105664	0.100143	0.000995729	0.00200701
166	0.0270118	0.00131397	0.010898	0.00947329	0.0111664	0.79812	0.0039359	0.00425048	0.0137212	0.00410992	0.00500152	0.0168418	0.00445261	0.00878426	0.0186283	0.0470004	0.00838655	0.00549256	0.000355572	0.00105587
167	0.0179176	0.00889669	0.00081391	0.0025276	0.00904613	0.00326447	0.00187466	0.457598	0.00154017	0.0576055	0.0274427	0.00395386	0.00110767	0.00188783	0.00127306	0.0104753	0.00966862	0.379974	0.000478382	0.00265403
168	0.0114827	0.00811591	0.00826116	0.0328223	0.00421631	0.0148023	0.0170322	0.00700047	0.301833	0.0172605	0.00751342	0.0119436	0.00446116	0.0787309	0.38508	0.0313612	0.0350285	0.0157467	0.000972655	0.00633493
169	0.143469	0.00751498	0.00470692	0.0318396	0.00825979	0.0165954	0.00372311	0.00513965	0.00643762	0.0317174	0.00568488	0.00928364	0.608358	0.024062	0.00529184	0.0499057	0.0168615	0.0173572	0.000747361	0.00304494
170	0.106218	0.00510075	0.0115649	0.0356284	0.00812852	0.0216745	0.00523133	0.00683792	0.0146427	0.0209055	0.00705655	0.0154237	0.600503	0.0255655	0.00815707	0.0673336	0.0206673	0.0160627	0.00110925	0.00218926
171	0.00783357	0.00193273	0.003394	0.00954007	0.00150428	0.00960195	0.00606909	0.00649995	0.414784	0.0127434	0.0129953	0.00782335	0.0025938	0.0301811	0.437731	0.012553	0.00939477	0.00689578	0.00295598	0.0029731
172	0.0434575	0.00131921	0.0114188	0.0137388	0.0109835	0.735225	0.00381971	0.00562114	0.0100271	0.00393719	0.00497878	0.0208851	0.00530499	0.00955772	0.014666	0.0769575	0.0190026	0.00760791	0.000402802	0.00108862
173	0.0346364	0.0642717	0.00479221	0.0079853	0.0126005	0.00876809	0.0055295	0.221456	0.0109412	0.0505646	0.021219	0.0145394	0.00504281	0.0117769	0.00995006	0.0278279	0.0301335	0.451735	0.000810199	0.0054191
174	0.0196994	0.00572469	0.00313767	0.00716628	0.0166032	0.00417861	0.00547819	0.541878	0.00575825	0.0937448	0.0459064	0.00799405	0.00328203	0.00601193	0.00526684	0.01928	0.0164293	0.187565	0.00114496	0.00374962
175	0.0133483	0.0047319	0.00278275	0.00922674	0.162282	0.00243192	0.01537	0.0921833	0.00693938	0.447105	0.0744785	0.00773533	0.00702595	0.00878367	0.0057556	0.0102846	0.017378	0.0447965	0.00580678	0.0615535
176	0.0120172	0.0158462	0.00862579	0.00403424	0.230071	0.00194376	0.062338	0.0288689	0.0104277	0.0493987	0.00891008	0.00552019	0.00138509	0.0112074	0.0216141	0.0115094	0.005518	0.0177725	0.0528727	0.440119
177	0.0219455	0.00229354	0.00716698	0.0110174	0.0114949	0.815109	0.00343915	0.00413464	0.0136531	0.00314067	0.00492378	0.00993043	0.00724466	0.00726283	0.0147447	0.0495404	0.00772999	0.00375453	0.000320979	0.0011526
178	0.264562	0.0277483	0.00479149	0.16047	0.00639658	0.00902917	0.00440285	0.0078449	0.00873774	0.0382843	0.00658788	0.00871214	0.283215	0.0628698	0.00582227	0.0212351	0.0121879	0.0625582	0.00138243	0.00316261
179	0.0893018	0.00611741	0.0129333	0.028509	0.0092307	0.0234244	0.0139984	0.00652872	0.0262721	0.0244633	0.0130028	0.0232963	0.458279	0.0762981	0.0143716	0.112363	0.0347756	0.0205464	0.00100441	0.00528383
180	0.0221011	0.00109227	0.0104085	0.0142429	0.0113249	0.79838	0.00517325	0.00581256	0.0109435	0.00428378	0.00600604	0.0181692	0.00439143	0.00903216	0.0142145	0.0471042	0.00858161	0.00703638	0.000323766	0.00137817
181	0.0752916	0.0127157	0.0115219	0.0366663	0.0171164	0.0231672	0.0116929	0.181252	0.0268317	0.0835062	0.0380727	0.0327817	0.0102395	0.0286092	0.021311	0.0703701	0.176407	0.127458	0.0029719	0.0120177
182	0.0162846	0.00186926	0.00730145	0.010397	0.0128818	0.834981	0.00407587	0.00449151	0.00872084	0.004033	0.00441929	0.0108562	0.00613322	0.00672195	0.0133482	0.0390811	0.00605023	0.00464958	0.000578183	0.00312572
183	0.0277831	0.00512785	0.0296859	0.0474825	0.00417235	0.0188856	0.0214813	0.0199667	0.331195	0.0297401	0.0190145	0.0326823	0.0128635	0.0548958	0.242733	0.0366599	0.0326538	0.0210768	0.0019255	0.00997415
184	0.0915444	0.0114206	0.0158542	0.0182755	0.00459476	0.0164696	0.0112826	0.0132639	0.0224343	0.0251943	0.0158362	0.0533387	0.00903796	0.0273623	0.0266077	0.335085	0.269045	0.0253014	0.00126642	0.00678495
185	0.0166075	0.00653229	0.00241029	0.00636556	0.0216168	0.00298518	0.00644483	0.0727664	0.0117566	0.59756	0.123461	0.00649358	0.00740021	0.0197271	0.0118494	0.0166717	0.0222644	0.0309394	0.00236157	0.0137859
186	0.0174095	0.00595883	0.00387053	0.00904442	0.00892903	0.00468465	0.0111707	0.052447	0.0211284	0.565716	0.133449	0.0127103	0.0049981	0.0492627	0.0122771	0.0281956	0.0201602	0.0223837	0.00201874	0.0141859
187	0.222052	0.0126966	0.00934707	0.0335796	0.0593807	0.0391046	0.0113	0.0177467	0.0199642	0.0267056	0.0148247	0.030884	0.24733	0.0356064	0.0138215	0.114187	0.0437616	0.0353303	0.00123201	0.0111455
188	0.00754341	0.00246031	0.00383802	0.0106555	0.00142328	0.00918627	0.00514537	0.00621332	0.402792	0.0136256	0.0128882	0.00768297	0.00297941	0.0329721	0.443385	0.0133565	0.0103221	0.00768787	0.00274529	0.00309696
189	0.142122	0.00819903	0.00604273	0.020971	0.00758982	0.0181493	0.00505673	0.219551	0.00567873	0.0464521	0.0312849	0.0139546	0.00670346	0.0103083	0.00625255	0.0417036	0.0478021	0.358705	0.000743366	0.00272999
190	0.0169075	0.0213184	0.000846311	0.0021356	0.00627596	0.0022549	0.00104722	0.297287	0.00121237	0.0510079	0.0106395	0.00353754	0.000782298	0.00169592	0.000761209	0.00609392	0.00784335	0.567552	0.000111426	0.000689596
191	0.199856	0.0083294	0.0101396	0.0358775	0.0115115	0.0267185	0.00695226	0.00744666	0.0131506	0.0223086	0.00808231	0.018229	0.456326	0.0315203	0.00759834	0.0795174	0.0286271	0.0230799	0.000760353	0.00396828
