331	20
1	0.151491	0.00719481	0.000664283	0.00107603	0.0215853	0.0011272	0.0115684	0.232821	0.00101011	0.162277	0.00855587	0.000835968	0.00292735	0.0144972	0.00142209	0.0115129	0.04647	0.310582	0.00787501	0.00450683
2	0.0277768	0.00184758	0.00232872	0.0213192	0.0388153	0.00692077	0.00713994	0.19546	0.0411649	0.18467	0.0854059	0.00491315	0.00180284	0.0263851	0.0630472	0.0198769	0.039283	0.187575	0.00194409	0.042323
3	0.112297	0.000838332	0.220295	0.134667	0.00534929	0.0586113	0.0212848	0.0013415	0.0129703	0.00245292	0.00130936	0.0683587	0.0715284	0.130089	0.0057844	0.0780278	0.0535421	0.00255836	0.000492634	0.0182027
4	0.134017	0.000515298	0.190497	0.255082	0.00094648	0.0313557	0.00715781	0.000864028	0.0182198	0.00342903	0.000937537	0.0352996	0.0866462	0.0803525	0.0255385	0.0829427	0.0409042	0.00307738	0.0003544	0.00186365
5	0.0166134	0.00741981	0.000243391	0.000319739	0.0304619	0.000863274	0.000222715	0.281594	0.000272122	0.394475	0.0277978	0.000856603	0.00108356	0.00140639	0.00366461	0.000552931	0.00891884	0.209882	0.00824571	0.00510593
6	0.125858	0.0397197	0.00762841	0.0471345	0.026928	0.0255493	0.0168886	0.0684234	0.0388949	0.204095	0.0269675	0.0143513	0.0168763	0.0489281	0.0934596	0.032111	0.0475429	0.101141	0.00673893	0.0107635
7	0.136868	0.0583996	0.000748055	0.00352929	0.00701917	0.0145726	0.00054182	0.0786529	0.00187223	0.287265	0.0429738	0.00722527	0.000502757	0.00166566	0.00329584	0.0222133	0.112259	0.218484	0.00154064	0.000370488
8	0.0132497	0.00648229	0.000451466	0.000518911	0.00680698	0.00165338	0.000379746	0.301654	0.000530631	0.219681	0.0260915	0.000538552	0.00113485	0.000857911	0.00139193	0.00171142	0.00514978	0.409129	0.00154709	0.00103988
9	0.0160388	0.00661737	0.000252553	0.000338302	0.0263784	0.000987543	0.000221235	0.281997	0.00029401	0.373813	0.0309889	0.000851079	0.00124489	0.00123425	0.00319185	0.000767597	0.00876657	0.234983	0.00674153	0.00429237
10	0.0628314	0.011607	0.0243525	0.18366	0.00747955	0.0209578	0.0359115	0.059539	0.0383912	0.0291928	0.019075	0.017085	0.000719113	0.0484227	0.0591518	0.059985	0.0925628	0.227191	0.00129659	0.000588075
11	0.228814	0.0150167	0.00867193	0.0143002	0.00310353	0.0361034	0.00310302	0.00645057	0.00745725	0.0113627	0.011491	0.0206046	0.0073685	0.0159832	0.0110677	0.516428	0.0654352	0.0140869	0.00129696	0.00185511
12	0.124241	0.000711012	0.171637	0.253281	0.000770235	0.0183653	0.00957246	0.0011527	0.0168584	0.00337108	0.00119326	0.0328885	0.182336	0.067839	0.0165946	0.066804	0.0260586	0.00504776	0.000535626	0.000742564
13	0.119925	0.00764158	0.00850484	0.0106379	0.00877411	0.0142633	0.0076787	0.00971652	0.0110993	0.0181762	0.0159358	0.00874316	0.18123	0.0132898	0.0152541	0.0219095	0.495063	0.0236742	0.00354407	0.00493921
14	0.149888	0.0050251	0.0284871	0.0101252	0.0040808	0.64348	0.00584251	0.00445381	0.00674302	0.0207074	0.0062236	0.00954146	0.00287733	0.00777013	0.0158773	0.0527406	0.0109173	0.0115336	0.000930397	0.00275479
15	0.142093	0.0203932	0.000908152	0.00288478	0.000842733	0.0183109	0.00086185	0.00164268	0.0011658	0.00210956	0.00459658	0.00403819	0.00410549	0.0023399	0.0015417	0.703563	0.0820183	0.00559765	0.000392619	0.000594217
16	0.0967123	0.00447198	0.0445551	0.0131766	0.00470591	0.654403	0.00797753	0.00537471	0.009334	0.0191444	0.00792343	0.0174524	0.00239444	0.0159103	0.0274659	0.0426847	0.0118821	0.00896872	0.00156193	0.00390049
17	0.0357208	0.00530956	0.0124813	0.0174216	0.00662169	0.0167372	0.00991787	0.00995865	0.506389	0.0207278	0.00949697	0.0124271	0.0101238	0.0265975	0.220505	0.0310421	0.0235959	0.0180659	0.00319692	0.00366387
18	0.0676139	0.0131572	0.00240067	0.00323505	0.00146328	0.012762	0.00175016	0.00212148	0.00241329	0.0038926	0.00399545	0.00446095	0.00398758	0.00344982	0.00410922	0.652654	0.208356	0.00641094	0.000713779	0.00105296
19	0.0713573	0.0113305	0.00691696	0.00833395	0.00327082	0.0244814	0.00488618	0.00434288	0.00832416	0.00815506	0.00519531	0.0179143	0.00927416	0.00884416	0.0216341	0.560737	0.212318	0.0100339	0.00113627	0.00151311
20	0.141802	0.0500196	0.0064821	0.0183558	0.0378327	0.017909	0.0378181	0.0536678	0.0140489	0.231846	0.0295942	0.0118601	0.00700542	0.0476812	0.0853424	0.0322614	0.0327842	0.102046	0.0122654	0.0293769
21	0.0393799	0.00911198	0.00033018	0.000527649	0.0257997	0.00179657	0.00136755	0.262137	0.00049522	0.344338	0.0304924	0.000890576	0.00134654	0.00276961	0.00285496	0.00234114	0.0176139	0.245801	0.0064627	0.00414369
22	0.183206	0.00798543	0.0203324	0.0292779	0.00489042	0.0394564	0.00716488	0.00861087	0.0291753	0.0102578	0.00604656	0.0162601	0.460511	0.0246643	0.0302556	0.0595551	0.0345196	0.0242734	0.00120733	0.00234942
23	0.0860068	0.0272667	0.00466698	0.0105534	0.0350944	0.0332503	0.00717676	0.0865191	0.0110535	0.138417	0.0116125	0.0055246	0.280912	0.0722817	0.0515812	0.015756	0.0236229	0.0932796	0.00263255	0.00279165
24	0.256905	0.00272762	0.0366329	0.119805	0.0512329	0.00663098	0.0410543	0.0532571	0.00439363	0.0457662	0.0232586	0.00330111	0.00317884	0.0289316	0.0406794	0.0612283	0.0252499	0.0571676	0.0972798	0.0413192
25	0.0297169	0.00373777	0.000690599	0.0040907	0.00658147	0.00671612	0.00883437	0.0159603	0.321372	0.0221176	0.0137307	0.0134834	0.00185347	0.0218927	0.46615	0.0201832	0.0292727	0.00956548	0.0036229	0.000427947
26	0.0232174	0.00450685	0.000551488	0.00148017	0.00360275	0.00246283	0.000500617	0.300283	0.00106074	0.164419	0.0596477	0.000385266	0.00225383	0.00119776	0.00174052	0.00279161	0.0209346	0.408318	0.000278286	0.000366991
27	0.015821	0.00698833	0.000258263	0.000318892	0.0283578	0.000830001	0.000218805	0.288424	0.000282473	0.384743	0.0277227	0.000831816	0.0010995	0.0013631	0.00374302	0.000637417	0.00818567	0.216163	0.00869921	0.00531142
28	0.0202055	0.00626463	0.000303894	0.00042054	0.0170201	0.0026128	0.000274371	0.262759	0.000418116	0.334694	0.0418734	0.000595026	0.00179361	0.00123584	0.00225193	0.00124512	0.00740433	0.29125	0.00449841	0.00287947
29	0.0744036	0.0201491	0.00074521	0.00328886	0.00837498	0.00586471	0.00125798	0.197591	0.00195975	0.222724	0.0483927	0.00258416	0.00314167	0.0028378	0.00369681	0.00930333	0.0623624	0.328364	0.00193329	0.0010254
30	0.0453477	0.00290619	0.0228225	0.384526	0.00411837	0.00683156	0.00698826	0.00719851	0.0149583	0.012707	0.00553189	0.00639588	0.00294151	0.351308	0.0100644	0.0284692	0.00885445	0.0720894	0.00227631	0.00366458
31	0.117092	0.00380794	0.0222085	0.0228701	0.003866	0.0158867	0.00879509	0.0107808	0.0295743	0.0111876	0.00455582	0.0195184	0.575331	0.0239807	0.0253644	0.048411	0.0334645	0.0202648	0.00152234	0.00151775
32	0.0301288	0.00401888	0.00813697	0.0143671	0.00569379	0.015077	0.0122593	0.00985159	0.107231	0.0187984	0.00694022	0.0194026	0.0159554	0.0536703	0.607379	0.0225647	0.023446	0.0186924	0.0020432	0.00434327
33	0.0422329	0.00673708	0.00804336	0.0167585	0.00845429	0.0170489	0.0135513	0.0537119	0.109332	0.0534755	0.0161028	0.015568	0.0122579	0.0490471	0.451599	0.032305	0.0371057	0.0461282	0.00475808	0.00578215
34	0.024228	0.00470545	0.000332062	0.000451392	0.00610285	0.00265193	0.000342832	0.295064	0.000399564	0.225737	0.060194	0.000372123	0.00228256	0.000674053	0.00114247	0.00236223	0.010374	0.360505	0.00120546	0.000872824
35	0.260115	0.012776	0.0143223	0.0283814	0.00909857	0.028671	0.00882854	0.0385735	0.0195045	0.0392091	0.0132454	0.00921449	0.199498	0.0260621	0.027987	0.047319	0.0484418	0.163219	0.00205071	0.00348323
36	0.239923	0.0722633	0.00558925	0.00716394	0.00470869	0.00914906	0.00568684	0.0106204	0.00654011	0.0146164	0.00804723	0.00583597	0.00505352	0.00977656	0.00932617	0.0144824	0.298393	0.266902	0.00220419	0.00371777
37	0.0270231	0.00370915	0.0037172	0.00879537	0.00732645	0.0106088	0.00846579	0.0445441	0.299689	0.0692406	0.0132603	0.0108395	0.00439182	0.0358579	0.268308	0.0403715	0.0921073	0.0449853	0.00309504	0.00366378
38	0.261179	0.00183502	0.00246089	0.022119	0.00230946	0.0711544	0.00248707	0.00790474	0.00266998	0.0284693	0.0377563	0.0880679	0.00147094	0.0252202	0.00421632	0.389126	0.0395612	0.00972183	0.00101707	0.00125345
39	0.194319	0.0259514	0.00216912	0.00347142	0.00760806	0.00836751	0.00361047	0.120995	0.00177486	0.184964	0.0195637	0.00280937	0.00438462	0.00676881	0.00283955	0.0327909	0.0718392	0.300877	0.00342165	0.00147454
40	0.446816	0.0172181	0.012822	0.0148767	0.00959755	0.0698098	0.00782447	0.0214992	0.0148576	0.0382039	0.0190861	0.0134596	0.0151853	0.0235911	0.0178983	0.0837464	0.0920487	0.0692884	0.00512272	0.00704802
41	0.160028	0.00732113	0.0616292	0.089108	0.00441581	0.0556033	0.0416623	0.00140041	0.0656451	0.0197801	0.0106658	0.0609972	0.00351515	0.113333	0.133103	0.112098	0.0475508	0.00335603	0.00451069	0.00427602
42	0.00644396	0.00060449	0.00155612	0.00157122	0.364709	0.00198696	0.114815	0.00104004	0.00167432	0.022883	0.00122479	0.000709281	0.00054033	0.011711	0.0160962	0.00753476	0.00143959	0.00193125	0.03126	0.410269
43	0.0163563	0.0046841	0.000396398	0.000626637	0.0215249	0.00379505	0.00201543	0.225572	0.000528129	0.439642	0.0915308	0.00195432	0.00236433	0.00231707	0.00510149	0.00333287	0.00889277	0.159838	0.00607112	0.00345632
44	0.249469	0.00194191	0.00222817	0.0354319	0.00207167	0.0600751	0.00182665	0.0118217	0.00290328	0.0148823	0.0178857	0.0625741	0.001728	0.0259943	0.00462276	0.452661	0.0372372	0.0124421	0.00102692	0.00117557
45	0.139443	0.00266544	0.0824809	0.146881	0.0125294	0.0228766	0.0252267	0.00222278	0.048435	0.00533505	0.0036117	0.0118173	0.00657214	0.182051	0.129586	0.11684	0.0302039	0.00799824	0.0175967	0.00562713
46	0.0692882	0.0593838	0.00140321	0.0465773	0.00129745	0.0166455	0.0109028	0.0467294	0.00475602	0.198642	0.0775007	0.0145497	0.00994455	0.0840819	0.0237412	0.196869	0.0711152	0.0517899	0.0128871	0.0018955
47	0.0932476	0.0408441	0.00827973	0.0111338	0.0219711	0.00768636	0.0324762	0.0564339	0.0085904	0.349032	0.0404534	0.0104602	0.00288719	0.0538466	0.0872637	0.0475286	0.0264311	0.0640454	0.00640523	0.0309833
48	0.00593038	0.000631359	0.000470103	0.000596	0.00736683	0.000680447	0.000495913	0.413909	0.000555318	0.04471	0.000837887	0.000461995	0.000321616	0.000723226	0.000839629	0.00121726	0.00119695	0.518537	0.000247987	0.000270517
49	0.165081	0.00563543	0.0316329	0.0160927	0.00571621	0.541812	0.00591937	0.0043911	0.0082057	0.0162681	0.00774035	0.0121682	0.00415581	0.0117949	0.0139351	0.116828	0.0188372	0.0104317	0.00106213	0.00229202
50	0.0055465	0.000578487	0.00123471	0.00109063	0.35712	0.00167614	0.113964	0.00104447	0.00148831	0.0233958	0.000846944	0.000713164	0.000454337	0.0102342	0.0150148	0.007582	0.00138995	0.00167943	0.0302523	0.424694
51	0.235945	0.0115784	0.00919677	0.0181824	0.00313627	0.020541	0.0418232	0.00742182	0.0361934	0.0476746	0.00731386	0.00428027	0.00157788	0.12049	0.198147	0.085121	0.114093	0.0317201	0.00168932	0.00387531
52	0.028116	0.00350147	0.00216905	0.00491262	0.00493409	0.00346326	0.00205686	0.30572	0.00501655	0.0665233	0.119785	0.00206183	0.00381314	0.00542089	0.00841457	0.00604331	0.107059	0.31336	0.00093979	0.00668941
53	0.0223103	0.00318613	0.00296127	0.00488896	0.00591346	0.00454907	0.0145588	0.00866384	0.228278	0.0179543	0.0080995	0.0144233	0.0215918	0.028526	0.559538	0.0259179	0.016815	0.00907866	0.00205743	0.000688521
54	0.0377131	0.0026454	0.00332622	0.00448719	0.160367	0.21483	0.0504959	0.00406253	0.00408593	0.125602	0.165819	0.0354115	0.00266554	0.00629433	0.039633	0.0579034	0.0401028	0.0246431	0.00132531	0.0185858
55	0.0151822	0.000634047	0.278236	0.605093	0.000969632	0.0123049	0.00644728	0.00128533	0.00338402	0.00214923	0.00118371	0.00676899	0.000692911	0.0384137	0.0123732	0.00458352	0.00208049	0.00627356	0.000509671	0.00143484
56	0.0502456	0.000872863	0.00774746	0.0116769	0.00494084	0.0144869	0.0106163	0.00759987	0.0222558	0.00488821	0.00516719	0.0842654	0.000656771	0.0192433	0.181089	0.4292	0.134136	0.00876554	0.000507334	0.00163808
57	0.160028	0.00732113	0.0616292	0.089108	0.00441581	0.0556033	0.0416623	0.00140041	0.0656451	0.0197801	0.0106658	0.0609972	0.00351515	0.113333	0.133103	0.112098	0.0475508	0.00335603	0.00451069	0.00427602
58	0.0517466	0.00574369	0.055363	0.0203778	0.00762876	0.0284303	0.0159657	0.0113067	0.0600246	0.0213418	0.0112138	0.0250717	0.00907943	0.0541359	0.0484412	0.241187	0.267996	0.0574902	0.00304588	0.0044102
59	0.0304498	0.00143555	0.00825529	0.0200606	0.00128672	0.00619703	0.00414788	0.0125652	0.123699	0.0164381	0.00289748	0.0162235	0.0129869	0.103764	0.57727	0.0140187	0.0195737	0.02728	0.000487999	0.000963247
60	0.0166488	0.00654337	0.000270423	0.000309611	0.0237503	0.00125691	0.000227244	0.287649	0.00028556	0.353802	0.0327727	0.000694532	0.0012939	0.00113858	0.00305395	0.000929928	0.00777061	0.251168	0.00647002	0.00396387
61	0.0661774	0.00941451	0.0363009	0.163412	0.0116246	0.0118895	0.0403011	0.0186222	0.0111565	0.255742	0.0413115	0.00720952	0.00602867	0.0186975	0.0566964	0.0484091	0.0215604	0.164735	0.0039595	0.00675196
62	0.0302186	0.0338859	0.00206601	0.00341791	0.253579	0.00750541	0.00246316	0.195639	0.00285151	0.0656882	0.0368643	0.00240033	0.00129903	0.00339406	0.00614697	0.0118271	0.0151095	0.168203	0.014405	0.143036
63	0.0262811	0.0044805	0.000422798	0.000509827	0.00338358	0.00292342	0.000414048	0.295036	0.000428457	0.193715	0.0671226	0.000345948	0.00184995	0.000726178	0.000703815	0.00270211	0.012556	0.38577	0.00029668	0.000332021
64	0.0835552	0.0130166	0.0233298	0.0235754	0.0131606	0.0249473	0.0127224	0.0305902	0.0216606	0.0633833	0.0200577	0.0202033	0.0302045	0.0281914	0.0410221	0.105311	0.359921	0.0737113	0.00573841	0.00569781
65	0.103253	0.000772193	0.178769	0.228316	0.000988924	0.015683	0.00920513	0.0012361	0.013863	0.0024968	0.00109364	0.0356815	0.243657	0.0665392	0.0114803	0.0570792	0.0234899	0.00483835	0.000539762	0.00101804
66	0.432428	0.00828181	0.0084695	0.0030766	0.00225994	0.435443	0.00311227	0.00185167	0.00437985	0.0159876	0.00600512	0.0036164	0.0030814	0.00422604	0.00554247	0.0336932	0.0116332	0.00996857	0.00261221	0.00433092
67	0.0259443	0.00450419	0.000421949	0.000507953	0.00348548	0.00271291	0.000405638	0.301454	0.000429204	0.189042	0.0665573	0.000348982	0.0018214	0.000691262	0.000702621	0.00275114	0.012986	0.384538	0.000339199	0.000355977
68	0.0458412	0.00439792	0.00144768	0.00296436	0.137598	0.00290936	0.00492766	0.020056	0.00446485	0.569017	0.0608481	0.00106962	0.0115482	0.00206095	0.00498721	0.0110721	0.0272043	0.078951	0.00299759	0.00563666
69	0.131281	0.00922673	0.00339773	0.00566262	0.00424372	0.0379532	0.00341883	0.0612537	0.00456686	0.201747	0.0102991	0.0354198	0.00283498	0.020396	0.0380352	0.0441142	0.193499	0.18851	0.00187957	0.00226154
70	0.0204345	0.00308815	0.00471847	0.0104986	0.00242466	0.00851383	0.0146483	0.00664045	0.103035	0.00794252	0.00325103	0.0330375	0.013603	0.069923	0.64578	0.0209302	0.0167503	0.0124716	0.001091	0.00121697
71	0.0121292	0.00278426	0.00367432	0.005474	0.00340884	0.00584076	0.00348728	0.0409512	0.057261	0.131393	0.174924	0.00356824	0.00196555	0.115496	0.27103	0.0269701	0.0268122	0.0081845	0.0835172	0.0211285
72	0.0157788	0.00674615	0.00024696	0.000327797	0.0308488	0.000914142	0.000237436	0.277705	0.000268332	0.404874	0.0289823	0.000873913	0.00193773	0.00148019	0.00410658	0.0005678	0.00849194	0.200856	0.00903073	0.00572533
73	0.04258	0.00906219	0.0224091	0.00692865	0.00497259	0.00628274	0.0927562	0.073503	0.00581564	0.282148	0.0296399	0.00462001	0.0028524	0.245837	0.0596591	0.0548091	0.0119703	0.0350806	0.00252016	0.00655272
74	0.160949	0.00701529	0.0622193	0.0853369	0.00509152	0.0564777	0.0445253	0.00138788	0.0625766	0.0184331	0.0106003	0.0634994	0.00329579	0.108935	0.128883	0.124171	0.0452177	0.00326508	0.00416771	0.00395288
75	0.0636299	0.00304542	0.394855	0.14881	0.0036255	0.0144207	0.0056889	0.00414033	0.00619575	0.00675452	0.00412501	0.165168	0.0067542	0.0150427	0.00875105	0.0448424	0.089792	0.00871518	0.00205985	0.00358343
76	0.185807	0.00301903	0.116461	0.0723803	0.00496212	0.0169926	0.00839255	0.00622765	0.0136575	0.00860195	0.00468884	0.062807	0.260576	0.148255	0.0103529	0.0365092	0.021641	0.0121886	0.00205731	0.0044231
77	0.0599827	0.00171869	0.0528793	0.496753	0.0125043	0.0567551	0.00209865	0.00243963	0.0214178	0.0342388	0.0398243	0.00186817	0.00127433	0.00357006	0.0214022	0.100743	0.0844623	0.00399625	0.000888583	0.00118275
78	0.028854	0.00560973	0.00145829	0.00483012	0.0553385	0.00500572	0.00402106	0.0705581	0.00381805	0.611313	0.0557926	0.00257284	0.00779488	0.0147742	0.00887498	0.0107357	0.0181349	0.0719244	0.00831188	0.0102766
79	0.113726	0.00100649	0.14852	0.168697	0.00144649	0.0243573	0.00157617	0.00156858	0.0269632	0.0152867	0.00183059	0.0360339	0.0845148	0.0401627	0.0521944	0.169202	0.101945	0.00942837	0.000647653	0.000892356
80	0.0367637	0.00367035	0.275996	0.0462	0.00210191	0.435955	0.00508083	0.00299448	0.00259341	0.0129198	0.00252119	0.0582173	0.00126462	0.0103438	0.0311216	0.0483806	0.00534366	0.0157489	0.00111917	0.00166384
81	0.0290341	0.00263356	0.00302009	0.0050992	0.05663	0.00414265	0.0034438	0.367359	0.00627483	0.0119515	0.0346245	0.00294589	0.00233491	0.00782541	0.00905547	0.00844625	0.079268	0.276685	0.00136114	0.0878641
82	0.195169	0.00132768	0.0694827	0.0262061	0.00962195	0.45131	0.00234999	0.00237626	0.00921616	0.0041992	0.00304325	0.0118328	0.00108257	0.00272493	0.00329442	0.181273	0.0199412	0.00372089	0.000898882	0.000928845
83	0.176477	0.112897	0.000867387	0.00270707	0.00377145	0.0200594	0.00090664	0.0739382	0.00157911	0.266437	0.0470114	0.00370462	0.000599631	0.00166446	0.00237842	0.0335844	0.10022	0.149349	0.00121106	0.000636
84	0.00782044	0.00387602	0.000547882	0.000616524	0.00380864	0.00125692	0.000446641	0.340282	0.000593868	0.131786	0.0108004	0.000514896	0.000724832	0.000782961	0.00103174	0.00162008	0.00262617	0.490039	0.000418864	0.000405457
85	0.0230081	0.00503734	0.000327058	0.000421455	0.00933202	0.00231845	0.000296183	0.301919	0.00037541	0.245524	0.055189	0.000407206	0.00177024	0.00077979	0.00152973	0.00204163	0.00985606	0.336027	0.00236028	0.00147996
86	0.0155967	0.00694369	0.000252162	0.000344778	0.0299389	0.000833698	0.00022533	0.281606	0.000277583	0.403359	0.026688	0.00100305	0.00113976	0.00134767	0.00382661	0.000543996	0.00852103	0.204273	0.00818466	0.00509411
87	0.0657148	0.00802478	0.37392	0.128315	0.00810137	0.0705863	0.0123202	0.00971547	0.0120449	0.0151123	0.00708298	0.0666808	0.0140802	0.0341204	0.0226171	0.0688376	0.0520375	0.0216911	0.0041447	0.00485227
88	0.0548609	0.00358559	0.136296	0.495087	0.00562948	0.0211276	0.0130419	0.00744529	0.0199763	0.0190223	0.00914637	0.0122256	0.0136006	0.0761916	0.0215779	0.0360222	0.0281837	0.0194007	0.0031852	0.00439353
89	0.0324195	0.0406465	0.00165585	0.00285734	0.259443	0.00820589	0.00240715	0.178377	0.00192395	0.0792267	0.0328244	0.00241854	0.00108951	0.0026239	0.00596308	0.0119501	0.0109141	0.143519	0.0174955	0.164039
90	0.0644746	0.0133777	0.0250918	0.0386054	0.0812897	0.0403915	0.22657	0.0229521	0.0222419	0.0558939	0.0247256	0.0244386	0.0178374	0.0502301	0.0589175	0.0556644	0.045833	0.0418938	0.0138023	0.0757686
91	0.073161	0.00843137	0.0501891	0.35133	0.0144175	0.0276128	0.0169108	0.0181979	0.0305439	0.104385	0.0200125	0.0132823	0.0225081	0.0612665	0.0339616	0.0506655	0.0443746	0.047962	0.00421735	0.00657026
92	0.0295456	0.00290473	0.00634924	0.0112691	0.00446922	0.0117451	0.0104555	0.0106041	0.116019	0.0165014	0.00690917	0.0181621	0.0149751	0.0578732	0.621735	0.0205442	0.0221647	0.0144297	0.00170491	0.00163841
93	0.0416117	0.00212244	0.026986	0.00308996	0.0170712	0.145103	0.108531	0.00233101	0.0172749	0.00470479	0.00265066	0.149383	0.00146322	0.0223781	0.0753885	0.360919	0.0123125	0.0045325	0.000962459	0.00118392
94	0.0162295	0.00650957	0.000244466	0.000365334	0.0282854	0.000995902	0.000351127	0.265492	0.000348923	0.420711	0.0321316	0.000884482	0.00218576	0.00247227	0.00464024	0.000614066	0.0080493	0.193786	0.0104451	0.0052588
95	0.113656	0.000893547	0.227978	0.136393	0.00615903	0.0585648	0.0413934	0.00146456	0.0125328	0.00263617	0.00141819	0.0723968	0.0349951	0.130016	0.0057507	0.0785935	0.0529449	0.00274727	0.000627435	0.0188382
96	0.181615	0.017597	0.00341096	0.00490444	0.019109	0.175109	0.00340205	0.0200361	0.0040733	0.0239693	0.00525406	0.00551654	0.00262305	0.0216886	0.00655172	0.306778	0.170596	0.0240387	0.0014594	0.00226768
97	0.0650967	0.00688618	0.371131	0.121604	0.00798285	0.0732192	0.0133399	0.0101682	0.0133459	0.0136925	0.00694842	0.0656573	0.0171611	0.0344428	0.0212355	0.0693487	0.0596945	0.0183992	0.00373097	0.00691499
98	0.0190912	0.000439214	0.000458677	0.00286535	0.0925819	0.00288962	0.00185785	0.0383426	0.00170793	0.693171	0.0454904	0.000571825	0.00829956	0.00132236	0.00241659	0.0036826	0.0220673	0.0501283	0.00437887	0.00823721
99	0.328575	0.030328	0.00208472	0.00281912	0.0022773	0.14128	0.00191665	0.0216342	0.00278785	0.16797	0.0120892	0.0023348	0.00143372	0.00372522	0.00407042	0.174922	0.0290775	0.0680051	0.00132254	0.00134651
100	0.0190647	0.000542964	0.000476293	0.00281868	0.0952584	0.00280097	0.00197151	0.03768	0.0018675	0.690429	0.0454839	0.000554717	0.00812277	0.00135924	0.00252747	0.00366024	0.0219819	0.0506869	0.00459554	0.00811693
101	0.5548	0.0122061	0.00458532	0.00523705	0.00428688	0.16116	0.00343098	0.00499192	0.00588601	0.0165748	0.025011	0.0042145	0.00450907	0.00876849	0.00594862	0.0655292	0.0729761	0.0290671	0.00403154	0.00678509
102	0.0177431	0.00143615	0.00150451	0.00397991	0.160426	0.00321692	0.00904951	0.0187801	0.00479017	0.641735	0.0434086	0.00174345	0.00370223	0.00527228	0.00989524	0.0054706	0.0179591	0.0378118	0.0050002	0.00707512
103	0.253606	0.0917422	0.00122602	0.00382114	0.00176582	0.0274059	0.00230353	0.0497264	0.00181685	0.220208	0.0365559	0.00177226	0.000857622	0.00508559	0.00268031	0.079131	0.0838119	0.132629	0.00287358	0.000981659
104	0.0643917	0.0241002	0.00462543	0.0165122	0.00439405	0.00631997	0.014827	0.0573698	0.0256421	0.417272	0.0301624	0.00441471	0.00252448	0.0767454	0.11773	0.0433098	0.0282073	0.0505417	0.00168371	0.00922539
105	0.0431769	0.000759488	0.117978	0.575111	0.00106407	0.00404943	0.0110154	0.00525731	0.0342309	0.0105949	0.00134337	0.0108107	0.000591455	0.13899	0.0123261	0.00384392	0.00279041	0.0182367	0.000470151	0.00736026
106	0.246438	0.0202666	0.00525771	0.00627348	0.00119212	0.00910904	0.0011967	0.0985344	0.00146115	0.0941211	0.00907442	0.00106702	0.0100575	0.0079159	0.002251	0.0429664	0.0548789	0.386073	0.00123937	0.00062593
107	0.0161324	0.00532328	0.000348242	0.00104673	0.0317683	0.00126986	0.000825028	0.244731	0.000883049	0.443435	0.0283977	0.00139848	0.00313423	0.00230282	0.00400426	0.0016425	0.0104676	0.190492	0.0066054	0.00579268
108	0.0297683	0.00365877	0.000722254	0.00401983	0.00688625	0.00705787	0.0088841	0.01619	0.318771	0.0220593	0.0139513	0.013602	0.00178971	0.021794	0.466979	0.0197375	0.0298037	0.00995911	0.00392251	0.000443418
109	0.0112938	0.00502033	0.000433255	0.000578303	0.0223042	0.000659612	0.000391617	0.281088	0.000449978	0.451974	0.0181619	0.00219344	0.00104966	0.001302	0.00477455	0.000985014	0.00902114	0.17866	0.0059437	0.00371507
110	0.0261799	0.0055509	0.000361602	0.00046157	0.00945477	0.00386431	0.000369001	0.264422	0.000426525	0.261346	0.055561	0.000319649	0.00191948	0.00101361	0.00126531	0.00200438	0.00856727	0.353129	0.00224354	0.00153961
111	0.225244	0.0105053	0.00245432	0.00522272	0.00678034	0.00569556	0.00384249	0.156375	0.00141711	0.106442	0.00498413	0.000857744	0.018987	0.00731753	0.00174133	0.0152135	0.0391889	0.383701	0.00245975	0.00157021
112	0.187159	0.0143884	0.0100892	0.0180487	0.0159634	0.0276895	0.0125125	0.0182597	0.0179283	0.0384977	0.167133	0.0128453	0.0183725	0.0218322	0.0246706	0.0428658	0.297956	0.0415581	0.00524397	0.00698661
113	0.110758	0.0168116	0.00897031	0.0105653	0.00406528	0.0377141	0.00923271	0.00567048	0.0073939	0.0104431	0.00770749	0.022892	0.0113497	0.0104231	0.0168664	0.605575	0.0874258	0.0127372	0.00143828	0.00196047
114	0.516389	0.0130052	0.0145986	0.0172398	0.00689507	0.10416	0.00758337	0.0176221	0.0150946	0.0343265	0.0139973	0.0110922	0.0187675	0.0245567	0.0217355	0.0703097	0.0351453	0.0471694	0.00404456	0.00626767
115	0.0821054	0.0126122	0.0220874	0.0232155	0.0105967	0.0298276	0.0131878	0.0249928	0.0211903	0.0442857	0.0225911	0.0199418	0.0282895	0.027862	0.0403055	0.118058	0.38733	0.0584397	0.00480202	0.00827936
116	0.023117	0.00171719	0.000753164	0.00143061	0.0268537	0.00619984	0.00378319	0.0968475	0.000951075	0.588886	0.126037	0.00180231	0.0147303	0.0040803	0.00589047	0.00666361	0.0155868	0.0672717	0.0039999	0.00339808
117	0.0237491	0.0069273	0.000302283	0.000444867	0.0319959	0.000940377	0.000764195	0.273259	0.00032707	0.391398	0.0271209	0.000825032	0.00235534	0.0027236	0.00388619	0.00118071	0.0113201	0.2043	0.00996414	0.00621606
118	0.444975	0.0331616	0.0130679	0.033337	0.00259026	0.0397797	0.0102764	0.00194439	0.0309279	0.0319897	0.011536	0.00139787	0.00701021	0.050261	0.0323641	0.193599	0.0506798	0.00845901	0.00172145	0.000920782
119	0.160028	0.00732113	0.0616292	0.089108	0.00441581	0.0556033	0.0416623	0.00140041	0.0656451	0.0197801	0.0106658	0.0609972	0.00351515	0.113333	0.133103	0.112098	0.0475508	0.00335603	0.00451069	0.00427602
120	0.0746992	0.0140318	0.00428674	0.0200735	0.157244	0.00695845	0.0264396	0.067958	0.00480905	0.146442	0.0561724	0.0192363	0.00246319	0.0117237	0.102628	0.0126944	0.0268027	0.0911517	0.0194422	0.134743
121	0.0188239	0.00247908	0.000744687	0.000872167	0.0121774	0.00853521	0.00635705	0.0988849	0.000938515	0.552473	0.182152	0.00308192	0.00503146	0.00572923	0.007494	0.00702919	0.0107417	0.073446	0.00229646	0.000711487
122	0.1253	0.00165587	0.0215551	0.324547	0.00107882	0.0112332	0.0385052	0.00283181	0.0755657	0.0295125	0.0080194	0.011776	0.130503	0.0759303	0.0289114	0.0672627	0.0296872	0.0148753	0.000601357	0.000648017
123	0.138131	0.00442987	0.0213024	0.0118049	0.00363635	0.648723	0.00435506	0.00355516	0.00502185	0.0140467	0.0158114	0.00808803	0.00149935	0.0129582	0.0101151	0.0705672	0.0127558	0.0104605	0.00126352	0.00147466
124	0.0287253	0.00104566	0.0061185	0.0197565	0.00119617	0.0113229	0.00407354	0.00816047	0.0997238	0.00664223	0.00144486	0.0175052	0.0218168	0.079018	0.63393	0.0149331	0.0223349	0.0212322	0.000500106	0.000519515
125	0.0917735	0.0686006	0.00134465	0.031809	0.00168274	0.0200512	0.00550886	0.0492722	0.00917673	0.0845122	0.0912125	0.0184764	0.0233137	0.076824	0.0330809	0.273713	0.0730713	0.0437851	0.00180179	0.000989497
126	0.00558651	0.00052635	0.00111146	0.000989898	0.365524	0.0016066	0.116052	0.000965859	0.00138298	0.0227776	0.000832358	0.000690143	0.000452563	0.0104362	0.0158329	0.00725765	0.00133663	0.0016235	0.0308734	0.414142
127	0.108094	0.000765924	0.173704	0.233718	0.000864994	0.0150481	0.0102637	0.00120735	0.0143955	0.00254708	0.0011068	0.0344516	0.243612	0.0661657	0.0112957	0.0558493	0.0204411	0.00495006	0.000560064	0.000959182
128	0.00793886	0.00386218	0.000495059	0.000619101	0.00424038	0.00116962	0.000464122	0.340295	0.000594195	0.132557	0.010972	0.00046503	0.000705997	0.000786342	0.000994587	0.00156673	0.00285015	0.488575	0.000411227	0.000436674
129	0.0669527	0.00908414	0.240132	0.318586	0.00629393	0.00800799	0.0107416	0.0163046	0.0160124	0.0059218	0.00152509	0.0164707	0.00091607	0.0295794	0.0265519	0.0613672	0.136228	0.0227498	0.00587855	0.000696264
130	0.0525486	0.0173632	0.489644	0.014386	0.00316224	0.117989	0.0198999	0.00408575	0.00361498	0.00811557	0.00393193	0.059722	0.00188004	0.00640189	0.0115103	0.149586	0.00684827	0.0255972	0.00155461	0.00215867
131	0.0259703	0.00453349	0.000400546	0.000496067	0.00360316	0.00272086	0.000395306	0.301532	0.000426129	0.190128	0.0664472	0.000345897	0.00183136	0.000695212	0.000707406	0.00273757	0.0128329	0.383445	0.000377782	0.000372986
132	0.024687	0.00438969	0.00148822	0.00431963	0.0555526	0.0038545	0.00437681	0.0819707	0.00358419	0.60998	0.0529909	0.00250233	0.0069322	0.0121725	0.00862789	0.00731703	0.016828	0.0807239	0.007496	0.0102059
133	0.317784	0.0248183	0.00318406	0.00723266	0.00111035	0.00729867	0.00112205	0.079298	0.001553	0.0496226	0.00466579	0.0010901	0.0133853	0.00394695	0.00221401	0.0174218	0.0683249	0.394582	0.000626545	0.000718527
134	0.0305239	0.0112955	0.00805407	0.0122786	0.330086	0.0179155	0.0530464	0.0301796	0.00910158	0.100655	0.0243332	0.00623724	0.00425805	0.0180406	0.0186404	0.0219229	0.0185539	0.0447651	0.0568582	0.183255
135	0.021018	0.00421691	0.000504168	0.00132576	0.031098	0.00287545	0.00298474	0.0677152	0.00103328	0.661826	0.0824417	0.00142896	0.00460994	0.00916515	0.00346161	0.00285298	0.00968113	0.0832922	0.00540791	0.00306046
136	0.139484	0.00735525	0.0221157	0.0292672	0.00458573	0.0219315	0.00807339	0.00643222	0.0283234	0.00817523	0.00551081	0.0222847	0.435713	0.0205162	0.0293851	0.139558	0.0497528	0.0194978	0.000780121	0.00125833
137	0.0877814	0.0108634	0.0224235	0.0218531	0.0117581	0.320761	0.0140395	0.0147523	0.0170933	0.0322634	0.0176888	0.0257937	0.0125171	0.0213307	0.0315264	0.103105	0.194263	0.0286545	0.0042395	0.00729136
138	0.159587	0.00389047	0.005716	0.102232	0.00873007	0.0164984	0.0128345	0.0681615	0.0647508	0.0247621	0.0254843	0.00805157	0.00130937	0.0451194	0.0742148	0.0455063	0.0630666	0.257589	0.00983799	0.00265781
139	0.196792	0.0016072	0.00181481	0.0137477	0.0112302	0.321384	0.00198148	0.00301137	0.089989	0.00459656	0.00243752	0.00171368	0.0109911	0.00393912	0.249813	0.0447679	0.00431546	0.0134768	0.000898328	0.0214926
140	0.0760453	0.00263853	0.202823	0.435431	0.00371138	0.0270593	0.00706265	0.00231133	0.0114049	0.00784939	0.00678733	0.0164687	0.0354779	0.038157	0.017482	0.0596418	0.0400689	0.00658399	0.00166534	0.00132991
141	0.0679923	0.00917443	0.00824597	0.0257193	0.015312	0.00883899	0.0151668	0.195374	0.0199302	0.0933549	0.024451	0.00678529	0.00690226	0.0575379	0.0417016	0.0232114	0.121394	0.242563	0.00466905	0.0116754
142	0.159921	0.00730659	0.0616621	0.089198	0.00441141	0.0555526	0.0417181	0.00139807	0.0656415	0.0199936	0.0106791	0.0611089	0.00351174	0.113288	0.132882	0.111961	0.0476101	0.00335238	0.00450686	0.00429665
143	0.124246	0.0616835	0.00837071	0.00955922	0.0442407	0.0110018	0.0515309	0.0481834	0.00627186	0.259946	0.0386791	0.0119374	0.00377487	0.0415408	0.0751607	0.0243773	0.0285135	0.0993863	0.0097	0.0418952
144	0.18772	0.0151654	0.018033	0.0447535	0.00749121	0.0232417	0.00727893	0.0055568	0.0310372	0.00226982	0.00989889	0.00983264	0.40977	0.0287548	0.0431382	0.0818791	0.0417616	0.0318332	0.000258767	0.000325005
145	0.029296	0.00782365	0.00086718	0.0030987	0.0352517	0.00347169	0.00254957	0.143036	0.00233679	0.511524	0.0520556	0.00205723	0.00492712	0.0086936	0.0074585	0.00640989	0.0200652	0.147809	0.00656751	0.00470098
146	0.00703071	0.000963091	0.00172404	0.0019287	0.329286	0.0023942	0.201532	0.0017274	0.00193499	0.0233333	0.00146387	0.00120226	0.000752798	0.00893547	0.0130061	0.0122446	0.00234626	0.00247075	0.0235513	0.362173
147	0.190654	0.00283199	0.0493883	0.0216694	0.00773776	0.437755	0.00266629	0.00292602	0.0080072	0.00756747	0.00528624	0.0132658	0.00123674	0.00514341	0.00345427	0.211868	0.0210007	0.0053885	0.00104258	0.00111003
148	0.190851	0.00577677	0.0608457	0.099318	0.00506578	0.11584	0.0160637	0.00213673	0.0246954	0.00886139	0.0279825	0.0486868	0.00233565	0.135758	0.0909765	0.134399	0.0198411	0.00606957	0.00228447	0.00221267
149	0.0296113	0.0152892	0.00123405	0.00301852	0.00468033	0.00279484	0.00356968	0.0636558	0.00155387	0.581189	0.122919	0.00306329	0.00183236	0.0395148	0.00971777	0.00983486	0.00649588	0.0860088	0.0128123	0.00120441
150	0.0595173	0.000876681	0.045356	0.064156	0.00107053	0.0453248	0.00711176	0.00136592	0.019455	0.00387678	0.00135448	0.0663122	0.173491	0.00227056	0.00286811	0.374449	0.127334	0.00258663	0.000444276	0.000778856
151	0.074143	0.000909519	0.0783179	0.543118	0.00121429	0.00255922	0.0114028	0.00764258	0.0395951	0.0150281	0.0016026	0.0111779	0.000687556	0.161967	0.0119324	0.00421482	0.00304085	0.0241026	0.000558083	0.00678538
152	0.0429954	0.00406635	0.0111087	0.0186815	0.00867415	0.0208607	0.0177755	0.0117924	0.101696	0.0204695	0.0119819	0.0173384	0.0145173	0.118547	0.501224	0.0240777	0.0230998	0.0197861	0.00365882	0.00764912
153	0.130707	0.00275386	0.0923165	0.138793	0.0101302	0.0214524	0.027411	0.00248725	0.0450365	0.00584334	0.00384494	0.0127204	0.00536244	0.182622	0.147487	0.105201	0.0332015	0.00695507	0.0179918	0.0076824
154	0.273629	0.0243404	0.0185638	0.0131898	0.00262008	0.0106648	0.0382853	0.0116492	0.0702763	0.0572895	0.00857232	0.00747436	0.000682928	0.112987	0.206494	0.0582808	0.0490543	0.0280625	0.00215977	0.0057241
155	0.277049	0.0153755	0.00350984	0.00843843	0.00128916	0.0102284	0.00115992	0.105234	0.0016958	0.0584176	0.00416112	0.000954719	0.0218155	0.00475468	0.00225274	0.01915	0.0454435	0.41784	0.000535417	0.000695422
156	0.0114697	0.00506236	0.000401763	0.000533109	0.0237691	0.000674594	0.00040686	0.272692	0.000423298	0.456844	0.0201134	0.00230994	0.00139195	0.00139005	0.00407809	0.00089227	0.00905494	0.178353	0.00620998	0.00392955
157	0.0397467	0.00111703	0.0110761	0.0108817	0.00177785	0.0376697	0.00360101	0.00509695	0.0963811	0.00497354	0.00279861	0.0161441	0.0476868	0.106145	0.550671	0.0130816	0.0374407	0.0121386	0.000647672	0.000923975
158	0.0254207	0.00368687	0.00110452	0.00449041	0.00538143	0.00548626	0.00934404	0.0131712	0.273461	0.0196094	0.0107569	0.0142223	0.00417646	0.0251752	0.528659	0.0203239	0.0233599	0.00895811	0.00279455	0.000418222
159	0.00593038	0.000631359	0.000470103	0.000596	0.00736683	0.000680447	0.000495913	0.413909	0.000555318	0.04471	0.000837887	0.000461995	0.000321616	0.000723226	0.000839629	0.00121726	0.00119695	0.518537	0.000247987	0.000270517
160	0.00593038	0.000631359	0.000470103	0.000596	0.00736683	0.000680447	0.000495913	0.413909	0.000555318	0.04471	0.000837887	0.000461995	0.000321616	0.000723226	0.000839629	0.00121726	0.00119695	0.518537	0.000247987	0.000270517
161	0.0315839	0.00375128	0.00117189	0.00260105	0.12987	0.00293056	0.00399658	0.0323213	0.00475939	0.585679	0.0458245	0.00111131	0.00970905	0.00221268	0.00402671	0.00798898	0.0251759	0.0957577	0.00335363	0.00617516
162	0.148405	0.0181768	0.00103557	0.00207579	0.00101798	0.016658	0.000973726	0.00155856	0.00130848	0.00217902	0.00426133	0.00289878	0.00413248	0.00199269	0.00188364	0.692577	0.0924198	0.00531888	0.000479962	0.000646265
163	0.0765793	0.0137312	0.00295854	0.00392984	0.00166116	0.014434	0.00196516	0.00227896	0.00299449	0.00403502	0.0039438	0.00783667	0.00535533	0.00396272	0.00867274	0.651824	0.185575	0.00668366	0.000654604	0.00092438
164	0.261966	0.00235309	0.141498	0.00665223	0.00583379	0.00578548	0.00345288	0.00449762	0.00423841	0.00755757	0.0043393	0.247837	0.0205705	0.00867283	0.00620663	0.212457	0.0451333	0.00710342	0.0017441	0.00210005
165	0.00758339	0.00357491	0.000515928	0.000581666	0.0043885	0.0010777	0.000442619	0.354336	0.000635406	0.121462	0.0101159	0.000478218	0.000721134	0.000793816	0.000951714	0.00161907	0.00273781	0.487211	0.000399077	0.000375118
166	0.536332	0.015484	0.0163753	0.0151766	0.00845754	0.099782	0.00842628	0.0124541	0.0128909	0.0298776	0.0164223	0.00982679	0.015064	0.0238284	0.0212151	0.0631934	0.0338942	0.0489982	0.0051344	0.00716714
167	0.0507565	0.00335613	0.0396969	0.392752	0.00468769	0.00969211	0.0106457	0.00758401	0.0219214	0.0149017	0.00524664	0.00986234	0.00382453	0.312991	0.0166516	0.0252605	0.0100311	0.0519064	0.00289859	0.00533364
168	0.0686219	0.0136735	0.00196022	0.00241092	0.00148998	0.0126605	0.0016637	0.00195023	0.00210513	0.00384978	0.00400893	0.00315918	0.00358448	0.00293278	0.00281511	0.657705	0.207383	0.0062965	0.000709965	0.001019
169	0.246219	0.0145458	0.0142396	0.0171511	0.00429906	0.10511	0.00460899	0.00578704	0.00746999	0.0175156	0.0122337	0.0221207	0.00845405	0.0156338	0.0109859	0.4213	0.0492893	0.0192456	0.00154253	0.00224892
170	0.0127811	0.00412586	0.000484438	0.000580812	0.0095275	0.00166061	0.000485998	0.287299	0.000551417	0.303188	0.0247834	0.00141437	0.00105357	0.00100446	0.00153439	0.00156949	0.00633365	0.338815	0.00160537	0.00120175
171	0.0871246	0.015232	0.0293657	0.0279119	0.012494	0.0321072	0.012472	0.0326639	0.0239001	0.0598094	0.0241643	0.01768	0.0326752	0.0303123	0.038758	0.0879802	0.348571	0.0748185	0.00434673	0.00761303
172	0.0151157	0.00486133	0.000468835	0.000543496	0.00484193	0.00180994	0.000497363	0.3198	0.000537809	0.175978	0.0275906	0.000426031	0.00121884	0.000857809	0.00109052	0.00197931	0.00581539	0.435128	0.000833113	0.000606273
173	0.104837	0.000751511	0.179476	0.231457	0.000847465	0.0157436	0.00944108	0.00118138	0.0135881	0.00215927	0.00104892	0.0362184	0.243339	0.0674509	0.0107505	0.0548879	0.0206027	0.00464763	0.000547547	0.00102448
174	0.0345129	0.00140556	0.162628	0.0295817	0.00314478	0.537511	0.00700707	0.00336466	0.0142455	0.0185443	0.00494708	0.0641082	0.00507893	0.031071	0.0362008	0.0238658	0.00592152	0.00820425	0.00288647	0.00577037
175	0.00593038	0.000631359	0.000470103	0.000596	0.00736683	0.000680447	0.000495913	0.413909	0.000555318	0.04471	0.000837887	0.000461995	0.000321616	0.000723226	0.000839629	0.00121726	0.00119695	0.518537	0.000247987	0.000270517
176	0.0539323	0.00214113	0.0462532	0.0185184	0.00306432	0.05044	0.0381982	0.00537152	0.0487299	0.0147948	0.00380376	0.0457793	0.00210187	0.00837472	0.130469	0.203987	0.284667	0.0348651	0.00102063	0.00348717
177	0.148975	0.00739443	0.000664867	0.00108294	0.0206716	0.00111991	0.0111712	0.233523	0.00100481	0.161223	0.00889891	0.000692389	0.00293974	0.0143295	0.00134599	0.0110459	0.0471893	0.314747	0.00778443	0.00419645
178	0.0526308	0.00935663	0.004486	0.00922653	0.0159223	0.010041	0.00468408	0.248335	0.00545093	0.130802	0.0271166	0.00372732	0.00764324	0.0099091	0.0114516	0.0164006	0.0325229	0.391452	0.00252096	0.00632021
179	0.00593038	0.000631359	0.000470103	0.000596	0.00736683	0.000680447	0.000495913	0.413909	0.000555318	0.04471	0.000837887	0.000461995	0.000321616	0.000723226	0.000839629	0.00121726	0.00119695	0.518537	0.000247987	0.000270517
180	0.062916	0.00725405	0.391861	0.127418	0.00652266	0.0605485	0.0111113	0.00816113	0.0117605	0.0144019	0.00628129	0.0697924	0.0127486	0.0293183	0.023678	0.0689963	0.0597785	0.0193689	0.00327115	0.00481104
181	0.117367	0.0270305	0.000965297	0.00177319	0.000786158	0.0206044	0.000802174	0.00124289	0.0011845	0.0018646	0.00525157	0.0024879	0.00387993	0.00161917	0.00164186	0.728278	0.0757327	0.00651745	0.000364652	0.000606358
182	0.183137	0.0252662	0.0124345	0.00393655	0.0027848	0.552682	0.00588009	0.0109635	0.00516411	0.0608356	0.0106306	0.0072725	0.0020633	0.00618607	0.00934623	0.0487617	0.0184212	0.0293156	0.00177967	0.00313813
183	0.00761619	0.00101913	0.00105367	0.00818593	0.0610613	0.00164029	0.00162545	0.0344407	0.00660991	0.712172	0.0130438	0.00521696	0.00175529	0.044956	0.012764	0.00663017	0.00285282	0.00810032	0.0296273	0.0396286
184	0.331138	0.0278253	0.00363282	0.0493721	0.0107356	0.0221378	0.00440512	0.00347584	0.0483525	0.00993082	0.0400928	0.0020813	0.00315464	0.0642576	0.0577549	0.22116	0.0591823	0.036584	0.00341822	0.00130752
185	0.0196083	0.00337749	0.00132447	0.00490546	0.00362679	0.00458939	0.00958389	0.0102837	0.233697	0.0137664	0.0075119	0.0184192	0.00386455	0.031091	0.589271	0.0163383	0.0181831	0.00814712	0.00198588	0.00042477
186	0.072644	0.0083843	0.0131354	0.140203	0.0161085	0.0194673	0.0249024	0.0630758	0.0549672	0.0344308	0.0208629	0.0156862	0.000783905	0.0564124	0.0933706	0.0479247	0.0873617	0.224107	0.00238526	0.0037865
187	0.0615119	0.00145971	0.0144556	0.00863988	0.00273793	0.0339521	0.00933274	0.0122804	0.039034	0.0300263	0.00319674	0.0976051	0.000913059	0.0076999	0.110107	0.268491	0.259647	0.0282008	0.00111872	0.00959093
188	0.140119	0.00521414	0.0476954	0.00574001	0.00286228	0.635274	0.014869	0.00449326	0.00776972	0.035798	0.00637471	0.00961495	0.00138554	0.00851873	0.0242804	0.0327022	0.00777299	0.00535294	0.00112376	0.00303861
189	0.0162161	0.00200394	0.00121337	0.00405799	0.0313075	0.011402	0.00377217	0.165557	0.00731181	0.404043	0.14912	0.00232573	0.00513384	0.0047192	0.0334588	0.00917573	0.0230242	0.116078	0.00217056	0.00790918
190	0.0600553	0.000899802	0.0458965	0.0636536	0.00106468	0.0455064	0.00689596	0.00137572	0.018954	0.00433149	0.00132962	0.0690795	0.166434	0.00224452	0.00311689	0.374757	0.130655	0.00254261	0.000446538	0.000759864
