224	20
1	0.0104003	0.000725272	0.0313175	0.84996	0.00315349	0.00684924	0.00167027	0.004186	0.00811454	0.00660407	0.00190002	0.00522211	0.0099534	0.0354566	0.0048427	0.00652284	0.00760245	0.00389583	0.00036348	0.00125989
2	0.0159073	0.00647666	0.000517715	0.000365078	0.0179729	0.0011652	0.000458698	0.488214	0.00286168	0.223418	0.0384709	0.00093021	0.000343217	0.000703467	0.00219338	0.00356085	0.00635506	0.184212	0.000479998	0.00539342
3	0.0483965	0.0155511	0.00220966	0.00188739	0.0427055	0.00935094	0.00248	0.171991	0.00402157	0.33718	0.0605088	0.00466375	0.00400816	0.00448211	0.00565336	0.0102341	0.0238974	0.237422	0.00116962	0.0121875
4	0.624085	0.0547346	0.00197329	0.00167485	0.0023472	0.00340458	0.00143954	0.0351011	0.00194366	0.0284034	0.0138691	0.00514292	0.00106313	0.00247719	0.0021423	0.172694	0.00530352	0.0401822	0.000477758	0.0015402
5	0.121571	0.0107459	0.0135852	0.024368	0.016692	0.0221412	0.0105684	0.0359189	0.0103814	0.0577304	0.0240521	0.0211571	0.483711	0.0149932	0.0194914	0.0387293	0.0324396	0.0312882	0.00235254	0.00808318
6	0.321602	0.0232164	0.00370251	0.00355507	0.0115719	0.0156913	0.00294492	0.0859251	0.0069503	0.048553	0.0184209	0.00710688	0.00685616	0.00666814	0.00698436	0.0305378	0.065459	0.324512	0.000718565	0.00902334
7	0.0490388	0.00284473	0.0139735	0.00837961	0.00507865	0.738158	0.00766043	0.00370709	0.00779065	0.0081402	0.00414723	0.044129	0.0026208	0.00979354	0.025187	0.0448816	0.0101222	0.00803803	0.000685095	0.00562354
8	0.0102126	0.00288734	0.222005	0.0020652	0.00313881	0.022443	0.00222734	0.0032472	0.003432	0.00518191	0.00378859	0.138962	0.00154378	0.00276147	0.00595866	0.393061	0.168212	0.00608876	0.000724835	0.00205905
9	0.0273716	0.00261753	0.00200005	0.00223371	0.0734005	0.00476755	0.00186793	0.0540988	0.0137546	0.482756	0.172905	0.00330749	0.0811817	0.00250764	0.0277164	0.00513387	0.00504897	0.0338306	0.000604362	0.00289548
10	0.0624506	0.000270938	0.144847	0.391747	0.00310462	0.00871923	0.00785319	0.00846942	0.0798337	0.0215645	0.00505551	0.0320821	0.00503129	0.0949883	0.0391207	0.0264254	0.0464037	0.0160556	0.00264498	0.00333268
11	0.0613651	0.0212221	0.00493406	0.00167032	0.00180855	0.0506392	0.078895	0.00231063	0.302384	0.0250785	0.0374048	0.0581544	0.00111005	0.0409521	0.160366	0.0605471	0.0380031	0.0504228	0.000431312	0.00230101
12	0.0433472	0.012503	0.00187653	0.00345445	0.0355196	0.0200427	0.0015473	0.0282097	0.00308317	0.654911	0.111555	0.00349626	0.00984945	0.00220005	0.00625005	0.00816911	0.0159476	0.0325599	0.000582294	0.00489576
13	0.0955468	0.00179657	0.0180591	0.11603	0.000607876	0.00493828	0.0229154	0.0285078	0.250985	0.0419965	0.0291039	0.0292525	0.00179211	0.127807	0.173605	0.0154675	0.0182188	0.0147327	0.000139708	0.00849748
14	0.100797	0.0123206	0.00177162	0.00229438	0.0805571	0.00293476	0.00153496	0.213467	0.00206849	0.005395	0.0599987	0.00274362	0.00129968	0.00211106	0.00290499	0.0282639	0.230216	0.127566	0.000452357	0.121304
15	0.573282	0.0264114	0.00510731	0.00523141	0.0103044	0.0250999	0.00330812	0.0324416	0.00684035	0.0274549	0.0129095	0.00909263	0.00757074	0.00809763	0.00619245	0.0905319	0.0377312	0.103778	0.00136367	0.00725006
16	0.0325982	0.0111482	0.000468617	0.000502542	0.106923	0.00219334	0.00045856	0.283524	0.0014062	0.223333	0.051503	0.000859497	0.000415701	0.00206217	0.000705507	0.0029609	0.00409678	0.23492	0.00324436	0.0366766
17	0.139899	0.00144764	0.157273	0.0581779	0.0125555	0.00314748	0.117072	0.0440774	0.0313664	0.0987399	0.050807	0.0830876	0.001656	0.0138183	0.122145	0.00885792	0.0378148	0.0159584	0.00040094	0.00169871
18	0.0124358	0.000478895	0.00192469	0.000482867	0.215068	0.00472147	0.0279008	0.00502972	0.00327241	0.0305584	0.00691234	0.00598001	0.000347597	0.00455007	0.000718113	0.00603391	0.00399853	0.00841203	0.0109537	0.65022
19	0.0565775	0.00117737	0.00563992	0.00356266	0.00368971	0.829402	0.0054021	0.00230143	0.00229331	0.00579856	0.00206495	0.0314115	0.000865576	0.0069352	0.00842005	0.0225251	0.00309588	0.0050134	0.000389945	0.00343377
20	0.591664	0.0611966	0.00447644	0.00498375	0.00591237	0.0297069	0.00434664	0.027518	0.00544818	0.0243807	0.0127334	0.0101363	0.00533649	0.00628566	0.00571095	0.126878	0.0252019	0.043268	0.000745505	0.00406992
21	0.0324718	0.00393257	0.51997	0.0724385	0.0028031	0.0592155	0.0149977	0.00238517	0.038386	0.00394353	0.00292793	0.0919971	0.00325458	0.0176219	0.0222134	0.0543559	0.0453652	0.00517628	0.000340941	0.00620253
22	0.696523	0.00736114	0.00175	0.00175531	0.00135361	0.0583125	0.0042877	0.00626392	0.00156649	0.00555739	0.00406435	0.00287118	0.0062358	0.0020893	0.0019852	0.179576	0.00708829	0.00967394	0.000213665	0.00147125
23	0.0439255	0.00943578	0.000612696	0.000556704	0.000823274	0.0045165	0.000589771	0.269239	0.000762479	0.016086	0.0074334	0.00262283	0.000438397	0.000717009	0.000727418	0.00151054	0.00285384	0.636355	0.000190455	0.000603703
24	0.00665331	0.000567823	0.00127673	0.000655863	0.138237	0.0025968	0.035141	0.00316109	0.00190786	0.0155996	0.00671631	0.00298107	0.000486844	0.00226512	0.00101029	0.00380047	0.00277525	0.00464643	0.00408102	0.76544
25	0.0928291	0.0715396	0.000741698	0.000655306	0.010891	0.022163	0.000668593	0.159946	0.000904763	0.217025	0.0959589	0.00868041	0.00592666	0.00322487	0.00101419	0.0180985	0.050447	0.238239	0.000202988	0.000844041
26	0.53117	0.00145196	0.000940894	0.000730649	0.00140658	0.300896	0.00440618	0.00145005	0.000924812	0.00268634	0.00132737	0.00321824	0.00494919	0.0017661	0.00163987	0.132744	0.0035771	0.00319039	0.000143627	0.00138116
27	0.0963275	0.00445187	0.0320392	0.0343442	0.00844929	0.137836	0.00557337	0.0125597	0.00674594	0.271824	0.0591537	0.00886657	0.033346	0.0396545	0.00772614	0.0805648	0.0597203	0.0920904	0.00122918	0.00749736
28	0.0561491	0.00129456	0.129434	0.114208	0.00757232	0.0661365	0.0205622	0.000805923	0.113714	0.0105846	0.0047159	0.0862602	0.0653003	0.0588364	0.0559359	0.137186	0.0545486	0.0091886	0.000129589	0.00743711
29	0.0255451	0.000467439	0.00315008	0.00057125	0.348705	0.00936338	0.0229171	0.00864455	0.00552961	0.0730193	0.00821219	0.0115148	0.000380626	0.00873827	0.000748118	0.0111678	0.00729851	0.0167423	0.0234131	0.413872
30	0.0226118	0.00106396	0.00123238	0.00124262	0.00174546	0.0832284	0.00103334	0.00228358	0.00160159	0.00348336	0.00181102	0.0889021	0.00117028	0.0014874	0.00175263	0.75237	0.0280764	0.00319287	0.000364392	0.00134666
31	0.0186494	0.00466873	0.00212809	0.00304231	0.0729748	0.00754455	0.00210703	0.0293867	0.00334002	0.423071	0.325913	0.00416661	0.00909797	0.00889147	0.00512743	0.00852441	0.0171184	0.0300276	0.00593172	0.0182883
32	0.00280917	0.000780481	0.00562684	0.000648848	0.00100318	0.0109107	0.000815585	0.00144115	0.0606507	0.00194377	0.00149637	0.00123745	0.000599907	0.000900675	0.897306	0.00671383	0.00206117	0.00190093	0.000229605	0.000923745
33	0.353389	0.0102657	0.0096499	0.0433748	0.00199032	0.0307788	0.00585777	0.0185154	0.037834	0.00658227	0.00337306	0.0480417	0.0293416	0.0423562	0.0100124	0.249427	0.049532	0.0410499	0.000544846	0.00808327
34	0.0499461	0.00135721	0.0497242	0.0209655	0.0438158	0.136919	0.082249	0.00242296	0.0569935	0.037258	0.0245171	0.133405	0.00134363	0.033282	0.121419	0.0947878	0.0226982	0.00819878	0.000614024	0.0780832
35	0.349102	0.00809517	0.0104411	0.0443026	0.00188005	0.0344048	0.00627737	0.01296	0.0305918	0.00645259	0.00344015	0.0456051	0.0307634	0.0355259	0.0107255	0.267857	0.0551843	0.037665	0.000598397	0.00812701
36	0.0645485	0.000671597	0.153843	0.102693	0.00843363	0.0934593	0.029266	0.00091279	0.0872758	0.0100021	0.00507935	0.102386	0.0521025	0.0544958	0.0532498	0.129318	0.0291102	0.0124395	0.000158025	0.010555
37	0.0615998	0.000547334	0.148291	0.105687	0.00866444	0.0873025	0.0284809	0.000953645	0.0924569	0.010057	0.00486603	0.109644	0.0518501	0.0549021	0.0529861	0.129258	0.0295497	0.0117466	0.000163114	0.010993
38	0.0289052	0.00641099	0.00781452	0.0841421	0.212487	0.0135508	0.00530869	0.0185478	0.00802905	0.401795	0.0706311	0.0480134	0.00793939	0.00793773	0.00934617	0.0176875	0.0159365	0.0236295	0.00170108	0.010187
39	0.0611728	0.000260284	0.159191	0.376009	0.00266204	0.00898455	0.00693502	0.00827994	0.0828424	0.0198157	0.00465731	0.0335757	0.00566906	0.0979306	0.0365513	0.027449	0.0478479	0.0143477	0.00317704	0.00264185
40	0.0128015	0.0010614	0.000753451	0.000763426	0.0615121	0.00514236	0.00073399	0.180802	0.00111304	0.57699	0.0807796	0.00105421	0.00126692	0.000921275	0.0106482	0.00177309	0.00497477	0.039283	0.000171055	0.0174545
41	0.130112	0.00349456	0.0106217	0.124657	0.00073033	0.00954747	0.0123992	0.0408498	0.240774	0.0390717	0.0173176	0.0188799	0.00348662	0.0957935	0.185565	0.0233465	0.0155815	0.0187659	0.000131824	0.00887397
42	0.0741635	0.000280974	0.0868233	0.418475	0.00556522	0.00939733	0.0105062	0.0119378	0.0747157	0.0329675	0.00772836	0.0228855	0.00249817	0.0933553	0.0398681	0.0260952	0.0505948	0.0238873	0.000881922	0.00737224
43	0.489948	0.031287	0.00276035	0.00258868	0.0030664	0.327487	0.00238059	0.0183477	0.00274189	0.0208108	0.0173185	0.00413188	0.00190865	0.00325648	0.00313309	0.0228805	0.0201649	0.0220528	0.000854875	0.00287962
44	0.0713049	0.0110871	0.00156072	0.0016003	0.00209365	0.0235841	0.179311	0.00257174	0.0701013	0.116927	0.0559566	0.023425	0.00123787	0.0830781	0.285698	0.0241997	0.0148114	0.00602092	0.00047381	0.0249565
45	0.00565422	0.00133056	0.0334546	0.0267013	0.00193905	0.672681	0.0014233	0.00244501	0.00963244	0.00352305	0.0024181	0.186164	0.00114523	0.0105892	0.0189677	0.0133576	0.00312941	0.00338139	0.000433769	0.00162934
46	0.132524	0.0193243	0.00263219	0.00283742	0.00301945	0.0222495	0.0029807	0.00462939	0.319446	0.00723652	0.0044425	0.00392945	0.00235971	0.00335036	0.218498	0.00757833	0.0234021	0.215873	0.000660367	0.00302674
47	0.0146341	0.000610489	0.00533411	0.00482175	0.000908512	0.00129294	0.0128854	0.0010822	0.693337	0.00157846	0.00119324	0.00953101	0.000486697	0.0391967	0.191535	0.00169665	0.00182447	0.0104673	0.000191809	0.00739195
48	0.0430051	0.0155177	0.000323165	0.000289582	0.0756018	0.00285544	0.000323015	0.257909	0.00133326	0.223453	0.0569446	0.000544262	0.000319863	0.000397239	0.000373458	0.00093504	0.00495242	0.291205	0.00320574	0.0205116
49	0.00322358	0.000692317	0.00101783	0.00084193	0.0872549	0.0014352	0.0432437	0.00218918	0.00120848	0.0079034	0.00730795	0.00129958	0.000608421	0.00125062	0.0012173	0.00264134	0.00229598	0.00284374	0.000511216	0.831013
50	0.0427098	0.0152894	0.000321459	0.000288387	0.0761565	0.0027829	0.000318282	0.258309	0.00133235	0.223551	0.0572384	0.000514865	0.000286172	0.000398743	0.000364649	0.00087182	0.00487202	0.290445	0.00324484	0.0207036
51	0.277033	0.0302321	0.00225212	0.00176764	0.00291041	0.00431029	0.00189066	0.0459585	0.00297665	0.0140048	0.00995132	0.00586687	0.001494	0.00311161	0.00296607	0.0233186	0.409463	0.157238	0.0005134	0.00274066
52	0.118469	0.0798116	0.000780936	0.000699341	0.00936869	0.0137085	0.000686105	0.136113	0.00103089	0.18874	0.0699441	0.0152926	0.0064716	0.00240848	0.00142126	0.0303684	0.0568876	0.266487	0.000203044	0.00110807
53	0.0293998	0.00768193	0.0196288	0.0165955	0.0121319	0.0247267	0.0193272	0.0102443	0.0119375	0.0179033	0.0103023	0.646875	0.00674154	0.0148138	0.0140659	0.0733524	0.0357056	0.0163398	0.00160566	0.0106216
54	0.107339	0.0139987	0.00174878	0.00147685	0.00710699	0.0219322	0.00136249	0.338565	0.00955732	0.060708	0.0951823	0.0118301	0.00159875	0.00269237	0.0186672	0.0502195	0.0511844	0.198346	0.00040237	0.00608151
55	0.036696	0.00188088	0.00216656	0.00208352	0.156423	0.00401117	0.00209003	0.290795	0.00234082	0.134181	0.0468201	0.00326813	0.00177712	0.0286278	0.00417553	0.0346345	0.0058467	0.0706506	0.000657806	0.170873
56	0.306558	0.0204416	0.0031959	0.00299635	0.0219623	0.0371506	0.0193611	0.0241228	0.00299108	0.0584506	0.0231711	0.00436746	0.390754	0.00345382	0.0036794	0.0413667	0.0245928	0.00734092	0.00080388	0.00323928
57	0.0412727	0.00416502	0.0336666	0.00454204	0.111331	0.0354977	0.114184	0.00715895	0.00509204	0.0635185	0.00722282	0.00650408	0.0033128	0.00525245	0.439031	0.0384017	0.0366938	0.011123	0.0269549	0.00507465
58	0.0573399	0.000686255	0.167846	0.14679	0.00511219	0.0700018	0.0264565	0.00169058	0.069308	0.0120762	0.0035346	0.113504	0.0855582	0.0778438	0.0311345	0.0809291	0.0332493	0.0119075	0.000314154	0.00471737
59	0.0658194	0.000449301	0.142907	0.115517	0.00906552	0.0728774	0.0293046	0.000744019	0.0851873	0.0101779	0.00499938	0.0994862	0.0543557	0.0590482	0.054676	0.137265	0.0327101	0.0124743	0.000123527	0.0128114
60	0.177623	0.00232021	0.00289121	0.00208964	0.0802581	0.00430375	0.00228134	0.110727	0.0031632	0.0798876	0.0267221	0.00408967	0.215184	0.00300907	0.00338058	0.00666268	0.00646995	0.264929	0.000683502	0.00332393
61	0.0746285	0.0125444	0.601548	0.018767	0.00159297	0.0157795	0.0319777	0.00148116	0.0235945	0.00270619	0.00186431	0.0456376	0.00088547	0.00902866	0.0104752	0.0819268	0.040563	0.00820539	0.000345469	0.0164482
62	0.174457	0.00571341	0.00214213	0.00103212	0.0031007	0.731351	0.00517847	0.00429838	0.00119728	0.00721213	0.00401686	0.0120633	0.00078751	0.0058642	0.00479118	0.0215149	0.00487525	0.00687904	0.000460391	0.00306547
63	0.0390019	0.0134692	0.000292315	0.000264523	0.088407	0.00207093	0.000281142	0.269859	0.00134722	0.230353	0.0606838	0.000411307	0.000228515	0.0003719	0.000367797	0.000783631	0.00435293	0.259904	0.00383389	0.0237151
64	0.0168654	0.00765451	0.000402699	0.000355559	0.0176674	0.000956158	0.000399069	0.558845	0.000585951	0.227371	0.0497722	0.000626732	0.000293712	0.000464413	0.0010712	0.0044648	0.00835648	0.102536	0.000114739	0.00119723
65	0.0865679	0.00433791	0.000662773	0.000530211	0.00352791	0.00254032	0.000659229	0.306693	0.000816105	0.0467937	0.0161178	0.00256682	0.000508605	0.000731414	0.000856187	0.00176095	0.00349904	0.519678	0.000221719	0.000930453
66	0.52993	0.00633654	0.0057885	0.00074953	0.00107454	0.0336217	0.00251589	0.00132801	0.000985255	0.00196873	0.00143882	0.00247165	0.0134846	0.00101066	0.00106336	0.373338	0.0155526	0.00632658	0.000166767	0.000848314
67	0.139431	0.0155651	0.260742	0.00735924	0.00599665	0.011899	0.0144421	0.00560938	0.0152788	0.00664584	0.00572533	0.0324883	0.00326807	0.00474852	0.00686816	0.261937	0.178369	0.0161881	0.000799255	0.00663962
68	0.112926	0.00815628	0.00302779	0.00255582	0.0322337	0.00675799	0.00308626	0.122938	0.00447371	0.203022	0.0712827	0.00479107	0.284074	0.00346618	0.00694489	0.00946622	0.0123053	0.104188	0.000679188	0.00362437
69	0.130921	0.00374546	0.00614143	0.00516849	0.0336881	0.545371	0.00731441	0.00833861	0.00476466	0.0453716	0.0077833	0.0112109	0.00409882	0.00869273	0.00842039	0.0779617	0.0118813	0.040202	0.00337634	0.0355469
70	0.0448462	0.0153953	0.000331857	0.00029468	0.0740479	0.00289335	0.000330734	0.260651	0.00132444	0.221034	0.0569525	0.000547943	0.000325575	0.000394335	0.000373041	0.00105771	0.00525544	0.290829	0.00311709	0.0199977
71	0.0388487	0.0134541	0.000304802	0.00026508	0.0884045	0.00207023	0.00028096	0.269941	0.00134724	0.231065	0.0607976	0.000414714	0.000232053	0.000376883	0.000368815	0.000784674	0.0043431	0.259151	0.00382994	0.0237201
72	0.150679	0.001645	0.0719313	0.0641536	0.00295169	0.0127761	0.0221861	0.0216265	0.0470391	0.0647447	0.167346	0.0431464	0.00975567	0.0354038	0.085082	0.121477	0.0528898	0.023055	0.000375791	0.00173548
73	0.0765043	0.00121134	0.132628	0.292271	0.00206708	0.0106174	0.00605842	0.00250128	0.0332273	0.0139826	0.00237226	0.0546473	0.219094	0.0396552	0.00369363	0.0249328	0.0337429	0.0486712	0.000434693	0.00168701
74	0.00613089	0.00104612	0.000906759	0.000905137	0.00281414	0.00159817	0.00108633	0.417781	0.00891706	0.216605	0.0110595	0.00189271	0.000833945	0.00115453	0.00774316	0.00284456	0.00215047	0.307777	0.000304244	0.00644917
75	0.00855465	0.00222402	0.0036462	0.00306442	0.00271657	0.0231317	0.514183	0.00287323	0.00330685	0.00499496	0.00386883	0.206431	0.00267439	0.0863232	0.00382753	0.0597852	0.0484026	0.00594084	0.000623115	0.0134278
76	0.0100842	0.00313986	0.000605624	0.00054271	0.0113627	0.00121512	0.000599867	0.41812	0.0051465	0.264656	0.0276798	0.00118007	0.000513343	0.000890305	0.00400503	0.0028466	0.00358134	0.235939	0.000402578	0.00748904
77	0.0653746	0.00467738	0.00664615	0.00307314	0.00251568	0.0645361	0.00266365	0.00316239	0.00282905	0.00532001	0.00286435	0.0606023	0.00626179	0.0028233	0.00370109	0.718865	0.0351895	0.00627065	0.000599339	0.00202407
78	0.145761	0.0272502	0.00532365	0.00403797	0.00841937	0.00797709	0.00377071	0.0585308	0.00477141	0.034654	0.0310258	0.0110249	0.0032633	0.00744754	0.00489986	0.0489908	0.403715	0.180974	0.0012121	0.00695013
79	0.0626981	0.0133236	0.0320042	0.0542384	0.020653	0.0251195	0.0253421	0.0244626	0.0489305	0.0388163	0.0267347	0.0315789	0.0121297	0.405444	0.0395167	0.044394	0.0389886	0.0350262	0.00366008	0.0169388
80	0.253002	0.014515	0.00919897	0.0149643	0.00601387	0.0467011	0.00551681	0.0338143	0.0108562	0.0572116	0.0467915	0.0201509	0.00801792	0.0491983	0.0167928	0.196589	0.10931	0.0937348	0.00104221	0.00657835
81	0.0226118	0.00106396	0.00123238	0.00124262	0.00174546	0.0832284	0.00103334	0.00228358	0.00160159	0.00348336	0.00181102	0.0889021	0.00117028	0.0014874	0.00175263	0.75237	0.0280764	0.00319287	0.000364392	0.00134666
82	0.184201	0.0372404	0.000813466	0.000728936	0.00118454	0.00520827	0.000650926	0.0846571	0.000826928	0.0226805	0.0203819	0.00845433	0.00155897	0.00487683	0.00159494	0.0431268	0.340603	0.238199	0.000233447	0.0027789
83	0.102382	0.00437498	0.00247	0.00219664	0.00382331	0.00522555	0.00208062	0.0665019	0.00246611	0.105288	0.15754	0.00496142	0.00186457	0.00335649	0.0036476	0.0625395	0.33642	0.129245	0.000672131	0.00294313
84	0.0309857	0.00779535	0.0251725	0.0105768	0.00892646	0.016733	0.0204436	0.00910263	0.0120645	0.0141319	0.00890945	0.573546	0.00827069	0.0126373	0.01126	0.129531	0.0726862	0.0169503	0.00166927	0.00860731
85	0.0851231	0.00190498	0.00209109	0.00222722	0.054856	0.0174884	0.0276812	0.0159022	0.00236842	0.042888	0.00316692	0.00311353	0.0142387	0.0024316	0.015887	0.14096	0.0315744	0.0712299	0.148134	0.316733
86	0.361649	0.00173774	0.0269249	0.0115054	0.00205348	0.0123889	0.00147718	0.00277506	0.00186475	0.00403334	0.00244954	0.00248439	0.00156801	0.00201915	0.00232616	0.307162	0.248667	0.00473821	0.000484021	0.00169192
87	0.205543	0.0327404	0.00114083	0.00116525	0.0167574	0.0155541	0.0010955	0.0754379	0.00132828	0.0672355	0.00689771	0.00546305	0.00128835	0.00286896	0.00166415	0.0143564	0.0619159	0.469598	0.000310166	0.0176396
88	0.0954433	0.00163034	0.0157294	0.111601	0.00052881	0.00489541	0.0211365	0.027357	0.247892	0.0459833	0.027271	0.0325968	0.00159841	0.133687	0.177404	0.016094	0.0175673	0.013961	0.000120321	0.00750313
89	0.130171	0.00362638	0.00352703	0.021295	0.328568	0.00512136	0.0032718	0.0711908	0.00389844	0.0514391	0.0600745	0.00432908	0.00529901	0.00456599	0.0220085	0.0150745	0.075341	0.114544	0.000881398	0.0757726
90	0.0260447	0.000499054	0.00398395	0.00061467	0.333056	0.00893071	0.0230046	0.00861012	0.00627273	0.0664469	0.00908226	0.0124148	0.000443885	0.00851904	0.000915809	0.0118233	0.00677615	0.0171736	0.0465019	0.408886
91	0.0170679	0.00174832	0.0444643	0.023183	0.00289879	0.662439	0.00785644	0.00255215	0.0137867	0.00457078	0.00302374	0.147723	0.00174994	0.0106743	0.0240887	0.019554	0.004505	0.00400475	0.000335459	0.00377454
92	0.10251	0.00933213	0.000662578	0.000564192	0.0490721	0.00234861	0.000699569	0.264843	0.00180211	0.178783	0.0473553	0.00120857	0.00163948	0.000890661	0.00127264	0.00249721	0.0049839	0.314269	0.00218736	0.0130786
93	0.0218834	0.00836033	0.0378164	0.133759	0.00515457	0.0161736	0.0191987	0.00219233	0.213691	0.0038163	0.00977711	0.0328881	0.033985	0.019842	0.0842106	0.189071	0.16338	0.00331462	0.000292227	0.00119355
94	0.00320196	0.000856068	0.00613127	0.00072972	0.00175987	0.0112337	0.000988688	0.00148389	0.0603235	0.00237325	0.00160939	0.00123805	0.000687268	0.00101206	0.893532	0.00696126	0.00225371	0.00217595	0.000396841	0.00105108
95	0.0415779	0.00384847	0.000514209	0.000457452	0.000762796	0.0023206	0.000477485	0.353126	0.00057549	0.0271789	0.0120158	0.00400305	0.000392623	0.000584536	0.000724203	0.00128587	0.00401114	0.545411	0.000149808	0.000583009
96	0.0369109	0.00457023	0.0013628	0.00120852	0.00183866	0.00345359	0.0014217	0.343938	0.00171735	0.0242118	0.010291	0.0365285	0.00107146	0.00156187	0.00182577	0.00422188	0.00535837	0.516612	0.000411296	0.00148359
97	0.109492	0.0653387	0.000833137	0.000675413	0.00811734	0.0140491	0.000699809	0.119947	0.00107229	0.236615	0.0748943	0.0103409	0.00860686	0.00405413	0.0016382	0.0316198	0.0730005	0.237151	0.000219824	0.00163479
98	0.716125	0.00114881	0.000702357	0.000688972	0.000757186	0.0718244	0.00432162	0.0012245	0.00078751	0.00179051	0.00104977	0.00116522	0.00694349	0.000862839	0.000789562	0.182872	0.00385568	0.00221631	0.000166652	0.000707649
99	0.00348759	0.000790201	0.00623656	0.00108757	0.00153933	0.0111799	0.0015019	0.00143144	0.0603219	0.00236301	0.00167897	0.00151785	0.00089422	0.00116197	0.891255	0.0072227	0.00260271	0.00236098	0.00037011	0.000996465
100	0.0093824	0.00079325	0.0323722	0.858973	0.00320884	0.00691985	0.00147552	0.00402926	0.00578404	0.00590865	0.00174279	0.00533805	0.0105824	0.0321123	0.00362506	0.00601359	0.0066974	0.00360823	0.000291356	0.00114145
101	0.0544365	0.0356866	0.00103617	0.000891299	0.00345313	0.0113015	0.000974178	0.170815	0.000982381	0.27095	0.174169	0.00302838	0.00317972	0.00948489	0.00117472	0.0118101	0.054971	0.190606	0.000284555	0.000764284
102	0.00860028	0.0143719	0.0603133	0.00170893	0.00244456	0.0844366	0.00180077	0.0027053	0.0142145	0.00486419	0.0035665	0.0196874	0.00140382	0.00249911	0.0485861	0.47897	0.242186	0.0049571	0.000614651	0.00206876
103	0.01988	0.00115823	0.00086379	0.0011468	0.0746959	0.00681713	0.000779873	0.168398	0.00123412	0.548393	0.076367	0.00122339	0.00185056	0.00207668	0.0153206	0.00320608	0.00741308	0.0413161	0.000192381	0.0276673
104	0.064756	0.000290313	0.15273	0.374626	0.00273625	0.00885672	0.00682334	0.00851517	0.0865069	0.0203338	0.00535249	0.0352354	0.00668933	0.0956652	0.038095	0.0276148	0.0453782	0.0140715	0.00288892	0.00283434
105	0.0611059	0.000328971	0.169437	0.370737	0.00259194	0.00979688	0.00682217	0.00799696	0.079085	0.0188677	0.00462079	0.0357721	0.00590596	0.0965477	0.0366741	0.0272854	0.0470725	0.0137964	0.00298801	0.0025675
106	0.0237718	0.0100942	0.000327383	0.000283933	0.0262684	0.000975563	0.000302651	0.523201	0.000598141	0.203868	0.0552572	0.000569007	0.000322014	0.000535108	0.000389903	0.0039128	0.00897431	0.135775	0.000659238	0.00391438
107	0.126356	0.00316426	0.0112644	0.123234	0.000594795	0.00942056	0.0132256	0.0383963	0.241598	0.0401295	0.0177084	0.020908	0.00306478	0.0971353	0.187858	0.0240199	0.015027	0.0179658	0.000130768	0.00879824
108	0.0733139	0.000277687	0.0895529	0.419457	0.00561011	0.00955828	0.0103901	0.0116011	0.073333	0.0330593	0.00781769	0.023638	0.00257155	0.0927839	0.0396558	0.026163	0.0499807	0.0233515	0.000912273	0.00697229
109	0.0169192	0.00801721	0.000403626	0.000336528	0.017405	0.000607088	0.000366516	0.577173	0.000423215	0.209644	0.0532892	0.000569283	0.000340749	0.000517057	0.000488314	0.00461677	0.00897963	0.0992304	0.000121054	0.00055253
110	0.0630177	0.0210363	0.00423015	0.00159719	0.0018953	0.0501835	0.0868462	0.00239325	0.294893	0.0291747	0.0384859	0.0529309	0.00121766	0.0409058	0.158659	0.0564454	0.0395119	0.0536414	0.00034939	0.00258572
111	0.0260411	0.00213916	0.568826	0.0896664	0.00107726	0.0519047	0.00948705	0.00120038	0.0409486	0.00214751	0.00131952	0.0708311	0.000723802	0.0169542	0.021573	0.040993	0.0481217	0.00289447	0.000251425	0.00289983
112	0.0539136	0.0357159	0.00098564	0.000755656	0.00351205	0.0122602	0.000867136	0.18565	0.00109081	0.255728	0.179313	0.00267425	0.00272903	0.00809068	0.00145152	0.0101147	0.0534733	0.19054	0.000275909	0.000859003
113	0.00496448	0.000739982	0.0245532	0.89423	0.00311366	0.0066165	0.00083565	0.00363439	0.00107768	0.00425343	0.00138236	0.0031981	0.0102499	0.0284286	0.00107872	0.0042748	0.00404247	0.00224477	0.000193005	0.000888432
114	0.017509	0.00827786	0.000347054	0.000298566	0.0163619	0.000585552	0.000353641	0.584643	0.00038963	0.203743	0.0496647	0.000548774	0.000290671	0.000426819	0.000455932	0.00469545	0.00889898	0.102025	0.000120335	0.000363851
115	0.00588315	0.000740234	0.02486	0.88869	0.00315153	0.00661024	0.000998621	0.00372721	0.00192116	0.00474155	0.00155907	0.00333004	0.0100671	0.0290657	0.0017294	0.00463175	0.00464315	0.00252626	0.000190234	0.000933037
116	0.21274	0.0389834	0.000566314	0.000615535	0.00320491	0.0158817	0.000572096	0.0941197	0.000744019	0.0290307	0.0309165	0.00410153	0.00332872	0.0119629	0.00252016	0.0638703	0.159408	0.315578	0.000174736	0.0116799
117	0.0436796	0.00400829	0.00542597	0.010345	0.407829	0.0095863	0.0161258	0.0288973	0.0078284	0.0853696	0.0290909	0.0135788	0.00361594	0.00942209	0.00910749	0.0184343	0.0199597	0.0423755	0.0137155	0.221604
118	0.0431288	0.00937568	0.000610448	0.000555551	0.00073509	0.0045211	0.000573121	0.269125	0.000779732	0.0155737	0.0073374	0.00262792	0.000426379	0.000713883	0.000732356	0.00150378	0.00281578	0.638076	0.000191869	0.000596203
119	0.00918687	0.00240713	0.00320518	0.00270006	0.00359728	0.0221883	0.535018	0.00364479	0.00342085	0.00776674	0.00529742	0.192182	0.00172496	0.0939294	0.00642468	0.0453757	0.0415316	0.00692848	0.000632028	0.0128379
120	0.0558395	0.000888868	0.00570768	0.00388227	0.00308857	0.832365	0.00544905	0.00199136	0.00229904	0.00548568	0.00197058	0.0328625	0.000867519	0.00682459	0.00778313	0.021815	0.00253567	0.00505192	0.00030422	0.00298773
121	0.718198	0.000922757	0.000726056	0.000673228	0.000753045	0.0684284	0.00435302	0.00110626	0.000766692	0.0016466	0.000987238	0.00101577	0.00683614	0.00079102	0.000779239	0.185337	0.00378715	0.00204647	0.000140593	0.000705726
122	0.0393933	0.0216459	0.00175321	0.00151724	0.0127863	0.00834266	0.00187808	0.140346	0.00211362	0.262988	0.264712	0.0033876	0.00356188	0.0157807	0.00249198	0.0126575	0.0362047	0.164039	0.000726759	0.00367389
123	0.0234558	0.81854	0.00380699	0.00807498	0.00365258	0.00582831	0.0026025	0.00582275	0.0144605	0.0076652	0.00988591	0.0365363	0.00212408	0.00394101	0.00991723	0.0203294	0.01147	0.0078195	0.000879807	0.00318726
124	0.0270625	0.00224955	0.00239307	0.00236522	0.0362709	0.00481258	0.00241943	0.166654	0.00304405	0.0499786	0.485718	0.00396033	0.00222433	0.00407523	0.00345207	0.0399451	0.00657162	0.152596	0.000961211	0.0032463
125	0.718341	0.000920906	0.000700374	0.000670189	0.000752327	0.0689185	0.00437939	0.00109712	0.000768497	0.00163956	0.000988156	0.00101184	0.00691138	0.00080254	0.000778354	0.184696	0.00374025	0.00204569	0.000140574	0.000697115
126	0.0237782	0.00052959	0.0033035	0.000726676	0.314754	0.0089066	0.0286621	0.0108995	0.00553123	0.0626953	0.011406	0.0115685	0.000647583	0.00830492	0.000873452	0.0108038	0.00765257	0.0248129	0.0234363	0.440708
127	0.0557221	0.00545188	0.00622582	0.00209733	0.00269264	0.064617	0.00273135	0.0029481	0.00355984	0.00484668	0.00308091	0.0596714	0.00629126	0.00269595	0.00400587	0.730026	0.0341348	0.00676696	0.000505161	0.00192868
128	0.0579713	0.000954411	0.00562627	0.00347381	0.00329989	0.836345	0.00522567	0.00172482	0.00172139	0.00490841	0.00162998	0.0295651	0.000692816	0.00656733	0.00753795	0.0224022	0.00235235	0.00461654	0.000307208	0.00307703
129	0.00446784	0.000820453	0.00553901	0.00111723	0.00106904	0.00994934	0.00256624	0.00138526	0.116764	0.00209024	0.00162778	0.00257122	0.000984795	0.00449583	0.83087	0.00638316	0.00215542	0.00329311	0.000200427	0.0016494
130	0.0240511	0.819273	0.00421478	0.00802387	0.00369893	0.00579359	0.00265321	0.00535346	0.0142478	0.00804857	0.0103161	0.0355812	0.00251002	0.00342667	0.00980155	0.0203253	0.0119605	0.00671602	0.000823272	0.00318139
131	0.0489795	0.00310655	0.00254249	0.00438917	0.179918	0.00641	0.00256647	0.0305333	0.00251961	0.250448	0.109857	0.00314577	0.0102494	0.002965	0.00531274	0.0327687	0.115743	0.16447	0.000806815	0.0232687
132	0.0136441	0.00425644	0.000545558	0.000553823	0.0377945	0.00268913	0.000557918	0.37214	0.000723785	0.400287	0.0724887	0.000836917	0.000514798	0.000817057	0.00494425	0.00304408	0.00654834	0.0692975	0.000183713	0.008132
133	0.0634182	0.00535358	0.0100063	0.00213131	0.00232215	0.0657472	0.0015825	0.00340821	0.00261186	0.00469293	0.00260008	0.0592287	0.0071847	0.00238223	0.00360569	0.716779	0.037646	0.0067176	0.000476049	0.00210554
134	0.235477	0.00445703	0.0284572	0.0106306	0.00541587	0.0654314	0.0481176	0.00671125	0.0309146	0.0524121	0.00636846	0.111564	0.00812918	0.0119504	0.00905691	0.297623	0.0447543	0.0148133	0.00101406	0.00670206
135	0.0256322	0.000458297	0.00331367	0.000536307	0.330201	0.00937846	0.028162	0.00865726	0.00574332	0.0677189	0.00885879	0.0132202	0.00037187	0.00886494	0.000707332	0.011018	0.00658438	0.0188492	0.0245921	0.427132
136	0.00436221	0.00102862	0.00123852	0.00129224	0.189686	0.00200254	0.00117793	0.0113845	0.00124608	0.261466	0.402876	0.00193928	0.000950395	0.0158632	0.0018178	0.00286069	0.0255426	0.0104827	0.0149397	0.0478422
137	0.122619	0.0460973	0.0290769	0.0011474	0.0204054	0.00194542	0.0194033	0.0141229	0.0267504	0.00909516	0.0158006	0.0545262	0.000779359	0.00123839	0.00157239	0.27843	0.311995	0.0435416	0.000320662	0.00113218
138	0.0500919	0.000969465	0.0789938	0.0385001	0.0208377	0.129137	0.11604	0.00178689	0.0653044	0.020862	0.0154319	0.158978	0.00250753	0.0264066	0.0898147	0.0975222	0.0204128	0.00967262	0.000307961	0.0564228
139	0.00500237	0.000757414	0.0055209	0.00221294	0.000970469	0.0102595	0.00178005	0.00182117	0.106688	0.00230782	0.00155818	0.00197291	0.000629422	0.0045026	0.840943	0.00656528	0.00202655	0.00292409	0.00023345	0.00132437
140	0.0511244	0.00143324	0.168645	0.0864402	0.0182733	0.0643349	0.0366423	0.00219392	0.0636497	0.0105838	0.0128347	0.123464	0.0464611	0.0505643	0.0440309	0.14934	0.0260406	0.031467	0.000376338	0.0120999
141	0.718341	0.000920906	0.000700374	0.000670189	0.000752327	0.0689185	0.00437939	0.00109712	0.000768497	0.00163956	0.000988156	0.00101184	0.00691138	0.00080254	0.000778354	0.184696	0.00374025	0.00204569	0.000140574	0.000697115
142	0.0298751	0.0068649	0.0196765	0.0107757	0.0107345	0.024633	0.0199582	0.00833467	0.0117948	0.0151334	0.00992053	0.617155	0.00771673	0.0118882	0.011691	0.119993	0.038533	0.015067	0.0013286	0.00892672
143	0.0694898	0.00263679	0.0133218	0.0835499	0.00188948	0.00535549	0.0403819	0.019035	0.250299	0.0669751	0.0315007	0.0260579	0.00168359	0.146513	0.183334	0.0133559	0.017482	0.0201873	0.000390429	0.00656148
144	0.0590431	0.00100176	0.00539558	0.00332663	0.0034605	0.831369	0.00577616	0.00180092	0.00220412	0.00564984	0.00173308	0.0299479	0.000774069	0.00694754	0.00794189	0.0228695	0.00257995	0.00482971	0.000365866	0.00298282
145	0.258459	0.00179125	0.146843	0.0871683	0.00528147	0.0336623	0.00218089	0.0247199	0.0154412	0.0534981	0.00407878	0.00663616	0.00213624	0.0523646	0.0322768	0.154979	0.0603919	0.0465465	0.00334006	0.00820452
146	0.0230086	0.822659	0.00413605	0.0078788	0.0040482	0.00580829	0.00280315	0.00540041	0.0139702	0.0072586	0.0104297	0.0348341	0.00226413	0.00330364	0.00969667	0.0200144	0.0116863	0.00678784	0.000852914	0.00315939
147	0.140122	0.046055	0.0311888	0.00128536	0.0192071	0.00219558	0.0179001	0.0149649	0.0263171	0.00875546	0.0149216	0.0532828	0.000756852	0.00123322	0.00152046	0.275564	0.298803	0.0443478	0.000327412	0.00125108
148	0.0066341	0.0015743	0.00199764	0.00153089	0.00227426	0.0218079	0.542179	0.00279558	0.00196826	0.00424475	0.00327588	0.203511	0.00136794	0.0979271	0.00278255	0.0455457	0.0410864	0.00453027	0.000471431	0.0124959
149	0.249317	0.0170897	0.0283075	0.00201982	0.00176263	0.00260299	0.00222378	0.00207155	0.0021839	0.00304205	0.00205664	0.00515993	0.0494125	0.0033477	0.00241534	0.574104	0.0306652	0.0198364	0.000350672	0.00203037
150	0.022481	0.822668	0.00378137	0.00817644	0.00378791	0.0054531	0.00241513	0.00515301	0.0144758	0.00712939	0.0101078	0.0360679	0.0021184	0.00355774	0.0100377	0.0205476	0.0113424	0.0067819	0.000886639	0.0030305
151	0.00341608	0.000904919	0.00574803	0.000825926	0.001201	0.0111025	0.00103506	0.00165256	0.0602524	0.00226742	0.00168369	0.00138331	0.000774878	0.000920251	0.893785	0.00702561	0.00266412	0.00210264	0.000341476	0.000912661
152	0.0241297	0.000812377	0.00619398	0.000825216	0.327481	0.00882457	0.0227308	0.00845888	0.00859679	0.0597249	0.0114093	0.0142342	0.000446039	0.00882182	0.00121132	0.0108863	0.00675223	0.0165934	0.0578622	0.404005
153	0.05734	0.000501455	0.14481	0.108602	0.00883482	0.0723508	0.0235429	0.000877947	0.116673	0.0113962	0.00463397	0.100109	0.0601192	0.0650928	0.0516688	0.122617	0.0296255	0.0108065	0.000160089	0.0102371
154	0.025347	0.000705526	0.00495935	0.000665175	0.330865	0.00887198	0.0231582	0.00846438	0.00692148	0.0628258	0.00983979	0.0129517	0.000511022	0.00846042	0.000962085	0.0116549	0.00682865	0.0171221	0.051334	0.407552
155	0.0579951	0.000775757	0.0914477	0.0671484	0.0168743	0.0749322	0.0957106	0.00131541	0.0697854	0.0120534	0.00938541	0.14822	0.010493	0.0327391	0.081574	0.136118	0.0308965	0.0151528	0.000266229	0.0471168
156	0.188096	0.005016	0.0219832	0.0322732	0.00241459	0.0201533	0.0147776	0.00634246	0.0300148	0.00688435	0.00340147	0.0263851	0.0519408	0.0482667	0.0223203	0.327156	0.130959	0.0425814	0.000660544	0.0183739
157	0.0240109	0.000452421	0.00332295	0.000486249	0.327485	0.00903263	0.0280048	0.00893689	0.00613391	0.0617658	0.00880335	0.0120077	0.000322435	0.00913229	0.000716419	0.0111371	0.00695045	0.0170387	0.023048	0.441212
158	0.0514846	0.00236057	0.00263633	0.00436745	0.234505	0.00386024	0.0027524	0.122493	0.00290047	0.134847	0.0834006	0.00372559	0.0176407	0.00366263	0.00505023	0.0386371	0.100499	0.164406	0.000991819	0.0197798
159	0.00436221	0.00102862	0.00123852	0.00129224	0.189686	0.00200254	0.00117793	0.0113845	0.00124608	0.261466	0.402876	0.00193928	0.000950395	0.0158632	0.0018178	0.00286069	0.0255426	0.0104827	0.0149397	0.0478422
160	0.057933	0.00206359	0.00494574	0.00308808	0.00292079	0.0951177	0.00618045	0.00421465	0.00446269	0.00799241	0.00266545	0.115852	0.00201151	0.00336236	0.00373316	0.645967	0.0283992	0.00588142	0.000754142	0.00245521
161	0.330432	0.0131083	0.0160101	0.00184241	0.00144167	0.0100599	0.00144452	0.00203541	0.00170283	0.00240957	0.0017496	0.00485968	0.0378711	0.00173976	0.00158553	0.532017	0.024523	0.0135501	0.00034345	0.00127399
162	0.0145093	0.000588482	0.00526593	0.00488355	0.000952408	0.0013282	0.0133027	0.00110431	0.690752	0.00163741	0.00121585	0.00992636	0.0008869	0.0392046	0.19219	0.00167301	0.00187917	0.0107398	0.00019369	0.00776572
163	0.0502559	0.00770334	0.584714	0.0502428	0.00262307	0.0311298	0.0211707	0.00279356	0.0296534	0.00473513	0.0034803	0.0558698	0.00240995	0.0132821	0.0157967	0.0631489	0.0431883	0.00698114	0.000465455	0.0103556
164	0.0156027	0.00340514	0.00210905	0.00238277	0.0499051	0.00524191	0.00194604	0.0421169	0.00265449	0.419676	0.35843	0.00325488	0.00693452	0.00626431	0.00450937	0.0100338	0.0100292	0.0391895	0.00390026	0.0124141
165	0.0557958	0.574997	0.00278275	0.0218856	0.00418752	0.00487726	0.00290379	0.00530548	0.0444541	0.00808324	0.0236184	0.122132	0.00241996	0.00364899	0.0275065	0.0583209	0.0253347	0.00742806	0.00101483	0.00330305
166	0.108262	0.00755243	0.00808276	0.00903568	0.0114207	0.0634487	0.00334042	0.0127679	0.00361146	0.402068	0.143083	0.00558359	0.00768206	0.0103843	0.00444769	0.0459765	0.0903677	0.0570718	0.00101985	0.00479297
167	0.0184653	0.00817883	0.000362907	0.00029903	0.015738	0.000664006	0.000344005	0.585729	0.000478655	0.199865	0.048552	0.000609799	0.000283916	0.000490241	0.000515109	0.00517516	0.00868267	0.105083	0.000112045	0.000371607
168	0.0179246	0.00820753	0.000345212	0.000300511	0.0164523	0.000615338	0.000342587	0.582355	0.000450472	0.202357	0.0489042	0.000552684	0.000281966	0.00043357	0.000495613	0.00474041	0.00865385	0.105969	0.000133789	0.00048417
169	0.0623686	0.00055902	0.168338	0.146451	0.00476635	0.0820431	0.0300842	0.00118593	0.0766044	0.0137221	0.00310454	0.0650262	0.110879	0.0770132	0.0315188	0.0778048	0.0315758	0.0122523	0.000227385	0.00447482
170	0.0612414	0.000311465	0.155578	0.376855	0.00270906	0.0087494	0.00719443	0.00822349	0.0849864	0.0208178	0.00478193	0.033002	0.0055792	0.0977351	0.0371166	0.027061	0.0473036	0.0146648	0.00331299	0.0027759
171	0.0136036	0.00160805	0.0006959	0.000673923	0.0625403	0.0048424	0.000686652	0.180087	0.00105209	0.569324	0.0789564	0.00100667	0.00129569	0.000924126	0.0100058	0.00168896	0.00481822	0.048851	0.000314946	0.0170247
172	0.104614	0.018346	0.00141113	0.00130344	0.0102449	0.00886423	0.00120328	0.301832	0.0161964	0.072199	0.111893	0.0060734	0.00097204	0.0017654	0.0325359	0.0410554	0.0565211	0.202803	0.000373163	0.00979314
173	0.0417193	0.00383692	0.000513815	0.000457614	0.00077767	0.00230167	0.000476385	0.353032	0.000578513	0.0272176	0.0120425	0.0039606	0.00039089	0.000575149	0.000722627	0.00126897	0.0040073	0.545388	0.000142637	0.000589837
174	0.0777465	0.0122512	0.584843	0.0191668	0.00154791	0.0161718	0.0327679	0.00152049	0.0239353	0.00262866	0.00176985	0.0497436	0.000942562	0.00965532	0.00993909	0.0868568	0.0417471	0.00852644	0.000338279	0.0179015
175	0.333386	0.0609224	0.0093927	0.00282203	0.00283121	0.00455611	0.00219952	0.0114086	0.00294875	0.0108738	0.00645208	0.0190678	0.0158715	0.00268004	0.00334493	0.473456	0.0152667	0.0196216	0.000603932	0.00229369
176	0.0155612	0.00157442	0.001699	0.00315391	0.221252	0.00320432	0.00141602	0.0495523	0.00163725	0.618985	0.0235406	0.00359046	0.00147739	0.00142236	0.00373589	0.00377883	0.00401702	0.0273545	0.000353784	0.012694
177	0.0210159	0.00160265	0.00588074	0.00790658	0.00191007	0.00357632	0.015019	0.002727	0.662406	0.00416749	0.00362937	0.0118499	0.00219092	0.0377442	0.18418	0.00525992	0.00482042	0.0154855	0.000357688	0.00827026
178	0.0339371	0.00339881	0.000700284	0.000578277	0.00158536	0.00208239	0.000618589	0.385211	0.00201685	0.0544578	0.0108934	0.00403018	0.000464062	0.000811049	0.00196256	0.00166385	0.0040068	0.490473	0.000164513	0.000943925
179	0.00629493	0.000766295	0.0250209	0.883839	0.00472065	0.00705436	0.0010018	0.00371309	0.00207756	0.00593373	0.00174909	0.00363122	0.010436	0.0287956	0.00147348	0.00492875	0.00459986	0.00276001	0.000210671	0.000993156
180	0.0581219	0.000960568	0.0052623	0.0030584	0.00363574	0.835089	0.00567403	0.00183883	0.00189743	0.00517107	0.00157896	0.0290622	0.000681872	0.00654801	0.00775264	0.0225573	0.00273714	0.00492593	0.000327799	0.00311902
181	0.00350025	0.0010437	0.00589075	0.000926047	0.00143093	0.0111498	0.000942998	0.00145489	0.0613545	0.0023204	0.00152397	0.00153302	0.000805968	0.00134837	0.890995	0.00752615	0.00255159	0.00246531	0.000287152	0.000949137
182	0.11836	0.0225841	0.00854831	0.00384239	0.00794873	0.0143468	0.00629115	0.0445435	0.00828251	0.0306175	0.118055	0.0415977	0.00321845	0.0149125	0.00784145	0.155426	0.210314	0.177366	0.00102402	0.00487968
183	0.0166937	0.000899367	0.0058781	0.0059087	0.00117451	0.0022394	0.013911	0.00149604	0.667134	0.00241555	0.00155353	0.0105681	0.0017596	0.0384698	0.203798	0.00278848	0.00270319	0.0126511	0.000222164	0.00773616
184	0.0224403	0.00174596	0.00322185	0.00113459	0.00165283	0.0844498	0.00104743	0.00217362	0.0020882	0.00329965	0.00195121	0.068435	0.00109882	0.00141451	0.00402127	0.752398	0.042728	0.00299044	0.000399776	0.0013091
185	0.0994937	0.00144805	0.0239177	0.0673749	0.0431026	0.0135547	0.0392506	0.155956	0.00224518	0.114566	0.0134242	0.0133039	0.099718	0.0128895	0.0132824	0.0613975	0.057496	0.12335	0.000488926	0.0437413
186	0.0250082	0.000446195	0.00331799	0.000526014	0.330716	0.00960678	0.028878	0.00878249	0.00588427	0.0658884	0.00905334	0.0129404	0.000348118	0.00914253	0.000677182	0.011231	0.00657112	0.0181941	0.0239213	0.428867
187	0.00465941	0.000808127	0.00123969	0.000838356	0.0972362	0.00178443	0.0412535	0.00271642	0.00185867	0.0105948	0.00733948	0.00199689	0.000608823	0.00158199	0.00133776	0.00314579	0.00320794	0.00421138	0.00141662	0.812164
