215	20
1	0.0232002	0.00367543	0.00232579	0.00233188	0.276408	0.0117026	0.0174056	0.113421	0.00281447	0.0906406	0.00737489	0.0035155	0.00109324	0.00197728	0.00697363	0.00704978	0.0210874	0.118352	0.0212987	0.267352
2	0.0185713	0.00557858	0.00161368	0.00155718	0.216385	0.00540976	0.0110604	0.179462	0.00270792	0.121384	0.0209646	0.00300283	0.000667478	0.00190491	0.00926713	0.00700829	0.0204484	0.180028	0.0195998	0.173379
3	0.392749	0.0367527	0.00139475	0.0031621	0.0145827	0.0249243	0.00177471	0.0339438	0.00532114	0.0359145	0.0259589	0.00304456	0.00183423	0.00443242	0.00344705	0.137845	0.0951671	0.174518	0.00125157	0.00198175
4	0.0431424	0.0201451	0.020815	0.00696467	0.0195969	0.00348373	0.0369044	0.0106355	0.169639	0.0183862	0.00870328	0.0208226	0.00215071	0.0188971	0.473251	0.0441658	0.044047	0.0114021	0.00535459	0.0214934
5	0.400525	0.0814889	0.00105736	0.00251273	0.0192746	0.0185473	0.00383161	0.0074408	0.00323677	0.0128815	0.00242245	0.00471568	0.00174298	0.00141783	0.0025993	0.324461	0.0544363	0.046488	0.00310122	0.00781896
6	0.148857	0.0436105	0.0190119	0.0260291	0.0116209	0.0974414	0.0108062	0.0148095	0.0203126	0.0223054	0.00618647	0.025086	0.12893	0.016265	0.011577	0.325743	0.0367345	0.025341	0.00276915	0.00656451
7	0.126029	0.0218906	0.0120518	0.0245719	0.0135033	0.472222	0.00988142	0.0131751	0.019837	0.0247547	0.00777482	0.0171048	0.0150525	0.0117257	0.0096842	0.131984	0.0208401	0.0346044	0.00180828	0.0115041
8	0.0503792	0.0195509	0.0327605	0.0361468	0.0177153	0.012123	0.0364194	0.0169952	0.123445	0.0425356	0.0138311	0.0422903	0.00564705	0.0431133	0.350944	0.0573905	0.0434461	0.0272444	0.00811853	0.0199041
9	0.0503618	0.00473162	0.237749	0.301124	0.0038643	0.03164	0.0138286	0.00498754	0.0576405	0.0188993	0.00220627	0.0626203	0.00316431	0.0769382	0.0273367	0.0521542	0.0372703	0.00889461	0.000770415	0.00381748
10	0.052504	0.0343683	0.0315584	0.04164	0.0440379	0.0198643	0.215719	0.0285962	0.0446967	0.0623224	0.0260174	0.0467923	0.0141612	0.0684217	0.0448827	0.0775686	0.0380721	0.0363618	0.00647852	0.065937
11	0.00679267	0.0140193	0.00143753	0.0013664	0.0259107	0.00150229	0.00150865	0.285809	0.00330087	0.0732221	0.0128252	0.00188449	0.000703275	0.00301612	0.00139787	0.00662485	0.0337633	0.522439	0.000672261	0.00180408
12	0.0491609	0.0143517	0.267377	0.141633	0.0146957	0.024592	0.0215832	0.0172568	0.0539304	0.0450414	0.0100057	0.0900709	0.0188491	0.0534156	0.0357438	0.0580058	0.0447727	0.0229335	0.00216393	0.0144175
13	0.0187996	0.0112743	0.00997735	0.0103258	0.139006	0.00982945	0.0222533	0.0233188	0.0120486	0.0403856	0.0173068	0.0220299	0.0033847	0.0106253	0.0121045	0.0245874	0.0146826	0.0266433	0.00672222	0.564694
14	0.0306837	0.281658	0.0117374	0.0566199	0.00749777	0.00605136	0.0905116	0.00819608	0.00603829	0.0126487	0.0484449	0.0850628	0.0024969	0.00578595	0.00553495	0.242526	0.0248576	0.056482	0.00171792	0.0154486
15	0.0305653	0.0171737	0.0953543	0.0277607	0.0618361	0.106024	0.0521631	0.0196927	0.0333676	0.203038	0.0349906	0.0890093	0.00330572	0.0600807	0.0262489	0.0334611	0.0201897	0.0192427	0.0102355	0.0562601
16	0.0087106	0.00402916	0.00292447	0.00324467	0.173111	0.00401836	0.00620316	0.0144376	0.00422379	0.0153482	0.0151992	0.0160153	0.00140246	0.00351425	0.00359265	0.00919822	0.00806123	0.0160219	0.00378146	0.686962
17	0.193448	0.0512341	0.0154719	0.0223991	0.00531932	0.151312	0.00343822	0.00626146	0.00738524	0.00942818	0.0031069	0.00855728	0.108753	0.00561062	0.00943465	0.371047	0.0115038	0.0112528	0.0016116	0.00342483
18	0.0651433	0.0416856	0.00670417	0.0112333	0.0482288	0.0173201	0.00719915	0.173092	0.0106032	0.0881071	0.0229038	0.0116251	0.00574729	0.0104894	0.00657324	0.049017	0.0558819	0.348277	0.00562396	0.0145444
19	0.00473338	0.0173367	0.00321145	0.00281432	0.0926214	0.00453146	0.00250465	0.0986741	0.00198218	0.596305	0.10629	0.00513651	0.000721163	0.00617755	0.00138159	0.00478116	0.00977437	0.0357221	0.000564268	0.00473705
20	0.100103	0.0252748	0.0354719	0.0533919	0.0212397	0.03758	0.0248659	0.03138	0.0457045	0.0455577	0.0150387	0.049795	0.193641	0.0473325	0.0211544	0.132245	0.0570804	0.0441606	0.00530189	0.0136807
21	0.152625	0.0232734	0.0124043	0.0142604	0.11049	0.0176025	0.0141931	0.0299964	0.0164619	0.0962179	0.163573	0.0162077	0.0110325	0.0142286	0.0103821	0.0990835	0.134059	0.0450086	0.00590987	0.0129901
22	0.386475	0.0474613	0.00879054	0.0179092	0.0189236	0.0489631	0.00993544	0.0245695	0.0159762	0.0353249	0.0142372	0.00949245	0.0097521	0.0118584	0.0099539	0.18775	0.064316	0.0689808	0.00306021	0.00626975
23	0.0276036	0.0178947	0.00422303	0.000838934	0.0354521	0.00243879	0.00368515	0.317675	0.0030688	0.210052	0.0448789	0.00645769	0.00218115	0.00187122	0.00437874	0.00888466	0.0180656	0.279166	0.00191895	0.00926582
24	0.0552971	0.0032717	0.198897	0.339931	0.0025513	0.038653	0.0125514	0.00179699	0.0549182	0.0163288	0.000826196	0.054308	0.00127311	0.0892245	0.0224293	0.0631955	0.0386344	0.00462455	0.000252642	0.00103504
25	0.0704698	0.00873183	0.0603329	0.135223	0.0147473	0.0180536	0.0292794	0.0113092	0.127137	0.0427343	0.00695535	0.0462748	0.0262924	0.143746	0.0730111	0.0820739	0.055822	0.0359488	0.000832559	0.0110247
26	0.0525732	0.18881	0.124202	0.0467067	0.00904648	0.00768092	0.0536237	0.0101358	0.00825857	0.0147846	0.0176309	0.0540855	0.00362347	0.00744826	0.00615359	0.279686	0.0771269	0.0255867	0.00309953	0.00973715
27	0.0334154	0.023313	0.00379492	0.000754073	0.0503228	0.00293324	0.00232467	0.28769	0.00197129	0.211075	0.064326	0.00426586	0.00256714	0.00202627	0.00389683	0.0114513	0.0216421	0.252299	0.00293269	0.0169989
28	0.0285924	0.0191731	0.00320427	0.000765191	0.0635241	0.00183963	0.00276966	0.27953	0.00294069	0.245775	0.0591909	0.0053016	0.00154567	0.00297437	0.0047624	0.0114126	0.0170142	0.219022	0.00449961	0.0261626
29	0.0366005	0.0231614	0.00414315	0.000694444	0.0427122	0.00282425	0.00286007	0.298704	0.00232018	0.221191	0.0658695	0.00523764	0.00307152	0.00207437	0.00396379	0.0112279	0.0193987	0.238719	0.00219691	0.0130293
30	0.515274	0.0577285	0.000776719	0.00214451	0.0124193	0.0285117	0.0021543	0.0151951	0.00434219	0.0278545	0.00823211	0.00484682	0.00194676	0.00129996	0.002062	0.184976	0.0699279	0.0566368	0.00239665	0.00127467
31	0.140867	0.0746062	0.00251104	0.00287259	0.167403	0.0471066	0.00259879	0.0856998	0.00324172	0.0748713	0.0132256	0.00316043	0.00136482	0.00281972	0.00216448	0.00776806	0.0271683	0.315297	0.00188705	0.0233669
32	0.0725325	0.00946018	0.0606113	0.156883	0.0129899	0.0208392	0.0325508	0.0104743	0.127472	0.0430711	0.00733072	0.0428096	0.0179468	0.127187	0.0740629	0.0861018	0.0534117	0.0320201	0.000802069	0.0114432
33	0.0408056	0.0245882	0.0157368	0.0186438	0.14346	0.0170225	0.0298422	0.0665854	0.0199082	0.085755	0.0227942	0.0213774	0.00556246	0.0216852	0.020634	0.0467807	0.0339285	0.0801308	0.107758	0.177002
34	0.109586	0.0277064	0.0280613	0.0284254	0.105418	0.0505539	0.0841012	0.0302759	0.0348111	0.0124548	0.00659627	0.00775241	0.0024938	0.048485	0.00798261	0.111119	0.103709	0.0704019	0.00218868	0.127878
35	0.0293093	0.00233459	0.0720146	0.0174498	0.0147229	0.00173757	0.0840191	0.00234602	0.0868406	0.0178854	0.00154755	0.430348	0.000740234	0.0557434	0.0320805	0.056019	0.0498159	0.0172911	0.000760842	0.0269932
36	0.0190951	0.00897156	0.00568205	0.00799908	0.142976	0.00801901	0.0219652	0.0199952	0.010001	0.0337027	0.0169543	0.0194594	0.00236706	0.00733701	0.0103333	0.0197231	0.0149168	0.0256729	0.00490482	0.599925
37	0.130624	0.0709957	0.00246498	0.00252046	0.182914	0.0434955	0.00220647	0.0887311	0.00314591	0.0785377	0.0131735	0.00279637	0.00130156	0.00261927	0.00216881	0.00741945	0.0249318	0.313189	0.00289958	0.0238652
38	0.0376509	0.0175287	0.00609322	0.0315132	0.00537366	0.00337944	0.0160918	0.0599355	0.17787	0.188136	0.0547424	0.0163167	0.000851759	0.0764099	0.143058	0.0482736	0.0461532	0.0638518	0.00136422	0.00540556
39	0.462612	0.0616563	0.000894295	0.00193676	0.0103892	0.0207669	0.00319521	0.0100962	0.00367555	0.018105	0.00371584	0.00469431	0.00146802	0.00115471	0.00192807	0.270321	0.0687364	0.0492566	0.0031857	0.00221226
40	0.248745	0.0264887	0.00276844	0.0231878	0.00573658	0.355103	0.00398425	0.00658911	0.0139723	0.0144458	0.00335932	0.0175133	0.0110768	0.0107365	0.0108834	0.177012	0.0239803	0.040044	0.00115595	0.00321736
41	0.0180345	0.00523053	0.001569	0.00169758	0.223471	0.0061025	0.0124328	0.168442	0.00279965	0.121544	0.01877	0.00325435	0.000679454	0.0019901	0.00826025	0.00718768	0.0211773	0.170846	0.0218086	0.184702
42	0.0360552	0.0201726	0.00636706	0.0346274	0.00459338	0.00293216	0.0177825	0.0441423	0.200074	0.175619	0.039421	0.0185254	0.000410806	0.0806427	0.147509	0.0480633	0.049427	0.0670802	0.00118904	0.00536587
43	0.208297	0.022936	0.00406499	0.0332468	0.00723412	0.339659	0.00592272	0.00999393	0.0179851	0.0152593	0.00445848	0.0203053	0.0157876	0.0139294	0.0135722	0.18728	0.0300556	0.0447458	0.00140115	0.00386626
44	0.150904	0.0667911	0.00256798	0.00279175	0.139299	0.0507047	0.00232341	0.0935013	0.00339628	0.0834151	0.0126081	0.00331076	0.00138145	0.00299848	0.00244716	0.00751851	0.0278096	0.316133	0.00104818	0.0290507
45	0.137573	0.0275433	0.00708204	0.0208815	0.00635921	0.405878	0.00779451	0.00786451	0.0153519	0.0134711	0.0037385	0.0150845	0.024673	0.00987619	0.009887	0.226541	0.0269079	0.0256162	0.00153202	0.00634437
46	0.00764167	0.0193166	0.0660028	0.00474699	0.00581522	0.00348586	0.00392202	0.0759576	0.0396741	0.0232274	0.00353278	0.259862	0.0019779	0.0182228	0.0179174	0.168699	0.252974	0.0222357	0.00110238	0.0036865
47	0.00627426	0.0126635	0.00134826	0.00140561	0.0252012	0.00142836	0.00147744	0.287713	0.00332636	0.0727581	0.0118414	0.00187762	0.00069492	0.00277288	0.00128113	0.00649589	0.033305	0.525922	0.000607954	0.00160516
48	0.100411	0.018953	0.0466359	0.128544	0.0164041	0.0347549	0.0202283	0.0234115	0.0610474	0.0376519	0.0153397	0.0322521	0.161744	0.0610927	0.0310435	0.0999007	0.0627427	0.033658	0.00279605	0.0113886
49	0.163696	0.0053935	0.0187325	0.0693102	0.0216366	0.0221583	0.00547845	0.0541543	0.0227548	0.0685059	0.0315998	0.0314596	0.230707	0.0350058	0.00540819	0.0697604	0.100419	0.024386	0.0014591	0.0179746
50	0.192812	0.0270234	0.00387117	0.0317895	0.00316011	0.391116	0.00349785	0.00416019	0.0156381	0.00955783	0.00268795	0.0247379	0.0149573	0.0146053	0.0151783	0.195158	0.0135393	0.0322104	0.00108514	0.0032151
51	0.260748	0.073097	0.00632385	0.0105706	0.0147776	0.0778731	0.00383174	0.00495706	0.00407306	0.00838545	0.00226319	0.00564039	0.0406293	0.00309673	0.0118479	0.422021	0.0195091	0.0206696	0.00175273	0.0079331
52	0.135752	0.0252845	0.00683136	0.0200263	0.00756064	0.46	0.00826795	0.00793869	0.0165941	0.0153973	0.00483822	0.0141061	0.0209316	0.00959079	0.0100162	0.1835	0.0181316	0.0252163	0.00295031	0.00706575
53	0.0296865	0.0350194	0.00447928	0.00247265	0.0509255	0.00507305	0.00354002	0.228764	0.0065395	0.296745	0.0534461	0.00704347	0.00233205	0.00577999	0.00525663	0.013915	0.0279428	0.204899	0.0022889	0.0138514
54	0.269978	0.0589102	0.00882697	0.0134749	0.0370936	0.0270043	0.013367	0.020041	0.0131453	0.0293708	0.00975954	0.0132293	0.0105541	0.00883869	0.00927469	0.29216	0.0605947	0.0486525	0.0463523	0.00937203
55	0.0896663	0.0412879	0.0308036	0.0975959	0.023581	0.0325948	0.026074	0.0707246	0.0435668	0.0484849	0.0237905	0.0291748	0.0226979	0.0372268	0.0258082	0.217488	0.0606644	0.0559933	0.00610138	0.0166747
56	0.166143	0.0509761	0.01888	0.0299464	0.0171031	0.0523577	0.0154896	0.0171293	0.0213299	0.0271946	0.0114873	0.0193942	0.0130028	0.0170762	0.0169156	0.357979	0.0791906	0.0524318	0.00400636	0.0119666
57	0.242498	0.0231362	0.00215289	0.00296252	0.00412668	0.00836404	0.00713118	0.005144	0.00319437	0.00755362	0.00248754	0.00414356	0.00207786	0.0025955	0.00336687	0.511881	0.110484	0.0513811	0.00307088	0.00224837
58	0.396283	0.0454556	0.00211618	0.00416705	0.00795638	0.0167318	0.00580374	0.00944116	0.00535632	0.0153088	0.003945	0.00465029	0.00274593	0.0027677	0.0027213	0.338619	0.0795691	0.0506717	0.00366869	0.00202139
59	0.00640314	0.0122404	0.00257155	0.00231874	0.0819568	0.00241507	0.0011109	0.127176	0.00149464	0.574133	0.101561	0.00365084	0.00050937	0.00605867	0.00127835	0.00449415	0.0111758	0.0551087	0.000518238	0.00382407
60	0.00796162	0.164596	0.00222852	0.00270168	0.0106169	0.00819639	0.00242957	0.126576	0.00516487	0.0215789	0.0157117	0.00882236	0.00123912	0.0153038	0.00235702	0.0430433	0.148074	0.409762	0.000944284	0.0026912
61	0.00794321	0.215507	0.00286841	0.0028355	0.00975399	0.0105243	0.00311407	0.118893	0.00507302	0.017143	0.0171993	0.0115942	0.00154833	0.0161907	0.00312786	0.0531657	0.160659	0.338669	0.00119873	0.00299135
62	0.524211	0.05914	0.000747102	0.00197698	0.0125551	0.0285754	0.00192819	0.0132202	0.00432995	0.0253968	0.00618384	0.00500312	0.0019616	0.00101101	0.00185867	0.190352	0.0672538	0.0505283	0.00244816	0.0013186
63	0.297564	0.0228497	0.00172389	0.00218054	0.00366099	0.00599473	0.0087425	0.00426709	0.00277664	0.00637053	0.00197898	0.00339645	0.00141246	0.00194097	0.00248218	0.481128	0.0862531	0.0601403	0.00326907	0.00186743
64	0.382734	0.0312717	0.000855106	0.00369725	0.0100774	0.0193058	0.00138023	0.0513296	0.00568759	0.049731	0.042236	0.00170058	0.000825887	0.0061191	0.00390894	0.112872	0.110123	0.164721	0.000462946	0.000961054
65	0.0266836	0.0180552	0.00411639	0.000606356	0.0491574	0.00166775	0.00246775	0.25564	0.00252581	0.349137	0.063247	0.00593263	0.00162591	0.00356177	0.00325	0.00910084	0.0177271	0.173171	0.00163801	0.0106895
66	0.438379	0.0313376	0.000791541	0.00295568	0.0105813	0.0233482	0.00175202	0.0425076	0.00492072	0.0495443	0.0353674	0.00192837	0.00129218	0.00446628	0.00428256	0.115968	0.0951935	0.134035	0.000507614	0.000841743
67	0.0496061	0.0120578	0.00903255	0.00829968	0.106125	0.0313872	0.00601405	0.170848	0.00745429	0.0595353	0.00710339	0.0326516	0.0106096	0.00630795	0.0056779	0.106369	0.211607	0.149051	0.00496472	0.00529806
68	0.0562769	0.00299518	0.195414	0.35294	0.00223345	0.0367993	0.0122239	0.00295546	0.0566491	0.0213815	0.000866814	0.0523582	0.00125465	0.0834672	0.0228068	0.0519064	0.0380079	0.00727697	0.000304254	0.00188181
69	0.0254992	0.0170969	0.00398611	0.000649953	0.0554468	0.00151015	0.00194022	0.251357	0.00206359	0.345894	0.0641053	0.00512989	0.00124985	0.00346101	0.00337385	0.00871108	0.0167595	0.177225	0.00218129	0.0123595
70	0.329449	0.0286947	0.00114788	0.00495394	0.00802922	0.0152606	0.00139139	0.0631051	0.00797692	0.0499488	0.04931	0.00167349	0.000582454	0.00866594	0.00403079	0.105734	0.125885	0.192383	0.000442073	0.00133528
71	0.0556507	0.00404846	0.19245	0.32223	0.00331411	0.0362832	0.0143073	0.00269911	0.0622017	0.0165122	0.000950385	0.053951	0.00206867	0.09124	0.0269867	0.0661108	0.0412886	0.00578726	0.000241704	0.00167819
72	0.0262078	0.0174885	0.00379724	0.000790901	0.0560609	0.00160915	0.00234634	0.253497	0.0044941	0.342818	0.0560103	0.00778391	0.00132764	0.0054434	0.0033473	0.0126004	0.0190498	0.163877	0.00287835	0.0185725
73	0.34877	0.0825572	0.00326908	0.00611741	0.0118788	0.016483	0.00768936	0.0239505	0.00668982	0.0346396	0.00733968	0.00733827	0.00251119	0.00326934	0.00373605	0.293909	0.0812971	0.0361767	0.0179455	0.00443288
74	0.225063	0.166496	0.00322164	0.00655847	0.069171	0.0183989	0.00424233	0.00473934	0.0037883	0.0104172	0.00311245	0.00606528	0.00346801	0.00319575	0.00496271	0.381973	0.0103538	0.0342226	0.00266652	0.0378838
75	0.0632892	0.00854355	0.125723	0.230146	0.00838059	0.0248135	0.0233392	0.00915665	0.0929559	0.0331468	0.00586847	0.048601	0.0153172	0.104576	0.0483222	0.0649191	0.0491504	0.0333747	0.00112884	0.0092467
76	0.0160619	0.0148441	0.0139504	0.0154839	0.0183941	0.00684846	0.288995	0.00984913	0.0633768	0.0444015	0.0152135	0.0459519	0.0294365	0.190101	0.152523	0.0249147	0.014691	0.0140956	0.0034017	0.0174659
77	0.0563886	0.00765002	0.00565555	0.0239588	0.0823518	0.00454192	0.193931	0.0209269	0.0174235	0.134509	0.0178707	0.0214462	0.00179004	0.00709869	0.0426058	0.0581757	0.00937954	0.00939479	0.00383611	0.281066
78	0.0410609	0.0261646	0.0073302	0.00120644	0.0373014	0.00430697	0.00397916	0.28992	0.00341702	0.222173	0.0589852	0.00723138	0.00352473	0.00227004	0.00458017	0.0134107	0.020378	0.239797	0.00178745	0.0111761
79	0.07904	0.0220409	0.0306233	0.0525182	0.0210196	0.243777	0.0201494	0.0223971	0.0869008	0.0974452	0.0206988	0.0284654	0.0129267	0.0431285	0.0341714	0.0890074	0.0359315	0.0362165	0.00632928	0.0172133
80	0.0573233	0.0438089	0.00269854	0.005607	0.0210786	0.00506834	0.00346828	0.175965	0.019951	0.0817432	0.0356206	0.00570817	0.00120875	0.00983417	0.00880382	0.035301	0.0933691	0.387965	0.00113528	0.00434182
81	0.069092	0.00967802	0.0530366	0.147903	0.0126593	0.020175	0.0322309	0.0124438	0.120609	0.0600337	0.0160811	0.0470573	0.0150704	0.131347	0.0773227	0.0776612	0.047141	0.030212	0.00298593	0.0172599
82	0.0577034	0.0535498	0.0104841	0.0134059	0.018105	0.10609	0.0109721	0.0500191	0.0122464	0.0195939	0.00830545	0.0461635	0.0486481	0.0099925	0.00779089	0.319768	0.130654	0.0664384	0.00316891	0.00690032
83	0.20322	0.0327004	0.014093	0.0307945	0.0130363	0.189521	0.00915664	0.0155574	0.0203456	0.0226425	0.00734827	0.0116666	0.0973732	0.0142382	0.0116791	0.238678	0.0308034	0.0278045	0.00174762	0.00759424
84	0.0715407	0.0334924	0.0198615	0.0856049	0.0326115	0.0199664	0.0229203	0.106742	0.0498843	0.120482	0.106917	0.0255476	0.0205645	0.0361158	0.0354643	0.0612678	0.0527266	0.071875	0.00571138	0.0207051
85	0.0561203	0.0107535	0.145689	0.194991	0.0111306	0.0237271	0.023383	0.0136963	0.0835905	0.0352259	0.00703799	0.0647918	0.0114269	0.0966448	0.0456325	0.0678194	0.0715233	0.0241796	0.0022565	0.0103804
86	0.0474271	0.0152018	0.0389984	0.0750103	0.0118012	0.0129858	0.0287129	0.0253735	0.147319	0.111248	0.024148	0.0720808	0.011413	0.108312	0.0899175	0.0594019	0.0475077	0.0561433	0.00341683	0.0135813
87	0.523128	0.059939	0.000762976	0.00209501	0.0127904	0.0284798	0.0019283	0.013204	0.00433563	0.0257845	0.0062333	0.00505712	0.00197929	0.00100172	0.0018748	0.190094	0.0672969	0.0501031	0.00246084	0.0014506
88	0.327728	0.0359339	0.00170715	0.00480938	0.0212219	0.0198757	0.00184755	0.0698919	0.0071175	0.0513892	0.040164	0.00261505	0.0013564	0.00680086	0.00347707	0.0960199	0.107718	0.196321	0.000738672	0.0032669
89	0.215996	0.153955	0.00922856	0.0315693	0.0221866	0.0243045	0.0128923	0.0125205	0.00762966	0.0355196	0.00893598	0.0142084	0.0170703	0.00556373	0.00712936	0.350955	0.02983	0.0232216	0.00444704	0.0128363
90	0.0318306	0.0193621	0.00334583	0.000743301	0.0670529	0.00211398	0.0027384	0.289782	0.00224238	0.210737	0.0613155	0.004298	0.00151815	0.00197623	0.00549005	0.0100098	0.0169593	0.240012	0.0047695	0.0237022
91	0.0201297	0.0420189	0.0265131	0.0100614	0.164997	0.0161847	0.059331	0.0170006	0.0118651	0.288216	0.0900795	0.0431624	0.0029055	0.0168483	0.0109074	0.0213966	0.0407488	0.0141026	0.00358095	0.0999502
92	0.25891	0.0283881	0.0117447	0.0141236	0.0254177	0.0207585	0.0099452	0.0609286	0.0248701	0.189442	0.0338987	0.0140263	0.00722897	0.0147678	0.0151301	0.0836968	0.0857647	0.0871365	0.00320023	0.010622
93	0.0400539	0.014866	0.00677923	0.0380776	0.00798222	0.00533972	0.0258406	0.0296629	0.200242	0.244851	0.0760312	0.0140585	0.00157473	0.0693932	0.0835829	0.0369573	0.0514612	0.0453087	0.00207416	0.0058629
94	0.0426925	0.00837046	0.00530461	0.019058	0.0904248	0.00425684	0.205032	0.0169762	0.0205619	0.148422	0.0235827	0.0179801	0.00151757	0.00717107	0.0462979	0.0447368	0.00966107	0.00847682	0.00322488	0.276252
95	0.0135019	0.0132096	0.00217384	0.00111125	0.0302175	0.0017932	0.00230927	0.299583	0.00296429	0.119438	0.0240519	0.00318906	0.00105426	0.00226489	0.00225271	0.00706214	0.0289884	0.439486	0.001131	0.00421771
96	0.0551851	0.00338933	0.197804	0.34137	0.00256695	0.0395638	0.0128345	0.00172533	0.053937	0.0165728	0.000875921	0.0535442	0.00134587	0.0904881	0.0214108	0.063728	0.0378634	0.00457516	0.000265773	0.000954702
97	0.0545739	0.0526857	0.0107354	0.012139	0.306673	0.0134129	0.0142352	0.0333433	0.0138996	0.0368531	0.0129888	0.0165858	0.00729003	0.0133013	0.0125828	0.0580074	0.0270518	0.0949995	0.161007	0.0476345
98	0.0293093	0.00233459	0.0720146	0.0174498	0.0147229	0.00173757	0.0840191	0.00234602	0.0868406	0.0178854	0.00154755	0.430348	0.000740234	0.0557434	0.0320805	0.056019	0.0498159	0.0172911	0.000760842	0.0269932
99	0.0650831	0.00885104	0.0346739	0.00325406	0.00739264	0.00237635	0.0354176	0.0130175	0.21297	0.0189543	0.0123148	0.0304774	0.00117733	0.0215526	0.379312	0.0743457	0.0548765	0.00772625	0.00250349	0.0137236
100	0.389251	0.0213029	0.00188237	0.0103573	0.0268554	0.0778929	0.00763334	0.029428	0.0177902	0.0434282	0.0111836	0.0055564	0.0217204	0.00638574	0.00528614	0.163546	0.0793664	0.0779295	0.00139128	0.00181311
101	0.0865976	0.00878076	0.0486141	0.0584571	0.036456	0.0108695	0.0538375	0.0543934	0.0783538	0.0302051	0.00507639	0.0278956	0.00869839	0.0780852	0.0482657	0.0932122	0.219245	0.042859	0.000992203	0.00910541
102	0.0141382	0.0340371	0.0757384	0.00698021	0.00806708	0.00573069	0.0327901	0.0100082	0.0593301	0.0376106	0.00613804	0.154303	0.278312	0.056624	0.00569161	0.128544	0.0389003	0.038851	0.00187875	0.00632648
103	0.00986078	0.0107156	0.00159957	0.00121913	0.0334822	0.00149047	0.00156564	0.285254	0.00302761	0.0959026	0.0187351	0.00194704	0.000814822	0.00203213	0.00172062	0.00654392	0.030579	0.488359	0.00106209	0.00408787
104	0.0694421	0.00853275	0.0600836	0.133177	0.0137974	0.0178871	0.0284424	0.0112491	0.129264	0.0431972	0.00720091	0.0474935	0.0272936	0.144462	0.0729749	0.0809764	0.0569086	0.0357594	0.000804626	0.0110531
105	0.00930347	0.0127105	0.0026305	0.00185485	0.0760818	0.00192977	0.001125	0.150036	0.00197153	0.546962	0.0904459	0.00361306	0.00062742	0.00537147	0.00145508	0.00554348	0.0113507	0.0711043	0.000771437	0.00511155
106	0.115002	0.026731	0.0319543	0.0477592	0.0158373	0.0568007	0.0200281	0.0303362	0.0373824	0.038422	0.0139175	0.0475954	0.210688	0.035769	0.0170729	0.150678	0.0515752	0.0363127	0.00369689	0.0124419
107	0.0889411	0.018097	0.065238	0.15626	0.00852944	0.0220683	0.0295019	0.00857176	0.121356	0.0294635	0.00487228	0.0251515	0.0530171	0.102527	0.0453656	0.106206	0.061091	0.0434042	0.000608274	0.00972931
108	0.116491	0.0504264	0.0031845	0.0039219	0.00512128	0.00465098	0.00406761	0.00787839	0.0186565	0.0378946	0.019807	0.00505325	0.00180443	0.0194346	0.0365273	0.23252	0.248109	0.165601	0.00134947	0.0175015
109	0.0316577	0.0238883	0.0113426	0.00872337	0.14316	0.0127365	0.0201632	0.116627	0.0115415	0.319277	0.0570509	0.0129557	0.00286874	0.0107589	0.00852922	0.0236489	0.022652	0.0942407	0.0106771	0.0574999
110	0.0207512	0.0121727	0.00261893	0.000794128	0.0383312	0.0017556	0.00196016	0.302728	0.00228266	0.159785	0.0346216	0.00351453	0.00129567	0.00184486	0.00256125	0.00680676	0.0206291	0.376513	0.00160743	0.00742658
111	0.00654961	0.0131449	0.00132629	0.00135488	0.0260099	0.00140386	0.00144247	0.283895	0.00327651	0.0734073	0.0130569	0.00171499	0.000679874	0.00275257	0.00124806	0.00666465	0.0341922	0.525757	0.000561022	0.00156176
112	0.523052	0.0580235	0.00075404	0.00195916	0.0128256	0.0286457	0.0019879	0.0138781	0.00428746	0.0260021	0.00681088	0.00488234	0.00196329	0.00103365	0.00187963	0.187478	0.0682966	0.052579	0.00237221	0.00128868
113	0.0258716	0.00379733	0.0659837	0.0162677	0.0149855	0.00297409	0.126937	0.00327761	0.0757476	0.0183504	0.0032967	0.403998	0.00245908	0.0701643	0.0299642	0.0486796	0.0439515	0.0171466	0.000969548	0.0251783
114	0.0393144	0.215524	0.0100534	0.0160029	0.0119294	0.00906654	0.0158234	0.0103002	0.00531001	0.013484	0.00924109	0.0195437	0.00343571	0.00604837	0.00532182	0.49586	0.0807453	0.0215384	0.00283527	0.00862243
115	0.0135314	0.0510459	0.0211211	0.0109856	0.082535	0.05771	0.0146701	0.0297415	0.0085872	0.446517	0.123372	0.0353933	0.0021611	0.0292187	0.0052985	0.0134285	0.0175553	0.0172985	0.00160196	0.0182273
116	0.252253	0.0174536	0.00202321	0.0174215	0.0112949	0.0314383	0.00515557	0.0681284	0.0255617	0.0473883	0.0492393	0.00294098	0.00809858	0.0145581	0.00510995	0.11582	0.128478	0.19456	0.00100328	0.00207416
117	0.0765958	0.0177425	0.0650732	0.157333	0.00898754	0.0173408	0.0297822	0.00778723	0.120947	0.0289129	0.00534624	0.0274186	0.044018	0.115321	0.0471894	0.086788	0.0732309	0.0574031	0.000759057	0.0120237
118	0.227729	0.0390297	0.00565327	0.00973977	0.0108588	0.0103481	0.0613717	0.0578776	0.0511332	0.115235	0.0530462	0.00759888	0.00394751	0.00706147	0.00583519	0.288484	0.0190228	0.0154941	0.00448137	0.00605238
119	0.0301811	0.00239781	0.0732724	0.0200559	0.0144598	0.00192578	0.082005	0.00261215	0.0875171	0.0186532	0.00158026	0.424037	0.000922397	0.0564126	0.0331115	0.0561882	0.050383	0.0172079	0.000733215	0.0263441
120	0.0509781	0.0199543	0.0214553	0.0454029	0.0193447	0.0118944	0.0277024	0.0367814	0.167134	0.186262	0.0398517	0.0299436	0.00721218	0.0660863	0.091618	0.0533496	0.0502486	0.0529224	0.00501948	0.0168391
121	0.0276257	0.0526008	0.0650421	0.100309	0.0147315	0.00995204	0.16846	0.0123185	0.0365465	0.0506066	0.0120271	0.0625054	0.00695856	0.0896499	0.137768	0.0690816	0.0187077	0.0181834	0.00648849	0.0404371
122	0.00771233	0.00417633	0.0030926	0.00325861	0.161712	0.00355389	0.0034512	0.00524952	0.00431686	0.00757797	0.0159913	0.0175765	0.00152406	0.00362611	0.00321468	0.0091923	0.00683225	0.00734439	0.00238101	0.728216
123	0.0602561	0.0474763	0.0340873	0.0287041	0.0239266	0.0274239	0.036607	0.0405458	0.0417948	0.039288	0.0163467	0.165092	0.022196	0.036659	0.0238083	0.15818	0.0751519	0.0987858	0.00529494	0.0183751
124	0.0367875	0.0210668	0.00522798	0.0398613	0.00579649	0.00212384	0.0174716	0.0410028	0.185318	0.193761	0.040733	0.0172579	0.000629805	0.0700921	0.127678	0.049609	0.0692924	0.0710689	0.000984865	0.00423657
125	0.0460025	0.0156254	0.030863	0.0342434	0.0153591	0.0092267	0.0372523	0.0212678	0.133298	0.0463654	0.0136983	0.0394896	0.00554151	0.0462785	0.359311	0.0553933	0.0425634	0.0246241	0.00635978	0.0172377
126	0.0754248	0.118357	0.00473725	0.00758501	0.0364622	0.013443	0.00890663	0.121413	0.00811473	0.056684	0.0228033	0.0127518	0.00234705	0.0122656	0.00551164	0.0712752	0.0931212	0.312383	0.006782	0.00963223
127	0.295772	0.0245865	0.00141582	0.00609588	0.00743949	0.0132707	0.00141949	0.0751763	0.00956863	0.0519945	0.0545003	0.00163894	0.000728333	0.00895157	0.00375282	0.0952118	0.131251	0.215437	0.000447746	0.00134053
128	0.0555644	0.00566173	0.19448	0.309219	0.00548904	0.0333543	0.0144474	0.00554816	0.0627985	0.0216163	0.00290973	0.0527542	0.00793524	0.0838034	0.0296294	0.0569604	0.041604	0.0118325	0.000666999	0.0037256
129	0.0100245	0.275942	0.00398114	0.00464996	0.00973564	0.0206097	0.00396042	0.128831	0.00596533	0.01699	0.0249101	0.0218401	0.00262203	0.0208691	0.00405617	0.0381964	0.149095	0.252406	0.00139396	0.00392103
130	0.0758943	0.0220426	0.0258441	0.0559152	0.013403	0.0100915	0.0431753	0.0257627	0.147418	0.0895614	0.0186989	0.0237516	0.00712452	0.0772494	0.146888	0.0714619	0.0841164	0.0497663	0.00152374	0.0103118
131	0.0213323	0.0165297	0.00429672	0.000642257	0.0552336	0.00149966	0.0017141	0.229891	0.00188576	0.402482	0.0685725	0.00466471	0.00115815	0.00367282	0.00261084	0.00753544	0.0168987	0.149032	0.00147353	0.00887478
132	0.430233	0.0265027	0.0019253	0.0118139	0.014708	0.148595	0.00654568	0.0164257	0.0138671	0.0376703	0.0101296	0.00729589	0.0106587	0.00541594	0.00585461	0.146233	0.0462364	0.0568846	0.0010421	0.00196262
133	0.52494	0.0600144	0.000817691	0.00196913	0.0121432	0.027786	0.00196638	0.0133498	0.00486662	0.0242941	0.00572618	0.00544522	0.00187514	0.00106774	0.00195123	0.191046	0.0684744	0.0482896	0.00258206	0.00139496
134	0.0374469	0.0187623	0.00869179	0.0372292	0.00487692	0.0037253	0.0174259	0.0427668	0.199219	0.169647	0.0388001	0.0210484	0.00144238	0.0858061	0.142664	0.0490008	0.0482912	0.0663877	0.00127898	0.00548972
135	0.0305488	0.0176482	0.00322427	0.000757585	0.0719092	0.00161306	0.00305374	0.288666	0.00240438	0.213124	0.0598023	0.0046454	0.00132374	0.00215192	0.00606553	0.00973418	0.0164633	0.235625	0.00568548	0.0255534
136	0.00917163	0.0118713	0.00265494	0.0016547	0.0732106	0.00174952	0.00109362	0.153859	0.00196223	0.552487	0.0871085	0.00363411	0.00058733	0.0053111	0.00134374	0.0060416	0.0115843	0.0682369	0.000799812	0.00563724
137	0.478724	0.0180607	0.00197379	0.014054	0.0207552	0.0582588	0.0152088	0.0269985	0.0228601	0.0487806	0.0175454	0.0032865	0.0144016	0.00597214	0.00527071	0.144474	0.0472476	0.0531252	0.00101078	0.00199186
138	0.0190846	0.0142875	0.00295005	0.00287451	0.106728	0.00279744	0.0046601	0.17541	0.0165759	0.382464	0.0219285	0.0118982	0.00103323	0.0106817	0.00375968	0.0303757	0.0115191	0.093717	0.0112441	0.0760108
139	0.243126	0.00686786	0.00693787	0.0325306	0.0256016	0.0952629	0.0184411	0.040391	0.0496498	0.0423362	0.0114106	0.00697931	0.0784008	0.0211512	0.0160408	0.180185	0.0628606	0.0567474	0.00140174	0.00367694
140	0.062294	0.00613847	0.141438	0.251352	0.00800298	0.0295032	0.0220827	0.00574923	0.0904693	0.0255107	0.00331605	0.0490085	0.00772302	0.107974	0.0462574	0.0741235	0.0479898	0.0153828	0.000335633	0.0053489
141	0.0373524	0.0191246	0.012274	0.00179889	0.0255867	0.00352753	0.0108565	0.297794	0.00871895	0.263048	0.0410633	0.0281014	0.00255397	0.00380508	0.0164322	0.0103313	0.0248557	0.18242	0.00177497	0.00858111
142	0.0689563	0.00746862	0.101877	0.21301	0.0096479	0.0276217	0.0260918	0.00765564	0.103811	0.0335432	0.00486218	0.0477702	0.013169	0.118829	0.0551413	0.0822299	0.0478978	0.0222512	0.000587307	0.00757876
143	0.0663016	0.0081963	0.0753602	0.140263	0.0127504	0.0170385	0.0275983	0.0113723	0.127804	0.0398896	0.00619084	0.0512198	0.0283585	0.140047	0.0697978	0.0778939	0.0559128	0.0331127	0.000687982	0.0102047
144	0.0537726	0.0174433	0.0334612	0.0389221	0.0149829	0.0159025	0.0302018	0.0212028	0.131722	0.0441584	0.0161531	0.0348234	0.00611047	0.0428767	0.348551	0.0567804	0.0416641	0.0284058	0.00677256	0.0160931
145	0.450029	0.0309579	0.000873621	0.00339548	0.0108837	0.0250415	0.00209064	0.0400576	0.00555572	0.0484467	0.0325893	0.00213782	0.00177431	0.00417767	0.00389198	0.121147	0.0921867	0.123243	0.000634196	0.00088579
146	0.0361817	0.0180205	0.00485307	0.0362427	0.00618952	0.00185516	0.0181052	0.0409363	0.186725	0.199167	0.0427533	0.0152012	0.000496644	0.0686024	0.135841	0.0514677	0.0628367	0.0694503	0.000888439	0.00418711
147	0.0489371	0.0350562	0.028696	0.0380384	0.0454958	0.0158348	0.229744	0.0255825	0.0439619	0.0579532	0.0260883	0.04526	0.0113191	0.0763082	0.0503239	0.0730215	0.0371666	0.035864	0.00748586	0.0678628
148	0.0208476	0.146757	0.00253242	0.0029633	0.0161785	0.00907092	0.00284504	0.146626	0.00580817	0.0379113	0.019976	0.00900161	0.00240374	0.0156768	0.00305596	0.0388094	0.132165	0.382177	0.00143258	0.00376217
149	0.0202935	0.00314779	0.00203895	0.0020642	0.280238	0.0100715	0.0148363	0.119704	0.00265711	0.0903118	0.00746621	0.00311114	0.00100205	0.00185848	0.00682506	0.00651146	0.0216185	0.124755	0.0225121	0.258977
150	0.0613212	0.021104	0.0244371	0.16525	0.00783228	0.0412282	0.0142359	0.00854412	0.0723908	0.035805	0.0194561	0.0309632	0.00953875	0.0799488	0.0391133	0.211461	0.131017	0.0181241	0.00143639	0.00679302
151	0.0557277	0.00558276	0.192116	0.305871	0.00397776	0.0336095	0.0146438	0.00599149	0.0660516	0.0221898	0.00218387	0.0561048	0.0062681	0.0843881	0.0308619	0.0583698	0.0396526	0.0110988	0.00059168	0.00471939
152	0.329311	0.0301983	0.00157001	0.00204979	0.00462992	0.00925918	0.00743245	0.00539822	0.00293396	0.00842008	0.0022067	0.00341649	0.00134777	0.00181537	0.00222936	0.442699	0.0829097	0.0570418	0.0032745	0.00185648
153	0.0595699	0.0107464	0.0538352	0.0891995	0.0181675	0.0316371	0.0312229	0.0255641	0.109967	0.12554	0.0326944	0.0530108	0.00623078	0.106368	0.0843836	0.0616431	0.022822	0.0263561	0.0164629	0.0345779
154	0.0388685	0.0161528	0.0308567	0.0299458	0.0183324	0.0124758	0.0325899	0.0193267	0.125201	0.0500175	0.0174072	0.0625771	0.0041737	0.0401037	0.345485	0.0490482	0.0326217	0.0190927	0.0323052	0.0234183
155	0.0701947	0.0381107	0.00548623	0.00974399	0.038825	0.0136484	0.00719033	0.174087	0.0145057	0.139858	0.0624348	0.00932432	0.00282532	0.0125681	0.00920208	0.0387091	0.0557594	0.284135	0.00270491	0.0106873
156	0.0412258	0.0234824	0.0517802	0.0837975	0.0552639	0.0179628	0.0645195	0.0268632	0.0580683	0.129597	0.0432442	0.0415203	0.00157886	0.0621818	0.0609825	0.0426375	0.0100929	0.0338835	0.040692	0.110626
157	0.071924	0.00937422	0.0607036	0.157913	0.0126496	0.0206134	0.0316693	0.0102263	0.128235	0.0433633	0.007337	0.0429227	0.0180287	0.128451	0.0738119	0.086184	0.0531071	0.031412	0.000801708	0.0112725
158	0.0717717	0.0735202	0.00903448	0.00911478	0.348135	0.0110005	0.0113686	0.0223161	0.00975446	0.0264325	0.0108483	0.0128354	0.00680492	0.0097365	0.00931965	0.0717558	0.0217675	0.119241	0.129882	0.0153616
159	0.0371976	0.021111	0.00642422	0.0338052	0.00475878	0.00295838	0.0182906	0.0449621	0.201435	0.166784	0.0381685	0.0180102	0.000416262	0.0828439	0.153381	0.047626	0.0472234	0.0672931	0.0011025	0.00620833
160	0.0716492	0.0092565	0.061174	0.158356	0.0125855	0.0204282	0.0315419	0.0104223	0.128514	0.0433319	0.0073119	0.0431147	0.0177716	0.127924	0.0740611	0.0858641	0.0532075	0.0313399	0.000803359	0.0113427
161	0.00477256	0.0128212	0.00218855	0.002542	0.0824977	0.00302803	0.00137175	0.109598	0.00185262	0.602122	0.108468	0.00347949	0.000620262	0.00575904	0.00111717	0.00441468	0.00932585	0.0399963	0.000610654	0.00341506
162	0.11243	0.0148319	0.0142416	0.0359005	0.0100079	0.435351	0.0142319	0.0110001	0.0421371	0.0230299	0.00624393	0.0191795	0.0133349	0.0236189	0.0157121	0.141249	0.026616	0.0282593	0.00217689	0.0104471
163	0.0487724	0.00295569	0.185061	0.192215	0.00405726	0.010169	0.0176278	0.021338	0.132071	0.0279344	0.00225675	0.0819003	0.00445568	0.0622423	0.0775297	0.0266424	0.0622833	0.024597	0.000657563	0.0152336
164	0.0191881	0.0145425	0.0029392	0.00227163	0.0851059	0.00245763	0.00355033	0.184098	0.0160924	0.411059	0.0260194	0.0117379	0.000909302	0.0105694	0.00313699	0.0288171	0.0115854	0.0984612	0.00958963	0.0578696
165	0.00628928	0.0127559	0.00234675	0.00240105	0.0810868	0.00245611	0.00122491	0.122002	0.00208907	0.583269	0.10416	0.003604	0.000583812	0.00587685	0.00151537	0.00486235	0.00998288	0.0489742	0.000637788	0.0038813
166	0.0314223	0.00398498	0.0971749	0.0617947	0.0115793	0.00564126	0.0517449	0.00994186	0.0977482	0.028226	0.00228819	0.315864	0.00339138	0.0615077	0.0409332	0.0704785	0.0683344	0.0180206	0.000754673	0.0191689
167	0.057106	0.00296012	0.193639	0.360498	0.00215337	0.0440742	0.0111959	0.00139703	0.0508584	0.0191681	0.000819654	0.0543539	0.000876914	0.0868708	0.0173883	0.0571557	0.0335215	0.00490095	0.000308771	0.000753136
168	0.113521	0.0375345	0.00646291	0.00929293	0.00665266	0.0187801	0.00842388	0.0111653	0.00845782	0.0144787	0.00596151	0.0135546	0.00729825	0.00609667	0.00673584	0.518282	0.153476	0.0460692	0.00286674	0.00488928
169	0.0211304	0.0141602	0.0120062	0.0114318	0.0492486	0.00831279	0.385543	0.0120477	0.0274069	0.0316226	0.0439888	0.0271769	0.0126847	0.192334	0.0305334	0.0267576	0.0179968	0.0197293	0.00421386	0.0516741
170	0.0751874	0.00917509	0.0616606	0.156992	0.0135694	0.0211971	0.0364607	0.0113299	0.124369	0.0421856	0.00783801	0.0423655	0.0163111	0.12054	0.0744568	0.0844493	0.0539565	0.033933	0.000892979	0.0131309
171	0.192479	0.0456119	0.0127286	0.0236783	0.0182491	0.0440458	0.0135254	0.0184474	0.0194268	0.0275833	0.00952354	0.0143312	0.0148331	0.0149531	0.0156085	0.365679	0.0754507	0.0571886	0.00613132	0.0105251
172	0.0204455	0.156838	0.0103131	0.0450322	0.0479629	0.0193221	0.0130668	0.0347211	0.0167406	0.341754	0.157009	0.019345	0.00300708	0.0191371	0.00972938	0.0237499	0.0203963	0.0248992	0.00289756	0.0136335
173	0.0706596	0.00838942	0.0399346	0.0024471	0.00771527	0.00221817	0.0346688	0.0114263	0.205804	0.014118	0.0101152	0.0254981	0.00128507	0.0211607	0.375798	0.0978179	0.0452852	0.00653141	0.00255402	0.0165734
174	0.0459421	0.00282566	0.190108	0.189604	0.00401802	0.0091542	0.018456	0.0240846	0.132574	0.028729	0.0022197	0.0826164	0.00443739	0.0578523	0.0745251	0.025766	0.0659387	0.0245608	0.000700905	0.0158864
175	0.022735	0.00992265	0.112426	0.00325246	0.0521784	0.00969308	0.023089	0.0208514	0.0187062	0.569683	0.0356645	0.0275745	0.00156978	0.0221622	0.00326411	0.0104521	0.0232515	0.00724	0.00134113	0.0249436
176	0.00771008	0.00416664	0.00308925	0.00325834	0.162001	0.00356311	0.00346075	0.00525315	0.00432414	0.00764158	0.0160421	0.0176132	0.00152406	0.00362516	0.00320823	0.00919172	0.00687441	0.00734408	0.00236883	0.72774
177	0.057106	0.00296012	0.193639	0.360498	0.00215337	0.0440742	0.0111959	0.00139703	0.0508584	0.0191681	0.000819654	0.0543539	0.000876914	0.0868708	0.0173883	0.0571557	0.0335215	0.00490095	0.000308771	0.000753136
178	0.365624	0.121512	0.00539252	0.0116445	0.018929	0.038344	0.0120245	0.0133971	0.00741418	0.0193169	0.00828121	0.0288277	0.00758346	0.00553906	0.0057273	0.232236	0.0464719	0.0384797	0.00409844	0.00915602
179	0.0939444	0.0344617	0.00825876	0.0194584	0.014851	0.0629157	0.0100829	0.0249184	0.01293	0.0226189	0.0108027	0.0177769	0.0130098	0.0111942	0.00859743	0.39528	0.176815	0.0518074	0.00323787	0.00703801
180	0.0534911	0.24205	0.0122618	0.035044	0.0110691	0.00886957	0.16336	0.0111461	0.00844397	0.018639	0.0283632	0.072076	0.00359796	0.0110697	0.0118763	0.182928	0.0223917	0.0596268	0.00286891	0.0408267
181	0.0557717	0.00587402	0.128114	0.21555	0.00674899	0.0169024	0.0190159	0.0144769	0.100761	0.0248402	0.003331	0.0511217	0.0666673	0.089778	0.0579385	0.058142	0.0553144	0.0209523	0.000516564	0.00818231
182	0.057106	0.00296012	0.193639	0.360498	0.00215337	0.0440742	0.0111959	0.00139703	0.0508584	0.0191681	0.000819654	0.0543539	0.000876914	0.0868708	0.0173883	0.0571557	0.0335215	0.00490095	0.000308771	0.000753136
183	0.0264199	0.0225161	0.00426275	0.000836871	0.0413134	0.0025549	0.00330075	0.266932	0.00291715	0.28997	0.0536199	0.00730576	0.00183946	0.00301941	0.00413397	0.00949553	0.0233497	0.225041	0.00154264	0.00962905
184	0.0199977	0.00561064	0.521471	0.133789	0.00592113	0.00931443	0.00774817	0.00890487	0.029953	0.0127634	0.00453278	0.122947	0.00278813	0.0211934	0.0338365	0.0194649	0.0204726	0.0113719	0.00134847	0.00657035
185	0.0680474	0.00823899	0.073667	0.172424	0.0118945	0.0188163	0.029576	0.011126	0.127765	0.0385111	0.00622745	0.0461117	0.016181	0.120842	0.0735043	0.0809981	0.0553297	0.0286967	0.000659592	0.0113831
186	0.0235568	0.0156548	0.00343286	0.000740902	0.0472177	0.00168477	0.00208938	0.283365	0.00247331	0.277402	0.0499407	0.00459171	0.0013241	0.00283084	0.00311147	0.00859566	0.0175793	0.241233	0.00201087	0.0111643
187	0.00720338	0.194772	0.00307574	0.00352868	0.0100033	0.0104944	0.00334387	0.157758	0.00577133	0.0198704	0.0170435	0.0116121	0.00173021	0.0392532	0.00340862	0.0349111	0.147643	0.32392	0.00132546	0.00333152
188	0.0560077	0.00370761	0.194571	0.324366	0.00310029	0.0365617	0.0137026	0.0026181	0.0607931	0.0160363	0.000957122	0.0545865	0.0021361	0.0903517	0.0264336	0.0654615	0.0411294	0.00561136	0.000256136	0.0016119
189	0.0441638	0.0205719	0.00808019	0.00165892	0.022692	0.00277084	0.0135756	0.324741	0.00923204	0.243694	0.0438913	0.0239773	0.00235351	0.00276388	0.0136287	0.00976334	0.0219401	0.181174	0.00173639	0.00759143
190	0.278026	0.158202	0.00249896	0.00520484	0.0630232	0.0219682	0.00330412	0.00489318	0.00327073	0.0100642	0.00262711	0.00568501	0.0033159	0.00251787	0.00423109	0.344607	0.0163069	0.0354719	0.00264247	0.0321392
191	0.0203883	0.0156218	0.0029385	0.00248354	0.0841969	0.00211186	0.00343555	0.183824	0.0210364	0.408486	0.0171392	0.0140007	0.000928228	0.0129151	0.00328398	0.0305982	0.00988084	0.093586	0.0113277	0.0618171
192	0.0623222	0.0279877	0.0131832	0.0178994	0.0260883	0.374072	0.0627389	0.0160257	0.0219981	0.027069	0.00999549	0.0202805	0.00843951	0.0182775	0.0128202	0.152672	0.0309749	0.0311703	0.00299011	0.0629942
193	0.42523	0.0618778	0.00100758	0.00201963	0.0093787	0.017789	0.00408215	0.00799013	0.00357692	0.0130511	0.00209615	0.00491451	0.00163719	0.00120138	0.00224458	0.325376	0.0656047	0.0451809	0.00337587	0.00236588
