1013	20
1	0.0217658	0.0127792	0.000449753	0.00166498	0.0962415	0.00358722	0.00401078	0.146154	0.00291039	0.493933	0.0622302	0.00204894	0.00570633	0.00235877	0.00205961	0.00939908	0.0153464	0.106019	0.00570847	0.00562704
2	0.0464537	0.00489491	0.0445153	0.167643	0.00594493	0.0116368	0.0418538	0.0253216	0.152114	0.0276778	0.0273732	0.0302756	0.0165645	0.154062	0.0904737	0.0581406	0.0384565	0.0466146	0.0015181	0.00846513
3	0.319444	0.00690793	0.0440957	0.0847312	0.0104013	0.00878448	0.00716209	0.0118979	0.0114277	0.0143516	0.00918037	0.0111785	0.00620937	0.132753	0.009207	0.0285586	0.072297	0.200594	0.00311002	0.00770865
4	0.115721	0.0238827	0.102367	0.0294615	0.02251	0.264936	0.0309	0.00886994	0.012223	0.0139265	0.00536219	0.106177	0.00896938	0.0131779	0.0138718	0.182092	0.0246039	0.00849503	0.00175661	0.0106971
5	0.0467606	0.0122742	0.00762556	0.0283371	0.0015258	0.0177191	0.0212771	0.018758	0.298929	0.0361424	0.018657	0.0215956	0.0116889	0.0929645	0.249958	0.0602087	0.0281348	0.0109748	0.0114371	0.0050318
6	0.118795	0.0159221	0.0223384	0.0171114	0.0178753	0.0500161	0.0100998	0.00972731	0.0287094	0.0184592	0.00899836	0.0369091	0.130986	0.0141686	0.0187031	0.366316	0.0823284	0.0192066	0.00637489	0.0069552
7	0.0573215	0.00307854	0.0557864	0.0303014	0.00557154	0.016459	0.0187412	0.0077957	0.0746481	0.0399936	0.00902778	0.0125283	0.372433	0.0826712	0.0612883	0.0790197	0.0388779	0.0209781	0.00456096	0.00891788
8	0.0550435	0.00236681	0.219995	0.37668	0.00263769	0.0274903	0.0186708	0.0139175	0.0479968	0.0119588	0.00374132	0.0451214	0.0229847	0.0432808	0.0248532	0.0419809	0.0268983	0.0114633	0.000414067	0.00250434
9	0.0212856	0.00972406	0.00806595	0.0164119	0.0500106	0.0115571	0.00541409	0.0475937	0.0385741	0.426596	0.165541	0.00443125	0.00176271	0.0302364	0.00857862	0.00972283	0.0325164	0.0606845	0.00924616	0.0420472
10	0.0512631	0.00626363	0.00179664	0.00636922	0.0465576	0.0141153	0.00228515	0.256075	0.0134022	0.142845	0.0731044	0.00767359	0.00339514	0.0044509	0.00819978	0.0163487	0.0489517	0.273237	0.00224379	0.0214226
11	0.186519	0.0500562	0.00803334	0.0191447	0.0211482	0.254451	0.00562712	0.0185158	0.0130004	0.0177707	0.00942167	0.113498	0.00508002	0.0194489	0.0160809	0.21864	0.00886112	0.00847172	0.00219889	0.00403182
12	0.0129499	0.00345843	0.0060861	0.130721	0.0197964	0.00532497	0.004062	0.144409	0.10802	0.0128173	0.0242265	0.00686846	0.00284824	0.0214234	0.0518856	0.0098475	0.246567	0.180938	0.00184861	0.00590059
13	0.197772	0.0136021	0.0148814	0.0250076	0.0168536	0.0364266	0.0126179	0.0125703	0.027382	0.0244979	0.0105494	0.0191503	0.247393	0.0119816	0.015788	0.196086	0.0558632	0.0312146	0.0184047	0.0119582
14	0.0156897	0.0135278	0.00269604	0.00502115	0.0408027	0.00272238	0.00181249	0.242208	0.0060033	0.405006	0.116896	0.00342846	0.00407163	0.00361681	0.00232669	0.00750921	0.013653	0.10588	0.00358393	0.00354488
15	0.0199927	0.00123955	0.0814984	0.652796	0.00183821	0.005213	0.00875677	0.0055061	0.0309085	0.0173094	0.00948365	0.0102497	0.00211766	0.0629289	0.0286438	0.0187898	0.0104229	0.0188304	0.0111653	0.00230898
16	0.0265016	0.00929949	0.347484	0.355378	0.0014341	0.0116022	0.0265842	0.00820781	0.0325541	0.00834888	0.0120101	0.0518803	0.00556011	0.0246257	0.00870053	0.0348924	0.0139425	0.0098941	0.000437628	0.010662
17	0.00987077	0.0110655	0.000519565	0.00223863	0.0720304	0.00201279	0.00495471	0.110902	0.00298257	0.604865	0.0779294	0.00190653	0.0117384	0.00366132	0.00332882	0.00910171	0.00953879	0.0507396	0.00385956	0.00675462
18	0.0381421	0.00811652	0.392325	0.0549392	0.0106979	0.0271058	0.0174443	0.00651925	0.0263832	0.0122247	0.00629474	0.170885	0.00814786	0.0197808	0.0147963	0.133684	0.0343231	0.00977784	0.000909399	0.00750303
19	0.0318996	0.00400002	0.0455955	0.0458329	0.00425475	0.0124178	0.0116383	0.00812325	0.0800477	0.0277364	0.00291708	0.0211684	0.476044	0.035473	0.0458161	0.0901742	0.0181112	0.021146	0.0122102	0.00539332
20	0.0068158	0.00192553	0.000940276	0.000960107	0.294907	0.00787952	0.0245182	0.00705914	0.00154745	0.00788167	0.00588509	0.00361433	0.0032693	0.000976162	0.000905586	0.0110645	0.0101745	0.0108262	0.00381802	0.595032
21	0.0588518	0.0179231	0.0104234	0.0090622	0.138542	0.0213772	0.0794	0.064709	0.0160858	0.0518997	0.0197248	0.0223873	0.146842	0.0120261	0.0314002	0.0225516	0.020354	0.0492805	0.0123827	0.194777
22	0.0657002	0.0223986	0.00570405	0.00397013	0.0191496	0.0117381	0.00726508	0.101427	0.00701166	0.0518111	0.0350641	0.0114062	0.00344779	0.0145396	0.00422981	0.103894	0.428589	0.0972508	0.00125511	0.00414781
23	0.00577723	0.00583877	0.00321513	0.00140578	0.738453	0.00228159	0.0058747	0.0116308	0.00977277	0.0401028	0.00946582	0.00296311	0.00211721	0.00134346	0.00199309	0.00635103	0.00488945	0.016497	0.00321484	0.126812
24	0.0451044	0.0103646	0.000466719	0.00253291	0.0477573	0.012687	0.00204183	0.301076	0.00517517	0.153863	0.0694239	0.0021144	0.00267078	0.00373277	0.00320791	0.014378	0.0340171	0.284365	0.000655026	0.00436685
25	0.0360732	0.00967504	0.00097566	0.00205435	0.0309675	0.00693629	0.00307458	0.332073	0.00396589	0.121301	0.0373742	0.00317789	0.00236317	0.00298469	0.00424276	0.0128051	0.0271316	0.35867	0.00100299	0.00315125
26	0.0200036	0.011457	0.000422455	0.0012997	0.0542627	0.00345863	0.00258065	0.27325	0.00276749	0.352017	0.0521725	0.00527425	0.00182867	0.00150064	0.00129065	0.00646691	0.0155253	0.185999	0.00540615	0.00301708
27	0.0928466	0.00545547	0.106992	0.0495201	0.0123743	0.061465	0.0199116	0.0110303	0.0344319	0.0264142	0.0205094	0.160392	0.0121576	0.0412904	0.0148806	0.233616	0.076676	0.0128136	0.00127015	0.00595247
28	0.00411138	0.00344373	0.00494317	0.0242939	0.000991269	0.00465987	0.00237981	0.00174799	0.53631	0.00848779	0.00389125	0.0271704	0.00579235	0.047544	0.263486	0.0299431	0.0150804	0.0123898	0.00203122	0.00130244
29	0.0330464	0.0124873	0.0383463	0.0481468	0.00669491	0.0477021	0.0692085	0.00726896	0.150653	0.0223496	0.00781223	0.113247	0.00361459	0.0685954	0.193822	0.120404	0.0290062	0.0101027	0.00665625	0.010835
30	0.0187416	0.00986526	0.00768289	0.00920789	0.0448552	0.0353539	0.029908	0.0111965	0.188941	0.0179143	0.0272342	0.0505517	0.00854211	0.0262876	0.415688	0.0308445	0.0216924	0.0137024	0.00507823	0.0267123
31	0.0782562	0.00601112	0.0266142	0.00899734	0.0237405	0.00610138	0.00612194	0.0648633	0.0146485	0.086912	0.0149	0.0121127	0.00531241	0.0502474	0.0125922	0.0745326	0.342933	0.101408	0.00311749	0.0605775
32	0.0263464	0.00628232	0.00811247	0.0190419	0.0439534	0.00341616	0.0229307	0.160817	0.0266639	0.280755	0.0688751	0.00911069	0.0300278	0.0320023	0.0354198	0.0441288	0.0279344	0.134308	0.00956542	0.0103096
33	0.0166399	0.0153296	0.0236106	0.0110944	0.275137	0.005122	0.0916171	0.0104419	0.0163379	0.0335967	0.0200448	0.0497629	0.00534754	0.0153447	0.0135158	0.0330204	0.0130697	0.0143558	0.00931423	0.327297
34	0.0522666	0.00861705	0.0313482	0.0611101	0.00550442	0.0304591	0.0263235	0.0175665	0.133732	0.0252712	0.0164136	0.0449894	0.0186111	0.0527701	0.250541	0.114332	0.0778938	0.0178895	0.00345878	0.0109027
35	0.01568	0.0114653	0.0111712	0.00540223	0.379509	0.00849588	0.0499075	0.0177941	0.01244	0.03932	0.0120515	0.0197122	0.0064174	0.00708809	0.00727	0.0177112	0.0117202	0.0185746	0.0100312	0.338239
36	0.00729227	0.00204645	0.00864844	0.00261959	0.00275303	0.00861374	0.0571468	0.0030435	0.00371934	0.00348754	0.00525035	0.325167	0.00175647	0.0113392	0.00252358	0.447849	0.0870192	0.00366278	0.00699623	0.00906535
37	0.23767	0.0132344	0.0134126	0.0385916	0.008399	0.022263	0.00692171	0.021859	0.0668654	0.040055	0.0123988	0.0195475	0.0132175	0.0151362	0.0517757	0.219773	0.147742	0.0351275	0.00301046	0.013
38	0.109858	0.0154402	0.0757284	0.0750915	0.00961322	0.0357079	0.0321125	0.0160856	0.0682929	0.0179122	0.0113317	0.09859	0.0129449	0.0413337	0.0306237	0.190611	0.114813	0.0277549	0.00182724	0.0143281
39	0.0445895	0.00527982	0.0815636	0.0575073	0.00284587	0.00910692	0.0221208	0.00442986	0.159764	0.00965854	0.00362174	0.0542576	0.227721	0.0493014	0.0913707	0.130229	0.0210355	0.010247	0.0120718	0.003278
40	0.405971	0.0249164	0.0013291	0.00733985	0.00531472	0.0368113	0.00303536	0.0127149	0.00873243	0.00785773	0.0109922	0.00545075	0.0140282	0.00154286	0.00191274	0.393973	0.0324758	0.0232251	0.00148786	0.000888709
41	0.010078	0.0107345	0.000340266	0.00141783	0.079562	0.00167037	0.00587348	0.0717251	0.00181568	0.65324	0.0705418	0.00150121	0.00956562	0.00381332	0.00316787	0.00972089	0.00993336	0.045076	0.00412808	0.00609408
42	0.0438319	0.0472147	0.00267464	0.007555	0.267921	0.0304106	0.0219987	0.0750166	0.0180495	0.102788	0.0209855	0.0114896	0.0149104	0.00701761	0.00519768	0.0187316	0.0228027	0.0470713	0.0546295	0.179703
43	0.0261934	0.0205111	0.000235929	0.00112204	0.0801827	0.00426958	0.000940946	0.234693	0.0031561	0.353391	0.0654157	0.00212667	0.00175047	0.00200512	0.000776754	0.00865351	0.0207875	0.163603	0.00564383	0.00454139
44	0.0218407	0.00706099	0.00510226	0.0027314	0.433841	0.00186144	0.00554001	0.0517047	0.00222979	0.358965	0.0454709	0.0028093	0.00219795	0.00123839	0.00135666	0.014371	0.00682155	0.0181855	0.00435263	0.012319
45	0.011273	0.00542472	0.0836198	0.0415919	0.00502606	0.0977237	0.0173054	0.00259641	0.0175517	0.015084	0.0140804	0.0516735	0.0474601	0.0261213	0.00213248	0.348758	0.201471	0.00767969	0.00137436	0.00205172
46	0.135392	0.00342104	0.00453228	0.00354815	0.0121655	0.00601718	0.0248247	0.010028	0.00690995	0.00971786	0.00473311	0.00499994	0.618597	0.0149968	0.0224827	0.0372189	0.0159885	0.0314955	0.00223895	0.0306916
47	0.0290742	0.0472381	0.00662716	0.0624762	0.174795	0.0107572	0.00897067	0.0417541	0.0397224	0.215502	0.027966	0.0309604	0.00767875	0.0113982	0.0133721	0.0393244	0.0424824	0.0686072	0.095251	0.0260425
48	0.00413558	0.00370573	0.0115668	0.0027558	0.00386273	0.00926509	0.0792647	0.00450249	0.0211552	0.00184536	0.00285513	0.699706	0.00367397	0.00535079	0.00489438	0.0917741	0.0252278	0.0100628	0.000714075	0.0136809
49	0.00847756	0.0310217	0.00382058	0.00398037	0.0432716	0.00424448	0.00306594	0.0896925	0.00551587	0.136644	0.0303912	0.00526458	0.465624	0.00460279	0.0499948	0.0656423	0.00739295	0.034663	0.00154518	0.00514401
50	0.0181602	0.00905622	0.000506588	0.00261734	0.0397253	0.00285425	0.0010034	0.43406	0.00203363	0.185014	0.0454587	0.00228944	0.00146758	0.00110304	0.000876149	0.0077037	0.012311	0.229351	0.00150318	0.00290526
51	0.0236971	0.0071775	0.00860588	0.0249361	0.00855412	0.0207608	0.0274958	0.0150774	0.167957	0.0248811	0.0203111	0.0314816	0.00717795	0.065645	0.457537	0.0342459	0.0280806	0.0136633	0.00418809	0.00852688
52	0.022007	0.00648903	0.00568804	0.0171032	0.00682983	0.0191836	0.0220721	0.0126104	0.16513	0.0187586	0.0170177	0.0292791	0.00599429	0.0512091	0.519028	0.0320916	0.0285726	0.0086858	0.00407114	0.00817897
53	0.0674794	0.00750892	0.000246499	0.00305232	0.0563921	0.0231239	0.00309709	0.209	0.00718604	0.165524	0.0942509	0.00173829	0.00455271	0.00608317	0.00499202	0.0145071	0.0549516	0.268581	0.000356174	0.00737673
54	0.402203	0.0269833	0.00124435	0.00593668	0.00624409	0.0351451	0.00288255	0.0113687	0.00785522	0.00893061	0.0118087	0.00424978	0.0141318	0.000911462	0.00173504	0.390212	0.0397827	0.025736	0.00183172	0.000807734
55	0.0134189	0.00656267	0.000535717	0.00275319	0.0305486	0.00205775	0.000515448	0.517314	0.00228411	0.109984	0.0410579	0.00146188	0.00185792	0.000815564	0.000802577	0.00791519	0.0110193	0.244996	0.000495887	0.00360413
56	0.0190633	0.00987371	0.00644229	0.0089747	0.0166595	0.0311859	0.0326193	0.0119797	0.196368	0.0194043	0.0143324	0.0444318	0.00664986	0.0271239	0.465999	0.0231102	0.0236794	0.0166932	0.00488614	0.0205236
57	0.0136417	0.0060366	0.00056584	0.00288429	0.0294569	0.00197442	0.000533174	0.519142	0.00259379	0.107841	0.0408648	0.00171144	0.00186189	0.000854438	0.000974178	0.00765873	0.0112809	0.245178	0.000618237	0.00432764
58	0.148146	0.0425321	0.000990978	0.00296369	0.111572	0.0567156	0.0016965	0.139423	0.00541116	0.103851	0.0449926	0.0028768	0.00610703	0.00359612	0.00139595	0.0836282	0.115423	0.126127	0.0011758	0.00137541
59	0.0479449	0.0134519	0.00197881	0.0159511	0.039296	0.0107837	0.00401843	0.206877	0.00775503	0.163281	0.0703917	0.00385497	0.0367243	0.00602576	0.00624654	0.0246375	0.130009	0.196612	0.00127144	0.0128894
60	0.184227	0.0142292	0.00242565	0.00260658	0.0174799	0.0164044	0.00346952	0.117791	0.00354068	0.0316005	0.0415742	0.00565781	0.00312938	0.00915677	0.00901267	0.0563047	0.369014	0.107412	0.00110653	0.0038572
61	0.021614	0.0104974	0.000606004	0.00224091	0.0612857	0.00431533	0.00109081	0.400473	0.00264979	0.186376	0.0481291	0.00201677	0.00173403	0.0013827	0.00126573	0.00872521	0.0163297	0.223879	0.00180561	0.00358381
62	0.0105013	0.0102183	0.000619229	0.00180392	0.0778461	0.0021355	0.00594656	0.0979421	0.00333318	0.611086	0.0722352	0.00205496	0.00910124	0.00455189	0.00536969	0.00992602	0.0122422	0.0530731	0.00390533	0.00610856
63	0.122354	0.0351888	0.00133011	0.001194	0.0523306	0.0317239	0.00231317	0.221356	0.00162788	0.0605839	0.0311833	0.0017667	0.0028214	0.0102887	0.00127073	0.0750294	0.156113	0.188055	0.00170817	0.00176133
64	0.0230138	0.00680807	0.0451606	0.0228393	0.0199426	0.0341164	0.0344314	0.00762416	0.0675964	0.00787501	0.00768124	0.434135	0.0103183	0.0283331	0.0285812	0.168392	0.0256694	0.0109514	0.00127883	0.0152517
65	0.0194367	0.00120404	0.0782314	0.652012	0.00171416	0.00518945	0.00958183	0.00553414	0.0330857	0.01729	0.00979001	0.0104457	0.00187449	0.0634719	0.0296396	0.0184964	0.0105205	0.0190163	0.0111699	0.0022952
66	0.0359309	0.0313519	0.0153908	0.01161	0.204111	0.0148611	0.0596678	0.0464569	0.0268569	0.0810499	0.0229293	0.0368557	0.0124657	0.0097967	0.016667	0.022709	0.023298	0.0361721	0.0199765	0.271843
67	0.0648708	0.0101114	0.00111459	0.00451495	0.0426099	0.0139054	0.00242691	0.226083	0.00698253	0.123843	0.056768	0.00286855	0.0257797	0.0055553	0.00492397	0.021431	0.102148	0.273521	0.000652881	0.00988937
68	0.00464971	0.0052185	0.00318115	0.00126335	0.762707	0.0011038	0.0048367	0.0116499	0.00879824	0.0475358	0.00996802	0.00226542	0.00141986	0.000882583	0.00113083	0.00603347	0.0040285	0.0146666	0.00201422	0.106646
69	0.0616871	0.0107209	0.0038796	0.00223829	0.0069109	0.00659928	0.00693748	0.0631133	0.00474203	0.0679895	0.039543	0.0189591	0.00361967	0.00811149	0.00342848	0.0882172	0.553453	0.0452646	0.000996714	0.00358877
70	0.488325	0.00975112	0.00253374	0.00558872	0.00915333	0.201518	0.00473265	0.0145805	0.00459699	0.00502007	0.00489765	0.00329298	0.00509587	0.00216164	0.00578001	0.100701	0.0858892	0.0404794	0.00148762	0.0044144
71	0.0222128	0.0105668	0.00109848	0.00306201	0.0498517	0.00429234	0.00203934	0.32239	0.00388657	0.273578	0.0687291	0.00298971	0.00308899	0.0029337	0.00242876	0.00868534	0.0174293	0.193475	0.00333847	0.00392369
72	0.0076651	0.00348066	0.00200351	0.00117613	0.344619	0.00711123	0.0220308	0.00885055	0.00358979	0.0142339	0.00650296	0.00449469	0.0032838	0.00132152	0.00151676	0.0106518	0.00930682	0.0115967	0.00526845	0.531296
73	0.0572939	0.0112872	0.00381702	0.00145093	0.00585282	0.0050202	0.00672948	0.0612208	0.00277235	0.0545043	0.0375988	0.0110257	0.00277371	0.00736553	0.00242238	0.0984335	0.578145	0.0492811	0.000506011	0.00249907
74	0.121531	0.058165	0.000794103	0.00387182	0.122669	0.0487998	0.00157659	0.133307	0.00445618	0.130929	0.0637026	0.00424744	0.00519503	0.00317076	0.00227993	0.0419295	0.0593955	0.185331	0.00435734	0.00429185
75	0.027774	0.00231711	0.102969	0.596896	0.00234272	0.00988594	0.0108213	0.00886151	0.0372198	0.0172907	0.00865579	0.0179053	0.00517681	0.0533139	0.0262757	0.0278574	0.0157238	0.0173288	0.00834391	0.00303996
76	0.183956	0.0669238	0.00107157	0.00386198	0.12262	0.067481	0.00259412	0.0973257	0.00444176	0.0908174	0.0832364	0.00343058	0.0077159	0.00297741	0.00221691	0.0616545	0.0763856	0.114686	0.00329412	0.00330922
77	0.0554703	0.0138175	0.000248047	0.00257131	0.067324	0.0158049	0.00245945	0.211272	0.00517796	0.222799	0.0831607	0.00192421	0.00354444	0.00480616	0.00368049	0.0137774	0.0473596	0.236864	0.0017619	0.00617515
78	0.0244376	0.0135304	0.000834296	0.000848425	0.00530194	0.00210057	0.000781215	0.250537	0.0116649	0.046484	0.0188953	0.00167447	0.00233745	0.00280741	0.00575389	0.0146901	0.0864973	0.506366	0.000273234	0.004185
79	0.0109036	0.00442742	0.00760902	0.0292345	0.00257847	0.00762498	0.00718316	0.00614869	0.501261	0.012372	0.00845643	0.0258435	0.00920373	0.0509777	0.237085	0.0348387	0.0233646	0.0148873	0.00289332	0.00310711
80	0.0135939	0.00618436	0.000536383	0.00254708	0.0282318	0.00198756	0.000533832	0.517812	0.00240371	0.104587	0.0404726	0.00141239	0.00194852	0.000894972	0.000759259	0.00783623	0.0113174	0.252712	0.000528415	0.00370089
81	0.0287167	0.0200046	0.000352117	0.00138376	0.0921762	0.00495021	0.00104978	0.238849	0.00288906	0.322933	0.0644987	0.00199436	0.00191128	0.00222367	0.00108008	0.00911883	0.0252031	0.171418	0.00459242	0.00465519
82	0.470511	0.0220859	0.00142069	0.00653812	0.0055967	0.0375669	0.00276757	0.0117407	0.0111754	0.00685954	0.0101907	0.00354088	0.0104005	0.00107623	0.00353838	0.339983	0.031823	0.0207087	0.00147403	0.00100227
83	0.0291581	0.00669932	0.00929667	0.0248419	0.00546374	0.0184964	0.0215803	0.0166965	0.207472	0.0247225	0.0258066	0.0282204	0.00816312	0.0524116	0.398532	0.0495612	0.0435897	0.0157359	0.00495456	0.00859756
84	0.0920788	0.00947609	0.0437076	0.021724	0.0116665	0.567159	0.00911008	0.00538922	0.0123645	0.011971	0.00373814	0.0616371	0.0109072	0.0125801	0.0146731	0.0621602	0.0226017	0.0115983	0.00239879	0.0130584
85	0.0157502	0.00882411	0.00402728	0.0024368	0.499099	0.00187549	0.00637715	0.0669679	0.00393128	0.266826	0.0297474	0.00227603	0.00427366	0.00196126	0.0018257	0.010385	0.00696135	0.0419041	0.00344456	0.0211052
86	0.0803432	0.0414055	0.00084686	0.00166262	0.0737626	0.0242524	0.00196854	0.224059	0.00288417	0.0919655	0.0342476	0.00534051	0.00127381	0.00401107	0.00176603	0.0469897	0.0756795	0.280983	0.00443545	0.00212278
87	0.0251214	0.0164106	0.000265491	0.000967748	0.0770238	0.00377471	0.001288	0.238518	0.00357557	0.365752	0.0589585	0.00256676	0.00197921	0.00135854	0.000824862	0.00681915	0.0177186	0.166702	0.00666166	0.00371436
88	0.0609882	0.016247	0.248529	0.0588579	0.00778808	0.108394	0.170321	0.00533785	0.0837246	0.00645828	0.025007	0.0814672	0.00288897	0.0193189	0.0177402	0.0267671	0.0317881	0.0191513	0.00128404	0.00794088
89	0.0495447	0.00607935	0.109968	0.0728628	0.00387054	0.0196138	0.0246184	0.005808	0.130004	0.0143621	0.00521037	0.052694	0.192761	0.0530228	0.0744665	0.130938	0.0368206	0.00851499	0.00657958	0.00225916
90	0.0222811	0.0190219	0.0195589	0.00798573	0.26182	0.0064379	0.0919817	0.0196162	0.0221919	0.057476	0.014783	0.0337264	0.00869347	0.0100073	0.0137093	0.0226773	0.0217883	0.0210015	0.0108719	0.31437
91	0.342146	0.0272384	0.00220148	0.00684995	0.0061943	0.0344693	0.00401565	0.0120625	0.00883675	0.00834978	0.0140222	0.00976411	0.0151721	0.00220445	0.00315435	0.388028	0.0822985	0.028477	0.00214652	0.00236906
92	0.00642778	0.00114532	0.00103378	0.000836832	0.28647	0.00676109	0.0212767	0.0074816	0.0018208	0.00863939	0.00551583	0.00307225	0.00309887	0.00086989	0.00102644	0.00884898	0.00906299	0.0105436	0.00547443	0.610593
93	0.0154477	0.00614068	0.00838592	0.00692338	0.0384382	0.00496888	0.00300159	0.0948613	0.0151837	0.510024	0.181406	0.00416552	0.00349557	0.012839	0.00769712	0.00865346	0.0242311	0.0409074	0.00304378	0.0101858
94	0.0201267	0.00968438	0.00727358	0.0138422	0.0100481	0.0355451	0.0325462	0.00973123	0.221572	0.0190496	0.0128372	0.0415196	0.00713369	0.039304	0.430784	0.0314779	0.0229371	0.0133691	0.00877336	0.012445
95	0.0185595	0.00668795	0.563378	0.0610404	0.00679172	0.0143376	0.0100071	0.00408984	0.0176169	0.00846904	0.00315673	0.148673	0.00683376	0.0135698	0.0128457	0.0680976	0.0238577	0.00696247	0.000776568	0.00424872
96	0.176034	0.00889344	0.0129094	0.00634288	0.024964	0.0818679	0.00702774	0.0402052	0.0441221	0.108961	0.0457707	0.0187201	0.13365	0.0160183	0.00978974	0.0892614	0.104232	0.0466935	0.01014	0.0143981
97	0.00395033	0.00635598	0.00150176	0.00187379	0.0139628	0.0142472	0.00160137	0.00316754	0.0037381	0.00375243	0.0120376	0.00263499	0.00611448	0.00764497	0.00388283	0.00787673	0.0119041	0.00924732	0.880867	0.00363816
98	0.0084643	0.00502651	0.0198377	0.0056638	0.00635125	0.0153766	0.0614526	0.00562346	0.025961	0.00347992	0.00424198	0.652455	0.00660136	0.0119025	0.00887868	0.104203	0.0289435	0.0107861	0.000968421	0.0137823
99	0.0325373	0.0201886	0.00691133	0.0132102	0.0479412	0.00910004	0.0132081	0.148576	0.0210319	0.19377	0.0486561	0.0116281	0.0184508	0.0195857	0.0351708	0.0329705	0.027761	0.164899	0.118429	0.015974
100	0.0147787	0.00980264	0.0020917	0.00473481	0.0689716	0.00391436	0.00753295	0.0997341	0.00797654	0.546431	0.0844636	0.00350851	0.0227047	0.00848709	0.00969226	0.0170301	0.0153093	0.061199	0.0046256	0.00701134
101	0.0138544	0.00459741	0.672908	0.0664859	0.006657	0.0101971	0.00789623	0.00341434	0.0150849	0.00664772	0.00331335	0.0862645	0.00836774	0.0110088	0.0151614	0.0372161	0.017859	0.00759024	0.00063996	0.00483558
102	0.103178	0.0334605	0.00233841	0.00546792	0.159677	0.0450418	0.00438046	0.150119	0.00629019	0.107785	0.0418901	0.00724615	0.00688484	0.00561854	0.00391398	0.0623473	0.0751077	0.165196	0.00559238	0.00846463
103	0.0754331	0.0361195	0.000767646	0.00105413	0.0665142	0.024884	0.00338603	0.231147	0.00148738	0.0738058	0.0485612	0.0011135	0.000971991	0.00622474	0.00106588	0.0916289	0.142853	0.19008	0.0017003	0.00120208
104	0.0250598	0.00935882	0.00107415	0.00236811	0.0293829	0.00479422	0.0010653	0.368814	0.00482666	0.0951825	0.0353236	0.00265156	0.00220131	0.0019004	0.00326374	0.0121534	0.0341535	0.361684	0.000697839	0.00404453
105	0.0330393	0.0106736	0.000983654	0.00300398	0.0514337	0.00809595	0.00221127	0.296662	0.00550657	0.21873	0.0623181	0.00305531	0.00368031	0.00359715	0.0036822	0.0117009	0.03086	0.242331	0.00237799	0.00605667
106	0.0753267	0.036689	0.00077867	0.000990392	0.0668041	0.0247493	0.00332282	0.23121	0.00136981	0.0715282	0.0477783	0.00111062	0.000896696	0.00619567	0.000973135	0.0936744	0.145534	0.188272	0.00174043	0.00105536
107	0.037138	0.011842	0.000502264	0.00272689	0.0603809	0.00769216	0.00173696	0.272705	0.00354753	0.261278	0.0603336	0.00279404	0.00200147	0.00243362	0.00229904	0.00913766	0.0268837	0.228083	0.00290966	0.00357491
108	0.166769	0.0131185	0.0173377	0.00735739	0.0287216	0.07644	0.0059327	0.0930779	0.0357436	0.0909107	0.039461	0.0269221	0.0476168	0.0170711	0.00847716	0.105188	0.123603	0.0694746	0.0124887	0.0142886
109	0.066139	0.0175854	0.0242425	0.048711	0.0266409	0.0201319	0.0248083	0.108811	0.059238	0.137652	0.057672	0.0210803	0.0286629	0.0485634	0.0456114	0.0701757	0.0433507	0.123303	0.00679821	0.0208232
110	0.0786585	0.0241225	0.043645	0.108691	0.127978	0.0118451	0.0134802	0.134681	0.038143	0.15048	0.0236456	0.0166128	0.00525282	0.0399437	0.0159053	0.0124944	0.0415631	0.0719603	0.00399391	0.0369045
111	0.0333553	0.00611076	0.00586207	0.0136702	0.0465381	0.00645977	0.018686	0.168559	0.0207728	0.246896	0.0737033	0.00661596	0.0283007	0.024414	0.0300664	0.0409895	0.0388924	0.17426	0.00759628	0.00825072
112	0.0943907	0.00876737	0.0781257	0.0662985	0.0123738	0.113205	0.0105179	0.0187537	0.0739438	0.0183932	0.0146729	0.0644249	0.0688506	0.0277463	0.055334	0.164795	0.0869726	0.0154095	0.0023067	0.00471776
113	0.0183541	0.00598704	0.0322477	0.0116212	0.0217174	0.0443214	0.0145125	0.00431578	0.0518373	0.00487381	0.00771097	0.447464	0.00758989	0.0332271	0.0255388	0.236551	0.0110679	0.0050582	0.000419517	0.0155839
114	0.0296117	0.0149009	0.000311923	0.00126395	0.0800404	0.00525618	0.00147481	0.237254	0.00354131	0.335143	0.0605277	0.00270755	0.00295878	0.00175411	0.00129653	0.007364	0.0205817	0.184919	0.0053024	0.00379013
115	0.130098	0.0103322	0.0292595	0.017804	0.0149252	0.0566756	0.00968362	0.0132363	0.0271985	0.0433726	0.013885	0.0369318	0.104092	0.0275609	0.0153967	0.314927	0.099937	0.0205394	0.00763341	0.0065114
116	0.146235	0.0177363	0.00440635	0.0237745	0.112668	0.0873129	0.00410141	0.0447901	0.00808762	0.0420086	0.0582414	0.0081538	0.0264042	0.0051128	0.0071389	0.048262	0.108293	0.238088	0.00230705	0.00687841
117	0.0235173	0.0114578	0.00176447	0.00396302	0.071383	0.0053808	0.00441683	0.152302	0.00650051	0.475167	0.0790418	0.00364343	0.00731314	0.00609091	0.00469936	0.0114291	0.0183361	0.101914	0.00433874	0.00734083
118	0.0256129	0.00884412	0.00678799	0.0176669	0.00692343	0.0266274	0.0270614	0.0126698	0.234603	0.0228663	0.0195388	0.0293092	0.0108425	0.056588	0.399504	0.0415625	0.0261591	0.010725	0.00720074	0.00890736
119	0.199328	0.00846079	0.00243821	0.00265204	0.00902661	0.0106517	0.00385263	0.0860061	0.00335753	0.0240828	0.0539455	0.00651743	0.00287061	0.0093275	0.0132628	0.0529243	0.436355	0.0717164	0.000920145	0.00230374
120	0.03846	0.0144748	0.00152736	0.00316426	0.1537	0.00730369	0.0022856	0.226731	0.00421498	0.28541	0.0520959	0.00267727	0.00331649	0.00208888	0.00176418	0.0112584	0.021325	0.155167	0.00537698	0.00765823
121	0.0357524	0.00928007	0.0145551	0.0258242	0.0110767	0.0242027	0.020686	0.0242376	0.123884	0.0317767	0.0384782	0.0324022	0.0123861	0.044508	0.354845	0.0768041	0.074939	0.024174	0.00632737	0.0138608
122	0.0499261	0.0159177	0.0010069	0.00224844	0.0300364	0.0103838	0.00154794	0.250544	0.00839301	0.0777779	0.0332269	0.00284496	0.00298363	0.00411828	0.00475417	0.0230427	0.0835329	0.392647	0.000700164	0.00436678
123	0.014375	0.00669402	0.0020748	0.00148241	0.181817	0.00143872	0.00539077	0.0517311	0.00214485	0.588034	0.0706365	0.0021158	0.00554094	0.00234962	0.00249543	0.0129508	0.00970428	0.0287861	0.00309207	0.00714584
124	0.0167899	0.00845267	0.00318699	0.00256965	0.301009	0.00203923	0.00604695	0.0603272	0.0034596	0.450303	0.056217	0.00289561	0.00453815	0.00237297	0.00224341	0.0123824	0.00941366	0.0320317	0.00504243	0.0186787
125	0.00931317	0.00411041	0.0056789	0.0251651	0.00220213	0.00841498	0.00789184	0.004656	0.466406	0.0120896	0.0080774	0.0297354	0.00613181	0.0514335	0.285585	0.0299235	0.0190916	0.016545	0.00297659	0.00457228
126	0.225567	0.00751829	0.00310225	0.00420217	0.00946938	0.0121664	0.00377075	0.0924024	0.00627156	0.0216244	0.0540223	0.00686962	0.00376636	0.0132971	0.0185306	0.0429365	0.394759	0.0752243	0.00133455	0.00316548
127	0.0521071	0.00755323	0.000371502	0.00286307	0.0490947	0.0175887	0.00230699	0.289625	0.00550743	0.146965	0.0784731	0.00172536	0.00473157	0.00434874	0.00376107	0.0127484	0.0433643	0.270258	0.000421072	0.00618523
128	0.213934	0.0199865	0.0123719	0.0160578	0.0143511	0.0437006	0.00929793	0.0171578	0.0253545	0.0223848	0.016262	0.0225243	0.0678296	0.0113296	0.0161178	0.279566	0.144793	0.031557	0.00772589	0.00769709
129	0.0485848	0.0091493	0.00104208	0.00238908	0.0294495	0.009371	0.00213189	0.28116	0.00644141	0.111434	0.046577	0.00337692	0.00272408	0.00430643	0.00770644	0.0134371	0.0398977	0.375031	0.00090213	0.00488856
130	0.0303827	0.0121967	0.00107655	0.00255269	0.0498633	0.00688799	0.00132213	0.346177	0.00371656	0.164372	0.0373118	0.00618676	0.00159725	0.00149547	0.00268801	0.0118056	0.0207116	0.293653	0.00189422	0.00410968
131	0.0469963	0.00301544	0.0594691	0.0636035	0.00597227	0.0163497	0.0375785	0.0100056	0.113063	0.0237875	0.00848445	0.0175668	0.269838	0.0845465	0.0679039	0.0915478	0.0540816	0.01652	0.0050783	0.00459243
132	0.0248953	0.00745671	0.00567769	0.00909955	0.0530791	0.00908275	0.00600107	0.104052	0.0289764	0.393048	0.169793	0.00623363	0.00776164	0.020576	0.013455	0.0156075	0.0381981	0.0668247	0.00481725	0.0153648
133	0.00761898	0.00485766	0.00447544	0.0195314	0.00347525	0.0118041	0.0113576	0.00465304	0.410826	0.0125754	0.00785655	0.0295824	0.00565132	0.0499599	0.352925	0.0269246	0.0171959	0.0121263	0.00269974	0.00390341
134	0.158319	0.014468	0.0133553	0.0107222	0.0339648	0.0606352	0.00591086	0.0942967	0.0531586	0.0796902	0.0427922	0.0167449	0.0422145	0.0140771	0.017019	0.0958331	0.125657	0.0989482	0.00961521	0.0125777
135	0.0273961	0.00903219	0.00856959	0.00812555	0.0299185	0.00681443	0.0052791	0.183621	0.0139645	0.237832	0.235102	0.00901608	0.00687713	0.0204617	0.0123125	0.0155654	0.0652847	0.0948607	0.00321929	0.00674689
136	0.0176436	0.00718542	0.000903208	0.0026652	0.0289513	0.0027763	0.000859085	0.453355	0.00368786	0.119071	0.0425138	0.00222816	0.00196065	0.00153926	0.00215606	0.00854256	0.0183939	0.280255	0.000958159	0.00435445
137	0.121667	0.016649	0.0157184	0.0305973	0.016123	0.224081	0.00679716	0.00980525	0.0479133	0.00964204	0.0219846	0.146029	0.00757233	0.021255	0.0436989	0.217043	0.0244638	0.0104027	0.00225211	0.00630547
138	0.310783	0.0180346	0.00379414	0.00674329	0.00863863	0.0169626	0.00547207	0.0174236	0.010417	0.0118956	0.0163355	0.0140339	0.00838977	0.00521499	0.00699068	0.230475	0.247933	0.0502849	0.00180359	0.00837391
139	0.0173992	0.0122454	0.000533736	0.00180787	0.0750633	0.00320999	0.00473314	0.142394	0.00292176	0.520737	0.0672247	0.00230506	0.00696779	0.00382898	0.00332422	0.00958761	0.0149235	0.101331	0.00416317	0.00529927
140	0.0276788	0.016785	0.00031126	0.00115617	0.0827005	0.00480389	0.00110005	0.245916	0.00316725	0.335445	0.0615835	0.00226993	0.00203249	0.00166452	0.000990289	0.00769704	0.0202038	0.175395	0.00502718	0.00407293
141	0.0499863	0.00613419	0.0299078	0.0904778	0.00239158	0.00705013	0.0420352	0.0176454	0.193207	0.0354315	0.0265569	0.0398824	0.00933094	0.135765	0.187091	0.0485312	0.0300879	0.0349163	0.00287202	0.0106991
142	0.388664	0.0264891	0.00134319	0.00622687	0.00516973	0.0347352	0.00319798	0.0115869	0.00763058	0.00856102	0.0110955	0.00430524	0.016116	0.000950853	0.00159187	0.406719	0.0370237	0.0256364	0.0021382	0.000818568
143	0.0623362	0.0102602	0.000270322	0.00279295	0.0634947	0.0198636	0.00268898	0.210057	0.0063088	0.192893	0.0880354	0.00182527	0.00411131	0.00522676	0.00427192	0.0143457	0.0509107	0.2526	0.00109077	0.00661691
144	0.016739	0.00862044	0.0058279	0.0094184	0.0104214	0.0292065	0.0331348	0.0110755	0.223902	0.0191215	0.0157072	0.0375096	0.00786046	0.0336014	0.459817	0.0252251	0.0219384	0.0118159	0.00553203	0.0135251
145	0.051416	0.00846471	0.00429039	0.0134889	0.0261601	0.00365154	0.0144973	0.100565	0.0904646	0.129757	0.150278	0.0961684	0.00714816	0.130587	0.0925064	0.0458142	0.01333	0.0116954	0.00172102	0.00799671
146	0.0141072	0.00995481	0.00124499	0.00178325	0.115871	0.00243921	0.0048309	0.0884779	0.00392688	0.572896	0.0844479	0.00218996	0.00721984	0.00381171	0.00354171	0.0100685	0.0122759	0.0503305	0.00444632	0.00613486
147	0.163383	0.0136269	0.0169801	0.00984863	0.0301416	0.0734349	0.00750219	0.0652355	0.0540206	0.0783297	0.0447758	0.0223491	0.0467055	0.0127919	0.0144729	0.123787	0.132035	0.0596859	0.0162324	0.0146613
148	0.00916745	0.01128	0.497172	0.0470045	0.00492422	0.011516	0.0106257	0.0014443	0.021346	0.0113126	0.00123001	0.263598	0.000759864	0.0185615	0.00859201	0.0403565	0.0315026	0.00510379	0.000492229	0.00401029
149	0.467437	0.0239977	0.0070741	0.013949	0.0164975	0.0327132	0.00491448	0.0276846	0.0104955	0.0200356	0.0115534	0.0113421	0.0101994	0.0123352	0.01216	0.0969234	0.0688147	0.139998	0.00391489	0.00796057
150	0.0301365	0.00867206	0.00498678	0.00266232	0.0417458	0.00748278	0.00197812	0.225886	0.00566534	0.170592	0.251322	0.00547527	0.00254357	0.00947501	0.0058639	0.0102654	0.0757869	0.134283	0.000858543	0.00431908
151	0.0481432	0.0160532	0.000548225	0.0022611	0.0515539	0.0126478	0.00181154	0.308271	0.00396595	0.15482	0.058876	0.00302859	0.0021968	0.00321286	0.00248698	0.0157782	0.0292951	0.280432	0.00100145	0.00361638
152	0.0141575	0.00954805	0.00136516	0.00205939	0.109095	0.00273264	0.00523019	0.0749097	0.00445891	0.601807	0.0758695	0.00210234	0.00731723	0.0040805	0.00389893	0.0103525	0.0116926	0.047048	0.00433818	0.00793654
153	0.06951	0.0196046	0.00377673	0.00169782	0.0154986	0.00993687	0.00576941	0.0730626	0.00335625	0.0545188	0.0437439	0.00946074	0.00334173	0.00708964	0.0027375	0.0982776	0.51533	0.0594132	0.00129731	0.00257696
154	0.0276389	0.0174969	0.000256492	0.00112784	0.0764426	0.0046976	0.00113545	0.237784	0.00323582	0.341736	0.0628101	0.00251698	0.00216516	0.00174095	0.000822594	0.00777678	0.0205086	0.180909	0.00512761	0.00407017
155	0.0113337	0.00683316	0.0036298	0.002033	0.686673	0.00205063	0.00488062	0.0300529	0.00693677	0.115675	0.0152067	0.0020549	0.00273576	0.00112362	0.00133652	0.00899835	0.0057884	0.0250785	0.00331393	0.0642641
156	0.168927	0.0734789	0.000996978	0.00414208	0.13905	0.0674024	0.00165919	0.102841	0.00381933	0.0886947	0.0593429	0.00211461	0.00706475	0.00256714	0.00169774	0.0652896	0.0808777	0.123492	0.00360851	0.00293438
157	0.0173506	0.010924	0.000803511	0.00230805	0.0871755	0.00371761	0.00469921	0.116111	0.00488817	0.531947	0.0824773	0.00203538	0.00744457	0.0049587	0.00390564	0.0099558	0.0158961	0.081444	0.00503086	0.00692762
158	0.289341	0.0473357	0.00183501	0.00742631	0.00885336	0.0322411	0.00545527	0.0254564	0.0112739	0.00770415	0.0322367	0.0177805	0.0115939	0.00374517	0.00319395	0.359474	0.0978728	0.0336505	0.00178934	0.0017417
159	0.016035	0.00623103	0.000806318	0.00225513	0.0241475	0.0022268	0.000793182	0.471852	0.00310388	0.0951385	0.0372687	0.00163354	0.00229007	0.00132799	0.00157833	0.00852334	0.0176838	0.302816	0.000552982	0.00373632
160	0.0201467	0.0128919	0.00140184	0.00231906	0.17158	0.00318703	0.00403605	0.167028	0.00377656	0.404703	0.0593463	0.00286811	0.00519037	0.00278396	0.00283546	0.0110321	0.0133676	0.0983755	0.00561956	0.00751157
161	0.356366	0.0244095	0.00518301	0.00988459	0.00686797	0.0553996	0.0042711	0.0121782	0.0112076	0.0087584	0.0113081	0.0136804	0.0160994	0.00315887	0.00460701	0.38721	0.0434251	0.0223023	0.00184951	0.0018335
162	0.0194637	0.00939123	0.00161442	0.00335552	0.0412308	0.00378822	0.00147563	0.377467	0.00368985	0.219107	0.0753794	0.0025121	0.00271213	0.0028319	0.00249098	0.0100064	0.0174323	0.200347	0.00207171	0.00363234
163	0.016346	0.00805578	0.000624344	0.00282615	0.0431098	0.00318066	0.000587317	0.4741	0.00216869	0.131622	0.0441937	0.00157439	0.00173613	0.000940989	0.0010323	0.00856809	0.0131139	0.242488	0.000623938	0.00310807
164	0.411796	0.00266786	0.00226261	0.00837442	0.00440308	0.441503	0.00854591	0.0095348	0.00210685	0.00320302	0.00181913	0.00173019	0.00846623	0.00138271	0.00362788	0.0513258	0.015913	0.0191675	0.000636129	0.00153356
165	0.0191452	0.00906079	0.00683761	0.0131147	0.0531684	0.00985712	0.00500705	0.0557678	0.0316001	0.445943	0.163574	0.00390192	0.00349705	0.0291759	0.00817189	0.00989374	0.0288936	0.0586023	0.00839868	0.0363894
166	0.0634294	0.0104308	0.0629899	0.11488	0.0103245	0.0789541	0.0354085	0.0223103	0.0712669	0.0525339	0.0275153	0.0982041	0.0168185	0.10128	0.0456451	0.0949313	0.0507148	0.025549	0.00257617	0.0142377
167	0.0114918	0.0105523	0.000352173	0.0013959	0.0794608	0.00190419	0.00551849	0.0848006	0.00212874	0.631703	0.0697969	0.00166861	0.00890855	0.00344658	0.00288007	0.00915344	0.0105265	0.0539846	0.00464481	0.00568151
168	0.0124013	0.00788483	0.00637093	0.00374889	0.405951	0.00827656	0.023621	0.00924697	0.00667093	0.0201107	0.00812896	0.00899954	0.00353784	0.0023013	0.00355471	0.0136445	0.00933726	0.0125191	0.00791083	0.425783
169	0.0349115	0.0228507	0.0347167	0.0535819	0.0126137	0.00393593	0.0637238	0.103122	0.0561181	0.0378458	0.010279	0.144617	0.00387109	0.0526532	0.0282051	0.0693371	0.0794978	0.176842	0.00123328	0.010044
170	0.0177464	0.00777254	0.00454349	0.00849813	0.0570435	0.00715672	0.00620689	0.0602931	0.0266154	0.55823	0.103689	0.00566414	0.00841119	0.0147494	0.0122897	0.0148929	0.0214899	0.0441733	0.00587852	0.0146565
171	0.0117694	0.00541322	0.00558459	0.0107865	0.00749504	0.0180851	0.0292719	0.00757784	0.276895	0.0266811	0.0265798	0.0366942	0.00488936	0.0298409	0.422644	0.0231534	0.0329751	0.00978996	0.00313991	0.0107334
172	0.00678278	0.00295674	0.00347197	0.00378703	0.00463484	0.0152494	0.261398	0.0101047	0.015365	0.0332524	0.00395191	0.224733	0.00249768	0.276754	0.0553073	0.00870616	0.00690855	0.00678713	0.00139251	0.0559588
173	0.0220319	0.00728519	0.00688415	0.0191476	0.00650212	0.0203698	0.0249102	0.0146459	0.250162	0.0221216	0.017031	0.032761	0.00707863	0.048118	0.4071	0.0343607	0.0317681	0.0121968	0.005103	0.0104221
174	0.0233278	0.00970281	0.370258	0.343316	0.00146096	0.00928241	0.0297478	0.0077049	0.0286941	0.00785499	0.0142314	0.0536289	0.00342685	0.0211718	0.00592065	0.0360748	0.0122917	0.00967421	0.000551015	0.0116785
175	0.120485	0.00643188	0.00340895	0.00426542	0.0815376	0.0295128	0.0599281	0.0754102	0.00429491	0.00637965	0.016599	0.0170397	0.359525	0.00508513	0.0224915	0.00953802	0.019044	0.0377335	0.00150528	0.119785
176	0.0237464	0.00580822	0.00829684	0.0187464	0.0426454	0.00188705	0.0243042	0.146678	0.0268418	0.2843	0.068942	0.00873227	0.0343125	0.0313623	0.0395626	0.0489227	0.0284457	0.136774	0.0104837	0.00920787
177	0.018615	0.00886061	0.000517961	0.00147134	0.0436737	0.00323738	0.00324113	0.316255	0.00262007	0.308146	0.0463495	0.00476682	0.00177231	0.00132908	0.00137755	0.00689224	0.0145554	0.209212	0.00436601	0.00274073
178	0.0443329	0.394182	0.00530826	0.007838	0.0299439	0.0193218	0.00555886	0.0802225	0.0122273	0.0551961	0.0322742	0.0125092	0.00514703	0.00986977	0.00922639	0.0390807	0.0589515	0.152599	0.00511278	0.0210969
179	0.0571724	0.00222852	0.0470455	0.0779289	0.0127996	0.0137045	0.07935	0.0242805	0.146801	0.0387247	0.0284752	0.00689377	0.0492133	0.138321	0.101447	0.0687942	0.0624653	0.0406542	0.000522149	0.00317822
180	0.0324781	0.533953	0.00543018	0.0101877	0.0511692	0.0161328	0.011712	0.0204704	0.0102033	0.0422679	0.0130434	0.0137217	0.00801248	0.0128639	0.0100612	0.0457061	0.032997	0.0404971	0.0105765	0.0785154
181	0.021778	0.00426152	0.029663	0.0190416	0.00692853	0.0135816	0.00311247	0.013026	0.0303396	0.0562563	0.0021625	0.015751	0.626613	0.0241929	0.0300512	0.0477468	0.0206049	0.0251928	0.00612705	0.00356942
182	0.062563	0.00164741	0.213497	0.364368	0.00287246	0.0259061	0.0146955	0.0156086	0.0511466	0.0129482	0.00281343	0.0410707	0.0298025	0.0480777	0.0252237	0.0453923	0.0281744	0.0123469	0.000358094	0.00148726
183	0.00987642	0.0085602	0.0649966	0.0275523	0.00510489	0.629341	0.00846417	0.00181797	0.0128091	0.00880978	0.00180431	0.0931714	0.00462086	0.0148676	0.00983574	0.0587365	0.0233921	0.00540281	0.000546025	0.0102903
184	0.00681875	0.00192034	0.000955955	0.000983271	0.294617	0.00792343	0.0249346	0.00703238	0.00156518	0.00792948	0.00599313	0.0036448	0.00325765	0.00100414	0.000901846	0.0112585	0.0103079	0.0108663	0.00376241	0.594322
185	0.0110469	0.0105048	0.0646208	0.0264696	0.0054846	0.61745	0.00916982	0.00196637	0.01382	0.00873438	0.00248579	0.0890293	0.00494767	0.0153367	0.00963279	0.0654804	0.0265264	0.00598021	0.000642571	0.0106708
186	0.0594252	0.00309254	0.108847	0.115369	0.0107594	0.065824	0.0090009	0.0376558	0.095272	0.021826	0.0160318	0.0978427	0.0626146	0.018247	0.0853405	0.0970721	0.0722174	0.0209317	0.000464969	0.00216545
187	0.0200614	0.00781996	0.0182345	0.0131244	0.00738169	0.0139086	0.0501672	0.0150969	0.0300555	0.00947732	0.00740499	0.544173	0.00731863	0.0172505	0.0120638	0.119633	0.0619536	0.0282438	0.0021189	0.0145119
188	0.0575646	0.00374223	0.0206016	0.0156961	0.00909839	0.0137197	0.00908568	0.0109238	0.0215249	0.0369365	0.00299687	0.0119609	0.638854	0.01772	0.023779	0.0457845	0.019597	0.0260754	0.00439084	0.009948
189	0.0118747	0.0105274	0.479119	0.0427382	0.0062086	0.0117637	0.010165	0.00192728	0.0205108	0.0110524	0.00143035	0.285819	0.000913619	0.0182664	0.0087305	0.0375317	0.0304269	0.00518174	0.000643323	0.00516932
190	0.0175299	0.0152387	0.028261	0.0101403	0.270771	0.0030001	0.0950773	0.0121522	0.0199974	0.0420425	0.0177462	0.0508785	0.00567825	0.0140231	0.015845	0.0275925	0.0142312	0.016261	0.0103819	0.313152
191	0.00987358	0.00868079	0.0650525	0.0275191	0.00511213	0.629212	0.0084587	0.00182439	0.0127862	0.00876398	0.00179049	0.0930231	0.00460388	0.0148605	0.0097657	0.0589643	0.0234409	0.00541624	0.000543883	0.0103078
192	0.00677087	0.00147056	0.000917442	0.00082211	0.290842	0.00751464	0.0233112	0.00749928	0.00155877	0.00814641	0.00562858	0.00323076	0.00315621	0.000872183	0.00092427	0.00981032	0.00973352	0.0107625	0.00440813	0.602621
