266	20
1	0.00466231	0.00177801	0.00186317	0.00475086	0.00193369	0.00233364	0.00197898	0.00313253	0.0116179	0.00366551	0.00234446	0.0138273	0.00115075	0.00246959	0.0126723	0.301919	0.621904	0.00356724	0.000638869	0.00179
2	0.0796893	0.00416846	0.0130495	0.0429062	0.00673737	0.0106364	0.00860441	0.0160276	0.0424066	0.0372765	0.00566115	0.0174171	0.555088	0.0215695	0.0334237	0.0347719	0.0304232	0.0290188	0.00130809	0.00981622
3	0.412939	0.132848	0.00364619	0.0047748	0.0226036	0.0396292	0.00545797	0.00486668	0.00469533	0.0082813	0.0235869	0.00619665	0.00209901	0.00441339	0.00506599	0.162406	0.0167214	0.0273805	0.00152523	0.110863
4	0.00853859	0.00820231	0.00071946	0.00105296	0.43318	0.00307399	0.0219438	0.00224327	0.000803557	0.0165069	0.000804179	0.000830873	0.000347186	0.000855215	0.000919649	0.00149851	0.00724009	0.00149527	0.0217883	0.467955
5	0.00361713	0.00433306	0.000546219	0.000887903	0.0132023	0.000955731	0.00108984	0.416051	0.000692142	0.213685	0.0267992	0.00133872	0.000345989	0.000790216	0.000945308	0.00160153	0.00563302	0.306243	0.000262033	0.000979619
6	0.0581516	0.0341225	0.00107308	0.00146849	0.0410534	0.00204516	0.00162847	0.305448	0.00173399	0.225189	0.0714528	0.00119206	0.0031541	0.00150364	0.00602789	0.00634339	0.0171641	0.209443	0.000635308	0.0111697
7	0.00617963	0.0011538	0.540656	0.194803	0.00132369	0.00509045	0.0203481	0.00176517	0.00479579	0.00319543	0.00622834	0.0695929	0.00212979	0.0285003	0.003095	0.0632047	0.0378322	0.00232245	0.000563848	0.00721891
8	0.0843151	0.00640404	0.0379788	0.334726	0.00639884	0.0276672	0.0157526	0.0239386	0.122491	0.0971191	0.00421674	0.0130961	0.00245033	0.0526109	0.0626345	0.0374383	0.0409502	0.00800913	0.000746322	0.0210563
9	0.148606	0.0121536	0.012735	0.0047383	0.00192093	0.00324632	0.00272423	0.0128408	0.262219	0.0920012	0.00223232	0.00247643	0.00109032	0.0700196	0.256104	0.00475165	0.0736467	0.0235645	0.000808518	0.0121201
10	0.00602135	0.000444999	0.000484412	0.000641639	0.0981662	0.000583975	0.000503254	0.144833	0.000548322	0.655	0.0227856	0.000650366	0.000227053	0.000512532	0.000691987	0.00167077	0.00105625	0.0644924	0.000133021	0.000553223
11	0.0458313	0.00264268	0.0423652	0.160613	0.00280319	0.00308698	0.00275123	0.101353	0.058379	0.0555273	0.00386201	0.017204	0.00112708	0.0489873	0.293419	0.0186011	0.0680375	0.0699801	0.000810586	0.00261834
12	0.0906016	0.00119004	0.0363312	0.0501794	0.00124399	0.017045	0.0664144	0.00159679	0.268706	0.00710389	0.00381257	0.0434001	0.000618004	0.052869	0.298812	0.0265783	0.0142783	0.00263938	0.0073343	0.00924623
13	0.0370924	0.0248418	0.0313894	0.0224146	0.0104617	0.0132661	0.022721	0.0135637	0.0206647	0.0188554	0.0126145	0.447017	0.00955592	0.0140068	0.0196864	0.0895258	0.161174	0.0197336	0.00224555	0.00916888
14	0.055759	0.0602301	0.0016506	0.00227767	0.00167039	0.0333618	0.00172879	0.0100569	0.00175371	0.703702	0.0417422	0.00215052	0.000803643	0.00170572	0.00347248	0.0117242	0.00580846	0.0505708	0.000473735	0.00935753
15	0.0724388	0.000492961	0.060735	0.319641	0.000786342	0.0142918	0.0350846	0.00360773	0.117085	0.0107328	0.0031421	0.0382837	0.00389412	0.132547	0.0693063	0.0572139	0.0489231	0.00555354	0.000153879	0.00608608
16	0.0154022	0.00651101	0.00201269	0.00391115	0.00395307	0.00239007	0.0048127	0.385668	0.0238085	0.157612	0.0165461	0.00821158	0.000574664	0.00557116	0.0152114	0.00439142	0.0885383	0.25231	0.000541445	0.00202245
17	0.0685781	0.022491	0.000902751	0.00143952	0.0644027	0.00122131	0.000991075	0.312643	0.000853306	0.186153	0.0886399	0.000878982	0.00460281	0.00127135	0.00471187	0.00706605	0.0115434	0.209564	0.000881397	0.0111645
18	0.0361351	0.000715824	0.0196863	0.0377491	0.000809229	0.0099409	0.0511728	0.00338009	0.333235	0.0120734	0.00739641	0.0443605	0.0011957	0.0560229	0.29959	0.0336312	0.0354062	0.0058922	0.00365858	0.00794814
19	0.0483479	0.0183085	0.0010026	0.00231899	0.0534938	0.00410323	0.00481213	0.293981	0.00131448	0.155006	0.0668269	0.00152967	0.00221022	0.00409346	0.00515436	0.014763	0.0261015	0.283525	0.00328416	0.00982278
20	0.0113774	0.00683556	0.000700437	0.00121342	0.0229319	0.00100744	0.00127544	0.378254	0.0013368	0.244581	0.0358938	0.00134933	0.000875602	0.00130159	0.00264419	0.00243373	0.00772062	0.27584	0.000339382	0.00208859
21	0.0557524	0.060088	0.00168126	0.00232369	0.00168393	0.0332193	0.00168598	0.0101501	0.00175688	0.702921	0.0416485	0.00218745	0.000801669	0.00169412	0.0034964	0.0119039	0.00579224	0.0513049	0.000458359	0.00945018
22	0.328173	0.076012	0.015238	0.0175251	0.0116994	0.0540203	0.0103296	0.0137963	0.013	0.0185774	0.0123913	0.020368	0.0109151	0.0125182	0.0180453	0.242777	0.0734498	0.03142	0.00150998	0.018234
23	0.0374563	0.0161281	0.00827181	0.0107115	0.190936	0.00975934	0.00883271	0.0249132	0.00994736	0.241749	0.0272677	0.0255744	0.00398391	0.145695	0.0125453	0.0163208	0.138474	0.0563048	0.00495649	0.0101721
24	0.0554059	0.0111577	0.0187652	0.0451522	0.00997899	0.0231072	0.0276136	0.0162246	0.318068	0.0333818	0.014978	0.0275788	0.0143675	0.0523391	0.205302	0.0408585	0.0447009	0.0253145	0.00283415	0.0128709
25	0.389177	0.191108	0.00217343	0.00429497	0.00567098	0.0474574	0.00404505	0.00237306	0.00409261	0.00392625	0.00755166	0.0139908	0.00141144	0.00207197	0.00262185	0.20444	0.0683917	0.0198334	0.000627961	0.0247403
26	0.00853859	0.00820231	0.00071946	0.00105296	0.43318	0.00307399	0.0219438	0.00224327	0.000803557	0.0165069	0.000804179	0.000830873	0.000347186	0.000855215	0.000919649	0.00149851	0.00724009	0.00149527	0.0217883	0.467955
27	0.32381	0.00864023	0.0327671	0.00371321	0.00765761	0.0373133	0.0104136	0.00538875	0.00343727	0.00741406	0.00318308	0.0137987	0.0284863	0.0176364	0.0155968	0.444006	0.0183025	0.0133334	0.0007726	0.00432907
28	0.0686166	0.0317177	0.0047315	0.00708111	0.18723	0.0065004	0.00548832	0.01231	0.00607903	0.25795	0.0801066	0.0615319	0.00288503	0.0590656	0.0076795	0.0112681	0.162273	0.0182627	0.0024721	0.00674993
29	0.0987284	0.0799369	0.00271008	0.0275382	0.0136289	0.0146672	0.00519523	0.018862	0.0145978	0.12978	0.0284005	0.00359041	0.00124096	0.00263756	0.0152156	0.052649	0.26198	0.211791	0.000708986	0.016141
30	0.0907576	0.00966287	0.00442096	0.00569519	0.454709	0.0402299	0.00803535	0.0360638	0.00562724	0.0629477	0.0672361	0.00621934	0.00191683	0.00450561	0.00594247	0.0158429	0.0112842	0.0198056	0.00487266	0.144224
31	0.0670045	0.00126094	0.345709	0.227805	0.0048409	0.0303302	0.0166821	0.00267074	0.053965	0.0143965	0.000970021	0.020181	0.107397	0.0134325	0.0319668	0.0354313	0.01529	0.00892477	0.000241506	0.00150038
32	0.0357306	0.00494093	0.00221451	0.0168091	0.0735052	0.00441146	0.0147651	0.314476	0.00584356	0.0878247	0.0360885	0.00198062	0.00055118	0.042378	0.0167377	0.0165692	0.0734743	0.201599	0.0226923	0.0274088
33	0.0615116	0.0232643	0.000745112	0.00104902	0.0588895	0.000715368	0.000708954	0.324541	0.000669586	0.186605	0.0855131	0.000701772	0.00358857	0.000837605	0.00402624	0.00702368	0.0116277	0.216725	0.000830135	0.010427
34	0.186265	0.00230472	0.0159121	0.0465034	0.00264976	0.108348	0.00380674	0.00288055	0.112499	0.004759	0.0160955	0.0169907	0.00131672	0.0189511	0.31821	0.128746	0.00553325	0.00477362	0.000892989	0.00256249
35	0.049175	0.0194897	0.00131122	0.00319597	0.0506099	0.00439181	0.00157246	0.211863	0.00253263	0.385842	0.0562929	0.00181	0.00685378	0.00391298	0.00552998	0.00957012	0.0109499	0.168338	0.000870044	0.00588737
36	0.0951481	0.00379536	0.231128	0.0416432	0.0040402	0.0240012	0.127049	0.00290604	0.0983436	0.00441089	0.00273735	0.0668054	0.0293269	0.0198137	0.029106	0.159467	0.0463478	0.00408751	0.00067227	0.00917059
37	0.136098	0.0221727	0.0216956	0.0230017	0.0506096	0.236946	0.104463	0.0264597	0.0205469	0.0281151	0.0144538	0.0224797	0.0079173	0.0123596	0.0176533	0.0436124	0.036173	0.0388829	0.00964055	0.12672
38	0.268214	0.0638024	0.00217838	0.00783008	0.00189421	0.0083494	0.00222045	0.0462736	0.00205188	0.0151429	0.00687262	0.0031097	0.00142767	0.00182325	0.00240906	0.15264	0.371633	0.0399234	0.000656217	0.00154853
39	0.298868	0.141662	0.00170814	0.0131099	0.0020003	0.0131198	0.00288459	0.0211449	0.0027165	0.00833857	0.00366636	0.0116251	0.00195742	0.00193852	0.00231016	0.18229	0.264628	0.0233612	0.000703836	0.00196659
40	0.364426	0.183664	0.00128299	0.00432725	0.00197652	0.0275474	0.00287411	0.00387702	0.00408247	0.00330006	0.00498422	0.0164959	0.000998553	0.00149092	0.0016872	0.239489	0.111599	0.0219005	0.000443548	0.003554
41	0.137832	0.0298504	0.0400248	0.0392632	0.0151917	0.0514007	0.0209365	0.0151149	0.0242111	0.0254392	0.0174639	0.0352401	0.0150405	0.0250474	0.0253307	0.327482	0.112255	0.0252794	0.00349419	0.0141019
42	0.117795	0.00942043	0.0221081	0.00605682	0.00158076	0.653965	0.00267362	0.00575396	0.00502845	0.00591821	0.00537235	0.00805563	0.000710028	0.0017261	0.00530901	0.120072	0.0130137	0.00992813	0.000471653	0.00504127
43	0.0450629	0.0114788	0.00259396	0.0246589	0.0160973	0.00348345	0.00231516	0.0947457	0.0252955	0.35641	0.0222563	0.0132684	0.147631	0.0167216	0.00317955	0.00543387	0.00542856	0.200534	0.000946611	0.00245799
44	0.0419547	0.0166154	0.0211321	0.00399237	0.204726	0.00596252	0.118371	0.00394562	0.00326852	0.00514642	0.00302124	0.097806	0.00134838	0.0164295	0.00362636	0.0054992	0.00743438	0.00515284	0.135694	0.298873
45	0.0625522	0.0076172	0.104479	0.399823	0.0112362	0.0236575	0.0239855	0.0160287	0.0481406	0.0217608	0.0120268	0.0300725	0.0274058	0.0620178	0.0323508	0.0444072	0.0382084	0.0176344	0.00357216	0.0130236
46	0.437886	0.0235643	0.00578868	0.00916922	0.00808216	0.0312132	0.00610848	0.0246032	0.00687223	0.145842	0.0131609	0.0070637	0.0101566	0.00696726	0.00778922	0.0510919	0.0263644	0.16924	0.00197492	0.00706096
47	0.0119998	0.00150933	0.00250517	0.014543	0.00166743	0.00250394	0.00953123	0.0309129	0.357709	0.0223019	0.0144204	0.0129519	0.000889477	0.0276335	0.435081	0.014008	0.0235328	0.0119884	0.000593695	0.00371699
48	0.0269139	0.00644671	0.00451666	0.00619875	0.306793	0.0152652	0.0093325	0.0554825	0.00490365	0.253812	0.113414	0.00715325	0.00334498	0.00697507	0.0080509	0.0101484	0.0192685	0.0368683	0.0150805	0.0900322
49	0.223853	0.0188885	0.0128037	0.0040716	0.0019666	0.583619	0.00293584	0.0124037	0.00363463	0.00562907	0.00414865	0.00583093	0.0019719	0.00201356	0.00407304	0.0501576	0.016406	0.0335611	0.000490542	0.011541
50	0.111253	0.028176	0.00237584	0.00495834	0.0795659	0.00324295	0.133499	0.00326547	0.102643	0.0187899	0.0149975	0.0521226	0.00155338	0.0269594	0.218892	0.0321402	0.00835429	0.0168726	0.000706143	0.139632
51	0.0476439	0.0012396	0.0903541	0.602712	0.00892741	0.00934365	0.0106715	0.00273342	0.0156825	0.002973	0.00549411	0.0199945	0.00874019	0.0991027	0.0128072	0.0235237	0.0227497	0.00236968	0.00049262	0.0124449
52	0.119015	0.0295955	0.00714904	0.182855	0.0810497	0.00785401	0.0622555	0.00686203	0.147516	0.0384292	0.00554587	0.0093056	0.00342617	0.0088162	0.068255	0.0382903	0.0886995	0.00942323	0.00156696	0.084089
53	0.0253551	0.00724688	0.00258315	0.00317896	0.597974	0.0241806	0.0025762	0.060995	0.003327	0.0615835	0.076347	0.00272634	0.00140445	0.00274191	0.00369908	0.00937121	0.00713459	0.0207632	0.00332313	0.0834884
54	0.0422343	0.00631049	0.0752409	0.168104	0.00767535	0.0480766	0.0733801	0.0171887	0.106479	0.0211674	0.00328978	0.0154604	0.163598	0.082137	0.0610138	0.0713234	0.0259608	0.00432968	0.00098627	0.0060435
55	0.0387987	0.0147208	0.00200505	0.00600078	0.0136301	0.00544473	0.00866666	0.203574	0.00629495	0.106509	0.00815348	0.0310677	0.0010825	0.0114631	0.00602146	0.0221451	0.187215	0.31846	0.000729992	0.00801758
56	0.221474	0.185089	0.00926515	0.0146105	0.0114763	0.0242212	0.103653	0.0134427	0.0134033	0.0187803	0.0111497	0.0210516	0.00480926	0.0107306	0.014337	0.217424	0.0592192	0.0247	0.00262487	0.0185382
57	0.245081	0.0649555	0.00204482	0.0108442	0.00220512	0.0311988	0.00262592	0.139054	0.00982091	0.00848154	0.00487613	0.00332681	0.00109721	0.00239596	0.0104782	0.0420775	0.0748599	0.341647	0.000773405	0.00215609
58	0.00867785	0.00803731	0.000724335	0.00103123	0.427563	0.00314761	0.0214326	0.00222239	0.000802077	0.0160417	0.000796522	0.000821784	0.000361024	0.000853803	0.000879611	0.00150119	0.00744333	0.00149958	0.0221064	0.474056
59	0.278365	0.134065	0.00226322	0.00361026	0.00226024	0.0504727	0.0032499	0.00257976	0.011413	0.00401131	0.0114948	0.0251452	0.00107795	0.00196741	0.00255262	0.34915	0.0964322	0.0161911	0.000546579	0.00315188
60	0.412701	0.0113916	0.00685601	0.009902	0.0072165	0.0775382	0.00795923	0.0109081	0.00891819	0.0324576	0.00796435	0.00842297	0.205562	0.0115425	0.0118628	0.0450302	0.0234111	0.0910742	0.00202178	0.00725935
61	0.246434	0.0154577	0.0113282	0.00436121	0.00227927	0.560792	0.00319169	0.0110958	0.00363188	0.00611304	0.00413235	0.00550037	0.00243288	0.00241015	0.00406097	0.0482152	0.0154333	0.0416791	0.000589151	0.0108616
62	0.00891033	0.00792939	0.000750962	0.00105273	0.425185	0.00328836	0.0212518	0.00233374	0.000814776	0.0159062	0.000803308	0.00085193	0.000368514	0.000868322	0.000895562	0.00153048	0.00750211	0.00148591	0.0227455	0.475525
63	0.0481474	0.00351638	0.00465442	0.0473454	0.00421881	0.024192	0.0229471	0.0247779	0.163534	0.0658189	0.00422193	0.00491726	0.0211115	0.0046222	0.110627	0.232709	0.160461	0.0467875	0.00161269	0.00377802
64	0.112374	0.0125356	0.229317	0.178704	0.00279869	0.046056	0.0839989	0.0035524	0.0475855	0.00412676	0.00212017	0.0358696	0.00516728	0.0170163	0.0184268	0.129432	0.0320181	0.00354792	0.000715125	0.0346382
65	0.00439495	0.00111043	0.546794	0.194237	0.00116787	0.00452833	0.0228873	0.00166183	0.0037587	0.00268476	0.00653552	0.0691806	0.000461264	0.0309597	0.00262165	0.059777	0.0388533	0.00196782	0.000519785	0.00589813
66	0.0574879	0.0200494	0.000694039	0.00104053	0.0611215	0.000712636	0.000739009	0.338062	0.000721401	0.181066	0.0864096	0.000718063	0.00334354	0.000886693	0.00368338	0.00660064	0.0107733	0.215655	0.000759266	0.00947623
67	0.0735547	0.000698518	0.378151	0.24248	0.00465724	0.0264841	0.00416015	0.00155361	0.0434645	0.0137886	0.00092951	0.0216356	0.0992893	0.00617377	0.027957	0.0305313	0.0131857	0.0103378	0.000218542	0.00074868
68	0.0539369	0.00101931	0.0890611	0.555563	0.00626026	0.009681	0.0140221	0.00262842	0.0310511	0.00358753	0.0042505	0.0222382	0.0088577	0.102999	0.022822	0.0303738	0.0273104	0.00253582	0.000304575	0.0114971
69	0.0611882	0.0223563	0.000702869	0.00105334	0.059058	0.00073322	0.000722275	0.326352	0.000672934	0.186073	0.085585	0.000680107	0.00359933	0.000833303	0.00403552	0.00693943	0.0113342	0.216926	0.000759611	0.0103943
70	0.144453	0.0589167	0.00185635	0.00327631	0.00284373	0.0185399	0.00201858	0.0772857	0.00240055	0.437493	0.0394248	0.00241003	0.00198864	0.0024621	0.0125443	0.00720276	0.0259921	0.15387	0.00090498	0.0041156
71	0.369727	0.198416	0.00122821	0.0042258	0.00187998	0.0256503	0.00307354	0.00201883	0.00401245	0.00266979	0.00438984	0.0177515	0.000990233	0.00135651	0.00158989	0.23611	0.098873	0.0222014	0.000427943	0.0034076
72	0.00824866	0.00198521	0.523342	0.121911	0.00218557	0.0128405	0.041673	0.00249882	0.00502141	0.00400615	0.00574505	0.142242	0.00162797	0.0257067	0.00444124	0.0462554	0.0407321	0.00360733	0.000807922	0.00512122
73	0.0474612	0.0118813	0.0920803	0.0414652	0.0668259	0.0233965	0.137288	0.0118636	0.114937	0.0245763	0.0144097	0.0315137	0.031863	0.0278074	0.0367659	0.111082	0.134799	0.0217317	0.00230677	0.015946
74	0.00285021	0.00397878	0.000533664	0.000880281	0.012244	0.00078917	0.000953347	0.421952	0.000719383	0.21362	0.0254522	0.00132326	0.000301554	0.000781475	0.00088641	0.00138012	0.00508405	0.305243	0.000257563	0.000769556
75	0.0365147	0.00663706	0.00410371	0.0125342	0.0331397	0.00475392	0.00890942	0.363699	0.00513153	0.0605148	0.0153911	0.0052877	0.00221294	0.0171041	0.008426	0.0776979	0.0679999	0.227707	0.011334	0.0309007
76	0.025451	0.0104218	0.00348767	0.00679726	0.320559	0.0123608	0.011841	0.0727319	0.00624563	0.279771	0.0618602	0.00778175	0.00338039	0.0109563	0.00929587	0.0163137	0.0208876	0.0453299	0.0127933	0.0617338
77	0.0407727	0.0218923	0.0695459	0.0354189	0.011517	0.0204837	0.0238698	0.0127557	0.0235166	0.0292001	0.0164739	0.4419	0.0139705	0.0205622	0.0252179	0.0721635	0.0823008	0.0224279	0.00351345	0.0124973
78	0.0478298	0.0168905	0.00383138	0.0189038	0.00494727	0.00940828	0.00436114	0.00822704	0.0148102	0.00873155	0.00762356	0.0183384	0.00298894	0.00703178	0.0139686	0.29686	0.499901	0.0102214	0.0013108	0.00381478
79	0.0451326	0.0148501	0.00280364	0.0256468	0.0268347	0.00390337	0.00247335	0.10158	0.0207806	0.328807	0.0291344	0.0118119	0.144183	0.0207507	0.00320261	0.0056743	0.00600204	0.202786	0.000906515	0.00273573
80	0.158668	0.00307343	0.0299952	0.0287597	0.00265209	0.08265	0.0137972	0.00362769	0.00312824	0.0053213	0.00361343	0.171156	0.00145322	0.0389082	0.039483	0.311554	0.0717953	0.0161356	0.00068434	0.0135431
81	0.0583134	0.00724033	0.0841842	0.315983	0.00774762	0.0289944	0.0253965	0.0110263	0.0666243	0.0219954	0.0125865	0.0319389	0.0190049	0.146668	0.0460879	0.0515497	0.0383029	0.014362	0.00203342	0.0099611
82	0.0137988	0.00170261	0.00170831	0.00233112	0.194104	0.00379307	0.0201897	0.0577205	0.00200787	0.208882	0.00298795	0.00218824	0.000802729	0.0100868	0.0115871	0.00379468	0.00656192	0.0599179	0.130025	0.26581
83	0.0712723	0.000466653	0.0606083	0.317605	0.000780439	0.0141817	0.0357106	0.00367038	0.116474	0.0108752	0.00304321	0.0388009	0.00382942	0.134264	0.0696022	0.0576527	0.049496	0.00533789	0.000148684	0.00618046
84	0.145341	0.0119711	0.0120464	0.0042727	0.00196862	0.0028288	0.00260018	0.0127829	0.264143	0.0891277	0.00234215	0.00265259	0.0011193	0.0713455	0.259627	0.00459246	0.0750568	0.0235018	0.000840961	0.0118393
85	0.00853859	0.00820231	0.00071946	0.00105296	0.43318	0.00307399	0.0219438	0.00224327	0.000803557	0.0165069	0.000804179	0.000830873	0.000347186	0.000855215	0.000919649	0.00149851	0.00724009	0.00149527	0.0217883	0.467955
86	0.065602	0.024141	0.000838042	0.00128363	0.0609963	0.000764127	0.000754191	0.31559	0.000716932	0.184632	0.0848577	0.000782893	0.00442651	0.00116347	0.00475985	0.00713454	0.0114327	0.217999	0.00107068	0.0110543
87	0.158546	0.0117653	0.0169021	0.00706103	0.00294912	0.603253	0.00405867	0.00935585	0.00664031	0.0236438	0.0104766	0.00656169	0.00177511	0.00451057	0.00887909	0.0828008	0.0146944	0.017083	0.000817087	0.00822633
88	0.0062926	0.00122176	0.000534495	0.000756526	0.0851871	0.00125273	0.000666263	0.139708	0.00135422	0.670401	0.0249339	0.00116574	0.000239018	0.00118228	0.00198716	0.00257092	0.00120995	0.058427	0.000152522	0.000756698
89	0.056198	0.00913087	0.0186349	0.0386484	0.0115383	0.0196809	0.0297714	0.0272711	0.191026	0.0390372	0.016357	0.0304938	0.0117004	0.0407693	0.334827	0.0408195	0.0385133	0.028971	0.00379668	0.0128149
90	0.0023884	0.00406664	0.000547706	0.000875932	0.011575	0.000809434	0.00104577	0.420945	0.000784893	0.21358	0.0248035	0.00137247	0.000282345	0.00078187	0.00103977	0.00133161	0.0056312	0.307126	0.000256907	0.000756051
91	0.033529	0.0218139	0.0648103	0.0250675	0.00849626	0.0197126	0.0252141	0.0141619	0.0160469	0.0325022	0.0173856	0.481227	0.00550399	0.0170987	0.0213989	0.0770124	0.0840717	0.0209199	0.00360511	0.0104223
92	0.0724567	0.0106891	0.00653225	0.0224581	0.0128051	0.0066819	0.0033788	0.0669895	0.0253022	0.252893	0.0179076	0.0120046	0.276395	0.0170365	0.0121995	0.0146266	0.0142239	0.148888	0.00122368	0.00530838
93	0.0613697	0.00404175	0.00632426	0.171832	0.00443936	0.193461	0.00499279	0.0068782	0.0321826	0.0619743	0.0290053	0.00822728	0.00419609	0.245187	0.105084	0.0355701	0.00958594	0.00917879	0.00141358	0.00505712
94	0.010451	0.029145	0.00473587	0.00672092	0.148017	0.00635503	0.0921172	0.0749571	0.00475376	0.0643115	0.00798093	0.0248283	0.0024397	0.00412168	0.0668767	0.0098547	0.0585362	0.189886	0.00486961	0.189041
95	0.29547	0.00462485	0.0185995	0.00759984	0.00949132	0.0384198	0.0105939	0.00951734	0.00932915	0.0117017	0.00535765	0.0144094	0.0463866	0.0393402	0.0390037	0.398344	0.0156843	0.0172382	0.00151525	0.00737362
96	0.0647544	0.0252654	0.0285824	0.173965	0.0504739	0.0265866	0.0264992	0.00764459	0.00713225	0.0318053	0.00498937	0.0521342	0.0612018	0.0059781	0.0073729	0.0766554	0.231055	0.0442339	0.00168387	0.0719867
97	0.203698	0.00226039	0.255483	0.21579	0.0031877	0.00675907	0.00330289	0.0545996	0.00862427	0.0618642	0.00306514	0.00634273	0.106575	0.00422092	0.0207586	0.00938891	0.0104732	0.0197917	0.00104493	0.00277025
98	0.0100359	0.00317622	0.00362827	0.00529008	0.00565069	0.00495914	0.00484811	0.228851	0.0261829	0.488817	0.0699576	0.0243173	0.00222238	0.0240515	0.0453916	0.0275751	0.00961151	0.0101188	0.00110844	0.00420694
99	0.277578	0.123578	0.0120533	0.0113966	0.030694	0.0417249	0.0173087	0.0184768	0.0120208	0.0207946	0.0248219	0.0171685	0.00460632	0.010189	0.0157513	0.0835316	0.0337353	0.0829142	0.0170181	0.144637
100	0.00972559	0.00335103	0.47872	0.0330996	0.00442475	0.0099613	0.0199107	0.00484277	0.00432515	0.00830035	0.00487111	0.347501	0.00183879	0.0124922	0.00457973	0.017212	0.0212179	0.00681638	0.00152033	0.00529005
101	0.0826234	0.00582546	0.0237142	0.0433985	0.00651815	0.0117199	0.00877637	0.0169536	0.0420646	0.0364567	0.00610356	0.0191168	0.526774	0.0236557	0.0337666	0.0369087	0.0320897	0.0321485	0.0017764	0.00960899
102	0.361907	0.198342	0.00117274	0.00438214	0.0017805	0.0276094	0.00321103	0.001774	0.00431076	0.00260973	0.00477619	0.0192122	0.000905571	0.00139992	0.00155543	0.244198	0.0973437	0.020115	0.000416621	0.00297718
103	0.301952	0.00363441	0.00402144	0.00516674	0.0227184	0.148716	0.00353953	0.0244309	0.00505941	0.0281004	0.00428396	0.00541605	0.00706971	0.0806035	0.0597015	0.223563	0.00887632	0.0377693	0.00133916	0.0240383
104	0.060727	0.00163784	0.0031159	0.0153732	0.00188361	0.00334715	0.00233171	0.0127392	0.0576783	0.0276518	0.00207225	0.0140243	0.62825	0.0252017	0.0445794	0.037922	0.0239253	0.0250934	0.000719764	0.0117263
105	0.0356421	0.0342482	0.00420209	0.00583927	0.23487	0.176617	0.0755038	0.00592175	0.0457269	0.0300455	0.00529482	0.0585961	0.00222684	0.00388613	0.0062451	0.0509016	0.0483568	0.0289751	0.00160827	0.145292
106	0.0471002	0.0133825	0.00618206	0.0253851	0.00443839	0.0101763	0.00411111	0.0112667	0.0160394	0.0106741	0.00621864	0.016466	0.00340236	0.00693721	0.0145607	0.285649	0.4974	0.0148725	0.0015119	0.00422564
107	0.0369799	0.00299805	0.014474	0.03384	0.00337466	0.00867178	0.0267241	0.0158955	0.298514	0.023938	0.0107618	0.0234045	0.00660992	0.0421025	0.367247	0.0280645	0.0334408	0.0144302	0.00161161	0.00691705
108	0.00720393	0.00186979	0.00227306	0.00293156	0.258836	0.00312817	0.00286488	0.0186212	0.00275337	0.448086	0.207492	0.00288626	0.0010515	0.00239242	0.00312445	0.00477139	0.00495158	0.00647248	0.0129618	0.00532764
109	0.115549	0.0103921	0.0343566	0.013482	0.00452579	0.636208	0.00655806	0.0121016	0.00894192	0.0127521	0.00752821	0.0128229	0.00161101	0.00712762	0.0103893	0.0590415	0.0166599	0.0179535	0.00128735	0.0107112
110	0.032462	0.00522441	0.00216619	0.0261125	0.0478361	0.00271075	0.00763844	0.391189	0.00290706	0.0640892	0.0172014	0.00414657	0.00112509	0.028313	0.00765572	0.0195345	0.0679143	0.239273	0.0135813	0.0189197
111	0.00486023	0.00142929	0.445899	0.24906	0.00136753	0.00316188	0.0112016	0.00261209	0.0100562	0.00442204	0.00462672	0.0526926	0.000808365	0.013371	0.00240271	0.129296	0.0538103	0.00330385	0.000785558	0.00483343
112	0.104571	0.0154446	0.0260213	0.0153836	0.0163575	0.463974	0.0208267	0.0844261	0.0121682	0.0347951	0.0153486	0.0144341	0.00582832	0.0122833	0.0149477	0.0512248	0.0282204	0.0433803	0.00374566	0.0166194
113	0.00637115	0.000466288	0.000485212	0.000691818	0.10499	0.000642018	0.00049427	0.145279	0.000576527	0.645704	0.0226017	0.00064785	0.000232994	0.000543224	0.000715158	0.00165582	0.00106109	0.0661402	0.000145966	0.000556372
114	0.0169412	0.00636823	0.00770568	0.0106447	0.00891395	0.00847153	0.157027	0.0114915	0.00913089	0.391097	0.137012	0.100549	0.00458178	0.00754471	0.0136247	0.0147959	0.0180709	0.052161	0.0160556	0.00781273
115	0.0327272	0.0437453	0.00381575	0.00496046	0.508238	0.00736609	0.00425974	0.0955598	0.00407203	0.0589922	0.0345299	0.00449028	0.00198591	0.00484217	0.00487163	0.0417495	0.010978	0.0981277	0.0190241	0.0156641
116	0.059532	0.0200153	0.0334243	0.045047	0.0392975	0.0358076	0.235459	0.0490733	0.0424654	0.0788759	0.0258724	0.0375435	0.0205839	0.0287435	0.0482934	0.0474018	0.0498625	0.0510566	0.00979224	0.0418532
117	0.26325	0.0801178	0.00515806	0.00723618	0.0533985	0.00650109	0.00457617	0.00582672	0.00675911	0.0125941	0.0383734	0.205197	0.00273975	0.00489433	0.00632527	0.0353527	0.172106	0.0589553	0.001267	0.0293717
118	0.0120211	0.00506455	0.00593162	0.00732397	0.0059598	0.00600174	0.157703	0.0076928	0.00580386	0.441841	0.135208	0.0938755	0.00295892	0.00571475	0.00958621	0.0110225	0.0132114	0.0513759	0.0157331	0.00596962
119	0.0727428	0.138359	0.0130955	0.0220247	0.210997	0.0241512	0.0264315	0.0476465	0.019932	0.0634892	0.0263238	0.031052	0.00870523	0.0207639	0.0223306	0.047996	0.0484672	0.0572864	0.0111862	0.0870194
120	0.0439484	0.00427112	0.106746	0.461963	0.00733087	0.0178468	0.0128337	0.00564501	0.0238134	0.0132781	0.0237851	0.028274	0.00761913	0.140907	0.0212348	0.0357461	0.0258327	0.00771916	0.00131292	0.00989309
121	0.0403906	0.0683618	0.0367027	0.0743095	0.00728811	0.0718942	0.016843	0.00663984	0.0519548	0.0477576	0.0307243	0.187833	0.0159333	0.102358	0.0605325	0.121169	0.036524	0.0160872	0.00149517	0.00520163
122	0.0499663	0.0135917	0.00119796	0.00222024	0.0790705	0.00628076	0.00552687	0.273084	0.00107774	0.149467	0.0624724	0.00118212	0.00243003	0.00334694	0.00375278	0.0100155	0.0188723	0.305053	0.00260665	0.00878495
123	0.0348025	0.00426598	0.0770017	0.488243	0.0188671	0.0277078	0.0487986	0.0188178	0.0713285	0.00797181	0.00358682	0.0296537	0.0190616	0.0406923	0.0171918	0.0612829	0.017694	0.00521603	0.00121111	0.00660483
124	0.0724211	0.000503728	0.0607022	0.318954	0.000887142	0.0148036	0.0356578	0.00355772	0.117311	0.0104026	0.00347647	0.0388071	0.00471385	0.130323	0.0696321	0.0567884	0.0489152	0.00609683	0.000143637	0.00590253
125	0.0354931	0.000676593	0.0189954	0.0373666	0.000803161	0.00990658	0.0509038	0.00346704	0.335131	0.0123334	0.00763874	0.0442931	0.00116887	0.0558292	0.29987	0.0335698	0.0350684	0.00587936	0.00357748	0.00802852
126	0.0162182	0.00387962	0.00230337	0.00316764	0.366891	0.00893513	0.0130285	0.0577065	0.00224922	0.131356	0.0198452	0.00312578	0.00167526	0.00599421	0.00844106	0.00560318	0.00799697	0.0485411	0.0624181	0.230624
127	0.132532	0.00776002	0.0224945	0.00819315	0.00132943	0.690959	0.00190606	0.00509781	0.00860148	0.00576048	0.00741154	0.00601713	0.0006617	0.00154791	0.0112486	0.0640029	0.0100023	0.00922453	0.000337042	0.00491284
128	0.0435971	0.0061891	0.090724	0.157539	0.00761467	0.0452609	0.0902191	0.0120123	0.118412	0.0128744	0.0015558	0.0160816	0.155246	0.0685202	0.0616978	0.0750855	0.0287867	0.00260393	0.000342734	0.00563774
129	0.0138653	0.00181561	0.00164629	0.00229354	0.195005	0.0037303	0.0208922	0.058981	0.00186189	0.203704	0.00301257	0.00216931	0.000784769	0.0102409	0.0121186	0.00355632	0.006649	0.0623372	0.12649	0.268846
130	0.00637115	0.000466288	0.000485212	0.000691818	0.10499	0.000642018	0.00049427	0.145279	0.000576527	0.645704	0.0226017	0.00064785	0.000232994	0.000543224	0.000715158	0.00165582	0.00106109	0.0661402	0.000145966	0.000556372
131	0.038109	0.00508403	0.0983317	0.128243	0.0063372	0.0550116	0.100829	0.0096079	0.123106	0.0105565	0.00197928	0.0200518	0.155684	0.0641099	0.0530983	0.0802796	0.0383052	0.00238847	0.000350654	0.00853739
132	0.14977	0.0547016	0.0136848	0.00600005	0.0504942	0.0339273	0.0189985	0.0451932	0.00435712	0.0446901	0.0320915	0.00656363	0.00241873	0.00669797	0.015185	0.0190692	0.0180817	0.198078	0.0850707	0.194927
133	0.00266793	0.00409577	0.000529303	0.000872248	0.0120558	0.000780498	0.000947052	0.421282	0.000715229	0.214038	0.0253091	0.0013549	0.000301519	0.00078364	0.000900695	0.0013436	0.00518498	0.305781	0.000257439	0.000799825
134	0.0532034	0.0211619	0.0443988	0.028334	0.00854808	0.0302301	0.0250284	0.00890381	0.0173279	0.017859	0.0146906	0.390621	0.00973361	0.0216285	0.0250297	0.168437	0.0893244	0.0157615	0.0017097	0.00806782
135	0.00720393	0.00186979	0.00227306	0.00293156	0.258836	0.00312817	0.00286488	0.0186212	0.00275337	0.448086	0.207492	0.00288626	0.0010515	0.00239242	0.00312445	0.00477139	0.00495158	0.00647248	0.0129618	0.00532764
136	0.116154	0.0105115	0.0329209	0.0100568	0.00341711	0.652331	0.00738207	0.0101134	0.00682672	0.00988451	0.00652951	0.0120609	0.00267453	0.00477775	0.00743604	0.0632912	0.0179686	0.0154426	0.000890167	0.00933033
137	0.115532	0.00990791	0.0341208	0.0101585	0.00280694	0.65869	0.00552457	0.00833759	0.00703376	0.00933442	0.00647586	0.0119593	0.00146117	0.00442152	0.00871909	0.0613719	0.021024	0.0151173	0.000801884	0.00720095
138	0.117956	0.0115975	0.0340541	0.0103871	0.00282447	0.642678	0.00739582	0.0101181	0.00635399	0.010054	0.00712626	0.0118166	0.0017451	0.00583805	0.00905024	0.0662929	0.0194523	0.0153273	0.00104206	0.00889022
139	0.0295792	0.0138202	0.00525936	0.0137763	0.0797289	0.011152	0.0668445	0.170915	0.00831769	0.11355	0.0165702	0.0125508	0.00309606	0.0135087	0.0260769	0.0178185	0.0551896	0.205124	0.0241327	0.112989
140	0.0294249	0.0107564	0.0114395	0.0179164	0.138748	0.0146656	0.235016	0.0184237	0.0174702	0.169204	0.0141025	0.0143641	0.00664374	0.0125556	0.12398	0.0933502	0.0277673	0.0241735	0.00550484	0.0144942
141	0.0414903	0.0144936	0.000805132	0.00181825	0.0550865	0.000929159	0.00123177	0.356663	0.000963233	0.188251	0.0676708	0.000804506	0.00226976	0.00277865	0.00356416	0.00619018	0.0115917	0.233636	0.00177162	0.00799109
142	0.0555529	0.0148697	0.0277725	0.114453	0.0123106	0.020835	0.0152485	0.0654372	0.0220447	0.0308576	0.0126124	0.0928125	0.0133057	0.0193859	0.0261701	0.141927	0.262398	0.0334004	0.00299114	0.0156156
143	0.0919148	0.00129855	0.0363095	0.0500507	0.00132872	0.0173988	0.0668638	0.0016968	0.268519	0.00739503	0.0037973	0.0429317	0.000623381	0.0526131	0.2973	0.0260928	0.0142434	0.00284075	0.00753055	0.00925212
144	0.118999	0.0019336	0.120463	0.287358	0.00271323	0.0128933	0.00478902	0.00299016	0.0752078	0.00671213	0.00183599	0.0319442	0.220054	0.0212316	0.030859	0.0351747	0.0105104	0.012378	0.000517367	0.00143569
145	0.00694029	0.00269675	0.394659	0.0301426	0.0030311	0.444416	0.0167693	0.00386686	0.00275069	0.00591245	0.00310478	0.0579701	0.00133725	0.00360857	0.00351172	0.00545238	0.00606896	0.00444154	0.000898002	0.00242142
146	0.0293188	0.0139196	0.011095	0.0157644	0.286388	0.0138676	0.0290637	0.0239189	0.00957424	0.0418201	0.0108707	0.0119999	0.00729213	0.0109345	0.0134391	0.0183861	0.0244403	0.0280318	0.0307601	0.369115
147	0.164179	0.00796504	0.277925	0.0175025	0.00777086	0.0112718	0.0867904	0.00912735	0.0166744	0.013826	0.00795348	0.0476825	0.0895758	0.161814	0.0115266	0.0265003	0.0190072	0.0123112	0.00263355	0.00796376
148	0.0123711	0.0183535	0.00398895	0.00544607	0.00443944	0.00423783	0.0109395	0.219197	0.0136544	0.184333	0.0358247	0.0036007	0.000631644	0.00966372	0.0401305	0.00375484	0.0562148	0.370591	0.000441149	0.00218629
149	0.0735547	0.000698518	0.378151	0.24248	0.00465724	0.0264841	0.00416015	0.00155361	0.0434645	0.0137886	0.00092951	0.0216356	0.0992893	0.00617377	0.027957	0.0305313	0.0131857	0.0103378	0.000218542	0.00074868
150	0.112824	0.00233136	0.0409387	0.0586295	0.00227769	0.0387503	0.0509685	0.00404357	0.14944	0.189819	0.00271457	0.00304059	0.00161138	0.0179399	0.223841	0.0319746	0.0345074	0.030438	0.000772703	0.00313826
151	0.0130561	0.0020359	0.00125347	0.00133822	0.133778	0.00159582	0.00164883	0.114375	0.001067	0.610811	0.0411058	0.00181856	0.000689913	0.00287206	0.00178304	0.00327771	0.00473888	0.0546126	0.00324238	0.00489973
152	0.192367	0.0661996	0.00217186	0.0169487	0.00237447	0.0339486	0.0027703	0.171718	0.0146149	0.00781852	0.00292354	0.00349113	0.00260944	0.00246028	0.0148624	0.0325564	0.0632789	0.362706	0.000772476	0.00340838
153	0.0712192	0.000470336	0.0607674	0.318229	0.00080358	0.014172	0.0356463	0.00364967	0.116074	0.010845	0.00304016	0.0387787	0.00383039	0.134429	0.0694388	0.0574623	0.0495004	0.00532803	0.000148855	0.00616678
154	0.00248682	0.00411257	0.000532861	0.000873691	0.0114069	0.00079669	0.00116121	0.419445	0.000790054	0.212902	0.0248476	0.00140306	0.00028539	0.000783493	0.00119635	0.00134333	0.00608663	0.308483	0.000253542	0.000810036
155	0.0256398	0.0109704	0.00718544	0.0107083	0.196079	0.00633242	0.0222975	0.175249	0.0032865	0.0856454	0.0396097	0.00838562	0.00467741	0.0135942	0.0182845	0.0144929	0.0493221	0.150455	0.0182385	0.139547
156	0.0120812	0.00392892	0.000673941	0.00101564	0.0959147	0.00106805	0.00106985	0.153891	0.00120057	0.583044	0.0597621	0.0012809	0.00061092	0.00131626	0.00206485	0.00310138	0.00420433	0.0703808	0.00106281	0.00232764
157	0.0529933	0.00768101	0.115389	0.448006	0.0106081	0.0161908	0.018383	0.010759	0.036706	0.0159652	0.00819697	0.0284697	0.0281577	0.0700501	0.02657	0.0442028	0.0382007	0.00955378	0.00141387	0.0125036
158	0.0792857	0.0044311	0.020955	0.0466468	0.00513839	0.0107328	0.00739234	0.0183862	0.0432236	0.035073	0.00555293	0.018989	0.538724	0.0214979	0.0332978	0.0373272	0.0300169	0.0319631	0.00118044	0.0101857
159	0.120581	0.0106317	0.0344132	0.0111222	0.0029112	0.63988	0.00723729	0.0102198	0.00820074	0.0110655	0.00663292	0.0113945	0.00290984	0.00728898	0.00973593	0.0623447	0.019102	0.0161948	0.000702393	0.00743102
160	0.152348	0.0106064	0.0575852	0.306748	0.00857115	0.0195961	0.0232279	0.00951557	0.0884734	0.0170088	0.00759799	0.026253	0.0311588	0.056022	0.0422553	0.0832351	0.0323478	0.0127081	0.00173202	0.0130092
161	0.21293	0.0200673	0.0155521	0.00796072	0.00413095	0.548258	0.00481515	0.0110438	0.006922	0.00991379	0.00608078	0.00902844	0.00276823	0.0048366	0.00967894	0.0630302	0.0206812	0.0289335	0.000809301	0.0125588
162	0.0542522	0.00988974	0.00192075	0.00956878	0.0636698	0.00155276	0.0095474	0.335417	0.000941161	0.0713079	0.029172	0.00140784	0.000817334	0.024265	0.00780121	0.0250339	0.0518991	0.255437	0.0201447	0.0259542
163	0.239428	0.0548477	0.00244035	0.0114022	0.00265331	0.0448958	0.0027235	0.137924	0.0103766	0.0109057	0.00565893	0.00420948	0.0019099	0.00281645	0.0104921	0.0353577	0.0713446	0.346795	0.000898828	0.00291979
164	0.0191748	0.00586198	0.00558502	0.012688	0.115973	0.0321551	0.0458445	0.132027	0.00829215	0.194726	0.0231911	0.00643975	0.0022586	0.0232056	0.0415496	0.0148842	0.0773129	0.106963	0.0626431	0.069224
165	0.02966	0.0177945	0.0741799	0.0896087	0.00190038	0.0917395	0.012417	0.00306163	0.0234499	0.0235294	0.0503034	0.246469	0.00121512	0.0884638	0.113729	0.0888309	0.0373207	0.00342995	0.000832164	0.00206534
166	0.269453	0.0632478	0.00219568	0.00788452	0.00188627	0.00828008	0.002237	0.0462609	0.00203478	0.0146433	0.00675004	0.0030864	0.00142191	0.00178743	0.00238512	0.15298	0.371894	0.0393771	0.000656364	0.00153828
167	0.158543	0.0123394	0.0282769	0.00765869	0.00208216	0.61362	0.00417475	0.0069941	0.00522321	0.00676045	0.00513695	0.00695119	0.00132266	0.00243673	0.00532831	0.0711392	0.0377093	0.0149861	0.000524875	0.0087917
168	0.0102171	0.00375066	0.0472674	0.0590603	0.155611	0.00482746	0.00493711	0.100903	0.00373939	0.0290519	0.00596818	0.0218332	0.05125	0.00438037	0.00584878	0.0727397	0.0427485	0.0816507	0.019157	0.275058
169	0.0088239	0.00222639	0.000902343	0.00123448	0.133819	0.00153617	0.00109719	0.125224	0.00124639	0.597185	0.0489114	0.00113431	0.000442825	0.00125043	0.00138083	0.00260189	0.00252873	0.063092	0.00180735	0.00355454
170	0.0504432	0.0070863	0.00478225	0.0444204	0.0058766	0.0224631	0.0238951	0.146231	0.0380414	0.102025	0.00782835	0.0221827	0.00190097	0.00673166	0.0239693	0.0284392	0.059814	0.362231	0.00234295	0.0392965
171	0.281816	0.110943	0.0020044	0.00361673	0.00199607	0.0608595	0.00241105	0.00658109	0.00641283	0.00485076	0.00698074	0.0144543	0.00114766	0.00191487	0.00250617	0.309965	0.152141	0.026954	0.000513441	0.00193083
172	0.011763	0.00300367	0.00323222	0.18265	0.00325299	0.00408706	0.0030124	0.00457835	0.0492212	0.00767526	0.0196783	0.00582416	0.0033643	0.0395495	0.0355017	0.271881	0.341241	0.00612741	0.00124008	0.0031165
173	0.020353	0.00875177	0.00128868	0.00300101	0.0250817	0.0024895	0.00334977	0.355736	0.00310469	0.19996	0.0354678	0.00241849	0.00394852	0.00443481	0.00517621	0.00574464	0.0211498	0.291799	0.00193545	0.00480952
174	0.0242079	0.0113119	0.00743436	0.0204872	0.0143727	0.014163	0.00675692	0.173444	0.0150432	0.230567	0.040236	0.00367243	0.0138878	0.0341548	0.0214676	0.00904004	0.0282183	0.319578	0.00446962	0.00748698
175	0.0892814	0.00275529	0.292241	0.29366	0.00503625	0.0189235	0.00983897	0.0101847	0.0352355	0.0184647	0.0032261	0.0219789	0.0720953	0.0312494	0.023955	0.0348518	0.0210593	0.00998062	0.000840875	0.00514136
176	0.00950593	0.00561744	0.000952586	0.00269976	0.00627434	0.00192126	0.00404784	0.398499	0.0094941	0.153703	0.0210506	0.00926212	0.000416505	0.00341526	0.00722097	0.00357713	0.0714058	0.289298	0.000356459	0.00128074
177	0.0125564	0.0041791	0.00199225	0.00388423	0.0524826	0.02989	0.0227688	0.165764	0.002595	0.118062	0.0396931	0.00282719	0.000937387	0.00459674	0.00513411	0.0154118	0.0527203	0.45959	0.00167978	0.00323495
178	0.0307133	0.0159528	0.00215035	0.0053381	0.0197989	0.0029711	0.00590515	0.260716	0.00595031	0.12906	0.00940196	0.030416	0.000947848	0.0175808	0.00578132	0.0133318	0.1678	0.268822	0.00171564	0.00564733
179	0.418933	0.0387845	0.00449351	0.00717153	0.00421145	0.0398609	0.00470132	0.0226509	0.00533722	0.182433	0.0131686	0.00574345	0.00711668	0.00481643	0.0067926	0.0256129	0.0181661	0.180769	0.0023011	0.0069357
180	0.0026646	0.00417101	0.000565792	0.000933883	0.0117168	0.000807272	0.00103857	0.421645	0.000918377	0.212535	0.0251	0.00140089	0.000300319	0.00085609	0.00129504	0.00133594	0.00620309	0.305458	0.000254633	0.000798954
181	0.0387387	0.0173139	0.00201163	0.00339259	0.0355477	0.00281226	0.00402328	0.291887	0.006574	0.190385	0.0742985	0.00200855	0.002605	0.00543028	0.0127438	0.0070877	0.0278588	0.267492	0.00096721	0.00682215
182	0.0107745	0.00498357	0.454277	0.0338155	0.00489084	0.0131095	0.0212186	0.00502081	0.00457476	0.00902244	0.00551462	0.348201	0.00194685	0.0129705	0.00642285	0.0227086	0.0267416	0.00715792	0.00132696	0.00532169
183	0.309359	0.0217803	0.0031039	0.0049549	0.00335082	0.0302813	0.00345018	0.0767363	0.00369381	0.0370038	0.0425511	0.00374523	0.00182912	0.00336807	0.00425566	0.13392	0.188865	0.123352	0.00114557	0.00325451
184	0.344755	0.0639012	0.016789	0.00866481	0.00632439	0.0337676	0.00750474	0.00815045	0.00599995	0.00947189	0.00734941	0.0138537	0.0133166	0.0101504	0.0101655	0.351095	0.0562178	0.0223034	0.0013179	0.00890126
185	0.0578798	0.0100241	0.00205662	0.0085441	0.0647228	0.00229147	0.00805846	0.310501	0.00137182	0.0807883	0.0268218	0.00573721	0.00102356	0.0211779	0.00665944	0.0260413	0.0767573	0.252704	0.0155627	0.0212765
186	0.113702	0.00885027	0.006955	0.161212	0.00915758	0.00765999	0.00724856	0.010827	0.00996608	0.01194	0.00653287	0.0367974	0.0314848	0.00867721	0.00932343	0.186932	0.347521	0.0127787	0.00148905	0.0109465
187	0.291186	0.265932	0.00470436	0.00811728	0.0122195	0.0115888	0.00564207	0.00616317	0.00532366	0.00872598	0.00943539	0.0863137	0.00231935	0.00455105	0.00610761	0.0958919	0.139603	0.0249177	0.00150637	0.0097503
188	0.0583046	0.0185116	0.0354669	0.0424012	0.0446058	0.0294156	0.237205	0.0514629	0.04161	0.0898005	0.0319984	0.0394116	0.0155725	0.0269849	0.0452946	0.0485146	0.0404076	0.0454734	0.0123406	0.0452179
189	0.0270081	0.0133101	0.0103214	0.0128252	0.0203295	0.0125411	0.0596907	0.0800796	0.0169469	0.139167	0.154243	0.0183846	0.00488285	0.0165989	0.0760002	0.0206497	0.0808129	0.21482	0.00579406	0.015594
190	0.0726482	0.00717898	0.00725927	0.0195537	0.00940102	0.010238	0.00711796	0.0188402	0.0347328	0.0888684	0.00907096	0.0153647	0.507257	0.0193888	0.0303317	0.0353432	0.0555189	0.0375608	0.00244173	0.0118835
191	0.0351851	0.00188052	0.435696	0.219515	0.00301923	0.0135201	0.0185833	0.00609749	0.0207431	0.0119606	0.00575451	0.0500977	0.0327297	0.0330421	0.0135682	0.052475	0.0317791	0.00629866	0.000806026	0.00724866
