557	20
1	0.0941028	0.00698218	0.0989651	0.11508	0.00502538	0.226047	0.0167403	0.00710702	0.0172763	0.0124548	0.00518681	0.0509116	0.0262407	0.022831	0.0495314	0.147055	0.0814169	0.0108701	0.0018494	0.00432632
2	0.137497	0.0145574	0.0352722	0.0282372	0.0223707	0.0609311	0.0412798	0.0193707	0.0363065	0.0523724	0.0247825	0.0554904	0.0221285	0.0412655	0.05521	0.159893	0.125944	0.0372146	0.00654045	0.0233357
3	0.11261	0.0122493	0.0141025	0.0149978	0.0481043	0.0287256	0.0138639	0.0188055	0.015534	0.0744772	0.0136052	0.0185059	0.267927	0.0139619	0.0242997	0.199261	0.0549872	0.0373704	0.00620766	0.0104037
4	0.160126	0.0140825	0.00195362	0.003797	0.061387	0.0271667	0.00325633	0.115804	0.00243594	0.165348	0.0376095	0.0027845	0.00958229	0.00195704	0.00485514	0.0364377	0.0535918	0.290996	0.00308286	0.00374551
5	0.152084	0.0113079	0.00118154	0.0023612	0.0310866	0.018402	0.00504092	0.164534	0.00085066	0.0848294	0.02881	0.0016653	0.00140024	0.000884329	0.00117878	0.0185075	0.0347849	0.431956	0.00543138	0.00370409
6	0.0497282	0.00459708	0.000624508	0.00201745	0.0594032	0.00696306	0.000868972	0.164855	0.00109801	0.378043	0.0479909	0.00119943	0.00314557	0.000712125	0.00162488	0.0117926	0.0209097	0.240344	0.00174958	0.00233258
7	0.0194975	0.00177846	0.0427969	0.0570272	0.00213973	0.0106318	0.0155762	0.00475743	0.402482	0.00998789	0.0191227	0.0596836	0.00173228	0.0584415	0.193198	0.0278851	0.0559613	0.00433327	0.01107	0.00189626
8	0.0150463	0.00780422	0.00501431	0.00351092	0.0135513	0.00676327	0.00342239	0.362857	0.0216756	0.0616854	0.138788	0.00666826	0.00696198	0.00215503	0.00511089	0.0151774	0.0168232	0.302612	0.00202316	0.0023499
9	0.0428781	0.00781632	0.18566	0.291815	0.00206371	0.0602723	0.0343317	0.00174978	0.0136365	0.00525638	0.00123561	0.0471817	0.00962369	0.0651492	0.0333593	0.0996668	0.0893937	0.00520545	0.00110778	0.00259709
10	0.0820425	0.0156544	0.0400792	0.0168356	0.119535	0.0532218	0.0187976	0.0356517	0.0191537	0.035537	0.0145338	0.0472073	0.00938925	0.0224051	0.0392976	0.12998	0.0754219	0.0442443	0.0811293	0.099883
11	0.0553329	0.00584875	0.160117	0.190905	0.00337449	0.0482502	0.0302154	0.00324911	0.00787034	0.00814035	0.00300243	0.0386037	0.0273586	0.0346009	0.0210424	0.239838	0.112007	0.00597842	0.00158688	0.00267934
12	0.0691967	0.00279051	0.0275208	0.0186153	0.0296031	0.0281934	0.00192789	0.165989	0.0153689	0.180162	0.0581989	0.0135326	0.102057	0.00378017	0.0171724	0.031754	0.0187773	0.211986	0.00177608	0.00159813
13	0.10289	0.00374187	0.00757545	0.0140612	0.0197919	0.0226454	0.00284376	0.0448838	0.0121345	0.198513	0.0271291	0.00342921	0.114745	0.00431147	0.0537203	0.0444189	0.0449986	0.274185	0.00203625	0.00194501
14	0.120426	0.0140199	0.0533303	0.0701494	0.02178	0.0467448	0.0428443	0.0171224	0.0481606	0.0471933	0.0186655	0.0456098	0.0117197	0.0633754	0.0651835	0.139208	0.10909	0.0379262	0.00667044	0.02078
15	0.0827551	0.00256018	0.0132115	0.0269298	0.0351844	0.0388159	0.0011072	0.0963242	0.0220365	0.169873	0.0514756	0.00176119	0.11596	0.00259151	0.0230947	0.0372694	0.0224026	0.254539	0.0010269	0.00108099
16	0.0437297	0.00533932	0.00677237	0.0139204	0.00477503	0.0327201	0.0113463	0.0270685	0.340323	0.0144524	0.0200043	0.0269238	0.0112592	0.0284378	0.303251	0.0350855	0.0415991	0.023853	0.00615003	0.00298945
17	0.0501352	0.00899169	0.0249066	0.015503	0.00321172	0.0598715	0.00454618	0.00289546	0.0183411	0.00729171	0.00387986	0.335693	0.00338772	0.0228613	0.011988	0.303163	0.107263	0.00463124	0.0019418	0.00949781
18	0.144592	0.00599188	0.00961683	0.0130327	0.0182754	0.0228264	0.00684827	0.0355085	0.01324	0.147248	0.0220777	0.00807631	0.163002	0.0091519	0.0621291	0.0456467	0.0936618	0.170293	0.00437543	0.00440556
19	0.0106345	0.00162092	0.00282716	0.0075746	0.00092996	0.00691391	0.0129308	0.00684756	0.478521	0.00850015	0.0191323	0.0240546	0.00254893	0.0276118	0.349568	0.00875954	0.0156089	0.00494212	0.00827497	0.00219848
20	0.0251951	0.00788685	0.0177533	0.0276925	0.0039156	0.0135592	0.0387503	0.00830132	0.206985	0.0181093	0.0147974	0.053327	0.0033693	0.317836	0.159416	0.0333773	0.0286442	0.00876023	0.00699617	0.00532762
21	0.0275421	0.00938326	0.000574338	0.00357868	0.146138	0.00430083	0.00300662	0.129988	0.00316803	0.422623	0.0540892	0.00176031	0.00211219	0.000534718	0.00353404	0.0130393	0.0164351	0.131982	0.00900696	0.0172031
22	0.0598043	0.0110399	0.00610513	0.00656155	0.005843	0.0116426	0.00614934	0.00688668	0.0162777	0.0178153	0.00551949	0.00887197	0.00675477	0.00594761	0.063922	0.397035	0.347094	0.00946928	0.00286154	0.00439858
23	0.0159526	0.00574197	0.0115545	0.0179099	0.00363549	0.0136857	0.0136572	0.00655465	0.340953	0.0148351	0.0212315	0.0440796	0.00352818	0.0365269	0.235067	0.0187886	0.0255607	0.00611554	0.159895	0.00472701
24	0.0298331	0.00615017	0.00234602	0.00323924	0.107257	0.00507995	0.00231773	0.144112	0.00275463	0.414198	0.0502617	0.00817607	0.00289997	0.000483062	0.00285925	0.0131518	0.0167046	0.17331	0.00488797	0.00997787
25	0.0165698	0.0271194	0.00101684	0.00762063	0.217799	0.00424802	0.0117545	0.0937075	0.00989164	0.346879	0.0534479	0.00213273	0.00513191	0.00092334	0.0099413	0.0158134	0.0133464	0.0702103	0.0338951	0.0585515
26	0.0174973	0.028153	0.00300046	0.00608928	0.337203	0.0059234	0.00725213	0.0573708	0.010212	0.29803	0.0447233	0.00436033	0.00615062	0.00329446	0.0255199	0.0276677	0.0147031	0.0529484	0.0142757	0.0356255
27	0.0296082	0.00900078	0.00260191	0.00628841	0.0676099	0.0106672	0.00505682	0.108922	0.00717606	0.475472	0.0732382	0.00916064	0.0125792	0.010014	0.00723112	0.0182553	0.0189437	0.110565	0.00779801	0.00981157
28	0.010913	0.00100072	0.00537649	0.0141482	0.000618961	0.00808797	0.0111349	0.00525594	0.477227	0.0071732	0.0189264	0.0373123	0.00159354	0.0355691	0.321927	0.0104184	0.0176745	0.0035943	0.0104072	0.00164114
29	0.10295	0.0117501	0.000744596	0.00175989	0.0963987	0.0186725	0.000600398	0.122449	0.00100208	0.315312	0.0511843	0.00121999	0.00459902	0.000511417	0.00174712	0.0257072	0.0340129	0.204771	0.00157659	0.00303177
30	0.0162821	0.0410751	0.0380362	0.0035464	0.00261739	0.00383738	0.190926	0.00314876	0.175734	0.00606094	0.00283463	0.182236	0.00264026	0.155874	0.100375	0.0303914	0.00576294	0.00496853	0.00225278	0.0313997
31	0.0124276	0.0149172	0.0194651	0.0100069	0.00135486	0.00581595	0.0747525	0.00527302	0.372374	0.0080979	0.0122284	0.0697294	0.00163597	0.0853624	0.249931	0.0195121	0.0127189	0.00429302	0.00562442	0.0144791
32	0.167766	0.0205338	0.000984469	0.00202831	0.0899472	0.0320316	0.000744592	0.113017	0.000514266	0.184413	0.0462934	0.00152714	0.00375877	0.000519973	0.000692787	0.0394228	0.0486105	0.242859	0.00185813	0.00247811
33	0.12827	0.00851522	0.00548296	0.0115303	0.0526898	0.032303	0.00131567	0.109884	0.00925524	0.165787	0.0421229	0.00110123	0.0662113	0.00150518	0.0117548	0.0315053	0.0315813	0.285286	0.00210192	0.00179706
34	0.113338	0.00771138	0.0194072	0.0197132	0.00532625	0.192451	0.00718481	0.00660577	0.0152731	0.0113615	0.0054928	0.170886	0.0122387	0.0157985	0.0235959	0.266352	0.0912335	0.00876458	0.00259805	0.00466747
35	0.110773	0.0679833	0.0254995	0.0225041	0.0664874	0.0402486	0.0265548	0.0376634	0.0527577	0.0388708	0.0183414	0.0510575	0.0117265	0.0280609	0.0676181	0.16179	0.0798305	0.0366892	0.0145489	0.0409941
36	0.0134544	0.00141373	0.000315006	0.00215769	0.0600015	0.000682194	0.000269856	0.155751	0.000670057	0.539327	0.0539584	0.00121863	0.000602473	0.000332387	0.00117144	0.00781564	0.0122533	0.145154	0.00111284	0.00233802
37	0.514349	0.0050589	0.00492706	0.00170202	0.0088795	0.0337492	0.00835638	0.00391414	0.00220366	0.021021	0.00156102	0.00186114	0.0138655	0.00113915	0.00285159	0.141222	0.176595	0.0477509	0.00306789	0.00592582
38	0.0275828	0.0102084	0.0151434	0.0074234	0.115786	0.0570823	0.00757857	0.0189489	0.00805113	0.0171896	0.00715816	0.0192638	0.00799897	0.00599257	0.0530659	0.21174	0.0256289	0.0202633	0.217037	0.146857
39	0.0136772	0.00140941	0.000302791	0.00221463	0.0606947	0.000642794	0.00026268	0.156813	0.00071028	0.53627	0.0543827	0.00118644	0.000665492	0.000277445	0.00119751	0.00779315	0.0124641	0.145444	0.00114916	0.00244227
40	0.442709	0.0242823	0.00664456	0.00301776	0.0370883	0.130982	0.00498698	0.00642339	0.00325083	0.0142215	0.00346132	0.0045131	0.0317249	0.00230564	0.00708667	0.103871	0.116798	0.038844	0.0147031	0.00308625
41	0.130385	0.0141874	0.0361593	0.028719	0.0235003	0.0528641	0.0451056	0.0177815	0.0328824	0.0534209	0.0259875	0.0622527	0.0194818	0.0475626	0.0499388	0.161743	0.127994	0.0374112	0.00685757	0.0257649
42	0.30713	0.0381778	0.014204	0.0104987	0.0150868	0.157974	0.00932794	0.0529951	0.00314076	0.0381669	0.0137548	0.00783845	0.00465595	0.00362448	0.0253333	0.131161	0.0686029	0.0942947	0.00228408	0.0017485
43	0.135666	0.016368	0.000713692	0.00164671	0.123416	0.0248296	0.000610187	0.108361	0.00164302	0.226125	0.0501332	0.00126622	0.00367311	0.000496062	0.00144437	0.0359733	0.0456607	0.215468	0.00199023	0.00451489
44	0.0157464	0.0268911	0.000974828	0.00778362	0.207669	0.00425597	0.0109185	0.0970606	0.0104412	0.35485	0.0547518	0.00210383	0.00529774	0.000940254	0.010151	0.0156184	0.0130559	0.0724189	0.0341598	0.0549111
45	0.146825	0.014403	0.0310963	0.0307295	0.0227724	0.0659206	0.0362494	0.0238151	0.0459183	0.0479859	0.021434	0.0500435	0.0172702	0.0354483	0.0604542	0.166415	0.115659	0.0399086	0.00684465	0.0208063
46	0.0148785	0.00151539	0.000325323	0.00215133	0.0665324	0.000775439	0.000310664	0.154483	0.00068346	0.52853	0.0538555	0.00122329	0.000661803	0.000290121	0.00122342	0.00815584	0.0134268	0.14726	0.00109626	0.00262172
47	0.143752	0.0139993	0.00271969	0.0052053	0.0825488	0.0343556	0.000441903	0.103264	0.00424785	0.204048	0.0509705	0.00100438	0.0330621	0.000828962	0.0054594	0.0363932	0.0408854	0.233094	0.00141018	0.00230912
48	0.325467	0.0505811	0.027867	0.00660068	0.0119994	0.194083	0.0158931	0.0201587	0.00594753	0.0249255	0.00412053	0.00787322	0.00785315	0.00332221	0.033241	0.154753	0.057685	0.0418553	0.00294045	0.00283274
49	0.53996	0.0029488	0.00500694	0.00320595	0.00563851	0.0223725	0.00918345	0.00743307	0.00204617	0.0250968	0.00332021	0.00212957	0.00845639	0.00097249	0.00219223	0.122958	0.168153	0.0599776	0.00197468	0.00697404
50	0.132157	0.00722408	0.000619242	0.00086472	0.0246867	0.0138263	0.00490649	0.167686	0.000645907	0.0782496	0.0255201	0.000837013	0.000958639	0.000515058	0.00085146	0.00547978	0.0270092	0.498615	0.00608877	0.00325915
51	0.0280919	0.00238868	0.0226242	0.0391727	0.00122262	0.0232106	0.0240449	0.0045118	0.368166	0.0102772	0.0147285	0.079118	0.00116388	0.0703566	0.23174	0.0311029	0.0294027	0.00335161	0.0135505	0.00177556
52	0.0225943	0.00207294	0.0265621	0.0466347	0.0013056	0.0123048	0.0191468	0.00412394	0.358363	0.0117303	0.0154305	0.0791876	0.000815859	0.0704474	0.243132	0.0349439	0.0374472	0.0028433	0.0100534	0.00086018
53	0.0363351	0.0112949	0.0166097	0.0239941	0.0086978	0.0248655	0.0281477	0.0115197	0.295861	0.0230179	0.0178398	0.0621665	0.00890725	0.0495523	0.248304	0.0500429	0.040926	0.018186	0.0112397	0.0124924
54	0.00834387	0.00211594	0.000823503	0.00122265	0.0383687	0.000608931	0.000418739	0.303314	0.00190643	0.325706	0.0372062	0.00215826	0.00047449	0.000407216	0.000960433	0.00455506	0.0093919	0.260547	0.000413247	0.00105777
55	0.204454	0.0273895	0.0196364	0.0245976	0.0266448	0.0540292	0.0263284	0.044763	0.0205616	0.0530123	0.0260843	0.0287418	0.00794317	0.0286907	0.0395516	0.145969	0.0929915	0.112399	0.00477402	0.0114382
56	0.133706	0.0152813	0.0418093	0.0329525	0.029665	0.0478653	0.0447318	0.0182299	0.0347376	0.0604829	0.0233716	0.0491114	0.0150404	0.0516683	0.0548985	0.151982	0.119667	0.0403972	0.00795207	0.0264507
57	0.117963	0.00678228	0.0390469	0.0187639	0.00528997	0.30825	0.00822478	0.0101294	0.0291106	0.0142826	0.00504518	0.039155	0.0389326	0.00457737	0.0727566	0.201405	0.0631986	0.0108095	0.00214252	0.004134
58	0.0592366	0.00706378	0.0482501	0.0702218	0.00514124	0.019908	0.0415394	0.00728943	0.223048	0.0186419	0.0100374	0.0703189	0.0027375	0.0812698	0.173682	0.0845616	0.0542409	0.0111841	0.00571459	0.00591233
59	0.0119692	0.0099735	0.001182	0.00415895	0.1024	0.00275881	0.00335742	0.0789189	0.00586747	0.53582	0.0986787	0.0017638	0.00410369	0.00359293	0.0123127	0.0177173	0.0110259	0.0706683	0.00951859	0.0142118
60	0.00331043	0.0215656	0.00112512	0.00140899	0.106403	0.0020007	0.150466	0.0016963	0.00152363	0.0423172	0.00151304	0.0221018	0.00221913	0.00121739	0.00952124	0.0184462	0.00302855	0.0162752	0.0154268	0.578434
61	0.121631	0.0134787	0.0269321	0.0271968	0.0233794	0.0570547	0.0367431	0.0203721	0.0642396	0.0411209	0.024482	0.0483216	0.0132878	0.0440083	0.100753	0.153488	0.123742	0.0352327	0.00660238	0.0179329
62	0.149107	0.0207907	0.000639067	0.00107128	0.122816	0.0281354	0.000874778	0.114094	0.00099343	0.193552	0.044485	0.0011555	0.00354799	0.000461238	0.00101101	0.0370447	0.0453836	0.22817	0.00244421	0.00422369
63	0.0120447	0.00329711	0.00113141	0.00198314	0.0583291	0.00100188	0.000976823	0.173883	0.00148403	0.514004	0.0593667	0.0021523	0.00258383	0.00312684	0.00159842	0.00751592	0.0110881	0.138275	0.0026755	0.00348282
64	0.0163407	0.00142849	0.00228398	0.00600272	0.00105076	0.0086338	0.0098675	0.0135964	0.483691	0.0117345	0.022199	0.0188851	0.00515498	0.0230106	0.328719	0.0097451	0.0199514	0.00968556	0.00642999	0.00159022
65	0.179951	0.0207601	0.000868673	0.00189792	0.0762755	0.0337847	0.00133523	0.119934	0.000497395	0.150069	0.0436832	0.00136924	0.00276654	0.000460067	0.000721202	0.0336697	0.0437744	0.282218	0.00272451	0.00323963
66	0.0109584	0.0726267	0.0021091	0.00220911	0.625585	0.00332455	0.00200032	0.00363757	0.00296729	0.166132	0.0214658	0.00487572	0.00198622	0.0023544	0.00730879	0.0510212	0.005912	0.00978633	0.00173485	0.00200455
67	0.0400567	0.00378319	0.000738558	0.00199185	0.0443757	0.00516372	0.00102855	0.171267	0.00181573	0.385257	0.0425784	0.00162659	0.003895	0.000488481	0.00203754	0.00850516	0.0149009	0.26702	0.00164599	0.00182516
68	0.170145	0.0220733	0.00057032	0.000740964	0.0781351	0.0326895	0.00109877	0.123338	0.000490957	0.154341	0.0429407	0.000826983	0.00282918	0.000351295	0.000552972	0.0298942	0.0429206	0.290299	0.00312614	0.00263673
69	0.128859	0.0148289	0.000575911	0.00168112	0.109926	0.0241451	0.00041362	0.109719	0.00138029	0.248112	0.0527653	0.00116837	0.0039654	0.000407948	0.00124281	0.0334507	0.044927	0.217961	0.00147849	0.00299315
70	0.386049	0.0167701	0.0053508	0.00680484	0.023327	0.0271051	0.00428973	0.00828769	0.00574741	0.0178903	0.00670222	0.00395986	0.00797778	0.00253438	0.0045791	0.372576	0.0524673	0.0412235	0.00225553	0.00410157
71	0.0124722	0.00155251	0.000329215	0.00172295	0.0552915	0.000495082	0.000309139	0.171082	0.000852862	0.499576	0.0523715	0.00123355	0.000319679	0.000280311	0.000926922	0.00653828	0.0108519	0.18174	0.000467287	0.00158634
72	0.16636	0.0216413	0.000611328	0.00104217	0.0910328	0.0331616	0.000440408	0.114467	0.000502671	0.179935	0.0463676	0.000993125	0.00356321	0.000348085	0.000540406	0.0369358	0.0472428	0.250443	0.00195231	0.00242021
73	0.153978	0.0184053	0.000979146	0.00200016	0.0961524	0.0318281	0.00045162	0.109292	0.00117343	0.200375	0.0513831	0.000948319	0.00882721	0.000491489	0.00156424	0.0362239	0.0450171	0.236302	0.00174445	0.00286224
74	0.0203521	0.00998528	0.000760652	0.00306598	0.120918	0.00331669	0.00197822	0.116291	0.00235053	0.48968	0.0685305	0.00209254	0.0025494	0.00218415	0.00369712	0.0122872	0.0124537	0.113232	0.00544088	0.0088341
75	0.218667	0.0285159	0.00333658	0.00838367	0.0589073	0.0445496	0.00278259	0.0978267	0.0006264	0.119287	0.0400671	0.00529688	0.00203158	0.00188994	0.00279437	0.0678901	0.0546646	0.239309	0.00155136	0.0016214
76	0.14676	0.0171895	0.000653899	0.00145602	0.101996	0.0272439	0.00047515	0.11221	0.000789807	0.207151	0.0499069	0.00105967	0.00505668	0.000441834	0.00116413	0.0328915	0.0428051	0.246269	0.00172063	0.00276095
77	0.0102108	0.00173989	0.411471	0.45472	0.00138703	0.0238102	0.00390096	0.00158454	0.01333	0.00302658	0.00127744	0.0223721	0.00659615	0.00734356	0.00388244	0.0131551	0.0155133	0.00283193	0.000872287	0.000975009
78	0.0231566	0.00240388	0.000298882	0.00222139	0.0656727	0.00250842	0.00036335	0.153685	0.000760112	0.508947	0.0542834	0.00122512	0.00100482	0.000287042	0.00114131	0.00996665	0.0159153	0.1518	0.00129699	0.00306194
79	0.169917	0.0214061	0.000644617	0.000842836	0.0654357	0.0318819	0.001718	0.133611	0.000523156	0.132019	0.0388932	0.00089748	0.00245756	0.000429048	0.00060365	0.026514	0.040171	0.325916	0.00349367	0.00262447
80	0.39646	0.00934472	0.00574386	0.00650603	0.0208713	0.0300205	0.008796	0.0390393	0.00380447	0.0543365	0.0156189	0.0046745	0.0110758	0.0034255	0.00650365	0.0928659	0.159885	0.123025	0.00252515	0.00547778
81	0.00354946	0.01743	0.00130161	0.00148594	0.0876635	0.00218691	0.174093	0.00179546	0.00158064	0.0357208	0.00172842	0.019623	0.00355054	0.0012355	0.0130091	0.0159143	0.00304621	0.013512	0.0199211	0.581652
82	0.0226864	0.0229171	0.00127543	0.00746466	0.23009	0.00465413	0.0108627	0.0899258	0.00865807	0.339164	0.0513152	0.00229131	0.0049311	0.00114133	0.00872432	0.0177705	0.0169405	0.0674099	0.0306424	0.0611344
83	0.0217135	0.00416299	0.0243382	0.0429591	0.00109352	0.0124359	0.0247463	0.00393344	0.356967	0.0277026	0.012468	0.0924074	0.000882154	0.0786078	0.212941	0.039195	0.0289687	0.00419472	0.00827604	0.00200655
84	0.0483959	0.00944368	0.0380397	0.0266741	0.00537514	0.297076	0.0046281	0.0045345	0.0581898	0.00978971	0.00428595	0.193015	0.00923389	0.0157802	0.0435944	0.160963	0.0528784	0.00876483	0.00287571	0.0064617
85	0.0139449	0.00466113	0.0113578	0.0181515	0.00140857	0.0133543	0.0126253	0.0051015	0.384238	0.0118811	0.0222852	0.0470972	0.00156071	0.0378265	0.256963	0.0155183	0.0246136	0.00438029	0.111082	0.00194942
86	0.120307	0.0155935	0.0431514	0.0417646	0.0248267	0.0484715	0.054407	0.0172994	0.0385953	0.0576675	0.0206525	0.0490961	0.0125736	0.0656891	0.0628392	0.139973	0.109715	0.040943	0.00744543	0.0289889
87	0.167366	0.0214838	0.000632849	0.00116381	0.0924631	0.0334612	0.000437751	0.11299	0.000458897	0.18226	0.0465611	0.00103307	0.00360168	0.00034488	0.000529399	0.0377322	0.0476374	0.24556	0.0018508	0.00243102
88	0.00343659	0.0214052	0.00111551	0.00138426	0.1104	0.0020496	0.149209	0.00163188	0.00159649	0.0408423	0.0014588	0.023241	0.00217424	0.00123595	0.00950513	0.0183529	0.00303634	0.0157732	0.0153681	0.576784
89	0.245953	0.0231273	0.0052491	0.0131701	0.0485804	0.0427262	0.00337982	0.0892102	0.000652207	0.108367	0.0413527	0.00735807	0.00190796	0.00202699	0.00321933	0.0820359	0.0596863	0.219235	0.00126211	0.00149966
90	0.147431	0.0145471	0.0298798	0.0314502	0.0223639	0.0671116	0.0355094	0.0247557	0.0485973	0.0466185	0.0213072	0.0490716	0.0168112	0.0341668	0.0623242	0.16545	0.114791	0.0409904	0.00702162	0.0198013
91	0.0301464	0.0187797	0.00673299	0.00709878	0.0393136	0.046793	0.00787935	0.0309282	0.0136654	0.184258	0.032343	0.00887429	0.00919039	0.00781729	0.0177365	0.0436047	0.0238176	0.0408647	0.414394	0.015763
92	0.0340793	0.00377669	0.000639542	0.0022522	0.0652264	0.00486692	0.000432786	0.145558	0.00099803	0.485467	0.0615738	0.00159129	0.00220043	0.000566776	0.00148247	0.0136863	0.0172424	0.154219	0.00134915	0.00279166
93	0.126428	0.0166676	0.0452793	0.0393898	0.0303658	0.0477921	0.0458852	0.0181308	0.0356524	0.0593549	0.0223218	0.0461187	0.0129074	0.0581304	0.0568264	0.146816	0.11304	0.0426805	0.009457	0.0267554
94	0.113595	0.0151026	0.000612076	0.0013879	0.118374	0.0200411	0.000847001	0.126151	0.000790758	0.268938	0.0458041	0.00115279	0.0030102	0.000484009	0.00104127	0.0302083	0.0385205	0.207622	0.00208628	0.00423153
95	0.0413911	0.0151126	0.0211265	0.0276939	0.00954116	0.0298904	0.0316642	0.0125253	0.262958	0.0300988	0.0181301	0.0520308	0.0123146	0.0429739	0.257172	0.0540163	0.0390929	0.0197987	0.0122466	0.0102221
96	0.337574	0.0143068	0.010412	0.0317901	0.0154318	0.0395415	0.00453974	0.0687486	0.00137121	0.0630918	0.0352339	0.012926	0.00104347	0.00278821	0.0042547	0.111641	0.0609942	0.182523	0.000663764	0.00112472
97	0.0482464	0.00550963	0.19647	0.28374	0.00120813	0.0671024	0.0284788	0.00151052	0.00909585	0.00310932	0.00113423	0.055829	0.0116083	0.0520808	0.0276788	0.0996948	0.102037	0.00382168	0.000553706	0.0010913
98	0.00536349	0.00970048	0.00121027	0.00145944	0.403617	0.00254287	0.0587597	0.00469532	0.00177985	0.0419574	0.00334749	0.0111887	0.00189645	0.00116379	0.00575173	0.0097655	0.00363886	0.00989756	0.00831988	0.413944
99	0.0167759	0.00209689	0.000515763	0.00174276	0.0602809	0.00142576	0.000373573	0.187901	0.000837087	0.47607	0.0492002	0.00155982	0.000546723	0.000340953	0.00112518	0.0078197	0.0121966	0.176526	0.000710073	0.00195494
100	0.227857	0.0233598	0.0267033	0.0213421	0.0116284	0.209248	0.0161391	0.0176297	0.0242793	0.0253222	0.00881706	0.02889	0.0146196	0.0126872	0.0606666	0.161555	0.0673628	0.0306133	0.00423548	0.00704389
101	0.0408519	0.0172916	0.0130331	0.0119516	0.0365386	0.021978	0.13016	0.0134879	0.0204721	0.0377954	0.0116809	0.0403539	0.0917638	0.0174701	0.102641	0.0587306	0.0362647	0.0234019	0.0779555	0.196178
102	0.133171	0.0103084	0.00504605	0.00949073	0.0635581	0.0370052	0.000715873	0.100108	0.008039	0.190806	0.043822	0.00139758	0.0802124	0.00158551	0.011028	0.0430288	0.0377596	0.22002	0.00138708	0.0015101
103	0.0555468	0.00566571	0.000599803	0.0016516	0.0543844	0.00762514	0.00121681	0.166768	0.00106789	0.363353	0.0473115	0.00108215	0.0023855	0.000297497	0.0011121	0.0112868	0.0189674	0.256215	0.00151927	0.00194397
104	0.0870152	0.0122163	0.0311401	0.048938	0.0155614	0.0325827	0.0453369	0.0247907	0.106043	0.0460127	0.0203321	0.0473366	0.00895035	0.125785	0.113784	0.110287	0.0761493	0.0269102	0.00614245	0.0146851
105	0.05733	0.00917632	0.00634524	0.00718362	0.0986775	0.0107478	0.00625836	0.0729834	0.105997	0.116783	0.0835983	0.0104253	0.00750964	0.00620674	0.057713	0.13868	0.103376	0.093004	0.00315613	0.0048486
106	0.0596598	0.00684508	0.000732462	0.00260372	0.0778811	0.0113752	0.000456139	0.133283	0.00127446	0.417688	0.058507	0.00119803	0.00480981	0.000389284	0.00195781	0.0179307	0.0235959	0.174992	0.00167432	0.0031462
107	0.273077	0.0032097	0.00216076	0.00192235	0.00276786	0.00628979	0.0143534	0.0254117	0.00389698	0.0105066	0.00303136	0.00244848	0.00376304	0.00193391	0.00369403	0.0715421	0.518744	0.0464499	0.00160009	0.00319714
108	0.0242106	0.0191559	0.0435313	0.00953791	0.00315366	0.0465469	0.00286756	0.00354519	0.0419482	0.00655601	0.00432443	0.419551	0.00216406	0.0281592	0.0217912	0.198128	0.0957418	0.00468031	0.00210558	0.0223017
109	0.174616	0.0217801	0.00109611	0.00239814	0.087707	0.035707	0.000751113	0.10934	0.000522573	0.173587	0.0464235	0.00169015	0.00390963	0.000455559	0.00083114	0.0419679	0.0482997	0.244742	0.00176371	0.00241105
110	0.114906	0.233712	0.00971689	0.0138511	0.0931171	0.0330215	0.0188329	0.0294457	0.0174824	0.068863	0.0171315	0.0188483	0.00821563	0.0126611	0.0378773	0.13989	0.0297282	0.0588953	0.0139922	0.0298111
111	0.00482507	0.00361246	0.0010253	0.000854721	0.00408555	0.00149992	0.00146432	0.498131	0.00438032	0.0460525	0.0236597	0.00120321	0.00111936	0.000714972	0.00111629	0.0026469	0.023657	0.378047	0.00108576	0.000818336
112	0.124853	0.00667368	0.000489834	0.000599121	0.0244029	0.0123221	0.00468772	0.167621	0.000600767	0.0803359	0.025113	0.000776848	0.000996857	0.00045577	0.000844731	0.00398813	0.0249806	0.511024	0.00611803	0.00311607
113	0.0323039	0.0111014	0.00447214	0.00640562	0.0695078	0.0103195	0.00562497	0.0990094	0.0109469	0.477446	0.0739767	0.0065971	0.0099153	0.00970233	0.0102886	0.0216852	0.0196384	0.10221	0.00754623	0.0113022
114	0.0311269	0.0262526	0.00372326	0.00379382	0.457756	0.00869283	0.0101436	0.0413194	0.00474362	0.151988	0.0218302	0.0071802	0.00309554	0.0024808	0.00699158	0.0298024	0.0152856	0.0555486	0.0111898	0.107055
115	0.0126889	0.00162112	0.000573108	0.00210011	0.0667882	0.000750042	0.000398057	0.158328	0.000832716	0.526818	0.0608074	0.00168677	0.000695338	0.000535797	0.00149685	0.00786027	0.0114262	0.140814	0.00125164	0.00252851
116	0.00265867	0.00311039	0.000301711	0.000353826	0.00404097	0.00055054	0.000372338	0.468551	0.00357867	0.0507666	0.021705	0.000458627	0.000319968	0.000351249	0.000493579	0.00105491	0.00902994	0.4318	0.000240696	0.000260703
117	0.02327	0.00677619	0.0161687	0.0235699	0.00522811	0.0151662	0.0477664	0.00812364	0.0451402	0.027433	0.0117888	0.0315521	0.00750258	0.613017	0.0395548	0.0301879	0.0280083	0.0102693	0.00328979	0.00618711
118	0.143894	0.0390156	0.0210842	0.0209432	0.0281626	0.0526761	0.0115126	0.0171176	0.0200205	0.0363065	0.0127737	0.0442894	0.0176837	0.0152813	0.0272822	0.344892	0.0866148	0.0365061	0.0110566	0.0128881
119	0.113759	0.00755992	0.000474297	0.00056505	0.0251101	0.0117377	0.00373146	0.169587	0.00101761	0.103843	0.0300994	0.000769012	0.00115284	0.000405411	0.000819927	0.00492991	0.0231787	0.493511	0.00503934	0.0027097
120	0.0351993	0.00589304	0.373789	0.275978	0.00499973	0.0444643	0.011391	0.00878072	0.0296288	0.0141061	0.00590129	0.0482696	0.0103547	0.0170644	0.0200724	0.0413283	0.0321142	0.0146799	0.00225357	0.00373179
121	0.0332933	0.0169964	0.0199093	0.0267911	0.0113795	0.0256948	0.027754	0.0122168	0.275817	0.0256088	0.0186877	0.0549905	0.00835308	0.0432208	0.256591	0.0493233	0.0399484	0.0181776	0.0239264	0.0113201
122	0.0123651	0.00157595	0.000408256	0.00168112	0.0547254	0.000497809	0.000316609	0.173093	0.000873442	0.495654	0.052346	0.00132289	0.000341023	0.000297077	0.000911026	0.00646949	0.0108376	0.184355	0.000415973	0.00151317
123	0.124402	0.0064687	0.000486835	0.000594208	0.0240592	0.0120558	0.00471784	0.168171	0.000610305	0.0798863	0.0250542	0.000768577	0.000973627	0.000455006	0.00084124	0.0036704	0.0248368	0.512685	0.00612407	0.00313856
124	0.0170822	0.010341	0.00612597	0.00777393	0.00949256	0.00925725	0.0196339	0.0268304	0.0255142	0.455575	0.0614076	0.0131319	0.0195732	0.236009	0.0156241	0.0188572	0.0218259	0.0151057	0.00523303	0.00560511
125	0.118967	0.0808538	0.00599975	0.0078041	0.0865451	0.0264325	0.00520915	0.10129	0.0157529	0.0989636	0.0626587	0.00890166	0.00536329	0.00534493	0.0127736	0.118247	0.0650911	0.163931	0.00431382	0.00555654
126	0.0132527	0.0018048	0.00038393	0.00193534	0.0862222	0.000750341	0.000537526	0.155718	0.00087863	0.513364	0.0561774	0.00161651	0.000620746	0.000363795	0.0013289	0.00736386	0.0114697	0.142047	0.00144056	0.00272343
127	0.286357	0.0266251	0.0175665	0.0158034	0.0164601	0.277753	0.00880142	0.0184204	0.00745695	0.0256938	0.00801069	0.0161854	0.0120873	0.00555866	0.0263013	0.117991	0.05879	0.0436396	0.00635676	0.00414181
128	0.105108	0.138919	0.00427234	0.00540985	0.305903	0.0231182	0.00617064	0.0356006	0.00757377	0.122458	0.024454	0.00880277	0.00436389	0.00505857	0.0147663	0.0682956	0.0265515	0.0721627	0.00578946	0.0152209
129	0.0135518	0.00170612	0.0003665	0.00192988	0.0853507	0.000741604	0.000530203	0.154945	0.000881352	0.516091	0.055057	0.00138425	0.000561641	0.000396388	0.00136239	0.007426	0.0115177	0.141742	0.0015188	0.00294013
130	0.00435748	0.0170256	0.00230689	0.00181582	0.0968971	0.00406876	0.155271	0.00242081	0.00183572	0.0347909	0.00219973	0.0198733	0.00357511	0.00154418	0.0136312	0.0199761	0.00421985	0.0142321	0.0307714	0.569187
131	0.0196228	0.00446782	0.000949608	0.00124061	0.011536	0.00340057	0.000992103	0.420087	0.00442298	0.0792296	0.0347786	0.000997454	0.00214267	0.000481252	0.00119146	0.00334828	0.0133363	0.395746	0.000983987	0.00104515
132	0.0100909	0.00135738	0.00143213	0.00533457	0.000785046	0.00636736	0.0124706	0.00743481	0.499952	0.00866178	0.0184954	0.0193966	0.00261665	0.0245651	0.347204	0.0065278	0.0130742	0.00514778	0.00696487	0.00212085
133	0.0170038	0.0261584	0.00100665	0.00751811	0.227114	0.00425249	0.0122433	0.0925402	0.00944716	0.340299	0.051893	0.00206714	0.00482544	0.000948594	0.0095752	0.0159212	0.0138048	0.0707886	0.0329868	0.0596066
134	0.0117073	0.00183208	0.00880217	0.0182463	0.000834363	0.0147187	0.0100733	0.00418579	0.449257	0.00670398	0.019799	0.0583103	0.00142063	0.0379314	0.299587	0.0128976	0.0218452	0.00294352	0.0176886	0.00121595
135	0.0144028	0.00521775	0.00591364	0.0129074	0.00336124	0.118536	0.00813418	0.00605513	0.394187	0.0105176	0.0115848	0.0801487	0.00307724	0.0237697	0.250435	0.0173659	0.015835	0.00670492	0.0101409	0.00170518
136	0.00405699	0.0038743	0.000419275	0.00043399	0.00647354	0.000900588	0.000351789	0.448282	0.00381769	0.082944	0.0246454	0.000806475	0.000384116	0.000416888	0.00055484	0.00148657	0.00860371	0.410977	0.000252435	0.000318922
137	0.0206823	0.000808935	0.0181736	0.0394827	0.000662268	0.0116143	0.0138917	0.00439115	0.415685	0.00942108	0.0155268	0.0613102	0.00112325	0.0614731	0.256432	0.0278216	0.0284029	0.00273732	0.00952075	0.000838748
138	0.0577465	0.00790934	0.0107476	0.0194062	0.0144269	0.0196949	0.0115388	0.0264554	0.0155183	0.0786624	0.0168285	0.0135191	0.445107	0.0577059	0.0220464	0.0508686	0.0407527	0.07866	0.00513722	0.00726812
139	0.00346289	0.0226026	0.00113555	0.00142815	0.113795	0.00202237	0.148283	0.00174576	0.0015147	0.0423553	0.00148988	0.022335	0.00215215	0.00131665	0.00916774	0.0189501	0.0031092	0.0173734	0.0145078	0.571253
140	0.0449989	0.00294191	0.00559821	0.0142285	0.00802398	0.0141026	0.00409433	0.00906903	0.00632719	0.0483949	0.00587931	0.00541518	0.716532	0.00764943	0.0122926	0.0433387	0.0252434	0.0193795	0.00398039	0.0025096
141	0.0162546	0.00367917	0.00958037	0.0177577	0.00287974	0.0107475	0.0133612	0.00910056	0.418814	0.0113406	0.0316174	0.038781	0.0025541	0.0418179	0.304765	0.0199875	0.0270228	0.00644074	0.0113753	0.0021229
142	0.122536	0.0897415	0.00695449	0.00679485	0.0513097	0.0285617	0.00806219	0.12471	0.00851719	0.0987849	0.0314607	0.00884994	0.00732571	0.00774799	0.0106313	0.0713262	0.0356392	0.258941	0.00796533	0.0141402
143	0.0203775	0.00547477	0.00090693	0.00253416	0.0526491	0.00304557	0.00102315	0.146113	0.00200453	0.515196	0.0691278	0.00167925	0.00440362	0.00789991	0.00241238	0.00957644	0.012417	0.135784	0.0035856	0.00379004
144	0.00769243	0.00459178	0.000360698	0.000381764	0.00511862	0.00116515	0.000536955	0.425112	0.00380058	0.0818153	0.0265693	0.000506637	0.000347398	0.000375303	0.000545488	0.0011095	0.0088941	0.430206	0.000528734	0.000341814
145	0.0265996	0.00808008	0.0114573	0.0189422	0.00612168	0.0150766	0.0448116	0.00786819	0.0430479	0.029828	0.0119376	0.022304	0.010474	0.630005	0.0399939	0.0286189	0.0253432	0.0090726	0.00534215	0.00507563
146	0.0279835	0.00817888	0.0054573	0.00403898	0.0262172	0.00843512	0.00419497	0.311974	0.0150615	0.124212	0.144335	0.00862251	0.00765952	0.00259514	0.00504526	0.0178031	0.0210751	0.25137	0.00290384	0.0028372
147	0.0433753	0.00446259	0.00596727	0.0122405	0.0120941	0.011197	0.00524786	0.012588	0.0093103	0.0510807	0.0083224	0.00699803	0.693307	0.00653291	0.0107758	0.0468471	0.0278905	0.0230276	0.00271504	0.00601978
148	0.0552244	0.0138542	0.00832516	0.0163514	0.0634244	0.019826	0.00893038	0.0890569	0.0491368	0.290593	0.100362	0.0129389	0.0133977	0.0138864	0.0412172	0.0371735	0.0303313	0.117611	0.00910814	0.0092525
149	0.0792854	0.183955	0.0197926	0.0196591	0.0332058	0.0374418	0.0342729	0.0167561	0.0758699	0.0336026	0.0134189	0.0440109	0.0128081	0.0254743	0.148756	0.114002	0.0414285	0.0286462	0.0171362	0.0204777
150	0.0451977	0.0162513	0.0459165	0.0315339	0.0145316	0.0474771	0.0436716	0.0103951	0.0982612	0.0244059	0.0105028	0.254973	0.00773645	0.0522212	0.0745932	0.116549	0.0533319	0.0155233	0.0115274	0.0254003
151	0.030559	0.00598594	0.2398	0.383124	0.00572	0.0535708	0.0133166	0.00783718	0.0312562	0.0158117	0.0072842	0.0348933	0.0125695	0.0258155	0.0245719	0.0455025	0.0397934	0.0144526	0.00378254	0.00435286
152	0.0101464	0.00131567	0.00154268	0.00539218	0.000760615	0.00645615	0.0117197	0.00746793	0.500777	0.00852178	0.0195819	0.0202672	0.00279477	0.0238411	0.344457	0.00661409	0.0137672	0.00507876	0.00750838	0.0019892
153	0.0392477	0.00515515	0.234621	0.351671	0.0057174	0.0556875	0.0154534	0.0113323	0.0358249	0.015119	0.00710072	0.038044	0.0106025	0.0294415	0.0264236	0.0496848	0.046386	0.0162362	0.0026317	0.00361976
154	0.117002	0.034353	0.00262494	0.00444594	0.085958	0.0231291	0.0041322	0.136044	0.00410241	0.172214	0.0410672	0.00326668	0.00607644	0.00371707	0.00527991	0.0312912	0.0357345	0.27549	0.00600933	0.00806082
155	0.00640629	0.0105558	0.00120609	0.0021054	0.398867	0.00253843	0.0498896	0.00950752	0.00224415	0.068485	0.00675495	0.00959419	0.00193906	0.00124294	0.00546908	0.0107141	0.00489279	0.0138103	0.00850497	0.385273
156	0.0518206	0.0066077	0.142677	0.231983	0.00350273	0.046125	0.0416013	0.00341163	0.065539	0.0114256	0.00270717	0.050281	0.00730408	0.0810327	0.0681666	0.0941656	0.0778609	0.00719325	0.00238061	0.00421491
157	0.0955163	0.0128968	0.0228739	0.0319663	0.018782	0.0316801	0.0334681	0.0179998	0.0274243	0.0472552	0.0407159	0.0274234	0.010737	0.318176	0.0359797	0.0801489	0.0925471	0.0346468	0.00723969	0.0125233
158	0.239349	0.026675	0.016359	0.0185202	0.0155154	0.04703	0.0161505	0.0134621	0.0468122	0.0260868	0.0104366	0.0248565	0.0133251	0.01505	0.0357109	0.315019	0.0772404	0.0269978	0.00438178	0.0110218
159	0.0553257	0.0239678	0.00189568	0.00207933	0.0269302	0.0111489	0.00195144	0.335958	0.00537587	0.0907239	0.031151	0.00335879	0.00385094	0.00114863	0.00357489	0.0165878	0.0208112	0.35962	0.00231237	0.00222739
160	0.186956	0.0177911	0.0243185	0.0218364	0.00461479	0.414159	0.00484413	0.00773129	0.00985312	0.0109385	0.0033433	0.0203458	0.0173831	0.00259808	0.0480573	0.155676	0.03331	0.0122289	0.00188454	0.00213068
161	0.290274	0.0146328	0.0271134	0.0314832	0.013591	0.0492896	0.0422114	0.0163294	0.02716	0.0351336	0.0136587	0.0290338	0.0111226	0.0295913	0.0333702	0.155807	0.120619	0.0423139	0.00467441	0.0125899
162	0.178556	0.0260831	0.00127904	0.00301933	0.0520356	0.0305589	0.00265279	0.130108	0.00106066	0.1108	0.0382146	0.00222422	0.0024983	0.00116293	0.00169175	0.0326846	0.0400673	0.338988	0.00360429	0.0027102
163	0.180891	0.396887	0.00338356	0.00431948	0.0110855	0.00641644	0.0036449	0.00655895	0.00606927	0.00927595	0.00504172	0.00602972	0.00289246	0.00336341	0.00977317	0.295544	0.0122824	0.0287366	0.00327893	0.00452591
164	0.159182	0.0308169	0.0221878	0.0266279	0.0262638	0.0627482	0.0263597	0.0449556	0.0234387	0.054985	0.0360809	0.0407344	0.00966778	0.0403809	0.0357192	0.150742	0.093241	0.0948041	0.00771049	0.0133538
165	0.0030078	0.00767777	0.000961139	0.00105222	0.00370933	0.0014933	0.000927172	0.0449019	0.000998255	0.737585	0.154477	0.00130271	0.00646375	0.0165215	0.0027741	0.00378348	0.00325876	0.00343459	0.00498012	0.000690037
166	0.0177077	0.00183871	0.522997	0.311273	0.00164139	0.0256628	0.00341797	0.00138712	0.0176365	0.00311841	0.00139014	0.0455637	0.00661545	0.00554618	0.00372919	0.0129132	0.0134891	0.00239254	0.00077876	0.000901668
167	0.0348054	0.0245647	0.011805	0.0111483	0.025382	0.0469387	0.0172157	0.0161216	0.035519	0.0806379	0.0222227	0.0211693	0.0081759	0.0118785	0.0351144	0.0585997	0.0280669	0.0257205	0.449937	0.0349766
168	0.0546312	0.00473506	0.00827904	0.0166718	0.00855412	0.0147631	0.00612034	0.00921689	0.00592508	0.0472713	0.00609933	0.00859936	0.65674	0.00974213	0.0131191	0.0527834	0.050811	0.0191712	0.00328689	0.00347927
169	0.00979103	0.00136543	0.00144015	0.005639	0.000730813	0.00626704	0.0125866	0.00703547	0.496283	0.00833114	0.018179	0.0201174	0.00239624	0.0254008	0.350606	0.0065441	0.0129579	0.00493916	0.00727647	0.00211268
170	0.0456934	0.00525725	0.205692	0.29197	0.00105069	0.0690671	0.0268793	0.00166722	0.00788891	0.00285265	0.00100205	0.0544537	0.0121085	0.0477772	0.0248772	0.0962382	0.100431	0.0038952	0.000504158	0.000694017
171	0.0287492	0.0689568	0.0232105	0.0132571	0.00950035	0.0132224	0.0948314	0.00958442	0.191046	0.0129392	0.00696037	0.102639	0.00683941	0.0721705	0.196021	0.0983737	0.0218088	0.0103565	0.00431956	0.0152139
172	0.0124221	0.00127055	0.000378335	0.00194235	0.0788647	0.000652558	0.000335313	0.159734	0.000656388	0.518102	0.0586787	0.00162917	0.00045093	0.000410618	0.00130242	0.00721247	0.0108651	0.142423	0.000742119	0.00192785
173	0.0290983	0.0100516	0.00236578	0.00440122	0.0657354	0.00690132	0.00444349	0.111972	0.00651066	0.491733	0.0763306	0.00433815	0.0133246	0.0112333	0.00760421	0.0149776	0.0166299	0.107118	0.00631183	0.00891928
174	0.00163155	0.00310592	0.00030418	0.000358281	0.00376335	0.000474613	0.000326691	0.474036	0.00353403	0.0493902	0.0215028	0.000456705	0.000316832	0.000350734	0.000478232	0.000974537	0.0089603	0.429577	0.000205056	0.000253403
175	0.0243565	0.00787017	0.0204236	0.0319501	0.00399743	0.018573	0.0461652	0.00807733	0.0506055	0.033919	0.0117501	0.0325323	0.00700742	0.581586	0.0416986	0.0335193	0.0283046	0.00857957	0.00345562	0.00562809
176	0.00318223	0.00305796	0.00030354	0.000365109	0.00398707	0.000642834	0.000359588	0.469414	0.00346701	0.0496781	0.0214834	0.000457175	0.000317628	0.000349087	0.00049073	0.00100026	0.009143	0.431739	0.000282503	0.000280364
177	0.034042	0.0106467	0.00275151	0.00567767	0.0717261	0.00822213	0.00323352	0.0994218	0.00967054	0.491935	0.0753422	0.00453185	0.00894854	0.00831616	0.00890978	0.01887	0.0184589	0.0991285	0.010613	0.00955405
178	0.0351633	0.00531723	0.393594	0.255067	0.00815169	0.0439016	0.0122429	0.00610935	0.0316587	0.0116912	0.00506342	0.0562192	0.00849514	0.0168304	0.0179153	0.0403274	0.0306773	0.0116096	0.00411449	0.00585065
179	0.0315373	0.00647369	0.382185	0.257474	0.00554548	0.0531287	0.0108907	0.00444737	0.0338535	0.0112997	0.00724582	0.0530835	0.00792586	0.0175909	0.020395	0.0411148	0.0318551	0.00873449	0.0110219	0.00419699
180	0.136047	0.0245217	0.0215592	0.0225656	0.0276559	0.0583072	0.0137204	0.0192264	0.0324496	0.0438738	0.0142171	0.0546013	0.0243763	0.0172707	0.0370733	0.301981	0.0855386	0.0356498	0.0133125	0.0160531
181	0.0391359	0.0100778	0.085633	0.0155422	0.0034205	0.0514545	0.00275282	0.00307551	0.0218936	0.00601313	0.00317872	0.363458	0.00227925	0.0206217	0.0112984	0.264657	0.0780393	0.00486942	0.00207285	0.0105266
182	0.00983033	0.00139705	0.501311	0.38992	0.00140908	0.0187943	0.00176379	0.00134404	0.0161718	0.00272637	0.00118867	0.0283514	0.00653098	0.00166191	0.00182877	0.00480243	0.00715667	0.00219032	0.000726952	0.000894553
183	0.0774218	0.00183035	0.0143569	0.0306164	0.0321071	0.0396203	0.00114136	0.0921885	0.0233752	0.169331	0.0508906	0.00185059	0.12564	0.00287728	0.0248713	0.0381351	0.0220471	0.249653	0.00088783	0.00115829
184	0.170333	0.0271936	0.00231114	0.00456802	0.0619116	0.0313565	0.00310996	0.113325	0.00133007	0.132773	0.0379416	0.00336716	0.00435308	0.00214106	0.00258182	0.0426164	0.0869228	0.266219	0.00296943	0.00267561
185	0.0782298	0.00958663	0.0184754	0.0465581	0.0119486	0.0272476	0.0258967	0.037361	0.0907554	0.0286906	0.0368077	0.0318081	0.00871937	0.210854	0.151014	0.0920691	0.0547158	0.0226523	0.00677702	0.00983326
186	0.12859	0.0241983	0.0344704	0.0357343	0.0326472	0.0529747	0.0391344	0.0235317	0.0287045	0.0697854	0.0334746	0.0434917	0.0129649	0.0549804	0.0442514	0.141039	0.115467	0.0516431	0.0115869	0.0213298
187	0.00357889	0.00734531	0.000977611	0.00135222	0.00644923	0.0018647	0.00103286	0.0453894	0.00131595	0.725321	0.157249	0.00135445	0.00589243	0.0151795	0.00301797	0.00490054	0.00386789	0.00840886	0.00465526	0.000847325
188	0.0400198	0.00914661	0.00372725	0.00497881	0.0355318	0.0103086	0.00397388	0.302406	0.00834409	0.184644	0.0345731	0.00621464	0.0049363	0.00369266	0.00679546	0.0194297	0.0249471	0.287759	0.00352015	0.00505107
189	0.0189453	0.000748157	0.0179947	0.0382922	0.000591152	0.0106109	0.0126162	0.00401196	0.430815	0.00851293	0.0164706	0.0625464	0.00105483	0.0592546	0.249995	0.025749	0.028451	0.00247292	0.010138	0.000729251
190	0.0521854	0.00504713	0.201097	0.279072	0.00119245	0.0760181	0.0256232	0.00183181	0.00750435	0.00300757	0.00111292	0.0576496	0.0116543	0.0463109	0.0243432	0.0966249	0.103921	0.00438576	0.000704826	0.000713855
191	0.014194	0.00226404	0.381417	0.445896	0.00162961	0.0290358	0.00626943	0.00174128	0.0147297	0.00333747	0.00164628	0.0264786	0.00698192	0.0109893	0.00741173	0.0191593	0.0216529	0.00300273	0.000940139	0.00122333
