452	20
1	0.0143229	0.00207462	0.00176134	0.00316267	0.00384093	0.000472285	0.000484258	0.207892	0.000469197	0.592395	0.0457167	0.000430907	0.000981905	0.000564646	0.00186505	0.000841571	0.00801724	0.109861	0.000108214	0.00473703
2	0.0166971	0.00294007	0.000232269	0.000346107	0.0174988	0.000291877	0.000266164	0.319691	0.000263323	0.115515	0.0138333	0.000598085	0.000845418	0.00128876	0.000315867	0.00123367	0.00425534	0.500217	0.000419789	0.00325162
3	0.0144427	0.00735267	0.000473296	0.00132386	0.0203442	0.00061258	0.000638772	0.251519	0.000602483	0.164296	0.0487281	0.000785699	0.000663092	0.00409476	0.00299765	0.00232083	0.0144967	0.459919	0.000457883	0.00393067
4	0.0181113	0.00165898	0.000611231	0.000726219	0.00236378	0.000779186	0.00056256	0.550962	0.000670136	0.0013142	0.00893995	0.000736847	0.000345086	0.000850664	0.0010461	0.00156031	0.00212761	0.406039	0.000146887	0.000448447
5	0.00962983	0.000698182	0.00368421	0.00296656	0.000648696	0.955869	0.00377158	0.000902113	0.00133631	0.00114027	0.000517992	0.00335876	0.000998443	0.00304901	0.00263255	0.00412281	0.0016422	0.00129578	0.000118368	0.00161734
6	0.16261	0.00378139	0.0327551	0.0111405	0.013593	0.0433334	0.0667292	0.0160338	0.00676204	0.0349235	0.0050213	0.453837	0.00508655	0.0120504	0.00785155	0.053804	0.0120129	0.00994602	0.00149629	0.0472316
7	0.0095923	0.000247332	0.00286716	0.00164395	0.000250473	0.976097	0.000994531	0.000400783	0.000368349	0.000492884	0.000345633	0.0007256	0.000234447	0.000425963	0.00167919	0.0020265	0.000704836	0.000587911	8.24901e-05	0.000232274
8	0.0553923	0.00784607	0.0139426	0.0184171	0.0126061	0.0213325	0.0190029	0.146706	0.0218392	0.0929315	0.277577	0.0209629	0.0893057	0.0276363	0.0173615	0.0375285	0.0382678	0.0705191	0.00248873	0.00833595
9	0.420851	0.0185243	0.00719525	0.00912669	0.00482239	0.0529102	0.00497137	0.0331215	0.0085112	0.0280406	0.0118237	0.00714057	0.00306251	0.00582519	0.0103408	0.121916	0.131367	0.116012	0.000750363	0.00368803
10	0.317614	0.0235504	0.00441037	0.00503229	0.00124709	0.455822	0.00292301	0.00479744	0.00184097	0.00162704	0.00198451	0.00368374	0.00737429	0.00289255	0.00700388	0.102529	0.0433076	0.0111751	0.000232211	0.000953252
11	0.0403368	0.0294726	0.00474868	0.00610376	0.00297914	0.0268213	0.0449708	0.317134	0.00551908	0.0360419	0.112201	0.00486102	0.00286821	0.145556	0.0255425	0.0130282	0.00968458	0.126146	0.0214025	0.024582
12	0.074154	0.00145957	0.179756	0.488793	0.000620199	0.0216749	0.00895586	0.00460601	0.0223895	0.00466146	0.00387334	0.0188038	0.00137786	0.0745977	0.0268853	0.0249055	0.0292323	0.0099423	0.0011644	0.00214608
13	0.0484764	0.00832713	0.0948795	0.272851	0.00169269	0.0149563	0.038717	0.00713375	0.0587932	0.0247348	0.00678123	0.0765028	0.0010931	0.0947105	0.0873806	0.0464283	0.0958979	0.014592	0.00322107	0.00283034
14	0.013594	0.00400114	0.00102242	0.00239898	0.0261958	0.000449988	0.000534696	0.209133	0.000456972	0.431609	0.0958269	0.000466668	0.000534459	0.00350742	0.00457699	0.000913498	0.0160285	0.181608	8.39161e-05	0.00705772
15	0.0241534	0.0139305	0.00215595	0.00857302	0.0630523	0.00229564	0.0446977	0.109119	0.0163437	0.415802	0.0226177	0.00307317	0.000747919	0.00733734	0.0316749	0.0165803	0.0491943	0.148196	0.000283178	0.0201725
16	0.161607	0.00113008	0.0993435	0.222844	0.00103796	0.0180153	0.00442336	0.0105433	0.190792	0.00447003	0.00191248	0.0335391	0.00108733	0.0603025	0.0348711	0.139128	0.0100103	0.00329478	0.000347467	0.00129984
17	0.0261596	0.0449961	0.000695277	0.000948155	0.000766607	0.00100433	0.00416771	0.216471	0.000966404	0.0379754	0.0178848	0.00449057	0.000646349	0.00270355	0.0106621	0.0144684	0.084084	0.530175	0.00019658	0.000537867
18	0.0098976	0.0150974	0.00220936	0.00282923	0.365267	0.00272652	0.00205705	0.217302	0.00240518	0.18832	0.0234319	0.00245255	0.0024148	0.0025986	0.00239829	0.00764651	0.00553267	0.113721	0.000773721	0.0309182
19	0.113856	0.0719099	0.00478728	0.00353634	0.00159008	0.598536	0.00390124	0.00381587	0.00581086	0.0047385	0.00274003	0.0321773	0.00274534	0.00530362	0.00644996	0.0869521	0.0416663	0.00674063	0.000807948	0.00193445
20	0.25047	0.00574183	0.200576	0.229705	0.000649328	0.108207	0.00195844	0.00130599	0.0345504	0.00171106	0.00131215	0.00943743	0.00746183	0.0428192	0.00407426	0.0685247	0.0270915	0.00314709	0.00044197	0.000814755
21	0.0683052	0.00269752	0.142811	0.480736	0.00267301	0.0265086	0.0161054	0.00921564	0.0322065	0.011748	0.00675777	0.0237098	0.00689381	0.0586209	0.0306734	0.0295284	0.0306943	0.0139476	0.00195791	0.00420954
22	0.117142	0.00157942	0.00256975	0.0155408	0.0121361	0.0869549	0.00245737	0.119839	0.0149455	0.074513	0.00310987	0.00362442	0.262216	0.0160157	0.0431712	0.00682196	0.0674874	0.14748	0.000636504	0.00176003
23	0.178658	0.0170198	0.0206954	0.0441909	0.00625008	0.14333	0.0831432	0.0116076	0.0193704	0.0165187	0.0155206	0.145438	0.118202	0.0177553	0.0166399	0.0620563	0.0495451	0.0259872	0.0014821	0.0065898
24	0.00895979	0.00348852	0.00172997	0.00414937	0.191714	0.00496794	0.0460757	0.00828309	0.00233505	0.0228212	0.00778494	0.00251446	0.00120035	0.00186746	0.00456173	0.00936808	0.00335646	0.00489692	0.0268171	0.643108
25	0.00933508	0.00128397	0.524187	0.0213972	0.00122712	0.0494602	0.00951396	0.00205478	0.00463119	0.00536803	0.00187528	0.305651	0.00333385	0.00399931	0.00283834	0.0359371	0.0127725	0.00335492	0.000414003	0.00136488
26	0.0366196	0.0047619	0.0134739	0.0317994	0.00505519	0.0184241	0.0186892	0.0223496	0.134895	0.0160866	0.00879698	0.0141824	0.011699	0.0615591	0.516535	0.0188892	0.0292452	0.0272807	0.00204144	0.00761629
27	0.0211722	0.00778337	0.00151684	0.00273725	0.0129612	0.00143824	0.00222791	0.353602	0.00215378	0.0964798	0.0407683	0.00218391	0.00240536	0.00368829	0.00464434	0.00698524	0.0184699	0.414689	0.000706926	0.00338597
28	0.0787205	0.00436779	0.0035876	0.0134378	0.00285911	0.135872	0.0575501	0.00469633	0.0226491	0.27064	0.101829	0.0328808	0.00357836	0.139928	0.0545094	0.0287092	0.0132133	0.00718118	0.00103827	0.0227531
29	0.0127089	0.0033453	0.00220118	0.00317322	0.0216665	0.00132881	0.00143445	0.159825	0.00167459	0.605354	0.0701162	0.000637129	0.00118611	0.00228084	0.00232514	0.00208508	0.0105989	0.0932774	0.000176823	0.00460381
30	0.030845	0.00293414	0.602996	0.154129	0.00373193	0.0215455	0.0152793	0.00115502	0.0135342	0.0107559	0.0035826	0.0393108	0.00656842	0.0283503	0.00445946	0.0401745	0.0180814	0.00101391	0.000186123	0.0013661
31	0.0244343	0.0113197	0.00519009	0.00702646	0.0224498	0.00586448	0.0101001	0.166706	0.00656232	0.419178	0.0808391	0.00362827	0.00687782	0.00703842	0.0102796	0.0134209	0.0825627	0.107199	0.00075554	0.00856748
32	0.0849887	0.00441426	0.00314867	0.03515	0.0289278	0.00559502	0.00895439	0.19707	0.0318928	0.0383249	0.117658	0.0306584	0.00312639	0.0467342	0.0103428	0.0620388	0.117361	0.137424	0.00049465	0.035696
33	0.0278709	0.00647359	0.002125	0.00243599	0.0134317	0.00194629	0.00141266	0.139451	0.00162563	0.444716	0.188184	0.00151034	0.00285137	0.0058607	0.00337001	0.00398159	0.0502917	0.0983926	0.000249224	0.00381998
34	0.186941	0.0260946	0.0205392	0.0597173	0.00290395	0.0999838	0.109595	0.0076587	0.0436518	0.0166215	0.00427652	0.130249	0.0578271	0.0161156	0.014028	0.0667069	0.0771111	0.0537509	0.000735536	0.005493
35	0.0568013	0.000424384	0.095059	0.0332816	0.000376305	0.363067	0.0217163	0.000941233	0.0300223	0.00812637	0.00599413	0.209277	0.000525474	0.0542387	0.0560765	0.054993	0.004089	0.00437166	0.000185192	0.000433772
36	0.0165108	0.00247968	0.000253397	0.000308495	0.0183416	0.000329248	0.000259734	0.334049	0.000270209	0.116425	0.0134297	0.000653946	0.000891261	0.00136313	0.000281853	0.00119794	0.00398823	0.485144	0.000397085	0.00342584
37	0.0489292	0.00227896	0.102481	0.147413	0.00207192	0.016139	0.053209	0.0074949	0.0962031	0.025779	0.0165227	0.0621636	0.000675232	0.0516616	0.144457	0.0292268	0.17723	0.01221	0.000985607	0.00286863
38	0.0209195	0.0183239	0.00138954	0.00514033	0.0619614	0.00176058	0.0377065	0.0770371	0.0120694	0.48315	0.0239828	0.00177169	0.000749835	0.00506528	0.0219359	0.0107746	0.0482906	0.14156	0.00028202	0.0261293
39	0.0212263	0.00106098	0.00163599	0.0257313	0.0459033	0.00225474	0.280922	0.0582475	0.0741313	0.152523	0.0245274	0.0179556	0.000863291	0.0103664	0.119745	0.0105783	0.00319921	0.0599929	0.000396021	0.088739
40	0.145743	0.001246	0.0018178	0.0133884	0.0253905	0.0114645	0.00527418	0.11787	0.0504264	0.127816	0.0398662	0.026033	0.0126817	0.00426792	0.0523372	0.0588064	0.17442	0.127751	0.000424209	0.00297641
41	0.0576653	0.000482914	0.0955815	0.0311331	0.000381373	0.370959	0.0203276	0.00096009	0.0297097	0.00779217	0.00573755	0.209067	0.000566925	0.0519832	0.0532335	0.0551916	0.00440892	0.00416547	0.000193492	0.000459622
42	0.109341	0.00129998	0.0529641	0.0796505	0.0102877	0.0945579	0.0696984	0.0107965	0.00457225	0.0120627	0.00272113	0.00326282	0.262752	0.0192495	0.0520442	0.118134	0.0577668	0.0122907	0.000477798	0.0260709
43	0.0048633	0.00339181	0.000775769	0.00253349	0.206175	0.00385866	0.0457715	0.00696837	0.000759933	0.0196604	0.00572456	0.000698933	0.000417027	0.000876813	0.00303831	0.00754958	0.00153034	0.00198525	0.0271767	0.656245
44	0.0158599	0.0016628	0.629095	0.0550949	0.00157496	0.0350894	0.0083326	0.00169147	0.0072965	0.00730856	0.00190078	0.165969	0.00693742	0.00871317	0.00283338	0.0356754	0.0109732	0.00235796	0.000656068	0.000977339
45	0.0580341	0.00134999	0.0126634	0.0522516	0.00358899	0.00297265	0.0343246	0.0380738	0.282334	0.0450038	0.0246612	0.0101303	0.00281329	0.0806135	0.182179	0.0279216	0.0546279	0.0727925	0.000248478	0.0134158
46	0.197225	0.0652193	0.00147416	0.00260552	0.0144033	0.0131197	0.00432569	0.0648858	0.0028847	0.265731	0.0311653	0.00223481	0.00162397	0.00272169	0.00537821	0.0112226	0.0772557	0.226771	0.00036198	0.00939039
47	0.0164632	0.00253301	0.000245518	0.000308153	0.0171243	0.000298978	0.000258756	0.33549	0.000254075	0.11707	0.0128047	0.000524534	0.000887012	0.00141538	0.000269772	0.00102216	0.00404843	0.485735	0.000308759	0.00293729
48	0.0036981	0.00341589	0.00150516	0.00125011	0.116899	0.00123794	0.000998903	0.273221	0.0011038	0.368626	0.100191	0.0010997	0.000822847	0.00201332	0.00226065	0.00197188	0.00730686	0.107803	0.000312694	0.00426192
49	0.621333	0.0723862	0.00294498	0.00268437	0.0025829	0.127229	0.0075474	0.0139263	0.00294846	0.00719745	0.00225787	0.00248559	0.00167156	0.00260076	0.00730752	0.0551755	0.0167981	0.042608	0.00195443	0.00636054
50	0.184367	0.0164941	0.0228122	0.0209244	0.00916822	0.037989	0.0156225	0.0418928	0.0181566	0.0313056	0.0182218	0.0338337	0.00915243	0.017359	0.019456	0.112341	0.307105	0.0748007	0.00166305	0.00733472
51	0.00735878	0.000384661	0.00269399	0.00160901	0.000259932	0.979033	0.00105121	0.000408291	0.000358691	0.000494385	0.000359524	0.000404615	0.00018656	0.000424147	0.001606	0.00180855	0.000635033	0.000608018	8.15547e-05	0.000234187
52	0.207487	0.0194151	0.0199748	0.0240851	0.00675082	0.0698955	0.0116792	0.0149891	0.0174907	0.0117897	0.0121345	0.0198505	0.00968973	0.014135	0.0164452	0.412496	0.0776287	0.0230663	0.00158802	0.00940914
53	0.0714598	0.00222243	0.0393052	0.0336155	0.0427746	0.0508916	0.0880795	0.00627614	0.0593334	0.0194184	0.0117198	0.0941417	0.00444162	0.0349538	0.0933802	0.114088	0.0673134	0.0333095	0.0374106	0.095865
54	0.103518	0.000509604	0.221125	0.196336	0.000592263	0.00115355	0.0214022	0.00132441	0.0773256	0.00516056	0.000977274	0.0244022	0.199204	0.0277698	0.0242925	0.0490514	0.0436497	0.00148786	0.000195642	0.000522669
55	0.0579552	0.000739705	0.0930956	0.0346109	0.000396792	0.367235	0.0215548	0.000992024	0.0293942	0.00804646	0.00564983	0.201337	0.000887241	0.0552126	0.0559664	0.0573669	0.00451118	0.00434954	0.000195062	0.000503228
56	0.047525	0.0399666	0.000922499	0.00113611	0.000745323	0.00122562	0.00431733	0.188899	0.00121918	0.030473	0.0126522	0.00594052	0.000930788	0.00278305	0.0119511	0.0157157	0.0909236	0.541879	0.000217138	0.000577244
57	0.0208251	0.0145516	0.00178977	0.00680526	0.0666606	0.00209738	0.0487899	0.0989684	0.0145546	0.426759	0.0224446	0.00283955	0.000816697	0.0061494	0.0290306	0.0141712	0.0508278	0.147554	0.000285312	0.0240802
58	0.337038	0.00999221	0.00193214	0.00495548	0.00124424	0.235402	0.00162267	0.0220026	0.00406672	0.00349284	0.00228411	0.00404838	0.00261699	0.00493695	0.00581495	0.203048	0.0926596	0.0612819	0.00034144	0.00121869
59	0.00472946	0.00331293	0.000752152	0.00255506	0.203628	0.00383559	0.0461547	0.00585018	0.000644359	0.018367	0.00555913	0.000698188	0.000404994	0.000828011	0.00300804	0.00757683	0.00130822	0.00125482	0.0274622	0.662071
60	0.037116	0.00422827	0.0116707	0.0311986	0.00382894	0.017447	0.0192114	0.0208928	0.128885	0.0162417	0.00850077	0.0128277	0.0131783	0.0642713	0.523617	0.0167146	0.0314899	0.0301655	0.00194964	0.00656484
61	0.00844066	0.00145518	0.05212	0.0212893	0.00193629	0.00329836	0.0031267	0.0037812	0.0216331	0.0145348	0.00314223	0.244098	0.013215	0.0083477	0.0154573	0.106913	0.468284	0.0054865	0.00145855	0.00198216
62	0.00805436	0.00337421	0.0010124	0.00173591	0.0552538	0.000831424	0.000627701	0.301859	0.00105242	0.362244	0.0963342	0.000743823	0.000769702	0.0024497	0.00336725	0.00151415	0.0114452	0.139982	0.000211178	0.00713684
63	0.0928946	0.00246336	0.234652	0.387029	0.000873925	0.0294552	0.0120513	0.000903668	0.0283973	0.00190384	0.00270558	0.0292583	0.00156838	0.0738596	0.0280489	0.0340444	0.0304226	0.00402514	0.00168478	0.00375784
64	0.0377324	0.00290268	0.578576	0.14859	0.00249214	0.02336	0.0117031	0.00156881	0.0150017	0.00918271	0.0029057	0.0603625	0.00976762	0.0263044	0.0074496	0.0401525	0.0180017	0.0020077	0.000499218	0.00143971
65	0.177729	0.11218	0.00257151	0.00392992	0.00523482	0.0184066	0.00370561	0.0924353	0.00448177	0.0682106	0.0156279	0.00559007	0.00151075	0.0037077	0.00834178	0.0269667	0.1546	0.289223	0.00042721	0.00512014
66	0.03739	0.00291574	0.196007	0.278003	0.00236073	0.0223447	0.0253741	0.00982313	0.0305217	0.026569	0.00201104	0.113227	0.000629779	0.11702	0.0414032	0.0299335	0.0500032	0.00549384	0.00636115	0.00260869
67	0.0302032	0.000876819	0.0232593	0.0188221	0.00783156	0.0201225	0.050724	0.0200462	0.2918	0.00229954	0.00444942	0.0392729	0.000697861	0.0390925	0.223143	0.0783831	0.0902023	0.0385111	0.000308117	0.0199541
68	0.799757	0.0204618	0.000691724	0.000898278	0.000884992	0.0633419	0.00147309	0.0128867	0.000622921	0.00303596	0.000555218	0.000563642	0.000321832	0.000646229	0.00193346	0.0386759	0.0020538	0.0493482	0.000496222	0.00135095
69	0.350687	0.061756	0.000895312	0.0011193	0.00792775	0.0218308	0.00097111	0.055164	0.00100179	0.0652162	0.0136655	0.001378	0.000860005	0.00138695	0.00430324	0.0153322	0.123477	0.26728	0.000246262	0.00550198
70	0.0278297	0.0257786	0.00139034	0.00234348	0.0015096	0.00212584	0.00466669	0.16571	0.00272941	0.0283099	0.0111218	0.00552584	0.00113363	0.0045217	0.00884748	0.0178547	0.0819683	0.605422	0.000318423	0.000892922
71	0.00265237	0.000371084	0.000514573	0.000724453	0.0037106	0.000787031	0.00058113	0.775506	0.00096066	0.0761236	0.019032	0.000641145	0.000647344	0.000742229	0.00230429	0.00303838	0.00113541	0.109834	0.00016651	0.000526649
72	0.0101308	0.000795321	0.00293498	0.00170943	0.00025977	0.971794	0.00117227	0.00063207	0.000583183	0.000577864	0.000387836	0.000969851	0.000291208	0.000608088	0.00181045	0.00257528	0.00115069	0.00125013	9.08695e-05	0.000276147
73	0.365584	0.0225271	0.00509549	0.0048541	0.00165724	0.431814	0.00503928	0.00400188	0.00241008	0.00424587	0.00297781	0.00446995	0.00438206	0.00475119	0.00845843	0.0733358	0.0401279	0.0125743	0.000458092	0.00123509
74	0.00773565	0.000257975	0.00297241	0.00221113	0.00025909	0.975091	0.00135599	0.00056461	0.000426672	0.000908494	0.000375233	0.000588169	0.000790963	0.000525243	0.00217698	0.00166907	0.000870876	0.000804471	0.000111876	0.000303695
75	0.0177104	0.00650397	0.00279544	0.00357029	0.0233518	0.00132948	0.00523438	0.150212	0.00323536	0.545152	0.0635034	0.00139377	0.0024859	0.00281458	0.00525483	0.00435387	0.019398	0.134233	0.000225549	0.00724195
76	0.0102289	0.00428094	0.00284219	0.0030999	0.0417986	0.00248803	0.00386152	0.0871623	0.00386249	0.682555	0.079291	0.00145321	0.00116812	0.00386614	0.00362392	0.00265917	0.0101882	0.0513063	0.000112224	0.00415184
77	0.00876125	0.000283556	0.0027211	0.00164566	0.000260214	0.977654	0.0010076	0.000399362	0.00038777	0.000495379	0.000333805	0.000327783	0.00020369	0.00047273	0.00162265	0.00174249	0.000780567	0.000590109	8.26621e-05	0.000227609
78	0.0156216	0.0030699	0.0018043	0.00286004	0.0160638	0.00098248	0.00205354	0.21702	0.00175241	0.5306	0.0563035	0.000866479	0.00120666	0.00146705	0.00358941	0.00237682	0.0122211	0.124713	0.000137472	0.00529038
79	0.0737406	0.00293931	0.143309	0.46253	0.0040111	0.028413	0.0163187	0.0111835	0.0308274	0.0116179	0.00859577	0.0244795	0.00984872	0.060207	0.0277524	0.0327929	0.0294035	0.0154119	0.00134741	0.00527052
80	0.538008	0.196701	0.00345651	0.00438765	0.00244439	0.0334438	0.0126824	0.0162595	0.00433948	0.00852476	0.00577444	0.00401736	0.003177	0.00494695	0.00746777	0.0853627	0.0180102	0.0385645	0.00257965	0.00985239
81	0.66206	0.0105536	0.00352512	0.00454125	0.00289017	0.202365	0.00312497	0.00518903	0.00220372	0.00498671	0.00301849	0.00409141	0.00372186	0.00204992	0.00456466	0.0452182	0.014324	0.0192496	0.000435682	0.00188642
82	0.0716045	0.00268232	0.0343484	0.0397232	0.0386146	0.0545057	0.113737	0.0072043	0.0631248	0.0127392	0.0103112	0.0854033	0.00572632	0.0379172	0.0847093	0.100915	0.0516685	0.0310277	0.0475928	0.106445
83	0.463761	0.0168191	0.00601292	0.00554358	0.00199782	0.407927	0.00296596	0.00165921	0.00196825	0.00158987	0.000898621	0.0021277	0.00360249	0.00150082	0.00716288	0.0539834	0.0156303	0.00406084	0.000211267	0.000576493
84	0.0214007	0.00951952	0.00148869	0.00182297	0.0186438	0.000890738	0.00123296	0.125264	0.00100357	0.532184	0.11884	0.000725733	0.00110661	0.00351325	0.00307901	0.00198233	0.0295168	0.121191	0.000136165	0.00645807
85	0.0569745	0.000991017	0.00829977	0.0352566	0.00442405	0.00383756	0.0325569	0.0375331	0.264149	0.0717935	0.0486629	0.0101862	0.00293611	0.0911697	0.164224	0.0317947	0.0454729	0.0749479	0.000239945	0.0145489
86	0.03548	0.00274118	0.0655717	0.0468911	0.0244624	0.00595396	0.199446	0.0260168	0.048269	0.00657748	0.00449274	0.00575295	0.00216717	0.0265008	0.0290346	0.205609	0.187268	0.0723944	0.0018381	0.00353235
87	0.0160808	0.00276155	0.000660147	0.00108607	0.0169784	0.000740801	0.000422859	0.311419	0.000902301	0.183319	0.0230696	0.00060362	0.00237194	0.00188385	0.00129839	0.00141962	0.00640081	0.424995	0.000285049	0.00330188
88	0.0165523	0.00260186	0.000227662	0.000310155	0.0171798	0.000287861	0.000240684	0.327072	0.000235085	0.117361	0.0133004	0.000543767	0.000883352	0.00130266	0.000261902	0.00111079	0.00397654	0.493062	0.000355879	0.00313423
89	0.0384355	0.00240208	0.268052	0.228078	0.00550751	0.046652	0.0551146	0.0176979	0.0312125	0.0182284	0.00460015	0.0934826	0.00294473	0.0832104	0.0279643	0.0280518	0.0312241	0.00589321	0.0049051	0.00634328
90	0.0664337	0.00285888	0.00290088	0.0087062	0.0401894	0.019717	0.0441479	0.167991	0.0292168	0.186988	0.0618656	0.0350786	0.00377495	0.00768782	0.0732891	0.0707509	0.0392326	0.118261	0.000770685	0.0201388
91	0.302567	0.0179812	0.00379167	0.00439892	0.0193756	0.0960557	0.00410497	0.00500204	0.00392255	0.0218601	0.169791	0.109043	0.0556995	0.0224502	0.00410183	0.119171	0.0311507	0.00618965	0.000825131	0.00251964
92	0.0554324	0.00494288	0.0338537	0.0367345	0.0406499	0.0483986	0.139053	0.010002	0.0532823	0.0100513	0.0126714	0.0787884	0.00648803	0.0377238	0.0699442	0.105017	0.0498901	0.0307289	0.0651223	0.111225
93	0.0407602	0.0034721	0.00668718	0.011152	0.0115655	0.0163664	0.00437949	0.247903	0.0060799	0.266456	0.0264361	0.0087893	0.116378	0.00679069	0.00982403	0.0184423	0.042997	0.150116	0.00091777	0.00448633
94	0.0107173	0.00447446	0.00355037	0.00330918	0.0398145	0.00261695	0.00315711	0.0411803	0.00369263	0.578187	0.250226	0.0042057	0.00276352	0.00590959	0.00235715	0.00524623	0.0144352	0.0218303	0.000486006	0.0018402
95	0.176057	0.0194799	0.110576	0.142346	0.0032371	0.0524984	0.0348648	0.00578522	0.0207625	0.012347	0.00618179	0.111055	0.0783687	0.0397511	0.0108769	0.14174	0.0161702	0.0118484	0.0010474	0.00500604
96	0.161689	0.00300012	0.00533361	0.0310746	0.00338034	0.00795049	0.00769798	0.0103966	0.0752453	0.0694927	0.153127	0.00584829	0.00262637	0.129308	0.161839	0.0356959	0.0548692	0.075649	0.00118394	0.00459306
97	0.0666923	0.00471033	0.09384	0.198487	0.00636313	0.0488234	0.0204031	0.0151376	0.0505085	0.0225436	0.0126561	0.0308247	0.0130811	0.255696	0.0553341	0.0400344	0.0368322	0.0181786	0.00286495	0.00698925
98	0.0142599	0.00206216	0.00176573	0.00318146	0.0037964	0.000476518	0.00048828	0.208245	0.000471441	0.592554	0.0454884	0.000434437	0.000982565	0.000549649	0.00188127	0.000841482	0.00787223	0.109791	0.000108215	0.00474987
99	0.0304537	0.00175912	0.431219	0.0365481	0.00143384	0.160519	0.011844	0.00144681	0.0149666	0.00640065	0.00342056	0.196257	0.00426755	0.0240749	0.0214791	0.040737	0.0089305	0.00294171	0.000434015	0.00086674
100	0.1173	0.000998065	0.0964582	0.236004	0.00094375	0.0786621	0.00937525	0.00213522	0.0183833	0.0188785	0.00252343	0.00703347	0.110693	0.145449	0.0675602	0.0359758	0.0471043	0.00306625	0.000433622	0.00102245
101	0.670007	0.00783816	0.00173297	0.00157456	0.00320967	0.255314	0.00180751	0.0016943	0.000850435	0.00122227	0.000719566	0.000776011	0.000718871	0.000904885	0.00360298	0.0344814	0.0047953	0.00806108	0.000197559	0.00049148
102	0.424538	0.0181222	0.00355712	0.00343042	0.00150371	0.452235	0.00348736	0.000918429	0.000694327	0.000954805	0.000596454	0.00116341	0.00274008	0.000850562	0.00747304	0.058064	0.0165614	0.00250459	0.000189921	0.000414816
103	0.0965347	0.00114007	0.0779617	0.0836156	0.0220283	0.0601692	0.0238851	0.00536528	0.112186	0.0293368	0.0115741	0.0620051	0.00106361	0.0682821	0.16894	0.0472021	0.0621143	0.0251861	0.0145327	0.0268768
104	0.0402641	0.00487144	0.00200498	0.0021905	0.00817028	0.00167566	0.00126275	0.125434	0.0014569	0.455472	0.198239	0.00145484	0.00248164	0.00747262	0.00308901	0.0033753	0.0379746	0.0997414	0.000301253	0.0030683
105	0.0196217	0.00539353	0.00233457	0.00363692	0.0219508	0.00145462	0.00163823	0.155345	0.00236324	0.440111	0.114732	0.00124635	0.00368202	0.00524721	0.0045118	0.00408142	0.0256438	0.181631	0.000286967	0.00508787
106	0.0512662	0.00536682	0.0153308	0.0610061	0.00220817	0.0252789	0.0232677	0.00797632	0.192519	0.0291435	0.00492995	0.0133811	0.013639	0.136135	0.310973	0.0175613	0.0493499	0.0360986	0.00103875	0.00353046
107	0.155115	0.000299697	0.0849955	0.164258	0.000285635	0.0441787	0.00707783	0.00141399	0.151204	0.00503566	0.000573722	0.0427113	0.00027147	0.101178	0.0941739	0.127114	0.0186899	0.000965162	0.000143217	0.000314282
108	0.0343078	0.00256462	0.00487103	0.0145236	0.0203909	0.0128477	0.0153807	0.0449826	0.265098	0.103196	0.119355	0.00941223	0.0049352	0.0788787	0.133079	0.0381453	0.0382545	0.0503672	0.0010405	0.00836811
109	0.0426075	0.000902685	0.233069	0.0292216	0.000694764	0.278063	0.0161766	0.00159793	0.0220919	0.00655092	0.00458055	0.22961	0.00144022	0.0366353	0.0358322	0.0486617	0.0067561	0.00385698	0.000493541	0.00115686
110	0.0124442	0.00444699	0.000548313	0.00237305	0.039938	0.000633629	0.000715113	0.210467	0.000577454	0.311216	0.107832	0.000628121	0.000426591	0.00812074	0.00640502	0.00118976	0.0178999	0.269136	0.000128302	0.00487365
111	0.0577665	0.00136152	0.0698742	0.0995221	0.00498183	0.0610951	0.022426	0.0042522	0.178764	0.0112506	0.00529731	0.0552317	0.000590065	0.0573526	0.169049	0.0520341	0.112438	0.0209361	0.00279637	0.0129809
112	0.0206756	0.00316944	0.000728441	0.00145312	0.0681211	0.0015691	0.00097224	0.341203	0.000906012	0.114119	0.0150101	0.0021909	0.012062	0.00190547	0.00134763	0.00446204	0.0102435	0.39283	0.000901408	0.00613071
113	0.0215906	0.00107063	0.00165444	0.0257869	0.0454111	0.00226832	0.280769	0.0580405	0.074025	0.152947	0.0245822	0.0179778	0.000887255	0.0102374	0.119501	0.0104776	0.00326914	0.0603988	0.000395268	0.0887102
114	0.013264	0.1017	0.00800667	0.00399134	0.00663751	0.0186769	0.0188839	0.040914	0.00344472	0.329913	0.165762	0.0081196	0.00227941	0.00344436	0.0039535	0.0304371	0.172759	0.0429977	0.000764905	0.02405
115	0.0626068	0.00972732	0.049664	0.118325	0.0011692	0.243776	0.00290848	0.00274643	0.0263554	0.00418824	0.00209725	0.0968	0.0239959	0.143653	0.0376379	0.144422	0.0252034	0.00314595	0.000475081	0.00110214
116	0.0149323	0.00368672	0.00275842	0.00525702	0.0092475	0.000602869	0.00430004	0.212562	0.00111734	0.554141	0.045297	0.000605384	0.000931968	0.0010009	0.00486111	0.00175542	0.0120253	0.118154	0.000132286	0.00663213
117	0.103518	0.000509604	0.221125	0.196336	0.000592263	0.00115355	0.0214022	0.00132441	0.0773256	0.00516056	0.000977274	0.0244022	0.199204	0.0277698	0.0242925	0.0490514	0.0436497	0.00148786	0.000195642	0.000522669
118	0.364972	0.0690966	0.00111085	0.00114869	0.00910532	0.0243755	0.00106778	0.049612	0.00118958	0.0643642	0.0133912	0.00108527	0.000774481	0.00144172	0.00458385	0.0169429	0.136756	0.232755	0.000245822	0.00598133
119	0.0357499	0.0113416	0.595201	0.0972754	0.0064257	0.0288874	0.00746863	0.00149742	0.00636003	0.00679238	0.00289544	0.03182	0.00588651	0.0218366	0.00236424	0.088347	0.0463646	0.00221761	0.000325816	0.000942373
120	0.0165768	0.0072454	0.000612619	0.00178556	0.0323202	0.000597415	0.000749007	0.174341	0.00056928	0.362873	0.136785	0.000579197	0.00042731	0.00550795	0.00605011	0.00140516	0.030266	0.21523	0.000116994	0.005962
121	0.0165375	0.00261336	0.000232312	0.000313162	0.0170738	0.000285457	0.000245718	0.328291	0.000237056	0.117547	0.01321	0.000537453	0.000884558	0.00132556	0.000268312	0.00109029	0.00404834	0.491821	0.000344272	0.00309461
122	0.00713825	0.0113965	0.000754255	0.000771376	0.000544337	0.000898558	0.000791028	0.0741777	0.000746614	0.0186413	0.00242783	0.000895562	0.000374682	0.000902151	0.00140295	0.0021466	0.0177925	0.857608	0.000166316	0.000423017
123	0.0145568	0.00377572	0.000755066	0.00209366	0.0365781	0.000640968	0.000871367	0.234881	0.000767088	0.234877	0.0862156	0.00133176	0.000920557	0.00574469	0.00496085	0.00274713	0.0150626	0.345299	0.000707178	0.00721421
124	0.453665	0.00292341	0.00564797	0.0136869	0.00316218	0.081861	0.002651	0.00663951	0.0132591	0.00567396	0.00866923	0.00524008	0.00164605	0.00443667	0.0134585	0.263111	0.0884146	0.0238398	0.000506095	0.00150844
125	0.421561	0.0396071	0.00206152	0.00253351	0.00597443	0.0182703	0.00180682	0.0492991	0.00211966	0.0418981	0.00931541	0.0029395	0.0017557	0.00287134	0.00405221	0.0156064	0.153298	0.220677	0.0003897	0.00396365
126	0.0124224	0.000334436	0.00299548	0.00170858	0.000264533	0.971675	0.00101003	0.000388352	0.000524322	0.000518541	0.000344699	0.000848099	0.000222653	0.000632361	0.00196969	0.00241823	0.000758202	0.000640329	8.16277e-05	0.000242204
127	0.00649219	0.000814985	0.000484927	0.000615314	0.00343611	0.000725989	0.000541538	0.720549	0.000776324	0.0456851	0.0145087	0.00057118	0.000401912	0.000709625	0.00184949	0.00250374	0.00129612	0.197451	0.000140286	0.000447262
128	0.0292901	0.00110114	0.00370165	0.0342742	0.00280348	0.00896086	0.0192995	0.0228809	0.230582	0.0140138	0.00822724	0.00588522	0.00551077	0.0759325	0.442581	0.0146239	0.0337678	0.0405232	0.00025438	0.00578581
129	0.172209	0.000882582	0.00155785	0.00166361	0.000960033	0.00907301	0.00148929	0.002056	0.00201526	0.00264995	0.00228696	0.00169535	0.738348	0.00265013	0.00197025	0.0353563	0.0032547	0.018345	0.000504204	0.00103196
130	0.0647692	0.00309962	0.0450082	0.105584	0.0100514	0.0137428	0.0386806	0.0113829	0.0116613	0.00614205	0.00375572	0.197737	0.00313922	0.120577	0.0846093	0.177929	0.0276554	0.00820387	0.00683311	0.059438
131	0.0860952	0.00227643	0.075434	0.00444546	0.00476802	0.00456091	0.0236147	0.1588	0.00434901	0.00699303	0.0217359	0.00845277	0.00196429	0.00561274	0.00462492	0.107091	0.259809	0.181539	0.00109564	0.0367372
132	0.0970864	0.0018938	0.218264	0.385612	0.000465367	0.0286549	0.00978481	0.00105808	0.0254753	0.00182812	0.00284419	0.0283929	0.00139792	0.0810354	0.0299556	0.0382665	0.0388668	0.00467909	0.00175379	0.00268486
133	0.014233	0.00207662	0.00174091	0.00313047	0.0043758	0.000483423	0.000565978	0.208181	0.000474621	0.583944	0.0471148	0.000456219	0.000952724	0.000802012	0.00194606	0.000880292	0.00799584	0.115888	0.000108431	0.00464892
134	0.694967	0.00586523	0.00160684	0.00149389	0.00378025	0.243707	0.00165889	0.00104284	0.000957163	0.00126522	0.000830609	0.000851218	0.00057136	0.000975439	0.00317646	0.0274483	0.00295691	0.00616303	0.000185703	0.000496906
135	0.0572479	0.00292695	0.0142423	0.0518298	0.00180397	0.0114156	0.0307578	0.0220033	0.233803	0.0417059	0.0138974	0.010693	0.0106937	0.11056	0.248054	0.0215168	0.0514429	0.0581107	0.000248323	0.00704627
136	0.0763515	0.00336981	0.0498124	0.0425276	0.00483436	0.156316	0.022661	0.00697273	0.170326	0.0130512	0.0076353	0.10087	0.00396516	0.0513763	0.169089	0.0519979	0.0425648	0.0150517	0.00276121	0.00846647
137	0.0859883	0.00360134	0.00290392	0.00229484	0.00044914	0.879998	0.00151116	0.000586368	0.000409576	0.000594899	0.000370153	0.000425058	0.000652177	0.000481825	0.00250564	0.0118358	0.00400054	0.00104567	9.41785e-05	0.000251485
138	0.0124173	0.00127038	0.000500597	0.000581186	0.00483463	0.000738605	0.000456653	0.619087	0.000581618	0.0227175	0.0103704	0.000616104	0.000355089	0.000820766	0.00122473	0.00186795	0.00181073	0.318998	0.000147112	0.000604406
139	0.0530124	0.00638301	0.0131275	0.0252156	0.00637302	0.00193064	0.0187663	0.169936	0.0153485	0.12231	0.0316576	0.00483961	0.000862658	0.0197181	0.0276757	0.0103042	0.0444146	0.427069	0.000225251	0.000830668
140	0.00642283	0.00818498	0.000735357	0.000806687	0.000563372	0.000907111	0.000837399	0.068646	0.000708958	0.0174589	0.00183266	0.00095482	0.000353849	0.000890694	0.00126631	0.00193871	0.0180105	0.86892	0.000174976	0.000386038
141	0.00730321	0.000845722	0.537694	0.0164412	0.00115651	0.0503956	0.00895945	0.0018586	0.00331931	0.00441145	0.00168092	0.30793	0.00321969	0.00171404	0.00175213	0.0357106	0.0114428	0.00259053	0.000394332	0.00117956
142	0.0240251	0.00276217	0.679501	0.0860734	0.00189219	0.0191248	0.00678816	0.000975115	0.00841743	0.00948279	0.00232034	0.0768469	0.0099927	0.0123459	0.00169031	0.043612	0.0124665	0.00103784	0.000167518	0.000477236
143	0.062922	0.00237627	0.035494	0.0475256	0.0428002	0.0448494	0.110783	0.00552215	0.0340493	0.00765952	0.00739187	0.0831841	0.00429947	0.0777604	0.062438	0.131978	0.0682931	0.0233982	0.0354985	0.111777
144	0.0181113	0.00165898	0.000611231	0.000726219	0.00236378	0.000779186	0.00056256	0.550962	0.000670136	0.0013142	0.00893995	0.000736847	0.000345086	0.000850664	0.0010461	0.00156031	0.00212761	0.406039	0.000146887	0.000448447
145	0.00464477	0.00329364	0.000773382	0.00268828	0.2031	0.00381204	0.0466057	0.0061077	0.000652499	0.0204852	0.0062983	0.000710283	0.000405994	0.000834305	0.00295791	0.00777978	0.00134256	0.00124701	0.028192	0.658068
146	0.827441	0.0162069	0.000565245	0.001265	0.000572922	0.0276397	0.000969627	0.0127913	0.00093675	0.00318416	0.000600192	0.000597626	0.00034804	0.000643823	0.00135869	0.0479313	0.00301763	0.0524285	0.000366564	0.00113478
147	0.0167669	0.00274194	0.000235619	0.000311719	0.0169865	0.000288687	0.000259259	0.327375	0.000245089	0.116109	0.0132683	0.000565144	0.000901174	0.00130534	0.000292168	0.00117932	0.00421712	0.493488	0.000356326	0.00310659
148	0.00896209	0.000519802	0.00278772	0.00164773	0.000261413	0.976808	0.000994673	0.000392623	0.000386368	0.000492743	0.000341812	0.000634637	0.000199315	0.000493386	0.00166888	0.00176973	0.000739761	0.000586102	8.29786e-05	0.000230465
149	0.0720215	0.00423156	0.142551	0.469782	0.00355912	0.0262682	0.0148127	0.00900353	0.0297628	0.0114371	0.00819698	0.0232956	0.00776428	0.062109	0.0285196	0.0344045	0.0310237	0.0148461	0.0020666	0.00434467
150	0.0185051	0.900731	0.0053957	0.00118119	0.000606641	0.00646638	0.00283304	0.0108693	0.00111971	0.00177863	0.000963426	0.00114117	0.00418218	0.00103894	0.00393397	0.0107036	0.00198104	0.0213233	0.00027206	0.00497388
151	0.762626	0.0295477	0.000613979	0.000765467	0.00152667	0.0194421	0.000986864	0.0242386	0.000730446	0.0110187	0.00224475	0.000729744	0.000352835	0.000817493	0.0019314	0.0343727	0.0185833	0.0877483	0.000299327	0.00142365
152	0.00472946	0.00331293	0.000752152	0.00255506	0.203628	0.00383559	0.0461547	0.00585018	0.000644359	0.018367	0.00555913	0.000698188	0.000404994	0.000828011	0.00300804	0.00757683	0.00130822	0.00125482	0.0274622	0.662071
153	0.00741597	0.000339217	0.00269849	0.001631	0.000269218	0.978622	0.000977581	0.000395163	0.000424743	0.000515726	0.000362493	0.000515048	0.000184139	0.000427529	0.00171843	0.00178912	0.000809992	0.000593465	8.14924e-05	0.000229264
154	0.0150952	0.0031106	0.00200457	0.0033202	0.0155841	0.00115119	0.00156917	0.208501	0.00127107	0.54094	0.0566376	0.000762607	0.00262101	0.00174645	0.00311713	0.00288406	0.012337	0.122493	0.00014187	0.00471287
155	0.0157069	0.00207243	0.000524765	0.000869486	0.00617307	0.000781688	0.000685697	0.518523	0.000656533	0.0387303	0.0121722	0.000792235	0.000465118	0.00112786	0.00132835	0.00194762	0.00373615	0.392284	0.000214702	0.00120752
156	0.192813	0.00583879	0.0424054	0.0464223	0.00441681	0.208661	0.0192107	0.00743133	0.0239283	0.0253251	0.0131549	0.104001	0.0120511	0.159059	0.03509	0.0569228	0.0241488	0.0133698	0.00152733	0.00422215
157	0.164167	0.00106	0.00233411	0.0035307	0.0011906	0.0113886	0.00296103	0.00272805	0.00470354	0.00548261	0.00407409	0.00284764	0.71857	0.00528625	0.00456085	0.0351825	0.00597466	0.0181734	0.0017216	0.00406261
158	0.306279	0.0384834	0.0076056	0.0116926	0.00886095	0.0605787	0.00616555	0.0708962	0.0137648	0.120245	0.0187445	0.00930557	0.0122879	0.0082631	0.0153911	0.031473	0.0858639	0.166505	0.00104256	0.00655103
159	0.0269203	0.00431894	0.00705913	0.00883155	0.118476	0.0144577	0.011907	0.0768888	0.00677138	0.0200153	0.00979028	0.0863473	0.00575632	0.00854993	0.00862458	0.0163905	0.0141815	0.148505	0.163669	0.24254
160	0.0972626	0.00190028	0.219249	0.384941	0.000488171	0.0284211	0.0095338	0.0010854	0.0256617	0.00178755	0.0028595	0.0283862	0.00125133	0.0811399	0.0298156	0.038284	0.038774	0.00471698	0.00176547	0.00267651
161	0.0247883	0.00595725	0.00909251	0.0113239	0.00580793	0.0117098	0.0488564	0.0125884	0.0098733	0.0180509	0.407751	0.013182	0.00759154	0.192583	0.00947655	0.0956571	0.0928234	0.0156062	0.00189674	0.00538347
162	0.56277	0.0224359	0.00238248	0.00271029	0.00184799	0.317826	0.00325706	0.00257855	0.000869103	0.00136722	0.000654779	0.000796251	0.00147578	0.000811215	0.0061561	0.0508999	0.0103891	0.00897578	0.000399059	0.00139805
163	0.0702607	0.00125206	0.0775831	0.0895811	0.00803758	0.0608033	0.0171651	0.00412931	0.17818	0.0143143	0.00549459	0.0453415	0.00125351	0.0677922	0.190265	0.0497116	0.0799914	0.0230472	0.00459264	0.0112037
164	0.112037	0.0266251	0.00124958	0.00161613	0.00102585	0.00208539	0.00261113	0.144252	0.00147351	0.019691	0.00461496	0.00924075	0.00134433	0.00213622	0.00596871	0.0174933	0.0742649	0.57097	0.000314305	0.000986001
165	0.353693	0.0658321	0.00106245	0.00131719	0.0108511	0.0203275	0.00124165	0.0483928	0.00133789	0.103483	0.0127392	0.00132962	0.000856116	0.00161871	0.00417939	0.0136245	0.121606	0.230349	0.00032899	0.00582951
166	0.835039	0.0198365	0.000532397	0.000759777	0.00041202	0.0197262	0.00098239	0.0148423	0.000631798	0.00355564	0.000568034	0.000574435	0.000290938	0.000621806	0.00133972	0.0405312	0.00131058	0.0569663	0.000358886	0.00112033
167	0.12893	0.00329108	0.165074	0.0620482	0.00322599	0.00959948	0.0132834	0.0865604	0.0955254	0.0827311	0.0295887	0.00956687	0.00222448	0.0481544	0.0496193	0.0394278	0.0652766	0.0998969	0.00113576	0.00484004
168	0.0332053	0.00347859	0.0183224	0.0175966	0.00289181	0.00364083	0.00411616	0.0706024	0.00336293	0.37531	0.111755	0.00352007	0.0524195	0.00435272	0.00369348	0.0255346	0.105765	0.157334	0.000738886	0.0023588
169	0.174609	0.00533886	0.00515328	0.0058147	0.0450127	0.0598903	0.0296425	0.0280959	0.00495144	0.00715416	0.00634096	0.031376	0.0265159	0.00545404	0.00560172	0.460417	0.0351938	0.0108123	0.00216214	0.0504627
170	0.407794	0.00767349	0.00774036	0.0143041	0.00535804	0.0799503	0.00513917	0.0149637	0.0133487	0.0114257	0.0136453	0.00818473	0.00352016	0.00626525	0.0135137	0.223237	0.127201	0.0332462	0.000774465	0.00271499
171	0.0297251	0.00563197	0.00443526	0.0142056	0.00177834	0.0212853	0.0212675	0.00590864	0.507083	0.0111214	0.00690012	0.0183079	0.00214359	0.104565	0.168198	0.041823	0.0219427	0.0106287	0.000427832	0.00262033
172	0.0102896	0.00500091	0.00280413	0.00270472	0.0435565	0.00192908	0.00340336	0.0789042	0.00380286	0.68114	0.0822249	0.00189113	0.00124963	0.00341169	0.00341979	0.00296134	0.0129656	0.0541643	0.000123033	0.00405362
173	0.0207278	0.00777993	0.00294261	0.00875016	0.00211513	0.030316	0.0296202	0.00427781	0.607504	0.0116021	0.00550362	0.0259536	0.00267637	0.0415804	0.128126	0.031388	0.0241324	0.00879056	0.00133242	0.00488086
174	0.0238672	0.0449928	0.00060635	0.000755217	0.00166237	0.000935521	0.00343713	0.22321	0.00082142	0.0427271	0.0178474	0.00391663	0.000637756	0.00234342	0.00959316	0.0125781	0.0769927	0.532273	0.000170218	0.000632604
175	0.0304415	0.00271899	0.605863	0.153145	0.00367159	0.0211705	0.0153022	0.0011496	0.0135393	0.0108064	0.0034494	0.0399852	0.00669468	0.0278478	0.00444347	0.039462	0.0177876	0.000984826	0.000186955	0.00134986
176	0.0148639	0.0072502	0.00152348	0.00151936	0.00292121	0.00168902	0.00157702	0.0737136	0.00158373	0.0469989	0.00439299	0.00144028	0.000798978	0.00183943	0.00186937	0.0028863	0.0145567	0.816904	0.000402676	0.00126904
177	0.222318	0.00436518	0.00856447	0.0106782	0.195608	0.136496	0.00842908	0.013286	0.00812545	0.0491748	0.00901694	0.0104249	0.00475037	0.00894279	0.0100024	0.0159653	0.013244	0.0544882	0.0457359	0.170384
178	0.167129	0.00928967	0.0164998	0.00673042	0.00417606	0.104758	0.00389532	0.00830161	0.00702651	0.0052544	0.00496507	0.0164837	0.00576176	0.00575841	0.00732705	0.503279	0.10047	0.0179462	0.000564872	0.00438225
179	0.0865237	0.0108392	0.00137917	0.00313259	0.0770995	0.00476737	0.00628489	0.15981	0.00459501	0.210791	0.0624744	0.00402627	0.00143796	0.00505405	0.00736359	0.00967956	0.0260959	0.280191	0.0024242	0.0360306
180	0.0105119	0.000380192	0.00309023	0.00186986	0.000319627	0.972905	0.00105469	0.000414551	0.000659501	0.000578518	0.000377668	0.000465103	0.000226366	0.00117711	0.00204137	0.00188378	0.00103492	0.00065769	0.000100458	0.000251948
181	0.154806	0.000309237	0.0845603	0.162425	0.000349223	0.0445015	0.00733156	0.00143927	0.152232	0.00515494	0.000622741	0.0427835	0.000281093	0.100844	0.0951421	0.126499	0.019073	0.00110182	0.000162781	0.000380708
182	0.0659325	0.00153943	0.0817256	0.0463067	0.000476821	0.349518	0.0166903	0.00103431	0.0369712	0.00832178	0.00428395	0.16564	0.00279493	0.0688952	0.0655068	0.0726986	0.00707881	0.00373134	0.000234971	0.000618927
183	0.0225012	0.0222693	0.000978151	0.00151403	0.000893961	0.00133699	0.0112788	0.220347	0.00125926	0.027458	0.0123702	0.0110534	0.000887889	0.00682174	0.0159276	0.0317506	0.114531	0.495855	0.000260363	0.000705625
184	0.0127824	0.00365418	0.00397193	0.0086099	0.176164	0.00795319	0.0732642	0.0122871	0.0118615	0.0283938	0.00816993	0.00984382	0.00136191	0.00525126	0.0220264	0.0162838	0.00668291	0.0105945	0.0282367	0.552607
185	0.0193912	0.00638022	0.00133943	0.00727842	0.00104036	0.0269753	0.0243745	0.00291449	0.604096	0.0107909	0.00468893	0.0239906	0.0016093	0.0497148	0.156307	0.0286075	0.0218213	0.00719749	0.000320472	0.0011622
186	0.0170091	0.00443608	0.00246829	0.0108416	0.00203297	0.0211067	0.0252555	0.00635633	0.491337	0.00664354	0.00370367	0.0226466	0.00272157	0.0602603	0.245977	0.0305468	0.0306443	0.0126382	0.000240344	0.00313443
187	0.0146792	0.00253393	0.00180487	0.00329785	0.00608138	0.000480891	0.000531556	0.214576	0.000456539	0.554655	0.0489607	0.000405709	0.000811775	0.00077729	0.00223048	0.000910382	0.00924776	0.131821	0.000109842	0.005628
