263	20
1	0.0119607	0.00719557	0.00138232	0.00152174	0.0228374	0.0108478	0.00187341	0.380321	0.00261543	0.164406	0.0373687	0.000880946	0.0127179	0.00536626	0.00277127	0.0052284	0.0390662	0.278086	0.0108995	0.00265334
2	0.0808411	0.0148225	0.0120207	0.0142499	0.00867142	0.0155891	0.00945117	0.115877	0.043975	0.0420071	0.021013	0.00695959	0.0134525	0.040553	0.0189905	0.0482205	0.161132	0.32408	0.00246465	0.00562871
3	0.521568	0.0573833	0.00955881	0.00370761	0.00226002	0.0867553	0.00284345	0.013589	0.00333083	0.0242271	0.00255707	0.00579838	0.00151468	0.00347052	0.00425768	0.0586036	0.0567408	0.139379	0.000787763	0.00166763
4	0.326383	0.175509	0.00631739	0.00492833	0.00325844	0.0251611	0.00379256	0.028959	0.00624428	0.0124334	0.00454165	0.0124826	0.00453385	0.00630421	0.0069162	0.195113	0.107992	0.0660187	0.00116755	0.00194361
5	0.124161	0.0280206	0.00249686	0.00804136	0.0333456	0.00545306	0.00382453	0.340885	0.00283341	0.117504	0.0181915	0.00242413	0.00484176	0.0102985	0.00761028	0.0218394	0.0435778	0.199472	0.00244016	0.0227392
6	0.0659327	0.00323464	0.0244612	0.0695978	0.0122355	0.0819537	0.0295683	0.0570712	0.0977598	0.0599575	0.0043182	0.00625359	0.0179175	0.0903995	0.0526629	0.16132	0.0760465	0.0607193	0.00160569	0.0269849
7	0.078624	0.00456035	0.115885	0.179345	0.0101124	0.0455939	0.0211729	0.0158451	0.135324	0.0540034	0.0135609	0.031583	0.00825467	0.090294	0.0547949	0.057197	0.044005	0.0295375	0.00302358	0.0072834
8	0.03971	0.0178418	0.0079986	0.00762441	0.00705968	0.00656775	0.00662795	0.180176	0.0238744	0.0633685	0.043041	0.00301621	0.00934208	0.0347622	0.0219706	0.0295789	0.162193	0.32435	0.00804352	0.00285347
9	0.0507506	0.00225331	0.0042015	0.0111045	0.00334737	0.00383909	0.0481639	0.00606095	0.15545	0.0108728	0.00732572	0.0169137	0.00825421	0.0715801	0.505177	0.0251794	0.0516798	0.00856982	0.00698241	0.0022936
10	0.0435049	0.00335241	0.116739	0.171477	0.00912807	0.0364832	0.0154756	0.0138294	0.0421115	0.01639	0.0223521	0.0195449	0.0130646	0.119873	0.0401525	0.158022	0.127832	0.0207861	0.00154762	0.00833377
11	0.0147972	0.00475999	0.00530221	0.00619151	0.327306	0.005289	0.0901348	0.00979514	0.00725139	0.0149425	0.00579751	0.00886282	0.00336216	0.00962377	0.0192968	0.00877396	0.00830841	0.0312985	0.0694496	0.349457
12	0.106359	0.00257923	0.051351	0.0555977	0.00474375	0.13213	0.0260541	0.0255688	0.0620989	0.0295475	0.00419217	0.0203091	0.0405768	0.0524015	0.0319979	0.180513	0.107643	0.0445228	0.00114308	0.0206705
13	0.186478	0.00924165	0.0312714	0.0209882	0.00660134	0.0600572	0.0153104	0.0141142	0.0430695	0.0191263	0.0121377	0.0618224	0.017941	0.0282999	0.0806914	0.142646	0.204589	0.0378919	0.0026663	0.00505606
14	0.0350123	0.00809964	0.0160036	0.0121736	0.121698	0.0118095	0.0146764	0.0562706	0.015517	0.0656934	0.0888195	0.0189048	0.0128338	0.0176306	0.0563774	0.0196321	0.388731	0.0284463	0.0042546	0.00741605
15	0.0899499	0.0051841	0.0328435	0.0150789	0.00409815	0.115761	0.00949805	0.0114254	0.0365244	0.00864298	0.00865482	0.0668403	0.054283	0.0281654	0.0375281	0.206364	0.22765	0.0369761	0.00115822	0.00337389
16	0.090433	0.00685444	0.170828	0.159449	0.00301084	0.165319	0.0185788	0.00428749	0.0641883	0.0174484	0.00304863	0.0621224	0.00807476	0.0683378	0.0546611	0.0597995	0.0274446	0.0124714	0.000809869	0.00283216
17	0.0279181	0.0177397	0.00243947	0.00248832	0.0280124	0.00337261	0.00560319	0.191389	0.0129605	0.446599	0.0740696	0.00127919	0.00299594	0.0104601	0.0184409	0.00886587	0.0200608	0.114031	0.00350564	0.00776852
18	0.0678223	0.00461997	0.00681668	0.0526299	0.0392898	0.0578591	0.0168567	0.096123	0.0791302	0.186198	0.00784988	0.00499343	0.00302863	0.0789197	0.128493	0.0565629	0.0748544	0.0260717	0.00308457	0.00879594
19	0.240143	0.0029478	0.0681471	0.100196	0.00246886	0.043872	0.0334813	0.0137914	0.0797654	0.0406572	0.00415842	0.031474	0.00388907	0.0717244	0.132384	0.0489743	0.0297877	0.0478235	0.00170055	0.0026136
20	0.0210654	0.0301789	0.00102031	0.00127415	0.0413487	0.00121879	0.00383358	0.0902953	0.00510232	0.613897	0.0819647	0.000878391	0.000732161	0.00824326	0.00697308	0.00646301	0.00603296	0.0666985	0.00199536	0.0107838
21	0.267069	0.00447076	0.0267409	0.0235187	0.00847044	0.0244402	0.0639006	0.0122449	0.130484	0.0487204	0.0084648	0.0135431	0.00262424	0.0380874	0.146864	0.085177	0.039538	0.045304	0.00369707	0.00664012
22	0.097504	0.00470732	0.179288	0.163227	0.0025651	0.114543	0.0242276	0.00598295	0.0682561	0.0204139	0.00263391	0.0700083	0.00873531	0.0713178	0.0551023	0.0595831	0.0304119	0.0180394	0.000883181	0.00256939
23	0.0294454	0.00846677	0.00881889	0.0134547	0.102861	0.0124082	0.0281029	0.0143945	0.0212439	0.0617105	0.0138858	0.0111481	0.0069257	0.0599092	0.0559784	0.0144754	0.0189154	0.0212851	0.473651	0.0229189
24	0.0237279	0.026035	0.00131504	0.00142642	0.0356605	0.00188944	0.00315767	0.124151	0.00545745	0.568666	0.0702348	0.000863973	0.0017072	0.00718315	0.00734294	0.00694351	0.0119322	0.0908856	0.00247741	0.00894316
25	0.075456	0.00306041	0.0103243	0.0774981	0.0286933	0.0575023	0.015062	0.0905721	0.0873563	0.136175	0.00550743	0.00565026	0.00636401	0.0708521	0.06539	0.123231	0.0801158	0.0453754	0.00209422	0.0137198
26	0.0351687	0.0413158	0.00617896	0.00473726	0.0191109	0.0105878	0.00697543	0.290138	0.00941426	0.107828	0.0230905	0.00225334	0.0229667	0.0141107	0.00672084	0.0130808	0.0753889	0.296976	0.00916564	0.00479227
27	0.0397359	0.00179941	0.212744	0.26315	0.0128687	0.0184634	0.00442582	0.00567427	0.0478813	0.0283626	0.0191022	0.0350222	0.0212539	0.0336243	0.00858066	0.120557	0.10029	0.00903352	0.00084014	0.016591
28	0.0556782	0.00623705	0.0295954	0.0186783	0.0184019	0.00714526	0.0726804	0.106644	0.118048	0.0961013	0.0331463	0.00845998	0.00631954	0.0646591	0.111098	0.0266767	0.0599636	0.144671	0.00717634	0.00862057
29	0.117532	0.0246092	0.00469538	0.00721298	0.0273187	0.00816256	0.00616628	0.289378	0.00701388	0.0912063	0.0199806	0.00296435	0.00719781	0.0151046	0.00826921	0.0240674	0.0602916	0.257421	0.00275981	0.0186485
30	0.514991	0.0566279	0.0101948	0.00397455	0.00232705	0.0917344	0.00323282	0.0123595	0.0044984	0.0250004	0.00273348	0.00585615	0.00331841	0.00408337	0.00522101	0.0547659	0.0587114	0.13764	0.000871024	0.00185894
31	0.0250907	0.0406713	0.00202818	0.00337119	0.0358439	0.00281554	0.00849215	0.0948108	0.00750678	0.553879	0.0959302	0.00317919	0.00218181	0.0155773	0.00887268	0.01094	0.00897617	0.0636293	0.00298623	0.0132172
32	0.0743491	0.00542407	0.10708	0.20119	0.0116153	0.0434203	0.0246326	0.0219857	0.103136	0.0360796	0.0138591	0.0320455	0.010275	0.08406	0.06382	0.0661576	0.0569787	0.031467	0.00348418	0.00893963
33	0.335165	0.0441158	0.0180796	0.0147368	0.00416153	0.0599685	0.00807035	0.0189663	0.0172582	0.0141949	0.00815884	0.0352358	0.00879924	0.0130281	0.0215117	0.240647	0.0847062	0.0482824	0.00276623	0.00214804
34	0.103969	0.0154921	0.0317501	0.0322563	0.0159966	0.0475068	0.016425	0.0412477	0.038669	0.0414379	0.0209141	0.0372867	0.0202891	0.0351436	0.0469541	0.128947	0.243932	0.0709791	0.00334486	0.00745847
35	0.207669	0.00584151	0.0277667	0.0201787	0.0059759	0.179061	0.00979786	0.0126909	0.025442	0.0118378	0.0105145	0.0237343	0.0495999	0.0165467	0.0230123	0.224633	0.107031	0.0315808	0.00116639	0.00592016
36	0.058638	0.0116934	0.0805587	0.0265134	0.00856613	0.0298166	0.0155194	0.11031	0.0573837	0.0478256	0.0133425	0.0116166	0.0532932	0.0325449	0.0184647	0.0931967	0.118615	0.200675	0.00343757	0.00798868
37	0.00869898	0.00195092	0.00306967	0.00432459	0.328179	0.00355096	0.0711655	0.00478132	0.00437077	0.00759395	0.00381299	0.00256696	0.00273582	0.00605476	0.0146508	0.00530355	0.00653633	0.0271407	0.0805324	0.41298
38	0.0295008	0.00688788	0.00918395	0.00905279	0.118105	0.0111516	0.029995	0.0244313	0.0278396	0.048218	0.0115011	0.0107459	0.00683787	0.0396821	0.0512355	0.0166884	0.0208253	0.0345586	0.426004	0.067555
39	0.0366162	0.00368265	0.0104814	0.01481	0.0236644	0.00297621	0.0683723	0.0418204	0.272198	0.0685076	0.023207	0.00187017	0.000914967	0.0547313	0.210044	0.0412002	0.0344667	0.0617454	0.0121328	0.0165592
40	0.159257	0.0160755	0.0190254	0.0140364	0.0086834	0.0981518	0.021002	0.0303999	0.0352433	0.0124899	0.00635901	0.00925718	0.364503	0.0112674	0.062164	0.0672823	0.0406544	0.0164449	0.00270513	0.00499754
41	0.0140593	0.00854267	0.00239591	0.00147378	0.0234171	0.00958361	0.00263769	0.363682	0.00266477	0.15964	0.0275912	0.000982323	0.0177614	0.00711353	0.00284869	0.00647792	0.0449343	0.288625	0.0129796	0.00258887
42	0.00869898	0.00195092	0.00306967	0.00432459	0.328179	0.00355096	0.0711655	0.00478132	0.00437077	0.00759395	0.00381299	0.00256696	0.00273582	0.00605476	0.0146508	0.00530355	0.00653633	0.0271407	0.0805324	0.41298
43	0.0890805	0.0118648	0.0551608	0.0101352	0.0260283	0.0390677	0.207445	0.0295069	0.0267331	0.0920447	0.0234755	0.114708	0.00397889	0.0460739	0.0394656	0.0185763	0.0192499	0.0208894	0.0113794	0.115136
44	0.132626	0.0309962	0.0028795	0.00895608	0.0346863	0.00595538	0.00477873	0.332269	0.00299495	0.1079	0.0173705	0.00257712	0.00393219	0.01141	0.00809685	0.0238664	0.0468453	0.195021	0.00162913	0.0252102
45	0.0233659	0.0250438	0.0015006	0.00175759	0.0412636	0.0017988	0.00721272	0.116898	0.00543772	0.573645	0.0711083	0.00167017	0.00148592	0.00838002	0.00747921	0.00674888	0.00983502	0.0825106	0.00235459	0.0105033
46	0.103898	0.0346501	0.0109192	0.0050372	0.0115953	0.011337	0.0105441	0.177211	0.0118189	0.0887833	0.0181573	0.00277018	0.0227631	0.0271017	0.00940263	0.0298327	0.134887	0.279758	0.00317177	0.00636216
47	0.0258515	0.0219327	0.00516698	0.00481612	0.014914	0.0082646	0.00622015	0.292447	0.00925248	0.106689	0.0458696	0.00196624	0.0111681	0.035084	0.0105987	0.0127219	0.0879786	0.266942	0.028895	0.00322205
48	0.0228222	0.0179583	0.00166479	0.0019762	0.0323704	0.00398141	0.00268848	0.166574	0.00509259	0.475604	0.0599951	0.00111246	0.00564449	0.00681928	0.00702863	0.00796563	0.0219113	0.147954	0.00450645	0.00633095
49	0.481548	0.0492213	0.0112671	0.00716768	0.00386896	0.0928248	0.00438287	0.0160983	0.00545767	0.0383236	0.00454307	0.00667997	0.00470624	0.00545294	0.00661786	0.046872	0.0636714	0.144661	0.00187787	0.00475647
50	0.0739078	0.0103245	0.0516979	0.039226	0.0142417	0.0415157	0.123868	0.0281278	0.0528966	0.0485545	0.0202859	0.139109	0.00625309	0.112983	0.0799677	0.0333454	0.0399223	0.0407942	0.0113106	0.0316684
51	0.185325	0.0159549	0.0165967	0.0199617	0.0139499	0.0820259	0.0200456	0.0222311	0.0282692	0.0195436	0.00716195	0.00650387	0.399355	0.010764	0.0512722	0.0417816	0.0320647	0.0180848	0.00344634	0.00566193
52	0.0506227	0.00226119	0.0035287	0.0106115	0.00151568	0.00331374	0.0461329	0.00314443	0.152293	0.00496193	0.00592749	0.0182941	0.00877204	0.0708382	0.534197	0.0209973	0.0522384	0.00387948	0.00536009	0.00111036
53	0.0464795	0.00969209	0.221158	0.0387851	0.0149028	0.0259148	0.181232	0.0226775	0.0277678	0.0370718	0.0133396	0.036053	0.00838295	0.0777404	0.0838992	0.0320475	0.0333102	0.0218272	0.00481038	0.0629083
54	0.0131999	0.00259218	0.00229763	0.00248093	0.00550562	0.00647229	0.00194476	0.333264	0.00636456	0.215806	0.258732	0.00165914	0.00183302	0.00498557	0.00480023	0.00349079	0.0103742	0.12155	0.00112218	0.00152419
55	0.040818	0.0034356	0.00560105	0.00989886	0.00743224	0.00408219	0.0523205	0.0117859	0.271112	0.0229407	0.00953327	0.0115683	0.00550537	0.0523034	0.394799	0.0253077	0.0420199	0.0180361	0.00644075	0.00505909
56	0.233231	0.00821329	0.0271804	0.0236237	0.00825973	0.0594476	0.0954933	0.0131209	0.0324288	0.0443136	0.039599	0.0813464	0.00645217	0.095227	0.0890407	0.0549131	0.0277468	0.0237258	0.0109373	0.0256992
57	0.0201199	0.0104695	0.0016191	0.00173125	0.0269575	0.00800358	0.00209897	0.331424	0.00318005	0.227247	0.052364	0.000878509	0.010314	0.00587743	0.00384321	0.00602871	0.0332651	0.240725	0.00875162	0.00510267
58	0.0849048	0.00769478	0.0169053	0.0212891	0.00993994	0.0580796	0.0311404	0.0193982	0.103637	0.0170734	0.00819569	0.022229	0.128782	0.0402679	0.211483	0.0659247	0.11434	0.0295247	0.00439854	0.0047924
59	0.0958463	0.013207	0.05452	0.0486563	0.0173995	0.163078	0.0966088	0.0234538	0.0478822	0.0439905	0.0160191	0.047218	0.0307073	0.0585709	0.0536843	0.0674305	0.0535848	0.0327525	0.00917762	0.0262129
60	0.0507939	0.00234462	0.00432897	0.0123796	0.00186046	0.00394052	0.0503592	0.00401134	0.152618	0.00762003	0.0069275	0.0213192	0.00881077	0.0719669	0.51347	0.0218973	0.0510108	0.00623813	0.00596015	0.00214208
61	0.0662123	0.0079283	0.0222219	0.0287719	0.0137919	0.0278744	0.0362235	0.0282565	0.276414	0.0517616	0.0178066	0.0217281	0.0063275	0.0539621	0.176825	0.0525884	0.0427872	0.0524267	0.00653305	0.00955931
62	0.10028	0.0165804	0.0385961	0.0402352	0.0174022	0.0467394	0.0177457	0.0477533	0.0426141	0.0353852	0.019987	0.0352993	0.0181883	0.0479574	0.053859	0.121902	0.21892	0.0695107	0.00359568	0.00744892
63	0.0637826	0.0062503	0.27849	0.149402	0.0107582	0.0470822	0.0230036	0.0141398	0.0424253	0.0273489	0.0149353	0.0458453	0.0194763	0.0575622	0.0346122	0.0732926	0.0563383	0.0228716	0.00208875	0.0102949
64	0.0749022	0.00803154	0.00827471	0.0146996	0.0143224	0.00828967	0.0336541	0.0471101	0.300734	0.0638139	0.0324074	0.00519045	0.00257321	0.0508437	0.136866	0.0326634	0.0333087	0.114039	0.0101398	0.00813624
65	0.083669	0.0248007	0.0204423	0.0107203	0.00679125	0.0773597	0.0123117	0.0344631	0.21184	0.0473103	0.00953181	0.0863973	0.00286507	0.0660063	0.110695	0.111866	0.0319797	0.0452823	0.00170983	0.00395851
66	0.0632655	0.00579566	0.265954	0.135648	0.01464	0.0487302	0.0331694	0.0154232	0.0461126	0.0319832	0.0157011	0.0464909	0.019969	0.0583885	0.0338228	0.0695551	0.0543121	0.0234204	0.00340185	0.0142167
67	0.428988	0.0841593	0.00514117	0.00649987	0.00310778	0.0423419	0.00280132	0.0296217	0.00375592	0.00960566	0.00526403	0.00908078	0.00710262	0.00395527	0.00524003	0.238799	0.058639	0.0535436	0.00107013	0.00128317
68	0.10826	0.00222789	0.0426479	0.180786	0.00287349	0.0197414	0.0450737	0.0554693	0.0961803	0.0280924	0.00559061	0.0384866	0.00740837	0.118756	0.0992651	0.0287604	0.0520017	0.0611995	0.00142301	0.00575579
69	0.0175119	0.00509333	0.00593314	0.00741373	0.184191	0.00834372	0.0330432	0.0155832	0.0090006	0.0361846	0.00678843	0.00514488	0.0049907	0.0274691	0.0321191	0.0115895	0.0145192	0.0257415	0.407105	0.142233
70	0.0205056	0.019791	0.00089074	0.00111824	0.0319066	0.00169663	0.00258481	0.15157	0.00599467	0.560493	0.0797613	0.000638538	0.0011178	0.00630735	0.00701853	0.00543265	0.00895521	0.0841016	0.0022968	0.00781844
71	0.426552	0.10568	0.00540072	0.00429685	0.00280392	0.037862	0.00302989	0.0317663	0.00444092	0.0136373	0.00433656	0.0105041	0.00579305	0.00396129	0.00468623	0.183261	0.0763959	0.072841	0.000995468	0.00175622
72	0.086273	0.00556744	0.16451	0.158188	0.00269694	0.132694	0.0190919	0.00576036	0.0768475	0.0169787	0.00403107	0.0546433	0.00756939	0.0881466	0.0561798	0.0662318	0.0364912	0.0147606	0.000671084	0.00266719
73	0.0193047	0.0190011	0.000967921	0.00121835	0.0307856	0.00164767	0.002475	0.147917	0.00576542	0.548013	0.100571	0.000850012	0.00119859	0.00575628	0.0065834	0.00484105	0.00769142	0.0865406	0.00195832	0.00691266
74	0.218011	0.0120374	0.012909	0.0161388	0.0549179	0.016833	0.0179917	0.0521842	0.0139284	0.149475	0.0525599	0.0444106	0.0144601	0.0205184	0.0174129	0.0204583	0.110117	0.101584	0.00551351	0.0485384
75	0.0952269	0.0114478	0.016504	0.103994	0.0181234	0.0153364	0.0475397	0.0184957	0.0880669	0.11342	0.0231492	0.0118092	0.00349109	0.163053	0.161379	0.0168129	0.022364	0.0306688	0.0284725	0.0106442
76	0.0628159	0.0365453	0.0275964	0.0172826	0.0818778	0.0097636	0.345066	0.0748072	0.0319145	0.050655	0.00493284	0.0594354	0.00299193	0.0085441	0.0303654	0.0420857	0.0112118	0.0268157	0.00165252	0.0736405
77	0.0893696	0.00754489	0.153239	0.126342	0.00329546	0.134132	0.0230654	0.0094925	0.0671606	0.0217324	0.00488818	0.0826169	0.00936575	0.0806857	0.0571864	0.0644598	0.0402355	0.0201571	0.00127466	0.00375672
78	0.0252834	0.0233731	0.0012657	0.00148799	0.0334702	0.00148403	0.00351324	0.115591	0.00606598	0.581295	0.0974058	0.00107699	0.000727099	0.00763555	0.00719901	0.00552332	0.00654065	0.070143	0.0017143	0.00920523
79	0.0139653	0.0075768	0.0018993	0.00167617	0.023245	0.00992677	0.00196023	0.366758	0.00265343	0.168622	0.0341022	0.000989589	0.0134398	0.00583674	0.00331055	0.00593486	0.0397087	0.28441	0.0110633	0.00292042
80	0.0498823	0.00220628	0.00389541	0.0151842	0.00138188	0.00341598	0.046689	0.00434438	0.15106	0.0054269	0.00586772	0.0207096	0.01005	0.0729079	0.521624	0.0204076	0.0534809	0.00509671	0.00514475	0.00122457
81	0.208732	0.0274182	0.00793878	0.00900916	0.00737071	0.126536	0.0324283	0.0207364	0.0414877	0.0115523	0.00585546	0.00496287	0.327873	0.0101013	0.0759764	0.0330919	0.0269595	0.0148825	0.00220589	0.00488161
82	0.312552	0.0451794	0.0182668	0.0168272	0.00521067	0.063654	0.00991009	0.0218513	0.0219876	0.0157027	0.00794723	0.0219971	0.0142585	0.0139728	0.0249434	0.244897	0.0879635	0.0475237	0.00148592	0.00386903
83	0.0108973	0.00263325	0.00398968	0.00633558	0.345635	0.00485862	0.069587	0.00682318	0.0078238	0.0108273	0.00547915	0.00349827	0.00317686	0.00879445	0.0248244	0.00627521	0.0100058	0.0278922	0.0735214	0.367121
84	0.0155325	0.00848942	0.00189825	0.002116	0.0208258	0.0107299	0.0024668	0.363508	0.00399726	0.147989	0.0436729	0.00116399	0.0118589	0.0078371	0.00359534	0.00675768	0.04607	0.287949	0.0103768	0.00316498
85	0.0924713	0.010474	0.0252107	0.0421125	0.130099	0.0349747	0.028444	0.0400932	0.0240077	0.0613549	0.0235097	0.0264823	0.197179	0.0205352	0.0317591	0.0400729	0.0740871	0.0458695	0.0174237	0.0338395
86	0.0460503	0.00296139	0.26135	0.172097	0.00657576	0.0576235	0.00808777	0.00632345	0.035588	0.0198281	0.00990876	0.0560278	0.129925	0.0353001	0.0204191	0.0752279	0.0413499	0.00859758	0.00109459	0.00566426
87	0.0347686	0.00993329	0.0416139	0.00847761	0.0659778	0.0106802	0.0529144	0.1901	0.0137187	0.0917036	0.0165546	0.0126148	0.00713532	0.128592	0.0162457	0.0148418	0.0368793	0.232948	0.00693688	0.00736354
88	0.0588975	0.00475737	0.0167503	0.0391044	0.0072979	0.0173283	0.0448821	0.0130403	0.123373	0.0288336	0.0116686	0.0197524	0.00704618	0.11023	0.389477	0.0308532	0.046003	0.0166059	0.00771532	0.00638346
89	0.0255191	0.00331301	0.103443	0.262664	0.0180651	0.00796958	0.0226634	0.0128848	0.0193267	0.0122967	0.0336411	0.00658928	0.00311734	0.289741	0.0181341	0.0492302	0.0840572	0.0229772	0.00120691	0.00316123
90	0.0198109	0.0144125	0.00289769	0.00285818	0.0423978	0.00726129	0.0049902	0.25924	0.00757016	0.316092	0.0417938	0.00205623	0.00907983	0.011694	0.0094103	0.00834253	0.0300292	0.180709	0.0214969	0.00785646
91	0.0585571	0.00431447	0.0117422	0.0206531	0.00794888	0.0171236	0.0443353	0.0125913	0.135371	0.0221566	0.0105542	0.0202187	0.0101014	0.0680435	0.436926	0.033816	0.0522084	0.0190263	0.00837267	0.0059389
92	0.035965	0.0013044	0.286768	0.263454	0.0121075	0.0157468	0.00333869	0.00336229	0.0383325	0.0300005	0.0220021	0.0489408	0.0182818	0.0251125	0.00608239	0.101778	0.0697704	0.00594902	0.000878571	0.0108248
93	0.0353304	0.0327203	0.00188037	0.00237348	0.0408777	0.00174596	0.00923287	0.116101	0.00545885	0.543876	0.0665825	0.00195303	0.00130763	0.0105	0.00739444	0.00946254	0.011131	0.0800908	0.00276726	0.0192144
94	0.088584	0.0164592	0.0135183	0.00527294	0.0102718	0.00757598	0.00624873	0.151632	0.0128135	0.109459	0.0300739	0.00562811	0.0186405	0.019969	0.0121404	0.0478871	0.183652	0.250547	0.00259697	0.00702972
95	0.0586419	0.00414251	0.0111363	0.0238565	0.00607743	0.0130423	0.0450425	0.0109122	0.151654	0.0202654	0.00800186	0.0193245	0.00846309	0.0694926	0.441448	0.0315636	0.0491046	0.0162395	0.00646149	0.0051294
96	0.0818099	0.0146728	0.0150109	0.00899904	0.018254	0.027349	0.139052	0.00925994	0.0189683	0.162697	0.0713474	0.055519	0.00326166	0.1026	0.0550806	0.012454	0.0345164	0.0244609	0.0265657	0.118121
97	0.0590769	0.00411623	0.00791927	0.0164184	0.00664931	0.0125761	0.0436069	0.0125044	0.154053	0.0226051	0.00855951	0.0174501	0.00805024	0.0642994	0.452447	0.0326786	0.0496443	0.0163423	0.00600195	0.00500145
98	0.0356247	0.00344677	0.01037	0.0130089	0.0250964	0.0025074	0.0694393	0.0368752	0.286359	0.0699918	0.0214837	0.00130362	0.000790649	0.0538847	0.214269	0.042474	0.0310766	0.0546874	0.0131728	0.0141387
99	0.0755488	0.00687059	0.0650288	0.0368083	0.00443495	0.0617523	0.0478275	0.0406647	0.0925834	0.0258982	0.00680222	0.156389	0.0110174	0.0916066	0.0398725	0.0812579	0.0869665	0.0601845	0.00164648	0.00683962
100	0.0443539	0.0200283	0.00675995	0.00791948	0.0668335	0.018242	0.0899671	0.0295011	0.0253766	0.252727	0.0586753	0.0243349	0.00228545	0.0749435	0.0519408	0.00994335	0.0143502	0.0545411	0.04722	0.100057
101	0.0371011	0.017014	0.0071413	0.0093265	0.00922401	0.00744027	0.00739781	0.146442	0.0342622	0.0310312	0.0326815	0.00310097	0.00729912	0.0349023	0.0191277	0.0232696	0.16544	0.399405	0.00447691	0.00391594
102	0.0963492	0.00858237	0.156148	0.15544	0.0019311	0.149122	0.020766	0.0054004	0.0698453	0.0168461	0.00199561	0.0636206	0.0073983	0.0797139	0.070271	0.0520527	0.0265628	0.0152763	0.000861394	0.00181738
103	0.0576648	0.00160989	0.221737	0.240131	0.0196122	0.019121	0.00411426	0.00376245	0.0540613	0.0321092	0.0312859	0.0397794	0.0131187	0.0464577	0.0092976	0.107395	0.0796982	0.00658647	0.000912182	0.0115465
104	0.0663102	0.0169997	0.00951057	0.00918918	0.010734	0.0275561	0.0324756	0.0216064	0.213121	0.0726014	0.011206	0.014462	0.00345131	0.0468308	0.292372	0.0653075	0.0436191	0.0290403	0.005608	0.00799847
105	0.10512	0.00610417	0.0307989	0.00803687	0.00164972	0.0805948	0.00309805	0.00474861	0.0235354	0.00381248	0.0106939	0.065278	0.0164113	0.00987292	0.0238823	0.277286	0.282171	0.0448176	0.000666683	0.00142138
106	0.171097	0.00486929	0.0591354	0.0183023	0.00523766	0.0852192	0.0103425	0.00796728	0.0412961	0.0130606	0.00995095	0.0424577	0.0247167	0.0213534	0.0665991	0.204279	0.177188	0.0326268	0.00100068	0.00329984
107	0.0687205	0.024134	0.0267933	0.0522792	0.0985527	0.0125552	0.248288	0.0750989	0.027852	0.0422741	0.00871038	0.0454336	0.0048945	0.0163329	0.0299252	0.033086	0.0173153	0.0274981	0.00996761	0.130289
108	0.0727691	0.00630801	0.00805511	0.0147779	0.0154886	0.00450891	0.0395587	0.0496863	0.29235	0.0800513	0.0234554	0.00225941	0.00165047	0.0551497	0.145974	0.0297899	0.0439621	0.0879465	0.0169593	0.00929931
109	0.0661656	0.011176	0.034831	0.0416869	0.00953565	0.0398923	0.0446179	0.0289022	0.106398	0.0585708	0.0145208	0.167107	0.00610018	0.105842	0.0982657	0.0451441	0.0366686	0.0634334	0.00870817	0.0124334
110	0.0742988	0.00547798	0.0386834	0.098919	0.00833637	0.0285835	0.0419087	0.0183204	0.104932	0.0312528	0.0096166	0.0280055	0.0101056	0.0901483	0.294948	0.033865	0.0455716	0.0263271	0.00516984	0.00553
111	0.0416991	0.0159546	0.00131078	0.00217357	0.0238064	0.00278889	0.00188963	0.24924	0.00467274	0.387576	0.0921303	0.00108886	0.00308856	0.00557017	0.0058309	0.00618916	0.0174002	0.127173	0.00254982	0.00786742
112	0.0318894	0.00505424	0.0803183	0.162218	0.0115371	0.00694044	0.117073	0.0185553	0.0136601	0.0192656	0.0207667	0.00746166	0.00287972	0.356428	0.0234825	0.0270609	0.070284	0.0165514	0.00234254	0.00623226
113	0.101474	0.00922909	0.118015	0.0811585	0.00905153	0.0651702	0.0363281	0.0210759	0.111608	0.0521525	0.00928066	0.123303	0.0076119	0.0618496	0.0494301	0.0553054	0.0398729	0.0325419	0.00223693	0.0133054
114	0.0234924	0.0239355	0.000870932	0.00131591	0.0397353	0.00252629	0.00260011	0.143312	0.00480192	0.531614	0.0731828	0.000672843	0.00211634	0.00609051	0.00649713	0.00568973	0.00869432	0.111071	0.00280352	0.00897704
115	0.0209546	0.0254519	0.00232401	0.00171275	0.0442326	0.00187817	0.00545066	0.0978613	0.00613768	0.58618	0.0878534	0.00219351	0.00131458	0.00872571	0.00796209	0.00684555	0.00751378	0.0730491	0.00233329	0.0100254
116	0.0420084	0.00338258	0.0712046	0.230683	0.0102485	0.00702775	0.0355663	0.0266848	0.0161624	0.0107099	0.0217293	0.00516006	0.00281349	0.344128	0.018216	0.0349855	0.095712	0.0193781	0.00132147	0.00287827
117	0.0765696	0.0040584	0.060518	0.0339715	0.00380838	0.0966277	0.0142898	0.0307201	0.0447733	0.0149585	0.0071116	0.0348351	0.0473567	0.0439106	0.0276979	0.228796	0.169407	0.0503305	0.00103946	0.0092197
118	0.491145	0.0105005	0.0132864	0.0224635	0.00440979	0.132227	0.00362059	0.0122284	0.00650969	0.00644587	0.00689302	0.00740088	0.0141428	0.00537765	0.0134844	0.184263	0.0304341	0.0321844	0.000923536	0.0020596
119	0.0498546	0.0484455	0.0199577	0.014321	0.0107769	0.214402	0.0208676	0.0190388	0.0288207	0.0744072	0.0561859	0.194347	0.00814205	0.0725343	0.025812	0.0718697	0.0316744	0.0257307	0.004548	0.00826442
120	0.0180988	0.00856041	0.00158746	0.00178648	0.0246129	0.00992497	0.00219347	0.375659	0.00242407	0.158403	0.0305845	0.00107412	0.0132256	0.0059239	0.00281211	0.00630437	0.041258	0.28061	0.010885	0.00407172
121	0.0774615	0.0119896	0.0226979	0.0111024	0.00692445	0.079708	0.0095256	0.0167701	0.222745	0.0296439	0.00503471	0.0416232	0.00300084	0.0645637	0.19821	0.130298	0.0331759	0.0303154	0.00172381	0.00348554
122	0.0203858	0.0180434	0.00109066	0.00122181	0.0298745	0.00235944	0.00233742	0.173196	0.00504291	0.517	0.0721446	0.00064865	0.00285128	0.00583499	0.00636555	0.00512854	0.0136431	0.11301	0.00333835	0.00648221
123	0.117037	0.00510189	0.0435642	0.0143466	0.00228651	0.107776	0.00554222	0.00663889	0.0353644	0.00683509	0.00910371	0.0591406	0.0241532	0.0157884	0.029846	0.228452	0.24687	0.0384153	0.000865958	0.00287139
124	0.0885228	0.00750165	0.0339336	0.00714121	0.00196802	0.0754183	0.00356066	0.00570901	0.0205901	0.0045777	0.0098989	0.0736056	0.0157547	0.0103041	0.0217305	0.295513	0.266213	0.0560028	0.000669315	0.00138448
125	0.0985265	0.0225854	0.00751429	0.00951414	0.0569703	0.010372	0.014135	0.189977	0.0127754	0.0624123	0.0162606	0.00621523	0.00666225	0.0183534	0.0113243	0.022174	0.0972779	0.301074	0.00310207	0.0327736
126	0.0463743	0.015907	0.00258345	0.0027574	0.0300407	0.00671372	0.00290139	0.275358	0.0031762	0.240855	0.0395175	0.00138239	0.0101237	0.00755942	0.00519718	0.00991948	0.0415862	0.242845	0.00672634	0.00847444
127	0.0774355	0.00497637	0.0767067	0.110882	0.00819913	0.0565569	0.0106815	0.0175849	0.0632504	0.0209778	0.014585	0.0350816	0.0197015	0.043905	0.0313288	0.180378	0.184953	0.0325864	0.001601	0.0086293
128	0.0936299	0.00583765	0.151351	0.0908955	0.00503553	0.0824657	0.0229182	0.0115308	0.102079	0.022513	0.00515473	0.0614005	0.0102683	0.0599465	0.0965241	0.0979344	0.050839	0.0229431	0.00138894	0.0053438
129	0.0127465	0.00736952	0.00152093	0.00151394	0.0178403	0.00843897	0.0020409	0.404439	0.0024825	0.163258	0.02574	0.000840871	0.0146972	0.00593871	0.00275701	0.00719253	0.0481826	0.259229	0.0116346	0.00213704
130	0.0393911	0.00772631	0.0512419	0.0202325	0.231586	0.0132424	0.0542019	0.0201591	0.0167927	0.08914	0.0593675	0.0960034	0.060853	0.0197801	0.0240453	0.0206023	0.138418	0.0242288	0.00433101	0.00865724
131	0.104286	0.00665104	0.0314223	0.0145377	0.00258205	0.12764	0.00785996	0.0112192	0.0321603	0.00909184	0.00910089	0.0558092	0.0251794	0.0196405	0.0288163	0.226998	0.238305	0.0440966	0.00123397	0.00337001
132	0.0857291	0.00622828	0.00994063	0.0331034	0.0110562	0.00654461	0.0242936	0.0317037	0.307217	0.098233	0.0339392	0.0054595	0.00334554	0.0681451	0.0813129	0.0211057	0.0280702	0.128076	0.00974008	0.00675601
133	0.105877	0.0077194	0.0307538	0.00924064	0.00234399	0.0755916	0.00353163	0.00597891	0.0226301	0.00482913	0.0103725	0.0619374	0.0170865	0.011589	0.0240936	0.280765	0.279644	0.0436804	0.000904949	0.00143029
134	0.454294	0.022071	0.00551794	0.0129893	0.00306748	0.169616	0.00319792	0.0174802	0.00387799	0.00730145	0.00447977	0.00496722	0.00831228	0.00414691	0.00884816	0.190953	0.0279113	0.0483287	0.000949531	0.00169032
135	0.0473324	0.00220388	0.00489344	0.010958	0.00374765	0.00296034	0.0494044	0.00647664	0.160302	0.0115402	0.0089314	0.0159797	0.00767243	0.0724654	0.498821	0.0253958	0.0529962	0.00897016	0.00636842	0.00258064
136	0.232377	0.00311425	0.0940951	0.0869206	0.00228563	0.0704837	0.0350732	0.00633269	0.0714496	0.028992	0.00429886	0.0498837	0.00416045	0.0659761	0.115052	0.069011	0.0277886	0.0290429	0.000961406	0.00270167
137	0.0131634	0.00267164	0.00215397	0.00242868	0.00471563	0.00524074	0.00177054	0.337444	0.00638775	0.229911	0.261221	0.00172249	0.00176606	0.0046456	0.00511137	0.00364012	0.0101998	0.103379	0.00110521	0.00132191
138	0.0169905	0.00762144	0.00152167	0.00166621	0.0132415	0.00335688	0.00160381	0.259243	0.00649753	0.396567	0.175056	0.000997435	0.00103488	0.0040751	0.00530614	0.00333258	0.0101894	0.0881642	0.000872465	0.00266238
139	0.109353	0.00462352	0.15586	0.156968	0.00154019	0.112058	0.0259254	0.00809195	0.0712611	0.0177572	0.00178854	0.0681134	0.00809676	0.0823812	0.0641725	0.0581404	0.0313663	0.0201115	0.000602628	0.00178944
140	0.171488	0.0078463	0.017659	0.0172164	0.0109666	0.107021	0.029082	0.0182132	0.0781207	0.122133	0.0128109	0.0161459	0.00934153	0.0401167	0.135911	0.0709023	0.0299373	0.0240686	0.00652261	0.0744986
141	0.0175498	0.0072604	0.00131674	0.00169197	0.0121561	0.00353026	0.0017128	0.259655	0.00680896	0.389892	0.184602	0.00108589	0.000955305	0.00437026	0.00545164	0.00326307	0.00848242	0.0865276	0.000816297	0.00287115
142	0.0956464	0.0287581	0.00276315	0.00533103	0.0267252	0.00489251	0.00356382	0.318211	0.00304274	0.167099	0.02871	0.00181253	0.00676815	0.0105461	0.00717785	0.0177166	0.04801	0.202884	0.00372134	0.0166199
143	0.114377	0.00383685	0.0176241	0.124416	0.0061629	0.0215744	0.0260222	0.0953739	0.122174	0.0271094	0.00810866	0.0126257	0.00565153	0.105219	0.0579164	0.0589193	0.0742375	0.0966593	0.00225281	0.0197398
144	0.0403023	0.0206599	0.00176036	0.00241574	0.0374561	0.0039901	0.00305604	0.213623	0.0036973	0.376152	0.050975	0.000944607	0.00496174	0.00758224	0.00585303	0.00833375	0.0232949	0.176341	0.00435491	0.0142451
145	0.288615	0.00303047	0.0629629	0.0632551	0.00437748	0.0309281	0.0409303	0.0109067	0.0582403	0.0500069	0.00643537	0.0246289	0.00368363	0.0664416	0.128792	0.0631654	0.0363351	0.0519154	0.00176389	0.00358529
146	0.10382	0.00423816	0.155587	0.164995	0.00176404	0.10528	0.0246654	0.00993357	0.0715986	0.0178299	0.00193077	0.0667723	0.00965518	0.0831649	0.0624263	0.0576982	0.0333747	0.022532	0.000605529	0.00212918
147	0.0251446	0.0695695	0.00443181	0.00464285	0.0297676	0.00561303	0.0269679	0.0676816	0.0089686	0.487917	0.0936702	0.00597015	0.00267619	0.0434472	0.0101787	0.0245042	0.0120495	0.0433262	0.00410868	0.0293644
148	0.042537	0.00363308	0.0140505	0.0119655	0.0213715	0.0058339	0.0711042	0.0325269	0.260406	0.0705151	0.0198896	0.00268902	0.000936335	0.0527538	0.223268	0.0592498	0.0310099	0.0476834	0.0104299	0.0181465
149	0.109978	0.00733893	0.02443	0.0180934	0.00517048	0.127215	0.0272928	0.0175488	0.0572663	0.0134279	0.00666757	0.0290737	0.11261	0.0257994	0.0705525	0.136546	0.161685	0.0404828	0.00141774	0.0074036
150	0.0749909	0.0119132	0.0175767	0.00422366	0.00643906	0.0829996	0.0056721	0.0164508	0.222588	0.0299405	0.00413396	0.0478557	0.00237027	0.0605839	0.19678	0.148631	0.0323847	0.0300697	0.00107055	0.00332477
151	0.0201059	0.00861395	0.00164293	0.00186897	0.013697	0.00274953	0.00193425	0.2285	0.0065766	0.396295	0.199774	0.00114845	0.000999919	0.00484663	0.00593897	0.00356445	0.00752242	0.0897331	0.000924925	0.00356337
152	0.0354355	0.00353483	0.0100783	0.0127961	0.0238818	0.00259326	0.0682133	0.0355047	0.291392	0.068736	0.0208436	0.00150054	0.000956993	0.0528626	0.219403	0.041346	0.031234	0.0533572	0.0125075	0.0138229
153	0.0758399	0.00624977	0.151012	0.111351	0.0107614	0.0495176	0.10054	0.0194233	0.0472902	0.0486555	0.0100301	0.0341202	0.00952152	0.0767082	0.0721477	0.075368	0.0594425	0.0267564	0.00203072	0.013234
154	0.040346	0.00445663	0.0676344	0.170013	0.0106288	0.00774933	0.0853386	0.0220253	0.0178691	0.017462	0.023213	0.00668552	0.00320938	0.350746	0.0262414	0.0331163	0.0880181	0.0184766	0.00250857	0.00426203
155	0.217733	0.00589612	0.020836	0.0214211	0.00752839	0.0779875	0.0198981	0.0133478	0.0890023	0.0788812	0.00762306	0.0152932	0.00464829	0.0614408	0.243468	0.0504876	0.0237815	0.0227287	0.00370083	0.0142974
156	0.0341387	0.00456741	0.0098325	0.0402635	0.11339	0.00806963	0.0574976	0.0432976	0.186478	0.0817241	0.0318807	0.00454786	0.00262252	0.0710661	0.167965	0.0318425	0.0399478	0.0366491	0.00925527	0.024964
157	0.0188719	0.0165787	0.00165056	0.00161842	0.0265768	0.0019653	0.00279527	0.147498	0.0102952	0.512736	0.13443	0.00118473	0.000987605	0.00930861	0.0112649	0.00542996	0.00723451	0.0818633	0.00167873	0.00603194
158	0.0239526	0.0202872	0.000946851	0.00116311	0.0314657	0.00120091	0.0025642	0.128207	0.00636008	0.586827	0.0873853	0.000653301	0.000610014	0.00610545	0.00677938	0.0047648	0.00618883	0.0750067	0.00162154	0.00790993
159	0.0743654	0.0230291	0.0358054	0.143791	0.027638	0.00957808	0.0692745	0.0107483	0.0387093	0.10429	0.0462988	0.00965173	0.00266853	0.232935	0.0909547	0.0127691	0.0225655	0.0216627	0.0139318	0.00933297
160	0.0380229	0.0102251	0.00691847	0.0120906	0.0172698	0.0113404	0.0134525	0.27017	0.0650639	0.212992	0.0773634	0.00533753	0.00592367	0.022293	0.04042	0.0219888	0.0344283	0.12147	0.005483	0.00774583
161	0.113163	0.00263316	0.163733	0.194954	0.0107286	0.0608247	0.0119725	0.00632825	0.0889317	0.038699	0.010991	0.0378606	0.00913821	0.0499004	0.0278082	0.0904949	0.0589628	0.0131997	0.000843031	0.00883389
162	0.10683	0.00246841	0.0526847	0.162197	0.00280127	0.0213823	0.0460045	0.0531759	0.0905212	0.0314681	0.00525358	0.0514742	0.00851788	0.118359	0.107097	0.0258682	0.0485664	0.0605004	0.00120502	0.00362546
163	0.0194358	0.0243423	0.000889031	0.00100704	0.0401983	0.00101152	0.00295748	0.0984531	0.0052677	0.615336	0.0747421	0.000740655	0.00058816	0.00676159	0.00769197	0.00609988	0.00650248	0.0769026	0.00197298	0.00909937
164	0.0303651	0.0015165	0.310337	0.258906	0.0107487	0.0167518	0.00363192	0.00359326	0.0320967	0.0259667	0.0199467	0.0522485	0.0203049	0.025821	0.00663136	0.0982454	0.0663127	0.00615673	0.000858436	0.00956064
165	0.0968115	0.00213921	0.0582811	0.159455	0.00362515	0.0442659	0.040896	0.0479647	0.0936392	0.0227013	0.00500962	0.0293504	0.00911373	0.120402	0.0550533	0.0764078	0.0672841	0.0580341	0.000825492	0.00874078
166	0.0745766	0.0103833	0.0243488	0.214647	0.0125366	0.00799615	0.050782	0.0181798	0.0402337	0.103428	0.0207422	0.0133236	0.00444537	0.183318	0.134286	0.0120174	0.0226724	0.0404866	0.00744865	0.00414674
167	0.0111197	0.00578071	0.00140863	0.00147964	0.0155923	0.00869935	0.00174597	0.416751	0.0029729	0.168947	0.0472313	0.000856099	0.0116345	0.00571664	0.00287817	0.00623647	0.0422477	0.236656	0.00999083	0.00205454
168	0.0766594	0.00180469	0.224158	0.225455	0.0165933	0.0374016	0.00509153	0.00339994	0.0678557	0.0447481	0.0180018	0.0423071	0.0132236	0.0300224	0.0107778	0.0966624	0.064522	0.00636202	0.000898405	0.0140548
169	0.0577736	0.00513163	0.0103815	0.0217049	0.0426733	0.0184848	0.049171	0.105982	0.100157	0.140411	0.0149854	0.00581684	0.0036906	0.0634627	0.232129	0.0252499	0.0554999	0.0311144	0.00665658	0.00952452
170	0.0202731	0.0231849	0.000903933	0.00114749	0.0356	0.00179319	0.00285684	0.132077	0.0050678	0.572139	0.0689055	0.000637015	0.00181396	0.00626439	0.00680295	0.00555927	0.00987687	0.0939745	0.00262738	0.0084947
171	0.0271128	0.00395771	0.127516	0.18271	0.0130825	0.0129199	0.0200981	0.0118876	0.0332046	0.01386	0.0477629	0.00838889	0.00417005	0.247561	0.032203	0.093481	0.100579	0.0144105	0.00145799	0.00363509
172	0.0463703	0.00288298	0.130515	0.194983	0.00756253	0.0548768	0.0147936	0.0121874	0.0473043	0.0153389	0.019105	0.0240611	0.0110075	0.143056	0.0306715	0.116621	0.103058	0.0178792	0.000896837	0.00682858
173	0.013355	0.00416266	0.00208404	0.00214767	0.00938331	0.00734583	0.00198742	0.343245	0.00533365	0.202651	0.203454	0.00149087	0.00421611	0.00525103	0.00432716	0.00408184	0.0170255	0.162817	0.00357574	0.00206552
174	0.0941616	0.00832349	0.0333213	0.0299559	0.0182286	0.0623556	0.0137155	0.0293061	0.0330535	0.0324704	0.0148852	0.0338164	0.161491	0.0213915	0.0386739	0.113154	0.200483	0.0514287	0.00330193	0.00648211
175	0.137361	0.0133418	0.0500646	0.0443349	0.0112771	0.199886	0.0207952	0.0237893	0.0503715	0.0392134	0.0139367	0.0391183	0.0262835	0.0445813	0.0508498	0.103065	0.0718089	0.0403551	0.0097722	0.00979459
176	0.0128113	0.00549186	0.00155791	0.00165538	0.0152088	0.00910755	0.00171803	0.404179	0.00346547	0.167591	0.0841416	0.000990035	0.00968419	0.00529298	0.0029133	0.005475	0.0328977	0.225338	0.00806599	0.00241518
177	0.109666	0.00587396	0.029434	0.00858603	0.00168878	0.0809244	0.00324547	0.00505145	0.0248933	0.00388331	0.0119	0.0665132	0.0168231	0.0100891	0.0248028	0.274483	0.273119	0.0470781	0.000617869	0.00132761
178	0.450218	0.0649494	0.00583481	0.0107251	0.00317716	0.0534645	0.00431004	0.037373	0.00846529	0.0113618	0.00454321	0.00817162	0.00651412	0.00761777	0.00787002	0.195908	0.0570702	0.0592242	0.000818291	0.00238341
179	0.143895	0.00474279	0.0280909	0.117109	0.00710834	0.0110005	0.0659406	0.0673694	0.0293309	0.0187632	0.033087	0.0120488	0.00511934	0.213849	0.0510668	0.048195	0.108608	0.0265732	0.00292091	0.0051807
180	0.150567	0.0392779	0.00889435	0.00504974	0.0127507	0.0250422	0.0175285	0.174578	0.00972173	0.0648607	0.0133697	0.00363735	0.0128447	0.0269351	0.00902795	0.0490141	0.131906	0.235287	0.00232927	0.00737729
181	0.0118102	0.00634194	0.00143587	0.00143836	0.0168501	0.00810507	0.0017385	0.393674	0.00295929	0.198526	0.04475	0.000808946	0.0115078	0.00545414	0.00307808	0.00589818	0.0380746	0.235679	0.00979871	0.00207124
182	0.00984985	0.00659094	0.00140169	0.00136477	0.0183084	0.00884312	0.0018617	0.404079	0.00250801	0.165066	0.0270774	0.000837594	0.0142876	0.00570208	0.00262476	0.00623272	0.0455678	0.263782	0.0121764	0.00183882
183	0.509681	0.0198507	0.00536015	0.0154791	0.00274133	0.119895	0.00252018	0.0170689	0.00344071	0.00654141	0.00470641	0.00555404	0.0076019	0.0037107	0.00928541	0.191522	0.0285881	0.0441157	0.000779753	0.0015579
184	0.0803358	0.00901591	0.0624981	0.208884	0.0142177	0.0298531	0.0272951	0.0466355	0.0542875	0.0411332	0.0172977	0.0255917	0.0157232	0.105964	0.0503427	0.0502718	0.0632055	0.0842268	0.0041817	0.00903849
185	0.0142642	0.00905883	0.00191595	0.002132	0.0160669	0.00816267	0.00257443	0.382196	0.00480434	0.145125	0.0308988	0.0011264	0.0124178	0.00948929	0.00481444	0.00861085	0.0628015	0.269701	0.011612	0.00222729
186	0.148546	0.0141814	0.0569927	0.0515277	0.00813282	0.194581	0.0220233	0.0307762	0.0450891	0.0335575	0.0133516	0.0356497	0.0337311	0.0458666	0.0470174	0.100609	0.0591796	0.0454806	0.00451069	0.0091952
187	0.0922089	0.0158388	0.0286435	0.00555513	0.00812556	0.00889166	0.0077818	0.125667	0.0137258	0.133961	0.0176326	0.00451454	0.0435027	0.020966	0.0102372	0.0462327	0.1523	0.256564	0.00278	0.00487123
188	0.0417115	0.00212084	0.308537	0.220466	0.00960326	0.0345365	0.00683931	0.00464687	0.0390558	0.0240656	0.0164054	0.0563148	0.0183002	0.0346676	0.015945	0.0853969	0.063424	0.00919725	0.000839014	0.00792685
189	0.0215782	0.0222096	0.00197527	0.00214713	0.0409525	0.00274457	0.00421307	0.123764	0.00584884	0.535686	0.0965515	0.00158497	0.00198493	0.00825784	0.00740591	0.00689279	0.0102115	0.0936785	0.00319745	0.00911546
190	0.031869	0.00679288	0.0140127	0.0180965	0.282909	0.0108108	0.0624275	0.0358945	0.0179512	0.0600719	0.0173835	0.0149128	0.0121546	0.0197032	0.0275729	0.0191714	0.0331829	0.0413902	0.0589995	0.214693
191	0.0919942	0.0038649	0.0539701	0.0503541	0.00580012	0.107287	0.0183023	0.0332747	0.0670432	0.0180383	0.00536416	0.0191802	0.144449	0.038114	0.0338838	0.159686	0.104217	0.0340527	0.00099001	0.0101342
192	0.0887834	0.0105163	0.0392329	0.00759354	0.00216355	0.0764947	0.00330445	0.00556793	0.0203589	0.00461097	0.00986194	0.0658901	0.0156176	0.0101165	0.0218479	0.28232	0.288907	0.0441141	0.000956671	0.00174152
193	0.361647	0.00496694	0.0742382	0.0382421	0.0260684	0.05828	0.00681552	0.0102317	0.0111558	0.0122828	0.0314506	0.0066988	0.0832967	0.00951181	0.0137836	0.178494	0.0538713	0.0128966	0.00207897	0.00398899
194	0.104063	0.00580456	0.161146	0.153905	0.0018401	0.137027	0.0237671	0.00542106	0.0734837	0.0171697	0.00167056	0.0612803	0.00763608	0.0755612	0.0650908	0.0576315	0.028439	0.0161994	0.000752091	0.00211205
