523	20
1	0.0155362	0.00759981	0.306843	0.0164825	0.00135844	0.0219398	0.0218911	0.0094711	0.0244659	0.00397407	0.005707	0.31693	0.00797719	0.0245314	0.031938	0.125906	0.047318	0.00434078	0.000559445	0.0052293
2	0.0132127	0.00428143	0.000273269	0.000341237	0.0217841	0.000879601	0.000784268	0.333821	0.00124929	0.225972	0.0257662	0.000464447	0.00261815	0.000455496	0.000752002	0.00227987	0.00761998	0.354469	0.0016743	0.00130117
3	0.0904656	0.0380443	0.00261875	0.00629124	0.00543215	0.00482101	0.0143982	0.119743	0.0161701	0.166575	0.0116993	0.0356437	0.00380204	0.0169428	0.00591536	0.0699514	0.0817436	0.303539	0.00107845	0.00512388
4	0.0137189	0.00844886	0.00201012	0.00214207	0.449724	0.002947	0.0091807	0.0834128	0.0106077	0.109959	0.0267844	0.00467271	0.00126282	0.0057552	0.00418843	0.00866847	0.0292368	0.0787584	0.0146535	0.133869
5	0.0525481	0.0192622	0.00798905	0.000950543	0.00232968	0.01172	0.00270324	0.0109157	0.00965741	0.00717878	0.00621808	0.0100867	0.000841824	0.0161947	0.0141538	0.355999	0.451318	0.0190522	0.000222363	0.000658424
6	0.00979172	0.00868803	0.000987826	0.00109568	0.0294543	0.00182689	0.000777795	0.146347	0.00319636	0.548501	0.0936678	0.00185974	0.00313795	0.00336248	0.00481746	0.00228631	0.0248022	0.108352	0.000519053	0.00652872
7	0.0049405	0.00460418	0.000916726	0.00431618	0.236959	0.00114144	0.00566705	0.196668	0.00153571	0.31327	0.018063	0.00189955	0.00525494	0.00195837	0.00130337	0.00355349	0.0137494	0.106416	0.0058257	0.0719566
8	0.148379	0.0437071	0.00794412	0.00582922	0.00696973	0.0180779	0.00691671	0.0509234	0.00902077	0.024491	0.00931103	0.0175641	0.0230136	0.00928611	0.00862572	0.244799	0.214297	0.14725	0.000911066	0.00268309
9	0.0643311	0.010762	0.0165404	0.0273112	0.00158732	0.0171043	0.00705579	0.00363998	0.00549713	0.00350252	0.00553088	0.0179894	0.675285	0.00801583	0.0102524	0.0802463	0.0324616	0.0103691	0.000446141	0.00207192
10	0.0728059	0.0357825	0.000343437	0.00716871	0.00594531	0.00108056	0.000650028	0.229684	0.00924589	0.0666338	0.0232862	0.0040025	0.00285842	0.0118815	0.00254822	0.0182665	0.0418089	0.462647	0.000161622	0.00319888
11	0.0594716	0.0143967	0.00231651	0.00247775	0.00227495	0.808224	0.00608599	0.000680361	0.00401175	0.00105643	0.00220404	0.0246169	0.00352134	0.00223512	0.00185536	0.0489476	0.00134277	0.00440407	0.000166249	0.00971027
12	0.0469553	0.0123997	0.11875	0.0134097	0.00570244	0.0947876	0.0389787	0.0111835	0.0302091	0.0120265	0.0105637	0.266351	0.00482384	0.0240382	0.0342853	0.189864	0.0614445	0.0115433	0.0044013	0.00828258
13	0.017597	0.00495196	0.00034316	0.000565632	0.0106866	0.000872795	0.000567883	0.325626	0.00224977	0.133727	0.0171746	0.000577334	0.00314917	0.000735506	0.00130262	0.00312706	0.00771527	0.466306	0.000918049	0.00180582
14	0.0558934	0.0193721	0.00846075	0.00145419	0.00271256	0.0130075	0.00448698	0.0102152	0.00998073	0.00719092	0.00869213	0.0110689	0.00153045	0.0178259	0.0136957	0.360912	0.429843	0.0224947	0.00027754	0.000885392
15	0.0747268	0.0364211	0.000381509	0.00801973	0.00582908	0.000939186	0.000749439	0.225013	0.00976721	0.0678566	0.0228585	0.00453298	0.00271797	0.0133488	0.00259066	0.0186187	0.0424068	0.459787	0.000132475	0.00330312
16	0.0157185	0.0102653	0.00105169	0.00132746	0.473353	0.00337608	0.0114202	0.0586208	0.0107827	0.0990277	0.0217407	0.00437079	0.000649309	0.00636871	0.00455305	0.00904146	0.0349187	0.0701073	0.0190545	0.144252
17	0.00697932	0.0131826	0.576878	0.0563728	0.000892431	0.0145323	0.00743641	0.00302185	0.0103353	0.00305863	0.000987863	0.193333	0.00748566	0.0168442	0.0155008	0.0460714	0.0189109	0.00429547	0.000240424	0.00364053
18	0.0239021	0.00930975	0.0113728	0.00685738	0.0771148	0.00642457	0.0173949	0.0943765	0.00962713	0.448041	0.106669	0.0086604	0.00361239	0.0117702	0.011311	0.016455	0.0312056	0.0776802	0.00240511	0.02581
19	0.0585834	0.00538627	0.00708006	0.0297738	0.011534	0.0130776	0.0349731	0.0829693	0.0679839	0.125501	0.042343	0.00880893	0.0232986	0.0716331	0.0923229	0.083469	0.0703461	0.155302	0.000293265	0.0153214
20	0.0437444	0.0232424	0.0446231	0.0389927	0.0508104	0.00955727	0.0888137	0.0411134	0.0714717	0.0865117	0.0222548	0.0581051	0.00382662	0.0802609	0.103711	0.0454076	0.062843	0.0531345	0.0198078	0.0517681
21	0.198202	0.0446583	0.0122021	0.00607621	0.00385934	0.0237896	0.00407462	0.0196292	0.0178388	0.0134926	0.00865569	0.0208693	0.00599584	0.0128425	0.0107299	0.302955	0.226373	0.0640455	0.000564199	0.00314681
22	0.00529207	0.00378229	0.00148929	0.00390131	0.246774	0.00147534	0.009573	0.144713	0.00268836	0.36007	0.0380402	0.00287257	0.00987554	0.00266847	0.00194449	0.00413881	0.0108881	0.08041	0.00518637	0.0642176
23	0.0816206	0.0188203	0.0776672	0.0365759	0.00569001	0.0298218	0.0129064	0.0133697	0.0398675	0.0135569	0.0123915	0.062089	0.328499	0.024588	0.0273382	0.146835	0.0351091	0.0162326	0.002709	0.014312
24	0.0387409	0.0615306	0.00233715	0.0055719	0.166948	0.00363241	0.00436837	0.220736	0.00685402	0.108133	0.0123755	0.00544307	0.00276851	0.00837881	0.00468449	0.023244	0.0496137	0.238789	0.00256544	0.0332857
25	0.0677093	0.00280802	0.0684398	0.230952	0.00712196	0.018785	0.0190849	0.0266712	0.0322079	0.0289696	0.00693214	0.0487479	0.00370547	0.120705	0.0247242	0.131452	0.120817	0.0139368	0.00557278	0.0206567
26	0.166424	0.0267785	0.0276293	0.00674279	0.00187892	0.068192	0.0136467	0.00374604	0.00899909	0.00582798	0.00282171	0.0373075	0.000800574	0.00814408	0.00729102	0.471202	0.129386	0.00537802	0.00195852	0.00584543
27	0.012477	0.00503642	0.000235237	0.000329186	0.0468171	0.00136384	0.00190556	0.334137	0.000485164	0.327127	0.0268188	0.000415099	0.000990699	0.000419578	0.000361032	0.00264163	0.00871082	0.223651	0.00329931	0.00277786
28	0.45542	0.0458956	0.0733138	0.0221439	0.0048481	0.0281559	0.00576287	0.00560354	0.00544058	0.00234576	0.00262415	0.0112258	0.00288328	0.0209234	0.0123498	0.125786	0.132399	0.0359052	0.000444561	0.00652877
29	0.0196847	0.00914789	0.000259055	0.000845697	0.0307729	0.00116769	0.00130251	0.301838	0.00187061	0.284982	0.0260486	0.000718787	0.00126404	0.00123205	0.000674427	0.00442032	0.0143633	0.294611	0.0029255	0.00187048
30	0.144755	0.0183646	0.0525113	0.0135405	0.00356924	0.0543216	0.0215969	0.0102013	0.0161457	0.0126938	0.00845593	0.0889396	0.00280616	0.0141517	0.0151859	0.388881	0.108528	0.0118258	0.00150548	0.0120204
31	0.0957651	0.00975671	0.012663	0.0189224	0.00197261	0.017875	0.0188954	0.00406261	0.0324567	0.016166	0.00830492	0.0328007	0.493233	0.0278048	0.0523913	0.0890281	0.0462756	0.0176596	0.000702818	0.00326366
32	0.0160411	0.00776633	0.221642	0.00565899	0.0015911	0.016938	0.02965	0.00684466	0.0331652	0.00515712	0.00905229	0.327648	0.003919	0.0315959	0.049805	0.166662	0.0537833	0.00462749	0.000607075	0.00784527
33	0.159239	0.0385723	0.0722506	0.0430799	0.010716	0.191541	0.0139046	0.015852	0.0174396	0.0170729	0.0065671	0.045245	0.00342068	0.0422835	0.0190276	0.223517	0.0523493	0.014242	0.00312871	0.0105517
34	0.127952	0.0175397	0.0367128	0.0254934	0.0051052	0.0513422	0.0124453	0.0204347	0.0286823	0.0285506	0.0156746	0.0830545	0.00209597	0.0265078	0.0345582	0.313029	0.132218	0.0249199	0.000295035	0.0133891
35	0.0271794	0.00264578	0.00394437	0.00828434	0.0493207	0.00328929	0.0457865	0.201589	0.0357683	0.140812	0.0821212	0.0494358	0.000974872	0.0222515	0.0204924	0.038778	0.074368	0.120141	0.000382406	0.0724353
36	0.0106524	0.00917353	0.00105032	0.00133445	0.0288584	0.00216084	0.00127817	0.131735	0.00341451	0.571062	0.103314	0.00235217	0.00285901	0.00425174	0.0054646	0.00273581	0.0251929	0.0852543	0.000300798	0.00755542
37	0.0125496	0.00506745	0.000234283	0.000302112	0.0455322	0.00138879	0.00184844	0.334895	0.000486978	0.326976	0.0268138	0.00040811	0.000995669	0.000413942	0.000349396	0.00266306	0.00874552	0.224707	0.00324909	0.00237435
38	0.171553	0.0534662	0.000683949	0.00309788	0.00874237	0.0130425	0.0045147	0.0756631	0.0023891	0.0376427	0.00892364	0.00535613	0.0169093	0.00371747	0.00178974	0.164726	0.163817	0.261856	0.000735186	0.00137356
39	0.0663455	0.0303705	0.000283507	0.00633655	0.00641484	0.00101191	0.000478691	0.24413	0.00805678	0.0631531	0.0187497	0.00329395	0.00287864	0.0104062	0.00248463	0.0151984	0.0360902	0.480876	0.000190019	0.00325092
40	0.00894162	0.0158124	0.596816	0.0575134	0.000928552	0.0156466	0.00572166	0.00270666	0.0088646	0.00368674	0.00103377	0.163348	0.00597285	0.0151896	0.0160983	0.0501636	0.0233855	0.00396445	0.000235333	0.0039713
41	0.0411771	0.00134459	0.221693	0.472192	0.00122824	0.00227331	0.0120552	0.00419	0.0185054	0.0116306	0.00884783	0.0220398	0.00393363	0.0698314	0.0174432	0.0319476	0.0248038	0.0320365	0.000337768	0.00248841
42	0.08847	0.00220448	0.123505	0.192335	0.00526441	0.0490193	0.0314406	0.00916297	0.0963895	0.027542	0.0073685	0.0489019	0.00446484	0.0830088	0.0514006	0.0860116	0.0492989	0.0347006	0.00455922	0.004952
43	0.0525019	0.0233942	0.0124766	0.00374954	0.00496575	0.582728	0.04486	0.00425837	0.00922936	0.00590096	0.00626629	0.0949844	0.0037391	0.00916875	0.00666647	0.0955978	0.0181332	0.00677602	0.00317242	0.0114313
44	0.0324806	0.00801548	0.0870494	0.0687294	0.042924	0.0197731	0.168313	0.0334453	0.0629556	0.078687	0.00941832	0.0230408	0.00502953	0.068908	0.0738526	0.0253688	0.0235288	0.0729946	0.00533834	0.0901472
45	0.296415	0.0534677	0.00086495	0.0012267	0.000804633	0.206568	0.00121731	0.0151854	0.00231992	0.0293539	0.00345744	0.0124829	0.0145556	0.00764083	0.00659322	0.175286	0.0788758	0.086209	0.0010077	0.00646816
46	0.0258238	0.00287396	0.0154885	0.0119193	0.0348148	0.00964047	0.0564348	0.207744	0.0169743	0.179388	0.0813098	0.0182549	0.00262564	0.0493557	0.0151406	0.0453121	0.0689667	0.119741	0.000788528	0.0374029
47	0.00533271	0.00461749	0.000905179	0.00400288	0.246876	0.00121687	0.00593495	0.189962	0.00186726	0.304336	0.0189097	0.00183395	0.00491291	0.00217545	0.00135685	0.00358859	0.0140595	0.105759	0.00681197	0.0755406
48	0.0714356	0.0339491	0.000411588	0.00673085	0.00644063	0.00115856	0.0007454	0.245399	0.00844991	0.061762	0.0195973	0.00367232	0.00356948	0.0108944	0.00263579	0.0156392	0.0379261	0.464934	0.000208594	0.00444003
49	0.0305415	0.0106681	0.0794885	0.00490564	0.00335006	0.0303742	0.0716664	0.00817293	0.0193971	0.00654263	0.0101467	0.271385	0.00395426	0.0182285	0.0240917	0.294279	0.0975113	0.00646051	0.00453467	0.00430104
50	0.00955215	0.00917073	0.00112368	0.00123447	0.0272111	0.00209318	0.00091332	0.126288	0.0035435	0.57797	0.104598	0.00206429	0.00305941	0.00408095	0.00560855	0.00256808	0.0266726	0.0851854	0.000162966	0.00689976
51	0.0560711	0.00554513	0.00649507	0.0276634	0.0114386	0.0133881	0.0361541	0.083223	0.0671391	0.132795	0.0440071	0.00774475	0.0233842	0.0711816	0.0957204	0.0821966	0.0672989	0.153212	0.00027465	0.0150677
52	0.115179	0.0205706	0.00921042	0.0230219	0.0093486	0.00722069	0.00993314	0.111484	0.0265571	0.0225914	0.0203159	0.0194891	0.0112546	0.0193674	0.0296908	0.122475	0.18755	0.219062	0.000659388	0.0150197
53	0.0508825	0.0204723	0.000301757	0.00402995	0.00707031	0.00104746	0.000494774	0.254819	0.00692238	0.0808186	0.0152596	0.00225185	0.00298906	0.00675282	0.00214046	0.0106823	0.0274343	0.502734	0.000193845	0.00270319
54	0.0125019	0.0052758	0.000253328	0.000321733	0.0456398	0.00141368	0.00185253	0.328264	0.000525574	0.335523	0.0282665	0.00047156	0.00102393	0.000536034	0.000449262	0.00265768	0.00937912	0.219868	0.00318628	0.00258998
55	0.124799	0.108491	0.0245371	0.00440157	0.0893279	0.0586461	0.0930286	0.0051178	0.0111773	0.00695505	0.00375093	0.0700283	0.001888	0.018864	0.0124228	0.150557	0.0422942	0.00633879	0.00736389	0.160011
56	0.019546	0.00662837	0.00611752	0.0308097	0.0320877	0.0250137	0.0700776	0.00789529	0.0671131	0.0264926	0.0172735	0.0128077	0.00377686	0.101774	0.325016	0.0705356	0.0689879	0.0292713	0.00201947	0.0767555
57	0.0434525	0.0225152	0.0147875	0.0660631	0.00779387	0.0108537	0.0176891	0.0200492	0.230506	0.0552463	0.0129286	0.0496961	0.00387087	0.107348	0.185297	0.0869577	0.0360153	0.0250357	0.000591554	0.00330325
58	0.00702379	0.0152334	0.00111799	0.00429705	0.341118	0.00284309	0.0821032	0.0279548	0.00827196	0.0489726	0.00670317	0.00561039	0.000392992	0.0104044	0.0181109	0.0149609	0.00530957	0.0186845	0.0481859	0.332701
59	0.224866	0.035542	0.0207132	0.00609376	0.00398973	0.0525951	0.0102021	0.00653975	0.00979306	0.00845091	0.00439828	0.0323976	0.00586575	0.00859044	0.00783074	0.432893	0.104234	0.0171726	0.0015461	0.00628632
60	0.0646604	0.0102167	0.0181991	0.0225472	0.00652972	0.0208066	0.0213427	0.00918102	0.0152318	0.0123426	0.0161679	0.0357173	0.495833	0.017633	0.0197698	0.120959	0.0664417	0.0194181	0.00134648	0.00565657
61	0.00614728	0.0160863	0.607442	0.0537204	0.000887623	0.0133548	0.00602141	0.00256208	0.00879411	0.00316921	0.00100012	0.172128	0.0063985	0.0156409	0.0154774	0.0443076	0.0191224	0.00371676	0.000241776	0.00378216
62	0.059597	0.014419	0.00248892	0.00247839	0.00230664	0.807384	0.00606291	0.000706906	0.00408394	0.00106088	0.00222539	0.0248141	0.00354357	0.00222499	0.00185541	0.04896	0.00145817	0.0044352	0.000186614	0.00970788
63	0.00701066	0.0150639	0.00111761	0.00445835	0.334636	0.00283679	0.0844891	0.0271056	0.00876388	0.0493005	0.00657138	0.00560829	0.000403305	0.0107453	0.0192593	0.0154118	0.00461865	0.0171101	0.0484374	0.337052
64	0.0049306	0.00452283	0.000906397	0.00403007	0.246966	0.001203	0.00561759	0.189025	0.00176768	0.311056	0.0178649	0.0017856	0.0052337	0.00207432	0.00133936	0.00351643	0.0136527	0.105527	0.00594264	0.0730374
65	0.200971	0.0377245	0.00158692	0.00582927	0.00703689	0.0133301	0.00375068	0.141294	0.00659607	0.0562167	0.0161935	0.0049285	0.00767108	0.0082344	0.00355637	0.0662079	0.0795469	0.334111	0.000623772	0.00459043
66	0.0500065	0.0193273	0.000287877	0.00352855	0.00795681	0.00120415	0.00044683	0.257704	0.00587777	0.0824259	0.0141435	0.00198602	0.00255214	0.00578649	0.00204862	0.00998864	0.0239089	0.507719	0.000270701	0.00282952
67	0.293489	0.0367994	0.00256648	0.00174805	0.000783361	0.222925	0.00149354	0.0131867	0.00248747	0.0287489	0.00318028	0.0140516	0.0155863	0.00806205	0.00719078	0.18927	0.0765349	0.0753978	0.00108526	0.0054136
68	0.075667	0.0192966	0.00725794	0.0203963	0.0203656	0.00883287	0.036901	0.0961608	0.046876	0.120241	0.0474998	0.0153558	0.011909	0.0385323	0.061321	0.0769117	0.0786196	0.185429	0.0011462	0.0312802
69	0.0328034	0.0110768	0.199236	0.267881	0.00857597	0.218231	0.0166902	0.00898342	0.00496743	0.0599871	0.00470374	0.0276536	0.00297195	0.0522115	0.0132656	0.0271771	0.0123084	0.00610764	0.00134336	0.0238256
70	0.0366438	0.0105182	0.0325899	0.0447894	0.00938411	0.0290698	0.0429248	0.0152813	0.161896	0.0381104	0.0167226	0.17426	0.00209215	0.0606441	0.172726	0.0902149	0.0442957	0.0125229	0.00115878	0.00415434
71	0.00663938	0.00278118	0.0206267	0.173666	0.0322621	0.00653304	0.00655641	0.0412043	0.0607668	0.126337	0.0451349	0.024087	0.00171608	0.331298	0.048145	0.00740243	0.0230969	0.0137363	0.00110606	0.026904
72	0.0122029	0.00434576	0.00026476	0.000297776	0.0318881	0.00101777	0.00119814	0.346907	0.000875198	0.261229	0.027352	0.000442768	0.0020112	0.000414661	0.000478423	0.00229992	0.00749195	0.295223	0.00249642	0.00156313
73	0.00774184	0.0143057	0.00104207	0.00398257	0.355395	0.00290263	0.0756579	0.0290896	0.00851224	0.0555881	0.0096837	0.00561367	0.000416923	0.00977822	0.0166726	0.014221	0.00726116	0.0222073	0.0462048	0.313723
74	0.0483386	0.0190151	0.0174564	0.0602607	0.0150869	0.0086024	0.030244	0.022351	0.186911	0.0642809	0.0176705	0.0686608	0.00357504	0.0815585	0.197572	0.0715659	0.0534478	0.0256099	0.00134776	0.00644543
75	0.176121	0.0504654	0.00190251	0.00416656	0.00996948	0.0119184	0.00424957	0.0759697	0.00533739	0.0309432	0.00934649	0.00880101	0.0149513	0.00499312	0.00420248	0.172248	0.170628	0.240713	0.000666819	0.00240697
76	0.0682977	0.0105666	0.0166111	0.0263645	0.00216561	0.019005	0.00895681	0.00540107	0.00967343	0.00558647	0.00623451	0.0197563	0.645589	0.0113698	0.0150202	0.0791598	0.0341704	0.0125669	0.000602706	0.00290216
77	0.26043	0.0390007	0.0104191	0.00638092	0.00272448	0.104478	0.00313058	0.0175054	0.0167394	0.0190826	0.00778847	0.031827	0.0151263	0.0108248	0.0100088	0.267096	0.106808	0.0653427	0.000635656	0.00465091
78	0.0112645	0.00453878	0.00457547	0.00446615	0.190001	0.00297646	0.0301818	0.0118588	0.00675827	0.477439	0.137636	0.00738281	0.00480839	0.00534296	0.00371182	0.00965462	0.0104405	0.0223025	0.00362441	0.0510362
79	0.131177	0.00459104	0.0054759	0.089919	0.00576634	0.0154542	0.049868	0.0918386	0.0375082	0.0344895	0.0250318	0.0312016	0.0203423	0.0465719	0.0278878	0.061589	0.124799	0.169584	0.000632103	0.0262729
80	0.0177774	0.0191065	0.00325434	0.0149809	0.013982	0.0200357	0.0473133	0.119508	0.0590776	0.23604	0.0635767	0.0132538	0.00647081	0.0549055	0.147507	0.0287719	0.0447557	0.082417	0.000939312	0.00632627
81	0.0235942	0.00731084	0.0672633	0.079451	0.0288248	0.0141311	0.17575	0.0462556	0.0532092	0.0952497	0.00795384	0.0253347	0.00519185	0.0642077	0.0606866	0.0277362	0.0192652	0.0812598	0.00401909	0.113305
82	0.0324555	0.00102585	0.00290355	0.00360127	0.00189614	0.00299659	0.0260264	0.0101958	0.338698	0.0197024	0.00769295	0.0265033	0.010734	0.0302286	0.418986	0.0281984	0.0274752	0.00169366	0.00310858	0.00587792
83	0.0860343	0.00739278	0.0155824	0.0337543	0.00743747	0.0079947	0.0149674	0.116354	0.0466942	0.0319108	0.0207014	0.0214498	0.0110186	0.0330203	0.0572429	0.103755	0.186387	0.178217	0.000644837	0.0194412
84	0.00715999	0.0144355	0.00138794	0.00483837	0.336543	0.00280416	0.0795283	0.0357568	0.00943937	0.0564686	0.00709156	0.00540179	0.00048245	0.010353	0.0177524	0.0145509	0.00637351	0.0214906	0.0452623	0.322879
85	0.0151808	0.0043325	0.00470226	0.0206587	0.00520534	0.00502395	0.00680002	0.0704506	0.0298823	0.0914323	0.03413	0.0717301	0.00340001	0.02252	0.0529443	0.035495	0.361613	0.157181	0.00113976	0.00617892
86	0.10432	0.155047	0.0240208	0.0032005	0.0897693	0.0473685	0.0793104	0.00833435	0.00846189	0.00559637	0.00635816	0.0789153	0.00171766	0.0153395	0.0098635	0.174222	0.052246	0.0115774	0.0106167	0.113714
87	0.0124276	0.00492478	0.000235933	0.000302698	0.0449046	0.00131858	0.00186353	0.337975	0.000491851	0.322663	0.0271181	0.000397964	0.00106717	0.000416989	0.000346156	0.00259723	0.00845687	0.226896	0.0032569	0.00233882
88	0.0614978	0.0137963	0.327908	0.166809	0.00232482	0.0503948	0.00482257	0.00309812	0.017394	0.00871329	0.00213558	0.0569803	0.00145057	0.0214081	0.0259704	0.143244	0.0751343	0.0110693	0.0004682	0.00538165
89	0.00544246	0.0151379	0.00210937	0.00231942	0.0485867	0.00983113	0.00912108	0.0034881	0.00325048	0.0262491	0.0100098	0.00324186	0.00909968	0.00362238	0.00967905	0.0136629	0.01217	0.0081398	0.750311	0.0545282
90	0.0857476	0.0196576	0.0170697	0.00328665	0.00263701	0.0321297	0.00752443	0.0081812	0.008614	0.00663333	0.00525514	0.0209407	0.0018034	0.0127362	0.0131656	0.409234	0.32854	0.0137556	0.000875754	0.00221256
91	0.0941196	0.0300441	0.0812937	0.0347584	0.00870725	0.0331652	0.0138363	0.0100092	0.0802732	0.0225521	0.010708	0.0636605	0.175847	0.0353635	0.0395222	0.178686	0.0362785	0.0198231	0.00584099	0.0255103
92	0.00941989	0.0170655	0.594032	0.059741	0.00097355	0.0152552	0.00559847	0.00259377	0.00885264	0.00363586	0.00106261	0.162249	0.00598168	0.0154459	0.0162974	0.0508152	0.0229058	0.0039281	0.000248837	0.0038969
93	0.184711	0.0926723	0.0673743	0.016575	0.00123092	0.247943	0.0152657	0.00281204	0.00228049	0.00229882	0.00131363	0.0153782	0.000875998	0.0150299	0.0101562	0.280397	0.0289325	0.00625971	0.000652268	0.00784108
94	0.0158711	0.0110674	0.000785462	0.00113951	0.467284	0.00334547	0.0120365	0.0619557	0.00978156	0.104468	0.0212442	0.00424226	0.000744477	0.00605293	0.00399621	0.00941829	0.0333945	0.071729	0.0200796	0.141364
95	0.0110354	0.00470533	0.000338828	0.00100084	0.0757516	0.00133215	0.00263041	0.312009	0.000568411	0.334691	0.0248759	0.000544715	0.0016799	0.000581876	0.000472604	0.00256855	0.00854497	0.201261	0.00359622	0.0118106
96	0.0601645	0.0309588	0.000417784	0.00417041	0.00951058	0.00105602	0.000845666	0.248711	0.00693532	0.145203	0.0322706	0.00282801	0.0021291	0.00765655	0.00156149	0.0112994	0.0291779	0.402304	0.000759715	0.00203961
97	0.165743	0.054378	0.000666265	0.0028148	0.0109772	0.0121698	0.0042444	0.0801012	0.0020597	0.0332263	0.00807955	0.00495291	0.0145475	0.00342935	0.00165646	0.16802	0.148361	0.282733	0.000588461	0.00124997
98	0.24677	0.0391579	0.0143767	0.00434241	0.00260757	0.121252	0.00747413	0.00722034	0.0053175	0.0116492	0.00247923	0.0189098	0.00613887	0.0076743	0.00575567	0.350108	0.106068	0.0332318	0.00444049	0.00502686
99	0.183775	0.0964595	0.0682419	0.016874	0.00112372	0.250801	0.0156374	0.0026724	0.00209576	0.0022799	0.00129013	0.0155378	0.000787473	0.0153037	0.00963438	0.275357	0.0270094	0.0062997	0.000597448	0.00822342
100	0.038791	0.00385479	0.0232364	0.0931561	0.00525208	0.00327958	0.00383837	0.00792325	0.346432	0.00637729	0.00626821	0.0180601	0.0115222	0.0815211	0.23562	0.0512707	0.0161857	0.0445717	0.00058493	0.00225361
101	0.00837866	0.014843	0.562386	0.0503803	0.00119583	0.0149385	0.00779335	0.00351376	0.0107057	0.00380391	0.0017545	0.1893	0.00645499	0.0168921	0.0181778	0.0572256	0.0235322	0.00423939	0.000269326	0.0042146
102	0.0585718	0.0298399	0.00694728	0.0127536	0.0342878	0.0323324	0.0425521	0.0533911	0.0327332	0.169846	0.200051	0.0478334	0.00465461	0.0233616	0.0545517	0.0648602	0.0831035	0.0296718	0.00539198	0.0132649
103	0.0525481	0.0192622	0.00798905	0.000950543	0.00232968	0.01172	0.00270324	0.0109157	0.00965741	0.00717878	0.00621808	0.0100867	0.000841824	0.0161947	0.0141538	0.355999	0.451318	0.0190522	0.000222363	0.000658424
104	0.144072	0.0566784	0.00106525	0.00399166	0.00778986	0.0127469	0.00525378	0.073296	0.00308893	0.0525001	0.0115218	0.00883842	0.0148384	0.00525868	0.00222749	0.149198	0.149213	0.295902	0.000874256	0.0016449
105	0.0278507	0.00121088	0.00303781	0.00300977	0.00131409	0.00320583	0.0177752	0.0165093	0.351587	0.0202359	0.00706818	0.0235794	0.00934788	0.0260205	0.420431	0.0269244	0.022557	0.00227061	0.00715201	0.00891228
106	0.0129088	0.00418342	0.000264122	0.000342412	0.022093	0.000860241	0.000831347	0.339712	0.00114249	0.224029	0.0263438	0.000457104	0.00263814	0.000455333	0.000752828	0.00222263	0.00725785	0.350586	0.0016681	0.00125085
107	0.00726561	0.0153458	0.00106256	0.00428219	0.341064	0.00287474	0.0806274	0.0287437	0.00833133	0.0510785	0.00680628	0.00567388	0.000415689	0.0104697	0.0178174	0.0148263	0.00656276	0.0209659	0.0482014	0.327585
108	0.0758449	0.00257638	0.00517953	0.00527992	0.00881454	0.00388675	0.0101377	0.0346658	0.0153684	0.0503084	0.028035	0.10151	0.0121468	0.0221721	0.0151084	0.223438	0.243502	0.0932425	0.000796479	0.0479867
109	0.00560111	0.00460001	0.000891123	0.00388567	0.25903	0.00132647	0.00576279	0.180818	0.00216544	0.304452	0.0192122	0.00181974	0.00503327	0.00227014	0.00151734	0.0037186	0.0145299	0.10253	0.00642711	0.0744093
110	0.288925	0.0336561	0.000777472	0.00118069	0.000756818	0.22629	0.00118024	0.0139933	0.0024837	0.0291666	0.00325692	0.0137955	0.0162488	0.0083055	0.00726137	0.18649	0.078336	0.0810637	0.00112269	0.00570886
111	0.0594716	0.0143967	0.00231651	0.00247775	0.00227495	0.808224	0.00608599	0.000680361	0.00401175	0.00105643	0.00220404	0.0246169	0.00352134	0.00223512	0.00185536	0.0489476	0.00134277	0.00440407	0.000166249	0.00971027
112	0.0867017	0.0196922	0.024844	0.0245425	0.0205409	0.0318318	0.159558	0.0220633	0.0833723	0.0737523	0.0210349	0.130316	0.00664518	0.0372928	0.0484567	0.0647601	0.0457358	0.0318151	0.0450688	0.0219757
113	0.0287018	0.00172921	0.00688951	0.00863488	0.00168773	0.00765031	0.0141187	0.00863068	0.401573	0.0160132	0.00582687	0.0455864	0.0163164	0.0303355	0.321289	0.0413968	0.0292834	0.00486892	0.00356096	0.00590686
114	0.0916157	0.00499118	0.148109	0.138309	0.0140322	0.0618181	0.0410492	0.008631	0.0649506	0.0266456	0.00697194	0.0856486	0.00605526	0.063184	0.051234	0.108648	0.0422318	0.0236545	0.00471864	0.00750174
115	0.203751	0.00423336	0.00367779	0.0600379	0.00692647	0.0273517	0.0216497	0.0594997	0.0359662	0.024245	0.012619	0.0286893	0.0643266	0.0240277	0.00947347	0.0949231	0.114855	0.166789	0.000905312	0.0360528
116	0.0178912	0.00516373	0.000343329	0.000591689	0.011028	0.000892989	0.000570506	0.325886	0.00220264	0.136694	0.0178062	0.00061305	0.003056	0.000842627	0.00128918	0.00324667	0.0081397	0.461037	0.000948794	0.00175628
117	0.0766991	0.0393525	0.000393985	0.00751184	0.00551314	0.00091136	0.000773035	0.220906	0.0104689	0.0737321	0.0270934	0.00450398	0.00258565	0.0126338	0.00246804	0.0177848	0.0420861	0.451319	0.000190437	0.00307288
118	0.303967	0.00637253	0.0114685	0.0111439	0.0156573	0.173356	0.00993901	0.00936561	0.0507229	0.0393648	0.00689346	0.121503	0.00378332	0.0164548	0.0126058	0.0770854	0.0377713	0.0127566	0.0270105	0.052778
119	0.310586	0.225131	0.00176008	0.00195065	0.00196134	0.0340971	0.00279505	0.0251403	0.00209442	0.0192583	0.00836247	0.00336599	0.00219978	0.0037399	0.00305284	0.0935503	0.0817909	0.162861	0.000581116	0.0157213
120	0.00713371	0.015285	0.00116708	0.00447184	0.337338	0.00287317	0.0833106	0.0274944	0.00825048	0.0479657	0.00626162	0.00571291	0.00040643	0.0106308	0.0183325	0.0152079	0.00492546	0.0179184	0.0494653	0.335848
121	0.00694791	0.00520242	0.000986717	0.00363925	0.274971	0.00149918	0.00666888	0.170618	0.00359854	0.284105	0.02051	0.0027513	0.00442903	0.00286649	0.00189433	0.00451296	0.0167136	0.0993529	0.00783171	0.0809008
122	0.0247901	0.00325457	0.00387635	0.00698114	0.0785543	0.00265735	0.0361351	0.192754	0.0309794	0.105953	0.0717464	0.0483713	0.0010633	0.0170768	0.0171845	0.0375742	0.0660802	0.117367	0.000630893	0.136969
123	0.0535361	0.01921	0.00797548	0.00104414	0.00245088	0.0117354	0.00281373	0.0115748	0.00974312	0.00755441	0.00633238	0.0106053	0.000954886	0.0161685	0.0141207	0.35464	0.447613	0.0207053	0.000232106	0.000989849
124	0.0242381	0.00715901	0.000315069	0.000901169	0.00696683	0.00102804	0.000433905	0.295168	0.00315068	0.110787	0.0130888	0.000757149	0.00280953	0.00135488	0.00164196	0.00429457	0.0108525	0.512571	0.000336472	0.00214489
125	0.219058	0.0322728	0.0377187	0.00685844	0.00185776	0.072299	0.0108932	0.00208262	0.00613225	0.00309519	0.00142866	0.0247387	0.000811976	0.0078365	0.0055083	0.436935	0.11592	0.00777095	0.00144537	0.00533632
126	0.0397367	0.00366971	0.0221285	0.0897745	0.00507055	0.00305704	0.00370423	0.00758922	0.34983	0.00541796	0.00608789	0.0174192	0.012731	0.079397	0.237739	0.0522771	0.0156933	0.045853	0.000500314	0.00232313
127	0.029309	0.011563	0.438511	0.0951475	0.00271873	0.0301799	0.0098245	0.00380796	0.0163604	0.0148404	0.00282088	0.124868	0.00383237	0.0224866	0.0308773	0.100851	0.0452204	0.00732423	0.000459091	0.00899814
128	0.0594716	0.0143967	0.00231651	0.00247775	0.00227495	0.808224	0.00608599	0.000680361	0.00401175	0.00105643	0.00220404	0.0246169	0.00352134	0.00223512	0.00185536	0.0489476	0.00134277	0.00440407	0.000166249	0.00971027
129	0.105673	0.0260052	0.0250007	0.0344468	0.0480637	0.0401706	0.0574722	0.0203274	0.0503859	0.121434	0.0128415	0.0160486	0.00455898	0.046132	0.0402714	0.0422873	0.174285	0.0931986	0.00377226	0.0376239
130	0.0794798	0.0412844	0.000412453	0.0067087	0.00516508	0.00102778	0.000806222	0.215196	0.00954248	0.0932117	0.0308986	0.00406228	0.00229486	0.0120529	0.0022453	0.0171072	0.0418567	0.433625	0.000302161	0.00272026
131	0.109021	0.177651	0.0168057	0.00678616	0.0804835	0.0308372	0.0342016	0.0698655	0.00758311	0.013437	0.0495363	0.0798413	0.00311084	0.0162497	0.0105771	0.128939	0.031338	0.0961005	0.00332307	0.0343122
132	0.0623367	0.00460699	0.00991327	0.0395151	0.0139801	0.00678616	0.0304917	0.144558	0.0289263	0.129038	0.0550605	0.00821102	0.0100865	0.0402829	0.040628	0.0684955	0.103169	0.18436	0.000343029	0.0192109
133	0.00551516	0.0150194	0.00219908	0.00245616	0.0595618	0.00954175	0.0131566	0.00467609	0.00389257	0.0262821	0.00988029	0.00346865	0.00852501	0.00389867	0.0107001	0.0138386	0.0116876	0.00763138	0.716589	0.0714795
134	0.0978201	0.000878717	0.0772373	0.196842	0.00529717	0.0521901	0.0353069	0.00884614	0.109708	0.025811	0.00863286	0.0421391	0.00590281	0.0988915	0.0487514	0.0876198	0.0474596	0.040105	0.00603402	0.0045266
135	0.0542916	0.00735655	0.0621305	0.0345119	0.0106052	0.00646368	0.053278	0.0326481	0.213175	0.0226674	0.00806558	0.0621859	0.0152596	0.0412175	0.166978	0.0502997	0.0579851	0.039936	0.00535814	0.055587
136	0.0173842	0.00744772	0.000422903	0.000614652	0.0177666	0.00113014	0.000842992	0.284345	0.00290037	0.243922	0.0311075	0.000764734	0.00221344	0.000939338	0.00115259	0.00343116	0.0157755	0.364903	0.00140303	0.00153406
137	0.0344379	0.0097539	0.00790601	0.0116497	0.00528755	0.0153223	0.0324017	0.0414656	0.121882	0.0368994	0.00888154	0.0481616	0.00426477	0.033751	0.0956075	0.208702	0.192522	0.0806353	0.00266452	0.00780396
138	0.295408	0.0697619	0.0062469	0.00273256	0.00663647	0.0314129	0.00432361	0.00604207	0.00818356	0.00681335	0.00386258	0.0152837	0.00361824	0.00469914	0.00311606	0.4025	0.09719	0.0274799	0.000991927	0.00369794
139	0.30249	0.256441	0.00186045	0.00204023	0.00189267	0.0255258	0.00314662	0.0205606	0.00217372	0.0201661	0.00947272	0.00285462	0.00123416	0.00392367	0.00332022	0.0824322	0.0846824	0.156427	0.000593978	0.0187615
140	0.453723	0.0468297	0.0708771	0.0216967	0.00502041	0.0260739	0.00586514	0.00574267	0.0057733	0.00215247	0.00265728	0.0117057	0.00266109	0.0216554	0.0126523	0.128292	0.132858	0.0366181	0.000425879	0.00671986
141	0.0102766	0.0125728	0.00101431	0.00313605	0.392246	0.00278348	0.0577673	0.0355939	0.00851345	0.0640622	0.012621	0.00525012	0.000501001	0.00859937	0.0132112	0.0125859	0.014124	0.0324975	0.0378119	0.274832
142	0.0416727	0.0410599	0.048551	0.0177169	0.0124377	0.0551424	0.164937	0.0156158	0.0270619	0.0528917	0.0399271	0.134257	0.00767784	0.0813321	0.0313424	0.145136	0.045456	0.0180119	0.00640247	0.0133701
143	0.138283	0.0104303	0.00530513	0.0134123	0.0028359	0.022155	0.0282809	0.00482791	0.0740554	0.0393703	0.014217	0.0371756	0.227544	0.0643554	0.124816	0.0873709	0.0660991	0.0341004	0.00101612	0.00434927
144	0.0266857	0.0099938	0.0324889	0.0225293	0.0106576	0.0447602	0.0712957	0.00669805	0.157024	0.0206223	0.0103065	0.243611	0.00205352	0.0413659	0.172243	0.0863559	0.0285442	0.00451398	0.00137655	0.00687468
145	0.0094678	0.00940608	0.00103836	0.00109967	0.0276414	0.00196221	0.00057956	0.124942	0.00315957	0.585289	0.104999	0.00212631	0.00292155	0.00384854	0.0054152	0.00210971	0.0250235	0.082138	0.00016467	0.0066683
146	0.00955871	0.00937675	0.00104396	0.00111545	0.0276392	0.00196725	0.000618324	0.12608	0.00316541	0.583414	0.104655	0.0021174	0.00293307	0.00386553	0.00539579	0.00214624	0.0250575	0.0830363	0.000181223	0.00663282
147	0.0707114	0.0323456	0.00030392	0.00662229	0.00611355	0.000963384	0.000508239	0.235552	0.00858496	0.0654383	0.0206563	0.00347271	0.00285497	0.0111197	0.00247038	0.0155773	0.0378392	0.475499	0.000133406	0.0032336
148	0.163317	0.0528652	0.000555071	0.00324255	0.00875073	0.0118596	0.00472584	0.0787754	0.00226152	0.0393933	0.00924229	0.00531179	0.0174225	0.00401783	0.00164998	0.160518	0.162957	0.270996	0.000758583	0.0013794
149	0.169176	0.0250582	0.00820944	0.00411771	0.00275286	0.558758	0.00502699	0.00665818	0.00510734	0.0096313	0.00258503	0.0229144	0.00568585	0.00547752	0.00459691	0.0960791	0.0262353	0.0319101	0.00112169	0.00889801
150	0.0132297	0.00763867	0.0030976	0.00339371	0.310846	0.00349695	0.0357292	0.0365039	0.0100996	0.253173	0.0803172	0.014215	0.00242153	0.00798699	0.00849372	0.0116945	0.0202272	0.0410951	0.012975	0.123365
151	0.125981	0.0152342	0.0468184	0.0245541	0.004307	0.0561645	0.0128083	0.0192574	0.0301601	0.0239579	0.0129635	0.0864271	0.00187887	0.0224203	0.0270928	0.328631	0.126145	0.0217787	0.000712989	0.0127068
152	0.0244075	0.0119584	0.045349	0.00815514	0.00759774	0.0334508	0.0507373	0.00644837	0.00598166	0.00758531	0.00555699	0.179932	0.0116008	0.0126535	0.0103041	0.358745	0.207664	0.00685612	0.00303663	0.00198037
153	0.0602534	0.0144254	0.00257344	0.00282024	0.00281764	0.80092	0.00619418	0.00096401	0.00402961	0.00158947	0.00220709	0.0251445	0.00353874	0.00245351	0.00200668	0.051084	0.00219306	0.00492966	0.000276871	0.00957832
154	0.0795786	0.0387414	0.00043771	0.00871766	0.00526972	0.00116272	0.00104278	0.212706	0.00966091	0.075021	0.0245248	0.00509621	0.00243135	0.0140314	0.00252753	0.0223646	0.0457406	0.447691	0.000166046	0.00308786
155	0.00576751	0.00472656	0.000895258	0.00381623	0.247266	0.0012879	0.00577165	0.192541	0.00206131	0.302592	0.0187722	0.00165757	0.00470347	0.00198807	0.00132735	0.00365968	0.0140202	0.109189	0.00640306	0.0715549
156	0.0878956	0.0163843	0.0285871	0.0276366	0.0767704	0.0332634	0.0602552	0.0687027	0.0226447	0.123261	0.0430198	0.0417415	0.00288441	0.0309194	0.0402218	0.048879	0.0940965	0.0604816	0.0066283	0.0857266
157	0.011889	0.00533451	0.000316401	0.000394379	0.041965	0.00140153	0.00161375	0.316327	0.000769101	0.351094	0.0353737	0.000587447	0.00132539	0.00076564	0.000809847	0.0024721	0.0102225	0.211803	0.00284208	0.00269384
158	0.00682619	0.0153312	0.00113173	0.00439431	0.336714	0.00283966	0.0840183	0.0271394	0.00829147	0.0478177	0.00621913	0.00569494	0.000397858	0.0105663	0.0185783	0.0152306	0.00460005	0.0171914	0.0489795	0.338038
159	0.0488395	0.00337101	0.237117	0.38133	0.00186745	0.0154049	0.0130271	0.00483057	0.0284856	0.0127152	0.00694576	0.0291917	0.00333658	0.0638026	0.0253684	0.0582092	0.0361079	0.0253769	0.000877063	0.00379597
160	0.00952439	0.00925889	0.00109082	0.00120992	0.0273925	0.00198528	0.000726859	0.12516	0.00330134	0.581885	0.105246	0.00216743	0.00294407	0.00396452	0.00546643	0.00230226	0.0261692	0.0832737	0.000171695	0.00675898
161	0.0169521	0.0125262	0.0016699	0.00162623	0.449872	0.00351888	0.0112685	0.0543306	0.0127308	0.151982	0.0437231	0.00506544	0.00117189	0.00558787	0.00402631	0.009102	0.0277039	0.0685316	0.0151214	0.10349
162	0.0848036	0.00645431	0.027688	0.0268195	0.00643863	0.00921943	0.00799093	0.104188	0.0329024	0.01824	0.0124376	0.10024	0.014698	0.0339997	0.0356946	0.150074	0.191544	0.113581	0.000914135	0.0220716
163	0.0191853	0.0317595	0.00564997	0.0476246	0.0306852	0.00837689	0.0134485	0.0136711	0.0266407	0.243793	0.173598	0.0721454	0.048851	0.12903	0.00954687	0.0659694	0.0161001	0.0312713	0.00563907	0.00701421
164	0.0123707	0.00480377	0.000239254	0.000329115	0.0441566	0.00125684	0.00191005	0.341054	0.000495397	0.316336	0.027308	0.000409602	0.00123108	0.000424857	0.000363523	0.00253543	0.00831417	0.230828	0.00329629	0.00233686
165	0.0268177	0.0399244	0.0096596	0.0252897	0.0113611	0.0187565	0.232521	0.0132013	0.0119372	0.0194819	0.0100974	0.0172157	0.0067448	0.266676	0.015304	0.0595603	0.0233743	0.0192237	0.00265075	0.170202
166	0.026278	0.00594973	0.0145973	0.0376512	0.00764616	0.0132908	0.0113146	0.0108384	0.0490402	0.0575668	0.0090041	0.109724	0.0243274	0.10116	0.0171686	0.259934	0.217415	0.017578	0.00184665	0.00767022
167	0.0133588	0.00914767	0.00242166	0.00225519	0.413451	0.00295837	0.0132149	0.0461834	0.0133653	0.213717	0.0573748	0.00463354	0.00224825	0.0054912	0.00362281	0.00766954	0.0219088	0.0596372	0.0124154	0.0949255
168	0.096938	0.0122894	0.0692951	0.0307389	0.00593557	0.0509381	0.0119783	0.0145356	0.0262027	0.0229262	0.0103366	0.0816116	0.00565667	0.0222419	0.023323	0.320455	0.159024	0.0262162	0.00049298	0.00886337
169	0.325016	0.0490372	0.0198236	0.00718008	0.00683825	0.0335081	0.005096	0.00598813	0.0080493	0.00536825	0.00325781	0.0174587	0.00327295	0.00897831	0.00535954	0.340285	0.119039	0.0293885	0.000976126	0.00608001
170	0.0803176	0.0399825	0.000416186	0.00746203	0.00530861	0.00100897	0.000961257	0.217873	0.0094689	0.0805097	0.0270288	0.00458897	0.00243646	0.0131635	0.00247256	0.0186281	0.0430377	0.442232	0.000157488	0.00294465
171	0.312135	0.0463783	0.012519	0.00638475	0.00367414	0.0396927	0.00250212	0.0167038	0.0208961	0.0132539	0.00853417	0.0249618	0.0092754	0.0107944	0.00680649	0.283804	0.112141	0.0661725	0.00056062	0.00281032
172	0.0117967	0.00465858	0.00026879	0.000448972	0.0443632	0.00117365	0.00176756	0.349102	0.000566012	0.293283	0.027617	0.000536209	0.00156569	0.000451195	0.000403377	0.00250868	0.00809168	0.244683	0.00382166	0.00289186
173	0.0507009	0.00875007	0.130968	0.00456261	0.00204393	0.0265544	0.0456244	0.00842513	0.02189	0.00452151	0.00875337	0.298785	0.00287279	0.0192506	0.0274893	0.262573	0.0619349	0.00531637	0.00231807	0.00666603
174	0.0945362	0.0300552	0.0815036	0.0350422	0.00861745	0.0331944	0.0138255	0.00995899	0.0806431	0.022461	0.0108568	0.0640315	0.175459	0.0357826	0.0397446	0.178127	0.0357069	0.0196245	0.00571604	0.0251132
175	0.0253671	0.00611417	0.0336955	0.0110799	0.0174986	0.0312725	0.0259425	0.00687899	0.00419394	0.0129037	0.00598661	0.0600639	0.0264367	0.016774	0.0141847	0.364705	0.321366	0.0131776	0.00111875	0.00123945
176	0.093687	0.0219761	0.00866288	0.00498615	0.00287422	0.687114	0.00786879	0.00305205	0.00474283	0.00528103	0.0027321	0.0229757	0.00479905	0.00507695	0.00628559	0.0831077	0.0116183	0.0124443	0.00068948	0.010026
177	0.0131212	0.0111521	0.533099	0.122315	0.00139561	0.0168482	0.00733299	0.00335914	0.0104962	0.00675747	0.00166317	0.135436	0.00531183	0.0303432	0.0162627	0.0508311	0.0216095	0.00554269	0.00025383	0.00686831
178	0.00578664	0.0168	0.00251746	0.00271127	0.0479185	0.00940533	0.00918876	0.0061017	0.00337064	0.0302714	0.0100077	0.00409237	0.00880995	0.00415469	0.00959921	0.0138842	0.0139681	0.00984632	0.739041	0.0525244
179	0.0344427	0.00644611	0.00584878	0.0176322	0.0320028	0.0113091	0.0466999	0.141292	0.021147	0.243939	0.113156	0.0162892	0.00254819	0.0302355	0.0202907	0.0436418	0.0822102	0.0966812	0.00258686	0.0316016
180	0.117918	0.0201681	0.0694444	0.0746808	0.00934624	0.231228	0.0196616	0.01017	0.0499023	0.0192703	0.0070445	0.0464154	0.00935871	0.0539833	0.0267223	0.150696	0.0487032	0.0201524	0.00455593	0.0105783
181	0.115674	0.0206206	0.0783458	0.0571361	0.0617374	0.103074	0.0328716	0.0157857	0.0338963	0.0358662	0.0127776	0.0838109	0.00822654	0.0976634	0.0324562	0.103617	0.0428868	0.0255289	0.010009	0.0280166
182	0.0115832	0.00793157	0.00148408	0.00238645	0.0321117	0.00620573	0.00400505	0.175811	0.00531044	0.485044	0.0876167	0.00229445	0.0028735	0.00505278	0.00795248	0.00466498	0.0285821	0.121326	0.000825624	0.00693907
183	0.0169365	0.00759408	0.000384043	0.000952001	0.0403494	0.00145187	0.00173635	0.305239	0.00151173	0.32599	0.0319086	0.000681004	0.00113814	0.00127102	0.000856373	0.00375892	0.014638	0.238042	0.00278543	0.0027754
184	0.0411395	0.0164877	0.000934384	0.00428205	0.0218828	0.00162224	0.00200474	0.265809	0.00603591	0.0949458	0.0157985	0.00281593	0.00284826	0.00617435	0.00311569	0.0114117	0.0240244	0.467097	0.00076919	0.0108015
185	0.00590165	0.0152123	0.00232716	0.00269971	0.0408107	0.00994482	0.00876125	0.00346241	0.00345628	0.0250929	0.00995775	0.00362	0.0107018	0.00435559	0.00991668	0.0141973	0.0127069	0.00723982	0.755893	0.0537423
186	0.0349718	0.0043111	0.269391	0.418954	0.00264212	0.0172051	0.016161	0.0054419	0.0148777	0.0169477	0.00726525	0.028182	0.00401887	0.0634134	0.0170228	0.030528	0.0216324	0.0204887	0.000354775	0.00618977
187	0.00680939	0.0151175	0.0023216	0.00239068	0.0403545	0.0105972	0.00824687	0.00302285	0.00322064	0.0249086	0.00985341	0.00357904	0.00900736	0.0036052	0.00957692	0.0190186	0.0135318	0.00734423	0.756505	0.0509881
188	0.0355197	0.00246529	0.00461691	0.0129917	0.0023651	0.0028194	0.0202679	0.00999961	0.331512	0.0199598	0.00730388	0.0280206	0.0110762	0.0462847	0.38806	0.0342902	0.0277973	0.00628527	0.00297509	0.00538942
189	0.158116	0.025782	0.0166868	0.00842554	0.00462137	0.0332608	0.00783365	0.0176211	0.0157312	0.0180427	0.0102201	0.0464258	0.00577909	0.0149562	0.0151514	0.326496	0.216826	0.0472937	0.000669179	0.0100601
190	0.020542	0.00355144	0.039858	0.196022	0.0232371	0.00999798	0.0111842	0.0317957	0.0822561	0.0888894	0.0333879	0.0263647	0.00375034	0.274066	0.0629279	0.0242376	0.0281926	0.0185367	0.00117765	0.0200243
191	0.0564809	0.0190332	0.00897753	0.00187894	0.00237472	0.0155481	0.00357027	0.0107763	0.00990922	0.0073004	0.00597022	0.0126276	0.00114088	0.0161989	0.0137055	0.364193	0.431228	0.0178287	0.000385241	0.000872093
