342	20
1	0.0646256	0.0545951	0.000790761	0.00586897	0.0532621	0.0184655	0.0360806	0.0802612	0.0690263	0.0842268	0.0448959	0.0331329	0.000846714	0.0560552	0.108315	0.073629	0.110677	0.063074	0.000248361	0.041923
2	0.272719	0.0549956	0.00262513	0.00590362	0.00262836	0.0323012	0.00187288	0.0162161	0.00183821	0.0384283	0.0158808	0.00548053	0.00341834	0.00198949	0.00722131	0.265104	0.18245	0.085899	0.000322876	0.00270562
3	0.0148523	0.00720231	0.122867	0.0244121	0.0070082	0.0130965	0.0273364	0.00898696	0.0650244	0.00913047	0.00624519	0.508338	0.00598713	0.0342806	0.0234603	0.0591316	0.0162971	0.00777613	0.00104702	0.0375201
4	0.011354	0.0322801	0.00632547	0.00112501	0.258029	0.0095647	0.0781405	0.0124145	0.0066746	0.0462283	0.0132005	0.0292318	0.00447436	0.0160252	0.00739932	0.0233247	0.028473	0.0131797	0.00997944	0.392576
5	0.016413	0.0151787	0.000440618	0.000601204	0.115955	0.000654601	0.00177699	0.337073	0.00093414	0.120598	0.0559607	0.000954726	0.00493023	0.00165118	0.00131347	0.005219	0.0113415	0.276427	0.00105401	0.0315228
6	0.0420187	0.00285332	0.0121496	0.0529076	0.00281667	0.0503985	0.0432197	0.0150221	0.159801	0.0447974	0.033133	0.0726239	0.0585747	0.101696	0.153468	0.0770391	0.055711	0.0195706	0.000265913	0.00193279
7	0.00603505	0.00667576	0.000648927	0.000562004	0.0301567	0.00139356	0.00119261	0.382353	0.00154844	0.235943	0.0560057	0.00115965	0.000875379	0.0037655	0.000591683	0.00502734	0.0127617	0.246253	0.00100467	0.00604652
8	0.0334274	0.00403508	0.0288664	0.135123	0.00398549	0.0398934	0.0592469	0.0194427	0.116997	0.0719313	0.0227208	0.0721197	0.0259984	0.134018	0.0883681	0.0633789	0.0442143	0.0295494	0.000683316	0.00600028
9	0.00952066	0.0130278	0.00258979	0.00246518	0.37542	0.00263548	0.0203337	0.0453291	0.00639592	0.0884508	0.0281744	0.00864404	0.0021888	0.00579241	0.00979984	0.00770381	0.00939763	0.0346546	0.0130662	0.31441
10	0.0176153	0.0143345	0.0305322	0.0166783	0.0113492	0.0265018	0.128949	0.0106863	0.176058	0.0152957	0.011392	0.0797082	0.0152101	0.0858529	0.23811	0.0512813	0.043567	0.00808491	0.000364329	0.0184293
11	0.0110381	0.0141386	0.00041511	0.00244615	0.0132218	0.00107799	0.000530493	0.385017	0.00188603	0.0500719	0.0151191	0.000912143	0.000994834	0.00375776	0.00057739	0.00642621	0.0122721	0.475457	0.000248966	0.00439099
12	0.0357814	0.00238314	0.287016	0.115514	0.0113307	0.112171	0.0187485	0.00935022	0.0654393	0.0048593	0.00545909	0.122602	0.0016892	0.0283176	0.0394214	0.0724566	0.0548612	0.00267533	0.000241353	0.00968314
13	0.00414777	0.00823789	0.000888162	0.00114093	0.501113	0.000673575	0.0043653	0.0285628	0.00104006	0.0540655	0.0245125	0.00331777	0.00045006	0.00109713	0.00562434	0.00231593	0.00365103	0.0226408	0.00677515	0.32538
14	0.062896	0.00347159	0.00117737	0.0199127	0.0156103	0.00141033	0.00203524	0.24119	0.0732405	0.163193	0.0820214	0.0347706	0.00111	0.0123745	0.0276001	0.0214289	0.048088	0.174154	0.000345321	0.0139698
15	0.0136609	0.0241733	0.00252516	0.00348341	0.00782179	0.0137697	0.0113745	0.0559191	0.268871	0.0902181	0.0237065	0.00835827	0.00216943	0.0295192	0.349208	0.028167	0.0316896	0.0280825	0.00494526	0.00233765
16	0.0622845	0.0562999	0.000814234	0.00691423	0.0559355	0.0184995	0.0367963	0.0800843	0.0707171	0.0818731	0.0453894	0.0317039	0.000989616	0.0552405	0.117331	0.0709987	0.107659	0.0581267	0.000331793	0.0420114
17	0.0756656	0.00361848	0.0739068	0.0664167	0.0107938	0.178322	0.0247459	0.0140919	0.118509	0.00876997	0.0173084	0.104268	0.00540462	0.0474334	0.0910018	0.0912718	0.0428554	0.00554405	0.000478882	0.0195935
18	0.00184744	0.0118177	0.000573669	0.000645868	0.0661233	0.000695877	0.0173236	0.179747	0.00178068	0.361147	0.189502	0.00225333	0.00197879	0.00591489	0.00111869	0.00222312	0.0142374	0.111203	0.0202873	0.00957964
19	0.00369935	0.00667805	0.000566526	0.000515622	0.03046	0.0011198	0.00333772	0.318709	0.00277523	0.30734	0.106378	0.00145343	0.000869273	0.00663644	0.000719404	0.00342777	0.0134471	0.183439	0.00303485	0.00539474
20	0.0104999	0.00348155	0.017575	0.0188579	0.0139739	0.0170435	0.038219	0.0324702	0.182302	0.0537915	0.00360839	0.0336928	0.00691981	0.0327278	0.0677889	0.158221	0.296489	0.00818533	0.000588006	0.00356339
21	0.00992464	0.00817419	0.000524577	0.000433918	0.0622935	0.00115611	0.00093997	0.41584	0.000837866	0.138895	0.0456822	0.000989621	0.0019848	0.0022036	0.00068433	0.00693457	0.00779192	0.27951	0.00132596	0.0138726
22	0.0351299	0.00217964	0.0363584	0.0479242	0.00238392	0.0089476	0.0104784	0.0243374	0.358397	0.0147953	0.00272371	0.0238153	0.0301014	0.0422839	0.109797	0.073971	0.134161	0.0276008	0.000432943	0.0141816
23	0.0317273	0.0161422	0.00416765	0.00942494	0.158733	0.00440431	0.0623378	0.0316465	0.0547675	0.217439	0.0331785	0.0063405	0.0190361	0.0183363	0.0616325	0.0136612	0.00811622	0.0522496	0.013986	0.182674
24	0.054972	0.00940175	0.00366656	0.00501924	0.00527054	0.00672645	0.00603468	0.0975455	0.0814313	0.0134247	0.00792064	0.0077557	0.00313147	0.0470734	0.0647078	0.104708	0.327454	0.147454	0.0010133	0.00528785
25	0.0138319	0.0137098	0.000421714	0.000589745	0.111864	0.000634578	0.00158812	0.342894	0.00104059	0.138564	0.0554538	0.000860639	0.00423807	0.00234205	0.00116897	0.00498911	0.0110673	0.26422	0.000931261	0.0295909
26	0.0110178	0.0134517	0.00160088	0.00215361	0.417803	0.00187744	0.0156728	0.0273231	0.00470809	0.0781669	0.0266751	0.00671648	0.00169599	0.00396528	0.00881653	0.00659206	0.00894272	0.0325884	0.00860206	0.32163
27	0.0388593	0.0517278	0.0213323	0.0229977	0.0743178	0.0193742	0.0700695	0.0231098	0.0600217	0.0305261	0.0184541	0.149417	0.00781046	0.0854471	0.0414926	0.158746	0.0437464	0.0307933	0.00753865	0.0442177
28	0.0260477	0.025836	0.00206151	0.0113946	0.0114089	0.00498254	0.00540128	0.211483	0.0216815	0.12838	0.0365008	0.0235886	0.000549797	0.0209689	0.00536269	0.0686263	0.11029	0.283337	0.000307955	0.00179043
29	0.00507849	0.00591788	0.000371357	0.000527961	0.064193	0.000522856	0.00611268	0.206321	0.00257134	0.428388	0.122051	0.00206774	0.00126779	0.0103887	0.000792138	0.00234012	0.0156288	0.106219	0.00572034	0.0135198
30	0.0243753	0.00952709	0.000662641	0.00387424	0.0604776	0.000922111	0.018801	0.157405	0.0071218	0.331107	0.179509	0.0133482	0.0144309	0.0181336	0.00334092	0.0191147	0.0278285	0.0960712	0.00767123	0.00627769
31	0.0157532	0.011578	0.0188193	0.00991473	0.00939317	0.027235	0.0726884	0.00548875	0.240478	0.0145692	0.0104723	0.0709267	0.014624	0.0696703	0.300189	0.0526745	0.038064	0.00495279	0.000187386	0.0123205
32	0.111431	0.00430786	0.0165053	0.0193481	0.0043707	0.0316652	0.0736862	0.0662138	0.0485713	0.160066	0.131147	0.080326	0.00259083	0.00562148	0.00347002	0.0840017	0.0083365	0.0836866	0.000816728	0.0638383
33	0.00735674	0.000982986	0.000498515	0.000682536	0.0113192	0.000667686	0.000919572	0.0686817	0.00117561	0.634865	0.208185	0.00104638	0.000484744	0.00764977	0.00318108	0.00176522	0.0119731	0.0370218	0.000525288	0.00101799
34	0.0297461	0.00313012	0.123999	0.0839968	0.0033374	0.196804	0.0170599	0.00572011	0.112036	0.0061773	0.00625062	0.171127	0.00415542	0.0528889	0.0577059	0.0768518	0.0407832	0.00197629	0.00017659	0.00607827
35	0.0203521	0.00153221	0.000746371	0.00087303	0.137538	0.00105666	0.00154868	0.0739512	0.00492125	0.56221	0.0896197	0.00474831	0.00083049	0.0161347	0.00151487	0.00550384	0.00721649	0.0299787	0.00169103	0.0380324
36	0.0181852	0.0595526	0.0438101	0.0655184	0.00300239	0.002479	0.0351449	0.0709891	0.121818	0.0275133	0.0257899	0.0151435	0.00180681	0.0831802	0.00361794	0.0914107	0.149803	0.153311	0.000872476	0.0270519
37	0.0105127	0.00721997	0.00319236	0.130376	0.00578179	0.00509206	0.00606907	0.0322809	0.0557568	0.274633	0.0947172	0.00887223	0.0498805	0.172559	0.0583588	0.0133373	0.0122555	0.0531391	0.00157942	0.00438657
38	0.00922993	0.00839245	0.000538514	0.000421768	0.0509173	0.00134398	0.00164501	0.385895	0.00144507	0.163245	0.0719487	0.00111318	0.0016446	0.00437834	0.000681345	0.00598258	0.00843932	0.269796	0.00302266	0.00991885
39	0.0313429	0.00360034	0.1146	0.0729474	0.00392019	0.194868	0.0216264	0.00574653	0.115307	0.00511866	0.00676898	0.162188	0.00357053	0.0538179	0.0756974	0.077983	0.0416223	0.00234485	0.000200013	0.00672821
40	0.0192505	0.0102105	0.0203437	0.0174901	0.0118281	0.0420693	0.0837608	0.00567671	0.198267	0.0183249	0.0165998	0.0809284	0.0217681	0.0811208	0.24195	0.0654084	0.0456787	0.0072187	0.000145215	0.0119602
41	0.00399035	0.00243842	0.137008	0.0208182	0.00370219	0.0035699	0.0347684	0.00404009	0.0639155	0.00420177	0.00321036	0.560822	0.00114167	0.0369786	0.0171375	0.0452549	0.00489983	0.00376112	0.000402335	0.0479387
42	0.0112885	0.0317653	0.0064204	0.00116621	0.261698	0.00938426	0.0769716	0.0123033	0.00645241	0.0459662	0.013357	0.0289796	0.00440308	0.0157871	0.00698947	0.0226551	0.0278349	0.0129659	0.00979193	0.39382
43	0.00425515	0.00831626	0.000896049	0.00113442	0.501972	0.000683463	0.00442711	0.0284074	0.00105459	0.0538623	0.0243552	0.00335132	0.000463205	0.00115227	0.00557199	0.00257213	0.00379276	0.022492	0.00673667	0.324504
44	0.0230787	0.00395343	0.49165	0.0414006	0.0067852	0.0112908	0.0061335	0.00702647	0.0085093	0.00564172	0.0336675	0.174032	0.00138588	0.0145186	0.00521518	0.0953058	0.0418564	0.00823792	0.000618316	0.0196931
45	0.0757634	0.00370016	0.0198693	0.0561242	0.00993264	0.0349191	0.00228162	0.0250164	0.085224	0.032872	0.00258257	0.00832556	0.507698	0.0652371	0.0127407	0.0286684	0.010153	0.0103259	0.00701973	0.0015468
46	0.0384344	0.0107788	0.0765138	0.252553	0.00280727	0.0233499	0.0242536	0.0243838	0.0904354	0.0210529	0.019774	0.0366734	0.00586606	0.125671	0.026206	0.0767252	0.0903542	0.0491438	0.000523473	0.00450027
47	0.00341375	0.0152941	0.000213728	0.00221757	0.0172566	0.000276378	0.000328315	0.424349	0.00142762	0.0328787	0.0113186	0.000435418	0.000702328	0.00271967	0.000382093	0.00451852	0.0147656	0.460839	9.76094e-05	0.00656505
48	0.0171381	0.017205	0.00682088	0.0101309	0.234095	0.00323759	0.0246442	0.0348135	0.0175377	0.1024	0.0290866	0.0094969	0.00380943	0.00859655	0.0192068	0.0135907	0.00763322	0.0331591	0.174763	0.232634
49	0.0560972	0.0051374	0.0167059	0.0748412	0.008354	0.0297792	0.00574045	0.0231117	0.0868936	0.082675	0.019453	0.0135455	0.387294	0.0886501	0.0276068	0.0302991	0.0160778	0.0199812	0.00461726	0.00313984
50	0.0812887	0.010327	0.0210269	0.0177101	0.00570164	0.637549	0.00720773	0.0119077	0.0187609	0.0178823	0.0185785	0.0312791	0.00672411	0.0123481	0.0100103	0.0426712	0.0229809	0.0183236	0.00113669	0.00658579
51	0.00415913	0.00825159	0.000890902	0.00114104	0.500767	0.000685327	0.00439681	0.0285546	0.00104554	0.0540819	0.0245112	0.00333396	0.000453801	0.00110066	0.00563298	0.0023529	0.00366042	0.022653	0.00677743	0.32555
52	0.0381375	0.0258958	0.00174855	0.0271978	0.0187252	0.00402699	0.00558219	0.167581	0.0199553	0.110682	0.0301829	0.0184066	0.00132588	0.024291	0.00453137	0.0814907	0.0909126	0.327706	0.000361958	0.00125914
53	0.149282	0.0628129	0.00195063	0.00316102	0.0327287	0.00957628	0.00400099	0.0784754	0.00622851	0.0432825	0.0166843	0.0266962	0.00824847	0.00941783	0.00523088	0.133854	0.243447	0.1552	0.00454257	0.00518113
54	0.211016	0.0361374	0.00582819	0.00363017	0.00692677	0.0437565	0.0205202	0.0153828	0.00950242	0.0169164	0.00731769	0.0644256	0.00362861	0.00997906	0.0196585	0.35322	0.13047	0.0260317	0.000813399	0.0148391
55	0.00517293	0.0151686	0.000229979	0.00205833	0.0206605	0.000509499	0.000367591	0.421866	0.00135628	0.0403403	0.0142413	0.000483913	0.0009317	0.00266016	0.000418081	0.00492886	0.0141465	0.447282	0.000200487	0.00697676
56	0.0800247	0.00342122	0.0307059	0.037552	0.0048253	0.0876123	0.0412634	0.0202023	0.123271	0.0331824	0.0344874	0.113166	0.0279097	0.0731358	0.132909	0.0758784	0.055218	0.0188836	0.000542659	0.00580922
57	0.0112395	0.0328991	0.00615183	0.00128388	0.256361	0.00955894	0.0793132	0.0126666	0.00833367	0.0505043	0.0139531	0.0292566	0.00498072	0.0166038	0.00981351	0.0230572	0.0295369	0.013916	0.00985554	0.380714
58	0.0237232	0.00173534	0.415776	0.29383	0.00166624	0.0032447	0.00932714	0.00366872	0.0364535	0.00303605	0.00583315	0.0534053	0.000621998	0.0895048	0.00174232	0.018772	0.0298031	0.00600827	0.000234528	0.00161374
59	0.0328958	0.00316776	0.121068	0.0799773	0.00336173	0.197734	0.0185992	0.00584809	0.110454	0.004778	0.00669361	0.163861	0.00280729	0.0528614	0.0641432	0.0810326	0.0422862	0.00175125	0.000157863	0.00652187
60	0.0331836	0.00317311	0.120506	0.0797208	0.00343129	0.198851	0.0184161	0.00585376	0.110153	0.00472536	0.00675458	0.163034	0.00277922	0.0528197	0.0645925	0.0814003	0.0420803	0.00176443	0.000157696	0.0066032
61	0.00907776	0.0140764	0.000483567	0.000742991	0.0773983	0.00070969	0.00597633	0.285578	0.00203465	0.243345	0.0924417	0.00179995	0.00289183	0.00475261	0.000907267	0.00464094	0.0199276	0.211412	0.00398169	0.0178212
62	0.0264765	0.00362375	0.00106515	0.00264362	0.114561	0.00148676	0.00628207	0.0606175	0.0127981	0.469997	0.150505	0.0133098	0.00682723	0.0208552	0.00367808	0.012843	0.0166288	0.0373461	0.00123527	0.0372195
63	0.00795621	0.000854706	0.000494247	0.000703643	0.0125997	0.000704013	0.000761577	0.0618614	0.00124645	0.640982	0.207872	0.00114097	0.000608146	0.00796082	0.00318691	0.00201259	0.0122659	0.0352472	0.00019512	0.001346
64	0.0095705	0.220272	0.00320997	0.00489056	0.0047115	0.128203	0.00462547	0.0465857	0.0266783	0.0532375	0.0618835	0.16239	0.00304981	0.0255223	0.0262076	0.087422	0.0491358	0.0775951	0.000996691	0.0038131
65	0.166453	0.127549	0.00125444	0.00187016	0.0109174	0.00579893	0.0133119	0.130171	0.00297998	0.0626707	0.00838299	0.0137743	0.00374167	0.00281095	0.0065525	0.0906137	0.100479	0.240931	0.00247488	0.00726325
66	0.0353528	0.00264538	0.439651	0.162194	0.00899949	0.0366801	0.0135488	0.00872434	0.0246459	0.00432413	0.00881075	0.0980309	0.000947871	0.0263675	0.0118861	0.0609889	0.042349	0.00670399	0.000291861	0.00685705
67	0.0324118	0.0321359	0.00211834	0.0110132	0.0115091	0.00577844	0.00636947	0.203904	0.0183622	0.124039	0.0323377	0.0231894	0.000740124	0.019685	0.00500127	0.0731623	0.108232	0.288336	0.000502978	0.00117174
68	0.0880746	0.0582102	0.00215595	0.00348996	0.0138687	0.0342003	0.0263212	0.0591968	0.0566019	0.0486797	0.0169227	0.0152869	0.00105853	0.0393629	0.067598	0.213625	0.174232	0.058632	0.000371438	0.022111
69	0.0120542	0.0108185	0.027114	0.00538698	0.176217	0.00679274	0.175326	0.0137104	0.00941724	0.0139611	0.031424	0.17644	0.00424439	0.0178853	0.0394301	0.0487161	0.0719676	0.043384	0.00202564	0.113685
70	0.0178709	0.00984982	0.00407633	0.00851841	0.00262152	0.00641235	0.0220548	0.0136439	0.357413	0.0157471	0.0068079	0.0309605	0.00199871	0.043423	0.40617	0.0173123	0.0266392	0.00527273	0.000526189	0.00268153
71	0.0150607	0.0151695	0.000437377	0.000627442	0.109981	0.000601457	0.00149614	0.346847	0.000876245	0.113676	0.0516757	0.000845797	0.00446592	0.00160572	0.00118206	0.00531473	0.0117039	0.288199	0.000768587	0.0294661
72	0.00684375	0.00635917	0.000476945	0.00160611	0.032794	0.000836316	0.00456447	0.276208	0.00867621	0.328505	0.130842	0.00377888	0.00118276	0.00990597	0.00266491	0.00386308	0.0162769	0.15402	0.00429747	0.00629869
73	0.0570483	0.0748842	0.00379255	0.006746	0.0227548	0.0666865	0.0197507	0.0525021	0.0642277	0.0741118	0.0483297	0.0378033	0.0127259	0.0347367	0.116552	0.122461	0.115047	0.0475008	0.00198546	0.0203526
74	0.0429162	0.00225883	0.0123153	0.0554462	0.00258231	0.0516296	0.0406139	0.015341	0.152994	0.0454994	0.0357312	0.0734152	0.05635	0.105652	0.145003	0.0815241	0.0590965	0.0194857	0.000354293	0.0017917
75	0.0178802	0.00191879	0.324399	0.340497	0.00188789	0.00410461	0.0134895	0.00632655	0.0424427	0.00314522	0.00604621	0.041307	0.00066446	0.121024	0.00238839	0.0162861	0.0438812	0.0105599	0.000298013	0.00145335
76	0.0140396	0.0329707	0.00886635	0.00101543	0.00149847	0.00157558	0.00138483	0.0135097	0.00603767	0.00272329	0.00581075	0.0460742	0.00776101	0.00197953	0.00430067	0.307303	0.538722	0.00309001	0.000242616	0.00109484
77	0.230419	0.0644438	0.00126755	0.00198693	0.00551501	0.0385949	0.00570093	0.077127	0.00813832	0.070829	0.0424475	0.00318162	0.00509269	0.00268352	0.00231087	0.0309883	0.0188094	0.381425	0.000500572	0.00853813
78	0.0222023	0.0124435	0.00535197	0.00794235	0.0970401	0.0194262	0.0557892	0.0196622	0.0451375	0.223102	0.0340423	0.00828739	0.0100324	0.0147641	0.0846554	0.0190396	0.0109645	0.0303284	0.00994364	0.269845
79	0.0681727	0.00290763	0.0929348	0.229944	0.00319529	0.0374955	0.0145887	0.0110834	0.0927985	0.0306573	0.0165423	0.0522567	0.0100965	0.103149	0.0468673	0.0927608	0.0643208	0.0289643	0.000181374	0.00108266
80	0.0117641	0.0114327	0.000413514	0.0005479	0.0953739	0.00057605	0.00123818	0.345779	0.00122791	0.172862	0.0551925	0.000839734	0.00355884	0.00272024	0.00104729	0.00468137	0.0101896	0.253206	0.000865954	0.0264828
81	0.0205422	0.0140875	0.00207473	0.00122778	0.0091052	0.00543133	0.00108276	0.382308	0.00191182	0.153068	0.038573	0.00365382	0.000950832	0.00247746	0.000844116	0.0156269	0.0184106	0.326776	0.000726757	0.00112086
82	0.0368829	0.00426541	0.126073	0.0638244	0.00506469	0.298789	0.016644	0.00799124	0.0779509	0.00769552	0.00837064	0.134185	0.00342327	0.0376488	0.0458102	0.0660035	0.0467444	0.00535847	0.000304793	0.00696974
83	0.106263	0.0331446	0.011437	0.0120191	0.0192123	0.0033066	0.0434355	0.015857	0.0564613	0.0684618	0.011452	0.0814698	0.00138491	0.069588	0.0130057	0.322127	0.0920653	0.0358723	0.00163792	0.00179901
84	0.0187531	0.0290513	0.00171388	0.0128413	0.0107362	0.00369708	0.00460274	0.278373	0.0132817	0.0848865	0.0285405	0.0145603	0.000715807	0.0192902	0.00299287	0.0572837	0.0879773	0.328657	0.000222679	0.00182208
85	0.00386172	0.0148716	0.00026547	0.00229929	0.0149163	0.000343371	0.00031642	0.422531	0.00151238	0.033698	0.0115575	0.000478248	0.000606063	0.0027758	0.000404309	0.00468954	0.0145784	0.464459	0.000126775	0.00570875
86	0.00707056	0.00185599	0.000512146	0.000680042	0.0184907	0.000683693	0.00245689	0.0774998	0.00136275	0.609152	0.20741	0.00123512	0.000715028	0.00760422	0.0037161	0.00200684	0.0120476	0.0412727	0.00227347	0.00195354
87	0.0606759	0.0340172	0.00841133	0.00186815	0.00489949	0.00586159	0.00386939	0.0193521	0.00820172	0.0080706	0.00715328	0.0606132	0.00968546	0.00809576	0.0056923	0.259306	0.473066	0.0174424	0.000400236	0.00331737
88	0.0237482	0.00757214	0.019458	0.0287942	0.00846867	0.0415474	0.0778633	0.0121487	0.189168	0.0318356	0.0189202	0.0681398	0.036299	0.0786934	0.203899	0.0666514	0.064462	0.0141503	0.000237548	0.00794299
89	0.0119312	0.0323494	0.00631239	0.00195768	0.25771	0.00937789	0.0758432	0.0134789	0.00761816	0.0485478	0.0141465	0.0287793	0.00437629	0.0159903	0.00926584	0.0235246	0.027522	0.0145164	0.00991366	0.386839
90	0.0109904	0.00296432	0.132959	0.0224524	0.00456015	0.0174715	0.0302376	0.00429011	0.0744886	0.00478874	0.00386932	0.512714	0.0019571	0.036211	0.030124	0.0550521	0.00894873	0.00354048	0.000423386	0.0419576
91	0.0147931	0.00603254	0.0597717	0.0215795	0.00556546	0.021761	0.0441665	0.00594257	0.187912	0.009027	0.00760788	0.301585	0.0109402	0.0554761	0.141608	0.0494598	0.0288374	0.00567467	0.000309156	0.0219507
92	0.0174459	0.00744351	0.00465949	0.0101562	0.00251372	0.00601268	0.0289308	0.00514896	0.372451	0.00636399	0.00607374	0.0388681	0.00262666	0.0496032	0.393093	0.0168559	0.0252943	0.0029014	0.000251386	0.00330554
93	0.0791469	0.038158	0.00248175	0.00918833	0.0265114	0.0129676	0.0142205	0.0865975	0.0177904	0.167747	0.106706	0.0431678	0.0119692	0.0239481	0.0146699	0.101463	0.163693	0.0681704	0.0013518	0.0100512
94	0.0133593	0.029623	0.00661947	0.00200053	0.240567	0.0129774	0.0793368	0.0131928	0.00971104	0.0507885	0.0154168	0.0294706	0.00461016	0.0162098	0.0143008	0.0231768	0.0278011	0.0154794	0.00972755	0.385631
95	0.0155427	0.0202509	0.00331533	0.00477468	0.00670743	0.0112697	0.00993427	0.0556779	0.293828	0.0666943	0.0121388	0.0091095	0.00197401	0.0275808	0.377712	0.0224805	0.0375564	0.0185785	0.00260532	0.00226921
96	0.00335716	0.0152675	0.000224297	0.00230807	0.0153857	0.000275534	0.000300637	0.426061	0.00144329	0.0309038	0.010529	0.000438016	0.000636197	0.00274442	0.000379265	0.0045609	0.0148865	0.464192	8.43542e-05	0.00602306
97	0.0581232	0.00552889	0.453683	0.116934	0.0073397	0.0248633	0.0139858	0.0109643	0.0164978	0.00630215	0.0162352	0.0999375	0.00164395	0.00929502	0.00864678	0.0856487	0.0444498	0.0125158	0.000297391	0.00710732
98	0.0357232	0.00237293	0.262081	0.115079	0.00834616	0.125758	0.0172282	0.00774217	0.0705656	0.00508639	0.00586316	0.128707	0.00224058	0.033474	0.0437726	0.0750196	0.0498165	0.00331856	0.0001916	0.00761371
99	0.00554047	0.0126797	0.000258649	0.00153367	0.0368424	0.00043751	0.000516136	0.419181	0.00120577	0.0610493	0.0214839	0.000528052	0.00129519	0.00251589	0.000509045	0.00515909	0.0120795	0.406897	0.000545546	0.00974204
100	0.120189	0.0176041	0.401731	0.131319	0.00246719	0.00325231	0.00902374	0.0272186	0.0212753	0.0193218	0.0281611	0.0520705	0.00156947	0.00571452	0.0029259	0.0946623	0.0297788	0.0283773	0.000667789	0.00267
101	0.00802317	0.0323127	0.0184047	0.0182316	0.249546	0.00405357	0.00622039	0.0322345	0.00544909	0.0427577	0.0127165	0.0214055	0.0023394	0.00544393	0.00548786	0.0206037	0.0102979	0.0119031	0.350561	0.142008
102	0.0647794	0.00307912	0.0962867	0.234702	0.0030347	0.0366003	0.0149253	0.0106385	0.0944787	0.0293622	0.0151428	0.0519086	0.0104685	0.102647	0.0467221	0.0910203	0.065028	0.0279071	0.00016434	0.00110393
103	0.0110931	0.0060547	0.00199347	0.00318871	0.0083432	0.00273579	0.00261407	0.420206	0.016941	0.0892079	0.123117	0.00614381	0.00140507	0.00483792	0.00319884	0.0307865	0.137033	0.123273	0.00059237	0.0072345
104	0.0117878	0.0326322	0.00939643	0.000949137	0.00113858	0.00105429	0.00100166	0.0135512	0.00518554	0.00219234	0.00591392	0.0441118	0.00773706	0.0016767	0.00428747	0.298916	0.554652	0.00261759	0.000243729	0.000955255
105	0.00455505	0.00948053	0.00105972	0.00109946	0.486396	0.000950268	0.00716518	0.0278322	0.00118627	0.0545082	0.0238953	0.00440753	0.000589589	0.00173915	0.00560119	0.00319585	0.00463324	0.0219657	0.0068958	0.332844
106	0.0626861	0.00319112	0.00114032	0.0194669	0.0158034	0.00137046	0.00209367	0.243788	0.0740927	0.160722	0.0829511	0.034098	0.00104078	0.0128792	0.0275117	0.020884	0.0462181	0.175812	0.000355451	0.0138945
107	0.0185492	0.00127811	0.404937	0.31355	0.00155677	0.00237574	0.00947335	0.00287579	0.0384039	0.00260587	0.00412996	0.0511404	0.000641029	0.0987053	0.00147034	0.012111	0.0299654	0.00480108	0.000233025	0.00119666
108	0.0165546	0.0195835	0.00516443	0.00486707	0.273298	0.00823855	0.0438508	0.0264176	0.013706	0.0949553	0.0253374	0.0166799	0.00372785	0.0125067	0.017735	0.01918	0.0187301	0.0260505	0.0191074	0.33431
109	0.011556	0.021877	0.00444272	0.00140443	0.33396	0.00605093	0.0515896	0.0175913	0.00499145	0.048604	0.0193456	0.0196354	0.0031655	0.0101927	0.00685165	0.0152627	0.0193277	0.0171086	0.0088456	0.378197
110	0.0355014	0.00357722	0.119976	0.0921613	0.00371644	0.174694	0.0188102	0.00740143	0.110428	0.00673702	0.00873931	0.152446	0.00286649	0.0588934	0.0657682	0.0826908	0.044211	0.0038566	0.000158831	0.00736652
111	0.0257246	0.00948563	0.00498653	0.00866132	0.00953931	0.00750989	0.189702	0.018161	0.0350817	0.0552778	0.0398015	0.016271	0.00484725	0.45888	0.0169972	0.0243635	0.0483447	0.0178245	0.00108319	0.00745745
112	0.0482392	0.0210093	0.00789868	0.0177282	0.104033	0.0171513	0.0145832	0.0304929	0.0643373	0.0370939	0.0287562	0.0212528	0.232856	0.0328591	0.0208667	0.117321	0.0448603	0.122703	0.0030513	0.012907
113	0.0073089	0.000827047	0.000498661	0.000694016	0.00952275	0.000681586	0.000694606	0.0623354	0.00112832	0.642448	0.211387	0.00101248	0.000457292	0.00786311	0.00327756	0.00179994	0.0122329	0.0349508	0.000195013	0.000685121
114	0.0111706	0.0099197	0.00103348	0.00205263	0.0200998	0.00258979	0.00155225	0.3876	0.00408858	0.184287	0.0406289	0.00427366	0.000646254	0.00487294	0.00141042	0.0152309	0.0216008	0.282284	0.000821492	0.00383748
115	0.0436471	0.0180324	0.00474043	0.0142092	0.140519	0.00292138	0.0557883	0.042221	0.0418191	0.190998	0.0423583	0.00911628	0.00843096	0.0179423	0.0439262	0.0153639	0.0093612	0.0767174	0.0213485	0.200539
116	0.00914033	0.0146244	0.000833065	0.000870741	0.0778393	0.00104303	0.00607178	0.279736	0.00213795	0.265554	0.0972136	0.00201158	0.00280274	0.00518662	0.00150853	0.00533766	0.0153821	0.189196	0.00638753	0.0171232
117	0.00327107	0.0153796	0.000216559	0.00231314	0.015372	0.000262151	0.000295148	0.425019	0.00144528	0.0307253	0.0105742	0.000435306	0.000632559	0.00273268	0.000371744	0.00453328	0.0149308	0.465346	8.76362e-05	0.00605725
118	0.0668118	0.0116517	0.014925	0.0343749	0.0103676	0.0397662	0.0176537	0.018314	0.11051	0.0302909	0.0109446	0.0262883	0.368908	0.0550772	0.0720168	0.0540884	0.0300705	0.0194899	0.0035597	0.00489125
119	0.0437519	0.0717505	0.0377437	0.189602	0.0211902	0.0164554	0.024075	0.0907822	0.047985	0.0366173	0.0258059	0.0405978	0.0139085	0.120327	0.0213656	0.0684703	0.056928	0.054852	0.00433452	0.0134576
120	0.0205905	0.00142297	0.00068873	0.000929033	0.137913	0.000980461	0.00145028	0.0827862	0.00390314	0.565715	0.080419	0.00390383	0.000739737	0.0158966	0.00138412	0.00567267	0.00648126	0.031653	0.00171914	0.0357515
121	0.166696	0.322406	0.00252574	0.00386749	0.00507834	0.0160489	0.00253454	0.0263929	0.00285665	0.0313973	0.00925703	0.0115078	0.0110098	0.00435633	0.00486524	0.183881	0.12087	0.0670778	0.000306831	0.00706456
122	0.0356852	0.0390434	0.00205024	0.00486342	0.127661	0.018978	0.0507013	0.066741	0.0441141	0.0789968	0.0244794	0.040823	0.00178186	0.0458617	0.0924623	0.0867443	0.0900051	0.0547142	0.00191164	0.0923818
123	0.0553373	0.0119983	0.00143825	0.00992136	0.0562829	0.00209302	0.0279626	0.0858322	0.0172683	0.272781	0.197231	0.0269659	0.0331141	0.0309478	0.00859022	0.0507809	0.033181	0.0730533	0.000919935	0.00430095
124	0.138185	0.0429648	0.00399093	0.0049849	0.0331952	0.0111536	0.0061383	0.0805103	0.0135224	0.0391239	0.0155394	0.0375269	0.00968147	0.0177403	0.0096936	0.1519	0.248622	0.12569	0.00244582	0.00739061
125	0.0561184	0.0099879	0.0521269	0.0890401	0.00814666	0.300535	0.0148168	0.0175116	0.0583687	0.0449713	0.0187626	0.05836	0.0143305	0.0432916	0.0338248	0.106997	0.0399505	0.0212642	0.00177512	0.00982027
126	0.00763619	0.00928453	0.000432302	0.00052261	0.0699776	0.00075017	0.0021586	0.338521	0.00171648	0.242391	0.0699363	0.00102623	0.00241535	0.00396057	0.000785365	0.00397756	0.0122565	0.212169	0.0014951	0.0185882
127	0.0132568	0.0264379	0.0218814	0.00119622	0.00129041	0.00253791	0.0039019	0.016804	0.00608182	0.00249681	0.00536192	0.0632191	0.00947693	0.00588302	0.00610165	0.271196	0.533297	0.00804378	0.000345168	0.00119072
128	0.0198756	0.00139158	0.406103	0.311398	0.00156089	0.00237247	0.00956068	0.00296932	0.038052	0.00265161	0.00447225	0.0512295	0.000630227	0.0967533	0.00147081	0.013281	0.0295771	0.0052003	0.000234472	0.00121648
129	0.0675955	0.00302227	0.0961468	0.233246	0.00297039	0.0357584	0.0148536	0.0104378	0.09356	0.0302613	0.01516	0.0519018	0.0100399	0.101086	0.0493451	0.0917882	0.0638249	0.0277307	0.00016746	0.00110347
130	0.095888	0.0072336	0.00328928	0.00648903	0.0144225	0.00459526	0.0264304	0.197186	0.0295862	0.122248	0.262637	0.0120668	0.00900008	0.064793	0.00750254	0.0364646	0.0222805	0.0717653	0.00111444	0.00500751
131	0.0153224	0.0222346	0.00202334	0.00308246	0.00738153	0.0126777	0.00945971	0.0589863	0.283818	0.0754904	0.0140667	0.00733226	0.00135054	0.0252418	0.378889	0.0233799	0.0341956	0.0199838	0.00326196	0.00182204
132	0.164752	0.00213836	0.0420307	0.0318774	0.00174747	0.0198534	0.00874879	0.0111167	0.12725	0.00721316	0.00602392	0.233396	0.0011237	0.0263986	0.0196209	0.268893	0.0153707	0.00348467	0.000385763	0.00857402
133	0.00441965	0.00235031	0.194469	0.0170832	0.00449122	0.00433113	0.024467	0.00373456	0.0559419	0.00402728	0.00497286	0.531073	0.00116179	0.0294058	0.0179158	0.0488373	0.0070689	0.00391699	0.000521609	0.0398103
134	0.0123881	0.00875573	0.0148231	0.00568818	0.180477	0.00579522	0.156157	0.0135022	0.00915239	0.013515	0.056861	0.156007	0.00312773	0.0137578	0.0728471	0.0321624	0.0586276	0.0778392	0.0015268	0.106989
135	0.0155498	0.0115371	0.0195786	0.0104401	0.0146301	0.0334493	0.0940691	0.00384876	0.207005	0.013447	0.0128525	0.0859434	0.0185729	0.0790452	0.23994	0.0677282	0.0514134	0.00526543	0.000155396	0.0155291
136	0.0742047	0.0066662	0.00121004	0.00872753	0.0312094	0.00239716	0.00935907	0.195837	0.025987	0.224008	0.147682	0.0172346	0.00820696	0.0152624	0.0101937	0.035396	0.0737407	0.103324	0.000821292	0.0085321
137	0.034338	0.0167327	0.00426944	0.0145525	0.0175424	0.0095896	0.0124579	0.0882337	0.0855739	0.13292	0.159627	0.0207008	0.00587361	0.0497714	0.060391	0.03516	0.0939648	0.142537	0.00233441	0.0134304
138	0.0192001	0.00813149	0.00256159	0.00944354	0.00127106	0.00328351	0.0175231	0.00788573	0.386898	0.00775402	0.00534005	0.029644	0.000917235	0.0448577	0.412018	0.0126108	0.0256102	0.00308607	0.000270103	0.00169275
139	0.115245	0.0110576	0.327379	0.192536	0.00308877	0.00730888	0.014858	0.0175802	0.0216894	0.0142663	0.0248394	0.0490789	0.00237231	0.0162498	0.00715243	0.0913067	0.0399407	0.0410349	0.000582	0.00243433
140	0.0472947	0.00340472	0.0561787	0.114801	0.0130124	0.0148237	0.00402961	0.0180871	0.0897417	0.00938018	0.0145152	0.120977	0.0875422	0.106911	0.0225721	0.113453	0.154026	0.00636654	0.000592407	0.00229094
141	0.540092	0.0328153	0.00295581	0.0118523	0.00217434	0.245349	0.00224686	0.00484537	0.00324835	0.00600062	0.00353436	0.00367333	0.00167898	0.00340552	0.00254986	0.103055	0.0143764	0.0120684	0.000544776	0.00353282
142	0.021804	0.024188	0.0119845	0.00927806	0.0715543	0.0185421	0.0778727	0.0196611	0.130719	0.113713	0.0210485	0.0410916	0.0260564	0.0453485	0.166993	0.043004	0.0308969	0.0252811	0.00529061	0.0956723
143	0.0182306	0.0247438	0.0017042	0.0151774	0.0132138	0.00350191	0.0122955	0.169867	0.0240109	0.113676	0.0191884	0.0273806	0.000902042	0.0617662	0.00418819	0.0586014	0.102782	0.32712	0.000283474	0.00136695
144	0.0209173	0.00141755	0.000664332	0.000873441	0.137299	0.000994126	0.0014264	0.0805412	0.00395566	0.568266	0.0811392	0.00389489	0.000723834	0.0159467	0.00138513	0.00552656	0.00653595	0.0309196	0.00169015	0.0358829
145	0.0720853	0.00366708	0.0198878	0.0560532	0.00887427	0.0374383	0.0020463	0.0226387	0.086415	0.033532	0.00251139	0.00865995	0.509167	0.0672655	0.0134267	0.0273892	0.0106925	0.0105514	0.00627584	0.00142264
146	0.0770074	0.0365033	0.00225192	0.0173337	0.0188726	0.0281303	0.0062227	0.0243225	0.0201905	0.0262419	0.0336115	0.0199699	0.324817	0.0572847	0.0233319	0.152536	0.0802136	0.0494333	0.000362962	0.00136263
147	0.0941703	0.0282082	0.000846963	0.00203131	0.0383858	0.0041526	0.00175943	0.187373	0.00232587	0.0804421	0.0447071	0.00213827	0.0108815	0.00259553	0.00291882	0.00898226	0.016649	0.460992	0.0016069	0.00883259
148	0.00162882	0.0116748	0.000543399	0.000626787	0.0649163	0.000686122	0.0171617	0.183798	0.00181523	0.357187	0.18934	0.00225072	0.00200873	0.00601504	0.00111435	0.00210291	0.0147012	0.113802	0.0194726	0.00915486
149	0.116482	0.130991	0.00139875	0.00215109	0.048625	0.00349706	0.00322065	0.137428	0.00365081	0.0435675	0.0463235	0.00474103	0.0086914	0.00331126	0.00933005	0.0309845	0.119731	0.262866	0.0191188	0.00389042
150	0.0138525	0.00729623	0.00123601	0.000579498	0.0132643	0.00328847	0.000660217	0.429689	0.00115038	0.157862	0.0385932	0.001875	0.000557963	0.00226529	0.000653624	0.00977663	0.00945478	0.305551	0.00105889	0.0013356
151	0.0514952	0.0582322	0.000946218	0.00143649	0.0959434	0.00148642	0.00251327	0.235183	0.00201595	0.0967099	0.0563873	0.00250655	0.00725563	0.00234734	0.00435448	0.0109493	0.0501926	0.29382	0.00737565	0.018849
152	0.0702073	0.0306712	0.00218088	0.0195912	0.0274286	0.0229258	0.0094584	0.0214391	0.0232027	0.0196302	0.0378164	0.0216394	0.319255	0.0535332	0.0267219	0.164533	0.0825007	0.044841	0.000645546	0.001778
153	0.0714882	0.00251592	0.0781871	0.194362	0.00346624	0.0424513	0.0126319	0.013111	0.103883	0.0275523	0.016686	0.0571946	0.0235516	0.0902134	0.0504079	0.107063	0.0807653	0.022634	0.000252536	0.00158172
154	0.0590479	0.00316619	0.114658	0.246086	0.00299901	0.0344121	0.0148754	0.0106778	0.0904095	0.0273568	0.0142673	0.0507442	0.00939141	0.104097	0.042817	0.0830318	0.0640338	0.0265442	0.000166631	0.00121743
155	0.0184631	0.0312629	0.00195313	0.00342258	0.0201334	0.0138536	0.0181925	0.076395	0.239532	0.0957382	0.0213197	0.00880636	0.00195059	0.0266247	0.30052	0.0310161	0.0456868	0.0329846	0.00398535	0.0081596
156	0.0167991	0.0273925	0.00728742	0.0040925	0.221638	0.00963139	0.0838223	0.0155928	0.0132694	0.0558533	0.0186132	0.0320679	0.00498205	0.017822	0.0192697	0.028745	0.0281945	0.0185895	0.00975772	0.36658
157	0.164752	0.00213836	0.0420307	0.0318774	0.00174747	0.0198534	0.00874879	0.0111167	0.12725	0.00721316	0.00602392	0.233396	0.0011237	0.0263986	0.0196209	0.268893	0.0153707	0.00348467	0.000385763	0.00857402
158	0.269754	0.0562618	0.00262722	0.00625617	0.00256155	0.0321947	0.00202151	0.0166867	0.00233809	0.0401281	0.0166119	0.00490882	0.00343485	0.00216731	0.00816071	0.265997	0.178797	0.0860113	0.00030639	0.00277415
159	0.00947314	0.00909272	0.00086441	0.00119513	0.0136459	0.00208599	0.00047079	0.438983	0.00128396	0.104995	0.0228525	0.00142423	0.000535145	0.00242485	0.000574819	0.00899589	0.011084	0.366748	0.000617484	0.00265283
160	0.0400789	0.00557665	0.0758119	0.0911957	0.00579912	0.062153	0.026324	0.0126353	0.184601	0.017083	0.0113156	0.127334	0.0155608	0.0636327	0.102498	0.0802879	0.0548825	0.0130847	0.000556612	0.00958785
161	0.0185179	0.00770775	0.00661633	0.010257	0.00434982	0.0105821	0.0385214	0.00497609	0.347684	0.00756167	0.00862457	0.0447197	0.00529479	0.0594157	0.363206	0.0239634	0.0295277	0.00348467	0.000210126	0.00477901
162	0.0400567	0.0139648	0.00498966	0.0133861	0.143821	0.00291416	0.0580361	0.043641	0.0483005	0.183808	0.0399383	0.00747908	0.00943841	0.0197864	0.0491361	0.0167206	0.00961103	0.0744827	0.0211462	0.199344
163	0.0688835	0.0870313	0.00467551	0.00807192	0.0478992	0.035891	0.013561	0.0842588	0.0173618	0.21335	0.0264979	0.0161509	0.00498224	0.0154588	0.0188969	0.112978	0.114924	0.0953003	0.00206458	0.0117634
164	0.0253036	0.594678	0.00265891	0.00331716	0.0223184	0.0051462	0.00601432	0.0399195	0.00733829	0.0314497	0.00770843	0.00948643	0.00423352	0.00760466	0.00823465	0.064738	0.0911086	0.0320673	0.000706073	0.0359679
165	0.10152	0.0967748	0.00199186	0.00414628	0.0077221	0.00576386	0.0306567	0.16014	0.00661641	0.10527	0.0117603	0.012069	0.00212024	0.00780952	0.0120499	0.0846692	0.088288	0.256407	0.00124224	0.0029831
166	0.0185492	0.00127811	0.404937	0.31355	0.00155677	0.00237574	0.00947335	0.00287579	0.0384039	0.00260587	0.00412996	0.0511404	0.000641029	0.0987053	0.00147034	0.012111	0.0299654	0.00480108	0.000233025	0.00119666
167	0.0630569	0.0551056	0.000774399	0.00609325	0.0558214	0.0179402	0.0370867	0.0802486	0.0708376	0.0833855	0.0451831	0.0331963	0.000854103	0.0560148	0.111116	0.071302	0.108303	0.0614805	0.0002926	0.0419068
168	0.127637	0.0223943	0.0073108	0.0177138	0.00624509	0.102075	0.00431113	0.0154013	0.0415403	0.0242311	0.00600923	0.00743937	0.483138	0.0252054	0.023783	0.043541	0.01495	0.0221306	0.0020388	0.00290464
169	0.00326325	0.0153593	0.000216386	0.00231166	0.0153867	0.000262074	0.000295548	0.425211	0.00144271	0.0307108	0.0105677	0.000435307	0.000632349	0.00273833	0.000371511	0.00452829	0.0149471	0.46517	8.76079e-05	0.00606162
170	0.204414	0.0104254	0.00434788	0.0079558	0.00534174	0.0137311	0.0187877	0.0176513	0.0120965	0.0754586	0.00676381	0.00840792	0.478879	0.0291085	0.00931297	0.028342	0.0212846	0.0428812	0.00145878	0.00335062
171	0.0147689	0.0332489	0.00897692	0.000972975	0.00139473	0.00136045	0.00102576	0.0139765	0.00544564	0.00239948	0.00585341	0.0464301	0.00839025	0.00203286	0.0042378	0.29991	0.544595	0.00371914	0.000258872	0.00100261
172	0.0404891	0.00869164	0.00847746	0.0133227	0.00919611	0.00888036	0.191168	0.0162588	0.0343197	0.039107	0.0378378	0.0190226	0.00756012	0.46324	0.0196706	0.0292903	0.0302494	0.0142023	0.00153316	0.00748305
173	0.120331	0.0741692	0.00111164	0.00198022	0.0179064	0.0184476	0.00312032	0.140344	0.00347779	0.0614492	0.0533242	0.00318091	0.00772857	0.00297623	0.00369423	0.0191296	0.0323246	0.426923	0.00434028	0.00404014
174	0.0144506	0.0132174	0.000453001	0.000534339	0.0899216	0.00095696	0.00143527	0.361454	0.000980759	0.136395	0.0592085	0.000871385	0.00342805	0.00211653	0.000894119	0.00564425	0.010261	0.274557	0.00129217	0.0219277
175	0.0307858	0.0262796	0.00159189	0.013759	0.0154693	0.00384806	0.00661755	0.186925	0.0277732	0.127245	0.0351744	0.0279596	0.000886988	0.02901	0.00885074	0.0659421	0.102724	0.286387	0.000328401	0.00244249
176	0.255856	0.00730241	0.0023361	0.00313085	0.00464115	0.0513816	0.0042931	0.0233889	0.0184399	0.107076	0.0316074	0.0532646	0.0160089	0.0521298	0.00353335	0.159324	0.172203	0.0302998	0.000671404	0.00311162
177	0.0189924	0.00802539	0.00260798	0.00977136	0.00124736	0.00321597	0.0177303	0.00761383	0.387478	0.00750436	0.00533006	0.0300939	0.000904624	0.0447709	0.411823	0.0124477	0.0253823	0.00304142	0.000270002	0.00174968
178	0.0151687	0.00549279	0.0662587	0.00408816	0.00412331	0.0177329	0.036296	0.0373034	0.0205506	0.00819606	0.00545145	0.146297	0.00417908	0.0420546	0.00554752	0.259778	0.266427	0.0509158	0.00111658	0.00302168
179	0.0019823	0.00664182	0.000358219	0.000452352	0.0409549	0.000689316	0.00554881	0.279022	0.00233476	0.366511	0.113744	0.0014919	0.00123592	0.00674123	0.000739374	0.00229777	0.0159328	0.141525	0.00526926	0.00652668
180	0.0110839	0.0155989	0.00274306	0.00433374	0.00722462	0.022676	0.00716648	0.0606208	0.186169	0.162218	0.0633244	0.00550554	0.00267703	0.0297107	0.269432	0.0586955	0.0214663	0.0488476	0.0170242	0.00348229
181	0.159119	0.0267117	0.00308083	0.00228288	0.0129032	0.00997794	0.002367	0.0387199	0.00836013	0.0171274	0.0117102	0.0716696	0.0197905	0.0221409	0.00268031	0.185337	0.342918	0.057497	0.000471133	0.00513551
182	0.00327142	0.0153264	0.000216365	0.00230958	0.0153893	0.000261801	0.000294787	0.42517	0.00144365	0.0308914	0.0106203	0.000435197	0.000632092	0.00273976	0.00037152	0.00452745	0.0149332	0.465051	8.79924e-05	0.00602595
183	0.222199	0.0996795	0.00149769	0.00185974	0.00612636	0.04525	0.00681769	0.0747149	0.00691969	0.0624568	0.0281524	0.00727583	0.00298344	0.00285513	0.00295337	0.0701459	0.0583751	0.280249	0.000981199	0.0185075
184	0.0831579	0.0199086	0.00416527	0.0299694	0.025042	0.00829984	0.0358418	0.0949193	0.0284694	0.163052	0.0843805	0.0441885	0.0104031	0.0556304	0.0204347	0.051526	0.133661	0.0959829	0.000925861	0.0100419
185	0.0262104	0.00280332	0.143611	0.0722548	0.0039454	0.072199	0.0213676	0.0060611	0.0919149	0.00624474	0.00542026	0.341298	0.00373623	0.04584	0.0341909	0.0689093	0.0271631	0.004461	0.000303486	0.0220657
186	0.00810614	0.0105046	0.000602652	0.00138597	0.01434	0.00156066	0.00041369	0.43548	0.00122829	0.0866839	0.0213475	0.00104485	0.000572136	0.00252841	0.000486568	0.00724973	0.0124278	0.390127	0.000587613	0.00332291
187	0.208086	0.0795756	0.00128361	0.00217775	0.00275209	0.0893716	0.0108084	0.0566531	0.0123424	0.0889343	0.0581568	0.00394493	0.00112698	0.00357841	0.00274871	0.0573522	0.0246418	0.287354	0.000400241	0.00871094
188	0.00964319	0.00523789	0.000564625	0.00187373	0.0329907	0.000911911	0.00688413	0.164633	0.00474852	0.43639	0.166697	0.00458713	0.00415988	0.0181055	0.00266939	0.00710868	0.0276281	0.0959892	0.00368689	0.00549068
189	0.0468181	0.00399202	0.0717877	0.198727	0.00420768	0.0387025	0.0228998	0.0150241	0.108483	0.0394925	0.0184702	0.0598283	0.0173675	0.121183	0.0687195	0.0731938	0.0594078	0.0268291	0.000675099	0.00419164
190	0.00504849	0.0111817	0.000839438	0.000954438	0.0356003	0.00137667	0.0084782	0.27912	0.00351253	0.265937	0.17997	0.00208842	0.00123893	0.00785488	0.0011194	0.00403015	0.0120706	0.1652	0.00850374	0.00587438
191	0.191406	0.0316471	0.00451512	0.00570311	0.00958636	0.00955583	0.00581925	0.101242	0.00901261	0.0186146	0.0118964	0.0917954	0.0290904	0.0165804	0.00576694	0.156301	0.172237	0.102404	0.00109524	0.0257305
