205	20
1	0.0426513	0.00874893	0.164111	0.0990329	0.0506815	0.0275092	0.0213392	0.0903215	0.0338133	0.139586	0.0371196	0.0577929	0.00657864	0.0228621	0.0265223	0.032882	0.0370158	0.0748023	0.00153869	0.0250918
2	0.0356982	0.0204182	0.013886	0.00639007	0.0641581	0.00805979	0.24674	0.0285702	0.0742682	0.0577717	0.00583901	0.0364789	0.0044352	0.0234259	0.0753753	0.0760505	0.0423547	0.0273585	0.00103212	0.151689
3	0.140967	0.0359342	0.00694199	0.0509259	0.00472653	0.0602368	0.0762501	0.0142609	0.0734298	0.0229109	0.00841324	0.0225631	0.0240114	0.0467728	0.109426	0.194602	0.0656034	0.036207	0.000916429	0.00490082
4	0.161814	0.00732895	0.0150275	0.0559543	0.007047	0.0581231	0.0168003	0.0195165	0.0364742	0.0195183	0.00633401	0.0588123	0.0168455	0.037284	0.0301114	0.225993	0.170884	0.0472307	0.00183626	0.00706479
5	0.0968678	0.0134283	0.0308863	0.0463649	0.00889422	0.117263	0.0386254	0.0134268	0.100646	0.0193869	0.0114184	0.0607054	0.020491	0.0446834	0.111615	0.160972	0.0676326	0.0234774	0.00159687	0.0116178
6	0.0728334	0.00211586	0.255832	0.210297	0.00610988	0.0522914	0.0170996	0.00683327	0.0366217	0.0206021	0.0117174	0.0678956	0.00940156	0.0385408	0.0492471	0.0847962	0.0200526	0.0181736	0.000390278	0.0191492
7	0.0317549	0.0108577	0.0041457	0.00368315	0.0206901	0.0142318	0.00632267	0.221576	0.00698256	0.159551	0.14003	0.00945614	0.00270407	0.0146572	0.0160079	0.0454871	0.0858731	0.193924	0.00543663	0.00662781
8	0.0123754	0.00969898	0.0108215	0.0154146	0.00330446	0.00533481	0.00164409	0.411953	0.00255721	0.040636	0.0102929	0.00209148	0.00171138	0.00696911	0.0105961	0.00713394	0.0178461	0.427916	0.000426202	0.00127656
9	0.0806525	0.36274	0.0121139	0.0151434	0.018809	0.0297452	0.0152076	0.0366024	0.0328265	0.0483898	0.0567376	0.0208152	0.00967446	0.0136171	0.0284442	0.0890638	0.043318	0.0577466	0.016361	0.0119916
10	0.0797611	0.0072293	0.0152303	0.0258335	0.0239447	0.0318981	0.0113032	0.00877597	0.0138735	0.0144867	0.0368152	0.00871752	0.0824896	0.016285	0.100702	0.302773	0.193192	0.021353	0.0011673	0.00416918
11	0.0691103	0.00139035	0.229817	0.233237	0.00280624	0.0766562	0.0157067	0.00779728	0.0526408	0.0121458	0.0154906	0.0558826	0.00718094	0.0535178	0.0579761	0.0703472	0.010906	0.0167691	0.000325414	0.0102968
12	0.0644779	0.364664	0.0132366	0.0212593	0.0278633	0.0419602	0.0177268	0.0264154	0.0267809	0.0434783	0.0329499	0.0301987	0.0105297	0.0167716	0.0432104	0.0779569	0.0371954	0.0383449	0.0434313	0.0215486
13	0.225772	0.0151228	0.037635	0.044185	0.00417049	0.238967	0.0131364	0.0146985	0.0194343	0.0135117	0.0112961	0.0341239	0.0094719	0.0326809	0.0242858	0.162301	0.0594495	0.0281462	0.00538832	0.00622253
14	0.0289268	0.0126893	0.00433946	0.00422676	0.0286858	0.0132538	0.00504752	0.208816	0.00756981	0.215433	0.133518	0.00934755	0.00247247	0.0124165	0.0168409	0.0392706	0.0733988	0.170331	0.00492994	0.00848568
15	0.0159363	0.0102664	0.0120425	0.020318	0.00433563	0.00754214	0.00175432	0.39673	0.00298293	0.060102	0.0111593	0.00334691	0.00223054	0.00681175	0.0106628	0.00908276	0.0229038	0.39973	0.000702821	0.00135904
16	0.0468268	0.00616016	0.00727257	0.00563855	0.0650581	0.0101668	0.00912455	0.183995	0.0234372	0.359019	0.0777959	0.0126216	0.00378238	0.00445616	0.0133916	0.0263695	0.0197375	0.0873182	0.00122112	0.0366073
17	0.0720292	0.00153998	0.220064	0.236821	0.00297681	0.0869508	0.0155387	0.00761486	0.0540467	0.0119779	0.0141993	0.0563626	0.00637638	0.0522307	0.0547767	0.06856	0.0120926	0.0159502	0.000386569	0.00950509
18	0.0917327	0.00169339	0.232283	0.229134	0.00364868	0.0543548	0.0162873	0.00524723	0.0317935	0.0205432	0.0114732	0.0597448	0.00989595	0.0425802	0.0428766	0.0918567	0.0191074	0.0164536	0.000315964	0.018978
19	0.0319323	0.0286396	0.00641497	0.0215108	0.00588161	0.0156027	0.0484274	0.013471	0.0152698	0.0410278	0.0145306	0.0133256	0.00621792	0.0246117	0.62813	0.0354521	0.0180083	0.0174393	0.00830314	0.00580343
20	0.063843	0.0154606	0.00770688	0.00518474	0.0732295	0.0123987	0.0115268	0.197862	0.016839	0.191454	0.0778575	0.00890367	0.0141924	0.00625222	0.0104575	0.0525809	0.0399099	0.11236	0.00129137	0.0806887
21	0.0124796	0.00975531	0.0108456	0.0154068	0.00329449	0.00533941	0.00164516	0.411623	0.00262446	0.0406115	0.0103236	0.00209278	0.00171435	0.00692927	0.0105836	0.00720289	0.017946	0.427879	0.000426203	0.00127784
22	0.0643985	0.00177966	0.260952	0.221908	0.00517996	0.0654294	0.0188685	0.00737508	0.0436924	0.0163077	0.0128418	0.0621164	0.00739406	0.0437625	0.051722	0.0718493	0.014195	0.0180368	0.00034163	0.0118498
23	0.0360664	0.00696924	0.18041	0.235533	0.0232329	0.0270624	0.0227961	0.0267066	0.0369246	0.0817196	0.0154004	0.0361921	0.0122415	0.0390203	0.0279859	0.0201179	0.0494453	0.0916895	0.000566004	0.0299203
24	0.0917181	0.0411659	0.00871503	0.0512472	0.00824641	0.085239	0.062244	0.0242403	0.0385702	0.0399928	0.00716222	0.0245155	0.0297705	0.0461063	0.0641371	0.223109	0.121517	0.0249705	0.00101793	0.00631442
25	0.113929	0.013229	0.0180568	0.0335432	0.0247788	0.0379155	0.0352612	0.0125921	0.0229791	0.029235	0.010547	0.0230256	0.114216	0.0478986	0.0629199	0.209878	0.151448	0.0324399	0.000789627	0.00531867
26	0.0433216	0.00534729	0.0439492	0.126283	0.00890131	0.0242966	0.0161837	0.025544	0.191608	0.0311269	0.0595447	0.0472292	0.0425642	0.0428567	0.159796	0.0480855	0.0392655	0.0337483	0.00318551	0.00716329
27	0.0470994	0.0271421	0.0104484	0.0184208	0.026498	0.0271821	0.0114859	0.13163	0.0334826	0.16479	0.106334	0.0207773	0.00895491	0.021165	0.0489034	0.0520896	0.0576234	0.111164	0.0598846	0.0149236
28	0.0354998	0.0121046	0.0264128	0.0564831	0.00625194	0.0190619	0.0267632	0.0136759	0.125627	0.02935	0.020743	0.0311289	0.0104017	0.0340715	0.456657	0.0437806	0.023202	0.0179576	0.00572747	0.00509996
29	0.0716799	0.00726032	0.0082942	0.0160698	0.00741402	0.0218587	0.00806736	0.0443728	0.0449488	0.0379112	0.0116985	0.103212	0.0168773	0.0153448	0.0175187	0.18826	0.272515	0.0825724	0.0172007	0.00692317
30	0.030445	0.0378778	0.00347208	0.00471449	0.412494	0.00492549	0.0339103	0.011964	0.0059424	0.0500558	0.0115567	0.00460829	0.0037143	0.00423371	0.00633059	0.0424914	0.0105201	0.0296162	0.0115265	0.279601
31	0.243519	0.0127959	0.0228479	0.0592041	0.00182657	0.147275	0.00406389	0.00846358	0.0100267	0.00740867	0.00391345	0.0257252	0.0040575	0.0384478	0.0254105	0.2536	0.0997658	0.0289037	0.000677922	0.00206589
32	0.143159	0.00538895	0.0267785	0.0349378	0.00935942	0.0348711	0.0363821	0.0248453	0.0570294	0.0214034	0.00752212	0.0760954	0.0319379	0.041637	0.0608837	0.149955	0.151025	0.07073	0.00111682	0.0149417
33	0.114009	0.00524005	0.217639	0.195458	0.00489702	0.0616785	0.0147695	0.00811196	0.0316448	0.0189305	0.0111953	0.0550872	0.0140912	0.0387528	0.0408731	0.103651	0.0277975	0.0209813	0.000784943	0.0144073
34	0.0546234	0.00644278	0.0192218	0.062735	0.0102717	0.0197635	0.0157337	0.0276987	0.206025	0.0306494	0.083133	0.0559744	0.0582047	0.0383841	0.168838	0.045699	0.051734	0.0350677	0.00369963	0.00610069
35	0.0257075	0.12187	0.0356086	0.0373419	0.00809181	0.0407303	0.0102113	0.0137577	0.0150992	0.0181416	0.0108109	0.289766	0.0065602	0.0105915	0.0142823	0.225797	0.048643	0.057775	0.00364306	0.00557123
36	0.0619339	0.0147324	0.0321002	0.061735	0.00636705	0.0313891	0.0457851	0.0123778	0.0784309	0.0285686	0.0132211	0.0276647	0.0111423	0.0454431	0.404163	0.0663801	0.0283141	0.0198899	0.00378982	0.00657207
37	0.121508	0.0170886	0.00561592	0.0105588	0.0122652	0.0103831	0.00517463	0.202525	0.00523409	0.0787635	0.0419889	0.00481078	0.00275787	0.00640637	0.00766499	0.0354365	0.0680003	0.358355	0.00184824	0.00361412
38	0.189493	0.0167052	0.0295522	0.0295768	0.00773663	0.11609	0.015764	0.0154375	0.0221537	0.0205825	0.0120077	0.0266698	0.0469331	0.027489	0.0242611	0.217435	0.101278	0.0701463	0.0023867	0.0083014
39	0.14532	0.0039873	0.158928	0.0979659	0.00320663	0.204501	0.0227044	0.00638644	0.0265226	0.0123412	0.00681127	0.0384035	0.0205905	0.0477495	0.0209021	0.129619	0.0200391	0.0150885	0.00126697	0.0176662
40	0.216796	0.0168384	0.00958324	0.022416	0.00691466	0.00911383	0.00817201	0.00859232	0.00898801	0.0113437	0.00548173	0.0283444	0.230713	0.0145237	0.0430441	0.189826	0.117093	0.0487224	0.000981735	0.00251193
41	0.122097	0.00577088	0.0128001	0.0539075	0.0188859	0.0385137	0.0136696	0.038428	0.0229852	0.034914	0.00713619	0.05785	0.0203564	0.0386561	0.0215138	0.216425	0.182333	0.0770108	0.00217504	0.0145721
42	0.0439011	0.00259622	0.352582	0.209132	0.00994485	0.0449947	0.019261	0.00843647	0.0277807	0.0201031	0.00952954	0.0945334	0.00519703	0.0247214	0.029577	0.0534747	0.013042	0.0203288	0.000533829	0.0103309
43	0.138432	0.00984769	0.022019	0.035653	0.0216315	0.0269027	0.028742	0.0149574	0.0198924	0.0272524	0.00738708	0.0313854	0.135773	0.0398058	0.05175	0.182365	0.152687	0.04691	0.000745252	0.00586134
44	0.0516286	0.0075901	0.00923668	0.00625776	0.0884677	0.0154483	0.0107576	0.14628	0.02538	0.33455	0.0828536	0.0160468	0.00365346	0.00451307	0.0223347	0.027952	0.0168808	0.0728662	0.000709685	0.0565929
45	0.0302966	0.00542045	0.00476787	0.00504668	0.0608406	0.00820261	0.00572524	0.166784	0.0157938	0.425744	0.10292	0.00894896	0.00232602	0.0042155	0.0108046	0.0230195	0.0235192	0.0694255	0.0014323	0.0247662
46	0.0996513	0.00267026	0.205191	0.167917	0.00356264	0.0856493	0.0161046	0.00672491	0.0365159	0.0215678	0.0110747	0.0727173	0.0175915	0.0480324	0.0339744	0.0985078	0.0276786	0.030674	0.000542003	0.0136535
47	0.0336664	0.00861833	0.0077664	0.00981604	0.0300047	0.0219065	0.00925143	0.213068	0.0131395	0.299182	0.0822918	0.0118544	0.00420954	0.0201773	0.0158328	0.0334034	0.044663	0.125875	0.00319292	0.0120808
48	0.0651405	0.0201042	0.0553616	0.00784874	0.0170996	0.048449	0.00500095	0.00750133	0.032158	0.0115129	0.0116325	0.00848771	0.0212042	0.0125295	0.0120303	0.357293	0.25736	0.0449027	0.00115976	0.00322355
49	0.0904004	0.00952	0.0130445	0.0223928	0.0122025	0.0269491	0.00876994	0.0676625	0.0474816	0.0420204	0.0179978	0.0524566	0.0156004	0.017718	0.0201658	0.166525	0.217002	0.135664	0.00623594	0.0101911
50	0.0254575	0.0192238	0.00474538	0.00471609	0.0379187	0.0161187	0.00470142	0.21287	0.00743857	0.149565	0.103081	0.0150005	0.00462706	0.0160666	0.0201183	0.0617201	0.101497	0.169501	0.00433154	0.0213011
51	0.039009	0.0121765	0.0123215	0.0221529	0.0138545	0.0117216	0.00321276	0.317686	0.00641707	0.10854	0.0286443	0.00639784	0.00372173	0.00789099	0.0111018	0.0220377	0.0461994	0.320488	0.00196354	0.00446254
52	0.228985	0.00980699	0.0245939	0.0696966	0.00233326	0.137543	0.00358303	0.00846548	0.00871598	0.00936306	0.00546607	0.0200206	0.00589046	0.0374256	0.0217258	0.24998	0.103866	0.049727	0.000588033	0.00222376
53	0.0540979	0.00539897	0.038429	0.0481253	0.0201182	0.053451	0.0431943	0.0156946	0.149999	0.024437	0.0190686	0.0950189	0.028331	0.0583359	0.138718	0.0870945	0.0803523	0.0230521	0.000339353	0.0167438
54	0.250881	0.043209	0.0135274	0.0151063	0.00894271	0.257735	0.011301	0.0442602	0.0155506	0.022286	0.0473356	0.0535695	0.0085431	0.015198	0.0173815	0.079897	0.0292532	0.0255425	0.0324771	0.00800433
55	0.0563778	0.0296618	0.00770381	0.00630393	0.171332	0.0113231	0.0170988	0.106997	0.0173748	0.163642	0.0913291	0.00894445	0.0101138	0.00497606	0.0107764	0.0420284	0.0287116	0.0686725	0.00333781	0.143295
56	0.0352475	0.00217428	0.0345353	0.0558191	0.0127288	0.0310022	0.0253384	0.0100291	0.29855	0.0229332	0.0220266	0.072933	0.00945947	0.0580952	0.198405	0.0505797	0.0397884	0.0137063	0.000229727	0.00641922
57	0.164048	0.0168595	0.0101719	0.0889737	0.00529855	0.0504788	0.0439656	0.0242147	0.0557506	0.0401791	0.0222246	0.019915	0.0139938	0.0243788	0.0924558	0.177471	0.0876174	0.0561965	0.000922907	0.00488319
58	0.0341662	0.00904562	0.0202547	0.0170601	0.0296926	0.012696	0.00619331	0.266468	0.0109566	0.19052	0.0736623	0.0101099	0.00436809	0.0093498	0.0143331	0.0261985	0.0418081	0.20234	0.00286952	0.017908
59	0.224629	0.00929707	0.0285879	0.0693849	0.00208682	0.163844	0.00997387	0.00681219	0.0201267	0.00839036	0.0039932	0.0395188	0.00481328	0.0426177	0.0447	0.20225	0.0944625	0.0203876	0.00073073	0.00339342
60	0.0414267	0.00233831	0.35518	0.252036	0.00868423	0.0383037	0.0126924	0.00636242	0.0232438	0.0169101	0.00760707	0.0984351	0.00445078	0.0192402	0.0246918	0.0491365	0.0102725	0.0201847	0.000562528	0.00824114
61	0.0724592	0.00537825	0.0330328	0.0333327	0.0194095	0.089779	0.0636701	0.0143327	0.0890465	0.0287465	0.0104272	0.101098	0.0223412	0.0528719	0.131289	0.109265	0.0781287	0.0208979	0.000593419	0.0239002
62	0.0271214	0.0049503	0.00464619	0.00537802	0.0486296	0.00842134	0.0056091	0.164941	0.0143739	0.451697	0.103633	0.00793623	0.00227169	0.0053248	0.0109286	0.0269554	0.0215844	0.0646461	0.00156833	0.0193841
63	0.106938	0.00517066	0.080848	0.041175	0.0055115	0.228223	0.051969	0.00720463	0.0498268	0.0115292	0.00513347	0.0832184	0.0167248	0.052365	0.0484701	0.143758	0.034178	0.0147384	0.000994321	0.012023
64	0.0681139	0.00911549	0.00670135	0.00629085	0.0530448	0.0117588	0.00867492	0.167839	0.0182356	0.306593	0.091765	0.00934034	0.00390919	0.00650017	0.0138278	0.0328861	0.0339461	0.116481	0.00192747	0.0330498
65	0.147993	0.00888497	0.0228233	0.0336235	0.0110212	0.0192301	0.0161926	0.0279056	0.0194803	0.0299705	0.00706296	0.0487847	0.142043	0.0244987	0.0441074	0.168622	0.142466	0.0770848	0.00154479	0.00666075
66	0.112571	0.00905995	0.010129	0.0159979	0.00634858	0.0611615	0.0149231	0.021565	0.117851	0.0131592	0.00931838	0.0218528	0.0251655	0.0777514	0.281958	0.114685	0.0492589	0.0161879	0.00115567	0.0198997
67	0.120093	0.00330882	0.0096866	0.0189126	0.00629317	0.0317821	0.00814369	0.0420086	0.0458718	0.031502	0.0139766	0.0896754	0.0245147	0.0171761	0.0205411	0.178836	0.228492	0.0956163	0.00596085	0.00760815
68	0.0189675	0.0101712	0.0103206	0.014893	0.00370578	0.0053655	0.0018207	0.402739	0.00250533	0.0402647	0.0105333	0.00211409	0.0017267	0.00674426	0.0101086	0.00829132	0.0194491	0.428607	0.000434111	0.00123839
69	0.0316854	0.00288503	0.00462235	0.0478478	0.00288766	0.0054258	0.00402205	0.082126	0.199064	0.0604416	0.0541343	0.0383263	0.0125853	0.0743074	0.184458	0.0454053	0.0326303	0.104579	0.0103053	0.00226115
70	0.0461282	0.00181904	0.348947	0.225593	0.00928503	0.0488197	0.0140874	0.00596449	0.0269043	0.0169541	0.00855831	0.0925629	0.00507684	0.0244178	0.0292011	0.0582817	0.0106963	0.0169271	0.000361299	0.00941367
71	0.0770365	0.0122658	0.00788541	0.0150813	0.00906417	0.0691631	0.148742	0.0507186	0.0239378	0.0882432	0.00639278	0.0315976	0.00927913	0.0849862	0.160033	0.0948932	0.0411168	0.0571905	0.0015345	0.0108377
72	0.365684	0.0128179	0.0172295	0.040876	0.00271603	0.118558	0.00535426	0.0108157	0.0106903	0.0107067	0.00667515	0.0200697	0.00619409	0.0246881	0.0208436	0.194387	0.0863921	0.0405615	0.0015387	0.0032015
73	0.0591384	0.135733	0.0383533	0.0131466	0.0150387	0.0142455	0.0407562	0.0133874	0.235941	0.0672496	0.0459517	0.0794724	0.00726437	0.0133698	0.0192928	0.114506	0.0534634	0.0236452	0.00291549	0.00712835
74	0.0410788	0.0103559	0.159879	0.22036	0.0171246	0.0237821	0.0271987	0.0241845	0.0435032	0.0855441	0.0144712	0.0402378	0.00835373	0.05465	0.032593	0.0252294	0.0621437	0.0797044	0.000709626	0.0288959
75	0.027975	0.00651182	0.00737709	0.0103169	0.0304691	0.0113182	0.00385486	0.2583	0.00998003	0.303709	0.0708713	0.013391	0.00446372	0.0072581	0.0113412	0.0258464	0.0420317	0.142209	0.00313388	0.00964151
76	0.0296503	0.038368	0.00342957	0.00461988	0.420563	0.00484414	0.0334079	0.00982002	0.0053331	0.0467106	0.0105444	0.00439532	0.00318483	0.00430249	0.00578517	0.0416276	0.0100338	0.0282681	0.0117409	0.28337
77	0.0420031	0.00247778	0.0176306	0.049851	0.0067696	0.0177343	0.0177008	0.00930256	0.381345	0.0173259	0.0179112	0.0384462	0.00595503	0.0429441	0.243082	0.0490678	0.0267149	0.0109037	0.000415322	0.00241878
78	0.0374167	0.00306361	0.0412443	0.0573825	0.015647	0.0353441	0.0285054	0.0117114	0.249004	0.0260136	0.0210376	0.0838311	0.0121052	0.0640025	0.177656	0.0580799	0.0506794	0.0178815	0.000424969	0.00896942
79	0.0903371	0.0126724	0.00830472	0.00464562	0.0783481	0.0154066	0.0123891	0.160733	0.0207192	0.246376	0.09281	0.00754475	0.0080053	0.00327576	0.011213	0.037143	0.0180332	0.0908577	0.00100755	0.0801779
80	0.0377451	0.00609828	0.190185	0.234434	0.0183758	0.0323781	0.0243083	0.024738	0.0391304	0.0765659	0.0155052	0.0405431	0.00831034	0.0419519	0.031582	0.0221115	0.0457288	0.0807297	0.00046766	0.0291106
81	0.249343	0.0155987	0.0134956	0.0256328	0.00444997	0.0777516	0.00604929	0.0139894	0.0114837	0.0149133	0.00954465	0.0193479	0.0305373	0.0258277	0.0162458	0.253912	0.13017	0.0771182	0.000867652	0.00372212
82	0.0309259	0.010777	0.004243	0.00363026	0.0232806	0.0137665	0.00489821	0.231414	0.00777696	0.164909	0.128434	0.0105899	0.00319914	0.0139017	0.0163567	0.0449485	0.0811116	0.193275	0.00502984	0.00753208
83	0.118074	0.0517679	0.00683352	0.00885882	0.0744679	0.0101184	0.0259587	0.0740056	0.0144505	0.0895127	0.050733	0.00709564	0.0417724	0.00629193	0.00879259	0.0973168	0.0204132	0.154168	0.00160877	0.137759
84	0.437999	0.0296729	0.00525696	0.00802657	0.00489471	0.0275011	0.00439329	0.0286503	0.00504449	0.0239342	0.016517	0.00579981	0.0100985	0.00593976	0.00578872	0.159741	0.097482	0.117114	0.000919849	0.00522507
85	0.331037	0.0239814	0.0152701	0.0174277	0.00464561	0.0519966	0.00495943	0.0117102	0.0102557	0.0151841	0.0118208	0.0113733	0.0201936	0.0163152	0.0119067	0.258593	0.120828	0.0581777	0.000719087	0.00360461
86	0.247252	0.146444	0.0105872	0.0149759	0.00361648	0.0191508	0.00617812	0.0217217	0.00569556	0.0276608	0.0280122	0.00605823	0.00988033	0.00866908	0.0072674	0.231666	0.0989962	0.0963286	0.00232897	0.00751032
87	0.0247078	0.00556085	0.00485878	0.00546155	0.0373703	0.00863727	0.00409114	0.219683	0.0110259	0.363352	0.0944206	0.00963548	0.00273934	0.00675632	0.0104698	0.0244256	0.0345917	0.118492	0.002687	0.0110333
88	0.0296995	0.0383265	0.00343329	0.00464113	0.420585	0.00483938	0.0335233	0.0098776	0.00532622	0.0466576	0.010439	0.00442219	0.00325372	0.00431894	0.00580365	0.0416424	0.0100172	0.028257	0.01172	0.283217
89	0.0292212	0.010544	0.00621087	0.0065834	0.0209469	0.013661	0.00466506	0.248978	0.00705749	0.178854	0.113442	0.0099577	0.0034927	0.0125691	0.0157308	0.0385211	0.0760119	0.18979	0.00765133	0.00611044
90	0.374165	0.0334971	0.00956803	0.0143382	0.00371385	0.0398965	0.00433814	0.0157547	0.00763009	0.0190252	0.0141481	0.0092228	0.0151193	0.0119945	0.00914473	0.23292	0.106172	0.0747037	0.000627424	0.00402145
91	0.154563	0.319305	0.0118454	0.0162573	0.00937911	0.0294162	0.0108885	0.0218892	0.0141336	0.0305774	0.023735	0.0127622	0.0125514	0.0121624	0.0124212	0.156604	0.0718348	0.060067	0.00887155	0.0107349
92	0.041573	0.00849179	0.0266416	0.0460765	0.00833536	0.0281813	0.027592	0.0161541	0.141653	0.0269249	0.019641	0.0557863	0.0115877	0.056042	0.363286	0.0527943	0.0349292	0.0228621	0.00402826	0.00741985
93	0.0403626	0.00265746	0.0702569	0.0978778	0.0107569	0.0475323	0.0238285	0.00998816	0.243337	0.0207969	0.0189626	0.0762837	0.00846595	0.0706874	0.150883	0.0508615	0.0341359	0.0153391	0.000409798	0.00657602
94	0.0613289	0.00614891	0.185387	0.223284	0.0138017	0.0326904	0.0198443	0.0192669	0.050909	0.0656324	0.0235426	0.0622409	0.00840181	0.037636	0.035941	0.0386217	0.0423929	0.0525597	0.000747026	0.0196221
95	0.0846089	0.00425971	0.118236	0.0853633	0.0039435	0.299024	0.0355264	0.00796219	0.0600662	0.00989267	0.0077321	0.0608409	0.0113635	0.0701203	0.0251548	0.0791163	0.013967	0.0137013	0.00123185	0.00788886
96	0.0552915	0.0435964	0.0129923	0.0134303	0.111947	0.0138861	0.0391792	0.0173238	0.116435	0.0949902	0.135549	0.0859483	0.00764303	0.0373259	0.0536817	0.0351511	0.0517054	0.0611209	0.00276981	0.0100328
97	0.218284	0.0155012	0.0101456	0.0205544	0.00638595	0.0136062	0.0073704	0.0100851	0.00971553	0.0126646	0.00639568	0.0324803	0.197069	0.01395	0.0354558	0.196558	0.136519	0.0532063	0.00109573	0.00295769
98	0.0345189	0.0169547	0.00725101	0.0283705	0.0100079	0.011943	0.0167137	0.0625189	0.061758	0.0800646	0.0630191	0.0217759	0.00831064	0.030705	0.375348	0.0385459	0.0320146	0.0625198	0.031471	0.00618931
99	0.100688	0.0191201	0.0318401	0.0144994	0.0125962	0.0430976	0.007239	0.0124036	0.0236237	0.0160503	0.0146667	0.0188578	0.0287019	0.0164754	0.0214125	0.343983	0.221255	0.0475393	0.00170755	0.0042426
100	0.0470799	0.00596176	0.00733097	0.00513039	0.0810553	0.0104622	0.00908417	0.157899	0.0225661	0.379869	0.0872633	0.00977242	0.00261923	0.0028074	0.0133934	0.024235	0.0143148	0.0695315	0.000751957	0.0488726
101	0.0420198	0.00392923	0.0260203	0.0500152	0.00956106	0.0238713	0.0200627	0.01206	0.34375	0.0208619	0.0211892	0.0602616	0.00916374	0.0460917	0.206724	0.0511133	0.033379	0.0149272	0.000680479	0.00431814
102	0.0655321	0.00250441	0.195227	0.360557	0.00543694	0.0458208	0.0132807	0.00850516	0.032714	0.020051	0.0108403	0.0505256	0.00734471	0.0342044	0.0362874	0.0561331	0.0175361	0.0249705	0.000814589	0.0117137
103	0.0317135	0.00847736	0.00470988	0.00382723	0.0521755	0.0108939	0.00605213	0.199147	0.0117475	0.290764	0.119196	0.00881794	0.00251147	0.00780336	0.0132083	0.0312877	0.0475067	0.124388	0.00358973	0.0221828
104	0.205923	0.0741371	0.0102531	0.0612165	0.00579742	0.0373973	0.0410289	0.0336049	0.0267082	0.0217389	0.0129895	0.012829	0.0131913	0.0384086	0.0357805	0.241807	0.0608676	0.0589366	0.00148307	0.00590179
105	0.194144	0.0168721	0.0250602	0.0643604	0.00527168	0.0733765	0.0082247	0.0163358	0.015314	0.0319536	0.0332092	0.0182747	0.0106752	0.0171253	0.0352246	0.204609	0.140377	0.0836578	0.000877636	0.00505568
106	0.222935	0.0261464	0.00197157	0.00762867	0.0127303	0.00975575	0.00618399	0.134422	0.00271958	0.0398559	0.0176718	0.00219742	0.00180486	0.00212079	0.00271459	0.0381861	0.0583091	0.408277	0.000471007	0.00389756
107	0.254366	0.0553028	0.00997687	0.00956233	0.00289877	0.0225083	0.00267002	0.0174696	0.00544039	0.0316961	0.0291492	0.00481138	0.0176385	0.00523808	0.0049744	0.235954	0.17902	0.105184	0.000488139	0.00565081
108	0.0885332	0.00533202	0.030702	0.0275168	0.0120691	0.127545	0.0482953	0.0100298	0.0669972	0.0167119	0.00712698	0.115294	0.0240688	0.0456972	0.122958	0.139317	0.0762194	0.016621	0.000617713	0.0183479
109	0.207993	0.0240879	0.00197845	0.00813007	0.0116252	0.00814296	0.00637917	0.134755	0.0027861	0.0357749	0.0157582	0.00211153	0.00158049	0.00209598	0.00253632	0.037126	0.0638273	0.430749	0.000455291	0.00210688
110	0.09282	0.0123287	0.0675216	0.0101747	0.0110395	0.0382674	0.00643521	0.00681331	0.0554068	0.0100973	0.0205205	0.00788865	0.0568292	0.0247986	0.0173145	0.353054	0.175297	0.0280477	0.00152378	0.00382216
111	0.0316206	0.00246502	0.00942132	0.0460791	0.00436952	0.00999937	0.00816984	0.0586801	0.272999	0.0451517	0.0436002	0.044849	0.0100562	0.0585589	0.199453	0.0470334	0.0301755	0.068432	0.00663399	0.00225266
112	0.0378322	0.00274347	0.0144575	0.0432099	0.00667171	0.0176982	0.017556	0.00981565	0.389008	0.0170573	0.0173909	0.0364695	0.00516376	0.0392072	0.253506	0.0501863	0.0281618	0.0106494	0.000636943	0.00257881
113	0.0628375	0.00161353	0.231038	0.239816	0.00418231	0.068164	0.0173105	0.00993138	0.0592758	0.0154426	0.0150951	0.0505927	0.00565093	0.0549365	0.0636106	0.0586893	0.011984	0.0197452	0.000339252	0.0097448
114	0.0341838	0.0107719	0.00641241	0.00728961	0.0159564	0.01161	0.0044722	0.270916	0.00588658	0.136075	0.0992582	0.00751058	0.00256224	0.0115554	0.0136748	0.0348233	0.0684197	0.249898	0.00401421	0.00470914
115	0.115036	0.00840574	0.0276296	0.0365674	0.00854967	0.138186	0.0403521	0.0103805	0.0601965	0.0161417	0.00626864	0.100127	0.0191263	0.0414239	0.0882107	0.162796	0.0849659	0.0214328	0.00116847	0.0130351
116	0.0342541	0.00171789	0.0155011	0.0450292	0.00673776	0.0163129	0.0167744	0.00828901	0.416936	0.01698	0.0169027	0.0385054	0.00439494	0.0383458	0.242491	0.0441166	0.0254617	0.00916124	0.000246639	0.00184168
117	0.273862	0.0758974	0.00867159	0.0139793	0.00413747	0.0137927	0.00368516	0.0308867	0.00400162	0.0358589	0.0388539	0.00366354	0.00835159	0.00441607	0.00489787	0.201365	0.133738	0.128121	0.000499815	0.0113206
118	0.0791623	0.0163091	0.0093	0.0345566	0.129919	0.0135041	0.0142564	0.0902705	0.0406436	0.0467812	0.0204981	0.013445	0.0135036	0.0113501	0.0131926	0.0997007	0.0855415	0.159701	0.00200427	0.10636
119	0.0331942	0.00231879	0.0322956	0.0558958	0.0100775	0.0320348	0.0198135	0.0133686	0.300375	0.0300602	0.0459109	0.0610026	0.0110542	0.0507002	0.19449	0.0441526	0.0413021	0.0161495	0.000973516	0.0048308
120	0.0755159	0.011993	0.0106414	0.00542947	0.0917984	0.0138635	0.0182261	0.151243	0.0281909	0.269432	0.0708973	0.00756718	0.00853083	0.00285223	0.0120109	0.0445814	0.0126792	0.0824033	0.000542291	0.0816021
121	0.0264181	0.00665402	0.00443801	0.00418014	0.0511269	0.00908621	0.00492692	0.194016	0.0121652	0.356857	0.111775	0.0087561	0.00219434	0.00676851	0.0117472	0.0268454	0.0393763	0.101648	0.00264075	0.0183795
122	0.0326754	0.0030159	0.00423205	0.0462455	0.00297504	0.0051603	0.00394226	0.0824222	0.20078	0.0624616	0.0514562	0.0378528	0.0138171	0.0731329	0.177895	0.0470869	0.0324073	0.108175	0.0118764	0.00238974
123	0.0338888	0.00170047	0.0246203	0.0567578	0.00816991	0.0202894	0.0187624	0.0108027	0.351734	0.0203401	0.0252675	0.0493466	0.0102943	0.0499509	0.228815	0.0430839	0.0294699	0.0130616	0.000452307	0.00319187
124	0.0921775	0.00516195	0.00643541	0.00647634	0.0127135	0.0219181	0.163119	0.0605928	0.0262596	0.129963	0.00493079	0.0599157	0.00520107	0.102124	0.07088	0.0662652	0.0571332	0.0894774	0.0010439	0.0182124
125	0.0591976	0.010286	0.00806428	0.00530273	0.0780068	0.0110242	0.0142319	0.161134	0.0262231	0.342453	0.0748379	0.00855119	0.00559861	0.003306	0.011739	0.0333787	0.0142254	0.0774394	0.00077374	0.0542266
126	0.043573	0.0113669	0.00481686	0.00450677	0.0196626	0.015147	0.00522779	0.226319	0.00676197	0.151795	0.126953	0.0086204	0.00266959	0.0133831	0.0170619	0.0418227	0.0809376	0.208478	0.005064	0.00583273
127	0.080607	0.013037	0.0150125	0.0513176	0.00917929	0.0519111	0.0607585	0.0145142	0.0920539	0.0257624	0.00649319	0.0774319	0.0241356	0.0468613	0.0900126	0.175077	0.129524	0.0235757	0.00115334	0.0115813
128	0.202928	0.0186962	0.0123326	0.0144064	0.0061414	0.0171738	0.00569626	0.0101144	0.0104122	0.0150299	0.00992662	0.0220675	0.126167	0.0114383	0.0238953	0.234814	0.183868	0.07044	0.00123172	0.00321987
129	0.229463	0.00741681	0.051982	0.125436	0.00221537	0.133666	0.00529875	0.00632719	0.0110402	0.0160241	0.00621782	0.0226045	0.00469967	0.0360462	0.0331806	0.187144	0.0912489	0.0237955	0.000622423	0.00557102
130	0.0447662	0.00215045	0.351313	0.225571	0.00835173	0.0446347	0.0139299	0.00624299	0.0275008	0.0189272	0.00860617	0.0958333	0.0050923	0.0242096	0.0284521	0.0565638	0.0109199	0.0171734	0.000375279	0.00938674
131	0.0690796	0.0165097	0.00856877	0.00514814	0.140916	0.0116826	0.0177867	0.130572	0.0207844	0.221308	0.0651701	0.00755555	0.00891868	0.00328454	0.011196	0.0410696	0.0146243	0.0721485	0.00210898	0.131568
132	0.0321973	0.0111158	0.00413178	0.00362386	0.020699	0.0148129	0.00594774	0.220308	0.00701526	0.157456	0.140117	0.00936978	0.00268772	0.0143921	0.0163697	0.0461124	0.0860987	0.195518	0.00533309	0.00669469
133	0.125981	0.0292473	0.0112028	0.0556273	0.00695593	0.0550769	0.045324	0.0118565	0.0827585	0.0203595	0.00751561	0.039532	0.0534426	0.0651094	0.098744	0.18466	0.0676221	0.0305857	0.000943967	0.00745436
134	0.0450935	0.0158245	0.0146523	0.0349235	0.00768989	0.0249614	0.0351871	0.0137208	0.0661406	0.0297154	0.016294	0.0253225	0.010532	0.0326287	0.493595	0.0697718	0.0319212	0.0180303	0.00567214	0.00832328
135	0.0312152	0.0413325	0.00355447	0.00488216	0.409189	0.00491365	0.0355596	0.0115604	0.00585472	0.0482542	0.0121578	0.00477621	0.00412095	0.00457119	0.00586292	0.0430221	0.0107172	0.0303582	0.0113149	0.276783
136	0.0955977	0.335517	0.0130617	0.0222257	0.00941331	0.0661149	0.0206186	0.0217052	0.0254372	0.0491517	0.0229211	0.0206081	0.0134721	0.0201399	0.0271167	0.127467	0.0527464	0.0361496	0.0125846	0.00795116
137	0.193659	0.0180378	0.0208854	0.0427786	0.00368388	0.133151	0.00651229	0.00859857	0.0118542	0.00903265	0.0046396	0.0255637	0.00665944	0.0337762	0.0211657	0.295061	0.131327	0.0304401	0.000959832	0.0022134
138	0.0379205	0.00643372	0.0789823	0.0467073	0.0174213	0.0313749	0.0365215	0.0394237	0.119919	0.0420469	0.030078	0.118869	0.0139956	0.0521973	0.131548	0.0458738	0.0830755	0.0419232	0.000975574	0.024713
139	0.0319117	0.00351319	0.00454118	0.0461309	0.00359865	0.00524433	0.0037766	0.092725	0.177465	0.0652414	0.0640209	0.0355935	0.0122476	0.0768602	0.175399	0.0434976	0.0361991	0.109271	0.0101162	0.00264671
140	0.0333629	0.00254724	0.00934381	0.0485205	0.00398879	0.00908133	0.0101175	0.0551062	0.26986	0.0390524	0.0524915	0.0462648	0.00926345	0.04685	0.228123	0.0462163	0.0272078	0.0546859	0.00574166	0.00217467
141	0.145773	0.00979185	0.0417757	0.0650208	0.0106394	0.0617815	0.00873274	0.151866	0.0189444	0.116683	0.0153198	0.0337046	0.00629403	0.0135056	0.0139753	0.0363748	0.0616562	0.174864	0.00213936	0.0111568
142	0.23291	0.0269398	0.00236403	0.00824907	0.0118816	0.00990304	0.00611627	0.134001	0.00333074	0.0363079	0.0154406	0.00249982	0.00180961	0.00229658	0.00315127	0.0416543	0.0586738	0.398692	0.000545269	0.00323391
143	0.0715667	0.0143437	0.0153609	0.0622056	0.010826	0.0590748	0.0690654	0.0178404	0.0858235	0.039471	0.00713135	0.0689026	0.028978	0.0505148	0.0872101	0.159351	0.114646	0.0221753	0.000809001	0.0147042
144	0.198423	0.0227472	0.00247307	0.00864738	0.0115912	0.00799064	0.00614471	0.141153	0.00338361	0.0361063	0.0153576	0.00227555	0.00162666	0.00252041	0.00272521	0.0379755	0.06576	0.430409	0.000553144	0.00213681
145	0.35458	0.0388011	0.00469211	0.0101829	0.0111156	0.0270748	0.00472678	0.0795939	0.00484236	0.0454213	0.0180283	0.00562728	0.00406816	0.00346673	0.00402365	0.0910593	0.0674948	0.215585	0.00108723	0.00852811
146	0.034179	0.0017161	0.0288535	0.054965	0.0101204	0.0245365	0.0222675	0.00876837	0.343298	0.0207924	0.0198129	0.058519	0.00756423	0.0551632	0.214177	0.0460628	0.0329625	0.0119488	0.000242733	0.00404976
147	0.104357	0.0233043	0.00905794	0.0292463	0.00751455	0.0190081	0.0347162	0.0157811	0.216925	0.0188855	0.0411506	0.0217536	0.0094539	0.0366107	0.201324	0.0886643	0.0681695	0.0475993	0.00163896	0.00483928
148	0.318495	0.0382764	0.00709422	0.0101189	0.0407166	0.0201763	0.0107419	0.0936922	0.0116044	0.078439	0.0278942	0.00737592	0.0105663	0.0048644	0.00714915	0.083276	0.0390037	0.137647	0.00119773	0.0516705
149	0.0407954	0.00497983	0.195897	0.190854	0.0260483	0.0375709	0.0269123	0.0410243	0.0520997	0.0727067	0.0223895	0.0377525	0.00610151	0.0434418	0.0331261	0.0152113	0.0406448	0.0940592	0.000609382	0.0177757
150	0.0757946	0.00208638	0.229084	0.234686	0.00446002	0.0506721	0.0146396	0.00600617	0.0349345	0.0280897	0.0136379	0.063661	0.0115974	0.0447721	0.0419803	0.0773604	0.0244563	0.0230169	0.000372624	0.0186922
151	0.0565824	0.00732779	0.00800635	0.00512373	0.0835385	0.0114778	0.0112664	0.155811	0.0263272	0.354643	0.0824164	0.00950796	0.00346739	0.00241102	0.0131801	0.027927	0.0123333	0.0700745	0.000611195	0.0579668
152	0.0493754	0.00297128	0.218558	0.190538	0.0142163	0.0694239	0.0251353	0.0273049	0.0524643	0.0387642	0.0220519	0.0586954	0.00590297	0.043177	0.0466611	0.0388961	0.0247099	0.0583186	0.000574484	0.0122604
153	0.0217946	0.0116358	0.015582	0.0235567	0.00627564	0.0136619	0.00231481	0.366431	0.00434352	0.0986419	0.0181982	0.00611134	0.0032693	0.00742963	0.0126412	0.0135499	0.0343536	0.33686	0.00133854	0.0020104
154	0.135692	0.00686882	0.0121331	0.0282154	0.00822082	0.0439315	0.0125873	0.0385468	0.0304307	0.0350235	0.012356	0.0682137	0.0234749	0.0228418	0.036779	0.18859	0.19563	0.0884409	0.00362061	0.00840345
155	0.0344678	0.00190686	0.0155287	0.0441252	0.00676822	0.0169357	0.0167133	0.00930384	0.401234	0.0173211	0.0172957	0.0374869	0.00478348	0.0405928	0.251127	0.0459093	0.0255922	0.0101958	0.000455585	0.00225633
156	0.125009	0.00505148	0.0144077	0.0252948	0.00941773	0.0243311	0.0135783	0.0275405	0.0291177	0.0247437	0.00870048	0.0841074	0.0636948	0.0312806	0.0359926	0.183904	0.192214	0.0906463	0.00289999	0.00806757
157	0.0816584	0.0292148	0.0153122	0.0169833	0.0629128	0.0190226	0.0324343	0.0642149	0.022888	0.10772	0.0369111	0.0177703	0.0850722	0.0139958	0.0236437	0.102864	0.0359412	0.0878906	0.00389777	0.139652
158	0.0650985	0.0083776	0.0252025	0.0382602	0.0112914	0.0173044	0.0071484	0.165877	0.0395842	0.114155	0.0254421	0.013637	0.00814299	0.0256456	0.0170796	0.0663155	0.0910127	0.250995	0.00250268	0.00692698
159	0.260924	0.0249802	0.0187597	0.0295554	0.00583443	0.0573376	0.00768218	0.0140464	0.0148995	0.0180481	0.0127253	0.0201231	0.0251966	0.0209699	0.0189849	0.247121	0.137371	0.0590017	0.0012354	0.00520433
160	0.0126531	0.00972856	0.0107868	0.0154027	0.00333071	0.00531417	0.00165052	0.411376	0.00255847	0.0406071	0.0103003	0.00209824	0.00170719	0.00694661	0.0105783	0.00717836	0.0179523	0.42813	0.000426225	0.00127413
161	0.238773	0.0336595	0.00979115	0.0158485	0.0112824	0.0217968	0.00809808	0.050347	0.0120157	0.081939	0.0546578	0.0117444	0.0115846	0.0109347	0.0148404	0.135317	0.160647	0.105764	0.00253737	0.00842141
162	0.333972	0.015634	0.0197533	0.035045	0.00339723	0.107728	0.00694885	0.0123484	0.0112564	0.0119761	0.00781547	0.0179091	0.00985745	0.0258915	0.0201277	0.22417	0.088789	0.0419308	0.00128717	0.00416134
163	0.278041	0.0148468	0.0156383	0.0395368	0.00319771	0.118298	0.00503373	0.0133309	0.00943734	0.0150482	0.00882666	0.0194928	0.0100788	0.0272971	0.0174336	0.227436	0.106305	0.0657816	0.00100846	0.00393195
164	0.193623	0.0225799	0.00250797	0.00847409	0.0107382	0.00779655	0.00592148	0.154373	0.00290884	0.0358643	0.0153803	0.00209056	0.00157268	0.00235031	0.00288864	0.036893	0.0612019	0.430538	0.000460667	0.00183678
165	0.0388346	0.0120633	0.00452656	0.00452795	0.0217655	0.0135418	0.00630127	0.220712	0.00809807	0.152935	0.130934	0.00940168	0.00320954	0.0133729	0.0156223	0.0472775	0.0787341	0.203499	0.00507303	0.0095697
166	0.0296333	0.0377559	0.00350267	0.00463021	0.418084	0.00486345	0.0329373	0.0103499	0.00537993	0.0479964	0.011726	0.0044223	0.00316752	0.004329	0.00581754	0.0412988	0.0102527	0.0279439	0.0121653	0.283744
167	0.0261426	0.00771981	0.00399712	0.0036425	0.0485185	0.00993636	0.00496151	0.201284	0.0102763	0.314679	0.123579	0.00893978	0.00230177	0.00788181	0.012962	0.0290768	0.0479361	0.117036	0.00358048	0.0155483
168	0.203785	0.0242582	0.00194422	0.00764462	0.0114972	0.00838901	0.00612781	0.138451	0.00269202	0.0396791	0.0192178	0.0022592	0.00166849	0.00238044	0.00291949	0.0379924	0.0636203	0.422879	0.00064016	0.00195457
169	0.261202	0.0964745	0.0121513	0.0127646	0.00309089	0.0132996	0.00507941	0.0249764	0.00442663	0.0330894	0.0351681	0.0037564	0.00825094	0.00595067	0.00492004	0.230392	0.128524	0.107987	0.000964485	0.00753201
170	0.101715	0.00594402	0.00717158	0.00717207	0.0163642	0.0202191	0.161025	0.0480636	0.0242541	0.132472	0.00518347	0.0569553	0.00584409	0.115112	0.0672602	0.0675704	0.0460731	0.078473	0.00106357	0.0320641
171	0.0733621	0.00789419	0.0169588	0.00821061	0.0556351	0.0129767	0.0108021	0.155828	0.0226804	0.283156	0.062188	0.0101339	0.00805625	0.00801503	0.0280025	0.0323357	0.0250703	0.120432	0.00133194	0.0569314
172	0.0349259	0.00190989	0.0305756	0.0530921	0.0108004	0.0252125	0.0214283	0.00933668	0.340527	0.0211569	0.0228891	0.0619778	0.008242	0.0525964	0.207291	0.0461988	0.0349039	0.0120578	0.000221369	0.00465706
173	0.0378523	0.00236586	0.0154794	0.0475586	0.00615739	0.0154236	0.0211311	0.0119932	0.382457	0.0187986	0.0233221	0.0372282	0.00488065	0.0362962	0.253377	0.0445445	0.0272988	0.0114696	0.000384443	0.00198142
174	0.0937457	0.00726514	0.0252942	0.0468247	0.0365087	0.0306308	0.0272464	0.0281744	0.0123726	0.0762736	0.0076796	0.022081	0.0540845	0.0473095	0.0248129	0.176976	0.229713	0.0453131	0.00141681	0.00627744
175	0.14587	0.0066464	0.00880156	0.00963627	0.0245361	0.00996172	0.0316292	0.144951	0.0489332	0.166709	0.00935068	0.0115089	0.041109	0.0468499	0.0734522	0.027296	0.0404455	0.143009	0.00166996	0.00763517
176	0.0360169	0.00195863	0.034722	0.0531663	0.0127278	0.0291278	0.0245157	0.0107076	0.299108	0.0228508	0.0217486	0.0701186	0.00956381	0.0567089	0.205592	0.0517369	0.0393668	0.0132009	0.000240617	0.00682089
177	0.0660105	0.0014714	0.230158	0.240903	0.00314471	0.0743503	0.0161869	0.00819355	0.0571713	0.0119669	0.0149808	0.0522955	0.00597992	0.0552825	0.0628259	0.063254	0.0102476	0.016	0.000356693	0.00922004
178	0.012497	0.00969821	0.0108157	0.0154009	0.00330691	0.00533196	0.00165649	0.41174	0.00256009	0.0406208	0.01029	0.00209151	0.0017111	0.00696024	0.0105827	0.00714617	0.0178934	0.427995	0.000426202	0.00127589
179	0.280357	0.0137687	0.0167421	0.0451083	0.00242277	0.132861	0.00484919	0.0139026	0.00828343	0.00854491	0.00432842	0.0194154	0.00613395	0.0352928	0.024962	0.255306	0.0898681	0.0347403	0.000870375	0.00224344
180	0.0407716	0.00545679	0.189985	0.19197	0.0281267	0.0335715	0.0266925	0.0446376	0.0497496	0.0764984	0.0222769	0.0353178	0.00637187	0.0426137	0.0303812	0.0123499	0.0425929	0.101718	0.000645898	0.0182727
181	0.206451	0.0238415	0.00196011	0.00793633	0.0114866	0.00817881	0.0062572	0.136147	0.00264009	0.0356212	0.0156399	0.00207052	0.00155679	0.00210908	0.00252351	0.0369111	0.0632337	0.433083	0.000467101	0.00188489
182	0.23256	0.0489743	0.0124083	0.00860206	0.00379139	0.0218607	0.00306289	0.0153983	0.00775231	0.0303197	0.0246353	0.0064152	0.0172103	0.00604576	0.00508695	0.255041	0.202549	0.0925242	0.000845796	0.00491686
183	0.0539559	0.00414481	0.112067	0.101202	0.0115239	0.0847309	0.0256188	0.0117153	0.104438	0.0218655	0.042568	0.0874202	0.0137542	0.054033	0.110063	0.0775552	0.0510741	0.01932	0.000950561	0.0119996
184	0.143171	0.022058	0.00429197	0.00795909	0.0195545	0.0105131	0.00623854	0.179462	0.00565332	0.0960636	0.051391	0.00459627	0.00337415	0.00498327	0.00727483	0.0373587	0.0569986	0.326149	0.00161481	0.0112942
185	0.210674	0.0101417	0.015077	0.0361085	0.00695197	0.088698	0.0326018	0.0233624	0.0560395	0.0252362	0.00889241	0.0603356	0.0153015	0.0271274	0.0420724	0.139336	0.112547	0.0769641	0.00192793	0.0106046
186	0.0377506	0.00511293	0.120832	0.550585	0.00813561	0.021771	0.010687	0.0110177	0.0199534	0.0218476	0.0101342	0.0328944	0.00698078	0.0180568	0.0208369	0.0312471	0.017911	0.0436979	0.00160852	0.00893926
187	0.207086	0.00554665	0.011752	0.0360422	0.00648605	0.106162	0.0104695	0.0433023	0.0463939	0.039518	0.00822607	0.0619537	0.00823998	0.0112024	0.0131153	0.097182	0.108655	0.156309	0.00185129	0.0205058
188	0.106055	0.0137931	0.0143782	0.0236683	0.00885708	0.0342553	0.00956697	0.031862	0.0319125	0.0266932	0.011202	0.0876202	0.0227785	0.0207347	0.0216937	0.21741	0.219214	0.0851937	0.00535073	0.00776074
189	0.0346836	0.0109217	0.00618041	0.00716151	0.0163048	0.0119408	0.0049397	0.262749	0.00570744	0.129922	0.108428	0.00744006	0.00261546	0.0114169	0.0140092	0.0366532	0.0706571	0.248474	0.00409066	0.00570468
190	0.0341655	0.00171951	0.0154461	0.0449771	0.00672475	0.0162709	0.0167716	0.00832681	0.417127	0.0170143	0.0168947	0.0383513	0.00440078	0.0383477	0.242521	0.0441469	0.0255002	0.00922026	0.000260288	0.00181338
191	0.0631026	0.0137865	0.0279614	0.0614344	0.017397	0.0574973	0.0488997	0.0136858	0.137374	0.0303944	0.0134986	0.086911	0.0223827	0.0624489	0.109072	0.109102	0.0873712	0.0248695	0.000453513	0.0123582
192	0.288963	0.0471712	0.00631588	0.00969873	0.00410551	0.0161816	0.00328527	0.0452837	0.00407723	0.0345759	0.0290289	0.00442436	0.00855019	0.00366971	0.00434066	0.169262	0.140611	0.174202	0.000450568	0.00580317
193	0.0378533	0.0490585	0.00400881	0.00499419	0.394167	0.00509348	0.0474112	0.01079	0.00628707	0.0438732	0.0113656	0.00496399	0.0042254	0.00528498	0.00696933	0.0418348	0.0116916	0.0332076	0.0105553	0.266365
194	0.0339784	0.00155876	0.0169972	0.0457601	0.00785051	0.0183185	0.0169847	0.00826433	0.411514	0.0172094	0.0169527	0.0415761	0.00476506	0.0396684	0.236964	0.044227	0.0258277	0.00919302	0.000246571	0.00214382
195	0.0760382	0.00251508	0.230907	0.248524	0.00559331	0.044746	0.0156219	0.00653525	0.0317828	0.0329962	0.0117711	0.0556428	0.0089364	0.0386489	0.0468892	0.0741611	0.0226635	0.0235135	0.000375636	0.0221384
