234	20
1	0.0872641	0.000903988	0.164604	0.189371	0.00194813	0.0367729	0.00841833	0.0050063	0.187173	0.00907154	0.00164742	0.0485474	0.00767192	0.0889983	0.0746069	0.0357408	0.0384607	0.0121313	0.000184901	0.0014769
2	0.00819962	0.00137589	0.000874576	0.00115968	0.0228716	0.00190393	0.00225033	0.354034	0.00092225	0.493474	0.029405	0.00159345	0.000389853	0.0012317	0.000919933	0.00267175	0.00709221	0.0659572	0.00248969	0.00118303
3	0.0780933	0.201941	0.030649	0.00437388	0.00586296	0.00657022	0.00264175	0.00947998	0.00409234	0.0499834	0.0238664	0.115806	0.00731167	0.0105557	0.0191464	0.230385	0.16451	0.0311719	0.00107855	0.00248032
4	0.212879	0.00139505	0.014032	0.0733515	0.00174752	0.0359909	0.0165454	0.00264653	0.1943	0.0204335	0.0219533	0.0438248	0.000869639	0.181908	0.114365	0.0383566	0.0149913	0.00823322	0.000710097	0.00146627
5	0.017944	0.00375397	0.00203993	0.00176973	0.00342911	0.00187794	0.00925508	0.575407	0.0031984	0.0643599	0.0231824	0.00284522	0.00597106	0.00179389	0.00711428	0.0046462	0.0149958	0.245688	0.000437244	0.0102905
6	0.0824517	0.00202438	0.0103712	0.0219461	0.00883831	0.019457	0.00438449	0.00403131	0.0167471	0.0035253	0.00185414	0.00862474	0.733665	0.00483465	0.00515064	0.0240558	0.0335847	0.00903272	0.000421168	0.00499919
7	0.0161369	0.00551588	0.0261913	0.009667	0.0153338	0.0121706	0.546497	0.0125637	0.0228173	0.0203547	0.00833155	0.0246739	0.00734444	0.0316108	0.177177	0.0196204	0.0156568	0.0148865	0.001862	0.0115887
8	0.0869302	0.149262	0.0242395	0.137704	0.00465374	0.138274	0.00416483	0.00567867	0.0579819	0.00689338	0.00438441	0.00669152	0.219058	0.0593423	0.0229326	0.050033	0.00941729	0.00757761	0.00164568	0.00313516
9	0.0693647	0.0147514	0.0170686	0.00508385	0.00780337	0.0165163	0.00279743	0.00700363	0.00503474	0.0112837	0.00370075	0.0158675	0.00137058	0.0066377	0.0038083	0.53761	0.253669	0.0134517	0.0014667	0.00570971
10	0.00611127	0.013786	0.00341271	0.013521	0.0986904	0.267787	0.0800561	0.00347512	0.0912808	0.0449799	0.012135	0.120248	0.00129733	0.00330778	0.0751144	0.0156116	0.00439366	0.00434974	0.0195721	0.12087
11	0.0309586	0.00394702	0.125304	0.00340299	0.004387	0.0125313	0.357135	0.0123031	0.106697	0.00414978	0.00338784	0.169038	0.00179966	0.042651	0.0217066	0.0429295	0.0121235	0.0157092	0.00106445	0.028775
12	0.0165961	0.0783607	0.0403212	0.466339	0.00600895	0.0095616	0.00561136	0.0102474	0.0349821	0.0625702	0.0551769	0.00798859	0.0299404	0.0417509	0.0363905	0.0130323	0.0386196	0.0383899	0.00216682	0.00594546
13	0.0665219	0.000567601	0.142643	0.213093	0.00317972	0.0307377	0.0120627	0.0037321	0.219282	0.00879519	0.00282358	0.0367378	0.0106029	0.0856365	0.0854514	0.0302265	0.0373396	0.00752066	0.000224376	0.00282215
14	0.252161	0.00121216	0.0122898	0.0644214	0.0016642	0.0445274	0.0176584	0.0022174	0.209935	0.0219951	0.012258	0.0230263	0.00098343	0.169742	0.118641	0.0202291	0.0132142	0.0121732	0.000514536	0.00113551
15	0.0239442	0.00542877	0.000672678	0.000649108	0.00777466	0.000661294	0.00333041	0.500506	0.00250757	0.108831	0.0304995	0.000743577	0.0076668	0.00105876	0.00204686	0.00167892	0.00897904	0.283575	0.000609137	0.00883727
16	0.134665	0.0215213	0.00749678	0.00579698	0.00579309	0.0465679	0.00392481	0.093646	0.00784404	0.053717	0.00450998	0.00678689	0.00232982	0.0433936	0.187276	0.325042	0.0333631	0.00944984	0.00148882	0.00538631
17	0.0279277	0.00721397	0.412925	0.243059	0.00520533	0.0163081	0.0114313	0.00773881	0.0274279	0.00808241	0.0119557	0.0548194	0.00544114	0.0584014	0.0204992	0.0265637	0.0318421	0.0134082	0.00398479	0.00576451
18	0.196083	0.00197784	0.0846736	0.296724	0.0015914	0.0389896	0.0129597	0.00527862	0.12959	0.0127652	0.00120507	0.0327964	0.00647897	0.0343899	0.0483311	0.0482845	0.0348357	0.0116775	0.000270716	0.00109632
19	0.16177	0.0259393	0.00986998	0.0160594	0.030761	0.0130738	0.0164645	0.123673	0.022124	0.0843096	0.0378623	0.01453	0.00246249	0.0124345	0.0155238	0.0640594	0.0827818	0.244563	0.00627006	0.0154686
20	0.00612681	0.012866	0.0035635	0.0127637	0.0945772	0.271698	0.0766658	0.00336103	0.0918073	0.0437313	0.0129246	0.126307	0.0011429	0.00349739	0.072271	0.0151481	0.00429462	0.00457355	0.0215377	0.121142
21	0.0493995	0.106952	0.0842427	0.0276425	0.0182537	0.0349955	0.0326758	0.0237808	0.0284203	0.0397085	0.0215285	0.273971	0.0107362	0.0223569	0.0295544	0.0809225	0.0609493	0.0313356	0.00598122	0.0165938
22	0.0195262	0.00293872	0.000720519	0.000709992	0.00250234	0.000757007	0.00315885	0.490901	0.00327436	0.0804059	0.0240881	0.000890406	0.00861566	0.000726039	0.00223635	0.00130723	0.0101578	0.341788	0.000203159	0.00509222
23	0.0357918	0.0103885	0.00114464	0.00113602	0.027827	0.0010607	0.00164812	0.330526	0.0011396	0.255187	0.0135579	0.00126753	0.0010515	0.0016336	0.00100625	0.00818599	0.0130214	0.27468	0.00090113	0.018846
24	0.0257635	0.00630988	0.000690373	0.000677824	0.00996355	0.000684342	0.00340875	0.507023	0.00205568	0.122232	0.0352588	0.000780269	0.00622971	0.00124254	0.00216738	0.0019655	0.00878913	0.253145	0.000792488	0.0108196
25	0.0249151	0.0217864	0.014058	0.0148265	0.0078814	0.00191542	0.0295536	0.00956378	0.217485	0.00250494	0.00671905	0.0186127	0.000846225	0.0190907	0.486768	0.0368475	0.0192535	0.019657	0.0059768	0.0417379
26	0.00849893	0.00338812	0.0160442	0.00455793	0.00359172	0.0171145	0.002616	0.14197	0.416405	0.0630648	0.0046321	0.00425768	0.00158746	0.0654582	0.0911299	0.00724063	0.00952732	0.122466	0.00122093	0.0152279
27	0.131368	0.00164701	0.0230023	0.0532322	0.00526026	0.0484396	0.000862365	0.00133679	0.0423888	0.00166215	0.00117136	0.0212908	0.596199	0.00867436	0.0102138	0.0331327	0.0137808	0.00167562	0.000285791	0.00437613
28	0.782779	0.0183824	0.00474541	0.00429304	0.00064282	0.0793749	0.002331	0.000869468	0.000795092	0.000995614	0.00288943	0.000830705	0.000310602	0.000687807	0.00382676	0.0717746	0.0164052	0.00510122	0.000182928	0.00278172
29	0.071617	0.0102238	0.0138548	0.00144591	0.00806516	0.0130556	0.00104891	0.00147965	0.00113888	0.00598051	0.00143516	0.0144704	0.000593711	0.00578386	0.00133691	0.670756	0.16175	0.0100496	0.000558756	0.00535557
30	0.119828	0.00103747	0.0297415	0.100847	0.00130139	0.0289723	0.0233227	0.0163116	0.211893	0.00200599	0.00125044	0.0330593	0.218629	0.0435217	0.0343209	0.056694	0.0265283	0.0442274	0.000314252	0.00619296
31	0.0412531	0.0812983	0.0198862	0.0210949	0.0263693	0.243597	0.0225314	0.016278	0.032563	0.0743701	0.0157305	0.0921556	0.0123304	0.0159223	0.0735681	0.115165	0.0379977	0.0248822	0.0068679	0.0261392
32	0.00803814	0.0332747	0.0198888	0.00524077	0.110298	0.0277556	0.0991129	0.0268262	0.095638	0.171163	0.0432217	0.0050995	0.00934554	0.00458114	0.11424	0.00723593	0.00706619	0.00594368	0.00144745	0.204583
33	0.128597	0.0025736	0.0818207	0.207147	0.00263492	0.0326406	0.0118088	0.0064496	0.187122	0.0135233	0.00556198	0.0452355	0.0181082	0.0948504	0.0690077	0.0380979	0.0399536	0.0119444	0.0005493	0.002374
34	0.0369341	0.00384789	0.174704	0.0387227	0.00221926	0.0664885	0.0723573	0.00232131	0.0636687	0.00270955	0.00844103	0.391774	0.000904094	0.0248458	0.038826	0.0344297	0.0252678	0.00840729	0.000502566	0.00262861
35	0.186043	0.00233914	0.0132837	0.00283747	0.00243151	0.142649	0.0124367	0.0434494	0.0410225	0.0167646	0.0220652	0.00338768	0.161748	0.00291646	0.023244	0.0643744	0.222523	0.0338859	0.000780734	0.00181731
36	0.0195583	0.00293708	0.000723411	0.000719772	0.00259717	0.00074522	0.00314981	0.490349	0.00327235	0.0808605	0.0238166	0.000875403	0.00857963	0.000712187	0.00223447	0.00128924	0.0101952	0.342094	0.000202305	0.005088
37	0.112315	0.0357996	0.00430245	0.00141612	0.0065284	0.00477889	0.00359135	0.359408	0.00171892	0.102246	0.052684	0.00205726	0.0042096	0.00264023	0.00149675	0.020083	0.0401502	0.239256	0.000309957	0.005009
38	0.00534543	0.0117992	0.000949803	0.00115088	0.0433858	0.00109521	0.000701331	0.0525043	0.00361851	0.705349	0.14679	0.00117336	0.000411574	0.000985502	0.000924972	0.00493711	0.00443805	0.0121976	0.000371113	0.00187122
39	0.0446287	0.0133289	0.0569272	0.0497935	0.0194753	0.0290999	0.233968	0.0244147	0.058178	0.0336584	0.0176968	0.0572011	0.0191722	0.168669	0.0442397	0.0471073	0.0310162	0.030445	0.00535827	0.0156219
40	0.340054	0.0151904	0.00172354	0.0105684	0.00109874	0.44806	0.00104628	0.0014975	0.00132988	0.00174171	0.00105694	0.00595718	0.00523378	0.0012545	0.00387674	0.14181	0.00722344	0.0101009	0.000380837	0.000795323
41	0.029421	0.00667091	0.0500103	0.0128712	0.00768513	0.0170681	0.594981	0.0171104	0.0293913	0.0140608	0.00802123	0.0572224	0.00509467	0.0374514	0.0354851	0.0240182	0.0198737	0.0200847	0.00376596	0.00971261
42	0.0255129	0.0122412	0.00268537	0.00277718	0.01854	0.00517433	0.00244976	0.159738	0.00202107	0.387213	0.151053	0.00637718	0.00104703	0.00296189	0.00185855	0.0327025	0.0423304	0.130046	0.00220663	0.0110642
43	0.0290392	0.0157378	0.518555	0.0989434	0.0079236	0.0223817	0.0165287	0.0133284	0.0262903	0.0125942	0.00977926	0.0902865	0.00930353	0.0325378	0.0187112	0.0259087	0.0253438	0.0178177	0.00308731	0.00590197
44	0.0676161	0.020566	0.024582	0.0253757	0.0398047	0.0218464	0.0201163	0.0919695	0.0268967	0.180896	0.231238	0.0256814	0.00875761	0.0200042	0.0245677	0.038992	0.0405272	0.0651318	0.00591748	0.019513
45	0.0797772	0.0134089	0.0114275	0.012007	0.0180448	0.0156964	0.0110262	0.164132	0.0151515	0.0836431	0.0266093	0.0139129	0.00865953	0.00989268	0.0151019	0.0341343	0.0628432	0.391983	0.00307247	0.00947652
46	0.141069	0.316587	0.00907303	0.0102049	0.00705372	0.0730832	0.0395114	0.00985559	0.00954615	0.0210068	0.0101927	0.0148765	0.0993281	0.00952712	0.00959601	0.0534774	0.111783	0.0160418	0.032372	0.00581412
47	0.0472248	0.0104601	0.0901208	0.377293	0.00515253	0.0171827	0.00447642	0.0564157	0.018614	0.0113709	0.00708445	0.0134603	0.0044141	0.0873759	0.0183743	0.0408451	0.0605431	0.117089	0.0044961	0.00800622
48	0.249696	0.00574434	0.0132448	0.0328871	0.00850306	0.0247293	0.0127218	0.0128029	0.26738	0.0465473	0.0180201	0.0164937	0.00427729	0.127386	0.0546367	0.0224035	0.0196921	0.0547192	0.00241411	0.00570135
49	0.206916	0.00231828	0.0833017	0.248999	0.00240407	0.04306	0.0152591	0.0104468	0.103357	0.021862	0.00246122	0.0446966	0.00433427	0.0362989	0.0585861	0.0487263	0.0523352	0.0129762	0.000453309	0.00120799
50	0.00515785	0.00217519	0.00289655	0.0320691	0.00226986	0.00282534	0.0209625	0.0216585	0.278396	0.00416725	0.00219984	0.133082	0.00114351	0.0307629	0.0829501	0.023296	0.299765	0.0516014	0.000634881	0.00198599
51	0.0201781	0.00329521	0.401334	0.332982	0.00207391	0.00702316	0.00625823	0.00515638	0.00553586	0.00354118	0.0148072	0.0354843	0.00105783	0.0797935	0.0105754	0.0212088	0.0343736	0.011273	0.00157976	0.00246848
52	0.133935	0.00621145	0.0222736	0.0528768	0.00529464	0.0603515	0.0012047	0.00158512	0.0427227	0.00190179	0.00136446	0.019997	0.57613	0.00996282	0.0103139	0.0338954	0.0134046	0.0020094	0.000334936	0.00423062
53	0.0061663	0.00205609	0.00106384	0.00105786	0.0233399	0.00147729	0.00272074	0.374917	0.00127946	0.492462	0.0312354	0.00149431	0.000497894	0.00118051	0.00110686	0.00245175	0.0042685	0.0478064	0.0021878	0.00123002
54	0.044394	0.000520738	0.135187	0.21018	0.00264675	0.0257907	0.0121012	0.00322094	0.238169	0.0093526	0.00368268	0.0352907	0.0167332	0.0948548	0.0906816	0.028379	0.0399823	0.00612926	0.000251322	0.00245195
55	0.0100838	0.00378776	0.00651151	0.0217867	0.260916	0.0047924	0.00358964	0.0881465	0.0226356	0.0464119	0.0781713	0.023178	0.00215092	0.00471236	0.0347065	0.00915006	0.00818119	0.0428091	0.255649	0.0726295
56	0.019236	0.00446831	0.00071758	0.00175774	0.0302609	0.00355649	0.000658227	0.192983	0.000614489	0.47534	0.0608292	0.00280787	0.000282684	0.00208871	0.000617616	0.0107593	0.0220084	0.163623	0.00329875	0.00409152
57	0.00599514	0.0237705	0.00330747	0.00330195	0.0232451	0.0137144	0.0746566	0.0240909	0.331455	0.0142436	0.022824	0.0032563	0.00134302	0.00327106	0.133859	0.0530111	0.156871	0.0158348	0.000832283	0.0911172
58	0.701916	0.0192253	0.00582412	0.00632461	0.00138198	0.13299	0.00279357	0.00189404	0.00170967	0.00264356	0.00282047	0.0018544	0.00149065	0.00197949	0.0071687	0.0780654	0.0192823	0.00729453	0.000443567	0.00289729
59	0.0362882	0.00715567	0.24928	0.0948215	0.00118965	0.03891	0.0348137	0.00265326	0.136992	0.00253372	0.00202942	0.168531	0.00232421	0.0463746	0.0767705	0.0348464	0.0397511	0.0235965	0.000345618	0.000793373
60	0.022855	0.00875729	0.223553	0.080129	0.00178567	0.158579	0.0410894	0.00196528	0.0841768	0.00240128	0.00323971	0.204453	0.00114428	0.0334613	0.0582041	0.0276108	0.0274197	0.0168346	0.00043638	0.00190431
61	0.0698505	0.0282774	0.0356029	0.0265394	0.0148227	0.0257227	0.0132897	0.0322827	0.0304688	0.0325595	0.0139961	0.0340286	0.0159145	0.017944	0.0227875	0.139326	0.387423	0.0430737	0.00390926	0.0121809
62	0.0691973	0.0138389	0.0153115	0.00234068	0.00765782	0.0130253	0.00211267	0.00364613	0.00317379	0.00847726	0.0024276	0.014793	0.00098574	0.00602145	0.00272433	0.606009	0.212059	0.0100649	0.00107597	0.00505741
63	0.0138011	0.00617447	0.00193665	0.00187915	0.0353858	0.00376086	0.00208867	0.219408	0.0051053	0.527227	0.0675866	0.00393207	0.000962413	0.00247345	0.00184031	0.0077651	0.0130396	0.0802241	0.0024063	0.00300385
64	0.0601785	0.00348827	0.00499319	0.00696657	0.0023853	0.796536	0.00313793	0.00241885	0.00322489	0.00368308	0.0016547	0.00688213	0.00112175	0.00340044	0.00317468	0.0849987	0.00536724	0.00410123	0.000642039	0.00164397
65	0.782205	0.0185089	0.0047702	0.00432897	0.000638903	0.0794038	0.00234461	0.000864177	0.000793907	0.000997818	0.00289434	0.000808338	0.000313567	0.000676787	0.00381804	0.0722309	0.0165094	0.00491402	0.000183006	0.00279569
66	0.0241034	0.0155544	0.525136	0.0908506	0.0100231	0.0191904	0.0211045	0.0109502	0.0219426	0.0113327	0.0101173	0.0998857	0.00799575	0.0291101	0.0177432	0.030322	0.0271008	0.0153434	0.00499249	0.00720107
67	0.0139414	0.0327038	0.59046	0.010802	0.00635444	0.00809482	0.00610596	0.00885761	0.00704832	0.0101607	0.00621372	0.240985	0.00321448	0.00730367	0.00790351	0.0119773	0.0120004	0.00943646	0.00176336	0.00467349
68	0.0815008	0.00527416	0.00494607	0.00577353	0.00258778	0.762005	0.0015904	0.00279308	0.00237826	0.00351523	0.00169492	0.00420292	0.00307857	0.00276275	0.00366781	0.0979139	0.00772914	0.00454946	0.000463078	0.00157309
69	0.0271951	0.00638139	0.000839688	0.000735648	0.00726731	0.000884814	0.00359662	0.526395	0.00219166	0.105194	0.0371628	0.00116808	0.0062303	0.0011397	0.0024127	0.00250754	0.0107398	0.247401	0.000612602	0.00994394
70	0.0772206	0.00386904	0.00278795	0.00460184	0.00145158	0.800337	0.00125667	0.00179884	0.00168269	0.00258853	0.00136663	0.00284804	0.000995149	0.0017828	0.00235842	0.0845456	0.00397703	0.00312836	0.00039458	0.00100841
71	0.141637	0.0446416	0.00880665	0.00200895	0.0129825	0.00795257	0.00500248	0.192436	0.00239116	0.149963	0.0768002	0.00285129	0.00388608	0.00416253	0.00155579	0.0273311	0.045338	0.263352	0.000506468	0.00639397
72	0.662934	0.0187621	0.00563929	0.00716418	0.00144009	0.152995	0.00261809	0.00252003	0.00209397	0.00203643	0.00359437	0.00254834	0.00185378	0.00165747	0.00441903	0.100747	0.0171741	0.00688294	0.000386599	0.00253261
73	0.278489	0.0266472	0.00413747	0.0196407	0.0461716	0.0218016	0.00289114	0.0710434	0.00629775	0.0761364	0.24918	0.00425068	0.00171185	0.00738529	0.00378331	0.0563862	0.0529336	0.0107274	0.0013012	0.0590845
74	0.395811	0.0432886	0.00434119	0.0178508	0.008584	0.0665458	0.00271846	0.146167	0.00393316	0.0269259	0.133754	0.00451625	0.00141597	0.0159737	0.00396558	0.0726739	0.0375907	0.00602353	0.0010447	0.00687533
75	0.00508917	0.0122555	0.0009515	0.00112945	0.0442856	0.000993924	0.000735502	0.045852	0.0040005	0.704359	0.159571	0.00112095	0.000442045	0.000952244	0.000961746	0.00516118	0.00347301	0.00655609	0.000251936	0.00185739
76	0.77079	0.019066	0.00607948	0.00504147	0.000926816	0.0788622	0.00247315	0.00119058	0.00109433	0.00140361	0.0029163	0.00109414	0.00038555	0.000930968	0.00399997	0.0750877	0.0192566	0.00541534	0.000192651	0.00379281
77	0.0356894	0.010267	0.0011174	0.00111898	0.0269502	0.00100858	0.00168694	0.336041	0.00113061	0.251568	0.0140698	0.00124893	0.00118777	0.00162089	0.000997088	0.00792914	0.012696	0.274177	0.000899391	0.0185957
78	0.00508917	0.0122555	0.0009515	0.00112945	0.0442856	0.000993924	0.000735502	0.045852	0.0040005	0.704359	0.159571	0.00112095	0.000442045	0.000952244	0.000961746	0.00516118	0.00347301	0.00655609	0.000251936	0.00185739
79	0.236486	0.00327831	0.141143	0.250332	0.0144688	0.0200283	0.00393376	0.0163866	0.024923	0.0288939	0.025452	0.00803374	0.00200077	0.0699735	0.0203598	0.081268	0.0437699	0.00630992	0.000929001	0.002029
80	0.109124	0.001547	0.0191357	0.0402742	0.00582874	0.0415159	0.00173113	0.00134104	0.0314121	0.0015108	0.00108586	0.01622	0.659741	0.00664033	0.00810318	0.0283321	0.0186862	0.00317149	0.000253148	0.00434609
81	0.149284	0.00142276	0.0266131	0.0571995	0.00614845	0.0430946	0.00098515	0.00154379	0.0428547	0.00220197	0.001249	0.0238164	0.567876	0.00932851	0.0106421	0.0327904	0.015378	0.0018595	0.00031933	0.00539252
82	0.00573877	0.000934513	0.00114209	0.00104095	0.0192116	0.0012602	0.00265955	0.400012	0.00110785	0.487037	0.0199142	0.00136097	0.000472595	0.00103353	0.0010781	0.00210815	0.0029523	0.0479967	0.00210012	0.000838681
83	0.0282136	0.00675183	0.0767257	0.557619	0.00401018	0.0132669	0.00510382	0.0231959	0.0209205	0.00648238	0.0104241	0.00625329	0.0019024	0.120845	0.026922	0.0141867	0.0212995	0.0415518	0.00183308	0.0124931
84	0.261999	0.0604365	0.00648834	0.00473975	0.0370557	0.00507269	0.00396583	0.11903	0.00443346	0.146411	0.0492956	0.00446803	0.00363119	0.00421933	0.0040666	0.0150164	0.0199291	0.244162	0.00107962	0.0044988
85	0.0185078	0.00442979	0.000715091	0.00174387	0.0341432	0.00358922	0.00067087	0.190084	0.000666543	0.4864	0.0472659	0.00273206	0.00027821	0.00194515	0.00060165	0.00589937	0.0212401	0.170737	0.00289475	0.0054554
86	0.0451369	0.00780364	0.00133677	0.00115094	0.206814	0.00115138	0.00172285	0.253334	0.00138135	0.272764	0.0524947	0.00143774	0.00060237	0.00232234	0.00137924	0.00861423	0.00719218	0.12259	0.00240465	0.0083669
87	0.0735345	0.0295406	0.0298717	0.02497	0.0150136	0.025598	0.0137893	0.0365166	0.0292065	0.0324127	0.016335	0.0280013	0.0185817	0.0167012	0.0244918	0.127683	0.394089	0.0475194	0.00482295	0.0113215
88	0.113339	0.00168161	0.00266607	0.00261174	0.0113702	0.00902903	0.00168206	0.0517804	0.00992514	0.01805	0.0236958	0.00414021	0.00230016	0.00235127	0.0172136	0.0549678	0.161102	0.510093	0.000649061	0.00135201
89	0.0454611	0.00333817	0.307242	0.143999	0.00436572	0.0336742	0.0117133	0.00354812	0.0186651	0.00745897	0.0173098	0.171725	0.00136103	0.0421344	0.0245398	0.0810321	0.0686587	0.0098037	0.00220892	0.00176071
90	0.0400468	0.012519	0.0853864	0.531265	0.00685695	0.0190388	0.00910519	0.0174586	0.0319393	0.0147217	0.0126612	0.0178953	0.00784142	0.0721008	0.0231306	0.0265759	0.0273886	0.0316878	0.00309237	0.00928793
91	0.0397213	0.0137918	0.0851243	0.529315	0.00538867	0.0231748	0.00753145	0.0157471	0.0381076	0.014704	0.013192	0.0160828	0.0119355	0.0671231	0.0250919	0.0232986	0.0284766	0.0304815	0.00425724	0.00745473
92	0.0821833	0.00218987	0.028426	0.0409431	0.00264883	0.00294945	0.00280292	0.113241	0.0365531	0.0163106	0.00258998	0.0255775	0.02162	0.0185077	0.056425	0.058234	0.322428	0.163414	0.000948635	0.00200734
93	0.0288507	0.00666473	0.131847	0.056032	0.0191714	0.16678	0.00455406	0.0209002	0.00947676	0.0311619	0.00558292	0.0278821	0.00314647	0.0350587	0.0138622	0.174935	0.191738	0.0536696	0.00173419	0.0169515
94	0.00550266	0.0130869	0.0012319	0.00129392	0.0441513	0.0010906	0.000881295	0.0454911	0.00472305	0.688859	0.170212	0.00128235	0.000490916	0.00134844	0.00117093	0.00563813	0.00383341	0.00725541	0.000396468	0.00206114
95	0.0443201	0.00256047	0.119185	0.0596655	0.0389551	0.0868885	0.00265996	0.0392209	0.00685875	0.0679719	0.0028061	0.0491586	0.00154397	0.0204673	0.0174299	0.136193	0.200014	0.0671275	0.000994269	0.0359798
96	0.0623438	0.00352442	0.00744159	0.0108885	0.00247897	0.778182	0.00268975	0.00288835	0.00653427	0.00469609	0.00317996	0.0109433	0.00171501	0.00440927	0.00457448	0.0799795	0.00549623	0.0045717	0.000589853	0.00287318
97	0.340042	0.00700506	0.00465435	0.00550789	0.0100754	0.00870516	0.00391866	0.0467959	0.00830065	0.0237197	0.0169898	0.0124742	0.00292639	0.00495437	0.0113344	0.0368772	0.068786	0.383004	0.00129828	0.00263096
98	0.0733205	0.00161029	0.00744276	0.0491589	0.11303	0.0244453	0.0395848	0.0631172	0.114993	0.150498	0.103113	0.0663526	0.00133376	0.0424032	0.025056	0.0376936	0.0551097	0.0282866	0.000747922	0.00270268
99	0.116108	0.00251717	0.0298707	0.0920119	0.00249525	0.353806	0.0557958	0.00363287	0.0268385	0.0147974	0.00274248	0.18625	0.00132264	0.0362957	0.0259301	0.0160177	0.00499208	0.0253459	0.00119096	0.00203803
100	0.0137853	0.00319833	0.000465564	0.00188735	0.0330469	0.00449693	0.000371746	0.161131	0.000409559	0.539167	0.0650078	0.00325716	0.000209062	0.0021685	0.000438437	0.00547673	0.0242061	0.135458	0.00377804	0.00204001
101	0.0568115	0.00100863	0.194853	0.161709	0.00163142	0.0364607	0.0112945	0.00487342	0.199855	0.00662032	0.00169758	0.0606745	0.00887925	0.0936259	0.0771173	0.0320952	0.0354929	0.0137239	0.000218974	0.00135685
102	0.338973	0.0156035	0.00172998	0.0104249	0.0011573	0.44778	0.00106729	0.00148079	0.00133838	0.00180052	0.0011343	0.00596428	0.00515743	0.00126047	0.00392241	0.142555	0.00718291	0.010286	0.000382988	0.00079855
103	0.045059	0.000672965	0.149916	0.196615	0.00264407	0.0285479	0.0125657	0.00359968	0.240654	0.00799072	0.00318696	0.0387896	0.0125783	0.0870947	0.0944638	0.0281121	0.037664	0.00717651	0.000239862	0.00242952
104	0.00823163	0.00314239	0.00494071	0.0198059	0.0350599	0.00510937	0.00316741	0.0567061	0.0525977	0.0679487	0.0953413	0.00484641	0.00183494	0.00430316	0.094001	0.0223789	0.116334	0.0808969	0.0173245	0.306029
105	0.00508917	0.0122555	0.0009515	0.00112945	0.0442856	0.000993924	0.000735502	0.045852	0.0040005	0.704359	0.159571	0.00112095	0.000442045	0.000952244	0.000961746	0.00516118	0.00347301	0.00655609	0.000251936	0.00185739
106	0.00545719	0.00120118	0.00127657	0.00109072	0.0199307	0.00127001	0.00310989	0.433544	0.00122565	0.45628	0.017068	0.00136651	0.000729756	0.00115052	0.0013316	0.00198696	0.00209223	0.0467497	0.00206983	0.00106832
107	0.0365819	0.00864331	0.177415	0.055007	0.00768024	0.12783	0.0564097	0.00654974	0.0530144	0.0103835	0.00858725	0.29198	0.00386927	0.0311821	0.0344213	0.0361772	0.0297068	0.0154711	0.00179986	0.00728977
108	0.00776874	0.0106827	0.000732218	0.0014674	0.0379231	0.00235217	0.000571529	0.0899419	0.00234818	0.656527	0.112335	0.00190365	0.000285086	0.00138088	0.000719468	0.00473624	0.0123594	0.0525686	0.0017324	0.00166451
109	0.021701	0.0183766	0.495595	0.0545841	0.0062596	0.0243877	0.0311211	0.00767247	0.0285044	0.00913212	0.00736604	0.170295	0.00543021	0.0236898	0.0213818	0.0272994	0.0240987	0.0152162	0.00204935	0.00583915
110	0.103717	0.00987197	0.0100211	0.00855943	0.00621197	0.117921	0.041698	0.00885094	0.00738933	0.0110704	0.0318555	0.0657743	0.00429089	0.00790959	0.0083941	0.208653	0.302585	0.0120879	0.0279876	0.00515076
111	0.0503126	0.0253402	0.150056	0.435883	0.00422533	0.0415053	0.00341156	0.0280622	0.0132993	0.00692695	0.00527334	0.0164623	0.00226368	0.0408248	0.00869982	0.0447819	0.0431074	0.0622329	0.00759189	0.00973928
112	0.0448332	0.0169206	0.144714	0.444125	0.00388841	0.0230652	0.00467003	0.0181643	0.0179884	0.00566966	0.00376755	0.0231757	0.00127626	0.0459919	0.00754503	0.0439135	0.0578136	0.0697726	0.0102526	0.0124528
113	0.0122689	0.00431232	0.278258	0.222878	0.0452706	0.0480924	0.00487368	0.029061	0.00652266	0.00892285	0.0260914	0.0280284	0.0640306	0.00557702	0.0282573	0.0295393	0.009658	0.0084956	0.0948236	0.0450384
114	0.0321536	0.00647429	0.188987	0.0217726	0.00547061	0.0390057	0.222094	0.0065238	0.0491009	0.00415056	0.00794253	0.183704	0.00641337	0.0259329	0.0574886	0.0622197	0.0342305	0.0307478	0.00072988	0.0148583
115	0.0389551	0.0104351	0.0784776	0.199947	0.0344703	0.00604935	0.0562115	0.0489347	0.0881103	0.040294	0.00698813	0.0362427	0.000621863	0.0491322	0.0413873	0.0869467	0.0669744	0.0810089	0.00440779	0.0244049
116	0.0370376	0.00598734	0.00110979	0.0012855	0.173014	0.00189803	0.0013502	0.229283	0.00120966	0.328096	0.0549758	0.00179684	0.000487677	0.00220836	0.00117432	0.00885191	0.0125106	0.129027	0.00242861	0.00626843
117	0.00943107	0.101233	0.046519	0.00542417	0.0732861	0.0257805	0.0037502	0.056054	0.00556225	0.103092	0.00472617	0.00562223	0.00203682	0.00469224	0.00529218	0.045738	0.238351	0.0610461	0.0206935	0.181669
118	0.127491	0.0396191	0.00632992	0.00218166	0.0113039	0.0100317	0.00612736	0.217558	0.00276509	0.120744	0.0650472	0.00177622	0.00465815	0.00502	0.00192096	0.0387448	0.0645826	0.264777	0.000695646	0.00862666
119	0.0736728	0.00367966	0.00300721	0.00406517	0.00146932	0.788316	0.00122495	0.00174706	0.00168679	0.00259639	0.00144642	0.00306505	0.00122473	0.00189783	0.00218049	0.100309	0.00415795	0.00281558	0.000366732	0.00107022
120	0.0577525	0.132103	0.0158117	0.00763385	0.00865157	0.011879	0.00469959	0.00730461	0.00613751	0.0370505	0.00833269	0.0223285	0.00369543	0.00865585	0.007313	0.561125	0.0793355	0.0136046	0.00141703	0.00516824
121	0.649974	0.0504188	0.0140238	0.00577317	0.0020179	0.064631	0.00413635	0.0027798	0.00248396	0.00696736	0.0048285	0.00706908	0.00133668	0.00339836	0.0050523	0.137005	0.0265532	0.0078794	0.000618427	0.00305334
122	0.130801	0.00592227	0.00371099	0.00744919	0.00206	0.718412	0.00229521	0.00201553	0.00290487	0.00325191	0.00171141	0.00601679	0.00246548	0.00256857	0.00356701	0.0928917	0.00523017	0.00494694	0.000373934	0.00140465
123	0.0911066	0.0389924	0.0333001	0.00939418	0.00787303	0.226955	0.0037132	0.00735627	0.00713059	0.0142783	0.00584295	0.0210657	0.00655374	0.00843322	0.0102722	0.377327	0.110538	0.012238	0.00195264	0.00567634
124	0.0958315	0.0316625	0.00594367	0.0400579	0.0427576	0.00594924	0.0127673	0.119628	0.0351807	0.0708253	0.0641962	0.0258474	0.00107152	0.011802	0.0313132	0.0532234	0.0403456	0.304685	0.00187053	0.00504152
125	0.0258383	0.0127472	0.0339889	0.0780451	0.0127813	0.0545166	0.0222579	0.00320249	0.230602	0.0145567	0.0125042	0.053009	0.00204919	0.00274797	0.0712178	0.241391	0.111633	0.0145442	0.000833503	0.00153413
126	0.0218216	0.00569218	0.152356	0.0862082	0.00579032	0.320063	0.023646	0.00331378	0.0698527	0.00419112	0.00596946	0.155952	0.00528138	0.0463546	0.0363072	0.0178671	0.02009	0.0105732	0.000585022	0.00808562
127	0.00643481	0.0179776	0.00267006	0.00272512	0.214727	0.00242308	0.0074082	0.0400826	0.00321836	0.489674	0.0822314	0.00285994	0.000902753	0.00754094	0.00288543	0.00526336	0.00439134	0.0192116	0.0185999	0.0687725
128	0.0365386	0.00282961	0.00332814	0.0346438	0.00342646	0.00359659	0.0482187	0.03229	0.325938	0.0946148	0.0365842	0.0559214	0.00127415	0.0996783	0.0742825	0.0935702	0.0341669	0.0155528	0.00158904	0.00195581
129	0.0728875	0.00433377	0.00383624	0.00501703	0.001532	0.784845	0.00177283	0.00210644	0.00242174	0.00287342	0.00162289	0.00323525	0.00168606	0.0020137	0.00285312	0.0945577	0.00710758	0.00319642	0.000596148	0.00150497
130	0.0703791	0.00374681	0.00672751	0.00685626	0.00236599	0.780168	0.00367019	0.00257924	0.00314064	0.00324677	0.0016879	0.00950053	0.00209255	0.00352123	0.00352192	0.0841791	0.00558787	0.00464493	0.000482283	0.00190147
131	0.0295678	0.00755943	0.0489949	0.0183613	0.00872454	0.0168821	0.577785	0.0185359	0.0288628	0.015663	0.010818	0.0534044	0.00668084	0.0389127	0.0339534	0.0299671	0.0201962	0.0220672	0.00263874	0.0104249
132	0.0745125	0.0597109	0.0189633	0.0056037	0.00735956	0.0142374	0.0031408	0.00740624	0.00545699	0.0186311	0.0066287	0.0278698	0.00270487	0.00842656	0.00707825	0.50208	0.210177	0.0136143	0.00125969	0.00513908
133	0.0664509	0.00736926	0.0340337	0.0682437	0.00753328	0.558004	0.0106286	0.00556289	0.0244562	0.00929547	0.00854355	0.050936	0.00976828	0.0336665	0.0154628	0.052695	0.0145729	0.0117797	0.00151564	0.00948169
134	0.11914	0.033497	0.0216632	0.040437	0.0158724	0.13489	0.0034086	0.13156	0.00451345	0.0845653	0.0766546	0.00418901	0.00190608	0.0288082	0.00411644	0.0457523	0.0371059	0.207109	0.00118521	0.00362628
135	0.0195713	0.00184033	0.415091	0.312127	0.00209211	0.00688775	0.00658099	0.00308774	0.00242769	0.00366607	0.0203647	0.0539185	0.000949184	0.0817351	0.0131694	0.0195483	0.0306184	0.00422678	0.000640581	0.00145765
136	0.0283087	0.006767	0.0015271	0.00125747	0.0121005	0.0016308	0.00461324	0.482203	0.0031673	0.127132	0.0294981	0.00388643	0.0066158	0.00151813	0.00298936	0.00495562	0.0142806	0.257529	0.000734924	0.00928491
137	0.0485865	0.00187108	0.133673	0.0027656	0.00237019	0.0213504	0.447324	0.0383346	0.0467525	0.0029573	0.0022996	0.156492	0.00116428	0.0223751	0.0076824	0.0205218	0.00558766	0.0300663	0.000648967	0.00717668
138	0.0241674	0.0185004	0.0160677	0.0766936	0.0413756	0.00252279	0.0532195	0.0346489	0.188454	0.141756	0.0131286	0.0186754	0.00089279	0.0671311	0.114329	0.0347742	0.057365	0.0532605	0.0169135	0.0261247
139	0.00788747	0.00314557	0.039625	0.110092	0.0170554	0.432817	0.0038579	0.00454795	0.038235	0.00560472	0.016438	0.102112	0.0199668	0.116961	0.0190839	0.00673286	0.0209763	0.00534424	0.00107545	0.0284419
140	0.00698851	0.0195529	0.0127694	0.00498387	0.0979203	0.0267915	0.112682	0.0248815	0.0791101	0.159901	0.0239347	0.0047633	0.0150255	0.00417156	0.274726	0.0069398	0.00566453	0.00519615	0.00128061	0.112717
141	0.553356	0.0192942	0.00266389	0.0083569	0.000796624	0.278331	0.00159061	0.0010721	0.000902629	0.00126639	0.00161457	0.00291326	0.00238072	0.000771962	0.00534629	0.0967914	0.010614	0.0102464	0.000266077	0.00142564
142	0.0620879	0.0285901	0.0329256	0.0230627	0.0132964	0.0185676	0.0147804	0.0146534	0.0156376	0.0336285	0.011134	0.130408	0.00694865	0.0205281	0.015617	0.433859	0.089182	0.024525	0.0028397	0.00772791
143	0.774005	0.0216659	0.00488742	0.00421945	0.00066014	0.0780804	0.002599	0.000893083	0.00085326	0.0010289	0.00321911	0.000841288	0.00029463	0.000706027	0.00368959	0.0772352	0.0168621	0.00526792	0.000192755	0.0027984
144	0.0095756	0.00396216	0.0234584	0.00546513	0.00466352	0.0060735	0.0402712	0.397491	0.00610688	0.0805981	0.00502256	0.162256	0.00244964	0.00547355	0.00662363	0.0857749	0.0267926	0.12285	0.0013527	0.00373882
145	0.00797806	0.0029569	0.0166083	0.00401985	0.0035553	0.01688	0.0027123	0.142962	0.420466	0.0609952	0.00411614	0.00417149	0.00154333	0.0673929	0.0929829	0.00730279	0.00753491	0.118762	0.00122351	0.0158366
146	0.0138926	0.00321244	0.000470695	0.00200608	0.0320113	0.00460995	0.000376842	0.161309	0.000451826	0.53707	0.0643688	0.00337456	0.000203908	0.00225668	0.000469037	0.00571641	0.0252613	0.136575	0.00438545	0.00197744
147	0.0145265	0.00290236	0.000509368	0.00182681	0.0316019	0.00419792	0.00037119	0.162071	0.00047619	0.5341	0.0703053	0.00308517	0.000225605	0.00206443	0.000541759	0.00641496	0.0231096	0.135632	0.00362685	0.00241065
148	0.362316	0.00229776	0.00340108	0.00365499	0.0582028	0.204201	0.00212187	0.0444404	0.0032355	0.0241809	0.00260359	0.0468858	0.0014521	0.00288787	0.00298645	0.0683043	0.0684113	0.095475	0.000800769	0.00214075
149	0.0401095	0.00925388	0.0803805	0.194465	0.0359025	0.00638538	0.0527955	0.0364212	0.0955916	0.0463616	0.00505205	0.0362792	0.000683635	0.0530347	0.0505644	0.0872967	0.0685874	0.0710365	0.00483108	0.0249677
150	0.0467698	0.00874472	0.00120682	0.00102553	0.182486	0.00096545	0.00172836	0.269529	0.00119697	0.270441	0.0523923	0.00125497	0.000564306	0.00231828	0.00118219	0.00851786	0.00618769	0.130815	0.0025426	0.0101312
151	0.0239032	0.00598577	0.000683031	0.00142913	0.0399229	0.00273155	0.000950377	0.244408	0.000638194	0.422068	0.0647891	0.00236512	0.000859349	0.00233241	0.000683616	0.00647051	0.0156563	0.152514	0.0030561	0.00855278
152	0.170294	0.0139257	0.00847457	0.0161301	0.0491697	0.0111579	0.00935562	0.0762707	0.106978	0.0776285	0.143431	0.0115707	0.00247441	0.0335945	0.0100924	0.0452428	0.0518256	0.128438	0.00187175	0.0320748
153	0.0310214	0.00511259	0.145189	0.00482551	0.00617713	0.0125765	0.222645	0.00621247	0.012228	0.00819225	0.0351315	0.111365	0.0273413	0.0273985	0.171594	0.0731312	0.0485055	0.0414847	0.00124781	0.0086199
154	0.0482173	0.0359705	0.042009	0.0338232	0.0190015	0.0257696	0.0208781	0.0483636	0.0264276	0.143079	0.0241905	0.193692	0.00819153	0.0264359	0.0231395	0.164909	0.0582415	0.0429522	0.00379379	0.0109145
155	0.340059	0.00819424	0.00819424	0.0117027	0.0122313	0.0111377	0.00640317	0.0345479	0.0112031	0.0216396	0.0159868	0.0330607	0.00328051	0.00710638	0.0134819	0.0528129	0.0524568	0.349256	0.0022895	0.00495592
156	0.0222881	0.00626887	0.00237504	0.00189892	0.0227256	0.00196639	0.0047963	0.456461	0.00236517	0.25505	0.0320782	0.00426601	0.00372211	0.00197675	0.00270327	0.00716334	0.0105419	0.153861	0.0016957	0.00579603
157	0.0451828	0.000911724	0.00232061	0.0061459	0.0102682	0.00265573	0.00557704	0.00149683	0.00139123	0.00186585	0.00103509	0.00161553	0.840203	0.00134857	0.00131116	0.0163403	0.0443013	0.0104642	0.000348672	0.00521595
158	0.0756332	0.00741898	0.0516296	0.0311698	0.0343291	0.0684801	0.00989594	0.0422947	0.0610478	0.0469509	0.00618774	0.0179282	0.003052	0.0385537	0.137013	0.200145	0.0878969	0.0468081	0.00214894	0.0314162
159	0.038529	0.0093297	0.0837859	0.199928	0.0354236	0.00613499	0.0574803	0.0334978	0.0930784	0.0452463	0.00438213	0.0408871	0.000573892	0.0491969	0.0412201	0.096594	0.0666702	0.0686352	0.00452516	0.0248812
160	0.757424	0.0322663	0.0055941	0.00394642	0.000811989	0.0769334	0.00370461	0.0010071	0.000958638	0.00116776	0.00300971	0.000917443	0.000351395	0.000849977	0.00358824	0.0808582	0.0174911	0.00622724	0.000311678	0.00258038
161	0.0395181	0.00955032	0.079947	0.198952	0.0361714	0.00616486	0.0550549	0.0367238	0.0929348	0.0421456	0.00474789	0.0366171	0.00050047	0.0500857	0.0441492	0.091202	0.0710154	0.0747125	0.00484309	0.0249639
162	0.117592	0.039175	0.0054684	0.00263923	0.0158196	0.0120158	0.00812688	0.17845	0.0032825	0.170919	0.0826594	0.00249872	0.0049574	0.00581786	0.0019617	0.0459444	0.0710252	0.217458	0.000853069	0.0133359
163	0.0293734	0.00370481	0.0456097	0.00607945	0.0412298	0.00610587	0.105184	0.00652372	0.0235811	0.0613467	0.0218982	0.061911	0.381751	0.111105	0.0257047	0.0284483	0.0093259	0.026285	0.00131133	0.00352172
164	0.0163254	0.0151666	0.166836	0.00467477	0.0160854	0.0243433	0.191397	0.0045512	0.0211621	0.00526494	0.00565673	0.273546	0.00327375	0.0238807	0.032694	0.0814741	0.0438419	0.0247177	0.000958468	0.0441502
165	0.0312134	0.00579307	0.114258	0.0825072	0.00918934	0.352106	0.0190642	0.00569156	0.0506769	0.00822914	0.00911593	0.13262	0.00948134	0.071129	0.0290626	0.0234026	0.0207648	0.0109263	0.00122309	0.0135461
166	0.0201714	0.00330693	0.00125803	0.00166069	0.00300324	0.00114559	0.00321632	0.477397	0.00633619	0.0844436	0.0257766	0.00132849	0.0138258	0.00131689	0.00279007	0.0022603	0.0120221	0.333156	0.000409059	0.00517565
167	0.0563288	0.00220599	0.0486786	0.0397767	0.0938466	0.00412068	0.0373332	0.155807	0.0188421	0.0877429	0.0735991	0.0304934	0.00131844	0.127447	0.0276777	0.018946	0.0185468	0.0947076	0.00100387	0.061578
168	0.0166218	0.00517269	0.00074473	0.00237402	0.0327024	0.00630462	0.00075087	0.159356	0.000887282	0.519181	0.0673309	0.0041741	0.000350683	0.00300137	0.000743719	0.00755479	0.0275249	0.138696	0.00388338	0.00264545
169	0.0446775	0.00473186	0.0340102	0.0191261	0.00625339	0.00715974	0.00492932	0.11958	0.0204533	0.0176589	0.00763616	0.0130269	0.0521635	0.0113554	0.024545	0.0315073	0.228261	0.346793	0.00170596	0.0044256
170	0.0263558	0.00570071	0.0782259	0.563449	0.00167883	0.0140315	0.00331584	0.0245692	0.0221269	0.00465213	0.01126	0.00469792	0.00195576	0.129376	0.0262146	0.0112337	0.0205236	0.0400921	0.00163039	0.00891055
171	0.0943982	0.0409101	0.023095	0.00488758	0.00381971	0.00538597	0.00364223	0.0210464	0.00488896	0.0239447	0.0045248	0.0069094	0.00169237	0.00449056	0.00586067	0.212523	0.525846	0.00782604	0.00136154	0.002947
172	0.0702793	0.0206397	0.0662856	0.0277392	0.0107981	0.0228125	0.0116075	0.0102469	0.0140041	0.0191915	0.00688753	0.035612	0.00697849	0.0153703	0.01353	0.506785	0.112444	0.0189906	0.00258479	0.00721292
173	0.0328515	0.0651796	0.0686036	0.00396029	0.017535	0.00445383	0.00269825	0.0321838	0.00411001	0.0819566	0.0185487	0.157379	0.00202498	0.0414842	0.00637156	0.274961	0.135721	0.0466701	0.000942795	0.00236494
174	0.0914964	0.0187572	0.0168401	0.00762413	0.00885818	0.0396883	0.00640035	0.00468289	0.00547555	0.0127599	0.00745373	0.045626	0.00315259	0.00809098	0.00666951	0.546704	0.149618	0.0110792	0.00315609	0.00586714
175	0.0136565	0.00323453	0.000452012	0.00194055	0.0323091	0.0046658	0.000379012	0.160291	0.000430599	0.540274	0.0642642	0.00339904	0.000196701	0.00221529	0.000446712	0.0053382	0.0248564	0.135684	0.00398951	0.00197702
176	0.341851	0.0145984	0.001838	0.0100646	0.00126949	0.448402	0.00109767	0.00166612	0.00139601	0.00186942	0.00107877	0.00585146	0.00493374	0.00126234	0.00376294	0.139905	0.00814133	0.00971619	0.000383843	0.000911506
177	0.0582243	0.00390993	0.0143483	0.0482299	0.00457229	0.00377076	0.00276675	0.220978	0.0555533	0.0501197	0.00651494	0.0125137	0.0234583	0.0209734	0.0515739	0.0463717	0.163329	0.208958	0.0010443	0.00279069
178	0.131509	0.00501378	0.0420058	0.0540998	0.0679613	0.0458015	0.0100181	0.0151972	0.076039	0.196771	0.0595696	0.0678394	0.00217667	0.0127047	0.00955411	0.102583	0.0851278	0.0115998	0.00133719	0.0030916
179	0.128214	0.0366677	0.00606184	0.00303403	0.0127265	0.0131057	0.0090432	0.191602	0.00359757	0.130016	0.0647785	0.00223303	0.00872397	0.0134983	0.00243343	0.0448031	0.0743791	0.244154	0.00110189	0.0098263
180	0.0491053	0.0136742	0.132532	0.0798763	0.0143645	0.0280445	0.0427359	0.0213587	0.086299	0.0206264	0.017685	0.0524014	0.0105095	0.0418043	0.182938	0.0598913	0.092219	0.035025	0.00403307	0.0148765
181	0.151412	0.0127882	0.0134188	0.00690503	0.0245075	0.045711	0.00255985	0.0112446	0.00632472	0.0295331	0.0111402	0.0223512	0.00166334	0.00828519	0.00508843	0.512238	0.108161	0.0202748	0.000962166	0.00543136
182	0.299892	0.0328186	0.0367219	0.0374635	0.00882667	0.0112267	0.00537386	0.00914032	0.00979909	0.0924145	0.0338084	0.0607524	0.00267611	0.0564404	0.00792022	0.235153	0.042516	0.0105344	0.00200008	0.00452164
183	0.0383545	0.0182265	0.0113839	0.0129477	0.0270803	0.0106271	0.0134559	0.147657	0.0299281	0.0723142	0.0399492	0.0479733	0.00118884	0.0126466	0.0419993	0.106551	0.0501751	0.312778	0.00145782	0.00330538
184	0.0879776	0.00185355	0.196753	0.0502911	0.0214145	0.128083	0.0305909	0.0033891	0.00289662	0.0218915	0.0024241	0.0504954	0.0688992	0.0494861	0.0577167	0.167449	0.0139873	0.013386	0.000771632	0.0302438
185	0.152014	0.0101534	0.0645307	0.0702259	0.0943609	0.0160892	0.0130308	0.024144	0.0197189	0.027927	0.0186731	0.0186274	0.00516713	0.0185488	0.0169086	0.0893054	0.0333223	0.119352	0.00449671	0.183404
186	0.0377222	0.0337144	0.0420765	0.0222484	0.0318652	0.0992438	0.00601679	0.00774727	0.0478756	0.0121221	0.006402	0.0387912	0.28996	0.0105024	0.039775	0.20957	0.0454998	0.0116953	0.0022856	0.00488667
187	0.337062	0.0149351	0.00171134	0.0106918	0.00112623	0.451442	0.00102756	0.00147044	0.00136355	0.00173793	0.00105128	0.00608263	0.00531504	0.0012814	0.00382284	0.141582	0.00719332	0.00993357	0.000368927	0.000800695
188	0.017855	0.00803816	0.0160788	0.0284626	0.2053	0.0215869	0.016566	0.0654692	0.0336677	0.0512162	0.0559278	0.0284178	0.00507799	0.0136377	0.0685026	0.0183451	0.0213827	0.0413199	0.222502	0.0606453
189	0.0808249	0.00180094	0.0167864	0.241693	0.00246434	0.00354049	0.00244386	0.00356313	0.141804	0.0149697	0.00283448	0.0440245	0.0908865	0.164759	0.0467858	0.0262346	0.107478	0.00445157	0.000686456	0.00196777
190	0.0283482	0.0060586	0.273567	0.10537	0.00119033	0.0435831	0.0533455	0.0015606	0.0985941	0.00197052	0.00266108	0.196006	0.00101403	0.0411496	0.0527522	0.0387202	0.0282737	0.0245058	0.000387155	0.000942439
191	0.0939564	0.0176618	0.0141339	0.00332855	0.00811976	0.0154568	0.00137586	0.00203908	0.0014238	0.0118686	0.00305303	0.0209228	0.000718804	0.00765542	0.00215554	0.646309	0.135069	0.00943212	0.000733455	0.00458597
