341	20
1	0.134975	0.0083803	0.147165	0.0448232	0.00150993	0.217874	0.00718966	0.00133075	0.0187551	0.0017711	0.00550151	0.0904459	0.0215503	0.0355849	0.00862192	0.193414	0.0493141	0.00153794	0.000328136	0.0099268
2	0.037313	0.0141648	0.338766	0.222554	0.0118031	0.0549486	0.0031964	0.00156309	0.0111149	0.00464974	0.00126953	0.0560173	0.0562613	0.0207942	0.00488522	0.109206	0.0225248	0.00974502	0.000449544	0.0187734
3	0.13445	0.0099246	0.156155	0.0438518	0.00181383	0.21554	0.00589536	0.00138003	0.0148067	0.00188982	0.00562547	0.0845629	0.017401	0.035165	0.00629042	0.207302	0.0453027	0.00161954	0.000348687	0.0106753
4	0.0442987	0.00597198	0.447258	0.141228	0.00471559	0.0563179	0.00852013	0.00237733	0.0116446	0.00542993	0.00131139	0.0709371	0.0141915	0.0100068	0.0133002	0.124202	0.0247796	0.00657603	0.000312188	0.0066204
5	0.0367649	0.013874	0.33922	0.224544	0.0116631	0.0549431	0.00330033	0.00156666	0.0113066	0.00425025	0.0012709	0.0568823	0.0549461	0.021352	0.00512755	0.107814	0.0227817	0.00939864	0.000440045	0.0185532
6	0.131864	0.0116105	0.013459	0.0370689	0.00883725	0.0604214	0.0181185	0.00876002	0.210136	0.0258397	0.00902548	0.0216735	0.00197219	0.132937	0.131266	0.0706369	0.0866247	0.0143051	0.00105357	0.00439041
7	0.119819	0.0109896	0.13104	0.0686106	0.0071811	0.0748677	0.0200768	0.00803534	0.0282763	0.0108921	0.00436495	0.060073	0.229373	0.0215956	0.014904	0.118649	0.0428137	0.0152904	0.00218593	0.0109623
8	0.130494	0.0084891	0.0519953	0.147185	0.0118691	0.0129172	0.00491059	0.0409171	0.0575	0.034082	0.0399136	0.0053205	0.00125558	0.0949615	0.0170296	0.0773931	0.0519275	0.208952	0.000585209	0.00230195
9	0.143176	0.0244897	0.00471666	0.0405398	0.0819472	0.00882051	0.0445894	0.0263833	0.0280432	0.162809	0.0284069	0.00925077	0.00321391	0.21518	0.0111475	0.0308561	0.0123415	0.09732	0.000974749	0.0257937
10	0.0749986	0.0133348	0.0266135	0.028876	0.0119066	0.248496	0.0264356	0.0110141	0.119928	0.0159829	0.0140307	0.0424577	0.01675	0.0455486	0.101406	0.0889699	0.0828593	0.0188356	0.00198897	0.00956633
11	0.0953563	0.00914944	0.0195157	0.0237402	0.00499551	0.0311648	0.0222483	0.0192823	0.072342	0.0150147	0.0055705	0.0403026	0.429393	0.0189064	0.0288959	0.0699419	0.0596321	0.0269708	0.00197425	0.00560342
12	0.156267	0.0097882	0.0570426	0.136996	0.00900494	0.010116	0.00608624	0.0405682	0.0607883	0.0374153	0.0328179	0.00568151	0.00114897	0.0892476	0.0223591	0.0855089	0.0525639	0.183619	0.000496789	0.00248287
13	0.114678	0.00464722	0.0196921	0.0267586	0.0266536	0.0322554	0.102786	0.0371372	0.0800731	0.0898288	0.0488379	0.0462833	0.0184978	0.0876398	0.054646	0.06177	0.0625712	0.050827	0.000501822	0.0339151
14	0.0246011	0.0050962	0.00891295	0.0428173	0.0020657	0.0166799	0.0187778	0.00842796	0.377415	0.0171574	0.00807862	0.0337528	0.00119518	0.0672146	0.260661	0.0308148	0.0517046	0.0198348	0.00194954	0.00284298
15	0.0504132	0.00972044	0.0421364	0.0544629	0.012587	0.0230724	0.0695624	0.03743	0.0669774	0.03035	0.0153809	0.244805	0.0128594	0.0741522	0.0669406	0.0789477	0.0711035	0.0256603	0.00150831	0.0119299
16	0.0807671	0.00996081	0.00776975	0.0118317	0.0263828	0.0426388	0.0942748	0.0535468	0.0168214	0.0374237	0.130044	0.0131322	0.00377633	0.0175389	0.0698133	0.0982015	0.212677	0.0630905	0.00112223	0.00918545
17	0.0443678	0.00868051	0.00187853	0.0064247	0.0690757	0.00276756	0.00388941	0.20525	0.0230605	0.21866	0.0744075	0.00667772	0.0395238	0.00875058	0.00722857	0.0141491	0.0314405	0.187806	0.000621304	0.045341
18	0.132231	0.0271521	0.00916291	0.00595592	0.00495036	0.0515091	0.00820046	0.0282438	0.00593251	0.0583185	0.00355214	0.101152	0.00425633	0.0108233	0.00877442	0.135977	0.371234	0.0255383	0.00129625	0.00574035
19	0.0977064	0.00778101	0.0521476	0.0299161	0.013004	0.467972	0.0157027	0.00936354	0.0355577	0.0124364	0.0104917	0.0742734	0.0180219	0.031079	0.0221689	0.0648667	0.0207061	0.00508132	0.00283627	0.00888756
20	0.0252706	0.00406834	0.00641084	0.0272401	0.232754	0.0110631	0.137538	0.0170907	0.0205803	0.0582699	0.0141701	0.0355686	0.0030726	0.0335886	0.0172277	0.0440919	0.0147083	0.0481276	0.00541157	0.243748
21	0.154633	0.0730297	0.000748434	0.00511092	0.0101854	0.00520795	0.00853358	0.172809	0.0045322	0.0675266	0.0299373	0.00458933	0.000692729	0.0019141	0.00189216	0.0142694	0.0294418	0.41205	0.000187874	0.00270928
22	0.112995	0.00494024	0.0678848	0.145805	0.00394856	0.0330257	0.0192176	0.0062664	0.187432	0.0161456	0.0100863	0.0307121	0.00293225	0.234844	0.0297553	0.0394046	0.02972	0.0168471	0.000886922	0.00715086
23	0.0745084	0.0044894	0.0744576	0.123963	0.00317289	0.0111701	0.0611132	0.00503747	0.123826	0.016214	0.00315933	0.10445	0.11691	0.057046	0.0731838	0.091798	0.0261648	0.00981146	0.015609	0.00391545
24	0.21296	0.0288038	0.0062972	0.0983464	0.00480078	0.00716161	0.00757124	0.0526108	0.0084141	0.00905428	0.00574671	0.0141116	0.00311507	0.0404455	0.00846991	0.0846469	0.319871	0.0387919	0.00128584	0.0474953
25	0.177151	0.00336597	0.0362981	0.00686259	0.0374879	0.0271741	0.200467	0.00338791	0.00473288	0.00572865	0.00289476	0.0615162	0.0150342	0.00787934	0.0162994	0.235801	0.0652862	0.00429714	0.00424317	0.0840923
26	0.0290791	0.007184	0.00111152	0.00449452	0.04444	0.00224483	0.00219335	0.249598	0.00689358	0.234598	0.103661	0.00459477	0.014884	0.00556138	0.00738055	0.0118422	0.0211091	0.229045	0.000187394	0.0198971
27	0.0321414	0.00975574	0.0983332	0.0239006	0.0126691	0.0176433	0.0343877	0.00798651	0.00300431	0.0080114	0.00127384	0.484337	0.0124149	0.017683	0.00806067	0.160503	0.0643728	0.00184506	0.00042652	0.00124977
28	0.0692268	0.0049643	0.269166	0.162636	0.00427179	0.0187482	0.0303838	0.00345291	0.0698712	0.0260737	0.00197777	0.0934727	0.0687454	0.0218143	0.0271156	0.0821084	0.0193086	0.0158747	0.00475053	0.00603806
29	0.0304618	0.0083891	0.00538658	0.0206088	0.268055	0.0079634	0.100604	0.0272703	0.0145399	0.0688873	0.0184349	0.0334366	0.00211795	0.0229414	0.0174179	0.0338948	0.0113479	0.0485608	0.0155567	0.244126
30	0.120775	0.00542141	0.0245589	0.0343781	0.0258746	0.0298618	0.0921168	0.055883	0.0477952	0.0790825	0.0703026	0.038989	0.00818505	0.0640976	0.0346768	0.0774966	0.0885173	0.072741	0.000589195	0.0286573
31	0.014994	0.0245126	0.00203779	0.00494089	0.423246	0.00497144	0.0137428	0.0993127	0.00621177	0.133402	0.0319714	0.00958085	0.00223705	0.0101411	0.00555781	0.0132728	0.00820384	0.0652563	0.040798	0.0856094
32	0.0433727	0.00227008	0.554351	0.123511	0.00173525	0.0273225	0.0147793	0.00350131	0.0177555	0.00991564	0.000740049	0.0989378	0.00362439	0.00439174	0.015134	0.0472094	0.0223223	0.00763604	0.000200542	0.00128964
33	0.117316	0.0148512	0.0513217	0.107317	0.00490293	0.00837213	0.0156872	0.00866033	0.0254053	0.0184151	0.0314882	0.0631593	0.00322612	0.140335	0.0755931	0.0909426	0.149261	0.0423929	0.00155908	0.029795
34	0.158612	0.0183422	0.0436934	0.189988	0.0085306	0.0194183	0.0199485	0.0163094	0.0863657	0.0245484	0.0152704	0.0255795	0.00654482	0.189237	0.0286385	0.0458577	0.0440619	0.0477307	0.0021228	0.0091997
35	0.0210221	0.00299757	0.00654051	0.0139843	0.170927	0.0166305	0.124516	0.0338852	0.0152287	0.0534314	0.015163	0.0339974	0.00157945	0.0372207	0.04329	0.0265581	0.0163245	0.0327627	0.00344809	0.330492
36	0.0972893	0.00647038	0.0087023	0.0151166	0.0113822	0.0148748	0.159467	0.022738	0.116207	0.0642273	0.0191849	0.0566615	0.0231759	0.0975145	0.0842329	0.0731089	0.0637993	0.0191549	0.0010627	0.0456301
37	0.141904	0.0100955	0.074239	0.0290869	0.00942764	0.0661924	0.0202099	0.00930344	0.0455533	0.0158811	0.011909	0.0834387	0.00992653	0.0607237	0.0260445	0.163285	0.169709	0.0141818	0.00165845	0.03723
38	0.0266629	0.0116511	0.00433614	0.0128104	0.279446	0.00654532	0.0718951	0.0233847	0.0124802	0.0467008	0.0124497	0.0338675	0.00158741	0.0192815	0.0164439	0.0245332	0.014805	0.0368564	0.0281833	0.316079
39	0.128771	0.00288297	0.0291615	0.0158486	0.022359	0.629149	0.00691224	0.0152751	0.00384981	0.0204271	0.0159661	0.0268182	0.0280164	0.0102138	0.0126719	0.00700105	0.00571121	0.00268379	0.000628836	0.0156526
40	0.139801	0.00394202	0.0467111	0.0317817	0.0134516	0.036666	0.0477106	0.0435051	0.0861638	0.129376	0.0413988	0.0519544	0.00635971	0.0479534	0.0645948	0.0449057	0.0637747	0.0709982	0.000658694	0.0282926
41	0.0443032	0.00530031	0.0319784	0.00486044	0.0067782	0.0144979	0.00761694	0.0350667	0.0104152	0.0486404	0.00333691	0.134992	0.00886926	0.0200888	0.0210725	0.210134	0.374126	0.00719053	0.000763214	0.00996951
42	0.156052	0.0758559	0.000873134	0.00551243	0.00885863	0.00512638	0.0106863	0.162878	0.00696625	0.0659885	0.0306749	0.00599856	0.0038839	0.00285576	0.00316784	0.017024	0.0353208	0.399079	0.000204554	0.00299298
43	0.0753334	0.0145069	0.0284929	0.0316525	0.181771	0.0379589	0.094314	0.0322082	0.039455	0.074017	0.0248676	0.0257534	0.0170631	0.0531525	0.02021	0.0575256	0.0392552	0.0704825	0.00224929	0.0797312
44	0.0292071	0.00352158	0.0164614	0.0211159	0.172023	0.00891347	0.0662589	0.0278272	0.0240581	0.0495234	0.0116212	0.0344558	0.0020964	0.0289893	0.0581679	0.0423354	0.0242278	0.0230236	0.00311114	0.353061
45	0.0934177	0.00595431	0.032644	0.0326021	0.0134584	0.0204778	0.0504391	0.0278989	0.125541	0.118974	0.0521274	0.0412105	0.00651193	0.0910386	0.0519096	0.0561331	0.0939265	0.0560657	0.00069699	0.028973
46	0.0941965	0.00853747	0.099603	0.0768042	0.00803501	0.258306	0.017847	0.00571818	0.0391018	0.00862916	0.00649038	0.0718455	0.0166479	0.0481631	0.0215798	0.165869	0.0349266	0.00724531	0.00103035	0.00942398
47	0.147781	0.00709723	0.00261476	0.01097	0.00640258	0.00711171	0.00342456	0.156248	0.0318035	0.0616419	0.0206843	0.0147043	0.300076	0.00878353	0.00336659	0.0116301	0.0207405	0.180016	0.000657418	0.00424531
48	0.0326898	0.00426783	0.00392778	0.00567561	0.032329	0.0324631	0.00605475	0.00465719	0.00771487	0.00870678	0.0053996	0.00843154	0.00298232	0.00816177	0.00683786	0.0162611	0.0122126	0.00686824	0.78996	0.00439856
49	0.503655	0.0265047	0.00841627	0.0164345	0.00477327	0.184734	0.0037218	0.00341065	0.00532315	0.00618597	0.00273155	0.0107248	0.0279741	0.00582763	0.0284774	0.126154	0.0284755	0.00336665	0.000712173	0.00239589
50	0.0615095	0.026064	0.0151701	0.0693889	0.00451324	0.189966	0.03109	0.00538983	0.120761	0.00712156	0.00418656	0.0578996	0.228782	0.010912	0.0765438	0.0437081	0.0325936	0.00734378	0.00195945	0.00509677
51	0.00809181	0.0037443	0.00136408	0.00268812	0.338589	0.00219379	0.0256344	0.0210274	0.00316471	0.0213627	0.0036375	0.010783	0.000676827	0.00418292	0.00422945	0.00938374	0.0151442	0.00944691	0.0728373	0.441818
52	0.107088	0.00651957	0.0104218	0.0201999	0.012818	0.0489971	0.0171079	0.0182223	0.0855748	0.211416	0.136676	0.0187794	0.00405935	0.161184	0.0204629	0.0363858	0.024314	0.0217861	0.00138679	0.0366018
53	0.075165	0.00622285	0.182343	0.0751418	0.00767361	0.22522	0.0169249	0.0054852	0.033798	0.00846192	0.00495048	0.148832	0.0134083	0.0368214	0.0188147	0.0958247	0.0324286	0.00481033	0.000523116	0.00715063
54	0.0508446	0.00668003	0.074132	0.0721345	0.00550708	0.036255	0.0290125	0.0132963	0.237732	0.0473391	0.0145365	0.0464089	0.0140468	0.0691266	0.150297	0.0468588	0.0498211	0.0263302	0.00261668	0.00702435
55	0.0423015	0.00336372	0.00943566	0.00286417	0.00957906	0.0105223	0.007739	0.0118855	0.012474	0.0169602	0.00272106	0.103391	0.00570635	0.0248291	0.0125143	0.325744	0.383654	0.00643653	0.000539271	0.0073392
56	0.00565859	0.00192262	0.000897938	0.00139187	0.345527	0.00133066	0.0180011	0.0154133	0.00176617	0.010149	0.00118142	0.00854989	0.000512229	0.00167539	0.00138584	0.00724765	0.0161329	0.00358036	0.083343	0.474333
57	0.0151432	0.0030671	0.000943362	0.00347704	0.0355191	0.00168051	0.00272549	0.198863	0.00331398	0.355371	0.134687	0.00394694	0.0069047	0.00748429	0.0110691	0.0101475	0.0140421	0.1745	0.000281165	0.0168325
58	0.184403	0.0650801	0.0563387	0.127088	0.00550968	0.00901624	0.0883025	0.0180685	0.0178764	0.0196673	0.0130755	0.0144611	0.00276711	0.0834802	0.0200536	0.0611374	0.0766253	0.129452	0.00140051	0.00619736
59	0.152027	0.00512323	0.00234271	0.0138444	0.00320699	0.00411179	0.00334908	0.184839	0.0376329	0.0501595	0.0169389	0.0124964	0.276101	0.0100848	0.00323992	0.00807792	0.01273	0.200368	0.000732345	0.00259516
60	0.120538	0.00902783	0.0138566	0.0104997	0.00423691	0.0307012	0.0101339	0.0307067	0.0271654	0.0167876	0.00563318	0.0316908	0.539616	0.00735432	0.00840121	0.0346678	0.0494628	0.045302	0.000604449	0.00361408
61	0.100435	0.00643935	0.0070692	0.0167432	0.00812251	0.0119458	0.176671	0.0233616	0.115079	0.0467371	0.0121637	0.0537527	0.0367343	0.0940008	0.0935622	0.0846934	0.0683148	0.0127955	0.00174459	0.0296347
62	0.03721	0.0100764	0.386983	0.189539	0.0121393	0.06076	0.00613265	0.00181157	0.012168	0.00441833	0.00153238	0.0639593	0.0346454	0.0192634	0.00852572	0.102946	0.026913	0.00757138	0.000353771	0.013051
63	0.040264	0.0170504	0.00506021	0.0248806	0.0238079	0.00310568	0.0183887	0.177585	0.0151657	0.169355	0.0655746	0.0253529	0.0066089	0.0240828	0.0229038	0.0320795	0.0649183	0.242957	0.000311223	0.0205481
64	0.0422698	0.00773847	0.150919	0.0648857	0.00759768	0.234648	0.0173488	0.00599059	0.143452	0.00908901	0.00767148	0.0458053	0.0620602	0.0304896	0.0843516	0.0493008	0.0214613	0.00699375	0.00166332	0.00626345
65	0.0327539	0.00721038	0.00928625	0.064641	0.00154891	0.0127424	0.0214008	0.0108948	0.32615	0.0155298	0.00573636	0.0298153	0.000792354	0.0920592	0.249472	0.0288244	0.0690929	0.0187822	0.00154778	0.00171947
66	0.128203	0.238863	0.0127335	0.0140879	0.00455135	0.00863011	0.00880052	0.0365424	0.0104189	0.0228924	0.00624264	0.121918	0.00297289	0.0477427	0.0102738	0.148836	0.0793675	0.0664701	0.0261003	0.00435478
67	0.00565859	0.00192262	0.000897938	0.00139187	0.345527	0.00133066	0.0180011	0.0154133	0.00176617	0.010149	0.00118142	0.00854989	0.000512229	0.00167539	0.00138584	0.00724765	0.0161329	0.00358036	0.083343	0.474333
68	0.0490398	0.0124714	0.00132481	0.00590437	0.0366499	0.00272633	0.00270804	0.270087	0.01367	0.175605	0.0657309	0.00557691	0.0419688	0.00720628	0.00547719	0.0103475	0.0245112	0.25202	0.000264509	0.0167107
69	0.100984	0.00827688	0.0163545	0.0232062	0.00435841	0.0272751	0.0179964	0.0308359	0.0586628	0.0157044	0.0053838	0.0375662	0.472673	0.0152902	0.0182438	0.0430153	0.0566811	0.0413123	0.00156541	0.00461361
70	0.0440085	0.0105666	0.0193501	0.054953	0.00659185	0.021719	0.0256156	0.0156142	0.292327	0.0571016	0.0189537	0.0586895	0.00536949	0.0623313	0.133952	0.0498244	0.0806114	0.0314604	0.00224075	0.00871933
71	0.0122412	0.00251162	0.001663	0.00758305	0.004624	0.0141568	0.0098244	0.00308883	0.461228	0.0145468	0.00376877	0.0409521	0.00357895	0.012802	0.284317	0.0564794	0.0311275	0.0274243	0.00128088	0.00680135
72	0.0312791	0.217931	0.00374855	0.0736724	0.00401851	0.00603907	0.0939407	0.00471027	0.0237642	0.236932	0.0220428	0.00678914	0.00200174	0.1228	0.00688623	0.0297327	0.0155981	0.0537721	0.0405096	0.00383194
73	0.0131742	0.00952369	0.000530374	0.00129264	0.00654751	0.00155052	0.000743225	0.476868	0.0139807	0.118053	0.0166816	0.00208184	0.000590588	0.00435158	0.00353126	0.0108641	0.0170084	0.294685	0.000163391	0.00777916
74	0.0162328	0.00285997	0.00294765	0.0146079	0.0668983	0.00645468	0.551636	0.00655398	0.00906004	0.01379	0.00667965	0.0526172	0.001597	0.0708563	0.00845299	0.0135803	0.0208874	0.0101782	0.00143644	0.122673
75	0.116008	0.0656669	0.0204856	0.096849	0.00731276	0.0130363	0.015409	0.0174436	0.0662114	0.0252255	0.0363787	0.0498802	0.00395614	0.0851362	0.0713047	0.0515059	0.170242	0.074264	0.00155955	0.0121243
76	0.00565859	0.00192262	0.000897938	0.00139187	0.345527	0.00133066	0.0180011	0.0154133	0.00176617	0.010149	0.00118142	0.00854989	0.000512229	0.00167539	0.00138584	0.00724765	0.0161329	0.00358036	0.083343	0.474333
77	0.0242825	0.00462772	0.0239414	0.0193112	0.00417418	0.190461	0.0258687	0.00690465	0.320263	0.0187572	0.0204769	0.0323087	0.00442385	0.0854978	0.156864	0.0250117	0.0200825	0.0109311	0.00160225	0.00420884
78	0.214162	0.00835736	0.0196793	0.0129994	0.0161319	0.567703	0.00443092	0.00925065	0.00337726	0.0130153	0.0101233	0.024578	0.0351624	0.00641718	0.0120776	0.0194577	0.00993028	0.00257983	0.000660772	0.00990577
79	0.0295171	0.0143168	0.000654599	0.00219295	0.00945829	0.00252512	0.00131402	0.398474	0.0112787	0.125908	0.0222392	0.00241784	0.00384185	0.00347044	0.00312768	0.00923133	0.0171723	0.33536	0.000157125	0.00734274
80	0.369289	0.00756632	0.0064032	0.00864723	0.00656681	0.0127482	0.0341069	0.00623128	0.0158158	0.0077783	0.0268439	0.0811782	0.00273694	0.119039	0.0100837	0.165349	0.0784263	0.0335295	0.00138234	0.00627892
81	0.205968	0.0439539	0.0129346	0.0145655	0.0223222	0.0510437	0.0191622	0.0101305	0.118113	0.0103085	0.00837011	0.0287973	0.00229525	0.0772048	0.0989954	0.128132	0.112864	0.0277858	0.00127353	0.00577918
82	0.0158078	0.0107367	0.000554734	0.00163929	0.00733331	0.00181241	0.000879912	0.464132	0.0134197	0.118861	0.0172414	0.00214317	0.000784126	0.00430745	0.00357897	0.0107976	0.017846	0.30014	0.000155492	0.00782882
83	0.0313032	0.00675441	0.00862453	0.06262	0.00189243	0.0134015	0.0201415	0.0127037	0.319982	0.0153532	0.00551223	0.0285263	0.000750125	0.0923948	0.265886	0.0307854	0.0619448	0.0171433	0.00150119	0.00277959
84	0.00928937	0.0269819	0.00101383	0.00186719	0.479612	0.00130427	0.00651276	0.101026	0.00420447	0.125274	0.0257936	0.00634208	0.000523353	0.00580643	0.00267865	0.00786297	0.00371694	0.0595588	0.0502293	0.0804024
85	0.0173477	0.021683	0.00231664	0.00427809	0.36011	0.0026908	0.00912986	0.144767	0.0076324	0.151657	0.0416037	0.0086553	0.00333212	0.00940759	0.00722641	0.0193266	0.0116581	0.096363	0.0313641	0.0494497
86	0.12423	0.00881622	0.0118304	0.0108124	0.00339579	0.0241462	0.0104059	0.0329533	0.0271007	0.0163858	0.00506619	0.0306916	0.545738	0.00819708	0.0082391	0.0315601	0.0479247	0.0485017	0.000788123	0.00321703
87	0.0172986	0.00388541	0.00733498	0.0243026	0.00214209	0.0388316	0.0295546	0.00927662	0.428779	0.0270311	0.00773741	0.0398188	0.000871278	0.0668016	0.200381	0.0311755	0.0385835	0.022772	0.00160042	0.00182165
88	0.0535302	0.0035067	0.0274521	0.00948172	0.0670657	0.0197069	0.0836821	0.0039847	0.00807738	0.0106455	0.00537783	0.0315085	0.00320847	0.039756	0.00610881	0.226251	0.238793	0.00720763	0.00496461	0.149692
89	0.152894	0.00526189	0.0275897	0.014489	0.0158779	0.57388	0.0059335	0.00974981	0.00737729	0.0133151	0.0104352	0.0242859	0.0239712	0.00939875	0.0141367	0.0658794	0.0105442	0.00371593	0.000672817	0.0105923
90	0.0374415	0.00686313	0.0131264	0.023059	0.0304526	0.0162149	0.499509	0.0082044	0.0240732	0.0140356	0.00809793	0.0984996	0.00747965	0.061562	0.0178407	0.0357322	0.0255954	0.00977679	0.00139301	0.0610428
91	0.0179296	0.00484048	0.00237354	0.00750532	0.0828932	0.00298051	0.0135894	0.133242	0.0103651	0.361841	0.102698	0.00855469	0.00484097	0.0207052	0.017757	0.0140721	0.0126092	0.102764	0.0039922	0.0744454
92	0.0124826	0.00218865	0.000949369	0.00361099	0.0335239	0.00159051	0.00322914	0.177112	0.00264372	0.413244	0.131357	0.00330596	0.00506247	0.0103072	0.0136223	0.00884024	0.00881728	0.14976	0.000306644	0.018046
93	0.0264656	0.00748182	0.00307343	0.00717173	0.0271793	0.0111704	0.00843853	0.097176	0.0108937	0.409503	0.179913	0.0122143	0.00382867	0.024452	0.0140015	0.0373947	0.0136378	0.0854594	0.00135922	0.0191862
94	0.041025	0.0056386	0.00894227	0.00641141	0.00720074	0.0212594	0.0111915	0.00725472	0.0235388	0.00938812	0.00489942	0.0434683	0.0051134	0.0170117	0.0148677	0.365898	0.383743	0.0140699	0.00122387	0.00785403
95	0.539459	0.076236	0.00361653	0.00915796	0.00620348	0.153621	0.00289464	0.00546708	0.00302124	0.0056565	0.00213505	0.00586236	0.018742	0.00473962	0.012344	0.114883	0.0268098	0.0064056	0.000592818	0.00215168
96	0.107919	0.00179102	0.0022361	0.00381935	0.00198932	0.409471	0.00281569	0.00193961	0.00282845	0.00269952	0.00178023	0.00357181	0.00155285	0.00345769	0.014533	0.420061	0.0125855	0.00249341	0.000645988	0.00180909
97	0.0435976	0.00506367	0.00459328	0.006933	0.00570071	0.0268176	0.00920514	0.00802158	0.0152551	0.380003	0.305914	0.0292413	0.00295517	0.021463	0.00655102	0.0974205	0.0131183	0.0082849	0.000895802	0.00896563
98	0.0440806	0.00431345	0.525763	0.114149	0.0036703	0.0338586	0.0152223	0.00529757	0.0187305	0.00965332	0.00196198	0.0913436	0.00576426	0.0103242	0.0146617	0.0584997	0.027604	0.00989838	0.000967878	0.00423565
99	0.0988478	0.113031	0.00502628	0.0068129	0.00484166	0.0931279	0.0851834	0.00499161	0.00776268	0.00797819	0.00554828	0.155537	0.00267573	0.00947132	0.00966854	0.229242	0.146055	0.00767667	0.00163208	0.00488906
100	0.0209264	0.00609352	0.00501445	0.0267739	0.00267821	0.0203701	0.0224132	0.00659854	0.410493	0.019805	0.0058391	0.0392801	0.00124902	0.0708685	0.210049	0.0425505	0.0588477	0.0259758	0.00156338	0.00261035
101	0.0297175	0.0150301	0.000539522	0.00238771	0.00902124	0.00254099	0.00119922	0.431635	0.0114038	0.11306	0.0184306	0.00218227	0.000867386	0.00326261	0.00264435	0.00954865	0.0156801	0.323326	0.000142985	0.00738065
102	0.0248578	0.00474944	0.0093635	0.0287732	0.00246425	0.0387103	0.0254346	0.00822083	0.397661	0.0221135	0.00831438	0.0367566	0.00133768	0.0771153	0.210633	0.0347289	0.0434171	0.0207284	0.0016952	0.00292502
103	0.0109346	0.00717108	0.000632497	0.0014091	0.0116117	0.00128699	0.00102284	0.414778	0.0110805	0.197772	0.0476756	0.00238755	0.00154254	0.00517396	0.00548804	0.01057	0.0148559	0.245069	0.000206668	0.00933224
104	0.0290568	0.00508193	0.00388124	0.00491416	0.0341016	0.0221672	0.00611568	0.00439261	0.00657769	0.00758035	0.00429206	0.00788938	0.0019594	0.00765404	0.00591568	0.0132024	0.0111053	0.00723906	0.811795	0.00507858
105	0.0367589	0.00618427	0.457176	0.164126	0.0055096	0.0438562	0.00946754	0.00234125	0.0140519	0.00596562	0.000994837	0.0729006	0.0187486	0.0123605	0.0119222	0.0995322	0.0228583	0.00749012	0.000330288	0.00742479
106	0.151597	0.067095	0.00111526	0.00587699	0.0113212	0.00601153	0.00810949	0.174962	0.00545759	0.0737364	0.0298475	0.00503748	0.00523545	0.00248871	0.00215547	0.0142416	0.0286784	0.403443	0.000234255	0.0033553
107	0.0210484	0.00205085	0.00510692	0.0136013	0.177251	0.00911179	0.117994	0.0255343	0.0143403	0.0620187	0.0167414	0.0377239	0.00120659	0.0270783	0.0291136	0.0255462	0.0142727	0.0288988	0.00622216	0.365138
108	0.0343205	0.00264951	0.033361	0.0641488	0.00520097	0.281577	0.0391383	0.00218645	0.143105	0.00393408	0.00269804	0.147919	0.00754346	0.0813825	0.0526283	0.0777114	0.0150474	0.00303314	0.000578202	0.00183691
109	0.0119765	0.00156071	0.217692	0.269798	0.00221741	0.0484228	0.0264102	0.0015616	0.0478573	0.00229534	0.00126043	0.134825	0.00095139	0.0921311	0.0202652	0.0718747	0.0396682	0.00184807	0.000391888	0.00699216
110	0.0159603	0.00331921	0.0231225	0.0175398	0.00378059	0.183269	0.0230283	0.00565911	0.310184	0.0132253	0.0115245	0.0293701	0.00341639	0.0753157	0.223043	0.0245059	0.016951	0.00979145	0.00136419	0.00562973
111	0.0299785	0.006814	0.00740182	0.0408422	0.00266978	0.0269502	0.0247409	0.00852211	0.353651	0.018337	0.00505202	0.0361692	0.000786133	0.0964474	0.208828	0.044698	0.0645333	0.0209498	0.00122267	0.00140584
112	0.0298782	0.169625	0.00604473	0.0320852	0.0090516	0.0110927	0.0383308	0.0193722	0.015962	0.335193	0.0229561	0.00950444	0.00348155	0.0883672	0.0136033	0.0250075	0.0520608	0.0901564	0.0146972	0.0135297
113	0.0201782	0.0113384	0.00184585	0.0081395	0.0205203	0.00159203	0.00503948	0.333416	0.0133133	0.143476	0.0550599	0.0112177	0.00529629	0.0160517	0.013884	0.0187721	0.0333229	0.275054	0.000228186	0.0122541
114	0.0555193	0.0864948	0.0142291	0.0367725	0.0125681	0.0244038	0.0322657	0.0154393	0.0850706	0.120233	0.0230691	0.0260444	0.00398171	0.172935	0.13496	0.0410781	0.0566116	0.0399121	0.00654374	0.011868
115	0.0549214	0.0227625	0.00726955	0.0169128	0.00875543	0.0151205	0.0137044	0.0299946	0.0226675	0.0242484	0.0132954	0.0362365	0.00476146	0.0233757	0.0205049	0.237965	0.349933	0.0855293	0.00192652	0.0101151
116	0.00569149	0.00213408	0.000969276	0.00144302	0.346462	0.00135517	0.0181004	0.0157671	0.00185605	0.0111084	0.00136844	0.00860855	0.00051023	0.00174692	0.00138115	0.00736272	0.01598	0.00404448	0.0830602	0.47105
117	0.0796887	0.00531642	0.0144026	0.0302842	0.0259212	0.0176915	0.0346338	0.0760828	0.0890207	0.110191	0.138599	0.0492146	0.00567221	0.0736544	0.0225703	0.0717486	0.0606601	0.0494363	0.000835201	0.0443764
118	0.168162	0.0121033	0.0295315	0.0162127	0.0142985	0.514712	0.00691775	0.00988306	0.0119402	0.0126759	0.0101186	0.0279078	0.0255796	0.0157875	0.0154164	0.0765994	0.0159439	0.00534649	0.000819666	0.010044
119	0.0331139	0.00792874	0.0143299	0.0233808	0.0381486	0.0142733	0.51555	0.0106699	0.0262762	0.0170162	0.00919152	0.0561737	0.00458713	0.0659867	0.0194924	0.0304548	0.0288827	0.0163708	0.00246779	0.0657048
120	0.130967	0.0140782	0.0468558	0.0106281	0.0258192	0.0981243	0.0138252	0.0239225	0.153165	0.0114005	0.00610871	0.0147845	0.0024846	0.0751803	0.0795021	0.159579	0.115639	0.0111212	0.00116961	0.00564543
121	0.161707	0.0047434	0.0184237	0.0512012	0.00406821	0.0759242	0.0101691	0.00401926	0.186234	0.0462637	0.0312533	0.00822996	0.00179621	0.26915	0.0564038	0.0242786	0.0258448	0.00701705	0.00142264	0.01185
122	0.289423	0.0178978	0.00682574	0.00948815	0.00379002	0.0679336	0.0084481	0.01212	0.0182302	0.0148101	0.00339476	0.0285405	0.36337	0.00723853	0.0109292	0.0474996	0.0634489	0.0227451	0.00058769	0.00327918
123	0.0195156	0.0115344	0.000556375	0.00192419	0.00781437	0.00194666	0.00101496	0.446398	0.0126459	0.121163	0.0179731	0.00220111	0.00129788	0.00405288	0.00318533	0.0100674	0.0162161	0.312726	0.000151683	0.00761485
124	0.0185328	0.00371572	0.00378808	0.0200216	0.00374265	0.0192521	0.0225929	0.00549718	0.426063	0.0172977	0.00491744	0.0380039	0.00228201	0.04315	0.24552	0.0497881	0.0449727	0.0250405	0.0013088	0.00451241
125	0.0383453	0.00231999	0.573667	0.118332	0.00177015	0.0303947	0.0135941	0.00316284	0.0166697	0.00806671	0.000715299	0.0911212	0.00235644	0.00315024	0.0138771	0.0507688	0.0227295	0.00758662	0.000182425	0.00118987
126	0.0148188	0.0102231	0.000534493	0.00128738	0.00621741	0.00171327	0.000858503	0.467664	0.0139489	0.118968	0.0161433	0.00210521	0.000557515	0.0041458	0.00330742	0.0106191	0.0172565	0.3018	0.000168568	0.00766215
127	0.138011	0.252235	0.0172305	0.0177147	0.00320153	0.00596816	0.00478866	0.0153485	0.00620706	0.0195177	0.00374794	0.108731	0.00200107	0.0654777	0.0111298	0.201871	0.0664638	0.0347907	0.0224653	0.00309838
128	0.00604378	0.00357761	0.000918974	0.00143738	0.354086	0.00140901	0.0173599	0.0191303	0.00186492	0.0150458	0.00242754	0.00854195	0.000542249	0.0019018	0.00143988	0.00733016	0.0153613	0.00623216	0.0861516	0.449197
129	0.0330442	0.0107657	0.0988981	0.0224526	0.0126458	0.0167627	0.0340744	0.00785228	0.00335366	0.00782539	0.00139614	0.477634	0.0116336	0.0167769	0.00794001	0.16638	0.0667129	0.00205085	0.000464485	0.00133564
130	0.0345687	0.00854332	0.081974	0.0199425	0.01464	0.0249185	0.0321643	0.0131353	0.0042561	0.0105202	0.00175591	0.439581	0.0140466	0.0209656	0.0126222	0.163679	0.0968	0.00257503	0.000475681	0.00283572
131	0.0396085	0.00215561	0.573183	0.112549	0.00170313	0.0288196	0.0138929	0.00318813	0.0180164	0.00844414	0.000714067	0.0889101	0.0022704	0.00252775	0.0157413	0.053203	0.0253908	0.00849281	0.000192625	0.000997263
132	0.127078	0.00883976	0.0314678	0.0199922	0.0147724	0.510789	0.0105408	0.0109005	0.0273694	0.0169681	0.0128336	0.032713	0.0291206	0.0197114	0.0214746	0.0685809	0.018682	0.00672556	0.000924122	0.0105169
133	0.0600254	0.00373567	0.0584389	0.0348017	0.00368206	0.0060229	0.00524532	0.00542831	0.140731	0.0230212	0.00547474	0.0533405	0.00274231	0.00893863	0.0992279	0.23685	0.240443	0.0055985	0.000959202	0.00529233
134	0.0294191	0.00679536	0.0078861	0.0539798	0.00147103	0.0168919	0.0233257	0.00992081	0.340807	0.0174951	0.00539199	0.031976	0.000584914	0.0982875	0.237404	0.0331704	0.0637024	0.0188497	0.00130588	0.00133519
135	0.0166318	0.0244874	0.00311969	0.00440576	0.42615	0.0040094	0.0144568	0.0776508	0.00558343	0.0946151	0.021721	0.0106264	0.00181801	0.00839296	0.00566512	0.0159112	0.0112724	0.0495812	0.0496283	0.154273
136	0.0202465	0.0053728	0.00136768	0.00634223	0.0334027	0.00173517	0.00443236	0.190728	0.00504535	0.35553	0.112731	0.00591235	0.00673787	0.012453	0.0159842	0.0115537	0.0171214	0.170326	0.000318341	0.0226588
137	0.0173298	0.0013899	0.00175092	0.00190647	0.00394285	0.00316622	0.00321508	0.00234284	0.0155155	0.00316197	0.00271825	0.025239	0.00189747	0.0113317	0.00904626	0.402463	0.480704	0.0104971	0.000484169	0.00189742
138	0.291512	0.255906	0.00488666	0.00651863	0.00419472	0.0560586	0.00985304	0.0317641	0.00586282	0.0151057	0.00550399	0.017091	0.00302424	0.0141093	0.00556782	0.0806643	0.101947	0.0821504	0.00329497	0.00498452
139	0.109878	0.00182808	0.00227518	0.00371689	0.00219637	0.406516	0.00277918	0.00196953	0.00281487	0.00274744	0.00178878	0.00355958	0.00147858	0.0035261	0.0143097	0.421128	0.0125054	0.00251345	0.000645908	0.00182267
140	0.00565859	0.00192262	0.000897938	0.00139187	0.345527	0.00133066	0.0180011	0.0154133	0.00176617	0.010149	0.00118142	0.00854989	0.000512229	0.00167539	0.00138584	0.00724765	0.0161329	0.00358036	0.083343	0.474333
141	0.0428168	0.00494675	0.516794	0.11593	0.0036975	0.0360506	0.0153494	0.00495799	0.0205187	0.0098035	0.00180282	0.0898614	0.00787449	0.00857725	0.0153932	0.0610381	0.0286325	0.00952912	0.000693092	0.00573235
142	0.0127769	0.00291616	0.00240543	0.0109043	0.00407935	0.01624	0.0118327	0.00378368	0.456034	0.0158965	0.00434394	0.0430962	0.00313808	0.0213183	0.27258	0.0512524	0.033816	0.0261152	0.00151167	0.00595915
143	0.0196737	0.00566024	0.00613647	0.0112151	0.130701	0.0226681	0.107385	0.0132011	0.0553055	0.0283157	0.041285	0.0678013	0.00227515	0.059293	0.0171805	0.0415951	0.0724396	0.0332723	0.00236548	0.26223
144	0.0134105	0.00959699	0.000528735	0.00130387	0.00657192	0.0015597	0.000744168	0.475982	0.0139345	0.118187	0.0168342	0.0020886	0.000609285	0.00433426	0.00351435	0.0108571	0.0170145	0.294996	0.000162473	0.00776975
145	0.0206049	0.00451696	0.00779724	0.0308211	0.00199453	0.0335064	0.030352	0.0112534	0.40346	0.0282279	0.00799695	0.0376084	0.000940869	0.0758356	0.20889	0.0298282	0.0416984	0.0205577	0.00161773	0.00249212
146	0.0218651	0.0081286	0.00470635	0.0115058	0.0654477	0.0068073	0.0373558	0.0527811	0.0112135	0.355608	0.0567565	0.0170244	0.00259483	0.046688	0.0239797	0.0203913	0.017886	0.0630975	0.00269796	0.173464
147	0.0289605	0.00727728	0.00388711	0.00533768	0.0456115	0.0205453	0.00624897	0.00652435	0.00644302	0.00918232	0.00407966	0.00868752	0.00227173	0.00755347	0.00571017	0.0140611	0.0108161	0.0078216	0.788234	0.010747
148	0.0401922	0.00455275	0.525849	0.111784	0.0024093	0.0327666	0.0149363	0.00400351	0.0202539	0.00866542	0.00100613	0.112869	0.0047521	0.00792097	0.0153412	0.0568935	0.0255563	0.00776005	0.000470422	0.00201656
149	0.140773	0.017067	0.0126586	0.0156758	0.00906653	0.0282597	0.0169405	0.0136032	0.0204607	0.0165261	0.00756921	0.0435977	0.0161693	0.028523	0.0182469	0.236721	0.316589	0.0241912	0.00204067	0.0153205
150	0.0567841	0.0109441	0.175619	0.207826	0.0129201	0.0413648	0.0300454	0.0140222	0.0559141	0.0296736	0.0124993	0.0726276	0.0170067	0.0664155	0.0324119	0.0691471	0.0439567	0.0282531	0.00606663	0.0165021
151	0.0720589	0.0074128	0.0171867	0.0134976	0.0281382	0.0162997	0.0333701	0.011843	0.0148046	0.0455612	0.00727354	0.0282506	0.00731468	0.0258603	0.0113446	0.211427	0.265611	0.0118243	0.0036411	0.16728
152	0.121533	0.00496563	0.0309759	0.017898	0.0165239	0.546394	0.00895876	0.0108391	0.0206042	0.0162205	0.0136162	0.0311876	0.0194242	0.0159094	0.0175356	0.0750234	0.0146039	0.00607677	0.0007548	0.0109551
153	0.125053	0.00338832	0.033477	0.0939987	0.00332081	0.016201	0.0196421	0.00378182	0.289264	0.0110576	0.00764239	0.00614228	0.00192259	0.291753	0.0311078	0.0261422	0.0244907	0.00535747	0.00116093	0.00509654
154	0.165624	0.0974975	0.000885078	0.00448593	0.00737369	0.00494119	0.0124859	0.151912	0.00522681	0.0612508	0.0270708	0.00602656	0.000648294	0.00306982	0.00224096	0.0223053	0.0322128	0.391787	0.000307436	0.00264891
155	0.0122611	0.00923481	0.000560133	0.00121078	0.00588726	0.00157344	0.00082826	0.475969	0.0157317	0.120253	0.0159863	0.00214762	0.00051615	0.00435977	0.00352583	0.0108307	0.0177781	0.29349	0.000174506	0.0076818
156	0.05181	0.00167897	0.0318203	0.0704039	0.00755282	0.244482	0.0426429	0.00182649	0.117249	0.00366631	0.00186075	0.129229	0.00141235	0.126219	0.0383255	0.104352	0.0211931	0.00224789	0.000390978	0.00163671
157	0.0955007	0.0291391	0.00762411	0.0103839	0.00747779	0.0195956	0.0996841	0.0292335	0.101217	0.017304	0.00770998	0.0235965	0.00906375	0.0950635	0.110939	0.185991	0.109166	0.0109313	0.00117275	0.0292066
158	0.0121142	0.0245776	0.00131989	0.00382879	0.452182	0.00192854	0.020628	0.0859537	0.0045988	0.107661	0.0228199	0.0107881	0.000602212	0.0073699	0.00423914	0.00994862	0.00466969	0.0549464	0.0481558	0.121668
159	0.0411404	0.00780757	0.0108614	0.00317302	0.0142803	0.0219615	0.0190315	0.0136109	0.00925784	0.0186407	0.00280051	0.12328	0.00618219	0.0241119	0.0182318	0.264908	0.386274	0.00631982	0.000682127	0.00744514
160	0.0341725	0.00473632	0.0181344	0.00435917	0.00789617	0.012029	0.00875551	0.0314664	0.00810423	0.0505209	0.0037501	0.127269	0.0171408	0.0293004	0.0145779	0.247097	0.349229	0.00693384	0.000904446	0.0236232
161	0.0145522	0.00319982	0.0250408	0.0178618	0.00278262	0.186144	0.0281104	0.00617666	0.338757	0.016318	0.012761	0.0298899	0.00342867	0.0823566	0.177554	0.0209074	0.0190064	0.0111078	0.0014362	0.00260818
162	0.0154071	0.00310903	0.00598757	0.0173382	0.00307214	0.0380529	0.0274362	0.006833	0.438571	0.0224607	0.0073515	0.0382569	0.0014821	0.050131	0.222441	0.0374044	0.0345348	0.0250169	0.00167226	0.00344192
163	0.0282938	0.0158416	0.00220716	0.00979775	0.02397	0.00272937	0.00670332	0.283379	0.0107499	0.134191	0.060477	0.0117295	0.00673107	0.0133163	0.0126579	0.01947	0.0579145	0.284127	0.000270427	0.0154431
164	0.302567	0.0163416	0.00424284	0.00531014	0.00284449	0.0538771	0.00502205	0.0134907	0.0134861	0.017348	0.00255927	0.0251426	0.407461	0.00454629	0.00668918	0.0398203	0.0511379	0.0251439	0.000592054	0.00237671
165	0.0206208	0.00275224	0.00466009	0.0135023	0.197478	0.00850963	0.10729	0.0221117	0.0146087	0.0571328	0.0152476	0.0436972	0.0012792	0.0256239	0.0236426	0.0252976	0.0163689	0.0275936	0.0126817	0.359901
166	0.166452	0.2077	0.0113297	0.0209541	0.00482121	0.013245	0.042395	0.0498834	0.0084607	0.0309338	0.0133407	0.0199289	0.00200172	0.0389345	0.00705751	0.0609319	0.0701608	0.224468	0.00258993	0.00441064
167	0.153371	0.0707676	0.000673639	0.00511009	0.0105314	0.00548005	0.00814065	0.174588	0.00435486	0.0692394	0.0284995	0.00432629	0.000644562	0.00162116	0.00170783	0.0137424	0.0282328	0.416079	0.000194615	0.00269482
168	0.0383753	0.0122574	0.00778129	0.0554022	0.00211158	0.0159113	0.0203785	0.00993706	0.322279	0.0165688	0.00614389	0.0312574	0.00073658	0.099251	0.230543	0.0328159	0.0722957	0.0229432	0.00150805	0.00150238
169	0.0105774	0.0275353	0.00121903	0.00215422	0.464471	0.00135521	0.00617406	0.10902	0.00630732	0.140878	0.029036	0.00612955	0.00113083	0.00667208	0.00329523	0.00885459	0.00360119	0.0647395	0.0442114	0.0626386
170	0.0183749	0.00371479	0.00331787	0.0225927	0.0272329	0.0051244	0.627016	0.00479003	0.0056283	0.00577178	0.00389014	0.0979027	0.00288298	0.0672398	0.00639818	0.0122985	0.0164475	0.00554079	0.00109574	0.0627399
171	0.116676	0.011668	0.0111608	0.0136581	0.0039202	0.0188549	0.0115267	0.046058	0.031497	0.022034	0.00817967	0.0493571	0.465476	0.0115983	0.00995806	0.0337517	0.0469011	0.0822208	0.00152715	0.00397615
172	0.0385883	0.00216269	0.581788	0.115451	0.00149888	0.0285381	0.0135613	0.00323035	0.0166621	0.00838776	0.000671041	0.0919898	0.00162098	0.00223965	0.0139348	0.048366	0.0225363	0.00778578	0.000177902	0.000808996
173	0.0424699	0.0125566	0.342716	0.219816	0.0136316	0.0486462	0.00415607	0.00230461	0.0156576	0.00626073	0.00145306	0.0647797	0.067741	0.0213514	0.00465955	0.0795222	0.0230714	0.00969481	0.000522589	0.018989
174	0.0409592	0.00213222	0.572655	0.117925	0.00161028	0.0280034	0.0134737	0.00353296	0.0166073	0.00871508	0.000698658	0.0950643	0.00281166	0.0027992	0.0135944	0.0477688	0.0226797	0.0076208	0.000196841	0.00115195
175	0.0551043	0.0102514	0.0131445	0.0241949	0.0124634	0.0271049	0.0718026	0.0212583	0.234279	0.101101	0.0651646	0.0397795	0.00997341	0.0589564	0.0862882	0.065785	0.049491	0.0325167	0.00232645	0.0190139
176	0.0572843	0.00718238	0.0406	0.0927318	0.00796919	0.0213705	0.125164	0.0100094	0.0618474	0.0177198	0.00785924	0.149508	0.0709124	0.115425	0.0475533	0.102363	0.0339021	0.013033	0.00694795	0.0106167
177	0.0316114	0.00996387	0.0971812	0.0235623	0.0132538	0.0171699	0.0352378	0.00789554	0.00318798	0.00778237	0.00135569	0.48562	0.0119268	0.0170907	0.00796946	0.161053	0.064588	0.00189169	0.000434577	0.00122429
178	0.031167	0.0209711	0.00585029	0.0226865	0.0277372	0.00255711	0.0233137	0.180157	0.0105411	0.134457	0.0765729	0.0391786	0.00503923	0.0372328	0.0212046	0.0386877	0.0585335	0.244143	0.00040536	0.0195641
179	0.0101561	0.0285557	0.00108419	0.00219095	0.468395	0.00149292	0.00562496	0.112865	0.00478092	0.13778	0.0299373	0.00621579	0.00116539	0.00667783	0.00329343	0.00847343	0.00393514	0.0701685	0.0443884	0.0528196
180	0.0128233	0.00261184	0.000970756	0.00325862	0.0310831	0.00163016	0.00281566	0.185189	0.00301552	0.387862	0.125382	0.00305212	0.00755114	0.00801569	0.0115845	0.00878657	0.00935057	0.179297	0.000284152	0.0154354
181	0.182746	0.115219	0.00106122	0.00383022	0.0058362	0.00532229	0.0132566	0.133245	0.00516491	0.0581001	0.0253327	0.00581932	0.000646474	0.00387041	0.00187774	0.0262857	0.0349327	0.374707	0.000371249	0.00237464
182	0.339502	0.0228415	0.0126931	0.0121294	0.0123436	0.410512	0.00456478	0.00681942	0.0051602	0.0102761	0.00751263	0.0165493	0.0248952	0.00941902	0.0137415	0.0628603	0.0165342	0.00410713	0.000981552	0.00655765
183	0.0215533	0.147034	0.0369987	0.00913523	0.00729382	0.0735884	0.0220137	0.00775518	0.0115717	0.072527	0.165273	0.0120689	0.0037388	0.105251	0.00874786	0.0843792	0.159151	0.0430821	0.00191178	0.00692494
184	0.388264	0.00969655	0.00619357	0.00811643	0.0132877	0.0342716	0.0303902	0.00760988	0.0510129	0.00860406	0.00766454	0.0200368	0.00300978	0.0839186	0.0122225	0.250191	0.0298776	0.0300535	0.0010188	0.0045601
185	0.0349312	0.013775	0.349347	0.0661464	0.00704992	0.022208	0.0205531	0.00640788	0.0109829	0.00843994	0.00175969	0.290184	0.00738826	0.0129115	0.011352	0.0882351	0.0393721	0.00578802	0.00053101	0.00263691
186	0.0257109	0.0170776	0.00659924	0.0262554	0.00444223	0.0234708	0.0191984	0.00806337	0.380658	0.0201017	0.00735192	0.0585245	0.00461314	0.0525955	0.222085	0.0454983	0.0460988	0.0250006	0.00182456	0.00482965
187	0.0162557	0.00370053	0.00635385	0.0197886	0.00272444	0.0332745	0.0282712	0.00832546	0.436667	0.0304235	0.0103262	0.0411599	0.00158168	0.0520816	0.212155	0.0339917	0.0349605	0.0228875	0.00188248	0.00318807
188	0.0965851	0.0429198	0.000671368	0.00437462	0.0108066	0.00437149	0.00472065	0.29821	0.00783267	0.0878909	0.0234726	0.0033508	0.0020894	0.0025263	0.00236958	0.0113406	0.0215036	0.36973	0.000154268	0.00507899
189	0.0143998	0.0100762	0.000523909	0.00132539	0.00686757	0.00169143	0.000791355	0.465126	0.0137914	0.121274	0.0167074	0.00206305	0.000910512	0.00411032	0.00329764	0.0106195	0.0168382	0.301438	0.000168047	0.00797984
190	0.0305067	0.0920666	0.0145159	0.0134888	0.00808176	0.0605526	0.0956582	0.0101862	0.014849	0.0270053	0.0712188	0.01529	0.00532507	0.295093	0.0156722	0.0371815	0.159863	0.0212485	0.00312885	0.00906787
191	0.00565859	0.00192262	0.000897938	0.00139187	0.345527	0.00133066	0.0180011	0.0154133	0.00176617	0.010149	0.00118142	0.00854989	0.000512229	0.00167539	0.00138584	0.00724765	0.0161329	0.00358036	0.083343	0.474333
192	0.0368031	0.00356259	0.518841	0.138863	0.00307774	0.0347639	0.0130178	0.00309083	0.0184764	0.00694101	0.00082916	0.0911944	0.00806904	0.0118022	0.0152725	0.0595443	0.0249623	0.00734412	0.000188258	0.00335609
193	0.0134126	0.00172628	0.214442	0.276674	0.00231136	0.0467793	0.025543	0.00153851	0.0488916	0.00255056	0.00131832	0.13101	0.00154881	0.0930137	0.0196083	0.0706312	0.0398189	0.00189862	0.00046492	0.00681742
