284	20
1	0.0712878	0.00705451	0.115936	0.372512	0.000947548	0.00634891	0.00844553	0.0136789	0.12858	0.00733075	0.00785607	0.0459278	0.00317446	0.0522704	0.0182439	0.0340629	0.0856303	0.0183919	0.000318979	0.0020022
2	0.0200496	0.000387345	0.0101507	0.0199269	0.00126346	0.00163551	0.00974344	0.298659	0.0150542	0.0352996	0.008002	0.00162886	0.00127205	0.00813737	0.00131282	0.00777971	0.0504594	0.504983	0.000553523	0.00370086
3	0.0122041	0.000715049	0.00324193	0.00476729	0.19152	0.0044948	0.104135	0.121512	0.00499142	0.0370276	0.00491175	0.012243	0.0171352	0.0197665	0.0115896	0.00895818	0.0115461	0.0458519	0.031332	0.352057
4	0.0221086	0.000439985	0.0157484	0.00820927	0.3694	0.00203051	0.017025	0.0131931	0.0160363	0.411092	0.0286461	0.0124894	0.00161872	0.00280519	0.00224278	0.00441928	0.00436693	0.0185256	0.010125	0.0394784
5	0.00799775	0.000874085	0.0524547	0.166265	0.00286682	0.00392036	0.0594567	0.00862691	0.119813	0.00679726	0.00423095	0.0619739	0.00319862	0.209458	0.200659	0.0290338	0.0101333	0.0462509	0.00162449	0.00436537
6	0.0266408	0.000271871	0.422356	0.379078	0.00956418	0.0191082	0.00778237	0.0057539	0.0213677	0.00538597	0.00126109	0.0429213	0.00258709	0.00582331	0.0037352	0.0180861	0.0150638	0.0110215	0.000400989	0.00179061
7	0.01343	0.0010756	0.108636	0.14395	0.0226229	0.0191543	0.0219699	0.00579473	0.140878	0.0231239	0.00468237	0.0403116	0.00407148	0.101956	0.118799	0.0332974	0.148281	0.0124792	0.00129211	0.0341949
8	0.0141677	0.000812944	0.0033659	0.00320326	0.221423	0.00144738	0.0069968	0.228053	0.00494703	0.259625	0.0895725	0.00491944	0.0013912	0.00415165	0.00361339	0.00491959	0.0126745	0.101361	0.012335	0.0210198
9	0.0609122	0.000355377	0.28936	0.19185	0.00319357	0.0345788	0.00813706	0.00249597	0.0657106	0.0117005	0.00591492	0.110271	0.0135194	0.0216582	0.00558295	0.0978802	0.0578594	0.00895545	0.000295291	0.00976871
10	0.0492833	0.000323185	0.302563	0.141379	0.00382205	0.0425712	0.0102232	0.00116041	0.0663671	0.00559019	0.0066344	0.138233	0.0115743	0.0145999	0.00375078	0.117879	0.0649405	0.00529409	0.000212095	0.0135984
11	0.221681	0.00814653	0.129885	0.0685811	0.00161788	0.226367	0.00499253	0.00856431	0.0540729	0.00294492	0.0017073	0.0195385	0.0158885	0.00606584	0.00211166	0.188803	0.0306911	0.00332614	0.000644054	0.00437001
12	0.00223992	0.000338328	0.00152518	0.00196835	0.0170951	0.00689505	0.00108473	0.00126432	0.00206896	0.0105816	0.0017282	0.00174401	0.000964378	0.00168987	0.00128025	0.0138548	0.00177449	0.00278442	0.908842	0.0202757
13	0.0388283	0.000788261	0.0348431	0.303986	0.00103572	0.0283183	0.00158568	0.0299315	0.11319	0.011246	0.026421	0.0084968	0.00618898	0.120761	0.0740588	0.0618298	0.0873086	0.0449261	0.00108465	0.00517109
14	0.00925069	0.000267362	0.137982	0.0357518	0.000909226	0.032389	0.0263163	0.00127462	0.12238	0.00167336	0.00691219	0.147246	0.00744919	0.0182013	0.0239115	0.318325	0.105537	0.00253106	0.000466645	0.00122702
15	0.0118739	0.00042081	0.0874325	0.0425768	0.00376809	0.029385	0.0411544	0.00194142	0.179703	0.00356095	0.00489239	0.132762	0.011391	0.0222764	0.100032	0.212437	0.0995109	0.00619918	0.00210367	0.00657878
16	0.00234476	0.000335723	0.00148886	0.00177682	0.0167167	0.00662282	0.00123826	0.00126981	0.00230029	0.0107017	0.00173716	0.00197533	0.00116037	0.00160899	0.00141682	0.0148408	0.00192582	0.00286428	0.907649	0.0200256
17	0.0231535	0.000440776	0.00881058	0.0154132	0.00358587	0.00173474	0.0078187	0.285518	0.0118525	0.0529531	0.00857879	0.001797	0.00135418	0.00723276	0.00182244	0.0102344	0.0618927	0.491689	0.000523717	0.00359427
18	0.0592082	0.000709805	0.0251381	0.103066	0.00546303	0.00393683	0.0372798	0.0259797	0.112958	0.0569649	0.00337839	0.0581689	0.00293074	0.196828	0.0279717	0.0664173	0.0458879	0.130013	0.00157125	0.0361289
19	0.291772	0.00523034	0.0479001	0.035215	0.00616521	0.110668	0.0076908	0.0104395	0.0242966	0.0107969	0.0037012	0.0205281	0.0129268	0.0100126	0.00497535	0.301309	0.0689877	0.0194399	0.00167162	0.00627365
20	0.0696679	0.00415663	0.124217	0.379077	0.000777201	0.0082804	0.0070569	0.0111006	0.127487	0.0085629	0.00712149	0.04092	0.00372528	0.0561828	0.0168059	0.0354238	0.0744053	0.0228403	0.000278827	0.00191226
21	0.0807851	0.000773773	0.0252967	0.0166205	0.085158	0.0305834	0.0929808	0.00866794	0.0499703	0.0242209	0.0310681	0.0628656	0.0141829	0.036641	0.00995773	0.155746	0.025438	0.0335744	0.0341873	0.181281
22	0.018893	0.000626337	0.0115111	0.0625359	0.00207745	0.00671561	0.0417093	0.00465503	0.368422	0.00728288	0.00696811	0.0391381	0.0518772	0.0545389	0.148232	0.0953558	0.0504305	0.0137906	0.0127685	0.00247203
23	0.0905948	0.000607829	0.00388412	0.0359752	0.130123	0.00943814	0.0392036	0.0142156	0.0202041	0.0805742	0.0461079	0.047921	0.00292261	0.0809452	0.0122228	0.0557465	0.0946097	0.052083	0.00306448	0.179556
24	0.0118764	0.000187138	0.00170164	0.00130262	0.000548545	0.95856	0.000688073	0.000813948	0.0013832	0.0012955	0.000596262	0.00131436	0.000577852	0.00106125	0.00407793	0.00757318	0.0010647	0.00453876	0.00029247	0.000546488
25	0.0568281	0.000660479	0.0412833	0.185058	0.000848571	0.014849	0.00427538	0.0158627	0.285605	0.0126734	0.0154965	0.0469181	0.0105654	0.0818524	0.0642426	0.0457884	0.0650309	0.0440832	0.00051799	0.00756064
26	0.00477932	0.00062208	0.00313456	0.00436271	0.316343	0.00273624	0.00818755	0.047717	0.0123916	0.102128	0.0382446	0.00902422	0.00209266	0.00317244	0.0117265	0.0107676	0.0088303	0.02966	0.345231	0.0388478
27	0.0645417	0.000373825	0.0316395	0.118784	0.000663579	0.00978005	0.00421454	0.0235615	0.377223	0.0104217	0.00810416	0.0538656	0.00540136	0.0761978	0.0777003	0.0394341	0.0494786	0.0438749	0.000688708	0.00405071
28	0.00724186	0.000627538	0.00289548	0.00428398	0.0778788	0.00304916	0.207794	0.0826698	0.0165241	0.157053	0.0171591	0.03107	0.00478947	0.0267506	0.0573062	0.0063735	0.00624919	0.0732377	0.0483372	0.168709
29	0.0425075	0.0003134	0.00809374	0.0231577	0.0162597	0.0192696	0.00155132	0.00109391	0.0285431	0.011539	0.00195619	0.014277	0.0029945	0.0161799	0.00118394	0.580373	0.206009	0.0180626	0.000382913	0.00625188
30	0.534059	0.00100174	0.00890053	0.0190197	0.00361146	0.00463325	0.0637989	0.00352903	0.00540922	0.00425442	0.00318576	0.00458231	0.0447452	0.00390226	0.00346393	0.213917	0.0058099	0.0401365	0.00103031	0.0310102
31	0.0119088	0.000210462	0.000872926	0.00123688	0.000549189	0.958836	0.000698425	0.000820265	0.00134698	0.00143059	0.000599841	0.00145289	0.00059249	0.00111365	0.00408765	0.00757225	0.00104339	0.00470833	0.00033095	0.00058839
32	0.0430963	0.000230137	0.0323539	0.0998413	0.000476282	0.00565837	0.00600113	0.00862407	0.475259	0.00950183	0.012034	0.0570835	0.00469853	0.0592815	0.0819481	0.032574	0.0442252	0.0230475	0.000758492	0.00330733
33	0.0130065	0.00167545	0.00356182	0.00638355	0.296132	0.00318276	0.0513235	0.0761032	0.0105588	0.126132	0.0257031	0.0294585	0.0058847	0.0100774	0.0151838	0.0218078	0.0242169	0.0350581	0.148159	0.0963915
34	0.0514007	0.000640913	0.00751156	0.00681193	0.18844	0.00510423	0.103534	0.00654634	0.0107279	0.00486514	0.0100319	0.0245326	0.0574996	0.00559309	0.00274127	0.115678	0.0371593	0.00764412	0.0218169	0.331721
35	0.145778	0.0016528	0.0626859	0.0163198	0.00529485	0.124217	0.0363613	0.00719651	0.0116046	0.0145765	0.00941522	0.158485	0.0312273	0.0701553	0.00605113	0.121928	0.0111369	0.156662	0.00292901	0.00632348
36	0.0324676	0.000321446	0.688182	0.0295141	0.00243608	0.0118514	0.0102033	0.00120149	0.0143168	0.00364308	0.0015257	0.131401	0.00282406	0.00861564	0.003362	0.0353998	0.00825604	0.0119481	0.000441246	0.00208928
37	0.213117	0.000557185	0.0096251	0.246249	0.00106948	0.00189928	0.00161751	0.0294787	0.0514464	0.0211777	0.00495511	0.0043365	0.251583	0.0387547	0.0209907	0.0311909	0.0242256	0.0461324	0.000488323	0.00110469
38	0.094059	0.00121085	0.188112	0.401	0.00100108	0.0106678	0.00690993	0.00849516	0.0794532	0.0139077	0.00493088	0.032835	0.00428561	0.0442777	0.0106877	0.0338776	0.0380837	0.0255048	0.000253796	0.000446385
39	0.0134666	0.000267921	0.00118666	0.00153596	0.000565998	0.955707	0.000714713	0.000906639	0.00149666	0.00150968	0.000626676	0.0010343	0.000669081	0.00107962	0.00411405	0.00828603	0.00116631	0.0048093	0.000269105	0.000587812
40	0.00346432	0.000258869	0.00167131	0.00177631	0.0178744	0.00122026	0.00112843	0.224351	0.00205842	0.595116	0.00603939	0.00145368	0.00126763	0.00451918	0.00255588	0.00345596	0.00300019	0.121483	0.00645189	0.000854535
41	0.00992033	0.000281868	0.00978323	0.0379529	0.00111157	0.00246764	0.00635212	0.00400867	0.626566	0.00479313	0.0100755	0.0301916	0.00368192	0.100461	0.0918065	0.016996	0.0371385	0.0038882	0.00140767	0.00111546
42	0.0479556	0.00476801	0.00945902	0.0160859	0.0536048	0.00770598	0.0114762	0.16917	0.0187008	0.174387	0.0299806	0.0158625	0.0128909	0.0173787	0.0121496	0.0396888	0.200888	0.135797	0.00817177	0.0138796
43	0.0595365	0.00602598	0.00636243	0.00842264	0.00367979	0.0365656	0.0211096	0.0045316	0.00816129	0.0067874	0.0762514	0.00682215	0.00441299	0.00596947	0.0069053	0.296626	0.389448	0.0258461	0.00157197	0.024964
44	0.0262766	0.000614604	0.01553	0.33273	0.00234682	0.0359566	0.00328029	0.0422992	0.0562658	0.0208894	0.0231084	0.0208357	0.0649965	0.0898357	0.0253199	0.0671701	0.116755	0.0510116	0.00129819	0.00347962
45	0.00514905	0.000123381	0.778052	0.0249141	0.00212557	0.00694243	0.0109078	0.000901653	0.00626141	0.00124477	0.000666218	0.1209	0.000853602	0.00545058	0.00402161	0.0233186	0.00369729	0.00310461	0.000552612	0.000813229
46	0.32972	0.000929934	0.00979071	0.0101683	0.0728062	0.0451349	0.0504794	0.0210667	0.0128357	0.0217904	0.0332841	0.0347448	0.00623711	0.0129834	0.00435357	0.107597	0.0434466	0.0730242	0.00579554	0.103811
47	0.0132532	0.000599068	0.00256029	0.0216968	0.00368899	0.00264431	0.0416145	0.00270069	0.455153	0.0141564	0.00186105	0.0176904	0.00581922	0.0151825	0.361063	0.00879899	0.00659449	0.0106683	0.000873602	0.0133817
48	0.0240349	0.000833788	0.00462067	0.00533651	0.271348	0.00471598	0.0948145	0.0522088	0.00938021	0.0467691	0.0097914	0.0330621	0.0241612	0.011504	0.0113916	0.0468892	0.0200085	0.0230581	0.0640602	0.242012
49	0.00201232	0.000231454	0.00131238	0.0016722	0.107285	0.000841783	0.000979187	0.00413282	0.00158893	0.00140099	0.000824126	0.00119497	0.000826462	0.00137506	0.000965314	0.00690365	0.00152113	0.00162462	0.00295848	0.860349
50	0.359631	0.00639223	0.0786239	0.050554	0.00235945	0.156038	0.00512921	0.0145402	0.0285623	0.00572247	0.00201845	0.0158965	0.0141028	0.00578875	0.00260681	0.203926	0.0331733	0.00949252	0.000719502	0.00472361
51	0.04646	0.000498871	0.00445243	0.00236683	0.0140642	0.00108758	0.00141694	0.47469	0.0035299	0.200849	0.0310111	0.0021908	0.00603958	0.00210042	0.0125774	0.0106796	0.0123317	0.171445	0.000690145	0.00151879
52	0.164863	0.00188297	0.0135572	0.0190019	0.00982382	0.0489624	0.00406579	0.00383819	0.0184012	0.0104326	0.00625754	0.0166276	0.00545249	0.0107159	0.00377564	0.454221	0.188249	0.0130281	0.000777827	0.00606512
53	0.630016	0.000688981	0.00448286	0.00459215	0.00230635	0.00891697	0.00329057	0.00287628	0.0584882	0.0057559	0.00224986	0.0207983	0.00238915	0.00385943	0.0556633	0.0651654	0.106234	0.0189203	0.000850629	0.00245602
54	0.0303715	0.000875942	0.0466766	0.0475289	0.00178057	0.0151845	0.0248898	0.00805503	0.414974	0.00585821	0.00784378	0.0341145	0.0926889	0.0997366	0.0643926	0.0669631	0.0219681	0.0104138	0.00347151	0.00221231
55	0.012175	0.000978898	0.00368806	0.00442359	0.278879	0.00142482	0.00902671	0.140137	0.00627668	0.273177	0.129058	0.00585998	0.0015966	0.00342055	0.00419731	0.00467551	0.0153259	0.0557684	0.0129537	0.0369576
56	0.0100611	0.000511147	0.109272	0.0191131	0.00217042	0.0154007	0.0130432	0.00310328	0.0520961	0.00446667	0.00489816	0.191827	0.00607389	0.0105372	0.0123642	0.391004	0.145761	0.00522085	0.000963641	0.00211318
57	0.0296255	0.00114626	0.0337031	0.0159092	0.0079556	0.0132833	0.00532667	0.00254797	0.0234263	0.00825394	0.00406537	0.147712	0.0057269	0.0102552	0.00459181	0.444252	0.227114	0.00992249	0.000676238	0.00450693
58	0.0514007	0.000802561	0.0670266	0.175509	0.000525262	0.00599947	0.00607548	0.00605434	0.414612	0.0105128	0.0102359	0.0394301	0.00446132	0.0527209	0.0638448	0.027936	0.0439308	0.0167276	0.000735218	0.00145844
59	0.00697321	0.000792261	0.366471	0.0221488	0.00358476	0.474627	0.00354403	0.00374954	0.0379136	0.00469864	0.00283413	0.0409266	0.00257106	0.0046137	0.00323719	0.00661116	0.005264	0.00594684	0.00103305	0.00245886
60	0.0100433	0.000259205	0.0162993	0.0558882	0.00089568	0.00239439	0.00808137	0.0047395	0.601408	0.00608321	0.0122011	0.028626	0.00272285	0.0709762	0.12603	0.0147919	0.0306685	0.00473606	0.0015921	0.00156284
61	0.069953	0.00075283	0.158265	0.0237045	0.00232055	0.00288443	0.00410049	0.021555	0.0320329	0.017155	0.00302603	0.0927161	0.198928	0.0104057	0.00376977	0.140829	0.20952	0.00501947	0.00106646	0.00199661
62	0.0584175	0.00434102	0.00256977	0.00320783	0.165334	0.00162701	0.00422901	0.12809	0.00445716	0.263593	0.0464863	0.0165325	0.00261502	0.0123284	0.00663267	0.0191712	0.062318	0.17703	0.00812865	0.0128913
63	0.0266503	0.00135856	0.0092998	0.0167277	0.0222027	0.00392296	0.0162278	0.323661	0.0156891	0.0616772	0.0180756	0.00707188	0.00492312	0.00901458	0.00511481	0.011003	0.0316822	0.367061	0.00251243	0.0461246
64	0.0135363	0.000147375	0.00138039	0.000938979	0.0506271	0.000476818	0.00052184	0.481689	0.00177617	0.144777	0.0256494	0.000695735	0.000551877	0.00123041	0.00127856	0.00121749	0.00170128	0.270808	0.000234259	0.000762365
65	0.0473618	0.00298517	0.0225006	0.0400023	0.0143835	0.0206905	0.0182517	0.0182181	0.0424837	0.0222267	0.0103312	0.0303039	0.0129878	0.179428	0.0185614	0.317107	0.0647317	0.0999541	0.00499795	0.0124929
66	0.00201233	0.000231454	0.0013129	0.00167301	0.107425	0.000831773	0.00102661	0.00418227	0.00158797	0.00141316	0.000822219	0.00119823	0.000858117	0.00139788	0.000958839	0.006892	0.0015213	0.00163405	0.00297442	0.860046
67	0.043666	0.000317031	0.00802736	0.0215465	0.0163301	0.0170859	0.0014025	0.0011505	0.0255631	0.0127358	0.00165627	0.0158648	0.00329058	0.0158598	0.00110723	0.583955	0.209442	0.0147729	0.000364843	0.00586154
68	0.0921181	0.00282712	0.00228147	0.00389697	0.0810659	0.00183659	0.00181239	0.128495	0.00357739	0.2032	0.0418393	0.0106029	0.00195263	0.0109973	0.00596818	0.0251984	0.0643401	0.309094	0.00320241	0.00569356
69	0.00515988	0.000271046	0.00672301	0.0294246	0.000737217	0.00167243	0.0060965	0.00350976	0.70712	0.00376939	0.00899522	0.0230312	0.00266141	0.0634067	0.100252	0.0127863	0.0198841	0.00235381	0.00101688	0.0011293
70	0.00915134	0.00132587	0.00331754	0.00473446	0.112715	0.00305608	0.236224	0.0928245	0.0180212	0.154948	0.0199359	0.0498472	0.00448789	0.0195137	0.0487506	0.0100452	0.0107339	0.0577383	0.0283218	0.114307
71	0.0452547	0.000428376	0.330282	0.423024	0.012543	0.0106408	0.00838884	0.00731549	0.0289006	0.00817149	0.00322955	0.0337619	0.0055766	0.0108592	0.00514674	0.0249952	0.0221683	0.0139768	0.00062782	0.00470904
72	0.0408527	0.00232334	0.0458909	0.0936776	0.0136332	0.0121194	0.0169696	0.0139637	0.220509	0.0201929	0.0176896	0.0907026	0.0116737	0.153862	0.0441085	0.0596779	0.0885722	0.0366887	0.00233393	0.0145588
73	0.0482187	0.000208555	0.294966	0.154068	0.00377877	0.043661	0.0112133	0.000916293	0.0764865	0.00473867	0.00697155	0.142951	0.00800397	0.0135848	0.00274825	0.102276	0.0632738	0.005627	0.000232277	0.0160759
74	0.0314088	0.000243573	0.00639186	0.00254861	0.0159217	0.000766705	0.00114148	0.541017	0.00456957	0.153444	0.0322317	0.00123924	0.00568904	0.00156787	0.00583445	0.00592495	0.00723878	0.181274	0.000418037	0.00112869
75	0.0279456	0.00155562	0.210089	0.167999	0.0447614	0.0197209	0.0187593	0.0116094	0.067612	0.0172485	0.00885659	0.0549773	0.0115807	0.0440945	0.0755801	0.0863512	0.0946022	0.0163763	0.00279737	0.0174836
76	0.0249914	0.725595	0.014558	0.0190229	0.00900333	0.0095374	0.0121494	0.0111031	0.0190764	0.0182696	0.0112003	0.0136039	0.0099998	0.01457	0.0112828	0.0230889	0.0197715	0.0198367	0.00333682	0.0100025
77	0.0119944	0.000200495	0.000863907	0.00124461	0.000546852	0.95987	0.00069265	0.000785351	0.00133384	0.00114185	0.000584663	0.000963307	0.000592596	0.0010406	0.00408817	0.00756785	0.00112691	0.0045449	0.000269769	0.000547059
78	0.0119035	0.000200753	0.00140205	0.00136806	0.000562776	0.959129	0.000694115	0.000807723	0.00137498	0.0011476	0.000573031	0.00112245	0.000598265	0.00104013	0.00409556	0.00754123	0.00107895	0.00454122	0.000272343	0.000546454
79	0.472957	0.0034369	0.0134547	0.0162194	0.00638356	0.127407	0.00584892	0.0140049	0.0187472	0.030526	0.00562807	0.0188163	0.00686864	0.00859592	0.0144408	0.130402	0.0653489	0.033277	0.00126453	0.006373
80	0.00270753	0.000238348	0.0015383	0.00307581	0.106146	0.00087311	0.00129996	0.00431611	0.00170066	0.00192964	0.000859671	0.00147103	0.000862569	0.00143961	0.000974195	0.00698805	0.00191888	0.0021207	0.0029407	0.856599
81	0.0211931	0.000141748	0.00255946	0.000869755	0.0316819	0.000492761	0.000614365	0.525849	0.00289252	0.13615	0.0311828	0.00067266	0.00134797	0.00123458	0.00257647	0.00250685	0.00319696	0.233908	0.000197237	0.000731802
82	0.0114806	0.000708086	0.0116053	0.0341138	0.00124738	0.00353945	0.00850489	0.00408756	0.671703	0.00549807	0.0101612	0.0275307	0.00579039	0.054637	0.0987384	0.0175225	0.0238822	0.00576063	0.00141725	0.00207186
83	0.00338951	0.000259365	0.0016672	0.00177474	0.0180015	0.00120687	0.00107719	0.223863	0.00206654	0.59616	0.00607781	0.00144527	0.00124378	0.00452287	0.00253754	0.00344773	0.00299412	0.121038	0.00636245	0.000864837
84	0.0237782	0.000696286	0.00875392	0.00681653	0.271907	0.00242876	0.0197074	0.0736465	0.010305	0.315475	0.151559	0.00548166	0.00227882	0.00395305	0.00390966	0.00527647	0.00999398	0.0462667	0.00875364	0.0290122
85	0.250344	0.0133608	0.112288	0.0757218	0.0017992	0.14627	0.005382	0.00898656	0.0543724	0.00302112	0.00171438	0.0207765	0.028112	0.00662519	0.00198434	0.230659	0.0294722	0.00324869	0.000653929	0.00520883
86	0.0487958	0.000193887	0.302916	0.152504	0.00447102	0.0414036	0.00973891	0.000865905	0.0655318	0.00528139	0.0072992	0.138707	0.00951636	0.0151316	0.00295213	0.108312	0.0659625	0.00601481	0.000216965	0.0141844
87	0.0895287	0.00323452	0.00181122	0.00242964	0.0928447	0.00158703	0.00177804	0.124795	0.00323202	0.2337	0.0531002	0.0126162	0.00175111	0.0120802	0.0066743	0.0265107	0.0691203	0.252641	0.00380957	0.00675598
88	0.0269723	0.000194341	0.448497	0.113622	0.00349219	0.0262973	0.00921141	0.0011183	0.0426056	0.00335861	0.00410949	0.172236	0.00465043	0.0159685	0.00371781	0.0769037	0.0344776	0.00440287	0.000275542	0.0078883
89	0.10754	0.000894556	0.00424069	0.0110022	0.00325784	0.0196899	0.00380139	0.00888252	0.049783	0.0678259	0.0113906	0.00518676	0.407381	0.113348	0.02841	0.0497941	0.0489892	0.0541727	0.00133391	0.00307609
90	0.0571604	0.00162811	0.0693206	0.188807	0.00110821	0.00617026	0.00524037	0.0192925	0.268891	0.00673825	0.00703283	0.102828	0.00396693	0.0741671	0.0516724	0.042885	0.0558319	0.0324443	0.000377253	0.00443701
91	0.0207581	0.000658246	0.014167	0.012713	0.272428	0.00218857	0.015836	0.0375613	0.0167244	0.407628	0.0668432	0.00840613	0.00165123	0.0064392	0.00690984	0.00441166	0.00713612	0.0269485	0.0217709	0.0488208
92	0.00977803	0.000378728	0.125297	0.0378569	0.00120333	0.0365469	0.0417413	0.00171523	0.115306	0.00218026	0.00628397	0.158975	0.00722942	0.0167925	0.0231874	0.303661	0.105723	0.00334535	0.00102741	0.00177035
93	0.11202	0.00779637	0.0898198	0.0949298	0.00452292	0.146283	0.0115717	0.0146152	0.0442911	0.00938812	0.00583076	0.0384993	0.0420966	0.0203574	0.00957471	0.226153	0.0979835	0.01394	0.00172813	0.00859861
94	0.0277537	0.00015325	0.405446	0.447283	0.00525858	0.00564545	0.00777116	0.00589079	0.0188885	0.00566827	0.000586362	0.0235236	0.00162762	0.00360236	0.00202439	0.0129765	0.0131272	0.0119982	0.000233768	0.000541463
95	0.0616957	0.00393813	0.015655	0.023239	0.00852637	0.0159072	0.00296097	0.002248	0.021576	0.0100883	0.00532421	0.0129224	0.00576569	0.00964337	0.0035986	0.420088	0.360542	0.0107336	0.000617068	0.00493052
96	0.121344	0.000694532	0.0119567	0.242156	0.00121905	0.00497218	0.00314918	0.0392013	0.0763113	0.0102612	0.00817215	0.0131864	0.206369	0.0478331	0.0399615	0.065492	0.0624037	0.0424289	0.000822407	0.00206508
97	0.00238755	0.000235065	0.00137491	0.00182465	0.10784	0.00084362	0.00138967	0.00413852	0.00159664	0.00154486	0.000861	0.00140708	0.00104187	0.00142617	0.000985032	0.00726172	0.00168824	0.00162223	0.00313891	0.857392
98	0.0784832	0.00132741	0.00903861	0.0560179	0.0416924	0.0275148	0.0592862	0.0277817	0.0392013	0.115666	0.00939729	0.117409	0.0055101	0.0907459	0.0494318	0.0810816	0.0231033	0.01794	0.0303665	0.119005
99	0.013552	0.000168181	0.00136938	0.000958196	0.0514557	0.000478871	0.000532976	0.480973	0.00182321	0.144726	0.0262105	0.000712327	0.000539615	0.00125878	0.00126995	0.00125619	0.00189204	0.269761	0.000235505	0.000827498
100	0.0314241	0.00486094	0.0234883	0.0342548	0.0295027	0.0199171	0.0174455	0.0420365	0.0457479	0.0698616	0.3901	0.0303019	0.0132372	0.0583648	0.0266223	0.0342167	0.0471609	0.0565797	0.0080927	0.0167845
101	0.0361124	0.000887647	0.00390392	0.00256258	0.0137289	0.00154091	0.00183358	0.418377	0.00375669	0.287844	0.0227021	0.00312904	0.00550123	0.00316809	0.0144753	0.0151203	0.0124578	0.148211	0.00222753	0.00246007
102	0.0233763	0.719304	0.0175724	0.0203661	0.00947896	0.0101651	0.0123517	0.010958	0.0194507	0.0176029	0.0104486	0.0143864	0.010263	0.015179	0.011021	0.0237585	0.020618	0.0200502	0.00351622	0.0101324
103	0.0119161	0.000200684	0.000864754	0.00123173	0.000546909	0.9598	0.000703585	0.000772692	0.00133399	0.00127464	0.000577918	0.00104443	0.000613164	0.00103971	0.00407958	0.00754723	0.00109998	0.00453903	0.000269547	0.000544488
104	0.025338	0.00125254	0.0266519	0.027738	0.089212	0.00797345	0.0951494	0.00460858	0.0315003	0.00671453	0.0474439	0.0150409	0.057335	0.00862564	0.00501776	0.218911	0.0873066	0.0107821	0.00797866	0.22542
105	0.173359	0.0162223	0.120924	0.0671501	0.00190596	0.149943	0.0149377	0.0179472	0.0279289	0.00420347	0.00219757	0.0253269	0.0268993	0.0197437	0.00305992	0.223905	0.0828184	0.00559228	0.00102096	0.0149153
106	0.057239	0.00157591	0.0201883	0.0580717	0.00512838	0.00841635	0.0431051	0.0129153	0.191332	0.0181529	0.00625821	0.114171	0.0093621	0.0857474	0.0288196	0.0814334	0.144882	0.100451	0.00246186	0.0102884
107	0.0110846	0.000357284	0.0101634	0.0416448	0.00270288	0.00419614	0.016623	0.00274861	0.552151	0.00645524	0.00820808	0.0510817	0.00434214	0.0364215	0.190815	0.0229564	0.0257811	0.00436669	0.00177208	0.00612835
108	0.0175415	0.00101684	0.00274839	0.0186092	0.00486436	0.0032264	0.0417419	0.00279782	0.456361	0.0168793	0.0019767	0.0257336	0.00498059	0.0128473	0.337105	0.0100566	0.00809829	0.0136974	0.000797863	0.0189204
109	0.0337123	0.000859853	0.00706014	0.0114469	0.0182004	0.00149683	0.00529918	0.275931	0.00869762	0.10574	0.0161491	0.00353631	0.00261996	0.00740797	0.00355691	0.0120562	0.0645993	0.416763	0.00109215	0.00377505
110	0.0308474	0.00370202	0.0205331	0.0354768	0.0114462	0.013271	0.396969	0.0143656	0.0338234	0.0255674	0.0112607	0.0240194	0.013831	0.227312	0.0268186	0.0346819	0.0260437	0.030186	0.00576032	0.0140835
111	0.106883	0.00316655	0.00228231	0.00297386	0.0851489	0.00264899	0.00203607	0.116696	0.0033985	0.198177	0.0379658	0.0114608	0.0022249	0.0111612	0.00607667	0.0309841	0.0676296	0.29963	0.00352473	0.00593026
112	0.0643922	0.000482816	0.0340927	0.138485	0.000675186	0.0103525	0.00421045	0.0196993	0.353569	0.00998289	0.00921746	0.0507391	0.00543817	0.0810355	0.0703017	0.0426611	0.0551206	0.0445181	0.0005715	0.00445433
113	0.022822	0.00185045	0.00936025	0.0172079	0.0219007	0.0179386	0.0177548	0.0146436	0.017042	0.0651635	0.00890214	0.4651	0.0452816	0.0583345	0.0141524	0.0201408	0.0186792	0.0185178	0.0060436	0.139164
114	0.00665764	0.000898312	0.00326828	0.00463841	0.0466377	0.00270289	0.278184	0.0580897	0.0307853	0.173673	0.0309633	0.0444087	0.00297948	0.0245539	0.0576765	0.00659989	0.00465403	0.0781232	0.0247358	0.11977
115	0.015687	0.00206884	0.0553389	0.131296	0.0495815	0.0402044	0.0445081	0.0167524	0.0196499	0.231065	0.0737692	0.0105453	0.0975792	0.139773	0.0100987	0.015904	0.0226213	0.0135472	0.00400629	0.00600313
116	0.0198568	0.0767606	0.00987942	0.01432	0.0138818	0.00731212	0.0555727	0.17221	0.0925266	0.130919	0.0823349	0.0531903	0.00674555	0.0128313	0.00966222	0.0555702	0.0704544	0.0583591	0.0504095	0.00720323
117	0.0128837	0.000482645	0.00839553	0.027614	0.00575058	0.0100606	0.0178192	0.00250202	0.523606	0.00492433	0.00646816	0.0901228	0.0030514	0.0239325	0.187155	0.0258547	0.0327708	0.00414133	0.00142137	0.0110438
118	0.0782577	0.00153874	0.238883	0.109742	0.00343359	0.0417232	0.0113003	0.0050071	0.0942029	0.00660435	0.00609627	0.100699	0.0257532	0.0174063	0.00890281	0.159824	0.0730251	0.00862165	0.000619114	0.00835945
119	0.0278221	0.000471977	0.312463	0.449073	0.0107834	0.00575635	0.00576418	0.00457212	0.0282113	0.0113849	0.00161473	0.0448862	0.0079536	0.0201411	0.0110105	0.0128059	0.0341298	0.00957862	0.000486161	0.00109022
120	0.0553914	0.000794199	0.00495838	0.0158005	0.00925414	0.00177302	0.00221609	0.430611	0.00558061	0.19844	0.0211446	0.00367552	0.03568	0.00361156	0.0105115	0.0171304	0.0137667	0.166487	0.00108895	0.00208431
121	0.00408287	0.000126236	0.780512	0.0234604	0.00198528	0.005879	0.0106998	0.000752674	0.00585532	0.000993124	0.000562055	0.125954	0.000444552	0.00514858	0.00376807	0.0225804	0.00328525	0.00285989	0.000221425	0.000828803
122	0.0373042	0.000792524	0.0368483	0.305708	0.00109175	0.0279557	0.00190875	0.030164	0.112402	0.0119738	0.0253844	0.00940414	0.0062712	0.119241	0.0728536	0.0622646	0.0868894	0.0451913	0.00108041	0.00527037
123	0.0296837	0.000450514	0.0224972	0.0082622	0.283509	0.0019126	0.023919	0.0200306	0.0224428	0.443381	0.0433721	0.00941963	0.00174141	0.00263823	0.00262666	0.00423403	0.00478788	0.0234121	0.00773481	0.0439448
124	0.0562317	0.00278018	0.00938742	0.0145005	0.00705891	0.014732	0.00296589	0.00233815	0.0188532	0.00912412	0.00515719	0.0206238	0.0107217	0.00810562	0.00317488	0.414714	0.385972	0.00841676	0.000590831	0.00455072
125	0.0347948	0.00378836	0.0231275	0.0276905	0.0227294	0.0136857	0.482231	0.029338	0.0323911	0.0405882	0.0154371	0.0311513	0.0163604	0.062944	0.0226209	0.0334376	0.0248054	0.0366092	0.00916616	0.0371037
126	0.0907144	0.00429882	0.00204869	0.00260277	0.111016	0.00166037	0.00172435	0.121088	0.00311578	0.237361	0.0378101	0.0147661	0.00178593	0.0143186	0.00645141	0.0243797	0.0589025	0.254313	0.00528209	0.00636115
127	0.00305221	0.000237216	0.00143566	0.00296469	0.106513	0.000962348	0.00155337	0.00470797	0.00157475	0.00204175	0.000987344	0.00121847	0.000826365	0.00138554	0.00102938	0.00687608	0.00201419	0.0021846	0.00295827	0.855477
128	0.0284673	0.00606853	0.0204549	0.0233139	0.00394584	0.0160065	0.00583713	0.00363431	0.0587608	0.0140754	0.00607781	0.0197074	0.00860451	0.00964633	0.0104265	0.229174	0.519756	0.0105339	0.00111521	0.00439398
129	0.0402771	0.000999859	0.0127384	0.00660783	0.21144	0.00222406	0.0142145	0.0508488	0.0146806	0.460087	0.038222	0.00963638	0.00172761	0.00516273	0.00325	0.006867	0.0137985	0.0714077	0.00655063	0.0292594
130	0.0262835	0.000668381	0.0105554	0.0284167	0.00249406	0.00360417	0.0283277	0.286809	0.0142498	0.0268304	0.00828989	0.00302174	0.00328126	0.00794356	0.00221003	0.00759387	0.0361113	0.496733	0.000823063	0.00575368
131	0.00679795	0.000257683	0.00182936	0.00186738	0.0174481	0.00118052	0.00108472	0.271874	0.00214205	0.509334	0.00662706	0.00139471	0.00133666	0.00297349	0.00312131	0.00392883	0.0028306	0.157794	0.00528433	0.000893387
132	0.0234429	0.000964214	0.00523266	0.00904529	0.0163501	0.00825923	0.0436556	0.00318769	0.311071	0.00699697	0.00222811	0.122645	0.00281375	0.00448794	0.336074	0.0311611	0.0291486	0.00806403	0.00119783	0.0339737
133	0.0614684	0.00213914	0.00226844	0.00925661	0.00295228	0.000673784	0.00291057	0.000822581	0.00767757	0.0113747	0.000774451	0.00487945	0.840363	0.00658772	0.00560695	0.0316232	0.00396074	0.00378595	0.000277295	0.000597477
134	0.00335636	0.000148853	0.755916	0.028532	0.00175682	0.00561598	0.0110232	0.000851916	0.00660569	0.00103632	0.000574073	0.138807	0.000527189	0.00615686	0.00457904	0.0280207	0.00293271	0.0026512	0.000243533	0.000664787
135	0.147827	0.00324583	0.0651858	0.0174312	0.00686006	0.0671364	0.0151584	0.00758167	0.0189138	0.0449486	0.00897931	0.22928	0.01222	0.14355	0.0144883	0.11529	0.0169668	0.0526081	0.00266479	0.00966526
136	0.0223297	0.0061853	0.00575712	0.019024	0.00319435	0.0125051	0.00269373	0.0032671	0.047582	0.0170634	0.00271015	0.00655756	0.00370076	0.00449039	0.00676223	0.224335	0.602996	0.00566822	0.00084632	0.00233128
137	0.00541154	0.000297398	0.00215712	0.00235448	0.132937	0.00168607	0.0240989	0.0343517	0.00313807	0.0162652	0.00385583	0.00501519	0.00381362	0.00504073	0.00385826	0.00748243	0.00475752	0.0118443	0.0108391	0.720796
138	0.0369767	0.000748411	0.0312248	0.30211	0.00131814	0.0276287	0.00359283	0.029522	0.104497	0.0102155	0.0195185	0.00962623	0.00831665	0.119427	0.0523829	0.0631099	0.110775	0.0635462	0.000705025	0.00475818
139	0.0157225	0.000176474	0.00154391	0.00121413	0.0497475	0.000604136	0.000558886	0.463061	0.00201543	0.140768	0.0252333	0.000716755	0.000559908	0.00135507	0.00129052	0.00195918	0.00377211	0.288614	0.00024114	0.00084534
140	0.0122082	0.0014624	0.00967762	0.015184	0.121534	0.00601278	0.00737313	0.00963491	0.134376	0.277881	0.00895416	0.00862346	0.00545857	0.115096	0.135978	0.0133465	0.011019	0.0104142	0.0600131	0.0357531
141	0.0153088	0.000112565	0.00207792	0.000809502	0.0380004	0.000410918	0.000524086	0.530811	0.00287113	0.122869	0.0304735	0.000617182	0.000599684	0.0011751	0.00131481	0.00131528	0.00212898	0.2477	0.000188162	0.000692752
142	0.00373406	0.000125757	0.786453	0.02319	0.00184468	0.00577876	0.0113236	0.000698875	0.00538549	0.000884658	0.000564455	0.121162	0.000544199	0.00497577	0.00399701	0.022277	0.00315418	0.00282878	0.000227984	0.000849654
143	0.0160653	0.00248159	0.0102387	0.0120868	0.00601214	0.37277	0.00803949	0.00785402	0.0132624	0.105298	0.00638398	0.32044	0.00777288	0.0120463	0.00877893	0.0146154	0.0128588	0.012587	0.00234723	0.048062
144	0.0600706	0.000882507	0.0487194	0.197262	0.000843399	0.013016	0.00427317	0.0158454	0.275758	0.0105914	0.0132011	0.0594902	0.00735769	0.0777049	0.0586406	0.0421113	0.0599026	0.0463429	0.000371184	0.00761574
145	0.0321228	0.00100186	0.0322444	0.134239	0.00240368	0.00469305	0.0311311	0.0424785	0.162495	0.0362582	0.00486876	0.0621206	0.00436827	0.106958	0.0374256	0.126153	0.02511	0.140044	0.00155196	0.0123322
146	0.160317	0.00248819	0.0109086	0.114646	0.00287236	0.00660487	0.00511763	0.0794316	0.251403	0.00797196	0.00447419	0.0171959	0.00522051	0.0327667	0.102078	0.0214884	0.0442084	0.125064	0.00182359	0.0039179
147	0.0924556	0.00141948	0.0957827	0.373326	0.00125372	0.0124485	0.00439312	0.0185079	0.0897773	0.00928285	0.0101262	0.0186299	0.00350275	0.105695	0.036638	0.0464982	0.0525235	0.0237494	0.000641996	0.00334773
148	0.0420953	0.000336069	0.00834397	0.0239699	0.0173734	0.0186836	0.00136025	0.00111282	0.0297372	0.0122132	0.00161448	0.014997	0.0029533	0.0162135	0.00117926	0.58401	0.200401	0.0165935	0.000380837	0.00643117
149	0.0120239	0.000200578	0.000910414	0.00140381	0.000571316	0.958521	0.00070491	0.000784454	0.00134664	0.00119861	0.000621541	0.00107935	0.000810253	0.00114615	0.00421499	0.00781236	0.00104316	0.00480822	0.00025551	0.000542422
150	0.00941034	0.00026114	0.135821	0.0356855	0.000950596	0.0324018	0.0262037	0.00123988	0.120742	0.00175947	0.00670815	0.148949	0.00710202	0.0179445	0.0235876	0.319342	0.107722	0.00245608	0.000494898	0.00121925
151	0.0117999	0.000717885	0.0021653	0.00305213	0.167679	0.0012826	0.00520787	0.195664	0.00438735	0.352859	0.114	0.0032217	0.00125931	0.00484506	0.003374	0.0043459	0.0118397	0.0853649	0.0085758	0.0183592
152	0.0849983	0.00105396	0.0366873	0.31966	0.035625	0.00316316	0.0325029	0.00930697	0.0124827	0.0729181	0.00484902	0.005287	0.0061498	0.00794673	0.00427381	0.0093845	0.0434578	0.0503127	0.00158261	0.258357
153	0.053839	0.000227543	0.292552	0.178334	0.00344166	0.0355043	0.0103633	0.00104488	0.0653778	0.00467558	0.00756691	0.135874	0.00737236	0.0142598	0.00282098	0.100847	0.0666796	0.00637947	0.000205042	0.0126348
154	0.0118168	0.000685574	0.518302	0.0898835	0.00466636	0.00851414	0.0592548	0.00392079	0.0253426	0.00552193	0.00358626	0.111765	0.0050674	0.0226182	0.035	0.060237	0.0167353	0.0120731	0.00144991	0.0035598
155	0.00361027	0.000581579	0.00228723	0.0030183	0.140843	0.00418901	0.00523721	0.0259633	0.00780974	0.0565331	0.0177835	0.00534206	0.00141436	0.0025482	0.00787034	0.0116969	0.00526141	0.0156978	0.647928	0.0343844
156	0.0549394	0.000702414	0.303292	0.141068	0.00372622	0.0434156	0.00917375	0.00222664	0.0615438	0.00665562	0.00619039	0.130899	0.0171152	0.014699	0.00340332	0.118626	0.063863	0.00535827	0.000300114	0.0128024
157	0.010907	0.000516546	0.00230179	0.00381423	0.251746	0.0014104	0.00671652	0.181217	0.00469909	0.258648	0.148243	0.00315362	0.00152449	0.00352936	0.00336585	0.00377648	0.0124331	0.0692237	0.00786067	0.0249135
158	0.0259184	0.00319078	0.0226671	0.0424231	0.0782675	0.0150137	0.0196456	0.0823605	0.0256861	0.242636	0.0272181	0.0169393	0.0753036	0.149584	0.0168797	0.0236715	0.0754414	0.0337437	0.00773358	0.0156759
159	0.181795	0.000649179	0.0133254	0.245211	0.000981134	0.00231221	0.00177114	0.0284383	0.0569758	0.020038	0.0053102	0.00522758	0.271129	0.0431245	0.020827	0.0325074	0.026748	0.0418975	0.000556233	0.00117466
160	0.144084	0.00242917	0.00768996	0.0232847	0.00272069	0.00381599	0.00328567	0.00161608	0.00560396	0.0138795	0.000925673	0.00302323	0.705173	0.00749574	0.0129364	0.046589	0.00465069	0.00726533	0.000309168	0.00322262
161	0.00910767	0.000462939	0.0046566	0.0568701	0.00144854	0.00210536	0.0319451	0.00589123	0.468911	0.0165854	0.00959233	0.0122519	0.0137588	0.0504722	0.271633	0.0141992	0.0134442	0.00789762	0.00376385	0.00500316
162	0.0177141	0.000203785	0.0152761	0.0762382	0.000645967	0.00282271	0.00967134	0.00329663	0.570718	0.00688711	0.0143268	0.0388279	0.00396022	0.0515228	0.111134	0.0172899	0.0503142	0.00597495	0.00200229	0.00117298
163	0.0191794	0.000693346	0.0172577	0.0178564	0.00498095	0.00285388	0.00717935	0.48126	0.0249896	0.0479376	0.0231384	0.00335822	0.00443315	0.00627516	0.00302139	0.00735932	0.0238293	0.299923	0.000612711	0.00386062
164	0.0306566	0.00112342	0.162088	0.0602327	0.00399935	0.00916133	0.0139626	0.0299159	0.248169	0.00803346	0.026276	0.0438482	0.129585	0.062992	0.0670289	0.0662616	0.0189001	0.0118966	0.00194853	0.00392085
165	0.123546	0.00165818	0.37561	0.0510102	0.00470494	0.107609	0.0316137	0.00541926	0.0127528	0.0104536	0.011365	0.0429262	0.00771159	0.0591486	0.00519168	0.0466693	0.012505	0.0846607	0.00144652	0.00399714
166	0.102508	0.00037248	0.00188579	0.00265112	0.00188716	0.00625791	0.0014604	0.00907864	0.0436538	0.0643012	0.0139483	0.00219662	0.514607	0.0264804	0.0333282	0.0446011	0.0713194	0.0570834	0.000655284	0.00172381
167	0.0507022	0.000179996	0.295742	0.167073	0.00365799	0.0376215	0.0107469	0.000683096	0.064944	0.00424388	0.00740219	0.143985	0.00766548	0.0135115	0.00262402	0.103167	0.0667054	0.00564487	0.000187132	0.0135128
168	0.23563	0.00180019	0.133082	0.0472977	0.0048856	0.0699708	0.0168425	0.0065024	0.0101121	0.0114038	0.0338779	0.0226955	0.00837285	0.119952	0.00617358	0.0683576	0.0104094	0.185705	0.00202196	0.00490689
169	0.0357739	0.000949705	0.0257258	0.0665159	0.00181853	0.00925741	0.0339808	0.00677622	0.307982	0.00663913	0.00491184	0.0547205	0.0424325	0.0539098	0.0878367	0.149343	0.0731284	0.028459	0.00659112	0.00324838
170	0.00642212	0.000302714	0.00619873	0.0336931	0.000909526	0.00180622	0.0149309	0.00339337	0.632401	0.00696128	0.00810432	0.0194992	0.00418581	0.053353	0.170097	0.0108171	0.0175479	0.00484871	0.00133306	0.00319519
171	0.0678816	0.0021389	0.00233149	0.00939373	0.00286491	0.00108915	0.0028109	0.00101021	0.00788865	0.0129965	0.00112317	0.00368723	0.828012	0.00748737	0.007356	0.0288431	0.00618763	0.00588932	0.000285418	0.000722265
172	0.101978	0.00131065	0.190654	0.358239	0.00125459	0.00964796	0.0104206	0.01187	0.0843132	0.016177	0.00514039	0.0276721	0.00415215	0.0391716	0.0136483	0.0493139	0.0409206	0.0327629	0.00056576	0.000788392
173	0.042487	0.000283255	0.438485	0.110067	0.00411976	0.0314278	0.00898221	0.00129459	0.0554509	0.00420743	0.00555636	0.129091	0.00616059	0.0114454	0.00287755	0.0775097	0.0502709	0.00604268	0.000301974	0.013939
174	0.00218953	0.000340152	0.00150483	0.00177606	0.0176411	0.00658525	0.00106745	0.00144005	0.00207514	0.0110252	0.00193791	0.00169278	0.000963076	0.00154754	0.0012977	0.0135427	0.00173716	0.00279941	0.908568	0.0202686
175	0.0178893	0.00200582	0.134752	0.275041	0.00601532	0.00980043	0.0430823	0.0111483	0.0140631	0.0114474	0.00812051	0.0104799	0.00706004	0.0101536	0.00859617	0.0178151	0.0138959	0.388837	0.00308435	0.00671263
176	0.0262923	0.000180391	0.414742	0.439909	0.00521269	0.00536401	0.00802709	0.00553546	0.0181444	0.00589574	0.000555297	0.0235348	0.00174686	0.00373313	0.00218339	0.0126613	0.0139818	0.0114692	0.000288657	0.000542432
177	0.034574	0.000573386	0.0593234	0.161075	0.00137839	0.00513865	0.0149854	0.020733	0.241698	0.00690657	0.00582446	0.117782	0.00365222	0.0991366	0.115612	0.0323626	0.0277513	0.046941	0.000645721	0.00390573
178	0.152279	0.000587363	0.00783109	0.258845	0.000963532	0.00228857	0.00142522	0.0390924	0.0639132	0.0133732	0.0076074	0.00714585	0.24145	0.04266	0.0256895	0.0441436	0.0465014	0.0425572	0.000483952	0.00116263
179	0.0178286	0.000773229	0.00493589	0.0564458	0.168684	0.00334946	0.0297975	0.00374869	0.0619463	0.0358692	0.0818911	0.0546074	0.00310705	0.118989	0.0231988	0.0636363	0.154986	0.0170732	0.00120444	0.0979276
180	0.0163622	0.000176047	0.0036732	0.00117353	0.0313354	0.000682118	0.000972449	0.57261	0.00585307	0.128822	0.0571203	0.000938379	0.00147062	0.00171482	0.00289319	0.00291076	0.00452221	0.162999	0.000582718	0.00318811
181	0.104092	0.000966454	0.429157	0.0774794	0.00227052	0.00283004	0.00691394	0.0191664	0.023184	0.00396586	0.00286319	0.00585353	0.189037	0.0101287	0.00367816	0.0376464	0.0211049	0.0561257	0.00116163	0.00237488
182	0.00519885	0.000138383	0.785619	0.0285448	0.00207118	0.00869423	0.0107953	0.000798801	0.00623994	0.000976609	0.000540437	0.111016	0.00144633	0.00474962	0.00352336	0.0208914	0.00403742	0.00352947	0.000223476	0.000964736
183	0.0885472	0.0025512	0.00308456	0.0347173	0.00237354	0.000831524	0.00326823	0.00284785	0.0103636	0.0140011	0.00110172	0.00331454	0.771783	0.0120628	0.00826458	0.0278051	0.00563578	0.00647615	0.000230885	0.000739125
184	0.0507022	0.000179996	0.295742	0.167073	0.00365799	0.0376215	0.0107469	0.000683096	0.064944	0.00424388	0.00740219	0.143985	0.00766548	0.0135115	0.00262402	0.103167	0.0667054	0.00564487	0.000187132	0.0135128
185	0.090892	0.0011827	0.236082	0.355787	0.00212249	0.0140347	0.00730898	0.00819489	0.0648088	0.0121969	0.00476697	0.0360173	0.00720597	0.0388416	0.00960686	0.050819	0.0364635	0.0212184	0.00044126	0.00200846
186	0.0865381	0.00200427	0.00281654	0.00952403	0.00431733	0.00163658	0.00265004	0.00145461	0.00834417	0.0165358	0.00172439	0.00345966	0.786628	0.00765532	0.00910599	0.0347926	0.0106877	0.00854902	0.000264531	0.00131139
187	0.315836	0.00168994	0.00654789	0.24087	0.00304764	0.00398982	0.00387525	0.0118151	0.191723	0.00681464	0.00385638	0.0059254	0.00398671	0.0563843	0.0800141	0.0336963	0.011958	0.0112165	0.00197364	0.00477928
188	0.0337351	0.000743406	0.0064982	0.0531305	0.112336	0.00413039	0.040408	0.00499305	0.0381355	0.0705332	0.0344742	0.0780605	0.00268774	0.140971	0.0253146	0.0475624	0.160257	0.0313736	0.0027866	0.111869
189	0.0112987	0.000253947	0.0024095	0.00147425	0.0183366	0.000977107	0.000951931	0.376965	0.0027502	0.400892	0.0172374	0.00123522	0.00161484	0.00267478	0.00337945	0.0037777	0.00356353	0.14555	0.00381728	0.000840513
190	0.104431	0.00039124	0.00197017	0.0026449	0.00181458	0.0061829	0.00152986	0.010198	0.0425065	0.064584	0.0145976	0.00221192	0.509424	0.0256811	0.033383	0.0439545	0.072694	0.0593226	0.000682512	0.00179475
