344	20
1	0.0651019	0.0200893	0.0514688	0.016145	0.00746951	0.0258417	0.0083065	0.0074065	0.0133311	0.00814987	0.0135015	0.044221	0.023174	0.0253624	0.0184225	0.37444	0.267295	0.00563743	0.00124269	0.00339295
2	0.0398616	0.0136554	0.096779	0.0445249	0.00940107	0.0636869	0.0775557	0.00525165	0.045294	0.00526195	0.00687301	0.220941	0.0262968	0.0765927	0.02938	0.157637	0.0628276	0.014682	0.000498836	0.0029987
3	0.0733336	0.0204615	0.0139584	0.0392286	0.0236382	0.0172565	0.0380945	0.114502	0.0292304	0.0994609	0.076824	0.0199775	0.0329354	0.0356136	0.0433053	0.0901351	0.0790039	0.128489	0.00682174	0.0177293
4	0.0756596	0.013288	0.050613	0.0201897	0.00708108	0.018922	0.00452306	0.00853917	0.012264	0.0101509	0.0194563	0.0413094	0.0247973	0.0143585	0.0185194	0.354123	0.296291	0.00645819	0.00110129	0.00235562
5	0.0421307	0.00482826	0.0256169	0.0387877	0.0116622	0.0144484	0.0699721	0.0127942	0.190305	0.0831311	0.0337737	0.0351962	0.00285885	0.0559247	0.283546	0.0282378	0.0189956	0.0128035	0.00166122	0.0333261
6	0.0440814	0.00675776	0.227521	0.28852	0.0111777	0.00570563	0.0211547	0.0120078	0.0514531	0.0268124	0.0166278	0.0511201	0.0487432	0.0742479	0.0167246	0.0364199	0.0273291	0.0306293	0.000295438	0.00267091
7	0.0614755	0.00429868	0.0101221	0.0387702	0.00186764	0.00976995	0.0330542	0.0167604	0.294016	0.0157745	0.0136119	0.0244111	0.00254754	0.07178	0.292329	0.054256	0.0251882	0.0150609	0.000755184	0.014151
8	0.271791	0.012496	0.0271588	0.018648	0.0280819	0.0245619	0.0108573	0.0429669	0.0437101	0.0335258	0.0177078	0.0141858	0.0399226	0.00966458	0.016946	0.072133	0.0592982	0.239888	0.00252248	0.0139343
9	0.110915	0.00647382	0.128639	0.215115	0.0109481	0.0260483	0.0174164	0.0196926	0.034779	0.0514225	0.0428135	0.0365846	0.0151621	0.0863841	0.0219806	0.0590214	0.0870096	0.0247391	0.0011075	0.0037477
10	0.149401	0.0381669	0.0150645	0.056164	0.0184904	0.0137538	0.0187521	0.0742173	0.0330142	0.0834802	0.0698355	0.0162416	0.0303419	0.0271134	0.0276461	0.0802389	0.0575566	0.159815	0.00508573	0.0256203
11	0.560989	0.0294957	0.00505409	0.01248	0.0187466	0.0191498	0.00498004	0.0133268	0.00670392	0.00682688	0.00318397	0.0328415	0.0038569	0.003682	0.00453609	0.114272	0.0960036	0.0487316	0.000899322	0.0142403
12	0.0387678	0.00557723	0.0627452	0.094294	0.00366511	0.0104782	0.0263781	0.0186887	0.318022	0.0156503	0.0130045	0.0396362	0.00807505	0.0703301	0.15254	0.0574323	0.0371067	0.0198065	0.00133221	0.00646959
13	0.0399625	0.0114222	0.0945134	0.0516272	0.00817638	0.0527337	0.0845274	0.00453789	0.0447759	0.00576155	0.00649239	0.257825	0.0221859	0.0828668	0.0284502	0.131832	0.0562674	0.0120121	0.000620611	0.00340912
14	0.0281436	0.0243503	0.0467716	0.0238867	0.146114	0.0346289	0.131185	0.013436	0.0158539	0.10159	0.0514277	0.0318953	0.00568736	0.0443489	0.0890276	0.0182209	0.015425	0.0142206	0.00402208	0.159765
15	0.167366	0.0308624	0.0197934	0.022649	0.030509	0.021063	0.0658453	0.0327463	0.0337355	0.0367916	0.0252001	0.0268488	0.0130558	0.0315631	0.0852835	0.0377696	0.0347338	0.117171	0.00467698	0.162335
16	0.0449944	0.00349366	0.0160488	0.0625142	0.00104133	0.00303155	0.0242254	0.0217626	0.299682	0.0129293	0.0167501	0.0399785	0.00109309	0.0891326	0.217567	0.0690009	0.0429171	0.0256806	0.000465516	0.00769145
17	0.119946	0.00855964	0.0365254	0.0895835	0.0051183	0.0234152	0.0163736	0.0202568	0.0644659	0.0246668	0.0220414	0.158223	0.00581498	0.0379195	0.0321767	0.23	0.0879795	0.00993243	0.00138004	0.00562074
18	0.028604	0.00592116	0.00451735	0.00543343	0.155088	0.00921752	0.00859385	0.168538	0.0049032	0.347562	0.0452071	0.00413465	0.00532426	0.0126263	0.00858167	0.0134432	0.0200288	0.115565	0.00790059	0.0288094
19	0.0386041	0.00784184	0.117749	0.472572	0.00393092	0.0111741	0.00683742	0.00745049	0.061583	0.0168153	0.00920047	0.0277508	0.0097671	0.103357	0.0312092	0.0172654	0.0216864	0.0325895	0.000835633	0.00177985
20	0.0399812	0.00435861	0.0140965	0.0536523	0.000653659	0.00352466	0.0273607	0.0202421	0.32585	0.0135258	0.0204019	0.0346589	0.000910594	0.100651	0.228379	0.0465176	0.0351119	0.0230831	0.00025997	0.00677984
21	0.049392	0.00395545	0.0138819	0.056632	0.00105864	0.00404059	0.0268366	0.020301	0.302284	0.0138506	0.0224748	0.0382903	0.00111401	0.0949408	0.214222	0.056372	0.0387957	0.0303842	0.00036678	0.0108066
22	0.0364242	0.013085	0.00506065	0.00880755	0.0160994	0.00593168	0.00691336	0.196078	0.00373273	0.35384	0.152848	0.00543515	0.00648724	0.0120513	0.00770705	0.00930193	0.0135335	0.134933	0.000936161	0.0107937
23	0.0703417	0.00482015	0.113845	0.365061	0.00440516	0.0211488	0.00317181	0.00814325	0.0908355	0.0219382	0.00825135	0.0373907	0.00613173	0.130108	0.0497506	0.0211638	0.0178273	0.0228533	0.000759413	0.00205422
24	0.0348349	0.00383204	0.317114	0.295045	0.00366375	0.0250781	0.0210519	0.00474644	0.0284389	0.0134499	0.00728511	0.0681824	0.0224038	0.0345313	0.018196	0.0492312	0.0322431	0.0149266	0.000227646	0.00551792
25	0.092823	0.0138509	0.047262	0.104909	0.0229455	0.018746	0.0194733	0.0862432	0.0235756	0.0963479	0.0550845	0.0246078	0.0414148	0.0459578	0.0278107	0.108028	0.0653389	0.0898632	0.00638651	0.00933095
26	0.019844	0.00920295	0.266921	0.165754	0.00682075	0.145343	0.0285541	0.0048616	0.0282107	0.00761807	0.00362935	0.129564	0.0112347	0.0561567	0.0241337	0.0575743	0.0200501	0.00847648	0.000824806	0.00522624
27	0.0389782	0.00354969	0.00308881	0.00267391	0.0223778	0.00843031	0.00535321	0.225303	0.00232571	0.43212	0.0326922	0.00222719	0.00415065	0.0162253	0.00292318	0.00460816	0.0102215	0.165537	0.000449766	0.0167646
28	0.07251	0.0224209	0.0115218	0.0126858	0.00453058	0.0394491	0.00809946	0.0131028	0.0355101	0.0457806	0.0072694	0.0114314	0.257435	0.0141218	0.0459539	0.279596	0.0940526	0.015567	0.00410715	0.00485486
29	0.0482711	0.00520198	0.226112	0.262977	0.00841101	0.00582331	0.0165171	0.0117209	0.0631116	0.0261059	0.0163562	0.0541243	0.0550873	0.0780926	0.022877	0.0363636	0.0270762	0.0330874	0.000346367	0.00233749
30	0.0446958	0.00512396	0.173681	0.3742	0.00633306	0.0102734	0.0105716	0.00942238	0.0630323	0.0270166	0.0147181	0.0372049	0.0241676	0.0986824	0.0275576	0.024993	0.0212962	0.0249528	0.000411273	0.00166648
31	0.0480111	0.00504168	0.115564	0.432319	0.00330519	0.0134359	0.0034663	0.0073204	0.076367	0.0212098	0.00896263	0.0314528	0.00709291	0.119619	0.0397228	0.0184561	0.0197538	0.0268675	0.000561613	0.00147068
32	0.0306872	0.00593118	0.0139849	0.0462466	0.000658606	0.00303704	0.0297698	0.0204052	0.39347	0.0122706	0.0165496	0.0263555	0.00243784	0.0787796	0.231383	0.0352218	0.0259477	0.0206434	0.000271374	0.00594931
33	0.0175554	0.0076558	0.00507165	0.00806968	0.0267475	0.00392497	0.00913769	0.189979	0.0366815	0.297873	0.179399	0.00441038	0.00519561	0.0128373	0.0978111	0.00990962	0.0387111	0.0357485	0.00999725	0.00328379
34	0.0200293	0.00738502	0.00585235	0.00927355	0.0257015	0.00477618	0.00972088	0.18307	0.0391015	0.284688	0.168007	0.00530447	0.0061676	0.0137784	0.11025	0.0129532	0.0411646	0.0373605	0.0117041	0.00371158
35	0.0484341	0.00371442	0.0148588	0.0630523	0.000948235	0.00359281	0.0248573	0.0202723	0.29282	0.0133237	0.0167156	0.0356107	0.00113659	0.0939717	0.219479	0.0741537	0.0384554	0.0254903	0.000522963	0.00859079
36	0.0399622	0.00383232	0.119207	0.179483	0.0488856	0.0085577	0.118219	0.0195924	0.0381761	0.0327816	0.0260997	0.0836102	0.00850761	0.143188	0.0166898	0.0423165	0.0261198	0.0142919	0.000995406	0.0294842
37	0.0355127	0.00685049	0.00740552	0.00772847	0.401696	0.0147216	0.0411796	0.0277445	0.00659596	0.200837	0.0174361	0.00770081	0.00487546	0.0112309	0.00734675	0.0208771	0.02694	0.0462092	0.0420588	0.0650531
38	0.0958025	0.00748833	0.129108	0.232589	0.0168296	0.0334793	0.0226117	0.0112668	0.0518298	0.0248199	0.0149005	0.0724421	0.0151487	0.112072	0.0391829	0.0655349	0.0303339	0.0198017	0.00110799	0.0036499
39	0.0347605	0.0056304	0.0136888	0.0520454	0.000666668	0.00324094	0.0288794	0.0205091	0.340067	0.0148055	0.0201382	0.0321711	0.00146309	0.096741	0.236731	0.0391699	0.0302162	0.0224133	0.000282541	0.00638027
40	0.039811	0.00436243	0.0145164	0.053082	0.000758733	0.00367614	0.0268011	0.0197023	0.334175	0.0136329	0.0183215	0.0330136	0.00122948	0.0930514	0.229003	0.0497176	0.0355986	0.0218731	0.000329175	0.00734412
41	0.0384729	0.00721193	0.148563	0.393113	0.00691733	0.0170852	0.0178921	0.0107012	0.0554941	0.0194976	0.0111073	0.0395118	0.0143947	0.0774935	0.0394421	0.0387133	0.0317129	0.0236234	0.00267154	0.00638184
42	0.0329132	0.0157097	0.0162473	0.0239764	0.017112	0.0440965	0.0216753	0.0655731	0.0336712	0.0684862	0.0525336	0.0246188	0.0195395	0.0242905	0.144274	0.177836	0.144071	0.0564959	0.00552018	0.0113596
43	0.0558908	0.00499072	0.123529	0.37198	0.00424966	0.016548	0.00708567	0.00834919	0.0898622	0.0216727	0.00884201	0.0431851	0.0117054	0.115703	0.0461307	0.0220757	0.0202547	0.0251098	0.00070666	0.00212893
44	0.00244839	0.0166156	0.00245574	0.00634501	0.274838	0.00143208	0.0412252	0.0196029	0.0032843	0.0130327	0.00718896	0.0151828	0.00055775	0.00941222	0.0076958	0.0106118	0.00699749	0.0146215	0.00610525	0.540347
45	0.0210292	0.00997042	0.00585932	0.0113389	0.0344436	0.00448004	0.014111	0.179438	0.0218753	0.324956	0.170035	0.00609639	0.0075597	0.0199517	0.0558727	0.0163594	0.0439173	0.0407497	0.00689907	0.0050575
46	0.0263497	0.00969447	0.0109116	0.0156455	0.0055499	0.0242936	0.0559513	0.012482	0.243812	0.0248286	0.00924207	0.0113132	0.00968634	0.044607	0.420745	0.0271875	0.0126982	0.00632397	0.00165631	0.0270219
47	0.0365	0.0132128	0.0126073	0.0478879	0.0542418	0.0347061	0.0130439	0.109949	0.0202163	0.203457	0.064928	0.0187046	0.0315039	0.0346289	0.110499	0.0968473	0.0381889	0.0435323	0.00644913	0.00889538
48	0.0406749	0.00438642	0.0137598	0.0488008	0.00198265	0.00586241	0.027114	0.0189888	0.32163	0.0166258	0.0263394	0.0328204	0.00130232	0.0977502	0.221527	0.0515239	0.0386511	0.0214476	0.000792272	0.00802042
49	0.0325767	0.0123283	0.0243078	0.032558	0.00690148	0.0423504	0.0359212	0.0198726	0.199393	0.0223688	0.0105391	0.0187459	0.0362304	0.0657448	0.318071	0.0596056	0.0236084	0.017307	0.00670057	0.0148687
50	0.0658133	0.00477191	0.0166131	0.0455139	0.00280996	0.0082847	0.035209	0.0237542	0.259464	0.0149866	0.0171058	0.045484	0.00177116	0.0853444	0.216834	0.0654777	0.0613328	0.0202011	0.000711691	0.00851623
51	0.0280983	0.00606949	0.0129786	0.0417439	0.00115242	0.00411717	0.0332281	0.0197603	0.328906	0.0143931	0.0153278	0.0289423	0.00402191	0.0682924	0.314671	0.0315419	0.0226426	0.0176343	0.000281052	0.00619683
52	0.0259414	0.0143144	0.0101949	0.0135626	0.0187645	0.00429995	0.0128856	0.182931	0.00982945	0.330091	0.185648	0.00802761	0.0128466	0.0132485	0.0181229	0.0204752	0.024619	0.084548	0.00338559	0.00626462
53	0.0516064	0.0402286	0.0603136	0.0132796	0.00699302	0.0718262	0.0122571	0.00935186	0.0145009	0.00725606	0.0106286	0.0579884	0.0186401	0.0290769	0.0196476	0.327879	0.238522	0.00596153	0.00101128	0.00303138
54	0.223927	0.00965524	0.0206548	0.0146685	0.0425633	0.033344	0.0130892	0.070487	0.0274389	0.0700655	0.0269602	0.0135334	0.0397646	0.00800175	0.0261416	0.0396449	0.062347	0.23914	0.00401156	0.0145623
55	0.0256295	0.00299408	0.356779	0.310278	0.00215809	0.0269362	0.0207294	0.00224982	0.0176555	0.00866248	0.00459738	0.0705814	0.0207855	0.0160148	0.015552	0.0491567	0.0300989	0.0120775	0.000195759	0.00686791
56	0.0493597	0.00875126	0.200352	0.184604	0.0152239	0.0129653	0.0223562	0.039259	0.0385901	0.0626315	0.0438207	0.0573135	0.0398735	0.0587658	0.023075	0.0592008	0.0381718	0.0382315	0.00195947	0.00549421
57	0.00744637	0.0174655	0.00555304	0.00692441	0.2883	0.00439389	0.0445772	0.0171427	0.00471269	0.0307246	0.0150745	0.0175643	0.00129306	0.0107323	0.0117787	0.0127236	0.00856548	0.0166584	0.019221	0.459148
58	0.0158762	0.00833423	0.184113	0.545529	0.00324504	0.0139778	0.0130619	0.00362462	0.0183976	0.00783771	0.00468867	0.0261965	0.0110989	0.0592493	0.0153993	0.0194507	0.0271482	0.018349	0.00136864	0.00305387
59	0.0662284	0.0132119	0.0145567	0.0248054	0.0166131	0.0349747	0.0143835	0.0525572	0.0502683	0.103301	0.0759681	0.0335599	0.104707	0.0673848	0.0253995	0.130779	0.0774211	0.0771878	0.00728552	0.00940782
60	0.028048	0.00364675	0.00204283	0.00252705	0.0281838	0.0108569	0.00541432	0.287176	0.00242384	0.333501	0.0392873	0.00178353	0.00339604	0.0110627	0.00445226	0.00440683	0.0139393	0.197537	0.000748857	0.0195659
61	0.0596274	0.00432697	0.0333373	0.0485079	0.00293032	0.00598576	0.0206765	0.0191133	0.338052	0.0129218	0.0124848	0.0379816	0.00372829	0.0542394	0.144626	0.0991615	0.0776981	0.0174063	0.000993457	0.00620144
62	0.0345376	0.0240303	0.00456544	0.00807347	0.0308897	0.00409738	0.00768759	0.282343	0.0068762	0.0739321	0.0347574	0.00563102	0.01609	0.00818801	0.013331	0.0299637	0.0658855	0.339706	0.00208791	0.00732649
63	0.028603	0.0153782	0.00855249	0.0181496	0.0282621	0.00973681	0.0111577	0.238771	0.0288599	0.214873	0.102209	0.0100244	0.0115825	0.0210286	0.0683824	0.0317664	0.045612	0.0912195	0.00619973	0.00963183
64	0.0448242	0.00793932	0.0712108	0.0342204	0.0167487	0.452634	0.0173153	0.0230698	0.028077	0.0156057	0.00657139	0.0564771	0.0212538	0.0195917	0.0237162	0.099784	0.0351508	0.0176025	0.00230323	0.00590443
65	0.0275468	0.00661555	0.0124929	0.0443284	0.00105819	0.00384623	0.0314436	0.0202333	0.336411	0.0127706	0.0140712	0.024188	0.00436484	0.0692619	0.306697	0.0321727	0.0235807	0.0214501	0.000287165	0.00717935
66	0.095068	0.0088779	0.0643874	0.0285109	0.0182915	0.390625	0.0167901	0.0247498	0.026072	0.0232238	0.00959949	0.0466756	0.0219414	0.0179991	0.0241916	0.0977576	0.0418048	0.0310409	0.00318931	0.00920397
67	0.0438706	0.00703923	0.08929	0.272002	0.00683284	0.0132521	0.0262198	0.014121	0.122308	0.0249662	0.014627	0.0502858	0.0116921	0.106261	0.0742364	0.0536311	0.0356316	0.0251988	0.00124556	0.00728898
68	0.0692414	0.0273977	0.0244648	0.0346875	0.0254691	0.0206497	0.0187539	0.110264	0.0792311	0.0599067	0.0314088	0.0225271	0.0196616	0.0338554	0.0958717	0.0465862	0.0526338	0.206428	0.00453736	0.0164238
69	0.0345642	0.0101028	0.0226597	0.0272082	0.0496227	0.0285349	0.0514711	0.0312134	0.119277	0.0375244	0.0462356	0.0254052	0.0117632	0.0631968	0.18731	0.101754	0.0560487	0.0247029	0.0316365	0.0397694
70	0.034807	0.00250609	0.00220735	0.00211785	0.0236815	0.0082192	0.00487511	0.235383	0.00178347	0.428355	0.0297163	0.00158101	0.00372182	0.0162621	0.00248018	0.00364586	0.00997295	0.17083	0.000430934	0.017423
71	0.0731904	0.161319	0.0183954	0.012591	0.0151685	0.00942002	0.00991797	0.0960593	0.0117252	0.0317261	0.022567	0.00832347	0.00977152	0.0165261	0.0129785	0.0205082	0.0370899	0.411427	0.00171217	0.0195832
72	0.0219324	0.0182364	0.116469	0.0285206	0.010266	0.292083	0.0464128	0.0129067	0.0465195	0.0049669	0.00315569	0.125531	0.0106587	0.0448248	0.027921	0.131146	0.0487445	0.00618509	0.000700506	0.00281923
73	0.0280955	0.00605738	0.0776613	0.092041	0.0104512	0.0301324	0.144811	0.0108054	0.0772566	0.0166912	0.0083885	0.168512	0.00781305	0.116691	0.029317	0.0907177	0.0562207	0.0127242	0.000584844	0.015029
74	0.0201398	0.0237752	0.00143601	0.0016256	0.0317013	0.00234795	0.00339468	0.378592	0.00224118	0.0726908	0.030049	0.00185937	0.0080269	0.00316875	0.00852705	0.0139061	0.0549625	0.33301	0.000301328	0.00824451
75	0.00247372	0.0159158	0.00246329	0.00656466	0.270446	0.00146751	0.0388812	0.0164372	0.00313225	0.0123411	0.00796562	0.0168574	0.000622849	0.00885265	0.00778616	0.0104751	0.00727428	0.0136219	0.00590499	0.550516
76	0.087647	0.0152888	0.0138037	0.0202265	0.0293942	0.0160617	0.0143181	0.167638	0.0149612	0.244602	0.0603067	0.0132988	0.0264394	0.0196554	0.0225641	0.0396093	0.0456301	0.129274	0.00475179	0.0145291
77	0.0324393	0.00989847	0.00779859	0.0125402	0.0270887	0.00959739	0.0136109	0.18551	0.0113373	0.320129	0.114928	0.00821253	0.00985915	0.028134	0.0210137	0.0219757	0.0256013	0.110679	0.00307995	0.0265664
78	0.0254588	0.00782706	0.0146958	0.0338087	0.00154363	0.00550582	0.0338375	0.0185388	0.352575	0.0138516	0.0120607	0.019507	0.00634508	0.0590376	0.31523	0.0347179	0.0234297	0.0140163	0.000588034	0.00742487
79	0.0453622	0.0171756	0.0154914	0.0349139	0.0325623	0.016101	0.0187344	0.116387	0.0645412	0.119129	0.0548096	0.0185097	0.0327831	0.0482947	0.0550781	0.106281	0.0773114	0.106651	0.00776586	0.0121172
80	0.0219008	0.0159972	0.00572051	0.013303	0.0236563	0.00240691	0.0076611	0.155292	0.00731409	0.404602	0.214153	0.00694724	0.00624719	0.0118431	0.0165632	0.0111868	0.0184971	0.050937	0.00247683	0.00329462
81	0.00543663	0.0126083	0.00898173	0.0130817	0.00134395	0.00526468	0.0402622	0.018194	0.315071	0.00656535	0.00474283	0.0064715	0.0126235	0.0393722	0.469456	0.0169962	0.0101862	0.00647359	0.000468535	0.00639974
82	0.03938	0.0067498	0.0327802	0.0785757	0.00499009	0.0125229	0.0317964	0.0197147	0.287246	0.0194495	0.0171168	0.0341955	0.00900576	0.0913834	0.202534	0.0478978	0.0301232	0.023312	0.00175316	0.00947263
83	0.168052	0.01272	0.0456693	0.0391884	0.00795566	0.0133164	0.00603934	0.0102364	0.0450187	0.0103769	0.0130987	0.0681232	0.0133804	0.013958	0.0168238	0.29775	0.204169	0.00933528	0.00120604	0.0035825
84	0.0394825	0.00509658	0.296286	0.247231	0.00984624	0.00789726	0.0211706	0.0108851	0.0444514	0.0263671	0.0166675	0.0548046	0.0564238	0.0555959	0.0145063	0.0360181	0.0254714	0.0274668	0.000272948	0.00405972
85	0.0277007	0.0147473	0.00503566	0.0103155	0.0227759	0.00604912	0.00762557	0.235971	0.00798095	0.287379	0.129664	0.00536056	0.00733074	0.0118459	0.016277	0.0154399	0.0274065	0.148493	0.00255065	0.0100519
86	0.0277849	0.014071	0.00171193	0.00148601	0.0281347	0.00512384	0.00445343	0.277612	0.00213781	0.182153	0.0223935	0.00178912	0.0104864	0.0058565	0.0049812	0.0101338	0.044284	0.344675	0.000293192	0.0104385
87	0.0424159	0.00379389	0.01454	0.0705716	0.00107726	0.00314017	0.0240068	0.0250506	0.294128	0.0145934	0.0188374	0.0379467	0.00122761	0.0875688	0.222839	0.0615449	0.0419144	0.0270827	0.000425271	0.00729615
88	0.00504533	0.0120358	0.00767697	0.0101915	0.00134884	0.00550355	0.0416237	0.0161712	0.305425	0.00662713	0.0031215	0.0045861	0.0130103	0.0330286	0.495757	0.017386	0.00940404	0.00454135	0.000419927	0.0070967
89	0.0321645	0.00897827	0.123497	0.133765	0.0101725	0.0772861	0.0807218	0.0114215	0.0888962	0.028898	0.00936942	0.132471	0.0138671	0.0747459	0.0398338	0.0700641	0.0371674	0.0152278	0.00111236	0.0103403
90	0.052307	0.0136675	0.0702871	0.123874	0.0194199	0.0320048	0.0386403	0.0335904	0.109737	0.0436167	0.0233939	0.0518255	0.018537	0.116871	0.0935464	0.0597203	0.0411463	0.0352749	0.00421656	0.0183237
91	0.0260284	0.026964	0.00259468	0.00428766	0.0303624	0.00249403	0.00516779	0.307312	0.00459109	0.0670611	0.0276776	0.00326485	0.0120168	0.0049779	0.00973662	0.0216091	0.0663096	0.371033	0.000788829	0.00572278
92	0.20974	0.011075	0.0524356	0.128817	0.0103983	0.0947876	0.0388988	0.111932	0.0162016	0.0587436	0.0202765	0.0166531	0.0133557	0.0210891	0.0160025	0.070094	0.0660229	0.0297557	0.00458375	0.0091368
93	0.0365851	0.011455	0.0700314	0.0589734	0.00927649	0.0450892	0.103935	0.0124207	0.107902	0.016174	0.0129057	0.15518	0.0113954	0.0772952	0.0755383	0.114915	0.05378	0.0157566	0.00162011	0.00977081
94	0.0629756	0.0546218	0.00849384	0.0098143	0.0259576	0.00630185	0.00711695	0.22432	0.00720137	0.0589459	0.0244019	0.00625144	0.0133454	0.00911714	0.0121452	0.022848	0.054052	0.380508	0.00113868	0.0104427
95	0.00434783	0.012138	0.00728121	0.0093029	0.00136178	0.00542668	0.0418077	0.0164149	0.298379	0.0061025	0.00271445	0.0040914	0.0130284	0.0318526	0.507626	0.01737	0.00933601	0.00418487	0.000416658	0.00681739
96	0.179249	0.019493	0.0314524	0.0216066	0.0101608	0.014407	0.00418513	0.00925672	0.0285314	0.008193	0.00989195	0.0424288	0.0178445	0.0103196	0.0135645	0.358687	0.206573	0.00956501	0.00124254	0.0033484
97	0.0591804	0.0140293	0.0909532	0.211544	0.0206497	0.0194696	0.0236765	0.0738578	0.0522127	0.0682427	0.0358277	0.0353752	0.02514	0.0634144	0.0408995	0.0532391	0.0439667	0.0502124	0.00536898	0.0127406
98	0.0241406	0.00866215	0.0104841	0.0241486	0.00332559	0.01139	0.0443167	0.015632	0.280988	0.0200762	0.00897827	0.0131969	0.00867445	0.0474016	0.401152	0.0299974	0.0161856	0.0100376	0.00144407	0.019768
99	0.0344739	0.00580017	0.427598	0.15236	0.0176201	0.0389889	0.0447042	0.00621243	0.0246605	0.0128747	0.00792657	0.0764281	0.0199017	0.03829	0.0143756	0.0360629	0.017006	0.015324	0.000632354	0.00876021
100	0.0293515	0.00311384	0.00181903	0.00163701	0.0235994	0.0102985	0.00521929	0.298628	0.00156638	0.312071	0.0290247	0.00151623	0.0035974	0.0106278	0.00266847	0.00362065	0.0149093	0.225845	0.000328013	0.0205595
101	0.023072	0.016196	0.00632488	0.0141258	0.0231998	0.00292565	0.00858097	0.153011	0.00904581	0.38993	0.21894	0.00764199	0.00649135	0.0123931	0.0186746	0.0121854	0.019439	0.0510483	0.00284172	0.00393157
102	0.487676	0.0257406	0.0100314	0.0258372	0.014766	0.0186566	0.00664264	0.017626	0.0124244	0.0139336	0.00947518	0.0370022	0.00806083	0.00757642	0.00703003	0.108834	0.0707806	0.10585	0.00136161	0.0106945
103	0.0513569	0.00503989	0.129394	0.381262	0.005652	0.0123126	0.0110959	0.0087723	0.0725574	0.0247853	0.0147528	0.0377059	0.0132471	0.116341	0.0370597	0.0268598	0.0236755	0.0251713	0.000560213	0.00239755
104	0.284436	0.0259369	0.0152483	0.0243978	0.0174759	0.0186618	0.0274238	0.0440137	0.0184517	0.0608764	0.0235721	0.0224246	0.0338106	0.0181355	0.0188844	0.142716	0.0955191	0.0924542	0.00443443	0.0111264
105	0.0386886	0.00732783	0.328042	0.106873	0.0107698	0.051283	0.0645692	0.00440315	0.0380247	0.00874319	0.00515515	0.117729	0.013788	0.0585856	0.0252249	0.0655355	0.0318221	0.0157839	0.00050799	0.00714293
106	0.0332639	0.0207826	0.109756	0.0416827	0.0183533	0.0823179	0.0818482	0.00509623	0.0345096	0.00458192	0.00504334	0.180431	0.0148825	0.0630088	0.0295478	0.207864	0.0537226	0.00984518	0.000653138	0.00281006
107	0.0220923	0.0297872	0.00554933	0.00628787	0.20154	0.00430963	0.0378036	0.0103906	0.00474354	0.0181919	0.0163172	0.00894708	0.00266723	0.00725374	0.00731084	0.0216068	0.0196789	0.00789218	0.307094	0.260535
108	0.0245954	0.0205644	0.00164044	0.00189708	0.0305116	0.00284491	0.00505018	0.312378	0.00289588	0.0927498	0.0229802	0.00219313	0.0105582	0.00339542	0.00687765	0.0142972	0.0615473	0.37574	0.000383171	0.00690053
109	0.0496313	0.0213921	0.00817675	0.0122917	0.0299027	0.00806612	0.0100824	0.240641	0.0130308	0.0683924	0.0328573	0.0116186	0.0171757	0.0113411	0.0183799	0.0497985	0.0905041	0.295686	0.00254073	0.00849049
110	0.0481332	0.00432382	0.024042	0.0497227	0.00212547	0.00570334	0.0289264	0.0193586	0.365811	0.0178268	0.0153316	0.0309482	0.00248352	0.0683065	0.180532	0.0593133	0.049006	0.0197889	0.000724088	0.00759232
111	0.0221977	0.0157301	0.00548812	0.0128491	0.023824	0.00255658	0.00788048	0.159432	0.00832353	0.393003	0.214688	0.00663015	0.00651473	0.012111	0.0181139	0.0110543	0.0191043	0.0539727	0.00276569	0.00376051
112	0.00312884	0.0235679	0.00527751	0.00601156	0.274492	0.00377763	0.0567833	0.0177162	0.00485786	0.0199239	0.00902503	0.0189027	0.000780639	0.0111075	0.00886519	0.0104169	0.00689762	0.0144818	0.00588294	0.498103
113	0.00462929	0.0175146	0.00257426	0.00648292	0.260206	0.00157979	0.0388562	0.0168991	0.00337863	0.0138845	0.00743618	0.0159867	0.000848218	0.00963332	0.00981109	0.0107911	0.00814625	0.0155262	0.00600405	0.549811
114	0.193391	0.0252752	0.0295212	0.0175505	0.0111446	0.0146424	0.00539143	0.0161289	0.0170409	0.0158269	0.00996776	0.0340602	0.0214035	0.0104751	0.0135383	0.307826	0.236732	0.0141841	0.00152042	0.0043794
115	0.0427092	0.0196514	0.0470955	0.0320021	0.208833	0.0387203	0.0495756	0.0270059	0.0192225	0.0545653	0.0203043	0.0623647	0.0102672	0.0286007	0.0238913	0.0519656	0.0291899	0.0318057	0.00850857	0.193721
116	0.0375952	0.0134749	0.143558	0.111525	0.0652039	0.026755	0.0988493	0.0180754	0.0347159	0.0337067	0.0233082	0.0811981	0.0170892	0.112454	0.0295773	0.0607092	0.0333273	0.0200539	0.00432079	0.0345029
117	0.0376534	0.00883129	0.290544	0.142399	0.011811	0.0420988	0.0472318	0.00932353	0.0392297	0.0177677	0.0108865	0.101634	0.0246215	0.0697166	0.022718	0.0629901	0.0341719	0.0189246	0.000658476	0.00678812
118	0.0437544	0.00484187	0.270574	0.245578	0.00857045	0.00652639	0.0199082	0.0114018	0.0505542	0.0247297	0.0156988	0.0588816	0.0591202	0.0609057	0.0147443	0.0424417	0.0308128	0.0278929	0.000255151	0.00280702
119	0.0428616	0.00520924	0.204087	0.284324	0.00763318	0.0146533	0.0124666	0.0169589	0.0619877	0.0507209	0.0213439	0.0428474	0.0273037	0.0947695	0.0321942	0.0328214	0.0218595	0.0225849	0.00090362	0.0024694
120	0.00556573	0.0337741	0.0125363	0.00671411	0.263858	0.00667574	0.0891534	0.012407	0.00540763	0.0227936	0.015079	0.046234	0.00122724	0.0111873	0.0105453	0.0104152	0.00849537	0.0117632	0.00602655	0.420141
121	0.0458837	0.0135378	0.0250743	0.0428275	0.0290982	0.0131137	0.0186504	0.125351	0.0229071	0.304753	0.0709615	0.0185917	0.0184656	0.0478498	0.0322788	0.0363868	0.0330358	0.0805885	0.00351414	0.0171302
122	0.00378648	0.0164344	0.00262494	0.00634864	0.2791	0.00229533	0.0398894	0.0185036	0.00336576	0.0186704	0.00791668	0.0151139	0.00070275	0.00934409	0.00766542	0.011756	0.00793911	0.0158887	0.0109566	0.521698
123	0.0218567	0.0144305	0.0048218	0.0118717	0.0340469	0.00261912	0.00795982	0.169568	0.0087626	0.406649	0.180901	0.00574851	0.0055681	0.014054	0.021128	0.0114577	0.023424	0.0480894	0.0031443	0.00389909
124	0.0302771	0.0162111	0.00169163	0.00151462	0.0277646	0.00492971	0.00444136	0.27098	0.00223059	0.151341	0.0197823	0.00198338	0.00982586	0.00508689	0.00521101	0.0108827	0.0471488	0.378821	0.000241927	0.00963443
125	0.0517502	0.0216375	0.026059	0.0359898	0.0246551	0.0168952	0.0208984	0.13411	0.0272261	0.128737	0.106551	0.0266788	0.0210137	0.0323443	0.0394154	0.0710614	0.0984668	0.094215	0.00691656	0.0153787
126	0.0321692	0.00459662	0.295588	0.302503	0.00549969	0.0238924	0.021141	0.00587198	0.0328886	0.0144506	0.00866058	0.0657057	0.026787	0.045614	0.0201535	0.0426252	0.0273318	0.0185398	0.000320188	0.00566138
127	0.00256816	0.0176725	0.00284248	0.00626379	0.274541	0.00176081	0.0422485	0.018253	0.00345963	0.0142709	0.00748298	0.0158304	0.000573727	0.00938642	0.00777072	0.0107424	0.00701219	0.0144428	0.00632826	0.53655
128	0.0295796	0.0221255	0.00628032	0.0135734	0.0213457	0.00357304	0.00831533	0.164684	0.0075979	0.382259	0.187639	0.0067467	0.00734028	0.0134209	0.0153952	0.0138183	0.0189774	0.0700212	0.00236515	0.00494203
129	0.0907616	0.0126703	0.0309759	0.023881	0.0105805	0.0925874	0.0169586	0.0503067	0.0275063	0.0486361	0.0145957	0.0306789	0.216789	0.0232152	0.0319086	0.17709	0.0565043	0.0321474	0.00605703	0.00614984
130	0.0392857	0.0153081	0.0640165	0.0385284	0.0138543	0.312052	0.0340075	0.0214497	0.0615877	0.0248071	0.013557	0.0532645	0.0146394	0.0332597	0.10331	0.0872224	0.0363858	0.0149765	0.00318772	0.0152994
131	0.0445586	0.0109205	0.075393	0.0263671	0.0157771	0.436449	0.0209655	0.0245026	0.0274645	0.0173222	0.00600722	0.0605005	0.0179331	0.0215265	0.0245028	0.104654	0.0377786	0.0171453	0.00302034	0.00721074
132	0.0429771	0.00768942	0.333835	0.197231	0.0132718	0.034092	0.0282915	0.0113258	0.0339384	0.0216174	0.0109591	0.0623425	0.0277507	0.0412265	0.0219118	0.0452668	0.0315751	0.0228581	0.00228266	0.00955747
133	0.0264753	0.00828497	0.00443998	0.00645607	0.0182519	0.00606477	0.00664534	0.227952	0.00465631	0.334344	0.145133	0.00424801	0.00523853	0.0102033	0.00762484	0.0069461	0.0169563	0.147107	0.00128886	0.0116833
134	0.0328935	0.01908	0.00961321	0.0141125	0.0258796	0.00705356	0.0107176	0.291916	0.0148999	0.153649	0.118503	0.00969628	0.0144007	0.0157133	0.0279835	0.0358975	0.0673034	0.11883	0.00425794	0.00759897
135	0.0636733	0.0138023	0.0481894	0.0162286	0.00727097	0.0550414	0.0112515	0.0070688	0.0144184	0.00526489	0.0120521	0.0596414	0.0245818	0.0172402	0.0202835	0.362597	0.253268	0.00469482	0.000885172	0.00254601
136	0.0457847	0.0144202	0.0182351	0.0284008	0.0464246	0.014002	0.0230209	0.102245	0.0255415	0.200388	0.107389	0.0196246	0.0238411	0.04671	0.0413928	0.0544854	0.0719631	0.0675324	0.0321093	0.01649
137	0.0797622	0.0144612	0.0353119	0.0362065	0.0239075	0.0207708	0.0181456	0.0821411	0.0239894	0.199336	0.0533017	0.0258352	0.12819	0.0244198	0.0254292	0.0739938	0.0453243	0.0740386	0.0060325	0.00940288
138	0.0127691	0.0252415	0.00235822	0.00379912	0.0243891	0.0021188	0.00316555	0.546252	0.00383169	0.0496989	0.0718962	0.00322115	0.00345043	0.00770557	0.0112855	0.0141639	0.0637454	0.144312	0.000631209	0.00596476
139	0.0135752	0.00948544	0.0133659	0.0223605	0.00133276	0.00483539	0.0383981	0.0200864	0.387779	0.00864556	0.00817602	0.0115076	0.00833111	0.0446978	0.35358	0.0217169	0.0142319	0.0101399	0.00041493	0.00733966
140	0.0311909	0.00995935	0.022234	0.166695	0.0104575	0.0157503	0.0216436	0.0188003	0.23822	0.0493753	0.0141389	0.0199498	0.00906482	0.0696938	0.0960367	0.0332851	0.023987	0.049377	0.00374392	0.0963959
141	0.0259667	0.00465231	0.453682	0.194423	0.00769708	0.0552963	0.032525	0.00229857	0.0154445	0.00661518	0.00378761	0.0755755	0.0123207	0.0224279	0.014717	0.0357344	0.0176386	0.0110691	0.000392863	0.00773525
142	0.0133894	0.0229354	0.00278961	0.00448945	0.0232738	0.00228046	0.00343335	0.530808	0.00420911	0.0488038	0.0618587	0.00340748	0.00357471	0.0105554	0.0143061	0.0141744	0.0834194	0.145472	0.000661388	0.00615782
143	0.0253747	0.00624325	0.00610897	0.00555847	0.459385	0.0149257	0.0185743	0.0297411	0.00503554	0.174325	0.0166323	0.00619201	0.00407259	0.00892303	0.00547058	0.0203941	0.0157637	0.0528991	0.0238478	0.100533
144	0.0707392	0.0113928	0.0451464	0.015457	0.00524021	0.0180438	0.00287171	0.00425503	0.0114198	0.00442553	0.0141426	0.0450174	0.0287968	0.0113453	0.0203514	0.377755	0.307817	0.00330228	0.000686404	0.00179476
145	0.0428757	0.00536292	0.124961	0.428181	0.00464861	0.0120325	0.0100694	0.00739073	0.069136	0.0197995	0.00970268	0.0367705	0.0122466	0.108221	0.0342632	0.021937	0.0222329	0.0274101	0.000653276	0.00210595
146	0.0245459	0.00308958	0.353099	0.307686	0.0024415	0.0256872	0.0215253	0.00254706	0.0170556	0.00900591	0.00483529	0.0700509	0.023505	0.0156562	0.0153636	0.0494587	0.0336605	0.0132479	0.000209002	0.0073295
147	0.168226	0.0332228	0.0172201	0.0698555	0.0192819	0.0133634	0.0137626	0.0670681	0.0245612	0.0732807	0.0618293	0.0146652	0.0360623	0.017752	0.0199782	0.0673752	0.0569764	0.20701	0.00424871	0.0142604
148	0.285641	0.0460615	0.0111107	0.0114131	0.0117471	0.0102771	0.00659789	0.0445853	0.0100479	0.0350448	0.00564696	0.0169125	0.0216031	0.00712318	0.00805415	0.162207	0.280641	0.0174564	0.00154382	0.00628551
149	0.00633033	0.0126696	0.00728266	0.0109549	0.0013773	0.00570422	0.0426119	0.0150115	0.287041	0.00718156	0.00367592	0.00550593	0.0116472	0.0402969	0.497947	0.0209972	0.0112619	0.00466398	0.000507227	0.00733201
150	0.0304362	0.0166337	0.0345675	0.0404479	0.241958	0.0249477	0.0412445	0.0340482	0.0229871	0.0775114	0.0247019	0.0289434	0.0121786	0.0554134	0.0234995	0.0366632	0.0287535	0.0397946	0.0178869	0.167383
151	0.00415371	0.0168611	0.0030308	0.00691591	0.274349	0.00202973	0.0397326	0.0184949	0.00339555	0.0180383	0.00830985	0.0153373	0.000911386	0.00908188	0.00779207	0.0117237	0.00810111	0.0154207	0.014102	0.522219
152	0.0141626	0.0223758	0.00189295	0.00274351	0.026911	0.00245042	0.00294408	0.513331	0.00319809	0.0597704	0.0661929	0.00249262	0.00382924	0.00606496	0.00942432	0.0126695	0.0576256	0.184595	0.000419266	0.00690713
153	0.618185	0.0238194	0.0037867	0.0118545	0.0138768	0.0209617	0.00444532	0.0107732	0.00583292	0.00635416	0.0030334	0.0323314	0.00270858	0.0037341	0.00410416	0.115981	0.0608033	0.0455212	0.00106205	0.0108311
154	0.0216112	0.00757917	0.107946	0.603168	0.00290455	0.0113304	0.00681597	0.0042392	0.0335626	0.00963348	0.00479947	0.0144822	0.0028937	0.0920209	0.0216937	0.00971541	0.0225714	0.0196839	0.00156601	0.0017832
155	0.207714	0.0836195	0.00844789	0.00905429	0.00819728	0.00929237	0.00786215	0.0595849	0.0093373	0.0757387	0.00728494	0.0104965	0.0408317	0.00916577	0.00888647	0.173362	0.249022	0.014937	0.00206894	0.00509652
156	0.0215407	0.026271	0.00146027	0.00170859	0.0314449	0.00161807	0.00337067	0.37717	0.0024396	0.0571463	0.0290132	0.00203756	0.00838814	0.00313644	0.00804813	0.0156404	0.0592998	0.343637	0.000270018	0.00635946
157	0.0831981	0.0254998	0.014157	0.0310064	0.0226487	0.0124625	0.0250283	0.0995051	0.0208062	0.219069	0.0780119	0.0175407	0.0354516	0.0354082	0.0285259	0.0729558	0.0568244	0.104595	0.00555633	0.0117489
158	0.224121	0.0727277	0.0280987	0.0464612	0.0178463	0.0263008	0.0213815	0.0299369	0.0844019	0.037334	0.0203437	0.0319498	0.0218906	0.0343645	0.0438856	0.100423	0.0640957	0.0647168	0.00440172	0.0253186
159	0.0294873	0.00261072	0.00188113	0.0018604	0.0232008	0.0105202	0.00532188	0.298512	0.00163902	0.324598	0.030955	0.00153481	0.0032193	0.0113433	0.00255829	0.00348938	0.0131852	0.212402	0.000343813	0.0213379
160	0.042941	0.00633428	0.14426	0.171269	0.0150408	0.021408	0.0857524	0.0107321	0.0478427	0.0188233	0.0145277	0.122467	0.0194057	0.105422	0.0210727	0.0759763	0.0497977	0.016577	0.000645304	0.00970456
161	0.348336	0.0340663	0.0141853	0.023199	0.0223245	0.0147515	0.00491431	0.0118829	0.0153196	0.00924728	0.00595873	0.0401082	0.00789238	0.00744152	0.00822351	0.275874	0.120056	0.0271194	0.0013726	0.00772656
162	0.0222013	0.0225125	0.00140576	0.00157103	0.0314761	0.00222151	0.00391968	0.329158	0.00254809	0.0763051	0.0241803	0.00194823	0.010315	0.00250375	0.00705951	0.0143315	0.0631353	0.376778	0.000235354	0.00619391
163	0.0521834	0.018382	0.0947427	0.0851101	0.0179558	0.0350148	0.0840939	0.0247562	0.0530208	0.036551	0.0210261	0.0870007	0.0786202	0.0904959	0.0429275	0.0788597	0.047595	0.0313318	0.00378654	0.016546
164	0.03771	0.00464812	0.0142433	0.0530568	0.000635101	0.00344471	0.0277835	0.0205569	0.332508	0.0134912	0.0199512	0.0335766	0.00118007	0.0985114	0.232568	0.0439526	0.0333774	0.0221488	0.00027189	0.00638423
165	0.0682279	0.0115027	0.0285965	0.0212755	0.0387966	0.0194914	0.114178	0.0158198	0.0194802	0.151667	0.090521	0.0468955	0.00647693	0.0269517	0.137302	0.0180479	0.0170251	0.0164302	0.00256954	0.148744
166	0.0266865	0.0109471	0.0650903	0.0116513	0.0202037	0.407511	0.0227483	0.0282529	0.0342359	0.00725234	0.00435486	0.105023	0.00941625	0.0170577	0.0171197	0.162219	0.0384588	0.0069798	0.00117133	0.0036192
167	0.00245711	0.016108	0.00240766	0.00650563	0.273952	0.00148376	0.0391493	0.0174199	0.00311105	0.0129367	0.00738061	0.015561	0.000569675	0.00902103	0.00767413	0.0107393	0.00713267	0.0140262	0.00606269	0.546301
168	0.0208839	0.0235908	0.00142146	0.00161679	0.0323916	0.00204914	0.00358857	0.357434	0.00245263	0.0652398	0.0271265	0.00199971	0.00918663	0.00293711	0.0076243	0.0146551	0.060149	0.359231	0.000301798	0.0061201
169	0.0262446	0.0245016	0.0155085	0.0204159	0.169881	0.0121275	0.0725663	0.0631127	0.017787	0.0482882	0.021494	0.0222441	0.00777784	0.0229536	0.0261235	0.0288584	0.02738	0.0384928	0.0116781	0.322564
170	0.0236084	0.0131025	0.0212461	0.0320499	0.00591127	0.0155334	0.0403813	0.0218161	0.240924	0.0234395	0.0148393	0.0226639	0.0115385	0.0476877	0.366035	0.0386403	0.0245094	0.0203285	0.00274266	0.0130023
171	0.0449918	0.00791705	0.263706	0.194172	0.0132191	0.0303855	0.0316359	0.0126368	0.0483699	0.0248566	0.0141907	0.0693896	0.0289535	0.0756827	0.0259985	0.0508572	0.032077	0.0235382	0.00104081	0.00638176
172	0.111316	0.0215739	0.0196019	0.0176769	0.0290952	0.0214536	0.0131936	0.187739	0.0165316	0.0787124	0.0355308	0.034027	0.0223754	0.0176155	0.0207237	0.0421715	0.0575906	0.23473	0.00482225	0.0135196
173	0.0372404	0.00824088	0.0263969	0.0519257	0.00483689	0.0160629	0.034062	0.0207419	0.33868	0.0215861	0.0148697	0.0279157	0.00890851	0.0622976	0.219487	0.0451111	0.0288666	0.0209551	0.00142408	0.0103903
174	0.0942346	0.012476	0.0920659	0.0659981	0.0106443	0.0275013	0.0327123	0.0274999	0.0311295	0.0441012	0.0143858	0.0850561	0.21578	0.0338886	0.0229738	0.0952942	0.0552702	0.0295006	0.00206256	0.00742484
175	0.0442353	0.00940257	0.249699	0.149839	0.0105124	0.0342157	0.0308163	0.0155199	0.0991866	0.022749	0.0135881	0.0624689	0.0248862	0.0566756	0.0548378	0.0540883	0.0329986	0.0247399	0.00145777	0.00808375
176	0.0428154	0.00978801	0.170058	0.196201	0.0109871	0.0337824	0.0406196	0.0139895	0.050876	0.0225432	0.0148007	0.121475	0.0221472	0.0651153	0.0333389	0.0757467	0.0428169	0.0215132	0.00225865	0.0091272
177	0.0233809	0.00752931	0.00236591	0.00370058	0.0303253	0.00716368	0.00535936	0.296397	0.00408456	0.321035	0.0719654	0.00221999	0.00358251	0.0103946	0.00864161	0.00550938	0.0202803	0.160333	0.00131406	0.0144166
178	0.0270956	0.00832749	0.00322694	0.00495326	0.0279315	0.00701838	0.0059067	0.26466	0.00537077	0.355725	0.0660874	0.00304654	0.0051489	0.0130465	0.0102757	0.00930441	0.0212169	0.146722	0.00154232	0.0133936
179	0.0242591	0.00687501	0.0023335	0.00378619	0.0424161	0.00715224	0.00525529	0.277045	0.00413721	0.360993	0.0623112	0.00256871	0.00299387	0.0119904	0.00901783	0.00591494	0.0187557	0.136778	0.00162861	0.0137886
180	0.0342713	0.0146687	0.145251	0.0190558	0.0125015	0.297156	0.0219571	0.042636	0.0247904	0.0139233	0.00775333	0.0622768	0.0140556	0.0197555	0.0225096	0.131229	0.0923767	0.01334	0.00408481	0.00640804
181	0.0663762	0.00371933	0.0106614	0.045697	0.00181883	0.00951987	0.0343507	0.0177186	0.292668	0.0175374	0.0147998	0.0258286	0.00167639	0.0772096	0.247321	0.0692144	0.0275272	0.0164766	0.000908537	0.0189706
182	0.0422844	0.00963738	0.0634223	0.022253	0.0178045	0.455479	0.0196788	0.0272131	0.0261903	0.0220371	0.00877738	0.0577612	0.0176616	0.0199929	0.0266498	0.0985089	0.0396258	0.0166453	0.00186315	0.00651416
183	0.0417455	0.0172886	0.0916417	0.0699935	0.0257409	0.0530921	0.114526	0.0161273	0.0521556	0.0236912	0.0152137	0.154942	0.0133854	0.0700966	0.042457	0.0961609	0.0488301	0.0184628	0.0025186	0.0319307
184	0.028854	0.00299201	0.00196995	0.00193398	0.0227047	0.0101305	0.00530936	0.295473	0.00163179	0.321044	0.0378518	0.00178694	0.00341099	0.010582	0.00257699	0.00343115	0.0132117	0.214603	0.000329268	0.0201736
185	0.0168781	0.00875672	0.0127578	0.0242259	0.00122016	0.00509322	0.0348022	0.0173394	0.414907	0.00972027	0.00792084	0.0114598	0.00765399	0.0432487	0.327193	0.023954	0.0153238	0.0104097	0.000348663	0.00678704
186	0.0364381	0.00966895	0.00944143	0.0112904	0.0366533	0.00790323	0.00811739	0.207575	0.00595237	0.335807	0.0600941	0.00598507	0.00851955	0.0158158	0.0101384	0.0135049	0.0253003	0.174222	0.00246273	0.01511
187	0.0926736	0.0184954	0.0378363	0.0142945	0.00715615	0.0175891	0.00313302	0.00921354	0.0126771	0.0092374	0.012965	0.0376836	0.0266315	0.0121463	0.0174534	0.368901	0.293021	0.00552997	0.00108743	0.00227548
188	0.0405082	0.008452	0.333817	0.187509	0.0111799	0.0371841	0.0285846	0.0117885	0.0379431	0.0174045	0.0122739	0.0661733	0.0250002	0.0424896	0.0242736	0.0503133	0.0312418	0.0220908	0.00249515	0.0092776
189	0.0270581	0.00932791	0.00729664	0.00845128	0.343913	0.0140824	0.0192894	0.0732136	0.00719174	0.204253	0.0328256	0.00857469	0.00600405	0.0121501	0.0111802	0.0219322	0.0207392	0.0665817	0.0202306	0.085705
190	0.0429909	0.0103621	0.0635142	0.0157346	0.0120942	0.442809	0.0192565	0.0218669	0.0273127	0.0107599	0.00630361	0.064344	0.0204384	0.0178008	0.0205471	0.139768	0.0461692	0.0117171	0.00199416	0.00421592
191	0.0429833	0.011252	0.014565	0.0206861	0.0558816	0.0113285	0.0122119	0.153505	0.01139	0.358993	0.0825691	0.0113603	0.0146049	0.0206168	0.0171576	0.0219607	0.0261104	0.0916074	0.00381418	0.0174024
192	0.143864	0.057117	0.0259115	0.0210643	0.0133574	0.0197625	0.00979812	0.01886	0.0194553	0.0221399	0.0101437	0.0347183	0.0266191	0.0172473	0.0192283	0.359589	0.155712	0.0155672	0.00322312	0.00662179
193	0.0536394	0.00531449	0.101175	0.258952	0.00466286	0.0242003	0.00915626	0.0110114	0.156556	0.0214295	0.00951669	0.0329126	0.0164885	0.11782	0.0906032	0.0276588	0.0209748	0.0282622	0.00248409	0.00718275
194	0.0690072	0.0136777	0.0183368	0.0633731	0.0417259	0.029866	0.016262	0.0950704	0.0195708	0.15191	0.0621184	0.0291444	0.0267777	0.0549736	0.0757018	0.108838	0.047983	0.0596061	0.00647549	0.00958183
195	0.0586701	0.00911057	0.0451285	0.137717	0.0294212	0.0108483	0.0546521	0.0329318	0.0193529	0.114634	0.0534014	0.0435073	0.0110046	0.116825	0.0507222	0.064472	0.0786205	0.0568905	0.00324087	0.0088498
