244	20
1	0.0114109	0.0026061	0.000833331	0.00102108	0.00102563	0.00413583	0.000681005	0.570283	0.00338018	0.0576848	0.00104072	0.00130181	0.000437326	0.00100921	0.00111658	0.00178654	0.00735717	0.33145	0.0011704	0.000268435
2	0.00835378	0.00167189	0.158698	0.00594137	0.00164975	0.0737547	0.0202833	0.00319027	0.00647413	0.00401471	0.00328826	0.414543	0.0192454	0.00659373	0.00646553	0.0821807	0.159172	0.00523743	0.00122282	0.0180184
3	0.150747	0.00103453	0.0353398	0.0461167	0.00472503	0.0711326	0.0161304	0.00220657	0.342055	0.00676613	0.00431297	0.0265838	0.0461226	0.046185	0.0634928	0.114159	0.0137157	0.00719481	0.00107335	0.00090601
4	0.0123097	0.000914421	0.440481	0.0671333	0.000934413	0.00214912	0.0761154	0.00147969	0.010866	0.00213886	0.00193719	0.169833	0.00105483	0.0251771	0.00873518	0.0833011	0.0919927	0.00235955	0.000433717	0.000653499
5	0.0154408	0.00111658	0.0120608	0.00179654	0.00069197	0.00175963	0.00210783	0.00120562	0.00719253	0.00158502	0.00128981	0.0341577	0.000630927	0.00209524	0.00206984	0.429942	0.48134	0.00228076	0.000591715	0.000644074
6	0.00708126	0.00165046	0.00289607	0.00386211	0.00146094	0.0141038	0.00314534	0.00331746	0.561657	0.0048915	0.0191395	0.0422602	0.00177226	0.00603919	0.297286	0.0157396	0.00498978	0.00592415	0.00117318	0.00161055
7	0.0346006	0.0131568	0.00241938	0.00256617	0.020347	0.00403569	0.00175419	0.388289	0.0109408	0.101838	0.0236538	0.00275357	0.000738562	0.00314656	0.00717761	0.00445216	0.0116635	0.350792	0.00171584	0.0139594
8	0.00455188	0.00093576	0.000860462	0.00106666	0.00379464	0.000893484	0.000865446	0.707387	0.00185744	0.0787237	0.0975868	0.00150026	0.00040404	0.00183591	0.00133781	0.00176318	0.0023338	0.0916162	0.00032092	0.00036451
9	0.0397193	0.0310505	0.00252515	0.00282894	0.0731772	0.00276131	0.00174541	0.180175	0.0321866	0.119002	0.041423	0.00381176	0.00101502	0.00313089	0.0184797	0.00447025	0.00722821	0.377488	0.00113345	0.0566486
10	0.17848	0.0114946	0.0402113	0.0779258	0.00636633	0.0336863	0.0317891	0.0170115	0.0997917	0.0299923	0.0222455	0.0540418	0.0346772	0.150908	0.0515715	0.0650966	0.041749	0.0433737	0.00386366	0.0057244
11	0.0185766	0.00382954	0.0208898	0.0140609	0.000941021	0.842464	0.00229167	0.00272669	0.0109684	0.00566765	0.00347981	0.0289867	0.0058298	0.00508387	0.00457307	0.0152456	0.00411773	0.0057351	0.00361827	0.000914294
12	0.0165156	0.00924498	0.00569902	0.00703892	0.14303	0.00711267	0.0146292	0.30131	0.038698	0.113419	0.172548	0.0106653	0.00296303	0.00931132	0.0129356	0.0107184	0.0208978	0.0886114	0.00313437	0.0115176
13	0.078154	0.0186566	0.0194823	0.0255293	0.00897535	0.0224794	0.014098	0.0336485	0.0483893	0.0200828	0.0176789	0.0355586	0.00749603	0.0326705	0.0191855	0.215387	0.307902	0.0656687	0.00493228	0.00402534
14	0.0240873	0.00440255	0.0205192	0.0141433	0.000858833	0.829104	0.00179223	0.00266065	0.0115241	0.00306832	0.00325165	0.0318167	0.00608203	0.00481441	0.00397791	0.0201999	0.00631891	0.00653554	0.00355525	0.00128694
15	0.0298277	0.00488605	0.00848591	0.0119189	0.00208541	0.016915	0.00748026	0.00518899	0.474025	0.0111457	0.0160046	0.0743492	0.00603624	0.0167342	0.235958	0.0539348	0.010114	0.008406	0.00159424	0.00490922
16	0.168884	0.00572355	0.0165129	0.0354994	0.00615197	0.0154428	0.0694067	0.0226717	0.0410577	0.0418044	0.0178542	0.101679	0.00633642	0.195048	0.0303184	0.0394962	0.140845	0.037175	0.00373986	0.004353
17	0.444968	0.00413688	0.00393562	0.00547476	0.0011348	0.200882	0.00237525	0.00211027	0.0101417	0.0129678	0.0224291	0.0149405	0.00211421	0.00373337	0.00673275	0.222308	0.0315499	0.00371411	0.000877024	0.00347353
18	0.232326	0.0327215	0.0158413	0.0193688	0.00941768	0.0378909	0.0156322	0.0183127	0.0401336	0.0228917	0.0199354	0.0293142	0.00657403	0.0229599	0.0204218	0.132569	0.192242	0.122923	0.00358332	0.00494173
19	0.00787652	0.00368931	0.00254186	0.00278274	0.565034	0.00304093	0.00326583	0.0234105	0.00583049	0.0809283	0.00522721	0.00404831	0.00126654	0.00329797	0.00492651	0.00460453	0.00404372	0.0612901	0.0143949	0.1985
20	0.0574984	0.00808049	0.0391389	0.05475	0.0205572	0.0279487	0.206406	0.0255758	0.085658	0.0536098	0.0175489	0.0463384	0.00660307	0.176593	0.0382276	0.0524945	0.0369206	0.0228331	0.0124371	0.0107802
21	0.223858	0.100692	0.00286191	0.0156148	0.00200438	0.0258574	0.00282433	0.00939542	0.00931224	0.0167336	0.014172	0.00594152	0.00166868	0.00542253	0.00460896	0.196342	0.189878	0.170359	0.00105172	0.00140164
22	0.00754668	0.00153298	0.00324422	0.247437	0.00162489	0.00952584	0.0034562	0.0029843	0.167956	0.00399171	0.00307904	0.0217981	0.00157122	0.325989	0.0625916	0.0236347	0.0810271	0.0196919	0.00984356	0.00147424
23	0.0315964	0.00679725	0.0137072	0.182527	0.00540333	0.057338	0.114349	0.131574	0.0270302	0.0812336	0.0215708	0.0288013	0.00420536	0.20575	0.0178096	0.0214241	0.0210185	0.0201312	0.00321583	0.00451743
24	0.336121	0.00375384	0.00231217	0.00388427	0.00101886	0.202022	0.00203913	0.00194679	0.00772081	0.0194211	0.033755	0.0135486	0.00164484	0.00389178	0.00412187	0.302602	0.0513536	0.00470612	0.000902723	0.00323369
25	0.00362962	0.000690422	0.00115746	0.0015134	0.025542	0.005735	0.00116764	0.223628	0.00267278	0.524101	0.115579	0.00198813	0.000626272	0.011901	0.00934116	0.00243627	0.0137248	0.038312	0.00771483	0.00853873
26	0.098286	0.000582129	0.238235	0.552327	0.00046835	0.00129486	0.00933582	0.000903331	0.0143035	0.00128927	0.000936298	0.019578	0.000539502	0.0378287	0.00578425	0.0061227	0.00565911	0.00584306	0.000264297	0.000418659
27	0.0340288	0.0282208	0.00219209	0.00275658	0.0771313	0.0025343	0.00179264	0.181093	0.033403	0.135577	0.0463247	0.0038839	0.00105081	0.00295649	0.0198811	0.00403457	0.00707405	0.35628	0.000912743	0.0588719
28	0.0568395	0.0186913	0.00330692	0.00263059	0.00848691	0.00595745	0.00195305	0.382444	0.00825837	0.0474658	0.0172762	0.0044348	0.00102458	0.00490989	0.00557795	0.0102113	0.0246008	0.38769	0.00232815	0.00591241
29	0.351203	0.010389	0.0154085	0.0127301	0.00308255	0.285671	0.00524891	0.00440021	0.0269101	0.0130439	0.0206205	0.028305	0.00578728	0.00928083	0.00851447	0.147533	0.0300946	0.0152736	0.00241749	0.00408617
30	0.0211061	0.00342631	0.0213723	0.0138397	0.00163327	0.840311	0.00306643	0.00161356	0.00943776	0.00373633	0.00262022	0.0300284	0.00537226	0.00525408	0.00317111	0.0216608	0.0048572	0.00264643	0.00330461	0.0015422
31	0.0185172	0.0583926	0.00453775	0.00582445	0.00214764	0.00657119	0.00422451	0.273298	0.00925959	0.0130386	0.0120502	0.0083613	0.00290805	0.00737175	0.00773866	0.0463688	0.192764	0.313083	0.0107884	0.00275349
32	0.0562533	0.00323969	0.0199766	0.0116709	0.00252345	0.0143594	0.0425241	0.00396295	0.0110893	0.00683368	0.00622945	0.214682	0.00365933	0.013665	0.00825246	0.38526	0.184241	0.00766822	0.00148559	0.00242406
33	0.115568	0.0129252	0.00442625	0.0117948	0.00680935	0.0110348	0.00325291	0.00809799	0.0146891	0.00419066	0.00271478	0.0118561	0.673203	0.0176771	0.0324682	0.0543324	0.0043307	0.00536157	0.00420544	0.00106177
34	0.00442638	0.0028158	0.0448487	0.0239131	0.000853465	0.824428	0.0015475	0.00138206	0.00403958	0.0018697	0.0013452	0.0562846	0.00669171	0.00236902	0.00198565	0.0140847	0.00204164	0.00183688	0.00263962	0.000596487
35	0.0178155	0.00355794	0.0074045	0.00856414	0.00355365	0.0088034	0.00848687	0.00813745	0.238953	0.21245	0.0117125	0.013929	0.00580407	0.0858407	0.218186	0.0158209	0.0143423	0.110864	0.00257748	0.00319683
36	0.0879167	0.00195967	0.00519422	0.0113615	0.00642346	0.00901	0.00294939	0.00707601	0.0320813	0.00585709	0.0029524	0.0117729	0.676526	0.0219925	0.0513284	0.0522653	0.0041335	0.00413715	0.00394822	0.00111431
37	0.0180241	0.00501486	0.00111415	0.00187038	0.00571449	0.00398014	0.00103815	0.531938	0.00566972	0.0667295	0.0113491	0.00190068	0.000484039	0.002044	0.00279105	0.00253512	0.00807704	0.324626	0.00116453	0.00393451
38	0.00685807	0.00147302	0.0041831	0.00287147	0.599287	0.00358369	0.00562566	0.00979625	0.00408564	0.0725642	0.00306386	0.0051155	0.00126217	0.00388537	0.00468295	0.0058954	0.00425303	0.0327849	0.0162246	0.212504
39	0.194475	0.00374716	0.0944004	0.00730218	0.00229162	0.213851	0.00513054	0.00418177	0.192461	0.00559818	0.00590633	0.175939	0.00383536	0.00798154	0.00878629	0.0335383	0.0306615	0.00658281	0.00156968	0.00176066
40	0.0142601	0.000789612	0.0139678	0.00156387	0.000711477	0.00180684	0.00233431	0.00125536	0.00640263	0.00166484	0.00118553	0.0407131	0.000607362	0.00208526	0.00198408	0.435141	0.470172	0.00213586	0.000579675	0.000639946
41	0.082578	0.0317942	0.00396611	0.00283959	0.0434426	0.00423295	0.00196047	0.169685	0.0202068	0.0850088	0.028092	0.00372861	0.000797877	0.00438283	0.0135324	0.00585025	0.00857732	0.456786	0.0007949	0.0317433
42	0.254369	0.00109784	0.0135712	0.0353123	0.00317544	0.0216099	0.011656	0.00903699	0.266181	0.015932	0.0234793	0.0290334	0.0152595	0.0564023	0.124144	0.0689418	0.0419354	0.00733161	0.000736214	0.00079511
43	0.0772504	0.000570391	0.224241	0.567913	0.0008729	0.00253068	0.00975511	0.00120464	0.0227784	0.00204992	0.00176474	0.0187403	0.000623568	0.0457789	0.00646986	0.00601212	0.00554301	0.00517075	0.000284238	0.0004466
44	0.218796	0.0432596	0.0102054	0.0131509	0.00849566	0.0173307	0.00463606	0.0839698	0.0185385	0.0272399	0.0157112	0.00905436	0.00596698	0.012842	0.00963024	0.0409256	0.062817	0.390442	0.00150566	0.00548299
45	0.014258	0.00428518	0.00307812	0.00793155	0.00274713	0.00333905	0.0176773	0.139274	0.0935273	0.0985777	0.163074	0.0596214	0.00139599	0.0181534	0.141656	0.0210059	0.0528872	0.151993	0.000814317	0.00470341
46	0.138111	0.000381211	0.121785	0.208298	0.00139862	0.0295415	0.00916175	0.000717925	0.155593	0.010367	0.0155196	0.10109	0.00411044	0.0748961	0.0477872	0.0524283	0.015938	0.0122565	0.000226072	0.00039219
47	0.18532	0.000719203	0.0685504	0.210416	0.00103756	0.0478851	0.00855879	0.00148107	0.164558	0.00759461	0.0113794	0.0753667	0.00490921	0.0858242	0.0477695	0.0537163	0.0125318	0.011059	0.000772944	0.000550972
48	0.268996	0.0610384	0.00322726	0.0111221	0.00167805	0.0249112	0.00257247	0.0132399	0.0121778	0.0257067	0.0185242	0.0051791	0.00176371	0.0066631	0.00373611	0.0529476	0.166395	0.317773	0.00113927	0.00120951
49	0.0103587	0.00207968	0.0505051	0.00479518	0.00226097	0.423411	0.00403568	0.00392218	0.177795	0.0140757	0.00385556	0.0992103	0.00249627	0.0882528	0.088585	0.00877448	0.00633795	0.00585262	0.00136229	0.00203406
50	0.301171	0.27395	0.00741244	0.00964554	0.0042275	0.0167556	0.00670658	0.00925753	0.0124828	0.010182	0.00682055	0.0183545	0.21249	0.0116068	0.0106487	0.0174439	0.012233	0.0514759	0.00341538	0.00372137
51	0.0122107	0.000923824	0.440482	0.067202	0.000950947	0.00214865	0.0765373	0.00153571	0.0107404	0.00213922	0.00195527	0.169162	0.00105327	0.0251013	0.00870285	0.0827268	0.0929162	0.00242642	0.000433712	0.000652328
52	0.341749	0.0280189	0.027508	0.0447253	0.00591765	0.0841264	0.0119214	0.018255	0.0452908	0.0176081	0.018872	0.0417272	0.0309827	0.0256218	0.025079	0.116966	0.0422289	0.064066	0.00264163	0.00669449
53	0.0172742	0.000921837	0.011175	0.00164366	0.00060258	0.00156567	0.00221076	0.00121096	0.00690737	0.00178913	0.00131491	0.0337424	0.000629985	0.00207189	0.00198686	0.472539	0.439203	0.00212533	0.000542268	0.000543086
54	0.170973	0.0320731	0.00892682	0.00348174	0.00640457	0.0220681	0.00461278	0.144935	0.0049934	0.0145288	0.00452227	0.00450242	0.00174262	0.00919727	0.00476273	0.0266514	0.0144121	0.515954	0.00130916	0.00394867
55	0.00781091	0.00222577	0.000805048	0.00121919	0.00786244	0.00232361	0.000761461	0.608508	0.0049048	0.101729	0.0455282	0.00150523	0.000426637	0.00200632	0.00302938	0.00188098	0.00595452	0.196736	0.00100495	0.00377817
56	0.0053332	0.00141005	0.00278589	0.00279929	0.607174	0.00333131	0.0034489	0.00960273	0.00405928	0.0736634	0.00300815	0.00415931	0.00127161	0.00332018	0.00399065	0.00471588	0.00397672	0.0330769	0.0158903	0.212983
57	0.0318088	0.0110504	0.00208022	0.00172554	0.0061325	0.00390236	0.00127428	0.494949	0.00601895	0.0542249	0.0162429	0.00242333	0.000689327	0.00282721	0.00392306	0.00496089	0.0131617	0.336734	0.00180585	0.00406427
58	0.0744846	0.00408855	0.015873	0.0201936	0.00612807	0.0232319	0.00358656	0.00703079	0.0241679	0.00426001	0.00368469	0.0120603	0.694532	0.0144938	0.0263407	0.0493521	0.00649974	0.00455851	0.00432561	0.00110793
59	0.149922	0.0232534	0.00204688	0.0088478	0.00621052	0.00912395	0.00239784	0.00896496	0.00482664	0.00302016	0.00232387	0.00989832	0.662563	0.0154077	0.0261936	0.0495304	0.00392226	0.00639571	0.0039481	0.00120299
60	0.0916752	0.000826949	0.00166477	0.0101048	0.00704586	0.00555762	0.001599	0.00720384	0.00380422	0.00225209	0.00189285	0.0087831	0.73788	0.0184154	0.0325806	0.058323	0.00272813	0.00248002	0.00430277	0.000879681
61	0.101085	0.00377674	0.0064297	0.00840013	0.153822	0.15552	0.0702436	0.0406695	0.0118528	0.11655	0.00676103	0.0100645	0.00374685	0.00807072	0.00886008	0.052031	0.0407909	0.109178	0.00220546	0.0899419
62	0.339303	0.200946	0.00818473	0.0106146	0.00446498	0.0310167	0.00668893	0.012821	0.0148802	0.0151899	0.0114302	0.0242041	0.0929303	0.0120452	0.0110175	0.0544731	0.0533082	0.0894475	0.00359552	0.00343838
63	0.376959	0.00773399	0.0157367	0.0101341	0.00266617	0.255738	0.00661388	0.00577837	0.0546544	0.0127051	0.0439375	0.029404	0.0042665	0.0108896	0.0104111	0.113667	0.0248442	0.00874232	0.00263534	0.00248283
64	0.233352	0.000913769	0.0477855	0.0463704	0.00648532	0.0608569	0.00744518	0.0015358	0.242466	0.00629718	0.00393445	0.0465555	0.0423484	0.0419787	0.0899123	0.0923832	0.0192543	0.0089929	0.000565027	0.00056716
65	0.444569	0.00233407	0.00229487	0.00494953	0.00105989	0.194214	0.00204033	0.00189206	0.00837537	0.0131338	0.0223479	0.0134751	0.00154998	0.00334785	0.00543961	0.23814	0.0328481	0.00323013	0.000910996	0.00384716
66	0.137451	0.0306905	0.00673943	0.00185291	0.00610482	0.00764799	0.00138615	0.224583	0.00388182	0.0218113	0.00485031	0.00245622	0.000970447	0.00645734	0.00250432	0.00936735	0.0106983	0.515931	0.00155833	0.00305779
67	0.00925263	0.0205698	0.0228393	0.121718	0.00260886	0.00748964	0.101397	0.162944	0.0534176	0.167692	0.150334	0.0528639	0.00225473	0.0105649	0.0338458	0.0298217	0.0109625	0.0357088	0.00161715	0.00209677
68	0.0950966	0.000571772	0.234844	0.557222	0.000481656	0.00165051	0.00941944	0.000952088	0.0150085	0.00129388	0.00106106	0.0192383	0.000551355	0.0387488	0.00577748	0.00604647	0.00561726	0.0057538	0.000256277	0.000408991
69	0.426802	0.00577157	0.00554082	0.00750653	0.0016887	0.190514	0.00311034	0.00273329	0.0129819	0.0137731	0.0218058	0.0171093	0.00365056	0.00528866	0.0069282	0.223985	0.0358163	0.0106475	0.000952561	0.0033943
70	0.00455188	0.00093576	0.000860462	0.00106666	0.00379464	0.000893484	0.000865446	0.707387	0.00185744	0.0787237	0.0975868	0.00150026	0.00040404	0.00183591	0.00133781	0.00176318	0.0023338	0.0916162	0.00032092	0.00036451
71	0.0978863	0.000585194	0.237743	0.553002	0.000468224	0.00131129	0.00934409	0.000885996	0.0143527	0.00126506	0.000947732	0.0195371	0.000548575	0.0380141	0.00579862	0.00610929	0.00562741	0.00590654	0.000259503	0.000406515
72	0.482641	0.00969802	0.0132108	0.0152729	0.00442018	0.0325355	0.0135606	0.00753594	0.0206764	0.0109462	0.00909789	0.18461	0.00900337	0.0143068	0.0176662	0.111673	0.0218555	0.0120543	0.00266266	0.00657354
73	0.0410867	0.00238113	0.0370329	0.307238	0.00192364	0.0398902	0.0152661	0.0106563	0.127194	0.0117682	0.0059439	0.0318547	0.00320485	0.235958	0.041567	0.0251627	0.0390073	0.0152352	0.00556103	0.00206769
74	0.00455188	0.00093576	0.000860462	0.00106666	0.00379464	0.000893484	0.000865446	0.707387	0.00185744	0.0787237	0.0975868	0.00150026	0.00040404	0.00183591	0.00133781	0.00176318	0.0023338	0.0916162	0.00032092	0.00036451
75	0.00846999	0.00125294	0.0560315	0.0547152	0.00137597	0.100785	0.00260497	0.00234984	0.0622273	0.00323061	0.00258002	0.0139995	0.623841	0.00372876	0.00436294	0.0389438	0.0122649	0.00386264	0.00229322	0.00107962
76	0.0260935	0.00465017	0.00621994	0.0101814	0.0346249	0.0172715	0.0104288	0.167161	0.0185173	0.42304	0.0942202	0.0118317	0.00349768	0.0198164	0.0206867	0.0151091	0.0228716	0.0700681	0.00875382	0.0149565
77	0.173719	0.0322593	0.00912511	0.00203719	0.00435779	0.00920786	0.00151184	0.150742	0.00288877	0.0112898	0.00384901	0.00277969	0.00114129	0.00846783	0.00240098	0.0103779	0.00744474	0.563965	0.0011403	0.00129519
78	0.107911	0.0284922	0.00723973	0.009509	0.018461	0.0115712	0.0047767	0.215618	0.0223638	0.0453208	0.0223797	0.00996012	0.00364899	0.0122412	0.0147475	0.0249767	0.0433111	0.382618	0.00358504	0.011268
79	0.2747	0.0779957	0.00218984	0.0119416	0.00112562	0.0164343	0.00176657	0.00559033	0.0120689	0.0281628	0.0222108	0.0042845	0.00124444	0.00521677	0.00266429	0.0702249	0.164993	0.295383	0.000870356	0.000931212
80	0.0244289	0.00899277	0.00160374	0.00133413	0.00487745	0.00401197	0.000859955	0.515202	0.00473922	0.0556463	0.0135406	0.00178418	0.000707395	0.00214897	0.00286105	0.00410816	0.0147154	0.333926	0.00159446	0.00291677
81	0.2337	0.0302265	0.0175483	0.0213433	0.00639049	0.0463647	0.0169229	0.0191845	0.056245	0.0225193	0.0233543	0.0264357	0.0105072	0.0288722	0.0232014	0.128383	0.169237	0.113334	0.00217388	0.00405727
82	0.0820651	0.000819845	0.226422	0.493894	0.00177055	0.0083329	0.0115747	0.00125602	0.037725	0.00451713	0.0043131	0.0343228	0.00129656	0.0430936	0.0126989	0.0171886	0.0109327	0.00678235	0.000385761	0.000608322
83	0.0287422	0.00526115	0.0202018	0.0140324	0.00201656	0.82108	0.00195445	0.00139258	0.0135216	0.00428259	0.00379102	0.0327078	0.00378298	0.0069585	0.00582479	0.0201353	0.00567489	0.00318322	0.00381069	0.00164506
84	0.0139905	0.00425256	0.00102357	0.0011034	0.00168418	0.00428842	0.000685339	0.559864	0.00386048	0.0549518	0.00358447	0.00138268	0.000450915	0.00157253	0.00139661	0.00261645	0.0104753	0.3306	0.00151307	0.000703039
85	0.084891	0.00700895	0.01435	0.0188482	0.0087689	0.0194401	0.00348135	0.00909279	0.0269387	0.00764969	0.00380515	0.0141348	0.661805	0.0169085	0.0314335	0.0490385	0.0070427	0.00902617	0.00433385	0.00200222
86	0.0891074	0.015148	0.0214222	0.0533334	0.00912754	0.0233283	0.0249749	0.0528491	0.065406	0.0497904	0.0318939	0.0395419	0.00755562	0.172407	0.0430485	0.0408574	0.0481819	0.200803	0.00524388	0.00598013
87	0.0352906	0.00270172	0.00546509	0.00595569	0.00229804	0.00690804	0.379041	0.00483007	0.128813	0.0992518	0.00448433	0.0344648	0.00318216	0.151465	0.031604	0.0571225	0.00925053	0.00758346	0.0279182	0.00236975
88	0.140427	0.000872453	0.00456987	0.0186314	0.000768431	0.00934049	0.0399432	0.0223945	0.336791	0.0252456	0.0732381	0.0117544	0.00373734	0.0852358	0.119483	0.0357596	0.0563033	0.0141092	0.000595899	0.000799248
89	0.0105034	0.00478821	0.00223287	0.00247188	0.0277614	0.00563094	0.00258946	0.270399	0.00941518	0.408727	0.095152	0.00466608	0.00110939	0.0092631	0.0128624	0.0050745	0.0167917	0.0919462	0.0065473	0.0120674
90	0.0128328	0.00434425	0.00342752	0.00948263	0.00232969	0.00327413	0.0193701	0.141528	0.0934966	0.105054	0.166109	0.0617017	0.00131851	0.0184515	0.134921	0.0219818	0.0525295	0.143255	0.000793397	0.00379785
91	0.058827	0.0257205	0.0261632	0.0840433	0.00234921	0.00498214	0.00641724	0.00376845	0.0383967	0.00793718	0.0250718	0.0374423	0.00234796	0.0821265	0.151741	0.390668	0.0382231	0.00717716	0.00168861	0.00490864
92	0.0888382	0.0110469	0.0433723	0.0679914	0.00709881	0.037791	0.0354121	0.0149035	0.0854382	0.0227094	0.0197345	0.0572095	0.0330596	0.157793	0.0512909	0.17431	0.0552246	0.0244891	0.00579651	0.00649105
93	0.00610607	0.00120183	0.133922	0.0581449	0.00107687	0.090345	0.0111197	0.00178229	0.0120908	0.00219713	0.00983164	0.142722	0.00156335	0.0369808	0.0137164	0.314106	0.149435	0.0118424	0.000754094	0.00106154
94	0.080979	0.00301112	0.00469148	0.00698355	0.00218706	0.00617006	0.00505274	0.0291303	0.59951	0.00631425	0.00605796	0.0542319	0.00299235	0.00890014	0.00980635	0.010028	0.121464	0.0382319	0.00175456	0.00250401
95	0.0145088	0.000795172	0.0121519	0.00157283	0.000648733	0.00160437	0.00208751	0.00119888	0.00703689	0.00160474	0.00123748	0.0339143	0.000581056	0.00201534	0.0019879	0.430999	0.482977	0.00190548	0.000591049	0.000581649
96	0.073964	0.00894559	0.0283325	0.0424891	0.0130803	0.033555	0.0249696	0.0297677	0.175673	0.0467323	0.0376645	0.0477042	0.0454388	0.0568354	0.179656	0.0574859	0.0380345	0.043991	0.00536061	0.01032
97	0.00470032	0.00123189	0.00210097	0.00282048	0.0207514	0.00902636	0.00246781	0.0986271	0.00553617	0.547801	0.205399	0.00413868	0.00117552	0.0147456	0.0105207	0.00475087	0.0123828	0.0379884	0.00656046	0.00727442
98	0.00745364	0.00197388	0.000668367	0.000995803	0.000970974	0.00416953	0.000615974	0.580088	0.0035788	0.0572933	0.00086796	0.00126609	0.000393902	0.00100941	0.00110417	0.00168685	0.00754139	0.326782	0.00124129	0.000298939
99	0.0228737	0.00445283	0.0218903	0.0158173	0.00122836	0.821031	0.00268456	0.0018129	0.0145749	0.00345598	0.00337804	0.0322474	0.00766901	0.00575689	0.00558725	0.0222569	0.00505956	0.00306985	0.00378463	0.00136896
100	0.133239	0.0130323	0.0181766	0.0225143	0.00657822	0.0707814	0.00433926	0.00765678	0.0435685	0.0067656	0.00619304	0.0208901	0.515958	0.0167227	0.0309538	0.0551449	0.0116438	0.00970342	0.00385397	0.00228401
101	0.0777789	0.00863133	0.0859572	0.0647599	0.00929992	0.0886674	0.025668	0.014899	0.0722125	0.0213812	0.0193629	0.200347	0.0228974	0.0446646	0.0359586	0.0956193	0.0739375	0.0239033	0.00515754	0.00889616
102	0.130676	0.117775	0.0149689	0.0233748	0.00653205	0.0377322	0.0145129	0.0421154	0.0237877	0.0180055	0.0185448	0.0339444	0.0120927	0.0215609	0.0276277	0.215121	0.121812	0.109438	0.00415047	0.00622676
103	0.0759184	0.00584574	0.0172874	0.0222893	0.00741738	0.0228433	0.00396547	0.00941236	0.0250624	0.00416986	0.00292608	0.0123135	0.677986	0.0155342	0.0260089	0.0494178	0.00824037	0.00777294	0.00397495	0.00161315
104	0.013416	0.00363426	0.0218073	0.0138518	0.00108836	0.843607	0.00173579	0.00226619	0.0150222	0.0046385	0.0029667	0.0330144	0.00548041	0.00495717	0.00694359	0.0146491	0.00389978	0.00249843	0.00344945	0.00107409
105	0.0251505	0.0137505	0.00154617	0.00209146	0.0466715	0.00252088	0.00137868	0.403677	0.0196026	0.141064	0.0550131	0.00266134	0.000606197	0.00302426	0.0105404	0.00313583	0.00666624	0.2317	0.00117812	0.0280216
106	0.0362309	0.08268	0.00724635	0.0131078	0.0172637	0.00919854	0.0114124	0.277621	0.0191498	0.0404577	0.0691652	0.0159177	0.00295829	0.0116568	0.0197041	0.0474355	0.128469	0.176437	0.00678667	0.0071004
107	0.0983967	0.03192	0.0071348	0.0155876	0.00263735	0.00679093	0.0318297	0.0054859	0.0988313	0.0298123	0.00742078	0.13245	0.0025806	0.0411779	0.153319	0.279964	0.0110789	0.00786275	0.00190008	0.0338196
108	0.0900758	0.000981131	0.0026491	0.0113093	0.00679413	0.0069986	0.00165504	0.00710066	0.00537543	0.00220734	0.00186257	0.00891127	0.738582	0.0170853	0.0308088	0.0573351	0.00269373	0.0023765	0.00433677	0.000861102
109	0.137606	0.000504538	0.100211	0.191148	0.000886728	0.0448228	0.018355	0.0014979	0.148758	0.0123812	0.0140367	0.0969925	0.00466261	0.0932969	0.0503556	0.0523888	0.014824	0.0164983	0.000390863	0.000383128
110	0.054363	0.111553	0.00440144	0.00863525	0.002516	0.00945967	0.00439985	0.193102	0.0100777	0.0118165	0.0159185	0.00904105	0.00333683	0.00776033	0.00993577	0.0933563	0.184896	0.253566	0.00863657	0.00322809
111	0.0239414	0.00236108	0.00924574	0.00759143	0.00211964	0.0515393	0.00634686	0.00438553	0.477981	0.011803	0.0176378	0.0397811	0.016814	0.0239139	0.262332	0.0209515	0.00944297	0.00920559	0.00132494	0.00128106
112	0.00611487	0.00201581	0.00220883	0.00424632	0.00734024	0.00381081	0.00338317	0.551695	0.00596382	0.117933	0.195983	0.00415774	0.000824125	0.00482563	0.00423736	0.00467705	0.00352287	0.0752831	0.000926861	0.00085026
113	0.0394512	0.0300035	0.0175537	0.0149785	0.00335669	0.75661	0.00411321	0.0052163	0.0112628	0.00696512	0.00508148	0.029942	0.00660485	0.00763175	0.00760905	0.0203695	0.0114063	0.0155444	0.00417269	0.0021265
114	0.0250083	0.0115448	0.00628119	0.00564436	0.128999	0.00759545	0.0131131	0.292514	0.0250339	0.148486	0.0748268	0.00908738	0.00377466	0.00870264	0.01286	0.0122183	0.0141696	0.155034	0.0048747	0.040231
115	0.0664218	0.0210692	0.0192757	0.023225	0.00730104	0.0191312	0.0173609	0.0447642	0.0526501	0.0315126	0.151484	0.0311663	0.00715972	0.0941073	0.0405642	0.114943	0.114927	0.132973	0.00517199	0.00479139
116	0.0737483	0.0122422	0.0171075	0.0231898	0.00939473	0.0252989	0.0153871	0.0131837	0.0284125	0.0137756	0.00765463	0.0190024	0.564852	0.0231969	0.0302271	0.0504421	0.0178784	0.0138587	0.03777	0.00337759
117	0.330906	0.00358139	0.00228956	0.00351584	0.00112904	0.214591	0.00208499	0.00202389	0.00801896	0.0213331	0.0347274	0.0138877	0.00169153	0.00398591	0.00408655	0.291981	0.0513247	0.0045587	0.00102376	0.00325943
118	0.0917119	0.00593085	0.0852487	0.0049496	0.146626	0.00640471	0.217065	0.0262954	0.0077364	0.00549433	0.00404073	0.0807762	0.00293165	0.0259964	0.0285485	0.0914672	0.00685317	0.0070364	0.0386204	0.116266
119	0.0234714	0.0576879	0.0037622	0.00547903	0.00291361	0.00622013	0.00410784	0.298056	0.0102026	0.0187963	0.0141513	0.00813558	0.00243391	0.00686131	0.00989121	0.0581488	0.157695	0.299539	0.00961599	0.00283094
120	0.0372074	0.0588681	0.0243634	0.0116915	0.275533	0.0155288	0.244686	0.0168423	0.0185084	0.0344482	0.038067	0.0307455	0.00529918	0.0201958	0.0165289	0.0380589	0.0517279	0.0201559	0.0105361	0.0310079
121	0.0563787	0.000816239	0.00938331	0.0218672	0.000768239	0.0154811	0.0507643	0.00936002	0.382712	0.0431416	0.0514025	0.00640129	0.00807814	0.138368	0.0927646	0.0411673	0.0570027	0.0130157	0.000477077	0.000649385
122	0.0794403	0.00263826	0.0119185	0.00879748	0.00250471	0.0275403	0.00493557	0.00399554	0.266498	0.0261296	0.00651799	0.0286569	0.237064	0.06466	0.19949	0.012371	0.00744769	0.0064251	0.00151268	0.00145577
123	0.00742826	0.00192546	0.000666725	0.000995631	0.000858258	0.0041852	0.000618972	0.580959	0.00355002	0.0571502	0.000805547	0.00126387	0.000394376	0.00100356	0.00108947	0.00169076	0.00756239	0.326347	0.00124343	0.000261709
124	0.0195729	0.00474145	0.0195731	0.015026	0.00579209	0.778801	0.00743731	0.00758209	0.0134497	0.0131466	0.00542719	0.0276596	0.00923546	0.00714719	0.00634645	0.0177402	0.00966645	0.00810843	0.019991	0.00355537
125	0.00744832	0.00192619	0.000665917	0.0009945	0.000859044	0.00415867	0.000613052	0.583522	0.00348595	0.0572804	0.0016188	0.00124482	0.000393389	0.00102403	0.00109072	0.00169567	0.0074817	0.323003	0.0012251	0.000269253
126	0.146764	0.0293835	0.00742723	0.00224597	0.00684399	0.00836198	0.00177121	0.194044	0.00411564	0.0214549	0.00590038	0.00298224	0.00117802	0.00734416	0.00377802	0.00960595	0.00887367	0.532986	0.0013095	0.00363051
127	0.114264	0.0140922	0.0258304	0.0254897	0.00604571	0.0523463	0.0133856	0.0173098	0.0305903	0.0130498	0.0163037	0.0527867	0.0340953	0.0257227	0.0287289	0.316309	0.171576	0.0304762	0.00268844	0.00890977
128	0.0579069	0.00306311	0.0159409	0.0274223	0.00425909	0.0234564	0.0149309	0.0129129	0.390312	0.0223798	0.0292946	0.0370661	0.0169826	0.0437297	0.221595	0.0317251	0.0213045	0.0201854	0.0022504	0.00328233
129	0.12756	0.0158233	0.0265209	0.0216966	0.00777532	0.0527454	0.0179365	0.0119707	0.0330185	0.0136209	0.0150119	0.0477958	0.0249938	0.0241964	0.0245194	0.325146	0.170889	0.0266788	0.00359939	0.00850187
130	0.0150437	0.00422316	0.0202549	0.0150825	0.00109873	0.846214	0.0028073	0.00210671	0.0127651	0.00306693	0.00204546	0.0335345	0.00325157	0.00789998	0.00525553	0.013909	0.00383346	0.00311177	0.00372488	0.000770478
131	0.0640914	0.0179915	0.0206404	0.0147061	0.0100075	0.0240824	0.0144481	0.0352095	0.0225085	0.0197052	0.013742	0.0389093	0.00787972	0.0141913	0.0147193	0.255668	0.335959	0.0676238	0.00305577	0.00486188
132	0.0258806	0.00666111	0.0058062	0.00937112	0.046804	0.014967	0.0106375	0.13948	0.0223707	0.415405	0.0939245	0.0164636	0.0045869	0.020682	0.0240004	0.0165754	0.0254074	0.0736936	0.00846614	0.0188175
133	0.0448124	0.00891592	0.0218836	0.00905079	0.00167553	0.020801	0.00578667	0.00555839	0.0115627	0.00615154	0.00568584	0.0458689	0.00168412	0.00846491	0.0062128	0.390326	0.386979	0.0159311	0.00110249	0.00154647
134	0.0704505	0.014503	0.0221726	0.0191513	0.0835822	0.0230788	0.0423837	0.0542593	0.0517395	0.0557646	0.0266411	0.0510878	0.00997705	0.0268776	0.118803	0.0722963	0.0317387	0.0808046	0.0104875	0.134201
135	0.0841973	0.006004	0.156296	0.418794	0.00365841	0.021363	0.0137395	0.00865466	0.0532529	0.0126446	0.00822049	0.0392086	0.0143362	0.0624181	0.0226153	0.0283455	0.0212293	0.0206558	0.00250839	0.00185758
136	0.377763	0.0135539	0.012889	0.017634	0.00469259	0.106792	0.00885558	0.00627133	0.0301101	0.0144909	0.0183191	0.0272152	0.0170442	0.0140185	0.0200848	0.20565	0.0560647	0.0402312	0.00204569	0.0062743
137	0.200662	0.0604506	0.0066121	0.00512523	0.00461395	0.0116148	0.0023736	0.100062	0.00638059	0.017492	0.00964939	0.00420302	0.0078394	0.00792401	0.00322155	0.0260828	0.051266	0.47039	0.00114136	0.00289491
138	0.0938665	0.0056357	0.0886554	0.00511469	0.144343	0.00585068	0.211956	0.0249731	0.00774518	0.00521783	0.00424819	0.0831653	0.0031449	0.0275865	0.0272291	0.0889555	0.00694767	0.0072597	0.0412881	0.116816
139	0.172601	0.0117012	0.0440684	0.0815873	0.00832986	0.030674	0.0307088	0.0174054	0.0965707	0.0292947	0.0239473	0.0619228	0.0283024	0.16375	0.0490019	0.0598321	0.0427685	0.0355558	0.00511619	0.00686224
140	0.0791461	0.0197726	0.0271347	0.0207573	0.00940596	0.0233004	0.0164691	0.0372377	0.0308483	0.0207802	0.0175388	0.0446757	0.00781119	0.0196357	0.0182957	0.224207	0.304291	0.0706265	0.00317837	0.00488751
141	0.022083	0.00264446	0.0122829	0.00372875	0.000966055	0.00492333	0.00359215	0.00227283	0.0150435	0.00283957	0.00254687	0.0347488	0.000871416	0.00378539	0.00425014	0.44283	0.434139	0.00439531	0.000833169	0.00122351
142	0.114785	0.0031298	0.00410296	0.0688586	0.00259935	0.0064352	0.0319633	0.0506172	0.0495407	0.102402	0.0244313	0.105197	0.00211532	0.235884	0.0502941	0.00921945	0.0580514	0.0756109	0.00131445	0.00344841
143	0.273432	0.0670161	0.00220531	0.0129279	0.00107795	0.0156872	0.00181015	0.00432464	0.0133335	0.0304225	0.0216784	0.00410446	0.00140511	0.00551017	0.00272333	0.0580594	0.167419	0.314946	0.000876351	0.00103969
144	0.00768388	0.00355756	0.0537329	0.0222248	0.000967317	0.773668	0.00267102	0.00149439	0.0062435	0.00236283	0.00154967	0.0727311	0.0137075	0.00286243	0.00271445	0.0174816	0.00816977	0.00239057	0.00262763	0.00115932
145	0.0040769	0.00148947	0.0015127	0.00184693	0.0388029	0.00586572	0.00138984	0.124888	0.00377268	0.593111	0.114035	0.00246606	0.000642294	0.0110359	0.015109	0.0030164	0.018938	0.0314052	0.0112233	0.0153734
146	0.0356159	0.00357966	0.0230714	0.014432	0.00171491	0.812217	0.00272728	0.00159679	0.0121485	0.00360671	0.00354418	0.0331107	0.00379604	0.00429359	0.00442888	0.0258284	0.00562301	0.00458091	0.00318414	0.000899838
147	0.0822608	0.00997098	0.0391905	0.110869	0.0118832	0.036211	0.0405628	0.0231744	0.107219	0.0349615	0.0231034	0.0490808	0.0172929	0.203547	0.0599883	0.0499667	0.0470399	0.0399467	0.00750012	0.00623117
148	0.0202728	0.0010739	0.0111288	0.0019895	0.000856638	0.00225463	0.00420779	0.00127383	0.00762936	0.00214252	0.00139374	0.0418652	0.000767476	0.00270979	0.00242645	0.484355	0.409843	0.00259615	0.000531411	0.000681527
149	0.0055031	0.00244635	0.00147301	0.00189431	0.0434289	0.005299	0.00146441	0.129412	0.00525369	0.568418	0.107351	0.00246951	0.00067666	0.00988184	0.0183858	0.00307969	0.0208264	0.0425837	0.0109764	0.0191756
150	0.0671818	0.0635071	0.00472649	0.00355073	0.00485183	0.00632342	0.00213104	0.220949	0.00668469	0.0147391	0.010248	0.00458506	0.00149613	0.00610816	0.00435207	0.0334163	0.110309	0.422704	0.00849071	0.00364585
151	0.00734565	0.00188652	0.000642732	0.000928577	0.00113401	0.00391724	0.000604617	0.592037	0.003489	0.0580587	0.00588693	0.00129738	0.000377151	0.00106408	0.00108989	0.00166524	0.00739633	0.309697	0.00121858	0.000263352
152	0.016843	0.0046592	0.0233599	0.0144669	0.00166555	0.836194	0.00369849	0.00321426	0.0110147	0.00494926	0.00258734	0.0314907	0.0089885	0.00428453	0.00515767	0.0133056	0.00572458	0.00352993	0.00354743	0.00131815
153	0.00454097	0.000945154	0.000862122	0.00106856	0.00402235	0.000894223	0.000867893	0.705601	0.00193964	0.0797311	0.0976469	0.00150034	0.000408042	0.00184423	0.00143843	0.00175838	0.00243591	0.0916412	0.000326056	0.000527144
154	0.0116778	0.00416786	0.023568	0.013634	0.00089816	0.853975	0.00191216	0.00108175	0.00809533	0.00320731	0.0027037	0.0325801	0.00720928	0.00448031	0.00317846	0.0161061	0.004904	0.00224867	0.00362993	0.000742118
155	0.0169451	0.00428576	0.0197228	0.0137862	0.0015192	0.840724	0.00211385	0.00348883	0.0136209	0.00383004	0.00284441	0.030169	0.00434513	0.00491116	0.00596549	0.0180845	0.00506433	0.00405164	0.00376616	0.000761395
156	0.0758425	0.00384864	0.237985	0.181823	0.00535956	0.0486487	0.0320247	0.0118599	0.05567	0.0124259	0.0129599	0.0884969	0.018416	0.042662	0.025078	0.0671237	0.0465104	0.0249745	0.00381494	0.00447525
157	0.106949	0.00333048	0.00639099	0.0127515	0.0291956	0.0109898	0.00469166	0.00889493	0.0146945	0.00539747	0.004963	0.016016	0.628217	0.0199076	0.0328526	0.0719199	0.00907358	0.00653899	0.00487433	0.00235136
158	0.0183495	0.00916208	0.00546421	0.00304111	0.430277	0.00457608	0.00992482	0.0683374	0.0120716	0.0950939	0.0174831	0.00705795	0.00141897	0.00401479	0.00943603	0.0084486	0.00674803	0.115448	0.0118079	0.161838
159	0.114709	0.00846117	0.00904152	0.0144536	0.00815673	0.0134841	0.00545458	0.00762567	0.0192249	0.00588625	0.00382649	0.0472662	0.589065	0.0190405	0.0320761	0.0785453	0.0109406	0.00631851	0.00451257	0.00191161
160	0.0173153	0.00546326	0.0194906	0.0135922	0.00135349	0.84862	0.00176509	0.00305142	0.0103936	0.00248949	0.00276336	0.0294539	0.0059824	0.00434197	0.00471213	0.0120453	0.0044365	0.00814696	0.00352043	0.00106203
161	0.0237324	0.00354522	0.0153351	0.00443348	0.000825503	0.00818966	0.00275653	0.00146652	0.00757792	0.00218062	0.00234379	0.0354811	0.000631654	0.00438114	0.00297731	0.421682	0.457021	0.00394225	0.000765272	0.000731855
162	0.0123527	0.00114615	0.408696	0.0567256	0.00107568	0.00914736	0.0603957	0.00204618	0.00968513	0.00291534	0.00331796	0.195701	0.00218033	0.02912	0.0152736	0.0970174	0.0880643	0.0029987	0.000636559	0.00150488
163	0.0342423	0.0265365	0.0140507	0.0155332	0.220843	0.0200676	0.184288	0.0223638	0.0207393	0.0818	0.0878247	0.0210685	0.00709971	0.0185164	0.0191605	0.0293407	0.134084	0.0237036	0.00592001	0.0128164
164	0.0107433	0.00752051	0.00110614	0.00146563	0.0083544	0.00359802	0.00137738	0.514383	0.0107156	0.0737095	0.0109139	0.00245902	0.000619668	0.0018264	0.00446573	0.00496548	0.0247899	0.309374	0.0019723	0.00564095
165	0.0834974	0.00112213	0.226544	0.501934	0.00172	0.0077095	0.0111757	0.00190212	0.0354667	0.00448717	0.00450304	0.0335393	0.00120985	0.0432963	0.012108	0.0133567	0.00914431	0.00602582	0.000713137	0.000545259
166	0.278117	0.0768658	0.00246634	0.0119163	0.00128424	0.0157046	0.00186972	0.0070262	0.0123554	0.0304693	0.0207944	0.00458147	0.00256465	0.00560118	0.00295908	0.0584019	0.159509	0.305569	0.000858957	0.00108587
167	0.0471859	0.0193517	0.00257669	0.0019991	0.0317728	0.00364539	0.00119613	0.305774	0.0147877	0.0863894	0.0184231	0.00252245	0.000733207	0.00292153	0.0096022	0.00395195	0.0083459	0.414516	0.00103193	0.0232725
168	0.0255941	0.000978678	0.198562	0.324209	0.00895849	0.00673802	0.00387745	0.0019107	0.148084	0.0199697	0.0201982	0.0893166	0.00158103	0.0526688	0.044197	0.0280561	0.01935	0.00414695	0.000754642	0.000848281
169	0.0354616	0.0282934	0.00218933	0.00293581	0.0777971	0.00254028	0.00203941	0.182171	0.0346929	0.147223	0.0445672	0.00404913	0.00104441	0.00300231	0.0239818	0.00400307	0.00805139	0.336597	0.00120467	0.0581556
170	0.0053332	0.00141005	0.00278589	0.00279929	0.607174	0.00333131	0.0034489	0.00960273	0.00405928	0.0736634	0.00300815	0.00415931	0.00127161	0.00332018	0.00399065	0.00471588	0.00397672	0.0330769	0.0158903	0.212983
171	0.00496049	0.00197661	0.00152057	0.00187448	0.0428037	0.00533804	0.00147726	0.12818	0.00465315	0.577069	0.107934	0.00241679	0.000645939	0.00997037	0.0175908	0.00312776	0.0209908	0.0377644	0.0111536	0.0185525
172	0.149941	0.000311753	0.109112	0.191658	0.000714225	0.0346323	0.0108337	0.000683368	0.150423	0.00901237	0.0156773	0.107255	0.00459737	0.0807928	0.0475398	0.0561411	0.0153505	0.0147675	0.000238768	0.000318728
173	0.048552	0.00417704	0.300135	0.0937982	0.0236035	0.0270815	0.104175	0.00893843	0.0322257	0.00954425	0.00693152	0.1152	0.00472766	0.0360898	0.0202068	0.0716993	0.0602522	0.0088363	0.0066863	0.0171392
174	0.00711448	0.00133234	0.0628899	0.0546974	0.00126696	0.0680697	0.00253913	0.00223205	0.0634295	0.00305881	0.00232472	0.0156002	0.653743	0.00306963	0.00374659	0.0338825	0.0142286	0.00328007	0.00240509	0.00108922
175	0.132567	0.000358421	0.114492	0.215143	0.00103031	0.0370434	0.0130727	0.000925291	0.14194	0.00979395	0.0142397	0.103907	0.00380147	0.0869357	0.0461645	0.0504415	0.0138855	0.0136052	0.000253474	0.000399799
176	0.0492807	0.0930386	0.00400148	0.0081064	0.00206302	0.00864424	0.00383981	0.202072	0.00902079	0.0108629	0.0151343	0.00795686	0.00245611	0.00774646	0.0078878	0.0948229	0.202875	0.258631	0.00897556	0.00258458
177	0.0748584	0.000627	0.221029	0.563997	0.00095349	0.00277476	0.010063	0.00122842	0.0269433	0.00235672	0.00226404	0.0197629	0.000658399	0.0468798	0.0073054	0.00653324	0.00584762	0.00515645	0.000301425	0.000459022
178	0.40906	0.00388125	0.00543656	0.00638332	0.00120224	0.210621	0.00267444	0.00199428	0.0131622	0.0144367	0.0240722	0.0168921	0.00266876	0.00549634	0.00625125	0.231311	0.0348679	0.00496105	0.00118098	0.00344725
179	0.0232193	0.0104038	0.00272154	0.00474979	0.00938627	0.00480453	0.00257095	0.540148	0.0110234	0.0856603	0.0515873	0.00603229	0.00555918	0.00515933	0.00816969	0.00978254	0.0184457	0.193883	0.00221972	0.00447367
180	0.00742826	0.00192546	0.000666725	0.000995631	0.000858258	0.0041852	0.000618972	0.580959	0.00355002	0.0571502	0.000805547	0.00126387	0.000394376	0.00100356	0.00108947	0.00169076	0.00756239	0.326347	0.00124343	0.000261709
181	0.00413413	0.000946616	0.0017514	0.0022615	0.0214991	0.00898214	0.0016964	0.100459	0.00359953	0.570799	0.193683	0.00296429	0.000886435	0.0141435	0.00880766	0.00336345	0.0119839	0.0337221	0.00680937	0.00750796
182	0.0235257	0.0062543	0.00130516	0.00178312	0.0154999	0.00362465	0.00135534	0.536727	0.00896308	0.0973346	0.0417076	0.00261377	0.00059087	0.00246933	0.00551266	0.00255844	0.00705152	0.231141	0.000984947	0.00899707
183	0.0165493	0.00369541	0.0202174	0.0129291	0.00127415	0.844169	0.00261515	0.00159095	0.0141258	0.00277636	0.00296038	0.031667	0.00754003	0.00601774	0.00556507	0.0156488	0.0040598	0.00250411	0.00336761	0.000726547
184	0.0832944	0.0036382	0.146918	0.396593	0.00528985	0.0239864	0.0159659	0.0109381	0.0631071	0.0110183	0.00883192	0.0407793	0.0178961	0.0681478	0.0263254	0.0313425	0.0224039	0.0170594	0.003176	0.00328803
185	0.0181915	0.00850504	0.00314963	0.00380123	0.00659332	0.007892	0.00240416	0.557677	0.0104087	0.0760501	0.0498469	0.0052753	0.00210902	0.00649086	0.00813158	0.0100587	0.0207785	0.198355	0.00180702	0.00247476
186	0.0233855	0.00482635	0.019321	0.0142594	0.00169729	0.826081	0.00291948	0.00734848	0.011378	0.00390719	0.00343704	0.0297498	0.00649099	0.00501188	0.00544259	0.0182282	0.0057342	0.00582858	0.00334	0.00161265
187	0.0107369	0.00374521	0.023032	0.0151008	0.00085903	0.855276	0.00257168	0.00305065	0.0103662	0.00323911	0.00181501	0.0337085	0.00333031	0.00558038	0.00518583	0.0120992	0.00342755	0.00266884	0.00332518	0.000881441
188	0.00651892	0.00129795	0.120884	0.0555494	0.00104113	0.0829903	0.0136627	0.00191031	0.0147087	0.00226131	0.0124215	0.124973	0.00111428	0.0469139	0.0115185	0.323019	0.163171	0.0143738	0.000745471	0.000924035
189	0.154447	0.00433578	0.169795	0.0806228	0.0041131	0.0265381	0.0154406	0.00633099	0.0665357	0.0106059	0.0718734	0.0968693	0.00539574	0.079466	0.031631	0.126708	0.0284366	0.0155872	0.00196015	0.00330725
190	0.084614	0.00522148	0.154162	0.422626	0.00382791	0.0173414	0.0151691	0.0108853	0.0547088	0.0124132	0.00945079	0.0367428	0.0235528	0.060616	0.0245148	0.0266568	0.0183077	0.0149603	0.00174662	0.0024816
