595	20
1	0.0265289	0.0172498	0.00151171	0.00108725	0.285797	0.00147323	0.00664027	0.0981668	0.00786295	0.307843	0.0168863	0.0115371	0.00641243	0.00136627	0.00128838	0.0130667	0.00852393	0.0883665	0.0644209	0.0339706
2	0.0265289	0.0172498	0.00151171	0.00108725	0.285797	0.00147323	0.00664027	0.0981668	0.00786295	0.307843	0.0168863	0.0115371	0.00641243	0.00136627	0.00128838	0.0130667	0.00852393	0.0883665	0.0644209	0.0339706
3	0.0361212	0.0109049	0.121066	0.117184	0.00144644	0.232333	0.0189973	0.00192742	0.0555152	0.00986398	0.0086987	0.139127	0.00583793	0.0627221	0.0503843	0.100399	0.00636551	0.00498953	0.00194248	0.0141733
4	0.0222106	0.0118969	0.00376655	0.0192009	0.0729235	0.013239	0.0255366	0.0736127	0.160347	0.137774	0.0460879	0.0324739	0.0053433	0.0440164	0.172892	0.0275325	0.0363159	0.0597177	0.0131194	0.0219933
5	0.0528126	0.022339	0.000765193	0.0013057	0.126241	0.0197527	0.00284545	0.169004	0.00112879	0.301062	0.0543193	0.00428332	0.00362159	0.000736105	0.00307031	0.0304884	0.0434226	0.144962	0.0010161	0.0168235
6	0.0640891	0.0372062	0.00227525	0.00337997	0.169952	0.00437338	0.00304942	0.0100797	0.00328405	0.142061	0.00481032	0.0173651	0.0158317	0.00410428	0.00415061	0.109815	0.361857	0.0218615	0.00204445	0.0184099
7	0.00682957	0.00537987	0.000886828	0.00152591	0.680564	0.00790785	0.00137669	0.0236528	0.00176559	0.119369	0.035985	0.00222402	0.00127467	0.00138722	0.00261823	0.00748274	0.00553727	0.00841194	0.0164585	0.0693623
8	0.108411	0.0189703	0.0291093	0.0482294	0.00886356	0.0513976	0.0189101	0.017664	0.071277	0.046971	0.0203736	0.0701558	0.0101247	0.0818635	0.0585868	0.188967	0.0887242	0.028102	0.0141912	0.0191079
9	0.0219608	0.0179849	0.00773114	0.00947278	0.13526	0.00940047	0.0193056	0.0255301	0.0483922	0.0331886	0.0145125	0.0492074	0.0135674	0.0134794	0.009954	0.0537856	0.0418887	0.0313385	0.117311	0.326729
10	0.02284	0.0040742	0.000575434	0.00302417	0.0326656	0.00270387	0.00055394	0.209395	0.00253892	0.210487	0.25344	0.00284585	0.00367564	0.0172884	0.00342793	0.00958546	0.0204045	0.179864	0.00219253	0.0184175
11	0.0529373	0.0225506	0.00076434	0.00131139	0.126394	0.0199288	0.00287118	0.168907	0.00116553	0.299941	0.0542588	0.00432132	0.00362511	0.000718815	0.00309976	0.030736	0.0436531	0.144792	0.00095584	0.0170685
12	0.0908586	0.0108625	0.00269204	0.00213264	0.0353971	0.0139372	0.00464496	0.221383	0.00870509	0.13618	0.0344872	0.00614332	0.000501822	0.00846358	0.00312266	0.0422511	0.0827517	0.287723	0.000210507	0.00755208
13	0.0442396	0.00414993	0.109403	0.151197	0.022345	0.032826	0.0365704	0.0209451	0.0739168	0.0473477	0.0130905	0.0939608	0.0125359	0.0851337	0.0455214	0.0976775	0.0418809	0.0269976	0.00374941	0.0365124
14	0.206094	0.0232968	0.00710149	0.0161717	0.0180372	0.0638902	0.00470298	0.0656076	0.00794969	0.0470254	0.0283489	0.0272476	0.0193692	0.00956087	0.00954028	0.215543	0.115484	0.107427	0.00122029	0.00638248
15	0.0384382	0.00314256	0.000532622	0.000563999	0.143684	0.00124173	0.000577654	0.185918	0.00194401	0.349408	0.0280972	0.000838161	0.00321851	0.00328684	0.000723577	0.00832224	0.0194012	0.190947	0.0133826	0.00633223
16	0.231472	0.0870561	0.00249548	0.00305423	0.0727808	0.00839031	0.00265221	0.0340742	0.00367365	0.132848	0.00672919	0.00455416	0.00403247	0.0035644	0.00318964	0.177691	0.196118	0.0197051	0.00186743	0.00405133
17	0.0207355	0.00834775	0.0178481	0.0456013	0.0608076	0.0131391	0.0402462	0.0551572	0.118444	0.190812	0.0657129	0.0236153	0.00517893	0.0737647	0.14122	0.0303919	0.0170831	0.0513974	0.00589679	0.0146005
18	0.065814	0.0153811	0.00191892	0.00180499	0.0790992	0.0152728	0.00371111	0.198256	0.00567084	0.221082	0.045596	0.00544489	0.00184782	0.00498031	0.00290733	0.0350263	0.0639075	0.21808	0.000564331	0.0136343
19	0.242007	0.0531377	0.0324612	0.011705	0.00576905	0.263548	0.0163547	0.00750199	0.0529185	0.0198004	0.00620144	0.0142348	0.00451415	0.034055	0.0183142	0.136362	0.0517749	0.00953559	0.00294722	0.0168568
20	0.0309095	0.00359921	0.000505239	0.0012927	0.0437393	0.00407121	0.000397033	0.200122	0.00145725	0.258048	0.196959	0.00397951	0.00189692	0.0154791	0.00226594	0.0109108	0.0144977	0.185899	0.000775901	0.0231951
21	0.0105856	0.0189795	0.0206602	0.0121269	0.00623682	0.0127001	0.127302	0.00293733	0.218968	0.0308816	0.0216783	0.0488267	0.0058675	0.0717693	0.334599	0.0338801	0.0110111	0.00344501	0.000892286	0.00665278
22	0.0615456	0.00443621	0.000960263	0.00151541	0.035648	0.00535794	0.00198539	0.212699	0.00562277	0.242477	0.129101	0.00798644	0.00311238	0.0171317	0.0033852	0.0116549	0.0189463	0.221333	0.000569279	0.0145324
23	0.00934106	0.00691516	0.0198696	0.0298977	0.00377486	0.0114704	0.0590305	0.00495871	0.239041	0.012709	0.0111378	0.0480414	0.00175239	0.0966057	0.402932	0.0234352	0.00918026	0.00362456	0.00435907	0.00192352
24	0.237548	0.0402716	0.00137418	0.00606676	0.0177313	0.148962	0.000995587	0.0415723	0.00622948	0.0195391	0.0230728	0.0225286	0.00354018	0.0054085	0.00318956	0.26038	0.0852038	0.0734804	0.000490036	0.0024156
25	0.235713	0.0312628	0.00387633	0.00872285	0.0207785	0.0693179	0.00346605	0.0583432	0.0104485	0.0487258	0.0254422	0.0178437	0.0104805	0.00671016	0.00533718	0.2226	0.114975	0.0984024	0.00216693	0.00538627
26	0.0173707	0.0142489	0.000448142	0.00119851	0.0549811	0.00409862	0.00148268	0.192864	0.000773174	0.490181	0.0700691	0.00237662	0.00369303	0.00340974	0.00182262	0.0113042	0.016241	0.106577	0.00182483	0.005035
27	0.0678954	0.0307268	0.00115036	0.00122425	0.00863425	0.00879111	0.0027306	0.185217	0.0153163	0.0660591	0.0886562	0.0221367	0.00259991	0.0244693	0.00709022	0.144416	0.184994	0.130412	0.000561858	0.00691879
28	0.270537	0.037248	0.000641002	0.0160527	0.022883	0.0193896	0.0228092	0.0682608	0.0401123	0.0727328	0.0329591	0.0053906	0.000691735	0.0326607	0.0181796	0.131696	0.0507814	0.133301	0.0125316	0.0111419
29	0.0088246	0.00104575	0.00117702	0.00153316	0.0131296	0.00197025	0.000309501	0.452214	0.00299486	0.110187	0.0176627	0.00322454	0.00178723	0.00283662	0.000461568	0.00503733	0.00748117	0.365611	0.00103694	0.001475
30	0.00474128	0.00355804	0.00102907	0.00373948	0.430768	0.00358346	0.00961585	0.0217525	0.00388817	0.0876951	0.0291199	0.00713008	0.00086623	0.00779035	0.001933	0.00562862	0.00300208	0.0166955	0.026939	0.330524
31	0.0139209	0.00315975	0.0194688	0.0540845	0.0039178	0.0145181	0.026891	0.00838473	0.250307	0.00568059	0.00508253	0.0416294	0.000511817	0.121716	0.38049	0.0229824	0.0122375	0.00615328	0.00821399	0.000649594
32	0.020508	0.00821343	0.0191662	0.0384866	0.00467495	0.0148567	0.0282821	0.00962478	0.34994	0.0153854	0.0151939	0.0481049	0.00645636	0.0775633	0.217483	0.0605022	0.0388709	0.0136935	0.00428902	0.00870503
33	0.227073	0.0581728	0.00176137	0.0179386	0.0166197	0.0378959	0.0183461	0.0835372	0.0239286	0.0719991	0.0222478	0.00727108	0.00183707	0.0236266	0.0115871	0.162685	0.0724034	0.125837	0.00759578	0.0076357
34	0.0118013	0.000487729	0.00580875	0.0145899	0.00057122	0.850177	0.00314972	0.000736464	0.0168203	0.00762129	0.00043704	0.00926658	0.00171662	0.00306326	0.0351906	0.0267379	0.006332	0.00198591	0.00173081	0.00177565
35	0.0626215	0.00400385	0.0912839	0.24588	0.0021865	0.0267248	0.0329472	0.0127767	0.112238	0.0314097	0.01591	0.0577466	0.00717907	0.119315	0.0598563	0.0568427	0.0382361	0.0162036	0.0014573	0.00518063
36	0.00425321	0.00154992	0.00152678	0.00135691	0.0154058	0.000461863	0.000278673	0.456849	0.000418845	0.13233	0.0238649	0.000730521	0.000646438	0.00119118	0.000469329	0.0056471	0.00434903	0.346577	0.00133146	0.000761672
37	0.0605766	0.00655609	0.00372871	0.00308215	0.027347	0.00877813	0.0055023	0.262316	0.0117643	0.113261	0.0518574	0.0109869	0.00112769	0.0153084	0.00298371	0.0385927	0.0799896	0.287375	0.000448181	0.00841819
38	0.0224287	0.00638758	0.0182191	0.0161283	0.00468506	0.00691947	0.00701635	0.0177903	0.0131864	0.00621132	0.0024209	0.258056	0.0185615	0.0110776	0.00483029	0.321804	0.254874	0.00695225	0.000599643	0.00185078
39	0.0511175	0.0215061	0.00119454	0.00127699	0.137869	0.0172217	0.00361967	0.157736	0.00120005	0.3039	0.0551067	0.00456731	0.00302791	0.00114238	0.00298946	0.0326254	0.0428041	0.136711	0.00228068	0.0221029
40	0.0317705	0.00658106	0.000436521	0.00162021	0.041544	0.00385926	0.000645051	0.229329	0.00132543	0.26173	0.169477	0.00394471	0.00185729	0.011795	0.00309	0.00936399	0.0150657	0.187398	0.000722837	0.0184437
41	0.0993929	0.0092688	0.0278436	0.0180498	0.00441664	0.0699836	0.0234601	0.0136052	0.0257337	0.0194396	0.0164932	0.079568	0.00332871	0.0503367	0.00435034	0.342794	0.169487	0.0209509	0.000364259	0.00113247
42	0.0998691	0.00949706	0.00271537	0.00228532	0.0234916	0.0121799	0.00387966	0.214521	0.00870282	0.0922392	0.0341555	0.0149407	0.00207334	0.0110513	0.00352852	0.0598518	0.0946657	0.302035	0.000452979	0.00786471
43	0.00559201	0.00276022	0.843563	0.0563876	0.00228433	0.00725026	0.00779395	0.00112649	0.00208461	0.00179256	0.000884848	0.0341156	0.00253184	0.00526761	0.00299296	0.0121917	0.00643586	0.00257409	0.000314737	0.00205538
44	0.169442	0.0136013	0.00191062	0.00208786	0.0126477	0.013755	0.00274463	0.149107	0.00449019	0.0501964	0.0116216	0.00559557	0.0018453	0.00406472	0.00328686	0.0430588	0.104909	0.401473	0.00124353	0.00291925
45	0.038441	0.00441526	0.113274	0.134003	0.0266961	0.0311816	0.0401714	0.0214329	0.0649793	0.049369	0.0138254	0.104838	0.0131758	0.0766638	0.0466405	0.104549	0.0403586	0.0268855	0.00456533	0.0445335
46	0.0262673	0.00815201	0.0231158	0.0496341	0.00506695	0.0128098	0.0299316	0.0137217	0.227468	0.0112441	0.0141495	0.0492895	0.00896356	0.103058	0.267993	0.0646146	0.0443839	0.0235044	0.00702787	0.00960447
47	0.0380366	0.00719086	0.000911875	0.00184301	0.0516812	0.00460013	0.00170305	0.262268	0.00282525	0.247815	0.0844656	0.0035948	0.00165792	0.00677198	0.0020546	0.0155653	0.033048	0.22139	0.0015969	0.0109801
48	0.175397	0.0073809	0.013863	0.0204463	0.0206389	0.033486	0.00661886	0.0737299	0.00610198	0.0639935	0.034584	0.0344768	0.0378095	0.0135145	0.0076886	0.19543	0.131513	0.113923	0.00112638	0.00827802
49	0.0258365	0.00692073	0.000486462	0.00381868	0.0259389	0.00236904	0.00138614	0.396335	0.00133101	0.253955	0.0571604	0.00194172	0.00745203	0.00190662	0.00306932	0.00594972	0.0146408	0.187147	0.000301936	0.00205352
50	0.186425	0.0428064	0.000480646	0.00102501	0.0643794	0.103955	0.000983285	0.134237	0.000854898	0.127272	0.0234934	0.00306628	0.00703966	0.000825667	0.00356186	0.0750054	0.0503591	0.173035	0.000367673	0.000827883
51	0.052834	0.0225254	0.000763557	0.00131402	0.126383	0.0198892	0.00287428	0.168885	0.0011219	0.300703	0.0542914	0.0042835	0.00363161	0.000722962	0.00309132	0.0306523	0.0435189	0.144629	0.000961735	0.0169235
52	0.258013	0.0480359	0.00224287	0.00787875	0.0155805	0.158979	0.00135848	0.0376502	0.00553855	0.0187098	0.0181364	0.0181733	0.00456569	0.00674777	0.00323221	0.239776	0.0872937	0.0644042	0.000482825	0.00320049
53	0.0494232	0.0194106	0.000761917	0.00115824	0.11195	0.017337	0.00235837	0.175026	0.00125146	0.297647	0.073622	0.00447755	0.00302238	0.00290198	0.0027946	0.0264362	0.0386334	0.153268	0.000833311	0.0176864
54	0.143246	0.0148886	0.000996594	0.00227777	0.0758579	0.0330815	0.00113483	0.138192	0.0194352	0.124388	0.0318173	0.0103942	0.0100067	0.00198569	0.00609708	0.0298101	0.0375462	0.203833	0.0274485	0.0875631
55	0.0467163	0.00691411	0.00120283	0.00142339	0.0580727	0.00675211	0.00207181	0.223238	0.00416457	0.240904	0.091848	0.00514709	0.00147465	0.00910434	0.00223291	0.0200335	0.0377522	0.222132	0.00159512	0.0172203
56	0.0426023	0.015837	0.000716442	0.00137592	0.0963242	0.0143777	0.00228023	0.179066	0.00122473	0.353097	0.0688233	0.00488051	0.00354823	0.00344769	0.00249751	0.022475	0.0309372	0.140377	0.0015133	0.0145982
57	0.00483775	0.00696513	0.0016455	0.00499011	0.186661	0.00173892	0.0199798	0.0284785	0.0102494	0.0431757	0.0111803	0.0180765	0.0011194	0.0154741	0.00273212	0.0115436	0.00565846	0.0350216	0.0424882	0.547984
58	0.253256	0.0169509	0.0130243	0.0262689	0.00626763	0.166925	0.00213854	0.0278333	0.0164872	0.0116731	0.00724783	0.040938	0.053136	0.0244885	0.00858868	0.227946	0.0705596	0.0228144	0.000859158	0.00259672
59	0.265319	0.0508579	0.0018597	0.000524078	0.0285586	0.0357747	0.00035482	0.0578717	0.00222429	0.0342555	0.026829	0.00130166	0.0043327	0.000487871	0.000544869	0.204765	0.170599	0.10453	0.00451675	0.00449224
60	0.0386797	0.00350773	0.000530958	0.000566054	0.141718	0.00156988	0.000557984	0.187179	0.00184736	0.349494	0.0287921	0.000783975	0.00314349	0.00305596	0.000766658	0.00893075	0.0201127	0.190021	0.0124131	0.00632977
61	0.222978	0.00920811	0.0133928	0.0122686	0.0314526	0.0217123	0.00380589	0.0697079	0.00602941	0.0486088	0.0269538	0.0195157	0.0528887	0.0069422	0.00501072	0.18055	0.118818	0.138559	0.00173961	0.00985829
62	0.125807	0.0383139	0.00596513	0.00638941	0.00958776	0.3509	0.00267262	0.0106215	0.0042228	0.0127267	0.00412454	0.0181682	0.0476594	0.00522203	0.0042803	0.175029	0.157487	0.0137356	0.00126948	0.0058172
63	0.0395606	0.00495857	0.000557677	0.0006436	0.138921	0.00302594	0.000717606	0.184965	0.00175207	0.349424	0.0313218	0.00111063	0.00315485	0.0028205	0.000984992	0.0113081	0.0218246	0.184653	0.0109314	0.00736492
64	0.135602	0.0125035	0.00106273	0.00206343	0.074502	0.0301097	0.0014851	0.155082	0.021133	0.120434	0.0355937	0.012362	0.0074443	0.00277065	0.00679396	0.0289351	0.0442617	0.204131	0.0226132	0.0811169
65	0.0861437	0.0131751	0.00154535	0.00522241	0.159172	0.0152989	0.00437983	0.0934559	0.0271972	0.205374	0.027343	0.00983487	0.0262499	0.00478414	0.00483335	0.0292734	0.0303525	0.128599	0.0605202	0.0672458
66	0.052225	0.0219969	0.000754333	0.00129527	0.126791	0.0194987	0.00280736	0.169655	0.00111769	0.301554	0.0538781	0.00418315	0.00366436	0.000761233	0.00301065	0.0302672	0.0429021	0.145641	0.00110394	0.0168927
67	0.238983	0.0388135	0.00143693	0.00613781	0.0178794	0.14998	0.00102076	0.0424825	0.0065058	0.0200727	0.0235078	0.023148	0.00393587	0.00543742	0.00316387	0.256903	0.0840071	0.0738552	0.000429126	0.00229958
68	0.0149807	0.00631897	0.0204687	0.0214754	0.0034956	0.0255027	0.0154355	0.0126939	0.310252	0.0166311	0.0233643	0.0489892	0.00530284	0.0519899	0.242612	0.0845462	0.0634809	0.0146144	0.00220819	0.015638
69	0.0381166	0.00902318	0.00423186	0.0178562	0.0553114	0.0127544	0.0142696	0.100894	0.130242	0.17996	0.0732553	0.031207	0.00629052	0.037324	0.117403	0.0328509	0.0391415	0.0633071	0.0162823	0.0202795
70	0.268879	0.0374329	0.00058647	0.0155222	0.0228645	0.0196809	0.0227081	0.0679302	0.0399017	0.0727067	0.0322199	0.00548067	0.000663865	0.032584	0.0185135	0.133736	0.0509121	0.133432	0.0128608	0.0113844
71	0.0251684	0.00878057	0.0211067	0.0317794	0.00503727	0.0185176	0.0216343	0.0131013	0.265535	0.0204103	0.0252161	0.0542195	0.008077	0.0702371	0.205526	0.0960363	0.0715773	0.0204359	0.00332547	0.0142789
72	0.020369	0.00229236	0.689428	0.0578526	0.00212113	0.0241818	0.0147239	0.0037633	0.0120535	0.00587453	0.00319489	0.0676948	0.00639628	0.0133	0.00867352	0.0351484	0.0211218	0.00642211	0.000620967	0.00476673
73	0.0690774	0.00441837	0.0926778	0.247963	0.00189451	0.0337725	0.0261879	0.015562	0.110729	0.0367118	0.0120589	0.0554229	0.00677686	0.108524	0.0455975	0.0635988	0.0446906	0.0206485	0.000646715	0.00304019
74	0.0101979	0.00422864	0.0101175	0.0162333	0.00934248	0.00575143	0.0159146	0.0147367	0.112054	0.0270685	0.0167732	0.0154587	0.00174545	0.0352624	0.644393	0.018963	0.011001	0.0164469	0.0099103	0.00440122
75	0.0174052	0.0110834	0.000575476	0.00354457	0.025824	0.00169788	0.00107131	0.295519	0.00196035	0.232656	0.155309	0.00250005	0.00289506	0.00917014	0.00281149	0.00717714	0.0248471	0.193249	0.00147816	0.0092258
76	0.0113986	0.00434718	0.0199795	0.0290718	0.00274801	0.0296066	0.0171095	0.00824998	0.306382	0.0115146	0.0171545	0.0433785	0.00177308	0.0711694	0.311069	0.0591321	0.0386563	0.00635889	0.00364363	0.00725617
77	0.246596	0.0375163	0.000855915	0.0139832	0.0230251	0.0213842	0.0185798	0.0709991	0.0416792	0.0793619	0.0318824	0.00610886	0.00106041	0.0325638	0.020459	0.14035	0.0677179	0.125444	0.0105508	0.00988192
78	0.0745083	0.0462257	0.00157076	0.00179846	0.00883275	0.0106053	0.00617228	0.151528	0.00931911	0.0813693	0.123323	0.0118148	0.00225199	0.0135827	0.0138983	0.106315	0.220706	0.111578	0.000850337	0.00375057
79	0.105068	0.0117425	0.029043	0.0127846	0.0048214	0.0639576	0.0353795	0.0132241	0.0244895	0.0169752	0.0136429	0.114787	0.00457387	0.039598	0.00274774	0.319028	0.169938	0.0169875	0.0003814	0.000830232
80	0.0316838	0.00192762	0.186044	0.457407	0.0106387	0.0146944	0.0160526	0.00613105	0.0444789	0.0128289	0.00460663	0.0306963	0.00546573	0.077013	0.0218412	0.0448167	0.0163944	0.0127011	0.000992108	0.00358607
81	0.0962068	0.0117151	0.00262206	0.0021689	0.0357369	0.0158305	0.0043808	0.219995	0.00822971	0.130363	0.035522	0.00602631	0.00180141	0.00818868	0.00305815	0.0448999	0.0790476	0.286471	0.000396402	0.00734052
82	0.00255325	0.00747087	0.000256874	0.000534072	0.0564607	0.000693656	0.00169152	0.163896	0.000401379	0.632323	0.0605794	0.00167828	0.00440079	0.00337169	0.00108264	0.00762073	0.00326794	0.0487486	0.00197114	0.000997144
83	0.0671696	0.0132121	0.0266494	0.060808	0.00609792	0.00802098	0.0132981	0.0436946	0.124881	0.0186293	0.00503084	0.0602345	0.00515582	0.043915	0.0672431	0.167486	0.191304	0.0700964	0.00315742	0.00391493
84	0.0585235	0.118206	0.00334363	0.00495992	0.0248625	0.0664702	0.096354	0.00656607	0.00573937	0.00999083	0.00405386	0.0917353	0.00283432	0.0468733	0.00627946	0.342684	0.0215825	0.00606392	0.00158597	0.081292
85	0.0232002	0.00426757	0.00124811	0.00317406	0.0128949	0.00212233	0.00132379	0.487321	0.00526843	0.0798258	0.176032	0.00255316	0.00269981	0.00972535	0.00392256	0.00739905	0.0158505	0.152365	0.00219366	0.00661243
86	0.0111945	0.00395397	0.0195028	0.0420966	0.00341441	0.0151686	0.0331888	0.00689146	0.266388	0.00763254	0.00715084	0.0421278	0.000780757	0.108102	0.383103	0.0241354	0.0128099	0.00460809	0.00633602	0.00141421
87	0.0706257	0.0068799	0.00352787	0.00265644	0.0309303	0.00958197	0.00542649	0.249955	0.0105066	0.1163	0.0388061	0.00879969	0.000722964	0.012194	0.00281318	0.0399012	0.0829827	0.298845	0.000209686	0.00833472
88	0.00693574	0.00307575	0.00104718	0.00178108	0.0163519	0.000476951	0.000553854	0.468693	0.000725219	0.164089	0.032998	0.00110487	0.00132204	0.00108442	0.000807402	0.00556826	0.00700902	0.284181	0.000943661	0.00125216
89	0.0175801	0.0109431	0.0127111	0.028718	0.00787177	0.0135208	0.0208245	0.0118832	0.545166	0.017396	0.0109875	0.0284242	0.00393967	0.0470044	0.13488	0.0367475	0.028882	0.0114758	0.00520474	0.00583941
90	0.0490977	0.0231245	0.00210629	0.00178021	0.197411	0.0111013	0.0037662	0.104255	0.00178849	0.316555	0.0547412	0.00535872	0.00218855	0.00291105	0.00269398	0.0417105	0.0382189	0.102158	0.00766758	0.0313667
91	0.0744728	0.0129391	0.0962363	0.0304315	0.0863858	0.0280561	0.12871	0.00553803	0.0379141	0.0586604	0.00486146	0.173742	0.00392344	0.0237459	0.0284714	0.0343011	0.0071296	0.00710101	0.00152491	0.155855
92	0.465021	0.0738315	0.00580879	0.00507992	0.00416578	0.092305	0.00207974	0.00453435	0.00649417	0.0222236	0.00214383	0.00231244	0.00171184	0.0191978	0.00376811	0.212211	0.0567749	0.0126816	0.000680576	0.00697451
93	0.00722818	0.0112281	0.00207769	0.00461732	0.335123	0.00359752	0.0147938	0.0228621	0.0100722	0.0650441	0.0260336	0.0129219	0.00138192	0.00982649	0.00363204	0.0140694	0.00630327	0.0219792	0.0539676	0.373241
94	0.0147968	0.00144071	0.248696	0.528049	0.0147703	0.00685642	0.00978035	0.0027114	0.0169044	0.00524627	0.001938	0.0197268	0.0029734	0.0600476	0.0068937	0.0391019	0.00738029	0.0101825	0.000731912	0.00177205
95	0.263664	0.0494164	0.00188412	0.000849997	0.0282807	0.0372737	0.00053007	0.0595518	0.00258497	0.0351225	0.0269465	0.00182469	0.00429954	0.000739321	0.000924226	0.201768	0.170389	0.10515	0.00429386	0.00450758
96	0.0797749	0.00406627	0.00930976	0.0413698	0.00809543	0.0122247	0.0157848	0.0240938	0.0254557	0.0414324	0.00892631	0.0195026	0.350538	0.0726229	0.0290457	0.10815	0.0635658	0.0545364	0.00653828	0.0249666
97	0.128452	0.0130031	0.00614802	0.00972529	0.0153459	0.0217027	0.00346687	0.147812	0.0100051	0.0590994	0.0504055	0.0303315	0.017836	0.0180775	0.00817929	0.159759	0.149639	0.140447	0.000540595	0.0100242
98	0.0399966	0.00362298	0.0005514	0.000567842	0.140948	0.00181148	0.000627819	0.187522	0.00189354	0.347152	0.0295145	0.000904489	0.00318903	0.00309576	0.000806083	0.00908857	0.020619	0.18912	0.0125034	0.00646524
99	0.070643	0.00675663	0.0034443	0.00271995	0.0308809	0.00939505	0.005462	0.255631	0.0104557	0.114957	0.0395849	0.00869898	0.00124144	0.0119691	0.00278013	0.039712	0.0811125	0.296004	0.000199409	0.00835204
100	0.242151	0.0193753	0.00738407	0.00990182	0.0196212	0.0363422	0.00282775	0.0629285	0.00479778	0.0593347	0.0241618	0.0162614	0.0274909	0.00556399	0.00455669	0.215575	0.129499	0.101894	0.00150585	0.00882829
101	0.203114	0.043367	0.000984079	0.00208234	0.0531605	0.0771707	0.00171685	0.115099	0.00246544	0.107308	0.0254381	0.00459897	0.00591616	0.0019082	0.00325848	0.106055	0.0782337	0.163654	0.00190749	0.00256185
102	0.0935962	0.0107287	0.00269453	0.00211623	0.0339592	0.0145436	0.00461621	0.219864	0.00865373	0.131683	0.0339603	0.00612958	0.000491968	0.00845501	0.00316255	0.0428496	0.0836004	0.291551	0.000208583	0.00713577
103	0.257962	0.0486286	0.0018668	0.00137548	0.0275699	0.0353799	0.000764064	0.0615006	0.00294116	0.0353675	0.0270922	0.00271371	0.00509003	0.00141375	0.00119372	0.200936	0.170978	0.108351	0.00426202	0.00461281
104	0.0229326	0.0139312	0.00131382	0.00106731	0.350694	0.0021748	0.00519495	0.0855191	0.00642847	0.281652	0.0208729	0.00914794	0.00509754	0.00132827	0.00132317	0.0116559	0.00829706	0.0791391	0.0542627	0.0379673
105	0.178608	0.0241433	0.000953428	0.0229375	0.032818	0.0488866	0.0131773	0.0720937	0.0177818	0.124113	0.0425565	0.0119997	0.00291376	0.0162729	0.0139768	0.11754	0.0658834	0.144335	0.0221927	0.0268163
106	0.260271	0.0491739	0.00171919	0.0011906	0.0281159	0.0391772	0.000575405	0.0621375	0.00328557	0.0352251	0.0272903	0.00266468	0.00378134	0.00118572	0.00119289	0.199183	0.168941	0.106459	0.00410198	0.00432947
107	0.137936	0.0495175	0.00487981	0.0121594	0.0795166	0.0105388	0.113478	0.0154389	0.00741528	0.0738463	0.0543316	0.0103558	0.00430647	0.00835643	0.0333607	0.10198	0.0604209	0.0453524	0.00259593	0.174213
108	0.0495836	0.00378253	0.098339	0.169881	0.015261	0.0291539	0.0363081	0.0187268	0.0994524	0.0407759	0.0110686	0.0739	0.0202424	0.0956755	0.0562306	0.0881704	0.0434097	0.0249413	0.00259111	0.0225058
109	0.0123256	0.00803012	0.000419702	0.00100093	0.063115	0.00265616	0.00136957	0.156326	0.000803913	0.598988	0.0440612	0.00172283	0.00971656	0.00255155	0.0011918	0.00765597	0.0112216	0.0703654	0.00327334	0.0032049
110	0.0433798	0.00393478	0.13251	0.125778	0.0188122	0.0391165	0.0383742	0.0173632	0.0604381	0.0385329	0.00915162	0.112276	0.0117313	0.0717316	0.0435742	0.109741	0.0578469	0.0225785	0.00401521	0.0391142
111	0.283435	0.00529136	0.0203858	0.00802111	0.0375841	0.00752784	0.00633265	0.0200537	0.0194377	0.0335918	0.00828345	0.00667545	0.195575	0.0109499	0.00736393	0.124321	0.105491	0.0905848	0.00224234	0.00685103
112	0.283419	0.00227054	0.028672	0.071648	0.00238799	0.124798	0.00165746	0.00890246	0.0397519	0.0061631	0.00210718	0.058221	0.0849853	0.0448803	0.0196852	0.182345	0.0268665	0.00724457	0.000730427	0.0032645
113	0.0666845	0.0108918	0.0309462	0.0526947	0.00497282	0.00743552	0.0118848	0.0517501	0.129642	0.0158328	0.00350178	0.0601458	0.00474559	0.0410242	0.0632374	0.154954	0.204112	0.0792469	0.00249658	0.00380072
114	0.080943	0.00958742	0.00252406	0.00219807	0.0313231	0.0098614	0.00448316	0.22722	0.00910269	0.135162	0.0462495	0.00669245	0.000973731	0.00972003	0.00488634	0.0361038	0.0748951	0.300077	0.000373295	0.00762353
115	0.033774	0.016597	0.00193239	0.00418055	0.422702	0.0162468	0.0040087	0.0635481	0.00272497	0.166537	0.0338361	0.00617858	0.00209598	0.00303082	0.00458224	0.0403107	0.0347017	0.0613182	0.00987678	0.0718171
116	0.191148	0.0161068	0.00989986	0.0142862	0.020805	0.0266977	0.00437775	0.0742727	0.0051112	0.0490876	0.0312642	0.025052	0.0394414	0.00884725	0.00571352	0.191999	0.157618	0.119633	0.00121613	0.00742211
117	0.253396	0.0501391	0.00163931	0.00065655	0.027979	0.0341838	0.000575692	0.0661056	0.00261146	0.0353669	0.0290023	0.0023141	0.00397491	0.00139804	0.00107386	0.197513	0.176937	0.10652	0.00414552	0.00446649
118	0.0404098	0.0083095	0.000920102	0.00112534	0.120152	0.0062774	0.00126492	0.203017	0.00311904	0.315635	0.0447673	0.00222213	0.00285394	0.0031492	0.00149101	0.0147989	0.029794	0.183851	0.00693373	0.00990835
119	0.0994175	0.0113713	0.0528601	0.0662634	0.01071	0.0521485	0.0246515	0.0204905	0.0692035	0.0411683	0.0188263	0.0888161	0.0102289	0.076165	0.0554398	0.165968	0.0768221	0.0279446	0.0102287	0.0212758
120	0.0656079	0.0113042	0.00757147	0.00485779	0.0299698	0.0155409	0.00304646	0.215742	0.0118903	0.121462	0.072602	0.0229996	0.00116194	0.0207016	0.00652465	0.0690705	0.0970084	0.207055	0.000956068	0.0149275
121	0.016726	0.00851457	0.00034252	0.00140951	0.050469	0.00304196	0.00132085	0.21878	0.000773855	0.433693	0.0944146	0.00231366	0.0028456	0.00547496	0.0016848	0.00931394	0.0154685	0.124404	0.00131952	0.00768818
122	0.0792064	0.00744647	0.0627815	0.123179	0.00531606	0.0380389	0.0216594	0.0231811	0.113914	0.0317515	0.0155736	0.0619049	0.00933058	0.0904831	0.0709753	0.117812	0.0775115	0.0356061	0.00507466	0.00925449
123	0.038441	0.00441526	0.113274	0.134003	0.0266961	0.0311816	0.0401714	0.0214329	0.0649793	0.049369	0.0138254	0.104838	0.0131758	0.0766638	0.0466405	0.104549	0.0403586	0.0268855	0.00456533	0.0445335
124	0.148659	0.00585441	0.0134751	0.0299458	0.0138173	0.0293621	0.00985293	0.0615498	0.0123756	0.0515298	0.0312448	0.0351456	0.114426	0.0288536	0.0147884	0.17306	0.119836	0.0929929	0.00251892	0.0107114
125	0.028533	0.00661781	0.000393458	0.00159654	0.0384095	0.00329017	0.000711372	0.256946	0.000795335	0.295326	0.130029	0.00433291	0.00184175	0.00984576	0.0020702	0.00782728	0.0132549	0.183206	0.000382058	0.0145899
126	0.0784249	0.0103553	0.00250579	0.00203815	0.0255134	0.0128357	0.00382672	0.227896	0.0111566	0.106845	0.0482993	0.0157988	0.00112562	0.0155468	0.00452634	0.0686588	0.100339	0.253638	0.000223257	0.0104458
127	0.0655342	0.00404574	0.0963517	0.232646	0.00245267	0.0399867	0.0270658	0.0144978	0.109775	0.0323399	0.0125178	0.0606002	0.00672381	0.109504	0.0534576	0.0653816	0.042086	0.0187183	0.00104842	0.00526712
128	0.264162	0.0498764	0.00185628	0.00132187	0.027744	0.0462767	0.000503147	0.0573592	0.00257667	0.0324277	0.0256862	0.00319242	0.00401565	0.000942222	0.000814312	0.208181	0.16105	0.103303	0.00403622	0.00467569
129	0.0293737	0.0136935	0.00251266	0.0151536	0.071642	0.0132012	0.0181614	0.0775182	0.154157	0.126923	0.0530636	0.0570244	0.00766945	0.0360151	0.153558	0.0369033	0.0356565	0.0568726	0.0146891	0.0262113
130	0.0231011	0.000797127	0.000646459	0.00261217	0.00920475	0.0116535	0.000647139	0.388489	0.0140323	0.044948	0.00973238	0.0180612	0.00572931	0.0100342	0.000830786	0.00523751	0.0259454	0.422867	0.000414191	0.00501651
131	0.107046	0.0124102	0.000709274	0.00697505	0.003195	0.0330763	0.00125922	0.0014564	0.00542657	0.00602751	0.00100203	0.00882543	0.000567783	0.00559934	0.0110758	0.761362	0.0311142	0.00168899	0.000306847	0.000875347
132	0.0504053	0.019899	0.000753225	0.0011857	0.12003	0.0180525	0.00255718	0.173189	0.00121021	0.301481	0.0601702	0.00414685	0.00336195	0.00161525	0.00289898	0.0282428	0.0400973	0.151856	0.00114743	0.0177007
133	0.071791	0.0035273	0.0994058	0.22478	0.00330683	0.0408388	0.0259933	0.017611	0.102344	0.0362212	0.0099406	0.0571041	0.00848275	0.107738	0.0433631	0.0729204	0.0468359	0.0217019	0.00077264	0.00532186
134	0.00972959	0.00458158	0.0106091	0.0163337	0.00802852	0.00644701	0.0139012	0.0138675	0.131238	0.0231141	0.0126882	0.0173418	0.0020747	0.0362541	0.624913	0.0223825	0.0138054	0.0180927	0.010721	0.00387557
135	0.00450537	0.0072785	0.000218794	0.00118019	0.0448696	0.000550552	0.0013161	0.218214	0.000360296	0.564048	0.0576213	0.00166771	0.00443114	0.00240529	0.00126917	0.00715255	0.00550303	0.0746545	0.00166742	0.00108697
136	0.107973	0.0140846	0.0361884	0.0555408	0.00936163	0.0524019	0.0212335	0.01874	0.0712599	0.04339	0.0207426	0.0784065	0.0103845	0.0819493	0.0561503	0.177589	0.084323	0.0287518	0.0123256	0.0192038
137	0.0319468	0.00813593	0.0254957	0.0467507	0.00681204	0.0110276	0.0406623	0.0154443	0.218256	0.0136581	0.0193934	0.0542192	0.022918	0.0896509	0.192678	0.0915816	0.0607153	0.0310977	0.0044053	0.0151518
138	0.011755	0.000484674	0.00580003	0.0146004	0.000571224	0.850757	0.00314956	0.00070973	0.0168323	0.00762135	0.000437255	0.00926439	0.00170871	0.00304745	0.0350687	0.0266864	0.00631986	0.0016988	0.00171763	0.00176921
139	0.0998967	0.0246542	0.029765	0.0678014	0.0116321	0.0466384	0.015437	0.0146608	0.0698116	0.0429761	0.0221471	0.0536942	0.00897395	0.126141	0.0502012	0.161483	0.0880293	0.0264818	0.0170805	0.0224941
140	0.0205483	0.0105429	0.00320858	0.0145924	0.095053	0.0112111	0.0244822	0.0647899	0.174704	0.139565	0.0385709	0.0370086	0.00555961	0.033041	0.154577	0.026367	0.0516118	0.058118	0.0113285	0.0251201
141	0.0780675	0.0128488	0.00263083	0.00205478	0.0277674	0.00976923	0.00590465	0.212914	0.00887117	0.118776	0.0280192	0.00520662	0.000523234	0.00757741	0.00613879	0.0383796	0.0851195	0.343247	0.000238266	0.00594712
142	0.235099	0.0405948	0.00199122	0.0059032	0.0272419	0.135793	0.00138559	0.0522862	0.00536122	0.043236	0.0307486	0.0200625	0.0036504	0.00478127	0.00401461	0.198505	0.0865466	0.0966237	0.00183956	0.00433564
143	0.00711749	0.000945556	0.00114736	0.00146194	0.0134627	0.00188636	0.000285347	0.462827	0.00280423	0.107112	0.0176603	0.00325427	0.00148779	0.00293602	0.000427793	0.00505814	0.00713423	0.36065	0.00102748	0.0013132
144	0.0411871	0.101517	0.0031871	0.00436978	0.0139112	0.00947344	0.0185998	0.159272	0.00971668	0.0932029	0.0259882	0.00588223	0.00269742	0.00652924	0.0174584	0.0580953	0.076308	0.346379	0.0016166	0.00460785
145	0.0154808	0.00154525	0.00731686	0.0170396	0.00118594	0.821776	0.00357338	0.00187121	0.0166024	0.0102829	0.00126541	0.0115834	0.00537788	0.00395974	0.0333935	0.0314615	0.00857269	0.0032353	0.0017946	0.00268186
146	0.146553	0.00541758	0.0158048	0.0311291	0.013063	0.0329145	0.0100305	0.0666452	0.0122273	0.0488621	0.0347176	0.0408936	0.105213	0.0275161	0.0148949	0.171561	0.121778	0.0897973	0.00228742	0.00869422
147	0.0721684	0.0195131	0.00424523	0.006774	0.023551	0.0121777	0.0136415	0.205097	0.0197747	0.0971733	0.0341162	0.0107836	0.00455143	0.0138975	0.00980725	0.0860009	0.0908145	0.265742	0.00155798	0.00861275
148	0.215871	0.028144	0.0140228	0.0101391	0.00551063	0.416015	0.00537508	0.00893906	0.0293928	0.0159519	0.00557599	0.0103027	0.00746389	0.0139718	0.0190348	0.127808	0.0430976	0.0160833	0.00141279	0.00588736
149	0.161229	0.0510479	0.00244337	0.00955707	0.00401909	0.0372433	0.00164368	0.00246076	0.00523122	0.00781194	0.00134104	0.00832662	0.00073807	0.00870176	0.00950919	0.643734	0.0363366	0.00422262	0.000467784	0.00393487
150	0.0117791	0.000509131	0.00617952	0.0149044	0.000570844	0.849058	0.00318372	0.00070943	0.016922	0.0076155	0.000452713	0.00969776	0.00171766	0.00322373	0.035077	0.0268807	0.00630673	0.0017028	0.00171919	0.00178974
151	0.0155757	0.00880248	0.015887	0.0377529	0.00520836	0.0130265	0.020232	0.00822481	0.52807	0.0134797	0.00921696	0.0306453	0.00325249	0.0623529	0.157087	0.0315924	0.021775	0.0086612	0.00451325	0.00464421
152	0.0163808	0.0051516	0.0108108	0.0105098	0.00924968	0.00233727	0.00370475	0.00823445	0.0122823	0.00794434	0.00199611	0.0417418	0.024093	0.00854617	0.00267634	0.484526	0.340122	0.00556277	0.000769898	0.00335979
153	0.0891171	0.0100021	0.00247054	0.0104368	0.00514809	0.0117264	0.00300916	0.0163706	0.00531622	0.0301037	0.00384691	0.00866302	0.00340293	0.00753377	0.0151476	0.518743	0.249488	0.00590099	0.000984737	0.00258855
154	0.00299305	0.00786368	0.000383006	0.000581902	0.0597292	0.000730645	0.00142925	0.111377	0.000671587	0.715063	0.0361239	0.00141029	0.00741788	0.00255654	0.00095054	0.00515799	0.0102091	0.0312052	0.00179159	0.00235474
155	0.00271721	0.00785456	0.000240088	0.000505294	0.0430495	0.000569212	0.00133129	0.148266	0.00042672	0.659113	0.0614301	0.00164836	0.0051631	0.00340076	0.00118954	0.00706598	0.00410757	0.0488708	0.00203128	0.00101972
156	0.110131	0.0416601	0.0164147	0.0392986	0.00670292	0.0386437	0.026907	0.00972456	0.0498769	0.0495033	0.0117912	0.0658474	0.00744574	0.0734121	0.0547305	0.273959	0.0775114	0.0163126	0.00701393	0.0231132
157	0.358671	0.103364	0.00388509	0.00486185	0.00951734	0.0649212	0.00249761	0.00648308	0.00393	0.0203933	0.00376919	0.00647679	0.00163077	0.0126348	0.00661861	0.285347	0.067771	0.0223701	0.000903762	0.0139534
158	0.0135831	0.00834365	0.000215064	0.00347428	0.0251357	0.000524023	0.00119512	0.395521	0.000392913	0.285009	0.0606941	0.00184226	0.00282571	0.000919563	0.00174216	0.00417336	0.0161605	0.176011	0.000237243	0.00200091
159	0.00366828	0.0076331	0.000223524	0.00065273	0.0433503	0.00065033	0.00135289	0.169892	0.000430548	0.621357	0.0647973	0.00184491	0.00457519	0.0034627	0.00123537	0.00798657	0.00461903	0.0589868	0.00198423	0.00129651
160	0.0118339	0.000504135	0.00601026	0.0145964	0.00058767	0.847172	0.00340799	0.000723516	0.0176925	0.00756624	0.000447401	0.00948084	0.00169912	0.00338587	0.0364697	0.0267859	0.00632294	0.0017253	0.00171443	0.00187392
161	0.0517914	0.00278255	0.139183	0.297322	0.00515067	0.0201539	0.0316495	0.00930068	0.0936648	0.0189516	0.00989048	0.0509807	0.00466258	0.104783	0.0617581	0.0497695	0.0266169	0.012338	0.00214604	0.00710375
162	0.0366923	0.00687232	0.0149337	0.0387407	0.00810908	0.047694	0.00948902	0.0113181	0.0202427	0.0177307	0.00786202	0.0188246	0.00607552	0.646652	0.039699	0.030458	0.0167103	0.012849	0.00277893	0.00626773
163	0.0601307	0.0148677	0.0277633	0.0620955	0.00582124	0.00595079	0.0119541	0.045351	0.118782	0.0156415	0.00394854	0.0623046	0.00489522	0.0452909	0.0624765	0.162889	0.20757	0.0751853	0.00392208	0.00316015
164	0.326117	0.00432948	0.0051401	0.00411983	0.00942381	0.0055298	0.0229343	0.00819929	0.00609031	0.0140179	0.00540224	0.00634089	0.334782	0.00621998	0.0217556	0.18407	0.0160397	0.0128224	0.00235366	0.0043118
165	0.0302164	0.0533405	0.00695165	0.0116109	0.193019	0.0128082	0.0116639	0.0396581	0.0629919	0.0909144	0.0196375	0.0226135	0.00962851	0.0145604	0.0170869	0.038325	0.0309134	0.0406032	0.217103	0.076354
166	0.0104716	0.00332339	0.00110283	0.00191877	0.0215631	0.00128739	0.000621538	0.42891	0.000995136	0.173851	0.0327591	0.00147415	0.00182826	0.00165789	0.000812878	0.00607605	0.00987352	0.298642	0.00120587	0.00162447
167	0.0172557	0.0116068	0.0112209	0.0262388	0.094916	0.00902753	0.043737	0.0694825	0.0543963	0.233248	0.0773466	0.0157929	0.00475744	0.11242	0.0887922	0.0250386	0.015334	0.0595229	0.00375698	0.0261088
168	0.0969537	0.0114366	0.0295095	0.0133124	0.00475998	0.0622056	0.0369771	0.0127184	0.0247024	0.0166067	0.0128832	0.114117	0.0066496	0.0376328	0.00302843	0.327837	0.171205	0.0158409	0.000477063	0.00114762
169	0.105923	0.0118551	0.0162711	0.0101841	0.00199582	0.644704	0.00665311	0.00199781	0.0388163	0.0122124	0.00146407	0.00688392	0.00200319	0.0098044	0.0309899	0.0689014	0.0191574	0.00278279	0.00143738	0.00596222
170	0.016176	0.00863512	0.0058676	0.00545194	0.00391849	0.00291862	0.00232611	0.00764647	0.0172613	0.00716863	0.00194299	0.0569363	0.0164445	0.00361294	0.00502595	0.249176	0.573898	0.0066117	0.000985761	0.00799644
171	0.00567173	0.00115402	0.00137113	0.00167218	0.0145467	0.00108138	0.000265926	0.454133	0.00149838	0.121194	0.0201757	0.00164076	0.00117713	0.00191885	0.000385998	0.0052553	0.00562715	0.359024	0.00124684	0.000960322
172	0.0138187	0.00320947	0.0194489	0.0537275	0.00393299	0.0144128	0.0271873	0.00832234	0.250421	0.00570427	0.00512638	0.0415809	0.000536003	0.121554	0.381133	0.0228806	0.0121911	0.00604294	0.0081077	0.000661643
173	0.0143732	0.00138888	0.365566	0.428714	0.0184848	0.00543728	0.0126456	0.00220798	0.0109637	0.00402043	0.00166646	0.019677	0.00134966	0.0476592	0.00711176	0.0445831	0.00568064	0.00683358	0.000586776	0.00105024
174	0.032371	0.012613	0.026595	0.0235549	0.0146224	0.015035	0.0130832	0.0564646	0.0190039	0.0153303	0.00745077	0.485568	0.00500188	0.0176651	0.0260484	0.095504	0.102629	0.0204757	0.00230812	0.00867574
175	0.00850714	0.00170948	0.00091523	0.00108016	0.00915567	0.00108135	0.000463421	0.60962	0.00438256	0.0677704	0.0207221	0.00145764	0.0012838	0.00166146	0.000667201	0.00406801	0.0062275	0.257467	0.000749399	0.00101071
176	0.0330582	0.0217776	0.00118899	0.00165096	0.102612	0.0117434	0.00204427	0.120676	0.00183388	0.482745	0.0334928	0.00323144	0.00547526	0.00188019	0.00269684	0.023991	0.0476716	0.0884729	0.00150015	0.0122575
177	0.00584251	0.00459443	0.00091629	0.00155474	0.691656	0.00756433	0.00132877	0.0188965	0.00155768	0.117338	0.0401725	0.00211941	0.0010056	0.00154786	0.00260184	0.00651276	0.00460181	0.00417153	0.0151683	0.0708491
178	0.0599933	0.0107158	0.0785721	0.0309376	0.0137456	0.151082	0.0167792	0.0345743	0.0256024	0.0411666	0.0686611	0.0863549	0.0116595	0.0352862	0.021202	0.151066	0.0894412	0.0525361	0.00602148	0.0146036
179	0.0575228	0.0175551	0.0062596	0.0451134	0.00952167	0.0149378	0.00540394	0.00572409	0.186761	0.0815189	0.0390674	0.074318	0.00340768	0.0991302	0.062383	0.170875	0.0997045	0.00768531	0.00274768	0.0103634
180	0.00423123	0.0107544	0.00148568	0.00198249	0.0158898	0.0094726	0.00936309	0.0236541	0.282995	0.0776825	0.0375989	0.00902368	0.00137933	0.00250958	0.42166	0.0244142	0.00390018	0.0116195	0.0423203	0.00806393
181	0.00641264	0.00872392	0.00232537	0.00507481	0.188578	0.00190566	0.0191513	0.0282503	0.00935969	0.0452667	0.0113188	0.0168535	0.00127352	0.0141594	0.0036767	0.0133883	0.00572504	0.0330603	0.0352698	0.550226
182	0.051752	0.00363839	0.0963067	0.236321	0.00103385	0.0073908	0.0475893	0.00491207	0.150017	0.00673346	0.0145378	0.0681817	0.00119422	0.10926	0.123176	0.0352839	0.0161767	0.00573318	0.0047214	0.016041
183	0.0519951	0.00362292	0.095337	0.233407	0.00102374	0.00817896	0.0468334	0.00495107	0.151713	0.00676753	0.0146511	0.0691334	0.00116262	0.109064	0.123754	0.0357048	0.0163325	0.00568566	0.00464046	0.0160424
184	0.182263	0.0160134	0.00174022	0.00237298	0.00514244	0.00851825	0.00241128	0.117718	0.00349217	0.0187904	0.00357917	0.00511828	0.002554	0.00310749	0.00434303	0.026851	0.109984	0.482314	0.00156063	0.00212631
185	0.0135713	0.00826572	0.000209201	0.00351044	0.0251664	0.000531303	0.00121803	0.395624	0.000393688	0.286035	0.0605969	0.00185437	0.0028585	0.000914414	0.00174908	0.00417127	0.0163036	0.174795	0.000241232	0.00199054
186	0.0517613	0.00362345	0.096252	0.236305	0.00102768	0.00735373	0.0476235	0.00488165	0.150152	0.0066658	0.014542	0.06821	0.00118137	0.109229	0.123301	0.0352548	0.0161053	0.00573801	0.00473084	0.016061
187	0.268958	0.0373894	0.000581148	0.0154717	0.0228303	0.0197671	0.0226117	0.0679221	0.0399012	0.0727965	0.0322212	0.00545085	0.000660235	0.0326069	0.0185365	0.13378	0.0509246	0.133492	0.0127634	0.0113348
188	0.263774	0.100235	0.00345336	0.00487951	0.0154683	0.0494243	0.0036138	0.0237885	0.0063352	0.0263151	0.0123602	0.00933631	0.00305439	0.0107713	0.008219	0.284865	0.116296	0.0454117	0.00217623	0.0102217
189	0.378041	0.137006	0.0127272	0.0108055	0.00470202	0.0876905	0.00308385	0.00375719	0.00897726	0.0163183	0.00216287	0.00233916	0.00124377	0.0270467	0.00536717	0.219858	0.0603248	0.00912841	0.000838657	0.00858127
190	0.00452801	0.00828678	0.000314081	0.000630478	0.0524539	0.00104075	0.00131957	0.129266	0.000542644	0.681518	0.0450863	0.00153659	0.00628897	0.00276257	0.00117735	0.00650913	0.0092089	0.0436288	0.00174998	0.00215171
191	0.0687147	0.00369432	0.0986148	0.239438	0.00286035	0.0359089	0.0263768	0.0173483	0.103387	0.0378944	0.0106968	0.0556827	0.00805963	0.109337	0.0412565	0.0671073	0.0468066	0.021968	0.000579365	0.00426841
192	0.0319468	0.00813593	0.0254957	0.0467507	0.00681204	0.0110276	0.0406623	0.0154443	0.218256	0.0136581	0.0193934	0.0542192	0.022918	0.0896509	0.192678	0.0915816	0.0607153	0.0310977	0.0044053	0.0151518
