327	20
1	0.153647	0.0119235	0.0570765	0.0538564	0.00578286	0.0802741	0.0258451	0.0181437	0.0320799	0.0242501	0.00553815	0.0779438	0.00809233	0.0388542	0.0356043	0.222102	0.0982885	0.0393273	0.000673495	0.0106972
2	0.0559049	0.00506954	0.00246955	0.004343	0.0396202	0.0102507	0.00227638	0.236238	0.00480413	0.261999	0.068801	0.00564104	0.00356626	0.0031463	0.00518739	0.0178987	0.0508802	0.219584	0.000709401	0.00161093
3	0.214194	0.0192869	0.00138369	0.0100745	0.0111547	0.0492302	0.00120807	0.0807198	0.00850609	0.105152	0.0476764	0.00359137	0.00145439	0.00947343	0.00195842	0.161684	0.120111	0.152207	0.000321767	0.000612213
4	0.0690055	0.0131956	0.0857796	0.134568	0.00524134	0.0499716	0.0220357	0.0165027	0.11838	0.0268746	0.0161217	0.067727	0.0137362	0.0689084	0.134447	0.0783319	0.0444734	0.0268226	0.00335449	0.00452279
5	0.0237073	0.015599	0.00283169	0.0481686	0.000917224	0.0287232	0.0121526	0.0119438	0.222086	0.025479	0.0170623	0.0214886	0.00262079	0.0930607	0.364247	0.059133	0.0302924	0.00614067	0.00878959	0.00555677
6	0.0717	0.00291547	0.00258515	0.00180404	0.0227889	0.0113781	0.00130244	0.311955	0.00503552	0.159095	0.0382573	0.00591008	0.00276898	0.00237919	0.00419011	0.0196228	0.0548556	0.280802	0.000130447	0.00052406
7	0.0227571	0.0160935	0.000864243	0.0472074	0.00068941	0.0292375	0.0112405	0.0112969	0.221111	0.0246754	0.0174929	0.0207146	0.00211238	0.0927197	0.373075	0.0602353	0.0299655	0.00490364	0.0076988	0.00590977
8	0.00533373	0.00166778	0.000463115	0.00163483	0.0262724	0.00307965	0.000848015	0.14371	0.000919777	0.658859	0.0595548	0.0011989	0.00223844	0.000748061	0.00161131	0.00296881	0.0059587	0.080146	0.000833273	0.00195289
9	0.00269385	0.000877507	0.000383158	0.0010028	0.0178468	0.00216044	0.000587329	0.0877484	0.000574445	0.753273	0.056261	0.000549369	0.00211717	0.000659395	0.00173026	0.00122511	0.00494352	0.0617527	0.0015267	0.00208675
10	0.223123	0.0147998	0.00180349	0.0126018	0.0117874	0.0735884	0.00154263	0.0706471	0.0117962	0.104352	0.0345342	0.00372165	0.00158891	0.0113952	0.00668888	0.158413	0.119123	0.13755	0.00033402	0.000609214
11	0.126792	0.0105528	0.0061626	0.00446176	0.0504525	0.00292926	0.049215	0.0997391	0.00860921	0.158289	0.0363704	0.0116028	0.119949	0.0266222	0.0312116	0.0489153	0.0270621	0.135128	0.000851681	0.0450825
12	0.0473674	0.00287123	0.22782	0.274034	0.00595608	0.0711394	0.0393502	0.00275044	0.0450808	0.0138379	0.0048509	0.0815426	0.0164469	0.0563136	0.0343985	0.023391	0.018342	0.0276724	0.000158281	0.0066755
13	0.0155002	0.00147948	0.000471606	0.000701264	0.0131899	0.0011457	0.000582787	0.519095	0.00126521	0.120989	0.0382492	0.004563	0.00841502	0.000750382	0.000920527	0.00267077	0.0163078	0.251957	0.000138397	0.00160816
14	0.111084	0.0211319	0.00519461	0.00836233	0.0226296	0.027021	0.0160847	0.00848497	0.00765222	0.0751816	0.0124108	0.0284918	0.141134	0.0254347	0.0187632	0.34835	0.0921489	0.0198172	0.000835524	0.00978714
15	0.0947339	0.00126446	0.242044	0.293878	0.00131108	0.0272538	0.00677226	0.0412279	0.0184171	0.0290185	0.0119912	0.0178057	0.00421982	0.036662	0.0298038	0.0564029	0.0283937	0.0575584	0.000396031	0.000845055
16	0.0441955	0.00415808	0.26992	0.358056	0.00464325	0.0506318	0.0279355	0.00431685	0.0296567	0.013572	0.00403565	0.0462538	0.010934	0.046811	0.0211232	0.0167344	0.0133134	0.0258728	0.00024258	0.00759357
17	0.0245199	0.00753355	0.010981	0.162899	0.00748919	0.0111217	0.0631958	0.0128349	0.0497276	0.12924	0.0484578	0.0132369	0.00820273	0.27106	0.0325096	0.0470493	0.0165301	0.0757324	0.00198595	0.00569259
18	0.0705596	0.00260948	0.00258069	0.00164386	0.021637	0.0109098	0.00132031	0.31382	0.00503105	0.150791	0.0358615	0.00582631	0.00270486	0.00227874	0.00399225	0.0184391	0.0527096	0.296455	0.000137309	0.000692949
19	0.0826622	0.00262847	0.248977	0.36407	0.00128268	0.0263766	0.00621019	0.0281167	0.0173524	0.0298408	0.0083409	0.0105284	0.00372948	0.0395728	0.0196468	0.0385431	0.0188825	0.0496065	0.000329351	0.00330361
20	0.0357099	0.024359	0.031487	0.0440894	0.0131542	0.0369924	0.108518	0.025864	0.0874182	0.0786146	0.0143581	0.148942	0.020232	0.0589514	0.0727127	0.116974	0.0394645	0.0241416	0.00331985	0.0146967
21	0.0722051	0.014166	0.00352765	0.00697654	0.031158	0.00928413	0.0036192	0.171123	0.00642217	0.26423	0.0753964	0.00533967	0.00704749	0.00817008	0.007433	0.0206457	0.0566702	0.231557	0.00237483	0.00265384
22	0.109052	0.00550543	0.00362422	0.0378425	0.00365149	0.00296542	0.0166165	0.165013	0.112229	0.0957726	0.046391	0.00561522	0.012347	0.0635129	0.0972642	0.0293416	0.11083	0.0792805	0.000625775	0.00251887
23	0.0245743	0.00604392	0.000758548	0.00442972	0.0580458	0.00825821	0.00306629	0.189858	0.00150855	0.467435	0.0734913	0.00312542	0.00177022	0.00132103	0.00244188	0.00839036	0.0155158	0.124925	0.00179675	0.00324371
24	0.0520816	0.0150937	0.0761079	0.128229	0.00607922	0.0509884	0.0193361	0.00967868	0.177207	0.022038	0.017579	0.0821324	0.00915752	0.0946205	0.100856	0.0727509	0.0390807	0.0225511	0.00402553	0.000406321
25	0.0448128	0.0229215	0.0701158	0.11377	0.00367277	0.0580303	0.0259947	0.00866261	0.156016	0.0250134	0.0234755	0.0831784	0.0101989	0.0898963	0.101371	0.0856113	0.0506975	0.01934	0.00667533	0.000545448
26	0.0738312	0.00393617	0.00291954	0.00262957	0.0309812	0.0139553	0.0015867	0.268109	0.00545065	0.184694	0.0455406	0.00632727	0.00215751	0.00281909	0.00509916	0.0238033	0.0585494	0.266926	0.000153039	0.000531924
27	0.194919	0.0339904	0.00165588	0.00911271	0.0306625	0.0577737	0.00199924	0.0674671	0.00767736	0.120896	0.0474014	0.00268906	0.00168103	0.00744513	0.00658825	0.164017	0.10049	0.140356	0.000597538	0.00257986
28	0.14397	0.00274685	0.0237203	0.0314524	0.00760928	0.0180672	0.00604466	0.104115	0.0254928	0.059166	0.0718186	0.0620077	0.0244692	0.0252699	0.00572003	0.0916045	0.129244	0.162996	0.00384661	0.000639197
29	0.0133691	0.00130524	0.000554697	0.000982916	0.0129265	0.0010723	0.000655144	0.522411	0.00132921	0.114366	0.0391819	0.00538819	0.0105643	0.0010026	0.00102702	0.002676	0.0167484	0.252484	0.000140139	0.00181462
30	0.0632719	0.00804443	0.00750633	0.014199	0.0261808	0.0108726	0.0176465	0.0842718	0.0145568	0.30856	0.0350326	0.0113611	0.138828	0.0254329	0.0231072	0.0629809	0.0453432	0.0895147	0.00135222	0.0119365
31	0.0765595	0.00219411	0.199992	0.234978	0.00327987	0.034631	0.0299829	0.0224194	0.0199064	0.0318257	0.0149139	0.0816268	0.0418942	0.0240209	0.0197429	0.0748162	0.0263433	0.0575098	0.000468757	0.00289396
32	0.0422457	0.00709665	0.321372	0.474925	0.00225549	0.0226387	0.00614647	0.00358257	0.009138	0.0136756	0.00235018	0.00538451	0.00636467	0.0327552	0.00331197	0.00634607	0.00644316	0.021196	0.000388036	0.0123849
33	0.0123958	0.0743678	0.0159883	0.0100467	0.237986	0.0190264	0.0963835	0.0262016	0.00975767	0.0718473	0.00441071	0.0495859	0.00226429	0.00496596	0.0183541	0.0509157	0.0173195	0.0215216	0.00175009	0.254911
34	0.067955	0.030435	0.00821629	0.0152812	0.024589	0.00581978	0.0305562	0.103251	0.144479	0.192525	0.0149273	0.0125251	0.0172858	0.0500105	0.171205	0.0251824	0.0406873	0.0387245	0.00170976	0.00463432
35	0.0280365	0.166693	0.0154485	0.0171612	0.155566	0.0238582	0.0792949	0.0298522	0.0121597	0.0662604	0.0116587	0.0505337	0.00587295	0.0105714	0.0208085	0.0725677	0.0227442	0.02781	0.00347612	0.179626
36	0.109273	0.00717174	0.0255006	0.0415823	0.0118049	0.0418428	0.0236044	0.0190154	0.0303952	0.054937	0.0155716	0.0254827	0.235192	0.0481656	0.025056	0.167067	0.0698239	0.0402068	0.00202209	0.00628408
37	0.0247347	0.00197446	0.000816425	0.00105867	0.0158008	0.00280241	0.000859817	0.477681	0.00188863	0.135483	0.0390996	0.0048403	0.00731026	0.00116395	0.00169271	0.00550207	0.0225326	0.252988	0.000199007	0.00157141
38	0.0355052	0.00357983	0.00399624	0.00581578	0.00688778	0.0127255	0.00375081	0.0319331	0.00685706	0.0184852	0.0190287	0.0351786	0.00505427	0.0105837	0.0135664	0.274268	0.486697	0.02005	0.00162853	0.00440809
39	0.0542491	0.0258854	0.00762992	0.0176821	0.0965064	0.0109703	0.0955376	0.0782062	0.0217426	0.213014	0.0332353	0.0271171	0.0332952	0.0625575	0.035313	0.0369065	0.0215963	0.0616921	0.00740921	0.0594546
40	0.045065	0.0055403	0.295273	0.444965	0.00283519	0.0323577	0.0115861	0.00461524	0.016662	0.0144095	0.00280742	0.0169239	0.00741677	0.0391793	0.00861027	0.0101509	0.00853126	0.0234642	0.000279696	0.00932766
41	0.0107804	0.00139312	0.000747046	0.00186897	0.017959	0.00329648	0.000686782	0.116818	0.00158438	0.670174	0.0583809	0.00142354	0.00377988	0.00163702	0.00227542	0.00493583	0.0139206	0.0856441	0.000957727	0.00173667
42	0.090084	0.00823348	0.00895235	0.0290708	0.0212236	0.0101708	0.00967097	0.229915	0.0668557	0.117902	0.0936659	0.0133567	0.0129329	0.0261514	0.0407453	0.0306682	0.0626662	0.118976	0.00337899	0.00538009
43	0.0230215	0.0158201	0.000904521	0.046434	0.000641373	0.0290326	0.0109885	0.0116446	0.219948	0.0246662	0.0174338	0.0207363	0.0022634	0.0915359	0.374246	0.0611047	0.0309305	0.00511378	0.00751101	0.0060227
44	0.0494044	0.00311743	0.25012	0.295557	0.00556075	0.0577277	0.032062	0.00728356	0.0357876	0.0158897	0.0062958	0.066961	0.0161903	0.0466569	0.0277462	0.0289475	0.0172691	0.0308275	0.000356282	0.00623897
45	0.0823308	0.010963	0.0163993	0.0247419	0.0246942	0.0182294	0.024115	0.0680317	0.0199719	0.182429	0.0290092	0.0172347	0.174922	0.0315321	0.0289319	0.0964339	0.0531067	0.0802385	0.00303683	0.0136485
46	0.138179	0.00718717	0.00937361	0.016821	0.0216621	0.0170298	0.0067771	0.177082	0.0105869	0.141457	0.0434941	0.00811063	0.0143531	0.0110748	0.0116617	0.0449551	0.0620837	0.251429	0.00158284	0.00509924
47	0.0660421	0.00323721	0.00297043	0.00234618	0.0242756	0.0109264	0.00176908	0.326608	0.00569104	0.145826	0.0390883	0.00659229	0.0045885	0.00303487	0.004549	0.0201897	0.057865	0.273273	0.000284317	0.000843316
48	0.0303049	0.00156212	0.00138694	0.00155104	0.0113279	0.00337736	0.00127029	0.319942	0.00289748	0.0641925	0.0374505	0.00335917	0.00276369	0.00171787	0.00217923	0.00988226	0.0158911	0.485941	0.000211614	0.00279139
49	0.0660964	0.00768401	0.00721776	0.01109	0.00689278	0.0186105	0.00579647	0.0502312	0.0128116	0.0329366	0.0205152	0.0388304	0.00866509	0.0113983	0.0186233	0.214567	0.424866	0.0381067	0.00132365	0.00373781
50	0.0146661	0.0728927	0.0154963	0.00989409	0.231901	0.0193647	0.095294	0.0280632	0.00975355	0.0718925	0.00603521	0.0480233	0.00335964	0.00496592	0.0188425	0.0563105	0.0177587	0.0243289	0.00218475	0.248972
51	0.0431137	0.00647784	0.31958	0.458849	0.00260784	0.0245924	0.00825082	0.00518343	0.0104444	0.0138306	0.0025849	0.0083871	0.00622787	0.0328586	0.00558022	0.00874019	0.00829387	0.0231129	0.000345993	0.0109382
52	0.0128769	0.00811208	0.00261208	0.0232177	0.000961118	0.0152884	0.00826445	0.008225	0.429934	0.0140667	0.0120888	0.0116041	0.00211098	0.0565957	0.329543	0.0326648	0.0178837	0.00744017	0.00363214	0.00287771
53	0.156621	0.00544966	0.0579928	0.11536	0.00399353	0.0449475	0.0129562	0.0380428	0.0181963	0.0324078	0.0162353	0.0471857	0.0500429	0.02217	0.0261541	0.163745	0.0883434	0.094924	0.00199175	0.0032406
54	0.0212711	0.0627968	0.0116147	0.00866757	0.207831	0.0333852	0.0714776	0.018308	0.00804485	0.0547504	0.00461478	0.0422698	0.00275268	0.00466251	0.0142246	0.173242	0.0146346	0.0173281	0.00188074	0.226242
55	0.0306288	0.00366931	0.00195227	0.00516145	0.0255923	0.004215	0.00337372	0.431549	0.00668381	0.150828	0.0529444	0.00644688	0.00979253	0.00437844	0.00692391	0.0102635	0.0235945	0.217204	0.000846983	0.00395131
56	0.0557913	0.0160506	0.0770854	0.123281	0.00671989	0.0499574	0.0201302	0.00950071	0.173668	0.0220328	0.0186656	0.082726	0.00913768	0.0933916	0.0931714	0.0773186	0.0452215	0.0213706	0.00434669	0.000433109
57	0.0215577	0.015357	0.00095155	0.0460921	0.000729182	0.0278611	0.012321	0.0109259	0.230115	0.0244907	0.0183597	0.0198049	0.00203	0.093987	0.371623	0.0571263	0.0284674	0.00516594	0.00745643	0.00557774
58	0.0505563	0.0184998	0.0121659	0.0236516	0.0642725	0.0197315	0.026757	0.0648931	0.0310783	0.270247	0.0491047	0.0221454	0.0124611	0.0244678	0.0355938	0.0448059	0.0326602	0.0750349	0.102378	0.0194949
59	0.0196099	0.00707915	0.000919602	0.00577235	0.0771061	0.00424939	0.00514719	0.387535	0.00176638	0.194297	0.0767009	0.00544809	0.00437249	0.00150629	0.00191137	0.00901503	0.011569	0.178163	0.00203996	0.00579088
60	0.0472749	0.00292336	0.228402	0.274194	0.00593453	0.0709036	0.0389826	0.00276766	0.0458581	0.0137999	0.00486934	0.0809586	0.0161886	0.0566151	0.0343898	0.0233749	0.0182102	0.0275155	0.000172376	0.00666436
61	0.180157	0.0142449	0.0311837	0.0424131	0.0104349	0.0975151	0.0189232	0.0180312	0.0273094	0.0312955	0.00473669	0.0481975	0.0086891	0.0388763	0.0415205	0.232361	0.100339	0.0452731	0.000529057	0.00796988
62	0.0198431	0.00168592	0.0509825	0.0236883	0.00140583	0.77742	0.00817136	0.00310296	0.00840057	0.00460071	0.00232551	0.0365279	0.00152428	0.00291137	0.0157204	0.0323154	0.00383987	0.00422308	0.000424229	0.000886803
63	0.00646556	0.0330265	0.0116005	0.0159958	0.00209444	0.00614383	0.248205	0.0278154	0.0591378	0.0190899	0.00329087	0.399422	0.00317027	0.0242171	0.0407633	0.03541	0.00762823	0.0189983	0.000795905	0.0367299
64	0.0181902	0.0227346	0.0362157	0.0362986	0.0105544	0.0538928	0.0973961	0.0219499	0.0846192	0.0573582	0.0138289	0.114349	0.0292849	0.0810894	0.0938598	0.156371	0.0523297	0.0161892	0.00222123	0.00126788
65	0.0538532	0.012386	0.0139861	0.0227508	0.00605159	0.0223934	0.0187572	0.0596624	0.0434868	0.0356861	0.0172439	0.0600886	0.0120744	0.0239745	0.117523	0.131401	0.285153	0.0561257	0.00204264	0.00535993
66	0.0684444	0.371715	0.0150705	0.0199997	0.0272187	0.0448288	0.0244615	0.0281893	0.0283464	0.0406204	0.0148277	0.0292564	0.0115887	0.0188949	0.0291364	0.132	0.0308547	0.0324803	0.00269972	0.0293665
67	0.105368	0.0108779	0.0243128	0.0417033	0.0138072	0.0381327	0.0243576	0.0317531	0.0326835	0.0679533	0.0186919	0.0237731	0.2455	0.04498	0.0277529	0.117087	0.0687235	0.0539267	0.00191562	0.00670025
68	0.0736538	0.0162043	0.0581371	0.0581855	0.00630964	0.0480191	0.020373	0.0385912	0.0916061	0.031289	0.0236978	0.134615	0.0112776	0.0423333	0.0456178	0.140714	0.112942	0.0395319	0.0033197	0.00358257
69	0.0348337	0.0032722	0.00407661	0.00545141	0.00631147	0.0106521	0.00365181	0.0329388	0.00667276	0.0175585	0.0221161	0.0361445	0.00332806	0.0104111	0.0129353	0.246153	0.516627	0.0211523	0.0012455	0.00446769
70	0.0233248	0.00982691	0.00600288	0.0158767	0.00690323	0.306046	0.00990652	0.0166195	0.0215544	0.0555755	0.0437904	0.0107829	0.00665548	0.128104	0.237871	0.056194	0.0188045	0.0190908	0.00243809	0.00463208
71	0.0165396	0.00470888	0.00672727	0.170184	0.0049948	0.00853618	0.0332967	0.00970246	0.0697482	0.131581	0.0427224	0.00967576	0.00523561	0.313683	0.0357902	0.0279196	0.0128681	0.0920323	0.00129328	0.00276063
72	0.0684374	0.00587773	0.00563612	0.0388822	0.00367837	0.00577905	0.00835375	0.0689998	0.222449	0.0550391	0.0243351	0.0219691	0.0998945	0.0291844	0.101202	0.0337219	0.0868726	0.102129	0.00217883	0.0153793
73	0.00579094	0.00100673	0.00040245	0.00118467	0.0184231	0.00271506	0.000605533	0.0965798	0.0007191	0.731759	0.0570103	0.00064292	0.0024046	0.000785993	0.0018338	0.00230485	0.00654508	0.0662724	0.00116412	0.00184956
74	0.119423	0.00429647	0.0235836	0.0242548	0.0142062	0.0117344	0.00582629	0.0879657	0.0391517	0.116578	0.0713291	0.053376	0.0278041	0.0328985	0.00978493	0.0861032	0.149608	0.117169	0.00394669	0.000960184
75	0.15615	0.0117761	0.0512249	0.0521285	0.006414	0.0825103	0.0236861	0.019168	0.0330691	0.0240734	0.00580214	0.0735417	0.007451	0.0373813	0.0364421	0.224431	0.103918	0.0407697	0.000734971	0.00932846
76	0.00397543	0.000685346	0.000447624	0.00105399	0.0162356	0.00209903	0.000466073	0.103363	0.000840905	0.725668	0.0552622	0.000639259	0.00398787	0.000994725	0.0018315	0.00168938	0.00662582	0.071299	0.00103279	0.0018023
77	0.0914636	0.00327831	0.00318967	0.00375375	0.0190028	0.0119614	0.00180513	0.298959	0.00607003	0.1411	0.0347799	0.0067541	0.00379423	0.00354535	0.00496142	0.0259023	0.072428	0.266443	0.000205869	0.000601386
78	0.121454	0.0115875	0.0108331	0.0177472	0.0185817	0.0330527	0.0141327	0.00971937	0.0126064	0.0596825	0.0121727	0.0221291	0.171013	0.0302919	0.0215368	0.304852	0.0929652	0.0268733	0.000824719	0.00794419
79	0.0330003	0.0273863	0.0362117	0.0322566	0.00825182	0.0457078	0.11037	0.0268297	0.047167	0.0212827	0.00867593	0.35941	0.00929232	0.021346	0.0298558	0.101322	0.0341366	0.0225742	0.00185722	0.0230656
80	0.0119875	0.0754913	0.0157189	0.00971119	0.23847	0.0174633	0.105073	0.0279099	0.0117584	0.0634487	0.00377893	0.0484346	0.00190686	0.00487522	0.0240233	0.0470893	0.0194024	0.0202381	0.00118945	0.252029
81	0.664003	0.00864975	0.000760077	0.00676762	0.000857209	0.0345846	0.00079553	0.00774497	0.00102933	0.0102844	0.0012449	0.00379989	0.0045519	0.00101765	0.00110302	0.1198	0.0600444	0.0722615	0.000212311	0.000487494
82	0.020963	0.00161731	0.000900273	0.00157639	0.0185078	0.00465733	0.000770874	0.201603	0.00203048	0.511065	0.0500696	0.00229728	0.00351962	0.00141187	0.00218354	0.00590026	0.0172785	0.151289	0.000673671	0.00168465
83	0.00411845	0.00162027	0.00115877	0.0024987	0.00118282	0.00305963	0.00447122	0.00513908	0.628839	0.00452267	0.00767748	0.00218579	0.00144652	0.0212881	0.283379	0.00952377	0.00808474	0.00861197	0.000398216	0.000794092
84	0.0742656	0.0286585	0.0403911	0.0262227	0.00365312	0.0851893	0.0166022	0.0136172	0.0382812	0.0153278	0.00694455	0.263972	0.00475004	0.0183524	0.0182783	0.26163	0.058168	0.0181743	0.00278852	0.00473327
85	0.00434606	0.00105723	0.00055454	0.0015476	0.0185428	0.00219309	0.000693967	0.0944548	0.00100294	0.731933	0.0594268	0.000695181	0.00248072	0.000885262	0.00193457	0.00172474	0.00660899	0.0669878	0.00106702	0.00186258
86	0.0245222	0.00236612	0.00133544	0.00272519	0.0207613	0.00304712	0.00202493	0.459705	0.00315594	0.131613	0.0467886	0.0056445	0.0079165	0.00225235	0.00252981	0.00770963	0.0220463	0.250686	0.000608606	0.0025624
87	0.160995	0.0283333	0.002035	0.0583536	0.0276019	0.00943314	0.0517808	0.042376	0.0163022	0.0469233	0.115845	0.0126054	0.00205122	0.0623381	0.0517594	0.119175	0.111157	0.0375069	0.00600112	0.0374269
88	0.0419232	0.0146133	0.075864	0.150556	0.00399258	0.0460408	0.0426863	0.00753268	0.119305	0.0436884	0.024407	0.0744989	0.0132548	0.120478	0.0874008	0.0684508	0.0341305	0.0257749	0.00413492	0.00126668
89	0.0519094	0.0313358	0.0111901	0.0209129	0.119864	0.0192102	0.0341061	0.0675548	0.0175502	0.196511	0.0514964	0.0216509	0.012279	0.018739	0.0190785	0.0461355	0.0320686	0.0809552	0.108353	0.039099
90	0.0851714	0.396533	0.0111967	0.0164636	0.0119181	0.0541204	0.0123067	0.019977	0.0186169	0.0290747	0.012357	0.0387018	0.0104426	0.0155031	0.0210448	0.174962	0.030597	0.0246973	0.0025065	0.0138097
91	0.0952454	0.0015582	0.231003	0.28878	0.0016896	0.0288446	0.012156	0.0365023	0.0194084	0.0285028	0.0108809	0.0220497	0.00525891	0.043163	0.0358755	0.0528293	0.035124	0.0491364	0.000398189	0.00159398
92	0.0512502	0.0157788	0.0874213	0.14312	0.00516446	0.0459605	0.0196454	0.00917823	0.136644	0.0276516	0.026485	0.0917421	0.00894032	0.0676527	0.0787908	0.092583	0.0618842	0.0252577	0.00396128	0.000888525
93	0.00563531	0.0307407	0.0107194	0.0110028	0.00171	0.00296848	0.251661	0.0282597	0.0552049	0.0149585	0.00287232	0.434032	0.00205859	0.0189945	0.0338736	0.0291815	0.00489581	0.0198848	0.000585254	0.0407612
94	0.0391324	0.0170034	0.0907548	0.0929439	0.00463676	0.0696731	0.0274986	0.00974875	0.17925	0.0230419	0.0249824	0.113925	0.0101879	0.0832469	0.0817801	0.0686994	0.0392965	0.0189386	0.00439406	0.000865728
95	0.0175446	0.00133742	0.000677641	0.00120019	0.0159651	0.00112689	0.000794279	0.400727	0.00166309	0.073596	0.0444324	0.00295057	0.00459952	0.00120016	0.00128586	0.00464049	0.00962361	0.412229	0.000166874	0.00423863
96	0.0497523	0.00521389	0.181784	0.246661	0.0101592	0.0538438	0.0312744	0.0061262	0.0777684	0.021114	0.00759398	0.0653039	0.0393832	0.0699269	0.0405453	0.042736	0.020767	0.0242712	0.0010643	0.0047113
97	0.121606	0.0104797	0.0058505	0.00387281	0.0562305	0.001814	0.0492293	0.102632	0.0092135	0.168904	0.0390735	0.0104341	0.116741	0.0264535	0.0312241	0.0432005	0.0230312	0.134373	0.000848408	0.0447892
98	0.101628	0.0129631	0.0502697	0.0597977	0.00733968	0.0145218	0.00690185	0.0671646	0.0478424	0.070372	0.0764287	0.0522385	0.0567428	0.0299991	0.0216331	0.0670999	0.112464	0.122192	0.0204787	0.00192219
99	0.0476798	0.0223036	0.0736013	0.116844	0.00388632	0.0583254	0.0255368	0.00883498	0.155118	0.0245828	0.0237675	0.0855861	0.0102026	0.0892852	0.0900255	0.0856696	0.0519701	0.0204892	0.0059668	0.000324139
100	0.0257538	0.00211752	0.00113867	0.00164651	0.0227102	0.00536263	0.000978599	0.15058	0.002158	0.561549	0.0518943	0.00222609	0.00262117	0.0014452	0.00254404	0.00767439	0.0232577	0.132122	0.000787138	0.00143251
101	0.0275807	0.00160601	0.00103302	0.00122672	0.0131072	0.0030887	0.000925845	0.374189	0.00235019	0.0903226	0.0411124	0.00362358	0.00420497	0.00121231	0.00180594	0.00697463	0.0168053	0.40631	0.000191272	0.00232957
102	0.0425175	0.0270847	0.0693655	0.115263	0.00371957	0.0592057	0.0315973	0.00866984	0.146728	0.0283353	0.0221091	0.0850696	0.0109002	0.0920335	0.0922461	0.0856774	0.0524751	0.018744	0.00785895	0.000399701
103	0.0517339	0.0153691	0.0779545	0.124289	0.00580945	0.0515321	0.0199139	0.00910765	0.177226	0.0226816	0.0177379	0.084059	0.00944016	0.0914337	0.102535	0.0734692	0.0395472	0.0216903	0.00406374	0.000406959
104	0.00238822	0.000689571	0.000365143	0.000946839	0.0167769	0.0021556	0.000448337	0.0886928	0.000556539	0.755843	0.0559619	0.000467313	0.00210977	0.0006218	0.00167537	0.00112404	0.00497705	0.0613845	0.00106158	0.00175423
105	0.159567	0.0276937	0.0269251	0.0247102	0.00441335	0.0476357	0.0111159	0.0397769	0.0705578	0.0620348	0.0144321	0.0241755	0.00766509	0.0239458	0.0723913	0.247074	0.0955692	0.0364525	0.000655464	0.00320841
106	0.0636018	0.00464489	0.00370822	0.0170256	0.0227714	0.00441474	0.00866425	0.0842456	0.00836321	0.263221	0.0325182	0.00581857	0.170063	0.0294635	0.0129698	0.0685804	0.0775244	0.116076	0.000752702	0.00557295
107	0.0423305	0.00720799	0.322939	0.477706	0.00220791	0.0218955	0.00570203	0.00361302	0.00857662	0.0137276	0.00230873	0.00424354	0.0060922	0.0323034	0.00286073	0.00607101	0.00629847	0.0211872	0.000386125	0.0123425
108	0.0974839	0.00127041	0.23359	0.300494	0.00126827	0.0238673	0.00606118	0.0441721	0.0166185	0.0318061	0.0142827	0.0145183	0.00400178	0.0378549	0.0274736	0.0542324	0.0287631	0.0608821	0.000443436	0.000915689
109	0.085878	0.0245098	0.00866449	0.0229948	0.00658206	0.00969044	0.0256792	0.0710576	0.144253	0.103595	0.0142352	0.0127061	0.0266845	0.064112	0.221146	0.0411896	0.0645261	0.0471272	0.00225033	0.00311813
110	0.0222949	0.0170555	0.0021328	0.0445892	0.0010014	0.0281585	0.0111994	0.0120926	0.231083	0.0279344	0.0186107	0.0266118	0.00290083	0.0869418	0.361324	0.0589599	0.0290414	0.00533816	0.0071719	0.00555794
111	0.114387	0.0167763	0.0575919	0.0739786	0.00515312	0.0724528	0.0251367	0.0163432	0.07127	0.0234354	0.0134426	0.078382	0.00744733	0.0565553	0.0557903	0.179444	0.0922912	0.0311898	0.00273544	0.00619726
112	0.675386	0.00973096	0.000860058	0.00365613	0.000770504	0.0399104	0.000796114	0.00252422	0.00105525	0.00814548	0.00100103	0.00279397	0.00517093	0.00118531	0.00109978	0.136877	0.0498853	0.0585638	0.000177371	0.000409708
113	0.469123	0.00241467	0.00154127	0.0240808	0.00332607	0.0121804	0.00161006	0.055806	0.00289689	0.0527543	0.00509199	0.00331214	0.00165579	0.00334784	0.00297413	0.0458943	0.111869	0.198728	0.000481289	0.000911468
114	0.149229	0.032371	0.00207832	0.0590841	0.0324606	0.0128217	0.0500174	0.0517211	0.0239841	0.0454394	0.0972937	0.00867341	0.00209097	0.0630578	0.0604508	0.0982328	0.0979478	0.0446127	0.0095495	0.0588841
115	0.0551196	0.00239632	0.21909	0.31305	0.00454722	0.0567609	0.0307173	0.0101935	0.041032	0.0161904	0.00754634	0.0619857	0.0119152	0.0510238	0.0342268	0.0295852	0.0186398	0.0306744	0.000275157	0.00502991
116	0.00744966	0.000935476	0.000449577	0.000685679	0.0131199	0.0009845	0.000534851	0.346239	0.00112127	0.39652	0.0458721	0.00285821	0.005904	0.000657708	0.00131109	0.00189436	0.00991092	0.161283	0.00039217	0.00187621
117	0.033316	0.0504524	0.0165157	0.0307297	0.022662	0.028207	0.101201	0.0322248	0.0949719	0.0523535	0.0139577	0.110997	0.00852121	0.0542014	0.179438	0.0785609	0.0372896	0.0220731	0.00336436	0.0289629
118	0.0883367	0.00958303	0.0056294	0.0116097	0.0217603	0.00567244	0.0107937	0.0881036	0.0181526	0.312133	0.0623513	0.00780661	0.0361288	0.0455622	0.0335023	0.0461431	0.0604804	0.12755	0.00157151	0.00712952
119	0.0199139	0.00326177	0.00223991	0.00466193	0.0199542	0.00362454	0.00466678	0.111494	0.00817935	0.623516	0.0593004	0.00320777	0.00754581	0.00642482	0.0141835	0.0097505	0.0163464	0.0767641	0.00127414	0.00369027
120	0.691261	0.0100992	0.00065553	0.00269093	0.000631215	0.0411264	0.000669874	0.00150085	0.000875813	0.00618215	0.000976736	0.00258923	0.00524009	0.000932198	0.000845024	0.133088	0.0514699	0.0486809	0.000164174	0.000320833
121	0.00593464	0.00284528	0.00127792	0.00666025	0.00117427	0.00536112	0.00532887	0.00595189	0.596699	0.00628795	0.00835603	0.00405449	0.00154481	0.0274826	0.286843	0.013585	0.0101036	0.00830012	0.00105855	0.00115042
122	0.0837865	0.0267398	0.0503003	0.0762911	0.00511815	0.0572612	0.0381249	0.019469	0.0982654	0.029186	0.0162462	0.0798079	0.00996196	0.0645331	0.0778122	0.150955	0.0812351	0.027009	0.00376135	0.00413588
123	0.0330846	0.041794	0.0358671	0.0112974	0.0034075	0.0936098	0.0120256	0.0120812	0.0250629	0.0115903	0.00662241	0.345221	0.00394113	0.0071574	0.010004	0.289696	0.0403693	0.0109831	0.00322946	0.00295575
124	0.144976	0.00307215	0.0234711	0.0327274	0.00759373	0.0190219	0.00592582	0.0970338	0.0251108	0.0566639	0.0731309	0.0615755	0.02729	0.0253691	0.00599898	0.0920337	0.132178	0.162106	0.00400344	0.000718167
125	0.0417767	0.00317279	0.257238	0.306604	0.00683172	0.0658678	0.0371877	0.00281548	0.0361499	0.0124835	0.00407695	0.0663518	0.0133591	0.0483925	0.0267298	0.0185211	0.0150507	0.0303189	0.00020093	0.006871
126	0.0742789	0.028807	0.05665	0.0410317	0.00339678	0.0718155	0.025045	0.0139167	0.0527379	0.0172042	0.00818032	0.264422	0.00679816	0.0316631	0.0307487	0.181333	0.0651068	0.0202782	0.00187169	0.00471527
127	0.0355913	0.0145046	0.0118962	0.0378829	0.00558369	0.0279622	0.0184004	0.0247603	0.248728	0.0369038	0.0176498	0.0280122	0.00758969	0.0630407	0.291463	0.0570969	0.041323	0.0202633	0.00531075	0.00603712
128	0.102855	0.0020328	0.0126695	0.00930105	0.0114864	0.0134893	0.00747754	0.25691	0.0184423	0.107488	0.0423453	0.022632	0.00600455	0.0135704	0.0130192	0.0509775	0.0771846	0.230465	0.000640846	0.00100923
129	0.123865	0.0382664	0.00542568	0.00838351	0.0588253	0.00786723	0.0339271	0.0941112	0.00963528	0.164801	0.0486061	0.00855589	0.0679036	0.0221153	0.0404503	0.0728434	0.0284424	0.124674	0.00217068	0.0391319
130	0.0200311	0.00156257	0.000636345	0.000795142	0.0151542	0.00196111	0.000621901	0.498582	0.0015328	0.125342	0.0380559	0.00459551	0.00781468	0.00092186	0.00126397	0.00401629	0.0198847	0.255519	0.000115924	0.00159274
131	0.236842	0.011	0.00276857	0.0111966	0.0131865	0.106898	0.00322507	0.0880857	0.0096541	0.0956168	0.0254481	0.00550714	0.00343098	0.0102174	0.0103623	0.106215	0.0970884	0.160952	0.00052482	0.00177969
132	0.0461475	0.00262599	0.216387	0.296099	0.00559598	0.0688905	0.0390721	0.003114	0.0461855	0.0139132	0.00507272	0.076399	0.0152201	0.0555667	0.0354548	0.0233835	0.0170521	0.0273485	0.000173095	0.00629869
133	0.171243	0.0152556	0.0349645	0.0426888	0.00791941	0.0824151	0.0283629	0.0147105	0.0245726	0.0316819	0.00492219	0.0590845	0.0145181	0.043404	0.039163	0.237075	0.0930471	0.0397786	0.000508178	0.0146845
134	0.0328981	0.00411957	0.0511621	0.0277254	0.00229007	0.676165	0.00942193	0.00572756	0.0127651	0.00774121	0.00382135	0.0423194	0.00486605	0.00786473	0.0185374	0.0653279	0.0161321	0.00850476	0.00076487	0.00184573
135	0.683701	0.00987865	0.000769953	0.00281588	0.000877602	0.0474482	0.00108295	0.00209271	0.00102531	0.00680237	0.00103187	0.00286939	0.00559908	0.00147756	0.00169312	0.12986	0.0521629	0.0481309	0.000203506	0.000476951
136	0.0296791	0.00188196	0.00094574	0.000981282	0.0166173	0.00352482	0.000858039	0.463658	0.00204207	0.129576	0.039385	0.00473899	0.00668821	0.00119331	0.00167495	0.00629398	0.0247567	0.263792	0.00017332	0.00153887
137	0.149798	0.00297035	0.0347042	0.057164	0.00245599	0.0601634	0.0120616	0.0121675	0.0410274	0.0203475	0.010894	0.0198538	0.239916	0.0477368	0.0324785	0.129192	0.0797375	0.0453854	0.000443957	0.00150209
138	0.12174	0.010488	0.00586856	0.00387279	0.0561734	0.00180426	0.0492311	0.102552	0.0092323	0.168911	0.0390306	0.0104455	0.116728	0.0264198	0.0312596	0.0432055	0.0230681	0.134325	0.000846978	0.044798
139	0.00640605	0.00121193	0.000536914	0.00160778	0.0185666	0.00239049	0.00107168	0.107693	0.00178604	0.711028	0.0560708	0.000996872	0.0029809	0.00159761	0.00253007	0.00249215	0.00788192	0.0703623	0.00106004	0.0017291
140	0.0688378	0.00249352	0.00290618	0.00211566	0.0191924	0.0107454	0.00141314	0.282518	0.00635035	0.141275	0.0420431	0.00604413	0.00268853	0.00255477	0.00417886	0.0190231	0.0532826	0.331511	0.000157426	0.000669044
141	0.043506	0.0191115	0.0700058	0.106662	0.00477729	0.0574702	0.0371284	0.00957064	0.147074	0.0294545	0.0204205	0.0909604	0.0193609	0.0876595	0.0869912	0.0967551	0.048645	0.0187873	0.00523245	0.000427376
142	0.0214179	0.00934994	0.002375	0.00633719	0.0738134	0.00438857	0.0149298	0.0993892	0.00327693	0.526935	0.0761913	0.00582215	0.00753852	0.00476686	0.0065754	0.0100214	0.00920481	0.0842802	0.00847601	0.0249106
143	0.00516049	0.000999582	0.000743126	0.00123773	0.0179093	0.00233065	0.00113471	0.0976579	0.000908541	0.726361	0.0575269	0.000747911	0.00306439	0.000882381	0.0020548	0.00195075	0.00666455	0.0692449	0.00115647	0.00226372
144	0.168459	0.0137239	0.0131783	0.0207411	0.0143468	0.0692674	0.028432	0.00819425	0.0105517	0.0552679	0.0066749	0.0353719	0.0586687	0.0394078	0.0330624	0.289691	0.0826488	0.0352489	0.000364861	0.0166989
145	0.0825923	0.00284774	0.00408885	0.0030997	0.0180513	0.0112615	0.00243767	0.306813	0.00703285	0.148717	0.0331719	0.00733466	0.00297825	0.00424906	0.00567721	0.0220496	0.0787356	0.258062	0.000237181	0.000563862
146	0.051574	0.0112831	0.0218095	0.0819562	0.0142464	0.0241811	0.032583	0.0388345	0.0600051	0.139709	0.0314834	0.0242107	0.0243929	0.206523	0.0627525	0.0601826	0.0395061	0.0631975	0.00297537	0.00859332
147	0.078483	0.00302139	0.226471	0.325714	0.00233932	0.0296172	0.0102777	0.0315614	0.030464	0.0305303	0.00995946	0.0217715	0.00591099	0.0453128	0.028412	0.0438627	0.0231868	0.049999	0.00058743	0.00251857
148	0.00564366	0.0307396	0.0111045	0.0110024	0.00171199	0.00303633	0.251827	0.0282978	0.0550795	0.0148863	0.0029823	0.433897	0.00201362	0.0187872	0.0341159	0.0290573	0.00497342	0.0198503	0.000583736	0.0404103
149	0.692929	0.0100768	0.000663751	0.00267176	0.000584399	0.0409189	0.00066991	0.00139414	0.000861457	0.00584574	0.000868953	0.00259127	0.00524449	0.000910414	0.000865414	0.132595	0.0513883	0.0484331	0.000163439	0.00032415
150	0.0185712	0.00139664	0.000729153	0.000981878	0.012234	0.0015376	0.000839829	0.40535	0.00193832	0.0806657	0.0380319	0.00346574	0.0049792	0.00114751	0.00131075	0.00496845	0.0117499	0.407211	0.000190859	0.00270084
151	0.150228	0.0118272	0.0265422	0.0437216	0.00792454	0.0366171	0.0143228	0.0477024	0.0692956	0.0506348	0.0237455	0.0370029	0.030127	0.0343842	0.0477247	0.109429	0.194476	0.0564529	0.00304463	0.00479755
152	0.693113	0.0100973	0.000659259	0.00264788	0.000580611	0.040992	0.000671112	0.00129645	0.000853726	0.00582798	0.000864687	0.00259006	0.00525671	0.000908202	0.000843768	0.132856	0.0512024	0.0482504	0.000163846	0.000324312
153	0.00321003	0.00110726	0.000387211	0.00126404	0.0199804	0.00278677	0.000527683	0.101638	0.000631986	0.728551	0.0577343	0.000588352	0.00203764	0.000671596	0.0016331	0.00171301	0.00522542	0.0673759	0.00110934	0.00182739
154	0.00878039	0.0031592	0.00114555	0.00307261	0.0313348	0.00311733	0.00462752	0.0964655	0.00174725	0.682812	0.0599913	0.00263029	0.00382027	0.00303841	0.00270081	0.00420241	0.0077407	0.0705926	0.00256513	0.0064558
155	0.028748	0.0249555	0.0353198	0.0412554	0.00672952	0.0330308	0.127625	0.0217079	0.0865616	0.0210605	0.00927582	0.324583	0.00949563	0.0339414	0.0494366	0.0719404	0.0260135	0.0230423	0.00192111	0.023356
156	0.00581485	0.00113217	0.00103025	0.00217292	0.0191088	0.00289703	0.000836166	0.0933159	0.00156558	0.722892	0.0616385	0.00138659	0.00266234	0.00136129	0.0022445	0.00316617	0.00856795	0.0650322	0.00128034	0.00189482
157	0.128757	0.022275	0.0273081	0.0358731	0.0167917	0.0550032	0.0184342	0.0238303	0.0289034	0.0432961	0.0169833	0.0606944	0.0261983	0.0274108	0.0332644	0.270296	0.106872	0.0404389	0.00313316	0.0142375
158	0.0794377	0.00954832	0.00733135	0.0136257	0.0188519	0.0115704	0.00961367	0.201237	0.0499024	0.191644	0.0471087	0.0126406	0.0154209	0.0220152	0.0355864	0.0554095	0.0815301	0.132734	0.00151699	0.00327555
159	0.0110749	0.0781121	0.0172031	0.0100093	0.233302	0.0177957	0.103915	0.0274323	0.00952241	0.0687201	0.00379051	0.0526831	0.00176991	0.00472581	0.0190288	0.0450697	0.0176803	0.0218082	0.00125772	0.255099
160	0.148154	0.0122001	0.0590691	0.0564205	0.0055395	0.0784549	0.0262755	0.0185213	0.0351987	0.0239068	0.00635291	0.080211	0.00811006	0.0395374	0.0359231	0.217881	0.0982946	0.0388103	0.000828719	0.0103101
161	0.0585087	0.0287357	0.0434619	0.0320671	0.0053241	0.119366	0.0204272	0.0139905	0.0358207	0.0180779	0.00813826	0.275276	0.00863072	0.0204839	0.0230691	0.208799	0.0527086	0.0196209	0.00262216	0.00487144
162	0.010071	0.00597497	0.00150181	0.0143727	0.00120415	0.0107608	0.00707212	0.007299	0.513605	0.010746	0.00969198	0.00782855	0.0019092	0.0401908	0.303797	0.0272623	0.0145752	0.00767989	0.00238717	0.00207044
163	0.146318	0.0210882	0.0300115	0.0441896	0.00454744	0.0581173	0.0195761	0.0322547	0.0836045	0.0450928	0.00773619	0.0330318	0.0146633	0.0281063	0.0809893	0.204842	0.091761	0.0491127	0.000671695	0.00428607
164	0.0918596	0.0194655	0.011205	0.0197155	0.00825051	0.00423375	0.0362072	0.102386	0.125167	0.168779	0.0134965	0.012958	0.0235694	0.0483456	0.169434	0.0329099	0.0548501	0.0534796	0.0013398	0.00234938
165	0.0329889	0.00249243	0.00164082	0.00203138	0.0151257	0.00409846	0.00164723	0.441864	0.00374715	0.127996	0.0402669	0.00608203	0.00805953	0.00280521	0.00289667	0.0104083	0.0258953	0.267575	0.000303527	0.00207571
166	0.156837	0.00766874	0.00617876	0.0113679	0.0112903	0.030868	0.00299703	0.149959	0.0109378	0.0925137	0.07851	0.01789	0.00593085	0.0102235	0.00428351	0.0941451	0.0994437	0.207257	0.000905962	0.000792253
167	0.0198431	0.00168592	0.0509825	0.0236883	0.00140583	0.77742	0.00817136	0.00310296	0.00840057	0.00460071	0.00232551	0.0365279	0.00152428	0.00291137	0.0157204	0.0323154	0.00383987	0.00422308	0.000424229	0.000886803
168	0.659265	0.00966893	0.00128758	0.00448798	0.00160645	0.0518891	0.00133534	0.00216558	0.00236702	0.00739326	0.00113926	0.00350753	0.00970871	0.00243157	0.00348288	0.136135	0.0519416	0.0495158	0.000193464	0.00047794
169	0.0159559	0.00148501	0.000515701	0.000709012	0.0131515	0.00123576	0.00059704	0.515856	0.00128402	0.120784	0.0379752	0.00458829	0.00829746	0.000763818	0.000956235	0.00288122	0.0168494	0.254388	0.000129347	0.001598
170	0.0485924	0.00327481	0.22044	0.263688	0.00558597	0.069304	0.0374041	0.00434587	0.0470809	0.0161097	0.0057629	0.0823668	0.019615	0.0539899	0.036498	0.0289961	0.0212893	0.029131	0.000344625	0.00618096
171	0.109337	0.00816413	0.055423	0.0739632	0.00527295	0.0690708	0.0379327	0.0135532	0.0521051	0.0419849	0.00973093	0.0603734	0.105846	0.0484016	0.0435178	0.163238	0.0645213	0.032949	0.000798721	0.00381726
172	0.0215548	0.00167452	0.000663593	0.000822133	0.0140398	0.00220272	0.000682784	0.495659	0.00167649	0.125044	0.0372978	0.00471837	0.00756453	0.000947235	0.0013412	0.00448077	0.0210382	0.256984	0.000129807	0.0014786
173	0.0530215	0.00373239	0.00165031	0.00142432	0.0178145	0.00714861	0.000989855	0.371113	0.003534	0.13684	0.0348693	0.00486025	0.0041975	0.00181474	0.00269438	0.0123665	0.0401266	0.300662	0.000142682	0.000997595
174	0.0467072	0.00264782	0.217927	0.295391	0.0055279	0.0683779	0.0402365	0.00319466	0.0453792	0.0147312	0.00471974	0.0746797	0.0151818	0.0558079	0.0340179	0.0242031	0.0166549	0.0278621	0.000171187	0.00658204
175	0.0257287	0.0014771	0.00108725	0.00152059	0.0114546	0.00234337	0.00109476	0.334978	0.00237579	0.0630576	0.038298	0.0030086	0.00325992	0.00156408	0.00179069	0.00758716	0.0122751	0.483892	0.000202118	0.00300464
176	0.0025632	0.000710792	0.000369157	0.00094696	0.0169001	0.00218234	0.000463481	0.0906576	0.000570084	0.752355	0.0557477	0.000483309	0.00212561	0.000627381	0.00168037	0.00120758	0.00508537	0.0624625	0.0010685	0.0017929
177	0.0226771	0.0160703	0.000869082	0.0472094	0.000640607	0.0291713	0.0112445	0.0113089	0.221275	0.0247111	0.0175108	0.0207383	0.00211533	0.0927241	0.373069	0.0602006	0.0299169	0.00492544	0.00770423	0.00591776
178	0.104381	0.0145365	0.0434932	0.0507803	0.00823167	0.0125341	0.00636936	0.0693034	0.0440458	0.0695522	0.0868581	0.0505379	0.0562154	0.0259456	0.0219238	0.0672064	0.115545	0.128395	0.0218212	0.0023239
179	0.0467396	0.0028306	0.219415	0.302733	0.00532677	0.0665767	0.0372254	0.00445896	0.0439374	0.0144968	0.00519822	0.0703632	0.0141278	0.0541878	0.0344984	0.0243778	0.0173418	0.0298448	0.000248491	0.00607183
180	0.693113	0.0100973	0.000659259	0.00264788	0.000580611	0.040992	0.000671112	0.00129645	0.000853726	0.00582798	0.000864687	0.00259006	0.00525671	0.000908202	0.000843768	0.132856	0.0512024	0.0482504	0.000163846	0.000324312
181	0.00549721	0.00272486	0.00112291	0.00578838	0.00109951	0.00514764	0.00494983	0.00554697	0.591428	0.00602136	0.00831638	0.00353077	0.00147289	0.0289748	0.295358	0.013156	0.00957877	0.00809054	0.00103852	0.00115675
182	0.0731103	0.00745529	0.131758	0.24978	0.00723054	0.166818	0.0234096	0.0106168	0.0318158	0.0213715	0.00973298	0.0436276	0.0142979	0.0802872	0.0329262	0.0383364	0.0220482	0.0277804	0.00113177	0.0064655
183	0.0338543	0.026209	0.0178199	0.0160218	0.0114815	0.0199585	0.120036	0.0903184	0.0398925	0.0405304	0.0181037	0.310403	0.0109726	0.0194234	0.0312354	0.0780714	0.0358367	0.0545131	0.00214383	0.0231745
184	0.602794	0.0119853	0.00421712	0.00766609	0.00253004	0.045841	0.00403468	0.00581869	0.00528573	0.0135563	0.00316775	0.00829126	0.0110351	0.00633979	0.0063896	0.15127	0.0590707	0.0487608	0.000321962	0.00162345
185	0.646968	0.00971298	0.00301432	0.00698262	0.00202593	0.0373366	0.0018884	0.00964479	0.00267014	0.0128249	0.00341993	0.00455437	0.00634015	0.00284093	0.00348895	0.126116	0.0584732	0.0593495	0.00148589	0.000862462
186	0.575926	0.00799099	0.00276988	0.0118985	0.00297145	0.0314047	0.00204279	0.0271206	0.00356544	0.0277351	0.00733403	0.00582973	0.00491866	0.0034447	0.00349526	0.103147	0.0771791	0.0999662	0.000392613	0.000867522
187	0.292204	0.00509145	0.00442543	0.010332	0.00506752	0.0103252	0.00461344	0.0236474	0.00910716	0.0406964	0.00885108	0.013554	0.00487582	0.00634306	0.00787903	0.069832	0.434605	0.0452068	0.00100384	0.00233914
188	0.00800525	0.00152674	0.000562963	0.00132455	0.0186265	0.00267472	0.000775851	0.214024	0.000839556	0.560398	0.0516286	0.00182695	0.00381346	0.000851363	0.00179529	0.00256566	0.0101067	0.116354	0.000765269	0.00153432
189	0.0138248	0.0748708	0.0153106	0.0104906	0.234299	0.0171426	0.0986893	0.0308336	0.0101874	0.0785142	0.00716902	0.048502	0.00247534	0.00613497	0.0198753	0.0462611	0.0177057	0.0239323	0.0025268	0.241254
190	0.0766408	0.0375705	0.0167423	0.0227239	0.0772924	0.0418813	0.038539	0.0200684	0.0168737	0.0499139	0.0177646	0.0406094	0.0264742	0.0270839	0.0248299	0.265811	0.0675869	0.0276942	0.00241323	0.101487
191	0.00890187	0.00135268	0.0006491	0.00127393	0.0182537	0.00250582	0.000811581	0.170925	0.00129884	0.618005	0.0517109	0.00185	0.003118	0.00100483	0.00225098	0.00301927	0.00995092	0.100227	0.000935377	0.00195527
192	0.19642	0.0174955	0.012105	0.0180552	0.0183387	0.0497364	0.0147832	0.0300269	0.0169945	0.0804039	0.0185927	0.0247022	0.0404431	0.0240264	0.0245357	0.256465	0.081673	0.0644977	0.0013198	0.0093857
