306	20
1	0.142521	0.0019693	0.00102733	0.00113386	0.0632246	0.209814	0.000683888	0.0288778	0.00155304	0.153281	0.00374814	0.00160269	0.0256198	0.00153317	0.00139686	0.0168535	0.0396875	0.0819101	0.163587	0.0599751
2	0.0195888	0.00103218	0.000528394	0.000360558	0.0362151	0.0108142	0.000238336	0.110126	0.000507021	0.58874	0.121755	0.000547301	0.0073403	0.00080342	0.000412469	0.00247708	0.00702317	0.0686916	0.0154011	0.00739776
3	0.0653008	0.00328691	0.0386601	0.0478158	0.0108893	0.00828032	0.0269324	0.0269116	0.0339726	0.0768913	0.0442058	0.0495698	0.0138624	0.0824406	0.0239743	0.0923457	0.219352	0.097074	0.00645862	0.0317757
4	0.239935	0.0453589	0.00143205	0.000762278	0.089857	0.0360101	0.000648624	0.0527982	0.00351782	0.113894	0.0409561	0.00115523	0.00656713	0.00271167	0.000875116	0.129939	0.103204	0.120416	0.00641569	0.00354549
5	0.0500625	0.000555262	0.000365521	0.000305331	0.0823825	0.00202325	0.000259838	0.115181	0.000430238	0.641595	0.0308322	0.000417943	0.00109181	0.000409677	0.000309395	0.00610239	0.00595401	0.0591957	0.00166017	0.000865517
6	0.118126	0.0335933	0.000272112	0.000393974	0.0333334	0.0171937	0.000889482	0.225747	0.00420272	0.180956	0.0446845	0.000515031	0.0018506	0.000900907	0.000630083	0.016412	0.0450819	0.253497	0.00809706	0.0136237
7	0.655699	0.00245621	0.0135801	0.00684498	0.0033653	0.0931059	0.000213019	0.0126707	0.00115705	0.00281322	0.00293371	0.00545383	0.00233058	0.000747936	0.000785528	0.155189	0.0252993	0.0137126	0.000669545	0.000972249
8	0.197607	0.0543492	0.00251511	0.000412917	0.0336455	0.0797628	0.000406251	0.0932479	0.000748429	0.137366	0.073161	0.000579486	0.00934429	0.00202117	0.000434201	0.105	0.047823	0.157871	0.00187207	0.0018321
9	0.0163596	0.00180309	0.000545536	0.000414407	0.022924	0.00279445	0.000486069	0.30005	0.000875866	0.363488	0.0189177	0.00101918	0.00100408	0.000958328	0.000524372	0.0396019	0.0288025	0.195898	0.00142696	0.00210597
10	0.103287	0.0010778	0.00823644	0.00324101	0.00217801	0.0155556	0.000576993	0.0156277	0.0085076	0.0249018	0.00259647	0.0123103	0.65641	0.000834593	0.00571269	0.0511834	0.0556473	0.0263235	0.00356421	0.00222697
11	0.0118186	0.00301642	0.000139581	0.000104875	0.0199996	0.00141599	8.53977e-05	0.418181	0.000171099	0.243099	0.0292469	0.000236573	0.000936111	0.000574028	0.000145828	0.00521057	0.00685671	0.256096	0.000828274	0.00183782
12	0.117614	0.00155079	0.000333994	0.000356526	0.0199633	0.0148822	0.00026821	0.384201	0.000536414	0.240192	0.00221973	0.000576584	0.00075768	0.000521986	0.000513108	0.00286732	0.00415398	0.189844	0.0073304	0.0113168
13	0.137309	0.0288456	0.00031052	0.000332759	0.0463374	0.029215	0.000326901	0.211141	0.00130181	0.176849	0.0229322	0.000381144	0.00600558	0.000648571	0.000435896	0.0382144	0.0804949	0.184042	0.0101367	0.0247399
14	0.0298866	0.00307784	0.000522406	0.000172612	0.151788	0.00304119	0.000124745	0.158812	0.000263854	0.451108	0.0672552	0.000553716	0.00201501	0.000442552	0.000319378	0.00420663	0.0102376	0.101497	0.00426153	0.0104135
15	0.0266649	0.00235025	0.000759851	0.000265398	0.233837	0.00409245	0.000212173	0.153165	0.000387067	0.394965	0.0463669	0.000595095	0.00976203	0.000473837	0.00048371	0.00377097	0.00728656	0.0978964	0.00448913	0.0121762
16	0.0663779	0.0182684	0.000203697	0.000186417	0.0619829	0.0107964	0.000361348	0.271327	0.00113794	0.243172	0.0343158	0.00054925	0.000623826	0.000451285	0.000216717	0.0123845	0.0245326	0.22682	0.00711987	0.0191715
17	0.222597	0.0820081	0.00213824	0.000565679	0.0592284	0.0803821	0.000276631	0.0315979	0.00136587	0.131645	0.105674	0.000863986	0.00588252	0.00106561	0.000597755	0.117529	0.0701219	0.0813946	0.00352606	0.00153975
18	0.0120014	0.000638224	0.000486517	0.000263416	0.0338453	0.00526791	0.000239344	0.135349	0.000980469	0.551435	0.183836	0.000514532	0.00259428	0.000951647	0.000870291	0.00194145	0.00538579	0.0565674	0.00425988	0.00257198
19	0.203936	0.0396218	0.00177335	0.000681692	0.019108	0.165508	0.000649816	0.075129	0.00229063	0.104156	0.134609	0.00091126	0.0102482	0.00126164	0.000825178	0.0826973	0.0449437	0.104987	0.00367136	0.00299178
20	0.0308762	0.001885	0.00105877	0.000954479	0.226036	0.0320746	0.000647512	0.0514438	0.0145516	0.465522	0.0267196	0.0154783	0.00203914	0.0120825	0.0302057	0.0053429	0.0167168	0.0513883	0.0127526	0.00222368
21	0.0180058	0.00106534	0.0283934	0.0258153	0.00176436	0.108908	0.0605633	0.00585289	0.313926	0.0033567	0.00653891	0.0568525	0.00101941	0.0901201	0.233876	0.0171879	0.0210457	0.00374081	0.00107078	0.000896538
22	0.0534199	0.00264246	0.00131853	0.000949818	0.0173328	0.00557413	0.000948319	0.138043	0.0348157	0.134171	0.413907	0.00186316	0.00305386	0.00162618	0.0272576	0.0065328	0.0486285	0.0619247	0.031006	0.014985
23	0.0881252	0.000675327	0.0671802	0.0466071	0.00136151	0.0589326	0.0337659	0.00258798	0.108421	0.00978239	0.00905997	0.113245	0.0589733	0.0977443	0.08079	0.165417	0.0523069	0.00329321	0.000763952	0.00096718
24	0.535795	0.0124763	0.00157917	0.000802186	0.00180267	0.182435	0.000137464	0.0172861	0.000232291	0.0060104	0.00744896	0.0049901	0.00132184	0.000361666	0.000207386	0.128525	0.0477635	0.0481623	0.00207344	0.000589494
25	0.0439002	0.00491963	0.0168367	0.00118189	0.0551971	0.00617541	0.267375	0.0286377	0.0207296	0.0766643	0.00600519	0.00297713	0.00704	0.00274659	0.019336	0.0391187	0.0231012	0.0490056	0.141738	0.187314
26	0.408416	0.0344495	0.00211416	0.00109968	0.00374414	0.069698	0.000175918	0.0198856	0.000438922	0.00773162	0.006853	0.00406554	0.00242668	0.00225993	0.000281283	0.251428	0.116951	0.0662249	0.000803058	0.000952882
27	0.499015	0.0162879	0.00080354	0.000616516	0.00168098	0.195979	0.000138409	0.017367	0.000227217	0.00673076	0.00839351	0.00616095	0.00113854	0.000378235	0.000230685	0.136192	0.0583377	0.0464906	0.00318837	0.000642287
28	0.165232	0.0107049	0.000605942	0.000684746	0.0577703	0.0395755	0.000389193	0.128689	0.000708916	0.191157	0.00732916	0.000782214	0.0359286	0.00353304	0.00108111	0.0784932	0.0814594	0.173899	0.00688875	0.0150883
29	0.139503	0.0296878	0.000272486	0.000318553	0.0394993	0.0314006	0.000327879	0.223658	0.00125049	0.177472	0.0216695	0.000500974	0.00626806	0.00070072	0.000366152	0.0408165	0.0838826	0.170451	0.00872303	0.0232301
30	0.477618	0.0171475	0.0017729	0.00100518	0.00324981	0.145353	0.000212742	0.0131351	0.000460944	0.00530894	0.00588714	0.00557213	0.00373662	0.000718473	0.000319291	0.221835	0.0597854	0.0337214	0.00213142	0.00102917
31	0.0794173	0.00476838	0.00207901	0.00182432	0.00724475	0.00842272	0.00163578	0.0115694	0.0023694	0.457889	0.00750355	0.0027305	0.00367937	0.00302819	0.00223108	0.037814	0.0552741	0.264181	0.0432423	0.00309579
32	0.151782	0.00760802	9.91148e-05	0.000124397	0.0264202	0.0667842	9.73016e-05	0.230382	0.000159104	0.229858	0.00541706	0.000188675	0.000266304	0.000247468	0.000176465	0.0122971	0.0301525	0.23501	0.00140145	0.00152826
33	0.132739	0.015424	0.000157989	0.000167867	0.0301058	0.0434516	0.000244381	0.207152	0.000685335	0.208457	0.0175498	0.000314342	0.00229395	0.000483055	0.000299352	0.026282	0.056418	0.248334	0.00270115	0.00674021
34	0.278305	0.0438727	0.000462248	0.000649445	0.00484251	0.0574564	0.000172574	0.0225128	0.000246797	0.00866678	0.00852777	0.00369652	0.00177038	0.00407023	0.000202479	0.293445	0.18614	0.0837487	0.00041733	0.000793816
35	0.0309571	0.00749051	9.99401e-05	5.91667e-05	0.0952261	0.00388894	5.61307e-05	0.278052	0.000118192	0.320985	0.0381335	0.000853611	0.000152497	0.000292706	8.40319e-05	0.00614844	0.0126569	0.187975	0.00419132	0.0125793
36	0.146908	0.00775234	9.91832e-05	0.000124938	0.0283059	0.0661139	9.22504e-05	0.227722	0.000157649	0.238702	0.00527926	0.000185706	0.000269895	0.000196212	0.00014132	0.0128176	0.0301207	0.231721	0.00158607	0.00170484
37	0.0126904	0.0065483	0.00648848	0.000735874	0.323932	0.0131142	0.0419857	0.0041589	0.0269541	0.0213203	0.0191358	0.0205757	0.0113925	0.0110558	0.00624987	0.00344983	0.0269206	0.0364119	0.0650882	0.341792
38	0.0170321	0.000968006	0.0331646	0.0290416	0.00157655	0.120068	0.0690548	0.00618443	0.298431	0.00341827	0.0056239	0.0596558	0.000901811	0.0974014	0.214795	0.0161012	0.0209234	0.00377889	0.00106262	0.00081656
39	0.0625093	0.00882618	0.00135869	0.000975455	0.0720589	0.00637895	0.00101709	0.0419173	0.00135304	0.297256	0.216742	0.001794	0.00729452	0.0337308	0.00126176	0.0936111	0.0822377	0.0474275	0.00261671	0.0196332
40	0.103911	0.000946704	0.0084258	0.00325831	0.00181818	0.015484	0.00036603	0.0152869	0.00846824	0.0237883	0.00197504	0.0125458	0.658961	0.000670699	0.0057393	0.0506648	0.0561818	0.0259045	0.00350329	0.00210007
41	0.255787	0.00260571	0.00352582	0.00336019	0.0499589	0.0361085	0.0005744	0.109519	0.000967293	0.0666177	0.0121152	0.000868952	0.0526203	0.000938004	0.00714582	0.0219711	0.0512461	0.289515	0.0286149	0.00593934
42	0.114015	0.00838079	0.000256928	0.00145404	0.000987064	0.793616	0.000199613	0.00422817	0.00224841	0.0017828	0.000989946	0.00787026	0.00100706	0.00029471	0.00272902	0.0502223	0.00654189	0.00203677	0.000601573	0.000537792
43	0.0302088	0.00792594	0.000101791	6.77123e-05	0.0938043	0.00387332	6.2416e-05	0.274676	0.000122346	0.330359	0.0392615	0.000810581	0.000184732	0.000312675	8.71588e-05	0.00596189	0.0126503	0.182819	0.00433305	0.0123778
44	0.029064	0.00663503	0.00194158	0.000828299	0.311368	0.00510004	0.000597757	0.0655958	0.00102315	0.173059	0.0600427	0.00140755	0.00133593	0.000970531	0.000990162	0.0218792	0.0192502	0.0639676	0.151628	0.0833157
45	0.107076	0.00415779	0.0154569	0.0225273	0.0152765	0.0208206	0.016209	0.0286831	0.0690146	0.0419365	0.0184016	0.0374606	0.246612	0.0316682	0.096142	0.0673293	0.0448099	0.0597111	0.00932743	0.0473793
46	0.0312067	0.00394645	0.000595443	0.000218884	0.0089724	0.00388885	0.000358863	0.393201	0.000380245	0.142466	0.0269796	0.000508978	0.00184453	0.00130632	0.000369212	0.00651604	0.0278438	0.347142	0.00102665	0.00122907
47	0.186293	0.0823201	0.00436698	0.000365549	0.0372121	0.0914396	0.000287951	0.0693598	0.00054836	0.111225	0.0978747	0.000511538	0.00902198	0.00148734	0.000354759	0.11292	0.0496988	0.142229	0.00181054	0.000672759
48	0.0267617	0.00338078	0.00128716	0.000811706	0.175892	0.0138548	0.00157489	0.0615382	0.00175025	0.112372	0.0106852	0.00144956	0.0054466	0.00132093	0.00112259	0.0141173	0.0516244	0.0842305	0.218424	0.212355
49	0.015215	0.00317307	0.000166518	0.000135578	0.019836	0.00163019	0.000134301	0.408415	0.000203615	0.242115	0.0289769	0.000337413	0.00122113	0.000676364	0.000194919	0.00629482	0.00924737	0.258762	0.00108992	0.002174
50	0.0413564	0.00449715	0.00080383	0.000254711	0.00307213	0.0030598	0.000258798	0.378857	0.000413169	0.0953543	0.0238674	0.000895342	0.00223409	0.00137706	0.000380781	0.00720578	0.0389637	0.395541	0.000997458	0.000609367
51	0.0302304	0.00717295	0.000116509	6.58208e-05	0.0952614	0.00375562	5.35801e-05	0.28397	0.00012103	0.315192	0.036111	0.000777283	0.000167993	0.000302381	8.30793e-05	0.00593393	0.0127602	0.189655	0.00463589	0.0136341
52	0.265048	0.02459	0.00155657	0.00165724	0.00695291	0.137725	0.0365256	0.0106722	0.00239548	0.0291355	0.12418	0.0772543	0.0027801	0.00328071	0.00192356	0.0471659	0.161757	0.0131785	0.0487677	0.00345313
53	0.40906	0.0276292	0.00194216	0.00102109	0.00630721	0.103974	0.000224657	0.0285674	0.000399137	0.0147435	0.011039	0.00419575	0.00469533	0.00206778	0.000273911	0.195641	0.106347	0.0789628	0.00145812	0.00145029
54	0.00866484	0.00255613	0.000128115	0.000107085	0.0108009	0.000942866	8.93894e-05	0.432799	0.000185127	0.234794	0.0287768	0.000168545	0.0010536	0.000652593	0.000150227	0.00516035	0.00645551	0.265677	0.000355431	0.000482893
55	0.0296605	0.00291862	0.000850431	0.000537541	0.216853	0.0180331	0.00107582	0.0422796	0.00143649	0.109967	0.00814373	0.00118125	0.00645274	0.000959289	0.000855761	0.0122837	0.0496373	0.0919358	0.181633	0.223305
56	0.0405573	0.00821061	0.00011091	7.11617e-05	0.0920739	0.00652554	0.00010142	0.266501	0.000178686	0.312533	0.0358164	0.000771122	0.000739041	0.000464468	0.000127906	0.0086374	0.0167964	0.193112	0.00435116	0.0123209
57	0.0173814	0.00588347	0.0082978	0.000710591	0.311609	0.0123571	0.06416	0.00676532	0.0284266	0.0297627	0.0187823	0.0186872	0.00947958	0.0198482	0.00916206	0.0061877	0.030922	0.0400152	0.0455686	0.315993
58	0.0268366	0.000987723	0.0446539	0.0370186	0.00202212	0.0924757	0.0583876	0.00788408	0.254897	0.00471316	0.00594661	0.0877989	0.00879905	0.111268	0.188686	0.0367086	0.0240143	0.00427565	0.00106151	0.00156382
59	0.011757	0.0025644	0.000200835	0.00013392	0.0187454	0.00133672	0.000149622	0.359017	0.000239506	0.294219	0.0368659	0.000283759	0.00108473	0.000802472	0.000159408	0.0123572	0.0117654	0.246224	0.000732859	0.00136052
60	0.197245	0.00441465	0.000790508	0.000647158	0.00415286	0.00560054	0.000531124	0.0236967	0.000583623	0.0556919	0.0250375	0.011729	0.000946679	0.000809828	0.000545707	0.130793	0.418648	0.110967	0.00615344	0.00101437
61	0.0781601	0.00116782	0.0270743	0.054866	0.0132612	0.00762501	0.0139733	0.0390641	0.0370148	0.0925948	0.0482045	0.0349346	0.00583626	0.0996125	0.0350707	0.0504714	0.158124	0.159403	0.00770011	0.0358411
62	0.0927937	0.000697009	0.0285442	0.0557524	0.0175297	0.0240416	0.0299828	0.0311076	0.193504	0.0419809	0.0244192	0.0183048	0.00550767	0.0699388	0.156988	0.0570002	0.0283901	0.0402633	0.0108118	0.0724425
63	0.0364356	0.00247331	0.00134772	0.0010748	0.00383244	0.0178548	0.000934576	0.00640264	0.0144739	0.00869873	0.00495234	0.11474	0.00179599	0.0160295	0.0126347	0.440016	0.30166	0.0102879	0.00238269	0.00197201
64	0.0394088	0.00413272	0.00108216	0.0270439	0.00432828	0.750791	0.000962948	0.00705702	0.0346953	0.00844711	0.00466422	0.0362626	0.0133157	0.00168992	0.0231961	0.0201392	0.00815647	0.00969308	0.00278393	0.00214903
65	0.0895761	0.000644661	0.0277609	0.0521672	0.0180264	0.024743	0.0304752	0.029797	0.196825	0.0409362	0.0250319	0.0190005	0.00555577	0.0707847	0.158954	0.0579147	0.0277177	0.0394863	0.0111232	0.0734801
66	0.0368879	0.00671188	0.01225	0.000582106	0.275016	0.00721565	0.00179826	0.13056	0.00261091	0.264383	0.0862251	0.00163672	0.00437964	0.00206248	0.00224828	0.0114517	0.0175089	0.0748572	0.0119452	0.0496694
67	0.0832866	0.00191596	0.301957	0.340754	0.00357789	0.0147698	0.000967044	0.00586976	0.0235734	0.0171196	0.00357331	0.0581538	0.00184245	0.0434164	0.0223479	0.0144552	0.0501284	0.00790026	0.00206417	0.0023273
68	0.0975157	0.00740128	0.00800936	0.00035204	0.00272962	0.00742067	0.000426439	0.258617	0.000688799	0.038	0.0254762	0.000843389	0.000980429	0.0118773	0.000650132	0.022091	0.110514	0.404546	0.000940762	0.000919091
69	0.0226852	0.00568965	0.000155844	0.000102706	0.0729546	0.00338499	9.50806e-05	0.308254	0.000175434	0.310646	0.0449973	0.000607899	0.00215721	0.000495678	0.000133309	0.00582973	0.0103553	0.200391	0.00312772	0.0077608
70	0.01839	0.000963483	0.0286743	0.0267361	0.00176901	0.107397	0.0601341	0.00601901	0.309635	0.00365424	0.00680174	0.0566733	0.00103295	0.0915176	0.235644	0.0175094	0.021277	0.00383386	0.00111592	0.00122188
71	0.0881749	0.000667263	0.0672891	0.0466028	0.00133048	0.0590505	0.0337989	0.00255005	0.108104	0.00973156	0.00899873	0.113565	0.0590891	0.0978013	0.0804352	0.165771	0.0523567	0.00318164	0.000736627	0.000764151
72	0.00976916	0.00253662	0.000147258	0.000127797	0.00899389	0.00111282	0.000102078	0.443597	0.000197239	0.214296	0.0275722	0.000171468	0.00116537	0.000671738	0.000172753	0.00486956	0.00683899	0.277003	0.000366802	0.000287575
73	0.0257645	0.00484193	0.00209917	0.00349265	0.0549102	0.00979333	0.00424751	0.102599	0.00380768	0.281994	0.110199	0.00619879	0.00464055	0.219133	0.00318436	0.0204914	0.0280937	0.101997	0.00529433	0.00721881
74	0.146691	0.027071	0.000999281	0.000283631	0.0276028	0.0478693	0.000996555	0.151389	0.00194992	0.154058	0.0689196	0.00051957	0.00392646	0.00187388	0.00114707	0.0428337	0.0591878	0.256152	0.00256934	0.00396039
75	0.0105066	0.00269034	0.000141985	0.000114245	0.0149243	0.00115609	0.000120626	0.40196	0.000209975	0.259166	0.0336113	0.000219479	0.00104097	0.000701366	0.000139717	0.00703669	0.00794634	0.256755	0.000566588	0.000992086
76	0.034626	0.00132318	0.000314326	0.000233726	0.073284	0.00287597	0.000185482	0.136814	0.000352098	0.601404	0.0588271	0.000383875	0.00197395	0.000452345	0.000273409	0.00494476	0.00784082	0.0685309	0.00294052	0.00241997
77	0.0106965	0.00266923	0.000161175	0.00011808	0.00856558	0.00119556	0.000101615	0.444736	0.000204379	0.208281	0.0260273	0.000281734	0.00125963	0.000636995	0.000174877	0.00471606	0.00780753	0.281626	0.00044469	0.000296576
78	0.521303	0.0139633	0.00104918	0.000539595	0.00192233	0.195078	0.000169248	0.0162002	0.000218405	0.00656971	0.0085579	0.00509058	0.00117978	0.00031983	0.000210364	0.128829	0.0493785	0.0463755	0.00244903	0.000596541
79	0.0277014	0.00318203	0.00124392	0.000833033	0.200035	0.0153328	0.00243454	0.0520131	0.00240012	0.107199	0.00958584	0.00174524	0.00639134	0.00120751	0.0011888	0.0127716	0.0475226	0.0831246	0.199394	0.224693
80	0.248641	0.325558	0.00589658	0.00135488	0.00590859	0.0790922	0.000886658	0.00829732	0.00188695	0.0111751	0.00586988	0.00245734	0.0191502	0.00204532	0.00178904	0.235741	0.0100181	0.0282815	0.00290544	0.00304517
81	0.0338115	0.00602846	0.00198639	0.000404934	0.432674	0.00697168	0.00119564	0.0651153	0.000948488	0.22414	0.0582038	0.00105942	0.00195319	0.000961343	0.00123113	0.0066351	0.0134374	0.0580728	0.0140567	0.0711123
82	0.108335	0.00853698	0.000250899	0.00177768	0.000992566	0.79582	0.000193752	0.00429884	0.00299899	0.00179645	0.00108488	0.00855882	0.0011742	0.000298639	0.00322639	0.0499352	0.00715229	0.00243917	0.000593137	0.000535908
83	0.468478	0.0176454	0.00318484	0.00144749	0.00197812	0.198929	0.00154012	0.016418	0.000510447	0.0077903	0.0131501	0.0193187	0.00126316	0.000581442	0.000403558	0.131085	0.0653555	0.0450827	0.00444773	0.00139149
84	0.0398369	0.00273912	0.00101718	0.000373147	0.254598	0.00418038	0.000383004	0.0886675	0.000968106	0.415391	0.0692148	0.00127023	0.00172474	0.00182586	0.00170073	0.00811014	0.0134888	0.0640529	0.00696452	0.0234933
85	0.00999036	0.000566959	0.000358688	0.000211988	0.0362332	0.00399637	0.000157136	0.136019	0.000275044	0.562801	0.176511	0.000379263	0.00226266	0.000770682	0.000325541	0.00127419	0.00416967	0.0571733	0.00401901	0.0025056
86	0.0829153	0.00676507	0.177457	0.344941	0.0126555	0.0449772	0.00393718	0.0195472	0.0244076	0.0315886	0.0124896	0.0437409	0.00983658	0.0336727	0.0220655	0.0354731	0.0508237	0.0285005	0.00733216	0.00687442
87	0.114053	0.00834088	0.000256895	0.00148128	0.000987525	0.793632	0.00020209	0.00421008	0.00228905	0.00177674	0.000985481	0.00790675	0.00102604	0.000295543	0.00275818	0.0500852	0.00652501	0.00204411	0.000605613	0.000538769
88	0.144083	0.0340664	0.00141266	0.000287659	0.0237072	0.0384446	0.00105832	0.162206	0.00148733	0.136094	0.0660191	0.000735156	0.00395323	0.00247271	0.000769183	0.059614	0.0631616	0.25355	0.00225784	0.00461904
89	0.57176	0.00982612	0.00508834	0.00246436	0.00324699	0.140123	0.000196712	0.0220329	0.0004064	0.0071633	0.00668584	0.00483153	0.00267318	0.000709334	0.00024358	0.133752	0.0411457	0.044926	0.00175376	0.000970717
90	0.0928837	0.00696153	0.000289587	0.00319301	0.00117028	0.812794	0.000210692	0.00500193	0.00541391	0.00303122	0.00130019	0.0091817	0.00188715	0.000357602	0.00503705	0.0402809	0.00625258	0.00351561	0.000676498	0.000561296
91	0.0567542	0.00609818	0.00135921	0.000569226	0.404357	0.0270651	0.00274044	0.0420236	0.0019681	0.136885	0.0328563	0.0017306	0.00465144	0.00149013	0.00196084	0.0111298	0.0239479	0.0633117	0.0390925	0.140008
92	0.0896368	0.00668414	0.000282834	0.00349279	0.000937019	0.819643	0.000217263	0.00374659	0.00582873	0.00193598	0.00109944	0.00935628	0.00194348	0.000282879	0.00540414	0.0402156	0.00578613	0.00235974	0.00064827	0.000499038
93	0.35156	0.0122771	0.00374546	0.00257827	0.00865161	0.0645616	0.00112468	0.0611669	0.00233074	0.0193152	0.0151927	0.00921939	0.00563374	0.00231942	0.00200015	0.0886496	0.215287	0.105107	0.00420683	0.0250731
94	0.106068	0.0010218	0.00818387	0.00321392	0.00219219	0.015938	0.000402739	0.0164346	0.0083478	0.0254763	0.00220009	0.0121565	0.652125	0.000901971	0.0057063	0.0508372	0.0562291	0.0269544	0.0035032	0.00210722
95	0.0842679	0.00737982	0.0011799	0.000826284	0.0321702	0.0123099	0.000606079	0.34353	0.0014345	0.198223	0.0201332	0.00152222	0.00323663	0.00129256	0.000959736	0.0103896	0.0190765	0.223255	0.0272286	0.0109783
96	0.614337	0.00723064	0.00790993	0.00406132	0.00557312	0.103799	0.000551889	0.0151444	0.00142409	0.00867629	0.00601687	0.00565438	0.00358285	0.00120615	0.000853123	0.145351	0.0372834	0.0274001	0.00195977	0.00198477
97	0.0407416	0.00839924	0.000368764	0.00013963	0.081986	0.00516241	0.000125984	0.292683	0.000372223	0.295536	0.0338146	0.000685402	0.000708916	0.000363472	0.000158976	0.00677948	0.0137181	0.199099	0.00481389	0.0143434
98	0.265504	0.0611123	0.00124651	0.000843984	0.00543141	0.0442263	0.000374287	0.0286874	0.000496235	0.0112102	0.0126783	0.00347047	0.00808587	0.00360022	0.00039406	0.283688	0.172486	0.094353	0.00073286	0.00137854
99	0.534933	0.0124752	0.00160521	0.000885705	0.00179573	0.176728	0.000154927	0.0177664	0.00029587	0.00602921	0.00724087	0.00501506	0.00177906	0.000415924	0.000226479	0.129527	0.0493753	0.0510133	0.00208348	0.000654735
100	0.345518	0.00832702	0.000910699	0.000929861	0.00976181	0.155596	0.000678634	0.0192546	0.000917554	0.0292359	0.0069972	0.002399	0.0776304	0.00171335	0.000750374	0.110924	0.0868787	0.138493	0.00169388	0.00139067
101	0.0244524	0.00590553	0.000364913	0.000186261	0.0742027	0.00370648	0.000508473	0.286578	0.000613644	0.316079	0.0811955	0.000718782	0.00134551	0.00058353	0.000489292	0.00603494	0.0141879	0.16996	0.00351859	0.00936869
102	0.010341	0.000449959	0.000351527	0.000201381	0.0347356	0.00406971	0.000160831	0.132313	0.000276605	0.569538	0.17524	0.000405458	0.00230401	0.000798022	0.000339666	0.00136713	0.00417705	0.0563283	0.00413457	0.00246877
103	0.0715249	0.00833393	0.00132827	0.000277115	0.0045563	0.00431154	0.00074508	0.272231	0.000540217	0.0789294	0.0463366	0.000531332	0.00122582	0.00279219	0.000356935	0.00976056	0.0595675	0.434446	0.000978893	0.00122634
104	0.284962	0.00868393	0.00439009	0.0246649	0.0137601	0.205645	0.00202029	0.0145175	0.00402855	0.0386226	0.0344375	0.00485814	0.00393102	0.0347077	0.00314483	0.216934	0.0449519	0.0215339	0.00697548	0.0272306
105	0.0149167	0.000502975	0.000319335	0.000206608	0.0416787	0.00409489	0.000154549	0.126719	0.000261467	0.584315	0.150456	0.00036503	0.00241508	0.000609395	0.00030133	0.00174459	0.00454519	0.0595159	0.00441948	0.00245883
106	0.0507268	0.00452029	0.00142624	0.0189913	0.00337011	0.76532	0.00177413	0.00568629	0.0283854	0.00632448	0.00354483	0.0303595	0.00949558	0.00270097	0.0239543	0.0243102	0.00762278	0.00763579	0.00219709	0.00165373
107	0.0334582	0.00537099	0.00176684	0.00025924	0.335702	0.00242326	0.000199221	0.111159	0.000399236	0.294045	0.0602237	0.000550377	0.000641171	0.000371303	0.000324385	0.00536179	0.0101869	0.0846561	0.00919217	0.0437096
108	0.0881749	0.000667263	0.0672891	0.0466028	0.00133048	0.0590505	0.0337989	0.00255005	0.108104	0.00973156	0.00899873	0.113565	0.0590891	0.0978013	0.0804352	0.165771	0.0523567	0.00318164	0.000736627	0.000764151
109	0.109664	0.000888144	0.0208661	0.0237623	0.00780068	0.0218071	0.0115353	0.0206866	0.0448948	0.034207	0.0156367	0.0215435	0.3923	0.0294935	0.0363242	0.0592138	0.0768179	0.0467427	0.00950044	0.0163151
110	0.0174935	0.00295081	0.000262286	0.000146891	0.0782977	0.00669437	0.000145859	0.194447	0.00024985	0.450164	0.101681	0.000538362	0.00660909	0.000463079	0.000245236	0.00297783	0.00729168	0.119155	0.0049555	0.00523189
111	0.0895761	0.000644661	0.0277609	0.0521672	0.0180264	0.024743	0.0304752	0.029797	0.196825	0.0409362	0.0250319	0.0190005	0.00555577	0.0707847	0.158954	0.0579147	0.0277177	0.0394863	0.0111232	0.0734801
112	0.479003	0.0214113	0.00478477	0.00285625	0.00396355	0.0802524	0.000323482	0.0150348	0.000732187	0.00549659	0.0056186	0.00448033	0.002401	0.00187851	0.000463185	0.225591	0.0995206	0.0447653	0.000670071	0.000752795
113	0.331551	0.0987886	0.00149926	0.000482537	0.0200974	0.0504823	0.000580135	0.0612412	0.00082242	0.0805429	0.020771	0.00116076	0.0050189	0.00144995	0.000715519	0.128757	0.0289854	0.16424	0.00157043	0.00124319
114	0.0969814	0.00479556	0.00177238	0.00280877	0.00747056	0.0673841	0.00113188	0.162388	0.0133289	0.151207	0.0490604	0.0048441	0.00214676	0.022534	0.0123294	0.0380449	0.145832	0.208986	0.00270077	0.00425302
115	0.0593897	0.012627	0.000175147	0.00017295	0.0741893	0.00945598	0.000194946	0.258566	0.000461658	0.276339	0.0327759	0.00066576	0.00162589	0.000462638	0.000134133	0.0171224	0.0321515	0.200738	0.00489266	0.0178598
116	0.279552	0.0658889	0.00124356	0.000818269	0.00469262	0.0464579	0.000215745	0.0236994	0.000420204	0.00963864	0.0107979	0.0034033	0.00324064	0.00351808	0.000313381	0.28478	0.170842	0.0887567	0.000654496	0.00106655
117	0.0636689	0.00665367	0.000713723	0.00064921	0.0894717	0.00981758	0.000388153	0.0903308	0.00137862	0.451665	0.142821	0.0010734	0.00496046	0.00372186	0.00107606	0.0257504	0.0298425	0.0608015	0.00565696	0.00955884
118	0.00880441	0.00251285	0.000127038	0.000112754	0.00969116	0.000942904	8.71029e-05	0.43601	0.000183209	0.232104	0.0280717	0.00018406	0.00109332	0.000640519	0.000155089	0.00510653	0.00643919	0.267036	0.000355464	0.000342296
119	0.411547	0.0204822	0.00260513	0.00209519	0.0211364	0.175063	0.000896201	0.0284201	0.00185045	0.0363353	0.0418589	0.00362596	0.0058909	0.00300077	0.00128639	0.12555	0.043652	0.0672268	0.00416682	0.00331002
120	0.109347	0.0248663	0.232388	0.0971257	0.00573123	0.0666434	0.00190391	0.0134794	0.00895073	0.013989	0.0165622	0.227148	0.00369638	0.0141693	0.00719209	0.0636125	0.0427472	0.0413575	0.00420525	0.00488589
121	0.28429	0.0415247	0.00135388	0.00125859	0.00455218	0.0660116	0.000225242	0.0234923	0.000621971	0.00866824	0.00904624	0.00820733	0.00167059	0.00365573	0.000356283	0.27566	0.183673	0.0835119	0.000737844	0.00148181
122	0.291066	0.0483671	0.00110507	0.000958643	0.0056419	0.046629	0.000333938	0.0278005	0.000449249	0.0138963	0.00996594	0.00346928	0.00315005	0.00351123	0.000385013	0.269117	0.17597	0.0962568	0.000677637	0.00124917
123	0.104419	0.000950455	0.00838918	0.00322597	0.00188636	0.0155474	0.000366703	0.0152403	0.00839765	0.0236931	0.00196507	0.0126069	0.65802	0.000671859	0.005907	0.0507971	0.05605	0.0261472	0.00349662	0.00222267
124	0.168471	0.0129538	0.00339402	0.00465696	0.0213647	0.135866	0.00229301	0.04188	0.00306034	0.0459028	0.0148966	0.00441305	0.0768874	0.00459591	0.00321335	0.0681384	0.119951	0.255086	0.00641225	0.00656386
125	0.409059	0.0297467	0.00127503	0.00108345	0.0057788	0.129417	0.000246938	0.0193225	0.000356576	0.013421	0.0150807	0.00511288	0.00314221	0.00227122	0.00029396	0.201543	0.099215	0.0602686	0.00189063	0.00147441
126	0.0158979	0.00532433	0.00463248	0.000585009	0.414887	0.0145822	0.0273289	0.00736998	0.0173431	0.0321302	0.0217371	0.0137873	0.00774491	0.00770117	0.00440246	0.00384247	0.0232349	0.0336885	0.0479561	0.295824
127	0.101063	0.00699403	0.000266285	0.00271436	0.000944209	0.807828	0.000235961	0.0038393	0.00450677	0.0018843	0.00131793	0.00878906	0.00152643	0.000263611	0.00428357	0.0432432	0.00662278	0.00233596	0.000817097	0.000523823
128	0.573137	0.00980026	0.0038475	0.00190771	0.00223981	0.16016	0.000144489	0.0133126	0.000287313	0.0049248	0.00641769	0.00488493	0.00181275	0.000330393	0.000281108	0.138998	0.0412502	0.0340291	0.00166442	0.000569952
129	0.0122894	0.00324066	0.000167481	0.000118453	0.0192377	0.00142967	0.000141796	0.390648	0.000224199	0.25793	0.0361582	0.000250377	0.000968869	0.000636192	0.000149603	0.00640976	0.00802129	0.259478	0.000769381	0.00173016
130	0.100327	0.00696644	0.000263628	0.00250761	0.000903319	0.812111	0.000217179	0.00375581	0.00393287	0.001788	0.000973341	0.00828443	0.00145159	0.000292636	0.0040415	0.0430272	0.00595478	0.00212275	0.00058899	0.000490109
131	0.0622542	0.00320431	0.000695882	0.000687134	0.00552199	0.0161828	0.000570347	0.290065	0.00141749	0.148691	0.00927187	0.012109	0.00174057	0.00922974	0.00115755	0.0598539	0.149798	0.223685	0.00183363	0.00203116
132	0.102847	0.00105049	0.00828349	0.00312752	0.00206253	0.0154803	0.000459302	0.0158553	0.00849046	0.0258043	0.00219199	0.0122525	0.656758	0.000813299	0.00583068	0.0505473	0.0566977	0.0257716	0.00357414	0.00210226
133	0.0523581	0.00563678	0.00113642	0.000282999	0.00282114	0.00288273	0.000381935	0.315307	0.000325754	0.0810068	0.030477	0.00057426	0.00171657	0.00220879	0.00034906	0.00791406	0.0530906	0.440142	0.000826648	0.000560621
134	0.0509887	0.00198548	0.000770046	0.000681375	0.00292251	0.0290642	0.000528793	0.240529	0.00244197	0.148286	0.0123703	0.0133321	0.00120074	0.0178755	0.00229446	0.0679384	0.227702	0.17599	0.00179299	0.00130597
135	0.19883	0.00550306	0.00106754	0.000871764	0.00376459	0.025504	0.000760518	0.0550078	0.000949054	0.0269508	0.0299065	0.0126265	0.00220241	0.00122314	0.000818416	0.0730798	0.384601	0.168369	0.00320683	0.00475809
136	0.198035	0.00997696	0.00121066	0.00130223	0.0100359	0.173053	0.00101626	0.0745333	0.00367181	0.16192	0.171109	0.00159566	0.0213136	0.00155202	0.00147147	0.0486025	0.0189878	0.0902395	0.00507478	0.00529929
137	0.636341	0.00286308	0.0129825	0.00769485	0.00331201	0.102218	0.000215512	0.0136043	0.00128682	0.00338863	0.00366688	0.0064314	0.00212029	0.000926745	0.000763885	0.15865	0.02732	0.014169	0.000815964	0.00122878
138	0.10748	0.00855814	0.00676929	0.000373517	0.00324549	0.00946612	0.000445449	0.240656	0.000814296	0.0363	0.0261793	0.000886982	0.00105441	0.0119767	0.000687962	0.0226377	0.118202	0.402422	0.00086377	0.000981748
139	0.434418	0.0195195	0.00076238	0.000789274	0.00265593	0.171003	0.000149391	0.0189472	0.000274278	0.00754689	0.00941893	0.00857119	0.00435034	0.00112043	0.000237406	0.167638	0.0843242	0.064871	0.00233893	0.00106343
140	0.0560442	0.00330758	0.00304861	0.00280847	0.0391089	0.015039	0.102475	0.11296	0.0557469	0.203357	0.0324152	0.0179631	0.0661772	0.011614	0.0739633	0.0425294	0.0367969	0.043796	0.0455559	0.035293
141	0.0231006	0.00497689	0.000639769	0.000590859	0.0350115	0.00467019	0.000782989	0.306972	0.000991895	0.226615	0.0398478	0.00157384	0.00177565	0.0829294	0.000501916	0.0100827	0.0246232	0.228138	0.00215968	0.00401552
142	0.103818	0.055182	0.00218362	0.00104515	0.027313	0.0270348	0.000788985	0.0842019	0.00147388	0.163313	0.0652171	0.00170176	0.0049735	0.0158193	0.00139816	0.126142	0.106135	0.205082	0.00344744	0.00372979
143	0.219796	0.0149704	0.00231383	0.00106499	0.0549232	0.0701574	0.00309388	0.0871695	0.00384418	0.115331	0.0169141	0.00306876	0.0467917	0.00974345	0.00177939	0.110965	0.0798839	0.147427	0.00474061	0.00602149
144	0.0119522	0.00105017	0.000674137	0.000492782	0.207129	0.01316	0.00044276	0.210812	0.000626942	0.331263	0.0445402	0.000719094	0.0513393	0.000682938	0.000631497	0.00254266	0.00399593	0.110049	0.00691131	0.000984556
145	0.0118837	0.00105183	0.000676058	0.000492684	0.207517	0.0131232	0.000443495	0.210524	0.000613844	0.331405	0.0445756	0.000718712	0.0512228	0.000681953	0.000631224	0.00255188	0.00398534	0.109972	0.00691116	0.00101937
146	0.23109	0.0615791	0.0524877	0.00952367	0.00497812	0.0771989	0.00113854	0.0393477	0.00217193	0.0108535	0.0242064	0.13722	0.00253658	0.00189986	0.00153997	0.130763	0.0986411	0.0946037	0.00246533	0.0157543
147	0.0313251	0.00778477	0.000101081	5.71671e-05	0.0950793	0.00397306	7.42844e-05	0.275728	0.000113372	0.321893	0.0393592	0.000808117	0.00015906	0.000298013	8.904e-05	0.00606701	0.0124468	0.188025	0.0042309	0.0123877
148	0.0298075	0.00689578	0.00010612	6.36614e-05	0.102076	0.00418267	5.95996e-05	0.276469	0.000120004	0.322649	0.0364737	0.000754507	0.0011266	0.000314341	9.13558e-05	0.00567437	0.0129208	0.183588	0.00433324	0.0122948
149	0.0251231	0.00495088	0.000295628	0.000178813	0.00529199	0.00166648	0.000229552	0.390605	0.000252033	0.156097	0.0236795	0.000602603	0.00315291	0.000713516	0.000299495	0.0073202	0.0251906	0.353092	0.000771907	0.000488026
150	0.102913	0.00106583	0.00809616	0.00306651	0.00255016	0.0153953	0.000656673	0.0169138	0.00843365	0.0294434	0.00265743	0.0118965	0.648669	0.000897464	0.00567601	0.0512279	0.0578723	0.0265093	0.00366184	0.0023979
151	0.0379555	0.00630489	0.0019782	0.000286581	0.4102	0.00414463	0.000264421	0.0715082	0.000466544	0.247902	0.0614771	0.000491299	0.000964678	0.000455512	0.00044623	0.00617006	0.0123505	0.0632912	0.014084	0.0592584
152	0.0372556	0.00588851	0.000839489	0.000358857	0.158618	0.00437562	0.000227268	0.220988	0.000355693	0.303454	0.0372011	0.000813006	0.00058578	0.000453016	0.000510378	0.00655811	0.012128	0.152663	0.0165008	0.0402261
153	0.00960099	0.000429644	0.000350226	0.000207532	0.0341619	0.00395286	0.000163363	0.137408	0.000274284	0.562473	0.175751	0.000378933	0.00225135	0.000765925	0.000319082	0.00169676	0.00412485	0.0595224	0.00389172	0.00227623
154	0.0699342	0.0146745	0.000916973	0.000260938	0.00948077	0.00648207	0.00117487	0.258554	0.000974782	0.10863	0.0520449	0.000482027	0.00119317	0.00187123	0.000379648	0.0116004	0.0521432	0.403335	0.00194546	0.00392178
155	0.195782	0.00812047	0.000545783	0.000483637	0.150326	0.0400454	0.000361799	0.117923	0.000698265	0.184665	0.0589848	0.000594224	0.00146984	0.000573186	0.00574828	0.023594	0.00429561	0.128437	0.0338035	0.0435498
156	0.0466163	0.00288276	0.00139515	0.00134258	0.0449137	0.0257045	0.056373	0.0915179	0.0546489	0.230484	0.0312125	0.00983818	0.193339	0.0172684	0.0448716	0.0248092	0.0338069	0.0269453	0.0354955	0.0265341
157	0.294182	0.00190575	0.0120782	0.0121087	0.0430046	0.0281607	0.000933162	0.119515	0.00142782	0.0631335	0.0169537	0.00125926	0.0830384	0.00115393	0.00412134	0.0224078	0.0247699	0.242113	0.0142976	0.0134347
158	0.158808	0.0322003	0.000436453	0.000465003	0.0343219	0.0312097	0.00030023	0.200438	0.00115819	0.166313	0.0169363	0.000747576	0.00986077	0.00104239	0.000569841	0.0415234	0.0915816	0.190453	0.00636234	0.0152721
159	0.0496007	0.000551617	0.000359803	0.000298381	0.0821426	0.00201085	0.000260006	0.114519	0.000428197	0.642388	0.0308172	0.000398888	0.0011107	0.000415217	0.000302378	0.00616629	0.00593556	0.0596929	0.00175792	0.000844141
160	0.0858992	0.0122773	0.00121827	0.00026715	0.0122489	0.00928263	0.00118273	0.2223	0.00106578	0.109273	0.0528794	0.00054079	0.0010482	0.00268582	0.000579805	0.0140484	0.0728347	0.396476	0.00133634	0.00255507
161	0.274478	0.0451271	0.000492931	0.000635989	0.00491109	0.0582944	0.000172656	0.0229778	0.000249183	0.0091843	0.00886484	0.00389452	0.00205458	0.00410502	0.000199745	0.291816	0.185516	0.0857636	0.00040803	0.000853076
162	0.117194	0.00848567	0.000253158	0.00142749	0.000990621	0.788454	0.00020143	0.00441469	0.00219864	0.00183896	0.00101846	0.00790504	0.000989675	0.000287692	0.00268131	0.0510421	0.00715717	0.0022748	0.000643712	0.000541475
163	0.142841	0.00735858	9.6692e-05	0.000111748	0.0269162	0.066947	9.00077e-05	0.230804	0.000161501	0.235255	0.00562745	0.000185627	0.000270467	0.000191989	0.000141056	0.013432	0.0306567	0.235943	0.00140826	0.00156066
164	0.274168	0.0436515	0.000453624	0.000628774	0.00490191	0.0575786	0.000175081	0.0225805	0.00024789	0.00854654	0.0085342	0.00386127	0.00171769	0.00391631	0.000192665	0.296412	0.186392	0.084892	0.000371958	0.000778312
165	0.0324071	0.0106636	0.00251122	0.000553283	0.457201	0.00903858	0.00122487	0.0545481	0.00107433	0.152662	0.0607982	0.00121531	0.00181155	0.00123398	0.00090458	0.0079659	0.0236733	0.0518556	0.017864	0.110793
166	0.495679	0.0160629	0.000810263	0.00070595	0.00187012	0.199478	0.000159174	0.017993	0.000259931	0.00848073	0.0098943	0.00610541	0.00125569	0.00036818	0.000238259	0.134308	0.0557365	0.0469313	0.00300695	0.000656783
167	0.14183	0.00727552	9.60652e-05	0.000125919	0.0265402	0.0670649	9.26968e-05	0.231359	0.00020742	0.235105	0.00559006	0.000240648	0.000289872	0.000198768	0.000142254	0.0135808	0.0307314	0.236595	0.00141925	0.00151571
168	0.233035	0.0259886	0.00114756	0.000796431	0.025861	0.121	0.000415751	0.0485877	0.00069345	0.0669562	0.0274735	0.00121656	0.0577449	0.00260531	0.000558248	0.11495	0.0947529	0.17308	0.00173238	0.00140484
169	0.0755094	0.00104655	0.0268451	0.0544528	0.0143884	0.0158966	0.0258313	0.0301626	0.0969074	0.0695388	0.0406961	0.0362849	0.00815883	0.131432	0.0770915	0.0600445	0.0971512	0.0858092	0.00806612	0.044687
170	0.0415907	0.00261312	0.000773441	0.000559556	0.311436	0.0277068	0.000701311	0.0296415	0.00112002	0.102583	0.00796979	0.00088655	0.00882077	0.000903858	0.000782354	0.0116998	0.0428906	0.0865715	0.0904302	0.230319
171	0.153019	0.0452627	0.153802	0.0199928	0.00411891	0.096773	0.00110022	0.0170121	0.00159989	0.00869756	0.0226946	0.253007	0.00230997	0.00154718	0.00130289	0.0947127	0.0502518	0.0632884	0.00242615	0.00708094
172	0.0101009	0.00253283	0.000170165	0.000128584	0.00900204	0.00121796	0.00010161	0.444104	0.000193815	0.210863	0.0276559	0.000177221	0.00116538	0.00063571	0.00017676	0.0046511	0.00707515	0.279361	0.000404001	0.000282004
173	0.139482	0.0109503	0.00011358	0.000116748	0.0307317	0.0586558	0.000159638	0.231517	0.000400706	0.223512	0.0115732	0.000218916	0.000755827	0.00027882	0.000175816	0.0161573	0.0375746	0.230628	0.00235891	0.00463928
174	0.592647	0.00604959	0.00701953	0.00331215	0.00397444	0.0998622	0.000224051	0.00893931	0.000536142	0.0027043	0.00253742	0.00459621	0.00644022	0.000474057	0.000446357	0.217841	0.0269425	0.0134989	0.000837629	0.00111688
175	0.259234	0.0394912	0.00242569	0.000777226	0.0126084	0.0661616	0.000652214	0.00509088	0.00126953	0.00684687	0.00326184	0.00233841	0.02677	0.00118347	0.00109627	0.536495	0.0193508	0.0073906	0.00200762	0.00554849
176	0.0159041	0.00348407	0.000192476	0.000159368	0.0323148	0.00172457	0.000133889	0.340217	0.000234095	0.314575	0.0358044	0.000383434	0.000849108	0.000704599	0.00016447	0.0140258	0.0120379	0.222196	0.00139779	0.00349671
177	0.121256	0.059195	0.000828218	0.000605275	0.0629165	0.0336519	0.000604198	0.110365	0.00131932	0.0823634	0.0164132	0.000843802	0.0112697	0.00122765	0.00125617	0.0159904	0.0548415	0.420175	0.00296058	0.00191762
178	0.274491	0.0430615	0.000556761	0.000628283	0.00518523	0.0568201	0.000163782	0.0219266	0.000259483	0.00835768	0.0082727	0.00370937	0.00198262	0.00375763	0.000201047	0.307443	0.180272	0.0815792	0.000387186	0.00094457
179	0.0120502	0.00051142	0.000573976	0.000268657	0.0402637	0.004139	0.000173504	0.140548	0.000313547	0.538295	0.188014	0.000383704	0.00226098	0.00086552	0.000406986	0.00147183	0.00495411	0.0578668	0.00403147	0.00260714
180	0.150641	0.00776587	0.000101451	0.00010664	0.0267425	0.0669076	8.60519e-05	0.229454	0.000155115	0.229389	0.00567156	0.000185736	0.000266744	0.000205346	0.000162074	0.0124446	0.0307603	0.235979	0.00140061	0.00157535
181	0.395805	0.14233	0.000988523	0.000561474	0.0185041	0.0290845	0.000560077	0.0405216	0.000947796	0.0635079	0.00273588	0.000956227	0.0014826	0.000881546	0.000711556	0.11073	0.0135614	0.173598	0.00133357	0.00119835
182	0.0607575	0.00312058	0.00120317	0.000993578	0.00485385	0.0706698	0.000948728	0.177647	0.00555362	0.154356	0.0398021	0.0054386	0.00224196	0.0117304	0.00522598	0.0423441	0.227657	0.18121	0.00204839	0.00219902
183	0.187553	0.0120348	0.000844793	0.000877333	0.0541097	0.0326095	0.000315796	0.144693	0.000614115	0.133296	0.00899647	0.000650701	0.0274676	0.00191379	0.00184395	0.05693	0.088274	0.217906	0.0137693	0.0153007
184	0.146559	0.00763883	0.000139871	0.000123935	0.0291254	0.066311	0.000100846	0.225869	0.000175021	0.241329	0.00526404	0.000202508	0.000319649	0.000207799	0.000207059	0.0127211	0.0298629	0.230106	0.00177519	0.0019617
185	0.0389733	0.00652208	0.00198647	0.000272183	0.404161	0.00413405	0.000230435	0.0729156	0.000480656	0.251048	0.0623472	0.0004825	0.000861716	0.000442852	0.000473341	0.0063184	0.0117412	0.0645112	0.0135488	0.0585486
186	0.178905	0.0716564	0.0015693	0.000941932	0.0533443	0.058463	0.000590317	0.0503488	0.0017479	0.153958	0.0920284	0.00127913	0.0147603	0.00322041	0.000823126	0.10924	0.099373	0.0910132	0.0126815	0.00405695
