481	20
1	0.00931848	0.00286405	0.000888956	0.00603401	0.200909	0.00083611	0.0182941	0.0408907	0.0036667	0.112436	0.0384215	0.00258993	0.000477	0.0020912	0.0121009	0.0179436	0.00154595	0.0348348	0.0979633	0.395894
2	0.0652353	0.00275842	0.0243841	0.0047457	0.00314817	0.0661816	0.00382077	0.00508829	0.134488	0.0115872	0.00844204	0.0632886	0.0140189	0.0157446	0.167137	0.383613	0.0147561	0.00643942	0.00127335	0.00384954
3	0.0985541	0.000563165	0.309857	0.114633	0.000967731	0.0200735	0.0310521	0.00208883	0.0806758	0.0164517	0.00202237	0.111338	0.0224242	0.0453711	0.0172827	0.0971741	0.020195	0.00295334	0.000228142	0.00609474
4	0.036529	0.00428062	0.00760669	0.00610252	0.00453842	0.00707057	0.00800213	0.00526945	0.0113133	0.00780985	0.0118223	0.0113639	0.00345234	0.0339867	0.0105848	0.239025	0.567852	0.0129166	0.00566921	0.00480486
5	0.0190466	0.00205004	0.00041784	0.000906679	0.0297752	0.000456353	0.000488841	0.339748	0.00206842	0.36125	0.0463146	0.000697012	0.00169878	0.000525809	0.00174399	0.00410651	0.0101987	0.171791	0.000264604	0.00645088
6	0.0248331	0.00223194	0.0219397	0.00428667	0.0443718	0.00346147	0.0512114	0.0439284	0.0572924	0.120492	0.00407074	0.445864	0.00155857	0.0378255	0.0361712	0.0486034	0.00709243	0.0232375	0.00125711	0.0202714
7	0.0155221	0.00441114	0.00284926	0.00668036	0.017789	0.00185875	0.00343413	0.0717896	0.00641814	0.693048	0.0867206	0.00346595	0.00117831	0.00546007	0.00381108	0.00477583	0.0253406	0.0389493	0.00135356	0.00514417
8	0.0381834	0.00340819	0.00770481	0.0106329	0.00203611	0.0170973	0.00542465	0.0111855	0.0125075	0.0239075	0.0041846	0.0199147	0.778883	0.00853144	0.00848501	0.0205273	0.0111699	0.0112794	0.000771299	0.0041658
9	0.0379519	0.000865607	0.0380196	0.0915259	0.00526378	0.00927273	0.0303405	0.00106404	0.400767	0.00727718	0.00246556	0.0738841	0.000339957	0.170112	0.074219	0.0267904	0.0141199	0.0125111	0.000204555	0.00300499
10	0.0333315	0.0173017	0.0130192	0.0107526	0.0059682	0.00568848	0.00694107	0.0160707	0.0141316	0.0274999	0.0155021	0.0119177	0.102577	0.0105202	0.00993972	0.0794485	0.576469	0.0303068	0.00335718	0.0092568
11	0.0986778	0.000563046	0.3097	0.114659	0.000963324	0.0200944	0.0310302	0.00208836	0.0806275	0.0164833	0.00202638	0.11134	0.0224201	0.0453363	0.0173105	0.0971968	0.0202285	0.00295833	0.000224657	0.00607202
12	0.0041166	0.00683158	0.000734451	0.00108814	0.85119	0.00101576	0.00101861	0.00720318	0.004511	0.054927	0.0120638	0.00421584	0.000369196	0.00126495	0.0013428	0.00208876	0.0023754	0.00594066	0.00315241	0.0345501
13	0.103608	0.00295897	0.0408343	0.0694465	0.00140123	0.0355055	0.00746707	0.00259795	0.065381	0.00475361	0.0021906	0.0356101	0.444622	0.0443321	0.0370364	0.0879696	0.00763205	0.00416983	0.000455638	0.00202742
14	0.0138749	0.00365773	0.00213776	0.00447481	0.0565414	0.00354633	0.00308823	0.102475	0.00859124	0.494481	0.187948	0.007682	0.00144278	0.0301159	0.0140251	0.00889796	0.0106592	0.0320543	0.00655452	0.00775197
15	0.0028004	0.00285039	0.000904125	0.000934764	0.000798346	0.00299689	0.000886408	0.00177445	0.32356	0.00673858	0.00134134	0.00565876	0.000400572	0.00545658	0.626451	0.00386892	0.00195707	0.00155354	0.000383947	0.00868385
16	0.752301	0.00123859	0.00184137	0.00196753	0.00155477	0.195589	0.00904706	0.00242935	0.00209521	0.00287902	0.00203969	0.00217178	0.000945271	0.00227082	0.00178608	0.00397119	0.0032125	0.00296572	0.00052635	0.00916703
17	0.0175159	0.00117418	0.0292935	0.0163149	0.00146042	0.13226	0.0311318	0.00200088	0.0369342	0.0026453	0.00863662	0.646585	0.000712074	0.00184625	0.0156341	0.048646	0.00273367	0.00255866	0.000469965	0.00144642
18	0.162019	0.00389461	0.0333004	0.00674538	0.00541579	0.0243836	0.00441543	0.00733498	0.0102001	0.0468104	0.0361006	0.0346146	0.00524117	0.0199616	0.0119801	0.526843	0.0415239	0.0132509	0.0011918	0.0047726
19	0.32204	0.00152148	0.00195151	0.00227309	0.0023348	0.00207061	0.00194178	0.0661907	0.0542146	0.013811	0.00332739	0.00320772	0.202991	0.00288847	0.00250494	0.180106	0.0822418	0.0409969	0.00075946	0.0126268
20	0.0356982	0.00117567	0.00154787	0.11905	0.00145782	0.0201672	0.00579986	0.0323828	0.218445	0.00270802	0.0262111	0.0865141	0.000928506	0.234664	0.0208175	0.0342976	0.0674901	0.088568	0.000506668	0.00156997
21	0.0416503	0.0146868	0.00358296	0.00480658	0.00226329	0.00421204	0.00341083	0.0181614	0.381911	0.0421307	0.0123789	0.0328811	0.00341773	0.0178473	0.36271	0.0240064	0.0211122	0.00481905	0.000735709	0.00327569
22	0.044329	0.00133882	0.166034	0.629114	0.0012527	0.0147268	0.00830353	0.00603581	0.0206358	0.00877159	0.00204112	0.0228961	0.00318825	0.0280106	0.00579201	0.0188725	0.0065052	0.0049184	0.000462921	0.00677135
23	0.0155306	0.00998449	0.0037228	0.0479889	0.00212325	0.0236011	0.00224674	0.0760962	0.056978	0.0865756	0.0192392	0.00627945	0.399343	0.0169051	0.0341321	0.0196264	0.0342882	0.133822	0.000702488	0.0108151
24	0.0912263	0.00179364	0.112914	0.305942	0.00177187	0.0196901	0.00586956	0.00606853	0.15126	0.0186591	0.0049927	0.0467707	0.000256655	0.0982061	0.0337591	0.0393523	0.0338378	0.0211626	0.000159091	0.00630861
25	0.0168445	0.000999436	0.00228913	0.00458436	0.129166	0.0063425	0.00303924	0.266678	0.0179879	0.209671	0.0883883	0.00299604	0.000527807	0.0350533	0.0539504	0.00925956	0.0432954	0.0400433	0.0515212	0.0173631
26	0.0235124	0.00701156	0.0215602	0.038357	0.0458679	0.0125626	0.0251884	0.23152	0.0454569	0.134432	0.0129551	0.0563313	0.00160286	0.111644	0.0450084	0.00651135	0.0131455	0.133772	0.00263836	0.0309227
27	0.164306	0.00110023	0.036179	0.179104	0.00163158	0.0143567	0.00638967	0.00197553	0.328997	0.0114928	0.00207373	0.0309565	0.000680609	0.0957613	0.0882942	0.0225795	0.00848629	0.0035702	0.000436771	0.00162791
28	0.0727771	0.000486774	0.0284774	0.0789038	0.0838021	0.00382793	0.0278919	0.0135941	0.14016	0.110284	0.0165176	0.0356462	0.00346142	0.0644974	0.105301	0.0527408	0.0386684	0.0416324	0.0259627	0.0553674
29	0.0195888	0.06473	0.00643397	0.00646773	0.0131694	0.00659091	0.00586205	0.0346896	0.00826423	0.0148216	0.0114398	0.00765597	0.00853717	0.00941232	0.00620744	0.014709	0.0443319	0.0155716	0.663971	0.0375459
30	0.0888215	0.0027096	0.115901	0.312048	0.00257402	0.0183133	0.00534364	0.0055148	0.14735	0.0192833	0.00552023	0.0476884	0.000320492	0.10122	0.0318417	0.0363731	0.0287646	0.0221841	0.000178769	0.00804923
31	0.00195061	0.00498884	0.000657223	0.000791465	0.906346	0.000651998	0.00067354	0.00215627	0.00456648	0.0295118	0.007582	0.00444242	0.00036174	0.000962662	0.000826477	0.00163211	0.00125382	0.0021359	0.000422049	0.028087
32	0.00887275	0.00203192	0.00381571	0.00090025	0.00688372	0.0029825	0.00407782	0.429598	0.00238478	0.0396893	0.0164606	0.00443201	0.000792894	0.0021809	0.000579293	0.00528192	0.0308184	0.433447	0.000215786	0.00455466
33	0.0213189	0.00241551	0.00095875	0.00202588	0.0619065	0.00210186	0.00105699	0.258831	0.00552695	0.438922	0.0699611	0.00156496	0.00175783	0.00366411	0.00567165	0.00597846	0.00926762	0.0945504	0.00464004	0.0078788
34	0.139709	0.00747111	0.0351449	0.0260607	0.0127271	0.0148112	0.354572	0.0178377	0.0286311	0.0192477	0.0111689	0.0951847	0.0754649	0.025886	0.0169918	0.0500469	0.0281224	0.0181799	0.00401416	0.0187282
35	0.00662477	0.000992795	0.732742	0.115917	0.000866246	0.0170189	0.00701974	0.0011612	0.00942701	0.00549998	0.00123413	0.0484849	0.00412198	0.00479959	0.00569017	0.0182812	0.0130035	0.00192282	0.000538464	0.00465376
36	0.00343929	0.000228361	0.00429779	0.00034132	0.000297022	0.965442	0.000277752	0.000423912	0.00162773	0.00143755	0.000411754	0.00317092	0.000144273	0.00127974	0.0003324	0.0138119	0.00200145	0.000495905	0.000191997	0.000347094
37	0.0144006	0.00278176	0.00196403	0.00169145	0.000946876	0.0031456	0.00353492	0.0104375	0.0020221	0.0133278	0.00214878	0.00397854	0.909459	0.00183807	0.000749302	0.00330723	0.010667	0.00979314	0.000283833	0.00352289
38	0.0137739	0.0025919	0.00155949	0.00154546	0.000571331	0.0031023	0.00350251	0.0103274	0.00158644	0.0132729	0.00214909	0.00396491	0.913128	0.00176371	0.000682163	0.00307023	0.0100979	0.00969877	0.000203285	0.00340822
39	0.00578811	0.00210176	0.00605982	0.00121668	0.263051	0.000692079	0.015895	0.00686289	0.00184845	0.00880396	0.00863447	0.00177662	0.000307045	0.000950986	0.001826	0.00693271	0.00824992	0.00384461	0.00847955	0.646678
40	0.748133	0.00833656	0.00398199	0.00539495	0.00287362	0.0520357	0.00205213	0.00678734	0.00200653	0.00509158	0.00382613	0.0046002	0.000880476	0.00676412	0.00137321	0.0963916	0.0215029	0.0244847	0.000694585	0.00278885
41	0.0245979	0.00313404	0.0274279	0.0173592	0.00429135	0.0665865	0.0249125	0.00543048	0.0255979	0.010989	0.00628232	0.675895	0.00227256	0.00775728	0.0141485	0.0606709	0.0116505	0.00594495	0.000914827	0.00413639
42	0.0020601	0.000344304	0.00416052	0.000301775	0.000311102	0.96626	0.000455173	0.000404224	0.00159965	0.00142727	0.000364287	0.00345745	0.000148304	0.00151318	0.000347424	0.0132847	0.00204593	0.000625956	0.000134573	0.000753616
43	0.0449893	0.000677792	0.132417	0.0501597	0.00585674	0.00720811	0.137473	0.00170917	0.0504275	0.00449901	0.00149792	0.370187	0.00743554	0.0455673	0.0481453	0.0499523	0.0317719	0.00621275	0.000248855	0.00356423
44	0.0220039	0.000885875	0.000487185	0.000951204	0.0411107	0.000474078	0.000537382	0.293697	0.0036316	0.447836	0.0630271	0.000698631	0.00231107	0.000882125	0.00263183	0.00457056	0.00835975	0.100019	0.000370494	0.00551451
45	0.00816506	0.00164121	0.00279596	0.00228902	0.00355808	0.00196275	0.883847	0.00964362	0.00322153	0.00362213	0.00202442	0.00650328	0.0022556	0.00311348	0.00326903	0.0135238	0.0384215	0.00380736	0.000619282	0.00571556
46	0.0129729	0.00787417	0.000810795	0.000834082	0.00148835	0.00605685	0.000615663	0.52497	0.00113304	0.205356	0.15651	0.0066281	0.000352632	0.00106134	0.000900147	0.00802002	0.00801345	0.0552128	0.0002788	0.000910948
47	0.00177049	0.000203861	0.0039956	0.000290069	0.000275171	0.968953	0.000268277	0.000390536	0.00159074	0.00137021	0.00034077	0.00315006	0.000139302	0.00122758	0.000285707	0.0129386	0.00192669	0.000485355	0.000115137	0.000282961
48	0.0063251	0.00145755	0.00157306	0.0019513	0.00152455	0.00173762	0.899587	0.00943161	0.0023869	0.00281473	0.00189167	0.00369092	0.00191766	0.00244461	0.00174657	0.0124653	0.041376	0.00305968	0.000604617	0.00201349
49	0.764633	0.00753597	0.00344773	0.000582204	0.00270829	0.0315473	0.000309522	0.00605294	0.000506926	0.00403385	0.00211701	0.0037118	0.000162027	0.00607121	0.000467658	0.114235	0.0235371	0.0276213	0.000313597	0.000405281
50	0.00724555	0.00274917	0.000618765	0.000890514	0.077081	0.000824032	0.000649486	0.0788975	0.00225601	0.614147	0.155473	0.00275257	0.000277101	0.0110865	0.00213098	0.00461253	0.00541239	0.0231562	0.00409911	0.00564074
51	0.0264548	0.00201367	0.11537	0.0365194	0.00503551	0.0620731	0.0381137	0.00540978	0.0342325	0.0108877	0.00625148	0.534219	0.00533198	0.0150821	0.018993	0.0558701	0.0147556	0.00670331	0.00133679	0.00534704
52	0.0425723	0.00228949	0.0218902	0.0529348	0.00960847	0.0115878	0.0604343	0.00627217	0.443448	0.0103995	0.00516007	0.0436222	0.00321646	0.123913	0.0965905	0.0210375	0.0116629	0.0116444	0.0111519	0.0105634
53	0.00350573	0.00110693	0.00128882	0.00174683	0.00134551	0.0012622	0.00117636	0.700503	0.0017664	0.00974392	0.00213359	0.00181028	0.000875597	0.00175195	0.00131806	0.00315733	0.110396	0.153346	0.000440322	0.00132399
54	0.0338737	0.00937191	0.00340388	0.00701632	0.0199388	0.00982865	0.00351209	0.256331	0.0100308	0.341931	0.0513001	0.00975684	0.00189651	0.00710957	0.0085904	0.053282	0.0416887	0.120444	0.00193332	0.0087609
55	0.029444	0.00290778	0.0216791	0.0344241	0.00568899	0.00932597	0.0191987	0.0110985	0.551388	0.0171643	0.00715949	0.0323304	0.00507468	0.0481597	0.151726	0.022182	0.0118594	0.00945456	0.00334487	0.00638989
56	0.00719038	0.00079932	0.733518	0.104453	0.00222809	0.0181362	0.00786166	0.00161977	0.00904722	0.00621354	0.000985543	0.0494122	0.00466335	0.00410636	0.00622033	0.0178514	0.0149427	0.00211903	0.000335794	0.00829583
57	0.0204773	0.00129294	0.00148254	0.00202343	0.130268	0.00190551	0.00130839	0.621467	0.00279669	0.0149687	0.0912659	0.00231316	0.000893321	0.00238811	0.00213348	0.00666557	0.0113944	0.0824502	0.000591866	0.00191352
58	0.0388764	0.00802708	0.000898491	0.000782274	0.00430222	0.00155893	0.000953343	0.246532	0.0012399	0.0489095	0.00710711	0.00108339	0.000271262	0.00131966	0.000553467	0.00188974	0.0275801	0.603901	0.000142411	0.00407103
59	0.00827604	0.018655	0.00343169	0.00367273	0.00362681	0.00325283	0.00326895	0.201923	0.00440214	0.16415	0.0366063	0.272263	0.0181693	0.00387458	0.00409491	0.00741388	0.0711777	0.167069	0.00111534	0.00355724
60	0.00264072	0.00292993	0.000855568	0.000886183	0.00073631	0.00307299	0.000798766	0.00240562	0.299859	0.00709946	0.0014748	0.00583428	0.000338549	0.00563599	0.649417	0.00411545	0.00210732	0.00145407	0.000337209	0.00800019
61	0.0347576	0.00117743	0.00151901	0.00169537	0.134047	0.00628172	0.0322807	0.0609648	0.0340259	0.0196493	0.00766577	0.00207411	0.000952458	0.0152135	0.0375184	0.0535521	0.0774475	0.0889774	0.00596306	0.384237
62	0.0715221	0.00150155	0.00401196	0.0362767	0.0246087	0.0131382	0.123095	0.00266492	0.339652	0.00443539	0.00496822	0.0274983	0.00461784	0.140722	0.10386	0.0143153	0.0034261	0.00370227	0.0393192	0.0366637
63	0.0703682	0.00178973	0.00632092	0.00326662	0.0141004	0.0533061	0.0397278	0.102215	0.00564631	0.0663363	0.017548	0.0799458	0.00123096	0.0549902	0.0443944	0.172083	0.159307	0.0578053	0.0118195	0.0377983
64	0.144456	0.00972329	0.0335693	0.0409921	0.00929997	0.00664174	0.010871	0.0102401	0.131242	0.057005	0.0163157	0.0634608	0.00199933	0.141096	0.15404	0.129152	0.024299	0.0129569	0.000578084	0.0020622
65	0.00185871	0.000209698	0.00411444	0.00029957	0.00029354	0.968619	0.000272912	0.000390779	0.0015914	0.00137113	0.000345828	0.00316522	0.000142854	0.00123432	0.000307588	0.012953	0.00192865	0.000484917	0.000115155	0.000301193
66	0.00466612	0.0113317	0.0111894	0.0261892	0.375625	0.00213324	0.0397974	0.00297643	0.143514	0.0036037	0.00222673	0.00268305	0.000914241	0.0306813	0.0597035	0.0142734	0.0128698	0.00372161	0.00076054	0.25114
67	0.0060427	0.0167441	0.0616203	0.042343	0.0277883	0.00271217	0.030898	0.00415047	0.0953535	0.00583447	0.0168409	0.11175	0.00140617	0.134722	0.198044	0.0484673	0.0047769	0.017937	0.000874162	0.171694
68	0.120212	0.0291417	0.00103597	0.0056002	0.000680731	0.0104079	0.000845461	0.0851434	0.00124357	0.00915398	0.017102	0.0135761	0.00768832	0.00885295	0.00302986	0.31726	0.177601	0.190034	0.000279347	0.00111177
69	0.055234	0.0150826	0.0991798	0.0387159	0.00984169	0.0119651	0.0534208	0.03002	0.084964	0.0123296	0.0017227	0.0586071	0.267579	0.0700885	0.056655	0.0460152	0.0372789	0.0131885	0.000338851	0.0377722
70	0.00589042	0.0021902	0.00672521	0.000573528	0.238854	0.000628896	0.0128511	0.00591107	0.000763418	0.000884562	0.00464822	0.00072311	0.00025296	0.000671746	0.000702695	0.00656802	0.00906836	0.001102	0.00557623	0.695414
71	0.0100001	0.00204702	0.0018438	0.000558152	0.00422363	0.00361199	0.00176793	0.452457	0.00266809	0.0323245	0.0132384	0.00211931	0.000194377	0.00197174	0.000420494	0.00245151	0.0209653	0.44345	0.000133893	0.00355259
72	0.0143229	0.00245174	0.0022598	0.00228484	0.001059	0.00359503	0.00357747	0.0118382	0.00210526	0.0215839	0.00275648	0.00421277	0.895943	0.00251737	0.00145488	0.00340307	0.0102572	0.0104415	0.000265821	0.00366991
73	0.00362345	0.000447389	0.00406123	0.000290308	0.000330945	0.965627	0.000270555	0.000444562	0.0015577	0.00137485	0.000341121	0.00313611	0.00014379	0.00123433	0.000299688	0.0137222	0.0019498	0.000514169	0.000271166	0.000359771
74	0.00337655	0.00195381	0.000406716	0.000644832	0.010402	0.000466918	0.00062639	0.0024769	0.000702571	0.000972036	0.00110945	0.000825093	0.000279774	0.000821491	0.000615952	0.00147472	0.00267648	0.000943918	0.960642	0.0085827
75	0.00781103	0.00111382	0.728714	0.107211	0.00127945	0.0149243	0.00715465	0.00145868	0.0118939	0.00681035	0.00176085	0.0520344	0.00533214	0.00572286	0.00615691	0.0190118	0.0136707	0.00233567	0.00041866	0.00518453
76	0.0413812	0.485212	0.00920387	0.00594291	0.00788297	0.00646225	0.00605371	0.0315998	0.00877974	0.0302948	0.0167954	0.00889405	0.00505669	0.0077718	0.00838415	0.0352125	0.189669	0.0855405	0.00268449	0.00717836
77	0.0073358	0.00180713	0.00167704	0.00198229	0.00442359	0.00190788	0.888467	0.00994081	0.00285338	0.00351353	0.0019936	0.00447127	0.00216592	0.00240696	0.00318586	0.0122204	0.0379751	0.0033071	0.000717178	0.00764784
78	0.00336709	0.000285136	0.00437772	0.000291103	0.000327169	0.96577	0.000313286	0.000490225	0.00170479	0.00142083	0.000434021	0.00313262	0.000155471	0.00122573	0.000286752	0.0133284	0.00211438	0.00050362	0.000135591	0.000336036
79	0.014698	0.00387083	0.00269196	0.0053388	0.0425696	0.00345074	0.00368094	0.0603907	0.00629709	0.555318	0.180276	0.00761304	0.00179237	0.0389668	0.0188214	0.00813191	0.00970907	0.0266367	0.00272165	0.00702412
80	0.0136741	0.00227525	0.00161756	0.00152337	0.000598162	0.00306045	0.00356138	0.0104812	0.00174386	0.0132669	0.00213715	0.00400071	0.913953	0.00178622	0.000712195	0.00285598	0.00978289	0.00933015	0.000203623	0.00343564
81	0.0142906	0.00421917	0.00215802	0.00346868	0.0073752	0.00338032	0.00198556	0.616998	0.00352191	0.0369553	0.0157244	0.00523206	0.00153328	0.00375332	0.00231209	0.0111387	0.0998517	0.160011	0.00114254	0.00494784
82	0.0276087	0.00180316	0.192482	0.653847	0.00222418	0.00546489	0.00722376	0.00719733	0.00786134	0.00947611	0.00321885	0.0148755	0.0010979	0.0219646	0.00373062	0.0158363	0.00862714	0.00634473	0.00102782	0.00808766
83	0.0218466	0.00306074	0.00289087	0.00405703	0.0195069	0.00334022	0.131275	0.0431814	0.00441047	0.261739	0.0202031	0.0207509	0.00179489	0.251343	0.0682503	0.0229149	0.0256208	0.021792	0.0376009	0.0344201
84	0.093371	0.00194283	0.0178968	0.0590988	0.00344764	0.0166834	0.0236328	0.00294494	0.393383	0.00665491	0.0184226	0.0728058	0.00174349	0.159712	0.0795941	0.0171382	0.0108192	0.0163297	0.00150138	0.00287759
85	0.098686	0.00134095	0.110402	0.280448	0.000916462	0.0196485	0.00491305	0.00713799	0.157723	0.0164436	0.00413162	0.0476029	0.000171574	0.0854238	0.0399964	0.0524405	0.051693	0.0153577	8.74341e-05	0.00543556
86	0.0182406	0.000603308	0.00371667	0.0100449	0.190025	0.0115923	0.00262074	0.204256	0.0227109	0.261742	0.0588218	0.00314892	0.000300332	0.0122442	0.0221387	0.0109312	0.0225144	0.0982204	0.0306155	0.015512
87	0.0122938	0.00273601	0.00463297	0.0130949	0.0134965	0.00512371	0.0120013	0.0864162	0.0588913	0.116996	0.019292	0.0133632	0.00148867	0.0935929	0.476003	0.0191733	0.0119678	0.0251514	0.00624092	0.00804356
88	0.0818133	0.00104433	0.0346085	0.126039	0.00321416	0.0145778	0.0213803	0.000857829	0.362102	0.00876768	0.00258536	0.0595487	0.000344045	0.153891	0.0843301	0.0237391	0.0123045	0.00692374	0.000195644	0.00173229
89	0.0632581	0.00131125	0.00245938	0.111687	0.00174871	0.00218784	0.041075	0.0319627	0.328841	0.153203	0.0572149	0.0123397	0.00107962	0.0256914	0.102331	0.00442754	0.0132528	0.0242808	0.000594729	0.0210537
90	0.57589	0.042476	0.00413677	0.00313587	0.00868731	0.0679822	0.000945339	0.0111748	0.00457565	0.00580651	0.0170972	0.00594265	0.000757146	0.0046173	0.00286986	0.160155	0.0447657	0.0285579	0.00324692	0.00718022
91	0.0730148	0.00169385	0.0028477	0.0329627	0.00472794	0.00580095	0.0303723	0.0104715	0.150357	0.0225394	0.0154218	0.0052023	0.00280796	0.036095	0.46604	0.0477471	0.0626032	0.0116507	0.00203903	0.0156045
92	0.0907462	0.00197817	0.119685	0.315015	0.00208044	0.0217087	0.00544023	0.00558031	0.146647	0.0174247	0.00485365	0.0474598	0.00067502	0.0956324	0.0312286	0.0369694	0.0292352	0.0213362	0.00016958	0.00613417
93	0.00774876	0.00174746	0.0010825	0.0072199	0.233897	0.00117332	0.0251915	0.0293661	0.00232607	0.0894361	0.0332524	0.00330983	0.000536647	0.00200818	0.0121311	0.0186985	0.00164086	0.0379811	0.0817258	0.409527
94	0.419666	0.0131151	0.0155157	0.138541	0.00854267	0.0223198	0.00753771	0.0254837	0.0362576	0.0314085	0.0130965	0.0186099	0.00607533	0.0348482	0.0176742	0.0628999	0.03496	0.0782024	0.00731486	0.00793086
95	0.0727771	0.000486774	0.0284774	0.0789038	0.0838021	0.00382793	0.0278919	0.0135941	0.14016	0.110284	0.0165176	0.0356462	0.00346142	0.0644974	0.105301	0.0527408	0.0386684	0.0416324	0.0259627	0.0553674
96	0.0688875	0.0194726	0.00333036	0.00393761	0.118754	0.00331481	0.0258219	0.00554191	0.00461561	0.0245801	0.00457311	0.0239782	0.0018271	0.176625	0.0197177	0.0138283	0.0242502	0.00685706	0.188154	0.261933
97	0.0137901	0.00199936	0.00146826	0.000514275	0.00485173	0.00330339	0.00144103	0.464612	0.00204095	0.0356235	0.0146698	0.00165973	0.000179366	0.00233256	0.00042687	0.00206118	0.0157753	0.427989	0.00010655	0.00515497
98	0.0313448	0.00281665	0.37837	0.253375	0.00305351	0.0266098	0.000563935	0.00332817	0.075902	0.000838697	0.000626817	0.127739	0.00268038	0.0407538	0.00588305	0.028931	0.00820818	0.00584962	0.000148399	0.00297687
99	0.043787	0.000901026	0.0345268	0.086127	0.00147072	0.0418038	0.00148201	0.204563	0.13886	0.0535621	0.0243527	0.0693839	0.00510177	0.0298861	0.0466897	0.0362638	0.0884226	0.0907848	0.000518429	0.00151249
100	0.00608079	0.00268658	0.00290126	0.0188498	0.00266052	0.00275416	0.0724472	0.00447273	0.00423845	0.0056202	0.0581755	0.0300796	0.00143872	0.763166	0.00306918	0.00530937	0.00498984	0.00588524	0.00143565	0.00373931
101	0.00723724	0.0125321	0.00133689	0.00198375	0.00162373	0.0105282	0.00170377	0.0129887	0.33937	0.00717258	0.0780124	0.00499754	0.00101462	0.0119801	0.42958	0.0408999	0.0305157	0.00365625	0.000602818	0.00226392
102	0.0992639	0.0013253	0.110085	0.279007	0.00089994	0.0195726	0.00484583	0.00711681	0.158372	0.0164325	0.00409646	0.0476445	0.000175056	0.0848841	0.0403779	0.0529822	0.0522578	0.0151451	8.77989e-05	0.00542773
103	0.0570942	0.00173555	0.156972	0.308336	0.00187175	0.157183	0.00556578	0.00526796	0.0317362	0.00607404	0.00307195	0.0207686	0.0059662	0.141923	0.00828122	0.0745197	0.00389423	0.00635447	0.000898516	0.00248551
104	0.00300537	0.0060999	0.000766165	0.000968881	0.862523	0.000742898	0.00092729	0.00573007	0.00469523	0.045913	0.0119298	0.00458423	0.000350342	0.00118715	0.00105789	0.00184949	0.00162422	0.00394001	0.00198646	0.0401184
105	0.0183859	0.00202059	0.00240817	0.056991	0.00249551	0.00333969	0.00329992	0.120571	0.274435	0.0366625	0.0264114	0.0156924	0.00132475	0.213702	0.126645	0.0433898	0.00465817	0.0443332	0.000702176	0.00253248
106	0.0815672	0.00484759	0.0313421	0.0188588	0.00441158	0.0107684	0.00993632	0.00647732	0.0714442	0.0208564	0.00774636	0.0441549	0.00473395	0.0921363	0.403013	0.155672	0.017196	0.00915335	0.000747964	0.00493664
107	0.0125092	0.0096885	0.00118752	0.00621448	0.208749	0.00135917	0.00660776	0.0652314	0.0113545	0.324396	0.0690663	0.00187078	0.000560898	0.00207725	0.003304	0.00600353	0.0029064	0.0333086	0.0603467	0.173258
108	0.0251526	0.00438728	0.0120637	0.00816253	0.00583877	0.736215	0.00726544	0.0111449	0.0125192	0.0434512	0.00693293	0.0132154	0.00333444	0.0375319	0.00867127	0.0275132	0.0126334	0.013581	0.00265558	0.00773011
109	0.0116893	0.002867	0.00157685	0.000560864	0.00380403	0.00431206	0.00152064	0.418882	0.00223412	0.0313267	0.011862	0.00187443	0.000235596	0.00201529	0.000519924	0.00230469	0.0156639	0.482981	0.000142855	0.00362656
110	0.0189932	0.00052618	0.00313167	0.0093067	0.171728	0.011049	0.00319244	0.214054	0.0214866	0.256063	0.0732482	0.00378818	0.000295536	0.0164346	0.0295941	0.012008	0.0273598	0.0815955	0.0324098	0.0137351
111	0.370202	0.00589184	0.0238577	0.00315853	0.00342309	0.390294	0.00126388	0.0068803	0.00217491	0.00621264	0.00297913	0.0023721	0.000804092	0.00253329	0.00169222	0.135754	0.0181519	0.00631995	0.00873333	0.00730113
112	0.00490899	0.000491355	0.733964	0.109903	0.000632855	0.0100277	0.0081034	0.0010225	0.0116468	0.00746447	0.000717978	0.0524873	0.00634365	0.00214495	0.00685917	0.0177489	0.0169112	0.001356	0.000257733	0.00700768
113	0.00619432	0.00185065	0.00243476	0.0164829	0.534146	0.00288306	0.00362361	0.00456951	0.00353952	0.00792063	0.0974512	0.00374684	0.00134129	0.00369229	0.00356915	0.019788	0.0309576	0.0057968	0.171505	0.0785069
114	0.0313448	0.00281665	0.37837	0.253375	0.00305351	0.0266098	0.000563935	0.00332817	0.075902	0.000838697	0.000626817	0.127739	0.00268038	0.0407538	0.00588305	0.028931	0.00820818	0.00584962	0.000148399	0.00297687
115	0.0369847	0.000654877	0.0971237	0.0451991	0.00481799	0.00843005	0.151215	0.00131965	0.0503204	0.00337351	0.00127076	0.409406	0.00493074	0.0457347	0.0551874	0.0425364	0.0303441	0.00675807	0.00025373	0.00413956
116	0.0235876	0.0325689	0.0312262	0.0111286	0.0121004	0.00584662	0.0689529	0.0762708	0.0527897	0.0140321	0.00643881	0.0191575	0.258575	0.0241008	0.0432979	0.0431227	0.072383	0.0403519	0.00251403	0.161554
117	0.00687579	0.00680756	0.00383393	0.00199038	0.200922	0.00121931	0.143252	0.00995086	0.00397017	0.0159694	0.00861992	0.0149747	0.000784658	0.0039712	0.00388366	0.00838101	0.0114077	0.00715148	0.0107415	0.535293
118	0.0430839	0.000698784	0.000892859	0.0203673	0.00129585	0.000936381	0.00576321	0.101555	0.063583	0.50138	0.0351844	0.00123041	0.000412306	0.0238885	0.0397609	0.0209954	0.0157928	0.116886	0.000450347	0.00584252
119	0.00890156	0.00153134	0.00237864	0.00267389	0.00226589	0.00243601	0.0050029	0.00467928	0.00321836	0.022014	0.0130877	0.00580422	0.00406206	0.00555809	0.00253645	0.104935	0.795669	0.0103141	0.000586928	0.00234418
120	0.0130051	0.0209532	0.00295055	0.0062768	0.184209	0.00310603	0.0056091	0.0552331	0.0382409	0.249456	0.176892	0.00505521	0.00143538	0.00512593	0.00359213	0.00741052	0.00578153	0.0227038	0.0273481	0.165615
121	0.0648573	0.00090927	0.296307	0.0597154	0.00147936	0.00662129	0.023068	0.0076051	0.112728	0.0237125	0.00927386	0.143115	0.00681901	0.0595082	0.0196288	0.0928167	0.0588238	0.00899413	0.00033542	0.00368174
122	0.0236552	0.00395097	0.054828	0.264203	0.0060526	0.0170057	0.00994067	0.0947991	0.0498132	0.0187893	0.00735524	0.0435033	0.00482282	0.0724259	0.0440505	0.0493882	0.134719	0.090719	0.00107789	0.00890015
123	0.0338463	0.0040985	0.000593586	0.00144868	0.0143713	0.00059797	0.000587787	0.342792	0.000828155	0.246382	0.00741261	0.000894708	0.000319311	0.00073657	0.000811237	0.00804695	0.0128664	0.299415	0.000236151	0.023715
124	0.0469904	0.00170421	0.0655976	0.185903	0.00288083	0.114771	0.00242842	0.00369937	0.146648	0.017324	0.00334856	0.0168022	0.00159345	0.00360594	0.353033	0.0197624	0.00499707	0.00522859	0.000958698	0.00272228
125	0.0828746	0.0259346	0.000736349	0.0121767	0.00549014	0.01642	0.000618868	0.208935	0.000858289	0.139893	0.0349672	0.0089435	0.0040044	0.00203744	0.00306356	0.0509837	0.195218	0.200241	0.000207462	0.00639614
126	0.0257397	0.0372354	0.00143672	0.0033237	0.29801	0.00166155	0.00237644	0.0557057	0.00678184	0.376982	0.0525361	0.00190364	0.000623914	0.00241744	0.00207868	0.00400484	0.00940066	0.034942	0.0172412	0.0655991
127	0.321187	0.028942	0.0019983	0.0472992	0.00709468	0.0762339	0.00856417	0.0343924	0.107724	0.0725301	0.0269268	0.0275126	0.00170749	0.0371582	0.0240078	0.0692855	0.00688239	0.0819033	0.00909217	0.00955841
128	0.1	0.00133754	0.109039	0.277789	0.000894893	0.0194349	0.0047761	0.00708472	0.161359	0.0164205	0.004036	0.0472454	0.000175537	0.0839335	0.0407181	0.0529579	0.0523629	0.0150166	8.76785e-05	0.005331
129	0.0398231	0.000855181	0.0396017	0.0924325	0.00546086	0.00933059	0.0295102	0.000894188	0.401637	0.00806441	0.00239988	0.0748891	0.000326356	0.165681	0.0769389	0.0256678	0.0130314	0.0107117	0.000209695	0.00253472
130	0.0290325	0.0038896	0.247851	0.0590329	0.00737543	0.343243	0.0082882	0.00813804	0.116374	0.00969371	0.0084439	0.0368348	0.0181237	0.0298315	0.0130153	0.0302795	0.0123358	0.00970038	0.00156117	0.00695566
131	0.0236973	0.002277	0.0177185	0.0037827	0.0804623	0.0463205	0.10914	0.00531935	0.00419162	0.320669	0.0350658	0.0195013	0.00132295	0.0213307	0.0202153	0.0847599	0.0221371	0.0236199	0.0170428	0.141426
132	0.0235475	0.00334275	0.00058374	0.00135995	0.0243259	0.000398895	0.000336934	0.372318	0.00109612	0.251689	0.0321453	0.000523214	0.00162652	0.000540537	0.000907156	0.00412194	0.00861643	0.2632	0.000171811	0.00914889
133	0.0332707	0.00110275	0.00129776	0.00156626	0.129444	0.00642309	0.0317075	0.0641627	0.0341559	0.0205951	0.00788079	0.00196576	0.000835006	0.0147117	0.0369335	0.0495728	0.0783472	0.0900066	0.0062166	0.389804
134	0.010831	0.00100564	0.00113092	0.00776727	0.00110655	0.00133364	0.0131716	0.00248425	0.233565	0.0215376	0.00193811	0.0033573	0.00695375	0.129363	0.535184	0.0159899	0.00332937	0.00803343	0.000461989	0.00145598
135	0.0791134	0.00340461	0.0905495	0.0785608	0.00273282	0.113923	0.0345603	0.00327343	0.0915869	0.0097711	0.00354297	0.0760392	0.00656252	0.0906535	0.0867424	0.162671	0.041571	0.0101625	0.00039474	0.0141846
136	0.0727771	0.000486774	0.0284774	0.0789038	0.0838021	0.00382793	0.0278919	0.0135941	0.14016	0.110284	0.0165176	0.0356462	0.00346142	0.0644974	0.105301	0.0527408	0.0386684	0.0416324	0.0259627	0.0553674
137	0.00378387	0.00321427	0.0010987	0.00279089	0.00118518	0.00349342	0.00263657	0.00260873	0.308327	0.00867179	0.00321815	0.00648643	0.000583716	0.00907602	0.619644	0.00577386	0.00299323	0.00299975	0.000448272	0.0109667
138	0.10776	0.0996904	0.00265417	0.00281709	0.0024049	0.00219626	0.00192852	0.0133636	0.00353385	0.00475563	0.00335509	0.00293515	0.372651	0.00260516	0.00230085	0.11905	0.148565	0.104135	0.00101195	0.00228643
139	0.0112397	0.00269625	0.00161174	0.000629728	0.00387226	0.004024	0.00152545	0.420145	0.00226195	0.0308692	0.0118317	0.00200042	0.000248823	0.00201139	0.000522712	0.0024593	0.0162581	0.482002	0.000134949	0.00365573
140	0.00329591	0.0131198	0.00151122	0.00199689	0.18812	0.00121522	0.310355	0.00835401	0.0019182	0.0244234	0.00994824	0.0365215	0.000742634	0.00256094	0.00161103	0.00292131	0.00916805	0.00309341	0.000481481	0.378641
141	0.00348198	0.00193736	0.000403917	0.000725489	0.0120319	0.000474264	0.000913363	0.00247301	0.000736794	0.00123755	0.00118288	0.000860817	0.000272686	0.00112936	0.000752807	0.00158808	0.00280479	0.00111502	0.953769	0.0121085
142	0.0554738	0.0963531	0.0136219	0.00341771	0.00205569	0.0265937	0.00895658	0.00358856	0.00628094	0.00439777	0.00274594	0.00807385	0.00126114	0.00306273	0.00287513	0.660333	0.0730186	0.0240177	0.00095354	0.00291831
143	0.0929637	0.0250759	0.00717047	0.00937508	0.0375507	0.00390552	0.00234467	0.0746879	0.0175697	0.0883945	0.0626978	0.00808583	0.194624	0.00461772	0.0036659	0.0494379	0.17953	0.0564479	0.0486874	0.0331682
144	0.0370675	0.0133851	0.00703153	0.0811208	0.00256498	0.0581818	0.0454587	0.0142362	0.22655	0.0112821	0.00599024	0.022597	0.00118595	0.166718	0.235764	0.0232956	0.00334442	0.0356147	0.00149898	0.00711195
145	0.00888281	0.0036773	0.00158656	0.00197939	0.00140129	0.00179252	0.00760965	0.00233653	0.0021146	0.00391497	0.00899362	0.00315107	0.00284065	0.00624336	0.00191626	0.195352	0.735229	0.00860109	0.000494681	0.00188169
146	0.764447	0.00767139	0.00344001	0.000577168	0.00252408	0.031503	0.000305858	0.00610486	0.000491098	0.00400012	0.00216102	0.00375037	0.000164625	0.00606365	0.000438533	0.114691	0.0234459	0.0275441	0.000310651	0.000365536
147	0.0357696	0.00716325	0.0130731	0.0718201	0.0186176	0.0103761	0.0575826	0.0487904	0.0440846	0.455209	0.0402867	0.018409	0.00444995	0.0287519	0.0281741	0.0265483	0.0222923	0.0407376	0.00565443	0.0222099
148	0.60381	0.0112563	0.006263	0.00321924	0.00363501	0.0364964	0.00130968	0.00913701	0.00329188	0.00634217	0.00713064	0.0108135	0.00393169	0.00952291	0.00263529	0.221219	0.0321517	0.0253356	0.000580446	0.00191837
149	0.0285512	0.000954314	0.166857	0.710356	0.00113362	0.00152216	0.00810752	0.00563948	0.00242926	0.00863802	0.00173772	0.0152208	0.000851094	0.0210027	0.00167546	0.0118757	0.0023888	0.00270033	0.000428466	0.00793019
150	0.721054	0.0074328	0.00378806	0.0012489	0.00244741	0.0342874	0.000597286	0.0060141	0.00090661	0.00455835	0.00320776	0.00570131	0.000309513	0.00704768	0.000952597	0.149964	0.0235144	0.0260045	0.000411035	0.000551808
151	0.0314599	0.0017178	0.172801	0.662067	0.00190882	0.00544258	0.00768247	0.00689941	0.0108116	0.00985402	0.00293191	0.0159503	0.00301637	0.0233444	0.00436108	0.0177725	0.00737052	0.00667645	0.000561731	0.00736995
152	0.0113485	0.002668	0.00171468	0.000699679	0.00475739	0.00344693	0.00175515	0.442911	0.00222281	0.045931	0.0136381	0.00192332	0.000194502	0.00192724	0.000443867	0.00245855	0.018707	0.43893	0.000129804	0.00419182
153	0.0367773	0.00228565	0.174892	0.583568	0.00258439	0.0140528	0.00751265	0.024388	0.0206897	0.0105234	0.00370174	0.020764	0.0029993	0.0285155	0.00823028	0.0217288	0.0172505	0.0114275	0.00110851	0.00699962
154	0.00566437	0.0057343	0.00408833	0.00161581	0.212743	0.000919465	0.122002	0.0091028	0.00185727	0.0166172	0.00836065	0.0133403	0.000369584	0.00229217	0.00257797	0.00622826	0.00863278	0.00602173	0.0130203	0.558811
155	0.0760564	0.00135113	0.0262784	0.103	0.0214597	0.0439945	0.0954617	0.00181707	0.183853	0.0047306	0.00733372	0.0328705	0.00847253	0.193918	0.068774	0.0496875	0.00599834	0.00464394	0.0167355	0.053564
156	0.0908046	0.0641636	0.132172	0.0105435	0.00629337	0.0162828	0.00748702	0.00702466	0.00952848	0.00903787	0.008092	0.0154384	0.00306025	0.00987079	0.00952535	0.432777	0.111573	0.0473074	0.00132719	0.00769138
157	0.0409595	0.0102863	0.106695	0.0230555	0.017405	0.00170973	0.0507641	0.0426527	0.0845234	0.0187373	0.00189863	0.0424148	0.326966	0.0704487	0.0384321	0.0200429	0.0494154	0.0107362	0.000576177	0.042281
158	0.276022	0.00261622	0.00683937	0.0041611	0.00465084	0.0216361	0.00165493	0.00452682	0.00263877	0.0112663	0.0229464	0.0274279	0.00110409	0.0348461	0.0060486	0.499694	0.0540603	0.0146639	0.000751005	0.00244521
159	0.0615977	0.00157423	0.000525661	0.0014797	0.0097822	0.000838258	0.000774416	0.478963	0.000830201	0.0868682	0.036381	0.000868146	0.000716824	0.00149714	0.000597313	0.00224883	0.0145279	0.288406	0.000178976	0.0113444
160	0.00589042	0.0021902	0.00672521	0.000573528	0.238854	0.000628896	0.0128511	0.00591107	0.000763418	0.000884562	0.00464822	0.00072311	0.00025296	0.000671746	0.000702695	0.00656802	0.00906836	0.001102	0.00557623	0.695414
161	0.0588104	0.0128859	0.000595011	0.000914487	0.00435858	0.00151045	0.000617689	0.058177	0.000909041	0.0467621	0.000916849	0.000929381	0.000337412	0.000942731	0.000936736	0.00176842	0.0373862	0.766558	0.000208686	0.00447534
162	0.362395	0.0157675	0.00216561	0.0177555	0.00247143	0.075989	0.00217588	0.0183977	0.12963	0.0455294	0.00388216	0.00517191	0.0137201	0.00492329	0.121816	0.105264	0.0290002	0.0394379	0.00171046	0.00279669
163	0.00195061	0.00498884	0.000657223	0.000791465	0.906346	0.000651998	0.00067354	0.00215627	0.00456648	0.0295118	0.007582	0.00444242	0.00036174	0.000962662	0.000826477	0.00163211	0.00125382	0.0021359	0.000422049	0.028087
164	0.0666311	0.00789174	0.053187	0.100741	0.0013517	0.0339019	0.0158392	0.00300466	0.133528	0.0078859	0.00151888	0.0416554	0.334256	0.0437195	0.0644148	0.0596555	0.018675	0.00874561	0.000430055	0.00296674
165	0.0452742	0.00139012	0.00836378	0.00136223	0.0128805	0.00109115	0.0100981	0.222446	0.00154644	0.145829	0.0436215	0.00621244	0.0239204	0.0193933	0.00154444	0.00452226	0.0154284	0.433061	0.000414401	0.00159981
166	0.0506234	0.00679064	0.000834856	0.00139615	0.0107445	0.0017808	0.000800648	0.367851	0.00127537	0.0509665	0.0167104	0.00122671	0.00040106	0.00155293	0.000596618	0.00395641	0.0247271	0.449361	0.000191125	0.00821287
167	0.00335854	0.00198045	0.000403366	0.000596416	0.00791208	0.000445585	0.000512704	0.00247745	0.000698239	0.000750916	0.000622799	0.000676439	0.000255192	0.00067349	0.000600773	0.0011369	0.00259088	0.000971966	0.966431	0.00690522
168	0.0102982	0.00323982	0.00216973	0.00281428	0.00193658	0.0022971	0.00570967	0.00560208	0.00326517	0.0189974	0.0125375	0.00556029	0.00426869	0.00668632	0.00252436	0.1082	0.789027	0.0111476	0.000761728	0.00295629
169	0.0133963	0.00512322	0.00260987	0.00328303	0.00323767	0.00353971	0.00567993	0.0061336	0.00400939	0.0213498	0.0132923	0.00785415	0.00659416	0.00636065	0.00325078	0.103222	0.771325	0.0135777	0.00134186	0.00481946
170	0.0407815	0.0103081	0.0250415	0.0249066	0.0113974	0.0171724	0.0161313	0.0253527	0.0245468	0.0379363	0.0186762	0.165429	0.00824016	0.0217146	0.0201383	0.0619241	0.419246	0.0311495	0.00366124	0.016246
171	0.0439746	0.00946411	0.0040626	0.00227247	0.00240661	0.00310134	0.00494872	0.0186484	0.00622428	0.0139793	0.00414187	0.00450696	0.803354	0.00309437	0.0019858	0.0187982	0.0311791	0.0165358	0.00138236	0.00593867
172	0.00335082	0.00196658	0.000417225	0.000608203	0.00898383	0.000466264	0.000574207	0.00251154	0.000685486	0.00077783	0.000760884	0.000755069	0.000255782	0.000748697	0.000606674	0.00130545	0.00263406	0.000977413	0.964029	0.00758546
173	0.011218	0.00235862	0.00193051	0.00220239	0.00174062	0.00188694	0.00660381	0.00423844	0.0028828	0.00720939	0.00912873	0.00416468	0.00373478	0.0070716	0.00260906	0.156146	0.76174	0.0102885	0.000805075	0.00204025
174	0.0130636	0.00779457	0.000805171	0.000826202	0.00178861	0.00602953	0.00061073	0.523612	0.00114429	0.20676	0.155889	0.00661664	0.000368277	0.00104926	0.000896878	0.00801744	0.00799133	0.0555188	0.000280814	0.00093756
175	0.0132289	0.00221113	0.00165324	0.00162791	0.000571955	0.00311207	0.00354744	0.0104937	0.00163273	0.0134484	0.00212304	0.00394715	0.914459	0.00178408	0.000678596	0.00271633	0.00963404	0.00947239	0.000205371	0.00345231
176	0.765028	0.00756636	0.00344213	0.000575295	0.00251582	0.031489	0.000305831	0.00609972	0.000488348	0.00400277	0.00210724	0.00372408	0.000164086	0.00606765	0.000439567	0.114495	0.0233211	0.0275154	0.000310651	0.000341723
177	0.0659425	0.00706186	0.0478855	0.0105971	0.00465972	0.0295758	0.00548842	0.00528928	0.019252	0.0152374	0.012125	0.298144	0.00863559	0.0162717	0.0245264	0.381327	0.0303512	0.00960772	0.00189064	0.00613103
178	0.0390539	0.00185838	0.0328865	0.0498825	0.00269998	0.00317316	0.00287156	0.00497541	0.0930385	0.110195	0.124334	0.00366122	0.00163088	0.146419	0.092645	0.0221063	0.0507395	0.214224	0.00107846	0.00252675
179	0.752301	0.00123859	0.00184137	0.00196753	0.00155477	0.195589	0.00904706	0.00242935	0.00209521	0.00287902	0.00203969	0.00217178	0.000945271	0.00227082	0.00178608	0.00397119	0.0032125	0.00296572	0.00052635	0.00916703
180	0.0130744	0.0141683	0.000658608	0.00135384	0.00833867	0.000584189	0.00054432	0.338643	0.000852966	0.211984	0.00777256	0.000727027	0.000747116	0.000731411	0.00070858	0.00292099	0.018167	0.371787	0.000238031	0.00599896
181	0.408699	0.141866	0.00235711	0.00273962	0.0256795	0.00892378	0.00218374	0.0184852	0.00321154	0.00444196	0.0189428	0.0258625	0.00127056	0.00263325	0.00245218	0.268052	0.0501527	0.00753274	0.00072026	0.00379415
182	0.105662	0.0194772	0.00147154	0.00369616	0.0888474	0.00298705	0.0014144	0.139808	0.00370153	0.0837976	0.0242729	0.00177535	0.00103874	0.00183052	0.00176217	0.0230696	0.00747589	0.462324	0.00054409	0.0250445
183	0.0181076	0.00109457	0.0287236	0.0160432	0.00151961	0.133699	0.03281	0.00201244	0.0377283	0.00261444	0.00837049	0.643082	0.000734559	0.00191714	0.0156123	0.0486457	0.00274508	0.00261914	0.000445488	0.00147559
184	0.0931234	0.00381217	0.0408564	0.0679392	0.00115233	0.0346794	0.00720435	0.00228927	0.0697151	0.00491337	0.00153028	0.0382374	0.456392	0.0419381	0.0431382	0.0774828	0.00833659	0.00451493	0.000353981	0.00239086
185	0.0313448	0.00281665	0.37837	0.253375	0.00305351	0.0266098	0.000563935	0.00332817	0.075902	0.000838697	0.000626817	0.127739	0.00268038	0.0407538	0.00588305	0.028931	0.00820818	0.00584962	0.000148399	0.00297687
186	0.014848	0.00921858	0.000874078	0.00843207	0.187316	0.000997383	0.0113742	0.0669231	0.0110093	0.260842	0.0430045	0.00162298	0.000610411	0.0013321	0.00485178	0.00806817	0.00179731	0.0423078	0.0727178	0.251852
187	0.0144791	0.00848302	0.000414394	0.00139511	0.0102991	0.00039711	0.000336116	0.411852	0.000560257	0.226358	0.00954823	0.000518643	0.000200416	0.000467685	0.000455365	0.0025228	0.0131821	0.290401	0.000117124	0.00801172
