329	20
1	0.0267581	0.0273619	0.00267334	0.0767577	0.00444208	0.00201297	0.0429949	0.102777	0.026625	0.295082	0.0741801	0.0221998	0.00125904	0.0808255	0.104683	0.0124895	0.0228101	0.0588958	0.00221969	0.0129525
2	0.104283	0.00408306	0.0221584	0.0462855	0.00473535	0.556033	0.0105661	0.00661947	0.0349625	0.0165243	0.00542444	0.0325076	0.0121828	0.061396	0.0241661	0.0258226	0.0121685	0.0107261	0.00123999	0.00811477
3	0.106011	0.0223971	0.00169264	0.00271323	0.0157771	0.00130668	0.00125848	0.243637	0.00248226	0.0528036	0.020109	0.0105008	0.00370317	0.00195552	0.00776598	0.015888	0.0251053	0.46033	0.000542609	0.00402047
4	0.031969	0.0137933	0.0165298	0.00738133	0.00389433	0.00590755	0.00458252	0.00613959	0.0227206	0.00552203	0.00311044	0.0496693	0.00611419	0.0081533	0.0274109	0.275372	0.483863	0.0239865	0.00118197	0.00269789
5	0.0128639	0.00114729	0.00104265	0.00860583	0.440802	0.00534632	0.0179443	0.00838032	0.00561097	0.0301455	0.00312665	0.00133049	0.00170584	0.0019429	0.00996994	0.00267338	0.00333772	0.00650583	0.0251557	0.412363
6	0.197252	0.0043839	0.0360628	0.0333188	0.00388387	0.0548434	0.00617137	0.0304665	0.00936351	0.031809	0.00429493	0.269478	0.0051652	0.00634626	0.0798325	0.0596748	0.127084	0.00963247	0.00176562	0.0291702
7	0.0918171	0.00232917	0.0158382	0.0454396	0.00164344	0.0414519	0.0171063	0.172015	0.0399076	0.0337684	0.00198268	0.0289816	0.0271117	0.0365616	0.0164484	0.047338	0.24211	0.135753	0.000591598	0.00180436
8	0.052792	0.00120363	0.573093	0.171506	0.00209444	0.0245582	0.0107946	0.00607381	0.015221	0.00964323	0.00799598	0.0347653	0.00422895	0.00965539	0.0117931	0.022788	0.0322243	0.00374775	0.00360864	0.00221329
9	0.0293809	0.00363421	0.0176159	0.0497952	0.00119701	0.00167156	0.00739365	0.00617854	0.2678	0.00480521	0.0035289	0.00659206	0.00756813	0.0548906	0.507996	0.00827522	0.00952798	0.0101128	0.000787918	0.0012477
10	0.0767707	0.0184409	0.00772952	0.0245957	0.00742139	0.0307193	0.0085524	0.191495	0.0185659	0.0677796	0.00464232	0.0145768	0.0254685	0.0258806	0.00916439	0.0869009	0.21361	0.164336	0.000805274	0.00254465
11	0.00626271	0.00119904	0.00195834	0.00459157	0.143634	0.00266405	0.00876173	0.324144	0.00531388	0.240144	0.120741	0.00189369	0.00541795	0.00194662	0.00733681	0.00282042	0.0270489	0.0409467	0.0338526	0.0193217
12	0.144173	0.00346737	0.0151663	0.0393479	0.00472703	0.0135933	0.0106716	0.0129133	0.0792539	0.0146488	0.004407	0.0228425	0.481576	0.0229677	0.0380647	0.0493786	0.0188604	0.0152114	0.00124604	0.00748356
13	0.00873047	0.00119329	0.00410281	0.0187164	0.220627	0.0028147	0.00497315	0.199645	0.00666455	0.226865	0.0961638	0.0057876	0.0103589	0.0105553	0.0158243	0.00771523	0.0515974	0.0481651	0.0128115	0.0466887
14	0.0492649	0.00364269	0.508741	0.127306	0.00481113	0.0586309	0.019284	0.0083591	0.0241595	0.0124743	0.00679421	0.0633218	0.00661996	0.0142333	0.0188693	0.0267279	0.0284699	0.00770512	0.00336678	0.00721799
15	0.0461461	0.00113258	0.00516921	0.00146338	0.0492416	0.00205362	0.000917834	0.241358	0.00524922	0.22568	0.0811793	0.00390606	0.0499791	0.00393712	0.00674194	0.00898633	0.0280889	0.225591	0.00545084	0.00772746
16	0.00205783	0.000509506	0.00081097	0.00112706	0.0281949	0.000657621	0.00156094	0.651967	0.0130494	0.159393	0.0260969	0.000959368	0.000448458	0.00087635	0.00115216	0.00125415	0.00555066	0.0975261	0.00614944	0.000658351
17	0.105747	0.00307566	0.0129202	0.0256186	0.00953708	0.0158644	0.0079094	0.0188685	0.0241975	0.0295204	0.00430909	0.0133608	0.594961	0.0165307	0.0227176	0.0320474	0.0161026	0.0410411	0.00101169	0.0046584
18	0.049872	0.0136035	0.0273719	0.0617731	0.00821035	0.0106799	0.0170347	0.0150856	0.143856	0.0337326	0.00975039	0.0316568	0.0144556	0.0453699	0.433455	0.0288504	0.0239015	0.0189602	0.0024928	0.00988707
19	0.00252212	0.00167221	0.000369436	0.000524302	0.00614705	0.000302116	0.000401664	0.530391	0.000697221	0.08743	0.00916416	0.000444761	0.000231258	0.000419565	0.000653533	0.00208944	0.00976561	0.34486	9.59736e-05	0.00181819
20	0.00205627	0.000509506	0.000815738	0.00112661	0.028162	0.000657639	0.00156219	0.652056	0.0130725	0.159518	0.0261409	0.000959399	0.00044846	0.00087631	0.00115253	0.00125684	0.00554829	0.0972763	0.00614673	0.000658351
21	0.10358	0.00755842	0.056832	0.0572173	0.00126884	0.0774507	0.0164019	0.00531563	0.0267535	0.0250785	0.00161509	0.0164849	0.146392	0.00530327	0.0461899	0.213646	0.176967	0.0108263	0.000548307	0.00457089
22	0.00459762	0.000298343	0.000452853	0.00062065	0.00549676	0.00199112	0.000403671	0.272345	0.00221446	0.600775	0.0249729	0.000453717	0.00029447	0.000478752	0.000648577	0.000766967	0.00577006	0.0739853	9.17211e-05	0.00334253
23	0.191512	0.00583178	0.0748052	0.318105	0.00140913	0.0201616	0.00334225	0.0119371	0.0915901	0.00801693	0.000962458	0.0056183	0.00349003	0.0765677	0.0541601	0.0630222	0.0456272	0.0222419	0.000531023	0.00106863
24	0.186364	0.000698209	0.0449208	0.094969	0.000840564	0.00160389	0.00403751	0.0119701	0.211143	0.028184	0.000964424	0.022425	0.0427352	0.0757458	0.212988	0.0448957	0.0120472	0.00201482	0.000524228	0.0009284
25	0.153964	0.0103363	0.0200157	0.0279433	0.0242046	0.348462	0.0214439	0.0172043	0.0339721	0.0312992	0.012963	0.0373641	0.0316735	0.0260507	0.0312172	0.0404332	0.0270698	0.0266343	0.00501439	0.0727344
26	0.10704	0.0253977	0.00124172	0.00127417	0.0144977	0.00376904	0.000709225	0.219564	0.00158637	0.137233	0.0304036	0.00554334	0.00466742	0.00136878	0.00298995	0.0181686	0.0294949	0.389861	0.00178154	0.00340752
27	0.0875708	0.0210998	0.0283221	0.0604	0.0137797	0.0268365	0.00421158	0.12092	0.261613	0.0597884	0.0162704	0.00472188	0.0017697	0.057733	0.109049	0.0307496	0.0228235	0.0682985	0.000684994	0.00335784
28	0.166785	0.00739414	0.0495145	0.102521	0.00758482	0.0166941	0.023169	0.0132016	0.1216	0.0241804	0.0107688	0.0423068	0.0215304	0.114142	0.102633	0.116079	0.0347522	0.0145803	0.0019933	0.00856909
29	0.0503278	0.0105204	0.0308254	0.0580912	0.0127363	0.0134394	0.0198592	0.0181952	0.139437	0.0388541	0.0120847	0.0253351	0.027277	0.0457636	0.406863	0.0281367	0.0226617	0.022217	0.00279534	0.0145796
30	0.12028	0.0284726	0.00058055	0.00135817	0.00864375	0.00144225	0.000581137	0.236182	0.00089621	0.0585469	0.0139622	0.00694413	0.000992083	0.000943964	0.00250138	0.0195587	0.0303423	0.464955	0.000271072	0.0025465
31	0.062366	0.00730647	0.029304	0.106111	0.00772796	0.00434772	0.0300203	0.0195709	0.136072	0.103253	0.0340854	0.0265972	0.000397249	0.113441	0.205872	0.0409455	0.033432	0.0201199	0.000220224	0.0188091
32	0.463888	0.0358594	0.00636487	0.00897561	0.00692693	0.038703	0.00479686	0.0519151	0.00820615	0.0207491	0.0148294	0.0135831	0.00339778	0.00690898	0.00935563	0.0689898	0.0925332	0.13989	0.000583791	0.00354298
33	0.0038077	0.000260098	0.000429783	0.000624072	0.00582942	0.00194618	0.00035527	0.270842	0.00242968	0.607242	0.0245687	0.000411325	0.000262866	0.000440583	0.00063677	0.00065126	0.00536284	0.0704491	0.000151604	0.00329931
34	0.0229976	0.00213306	0.401959	0.10295	0.00233684	0.116413	0.0223049	0.0044004	0.0334901	0.00442751	0.00247978	0.19925	0.00335855	0.0116839	0.0220024	0.0264042	0.0116914	0.00389762	0.000914578	0.00490629
35	0.202076	0.0732678	0.00266016	0.0138213	0.0101095	0.00472676	0.0272212	0.0187542	0.0604201	0.263594	0.143141	0.00307566	0.00172682	0.0196576	0.0941065	0.00479036	0.028077	0.0094725	0.000758842	0.0185417
36	0.0158242	0.00216507	0.00176518	0.00935499	0.398121	0.00622435	0.0177585	0.0300107	0.00843717	0.0719152	0.0172086	0.00209508	0.00387082	0.00361517	0.0135642	0.00548035	0.00954192	0.0144415	0.0229637	0.345642
37	0.00383615	0.000250391	0.00042714	0.00059108	0.00545065	0.00195837	0.000353171	0.264301	0.00226975	0.614383	0.0244299	0.000409344	0.000264066	0.000433651	0.000619899	0.000631607	0.00534317	0.0706341	8.374e-05	0.00333015
38	0.107983	0.0227417	0.143134	0.0651922	0.00173255	0.0384176	0.0648669	0.00340263	0.0831934	0.00611714	0.00146866	0.147626	0.00174998	0.0578327	0.0476545	0.032354	0.0291791	0.0115904	0.0352605	0.0985029
39	0.0740182	0.00175645	0.357368	0.244233	0.00430713	0.0329304	0.0276697	0.00427451	0.0314451	0.0131533	0.00481338	0.0352894	0.010849	0.0254123	0.0266062	0.0635098	0.0245587	0.00753278	0.00407797	0.00619502
40	0.00243974	0.00163839	0.00037253	0.00053951	0.00623445	0.000300775	0.000409241	0.533401	0.000814651	0.08947	0.00930031	0.000436888	0.000232016	0.000412161	0.000645217	0.00205846	0.00966087	0.33964	0.000138376	0.00185566
41	0.016455	0.00482001	0.00465574	0.0155263	0.246745	0.00739656	0.0405664	0.0108211	0.0114404	0.0213679	0.00480048	0.00568478	0.00553183	0.00392656	0.0206183	0.00878727	0.00699817	0.0136867	0.0441648	0.506006
42	0.00935373	0.0252502	0.10633	0.191709	0.000881501	0.00343863	0.0578017	0.00183386	0.221989	0.0168009	0.000841868	0.071013	0.000929418	0.120015	0.103519	0.0427488	0.0198721	0.00192813	0.000484672	0.00326021
43	0.122812	0.0285851	0.000499602	0.00119032	0.00853951	0.000956859	0.000517485	0.237744	0.000783473	0.0510997	0.0117772	0.00660154	0.000390721	0.000640934	0.00236527	0.0177051	0.0268717	0.478376	0.000134849	0.00240881
44	0.00450733	0.000405608	0.000463404	0.000662751	0.00685748	0.00232639	0.000386396	0.264142	0.00227747	0.60309	0.0247874	0.000442248	0.000370396	0.000478754	0.000767717	0.000830474	0.00571773	0.0777414	0.000145899	0.00359966
45	0.0598433	0.00668753	0.0194457	0.0149809	0.00126242	0.00191197	0.00257821	0.00824301	0.415063	0.0124381	0.0103894	0.0247023	0.00191682	0.0239355	0.335619	0.0265483	0.0109012	0.0217286	0.000529559	0.00127562
46	0.11265	0.000709992	0.304518	0.296836	0.00262819	0.0287184	0.0348155	0.0013361	0.0364819	0.0039536	0.00102324	0.0173363	0.00930111	0.0314325	0.0195482	0.0670889	0.0193346	0.00679304	0.00168044	0.00381387
47	0.0215649	0.00109075	0.0045021	0.03573	0.00106934	0.780058	0.00205905	0.00231105	0.051241	0.00621475	0.0023619	0.0269158	0.00109713	0.0261307	0.0258663	0.00303189	0.0030098	0.00259886	0.000515445	0.00263087
48	0.0198003	0.000522441	0.000715117	0.00388291	0.000703268	0.00080138	0.00443177	0.373638	0.0249679	0.0468578	0.000848613	0.0109254	0.0145846	0.00107474	0.0154005	0.00130859	0.0122403	0.466418	0.000282454	0.000596592
49	0.00278586	0.00146056	0.000347848	0.000490879	0.0080695	0.000307168	0.000376096	0.531967	0.000566982	0.0829888	0.0112882	0.000462626	0.000223898	0.00040484	0.000662552	0.00190092	0.00873318	0.345137	0.000188263	0.00163839
50	0.109287	0.00327502	0.010819	0.0273825	0.0101297	0.0157391	0.00800634	0.0171381	0.0288418	0.0299871	0.00468408	0.0120977	0.58281	0.0180838	0.0255304	0.0344791	0.0155183	0.0393232	0.000936974	0.00593018
51	0.164938	0.00143638	0.0308222	0.228999	0.00136275	0.033565	0.00250233	0.0125485	0.0687156	0.0163189	0.00170078	0.00307274	0.0987813	0.0325337	0.189636	0.0569734	0.0189118	0.026081	0.00938029	0.00172018
52	0.044462	0.000496605	0.220547	0.375577	0.0107422	0.0370057	0.0389204	0.00110087	0.0279947	0.010677	0.000679993	0.0269556	0.00234482	0.0264609	0.041974	0.0840531	0.0155511	0.0147766	0.00748462	0.0121958
53	0.0425238	0.00124526	0.00877657	0.00573457	0.054218	0.00239521	0.0011956	0.228113	0.00588197	0.226402	0.0770661	0.0067232	0.0393503	0.00915634	0.0102549	0.0106255	0.0402994	0.206584	0.00431664	0.0191377
54	0.00302023	0.00145291	0.000364744	0.00055102	0.00742419	0.00031774	0.000414231	0.519061	0.000647121	0.079981	0.0098517	0.000656788	0.000464789	0.000414114	0.00076845	0.00189503	0.00880469	0.362168	0.000125528	0.00161745
55	0.0373316	0.0015035	0.00242989	0.00305625	0.0291448	0.00245641	0.00253702	0.03802	0.00435629	0.109411	0.0113257	0.00294376	0.55262	0.00294211	0.00476717	0.00402063	0.0098545	0.173629	0.000815558	0.00683523
56	0.119603	0.000957504	0.00161501	0.00899461	0.00115718	0.0119487	0.00801392	0.0166091	0.0169059	0.0134529	0.000999965	0.0122728	0.720025	0.012285	0.0216231	0.00963954	0.00764197	0.0139212	0.00030219	0.00203198
57	0.0440046	0.0144371	0.0153749	0.00367643	0.0390512	0.202102	0.121959	0.00374869	0.150988	0.0753848	0.00252646	0.0827553	0.00179441	0.0577575	0.1197	0.029526	0.00476377	0.00451764	0.000719998	0.0252119
58	0.0157094	0.00114542	0.15236	0.00514016	0.00112894	0.515197	0.008456	0.00201127	0.0678947	0.00373316	0.00102609	0.120457	0.0013441	0.0272826	0.0235707	0.0417113	0.00779348	0.00245755	0.000425205	0.00115585
59	0.0198513	0.000482166	0.000638505	0.00383649	0.000639791	0.000716297	0.00376196	0.373501	0.0225595	0.0447412	0.000811431	0.0114039	0.0146656	0.000950306	0.0136974	0.00118816	0.0125302	0.473236	0.000224863	0.000564101
60	0.0134785	0.00490214	0.00121864	0.0165491	0.172184	0.00660772	0.0508807	0.00613213	0.0120573	0.0136231	0.00471708	0.00441429	0.00601059	0.00336554	0.0310031	0.00453718	0.00360376	0.0155237	0.0563276	0.572864
61	0.167367	0.0663416	0.00123464	0.0170775	0.0221832	0.0186885	0.00571092	0.0950916	0.0017915	0.0123658	0.0151593	0.0274393	0.00157829	0.005503	0.00201421	0.131379	0.182437	0.217699	0.000338184	0.00860123
62	0.0778106	0.004348	0.0412562	0.0102234	0.00520851	0.0087368	0.284417	0.009071	0.013388	0.00970736	0.00456502	0.0953411	0.00479641	0.237197	0.0120527	0.0610801	0.0711738	0.0102807	0.00263269	0.036714
63	0.0308158	0.0059303	0.000499355	0.0019154	0.00416768	0.000520678	0.00152935	0.38418	0.00707382	0.0469965	0.00550579	0.00630342	0.0055148	0.000601706	0.00462757	0.00402822	0.0129264	0.475662	0.000144394	0.00105674
64	0.174247	0.0807735	0.00132284	0.0162914	0.0234611	0.0224372	0.00610804	0.068546	0.0018012	0.00936273	0.0185771	0.0382162	0.000890003	0.00513598	0.00224612	0.139921	0.16711	0.212458	0.000336809	0.0107581
65	0.164746	0.00834835	0.0265527	0.033761	0.00348731	0.506776	0.0106069	0.0115385	0.0305949	0.0176243	0.00639016	0.0334538	0.0168219	0.0277303	0.0210831	0.0333216	0.0199322	0.0178112	0.00124044	0.00817935
66	0.0679416	0.0519298	0.00248656	0.01882	0.0210453	0.0115786	0.00341957	0.219121	0.00510198	0.0337963	0.00553324	0.00897359	0.00499186	0.00661641	0.00414086	0.117727	0.230885	0.181545	0.000690165	0.00365551
67	0.0532548	0.0013559	0.504402	0.185894	0.0022963	0.0367069	0.0160745	0.00677364	0.021723	0.00939718	0.00667149	0.0474914	0.00752681	0.0162428	0.0160165	0.0301295	0.0262671	0.00504254	0.00308695	0.00364678
68	0.00383615	0.000250391	0.00042714	0.00059108	0.00545065	0.00195837	0.000353171	0.264301	0.00226975	0.614383	0.0244299	0.000409344	0.000264066	0.000433651	0.000619899	0.000631607	0.00534317	0.0706341	8.374e-05	0.00333015
69	0.00915529	0.00109389	0.000488086	0.00155525	0.00401914	0.000412995	0.00113674	0.438342	0.00529549	0.0539411	0.00526443	0.00456612	0.00465566	0.000576092	0.00361376	0.00154415	0.00911725	0.454046	0.000145939	0.00103049
70	0.0237703	0.00342647	0.022616	0.0802638	0.00210699	0.00201986	0.0165178	0.00599652	0.244787	0.00876295	0.0037952	0.00775838	0.0066555	0.0722914	0.460626	0.00657723	0.0145029	0.0132568	0.00180549	0.00246302
71	0.101385	0.0290278	0.221741	0.00912288	0.00410847	0.161999	0.0879705	0.0316215	0.00934044	0.0348452	0.00399218	0.0634839	0.00396492	0.00713315	0.0107986	0.0154369	0.0493054	0.148659	0.00188093	0.00418268
72	0.0387639	0.0101945	0.0023208	0.0128372	0.167645	0.00673117	0.0511412	0.0356074	0.042283	0.0743389	0.0423501	0.00178568	0.00151229	0.0153794	0.0482701	0.0248585	0.0148683	0.0822899	0.0485298	0.278293
73	0.0123559	0.00200411	0.000529476	0.00172563	0.00470784	0.000487511	0.00116172	0.443454	0.00576865	0.0623103	0.00627632	0.0046767	0.00461063	0.000625912	0.00350615	0.00220717	0.0100351	0.432108	0.000264344	0.00118465
74	0.00646127	0.000962565	0.000660308	0.00113451	0.0163536	0.00188973	0.00100869	0.318191	0.00370065	0.499618	0.0326039	0.000841512	0.00154541	0.00133627	0.00235723	0.00143233	0.00818816	0.0951008	0.00221393	0.00440034
75	0.0489553	0.00438308	0.10999	0.422861	0.00908318	0.0223996	0.0170043	0.0115794	0.0465832	0.0252276	0.00642957	0.0223944	0.0197232	0.0916613	0.044842	0.0382377	0.0320572	0.01589	0.00353829	0.00715952
76	0.0513533	0.00202214	0.506527	0.184169	0.00282571	0.0324782	0.0150736	0.00584852	0.0238743	0.00912616	0.00629659	0.0421854	0.0104246	0.0187995	0.0197653	0.0279156	0.0286517	0.00558523	0.00356168	0.00351623
77	0.0469114	0.006666	0.0783528	0.0428005	0.00568754	0.054991	0.0705358	0.0138381	0.0447073	0.0149318	0.00605611	0.410563	0.0122161	0.0245394	0.0676303	0.0409692	0.0329834	0.0127306	0.00432396	0.00856569
78	0.106814	0.0305303	0.0017765	0.0026656	0.0148618	0.0169954	0.00201265	0.0391942	0.00859763	0.369467	0.126306	0.0019845	0.00131432	0.0107171	0.00340906	0.0346911	0.0613204	0.155508	0.00529281	0.00654103
79	0.0417257	0.00530771	0.0220963	0.0602625	0.0052286	0.00805902	0.0148558	0.0116751	0.217678	0.021948	0.00736471	0.0180273	0.0125114	0.0519284	0.442704	0.0209542	0.0162426	0.0134889	0.0011644	0.00677754
80	0.0743854	0.0355985	0.00126541	0.00496641	0.00580184	0.00432418	0.00109077	0.181545	0.00524859	0.0332639	0.011896	0.0049533	0.000807509	0.00168557	0.00296844	0.0123344	0.0689689	0.546747	0.000270047	0.00187908
81	0.116096	0.00367946	0.0130558	0.0360704	0.00402503	0.0166557	0.0113269	0.0151769	0.0439031	0.0179916	0.005276	0.0172043	0.507759	0.0248444	0.0756522	0.0411784	0.0198384	0.0237913	0.00167745	0.00479739
82	0.113746	0.029559	0.0157377	0.0283754	0.0156915	0.0258487	0.0157604	0.0648222	0.0214534	0.0403028	0.0254453	0.0297717	0.0170715	0.0173673	0.0354458	0.22685	0.0938286	0.16368	0.00375038	0.0154923
83	0.0309781	0.00197058	0.0287236	0.0324184	0.00158834	0.710979	0.00702154	0.0038118	0.0454572	0.0103567	0.00303814	0.0368314	0.00311254	0.0256972	0.0236954	0.0161174	0.0083491	0.00538214	0.000630152	0.00384089
84	0.117451	0.0259959	0.000822332	0.00112082	0.0119818	0.000938329	0.000500127	0.23686	0.00118421	0.0653519	0.0182951	0.00621031	0.00467115	0.000902418	0.00267536	0.0165536	0.0258191	0.459568	0.000481475	0.0026168
85	0.604403	0.0270218	0.00239916	0.00564097	0.00194055	0.0544117	0.00234841	0.0274805	0.00530046	0.01744	0.0141722	0.00477047	0.00703454	0.00611028	0.00539865	0.127789	0.0252059	0.0564365	0.000390604	0.0043055
86	0.0450145	0.00852597	0.0156541	0.0251959	0.0636517	0.0162934	0.0473043	0.0225283	0.0183259	0.0323304	0.0137478	0.015297	0.114344	0.0124478	0.0254016	0.0227244	0.0252603	0.0270192	0.0391795	0.409754
87	0.0831041	0.00359419	0.00625851	0.00647189	0.0575854	0.00474493	0.00736154	0.113827	0.00738571	0.100384	0.293546	0.00758677	0.057107	0.00795416	0.01662	0.0347613	0.0215633	0.159219	0.00317125	0.0077538
88	0.011822	0.000796772	0.00385041	0.00586852	0.0803114	0.00178474	0.00231802	0.214661	0.00395957	0.34884	0.127876	0.00329913	0.0111898	0.00470509	0.0109204	0.00567429	0.0324218	0.0820792	0.00746107	0.0401601
89	0.197703	0.00641886	0.0700615	0.296986	0.00118594	0.0223017	0.00271185	0.0136434	0.095733	0.00889424	0.000876765	0.00456217	0.0044951	0.0801501	0.0592491	0.0622079	0.0455911	0.0256545	0.000589928	0.000983316
90	0.133132	0.0401984	0.295742	0.0226488	0.00449936	0.0740466	0.020293	0.0520578	0.0164106	0.0134652	0.00624713	0.136914	0.00606665	0.0160542	0.047104	0.05977	0.0193393	0.0235075	0.00336991	0.00913389
91	0.0408645	0.0107819	0.0177065	0.0410997	0.107513	0.0255751	0.0923856	0.0289327	0.080691	0.0558506	0.0243474	0.0228908	0.00696422	0.0337087	0.200343	0.0267056	0.0237202	0.0443774	0.0107272	0.104815
92	0.062366	0.00730647	0.029304	0.106111	0.00772796	0.00434772	0.0300203	0.0195709	0.136072	0.103253	0.0340854	0.0265972	0.000397249	0.113441	0.205872	0.0409455	0.033432	0.0201199	0.000220224	0.0188091
93	0.117323	0.016274	0.0221318	0.0479685	0.03149	0.0882381	0.00342083	0.00422866	0.00750584	0.00551634	0.0027053	0.00524044	0.437145	0.0456007	0.00852887	0.138485	0.00702099	0.00586846	0.00112434	0.00418384
94	0.0436923	0.000475199	0.219045	0.377727	0.0108598	0.0373613	0.0386075	0.00109394	0.0282496	0.0109499	0.000748141	0.027391	0.00235298	0.0266775	0.0418158	0.0831488	0.0157585	0.0150048	0.00719306	0.0118474
95	0.0437304	0.00684896	0.00298621	0.00245812	0.0596678	0.0114876	0.00211206	0.141105	0.00400414	0.391378	0.104593	0.00286123	0.0165439	0.00331418	0.00526553	0.0100721	0.039086	0.12457	0.0196259	0.00829054
96	0.0694219	0.0197998	0.00246366	0.0129407	0.133569	0.02844	0.0597936	0.0332735	0.058294	0.193995	0.0618877	0.00277638	0.00358252	0.010679	0.0763877	0.0219706	0.01543	0.0464389	0.0186559	0.1302
97	0.155931	0.000471018	0.0825955	0.17257	0.00750217	0.0241769	0.0280096	0.000972913	0.0943209	0.00122292	0.00108058	0.0637762	0.00374408	0.0971349	0.0901339	0.118995	0.046999	0.00963699	0.000233705	0.000491944
98	0.0181424	0.000428636	0.000648322	0.00392401	0.000749726	0.000640686	0.00325754	0.370919	0.0185618	0.0413682	0.000786959	0.012238	0.0142948	0.000865585	0.0112552	0.00104405	0.0116831	0.488503	0.000198564	0.000489714
99	0.0623978	0.00720228	0.0289603	0.106992	0.00781781	0.00454103	0.0300173	0.0195221	0.136101	0.103327	0.0339688	0.0261228	0.000416582	0.113983	0.205705	0.0411174	0.0329996	0.0200869	0.000234152	0.0184876
100	0.0933648	0.00285317	0.0373321	0.0561922	0.0024948	0.0780892	0.0209814	0.0037846	0.041124	0.00859875	0.00175016	0.0169085	0.106675	0.0309044	0.183565	0.227609	0.051412	0.0329863	0.00111744	0.00225665
101	0.0182474	0.000460804	0.000651046	0.00407413	0.000719309	0.000652094	0.0032892	0.372244	0.0188188	0.0423642	0.000819496	0.0124565	0.0144036	0.000902088	0.0115949	0.0011113	0.0120318	0.484435	0.000214328	0.000510225
102	0.054977	0.0004183	0.244605	0.358956	0.00824532	0.0359143	0.0367366	0.000953859	0.0286144	0.00938563	0.00068252	0.0263569	0.00361397	0.0273253	0.0360607	0.0814183	0.0168542	0.0123317	0.00545411	0.0110955
103	0.062366	0.00730647	0.029304	0.106111	0.00772796	0.00434772	0.0300203	0.0195709	0.136072	0.103253	0.0340854	0.0265972	0.000397249	0.113441	0.205872	0.0409455	0.033432	0.0201199	0.000220224	0.0188091
104	0.0131714	0.00202983	0.00256437	0.00652641	0.109285	0.00345634	0.00422606	0.241412	0.00512835	0.350066	0.102236	0.00244825	0.00958355	0.00402687	0.00846735	0.0052836	0.0240959	0.071675	0.0112202	0.0230977
105	0.0805318	0.0144759	0.00323606	0.0201918	0.0675775	0.0414527	0.076005	0.0179744	0.0708577	0.265607	0.0637921	0.00386852	0.00316011	0.00737049	0.134367	0.0121703	0.012063	0.0214353	0.00133644	0.0825271
106	0.150297	0.000446681	0.0927962	0.181118	0.00694396	0.0244607	0.0281349	0.000953392	0.0921907	0.00134386	0.0008647	0.0623029	0.00368684	0.0941981	0.0888123	0.115988	0.0450358	0.00927825	0.000335282	0.000812056
107	0.305188	0.022594	0.00489176	0.0058955	0.00269209	0.0050632	0.00418613	0.0708696	0.0267122	0.0321489	0.122375	0.0438502	0.00276946	0.00543573	0.0260635	0.0505285	0.237915	0.0260482	0.00136281	0.00340974
108	0.0103545	0.00120447	0.00144507	0.00289742	0.0668835	0.00287535	0.00244905	0.132827	0.00238853	0.31884	0.349492	0.0016659	0.0129479	0.00183785	0.00864673	0.00362237	0.016049	0.0313866	0.013017	0.0191699
109	0.062366	0.00730647	0.029304	0.106111	0.00772796	0.00434772	0.0300203	0.0195709	0.136072	0.103253	0.0340854	0.0265972	0.000397249	0.113441	0.205872	0.0409455	0.033432	0.0201199	0.000220224	0.0188091
110	0.243635	0.00239419	0.00300757	0.0329943	0.00250884	0.00843135	0.00380443	0.00824447	0.05715	0.00691143	0.00180103	0.0103258	0.508147	0.0100725	0.0224301	0.0547108	0.0129379	0.00636565	0.000860119	0.00326652
111	0.0520604	0.042243	0.00923565	0.0259946	0.0106774	0.0134539	0.00243458	0.0131187	0.0330535	0.00340057	0.00165026	0.0740149	0.0018521	0.0435593	0.0572102	0.0562421	0.378994	0.178551	0.000698646	0.00155528
112	0.122675	0.0284134	0.000502069	0.00112625	0.00848257	0.000897703	0.000504714	0.237973	0.000774033	0.0512247	0.0117554	0.00648778	0.000389356	0.000625504	0.00236215	0.0173952	0.0264362	0.47945	0.000116201	0.00240903
113	0.68485	0.0345806	0.000887982	0.00117247	0.000785221	0.0545012	0.000869328	0.0337114	0.00135262	0.0169339	0.0149235	0.00100496	0.000633557	0.00131636	0.00124291	0.055337	0.0231656	0.0714474	0.000290187	0.000993781
114	0.00759678	0.0133257	0.00161923	0.00217665	0.00111934	0.00150999	0.00138934	0.0896955	0.00223269	0.21997	0.00119982	0.0018374	0.00096572	0.00205919	0.00226856	0.00236191	0.0025925	0.644594	0.000428609	0.00105755
115	0.0215205	0.00527433	0.00470495	0.00642954	0.0517192	0.00973474	0.00517537	0.0825857	0.00700282	0.392253	0.206296	0.00518485	0.00809655	0.00531119	0.0101695	0.0101384	0.0248516	0.0546946	0.0787332	0.0101247
116	0.0431587	0.00886684	0.0183899	0.00436179	0.00240857	0.00455835	0.00402316	0.00539121	0.0096448	0.00410472	0.00175312	0.0257687	0.00469674	0.00320657	0.0107928	0.346226	0.493615	0.00628746	0.0006235	0.0021227
117	0.0733062	0.00884375	0.137673	0.0979558	0.0113697	0.0957281	0.0248894	0.00923885	0.0298112	0.0131417	0.00613158	0.0333529	0.245084	0.0383283	0.0260986	0.0896093	0.0379692	0.0133526	0.00175628	0.00635973
118	0.0321282	0.00255468	0.0390424	0.0348227	0.00253863	0.686343	0.00755196	0.00445188	0.0443116	0.00828177	0.00313649	0.0391641	0.00645737	0.0266021	0.0215245	0.0189753	0.00873878	0.00701625	0.000900946	0.00545768
119	0.0669608	0.00285219	0.00526604	0.00599158	0.00529087	0.00412107	0.0610955	0.062343	0.00613665	0.0250003	0.0866809	0.0232577	0.134578	0.0408396	0.0949263	0.103532	0.0449791	0.221536	0.00124788	0.00336421
120	0.0109263	0.000380616	0.000754971	0.00741522	0.46142	0.00522367	0.0156233	0.00358549	0.00274737	0.0246731	0.000540617	0.000774265	0.000693242	0.000790218	0.00771652	0.000997024	0.00117845	0.000985544	0.0241304	0.429444
121	0.0377778	0.00586403	0.310873	0.0777954	0.00473738	0.106708	0.0270897	0.0113987	0.0414574	0.00911789	0.00500116	0.223967	0.00738333	0.0163947	0.033037	0.0411983	0.019571	0.00988383	0.00179681	0.00894762
122	0.418613	0.00700046	0.00736153	0.0165637	0.00451058	0.0130443	0.00626896	0.00810204	0.0179725	0.0232026	0.0158638	0.0126077	0.0051781	0.0340248	0.0187413	0.340066	0.019834	0.0167866	0.00100289	0.013255
123	0.215903	0.0160421	0.0181878	0.0298857	0.132608	0.0250431	0.0247344	0.0516871	0.0331273	0.0691848	0.0333799	0.0203435	0.0267309	0.0233276	0.0358143	0.0468278	0.0392562	0.0747403	0.00914251	0.0740339
124	0.0108831	0.000422301	0.000746864	0.00748382	0.456889	0.00518913	0.0160784	0.00359362	0.0029565	0.0243582	0.000562639	0.000809941	0.000769869	0.000860383	0.00795861	0.00102619	0.0012165	0.00111931	0.0245182	0.432557
125	0.0108002	0.000400995	0.000757408	0.00748938	0.466029	0.00515867	0.0153595	0.00352946	0.00274777	0.02452	0.00052922	0.000781551	0.00070026	0.000784974	0.00775984	0.00100535	0.00116758	0.00101159	0.0238203	0.425647
126	0.0646624	0.00191403	0.280097	0.326352	0.00478486	0.0305376	0.0235685	0.00347569	0.0380798	0.00960861	0.00369081	0.0327935	0.0113118	0.0489861	0.0273049	0.0489549	0.0261167	0.00800501	0.00320636	0.00654944
127	0.0595624	0.0108321	0.079234	0.0517018	0.0373786	0.041952	0.220743	0.0258353	0.050675	0.0391488	0.0145927	0.0736698	0.0179344	0.0419108	0.0553993	0.0464921	0.0399019	0.0302075	0.00950471	0.0533235
128	0.303487	0.0299768	0.0040825	0.00384217	0.00188502	0.00317779	0.0151181	0.0169821	0.0214051	0.00501908	0.00227454	0.00370931	0.00473887	0.00482478	0.028832	0.399258	0.128432	0.0185023	0.00075656	0.0036954
129	0.0110128	0.000392027	0.000772954	0.00744018	0.46042	0.00521323	0.015674	0.00370128	0.00294414	0.0248174	0.000688751	0.000780586	0.000693189	0.00085184	0.00778049	0.00108068	0.00124018	0.00119654	0.0241562	0.429144
130	0.0157493	0.00258218	0.00559045	0.00878174	0.0767711	0.00471756	0.00641807	0.228748	0.00879882	0.343943	0.0913729	0.00455191	0.00879359	0.00636217	0.0141769	0.00818258	0.0261218	0.079434	0.00772512	0.0511781
131	0.386836	0.0128419	0.00966043	0.0176775	0.00452079	0.0177438	0.00763266	0.0130885	0.017944	0.0230887	0.0162824	0.0132876	0.019473	0.0179893	0.0193435	0.325993	0.0394026	0.0247137	0.0011099	0.0113704
132	0.0390457	0.0123498	0.0948334	0.179244	0.00521267	0.0117669	0.0427066	0.00839699	0.147152	0.052235	0.0145025	0.0460126	0.00151873	0.103418	0.139325	0.0517153	0.0244424	0.0106112	0.00128498	0.0142266
133	0.0546229	0.00609629	0.0256442	0.128763	0.00661225	0.00415844	0.0245608	0.0227615	0.146691	0.106766	0.0365408	0.0222299	0.00099045	0.107988	0.193954	0.0385714	0.0367961	0.0202009	0.000416817	0.0156357
134	0.127928	0.0129899	0.00461835	0.00586832	0.0149892	0.00690348	0.00476539	0.108061	0.0132027	0.162366	0.338671	0.00993763	0.00961856	0.00654894	0.0160298	0.020278	0.0725224	0.0552609	0.00252083	0.00691988
135	0.0232531	0.00213193	0.286686	0.0577722	0.00169102	0.356893	0.0223746	0.00349939	0.032989	0.0051295	0.00155188	0.116375	0.00270125	0.0158399	0.0124233	0.0406111	0.0104562	0.00509831	0.000829115	0.00169389
136	0.122675	0.0284134	0.000502069	0.00112625	0.00848257	0.000897703	0.000504714	0.237973	0.000774033	0.0512247	0.0117554	0.00648778	0.000389356	0.000625504	0.00236215	0.0173952	0.0264362	0.47945	0.000116201	0.00240903
137	0.057928	0.0030191	0.0837137	0.100114	0.00349022	0.00516828	0.0784841	0.0739567	0.0084403	0.0756116	0.00361925	0.00615056	0.158178	0.120978	0.00818713	0.00875529	0.119626	0.0310726	0.00205842	0.0514499
138	0.02565	0.0066777	0.00190549	0.00535228	0.0177244	0.00400095	0.00350745	0.212239	0.00565922	0.428083	0.0459204	0.00259808	0.0174419	0.00482291	0.00825436	0.00750229	0.0170801	0.173098	0.003057	0.00942496
139	0.182936	0.0313513	0.00161115	0.00243909	0.00758837	0.00828213	0.00151089	0.185392	0.00214961	0.0692455	0.0194692	0.00679971	0.000820661	0.00297764	0.0032117	0.0235888	0.0348589	0.41256	0.000281573	0.00292519
140	0.0164272	0.00150547	0.0541714	0.57579	0.0124195	0.00628496	0.00521716	0.00363912	0.0302811	0.0105542	0.00196695	0.00307498	0.00815176	0.161527	0.0248388	0.0208747	0.0575099	0.00362227	0.000513388	0.00162965
141	0.289815	0.00502475	0.00994057	0.0121899	0.00640124	0.178394	0.00736541	0.00889858	0.0152839	0.0100756	0.00514235	0.0678209	0.175441	0.0104981	0.0136286	0.0850459	0.0484772	0.00961941	0.00173929	0.0391973
142	0.0948593	0.00152577	0.0380189	0.0234802	0.00190051	0.0609987	0.0468947	0.00299	0.0596925	0.00352756	0.00172734	0.0258508	0.0231874	0.0484605	0.324058	0.187457	0.0303862	0.022712	0.00059321	0.00167919
143	0.0642046	0.000982398	0.409172	0.272369	0.00328841	0.0185112	0.0191976	0.00441774	0.0272841	0.0107737	0.00506243	0.0226772	0.00976845	0.030212	0.0208555	0.0411111	0.0275198	0.00602448	0.00286541	0.0037033
144	0.0123528	0.00176962	0.00185597	0.00441896	0.116043	0.00371881	0.00402078	0.1767	0.00306437	0.30507	0.2326	0.00181793	0.0111047	0.00237705	0.00946045	0.00385425	0.0237659	0.045033	0.0168153	0.024157
145	0.010045	0.00206639	0.00920676	0.0620933	0.153937	0.00307377	0.00341561	0.178199	0.0193099	0.123062	0.034611	0.0187227	0.0035616	0.0446972	0.0287223	0.0247463	0.0719048	0.155088	0.000879325	0.0526584
146	0.0514633	0.0721873	0.00250787	0.0166981	0.00768494	0.0150549	0.00253468	0.166134	0.00627406	0.0320983	0.00792467	0.00532158	0.00376021	0.00403264	0.00448941	0.0326739	0.11539	0.450689	0.000537628	0.00254424
147	0.0106145	0.00111381	0.439252	0.08833	0.000986159	0.173838	0.0213267	0.00251694	0.0224107	0.00219525	0.0011029	0.192552	0.0011371	0.00773029	0.00718152	0.0192976	0.00531094	0.00185514	0.000399212	0.000849755
148	0.00918322	0.000868916	0.441337	0.0880405	0.000955124	0.187031	0.024685	0.00212484	0.0237091	0.00237205	0.00104563	0.174322	0.0012587	0.00684595	0.0077773	0.0195167	0.00573082	0.0019608	0.000397304	0.000837495
149	0.0275754	0.013008	0.00295289	0.0411419	0.0878102	0.0141183	0.112693	0.0580607	0.151497	0.0178676	0.0259781	0.00284639	0.00142587	0.0353557	0.175315	0.00580071	0.026385	0.0925097	0.00245695	0.105201
150	0.00759296	0.0133486	0.00162875	0.00217719	0.00111785	0.00150976	0.00139319	0.0896408	0.0021935	0.219805	0.0011999	0.00183715	0.00100725	0.00205974	0.00226863	0.00236776	0.00258389	0.644782	0.000428427	0.00105738
151	0.0355026	0.0110131	0.00244192	0.010987	0.171909	0.00532846	0.0485672	0.0336677	0.0420162	0.0593309	0.0352092	0.00220618	0.00182618	0.019671	0.0362542	0.0261844	0.0162352	0.0746445	0.061186	0.305819
152	0.0947825	0.0209577	0.0027926	0.0116315	0.0865729	0.0181521	0.0447887	0.0452667	0.0552987	0.230404	0.0981037	0.00285288	0.00334902	0.0116603	0.0720464	0.0148727	0.027948	0.0711122	0.00917757	0.0782294
153	0.0482818	0.0118694	0.0130827	0.0132618	0.00168353	0.00241819	0.00346514	0.0149765	0.431959	0.00895143	0.00717162	0.0159585	0.00218005	0.0299944	0.333906	0.0249747	0.017595	0.0156501	0.000837124	0.00178346
154	0.0619765	0.0415212	0.0403815	0.0180118	0.0027934	0.0418266	0.0319602	0.010698	0.0172934	0.0155438	0.00377774	0.0703007	0.0744601	0.00641989	0.0243998	0.2419	0.253263	0.0338092	0.00111084	0.00855196
155	0.0280674	0.00183765	0.0126488	0.0218834	0.0744149	0.00251745	0.00178058	0.221883	0.00980484	0.17211	0.0637533	0.00967799	0.0227411	0.0182538	0.020608	0.0192413	0.0600858	0.195874	0.0025694	0.0402471
156	0.0450341	0.00838719	0.0136971	0.0818378	0.00128308	0.00171582	0.0204493	0.013108	0.294896	0.0116589	0.00540212	0.0134385	0.00734739	0.158777	0.230879	0.00341734	0.040921	0.0390588	0.00737991	0.00131171
157	0.0825202	0.00169457	0.00536367	0.0220802	0.00165764	0.00223406	0.0185954	0.0137409	0.126668	0.00366096	0.00231029	0.00336138	0.118489	0.151549	0.393742	0.00588924	0.0180771	0.0262494	0.000630277	0.0014873
158	0.00918971	0.00130804	0.00055002	0.00169673	0.00372518	0.000475491	0.0011953	0.429598	0.00561784	0.0528402	0.00493014	0.00457936	0.00481122	0.000613533	0.00355838	0.00162891	0.00937375	0.463088	0.00016697	0.00105339
159	0.0275707	0.00614128	0.257346	0.0149449	0.0076125	0.0763587	0.383584	0.0134914	0.0168206	0.0155127	0.00739769	0.0192273	0.00876905	0.0179731	0.0172698	0.0627079	0.0202564	0.0166869	0.00317807	0.00715014
160	0.123301	0.0284421	0.000504254	0.00118649	0.0084975	0.000901236	0.000532368	0.237145	0.000793125	0.0510836	0.0117279	0.00654095	0.000395292	0.000646935	0.00236179	0.0176538	0.0266302	0.479119	0.000116144	0.00242069
161	0.00208286	0.00128951	0.000440714	0.000650758	0.0107207	0.00035938	0.000570873	0.566249	0.00353857	0.111082	0.0128453	0.000508574	0.000273487	0.00049273	0.000798151	0.00173613	0.00827358	0.275354	0.00121369	0.00151979
162	0.017246	0.00530312	0.00462104	0.0197865	0.20001	0.00824977	0.0454162	0.0105998	0.0148227	0.0209709	0.00679348	0.00727016	0.00788083	0.00575016	0.0239633	0.0110713	0.00951804	0.0164257	0.0470384	0.517263
163	0.0389519	0.00363146	0.0293788	0.0911903	0.00250991	0.0031542	0.0118221	0.00786246	0.224779	0.0146482	0.00476481	0.0140337	0.00879367	0.0556306	0.445015	0.0149234	0.0126413	0.0113643	0.00134779	0.00355726
164	0.0455227	0.0102662	0.0223094	0.0565059	0.0103817	0.0179787	0.0187011	0.0150834	0.144407	0.0332057	0.0105763	0.0273704	0.0129609	0.0457857	0.448263	0.027213	0.0212071	0.018259	0.00231658	0.0116864
165	0.00230524	0.00154577	0.00037197	0.000543487	0.00686724	0.000306867	0.000413411	0.541304	0.00123503	0.0939754	0.0099015	0.000439107	0.00023879	0.000408013	0.000647848	0.00191311	0.00945007	0.326092	0.000276005	0.00176472
166	0.012526	0.00110104	0.441252	0.0932546	0.00106761	0.177724	0.0229518	0.00245765	0.0228064	0.00251855	0.00129988	0.171068	0.0013978	0.00793755	0.00811222	0.0226365	0.00628561	0.00206569	0.000457113	0.00107952
167	0.0486918	0.000912587	0.41014	0.304376	0.00360678	0.0161156	0.0167152	0.00439466	0.0268678	0.00790054	0.00392774	0.0172276	0.00996571	0.0358892	0.0189969	0.0364496	0.0246052	0.00616066	0.00291861	0.0041379
168	0.104383	0.00165483	0.542042	0.179156	0.00119297	0.00278243	0.00300778	0.00377718	0.0125714	0.0227806	0.0144952	0.0146132	0.00154	0.00399002	0.00756417	0.0246137	0.0459149	0.00308178	0.00930824	0.0015298
169	0.0108002	0.000400995	0.000757408	0.00748938	0.466029	0.00515867	0.0153595	0.00352946	0.00274777	0.02452	0.00052922	0.000781551	0.00070026	0.000784974	0.00775984	0.00100535	0.00116758	0.00101159	0.0238203	0.425647
170	0.00383615	0.000250391	0.00042714	0.00059108	0.00545065	0.00195837	0.000353171	0.264301	0.00226975	0.614383	0.0244299	0.000409344	0.000264066	0.000433651	0.000619899	0.000631607	0.00534317	0.0706341	8.374e-05	0.00333015
171	0.048278	0.0054899	0.462925	0.140386	0.00771164	0.0301981	0.0146862	0.0479248	0.0247163	0.0208291	0.0107243	0.040505	0.0141651	0.019707	0.0233648	0.0258576	0.0368453	0.0143273	0.00348488	0.00787295
172	0.0664922	0.00444009	0.0087322	0.0105416	0.0995693	0.0115708	0.0123921	0.062479	0.0143772	0.138031	0.0340175	0.00838781	0.288392	0.00917409	0.0191441	0.0154147	0.0212399	0.0960229	0.00538674	0.0741944
173	0.0222968	0.00207492	0.0592371	0.146572	0.00200127	0.00393346	0.00391961	0.0200057	0.0865234	0.419009	0.045464	0.00403635	0.00193961	0.0490207	0.00883409	0.0349576	0.0483103	0.0387189	0.000875506	0.00226911
174	0.184637	0.0633479	0.00134453	0.0222814	0.0200377	0.0230168	0.00826888	0.0637968	0.00181587	0.0116868	0.0188592	0.0344893	0.00108898	0.00693271	0.00211504	0.11166	0.174358	0.239603	0.00033741	0.0103239
175	0.0143683	0.00204133	0.00380507	0.0209796	0.385916	0.00655917	0.0226248	0.0147153	0.00979234	0.0343384	0.00614544	0.00319245	0.00232329	0.00483463	0.017417	0.00580258	0.00667125	0.0131758	0.0264441	0.398853
176	0.0288506	0.00188221	0.0940208	0.0488674	0.0143534	0.00331904	0.0216197	0.0146602	0.0645777	0.00400974	0.00191025	0.233073	0.00172873	0.00795402	0.411534	0.027169	0.00771793	0.00429088	0.000720462	0.00774163
177	0.239131	0.00101958	0.00166791	0.0329229	0.00109576	0.00194024	0.00166685	0.00184672	0.0966018	0.00235061	0.000861884	0.00874359	0.465295	0.00833376	0.0274199	0.0886873	0.015879	0.00254014	0.000462391	0.00153316
178	0.0611884	0.00193597	0.60093	0.142825	0.00147541	0.00318556	0.00231182	0.00581761	0.00768986	0.0112916	0.0166879	0.0374576	0.00185465	0.00359042	0.0146926	0.0130583	0.0644034	0.00346463	0.00449685	0.00164229
179	0.0931464	0.0194827	0.0410741	0.0412644	0.00466272	0.0407697	0.0226262	0.018688	0.0292079	0.0222064	0.00628974	0.0336019	0.138233	0.0172607	0.0373799	0.207276	0.184961	0.0278967	0.00165763	0.0123153
180	0.126041	0.030255	0.00236443	0.00268628	0.00713649	0.0102372	0.00236118	0.0189379	0.0128574	0.306691	0.157191	0.00196409	0.00133985	0.0185933	0.0039327	0.0456585	0.0728774	0.167729	0.00100751	0.0101386
181	0.00642497	0.000527372	0.00058798	0.000698327	0.00680336	0.00197291	0.000396138	0.280038	0.00235876	0.577021	0.0258343	0.00056245	0.00133936	0.000590677	0.000833038	0.00109826	0.00635814	0.0826956	0.000325968	0.00353325
182	0.0432656	0.0018141	0.288656	0.160518	0.00333228	0.218092	0.0245733	0.00410713	0.0318905	0.00690699	0.00215197	0.0935899	0.00900582	0.0229347	0.0188351	0.0436414	0.013162	0.00690871	0.0018571	0.00475724
183	0.122675	0.0284134	0.000502069	0.00112625	0.00848257	0.000897703	0.000504714	0.237973	0.000774033	0.0512247	0.0117554	0.00648778	0.000389356	0.000625504	0.00236215	0.0173952	0.0264362	0.47945	0.000116201	0.00240903
184	0.237958	0.00103799	0.00165074	0.0325788	0.00104801	0.00197027	0.00170723	0.00196411	0.0960085	0.00241022	0.00086683	0.00860307	0.469262	0.00828431	0.0272768	0.0873234	0.0155344	0.00256014	0.000450776	0.00150518
185	0.0309216	0.00445569	0.144662	0.0173068	0.00547038	0.424967	0.0731449	0.00630127	0.0380818	0.026119	0.0024147	0.0829518	0.00361328	0.0229776	0.017659	0.069324	0.0125294	0.0110927	0.00111152	0.00489485
186	0.00383615	0.000250391	0.00042714	0.00059108	0.00545065	0.00195837	0.000353171	0.264301	0.00226975	0.614383	0.0244299	0.000409344	0.000264066	0.000433651	0.000619899	0.000631607	0.00534317	0.0706341	8.374e-05	0.00333015
187	0.00594051	0.000826349	0.00145081	0.0044494	0.149709	0.00229635	0.00488613	0.19815	0.00197431	0.257822	0.239348	0.00136148	0.00871912	0.00149858	0.00853388	0.00248982	0.0265795	0.0363335	0.0232376	0.0243944
188	0.122873	0.000866099	0.108597	0.152447	0.0054492	0.0210014	0.0197814	0.00187609	0.0784515	0.00196934	0.00129812	0.105878	0.00287676	0.0811835	0.130317	0.104727	0.0461295	0.0122005	0.000372249	0.00170543
189	0.68485	0.0345806	0.000887982	0.00117247	0.000785221	0.0545012	0.000869328	0.0337114	0.00135262	0.0169339	0.0149235	0.00100496	0.000633557	0.00131636	0.00124291	0.055337	0.0231656	0.0714474	0.000290187	0.000993781
190	0.0356206	0.0118592	0.002498	0.0114372	0.1684	0.00571832	0.0509032	0.0337148	0.0402386	0.061848	0.0355809	0.00216063	0.00192527	0.0180508	0.0371705	0.0261826	0.0152125	0.0749368	0.060121	0.306421
