280	20
1	0.0088229	0.00107012	0.00117918	0.00136501	0.0260237	0.003066	0.00118203	0.157947	0.00195236	0.343739	0.366214	0.00223087	0.00153598	0.0255126	0.00205366	0.00465197	0.0314611	0.0120264	0.00622815	0.00173786
2	0.0454619	0.00182034	0.0826243	0.0345628	0.00330002	0.173319	0.0320968	0.00406507	0.0379385	0.00673551	0.00327521	0.209963	0.02139	0.0608875	0.0211174	0.22858	0.0207107	0.00679078	0.00178855	0.00357287
3	0.016449	0.00130285	0.000882472	0.00112523	0.374538	0.00279368	0.00081865	0.115899	0.0016244	0.167359	0.0254264	0.0320369	0.0476905	0.00208386	0.0303544	0.0279774	0.0163352	0.13007	0.00367729	0.00155519
4	0.0499621	0.00408976	0.00492294	0.00467934	0.324759	0.0149159	0.00598249	0.0699506	0.00964415	0.187177	0.0217407	0.011064	0.0157705	0.00769583	0.00840196	0.0187553	0.0256614	0.094748	0.0325241	0.0875556
5	0.0836127	0.000353143	0.200429	0.297962	0.000952711	0.0669341	0.000583174	0.00148359	0.0320169	0.00183082	0.012432	0.0563628	0.020669	0.134292	0.00864642	0.0496627	0.0249649	0.00194017	0.00435041	0.000520982
6	0.0475844	0.00071672	0.000516289	0.00591046	0.00153215	0.00754216	0.0122623	0.00211949	0.252648	0.00812893	0.00669516	0.016614	0.000721113	0.0542162	0.508008	0.0520156	0.00791591	0.0133035	0.000785552	0.000763956
7	0.0186313	0.00059871	0.000663201	0.000536146	0.246509	0.00215347	0.0147032	0.0248556	0.000916324	0.0631589	0.00138233	0.0171001	0.000708953	0.0011502	0.000906965	0.00214359	0.0276737	0.0672579	0.0381002	0.47085
8	0.06096	0.00375214	0.00195086	0.0058743	0.0630357	0.0181805	0.00250508	0.136223	0.00371784	0.435372	0.0666616	0.00571535	0.00374258	0.00978285	0.00347759	0.014787	0.022262	0.119175	0.00923947	0.0135853
9	0.0229794	0.00115238	0.000836285	0.00137897	0.011871	0.00724297	0.000849269	0.00499945	0.00143958	0.00427607	0.0022647	0.00205009	0.0143312	0.00174728	0.00137525	0.51199	0.399591	0.00669064	0.00138987	0.00154441
10	0.0349824	0.00086964	0.000235902	0.00366315	0.0540255	0.00495474	0.000150898	0.151111	0.000216503	0.552383	0.028934	0.000272435	0.00147199	0.00254163	0.000302829	0.00649059	0.011028	0.144104	0.000240031	0.0020214
11	0.0499547	0.00461045	0.00254534	0.00425767	0.203253	0.0206304	0.0068386	0.0449129	0.0167389	0.160722	0.0300593	0.0113435	0.0107945	0.00728787	0.00729628	0.0161454	0.0237855	0.0662793	0.174705	0.137839
12	0.0272209	0.00336915	0.00152717	0.00295495	0.0174528	0.00366648	0.000664589	0.330868	0.000994324	0.0878912	0.0201208	0.0039608	0.00175946	0.00167983	0.00150368	0.00472044	0.0314244	0.449212	0.00252836	0.00648016
13	0.449051	0.00974642	0.00065467	0.000815715	0.104708	0.139328	0.000975552	0.0641682	0.00122146	0.0954568	0.005016	0.00130699	0.00113799	0.00300884	0.00130986	0.0289201	0.0263868	0.0520456	0.0134942	0.00124667
14	0.0617941	0.00289709	0.000195233	0.00337992	0.0585789	0.0153065	0.000154589	0.164324	0.000266606	0.468789	0.0284167	0.000309609	0.00128573	0.00252365	0.000254771	0.010374	0.0206916	0.154913	0.00190634	0.00363971
15	0.152186	0.55826	0.00207495	0.00313828	0.00651542	0.095876	0.00214483	0.00957492	0.00382107	0.0105308	0.00740964	0.00494121	0.00269327	0.00492047	0.00409814	0.0972071	0.0128291	0.0143073	0.00386128	0.00361028
16	0.0255356	0.0030818	0.00253205	0.00467062	0.00987037	0.00867098	0.00286915	0.180256	0.00448358	0.0584714	0.463307	0.00764215	0.00734275	0.00941282	0.00518379	0.0127606	0.102761	0.08184	0.00474244	0.00456545
17	0.199231	0.00330886	0.000320828	0.000605899	0.0248879	0.0975168	0.000492708	0.14052	0.000506316	0.159139	0.00811875	0.000847386	0.000515224	0.000758822	0.00061463	0.00995953	0.0305062	0.318109	0.00257268	0.00146805
18	0.22733	0.00215765	0.000416776	0.000568028	0.0190381	0.106941	0.000506458	0.120994	0.000605431	0.162838	0.0059135	0.000902266	0.000512655	0.000791732	0.000720017	0.00794118	0.0254677	0.313887	0.00170595	0.000763707
19	0.2012	0.0128021	0.0122815	0.0166355	0.0169999	0.299635	0.00583148	0.0269783	0.0317159	0.0385042	0.0172449	0.0269803	0.0163428	0.0163408	0.0241435	0.129365	0.0393176	0.0519295	0.00890312	0.00684838
20	0.0182436	0.00398383	0.000154237	0.000297432	0.00996696	0.00130848	0.000176806	0.318708	0.000269099	0.0386429	0.0044678	0.00102022	0.000244351	0.000320035	0.000273626	0.00217476	0.0314709	0.566859	0.000264585	0.00115323
21	0.235836	0.00880581	0.000308068	0.000474587	0.0433568	0.0909416	0.000348195	0.111473	0.00042843	0.220857	0.0225558	0.000693074	0.000341936	0.000746888	0.000476699	0.0174193	0.0349575	0.199058	0.00918345	0.00173777
22	0.0349637	0.00089675	0.000222515	0.00381711	0.054019	0.00500539	0.00014185	0.156357	0.000208819	0.550193	0.0295441	0.000270998	0.00140718	0.00262465	0.000251371	0.00655007	0.011381	0.139652	0.000312737	0.00217993
23	0.199862	0.0140268	0.0112415	0.0123308	0.0181347	0.303383	0.0045215	0.0360329	0.0337522	0.0416025	0.0179031	0.0256154	0.0169961	0.0163908	0.0240449	0.110526	0.0429376	0.0545125	0.00923243	0.0069526
24	0.015934	0.000938453	0.000697379	0.0280005	0.003526	0.0029273	0.0387209	0.0124701	0.244586	0.0808908	0.00214853	0.0668201	0.000989929	0.0927141	0.172576	0.0380453	0.00525074	0.0666021	0.034679	0.0914831
25	0.0264706	0.000478066	0.0735139	0.078844	0.00104423	0.0723483	0.0542118	0.0013179	0.0651698	0.00194511	0.000943233	0.227708	0.0061332	0.157064	0.0672175	0.10169	0.0497234	0.00547712	0.00081775	0.00788293
26	0.0111715	0.00190394	0.000611314	0.000927174	0.0267992	0.00105879	0.000230554	0.439307	0.000389013	0.130009	0.0229667	0.00129152	0.00051275	0.000652667	0.000470962	0.00321972	0.0168171	0.329879	0.0035056	0.00827604
27	0.0910356	0.00617302	0.04865	0.0349643	0.0085181	0.0607156	0.0162455	0.0132795	0.0262289	0.0190009	0.0110391	0.291689	0.0506761	0.0359028	0.0184348	0.199584	0.0290936	0.023889	0.00581694	0.0090633
28	0.0185788	0.000514211	0.000185806	0.00156261	0.0477977	0.002511	0.000202014	0.378996	0.000309823	0.357312	0.0340778	0.000396485	0.000729413	0.00122412	0.000348402	0.00458012	0.00672791	0.132953	0.00376465	0.00722746
29	0.0939825	0.00175449	0.0107507	0.00167441	0.00564729	0.0336464	0.00131847	0.0505102	0.00241937	0.0529024	0.0100702	0.009098	0.620769	0.00897415	0.00192299	0.0186193	0.00919933	0.0600543	0.00441372	0.00227309
30	0.00705785	0.00100703	0.0015702	0.0135374	0.00256287	0.0020876	0.000668069	0.497463	0.00111121	0.0172507	0.0923424	0.0108174	0.0212392	0.00183102	0.00441913	0.00449503	0.0737128	0.24438	0.00116665	0.00128134
31	0.457389	0.0222122	0.000794429	0.00118893	0.0185706	0.122071	0.00112902	0.0303833	0.00168936	0.0230958	0.00844334	0.00342484	0.0016621	0.00417855	0.00283549	0.119614	0.102473	0.071183	0.00445377	0.00320862
32	0.0182329	0.0040093	0.000153797	0.000286516	0.00991352	0.00129248	0.000170708	0.317469	0.000268593	0.0384481	0.00406252	0.000967273	0.00024445	0.000319013	0.000271776	0.00209414	0.0308035	0.569576	0.000262256	0.00115433
33	0.164086	0.0171558	0.000690512	0.00184167	0.153736	0.0542535	0.000787558	0.0391889	0.00104318	0.457678	0.021272	0.00175344	0.00215088	0.00295559	0.00137117	0.00485206	0.0181593	0.0526464	0.00261502	0.00176262
34	0.0318589	0.00164016	0.000789269	0.00179702	0.0310019	0.00586514	0.000237347	0.340742	0.00109407	0.275691	0.0392341	0.00209795	0.000673578	0.00170817	0.00144307	0.00588664	0.0161626	0.233521	0.0030087	0.00554715
35	0.0366701	0.00276768	0.00199456	0.00260486	0.21335	0.0115	0.00334453	0.0494106	0.0193542	0.254519	0.0429179	0.0049725	0.00812081	0.00477477	0.00539326	0.0167048	0.0163937	0.0597813	0.176032	0.0693933
36	0.171002	0.0127846	0.000246935	0.00127535	0.0569035	0.0508659	0.000238113	0.163914	0.000376606	0.213118	0.0276963	0.000624152	0.00111722	0.000968606	0.000362714	0.0220747	0.0445076	0.214607	0.0115351	0.00578158
37	0.0409166	0.00546933	0.00330394	0.00454799	0.0307663	0.0118993	0.00269039	0.121817	0.00438497	0.203982	0.373736	0.00713197	0.00533528	0.0226352	0.00549586	0.0176385	0.0531219	0.0652062	0.0131816	0.00673889
38	0.0102489	0.000978263	0.00140759	0.00967903	0.00776636	0.00181331	0.000572625	0.482474	0.000863978	0.0553576	0.0780679	0.00866544	0.0145404	0.00149402	0.00346135	0.00426167	0.0556608	0.258463	0.00171072	0.00251273
39	0.018581	0.000600158	0.000663632	0.000493514	0.246795	0.00144462	0.0147027	0.0249744	0.000924471	0.0633236	0.00137099	0.0170216	0.000719502	0.00115259	0.000898122	0.00211835	0.0276662	0.0677105	0.0379141	0.470925
40	0.0543811	0.00197288	0.00876428	0.00249926	0.010672	0.0185181	0.00220249	0.0217424	0.00294226	0.0246281	0.00806597	0.00806371	0.756551	0.00778405	0.00242271	0.0148092	0.011296	0.0317952	0.0084019	0.00248751
41	0.0949994	0.00719154	0.00256493	0.00300528	0.0196001	0.0137229	0.00175285	0.203666	0.00250799	0.142707	0.175684	0.00770894	0.00431693	0.00672438	0.00458541	0.0165895	0.0484605	0.219882	0.0133865	0.0109434
42	0.0119015	0.00170458	0.00140501	0.00154094	0.0395715	0.00347384	0.000994137	0.0990003	0.00266997	0.34162	0.389535	0.00282479	0.00173551	0.0327998	0.00219044	0.00530981	0.0280069	0.02267	0.00888666	0.00215975
43	0.0507385	0.000693741	0.000432075	0.000612889	0.00239323	0.00143246	0.000517571	0.238569	0.000714791	0.236669	0.0979036	0.00158541	0.000753015	0.000878701	0.00553201	0.00385653	0.0224713	0.332773	0.000772042	0.000700499
44	0.0166351	0.000533292	0.0474032	0.0166525	0.00674916	0.0974721	0.0112873	0.00208654	0.484707	0.00769646	0.00146144	0.0701636	0.000720612	0.0412087	0.175881	0.00231752	0.00749338	0.0029844	0.000692493	0.00585379
45	0.0174	0.00376918	0.00120784	0.00183109	0.00917712	0.00132772	0.000179711	0.331364	0.000328089	0.0356154	0.00567469	0.0017807	0.000670713	0.00065254	0.000820796	0.00208741	0.0316284	0.55297	0.000343842	0.00116999
46	0.0642921	0.00359079	0.114935	0.104315	0.00164125	0.0575901	0.0348946	0.00195152	0.0684974	0.00254306	0.00285548	0.222066	0.00820293	0.104219	0.0498968	0.115119	0.0330836	0.004687	0.00106426	0.00455456
47	0.0178684	0.00193857	0.00224879	0.00184175	0.452251	0.00470882	0.0021271	0.0430786	0.00804495	0.223696	0.0213854	0.00850347	0.0330939	0.00353883	0.00677001	0.018368	0.010735	0.0575575	0.0611505	0.0210929
48	0.171399	0.00186358	0.00141214	0.0270595	0.00320786	0.231092	0.00112892	0.00614	0.0939716	0.00789013	0.00577785	0.0211746	0.00326308	0.0178711	0.0330039	0.295948	0.0634568	0.0103379	0.00212811	0.00187439
49	0.228942	0.0287658	0.0332235	0.070561	0.00524787	0.0421295	0.00237802	0.00955646	0.0111068	0.00989938	0.00853288	0.0184381	0.00364961	0.0330348	0.00973223	0.450059	0.0157414	0.0114285	0.00478469	0.00278799
50	0.0511908	0.000777289	0.000430815	0.00062789	0.00305704	0.0016291	0.000498295	0.241175	0.000700811	0.236019	0.0961109	0.0015756	0.000696858	0.000832296	0.0053753	0.00423286	0.0239351	0.329574	0.000826423	0.000735171
51	0.0183013	0.00060255	0.0427954	0.0152338	0.00638845	0.0908699	0.0106919	0.00213503	0.494985	0.00742343	0.00168421	0.0653176	0.00078143	0.0387622	0.181711	0.003689	0.00884192	0.00347252	0.000864391	0.00544898
52	0.0700491	0.00463114	0.0445746	0.0435474	0.00768332	0.182134	0.0205819	0.0124543	0.0337505	0.0173128	0.0109092	0.0831803	0.172743	0.0729167	0.0187464	0.127901	0.0416893	0.0165918	0.00998214	0.00862088
53	0.0337207	0.000824077	0.000210324	0.00354446	0.0518604	0.00471265	0.000146125	0.166469	0.000224815	0.541957	0.0302759	0.000279258	0.00140071	0.00245039	0.000272247	0.00637969	0.0108372	0.141767	0.000419654	0.002248
54	0.174711	0.0132394	0.000277533	0.00145769	0.0579116	0.0467647	0.000252576	0.174751	0.00042021	0.173635	0.0259008	0.000607663	0.00162056	0.000611074	0.000392249	0.0258315	0.0531582	0.223783	0.0156784	0.00899616
55	0.0366808	0.000649529	0.000337957	0.000544798	0.00981706	0.00127109	0.000356983	0.308005	0.000578224	0.229305	0.0776621	0.00113935	0.000588229	0.00069764	0.0038195	0.00386355	0.021867	0.298766	0.00168265	0.00236725
56	0.115117	0.012432	0.00363017	0.00561824	0.022051	0.0315246	0.00510254	0.15009	0.00979689	0.0580896	0.0287822	0.010173	0.00907578	0.00973588	0.0079546	0.049805	0.184841	0.267275	0.00541724	0.0134884
57	0.202777	0.0223824	0.000793875	0.00209099	0.0367332	0.0486397	0.00114381	0.13433	0.00274113	0.195986	0.024253	0.00269549	0.00257805	0.00255901	0.00227754	0.0216069	0.050358	0.181208	0.0576679	0.00717795
58	0.141289	0.00892091	0.000457601	0.00173257	0.0748504	0.0253332	0.000440699	0.211043	0.000733115	0.13704	0.021484	0.00120935	0.00353436	0.0010645	0.000785179	0.0273104	0.06426	0.249736	0.0159744	0.0128029
59	0.0182329	0.0040093	0.000153797	0.000286516	0.00991352	0.00129248	0.000170708	0.317469	0.000268593	0.0384481	0.00406252	0.000967273	0.00024445	0.000319013	0.000271776	0.00209414	0.0308035	0.569576	0.000262256	0.00115433
60	0.0739901	0.00578291	0.0530238	0.0510442	0.0230832	0.0581872	0.0256146	0.022636	0.0575586	0.0320899	0.0184815	0.219507	0.0284057	0.0633348	0.0411757	0.10032	0.0464636	0.0367975	0.0116344	0.0308698
61	0.0504156	0.00719473	0.00165525	0.00324866	0.145887	0.0189189	0.00891039	0.0337997	0.018561	0.0930956	0.0236696	0.0145367	0.00610393	0.0126318	0.013651	0.0275852	0.0275828	0.0678033	0.176344	0.248405
62	0.189196	0.0141432	0.000443737	0.000883704	0.12305	0.0571443	0.00043463	0.0398347	0.000664363	0.478421	0.0214613	0.00079434	0.000584001	0.00161129	0.000760242	0.00273764	0.016927	0.0492703	0.000726609	0.000912307
63	0.0180959	0.00395268	0.000339806	0.000652477	0.00977152	0.00131512	0.000170193	0.31998	0.000283671	0.0377647	0.00405119	0.00118453	0.000251148	0.000449132	0.000375058	0.00207933	0.0304594	0.567408	0.000273447	0.00114321
64	0.16519	0.00887616	0.0177273	0.0241391	0.0175516	0.0702108	0.0116302	0.0236349	0.219515	0.0408654	0.0148289	0.0398292	0.00969045	0.0374126	0.120388	0.0614637	0.0386082	0.0425522	0.0197198	0.0161657
65	0.0531733	0.00178219	0.00895424	0.0024307	0.0101905	0.0204209	0.00185357	0.0196641	0.00396617	0.0219687	0.00794458	0.00766763	0.762053	0.00778929	0.00284258	0.0151254	0.0108482	0.0295027	0.0085754	0.00324709
66	0.0564544	0.00369771	0.00464118	0.00416301	0.320115	0.017282	0.00779088	0.0695419	0.00913268	0.174011	0.0230069	0.0142208	0.0189975	0.0084798	0.00743457	0.0237019	0.0276313	0.0811654	0.0300035	0.0985291
67	0.0279801	0.00148808	0.000897793	0.00130357	0.0144	0.010392	0.00100386	0.00578775	0.00156687	0.0055018	0.00270516	0.00299955	0.0134908	0.00221587	0.00181724	0.520013	0.375551	0.00770158	0.00141717	0.00176593
68	0.0425228	0.00574422	0.00613585	0.00736307	0.0373328	0.0150532	0.00459864	0.109622	0.00531327	0.209155	0.364024	0.00832137	0.00459879	0.0212326	0.00669914	0.0200826	0.0513647	0.0596781	0.0138846	0.00727366
69	0.116085	0.00180231	0.00175683	0.00223696	0.204944	0.0056943	0.0118165	0.0204656	0.00267936	0.0698247	0.00434539	0.0146543	0.00217352	0.00365747	0.00307225	0.00673164	0.0373916	0.0645704	0.0278299	0.398267
70	0.191686	0.0138934	0.000475372	0.000788725	0.122001	0.0582128	0.000439264	0.0398793	0.000676884	0.475498	0.0211344	0.000790787	0.000554225	0.00138305	0.000750044	0.00271278	0.016765	0.0506689	0.000765171	0.000924748
71	0.00667776	0.000362711	0.000190217	0.000335437	0.0443991	0.000847139	0.000235827	0.522064	0.000376036	0.22078	0.0357156	0.000659137	0.000443969	0.000620576	0.000557539	0.00398413	0.00454923	0.140156	0.006211	0.0108345
72	0.586674	0.0206985	0.000560846	0.000858294	0.00162614	0.113408	0.000502365	0.00638844	0.000747186	0.00323354	0.0140066	0.00429031	0.000533665	0.00141817	0.00271751	0.20816	0.0175358	0.0128221	0.00314485	0.000673054
73	0.0913168	0.0260839	0.00244813	0.00274382	0.0109919	0.0307437	0.00240696	0.0100419	0.0270782	0.0647349	0.0312757	0.00456096	0.00304129	0.0307353	0.0297559	0.0866278	0.033353	0.0693714	0.290927	0.151761
74	0.0336091	0.00102852	0.000234496	0.00378834	0.0739979	0.00528104	0.000191093	0.151098	0.00043294	0.542892	0.0287977	0.000364374	0.00138985	0.00277514	0.000319343	0.00636168	0.0110784	0.133079	0.000720289	0.00256029
75	0.0562578	0.00355287	0.00168978	0.00304733	0.229787	0.0157226	0.00151513	0.0862432	0.0035805	0.382032	0.0479852	0.00349777	0.00806968	0.00700368	0.00296705	0.0109777	0.0151914	0.0802175	0.021127	0.0195347
76	0.0253109	0.00104953	0.000490396	0.00250579	0.20107	0.00428821	0.000509944	0.125967	0.00203777	0.416422	0.028771	0.0083052	0.0140328	0.00239502	0.00726229	0.0118781	0.0110823	0.123169	0.00780938	0.00564412
77	0.0841874	0.000348177	0.201058	0.298056	0.000955169	0.0668821	0.000456471	0.00144169	0.0316548	0.00185165	0.012498	0.0560529	0.0207623	0.134191	0.00837509	0.0495146	0.0248893	0.00193784	0.00437821	0.000508857
78	0.0502214	0.00409995	0.0765315	0.08961	0.0133982	0.00744153	0.00279754	0.126219	0.00436951	0.303076	0.039433	0.00574448	0.00309177	0.0418831	0.00487234	0.0862011	0.0516041	0.0806609	0.0042916	0.0044528
79	0.329816	0.00670591	0.00303627	0.0045029	0.040694	0.127213	0.00338339	0.100765	0.00580254	0.0755634	0.0113641	0.0075948	0.00460529	0.0372271	0.00635493	0.121582	0.0285989	0.0347895	0.0449065	0.00549376
80	0.026486	0.000478092	0.0737189	0.0789003	0.00104612	0.0723323	0.05428	0.00129232	0.0649461	0.00187952	0.000939427	0.227873	0.00612963	0.156827	0.0670783	0.10191	0.0497435	0.0054317	0.000816338	0.00789122
81	0.0841691	0.000349059	0.20119	0.297829	0.000955498	0.0668487	0.000468316	0.001438	0.0316113	0.001946	0.0124848	0.0559778	0.02075	0.134279	0.00837107	0.0495855	0.0249005	0.00194934	0.0043811	0.000514673
82	0.108926	0.00522922	0.0039363	0.00593749	0.108758	0.0261709	0.0126787	0.0486006	0.0110552	0.218798	0.020094	0.023938	0.00611891	0.00904277	0.00969541	0.0204119	0.0384655	0.0712654	0.0364884	0.21439
83	0.00724707	0.000365031	0.000195524	0.000329655	0.0405892	0.00078112	0.00021507	0.519276	0.000365144	0.219774	0.0371306	0.000610821	0.000319305	0.000548808	0.000493034	0.00404139	0.0058892	0.144855	0.00605967	0.0109144
84	0.327462	0.018036	0.00200933	0.00311043	0.018465	0.0744016	0.0025879	0.0696225	0.0045282	0.035824	0.0150589	0.00551206	0.00392089	0.00829004	0.0045014	0.153344	0.153769	0.0829206	0.00884719	0.00778844
85	0.180877	0.0104473	0.0116951	0.0124058	0.0187138	0.297754	0.0059493	0.0339885	0.0398467	0.0500107	0.0184296	0.0287547	0.0215122	0.018312	0.026637	0.107059	0.0430777	0.0562612	0.00883471	0.00943388
86	0.232944	0.0780991	0.00274275	0.00346244	0.0154125	0.0202081	0.00210505	0.0531416	0.00385182	0.127768	0.12973	0.00578034	0.00354314	0.00535401	0.00393343	0.0465001	0.055809	0.196016	0.00860801	0.00499163
87	0.0166481	0.00327177	0.0034003	0.00465418	0.00856203	0.00142838	0.000275041	0.356774	0.000477871	0.0357701	0.0124066	0.0035061	0.00183699	0.0015773	0.00140816	0.00235094	0.0320488	0.511799	0.000443839	0.00136036
88	0.0307703	0.000961854	0.000221896	0.00308626	0.0535783	0.00458326	0.000146331	0.216869	0.000286835	0.494225	0.0304826	0.000374788	0.00122608	0.00222851	0.000311466	0.00592902	0.00985615	0.140229	0.00127106	0.00336271
89	0.0548164	0.00452988	0.00383957	0.00515962	0.135298	0.016449	0.00912272	0.0774273	0.0145632	0.239222	0.0295384	0.019061	0.00689249	0.0107568	0.00901969	0.0178414	0.0316714	0.0802445	0.0439038	0.190642
90	0.3176	0.0162855	0.00773525	0.0109702	0.0183808	0.231246	0.00206988	0.0278199	0.0137172	0.0478185	0.0153931	0.0132031	0.0104022	0.00868114	0.0114396	0.142071	0.0408616	0.0500869	0.00861665	0.00560148
91	0.267287	0.0129458	0.000722392	0.000945974	0.0361167	0.0663601	0.000804871	0.119468	0.00152599	0.178079	0.0218337	0.00190416	0.00143901	0.00247774	0.00150703	0.0291605	0.034916	0.208219	0.0106915	0.0035954
92	0.365023	0.0211178	0.00457425	0.00473268	0.0176997	0.0689611	0.00405285	0.0447323	0.00721039	0.0327873	0.0151256	0.0105782	0.00565461	0.00961872	0.00768443	0.123756	0.157263	0.0836941	0.00683657	0.0088967
93	0.0532326	0.00184798	0.0100858	0.00397741	0.0120971	0.0194851	0.00217568	0.0252473	0.00395716	0.0279921	0.00790222	0.00828274	0.741575	0.00920748	0.00293514	0.016291	0.0123216	0.0313895	0.00770884	0.00228858
94	0.171309	0.344617	0.00532558	0.00914236	0.0165573	0.0651247	0.00462999	0.0382372	0.00886457	0.0428439	0.0200231	0.0144781	0.0130556	0.0105361	0.00909518	0.0880188	0.0463274	0.0707711	0.0109654	0.010078
95	0.0914344	0.00809825	0.00794649	0.00809125	0.0289012	0.0236134	0.00928113	0.216257	0.00790247	0.0794851	0.0476355	0.0124489	0.0126374	0.00964572	0.00673632	0.0448009	0.178653	0.190541	0.00974921	0.00614162
96	0.472053	0.0178584	0.0035132	0.00564779	0.0256814	0.082297	0.00333326	0.0351636	0.00750708	0.0545789	0.0162065	0.00874835	0.00847216	0.00769257	0.00885441	0.127486	0.0440815	0.0523691	0.00921711	0.00923888
97	0.0539824	0.00676881	0.00476062	0.00585356	0.0336481	0.0178704	0.00356387	0.117648	0.00644069	0.189615	0.349791	0.00950374	0.00567975	0.0218826	0.00569181	0.0242021	0.0534247	0.0693677	0.0127134	0.00759185
98	0.0587947	0.00863227	0.00330188	0.00423696	0.0269175	0.0166346	0.00373658	0.241985	0.00787625	0.0847508	0.0203247	0.00988478	0.00530897	0.00690514	0.00676443	0.0155911	0.0450979	0.416245	0.00711185	0.00989899
99	0.0417948	0.00255389	0.00110108	0.00281768	0.199318	0.00930022	0.00145011	0.168095	0.00326392	0.340506	0.0348067	0.00584513	0.010153	0.00409007	0.00446699	0.0126349	0.0158844	0.108441	0.0168838	0.0165944
100	0.0199968	0.00320434	0.00145305	0.00391215	0.00851965	0.00180767	0.000508192	0.339448	0.000698972	0.0567295	0.034578	0.005136	0.00419687	0.00135957	0.00214979	0.00343509	0.0364947	0.473639	0.000937753	0.00179473
101	0.0458673	0.00420411	0.00301126	0.00353824	0.21622	0.0189176	0.0061065	0.0506418	0.01318	0.182934	0.0323412	0.00967266	0.0103753	0.00631151	0.00647745	0.0191143	0.0218344	0.0656	0.168813	0.11484
102	0.0774948	0.00324645	0.00185854	0.00389909	0.00855175	0.066394	0.00162462	0.00922609	0.00670298	0.0126126	0.00552286	0.0182346	0.00881061	0.00383126	0.00411303	0.504297	0.245651	0.012367	0.00293571	0.0026264
103	0.0194314	0.0029004	0.0024139	0.00679191	0.0338604	0.00744672	0.185542	0.0116424	0.0551581	0.0456585	0.00633615	0.0987233	0.00397703	0.103622	0.0910354	0.0632153	0.0374284	0.0215452	0.00702338	0.196249
104	0.0176635	0.00175397	0.00155026	0.00194348	0.0486244	0.00472903	0.000894001	0.103141	0.00190812	0.375147	0.333213	0.00302598	0.00203289	0.030933	0.00212309	0.00660749	0.0251298	0.0290411	0.00842867	0.00211024
105	0.250735	0.0608985	0.0011367	0.00142152	0.00559011	0.0489429	0.00129181	0.0255414	0.00323855	0.00565118	0.00673227	0.00240054	0.00151575	0.00554953	0.0019482	0.152364	0.264021	0.152555	0.00204533	0.00642008
106	0.0157296	0.000626761	0.0554675	0.0200845	0.00772825	0.0950351	0.0102066	0.00229611	0.466063	0.00918732	0.00157975	0.0717802	0.000681863	0.0408234	0.181767	0.00257894	0.00714583	0.0034738	0.000824398	0.00691968
107	0.291394	0.00882488	0.00362199	0.00624096	0.00271411	0.327031	0.00168501	0.00881216	0.0152816	0.00646792	0.0136073	0.0141605	0.00341447	0.00543655	0.00839463	0.237741	0.029051	0.0121243	0.00247765	0.00151879
108	0.0463506	0.00225703	0.122102	0.0799425	0.00271902	0.0615033	0.044929	0.00218805	0.0556522	0.00343189	0.00219778	0.256764	0.00835497	0.101856	0.0447854	0.119049	0.0334502	0.00552403	0.00120139	0.00574095
109	0.120371	0.00163311	0.020305	0.00174146	0.00489981	0.0437159	0.00321057	0.0341086	0.00433902	0.0372398	0.0166556	0.016756	0.587004	0.0201298	0.00263557	0.0352056	0.0134671	0.0294487	0.00444128	0.00269301
110	0.158424	0.00287582	0.0025479	0.00281021	0.00788739	0.0782082	0.0319295	0.0109148	0.00508079	0.134525	0.0095031	0.197272	0.0331769	0.00569293	0.00451683	0.0127672	0.0928192	0.0907465	0.00481127	0.11349
111	0.0220343	0.000891336	0.00162469	0.0011286	0.21681	0.00246502	0.0396413	0.0228417	0.0032606	0.0708377	0.00252423	0.0211304	0.00120902	0.00650722	0.0059272	0.00654898	0.026521	0.0593816	0.032606	0.456109
112	0.267226	0.0300914	0.00274369	0.00286747	0.0151351	0.061879	0.00253125	0.0601905	0.00635171	0.0404781	0.0168082	0.00600039	0.00508531	0.00693848	0.004695	0.0908568	0.201609	0.164189	0.00654486	0.00777861
113	0.0367115	0.00141757	0.0002229	0.00224262	0.0354504	0.00684518	0.000302399	0.234377	0.00074663	0.366671	0.0349568	0.000814138	0.00115136	0.00181204	0.00113167	0.00612116	0.0173243	0.247436	0.00141848	0.00284582
114	0.0732972	0.0193937	0.00126053	0.00195261	0.0215642	0.0216947	0.000831042	0.276495	0.00153699	0.0656219	0.0138814	0.00315218	0.00138541	0.00216917	0.00141747	0.0226795	0.0542595	0.408595	0.00469725	0.00411554
115	0.026512	0.0040125	0.00555121	0.00736955	0.0429067	0.0091079	0.00302498	0.077696	0.00566571	0.329751	0.306476	0.0058843	0.00429138	0.0842483	0.00471578	0.0150442	0.0265243	0.0261718	0.00989594	0.00515024
116	0.0600477	0.00934148	0.00267075	0.00324514	0.0243867	0.014896	0.00260447	0.251631	0.0033401	0.0986699	0.0208906	0.00651102	0.00721383	0.0042467	0.00260619	0.0157888	0.0487714	0.406223	0.00593995	0.0109753
117	0.680197	0.0150761	0.000826786	0.0010736	0.0042585	0.0563231	0.000777004	0.00561656	0.00106246	0.00453451	0.00842956	0.00322435	0.000846221	0.00196628	0.0057928	0.175316	0.0161437	0.0112328	0.00620656	0.00109619
118	0.0445477	0.00361492	0.000339581	0.0006488	0.0205517	0.0054448	0.000368236	0.295686	0.000644297	0.103684	0.034909	0.00139611	0.000848216	0.00075252	0.00112004	0.0135763	0.065448	0.401805	0.00242283	0.00219082
119	0.0741922	0.00591644	0.0590701	0.0609193	0.0229406	0.056805	0.03011	0.0230278	0.0585523	0.0335593	0.0151086	0.204148	0.0273696	0.0770779	0.0441168	0.0987727	0.0449371	0.0339839	0.00820105	0.0211918
120	0.0877108	0.00768323	0.15241	0.118936	0.00768447	0.0577394	0.0191368	0.0117282	0.0400975	0.0232184	0.011668	0.127439	0.0189683	0.078922	0.0273971	0.149608	0.032797	0.0172327	0.00530212	0.00432062
121	0.0414829	0.00126314	0.00104268	0.00461129	0.0458491	0.00513594	0.000281044	0.138487	0.000500577	0.551824	0.0276631	0.000553456	0.00154692	0.00363777	0.000620788	0.0154394	0.0163478	0.140398	0.000487481	0.00282676
122	0.0487166	0.00273321	0.000548329	0.00254688	0.0152917	0.00600011	0.000617745	0.313173	0.00117683	0.123952	0.0715087	0.00359875	0.00423067	0.00130505	0.00260001	0.0185497	0.0971262	0.28192	0.0022927	0.00211156
123	0.00673624	0.00103434	0.00100243	0.000979384	0.0374737	0.00283849	0.000907549	0.113309	0.00169503	0.365751	0.382115	0.00183606	0.00140485	0.034608	0.00151668	0.00357506	0.0272355	0.00691047	0.00772677	0.00134512
124	0.0261289	0.000851356	0.000230623	0.000614377	0.0167171	0.00103362	0.000335875	0.361555	0.000519234	0.206454	0.0569502	0.0010759	0.000787238	0.000611908	0.00241619	0.00385881	0.018138	0.295093	0.00249027	0.00413868
125	0.0223158	0.00291846	0.000769442	0.00113288	0.206135	0.00262749	0.00077475	0.193825	0.00128386	0.0548228	0.00400235	0.00254668	0.00126112	0.00151575	0.00138039	0.00401476	0.0183599	0.477563	0.00129216	0.00145796
126	0.159968	0.00915428	0.00130016	0.00229124	0.0849344	0.0370168	0.00148691	0.0665016	0.00168206	0.498823	0.022868	0.00210554	0.00136261	0.00393591	0.00148895	0.00762417	0.016994	0.0740033	0.00326369	0.00319532
127	0.0185665	0.000599837	0.000663456	0.000490411	0.246617	0.00145867	0.0149166	0.0248427	0.000915203	0.0629097	0.00137771	0.0170225	0.000707908	0.00115217	0.000873928	0.00214639	0.0275425	0.0671219	0.0377673	0.472307
128	0.262449	0.0207934	0.00121489	0.0017243	0.00636148	0.121655	0.00113845	0.0713161	0.00316244	0.0124904	0.0112124	0.00315609	0.00216887	0.00406727	0.00244643	0.0974139	0.234013	0.134676	0.00273694	0.00580276
129	0.046556	0.00129899	0.00755817	0.00152993	0.00947549	0.0161183	0.00104017	0.0184199	0.00199077	0.02005	0.00602768	0.00590349	0.796498	0.00542951	0.00177328	0.0123252	0.00720663	0.0308175	0.00823666	0.00174385
130	0.00700812	0.000389142	0.000220377	0.000317185	0.0387908	0.000875573	0.000246408	0.528275	0.000426588	0.221936	0.0359585	0.000626665	0.000368094	0.000585742	0.0005028	0.00397147	0.00467258	0.138471	0.00595498	0.0104032
131	0.252524	0.0445408	0.000901871	0.00139959	0.00873341	0.0823346	0.00108186	0.0574288	0.00239196	0.0194455	0.0109612	0.0023072	0.00153682	0.00406224	0.00169054	0.121663	0.214292	0.158516	0.0027128	0.011477
132	0.14766	0.00210461	0.00174735	0.00436962	0.00404866	0.377945	0.00185043	0.024924	0.0902836	0.00799673	0.0478235	0.0163547	0.0151111	0.00558096	0.0761209	0.0818109	0.0307213	0.0581185	0.00283333	0.00259487
133	0.0257392	0.00128327	0.000877093	0.00134859	0.233488	0.00298119	0.00122744	0.055342	0.0210475	0.337253	0.0459517	0.00216999	0.00560057	0.00253263	0.00202973	0.0121323	0.0123478	0.0675396	0.120312	0.0487962
134	0.0410568	0.0037681	0.00451376	0.00860173	0.0577765	0.0143406	0.0049111	0.0803657	0.0140338	0.404294	0.154141	0.00994183	0.00987212	0.059534	0.0130873	0.019819	0.0244814	0.0516344	0.0125866	0.0112394
135	0.0481995	0.00344151	0.00166899	0.00348092	0.0450639	0.00861704	0.000604111	0.170043	0.00132224	0.419838	0.0689287	0.00212258	0.00226899	0.00589887	0.002108	0.00964919	0.0184955	0.178171	0.00675257	0.00332529
136	0.129267	0.00286972	0.00548712	0.00826773	0.00420249	0.354147	0.00396321	0.0191168	0.0912796	0.00809051	0.0338301	0.0346096	0.0320019	0.0117244	0.0678786	0.102475	0.0312967	0.0530314	0.00330181	0.00315928
137	0.0507111	0.000694728	0.000443002	0.000616346	0.00263325	0.00147212	0.000509659	0.240343	0.000693949	0.23583	0.0965026	0.00158569	0.000694082	0.000873723	0.00560865	0.00386824	0.0232033	0.332256	0.000785025	0.000676198
138	0.123374	0.00387519	0.00529354	0.0062108	0.00478641	0.133319	0.00294246	0.00838266	0.0153683	0.0234798	0.00792458	0.0712445	0.00585013	0.00725714	0.00678972	0.45279	0.105981	0.00950677	0.00311825	0.00250595
139	0.072444	0.00399523	0.108052	0.0940606	0.00159279	0.0571946	0.0362265	0.00172664	0.0609529	0.00260213	0.00247439	0.237989	0.00816931	0.0962107	0.0454052	0.130379	0.031003	0.0041434	0.000868543	0.00451055
140	0.00714005	0.000382147	0.000189678	0.000347861	0.0405467	0.000840058	0.000218843	0.519379	0.0003738	0.221614	0.0368296	0.000603832	0.000319014	0.00055088	0.000505487	0.00388786	0.00485006	0.144488	0.00609034	0.0108424
141	0.0673771	0.00135915	0.00134969	0.0433134	0.0313462	0.00359443	0.0420241	0.0871438	0.00250554	0.00631837	0.0184197	0.0310541	0.109362	0.0820878	0.0156095	0.0671095	0.258059	0.128172	0.00185965	0.00193533
142	0.0185859	0.00401182	0.000587246	0.000684277	0.010196	0.00170883	0.000201675	0.319936	0.00037799	0.0388975	0.0046432	0.00120452	0.000393797	0.000466311	0.00036039	0.00217096	0.0304542	0.563639	0.000301554	0.00117924
143	0.0773924	0.00411138	0.0484874	0.0339665	0.00827603	0.0305883	0.00412725	0.0249607	0.0121893	0.0240201	0.0103875	0.0268309	0.566962	0.0271786	0.00817167	0.0368101	0.0197978	0.0270471	0.00601874	0.00267674
144	0.0243856	0.00182137	0.00106928	0.00149744	0.211864	0.00384478	0.00136336	0.0487104	0.0224957	0.280358	0.0441051	0.00267253	0.00547978	0.00316539	0.00277808	0.0122008	0.0117102	0.060892	0.199032	0.0605542
145	0.0841874	0.000348177	0.201058	0.298056	0.000955169	0.0668821	0.000456471	0.00144169	0.0316548	0.00185165	0.012498	0.0560529	0.0207623	0.134191	0.00837509	0.0495146	0.0248893	0.00193784	0.00437821	0.000508857
146	0.124326	0.0140715	0.00371269	0.00507852	0.0123699	0.0185815	0.00450279	0.057358	0.0539527	0.0293908	0.020013	0.0144862	0.00530816	0.0109119	0.00944148	0.0374966	0.279567	0.284565	0.00605682	0.00880997
147	0.0379256	0.000713565	0.000446436	0.0019558	0.0252312	0.00254609	0.000260699	0.215499	0.000395414	0.384358	0.0617866	0.000822687	0.000995383	0.00146171	0.00247566	0.0053505	0.0166487	0.238827	0.000720911	0.00157851
148	0.0420823	0.00150191	0.00025396	0.00381768	0.0618215	0.00792979	0.000166178	0.152299	0.000234466	0.532779	0.0296153	0.000290441	0.0013228	0.0028165	0.000247331	0.00703153	0.0131878	0.139521	0.000685966	0.00239534
149	0.0750739	0.00530092	0.000630594	0.00646314	0.0736995	0.0146404	0.000189036	0.151438	0.000351409	0.411942	0.0280497	0.000522398	0.00196254	0.00527872	0.000374046	0.0182146	0.0372686	0.151572	0.00701757	0.0100111
150	0.430748	0.0172998	0.00172342	0.00390463	0.00551057	0.182657	0.000778223	0.0142394	0.00686228	0.00777296	0.0155104	0.00842478	0.00229478	0.00462214	0.004641	0.223742	0.0413557	0.0229551	0.00309587	0.0018615
151	0.0181627	0.0038964	0.000434697	0.00134716	0.00950115	0.00157722	0.000305405	0.318625	0.000654296	0.0372564	0.00836531	0.00176484	0.00153474	0.000605414	0.00072883	0.00269451	0.0385482	0.552338	0.000442911	0.00121717
152	0.208642	0.00186392	0.000333636	0.000487168	0.0241906	0.111677	0.000442838	0.0993897	0.000517379	0.223325	0.007086	0.000863151	0.000506695	0.000760233	0.000616873	0.0098793	0.0181263	0.28893	0.00173394	0.000628143
153	0.0351383	0.000889863	0.000209458	0.00369738	0.0544818	0.00498266	0.000149861	0.153903	0.000219214	0.551006	0.029531	0.000277147	0.00142364	0.00258153	0.000255457	0.00652141	0.0115514	0.140762	0.000325091	0.00209359
154	0.0180066	0.000597671	0.00099508	0.000522488	0.283653	0.00172481	0.0141137	0.023619	0.00107731	0.0624477	0.00172661	0.016024	0.0015607	0.00138355	0.00088772	0.00277916	0.0262379	0.0639362	0.0360736	0.442633
155	0.017202	0.00267723	0.000575411	0.000660785	0.0184796	0.00177586	0.000373734	0.37912	0.000432413	0.11242	0.0202607	0.00116871	0.000846757	0.000800701	0.000665648	0.00342957	0.0250484	0.408158	0.00211734	0.00378702
156	0.209854	0.0019293	0.000356445	0.000591557	0.0199407	0.106596	0.0004304	0.117849	0.00065017	0.183544	0.00551525	0.000928423	0.000512101	0.000791463	0.000678744	0.00804513	0.0225557	0.316954	0.00152779	0.000750097
157	0.0259797	0.000509205	0.000280702	0.000381283	0.0175657	0.0008996	0.000296099	0.389863	0.000426139	0.227389	0.0574344	0.000820788	0.000409517	0.000630167	0.00220733	0.00351623	0.0137051	0.250453	0.00273906	0.00449425
158	0.0530417	0.00248843	0.0103093	0.00531614	0.0124555	0.0224314	0.00222345	0.0213092	0.00510042	0.0243065	0.00731744	0.0106216	0.735361	0.011015	0.00526065	0.018025	0.0125167	0.0298275	0.00825	0.00282314
159	0.0472901	0.00215922	0.00078338	0.00366717	0.0525586	0.00940703	0.000255538	0.152621	0.000845957	0.512822	0.0315997	0.00132475	0.00144968	0.00330961	0.00111026	0.0087281	0.0148418	0.149557	0.00223518	0.00343324
160	0.191555	0.0107057	0.000280023	0.000822084	0.0411819	0.0595696	0.000271798	0.168674	0.000383556	0.178473	0.024401	0.000541201	0.000847669	0.000620068	0.000370696	0.0233621	0.0471337	0.236596	0.00965325	0.00455802
161	0.271449	0.014864	0.000361814	0.000547263	0.0390112	0.0811015	0.000317766	0.113237	0.000649391	0.18677	0.0264669	0.000710864	0.000558375	0.00082371	0.000543824	0.0208362	0.0326862	0.196979	0.00988436	0.00220106
162	0.371826	0.0119267	0.000862867	0.00255737	0.0019631	0.317735	0.000809134	0.00931617	0.00722373	0.00440355	0.0151983	0.00583713	0.00218053	0.00305352	0.0053326	0.206431	0.0181674	0.0119966	0.00205525	0.00112387
163	0.141681	0.00205525	0.00224285	0.00228852	0.0264057	0.00541108	0.00173672	0.162981	0.00275305	0.0106452	0.117928	0.0250683	0.00339813	0.0346718	0.00312274	0.0254682	0.0100635	0.210559	0.100137	0.111383
164	0.0603685	0.00522588	0.000662082	0.00627426	0.0883898	0.0137227	0.000222964	0.117119	0.000404698	0.521626	0.0342787	0.000466273	0.00119341	0.00734876	0.000397839	0.0125108	0.0225988	0.0999456	0.00350378	0.00373947
165	0.0265386	0.000480835	0.0738003	0.0779488	0.0011012	0.0740671	0.0544565	0.00134057	0.0647808	0.00192387	0.000941693	0.226591	0.00635019	0.156345	0.0667231	0.102932	0.0495485	0.00546071	0.000829943	0.00783901
166	0.05293	0.00482592	0.0134587	0.0144428	0.00705447	0.0693193	0.0499225	0.00842654	0.0558027	0.0303249	0.00610647	0.0807453	0.28749	0.0672121	0.0176018	0.084518	0.0862723	0.0144948	0.0231115	0.0259403
167	0.117561	0.00615546	0.000756533	0.00227306	0.0870042	0.013608	0.000875251	0.185781	0.00133957	0.111118	0.0226052	0.00231547	0.00981863	0.00203534	0.00149309	0.0249014	0.0493522	0.288467	0.0415721	0.030967
168	0.0450379	0.00200878	0.000799456	0.00136737	0.011411	0.0196603	0.00106742	0.00559708	0.00156143	0.00734372	0.00282234	0.00600235	0.0114888	0.00220438	0.00193617	0.523733	0.343358	0.009301	0.00160496	0.00169502
169	0.00685173	0.00124494	0.00135352	0.0146528	0.00229191	0.00221261	0.000690208	0.483916	0.00130672	0.0172037	0.100828	0.0108831	0.0256673	0.00200759	0.00432725	0.00414613	0.0764704	0.241262	0.00136584	0.00131825
170	0.171966	0.0128877	0.000286265	0.00141033	0.0544912	0.0436854	0.000242516	0.183018	0.000431089	0.166367	0.0252682	0.000598892	0.00161092	0.00061778	0.000382384	0.027325	0.0557475	0.230414	0.0145773	0.00867206
171	0.435744	0.0145658	0.000579016	0.00109526	0.00276909	0.276567	0.000763369	0.00839161	0.00119116	0.00428899	0.0144299	0.00434236	0.00106397	0.00206786	0.00203166	0.2006	0.0155002	0.0110461	0.00208694	0.000875775
172	0.0612049	0.0042532	0.00229555	0.00540177	0.0691313	0.0166842	0.00263982	0.125594	0.00407592	0.451492	0.0595537	0.00450283	0.00519091	0.0100943	0.00367653	0.0161494	0.0220793	0.115226	0.0099092	0.0108444
173	0.0108372	0.000466371	0.0002761	0.000962806	0.0389494	0.00155833	0.000260346	0.477823	0.000500767	0.266799	0.0348414	0.000755461	0.000696479	0.00106199	0.000676322	0.00426628	0.00628114	0.139064	0.0050371	0.00888659
174	0.190162	0.014049	0.000426513	0.000794483	0.118815	0.0576233	0.00043384	0.0417394	0.00069661	0.475177	0.0213666	0.000777359	0.000609147	0.00146375	0.000741594	0.00297532	0.0175208	0.0526997	0.00094199	0.000985783
175	0.0461608	0.00576281	0.00333695	0.00566409	0.0224906	0.0139058	0.00676868	0.101734	0.0106627	0.101988	0.347628	0.0120953	0.00663098	0.0141993	0.00810919	0.027825	0.168171	0.0773459	0.0110645	0.00845644
176	0.0340732	0.000930476	0.000228243	0.00288661	0.0482011	0.00535405	0.000237357	0.21553	0.000329281	0.479869	0.0331582	0.000484951	0.0013069	0.0022429	0.000444973	0.00643527	0.0114732	0.151565	0.00169968	0.0035497
177	0.0182329	0.0040093	0.000153797	0.000286516	0.00991352	0.00129248	0.000170708	0.317469	0.000268593	0.0384481	0.00406252	0.000967273	0.00024445	0.000319013	0.000271776	0.00209414	0.0308035	0.569576	0.000262256	0.00115433
178	0.035172	0.000888892	0.000258782	0.0036713	0.0509978	0.00486409	0.000163782	0.160446	0.000214212	0.545297	0.031121	0.000293419	0.00141294	0.00249476	0.000342179	0.00675064	0.0111966	0.141792	0.00045964	0.00216332
179	0.00842848	0.000449984	0.00023943	0.000667299	0.0371586	0.00106057	0.000246793	0.503554	0.000418532	0.230046	0.0491135	0.000997137	0.000751252	0.0012241	0.000576496	0.00415816	0.00775048	0.137755	0.00576338	0.00964082
180	0.0462026	0.00469853	0.00306686	0.00279563	0.291588	0.0147248	0.00572991	0.0993238	0.0043413	0.150809	0.0184662	0.0124896	0.014842	0.0045481	0.00865217	0.017735	0.0282606	0.175617	0.0215886	0.0745193
181	0.502335	0.0180484	0.000788653	0.00143091	0.0020928	0.158763	0.000771322	0.0116784	0.00144405	0.00427821	0.0245345	0.00635922	0.000753423	0.00217218	0.00236615	0.232794	0.0146707	0.0109226	0.00268284	0.00111388
182	0.0159744	0.00190686	0.00205564	0.00160386	0.453953	0.00402619	0.00160871	0.0653204	0.00366263	0.211862	0.0183185	0.0153092	0.0383244	0.00292288	0.0133337	0.0274439	0.0109665	0.0846077	0.0206436	0.00615522
183	0.0532078	0.00129403	0.113351	0.164621	0.0034357	0.0600419	0.0249764	0.00438262	0.0864037	0.0104869	0.00657693	0.120944	0.0118527	0.156434	0.0525889	0.0682119	0.0332214	0.012366	0.00470073	0.0109018
184	0.405841	0.0139291	0.000651471	0.0017244	0.001767	0.290035	0.000694742	0.00776243	0.003009	0.00376022	0.0158269	0.00518135	0.00107551	0.00234023	0.00245812	0.217418	0.0140152	0.00957777	0.00199551	0.000937344
185	0.081693	0.000399367	0.200547	0.299837	0.000985413	0.0654952	0.000496625	0.00153283	0.0336938	0.00191191	0.0123777	0.055968	0.0209622	0.134902	0.00892678	0.0485478	0.024945	0.00200845	0.00426105	0.000509076
186	0.0745042	0.00275226	0.00229058	0.00328406	0.00602962	0.00618914	0.00247618	0.153571	0.0809247	0.0863695	0.00678391	0.0817136	0.00326558	0.0561515	0.0277127	0.0339468	0.077262	0.261358	0.00409151	0.0293234
187	0.0124294	0.000549572	0.000235667	0.000880697	0.0446164	0.00226165	0.000226454	0.478732	0.000376159	0.253958	0.0351402	0.000634794	0.00062527	0.000838066	0.000508328	0.0045476	0.00631682	0.14143	0.00568229	0.01001
188	0.0350996	0.000858264	0.000196455	0.00374568	0.0523955	0.00490064	0.000147261	0.151793	0.000212109	0.556293	0.0298238	0.000276172	0.00146484	0.0025145	0.000245152	0.00662357	0.011186	0.139965	0.000235874	0.00202287
189	0.180584	0.0164511	0.100541	0.154698	0.00219488	0.0133778	0.00291296	0.00245639	0.0625753	0.00259944	0.00779884	0.144193	0.00959523	0.0524173	0.051749	0.15685	0.0326788	0.00434412	0.00107505	0.000908332
