216	20
1	0.0106739	0.00968983	0.000477386	0.00066539	0.0140768	0.00306884	0.000584953	0.384971	0.000657111	0.0574197	0.0110143	0.002527	0.000266705	0.00087549	0.00276778	0.00106775	0.0149706	0.478317	0.000340471	0.00556787
2	0.028205	0.00298869	0.000670054	0.000914901	0.0326554	0.00147	0.00135302	0.092975	0.00092173	0.678086	0.0709626	0.0020843	0.0013576	0.00397962	0.00214091	0.00191048	0.00865703	0.0543734	0.00182225	0.0124717
3	0.0495285	0.0433471	0.0187065	0.0306191	0.107486	0.0152242	0.0916691	0.0301078	0.0161127	0.110508	0.0206867	0.0154315	0.0105855	0.0261867	0.0315541	0.029986	0.0329767	0.0748791	0.0490937	0.195311
4	0.059122	0.0211145	0.00511394	0.0112009	0.0348544	0.0119301	0.0343449	0.0827409	0.0135196	0.212459	0.00844464	0.00999468	0.00283297	0.0147614	0.0210266	0.0374522	0.0227186	0.260298	0.0712916	0.0647785
5	0.194396	0.100221	0.00119977	0.00419806	0.0158343	0.038704	0.00191102	0.0895413	0.00152317	0.148351	0.0610233	0.00994685	0.0030143	0.00502479	0.00475922	0.0975203	0.0739728	0.144006	0.000700492	0.00415229
6	0.0448261	0.0295158	0.0379989	0.0707892	0.0319684	0.0459793	0.0471359	0.0604016	0.0191738	0.0685668	0.01711	0.0713194	0.00237523	0.128449	0.00965782	0.111265	0.128848	0.0683693	0.00190516	0.00434651
7	0.123388	0.0117192	0.014076	0.0285693	0.0112207	0.0514216	0.0133234	0.0125562	0.0641192	0.0195453	0.0412269	0.0184268	0.00824728	0.106404	0.14905	0.153364	0.0899477	0.0687686	0.00663885	0.00798785
8	0.35826	0.0362537	0.0709801	0.141646	0.0404562	0.0136461	0.0108299	0.00967248	0.0146544	0.0142511	0.0105499	0.041143	0.0052227	0.0171482	0.0165781	0.0712123	0.074491	0.0115206	0.00456864	0.0369157
9	0.0444454	0.00322126	0.0165991	0.03075	0.0574988	0.040539	0.105686	0.0901169	0.0140626	0.0811752	0.0822776	0.0057255	0.0333571	0.167498	0.0817931	0.0325723	0.00650513	0.0836705	0.0174683	0.00503848
10	0.0529218	0.0118156	0.025007	0.0447249	0.0291063	0.0281418	0.0377349	0.0255419	0.131196	0.0343943	0.0156458	0.0258551	0.0164689	0.0498462	0.297976	0.0376806	0.040162	0.0275907	0.0315698	0.0366202
11	0.20673	0.0747769	0.00154696	0.00824211	0.0148911	0.0365879	0.00287068	0.0987567	0.00162101	0.119421	0.0376232	0.0118664	0.00463598	0.00575728	0.00763491	0.105388	0.0794166	0.177862	0.000885162	0.00348665
12	0.059884	0.0125587	0.0662238	0.100627	0.103998	0.0219469	0.109613	0.00725306	0.0163104	0.0310222	0.0298157	0.0204351	0.0123132	0.0855324	0.0366967	0.0529834	0.01762	0.0176249	0.0854267	0.112116
13	0.0456451	0.0145559	0.0423334	0.0265408	0.0115563	0.0529484	0.0145105	0.0145906	0.0278409	0.0132817	0.00752831	0.384624	0.0118581	0.0232317	0.0236825	0.206629	0.041561	0.0193549	0.0112106	0.00651603
14	0.0497607	0.0104032	0.0827107	0.0485053	0.117124	0.011244	0.1337	0.0137804	0.00953348	0.0391596	0.0169058	0.00988059	0.113455	0.0502024	0.0423557	0.025787	0.0173412	0.0410553	0.0994971	0.0675992
15	0.487008	0.0348135	0.00241489	0.00774812	0.00458531	0.102184	0.00261104	0.00255208	0.00378584	0.00239899	0.018476	0.0106006	0.00268094	0.00694729	0.00794272	0.268535	0.0216049	0.00409801	0.00377882	0.00523524
16	0.0199123	0.00261669	0.00121302	0.00163059	0.036651	0.00222984	0.00131612	0.0517039	0.00139813	0.716303	0.101539	0.00198991	0.00245962	0.00927405	0.00197761	0.00261347	0.00679701	0.0301936	0.00111065	0.00707032
17	0.0517082	0.0146102	0.117565	0.136687	0.0109127	0.0520226	0.0369335	0.0631035	0.0190439	0.0526502	0.0074522	0.0849917	0.00175719	0.0641968	0.0353738	0.0710828	0.0732505	0.0848303	0.00225606	0.0195717
18	0.0509469	0.00221412	0.00245378	0.00353557	0.00315633	0.00345157	0.0121561	0.0514787	0.0851818	0.328648	0.0222413	0.00720334	0.00136946	0.0442679	0.0532531	0.00517937	0.0275201	0.280431	0.0082376	0.00707378
19	0.223317	0.00745022	0.0212098	0.060842	0.00905673	0.102616	0.00945176	0.0115801	0.0208177	0.0129436	0.0264823	0.0174023	0.264832	0.0164543	0.0313518	0.115951	0.0216723	0.0198868	0.00254991	0.00413207
20	0.020647	0.0138393	0.000823797	0.00191585	0.0159315	0.00390622	0.00487251	0.312313	0.00568257	0.101062	0.012619	0.00387506	0.000402931	0.00411143	0.00668347	0.00519133	0.0167501	0.45393	0.00357144	0.0118715
21	0.069391	0.0219057	0.00277259	0.0119636	0.0322567	0.012988	0.0445209	0.0954874	0.0129576	0.206369	0.00462178	0.00798419	0.00138271	0.0143019	0.0219369	0.0309101	0.0236885	0.299605	0.0234171	0.0615398
22	0.0670361	0.020138	0.00139212	0.00152615	0.0111088	0.00391893	0.00166214	0.359234	0.00172256	0.0505362	0.0139645	0.0055516	0.000909044	0.00205903	0.00325199	0.00813794	0.0216725	0.419894	0.000807071	0.00547747
23	0.101593	0.0444823	0.00252201	0.0085086	0.0322043	0.0095275	0.0386794	0.079835	0.0071313	0.171335	0.0065533	0.0120422	0.00132615	0.00876035	0.0128604	0.0290183	0.0278045	0.311935	0.0210971	0.0727847
24	0.0444805	0.0335237	0.0212651	0.0414577	0.151292	0.00825661	0.0511123	0.0432938	0.00823036	0.0334459	0.0361366	0.00750607	0.0442744	0.0362125	0.0216299	0.042765	0.0394763	0.0801388	0.0698277	0.185675
25	0.13303	0.177705	0.0066219	0.00555664	0.0541349	0.123935	0.0189499	0.0424257	0.00505183	0.0525508	0.00773416	0.09642	0.0503775	0.00745492	0.00963539	0.0498292	0.0577805	0.0923393	0.00177529	0.00669281
26	0.0122172	0.00776571	0.00193609	0.00593787	0.0572763	0.0105245	0.00549378	0.25886	0.00511363	0.344747	0.0341062	0.00646612	0.000758852	0.0140705	0.0123579	0.0129657	0.00921257	0.180771	0.0066135	0.0128059
27	0.116241	0.00152243	0.104439	0.0262142	0.00930209	0.100553	0.0822024	0.009004	0.119698	0.0299603	0.0020328	0.0918662	0.00137094	0.0347646	0.0960835	0.0532437	0.0863975	0.0242438	0.00859243	0.00226764
28	0.0283524	0.00444027	0.00545879	0.0109872	0.230164	0.00264804	0.103097	0.00516631	0.00939261	0.0622022	0.0180499	0.00676175	0.009309	0.0128689	0.0191709	0.0145979	0.0222755	0.0144915	0.0976922	0.322873
29	0.0277228	0.00330858	0.000643212	0.000847495	0.0364273	0.00156778	0.00148285	0.0984671	0.000789986	0.667206	0.0718351	0.00205583	0.00129002	0.00415427	0.00212371	0.00192039	0.0098137	0.0526865	0.00203612	0.0136212
30	0.0178233	0.0057542	0.000811678	0.0026985	0.0483136	0.00285261	0.00170062	0.180089	0.00244509	0.53002	0.0511603	0.00533079	0.000753541	0.00959909	0.00513913	0.00342795	0.0076187	0.104136	0.00510772	0.0152182
31	0.051062	0.00426665	0.104547	0.238977	0.0148136	0.0293458	0.0119737	0.00937253	0.138728	0.0166962	0.00378818	0.0361529	0.00759573	0.123605	0.119998	0.0329344	0.0396243	0.0127313	0.00135028	0.00243653
32	0.184627	0.0480548	0.0134828	0.017089	0.0203845	0.117893	0.0132711	0.0446135	0.0184499	0.140256	0.0501526	0.0312042	0.0127012	0.0183885	0.0187396	0.124371	0.0494718	0.0634965	0.0049388	0.00841466
33	0.0265984	0.00585582	0.000863039	0.0021446	0.0284098	0.00230202	0.00120487	0.139108	0.00210318	0.599888	0.0767301	0.00324768	0.00133775	0.00751786	0.00254643	0.00316462	0.00910516	0.0759059	0.00184964	0.0101167
34	0.0760317	0.0276654	0.0225672	0.134182	0.0111561	0.00994259	0.0142459	0.00784412	0.12804	0.0425771	0.0127767	0.0197388	0.0181603	0.177946	0.183371	0.0437676	0.043455	0.0222014	0.00289225	0.00143983
35	0.0122582	0.0102595	0.000668815	0.00190995	0.0139055	0.00305462	0.000655119	0.371973	0.00179355	0.11114	0.0207109	0.00342562	0.000339217	0.00504389	0.00254218	0.00141115	0.0123473	0.42138	0.000399937	0.00478118
36	0.0108303	0.00971878	0.000476563	0.000663508	0.0141135	0.00302808	0.000583753	0.385191	0.000656373	0.0571738	0.010971	0.00252634	0.000265813	0.000877975	0.00279856	0.00106029	0.0148586	0.47821	0.000341148	0.00565435
37	0.194846	0.101702	0.00114036	0.00422684	0.0160347	0.0383902	0.00190363	0.0879677	0.00134671	0.14394	0.0585606	0.00985823	0.00298755	0.00500564	0.00474546	0.0976342	0.0806758	0.144358	0.000660425	0.00401531
38	0.0312003	0.00390495	0.404631	0.128477	0.00621961	0.00964083	0.0213052	0.0272434	0.0355886	0.00928638	0.00549995	0.157741	0.0195418	0.0503789	0.0250975	0.0256491	0.0155867	0.0142672	0.00289963	0.00584024
39	0.107336	0.0468532	0.0464099	0.10436	0.0668945	0.0260534	0.0384013	0.00697694	0.0727949	0.0757238	0.0455941	0.0116583	0.00388225	0.0484704	0.0760646	0.038803	0.0605868	0.0146377	0.0200779	0.0884208
40	0.159599	0.132367	0.0510624	0.0090699	0.0832837	0.0613945	0.00912368	0.0096378	0.00769341	0.043282	0.030632	0.12286	0.053063	0.0144126	0.038165	0.0930402	0.0191027	0.0152152	0.00289271	0.0441034
41	0.0233835	0.0323663	0.0170512	0.00999114	0.169327	0.00423744	0.0300399	0.0279301	0.00354005	0.00830047	0.0178321	0.0046368	0.10355	0.0118946	0.0176715	0.040869	0.0665923	0.0568159	0.0972893	0.256681
42	0.0327385	0.0085863	0.000724843	0.00119387	0.0268775	0.00404857	0.00120922	0.087386	0.00103065	0.654921	0.0830593	0.00227148	0.00165971	0.00403587	0.00191312	0.00699181	0.0163312	0.052816	0.00138568	0.0108192
43	0.0775985	0.00236366	0.0135581	0.00629789	0.0333109	0.0371776	0.0518674	0.00640182	0.162222	0.0156377	0.00273073	0.0130708	0.0136614	0.00989165	0.424403	0.0116735	0.0176692	0.00498757	0.00302293	0.092454
44	0.114478	0.0114819	0.0661883	0.27788	0.00887915	0.00795767	0.010321	0.0184814	0.0854266	0.0358973	0.020628	0.0132976	0.00280838	0.0855607	0.0946238	0.019051	0.064644	0.0383945	0.0132329	0.010768
45	0.0106607	0.00981826	0.000475923	0.000662776	0.0139424	0.00305215	0.000577765	0.383259	0.000637888	0.0570503	0.0109454	0.00256123	0.000270263	0.000864689	0.00275541	0.00105253	0.0151637	0.480406	0.000343699	0.00549963
46	0.0235243	0.00342813	0.448894	0.12346	0.00537121	0.00911604	0.0225367	0.0277413	0.0302419	0.00658426	0.00359513	0.16984	0.00591819	0.0436924	0.0180268	0.023295	0.0128732	0.0144743	0.00275015	0.00463626
47	0.14453	0.027906	0.0145323	0.00756792	0.00714737	0.200816	0.00789213	0.00750122	0.00777784	0.00899138	0.00644944	0.0393789	0.00351304	0.0105667	0.0111065	0.2075	0.267189	0.00846922	0.00361596	0.00754983
48	0.0205955	0.0104072	0.273452	0.112554	0.00684115	0.0188774	0.0476705	0.0217803	0.022153	0.0108521	0.00594213	0.251965	0.0038454	0.032518	0.0415232	0.0522678	0.022995	0.0340335	0.00363189	0.00609497
49	0.188393	0.104901	0.0017478	0.00448025	0.0187973	0.0507928	0.00348325	0.0836203	0.0022444	0.149754	0.0515338	0.0244716	0.00752061	0.00530842	0.00551026	0.0906645	0.0652066	0.135556	0.000901211	0.00511359
50	0.0106343	0.00973916	0.000475027	0.000662184	0.0139621	0.00304149	0.000585261	0.383966	0.00064718	0.057088	0.0109892	0.00254428	0.000267915	0.000868652	0.00275273	0.00104976	0.0151662	0.479708	0.000343073	0.00550949
51	0.0107413	0.00974471	0.000480276	0.000664652	0.0140628	0.00302592	0.000589165	0.384637	0.000668695	0.057514	0.0110101	0.00253018	0.000265512	0.00088675	0.0028003	0.00106552	0.0149042	0.478394	0.000341897	0.00567339
52	0.151419	0.010531	0.0283543	0.0550808	0.0254439	0.0349248	0.0158767	0.0169484	0.0328532	0.020479	0.0170404	0.0208036	0.350305	0.0300166	0.0319784	0.0595029	0.034501	0.0365561	0.00973777	0.0176476
53	0.201692	0.0837928	0.0012474	0.00392427	0.0199834	0.0302079	0.00310709	0.0916561	0.00168839	0.139872	0.0537773	0.00891381	0.00275741	0.00721381	0.00444744	0.0833	0.0534705	0.198395	0.00168868	0.00886441
54	0.110187	0.0398004	0.0128512	0.0178539	0.0140541	0.0497285	0.00791428	0.0147648	0.00905971	0.0156119	0.0100161	0.0311433	0.00489878	0.0132821	0.0158556	0.387617	0.194809	0.0155054	0.00632521	0.0287221
55	0.0672867	0.000786602	0.0959754	0.178719	0.00123495	0.0323778	0.0155724	0.0129391	0.0626106	0.0122265	0.00480737	0.0414274	0.255807	0.0445649	0.0562924	0.058646	0.0367588	0.0204218	0.00060692	0.000938255
56	0.0222747	0.00458827	0.00879591	0.0307698	0.0192908	0.017346	0.0355744	0.0283638	0.258476	0.0235477	0.00312367	0.00635682	0.00344128	0.0424824	0.38812	0.0202267	0.03268	0.0162153	0.0118326	0.0264936
57	0.0815557	0.0314809	0.0251121	0.122061	0.0134526	0.00948159	0.0201276	0.00739308	0.117226	0.0568086	0.0116378	0.0176991	0.0255142	0.168528	0.18104	0.0420284	0.0405808	0.0234058	0.00269753	0.00216976
58	0.16804	0.0100064	0.0258932	0.17144	0.0570473	0.0193633	0.0267504	0.0461672	0.024863	0.0264168	0.0146063	0.0205577	0.00647233	0.149127	0.0322137	0.104142	0.0287199	0.0519568	0.00574506	0.0104723
59	0.0225498	0.0333343	0.0163815	0.00860934	0.170642	0.00387447	0.0283829	0.0278458	0.00350773	0.00716183	0.0174688	0.00422353	0.104287	0.0106454	0.0172046	0.0400349	0.0688335	0.0553602	0.0963055	0.263347
60	0.505298	0.037691	0.00160026	0.00648721	0.00441168	0.0980796	0.00186047	0.00176469	0.00228249	0.00218563	0.0194681	0.00947894	0.00146657	0.00683605	0.00772201	0.260178	0.0215271	0.00234561	0.00373308	0.00558393
61	0.40197	0.0263159	0.0125999	0.018776	0.0123876	0.141606	0.0107725	0.0130994	0.0187892	0.023064	0.018637	0.0185485	0.0443688	0.0144249	0.0171995	0.142135	0.0238809	0.0263902	0.00451703	0.0105176
62	0.0819919	0.00239043	0.011839	0.00494969	0.034501	0.0376301	0.0540805	0.00393827	0.138451	0.0124727	0.0027767	0.0153077	0.0105516	0.00528746	0.439308	0.0101277	0.0177254	0.00440035	0.00275803	0.109513
63	0.0952791	0.0318723	0.0222477	0.0493848	0.0175381	0.0363054	0.0375284	0.0720747	0.0158744	0.0905084	0.011317	0.0403291	0.00331224	0.0574669	0.0126607	0.0974141	0.145087	0.144978	0.00516624	0.0136558
64	0.027438	0.0027948	0.00162991	0.00283276	0.109507	0.00292773	0.00733646	0.274773	0.00208223	0.448451	0.0294125	0.00347699	0.000981025	0.0045701	0.00398028	0.00351573	0.00563238	0.0279636	0.00211729	0.0385775
65	0.0512387	0.00894804	0.0172476	0.0376148	0.0224863	0.0304946	0.0348267	0.0197741	0.196525	0.0243808	0.00735994	0.0184492	0.0195419	0.0549848	0.327022	0.0355192	0.0323937	0.0175943	0.011702	0.0318963
66	0.0759232	0.00252789	0.0123614	0.00483031	0.0265734	0.0999182	0.0218344	0.00256161	0.274861	0.012908	0.00244274	0.0212916	0.11053	0.0603954	0.135498	0.0698239	0.0574896	0.00354882	0.00142808	0.00325222
67	0.0166123	0.00476258	0.00592499	0.0178211	0.025403	0.0138075	0.0348627	0.0317702	0.250848	0.020024	0.00347276	0.00571536	0.00213244	0.0579911	0.396622	0.0185497	0.0242208	0.0223301	0.0190354	0.0280945
68	0.0369814	0.00525937	0.00930714	0.0174514	0.0198394	0.0377752	0.04044	0.0132599	0.227783	0.0147479	0.00443157	0.0144064	0.0201549	0.0358257	0.367336	0.06065	0.030792	0.0126888	0.0093481	0.0215215
69	0.0327853	0.00657853	0.0461883	0.0157354	0.00683051	0.0740793	0.0103548	0.00897254	0.0338858	0.0117641	0.00496508	0.443848	0.00854135	0.0117623	0.0154547	0.20008	0.032925	0.0164319	0.0142289	0.00458864
70	0.0145053	0.00178331	0.492146	0.0912824	0.00269654	0.00350402	0.0221362	0.036025	0.0285581	0.00356503	0.0025201	0.219288	0.00116748	0.0451202	0.00602082	0.0156373	0.00387888	0.00690297	0.00136821	0.00189492
71	0.198126	0.019095	0.0129542	0.0169695	0.0266147	0.0270999	0.00872573	0.0415948	0.0139153	0.0320531	0.021026	0.0143667	0.355575	0.0152908	0.0128368	0.0595995	0.0366135	0.0767049	0.00359261	0.00724521
72	0.0657745	0.0296289	0.0478618	0.0633289	0.0133019	0.0555851	0.0390548	0.0594065	0.0303229	0.0717892	0.00740563	0.0985204	0.00149305	0.0769501	0.00893377	0.111848	0.131813	0.0803563	0.00146257	0.00516244
73	0.0656326	0.0423708	0.0147186	0.0400223	0.0106188	0.0369845	0.0183199	0.0566145	0.0125969	0.0621194	0.00675006	0.0260731	0.00223829	0.13208	0.00836951	0.107338	0.199874	0.151156	0.0022046	0.00391746
74	0.125618	0.0183354	0.0192124	0.0240886	0.0172905	0.0495274	0.0134055	0.0199163	0.01546	0.0216233	0.0130668	0.0604853	0.0218444	0.0253013	0.0204911	0.40414	0.0866826	0.0240891	0.00870806	0.0107138
75	0.010196	0.072245	0.0908276	0.0331409	0.0187454	0.146364	0.106312	0.00465861	0.052807	0.0197559	0.0181597	0.208112	0.00243159	0.0565053	0.092046	0.0222399	0.00600953	0.00527565	0.00241832	0.03175
76	0.0194266	0.0023493	0.00142618	0.00168998	0.0206275	0.00232467	0.00149046	0.0458776	0.00147439	0.668706	0.176757	0.00199383	0.00483031	0.00659395	0.0020285	0.00282418	0.0064407	0.0265732	0.00103002	0.00553522
77	0.13604	0.0206021	0.0199512	0.02229	0.0177273	0.0524934	0.0154864	0.0194524	0.0172721	0.0239138	0.0141571	0.0520361	0.0161504	0.0226462	0.0213212	0.402483	0.0816434	0.0243611	0.00837206	0.0116011
78	0.219458	0.0105057	0.00892142	0.00575518	0.0245503	0.0203792	0.00307928	0.0166118	0.0122495	0.0192526	0.0226634	0.00304675	0.478352	0.00962652	0.0055201	0.0577995	0.029773	0.0486784	0.00166978	0.0021072
79	0.0291729	0.00249905	0.00181692	0.00686368	0.224252	0.00166398	0.107775	0.00167501	0.00934473	0.0707258	0.0163022	0.00594106	0.000795058	0.00919699	0.0170961	0.0118825	0.0188017	0.0106674	0.0984772	0.355051
80	0.0278669	0.0026129	0.00162699	0.00266541	0.110314	0.00297844	0.00738283	0.268182	0.00197205	0.456271	0.028469	0.00339031	0.00096419	0.00422427	0.00402957	0.00361123	0.00573624	0.0270852	0.00222354	0.038394
81	0.0213233	0.0263904	0.0327652	0.0212265	0.0171506	0.0504976	0.183982	0.0107321	0.0635928	0.0159604	0.0161642	0.228365	0.00534155	0.0622008	0.168904	0.0228625	0.0152102	0.0129866	0.00742102	0.0169231
82	0.0290915	0.00254422	0.0018008	0.00686283	0.22462	0.00165659	0.107439	0.00168827	0.00925123	0.0709521	0.016355	0.00592843	0.00080719	0.00919732	0.0170222	0.0119345	0.0187965	0.0106865	0.0984842	0.354882
83	0.148652	0.0260894	0.0323712	0.0304213	0.0250587	0.183673	0.0369702	0.0278235	0.036112	0.0485771	0.0282414	0.0509902	0.0227505	0.0381297	0.0461115	0.0993909	0.0540547	0.0333771	0.0127362	0.0184692
84	0.0154757	0.00424109	0.00582364	0.00954729	0.0550476	0.0120459	0.454022	0.0291553	0.00805391	0.00954362	0.121882	0.0807528	0.00381252	0.112265	0.0147968	0.0130775	0.0103212	0.00751878	0.0264149	0.0062022
85	0.0103062	0.0109346	0.00133079	0.00700437	0.0354309	0.00456482	0.00147056	0.319169	0.00650846	0.338262	0.0492659	0.00816026	0.000719319	0.0186295	0.00727047	0.00544848	0.00579571	0.158437	0.0037767	0.00751516
86	0.356055	0.0306379	0.00219774	0.00716875	0.00700725	0.0792752	0.0021892	0.00365353	0.00226828	0.00255618	0.0129134	0.0173694	0.00157843	0.00579977	0.00755117	0.418963	0.0288674	0.00264853	0.00640624	0.00489381
87	0.233951	0.00787988	0.0106848	0.00420733	0.0252058	0.0136028	0.002778	0.0134655	0.00955396	0.0188405	0.0188504	0.00299953	0.457684	0.0114618	0.00457085	0.0699818	0.035584	0.0553598	0.00136715	0.00197089
88	0.0570849	0.00415627	0.026121	0.0356635	0.055063	0.0515742	0.0885585	0.105119	0.0129543	0.10948	0.0476168	0.00787152	0.0172965	0.161957	0.0592076	0.0276695	0.0107729	0.102428	0.0132326	0.00617333
89	0.063556	0.0120577	0.055347	0.161423	0.0414394	0.0103811	0.0619347	0.00886154	0.050667	0.0251852	0.0291401	0.00927198	0.00324983	0.0265308	0.180784	0.0260835	0.0975189	0.0129444	0.0457202	0.0779031
90	0.210536	0.0531623	0.00215199	0.00374516	0.0145567	0.0167407	0.00410266	0.171448	0.00269685	0.0923211	0.0360488	0.0098545	0.00284919	0.00609675	0.00462134	0.0526169	0.036205	0.26809	0.00210092	0.0100559
91	0.142844	0.0196449	0.0015507	0.00341745	0.021094	0.0109612	0.00889218	0.219132	0.00305694	0.0898335	0.0193538	0.00530089	0.00137433	0.00478575	0.00542228	0.0173126	0.0217424	0.373076	0.004754	0.0264512
92	0.0245946	0.00375332	0.0272864	0.01552	0.0462712	0.0213938	0.0588292	0.102405	0.0437307	0.0966937	0.0896535	0.00750289	0.0130031	0.158187	0.112273	0.0343637	0.0098569	0.0683803	0.0609462	0.00535533
93	0.197067	0.0187372	0.0469816	0.219554	0.00681579	0.00514055	0.00547779	0.00802918	0.0975648	0.0277742	0.0301717	0.01702	0.00157276	0.0690307	0.120604	0.0143616	0.059475	0.0287683	0.0128396	0.0130133
94	0.307078	0.00498888	0.0157527	0.030079	0.00441732	0.0985629	0.0160712	0.0157985	0.0291302	0.00512658	0.0175663	0.0194188	0.0289701	0.00594287	0.00883983	0.322413	0.0318731	0.0329393	0.00218833	0.00284327
95	0.0222081	0.00244909	0.00195035	0.00560642	0.316556	0.00175317	0.0797837	0.0019889	0.00675291	0.0661984	0.0219566	0.00524346	0.000821573	0.0103352	0.0125407	0.00941964	0.0236957	0.00854074	0.0780787	0.32412
96	0.0136333	0.00784257	0.000902796	0.00407293	0.0495908	0.00412296	0.0016518	0.230412	0.00355618	0.452036	0.0454938	0.00606777	0.000470112	0.0118208	0.00751032	0.00467442	0.00778512	0.129564	0.00462336	0.0141694
97	0.0137668	0.00171234	0.509942	0.0912065	0.002558	0.00349495	0.0216114	0.0318286	0.0252386	0.00314683	0.00243103	0.211818	0.00113129	0.042142	0.0064229	0.0169695	0.00384354	0.00758254	0.00124083	0.00191227
98	0.0140184	0.00457254	0.0255712	0.295529	0.00758752	0.00785563	0.0330531	0.00740553	0.00684483	0.00855012	0.0118175	0.00818178	0.00302195	0.483261	0.00956866	0.0490974	0.00862822	0.00778525	0.00291875	0.00473161
99	0.158024	0.0763116	0.00184396	0.00420915	0.0159121	0.0510127	0.00209327	0.0793219	0.00203753	0.2568	0.0905709	0.00780964	0.0026109	0.00527824	0.00465002	0.0816461	0.0592293	0.090369	0.00115249	0.0091172
100	0.0107427	0.00892311	0.000642143	0.00126361	0.0230181	0.0055812	0.00129905	0.366953	0.00107023	0.0868221	0.0116686	0.00277293	0.000306698	0.00185667	0.00405476	0.00368984	0.0148597	0.446232	0.00160277	0.00664047
101	0.0113307	0.0102127	0.000580156	0.000710372	0.0138819	0.00305989	0.000655242	0.382987	0.00067536	0.0564254	0.0108866	0.00294268	0.000285149	0.0009597	0.00278652	0.00128524	0.016452	0.478077	0.000353635	0.00545342
102	0.0318155	0.0112773	0.0152844	0.0192464	0.0263372	0.0188903	0.0158741	0.0144384	0.0195592	0.0227952	0.0154094	0.0193146	0.00771278	0.0327013	0.248338	0.0256851	0.0211277	0.02046	0.400509	0.0132242
103	0.0441972	0.00387885	0.00936605	0.0142577	0.0200778	0.0589721	0.0299383	0.0111417	0.253889	0.0138155	0.00338526	0.0137603	0.0355163	0.0393901	0.321755	0.0559221	0.0367208	0.0101608	0.00643986	0.0174153
104	0.0720124	0.00963529	0.121181	0.176656	0.013568	0.0586173	0.0261221	0.0205477	0.0504036	0.0236363	0.010393	0.0611302	0.0510401	0.0595979	0.053855	0.0885732	0.0536044	0.0322378	0.00516868	0.0120204
105	0.0236501	0.00425348	0.000666538	0.00149474	0.0321637	0.00183494	0.00133949	0.116365	0.00131839	0.643363	0.072911	0.00260675	0.00136548	0.00576713	0.0027357	0.00233821	0.00859429	0.0638601	0.00177469	0.0115976
106	0.505298	0.037691	0.00160026	0.00648721	0.00441168	0.0980796	0.00186047	0.00176469	0.00228249	0.00218563	0.0194681	0.00947894	0.00146657	0.00683605	0.00772201	0.260178	0.0215271	0.00234561	0.00373308	0.00558393
107	0.0297035	0.00572979	0.0290248	0.0615705	0.21356	0.00591816	0.1125	0.100812	0.00565654	0.0677681	0.0710411	0.00554881	0.00430892	0.0128587	0.0341883	0.0113362	0.0210903	0.0783223	0.0208653	0.108197
108	0.134565	0.0540999	0.0158647	0.0178811	0.0212052	0.0824443	0.0155785	0.0489644	0.0142283	0.133808	0.0265316	0.147859	0.012218	0.0186964	0.0163123	0.073462	0.0461999	0.104908	0.00522854	0.00994508
109	0.0224608	0.00233287	0.00213629	0.00606503	0.309547	0.00180547	0.0829514	0.00318738	0.00679366	0.0674007	0.023734	0.00532027	0.000809625	0.0103751	0.0128806	0.00925778	0.0236426	0.00942324	0.0794769	0.320399
110	0.195044	0.108553	0.00132948	0.00437076	0.0184589	0.0359189	0.00246088	0.0883363	0.00141107	0.136182	0.0544805	0.010969	0.00351941	0.00540413	0.00502291	0.0924897	0.0662957	0.163298	0.00100464	0.00545052
111	0.0291657	0.00252264	0.00180715	0.0068724	0.224316	0.00166278	0.107641	0.00168094	0.00931664	0.0708769	0.0163082	0.00592252	0.000799063	0.00919904	0.0170667	0.0118995	0.0187986	0.0106902	0.098422	0.355032
112	0.0225235	0.00432701	0.00680655	0.0105673	0.114464	0.00675714	0.227314	0.00584605	0.0489418	0.0291795	0.0113653	0.0286094	0.00327971	0.0136951	0.0869977	0.013495	0.0133469	0.0093923	0.0712191	0.271873
113	0.0107218	0.0639294	0.0252607	0.0944681	0.00761475	0.0124071	0.00934413	0.0240754	0.0300833	0.0125421	0.004077	0.240832	0.00236053	0.0620413	0.0947953	0.0759954	0.190126	0.0246365	0.0050546	0.00963482
114	0.189333	0.00142187	0.15419	0.146434	0.00312925	0.029852	0.0060226	0.0104844	0.0733352	0.00868692	0.00888771	0.106737	0.0237201	0.0792295	0.0584687	0.0615817	0.025123	0.00798173	0.000861571	0.00451946
115	0.0275153	0.0071369	0.00629345	0.00947194	0.239007	0.00299491	0.0872468	0.00691551	0.00756078	0.0593014	0.0187568	0.00586842	0.014368	0.0118632	0.0169058	0.0165787	0.0255488	0.0166193	0.105404	0.314643
116	0.227037	0.0662597	0.00287166	0.00813922	0.0169902	0.048244	0.00533971	0.0887383	0.00367588	0.0998306	0.0295475	0.0191114	0.0313305	0.00662343	0.00863933	0.0919046	0.0692115	0.169764	0.0017859	0.00495614
117	0.0180548	0.00456	0.00527769	0.0153321	0.0234109	0.00958958	0.0286591	0.0482929	0.250887	0.0284172	0.00246774	0.0043587	0.00176056	0.104912	0.344387	0.00976434	0.025793	0.0209607	0.0088846	0.0442305
118	0.0597405	0.00478261	0.0950792	0.23471	0.0135321	0.0212681	0.00884884	0.0122249	0.15319	0.0221951	0.0037738	0.0353953	0.00910985	0.108459	0.115829	0.0310625	0.0513261	0.0156791	0.00154473	0.00224857
119	0.0305568	0.00587159	0.0335049	0.0101932	0.00372286	0.0247489	0.00583886	0.00445395	0.0028908	0.00368907	0.00273371	0.041293	0.00157369	0.0135973	0.0138862	0.492475	0.299115	0.00355801	0.00200807	0.00428897
120	0.0247479	0.00305303	0.000680129	0.000830814	0.0316523	0.00146023	0.00120115	0.0832415	0.000789027	0.691482	0.0799177	0.00185088	0.00154644	0.00444744	0.00175137	0.00182137	0.00892407	0.0472956	0.00155404	0.0117525
121	0.136761	0.00242614	0.145549	0.162559	0.00431101	0.0330041	0.0267864	0.0176059	0.0422319	0.00618531	0.0525728	0.0829625	0.0069151	0.102244	0.0423036	0.0395443	0.0623044	0.00742608	0.00218909	0.0241193
122	0.095549	0.00405231	0.0849819	0.350369	0.0101034	0.00895043	0.00880299	0.0137276	0.111112	0.0336611	0.00633647	0.0155761	0.0027665	0.0693554	0.0914897	0.0203986	0.0404799	0.0247553	0.00309826	0.0044342
123	0.0436542	0.0272229	0.0515236	0.0330095	0.0255661	0.099074	0.184209	0.0187281	0.0411333	0.024059	0.0326937	0.131742	0.00741315	0.0988714	0.0599851	0.0406014	0.0313899	0.020209	0.0105607	0.0183544
124	0.21638	0.0150312	0.026088	0.109012	0.00521908	0.00607827	0.00580819	0.00587454	0.110211	0.0275228	0.0275017	0.0199178	0.0044594	0.0920323	0.188005	0.0252269	0.053556	0.0334312	0.0218938	0.00675118
125	0.116243	0.00151232	0.104537	0.0262118	0.00930789	0.100503	0.0821533	0.00902925	0.119605	0.0299416	0.00203155	0.09205	0.00137147	0.0347884	0.0960559	0.0532279	0.0863452	0.0242237	0.00859755	0.00226373
126	0.100166	0.00751222	0.180008	0.0677884	0.016706	0.0642784	0.0759334	0.0167103	0.0953918	0.0249275	0.00982919	0.0776965	0.0178547	0.0460375	0.0661984	0.0368689	0.0456232	0.0207897	0.010186	0.0194939
127	0.0682608	0.00102748	0.0616886	0.16776	0.00140336	0.02375	0.0213164	0.0121174	0.082388	0.0195158	0.00339979	0.0411453	0.259309	0.044616	0.0763327	0.0604258	0.0279113	0.0260509	0.000600272	0.000980873
128	0.0425772	0.0124569	0.0175059	0.0315866	0.0365071	0.0195603	0.0344595	0.0227015	0.0677104	0.0258261	0.0196476	0.0183698	0.00882513	0.040544	0.276736	0.0306897	0.0290399	0.0241791	0.203506	0.0375718
129	0.0667226	0.000800737	0.0905454	0.181715	0.00111185	0.0292018	0.0154999	0.0120179	0.0656185	0.0126576	0.00496758	0.0411442	0.259109	0.0437193	0.0579521	0.0590893	0.0359036	0.0207609	0.00059718	0.000865742
130	0.0752781	0.0272336	0.0234066	0.136033	0.0109017	0.00998913	0.0139653	0.00772352	0.129387	0.0418912	0.0123464	0.0200958	0.0176452	0.17734	0.183799	0.0434301	0.0434111	0.0220101	0.0027881	0.0013245
131	0.094386	0.0397805	0.0201438	0.0309299	0.0211866	0.0381488	0.0191119	0.0854971	0.0246807	0.0629633	0.0229401	0.0353416	0.00903115	0.0389384	0.0286119	0.154263	0.16003	0.0900096	0.00906777	0.0149384
132	0.153601	0.00937714	0.0912555	0.0170066	0.0148509	0.231616	0.136737	0.0122227	0.0577653	0.015383	0.00902544	0.0201583	0.00511322	0.0568013	0.0212356	0.0213734	0.0181449	0.0182715	0.00598174	0.0840791
133	0.0438487	0.00767017	0.247729	0.235746	0.0104394	0.0182458	0.021476	0.0241887	0.0380845	0.0191305	0.00644894	0.0653984	0.0219129	0.0519722	0.047229	0.0435687	0.0366039	0.0442942	0.00346459	0.0125491
134	0.0696733	0.000912045	0.0639233	0.169005	0.0011673	0.0243663	0.020187	0.0118826	0.0799814	0.0187876	0.00341224	0.0409921	0.261071	0.0447132	0.0749309	0.0602739	0.0281212	0.025193	0.000534833	0.00087183
135	0.0373929	0.00374547	0.00311712	0.00658895	0.112236	0.00479752	0.019695	0.237052	0.00288666	0.412011	0.0301832	0.00405811	0.00139133	0.00599899	0.00745675	0.00595841	0.00779889	0.0470228	0.0050074	0.0456017
136	0.028784	0.0106455	0.0102972	0.0116829	0.235518	0.00654928	0.0745405	0.0133905	0.0106406	0.0503741	0.0194197	0.00880908	0.0210893	0.0165953	0.0256637	0.0213319	0.0290877	0.0221282	0.131895	0.251557
137	0.030358	0.00655389	0.38213	0.0810797	0.00693703	0.020408	0.0265819	0.0271146	0.0337129	0.00787835	0.00548422	0.231513	0.00573735	0.0427703	0.0202024	0.0348393	0.0154073	0.0124041	0.00355788	0.00532914
138	0.227818	0.0746474	0.00210741	0.00789901	0.0142514	0.0437494	0.00356013	0.0897157	0.00316314	0.116874	0.0402439	0.0125392	0.00625797	0.0063138	0.00693454	0.112059	0.0746757	0.152554	0.00103376	0.00360243
139	0.489538	0.0440784	0.00204138	0.00858117	0.00472377	0.0958355	0.00237198	0.00197986	0.00287138	0.00260853	0.0209766	0.00996358	0.00174405	0.00733314	0.00837388	0.262689	0.021593	0.00284177	0.00405096	0.00580496
140	0.0364762	0.00824273	0.0277859	0.138256	0.0299805	0.0242127	0.103241	0.0277544	0.0199478	0.0310885	0.0710594	0.0264838	0.0132312	0.28297	0.0454209	0.0384111	0.0207455	0.0258335	0.0136303	0.0152283
141	0.01009	0.00317682	0.00366502	0.00492547	0.0514265	0.00462773	0.0273946	0.0937154	0.111815	0.157471	0.0314788	0.0423498	0.00168084	0.0421702	0.211067	0.00664809	0.129378	0.0220054	0.00291484	0.0420006
142	0.014082	0.00454458	0.0267313	0.296456	0.00754393	0.00797553	0.0337661	0.00750883	0.00671351	0.00843075	0.0113638	0.00806911	0.00307001	0.479969	0.00953855	0.0500378	0.00843095	0.00799404	0.00290414	0.0048703
143	0.023006	0.00271302	0.00104999	0.00122954	0.0216905	0.00193909	0.00106366	0.0532455	0.00111768	0.70456	0.125346	0.00161961	0.00300201	0.00523678	0.00155573	0.00256754	0.00773944	0.0337251	0.000908601	0.00668438
144	0.0309822	0.00187431	0.00229752	0.00328899	0.0132272	0.00306104	0.0116956	0.0651043	0.0834049	0.270392	0.0331553	0.0178263	0.00128662	0.0315999	0.0949361	0.00464757	0.0599488	0.247006	0.00673047	0.0175343
145	0.0115443	0.0286477	0.0273432	0.120566	0.0242878	0.00698718	0.0205495	0.0248561	0.0785044	0.031547	0.00520244	0.0290229	0.00216298	0.0294665	0.149617	0.103277	0.221947	0.0248354	0.0195564	0.0400789
146	0.0691832	0.0184843	0.0498778	0.100937	0.0286594	0.145082	0.108227	0.0243116	0.0426636	0.0337631	0.0196738	0.0598178	0.0220081	0.0619888	0.0532785	0.0510745	0.0363258	0.0311142	0.0139027	0.0296273
147	0.0141416	0.018214	0.00833368	0.0385853	0.0457511	0.0205897	0.0194103	0.0601452	0.200738	0.0226679	0.0052918	0.00849128	0.00240183	0.0491731	0.259218	0.0376279	0.0645916	0.0392183	0.0221987	0.0632112
148	0.0110881	0.0103717	0.00128789	0.0067909	0.0358576	0.00443224	0.0014799	0.311166	0.00617748	0.349614	0.0508847	0.00781898	0.000748981	0.0183892	0.00708764	0.00534902	0.00577285	0.15419	0.00367323	0.00782009
149	0.222016	0.00657735	0.00888056	0.0556025	0.0633931	0.0130594	0.116651	0.0111152	0.00802382	0.0117464	0.0115463	0.0515379	0.00449893	0.104235	0.0135568	0.258627	0.0127997	0.012571	0.00705343	0.00650921
150	0.0269872	0.00789529	0.018081	0.00857644	0.00665723	0.0926407	0.00690108	0.00924452	0.020792	0.00987373	0.00498034	0.513771	0.00897312	0.00894276	0.0112923	0.184965	0.0183139	0.0148084	0.0217093	0.00459467
151	0.029373	0.0049663	0.0104557	0.0191774	0.194309	0.00412158	0.116279	0.006635	0.0109155	0.0669279	0.0266235	0.0124449	0.00267542	0.0234324	0.0239839	0.0160066	0.0188411	0.0144984	0.0881761	0.310158
152	0.0184942	0.0021204	0.00149641	0.00184676	0.0201715	0.00190109	0.00155719	0.0445971	0.00173705	0.657703	0.19121	0.0021802	0.00568868	0.00657636	0.0021574	0.0026229	0.00618818	0.0253729	0.00110819	0.00527051
153	0.0390991	0.0106784	0.0132892	0.0211524	0.0388426	0.0228004	0.0359059	0.0776136	0.0220045	0.290075	0.134646	0.0146831	0.0105279	0.091285	0.0422141	0.0255267	0.0232541	0.0604834	0.0137764	0.0121412
154	0.0294735	0.00708882	0.00505067	0.0119744	0.22829	0.00498734	0.0830186	0.0133492	0.0122459	0.0853696	0.0227714	0.00855665	0.00598488	0.0129771	0.0242226	0.0150043	0.0359422	0.0201278	0.0771218	0.296443
155	0.0322899	0.0127764	0.0141563	0.0180251	0.179616	0.0107968	0.0704328	0.0167278	0.0122026	0.0480199	0.0202903	0.0120974	0.0241773	0.0245558	0.0448289	0.0261491	0.0287546	0.0263969	0.167494	0.210212
156	0.5189	0.034342	0.0024641	0.0101699	0.00524024	0.138591	0.00300624	0.00319864	0.00681779	0.00504659	0.0154677	0.0087036	0.0143011	0.00743689	0.00851059	0.184205	0.0172043	0.00759744	0.00344309	0.00535386
157	0.066914	0.071875	0.0351685	0.0545882	0.027535	0.0428859	0.0322521	0.0268793	0.164553	0.0400785	0.0183769	0.0515808	0.0175627	0.0591557	0.111938	0.0544053	0.0578896	0.0306989	0.0112009	0.0244612
158	0.0657338	0.0166639	0.0429195	0.153778	0.0126426	0.0155803	0.0136838	0.0138106	0.157629	0.0340094	0.0103051	0.022913	0.0123569	0.139615	0.168934	0.0355651	0.0538334	0.019833	0.00466655	0.00552574
159	0.0122651	0.00964294	0.000660381	0.00146966	0.0174992	0.00359528	0.000848069	0.361078	0.00314186	0.103157	0.0186119	0.00341446	0.00037474	0.00357662	0.0053765	0.00214165	0.0156663	0.429948	0.00121495	0.00631756
160	0.0110844	0.0100571	0.00125382	0.00623736	0.0375458	0.00450804	0.00149598	0.301719	0.00580976	0.358503	0.0494787	0.00769246	0.000637078	0.0179977	0.00721806	0.00523165	0.00607234	0.154985	0.00388291	0.00858886
161	0.0900854	0.0150709	0.0408026	0.209333	0.0178543	0.0484001	0.0194434	0.0198364	0.0627523	0.0788685	0.016147	0.0257853	0.0170103	0.0969909	0.101293	0.0610416	0.0368529	0.0262237	0.00570604	0.0105024
162	0.0461197	0.012651	0.0282241	0.0423661	0.0612432	0.0234578	0.0523605	0.0289295	0.0333516	0.0419443	0.0305661	0.0254198	0.0145068	0.103741	0.0981407	0.0360205	0.029149	0.0320187	0.200511	0.0592778
163	0.040205	0.00822234	0.0168047	0.0113973	0.00406258	0.0195821	0.00382151	0.00522516	0.00264727	0.00373173	0.00247543	0.0331846	0.00168086	0.0105152	0.011369	0.557687	0.256473	0.00351745	0.00278954	0.00460823
164	0.0724654	0.00076279	0.0686955	0.174758	0.00110797	0.0256865	0.0187979	0.0114479	0.0747384	0.0170811	0.00358395	0.0414208	0.258103	0.0440414	0.072776	0.0606119	0.0295811	0.0230229	0.000533327	0.000784398
165	0.0142522	0.00369256	0.11684	0.00593342	0.00402775	0.075214	0.0153046	0.00412195	0.00469595	0.00458675	0.00339021	0.0826069	0.00163484	0.00797689	0.00832703	0.358732	0.279426	0.00410598	0.00200335	0.00312868
166	0.0236595	0.0322192	0.01617	0.00980843	0.168799	0.00397487	0.0310508	0.0301021	0.00370478	0.0090353	0.019807	0.00420053	0.102065	0.0106727	0.0175637	0.0391404	0.068194	0.056214	0.0939681	0.25965
167	0.0945328	0.0041775	0.0860333	0.354866	0.00991116	0.00915076	0.00923606	0.0132709	0.10815	0.0327752	0.00625809	0.0151159	0.00263228	0.0707387	0.0903541	0.0206181	0.0399228	0.0246579	0.0030134	0.00458433
168	0.0531654	0.0104215	0.145448	0.314239	0.0132356	0.0196703	0.024426	0.0287945	0.0394825	0.0240664	0.00725389	0.0153416	0.00154993	0.0679844	0.0713773	0.0264023	0.0582064	0.052711	0.00391696	0.022307
169	0.345874	0.0126628	0.0199102	0.0231629	0.0126448	0.234313	0.0207732	0.0109183	0.0562161	0.0177335	0.0107088	0.0187216	0.0345754	0.0198925	0.0201931	0.0525221	0.0229932	0.0478788	0.00491479	0.0133913
170	0.0248909	0.00496242	0.0203154	0.0454061	0.231603	0.00520543	0.105121	0.107058	0.0049949	0.0738311	0.0800063	0.00576218	0.00368498	0.0101083	0.0341918	0.00973641	0.0185804	0.0742168	0.0243495	0.115976
171	0.187228	0.0958266	0.00157663	0.0040935	0.0141703	0.047676	0.00231892	0.0842946	0.00174072	0.174624	0.0752179	0.00883018	0.00279989	0.00495945	0.00477944	0.0975376	0.0778312	0.108163	0.00083385	0.00549811
172	0.0103169	0.010954	0.00132231	0.00701478	0.0355771	0.00457588	0.00147076	0.319308	0.00651949	0.338534	0.0488378	0.00817607	0.000730136	0.0186033	0.00726178	0.00545588	0.00576523	0.158341	0.00378009	0.00745556
173	0.0523665	0.0188308	0.0497075	0.0895591	0.0991026	0.0119599	0.117197	0.00845597	0.0261758	0.0521151	0.0308736	0.0108771	0.00946101	0.0625226	0.0617835	0.0400474	0.0292197	0.0222143	0.0613523	0.146178
174	0.0247248	0.00363605	0.00625737	0.0075373	0.0590123	0.011204	0.0149976	0.0493717	0.00657575	0.548522	0.116672	0.00585696	0.00652416	0.0592089	0.0175825	0.0105895	0.00904154	0.0297281	0.00577797	0.00717927
175	0.054268	0.0139128	0.0905026	0.0446439	0.0151926	0.0468246	0.0319527	0.0183006	0.110633	0.023842	0.0116637	0.240814	0.0197817	0.040524	0.0623041	0.0783685	0.0516253	0.0218328	0.0111874	0.0118257
176	0.0131185	0.00172242	0.505085	0.0872555	0.0026072	0.00409044	0.0213786	0.0306713	0.0244689	0.00335084	0.00223147	0.223673	0.0010592	0.0413885	0.00608981	0.0172099	0.00386659	0.00745121	0.00145312	0.00182851
177	0.0288936	0.00255509	0.00194495	0.00713367	0.224003	0.00166703	0.107501	0.00213543	0.00925372	0.070767	0.0166963	0.0059406	0.000876214	0.00929871	0.0171262	0.011929	0.0189207	0.0108615	0.0978654	0.354631
178	0.271099	0.00373565	0.00437702	0.0893083	0.0603352	0.00675668	0.0531906	0.00790297	0.0050722	0.00640193	0.00435436	0.0319082	0.00240769	0.111171	0.00798688	0.311562	0.00753499	0.00868459	0.00260617	0.00360512
179	0.0252205	0.00333821	0.000631625	0.000983806	0.0320962	0.00123253	0.00126551	0.0995583	0.000875957	0.672404	0.0751551	0.00202575	0.00144454	0.00437574	0.00187846	0.00160078	0.00857416	0.0526688	0.00162687	0.0130428
180	0.0417953	0.00623021	0.395045	0.0911819	0.0108988	0.0183459	0.0271914	0.0303587	0.0342839	0.0122148	0.0114245	0.154178	0.00895626	0.0484243	0.0264968	0.029083	0.0181766	0.0185724	0.00614959	0.0109921
181	0.305745	0.0266137	0.0184235	0.0219923	0.0155128	0.185965	0.020436	0.0177706	0.0275616	0.0319294	0.0217244	0.0235877	0.0383508	0.0230714	0.0234318	0.10623	0.037948	0.0335008	0.00562701	0.0145777
182	0.107539	0.125929	0.0186355	0.0187725	0.0327417	0.0624938	0.0105699	0.0180939	0.0183436	0.0830738	0.0436217	0.0687419	0.0443349	0.0465826	0.106901	0.0938962	0.0510989	0.0276118	0.00467511	0.0163432
183	0.0131512	0.00201533	0.513363	0.090977	0.00264755	0.00356069	0.022871	0.0302821	0.0243286	0.00318493	0.00226538	0.209908	0.00123354	0.0397385	0.00657306	0.0185007	0.00378307	0.00836781	0.00134247	0.00190592
184	0.229835	0.00813464	0.0101889	0.00465032	0.0254548	0.0146003	0.00274235	0.0137728	0.0105023	0.0184998	0.02003	0.00292123	0.464085	0.0109512	0.00503433	0.067786	0.0353807	0.052218	0.00135822	0.00185402
185	0.0617135	0.00972017	0.0105931	0.00943445	0.00659531	0.0429367	0.00679329	0.0118852	0.012979	0.0078145	0.0051404	0.373465	0.0219141	0.00896211	0.0105647	0.334553	0.0281431	0.0240908	0.00843888	0.00426267
186	0.13467	0.0151753	0.0135073	0.0132858	0.00885994	0.10688	0.00822093	0.00917619	0.009191	0.00802982	0.00854602	0.0527342	0.00717622	0.0110381	0.0167931	0.489391	0.0645993	0.0106873	0.00598133	0.006057
187	0.0108303	0.00971878	0.000476563	0.000663508	0.0141135	0.00302808	0.000583753	0.385191	0.000656373	0.0571738	0.010971	0.00252634	0.000265813	0.000877975	0.00279856	0.00106029	0.0148586	0.47821	0.000341148	0.00565435
188	0.188963	0.0142883	0.00641758	0.00928731	0.0354654	0.144865	0.00809621	0.0193706	0.00846794	0.293712	0.138335	0.0107898	0.00371531	0.0119301	0.00994889	0.0515346	0.017927	0.0157868	0.00343129	0.00766746
189	0.041361	0.0129248	0.0179521	0.0240324	0.0938039	0.0193158	0.0483772	0.0204232	0.0246589	0.0407776	0.0208664	0.0215149	0.0173979	0.0343284	0.0989538	0.0331188	0.031255	0.0313697	0.256119	0.111449
190	0.192445	0.0782933	0.00269318	0.00701344	0.0146811	0.0312153	0.0052452	0.130415	0.00284809	0.0904327	0.0293765	0.0288911	0.00767812	0.0065853	0.00669404	0.0906918	0.064178	0.204573	0.00166829	0.00438158
191	0.0348681	0.0140067	0.00205158	0.00712669	0.0555514	0.00870169	0.0195529	0.17119	0.0062408	0.3145	0.0229812	0.00715885	0.000918984	0.011693	0.0129962	0.0175865	0.0142461	0.221878	0.0180341	0.0387165
192	0.174143	0.0245702	0.0217431	0.0223324	0.0159584	0.157246	0.0191001	0.0189118	0.0303621	0.0280424	0.0166085	0.0503788	0.0155656	0.0263854	0.0326771	0.233455	0.0683799	0.0270098	0.00622188	0.010908
193	0.0386798	0.00221618	0.00216353	0.00338152	0.00385135	0.00333539	0.009662	0.0558251	0.0760122	0.313059	0.0290918	0.00799308	0.00125134	0.0355827	0.0534694	0.00502572	0.0340134	0.306668	0.0102978	0.00842152
194	0.0300745	0.00307554	0.0029563	0.00807333	0.226981	0.00214804	0.113205	0.00435294	0.00960644	0.0671498	0.0179151	0.0070438	0.00272987	0.00971149	0.0179429	0.0123436	0.0190023	0.0128822	0.0965304	0.336275
