314	20
1	0.155546	0.00399026	0.015148	0.0143725	0.00494536	0.0183886	0.0313392	0.014019	0.0328373	0.0235167	0.0021205	0.0980639	0.0314659	0.0420837	0.0506593	0.235313	0.177294	0.0398514	0.00194757	0.00709729
2	0.039204	0.0524099	0.0219289	0.0239179	0.0143221	0.278296	0.0409744	0.0479876	0.0274087	0.0226747	0.00899807	0.0880636	0.0140748	0.0349015	0.0462936	0.116243	0.0751896	0.0270431	0.00229222	0.0177762
3	0.0416009	0.00529253	0.33891	0.404035	0.00216694	0.00569582	0.00560028	0.00490896	0.0196205	0.0203649	0.00193051	0.0152851	0.00442602	0.0476312	0.00888526	0.0341336	0.0203199	0.0171797	0.000570293	0.00144335
4	0.0321972	0.010767	0.000409883	0.00329704	0.0146332	0.00308953	0.00068647	0.332282	0.00323712	0.0636997	0.0215657	0.00318663	0.00173628	0.00354068	0.000649993	0.0113126	0.0386386	0.454145	0.000135088	0.000790207
5	0.0147701	0.0114466	0.00258225	0.00581012	0.0465906	0.00142035	0.00727212	0.146518	0.00133823	0.42288	0.209089	0.00339839	0.000971399	0.00224967	0.00300055	0.00573403	0.0229042	0.0906271	0.000325629	0.00107176
6	0.0157912	0.0164813	0.000852096	0.00109402	0.0402553	0.00407836	0.00127569	0.281663	0.000995333	0.283279	0.0451711	0.00103074	0.00315928	0.00351286	0.000962231	0.00362509	0.0109957	0.277894	0.000156395	0.00772725
7	0.0467633	0.00884602	0.0297365	0.170177	0.011392	0.0196274	0.088174	0.0315564	0.0495062	0.0274535	0.012222	0.032076	0.0485383	0.245234	0.0340129	0.0490945	0.0463621	0.0328738	0.00294343	0.0134111
8	0.0601417	0.0135819	0.0103627	0.0103026	0.0103283	0.0104451	0.0146396	0.0141597	0.244416	0.0668391	0.00622694	0.0265942	0.0357957	0.0496374	0.266537	0.0681549	0.0594507	0.0223731	0.00122072	0.00879226
9	0.0345431	0.00646652	0.0360585	0.186746	0.00997612	0.0249598	0.119231	0.0354692	0.0574495	0.0213486	0.0109677	0.0474137	0.00989437	0.245383	0.0199065	0.0485255	0.038964	0.0316472	0.00138388	0.0136661
10	0.00611114	0.0115606	0.00168617	0.00253926	0.307566	0.00956574	0.00762055	0.0355968	0.00925321	0.268463	0.0596531	0.00382665	0.00355353	0.0107075	0.0045234	0.0226421	0.0104587	0.0600551	0.058838	0.105779
11	0.0170738	0.0024664	0.011158	0.0210626	0.00363183	0.0331189	0.026129	0.0169526	0.259954	0.0119649	0.0145428	0.0564816	0.00532912	0.0633304	0.326141	0.0694959	0.0469175	0.00363319	0.00171201	0.00890476
12	0.0723174	0.0177288	0.0109035	0.0360443	0.00346739	0.308778	0.00548608	0.0104019	0.061045	0.027017	0.011594	0.098066	0.0370344	0.0409237	0.0373072	0.151974	0.0451166	0.0206794	0.000757358	0.00335744
13	0.0866296	0.0252506	0.00611153	0.00856904	0.0165655	0.00931232	0.0186519	0.174638	0.0661228	0.154941	0.0142029	0.00879722	0.00768216	0.0662187	0.0770418	0.0204598	0.0464547	0.15805	0.00160525	0.0326955
14	0.0332164	0.0105232	0.000445661	0.00321289	0.013062	0.00310492	0.000574925	0.334562	0.00393384	0.0521128	0.0200284	0.00364578	0.00177808	0.00350534	0.000759785	0.0117591	0.0407157	0.46247	0.000148298	0.00044069
15	0.0476502	0.00666219	0.075007	0.0489084	0.00799819	0.059341	0.0454066	0.0197134	0.0744054	0.0211926	0.0155208	0.144026	0.155177	0.0166402	0.0686116	0.115225	0.0287044	0.015497	0.00189219	0.0324211
16	0.026041	0.00464124	0.00913776	0.0180537	0.00316484	0.0228984	0.0224671	0.0148019	0.273727	0.0202451	0.0135941	0.0520432	0.0153298	0.0629058	0.325312	0.0597405	0.0416235	0.00598756	0.000809509	0.0074764
17	0.0544835	0.00763396	0.0415955	0.0332421	0.00286465	0.0567828	0.0125629	0.0188088	0.0114624	0.0269052	0.00745548	0.150551	0.00936642	0.0272128	0.0103981	0.306234	0.192668	0.0243486	0.000836403	0.00458782
18	0.0333748	0.0122112	0.000686986	0.00320409	0.0137865	0.00328208	0.000834244	0.33765	0.00331028	0.0522642	0.0191573	0.0033077	0.00168411	0.00333129	0.000629332	0.0126364	0.0415044	0.456524	0.000144841	0.000476304
19	0.0173938	0.016243	0.00206874	0.00408341	0.0491481	0.00345657	0.00492554	0.1962	0.00180889	0.345443	0.125972	0.00258488	0.00285786	0.00444873	0.00267092	0.00671825	0.0188293	0.186494	0.00092567	0.00772659
20	0.0530244	0.00415391	0.30638	0.256108	0.0012444	0.0231996	0.017377	0.00564837	0.0175079	0.00592957	0.00103306	0.0717641	0.0107462	0.0312801	0.0113847	0.123794	0.0349356	0.0226145	0.00031413	0.00156132
21	0.0267538	0.0141782	0.025111	0.0392766	0.0621036	0.033208	0.0954451	0.0298031	0.0586501	0.0708428	0.00736228	0.0521051	0.031805	0.0700047	0.0697019	0.0865946	0.0635523	0.0261888	0.0191177	0.118195
22	0.0163762	0.0118992	0.00264916	0.0031182	0.232732	0.00976728	0.0135962	0.094026	0.00561768	0.147437	0.0255369	0.00617971	0.00445014	0.00895339	0.0175852	0.0265228	0.0267739	0.0832247	0.0184861	0.245069
23	0.00578393	0.0117261	0.00212501	0.00274779	0.301707	0.00971637	0.00744865	0.033021	0.010497	0.277311	0.0621507	0.00395863	0.00374978	0.0112743	0.00371262	0.0216038	0.00959334	0.0599309	0.0696655	0.0922761
24	0.0553236	0.00735291	0.292996	0.356662	0.00154677	0.0126846	0.0100797	0.00467044	0.0203116	0.0117392	0.00152822	0.0451045	0.00576891	0.0303241	0.0134561	0.0768129	0.0352862	0.0165653	0.000392986	0.00139355
25	0.0415237	0.00380874	0.0382325	0.203633	0.00930994	0.0228882	0.0942966	0.0297292	0.0700394	0.0229104	0.00783048	0.0313799	0.00763782	0.242207	0.0240174	0.0466557	0.0457837	0.041156	0.000843222	0.0161176
26	0.0486145	0.0163734	0.00542284	0.0172956	0.0608474	0.00706591	0.083043	0.0570864	0.0414103	0.190679	0.00601457	0.0129622	0.00578878	0.0852931	0.0876522	0.0197719	0.0711633	0.0960999	0.00252412	0.0848915
27	0.0782208	0.0131062	0.00160866	0.0129671	0.0212953	0.00975394	0.00278192	0.0172092	0.00240262	0.0227383	0.00235582	0.00851281	0.623848	0.0206559	0.00583351	0.0705212	0.0450269	0.038774	0.0010846	0.0013033
28	0.0329581	0.0109855	0.000378276	0.00321944	0.0134292	0.00304889	0.00049881	0.337944	0.00323042	0.0524424	0.0188077	0.003233	0.00132789	0.00316714	0.00058916	0.0113162	0.039079	0.463803	0.000108333	0.000433956
29	0.0123015	0.0144863	0.000846977	0.00124959	0.0346437	0.00365575	0.00116186	0.307477	0.00100921	0.272483	0.0431373	0.00104825	0.00234257	0.00330831	0.000939399	0.00323575	0.0113714	0.278961	0.000168147	0.00617342
30	0.152662	0.00270624	0.0178583	0.0149433	0.00405762	0.017709	0.0255056	0.0151581	0.02923	0.0216425	0.00171189	0.0909437	0.0374232	0.0405543	0.0433276	0.244176	0.192627	0.0412281	0.00200749	0.00452818
31	0.126439	0.058104	0.00447805	0.0333558	0.0456163	0.0353669	0.0126705	0.0392774	0.0289081	0.0250997	0.0147882	0.067893	0.0147227	0.0379349	0.0394907	0.183121	0.128702	0.0651991	0.0026215	0.0362117
32	0.0622037	0.0128369	0.00894857	0.0300943	0.00272867	0.294562	0.00544984	0.00757824	0.0633098	0.0309031	0.0135919	0.119389	0.0412544	0.0485743	0.0374119	0.155169	0.0408076	0.0201358	0.000753363	0.00429776
33	0.0241686	0.00549953	0.0374577	0.0265731	0.00757919	0.0829994	0.0462235	0.0127476	0.152446	0.0107532	0.00796182	0.0785687	0.00924994	0.0514261	0.201887	0.12334	0.0900686	0.00789737	0.0058028	0.01735
34	0.0234185	0.00722923	0.019856	0.0189114	0.0955774	0.0376603	0.154123	0.0303386	0.0165007	0.0573174	0.00352121	0.0359899	0.00696219	0.0302778	0.0149052	0.0431964	0.0354887	0.0210216	0.00749028	0.340214
35	0.0808773	0.0398855	0.00528848	0.00826907	0.0991856	0.0367944	0.0289924	0.098194	0.00968944	0.1394	0.0407752	0.0239868	0.0115886	0.0164828	0.0200611	0.0327827	0.0273951	0.129606	0.00544492	0.145301
36	0.0159732	0.0167877	0.000737536	0.00100066	0.0468738	0.0055237	0.0014232	0.288807	0.00112837	0.271708	0.0352778	0.00107281	0.00376929	0.00371778	0.00114258	0.00420445	0.0101435	0.280955	0.00031849	0.0094341
37	0.0356209	0.0300907	0.00252721	0.00365865	0.197998	0.0106405	0.00924747	0.148605	0.00544245	0.208673	0.0393106	0.00533839	0.0137677	0.0103772	0.00536972	0.0298061	0.0174881	0.175464	0.00975142	0.0408219
38	0.0141473	0.0123924	0.0247984	0.0115587	0.0456948	0.0108641	0.337281	0.0115503	0.0107193	0.0122658	0.00610231	0.211279	0.0052911	0.0813072	0.027809	0.0959385	0.0569219	0.0130288	0.00258431	0.00846607
39	0.0327897	0.010898	0.000371928	0.00322858	0.0134009	0.00303322	0.000497633	0.338998	0.00322209	0.0525586	0.0188429	0.00321263	0.00131738	0.00317575	0.000568707	0.0113415	0.0391945	0.462855	0.000104605	0.00038813
40	0.0331434	0.0189546	0.00900358	0.0250612	0.0811272	0.0100662	0.0999902	0.0403558	0.0331464	0.170051	0.0056627	0.0160876	0.0066911	0.0836725	0.0748788	0.025742	0.0780028	0.0661047	0.00423053	0.118028
41	0.0195673	0.0097176	0.0143155	0.0410465	0.054416	0.0164316	0.0613025	0.0190292	0.130811	0.0745646	0.00912389	0.0484547	0.0151228	0.0826721	0.189803	0.0691418	0.0602194	0.0268437	0.00509964	0.0523181
42	0.037179	0.00637985	0.132187	0.0843033	0.00320375	0.224353	0.0439051	0.0129717	0.0457658	0.00645133	0.00283094	0.13172	0.0144619	0.0356198	0.0489036	0.0980624	0.0482201	0.01644	0.00130037	0.00574157
43	0.0129119	0.0157514	0.000801785	0.000952134	0.0358724	0.00373895	0.000872079	0.292222	0.000947355	0.279937	0.0400675	0.00092266	0.00238578	0.00334062	0.000767442	0.00293165	0.00998716	0.288921	0.000162735	0.00650636
44	0.0151137	0.00534756	0.0028995	0.00317787	0.216914	0.00777872	0.0153762	0.0843318	0.00330925	0.0559148	0.00275086	0.00563271	0.002202	0.00586799	0.03182	0.0336728	0.0435765	0.0360126	0.0138373	0.414464
45	0.00413188	0.0121053	0.00148672	0.00220276	0.332091	0.00994819	0.0076489	0.0349804	0.00743434	0.294603	0.0625501	0.00328989	0.00321241	0.0111109	0.00258507	0.0195967	0.00793667	0.0675228	0.0324986	0.0830641
46	0.012734	0.0167367	0.000761847	0.000990336	0.0405028	0.00465809	0.000922408	0.29292	0.000893228	0.281218	0.0369383	0.00100736	0.00278879	0.00316208	0.000796114	0.00302766	0.00924186	0.283134	0.00025129	0.0073154
47	0.209115	0.016111	0.0120867	0.0189499	0.01228	0.19212	0.0100316	0.0576212	0.0195116	0.0274797	0.00951934	0.0362956	0.0177887	0.0220611	0.0210607	0.167659	0.0759986	0.0656286	0.00168484	0.00699737
48	0.198384	0.0680355	0.00583361	0.00490733	0.00999853	0.0158362	0.0105412	0.0946787	0.00703757	0.0292676	0.0205045	0.0257316	0.0683553	0.00756568	0.00548832	0.0884738	0.187822	0.144474	0.00249269	0.00457217
49	0.128138	0.144137	0.00798399	0.00549787	0.0100989	0.0122202	0.0203998	0.11506	0.0102293	0.0137166	0.012064	0.0138355	0.0182112	0.00863	0.00524228	0.0828977	0.182534	0.200722	0.001714	0.00666802
50	0.0424945	0.00530844	0.347799	0.377434	0.00201286	0.00782739	0.00661768	0.00492828	0.0193244	0.0179517	0.00182839	0.0219681	0.00526245	0.0450475	0.00899676	0.0444489	0.0214627	0.0174136	0.000429481	0.00144384
51	0.0643892	0.0421677	0.0198313	0.0128652	0.0308301	0.00968532	0.0158496	0.131916	0.0363192	0.0416616	0.0387606	0.0190473	0.0106394	0.0224132	0.0217683	0.0834609	0.218785	0.172628	0.00215281	0.00482898
52	0.0860299	0.0129184	0.00254316	0.0197547	0.0227972	0.00951503	0.00418313	0.0208053	0.0036334	0.0237177	0.00303849	0.0128238	0.58186	0.0303471	0.00804179	0.070984	0.0471722	0.036791	0.001325	0.00171888
53	0.102733	0.0199257	0.00295994	0.0111689	0.018497	0.0112512	0.00523054	0.0365482	0.00489875	0.0271446	0.00702083	0.0150941	0.485968	0.0189381	0.00682959	0.0784006	0.0842877	0.0593894	0.00146896	0.00224443
54	0.0150404	0.0144992	0.00346411	0.00636824	0.0726879	0.00442079	0.00715393	0.164806	0.00551806	0.353553	0.123762	0.00487443	0.00665672	0.00937827	0.00824548	0.0140501	0.0244339	0.142405	0.00448555	0.0141966
55	0.00423998	0.01212	0.00151544	0.00224609	0.32759	0.0100514	0.00754396	0.0357311	0.00746526	0.297197	0.0645876	0.00333385	0.00322747	0.0112096	0.00258598	0.019524	0.00808505	0.0672938	0.0325141	0.0819387
56	0.137181	0.0204243	0.00546963	0.00747106	0.0249953	0.0512942	0.0112408	0.229524	0.00737022	0.069789	0.0293729	0.00881572	0.00898082	0.0107676	0.0101328	0.0319639	0.0366539	0.281893	0.00119146	0.0154685
57	0.0433145	0.0101244	0.00293271	0.0106855	0.0532162	0.0040496	0.0140065	0.173094	0.00708736	0.188096	0.100896	0.00583401	0.0109145	0.0190422	0.00860202	0.0342363	0.081515	0.220719	0.000682648	0.0109522
58	0.0566649	0.00461354	0.285427	0.247336	0.00119887	0.0250224	0.019358	0.00577531	0.0200603	0.00546913	0.000942984	0.0831552	0.00828553	0.0271226	0.0129742	0.134415	0.0410677	0.0192792	0.000326408	0.00150523
59	0.0475029	0.0195173	0.00748526	0.0141571	0.0688836	0.01195	0.0128182	0.192995	0.014501	0.101326	0.0439175	0.012064	0.0116343	0.0367347	0.0172045	0.0433686	0.0978993	0.227978	0.00151423	0.0165483
60	0.0188769	0.012616	0.0035233	0.00617311	0.0518213	0.00317142	0.0111061	0.138115	0.00276238	0.401674	0.201646	0.00454076	0.00212044	0.00424311	0.00412428	0.00933314	0.0246047	0.0921767	0.00132089	0.00605057
61	0.0493842	0.048879	0.0310159	0.0587126	0.0383165	0.0435489	0.0990886	0.0200739	0.0440624	0.0261205	0.00825823	0.0858831	0.0136979	0.11013	0.0500319	0.141457	0.076055	0.0288338	0.00403806	0.0224118
62	0.0739076	0.016645	0.0104464	0.00492936	0.00388205	0.00822463	0.0051789	0.0101941	0.262113	0.0579253	0.00378656	0.020183	0.0432242	0.0444044	0.274956	0.0724187	0.0639032	0.0200965	0.000692895	0.00288819
63	0.0320566	0.0110329	0.000373321	0.00307068	0.0144664	0.00301076	0.000502687	0.338211	0.00307745	0.0638143	0.0193468	0.0030989	0.00136659	0.00313568	0.000580659	0.0107248	0.0372909	0.454035	0.000117153	0.000687272
64	0.138809	0.0457211	0.00428829	0.00489554	0.0462471	0.0394029	0.030271	0.120266	0.00647767	0.112584	0.0805949	0.0111144	0.0180907	0.0107078	0.0184988	0.0206562	0.0210781	0.210931	0.00153903	0.0578261
65	0.0517817	0.00384679	0.298737	0.201487	0.00119895	0.0272948	0.0220709	0.00723101	0.0204856	0.00365767	0.000998914	0.0980865	0.00921744	0.0311582	0.0139107	0.144287	0.0410658	0.0214988	0.000301651	0.0016826
66	0.0328679	0.0109198	0.000378893	0.00322228	0.013404	0.00303392	0.000485805	0.338103	0.00322273	0.0523891	0.0187795	0.00323151	0.00131727	0.00317004	0.000569843	0.011306	0.0390874	0.464019	0.000108399	0.000383597
67	0.0152044	0.011403	0.00264408	0.0060387	0.0493511	0.00146924	0.00725978	0.144694	0.00138044	0.419841	0.207082	0.00353386	0.00122037	0.00249198	0.00309829	0.00587361	0.0229633	0.0925518	0.000430201	0.00146937
68	0.0289995	0.00450759	0.0874127	0.0704075	0.00242863	0.410252	0.0102209	0.0174265	0.0336911	0.00781793	0.00321259	0.127585	0.0265077	0.0154918	0.0161731	0.0630596	0.0484378	0.0237964	0.000626577	0.00194555
69	0.051604	0.00383449	0.298876	0.221431	0.00112674	0.0271515	0.0204569	0.00609338	0.0180125	0.00399092	0.00086727	0.0892124	0.010602	0.0299096	0.0119471	0.141703	0.03902	0.0223917	0.00029826	0.00147127
70	0.0754617	0.0399282	0.00388907	0.00518749	0.115022	0.0154499	0.00950444	0.19283	0.00538912	0.13424	0.032582	0.00732423	0.0131276	0.0113252	0.00703425	0.0381505	0.0321052	0.242463	0.00111237	0.0178743
71	0.0195478	0.012663	0.0380781	0.0237144	0.00175564	0.040403	0.0172203	0.014781	0.0147993	0.0164881	0.00514127	0.282105	0.00199765	0.028477	0.00537112	0.262747	0.187391	0.0177237	0.000554073	0.00904096
72	0.0555647	0.00476486	0.286494	0.269479	0.00133911	0.0222249	0.0181073	0.00562247	0.0192472	0.0062473	0.00106863	0.0751266	0.0078804	0.0285293	0.0131234	0.124416	0.0397422	0.0189485	0.000392736	0.00168167
73	0.1497	0.00230181	0.0177203	0.0145781	0.00429221	0.0169147	0.0245197	0.0166759	0.0289385	0.0223862	0.00181636	0.0900529	0.0378879	0.0394508	0.0425551	0.244409	0.197116	0.0428151	0.00195123	0.00391842
74	0.0553408	0.0025617	0.00856793	0.0110756	0.00762761	0.00384148	0.0262484	0.129734	0.047663	0.0648349	0.0256685	0.0394152	0.00328939	0.0288361	0.0388053	0.124955	0.247985	0.131893	0.000342112	0.00131496
75	0.0115583	0.0150086	0.000754976	0.000933466	0.0349179	0.00376217	0.000777394	0.313025	0.000871966	0.27159	0.0372833	0.000920048	0.00220795	0.00295863	0.000771562	0.00278103	0.00918688	0.284151	0.000163791	0.00637697
76	0.0150143	0.00267329	0.0094855	0.0230008	0.00447751	0.0263994	0.0279701	0.0163872	0.269917	0.014035	0.0145247	0.0579378	0.00602495	0.0679865	0.329489	0.0600287	0.0404358	0.00389571	0.00108988	0.00922724
77	0.040819	0.00515343	0.349667	0.39222	0.00208544	0.00605968	0.00551075	0.00475476	0.0193859	0.0192745	0.00188941	0.0163187	0.00483793	0.0483231	0.0085033	0.0365684	0.0195316	0.0172011	0.000502506	0.00139342
78	0.0149575	0.0128156	0.0301138	0.0118625	0.0408565	0.0111156	0.34245	0.012052	0.0110239	0.0137024	0.00629656	0.216348	0.00538208	0.0700402	0.0250794	0.0927488	0.0510454	0.0133924	0.00305623	0.0156613
79	0.0152354	0.0178778	0.00149681	0.00209789	0.306129	0.0114962	0.0101384	0.0510828	0.00653542	0.269269	0.0590672	0.0040079	0.00511239	0.0102043	0.00350771	0.0218391	0.00919082	0.0868165	0.0268059	0.0820894
80	0.0461128	0.0612027	0.0381142	0.012213	0.0172271	0.0468857	0.0406371	0.228216	0.0141922	0.0257481	0.0128673	0.0163257	0.0383753	0.0164209	0.0126804	0.106762	0.107434	0.148126	0.0022084	0.00825089
81	0.0487647	0.00297078	0.00794497	0.0119282	0.0107209	0.00379653	0.0285833	0.147409	0.0462647	0.0787472	0.0350364	0.0326028	0.00247617	0.0287296	0.0379722	0.104835	0.232779	0.135966	0.000452713	0.00202064
82	0.0286319	0.0116318	0.000462865	0.00258996	0.0191836	0.0032368	0.000527793	0.334342	0.00256457	0.104578	0.0219857	0.00262824	0.00151255	0.00300882	0.000606498	0.00919723	0.0312632	0.420032	0.000146084	0.00186987
83	0.0157131	0.012061	0.00320053	0.00322866	0.231483	0.015357	0.0162379	0.0767948	0.00516447	0.158952	0.0263908	0.00671375	0.00372108	0.00861633	0.0156676	0.0236346	0.0204936	0.0680532	0.0198231	0.268694
84	0.0346689	0.00584838	0.0284525	0.182201	0.00920634	0.0207281	0.0927847	0.0418487	0.0487778	0.021059	0.0201814	0.0294279	0.0135907	0.306449	0.0207468	0.039565	0.0381091	0.0320894	0.00182737	0.0124373
85	0.0120874	0.0142183	0.00102216	0.00169663	0.0360019	0.00335104	0.0018868	0.280346	0.000918261	0.310302	0.0655887	0.00127022	0.00190942	0.00277571	0.00106566	0.0031476	0.0114985	0.245507	0.000199733	0.00520658
86	0.0149403	0.0113759	0.00240369	0.00551413	0.0454179	0.00163465	0.00701413	0.155962	0.00141752	0.411508	0.195895	0.00335491	0.00129183	0.0026081	0.00290341	0.00588366	0.0230454	0.105907	0.000322763	0.00159883
87	0.0435132	0.0047963	0.351389	0.362399	0.00198952	0.00833195	0.00733439	0.00488717	0.0189187	0.0172434	0.00179791	0.0245757	0.00581856	0.0463781	0.00867167	0.0498954	0.0214451	0.0188191	0.000440402	0.00135496
88	0.0434706	0.0134159	0.106729	0.176507	0.0121969	0.0276966	0.0384996	0.0233831	0.0419443	0.0298237	0.00833005	0.0610188	0.0117206	0.104694	0.0329767	0.124533	0.0953418	0.0360568	0.00186368	0.0097978
89	0.022578	0.0103872	0.00276269	0.00702649	0.0466361	0.00174272	0.00685992	0.156052	0.00268902	0.344018	0.171736	0.00374983	0.00378129	0.00766335	0.00440143	0.0109033	0.0374942	0.155016	0.000536727	0.0039654
90	0.0269423	0.01242	0.00222737	0.00550054	0.0483235	0.00234305	0.00644182	0.174246	0.00234895	0.339695	0.151968	0.00310457	0.00391856	0.00649218	0.00378593	0.00931195	0.0290389	0.167188	0.000292446	0.00441189
91	0.0456055	0.0053786	0.301707	0.253046	0.00334875	0.0289221	0.0171591	0.00939309	0.0219716	0.0129772	0.00271895	0.0694199	0.010612	0.0388258	0.0143528	0.0994045	0.037409	0.0226794	0.000402275	0.00466674
92	0.0239855	0.0141656	0.0192661	0.0384654	0.0572587	0.0883688	0.108733	0.0221591	0.0318482	0.0313054	0.00678656	0.106346	0.0185179	0.0298292	0.0186159	0.0976652	0.0406935	0.0186416	0.00504763	0.2223
93	0.0388092	0.0131852	0.0460427	0.0458035	0.00652114	0.393142	0.0144784	0.0226241	0.0379614	0.0194121	0.00799315	0.0974396	0.0258124	0.0272418	0.0283799	0.0939163	0.0491044	0.0249397	0.00104713	0.00614608
94	0.0129684	0.00581391	0.00645567	0.00554635	0.197022	0.0103333	0.0394942	0.0750586	0.00523998	0.0558587	0.00308313	0.0086891	0.00286607	0.00866076	0.0246253	0.0263292	0.0312152	0.0310746	0.02001	0.429655
95	0.0829763	0.0131363	0.00264992	0.01378	0.0200431	0.011246	0.00393898	0.0190209	0.00450562	0.0253506	0.00423187	0.0121316	0.588592	0.0228901	0.00809592	0.0740075	0.0499736	0.0403749	0.00121115	0.00184316
96	0.0229148	0.0113154	0.00292958	0.00732777	0.175303	0.00677442	0.00849536	0.0801561	0.00965538	0.267827	0.112421	0.00625942	0.00769571	0.0222611	0.00877172	0.0334235	0.0474139	0.11396	0.015362	0.0397336
97	0.129623	0.070554	0.00752957	0.00813154	0.0155603	0.0152513	0.0156574	0.125319	0.0154349	0.0303849	0.0190347	0.0364855	0.0303026	0.0147198	0.0124662	0.0858709	0.206914	0.151249	0.00223503	0.00727686
98	0.0444154	0.0176221	0.00828036	0.0139066	0.0330361	0.00817404	0.0122758	0.116765	0.0167502	0.155168	0.13256	0.0146302	0.0164377	0.0262894	0.017158	0.0565083	0.133631	0.165237	0.00326307	0.00789202
99	0.0389551	0.00465087	0.158972	0.236754	0.00801652	0.0238338	0.0662876	0.0186231	0.0450218	0.0211662	0.00514693	0.0524114	0.00845157	0.135948	0.0190671	0.0724389	0.0401917	0.0314492	0.000881371	0.0117325
100	0.0457961	0.0255483	0.0062233	0.011077	0.00768048	0.0113934	0.00923732	0.0494287	0.0310898	0.133668	0.0740613	0.0182996	0.282552	0.0558971	0.0431005	0.0910713	0.0539325	0.0417834	0.00334111	0.00481907
101	0.0277112	0.0316976	0.0284725	0.0364562	0.0142314	0.0622863	0.0812072	0.0181866	0.0300417	0.0216269	0.00622391	0.221979	0.01207	0.0500372	0.0224602	0.180416	0.0852117	0.0186827	0.00404226	0.0469587
102	0.0628975	0.0160319	0.0014719	0.00356133	0.0225975	0.0110399	0.00275641	0.292185	0.00364515	0.05541	0.0244699	0.00441581	0.00385466	0.00891985	0.00218513	0.0193208	0.0451909	0.416775	0.000301982	0.002969
103	0.0167535	0.0134226	0.00208308	0.00455573	0.0470889	0.00318242	0.00559304	0.206681	0.00276543	0.339488	0.1201	0.00318009	0.00552308	0.00526887	0.00297158	0.00753448	0.0221742	0.185312	0.000884368	0.00543719
104	0.0264859	0.0103604	0.0376014	0.148832	0.00983071	0.021513	0.058439	0.0210549	0.145694	0.0210762	0.00826765	0.0339638	0.00794072	0.197669	0.0847111	0.0514638	0.0732274	0.0294609	0.0011993	0.0112086
105	0.0583204	0.00561287	0.285744	0.320651	0.00157667	0.016214	0.0138704	0.00531825	0.0198433	0.0105659	0.00145933	0.0542893	0.00682856	0.0314034	0.0128788	0.0937702	0.038503	0.0213689	0.000375136	0.00140661
106	0.0148074	0.0114934	0.0025768	0.00574238	0.0462608	0.00142344	0.0073231	0.147623	0.00132053	0.423296	0.208097	0.00343823	0.00095294	0.00219878	0.00293058	0.00561602	0.0225989	0.0908623	0.000325286	0.00111315
107	0.0316484	0.0110653	0.000382644	0.00309952	0.0145474	0.00303174	0.000490102	0.336221	0.00308217	0.0638177	0.0194734	0.00311177	0.00134216	0.00317221	0.000597345	0.0108568	0.0374516	0.45579	0.000102662	0.000716572
108	0.08212	0.0163265	0.0109632	0.00315482	0.0019832	0.00698894	0.00230997	0.00979118	0.263677	0.0578488	0.00328428	0.0173442	0.0491723	0.0400341	0.272912	0.0730285	0.0655943	0.0213515	0.000558723	0.00155649
109	0.0393322	0.0176924	0.0144952	0.0474435	0.0216512	0.0151577	0.0274906	0.0282686	0.0286146	0.0913823	0.0147681	0.019924	0.250772	0.0965697	0.0885745	0.069044	0.0703267	0.0410228	0.00789795	0.0095723
110	0.0714421	0.0108486	0.0307039	0.0318552	0.0071379	0.166863	0.0197998	0.0150036	0.0590542	0.0270243	0.0124103	0.108502	0.123426	0.0359297	0.0588322	0.129334	0.0546286	0.0225844	0.00160409	0.0130159
111	0.0206879	0.0117913	0.0375768	0.0245796	0.00179694	0.0472298	0.0160277	0.0142095	0.0135842	0.0177568	0.00539666	0.275144	0.00187065	0.0292508	0.00581009	0.264746	0.186875	0.0175817	0.000560078	0.007524
112	0.0154616	0.0112129	0.00264173	0.00594653	0.0471856	0.00138307	0.00733177	0.146021	0.0014043	0.416894	0.20718	0.00351495	0.00112354	0.00274449	0.00312935	0.00619848	0.0247413	0.0944075	0.000297391	0.00118036
113	0.0314597	0.0179366	0.0404035	0.0211958	0.00791976	0.124062	0.0503826	0.0572414	0.0191433	0.0322791	0.00716617	0.191941	0.007898	0.0579142	0.0336091	0.142322	0.107019	0.0228576	0.00206631	0.0251831
114	0.0189636	0.0109582	0.00372069	0.00759073	0.0440719	0.00158199	0.00612016	0.161474	0.00202358	0.351183	0.170225	0.00348227	0.00277998	0.00578823	0.00342043	0.00812286	0.0297728	0.165377	0.000293156	0.0030497
115	0.061191	0.0128038	0.0106711	0.0315748	0.00243442	0.303212	0.00500267	0.00759831	0.0624925	0.0289669	0.0132541	0.118495	0.0366346	0.0485105	0.0377321	0.154344	0.041227	0.0204804	0.000565224	0.00280965
116	0.0589945	0.00471027	0.268151	0.19954	0.00116015	0.0344199	0.0247916	0.00576194	0.0216009	0.0024455	0.00105457	0.107093	0.00734805	0.0205656	0.0138257	0.160708	0.048626	0.0173981	0.000291703	0.00151384
117	0.0697198	0.00719069	0.0173066	0.0224669	0.00811871	0.0148036	0.0358872	0.126388	0.0421405	0.0420414	0.0164992	0.0312638	0.00443556	0.0550171	0.0645173	0.0664385	0.248285	0.124276	0.000685808	0.00251844
118	0.0379705	0.00970022	0.0437752	0.0398126	0.0110877	0.0213456	0.024958	0.07281	0.0287627	0.104533	0.0190313	0.0503699	0.0153984	0.0730564	0.0400123	0.162977	0.169535	0.0675499	0.00176776	0.00554685
119	0.0888875	0.0146718	0.00801931	0.0159191	0.0171751	0.0473427	0.00717742	0.021204	0.0144669	0.0260855	0.00804122	0.0265485	0.458238	0.0237443	0.0153166	0.0886488	0.0691647	0.0410882	0.00176081	0.0064999
120	0.0405655	0.00707194	0.053426	0.048191	0.00333755	0.058856	0.0124176	0.0199719	0.010177	0.0439003	0.0125232	0.115835	0.00445065	0.0346746	0.0109377	0.296922	0.192722	0.0293376	0.000877834	0.00380512
121	0.0672643	0.0136471	0.00873926	0.0294965	0.0036313	0.294124	0.00497417	0.00869233	0.0595506	0.0311954	0.013407	0.11156	0.0397069	0.045318	0.0381739	0.157802	0.0468708	0.021405	0.000724377	0.00371674
122	0.201699	0.0525048	0.00633471	0.0180854	0.0794614	0.0216788	0.0110856	0.0300168	0.0414302	0.0260975	0.0596929	0.0339974	0.0124802	0.0586267	0.0262795	0.114426	0.133648	0.0433835	0.00596785	0.0231036
123	0.0904029	0.0308625	0.0114795	0.0470503	0.0504855	0.106525	0.0143395	0.0709655	0.0189446	0.0819172	0.0110447	0.0366588	0.0121508	0.0329678	0.0480037	0.151228	0.0905504	0.077088	0.00268996	0.0146453
124	0.0686475	0.00892566	0.0591885	0.0416851	0.00685711	0.151249	0.014159	0.0229997	0.0247422	0.0408747	0.00979045	0.0939451	0.0166951	0.0287389	0.0216931	0.22597	0.127489	0.0287452	0.00161743	0.00598824
125	0.103942	0.0383735	0.00648802	0.0230719	0.0409856	0.0347953	0.0311581	0.0235025	0.0514364	0.0290578	0.0116146	0.0938922	0.0289474	0.050681	0.0509713	0.17591	0.115885	0.0387848	0.00468582	0.0458167
126	0.0313495	0.0105655	0.000386844	0.00306614	0.0136887	0.00299193	0.000552056	0.348273	0.00307933	0.0608626	0.0200669	0.00308473	0.00136049	0.00308544	0.000598779	0.0110852	0.0374011	0.447827	0.000106751	0.000568253
127	0.0329253	0.0167523	0.0131389	0.0302698	0.0235469	0.0124677	0.0426564	0.0222385	0.0319188	0.0685303	0.0117795	0.0252473	0.262143	0.0972498	0.0995096	0.0808857	0.0628471	0.0307119	0.0199583	0.0152234
128	0.0194784	0.0105135	0.00665534	0.00995572	0.190699	0.013505	0.0309517	0.0496648	0.0175072	0.134344	0.0299391	0.0169288	0.00759456	0.0201175	0.0233153	0.0375599	0.0309317	0.042122	0.0820392	0.226177
129	0.0263802	0.00524624	0.00903152	0.017914	0.00384238	0.0228061	0.0223004	0.015112	0.27095	0.0222983	0.0114801	0.0504833	0.0128794	0.0623669	0.32862	0.059925	0.0429163	0.00700248	0.000931399	0.00751382
130	0.0829565	0.015926	0.0131189	0.00423102	0.00218114	0.00703386	0.00306416	0.0105055	0.260762	0.0559783	0.00333137	0.017877	0.0504886	0.0387906	0.268482	0.0752554	0.0666429	0.0209343	0.000593046	0.00184721
131	0.150261	0.00231688	0.0179216	0.0122544	0.00435008	0.0167959	0.0208131	0.0200334	0.0284971	0.0208868	0.00218158	0.0823607	0.0455811	0.0396118	0.0358167	0.244369	0.205911	0.0445163	0.00236591	0.00315518
132	0.0302856	0.00425143	0.107556	0.0843299	0.00281923	0.377592	0.0131316	0.022824	0.0309617	0.00709719	0.00295989	0.125272	0.0220016	0.013481	0.0148044	0.0568407	0.0519273	0.0290643	0.000746655	0.00205339
133	0.0407391	0.00991886	0.000915236	0.00467032	0.0210379	0.00334299	0.0029757	0.285196	0.00428342	0.091582	0.0410195	0.00318336	0.0077718	0.00833756	0.00232064	0.0148211	0.0504992	0.40368	0.000217865	0.00348697
134	0.013796	0.00206291	0.00860649	0.0201711	0.0029713	0.0267793	0.0272829	0.0165834	0.278746	0.012552	0.0136062	0.0580604	0.00474346	0.0676226	0.340478	0.0562301	0.0378906	0.00247606	0.000914853	0.00842604
135	0.0217476	0.00788129	0.0269504	0.0210346	0.0890922	0.0353848	0.185637	0.0270791	0.0177953	0.0467985	0.00392025	0.0414564	0.00739374	0.0319886	0.0142707	0.043156	0.0323941	0.0211581	0.00870658	0.316155
136	0.156555	0.00250707	0.0181153	0.0142678	0.00401109	0.0178594	0.0243797	0.0161474	0.0290135	0.0213529	0.00204165	0.0886651	0.0388441	0.0393898	0.0413958	0.243726	0.194161	0.041794	0.0019629	0.00381084
137	0.0237024	0.0132644	0.0404087	0.0271492	0.00211252	0.0450948	0.0182849	0.0145182	0.0154387	0.019211	0.00590927	0.275402	0.00260473	0.0378243	0.00793624	0.252874	0.170294	0.019572	0.000580518	0.00781877
138	0.0410482	0.0108394	0.134198	0.124122	0.00650741	0.0775644	0.0316305	0.015309	0.031889	0.0154058	0.00583945	0.16767	0.0150935	0.037358	0.0259703	0.148112	0.076372	0.0248839	0.00159794	0.00858847
139	0.0419268	0.00690518	0.15501	0.268927	0.00731245	0.0263434	0.038786	0.015759	0.0629118	0.0261444	0.00572252	0.045522	0.0124309	0.0961847	0.0391585	0.0647273	0.0451581	0.0302869	0.00165972	0.00912362
140	0.0510245	0.0121173	0.00112837	0.00351249	0.020024	0.008734	0.00141255	0.325705	0.00345418	0.0526854	0.0189215	0.00385235	0.00234947	0.00490604	0.0012648	0.0146412	0.0415397	0.43109	0.00030301	0.00133423
141	0.00714118	0.0125776	0.00200636	0.0022006	0.291122	0.00913624	0.0114263	0.0507157	0.00585149	0.203145	0.0386788	0.00389688	0.00291858	0.00857943	0.0112134	0.0211146	0.016435	0.052091	0.0279173	0.221832
142	0.00877157	0.0130631	0.00138997	0.00249157	0.224415	0.00669979	0.00602826	0.114605	0.00416931	0.310521	0.0792554	0.00279061	0.00334035	0.00739504	0.00244308	0.013338	0.0110733	0.127094	0.016576	0.04454
143	0.0442665	0.00634523	0.193714	0.142021	0.0058825	0.0395497	0.0495558	0.0101511	0.0526449	0.0087336	0.00425533	0.115757	0.0170168	0.0388848	0.0451728	0.142963	0.0542186	0.0182058	0.00142492	0.00923772
144	0.0121727	0.0166067	0.0007202	0.000857781	0.0401905	0.00411579	0.000746525	0.296982	0.000866323	0.276664	0.0352995	0.00090728	0.00250606	0.00312639	0.000735288	0.00291361	0.00895657	0.288427	0.000154777	0.0070514
145	0.0328679	0.0109198	0.000378893	0.00322228	0.013404	0.00303392	0.000485805	0.338103	0.00322273	0.0523891	0.0187795	0.00323151	0.00131727	0.00317004	0.000569843	0.011306	0.0390874	0.464019	0.000108399	0.000383597
146	0.0493203	0.00725549	0.236442	0.324823	0.00597895	0.0203527	0.0205514	0.0121925	0.0270917	0.023568	0.00585654	0.0426443	0.007596	0.0527604	0.0178301	0.0717192	0.0400596	0.0272689	0.0018151	0.00487303
147	0.0314835	0.0137585	0.0325123	0.060886	0.0417783	0.0275233	0.0411409	0.0196025	0.100761	0.0328432	0.0194956	0.0641928	0.0230007	0.0719627	0.135479	0.130459	0.0846232	0.0260427	0.0058289	0.0366272
148	0.0118416	0.0149769	0.000758153	0.000943266	0.0347705	0.00373844	0.000773099	0.313066	0.000891037	0.269263	0.0371041	0.000937873	0.00222456	0.00293715	0.000772229	0.00285672	0.0094157	0.286261	0.000164549	0.00630445
149	0.0488357	0.00447082	0.261897	0.191305	0.00125091	0.0303324	0.0272157	0.00666009	0.0203604	0.00393517	0.00152917	0.120203	0.00834657	0.0260416	0.0136264	0.158771	0.0538622	0.0191525	0.000306833	0.00189771
150	0.215693	0.204894	0.00325777	0.00544583	0.00441958	0.0209482	0.00699443	0.0292774	0.0159345	0.0218775	0.022296	0.0147831	0.00453041	0.0129238	0.00490197	0.075167	0.0736545	0.247561	0.000977202	0.0144629
151	0.0415576	0.0266496	0.00400602	0.00414009	0.0210425	0.00549387	0.00457283	0.297552	0.00547843	0.0447802	0.0203697	0.0049046	0.00482323	0.00518083	0.00209595	0.0265727	0.079586	0.399498	0.00034916	0.00134639
152	0.016139	0.0162934	0.000750713	0.001144	0.0475528	0.00447305	0.00112093	0.292431	0.00102766	0.26558	0.0336586	0.00104792	0.00431485	0.00386067	0.000996309	0.00455602	0.0114305	0.284989	0.000169947	0.00846378
153	0.046119	0.00391869	0.284002	0.198983	0.00115383	0.0264347	0.0240617	0.00722475	0.0193121	0.00425844	0.00113639	0.108462	0.00878301	0.0330826	0.0136821	0.14734	0.0484179	0.0216198	0.000285958	0.00172286
154	0.0821535	0.0163998	0.0110069	0.00313414	0.0019785	0.00694593	0.00227753	0.00976038	0.264027	0.0575791	0.00322616	0.0171406	0.0489517	0.0401321	0.273084	0.0734355	0.0654286	0.0212372	0.000558839	0.00154224
155	0.0327137	0.00670503	0.17118	0.133107	0.00161881	0.037271	0.0295597	0.0114448	0.0197006	0.0119411	0.00362805	0.17162	0.005241	0.0411282	0.017655	0.179491	0.096223	0.0256744	0.000352409	0.00374504
156	0.0504722	0.0130092	0.0344697	0.0388381	0.00548543	0.350354	0.0137037	0.0174696	0.0405845	0.0198525	0.00851081	0.100489	0.0253748	0.0329589	0.0328928	0.129147	0.0531706	0.0235094	0.000869828	0.0088382
157	0.117849	0.0433399	0.00446499	0.028173	0.0460393	0.0369078	0.0173082	0.0280727	0.0409896	0.0244384	0.0120356	0.0830474	0.0171072	0.0476017	0.0519754	0.187903	0.12604	0.0493654	0.00294169	0.0343997
158	0.0750802	0.0224005	0.00244495	0.00476329	0.0392694	0.00926825	0.00744407	0.212475	0.00525109	0.110731	0.0512614	0.00426503	0.00972453	0.0111911	0.00507849	0.0243612	0.0558737	0.337074	0.000458415	0.0115849
159	0.0354066	0.010923	0.000499943	0.00328886	0.0153904	0.00338407	0.000769842	0.329216	0.00328091	0.0623832	0.0209251	0.00315951	0.00187178	0.00382124	0.000722577	0.0119558	0.0399424	0.452019	0.000131083	0.000908555
160	0.0746728	0.0443916	0.00572104	0.0245558	0.068659	0.0273256	0.00871081	0.0554242	0.0367057	0.0258759	0.0261889	0.0518554	0.0110087	0.04117	0.0571406	0.196505	0.142185	0.0649699	0.00365271	0.0332813
161	0.110603	0.0754642	0.00408283	0.0424234	0.0599268	0.0457353	0.00745128	0.027162	0.0270054	0.0192174	0.012909	0.0620971	0.00788195	0.0421609	0.0387575	0.217438	0.121398	0.0579561	0.00143405	0.0188958
162	0.0601762	0.00612166	0.275088	0.317853	0.00162375	0.0185503	0.0142593	0.00545494	0.0198901	0.00880412	0.00159868	0.0597385	0.00689738	0.0275242	0.0158086	0.100529	0.0400282	0.0178854	0.000355634	0.00181277
163	0.0335167	0.0108451	0.000395592	0.00321678	0.0134056	0.00323687	0.000497524	0.337441	0.00321971	0.0522327	0.0187887	0.00321532	0.00133589	0.00321771	0.000566527	0.0113347	0.0392113	0.463822	0.000112858	0.00038773
164	0.0426853	0.0428001	0.0138359	0.0283784	0.0220082	0.0267483	0.119806	0.0138752	0.0762275	0.0353431	0.00667247	0.139037	0.0210392	0.0865748	0.0511943	0.129072	0.0489731	0.0147024	0.0170809	0.0639456
165	0.0516645	0.0142355	0.0358611	0.0386921	0.00682794	0.336304	0.0133691	0.0187246	0.0421449	0.0205709	0.00908812	0.0987741	0.023664	0.0330702	0.0340307	0.134705	0.0547275	0.0233729	0.00156074	0.00861193
166	0.0589811	0.00641802	0.12191	0.125276	0.0109928	0.0223223	0.0372986	0.013026	0.0688715	0.0151726	0.00617751	0.0841248	0.0389455	0.0345336	0.0589409	0.161691	0.0732298	0.0378777	0.00158981	0.0226204
167	0.0323841	0.0108795	0.000377787	0.00319619	0.0134608	0.00300893	0.000499533	0.340091	0.00318931	0.0547941	0.0191626	0.00318102	0.00135015	0.00314691	0.000565696	0.0111621	0.03869	0.460306	0.000103648	0.000450869
168	0.0354596	0.00367849	0.0682918	0.265727	0.00809512	0.0270912	0.0704966	0.0239829	0.063843	0.0471381	0.00570462	0.0398118	0.00610805	0.172416	0.0176182	0.0383942	0.0377208	0.0585543	0.000649648	0.00921891
169	0.206547	0.218214	0.00307447	0.0047986	0.00406257	0.0231794	0.00540899	0.0253656	0.0124139	0.023103	0.0253936	0.0142684	0.00327754	0.013448	0.00467065	0.0862944	0.0558332	0.258144	0.000757556	0.0117447
170	0.0185809	0.018075	0.0513333	0.028558	0.0025443	0.0543596	0.026623	0.0200615	0.015395	0.0295554	0.00745063	0.283045	0.00226089	0.0479621	0.0103291	0.212749	0.138963	0.0228224	0.000616103	0.00871619
171	0.0275745	0.335794	0.00673269	0.0111281	0.00915674	0.0113837	0.00969513	0.0851165	0.00985604	0.0154159	0.0091699	0.0117465	0.00759901	0.0128851	0.0104109	0.295863	0.0277306	0.0939366	0.00261205	0.00619288
172	0.0137297	0.00217462	0.00866499	0.021021	0.00391617	0.0266709	0.0289064	0.0161777	0.271839	0.0136598	0.0137112	0.0592535	0.00489885	0.0674102	0.339669	0.0578342	0.0379781	0.00268987	0.00105074	0.00874372
173	0.0161435	0.0144004	0.00135975	0.00254887	0.0397342	0.00348949	0.00249171	0.267997	0.0015306	0.29881	0.0737473	0.00190945	0.00224314	0.00377322	0.00162866	0.00514289	0.0153857	0.241777	0.000354766	0.00553256
174	0.0428489	0.00547103	0.0074094	0.00786618	0.00862832	0.0134091	0.00696774	0.0190538	0.00839365	0.0157581	0.0064992	0.0213806	0.0279033	0.0110969	0.0125554	0.531078	0.224425	0.0239512	0.00148124	0.00382321
175	0.0402109	0.0157103	0.0446296	0.0437414	0.00780682	0.38301	0.0149843	0.0227926	0.03658	0.0222462	0.00777819	0.0977475	0.0224573	0.0275417	0.0289125	0.0978397	0.0481921	0.0271667	0.000963406	0.00968875
176	0.0237284	0.0087808	0.00292965	0.00935423	0.0483149	0.00170913	0.00807946	0.1459	0.00320545	0.318529	0.18401	0.00602809	0.00450579	0.00994998	0.00671034	0.0136706	0.0490493	0.151184	0.000308151	0.00405285
177	0.0765082	0.0131669	0.00271007	0.0137789	0.0205661	0.0128308	0.00349991	0.0177905	0.00476814	0.0244065	0.00446416	0.0111767	0.601906	0.0226786	0.00793419	0.0734427	0.0457086	0.0395678	0.00119296	0.00190191
178	0.0415971	0.0053647	0.320836	0.396911	0.00250151	0.00745212	0.00855115	0.0064024	0.0207173	0.0270601	0.00236937	0.0172593	0.00503226	0.0488038	0.00953476	0.0340396	0.0219556	0.0212376	0.00057737	0.00179692
179	0.0178964	0.0127698	0.00164932	0.00385488	0.0388226	0.00270516	0.00366744	0.220605	0.00172465	0.314141	0.100316	0.00204031	0.00362085	0.00565811	0.00221933	0.00685543	0.0248307	0.231787	0.000244832	0.00459064
180	0.0616067	0.0143145	0.00542813	0.0108884	0.045703	0.013324	0.0126176	0.0725072	0.0144687	0.0658405	0.0163055	0.0504174	0.0178869	0.01757	0.0195052	0.229173	0.219928	0.0896022	0.00299263	0.0199203
181	0.0149152	0.0119068	0.00267851	0.00589454	0.0462649	0.00147673	0.00741808	0.142441	0.00138984	0.426518	0.211754	0.00350993	0.000978418	0.00227878	0.00310661	0.00586971	0.0227998	0.0874286	0.000356527	0.001014
182	0.0881375	0.00485485	0.0102434	0.00799479	0.0170817	0.0128023	0.012066	0.0458808	0.0183716	0.0262252	0.00755745	0.0579355	0.0393245	0.0223475	0.0329572	0.258682	0.268717	0.0624718	0.00217227	0.00417675
183	0.00827125	0.0117875	0.00177836	0.00348362	0.223204	0.00655256	0.00708642	0.079898	0.0044928	0.348034	0.114103	0.00313294	0.00249686	0.00747399	0.00263962	0.0136213	0.0129936	0.083594	0.0179155	0.0474403
184	0.0549192	0.00231241	0.00885512	0.0111148	0.00739146	0.00403329	0.0257616	0.126736	0.0468296	0.0639905	0.0254731	0.0411096	0.00414217	0.0292938	0.0390008	0.129141	0.249088	0.129041	0.000436314	0.00133009
185	0.130875	0.0548379	0.00392674	0.00473729	0.0446036	0.0323061	0.0244476	0.119822	0.00659399	0.111605	0.0769686	0.0105318	0.0214324	0.0108393	0.0154448	0.0238304	0.0258809	0.224658	0.00118143	0.0554775
186	0.142427	0.0074051	0.0144391	0.0156593	0.00822377	0.0198348	0.025439	0.0161112	0.0298763	0.0202057	0.0033761	0.107308	0.02749	0.0379463	0.0550335	0.245539	0.172402	0.0428976	0.0015978	0.0067888
187	0.0109727	0.0125472	0.00203667	0.00365687	0.205924	0.00633725	0.00694328	0.0955618	0.00442597	0.329446	0.111218	0.00322045	0.00306166	0.00742658	0.00274434	0.0135836	0.0149093	0.105029	0.016455	0.0445003
188	0.0328421	0.0149479	0.0330988	0.043352	0.0393698	0.02819	0.21711	0.0276886	0.0332256	0.0346185	0.0143098	0.113478	0.0187968	0.0744085	0.0336423	0.0879485	0.0579383	0.0322596	0.00440627	0.0583686
189	0.0320746	0.0123749	0.0178764	0.0500511	0.0165375	0.0205491	0.031454	0.0206424	0.104021	0.0458744	0.0124127	0.0389956	0.144328	0.0927053	0.183725	0.0696294	0.0630531	0.0256116	0.00571527	0.0123685
190	0.0485587	0.232444	0.0105822	0.0190168	0.0167019	0.0261291	0.0126825	0.0583713	0.0180762	0.0193379	0.0103153	0.0388962	0.0096655	0.0225535	0.0197963	0.294887	0.0585601	0.0725614	0.00235754	0.0085068
191	0.0303216	0.0112606	0.000397314	0.00295161	0.015686	0.00305871	0.000494673	0.336486	0.00299914	0.0737122	0.0200776	0.00297346	0.00148047	0.00309806	0.000574246	0.0103592	0.0355887	0.447304	0.000113335	0.00106263
192	0.0207175	0.00372487	0.00982054	0.0195513	0.00436329	0.0257209	0.0253744	0.0154473	0.26594	0.0187569	0.012444	0.0558525	0.0101695	0.0642441	0.328889	0.0613523	0.0425088	0.00506856	0.00123003	0.00882404
193	0.0137092	0.0070251	0.0030438	0.00348875	0.193978	0.0093485	0.0198403	0.0843	0.00389393	0.0793878	0.00326336	0.00676289	0.00235697	0.00703279	0.028436	0.0268536	0.0330843	0.0318125	0.0154138	0.426969
