303	20
1	0.129538	0.0495035	0.000512771	0.00377024	0.0127444	0.00795519	0.00471675	0.226778	0.000745738	0.0622068	0.0187267	0.0012205	0.00043814	0.00135735	0.00141556	0.0369489	0.0423517	0.383177	0.00358429	0.0123094
2	0.066259	0.224052	0.00778804	0.00492848	0.00659605	0.0732682	0.00972823	0.00762981	0.00629423	0.00921423	0.00351624	0.0241082	0.00322442	0.0145715	0.0123879	0.4192	0.086271	0.0165502	0.00165025	0.00276258
3	0.0352861	0.015435	0.309963	0.0957738	0.0112703	0.0389758	0.0463006	0.010538	0.040261	0.0188245	0.011943	0.106108	0.00791207	0.0679532	0.0433676	0.069301	0.0397169	0.011026	0.0037953	0.0162487
4	0.0137858	0.0200796	0.007982	0.00563756	0.312202	0.00586397	0.0637179	0.0217833	0.0115543	0.0555185	0.0200097	0.0158722	0.0055295	0.0058655	0.00943393	0.0149633	0.0162716	0.0223777	0.0191374	0.352414
5	0.0210305	0.0382835	0.00917629	0.00739377	0.266678	0.00880774	0.0757088	0.025868	0.0119786	0.0504845	0.0199781	0.0228725	0.00638736	0.00690269	0.010165	0.018715	0.0235617	0.0246906	0.0168811	0.334436
6	0.00635113	0.0223736	0.00407734	0.0036637	0.323727	0.0043008	0.0235748	0.00469189	0.0152742	0.0202351	0.00396511	0.00880735	0.00413371	0.0032772	0.00422585	0.00622167	0.00828538	0.00436582	0.0149041	0.513544
7	0.0647022	0.0208082	0.0168795	0.0217344	0.042094	0.037609	0.0258219	0.0601897	0.0314652	0.129258	0.0330706	0.0250687	0.243664	0.0290429	0.0358733	0.0572451	0.0390399	0.0516286	0.00799511	0.0268101
8	0.0492924	0.0245621	0.0742712	0.0736238	0.00562045	0.0325375	0.0365333	0.00913336	0.167868	0.0289363	0.00833083	0.111481	0.00525752	0.0824874	0.179402	0.065847	0.0207747	0.010721	0.00501329	0.00830733
9	0.0974016	0.0164118	0.00112043	0.00772522	0.0547937	0.0195769	0.00422069	0.127127	0.0128822	0.190182	0.0834117	0.00974969	0.0146103	0.00219969	0.00544429	0.0344097	0.109755	0.188072	0.0178592	0.00304655
10	0.12757	0.0300901	0.0352178	0.0220802	0.0192929	0.371895	0.0206719	0.023186	0.0221126	0.0280781	0.0160996	0.0349512	0.0200623	0.0269922	0.0313048	0.0853467	0.042048	0.025437	0.00372721	0.0138364
11	0.135429	0.0255522	0.0259474	0.0231512	0.0208387	0.376202	0.0231382	0.0244225	0.027145	0.0271948	0.0146639	0.0296716	0.0151106	0.0235154	0.0316736	0.0851272	0.045797	0.0288019	0.00325025	0.0133677
12	0.0118406	0.0117224	0.000554124	0.000602934	0.00779807	0.000963873	0.00171191	0.351936	0.000838316	0.0408351	0.00649721	0.00115635	0.000338732	0.00146245	0.00158894	0.00521262	0.0177819	0.535933	0.000451001	0.000774725
13	0.0481023	0.0202818	0.0966502	0.270773	0.0159204	0.0249319	0.027032	0.0182868	0.0569544	0.031196	0.0121513	0.0633311	0.00766468	0.104025	0.050528	0.0633264	0.0441842	0.0262743	0.00567492	0.0127115
14	0.0385665	0.0300238	0.00721256	0.0497477	0.0700001	0.0333493	0.013963	0.0133055	0.00536962	0.0579986	0.0257267	0.149971	0.00301426	0.010593	0.00547265	0.291399	0.159319	0.0221025	0.00685022	0.00601564
15	0.0435854	0.027633	0.0433245	0.0332495	0.0764241	0.0311763	0.242654	0.0257847	0.0310446	0.0422351	0.0149346	0.0589525	0.0142559	0.037072	0.0520807	0.0479255	0.0377578	0.025131	0.00718523	0.107593
16	0.0286827	0.0051175	0.00203887	0.000981993	0.00640473	0.00107924	0.00105211	0.492945	0.00484193	0.175803	0.0515001	0.000948737	0.000567433	0.00350424	0.00723984	0.00313344	0.0191249	0.187063	0.00191849	0.00605226
17	0.00629231	0.0223225	0.00399525	0.00361459	0.326985	0.00431081	0.0231687	0.00450729	0.0154207	0.0201051	0.00374593	0.00870753	0.00412031	0.00327399	0.00410295	0.00620547	0.00823701	0.00422534	0.0147301	0.511929
18	0.0874084	0.0279798	0.00496792	0.047717	0.0822732	0.0096743	0.0582862	0.0246447	0.0274935	0.00924895	0.0203917	0.168044	0.00233089	0.0549351	0.0224003	0.153642	0.0922041	0.00910393	0.00893515	0.0883192
19	0.0187493	0.0141779	0.00196849	0.00364226	0.0705421	0.00458631	0.00360097	0.27351	0.00447332	0.344183	0.0707176	0.00457521	0.00278014	0.00381044	0.00735415	0.00800639	0.0195438	0.119399	0.00886931	0.0155104
20	0.464238	0.0391973	0.00183476	0.0132002	0.005791	0.168516	0.0014151	0.00354548	0.00167556	0.00657484	0.0049394	0.00437583	0.00093366	0.00188845	0.00196292	0.205487	0.0613546	0.0115983	0.000539542	0.000931557
21	0.064457	0.0184346	0.0276528	0.100998	0.0214015	0.0286073	0.0342464	0.0296463	0.159577	0.0725777	0.0175665	0.0322773	0.0085325	0.0999614	0.138282	0.049123	0.0504059	0.0302558	0.00675681	0.00923968
22	0.0477237	0.0641563	0.0200933	0.102472	0.0270439	0.0171512	0.0904176	0.0133868	0.0994815	0.0239215	0.0281801	0.121721	0.00433516	0.0467682	0.213213	0.0280605	0.0233634	0.0137724	0.00448931	0.0102482
23	0.0172419	0.0164925	0.000587673	0.00290466	0.187979	0.00591789	0.00506343	0.15764	0.00190282	0.337503	0.0687861	0.00268391	0.00262603	0.00324852	0.00537362	0.00842443	0.0182797	0.104189	0.0165574	0.036598
24	0.0198451	0.00679903	0.00246223	0.000623072	0.00468597	0.000702066	0.000837585	0.494186	0.00625784	0.211752	0.0467883	0.000643089	0.000351874	0.00226312	0.0100247	0.00156739	0.0160262	0.16609	0.00115118	0.00694257
25	0.0651576	0.00888564	0.138081	0.20858	0.00242646	0.0177757	0.0193613	0.00248943	0.124239	0.0327818	0.00506762	0.0654936	0.0020603	0.126013	0.0853824	0.0554941	0.0171264	0.0181013	0.000714437	0.00476919
26	0.0205343	0.00260245	0.00163653	0.0342309	0.0105723	0.0113527	0.0367262	0.0191581	0.103699	0.154408	0.0931582	0.00303761	0.00139453	0.0282792	0.416608	0.0208202	0.00420569	0.0108645	0.0011122	0.025599
27	0.0618229	0.0149494	0.156928	0.0456167	0.0116216	0.314854	0.0245605	0.0115446	0.0314818	0.0177176	0.0129323	0.0601471	0.0151498	0.0328811	0.0296757	0.0932295	0.0392304	0.0122888	0.00353262	0.0098353
28	0.0085653	0.0250971	0.0354995	0.0128854	0.145762	0.00430621	0.357232	0.00743092	0.0041789	0.0242096	0.00450041	0.0554857	0.00793813	0.0057605	0.0171678	0.00735371	0.0313147	0.00676995	0.00426981	0.234272
29	0.0388463	0.0134755	0.0249941	0.0340653	0.00336677	0.0212085	0.0176435	0.00576023	0.290073	0.0209682	0.00568589	0.075624	0.00958226	0.0724286	0.280098	0.058373	0.01227	0.00569125	0.00428774	0.00555849
30	0.00981882	0.0138708	0.000437281	0.000503892	0.00885897	0.000647171	0.00213848	0.251997	0.000507345	0.0343804	0.00396144	0.000673961	0.000268051	0.00143587	0.000598237	0.00520841	0.0187998	0.645244	0.000273919	0.000375413
31	0.0283443	0.00523471	0.00210755	0.000754122	0.00516189	0.000913833	0.000896481	0.482848	0.00513527	0.188212	0.0529098	0.000783929	0.000497376	0.00269939	0.00799936	0.00262184	0.0192374	0.18529	0.00173482	0.006618
32	0.107907	0.0420871	0.0232862	0.0300523	0.0347313	0.043688	0.0222168	0.0663119	0.0275338	0.058716	0.0307465	0.0409533	0.0164615	0.0285004	0.0328643	0.118683	0.170461	0.0809261	0.00718289	0.0166896
33	0.0249464	0.0253373	0.050549	0.0403241	0.0175964	0.021197	0.181762	0.00805547	0.0694834	0.0124292	0.0100683	0.182825	0.00529079	0.0396218	0.214485	0.0281579	0.0156175	0.00738706	0.00349633	0.0413704
34	0.269352	0.140387	0.0240688	0.00934416	0.0114313	0.0421054	0.00426511	0.0134933	0.0170136	0.00749438	0.00380153	0.0149811	0.00310822	0.0134588	0.0347568	0.260124	0.0901331	0.0371125	0.00125269	0.00231624
35	0.0547125	0.0231765	0.00591897	0.0135271	0.0665054	0.00893425	0.0935195	0.0669547	0.0144389	0.0528437	0.0349062	0.0479926	0.00810414	0.0272552	0.0448912	0.0429744	0.023048	0.0562033	0.0372178	0.276876
36	0.0506891	0.199307	0.0114132	0.019486	0.0202345	0.0211118	0.0203886	0.0320792	0.0294654	0.0928699	0.0199937	0.0230242	0.0125124	0.0361662	0.197279	0.059113	0.098707	0.0323599	0.0083622	0.0154384
37	0.0461689	0.0421082	0.00363927	0.00672905	0.0251374	0.00593963	0.0417277	0.0474668	0.0718397	0.0303421	0.00554049	0.0418925	0.00343228	0.0569026	0.0779287	0.118224	0.156756	0.209982	0.00266586	0.00557708
38	0.124273	0.0300458	0.0247542	0.0238046	0.0243994	0.369085	0.018095	0.0254222	0.0268498	0.0360326	0.0191572	0.0340922	0.0184583	0.0258343	0.0274387	0.0825479	0.0453297	0.028214	0.00392053	0.0122455
39	0.00961322	0.0139457	0.000377378	0.000506846	0.00892897	0.000546261	0.00208184	0.250838	0.00047944	0.0349086	0.00396768	0.000623208	0.000266366	0.00142299	0.000582392	0.00516223	0.0186817	0.646452	0.000254919	0.000359708
40	0.0395199	0.0199683	0.0372428	0.0473781	0.0234894	0.0233589	0.118708	0.0185064	0.0867455	0.0521585	0.0315545	0.0746188	0.00996879	0.0496533	0.241708	0.03955	0.0232433	0.0165942	0.00492769	0.0411057
41	0.0151443	0.0252916	0.00175826	0.010912	0.0755021	0.00322679	0.0931324	0.0628072	0.00232258	0.0601593	0.0501472	0.0319023	0.00179864	0.00321885	0.0156161	0.020005	0.0203861	0.0506076	0.0765212	0.37954
42	0.0159802	0.0177995	0.0012389	0.00358396	0.0497497	0.00304011	0.00251526	0.140181	0.00632793	0.479491	0.115618	0.00288483	0.0017042	0.00375971	0.00253557	0.00897905	0.0203355	0.0878018	0.0136478	0.0228261
43	0.0183628	0.00374982	0.0752961	0.0232895	0.00346057	0.0645018	0.00343107	0.00420031	0.0354578	0.0147355	0.00305981	0.0704806	0.142941	0.0141764	0.0329593	0.317049	0.164632	0.0044614	0.00143471	0.00231966
44	0.0416815	0.00449784	0.00341979	0.0234636	0.00477314	0.120065	0.0414161	0.00533122	0.00469889	0.0067663	0.00401385	0.494825	0.0184377	0.00517835	0.0808609	0.106661	0.00734239	0.00528297	0.0018099	0.0194736
45	0.0444525	0.0218145	0.0101832	0.0141053	0.116368	0.228385	0.0235238	0.0302263	0.0206874	0.033207	0.0591716	0.0200743	0.0635873	0.0156302	0.0218374	0.0828346	0.0409307	0.0271394	0.00656548	0.119275
46	0.0172862	0.00775694	0.00187822	0.000926375	0.0196218	0.00104093	0.000989486	0.435888	0.00469914	0.277725	0.0530199	0.000821869	0.0004562	0.00229778	0.00766417	0.00191087	0.0144001	0.139875	0.00270021	0.00904235
47	0.062165	0.0227833	0.0304232	0.0603253	0.0127733	0.0245532	0.0273704	0.020049	0.189203	0.0409183	0.0197109	0.0473772	0.0118308	0.077063	0.182509	0.0642287	0.0631769	0.0264583	0.00552681	0.0115542
48	0.023975	0.0155893	0.000837412	0.00155004	0.0149589	0.00226155	0.00216411	0.324354	0.00191339	0.0686505	0.0151768	0.00342895	0.000688502	0.00253317	0.0032907	0.00963796	0.0237046	0.480453	0.00173026	0.00310171
49	0.0255723	0.023427	0.0119885	0.0128808	0.181962	0.0123994	0.0756467	0.0349303	0.0153698	0.0519045	0.0237378	0.0280051	0.00849191	0.0123103	0.0230872	0.0254538	0.0225426	0.0299499	0.0250446	0.355295
50	0.00625367	0.0252569	0.0387971	0.0131528	0.143903	0.00400425	0.375461	0.00511342	0.00280227	0.0229737	0.00343548	0.0544982	0.0079485	0.00381134	0.0154491	0.00590451	0.0331542	0.00450411	0.00232761	0.231249
51	0.0170306	0.0130894	0.0016596	0.000698937	0.00587849	0.00099121	0.00130296	0.429968	0.00423321	0.143474	0.0264392	0.000673703	0.000290866	0.00182037	0.00672468	0.00387671	0.0188583	0.317943	0.00088387	0.00416379
52	0.0380719	0.0117155	0.105658	0.0550237	0.0107171	0.0342338	0.0271195	0.0170225	0.0520091	0.0217019	0.0114369	0.0503933	0.289673	0.0450134	0.0356262	0.112374	0.0472688	0.0207218	0.00281671	0.0114028
53	0.0142628	0.0132068	0.000401916	0.00219207	0.226834	0.00544887	0.00873214	0.156238	0.000866277	0.276779	0.0636032	0.00224192	0.00292888	0.00478716	0.0112809	0.00904515	0.0189834	0.114095	0.0237454	0.0443269
54	0.19187	0.154547	0.0236209	0.00744839	0.00581112	0.0394981	0.00359627	0.0200953	0.011481	0.00941529	0.00248672	0.0210392	0.00221297	0.00657533	0.0232024	0.275191	0.128791	0.0700521	0.00137354	0.00169171
55	0.142384	0.0620123	0.00118133	0.00430153	0.00967183	0.0150882	0.00592807	0.241178	0.00162963	0.0420229	0.0164217	0.00305785	0.00091483	0.00202627	0.00227314	0.0689299	0.103786	0.26274	0.00459825	0.00985474
56	0.0181311	0.00528485	0.00158846	0.00229386	0.366282	0.00327255	0.0119217	0.0587524	0.00253029	0.203515	0.068942	0.00325736	0.00227879	0.00381854	0.00862047	0.0216386	0.0219292	0.0756216	0.0204197	0.0999019
57	0.090432	0.0185446	0.0068244	0.010149	0.0810292	0.0757866	0.0122966	0.0720435	0.0164501	0.0327249	0.0176319	0.0224449	0.257396	0.0208798	0.0137215	0.0657666	0.111718	0.0431635	0.00430254	0.0266945
58	0.0726532	0.019964	0.0100189	0.0221766	0.0504888	0.0324745	0.0178756	0.0176049	0.00368785	0.0316259	0.00823177	0.123316	0.00241742	0.0149659	0.00383753	0.301479	0.244731	0.00847824	0.00956456	0.00440891
59	0.0166614	0.0195908	0.000240314	0.00265276	0.15776	0.00687672	0.00346996	0.187983	0.000651943	0.348812	0.0660374	0.00216013	0.00240726	0.00321768	0.00462935	0.00546123	0.017216	0.11577	0.0169084	0.0214934
60	0.0147596	0.00645992	0.0010095	0.00191256	0.348827	0.00260863	0.0159066	0.0795698	0.00167129	0.168024	0.0645056	0.00352386	0.00216119	0.00386446	0.0108684	0.0204178	0.0253746	0.0901448	0.0284246	0.109965
61	0.0707779	0.0213905	0.0110642	0.0233027	0.052116	0.0304321	0.0194232	0.0182945	0.00346079	0.0349528	0.00824337	0.121179	0.00145832	0.0126459	0.00357936	0.298523	0.245619	0.00852797	0.0109942	0.0040144
62	0.0170174	0.0173186	0.000320815	0.00249428	0.184628	0.00713457	0.00558379	0.173773	0.000785172	0.332592	0.0641353	0.00225274	0.00244478	0.00330319	0.00552403	0.00672048	0.0171988	0.11268	0.0177907	0.0263031
63	0.190621	0.0118419	0.00769813	0.0124278	0.0160228	0.0518511	0.0132989	0.0249115	0.0419758	0.042858	0.0117864	0.0150005	0.315739	0.0238154	0.0406049	0.100588	0.0237802	0.0199992	0.00337577	0.031804
64	0.0164319	0.0234468	0.000813594	0.00282214	0.0543249	0.00252462	0.00213031	0.188991	0.00325037	0.456925	0.074114	0.00213276	0.000955309	0.00432102	0.0028336	0.00891186	0.0243748	0.0859934	0.0181185	0.0265843
65	0.0162667	0.0184261	0.000264573	0.00287264	0.162884	0.00666654	0.00346063	0.194769	0.000591373	0.342027	0.0664786	0.00236809	0.00217455	0.00308078	0.00459683	0.00500517	0.0170982	0.115639	0.015672	0.0196579
66	0.0387824	0.0163122	0.0276222	0.0450813	0.00794484	0.019406	0.0274248	0.0119974	0.216712	0.0433346	0.0215322	0.0585977	0.00813552	0.0728105	0.290404	0.0478493	0.0186268	0.0122442	0.00384425	0.0113381
67	0.0829644	0.0488746	0.00521113	0.0624813	0.0678242	0.010122	0.0481651	0.0117202	0.0534796	0.0069242	0.0119848	0.224107	0.00205912	0.0310201	0.0229628	0.119638	0.112342	0.00574378	0.0151025	0.0572729
68	0.0126301	0.00307841	0.000492911	0.000887535	0.00649499	0.00100942	0.00111014	0.661229	0.000733751	0.0284933	0.00369246	0.000878976	0.000431871	0.000901937	0.00153619	0.00243782	0.0119689	0.260721	0.000610183	0.000661184
69	0.0142697	0.0187414	0.000346662	0.00232817	0.171346	0.0056248	0.00414916	0.176646	0.000951489	0.365029	0.0587709	0.00207795	0.00210346	0.00309749	0.00490529	0.00598955	0.015377	0.100444	0.0158395	0.0319618
70	0.0198229	0.00685525	0.00247447	0.000625727	0.00452911	0.000704835	0.000839086	0.49551	0.00626601	0.210242	0.0465533	0.000641703	0.00035128	0.0022573	0.0100887	0.00157067	0.0161066	0.166548	0.00114381	0.00686999
71	0.0252106	0.0314458	0.0556179	0.0670379	0.0150823	0.0145275	0.150883	0.00845879	0.0701012	0.00980069	0.0134278	0.171561	0.00434762	0.0427735	0.244544	0.0222872	0.0135887	0.00788589	0.00268123	0.0287373
72	0.0574751	0.0178706	0.0919861	0.25569	0.0160054	0.0330299	0.0254434	0.0203657	0.0523536	0.0361473	0.0162561	0.0516024	0.013355	0.101107	0.051498	0.0632287	0.0411562	0.0312036	0.00521955	0.0190065
73	0.0452429	0.0328052	0.0487864	0.1051	0.00485408	0.0362092	0.0357741	0.0057478	0.147755	0.019358	0.0064528	0.0781593	0.00547961	0.144863	0.211775	0.0405755	0.0133699	0.0100502	0.00249898	0.00514239
74	0.0109588	0.00116482	0.000542781	0.000790714	0.00613123	0.000833834	0.000900132	0.708824	0.00078128	0.0278769	0.00330458	0.00088936	0.000458515	0.000847987	0.00168169	0.00137389	0.00957147	0.221978	0.00053248	0.000557836
75	0.00891813	0.00561867	0.156224	0.334293	0.00374031	0.00480262	0.0260552	0.0042463	0.0104321	0.00553212	0.00302221	0.0325716	0.00183242	0.210728	0.00931308	0.0731128	0.0989836	0.00643525	0.00138288	0.00275532
76	0.0123457	0.00224965	0.000900161	0.000682616	0.0051033	0.000768469	0.000796913	0.660379	0.00188324	0.0702693	0.0138016	0.000776557	0.000419441	0.00125943	0.00353084	0.00123372	0.0101153	0.210941	0.000710262	0.00183308
77	0.00968608	0.0138301	0.00036714	0.000513973	0.00913888	0.000547339	0.00212608	0.249987	0.000481762	0.0360116	0.00400539	0.000623481	0.000251988	0.00136007	0.000603044	0.00515889	0.0187532	0.645945	0.000254501	0.000354543
78	0.0348864	0.0278272	0.0468234	0.0365753	0.0732391	0.0255279	0.254131	0.0222603	0.0335775	0.0389995	0.0161393	0.0633966	0.0116517	0.035939	0.05867	0.0392444	0.0370367	0.0230572	0.00760988	0.113407
79	0.456551	0.0460823	0.002581	0.0124484	0.00582111	0.160526	0.00167299	0.00427325	0.00197283	0.00656102	0.00494508	0.00492635	0.00110202	0.00201031	0.00328944	0.205055	0.0655288	0.0131896	0.000542029	0.000921035
80	0.0428179	0.0246105	0.0483439	0.0376616	0.0724326	0.0275602	0.246882	0.0283806	0.02856	0.0426529	0.0155204	0.0594469	0.0133054	0.0368607	0.0553581	0.0375647	0.0353957	0.0280683	0.00710626	0.111471
81	0.317316	0.0114708	0.00614028	0.0093313	0.00773228	0.225009	0.0170285	0.0267245	0.0336176	0.00983066	0.0126259	0.00879807	0.00757875	0.0833105	0.0263349	0.0701725	0.0503479	0.0706012	0.00204966	0.00398033
82	0.143678	0.0330351	0.00917771	0.0118278	0.0365123	0.0385361	0.0114691	0.0283122	0.00510608	0.0182805	0.00506003	0.0733107	0.0111952	0.00872881	0.00731296	0.270434	0.252326	0.023632	0.00584446	0.00622136
83	0.0705058	0.0279479	0.00193091	0.00739579	0.0936976	0.017741	0.00676204	0.106905	0.00834092	0.202156	0.102675	0.0107566	0.00857893	0.00470085	0.00778231	0.0280682	0.106732	0.147756	0.014935	0.0246318
84	0.137487	0.15446	0.0200694	0.0150128	0.0129346	0.0646873	0.0114199	0.018946	0.0135253	0.0146415	0.00770715	0.0302383	0.00596785	0.0145141	0.0200288	0.329878	0.0894601	0.0299426	0.00343511	0.00564372
85	0.214947	0.0155007	0.00220945	0.00333576	0.0988954	0.0428687	0.00385542	0.0537654	0.0115748	0.00522576	0.00464741	0.0325003	0.042068	0.00345011	0.00499763	0.138228	0.222745	0.0644553	0.00150472	0.0332255
86	0.003695	0.00186661	0.000913808	0.00629272	0.0651696	0.00147405	0.00170194	0.0653424	0.00200922	0.602167	0.221553	0.00168896	0.000779786	0.00125823	0.00157245	0.00245205	0.00370174	0.013821	0.000535834	0.00200372
87	0.444263	0.076625	0.00287554	0.0113817	0.00589005	0.146663	0.00187604	0.00472245	0.00284688	0.00632031	0.00736004	0.00493655	0.00209105	0.00278539	0.00588265	0.193703	0.0646458	0.0134899	0.000620013	0.00102106
88	0.0209253	0.0465906	0.00977524	0.0117098	0.0110137	0.0867776	0.15446	0.0826047	0.0100517	0.306018	0.0426905	0.12562	0.0071524	0.0104078	0.0122973	0.0183038	0.0170843	0.0146231	0.00422909	0.00766469
89	0.0210122	0.00589478	0.242991	0.287169	0.00370552	0.0136612	0.0248536	0.00349515	0.0326897	0.0100662	0.00527889	0.0674302	0.00179192	0.140499	0.0241622	0.0586156	0.0426482	0.00812379	0.00143317	0.00447859
90	0.464655	0.0399151	0.00124944	0.012309	0.00592264	0.167767	0.00140344	0.00369873	0.00161591	0.00666641	0.00491453	0.0040098	0.00100068	0.00194723	0.00206961	0.203778	0.0633664	0.0122249	0.000519143	0.000967649
91	0.0179489	0.0237487	0.000969107	0.00271951	0.0543638	0.00264541	0.00210639	0.214064	0.00345454	0.433589	0.071452	0.00204354	0.000977038	0.00362473	0.0035857	0.0092755	0.0231766	0.0920509	0.0152942	0.0229098
92	0.0160981	0.0181668	0.000260587	0.00280047	0.161316	0.00659349	0.00343502	0.190541	0.000707256	0.345729	0.0695479	0.00245765	0.00219512	0.00308665	0.00462239	0.0050414	0.0169534	0.115071	0.0156792	0.019698
93	0.0802424	0.0252057	0.00532449	0.0144346	0.072864	0.0142553	0.125415	0.0851371	0.0237526	0.0504511	0.023446	0.0349219	0.0154436	0.0762789	0.0440061	0.078329	0.0288674	0.0577552	0.00705406	0.136815
94	0.44265	0.0343718	0.00245331	0.0128073	0.00591919	0.199636	0.00213654	0.00727167	0.00517959	0.006463	0.00576923	0.00511188	0.00165431	0.00705309	0.00365428	0.180613	0.0571258	0.018143	0.000609869	0.0013769
95	0.046566	0.0168409	0.0277234	0.0173318	0.00222422	0.0345025	0.0174277	0.00222181	0.276228	0.00961475	0.00391843	0.113293	0.00629425	0.0637473	0.270433	0.0691125	0.00957382	0.00216722	0.00745954	0.00331975
96	0.0766105	0.0250164	0.00184846	0.0146734	0.0314664	0.0183438	0.00600704	0.11558	0.00874871	0.166205	0.0726926	0.0205307	0.00830035	0.0035145	0.00581999	0.0525507	0.182903	0.172222	0.012403	0.0045633
97	0.00401669	0.0023781	0.000917314	0.00612427	0.0631719	0.0014743	0.00168102	0.0657392	0.00205447	0.60223	0.219592	0.00166916	0.000773545	0.0013556	0.0015443	0.00265151	0.00413217	0.015043	0.000933028	0.00251854
98	0.0122141	0.0203449	0.000635362	0.00283738	0.0702361	0.00234561	0.00158916	0.17728	0.00213348	0.506715	0.075683	0.00171886	0.000764236	0.00311767	0.00184426	0.00667851	0.0167066	0.0604073	0.0121062	0.0246429
99	0.0279403	0.00969091	0.0235289	0.0315681	0.00158256	0.0147006	0.0123878	0.00195137	0.328752	0.0109528	0.00221953	0.0630036	0.0124025	0.0792987	0.315633	0.0481405	0.00556645	0.00187093	0.00274145	0.00606795
100	0.222649	0.089219	0.0099194	0.00667999	0.0162759	0.0351898	0.00344973	0.0860818	0.00704455	0.0174816	0.00733674	0.0127366	0.00741694	0.0036148	0.0127157	0.172432	0.164795	0.114739	0.00277983	0.00744254
101	0.010003	0.0146794	0.000382319	0.000496787	0.00907447	0.000550353	0.00219584	0.245906	0.000496164	0.0336848	0.00401645	0.000617072	0.000252877	0.00141422	0.000596387	0.0056342	0.0191801	0.650171	0.000279479	0.000369478
102	0.0144724	0.0103562	0.00203085	0.00334192	0.303977	0.00326901	0.0351523	0.0766948	0.00280522	0.15626	0.0567623	0.0091542	0.00246415	0.00399627	0.0113563	0.0179939	0.0214928	0.071655	0.035909	0.160857
103	0.110963	0.0373613	0.0218667	0.0300828	0.0323229	0.0458714	0.024003	0.0686211	0.0325076	0.0614353	0.0279025	0.0390041	0.0184668	0.0279579	0.0337999	0.111384	0.169589	0.0837038	0.00675238	0.0164048
104	0.0277842	0.00805552	0.169879	0.347166	0.00358935	0.00949889	0.0206501	0.00439688	0.0424567	0.013705	0.0048765	0.0544625	0.00241616	0.145885	0.0309731	0.0584375	0.0391178	0.0113151	0.00130533	0.00402914
105	0.0331576	0.0264711	0.0457901	0.0372314	0.0743062	0.0253818	0.254818	0.0234044	0.0328514	0.040126	0.0162901	0.0626115	0.0115502	0.0347287	0.0646483	0.0325235	0.0363589	0.0235671	0.00773366	0.11645
106	0.138869	0.0636488	0.0317475	0.0263194	0.0208828	0.0652659	0.0190335	0.0322228	0.0256067	0.0316571	0.014484	0.0471733	0.0167056	0.0211816	0.0287545	0.265262	0.0906044	0.0425037	0.00468529	0.0133923
107	0.019484	0.0144416	0.00169654	0.00327017	0.0788263	0.00532818	0.00381934	0.234428	0.0039784	0.374146	0.0818774	0.00325803	0.00195436	0.00389735	0.0053722	0.00754236	0.0196202	0.1095	0.0105829	0.016976
108	0.0111588	0.0227008	0.0199496	0.00862437	0.254362	0.0040174	0.185635	0.0116776	0.00700788	0.0261468	0.00892423	0.0418213	0.00586538	0.00536414	0.0115231	0.0113564	0.0214367	0.0105575	0.0119181	0.319952
109	0.294481	0.0314481	0.0355285	0.0429741	0.00795407	0.233368	0.00650093	0.00708183	0.0143325	0.00987154	0.00643066	0.027362	0.00478349	0.0115311	0.0137792	0.190207	0.0437055	0.0134858	0.00145677	0.00371832
110	0.0179116	0.0162484	0.000570281	0.00313727	0.17974	0.00626878	0.0055227	0.155118	0.00219097	0.349092	0.0703614	0.00268474	0.00281237	0.00365697	0.00516812	0.00885344	0.019264	0.104964	0.0164047	0.0300293
111	0.186951	0.0219516	0.130381	0.0613834	0.00471584	0.0942947	0.00449694	0.00412593	0.0189195	0.00605274	0.00364786	0.0765356	0.0131355	0.0046256	0.00687705	0.325013	0.0286031	0.0046356	0.00128685	0.00236741
112	0.0177308	0.0061536	0.21874	0.0313746	0.00471428	0.0728299	0.015115	0.00430658	0.0229882	0.0113291	0.00456619	0.115442	0.0883335	0.0241669	0.0233469	0.207191	0.122395	0.00416073	0.00172475	0.00339174
113	0.107627	0.0186214	0.00108097	0.00804758	0.0526342	0.0202358	0.0040538	0.125927	0.0125522	0.181444	0.0814841	0.00959372	0.0142976	0.00199364	0.00519125	0.0354943	0.108009	0.190475	0.0179963	0.00324125
114	0.447817	0.0381224	0.00699206	0.0175428	0.00556913	0.16845	0.00150506	0.00340322	0.00228347	0.00621651	0.00471926	0.00768772	0.000901794	0.00193713	0.00212149	0.213994	0.0583325	0.0108693	0.00056232	0.000972229
115	0.364729	0.0445944	0.0473542	0.0419348	0.00487576	0.12536	0.00258762	0.00346856	0.0065905	0.0054448	0.00466131	0.0302971	0.00218868	0.00269407	0.00459349	0.255843	0.0419839	0.00862133	0.000692533	0.00148537
116	0.0131307	0.00160225	0.000567447	0.000779303	0.0065043	0.000858892	0.000957472	0.690997	0.000877259	0.0341159	0.00566117	0.000879368	0.000453139	0.000991142	0.00184962	0.00181313	0.0106941	0.225852	0.000633672	0.000781964
117	0.0511468	0.0190722	0.00192776	0.00662027	0.0650512	0.0126537	0.011211	0.13509	0.00684999	0.298919	0.0749628	0.0115383	0.00697152	0.00346123	0.0046918	0.0269748	0.0632003	0.163045	0.0251706	0.0114425
118	0.0717786	0.0161568	0.00218667	0.010548	0.0336763	0.0298332	0.00542311	0.0972378	0.00892503	0.172871	0.0979595	0.0217071	0.00859174	0.00314075	0.00544391	0.0342053	0.195945	0.169856	0.0117103	0.00280423
119	0.0510511	0.0234529	0.0739047	0.0518095	0.0246583	0.0449514	0.0559271	0.0283006	0.0487508	0.0320464	0.0171319	0.214613	0.0196657	0.0360106	0.0736333	0.0871846	0.0489676	0.0296697	0.00579776	0.0324731
120	0.051135	0.0163464	0.03495	0.0440742	0.00350609	0.0256044	0.0184622	0.00480064	0.2672	0.0170667	0.0050986	0.089445	0.00777024	0.0771491	0.239692	0.0676498	0.0142652	0.0055776	0.00536167	0.00484494
121	0.0209284	0.0229365	0.000398076	0.00303552	0.106115	0.00506289	0.00292023	0.164155	0.00199749	0.411599	0.0737417	0.00234335	0.00195964	0.00325482	0.00294548	0.0089507	0.0224516	0.103007	0.0178193	0.024379
122	0.190333	0.153391	0.0205316	0.0071444	0.00575968	0.0424734	0.00346673	0.022378	0.0124753	0.010324	0.00242093	0.0208914	0.00220347	0.00661703	0.0240798	0.281999	0.129556	0.0610743	0.00126681	0.00161485
123	0.0435078	0.024702	0.278332	0.0913885	0.0200806	0.0395677	0.0335531	0.0063102	0.0323622	0.0102861	0.0203848	0.203602	0.00253428	0.0310783	0.0216914	0.0569003	0.0512899	0.0031154	0.00534823	0.0239652
124	0.0286247	0.0242157	0.000625008	0.000844035	0.0105576	0.00302259	0.00331022	0.264899	0.000724941	0.0280307	0.00489435	0.000944583	0.00032319	0.00149649	0.000948205	0.0181154	0.0323365	0.574147	0.000701958	0.00123812
125	0.0173585	0.00572232	0.467089	0.0648157	0.00437756	0.0385879	0.0358247	0.00415468	0.0174322	0.00697802	0.0102655	0.149943	0.00341176	0.0477461	0.0183914	0.0559345	0.0382604	0.00198589	0.00286792	0.00885309
126	0.17715	0.0102688	0.00962243	0.0139884	0.0259854	0.160983	0.152529	0.00829725	0.0145628	0.0134943	0.00569669	0.0175738	0.0130604	0.166141	0.132665	0.0456912	0.0107853	0.0142677	0.00272988	0.00450708
127	0.184153	0.066753	0.00214444	0.00520443	0.0139141	0.0166891	0.00550839	0.20836	0.00212056	0.054942	0.0199067	0.00273832	0.00131346	0.00185255	0.00393552	0.0728083	0.068026	0.248052	0.00833801	0.0132395
128	0.0108101	0.00333947	0.000553011	0.000756404	0.00662617	0.000748222	0.00109742	0.644149	0.000788063	0.0292281	0.00388192	0.00081212	0.000424674	0.000879925	0.00142659	0.00213679	0.0109282	0.280398	0.000479611	0.000535383
129	0.38318	0.0871818	0.00890595	0.0125375	0.00717886	0.133025	0.00303505	0.00727399	0.00464791	0.0065388	0.00518438	0.00995235	0.00258775	0.0041622	0.00881096	0.221271	0.0718297	0.0200146	0.000999697	0.0016833
130	0.0991384	0.198427	0.0096715	0.00521261	0.00683965	0.0899641	0.00738524	0.0102458	0.0071682	0.0076081	0.00304519	0.0308873	0.00207543	0.014175	0.0133763	0.365462	0.102881	0.0228404	0.00139455	0.00220265
131	0.0256755	0.00916079	0.0191666	0.0301903	0.00309954	0.0139275	0.0162158	0.00452251	0.292684	0.0273782	0.0149763	0.0533784	0.0102531	0.0726511	0.341487	0.0438366	0.00677342	0.00352144	0.00258335	0.00851821
132	0.0698478	0.010664	0.208065	0.197644	0.00504035	0.0270387	0.0219731	0.00621545	0.0683616	0.0215711	0.00984758	0.0852237	0.00478439	0.0867049	0.0476076	0.0827444	0.0236594	0.0137032	0.00181544	0.00748871
133	0.0586983	0.0235262	0.0848979	0.0597209	0.0251774	0.0471839	0.0448142	0.0243687	0.0523897	0.0271273	0.0151901	0.210152	0.0141969	0.0372614	0.0688547	0.0908794	0.0530802	0.0279482	0.00667502	0.0278576
134	0.0415818	0.0176824	0.000922517	0.00490284	0.10344	0.0137819	0.00368636	0.152606	0.00480941	0.28566	0.0871042	0.00654684	0.00542686	0.00279935	0.00459464	0.0165703	0.0841511	0.133809	0.0148849	0.015039
135	0.089703	0.0453547	0.000700693	0.00251806	0.0108615	0.00867658	0.00682847	0.239906	0.00141193	0.0399284	0.0121142	0.00252921	0.0006173	0.0019957	0.00212708	0.0410403	0.050418	0.433658	0.00281006	0.00680124
136	0.0198845	0.0118887	0.00140652	0.00161197	0.0513586	0.00250543	0.00163827	0.340031	0.00379643	0.315283	0.0631297	0.00129685	0.000993569	0.00273831	0.00599807	0.00420081	0.0176024	0.133845	0.00708141	0.0137097
137	0.042028	0.0238733	0.0308863	0.047189	0.0148708	0.0278169	0.0393013	0.0223906	0.131502	0.0654166	0.0358436	0.0521065	0.012378	0.0636319	0.271112	0.0456445	0.0276814	0.0221421	0.00486485	0.0193198
138	0.464985	0.0391138	0.00113669	0.0127466	0.00581756	0.169396	0.00142315	0.00358347	0.00161185	0.00663263	0.00494453	0.00401264	0.000935691	0.00194089	0.00210578	0.203882	0.0625126	0.0116811	0.000570768	0.000967994
139	0.0724126	0.0260103	0.000627523	0.00170953	0.00878435	0.00415292	0.00343748	0.307644	0.000911214	0.0526256	0.0186859	0.00105396	0.000400206	0.00175611	0.00150568	0.0230735	0.0393924	0.428751	0.00216864	0.00489785
140	0.109415	0.0114645	0.005242	0.0155546	0.108053	0.010126	0.0944185	0.0303022	0.0110711	0.0112148	0.0113986	0.0701159	0.00400828	0.0571421	0.0603759	0.167557	0.0284887	0.0201208	0.00470803	0.169222
141	0.0640928	0.0208412	0.0036117	0.0115684	0.02888	0.0193825	0.00822424	0.128572	0.00953667	0.122045	0.0778689	0.0180617	0.00803291	0.00632385	0.0098094	0.033691	0.141864	0.272611	0.00897704	0.00600568
142	0.0200729	0.00984048	0.000773841	0.00096187	0.00760887	0.00153496	0.00166662	0.49861	0.00162613	0.0495893	0.00847304	0.00309768	0.000537256	0.00177006	0.00304632	0.0063988	0.0179267	0.363178	0.000921022	0.00236605
143	0.0749682	0.010839	0.0265133	0.0186779	0.0244904	0.11757	0.019187	0.0341149	0.0246302	0.0270101	0.0134736	0.0363414	0.307513	0.0396443	0.0229474	0.103334	0.0531579	0.0249159	0.00347374	0.0171979
144	0.0493639	0.0265991	0.0862027	0.0526559	0.0240487	0.0505925	0.0534676	0.0231816	0.0472553	0.0329042	0.0166485	0.200607	0.0195142	0.0397685	0.0669226	0.0960748	0.0561915	0.0250124	0.00684973	0.0261393
145	0.386284	0.0341957	0.0098791	0.0169439	0.0111916	0.181992	0.00897781	0.0169552	0.0142366	0.0121122	0.00932284	0.0118489	0.00810506	0.0182866	0.0139937	0.155423	0.0562812	0.0282561	0.00132562	0.00438885
146	0.0163466	0.00617021	0.00178622	0.000661908	0.00461571	0.000745076	0.000921511	0.553933	0.00466388	0.161047	0.0319594	0.000717288	0.000353898	0.00165217	0.00851203	0.00158165	0.0175074	0.181011	0.000996776	0.00481732
147	0.00736921	0.0307271	0.0027962	0.00424543	0.00458838	0.00505993	0.00446847	0.18389	0.00392867	0.0343199	0.00456678	0.165856	0.00207432	0.0159926	0.0509106	0.0181089	0.143926	0.312824	0.00150716	0.00284046
148	0.0109588	0.00116482	0.000542781	0.000790714	0.00613123	0.000833834	0.000900132	0.708824	0.00078128	0.0278769	0.00330458	0.00088936	0.000458515	0.000847987	0.00168169	0.00137389	0.00957147	0.221978	0.00053248	0.000557836
149	0.0103353	0.00900937	0.000489101	0.000632157	0.00755743	0.000731849	0.00166123	0.410201	0.000696452	0.03265	0.00465144	0.0007568	0.000312213	0.00127586	0.00115058	0.00360897	0.0148203	0.498531	0.000405098	0.000524121
150	0.0442037	0.0316289	0.000529837	0.00143306	0.0112384	0.00392242	0.00375785	0.246292	0.000640629	0.0320457	0.00636752	0.000894378	0.00031756	0.00151317	0.000961303	0.0220079	0.0321561	0.555694	0.00125826	0.00313642
151	0.0353657	0.00427973	0.00182877	0.000734725	0.0043349	0.000797891	0.00104595	0.455033	0.00433601	0.171846	0.0587482	0.000902464	0.000501132	0.00268489	0.00646371	0.00454184	0.0282457	0.210526	0.0023465	0.00543666
152	0.0480126	0.210418	0.0065255	0.00502269	0.00718782	0.0995686	0.00899493	0.00791746	0.0057416	0.00738223	0.00312153	0.0309727	0.00207204	0.0196979	0.0093183	0.424968	0.0850775	0.0132576	0.00177241	0.00297031
153	0.0451147	0.0274903	0.0286801	0.0472056	0.0153183	0.030521	0.0389694	0.0300716	0.125814	0.0582634	0.0341773	0.0554484	0.0137531	0.0602607	0.263607	0.0495535	0.0293797	0.0212437	0.0068326	0.0182958
154	0.0121986	0.00903247	0.00167522	0.00761617	0.0673634	0.00372851	0.00455673	0.111984	0.00714346	0.502106	0.160663	0.00367832	0.00270231	0.00415171	0.0179323	0.00730477	0.0135102	0.0466634	0.00581582	0.0101728
155	0.0244572	0.0113763	0.00131892	0.00262901	0.317135	0.00408603	0.0149001	0.0631757	0.00307369	0.162811	0.0752512	0.0060345	0.00272089	0.00390425	0.00934842	0.0194059	0.0348204	0.0886867	0.0242769	0.130588
156	0.00924638	0.0243353	0.03903	0.011116	0.17972	0.00723817	0.2507	0.00817334	0.00898909	0.0369827	0.00794429	0.0397507	0.0205993	0.00560832	0.0128436	0.0092487	0.0365802	0.00851323	0.00507422	0.278306
157	0.158499	0.0313962	0.0252582	0.0217933	0.0164872	0.376458	0.0221813	0.0207892	0.0228277	0.0172794	0.0136837	0.0313552	0.0110588	0.0269626	0.0270097	0.088945	0.0418153	0.0288782	0.00356991	0.0137524
158	0.142092	0.040886	0.00068713	0.0035555	0.00963985	0.00769611	0.00448291	0.276596	0.00105928	0.0778662	0.0398869	0.00159442	0.000683911	0.00164734	0.00121605	0.0415281	0.0555503	0.277528	0.00425758	0.0115464
159	0.0220196	0.00630477	0.438343	0.0616051	0.00489129	0.0466167	0.048766	0.00501215	0.0178387	0.00805424	0.00954682	0.140545	0.00420391	0.0505311	0.0196332	0.0654692	0.0365836	0.00348195	0.00274911	0.0078043
160	0.0126903	0.0157343	0.000400112	0.00280835	0.13393	0.00521317	0.00294141	0.192833	0.00102145	0.41707	0.0682745	0.00210671	0.00158745	0.00262156	0.0035516	0.00458968	0.0135713	0.0869334	0.0120127	0.0201088
161	0.0208472	0.0167009	0.000652516	0.0041021	0.0702581	0.00415778	0.00232928	0.122825	0.00296924	0.484174	0.120609	0.00270656	0.00177801	0.00270651	0.00218054	0.00886495	0.0294409	0.0733207	0.0127159	0.0166609
162	0.154151	0.0594806	0.000916278	0.00407745	0.0111542	0.0185543	0.00576429	0.248817	0.0015425	0.0464536	0.0177591	0.00212738	0.000854719	0.00178837	0.00208151	0.0665963	0.0637482	0.277921	0.00518233	0.0110297
163	0.134988	0.0204683	0.0714765	0.112462	0.00837499	0.145608	0.0510895	0.00595723	0.0762064	0.0309908	0.00515369	0.0261905	0.00305198	0.108136	0.112997	0.0425882	0.0131482	0.0251807	0.00227397	0.00365679
164	0.110947	0.0284056	0.000858732	0.00250872	0.0077357	0.00497295	0.00316056	0.339825	0.001669	0.0931428	0.0361739	0.00120527	0.000453825	0.00178956	0.00225198	0.0265399	0.0431442	0.282902	0.00316205	0.00915175
165	0.0185836	0.00685675	0.00229966	0.00067315	0.00842869	0.000881581	0.000975984	0.501981	0.00576981	0.205628	0.0431293	0.000686054	0.00040031	0.00219465	0.00940241	0.00168149	0.0152466	0.167199	0.00140404	0.00657865
166	0.116768	0.0086526	0.00658111	0.00869932	0.0136114	0.0736241	0.0225622	0.0651117	0.0166303	0.0200467	0.00739739	0.0218027	0.389445	0.0884693	0.0179473	0.0669042	0.0175976	0.0237246	0.00273985	0.0116848
167	0.0609277	0.0183675	0.0282071	0.0938372	0.0132759	0.0226668	0.0291954	0.0345953	0.172611	0.0642022	0.019334	0.0347618	0.00847736	0.0818684	0.167906	0.0535326	0.0481929	0.0311182	0.0075925	0.00933012
168	0.0263161	0.0048454	0.00212069	0.000659047	0.00499442	0.000728056	0.00090333	0.486572	0.00527009	0.188469	0.052917	0.000726383	0.000465672	0.00267518	0.00814586	0.00253184	0.0189981	0.184928	0.00143491	0.00629864
169	0.0550724	0.0777723	0.00776263	0.017237	0.0672709	0.018308	0.0218545	0.118984	0.017521	0.25238	0.0504726	0.0180067	0.0100881	0.016612	0.028875	0.0423289	0.0433417	0.0891884	0.0136788	0.033245
170	0.135525	0.0129443	0.0162524	0.0837585	0.00525685	0.0219381	0.0291459	0.00941575	0.255853	0.0403168	0.0069378	0.0176128	0.00954959	0.0537857	0.119673	0.121667	0.0453174	0.00923016	0.00241811	0.00340133
171	0.00562298	0.025956	0.0405104	0.0134672	0.147177	0.00403982	0.376899	0.0037682	0.00267133	0.0227889	0.00272506	0.0548779	0.00824797	0.00307156	0.0154483	0.00518195	0.0341495	0.00377793	0.00152111	0.228098
172	0.024257	0.00450721	0.123481	0.114296	0.00384152	0.0110003	0.0209099	0.00433591	0.101328	0.0119826	0.00532284	0.0580445	0.275705	0.0793414	0.0463285	0.0854621	0.0106444	0.01368	0.00130511	0.00422662
173	0.0439551	0.00662438	0.22934	0.150757	0.00688747	0.015151	0.0251724	0.00406933	0.100788	0.0190354	0.0120357	0.138603	0.00258961	0.0782048	0.0559593	0.0625951	0.0234573	0.00759827	0.00323683	0.0139399
174	0.0227986	0.00647615	0.00174464	0.000694529	0.00574983	0.00078049	0.00109044	0.417967	0.00406579	0.157468	0.0405209	0.000656657	0.000346105	0.00209396	0.00632688	0.00228078	0.0195041	0.30287	0.00161	0.00495471
175	0.0110959	0.0228156	0.108318	0.0297533	0.00569771	0.00681357	0.157311	0.0046665	0.096088	0.0066366	0.0047215	0.142674	0.00229281	0.0687184	0.250655	0.0110184	0.00697551	0.00511504	0.001731	0.0569015
176	0.0284324	0.0169482	0.0014519	0.00368805	0.210561	0.00761922	0.00845857	0.147829	0.00210325	0.246192	0.0617154	0.00328192	0.00344151	0.00380475	0.00881325	0.014895	0.0284891	0.129912	0.0265401	0.0458231
177	0.0148937	0.00553306	0.00188589	0.000677453	0.00603083	0.000742202	0.00093819	0.567859	0.00445763	0.159467	0.0290456	0.000698429	0.000401931	0.00163974	0.00751113	0.00153267	0.0127899	0.178535	0.00079572	0.00456465
178	0.0109588	0.00116482	0.000542781	0.000790714	0.00613123	0.000833834	0.000900132	0.708824	0.00078128	0.0278769	0.00330458	0.00088936	0.000458515	0.000847987	0.00168169	0.00137389	0.00957147	0.221978	0.00053248	0.000557836
179	0.359053	0.013724	0.00398315	0.00711175	0.00720883	0.23374	0.00692254	0.0418748	0.0322353	0.010765	0.0137977	0.00758957	0.0057274	0.0352741	0.0153694	0.0672631	0.0563384	0.0756279	0.0020687	0.00432625
180	0.160879	0.0329843	0.0238832	0.0198337	0.0208465	0.283971	0.0148844	0.0245795	0.0256031	0.024236	0.014731	0.0299654	0.0157845	0.0208035	0.0240504	0.113406	0.103142	0.0303359	0.00484079	0.0112391
181	0.0195959	0.00588601	0.3953	0.118075	0.0040629	0.0309968	0.0306371	0.00377972	0.0238114	0.00773014	0.00759428	0.127676	0.00512037	0.0699897	0.0208165	0.072234	0.0444857	0.0030452	0.00223468	0.00692808
182	0.0588705	0.0131121	0.166955	0.04661	0.0119878	0.310042	0.0279273	0.00972189	0.0333276	0.0155889	0.0106846	0.0627915	0.0136987	0.0329815	0.0346048	0.0885905	0.0365324	0.012777	0.0038049	0.00939038
183	0.0857726	0.00815651	0.0185319	0.0197282	0.0133099	0.0366501	0.023668	0.0323552	0.0260118	0.019918	0.00964575	0.0438732	0.41049	0.0668575	0.0184725	0.0810587	0.024362	0.0468614	0.00355915	0.0107172
184	0.0357895	0.0187764	0.0214399	0.0441357	0.0155226	0.0200062	0.0217673	0.0214976	0.179009	0.0374914	0.135616	0.0657773	0.0103462	0.0926342	0.138202	0.0380022	0.0664769	0.0209456	0.00599933	0.0105651
185	0.0208237	0.00286943	0.00164084	0.034187	0.0109152	0.0114781	0.0365265	0.0195662	0.104102	0.151844	0.0939968	0.00314176	0.001484	0.0282112	0.415554	0.0211074	0.00441335	0.0109731	0.00114703	0.0260182
186	0.029545	0.0081887	0.0387811	0.0233259	0.00617562	0.0431947	0.00631782	0.186707	0.0484983	0.262578	0.00687016	0.00716265	0.00325657	0.0243597	0.00839805	0.0492165	0.0102704	0.210015	0.0232737	0.00386508
187	0.0671071	0.00475149	0.0828563	0.0950427	0.0159596	0.0283716	0.0462126	0.104745	0.00865278	0.166395	0.0643945	0.0468468	0.0517443	0.0346651	0.0438173	0.0544049	0.0104916	0.0562819	0.00205352	0.015206
188	0.0122082	0.0166293	0.000421979	0.00247853	0.136453	0.00501636	0.0024513	0.198568	0.000976809	0.416283	0.0597919	0.00197433	0.00163537	0.00263287	0.00343657	0.00419354	0.0134225	0.0873498	0.0121334	0.021943
189	0.0162895	0.00703774	0.136403	0.376701	0.00337112	0.0059817	0.0264515	0.00590119	0.0215637	0.00880422	0.00358038	0.0299345	0.00198062	0.210335	0.016313	0.0558327	0.0562457	0.013293	0.00132985	0.00264982
190	0.0434831	0.0103119	0.110127	0.24071	0.00462205	0.015563	0.0194068	0.00661884	0.0935975	0.0240063	0.00578872	0.04118	0.00309852	0.223634	0.0537451	0.0418249	0.0249341	0.030979	0.00167605	0.00469264
191	0.0963698	0.0215333	0.000996885	0.00569495	0.0273956	0.0125315	0.00400374	0.199588	0.0059858	0.141596	0.0740159	0.007326	0.00608812	0.00197453	0.00304239	0.0344234	0.0982324	0.243663	0.0104579	0.00508139
192	0.0200848	0.0278163	0.00508031	0.00376005	0.00838549	0.00636625	0.00434769	0.400736	0.0194381	0.204702	0.032594	0.00700462	0.00367427	0.00667988	0.0412585	0.00933629	0.0205467	0.167093	0.0036023	0.00749415
