213	20
1	0.00409238	0.0101501	0.00271242	0.00405725	0.132619	0.0031607	0.00200512	0.147171	0.00734405	0.376536	0.125056	0.00917796	0.000659095	0.0241042	0.0015542	0.0389564	0.0271356	0.0479035	0.000217275	0.035388
2	0.00977923	0.00563002	0.0547236	0.0366115	0.0839247	0.0164125	0.0465719	0.0820736	0.056931	0.0691781	0.0307891	0.0617475	0.0124752	0.105853	0.0386311	0.0525848	0.0277114	0.0592476	0.0246599	0.124464
3	0.00797778	0.00171338	0.00296706	0.0522925	0.00881911	0.00531959	0.0209721	0.00958843	0.0202979	0.25478	0.0172549	0.0108748	0.00391347	0.507292	0.0236359	0.0277314	0.00743206	0.00731284	0.00118997	0.00863482
4	0.00193743	0.000516979	0.000573609	0.000999268	0.35073	0.000823054	0.00738581	0.0171392	0.0102244	0.0155231	0.00386349	0.00872556	0.00120045	0.00942006	0.00440847	0.00189832	0.00267795	0.0069514	0.000318881	0.554682
5	0.0746286	0.0104007	0.000799035	0.00125101	0.215268	0.0156209	0.00104533	0.202979	0.00225726	0.258188	0.0242649	0.00205249	0.000876117	0.00865737	0.000969292	0.0374831	0.0316996	0.0937258	0.0159765	0.00185697
6	0.0192421	0.00549873	0.141288	0.0468377	0.00553382	0.0297073	0.0094625	0.0188876	0.042296	0.00581112	0.00546873	0.345005	0.00421502	0.0688576	0.0210619	0.161324	0.0458978	0.00428323	0.000110895	0.0192103
7	0.0200516	0.00687981	0.13737	0.0591559	0.0100324	0.0535266	0.00985489	0.0225206	0.0410737	0.011536	0.00754207	0.319415	0.00610741	0.0655648	0.0202601	0.138989	0.0408613	0.00972195	0.000795624	0.0187407
8	0.00339061	0.0027738	0.00455865	0.0601431	0.0290297	0.0274935	0.0122063	0.008609	0.124981	0.0641828	0.00442352	0.0487802	0.00731871	0.491744	0.0528665	0.034687	0.00452166	0.00851997	0.000333051	0.00943723
9	0.0099376	0.00765912	0.00319431	0.00527527	0.125773	0.00332916	0.00328122	0.195011	0.0108021	0.307069	0.124046	0.0119519	0.0020746	0.0308103	0.00262883	0.038009	0.0228792	0.0651176	0.000780411	0.0303698
10	0.00872446	0.000356048	0.594431	0.116084	0.00147	0.0111814	0.0038354	0.00905102	0.0120902	0.00905892	0.00104393	0.165206	0.00438687	0.0259341	0.000632956	0.021164	0.00239542	0.00495498	0.0001695	0.00783009
11	0.0825272	0.00249697	0.05061	0.0915473	0.0140471	0.00892224	0.0173714	0.0253716	0.0512628	0.0341861	0.00790193	0.0210184	0.317861	0.096724	0.00553585	0.080485	0.0532209	0.0309476	0.00103588	0.00692642
12	0.0276918	0.00193237	0.00534872	0.0100808	0.0283846	0.00364407	0.00501512	0.198731	0.135455	0.0385505	0.0094615	0.12486	0.00458904	0.0732474	0.00527582	0.0722284	0.218083	0.0285469	0.00204841	0.00682422
13	0.0030774	0.000547343	0.000662922	0.00104933	0.352355	0.000854097	0.00798869	0.0234384	0.011057	0.0171833	0.00366871	0.00935481	0.00164502	0.00992516	0.00546082	0.0022405	0.00343556	0.0105067	0.000293373	0.535256
14	0.0156292	0.00758541	0.0216956	0.0147119	0.0121058	0.0136096	0.00511856	0.0388933	0.458859	0.0178436	0.015402	0.041717	0.00403902	0.0856384	0.178207	0.0321216	0.0108144	0.00454893	0.000472277	0.0209871
15	0.0633607	0.00208147	0.00851876	0.0397475	0.0453094	0.004078	0.00687459	0.0936787	0.023666	0.0578344	0.0641245	0.0407801	0.00679671	0.156549	0.00849602	0.137715	0.110565	0.097751	0.0211801	0.0108939
16	0.0143934	0.0017764	0.023067	0.0577453	0.0164648	0.00947741	0.0151693	0.0140311	0.0889525	0.0669079	0.0079266	0.03692	0.00734238	0.528521	0.0308111	0.0407122	0.0153976	0.0102317	0.000474021	0.0136787
17	0.0422802	0.00417841	0.0172823	0.0122686	0.00767497	0.0218523	0.00164617	0.0302989	0.0238357	0.00796986	0.00987144	0.111681	0.019327	0.0164335	0.00822995	0.45284	0.181074	0.0255595	0.00045915	0.00523761
18	0.0129382	0.00418526	0.00107044	0.0016945	0.231986	0.00131423	0.00198016	0.297095	0.0118254	0.183629	0.0117993	0.00564725	0.00102896	0.0310514	0.00854167	0.0094909	0.00685228	0.111309	0.00326096	0.0633002
19	0.0194054	0.0013139	0.0011982	0.00663804	0.0228399	0.00105093	0.00106684	0.385167	0.0283366	0.0619805	0.00689044	0.00379282	0.00107976	0.0344065	0.00122563	0.0132634	0.0412735	0.33126	0.000314373	0.0374966
20	0.0312584	0.00674313	0.0252268	0.00646752	0.00374284	0.0125495	0.00122335	0.0266554	0.035334	0.00827746	0.0135606	0.0942869	0.0147024	0.0153484	0.0139571	0.453477	0.211477	0.0213261	0.000308984	0.00407707
21	0.030411	0.00143809	0.212415	0.173688	0.00671551	0.0323886	0.00356479	0.0092894	0.038576	0.0546822	0.0179644	0.0601351	0.145644	0.0896584	0.00255608	0.0540316	0.0527442	0.00879164	0.000724833	0.00458109
22	0.00517649	0.00886415	0.00631222	0.00296676	0.151298	0.00250479	0.00154497	0.0660573	0.0125221	0.564912	0.0904122	0.00450048	0.00106476	0.0106091	0.00157052	0.0192759	0.00991091	0.0266734	0.00028686	0.0135373
23	0.0189727	0.00535019	0.122495	0.0557837	0.00704677	0.0237505	0.0147261	0.017414	0.0593716	0.00964875	0.00587834	0.27846	0.00404895	0.0952442	0.0217933	0.172211	0.0603216	0.00764003	0.000167735	0.0196764
24	0.0175914	0.00522631	0.137213	0.0625804	0.00720328	0.0234289	0.00930141	0.0160279	0.0463657	0.00636181	0.00546773	0.322435	0.00626835	0.074306	0.0223345	0.172146	0.0408772	0.00600502	0.000161512	0.0186984
25	0.0074937	0.000350478	0.603068	0.11113	0.00142561	0.0109507	0.00390882	0.00914125	0.0112523	0.00844567	0.000849731	0.16846	0.00364029	0.0243662	0.000615394	0.0203563	0.00148683	0.00485878	0.000159059	0.00804174
26	0.00577245	0.00993016	0.00252179	0.00410643	0.143062	0.00328399	0.0026412	0.1339	0.00734299	0.358621	0.120374	0.0115338	0.000982003	0.025414	0.00303981	0.0390194	0.0297757	0.0467473	0.000228327	0.0517041
27	0.00382199	0.000791414	0.00058399	0.00079998	0.214693	0.000637607	0.00318233	0.37664	0.00400724	0.242512	0.0128967	0.00128831	0.000579205	0.00560625	0.00290533	0.0032145	0.00380189	0.100844	0.00349131	0.0177036
28	0.698128	0.00495982	0.0017571	0.00254593	0.00654429	0.0503553	0.00207276	0.012397	0.0112294	0.0235799	0.00271006	0.00319839	0.0156881	0.0129805	0.00853326	0.0878757	0.0168729	0.0349662	0.000531256	0.00307377
29	0.015877	0.00858792	0.00266208	0.00417106	0.278621	0.00384314	0.00394654	0.163475	0.0110976	0.244435	0.0356505	0.0114946	0.00505462	0.0308917	0.00747582	0.0201434	0.0148223	0.0559766	0.00156957	0.0802051
30	0.0197661	0.00543575	0.1428	0.0483927	0.00568303	0.0299636	0.00962562	0.0184422	0.0436219	0.00628144	0.00572843	0.340286	0.00545318	0.0696841	0.0213844	0.159716	0.044265	0.00438596	0.000129924	0.0189553
31	0.00643963	0.0048494	0.0054129	0.0262941	0.0146531	0.0116185	0.00830242	0.0164919	0.29655	0.0629593	0.00942616	0.0301559	0.0053135	0.359124	0.0519873	0.0284898	0.0121307	0.0202421	0.000534219	0.0290245
32	0.0198651	0.00205726	0.00845345	0.0145557	0.0193869	0.00323362	0.00781317	0.203841	0.136229	0.0373942	0.0117467	0.0875996	0.00604818	0.0702121	0.010164	0.0516426	0.233961	0.0641031	0.00261699	0.00907645
33	0.0120949	0.00237932	0.00354602	0.00447161	0.299337	0.00347966	0.0139405	0.0369572	0.0127723	0.0301853	0.00799826	0.046229	0.00844667	0.0186022	0.00709847	0.0113713	0.0178725	0.0157855	0.00131936	0.446113
34	0.00572049	0.00218542	0.000782314	0.00104118	0.190052	0.000866073	0.00307192	0.349008	0.00810368	0.258443	0.0272287	0.00263794	0.00106499	0.00912347	0.00491283	0.00602462	0.00675474	0.103074	0.00298487	0.0169201
35	0.0315494	0.00147787	0.00431472	0.0164332	0.0532752	0.00250381	0.0038266	0.197731	0.0356641	0.0973402	0.084937	0.0409718	0.00315511	0.103888	0.0135928	0.0699178	0.0858366	0.141389	0.00394326	0.00825285
36	0.0246021	0.00278652	0.0034071	0.00487585	0.3046	0.00368516	0.023827	0.0626511	0.0102821	0.0167887	0.00507403	0.0503824	0.0193698	0.0125799	0.00428696	0.0106074	0.0390746	0.0230654	0.0020552	0.375998
37	0.0122477	0.00300125	0.00218885	0.00674019	0.0528289	0.00210407	0.00187706	0.185839	0.0527934	0.250471	0.132262	0.0115626	0.00156219	0.0600587	0.0151897	0.0405392	0.0397429	0.0982099	0.000354546	0.0304281
38	0.708315	0.00346884	0.00170608	0.00244613	0.00568474	0.0407233	0.00183231	0.0123212	0.0106319	0.0226457	0.00273297	0.00311693	0.0188123	0.0139838	0.00855417	0.0875384	0.0169812	0.0349182	0.000541669	0.00304506
39	0.0260994	0.00516258	0.00165104	0.00675289	0.177963	0.0108961	0.0192518	0.0415765	0.0200699	0.156528	0.0522756	0.0342949	0.00302604	0.0721326	0.0332742	0.0539723	0.0470115	0.0353956	0.00123882	0.201427
40	0.0230786	0.000371178	0.108367	0.153585	0.00193016	0.000646505	0.015493	0.0023071	0.168712	0.00923524	0.000993491	0.0587784	0.00588195	0.357547	0.0291333	0.0581551	0.00278466	0.00150025	0.000210996	0.00128904
41	0.0086094	0.857066	0.00402375	0.00595684	0.00880328	0.00386449	0.00359553	0.0127309	0.00913972	0.0142927	0.00564952	0.00790004	0.00396345	0.0122805	0.00429716	0.0123029	0.00888878	0.00882588	0.00121103	0.00659867
42	0.0033131	0.00125421	0.0276652	0.0388118	0.0182387	0.0060747	0.0185184	0.0125733	0.155897	0.0287112	0.00375836	0.0755205	0.00613762	0.208844	0.0135489	0.202295	0.134951	0.018981	0.000274925	0.0246314
43	0.0189083	0.00520357	0.143549	0.0426424	0.00540863	0.0279709	0.0099239	0.0189056	0.0381022	0.00578751	0.0051411	0.358273	0.00411329	0.0626569	0.020869	0.165517	0.0428692	0.00446036	0.000134985	0.0195632
44	0.0898431	0.00179949	0.0335875	0.0734662	0.0127282	0.00324312	0.0237482	0.0290562	0.0296843	0.0245536	0.00457724	0.00850264	0.290773	0.107311	0.0031872	0.125747	0.080228	0.0514741	0.00184903	0.0046403
45	0.0274329	0.000427994	0.108778	0.160111	0.00295373	0.00101991	0.0130497	0.0075618	0.164354	0.0198283	0.0011516	0.0605374	0.00482189	0.327765	0.023151	0.066211	0.00422807	0.00283552	0.000232647	0.00354906
46	0.0203358	0.00586304	0.00265344	0.00444914	0.0916619	0.00412673	0.00253743	0.191994	0.0120154	0.381933	0.0816551	0.0100458	0.00562265	0.0213388	0.00440712	0.0420058	0.0245311	0.0643928	0.00154624	0.0268848
47	0.0541956	0.00189261	0.0379515	0.138247	0.0203459	0.00352803	0.00347932	0.101889	0.148681	0.0858973	0.00428308	0.0559703	0.00248005	0.179397	0.00489446	0.0878274	0.0195866	0.019973	0.000486866	0.0289936
48	0.00814018	0.000655388	0.568713	0.104401	0.00176083	0.0135041	0.00413349	0.00991736	0.0126462	0.00816722	0.0010762	0.187436	0.00361699	0.0264517	0.00166552	0.0294935	0.00426288	0.00479451	0.000163699	0.00900016
49	0.00193743	0.000516979	0.000573609	0.000999268	0.35073	0.000823054	0.00738581	0.0171392	0.0102244	0.0155231	0.00386349	0.00872556	0.00120045	0.00942006	0.00440847	0.00189832	0.00267795	0.0069514	0.000318881	0.554682
50	0.0111603	0.000968618	0.0147389	0.0188839	0.0219611	0.00367025	0.0733644	0.0171663	0.190681	0.0508041	0.0130441	0.214553	0.00205131	0.0681053	0.0736138	0.0637758	0.0375176	0.011452	0.00060166	0.111887
51	0.00861057	0.857309	0.00397483	0.00590898	0.00867868	0.00382934	0.00360987	0.0130074	0.0090811	0.014455	0.00560345	0.00796269	0.00394277	0.0121148	0.00426186	0.0121536	0.00889346	0.00881542	0.00117966	0.00660771
52	0.00175472	0.00114041	0.000588179	0.000747079	0.204397	0.000558433	0.00372985	0.375317	0.00383743	0.278435	0.0155349	0.0012395	0.000828663	0.00416163	0.00271079	0.00220552	0.00303482	0.0869294	0.00244497	0.0104059
53	0.00776274	0.000476795	0.593307	0.109483	0.00151433	0.0113738	0.00404238	0.00924891	0.0118421	0.00841314	0.000958633	0.172221	0.00360676	0.0254697	0.00111326	0.0234006	0.00243437	0.0048568	0.000163081	0.00831105
54	0.0162795	0.00759383	0.00192043	0.00617549	0.274479	0.00751043	0.0108224	0.0498788	0.0112212	0.183849	0.0615989	0.0232562	0.00195945	0.0497194	0.0184856	0.0361829	0.0481356	0.0403224	0.00105317	0.149557
55	0.0165588	0.00434506	0.233047	0.060568	0.00455841	0.0269717	0.00807896	0.0176126	0.0347812	0.00655768	0.00447361	0.313464	0.00454677	0.0613997	0.0163775	0.129005	0.0353838	0.00433482	0.000132646	0.0178017
56	0.0160437	0.00187512	0.00744143	0.00882668	0.0830768	0.00843099	0.0363531	0.0337614	0.110867	0.118475	0.0126749	0.0334814	0.0180293	0.142305	0.0204164	0.0703412	0.0274153	0.0124345	0.00205142	0.2357
57	0.0048858	0.00165953	0.0247626	0.0403072	0.0169603	0.00636195	0.0173328	0.0135847	0.153251	0.0312798	0.0092834	0.0714419	0.00638954	0.189721	0.0127678	0.201381	0.135893	0.0306978	0.000636013	0.0314024
58	0.00225808	0.00113042	0.000739926	0.000823626	0.213272	0.000669157	0.0037123	0.367437	0.0040779	0.275875	0.0140343	0.00146513	0.000649678	0.00518345	0.00289153	0.00292456	0.00304526	0.0845001	0.0025269	0.0127839
59	0.107458	0.00145777	0.00269883	0.0471378	0.0239558	0.00238071	0.00258677	0.147989	0.00770822	0.121223	0.0398025	0.0361144	0.00257146	0.0149153	0.00346926	0.197428	0.081573	0.140099	0.00147117	0.0179601
60	0.0262191	0.00477304	0.00173315	0.00665996	0.172588	0.0114573	0.0197501	0.0408225	0.0205684	0.155521	0.0536455	0.0348752	0.00308928	0.0734145	0.0345614	0.0556479	0.0464642	0.0344099	0.00129722	0.202502
61	0.135236	0.000402794	0.000945806	0.00108335	0.0228427	0.00984437	0.00083271	0.179148	0.00186671	0.0504246	0.0656074	0.00195989	0.0034604	0.010462	0.000834068	0.0501469	0.245601	0.217609	0.000211416	0.00148123
62	0.0197813	0.00611191	0.0117748	0.0134345	0.141156	0.0281988	0.0468189	0.0426759	0.039066	0.0880583	0.024207	0.0280625	0.0106151	0.0939551	0.0315099	0.0479323	0.0272576	0.0257807	0.00739677	0.266206
63	0.0359956	0.00418127	0.0657258	0.0186848	0.0127055	0.047003	0.0104191	0.0214884	0.180091	0.0184919	0.00898154	0.162486	0.0298853	0.0459332	0.0933071	0.167774	0.0499163	0.0108425	0.00101323	0.0150744
64	0.00860961	0.857861	0.00397372	0.00590708	0.00870936	0.00382934	0.00361062	0.0126827	0.00911158	0.0142489	0.00561164	0.00789232	0.00394281	0.0120889	0.00426183	0.0121694	0.0088952	0.00880953	0.00119784	0.00658629
65	0.017918	0.00319727	0.0116825	0.0112441	0.083628	0.0258429	0.0490949	0.0464661	0.0374743	0.114427	0.0222556	0.0255753	0.0251919	0.117984	0.0771639	0.0830099	0.0340253	0.02185	0.00399876	0.18797
66	0.0589482	0.00214965	0.124873	0.168515	0.0104594	0.00969452	0.0117384	0.0344707	0.039774	0.0282163	0.00919652	0.0463777	0.0585082	0.128246	0.00585442	0.120481	0.0786889	0.0518661	0.00344526	0.00849721
67	0.0133111	0.00154655	0.00204348	0.0082982	0.0188122	0.00140038	0.00205557	0.336619	0.0376532	0.0626317	0.00383049	0.00692933	0.00134291	0.0524496	0.00265327	0.0122356	0.0679382	0.337202	0.000476758	0.0305702
68	0.00874684	0.000881254	0.545752	0.100658	0.00211022	0.0134618	0.00448134	0.0103334	0.0143019	0.00798551	0.00130407	0.193846	0.00372093	0.0294032	0.00295997	0.0392331	0.0063218	0.00475449	0.000168251	0.00957514
69	0.0101624	0.00597985	0.0600677	0.0425417	0.078443	0.0185781	0.0445956	0.0718396	0.0596581	0.0638179	0.0281424	0.054916	0.0155528	0.119561	0.0394259	0.0673511	0.0295182	0.0607007	0.0215131	0.107635
70	0.0271817	0.00592043	0.00183833	0.00249385	0.270764	0.00144698	0.00183071	0.198646	0.0265777	0.139413	0.0040234	0.014764	0.00162068	0.0745166	0.0281592	0.0118934	0.00642031	0.0777437	0.000574361	0.104171
71	0.00907347	0.00787888	0.0118494	0.0193841	0.0182645	0.0111408	0.00691522	0.0304653	0.453605	0.0347183	0.0148963	0.0357195	0.00301964	0.154103	0.0830002	0.0306203	0.0176598	0.00976907	0.000439015	0.047479
72	0.0100852	0.00316373	0.00674961	0.00878396	0.0121453	0.0044949	0.0305394	0.0160985	0.199737	0.0174175	0.00673465	0.079804	0.0951883	0.168855	0.0757879	0.0266231	0.195261	0.0327458	0.00129874	0.00848698
73	0.00743391	0.00199581	0.0415979	0.00485479	0.212493	0.0030809	0.00330393	0.0477939	0.0271984	0.0325635	0.00588509	0.0443538	0.0229032	0.0299647	0.0036901	0.103778	0.374862	0.00710186	0.00117378	0.0239707
74	0.100064	0.000391215	0.000797469	0.00101472	0.0222122	0.00695648	0.000701627	0.285643	0.00233008	0.0485053	0.0547381	0.00228322	0.00244892	0.00842336	0.000767014	0.036938	0.178885	0.244233	0.000179557	0.00248854
75	0.0694268	0.00176505	0.0745438	0.107069	0.0108133	0.00894656	0.0161229	0.0179718	0.0442822	0.0292394	0.00624915	0.0228293	0.286231	0.133289	0.00668869	0.0823816	0.0492108	0.0270752	0.000787732	0.00507661
76	0.0181918	0.00493043	0.143874	0.0580746	0.00694968	0.02429	0.00898472	0.0159515	0.0461957	0.00614903	0.00547777	0.329699	0.00675465	0.0693562	0.0224182	0.169544	0.0393528	0.00575306	0.000156564	0.0178959
77	0.015179	0.00332361	0.293667	0.0743826	0.00501135	0.0211194	0.00827594	0.0157199	0.0376328	0.00916617	0.00415348	0.272198	0.00417053	0.0671747	0.0143735	0.104944	0.0274016	0.00541495	0.000323335	0.0163679
78	0.00857787	0.855321	0.00396892	0.00593179	0.00897287	0.00384054	0.00362231	0.0127271	0.00905444	0.0147382	0.00563367	0.00815869	0.00394015	0.0131091	0.00426365	0.0123091	0.00890535	0.00884159	0.00120075	0.00688313
79	0.0251714	0.000978725	0.178454	0.430786	0.0043903	0.00330436	0.00228842	0.0152213	0.0453937	0.0177314	0.00332308	0.0183814	0.00335315	0.166031	0.0024408	0.0606363	0.0126772	0.00585405	0.000628736	0.00295512
80	0.0177431	0.00281934	0.00202184	0.00642049	0.0629563	0.00209309	0.00198293	0.33017	0.0238488	0.127462	0.0286615	0.00818027	0.001598	0.0398396	0.00437834	0.0269343	0.0384335	0.225547	0.00125378	0.0476558
81	0.0074937	0.000350478	0.603068	0.11113	0.00142561	0.0109507	0.00390882	0.00914125	0.0112523	0.00844567	0.000849731	0.16846	0.00364029	0.0243662	0.000615394	0.0203563	0.00148683	0.00485878	0.000159059	0.00804174
82	0.0246956	0.0053804	0.140869	0.0534566	0.00629208	0.0274402	0.012072	0.0170021	0.0562916	0.00704631	0.0071685	0.311388	0.00436727	0.0778694	0.0226477	0.157455	0.0445265	0.00482335	0.000156415	0.0190525
83	0.0221968	0.00616711	0.000570022	0.000723576	0.0349737	0.000523114	0.00312882	0.306371	0.00206004	0.307005	0.109608	0.00107538	0.00855435	0.00238103	0.000663189	0.00810232	0.0152115	0.145485	0.000160959	0.0250387
84	0.0294761	0.000407161	0.000622866	0.000944177	0.0195976	0.000583515	0.000669006	0.560398	0.00241072	0.05358	0.0272529	0.00323526	0.000709197	0.00289277	0.000674665	0.00468777	0.0180641	0.270853	0.000175897	0.00276555
85	0.01815	0.00515925	0.140456	0.0409453	0.00551818	0.0326298	0.00924543	0.0197867	0.0369759	0.00614936	0.00519772	0.363533	0.00397321	0.0613506	0.019407	0.162413	0.0423854	0.00439328	0.000141423	0.0221899
86	0.0239378	0.00492393	0.137839	0.041225	0.0164445	0.0337767	0.0138709	0.0159605	0.0575627	0.0182032	0.010689	0.293741	0.00546329	0.0702949	0.0319481	0.163454	0.0375549	0.00551331	0.000285088	0.0173119
87	0.0126786	0.00100119	0.010846	0.0240496	0.0220258	0.0033577	0.0805834	0.0197448	0.194555	0.0493514	0.0112488	0.194883	0.00248593	0.0731135	0.0834079	0.0590314	0.0433167	0.0139015	0.000498116	0.0999188
88	0.022762	0.00531615	0.000554241	0.00081196	0.0569713	0.000600553	0.00267843	0.31394	0.002447	0.285301	0.0915918	0.00110281	0.00722525	0.0036876	0.00100764	0.00848182	0.014636	0.147712	0.0011517	0.032021
89	0.00860729	0.0148731	0.0130967	0.0114894	0.0163236	0.0173172	0.00544918	0.0326254	0.513663	0.0177423	0.0143406	0.0218717	0.00164558	0.105341	0.145295	0.0160881	0.00722368	0.00615697	0.000446567	0.0304046
90	0.00520328	0.00955541	0.00243001	0.00365375	0.120427	0.00273547	0.00209661	0.170834	0.00658849	0.368048	0.125157	0.00824237	0.00131094	0.0214983	0.00141446	0.03286	0.0247719	0.058747	0.000165422	0.0342607
91	0.021498	0.0015727	0.00200926	0.0027704	0.0993899	0.00548751	0.0296805	0.0307867	0.138342	0.14787	0.00812396	0.0168958	0.0197368	0.136252	0.010426	0.0345739	0.0114282	0.00665581	0.00082902	0.275672
92	0.137454	0.000808187	0.0017806	0.00384208	0.0184895	0.00782955	0.00158459	0.146592	0.00358887	0.0432876	0.0672187	0.00721447	0.00365027	0.0174847	0.00152297	0.093372	0.26485	0.175874	0.000978391	0.00257756
93	0.0609505	0.00220655	0.011395	0.0183815	0.0328612	0.0101079	0.00498295	0.0141537	0.0664343	0.0248824	0.00574929	0.0299723	0.00604051	0.245499	0.00509085	0.30964	0.123631	0.0108764	0.00226456	0.0148801
94	0.0186057	0.00390029	0.0116675	0.0341501	0.0360537	0.0100468	0.01827	0.0267988	0.080607	0.0831649	0.0130418	0.0305425	0.00980621	0.42126	0.027764	0.0492511	0.02525	0.0188334	0.00127753	0.0797087
95	0.00193845	0.000511477	0.000574468	0.000998049	0.351317	0.000823252	0.00743644	0.0172075	0.0102261	0.0155101	0.00385257	0.00874456	0.00120246	0.00938931	0.00444141	0.0018988	0.00270744	0.00696857	0.000318979	0.553933
96	0.0202255	0.00470641	0.114375	0.0510116	0.0132277	0.0224104	0.0120387	0.025626	0.0627604	0.0181932	0.00847465	0.297704	0.00738854	0.110571	0.0220135	0.130397	0.0438388	0.0116808	0.000861177	0.022495
97	0.0355496	0.000398847	0.000654371	0.00103644	0.0205346	0.00125379	0.000663396	0.537642	0.00292849	0.0516084	0.0285279	0.00311964	0.000767785	0.00409635	0.000690815	0.00815006	0.0367194	0.261571	0.000195875	0.00389195
98	0.0458926	0.00139346	0.015965	0.0235434	0.0186781	0.0181133	0.00285281	0.0071616	0.0370631	0.0190243	0.00311031	0.0516181	0.0061886	0.128612	0.00283779	0.448032	0.142596	0.00783573	0.000845641	0.0186361
99	0.0414059	0.00164473	0.0180512	0.0248971	0.0167462	0.0131448	0.00340797	0.011861	0.0385027	0.0258535	0.00493966	0.0643626	0.00676637	0.102956	0.00374723	0.443025	0.149858	0.00873642	0.000444429	0.0196486
100	0.0042895	0.00186986	0.00538522	0.0326566	0.00653549	0.00621105	0.00196256	0.0472462	0.431981	0.0393045	0.0397762	0.0840439	0.00139776	0.168359	0.0430952	0.0391893	0.0300615	0.00424845	0.000406598	0.0119798
101	0.0253723	0.00199137	0.00340867	0.00452791	0.0756265	0.00249582	0.00323416	0.225863	0.0640307	0.0701531	0.20739	0.107361	0.0195297	0.0161015	0.0039231	0.0139945	0.0460667	0.102192	0.000807257	0.00593132
102	0.0247876	0.00099711	0.159441	0.42611	0.0044145	0.00173206	0.00333073	0.0141824	0.0516513	0.0144741	0.00254911	0.0178242	0.00224182	0.192115	0.00407724	0.0604017	0.0107417	0.00539267	0.000577541	0.00295801
103	0.043142	0.00158219	0.0258741	0.0545578	0.00866212	0.00200988	0.0182491	0.154747	0.0470409	0.0312252	0.0104193	0.0321599	0.0185981	0.0578611	0.00597871	0.110789	0.215801	0.139336	0.0156188	0.0063476
104	0.0217527	0.00715914	0.133272	0.0480924	0.00647015	0.0257205	0.0103942	0.0191344	0.0472719	0.00713754	0.00617158	0.304297	0.00563927	0.0714463	0.0274344	0.18456	0.0464313	0.00563394	0.000247392	0.0217341
105	0.00193743	0.000516979	0.000573609	0.000999268	0.35073	0.000823054	0.00738581	0.0171392	0.0102244	0.0155231	0.00386349	0.00872556	0.00120045	0.00942006	0.00440847	0.00189832	0.00267795	0.0069514	0.000318881	0.554682
106	0.0112471	0.00837333	0.0115615	0.0101044	0.0144229	0.0106957	0.0235106	0.0448078	0.315594	0.0182711	0.0438994	0.0238985	0.00338551	0.104347	0.264848	0.0175776	0.0106349	0.0077092	0.000904859	0.0542069
107	0.00277468	0.00124886	0.0279429	0.0397136	0.0181404	0.00621444	0.018904	0.012706	0.155312	0.0285236	0.00374397	0.0762302	0.0062053	0.205716	0.0137816	0.202806	0.135416	0.0191765	0.000276901	0.0251681
108	0.00770275	0.00205782	0.0108907	0.0262019	0.0114298	0.0113439	0.0175531	0.037562	0.37586	0.0383156	0.0262102	0.116016	0.00224021	0.117198	0.0791231	0.0503539	0.0288878	0.00550031	0.000402876	0.0351504
109	0.135275	0.000402794	0.000924656	0.00108395	0.0227792	0.0098497	0.000837547	0.178934	0.00185755	0.0503555	0.0657492	0.001959	0.00346102	0.0104912	0.000839627	0.0503181	0.245786	0.217413	0.000211416	0.00147152
110	0.0258003	0.00325813	0.0114851	0.0538056	0.0250565	0.00490497	0.0110174	0.167352	0.0440648	0.0848359	0.0210163	0.03901	0.00889919	0.206622	0.0122909	0.0546081	0.135948	0.0688972	0.00437581	0.0167522
111	0.00509206	0.00158168	0.00502588	0.0339037	0.00626483	0.00565434	0.0020339	0.0529082	0.406854	0.0427286	0.0414977	0.0897744	0.00152598	0.174144	0.0367375	0.0426243	0.0350415	0.00499663	0.000514901	0.0110957
112	0.0908947	0.00468411	0.00783158	0.017592	0.0465877	0.0107379	0.0531341	0.033556	0.0357065	0.153913	0.0181884	0.0227628	0.0122193	0.237869	0.0190625	0.0755146	0.0269246	0.0197175	0.00170119	0.111402
113	0.0105751	0.00133941	0.0182255	0.0279457	0.0114365	0.00164695	0.0157692	0.299628	0.0570526	0.057677	0.022717	0.0646635	0.00361337	0.0660895	0.0273404	0.037224	0.121315	0.134865	0.0027459	0.0181304
114	0.0820462	0.00296908	0.0118895	0.0143773	0.021629	0.009703	0.00580534	0.0936714	0.0264988	0.038215	0.0401149	0.0331177	0.0146647	0.0385764	0.00581446	0.169739	0.261186	0.118051	0.00239763	0.00953453
115	0.00275669	0.00125408	0.0279548	0.0397965	0.0180938	0.00621319	0.0189355	0.0126984	0.155382	0.0284791	0.00374653	0.0763149	0.00620743	0.205878	0.0137233	0.202519	0.135403	0.0192377	0.000276936	0.025129
116	0.0284302	0.000421509	0.000683519	0.00124401	0.0193895	0.000593954	0.00068655	0.548829	0.00390043	0.0537878	0.0255842	0.00343955	0.00067869	0.00482337	0.000745196	0.00524774	0.0194344	0.277734	0.000324601	0.00402117
117	0.00269393	0.00149602	0.0287283	0.041431	0.0182669	0.00625763	0.019662	0.0130419	0.154451	0.0288677	0.00372701	0.0778401	0.00749754	0.207092	0.014898	0.201155	0.128283	0.0197363	0.000292988	0.0245807
118	0.0228507	0.000362571	0.108244	0.15292	0.00191976	0.000641317	0.0155621	0.00228197	0.168944	0.0090909	0.00100333	0.0587242	0.00585028	0.358642	0.0293486	0.0579098	0.00274718	0.00147675	0.00022002	0.00126077
119	0.102544	0.0298552	0.0202078	0.0186552	0.0438549	0.319921	0.0191046	0.0543489	0.0405857	0.0505772	0.0155094	0.0416875	0.0114021	0.0478354	0.0205166	0.0702598	0.0355499	0.0339304	0.00253753	0.0211165
120	0.101944	0.00181695	0.00708189	0.00330053	0.190762	0.00260454	0.00254106	0.093678	0.00892319	0.327129	0.0315527	0.0129336	0.0639084	0.00711944	0.00236812	0.0558774	0.0137413	0.00559098	0.000747637	0.0663793
121	0.00171878	0.000880938	0.000592804	0.000764363	0.216616	0.000598352	0.00364245	0.378186	0.0037556	0.262315	0.0125683	0.00123581	0.000601633	0.00474141	0.00271257	0.00199163	0.00307779	0.0900435	0.00299829	0.0109586
122	0.0273548	0.00386428	0.000860124	0.00128022	0.225419	0.00503214	0.00215084	0.319422	0.00424953	0.204975	0.0146945	0.00196298	0.000853278	0.0112319	0.0024096	0.0140615	0.0167335	0.116385	0.0146599	0.0123992
123	0.0108782	0.00261873	0.00726022	0.0437448	0.0189436	0.0093286	0.016235	0.0208648	0.0561112	0.138225	0.0127619	0.0240051	0.00863184	0.529283	0.0273218	0.0318745	0.0137507	0.011721	0.000901394	0.0155385
124	0.0141174	0.00145909	0.0338356	0.0515025	0.0143536	0.0156843	0.0168352	0.0107427	0.100919	0.0224322	0.00363847	0.0947369	0.00463545	0.16398	0.00927715	0.270504	0.129368	0.0153961	0.000234423	0.0263479
125	0.00193743	0.000516979	0.000573609	0.000999268	0.35073	0.000823054	0.00738581	0.0171392	0.0102244	0.0155231	0.00386349	0.00872556	0.00120045	0.00942006	0.00440847	0.00189832	0.00267795	0.0069514	0.000318881	0.554682
126	0.0454698	0.000904708	0.0184955	0.0308796	0.0208101	0.0164965	0.00268576	0.00559003	0.0255096	0.0199336	0.00207093	0.0602554	0.00708075	0.0978145	0.00162732	0.478364	0.133978	0.00761937	0.00042408	0.0239899
127	0.131372	0.00357614	0.00856699	0.00992328	0.102211	0.0736464	0.00644058	0.0188614	0.0167877	0.0255647	0.0087403	0.0666728	0.00661935	0.033972	0.00636852	0.297013	0.0794102	0.0335303	0.00143119	0.0692927
128	0.107361	0.00295664	0.00907286	0.00510925	0.115102	0.00498101	0.00437954	0.120367	0.0143286	0.336435	0.0288261	0.0179365	0.0841903	0.0133961	0.004171	0.0401448	0.0210063	0.022328	0.00135897	0.0465486
129	0.0131226	0.00860498	0.00286302	0.00556671	0.127456	0.0123	0.00323878	0.182019	0.0119234	0.302457	0.0644367	0.0174432	0.00189911	0.0370346	0.00422749	0.048088	0.0211066	0.0884295	0.00175805	0.0460257
130	0.0420718	0.00171576	0.0250108	0.0290216	0.0168165	0.0157704	0.00274661	0.00740947	0.0285655	0.016959	0.00281477	0.0703022	0.0103412	0.089146	0.00444221	0.48144	0.124318	0.00830596	0.000385242	0.0224165
131	0.0119956	0.0215912	0.0204541	0.0339252	0.170294	0.0117715	0.0553913	0.0587414	0.0294056	0.0725538	0.0197391	0.0316034	0.00834796	0.0744292	0.0198517	0.0535799	0.0207911	0.0307377	0.023907	0.230889
132	0.0085043	0.0115954	0.0515405	0.0842782	0.0713601	0.0190808	0.023098	0.0541841	0.0658885	0.0733754	0.0211348	0.0557931	0.00894208	0.162425	0.0466913	0.0895786	0.0180603	0.051637	0.00998157	0.0728512
133	0.0221281	0.00595549	0.000562776	0.000726732	0.0325511	0.000531295	0.00303217	0.303063	0.00222112	0.312558	0.111125	0.00111565	0.00954363	0.00240656	0.000733909	0.00798582	0.0152139	0.14506	0.000144089	0.0233419
134	0.010407	0.000697326	0.543078	0.11921	0.00204372	0.0152809	0.00394717	0.00935307	0.0151004	0.015132	0.0026022	0.161444	0.0118751	0.033055	0.00169659	0.0328689	0.00850268	0.00557429	0.000252305	0.00788061
135	0.0212812	0.00507642	0.0346491	0.13434	0.0216941	0.0116879	0.0107524	0.0805224	0.0566536	0.0424032	0.0136106	0.170849	0.00882325	0.198083	0.0149982	0.0598947	0.0342868	0.0579809	0.00286671	0.0195471
136	0.0290835	0.00129275	0.00267523	0.0159002	0.0563322	0.00176641	0.00251587	0.187786	0.0434927	0.137554	0.0883151	0.0348118	0.00191567	0.107178	0.0177404	0.0743214	0.0596021	0.125353	0.00289897	0.00946462
137	0.0172735	0.00138571	0.00150711	0.00881115	0.02678	0.00136939	0.00135758	0.348244	0.0347931	0.062167	0.00317271	0.00427044	0.00124243	0.0423959	0.00144182	0.0136548	0.0442904	0.341432	0.000539557	0.0438715
138	0.0122698	0.00227568	0.052731	0.0755757	0.0131896	0.0144968	0.019982	0.021509	0.132377	0.0250787	0.00490984	0.125805	0.00416748	0.175179	0.0138459	0.172223	0.090034	0.0147507	0.000451397	0.0291485
139	0.0258777	0.000862476	0.00162994	0.00371374	0.0207206	0.00111462	0.00168813	0.493619	0.0111315	0.052353	0.0211986	0.0104195	0.0012446	0.0136807	0.00189245	0.00891169	0.0259132	0.293078	0.000315728	0.0106347
140	0.00745794	0.00138751	0.0430959	0.0537315	0.014985	0.00698348	0.0173265	0.01483	0.167976	0.0265269	0.00517851	0.0885936	0.0062063	0.214818	0.0204603	0.167889	0.105526	0.0150829	0.000287481	0.0216569
141	0.00193743	0.000516979	0.000573609	0.000999268	0.35073	0.000823054	0.00738581	0.0171392	0.0102244	0.0155231	0.00386349	0.00872556	0.00120045	0.00942006	0.00440847	0.00189832	0.00267795	0.0069514	0.000318881	0.554682
142	0.0758675	0.00264979	0.0142692	0.0361947	0.0236024	0.00328869	0.0326794	0.0458745	0.0204557	0.0492937	0.00448534	0.00674975	0.329405	0.101594	0.00472527	0.132269	0.0684095	0.0419876	0.00120395	0.00499518
143	0.0487492	0.00459925	0.0129402	0.00808759	0.00750563	0.00757991	0.0024903	0.0670631	0.020885	0.0270828	0.0402768	0.0776046	0.00916837	0.0151681	0.00856153	0.392874	0.212389	0.0305403	0.000927088	0.0055078
144	0.00723295	0.00559756	0.0011731	0.00148047	0.191996	0.00167746	0.00253098	0.293354	0.0072786	0.273805	0.0273806	0.00536493	0.00155547	0.0173956	0.00425838	0.0102523	0.00783689	0.0845817	0.00169766	0.0535502
145	0.132877	0.00159457	0.00453981	0.00765129	0.0193698	0.00773758	0.00490921	0.122613	0.00874814	0.0570031	0.0418676	0.00694983	0.0554462	0.0190155	0.00355905	0.0512931	0.291112	0.156593	0.00151783	0.0056026
146	0.0397221	0.00102716	0.132559	0.312517	0.0044844	0.00179833	0.00622483	0.0117726	0.0624171	0.0142986	0.00311821	0.0228924	0.00561403	0.25611	0.00790329	0.085481	0.0193092	0.00874434	0.000637422	0.00336846
147	0.0296579	0.000332328	0.000618724	0.000918056	0.0192984	0.000584487	0.000648775	0.563195	0.00238571	0.0508315	0.0264157	0.00328109	0.000659187	0.00281203	0.000683933	0.00478172	0.018323	0.271846	0.000177558	0.00254946
148	0.00471182	0.00554565	0.00503967	0.0035646	0.18067	0.00309261	0.00134339	0.0380372	0.00994717	0.610217	0.0759171	0.00312593	0.00130341	0.00793771	0.00166784	0.0129847	0.00574538	0.0212259	0.000321219	0.00760158
149	0.527039	0.00302471	0.00497085	0.00639347	0.00753676	0.0250714	0.00250714	0.028703	0.019674	0.0224121	0.00733122	0.0205831	0.0133407	0.0154251	0.00829606	0.179028	0.0612182	0.0417812	0.000895945	0.00476825
150	0.0135786	0.00272651	0.00517627	0.0219796	0.109927	0.00307611	0.00489041	0.192004	0.0188427	0.180113	0.10253	0.0158595	0.00267081	0.157701	0.00794294	0.04765	0.0229091	0.0730145	0.00176988	0.0156385
151	0.164148	0.0698284	0.00654211	0.00771817	0.0721729	0.189727	0.0646148	0.0958387	0.0248778	0.0648689	0.00846189	0.011974	0.00649891	0.0202383	0.00858699	0.0582384	0.0131504	0.0982452	0.0028042	0.0114647
152	0.0188628	0.00548848	0.107414	0.0314176	0.0114742	0.0244643	0.0160981	0.0230868	0.0482722	0.0190806	0.00831822	0.317713	0.00570517	0.0564353	0.0228665	0.160122	0.0381027	0.00910269	0.00118306	0.0747915
153	0.0355423	0.00379536	0.0345495	0.0152942	0.0144746	0.0685534	0.00364832	0.017897	0.0251721	0.0116212	0.00703988	0.105744	0.0102585	0.0336919	0.00867493	0.405299	0.167382	0.0185434	0.000678365	0.0121394
154	0.135236	0.000402794	0.000945806	0.00108335	0.0228427	0.00984437	0.00083271	0.179148	0.00186671	0.0504246	0.0656074	0.00195989	0.0034604	0.010462	0.000834068	0.0501469	0.245601	0.217609	0.000211416	0.00148123
155	0.0732346	0.00931575	0.00131474	0.00154543	0.225396	0.0160156	0.00133191	0.203428	0.0027948	0.259124	0.0224964	0.00297743	0.00226601	0.00876482	0.00110981	0.0375181	0.0286979	0.0841335	0.0140339	0.00450101
156	0.141693	0.00233787	0.00697543	0.00777796	0.0377948	0.0372534	0.00274676	0.017742	0.0108216	0.0114578	0.00855946	0.0959631	0.00753896	0.0304992	0.00407891	0.364503	0.125635	0.0687163	0.000891696	0.0170133
157	0.0706446	0.00953815	0.000741253	0.00127999	0.210166	0.0139723	0.00106419	0.214661	0.00261649	0.248165	0.0247009	0.00203103	0.000907411	0.0100278	0.00116638	0.0344975	0.0297042	0.103146	0.0158591	0.00511202
158	0.00765962	0.00704345	0.00334778	0.00237789	0.119133	0.0015915	0.00122693	0.0951196	0.0101477	0.514545	0.112106	0.00516903	0.000808906	0.0135807	0.00200665	0.0329865	0.0159799	0.0383431	0.000430947	0.0163949
159	0.0212266	0.00606068	0.000624654	0.000755225	0.0335401	0.000567463	0.00305345	0.300473	0.00278797	0.314505	0.112363	0.00129934	0.00894437	0.00286177	0.000777725	0.00832609	0.0153028	0.143468	0.000137865	0.0229253
160	0.0746286	0.0104007	0.000799035	0.00125101	0.215268	0.0156209	0.00104533	0.202979	0.00225726	0.258188	0.0242649	0.00205249	0.000876117	0.00865737	0.000969292	0.0374831	0.0316996	0.0937258	0.0159765	0.00185697
161	0.0746286	0.0104007	0.000799035	0.00125101	0.215268	0.0156209	0.00104533	0.202979	0.00225726	0.258188	0.0242649	0.00205249	0.000876117	0.00865737	0.000969292	0.0374831	0.0316996	0.0937258	0.0159765	0.00185697
162	0.0456749	0.0489962	0.0135794	0.0148779	0.0289596	0.167616	0.0137345	0.0704143	0.246633	0.0307125	0.0132793	0.0250304	0.00765685	0.0604354	0.116021	0.0336174	0.0162026	0.0197394	0.00223088	0.0245884
163	0.0384621	0.0018495	0.00221192	0.00298511	0.199599	0.00200676	0.00221396	0.286544	0.0167039	0.0809408	0.0049724	0.00642807	0.00173698	0.0245588	0.00813488	0.0320313	0.00743755	0.140345	0.00116937	0.139669
164	0.00125818	0.000878162	0.00059195	0.000754847	0.212995	0.000563115	0.00367765	0.376349	0.00386988	0.273494	0.0125251	0.00121551	0.000596485	0.00425384	0.00275116	0.00197774	0.00266613	0.0863258	0.00252755	0.0107299
165	0.365167	0.0627841	0.00372158	0.00561003	0.0460499	0.218956	0.0205001	0.053706	0.0324532	0.0465298	0.00509822	0.00813189	0.00600334	0.0126898	0.00764303	0.0548821	0.0112852	0.0310755	0.00130845	0.00640534
166	0.0103217	0.0105721	0.0163939	0.0116237	0.0132363	0.0133156	0.00599176	0.0371931	0.500343	0.0157517	0.0156098	0.0260816	0.00190611	0.0883378	0.176801	0.0189923	0.00750737	0.00505614	0.000490249	0.0244749
167	0.02662	0.00299975	0.0033784	0.00601858	0.135053	0.0134213	0.0261082	0.0428247	0.0553843	0.133216	0.0435986	0.0311895	0.00700175	0.0958015	0.0395355	0.0558554	0.0325592	0.0265928	0.00182272	0.221018
168	0.0250277	0.00226805	0.00182055	0.0136506	0.0634514	0.00171877	0.00172569	0.190127	0.0431439	0.210376	0.0961787	0.0197648	0.00157932	0.0859208	0.0168275	0.0643957	0.0415124	0.10686	0.00118679	0.0124639
169	0.0179774	0.00606711	0.000970227	0.00125604	0.0457078	0.00074669	0.00270293	0.284891	0.00450261	0.324495	0.114197	0.00241433	0.00713202	0.00666104	0.00138446	0.0122578	0.0166515	0.125924	0.000202978	0.0238573
170	0.00817011	0.00395781	0.0213991	0.0531077	0.0299405	0.0096866	0.0125266	0.0542099	0.314347	0.0523171	0.0150985	0.0939001	0.00218334	0.107528	0.130462	0.0320736	0.0152257	0.00853325	0.00101403	0.0343185
171	0.0228507	0.000362571	0.108244	0.15292	0.00191976	0.000641317	0.0155621	0.00228197	0.168944	0.0090909	0.00100333	0.0587242	0.00585028	0.358642	0.0293486	0.0579098	0.00274718	0.00147675	0.00022002	0.00126077
172	0.0074937	0.000350478	0.603068	0.11113	0.00142561	0.0109507	0.00390882	0.00914125	0.0112523	0.00844567	0.000849731	0.16846	0.00364029	0.0243662	0.000615394	0.0203563	0.00148683	0.00485878	0.000159059	0.00804174
173	0.0106604	0.00495755	0.000993721	0.00114606	0.11322	0.000921893	0.00323937	0.31314	0.00374887	0.31206	0.0775725	0.00243922	0.00398389	0.00638606	0.00158853	0.0100842	0.0112882	0.102613	0.00079347	0.0191636
174	0.00708955	0.0180146	0.00183454	0.00416043	0.292147	0.00435938	0.00291572	0.101634	0.0105303	0.246236	0.0462203	0.0148376	0.00166028	0.0407135	0.00660832	0.0277765	0.0199268	0.0514856	0.000640338	0.10121
175	0.00434412	0.00995161	0.00274068	0.00432882	0.124332	0.00310644	0.00217129	0.158732	0.00902495	0.361669	0.125308	0.00982898	0.000779399	0.0272485	0.00212291	0.0371359	0.0259169	0.0562352	0.00016379	0.0348593
176	0.0219465	0.00593816	0.000598054	0.000823764	0.0382256	0.000742201	0.00298966	0.307064	0.00237158	0.307976	0.105832	0.00129241	0.00799705	0.00295896	0.000760356	0.00911098	0.0163082	0.14156	0.000406483	0.0250978
177	0.0771354	0.00271029	0.0252702	0.0055573	0.137409	0.00409747	0.00367859	0.141222	0.0285168	0.301498	0.0140536	0.048149	0.0441158	0.0123911	0.00405854	0.0255465	0.0472945	0.00903687	0.000992845	0.0672661
178	0.00493469	0.00736144	0.00402158	0.00238337	0.129198	0.00161666	0.00139522	0.0896651	0.0114807	0.535007	0.105254	0.00483229	0.000738844	0.0117874	0.00167157	0.0248756	0.0131859	0.0342767	0.000191327	0.0161226
179	0.00585578	0.00134741	0.018053	0.0576488	0.0148034	0.0128843	0.0118472	0.0119967	0.214387	0.0402502	0.00752126	0.0543269	0.0065164	0.431721	0.0553874	0.0364779	0.00750713	0.00427368	0.000219014	0.00697611
180	0.0193442	0.0063348	0.135463	0.050904	0.0057249	0.0285575	0.0105162	0.0188475	0.0435596	0.00631989	0.00584689	0.329571	0.00420088	0.0733043	0.0223228	0.166611	0.0479832	0.00482577	0.000116662	0.0196467
181	0.00386566	0.00654196	0.00876821	0.0129527	0.15055	0.00348639	0.00793888	0.19167	0.0067866	0.27322	0.130329	0.0149495	0.00124217	0.053693	0.00239499	0.0258491	0.0155528	0.053568	0.000338813	0.0363025
182	0.00318994	0.000573675	0.00067299	0.00106486	0.356542	0.000873728	0.00991235	0.0208538	0.0113187	0.0146279	0.00363327	0.010457	0.00208844	0.00899785	0.00461001	0.00218439	0.00416052	0.00769084	0.000355757	0.536192
183	0.0098752	0.0136034	0.0178945	0.0363186	0.0350739	0.0072506	0.030024	0.0315217	0.098135	0.0653244	0.00713316	0.0339071	0.0401943	0.252944	0.0413724	0.152896	0.0713833	0.0308885	0.00239456	0.0218653
184	0.0198759	0.00648804	0.131651	0.058402	0.0064734	0.0272704	0.0129506	0.0188926	0.04803	0.00779554	0.00685834	0.303889	0.0040821	0.0830526	0.0219556	0.165478	0.0498781	0.00627814	0.000325489	0.0203723
185	0.0102111	0.00541803	0.00221177	0.0039181	0.0709807	0.00164624	0.00173067	0.17628	0.0293005	0.318285	0.15441	0.0103304	0.00274717	0.0299482	0.0068871	0.0361655	0.0377904	0.0791399	0.000199907	0.0223988
186	0.0074937	0.000350478	0.603068	0.11113	0.00142561	0.0109507	0.00390882	0.00914125	0.0112523	0.00844567	0.000849731	0.16846	0.00364029	0.0243662	0.000615394	0.0203563	0.00148683	0.00485878	0.000159059	0.00804174
187	0.0265518	0.00398727	0.00220549	0.00350202	0.183559	0.00219243	0.00254586	0.276944	0.0236836	0.103357	0.00660526	0.00832267	0.00175004	0.033583	0.00956176	0.0235112	0.0113092	0.137761	0.00160714	0.137461
188	0.013553	0.0207554	0.0020736	0.00505338	0.244989	0.00523081	0.00925523	0.0818907	0.0184747	0.185117	0.033616	0.0281122	0.00147805	0.0558207	0.0160432	0.0366161	0.024521	0.0516525	0.00208734	0.16366
189	0.023164	0.00036937	0.108416	0.15389	0.00194776	0.000647509	0.015509	0.00232713	0.168579	0.00929329	0.000995301	0.058757	0.0058695	0.357136	0.0289948	0.0582575	0.0027971	0.0015235	0.000210863	0.0013148
190	0.00133188	0.000982304	0.000592475	0.00075548	0.212756	0.000563085	0.00380182	0.375594	0.00397307	0.273358	0.0130867	0.00125273	0.000594445	0.00429266	0.0028117	0.00202745	0.0027055	0.0865266	0.00253933	0.0104546
191	0.0116722	0.00711876	0.00107674	0.00153774	0.307148	0.00114937	0.0036996	0.110643	0.0151763	0.105525	0.00558151	0.0102292	0.000962768	0.0391053	0.0151938	0.00959219	0.00603228	0.0547314	0.000436372	0.293389
