220	20
1	0.0596909	0.0152189	0.0294009	0.0871909	0.0199844	0.0087999	0.0746112	0.0555021	0.0816038	0.093896	0.0338664	0.0153211	0.00144962	0.0881827	0.100099	0.0594634	0.0395847	0.11042	0.00109601	0.0246176
2	0.093193	0.0538182	0.0132014	0.00757135	0.00428998	0.0118882	0.00837182	0.00663094	0.0178704	0.0135498	0.00425058	0.0111806	0.00301031	0.0191138	0.0116077	0.440818	0.259459	0.013019	0.00193696	0.00521894
3	0.0156896	0.00828847	0.000506132	0.000760815	0.0425804	0.00249113	0.00695977	0.397847	0.000587492	0.298483	0.0150638	0.000471306	0.000305826	0.000873162	0.00460871	0.0028054	0.011427	0.172141	0.00428642	0.0138241
4	0.0963556	0.00716274	0.0398628	0.040788	0.0244474	0.0848144	0.0390634	0.0639461	0.073153	0.153324	0.0181036	0.0439001	0.00434495	0.076168	0.117401	0.0194667	0.0341028	0.0506073	0.00190191	0.0110858
5	0.104138	0.00241779	0.292994	0.195828	0.00258257	0.0294768	0.018777	0.00758343	0.0290052	0.00705593	0.00564793	0.0645385	0.0196612	0.0920648	0.0350868	0.0454391	0.0340195	0.0108413	0.00125893	0.0015832
6	0.0151124	0.0284435	0.00144409	0.0121604	0.328473	0.00145228	0.0309032	0.0375496	0.00180476	0.116393	0.0198578	0.00156392	0.00576002	0.0233002	0.0286752	0.00733823	0.00271797	0.0159787	0.134294	0.186778
7	0.0156896	0.00828847	0.000506132	0.000760815	0.0425804	0.00249113	0.00695977	0.397847	0.000587492	0.298483	0.0150638	0.000471306	0.000305826	0.000873162	0.00460871	0.0028054	0.011427	0.172141	0.00428642	0.0138241
8	0.14591	0.00317244	0.146781	0.201448	0.00344959	0.034094	0.0242434	0.0115931	0.0351011	0.0141866	0.00701307	0.0506471	0.0264736	0.080523	0.059323	0.0651785	0.064304	0.0221203	0.000493267	0.00394521
9	0.0190449	0.0208013	0.00213798	0.0192272	0.293695	0.00211704	0.0430367	0.0440035	0.00256597	0.104832	0.0183188	0.00195438	0.00674337	0.0357292	0.0393766	0.0121659	0.00381824	0.0165871	0.135716	0.178129
10	0.34461	0.030327	0.00348411	0.00520443	0.00314129	0.214273	0.00596197	0.0134539	0.00976702	0.0134784	0.0151626	0.00366915	0.00207608	0.0193051	0.00751304	0.161617	0.127771	0.0148697	0.000876954	0.00343693
11	0.176836	0.00882516	0.016813	0.04375	0.0263276	0.00396194	0.0209523	0.0803321	0.00458016	0.131295	0.0320682	0.00903194	0.00391404	0.0134223	0.0208888	0.048105	0.123605	0.21011	0.00149801	0.0236832
12	0.106824	0.0203774	0.0247991	0.0191416	0.00309536	0.0127399	0.0263233	0.00453334	0.0501292	0.0106776	0.00356456	0.026281	0.002143	0.0681314	0.0223095	0.209277	0.363194	0.0189344	0.00140238	0.00612192
13	0.0629791	0.0233044	0.0131862	0.0689781	0.00462593	0.00543221	0.0163167	0.0332243	0.090546	0.0480158	0.0162054	0.0163424	0.00764368	0.164069	0.341348	0.0163569	0.0314295	0.0232847	0.00112212	0.0155897
14	0.0436561	0.013288	0.0029395	0.00267955	0.0556898	0.00735575	0.0174638	0.0638076	0.00651278	0.532389	0.123769	0.00359412	0.00264071	0.0196571	0.00569778	0.0119992	0.00813756	0.049657	0.00725821	0.0218073
15	0.12737	0.00438532	0.0196308	0.0888541	0.0246452	0.00656307	0.051807	0.0416407	0.0216357	0.017448	0.00255562	0.119943	0.00278579	0.100216	0.0535496	0.0845654	0.17142	0.0190105	0.00143638	0.0405378
16	0.168313	0.00224401	0.137715	0.244145	0.00188693	0.0301104	0.0164869	0.00861072	0.0343006	0.00903177	0.00311604	0.0449463	0.0324398	0.112126	0.0574822	0.0553958	0.0303774	0.0103454	0.000250816	0.000676328
17	0.363871	0.00550621	0.0344944	0.12539	0.0053685	0.0641661	0.0273378	0.0077609	0.0119225	0.0129355	0.00502103	0.0526525	0.00723052	0.0404622	0.0143176	0.121056	0.0629667	0.0129627	0.00183186	0.0227468
18	0.0257126	0.00548232	0.23101	0.175219	0.0022578	0.132941	0.0370179	0.00179749	0.0489832	0.00229594	0.0016367	0.154602	0.0159319	0.0886603	0.0434757	0.0115922	0.0125273	0.00382716	0.00196445	0.00306448
19	0.00796687	0.00685339	0.0012958	0.000847687	0.0222772	0.00307819	0.00133668	0.10464	0.00224531	0.655818	0.0473843	0.000734589	0.00203257	0.00388609	0.00127437	0.00110906	0.00185393	0.132197	0.0004213	0.00274758
20	0.0806073	0.00389497	0.051616	0.00540491	0.363853	0.00408981	0.0709791	0.0239308	0.00554565	0.00843464	0.00324224	0.00522662	0.00253751	0.009387	0.00727791	0.10166	0.0475109	0.0957738	0.017486	0.0915413
21	0.00723709	0.0271353	0.00151996	0.00387282	0.422391	0.00181539	0.00801616	0.00800781	0.00209214	0.0760237	0.0111276	0.00166586	0.00490155	0.00586584	0.0135863	0.00367976	0.00274004	0.0123874	0.0578425	0.328092
22	0.214352	0.0126911	0.092492	0.0906417	0.00802096	0.204287	0.019612	0.0127759	0.0180729	0.020855	0.00706752	0.0347317	0.0165179	0.0369964	0.0227748	0.103047	0.0536432	0.0185156	0.00344894	0.00945647
23	0.0395266	0.0129577	0.0385651	0.0513352	0.0143408	0.0216219	0.223318	0.0148673	0.0220624	0.0314845	0.0103044	0.0717551	0.00930156	0.282577	0.0521244	0.0287331	0.0297382	0.0229535	0.00617977	0.0162537
24	0.128509	0.0225686	0.0293812	0.0348385	0.0135966	0.278475	0.0232006	0.0204739	0.0178973	0.0326797	0.0133719	0.0304468	0.0108434	0.0277193	0.0233875	0.149663	0.0549135	0.0684489	0.00527602	0.01431
25	0.102832	0.0526402	0.00925932	0.0159122	0.00742909	0.00772233	0.0367223	0.0100488	0.0131821	0.0568488	0.00476579	0.0808836	0.00374737	0.0696731	0.013625	0.0978069	0.320765	0.0391939	0.00299736	0.0539459
26	0.120009	0.00128666	0.189441	0.159477	0.00196927	0.0431508	0.0303169	0.0068903	0.0255407	0.0114141	0.00559068	0.0726464	0.020353	0.0583542	0.0324492	0.0924059	0.102515	0.0227611	0.000804539	0.0026242
27	0.0455081	0.00206195	0.276311	0.0620976	0.00155328	0.0382043	0.0604778	0.00460001	0.00761462	0.0125579	0.00351583	0.152607	0.0141895	0.057216	0.0103863	0.126897	0.106892	0.0127574	0.00278685	0.00176581
28	0.329607	0.005042	0.00578896	0.0510962	0.0271702	0.00562864	0.00919144	0.0291904	0.00632884	0.0117796	0.00447236	0.00736944	0.302598	0.00974575	0.00943695	0.0175848	0.0651569	0.0305359	0.00285304	0.069424
29	0.0185839	0.0200332	0.00237687	0.0214036	0.275136	0.00233357	0.0466427	0.0585619	0.00275054	0.112312	0.0177801	0.00249275	0.0065374	0.0401889	0.0428375	0.0113143	0.00411029	0.0201724	0.144017	0.150415
30	0.0775476	0.00576959	0.271714	0.0585279	0.00600072	0.0616926	0.0431073	0.00708507	0.0178069	0.0120401	0.00490386	0.154627	0.0197225	0.0404051	0.0174158	0.101331	0.0565408	0.0133052	0.0204957	0.00996082
31	0.0443777	0.0030766	0.363885	0.184714	0.0055807	0.0285319	0.0308485	0.00532927	0.0275198	0.00555891	0.00502087	0.101932	0.0135367	0.0705664	0.0262955	0.0367294	0.0280048	0.0113013	0.00424641	0.0029442
32	0.850439	0.0120198	0.000930475	0.00157463	0.000981109	0.034606	0.00171324	0.0105267	0.00132013	0.00932478	0.00843619	0.00114769	0.0044306	0.00225997	0.00169987	0.0282465	0.0186491	0.00896844	0.00180759	0.000917797
33	0.138258	0.00949604	0.0190566	0.0396194	0.0153418	0.00294748	0.0305956	0.0918834	0.00363764	0.147939	0.0186501	0.00608519	0.00221204	0.0191065	0.0392925	0.0686298	0.0792771	0.255126	0.00125662	0.0115894
34	0.181879	0.0336018	0.00626072	0.0095005	0.0354335	0.00679245	0.0931659	0.00900798	0.00806717	0.0636814	0.00541811	0.00671547	0.00416651	0.164971	0.0105241	0.0508808	0.0359507	0.0372579	0.14424	0.0924848
35	0.00938185	0.00684986	0.00162533	0.000761555	0.0244693	0.00223611	0.00142521	0.109024	0.00217597	0.666816	0.0706867	0.00062993	0.00210399	0.00575399	0.00122538	0.0012757	0.00183342	0.0864936	0.000597114	0.00463447
36	0.0482393	0.00495686	0.00105057	0.00167992	0.0119107	0.00119188	0.00277002	0.214481	0.00127199	0.0976939	0.00530843	0.00113013	0.00065917	0.00171008	0.00184739	0.00635266	0.0416684	0.552767	0.00079927	0.00251211
37	0.0743928	0.0723091	0.00647878	0.00774386	0.102759	0.0279403	0.014545	0.0234088	0.00691984	0.261925	0.179262	0.00459982	0.0028387	0.0329584	0.0112294	0.0562234	0.03644	0.047063	0.00380835	0.027154
38	0.0826083	0.00376754	0.0308887	0.0253122	0.0366482	0.0757463	0.225607	0.00717198	0.050464	0.0107076	0.00321594	0.0250646	0.0259655	0.0867319	0.0635085	0.134426	0.023968	0.0120632	0.0415324	0.0346026
39	0.275413	0.0241909	0.00476429	0.0057394	0.00237676	0.0801292	0.0168845	0.00658967	0.0368023	0.0178988	0.0159793	0.00575229	0.00175092	0.0372838	0.0202347	0.178183	0.227318	0.0384861	0.00112405	0.00309868
40	0.0149311	0.00634986	0.00157073	0.00112397	0.0205743	0.00289756	0.00439239	0.0915771	0.00486544	0.663235	0.0624038	0.00107841	0.00187408	0.00651729	0.00230966	0.00186122	0.00223286	0.103788	0.00170106	0.00471588
41	0.058432	0.00276985	0.0676194	0.00703622	0.0318829	0.0414579	0.192675	0.0103602	0.0797648	0.0181604	0.00265887	0.124472	0.00452894	0.0599521	0.0454321	0.104362	0.00781045	0.0276624	0.0192108	0.0937522
42	0.037714	0.0109996	0.00681417	0.0103681	0.0276092	0.00832148	0.0248963	0.0672901	0.0142526	0.508361	0.0853656	0.00635182	0.008248	0.04325	0.0166861	0.0107448	0.0102927	0.0782304	0.00751077	0.016693
43	0.133791	0.00100761	0.172985	0.195451	0.00135193	0.0428888	0.0258288	0.00752851	0.0332122	0.00819577	0.00538505	0.0630623	0.0282644	0.0601427	0.0425427	0.0852951	0.0727288	0.0188965	0.000366134	0.00107573
44	0.0392283	0.00284029	0.00279309	0.0249204	0.0508328	0.00374456	0.0764272	0.0601656	0.00496066	0.337556	0.0319277	0.00280724	0.175156	0.0314207	0.00703771	0.00561094	0.0202357	0.073183	0.0282796	0.0208721
45	0.0441682	0.00237035	0.28505	0.0425372	0.00174475	0.0390173	0.0666986	0.00454348	0.00421787	0.0130587	0.00179329	0.159939	0.0140963	0.0516645	0.00799191	0.13586	0.108393	0.01169	0.00329214	0.00187346
46	0.385224	0.0924685	0.00561126	0.0200904	0.00394128	0.0106104	0.00739164	0.00639945	0.0227139	0.0232109	0.0041534	0.00517335	0.00245426	0.0424592	0.0356071	0.231848	0.0862899	0.00908583	0.00144655	0.00382091
47	0.0388991	0.0311526	0.00463805	0.032388	0.00259072	0.00329933	0.0361812	0.0138454	0.201466	0.0244033	0.0151918	0.0396852	0.0383775	0.102774	0.297042	0.0369372	0.0374944	0.0374429	0.0019865	0.00420428
48	0.00905242	0.00686454	0.00115519	0.000980504	0.0232127	0.00307776	0.00176771	0.129816	0.00312708	0.610469	0.0441546	0.000720855	0.00183286	0.00370257	0.00177178	0.00125193	0.00355674	0.149417	0.000662301	0.00340647
49	0.0534907	0.00352076	0.00336569	0.0193607	0.00332172	0.0175161	0.0052138	0.0475197	0.00419616	0.247717	0.003066	0.00337436	0.0477641	0.00585112	0.00555841	0.0844446	0.374237	0.0641139	0.00292033	0.00344731
50	0.167504	0.0322911	0.0134306	0.0241597	0.0308254	0.00354078	0.0121285	0.0811272	0.00205917	0.27492	0.0946905	0.00386376	0.00115963	0.0148196	0.0214258	0.0390743	0.0454258	0.124653	0.00504795	0.00785344
51	0.157097	0.00109436	0.165204	0.212609	0.00126796	0.0386508	0.022593	0.00898132	0.0347788	0.00758288	0.0061549	0.0566964	0.023259	0.071433	0.0453265	0.0723734	0.057467	0.0162838	0.000290292	0.0008572
52	0.0524836	0.00244049	0.00319576	0.0051022	0.0277127	0.00925156	0.0588069	0.0697409	0.0182403	0.471204	0.069258	0.0103495	0.00672704	0.0320081	0.0248054	0.0046151	0.00416147	0.0716886	0.0239561	0.0342526
53	0.0156874	0.00832509	0.000510111	0.000755914	0.0429463	0.00247738	0.00693548	0.398435	0.000607228	0.298638	0.0150586	0.000481695	0.000307234	0.000873948	0.00460659	0.00278986	0.0114749	0.171064	0.0042602	0.013765
54	0.0913196	0.0145274	0.0621548	0.142747	0.0169685	0.0142238	0.0457346	0.0426941	0.0767463	0.0859231	0.0279732	0.0290391	0.00324734	0.0920971	0.105863	0.0328848	0.0267276	0.0626871	0.00070083	0.0257407
55	0.033584	0.0122764	0.00587562	0.0676299	0.00146523	0.0015884	0.0131294	0.0224258	0.1248	0.0255141	0.00461948	0.00751781	0.0130851	0.221325	0.366788	0.0170346	0.0384496	0.0160745	0.00264749	0.00416975
56	0.0611186	0.0137266	0.0366222	0.0593728	0.0125534	0.0175329	0.059246	0.0239076	0.0701003	0.0384337	0.0102312	0.027441	0.0201578	0.111096	0.317467	0.0386614	0.0326708	0.0263736	0.0060896	0.0171979
57	0.053053	0.0169629	0.00201187	0.0100044	0.00172773	0.00175135	0.0027406	0.602009	0.00279652	0.0242601	0.0030835	0.00192904	0.00114857	0.0030877	0.00331337	0.0141443	0.0183258	0.235239	0.000681577	0.00172974
58	0.0222276	0.00279643	0.157837	0.247496	0.00158108	0.0143218	0.0439985	0.00255322	0.0411743	0.0268905	0.0306289	0.0379784	0.000966845	0.182073	0.0275718	0.0551894	0.0882381	0.013758	0.000659334	0.00205865
59	0.0247894	0.004561	0.00983288	0.0231676	0.0268964	0.0224956	0.267181	0.00812227	0.0340063	0.0455972	0.00398853	0.0190942	0.00415017	0.118564	0.312603	0.0221097	0.0213244	0.0108652	0.00507911	0.0155719
60	0.00900225	0.0105562	0.00294283	0.0175048	0.00319078	0.00330629	0.00456971	0.210717	0.157345	0.124907	0.0275409	0.0108102	0.00192529	0.0504738	0.0339257	0.0063733	0.0318997	0.289208	0.0011805	0.00262014
61	0.16147	0.00995755	0.0320908	0.0442798	0.0175844	0.0228439	0.0210305	0.0182929	0.0184318	0.0437412	0.00785703	0.0244882	0.378299	0.0256338	0.023806	0.054355	0.038817	0.0267188	0.00949606	0.0208062
62	0.156865	0.00426334	0.00348433	0.0086552	0.00510687	0.00389625	0.0117502	0.122958	0.00330592	0.25089	0.0105047	0.0028648	0.00892736	0.00593337	0.00701251	0.0156821	0.181926	0.190598	0.00129539	0.00407949
63	0.236576	0.00777584	0.00827496	0.0150137	0.00597348	0.0248418	0.0145177	0.00797739	0.0147157	0.0160031	0.00356003	0.0219407	0.474866	0.0067787	0.0149912	0.0710513	0.0255009	0.013271	0.00624756	0.010123
64	0.046761	0.0223168	0.0131131	0.0184093	0.23569	0.0153027	0.0395395	0.0232477	0.0140697	0.0783743	0.0173761	0.0183284	0.0154285	0.0297879	0.0312416	0.0277256	0.0240151	0.0303483	0.0478157	0.251109
65	0.0202475	0.00934171	0.000738801	0.00192598	0.036734	0.00243294	0.00625482	0.444517	0.000925113	0.257221	0.0133505	0.000689859	0.000439509	0.00147017	0.00436452	0.004571	0.0121036	0.167183	0.0036881	0.0118019
66	0.0414372	0.00597984	0.00109828	0.00212435	0.0263283	0.00288475	0.0089206	0.293707	0.00129715	0.317471	0.0128189	0.00120585	0.00531576	0.002075	0.00387087	0.00589849	0.0958053	0.160288	0.00278933	0.00868479
67	0.0145237	0.00395055	0.00700408	0.0285579	0.0064987	0.16152	0.20676	0.00612331	0.0699337	0.0195267	0.00393444	0.162688	0.00314098	0.0807732	0.18692	0.0103325	0.0110816	0.00870297	0.00192733	0.00610061
68	0.0291458	0.0115726	0.0154925	0.108909	0.00215692	0.00255256	0.0199701	0.0234009	0.124495	0.0281183	0.00419087	0.00671116	0.0130549	0.232128	0.285386	0.0292975	0.040526	0.0171231	0.00289132	0.00287807
69	0.820535	0.0128111	0.0012187	0.00174182	0.00135843	0.0466757	0.00188298	0.0122822	0.00155306	0.0114079	0.00955075	0.00116082	0.00466285	0.00285047	0.00188089	0.0328447	0.0223431	0.0101655	0.00191922	0.00115482
70	0.0181714	0.0210902	0.00334628	0.0153832	0.267405	0.00302587	0.0429936	0.034573	0.00347726	0.0931658	0.0263637	0.00353908	0.00932065	0.0268834	0.050656	0.0110224	0.00542521	0.0161638	0.137609	0.210386
71	0.0306516	0.0206286	0.00391084	0.012697	0.182019	0.00619155	0.0369065	0.0587017	0.00651498	0.262133	0.0735055	0.00435122	0.0069587	0.0365	0.0232529	0.01406	0.00956851	0.0329572	0.075236	0.103256
72	0.178089	0.180652	0.006761	0.00842906	0.0415431	0.0422334	0.037665	0.0106299	0.0320615	0.050099	0.141302	0.00571784	0.00389594	0.0631851	0.062145	0.0156824	0.0146353	0.0945566	0.00323067	0.00748488
73	0.036656	0.0047239	0.237503	0.178669	0.00229234	0.120622	0.0352193	0.00266142	0.0455214	0.00285842	0.00213163	0.143548	0.0162466	0.0853411	0.0413209	0.0179866	0.0167336	0.0051199	0.00208068	0.00276472
74	0.0455112	0.00263835	0.00197283	0.0046056	0.0359183	0.00897636	0.0709469	0.0651982	0.0170129	0.476011	0.0680978	0.00776764	0.0169094	0.0304028	0.0143169	0.0040164	0.00459764	0.0686689	0.0225665	0.0338639
75	0.10754	0.00354591	0.113268	0.206021	0.00257594	0.0228302	0.0319441	0.00611691	0.0510472	0.0101507	0.00283624	0.0541972	0.135125	0.0787408	0.0637367	0.0722973	0.0242346	0.0111677	0.000907577	0.00171672
76	0.00808036	0.0253544	0.00212733	0.0044978	0.414736	0.00185149	0.0103809	0.008979	0.00250201	0.0733554	0.0116738	0.00191709	0.00505392	0.00748098	0.0150345	0.00468308	0.00303239	0.0124612	0.059031	0.327768
77	0.0366012	0.00575993	0.0453908	0.019105	0.0895897	0.0131222	0.130552	0.0552803	0.0476228	0.0329563	0.0108219	0.0564742	0.00335354	0.0704148	0.0451884	0.0828524	0.0256295	0.0873241	0.0075198	0.134441
78	0.0518163	0.0248153	0.00210314	0.00676217	0.00541728	0.00209451	0.00384442	0.412493	0.0052472	0.0472848	0.00402611	0.00265649	0.00121847	0.00480097	0.0052992	0.0218256	0.0271338	0.366465	0.00121465	0.00348152
79	0.041389	0.00267588	0.326063	0.0521026	0.00264337	0.0404809	0.0454837	0.00668508	0.00849238	0.0104941	0.00330107	0.171399	0.0198093	0.0405443	0.0101842	0.112649	0.0874797	0.0110305	0.00409271	0.00299986
80	0.141805	0.00284032	0.122397	0.235634	0.00230374	0.0262395	0.0215888	0.00756721	0.0431743	0.0102266	0.00310459	0.0517111	0.0711379	0.0973293	0.0581088	0.065303	0.0275725	0.0104935	0.000403254	0.00105902
81	0.041927	0.00458927	0.215323	0.163105	0.00538485	0.0570892	0.0562869	0.00488588	0.0399206	0.0100364	0.00492752	0.114176	0.0178705	0.110561	0.0725144	0.0348154	0.0254759	0.0103943	0.00341563	0.00730039
82	0.127704	0.0211463	0.00596573	0.0115623	0.00685579	0.00869122	0.00980211	0.053437	0.00804912	0.0525134	0.00526258	0.00777271	0.00436825	0.01389	0.00884391	0.0820735	0.178499	0.385036	0.00202519	0.00650085
83	0.0154803	0.00833117	0.000823497	0.000927684	0.0424316	0.00252492	0.00633882	0.355414	0.00106539	0.3499	0.0230967	0.000566619	0.00113669	0.00161453	0.00413892	0.00271179	0.0103614	0.157281	0.00369507	0.0121596
84	0.052922	0.0169467	0.00203292	0.00999497	0.00172773	0.00176886	0.00274072	0.602122	0.00280511	0.0242503	0.00308351	0.00192889	0.00114871	0.00309085	0.00330441	0.014141	0.0183268	0.235254	0.000681253	0.0017301
85	0.16359	0.00973328	0.036893	0.0448159	0.0119094	0.0292671	0.0221465	0.0167032	0.0251041	0.0420795	0.00603911	0.0305546	0.363217	0.0266703	0.0285872	0.0530009	0.038446	0.0247845	0.00844925	0.0180089
86	0.0682992	0.012605	0.0356467	0.0673844	0.0137769	0.0241365	0.0593433	0.0227715	0.0719586	0.0365492	0.01123	0.0279628	0.016425	0.105286	0.300016	0.0381554	0.0373724	0.0263947	0.00773124	0.0169555
87	0.129203	0.0290069	0.05461	0.0471993	0.0154827	0.0629743	0.032385	0.0203384	0.0246759	0.0417164	0.013972	0.0342584	0.0285025	0.0439337	0.0332429	0.237978	0.0976377	0.0321931	0.00739362	0.0132957
88	0.0229133	0.0174472	0.00468605	0.0130123	0.236401	0.00419773	0.0293139	0.0260807	0.00479607	0.128557	0.0157794	0.00481282	0.107355	0.0206631	0.0404537	0.0116099	0.00975405	0.0235501	0.0861032	0.192514
89	0.0172348	0.0109446	0.0017976	0.00343761	0.088057	0.00311071	0.0111431	0.333322	0.00160154	0.298476	0.0212385	0.00127027	0.0020201	0.00508267	0.00784977	0.00484076	0.0113878	0.133469	0.0181375	0.0255791
90	0.368155	0.0155525	0.00827881	0.0302092	0.0215987	0.295376	0.00782156	0.0110948	0.00537942	0.0520804	0.00525695	0.00884056	0.00561407	0.0101913	0.00700577	0.0844343	0.023179	0.0147896	0.00191825	0.0232237
91	0.155539	0.00288859	0.129498	0.232053	0.00260004	0.0302579	0.0212318	0.0083536	0.035704	0.0106571	0.00336682	0.0543558	0.0517702	0.0950305	0.0507535	0.0672186	0.0344831	0.0121237	0.000714032	0.00140063
92	0.0102216	0.00648758	0.00170507	0.000863347	0.0244754	0.00239044	0.00254252	0.0935445	0.00273188	0.678683	0.0751661	0.00091329	0.00215887	0.00693682	0.00151972	0.00119675	0.00131339	0.0802985	0.00104775	0.00580304
93	0.0158384	0.0084031	0.000527065	0.000776566	0.0424598	0.0024691	0.00690921	0.39958	0.000589042	0.296928	0.0149501	0.000470318	0.000306478	0.000869512	0.00459027	0.00289842	0.0114209	0.17207	0.00423152	0.0137122
94	0.154119	0.00415538	0.123808	0.260193	0.00412152	0.027346	0.0173934	0.0100601	0.0353346	0.0140828	0.00301913	0.0440868	0.0403458	0.110663	0.0553064	0.0549266	0.0249878	0.0141993	0.000332846	0.00151783
95	0.0330944	0.00308193	0.0577321	0.00508624	0.0209196	0.00930662	0.11057	0.00601487	0.073155	0.00897946	0.00292459	0.106296	0.00263373	0.0155962	0.316581	0.147377	0.00601824	0.0112159	0.00430194	0.0591149
96	0.061591	0.00747487	0.00128841	0.00358301	0.00677215	0.00135784	0.00252828	0.292782	0.00169428	0.0563474	0.00658096	0.00127741	0.000841388	0.00204605	0.00210097	0.00809818	0.0326811	0.508854	0.000542323	0.00155844
97	0.0941038	0.0208381	0.00426539	0.00473325	0.0250079	0.00354015	0.00600975	0.0643354	0.00345265	0.51288	0.124699	0.00172216	0.001823	0.0111148	0.00553716	0.0202563	0.0116718	0.0713705	0.00600547	0.00663434
98	0.0673323	0.00287405	0.340872	0.195417	0.00359592	0.0271197	0.0245933	0.00719928	0.0291392	0.00765824	0.00568801	0.0810583	0.0157046	0.0815201	0.0301126	0.0374556	0.027525	0.0108284	0.00224048	0.0020666
99	0.00897698	0.00661626	0.00168998	0.000804204	0.0235376	0.00218949	0.00107113	0.0886502	0.00238765	0.690271	0.0757471	0.000687615	0.00226101	0.00635819	0.00109379	0.00116825	0.00115049	0.0806289	0.000403659	0.00430612
100	0.151835	0.0843655	0.0175158	0.0225552	0.0116441	0.357443	0.0179485	0.0176267	0.0113779	0.0306603	0.0120497	0.0211648	0.00762135	0.020456	0.0188754	0.099144	0.0495283	0.0279585	0.00422539	0.0160041
101	0.112489	0.0873875	0.018231	0.0237757	0.014548	0.03787	0.0232363	0.0270019	0.0243994	0.050585	0.0200315	0.0244977	0.0107389	0.0409631	0.0264337	0.148277	0.22946	0.0557403	0.00617495	0.0181584
102	0.134638	0.0216395	0.056336	0.0559021	0.0135712	0.276048	0.0316825	0.014641	0.0233598	0.0322799	0.0119782	0.0498119	0.0191337	0.0400287	0.0333071	0.0898504	0.0450813	0.0294793	0.00545785	0.0157739
103	0.0886683	0.0177112	0.0296649	0.0188462	0.00915111	0.343	0.0170536	0.0113509	0.00894675	0.0202256	0.00742733	0.0614395	0.0114757	0.0172113	0.0143673	0.24121	0.0438944	0.0236745	0.00415166	0.0105293
104	0.557388	0.0209532	0.00475838	0.00872815	0.00535018	0.205179	0.0050987	0.0121228	0.0055405	0.0217788	0.00872962	0.00500726	0.00985226	0.00792781	0.00548303	0.0606749	0.0333527	0.0137439	0.00201568	0.00631515
105	0.129856	0.130967	0.0294537	0.0255822	0.0173359	0.0526227	0.0236968	0.0261687	0.0219767	0.0479036	0.0209655	0.0203781	0.0136078	0.0331473	0.026221	0.215423	0.0978091	0.040667	0.00866096	0.017557
106	0.012767	0.00689122	0.00161678	0.000995396	0.0264601	0.00268761	0.00363328	0.120237	0.0026431	0.635647	0.0721863	0.000954499	0.00224061	0.00694824	0.00173995	0.00166863	0.00355807	0.0891874	0.00171119	0.0062263
107	0.741173	0.01455	0.00199877	0.00477252	0.00341025	0.103797	0.00249831	0.0122446	0.002157	0.0220578	0.00705976	0.00168763	0.00951122	0.00304956	0.00239259	0.0324415	0.0176223	0.0120455	0.00200504	0.00352565
108	0.0429845	0.0165167	0.00149605	0.00653394	0.00803197	0.00166498	0.00305496	0.504617	0.00354364	0.072494	0.00514384	0.00176071	0.00089122	0.00286607	0.00361586	0.0113762	0.0184887	0.290354	0.00109269	0.00347331
109	0.18197	0.0153815	0.0180375	0.022771	0.0172842	0.106388	0.0210375	0.065131	0.0215104	0.142846	0.0570028	0.0156637	0.00883006	0.0562965	0.0353518	0.0444019	0.0785929	0.0765308	0.00441692	0.0105557
110	0.17229	0.03558	0.00751374	0.0107577	0.0294823	0.00414966	0.00570843	0.066428	0.00221069	0.338786	0.142718	0.00164215	0.00158856	0.0121901	0.010581	0.0369204	0.0246343	0.0840554	0.00847116	0.00429289
111	0.641615	0.02563	0.00306006	0.00635601	0.00409341	0.137819	0.00286574	0.0122456	0.0032214	0.0243391	0.00835332	0.00246746	0.00527953	0.00623008	0.00352111	0.0617369	0.0340805	0.0112695	0.00160523	0.004211
112	0.0283297	0.00360035	0.038054	0.0402599	0.0238632	0.00382184	0.238844	0.0145167	0.00660751	0.142282	0.0247696	0.0374161	0.00243733	0.0892583	0.0357551	0.0432566	0.0766115	0.032208	0.00191532	0.116194
113	0.0132228	0.00272783	0.317755	0.226405	0.00871532	0.0287194	0.0478257	0.00260068	0.0295824	0.00339331	0.00283657	0.133414	0.0116711	0.0890784	0.0286498	0.0222206	0.00869414	0.01237	0.00788767	0.00222934
114	0.484161	0.0120586	0.00735069	0.0107194	0.00645877	0.0272242	0.0111034	0.039553	0.00802069	0.0775892	0.0127916	0.00549376	0.0590189	0.00903185	0.0097346	0.0739225	0.0649956	0.0532484	0.0218912	0.00563252
115	0.0220878	0.00284993	0.157477	0.247813	0.00158004	0.0143192	0.0441906	0.00254879	0.0410201	0.0266267	0.0307443	0.0380888	0.000957925	0.182591	0.0276888	0.0548729	0.0879709	0.0138408	0.000669809	0.00206072
116	0.0426752	0.00933966	0.00131998	0.00443983	0.00858621	0.00142813	0.00243614	0.405401	0.00177258	0.0731179	0.00519899	0.00121604	0.000780999	0.00196156	0.00238709	0.00745884	0.0225119	0.404622	0.000845599	0.00250035
117	0.0696515	0.00457762	0.21156	0.115302	0.00604791	0.0266465	0.0329968	0.0097028	0.0196154	0.0198649	0.0101487	0.0611116	0.0143423	0.0721936	0.0228598	0.105687	0.120331	0.0683739	0.00293203	0.00605525
118	0.683832	0.0155442	0.00250729	0.00626922	0.00536536	0.134169	0.00299723	0.0157613	0.00285289	0.0303144	0.00716702	0.00195233	0.00740343	0.00463486	0.00327178	0.0355783	0.0179765	0.0153995	0.0018109	0.00519221
119	0.122452	0.0259688	0.00388002	0.009011	0.00631741	0.0026744	0.00701122	0.0892596	0.00324527	0.05941	0.00384922	0.00301137	0.00207539	0.00638291	0.00735071	0.0717132	0.0872913	0.483956	0.00154913	0.00359156
120	0.0634542	0.00657004	0.348287	0.132981	0.0074057	0.0310476	0.032553	0.0101243	0.0282205	0.0131453	0.00746699	0.0924605	0.0159593	0.0634221	0.0298241	0.0510877	0.0377201	0.0176216	0.00447386	0.00617538
121	0.0156459	0.0082836	0.000513567	0.000822258	0.0423258	0.00249928	0.00681522	0.395881	0.000650685	0.302036	0.0153476	0.000483244	0.00032094	0.000904079	0.00453491	0.00279901	0.0113295	0.171068	0.00416878	0.0135705
122	0.115776	0.0652902	0.154748	0.0519203	0.0122272	0.029768	0.0236131	0.0162735	0.0218544	0.0242905	0.0105149	0.0409007	0.0141927	0.0382358	0.0241241	0.238842	0.0759478	0.0252691	0.00622635	0.0099851
123	0.173834	0.00412851	0.103205	0.0881935	0.0256905	0.01941	0.0211502	0.0194846	0.0357078	0.0503854	0.0257813	0.0312854	0.0538995	0.0385083	0.0409126	0.0518175	0.126505	0.0632157	0.00129947	0.0255862
124	0.151187	0.00253373	0.147324	0.237736	0.00204799	0.0377912	0.0214246	0.00826345	0.0360683	0.0104842	0.00283253	0.0496505	0.0471297	0.103043	0.0526151	0.0516764	0.0267933	0.0102281	0.000364128	0.000806039
125	0.859375	0.0115085	0.000970315	0.00193554	0.00109858	0.0300342	0.00184097	0.010325	0.0012906	0.0093275	0.00790399	0.00145581	0.00445761	0.00224349	0.0017795	0.0251001	0.0167006	0.00973886	0.00186325	0.00105108
126	0.0172615	0.00833741	0.00180875	0.00209952	0.0325007	0.00352286	0.00535823	0.26741	0.00315718	0.44717	0.0372558	0.00110412	0.00178126	0.00424444	0.00459038	0.00336343	0.0100419	0.137005	0.00261089	0.00937685
127	0.158103	0.00113171	0.166861	0.212985	0.00133655	0.0375076	0.0219507	0.00894015	0.0349127	0.00748524	0.00654337	0.0578659	0.0224485	0.0702406	0.0440269	0.0722476	0.0570262	0.0172041	0.000291003	0.000892892
128	0.0328689	0.00751404	0.000867088	0.00231693	0.0234011	0.0017449	0.00461177	0.339179	0.00271239	0.176285	0.00999165	0.00116803	0.000547152	0.00198002	0.00373308	0.00538418	0.0239778	0.352606	0.00223586	0.00687556
129	0.859909	0.0118573	0.000907156	0.00196756	0.000976457	0.0304192	0.00167984	0.010285	0.00125243	0.00935035	0.00781553	0.00129084	0.0044013	0.00220098	0.00169286	0.0253033	0.0169177	0.00890886	0.00182182	0.0010422
130	0.153736	0.00274181	0.135205	0.211339	0.00270489	0.0330657	0.024639	0.0106265	0.0448866	0.0169986	0.00821703	0.0498874	0.0233868	0.0897803	0.0607431	0.0629742	0.0459175	0.0199335	0.000267653	0.00294917
131	0.0607533	0.00915985	0.0350611	0.0974871	0.0187604	0.0104072	0.0457284	0.137275	0.0809241	0.0781264	0.0444896	0.013662	0.00162897	0.101539	0.133369	0.0326864	0.019214	0.0575007	0.000979344	0.0212491
132	0.0600608	0.0115198	0.152023	0.0875125	0.0129598	0.0555167	0.0595373	0.0169823	0.0312747	0.0307141	0.00899615	0.18014	0.022559	0.060031	0.0467406	0.0622489	0.0459962	0.0280551	0.00863156	0.0185012
133	0.0124314	0.0218691	0.00386765	0.0136088	0.00382264	0.00370638	0.00592042	0.220201	0.11683	0.0947845	0.0193193	0.0179637	0.00250385	0.0454339	0.045269	0.00822085	0.0241022	0.334624	0.00160376	0.0039167
134	0.0175342	0.00673121	0.00563355	0.0253871	0.00483585	0.00283539	0.0365668	0.0101093	0.0592906	0.0128995	0.00371759	0.00604381	0.00709204	0.232349	0.483264	0.0245801	0.0302671	0.01162	0.0152831	0.00396006
135	0.051376	0.00514387	0.00116685	0.00195585	0.0119462	0.00110527	0.00276752	0.21084	0.00133584	0.0915824	0.00529154	0.00116138	0.000636159	0.00180822	0.00193235	0.0068263	0.0409934	0.558973	0.000795612	0.00236219
136	0.112786	0.00341445	0.00889434	0.092942	0.0528213	0.0032168	0.0723905	0.0698106	0.0196096	0.0289081	0.00284334	0.0692042	0.00183041	0.0928904	0.0785571	0.0733186	0.155488	0.0123342	0.00120096	0.0475388
137	0.07185	0.00369762	0.00299103	0.0138256	0.00932823	0.0108454	0.0130791	0.0687456	0.00364817	0.326845	0.00744496	0.00348748	0.0719714	0.00845363	0.00553104	0.0444182	0.242288	0.0822438	0.00508831	0.00421769
138	0.0156896	0.00828847	0.000506132	0.000760815	0.0425804	0.00249113	0.00695977	0.397847	0.000587492	0.298483	0.0150638	0.000471306	0.000305826	0.000873162	0.00460871	0.0028054	0.011427	0.172141	0.00428642	0.0138241
139	0.0545995	0.0394945	0.0196593	0.189184	0.00321077	0.00525748	0.0852016	0.00556753	0.0728055	0.00880558	0.00328679	0.00446976	0.0159455	0.236425	0.141753	0.0366925	0.0277201	0.045438	0.00194952	0.00253354
140	0.204671	0.0242201	0.00865896	0.0109703	0.00686627	0.335899	0.00686633	0.0107801	0.00587666	0.016942	0.00805443	0.0165882	0.00315724	0.0133748	0.00718338	0.21975	0.0761716	0.0150545	0.00151454	0.00740017
141	0.0307291	0.00352096	0.410504	0.0498668	0.0029536	0.0321276	0.0345911	0.00841617	0.0108759	0.00844974	0.00437308	0.193541	0.0160133	0.0304384	0.0084647	0.0827132	0.0544267	0.00904473	0.00588077	0.0030688
142	0.00734111	0.00707089	0.00135309	0.000792301	0.0217973	0.00332863	0.00106776	0.0928234	0.00232469	0.67548	0.0525977	0.00064824	0.00210261	0.0041202	0.00101057	0.000988105	0.00146096	0.120932	0.000277077	0.00248333
143	0.0108544	0.0269364	0.00141059	0.00854954	0.377446	0.00153384	0.0208295	0.0237817	0.00176282	0.103578	0.0163519	0.00149291	0.00553662	0.0153878	0.0228498	0.00555925	0.00251126	0.0131672	0.105133	0.235327
144	0.151725	0.00102161	0.169524	0.206286	0.00122862	0.0396908	0.0230854	0.00839294	0.0336505	0.00748704	0.00593437	0.0584678	0.0230736	0.0683462	0.0439787	0.0775449	0.0624688	0.0168242	0.000301823	0.000967828
145	0.0277272	0.0152569	0.00405451	0.0387303	0.00132326	0.001419	0.0227125	0.0181901	0.195645	0.0181632	0.00517734	0.0141897	0.0313925	0.180947	0.334043	0.0196894	0.0450558	0.0225129	0.00152473	0.00224497
146	0.00746799	0.0261937	0.00150549	0.00431706	0.419389	0.00171868	0.00924571	0.00937432	0.00193885	0.0753816	0.0122305	0.00158529	0.0051276	0.00679241	0.0153599	0.0038672	0.00265014	0.0114611	0.0649883	0.319405
147	0.0270981	0.00286397	0.364045	0.179376	0.00457015	0.0475676	0.0334962	0.00373628	0.0353875	0.00339069	0.00333255	0.126414	0.0125787	0.0757126	0.028719	0.0236731	0.0143214	0.00753906	0.00405253	0.00212539
148	0.00747817	0.00709622	0.00132024	0.000800824	0.0227922	0.00316656	0.00116423	0.101013	0.00220657	0.662748	0.049613	0.000693761	0.00209283	0.00393026	0.00114869	0.00106264	0.00175852	0.126861	0.000327995	0.00272443
149	0.0456544	0.0123272	0.00181594	0.00598024	0.00729614	0.00151078	0.00283698	0.426823	0.00555765	0.0620692	0.00500837	0.00182709	0.000913243	0.00324402	0.00324105	0.0103587	0.0239164	0.376135	0.000866498	0.00261832
150	0.0156694	0.00828089	0.000513521	0.000760794	0.0425605	0.00249052	0.00694517	0.397565	0.000588049	0.298809	0.0151007	0.000471304	0.000306588	0.000876377	0.00460411	0.00280419	0.0114102	0.172148	0.00428503	0.0138095
151	0.107885	0.0619619	0.0128606	0.00688146	0.00387395	0.00805276	0.0078943	0.00596076	0.0184825	0.0121375	0.00419451	0.00912011	0.00272624	0.0184445	0.0111795	0.420311	0.26954	0.0118082	0.00196792	0.00471764
152	0.0701119	0.00859965	0.158682	0.110963	0.0101368	0.0585758	0.0479768	0.0161948	0.0359111	0.0242774	0.00946239	0.155426	0.0268492	0.0652448	0.0435017	0.0617488	0.0507347	0.0254087	0.00672688	0.0134669
153	0.153977	0.0089777	0.0326054	0.0418048	0.0144318	0.0293611	0.0258583	0.0181032	0.0202502	0.0548583	0.00774019	0.0252927	0.375597	0.0243015	0.0233675	0.0524744	0.0377281	0.0274663	0.00885806	0.0169469
154	0.155905	0.00903275	0.0337127	0.0468976	0.0147194	0.0226095	0.0229737	0.0166451	0.0210524	0.0541429	0.00664256	0.0269635	0.375018	0.0264447	0.0255267	0.0547151	0.0366262	0.0243922	0.00834607	0.0176341
155	0.0381448	0.0268704	0.0120175	0.0170738	0.258556	0.0151889	0.0408346	0.022848	0.0135924	0.0748043	0.017585	0.0156046	0.0128239	0.0243579	0.0270377	0.0231759	0.021313	0.0303693	0.0436106	0.264191
156	0.0851901	0.0146816	0.0576562	0.125917	0.0161646	0.0210525	0.0358195	0.0770157	0.0367415	0.0643027	0.0182985	0.0275622	0.0149786	0.0552709	0.0523112	0.045047	0.0477912	0.184059	0.00479926	0.0153406
157	0.0410298	0.00394494	0.252365	0.0463742	0.00346209	0.0732654	0.0400627	0.00681318	0.00920557	0.0110933	0.00305577	0.173086	0.0487505	0.0327876	0.0144998	0.127466	0.0908131	0.0138411	0.00498279	0.00310243
158	0.198403	0.00242882	0.112635	0.230059	0.00241401	0.0261097	0.0183124	0.00791619	0.0355315	0.0136902	0.00306784	0.0475771	0.0407175	0.10437	0.0493178	0.0662921	0.02911	0.0100753	0.000421719	0.00155136
159	0.164674	0.00179524	0.147902	0.237077	0.00174118	0.0332512	0.0193804	0.0105191	0.0335578	0.00869272	0.00396678	0.0480363	0.0313686	0.0939795	0.0521709	0.0593308	0.0387528	0.0129827	0.000283819	0.000537151
160	0.164412	0.0026233	0.150292	0.22453	0.00269345	0.0415734	0.0259635	0.0216219	0.0297963	0.0101899	0.00550082	0.0459548	0.0225632	0.0688389	0.0423662	0.0692144	0.0451826	0.0236779	0.00100494	0.00200112
161	0.133346	0.000934522	0.177346	0.191974	0.00122885	0.0437148	0.0259826	0.00747909	0.0324109	0.007974	0.00547937	0.0647032	0.0254985	0.0583766	0.0421167	0.0859544	0.0748138	0.0192522	0.000372561	0.00104218
162	0.0761839	0.0161864	0.00388558	0.00444572	0.0323439	0.00557149	0.0101614	0.0696293	0.00474133	0.508446	0.138914	0.00259527	0.00222409	0.0201096	0.00613295	0.0161492	0.0108938	0.0533743	0.00663295	0.011378
163	0.309027	0.00716109	0.00704009	0.0260046	0.0127997	0.0228839	0.0127394	0.0156317	0.0109594	0.0148138	0.00427898	0.0111917	0.376012	0.00717747	0.0117075	0.0430957	0.0538811	0.0191386	0.00536121	0.029095
164	0.168615	0.00231345	0.128949	0.243107	0.00221695	0.0288134	0.0184944	0.0084939	0.0355881	0.0102345	0.00280218	0.0439645	0.0518644	0.106628	0.0540146	0.0556846	0.0270784	0.0102115	0.00026396	0.000662416
165	0.102952	0.00876788	0.132173	0.220829	0.0081028	0.0348172	0.0331463	0.0163741	0.0379343	0.0239882	0.00920726	0.0568182	0.0265744	0.0975263	0.0585438	0.0522548	0.040776	0.0271239	0.00383914	0.00825212
166	0.00712982	0.0266206	0.00165493	0.003514	0.425704	0.00187711	0.00712099	0.00657986	0.00215797	0.0713724	0.010693	0.00194242	0.00473057	0.00510769	0.0127201	0.00360666	0.00290601	0.0119267	0.053451	0.339184
167	0.0232525	0.00289363	0.00816281	0.0379417	0.00855266	0.0346141	0.247001	0.00671209	0.0550402	0.0952604	0.00319642	0.0124614	0.00226948	0.101916	0.283402	0.0188788	0.0323464	0.00677762	0.00177616	0.0175451
168	0.165528	0.00378784	0.00416027	0.00546917	0.0403923	0.00381584	0.446022	0.00543055	0.0222103	0.00829525	0.00349124	0.0534114	0.00259454	0.00929885	0.0585331	0.00821377	0.00776784	0.0420823	0.00199768	0.107498
169	0.105355	0.00703002	0.135716	0.222788	0.0069637	0.0306103	0.0319635	0.0253231	0.0393017	0.0299236	0.0111162	0.0546479	0.0234219	0.0941724	0.053213	0.0471448	0.0412857	0.0314034	0.00272833	0.00589074
170	0.160834	0.00945109	0.0271164	0.0441885	0.0123921	0.0245883	0.0217562	0.0163721	0.0233302	0.049932	0.00729886	0.0247873	0.38809	0.0240748	0.0255441	0.0551012	0.0346597	0.0251523	0.00861004	0.0167211
171	0.124193	0.0109842	0.026063	0.292384	0.00360404	0.0166224	0.0361563	0.0069022	0.0574033	0.0123792	0.00455876	0.00665644	0.00505072	0.0980485	0.134957	0.0274423	0.0446124	0.0861239	0.00149222	0.00436636
172	0.626749	0.0315509	0.00224083	0.00433891	0.00220882	0.126082	0.00301413	0.0114784	0.00356672	0.0143515	0.00938173	0.00184156	0.00403573	0.00863499	0.00368149	0.0833539	0.0499808	0.00988674	0.00123747	0.0023846
173	0.0627326	0.00371332	0.205695	0.170901	0.00198157	0.110027	0.0332391	0.00390029	0.0404037	0.00531372	0.00248488	0.125249	0.0304869	0.0745895	0.0413697	0.0415965	0.0333266	0.00899165	0.00150527	0.00249322
174	0.132752	0.000913245	0.177465	0.192383	0.00118531	0.0436838	0.0260379	0.00743138	0.0324191	0.00783181	0.00542786	0.0646486	0.0259617	0.0581205	0.0421272	0.086034	0.0748382	0.0193165	0.000378909	0.00104364
175	0.0352079	0.00259703	0.382703	0.168667	0.00432181	0.0309634	0.0310931	0.00466379	0.0318285	0.00413797	0.00447975	0.117595	0.0127695	0.0703001	0.025623	0.0354678	0.02205	0.0092968	0.00428969	0.00194428
176	0.154297	0.0196347	0.0557609	0.0524248	0.0110832	0.283739	0.0289255	0.0145973	0.0214894	0.0314021	0.0108703	0.0519461	0.0138317	0.0383146	0.0327917	0.0938126	0.0454622	0.0241778	0.00361508	0.0118241
177	0.0136373	0.0078392	0.00179414	0.00107319	0.0258207	0.00281836	0.00260834	0.0876583	0.00275108	0.669616	0.0830973	0.000952341	0.00226509	0.00801097	0.0015535	0.00257124	0.00208027	0.0770742	0.00110471	0.00567396
178	0.0918026	0.0015674	0.370924	0.155292	0.00168523	0.0259919	0.0168286	0.009489	0.0298284	0.00579584	0.00877182	0.0783616	0.0124375	0.0489745	0.0258544	0.0533203	0.0479916	0.0122745	0.00113886	0.00167022
179	0.0161964	0.0089033	0.000568394	0.00080461	0.0443758	0.00247274	0.00731047	0.391414	0.000704525	0.306114	0.0149678	0.000531747	0.00035145	0.000946627	0.00453188	0.0028097	0.0118378	0.167915	0.00407679	0.013167
180	0.0572189	0.00587514	0.00113675	0.00196651	0.00907948	0.0010456	0.00220331	0.190273	0.00138042	0.0679682	0.00464952	0.00118466	0.000731236	0.0018863	0.00170028	0.00889589	0.0444623	0.596467	0.000497959	0.00137761
181	0.0203864	0.0057488	0.0551391	0.0752588	0.00797505	0.0126524	0.257356	0.0351568	0.146098	0.0618929	0.00573775	0.0107916	0.00403301	0.0314773	0.217313	0.0143971	0.0153616	0.0120074	0.00256947	0.00864726
182	0.0273921	0.0149535	0.00360471	0.0363708	0.00131041	0.00150667	0.0204256	0.0192667	0.193405	0.01807	0.00573589	0.0152843	0.0301382	0.173453	0.348386	0.0197232	0.044614	0.022092	0.00158246	0.00268593
183	0.0212429	0.00969653	0.00188973	0.00131552	0.0410383	0.00379182	0.00525679	0.139828	0.00274462	0.560265	0.0949834	0.0012512	0.00193713	0.0100189	0.00279685	0.00537398	0.00455486	0.0791281	0.002861	0.0100257
184	0.00760857	0.00710977	0.00132759	0.000771406	0.0239656	0.00301751	0.00126837	0.109373	0.00208426	0.656353	0.0521689	0.000612352	0.00204098	0.00418062	0.00117024	0.00105342	0.00188767	0.120514	0.000427265	0.00306511
185	0.13051	0.0106272	0.0574234	0.0977915	0.0173319	0.0209676	0.0407485	0.0449295	0.0725769	0.0851635	0.028188	0.0216507	0.00631442	0.0876587	0.114543	0.0425802	0.0404459	0.0574132	0.0005512	0.0225852
186	0.0390291	0.0134561	0.174653	0.208868	0.00195626	0.0805202	0.0312004	0.00198011	0.0397793	0.00507154	0.00647135	0.119605	0.00824075	0.167139	0.0425617	0.0157237	0.0299403	0.00519089	0.00128749	0.00732663
187	0.665891	0.0159313	0.00525723	0.00903194	0.00522871	0.0364762	0.00698369	0.0292015	0.00496174	0.0462943	0.0127834	0.00487343	0.0108476	0.00869013	0.00716597	0.0650283	0.0295327	0.0267229	0.00359193	0.00550623
188	0.264063	0.0154126	0.0163315	0.0180141	0.00295211	0.0658331	0.0305396	0.00551582	0.0373208	0.0319454	0.00256086	0.00836657	0.339087	0.00518268	0.0296247	0.0651262	0.024752	0.0195405	0.0149188	0.00291315
189	0.0256651	0.00546735	0.231185	0.175198	0.00226166	0.132765	0.0370381	0.00180225	0.0489977	0.00229538	0.00163676	0.154573	0.0159217	0.0886482	0.0434908	0.0116216	0.0125471	0.00384382	0.00197705	0.00306316
190	0.343158	0.0216052	0.0150446	0.0199611	0.00540533	0.269243	0.00930151	0.0123474	0.00888246	0.0216011	0.0103464	0.0109152	0.0123401	0.0162986	0.00968741	0.108676	0.0823521	0.0148487	0.00199266	0.00599272
191	0.0156896	0.00828847	0.000506132	0.000760815	0.0425804	0.00249113	0.00695977	0.397847	0.000587492	0.298483	0.0150638	0.000471306	0.000305826	0.000873162	0.00460871	0.0028054	0.011427	0.172141	0.00428642	0.0138241
192	0.0108994	0.00737861	0.0011105	0.000804203	0.0312762	0.00266177	0.00351144	0.219028	0.00161813	0.514106	0.036244	0.000542252	0.00136757	0.00263196	0.00237319	0.00167053	0.00624709	0.147848	0.0018008	0.00688047
