342	20
1	0.347776	0.00541094	0.0360663	0.0048975	0.00401203	0.02931	0.00406445	0.00397891	0.0756929	0.0223298	0.00296822	0.0111961	0.123634	0.00406269	0.0892422	0.146545	0.0498633	0.0308789	0.00464969	0.00342035
2	0.0256199	0.00131799	0.0017506	0.00156963	0.00187687	0.00513741	0.00191743	0.00165801	0.0178185	0.0110418	0.000857707	0.00162039	0.002216	0.00161671	0.0055998	0.694163	0.212796	0.00800417	0.00138065	0.00203651
3	0.206208	0.00653968	0.0110046	0.01053	0.00336578	0.0509319	0.0023036	0.00944407	0.00599736	0.00369482	0.00174263	0.00593281	0.547698	0.00271646	0.0104105	0.0418294	0.0251308	0.0510262	0.00133482	0.00215834
4	0.0956393	0.0152308	0.00872786	0.0551212	0.00988357	0.0229166	0.0244638	0.0958821	0.124835	0.126109	0.0604383	0.0194073	0.00645524	0.0516105	0.130358	0.0357654	0.0479384	0.0589444	0.00322668	0.0070469
5	0.210008	0.00398112	0.324825	0.210173	0.00383337	0.00452793	0.00467411	0.0219886	0.00655661	0.0985723	0.026112	0.00532664	0.00404025	0.0214457	0.00682755	0.0077419	0.00932049	0.0233125	0.00177706	0.00495659
6	0.332176	0.0432164	0.0205672	0.0218	0.0189219	0.0580811	0.0133812	0.024419	0.0236044	0.0337046	0.0140783	0.0213259	0.0884744	0.0147479	0.0285639	0.0952581	0.06882	0.0596875	0.00715045	0.0120213
7	0.0675283	0.0193536	0.0466527	0.107821	0.00149437	0.017938	0.00170877	0.00888592	0.0291153	0.0540873	0.00679773	0.0117774	0.473127	0.0179535	0.0239096	0.0655726	0.0307445	0.00832128	0.000679182	0.00653206
8	0.0335525	0.0267888	0.00563452	0.00910624	0.0053422	0.028771	0.00542384	0.0288879	0.185954	0.00784461	0.00371547	0.00670584	0.180276	0.00872099	0.358052	0.0309945	0.0367494	0.0297962	0.00302811	0.0046555
9	0.0230752	0.00731503	0.162691	0.466764	0.00557475	0.0201328	0.00894137	0.0137006	0.0409907	0.00727559	0.004163	0.0602035	0.0122582	0.0463009	0.0166065	0.0389446	0.0349002	0.0243964	0.00160905	0.00415706
10	0.0657999	0.0010611	0.113328	0.166264	0.00882353	0.0312198	0.022005	0.00467641	0.18697	0.00613704	0.00252198	0.080896	0.00683431	0.0845793	0.0545759	0.0823902	0.066626	0.00533497	0.000217239	0.00973865
11	0.00320475	0.00106574	0.0004557	0.00617648	0.0324721	0.000920653	0.000382843	0.173091	0.000823617	0.619288	0.0761557	0.00238641	0.00290086	0.00438382	0.00105622	0.00351943	0.0052385	0.0573494	0.00124756	0.00788142
12	0.0372048	0.0105466	0.000519303	0.00136314	0.0324296	0.00826437	0.000519996	0.156486	0.00197072	0.468813	0.0531232	0.00092621	0.00452224	0.0016172	0.00274593	0.00190197	0.00824652	0.197466	0.00221101	0.00912195
13	0.00516591	0.00714746	0.0107391	0.00200454	0.275251	0.00187105	0.024468	0.00676887	0.00342009	0.0135565	0.00201592	0.00383499	0.00167049	0.00257559	0.00483808	0.00615464	0.00978825	0.00608327	0.0103912	0.602255
14	0.0672852	0.0181694	0.00156801	0.00519455	0.00554656	0.0023881	0.00141012	0.121403	0.00359157	0.045079	0.0120043	0.00365289	0.0034113	0.00197909	0.00232961	0.00835146	0.138662	0.549809	0.00254931	0.00561567
15	0.0737787	0.0207288	0.00317271	0.0067898	0.00426972	0.00425173	0.00166991	0.240944	0.0138301	0.0801382	0.0588172	0.0106396	0.0465408	0.0119875	0.00918718	0.00982468	0.136704	0.262758	0.000871867	0.00309639
16	0.326623	0.174798	0.00164447	0.00191555	0.0203261	0.0503848	0.00139876	0.0341486	0.00230442	0.0473386	0.0326383	0.0177772	0.00392374	0.00641423	0.00897097	0.144634	0.0718524	0.0401715	0.00077609	0.0119595
17	0.017968	0.0247164	0.00961237	0.00551255	0.0275647	0.00236741	0.00118861	0.281117	0.00228846	0.175368	0.037256	0.006234	0.0298139	0.00762787	0.00288241	0.0126427	0.0407782	0.311202	0.000816001	0.00304343
18	0.0156042	0.00637966	0.00399454	0.0111623	0.0050223	0.0170701	0.139631	0.0448742	0.045706	0.082174	0.00552509	0.091466	0.0737794	0.109356	0.103086	0.0122533	0.0985246	0.0396286	0.00332893	0.0914338
19	0.0718654	0.0151798	0.0263955	0.0307914	0.00244848	0.022711	0.00708438	0.00336328	0.0301411	0.00625396	0.00246898	0.139873	0.020343	0.0293452	0.0306146	0.257161	0.266948	0.0321525	0.000692086	0.00416789
20	0.0211253	0.0136845	0.30806	0.0700782	0.00793354	0.0583424	0.00693542	0.00259015	0.0164836	0.00640465	0.00145256	0.222369	0.0112078	0.0107081	0.0273455	0.125298	0.079549	0.00407748	0.000931712	0.00542287
21	0.010698	0.00337883	0.649158	0.0517257	0.00210835	0.0125263	0.00807808	0.00398007	0.0137923	0.00446398	0.00205302	0.144999	0.00693415	0.0116358	0.0139203	0.0214771	0.0175076	0.0105958	0.00499208	0.00597491
22	0.0342639	0.0168652	0.00159989	0.00255328	0.315226	0.0504628	0.0030197	0.0366259	0.00939128	0.151797	0.0580719	0.00262163	0.00460492	0.00487129	0.00442721	0.003353	0.00830178	0.0464256	0.0970376	0.14848
23	0.00358509	0.00117624	0.000467386	0.0058979	0.0324606	0.000956399	0.000373127	0.170732	0.000815873	0.619674	0.0762155	0.00238454	0.0029869	0.00434188	0.00105259	0.00355503	0.005253	0.0590682	0.00123568	0.00776836
24	0.377087	0.15082	0.00165628	0.00190502	0.0217285	0.048773	0.00133264	0.0329759	0.002293	0.0396356	0.0264045	0.0164609	0.00818462	0.00590317	0.00723373	0.136031	0.0681049	0.0420707	0.000689358	0.0107112
25	0.0876881	0.0149494	0.010193	0.0136636	0.00810669	0.00713765	0.00808512	0.0899389	0.0190691	0.0513607	0.0160489	0.0168728	0.0108429	0.0100387	0.0142425	0.0362296	0.258977	0.315486	0.00300159	0.00806737
26	0.00585077	0.0013029	0.000395516	0.000387525	0.00911447	0.00055357	0.000312591	0.460435	0.000476339	0.0783122	0.0173918	0.00262409	0.00036905	0.00122838	0.000511582	0.000907174	0.00234837	0.41564	0.000206903	0.00163185
27	0.00958748	0.00325821	0.660918	0.047748	0.00323442	0.0122857	0.00801599	0.0052402	0.0121168	0.00475123	0.00221131	0.137827	0.00762192	0.0110877	0.0127946	0.0200462	0.018084	0.0123953	0.0054073	0.00536907
28	0.0509209	0.0256422	0.00243831	0.00239106	0.012187	0.00307352	0.000718806	0.171783	0.00184514	0.142291	0.027683	0.00213404	0.00965859	0.00275892	0.00223551	0.00656899	0.0461519	0.483267	0.00215757	0.00409463
29	0.00345805	0.00154718	0.532527	0.0675809	0.000745353	0.0160339	0.00883602	0.00295484	0.0141217	0.00159758	0.000426962	0.278909	0.000935686	0.013483	0.0147881	0.0204737	0.012471	0.00603107	0.000360259	0.00271842
30	0.0647763	0.0197091	0.045167	0.111115	0.0021299	0.0172497	0.00236669	0.00902608	0.0288201	0.0564162	0.00745023	0.0125619	0.461541	0.0185201	0.0244413	0.0688301	0.0325419	0.00948048	0.00108272	0.00677448
31	0.0653703	0.00104625	0.116857	0.16596	0.00886127	0.0305021	0.0211676	0.00453041	0.181982	0.00609465	0.00244644	0.0805072	0.00719007	0.0851636	0.0537363	0.085928	0.0677565	0.00512561	0.000211933	0.00956231
32	0.0444189	0.017053	0.00786371	0.0106607	0.0106301	0.0163696	0.00679101	0.0119563	0.0254198	0.0459881	0.00614516	0.0130961	0.0118655	0.00682623	0.0149515	0.560414	0.156164	0.0226492	0.00305784	0.00767939
33	0.0809531	0.0214756	0.0476314	0.103101	0.00158055	0.0187326	0.00169151	0.0104717	0.0297551	0.0458434	0.00603601	0.0158113	0.463453	0.0154011	0.0236301	0.0687958	0.0279426	0.0105791	0.00132422	0.00579062
34	0.0352402	0.0217097	0.0630334	0.0332205	0.00642882	0.0185289	0.0317652	0.00433287	0.0580832	0.00688987	0.00318868	0.111242	0.0130086	0.0494219	0.0781766	0.210731	0.217079	0.0168147	0.00102726	0.0200778
35	0.00482007	0.00725409	0.0104524	0.00178163	0.269041	0.00135627	0.0222546	0.00519066	0.00269601	0.0117246	0.00119595	0.00368328	0.0016988	0.00177044	0.00448504	0.00685392	0.00922591	0.00486435	0.00691795	0.622733
36	0.152814	0.0825586	0.0101988	0.00178675	0.00159207	0.260419	0.00143315	0.00593393	0.00255392	0.00197045	0.00105243	0.00641887	0.0015135	0.0141335	0.00235007	0.412046	0.0302397	0.00271642	0.000771541	0.00749723
37	0.0137497	0.00321893	0.00380477	0.0478502	0.00365081	0.0118989	0.0032476	0.00359503	0.39821	0.0106447	0.00470862	0.0203674	0.00360874	0.348141	0.0586347	0.0230358	0.0224852	0.0127061	0.00157659	0.00486464
38	0.00578177	0.00141864	0.000465117	0.000433834	0.00931596	0.000522318	0.000307493	0.460295	0.000458206	0.0783548	0.0174902	0.00265912	0.000412626	0.0012766	0.000495619	0.000960308	0.00239946	0.41513	0.000206255	0.00161713
39	0.00615692	0.00147049	0.000413234	0.000378508	0.00884382	0.000466487	0.000303649	0.462273	0.000461583	0.0772503	0.0173936	0.00256398	0.00041297	0.00124754	0.00049789	0.00092767	0.00265677	0.414381	0.000281079	0.00161964
40	0.0239996	0.0080854	0.0580413	0.0113665	0.0373798	0.0465407	0.455516	0.00389827	0.00553696	0.0120205	0.00406095	0.134289	0.0036619	0.00690799	0.0142614	0.0483612	0.0186483	0.0145733	0.00723479	0.085617
41	0.0372484	0.0122216	0.0088353	0.0205767	0.0141865	0.0114828	0.0282584	0.0101093	0.215489	0.0198596	0.0076281	0.0176806	0.0131627	0.0740222	0.372025	0.0190631	0.0670114	0.0196602	0.0198582	0.0116202
42	0.0423677	0.0143996	0.000814478	0.00125392	0.0284577	0.0074704	0.000797765	0.147104	0.0026976	0.42445	0.0422504	0.00151344	0.0056689	0.00146575	0.00310633	0.00281716	0.0387714	0.224437	0.00173002	0.00842654
43	0.00971898	0.0217647	0.125075	0.131157	0.0192435	0.00392624	0.0241078	0.0205318	0.0779212	0.00585455	0.00260783	0.0221088	0.144967	0.0714381	0.109617	0.0789818	0.0394715	0.0213405	0.00347752	0.0666892
44	0.0455289	0.00423921	0.00362517	0.00502716	0.0229198	0.00425894	0.00478229	0.00669689	0.00617118	0.108807	0.586039	0.00509612	0.00510299	0.00514796	0.00915732	0.00731035	0.032001	0.132397	0.00218835	0.00350308
45	0.0644031	0.0177238	0.0442767	0.0979626	0.00203933	0.0201063	0.0022992	0.00845166	0.025751	0.0622496	0.00662761	0.0156373	0.466851	0.0161841	0.026922	0.0660844	0.0404599	0.00859855	0.00095106	0.00642064
46	0.00667507	0.0153682	0.0225618	0.014129	0.0400574	0.0381711	0.20931	0.00281889	0.00394608	0.00642133	0.00192907	0.222467	0.00262832	0.00326471	0.0330483	0.0281515	0.0613865	0.0287003	0.00381557	0.25515
47	0.0652515	0.00790517	0.00423614	0.0214262	0.00500462	0.0116541	0.00242752	0.203631	0.0709096	0.123558	0.0385996	0.00505162	0.0381711	0.0197792	0.0356099	0.00379575	0.112852	0.222968	0.00252322	0.00464595
48	0.0327266	0.00511537	0.0513827	0.0346553	0.00232929	0.71835	0.00631561	0.00107268	0.0111215	0.00173928	0.00154747	0.061109	0.00732267	0.00275835	0.0224225	0.0227765	0.00690654	0.00786905	0.00117491	0.00130402
49	0.00583354	0.00289823	0.506456	0.069246	0.00151457	0.0267166	0.00961942	0.00301011	0.0150787	0.00263744	0.000596765	0.267338	0.00184206	0.0137859	0.0175358	0.0271998	0.0183858	0.00589945	0.000475979	0.00392954
50	0.0245459	0.00783168	0.158449	0.48313	0.00594535	0.0187322	0.00938134	0.0140749	0.0396927	0.00830775	0.00480827	0.0566547	0.007666	0.0427516	0.0168383	0.0367316	0.0335057	0.0251241	0.00179434	0.00403491
51	0.0190182	0.00616409	0.000819243	0.00345843	0.0341613	0.00494755	0.000483454	0.188627	0.00202289	0.500525	0.0596501	0.00178303	0.00445132	0.00302015	0.0023868	0.00312786	0.0066908	0.147431	0.00328468	0.00794702
52	0.0271825	0.0115591	0.039833	0.0160504	0.0318412	0.0352198	0.394233	0.00712149	0.0217366	0.01333	0.00536124	0.133174	0.00912854	0.0192522	0.0429838	0.0766656	0.0284497	0.0178799	0.00944745	0.0595512
53	0.032746	0.0445263	0.0145948	0.0170576	0.0295941	0.0212124	0.262253	0.0116658	0.0705559	0.0244936	0.00772599	0.0425856	0.0112529	0.0378617	0.214291	0.054053	0.035745	0.0235903	0.0121059	0.0320892
54	0.0451639	0.00654401	0.00655605	0.008689	0.200822	0.00756037	0.00998745	0.00941806	0.00959446	0.0401507	0.0697252	0.00826085	0.00691472	0.0078592	0.0116161	0.122562	0.399097	0.0164795	0.00319816	0.00980079
55	0.0403998	0.00650772	0.0306253	0.026534	0.0024001	0.76734	0.00347293	0.0012204	0.00666092	0.00105663	0.00180979	0.0292644	0.00808237	0.00322424	0.0179173	0.0333478	0.00829188	0.00930256	0.00153531	0.00100647
56	0.0395105	0.0148341	0.0180437	0.153806	0.00720634	0.00206568	0.00877783	0.00168236	0.243149	0.00209465	0.00138363	0.026243	0.00163535	0.0440288	0.145325	0.141824	0.0992842	0.0416107	0.000741159	0.00675399
57	0.0316959	0.0100854	0.00926687	0.00690681	0.078891	0.00880792	0.317903	0.00814677	0.0445949	0.0215054	0.0039026	0.0281192	0.00611682	0.0658743	0.19125	0.0308082	0.0199926	0.0152634	0.0524044	0.0484648
58	0.0439696	0.00310299	0.139844	0.104858	0.00622472	0.0295695	0.0193082	0.00516714	0.158149	0.00565263	0.00325398	0.125196	0.0106661	0.07102	0.0895358	0.0994486	0.0671374	0.00787531	0.000668354	0.00935219
59	0.0246459	0.0298247	0.00359566	0.00853314	0.259985	0.0148399	0.0435428	0.00951176	0.104754	0.0942679	0.0423476	0.0223232	0.00324088	0.00992813	0.0769693	0.0136073	0.0420472	0.0107214	0.0019322	0.183382
60	0.00948542	0.00301867	0.000483137	0.00503425	0.0343276	0.00247838	0.000479616	0.167724	0.000987179	0.586603	0.075132	0.00215423	0.00348901	0.00378954	0.00151515	0.00333485	0.00581854	0.0831517	0.00209874	0.00889482
61	0.00555586	0.0013237	0.000397753	0.000378604	0.00886328	0.000462437	0.00029904	0.465295	0.000456098	0.0775895	0.0175154	0.00256053	0.000367528	0.00124848	0.000487441	0.000890143	0.00237297	0.412147	0.000207598	0.00158212
62	0.0423612	0.0137138	0.000741766	0.00101114	0.0270408	0.00726188	0.000665954	0.184818	0.0019488	0.372025	0.063974	0.00110015	0.00782073	0.00155468	0.00281279	0.00218497	0.0224984	0.236889	0.00154109	0.00803637
63	0.149693	0.00815525	0.0174983	0.0279292	0.00335131	0.0355471	0.00374248	0.0108606	0.0150924	0.0207611	0.00329404	0.0129594	0.526281	0.00716434	0.0221593	0.0488591	0.0448449	0.035566	0.002248	0.00399275
64	0.172593	0.0857742	0.0110891	0.00186621	0.00161398	0.277363	0.00136021	0.0066412	0.00253261	0.00216463	0.00111975	0.00403585	0.00159933	0.0116766	0.00252922	0.380578	0.0254083	0.00290817	0.000983799	0.00616371
65	0.00347862	0.00125012	0.000502857	0.00598968	0.0324864	0.00114915	0.00049013	0.170564	0.00118463	0.61971	0.076462	0.00257016	0.00294072	0.00448743	0.00124054	0.00361782	0.0053413	0.0573989	0.00128236	0.00785297
66	0.0722495	0.0267484	0.00759674	0.0146475	0.0154828	0.0414151	0.0337783	0.119873	0.0981018	0.185369	0.0541327	0.0290469	0.0107898	0.0268949	0.0848959	0.0233161	0.0259529	0.0968572	0.00523178	0.0276204
67	0.0788155	0.0260596	0.00833157	0.00676059	0.00437534	0.116399	0.00763341	0.0047772	0.0141801	0.00895171	0.00238854	0.0236217	0.00626702	0.0121612	0.0105829	0.537312	0.113671	0.00849295	0.00281407	0.00640446
68	0.0743949	0.0379769	0.0761642	0.0194251	0.00529307	0.0866478	0.00671835	0.00295585	0.00924624	0.00427856	0.00220725	0.135674	0.0103872	0.0140357	0.0112623	0.370705	0.113515	0.0131532	0.00123852	0.00472023
69	0.011638	0.012814	0.0200192	0.00961293	0.0499353	0.0217528	0.19505	0.00636945	0.0315122	0.0147806	0.00356282	0.279421	0.00521375	0.0153143	0.146771	0.0288584	0.0302783	0.0200389	0.00902242	0.0880339
70	0.0055771	0.00134253	0.000396981	0.000379369	0.00889714	0.000462476	0.00029818	0.465103	0.000456424	0.0776648	0.0175594	0.00255234	0.000425955	0.00125059	0.000492647	0.000899077	0.00241983	0.412035	0.000208197	0.00157922
71	0.0047894	0.0113582	0.0146154	0.00569569	0.123151	0.0117939	0.1077	0.00311499	0.00275621	0.0066978	0.00113863	0.0595772	0.00180544	0.00291049	0.0124131	0.0132624	0.0301474	0.010385	0.00453051	0.572157
72	0.102147	0.0102771	0.00112584	0.00147799	0.0136522	0.00642195	0.00142448	0.171543	0.00152649	0.0411689	0.00312598	0.00192308	0.00175114	0.00126727	0.001904	0.00528724	0.0173785	0.601693	0.00915221	0.00575336
73	0.00629252	0.00130919	0.000390688	0.000404446	0.00939492	0.000621851	0.000318982	0.456725	0.000470437	0.0790657	0.017236	0.00269587	0.000367728	0.00124359	0.000516711	0.000935947	0.0023246	0.417781	0.000204738	0.00170037
74	0.00436134	0.00221962	0.521005	0.0730341	0.00109303	0.0176797	0.0088512	0.00305574	0.0148374	0.00210995	0.000509141	0.272345	0.0013979	0.0141016	0.0158648	0.0229853	0.0149521	0.00617279	0.0003523	0.00307196
75	0.140306	0.00334877	0.00262406	0.00323697	0.00271925	0.0028716	0.00232174	0.0445429	0.0136931	0.0643959	0.00281176	0.0135007	0.00466895	0.00323304	0.00399004	0.00661048	0.412751	0.268704	0.00124634	0.00242313
76	0.10565	0.0278215	0.014667	0.0261668	0.0167765	0.0438104	0.0353512	0.0634009	0.124855	0.119981	0.0576277	0.0230981	0.00215915	0.0537175	0.0760463	0.0447568	0.0594936	0.0923815	0.00222608	0.0100137
77	0.0620482	0.0100519	0.0443547	0.0747613	0.00102158	0.00198319	0.00172066	0.00482798	0.0564868	0.0126774	0.00470181	0.0214152	0.00854756	0.0233559	0.044357	0.249121	0.339605	0.0372196	0.00033177	0.00141111
78	0.00387894	0.00149327	0.527034	0.0687839	0.000717216	0.0160149	0.00960608	0.00310597	0.0141924	0.0015461	0.000438022	0.278217	0.000948118	0.0139705	0.0159624	0.0215618	0.0131052	0.0057878	0.000371544	0.0032642
79	0.0648925	0.0210898	0.0407575	0.108672	0.00221422	0.0160532	0.00351619	0.0109824	0.0347125	0.0612319	0.0142722	0.0115741	0.443015	0.0225176	0.0342622	0.0629624	0.0301115	0.00996494	0.000944217	0.00625388
80	0.0138577	0.0142376	0.00487133	0.0141166	0.0200012	0.00571511	0.00176708	0.00242152	0.350243	0.0199923	0.00119221	0.00973309	0.0123744	0.0358962	0.440422	0.00194826	0.0207845	0.011533	0.0022282	0.0166647
81	0.0650425	0.00124099	0.110066	0.163616	0.008653	0.0306819	0.0223162	0.00493574	0.189023	0.00629195	0.00321408	0.080027	0.00659399	0.0831762	0.0578268	0.0834013	0.0673707	0.00674483	0.000290004	0.00948796
82	0.153294	0.0101797	0.0179794	0.0326375	0.00496101	0.0385673	0.00388069	0.0266882	0.0140277	0.0191777	0.00440304	0.00939813	0.520666	0.00710547	0.0186823	0.0450858	0.0272743	0.040264	0.00156866	0.00415916
83	0.0397048	0.0139983	0.0157785	0.150608	0.00746073	0.00158291	0.00779196	0.00158347	0.245247	0.00197225	0.00138613	0.0247376	0.00150255	0.0437038	0.151788	0.13894	0.102648	0.0418489	0.000713236	0.00700376
84	0.00406369	0.00107214	0.000528792	0.00488425	0.0280807	0.00103253	0.000544334	0.21915	0.000968562	0.573959	0.0729171	0.00204173	0.00264726	0.00383204	0.00117607	0.0038271	0.00454487	0.0675784	0.00130308	0.00584894
85	0.0801722	0.035714	0.00479398	0.0646829	0.18428	0.0302105	0.109836	0.027847	0.110981	0.0370608	0.00853817	0.00989075	0.00436077	0.00634759	0.0334124	0.0123555	0.0420139	0.0894056	0.00195918	0.106138
86	0.0462029	0.00965018	0.0125217	0.0160481	0.00746112	0.01263	0.0913236	0.0109845	0.233031	0.0204705	0.0105044	0.0194923	0.0076535	0.0310815	0.266465	0.0257048	0.138388	0.0290196	0.00528188	0.00608576
87	0.0285284	0.0176555	0.00227875	0.0189609	0.010211	0.00178757	0.00171869	0.190016	0.00242257	0.0147372	0.03029	0.002953	0.00414529	0.00287661	0.00338041	0.0148073	0.154266	0.479207	0.000837802	0.018919
88	0.0057884	0.00135884	0.000396072	0.000389206	0.0090098	0.000484559	0.000302424	0.463518	0.000452628	0.0780045	0.0175815	0.00259621	0.00038215	0.00126692	0.000491539	0.000919074	0.00242953	0.412814	0.000207577	0.00160679
89	0.01371	0.00634508	0.181219	0.526892	0.00485347	0.0165765	0.00630919	0.0113151	0.028319	0.00538359	0.00346669	0.0622335	0.00431195	0.048048	0.00876076	0.0264612	0.0239817	0.0203309	0.000391456	0.00109142
90	0.201537	0.00531704	0.0130559	0.0139932	0.00270048	0.0709151	0.00197573	0.00857275	0.00403186	0.0041214	0.00172138	0.00416269	0.54848	0.00263166	0.00738072	0.0432434	0.0215827	0.0413258	0.00106233	0.0021889
91	0.0625216	0.00330983	0.117448	0.369171	0.00377557	0.00424836	0.00377347	0.0449399	0.052218	0.00483092	0.00286134	0.0216484	0.00385413	0.00700096	0.0211065	0.137834	0.0611242	0.0429378	0.0162859	0.0191091
92	0.0136477	0.00655311	0.181507	0.532283	0.00430117	0.0145425	0.00654618	0.0122899	0.0323576	0.00487517	0.00464699	0.0580543	0.00372596	0.0435881	0.00964867	0.0227091	0.0218429	0.0252946	0.000536123	0.00104959
93	0.0127243	0.00428058	0.000971631	0.000723343	0.015887	0.00178155	0.000363387	0.39422	0.00062799	0.14586	0.0254144	0.00235707	0.00215747	0.0016054	0.000906286	0.00149088	0.00429391	0.381244	0.000502913	0.00258784
94	0.00932802	0.00247615	0.325317	0.0644777	0.00180894	0.245586	0.0108143	0.00274292	0.0158218	0.00245079	0.00109713	0.245082	0.00309288	0.00965504	0.0207119	0.0184634	0.011996	0.00557755	0.000666596	0.00283375
95	0.0884132	0.0440882	0.00999692	0.017833	0.0405802	0.0368713	0.0188767	0.0886846	0.0737502	0.191054	0.0406261	0.0124225	0.00435965	0.0330876	0.0286585	0.0308503	0.036854	0.16745	0.00383441	0.0317079
96	0.153915	0.0542753	0.00985539	0.00196883	0.00180754	0.228705	0.00188991	0.00628962	0.00515029	0.00377014	0.00118105	0.0100642	0.00240629	0.0103099	0.0033919	0.445196	0.0491951	0.00374268	0.00146417	0.00542187
97	0.0948886	0.0309699	0.00443414	0.0120684	0.273294	0.0285338	0.0391518	0.0270437	0.0578806	0.029686	0.0301392	0.0320278	0.00449288	0.00595668	0.0470545	0.0421698	0.0722704	0.016322	0.00192186	0.149694
98	0.0462127	0.00742101	0.00685313	0.0076169	0.0071151	0.00633148	0.00936547	0.0175145	0.00823211	0.442048	0.00822588	0.00787028	0.263689	0.00834672	0.0407684	0.0143052	0.0432537	0.0148591	0.00237893	0.0375929
99	0.0604881	0.0118259	0.0184719	0.0309425	0.0368657	0.0184424	0.223754	0.0241777	0.0347374	0.0325997	0.0134961	0.0424917	0.0189842	0.111817	0.0695948	0.0401885	0.083034	0.0320668	0.0173146	0.0787072
100	0.0536525	0.0134654	0.0270963	0.0530203	0.00745454	0.00995329	0.0205301	0.0145138	0.0632353	0.0258593	0.0143685	0.0312991	0.0128405	0.0533726	0.0880307	0.172506	0.266671	0.0610952	0.00397229	0.00706337
101	0.170252	0.0107754	0.00484679	0.014252	0.004475	0.00656805	0.010034	0.0562719	0.00890895	0.0517814	0.00354923	0.0070342	0.0725812	0.00454764	0.0144066	0.188908	0.225917	0.138726	0.00235624	0.00380793
102	0.027695	0.0157576	0.0178947	0.0125123	0.0414978	0.015391	0.340477	0.00832668	0.0610479	0.0265461	0.00603902	0.0435447	0.00785364	0.0435337	0.183051	0.0370237	0.030665	0.0226583	0.0216455	0.0368393
103	0.211949	0.00531166	0.011296	0.0110519	0.00319005	0.0916412	0.00244088	0.00809983	0.00372442	0.0033996	0.00211344	0.00430771	0.52535	0.00265012	0.0070855	0.0423941	0.0207182	0.0393711	0.00162654	0.00227928
104	0.0154445	0.0188244	0.266232	0.0726458	0.0120568	0.0569463	0.00275827	0.00270922	0.00984043	0.0080863	0.00186309	0.224374	0.00818198	0.00422947	0.0133924	0.155317	0.118853	0.00410639	0.00101855	0.00312107
105	0.0438594	0.00673871	0.0228633	0.0236121	0.00233468	0.799378	0.00161035	0.000522319	0.00451829	0.000646348	0.00116156	0.0160412	0.00804829	0.0024436	0.0161364	0.0319226	0.00633052	0.0100833	0.00131406	0.000435143
106	0.0139219	0.00677793	0.182985	0.521024	0.00481763	0.0154244	0.0063897	0.0119607	0.0297074	0.00534894	0.00351566	0.0653928	0.00389922	0.0475399	0.00925892	0.0257613	0.0234923	0.0214514	0.000376897	0.000953789
107	0.00555586	0.0013237	0.000397753	0.000378604	0.00886328	0.000462437	0.00029904	0.465295	0.000456098	0.0775895	0.0175154	0.00256053	0.000367528	0.00124848	0.000487441	0.000890143	0.00237297	0.412147	0.000207598	0.00158212
108	0.00514525	0.00170875	0.000483267	0.0057642	0.0324063	0.00126184	0.00042322	0.168978	0.00088759	0.602721	0.0858563	0.00222936	0.00332836	0.00447263	0.00110438	0.00345386	0.00538283	0.0649012	0.00126899	0.0082234
109	0.00555586	0.0013237	0.000397753	0.000378604	0.00886328	0.000462437	0.00029904	0.465295	0.000456098	0.0775895	0.0175154	0.00256053	0.000367528	0.00124848	0.000487441	0.000890143	0.00237297	0.412147	0.000207598	0.00158212
110	0.142363	0.0751076	0.019578	0.00763362	0.00673515	0.103209	0.00736648	0.00963984	0.00887823	0.010238	0.0077711	0.0811783	0.00861485	0.0136413	0.0108524	0.364893	0.0936186	0.0210755	0.00104502	0.00656132
111	0.323165	0.172659	0.00156437	0.00185976	0.0222289	0.0502917	0.00142935	0.0360222	0.00223211	0.0452622	0.031921	0.0202622	0.00395273	0.00622034	0.00807237	0.143608	0.0766043	0.0404539	0.000754482	0.011436
112	0.00324531	0.0010501	0.000462594	0.00609474	0.0326245	0.000922559	0.000383152	0.17116	0.000834308	0.620474	0.0770635	0.00240215	0.00295671	0.00436265	0.00105705	0.00350899	0.00525307	0.0571311	0.00123965	0.0077738
113	0.0435095	0.00671305	0.0241647	0.0241657	0.00247305	0.793267	0.00210689	0.000546413	0.00527218	0.000835767	0.00119163	0.0178442	0.00807094	0.00260372	0.0165162	0.0320671	0.0065202	0.0100317	0.00130716	0.000793248
114	0.0658288	0.00100357	0.113822	0.166327	0.00885583	0.0312717	0.0220277	0.004694	0.186465	0.00615535	0.00252478	0.0810277	0.00687238	0.0847091	0.0543401	0.0823058	0.0666108	0.00519246	0.000214013	0.0097523
115	0.0207849	0.00712979	0.177536	0.0973714	0.00504026	0.0118033	0.00341433	0.00409408	0.0400976	0.00729828	0.00255698	0.0898284	0.0054412	0.0110926	0.0151947	0.187688	0.296774	0.0109931	0.00153951	0.00432169
116	0.0296816	0.0167326	0.00149847	0.00172876	0.317298	0.0496515	0.00204933	0.035872	0.00765706	0.158964	0.0592504	0.00193836	0.00480209	0.00484862	0.00324915	0.00257711	0.00753243	0.0437876	0.103774	0.147107
117	0.0158856	0.00835892	0.190369	0.491086	0.004315	0.0160306	0.00861905	0.0146231	0.034375	0.00474117	0.00331762	0.0722258	0.00375432	0.0445762	0.0138214	0.0251895	0.0222881	0.0242585	0.000592185	0.00157198
118	0.0183907	0.0243724	0.00960517	0.00535237	0.0287493	0.00262072	0.00104577	0.268256	0.0021065	0.189487	0.0379963	0.00586471	0.0289242	0.00735535	0.00300716	0.0114071	0.0368912	0.314405	0.00082936	0.00333349
119	0.0266054	0.00356669	0.0106169	0.0471846	0.0105763	0.00742519	0.00279355	0.185044	0.0792001	0.172486	0.0116667	0.00295789	0.00737634	0.0699711	0.0653142	0.00414714	0.0953534	0.182299	0.00494137	0.0104734
120	0.0377125	0.00567061	0.0579242	0.041186	0.00262982	0.67623	0.00459391	0.00117928	0.0195576	0.00164444	0.00139891	0.0402269	0.010071	0.00899633	0.0264957	0.0376955	0.0153565	0.00856049	0.00105525	0.00181541
121	0.0743136	0.0121733	0.0116714	0.0228033	0.00902152	0.0213939	0.0527035	0.0349893	0.102816	0.0914703	0.0446674	0.0451417	0.00868929	0.0655124	0.144824	0.052965	0.132746	0.0609469	0.00259317	0.00855791
122	0.0189873	0.0254449	0.00273685	0.00324928	0.307648	0.0305936	0.0154526	0.0163022	0.0605418	0.135165	0.0672447	0.0102881	0.0033402	0.0133624	0.0264473	0.00756919	0.0279934	0.0193377	0.0390855	0.16921
123	0.0564002	0.0420446	0.0227008	0.0346176	0.0122174	0.248172	0.12995	0.0100881	0.0145568	0.0174273	0.0407912	0.180217	0.00856289	0.0159611	0.0140799	0.0967519	0.0215944	0.0126209	0.00287286	0.0183733
124	0.00806707	0.017939	0.02047	0.0068051	0.166382	0.00834514	0.0777784	0.00581312	0.00657614	0.00920222	0.00285648	0.0358612	0.00253738	0.00423866	0.0112411	0.0128965	0.0227836	0.0101373	0.00876685	0.561303
125	0.00823839	0.00303845	0.656704	0.0537281	0.00210319	0.0114542	0.00827279	0.00433816	0.012186	0.00411777	0.00180615	0.147946	0.00635976	0.0107497	0.0139484	0.0187432	0.0150945	0.0108416	0.00493582	0.00539412
126	0.00825127	0.00521341	0.00955687	0.00220168	0.402868	0.00255311	0.0147629	0.00801402	0.00290604	0.0196299	0.00264838	0.00258368	0.00230755	0.00249992	0.00615091	0.00496434	0.00712305	0.00875309	0.0124901	0.474522
127	0.0363253	0.0152702	0.0295468	0.014937	0.123882	0.0241551	0.030332	0.0287651	0.0237788	0.056732	0.0281808	0.0182058	0.0186911	0.0220292	0.0289149	0.0298083	0.0453712	0.0359159	0.299226	0.0899315
128	0.00851822	0.00554163	0.00619814	0.00982756	0.326563	0.00437174	0.0974121	0.0326711	0.0138934	0.0107969	0.0030042	0.0101758	0.00760205	0.0241652	0.0146842	0.00745134	0.0159524	0.0189556	0.0784252	0.30379
129	0.027303	0.0134715	0.0321108	0.0316416	0.0235361	0.0280719	0.155942	0.0163481	0.0843642	0.0255347	0.00850575	0.164122	0.0219288	0.124493	0.0756827	0.04078	0.0498763	0.0255878	0.00963214	0.0410671
130	0.0579016	0.0146023	0.0065321	0.0105032	0.0252334	0.0136749	0.0140223	0.1451	0.0248422	0.30591	0.0300151	0.0113657	0.0925525	0.00811322	0.0306398	0.0138904	0.0287191	0.116759	0.00524229	0.0443815
131	0.0156786	0.0060928	0.00779064	0.0165272	0.00519657	0.0261971	0.109084	0.030631	0.0660483	0.076723	0.00478615	0.101134	0.0713061	0.114345	0.11573	0.0175578	0.0964547	0.0308134	0.00280032	0.0851029
132	0.0397658	0.00482437	0.00478086	0.00422131	0.123747	0.00369872	0.309142	0.00470558	0.0374126	0.0216828	0.00286583	0.0245575	0.00391435	0.0926656	0.141608	0.0370946	0.0110118	0.00638933	0.0576973	0.068215
133	0.00400569	0.00164672	0.512928	0.0685212	0.000839354	0.0193092	0.00937843	0.00297219	0.0156752	0.00187717	0.000495507	0.287527	0.00132008	0.0136402	0.0156328	0.0213283	0.0133858	0.00598348	0.000408716	0.0031249
134	0.0310426	0.0172602	0.00221877	0.0176027	0.00973686	0.00186293	0.00162051	0.194173	0.00281376	0.0176287	0.0321155	0.00308074	0.00547417	0.00285263	0.00340636	0.013609	0.153357	0.470708	0.000882993	0.0185522
135	0.0184106	0.00462946	0.00074681	0.00410851	0.0295264	0.00357795	0.000718064	0.145254	0.00146418	0.533781	0.125064	0.00193495	0.0046945	0.00360236	0.00200395	0.00321493	0.00674068	0.101978	0.00151819	0.00703162
136	0.00555586	0.0013237	0.000397753	0.000378604	0.00886328	0.000462437	0.00029904	0.465295	0.000456098	0.0775895	0.0175154	0.00256053	0.000367528	0.00124848	0.000487441	0.000890143	0.00237297	0.412147	0.000207598	0.00158212
137	0.034288	0.00456072	0.00217334	0.00169246	0.00170908	0.0113516	0.00176445	0.001909	0.0179758	0.0111292	0.000910479	0.0050952	0.00262465	0.00184709	0.00582058	0.703172	0.180267	0.00803866	0.00175839	0.00191165
138	0.0278967	0.00169869	0.00275788	0.00339872	0.00288995	0.00439259	0.00257398	0.00203195	0.0176741	0.0109071	0.00127305	0.00249687	0.00237484	0.00238339	0.00656149	0.661898	0.231675	0.010968	0.00126656	0.00288074
139	0.0569241	0.00462008	0.112283	0.217824	0.00840415	0.0335728	0.0265696	0.00684819	0.126512	0.00692329	0.00372276	0.0686581	0.00797461	0.0788282	0.0422604	0.0926277	0.0847317	0.00978779	0.000940652	0.00998671
140	0.0325258	0.0164632	0.00207801	0.00227342	0.301388	0.0520122	0.00255928	0.0359531	0.00922658	0.155918	0.0595222	0.00278589	0.00509983	0.00556036	0.00477105	0.00363785	0.00894178	0.0468864	0.112123	0.140274
141	0.221166	0.00925281	0.0122099	0.0314514	0.00813315	0.515583	0.00487101	0.00499458	0.00805626	0.00631847	0.0210331	0.0110637	0.0303479	0.00540993	0.0130072	0.0206139	0.0500403	0.0159033	0.00622877	0.0043155
142	0.16983	0.0265022	0.00520858	0.0518623	0.00752546	0.00838862	0.0305561	0.0404946	0.0103366	0.0663267	0.00495198	0.0067047	0.0264476	0.00732776	0.0284516	0.142207	0.168598	0.190704	0.00179881	0.00577776
143	0.175656	0.00945459	0.0188665	0.0237578	0.00385909	0.0318483	0.00287474	0.0113697	0.0171467	0.0185092	0.00377895	0.0153538	0.488347	0.00644787	0.0446235	0.0552163	0.0318036	0.0343162	0.00281886	0.0039509
144	0.0380019	0.00988621	0.0406064	0.00935206	0.00573911	0.0292919	0.0366427	0.00481032	0.119346	0.00645757	0.00406442	0.201269	0.033119	0.0220731	0.149085	0.219355	0.0509994	0.00996869	0.0019149	0.00801775
145	0.101533	0.0404849	0.0143535	0.0232708	0.0225851	0.0420764	0.0261721	0.0775199	0.103682	0.141256	0.0596178	0.0217262	0.0023393	0.0494678	0.0580888	0.0443471	0.051632	0.101361	0.00287665	0.0156096
146	0.0660295	0.00118211	0.113025	0.166587	0.008963	0.0316508	0.0220535	0.00547826	0.184772	0.00784081	0.0031209	0.0803443	0.00677819	0.0841921	0.0542534	0.0813492	0.0662742	0.00622448	0.000260683	0.00962063
147	0.0677916	0.0134219	0.0126827	0.0267169	0.011874	0.0337312	0.0615638	0.0535775	0.16129	0.0975666	0.0573808	0.0355588	0.00315976	0.0597237	0.141356	0.0358894	0.0477708	0.0713371	0.00221007	0.00539711
148	0.00540232	0.0078998	0.0132678	0.00301513	0.271773	0.00175862	0.026929	0.00667498	0.00321688	0.0115692	0.00170001	0.00423692	0.00179748	0.00266718	0.00499299	0.0064572	0.0127111	0.00579134	0.0106351	0.597503
149	0.0440248	0.00716887	0.0233319	0.02468	0.00240941	0.793613	0.00190207	0.000736485	0.00475724	0.000912088	0.00118208	0.0166239	0.00814434	0.00258505	0.0162127	0.0332639	0.00646203	0.00998007	0.00136171	0.000648678
150	0.0136409	0.0285657	0.00602309	0.00688236	0.0160415	0.0335396	0.140646	0.00374444	0.0760006	0.0138964	0.0038045	0.0633555	0.00310686	0.0723617	0.367601	0.0887223	0.0459372	0.00877703	0.00190815	0.00544481
151	0.110257	0.0364453	0.0174115	0.0481603	0.0207954	0.0110251	0.153336	0.00220146	0.107308	0.011065	0.00839543	0.0467999	0.00973957	0.0247357	0.175405	0.166549	0.016381	0.00420713	0.00130712	0.0284739
152	0.00349456	0.000984035	0.000471518	0.00517619	0.0290829	0.000947829	0.000459708	0.201469	0.000883514	0.594368	0.0735316	0.00213697	0.00270475	0.00396125	0.00111151	0.00368672	0.00473781	0.0631563	0.00126131	0.00637539
153	0.010845	0.00632405	0.0336361	0.00601467	0.0504267	0.0168416	0.381379	0.00364729	0.00435634	0.0177248	0.00249615	0.261146	0.00297974	0.00516805	0.0205315	0.0240104	0.0186251	0.022907	0.0150978	0.095843
154	0.00985985	0.0048609	0.00368629	0.00181909	0.0481697	0.00176221	0.000977195	0.38097	0.00138356	0.077794	0.0146968	0.00877424	0.00425669	0.00364983	0.00153112	0.00435684	0.00589814	0.422285	0.00114418	0.00212424
155	0.026031	0.0153305	0.0017931	0.00196475	0.296146	0.0437071	0.00266774	0.0316302	0.00764387	0.14352	0.0567363	0.00241644	0.00504577	0.00482106	0.00337147	0.00301686	0.00921005	0.0386103	0.1585	0.147837
156	0.0279374	0.00257214	0.328197	0.0954817	0.00372692	0.0229096	0.0155629	0.00330322	0.0867058	0.00396769	0.00149385	0.162111	0.00606719	0.0479059	0.053364	0.0730625	0.0510357	0.00490318	0.00049875	0.00919347
157	0.00889772	0.0280282	0.00590041	0.00467649	0.0110675	0.0564878	0.13982	0.00459273	0.0947141	0.0243433	0.00366774	0.0317213	0.00363968	0.0678129	0.424474	0.0394552	0.0320302	0.0110296	0.00326884	0.00437284
158	0.0389544	0.0140446	0.015996	0.152137	0.00726143	0.00163544	0.0078763	0.00156005	0.245596	0.00196611	0.00140757	0.0247793	0.0017415	0.043673	0.150944	0.137714	0.102819	0.0423293	0.000684375	0.00688023
159	0.0318834	0.0244934	0.00391297	0.0067331	0.00964515	0.0225428	0.0497075	0.147315	0.0893288	0.23878	0.0365866	0.0345436	0.0237326	0.011619	0.0959407	0.0093535	0.0142647	0.0935538	0.00774739	0.0483161
160	0.0247749	0.00340511	0.0102239	0.047239	0.0109669	0.00697139	0.00265659	0.187551	0.0773178	0.174767	0.0110239	0.00284762	0.00732469	0.0703982	0.0652995	0.003719	0.0943474	0.183516	0.00484686	0.0108043
161	0.0526569	0.0018015	0.08635	0.135976	0.00740031	0.0318812	0.0178169	0.00458977	0.223331	0.0076194	0.00319324	0.0727801	0.00615208	0.148999	0.0526128	0.0712668	0.054127	0.00755307	0.000838154	0.0130553
162	0.0634907	0.010611	0.042509	0.0728379	0.000958119	0.0019202	0.00173111	0.00597907	0.0520594	0.0128733	0.00461847	0.0203875	0.0071555	0.0224438	0.0487437	0.245246	0.345915	0.0387286	0.000340274	0.00145179
163	0.0193677	0.00593959	0.00053105	0.000968553	0.0209229	0.0034962	0.000541464	0.325493	0.00103216	0.301864	0.0413393	0.00136523	0.00304719	0.00115324	0.0016307	0.00229247	0.00545193	0.257852	0.00103365	0.00467786
164	0.0406192	0.00236278	0.29544	0.120695	0.00548362	0.0258361	0.0179401	0.00349212	0.0957181	0.00453132	0.00150651	0.131578	0.00671207	0.0535545	0.0486572	0.0707667	0.0576155	0.00430285	0.000435341	0.0127538
165	0.0109676	0.00313617	0.000696703	0.00483076	0.0312983	0.00245195	0.000533081	0.156982	0.00120247	0.592091	0.0793517	0.00216333	0.00375604	0.00356313	0.00171212	0.00340372	0.00599303	0.0866687	0.0015106	0.00768775
166	0.0465617	0.00707486	0.0270377	0.0238665	0.00301997	0.757744	0.00197333	0.00175335	0.0057374	0.00162375	0.00176841	0.0175313	0.0206985	0.00343266	0.0172137	0.0332226	0.00996991	0.0165699	0.00161896	0.00158129
167	0.0140901	0.00679547	0.185621	0.516679	0.00521441	0.0156131	0.00625132	0.0116882	0.0292048	0.00593704	0.00345178	0.0649557	0.00400855	0.0481762	0.00900506	0.026877	0.0245185	0.0205833	0.000379979	0.000949045
168	0.0128468	0.0140329	0.0240339	0.0174562	0.0373226	0.0633726	0.203061	0.00525496	0.00624585	0.00887183	0.00436263	0.189211	0.00501821	0.00969784	0.0294206	0.0628167	0.0645614	0.0235038	0.00351929	0.21539
169	0.10102	0.0394529	0.0143943	0.0234518	0.0226452	0.0424225	0.0263529	0.0771662	0.103668	0.141939	0.0597739	0.0219074	0.00234243	0.0500787	0.0589453	0.0440299	0.0517361	0.100618	0.0028959	0.0151597
170	0.0484521	0.0226905	0.00328899	0.00533153	0.00494451	0.00320425	0.00138119	0.295395	0.00692902	0.0936039	0.0977905	0.0051262	0.0247159	0.00634428	0.00647852	0.00461872	0.121483	0.245104	0.000646296	0.0024714
171	0.190021	0.0052812	0.0105719	0.0107426	0.00359993	0.050093	0.00289519	0.01038	0.00509242	0.00478154	0.00176581	0.00487898	0.563493	0.00304643	0.0102658	0.0397984	0.0243164	0.0552486	0.00134557	0.00238254
172	0.0484573	0.014805	0.00307582	0.00673069	0.0428346	0.0116293	0.00404373	0.146011	0.0137826	0.41882	0.0526739	0.00571593	0.00854948	0.00826889	0.0105253	0.0108848	0.0292573	0.145751	0.00388484	0.0142979
173	0.0789566	0.0102508	0.0926838	0.269396	0.00899827	0.0243588	0.0155187	0.0155362	0.0755035	0.0150894	0.00569671	0.0430974	0.0353669	0.0385102	0.0382234	0.116015	0.0695975	0.0313947	0.00415501	0.0116515
174	0.0881545	0.0182838	0.00100539	0.00142406	0.00801967	0.00427581	0.00115186	0.126531	0.00127205	0.0396273	0.00317278	0.0012803	0.00162423	0.00106533	0.00156372	0.00683883	0.0290089	0.654753	0.00662449	0.00432312
175	0.0156197	0.0210709	0.00683909	0.0170137	0.0168831	0.00930111	0.0165731	0.00497077	0.3041	0.0199206	0.00329662	0.0129364	0.0194091	0.0367566	0.424053	0.0119483	0.0270956	0.0151632	0.00312765	0.0139214
176	0.0160247	0.00908722	0.00491141	0.00667952	0.367902	0.0185163	0.0398287	0.0513668	0.00997781	0.0562091	0.021381	0.00487367	0.030429	0.0184282	0.00785416	0.00652389	0.0127742	0.0333059	0.0914219	0.192505
177	0.105285	0.0229884	0.0152783	0.0230385	0.0134361	0.0193387	0.0853737	0.0294906	0.0376754	0.203113	0.0690277	0.0220928	0.0923315	0.0201926	0.0493607	0.0871761	0.0390255	0.0427595	0.00490037	0.0181152
178	0.0255892	0.0100632	0.0295076	0.0115997	0.0446014	0.0185909	0.436674	0.0121427	0.0320626	0.0206191	0.00670445	0.0773462	0.00959484	0.0319155	0.0713616	0.0353627	0.0283469	0.0235977	0.0178377	0.0564824
179	0.00344007	0.00152865	0.532525	0.0676338	0.000724008	0.0160602	0.00887716	0.00298369	0.0140417	0.00158578	0.000429342	0.278961	0.000957449	0.0135072	0.0147529	0.0204386	0.0124741	0.00600517	0.000362481	0.00271175
180	0.170983	0.00754382	0.0149024	0.0210946	0.00287589	0.0462506	0.00286204	0.0104953	0.00816629	0.0118044	0.00270292	0.00846837	0.559732	0.00506113	0.0152362	0.0431146	0.0243349	0.0394837	0.0018211	0.00306703
181	0.0631226	0.00896517	0.0652384	0.077427	0.00152478	0.00275074	0.00191743	0.00428931	0.0509082	0.0124827	0.00390225	0.0352306	0.00720557	0.0260068	0.0448909	0.242647	0.315715	0.0332702	0.000369041	0.00213577
182	0.0136801	0.0114314	0.0263002	0.117834	0.00675078	0.0055747	0.120968	0.0565264	0.00639723	0.0152471	0.0367211	0.00679922	0.00467214	0.26893	0.00932946	0.0380409	0.10669	0.0596715	0.0288377	0.0595984
183	0.134667	0.0131155	0.0178404	0.0225843	0.00702351	0.613337	0.00396965	0.00549087	0.00919519	0.00721612	0.00769674	0.0146573	0.0186644	0.00541456	0.0154028	0.0441452	0.0247768	0.0148649	0.0159546	0.00398259
184	0.00653935	0.00449283	0.0100981	0.00187583	0.402828	0.00125948	0.011477	0.0069373	0.00214833	0.0168795	0.000940446	0.00237649	0.00203409	0.00177535	0.00637778	0.00513371	0.00676342	0.0063832	0.00837193	0.495308
185	0.0682698	0.0275855	0.00141852	0.00314809	0.00651416	0.0029848	0.00101403	0.130061	0.00216132	0.0439477	0.00972595	0.00164218	0.00389786	0.0016292	0.00181057	0.0103498	0.0528968	0.622107	0.00421225	0.0046229
186	0.0457573	0.00867741	0.0225895	0.0231103	0.00241284	0.78394	0.00264945	0.000619953	0.00455336	0.00074885	0.00144483	0.0189809	0.00796915	0.00257427	0.015971	0.0392644	0.00676968	0.0101785	0.00127382	0.000514854
187	0.323205	0.171929	0.00155027	0.00200547	0.0208001	0.0509172	0.00144525	0.0361766	0.00260553	0.0461428	0.0317462	0.0186671	0.00386541	0.00642276	0.00797215	0.145143	0.0735206	0.0426171	0.000731184	0.0125381
188	0.380405	0.0849523	0.00721231	0.00834647	0.0342488	0.0612881	0.00526291	0.0205845	0.0112903	0.0228931	0.0157622	0.0134877	0.077306	0.00769304	0.0137204	0.0809602	0.0754101	0.0668352	0.00319173	0.00914907
189	0.011735	0.004385	0.000539521	0.00464564	0.0340582	0.0025445	0.000417886	0.166223	0.00105949	0.57244	0.0668357	0.0021156	0.00437994	0.00367887	0.00130346	0.00455515	0.00672053	0.101765	0.00124453	0.00935308
190	0.0287859	0.00728997	0.00816539	0.0401183	0.0197009	0.104645	0.0557462	0.00441188	0.00726826	0.00596839	0.00381863	0.0899952	0.0202094	0.0544543	0.0245427	0.409545	0.0815131	0.00962477	0.00128464	0.022912
191	0.171603	0.0662088	0.00986759	0.00188572	0.00144809	0.262911	0.0015004	0.00854844	0.00265498	0.00236868	0.0012363	0.0051439	0.00147503	0.0108157	0.00249478	0.4107	0.0295463	0.00290535	0.0011436	0.00554332
