395	20
1	0.105277	0.0987161	0.00399487	0.000860135	0.0862597	0.062156	0.00543963	0.136869	0.000558773	0.136764	0.0250325	0.00836788	0.000813099	0.00563065	0.00592695	0.102213	0.0627853	0.126437	0.0120715	0.0138261
2	0.35292	0.056049	0.00154386	0.00816214	0.0215396	0.101668	0.00275874	0.0452017	0.00124309	0.0984878	0.0121148	0.0142001	0.00178951	0.00279058	0.0095204	0.14347	0.0654741	0.0573085	0.00150048	0.00225801
3	0.0660861	0.0121635	0.00104921	0.000733405	0.0822887	0.0050585	0.00276881	0.216154	0.00174618	0.212687	0.0456257	0.00383876	0.00596927	0.00285031	0.00456547	0.0337926	0.0691024	0.220525	0.00702873	0.00596657
4	0.0199751	0.0185722	0.000280158	0.000842644	0.0865038	0.0026203	0.00405717	0.110833	0.00146677	0.536193	0.0680668	0.000778469	0.00446407	0.00539183	0.00413672	0.014261	0.015142	0.0860411	0.00824122	0.0121331
5	0.123021	0.0758202	0.00230845	0.00090523	0.0846304	0.0524752	0.006477	0.0962168	0.000555726	0.151881	0.0393551	0.00830645	0.000625735	0.00892695	0.00334115	0.13193	0.0807445	0.106631	0.0126081	0.0132393
6	0.0892936	0.0137987	0.00330005	0.00181276	0.074879	0.0149211	0.00344086	0.172163	0.00354622	0.245238	0.0510849	0.00787894	0.0102021	0.0040618	0.00392072	0.0357119	0.0580335	0.193453	0.00578056	0.00747988
7	0.0188897	0.0190061	0.000326144	0.00077079	0.0868799	0.00262258	0.00368112	0.107935	0.00137714	0.545233	0.068397	0.000553616	0.00462502	0.00537509	0.00406934	0.0135641	0.0137605	0.0831397	0.008037	0.0117565
8	0.0234863	0.0169102	0.000346194	0.000724592	0.0875647	0.00234566	0.00390002	0.121057	0.00136522	0.509901	0.0669215	0.000911332	0.00422736	0.00570724	0.00493306	0.0165269	0.0200722	0.0952323	0.00723501	0.0106316
9	0.123004	0.0156237	0.0042303	0.00175892	0.0734772	0.0294739	0.00198024	0.145038	0.00407484	0.230855	0.0452918	0.00563652	0.0185626	0.00451792	0.00200397	0.0368223	0.0415337	0.208957	0.00319756	0.00396086
10	0.0293964	0.00221764	0.000953784	0.0062089	0.0681381	0.00176616	0.00277812	0.130873	0.00101839	0.254874	0.353448	0.00164166	0.00096253	0.00985517	0.00774556	0.00837605	0.019877	0.0902353	0.000997688	0.00863703
11	0.0373755	0.00278956	0.00167933	0.00188318	0.285343	0.00275242	0.0114822	0.019685	0.00127947	0.527383	0.00937273	0.00175483	0.00176637	0.00189904	0.00289948	0.0110907	0.0471534	0.02248	0.00130163	0.00862896
12	0.142374	0.00716611	0.00485198	0.00194389	0.0650454	0.0263082	0.00117424	0.144377	0.0050812	0.226839	0.0512996	0.00536889	0.0238428	0.00420404	0.00120073	0.0261002	0.034697	0.224567	0.00134941	0.00220874
13	0.32308	0.0796843	0.00251895	0.00422336	0.0050564	0.0961135	0.0082971	0.0247658	0.000991868	0.0312051	0.00503672	0.0127668	0.00197596	0.00142055	0.0136454	0.29194	0.0580632	0.0351962	0.00071257	0.00330668
14	0.00536316	0.00204992	0.503539	0.348639	0.00346762	0.016676	0.0055021	0.00404484	0.0174268	0.00410723	0.00477821	0.0244427	0.000983135	0.0202131	0.0062868	0.0195948	0.00569993	0.00459981	0.000565876	0.00201992
15	0.081656	0.0388286	0.00143022	0.000646572	0.0897227	0.0224876	0.00431421	0.181004	0.000656863	0.190655	0.0431066	0.00718395	0.00218624	0.00464096	0.00438743	0.0744655	0.0781203	0.156048	0.00941327	0.00904622
16	0.091704	0.105501	0.00433526	0.00113482	0.0872381	0.0592851	0.00593075	0.137745	0.000850967	0.137731	0.0263543	0.00811552	0.0011166	0.00558985	0.00778011	0.0957094	0.0604014	0.11607	0.0326275	0.0147805
17	0.00511725	0.00739621	0.000718429	0.000933466	0.708617	0.00124632	0.0173843	0.00686715	0.000926084	0.0484123	0.0094874	0.00116931	0.00317912	0.00384934	0.00403925	0.016457	0.0111256	0.0134564	0.00733488	0.132283
18	0.378868	0.0427613	0.00222289	0.0109423	0.0117361	0.0962031	0.00210654	0.0428227	0.00146485	0.0534795	0.00927014	0.0106113	0.00133763	0.00193148	0.00896117	0.170225	0.098447	0.0546386	0.000561129	0.00140961
19	0.0199746	0.0162075	0.000602518	0.0044022	0.226283	0.0054546	0.00310354	0.109435	0.000936084	0.426661	0.0216616	0.00117541	0.0126178	0.00259473	0.00211958	0.00993748	0.01208	0.101807	0.016773	0.00617357
20	0.0457433	0.0263536	0.0042719	0.0103834	0.0780877	0.0122405	0.0357097	0.108909	0.00671596	0.23663	0.0757125	0.0268321	0.00500977	0.0189924	0.00991648	0.0450904	0.0219458	0.144571	0.0311143	0.0557708
21	0.0132309	0.0579817	0.0106018	0.00253592	0.16002	0.0155187	0.0416186	0.0294081	0.00397632	0.0628149	0.0238741	0.00379262	0.00177942	0.0114223	0.0282549	0.0504648	0.0133782	0.0247896	0.271835	0.172702
22	0.0346729	0.0109882	0.00836329	0.02316	0.0289197	0.0336374	0.0506987	0.0335934	0.0986752	0.0945864	0.0264408	0.0372236	0.00580661	0.0834159	0.302689	0.0321142	0.0528767	0.0278579	0.00196821	0.0123118
23	0.0269192	0.0397891	0.00401745	0.0064528	0.0701036	0.0130432	0.0234472	0.0719728	0.00453219	0.154751	0.0544689	0.0162355	0.0036157	0.0128919	0.0157652	0.0392333	0.0184342	0.0862923	0.274947	0.0630876
24	0.0473587	0.0391562	0.0240402	0.00223365	0.0123593	0.0337949	0.0477795	0.00978909	0.115233	0.00438798	0.00145303	0.126583	0.000750675	0.0266916	0.254821	0.168922	0.0617632	0.00587136	0.000464632	0.0165475
25	0.00528661	0.0106585	0.00224218	0.00252315	0.0283335	0.0124157	0.0190627	0.09937	0.034134	0.0487183	0.0657769	0.011316	0.291396	0.0313324	0.163734	0.0482038	0.082699	0.0395946	0.000791019	0.00241214
26	0.0522351	0.00118116	0.000655287	0.00058977	0.0013156	0.0010325	0.000609383	0.222071	0.0010395	0.066748	0.0438955	0.00202218	0.00210836	0.000608027	0.00388822	0.010721	0.0156811	0.572831	0.000269093	0.000498426
27	0.0125529	0.00495156	0.069909	0.0854632	0.087066	0.0218545	0.101894	0.0146979	0.00692876	0.0255459	0.00644288	0.00566783	0.00245485	0.053627	0.193489	0.0758819	0.0906451	0.0497567	0.0167065	0.0744637
28	0.129939	0.00809342	0.00471215	0.0258798	0.00843599	0.00796025	0.00555386	0.034982	0.00710073	0.0285713	0.00562756	0.0156117	0.172097	0.0433597	0.00861938	0.0690775	0.344634	0.0739741	0.00175884	0.00401141
29	0.00853489	0.0272549	0.00690185	0.00096301	0.470592	0.00745514	0.055042	0.00984359	0.00275618	0.0435141	0.0141423	0.00163112	0.00163942	0.0105102	0.0132255	0.0418835	0.0155278	0.0158156	0.00841133	0.244355
30	0.00609237	0.0106353	0.00282174	0.00297078	0.0254099	0.0117046	0.0200443	0.109019	0.0341731	0.0504976	0.0573005	0.0140139	0.284023	0.0273069	0.15746	0.0512014	0.0857727	0.0463844	0.00083831	0.00233104
31	0.0202907	0.00565227	0.130312	0.325763	0.00352488	0.036019	0.0617155	0.014604	0.0681462	0.0196535	0.0162153	0.0907677	0.000902304	0.0766569	0.0332496	0.0389289	0.0213237	0.020373	0.00152912	0.0143721
32	0.0302403	0.0175619	0.0132779	0.0031246	0.0123192	0.024823	0.0582985	0.0124424	0.116552	0.0334325	0.00776238	0.0992838	0.0028887	0.0401567	0.375736	0.0766996	0.0560779	0.00800854	0.000668917	0.0106449
33	0.0420239	0.0143107	0.0016386	0.00161435	0.0687713	0.00761306	0.00376187	0.15824	0.00330213	0.389398	0.0546071	0.00264705	0.00638302	0.00429464	0.00417253	0.0212339	0.0300315	0.171097	0.00576178	0.00909776
34	0.0232817	0.0270697	0.0106893	0.00418501	0.191538	0.00802434	0.0236572	0.0836917	0.00371086	0.302665	0.0451619	0.0080915	0.00338218	0.0137001	0.0163038	0.0274773	0.0200083	0.0818708	0.0106241	0.094867
35	0.0546731	0.0079461	0.00134362	0.00245916	0.00827587	0.00972007	0.00810801	0.0193998	0.0015733	0.0384827	0.0233862	0.00201264	0.680977	0.00331153	0.00384017	0.0684353	0.0388104	0.0247582	0.000811265	0.00167608
36	0.319857	0.0248349	0.0431073	0.00238916	0.00293389	0.234793	0.00276939	0.0050084	0.0128683	0.0246346	0.00275921	0.023827	0.0940757	0.0228899	0.0847143	0.0723367	0.00555317	0.0173517	0.000846	0.00245034
37	0.0193604	0.00684554	0.00158079	0.0013772	0.0316575	0.0158427	0.00602027	0.243333	0.015198	0.188134	0.025067	0.00210534	0.00485839	0.00120209	0.00429762	0.0120694	0.0275462	0.379527	0.000454798	0.0135236
38	0.00388651	0.00186062	0.868774	0.0324031	0.00173724	0.00843027	0.00200388	0.00245592	0.00564677	0.00246744	0.00171127	0.0282636	0.000993474	0.00602794	0.00191718	0.0231406	0.00371979	0.00296433	0.000504493	0.0010919
39	0.0499058	0.00155467	0.000416766	0.000469003	0.00105966	0.00104712	0.000549221	0.238683	0.00150246	0.0597888	0.066201	0.00291442	0.00223571	0.000649755	0.00251005	0.00919035	0.0137651	0.546652	0.000190307	0.000714171
40	0.0155616	0.0191234	0.00120271	0.00139265	0.296197	0.00253016	0.00539639	0.0870334	0.00153026	0.349115	0.0662393	0.00166028	0.00338812	0.00726905	0.00542537	0.0124555	0.0120947	0.0648078	0.00518707	0.0423899
41	0.0430136	0.00146448	0.000487035	0.000484005	0.00108837	0.0013497	0.000732811	0.228754	0.00114873	0.0541319	0.044736	0.00214185	0.00181398	0.000633092	0.00254537	0.00784838	0.0121999	0.594534	0.000201137	0.0006922
42	0.0806021	0.12894	0.0105421	0.01038	0.0898997	0.0248967	0.0137863	0.0389325	0.00949213	0.03396	0.0162773	0.0216908	0.0545307	0.0137483	0.0177487	0.177636	0.140765	0.0873469	0.0072744	0.0215498
43	0.115586	0.0278937	0.0437997	0.0141523	0.00898363	0.0878224	0.013002	0.0282678	0.0223375	0.0174537	0.00614373	0.0683954	0.0128959	0.018046	0.0292816	0.174938	0.282021	0.0216633	0.0025071	0.00480812
44	0.235239	0.0310004	0.00733993	0.00976452	0.0324188	0.0352719	0.0212866	0.0727184	0.0049263	0.115088	0.030862	0.0119862	0.0206458	0.00904682	0.0135106	0.109193	0.0909463	0.133019	0.00572843	0.0100085
45	0.0214598	0.0115375	0.385562	0.0434447	0.0025473	0.0454419	0.013621	0.0067807	0.03772	0.00282702	0.00676596	0.273601	0.00143632	0.0185564	0.0060886	0.0919832	0.0214914	0.00528266	0.000574344	0.00327813
46	0.0820149	0.00774558	0.00522578	0.0025797	0.013437	0.00948012	0.0289543	0.0119203	0.00159412	0.0184769	0.0110242	0.00570661	0.625199	0.0131484	0.0120755	0.085999	0.0393828	0.0209621	0.000543567	0.00452981
47	0.0742062	0.0222337	0.0469383	0.0891599	0.0433774	0.0276922	0.0336636	0.0781932	0.061133	0.0503723	0.0267098	0.0405303	0.00655371	0.0396135	0.0797486	0.0729947	0.0903995	0.0754681	0.00981093	0.0312015
48	0.0482977	0.0107547	0.0018984	0.0305243	0.00243416	0.0124066	0.00405903	0.100322	0.126235	0.122009	0.123369	0.0207614	0.000960751	0.017952	0.0937757	0.0482509	0.0519127	0.174585	0.00606472	0.0034264
49	0.00598437	0.00203086	0.0402639	0.765505	0.00788935	0.0299917	0.00769997	0.00498094	0.0307054	0.00573613	0.00900938	0.00861954	0.00116771	0.0413471	0.00995579	0.00890743	0.00627906	0.00626332	0.000642129	0.00702067
50	0.0690551	0.0103794	0.0156162	0.0137044	0.0163438	0.00955041	0.0322699	0.0146138	0.00793554	0.021003	0.0101155	0.0160327	0.510827	0.0392008	0.030733	0.109414	0.0414212	0.0220379	0.000666244	0.00908012
51	0.0642171	0.00743535	0.000958735	0.00220513	0.00669629	0.00958042	0.00881878	0.0175239	0.0017045	0.0215094	0.0185798	0.0014524	0.710229	0.00283412	0.0020592	0.0628936	0.0367254	0.0230407	0.000413038	0.00112283
52	0.0620408	0.013721	0.000741251	0.000518621	0.0844038	0.00381216	0.00286779	0.225153	0.000927585	0.211247	0.048557	0.00375943	0.00437533	0.00284596	0.00495969	0.0376019	0.0747028	0.204268	0.00790876	0.00558779
53	0.0237579	0.0180557	0.0496004	0.0629529	0.00418151	0.127936	0.0035278	0.0992601	0.03807	0.130494	0.157318	0.017901	0.00302283	0.0633601	0.0574361	0.0649525	0.0252024	0.0428596	0.00752832	0.00258331
54	0.159262	0.00705664	0.00548388	0.00552598	0.051632	0.0135306	0.0122716	0.0686642	0.00624356	0.0402921	0.0193439	0.00918291	0.0109488	0.0138172	0.0170356	0.0442695	0.300096	0.20914	0.0022538	0.00395024
55	0.0538103	0.00166488	0.000449513	0.000527357	0.000916356	0.00110571	0.000619662	0.239851	0.00150144	0.0589175	0.0693788	0.00295121	0.00223938	0.000728662	0.00245368	0.00912826	0.0135492	0.539216	0.000215062	0.000775443
56	0.0678238	0.0275426	0.141248	0.0307066	0.00311231	0.122993	0.0180649	0.0128097	0.0405185	0.00401	0.00694407	0.257111	0.00303452	0.0223111	0.0212022	0.158897	0.0447097	0.0103165	0.000515623	0.00612925
57	0.10829	0.015888	0.0116566	0.02175	0.0159984	0.0224713	0.0154106	0.0342932	0.0176905	0.0268418	0.00989744	0.0482169	0.123961	0.0305521	0.0242789	0.0976016	0.319227	0.0449394	0.0026607	0.00837438
58	0.0457478	0.00135165	0.000542298	0.000507039	0.0028707	0.001805	0.000783536	0.218428	0.00205317	0.0750156	0.0383146	0.00173609	0.00215303	0.00067562	0.00302932	0.00908454	0.0138992	0.580795	0.000258087	0.000949542
59	0.0275637	0.0122969	0.0010941	0.00133204	0.0604922	0.00639671	0.00447682	0.202782	0.00471764	0.353027	0.0566488	0.0029646	0.00472379	0.00369445	0.00440621	0.0160832	0.027022	0.194937	0.00512322	0.0102177
60	0.081778	0.0262955	0.100816	0.0232845	0.00912534	0.0637623	0.0165151	0.0201227	0.0207505	0.0140453	0.00841117	0.0881169	0.0141832	0.0173531	0.0224308	0.389493	0.0518174	0.0218188	0.0022244	0.00765606
61	0.127028	0.0054618	0.00418222	0.00174169	0.0501194	0.0193305	0.00134369	0.15463	0.00431807	0.203683	0.0520631	0.00477369	0.0194557	0.00334145	0.00161952	0.022823	0.0307114	0.289704	0.00134111	0.00232757
62	0.019257	0.00816892	0.000788758	0.00421629	0.0499253	0.00217562	0.00268422	0.104555	0.00101438	0.412357	0.25427	0.0011118	0.00236939	0.00542314	0.00709498	0.00981601	0.019764	0.0862795	0.00319539	0.00553344
63	0.525365	0.0362512	0.00200516	0.00425502	0.00291763	0.0292565	0.00265026	0.0127529	0.0013635	0.00791054	0.0138426	0.0101747	0.0268467	0.0027734	0.00308787	0.226229	0.0241676	0.0632005	0.00319526	0.00175511
64	0.0215547	0.0171334	0.000499355	0.000896882	0.0965272	0.00280669	0.00434738	0.106068	0.00147198	0.520424	0.0713478	0.00101492	0.0041297	0.00681117	0.00435306	0.0140246	0.0141998	0.0884215	0.00710058	0.016867
65	0.0221278	0.010339	0.380808	0.0596074	0.00190273	0.0507098	0.012009	0.00754236	0.0405841	0.00307215	0.00702046	0.245493	0.00135314	0.0223433	0.0060953	0.0966283	0.0250409	0.00427117	0.000563746	0.00248849
66	0.0052991	0.00846678	0.00427581	0.00277606	0.106234	0.00456903	0.0275419	0.00538562	0.00400126	0.0341979	0.0073372	0.00702757	0.00128517	0.00624298	0.0213404	0.017015	0.00495048	0.00648281	0.00400684	0.721564
67	0.0191315	0.00182793	0.00629377	0.0449304	0.00145115	0.00254394	0.0129409	0.00974048	0.500081	0.00634601	0.0170632	0.0399813	0.0049418	0.0391006	0.224358	0.0298292	0.0330326	0.00501377	0.000364366	0.00102762
68	0.0178989	0.0164716	0.000334033	0.000743579	0.0835448	0.00239842	0.00364379	0.107378	0.00144856	0.561493	0.0643479	0.000533055	0.00432894	0.00522452	0.00418961	0.0131823	0.0143659	0.0812188	0.00671135	0.0105424
69	0.20889	0.0935452	0.00609463	0.00263685	0.0141558	0.07291	0.0231162	0.0160886	0.00224406	0.0057533	0.00266941	0.0327155	0.00343916	0.00316644	0.0155336	0.408221	0.0561724	0.0136285	0.00144908	0.0175707
70	0.0534508	0.0673201	0.00352491	0.00295807	0.0419925	0.037562	0.0110392	0.262567	0.0051306	0.098092	0.0256361	0.0057115	0.0025308	0.00414078	0.00881164	0.0331674	0.0315653	0.284115	0.00520051	0.0154835
71	0.00312512	0.00629321	0.00211514	0.0010077	0.132017	0.00260151	0.0227315	0.00319611	0.00116844	0.0338761	0.00690204	0.00536798	0.000869421	0.00267364	0.0105607	0.012021	0.003015	0.00386976	0.00252757	0.744061
72	0.0267801	0.00561627	0.00171122	0.00165425	0.025704	0.0126137	0.00403442	0.214333	0.0133784	0.201171	0.0211835	0.00201312	0.00596734	0.00135941	0.0043756	0.0121729	0.024493	0.412986	0.000813873	0.0076388
73	0.157965	0.0465847	0.00788988	0.00659494	0.01957	0.0411944	0.00870763	0.0393194	0.00622788	0.0700854	0.0168099	0.0155223	0.0210567	0.0070717	0.0135782	0.401442	0.0512332	0.0561457	0.00464269	0.00835798
74	0.00395751	0.00157129	0.871025	0.0332365	0.00173126	0.00741578	0.00193742	0.00257079	0.00552939	0.00263415	0.00188338	0.0269603	0.00147306	0.00637099	0.00210307	0.0211927	0.00339706	0.00307821	0.000570695	0.00136166
75	0.00948523	0.00195275	0.699981	0.111524	0.00241499	0.013411	0.00911209	0.0063055	0.0239373	0.0065271	0.00566561	0.0351007	0.0011959	0.0188978	0.00924665	0.0252003	0.00841446	0.00784342	0.000793906	0.00299071
76	0.186511	0.0101743	0.00880567	0.0183238	0.00123115	0.667049	0.00104973	0.00178306	0.000876649	0.00192189	0.00131688	0.00131631	0.00830226	0.00117327	0.00708248	0.0602554	0.0112677	0.0104231	0.00035433	0.000781838
77	0.369997	0.0669654	0.00522559	0.00807305	0.00561505	0.209217	0.00427489	0.0210752	0.00151094	0.0293134	0.00552669	0.00975334	0.00673909	0.00244283	0.0125626	0.156818	0.0432617	0.03856	0.000755435	0.00231221
78	0.139743	0.170871	0.00285709	0.00285921	0.0796373	0.0383353	0.0140662	0.0250516	0.00208637	0.0101246	0.00522093	0.0147713	0.00482073	0.00343895	0.00818661	0.293723	0.09484	0.0240732	0.00717228	0.0581208
79	0.130485	0.01859	0.0719821	0.0992594	0.00375953	0.00938728	0.0041607	0.0683774	0.0447127	0.0066879	0.0076704	0.0231795	0.22544	0.101838	0.0244445	0.0681708	0.0291973	0.0482515	0.00100994	0.0133959
80	0.0189606	0.0162999	0.000877642	0.000769532	0.0879798	0.00246881	0.00364809	0.109839	0.00218919	0.543525	0.0626184	0.000686626	0.00446844	0.00515031	0.00603797	0.0140813	0.0151443	0.0858184	0.0067487	0.012688
81	0.0463741	0.020862	0.00512022	0.00741308	0.0106336	0.0247433	0.00524523	0.0589835	0.00424313	0.0202875	0.00882729	0.0131998	0.0112397	0.00895985	0.0160881	0.23593	0.461309	0.0295163	0.00558082	0.00544293
82	0.0077259	0.0308024	0.00260935	0.00150696	0.370789	0.00215039	0.0126801	0.0744826	0.00139207	0.191683	0.0405162	0.00214609	0.00267138	0.0121225	0.00588839	0.00826432	0.0121079	0.0628259	0.00277132	0.154865
83	0.0131024	0.0548331	0.0189187	0.00104846	0.196039	0.019307	0.0928417	0.0229296	0.006515	0.052265	0.0185205	0.00313292	0.00100873	0.0206452	0.0301757	0.0731094	0.00921009	0.0185483	0.0143072	0.333542
84	0.733012	0.00677826	0.000830289	0.0049294	0.0012134	0.0504312	0.00117129	0.00846225	0.000743912	0.00198907	0.0033424	0.00139418	0.00316876	0.00110631	0.00133124	0.127924	0.00929191	0.0417397	0.000428716	0.000711381
85	0.0184539	0.0107154	0.000569733	0.00279246	0.0575565	0.00200419	0.00290355	0.106683	0.0010223	0.460457	0.196965	0.000812131	0.00254972	0.00561629	0.00663028	0.0107108	0.0177364	0.0852595	0.00406817	0.00649377
86	0.0459838	0.0304235	0.00905497	0.0376797	0.0149212	0.0199448	0.0133593	0.0988412	0.112358	0.0978365	0.0905644	0.0289514	0.00244929	0.0300967	0.0924636	0.0762088	0.0722016	0.105952	0.0106867	0.0100227
87	0.00989128	0.00237205	0.0419655	0.716741	0.00630046	0.0334235	0.00900408	0.00694443	0.0429133	0.00875186	0.0126247	0.0127896	0.00118572	0.0449634	0.0163862	0.0129883	0.00805901	0.00898613	0.000755558	0.00295393
88	0.425015	0.018747	0.00411201	0.00304452	0.0073587	0.0474345	0.00222869	0.0509594	0.000984932	0.0106665	0.0118629	0.002662	0.00255707	0.00184447	0.00355061	0.163515	0.128453	0.11281	0.000877172	0.00131665
89	0.250069	0.0734552	0.00490327	0.00323835	0.0720758	0.0142326	0.00745281	0.0176238	0.00349375	0.0139265	0.00669906	0.00822784	0.00538196	0.0045915	0.0190807	0.248784	0.110928	0.0811453	0.0228149	0.0318757
90	0.0623556	0.0070241	0.0442648	0.141204	0.00170942	0.0600196	0.0267583	0.0253411	0.189033	0.0404948	0.0293585	0.0514146	0.00294428	0.0861801	0.103639	0.0538629	0.0288694	0.0395576	0.00181292	0.00415552
91	0.00455807	0.00735159	0.000857955	0.000880824	0.721534	0.00132576	0.017582	0.00444908	0.000832079	0.0366968	0.00945872	0.00127655	0.00277832	0.00403884	0.00415343	0.0163675	0.0107887	0.0103765	0.00663351	0.13806
92	0.720107	0.0064541	0.000959646	0.00484596	0.0013189	0.0481737	0.00120199	0.0102719	0.000676539	0.0021698	0.00363352	0.00134189	0.00319047	0.000947794	0.00136634	0.131839	0.0137617	0.0465906	0.000401902	0.000747275
93	0.0194342	0.000911637	0.0061711	0.0503178	0.000938894	0.000932185	0.0113319	0.0101826	0.529036	0.00474485	0.0162173	0.0349122	0.00535304	0.0422522	0.200375	0.0292843	0.0318609	0.00491701	0.000274679	0.000552395
94	0.0456461	0.0258522	0.00718745	0.0180554	0.0753673	0.0130064	0.0402751	0.0986952	0.0100449	0.218199	0.0679694	0.0309602	0.00470391	0.0312904	0.0182751	0.0470008	0.0307596	0.132193	0.0283649	0.0561537
95	0.0305237	0.0579903	0.00793228	0.0116514	0.0619778	0.0160349	0.0152463	0.0506466	0.0084354	0.106908	0.0347513	0.012477	0.00710945	0.0166417	0.0230906	0.0429411	0.0293151	0.0527777	0.369514	0.0440352
96	0.0391821	0.00219514	0.000937396	0.000989653	0.00843356	0.00403251	0.00126806	0.234112	0.00476193	0.124494	0.0307177	0.00177678	0.00404894	0.000743358	0.00378488	0.0105183	0.0192779	0.506043	0.000370648	0.00231158
97	0.0539189	0.00785838	0.00102182	0.00232788	0.00563964	0.00963043	0.00741197	0.0189808	0.00197768	0.0302835	0.0253684	0.00187464	0.690759	0.00331833	0.00441598	0.0709933	0.0396378	0.0229146	0.000450918	0.0012157
98	0.00457781	0.00697279	0.000709532	0.000884318	0.728488	0.00119951	0.0180212	0.00354417	0.000821947	0.034811	0.00932897	0.00115869	0.00270126	0.00402183	0.00396554	0.0165923	0.0113793	0.00995961	0.006432	0.13443
99	0.0788734	0.301566	0.00659716	0.00869202	0.0450609	0.0416527	0.0100026	0.0297236	0.00741185	0.0265044	0.0112079	0.0197218	0.0109378	0.0100428	0.0138225	0.146873	0.166206	0.0323276	0.00603214	0.0267433
100	0.0180586	0.000999878	0.00570692	0.0450489	0.00117238	0.00140064	0.0121794	0.00948178	0.506822	0.00648883	0.0176519	0.038621	0.00502943	0.0392449	0.226594	0.0267749	0.0327964	0.00492483	0.000359382	0.000644124
101	0.0193682	0.000911544	0.00618961	0.0502824	0.000896924	0.000932118	0.0113384	0.0102078	0.529135	0.00474577	0.0162248	0.0349426	0.00535532	0.0422975	0.200354	0.0292739	0.0318001	0.00491658	0.000274679	0.000552819
102	0.00630025	0.00392424	0.00288672	0.00263753	0.1245	0.00388046	0.438694	0.0054736	0.0395949	0.0307838	0.00402794	0.0767635	0.002135	0.0247966	0.0236682	0.00747658	0.00826166	0.00628706	0.00120666	0.186701
103	0.0381932	0.0295533	0.168558	0.0366109	0.0019545	0.118479	0.0166764	0.00652704	0.0707481	0.00338068	0.00569739	0.297601	0.00274467	0.0239446	0.0284809	0.116557	0.0223988	0.00562573	0.00055313	0.0057149
104	0.0457021	0.00177638	0.000453805	0.000470512	0.000941698	0.000990249	0.000623908	0.256539	0.00189764	0.0584113	0.0560811	0.00279828	0.00195582	0.000608027	0.00262632	0.00834746	0.0150168	0.543706	0.000191273	0.000862581
105	0.0623175	0.00695922	0.0443695	0.141488	0.00170687	0.0600307	0.0266918	0.0253365	0.189018	0.0404949	0.0293168	0.0514737	0.00292369	0.0860824	0.103519	0.053934	0.0288098	0.0395785	0.00181527	0.00413447
106	0.0481659	0.0695427	0.0520433	0.0421423	0.0251899	0.0250715	0.0159676	0.0819469	0.0239829	0.0932487	0.0226538	0.0466584	0.0889088	0.0426517	0.050486	0.0863832	0.0925796	0.0785504	0.00287866	0.0109478
107	0.0102634	0.0187233	0.00300815	0.00383662	0.0232737	0.0126541	0.0165865	0.097589	0.0306863	0.0507427	0.068606	0.0104843	0.202866	0.0252165	0.240968	0.0523051	0.086983	0.041183	0.00120055	0.0028248
108	0.154197	0.220277	0.00317457	0.00325676	0.008418	0.00643766	0.00420629	0.0155018	0.00273459	0.0187034	0.015642	0.057968	0.0354299	0.0034393	0.00513459	0.27222	0.0312794	0.112911	0.0246048	0.00446405
109	0.0643205	0.00763822	0.00185342	0.0034212	0.00828622	0.0100921	0.0114239	0.0165963	0.00230775	0.0214909	0.017109	0.00242744	0.700722	0.00474556	0.00422474	0.0642312	0.0348118	0.0223566	0.000400879	0.00153999
110	0.0413021	0.00431196	0.106092	0.276265	0.025625	0.0427594	0.0312335	0.0245713	0.118278	0.0269788	0.0189455	0.0541078	0.00244186	0.0650437	0.0445806	0.0573628	0.0233637	0.0260107	0.00232781	0.00839816
111	0.209624	0.00797276	0.00456486	0.0556847	0.00712672	0.0308094	0.00615218	0.0744389	0.0261805	0.0306141	0.0952219	0.0104491	0.00348938	0.0293617	0.123883	0.0215064	0.0450032	0.210439	0.00290201	0.00457626
112	0.00532481	0.0116325	0.00292094	0.000847486	0.476675	0.00353935	0.030158	0.00464145	0.0013722	0.0369461	0.0090281	0.00205281	0.00184348	0.0053987	0.00789909	0.0216358	0.0102123	0.0100015	0.00839207	0.349478
113	0.010328	0.0214415	0.00199626	0.00138009	0.452931	0.00214604	0.00909832	0.0688594	0.00109151	0.193255	0.0372591	0.00201304	0.00351098	0.00888698	0.00488091	0.00990684	0.0119663	0.0558898	0.00467776	0.0984815
114	0.123785	0.023506	0.0125773	0.0519876	0.0360234	0.0462201	0.0240852	0.0484578	0.0505312	0.0435734	0.0169585	0.0483177	0.0302458	0.0456447	0.0785565	0.174421	0.0785328	0.0466178	0.00256739	0.0173909
115	0.0117271	0.00698582	0.000975766	0.00126258	0.00375142	0.00234106	0.00196741	0.446614	0.0114342	0.0762979	0.129859	0.00756864	0.00211622	0.00160356	0.00197847	0.00425773	0.0333143	0.247902	0.000687009	0.00735534
116	0.0252673	0.001908	0.0106174	0.0642861	0.00128418	0.0095789	0.0152123	0.0118389	0.480073	0.0108467	0.018818	0.0359259	0.0050542	0.0524213	0.183117	0.0315268	0.0306907	0.0099232	0.000366114	0.00124434
117	0.052458	0.00446809	0.0793188	0.20835	0.00292187	0.0536156	0.0298354	0.0267763	0.140191	0.0316368	0.025987	0.0712978	0.00285796	0.0684771	0.068195	0.0585713	0.0296572	0.036271	0.00248694	0.00662694
118	0.040407	0.0112171	0.0286062	0.0823282	0.00420259	0.0808597	0.00421269	0.0961943	0.056815	0.104585	0.179008	0.0117569	0.00218738	0.0860702	0.0623591	0.081446	0.0214046	0.0349854	0.00830488	0.00304948
119	0.00311391	0.0062866	0.00203413	0.00103476	0.131195	0.00252666	0.0235206	0.00316222	0.00121339	0.0332396	0.00705636	0.00533264	0.000860477	0.00270932	0.0105109	0.0118922	0.00310694	0.00393707	0.00251089	0.744757
120	0.0272032	0.00423561	0.106311	0.324994	0.00364482	0.038317	0.0457481	0.0187377	0.0924629	0.0237003	0.0224844	0.0622417	0.000523215	0.084498	0.0407989	0.0388576	0.0234137	0.0280857	0.00212045	0.0116217
121	0.0477184	0.00442507	0.0893003	0.25007	0.00385253	0.0444114	0.0366291	0.0265498	0.11848	0.0288318	0.0257484	0.0668377	0.000749056	0.0729473	0.0535943	0.0490727	0.0307888	0.0370885	0.00326646	0.00963935
122	0.0237747	0.0163159	0.0467832	0.0316006	0.0539572	0.0216635	0.233692	0.0132408	0.0350674	0.0216865	0.00730708	0.0631988	0.00682934	0.0389307	0.162808	0.0668477	0.0462951	0.0216229	0.00698012	0.0813984
123	0.0729398	0.0078907	0.0314972	0.0104512	0.0298379	0.0131471	0.0719205	0.00700836	0.0061455	0.0280468	0.00287613	0.0207215	0.403783	0.0527016	0.0430855	0.11625	0.0440176	0.023013	0.00068565	0.0139803
124	0.309262	0.00438717	0.00257541	0.0037906	0.00378857	0.00718809	0.00509702	0.0185208	0.0024042	0.0065036	0.00487421	0.00505092	0.150193	0.005559	0.00511215	0.306633	0.14462	0.0100556	0.00145069	0.00293531
125	0.0143672	0.0253241	0.00273613	0.0035136	0.0574268	0.0256905	0.048486	0.350328	0.00537347	0.0787895	0.0332133	0.00476051	0.00265762	0.00418424	0.0182724	0.0132594	0.0368711	0.215121	0.00231145	0.0573137
126	0.0432582	0.00116784	0.000532308	0.000459423	0.000937927	0.00111031	0.000631739	0.226817	0.000866394	0.0545704	0.0404197	0.00189167	0.00168429	0.000612685	0.00258688	0.00808096	0.0119309	0.601743	0.000246822	0.000451607
127	0.0292642	0.0163272	0.000377404	0.000677629	0.0803445	0.00288834	0.0034243	0.142891	0.001418	0.447863	0.0697055	0.00134744	0.00406995	0.00469661	0.00447986	0.0194365	0.0304636	0.124391	0.0064994	0.00943479
128	0.0789371	0.00996682	0.00334488	0.00326912	0.0080198	0.0230852	0.0111451	0.0154687	0.00263733	0.0211565	0.0169276	0.00436514	0.627781	0.00682701	0.00770406	0.0960342	0.0376824	0.0225759	0.000545159	0.00252681
129	0.0759184	0.0302201	0.0171635	0.0319516	0.0323672	0.0380723	0.0552031	0.052896	0.0725797	0.0468168	0.0188509	0.0806611	0.0226613	0.0433082	0.1297	0.114485	0.0765542	0.0341298	0.00407554	0.0223853
130	0.0186427	0.0173069	0.000375025	0.000720744	0.0842554	0.00263011	0.00382234	0.107897	0.00137909	0.550517	0.0698942	0.000542751	0.00443361	0.00552343	0.00413772	0.0137906	0.0142587	0.0822399	0.00687568	0.0107571
131	0.0432587	0.00116217	0.00053114	0.000459371	0.000926643	0.00111319	0.000627104	0.224877	0.000860033	0.0543079	0.0406691	0.00193922	0.00167263	0.000613187	0.00259682	0.0079848	0.0117732	0.60392	0.000248524	0.000459193
132	0.00343282	0.00601022	0.00163937	0.00103085	0.142098	0.00237331	0.0213634	0.00404577	0.00106734	0.0346782	0.00739014	0.0053073	0.000841856	0.00241845	0.00988476	0.0115562	0.00359882	0.00419027	0.00251522	0.734558
133	0.0514878	0.00143778	0.000432478	0.000463716	0.000895827	0.00096031	0.000546328	0.235603	0.00134075	0.0610106	0.0630032	0.00268066	0.00216816	0.000618586	0.00259094	0.00907924	0.0134845	0.551454	0.000185313	0.000556793
134	0.176493	0.0246669	0.00451344	0.00236491	0.00294475	0.0339795	0.00807671	0.0108576	0.00213243	0.00922158	0.00442995	0.00725607	0.0354621	0.00298289	0.009524	0.608079	0.0418323	0.0101448	0.00102607	0.00401229
135	0.0244269	0.0119435	0.0109703	0.0184888	0.0130734	0.0215453	0.0288502	0.0182788	0.123928	0.0335473	0.0179293	0.0434343	0.013858	0.0319966	0.473682	0.0418717	0.045044	0.0166791	0.00161096	0.00884132
136	0.00406635	0.0027313	0.0347067	0.755745	0.00971928	0.0757725	0.00662037	0.00311652	0.0216204	0.00353565	0.00694085	0.00608128	0.00138841	0.037652	0.00653721	0.00791429	0.00550545	0.00802579	0.000635655	0.0016845
137	0.0208845	0.00208309	0.00689352	0.0479348	0.00173412	0.00337791	0.0127576	0.0116397	0.505558	0.00723185	0.0175821	0.0372474	0.00538821	0.0410979	0.204206	0.0319903	0.0332363	0.00747331	0.000459347	0.0012245
138	0.0494358	0.0341103	0.0251358	0.00231364	0.0110387	0.0378876	0.0500071	0.0103283	0.121857	0.00447655	0.00139445	0.119261	0.00065542	0.0265623	0.274844	0.152225	0.0565049	0.00518845	0.000415626	0.0163578
139	0.00478177	0.0105457	0.00215128	0.00229916	0.0283353	0.0123993	0.0190327	0.0993252	0.033825	0.0487629	0.0658979	0.0110536	0.292649	0.0306724	0.164981	0.0476689	0.0834527	0.0390515	0.00080581	0.00230832
140	0.0667299	0.0071559	0.0236284	0.0024385	0.0375447	0.00895659	0.0829197	0.00344	0.00143757	0.0348532	0.00230115	0.01746	0.415925	0.0499776	0.0430297	0.118371	0.0442731	0.0233886	0.000771709	0.0153977
141	0.0159001	0.0108721	0.0105207	0.00839594	0.058844	0.013132	0.450632	0.0154238	0.024604	0.0274768	0.0102659	0.109731	0.00470581	0.0385484	0.0455941	0.0257968	0.0246419	0.0182207	0.00253966	0.0841546
142	0.0077638	0.00416243	0.00448242	0.00424251	0.0254848	0.00369223	0.48312	0.00567992	0.0228795	0.0114253	0.00409301	0.210674	0.00224305	0.0587971	0.0548578	0.0153006	0.021629	0.00634398	0.000992646	0.0521361
143	0.00627895	0.0107526	0.00117527	0.000962567	0.63746	0.00183715	0.0314706	0.00342891	0.00154862	0.0355641	0.00999725	0.00155865	0.00226043	0.00652048	0.00613088	0.0226411	0.0147497	0.0128594	0.00635393	0.186449
144	0.0220967	0.00222562	0.00868763	0.0524021	0.00223405	0.0050721	0.0124839	0.0129057	0.502881	0.00824056	0.0178584	0.0360975	0.00582249	0.0439648	0.192838	0.0322945	0.0324957	0.00762558	0.000546555	0.00122726
145	0.232538	0.0355077	0.0641492	0.0101549	0.00469663	0.109919	0.0111482	0.0286953	0.0195617	0.0122061	0.00700399	0.0565369	0.00251778	0.014536	0.0208327	0.214267	0.1197	0.0329922	0.000556464	0.00248008
146	0.163121	0.0112219	0.0124753	0.0190399	0.00243018	0.671902	0.00255592	0.00250888	0.00195393	0.00293469	0.00166037	0.00481701	0.00998851	0.00307266	0.00941847	0.0556048	0.0119817	0.0119155	0.000398638	0.000998602
147	0.569316	0.0181894	0.00226264	0.00420901	0.0030882	0.043456	0.00290854	0.0113306	0.00146284	0.00440672	0.00471078	0.00574664	0.0139546	0.00196962	0.00396051	0.243566	0.0260636	0.0363408	0.00124562	0.00181156
148	0.0197203	0.0141925	0.000412917	0.0019452	0.0732633	0.00253103	0.00352672	0.102528	0.00144175	0.501782	0.136281	0.000807934	0.00379422	0.0052034	0.00502654	0.0123921	0.0153543	0.0842841	0.00595881	0.00955416
149	0.0300198	0.0226426	0.0713746	0.0247102	0.0127004	0.0400655	0.0548275	0.0133286	0.0324262	0.0104217	0.00975452	0.449847	0.00430119	0.0221072	0.0247173	0.117651	0.0256722	0.0156484	0.00183508	0.0159489
150	0.37465	0.0169578	0.0110989	0.00263316	0.0204065	0.0297894	0.00272021	0.0348502	0.00140237	0.00621764	0.00892092	0.00268469	0.00210239	0.0021134	0.00513907	0.169122	0.143185	0.158861	0.00303101	0.0041145
151	0.0252511	0.0148822	0.0010753	0.00159097	0.0946836	0.00454275	0.00520744	0.0952097	0.00245787	0.536457	0.0681227	0.00157654	0.00613493	0.00551934	0.00475916	0.0159375	0.0194171	0.0802351	0.00558888	0.0113506
152	0.0389726	0.0152783	0.00066759	0.00100845	0.0879399	0.00294757	0.00355724	0.145206	0.00136321	0.424782	0.0554006	0.00233305	0.00397535	0.0044339	0.00512444	0.0219391	0.0453553	0.121364	0.00687088	0.0114795
153	0.0249779	0.0112049	0.0122378	0.0166483	0.0140821	0.0211192	0.0293292	0.0199294	0.116036	0.0368642	0.0199303	0.0444439	0.0147832	0.0309001	0.460573	0.0462629	0.0454151	0.0175723	0.00305995	0.01463
154	0.0458056	0.00453253	0.00136716	0.00167703	0.00971315	0.00479155	0.00226365	0.206319	0.00293869	0.0741511	0.0400126	0.00288923	0.00472164	0.00234866	0.00518256	0.0150207	0.0182845	0.553359	0.000876124	0.00374492
155	0.112848	0.0421823	0.0155492	0.00780559	0.0119847	0.0468701	0.0127368	0.0167741	0.0116366	0.0170347	0.00782615	0.044325	0.0175757	0.00874724	0.0164275	0.519194	0.0546664	0.0227455	0.00348295	0.00958715
156	0.244693	0.0132985	0.00744974	0.0234772	0.00221953	0.551439	0.00158919	0.00419414	0.00101432	0.00516278	0.00194469	0.00268494	0.00706752	0.0015403	0.00635229	0.0959444	0.0167662	0.0116208	0.000496234	0.00104503
157	0.0478023	0.00982826	0.00131452	0.0308649	0.00195088	0.0113516	0.00386155	0.100993	0.124952	0.122221	0.11989	0.0217199	0.000904368	0.0160448	0.0927648	0.0453035	0.0523209	0.187412	0.00537116	0.00312874
158	0.0210289	0.0021111	0.00105853	0.00685222	0.0493761	0.0017697	0.00276464	0.131693	0.00099591	0.259607	0.378703	0.0016661	0.000960658	0.00784772	0.00819182	0.00689365	0.0201754	0.0916085	0.000978168	0.00571735
159	0.0168942	0.0161238	0.00121218	0.00782694	0.00227158	0.0202065	0.00168229	0.0228825	0.00132376	0.00604773	0.00232335	0.00946201	0.00212331	0.00794725	0.01354	0.273822	0.575808	0.0106405	0.00635535	0.00150664
160	0.034735	0.0356483	0.0682798	0.0210379	0.00592454	0.0714584	0.0409079	0.0121813	0.0164508	0.00375792	0.00988411	0.411901	0.00146768	0.0143102	0.0148875	0.182817	0.0258359	0.0154039	0.000863575	0.012248
161	0.71164	0.0108738	0.000920631	0.00498074	0.00137528	0.0558382	0.00140142	0.00940762	0.000745193	0.00389823	0.00342131	0.00207276	0.00288095	0.00110476	0.00207619	0.132736	0.0122624	0.0411718	0.000424469	0.000768769
162	0.105565	0.00975803	0.040966	0.0927072	0.0042033	0.0178589	0.00580142	0.0432825	0.0664004	0.00694383	0.0113105	0.0483504	0.303517	0.0576645	0.0520116	0.0724114	0.0310698	0.0234085	0.000707624	0.00606216
163	0.0153615	0.0210088	0.00119222	0.00156165	0.121774	0.0146321	0.0224667	0.240774	0.00537302	0.129548	0.0361443	0.00299029	0.00215892	0.00536743	0.00685387	0.0134154	0.0370984	0.239798	0.00287786	0.0796046
164	0.0118357	0.00686162	0.000932773	0.0012142	0.00310479	0.00241781	0.00183528	0.444236	0.0114917	0.07777	0.126794	0.00737683	0.00205589	0.00153504	0.00192543	0.00413619	0.0325447	0.254316	0.00057614	0.00703954
165	0.0157451	0.00493342	0.00125646	0.00618464	0.0319514	0.00227256	0.00335536	0.0873852	0.00133066	0.356944	0.359561	0.00198647	0.00171515	0.00600206	0.00794284	0.00901305	0.0208031	0.0768388	0.00131652	0.0034616
166	0.0884284	0.0395709	0.00666959	0.00968601	0.0430525	0.0456439	0.00932406	0.11015	0.0176021	0.124668	0.0607011	0.061065	0.0109608	0.0129631	0.0201981	0.0976033	0.0966861	0.127426	0.00731135	0.0102887
167	0.0214639	0.0153202	0.000585392	0.00134721	0.0757316	0.00340412	0.00442797	0.108481	0.00258056	0.4991	0.086811	0.00165721	0.00408775	0.00810427	0.00482358	0.0141571	0.0153748	0.11465	0.00690345	0.0109891
168	0.00389964	0.00169152	0.868403	0.0325426	0.00174907	0.00813302	0.00205153	0.00264796	0.00585977	0.00267908	0.00201676	0.0280743	0.000944417	0.00621083	0.00247799	0.0221675	0.00383058	0.00293962	0.000568045	0.00111279
169	0.102399	0.313752	0.00955752	0.00708084	0.0464768	0.0686496	0.0104302	0.0233947	0.00721717	0.0187095	0.00660354	0.0348748	0.00440383	0.00601455	0.013858	0.178753	0.0914811	0.0208813	0.00457648	0.0308856
170	0.00342962	0.00164566	0.870361	0.0325247	0.00240315	0.00763488	0.00218714	0.00247569	0.00532593	0.00257525	0.00175704	0.0282662	0.000942507	0.00605483	0.00190348	0.0217793	0.00333006	0.00290655	0.000573704	0.00192368
171	0.0520427	0.0221992	0.00322149	0.00363902	0.127923	0.0128505	0.00830913	0.147666	0.00255831	0.174003	0.139454	0.00770266	0.00627344	0.0103061	0.00838952	0.0501431	0.0573682	0.133987	0.00818405	0.0237792
172	0.0133	0.0555943	0.0192119	0.00102333	0.196401	0.0195351	0.0901195	0.0234357	0.0060053	0.0525128	0.0184167	0.00274017	0.000986921	0.0207432	0.0303515	0.0740152	0.00928621	0.019161	0.0146627	0.332498
173	0.26671	0.132922	0.0032133	0.0034317	0.00748026	0.0134823	0.00345644	0.0143716	0.00225289	0.0141738	0.0129946	0.0303395	0.0316913	0.00283963	0.00457478	0.278623	0.0290017	0.134593	0.0106026	0.0032456
174	0.0313591	0.026816	0.0336718	0.0138518	0.00654183	0.0474547	0.0818257	0.0118191	0.00975504	0.00583051	0.00905825	0.443159	0.00354128	0.0199904	0.0165319	0.177802	0.0262515	0.0158338	0.00107592	0.0178308
175	0.0261624	0.0107906	0.295327	0.0610026	0.00204214	0.0543629	0.0144655	0.00818632	0.0511904	0.00342239	0.00901642	0.280284	0.00164232	0.023042	0.00729832	0.111403	0.0332514	0.00437363	0.000527562	0.00220936
176	0.0778772	0.0146292	0.0151533	0.00998554	0.0193504	0.00826964	0.0432181	0.0063934	0.00451099	0.018149	0.00325948	0.0245316	0.421429	0.0415703	0.0445774	0.157235	0.0472921	0.02363	0.000841128	0.0180973
177	0.141843	0.00649764	0.00476391	0.00185372	0.0629188	0.0224027	0.00115972	0.148251	0.00497388	0.220441	0.0517247	0.00517595	0.0239603	0.00367299	0.00139158	0.0255238	0.0372269	0.232456	0.0016097	0.00215261
178	0.0129649	0.00397888	0.00277126	0.00545402	0.0362535	0.015849	0.066811	0.0232324	0.0872264	0.157954	0.0251131	0.0148029	0.00231835	0.119148	0.320897	0.00842159	0.0444514	0.0332612	0.00120221	0.0178885
179	0.0206336	0.00804177	0.10847	0.312836	0.0039916	0.0330208	0.0780405	0.0149406	0.0748795	0.0203548	0.0174499	0.0798941	0.000898453	0.0906745	0.0406398	0.0342859	0.0201071	0.0217927	0.00198087	0.0170678
180	0.719815	0.00621674	0.000951466	0.00520807	0.00137161	0.0473443	0.00117693	0.01155	0.000694632	0.00218885	0.00379065	0.00120673	0.00290614	0.000903659	0.0012821	0.127888	0.0158684	0.0485563	0.000395344	0.000685062
181	0.0166049	0.00280055	0.00123589	0.00698282	0.0298918	0.00234375	0.00278061	0.092824	0.00132326	0.314066	0.396718	0.00203062	0.00109493	0.00562916	0.00856673	0.00677859	0.0218707	0.0822334	0.00110497	0.00311873
182	0.086016	0.341644	0.0060386	0.00632147	0.0343437	0.0405794	0.00893685	0.0214612	0.00684144	0.0209576	0.00958304	0.0420314	0.010436	0.00687395	0.0114152	0.206167	0.0657777	0.0403752	0.0106582	0.023542
183	0.00925418	0.0332588	0.00294752	0.00160128	0.319947	0.00295339	0.0132897	0.094038	0.00137447	0.194782	0.0535952	0.00276922	0.00225276	0.0160217	0.00587236	0.00841717	0.0148076	0.0766722	0.00194066	0.144204
184	0.0367622	0.00312532	0.00171361	0.00210445	0.286863	0.00286698	0.0122768	0.0220111	0.00127778	0.523235	0.00944436	0.00174961	0.00201767	0.00190368	0.0028737	0.010817	0.0450361	0.0233037	0.00154489	0.00907274
185	0.0137804	0.0242621	0.0012307	0.0015227	0.0663276	0.00315889	0.00821339	0.0732672	0.00193117	0.576226	0.0843567	0.00156256	0.00896004	0.00963192	0.00407628	0.0291623	0.0174988	0.0617392	0.00502976	0.0080622
186	0.0130724	0.00423653	0.617861	0.0631987	0.00473619	0.0710352	0.0102366	0.00633642	0.0180826	0.00458564	0.00461391	0.0750245	0.00169747	0.022554	0.00559024	0.0506859	0.0145326	0.00880771	0.00072781	0.00238467
187	0.103633	0.0302905	0.0138432	0.0513474	0.0368856	0.0599214	0.0445247	0.0518489	0.0487113	0.0331559	0.0187538	0.0497601	0.0974507	0.0451463	0.0745682	0.115195	0.0568373	0.0513515	0.00139838	0.0153769
188	0.0962026	0.0885252	0.00417292	0.00136013	0.0885083	0.0542458	0.00652928	0.147178	0.000996427	0.149187	0.0283244	0.00969959	0.00229612	0.00584116	0.00574759	0.0889663	0.05869	0.136807	0.0121433	0.0145795
189	0.298716	0.00917419	0.00698428	0.0213954	0.00145401	0.53209	0.00130962	0.0027635	0.000898355	0.00215702	0.0016534	0.00161485	0.00682342	0.00131415	0.0053662	0.0789244	0.0122992	0.0137708	0.000425974	0.000865331
190	0.00451362	0.00672705	0.000696379	0.00087011	0.732867	0.00119372	0.0173786	0.00344658	0.000817211	0.0347762	0.00924869	0.00116805	0.00273108	0.00388867	0.00398782	0.0163973	0.011067	0.00953514	0.00648144	0.132209
191	0.0481047	0.00113515	0.000480461	0.000459924	0.00128347	0.001183	0.000650845	0.216262	0.000814066	0.0575509	0.0418114	0.00181519	0.001841	0.00062887	0.00270272	0.00861076	0.0122664	0.601716	0.000220784	0.000463138
