318	20
1	0.0843971	0.00280534	0.0457253	0.0316843	0.00590022	0.0101413	0.0287778	0.0411155	0.0156622	0.283248	0.120599	0.0104408	0.00664588	0.0152974	0.0450156	0.0261739	0.0640743	0.113106	0.00146612	0.0477236
2	0.0104549	0.0013602	0.000605752	0.000530549	0.0151839	0.00164984	0.000538921	0.43811	0.000648511	0.162021	0.0211877	0.00113549	0.00040221	0.00275463	0.000882924	0.00365891	0.0153218	0.321749	0.00133488	0.000468804
3	0.486025	0.0184793	0.047263	0.0215252	0.0037763	0.0715513	0.00600623	0.0408955	0.00501784	0.0303702	0.0124196	0.00432841	0.00565887	0.018214	0.0152081	0.086124	0.0854967	0.0384555	0.00101333	0.00217169
4	0.0792005	0.000612208	0.0816983	0.443818	0.010083	0.0275135	0.0138911	0.00424079	0.0355935	0.0241176	0.00344116	0.00846906	0.000537392	0.13952	0.034851	0.046399	0.0219364	0.0217741	0.00145997	0.000844138
5	0.00662408	0.000650762	0.00107009	0.000771892	0.0237053	0.00114178	0.00081783	0.212249	0.00133388	0.607294	0.0813955	0.00114183	0.000431937	0.00414153	0.00359554	0.00198571	0.00723058	0.043568	0.000261291	0.000589439
6	0.0548855	0.00168138	0.29875	0.32173	0.00438587	0.0179756	0.0103199	0.00493655	0.0229577	0.0117404	0.00768953	0.0464326	0.0208858	0.0369477	0.0282899	0.0640939	0.0288716	0.0124135	0.000814288	0.00419831
7	0.125358	0.000473677	0.0657178	0.130864	0.0136652	0.0379505	0.0192049	0.00198067	0.108049	0.0255354	0.00576635	0.044728	0.00135445	0.109137	0.133778	0.116134	0.0496679	0.00308031	0.000467203	0.00708765
8	0.0662048	0.00111883	0.0155849	0.0217253	0.00540298	0.011694	0.0129828	0.0567619	0.145263	0.126822	0.0572036	0.0304289	0.00621838	0.106237	0.149386	0.0493892	0.094687	0.038292	0.000439964	0.00415786
9	0.00620389	0.000516938	0.000978478	0.000712486	0.0214276	0.000936857	0.000708412	0.19807	0.00138197	0.608124	0.0965923	0.00102648	0.000443323	0.00509892	0.00409874	0.00197028	0.00705444	0.0438943	0.00023293	0.000527489
10	0.0177291	0.0395812	0.0236514	0.00226191	0.00248977	0.0617641	0.00307512	0.00285889	0.0117506	0.00318541	0.00905795	0.0320865	0.00817186	0.00332461	0.00341197	0.606596	0.163761	0.00310039	0.000542946	0.00159946
11	0.124975	0.000473018	0.0662794	0.131106	0.0136396	0.0378639	0.0191783	0.00200027	0.107808	0.0255591	0.00568947	0.0450485	0.00135075	0.108786	0.133715	0.116107	0.0497887	0.00308205	0.000467203	0.00708151
12	0.0442771	0.00663373	0.0158464	0.0169203	0.0142586	0.0149132	0.0154438	0.127371	0.0438608	0.0845468	0.114671	0.0351848	0.00823738	0.227449	0.052741	0.0453224	0.0657388	0.0539891	0.00422259	0.00837189
13	0.0232476	0.00649736	0.000661922	0.000617962	0.0263435	0.00345618	0.000441337	0.226159	0.000663763	0.276679	0.162733	0.00230574	0.000328773	0.00226575	0.000771002	0.00748115	0.014213	0.241738	0.000639377	0.00275669
14	0.0620902	0.0075644	0.179468	0.0276566	0.00273509	0.0377969	0.0417476	0.00397714	0.0207275	0.00489146	0.00272959	0.202513	0.0195219	0.0207384	0.025233	0.277585	0.0547853	0.00553884	0.000950591	0.00174978
15	0.23693	0.00154605	0.0249498	0.229786	0.00375156	0.00690047	0.0190961	0.00404463	0.0511049	0.0418286	0.0031446	0.00428958	0.0015204	0.134698	0.0357255	0.0291473	0.0847017	0.0830604	0.00160571	0.00216933
16	0.0235751	0.000996999	0.0022043	0.00162972	0.00359924	0.00267724	0.00142443	0.329555	0.00177797	0.0336622	0.00613003	0.00259742	0.000924902	0.00291016	0.00223794	0.00435707	0.00853978	0.569549	0.000522023	0.00112973
17	0.00742595	0.00170858	0.00194187	0.0015165	0.00185372	0.00211357	0.00129659	0.338504	0.0035632	0.361716	0.182053	0.00618303	0.000855191	0.0117237	0.0118096	0.00648677	0.014503	0.0433455	0.000429078	0.000970796
18	0.0261856	0.0127191	0.00796921	0.0102051	0.00481315	0.00811544	0.170017	0.00823766	0.0315426	0.00910401	0.0147084	0.0907697	0.032226	0.35757	0.077497	0.10183	0.0129395	0.00861365	0.00951204	0.0054247
19	0.129381	0.00185971	0.0703197	0.0469846	0.00332904	0.0201514	0.338804	0.00485394	0.0178669	0.0197929	0.00390402	0.221335	0.00155529	0.0495514	0.00402686	0.0219032	0.0356822	0.00522279	0.0010319	0.00244376
20	0.0649402	0.000387835	0.174368	0.325401	0.0072129	0.0222673	0.00454939	0.00436123	0.0548735	0.00860214	0.00214699	0.0483807	0.00657006	0.0881223	0.080432	0.0748616	0.0234128	0.0078237	0.000666331	0.000620095
21	0.00671977	0.000550751	0.00131669	0.0011355	0.460185	0.00161083	0.00660457	0.0590503	0.00118154	0.205341	0.0852325	0.00232879	0.000586123	0.00404933	0.00136002	0.00313651	0.0118345	0.0529499	0.0212008	0.073626
22	0.0682807	0.0010807	0.0207651	0.048776	0.00612976	0.0129752	0.0145754	0.021709	0.178138	0.0578904	0.0264821	0.0297212	0.00096022	0.163629	0.209513	0.062138	0.0552227	0.0120514	0.00202207	0.00794125
23	0.106074	0.000982602	0.00421452	0.0237245	0.00478794	0.00560694	0.00780812	0.00493219	0.264399	0.0119833	0.0207111	0.0179671	0.00288588	0.209213	0.190888	0.0569589	0.052038	0.0052937	0.000774421	0.00875654
24	0.00692137	0.000420276	0.000489168	0.00041121	0.034396	0.000622711	0.000362824	0.0884873	0.000837934	0.711632	0.0865916	0.000688251	0.000255595	0.000572986	0.00273474	0.00117692	0.0104836	0.0524788	0.000152813	0.000284016
25	0.0658143	0.00203037	0.127852	0.395486	0.0099591	0.0247048	0.0352802	0.00623423	0.0368801	0.0176742	0.00969299	0.0255203	0.00961978	0.0817642	0.0350718	0.0513877	0.0277811	0.0168849	0.00249639	0.0178659
26	0.300942	0.00066765	0.00114289	0.00143887	0.000892923	0.136463	0.000880445	0.00168983	0.00108438	0.0044899	0.0032681	0.00728783	0.00197968	0.00800793	0.00242086	0.497229	0.0274922	0.00160332	0.000363662	0.000655678
27	0.201813	0.00496837	0.00946189	0.0337131	0.0150389	0.0578942	0.00171578	0.00328524	0.0107756	0.0198417	0.00133639	0.0131046	0.00835734	0.0100392	0.0241735	0.348054	0.205296	0.0296069	0.000373684	0.00115022
28	0.0155263	0.00310841	0.00642179	0.00513085	0.0655685	0.00677213	0.00514941	0.00816941	0.00611999	0.0106938	0.00615195	0.00700682	0.0030633	0.00888584	0.00717769	0.0150373	0.0126657	0.0100803	0.792597	0.00467376
29	0.0413436	0.00368105	0.013169	0.0140228	0.00842521	0.0113812	0.039888	0.0308849	0.0955331	0.201876	0.033684	0.0208666	0.00651592	0.0468448	0.203385	0.0345452	0.120371	0.0611391	0.00254301	0.00990105
30	0.0625902	0.00530298	0.0292706	0.0133405	0.0032492	0.478378	0.0110073	0.00585615	0.0298761	0.00859813	0.00670976	0.0334107	0.00336691	0.0105325	0.00940563	0.220947	0.0547093	0.00960798	0.00116748	0.00267349
31	0.00704407	0.000277971	0.000484091	0.000395293	0.0383507	0.00059827	0.000379375	0.079931	0.000842077	0.724744	0.0804019	0.000548179	0.000248026	0.000602174	0.00284541	0.00104481	0.0102705	0.0505534	0.000140954	0.000298232
32	0.048821	0.00252225	0.0657398	0.0847332	0.0292207	0.0180053	0.0491493	0.015571	0.125593	0.0161867	0.0131612	0.0855879	0.00146286	0.128786	0.127593	0.0712601	0.0286243	0.0184947	0.0193297	0.0501581
33	0.0623229	0.00129913	0.0266004	0.0301024	0.119831	0.0247982	0.116951	0.0146931	0.0721469	0.0485823	0.0333298	0.0400411	0.00368125	0.0650679	0.0401099	0.0701479	0.0284465	0.012304	0.0298169	0.159728
34	0.00761321	0.000322902	0.000518595	0.000423726	0.0422181	0.000631047	0.000415946	0.077221	0.000843903	0.722711	0.0790123	0.000634557	0.000226851	0.000625367	0.00291502	0.0011166	0.0105269	0.0514378	0.000178545	0.000406247
35	0.128495	0.0896415	0.00117846	0.00116185	0.00400669	0.00708392	0.000852784	0.123064	0.00122219	0.0739629	0.0390385	0.00806075	0.0109981	0.00230451	0.00517628	0.0854997	0.0917864	0.32136	0.000359279	0.0047465
36	0.0610723	0.00831861	0.0171361	0.0139916	0.00382063	0.00559833	0.00221911	0.188664	0.00513196	0.101339	0.0565094	0.0452808	0.00338423	0.0455898	0.0119025	0.0543658	0.124341	0.248233	0.00090413	0.0021976
37	0.0106655	0.00210377	0.00383417	0.0227154	0.00341541	0.0043731	0.00395493	0.0353902	0.683487	0.00987912	0.00589223	0.00700541	0.00184767	0.0594783	0.0874108	0.00978067	0.00957268	0.0335964	0.00230659	0.00329047
38	0.00544655	0.000455523	0.000461137	0.00046563	0.0177878	0.00132728	0.000376063	0.496911	0.000483283	0.175058	0.0157427	0.000648502	0.000246283	0.00231118	0.000571088	0.00265163	0.012651	0.26459	0.00148466	0.000331142
39	0.0282737	0.00075751	0.0760231	0.0751079	0.0025996	0.00569044	0.0309352	0.0028361	0.14644	0.00921504	0.00420241	0.069974	0.00140502	0.101334	0.361164	0.0499768	0.00504025	0.00987828	0.00646313	0.0126841
40	0.0282401	0.00706291	0.000704495	0.000640301	0.0353205	0.00477186	0.00056619	0.222173	0.000718563	0.255036	0.168843	0.00187417	0.000368461	0.00230062	0.000783901	0.00824905	0.0114468	0.246652	0.000632346	0.00361541
41	0.00745694	0.000254633	0.000505376	0.000413542	0.0420045	0.000592737	0.000387179	0.0754994	0.000837346	0.728872	0.0776384	0.000551018	0.000236723	0.000627218	0.00293625	0.00101737	0.01038	0.0493472	0.000148904	0.000293502
42	0.0348116	0.0220454	0.230269	0.00661643	0.00427047	0.00773407	0.0725452	0.00475537	0.00962559	0.00644169	0.00384784	0.295464	0.0478521	0.00824392	0.00951612	0.192271	0.0326862	0.0071124	0.00110222	0.00279011
43	0.222839	0.0640461	0.00116501	0.00100281	0.0131369	0.0210264	0.000862802	0.0774562	0.000997814	0.0988209	0.037061	0.00435554	0.0089669	0.00252686	0.00475646	0.0295908	0.0769687	0.319783	0.000400941	0.0142357
44	0.0319637	0.0126335	0.0298598	0.0039255	0.00533578	0.0622502	0.00488901	0.00473699	0.0348617	0.0043603	0.00451748	0.0223377	0.0284475	0.00455248	0.0050237	0.459243	0.272546	0.00470602	0.000588312	0.00322135
45	0.0270945	0.00121371	0.0373367	0.0448656	0.00542826	0.00800502	0.0260806	0.00730493	0.194388	0.0111643	0.00844468	0.0663647	0.00166373	0.165501	0.249432	0.0373426	0.0108034	0.0111234	0.0743073	0.0121351
46	0.0640394	0.000445111	0.184093	0.236915	0.00793765	0.0138504	0.00326149	0.00422778	0.0790466	0.00293148	0.0022345	0.0799188	0.0125497	0.0743248	0.117552	0.0791433	0.0328727	0.00325226	0.000327926	0.00107668
47	0.049408	0.000818954	0.292317	0.500953	0.00120675	0.00344981	0.0112227	0.001749	0.00944979	0.0106344	0.0100812	0.0185327	0.0304573	0.0101149	0.00163401	0.0215604	0.0156901	0.00947163	0.000358831	0.000889058
48	0.0252599	0.00494678	0.000929206	0.000801004	0.0211025	0.00277747	0.000551326	0.247985	0.000895136	0.295021	0.0690496	0.0016456	0.00065187	0.00310565	0.00146924	0.0067228	0.0169922	0.297596	0.000840529	0.00165758
49	0.171435	0.0331383	0.00502064	0.00418907	0.0428522	0.0431412	0.0495456	0.0727577	0.0044288	0.173013	0.00540928	0.0215515	0.00307803	0.0772368	0.0575683	0.101496	0.0100721	0.0735192	0.0167349	0.0338118
50	0.034924	0.000896037	0.0789639	0.0849436	0.00314195	0.00698665	0.0275268	0.00319297	0.150297	0.00736712	0.0049313	0.0691848	0.0018261	0.112328	0.313243	0.057269	0.00682471	0.0120587	0.00758211	0.0165122
51	0.0435948	0.00306095	0.391451	0.0461545	0.00422891	0.0249071	0.0102293	0.00644536	0.0115139	0.0147922	0.00427794	0.127317	0.00556981	0.0523895	0.0169294	0.153766	0.0526478	0.0253961	0.00123372	0.00409468
52	0.00931513	0.000572637	0.00158838	0.000973268	0.366125	0.00147393	0.00726834	0.0652045	0.00128585	0.27343	0.136763	0.00158138	0.000433729	0.00642605	0.00156305	0.00252535	0.0109207	0.0639115	0.0128442	0.0357934
53	0.0634212	0.000467252	0.183329	0.239136	0.00817318	0.013989	0.00329594	0.00444876	0.078121	0.00321617	0.00229512	0.0803468	0.0119658	0.0738158	0.116837	0.0792603	0.033112	0.00346709	0.000294619	0.00100779
54	0.00990362	0.0013306	0.000698129	0.000813118	0.0415163	0.00202128	0.00127323	0.399327	0.000677486	0.189631	0.0389342	0.00112089	0.000306525	0.00274293	0.000911875	0.00339461	0.0185363	0.280093	0.00417892	0.00258943
55	0.141331	0.00276415	0.0379433	0.0367264	0.00737142	0.0193039	0.0092313	0.0648836	0.0489818	0.121168	0.0575262	0.0231038	0.0268929	0.0550904	0.0501542	0.09027	0.105659	0.0887904	0.000791931	0.0120157
56	0.0536622	0.000902356	0.0585295	0.0883359	0.00718709	0.0201976	0.0308395	0.00399448	0.149364	0.0119282	0.00830336	0.0668077	0.00106108	0.150441	0.210574	0.0805051	0.0205907	0.00945517	0.00967431	0.0176457
57	0.0274221	0.0222443	0.0181789	0.00367895	0.00350206	0.0555951	0.00890585	0.00332333	0.0133906	0.00513069	0.00662299	0.0211585	0.00979084	0.00730921	0.00742416	0.565696	0.213701	0.00456134	0.000592408	0.00177101
58	0.099917	0.00330745	0.107194	0.0863818	0.00375507	0.125192	0.0441282	0.00997047	0.010988	0.0221903	0.0346008	0.0925232	0.0394469	0.0744627	0.0422996	0.099981	0.0698947	0.0270718	0.00258774	0.00410764
59	0.00745694	0.000254633	0.000505376	0.000413542	0.0420045	0.000592737	0.000387179	0.0754994	0.000837346	0.728872	0.0776384	0.000551018	0.000236723	0.000627218	0.00293625	0.00101737	0.01038	0.0493472	0.000148904	0.000293502
60	0.00900326	0.00652835	0.00880567	0.0012133	0.398023	0.00585738	0.0376259	0.0195005	0.00148546	0.0291539	0.014299	0.00530017	0.000557216	0.00180253	0.00899021	0.00334031	0.00828068	0.0118425	0.0114293	0.416961
61	0.0320836	0.000904084	0.0585445	0.0680124	0.00544012	0.0090295	0.032845	0.00412863	0.152798	0.00664916	0.00708187	0.090586	0.00155143	0.163492	0.267834	0.0467908	0.00826644	0.0100127	0.0176397	0.0163106
62	0.0497874	0.00113108	0.00793756	0.0128703	0.00528234	0.00671591	0.0204459	0.0426502	0.244531	0.0923537	0.0491878	0.0317046	0.000768594	0.139471	0.174484	0.0358605	0.0601443	0.0194386	0.000792794	0.00444271
63	0.0128504	0.000540538	0.000568728	0.000543771	0.0130548	0.00158417	0.000475612	0.380774	0.000539702	0.160872	0.022515	0.00123228	0.000238884	0.00338961	0.000674281	0.00257857	0.0177924	0.378146	0.00124957	0.000379603
64	0.0436255	0.00825554	0.024871	0.0270649	0.177188	0.0968144	0.038879	0.0225465	0.0209122	0.0373774	0.0217026	0.0202618	0.00829422	0.0174991	0.0214543	0.0344637	0.0317962	0.0185456	0.00857034	0.319878
65	0.0889606	0.00417448	0.0313721	0.0920685	0.00693087	0.0112061	0.00795888	0.0612506	0.0217918	0.0278694	0.0235716	0.0774903	0.0037159	0.0847404	0.0235363	0.163395	0.138335	0.125221	0.00121556	0.00519516
66	0.1102	0.00130904	0.0881124	0.141997	0.0148197	0.03727	0.0176904	0.00519344	0.0806136	0.0167099	0.0049924	0.0695201	0.00164057	0.0998613	0.0933403	0.138442	0.0575646	0.0072489	0.000980166	0.0124943
67	0.0732017	0.00136829	0.113424	0.346728	0.00979872	0.056533	0.0135233	0.00662306	0.0336463	0.0186579	0.00771155	0.0339744	0.00743339	0.0923038	0.0418051	0.0900153	0.0344253	0.0141373	0.0016169	0.00307271
68	0.00750702	0.00332109	0.00427733	0.00115959	0.509181	0.00351254	0.0178477	0.0351496	0.00129712	0.0820805	0.0211711	0.00478814	0.000610978	0.00200903	0.00457986	0.00380326	0.0114185	0.0246133	0.0155533	0.246119
69	0.0487562	0.00322705	0.343624	0.0426789	0.00334319	0.126549	0.0146104	0.0121138	0.00780839	0.0207992	0.0082378	0.116097	0.0103792	0.0237319	0.0143032	0.135703	0.041994	0.0156133	0.00121446	0.00921628
70	0.0421173	0.00415337	0.0142272	0.0218031	0.00475989	0.00708046	0.00351239	0.12749	0.00635121	0.0439132	0.0885867	0.0186039	0.00322337	0.100943	0.0072105	0.137359	0.250416	0.113794	0.0013709	0.00308549
71	0.204984	0.0065382	0.00771465	0.0065863	0.0846326	0.0156636	0.00705405	0.0156048	0.0119358	0.184842	0.0110469	0.00972888	0.141264	0.00919981	0.0094115	0.0940664	0.0198907	0.0163685	0.0019946	0.141473
72	0.0815145	0.00113162	0.0111733	0.00589027	0.00179664	0.742898	0.0101289	0.00283372	0.00998576	0.0077959	0.00230621	0.00890537	0.00099062	0.00582566	0.00448601	0.0683487	0.0161923	0.015401	0.000606956	0.0017883
73	0.116417	0.001291	0.00310889	0.00276733	0.00181996	0.698439	0.00825579	0.00222857	0.00844773	0.00578425	0.00232353	0.00532016	0.000920432	0.00312206	0.00267701	0.0998186	0.0198545	0.0156161	0.000450294	0.00133739
74	0.0796391	0.000994268	0.0714581	0.398591	0.00746297	0.0193608	0.018682	0.00606175	0.0479708	0.0192177	0.0031865	0.0115875	0.000657512	0.143821	0.0400215	0.0505294	0.0436668	0.0334467	0.00218108	0.00146362
75	0.0586255	0.00761061	0.00281933	0.00298194	0.00203002	0.0313956	0.00173132	0.00282402	0.0028886	0.00363902	0.00215429	0.00285991	0.750207	0.00308434	0.00316629	0.0870061	0.029679	0.00336389	0.000618363	0.00131519
76	0.00825379	0.00152774	0.00177669	0.00155356	0.425724	0.00263678	0.00484376	0.0720132	0.00173326	0.0340568	0.00824233	0.00764617	0.000769942	0.00232788	0.00227344	0.0066787	0.0318532	0.0544529	0.0266115	0.305024
77	0.0979251	0.000646132	0.00154061	0.00149165	0.00125232	0.755136	0.00887237	0.00186072	0.00818397	0.00482484	0.00163846	0.00409965	0.000571593	0.00187746	0.0015167	0.0750624	0.0157662	0.0163053	0.000430056	0.000998812
78	0.250515	0.0851273	0.00123832	0.00113718	0.00725652	0.0228578	0.00098706	0.0610978	0.00149151	0.113378	0.0311727	0.0102192	0.00880127	0.00188719	0.00358799	0.0464114	0.0943026	0.250098	0.0004014	0.00803142
79	0.0280303	0.00701049	0.000695743	0.000646912	0.0340331	0.00470729	0.000525404	0.223287	0.000699213	0.255688	0.168945	0.00195017	0.000360714	0.00228638	0.000776312	0.00819876	0.0113215	0.246713	0.000628141	0.00349499
80	0.00784864	0.000571479	0.000497682	0.000494168	0.0157139	0.00127754	0.000410769	0.445426	0.000454004	0.17556	0.0216225	0.000873042	0.000243253	0.00289508	0.000535459	0.00307595	0.0146905	0.306111	0.00136102	0.000338174
81	0.359756	0.0484284	0.00384739	0.00239672	0.0144545	0.192314	0.00226437	0.0300122	0.00310213	0.0243352	0.0366864	0.00498583	0.00318799	0.00689296	0.00291339	0.149358	0.0522616	0.0601867	0.000526186	0.00208929
82	0.0776672	0.00254553	0.549009	0.0159688	0.00516833	0.013647	0.00523716	0.0070164	0.00490153	0.0376041	0.00497725	0.0880355	0.00402201	0.0168272	0.00582353	0.0860608	0.0376609	0.0326587	0.00154698	0.00362229
83	0.0104239	0.00855741	0.0118526	0.00120431	0.379688	0.0071405	0.0529379	0.00796441	0.00129904	0.0309637	0.0181902	0.00418106	0.000642849	0.0017818	0.0117938	0.00273076	0.00290894	0.00318859	0.00648368	0.436067
84	0.100872	0.00180469	0.0891426	0.311528	0.0175116	0.0380922	0.0303559	0.00428777	0.0374264	0.00520208	0.0178117	0.022103	0.0017892	0.039999	0.00939733	0.00833465	0.0571599	0.00490931	0.0012752	0.200998
85	0.00975545	0.000758858	0.00122847	0.00106921	0.349329	0.00171694	0.00783107	0.0837749	0.000967768	0.24769	0.136303	0.00164255	0.000521231	0.00524176	0.00136549	0.00290336	0.0128852	0.0780771	0.0159445	0.0409946
86	0.0539837	0.00172439	0.164282	0.0490298	0.00245996	0.0770981	0.0184	0.00417489	0.0204657	0.00441368	0.00229745	0.0873618	0.00299992	0.0318552	0.0286988	0.356587	0.0870672	0.00482655	0.000667389	0.00160606
87	0.0720682	0.00216697	0.207516	0.162589	0.005282	0.0424525	0.0143788	0.00527658	0.0379798	0.00499978	0.0154781	0.0887553	0.0301954	0.103883	0.0731178	0.0801006	0.0402807	0.00898716	0.00180777	0.00268476
88	0.0688862	0.0052029	0.30666	0.0531597	0.0077173	0.0374353	0.0138071	0.00865612	0.0177974	0.0144909	0.00614002	0.0828229	0.00924078	0.0289728	0.0224492	0.22716	0.0633315	0.0184799	0.00212143	0.00546885
89	0.0134124	0.00285588	0.000497729	0.000521108	0.0185077	0.00193376	0.000394141	0.346427	0.000448552	0.206714	0.0684005	0.00128271	0.000233368	0.00415426	0.000585466	0.00381062	0.0158748	0.31161	0.00114549	0.00119059
90	0.153609	0.00157002	0.11758	0.142998	0.0464361	0.0310715	0.00517511	0.0174005	0.0321375	0.0116221	0.00882603	0.0432371	0.00132739	0.0726182	0.0169151	0.161556	0.100226	0.00525475	0.000581305	0.029858
91	0.0810335	0.00484116	0.00711725	0.00777318	0.0977417	0.0430668	0.0067418	0.0563738	0.00755049	0.116336	0.112782	0.0473261	0.00412862	0.00981703	0.0105348	0.0243029	0.270531	0.0161564	0.0584984	0.0173476
92	0.00695552	0.000417843	0.000482584	0.000417291	0.035072	0.00065427	0.000396422	0.0877975	0.00110706	0.711746	0.0880264	0.000757499	0.00025834	0.000833501	0.00342401	0.00126992	0.0101754	0.0497497	0.000156273	0.000302975
93	0.101224	0.00050331	0.0878232	0.14798	0.0127127	0.0347315	0.0163888	0.00366331	0.0916079	0.0182577	0.0056369	0.0633976	0.00282434	0.101722	0.117185	0.126259	0.0551658	0.00464967	0.000467963	0.00779844
94	0.0227994	0.00698248	0.000726648	0.000641188	0.0225731	0.0034852	0.000534162	0.241802	0.000796011	0.264959	0.190504	0.00418463	0.000301023	0.00269962	0.00154663	0.0095849	0.0172127	0.205611	0.000512819	0.00254358
95	0.300942	0.00066765	0.00114289	0.00143887	0.000892923	0.136463	0.000880445	0.00168983	0.00108438	0.0044899	0.0032681	0.00728783	0.00197968	0.00800793	0.00242086	0.497229	0.0274922	0.00160332	0.000363662	0.000655678
96	0.101978	0.000611378	0.0535046	0.119201	0.0115827	0.0329387	0.0219353	0.00315659	0.12034	0.0211801	0.01554	0.0532436	0.00134735	0.124584	0.138323	0.11627	0.0440588	0.00659138	0.00195615	0.0116569
97	0.0131958	0.00052772	0.000882641	0.000722598	0.0123555	0.00159255	0.000616454	0.37261	0.000619031	0.15682	0.0206925	0.00227312	0.000332319	0.00388496	0.000938954	0.00279244	0.0212257	0.386216	0.00124432	0.000456521
98	0.634774	0.0385344	0.00122932	0.00107285	0.00272602	0.0799547	0.000961269	0.00973823	0.00123194	0.00184409	0.0108495	0.00234878	0.00347196	0.00149038	0.00144228	0.164398	0.0151184	0.0278925	0.000310529	0.000611297
99	0.247223	0.0146064	0.0426432	0.0530494	0.0132982	0.0683195	0.00416985	0.00945556	0.0240062	0.0160621	0.00410534	0.0210051	0.00422001	0.0161355	0.0151436	0.276093	0.146363	0.0188864	0.00100952	0.00420435
100	0.201188	0.00508709	0.00259324	0.00220557	0.0141161	0.0866134	0.00228973	0.0442575	0.0253147	0.100222	0.0772006	0.0317276	0.00323121	0.00661451	0.00339542	0.296267	0.0467671	0.0467522	0.00077679	0.0033804
101	0.613194	0.0320026	0.0014548	0.00115651	0.00254327	0.0637518	0.000869766	0.00888736	0.00113931	0.0025129	0.0112757	0.00246521	0.00539462	0.00135813	0.00141738	0.204995	0.0221201	0.0224914	0.000315832	0.00065361
102	0.0237833	0.00606105	0.00830868	0.00649691	0.350334	0.0106774	0.095983	0.0291085	0.0137276	0.134577	0.0494144	0.00896754	0.00312506	0.0119981	0.0129651	0.0174879	0.0172699	0.0263323	0.00851174	0.16487
103	0.291326	0.258438	0.00502555	0.00413908	0.00512952	0.0123365	0.00419846	0.0104252	0.00462923	0.0548537	0.0308362	0.0101854	0.00341999	0.00578487	0.00505451	0.102277	0.129768	0.0575351	0.00154989	0.00308765
104	0.0614959	0.00771962	0.00461643	0.00457609	0.00214145	0.0306393	0.0018731	0.00307424	0.00455595	0.00396816	0.00233354	0.00361363	0.742014	0.00402562	0.00350428	0.0842232	0.0296451	0.00397429	0.000615005	0.00139104
105	0.0167899	0.00172777	0.00129236	0.00119702	0.315255	0.0024211	0.00634182	0.0873362	0.000995104	0.259464	0.148326	0.00167236	0.000494525	0.00494296	0.00127845	0.00403346	0.0106415	0.0952421	0.0104923	0.0300557
106	0.00552668	0.000525818	0.000464022	0.000471591	0.0179092	0.00132156	0.000376783	0.495915	0.000482919	0.175333	0.0169079	0.000657048	0.000249507	0.00229587	0.000580587	0.00269253	0.0125566	0.26392	0.0014702	0.000342488
107	0.319164	0.0152712	0.00416322	0.00919468	0.0215922	0.0750097	0.00122295	0.00790301	0.00404329	0.034364	0.00183633	0.00504267	0.00229075	0.00409357	0.00687817	0.239221	0.230837	0.0163972	0.000411163	0.00106434
108	0.302027	0.00065309	0.00136353	0.00150186	0.000891403	0.135764	0.000914948	0.00178779	0.00110252	0.00451061	0.00327952	0.00749073	0.00197056	0.00793005	0.00249683	0.496391	0.0272513	0.00163727	0.000380454	0.000655179
109	0.204285	0.071776	0.00227213	0.00189275	0.00465814	0.0115345	0.00151574	0.0935008	0.00167125	0.0781627	0.0311371	0.0074117	0.0174433	0.00236386	0.00487984	0.0849823	0.0907358	0.283677	0.000441164	0.00565877
110	0.271657	0.00184215	0.0939297	0.0220348	0.00181369	0.064362	0.0226065	0.00764826	0.012598	0.00830343	0.00230815	0.0596564	0.00136887	0.00345928	0.0202973	0.378362	0.0131207	0.00802212	0.00514156	0.00146758
111	0.222528	0.0082048	0.087834	0.0801613	0.00874852	0.0171089	0.00263772	0.0168352	0.066083	0.00699742	0.00260507	0.0200846	0.3192	0.0497352	0.020378	0.0348271	0.0155123	0.0177736	0.000863486	0.00188129
112	0.115042	0.000393948	0.0751052	0.137537	0.0150216	0.0426682	0.0178806	0.00333467	0.088473	0.0194132	0.00605277	0.0569314	0.000913933	0.103694	0.100135	0.144271	0.0584313	0.00385509	0.000429682	0.0104151
113	0.0222002	0.00325499	0.000827952	0.000766086	0.169176	0.00346796	0.00300531	0.134163	0.000879973	0.33175	0.153187	0.00155009	0.000418487	0.00285234	0.00121703	0.00555138	0.00884837	0.140567	0.00373651	0.0125801
114	0.00702895	0.00051673	0.00118399	0.000955639	0.41694	0.00138299	0.0054923	0.0529001	0.00102342	0.298749	0.10225	0.00137305	0.000490804	0.00441445	0.00147175	0.00230961	0.00783635	0.0506639	0.0122646	0.030752
115	0.0440542	0.00213032	0.0776508	0.0351475	0.00415896	0.62129	0.0124117	0.00621288	0.00621662	0.026911	0.00762422	0.035766	0.00299089	0.032618	0.0253263	0.0143938	0.0146611	0.0253671	0.00175095	0.00331755
116	0.17138	0.00343636	0.0166925	0.0358964	0.00612774	0.0116858	0.0223249	0.0179971	0.0448578	0.110972	0.0205128	0.0268818	0.213483	0.0388473	0.0427998	0.0641798	0.0851544	0.0603199	0.00117878	0.0052706
117	0.0665367	0.000434437	0.183941	0.274522	0.00774741	0.0184904	0.00353286	0.00435335	0.0680513	0.00601104	0.00231714	0.0630063	0.00909953	0.0788837	0.0987519	0.0799723	0.0278344	0.00509557	0.00039896	0.00101906
118	0.0130661	0.00973037	0.0110314	0.00124245	0.366451	0.00865698	0.0585829	0.00781356	0.00171692	0.0383825	0.0225178	0.00387708	0.000739871	0.00212555	0.0129246	0.00314111	0.00299181	0.00290455	0.00524402	0.42686
119	0.116334	0.00270811	0.00901887	0.0103802	0.00479634	0.0248276	0.00478184	0.0985188	0.0513604	0.102394	0.0173857	0.0095193	0.00771649	0.0335366	0.0305665	0.0481107	0.276266	0.147524	0.000997717	0.0032561
120	0.150965	0.00239901	0.00912943	0.0378803	0.0232012	0.0443542	0.00516485	0.00599102	0.159929	0.00917132	0.00617913	0.00868918	0.0635085	0.0605294	0.243663	0.12238	0.0345212	0.0073902	0.0013239	0.00362984
121	0.0138499	0.00259248	0.00568954	0.00479793	0.0894327	0.00589135	0.00637757	0.0099698	0.00589176	0.0141586	0.00801223	0.00646115	0.00285424	0.00783089	0.00595431	0.0127106	0.012371	0.0113642	0.755461	0.0183287
122	0.01947	0.00176221	0.0337322	0.0333326	0.00393993	0.00583661	0.0313507	0.00444674	0.126985	0.00695103	0.00784471	0.138907	0.00280794	0.195527	0.325325	0.0290637	0.00784164	0.00731015	0.0110355	0.00653031
123	0.234107	0.00185549	0.0552367	0.0228279	0.00211467	0.0785562	0.0190311	0.00575467	0.00795583	0.0176857	0.00270259	0.0554373	0.00206038	0.00554929	0.0490832	0.402758	0.0255525	0.00690405	0.00319408	0.00163307
124	0.00817456	0.000430264	0.00083845	0.000646993	0.224132	0.000914185	0.00218269	0.0596627	0.000856727	0.552493	0.0764018	0.00092082	0.000361788	0.00193208	0.00243007	0.00167657	0.00818856	0.0459483	0.00331073	0.00849701
125	0.0533307	0.00653551	0.0260553	0.0300801	0.0142263	0.0586604	0.0182303	0.0741417	0.0720271	0.0501143	0.0300284	0.0336679	0.0089532	0.109317	0.271474	0.0490427	0.0446892	0.0289759	0.00401425	0.0164351
126	0.0678587	0.000520155	0.133851	0.403124	0.00887297	0.027367	0.00745618	0.00554036	0.0405925	0.0187792	0.00289022	0.0277173	0.00259723	0.111242	0.0495137	0.063018	0.0163893	0.0108999	0.00102441	0.00074636
127	0.0757321	0.0018178	0.0153568	0.0202757	0.00587143	0.0111847	0.0208544	0.045902	0.0674917	0.0948782	0.0657963	0.0309281	0.00805377	0.0837637	0.0847119	0.165524	0.158008	0.0389767	0.00098905	0.00388367
128	0.0479748	0.000830698	0.301376	0.485822	0.00121925	0.00512079	0.00910859	0.00180567	0.0080811	0.00884542	0.00815539	0.0225467	0.0354545	0.0102934	0.00164532	0.0268448	0.0153225	0.0082559	0.000404036	0.000893186
129	0.0799031	0.00231107	0.190494	0.305694	0.00915091	0.0208068	0.0101854	0.00834926	0.0241049	0.0143764	0.00819204	0.0320927	0.0123086	0.0492873	0.0291387	0.120493	0.0328295	0.0452065	0.00134398	0.00373163
130	0.417941	0.00674982	0.00147961	0.00152068	0.00124629	0.0805121	0.000749401	0.00306588	0.00106586	0.0044554	0.00769851	0.00493665	0.0047985	0.00429694	0.00220522	0.425079	0.0260807	0.00501635	0.000450392	0.00065107
131	0.0845609	0.0121645	0.0168163	0.012806	0.00347722	0.00608949	0.00584683	0.0160655	0.172364	0.0134106	0.0129355	0.0148361	0.00401823	0.0477025	0.470699	0.0681918	0.0151577	0.0165792	0.00132326	0.00495502
132	0.00794731	0.00489964	0.00679533	0.0015995	0.426371	0.00511736	0.0276456	0.0310914	0.00206509	0.0282362	0.0125429	0.0100324	0.000669525	0.00219864	0.00731537	0.00516745	0.0131573	0.0191094	0.0149105	0.373128
133	0.0117202	0.00186447	0.000499006	0.000507579	0.0177948	0.00166338	0.000435965	0.370681	0.000466034	0.195742	0.0461955	0.00114358	0.000232453	0.00356561	0.000546472	0.00326503	0.015708	0.325813	0.00132466	0.000831717
134	0.162562	0.00171396	0.00187794	0.00165842	0.00187898	0.657805	0.0135968	0.00272535	0.00519632	0.0102444	0.00233648	0.00324316	0.000724576	0.00239558	0.0021195	0.0645262	0.0274432	0.0362061	0.000599699	0.00114648
135	0.00921507	0.000518649	0.000749917	0.000566493	0.075306	0.000882891	0.00111046	0.078703	0.00089416	0.663409	0.0883732	0.00077635	0.000267575	0.00122075	0.00269402	0.00160337	0.0104881	0.0586054	0.00120473	0.00341075
136	0.154397	0.0698779	0.00297155	0.00288652	0.0039869	0.0064846	0.0026447	0.0192613	0.00293712	0.0355586	0.0337147	0.00441716	0.00331652	0.00387372	0.00428262	0.0149318	0.394015	0.235808	0.000608712	0.00402601
137	0.0926277	0.00265085	0.00799357	0.00703226	0.00589874	0.00600979	0.00681143	0.02192	0.00555091	0.387204	0.228275	0.0055176	0.0016716	0.00530674	0.00947968	0.0106077	0.0668759	0.118912	0.00141191	0.00824239
138	0.0574848	0.00754836	0.00295889	0.00274612	0.0020648	0.0327672	0.00196207	0.00281459	0.0025639	0.00361861	0.00225546	0.00318857	0.748218	0.00292876	0.00305463	0.0878996	0.0305741	0.00341913	0.000603028	0.00132948
139	0.0285756	0.00171695	0.0694261	0.0654487	0.00195028	0.00444218	0.0292064	0.00387948	0.120211	0.00845758	0.00361842	0.0670406	0.00161898	0.0831737	0.438185	0.0455443	0.00460625	0.00931149	0.00453948	0.00904663
140	0.030401	0.00231594	0.00438883	0.00481247	0.306626	0.00711163	0.0239978	0.119046	0.00429498	0.097544	0.0535006	0.00851297	0.00232589	0.00620893	0.00509918	0.0124714	0.11401	0.126334	0.0111879	0.059811
141	0.0181987	0.0024157	0.00704314	0.00500346	0.0154427	0.00611474	0.00518436	0.119774	0.0311921	0.438476	0.191894	0.00725565	0.00169252	0.014875	0.0645087	0.0101772	0.020022	0.0351624	0.00129712	0.00427081
142	0.20241	0.00592773	0.00256056	0.00245134	0.0184322	0.0914883	0.00200787	0.0423595	0.0199745	0.122993	0.0827652	0.0223385	0.00426237	0.00705047	0.00316569	0.263845	0.0509371	0.049895	0.00082766	0.00430737
143	0.0628437	0.0121107	0.0287887	0.0189737	0.00415629	0.00661781	0.00920693	0.0201213	0.0857869	0.0204896	0.0133724	0.0255572	0.00314618	0.0282008	0.559631	0.0591653	0.0151862	0.0200614	0.00180752	0.00477636
144	0.126681	0.00273111	0.0340633	0.0539692	0.00608891	0.018253	0.010037	0.049331	0.0423236	0.125251	0.0604183	0.0339604	0.0244341	0.0787898	0.0482024	0.0807519	0.108574	0.0902046	0.000715312	0.00522033
145	0.112025	0.0252746	0.0110244	0.00705376	0.00478737	0.0274076	0.00307559	0.00972269	0.00633266	0.0117909	0.00519655	0.00686096	0.588042	0.00627309	0.00663645	0.0958871	0.0493214	0.0186633	0.00132917	0.00329532
146	0.0300735	0.003619	0.0125304	0.0101461	0.281918	0.0108031	0.0644825	0.0254212	0.0227473	0.0347133	0.0194206	0.0171055	0.002295	0.021018	0.0177825	0.0314012	0.0212537	0.021297	0.0418839	0.310088
147	0.079654	0.0023822	0.132192	0.0833959	0.00299584	0.146292	0.0418474	0.00515175	0.0122512	0.00528755	0.0169533	0.103111	0.0222406	0.0526859	0.0402067	0.164139	0.0748476	0.0101975	0.00133336	0.00283446
148	0.216559	0.0111903	0.093579	0.0746083	0.0117923	0.0227902	0.00297117	0.0234809	0.0752032	0.00528858	0.00256949	0.0205177	0.277305	0.0612202	0.0287405	0.0278548	0.0176627	0.0234499	0.00115261	0.00206472
149	0.120159	0.0162889	0.13613	0.0772612	0.00521825	0.0560598	0.0281818	0.0290128	0.0269122	0.0297235	0.0140019	0.101645	0.0375814	0.0680884	0.0593584	0.0664571	0.0555521	0.0468604	0.00995975	0.0155476
150	0.00865237	0.00643535	0.00819403	0.00118702	0.418832	0.00556005	0.0351404	0.0189172	0.0011695	0.0270315	0.0134546	0.00569526	0.000595408	0.00157301	0.00816961	0.00303596	0.00661686	0.0106465	0.00993966	0.409153
151	0.0645019	0.0115384	0.0990994	0.108206	0.010053	0.0122702	0.0270148	0.0303792	0.0667363	0.0266913	0.00408195	0.114363	0.00268673	0.0807132	0.103337	0.0781429	0.0866627	0.0548333	0.00423353	0.0144555
152	0.0657696	0.00108598	0.103594	0.403215	0.00982844	0.0240839	0.0124816	0.00706366	0.0397247	0.0201915	0.00592502	0.0225894	0.00463448	0.12788	0.0428307	0.0538047	0.0289346	0.0192021	0.0022479	0.00491284
153	0.0743039	0.00534586	0.096436	0.120233	0.0161405	0.0185976	0.023379	0.0205154	0.0688775	0.023779	0.00482473	0.102784	0.00158885	0.0877905	0.0987051	0.100785	0.0853916	0.0340613	0.00275049	0.0137097
154	0.0300644	0.0157683	0.00994527	0.00256289	0.342901	0.0215863	0.0532636	0.00997582	0.00360682	0.0634716	0.0357936	0.00498287	0.00531877	0.00431965	0.0125059	0.00736284	0.00546461	0.00456387	0.00415464	0.362387
155	0.192261	0.16486	0.00331569	0.00320113	0.0041309	0.0237423	0.00262771	0.0195323	0.00327602	0.233197	0.0153619	0.022269	0.00362735	0.00411208	0.0038827	0.0602546	0.0966279	0.139886	0.000939754	0.0028939
156	0.0140624	0.00287937	0.00613794	0.00500286	0.0691484	0.00633099	0.00508307	0.00786925	0.00583245	0.00933554	0.00552013	0.00684102	0.00304488	0.00833334	0.00701004	0.0137526	0.0117062	0.0096849	0.7958	0.00662406
157	0.115419	0.0238406	0.00324005	0.00261559	0.0233585	0.250495	0.00253579	0.0456779	0.00916821	0.0453366	0.0838618	0.0102405	0.00281636	0.018319	0.00362978	0.232184	0.0827879	0.0409364	0.00112037	0.00241642
158	0.0531315	0.0144459	0.11725	0.00685012	0.00439613	0.00989324	0.0773933	0.0057357	0.0127566	0.00737475	0.00442926	0.319758	0.0481132	0.0282544	0.0155588	0.236878	0.0248032	0.00788631	0.00184698	0.0032454
159	0.510484	0.0172087	0.00322499	0.00283606	0.0028517	0.0656075	0.000941993	0.00581947	0.00189555	0.00466478	0.00833745	0.00483448	0.0118301	0.00292929	0.00322919	0.297831	0.0392645	0.0148396	0.000498566	0.000870937
160	0.630376	0.0344882	0.00130059	0.00102633	0.00252298	0.0724295	0.000873238	0.0101339	0.0011203	0.00199313	0.0104854	0.00236207	0.00391256	0.0013646	0.00125694	0.179392	0.0167565	0.0272483	0.000335248	0.000622322
161	0.00739557	0.00212785	0.00271599	0.00120224	0.43055	0.00274731	0.00856583	0.0598412	0.00152519	0.0306081	0.00822421	0.00772565	0.000661423	0.00200607	0.00309538	0.00609683	0.0249636	0.0423419	0.0301327	0.327473
162	0.345587	0.0151287	0.0486982	0.0361785	0.00488788	0.0430502	0.0178557	0.0291241	0.0165972	0.0932208	0.0499371	0.0138757	0.0226641	0.038201	0.0208891	0.0695382	0.0691104	0.0598661	0.00106404	0.00452593
163	0.0093947	0.000535675	0.00121302	0.000968733	0.370955	0.00144705	0.00765836	0.0661262	0.000945447	0.264379	0.140083	0.00145076	0.000447385	0.00565556	0.00123149	0.00233014	0.00965346	0.0639921	0.0135954	0.0379366
164	0.275319	0.00205918	0.00315033	0.00282176	0.00276334	0.528816	0.00890031	0.0039798	0.00369642	0.0237438	0.00304295	0.00384928	0.00117541	0.00347095	0.00324225	0.0378358	0.0306044	0.0586917	0.000968386	0.00186859
165	0.205221	0.00625978	0.0115144	0.040305	0.0153526	0.0621802	0.00169561	0.00338374	0.0148185	0.0203772	0.00151835	0.0108245	0.00665398	0.0113171	0.0214265	0.323045	0.210758	0.0316969	0.000366839	0.00128447
166	0.0426886	0.0308357	0.00852582	0.00742735	0.00667577	0.00839867	0.00683734	0.0353933	0.197611	0.0410994	0.00729401	0.323112	0.00337435	0.00881118	0.0796432	0.0185692	0.0728627	0.0937898	0.00228069	0.00476951
167	0.0256029	0.0069167	0.000683605	0.000601845	0.0281563	0.00409265	0.00050782	0.23275	0.000694341	0.259153	0.180829	0.00302855	0.000320267	0.00233016	0.0011119	0.00870823	0.0139275	0.226909	0.000627697	0.00304803
168	0.0996468	0.0105794	0.00935867	0.0148016	0.00399604	0.00856726	0.00245384	0.166417	0.00614912	0.0711021	0.107367	0.0664251	0.00475643	0.0305158	0.00707529	0.0966722	0.149605	0.140671	0.00111989	0.00272022
169	0.0477446	0.000546633	0.126418	0.133073	0.00391031	0.00624749	0.0167703	0.00264523	0.110975	0.00494521	0.00234474	0.0764122	0.00704801	0.0885506	0.280582	0.0598838	0.0161142	0.00603625	0.00285961	0.00689346
170	0.257266	0.00266145	0.0467889	0.0413071	0.00374145	0.0530248	0.0123424	0.00789076	0.0099194	0.00893723	0.00330598	0.0459165	0.00214709	0.00769698	0.0202909	0.435205	0.0246117	0.0102664	0.004261	0.00241866
171	0.011554	0.00930327	0.0111912	0.0012834	0.38001	0.00768004	0.0570174	0.00813943	0.00155968	0.0346565	0.0207211	0.00407386	0.000624571	0.00205225	0.0120065	0.00295961	0.00293224	0.00293337	0.00566787	0.423634
172	0.0809069	0.014722	0.100743	0.105046	0.0086684	0.0148651	0.0255472	0.0340793	0.055407	0.0330497	0.00746965	0.104767	0.00705588	0.0728375	0.0886593	0.0806537	0.0876105	0.0617682	0.00356365	0.0125807
173	0.0660012	0.00123927	0.0309204	0.0339999	0.116111	0.0248583	0.111157	0.0143126	0.0719962	0.047249	0.0322804	0.0421567	0.00358317	0.0675313	0.0431961	0.0739529	0.029465	0.0125818	0.0274805	0.149927
174	0.0189509	0.00477754	0.000980703	0.000936811	0.0271845	0.00312938	0.000730659	0.255302	0.0013216	0.310903	0.168096	0.0038519	0.000412882	0.0039594	0.00314334	0.00764355	0.0157014	0.169472	0.000740768	0.00276237
175	0.088156	0.0259261	0.0199167	0.00675854	0.00408567	0.00557301	0.0048655	0.0305173	0.0958195	0.0226475	0.0131903	0.0155971	0.00465565	0.0130309	0.525351	0.0804356	0.0121613	0.0253318	0.00110222	0.00487794
176	0.104601	0.00290142	0.0076499	0.00465865	0.00246109	0.635439	0.00812377	0.00382691	0.00870824	0.00653204	0.00402071	0.00954522	0.00315545	0.00555327	0.00466527	0.148042	0.0235735	0.0142838	0.0006245	0.00163382
177	0.193823	0.0306902	0.00837662	0.00833389	0.0112094	0.039907	0.00409557	0.086288	0.0128212	0.0904243	0.0415065	0.00759873	0.0384937	0.0108983	0.030473	0.0407654	0.0687439	0.230615	0.00101223	0.0439242
178	0.0452533	0.00198098	0.0817973	0.244074	0.00784989	0.0128614	0.0192009	0.0119491	0.097179	0.0204722	0.00511945	0.041156	0.00131879	0.147944	0.111487	0.0487954	0.0418507	0.0345641	0.0156941	0.00945156
179	0.0846579	0.0026554	0.128215	0.0908106	0.0032512	0.136939	0.0434632	0.00544524	0.0106684	0.00566933	0.0224167	0.105044	0.0314512	0.0683951	0.0404009	0.135149	0.0660606	0.0128301	0.00232332	0.00415353
180	0.0652468	0.00283892	0.0180734	0.0168541	0.013482	0.578532	0.0423956	0.00813218	0.040603	0.0153125	0.0090737	0.0187341	0.00368627	0.0190518	0.0181589	0.0706974	0.0252065	0.0152016	0.00358033	0.0151389
181	0.173919	0.0043492	0.00591448	0.00346292	0.00289533	0.567344	0.00711596	0.00438561	0.00692329	0.00888813	0.00488601	0.00776329	0.00149443	0.00381243	0.00517032	0.146859	0.0255915	0.0174119	0.000546001	0.00126711
182	0.151539	0.00264473	0.0251677	0.0405423	0.0073583	0.0179131	0.0088659	0.0579714	0.0537088	0.133192	0.0500271	0.0184569	0.021532	0.0423062	0.0621364	0.0893941	0.101734	0.091506	0.000852108	0.0231515
183	0.0242636	0.00371237	0.000950092	0.000933157	0.0408476	0.012503	0.00187589	0.319347	0.00107253	0.192268	0.0794172	0.00233419	0.000763409	0.00499478	0.0013072	0.00614985	0.015802	0.286637	0.00156902	0.00325249
184	0.0655155	0.00416239	0.08118	0.132122	0.0140596	0.0191989	0.0246183	0.0262427	0.0711062	0.0234919	0.00502389	0.0969781	0.00135819	0.0885974	0.093337	0.099435	0.103352	0.0368385	0.00169041	0.0116919
185	0.141851	0.00280362	0.0331085	0.0421459	0.00696866	0.0201838	0.0109059	0.0516776	0.0428136	0.133098	0.0629398	0.0284463	0.0265068	0.0701041	0.0473463	0.0830971	0.10542	0.0835391	0.000625412	0.00641855
186	0.0500639	0.000941756	0.0222597	0.0467001	0.00952332	0.00881353	0.025504	0.00705965	0.228726	0.0136652	0.0179831	0.0487481	0.000950659	0.205072	0.191825	0.0577281	0.0326738	0.00901481	0.00744405	0.0153024
187	0.050171	0.0681905	0.011114	0.00946961	0.103239	0.0667686	0.0103722	0.0777144	0.0133278	0.144724	0.0610597	0.0136696	0.171957	0.0144158	0.0146427	0.0960114	0.0258089	0.0242009	0.00350024	0.0196429
188	0.138348	0.0046255	0.0870112	0.12917	0.00905095	0.0173671	0.00678026	0.0155267	0.0792316	0.0263492	0.0097255	0.038385	0.149098	0.0566852	0.0839992	0.0603089	0.0630683	0.0207911	0.00129739	0.00318157
189	0.119017	0.0423668	0.00670803	0.00736546	0.00429261	0.0114639	0.00235346	0.107429	0.0119138	0.102953	0.0300227	0.0100477	0.0198511	0.0135982	0.0100339	0.081067	0.17851	0.235601	0.000676983	0.00472893
190	0.0583536	0.00075913	0.225566	0.322708	0.00582806	0.0124408	0.00606192	0.00387901	0.0585	0.00641748	0.00399248	0.060097	0.0179238	0.0512614	0.0718531	0.0603913	0.0257161	0.00644066	0.000644349	0.00116616
