374	20
1	0.0255692	0.00192258	0.00103315	0.00111943	0.113689	0.00390638	0.00127875	0.116563	0.00102372	0.354369	0.0228085	0.00806206	0.0428652	0.00143691	0.000763286	0.0179461	0.0151593	0.0405152	0.104731	0.125237
2	0.0514634	0.00225901	0.00135796	0.00426048	0.00772349	0.00532862	0.0127003	0.154142	0.163658	0.2551	0.0158357	0.0037185	0.0128161	0.0287025	0.037744	0.0107843	0.0563237	0.11104	0.0613782	0.00366256
3	0.0532669	0.000971652	0.0338273	0.0233527	0.0199755	0.093601	0.0494347	0.0152189	0.17183	0.021842	0.0202806	0.08257	0.0131875	0.165458	0.0974386	0.0464348	0.0361547	0.0247893	0.00440081	0.0259658
4	0.130435	0.00610312	0.00125186	0.00173975	0.156722	0.0509445	0.00234308	0.0591108	0.00194186	0.345227	0.0538962	0.00232902	0.0183021	0.00202941	0.00119739	0.0257815	0.0456346	0.0319192	0.0435158	0.0195751
5	0.168655	0.0150622	0.000272924	0.000261362	0.0693077	0.0505275	0.00028264	0.175696	0.000363293	0.310891	0.0187896	0.000666257	0.00141997	0.000489285	0.000280998	0.0143795	0.0194064	0.148446	0.00116774	0.00363552
6	0.0915155	0.0185978	0.000104743	0.000162019	0.0523021	0.0147225	0.00014227	0.241064	0.000251572	0.282225	0.0258568	0.000654346	0.00542311	0.000456688	0.00012821	0.0132212	0.0230017	0.223092	0.00406442	0.00301451
7	0.158455	0.02537	0.00313925	0.00829293	0.0184436	0.0152063	0.000907703	0.12847	0.00294544	0.116803	0.0477441	0.00666957	0.0769819	0.00358442	0.000981479	0.0899449	0.14845	0.134651	0.00765639	0.00530426
8	0.0903119	0.0198703	7.59724e-05	0.000119123	0.0602183	0.0181508	9.61984e-05	0.199551	0.000126597	0.308912	0.0233551	0.000201264	0.00218438	0.000149957	7.42217e-05	0.0167977	0.0261332	0.228829	0.00398965	0.000853052
9	0.179484	0.0138331	0.000307457	0.000297866	0.0712077	0.0603961	0.000310284	0.172466	0.00040989	0.278711	0.0158927	0.000736581	0.00215563	0.000543313	0.000337374	0.0151844	0.022799	0.16085	0.00102261	0.00305554
10	0.06175	0.00632607	0.00128535	0.000268344	0.0436128	0.0141814	0.00145952	0.344273	0.000330351	0.0744679	0.0260402	0.00636236	0.0012522	0.000444058	0.000230335	0.0142579	0.0506778	0.347093	0.00170511	0.00398263
11	0.199435	0.0228469	0.00148699	0.00437036	0.0412065	0.108956	0.00132788	0.0840114	0.00192931	0.11879	0.0472578	0.00581758	0.0590888	0.0032812	0.0017215	0.0746771	0.0971239	0.108434	0.0125958	0.00564238
12	0.11119	0.0194991	0.000101092	0.000188963	0.0606983	0.0266214	0.000140565	0.186381	0.000165554	0.33821	0.0225789	0.000278597	0.00164584	0.000240501	0.000126764	0.0189526	0.0223146	0.186279	0.00258775	0.00179896
13	0.181491	0.0133529	0.000316389	0.000328609	0.072195	0.0642823	0.000342378	0.169114	0.000436982	0.271361	0.0145708	0.000820367	0.00252849	0.00059322	0.000332009	0.0149157	0.0241806	0.164935	0.000929908	0.00297434
14	0.0748934	0.0159545	9.83029e-05	0.000171747	0.0630741	0.0161167	0.000148064	0.216508	0.000177167	0.334035	0.030657	0.000858038	0.00178087	0.000832686	0.000192563	0.0157276	0.0257811	0.198145	0.00348127	0.00136614
15	0.0248459	0.000915064	0.000466482	0.000558908	0.0905057	0.00996491	0.00932598	0.0492604	0.00477185	0.0730056	0.0186657	0.0145674	0.00364891	0.000798936	0.0168561	0.00642282	0.00924891	0.0113873	0.569098	0.0856847
16	0.0560722	0.00336046	0.000653618	0.00114276	0.409713	0.00542394	0.00269977	0.0402866	0.00140398	0.3105	0.0405572	0.0216864	0.00111751	0.00797256	0.000815901	0.00651994	0.00831054	0.0507008	0.00100835	0.0300544
17	0.0788724	0.0199209	0.000132122	0.000159976	0.0558871	0.0213403	0.000150554	0.212211	0.00048725	0.279527	0.049993	0.000577427	0.00158812	0.000385615	0.000178467	0.0258729	0.0327615	0.213487	0.00424722	0.00221976
18	0.16518	0.0133662	0.00233701	0.0064294	0.0110339	0.0375135	0.00221923	0.113913	0.00360344	0.0825039	0.0411983	0.00570161	0.134405	0.00324879	0.00233791	0.092733	0.140521	0.133254	0.00454728	0.0039542
19	0.394164	0.0125843	0.00409266	0.00468451	0.00403443	0.350629	0.000892335	0.00449983	0.00201203	0.00472857	0.00496903	0.0107071	0.00345986	0.00750252	0.000493011	0.140118	0.0314687	0.0173154	0.000616365	0.00102754
20	0.0246386	0.0018042	0.000923724	0.00142509	0.0794218	0.00998112	0.00792952	0.070096	0.0314523	0.0786473	0.0336761	0.013351	0.00447422	0.00238414	0.023885	0.0102058	0.0137325	0.0172427	0.503079	0.07165
21	0.0517305	0.0012999	0.0282107	0.0212912	0.0258783	0.0692705	0.139698	0.016459	0.108557	0.0182673	0.0130975	0.0651832	0.0149511	0.179427	0.108822	0.0363983	0.0397472	0.0229544	0.00235268	0.0364045
22	0.0491286	0.00726788	0.0012171	0.00650116	0.0774123	0.0210204	0.000729797	0.136133	0.00415203	0.362713	0.143481	0.00180865	0.00474374	0.004954	0.00152605	0.0244093	0.0380879	0.0918008	0.00395255	0.0189602
23	0.0517524	0.00475557	0.000399834	0.00058789	0.41772	0.00689672	0.000573577	0.0384519	0.000766134	0.320494	0.0716417	0.00486959	0.000800492	0.00284655	0.000843717	0.00802225	0.0048388	0.0524013	0.00175205	0.00958529
24	0.657013	0.00739587	0.00112552	0.000483414	0.00270078	0.0925366	0.000470839	0.0157434	0.000560224	0.00222415	0.00274946	0.00325556	0.00377841	0.00089749	0.000429023	0.159766	0.0304117	0.0173069	0.000454008	0.000697079
25	0.00679749	0.000970959	0.000414789	0.000439999	0.00185804	0.00214811	0.00056048	0.611435	0.000534774	0.0848631	0.0195984	0.00109442	0.00253709	0.000964077	0.000446642	0.00408673	0.00719735	0.249134	0.00380945	0.00110868
26	0.028597	0.0187093	0.00152959	0.00339424	0.353239	0.0171331	0.00982011	0.0542764	0.00221586	0.127664	0.0432549	0.0115295	0.0015974	0.00592321	0.0014321	0.0303529	0.0247292	0.0539538	0.0138593	0.19679
27	0.0902643	0.019831	7.59724e-05	0.000118571	0.0602028	0.0181059	9.60801e-05	0.199735	0.000131071	0.308901	0.0234354	0.000200412	0.00218535	0.000149844	7.41767e-05	0.0168143	0.0261355	0.228697	0.00399608	0.000850818
28	0.458082	0.00741184	0.00080274	0.00105664	0.0273954	0.192452	0.000909029	0.00613559	0.0010689	0.00759386	0.0236058	0.00331008	0.00327707	0.00199799	0.00143351	0.175081	0.0711396	0.0118336	0.000937521	0.00447508
29	0.100425	0.0132141	0.00344839	0.00601621	0.0168632	0.0113155	0.00163148	0.175466	0.00299478	0.116766	0.102131	0.00552039	0.00816259	0.00314501	0.0016206	0.0504334	0.13147	0.239022	0.00390866	0.00644605
30	0.0090039	0.00125487	0.000435431	0.000460692	0.00328907	0.00270239	0.000559245	0.600491	0.000512178	0.0836386	0.0200106	0.0012607	0.00250704	0.000908746	0.000433608	0.00455376	0.00911354	0.253971	0.0037291	0.00116476
31	0.118402	0.0208946	0.00264504	0.00384928	0.0125909	0.00859513	0.000930695	0.182717	0.00118382	0.107225	0.0821383	0.0037859	0.00645991	0.00138652	0.000857016	0.055052	0.11721	0.267873	0.00230939	0.00389335
32	0.43156	0.0147947	0.000462823	0.000775011	0.00299145	0.354108	0.000510267	0.00361283	0.000649407	0.00324257	0.00341771	0.00393407	0.00168959	0.0052373	0.000632354	0.133709	0.0229048	0.0140525	0.000759237	0.000956684
33	0.0658944	0.0152033	0.000181229	0.000967194	0.0823219	0.0174809	0.000352878	0.156159	0.000595858	0.419856	0.0641946	0.000955844	0.00211899	0.00285672	0.00051109	0.0134952	0.022407	0.126716	0.00267195	0.00505937
34	0.104322	0.00283502	0.0123394	0.0326859	0.0342521	0.0152886	0.00184449	0.077688	0.00977423	0.2598	0.188826	0.00408126	0.0142908	0.0090657	0.00392085	0.0199534	0.0378985	0.123832	0.0183328	0.0289679
35	0.184441	0.00702303	0.00632051	0.00531428	0.00405202	0.0948082	0.00435562	0.0272598	0.011631	0.0281431	0.0117378	0.0082571	0.350068	0.00637088	0.00736612	0.116677	0.0614893	0.0615563	0.00112491	0.00200375
36	0.0469272	0.00849019	0.00068617	0.00341913	0.0220898	0.0163177	0.000883356	0.32167	0.00206162	0.200094	0.0988983	0.00445285	0.00926121	0.0070321	0.00074805	0.0131193	0.0331773	0.19693	0.0015994	0.0121426
37	0.265114	0.0200882	0.000660957	0.000960004	0.015207	0.214883	0.00192036	0.0766344	0.0015393	0.0447377	0.0419934	0.00556451	0.029322	0.00541407	0.00169209	0.0687798	0.0690005	0.128477	0.00360071	0.00441101
38	0.330911	0.0162153	0.000315337	0.00128895	0.00388582	0.105142	0.000971897	0.0654808	0.000866543	0.0479072	0.0474199	0.0046689	0.0166992	0.00403304	0.00101023	0.109663	0.100351	0.141266	0.000915846	0.000987778
39	0.0742534	0.0133559	0.00188238	0.0038131	0.021888	0.011867	0.0013738	0.219173	0.0055255	0.172973	0.101331	0.00352303	0.00265096	0.00364882	0.00214529	0.0378727	0.0769739	0.232316	0.00610007	0.00733376
40	0.266246	0.0631761	0.000282878	0.000821587	0.00558202	0.108574	0.000472062	0.0369027	0.000549565	0.0314273	0.0222126	0.00701581	0.00618609	0.0010845	0.00155417	0.252454	0.105837	0.0877109	0.000282463	0.00162893
41	0.0182911	0.00178864	0.000193513	0.000329357	0.0960785	0.00654464	0.00040641	0.217021	0.000420229	0.43373	0.0994392	0.00261039	0.000961098	0.00391718	0.00111613	0.00403224	0.017056	0.0887037	0.00181862	0.00554232
42	0.0393056	0.0107855	0.000155819	0.000184721	0.0295728	0.0100939	0.000346767	0.345733	0.0012451	0.215787	0.0867937	0.00448484	0.00300001	0.00339371	0.00018949	0.0129216	0.0215626	0.200948	0.00160193	0.0118943
43	0.427364	0.0140803	0.000390352	0.000772659	0.00283272	0.357463	0.000492615	0.00277229	0.00064155	0.00274669	0.00305019	0.00400617	0.00183916	0.00508268	0.000618636	0.139179	0.0225426	0.0127406	0.000604891	0.00077971
44	0.0318919	0.00642729	0.000162585	0.000176495	0.04541	0.0072923	0.000306054	0.318702	0.000802635	0.284939	0.0823223	0.00387526	0.00235865	0.00338427	0.000328902	0.00783503	0.0187474	0.172567	0.00167558	0.0107963
45	0.313452	0.0230737	0.00032695	0.00119671	0.00277902	0.0803942	0.000530047	0.0596667	0.000495394	0.0382582	0.0378291	0.00519578	0.00547817	0.00260979	0.0006374	0.152812	0.135792	0.138025	0.000398254	0.00104936
46	0.104751	0.0263095	0.000515551	0.000532345	0.0468082	0.0314675	0.00046814	0.182329	0.00102387	0.190778	0.088987	0.00113601	0.00179235	0.000765086	0.00144298	0.0433585	0.0650755	0.20642	0.0021076	0.00393135
47	0.102472	0.0195959	9.762e-05	0.00013507	0.0609694	0.0237202	0.000122165	0.189587	0.000153302	0.333724	0.0232677	0.000249977	0.00178612	0.000202595	0.000103395	0.0179242	0.0230762	0.198152	0.00306007	0.00160229
48	0.15544	0.0102664	0.00144428	0.00351192	0.0750853	0.0479961	0.00202302	0.0205084	0.0165427	0.119884	0.0244293	0.0201943	0.00532578	0.00434926	0.00324335	0.132428	0.274553	0.0682714	0.0041498	0.0103531
49	0.0248274	0.00117356	0.0279682	0.014791	0.0106369	0.240317	0.0393305	0.00763998	0.169753	0.0104627	0.0097715	0.107469	0.00779462	0.125455	0.10055	0.0487267	0.0192247	0.0132302	0.00174119	0.0191372
50	0.128024	0.0170682	0.00868123	0.0157554	0.025296	0.0101328	0.00153721	0.133063	0.00573415	0.132176	0.0463608	0.00716833	0.0336918	0.0117239	0.00155195	0.0860804	0.160774	0.159816	0.00737008	0.00799564
51	0.12478	0.00915992	0.00392709	0.0236849	0.0402077	0.0129359	0.00109724	0.118875	0.00808799	0.169969	0.0833742	0.00591663	0.0379836	0.00619623	0.00181305	0.0671801	0.133678	0.119979	0.016302	0.0148521
52	0.0869561	0.000606774	0.104199	0.0545658	0.000962847	0.0554879	0.0079035	0.00533422	0.0904787	0.00890587	0.00475287	0.0538747	0.154171	0.0151773	0.0143336	0.193827	0.129137	0.0116318	0.000384449	0.00730917
53	0.316615	0.026017	0.000423321	0.000935601	0.00961019	0.184923	0.00162725	0.0663827	0.00059468	0.0501478	0.0492717	0.00738074	0.00525194	0.00776896	0.000956326	0.0792983	0.0692086	0.118897	0.00205537	0.00263378
54	0.0225446	0.00312212	0.000275105	0.000987717	0.117938	0.00760791	0.000602042	0.165429	0.000587729	0.469416	0.0900604	0.00242245	0.00216976	0.00466686	0.000935634	0.00521418	0.0192687	0.0740215	0.00186802	0.0108626
55	0.329429	0.00173272	0.0123733	0.0147651	0.00147384	0.0795796	0.0122742	0.00225002	0.026682	0.0130117	0.00148824	0.0218206	0.00116791	0.020101	0.0181508	0.352827	0.0683979	0.0209442	0.000556502	0.000974592
56	0.16542	0.00135327	0.0493045	0.0478733	0.00970688	0.293555	0.00203139	0.00231455	0.0160259	0.00293548	0.00152484	0.0711824	0.0207181	0.00808931	0.000892075	0.226639	0.0591402	0.0198881	0.00051611	0.00088982
57	0.0222939	0.00696326	0.000556644	0.00094902	0.354044	0.0109512	0.0119391	0.0477775	0.00101287	0.156644	0.0354604	0.00993326	0.00366465	0.00398893	0.000542508	0.0201447	0.021298	0.0353016	0.0256337	0.230902
58	0.186502	0.0071928	0.0125732	0.0238042	0.00303146	0.195498	0.018191	0.00559569	0.0407587	0.00391227	0.00353795	0.0934108	0.00513685	0.0127796	0.00450601	0.304492	0.0609995	0.0168453	0.00048574	0.0007472
59	0.0215616	0.00446106	0.155325	0.107928	0.00411981	0.0146679	0.0306848	0.00944849	0.0227837	0.00798692	0.00443547	0.251045	0.00642252	0.0253956	0.0114473	0.229718	0.0727522	0.0115043	0.00192079	0.00639233
60	0.0869561	0.000606774	0.104199	0.0545658	0.000962847	0.0554879	0.0079035	0.00533422	0.0904787	0.00890587	0.00475287	0.0538747	0.154171	0.0151773	0.0143336	0.193827	0.129137	0.0116318	0.000384449	0.00730917
61	0.145262	0.0139716	0.00285066	0.00611576	0.0117654	0.0154674	0.00128277	0.161671	0.00199088	0.0877585	0.0449667	0.00665978	0.0490111	0.00296537	0.0010227	0.0821788	0.131579	0.225909	0.003432	0.00414009
62	0.0278887	0.00211687	0.00108485	0.0009374	0.0858047	0.0109899	0.00848876	0.0552758	0.0112766	0.107901	0.0232393	0.0146222	0.00684214	0.00228355	0.0155359	0.00926585	0.0127359	0.017786	0.507165	0.0787601
63	0.0139573	0.0152116	0.000562784	0.00484659	0.0753861	0.00544247	0.000705627	0.0896535	0.00435372	0.535847	0.185109	0.00160158	0.00108206	0.00972332	0.0016707	0.00305196	0.0203785	0.0257525	0.00198749	0.00367645
64	0.00853248	0.00109209	0.00044651	0.000434365	0.00278098	0.00260765	0.000588314	0.604932	0.000551418	0.082772	0.0194811	0.00127344	0.00238992	0.000905485	0.000446244	0.00466647	0.00871905	0.252535	0.00369643	0.00114951
65	0.199983	0.0134256	0.000825342	0.000911957	0.098656	0.0861425	0.000903542	0.129575	0.00118275	0.163591	0.0106951	0.00170898	0.00914331	0.00157697	0.00101308	0.0217264	0.0313679	0.223602	0.00166296	0.00230679
66	0.169294	0.0260518	0.000654706	0.00148348	0.0452127	0.101256	0.000887705	0.10069	0.00149214	0.12388	0.0799872	0.00524675	0.00480945	0.00205046	0.00603805	0.0961452	0.0878966	0.135849	0.003613	0.00746154
67	0.610731	0.0257548	0.00377955	0.000592756	0.00210535	0.0538368	0.000591752	0.0121208	0.000745845	0.00425336	0.00280892	0.00608166	0.0092543	0.00106434	0.00113904	0.207564	0.0317213	0.0244604	0.000554211	0.000839531
68	0.0255935	0.0118683	0.000526472	0.00105011	0.376067	0.0177141	0.00665126	0.05526	0.00133501	0.130036	0.0413841	0.00538726	0.000888179	0.00530352	0.00061445	0.0263595	0.0235726	0.0501745	0.0163753	0.203838
69	0.0656122	0.0122002	0.000448212	0.0015911	0.107677	0.0308329	0.000737134	0.150303	0.00167543	0.277123	0.147653	0.0018126	0.00349396	0.00175153	0.00133659	0.034329	0.0441159	0.103145	0.00294319	0.0112181
70	0.0371776	0.00633163	0.000292516	0.000780963	0.117873	0.00924234	0.000543773	0.249316	0.000850915	0.281733	0.0978675	0.00354756	0.00267795	0.00295782	0.000684165	0.00953655	0.0188646	0.146	0.00187302	0.0118484
71	0.627711	0.0201762	0.00364284	0.000604306	0.00208487	0.0543351	0.000570017	0.0113595	0.000763055	0.0031249	0.00237652	0.00550585	0.0084919	0.0010038	0.000874373	0.208235	0.0272989	0.0205466	0.000584234	0.000710408
72	0.0586289	0.00422013	0.0212765	0.0411245	0.00858571	0.054323	0.0277349	0.0180395	0.243281	0.024085	0.00821198	0.04355	0.00332543	0.0626165	0.232302	0.0827011	0.0437052	0.0142882	0.00186869	0.00613186
73	0.496736	0.0111313	0.000692745	0.000686246	0.00298759	0.262666	0.000469983	0.00581829	0.000599849	0.00232588	0.00268257	0.0039948	0.002624	0.00338909	0.000486509	0.163546	0.0257057	0.0123773	0.000458349	0.000621361
74	0.0407956	0.00846338	0.000383195	0.000387927	0.0645316	0.0089967	0.000771763	0.325793	0.00120913	0.19225	0.0658194	0.00491293	0.00389037	0.00321274	0.000406426	0.0103944	0.0235634	0.213702	0.00213895	0.0283774
75	0.0458712	0.00199664	0.0118646	0.0190964	0.0118913	0.021879	0.0164244	0.22205	0.0356426	0.173213	0.0378186	0.0192328	0.00156748	0.0195763	0.0218464	0.0349822	0.0617711	0.233135	0.00346558	0.00667432
76	0.0139693	0.00136428	0.00113525	0.00928609	0.00264725	0.00367939	0.00158868	0.0352297	0.58127	0.0248813	0.00295906	0.0504752	0.0010624	0.0353586	0.134203	0.00483813	0.0737171	0.0193356	0.00119679	0.00180399
77	0.0257937	0.00464373	0.027869	0.0153864	0.0043411	0.0289888	0.00437253	0.015434	0.0101914	0.0208323	0.00698482	0.0499735	0.0160986	0.00669196	0.00363691	0.323698	0.417619	0.0116114	0.00126426	0.0045684
78	0.0142111	0.000811339	0.00228984	0.00114706	0.00412487	0.74867	0.00767832	0.002146	0.0447869	0.00287116	0.00149665	0.0563537	0.00108718	0.0188124	0.0420787	0.0356126	0.0117389	0.00225016	0.00040305	0.00143064
79	0.0403944	0.00494456	0.000526486	0.000924063	0.403046	0.00635594	0.00156876	0.0500924	0.00119067	0.318138	0.0688407	0.00748212	0.00102717	0.003616	0.00102964	0.00662915	0.00791448	0.0504086	0.00204434	0.0238255
80	0.0291222	0.00185631	0.00167052	0.0014428	0.00508735	0.747003	0.00745886	0.00360334	0.0350245	0.00469332	0.00244171	0.0480352	0.00276567	0.0140368	0.0367228	0.0376086	0.0138767	0.00547694	0.000720589	0.00135248
81	0.0460878	0.00533133	0.0179875	0.0435142	0.00259608	0.048507	0.0207861	0.0151272	0.266191	0.0190152	0.00402774	0.042661	0.000455567	0.024365	0.283619	0.101854	0.0500437	0.00683161	0.000508055	0.000491255
82	0.0510422	0.00691947	0.0168582	0.0275335	0.00964165	0.0448975	0.0198989	0.0211054	0.190294	0.0267176	0.00973602	0.0397769	0.0110975	0.0300289	0.330184	0.0842195	0.0492498	0.0195723	0.00466329	0.00656252
83	0.00672247	0.000955164	0.000416446	0.000451546	0.00180011	0.00214421	0.000558686	0.612054	0.000533624	0.0844621	0.0194004	0.00108823	0.00251805	0.000961803	0.000446665	0.00408002	0.00719766	0.249301	0.00383215	0.00107591
84	0.636997	0.00868032	0.0011611	0.000498271	0.00260704	0.100294	0.000441357	0.0146755	0.000663239	0.00266341	0.00286355	0.00360514	0.00424991	0.000958875	0.000514653	0.171248	0.0297365	0.016911	0.000512255	0.000718915
85	0.0219895	0.00432045	0.00180788	0.00241489	0.199711	0.00696701	0.0264107	0.0187261	0.00436532	0.34547	0.0150804	0.0623287	0.00305457	0.00668394	0.00185431	0.00949056	0.0320987	0.0161539	0.00967246	0.2114
86	0.0202364	0.0168996	0.00678137	0.00119063	0.0906626	0.0165954	0.0374944	0.122277	0.031411	0.239376	0.07033	0.0351331	0.00124246	0.0356355	0.00100634	0.014345	0.0134733	0.0434446	0.0500631	0.152402
87	0.0139472	0.00507279	0.000289254	0.00146312	0.147546	0.0049823	0.000405877	0.158564	0.000830316	0.455518	0.121976	0.00212891	0.000560951	0.00452324	0.0034899	0.00313815	0.0142752	0.0556706	0.00149177	0.00412612
88	0.0339509	0.00668041	0.000384356	0.000347343	0.0111681	0.00333774	0.000461418	0.510424	0.000569053	0.126505	0.0246572	0.00173644	0.00743023	0.001171	0.000365874	0.00429224	0.010373	0.24912	0.00260275	0.00442285
89	0.0490863	0.00569398	0.0145035	0.03426	0.00258938	0.0538677	0.0199139	0.0163691	0.271339	0.0202899	0.00312159	0.0359981	0.000404777	0.0255209	0.291196	0.100244	0.0477813	0.00700833	0.000372852	0.000439484
90	0.0336132	0.00500444	0.0197628	0.0247217	0.00395172	0.0364639	0.0142089	0.0134697	0.19759	0.0166917	0.0049539	0.0728049	0.00159856	0.0160408	0.306294	0.15119	0.0716861	0.00750317	0.00101593	0.00143434
91	0.0369572	0.00290811	0.00138219	0.00144798	0.00399126	0.00528162	0.00152599	0.0317663	0.0022551	0.0191418	0.0144904	0.00578937	0.0321473	0.00195196	0.00153561	0.252828	0.558663	0.0225541	0.00129465	0.00208847
92	0.0223098	0.00401946	0.000278144	0.000745211	0.0662599	0.00626707	0.00040032	0.256905	0.00112406	0.404838	0.0817253	0.00261495	0.00137259	0.00435032	0.00106939	0.00557135	0.018751	0.113273	0.00209991	0.00602544
93	0.0215592	0.00161278	0.00103699	0.00133144	0.0107259	0.699833	0.00581438	0.00476595	0.0440268	0.00578477	0.00258888	0.042725	0.00153017	0.010388	0.0481781	0.0579846	0.0324491	0.00493402	0.000827849	0.00190264
94	0.0362045	0.00672611	0.00032243	0.000791938	0.0485177	0.00864788	0.000589933	0.296908	0.00168631	0.309604	0.0720273	0.00359535	0.00277448	0.00372533	0.00102536	0.00896073	0.0216852	0.166503	0.00243113	0.00727359
95	0.426637	0.0140691	0.000413226	0.000777151	0.00295652	0.357374	0.000501782	0.00278237	0.00066762	0.00284418	0.00327965	0.00400732	0.0018191	0.00507478	0.000605574	0.138927	0.0229617	0.0128411	0.000620708	0.000840508
96	0.0103095	0.00187532	0.00116806	0.00569462	0.0999837	0.00346983	0.0103189	0.00474336	0.0060861	0.0109014	0.0132549	0.00322325	0.00119225	0.00602765	0.000674628	0.00958568	0.00598358	0.00405739	0.00707444	0.794375
97	0.248151	0.0755039	0.000483149	0.000561402	0.00629565	0.120791	0.000457279	0.0249589	0.000588676	0.0269666	0.0142148	0.00919199	0.00705379	0.000702168	0.00216173	0.300843	0.0974528	0.0615765	0.000264726	0.00178098
98	0.0198848	0.00363969	0.000223536	0.000240091	0.0679362	0.00636105	0.00075178	0.264902	0.000677701	0.359431	0.103824	0.00648565	0.000925284	0.00398687	0.000739272	0.00638948	0.0237456	0.121014	0.00170434	0.00713802
99	0.330876	0.0131271	0.000343689	0.00112913	0.00195393	0.0705429	0.000448749	0.077699	0.000476824	0.0417665	0.044079	0.00575113	0.00520436	0.00394314	0.000557297	0.12642	0.122367	0.152294	0.000395729	0.000624713
100	0.247371	0.0812498	0.000575483	0.000661247	0.00592726	0.10772	0.00053676	0.0300018	0.000719685	0.0319604	0.0137483	0.00848014	0.00614541	0.000973831	0.00216742	0.285312	0.113239	0.0608118	0.000496519	0.00190286
101	0.0225101	0.00784778	0.156906	0.479536	0.0026016	0.0159839	0.0218648	0.00500921	0.0268457	0.00785058	0.0029718	0.130015	0.00274263	0.0443699	0.00246923	0.0173856	0.0305095	0.00779042	0.000870798	0.0139196
102	0.11212	0.0160731	0.00187585	0.00407284	0.0526845	0.0204392	0.00104046	0.167071	0.00235258	0.208584	0.0458184	0.00372152	0.00989537	0.00287495	0.00127895	0.0377268	0.0950893	0.209033	0.00404015	0.00420863
103	0.0891201	0.0198832	7.4319e-05	0.000121897	0.0604285	0.018023	9.57311e-05	0.200917	0.000134278	0.307658	0.0239629	0.000231527	0.00213209	0.000162022	7.4471e-05	0.0173305	0.0260152	0.228737	0.00401351	0.000883982
104	0.0136558	0.00115114	0.000170558	0.000237173	0.0772013	0.00511548	0.000203577	0.243292	0.000316298	0.452078	0.0794982	0.00256541	0.000464794	0.00374964	0.000788938	0.00295596	0.0170706	0.0928899	0.00178284	0.00481252
105	0.605688	0.0111028	0.00157411	0.000470917	0.00290089	0.0883667	0.00048048	0.0103344	0.000576159	0.002466	0.00291427	0.00406787	0.00746093	0.000646965	0.000669443	0.216391	0.0282519	0.0144794	0.000441075	0.00071749
106	0.164287	0.00913624	0.00105502	0.00267511	0.0319733	0.0566998	0.00469587	0.0843192	0.00843408	0.121937	0.0303432	0.00415803	0.242051	0.0043993	0.0051862	0.062226	0.0584494	0.0966509	0.00728257	0.00404139
107	0.216843	0.00997013	0.00118789	0.00228464	0.142297	0.083482	0.00313495	0.0844729	0.00235527	0.154089	0.0424619	0.0035212	0.058116	0.00235222	0.00141721	0.0207786	0.0301667	0.124468	0.0103683	0.00623356
108	0.017876	0.00440016	0.00238326	0.00374848	0.0326771	0.0116718	0.00447223	0.219038	0.00431072	0.0292213	0.328731	0.0306345	0.00339497	0.0052936	0.00308627	0.0131457	0.225589	0.0518491	0.00339971	0.00507694
109	0.0957295	0.0057366	0.00349943	0.00347391	0.00538745	0.0671108	0.00877432	0.0213492	0.0434546	0.0230802	0.0106407	0.0110871	0.530529	0.00839572	0.0191013	0.0659435	0.0375305	0.0340075	0.00219884	0.00296951
110	0.121062	0.0104086	0.0284636	0.018871	0.008232	0.0372259	0.0137516	0.0147954	0.0811742	0.0175907	0.0083184	0.0273543	0.254594	0.0260279	0.0620212	0.174244	0.0595907	0.0290817	0.00182796	0.00536511
111	0.152033	0.0151577	0.00347822	0.00908249	0.0152269	0.0132175	0.00124041	0.124348	0.00334726	0.097444	0.0408397	0.0690316	0.037802	0.00469487	0.00119143	0.0986959	0.165756	0.134754	0.00604867	0.00660974
112	0.201515	0.0410559	0.000626153	0.00128697	0.0101292	0.112054	0.00147754	0.034863	0.00169649	0.0316614	0.0333818	0.0185515	0.00627117	0.00170827	0.00263609	0.248902	0.174719	0.0722565	0.00142781	0.00378049
113	0.555781	0.0160103	0.00243649	0.00147557	0.0042449	0.0871108	0.00148685	0.014265	0.00229403	0.00675248	0.00554555	0.0065575	0.00871993	0.00243992	0.00197287	0.216274	0.0407791	0.0237404	0.000610205	0.0015027
114	0.0526105	0.00731102	0.0138292	0.0256196	0.0120562	0.0526784	0.0183786	0.0228422	0.184527	0.0289893	0.00951672	0.0373809	0.0160695	0.0285756	0.329611	0.0811464	0.0496363	0.0202188	0.00393053	0.00507229
115	0.225685	0.0816803	0.000371637	0.000450308	0.00704467	0.131639	0.000437385	0.0209126	0.000602153	0.0250961	0.011688	0.00998082	0.00723392	0.000436022	0.0022829	0.324071	0.0941306	0.054011	0.000313676	0.00193252
116	0.204561	0.0104348	0.0153777	0.0175166	0.00549999	0.391578	0.00643681	0.00603638	0.0173335	0.00652822	0.00513904	0.0558474	0.00844161	0.00910856	0.00516577	0.177098	0.0400601	0.016296	0.000601244	0.000939251
117	0.314458	0.0123584	0.0105057	0.0106389	0.006531	0.256832	0.00203315	0.0117237	0.0059668	0.0126615	0.00694611	0.0201946	0.0496266	0.00514028	0.00360917	0.184554	0.0519457	0.0325333	0.000534646	0.00120637
118	0.0281417	0.00254527	0.000710449	0.00036564	0.0129835	0.0075457	0.00149161	0.519604	0.000560662	0.0645026	0.0188713	0.00334094	0.00227058	0.000608556	0.000461169	0.0132259	0.0278818	0.290363	0.00260846	0.00191766
119	0.0412019	0.00996709	0.000178422	0.000356744	0.0286938	0.00903939	0.000552919	0.347644	0.00147026	0.205291	0.0831254	0.00505389	0.00363606	0.00362655	0.000293796	0.011411	0.0223157	0.211226	0.0013924	0.0135237
120	0.0216354	0.0053413	0.000444723	0.00100169	0.402186	0.0083943	0.0164391	0.0241376	0.00094618	0.121902	0.0319661	0.0123644	0.000684941	0.00337502	0.000545558	0.0200217	0.0168871	0.0257484	0.0174447	0.268534
121	0.0806029	0.00670925	0.00325331	0.00290961	0.00518161	0.0337938	0.0111363	0.016102	0.0633772	0.01685	0.00773509	0.0134749	0.57929	0.0087269	0.0273332	0.0612573	0.0339882	0.0231414	0.00199155	0.00314493
122	0.0125987	0.00228152	0.000388785	0.000380746	0.00520714	0.0027352	0.000545755	0.579228	0.000559782	0.0995275	0.0221776	0.00136174	0.00292826	0.00113146	0.000412085	0.00428704	0.00853469	0.250323	0.00353929	0.0018516
123	0.0689192	0.00588866	0.00134349	0.000429365	0.0376693	0.0109928	0.00208344	0.32846	0.000369957	0.0592012	0.0340655	0.011224	0.00121993	0.000509756	0.000334553	0.0171571	0.0678683	0.346839	0.00139942	0.0040247
124	0.05732	0.00105806	0.0331735	0.0250296	0.0209673	0.0761899	0.048929	0.0171995	0.166473	0.024873	0.0196348	0.0817354	0.0124314	0.174946	0.0970063	0.0435921	0.0420216	0.0265574	0.00420241	0.0266601
125	0.168941	0.00880824	0.015446	0.0252512	0.00443432	0.208655	0.0156137	0.00696726	0.0390857	0.00378052	0.00423007	0.11556	0.00724785	0.00976647	0.00282627	0.287535	0.0588578	0.0150883	0.000862771	0.00104201
126	0.0225899	0.0040821	0.000320644	0.00032806	0.0166945	0.00477499	0.00056769	0.475661	0.000626004	0.174725	0.0427505	0.00268603	0.00308611	0.00185645	0.000364124	0.00580545	0.0149783	0.220594	0.0025874	0.0049212
127	0.575957	0.0394555	0.00883969	0.000977868	0.00254712	0.0348428	0.000932601	0.0157779	0.00138082	0.00619324	0.00318337	0.0112643	0.0229132	0.0028177	0.0019042	0.205054	0.0315876	0.0319235	0.000847063	0.00160042
128	0.015284	0.000997085	0.0525742	0.0281352	0.00145439	0.0434089	0.00593179	0.00744946	0.0163076	0.00535026	0.00160407	0.0740825	0.0125365	0.0108099	0.000859624	0.312076	0.40174	0.00292026	0.000602842	0.00587463
129	0.28703	0.00685395	0.0178487	0.0495506	0.0222244	0.00828825	0.0204795	0.00799778	0.0372083	0.0105152	0.00526093	0.00558745	0.0918864	0.136477	0.114666	0.131449	0.0302475	0.0108656	0.00199441	0.0035696
130	0.0461536	0.00576532	0.0160992	0.0351302	0.00258774	0.0535902	0.0215669	0.0151281	0.265907	0.0196311	0.00323322	0.0390086	0.000438781	0.0240565	0.298391	0.098341	0.0473925	0.00673752	0.000381995	0.000458952
131	0.00938202	0.00163263	0.000851322	0.00491189	0.00251994	0.00279711	0.00127322	0.018416	0.645717	0.02093	0.00285833	0.037039	0.00124276	0.0166933	0.180407	0.00422456	0.0360085	0.010926	0.000736147	0.00143314
132	0.0488478	0.00967186	0.000219993	0.000545103	0.0265714	0.0093753	0.000380195	0.341648	0.00145382	0.220966	0.0863738	0.00373794	0.00347417	0.00361282	0.000338811	0.0114805	0.0214839	0.197538	0.00194148	0.0103396
133	0.0189221	0.0014337	0.00375092	0.00506941	0.00399418	0.710337	0.0086471	0.00295566	0.0545928	0.00398252	0.00147147	0.0534712	0.00132127	0.0168082	0.0553587	0.039571	0.0141787	0.00254782	0.000393595	0.0011921
134	0.329429	0.00173272	0.0123733	0.0147651	0.00147384	0.0795796	0.0122742	0.00225002	0.026682	0.0130117	0.00148824	0.0218206	0.00116791	0.020101	0.0181508	0.352827	0.0683979	0.0209442	0.000556502	0.000974592
135	0.00963065	0.00122689	0.000657277	0.00519097	0.108565	0.00258568	0.00980752	0.00320466	0.00592829	0.00996928	0.0124769	0.00173392	0.000876328	0.00478494	0.000560396	0.00894033	0.00357343	0.00337759	0.0072301	0.79968
136	0.0539507	0.00934681	0.00028481	0.000409952	0.0743804	0.0134343	0.000454164	0.225446	0.000784663	0.352251	0.0570855	0.00203793	0.00262116	0.00239567	0.000672519	0.0108707	0.0228378	0.162569	0.00295081	0.00521719
137	0.10202	0.0123664	0.00639303	0.0100901	0.00912313	0.00561386	0.000870294	0.16509	0.00222362	0.107672	0.122646	0.00363866	0.0122742	0.00270041	0.000771529	0.0682648	0.142423	0.21532	0.00429541	0.00620374
138	0.0770543	0.00517341	0.00158511	0.00137187	0.0209699	0.0216547	0.00828616	0.308845	0.00247309	0.0504986	0.0205824	0.0128893	0.00240728	0.00175928	0.00148125	0.0462755	0.0727128	0.339948	0.00131202	0.0027199
139	0.0417304	0.00289962	0.00112275	0.00135368	0.00391848	0.00643356	0.00148029	0.03511	0.00212241	0.0170453	0.0126932	0.00597225	0.0266666	0.00196067	0.0015478	0.246233	0.561366	0.0271184	0.00111333	0.00211298
140	0.189708	0.0878557	0.000546707	0.000770122	0.00648797	0.120813	0.000657664	0.0154953	0.00114381	0.020604	0.00947672	0.013039	0.00627661	0.000775634	0.00255002	0.397546	0.0809034	0.0428977	0.00060946	0.00184356
141	0.292031	0.0446512	0.000492834	0.000804747	0.0209608	0.151447	0.000633507	0.0147214	0.000987962	0.0310068	0.0235778	0.00707807	0.00506688	0.00127665	0.00303435	0.254501	0.0986663	0.0389469	0.00123682	0.00887927
142	0.0141689	0.00148454	0.000207765	0.000522726	0.0927822	0.0046579	0.000300871	0.203095	0.000373195	0.446546	0.126017	0.00256086	0.0005093	0.00421558	0.00144551	0.00299019	0.0160903	0.0753474	0.00218441	0.00450135
143	0.0707665	0.040535	0.00339581	0.0050151	0.185328	0.0285756	0.00637025	0.0563952	0.00611636	0.200689	0.0389417	0.0102573	0.0187816	0.00729899	0.0040761	0.0426489	0.129844	0.0537287	0.0432853	0.0479513
144	0.0135551	0.00193641	0.000177268	0.000605005	0.0909994	0.00467993	0.00026334	0.194748	0.000357716	0.49224	0.0905195	0.00247542	0.000590974	0.00556614	0.0010088	0.00246914	0.0164198	0.0748084	0.00131186	0.00526733
145	0.0351995	0.00444705	0.0194469	0.0113711	0.00914876	0.0243813	0.00367537	0.0212225	0.00886237	0.0163023	0.00919264	0.0332534	0.02041	0.00605626	0.00199148	0.268128	0.485698	0.0164326	0.00114086	0.00364021
146	0.436394	0.0131758	0.000376671	0.000758833	0.00300699	0.344615	0.000488147	0.00290616	0.000628268	0.00260484	0.00311301	0.00397732	0.00192128	0.00493591	0.000573148	0.143887	0.0231589	0.0121631	0.000583552	0.000731008
147	0.1887	0.0564237	0.00211713	0.0039097	0.0459295	0.0809668	0.00394789	0.0317478	0.00419432	0.127943	0.148382	0.00939834	0.00497443	0.0286122	0.00322344	0.102681	0.0794647	0.0413892	0.00392191	0.0320729
148	0.522025	0.0161764	0.00310355	0.00379319	0.00504703	0.093122	0.0017454	0.0234355	0.00492912	0.0136185	0.0109563	0.00864291	0.00991839	0.0033822	0.00220032	0.178206	0.05807	0.0393257	0.000651544	0.00165122
149	0.220231	0.00645186	0.00218096	0.00236008	0.00305944	0.114165	0.00468806	0.0298803	0.00651907	0.0376448	0.0108968	0.00367278	0.236048	0.0139374	0.00882327	0.141361	0.0665296	0.0891695	0.000979772	0.00140196
150	0.0618202	0.0120124	0.0643796	0.0739607	0.026495	0.061558	0.0191694	0.0291238	0.0435236	0.0438124	0.0191122	0.25476	0.0158171	0.0310221	0.0172597	0.0986644	0.0650025	0.0314217	0.00925359	0.0218315
151	0.126858	0.011842	0.000920404	0.00330007	0.0860153	0.0329465	0.00301986	0.107882	0.00176251	0.270062	0.0651071	0.00169017	0.0885244	0.00225565	0.000949676	0.021067	0.0449944	0.108461	0.0140126	0.00832912
152	0.0431257	0.00828406	0.000427735	0.00126878	0.0287604	0.00958383	0.000897763	0.325155	0.00397846	0.23113	0.0862914	0.00488589	0.00340965	0.00598027	0.00132851	0.0118533	0.0232812	0.196313	0.00240088	0.0116445
153	0.312681	0.0459643	0.00079289	0.00171358	0.00639042	0.0739765	0.00103357	0.106611	0.00117315	0.0418505	0.0275889	0.00346913	0.00603207	0.00274365	0.00112456	0.096171	0.0920159	0.175603	0.00113241	0.00193254
154	0.0131473	0.000993138	0.0526269	0.0280044	0.00149266	0.0425531	0.00576034	0.00756927	0.0159188	0.00528618	0.0016167	0.0750748	0.012257	0.0108316	0.000718363	0.311415	0.40539	0.00282905	0.00060865	0.00590674
155	0.0301402	0.00186333	0.000935725	0.00154943	0.104635	0.00933446	0.0057246	0.0776272	0.00326051	0.151106	0.0216697	0.0114488	0.0229115	0.00129912	0.00984668	0.0127908	0.0225758	0.0254744	0.391421	0.0943853
156	0.102609	0.00633923	0.000894731	0.00181647	0.0434239	0.235246	0.00134794	0.0979167	0.00175295	0.100239	0.114901	0.0231891	0.00322891	0.00203086	0.00340768	0.0795082	0.0920243	0.0714044	0.0123022	0.00641759
157	0.0476226	0.00220632	0.0907832	0.070271	0.00321426	0.113579	0.0126448	0.0175601	0.0240583	0.0708856	0.0291847	0.0589087	0.0017795	0.116309	0.00131833	0.103174	0.227066	0.00636108	0.0011415	0.00193215
158	0.0266917	0.00112919	0.000494024	0.000694202	0.0881573	0.0103664	0.00921188	0.0505846	0.00634581	0.0731462	0.0197462	0.0148213	0.00471909	0.00117567	0.0163445	0.00671058	0.0120778	0.0129069	0.56285	0.0818269
159	0.0527058	0.00423767	0.000358968	0.000478441	0.443544	0.00521002	0.000537712	0.0374293	0.000731521	0.300103	0.0705193	0.0051195	0.000816358	0.00288414	0.000778865	0.00616848	0.00432788	0.0540022	0.000476787	0.0095697
160	0.065122	0.000987465	0.0019255	0.0152537	0.0209999	0.0082526	0.00399979	0.150715	0.0503055	0.298447	0.0795565	0.00648564	0.00455197	0.0212367	0.0160975	0.0256718	0.0457373	0.141144	0.024978	0.0185324
161	0.296747	0.033308	0.00145419	0.00131963	0.0155397	0.285161	0.00292993	0.0546666	0.0027475	0.0293845	0.0234499	0.00610313	0.0046448	0.00618658	0.00199045	0.0391751	0.0423776	0.121183	0.00421055	0.0274218
162	0.448928	0.0073414	0.000690151	0.00102942	0.0287893	0.194842	0.00106064	0.00766549	0.00115926	0.0102851	0.0303725	0.00314066	0.00323711	0.00219322	0.00173907	0.168442	0.0696303	0.0135929	0.00121714	0.00464403
163	0.0713206	0.0680496	0.00111062	0.00143365	0.0787488	0.0175967	0.00155556	0.243357	0.00206627	0.242426	0.00581944	0.00313936	0.00192813	0.00232855	0.00137386	0.134168	0.00814932	0.109841	0.00221948	0.00336798
164	0.0160134	0.00370339	0.00134649	0.00201636	0.00679243	0.0057172	0.00226834	0.148591	0.00239105	0.177532	0.00811626	0.00468503	0.0472181	0.0032293	0.00183482	0.0080162	0.00972563	0.545802	0.00181887	0.00318169
165	0.104297	0.0102089	0.00233462	0.00406159	0.0594246	0.0349471	0.00388324	0.108087	0.00494822	0.24333	0.0403645	0.00557774	0.125783	0.00407272	0.00336534	0.0340014	0.0412989	0.141958	0.0149449	0.0131116
166	0.341711	0.0313767	0.000419305	0.000825051	0.00673199	0.242359	0.00241033	0.0432394	0.000638095	0.0390079	0.0398268	0.00686486	0.0040071	0.00805863	0.000856841	0.078224	0.0570828	0.0911252	0.00166789	0.00356652
167	0.0123545	0.000558133	0.000179686	0.000200689	0.080031	0.0050918	0.000194609	0.239415	0.000274316	0.46139	0.078621	0.00250261	0.000278025	0.00380312	0.000789039	0.00272869	0.0169355	0.0884165	0.00189454	0.00434036
168	0.0721503	0.0163529	0.00016315	0.000230135	0.0346485	0.00749155	0.000290832	0.32586	0.000555661	0.232263	0.0315386	0.00192359	0.00832061	0.00126107	0.000240666	0.00787613	0.0185027	0.231999	0.00249963	0.00583221
169	0.257581	0.124125	0.00092284	0.000797796	0.00595068	0.122859	0.00177678	0.0258322	0.00110112	0.040841	0.0216007	0.0203942	0.00551041	0.00335195	0.00226361	0.259698	0.0673573	0.0351234	0.000849405	0.00206403
170	0.011564	0.00353771	0.00021193	0.00108347	0.0987814	0.00455924	0.000299158	0.167008	0.000475063	0.519912	0.0978816	0.00213887	0.000713058	0.00533294	0.00134767	0.00233018	0.0167131	0.0598129	0.00100999	0.00528804
171	0.114348	0.018893	9.85769e-05	0.000159522	0.0627616	0.0283648	0.000146991	0.185706	0.000172244	0.338357	0.0218498	0.000298949	0.00163208	0.000234889	0.000130672	0.0177533	0.0215423	0.183159	0.00245406	0.0019375
172	0.0904559	0.0198383	7.62382e-05	0.000119337	0.0602118	0.0181619	9.58303e-05	0.199514	0.00012687	0.309343	0.0233244	0.000199963	0.00218031	0.000149484	7.39962e-05	0.0168075	0.0261077	0.228377	0.00398171	0.000854311
173	0.0731886	0.0154758	0.00288742	0.00354792	0.0138126	0.0078213	0.000869286	0.231758	0.00147978	0.115287	0.120049	0.0033724	0.00163883	0.00141567	0.000648377	0.0447199	0.102602	0.248757	0.00253052	0.00814004
174	0.0842944	0.00619319	0.00369359	0.00327001	0.00489435	0.0362689	0.010982	0.0164934	0.0584349	0.0185753	0.00797506	0.0130966	0.576895	0.00885988	0.0258432	0.0610761	0.0334079	0.0252008	0.00192063	0.00262476
175	0.0255093	0.00192595	0.00104535	0.00112059	0.114134	0.00391794	0.00133487	0.116136	0.0010663	0.354581	0.0229018	0.0079444	0.0423377	0.00150854	0.000771035	0.0178458	0.0150705	0.0404784	0.10479	0.12558
176	0.0753556	0.0164399	0.000111162	0.000143413	0.058999	0.0142772	0.000140506	0.22591	0.000183047	0.309709	0.0289536	0.00059202	0.00249073	0.000540274	0.000116211	0.0140924	0.0236122	0.222866	0.00369527	0.00177199
177	0.0595887	0.0160885	0.000139461	0.000171315	0.0397342	0.0139598	0.000227839	0.285317	0.000939603	0.246112	0.0628463	0.00235186	0.00271653	0.00182385	0.000173312	0.0179449	0.026413	0.214173	0.00285358	0.00642631
178	0.012492	0.00251345	0.000873847	0.00552253	0.116718	0.00376101	0.00988958	0.00619315	0.00740581	0.0122384	0.0192871	0.00354023	0.0010694	0.00506215	0.000669978	0.0129608	0.00495879	0.00453008	0.00666445	0.763649
179	0.0350671	0.00239834	0.00125434	0.00352787	0.0715626	0.00478603	0.00276689	0.0817833	0.233996	0.148591	0.0474965	0.0301465	0.00290675	0.00433996	0.0625848	0.0252913	0.0301681	0.0694366	0.120322	0.0215737
180	0.0138518	0.0010577	0.000176708	0.000197901	0.0762773	0.0052131	0.000207731	0.249022	0.00031863	0.443893	0.0791611	0.00256727	0.000436331	0.00358201	0.000754717	0.00317575	0.0167926	0.0964587	0.00189448	0.00496083
181	0.0416603	0.0248497	0.0122417	0.0307981	0.165613	0.00577735	0.0493148	0.053373	0.00222445	0.0322017	0.0286665	0.0785141	0.00175084	0.0132226	0.00133907	0.0950097	0.0641581	0.0171063	0.0015156	0.280663
182	0.101385	0.0100771	0.000600522	0.0010275	0.00201265	0.018346	0.0187785	0.00847628	0.147335	0.00425218	0.00193932	0.0203286	0.462703	0.0118806	0.0577516	0.0792995	0.0314559	0.0202026	0.000857956	0.00129126
183	0.0801742	0.00620069	0.00282249	0.00301954	0.00558562	0.0336752	0.0110269	0.0158969	0.063704	0.0186288	0.00848395	0.0125074	0.582111	0.00884422	0.0270543	0.0588195	0.0314892	0.0242302	0.00185954	0.00386618
184	0.00830914	0.00253528	0.0168067	0.646726	0.00355012	0.0291559	0.013606	0.00618071	0.0378952	0.0184258	0.00374936	0.00367884	0.00196094	0.0560572	0.00150138	0.0186719	0.109728	0.0180362	0.00121002	0.00221569
185	0.0356749	0.00828808	0.000178132	0.000201769	0.0237193	0.00721394	0.000580573	0.384589	0.00104341	0.20188	0.0737534	0.00549228	0.00404338	0.00395478	0.000242729	0.00767933	0.0171274	0.210635	0.00130201	0.012401
186	0.0146746	0.00154945	0.00164074	0.0105218	0.00263136	0.00520471	0.00203882	0.0341076	0.565915	0.0246925	0.00301225	0.0520942	0.00102145	0.0371811	0.137179	0.00751185	0.0768211	0.0194261	0.00103832	0.00173802
187	0.0750389	0.00235882	0.128506	0.189927	0.00148163	0.0119039	0.0336673	0.0083968	0.180377	0.00781196	0.00176054	0.0711059	0.00495317	0.0676006	0.0404324	0.118398	0.0387189	0.0160388	0.000545139	0.000977668
188	0.134199	0.0204922	0.00368293	0.00893549	0.0157861	0.015732	0.00133708	0.135716	0.00359554	0.0940796	0.0516325	0.0192979	0.0264593	0.00391369	0.00106745	0.11584	0.189619	0.138629	0.00589361	0.0140913
189	0.0838546	0.000722403	0.117786	0.0628565	0.00103817	0.054866	0.00903123	0.00561454	0.09048	0.00985843	0.0043692	0.0674422	0.147465	0.0193649	0.0174265	0.177471	0.111482	0.0120686	0.000387524	0.00641542
