233	20
1	0.00605632	0.0119276	0.0023956	0.00187979	0.0443183	0.00116533	0.00576396	0.30801	0.00189801	0.292912	0.0279048	0.00283085	0.00043923	0.00215843	0.000700316	0.00718823	0.00653186	0.269967	0.000207751	0.00574349
2	0.0821921	0.0135445	0.0336547	0.0337898	0.00718833	0.0373063	0.00696255	0.0136766	0.0604425	0.00624025	0.00993338	0.0633899	0.0281001	0.0374888	0.0192488	0.305053	0.154281	0.0549548	0.000935523	0.0316166
3	0.143587	0.142918	0.0572069	0.037871	0.0442034	0.11756	0.00761499	0.0121401	0.0146889	0.0116778	0.0115	0.0269156	0.00806621	0.0127146	0.0101327	0.210921	0.0627145	0.0250634	0.00253917	0.0399647
4	0.0209517	0.0275977	0.00690246	0.00351474	0.306944	0.00471589	0.0983111	0.0434313	0.00430434	0.100113	0.0115279	0.0061139	0.00549287	0.00915294	0.00514946	0.024645	0.0180634	0.0386717	0.0283276	0.23607
5	0.22792	0.131482	0.0180407	0.00626079	0.00735982	0.0241568	0.00231706	0.0185327	0.0068979	0.00921947	0.0101506	0.0199102	0.00485128	0.00800557	0.00419256	0.267406	0.168346	0.0580293	0.00203397	0.00488771
6	0.0125783	0.015538	0.00384239	0.0024312	0.32612	0.00334727	0.0272073	0.0252376	0.00570824	0.0648724	0.00744323	0.00572074	0.00417529	0.00596789	0.00360056	0.0187872	0.0141265	0.0269577	0.249041	0.177298
7	0.0138321	0.0135469	0.0881076	0.00882386	0.00253142	0.0751136	0.0116056	0.00402184	0.00595615	0.0028446	0.00256643	0.344322	0.00172841	0.0112322	0.0037665	0.312168	0.0868976	0.00638612	0.000797605	0.00375123
8	0.13418	0.00761817	0.00537038	0.0222094	0.00419518	0.0858907	0.119164	0.00725493	0.160475	0.0329108	0.00814118	0.00578495	0.122425	0.0658969	0.0857589	0.0796241	0.00863585	0.0375689	0.00160218	0.00529319
9	0.0260887	0.00181982	0.315465	0.305934	0.00600375	0.0415649	0.0121742	0.00229454	0.0472061	0.0184273	0.00758897	0.0545131	0.00513145	0.0533883	0.00242191	0.0340784	0.0307528	0.032072	0.000308738	0.00276624
10	0.0931045	0.00702573	0.00707529	0.0122027	0.00816415	0.124308	0.129493	0.00846015	0.178141	0.0876172	0.0348284	0.0100277	0.0373766	0.0285477	0.159549	0.0353147	0.012515	0.0178843	0.00171331	0.00665224
11	0.0588404	0.00756056	0.0399588	0.0422988	0.00395611	0.023659	0.00614578	0.00867102	0.0657001	0.0041132	0.00869293	0.0875295	0.0102106	0.0490511	0.0280192	0.286301	0.244887	0.0171309	0.000329378	0.00694446
12	0.0158499	0.00756643	0.0114707	0.11825	0.0875411	0.0630617	0.0376676	0.0357902	0.210913	0.0863262	0.0335992	0.0133205	0.00491967	0.0815904	0.0147289	0.0240186	0.0534348	0.0611699	0.00206728	0.0367133
13	0.00227899	0.00673175	0.00310251	0.000895415	0.0568959	0.00099818	0.00648295	0.353086	0.000884401	0.234693	0.0112021	0.00317767	0.00042167	0.00115517	0.000533276	0.00382494	0.00609259	0.299703	0.000171403	0.0076684
14	0.284384	0.0475932	0.00699306	0.00744333	0.00773425	0.0422226	0.00406845	0.102164	0.00932737	0.0328448	0.00806955	0.00842939	0.00436504	0.00588843	0.00315255	0.0600497	0.0491598	0.310621	0.00138313	0.00410676
15	0.00157919	0.00437844	0.00330294	0.00087955	0.0591498	0.00101995	0.00709362	0.370638	0.000894575	0.214178	0.00710812	0.00357562	0.00044844	0.00093223	0.000521348	0.00348652	0.00655655	0.305817	0.000177342	0.00826288
16	0.10329	0.238062	0.00484591	0.00265915	0.00517577	0.024335	0.00190515	0.0169546	0.00963985	0.0065292	0.00248962	0.022862	0.00165094	0.00374404	0.00149643	0.419595	0.111193	0.0171268	0.00136601	0.00507988
17	0.102102	0.00419685	0.0222792	0.0331797	0.010734	0.0311237	0.0162559	0.00465189	0.0873069	0.0280189	0.00354962	0.0354982	0.40117	0.0500175	0.00658638	0.103161	0.0397092	0.0109625	0.00424338	0.00525439
18	0.0438488	0.0419436	0.0795864	0.029763	0.00749988	0.0183135	0.0162788	0.0107819	0.146869	0.0337205	0.00845018	0.191487	0.00839381	0.0659712	0.0781922	0.116631	0.0621325	0.00943481	0.00155995	0.0291421
19	0.0185418	0.011175	0.117758	0.0339277	0.00248268	0.0412096	0.00825063	0.00491394	0.0150498	0.0036204	0.0026644	0.220007	0.00252329	0.0162344	0.0120689	0.334707	0.14758	0.0044057	0.000469361	0.00240984
20	0.0134642	0.00552293	0.0440981	0.0469677	0.00392291	0.00850494	0.0707421	0.019275	0.0596496	0.00584991	0.00397437	0.345696	0.0301127	0.0609016	0.0153047	0.175748	0.0771728	0.00513316	0.000816985	0.00714235
21	0.025308	0.00170472	0.308214	0.322515	0.00609064	0.0397805	0.0125212	0.00192018	0.0443556	0.0191719	0.00727933	0.0509195	0.00336305	0.052099	0.0014164	0.0323315	0.0322693	0.036057	0.000296525	0.0023872
22	0.0917666	0.0368119	0.00438739	0.00649732	0.0069764	0.0138861	0.00508881	0.214933	0.0167716	0.0751064	0.019747	0.00951188	0.000834081	0.00821956	0.00243723	0.0285585	0.0481049	0.404501	0.00046322	0.00539739
23	0.0107781	0.0059157	0.0763339	0.122299	0.033312	0.0114205	0.134027	0.040413	0.0679137	0.0776227	0.00610843	0.0932905	0.00317238	0.0943753	0.0333868	0.0470027	0.0537426	0.00902554	0.00115096	0.0787091
24	0.00293555	0.00509876	0.00307129	0.000964029	0.0537854	0.00105303	0.00659396	0.368501	0.00110145	0.208586	0.00912877	0.00361635	0.000451679	0.00105269	0.000556634	0.00372909	0.00642248	0.315538	0.000172344	0.00764136
25	0.0240294	0.00693682	0.00650292	0.00172539	0.267207	0.0029982	0.0727469	0.02736	0.001995	0.0662394	0.0121796	0.00205903	0.00267504	0.00820021	0.00524579	0.0263787	0.0118349	0.0198748	0.0166759	0.417135
26	0.0103304	0.0262043	0.00542709	0.107888	0.00503263	0.00764385	0.00560445	0.0451176	0.0464867	0.0286091	0.00449532	0.0571745	0.0032154	0.0288652	0.00425341	0.0386612	0.296635	0.272139	0.00140893	0.00480711
27	0.0235281	0.021463	0.0052362	0.00398358	0.189149	0.00880954	0.0221501	0.090241	0.0136488	0.285234	0.0755997	0.012578	0.00397655	0.0163444	0.00844809	0.0212526	0.0153083	0.0848418	0.0127177	0.0854897
28	0.099852	0.00301265	0.0362054	0.0573711	0.00462042	0.0356779	0.00807682	0.014093	0.0955374	0.00556806	0.0136902	0.0796562	0.0269556	0.0621023	0.0306309	0.228018	0.151184	0.0346473	0.000223845	0.0128768
29	0.0229116	0.00185284	0.298345	0.332397	0.00884048	0.0500766	0.0137116	0.00203882	0.0492677	0.014979	0.00860281	0.038889	0.00315306	0.0615606	0.00152373	0.0315162	0.0271669	0.0299991	0.000404707	0.00276249
30	0.0893414	0.0212154	0.0188316	0.0160676	0.166977	0.0303201	0.179352	0.0279761	0.0194252	0.0477954	0.020143	0.0297995	0.0123383	0.0296118	0.0232791	0.0604459	0.030091	0.0345046	0.0114773	0.131008
31	0.0455369	0.00883839	0.19206	0.0632331	0.00494256	0.0799331	0.0218721	0.021335	0.0287115	0.020971	0.00625229	0.0940824	0.00722832	0.040198	0.0136308	0.18003	0.148174	0.0146687	0.00134135	0.0069611
32	0.0835168	0.0113144	0.0381721	0.0441434	0.00648785	0.0296288	0.00922323	0.0125563	0.0780913	0.00934665	0.0214797	0.102774	0.0171479	0.0491781	0.0267598	0.242362	0.178655	0.0270731	0.000799699	0.0112902
33	0.110095	0.0334517	0.103872	0.00690195	0.0100261	0.440354	0.00203472	0.00202124	0.00244626	0.00668641	0.00905298	0.0121892	0.00185834	0.00944612	0.0115281	0.210659	0.00593612	0.0102732	0.000853165	0.0103136
34	0.0186181	0.0232134	0.00114743	0.00525584	0.022339	0.00282832	0.00414116	0.209179	0.00911149	0.369637	0.0697733	0.0050981	0.000458381	0.00663272	0.00170483	0.0128252	0.0161122	0.218183	0.000226278	0.00351566
35	0.0610736	0.0169657	0.156749	0.0727573	0.00609744	0.0428025	0.0134395	0.0103536	0.039754	0.0104747	0.00846878	0.118439	0.0153443	0.0308809	0.0192144	0.257787	0.0919862	0.0159641	0.00170702	0.0097415
36	0.0155587	0.0162052	0.00450108	0.00252481	0.325667	0.00433109	0.0356993	0.0456882	0.0046852	0.100705	0.011124	0.00600904	0.00587997	0.00809316	0.00460666	0.0197409	0.0172323	0.035933	0.150706	0.18511
37	0.288813	0.0267481	0.0243905	0.0353007	0.0409868	0.0526121	0.00687826	0.0082073	0.0187353	0.00987288	0.0068502	0.0170952	0.0152199	0.0121742	0.00955027	0.370902	0.0255819	0.0105707	0.00131542	0.0181953
38	0.129203	0.0303261	0.0208213	0.0337324	0.00738597	0.0490435	0.0219315	0.0441657	0.061181	0.0184288	0.0105464	0.0243395	0.13296	0.0608561	0.0370361	0.158977	0.062069	0.0791892	0.00137109	0.0164365
39	0.0262349	0.00945886	0.141095	0.0448617	0.00290714	0.0179647	0.027654	0.0123137	0.123399	0.00872125	0.00550253	0.240069	0.0122156	0.07141	0.0528257	0.123953	0.0622183	0.00315648	0.000340544	0.0136988
40	0.043943	0.0136236	0.033695	0.0197957	0.00884095	0.0761707	0.0323321	0.0138404	0.0606783	0.012774	0.00942172	0.0540555	0.00824326	0.0264485	0.0428798	0.262569	0.249318	0.0204305	0.00164592	0.00929453
41	0.00833745	0.00612657	0.23597	0.00904079	0.00260294	0.0536207	0.0281494	0.00319201	0.0241224	0.00377838	0.00275779	0.466339	0.00399141	0.00936286	0.00732496	0.103671	0.0143458	0.00387935	0.000697506	0.0126906
42	0.00969234	0.00710578	0.00676933	0.0167159	0.0144618	0.00982034	0.0254043	0.0091527	0.364992	0.0458216	0.00609153	0.0303284	0.0108191	0.0956892	0.257031	0.0392657	0.0236816	0.0169049	0.000301022	0.00995143
43	0.011465	0.0236158	0.00132471	0.00274481	0.0280081	0.00116118	0.00339679	0.21288	0.00171359	0.424186	0.0610129	0.00203518	0.000460009	0.00368425	0.000905869	0.00892776	0.00399118	0.205822	0.000253864	0.00241166
44	0.0184372	0.0277193	0.00165489	0.00365281	0.023229	0.00203542	0.00296078	0.175956	0.00513871	0.445655	0.0704285	0.00286054	0.00147953	0.0058826	0.00196855	0.0121065	0.00625622	0.189456	0.000650638	0.00247173
45	0.0637263	0.0309562	0.0180141	0.0154528	0.01114	0.0285269	0.00913891	0.0327337	0.0250323	0.0141883	0.0143162	0.0392062	0.0352823	0.0191476	0.0107159	0.390904	0.201606	0.0278907	0.00131615	0.0107052
46	0.325007	0.112386	0.0133656	0.0100545	0.0157868	0.0958893	0.007894	0.0203492	0.011238	0.0226611	0.00945856	0.0137675	0.00638355	0.0122141	0.00817784	0.123335	0.058724	0.092744	0.0295632	0.0110011
47	0.0336106	0.00995668	0.238208	0.138852	0.00827223	0.0296564	0.0197921	0.00716679	0.0966971	0.0152915	0.00848391	0.124249	0.0192493	0.0523889	0.0323361	0.0869213	0.0455703	0.0200125	0.00136714	0.0119188
48	0.0134667	0.00792326	0.00817777	0.0173928	0.0139101	0.0131681	0.0268533	0.0089894	0.356042	0.0453966	0.00595872	0.0296113	0.015153	0.0900796	0.254054	0.0419041	0.0237396	0.0172439	0.000308878	0.010627
49	0.0356066	0.0229587	0.0567129	0.0212789	0.00465248	0.0488964	0.00977242	0.00879022	0.023982	0.00766933	0.00491425	0.176351	0.00615879	0.0251712	0.0124539	0.340146	0.173562	0.0146139	0.000526294	0.00578339
50	0.261827	0.0535536	0.00902173	0.0102189	0.0106784	0.0400904	0.00706671	0.0979954	0.0135098	0.0372888	0.0121074	0.0124573	0.0077549	0.0111249	0.00569905	0.0882545	0.0611448	0.252301	0.00158023	0.00632471
51	0.0217448	0.011254	0.00657318	0.00211023	0.28481	0.00381766	0.0663719	0.0360686	0.0020174	0.0919551	0.0113179	0.00335247	0.00401086	0.00887395	0.00513039	0.0248723	0.0174928	0.025487	0.0234651	0.349275
52	0.0650436	0.0243016	0.00533512	0.00664642	0.0138816	0.0112298	0.00458317	0.236933	0.00793425	0.076457	0.0156998	0.00877659	0.00300612	0.00542731	0.00518992	0.0244279	0.0224002	0.457782	0.000739574	0.00420443
53	0.00575659	0.00952825	0.00281907	0.00298592	0.136721	0.00353226	0.00396954	0.00487589	0.00917884	0.00625364	0.00244128	0.00893823	0.00183583	0.00342705	0.00239645	0.0166439	0.0109332	0.00766265	0.631406	0.128694
54	0.0587521	0.00431809	0.0523449	0.052274	0.0037981	0.0224248	0.00925113	0.00889236	0.0788943	0.00454254	0.00920491	0.114166	0.0130188	0.0555727	0.0327347	0.248536	0.204642	0.0175557	0.000344305	0.00873213
55	0.00527812	0.00944002	0.00252336	0.00277585	0.137749	0.00345167	0.00287709	0.00454508	0.00927446	0.00550311	0.00226436	0.00914441	0.00174332	0.0031205	0.00219399	0.016114	0.0108846	0.0071635	0.642224	0.121729
56	0.0893825	0.00603172	0.0405397	0.0397922	0.00494576	0.0405427	0.0202711	0.0330144	0.105128	0.0082876	0.00987289	0.0796993	0.0204106	0.0476396	0.0371477	0.187462	0.159581	0.0594622	0.00114994	0.0096396
57	0.0620741	0.00561649	0.0210961	0.0271585	0.0259793	0.0313466	0.020508	0.00661674	0.129465	0.0194156	0.00544148	0.0256369	0.366425	0.0956188	0.0315822	0.0714437	0.0332633	0.011144	0.00417189	0.00599677
58	0.161598	0.0762338	0.0302072	0.0608266	0.0293588	0.0184834	0.010512	0.0116966	0.0199529	0.011649	0.0282031	0.0565125	0.00820744	0.0508242	0.0110495	0.165518	0.173579	0.0606093	0.00205663	0.0129224
59	0.0573477	0.107748	0.0163182	0.0162072	0.0871304	0.0309902	0.0204635	0.0282918	0.0230945	0.154708	0.0187169	0.0263435	0.0165923	0.0202678	0.0154951	0.127537	0.0458982	0.0416011	0.0935189	0.0517301
60	0.0666201	0.0238568	0.00621877	0.00809999	0.0159621	0.0128926	0.00533259	0.236728	0.00631715	0.076596	0.016285	0.0100544	0.00213707	0.00512097	0.00236408	0.0214136	0.0240046	0.4533	0.00116513	0.00553141
61	0.00602302	0.0128268	0.00226217	0.00168431	0.0420246	0.00105175	0.0063634	0.297251	0.000900739	0.321277	0.0318776	0.00251547	0.000464742	0.00206655	0.000569024	0.00573352	0.00446253	0.255396	0.000203446	0.00504633
62	0.0156552	0.0281575	0.000935289	0.00293114	0.021851	0.00170808	0.00269305	0.183347	0.00364606	0.448564	0.0717035	0.00203158	0.000466175	0.00473837	0.00101924	0.0102686	0.00570515	0.192881	0.00022981	0.00146786
63	0.0369299	0.013559	0.0327762	0.0515355	0.0132805	0.0457929	0.0211257	0.0128859	0.21593	0.0299519	0.00952531	0.0589814	0.0133331	0.0641187	0.159414	0.098672	0.080076	0.0240008	0.00105954	0.0170511
64	0.0269475	0.00971426	0.00559591	0.00762018	0.0738825	0.0099979	0.0138031	0.191054	0.0396388	0.218253	0.122979	0.0644774	0.00389348	0.0204843	0.0201222	0.0310279	0.0542297	0.0736576	0.0023822	0.0102393
65	0.019394	0.00659692	0.105067	0.0725841	0.0100617	0.0128432	0.0732733	0.0172749	0.0862831	0.0206983	0.00503021	0.223903	0.0126011	0.0708525	0.0349593	0.123653	0.0676612	0.00515308	0.000696989	0.0314118
66	0.0163416	0.00969883	0.00871011	0.018406	0.0276459	0.0146311	0.025967	0.0148768	0.319441	0.0676103	0.0162709	0.0327657	0.0107624	0.0829726	0.231965	0.0434591	0.0271379	0.0186431	0.000995994	0.0116987
67	0.414837	0.0416192	0.0229559	0.010222	0.0104122	0.136995	0.00532095	0.0107246	0.0116278	0.0107514	0.00669159	0.011753	0.00857058	0.00909797	0.0073908	0.160209	0.0522972	0.0592472	0.00227201	0.00700424
68	0.299253	0.0959472	0.0123745	0.00891842	0.0158109	0.0485284	0.00642518	0.0724686	0.010286	0.0251273	0.0098661	0.0133787	0.0048304	0.0104351	0.00691555	0.108759	0.0718712	0.165317	0.00381875	0.00966859
69	0.0323515	0.0155096	0.00909574	0.0130986	0.0151528	0.015257	0.0156611	0.116828	0.052851	0.177641	0.0447466	0.0393004	0.00478824	0.0222052	0.0562513	0.0971784	0.173845	0.0822094	0.00266687	0.0133621
70	0.020187	0.295546	0.0336372	0.0111109	0.119775	0.0120708	0.00873615	0.0365903	0.0327876	0.00989949	0.00867735	0.0169676	0.00421848	0.00946786	0.00552148	0.0771585	0.0657956	0.0902302	0.00295473	0.138668
71	0.14917	0.0710493	0.00857959	0.00961023	0.0101059	0.0270884	0.00269109	0.129077	0.00405989	0.01949	0.00279649	0.0106493	0.00295497	0.00363632	0.00214642	0.0407984	0.0363586	0.465293	0.00160312	0.00284242
72	0.00966753	0.00686436	0.00690604	0.0172195	0.0144137	0.00974678	0.0254752	0.00886234	0.366452	0.0450372	0.00594363	0.029858	0.0106392	0.0948448	0.257855	0.0391119	0.023724	0.0170791	0.000314366	0.00998533
73	0.00535705	0.00940192	0.00304697	0.00294259	0.137089	0.00344801	0.0032032	0.00456711	0.0096085	0.00558866	0.00227906	0.010103	0.00176156	0.00334325	0.00239647	0.0164254	0.0110179	0.00714256	0.639652	0.121626
74	0.451993	0.0391849	0.0167646	0.0132685	0.0159906	0.0569078	0.0040227	0.00936793	0.0121442	0.00997566	0.00359833	0.00909158	0.00892612	0.00775011	0.00721485	0.236158	0.0412278	0.0443203	0.00212915	0.00996353
75	0.0726137	0.0120759	0.0259517	0.0236492	0.0161229	0.0345892	0.0219989	0.00873156	0.0894995	0.0223223	0.00665503	0.0292627	0.389917	0.0481364	0.01207	0.104277	0.0256854	0.015152	0.0317051	0.00958423
76	0.0286628	0.0120406	0.142547	0.0363397	0.00278378	0.0146081	0.0204679	0.0084542	0.135116	0.015842	0.00804169	0.246335	0.00949621	0.0689916	0.0626108	0.114178	0.0541982	0.00168414	0.000453342	0.0171482
77	0.11161	0.0147315	0.0360412	0.0462167	0.00871672	0.542858	0.00457793	0.00697441	0.00559778	0.023814	0.0177522	0.0370788	0.0168293	0.0182703	0.00829066	0.0654822	0.0126295	0.00880731	0.00098699	0.0127338
78	0.026191	0.00981597	0.166903	0.0368224	0.00280569	0.0149795	0.021301	0.00880629	0.131492	0.00859459	0.00628721	0.233749	0.0108685	0.0713794	0.0513398	0.117637	0.0616059	0.00267507	0.000426395	0.0163201
79	0.0141986	0.00815208	0.0100797	0.0190748	0.0135842	0.0138464	0.027149	0.010272	0.351878	0.045956	0.0093135	0.033079	0.012437	0.0885321	0.243059	0.0442575	0.0256105	0.0184946	0.000384422	0.0106419
80	0.0179686	0.0364082	0.00461655	0.00384643	0.230858	0.00565762	0.0254401	0.0969372	0.00535469	0.250467	0.0351106	0.00670694	0.00539432	0.00863158	0.00581926	0.020436	0.0164785	0.0946357	0.0205096	0.108723
81	0.484242	0.0445037	0.00720725	0.0068792	0.00540846	0.0833544	0.00325398	0.0299518	0.00873646	0.0146237	0.00481854	0.00709591	0.00308729	0.00517815	0.00344557	0.0735651	0.0636212	0.144992	0.00247314	0.00356234
82	0.0511953	0.0314443	0.00313223	0.00462948	0.0197194	0.00768146	0.00386852	0.210572	0.00754437	0.239436	0.0379441	0.00547102	0.000783759	0.0049938	0.00175883	0.0172805	0.0205024	0.328413	0.000348125	0.00328065
83	0.199373	0.0465742	0.049465	0.0133081	0.0167665	0.377399	0.0050412	0.00826502	0.00844294	0.0120555	0.012505	0.0189835	0.00777274	0.0154423	0.0250009	0.125268	0.0194884	0.0250508	0.00180446	0.0119926
84	0.0917972	0.209682	0.00643865	0.00310367	0.00685874	0.0252012	0.00209813	0.0139228	0.0100516	0.00607275	0.00341617	0.0249396	0.00151004	0.00467957	0.00207899	0.442904	0.119397	0.0190416	0.000976385	0.00582948
85	0.184587	0.0585918	0.0694632	0.00937086	0.011315	0.305788	0.00292212	0.00647655	0.00820127	0.00867002	0.00802634	0.0145563	0.00428033	0.00997992	0.0103971	0.227386	0.0273754	0.0216335	0.00151366	0.00946601
86	0.19276	0.0538964	0.14456	0.0168582	0.00474168	0.0475326	0.00391654	0.00674413	0.0214212	0.00854082	0.00279885	0.0626544	0.00189703	0.0283966	0.0204965	0.317359	0.0556336	0.00544223	0.000733659	0.00361722
87	0.00972655	0.00681058	0.00664222	0.0166208	0.0146976	0.010102	0.0261716	0.00903593	0.365078	0.045582	0.00596085	0.0301496	0.010776	0.0952525	0.257594	0.0391545	0.0236448	0.0168129	0.000299787	0.00988767
88	0.0522521	0.0194832	0.00111622	0.00780083	0.00818824	0.0103237	0.0107985	0.235458	0.0457258	0.176204	0.0504734	0.0142456	0.000544057	0.0210384	0.00611897	0.0353816	0.084232	0.207547	0.0002375	0.0128303
89	0.0731804	0.0235416	0.00422341	0.00421026	0.00441847	0.00976314	0.00155182	0.265874	0.00208928	0.0254969	0.00890366	0.00677724	0.000852025	0.00183129	0.00110611	0.0158824	0.0154733	0.532944	0.00042238	0.0014587
90	0.329079	0.0171717	0.0145337	0.019929	0.0430484	0.0318042	0.00681322	0.00799115	0.01399	0.00966932	0.00618251	0.0116545	0.0294861	0.0108895	0.00694041	0.377289	0.0194423	0.0112919	0.00181445	0.0309796
91	0.0161286	0.00280054	0.00165024	0.00174532	0.00169688	0.00198618	0.00132436	0.360998	0.00204848	0.0206281	0.0133526	0.00541744	0.000869242	0.00182318	0.00118439	0.00408963	0.00365859	0.556777	0.000372524	0.00144854
92	0.107085	0.14963	0.0310997	0.0160667	0.0202153	0.13809	0.0115042	0.0188023	0.0214827	0.0684798	0.0137423	0.0303991	0.0112071	0.0190589	0.0160163	0.210473	0.0555542	0.0354709	0.00937056	0.0162527
93	0.0279704	0.007992	0.0176454	0.0114158	0.186772	0.0338656	0.083583	0.0143745	0.00527136	0.0431127	0.0178157	0.0243401	0.00252741	0.0328903	0.0281959	0.0752868	0.0397382	0.0183086	0.00750663	0.321388
94	0.0238864	0.00683177	0.00667094	0.00166272	0.266247	0.00307236	0.0719945	0.0269891	0.00191828	0.0643014	0.0119078	0.00232552	0.00269975	0.00834689	0.00524906	0.0265742	0.0119302	0.0197204	0.0165676	0.421104
95	0.0253335	0.00161341	0.311931	0.322239	0.00607821	0.040826	0.0120719	0.00193885	0.0442932	0.0182516	0.00734206	0.0496251	0.00373067	0.0519121	0.00146166	0.0319431	0.0309528	0.0358331	0.000327917	0.00229468
96	0.0497246	0.00334498	0.0227676	0.197949	0.00375694	0.00542073	0.0379496	0.00368033	0.200446	0.00522873	0.00996813	0.00579546	0.0164309	0.221554	0.0292879	0.0898618	0.0311061	0.0508621	0.000634115	0.0142308
97	0.0235068	0.00178638	0.303817	0.335733	0.00766299	0.0496319	0.0120797	0.00174202	0.048158	0.0153963	0.00887763	0.0399591	0.00259714	0.0566002	0.00144359	0.0300287	0.0273768	0.0312108	0.000349266	0.0020424
98	0.0145933	0.00769656	0.135204	0.0240901	0.0035441	0.029952	0.0562048	0.00772962	0.0349462	0.00557072	0.00370361	0.396362	0.0084171	0.0261097	0.0161693	0.155953	0.0577043	0.00539543	0.000561821	0.010092
99	0.00618756	0.00632981	0.220907	0.00358597	0.00307078	0.0494356	0.0318857	0.00312263	0.0111899	0.00385422	0.00242927	0.527578	0.00139465	0.0034669	0.00233008	0.0987046	0.00969153	0.00395006	0.000745715	0.0101405
100	0.00628348	0.00952752	0.00281757	0.00284163	0.137128	0.00403125	0.00282499	0.00461125	0.00931635	0.00547607	0.00260611	0.00964554	0.00209834	0.00330791	0.0024325	0.0172507	0.0114332	0.00734945	0.639229	0.119789
101	0.00542505	0.00963924	0.00254701	0.00310817	0.136978	0.00362817	0.00314678	0.0046022	0.00927995	0.0055126	0.00240545	0.00965388	0.00186284	0.00312039	0.00222847	0.0165327	0.0110439	0.00733172	0.640159	0.121794
102	0.0530063	0.0187921	0.00114461	0.0071748	0.00864647	0.010525	0.0114345	0.236522	0.0455948	0.173968	0.0509796	0.0144883	0.000634787	0.0205101	0.00608777	0.0343345	0.0830234	0.20963	0.000227946	0.0132745
103	0.0951124	0.186571	0.00698872	0.00323455	0.00989677	0.0217177	0.00203499	0.0132506	0.00862076	0.00592655	0.00418953	0.0555141	0.00145781	0.0055146	0.00212802	0.418247	0.12738	0.0213449	0.000904262	0.00996502
104	0.037966	0.00927227	0.107511	0.0912991	0.0125717	0.0224622	0.0257386	0.0146521	0.181135	0.0341757	0.0480723	0.0685446	0.0128679	0.103111	0.0668437	0.0737743	0.0454982	0.0290125	0.00130974	0.0141824
105	0.106274	0.00882828	0.00790052	0.0256774	0.00647318	0.063283	0.105308	0.00961158	0.180655	0.0450316	0.00932433	0.0105326	0.0958376	0.0833979	0.104779	0.0688656	0.0153301	0.044359	0.00129106	0.00724003
106	0.0045694	0.00742229	0.00273756	0.0012931	0.0478964	0.00129607	0.00595342	0.350532	0.00184274	0.232663	0.0168571	0.00361496	0.000455669	0.00168585	0.000671821	0.00469111	0.00716345	0.301616	0.000206417	0.00683152
107	0.0114057	0.0134993	0.0164937	0.0271669	0.013091	0.0172266	0.0224626	0.00932717	0.339407	0.039997	0.00601112	0.0434123	0.00931405	0.0799503	0.251596	0.044037	0.0242368	0.0156743	0.000500048	0.0151917
108	0.0186809	0.0341387	0.038746	0.0297595	0.0108197	0.0415325	0.016327	0.00951138	0.289278	0.0320955	0.00664034	0.0525036	0.00829475	0.0512845	0.241995	0.0504614	0.0242526	0.0146932	0.00123594	0.0277488
109	0.0829663	0.00266258	0.0233608	0.0213889	0.0138624	0.0399026	0.0208284	0.00316165	0.0742874	0.0120845	0.00201644	0.0242683	0.496717	0.062538	0.00314199	0.0857608	0.0172107	0.0056268	0.00533552	0.00287858
110	0.00230134	0.00603581	0.00308247	0.00104717	0.058185	0.00105215	0.00732918	0.358481	0.000886613	0.231859	0.0113387	0.00336991	0.000476109	0.00115023	0.000495558	0.00379974	0.00624587	0.294906	0.000203609	0.00775537
111	0.0156956	0.0320707	0.0505171	0.0357115	0.00905842	0.0354664	0.0143507	0.00902577	0.27274	0.0266807	0.00599929	0.0849976	0.00719085	0.0509235	0.216967	0.0590682	0.026312	0.0113824	0.000751661	0.0350912
112	0.0605682	0.0503977	0.0316116	0.0136682	0.010015	0.0591403	0.00737576	0.0105706	0.0209196	0.00842975	0.0080509	0.0659668	0.00814867	0.0176578	0.0103815	0.434542	0.150627	0.0248069	0.00108297	0.00603824
113	0.0931397	0.0454866	0.019965	0.0162412	0.00996935	0.0223365	0.00570744	0.0118241	0.0222336	0.0103009	0.0353874	0.0408653	0.0134801	0.0226822	0.013243	0.359859	0.226934	0.0220939	0.000844076	0.00740678
114	0.0161679	0.00280339	0.00164982	0.001746	0.00171376	0.00198784	0.00132286	0.3611	0.00204682	0.0206132	0.0132642	0.00540068	0.000873966	0.00182047	0.00118705	0.00408629	0.00365367	0.556736	0.000372638	0.00145359
115	0.0184566	0.0135951	0.00936958	0.012354	0.00865827	0.0122594	0.00800507	0.0523646	0.0132086	0.154662	0.00780544	0.0787403	0.00722532	0.0112851	0.0145388	0.182704	0.335185	0.0491588	0.00243495	0.00798941
116	0.102583	0.230416	0.00405246	0.00259429	0.00503885	0.0264588	0.00176988	0.0136426	0.0104323	0.00534962	0.00249521	0.0196202	0.00127833	0.00338776	0.00137546	0.441404	0.107835	0.0148178	0.000914166	0.00453417
117	0.011065	0.0260624	0.00121723	0.00254892	0.0263887	0.000966933	0.00266962	0.204931	0.000989279	0.433205	0.0624402	0.00134681	0.000408214	0.00350051	0.000633831	0.00834132	0.00214536	0.209309	0.000193989	0.00163651
118	0.324264	0.0620372	0.0973054	0.0318978	0.00861294	0.029772	0.00379464	0.00488416	0.0367056	0.0153061	0.00384963	0.0283261	0.0041132	0.0210043	0.0270788	0.275826	0.0117907	0.00650583	0.00111415	0.00581211
119	0.00553942	0.0112542	0.00274494	0.00278936	0.179949	0.0033467	0.00422874	0.00570635	0.0100299	0.00914794	0.00245005	0.00974306	0.00184842	0.00355691	0.00232831	0.0175742	0.0115215	0.00891805	0.583663	0.12366
120	0.0560236	0.0237063	0.0373848	0.0317125	0.0431956	0.0371732	0.190609	0.0212533	0.0433498	0.0293291	0.0167215	0.0822315	0.0210483	0.0368004	0.032361	0.154491	0.0597772	0.0290961	0.00375696	0.0499787
121	0.0832319	0.00311437	0.0266429	0.0280291	0.0129344	0.0367473	0.0232017	0.00307977	0.0778064	0.0132427	0.00205414	0.0242399	0.483075	0.0615501	0.00397513	0.0842521	0.0172182	0.00716213	0.00503295	0.00340968
122	0.0156479	0.0122501	0.153492	0.0154245	0.00256828	0.0475447	0.0187102	0.00423411	0.0151765	0.00321577	0.0025215	0.368263	0.0030049	0.0119829	0.0101685	0.240669	0.0652194	0.0038481	0.000497964	0.00555999
123	0.0194507	0.0179725	0.107875	0.00706253	0.00261055	0.0968818	0.0130945	0.0037789	0.00676209	0.00314661	0.00266048	0.345048	0.00125288	0.0103523	0.00438286	0.277272	0.0687666	0.00625773	0.000631651	0.00474012
124	0.0530892	0.0184673	0.001145	0.00685395	0.00917498	0.0105237	0.0118011	0.233385	0.0467093	0.173076	0.0542737	0.0159675	0.000570913	0.019892	0.00691391	0.0330735	0.0811587	0.209161	0.000224541	0.0145384
125	0.0527369	0.0183626	0.00112017	0.00668752	0.00974238	0.0104115	0.0118502	0.234146	0.0459677	0.174149	0.0537002	0.0158897	0.000555002	0.019552	0.00673271	0.0329	0.0804677	0.210332	0.000281303	0.0144162
126	0.00753083	0.0145741	0.00205465	0.00183427	0.0398791	0.0012318	0.00506527	0.286298	0.0019578	0.329377	0.0363114	0.00260201	0.000439362	0.00267078	0.000861847	0.00675484	0.00600085	0.249299	0.000194547	0.00506242
127	0.556565	0.0399692	0.00294456	0.0022904	0.00239823	0.0985834	0.00196418	0.0129339	0.00656626	0.0131821	0.00198491	0.00317237	0.00115606	0.00250392	0.00229246	0.0666879	0.0634359	0.116803	0.00249443	0.00207238
128	0.330493	0.139714	0.00843641	0.00367032	0.00459795	0.0389791	0.0022934	0.0339323	0.00585783	0.0157462	0.00339671	0.011768	0.00191261	0.00429355	0.00202106	0.1869	0.118499	0.0807899	0.00313085	0.00356772
129	0.223259	0.0473405	0.0349695	0.0162971	0.00825071	0.184807	0.00629539	0.0112943	0.0175108	0.0114679	0.0090202	0.0392639	0.0092364	0.0176857	0.0112109	0.205564	0.096347	0.0391019	0.00158942	0.00948872
130	0.0826297	0.179712	0.00339308	0.0023083	0.00604298	0.0298794	0.00160352	0.00935032	0.00924841	0.00499579	0.00366577	0.0168157	0.00135241	0.00348654	0.00143402	0.516623	0.108498	0.0152695	0.000633612	0.00305774
131	0.211796	0.0610801	0.00632602	0.00504349	0.00521094	0.00488859	0.00363486	0.00542378	0.0043665	0.00485848	0.0562016	0.00618044	0.026365	0.0171398	0.0144461	0.218046	0.334591	0.0104809	0.000936246	0.00298464
132	0.0267822	0.00329081	0.308418	0.272489	0.00679957	0.0397269	0.0145285	0.00350178	0.0479985	0.016628	0.00813778	0.0716388	0.0103411	0.0504734	0.00549751	0.0469268	0.033681	0.0280113	0.00071998	0.00440958
133	0.0887521	0.0200466	0.0116664	0.00829266	0.213582	0.100466	0.0338356	0.016684	0.00776417	0.0552445	0.0458693	0.023604	0.00454866	0.0444268	0.0429981	0.0650387	0.027076	0.0249408	0.00592368	0.159239
134	0.0177825	0.0180981	0.00485644	0.0016594	0.360015	0.00256473	0.0508765	0.0438893	0.00203635	0.125808	0.0126175	0.00237309	0.00611628	0.00759936	0.00382771	0.0198461	0.0168537	0.0367448	0.0331027	0.233333
135	0.0611295	0.0225434	0.0528933	0.031392	0.00618552	0.0376439	0.011952	0.00965133	0.042588	0.00734875	0.0083097	0.146663	0.00951661	0.0468341	0.0195477	0.308529	0.152115	0.0171682	0.000541545	0.0074471
136	0.561672	0.0461362	0.00245785	0.00191757	0.00167298	0.102071	0.00168886	0.00921951	0.00534168	0.00891709	0.00130558	0.00240126	0.00108944	0.0021491	0.00188049	0.0791817	0.0727504	0.0937608	0.00281509	0.00157087
137	0.0248555	0.009141	0.00721832	0.001419	0.294408	0.00271376	0.0673033	0.0329944	0.0017107	0.0773063	0.0109111	0.00191837	0.00345655	0.00816358	0.00479148	0.0252162	0.0130783	0.0251361	0.0234849	0.364774
138	0.0110253	0.00312996	0.00218173	0.00245135	0.0192763	0.00255325	0.00262656	0.349432	0.00252037	0.0701655	0.0343144	0.0123541	0.000866058	0.00221784	0.00145386	0.00513931	0.00541735	0.469794	0.000402919	0.00267826
139	0.0224513	0.0107153	0.0163189	0.0353458	0.012871	0.0229552	0.0222264	0.0108153	0.31952	0.0406927	0.00678664	0.0378241	0.0133954	0.0876825	0.209391	0.0620029	0.0345875	0.0208439	0.000508447	0.0130655
140	0.0235902	0.00170477	0.309559	0.328985	0.00684434	0.0489991	0.0118889	0.00190691	0.0452106	0.0159281	0.0078939	0.0428975	0.00298902	0.0542591	0.00138703	0.0323552	0.0297642	0.0313338	0.000316702	0.00218607
141	0.102676	0.00337256	0.0367385	0.0520312	0.00544978	0.0394183	0.00902259	0.0128152	0.0886107	0.00614861	0.01193	0.0722967	0.0880973	0.0597923	0.0256054	0.207825	0.13127	0.0324605	0.000710088	0.01373
142	0.029619	0.0313196	0.0425206	0.00761424	0.0048183	0.0734613	0.00356095	0.00611437	0.00780165	0.00420281	0.00375361	0.143992	0.00194123	0.0265596	0.00620744	0.411296	0.173172	0.0179816	0.000580938	0.00348297
143	0.130106	0.0398687	0.0214105	0.0573683	0.00409444	0.0352099	0.0256274	0.0196197	0.0308084	0.0400293	0.00670191	0.00626415	0.190523	0.0320948	0.0252766	0.146884	0.014443	0.13724	0.00110056	0.0353287
144	0.016277	0.0147273	0.00749029	0.00923969	0.168706	0.0110505	0.00891713	0.0125225	0.0397157	0.015694	0.00772223	0.0401477	0.0060217	0.0101974	0.00705519	0.0297133	0.04027	0.0148945	0.452	0.0876377
145	0.112848	0.0296218	0.0949322	0.0119928	0.0098233	0.406657	0.00341581	0.0053712	0.00512983	0.010581	0.0165495	0.0182062	0.00557664	0.0103618	0.0109997	0.212013	0.0137528	0.0109385	0.000925989	0.010303
146	0.0938875	0.00325576	0.0365265	0.0647651	0.00439869	0.0325543	0.0114281	0.0162386	0.0981838	0.00739928	0.0116561	0.0749545	0.0312942	0.0666518	0.0288734	0.221382	0.146838	0.0378684	0.000317751	0.0115263
147	0.0180213	0.0182178	0.00482941	0.00198688	0.362338	0.0034108	0.0469335	0.0477618	0.00251399	0.127194	0.0125771	0.00333575	0.00870275	0.00776565	0.0049217	0.0201147	0.0192585	0.0405873	0.0350921	0.214437
148	0.110498	0.0121878	0.0155351	0.0238879	0.0102263	0.489185	0.00665775	0.00920867	0.0099084	0.0191637	0.0135132	0.087591	0.0422943	0.0466456	0.00902156	0.0322872	0.0162137	0.01043	0.00173709	0.0338071
149	0.162019	0.0557513	0.00970942	0.115088	0.00936041	0.00808143	0.0274739	0.00629196	0.0073245	0.0273254	0.00900728	0.103803	0.0035501	0.11698	0.0050565	0.0849823	0.225461	0.0154049	0.00127821	0.00605266
150	0.0127153	0.0283457	0.000904927	0.00277137	0.0227163	0.000997655	0.00204549	0.180593	0.00096139	0.464533	0.0741032	0.00117578	0.000439922	0.00392279	0.000670486	0.00909397	0.00139414	0.19164	0.000227844	0.000747254
151	0.0127153	0.0283457	0.000904927	0.00277137	0.0227163	0.000997655	0.00204549	0.180593	0.00096139	0.464533	0.0741032	0.00117578	0.000439922	0.00392279	0.000670486	0.00909397	0.00139414	0.19164	0.000227844	0.000747254
152	0.196354	0.054594	0.00641767	0.00672184	0.116606	0.129768	0.0289373	0.0391788	0.00784203	0.0347212	0.0601247	0.010457	0.00578037	0.0644538	0.0330357	0.0724904	0.0339702	0.0783584	0.00247275	0.0177161
153	0.0234682	0.0017579	0.305024	0.332868	0.00723053	0.0466035	0.0121351	0.00190611	0.0468043	0.0161012	0.00812978	0.0423323	0.00273986	0.0569793	0.00144879	0.0306743	0.0293347	0.031997	0.000334109	0.00213051
154	0.0208577	0.0146523	0.00547889	0.00158624	0.333604	0.0025776	0.0587497	0.0419475	0.0017925	0.106353	0.0114347	0.00206009	0.00484621	0.00911935	0.00421585	0.0232708	0.0166135	0.0319324	0.0318349	0.277073
155	0.00536123	0.00935888	0.00257289	0.0027577	0.139298	0.00350832	0.00339637	0.00478125	0.00925473	0.00610975	0.00240307	0.00912062	0.00178653	0.00326781	0.00220946	0.0163421	0.0108755	0.00737248	0.637138	0.123086
156	0.0181952	0.00369102	0.00180798	0.00194906	0.00181196	0.00234118	0.00130099	0.355773	0.00200671	0.0207401	0.0128195	0.00541789	0.000858216	0.0018675	0.00115287	0.0047202	0.00428861	0.557445	0.000362722	0.00145056
157	0.0228086	0.0101209	0.0844465	0.0421044	0.046022	0.0148807	0.166889	0.0169966	0.0578336	0.0270394	0.00857826	0.175297	0.00683386	0.101327	0.0833218	0.0576693	0.0369708	0.0110337	0.00183721	0.0279893
158	0.110231	0.0336474	0.106957	0.00659581	0.0100762	0.432149	0.00200695	0.00199862	0.00242722	0.00642425	0.00889455	0.0125097	0.00177908	0.00985985	0.011802	0.215594	0.0056903	0.0099903	0.000829268	0.0105368
159	0.00456793	0.00565496	0.00297994	0.00125746	0.0521625	0.00141178	0.00651969	0.358214	0.00283911	0.207007	0.0110216	0.00421239	0.000472258	0.00169688	0.000763765	0.00511357	0.0104184	0.315866	0.0001829	0.00763792
160	0.342996	0.0642447	0.071604	0.0296279	0.00819362	0.028856	0.00309249	0.00417237	0.0444806	0.0175337	0.00327491	0.0274826	0.00348585	0.0214241	0.0252206	0.28493	0.00794475	0.00556744	0.00106441	0.00480359
161	0.00638923	0.0124397	0.0026702	0.00268328	0.205362	0.00327018	0.00801908	0.00940368	0.00851409	0.0192125	0.00326179	0.00867186	0.0021794	0.00396408	0.00236525	0.0175167	0.0112965	0.0115704	0.524372	0.136837
162	0.0360392	0.0196	0.112112	0.0269241	0.00216308	0.0328631	0.012758	0.00725915	0.0422072	0.00411101	0.00408573	0.167294	0.00552135	0.0325046	0.0319042	0.302463	0.147815	0.00717297	0.000379492	0.00482321
163	0.0824922	0.00228184	0.0238502	0.0213261	0.0143311	0.0386385	0.0204726	0.00242012	0.0744142	0.0125121	0.00166036	0.0246001	0.507364	0.0614367	0.00197598	0.0819799	0.0165069	0.00402621	0.00521809	0.00249242
164	0.0537492	0.0493942	0.121015	0.00828846	0.00278404	0.0404203	0.00492148	0.0115608	0.0137361	0.00368154	0.00265269	0.0826836	0.00156239	0.0273152	0.020724	0.39538	0.149633	0.00753809	0.000494598	0.00246544
165	0.148272	0.0334703	0.0103578	0.0136549	0.104492	0.229645	0.0208188	0.0489199	0.0138885	0.0354377	0.0633321	0.0193167	0.0104284	0.0658675	0.0237949	0.0580656	0.0268594	0.0490871	0.00207851	0.0222133
166	0.0252809	0.0108674	0.188809	0.0424916	0.00175864	0.0144432	0.0239716	0.00679545	0.0938114	0.00525171	0.00438899	0.250083	0.0121198	0.0498469	0.0468602	0.142585	0.069224	0.00171194	0.000378093	0.00932103
167	0.0157686	0.0103122	0.00820339	0.0174003	0.0181777	0.012041	0.0195708	0.014574	0.348108	0.0598922	0.00485467	0.0307846	0.0100897	0.0926696	0.227121	0.0505185	0.0296906	0.0180523	0.000290236	0.0118811
168	0.0126864	0.0282549	0.000904199	0.00276507	0.0227858	0.000995076	0.00208463	0.181288	0.000956153	0.463747	0.0739395	0.00120765	0.000438751	0.00391147	0.000663242	0.00910162	0.00141876	0.191865	0.00023071	0.000755349
169	0.563456	0.0483489	0.00256477	0.00168792	0.00163327	0.0964695	0.00141788	0.0101034	0.00513028	0.00907082	0.00127162	0.00223458	0.0010032	0.00187462	0.00161835	0.0784492	0.0736665	0.0958118	0.00271435	0.00147323
170	0.00821658	0.0073521	0.218049	0.00736456	0.00250478	0.0573381	0.0248885	0.00327302	0.0145871	0.00347334	0.00220552	0.449744	0.0017313	0.00680962	0.00517598	0.147948	0.0257723	0.00413086	0.000673013	0.00876239
171	0.228787	0.0385806	0.0567518	0.0113034	0.0123673	0.28332	0.00325681	0.00628395	0.00712024	0.010178	0.00781751	0.0127753	0.00635397	0.0086653	0.00871687	0.231428	0.0291006	0.0256001	0.00190892	0.00968431
172	0.0551159	0.0721229	0.0044234	0.00210634	0.0120027	0.0184507	0.0016413	0.00837316	0.00910644	0.00808159	0.00864754	0.0392345	0.00205829	0.0076987	0.00143107	0.548934	0.162083	0.0340248	0.000410684	0.00405297
173	0.00157919	0.00437844	0.00330294	0.00087955	0.0591498	0.00101995	0.00709362	0.370638	0.000894575	0.214178	0.00710812	0.00357562	0.00044844	0.00093223	0.000521348	0.00348652	0.00655655	0.305817	0.000177342	0.00826288
174	0.0910689	0.156843	0.00791676	0.004762	0.0184059	0.0230477	0.00311133	0.0198419	0.00787476	0.0064474	0.00456108	0.109652	0.00294172	0.00780959	0.00320783	0.315392	0.158825	0.0303189	0.00101355	0.0269592
175	0.00264379	0.00431979	0.00306033	0.00172887	0.0570166	0.00152283	0.00578465	0.34276	0.00127883	0.192312	0.022528	0.00850049	0.000576978	0.00142214	0.000883512	0.00420736	0.00643752	0.335777	0.00023967	0.00699924
176	0.153173	0.0543675	0.00978906	0.0104941	0.00911992	0.0234541	0.00211095	0.122877	0.00255232	0.0183977	0.00197698	0.00990405	0.00136019	0.00241979	0.00144693	0.0371612	0.0353767	0.501456	0.000695482	0.00186624
177	0.0352223	0.00491932	0.283264	0.127308	0.0039614	0.0134025	0.0192322	0.00506582	0.0632721	0.00771204	0.0147789	0.171329	0.0624869	0.0384894	0.0165609	0.0793103	0.0263337	0.00918291	0.000715685	0.017452
178	0.106368	0.01221	0.0291374	0.0304574	0.00625202	0.105189	0.0274975	0.0709224	0.011131	0.0112908	0.0442221	0.00887793	0.159151	0.0118317	0.00758397	0.245433	0.0360912	0.04273	0.00136627	0.0322576
179	0.0146671	0.005545	0.0383502	0.0241727	0.112651	0.0625123	0.113025	0.00618232	0.00788962	0.0432347	0.0230658	0.0591743	0.00241652	0.0322939	0.0274075	0.0967368	0.0951682	0.0226593	0.00112433	0.211724
180	0.01571	0.00911356	0.0082678	0.0177909	0.0160003	0.0141062	0.0247443	0.0160742	0.332107	0.0656191	0.0168405	0.0327733	0.0109069	0.0918494	0.226019	0.0433767	0.0276433	0.0195075	0.000417776	0.0111316
181	0.0982691	0.006128	0.0224729	0.0231801	0.0130767	0.0393621	0.0224133	0.00756937	0.0693614	0.0201875	0.0049984	0.0240791	0.448296	0.0547822	0.00786	0.08942	0.0232023	0.0142918	0.00544074	0.00560883
182	0.0176302	0.0195167	0.00481085	0.00171654	0.35952	0.00264414	0.0505608	0.0416476	0.00210707	0.130318	0.0138787	0.00256759	0.00604384	0.00755612	0.0041431	0.0196255	0.0166383	0.0357692	0.0323856	0.23092
183	0.0272117	0.00478788	0.00329262	0.00341723	0.0123503	0.00536179	0.0389027	0.0969302	0.118895	0.190506	0.179922	0.0448693	0.00151738	0.0234713	0.0788572	0.0380026	0.04712	0.0788292	0.000629022	0.00512636
184	0.0581843	0.0674528	0.122726	0.0072355	0.00307455	0.0335919	0.00539691	0.0104764	0.0181029	0.00378465	0.00331984	0.0640607	0.00171546	0.0275808	0.0274143	0.371997	0.162414	0.00747231	0.000672083	0.00332765
185	0.0127153	0.0283457	0.000904927	0.00277137	0.0227163	0.000997655	0.00204549	0.180593	0.00096139	0.464533	0.0741032	0.00117578	0.000439922	0.00392279	0.000670486	0.00909397	0.00139414	0.19164	0.000227844	0.000747254
186	0.0499926	0.0212032	0.00142301	0.0108457	0.00774194	0.0101115	0.0100721	0.229682	0.0438611	0.182253	0.0473412	0.0133864	0.000713506	0.0240219	0.00564745	0.0364641	0.0941076	0.198971	0.000298337	0.0118627
187	0.00701913	0.0160391	0.00302791	0.00272358	0.245792	0.00322244	0.0098798	0.0130055	0.00772331	0.0338165	0.00414746	0.00773211	0.00269897	0.00434434	0.00276325	0.017297	0.0119094	0.0153662	0.451071	0.140421
188	0.0533642	0.0189522	0.0011	0.0071304	0.00872431	0.0103769	0.0111309	0.235748	0.0460042	0.174107	0.0517159	0.0151175	0.000554246	0.0201657	0.00612438	0.0343205	0.0825635	0.20916	0.000224456	0.0134156
189	0.0210549	0.01474	0.0665952	0.0128799	0.00194093	0.0833374	0.00451602	0.00407878	0.00566509	0.0030578	0.00261921	0.200831	0.00124267	0.0175109	0.00684079	0.382902	0.161026	0.00703407	0.000617658	0.00150899
190	0.0387374	0.00533775	0.304741	0.128186	0.00491204	0.0108793	0.0240344	0.00531768	0.0473251	0.008451	0.0139801	0.154155	0.0991027	0.0247716	0.0089085	0.0772539	0.0172711	0.00964727	0.00130989	0.0156783
191	0.0292695	0.0151435	0.15044	0.0310634	0.00150338	0.0238	0.0249102	0.00714029	0.0821337	0.0048911	0.00354688	0.235794	0.00764918	0.0470908	0.0486528	0.187943	0.0890148	0.00217213	0.000398953	0.00744342
192	0.0965272	0.00383601	0.0324885	0.0617045	0.00695913	0.0321887	0.00710484	0.0119469	0.0861358	0.0051978	0.0152944	0.0810903	0.0224025	0.0660345	0.0337713	0.237948	0.150712	0.0321874	0.000463775	0.0160067
