734	20
1	0.0129768	0.00369789	0.0308063	0.0994092	0.00242763	0.0121605	0.0210366	0.0167938	0.395138	0.0156217	0.0181342	0.0587277	0.0110713	0.076371	0.118747	0.0422329	0.0524616	0.00577609	0.00022135	0.00618917
2	0.00192648	0.00426268	0.00670015	0.00826785	0.0980347	0.00225178	0.152687	0.0297209	0.0115654	0.48918	0.0135165	0.0248212	0.0201236	0.0388396	0.00599963	0.00989079	0.00406589	0.0184968	0.000648522	0.0590005
3	0.00642224	0.00265855	0.00648962	0.0206743	0.00388746	0.00561254	0.0141641	0.0213374	0.620883	0.0382309	0.0148049	0.0192387	0.00406075	0.0588952	0.106554	0.0204221	0.0200095	0.0084718	0.00518847	0.00199428
4	0.110701	0.0360074	0.0528119	0.0577418	0.0250285	0.0195537	0.0121515	0.0514172	0.0513196	0.0399465	0.0072304	0.0415597	0.00534728	0.030622	0.0433532	0.184013	0.159006	0.0387672	0.000593396	0.0328287
5	0.00836116	0.054398	0.0139789	0.0203136	0.00535502	0.0201708	0.0241759	0.0944673	0.0902165	0.0079653	0.00663926	0.157799	0.00267935	0.0382608	0.0337971	0.318418	0.0707792	0.00411628	0.0119776	0.0161312
6	0.00518614	0.00476607	0.00160082	0.00197681	0.0785016	0.00152796	0.00159578	0.0820629	0.00673175	0.660913	0.0494676	0.00223678	0.00845698	0.0049408	0.00311573	0.00929167	0.00370583	0.0651612	0.00147213	0.00728872
7	0.00849666	0.0016207	0.00494636	0.0128799	0.00413889	0.0072531	0.0165242	0.0275956	0.50656	0.0259809	0.0172405	0.0277601	0.00147765	0.0582895	0.191535	0.0340753	0.0368307	0.0118548	0.00386266	0.00107773
8	0.0154373	0.00483728	0.0565017	0.123881	0.00437855	0.0126149	0.0256532	0.0194393	0.280865	0.0155719	0.0161136	0.0897724	0.0110861	0.086903	0.11945	0.0571948	0.042761	0.00681182	0.00034977	0.0103781
9	0.00679373	0.00154881	0.0108987	0.0783304	0.000765863	0.00933737	0.00573299	0.00703683	0.588525	0.0124978	0.0173272	0.0280958	0.00245159	0.0316845	0.125681	0.0245474	0.0446788	0.0026139	0.000204731	0.0012466
10	0.00949874	0.257086	0.00143969	0.0018403	0.219655	0.0111322	0.056841	0.0110885	0.00804919	0.0464625	0.00233636	0.0234575	0.00233586	0.0107932	0.00579948	0.0669486	0.0148749	0.0196753	0.013168	0.217517
11	0.0513057	0.00285108	0.0752601	0.319961	0.00226093	0.0196112	0.0178991	0.0111373	0.171607	0.0234988	0.0147015	0.023965	0.00218282	0.103925	0.0276972	0.0357596	0.0512502	0.0393807	0.00267289	0.00307314
12	0.0143872	0.071919	0.00299592	0.0230015	0.0516126	0.0239135	0.0226154	0.049717	0.0851645	0.0873628	0.0313104	0.0802376	0.0148269	0.0577224	0.0936581	0.150406	0.0697743	0.0301555	0.015601	0.0236189
13	0.00805123	0.00273704	0.000934626	0.00618323	0.0497893	0.00274343	0.00657087	0.347266	0.00525456	0.25149	0.0523149	0.00576079	0.00166548	0.00712046	0.0138643	0.0113998	0.0194741	0.203773	0.00146934	0.00213684
14	0.0220454	0.0856194	0.00300091	0.00303455	0.255328	0.00716885	0.0340446	0.00452364	0.00639431	0.081873	0.00541434	0.0314779	0.00887655	0.0238644	0.00382498	0.106985	0.0197581	0.0292577	0.00479283	0.262716
15	0.0156205	0.00421707	0.173644	0.598362	0.00353348	0.010977	0.0126147	0.0136906	0.0309179	0.0182107	0.00453881	0.0175299	0.00437449	0.0249182	0.0083998	0.0110406	0.0099457	0.0296411	0.000764152	0.007059
16	0.0204476	0.00354282	0.00539491	0.032296	0.00146441	0.788636	0.00168128	0.0069145	0.031219	0.00514602	0.00268518	0.00544866	0.00261828	0.0103565	0.0487206	0.0100041	0.0088362	0.00992991	0.00284733	0.00181036
17	0.0165432	0.00434779	0.0282862	0.0071276	0.0199263	0.00361899	0.00495714	0.304961	0.0213479	0.0787523	0.0644937	0.194637	0.0132775	0.00372253	0.00749481	0.0404745	0.0992954	0.0722774	0.0118686	0.00259028
18	0.0796565	0.0127586	0.00593714	0.0188774	0.00553089	0.00677412	0.00459648	0.0492277	0.08975	0.0108243	0.00838667	0.0308188	0.0536628	0.0120027	0.064224	0.0797708	0.411044	0.0446393	0.00512145	0.0063967
19	0.00192845	0.00450298	0.00708169	0.00730957	0.0947266	0.00214481	0.144131	0.0301097	0.0120438	0.499976	0.0156835	0.0238043	0.0252123	0.0361144	0.00608275	0.0108823	0.0048794	0.0182942	0.000654045	0.0544384
20	0.00159316	0.00181486	0.00071825	0.00133433	0.0338829	0.000757444	0.00693659	0.0385667	0.00348382	0.834176	0.0179565	0.00167156	0.00341933	0.0062557	0.00314253	0.00391042	0.00200513	0.0327321	0.00054768	0.00509462
21	0.00934448	0.0043985	0.0565723	0.0242274	0.00502687	0.0239107	0.0237935	0.00883022	0.143109	0.00400644	0.0108943	0.561221	0.000713335	0.0282227	0.0079906	0.0613288	0.00754223	0.00155008	0.000356532	0.0169609
22	0.0143133	0.00582296	0.0666099	0.127796	0.00226523	0.0150854	0.0183429	0.0239569	0.237156	0.0114484	0.0102557	0.0773145	0.00854929	0.0888443	0.14271	0.0950277	0.0361473	0.0100514	0.000520593	0.00778236
23	0.0147989	0.000707398	0.000957683	0.00291931	0.0187163	0.00159486	0.0010857	0.540553	0.00197895	0.0462645	0.0182862	0.00413655	0.00101141	0.00114452	0.00104333	0.00353235	0.0351859	0.302296	0.000291411	0.00349572
24	0.00737955	0.0486223	0.00317908	0.00113412	0.132573	0.00399147	0.0468426	0.00424205	0.00315878	0.030417	0.00345168	0.0182324	0.00174441	0.0066283	0.00187335	0.034109	0.00678241	0.00782342	0.00694491	0.63087
25	0.0086987	0.00936444	0.00232036	0.00906849	0.0014959	0.00366437	0.00274757	0.00849079	0.0130576	0.00631585	0.00914561	0.015887	0.0024753	0.00271424	0.00460606	0.0904595	0.791138	0.0142402	0.00255789	0.00155242
26	0.0218828	0.00242481	0.221383	0.340354	0.000980117	0.0450603	0.0408737	0.00502222	0.0978492	0.00524536	0.0106722	0.0732405	0.00307926	0.0428253	0.0158603	0.042994	0.012834	0.0132593	0.0002973	0.00386238
27	0.000650165	0.000394512	0.000213271	0.000522702	0.0108677	0.000398832	0.0022859	0.0212999	0.000980183	0.907054	0.0176374	0.000327102	0.000593102	0.0020002	0.00121162	0.0018782	0.00170897	0.0281063	0.000605333	0.00126458
28	0.00334597	0.0565681	0.00195803	0.000866619	0.139368	0.00549978	0.0625144	0.00414427	0.0034267	0.0254302	0.00360052	0.0231126	0.000905342	0.00431042	0.00128171	0.0165628	0.00582019	0.00388992	0.0114689	0.625926
29	0.0110605	0.00057404	0.000524993	0.00197601	0.0202852	0.00145072	0.00124326	0.610677	0.00222863	0.057733	0.030603	0.00429745	0.000337865	0.00109934	0.00124787	0.00330923	0.0305372	0.216613	0.000323985	0.00387754
30	0.0324543	0.00614593	0.00417624	0.00530165	0.00409215	0.00529031	0.00287937	0.173289	0.031086	0.143421	0.054497	0.0299457	0.00204261	0.00485832	0.00520237	0.0469206	0.334953	0.109497	0.00133416	0.0026129
31	0.0199463	0.000968181	0.0704341	0.625383	0.00187136	0.0183396	0.00476982	0.00492621	0.088681	0.00864914	0.00460219	0.0174885	0.00219813	0.0759524	0.0147486	0.0132702	0.0105739	0.013155	0.00029436	0.00374763
32	0.0104625	0.0109184	0.0904248	0.104412	0.004666	0.502747	0.0126088	0.0063307	0.0371456	0.00410861	0.00337333	0.0547494	0.00125272	0.0204831	0.0446708	0.0688305	0.0154098	0.00477889	0.000387869	0.00223922
33	0.0576632	0.0284145	0.103353	0.223709	0.0122158	0.0537293	0.0217328	0.0070068	0.0908958	0.0385473	0.00964615	0.0476637	0.00206143	0.0573479	0.0772685	0.0391278	0.0268863	0.0502972	0.0360355	0.0163977
34	0.0632355	0.0421017	0.0462052	0.0303212	0.0215068	0.0496807	0.0120239	0.0160115	0.0317705	0.0191602	0.0171576	0.0757618	0.00551664	0.024074	0.0732517	0.260919	0.171423	0.0276954	0.00154476	0.0106393
35	0.0700419	0.00338339	0.0506601	0.219863	0.00345641	0.203931	0.00525442	0.00560208	0.123526	0.0113049	0.00380567	0.0146982	0.01524	0.0527129	0.0448606	0.0352247	0.0943374	0.0359534	0.00140367	0.0047401
36	0.0427485	0.0088096	0.0979956	0.231801	0.0149174	0.0435983	0.0336089	0.00996934	0.0832056	0.0468673	0.0181779	0.0639182	0.00196565	0.0976939	0.054342	0.0368018	0.0413756	0.0407145	0.0238859	0.00760341
37	0.0456028	0.00333866	0.00041881	0.00821915	0.00625135	0.00319367	0.000555569	0.0872051	0.00409862	0.103954	0.033497	0.0011175	0.00139559	0.00305813	0.00314846	0.00542489	0.0110169	0.677252	0.000864455	0.000388094
38	0.00402156	0.0177228	0.0361096	0.0163698	0.00196611	0.0122158	0.0208753	0.026407	0.0508899	0.00537168	0.00515395	0.651431	0.00138738	0.0142375	0.00920523	0.0969384	0.0147236	0.00160038	0.00133825	0.0120345
39	0.0186247	0.00604817	0.0552131	0.110593	0.0112216	0.0109727	0.0300335	0.0156792	0.27346	0.0194374	0.0152362	0.0977758	0.0114531	0.0848289	0.109365	0.0434481	0.0635245	0.00743785	0.000686027	0.0149611
40	0.0181707	0.00201156	0.0787563	0.573547	0.00214455	0.0943229	0.00208615	0.00205273	0.0744246	0.00616201	0.00269221	0.0194038	0.00270415	0.0655732	0.0119894	0.0159698	0.0123482	0.0128404	0.000258793	0.00254188
41	0.00487752	0.0104695	0.00984185	0.00657981	0.0138866	0.00645235	0.677878	0.00672196	0.00506908	0.0583606	0.00466487	0.0447339	0.00816925	0.0255273	0.0288706	0.0165451	0.00720713	0.0109706	0.000660863	0.0525127
42	0.0117249	0.00127667	0.0818254	0.746807	0.00126903	0.0143915	0.00255008	0.002392	0.0430413	0.00763807	0.00169708	0.0106885	0.00132756	0.0407486	0.0054748	0.00874605	0.00551764	0.0109772	0.000109992	0.00179639
43	0.0135601	0.000815926	0.00109833	0.00314348	0.029801	0.00210888	0.00200476	0.495662	0.00232948	0.0670307	0.026205	0.00460681	0.00107416	0.00159245	0.00244405	0.00410654	0.0262882	0.312503	0.000395703	0.00322924
44	0.0027181	0.00610377	0.00205605	0.0188855	0.017335	0.00851594	0.00858521	0.0671851	0.0526062	0.175905	0.0686603	0.0109459	0.00982822	0.0943228	0.329707	0.037378	0.00410427	0.028334	0.0550632	0.00176037
45	0.00126684	0.000914243	0.0112116	0.0441584	0.00115	0.00698562	0.0591731	0.00290684	0.0611882	0.0487394	0.00652506	0.0284483	0.000694697	0.651455	0.045298	0.0145908	0.0114685	0.00226202	0.000592016	0.000971568
46	0.00891164	0.00363246	0.00409434	0.00395016	0.0537897	0.0175996	0.0220146	0.320024	0.00775326	0.148388	0.11036	0.0488393	0.00758959	0.00382066	0.0100065	0.0160986	0.031211	0.172913	0.00722404	0.00177985
47	0.0155102	0.00117534	0.0694174	0.689324	0.00232351	0.0209072	0.00249566	0.00209053	0.0682655	0.00698734	0.00284509	0.0137394	0.00203211	0.0634882	0.0093446	0.0108593	0.0052134	0.0111335	0.000112113	0.00273607
48	0.13383	0.0117341	0.0318955	0.0419305	0.0131305	0.0388282	0.00679103	0.0262526	0.103541	0.0297454	0.0154774	0.0453057	0.0133617	0.0420457	0.0864965	0.119297	0.19304	0.0364061	0.000797672	0.010093
49	0.15926	0.00946427	0.0243563	0.0521854	0.019264	0.0543714	0.00723293	0.0362241	0.101639	0.0407376	0.0120386	0.0260568	0.00956488	0.0404961	0.0788633	0.117653	0.142489	0.0581313	0.00070194	0.00927028
50	0.0359853	0.00519493	0.00626365	0.0268651	0.0639426	0.108222	0.0458397	0.00741186	0.00853161	0.0506041	0.00487544	0.00723824	0.134792	0.0440239	0.00786665	0.274622	0.0294988	0.0290078	0.0409187	0.0682959
51	0.0108992	0.000558806	0.000548377	0.00185216	0.0186829	0.000956334	0.000774644	0.62102	0.00189186	0.0510109	0.0256674	0.00402073	0.000303303	0.00104997	0.00103377	0.00282467	0.0303639	0.221933	0.000185265	0.00442247
52	0.018879	0.0139538	0.0617982	0.101059	0.0158385	0.00877208	0.0405603	0.0132176	0.293754	0.0160781	0.0163641	0.0988453	0.00791405	0.0654336	0.107711	0.0357144	0.0436691	0.00751377	0.00105485	0.0318691
53	0.00710522	0.326362	0.00528804	0.0263172	0.137369	0.00768993	0.0118757	0.00813259	0.019827	0.13976	0.00770003	0.0107336	0.0223405	0.0561137	0.0561663	0.0366415	0.0123961	0.0295421	0.0049949	0.0736439
54	0.00837701	0.0143024	0.0560249	0.0565724	0.00681315	0.0216754	0.0270157	0.0332144	0.101851	0.0422044	0.0203886	0.135599	0.0151585	0.0280214	0.0472188	0.317263	0.0417226	0.00540068	0.0025118	0.0186649
55	0.00782163	0.00173568	0.543342	0.173252	0.00160697	0.0148612	0.0426895	0.0021292	0.0304713	0.00652325	0.00195936	0.106048	0.00120775	0.0105792	0.00636304	0.0198762	0.0071846	0.0134523	0.000289506	0.00860688
56	0.00571865	0.000861788	0.000595262	0.00243539	0.0204523	0.00126817	0.00237147	0.62324	0.00335405	0.118185	0.0377982	0.00541658	0.000490367	0.00435156	0.00398985	0.00471729	0.0237969	0.138123	0.000546759	0.00228769
57	0.0033313	0.00881176	0.00065417	0.00135093	0.842216	0.000811138	0.00547644	0.0123362	0.000892391	0.060995	0.00325049	0.00141448	0.000612474	0.00288527	0.00221923	0.0114501	0.00278996	0.012093	0.000517451	0.025892
58	0.00938494	0.00182192	0.0196095	0.0829934	0.00197068	0.0123747	0.0188373	0.0159722	0.492189	0.0141995	0.0165417	0.0456116	0.00541604	0.0608885	0.115335	0.0314271	0.046143	0.00483369	0.000184705	0.0042661
59	0.149194	0.00643202	0.0313264	0.0480355	0.00364801	0.0728741	0.0429526	0.0250121	0.0204211	0.0595848	0.00695448	0.0119708	0.194367	0.0144367	0.0102877	0.151259	0.076833	0.0655282	0.00421888	0.004663
60	0.0515616	0.00532272	0.0083821	0.049082	0.0576044	0.032314	0.00638988	0.0313919	0.0106925	0.299585	0.0103194	0.0266648	0.0984426	0.0677692	0.00753957	0.147628	0.0360369	0.0464563	0.00259528	0.00422147
61	0.0660262	0.0206596	0.00858932	0.0518896	0.00215928	0.0130431	0.0502337	0.00450163	0.0254655	0.0536763	0.0103928	0.0119722	0.318236	0.0488207	0.0439147	0.176078	0.055119	0.02232	0.00697238	0.00993029
62	0.0199443	0.00740769	0.0384503	0.126992	0.0078811	0.0131356	0.0308283	0.0124395	0.207848	0.0280781	0.00988291	0.0565136	0.0782178	0.126496	0.113262	0.0476901	0.0448075	0.0172694	0.00332935	0.00952651
63	0.0114257	0.00314342	0.00212471	0.00347951	0.0506104	0.0220227	0.0219818	0.357124	0.00509022	0.132016	0.098236	0.0323033	0.00539438	0.00365845	0.00833325	0.012381	0.022081	0.200296	0.00606524	0.00223334
64	0.0133172	0.0058779	0.00136372	0.017233	0.00831366	0.00795977	0.00238436	0.0169939	0.279042	0.00282238	0.00420149	0.024442	0.000468716	0.0324657	0.49958	0.031639	0.0424144	0.00746057	0.000296971	0.00172277
65	0.0491798	0.0206899	0.0041714	0.0287105	0.0039563	0.00609584	0.00628255	0.0322463	0.13803	0.00752026	0.0157153	0.0306879	0.0323122	0.00863087	0.0699756	0.0723039	0.402924	0.0623836	0.00374124	0.00444226
66	0.0572154	0.00350577	0.000584432	0.00683127	0.00721045	0.00289545	0.000716711	0.0965345	0.00351795	0.0966201	0.0311796	0.00118102	0.00210821	0.00327633	0.00287702	0.00694866	0.0144516	0.660441	0.000721529	0.00118325
67	0.00309215	0.00143025	0.000651805	0.00203517	0.0116848	0.00081966	0.00228391	0.0336738	0.00164517	0.82814	0.0438329	0.000744601	0.000921654	0.00341208	0.00234837	0.00363195	0.00550545	0.050668	0.00185772	0.00162029
68	0.00675636	0.00892148	0.00134201	0.00869249	0.00100775	0.00362517	0.00227906	0.0104851	0.0121794	0.00687086	0.011184	0.014471	0.00120002	0.00179873	0.00277015	0.071853	0.814972	0.015367	0.0031174	0.00110714
69	0.0176484	0.00453584	0.0127175	0.0104239	0.0118569	0.0060044	0.00510773	0.194843	0.184396	0.0828811	0.0807278	0.121376	0.00576338	0.00774666	0.012599	0.0370931	0.128184	0.0682532	0.00447537	0.00336755
70	0.0193169	0.0027974	0.00508597	0.0299086	0.000616928	0.879054	0.000709628	0.00509848	0.00812916	0.00237896	0.000466539	0.0036923	0.0019661	0.00663507	0.0199146	0.0047339	0.00281024	0.00533995	0.000228317	0.00111699
71	0.01561	0.000702895	0.000927017	0.00389395	0.0202033	0.00155802	0.0010938	0.498462	0.00199137	0.0519469	0.0172691	0.00356658	0.000938134	0.00109421	0.00130804	0.00350386	0.0302774	0.342265	0.000239185	0.00314934
72	0.810044	0.00351621	0.00949141	0.00564829	0.00218037	0.0125691	0.000724603	0.00803023	0.000987327	0.00140914	0.00209525	0.00175578	0.00655689	0.00280027	0.00266785	0.0554076	0.042496	0.0302388	0.000242627	0.00113796
73	0.0215257	0.00517347	0.00349	0.0296571	0.000513567	0.875228	0.0006166	0.00503943	0.00775458	0.00251581	0.000721229	0.00324502	0.00210617	0.00674267	0.0192193	0.00547954	0.00286183	0.00679799	0.000240764	0.00107136
74	0.0223828	0.00167591	0.00113029	0.00380344	0.0213597	0.00263004	0.00228298	0.513915	0.00319232	0.0676988	0.0280712	0.00562529	0.00111354	0.00264087	0.00324195	0.00879788	0.0262044	0.279921	0.00086023	0.00345304
75	0.0197414	0.00298965	0.00484014	0.0315002	0.000584084	0.876678	0.000736883	0.00524244	0.00803508	0.00242134	0.000523916	0.00378726	0.00199615	0.00682309	0.0196871	0.0047807	0.00289754	0.00545367	0.000240232	0.00104081
76	0.00539358	0.00138266	0.00774917	0.0360919	0.00157458	0.00581603	0.00844503	0.0155606	0.712307	0.0122648	0.00960808	0.0197221	0.00166906	0.0318575	0.0823085	0.0165344	0.025547	0.00391158	0.000451298	0.00180547
77	0.0124606	0.0172461	0.0100025	0.00842181	0.00463458	0.00698107	0.0154877	0.0130102	0.0218722	0.00698025	0.00714702	0.0273894	0.0026607	0.00952507	0.012666	0.189835	0.612504	0.0126582	0.0026825	0.0058345
78	0.0202324	0.0111937	0.0128515	0.00499646	0.212709	0.00445373	0.00540116	0.225911	0.00493765	0.0983418	0.0167404	0.00605362	0.00362161	0.00473676	0.00562416	0.00858601	0.0188716	0.304719	0.00152347	0.0284953
79	0.110324	0.0219145	0.00940065	0.0150544	0.0108659	0.0170617	0.00264565	0.0113271	0.00847373	0.0509943	0.00588239	0.00873322	0.00664174	0.0079554	0.00939512	0.594754	0.0826058	0.0211958	0.00123544	0.00353877
80	0.110794	0.00526126	0.00278821	0.0100723	0.00985836	0.00673297	0.0024032	0.0744643	0.00663711	0.0645778	0.0265324	0.00289625	0.00542875	0.00795294	0.00654586	0.0166063	0.0483073	0.586518	0.00114567	0.00447697
81	0.00374212	0.0129071	0.0170122	0.0470612	0.00636056	0.0140804	0.112819	0.00828429	0.0506118	0.0405029	0.00587004	0.0851776	0.00148312	0.456389	0.0809559	0.0198727	0.0159213	0.00377909	0.00304492	0.0141241
82	0.00665519	0.00223851	0.00766293	0.0214723	0.00277876	0.0062968	0.0119354	0.0242596	0.687618	0.0141786	0.00942243	0.0215815	0.00166977	0.0315558	0.0914707	0.0223815	0.0277246	0.00635592	0.00052398	0.0022176
83	0.00204091	0.010049	0.000720852	0.00151998	0.803855	0.000563443	0.00452869	0.018873	0.000916712	0.0933276	0.00457325	0.000927638	0.000638541	0.00280764	0.00146451	0.0068436	0.00316264	0.0155862	0.000244629	0.027356
84	0.0398077	0.00205012	0.00166946	0.0031615	0.0161777	0.00227483	0.00183666	0.463407	0.00472197	0.0438777	0.0171002	0.00930027	0.00201633	0.00220363	0.00215542	0.0111404	0.0659516	0.307021	0.0005158	0.00361065
85	0.000200455	0.000191994	0.000150411	0.000303596	0.00962462	0.000345817	0.00153604	0.0138214	0.000754684	0.928339	0.0154289	0.00020551	0.000550399	0.00169399	0.000888612	0.00141483	0.00118395	0.0218165	0.000373037	0.00117583
86	0.0044813	0.00101032	0.699258	0.106943	0.00127317	0.0108241	0.0160018	0.00100798	0.0124831	0.00195282	0.000762973	0.098971	0.000392921	0.00548563	0.00220603	0.0132258	0.00412902	0.0102744	0.000167018	0.0091494
87	0.0038487	0.0757986	0.00729219	0.00329625	0.0195912	0.00919434	0.00795011	0.00305245	0.0203993	0.00915688	0.00238757	0.00502709	0.00739175	0.00908261	0.0235746	0.0188853	0.0043763	0.00854511	0.75736	0.00378946
88	0.735546	0.00438872	0.00844207	0.00490889	0.00393974	0.00972596	0.000979033	0.0144709	0.0010716	0.00535662	0.00271152	0.00195656	0.0063825	0.00376715	0.00274129	0.0568011	0.0485847	0.0859694	0.000251911	0.00200416
89	0.0132534	0.00185512	0.111628	0.703073	0.00120043	0.0147389	0.00590008	0.00349737	0.0427765	0.00823306	0.00259393	0.0147279	0.00196214	0.0337481	0.00648881	0.0107378	0.00758875	0.0133136	0.00018777	0.00249557
90	0.0194513	0.00392091	0.11046	0.389708	0.00168425	0.204797	0.00982588	0.00266116	0.0784876	0.00523628	0.00390644	0.0448907	0.00252112	0.0471957	0.0158585	0.0262808	0.0154096	0.0147744	0.000465914	0.00246498
91	0.00893003	0.00268213	0.0149249	0.0709265	0.00178837	0.0108448	0.0148254	0.0180699	0.522286	0.0142035	0.0153295	0.0418458	0.00392456	0.0492497	0.127537	0.0307556	0.0436623	0.00520896	0.00018158	0.00282309
92	0.434019	0.00977152	0.0561701	0.069161	0.0119867	0.0504843	0.0145328	0.0073461	0.00399163	0.00975019	0.0029004	0.00936064	0.0169911	0.00466414	0.0133992	0.133392	0.0872331	0.0381785	0.002069	0.0245987
93	0.0025891	0.00574786	0.0104996	0.00363517	0.000715811	0.00237323	0.00711228	0.00505106	0.00676224	0.00134235	0.00165802	0.873562	0.000437034	0.00127166	0.00427318	0.0593214	0.0105876	0.00100135	0.000310907	0.00174782
94	0.00179156	0.00150297	0.0108615	0.0428177	0.00176042	0.00699559	0.0575315	0.00390778	0.0653875	0.0516524	0.0068382	0.0279456	0.00126252	0.637859	0.0468205	0.0150889	0.0147901	0.00305625	0.000775097	0.00135499
95	0.00396563	0.00338901	0.559987	0.0580553	0.00301522	0.0207345	0.107156	0.00271718	0.00869643	0.0120184	0.00154099	0.127706	0.00114135	0.0332762	0.0186579	0.01212	0.00518268	0.0116136	0.000882573	0.0081443
96	0.0100829	0.000801576	0.000734106	0.00199421	0.0228811	0.00104621	0.00111123	0.63018	0.00161305	0.0573914	0.0227704	0.00424668	0.000323368	0.00143604	0.00172602	0.0035783	0.0252427	0.209026	0.000195273	0.00361958
97	0.0337798	0.00715693	0.22969	0.116793	0.00805814	0.022795	0.0616663	0.00874295	0.100638	0.0384857	0.00626103	0.104383	0.00295743	0.0758675	0.0334649	0.0540083	0.0294577	0.0451266	0.00377117	0.0168964
98	0.00110092	0.015106	0.000578447	0.00252789	0.716554	0.000536004	0.00572389	0.0318242	0.000912219	0.149234	0.00793437	0.000918556	0.000598018	0.00303786	0.00221684	0.00720521	0.00505207	0.0209558	0.000248099	0.0277358
99	0.00700222	0.000924995	0.0007536	0.00330134	0.0272555	0.00237489	0.00320967	0.577225	0.00432743	0.110445	0.0497922	0.00730138	0.000951864	0.00338262	0.00475824	0.00587436	0.0294866	0.158042	0.000744379	0.00284686
100	0.00566236	0.00981294	0.00249545	0.00535634	0.317805	0.00163986	0.00601005	0.235509	0.00386057	0.19531	0.0301997	0.00377348	0.00155498	0.00497046	0.00755573	0.00877469	0.0140937	0.129021	0.000979661	0.0156145
101	0.00441356	0.0146112	0.00366599	0.00377215	0.104339	0.00320623	0.0387509	0.0476593	0.0157678	0.47027	0.0509583	0.0201535	0.103888	0.0114317	0.0119965	0.0206962	0.0163977	0.0417835	0.00165228	0.0145866
102	0.00452141	0.00744853	0.00191569	0.00180607	0.181382	0.0013625	0.00277636	0.0711332	0.00568674	0.602512	0.0175693	0.00278635	0.00928784	0.00459589	0.00301343	0.00770446	0.00285884	0.0572528	0.000466325	0.0139198
103	0.0572363	0.00993509	0.00494525	0.0228298	0.00148559	0.00736228	0.0219618	0.00637073	0.0130651	0.0432249	0.0109809	0.0108812	0.420172	0.0404561	0.0349338	0.212863	0.0454613	0.0243953	0.00642137	0.00501819
104	0.00273974	0.00786111	0.000643947	0.00129086	0.84733	0.000625927	0.00513932	0.0131832	0.000795322	0.0641474	0.00303373	0.000905653	0.00037886	0.00282286	0.00131303	0.00721779	0.00253761	0.0124339	0.000230694	0.0253691
105	0.0102064	0.0349608	0.00768601	0.0177392	0.00568266	0.00960807	0.00715132	0.013109	0.154722	0.0105494	0.00703473	0.0276291	0.0028802	0.0195947	0.586299	0.0441525	0.0243265	0.00706022	0.00518851	0.00441975
106	0.0180574	0.00132738	0.088486	0.612212	0.00169698	0.0212336	0.00948746	0.00338663	0.085293	0.00786111	0.00475243	0.026058	0.00266823	0.0597837	0.0156408	0.0166771	0.008766	0.0126242	0.000249943	0.00373814
107	0.00420057	0.00161674	0.00070179	0.00266136	0.0219534	0.00125258	0.0022518	0.094739	0.0030906	0.715021	0.0682592	0.0014672	0.00127259	0.00395905	0.00309811	0.00600885	0.00709881	0.0581257	0.00111587	0.0021061
108	0.00281163	0.00619457	0.0130338	0.00448379	0.000901573	0.00388818	0.00798682	0.00523902	0.0103575	0.00177742	0.00194356	0.855281	0.000520774	0.00214775	0.00469005	0.0633615	0.0115678	0.00112508	0.000436274	0.00225154
109	0.0069274	0.00943534	0.00175208	0.00381058	0.0512367	0.00235007	0.00393192	0.0592638	0.00729284	0.649684	0.0427671	0.00334466	0.0164041	0.0075165	0.00444482	0.0104236	0.00859517	0.102502	0.00216314	0.00615424
110	0.00510405	0.00649818	0.00169588	0.00674705	0.0551637	0.0044957	0.0103222	0.299405	0.028461	0.270989	0.0923783	0.00889261	0.00257426	0.00785106	0.0206895	0.0131982	0.0175898	0.141847	0.00317779	0.00291871
111	0.008311	0.000931797	0.0176621	0.101148	0.000882415	0.0129993	0.0099829	0.00859926	0.551189	0.0130962	0.0160311	0.0340862	0.00438362	0.0428502	0.103752	0.0234303	0.0444548	0.00273438	0.000190642	0.00328436
112	0.0226735	0.00263992	0.227269	0.317182	0.00105173	0.0471192	0.0432012	0.00520104	0.100688	0.00550784	0.0109955	0.077448	0.00316249	0.0413307	0.0172106	0.0449535	0.0139853	0.0138819	0.000365544	0.00413302
113	0.0226042	0.00298212	0.191728	0.296816	0.00119263	0.0532663	0.0421493	0.00676113	0.121372	0.00689148	0.00896762	0.0790656	0.00310099	0.0455681	0.0353312	0.0403883	0.0217771	0.0134511	0.000762303	0.00582515
114	0.0153152	0.00418762	0.054057	0.125896	0.00360641	0.0135464	0.0240231	0.0190357	0.286977	0.0151464	0.0145076	0.077644	0.0145523	0.0900028	0.121728	0.057784	0.0442735	0.00731312	0.000323524	0.0100802
115	0.0133021	0.0885024	0.00296194	0.00428926	0.205287	0.00834623	0.0387043	0.00469943	0.00973591	0.0845584	0.0118501	0.0214482	0.00608003	0.0407968	0.00898497	0.0678144	0.0139515	0.0252515	0.0142502	0.329185
116	0.00985741	0.0141654	0.0294545	0.00574284	0.00857853	0.00911914	0.0102878	0.0115804	0.0163514	0.0109447	0.00234865	0.0566873	0.00486199	0.00535209	0.0089008	0.698508	0.0861786	0.00333954	0.000552466	0.00718843
117	0.00153998	0.00210924	0.00071685	0.000855088	0.0557181	0.000790124	0.00375715	0.0334727	0.00296662	0.832173	0.0153043	0.00121667	0.00301076	0.00340347	0.00151598	0.00381954	0.00129822	0.0299701	0.00042088	0.00594142
118	0.0274883	0.0460524	0.00911957	0.0341916	0.030184	0.0175807	0.0710017	0.0442222	0.0805563	0.120413	0.0196904	0.0304491	0.0557265	0.104709	0.0919694	0.0677425	0.0441986	0.05297	0.0142866	0.0374485
119	0.0195387	0.00220467	0.0447545	0.277672	0.00325607	0.08942	0.0095581	0.0119462	0.17534	0.00654168	0.00383244	0.020476	0.00425043	0.0559239	0.125182	0.0498141	0.0703317	0.0107761	0.00464036	0.0145415
120	0.00232836	0.00118033	0.000610464	0.000811414	0.019816	0.000575435	0.00806459	0.0192723	0.00200263	0.880704	0.0168075	0.00146666	0.00327566	0.00432989	0.00197725	0.00255934	0.0020411	0.0275573	0.000459258	0.00416074
121	0.00783047	0.00223925	0.000755322	0.00462889	0.0379625	0.00199186	0.00359977	0.354919	0.00410757	0.304418	0.0434286	0.00409375	0.00153382	0.00594223	0.00787686	0.00900864	0.019275	0.182322	0.00111059	0.00295597
122	0.0067216	0.108701	0.0162796	0.0124923	0.00836339	0.017339	0.178228	0.031735	0.0283449	0.0816481	0.00857585	0.122715	0.0043868	0.154376	0.058727	0.0428432	0.0736058	0.0265112	0.00201912	0.0163878
123	0.0607566	0.0251015	0.0979682	0.0579053	0.0267985	0.00739753	0.0895552	0.0627803	0.0558097	0.0490985	0.00495016	0.0560366	0.00398712	0.0762787	0.0321053	0.0195038	0.0336853	0.138399	0.00201973	0.0998631
124	0.00112039	0.0148556	0.000546158	0.00197331	0.751293	0.000515066	0.00478595	0.0255265	0.000815796	0.130286	0.00637352	0.000744252	0.000323274	0.00225795	0.00166497	0.00752632	0.0044812	0.0183807	0.000201346	0.0263283
125	0.00635482	0.0633353	0.00759794	0.00238738	0.19574	0.00979262	0.105762	0.00951246	0.00642919	0.0411864	0.00381194	0.0320415	0.00184556	0.0172199	0.00611458	0.0341233	0.00743988	0.00816911	0.006051	0.435085
126	0.0106574	0.001252	0.00595064	0.00509517	0.007367	0.00146191	0.0111181	0.0137497	0.00612504	0.0321604	0.00533471	0.00582465	0.739622	0.013475	0.017517	0.0540439	0.0598124	0.00775315	0.000645966	0.00103337
127	0.020787	0.00483446	0.225058	0.266186	0.00223684	0.0656142	0.051751	0.00550026	0.0970069	0.0107871	0.00889766	0.0858454	0.00705196	0.0337941	0.0199072	0.0486633	0.0194304	0.0162972	0.000866752	0.00948451
128	0.112315	0.00949522	0.00770379	0.0624986	0.00975515	0.00836942	0.00716227	0.154702	0.0138976	0.221794	0.0403294	0.0111281	0.00566603	0.0135645	0.0109455	0.150841	0.0221972	0.101927	0.0289095	0.00679879
129	0.0223004	0.00622036	0.237832	0.247745	0.00255065	0.0564187	0.0442632	0.00586137	0.0968729	0.00872031	0.0099972	0.107439	0.00602383	0.0341557	0.0202085	0.0441849	0.0196573	0.0204891	0.000808727	0.008251
130	0.100966	0.00790382	0.0384645	0.058446	0.009309	0.0482615	0.0231248	0.0567391	0.0177441	0.105152	0.0072801	0.0233918	0.14862	0.0285475	0.013031	0.159093	0.0997729	0.0454945	0.00313972	0.00551872
131	0.0713524	0.0244492	0.035216	0.0618587	0.0136366	0.0321835	0.0112801	0.0452509	0.136048	0.0404785	0.0212998	0.0503682	0.00597188	0.0589405	0.10003	0.109613	0.137794	0.0251777	0.00160427	0.0174461
132	0.01193	0.217814	0.00174562	0.00226955	0.220677	0.0135299	0.0584578	0.0101904	0.00983449	0.0553219	0.00277469	0.0267117	0.00290955	0.0157045	0.00599456	0.0722261	0.0182384	0.0196536	0.00946594	0.22455
133	0.00857348	0.00108275	0.005786	0.0243659	0.00299346	0.00704155	0.0140529	0.0203869	0.545329	0.0142268	0.0124454	0.028628	0.00117904	0.0517112	0.175766	0.0322311	0.0445085	0.00836077	0.000240783	0.00109032
134	0.077441	0.00550516	0.000879758	0.00619896	0.00794212	0.00311932	0.00133035	0.0972814	0.00360855	0.0922447	0.0323449	0.00138538	0.00282136	0.00373296	0.00302971	0.0116482	0.0201649	0.626807	0.000832148	0.00168203
135	0.0254506	0.00407604	0.0013203	0.00352885	0.0145841	0.00134818	0.00500163	0.0719869	0.00296039	0.460713	0.132901	0.00181738	0.00113701	0.00456665	0.00190753	0.00856591	0.0192869	0.225601	0.00847372	0.00477193
136	0.00225785	0.00935813	0.000895822	0.0019344	0.473056	0.000934795	0.00380961	0.0440949	0.00341091	0.377562	0.0115429	0.00123821	0.00270871	0.00390678	0.00192375	0.00787652	0.00286949	0.0334347	0.0003787	0.0168061
137	0.0121839	0.000860006	0.000706126	0.00218425	0.0175196	0.00116867	0.000811617	0.628054	0.00147247	0.0519029	0.0208696	0.00420706	0.000419293	0.0014142	0.00156803	0.00361627	0.022367	0.225488	0.000201822	0.00298452
138	0.00304559	0.00678988	0.00136148	0.00168779	0.191667	0.00091993	0.00318941	0.043781	0.00447185	0.65597	0.0135597	0.00224058	0.00656323	0.00385043	0.00258119	0.00608098	0.00258377	0.0371515	0.000379524	0.0121255
139	0.00433486	0.000811515	0.722596	0.0942922	0.00154701	0.0108616	0.0152706	0.000743131	0.00872263	0.00224141	0.000465185	0.0948359	0.000369028	0.00577685	0.0027198	0.0121279	0.003124	0.0101366	0.000290131	0.00873399
140	0.0190792	0.0031229	0.00806408	0.0316271	0.000816678	0.866139	0.00108941	0.00513122	0.00871364	0.00246572	0.000575266	0.00541509	0.00192298	0.00687215	0.0216286	0.007499	0.00333111	0.00511145	0.000234423	0.00116055
141	0.000576016	0.00067446	0.000289201	0.000464705	0.0147659	0.000486426	0.00169903	0.0177901	0.00152613	0.910574	0.0160594	0.000453546	0.00119407	0.00213108	0.00117078	0.00215612	0.00140758	0.0242645	0.000425223	0.00189152
142	0.00659039	0.00195819	0.68421	0.112723	0.00202484	0.0108244	0.0166835	0.00171861	0.0141768	0.00323036	0.001258	0.0885594	0.00123069	0.0070347	0.00379481	0.0138987	0.00499505	0.0135996	0.000332818	0.011156
143	0.014069	0.00269504	0.0667913	0.713021	0.00286089	0.0288067	0.00376939	0.00354124	0.0474994	0.0126394	0.00301389	0.0107974	0.00199219	0.0419203	0.00942135	0.0125211	0.00786891	0.0128814	0.00147662	0.00241387
144	0.016871	0.23288	0.0118527	0.00314545	0.161774	0.00571953	0.0330405	0.00649915	0.00538507	0.0557088	0.00463918	0.0171079	0.00458232	0.0142688	0.00700345	0.13555	0.0206468	0.0238108	0.0166545	0.22286
145	0.013629	0.00629395	0.0201667	0.056502	0.00624206	0.0113129	0.0139773	0.018013	0.261472	0.0140084	0.0131558	0.0366705	0.00653229	0.0714176	0.349453	0.0376051	0.0390069	0.00856073	0.00339339	0.0125879
146	0.00459805	0.02006	0.00225519	0.0032444	0.114134	0.00352429	0.0212489	0.108423	0.0156961	0.424158	0.0642872	0.0115922	0.0619173	0.006706	0.0206499	0.0161927	0.0214646	0.0623935	0.0029011	0.0145536
147	0.0618105	0.0122357	0.0110245	0.0364236	0.0014719	0.0107908	0.0372372	0.00505171	0.0170084	0.04477	0.0103773	0.0108157	0.423617	0.0333818	0.0246914	0.176036	0.0563211	0.0191497	0.00225299	0.00553273
148	0.000948004	0.000477987	0.000188201	0.000507471	0.0108349	0.000439104	0.00196162	0.0196435	0.00103602	0.902654	0.0217111	0.000280104	0.000642193	0.0020111	0.00097074	0.00182987	0.00212114	0.0296729	0.000647972	0.00142215
149	0.0107839	0.00724468	0.211016	0.105084	0.00487407	0.0170243	0.0270131	0.00938374	0.114894	0.00888933	0.0217094	0.290393	0.00278746	0.0151888	0.0206991	0.0443475	0.039552	0.0175401	0.000997861	0.0305775
150	0.00127555	0.0143349	0.000622501	0.00196215	0.748539	0.000603618	0.00470229	0.025671	0.000882073	0.132014	0.00640053	0.00081894	0.000412801	0.00233319	0.00173446	0.00767725	0.00448428	0.0199886	0.0002377	0.0253052
151	0.0430173	0.00535189	0.0945086	0.129526	0.00621054	0.0266216	0.0629403	0.00770984	0.128956	0.0533853	0.0109812	0.101593	0.00369263	0.106514	0.0579392	0.0627008	0.0512669	0.0326255	0.00848969	0.00596999
152	0.0230629	0.0361473	0.00719215	0.0279408	0.0344463	0.0208771	0.0204824	0.0666011	0.162803	0.0769748	0.0404621	0.0615751	0.0167843	0.0603673	0.10822	0.095998	0.0840513	0.0262185	0.00951891	0.0202762
153	0.0120908	0.0460794	0.00211642	0.00644356	0.0428438	0.00444884	0.00857871	0.16989	0.0183808	0.352903	0.0795207	0.00648274	0.00373429	0.00768804	0.0119707	0.0234947	0.0155865	0.168831	0.0135529	0.00536315
154	0.0507699	0.0888012	0.0244243	0.0119238	0.0204043	0.10016	0.0272476	0.0142784	0.0192304	0.00890323	0.0240286	0.032399	0.00140847	0.0189517	0.0327334	0.38199	0.0914117	0.0340356	0.00590027	0.0109984
155	0.0218116	0.0113903	0.560413	0.0581912	0.00324525	0.0318963	0.0218446	0.00398935	0.0181573	0.00533284	0.00195972	0.0918698	0.00176754	0.00552415	0.0092427	0.103114	0.027246	0.0111622	0.000748417	0.0110937
156	0.120826	0.00597453	0.00372117	0.00378341	0.0231429	0.00793813	0.0041664	0.129186	0.00294242	0.0643698	0.0198401	0.00214563	0.0151063	0.0062781	0.00677974	0.0141025	0.0411977	0.520588	0.000696375	0.00721501
157	0.0484349	0.0104149	0.0483934	0.0228241	0.00776545	0.0130955	0.016757	0.0270065	0.0832417	0.0102008	0.00451917	0.0954814	0.00668996	0.0365628	0.069741	0.167666	0.316433	0.00746729	0.000870097	0.00643489
158	0.0279309	0.00185523	0.0328626	0.321223	0.00157145	0.0148524	0.00675579	0.0189068	0.257193	0.0102814	0.0330855	0.0108486	0.00209715	0.0628298	0.0402934	0.0426761	0.081098	0.0292842	0.000742566	0.0036122
159	0.109657	0.0151925	0.00577537	0.0289907	0.0110016	0.0099751	0.0040624	0.0494041	0.116274	0.0123034	0.00642936	0.0271425	0.062907	0.0230977	0.0646018	0.0950575	0.301502	0.0435773	0.00297388	0.0100745
160	0.20801	0.0218172	0.00260472	0.00317986	0.00581093	0.00316235	0.00247236	0.0407096	0.00493237	0.0112452	0.0176637	0.0104477	0.00167986	0.00348061	0.00465901	0.28039	0.299577	0.074554	0.0010794	0.00252366
161	0.0575267	0.034431	0.00798249	0.0144939	0.00802917	0.00687533	0.0140667	0.0104997	0.0211763	0.0320312	0.00610757	0.0274963	0.156756	0.0167517	0.0318102	0.453424	0.0739556	0.0115098	0.00297263	0.0121035
162	0.0392357	0.00334248	0.000554794	0.00669663	0.0065587	0.00253181	0.000649538	0.096873	0.00359868	0.159276	0.0320441	0.00113482	0.00143402	0.00313337	0.0024142	0.00559184	0.014041	0.619335	0.000965596	0.000588482
163	0.0453993	0.00913247	0.359843	0.0315622	0.00424683	0.129238	0.0267008	0.0052938	0.0248969	0.0076108	0.00372129	0.0580796	0.00297665	0.00679861	0.00798998	0.228719	0.0335692	0.00634572	0.00215921	0.00571721
164	0.0897031	0.00635715	0.0139663	0.0614207	0.00849522	0.0484585	0.00412538	0.0319742	0.0512717	0.0398442	0.0682931	0.0164658	0.00217308	0.0280339	0.0443115	0.0392157	0.0682165	0.365406	0.00386537	0.00840229
165	0.00107254	0.000585761	0.0002163	0.000674727	0.0116885	0.000508086	0.00172382	0.027478	0.00104004	0.886513	0.0245291	0.000422392	0.000666424	0.00213118	0.00111844	0.00202611	0.00303413	0.0325134	0.000666603	0.0013915
166	0.00349485	0.00223259	0.000639491	0.00613001	0.0520052	0.00136998	0.00500392	0.347887	0.00464128	0.349978	0.0468903	0.00368793	0.000873065	0.00805106	0.0143852	0.0130509	0.0180985	0.118449	0.000959831	0.0021707
167	0.0531043	0.00987381	0.00353545	0.011894	0.00430381	0.00372625	0.00592149	0.0803037	0.0270164	0.019664	0.018586	0.0150722	0.0334142	0.00745234	0.101444	0.0472492	0.466012	0.0521513	0.0356764	0.00359919
168	0.00516769	0.00604163	0.0312092	0.0149199	0.00239844	0.01246	0.015673	0.00908222	0.0662248	0.00285718	0.00503594	0.735335	0.000524449	0.013544	0.00464774	0.056933	0.00748405	0.00112058	0.000331575	0.00900992
169	0.00204339	0.0018796	0.000755006	0.00191409	0.039106	0.000665647	0.00211508	0.0726338	0.00323149	0.788312	0.0202632	0.00101161	0.00217039	0.00420375	0.00305806	0.0045485	0.00402446	0.0433992	0.000522222	0.00414301
170	0.00385463	0.00106984	0.000834589	0.00304565	0.0284046	0.00150206	0.00252732	0.65095	0.00314641	0.105585	0.0390719	0.00566277	0.000649726	0.00394412	0.00521033	0.00594648	0.0173632	0.118629	0.000465158	0.00213641
171	0.0150134	0.00776149	0.0145468	0.035953	0.00320051	0.00917957	0.0135191	0.0253763	0.437355	0.0100694	0.0113946	0.0533232	0.00293077	0.0605074	0.198391	0.049611	0.0386136	0.0106822	0.000272613	0.00229907
172	0.0218632	0.00181034	0.00341535	0.0330792	0.000500478	0.876445	0.000503787	0.00585247	0.00852712	0.00275139	0.000454769	0.00210576	0.00222227	0.00764563	0.0211643	0.00196536	0.00276001	0.00550758	0.000227564	0.00119804
173	0.0205927	0.0040648	0.22099	0.269663	0.00192482	0.0449901	0.043708	0.00775174	0.0953829	0.00719878	0.00881408	0.128853	0.00368185	0.0340306	0.0239927	0.0370644	0.0187616	0.0210629	0.000644056	0.00682764
174	0.002159	0.00263123	0.000799427	0.00150492	0.0344045	0.00126241	0.00367776	0.0338614	0.00552804	0.828513	0.0227739	0.00187231	0.00674327	0.00521708	0.00311426	0.00451123	0.00296807	0.0332918	0.00084183	0.0043246
175	0.000875508	0.000958275	0.000389252	0.000603536	0.0191643	0.000580168	0.00206377	0.0206823	0.0020023	0.893349	0.0176023	0.000688286	0.00376256	0.00229059	0.00130763	0.00253031	0.00154466	0.0266489	0.000521483	0.00243459
176	0.0260078	0.00340505	0.00296124	0.00888503	0.00163761	0.0022791	0.0186323	0.00831081	0.0104103	0.029983	0.00522919	0.00611644	0.640998	0.0301801	0.0288361	0.129431	0.0223196	0.0187845	0.00353201	0.00206149
177	0.014424	0.0187599	0.0385976	0.0124686	0.0442161	0.00940001	0.00785784	0.0117266	0.0124995	0.0196312	0.00370597	0.0254423	0.00261586	0.00480705	0.0193249	0.638355	0.0703444	0.00895694	0.00351406	0.0333521
178	0.808681	0.00346685	0.01	0.00588339	0.00179968	0.0121242	0.000587567	0.00766781	0.000789828	0.00146495	0.00188327	0.00176121	0.00668136	0.00285544	0.00255441	0.0575541	0.0426771	0.0301805	0.000264373	0.00112328
179	0.00543816	0.0172425	0.00359456	0.012534	0.00944113	0.00357725	0.202937	0.0335233	0.00632308	0.428206	0.00656039	0.017701	0.0269501	0.0646333	0.0748272	0.0201733	0.00693953	0.0515974	0.00120629	0.00659384
180	0.00438958	0.00151492	0.000608367	0.00465348	0.0413565	0.00118092	0.00395631	0.433514	0.00396692	0.27524	0.0401873	0.00378666	0.000758042	0.00652944	0.0106898	0.00945657	0.0214197	0.133899	0.000578142	0.00231418
181	0.00383485	0.0735829	0.00760629	0.00332581	0.0199481	0.0090612	0.00896967	0.00303717	0.0208067	0.00925413	0.00270029	0.0055212	0.00685588	0.00943045	0.0234602	0.0184195	0.00540521	0.00857604	0.75541	0.00479414
182	0.0072034	0.00104169	0.000769702	0.00216511	0.0221414	0.0011787	0.00161356	0.648141	0.00187919	0.0815103	0.0290717	0.00497021	0.000434661	0.00256392	0.00317265	0.00467116	0.0192236	0.165108	0.000372106	0.00276788
183	0.00578213	0.0103072	0.00140615	0.00876949	0.00112683	0.00333649	0.00222272	0.00359875	0.0121255	0.00480652	0.00830421	0.014079	0.00101367	0.00170801	0.00225513	0.079031	0.823496	0.0129809	0.00254284	0.00110731
184	0.0682594	0.0256466	0.00640665	0.00561719	0.00945895	0.00665387	0.00152646	0.011472	0.00809818	0.0150905	0.00417992	0.00953175	0.00260848	0.00264682	0.00758497	0.599686	0.196018	0.0134063	0.000511386	0.00559699
185	0.00704174	0.018701	0.00554041	0.0124608	0.0134549	0.0100334	0.0143726	0.0198521	0.0562006	0.073474	0.0282463	0.0131826	0.00684153	0.0361038	0.58747	0.0354004	0.01571	0.0146345	0.0231215	0.00815777
186	0.0302055	0.00533788	0.00540195	0.0124998	0.00324566	0.00458035	0.0173496	0.0106958	0.0102481	0.0381137	0.0107269	0.0089059	0.632798	0.0257135	0.0198622	0.109931	0.0339279	0.014684	0.00278615	0.0029865
187	0.754838	0.00572228	0.0102799	0.00775896	0.00320249	0.016417	0.00249234	0.00855831	0.00227673	0.00491796	0.00268424	0.00328702	0.021287	0.00447071	0.00422563	0.0718626	0.0433235	0.0293648	0.000865538	0.00216449
188	0.765784	0.00508282	0.0100133	0.00680704	0.00341769	0.0139818	0.00132352	0.00995137	0.00252359	0.00241137	0.00282654	0.00354967	0.00683463	0.00331676	0.0042586	0.064359	0.0600644	0.0311527	0.000350078	0.00199092
189	0.752318	0.00646987	0.00843927	0.00476686	0.00293373	0.00947315	0.000721562	0.0108893	0.00155857	0.00219833	0.00483451	0.0032063	0.00568525	0.00365109	0.00253534	0.0757518	0.0682664	0.0345192	0.000241679	0.00153988
190	0.00347894	0.0191976	0.235756	0.00465464	0.00209102	0.0543827	0.068994	0.0041052	0.0230073	0.0123072	0.00245876	0.29279	0.00138914	0.0219368	0.0231006	0.202267	0.011758	0.00318468	0.000823828	0.0123167
