236	20
1	0.00823222	0.016817	0.00364468	0.00411879	0.398363	0.00277106	0.00404675	0.00377473	0.00420809	0.00547901	0.002919	0.00364746	0.0016808	0.00481699	0.00463767	0.00652123	0.0247574	0.0246409	0.00227159	0.472652
2	0.00897155	0.00151644	0.562431	0.100066	0.000982126	0.00942201	0.0120974	0.00219162	0.0353348	0.0037759	0.00180402	0.12952	0.00263023	0.0133352	0.00591649	0.0446268	0.0489858	0.00907911	0.000420595	0.00689205
3	0.0109298	0.00354189	0.00100946	0.00327826	0.12789	0.000844784	0.00287964	0.109436	0.00230117	0.457893	0.0832547	0.00108057	0.000777575	0.0027818	0.00260889	0.00290512	0.00242512	0.0888297	0.0126335	0.0826993
4	0.0130229	0.0020058	0.00154851	0.00179108	0.0209697	0.00200122	0.00208815	0.445862	0.00132245	0.206984	0.0307447	0.000692398	0.000395968	0.00403398	0.00119081	0.00238647	0.00444921	0.257957	0.000198401	0.000354851
5	0.173425	0.0572035	0.00260179	0.00468176	0.00354576	0.0039392	0.00234906	0.0427965	0.00288278	0.011485	0.00854185	0.00224675	0.00148108	0.00345608	0.00351202	0.104332	0.0609238	0.508348	0.000734653	0.00151327
6	0.0154256	0.00623075	0.00244824	0.00276555	0.0146601	0.00221046	0.00204753	0.396755	0.00133141	0.270082	0.0312706	0.000896583	0.00059525	0.00312136	0.001324	0.00736155	0.00466772	0.235681	0.00050017	0.000625009
7	0.534475	0.00319412	0.00224953	0.00243247	0.00202307	0.321148	0.00374051	0.00553546	0.0018734	0.00391126	0.00284241	0.00396362	0.00170031	0.00315164	0.00548725	0.073369	0.0173562	0.0101277	0.0005878	0.000831389
8	0.192447	0.00816108	0.0174998	0.0156698	0.00604775	0.489524	0.00696899	0.0149761	0.015883	0.0256448	0.0300067	0.0359958	0.00732693	0.0236895	0.0161611	0.0408571	0.0246555	0.0212	0.00422594	0.00305918
9	0.0478638	0.0237433	0.00132852	0.00172411	0.000970409	0.00825667	0.00273667	0.34334	0.00146183	0.29162	0.086464	0.00140366	0.000842776	0.0016437	0.001778	0.0435831	0.0169711	0.123089	0.000379816	0.000799613
10	0.64623	0.00775701	0.00233392	0.00395346	0.00342698	0.125251	0.0103833	0.0151233	0.00135596	0.00297447	0.00297876	0.00487531	0.00183492	0.00636345	0.0128422	0.0998084	0.0308604	0.0206783	0.000283362	0.00068553
11	0.243007	0.0886422	0.00397646	0.00515722	0.0032382	0.0570381	0.00386589	0.0134918	0.00601142	0.021871	0.0222401	0.00647655	0.00243748	0.00678551	0.00565554	0.286387	0.173751	0.0455055	0.00192396	0.00253894
12	0.709908	0.0103009	0.00244736	0.00214548	0.00176466	0.0540564	0.00469573	0.0138788	0.00103432	0.00925644	0.00670944	0.00223161	0.00247638	0.00335463	0.00736121	0.117052	0.0183972	0.0320743	0.000249083	0.000606166
13	0.037243	0.00623171	0.00700005	0.0561085	0.0520094	0.00575755	0.058701	0.0136173	0.168457	0.0425595	0.0156214	0.052868	0.00482489	0.0357888	0.283752	0.0180156	0.0214106	0.0899678	0.00149863	0.0285676
14	0.122801	0.00363004	0.00745751	0.0692688	0.0146778	0.00746462	0.0373589	0.0138366	0.231853	0.0164214	0.028864	0.0138848	0.00544033	0.0681574	0.24602	0.0368219	0.0236199	0.0288817	0.00688848	0.0166519
15	0.0207475	0.00319977	0.0102517	0.0160789	0.167741	0.00159905	0.192675	0.0117145	0.0223328	0.0689463	0.00783464	0.0311676	0.00807744	0.0241414	0.0416668	0.0317405	0.0291028	0.024863	0.00861112	0.277508
16	0.0209548	0.004119	0.0198687	0.0110751	0.000798011	0.782595	0.000915738	0.00347285	0.0150798	0.0173918	0.00424699	0.0564198	0.0004425	0.0255792	0.00490293	0.0120842	0.0137368	0.00193443	0.00382509	0.000557212
17	0.445991	0.00159826	0.014945	0.00593283	0.00211205	0.00265952	0.00294605	0.0157624	0.20338	0.00417864	0.0030398	0.00736809	0.0267326	0.0903108	0.0817827	0.0116223	0.0185965	0.0577505	0.001558	0.00173266
18	0.014651	0.0055207	0.0015151	0.0173077	0.00133017	0.0055937	0.02711	0.00595632	0.249071	0.00222503	0.00231966	0.0320369	0.00689283	0.0300356	0.363872	0.124761	0.0789513	0.0283448	0.00131182	0.00119332
19	0.145081	0.0162169	0.00111466	0.00558315	0.00542009	0.00537389	0.000933253	0.0497536	0.00123218	0.00786426	0.00252334	0.00113853	0.000815136	0.0014158	0.00162191	0.0498097	0.139912	0.563203	0.000282275	0.000705535
20	0.490661	0.0118239	0.0122915	0.00339217	0.00211369	0.0468196	0.0122004	0.0416625	0.00255621	0.182612	0.0225509	0.00284163	0.0128055	0.00303649	0.00336302	0.00517734	0.00448956	0.137526	0.000671453	0.00140594
21	0.0127429	0.00802676	0.00365999	0.00281387	0.00823713	0.00100677	0.000955593	0.348614	0.00133811	0.176809	0.00972959	0.000640449	0.000407123	0.00143141	0.00171701	0.00476184	0.0042382	0.411822	0.000157833	0.000890361
22	0.0386012	0.0289585	0.00588262	0.00138573	0.021988	0.00501153	0.00123267	0.266932	0.00504024	0.0491344	0.037037	0.00092064	0.00511358	0.00179227	0.00795198	0.00502547	0.0482955	0.468672	0.000256561	0.000767949
23	0.097266	0.0216029	0.209176	0.305431	0.00446583	0.0471578	0.0130749	0.00701916	0.0354306	0.0107874	0.00620623	0.0422269	0.00610819	0.0358528	0.0658181	0.0378655	0.03016	0.012817	0.00570866	0.0058251
24	0.101872	0.00276548	0.00716277	0.0815494	0.0281317	0.093353	0.0318665	0.00591615	0.078094	0.00825366	0.0262053	0.0312624	0.0858331	0.059785	0.143659	0.073937	0.0388965	0.073919	0.00301344	0.0245245
25	0.0847043	0.14433	0.024586	0.0294437	0.0414999	0.0184881	0.0191431	0.043657	0.0206621	0.152329	0.027976	0.0244386	0.130807	0.0290889	0.0321602	0.0410767	0.0492074	0.070531	0.00451877	0.0113514
26	0.0633295	0.0251402	0.0300372	0.0131971	0.0184059	0.00657624	0.00703147	0.220725	0.022494	0.0409501	0.0511271	0.00863562	0.00928055	0.0124799	0.0504969	0.017918	0.0454299	0.35023	0.00155971	0.00495552
27	0.134844	0.0104686	0.035138	0.0252138	0.00566436	0.0611648	0.00824093	0.0110719	0.0241768	0.0149091	0.0071851	0.088916	0.347325	0.024129	0.0192337	0.130399	0.0266426	0.0176031	0.0025033	0.00517068
28	0.0818887	0.00962698	0.0277984	0.0565615	0.013418	0.0237719	0.0314203	0.016607	0.25434	0.0298416	0.0117978	0.0406871	0.0113677	0.106063	0.125804	0.0485926	0.0656768	0.0273961	0.00441654	0.0129237
29	0.07227	0.0109723	0.033424	0.063978	0.0155871	0.019329	0.032538	0.019655	0.267395	0.0283853	0.0122958	0.0412476	0.0209999	0.0519853	0.14165	0.0546639	0.0588119	0.0329235	0.00444636	0.0174419
30	0.0320633	0.00837256	0.00143035	0.00146894	0.0132891	0.00609395	0.00434161	0.42296	0.00145318	0.208909	0.0472506	0.000886363	0.000581908	0.00298655	0.00185619	0.0139291	0.00822471	0.223101	0.000238654	0.000563258
31	0.0328621	0.00822207	0.0222829	0.0180037	0.0492994	0.00936102	0.0942269	0.0168746	0.0170047	0.0907236	0.194729	0.0249616	0.00720132	0.0265767	0.0215085	0.135935	0.0960653	0.0275891	0.00394059	0.102632
32	0.0200193	0.00189761	0.00353679	0.00407183	0.283585	0.0173048	0.038168	0.00783205	0.00514598	0.0341443	0.01686	0.00335261	0.00207521	0.00515193	0.00749654	0.0330667	0.0124519	0.0193185	0.340992	0.143528
33	0.0119365	0.00985757	0.0160836	0.0211667	0.173453	0.00089624	0.152814	0.015893	0.012738	0.0563228	0.0127076	0.0562356	0.00188151	0.0511638	0.0216766	0.0791577	0.0391793	0.0155598	0.00415745	0.247119
34	0.659995	0.0117437	0.00229075	0.00600129	0.00865338	0.0802205	0.0112619	0.0176256	0.00172895	0.003112	0.00226557	0.00811365	0.00252797	0.0103232	0.0233858	0.0642171	0.0589122	0.0263653	0.00035851	0.000897967
35	0.657767	0.019204	0.00448641	0.00165085	0.00135274	0.0508012	0.00252547	0.00985375	0.00133418	0.003571	0.0080414	0.00228433	0.00568712	0.0019298	0.0053909	0.196331	0.0108614	0.0159449	0.000371571	0.000610443
36	0.0546801	0.00389752	0.0868368	0.0213954	0.0395442	0.0203441	0.154694	0.0224327	0.00615158	0.0798126	0.0222066	0.071034	0.00217837	0.0262366	0.0245008	0.171369	0.125328	0.0602131	0.00156708	0.00557756
37	0.0403236	0.0095882	0.0121337	0.0250737	0.017976	0.00775598	0.0134323	0.225565	0.0679948	0.0491923	0.0207643	0.0157593	0.00997885	0.0187023	0.134901	0.0204103	0.0345671	0.260682	0.00599956	0.00919962
38	0.0334214	0.00339903	0.297824	0.282465	0.000968906	0.0214535	0.0165958	0.00150052	0.0355681	0.00662909	0.00355895	0.0897044	0.00536235	0.0738162	0.0189331	0.043956	0.058627	0.00424792	0.000736491	0.00123247
39	0.245588	0.00265875	0.089214	0.0803061	0.00372663	0.0876447	0.00646843	0.00570382	0.126056	0.0111527	0.0036319	0.0745648	0.00442322	0.051256	0.0336556	0.0774705	0.0578526	0.034766	0.00134707	0.00251244
40	0.0153913	0.00474163	0.0137787	0.0213205	0.186339	0.00110947	0.161602	0.0145659	0.0177183	0.0556155	0.00836703	0.0399093	0.00326757	0.0339027	0.0289798	0.0462816	0.0369125	0.0258519	0.00737143	0.276974
41	0.011722	0.00797633	0.00193613	0.000764202	0.00494891	0.000466616	0.000254806	0.341966	0.00146783	0.037508	0.00283573	0.000296253	0.000194263	0.000381933	0.0017927	0.00426291	0.00471923	0.575139	9.04141e-05	0.00127636
42	0.120071	0.00138708	0.0914516	0.111961	0.00139441	0.100821	0.0129106	0.00910768	0.209318	0.0153419	0.0016273	0.0133563	0.00736419	0.0818857	0.11425	0.0728939	0.0207763	0.0118942	0.00118866	0.000997139
43	0.0412772	0.00363536	0.0357452	0.0249967	0.0299843	0.0520461	0.0518835	0.00860204	0.129488	0.0135811	0.0113241	0.108174	0.0136073	0.0247886	0.182303	0.147186	0.0650556	0.0196506	0.00254866	0.0341225
44	0.0381075	0.0196518	0.00131191	0.00204703	0.00826637	0.00581102	0.00188597	0.27064	0.00178271	0.404394	0.0899389	0.0012219	0.0010719	0.00310007	0.00281485	0.0364279	0.0134867	0.0929126	0.0033083	0.00181904
45	0.0306473	0.00452791	0.0143164	0.0268325	0.00920605	0.00843849	0.125492	0.0103767	0.0441576	0.0163967	0.00667836	0.219496	0.00913379	0.08123	0.239853	0.0313059	0.0926627	0.0143315	0.00181518	0.013102
46	0.113878	0.00254553	0.0696937	0.0472582	0.00289826	0.376574	0.0124798	0.00394723	0.0143562	0.00513736	0.00391669	0.0721792	0.00157784	0.0481672	0.0343976	0.0629598	0.105079	0.00570635	0.015877	0.00137126
47	0.174107	0.0050038	0.00940427	0.00863946	0.0699064	0.105639	0.0372669	0.123536	0.00888438	0.0428803	0.00740902	0.0693072	0.0053923	0.00988439	0.0424978	0.0900384	0.0500811	0.0740316	0.0324591	0.0336311
48	0.0194806	0.00272801	0.00673174	0.00896286	0.263318	0.0106148	0.0839215	0.00992458	0.0121837	0.0392315	0.0144785	0.0113874	0.00284002	0.0125899	0.019901	0.031556	0.0219201	0.020939	0.201492	0.205799
49	0.0442243	0.0011256	0.0352787	0.091438	0.0233404	0.00211976	0.126934	0.0126762	0.0251222	0.0229987	0.00194447	0.0877538	0.0350719	0.173341	0.174431	0.0342658	0.0552528	0.00446758	0.00059776	0.0476156
50	0.0371523	0.00387692	0.0269913	0.0179394	0.001163	0.713743	0.00257266	0.00725897	0.013409	0.0152895	0.00744304	0.0587242	0.000771025	0.0325383	0.00839408	0.021898	0.0227402	0.00257891	0.00480282	0.000713908
51	0.024695	0.00283511	0.0133488	0.0182641	0.178158	0.00147321	0.145782	0.0145358	0.0305843	0.0521837	0.0147756	0.0241285	0.00301514	0.029732	0.0507037	0.0386779	0.0464756	0.0243799	0.0261737	0.260078
52	0.495068	0.00082753	0.00178506	0.00149782	0.00122752	0.398542	0.00193126	0.0023432	0.00172378	0.0018745	0.00211485	0.00289302	0.000896424	0.001835	0.00228177	0.064749	0.0131704	0.00402124	0.000384963	0.000832852
53	0.0145485	0.00506863	0.00142425	0.0210712	0.00126848	0.00678114	0.0257646	0.00679175	0.229147	0.00211047	0.0023615	0.0284857	0.00626675	0.0290924	0.370729	0.129837	0.0872246	0.0297003	0.0013438	0.000983159
54	0.0045805	0.00959814	0.00196547	0.0024183	0.697007	0.00156614	0.00197306	0.00269208	0.00222675	0.215416	0.00735726	0.00212304	0.00920957	0.00873964	0.00861022	0.00373853	0.0149795	0.00339065	0.000848474	0.0015597
55	0.0134235	0.000945028	0.00154022	0.00546539	0.18659	0.00137443	0.00536486	0.138668	0.00184076	0.214744	0.0583494	0.0014797	0.000852592	0.00210688	0.00233811	0.00298857	0.00330184	0.163897	0.00314281	0.191587
56	0.0460319	0.00144607	0.0049138	0.0605302	0.0104684	0.0241386	0.00700482	0.0149702	0.0631562	0.0149936	0.00526818	0.0259829	0.00328021	0.0307639	0.0870654	0.202765	0.386518	0.00765837	0.000819955	0.00222411
57	0.495532	0.000886606	0.00178466	0.00152281	0.00128762	0.397014	0.00198037	0.00242583	0.00172145	0.00186767	0.00210907	0.00297807	0.000909349	0.00188567	0.00238452	0.0648822	0.0134689	0.00414077	0.000378993	0.00083942
58	0.0731108	0.000777625	0.101116	0.225359	0.00094688	0.010145	0.00910761	0.0141163	0.221062	0.0141574	0.00095666	0.0281352	0.162191	0.018434	0.0484063	0.0331697	0.0196199	0.018081	0.000447444	0.000658896
59	0.0318227	0.00296313	0.00555638	0.00676362	0.00572193	0.00550497	0.376625	0.00575526	0.163581	0.00823961	0.00467091	0.139737	0.00294374	0.0277084	0.0772354	0.0322298	0.00922537	0.0285739	0.00171329	0.0634291
60	0.0335924	0.0249984	0.00498846	0.00168725	0.0290368	0.0036367	0.00185346	0.302241	0.00362637	0.0596203	0.0331086	0.00110947	0.00434511	0.00224458	0.00600456	0.00481223	0.0434152	0.438177	0.000344538	0.00115707
61	0.0410049	0.0521357	0.0072644	0.00181755	0.0236876	0.00346717	0.00105339	0.200526	0.00376216	0.0821022	0.0476727	0.00124356	0.00854066	0.0017196	0.00610373	0.00668472	0.0757018	0.434158	0.000472278	0.000881782
62	0.0106386	0.00144691	0.0013325	0.00159859	0.0151895	0.0018081	0.00200148	0.518108	0.00128659	0.167593	0.0243572	0.000774674	0.000367297	0.00326163	0.00111319	0.00217733	0.00340488	0.242957	0.000165918	0.000418476
63	0.688347	0.0158211	0.00270026	0.00234409	0.0016322	0.0523987	0.00399521	0.0112637	0.00145867	0.00368324	0.00656016	0.00208362	0.0028085	0.00319952	0.00672158	0.148568	0.0228871	0.0224805	0.00041854	0.000628272
64	0.0328049	0.0416987	0.00254724	0.00285595	0.0017362	0.00189088	0.00234035	0.0213025	0.00269866	0.0105724	0.00222153	0.00264222	0.0286878	0.00349168	0.00340616	0.0436033	0.587406	0.20578	0.000801359	0.00151295
65	0.059948	0.0044805	0.0188653	0.0123161	0.00137279	0.737697	0.00150151	0.0038785	0.0147755	0.0168412	0.00431077	0.0510213	0.00338891	0.0238438	0.00538229	0.0183908	0.0146908	0.00336659	0.00315622	0.000772248
66	0.192307	0.0345759	0.0203219	0.0420794	0.00716236	0.328268	0.00826643	0.00926293	0.0148339	0.0417889	0.0075409	0.0863694	0.00570359	0.0177395	0.0134315	0.0299529	0.0895307	0.0426776	0.00383139	0.0043551
67	0.0496136	0.00634638	0.00202877	0.0591571	0.0341977	0.00386018	0.0937445	0.00852458	0.177756	0.0272385	0.0205729	0.0191893	0.00396291	0.0449524	0.312008	0.0194501	0.0213977	0.0532048	0.000986761	0.0418084
68	0.35193	0.0124555	0.013782	0.0193733	0.00477875	0.0116976	0.00484683	0.00612473	0.00988043	0.0147253	0.00373354	0.0160176	0.379943	0.00814929	0.0259134	0.0223885	0.0636958	0.0270906	0.00118165	0.00229202
69	0.126781	0.00125652	0.0210467	0.0121703	0.0111579	0.00232563	0.0222798	0.079493	0.0485064	0.0814014	0.030248	0.0219315	0.0018083	0.0209326	0.0403885	0.137873	0.170979	0.149108	0.000644528	0.0196668
70	0.00547222	0.00148232	0.00247297	0.00296581	0.0634704	0.00203654	0.0231363	0.192494	0.0653234	0.113187	0.0440597	0.00288224	0.0213753	0.00365172	0.071984	0.00467084	0.0468948	0.238161	0.0440399	0.0502394
71	0.147292	0.00966323	0.00773151	0.0116974	0.0439623	0.00967629	0.00748551	0.0738702	0.00760001	0.275844	0.0488051	0.0084112	0.144166	0.0203999	0.0120025	0.0219122	0.021288	0.119514	0.00186815	0.00681021
72	0.00536511	0.0104645	0.0115557	0.0340303	0.0210269	0.0263495	0.0119417	0.695297	0.00244382	0.0353708	0.0634637	0.00213542	0.00148018	0.00291063	0.00310899	0.00810833	0.0313411	0.0313994	0.000705295	0.00150161
73	0.0098531	0.00341161	0.132726	0.0233209	0.0044603	0.00385941	0.0254461	0.0202621	0.00849324	0.00791206	0.00325148	0.110552	0.00240392	0.0218508	0.00709305	0.157411	0.403913	0.0479447	0.000969744	0.00486587
74	0.133741	0.0159853	0.0320419	0.0331736	0.0198799	0.0392471	0.0248574	0.0246224	0.0361831	0.0278385	0.0158025	0.0341013	0.0266137	0.0284766	0.0418688	0.27727	0.131389	0.0334124	0.00740911	0.0160869
75	0.0335913	0.00238481	0.473501	0.0460243	0.00352227	0.0468201	0.0125184	0.00466136	0.032715	0.00602515	0.00321911	0.164293	0.00748162	0.0196305	0.0106505	0.073804	0.0400943	0.0103589	0.00122446	0.0074804
76	0.0344609	0.00317074	0.320758	0.30662	0.00107789	0.0294762	0.0116345	0.00203534	0.0336033	0.00592896	0.00813843	0.0797896	0.00447863	0.0480963	0.0157355	0.0404432	0.047826	0.00429523	0.000976285	0.00145473
77	0.0210871	0.00338219	0.0022922	0.00479033	0.135083	0.00182425	0.00513716	0.255877	0.00277847	0.204985	0.054865	0.00147037	0.00451775	0.0031533	0.00344113	0.00439873	0.00765586	0.247869	0.00245981	0.0329325
78	0.024858	0.00859219	0.0130505	0.0142438	0.443858	0.0131404	0.0318022	0.0229779	0.0141269	0.10348	0.0152108	0.014149	0.00869922	0.0196696	0.0208982	0.0285312	0.0687305	0.0308963	0.0195298	0.0835553
79	0.152878	0.00433506	0.206722	0.36311	0.00147062	0.032626	0.0114555	0.002668	0.0282717	0.00336811	0.00267973	0.0324993	0.00141683	0.033639	0.0340606	0.0383096	0.0182511	0.0114413	0.0108774	0.00992027
80	0.00987201	0.00562799	0.00175683	0.00210874	0.0442576	0.00159484	0.00236018	0.112525	0.0126033	0.597027	0.0788615	0.00177072	0.0024194	0.00464658	0.00810618	0.00477847	0.00619868	0.0467049	0.0497697	0.00701028
81	0.0288771	0.00631434	0.201597	0.329589	0.000677753	0.0172967	0.0190973	0.000805777	0.0625547	0.00863258	0.00189909	0.10756	0.0101875	0.0418061	0.024021	0.0524713	0.0809037	0.00458476	0.000372607	0.000752475
82	0.120349	0.00152046	0.04309	0.399817	0.00184694	0.00301252	0.0356688	0.00256956	0.0730535	0.00382157	0.0117339	0.00398322	0.00161634	0.0542099	0.0137021	0.0781956	0.106859	0.0228115	0.00104527	0.0210933
83	0.043651	0.0181576	0.00376527	0.00925366	0.00780501	0.00516055	0.00385731	0.0392409	0.00573933	0.389931	0.135069	0.00429419	0.00752799	0.11517	0.0542875	0.0384777	0.0317171	0.0792028	0.00106568	0.00662681
84	0.12585	0.00868585	0.0302013	0.0175385	0.0088169	0.0693159	0.00874526	0.0118052	0.0144568	0.0175107	0.00724799	0.0621922	0.344256	0.0228133	0.014699	0.170018	0.035668	0.0224391	0.00207765	0.00566247
85	0.120583	0.00138662	0.0913466	0.111688	0.00137771	0.100072	0.0127138	0.00903262	0.209293	0.0150896	0.00170844	0.0131196	0.00757168	0.0825337	0.115466	0.0724756	0.0205787	0.011733	0.00121224	0.00101834
86	0.0141697	0.00599011	0.00151098	0.0171452	0.0012255	0.00559339	0.0275346	0.00585608	0.251043	0.00218132	0.00220343	0.0299273	0.00653408	0.0295101	0.363437	0.12728	0.0782922	0.0283052	0.00123524	0.00102621
87	0.145891	0.0153557	0.00104585	0.00566863	0.00520489	0.00519742	0.000946136	0.0499305	0.00123908	0.00802399	0.00252695	0.00107524	0.00081417	0.00143271	0.00158496	0.0498913	0.142296	0.560919	0.000253442	0.000702952
88	0.493569	0.0111221	0.0115694	0.0034514	0.00201242	0.0440981	0.0115198	0.0415502	0.00283424	0.178853	0.0226151	0.00278412	0.0119147	0.00317963	0.00322764	0.00527287	0.00462152	0.143713	0.000679074	0.0014124
89	0.0116509	0.0079463	0.00193782	0.000763254	0.00491011	0.000455148	0.000255285	0.34211	0.00147119	0.0375138	0.00279323	0.000295358	0.000180853	0.000375659	0.00179034	0.00425809	0.00460936	0.575313	9.12373e-05	0.00127836
90	0.0116509	0.0079463	0.00193782	0.000763254	0.00491011	0.000455148	0.000255285	0.34211	0.00147119	0.0375138	0.00279323	0.000295358	0.000180853	0.000375659	0.00179034	0.00425809	0.00460936	0.575313	9.12373e-05	0.00127836
91	0.0582157	0.00404963	0.019598	0.0138504	0.0015128	0.728403	0.00156023	0.00458241	0.0148998	0.0180985	0.00506134	0.0515869	0.00294182	0.0250158	0.00706842	0.0195086	0.0153786	0.00412462	0.00355965	0.0009843
92	0.494311	0.000829055	0.00179856	0.00153299	0.00135054	0.398611	0.00193378	0.00247283	0.00172426	0.0019046	0.0021149	0.00290457	0.000913161	0.00182749	0.00229201	0.0650084	0.0131653	0.00407927	0.000387948	0.000837909
93	0.193348	0.00719227	0.0194605	0.0138032	0.00623337	0.462801	0.00711811	0.0110691	0.0161805	0.0133875	0.00728727	0.0381154	0.0148482	0.0222108	0.0165681	0.100592	0.0324574	0.0108669	0.00319316	0.00326756
94	0.0182461	0.00557335	0.00493334	0.00982917	0.209132	0.0043527	0.0314553	0.075565	0.0100461	0.11958	0.0329559	0.00907853	0.00380298	0.0100816	0.0138582	0.013573	0.0181762	0.127214	0.0162078	0.266339
95	0.0154087	0.0105479	0.00254322	0.00104918	0.00869887	0.00105125	0.000629197	0.350011	0.00185369	0.0544148	0.010109	0.000652167	0.000849361	0.000989145	0.0022433	0.00454987	0.0120165	0.52093	0.000227523	0.0012252
96	0.495546	0.000848201	0.00177918	0.00150028	0.00121602	0.397829	0.0019382	0.00235387	0.00170861	0.00187797	0.00211996	0.00286422	0.00090368	0.00183988	0.00230716	0.0648333	0.0132673	0.00404885	0.000385088	0.00083321
97	0.0610286	0.0441232	0.00689386	0.00369112	0.022349	0.00398807	0.00154017	0.201592	0.00676695	0.0481257	0.0388051	0.00265522	0.0151005	0.00344568	0.00769629	0.00967113	0.0791956	0.441562	0.000436296	0.00133365
98	0.0739578	0.00765383	0.124164	0.301034	0.00715372	0.0220441	0.0252204	0.0104978	0.0619449	0.01853	0.00871724	0.0565045	0.0153612	0.0468529	0.0330888	0.0887012	0.0621548	0.0212372	0.00362588	0.0115553
99	0.00914028	0.0076936	0.00063505	0.00125416	0.0406479	0.000548436	0.000622039	0.105285	0.00265745	0.664891	0.0942491	0.000717542	0.000784921	0.00379379	0.00312361	0.00479685	0.00246463	0.0374853	0.0141555	0.00505374
100	0.712367	0.0105382	0.00243912	0.00210668	0.00187309	0.0548495	0.00451681	0.0130283	0.000901791	0.00392225	0.00545596	0.00225674	0.00228426	0.00336503	0.00774314	0.12438	0.0201651	0.0270448	0.000236409	0.000525985
101	0.0494512	0.00463583	0.0316568	0.0274289	0.00513464	0.433265	0.0154614	0.0099734	0.0246612	0.0179809	0.00809114	0.0826394	0.0258457	0.0828886	0.0239012	0.0992517	0.0385639	0.0117708	0.00370827	0.00369036
102	0.0234345	0.0164462	0.00341691	0.00123989	0.0228093	0.00277593	0.00131261	0.350366	0.00262359	0.104394	0.0375132	0.00068267	0.00273111	0.00272104	0.00381966	0.0032967	0.0307514	0.388888	0.000175621	0.000601402
103	0.00953004	0.00592008	0.000792341	0.00196548	0.0735295	0.000740672	0.0013503	0.0991651	0.00271486	0.627738	0.0973685	0.000867302	0.000860749	0.00367091	0.00435644	0.00355836	0.00224373	0.0422349	0.0136616	0.00773147
104	0.0832098	0.00150516	0.0141401	0.0149623	0.00202071	0.0245995	0.257381	0.00335813	0.026062	0.00381318	0.00243515	0.317496	0.00170009	0.123057	0.0407636	0.0567651	0.0191127	0.00482902	0.00075927	0.00203123
105	0.6486	0.00925291	0.0020667	0.00685538	0.00612443	0.0862464	0.0136723	0.0172437	0.00147913	0.00277923	0.0020923	0.00966099	0.0015033	0.0122188	0.0236968	0.0730704	0.0559731	0.0263581	0.000365151	0.000740698
106	0.0208482	0.000806854	0.00144542	0.00803257	0.260825	0.00134447	0.00795576	0.135325	0.0016034	0.245631	0.0868485	0.00169906	0.00198972	0.00247807	0.00275804	0.00314565	0.00307272	0.153971	0.00264897	0.0575698
107	0.138182	0.0141753	0.00112452	0.00523761	0.00473463	0.00460326	0.000982911	0.045422	0.00134934	0.00749966	0.00267293	0.0011844	0.00292146	0.0015814	0.0018143	0.0556193	0.177892	0.531963	0.000288929	0.000750791
108	0.0136417	0.0214295	0.118195	0.00940678	0.0276893	0.00669266	0.113712	0.00796268	0.02245	0.0335251	0.00805612	0.0385769	0.00300526	0.0103977	0.0276632	0.220752	0.276201	0.0161465	0.00112514	0.0233719
109	0.00914028	0.0076936	0.00063505	0.00125416	0.0406479	0.000548436	0.000622039	0.105285	0.00265745	0.664891	0.0942491	0.000717542	0.000784921	0.00379379	0.00312361	0.00479685	0.00246463	0.0374853	0.0141555	0.00505374
110	0.020259	0.000845296	0.00142423	0.00759033	0.264741	0.00124206	0.00745351	0.136655	0.0015679	0.240334	0.0867728	0.00150911	0.000945292	0.00214226	0.00252081	0.00281689	0.00277234	0.15651	0.00261699	0.0592807
111	0.0492521	0.0677829	0.0104845	0.00170755	0.0263836	0.0036646	0.00159818	0.196448	0.0039334	0.0417354	0.0532516	0.00161179	0.0113014	0.0020812	0.00682494	0.0100767	0.0729594	0.437317	0.000466374	0.0011196
112	0.042538	0.0102593	0.0134482	0.0221	0.0144506	0.0587829	0.0203097	0.0165445	0.120818	0.157803	0.0697828	0.0156197	0.00692385	0.118993	0.195669	0.0324146	0.0342689	0.0334435	0.00358323	0.0122468
113	0.132998	0.00288514	0.00458577	0.00583861	0.0977342	0.00347898	0.00429823	0.129894	0.00460271	0.212978	0.0470546	0.00490077	0.14078	0.0230476	0.00562906	0.0253623	0.0106488	0.13877	0.00104208	0.00347239
114	0.00933239	0.00771372	0.000653355	0.00141573	0.0401107	0.000568972	0.000744781	0.104591	0.00264005	0.66386	0.0953457	0.000735139	0.00086422	0.0039024	0.00327431	0.00519731	0.00269854	0.0373653	0.0139611	0.00502513
115	0.0630268	0.0026937	0.0133569	0.0547282	0.00810901	0.0322686	0.0401674	0.00733816	0.156058	0.00997432	0.0247693	0.0507956	0.0287576	0.0325251	0.213138	0.112299	0.103597	0.023786	0.013144	0.00946655
116	0.0695212	0.000886874	0.0294066	0.0393951	0.00400763	0.0713471	0.0345238	0.0058154	0.0927176	0.0129856	0.018671	0.0798587	0.0225595	0.0311862	0.0915901	0.204065	0.169237	0.0108618	0.00200418	0.00936035
117	0.00921518	0.00849175	0.00388538	0.00563773	0.633504	0.00243497	0.00645525	0.00920219	0.00398333	0.197019	0.0232588	0.00438386	0.00837487	0.0194205	0.0191236	0.00754453	0.0163009	0.0115634	0.00171639	0.00848414
118	0.0264025	0.00335686	0.269713	0.321055	0.000633945	0.0214436	0.0150919	0.000978781	0.0436732	0.00748917	0.00318405	0.103532	0.00637619	0.0468356	0.0167493	0.0454696	0.0629584	0.00393461	0.000387519	0.000734129
119	0.0892125	0.14379	0.0146963	0.0848547	0.00208077	0.00238852	0.0663213	0.0149219	0.0523162	0.00439931	0.00225669	0.00323608	0.00175147	0.133386	0.0274509	0.120216	0.184883	0.0378264	0.000715665	0.0132963
120	0.0117749	0.00796346	0.00193757	0.000762894	0.00490759	0.000455165	0.000269201	0.341541	0.00147278	0.0376411	0.0027964	0.000300926	0.00019781	0.000382202	0.00179709	0.00427041	0.00472355	0.57543	9.6405e-05	0.0012793
121	0.0129911	0.00198917	0.00153875	0.00175731	0.0209545	0.00198662	0.00206955	0.4462	0.00131939	0.206125	0.030821	0.000692127	0.000369703	0.0040601	0.001186	0.0023236	0.00445364	0.258622	0.000178822	0.00036127
122	0.0241954	0.00203842	0.00376337	0.00436755	0.291757	0.0156238	0.0272788	0.00911263	0.00426775	0.0377325	0.0282781	0.00360055	0.00225074	0.00481538	0.00612431	0.0342183	0.0122852	0.0231131	0.337206	0.127971
123	0.614283	0.0216058	0.00242516	0.00559906	0.00567323	0.0803728	0.00990583	0.0158388	0.00191182	0.00484777	0.00442611	0.00715069	0.0020077	0.00888883	0.0173435	0.0981652	0.0680812	0.0301278	0.000429799	0.000915633
124	0.0183793	0.00428507	0.0187529	0.010542	0.000647574	0.790684	0.000765455	0.00350285	0.015491	0.0181107	0.00436632	0.0548385	0.000449418	0.0257405	0.00458863	0.0107103	0.0122838	0.0019086	0.00342934	0.00052387
125	0.0136098	0.00542463	0.0147806	0.0218469	0.19356	0.000846491	0.163024	0.015844	0.0173205	0.0546678	0.0086669	0.0447498	0.00255998	0.0395227	0.0272365	0.053427	0.035979	0.0207931	0.00629172	0.259849
126	0.00970103	0.00659732	0.00186754	0.000889211	0.00397268	0.00055127	0.000359736	0.423265	0.00137555	0.0436704	0.00264768	0.000444297	0.000227023	0.000518481	0.00174738	0.00380602	0.00428256	0.492824	0.000117738	0.00113529
127	0.083145	0.00126629	0.012023	0.0670012	0.00149249	0.00187771	0.00212686	0.183515	0.0987284	0.0359538	0.0116179	0.0309153	0.0818236	0.0496257	0.0442427	0.0330242	0.043608	0.207255	0.000681009	0.0100762
128	0.146231	0.0152323	0.00107795	0.0056789	0.0052206	0.00526197	0.000944004	0.0495748	0.00124404	0.00788067	0.00251531	0.0010798	0.00080198	0.00139674	0.00159111	0.0500482	0.142067	0.561189	0.000252939	0.000712692
129	0.00533404	0.00140142	0.623925	0.0339888	0.00122359	0.00653851	0.0123794	0.00306642	0.0319196	0.0026196	0.00177086	0.141146	0.00133678	0.00596629	0.0028488	0.0542574	0.0481795	0.012204	0.000520644	0.00937304
130	0.0109709	0.00755289	0.00192161	0.000824894	0.00464491	0.000452401	0.000277358	0.36713	0.00144702	0.040081	0.00283888	0.000291456	0.000189982	0.000427968	0.00181547	0.00406281	0.00465671	0.549082	9.76159e-05	0.0012345
131	0.0146893	0.00463587	0.0128542	0.0190521	0.204825	0.00114425	0.166519	0.0140428	0.0160694	0.0634016	0.00880213	0.0363441	0.00344587	0.033405	0.0275781	0.0482491	0.0326853	0.019626	0.00967686	0.262954
132	0.596056	0.0410447	0.00277173	0.0016324	0.00118916	0.0437424	0.00183974	0.00849749	0.00154231	0.00493925	0.0126823	0.00138122	0.00337814	0.00182595	0.00348955	0.230254	0.0261235	0.0164986	0.000371055	0.000740373
133	0.0127354	0.00667279	0.00322359	0.00328832	0.00952873	0.0012589	0.00122729	0.365495	0.00125737	0.187207	0.0132561	0.000632537	0.000451305	0.00181022	0.00158076	0.00537162	0.00414777	0.379899	0.000173998	0.00078227
134	0.322373	0.00415673	0.0129483	0.00929976	0.00314651	0.484413	0.00371985	0.00584993	0.00987643	0.0101346	0.00521364	0.0232986	0.00284367	0.0127641	0.00780494	0.0524867	0.0188705	0.00737151	0.00184997	0.00157748
135	0.0399755	0.00362861	0.385548	0.239003	0.00223915	0.0184666	0.0145096	0.00465663	0.0383241	0.0103353	0.00573783	0.0770188	0.00679205	0.0397239	0.0170563	0.0425044	0.0388501	0.00861264	0.00143991	0.00557807
136	0.0500583	0.0309819	0.013275	0.0126658	0.0200295	0.0109011	0.0133542	0.109162	0.014849	0.0636969	0.156547	0.0114251	0.0118999	0.016139	0.0181273	0.030152	0.0960421	0.307802	0.00349462	0.00939708
137	0.542124	0.00535846	0.00679538	0.00601848	0.00251384	0.260521	0.00571592	0.00825942	0.00845631	0.00772103	0.00370773	0.00835983	0.00235027	0.00683481	0.00966426	0.0773103	0.0218368	0.0151065	0.000525613	0.000820126
138	0.0100286	0.00238676	0.00139549	0.00141087	0.012444	0.00152531	0.00161912	0.502224	0.0013672	0.137065	0.019083	0.000719176	0.000314698	0.00267376	0.00126259	0.00250069	0.00366111	0.297564	0.000201467	0.000552998
139	0.328621	0.00231282	0.0157888	0.0373803	0.00282774	0.0116994	0.00565032	0.0136364	0.252972	0.00723098	0.00762058	0.0264167	0.0129773	0.0784808	0.0959867	0.0447565	0.0224012	0.0242457	0.00677343	0.00222105
140	0.244382	0.0231989	0.0138429	0.0377526	0.00925232	0.0282185	0.0193869	0.0176213	0.0314607	0.0193391	0.0139386	0.0223167	0.010496	0.0744196	0.030665	0.0933277	0.25833	0.0382204	0.00593896	0.00789136
141	0.334954	0.00402178	0.00970214	0.00712822	0.00178026	0.489292	0.00280178	0.00520604	0.00742748	0.00847983	0.00346285	0.0223733	0.00264847	0.011492	0.00614907	0.0531784	0.0193528	0.0074866	0.00190187	0.00116116
142	0.259483	0.00907469	0.0301272	0.0405245	0.015678	0.155522	0.0190671	0.0204702	0.0543777	0.0208106	0.0132277	0.0303971	0.0165277	0.0333662	0.112578	0.0755205	0.0472618	0.0327787	0.00440243	0.00880508
143	0.0155898	0.0174673	0.00263485	0.0148152	0.0340223	0.00330922	0.0534415	0.00374073	0.266247	0.0852801	0.00636726	0.0112186	0.00145934	0.075837	0.286802	0.00659125	0.054493	0.0219706	0.00076751	0.0379463
144	0.0231063	0.00886607	0.0025454	0.00329609	0.0329958	0.00295352	0.00288218	0.306847	0.00260297	0.294179	0.0500418	0.00127678	0.00276399	0.00387463	0.00324748	0.0113044	0.00987575	0.226691	0.00372152	0.0069288
145	0.600909	0.0395256	0.00285495	0.00174453	0.00114153	0.0426103	0.0020024	0.00785611	0.00150912	0.00453193	0.0133615	0.00133715	0.00361776	0.00175333	0.00365755	0.233651	0.0213781	0.0153978	0.000411575	0.000749158
146	0.0357066	0.00430675	0.253057	0.291815	0.00128379	0.0164963	0.028878	0.00168477	0.0417405	0.0130127	0.00251065	0.113823	0.00650843	0.0376955	0.0305223	0.0569026	0.056541	0.00511651	0.000727446	0.00167187
147	0.0418303	0.0104619	0.0120301	0.0398328	0.0268475	0.0108194	0.106949	0.016375	0.137096	0.0336318	0.0164864	0.0454419	0.00993004	0.0487413	0.274088	0.045246	0.0520695	0.0355442	0.00344222	0.0331372
148	0.015371	0.00721977	0.00200571	0.00216356	0.0160876	0.00181355	0.00164586	0.36177	0.00154728	0.275265	0.0345612	0.000758376	0.00070563	0.00272032	0.00149763	0.00668893	0.00525506	0.259938	0.00170469	0.00128095
149	0.011252	0.0111297	0.00685588	0.00948803	0.329404	0.00273804	0.0507305	0.00947675	0.00924219	0.0265666	0.00668721	0.0137584	0.00232671	0.0139116	0.0128115	0.0200374	0.0270022	0.0260112	0.0204361	0.390134
150	0.0289938	0.00416571	0.022374	0.0146383	0.00131666	0.74742	0.00131366	0.00406178	0.013515	0.0178677	0.00493386	0.0682147	0.000509082	0.0256315	0.00554085	0.0169026	0.0157342	0.0027357	0.00352549	0.000605182
151	0.397332	0.00269571	0.0621665	0.0273616	0.00268958	0.0236528	0.00379606	0.00441362	0.0412044	0.111595	0.0207262	0.0300619	0.002709	0.023934	0.0957415	0.0967232	0.0255391	0.0241049	0.00124031	0.00231212
152	0.0284419	0.0176639	0.00201297	0.0328652	0.0383255	0.00200372	0.0953225	0.00486989	0.272563	0.0548821	0.00946613	0.020999	0.00130697	0.0499394	0.250983	0.0103398	0.0292735	0.0292277	0.000622505	0.0488917
153	0.0524194	0.00734988	0.00320008	0.0198088	0.0288162	0.00294447	0.00347551	0.0719454	0.00418119	0.408684	0.169803	0.00356349	0.0238325	0.0339157	0.0171794	0.0160688	0.0360584	0.0779196	0.00275657	0.0160779
154	0.00510758	0.00131688	0.627623	0.0332191	0.00121042	0.00640627	0.0124407	0.00306134	0.0316293	0.00259396	0.00165257	0.140301	0.00124059	0.00609041	0.00270251	0.0541889	0.0471167	0.0122361	0.000454968	0.00940796
155	0.0271609	0.00654408	0.0157619	0.0313388	0.156212	0.00360296	0.114517	0.01601	0.0149297	0.0706256	0.0252982	0.0314443	0.00341457	0.0463777	0.025822	0.0754723	0.0611531	0.0195765	0.00779858	0.24694
156	0.0247302	0.00509771	0.208567	0.329033	0.000589771	0.0187688	0.0193138	0.000709803	0.057229	0.00926255	0.00185545	0.115325	0.00860687	0.041562	0.0208459	0.0529222	0.0801068	0.00465748	0.000276138	0.00054151
157	0.0118473	0.00793225	0.00200024	0.000775239	0.00524408	0.000473489	0.000270654	0.34184	0.00148835	0.0376833	0.00325092	0.000284328	0.0002028	0.000390777	0.00185049	0.00426501	0.00480502	0.573958	9.37997e-05	0.00134405
158	0.331766	0.028826	0.03954	0.0122271	0.00539778	0.0155665	0.00518241	0.00670275	0.00597214	0.0128882	0.004716	0.0439272	0.375242	0.00855908	0.0161774	0.0319693	0.0329684	0.0177032	0.00152443	0.00314373
159	0.0454439	0.00239638	0.00223919	0.00311734	0.00181488	0.00201904	0.00219069	0.00240443	0.00315959	0.0033028	0.0124875	0.00282845	0.00135529	0.0094466	0.00944781	0.366564	0.523259	0.00378964	0.00133041	0.00140299
160	0.125268	0.0229448	0.00342639	0.00519611	0.00969435	0.00536735	0.00213443	0.106715	0.00402089	0.0235964	0.0149251	0.0046324	0.00425397	0.002979	0.0061821	0.0377329	0.115061	0.504046	0.000550408	0.00127326
161	0.0143625	0.00870122	0.00297067	0.00091934	0.00765163	0.00113664	0.000519247	0.345115	0.00177476	0.0430403	0.00988538	0.000346722	0.000533681	0.000759063	0.00314862	0.00410076	0.00801716	0.545726	0.000109512	0.00118163
162	0.0308886	0.0046841	0.00954038	0.0131813	0.29207	0.0154188	0.0371068	0.0727406	0.0181448	0.0563243	0.0199496	0.0135427	0.00570401	0.0157848	0.0234931	0.0306214	0.064365	0.0472165	0.145081	0.0841419
163	0.357619	0.0634576	0.00340511	0.00444196	0.00349687	0.0613429	0.00520351	0.0188018	0.00431461	0.0128639	0.0142573	0.00565664	0.00213306	0.00682494	0.00863399	0.255519	0.136906	0.0318781	0.00153438	0.00170867
164	0.0443013	0.0106603	0.0404449	0.115278	0.047596	0.0152429	0.173356	0.0259963	0.0383298	0.121095	0.0202336	0.0326921	0.013126	0.044042	0.0505304	0.0500266	0.0461199	0.0395043	0.00520398	0.0662207
165	0.117242	0.00650302	0.0368173	0.0186993	0.0106158	0.111241	0.0103364	0.0102501	0.0176815	0.011188	0.00715445	0.0671911	0.319927	0.0265018	0.0214956	0.156423	0.0264491	0.0170953	0.00203796	0.00515104
166	0.273847	0.00595308	0.00817943	0.0412162	0.00404714	0.0057393	0.00476938	0.00633081	0.00563013	0.0274333	0.00399934	0.00976087	0.385738	0.00646767	0.0135709	0.0288364	0.107783	0.0567396	0.00157887	0.00237963
167	0.0478638	0.0237433	0.00132852	0.00172411	0.000970409	0.00825667	0.00273667	0.34334	0.00146183	0.29162	0.086464	0.00140366	0.000842776	0.0016437	0.001778	0.0435831	0.0169711	0.123089	0.000379816	0.000799613
168	0.497211	0.000938741	0.00179054	0.00155494	0.00129168	0.394916	0.00204203	0.00250252	0.00170762	0.00187622	0.00214533	0.00297182	0.000881422	0.0019238	0.00247422	0.0648233	0.0134434	0.00428438	0.000382603	0.000838393
169	0.16295	0.0434638	0.00415385	0.00532899	0.00334448	0.00728878	0.00410448	0.00620321	0.0224188	0.00743609	0.0237473	0.0225716	0.00280612	0.0294268	0.0102949	0.14725	0.465441	0.00991418	0.0189118	0.00294423
170	0.0116509	0.0079463	0.00193782	0.000763254	0.00491011	0.000455148	0.000255285	0.34211	0.00147119	0.0375138	0.00279323	0.000295358	0.000180853	0.000375659	0.00179034	0.00425809	0.00460936	0.575313	9.12373e-05	0.00127836
171	0.0443714	0.00219934	0.00227102	0.00305559	0.0017363	0.00197486	0.00210305	0.00241896	0.00304162	0.00323629	0.012318	0.00269609	0.00138655	0.00938862	0.0091619	0.366845	0.525523	0.00376237	0.00119095	0.00131908
172	0.102912	0.0216494	0.0314019	0.30268	0.00439457	0.00795573	0.031806	0.00951037	0.0494063	0.00887523	0.00930008	0.0125403	0.00452527	0.124442	0.0203195	0.0859636	0.132853	0.0239272	0.0013962	0.0141412
173	0.0811807	0.000753249	0.0992682	0.236951	0.00113411	0.0106323	0.0115875	0.0140447	0.202972	0.0162096	0.00120209	0.0257598	0.16122	0.0212948	0.0434604	0.0309644	0.0204589	0.0197343	0.000486123	0.000685665
174	0.068955	0.00161194	0.0680251	0.479241	0.00191617	0.00703092	0.0120267	0.00805874	0.0235402	0.00364419	0.00743067	0.00231423	0.00129983	0.271385	0.00827712	0.00469293	0.00508775	0.0235084	0.000559442	0.00139447
175	0.607425	0.0124691	0.00702772	0.0087578	0.00529979	0.0982507	0.00651494	0.0152795	0.00921201	0.0152044	0.00725481	0.00774946	0.00839777	0.00883316	0.0133012	0.100227	0.0285176	0.0369977	0.00116749	0.00211351
176	0.0227073	0.00140403	0.0124928	0.0528861	0.00226692	0.00180135	0.0113795	0.284081	0.14183	0.0329605	0.013111	0.0131674	0.00264887	0.0238137	0.188231	0.00543054	0.0149456	0.172673	0.000590781	0.00157918
177	0.0559628	0.00219095	0.397701	0.335443	0.00114361	0.0205868	0.00485875	0.00219637	0.0282563	0.0034191	0.00410669	0.0432257	0.00117056	0.0253365	0.0111167	0.0410938	0.0130331	0.00418917	0.00205689	0.00291243
178	0.129796	0.00157298	0.0669504	0.0356171	0.0019973	0.0142435	0.00272482	0.00286908	0.114052	0.00350738	0.00193033	0.417171	0.0014906	0.112047	0.0144652	0.0566048	0.0162039	0.00472932	0.000574942	0.00145263
179	0.0112945	0.00752695	0.00201044	0.000904413	0.00551395	0.000450848	0.000267609	0.348535	0.00152044	0.0476149	0.0039869	0.000302112	0.000179157	0.000502986	0.00168227	0.00414004	0.00461182	0.557655	9.12533e-05	0.00120855
180	0.0348005	0.00181291	0.0212851	0.0450299	0.00291134	0.0166633	0.0342536	0.00467392	0.194684	0.0200204	0.0072594	0.0897692	0.00663438	0.070428	0.107326	0.0718567	0.252973	0.00786932	0.00225349	0.00749513
181	0.037562	0.0556349	0.0059521	0.00180547	0.0188203	0.00313841	0.001284	0.209464	0.00328732	0.0368568	0.0357662	0.00139129	0.00721249	0.0017615	0.00522539	0.00614633	0.0911992	0.476032	0.000413228	0.00104682
182	0.00933066	0.00145437	0.00632125	0.0458076	0.00147547	0.00202233	0.0264542	0.00255441	0.227528	0.0296953	0.00192835	0.0947151	0.00131796	0.124623	0.0874372	0.0490912	0.273528	0.00376288	0.000669473	0.0102835
183	0.0875837	0.0108587	0.00284654	0.00796753	0.00327696	0.00422219	0.00313244	0.00420727	0.0113536	0.00497913	0.0129349	0.00801362	0.00178646	0.0223697	0.021907	0.317798	0.46324	0.00503123	0.00476399	0.0017263
184	0.0778797	0.000810869	0.0172015	0.0450688	0.00449717	0.0588285	0.0240458	0.00937861	0.0974005	0.0136613	0.0153606	0.0639671	0.0137021	0.0376326	0.108471	0.216662	0.17335	0.014856	0.00155561	0.00567031
185	0.021835	0.00268887	0.00475165	0.00589421	0.305001	0.0163919	0.0338706	0.015993	0.00812764	0.0396594	0.0188814	0.00605861	0.00297858	0.00742809	0.0112419	0.0315638	0.019874	0.0243156	0.299227	0.124217
186	0.155601	0.00262296	0.00565695	0.010384	0.00388173	0.00399736	0.00471909	0.0969581	0.0504923	0.0130433	0.0059789	0.0873357	0.0283816	0.00988276	0.0606836	0.0555513	0.218458	0.180902	0.00128095	0.004189
187	0.119181	0.00419301	0.0319114	0.00488989	0.00418504	0.0988828	0.00437304	0.00518749	0.00487772	0.00521621	0.00323855	0.0908748	0.354002	0.0249412	0.00638686	0.215383	0.0124241	0.00623859	0.0010036	0.00261006
188	0.0234416	0.00924979	0.00322526	0.006214	0.0178457	0.00435835	0.00480792	0.065114	0.00573063	0.534555	0.165787	0.00480416	0.0037485	0.0182182	0.0145835	0.0501039	0.0160697	0.0403996	0.0054838	0.0062593
189	0.0148269	0.00512689	0.0145424	0.021259	0.195595	0.000833004	0.158532	0.0153725	0.0169298	0.0586933	0.00929044	0.04044	0.00255085	0.0376837	0.0287062	0.0520125	0.03619	0.0200737	0.00720373	0.264138
190	0.0114998	0.0118338	0.0223739	0.0185159	0.16931	0.00115852	0.153261	0.0137833	0.0118212	0.0479296	0.0108978	0.0440886	0.00190756	0.0513225	0.0223472	0.100321	0.04607	0.0139881	0.0035803	0.243991
