383	20
1	0.265429	0.366061	0.00125689	0.00345867	0.00204389	0.0220243	0.00127106	0.0582891	0.00183868	0.0228021	0.00795653	0.00198869	0.000778188	0.00149978	0.00177457	0.0422897	0.0546278	0.142975	0.000627473	0.00100714
2	0.0723424	0.269882	0.00849435	0.00971035	0.0866123	0.112017	0.00929169	0.0686884	0.0126647	0.0202272	0.0539561	0.0154986	0.0062319	0.0103128	0.0171829	0.0381549	0.0285406	0.146312	0.00491042	0.0089692
3	0.0128847	0.00541735	0.00149606	0.000720826	0.0247794	0.00103084	0.0032633	0.319277	0.00210927	0.320282	0.0746378	0.00561671	0.00154862	0.000652178	0.00233966	0.0028976	0.00685988	0.211176	0.00157798	0.0014319
4	0.0228693	0.00765029	0.061234	0.0177058	0.00487695	0.684907	0.00654419	0.00427144	0.0193923	0.0115131	0.00463066	0.0639615	0.0042893	0.0151762	0.011424	0.0312281	0.0168025	0.0065049	0.00121403	0.00380434
5	0.573438	0.0288012	0.0122332	0.0179973	0.0067125	0.0330667	0.00525473	0.0135438	0.0165286	0.00946127	0.00554363	0.011602	0.00535282	0.00981797	0.0143085	0.134047	0.0590793	0.0376499	0.00234132	0.0032205
6	0.0271208	0.00717788	0.0621762	0.0173421	0.00487223	0.698102	0.00411722	0.00383734	0.0135947	0.010898	0.00534905	0.0633054	0.00339323	0.0129428	0.00630691	0.0322342	0.0156974	0.00814921	0.00115553	0.0022278
7	0.0291408	0.0162307	0.00912684	0.0050125	0.19677	0.00825957	0.123771	0.00520818	0.00917966	0.0253924	0.0143899	0.0212051	0.00378015	0.0111816	0.0147107	0.0475766	0.0204581	0.0197434	0.0799257	0.338937
8	0.0522518	0.0282381	0.00601281	0.00641694	0.01349	0.00538103	0.00533214	0.337267	0.0107705	0.0975595	0.0248192	0.00869006	0.00332697	0.00667808	0.0122868	0.0205034	0.0352802	0.318714	0.00194287	0.00503859
9	0.0277286	0.00612559	0.0617167	0.0165118	0.00460007	0.698377	0.00476812	0.00309878	0.0163776	0.0109464	0.00464869	0.062293	0.00333986	0.0136952	0.010187	0.0286628	0.0160122	0.00679938	0.0008417	0.00326947
10	0.313347	0.0374019	0.0186012	0.0277275	0.0106978	0.107424	0.0151948	0.0245582	0.0193503	0.0190475	0.0129503	0.0220355	0.0100757	0.0170003	0.0271416	0.157372	0.0697466	0.0763323	0.00314246	0.0108522
11	0.109289	0.0145927	0.0239414	0.0172023	0.00985236	0.020822	0.0117297	0.0104554	0.026796	0.0723071	0.0107426	0.0372358	0.261671	0.0160314	0.0224058	0.222007	0.0815321	0.0170086	0.00495145	0.00942499
12	0.1499	0.0348487	0.0232499	0.0325764	0.00969243	0.0440226	0.056294	0.011188	0.0301177	0.0120702	0.00960123	0.0231516	0.0143695	0.0173446	0.0422579	0.250421	0.17963	0.0292406	0.00532561	0.0246975
13	0.289576	0.194615	0.00727653	0.00785997	0.00729307	0.021806	0.00619732	0.0499402	0.0139106	0.0412689	0.0542609	0.0147651	0.00477955	0.00873079	0.0145838	0.172112	0.0357905	0.0479344	0.00274763	0.00455163
14	0.592614	0.0248365	0.0010255	0.00120203	0.000780364	0.0158914	0.00100513	0.0218089	0.00157927	0.00841167	0.00146602	0.00191256	0.000899902	0.00130597	0.00289755	0.117896	0.151481	0.0516832	0.000409269	0.000893897
15	0.0135177	0.00271425	0.00122213	0.000893909	0.0129356	0.000825755	0.00123623	0.501323	0.00400442	0.0794849	0.157248	0.00165657	0.000544253	0.00102188	0.00222152	0.00314021	0.0182161	0.192344	0.00037172	0.00507788
16	0.0129341	0.00413128	0.00139541	0.000894092	0.0214851	0.000770514	0.00148802	0.384289	0.00257419	0.23661	0.168412	0.00313058	0.000472697	0.000835516	0.00155036	0.0026845	0.0120821	0.139716	0.000452329	0.00409298
17	0.591244	0.02755	0.01016	0.0163523	0.00584095	0.0334385	0.00660801	0.0145954	0.0119221	0.0138667	0.00573683	0.00862673	0.00919532	0.00888384	0.014762	0.128325	0.0498285	0.0357704	0.00313538	0.00415804
18	0.0638754	0.0270081	0.0539724	0.0504163	0.0326299	0.00826301	0.0642532	0.0348767	0.0752026	0.164056	0.0451373	0.032584	0.00911886	0.0507151	0.0577055	0.0686411	0.0328779	0.0423363	0.012561	0.0737698
19	0.0300411	0.00692636	0.0123992	0.0417729	0.0275757	0.00912774	0.150819	0.00398404	0.127433	0.0192278	0.0210076	0.122061	0.00406033	0.124356	0.162096	0.0320281	0.0142796	0.00471793	0.000910505	0.0851759
20	0.13805	0.296069	0.0141172	0.00918011	0.0100924	0.0111616	0.00968243	0.014272	0.0111833	0.0148673	0.050362	0.187162	0.0070522	0.0111532	0.01227	0.114431	0.0574601	0.0200642	0.0049619	0.00640845
21	0.0603481	0.0131146	0.0329054	0.0434051	0.00726936	0.0724202	0.0203065	0.00706635	0.033112	0.0143884	0.00852658	0.0606258	0.412648	0.0502515	0.0370125	0.0808748	0.0229413	0.0129007	0.00328149	0.00660149
22	0.0409964	0.00223812	0.380144	0.156653	0.00375563	0.00633387	0.117461	0.00269775	0.0377742	0.00628408	0.00238511	0.043257	0.0172922	0.0667375	0.0198896	0.0603542	0.0165389	0.00379723	0.00064076	0.0147697
23	0.00817265	0.00696854	0.00101484	0.000289669	0.000678398	0.000341064	0.00173556	0.549526	0.000499892	0.0771852	0.0122122	0.00064339	0.000573228	0.000315872	0.000376644	0.00604183	0.00660685	0.325358	0.000123314	0.00133647
24	0.0176785	0.00940822	0.00235896	0.0762004	0.00754998	0.00346458	0.0381254	0.0416873	0.229516	0.0293766	0.0056068	0.0468291	0.0088421	0.235072	0.12704	0.0341209	0.0580081	0.0243574	0.00058437	0.00417306
25	0.0274808	0.0204114	0.00483229	0.00460226	0.233781	0.0107489	0.0137083	0.222082	0.0107535	0.0990779	0.0273054	0.0104856	0.00530803	0.00685617	0.0107477	0.0199393	0.0180245	0.194952	0.0187983	0.0401051
26	0.0648543	0.0267891	0.00226434	0.0337715	0.00191335	0.0022028	0.031948	0.0190137	0.0453965	0.0353812	0.0232765	0.0385012	0.00177358	0.0341662	0.048211	0.037449	0.448771	0.10191	0.000847398	0.001559
27	0.00861311	0.00590137	0.000836975	0.000442031	0.0088658	0.000820068	0.00255314	0.490019	0.00123154	0.114287	0.025968	0.00240737	0.00101737	0.000508012	0.000770922	0.00425909	0.00563959	0.323197	0.00114855	0.00151346
28	0.113925	0.0459426	0.00300895	0.00338712	0.0253575	0.00482039	0.00150077	0.12821	0.00675235	0.0825798	0.026509	0.00472487	0.000914187	0.00641581	0.00990691	0.0181241	0.0813	0.435004	0.000613204	0.00100343
29	0.0539232	0.0154406	0.287795	0.111826	0.0131274	0.0241578	0.0242735	0.0249511	0.0429235	0.0338892	0.0171703	0.0794656	0.0114384	0.0347324	0.0315669	0.0644015	0.0401857	0.0691289	0.00555373	0.0140492
30	0.0133709	0.00422363	0.0557986	0.00463442	0.0110343	0.00456459	0.00838536	0.312858	0.0956451	0.146572	0.0470757	0.00949162	0.00430659	0.00542977	0.126647	0.0311253	0.0273	0.0864223	0.00206785	0.00304695
31	0.0563575	0.0301148	0.13162	0.00435613	0.025666	0.0100096	0.0050436	0.0035885	0.00516923	0.00557453	0.0102536	0.347445	0.0035759	0.00498317	0.0054117	0.281916	0.0272008	0.00520287	0.0340525	0.00245791
32	0.148934	0.00207538	0.109322	0.213466	0.000369521	0.042005	0.0319761	0.00716891	0.0512664	0.0143467	0.00904805	0.0447011	0.0202711	0.068829	0.0487312	0.139311	0.0254356	0.015667	0.00448274	0.00259363
33	0.0174864	0.00628458	0.00836346	0.0359759	0.0075405	0.0154124	0.0248399	0.013317	0.303573	0.0290717	0.00543554	0.0449663	0.00909858	0.129823	0.284522	0.0208302	0.0185076	0.0181561	0.00185123	0.00494423
34	0.00704224	0.00606053	0.000795817	0.000549038	0.00189605	0.000631939	0.00148169	0.616187	0.000813665	0.0567145	0.0101157	0.00103786	0.000645007	0.00055808	0.000757025	0.00430417	0.00779916	0.281291	0.0003235	0.000995644
35	0.238933	0.0149867	0.219015	0.0341521	0.00235865	0.00324818	0.00317202	0.0149212	0.124332	0.00386421	0.00261945	0.0999262	0.00178065	0.0375773	0.0652014	0.0561201	0.0707128	0.00389427	0.00109508	0.00208886
36	0.157837	0.00851951	0.068574	0.123182	0.00551973	0.0324005	0.0201465	0.0127573	0.172216	0.0192886	0.0122256	0.0327851	0.0041087	0.131741	0.103577	0.0566083	0.0208917	0.0114077	0.00226932	0.0039444
37	0.0679809	0.101482	0.0191991	0.0170317	0.0778665	0.0151589	0.0300635	0.016225	0.0211508	0.0443754	0.0157344	0.0338922	0.00866792	0.019051	0.0256578	0.0651802	0.028616	0.0259002	0.327488	0.0392785
38	0.055897	0.00840449	0.131191	0.453517	0.0057772	0.0150006	0.0217311	0.00452576	0.0508197	0.016775	0.00947947	0.0314452	0.00960278	0.0589647	0.0224684	0.0473336	0.0275824	0.0215154	0.00306403	0.00490496
39	0.0501209	0.00211485	0.0116232	0.0108275	0.00354056	0.00442236	0.00315081	0.00255022	0.00501235	0.0161013	0.00192972	0.0117495	0.831319	0.00791955	0.00439606	0.0168744	0.00666527	0.00575269	0.00157423	0.00235562
40	0.0322407	0.00617181	0.129087	0.0363431	0.00259576	0.460418	0.00572652	0.00382755	0.0277553	0.0136162	0.0071417	0.119651	0.00267971	0.0294075	0.0147241	0.062982	0.034778	0.00709269	0.00135652	0.00240522
41	0.0244756	0.0137709	0.00561181	0.00482289	0.0419656	0.00336019	0.00614171	0.115358	0.00734125	0.521041	0.111792	0.00977181	0.00157117	0.00385985	0.00822998	0.0108664	0.0216691	0.0724497	0.00131535	0.0145857
42	0.0513919	0.00945149	0.141985	0.122548	0.0291244	0.0168488	0.0707623	0.0239112	0.0608473	0.0723932	0.0295492	0.0325822	0.0219942	0.0526295	0.0509679	0.0690473	0.0478294	0.0214058	0.00418601	0.0705446
43	0.0346096	0.000628156	0.213729	0.524126	0.00180269	0.00893191	0.0119641	0.00059593	0.0407541	0.00620065	0.000592303	0.0242999	0.00911515	0.0423903	0.00807787	0.0326938	0.0203512	0.0167772	0.00179798	0.000562325
44	0.00806435	0.00699534	0.00100356	0.000290644	0.000991318	0.000327963	0.00174974	0.547213	0.00050271	0.0798088	0.0124772	0.000726902	0.000629346	0.000310686	0.00037363	0.0059697	0.0066007	0.324552	0.000147744	0.00126481
45	0.00898909	0.0060714	0.000864536	0.000454269	0.00801228	0.000946009	0.00306878	0.464243	0.00110721	0.113624	0.0167442	0.00289805	0.0011091	0.000502611	0.000851835	0.00441356	0.00553537	0.358201	0.00112093	0.00124198
46	0.0168381	0.00280729	0.0495242	0.0746181	0.0598392	0.023752	0.00252219	0.00302705	0.347975	0.0563652	0.0123149	0.0237667	0.00184464	0.0800674	0.207067	0.00615644	0.0243316	0.00428942	0.000968783	0.00192433
47	0.0412558	0.0224351	0.151774	0.0314579	0.0153505	0.0772054	0.0291807	0.010533	0.0415913	0.0189243	0.0125884	0.30372	0.0170468	0.0259964	0.031593	0.092621	0.0385053	0.0158217	0.0076725	0.0147265
48	0.0145437	0.00608206	0.00243403	0.00109004	0.0383161	0.00126888	0.00307606	0.229211	0.00302941	0.442014	0.0734179	0.00614571	0.0014606	0.00117421	0.00395099	0.00485778	0.00912287	0.14946	0.00215901	0.00718519
49	0.0317585	0.0392677	0.0058453	0.00436384	0.216884	0.00407972	0.140999	0.011069	0.00711887	0.094662	0.00877193	0.00824875	0.00224702	0.0204348	0.0191228	0.0635595	0.0380445	0.0388818	0.0919306	0.152711
50	0.012268	0.0160922	0.00400715	0.00270164	0.540159	0.00416925	0.0222493	0.0137906	0.00252743	0.0308352	0.0186046	0.00816972	0.00196384	0.00582314	0.00291249	0.0194493	0.0051336	0.0105526	0.0543538	0.224237
51	0.0308938	0.0354656	0.0437336	0.00351153	0.00249337	0.0144389	0.00368058	0.0224763	0.0238112	0.0037214	0.00507171	0.0383681	0.00425931	0.00497408	0.0070133	0.267473	0.461359	0.0242698	0.00119931	0.0017852
52	0.036841	0.0367022	0.0447724	0.00346963	0.00271061	0.0141905	0.00389441	0.0246788	0.028054	0.00379762	0.00450397	0.0413224	0.00341733	0.00420404	0.00614958	0.248399	0.463813	0.0259973	0.00120762	0.00187525
53	0.0113865	0.00180152	0.690027	0.0563444	0.000605907	0.0022056	0.00181763	0.000559332	0.0194903	0.00166891	0.000754802	0.146526	0.0130477	0.0100782	0.00396494	0.0324824	0.00221971	0.00307211	0.000298758	0.00164861
54	0.037665	0.017911	0.00283668	0.000927801	0.00790982	0.00180911	0.00194561	0.414383	0.00227194	0.0795541	0.0181491	0.0018867	0.000743115	0.00202547	0.00334482	0.0113083	0.0279038	0.366028	0.000300549	0.0010965
55	0.122687	0.00538384	0.113773	0.182169	0.00129339	0.0350686	0.0353589	0.00733684	0.0975713	0.0119423	0.00848593	0.0540604	0.0211576	0.0680501	0.0596144	0.113119	0.0354018	0.0165162	0.00402869	0.00698189
56	0.122379	0.00455587	0.0587363	0.123816	0.0011385	0.0352005	0.010361	0.00729029	0.237228	0.00784072	0.00457598	0.0321166	0.0290503	0.0814234	0.113726	0.0657827	0.0484357	0.0117085	0.0018049	0.00283
57	0.132571	0.0805156	0.00367033	0.0523184	0.016476	0.131686	0.106745	0.00506073	0.00450459	0.00405191	0.00343947	0.0150305	0.00243935	0.00353449	0.00451298	0.246815	0.0949481	0.024641	0.00120893	0.0658308
58	0.00718045	0.00616474	0.000790029	0.000390816	0.00450419	0.000518855	0.0020417	0.557025	0.00085781	0.0880998	0.017693	0.001568	0.00088027	0.000426932	0.000656544	0.00467091	0.00598313	0.298643	0.00060773	0.00129731
59	0.184273	0.0197871	0.0627812	0.0665906	0.0169279	0.0561691	0.0295298	0.0249171	0.169343	0.0351838	0.0121341	0.0225584	0.00248167	0.101362	0.121112	0.0479546	0.00831775	0.00627454	0.00274375	0.00955873
60	0.0479068	0.00059673	0.175398	0.534199	0.00239552	0.00911555	0.0112293	0.000494011	0.0462116	0.00892771	0.000527005	0.0254125	0.00532912	0.0426637	0.00894996	0.038383	0.023024	0.0163693	0.00235681	0.000510401
61	0.557183	0.0500542	0.002088	0.0062659	0.00100027	0.00654579	0.00106477	0.00219133	0.00170452	0.00210605	0.0044198	0.00251711	0.00612929	0.00265279	0.00333326	0.315597	0.0247844	0.00906749	0.000648326	0.000646662
62	0.026424	0.00184065	0.497232	0.167885	0.00232044	0.0113764	0.0617474	0.00204206	0.021631	0.00428367	0.00209706	0.0510331	0.00962157	0.0733207	0.0097033	0.0300629	0.0158997	0.00410601	0.00084606	0.00652729
63	0.0160674	0.00511691	0.00185846	0.000894578	0.0272569	0.000795198	0.00174214	0.2937	0.00238797	0.34574	0.161728	0.00446423	0.000526594	0.000904818	0.00210814	0.00321901	0.0121575	0.115923	0.000457606	0.00295163
64	0.00501334	0.00535004	0.000745592	0.000583949	0.000650199	0.000542219	0.00133553	0.648966	0.000782016	0.044223	0.00784497	0.000826024	0.000574677	0.000600166	0.000652177	0.00384061	0.00714603	0.269187	0.000187766	0.000948112
65	0.0107929	0.0133166	0.00190784	0.00211355	0.417264	0.00199187	0.00559574	0.0109977	0.00295908	0.265055	0.0511273	0.00664538	0.00120549	0.00439489	0.00276164	0.0100385	0.00690024	0.00910345	0.0241368	0.151692
66	0.00808161	0.00569504	0.000635821	0.000416599	0.00990588	0.000655216	0.00258429	0.490584	0.00121959	0.126235	0.036573	0.00265711	0.0010952	0.000405949	0.000734536	0.00333167	0.00486838	0.301704	0.0011923	0.00142564
67	0.263581	0.367293	0.00473327	0.00491249	0.00372552	0.0145113	0.00335968	0.038405	0.00487812	0.0186069	0.0133435	0.0121091	0.00209327	0.00394161	0.00407769	0.114294	0.0401737	0.0820632	0.00148239	0.00241571
68	0.0157851	0.00945717	0.00156285	0.00110049	0.0126454	0.00201801	0.00346545	0.431819	0.00295299	0.145526	0.0305782	0.00388589	0.00140618	0.00125351	0.00251599	0.00595951	0.0095626	0.314711	0.00137911	0.00241556
69	0.0498624	0.0105512	0.231441	0.0613996	0.00998651	0.0231994	0.0164695	0.0043405	0.035256	0.00905008	0.00565427	0.178489	0.131599	0.0186155	0.0208305	0.154579	0.0191114	0.00897132	0.00421395	0.0063796
70	0.101569	0.0169137	0.0273712	0.0216459	0.00889957	0.0238736	0.0216698	0.0136571	0.0300953	0.0349011	0.0160973	0.0302614	0.194444	0.018685	0.0307616	0.12706	0.236237	0.0253295	0.00539643	0.0151328
71	0.0377631	0.00188556	0.0111905	0.0104056	0.00190015	0.00373319	0.00227535	0.00238046	0.00281374	0.0165034	0.00269129	0.00944357	0.863591	0.00804825	0.00303147	0.0116264	0.00455129	0.00410392	0.00107587	0.000986389
72	0.0767972	0.0202886	0.0126758	0.0196013	0.0213077	0.01074	0.0162051	0.0550841	0.0381136	0.169116	0.0490891	0.0208583	0.0115881	0.0177282	0.0362556	0.0825362	0.171017	0.146886	0.0058124	0.0183005
73	0.0756657	0.00346952	0.159895	0.287711	0.00399476	0.0183283	0.0233852	0.00545494	0.115501	0.0139166	0.00603605	0.0431731	0.0108522	0.0679506	0.0560971	0.0554405	0.0298028	0.0151144	0.00181449	0.00639587
74	0.0630295	0.0188005	0.0054588	0.0445192	0.00317252	0.00511808	0.0252649	0.0214371	0.057374	0.0468482	0.0293439	0.0498167	0.00180771	0.0396571	0.0451406	0.0486149	0.413006	0.0774295	0.00112828	0.00303219
75	0.0115043	0.0618798	0.00427287	0.0235243	0.158932	0.00441039	0.0230961	0.0234216	0.0434425	0.00658188	0.0233476	0.02464	0.00303231	0.0977604	0.051511	0.118508	0.15207	0.00682458	0.020407	0.140833
76	0.0458937	0.0212163	0.0287234	0.0141243	0.0963538	0.501276	0.021359	0.0143145	0.0191535	0.0162096	0.013253	0.0395774	0.00966557	0.0165271	0.0194768	0.0391151	0.020207	0.024925	0.00684429	0.0317846
77	0.0273542	0.0047738	0.00898819	0.00295942	0.042646	0.00248358	0.0236211	0.30363	0.0363238	0.183072	0.0479718	0.0186737	0.0117269	0.0026929	0.0277394	0.0194889	0.0199098	0.210704	0.00214938	0.00309144
78	0.0165192	0.00816638	0.159825	0.0209978	0.00404806	0.476167	0.00610865	0.00176862	0.015847	0.0112693	0.00537032	0.198999	0.0026983	0.0174525	0.00280695	0.0286418	0.0169583	0.00265634	0.00115078	0.00254924
79	0.233797	0.0221065	0.0258732	0.0913728	0.00605637	0.0157725	0.0119768	0.00622192	0.178272	0.0122528	0.00873227	0.0198443	0.01444	0.0403232	0.0768388	0.163411	0.0410701	0.0228624	0.00522638	0.00355028
80	0.137978	0.0288281	0.0289424	0.0232563	0.012022	0.141359	0.0173941	0.0606193	0.02375	0.0190653	0.0167891	0.043267	0.0119191	0.0171347	0.0259294	0.180045	0.154016	0.0394922	0.00440301	0.01379
81	0.0557279	0.00377639	0.00405999	0.037693	0.0151176	0.0240588	0.00520529	0.00425662	0.251053	0.0087996	0.0390192	0.00558795	0.0171889	0.0438352	0.339169	0.0602255	0.0167858	0.00899795	0.00558097	0.0538608
82	0.411261	0.0292603	0.0123062	0.0176917	0.00756223	0.0727973	0.0120219	0.0229896	0.0162006	0.0159019	0.00773426	0.0202929	0.0099967	0.0129145	0.018651	0.136762	0.119705	0.0429093	0.00254824	0.0104935
83	0.188679	0.00814378	0.00950065	0.00784084	0.00644264	0.0152559	0.00842508	0.00829427	0.0117842	0.0567188	0.00678397	0.0120822	0.303114	0.00836745	0.0117765	0.16135	0.150271	0.0155123	0.00466279	0.00499455
84	0.0197437	0.00870296	0.399877	0.0270214	0.00606278	0.0338538	0.0124061	0.00373204	0.0128854	0.00742376	0.00396957	0.28189	0.00690419	0.0100555	0.0138683	0.0795336	0.0580289	0.00706269	0.00353217	0.00344619
85	0.0185363	0.00654834	0.00332215	0.000859893	0.0389879	0.000924053	0.00180729	0.11072	0.00197767	0.600932	0.106499	0.0072287	0.000562308	0.00105957	0.00384982	0.00487433	0.0128866	0.0754916	0.000423514	0.00250791
86	0.0664302	0.00626401	0.0140783	0.0189884	0.0203358	0.0452376	0.00879416	0.00837685	0.142103	0.0193877	0.0490238	0.0208411	0.00574298	0.0850789	0.105207	0.141826	0.223464	0.0129555	0.00207304	0.00379131
87	0.0880479	0.0201671	0.019918	0.00471174	0.355092	0.0305971	0.0756199	0.00418141	0.00644089	0.00699277	0.023358	0.0941963	0.00978608	0.00504749	0.00603711	0.0113563	0.0081537	0.0338334	0.0250127	0.17145
88	0.0104248	0.00575697	0.000641568	0.000663914	0.025117	0.00151611	0.00544314	0.385977	0.00239023	0.197211	0.0230671	0.00669874	0.00247103	0.000644751	0.00163309	0.00249817	0.00251658	0.320578	0.00352652	0.00122438
89	0.0354694	0.000824911	0.215128	0.507603	0.00226051	0.00800875	0.0170881	0.000930723	0.0394832	0.00708781	0.00140842	0.0273423	0.00872952	0.0469497	0.00818637	0.032793	0.0204652	0.0158978	0.00183326	0.00250954
90	0.274688	0.00579823	0.00467674	0.0248257	0.0240019	0.130554	0.00422689	0.00785974	0.0258686	0.0594013	0.00498151	0.0750391	0.00406517	0.00582111	0.00748979	0.309544	0.0149599	0.00848043	0.0016994	0.00601838
91	0.281062	0.356604	0.00134226	0.00332922	0.00169218	0.0199089	0.00124793	0.0567719	0.00195155	0.0223815	0.00873287	0.00187958	0.000729691	0.00137693	0.00172242	0.0415033	0.0555657	0.140625	0.000564103	0.0010087
92	0.567444	0.0296034	0.0012196	0.00130532	0.000874506	0.0184883	0.00107688	0.0246682	0.00159912	0.00801047	0.0013175	0.00209353	0.000981723	0.00141097	0.00312836	0.124344	0.15309	0.0580185	0.000400852	0.000923997
93	0.10096	0.00677768	0.0578165	0.119409	0.00485847	0.0405998	0.0247002	0.00892313	0.14075	0.0175533	0.00916242	0.0562424	0.0103866	0.0983851	0.176321	0.0669944	0.0346167	0.0150344	0.00320166	0.00730677
94	0.0651892	0.0122691	0.0371855	0.0567941	0.0160163	0.021983	0.0301665	0.0253433	0.0976017	0.0792286	0.0390421	0.0495056	0.00409132	0.0577405	0.122628	0.125858	0.097735	0.0354888	0.00525787	0.0208755
95	0.00667628	0.00587784	0.000801962	0.00042345	0.00237345	0.000433854	0.00144594	0.596201	0.000846556	0.063906	0.0209795	0.000945967	0.000592888	0.000443842	0.000575541	0.00445972	0.00715422	0.284149	0.0003042	0.00140795
96	0.68108	0.019426	0.00779925	0.00610621	0.00692889	0.0767937	0.00263278	0.0144075	0.00516032	0.0158944	0.00830808	0.00709627	0.00180704	0.00464081	0.0193791	0.0616834	0.0144963	0.0431497	0.00137496	0.00183573
97	0.109689	0.00368324	0.0854172	0.170075	0.000497123	0.0183309	0.0207076	0.00949742	0.190949	0.0146932	0.00898379	0.0457963	0.00495656	0.110344	0.0934946	0.0619807	0.0316776	0.0161568	0.00116798	0.00190222
98	0.0733894	0.0280804	0.031493	0.0604011	0.0308431	0.00890462	0.0569237	0.0602423	0.05815	0.124642	0.058537	0.0422642	0.0102344	0.0424323	0.0627564	0.053554	0.0392648	0.0821973	0.0089376	0.0667522
99	0.557109	0.0433886	0.00154029	0.00641585	0.000717062	0.00533547	0.000797476	0.0014015	0.00121202	0.00140914	0.00366344	0.00124596	0.00631397	0.00266713	0.00277925	0.329416	0.0249887	0.00862167	0.000351968	0.00062543
100	0.0689048	0.0110871	0.0707779	0.103922	0.00146716	0.0201567	0.0104421	0.00725276	0.188142	0.0175435	0.00845083	0.0628681	0.00274711	0.0899544	0.146465	0.0570886	0.103966	0.0212119	0.000406057	0.00714596
101	0.223004	0.0190506	0.0265219	0.0428601	0.00692923	0.0159063	0.0145392	0.0130643	0.119095	0.0196402	0.0182073	0.0253808	0.00929141	0.0411491	0.0594288	0.104484	0.194954	0.0364907	0.00383492	0.00616773
102	0.00559803	0.00563157	0.0007683	0.000489816	0.000696542	0.000469761	0.00138252	0.629974	0.000709556	0.049997	0.00901717	0.000778878	0.000608385	0.000539796	0.000597106	0.00416477	0.00691043	0.280474	0.000180872	0.00101123
103	0.00531722	0.00550981	0.000747878	0.000534389	0.000732006	0.000479274	0.00136156	0.637826	0.000724935	0.0481575	0.00880497	0.00076237	0.000575466	0.000550822	0.000584922	0.0039759	0.0069911	0.275214	0.000170653	0.000979194
104	0.109845	0.0409457	0.00293364	0.00324607	0.0187167	0.005798	0.002333	0.203716	0.00638355	0.0709518	0.0340664	0.00516466	0.00116454	0.0052131	0.00934294	0.025136	0.0848317	0.367854	0.000941563	0.00141572
105	0.0566252	0.00963068	0.110733	0.363036	0.00582747	0.0148101	0.045797	0.00858797	0.0635243	0.0242077	0.0165149	0.0371174	0.0113451	0.0851971	0.0373528	0.0504223	0.0257721	0.0224979	0.00264813	0.00835267
106	0.056441	0.0368037	0.016707	0.0333212	0.00955351	0.0252489	0.0212162	0.0126697	0.250319	0.0258329	0.0115126	0.0472163	0.0123903	0.0581863	0.258751	0.0525676	0.0406631	0.0150584	0.00419305	0.0113483
107	0.129949	0.0254639	0.0454269	0.0450399	0.0121687	0.171927	0.0257895	0.0148708	0.0299133	0.0243168	0.01217	0.0571035	0.0124444	0.0253973	0.029043	0.22551	0.0675652	0.0241104	0.00389696	0.0178946
108	0.103855	0.0148421	0.0296183	0.026758	0.00985223	0.0227251	0.0216919	0.015344	0.0385381	0.0337018	0.0179453	0.0292697	0.188025	0.0253412	0.0333769	0.119688	0.22886	0.0232942	0.00581504	0.0114573
109	0.0582257	0.0233527	0.00216803	0.00225953	0.0218679	0.00779906	0.00336312	0.24221	0.00457223	0.154388	0.023678	0.00526982	0.00166991	0.00342706	0.00540976	0.0102725	0.037052	0.389671	0.00197817	0.00136531
110	0.0374666	0.00233217	0.0136309	0.0114511	0.00466251	0.00483556	0.00457801	0.00201873	0.00529508	0.0159255	0.00209532	0.0115024	0.84459	0.00768341	0.00352526	0.0101357	0.00907784	0.00482467	0.00130954	0.00305922
111	0.19895	0.252333	0.00401836	0.00583101	0.0139014	0.0483628	0.00550957	0.0722503	0.00652159	0.024511	0.0144482	0.0076272	0.00217745	0.00448973	0.00826551	0.0815229	0.084564	0.158671	0.0017787	0.00426638
112	0.0395653	0.0053592	0.00455399	0.0158202	0.00377265	0.0611234	0.00672305	0.00380769	0.291815	0.00883856	0.0100366	0.0142946	0.00788413	0.0341328	0.418325	0.0250126	0.0238446	0.00863788	0.00533557	0.0111176
113	0.450924	0.0291231	0.00505672	0.00446214	0.00313703	0.0231631	0.00441124	0.0393453	0.00707277	0.0116154	0.00769301	0.00846998	0.00396071	0.00456857	0.0102395	0.136995	0.177519	0.0676087	0.0017097	0.00292546
114	0.672907	0.0340702	0.00757267	0.00503294	0.00645094	0.0776367	0.00384357	0.0157875	0.00361568	0.00916551	0.00642659	0.00491974	0.00215918	0.00292836	0.0123872	0.0698102	0.0219444	0.039462	0.000871789	0.00300814
115	0.146501	0.00209741	0.111545	0.214318	0.000556924	0.0395168	0.0334717	0.00727492	0.0552301	0.0142777	0.00882843	0.0434288	0.0196596	0.0730368	0.0495485	0.133101	0.0249272	0.0156269	0.00425084	0.00280181
116	0.0852073	0.0098929	0.0265626	0.0346755	0.0260208	0.0190598	0.0190972	0.0602601	0.040754	0.0811864	0.0548287	0.0455844	0.0039845	0.0314675	0.0867652	0.161128	0.117513	0.0640001	0.0176083	0.0144034
117	0.00799604	0.00142316	0.000642167	0.000657428	0.0118747	0.000563676	0.000684293	0.533726	0.00285033	0.0780761	0.156552	0.000953661	0.000349253	0.000686774	0.000868511	0.001572	0.0118989	0.183158	0.000282233	0.00518451
118	0.0658583	0.00742664	0.0313346	0.0519625	0.00765882	0.0301356	0.0149328	0.0146323	0.129238	0.0437427	0.0293164	0.0515599	0.000913208	0.0597126	0.1553	0.147918	0.124847	0.0286852	0.0022167	0.00260785
119	0.0921675	0.00850677	0.0708743	0.12223	0.00107955	0.0219837	0.0150212	0.00756849	0.199144	0.0144976	0.00798	0.0553286	0.00485145	0.096197	0.130117	0.0629345	0.0682343	0.0156371	0.000577128	0.00507023
120	0.0574248	0.0191242	0.00269094	0.0021169	0.0150393	0.00269931	0.00190295	0.309591	0.00504854	0.0650373	0.0877223	0.00344358	0.00111657	0.00384029	0.00680223	0.0199672	0.0736365	0.319548	0.000609136	0.00263822
121	0.0038292	0.0146702	0.00140413	0.00149277	0.647879	0.00156066	0.00148259	0.0143951	0.00206472	0.0259243	0.0187701	0.00185031	0.000840863	0.00594944	0.00176003	0.0148576	0.00214304	0.00561046	0.0499599	0.183555
122	0.028795	0.00122736	0.187871	0.541799	0.00170216	0.00688048	0.0200429	0.000753722	0.0332231	0.0061811	0.00188933	0.0214762	0.0125877	0.0555492	0.00655629	0.0309871	0.0201915	0.0199397	0.00159613	0.00075075
123	0.00698333	0.00581909	0.000915225	0.000470841	0.00123258	0.000607364	0.00178827	0.53155	0.000742785	0.0700251	0.0132267	0.00101986	0.000609638	0.000447415	0.000551548	0.00481594	0.00613391	0.351664	0.000173311	0.00122239
124	0.0147563	0.00651162	0.00186355	0.000891433	0.0229693	0.00107694	0.00277115	0.309653	0.00204639	0.33119	0.05126	0.00526654	0.00133024	0.00103382	0.0026384	0.00453943	0.00883562	0.226644	0.00122048	0.00350172
125	0.210048	0.117115	0.0174317	0.0167728	0.0134238	0.0263663	0.0183365	0.0159612	0.0180161	0.018091	0.015613	0.0495481	0.0121493	0.0120784	0.0198293	0.29647	0.0661566	0.0330818	0.00904929	0.0144614
126	0.0622585	0.0292994	0.0779453	0.0119043	0.0443154	0.0245163	0.0148962	0.00727663	0.020647	0.0129369	0.013856	0.301969	0.0184998	0.0141294	0.0160796	0.261969	0.0296899	0.0130151	0.0170836	0.00771238
127	0.0377622	0.00251144	0.0118286	0.0106261	0.00296846	0.00455231	0.00303139	0.00225998	0.00529855	0.0164659	0.00211599	0.0108094	0.849192	0.00945792	0.00378936	0.0136363	0.00687347	0.00367988	0.00116718	0.0019737
128	0.0878498	0.0105763	0.124443	0.305587	0.00685404	0.0271033	0.0257046	0.00789087	0.055489	0.0175272	0.00907036	0.0396365	0.0119187	0.0523143	0.0332066	0.108363	0.0436312	0.0207549	0.00398354	0.0080953
129	0.0184017	0.0184803	0.00681724	0.00397472	0.552908	0.0138676	0.0135001	0.022297	0.00744719	0.0461126	0.0223462	0.0109218	0.0022033	0.00847871	0.00645183	0.0194441	0.00660356	0.0214575	0.0417452	0.156541
130	0.0555254	0.0195669	0.0165582	0.0234216	0.0567238	0.00793612	0.0259302	0.0421481	0.0316197	0.340179	0.0714305	0.0211706	0.00595929	0.0189486	0.0297216	0.0298047	0.040668	0.045255	0.00543509	0.111997
131	0.431896	0.0204833	0.00815801	0.01543	0.00379725	0.0109491	0.00683431	0.0058392	0.0201017	0.0111209	0.00729637	0.0117885	0.00506217	0.0263108	0.0366721	0.29491	0.0364525	0.040963	0.00296887	0.00296525
132	0.150616	0.00490127	0.0925955	0.245925	0.00229817	0.0429087	0.0260447	0.00767687	0.0611421	0.0147991	0.00876731	0.0348755	0.0276376	0.0786353	0.0463724	0.104647	0.0267685	0.0157391	0.00464001	0.0030109
133	0.0315821	0.00741968	0.0626952	0.0177269	0.00587907	0.688139	0.00583466	0.00360918	0.0160373	0.013167	0.00458276	0.0618202	0.00400909	0.0140247	0.00672084	0.030503	0.0151613	0.00637291	0.000826914	0.0038886
134	0.0304046	0.0331964	0.0410068	0.00357508	0.00287766	0.0135984	0.00353667	0.0229945	0.0235309	0.00445513	0.00491797	0.0420543	0.00376006	0.00458327	0.00595053	0.261933	0.465756	0.0281575	0.00152199	0.00218994
135	0.510951	0.0611865	0.00573534	0.0080391	0.0082415	0.0273768	0.00386482	0.0348119	0.0100702	0.0221019	0.00942782	0.00632702	0.00566385	0.005796	0.0139279	0.0875574	0.0732122	0.101128	0.0015837	0.00299785
136	0.00731094	0.00200229	0.000598984	0.000617947	0.00950706	0.000546929	0.000702514	0.535334	0.0032782	0.0683302	0.139273	0.000932622	0.000381939	0.000671902	0.000826783	0.00184553	0.011621	0.211689	0.000240616	0.00428878
137	0.106839	0.00412984	0.0818209	0.162453	0.00052798	0.0180385	0.0196895	0.00896046	0.201421	0.0145213	0.0084178	0.0477007	0.00449051	0.109606	0.0993882	0.0584319	0.0340508	0.0161949	0.00110605	0.0022115
138	0.0113844	0.0123013	0.491936	0.0235466	0.00352958	0.0224186	0.012786	0.0020625	0.00946086	0.00458588	0.00223406	0.323363	0.00671805	0.00554713	0.00483898	0.0374201	0.0178084	0.00357893	0.00292011	0.00155914
139	0.0703413	0.0830508	0.0256425	0.0514367	0.0300327	0.0182897	0.0356061	0.0325502	0.0533041	0.190126	0.0437607	0.0281713	0.0129273	0.0926827	0.0460205	0.0544347	0.0374874	0.0450003	0.0119125	0.0372227
140	0.0663033	0.0244	0.0392975	0.0669635	0.0310835	0.00994014	0.0555319	0.0421167	0.0693581	0.140217	0.0559399	0.0328072	0.0120088	0.0495008	0.0787334	0.0615487	0.0363112	0.051674	0.0110259	0.0652388
141	0.0683516	0.00237145	0.0400618	0.0723505	0.0134515	0.00234442	0.0687949	0.00219064	0.15401	0.00291774	0.0162083	0.277817	0.0015454	0.0803426	0.032395	0.111687	0.0134167	0.00673027	0.000865743	0.032148
142	0.0296273	0.00111823	0.0099681	0.00906232	0.0010046	0.00250612	0.00111472	0.00113826	0.00152022	0.0140166	0.00114408	0.00735677	0.902411	0.00673729	0.00155148	0.0048877	0.0021245	0.00157444	0.000399242	0.000737353
143	0.0435286	0.00303217	0.447581	0.155416	0.00200759	0.0148371	0.0144388	0.00290949	0.0301671	0.00583355	0.00360195	0.0967577	0.0136002	0.0281724	0.0162664	0.0838837	0.0183122	0.0143155	0.00218112	0.00315751
144	0.078131	0.0294963	0.0235181	0.0346537	0.0300741	0.0268387	0.0273205	0.0197813	0.105844	0.0376747	0.0191403	0.0289059	0.0136644	0.0336844	0.206462	0.0747677	0.0453098	0.0269631	0.106807	0.0309633
145	0.00755899	0.00550318	0.00085866	0.00035563	0.00325609	0.000394225	0.00160538	0.545951	0.00115765	0.0764571	0.0405538	0.000939432	0.00052427	0.000403157	0.000463987	0.00462721	0.00735953	0.299929	0.000213481	0.00188815
146	0.0171712	0.00615536	0.00227449	0.000798424	0.0249748	0.00114667	0.00222039	0.266528	0.00250227	0.390765	0.0825668	0.00509729	0.000849488	0.000920245	0.00347064	0.00451628	0.0115882	0.172934	0.000858827	0.00266118
147	0.0115725	0.00670011	0.00164521	0.00106446	0.0107465	0.000843544	0.00310219	0.474425	0.0033411	0.134005	0.0370282	0.00299403	0.00142216	0.00103032	0.0028451	0.00508089	0.00892513	0.289806	0.00104715	0.00237516
148	0.025844	0.00699882	0.063359	0.0154266	0.00445737	0.709721	0.00398463	0.00340791	0.013749	0.0110261	0.00456129	0.0662706	0.00236883	0.0128137	0.00630896	0.0267768	0.0130327	0.00677899	0.000876431	0.00223743
149	0.0979104	0.0699045	0.00692077	0.0442872	0.0127412	0.131118	0.103691	0.00627965	0.00695901	0.00607669	0.00450785	0.0187087	0.00340527	0.00671731	0.00660287	0.281466	0.088517	0.0375888	0.00170694	0.0648913
150	0.14862	0.00207734	0.109512	0.213018	0.000413277	0.0418503	0.0320004	0.00723882	0.0515023	0.0144307	0.00907071	0.0446511	0.0203877	0.0688415	0.0489176	0.139072	0.0254882	0.0157623	0.00445887	0.0026864
151	0.148934	0.00207538	0.109322	0.213466	0.000369521	0.042005	0.0319761	0.00716891	0.0512664	0.0143467	0.00904805	0.0447011	0.0202711	0.068829	0.0487312	0.139311	0.0254356	0.015667	0.00448274	0.00259363
152	0.103767	0.00801343	0.0897304	0.0959395	0.00692121	0.116832	0.023437	0.0113111	0.0382532	0.0187436	0.0113116	0.052145	0.0130286	0.0428848	0.0443767	0.204074	0.0849279	0.0196942	0.00524608	0.00936344
153	0.0144722	0.0113419	0.00159454	0.0875165	0.0117607	0.00312239	0.0514108	0.0475791	0.200917	0.0590276	0.00547476	0.0437811	0.0171216	0.224553	0.137593	0.0215085	0.0250072	0.0281314	0.000474971	0.00761187
154	0.156854	0.00661437	0.071368	0.138131	0.00449788	0.0253467	0.0220681	0.0157884	0.188586	0.023693	0.00885556	0.0405049	0.00333108	0.103429	0.0960656	0.0547657	0.0193209	0.0141592	0.00342487	0.00319598
155	0.539792	0.0318518	0.00552348	0.0116313	0.00238963	0.0154796	0.00370924	0.00546799	0.00731332	0.00513153	0.00415768	0.00794277	0.00774297	0.00560073	0.00995423	0.27451	0.0411962	0.0175678	0.00090953	0.00212866
156	0.117547	0.0439583	0.00288191	0.00343134	0.0256777	0.00426065	0.00206735	0.132096	0.007871	0.0770044	0.0289094	0.00590451	0.000993057	0.00725853	0.0110144	0.0194868	0.0826551	0.424959	0.000562088	0.00146172
157	0.106459	0.00433151	0.0821015	0.162289	0.000524544	0.0178517	0.0199533	0.00902413	0.201738	0.0143502	0.0084083	0.0471095	0.00435717	0.109643	0.099941	0.0580571	0.0344191	0.0160805	0.00108613	0.00227485
158	0.40093	0.0146111	0.0136889	0.0506086	0.00236693	0.00340652	0.00240418	0.00289558	0.109241	0.00664067	0.0242738	0.00406818	0.0026977	0.0600955	0.0219513	0.121251	0.11212	0.0427443	0.00230902	0.0016958
159	0.0192769	0.00768728	0.0036845	0.00245507	0.0310417	0.00141504	0.00430927	0.218434	0.00474442	0.441283	0.0791528	0.00696076	0.00168155	0.00286873	0.00661582	0.00749306	0.0121938	0.139207	0.00151716	0.00797856
160	0.279014	0.061728	0.00305489	0.0121863	0.00525914	0.00870121	0.0133627	0.0132472	0.0925892	0.0173622	0.00446338	0.00705942	0.00144173	0.00648162	0.108568	0.220158	0.0736616	0.0607519	0.00552108	0.00538853
161	0.137656	0.00229327	0.116596	0.206052	0.000770957	0.0462144	0.0264959	0.00555897	0.0518746	0.00991122	0.00680575	0.0644028	0.0148404	0.0665328	0.0443526	0.142505	0.0200936	0.0119787	0.0226518	0.00241325
162	0.00732194	0.00617048	0.000885472	0.000410455	0.00129117	0.000524214	0.00184754	0.519512	0.000611516	0.0805213	0.0117589	0.00107923	0.00064642	0.000385568	0.000459015	0.00503642	0.00581827	0.354374	0.000202298	0.00114366
163	0.0321779	0.0188325	0.0128451	0.0145041	0.115337	0.00638621	0.0354785	0.0461916	0.0184228	0.295912	0.036638	0.0162331	0.00484267	0.0136281	0.0162407	0.0284174	0.0250768	0.039629	0.0207493	0.202457
164	0.124505	0.00411117	0.0638529	0.12935	0.00625751	0.0371505	0.0243639	0.0122306	0.0467557	0.0412278	0.0144163	0.048204	0.00819131	0.0656139	0.0709336	0.194976	0.0734376	0.0282938	0.0035608	0.00256723
165	0.0311632	0.00535257	0.00557636	0.00929897	0.0105113	0.0150059	0.263875	0.00194351	0.0733739	0.0108021	0.00912475	0.162682	0.0119074	0.0763101	0.190818	0.0506715	0.0192298	0.00296599	0.00085216	0.0485358
166	0.0778818	0.0436355	0.0216429	0.0230256	0.0627959	0.0190514	0.0312458	0.0158393	0.0266962	0.0295668	0.0164336	0.0340055	0.00988902	0.021103	0.0307142	0.126188	0.0360059	0.0228631	0.276443	0.074973
167	0.0079946	0.00710333	0.000955757	0.000301855	0.00170133	0.000410575	0.00181963	0.538469	0.000558688	0.0811867	0.0133849	0.000891363	0.000659383	0.000339304	0.000442875	0.00572296	0.00629619	0.330225	0.000229005	0.0013077
168	0.0296273	0.00111823	0.0099681	0.00906232	0.0010046	0.00250612	0.00111472	0.00113826	0.00152022	0.0140166	0.00114408	0.00735677	0.902411	0.00673729	0.00155148	0.0048877	0.0021245	0.00157444	0.000399242	0.000737353
169	0.115637	0.00404641	0.0378881	0.0929448	0.00227268	0.0399811	0.0045662	0.0107808	0.252453	0.00476433	0.00472298	0.0123143	0.0656018	0.0502776	0.189217	0.0560849	0.0350632	0.0131996	0.00337117	0.00481293
170	0.0439606	0.000629052	0.188265	0.525861	0.00227152	0.0097625	0.0107772	0.000509455	0.0451765	0.007817	0.000522762	0.026227	0.00624673	0.0416867	0.00842345	0.0397771	0.0232012	0.0162253	0.00206396	0.000595522
171	0.00848765	0.00196394	0.00593311	0.00438321	0.00104842	0.0194043	0.0215152	0.00108263	0.34583	0.00769473	0.00122336	0.0689274	0.00714269	0.10915	0.368863	0.0144493	0.0053927	0.00618029	0.000541889	0.000786769
172	0.00743914	0.0068664	0.000915361	0.000346505	0.000715674	0.000379374	0.00159884	0.575893	0.00053612	0.0699732	0.0108288	0.000658158	0.000633542	0.000363037	0.000454554	0.0056801	0.00671185	0.308617	0.000152587	0.00123688
173	0.0168282	0.00506886	0.00343266	0.000989152	0.0327859	0.00110214	0.00164814	0.143979	0.00252684	0.606298	0.081507	0.00620631	0.000701657	0.00121907	0.0041392	0.00512516	0.0109153	0.0730044	0.000345447	0.00217746
174	0.0620759	0.023014	0.00357476	0.0343826	0.00191962	0.00340519	0.029699	0.020382	0.0498685	0.0341642	0.0211681	0.0353394	0.00242895	0.0362853	0.0546158	0.0475231	0.45814	0.079749	0.000785306	0.00147921
175	0.0702817	0.0101769	0.00828834	0.00710799	0.0115304	0.0102107	0.00648921	0.125309	0.0101867	0.020797	0.164489	0.0140788	0.00410909	0.00806174	0.0217297	0.134191	0.21941	0.142024	0.00584191	0.00568726
176	0.0121108	0.0110939	0.266772	0.0110424	0.00703888	0.0946174	0.0142332	0.00284402	0.00547624	0.00612545	0.00355893	0.411505	0.00475015	0.00605113	0.00840436	0.0735416	0.0504617	0.00437699	0.00387904	0.00211752
177	0.119969	0.0375795	0.00324207	0.00363697	0.0211082	0.00485553	0.0021905	0.116236	0.00723378	0.0839497	0.025377	0.00554322	0.00118303	0.0067898	0.0109632	0.0203317	0.124271	0.403649	0.000694327	0.00119553
178	0.143336	0.0462129	0.0226711	0.0251156	0.0406248	0.0202578	0.0238829	0.0176992	0.0319675	0.0385668	0.0135799	0.0305031	0.0186948	0.0225057	0.0336539	0.0772868	0.0372844	0.0260541	0.302335	0.0277678
179	0.198778	0.0306801	0.0397324	0.0286369	0.0144532	0.0325179	0.0129196	0.0127292	0.0318391	0.0175178	0.0155748	0.0508848	0.0203709	0.0217468	0.0283565	0.330123	0.0762738	0.0212727	0.00738802	0.00820361
180	0.438658	0.0304692	0.00226157	0.00649773	0.00141077	0.00805529	0.00200766	0.00295948	0.00321792	0.0030916	0.00381432	0.00344969	0.00516659	0.00362214	0.00586907	0.434173	0.0334126	0.00984	0.000921802	0.00110214
181	0.0526865	0.00578711	0.132852	0.474014	0.00388833	0.0150875	0.0226965	0.00427775	0.0456415	0.0153208	0.00838137	0.0308279	0.0113431	0.057632	0.0191843	0.0434878	0.0299184	0.0193818	0.00375375	0.00383686
182	0.0215453	0.00967661	0.00447076	0.00378002	0.0388423	0.00249306	0.0047937	0.134499	0.00600537	0.523989	0.105169	0.00825708	0.00126261	0.00268981	0.00668629	0.00823133	0.016599	0.0883396	0.0012684	0.0114013
183	0.531731	0.0217807	0.0016434	0.002206	0.00113782	0.0256213	0.00200583	0.0232486	0.0028691	0.00661982	0.00179292	0.00359748	0.00214133	0.00192701	0.00609022	0.153542	0.156761	0.0522311	0.00107744	0.00197501
184	0.0584456	0.00977297	0.0339925	0.0651068	0.0109639	0.0273648	0.02624	0.0102873	0.282797	0.0228481	0.0152902	0.0519224	0.012238	0.0765027	0.175128	0.051196	0.0384992	0.0163814	0.00313728	0.011886
185	0.0188775	0.00714072	0.00374541	0.00246655	0.0302514	0.0011924	0.00362671	0.193577	0.00430051	0.481189	0.106123	0.00651335	0.00101325	0.00243465	0.0056274	0.00628645	0.0125368	0.106708	0.000799646	0.00559024
186	0.452648	0.0165155	0.0030673	0.00368939	0.0034465	0.00944672	0.00342411	0.0205566	0.00526	0.0158482	0.00420263	0.00453862	0.00209166	0.00404352	0.00623756	0.0608763	0.192926	0.18779	0.00133982	0.00205203
187	0.410435	0.0176285	0.0491317	0.0544278	0.00524974	0.0258525	0.0128695	0.00775467	0.026559	0.0115425	0.00838455	0.0277037	0.00913799	0.0396653	0.0257281	0.198889	0.0419765	0.0197886	0.00414112	0.00313432
188	0.0355169	0.015183	0.272418	0.0342848	0.0114418	0.0372338	0.0142269	0.00466197	0.0192092	0.00861281	0.00649503	0.300086	0.0167932	0.0130973	0.014391	0.133451	0.040025	0.00889603	0.00965912	0.00431772
189	0.524597	0.0824484	0.00464769	0.00758339	0.00289243	0.0176888	0.00405705	0.0112509	0.00676893	0.00926305	0.00643302	0.0081554	0.00662558	0.00449527	0.0084896	0.21857	0.0430326	0.0274731	0.00249378	0.00303477
190	0.0212291	0.0113234	0.00452707	0.00370757	0.0800091	0.0032334	0.00484913	0.157468	0.00547703	0.368491	0.215306	0.00827733	0.00165639	0.0039962	0.00563391	0.00919049	0.0148955	0.0714255	0.00127437	0.0080296
191	0.0327899	0.0117065	0.0185975	0.0162039	0.0280805	0.00712514	0.018219	0.171378	0.055582	0.333152	0.0569168	0.0179711	0.00642125	0.0220784	0.0410089	0.026244	0.0225966	0.0898611	0.00304572	0.021022
