322	20
1	0.0758579	0.003197	0.0796232	0.306148	0.000552901	0.00542164	0.00779489	0.00769572	0.206199	0.0261522	0.00245425	0.0282294	0.00499598	0.0888136	0.0475055	0.0544025	0.0332043	0.0196922	0.000192631	0.00186763
2	0.288932	0.00966733	0.0339014	0.0227251	0.00337364	0.10991	0.0302876	0.00889216	0.00725551	0.0178473	0.0504532	0.0088366	0.00405095	0.0487981	0.0228286	0.242713	0.0327584	0.0440078	0.00143879	0.0113222
3	0.0823075	0.00174464	0.177553	0.163145	0.00272931	0.025108	0.00476679	0.0150077	0.06963	0.0403298	0.0224444	0.123146	0.00957021	0.0675806	0.0385051	0.0579039	0.0673774	0.0251837	0.000494155	0.0054728
4	0.0774882	0.00313106	0.0789429	0.302356	0.000871161	0.00608152	0.0100782	0.00780491	0.199909	0.0273256	0.00339538	0.0297211	0.00470081	0.086697	0.0519965	0.0554744	0.0325669	0.0189741	0.000165748	0.00231896
5	0.0235546	0.0164576	0.00498934	0.00321891	0.231203	0.00612421	0.00965997	0.0543837	0.00694048	0.369978	0.0301078	0.0049956	0.00165963	0.00315034	0.0171043	0.00348102	0.00907709	0.0283596	0.0140281	0.161526
6	0.0488048	0.00655583	0.0110162	0.0406499	0.00336585	0.0148206	0.0176597	0.009612	0.34942	0.0352009	0.0209138	0.0359618	0.00808863	0.0547166	0.244304	0.0425713	0.0299746	0.0207596	0.00138496	0.00421959
7	0.100557	0.00191472	0.160902	0.166114	0.00309109	0.0235812	0.0040088	0.0147531	0.0638608	0.0364312	0.0232944	0.121199	0.00895492	0.0671533	0.0369888	0.0631571	0.0701522	0.027503	0.00032905	0.00605507
8	0.064712	0.00314274	0.0683199	0.310594	0.000905433	0.00482629	0.00646185	0.0140856	0.203687	0.038787	0.00270655	0.0226721	0.00457979	0.111027	0.0458587	0.0476078	0.0306645	0.0172093	0.000252399	0.00190081
9	0.14986	0.00717453	0.00310351	0.0139517	0.00188484	0.729079	0.00229346	0.00522982	0.00823185	0.00811178	0.00265459	0.0144617	0.00190614	0.00292079	0.00907238	0.021592	0.0117247	0.00380314	0.000788626	0.00215622
10	0.0462248	0.0242571	0.0360804	0.0323321	0.0308222	0.0990941	0.0289509	0.0395507	0.042058	0.127345	0.0276787	0.156613	0.0137025	0.0294264	0.0315584	0.0522763	0.0444661	0.103729	0.00615372	0.027681
11	0.0835079	0.0031644	0.0946739	0.287517	0.000747456	0.00680302	0.00581121	0.0095086	0.185806	0.0288324	0.00509468	0.0393159	0.00583729	0.0870909	0.040377	0.0533282	0.0383286	0.0217912	0.000184052	0.00228095
12	0.0609242	0.00276623	0.00193493	0.014245	0.134366	0.0264065	0.00811762	0.0398608	0.0608338	0.273826	0.0573885	0.0363162	0.0165043	0.0182423	0.029744	0.0577757	0.0339232	0.0280416	0.0181331	0.0806498
13	0.00862204	0.0154866	0.00724209	0.00561256	0.361214	0.00344414	0.0410359	0.0189949	0.00265819	0.0847933	0.00813566	0.0134546	0.00746013	0.00455836	0.0075766	0.00668741	0.0110482	0.0237752	0.0269242	0.341276
14	0.0210802	0.0011333	0.0359967	0.00242576	0.00115154	0.0122997	0.00163358	0.00252682	0.0134748	0.0245471	0.00167207	0.0415641	0.0120002	0.00212378	0.00301118	0.189961	0.624132	0.00760896	0.000331546	0.00132559
15	0.0767326	0.00313072	0.0793211	0.299861	0.000457137	0.00517125	0.00676841	0.00818644	0.211054	0.0274388	0.00252031	0.0266674	0.00487694	0.0947316	0.0466156	0.0515183	0.0326085	0.0204206	0.000205583	0.00171395
16	0.430631	0.0617245	0.0106943	0.0116753	0.00169144	0.0984367	0.0078255	0.00833915	0.00865881	0.0135302	0.00878773	0.0120441	0.00191095	0.0112099	0.0102035	0.2414	0.0347961	0.0181562	0.00109424	0.00719058
17	0.0182152	0.00987718	0.000803388	0.00362242	0.0254386	0.0008282	0.00504444	0.370603	0.00307008	0.306948	0.0385029	0.00182845	0.013084	0.00454102	0.00754472	0.0056105	0.0175257	0.156363	0.000385096	0.0101638
18	0.0167829	0.0169488	0.00493042	0.00287998	0.254327	0.00496149	0.0202631	0.0410084	0.00515368	0.30776	0.0221765	0.00824084	0.0039523	0.00264097	0.0140084	0.00414644	0.00899939	0.0251748	0.0224569	0.213188
19	0.0092975	0.0210759	0.00881696	0.00592306	0.256109	0.0034249	0.0595657	0.022353	0.00201164	0.107516	0.00844037	0.0162067	0.0113044	0.00415353	0.00835028	0.00703148	0.0127399	0.0229077	0.0409398	0.371832
20	0.373247	0.130919	0.00205939	0.00280368	0.00119728	0.0566916	0.00186877	0.00683042	0.00466777	0.0109745	0.004634	0.0156886	0.00105784	0.00499365	0.0035699	0.264465	0.0776382	0.0273328	0.000384398	0.00897622
21	0.0309939	0.0142612	0.0264825	0.0435053	0.0678836	0.0278435	0.133894	0.0170323	0.0341571	0.0472242	0.0138583	0.168859	0.0092931	0.0407264	0.0318422	0.0358398	0.0263968	0.0212436	0.00927121	0.199393
22	0.0460192	0.0181864	0.0153929	0.0439163	0.0267074	0.0168575	0.0256127	0.152174	0.106762	0.116457	0.0394385	0.0329684	0.0144494	0.0403647	0.127489	0.0469171	0.0327243	0.0686173	0.00921936	0.019726
23	0.443611	0.0552047	0.00742818	0.00793834	0.0015691	0.0587198	0.00520316	0.0121356	0.0079768	0.0106653	0.00549502	0.011001	0.00136164	0.00720196	0.00724601	0.29363	0.038309	0.0189988	0.000621128	0.00568282
24	0.0420279	0.0263669	0.00135164	0.00873701	0.0841036	0.00251491	0.00435292	0.119939	0.00715302	0.440758	0.0954724	0.00412223	0.00293187	0.0124355	0.0103655	0.0127616	0.0123726	0.0786545	0.0022513	0.0313277
25	0.361969	0.136946	0.00234129	0.00350657	0.00144457	0.0532137	0.00193693	0.00747055	0.00471222	0.011318	0.00536697	0.0152474	0.00119643	0.00611409	0.00375979	0.261512	0.0822227	0.0305672	0.000446004	0.00870851
26	0.00812222	0.0101403	0.00244425	0.0351357	0.037926	0.0023829	0.264849	0.00288339	0.0197386	0.0209269	0.00262011	0.196003	0.00157164	0.0597974	0.0215694	0.0172447	0.0162236	0.00372992	0.000754819	0.275936
27	0.0358833	0.0235453	0.00091735	0.00625658	0.0708169	0.00168703	0.0042216	0.150722	0.00392863	0.444662	0.0881697	0.00461433	0.00533564	0.0096607	0.00768298	0.0128749	0.0140923	0.0891121	0.00149327	0.0243227
28	0.0143207	0.0010955	0.00173344	0.00287067	0.00122982	0.00265217	0.0127304	0.00166989	0.460099	0.0337669	0.0119876	0.0260887	0.00244027	0.051612	0.318289	0.0143998	0.020778	0.00767854	0.00479471	0.0097628
29	0.0307579	0.0063697	0.00575462	0.00991056	0.00776852	0.00712007	0.00462796	0.0508013	0.0280647	0.349268	0.121635	0.0584655	0.00384177	0.05216	0.0465323	0.0624235	0.0791755	0.0638667	0.00194703	0.00950956
30	0.0541622	0.0022624	0.202533	0.208489	0.00259307	0.0214451	0.0136971	0.00697174	0.112395	0.0182541	0.00864416	0.0931373	0.0205713	0.0539691	0.0450698	0.0578627	0.0533428	0.0139941	0.000623379	0.00998331
31	0.148471	0.0276785	0.0330966	0.156208	0.0678551	0.00482373	0.00493143	0.00662046	0.0194984	0.100406	0.004924	0.109488	0.0140871	0.0752379	0.0317138	0.132741	0.00857587	0.00732326	0.00136422	0.0449561
32	0.0075305	0.022916	0.0104289	0.00655748	0.243541	0.00323651	0.0643136	0.0196174	0.00170548	0.0763962	0.00762784	0.0178987	0.012026	0.00484044	0.00801266	0.00766668	0.0127257	0.0238812	0.0386988	0.410379
33	0.0542449	0.006822	0.0753158	0.114016	0.00600283	0.114399	0.0158568	0.0188424	0.120366	0.0555749	0.017692	0.0988096	0.0163082	0.0737101	0.0567631	0.0627531	0.0419366	0.0417251	0.00208005	0.00678198
34	0.0749528	0.00281623	0.00301391	0.0121363	0.106347	0.0403977	0.00664932	0.0399136	0.0556105	0.229736	0.0413066	0.0400575	0.0135245	0.0241391	0.0252683	0.108997	0.0505693	0.0370205	0.0132476	0.0742968
35	0.343675	0.0346525	0.0237474	0.0346992	0.00612741	0.0569059	0.010837	0.0135479	0.0655332	0.0230241	0.010178	0.0255727	0.00670901	0.0185321	0.0293802	0.221464	0.042301	0.0199117	0.00238938	0.0108127
36	0.0107919	0.00301755	0.000874915	0.00341906	0.0141045	0.000854503	0.00662644	0.423825	0.00311805	0.328192	0.0176902	0.00165509	0.0181514	0.00365123	0.00829064	0.00340421	0.0157206	0.127319	0.000413043	0.00888004
37	0.100541	0.00188354	0.160851	0.166254	0.00312914	0.0236401	0.00406701	0.014734	0.0637997	0.0363074	0.023383	0.121051	0.00900395	0.06708	0.0371484	0.0634181	0.0699297	0.0274381	0.000332512	0.00600897
38	0.0498678	0.00365808	0.213632	0.170002	0.00386541	0.0327935	0.0174811	0.0102458	0.11945	0.0177089	0.0096018	0.0845456	0.0230388	0.0463327	0.0541844	0.0623507	0.0542816	0.0147471	0.00125553	0.0109568
39	0.41951	0.111897	0.0026033	0.00246818	0.00108231	0.0757137	0.0017855	0.00636168	0.00560208	0.0114097	0.0032333	0.0137195	0.00102087	0.00333132	0.00450635	0.248772	0.0577722	0.0214446	0.000397631	0.00736848
40	0.0718346	0.00247545	0.22067	0.134095	0.00594449	0.0122352	0.00197043	0.00679122	0.0944388	0.00576096	0.00414636	0.0622897	0.00689037	0.0263032	0.00532866	0.124677	0.1992	0.0134647	0.000394663	0.00108864
41	0.0524197	0.010765	0.00881507	0.0535631	0.00471635	0.0124731	0.0214416	0.0150915	0.301717	0.0377265	0.0330547	0.042684	0.0130016	0.0683011	0.203033	0.0440037	0.0438665	0.0313512	0.000168926	0.00180535
42	0.357797	0.080057	0.00521625	0.00845524	0.00291584	0.0400313	0.00331525	0.0276925	0.00543686	0.0247974	0.00633136	0.0115535	0.00171359	0.0116459	0.00638391	0.263138	0.0736379	0.0627759	0.000590313	0.00651492
43	0.0102743	0.00255639	0.00082326	0.00283032	0.0138228	0.00071631	0.0065212	0.430318	0.00216567	0.327293	0.0170818	0.00164313	0.0185543	0.00307782	0.00767601	0.00285245	0.0158423	0.126986	0.00025752	0.00870691
44	0.00769938	0.023012	0.0103519	0.00644985	0.243506	0.0032142	0.0635513	0.0199808	0.00165162	0.0789658	0.00762523	0.0175833	0.011846	0.00469786	0.00800524	0.00765515	0.0128065	0.0239742	0.0395041	0.407919
45	0.0495342	0.00678703	0.0171243	0.0504796	0.00539792	0.0104973	0.0381982	0.0137998	0.304477	0.0325894	0.0223564	0.048133	0.00759993	0.055328	0.238552	0.0353327	0.0330241	0.0207771	0.00178263	0.0082287
46	0.0533198	0.00998829	0.0126763	0.0697584	0.00639442	0.0134759	0.0278484	0.0246596	0.272224	0.0466387	0.0300897	0.0388253	0.0141913	0.0728591	0.191922	0.0424062	0.0391243	0.0301082	0.000510497	0.00297907
47	0.466563	0.0547086	0.00571583	0.0104818	0.00257038	0.249157	0.0037339	0.00577654	0.0106514	0.0151728	0.00414308	0.0170369	0.00272289	0.004929	0.00971466	0.106668	0.015164	0.0086143	0.00097676	0.00550015
48	0.190725	0.0321338	0.0155371	0.0320713	0.00298691	0.0182774	0.00419031	0.033356	0.00457501	0.0587341	0.0195912	0.0065753	0.00185068	0.0461475	0.0140065	0.235026	0.191748	0.0877622	0.000788988	0.00391652
49	0.438757	0.0542732	0.00815592	0.00953673	0.00178412	0.0540536	0.0056318	0.0159767	0.00822409	0.0115975	0.00583548	0.011612	0.00173067	0.00726171	0.00753075	0.292419	0.0385742	0.0204841	0.000716085	0.00584495
50	0.00812222	0.0101403	0.00244425	0.0351357	0.037926	0.0023829	0.264849	0.00288339	0.0197386	0.0209269	0.00262011	0.196003	0.00157164	0.0597974	0.0215694	0.0172447	0.0162236	0.00372992	0.000754819	0.275936
51	0.0366432	0.0287346	0.000908631	0.00540401	0.0722346	0.00106101	0.00291628	0.124956	0.00252287	0.436502	0.127416	0.0031812	0.0029891	0.00701851	0.00566781	0.0130759	0.013628	0.0954941	0.00111898	0.0185273
52	0.483958	0.0665107	0.00457698	0.00554678	0.00237528	0.114391	0.00342894	0.0057845	0.015578	0.0238229	0.00393413	0.016841	0.00246512	0.00514438	0.0137593	0.188755	0.0235863	0.0114832	0.00110367	0.00695411
53	0.033828	0.0281931	0.00116151	0.00644671	0.0582543	0.00158167	0.00352611	0.123341	0.00414141	0.46331	0.111322	0.00565568	0.00342853	0.00864942	0.00798346	0.0180664	0.0147597	0.0875145	0.00115192	0.0176851
54	0.0709645	0.00228557	0.00454825	0.0159244	0.112931	0.0420956	0.00900611	0.0427895	0.0647007	0.233967	0.0568441	0.0508929	0.018539	0.0194142	0.0385583	0.0685797	0.0369841	0.0310796	0.0157214	0.0641744
55	0.0603219	0.00488913	0.0422772	0.0927458	0.00638417	0.0127774	0.0393163	0.0100494	0.230264	0.0273056	0.025488	0.0662663	0.00669108	0.0672978	0.207437	0.0469626	0.0324301	0.0145707	0.000389402	0.00613557
56	0.00833442	0.0221144	0.00933004	0.00625683	0.252223	0.00338976	0.0623941	0.0215901	0.00174428	0.0916135	0.00755853	0.017188	0.0123979	0.00429449	0.00811339	0.00748409	0.0133819	0.022939	0.0407625	0.38689
57	0.0534394	0.0107706	0.0101894	0.0554725	0.00460592	0.0138219	0.0221261	0.0150637	0.303616	0.0361306	0.0308541	0.0402108	0.0126888	0.0669574	0.204399	0.0443389	0.0418216	0.0314845	0.000197696	0.00181105
58	0.0783026	0.00326683	0.0850162	0.303585	0.000416722	0.00559615	0.0065655	0.00862109	0.201008	0.0286881	0.00277846	0.0304017	0.00564472	0.0878953	0.0420673	0.0532429	0.0343597	0.0206354	0.000158435	0.00174978
59	0.370729	0.0509977	0.0108818	0.0137656	0.00814731	0.0940272	0.0119951	0.0110287	0.0152898	0.030342	0.0154264	0.0160851	0.00617432	0.0207447	0.0172355	0.211066	0.0383967	0.0254101	0.00419405	0.0280625
60	0.0382721	0.0182875	0.00518613	0.046653	0.0264187	0.0121242	0.0052276	0.156072	0.100322	0.27254	0.0438451	0.00400249	0.00546256	0.0656895	0.0717691	0.0257624	0.0104005	0.0810802	0.00525907	0.00562555
61	0.0514752	0.011505	0.00795748	0.0528672	0.00493992	0.0131715	0.0221735	0.0160262	0.301507	0.039375	0.0331494	0.0398775	0.0139572	0.0692732	0.201511	0.0428935	0.0434937	0.0328147	0.000150022	0.00188237
62	0.070753	0.00258802	0.294766	0.126487	0.0110694	0.0494296	0.00446207	0.00701552	0.0378808	0.0165761	0.0187398	0.175612	0.00826614	0.0247628	0.0146091	0.0703595	0.0472737	0.0132224	0.00148101	0.00464579
63	0.0179999	0.0161259	0.0044305	0.00299599	0.269511	0.00526784	0.0150749	0.0451548	0.00544122	0.321413	0.0243627	0.00691075	0.00363391	0.00243578	0.0142417	0.00418533	0.00911261	0.0259581	0.0219462	0.183798
64	0.0480636	0.00217223	0.367577	0.100568	0.00563961	0.0832936	0.00321138	0.00370707	0.024764	0.00787031	0.00740512	0.230241	0.00230749	0.00684046	0.00862765	0.0641707	0.0231507	0.00530309	0.00192878	0.00315777
65	0.0534978	0.0107957	0.00759696	0.0552758	0.00555611	0.0138885	0.0221924	0.0191129	0.292904	0.0422034	0.0322971	0.0395345	0.0179821	0.070952	0.194405	0.0432715	0.0427982	0.0337178	0.000187968	0.0018305
66	0.0939385	0.0027821	0.186849	0.146745	0.00802814	0.015614	0.00501159	0.0107721	0.0665352	0.0263673	0.0219164	0.0987573	0.00805995	0.0414515	0.019294	0.0969602	0.121717	0.0249825	0.000475996	0.00374242
67	0.191596	0.0154057	0.0047799	0.00704548	0.0161142	0.00643414	0.00435597	0.151703	0.00622002	0.127135	0.0064021	0.00626487	0.00273168	0.00617614	0.00489546	0.0839102	0.0988585	0.252897	0.00143611	0.00563793
68	0.0513326	0.0114653	0.00847661	0.0511238	0.0047813	0.012462	0.0213201	0.0158742	0.298634	0.0410661	0.0336638	0.0410769	0.0131691	0.0720637	0.204065	0.042283	0.0428338	0.0321539	0.000226467	0.00192891
69	0.0462011	0.00830394	0.00819764	0.0418328	0.00397343	0.0103383	0.0195228	0.0116098	0.330897	0.037452	0.0280692	0.039429	0.0103589	0.06494	0.23357	0.0397076	0.0359482	0.0250165	0.00103801	0.00359385
70	0.0250817	0.0170732	0.00465644	0.00355842	0.225482	0.00636103	0.00886095	0.0570793	0.00687017	0.372959	0.0315807	0.00496081	0.00168566	0.00360225	0.0173195	0.00362562	0.00893889	0.0306801	0.0133521	0.156273
71	0.102283	0.00242012	0.152203	0.1523	0.00304369	0.0206678	0.00453982	0.0136497	0.0764253	0.0383414	0.0251919	0.120081	0.0103747	0.0647382	0.0457778	0.0589032	0.0750001	0.0283481	0.000349504	0.00536067
72	0.0856684	0.00511977	0.00640575	0.100117	0.0244502	0.0192294	0.0236227	0.0999763	0.093745	0.152977	0.0136287	0.0153212	0.0563487	0.111944	0.0511441	0.0411577	0.0343984	0.0589011	0.00136123	0.00448344
73	0.0401955	0.111592	0.00268358	0.0075269	0.0160484	0.00651729	0.00539768	0.170406	0.0083002	0.187085	0.0373993	0.0154802	0.00330213	0.00826782	0.00752008	0.0328093	0.0685084	0.258062	0.0019495	0.0109491
74	0.0686568	0.0044724	0.0963225	0.284086	0.000640535	0.00714322	0.00659169	0.00763334	0.187988	0.0231704	0.00411091	0.0435224	0.0083938	0.0842609	0.0478529	0.0611442	0.0406386	0.0194713	0.000275121	0.00362474
75	0.0557301	0.00618708	0.0190118	0.0596308	0.00956828	0.0110013	0.0207668	0.0102815	0.296279	0.0259808	0.0224726	0.0759465	0.00792014	0.0674646	0.208108	0.0482526	0.0322634	0.0189846	0.000854231	0.00329582
76	0.0462522	0.0186005	0.00447342	0.0460187	0.0315944	0.0101581	0.00412272	0.161562	0.0678246	0.308981	0.0691744	0.00547181	0.00183332	0.0490451	0.0548457	0.0280175	0.0129067	0.0636348	0.00470574	0.0107776
77	0.0137602	0.0091736	0.000775234	0.00432614	0.0156851	0.000827046	0.00412629	0.412263	0.00382076	0.249526	0.027071	0.00137506	0.0127252	0.00433568	0.00901171	0.00497371	0.0210266	0.196476	0.000316017	0.00840612
78	0.0135553	0.000927435	0.00154488	0.00214967	0.0012161	0.0024226	0.0124941	0.00156865	0.463195	0.03423	0.0115949	0.025752	0.002374	0.0516717	0.318459	0.0139234	0.0206264	0.00748188	0.00488628	0.00992708
79	0.0498786	0.0110544	0.00746312	0.0535057	0.0048653	0.012782	0.0211172	0.0156165	0.30375	0.0436295	0.0342043	0.0377275	0.0149922	0.0702204	0.201605	0.0412253	0.0413258	0.032986	0.000171445	0.00187942
80	0.0466141	0.0188963	0.00739096	0.069766	0.019635	0.0104348	0.005116	0.187347	0.0858061	0.257957	0.0545352	0.00302914	0.00231787	0.0650066	0.0606323	0.0322927	0.00904867	0.0546723	0.00397689	0.00552456
81	0.0904629	0.00142131	0.0968615	0.177409	0.00555433	0.0158366	0.0331557	0.00988319	0.119609	0.0358604	0.0176778	0.0816257	0.00431619	0.0657905	0.131542	0.0503354	0.0401426	0.0127756	0.000433577	0.00930735
82	0.0110869	0.0190602	0.00811769	0.00607315	0.277174	0.00451798	0.0528409	0.0262203	0.00324212	0.13531	0.0120985	0.0165501	0.00974788	0.00460858	0.00960898	0.00720885	0.0122987	0.0237242	0.0362071	0.324304
83	0.150658	0.0180636	0.0385261	0.202251	0.0672898	0.00591117	0.00642184	0.00623536	0.0270615	0.0866486	0.00534283	0.0827288	0.0191461	0.0715614	0.0352597	0.118251	0.00987104	0.00828313	0.00125223	0.0392361
84	0.114986	0.00141355	0.0315978	0.0789088	0.00263351	0.0200729	0.0162409	0.00515549	0.31228	0.0131739	0.00528992	0.0569209	0.00118587	0.0296723	0.215199	0.0709121	0.0153318	0.0060885	0.000427389	0.00250883
85	0.02075	0.00260455	0.169936	0.19986	0.00214969	0.0835765	0.0149094	0.00413121	0.0178965	0.00500531	0.0037152	0.0675499	0.00229583	0.0358199	0.00646441	0.302816	0.0519425	0.0051626	0.00138594	0.00202772
86	0.0324113	0.0165333	0.00928739	0.0117915	0.181778	0.0130274	0.0329114	0.0303732	0.0211292	0.178306	0.0362539	0.0220417	0.0117484	0.0125778	0.0179228	0.0280086	0.0299879	0.0266022	0.0393777	0.247931
87	0.0718346	0.00247545	0.22067	0.134095	0.00594449	0.0122352	0.00197043	0.00679122	0.0944388	0.00576096	0.00414636	0.0622897	0.00689037	0.0263032	0.00532866	0.124677	0.1992	0.0134647	0.000394663	0.00108864
88	0.0245626	0.00453522	0.00988378	0.0134346	0.00559114	0.729124	0.00410859	0.0101206	0.0157778	0.0354337	0.00627779	0.0174938	0.00472686	0.00827815	0.0153657	0.0369417	0.0352313	0.0126248	0.00247207	0.00801608
89	0.0709147	0.00190535	0.00748313	0.0451447	0.00411356	0.0120036	0.0134752	0.0551503	0.037078	0.00958964	0.0118895	0.00388256	0.621034	0.0241539	0.01585	0.0268701	0.0046849	0.0283539	0.00095657	0.00546688
90	0.0512454	0.0151568	0.00772817	0.0538361	0.00463455	0.0136316	0.0276898	0.0192823	0.290722	0.0363405	0.0337958	0.0369425	0.0141761	0.0689941	0.204928	0.0426399	0.0413697	0.0346475	0.000277252	0.00196169
91	0.0123051	0.0127789	0.000653488	0.00247434	0.0162269	0.000529035	0.00316158	0.422582	0.00325455	0.203541	0.031448	0.00134028	0.0116722	0.0023804	0.00642592	0.00548053	0.0240612	0.22964	0.000225355	0.00981875
92	0.0210802	0.0011333	0.0359967	0.00242576	0.00115154	0.0122997	0.00163358	0.00252682	0.0134748	0.0245471	0.00167207	0.0415641	0.0120002	0.00212378	0.00301118	0.189961	0.624132	0.00760896	0.000331546	0.00132559
93	0.0965059	0.00278932	0.00366869	0.0906355	0.018142	0.0141785	0.0235296	0.0872095	0.10605	0.151004	0.00542584	0.0172669	0.080632	0.112765	0.047312	0.0373319	0.0377748	0.0637103	0.000946774	0.00312102
94	0.0748583	0.0033837	0.0812826	0.311283	0.000378526	0.00557809	0.00697738	0.0077096	0.204309	0.025254	0.00235599	0.0292576	0.00528409	0.0878333	0.0438194	0.0559617	0.0334018	0.0191081	0.000195217	0.00176875
95	0.0161254	0.0174029	0.00873209	0.00768543	0.276744	0.00827296	0.0442723	0.0254559	0.00983109	0.121809	0.0162497	0.0233374	0.0117107	0.0060326	0.0129861	0.0188325	0.0148212	0.0249972	0.043282	0.29142
96	0.0190915	0.0268854	0.000734528	0.0018197	0.020347	0.000653129	0.00195463	0.364916	0.00383176	0.113894	0.0350719	0.00229481	0.00313895	0.00165616	0.00343415	0.00738336	0.0255806	0.355374	0.000339887	0.0115996
97	0.0499388	0.0149401	0.0068524	0.0408452	0.00950036	0.0109688	0.0222924	0.0143895	0.291844	0.0453527	0.0264907	0.0404736	0.016335	0.0529149	0.19403	0.0539389	0.0593229	0.0409762	0.000520591	0.00807304
98	0.0102663	0.00277196	0.000816415	0.00279671	0.0138759	0.000719192	0.00639729	0.429333	0.0021776	0.325036	0.0175621	0.00161889	0.0184908	0.00304141	0.00759239	0.00291724	0.0160523	0.129412	0.000255337	0.0088669
99	0.0762251	0.00484402	0.0806979	0.037688	0.00641378	0.0183772	0.14181	0.0180296	0.0333196	0.0244426	0.0136731	0.0505086	0.36997	0.030349	0.0152511	0.0269343	0.0203429	0.0206767	0.00371209	0.00673397
100	0.0158217	0.00133586	0.00176304	0.00409616	0.0011933	0.00288713	0.0136093	0.00212528	0.456904	0.0353106	0.0122553	0.0254366	0.00277667	0.0519374	0.312989	0.0152499	0.021752	0.0088126	0.00451472	0.00922958
101	0.116487	0.00234757	0.0315732	0.0702941	0.00368946	0.0121792	0.0271417	0.00613787	0.250573	0.0157042	0.0106844	0.0728602	0.00250697	0.0425558	0.240252	0.0565091	0.0258744	0.00844015	0.000476504	0.00371295
102	0.00764227	0.0230499	0.0103995	0.00645344	0.243065	0.0032142	0.0635492	0.0198492	0.00163992	0.0781806	0.00763264	0.0176293	0.0117711	0.00473768	0.00799446	0.00766782	0.0128254	0.0240334	0.0392821	0.409382
103	0.20387	0.0236647	0.00317408	0.0131286	0.0159493	0.00411436	0.00499716	0.154517	0.00553859	0.0955109	0.0112859	0.00636197	0.00292492	0.00472518	0.00431995	0.052874	0.049336	0.3348	0.0033402	0.00556719
104	0.0143196	0.0212586	0.00876975	0.00826645	0.265454	0.00788363	0.0439556	0.0338682	0.00268847	0.13027	0.0129148	0.0146968	0.0130672	0.00343756	0.0127173	0.00792139	0.0108533	0.0322195	0.0429171	0.312521
105	0.0604597	0.00943327	0.0138521	0.0748075	0.00793944	0.0153727	0.0263831	0.0214947	0.260652	0.0416612	0.0321193	0.0413063	0.0146314	0.0710714	0.186643	0.0472959	0.0422494	0.0284649	0.000219029	0.00394302
106	0.0324555	0.0232342	0.00161769	0.00526639	0.0528067	0.00158756	0.00298842	0.19583	0.00332037	0.360701	0.144905	0.00348827	0.00453412	0.00669567	0.00630174	0.0128843	0.0157821	0.113775	0.00102365	0.0108029
107	0.0127619	0.0123988	0.000600897	0.00257855	0.0165542	0.000540661	0.00325604	0.413019	0.00311191	0.213369	0.0320931	0.0012952	0.0111211	0.00265017	0.00727043	0.00549717	0.0235945	0.228347	0.0002358	0.00970508
108	0.0418384	0.0245102	0.0050075	0.0522572	0.0264019	0.014779	0.00450553	0.17354	0.0900021	0.268599	0.0519517	0.00282677	0.00126255	0.0537657	0.0623708	0.0281923	0.00962424	0.0760501	0.00597495	0.00653971
109	0.0140679	0.0811814	0.007367	0.0855295	0.00497743	0.00960834	0.0090682	0.0212267	0.0114356	0.121314	0.0975514	0.0139479	0.00392439	0.160463	0.0517	0.0447854	0.106521	0.0974405	0.00341404	0.0544763
110	0.0610435	0.0028411	0.0636996	0.0857294	0.00228802	0.00722592	0.0410395	0.00435863	0.0705711	0.0294935	0.0210537	0.170998	0.289479	0.0491616	0.0177501	0.0290186	0.0344771	0.0157169	0.00117347	0.00288133
111	0.0391682	0.00223876	0.0303853	0.00422222	0.00215905	0.0111613	0.00270883	0.00432976	0.0130487	0.0235879	0.00313765	0.0494015	0.0104354	0.00477587	0.00435241	0.190955	0.585554	0.0150594	0.000888886	0.00242988
112	0.0342314	0.0282994	0.000866886	0.00511283	0.0627918	0.000907601	0.00262124	0.133181	0.00204888	0.426576	0.139527	0.00303034	0.00289738	0.00635175	0.00510228	0.0135182	0.0140143	0.104823	0.000717658	0.0133821
113	0.0210841	0.0229381	0.00268811	0.10066	0.0169486	0.00277092	0.00397789	0.146893	0.00463823	0.06028	0.0254195	0.0173497	0.0125205	0.0115864	0.00398143	0.0183132	0.0384967	0.45884	0.027616	0.00299728
114	0.00402336	0.00120939	0.34425	0.237322	0.00124916	0.00318042	0.0318392	0.00284281	0.0634796	0.00454322	0.00167872	0.083785	0.0249355	0.0358515	0.058026	0.037713	0.0300582	0.00424553	0.000474658	0.0292935
115	0.018283	0.0218761	0.000791524	0.00186951	0.0203667	0.000713974	0.00227766	0.383846	0.00398786	0.119222	0.0343897	0.00164271	0.00412612	0.00199428	0.00397677	0.00832921	0.0268422	0.332009	0.000292339	0.0131633
116	0.0562104	0.0079758	0.024638	0.083122	0.00506641	0.0119334	0.026828	0.0123692	0.269125	0.0322726	0.0287257	0.0525816	0.0100444	0.0693723	0.191278	0.0466123	0.0446047	0.0235238	0.000200404	0.00351626
117	0.0185352	0.0204085	0.000686452	0.00234929	0.0282668	0.000715668	0.00205714	0.348389	0.00323115	0.190577	0.0720882	0.00160902	0.00558322	0.00237318	0.00459412	0.0089177	0.0256413	0.25396	0.000518712	0.00949782
118	0.0582632	0.0128913	0.0960704	0.0597573	0.00800209	0.0188995	0.0146618	0.04126	0.0356619	0.0618073	0.020071	0.0924889	0.00875234	0.0306264	0.0467915	0.129959	0.199378	0.0533849	0.00216423	0.00910894
119	0.0195464	0.0223967	0.000818785	0.00177405	0.020655	0.000614134	0.00212092	0.37974	0.00402005	0.108023	0.0342659	0.00156065	0.0033274	0.00167228	0.00347474	0.00760864	0.0241286	0.351843	0.000334848	0.0120748
120	0.0267367	0.0357015	0.00152383	0.00629265	0.0297349	0.00137322	0.00422852	0.330723	0.00676467	0.109532	0.0373669	0.00343706	0.0034257	0.00335026	0.004927	0.00959611	0.0244111	0.345726	0.00195349	0.0131957
121	0.0291149	0.003912	0.00960338	0.0134594	0.00212029	0.803633	0.00449548	0.0054861	0.0129239	0.0100838	0.00297957	0.0153234	0.00322846	0.00544522	0.0123203	0.0426238	0.0166591	0.00398787	0.000697031	0.00190251
122	0.0504756	0.0037013	0.218833	0.157694	0.00484004	0.0216256	0.0267587	0.00890761	0.0558437	0.0185748	0.0146631	0.0767477	0.147592	0.0389255	0.0305458	0.0544297	0.0382663	0.0155091	0.00330674	0.0127602
123	0.0299356	0.0201271	0.00234906	0.00825169	0.0176221	0.00274539	0.00322004	0.329997	0.00543305	0.0998379	0.0291325	0.00496168	0.00400815	0.00471429	0.00540348	0.0238657	0.0717779	0.323301	0.00223336	0.0110831
124	0.00459292	0.00160877	0.00184231	0.00256901	0.661304	0.00188043	0.0023232	0.00607966	0.00299298	0.0140661	0.00273716	0.00291814	0.00134773	0.00248877	0.00247819	0.00451624	0.00986484	0.0147473	0.00068169	0.25896
125	0.00457408	0.00182964	0.00193035	0.00259381	0.658845	0.00189687	0.00263789	0.00619187	0.0029943	0.0143946	0.0027748	0.00299892	0.00138469	0.00251486	0.00251874	0.0045578	0.00985105	0.0147715	0.00106969	0.259669
126	0.0634762	0.00550954	0.214243	0.144641	0.00630263	0.0491118	0.0158075	0.0098506	0.0577317	0.0195447	0.0124799	0.100425	0.0166476	0.0399125	0.0289524	0.124856	0.0626538	0.0152207	0.002262	0.010372
127	0.0250729	0.0797315	0.00232423	0.0175866	0.0280149	0.00266081	0.0032015	0.145258	0.00434115	0.187948	0.0354185	0.012669	0.00428287	0.00413588	0.00401272	0.0114891	0.0451157	0.375756	0.00504322	0.00593669
128	0.0349152	0.0321229	0.000839189	0.00576871	0.0613603	0.00107652	0.003199	0.11697	0.00222488	0.467806	0.119506	0.00348654	0.00279645	0.00732853	0.00538817	0.0149965	0.0119653	0.0906605	0.000710681	0.0168779
129	0.0146318	0.0121476	0.00710786	0.0429139	0.0142447	0.00630267	0.254454	0.00863748	0.0185129	0.0203588	0.00674047	0.337153	0.00792434	0.0451515	0.0436663	0.0606772	0.0169086	0.0119466	0.00182008	0.0686996
130	0.0126765	0.00596374	0.000751807	0.00351739	0.0173793	0.000790771	0.00534268	0.400485	0.00302535	0.320428	0.0268964	0.00181035	0.0159109	0.00389228	0.00917999	0.00424661	0.017603	0.140774	0.000369458	0.00895641
131	0.0238949	0.0155775	0.00392593	0.00487061	0.244517	0.00731924	0.0126702	0.0552836	0.0115031	0.324155	0.0321631	0.00925668	0.00495349	0.00467484	0.015824	0.0096804	0.011644	0.0316537	0.0220634	0.154369
132	0.0743229	0.0033329	0.082262	0.307893	0.000401088	0.00579114	0.00742452	0.00766968	0.204779	0.0251126	0.00246338	0.03079	0.00500379	0.0876767	0.0448365	0.0558044	0.0335756	0.0189334	0.000137603	0.0017896
133	0.0251967	0.0114183	0.00661922	0.0469304	0.0123969	0.00901504	0.025492	0.250372	0.0866499	0.173155	0.0787129	0.00682353	0.00362205	0.0282673	0.128402	0.055871	0.0130175	0.0273763	0.00453493	0.00612727
134	0.0476609	0.0148602	0.00949666	0.0486974	0.0689126	0.00853827	0.183781	0.0189613	0.0184223	0.026956	0.0153984	0.170325	0.00507947	0.0463542	0.0219251	0.0308984	0.0547959	0.014279	0.00389213	0.190765
135	0.0306608	0.00533333	0.0143781	0.0209878	0.00366682	0.682229	0.00560555	0.0214674	0.0351205	0.0168488	0.00613294	0.0186322	0.00444401	0.00877247	0.0168086	0.0515662	0.0401198	0.0110663	0.00177343	0.00438615
136	0.0656948	0.00137009	0.00214874	0.0152312	0.122615	0.0274293	0.00916884	0.0398561	0.0668559	0.248057	0.06036	0.0407841	0.0231909	0.017628	0.0353474	0.0638161	0.0393413	0.0308503	0.0186462	0.0716084
137	0.0579472	0.0111993	0.0231135	0.0938153	0.0565673	0.0173625	0.0189033	0.0578091	0.0438125	0.0559243	0.0218837	0.023649	0.238111	0.0365239	0.0277808	0.0417533	0.0282766	0.119172	0.00710939	0.0192866
138	0.0989203	0.0406142	0.060291	0.0274043	0.00943693	0.0532123	0.0505668	0.0462809	0.0168085	0.0565158	0.0131785	0.204703	0.00651532	0.0180497	0.0178314	0.185578	0.0588341	0.0224061	0.00300604	0.00984724
139	0.0851087	0.00215485	0.150462	0.241213	0.0025395	0.0232296	0.0047108	0.00285174	0.049776	0.0118938	0.0252257	0.0490764	0.161117	0.0484941	0.0195812	0.0677601	0.0254886	0.0197647	0.00718713	0.00236465
140	0.0717531	0.00247639	0.220528	0.134245	0.0059351	0.0122429	0.00197563	0.00677062	0.0945829	0.00574849	0.00413312	0.0624019	0.00690189	0.0263238	0.00538122	0.12455	0.199125	0.0134422	0.000394891	0.00108756
141	0.0214551	0.0423223	0.0187459	0.0211851	0.00652885	0.0113361	0.138286	0.0206185	0.0725657	0.0480553	0.0190445	0.306916	0.0446779	0.0173524	0.107547	0.028012	0.0353232	0.0292701	0.00232168	0.00843683
142	0.0626821	0.0066295	0.00808843	0.0141662	0.0595795	0.0152188	0.0105767	0.0482252	0.0834958	0.0649607	0.0470599	0.0208092	0.0709868	0.0138475	0.0766936	0.111753	0.0809129	0.122739	0.00630646	0.0752679
143	0.0150443	0.018837	0.00690357	0.00478499	0.244038	0.00542988	0.0320886	0.0345136	0.00518376	0.220222	0.0207047	0.0117808	0.00702381	0.00355279	0.0128659	0.00697316	0.0107722	0.0302284	0.0302888	0.278763
144	0.0743069	0.0141435	0.0157165	0.0268423	0.245458	0.0178417	0.0213966	0.0491772	0.0294472	0.145743	0.0353948	0.0296409	0.0139871	0.0210358	0.0254345	0.0400551	0.0242926	0.0460012	0.017526	0.106559
145	0.050501	0.0220297	0.0461333	0.0505335	0.0374426	0.032161	0.0504918	0.0313684	0.0534879	0.122499	0.0255624	0.172308	0.0328681	0.0363871	0.0435125	0.0541866	0.0423978	0.0459112	0.00589186	0.0443262
146	0.0218643	0.00253396	0.00655021	0.00983995	0.00120106	0.847826	0.00224663	0.00491239	0.0115349	0.00906625	0.00227734	0.0142979	0.00252923	0.00376111	0.0127741	0.02832	0.0138954	0.00252868	0.000452735	0.00158787
147	0.0384752	0.00346868	0.297883	0.129756	0.00644948	0.059351	0.0159774	0.00693258	0.0525165	0.0129885	0.0105279	0.16406	0.0170055	0.0278831	0.0275633	0.0609812	0.0404433	0.0123145	0.00313319	0.0122888
148	0.0195645	0.0153574	0.00485091	0.00411341	0.266574	0.00584033	0.0189366	0.0451362	0.0074558	0.28127	0.0258929	0.00926677	0.00506743	0.00381114	0.0137439	0.00759134	0.0110953	0.0278544	0.0213797	0.205198
149	0.0271961	0.0241396	0.00205533	0.0157959	0.0230075	0.00313955	0.00424737	0.32218	0.00780704	0.118168	0.0320167	0.00605577	0.0058734	0.00553636	0.00614916	0.0123546	0.0279589	0.340686	0.00346218	0.0121702
150	0.0484577	0.0137761	0.200121	0.0823134	0.0198223	0.11754	0.0220253	0.0167427	0.0359561	0.0329202	0.0167102	0.0849657	0.0408117	0.0315347	0.0286401	0.0664899	0.0323839	0.0253679	0.0648107	0.0186108
151	0.038434	0.00602806	0.018349	0.0450463	0.00450244	0.00962095	0.0193442	0.010652	0.343042	0.0359159	0.0212251	0.0415375	0.0109076	0.0649489	0.240277	0.0324336	0.030731	0.018756	0.00220208	0.00604624
152	0.0197796	0.00225898	0.00771956	0.00970271	0.00124281	0.847594	0.00249441	0.00528025	0.0119342	0.00922578	0.00178882	0.015214	0.00231464	0.00324252	0.0123334	0.0277707	0.0147362	0.00310676	0.000456797	0.00180347
153	0.106717	0.0139241	0.052565	0.0821705	0.0106685	0.0374414	0.0221655	0.0239029	0.0604184	0.0390002	0.0277664	0.0359815	0.0151366	0.108404	0.0389082	0.18611	0.0777219	0.0406079	0.0047923	0.0155972
154	0.0159132	0.0141496	0.012263	0.0128457	0.228927	0.010442	0.0525377	0.0181127	0.00994751	0.0484705	0.01066	0.0172092	0.00882015	0.00977933	0.0336628	0.0174839	0.0153876	0.0221012	0.267891	0.173396
155	0.336211	0.106128	0.0112451	0.0118787	0.0029436	0.105592	0.00699591	0.011241	0.0121139	0.0194064	0.00805547	0.0207979	0.00279047	0.0114484	0.010414	0.233356	0.0525994	0.0252993	0.00276522	0.00871837
156	0.0135544	0.175782	0.00174635	0.00350563	0.0220391	0.00266245	0.00213863	0.0313391	0.0031896	0.282016	0.0416636	0.0214721	0.00169659	0.00280989	0.00320955	0.00705275	0.0696345	0.311897	0.000658496	0.00193275
157	0.0661999	0.00760644	0.10774	0.230468	0.010927	0.0210285	0.0188393	0.0218392	0.110519	0.0425441	0.0146265	0.0550059	0.0293829	0.0626455	0.0499113	0.0611618	0.0406887	0.0307584	0.00309468	0.0150133
158	0.0133427	0.132705	0.00261492	0.0175622	0.013096	0.00633896	0.00595928	0.143772	0.0074176	0.142772	0.0341652	0.028049	0.0037017	0.00832519	0.00700616	0.0154049	0.0633439	0.339654	0.00476204	0.0100067
159	0.0622993	0.0246845	0.00266603	0.0147264	0.0327412	0.0024858	0.0125193	0.286174	0.00725005	0.0688224	0.0361185	0.00516402	0.00379968	0.00465003	0.00528399	0.0122468	0.0208668	0.38244	0.00320128	0.01186
160	0.0315386	0.0201955	0.00088544	0.00469297	0.0599535	0.00103548	0.00364976	0.185493	0.00226951	0.425383	0.0943394	0.00302572	0.00807502	0.00627473	0.00629304	0.0106096	0.0163232	0.101958	0.000884847	0.01712
161	0.0778491	0.01595	0.00827888	0.0125469	0.0220736	0.0388315	0.00985261	0.0428407	0.0171207	0.267185	0.0209658	0.0179278	0.00600749	0.0144715	0.0130548	0.0716973	0.1248	0.1697	0.00367768	0.0451681
162	0.0383041	0.0258919	0.00162462	0.00598635	0.105104	0.00312693	0.00473823	0.101421	0.00466696	0.442286	0.0907603	0.00472475	0.00343784	0.00798073	0.00873246	0.0125576	0.0125319	0.0748778	0.00350348	0.0477423
163	0.0212678	0.0159228	0.00436372	0.00321374	0.257187	0.00571862	0.00970069	0.0526396	0.00639237	0.352975	0.0288437	0.00558515	0.00241651	0.00296158	0.0153138	0.00401835	0.0097746	0.0275626	0.0160984	0.158044
164	0.384053	0.124187	0.00210734	0.00275684	0.00116068	0.0592289	0.0017747	0.00687516	0.0046376	0.0114948	0.00409192	0.0153697	0.00102931	0.00452376	0.00379609	0.263068	0.0741462	0.0269832	0.000332452	0.00838288
165	0.0181403	0.0161219	0.0049861	0.003098	0.25192	0.00563517	0.017968	0.0425038	0.00560389	0.313058	0.0234595	0.00736948	0.00382065	0.00231245	0.0154927	0.00422808	0.00897107	0.0247596	0.023003	0.207548
166	0.0340746	0.0662997	0.0156306	0.0263553	0.0149125	0.0134332	0.144949	0.0916378	0.155709	0.0322569	0.101237	0.0527011	0.00938024	0.0322334	0.0504082	0.0378006	0.0477224	0.0523131	0.00344846	0.0174969
167	0.0428914	0.0385676	0.00428284	0.0289767	0.050458	0.00946691	0.00549436	0.172033	0.0582499	0.291836	0.0519409	0.00519726	0.00341235	0.0311241	0.0479824	0.0221788	0.0136368	0.0839112	0.0227692	0.0155902
168	0.060212	0.0339926	0.00312251	0.0180341	0.0525961	0.00665313	0.027975	0.122704	0.00972602	0.36743	0.0691265	0.00748247	0.00349213	0.0131978	0.0106472	0.0161447	0.0280006	0.0917979	0.00199427	0.0556709
169	0.00962186	0.0253998	0.0175064	0.00933106	0.241564	0.0071115	0.056471	0.0195169	0.00217541	0.0720713	0.0134037	0.0268049	0.0106087	0.00449383	0.0119802	0.0133103	0.0113604	0.0288217	0.0333166	0.385131
170	0.0620714	0.00495552	0.0337818	0.0737315	0.00786335	0.0188859	0.0194964	0.0332068	0.102549	0.0373046	0.0150584	0.0417143	0.335974	0.0675685	0.043487	0.0367918	0.0285431	0.0280935	0.00193367	0.00698921
171	0.0498935	0.00141846	0.197032	0.155147	0.00157033	0.0282996	0.00833661	0.0110546	0.0954332	0.0226177	0.0158206	0.135841	0.0136797	0.0646772	0.0623913	0.0529761	0.0622855	0.0161405	0.000431379	0.004954
172	0.0200212	0.00183936	0.0059443	0.0125407	0.00244694	0.78409	0.00330703	0.00705251	0.0247289	0.0127738	0.0042165	0.0133846	0.00480252	0.00716237	0.0330203	0.0350691	0.0175005	0.00554169	0.000896974	0.0036605
173	0.0245323	0.0153903	0.0287432	0.0392728	0.0248284	0.0373804	0.182818	0.0145967	0.0485366	0.027519	0.0142673	0.250799	0.0190745	0.0398456	0.0471486	0.0436126	0.0295449	0.0189413	0.00359059	0.0895575
174	0.0550336	0.0153234	0.0379221	0.0475516	0.0358682	0.0215186	0.206741	0.028115	0.0543799	0.0374624	0.0213635	0.103732	0.0298268	0.0466469	0.0420396	0.0488797	0.0378472	0.0333179	0.00645412	0.0899773
175	0.0679442	0.00773548	0.11819	0.225776	0.00847569	0.0222173	0.0208482	0.0165355	0.108264	0.0337703	0.0121753	0.0598363	0.0265153	0.0639686	0.0480346	0.0720404	0.0451524	0.0256553	0.00305246	0.0138128
176	0.0210821	0.00112444	0.0359949	0.00241722	0.00115862	0.0122882	0.00163072	0.00254712	0.0134946	0.0245329	0.00167313	0.0415295	0.0120406	0.00226207	0.00303229	0.189852	0.623998	0.00768407	0.00033206	0.00132515
177	0.0897071	0.00386237	0.195868	0.135562	0.00614365	0.0220927	0.0110288	0.0108315	0.0518395	0.0273859	0.0168181	0.129777	0.00714202	0.0352453	0.0177287	0.109897	0.100228	0.0244269	0.000698006	0.00371827
178	0.0268769	0.0201759	0.00139411	0.00921425	0.0420289	0.00202669	0.00380106	0.242144	0.0114342	0.344793	0.0892935	0.00288796	0.0067111	0.0101063	0.0130652	0.0127334	0.0170155	0.129977	0.0015283	0.0127923
179	0.051627	0.0133562	0.0893328	0.0706294	0.0107344	0.0363202	0.0455294	0.0185508	0.0676693	0.0345199	0.0169142	0.169903	0.0252193	0.036862	0.0464753	0.0738001	0.137595	0.0300086	0.00400005	0.0209526
180	0.0325289	0.00275893	0.00545917	0.0158284	0.0017783	0.00520859	0.0188287	0.00399538	0.408802	0.0304884	0.0143095	0.0311742	0.0037279	0.0523557	0.302617	0.0226096	0.0255967	0.0114658	0.00331916	0.00714744
181	0.0190148	0.0208049	0.000760471	0.00223747	0.0272001	0.000748034	0.00191307	0.343009	0.00338071	0.167841	0.0762097	0.00156934	0.00430199	0.00190435	0.00398651	0.00860149	0.0270306	0.279768	0.000293314	0.00942569
182	0.00696332	0.0114756	0.00609106	0.0043343	0.46112	0.00333924	0.0278667	0.0148243	0.00261427	0.06174	0.00683261	0.00990075	0.00576282	0.00317398	0.00628589	0.00653528	0.010501	0.0200163	0.0184486	0.312174
183	0.02312	0.00243747	0.00610938	0.0109912	0.0021473	0.836822	0.00264661	0.00585368	0.0113383	0.0113608	0.00332221	0.0123614	0.00231776	0.00523957	0.0137471	0.0284742	0.0144922	0.00374534	0.000857981	0.00261577
184	0.0144612	0.00902557	0.0058234	0.00706371	0.476354	0.0129374	0.0193514	0.0268078	0.0082556	0.0894489	0.0154452	0.0109013	0.00645097	0.00709424	0.00933457	0.0114696	0.0125878	0.0252599	0.013457	0.218471
185	0.00627812	0.00214625	0.29518	0.29028	0.00197944	0.00481394	0.0231227	0.00837551	0.0447906	0.0117278	0.00305189	0.0581874	0.018271	0.0472562	0.0619559	0.0286679	0.0436964	0.00573028	0.000667456	0.0438221
186	0.0422311	0.00449499	0.241205	0.0817864	0.0063194	0.152641	0.018613	0.0108367	0.0740996	0.0441935	0.0116656	0.116246	0.0230016	0.035431	0.024015	0.0469629	0.0353933	0.0154809	0.00595719	0.00942655
187	0.0610836	0.0071847	0.132775	0.223738	0.00939738	0.0193025	0.01981	0.0160418	0.106145	0.0347024	0.0136138	0.0615834	0.0262434	0.0609995	0.052958	0.0644289	0.0455093	0.0268831	0.0032291	0.0143707
188	0.0486019	0.00132271	0.207925	0.172022	0.00145963	0.0268078	0.00782635	0.0105066	0.0927918	0.0228144	0.013927	0.128393	0.0122441	0.0693359	0.0586983	0.0461195	0.0574532	0.0149507	0.000491483	0.00630849
189	0.0398088	0.0290622	0.00113479	0.00705795	0.0821219	0.00174312	0.00406341	0.114349	0.00378283	0.453548	0.103212	0.0035786	0.00278792	0.00890462	0.00798643	0.0123817	0.012079	0.0823437	0.00168827	0.0283656
190	0.0299374	0.0168262	0.00516187	0.00843732	0.232312	0.006485	0.0145789	0.129017	0.013254	0.208436	0.0360219	0.010083	0.00703197	0.00876564	0.0140167	0.0167385	0.0189529	0.0927642	0.0134936	0.117687
191	0.182301	0.0347803	0.0117197	0.0390966	0.00249284	0.0149339	0.00474637	0.0204769	0.00558652	0.0445056	0.0179565	0.00662259	0.00214186	0.0729702	0.0192537	0.254912	0.196557	0.0645065	0.000879856	0.00356065
192	0.0397255	0.00309223	0.188489	0.300358	0.00230881	0.0114787	0.0106209	0.0180096	0.0738992	0.0285342	0.0084982	0.0508233	0.00904144	0.0813963	0.0583977	0.033066	0.0486085	0.0123488	0.000641304	0.0206623
193	0.190511	0.0139056	0.00449768	0.00660734	0.0192897	0.00767334	0.00453712	0.134907	0.00661326	0.148899	0.0059704	0.00660589	0.0030546	0.00585371	0.00520611	0.0848836	0.0948061	0.247522	0.00134336	0.00731333
