487	20
1	0.0803353	0.0235526	0.0214472	0.0369774	0.0271387	0.029284	0.0238971	0.0444706	0.0490754	0.0691523	0.100211	0.0404904	0.0143391	0.0494596	0.0432003	0.19135	0.0876918	0.0490696	0.00578567	0.0130716
2	0.0210451	0.0243567	0.00318236	0.0039112	0.139851	0.00326823	0.280259	0.0115418	0.0449826	0.0588652	0.0102634	0.0129583	0.00189643	0.00508471	0.082716	0.0208828	0.00606891	0.0137876	0.0470985	0.207981
3	0.00390058	0.00129197	0.000392796	0.000527744	0.00312102	0.00044808	0.000377075	0.607351	0.000594834	0.0571959	0.00772964	0.000868418	0.001462	0.00393301	0.00347516	0.00292049	0.00184826	0.301338	0.000140086	0.00108373
4	0.0321407	0.00500154	0.0735282	0.244673	0.00514544	0.0176825	0.0192321	0.0428979	0.100411	0.0504607	0.0124675	0.0413773	0.00125793	0.13136	0.0477278	0.0445505	0.0607701	0.062307	0.000220511	0.00678831
5	0.0422835	0.0106732	0.095118	0.19759	0.00264868	0.0257911	0.0164937	0.0151539	0.103272	0.0212266	0.00842067	0.063012	0.00377195	0.102453	0.0777898	0.0994226	0.0773903	0.0314659	0.00101541	0.00500813
6	0.00403507	0.00154545	0.00039984	0.000554704	0.00322531	0.000457006	0.000378396	0.59974	0.000647868	0.0635522	0.010248	0.00115178	0.00169905	0.00397709	0.00344986	0.00287445	0.00262901	0.298199	0.000168811	0.00106707
7	0.00878397	0.0209378	0.0475402	0.0323487	0.0232602	0.00168314	0.0289363	0.138589	0.0146384	0.0392018	0.0154573	0.00395999	0.00104524	0.00490107	0.0109592	0.0600896	0.1137	0.419685	0.000701489	0.013582
8	0.0884747	0.0587402	0.0157035	0.0151077	0.00778838	0.0489705	0.00669588	0.0107039	0.0143464	0.0107243	0.0136861	0.0479069	0.00356174	0.0296873	0.0273419	0.460063	0.107147	0.0227619	0.00151526	0.0090733
9	0.0133324	0.0165881	0.00757001	0.0177896	0.271137	0.010317	0.0437554	0.0129147	0.0142494	0.0393064	0.0125785	0.0178212	0.00273287	0.0149016	0.00994682	0.0193821	0.0205179	0.0367112	0.0101069	0.408341
10	0.245414	0.0515746	0.0128129	0.0454957	0.00836261	0.123888	0.0112401	0.0124458	0.0335856	0.0273055	0.0196818	0.0200643	0.111233	0.0541981	0.060012	0.101213	0.0248807	0.0285292	0.002779	0.00528453
11	0.0269194	0.00994453	0.0375158	0.0837353	0.00479406	0.0262835	0.0606749	0.00701369	0.154858	0.0117251	0.00604998	0.115388	0.0070515	0.117162	0.141045	0.0776521	0.0874617	0.0164882	0.00072991	0.007508
12	0.0147693	0.00516322	0.00145943	0.0119244	0.00627039	0.00874918	0.0333653	0.00327591	0.399564	0.00586188	0.00609334	0.0184418	0.000386255	0.0404515	0.374742	0.0399756	0.0209795	0.00548453	0.00143642	0.00160572
13	0.0600033	0.0127444	0.00594633	0.00931611	0.00519029	0.0019924	0.0059308	0.206839	0.0298611	0.028422	0.0328423	0.00577802	0.000907838	0.0397749	0.0167366	0.0147065	0.128225	0.391839	0.00151308	0.00143173
14	0.00669654	0.022383	0.0518009	0.0356362	0.0258802	0.00197223	0.0313909	0.130055	0.0148802	0.0372718	0.0149829	0.00411138	0.0012435	0.00449437	0.0115348	0.0610938	0.117956	0.410432	0.000684671	0.0154999
15	0.0041451	0.00151091	0.000410564	0.000523459	0.0031728	0.000457841	0.00038548	0.604183	0.000600264	0.0583852	0.00800936	0.000971883	0.00151023	0.00389954	0.00343794	0.00290973	0.00197966	0.302299	0.00014371	0.00106456
16	0.090452	0.00903947	0.0611061	0.0734309	0.00828861	0.0373231	0.0193258	0.0109127	0.0581068	0.0188386	0.017687	0.0589246	0.0034472	0.076469	0.0408113	0.237841	0.140546	0.023613	0.00358278	0.0102543
17	0.0159256	0.00664717	0.165851	0.0367092	0.00088625	0.231474	0.0377149	0.00186828	0.0547942	0.00287425	0.00546496	0.273963	0.0178479	0.016757	0.00622691	0.0846252	0.026321	0.00862432	0.000490945	0.00493263
18	0.005107	0.00381738	0.46417	0.0584423	0.00121833	0.0189801	0.0481609	0.00346727	0.0181147	0.0105332	0.00191077	0.253046	0.00802729	0.0171163	0.00937779	0.0555883	0.0141634	0.00419668	0.00154692	0.00301562
19	0.0600688	0.00325464	0.0401107	0.0654558	0.00195944	0.0146013	0.0121026	0.00534551	0.0600344	0.0155933	0.00257714	0.0354707	0.409011	0.0505329	0.118238	0.089838	0.00465991	0.00840032	0.00101748	0.00172738
20	0.0413811	0.0112652	0.0152312	0.081369	0.0234232	0.0289293	0.0965683	0.0270247	0.0422322	0.0728006	0.039764	0.0761519	0.00234039	0.208653	0.0516996	0.0706969	0.0522382	0.0365715	0.000435662	0.021224
21	0.0120581	0.0209916	0.0033597	0.00565643	0.182078	0.00353649	0.00538414	0.0907171	0.00907538	0.417081	0.099786	0.00569875	0.0096611	0.00814039	0.00572964	0.011762	0.0168817	0.0530306	0.00169482	0.0376774
22	0.0364687	0.0165867	0.0775559	0.0465755	0.00489307	0.0402741	0.0267328	0.0196177	0.0490734	0.0199706	0.00999833	0.193618	0.0158657	0.0528353	0.0449435	0.161552	0.145365	0.0276934	0.00176795	0.00861153
23	0.520129	0.0508296	0.00440134	0.00655277	0.00593865	0.038354	0.00415229	0.00586814	0.00414464	0.0138644	0.0108173	0.0147449	0.00417309	0.00856628	0.00711485	0.221896	0.0468834	0.0270655	0.000647608	0.00385543
24	0.00784352	0.00433652	0.00139009	0.00123664	0.00478495	0.000781408	0.00084774	0.520327	0.00149345	0.0750907	0.0135483	0.00242279	0.00217995	0.0039187	0.00392596	0.00505725	0.00705098	0.34178	0.000333786	0.00164994
25	0.0622233	0.0202528	0.0210534	0.0254175	0.00465448	0.0272189	0.00980965	0.0186942	0.0223072	0.014324	0.0119817	0.047098	0.00849935	0.0410396	0.0195564	0.292685	0.314915	0.0301006	0.0036556	0.00451314
26	0.0118363	0.00202973	0.0134481	0.00769025	0.0010048	0.882757	0.00547782	0.00228266	0.00541837	0.00303924	0.00186771	0.0133352	0.00541357	0.00529118	0.0106831	0.0184552	0.00476846	0.00366878	0.000434358	0.00109828
27	0.00778162	0.0256193	0.00134901	0.00175537	0.157281	0.0017483	0.00388573	0.0640634	0.00668506	0.512339	0.106732	0.00314907	0.0160748	0.00561451	0.0031643	0.0069108	0.0172256	0.0258976	0.00102541	0.0316982
28	0.0324482	0.0136833	0.145042	0.0555628	0.00761793	0.0572252	0.04179	0.0158911	0.0530884	0.0185278	0.0100558	0.23281	0.0111916	0.0477793	0.0459911	0.103903	0.0660477	0.0240343	0.00256531	0.0147453
29	0.0120835	0.00165295	0.0140174	0.00667171	0.000929642	0.883965	0.00619463	0.00319495	0.00525535	0.0035977	0.0020256	0.0154971	0.00523778	0.00546745	0.0103344	0.0121534	0.0064214	0.00386546	0.00056606	0.000868514
30	0.0471225	0.0331618	0.00698209	0.0112562	0.00248447	0.0243947	0.0051564	0.0106852	0.00987607	0.0076976	0.0115549	0.0288015	0.00243859	0.0297632	0.0128998	0.428307	0.301967	0.0165101	0.00335889	0.00558175
31	0.0102744	0.00150013	0.0119023	0.0052014	0.000938513	0.905428	0.0052079	0.00192776	0.00327142	0.00272805	0.00180328	0.011811	0.00516385	0.00412298	0.00946577	0.0113292	0.0032486	0.00265458	0.000850476	0.00117018
32	0.0294463	0.00647552	0.0176021	0.0453021	0.00696985	0.0156242	0.0278598	0.0122456	0.34677	0.0208448	0.0116229	0.036795	0.00389123	0.0584889	0.245294	0.0497605	0.0380958	0.0181386	0.0022247	0.00654813
33	0.10404	0.0301238	0.0285124	0.0284335	0.00641206	0.0494825	0.0134489	0.0138762	0.0266213	0.0136185	0.0131192	0.0615713	0.0120976	0.0332554	0.0299872	0.389234	0.105527	0.0278482	0.0018786	0.0109125
34	0.114514	0.0184062	0.0561606	0.0556359	0.00800717	0.0659373	0.0267985	0.0207478	0.0574918	0.0228141	0.0129516	0.150126	0.0101748	0.0564716	0.04886	0.157068	0.0708194	0.0338798	0.00262802	0.0105073
35	0.00527133	0.00306962	0.000466726	0.000956263	0.00312663	0.000461288	0.000468485	0.566796	0.000716122	0.0612971	0.00971703	0.00146413	0.00181833	0.00375776	0.00333589	0.00302493	0.00253827	0.330176	0.000246067	0.0012923
36	0.00905401	0.0195827	0.00203258	0.00299779	0.142167	0.00234986	0.00384065	0.0946963	0.00920343	0.493779	0.105591	0.00501373	0.00987374	0.00580801	0.00548085	0.00697766	0.0148918	0.0439422	0.00130987	0.0214079
37	0.0276571	0.00691811	0.35558	0.165217	0.00493993	0.0251471	0.021347	0.00846027	0.032621	0.0162708	0.00623766	0.133136	0.014805	0.0418227	0.0211113	0.0615408	0.030616	0.0171481	0.00297212	0.00645183
38	0.437073	0.00533567	0.00165713	0.0020303	0.0012895	0.105212	0.00489287	0.00347777	0.00255912	0.00273151	0.00166509	0.00668876	0.00173909	0.0027583	0.00288836	0.390315	0.0140996	0.0113998	0.000535753	0.00165149
39	0.00990216	0.00525442	0.00154325	0.00185522	0.00472358	0.000679811	0.00126383	0.501595	0.00233308	0.0756022	0.0152212	0.00262841	0.00253555	0.00469773	0.00419168	0.00579039	0.0113839	0.346304	0.000462168	0.00203194
40	0.0180511	0.0478482	0.0041333	0.0056476	0.121189	0.00476468	0.0138497	0.0785617	0.0109818	0.444749	0.0917185	0.00922037	0.0127987	0.0111719	0.00802676	0.0127996	0.018868	0.0555126	0.00321626	0.0268913
41	0.0215029	0.0360141	0.00530134	0.0110973	0.290709	0.00768521	0.0169569	0.0609265	0.0144532	0.165164	0.0497646	0.0133195	0.00596481	0.0141365	0.0146124	0.0255428	0.0206639	0.0681866	0.00669548	0.151303
42	0.0298004	0.0240807	0.00183804	0.00250504	0.00352626	0.00145752	0.00350759	0.265342	0.00402436	0.114581	0.0305697	0.00660413	0.00445493	0.00381074	0.0035879	0.00575962	0.0208512	0.4689	0.00159302	0.0032056
43	0.0119946	0.014941	0.00383773	0.00432695	0.120492	0.00340527	0.00746399	0.065865	0.00811082	0.463784	0.19448	0.00502046	0.00704812	0.00712076	0.00544423	0.00647387	0.0208981	0.0312986	0.00223993	0.0157551
44	0.00980603	0.00124486	0.01251	0.00530198	0.0012289	0.900304	0.00689314	0.00161102	0.00322342	0.00280402	0.00185142	0.0147427	0.00516745	0.00700806	0.00929149	0.00931815	0.00367891	0.00270793	0.000350687	0.000955935
45	0.0047659	0.00477341	0.000682015	0.00259748	0.0462548	0.0013031	0.00190786	0.220822	0.00825683	0.496842	0.0774133	0.00817369	0.00239335	0.00214073	0.0129373	0.00400714	0.00733204	0.0829001	0.00374598	0.0107512
46	0.0388532	0.0159747	0.00308536	0.0109318	0.00144278	0.0211052	0.00448434	0.00795779	0.00922375	0.00562133	0.00649844	0.0327644	0.00119519	0.0395644	0.0054418	0.34391	0.434617	0.0108067	0.00510669	0.00141547
47	0.0296935	0.0076233	0.0609474	0.0957554	0.00269083	0.0209733	0.0282289	0.00640538	0.189364	0.0115576	0.00495058	0.107394	0.00855888	0.0863052	0.145911	0.0906535	0.0840828	0.0133357	0.00108864	0.00448015
48	0.027574	0.0103202	0.0238787	0.0588148	0.0821249	0.00735997	0.0396951	0.0403618	0.0231506	0.319204	0.133612	0.0151757	0.0079114	0.0658618	0.0108989	0.0196144	0.0526275	0.0450072	0.00279739	0.0140089
49	0.088307	0.00901868	0.0604674	0.0736047	0.00831293	0.0364416	0.0188939	0.0105608	0.0582297	0.0183727	0.017653	0.0565354	0.00321061	0.0758929	0.0398159	0.243879	0.142219	0.0235921	0.00397894	0.011014
50	0.0391661	0.0139913	0.0242104	0.040126	0.0115104	0.0376134	0.125211	0.00952932	0.0341019	0.0391885	0.0289802	0.141314	0.00209831	0.186846	0.0845799	0.104748	0.0343877	0.012995	0.000783266	0.0286195
51	0.0478624	0.00423536	0.321637	0.402578	0.00408796	0.017419	0.00136769	0.000880697	0.00687762	0.00894772	0.000727952	0.0395104	0.0040921	0.0509355	0.0137412	0.041562	0.0261298	0.00656033	0.000344253	0.000502809
52	0.0122806	0.0128805	0.00309921	0.00544119	0.0820894	0.00345927	0.0063386	0.134956	0.0122878	0.483068	0.0889149	0.00889269	0.00855523	0.00845779	0.0118837	0.0100457	0.0202993	0.067947	0.00305043	0.0160529
53	0.00391904	0.00132128	0.000393516	0.000527508	0.00310121	0.000446468	0.000377027	0.60675	0.000597392	0.0571989	0.00772471	0.000873705	0.00147755	0.00392787	0.00347354	0.0029165	0.00184932	0.301898	0.000140934	0.00108558
54	0.0151664	0.0408323	0.00265862	0.0123054	0.335701	0.00726219	0.0279734	0.0133735	0.00982117	0.0281253	0.0126043	0.0104348	0.00257253	0.0104059	0.00803959	0.0382201	0.0180525	0.0554479	0.00859825	0.342405
55	0.0322199	0.00919154	0.0608238	0.0918281	0.0046263	0.0190587	0.0377396	0.0120956	0.223619	0.0193457	0.00831338	0.0772552	0.007851	0.0791915	0.165232	0.0679192	0.0567453	0.0173174	0.00250099	0.00712514
56	0.0481687	0.0395722	0.015176	0.0333407	0.00633766	0.0705939	0.0764006	0.0101705	0.0508329	0.0223257	0.0133479	0.168029	0.00368854	0.17582	0.0932906	0.105594	0.038898	0.010815	0.000621777	0.0169757
57	0.0141372	0.00179973	0.0139541	0.00794238	0.00290559	0.86414	0.00603725	0.00319335	0.00752136	0.00421432	0.00218203	0.0173367	0.00625244	0.00612675	0.0115288	0.0150281	0.007058	0.00507344	0.000489992	0.00307891
58	0.0620897	0.00930609	0.0219917	0.0770461	0.0129283	0.0261774	0.0694303	0.0299821	0.0823629	0.074033	0.0400567	0.0718081	0.00570416	0.155178	0.0586598	0.0755147	0.078182	0.0358195	0.00155357	0.0121758
59	0.50378	0.0884107	0.00211259	0.00685377	0.0110105	0.0457978	0.0027667	0.0143607	0.00305521	0.0249387	0.0140087	0.00804992	0.00528636	0.00575245	0.00373557	0.0805908	0.111675	0.064378	0.000719017	0.00271765
60	0.0146759	0.00392765	0.013054	0.0101544	0.00282549	0.772188	0.0251665	0.00337879	0.018621	0.00549479	0.00460168	0.0331539	0.00521473	0.0163299	0.0309233	0.0204222	0.00778833	0.00559851	0.000492479	0.00598801
61	0.00464346	0.00291411	0.00035674	0.000519162	0.00202497	0.000462427	0.000395091	0.546529	0.000558404	0.0531869	0.00885088	0.00100972	0.00183068	0.00320853	0.00358196	0.00317971	0.00227979	0.362962	0.000178346	0.00132784
62	0.0337303	0.00881491	0.0226434	0.0736274	0.00473453	0.0101891	0.0425319	0.0714204	0.0715239	0.0141202	0.00640996	0.150045	0.00412934	0.0882062	0.0233495	0.117389	0.234659	0.0145543	0.00194079	0.00598021
63	0.017068	0.00514819	0.00146944	0.0181214	0.00577014	0.00763171	0.025902	0.00323121	0.4165	0.00783311	0.00715504	0.0181975	0.000455018	0.0454929	0.349464	0.037879	0.0228116	0.00667174	0.00138647	0.00181141
64	0.507788	0.0765268	0.00372076	0.0107676	0.0139801	0.0606149	0.00396378	0.0121776	0.00653197	0.0307846	0.0208398	0.0100173	0.00996543	0.00984317	0.00790682	0.0898993	0.061513	0.0572615	0.0010544	0.00484315
65	0.0532144	0.0356256	0.00696807	0.0216195	0.00251942	0.0230436	0.00398998	0.0190884	0.0103709	0.00576057	0.023022	0.0215094	0.00218162	0.0186958	0.0381941	0.534466	0.153038	0.0144864	0.00182028	0.0103862
66	0.0384778	0.014857	0.00790786	0.0125084	0.0142568	0.00593883	0.00521494	0.289113	0.0124861	0.101618	0.0299835	0.0100009	0.00743132	0.0141408	0.0104382	0.0203159	0.0384383	0.358959	0.00135007	0.00656405
67	0.0376263	0.032602	0.00323706	0.00898271	0.00142214	0.018443	0.00345668	0.00600331	0.00717655	0.00366812	0.0100388	0.0253204	0.00126154	0.0354291	0.00871888	0.398871	0.380186	0.0104766	0.00432192	0.00275737
68	0.00394537	0.00130769	0.000392736	0.00052443	0.00320005	0.000448473	0.000376184	0.606443	0.000604864	0.05768	0.0078858	0.000923138	0.00149449	0.00392469	0.00346312	0.00291465	0.00188593	0.301361	0.000140295	0.00108421
69	0.0484958	0.0121972	0.00995279	0.0137011	0.00690657	0.00192881	0.00842803	0.208712	0.0267149	0.0263819	0.0273679	0.0050906	0.000769122	0.0338351	0.0182628	0.0189821	0.128737	0.399646	0.00115194	0.00273786
70	0.0172933	0.0241699	0.00493319	0.00880591	0.219062	0.00374492	0.00630539	0.0870075	0.01159	0.30541	0.116202	0.00718147	0.00895518	0.0125571	0.00719378	0.014183	0.0224338	0.0668379	0.00399375	0.0521397
71	0.0112509	0.0247704	0.233364	0.0404227	0.00235459	0.00642555	0.0199587	0.0179663	0.0426466	0.00531755	0.00307832	0.301704	0.00182121	0.0434298	0.055541	0.0956768	0.0617016	0.0187281	0.00138092	0.012461
72	0.033356	0.0150782	0.1173	0.05324	0.0118505	0.0766877	0.0421666	0.015251	0.0508345	0.0242111	0.0111436	0.227741	0.0116617	0.0467316	0.0466715	0.118364	0.05909	0.0208512	0.00164469	0.0161253
73	0.0898214	0.00893708	0.0614796	0.0743579	0.00844606	0.0363562	0.0193428	0.010804	0.0587311	0.0188475	0.0180292	0.0576357	0.00331825	0.0765391	0.0407813	0.236641	0.141969	0.0237156	0.00372067	0.0105267
74	0.00329331	0.00136242	0.518615	0.0631212	0.00106481	0.0176293	0.045738	0.00214458	0.0136609	0.0121938	0.00169214	0.246454	0.0089996	0.0113796	0.0025693	0.0416236	0.00287522	0.00273957	0.00162019	0.00122337
75	0.049454	0.0336906	0.0138633	0.0130199	0.00190547	0.103636	0.0278384	0.0107242	0.0358049	0.0133188	0.00393864	0.225792	0.00959593	0.0579434	0.0795419	0.220257	0.0876916	0.00710685	0.000672606	0.00420377
76	0.086894	0.0407183	0.0190055	0.0106817	0.00125469	0.0719581	0.0061906	0.00516786	0.00814094	0.00486831	0.00729202	0.0742728	0.00197888	0.0299563	0.0371331	0.525978	0.0566838	0.00735713	0.000682246	0.00378564
77	0.0601685	0.0057676	0.0222105	0.0316588	0.00731359	0.0198414	0.0123343	0.0151908	0.0336372	0.0326281	0.00998192	0.0315488	0.464614	0.0384228	0.0496007	0.081203	0.0507504	0.0241798	0.00369721	0.00525062
78	0.0168436	0.0223692	0.00194454	0.00378753	0.114152	0.00347588	0.0102172	0.108342	0.0141167	0.372591	0.0672826	0.00523589	0.0422092	0.0227541	0.0192527	0.0195291	0.0380982	0.0750073	0.00160776	0.0411834
79	0.0263545	0.00987091	0.0466621	0.0201541	0.00198506	0.466375	0.0202988	0.00502383	0.0311417	0.00759976	0.0048791	0.134766	0.0332493	0.0345918	0.0267145	0.0837824	0.0337597	0.00823423	0.000946482	0.00361083
80	0.0303679	0.00601192	0.0750822	0.247282	0.00191832	0.0191136	0.0143807	0.0243432	0.121239	0.0325026	0.00719754	0.0530256	0.00186699	0.12265	0.0668475	0.0568502	0.0753862	0.0394214	0.000457283	0.00405629
81	0.00770518	0.00406433	0.000839341	0.000970078	0.0381732	0.000799065	0.000671543	0.499247	0.00215141	0.116668	0.0313599	0.0040409	0.00241333	0.00343161	0.00343507	0.00336598	0.00531095	0.273405	0.000638778	0.00130917
82	0.0719322	0.0253324	0.0084429	0.010899	0.0170414	0.00664371	0.00456502	0.103293	0.00837991	0.0410841	0.0228311	0.0308754	0.00605568	0.0092347	0.0108346	0.149365	0.289977	0.176398	0.00122114	0.00559401
83	0.00424269	0.00226783	0.000364735	0.000525529	0.00232316	0.000471855	0.000393515	0.564728	0.000571471	0.0526221	0.00813966	0.000921612	0.00167453	0.00337712	0.00355786	0.00319849	0.00204664	0.347133	0.000165118	0.00127599
84	0.0654926	0.0414335	0.0122915	0.0101767	0.00146425	0.0511106	0.00454098	0.00540752	0.00721754	0.00400088	0.00992756	0.0501921	0.0016403	0.0327895	0.0241319	0.487531	0.176507	0.00861242	0.00180203	0.00373023
85	0.0211349	0.00558645	0.00925546	0.0294497	0.00615362	0.0111294	0.0290193	0.00740618	0.360852	0.0131529	0.0103655	0.0268675	0.00183704	0.0515017	0.324952	0.0451166	0.0296053	0.0106893	0.00205305	0.00387218
86	0.0521629	0.00860869	0.018406	0.0686673	0.0147062	0.0142684	0.0521454	0.0827792	0.051105	0.0571586	0.0327222	0.0453232	0.0124729	0.130531	0.0305692	0.0682318	0.162337	0.0843722	0.002967	0.010466
87	0.00390897	0.00130146	0.000392797	0.000529542	0.0031171	0.00044807	0.000377594	0.607063	0.00059339	0.0572032	0.00773729	0.000873144	0.00145588	0.00392933	0.00347398	0.00292201	0.00184647	0.301602	0.000140443	0.00108483
88	0.0743198	0.0128201	0.00834908	0.00913033	0.00499498	0.00270409	0.00472998	0.207262	0.0273784	0.0368784	0.0329395	0.00690456	0.00113253	0.0336721	0.0145056	0.0209169	0.119703	0.378372	0.00159691	0.00168877
89	0.0209412	0.012758	0.000850377	0.00141956	0.00574909	0.0012241	0.00106217	0.247128	0.00142669	0.217697	0.075339	0.0119752	0.00686449	0.00165724	0.00246152	0.00418191	0.0215711	0.362752	0.00183546	0.00110565
90	0.0589268	0.0106646	0.0810163	0.0849721	0.00417277	0.0970379	0.0268394	0.00817329	0.0614908	0.0145519	0.0103808	0.124464	0.0072761	0.080984	0.044156	0.171412	0.0864521	0.0182899	0.00154928	0.00718974
91	0.0205389	0.00516525	0.101912	0.0533744	0.0011412	0.433108	0.0232008	0.00232776	0.0410409	0.00313353	0.00445043	0.170796	0.0124672	0.0201541	0.0105493	0.0624828	0.0217839	0.00828849	0.000379301	0.00370602
92	0.0262603	0.00274647	0.00236106	0.0396947	0.0066568	0.00475016	0.0138569	0.00376354	0.359071	0.0211529	0.0130236	0.0150211	0.00112819	0.0912785	0.286912	0.0480042	0.0429906	0.0161385	0.00101099	0.00417903
93	0.0671694	0.0184038	0.0435357	0.0319958	0.00338192	0.0696186	0.017126	0.00816483	0.0259979	0.0116124	0.0090493	0.113355	0.00286845	0.0657971	0.0326616	0.345912	0.111938	0.0149583	0.00175458	0.00469934
94	0.0165817	0.0813242	0.0027401	0.00560591	0.417052	0.00413344	0.0105376	0.0178947	0.00573742	0.0282039	0.0158197	0.00631634	0.00172979	0.00627979	0.0054851	0.0272969	0.0181356	0.086824	0.00280139	0.239501
95	0.00721417	0.0179381	0.00398722	0.00501135	0.161667	0.00239847	0.005027	0.0382874	0.00668143	0.468991	0.187475	0.00370042	0.0084887	0.00411561	0.00262986	0.005949	0.0310081	0.0162339	0.000835026	0.022361
96	0.00334041	0.00118214	0.000546777	0.00235476	0.0318791	0.00102874	0.000926726	0.250003	0.00800531	0.497346	0.0684213	0.00865519	0.000988191	0.00102068	0.0150612	0.00390281	0.00512829	0.0871114	0.00440525	0.00869265
97	0.0470333	0.0520454	0.0793083	0.0400001	0.0106664	0.0571195	0.0319622	0.0182829	0.0431077	0.0228079	0.0108611	0.221639	0.00876394	0.0622353	0.0558494	0.134039	0.0620011	0.0276325	0.0025139	0.0121304
98	0.0326243	0.0155726	0.0748497	0.0241403	0.00191263	0.220427	0.031423	0.00552616	0.0437467	0.0062414	0.00585236	0.23876	0.0111129	0.032936	0.0298193	0.158106	0.0482421	0.0117333	0.000728523	0.0062453
99	0.129156	0.00141384	0.0109005	0.0367377	0.00778326	0.0221559	0.0417474	0.0490526	0.117828	0.0684925	0.0630278	0.0280567	0.0101649	0.0648756	0.0787111	0.0934571	0.115555	0.0584875	0.000596582	0.00179901
100	0.115806	0.00635602	0.00918073	0.0244143	0.00774792	0.0146798	0.0128319	0.0719742	0.0859976	0.0774697	0.0308523	0.039894	0.0081796	0.0304488	0.0527524	0.0996944	0.178928	0.128366	0.000903976	0.00352284
101	0.551374	0.0687808	0.00134968	0.0114997	0.016278	0.0389309	0.0018137	0.00802177	0.00224152	0.0392813	0.0271802	0.00364696	0.0119638	0.00782392	0.00306159	0.0922329	0.0489348	0.0612401	0.000454751	0.00388982
102	0.012577	0.00478266	0.00530719	0.00759784	0.00359894	0.00640651	0.00702164	0.00997891	0.0316372	0.0562079	0.00673578	0.0490492	0.254348	0.114282	0.00793739	0.0601851	0.319938	0.0364628	0.00180778	0.00413818
103	0.0368419	0.00643838	0.0559524	0.112383	0.00245743	0.0213511	0.0226643	0.00617902	0.209076	0.0143556	0.005021	0.0842747	0.00802794	0.0929415	0.142572	0.0786992	0.0824672	0.0149728	0.000881091	0.00244293
104	0.0124515	0.00711424	0.00169618	0.00195728	0.0917931	0.00141945	0.00138695	0.298526	0.00578755	0.216605	0.0671581	0.00738095	0.0030416	0.002461	0.00471038	0.00437401	0.00883946	0.25901	0.00158882	0.0026976
105	0.112191	0.00497026	0.0140049	0.0417297	0.00805458	0.0339899	0.0487654	0.0420021	0.121818	0.0649804	0.0464037	0.0383875	0.00787927	0.0971268	0.0761471	0.103267	0.0878493	0.0441562	0.00120132	0.00507451
106	0.0120742	0.0179829	0.22628	0.0684557	0.00218268	0.0074827	0.0333034	0.0102007	0.0671691	0.00478067	0.00270699	0.231488	0.00401359	0.0646532	0.06606	0.0807739	0.0730287	0.0133584	0.000959491	0.0130464
107	0.00602688	0.0194416	0.00296571	0.00344186	0.16187	0.00194532	0.00419283	0.0422252	0.00608636	0.5011	0.166563	0.0029144	0.0093616	0.00357073	0.00203365	0.00482578	0.0227973	0.0169941	0.000653215	0.0209901
108	0.0309976	0.0761717	0.00407971	0.00718669	0.3543	0.00568611	0.00695249	0.029733	0.00831708	0.12327	0.0398035	0.00708655	0.00435341	0.0104324	0.00782982	0.0302948	0.023179	0.0805646	0.0022104	0.147551
109	0.0523507	0.0616091	0.0199435	0.0467535	0.00531274	0.051247	0.0981923	0.0134745	0.0695762	0.0178488	0.0108711	0.11257	0.00203504	0.209049	0.143585	0.0398142	0.0169795	0.017059	0.00123664	0.0104924
110	0.115106	0.0530128	0.01187	0.0114711	0.00291549	0.0606872	0.00486604	0.00700159	0.0085848	0.0069743	0.0105841	0.0449535	0.00230647	0.0236249	0.0229879	0.484177	0.101981	0.01911	0.000845617	0.00694077
111	0.0183101	0.0164714	0.000573019	0.000980774	0.00377128	0.000738203	0.000764999	0.317211	0.00131098	0.121221	0.0321029	0.00611513	0.00469493	0.00160727	0.00215207	0.00348487	0.011583	0.454652	0.000691584	0.00156323
112	0.0363539	0.0194149	0.0498699	0.0216286	0.00363216	0.353168	0.0401845	0.0075516	0.064461	0.015264	0.0141123	0.114787	0.010848	0.0684701	0.0256403	0.110468	0.023824	0.0130993	0.00160182	0.00562057
113	0.00912375	0.0143776	0.00299487	0.004298	0.115573	0.00305413	0.00856543	0.0800361	0.00877959	0.483041	0.16459	0.00591714	0.00624328	0.00719339	0.00592866	0.00614606	0.020373	0.0358784	0.00227855	0.0156086
114	0.048694	0.0175125	0.0557267	0.0579534	0.0169282	0.0374192	0.0297308	0.0580551	0.0545316	0.0611577	0.0229419	0.150708	0.0107731	0.0520685	0.0429376	0.0850094	0.0666027	0.112294	0.00369706	0.0152591
115	0.00835643	0.00453614	0.000859609	0.00118602	0.00425641	0.000596142	0.000743196	0.518901	0.00175006	0.0594589	0.0121179	0.00162987	0.00187535	0.00437106	0.00403348	0.00536721	0.00825124	0.360033	0.000243972	0.00143327
116	0.0178657	0.0155503	0.25985	0.0913746	0.00252538	0.0205616	0.0258246	0.010634	0.0596577	0.00856701	0.00341482	0.220133	0.00471292	0.0540827	0.0560322	0.0750651	0.0497527	0.0140501	0.00105139	0.00929423
117	0.0592219	0.0211657	0.0451295	0.0201896	0.00215623	0.133416	0.0224753	0.00814623	0.0292632	0.0100965	0.00568487	0.18121	0.0071091	0.041356	0.0353308	0.298053	0.0615439	0.0124613	0.000707573	0.00528434
118	0.0408865	0.0145431	0.0117553	0.019939	0.0566111	0.0116774	0.0112095	0.0616752	0.028038	0.229237	0.047112	0.0195349	0.204895	0.0344024	0.0295778	0.0436648	0.0550261	0.0611031	0.00375269	0.0153594
119	0.0334878	0.0139663	0.0567753	0.028028	0.00530066	0.0663459	0.0767091	0.0127043	0.0398216	0.0118111	0.00823418	0.235065	0.00658013	0.0563233	0.0494213	0.17145	0.0949434	0.0147631	0.00159901	0.016671
120	0.0688462	0.0434766	0.0134021	0.0209841	0.231796	0.0162341	0.0183066	0.0368513	0.0261965	0.0831471	0.0305272	0.0247526	0.00925933	0.0300744	0.0236289	0.0978862	0.0487823	0.0719083	0.00802487	0.0959156
121	0.0120441	0.00915805	0.00138624	0.00372903	0.0572573	0.00306224	0.006387	0.166742	0.0114302	0.454953	0.111566	0.00842863	0.00486156	0.00742103	0.0102759	0.00628166	0.0143769	0.0965938	0.00337574	0.0106705
122	0.00726169	0.00452578	0.000476334	0.000711511	0.00216969	0.000467238	0.000507213	0.526	0.00101633	0.0603938	0.0114333	0.00161899	0.00216596	0.00394512	0.00357877	0.00343562	0.00500671	0.363659	0.000262514	0.00136471
123	0.100803	0.0118613	0.0131145	0.0397142	0.0170467	0.0161502	0.0473129	0.0533169	0.0578896	0.192345	0.12445	0.0243523	0.0117917	0.0958556	0.0296897	0.0431574	0.049462	0.0561495	0.00687005	0.00866784
124	0.0477281	0.0140727	0.0563382	0.114935	0.0136044	0.0315385	0.0351054	0.0335093	0.0916407	0.0468552	0.0243445	0.0579061	0.0123293	0.143998	0.0753645	0.0762593	0.0648481	0.0458464	0.00365747	0.0101187
125	0.0146349	0.00510765	0.00122439	0.0119843	0.00601822	0.00824118	0.0305517	0.00272186	0.407443	0.0052748	0.00586453	0.0164924	0.000350251	0.040786	0.374971	0.0388869	0.0216884	0.00532434	0.00138738	0.001047
126	0.0258416	0.00842511	0.00136025	0.00251258	0.00313898	0.00150699	0.00134814	0.434127	0.00613332	0.0681116	0.0190389	0.0040635	0.00314956	0.00827752	0.0056021	0.00643577	0.0256465	0.373004	0.000790199	0.00148681
127	0.0602039	0.0100002	0.0305572	0.0574872	0.0106816	0.0242537	0.0491525	0.0336679	0.0521297	0.0341902	0.0220355	0.0518344	0.0162466	0.0987834	0.0445452	0.155049	0.169592	0.0673336	0.00303977	0.00921559
128	0.0531006	0.00683513	0.0335265	0.095401	0.00942693	0.0155476	0.0201498	0.0412815	0.170709	0.0814234	0.0275945	0.036615	0.0110202	0.107339	0.0901859	0.0545677	0.084188	0.0516873	0.00148601	0.00791543
129	0.015021	0.00986001	0.00341439	0.00363361	0.00592447	0.00146231	0.00247467	0.396308	0.00360159	0.0900387	0.0239196	0.0048479	0.0034773	0.00480028	0.00502254	0.0116363	0.018718	0.39164	0.000890226	0.003309
130	0.00359894	0.00141492	0.000492104	0.00263909	0.0281613	0.00103727	0.000910305	0.25457	0.00804474	0.494687	0.0713108	0.00778104	0.000967743	0.00116385	0.0153364	0.00379678	0.00442524	0.0860542	0.00444562	0.0091617
131	0.0576072	0.0230694	0.0346529	0.0228265	0.00292889	0.106191	0.0243816	0.00725365	0.0288218	0.0109005	0.00595807	0.170881	0.00582717	0.062598	0.0463184	0.303557	0.0687467	0.0114639	0.000992466	0.0050246
132	0.0108188	0.0179999	0.00441999	0.00668764	0.150444	0.0033259	0.00739014	0.0518223	0.0115347	0.441177	0.168869	0.00478835	0.0104926	0.00843255	0.00603166	0.00948786	0.0349251	0.0277681	0.00137066	0.0222135
133	0.0181298	0.00539905	0.00271636	0.0179559	0.0128589	0.0100709	0.0302384	0.00456727	0.389662	0.00886218	0.00796458	0.023786	0.000711141	0.043558	0.336341	0.0477608	0.0244235	0.00809756	0.00223982	0.00465702
134	0.160628	0.00837343	0.0136294	0.0179761	0.0037837	0.0303914	0.00841776	0.00749133	0.0164915	0.0122771	0.00573085	0.0196737	0.391916	0.0187913	0.028941	0.213397	0.0217544	0.0135608	0.00227133	0.00450354
135	0.0700428	0.00351952	0.0229142	0.110262	0.0261756	0.00718012	0.046713	0.0646144	0.048911	0.10256	0.0537876	0.0203228	0.03091	0.16432	0.0235219	0.041835	0.0642074	0.0872484	0.000935053	0.0100188
136	0.0335977	0.00547757	0.372294	0.244552	0.00361304	0.0161596	0.00889686	0.00314921	0.0284783	0.00866241	0.0023993	0.0789253	0.0324904	0.0431583	0.0151062	0.0593155	0.0240645	0.0144475	0.00255526	0.00265651
137	0.0138088	0.00772663	0.00151611	0.00286037	0.013271	0.00214499	0.00202134	0.230602	0.00605095	0.316731	0.0568352	0.0183485	0.00758349	0.00367251	0.00666335	0.0091098	0.03908	0.256497	0.00168692	0.0037901
138	0.01033	0.00357813	0.00187336	0.00610635	0.0277502	0.00226687	0.00261309	0.237616	0.019301	0.427778	0.0632146	0.00893573	0.00464351	0.00801579	0.0236076	0.00848799	0.0170641	0.110933	0.00392267	0.011962
139	0.284888	0.00881303	0.00434629	0.00341788	0.00148222	0.143994	0.00402966	0.00322495	0.00392102	0.00330531	0.00204171	0.0117534	0.00242148	0.00598377	0.00709674	0.477377	0.0175188	0.0101218	0.000534909	0.00372752
140	0.00535529	0.0144878	0.00178708	0.00286841	0.111416	0.00205993	0.00419346	0.0962473	0.00726322	0.532956	0.127908	0.00446866	0.00661117	0.00344577	0.00635394	0.00438399	0.014601	0.0351878	0.00202537	0.0163803
141	0.0149223	0.0136544	0.000503527	0.000777035	0.00285618	0.00067032	0.000619268	0.350219	0.000754601	0.126184	0.0311477	0.00597682	0.00452949	0.00144716	0.00194468	0.00327569	0.00940572	0.429135	0.000508919	0.00146868
142	0.0915184	0.00970831	0.16287	0.271997	0.00595453	0.0249446	0.0114224	0.0164638	0.0593772	0.0254266	0.0112385	0.0389124	0.00937048	0.0698882	0.037537	0.0640575	0.0507174	0.0324616	0.00187157	0.00426305
143	0.044722	0.00616316	0.192976	0.302283	0.00436087	0.0218537	0.012553	0.0141009	0.0616151	0.0219337	0.00743935	0.0506847	0.00643735	0.0777484	0.0439153	0.0555936	0.0451593	0.0255996	0.000631426	0.00422962
144	0.430728	0.0570433	0.00178269	0.00703107	0.012751	0.0413879	0.00213006	0.029393	0.00329193	0.0315824	0.0119766	0.00865765	0.00475009	0.00542631	0.00407166	0.0853951	0.143704	0.115052	0.000540334	0.00330407
145	0.356293	0.0241153	0.00370418	0.0106943	0.00529323	0.0188413	0.00446934	0.0159461	0.00696328	0.0108302	0.00751873	0.0200887	0.00199373	0.0148336	0.0068579	0.240342	0.196925	0.049594	0.00173402	0.00296218
146	0.0158798	0.00173245	0.0126755	0.0058471	0.000970778	0.882287	0.00627035	0.00175027	0.00399245	0.00267996	0.00184149	0.0151936	0.00652561	0.0054704	0.0108187	0.0165028	0.00564361	0.00272648	0.000378775	0.000812842
147	0.0652425	0.0169724	0.0259487	0.0399643	0.0108759	0.0293912	0.0122382	0.0419613	0.035285	0.044802	0.0198374	0.0492015	0.0226522	0.0509053	0.0255094	0.176052	0.257919	0.0649947	0.00290019	0.00734662
148	0.0228087	0.00654647	0.00391251	0.0132212	0.00622497	0.00778754	0.0218496	0.00615826	0.437778	0.00907183	0.00622261	0.0175059	0.00172717	0.0310068	0.280773	0.0870509	0.0180546	0.00865034	0.0111257	0.0025239
149	0.0622443	0.00973759	0.00692204	0.0241164	0.0128697	0.0132399	0.0501733	0.0638057	0.0477987	0.263073	0.153828	0.0200769	0.00739158	0.072931	0.0226359	0.0379435	0.0501863	0.0672156	0.0068438	0.00696613
150	0.008769	0.00717975	0.0010899	0.0173564	0.300374	0.0102162	0.0382033	0.00252737	0.00993406	0.0163465	0.00628076	0.00980798	0.000827982	0.011422	0.00177646	0.00646674	0.014156	0.0202752	0.0113034	0.505687
151	0.0351369	0.00756829	0.243806	0.295779	0.0025822	0.0193558	0.0100576	0.00797196	0.0481269	0.0128226	0.00337924	0.070032	0.006074	0.0710248	0.0362685	0.0585077	0.0472998	0.0203291	0.000369051	0.00350774
152	0.0916256	0.0090302	0.0603199	0.0748043	0.00827781	0.0352771	0.0193259	0.011526	0.0585812	0.0196373	0.0188757	0.0580475	0.00354264	0.0759238	0.0405318	0.231836	0.144535	0.0243754	0.00349866	0.0104279
153	0.0276447	0.00501006	0.0185265	0.0554067	0.0044307	0.0157039	0.0235821	0.00445767	0.380836	0.0105422	0.00667401	0.0297251	0.00193369	0.0544643	0.277973	0.0408816	0.0300805	0.00933028	0.00122105	0.001575
154	0.0142954	0.00581334	0.00107669	0.011158	0.00570448	0.00820859	0.0286502	0.00290539	0.430967	0.00512466	0.00565893	0.0165537	0.000322318	0.0359707	0.365336	0.0358046	0.0195674	0.00459947	0.00140199	0.000880766
155	0.0302619	0.00577845	0.12247	0.305947	0.000588703	0.025106	0.0137519	0.0244945	0.0701115	0.0278618	0.00781713	0.0456888	0.000311966	0.110601	0.0506828	0.0531707	0.0515879	0.0498795	0.000138668	0.00374973
156	0.0908603	0.00886569	0.0611484	0.0738963	0.00838279	0.0371688	0.0194071	0.0109025	0.0583633	0.0189364	0.017895	0.0582103	0.00334503	0.0764733	0.0404522	0.236803	0.141021	0.023883	0.00361348	0.0103722
157	0.578975	0.0267014	0.00142675	0.00589613	0.00679428	0.01926	0.00242102	0.0120375	0.00290382	0.0137004	0.00808346	0.0112597	0.00376794	0.00469608	0.00319409	0.164356	0.0775971	0.0540269	0.00054001	0.00236242
158	0.0371442	0.00443046	0.0124537	0.144175	0.0316001	0.00626231	0.0425334	0.0794488	0.0571333	0.128109	0.0526885	0.0260061	0.00516831	0.170641	0.0161211	0.0217445	0.0547681	0.0953859	0.000483634	0.0137031
159	0.0158356	0.00595147	0.00256062	0.0179904	0.00551916	0.00814163	0.0278828	0.00485367	0.426432	0.00736037	0.00608424	0.0249822	0.000490424	0.0389934	0.335316	0.0390957	0.0229069	0.00596489	0.00164534	0.00199282
160	0.00772873	0.00386049	0.000825097	0.00267102	0.0236293	0.00160068	0.00292758	0.213518	0.00708659	0.444696	0.0758563	0.0123684	0.00451532	0.00342954	0.0109403	0.0051295	0.019326	0.149476	0.00338295	0.00703251
161	0.0139792	0.00476617	0.00160164	0.00320004	0.0424221	0.00271793	0.00518457	0.210017	0.00824441	0.401573	0.158308	0.00745921	0.00256357	0.00539368	0.0137855	0.00665161	0.00872181	0.0890225	0.00589201	0.00849599
162	0.0908302	0.00865387	0.0612072	0.0770459	0.00851133	0.0363765	0.0201595	0.011698	0.0585579	0.0198201	0.018658	0.0579848	0.00339858	0.0776213	0.0415971	0.230297	0.138933	0.0248664	0.00350456	0.0102788
163	0.0188863	0.0154047	0.0196776	0.0416041	0.00475916	0.0112471	0.0248126	0.00970447	0.356244	0.018723	0.0061366	0.0472031	0.00350959	0.0560796	0.256109	0.0583291	0.0329347	0.0117784	0.00385452	0.00300228
164	0.0279949	0.0063831	0.0208426	0.0478897	0.00594959	0.0170401	0.0245632	0.0129395	0.348212	0.0215278	0.0108648	0.0375038	0.00575419	0.0553207	0.247069	0.049035	0.0367652	0.0173232	0.00207003	0.00495172
165	0.0489818	0.00428853	0.315615	0.409018	0.00416418	0.0175699	0.000872011	0.000888114	0.00649545	0.0090175	0.000728354	0.0370517	0.00388586	0.051883	0.01401	0.0414593	0.0268134	0.00653238	0.00027856	0.000447333
166	0.142918	0.00116401	0.0131474	0.0440349	0.00759379	0.0245867	0.0247166	0.0485534	0.111944	0.058072	0.0598789	0.0320273	0.0101436	0.0590891	0.080252	0.0960281	0.121246	0.0626796	0.000419302	0.00150448
167	0.0155702	0.00617145	0.00492182	0.0165659	0.00736286	0.0115638	0.0374511	0.00459255	0.390049	0.00747589	0.00647915	0.027572	0.000663029	0.0401862	0.347774	0.0404633	0.0221965	0.00639507	0.00188874	0.0046572
168	0.0030133	0.00141516	0.000400511	0.00238701	0.0286109	0.00108713	0.000831977	0.239775	0.00795614	0.519643	0.0690328	0.00807889	0.000942551	0.000903477	0.0155159	0.00358747	0.00451018	0.0781989	0.00460807	0.00950167
169	0.0682768	0.00197182	0.0720223	0.176391	0.00119264	0.0318355	0.00771215	0.00640618	0.25443	0.022913	0.00613443	0.0497309	0.00141518	0.0995149	0.0903776	0.0419301	0.0480045	0.0190182	0.000240431	0.000482507
170	0.0430016	0.00961729	0.0919576	0.221661	0.00924881	0.0249813	0.0270138	0.0262148	0.0696242	0.0415047	0.0172953	0.0496102	0.0063471	0.154355	0.0484475	0.0543188	0.0502223	0.0428319	0.00286966	0.00887671
171	0.0109371	0.00671781	0.00268946	0.00427168	0.0488745	0.00344986	0.00278346	0.228287	0.0123181	0.348396	0.0450852	0.0296861	0.00624706	0.00804825	0.0121475	0.021105	0.0310552	0.16919	0.00230899	0.00640177
172	0.0109323	0.0204401	0.222664	0.0737645	0.00120907	0.00537277	0.0234948	0.0108412	0.06294	0.00322954	0.00176645	0.255336	0.00342904	0.0655017	0.0616126	0.0848734	0.0649106	0.0130327	0.00065066	0.0139981
173	0.0158729	0.0106035	0.000870093	0.00156262	0.0071529	0.00136802	0.00098757	0.238157	0.001874	0.272775	0.0587675	0.0174195	0.00702978	0.00184024	0.0028319	0.00484212	0.0275378	0.325898	0.00130007	0.00130991
174	0.00288697	0.000726971	0.000430647	0.00249674	0.0252501	0.00101504	0.000852083	0.25269	0.00832716	0.512947	0.0686826	0.00801086	0.000497114	0.000805644	0.0160876	0.00363272	0.00363744	0.0771779	0.00461829	0.00922672
175	0.0369735	0.00817048	0.0693563	0.140426	0.0032214	0.0221667	0.0183134	0.00885241	0.18543	0.0162682	0.00502373	0.0825642	0.00717451	0.0911287	0.129704	0.0741326	0.0805412	0.0173128	0.000745921	0.002494
176	0.0282686	0.00739619	0.13998	0.293804	0.000846215	0.0243004	0.0149746	0.0186095	0.06746	0.0222756	0.00645909	0.0545201	0.00178783	0.1034	0.0539457	0.0595604	0.0570495	0.0413871	0.000159982	0.00381488
177	0.0488276	0.00431125	0.316027	0.405155	0.00413322	0.017657	0.000967655	0.000998145	0.00722235	0.00900912	0.000777416	0.0373537	0.00421933	0.0518369	0.0142691	0.0424116	0.026965	0.00701448	0.000324596	0.000519557
178	0.00534006	0.00207754	0.000444739	0.00068355	0.00356566	0.00054355	0.000422422	0.589573	0.00136787	0.0646819	0.0100231	0.0013961	0.00161257	0.00413388	0.00367086	0.00306315	0.00357283	0.302515	0.000162782	0.00114994
179	0.0898375	0.00880095	0.0621727	0.0783283	0.00829622	0.036034	0.0192372	0.0114415	0.0594104	0.0198962	0.0181513	0.0572054	0.00334038	0.0767346	0.0415453	0.230592	0.14062	0.0246037	0.00352261	0.01023
180	0.0652649	0.00829599	0.0212615	0.0338918	0.0118269	0.0190206	0.0134732	0.0184958	0.0324258	0.0331286	0.0119205	0.0303304	0.444839	0.0391961	0.0475155	0.0839175	0.0453696	0.025165	0.0063434	0.00831826
181	0.0478437	0.00201053	0.00790806	0.0568003	0.0091297	0.00786186	0.0108621	0.0093413	0.29013	0.0303597	0.0204602	0.0211279	0.00287708	0.111204	0.218565	0.0634173	0.0629106	0.0217677	0.00064973	0.00477357
182	0.00288697	0.000726971	0.000430647	0.00249674	0.0252501	0.00101504	0.000852083	0.25269	0.00832716	0.512947	0.0686826	0.00801086	0.000497114	0.000805644	0.0160876	0.00363272	0.00363744	0.0771779	0.00461829	0.00922672
183	0.0303891	0.00576461	0.124799	0.307863	0.000629835	0.0250616	0.013855	0.0239863	0.0687101	0.0274384	0.00773171	0.045802	0.000345936	0.109888	0.0501618	0.0531137	0.0513133	0.049334	0.000141004	0.00367198
184	0.0151763	0.00563695	0.00100436	0.0120782	0.00576357	0.0080679	0.0278059	0.00295771	0.429265	0.00544955	0.00588001	0.0162947	0.000325446	0.0377	0.362395	0.0361841	0.0206856	0.00504598	0.00136576	0.000917232
185	0.00610886	0.0216647	0.0022225	0.00266722	0.164081	0.00193499	0.00385653	0.056889	0.00628629	0.505249	0.136826	0.00316788	0.0105316	0.00401946	0.00225675	0.00521158	0.0178073	0.0239852	0.000721048	0.0245139
186	0.0143728	0.00516212	0.00107289	0.0109381	0.00608428	0.00845474	0.031415	0.00262992	0.406555	0.00480306	0.00565495	0.0165223	0.000324802	0.0392588	0.380226	0.038469	0.0207243	0.00501627	0.0013771	0.000939052
187	0.067321	0.00210438	0.0746228	0.182688	0.00115694	0.0321458	0.00752744	0.00698129	0.248392	0.0229314	0.00632811	0.0489914	0.00116701	0.0999865	0.0875954	0.0420835	0.0473787	0.0198027	0.000232284	0.000564226
188	0.048683	0.00433997	0.313713	0.402051	0.00403817	0.0176373	0.00105583	0.00132082	0.00931367	0.00923078	0.000847852	0.0369745	0.00466497	0.0534855	0.0145622	0.0425936	0.0270493	0.00756488	0.000332916	0.000540463
189	0.0145289	0.00692054	0.00149107	0.0125009	0.00552738	0.00799465	0.0273103	0.00343204	0.436438	0.00601882	0.00573138	0.0172122	0.000331013	0.0366251	0.354399	0.0365958	0.0193571	0.00485471	0.00171948	0.00101111
190	0.0350192	0.00522512	0.13323	0.302231	0.000800765	0.0257642	0.0123316	0.0206259	0.0802294	0.0266065	0.00712735	0.0447979	0.000738883	0.107555	0.0505558	0.0512572	0.0484202	0.0441834	0.000148292	0.00315186
191	0.00288697	0.000726971	0.000430647	0.00249674	0.0252501	0.00101504	0.000852083	0.25269	0.00832716	0.512947	0.0686826	0.00801086	0.000497114	0.000805644	0.0160876	0.00363272	0.00363744	0.0771779	0.00461829	0.00922672
