670	20
1	0.229439	0.0172744	0.0044302	0.0290854	0.0518296	0.0982209	0.00313425	0.04894	0.00542861	0.0832635	0.00435545	0.00803012	0.00456377	0.0059496	0.0036008	0.10557	0.0549778	0.217398	0.00197512	0.0225337
2	0.393884	0.00310494	0.0205276	0.0106791	0.00943735	0.0546652	0.00329315	0.0263076	0.0191972	0.0236821	0.00842453	0.0286267	0.0167182	0.00218963	0.0263227	0.213411	0.0829124	0.0526665	0.000711278	0.00323914
3	0.353971	0.0037614	0.00315813	0.00277158	0.00636457	0.0333425	0.00240263	0.082945	0.00281415	0.0204298	0.0101342	0.00559506	0.0191706	0.00271421	0.00268229	0.0147722	0.0879508	0.342209	0.000577722	0.00223247
4	0.00217935	0.000805166	0.000633606	0.00138764	0.0573705	0.00113761	0.000813545	0.0599036	0.000903509	0.752184	0.052006	0.00205542	0.00427219	0.0015155	0.00162872	0.00683501	0.0055528	0.0465982	0.000315915	0.0019017
5	0.0342174	0.00142425	0.00772613	0.0568184	0.013233	0.0154006	0.0186877	0.0553734	0.155462	0.0528521	0.0360863	0.0537249	0.00181491	0.116896	0.124886	0.0696927	0.113285	0.0668703	0.00361408	0.00193447
6	0.436111	0.00330691	0.0130102	0.00625143	0.0137025	0.0733528	0.00255661	0.0264781	0.0164845	0.0274928	0.00980907	0.0117456	0.0241225	0.00245258	0.0207114	0.207759	0.0561304	0.0453397	0.000793102	0.00238889
7	0.00722375	0.00206589	0.000483816	0.00118748	0.0359254	0.00091107	0.00101839	0.111798	0.00105545	0.675705	0.0561485	0.00117716	0.00406452	0.00140824	0.00184403	0.00582442	0.00693308	0.0822424	0.00109111	0.00189231
8	0.0421134	0.00128025	0.00711828	0.0247388	0.0151949	0.0142804	0.00898333	0.0723833	0.206859	0.0591956	0.108605	0.0281164	0.00694153	0.0754025	0.0965975	0.0611093	0.101406	0.0653452	0.00177064	0.00255768
9	0.0892714	0.00318518	0.0353456	0.0629	0.0302301	0.0478269	0.0132862	0.0792017	0.0582413	0.058282	0.0351743	0.0420508	0.0264342	0.0203556	0.0499865	0.0963938	0.136859	0.089511	0.000568443	0.0248961
10	0.044663	0.00112817	0.0227932	0.0442803	0.0181984	0.0282641	0.0533442	0.0221283	0.0395322	0.103837	0.00652804	0.0429992	0.18476	0.0605223	0.0401184	0.129502	0.112181	0.0326869	0.00289964	0.00963343
11	0.0983727	0.000182613	0.0613231	0.088239	0.00872012	0.0339227	0.0133375	0.00844955	0.055522	0.0361398	0.00382125	0.0481518	0.167275	0.0508824	0.0440296	0.172954	0.0781409	0.0252189	0.000133282	0.00518347
12	0.0328191	0.00131338	0.0292644	0.0239042	0.00683366	0.0581784	0.00913075	0.0148246	0.022611	0.0284741	0.0202378	0.179175	0.00456475	0.0123924	0.0358756	0.332858	0.163654	0.015489	0.000522565	0.00787776
13	0.0529683	0.0658757	0.0198789	0.0325508	0.0632348	0.0300309	0.0408398	0.0425684	0.0415936	0.0806575	0.0298969	0.0434138	0.0232159	0.0484508	0.0477252	0.088892	0.0443951	0.0573892	0.0764008	0.0700216
14	0.0984868	0.00192	0.0903534	0.0451995	0.0031554	0.110491	0.0143657	0.00508078	0.0218237	0.021313	0.00490477	0.147883	0.0319987	0.0156486	0.00682004	0.261014	0.0901693	0.00402169	0.000492873	0.0248576
15	0.0325628	0.00207083	0.198747	0.0441201	0.00837747	0.064931	0.0190538	0.00858442	0.0407821	0.0103785	0.00451598	0.310624	0.0114652	0.0220829	0.0156164	0.128379	0.0562069	0.0106519	0.000716112	0.0101342
16	0.0472254	0.00152487	0.0142496	0.018047	0.00747614	0.0125916	0.0137265	0.00956261	0.0172357	0.0322333	0.00442097	0.0121852	0.590121	0.0242878	0.0239114	0.107337	0.0446105	0.0103659	0.0026308	0.00625643
17	0.0521361	0.276025	0.0112971	0.0139249	0.0654154	0.0293779	0.0190524	0.0374803	0.0198751	0.0606044	0.0283172	0.0544987	0.0136061	0.0175232	0.0232786	0.102593	0.0358072	0.0432935	0.0362469	0.0596469
18	0.0575562	0.00613527	0.0788187	0.0526999	0.00444527	0.485471	0.0058639	0.00822519	0.0267876	0.0161953	0.00739581	0.0526928	0.00424273	0.0142866	0.015142	0.0928928	0.0330457	0.0291093	0.000399003	0.00859474
19	0.0419479	0.000219502	0.0349239	0.0796972	0.0076969	0.0450791	0.023373	0.0159846	0.0730255	0.0290618	0.00170765	0.0531887	0.173287	0.061469	0.0675723	0.169998	0.10498	0.0124758	0.000225262	0.00408659
20	0.0593269	0.0688562	0.0156378	0.0242674	0.0511889	0.0232895	0.0428737	0.0585633	0.032451	0.110512	0.0341369	0.0441804	0.0145989	0.0404784	0.0442284	0.0877903	0.0442943	0.0630998	0.0798578	0.0603682
21	0.0342367	0.00106746	0.245618	0.277939	0.00313661	0.0159429	0.00706981	0.0294778	0.0306399	0.0147993	0.0194708	0.0241491	0.0375807	0.0588155	0.0240312	0.0485606	0.018906	0.101923	0.000866451	0.00576868
22	0.0344403	0.00237347	0.0288243	0.0189148	0.00232984	0.785515	0.00456225	0.00294955	0.00668571	0.00941996	0.00195925	0.0156028	0.00490035	0.00496889	0.0137198	0.0358859	0.00951784	0.015232	0.000363993	0.0018336
23	0.0145548	0.000351636	0.00194789	0.00109117	0.0162746	0.00134396	0.00195425	0.509209	0.00907979	0.0458902	0.00736622	0.00249329	0.000683858	0.00128839	0.00569725	0.00849192	0.0136005	0.357339	0.000377328	0.000964978
24	0.0870575	0.00294453	0.0355602	0.062438	0.0313494	0.0485409	0.0131378	0.077678	0.0590405	0.05869	0.0348929	0.0410142	0.0253536	0.020569	0.0508698	0.0974803	0.140005	0.088704	0.000554135	0.0241202
25	0.0608999	0.240257	0.0101705	0.0129344	0.0686446	0.0487391	0.0161844	0.0434505	0.0157143	0.0736552	0.0286247	0.0422373	0.0145771	0.0129526	0.0210336	0.10181	0.0388412	0.0598832	0.0312151	0.0581747
26	0.016508	0.00181777	0.191253	0.0188162	0.00374982	0.0882746	0.0108864	0.00426224	0.0304826	0.00316323	0.00130923	0.415057	0.00239966	0.016909	0.0051973	0.126735	0.0491455	0.00601099	0.000259325	0.00776338
27	0.0128572	0.00168531	0.207807	0.019109	0.00407325	0.0840037	0.0102376	0.00447307	0.0256706	0.00270286	0.00148232	0.414085	0.00123251	0.0161246	0.00476678	0.124727	0.0516881	0.00619349	0.000276979	0.00680387
28	0.0174753	0.00231561	0.0220132	0.043446	0.00455859	0.0315476	0.0826226	0.00839738	0.17507	0.0365746	0.016933	0.153428	0.00639426	0.147721	0.136205	0.068992	0.0207681	0.00779801	0.00704552	0.0106952
29	0.0140364	0.000357172	0.00207253	0.00115452	0.0164166	0.00127729	0.00197392	0.510458	0.00964895	0.0462037	0.00779653	0.0026525	0.000705661	0.00144766	0.00582105	0.0085385	0.0136597	0.35434	0.000371726	0.00106717
30	0.0105525	0.00113577	0.00683318	0.00523355	0.0157895	0.00606427	0.00485485	0.339709	0.0472377	0.025559	0.0842156	0.0347714	0.00372054	0.0210525	0.00560082	0.0282878	0.21263	0.141917	0.00141737	0.00341738
31	0.115386	0.00683257	0.0261409	0.0567812	0.0476117	0.0410807	0.0105384	0.00622005	0.0284378	0.0434592	0.00487077	0.0365709	0.013514	0.0331513	0.0310825	0.326516	0.057097	0.0424121	0.0221757	0.0501216
32	0.0683229	0.00754701	0.00489591	0.0177383	0.0552822	0.0205626	0.00572844	0.125077	0.0155317	0.207466	0.0979547	0.00657994	0.00996687	0.0154467	0.035646	0.0271286	0.0621485	0.189368	0.00391763	0.0236905
33	0.0115281	0.00184035	0.209512	0.0195997	0.00425601	0.0823895	0.0110808	0.00470906	0.0275393	0.00207403	0.00131903	0.424743	0.000669121	0.0154403	0.00514363	0.118845	0.0457639	0.00632037	0.00025606	0.00697098
34	0.00912972	0.00224831	0.000398391	0.000706506	0.0250591	0.000556787	0.000937554	0.224684	0.00142618	0.558918	0.0626722	0.000845659	0.0017949	0.000736948	0.00215918	0.00234979	0.00564802	0.0940316	0.00223523	0.00346116
35	0.0621717	0.000436152	0.0395255	0.0879758	0.0131344	0.0359812	0.0143031	0.0261453	0.136336	0.0252296	0.0176674	0.0674232	0.00644122	0.0981412	0.10636	0.116344	0.0943025	0.0377866	0.0028251	0.0114699
36	0.0372328	0.00207945	0.0296897	0.0199973	0.00232715	0.768777	0.00398812	0.00622952	0.00717201	0.00909243	0.00238856	0.0169152	0.00565656	0.00497841	0.0134615	0.0364279	0.0105916	0.0202353	0.00035316	0.0024065
37	0.0384988	0.00100524	0.00922218	0.0707601	0.0169544	0.0183033	0.0243465	0.0544051	0.124842	0.0488665	0.0305	0.0380588	0.0039622	0.102518	0.110598	0.0826192	0.151052	0.0671571	0.00254971	0.0037814
38	0.0110659	0.00231579	0.000804308	0.00116645	0.0286815	0.00157179	0.00132756	0.208147	0.00291751	0.558915	0.0588243	0.00165557	0.00254493	0.0011232	0.00273068	0.00446863	0.00708473	0.0983158	0.00208154	0.00425751
39	0.0511764	0.000491597	0.033612	0.0721204	0.00795559	0.0413345	0.0217666	0.0143647	0.0601552	0.0304196	0.00235572	0.0475016	0.192687	0.0521169	0.0589478	0.184089	0.110801	0.0125914	0.000514027	0.0049987
40	0.096285	0.00331322	0.113093	0.0688943	0.00350046	0.156457	0.0116328	0.0054056	0.0202668	0.0169869	0.00560747	0.0963265	0.0356476	0.0123704	0.0123783	0.242006	0.0744559	0.00867661	0.000482314	0.0162142
41	0.0624718	0.000632083	0.315983	0.294569	0.00363191	0.0407927	0.0202939	0.00572886	0.0208015	0.00594675	0.00504427	0.0534327	0.0111155	0.0335062	0.00848838	0.0446255	0.0383192	0.0141116	0.00039802	0.0201073
42	0.0258725	0.000805082	0.00208651	0.00121163	0.0188927	0.00249825	0.00200362	0.463157	0.0084518	0.0579183	0.0112394	0.00303783	0.0012665	0.0017041	0.00536089	0.00851192	0.0202883	0.363695	0.000631561	0.00136742
43	0.0517592	0.00394666	0.0900516	0.0809736	0.0161457	0.353776	0.0123144	0.00510851	0.0457731	0.0159832	0.00839958	0.0644504	0.0036528	0.0633789	0.0302915	0.103513	0.0248445	0.0154014	0.00223254	0.00800283
44	0.0447031	0.00183387	0.0339435	0.0413251	0.0244368	0.0728825	0.0539114	0.00816639	0.0286569	0.0423995	0.00391628	0.130558	0.0061085	0.0489828	0.012974	0.240505	0.120012	0.0196845	0.00205702	0.0629432
45	0.0232049	0.00349485	0.00127886	0.00218442	0.0391491	0.00397298	0.00262003	0.142216	0.00368493	0.543507	0.052188	0.00278876	0.00435834	0.00267805	0.00359171	0.0106623	0.014906	0.13629	0.00188346	0.00534044
46	0.0640686	0.0150483	0.0101657	0.00258569	0.00774798	0.0194402	0.00341122	0.00273566	0.0306069	0.0118703	0.00265336	0.032721	0.0477404	0.00227081	0.00745057	0.464354	0.250205	0.0131182	0.00140638	0.0103993
47	0.0557452	0.000729496	0.23136	0.20848	0.0123084	0.0534518	0.0235739	0.00461271	0.0675336	0.0136606	0.0092356	0.109847	0.00711217	0.0585565	0.0279817	0.0650268	0.0259968	0.0116301	0.00130889	0.0118497
48	0.00871358	0.00282005	0.00215433	0.00263941	0.06766	0.00272755	0.00286463	0.111123	0.00278846	0.635108	0.0504436	0.00424139	0.00532018	0.00341266	0.0032297	0.00983473	0.00970947	0.0679545	0.00167306	0.00558118
49	0.0404118	0.00115476	0.282314	0.200966	0.00756965	0.0443728	0.0208893	0.00589927	0.0409656	0.00835038	0.00559558	0.164545	0.0072299	0.0355411	0.0157119	0.060505	0.0321219	0.0110306	0.000775622	0.0140505
50	0.00346847	0.00113342	0.000518196	0.00127429	0.0344037	0.000706159	0.000847386	0.0912962	0.000925007	0.732564	0.0521399	0.00143989	0.00391214	0.00141819	0.0017105	0.00580612	0.00573966	0.0589697	0.00056638	0.00116039
51	0.188063	0.00638491	0.030139	0.0237904	0.0133765	0.0657206	0.00747798	0.016604	0.0249689	0.0253889	0.00722553	0.0546076	0.0321798	0.012821	0.0205345	0.293354	0.130411	0.0340396	0.0018155	0.0110966
52	0.0135143	0.0140703	0.0177187	0.0097645	0.188488	0.009922	0.0917508	0.0303809	0.0081333	0.0471597	0.0260575	0.0347439	0.00144635	0.0104413	0.0202528	0.0836531	0.0255396	0.0293199	0.018304	0.319339
53	0.0188796	0.00204792	0.246325	0.0554927	0.00788561	0.054919	0.0183265	0.00832093	0.0363393	0.00572326	0.00336547	0.362047	0.00296325	0.0172672	0.0100977	0.0929892	0.0368826	0.00978416	0.00037129	0.00997165
54	0.0379871	0.000283447	0.0317431	0.0763694	0.00823612	0.0433991	0.0248847	0.0179015	0.0752964	0.0313402	0.00188737	0.0511658	0.173724	0.062826	0.0698839	0.165972	0.1103	0.0121945	0.000285492	0.00432027
55	0.0431585	0.000559773	0.189762	0.114618	0.0233968	0.0505013	0.0299674	0.00322173	0.115596	0.0225826	0.0161413	0.196695	0.00135168	0.0652907	0.032704	0.0738348	0.00892559	0.00669724	0.00179327	0.00320297
56	0.0112908	0.00255518	0.000735298	0.00133551	0.0295955	0.0013343	0.00126938	0.168433	0.00202647	0.598487	0.0546905	0.00166184	0.00329416	0.00159093	0.00385136	0.00613648	0.0100667	0.09574	0.00197128	0.00393396
57	0.0427881	0.00127087	0.0334833	0.0287924	0.00741027	0.0670396	0.0113282	0.0176633	0.0316533	0.0207682	0.0126609	0.162516	0.00553325	0.0116143	0.0386118	0.32018	0.159208	0.0176307	0.000359179	0.00948851
58	0.0405429	0.00428163	0.0420368	0.0290748	0.0073715	0.55323	0.0283809	0.00728151	0.0260857	0.018568	0.00614933	0.0718183	0.00996507	0.0179069	0.0221016	0.0648781	0.0205856	0.0167855	0.00156925	0.0113863
59	0.0670215	0.000425155	0.00580241	0.0160903	0.0173764	0.0195487	0.012592	0.0082045	0.0129831	0.0466688	0.00884217	0.00729037	0.359314	0.0244172	0.0371471	0.228946	0.0986988	0.0126026	0.00304642	0.0129825
60	0.00896206	0.00229023	0.000398294	0.000652506	0.0246148	0.000556799	0.0010138	0.233095	0.0014959	0.549622	0.0619593	0.000812389	0.00172951	0.00069661	0.00228815	0.00210661	0.0058148	0.0959019	0.00233544	0.00365437
61	0.0721923	0.000348744	0.00513615	0.00791768	0.00935357	0.010209	0.016481	0.00716716	0.00759007	0.0282818	0.00313699	0.00284476	0.536725	0.0240298	0.0315379	0.158169	0.060931	0.00517922	0.00351002	0.00925851
62	0.105855	0.00018949	0.0606732	0.0837434	0.00866409	0.0321328	0.0133114	0.00780928	0.0514078	0.0359896	0.00397221	0.045243	0.180398	0.0492509	0.0411331	0.173408	0.0754262	0.0257367	0.000258137	0.00539742
63	0.10709	0.00107057	0.0482112	0.073838	0.0100039	0.0327786	0.00534985	0.0282609	0.0557721	0.0184187	0.00757783	0.11963	0.022993	0.0347715	0.052488	0.211913	0.128133	0.0321282	0.00113767	0.00843406
64	0.0100357	0.00245443	0.000411815	0.000615307	0.0267496	0.000675023	0.00104507	0.230242	0.00151386	0.542341	0.061512	0.000894651	0.00179622	0.000711325	0.00224902	0.00256317	0.0062762	0.101677	0.00237892	0.00385763
65	0.0297881	0.00152477	0.0234539	0.0149988	0.000782461	0.844541	0.00269809	0.00121381	0.00339144	0.00605212	0.00163851	0.00849555	0.00480488	0.00256048	0.013443	0.0247632	0.00364328	0.0109426	0.000295309	0.000969147
66	0.0450089	0.000593211	0.155673	0.106256	0.0203288	0.0471327	0.0269851	0.0042044	0.123815	0.0202389	0.0152823	0.181227	0.00211276	0.0725957	0.0529107	0.0899611	0.0200171	0.00705266	0.00243385	0.00617149
67	0.0359766	0.00457057	0.00939334	0.0136306	0.0407479	0.0143526	0.0116376	0.0931196	0.0203936	0.434545	0.0441024	0.0167398	0.0198146	0.012366	0.0174144	0.04559	0.0539921	0.0997332	0.00259533	0.00928514
68	0.0572521	0.000568748	0.0165495	0.0625982	0.0199801	0.0331262	0.0159528	0.0646209	0.111171	0.0503268	0.0341681	0.0361751	0.00977245	0.0721876	0.0910488	0.0901841	0.147825	0.0764538	0.000828896	0.00920941
69	0.014939	0.00103988	0.0219105	0.0619302	0.00452545	0.0259641	0.0208555	0.00507104	0.25312	0.0322983	0.023944	0.207226	0.00218194	0.147989	0.0873032	0.059003	0.0110828	0.00550161	0.0115643	0.00255036
70	0.0112049	0.00708267	0.00106227	0.00196445	0.0399571	0.00186753	0.00163258	0.168896	0.00350956	0.579865	0.0554837	0.00306106	0.00302285	0.00201611	0.00323882	0.00731742	0.00810908	0.0910213	0.00393634	0.00575137
71	0.0396746	0.00123315	0.00771085	0.0645672	0.0148878	0.0155845	0.0210599	0.0538664	0.139632	0.048632	0.033745	0.042701	0.00150341	0.110136	0.117383	0.0782714	0.132662	0.0712781	0.00348794	0.00198392
72	0.00880273	0.00129539	0.0225996	0.0159794	0.0842241	0.00480092	0.0353741	0.18522	0.0410616	0.0473527	0.00358369	0.129155	0.00226057	0.0167323	0.0152408	0.069141	0.166679	0.0460705	0.000901776	0.103525
73	0.00350699	0.00108946	0.00107215	0.00146325	0.0980316	0.00179942	0.00149213	0.0632844	0.00120599	0.698851	0.0508376	0.00347699	0.00419159	0.00182521	0.00227826	0.00778034	0.00587204	0.0452803	0.000716367	0.00594521
74	0.0947308	0.00202576	0.0406182	0.0359678	0.0243374	0.0318266	0.0109206	0.0858533	0.0514214	0.043817	0.0167094	0.102768	0.0107005	0.0164807	0.0483235	0.177451	0.113613	0.0770521	0.00149974	0.0138836
75	0.0391598	0.00436265	0.0013216	0.00205502	0.0409148	0.00534347	0.0031383	0.151194	0.00233992	0.44528	0.0475974	0.00138332	0.00488083	0.00300803	0.00375289	0.0100995	0.0195962	0.207075	0.00259787	0.00489885
76	0.0881669	0.00818598	0.00141596	0.0043673	0.0579516	0.0102516	0.00396577	0.148675	0.00436473	0.214276	0.0504281	0.0016744	0.00647294	0.00925039	0.00886397	0.0186795	0.0390301	0.305602	0.00558269	0.0127952
77	0.0473716	0.000414257	0.0965217	0.0870414	0.0163752	0.0660227	0.0226475	0.00580645	0.140864	0.018227	0.00984127	0.105759	0.00244962	0.107604	0.105148	0.105792	0.03561	0.00747465	0.00798306	0.0110459
78	0.054559	0.233378	0.0271536	0.0272736	0.029462	0.0404969	0.0207867	0.0261161	0.0285441	0.0379614	0.0233215	0.0892488	0.0485267	0.0192515	0.0267942	0.126383	0.062411	0.0309117	0.0192824	0.0281379
79	0.0464751	0.00431274	0.0651093	0.0455061	0.0032801	0.573351	0.00574713	0.00243964	0.016787	0.0133158	0.00450388	0.0503658	0.00303461	0.0176253	0.0129966	0.096592	0.0177558	0.0161333	0.000454952	0.00421399
80	0.0136485	0.0106357	0.00360663	0.0024111	0.264127	0.00528517	0.00418715	0.0963743	0.00243018	0.407419	0.0341554	0.00736957	0.00364379	0.00424129	0.00278663	0.0106813	0.00989046	0.0601789	0.00184821	0.0550796
81	0.0432125	0.00652834	0.0217289	0.0177263	0.0131419	0.0514516	0.0246598	0.00481215	0.0334026	0.0169823	0.00338633	0.104675	0.0191442	0.0126739	0.00925411	0.362799	0.20628	0.0100032	0.000700065	0.037437
82	0.0361484	0.00230166	0.0442594	0.0274493	0.00243563	0.723131	0.00435772	0.00274597	0.0102054	0.00886011	0.00265885	0.0316871	0.00474939	0.0072664	0.013437	0.0502451	0.0114537	0.0127572	0.000591655	0.0032591
83	0.0551799	0.000174132	0.0426285	0.0825019	0.00881014	0.0409876	0.0203648	0.0139006	0.0653378	0.0318897	0.00210407	0.0516383	0.170767	0.0572255	0.061018	0.174224	0.101104	0.0153673	0.000160649	0.0046163
84	0.0151538	0.000520321	0.00185991	0.00111842	0.0172045	0.00144352	0.00201494	0.504597	0.00904834	0.0520627	0.00844549	0.00244143	0.000775577	0.00129407	0.00572022	0.00863767	0.0133319	0.352696	0.000438978	0.00119566
85	0.0452521	0.000584143	0.0178618	0.0220496	0.00853316	0.0140675	0.0185412	0.0108575	0.0240535	0.0323711	0.00438402	0.0158583	0.564389	0.0366188	0.0283629	0.0944709	0.0393246	0.0113974	0.00336692	0.00765526
86	0.0603825	0.00162971	0.173297	0.212468	0.00471036	0.0258728	0.00957073	0.0289323	0.0447675	0.0183185	0.0179463	0.0415231	0.0708515	0.0545269	0.0313875	0.0835695	0.0394347	0.0735643	0.000472217	0.00677488
87	0.153372	0.00161126	0.0339127	0.120709	0.00586634	0.0126774	0.00656872	0.0102292	0.0162607	0.0405837	0.0072721	0.0198857	0.0193102	0.104676	0.0124493	0.21878	0.194274	0.0149267	0.00143891	0.00519685
88	0.0098456	0.00198351	0.000456012	0.000687581	0.0241251	0.000637372	0.00100231	0.267527	0.00212283	0.497076	0.0579035	0.000862024	0.00152973	0.000724052	0.00248289	0.00265121	0.00610397	0.11644	0.00221071	0.003628
89	0.0353372	0.00222118	0.0376694	0.0289395	0.0019482	0.735875	0.00416939	0.00213184	0.00934371	0.00847795	0.0026809	0.0227373	0.00774727	0.00803298	0.0142539	0.0498315	0.012412	0.0128073	0.000550554	0.0028328
90	0.0501338	0.000462533	0.0650949	0.0742867	0.0166883	0.0461006	0.0200184	0.0105254	0.14469	0.0225021	0.0106809	0.104152	0.0023452	0.107403	0.116413	0.121101	0.0519337	0.0118766	0.00549269	0.0180989
91	0.00755139	0.00143026	0.00125818	0.00220362	0.0343599	0.00223386	0.00155553	0.0811906	0.00212733	0.699586	0.0543762	0.00279668	0.0101713	0.00249292	0.00317282	0.0095931	0.00943874	0.0718088	0.000769355	0.00188345
92	0.0777101	0.000183893	0.0523679	0.0910437	0.00830477	0.0361608	0.0157947	0.0107055	0.0669255	0.0334614	0.00326765	0.0479533	0.166041	0.0569409	0.0513174	0.170504	0.0823983	0.023901	0.00015977	0.00485775
93	0.012969	0.000444854	0.0134288	0.0437948	0.00216306	0.0302403	0.0262386	0.00346468	0.228595	0.04193	0.0215039	0.168079	0.000985339	0.203567	0.126395	0.0597701	0.00866662	0.00287866	0.00393185	0.000953334
94	0.0042085	0.00133279	0.000779122	0.0016103	0.0463753	0.00127259	0.00125175	0.0814983	0.00230706	0.718855	0.0559173	0.00196923	0.00445989	0.00198383	0.00282883	0.00724577	0.00713059	0.0559296	0.000574114	0.00246972
95	0.0808442	0.00233953	0.0342574	0.0637479	0.0299151	0.0447599	0.0151391	0.0748124	0.064042	0.0578052	0.0327031	0.039388	0.0221859	0.0250179	0.054743	0.0982601	0.151409	0.0872888	0.000476824	0.0208645
96	0.00844599	0.00204966	0.000564347	0.00138118	0.0366311	0.00138023	0.00110732	0.103613	0.00154176	0.680496	0.0554203	0.00130678	0.00397129	0.00160696	0.0025269	0.00659539	0.00895583	0.0786529	0.00105343	0.00269946
97	0.0248462	0.00448481	0.0805233	0.0343267	0.00777929	0.0507606	0.0354019	0.0150922	0.140206	0.0202533	0.010141	0.281899	0.00747773	0.0515437	0.0728918	0.101307	0.0358639	0.011704	0.00261639	0.0108818
98	0.0279674	0.00223198	0.0230493	0.0187997	0.00757716	0.0698987	0.0110017	0.0119701	0.0203418	0.0542817	0.0384524	0.168758	0.00835548	0.0123702	0.028321	0.335258	0.134773	0.0151196	0.00235454	0.00911769
99	0.0285374	0.00498841	0.110008	0.0304738	0.0103559	0.0632686	0.0338322	0.0171155	0.0761228	0.0211799	0.00839995	0.313606	0.00702604	0.0353804	0.0403346	0.116112	0.04834	0.0178245	0.00150057	0.0155941
100	0.0139785	0.000568396	0.0184266	0.0352665	0.00392344	0.0448509	0.0262357	0.00514349	0.24064	0.0343195	0.0213856	0.165057	0.000936982	0.168139	0.138246	0.0644696	0.00884827	0.0048946	0.00301689	0.00165273
101	0.00207295	0.00127346	0.00235948	0.00123702	0.34725	0.00486469	0.00106717	0.0436076	0.00154706	0.510608	0.0320932	0.00941716	0.00178122	0.00145449	0.00158629	0.00430583	0.00263689	0.0100013	0.000387222	0.0204491
102	0.0359376	0.00165699	0.0218613	0.0489117	0.00542816	0.00365542	0.00711156	0.0275002	0.00646071	0.00952155	0.00592112	0.0367754	0.00453915	0.010746	0.00399455	0.310874	0.431433	0.0242018	0.000407885	0.00306282
103	0.0333701	0.00208165	0.0474132	0.0279319	0.00218563	0.731746	0.00447648	0.00236407	0.0111001	0.00819459	0.00297037	0.0294196	0.00515125	0.0080384	0.0150279	0.0419185	0.0108998	0.012877	0.000427223	0.00240587
104	0.0315542	0.00041058	0.0270215	0.0792948	0.007267	0.049638	0.0236583	0.0168328	0.0751518	0.0293724	0.00169457	0.049496	0.170307	0.0636509	0.0786265	0.164556	0.116708	0.0104032	0.000301925	0.0040551
105	0.0134158	0.00283659	0.00052821	0.00088608	0.0300066	0.00127145	0.00128374	0.218474	0.00201254	0.526633	0.059195	0.00101229	0.00226025	0.00111504	0.00256737	0.00429926	0.00853162	0.117147	0.00236521	0.00415898
106	0.0532612	0.000735894	0.0132426	0.0137124	0.00654577	0.0167945	0.0146661	0.00853994	0.0126831	0.0282294	0.00230851	0.00835445	0.621388	0.0219365	0.0206281	0.101557	0.0369384	0.00968422	0.00237854	0.00641547
107	0.0924371	0.000465193	0.00681977	0.00700554	0.00794214	0.0150812	0.0208062	0.00693784	0.00705561	0.0236008	0.00273692	0.00337306	0.535936	0.0234836	0.0294557	0.147958	0.0507257	0.00481528	0.00541339	0.00795031
108	0.162957	0.00203854	0.0290168	0.109802	0.0060995	0.0118882	0.005296	0.0101665	0.01195	0.0365603	0.00643382	0.0210868	0.0126596	0.0970888	0.0106132	0.239395	0.204044	0.0148608	0.00190369	0.00614034
109	0.00785493	0.00225097	0.000392078	0.000701814	0.0265222	0.000503748	0.000972531	0.212359	0.0013225	0.573406	0.0618597	0.00087845	0.00220442	0.000738973	0.00203264	0.00227283	0.00557225	0.0929498	0.00205134	0.00315441
110	0.0400301	0.00280399	0.0317328	0.0221557	0.00273964	0.757632	0.00399548	0.00531656	0.00821231	0.0124301	0.00307307	0.016816	0.00501515	0.0056817	0.0150054	0.0359702	0.0113194	0.0171629	0.000573713	0.00233347
111	0.0220958	0.00238936	0.0246694	0.00517022	0.00394297	0.0587985	0.0474771	0.0165773	0.0833972	0.0664052	0.00440126	0.339972	0.00218403	0.0172412	0.0973832	0.131515	0.0398505	0.0159305	0.00104741	0.0195522
112	0.00549358	0.00454534	0.00221643	0.00232806	0.188583	0.0031829	0.00332972	0.0660952	0.00183063	0.590504	0.0400775	0.00672384	0.00337411	0.00262068	0.00237701	0.00758258	0.00698169	0.0406246	0.00161436	0.0199147
113	0.0506081	0.0114609	0.016115	0.00781305	0.00610442	0.0117774	0.00348284	0.00575324	0.0222303	0.0201518	0.00499012	0.030512	0.0514468	0.00601068	0.00956536	0.432944	0.286431	0.0130586	0.00297812	0.0065658
114	0.0147525	0.00376199	0.0578136	0.0092473	0.00146113	0.0550439	0.067311	0.0085508	0.138935	0.0112164	0.00424429	0.410046	0.000964241	0.0190739	0.0565006	0.107955	0.0144268	0.00703531	0.000638048	0.0110219
115	0.0476618	0.00886433	0.000579739	0.00140842	0.0465704	0.00454815	0.00254253	0.168343	0.00233238	0.352451	0.0632668	0.000813994	0.00478999	0.00314384	0.00412921	0.00970003	0.0228685	0.243817	0.00471127	0.00745731
116	0.00759578	0.00120912	0.0248734	0.02032	0.114848	0.00459893	0.0386985	0.166705	0.0410167	0.0496643	0.00309421	0.129893	0.0019916	0.021759	0.0180202	0.0527138	0.139844	0.0477315	0.000872104	0.114552
117	0.025932	0.0445376	0.0125394	0.0106282	0.172054	0.00836083	0.0602844	0.0370275	0.0101904	0.0667111	0.0269891	0.0310343	0.00360446	0.0156692	0.0298249	0.0710208	0.028431	0.0489184	0.0431081	0.253134
118	0.00201671	0.00141969	0.00235257	0.00113494	0.359206	0.00507068	0.00107087	0.0435547	0.0014808	0.499673	0.0316551	0.00973821	0.00158196	0.001423	0.001501	0.00413142	0.00246848	0.008364	0.000417891	0.0217389
119	0.0441895	0.00156547	0.228613	0.199871	0.00833876	0.0487803	0.0208745	0.00857663	0.0560377	0.0170416	0.00843016	0.0992241	0.0209399	0.0643053	0.030304	0.0701083	0.0390825	0.0195293	0.00166694	0.0125211
120	0.0123495	0.0023754	0.000440441	0.000611336	0.0251561	0.000603323	0.00114204	0.24375	0.00150547	0.513797	0.0623819	0.000763423	0.00160686	0.000764048	0.00221495	0.00263937	0.00628014	0.11565	0.00239258	0.0035759
121	0.426408	0.00427534	0.0154086	0.00765686	0.0136923	0.070553	0.0025987	0.0209286	0.0133162	0.0244473	0.00732738	0.0123632	0.0226078	0.00298713	0.0182066	0.216811	0.0651628	0.0513138	0.000752208	0.0031839
122	0.0499815	0.000529999	0.341273	0.324892	0.00330593	0.0347363	0.020308	0.00462678	0.0213105	0.00558057	0.00318581	0.0478543	0.00817559	0.0378867	0.00716805	0.0257659	0.0300682	0.012594	0.000356906	0.0203994
123	0.0344065	0.00605759	0.119448	0.0337732	0.0122671	0.0625649	0.0329529	0.0187064	0.0690013	0.0193795	0.00796845	0.292951	0.00939159	0.0317326	0.0370526	0.121453	0.0558136	0.0161568	0.00242868	0.0164946
124	0.0123759	0.000465786	0.00685106	0.0488588	0.00195276	0.0279016	0.0455005	0.00570581	0.192484	0.0533118	0.0358011	0.105741	0.00237692	0.275737	0.126831	0.0389515	0.0102692	0.00517125	0.00228993	0.00142337
125	0.00791073	0.00195119	0.000405326	0.00078483	0.0264534	0.000583344	0.000972541	0.204087	0.00133869	0.589197	0.0594975	0.000973663	0.00214253	0.000855512	0.00210759	0.00273024	0.0055591	0.0875613	0.00183377	0.0030549
126	0.0385361	0.000617091	0.0214132	0.053022	0.00549979	0.00242363	0.00598861	0.0288405	0.00527741	0.009933	0.00634018	0.0314869	0.00284054	0.0123441	0.00368819	0.300762	0.443572	0.0251776	0.000401393	0.00183532
127	0.0456871	0.00319828	0.0369435	0.0265411	0.00384177	0.68385	0.00459776	0.00567342	0.0117079	0.0122396	0.00293826	0.0275772	0.00720811	0.00913318	0.014653	0.0641248	0.0169618	0.0184037	0.000616159	0.00410331
128	0.0431405	0.000219646	0.0320648	0.0761157	0.00792604	0.0427823	0.0231563	0.0160724	0.0669423	0.0298578	0.00198264	0.0495627	0.186935	0.0566577	0.0645756	0.173555	0.111618	0.0115808	0.000362213	0.00489268
129	0.00806052	0.001962	0.000404106	0.000727308	0.0269699	0.000568399	0.00102742	0.216894	0.00138205	0.571368	0.0602254	0.000950688	0.0022471	0.000782352	0.00221074	0.00245393	0.00567906	0.0907047	0.00207042	0.00331103
130	0.0411701	0.00109723	0.0123287	0.0156076	0.0182764	0.0119589	0.0137992	0.0212197	0.0172449	0.107569	0.0120429	0.0119624	0.515279	0.0226541	0.0223165	0.0872928	0.0375658	0.0205929	0.00199041	0.00803163
131	0.0753937	0.000584927	0.00448836	0.00162697	0.00956719	0.00829791	0.0018243	0.300454	0.00557214	0.0312789	0.00743715	0.0078738	0.00333575	0.00211786	0.00345018	0.00700383	0.0645002	0.463324	0.000620135	0.00124769
132	0.0642292	0.00112888	0.00623113	0.00917288	0.035361	0.0282497	0.00926636	0.0191471	0.0143176	0.083914	0.0356407	0.00937159	0.123464	0.0119975	0.0255842	0.345875	0.128632	0.0281507	0.00390753	0.0163587
133	0.0702223	0.00576885	0.0498888	0.0378176	0.0105868	0.40735	0.0100177	0.0184088	0.0237018	0.0242817	0.0109455	0.0592244	0.0169541	0.0169713	0.0232297	0.0999727	0.0628805	0.0393339	0.00176964	0.0106734
134	0.00505595	0.00365811	0.00279412	0.00165535	0.311102	0.00487379	0.00148163	0.0515985	0.00180249	0.504182	0.0330429	0.00889623	0.00223373	0.0018884	0.002003	0.00600433	0.00499995	0.023055	0.000711159	0.028961
135	0.0121736	0.00201142	0.238591	0.0236397	0.00601021	0.0674921	0.0131964	0.00578951	0.0274026	0.00237761	0.00156977	0.420101	0.000769439	0.0134104	0.00490497	0.105298	0.0403783	0.0066333	0.000307974	0.00794157
136	0.0125001	0.000516143	0.0107427	0.0403028	0.0022383	0.0293075	0.0294033	0.00443626	0.21913	0.0482217	0.0275367	0.15477	0.001186	0.21971	0.126226	0.0541538	0.0112468	0.00381605	0.0033635	0.00119207
137	0.0484563	0.164387	0.00339363	0.00727159	0.0544881	0.00716651	0.0175084	0.0840482	0.00606848	0.188254	0.05897	0.0322524	0.00481244	0.0131365	0.0190592	0.0803037	0.0249187	0.0745522	0.0619485	0.0490043
138	0.0232334	0.00232909	0.0137818	0.0279841	0.0648469	0.0159263	0.104205	0.0745532	0.0206073	0.217992	0.00897655	0.010686	0.0588877	0.0551477	0.00779323	0.0142777	0.116566	0.15328	0.00183704	0.00708928
139	0.0181891	0.00266121	0.0491414	0.00840375	0.00155249	0.0682407	0.0683444	0.0112001	0.126229	0.0134979	0.00357923	0.394347	0.000766609	0.0253005	0.0593715	0.111509	0.0140201	0.00961257	0.000485794	0.0135483
140	0.465826	0.0197619	0.0114604	0.00945267	0.00770065	0.0297099	0.00667078	0.0364145	0.0126856	0.0179704	0.0116017	0.0375636	0.0144343	0.00836524	0.0142257	0.0927617	0.141217	0.0556721	0.00161214	0.0048934
141	0.0109787	0.000443421	0.00260382	0.110627	0.0012164	0.019765	0.0741097	0.00938821	0.151539	0.0571422	0.0165138	0.0245395	0.00598239	0.339781	0.123103	0.0210451	0.0156023	0.0101932	0.00182971	0.0035957
142	0.0328997	0.00483374	0.0346193	0.0559906	0.02384	0.0302911	0.20174	0.0253285	0.065853	0.0639021	0.0190875	0.084006	0.02742	0.0687279	0.0531079	0.0711101	0.0542898	0.0334523	0.00880826	0.0406918
143	0.0124739	0.0259668	0.00738778	0.00526639	0.376726	0.00459789	0.0118467	0.0507653	0.00279326	0.200058	0.0169778	0.0114158	0.00211457	0.00836901	0.00420167	0.0207799	0.0132412	0.0309749	0.0038449	0.190198
144	0.0386947	0.0104879	0.0377431	0.0557771	0.0282773	0.0330155	0.204083	0.0239966	0.0557979	0.0599212	0.0215234	0.0838912	0.0304219	0.0679264	0.0441294	0.0743686	0.0492636	0.0295363	0.0100567	0.0410885
145	0.00192647	0.000941983	0.00173275	0.00117171	0.28704	0.00412486	0.00106083	0.0447075	0.00132082	0.563592	0.0380505	0.00801744	0.00213882	0.00146855	0.00141567	0.00509131	0.00337921	0.0161613	0.000342905	0.0163145
146	0.0408163	0.00473728	0.0860594	0.0300987	0.00697872	0.105	0.0265223	0.0104037	0.0621541	0.0187385	0.00643808	0.258925	0.0121377	0.0441165	0.0395569	0.161305	0.0559784	0.0138475	0.00258239	0.0136038
147	0.026214	0.000507131	0.0463747	0.0489144	0.0132297	0.0670435	0.0215122	0.0141246	0.201032	0.0301189	0.0187711	0.13574	0.00170495	0.122435	0.12922	0.0769998	0.0216049	0.0144207	0.0033675	0.00666455
148	0.0295715	0.00552873	0.121606	0.0298337	0.00885392	0.0667221	0.0285737	0.0175479	0.0704483	0.0182299	0.00841747	0.322507	0.00551413	0.0331796	0.0362926	0.114364	0.0516908	0.0145366	0.00244572	0.0141372
149	0.0116895	0.000417546	0.0101937	0.0471738	0.001642	0.0302041	0.0351913	0.00382338	0.214703	0.0440782	0.0236545	0.142493	0.00190322	0.234063	0.128513	0.0540596	0.0083984	0.00331133	0.00329928	0.00118897
150	0.00235431	0.00243181	0.00247721	0.00119637	0.352452	0.00474602	0.00120549	0.0441399	0.00141572	0.496671	0.0317751	0.0095291	0.00169715	0.00166175	0.00152613	0.00456254	0.00281544	0.0101082	0.000556754	0.0266788
151	0.0421279	0.000680493	0.0194652	0.0546351	0.0055516	0.00250333	0.00549857	0.02724	0.00530075	0.0108459	0.00584956	0.0280753	0.00289825	0.0145266	0.00340896	0.299141	0.444591	0.0253959	0.000432145	0.00183195
152	0.0327319	0.00180116	0.0481383	0.0281673	0.00193184	0.729242	0.00458387	0.00237631	0.0103458	0.00768598	0.00314802	0.0338253	0.00469181	0.0068955	0.0141375	0.0431215	0.0115661	0.0125384	0.000470052	0.00260112
153	0.0463929	0.000188579	0.037567	0.0811729	0.00820147	0.0417858	0.0221541	0.0157612	0.0684104	0.0296998	0.00183505	0.0523488	0.174654	0.0584072	0.0631834	0.174079	0.105994	0.0135842	0.000190785	0.00438927
154	0.0282014	0.00299978	0.000880554	0.00101054	0.0314377	0.00200441	0.00183768	0.305316	0.00350499	0.303791	0.0468073	0.00119696	0.00192948	0.00163433	0.0034359	0.00670711	0.0126289	0.238979	0.00205944	0.00363731
155	0.0597634	0.000928697	0.0729421	0.0572289	0.00714219	0.0253072	0.0268212	0.0104456	0.0281187	0.0244956	0.00641323	0.0289311	0.399117	0.0300733	0.0276069	0.119711	0.0494816	0.0153209	0.00203059	0.00812111
156	0.0978314	0.00018817	0.0629984	0.0902222	0.00893405	0.0334374	0.0132625	0.00859115	0.0564544	0.0348964	0.00393745	0.0483643	0.166266	0.0498943	0.045277	0.170959	0.0782854	0.0248931	0.000152324	0.00515519
157	0.0562956	0.000350231	0.0710399	0.0915439	0.0154193	0.045823	0.0148572	0.00867444	0.150716	0.0164958	0.00777143	0.0859493	0.00236519	0.107618	0.119024	0.123538	0.0477678	0.00939776	0.00576921	0.0195836
158	0.00740143	0.00194374	0.000421234	0.000855203	0.0277603	0.000594894	0.00101784	0.192274	0.0012969	0.60275	0.0598016	0.00105172	0.00244816	0.00092293	0.00207582	0.00336017	0.00584416	0.0834829	0.00180519	0.00289177
159	0.0216807	0.021044	0.0122146	0.0108316	0.27703	0.0123713	0.0185364	0.0641595	0.0116003	0.22781	0.0246538	0.0237727	0.00628207	0.0121953	0.0106964	0.0405344	0.0256986	0.050193	0.00498887	0.123707
160	0.01727	0.00212111	0.0351122	0.0109907	0.0027607	0.0731576	0.0520296	0.00892333	0.080547	0.0208877	0.00650904	0.309608	0.00157148	0.013413	0.0520797	0.2297	0.0618051	0.0067844	0.000408546	0.0143212
161	0.111043	0.000312352	0.0623099	0.085775	0.00863273	0.0356366	0.0116629	0.00764935	0.0507104	0.0376327	0.00420573	0.0475769	0.163439	0.0485908	0.0402886	0.177552	0.0734094	0.0278298	0.000188285	0.00555441
162	0.0443062	0.000549759	0.185509	0.115692	0.0235138	0.04907	0.0305222	0.00310373	0.118389	0.0233612	0.0161295	0.192422	0.00139217	0.0671487	0.0343804	0.0742086	0.00896908	0.00665682	0.00181044	0.00286493
163	0.0784268	0.000775145	0.0271668	0.0561395	0.0160392	0.0258661	0.0236361	0.0757363	0.0947614	0.0366245	0.0289254	0.078372	0.00969651	0.0490773	0.0582082	0.110876	0.149999	0.0699973	0.000528864	0.00914832
164	0.0878788	0.0120892	0.000629556	0.00276624	0.0606516	0.0173334	0.00343508	0.144787	0.00325519	0.245284	0.047033	0.000910837	0.00588797	0.00500651	0.00653164	0.022158	0.0344293	0.283058	0.00512584	0.0117499
165	0.00814423	0.00149257	0.0219683	0.039446	0.0129036	0.0213821	0.0205439	0.261114	0.17807	0.119186	0.00677155	0.0448465	0.00291356	0.00607492	0.042964	0.0449099	0.0210945	0.123146	0.00118519	0.0218433
166	0.0351761	0.00885283	0.0368441	0.057242	0.0287172	0.0366651	0.194792	0.0271787	0.0629792	0.0500345	0.0190528	0.096953	0.0255386	0.0671066	0.0498848	0.0734154	0.0483649	0.0289602	0.00915205	0.0430895
167	0.0669822	0.00708975	0.000637945	0.00169884	0.0576054	0.00614679	0.00305686	0.170823	0.00254656	0.254415	0.0521756	0.000714118	0.00456251	0.00416583	0.00512435	0.0120805	0.0276038	0.309391	0.00427373	0.00890529
168	0.00813993	0.00208317	0.000374638	0.000704753	0.0257384	0.000536986	0.00103543	0.216667	0.00138004	0.570699	0.061598	0.000884911	0.00199852	0.000736454	0.00214846	0.00251405	0.00556137	0.0918373	0.00207859	0.00328298
169	0.0040657	0.00152848	0.000513816	0.00123233	0.039837	0.000782963	0.00087843	0.0974204	0.000935953	0.706954	0.0529617	0.00135857	0.0042607	0.00144974	0.00155584	0.00584979	0.00608164	0.0701159	0.000710331	0.00150695
170	0.0468461	0.000529795	0.351316	0.324868	0.00350892	0.0331844	0.0207434	0.00448415	0.0212367	0.00524819	0.00278969	0.051168	0.00743331	0.0357265	0.00671626	0.0249652	0.0290096	0.0104022	0.000328248	0.0194958
171	0.0196175	0.00239456	0.0431902	0.00714829	0.00227918	0.0701172	0.0710352	0.01485	0.0977658	0.0240593	0.00320036	0.378416	0.00105575	0.0241802	0.0634841	0.126645	0.0221264	0.0111188	0.000572	0.0167432
172	0.0319448	0.00467763	0.115214	0.0343448	0.0158311	0.06215	0.0312447	0.0149128	0.0678233	0.0226002	0.00796869	0.294109	0.0107565	0.0349215	0.0368404	0.124239	0.0528	0.0152795	0.00192193	0.0204209
173	0.0125248	0.000464492	0.012243	0.0412323	0.00201354	0.0309093	0.0257221	0.00357579	0.233	0.0413542	0.021783	0.170043	0.000937458	0.200798	0.128463	0.0592857	0.0080926	0.00284792	0.00385926	0.000850093
174	0.00198463	0.00126298	0.0023259	0.00111478	0.358799	0.00507111	0.00107748	0.0434039	0.00148316	0.500896	0.0317957	0.00975942	0.00156276	0.00140661	0.00150459	0.00410147	0.00246157	0.00824164	0.000402164	0.0213453
175	0.0397132	0.000598054	0.0200333	0.0536825	0.00554034	0.00181204	0.00562763	0.0283513	0.00510332	0.00995588	0.00583299	0.0281773	0.00277863	0.0119594	0.00301072	0.298619	0.452323	0.0246866	0.000404595	0.00179018
176	0.0312834	0.00169045	0.0325052	0.021513	0.00130386	0.802051	0.00368101	0.00179531	0.00660681	0.00714989	0.00218091	0.0134505	0.00532017	0.00512657	0.0152244	0.0298015	0.00575601	0.0116136	0.000420774	0.00152585
177	0.0529	0.000176873	0.0420843	0.0850894	0.00784623	0.0412861	0.0203238	0.0144149	0.0688844	0.0296248	0.00221254	0.0522323	0.17164	0.0577587	0.059222	0.174782	0.0987944	0.0161736	0.000166491	0.00438709
178	0.011215	0.00270456	0.000466018	0.0009708	0.0331141	0.00103132	0.00121652	0.212873	0.00259818	0.541081	0.0627851	0.00133412	0.00236467	0.00142165	0.00293646	0.00382671	0.00797428	0.103776	0.00232147	0.00398919
179	0.0481323	0.000784673	0.0114399	0.0123912	0.00681985	0.0140219	0.015298	0.00860163	0.0122325	0.0245803	0.00292222	0.0084978	0.632484	0.0226554	0.0225475	0.101903	0.0379029	0.00754153	0.00270818	0.00653525
180	0.111469	0.000489126	0.0675881	0.0880297	0.00991305	0.0360982	0.0108758	0.00755637	0.0471274	0.037585	0.00411347	0.0461708	0.157365	0.0467386	0.0399163	0.178203	0.0747582	0.0286912	0.000231976	0.00707962
181	0.0522979	0.00205525	0.0185032	0.055596	0.00539769	0.00451683	0.00501971	0.0230883	0.00794993	0.0124117	0.00515498	0.0252848	0.00806688	0.0167959	0.00413245	0.323413	0.404913	0.0218248	0.000656512	0.00292069
182	0.0103002	0.00238846	0.000406745	0.000676777	0.0243547	0.000675703	0.00104727	0.242147	0.00157433	0.533003	0.062669	0.000807349	0.00154094	0.000709899	0.0024138	0.00219792	0.00634546	0.10016	0.00253925	0.00404209
183	0.121134	0.0209573	0.0427594	0.0319719	0.00904186	0.441558	0.00570305	0.0100171	0.0145344	0.0199295	0.00463199	0.0322739	0.00585087	0.017526	0.0106809	0.120429	0.0333	0.0500693	0.00203296	0.00559863
184	0.0388548	0.00179978	0.0211599	0.0373218	0.0361163	0.0567551	0.0792242	0.0185461	0.0324438	0.068236	0.00884317	0.129315	0.00280558	0.0732081	0.0290673	0.148928	0.116847	0.0370067	0.00204689	0.0614752
185	0.0221636	0.00364342	0.000512881	0.000937477	0.0313216	0.00167265	0.00156011	0.229767	0.00172587	0.463467	0.0629037	0.000774735	0.00217714	0.00142596	0.00293438	0.00439037	0.0106682	0.150088	0.00304785	0.00481777
186	0.062013	0.0161612	0.0110729	0.00258872	0.00561761	0.0168915	0.00356265	0.00242273	0.0327539	0.00896882	0.00216257	0.0350639	0.0468026	0.00196198	0.00659828	0.461471	0.259848	0.012158	0.00126702	0.0106135
187	0.00610318	0.0019136	0.00046364	0.00110058	0.0291624	0.000623261	0.000925474	0.157071	0.00106247	0.643846	0.0579502	0.000984458	0.00308305	0.00111764	0.00202339	0.00417542	0.00559656	0.0790763	0.00138677	0.00233499
188	0.0297421	0.000897027	0.0202102	0.282025	0.00334724	0.00733664	0.0324983	0.0103173	0.103228	0.0459259	0.0191369	0.00931241	0.0033416	0.253885	0.0507396	0.0165497	0.0792765	0.0273422	0.00127081	0.00361785
189	0.0925851	0.00133563	0.00836858	0.00254236	0.0142294	0.0100943	0.00279891	0.284838	0.00656563	0.0546364	0.0130781	0.00705764	0.00432359	0.0028955	0.00498011	0.0115632	0.0639076	0.410433	0.00101964	0.00274771
190	0.00832758	0.00215629	0.000390498	0.000773867	0.0269469	0.000635208	0.00101094	0.205795	0.0013246	0.579745	0.0599477	0.000955745	0.00231205	0.000815959	0.0021087	0.00274018	0.00580127	0.0930429	0.00194637	0.00322314
191	0.0303875	0.00115552	0.0392599	0.0506257	0.00855422	0.0398529	0.0324345	0.0110599	0.159687	0.0310957	0.015691	0.141457	0.0173054	0.124601	0.121225	0.104514	0.0457241	0.0108124	0.00472703	0.00982999
