251	20
1	0.0294517	0.0605702	0.000607012	0.000775411	0.0587085	0.00960145	0.00359004	0.27528	0.000579005	0.126857	0.0416589	0.00736145	0.00322544	0.000887585	0.000791486	0.00722694	0.00451858	0.351215	0.00121251	0.0158815
2	0.037883	0.0245454	0.00429606	0.0050366	0.196813	0.00725953	0.0362179	0.0107245	0.00410874	0.0443271	0.0576393	0.0525125	0.00434432	0.0259902	0.00709895	0.0445217	0.0106504	0.0180348	0.103334	0.304662
3	0.104499	0.0206187	0.00721511	0.0724803	0.0514338	0.273187	0.00744982	0.0227007	0.00527951	0.0576897	0.0761408	0.0115127	0.00699515	0.0146762	0.00986253	0.0911636	0.0807392	0.06665	0.00524645	0.0144602
4	0.0205901	0.0290998	0.000397043	0.00158099	0.0609587	0.00412946	0.00472071	0.318073	0.00172348	0.199401	0.0366341	0.00520784	0.00199311	0.00438528	0.00234856	0.00448131	0.009681	0.27421	0.00223518	0.0181492
5	0.0863325	0.0228854	0.00492812	0.00912137	0.0180454	0.00961605	0.00497521	0.0602299	0.011583	0.0423618	0.0369525	0.00879158	0.336983	0.0256664	0.00932022	0.0791222	0.0792858	0.138397	0.00339334	0.0120094
6	0.130335	0.00761233	0.0124489	0.00245356	0.00504097	0.711344	0.00370754	0.00583721	0.00102771	0.00306093	0.00618405	0.0150635	0.00552344	0.00315581	0.00572955	0.0515265	0.0155995	0.00545438	0.000519641	0.00837511
7	0.139708	0.0239164	0.0102614	0.013083	0.0119381	0.401311	0.00744153	0.0204928	0.00274583	0.0206367	0.0152917	0.0177159	0.0087157	0.0109738	0.0058806	0.0939251	0.145834	0.037389	0.00350514	0.00923306
8	0.0956489	0.0414513	0.00468976	0.010394	0.0160079	0.0478676	0.0304472	0.00979548	0.0017543	0.0294414	0.0269447	0.0745765	0.0201746	0.0270942	0.00350644	0.243709	0.2282	0.0682172	0.00881948	0.0112602
9	0.158155	0.0134703	0.00330636	0.026648	0.0178822	0.0207394	0.00332772	0.356083	0.00208734	0.10401	0.0675456	0.0368706	0.00495367	0.00595504	0.00299451	0.038733	0.0270852	0.101702	0.00122925	0.00722171
10	0.110879	0.0149013	0.00572329	0.0409657	0.0164527	0.0109987	0.00301643	0.356511	0.00159412	0.158982	0.0807202	0.0244857	0.00384523	0.00986572	0.00224593	0.0270886	0.0373978	0.0866743	0.00126295	0.00638986
11	0.134809	0.0277081	0.0383552	0.0277857	0.0342813	0.123959	0.0875067	0.0135701	0.00325626	0.00784658	0.0040234	0.0858137	0.178713	0.0198815	0.0043303	0.143506	0.00832012	0.0139804	0.00176733	0.0405856
12	0.00988634	0.0131957	0.000356171	0.000524235	0.0893529	0.00256758	0.000374879	0.220356	0.000290681	0.443965	0.0591152	0.0021521	0.000374358	0.000523549	0.000399526	0.00100274	0.0114868	0.134212	0.000213286	0.00965201
13	0.00917239	0.0111844	0.011357	0.00814874	0.285576	0.00435408	0.0409055	0.123685	0.00153376	0.146861	0.0154927	0.0213899	0.00194261	0.00307013	0.0020703	0.0167943	0.0201171	0.148126	0.0371173	0.0911023
14	0.0412633	0.00322255	0.589989	0.0663269	0.00363736	0.0127602	0.0233932	0.00374882	0.0110636	0.00553826	0.00227144	0.116704	0.0108145	0.0251226	0.00745274	0.0508468	0.0127101	0.00917765	0.00072461	0.00323181
15	0.583394	0.0113567	0.0026939	0.0772231	0.0054001	0.0767071	0.00266221	0.0071268	0.0131735	0.0110583	0.00698985	0.00464619	0.0151276	0.0043024	0.00309239	0.128371	0.012366	0.023442	0.0016822	0.00918522
16	0.0100925	0.013465	0.000369036	0.000527875	0.0895094	0.0025856	0.000375831	0.220593	0.000298928	0.446382	0.0578409	0.00216247	0.000374838	0.000491266	0.000393311	0.00100693	0.0115408	0.132094	0.000218797	0.00967687
17	0.0210022	0.00587871	0.000490491	0.0034347	0.03625	0.000903614	0.0114559	0.392321	0.00444524	0.1185	0.0190947	0.00500895	0.00158971	0.0120185	0.00594705	0.00715167	0.0209382	0.302421	0.00589038	0.0252579
18	0.0408972	0.0571398	0.00337016	0.0316856	0.092439	0.00796244	0.00438262	0.0582734	0.0075476	0.221242	0.102895	0.00697089	0.0300377	0.0342454	0.0357027	0.0755143	0.0669756	0.0603037	0.0182936	0.0441212
19	0.102311	0.0824258	0.00259454	0.00670984	0.0109417	0.0292699	0.0260843	0.0134397	0.00166303	0.0528501	0.039841	0.0541078	0.0405009	0.0184703	0.00239924	0.157983	0.239939	0.0944619	0.00641334	0.0175935
20	0.065412	0.0408022	0.0103136	0.0220797	0.0106159	0.0325551	0.0992841	0.0188297	0.0527581	0.113997	0.0281071	0.0471541	0.00665744	0.141416	0.0960033	0.0611536	0.0498754	0.0417889	0.00705496	0.0541421
21	0.0870281	0.0269109	0.0115184	0.0212089	0.0150674	0.0251531	0.138504	0.0305839	0.0149375	0.100735	0.0558159	0.0967407	0.00851075	0.18674	0.0351442	0.0318268	0.0241471	0.0327954	0.0105533	0.0460784
22	0.0683796	0.0210972	0.0994388	0.263529	0.0239261	0.0314321	0.0330602	0.0478085	0.0101648	0.0440481	0.0226354	0.0513384	0.0101837	0.0335842	0.0227534	0.0580393	0.0402774	0.0947568	0.00531753	0.0182295
23	0.134952	0.0551572	0.0173015	0.0582116	0.0247555	0.0434496	0.0336268	0.0227048	0.00857216	0.0412312	0.0221634	0.0678988	0.013368	0.0853589	0.0219447	0.124275	0.0921473	0.0739718	0.00589524	0.0530146
24	0.209519	0.00889842	0.00582052	0.00330592	0.00961694	0.623791	0.00127767	0.0104652	0.000865245	0.004426	0.0133132	0.00832002	0.00795374	0.00343021	0.00533201	0.0514924	0.0137973	0.00635085	0.000785604	0.0112387
25	0.446974	0.0263111	0.0101788	0.0331732	0.00446124	0.197226	0.0018883	0.0216011	0.00515976	0.0177086	0.00973463	0.00664897	0.007933	0.0183319	0.00371677	0.12762	0.0300528	0.0190359	0.00486665	0.00737703
26	0.35327	0.00716557	0.00243956	0.0047574	0.0216694	0.108153	0.00206581	0.074987	0.0014086	0.0364528	0.00809193	0.00374157	0.00592662	0.00387319	0.00260681	0.0979761	0.105906	0.149881	0.00418829	0.00543938
27	0.0259811	0.0184543	0.00588136	0.00738213	0.217522	0.0375373	0.0518654	0.199504	0.00414936	0.0777475	0.150842	0.012254	0.00619914	0.0091061	0.00670872	0.0176567	0.0161891	0.0375941	0.00701831	0.0904074
28	0.328438	0.03287	0.00465551	0.0323079	0.0100679	0.0955854	0.00588324	0.0496746	0.00390453	0.016731	0.298269	0.00775083	0.00542701	0.00756487	0.00634962	0.0514876	0.0130493	0.019347	0.00340137	0.00723486
29	0.487115	0.0211851	0.00611166	0.0130429	0.0160618	0.0649768	0.00511989	0.0286521	0.00439818	0.0296222	0.0191593	0.0114638	0.00835696	0.00808622	0.00612787	0.123098	0.0670366	0.0573404	0.00287895	0.0201666
30	0.0207766	0.0124276	0.283811	0.264219	0.0131417	0.0251212	0.0525603	0.0262653	0.00203227	0.0293314	0.015783	0.0807827	0.0023073	0.0430938	0.0237843	0.0458273	0.0140384	0.0337629	0.00125859	0.00967518
31	0.17307	0.00736441	0.00621299	0.00221832	0.00603891	0.677679	0.00120362	0.00597158	0.000658285	0.0028145	0.00818368	0.00982187	0.00833397	0.00205157	0.00570826	0.0533466	0.0125333	0.00449861	0.000511975	0.0117783
32	0.0329886	0.0235516	0.00806547	0.00894612	0.239177	0.00511938	0.0244734	0.0236875	0.00275907	0.0524174	0.0585282	0.0389748	0.00281009	0.0163953	0.00484714	0.0387968	0.0118443	0.0304745	0.0826617	0.293482
33	0.637255	0.00850827	0.00115209	0.00686082	0.00902881	0.05936	0.00178662	0.00792286	0.00194742	0.00984616	0.0141437	0.00847381	0.00231692	0.0025769	0.00150727	0.149373	0.0281926	0.0155066	0.000933284	0.033308
34	0.0159895	0.00336483	0.00190602	0.0125728	0.0101039	0.00415727	0.0350853	0.0136363	0.224664	0.00657082	0.0107671	0.0107269	0.0030278	0.0344674	0.542957	0.0246747	0.00479472	0.0228856	0.0010902	0.0165578
35	0.285937	0.0144224	0.00639636	0.0186776	0.0140052	0.00904781	0.00264356	0.0464934	0.00166283	0.0518711	0.0295382	0.00518944	0.00415259	0.0127645	0.0125656	0.196311	0.103262	0.179673	0.00223936	0.00314728
36	0.0804522	0.0245537	0.00277453	0.00731174	0.0259791	0.0121149	0.00259132	0.116074	0.0126791	0.0821351	0.0234123	0.00470801	0.241946	0.00524913	0.0150764	0.0216735	0.0808331	0.223993	0.00212433	0.0143184
37	0.178058	0.00870771	0.00590578	0.00247072	0.00687363	0.661488	0.00165002	0.00650231	0.00123634	0.00368069	0.00839418	0.0100018	0.0142267	0.0023012	0.00611059	0.0527643	0.0121123	0.00522472	0.000805496	0.0114848
38	0.0475936	0.0339344	0.000896652	0.00150694	0.0271182	0.00268709	0.00616974	0.10177	0.000828231	0.0361807	0.00692082	0.00221546	0.00252297	0.00221906	0.0015796	0.0142535	0.0590916	0.639789	0.000868323	0.0118539
39	0.263807	0.162566	0.00341721	0.00537498	0.0327109	0.00933673	0.0047418	0.0194567	0.00350742	0.0746522	0.050253	0.00850559	0.00463231	0.00651331	0.00510237	0.0169147	0.0165936	0.302708	0.00274762	0.00645857
40	0.038234	0.0533262	0.000720404	0.00124161	0.0679775	0.0077207	0.00308884	0.28566	0.000682685	0.153845	0.0632063	0.0151146	0.00400637	0.00127546	0.000888579	0.0110111	0.00621778	0.267165	0.000792588	0.017826
41	0.218187	0.0115396	0.00359648	0.00636085	0.0169983	0.140607	0.00396933	0.0584577	0.0028075	0.0260276	0.00973841	0.00724498	0.0247256	0.00645191	0.00522572	0.12074	0.0850681	0.241689	0.0037374	0.00682744
42	0.0790775	0.0376508	0.0101149	0.0158653	0.0225699	0.0242819	0.0477601	0.0423923	0.00569295	0.0463147	0.0263166	0.0358006	0.0214762	0.0168271	0.00889968	0.100895	0.289187	0.146207	0.00770295	0.0149674
43	0.0793838	0.0525703	0.00812442	0.0117181	0.0111511	0.0473352	0.0200843	0.00885348	0.00150777	0.0213375	0.0162756	0.0573978	0.0157982	0.0204941	0.00318483	0.306006	0.25478	0.050444	0.00602642	0.00752642
44	0.125526	0.00856227	0.0141869	0.00641474	0.00571755	0.664151	0.00548071	0.00697527	0.00235553	0.00533109	0.00744202	0.0190525	0.00603445	0.00542208	0.00696502	0.0608279	0.0311603	0.00901727	0.00103205	0.0083457
45	0.100137	0.0443858	0.0123425	0.0146917	0.0201545	0.025017	0.0110065	0.0348475	0.0205874	0.0418408	0.0200091	0.0205274	0.404214	0.0157903	0.0135234	0.069972	0.0405343	0.069015	0.00470493	0.0166992
46	0.146413	0.00769804	0.00963638	0.00270332	0.00592159	0.698016	0.00252678	0.00582388	0.000825401	0.00332751	0.00685635	0.0127373	0.00677455	0.00229142	0.00546991	0.0519953	0.0153707	0.00571208	0.000556595	0.00934452
47	0.354071	0.0219041	0.00141529	0.0070374	0.0529598	0.0810403	0.00169245	0.0569966	0.00149711	0.06429	0.0228445	0.00336066	0.00346043	0.00871021	0.0023198	0.076177	0.0616462	0.144747	0.00428756	0.0295423
48	0.148819	0.0857582	0.00826434	0.00960852	0.0146219	0.028702	0.00735614	0.0776313	0.00447335	0.0488776	0.0464818	0.0174239	0.0114999	0.0110821	0.00623434	0.130753	0.240085	0.0880274	0.00566603	0.0086344
49	0.0423306	0.00878938	0.358818	0.101241	0.00776568	0.0685993	0.0491277	0.00958394	0.0158042	0.0148919	0.0107432	0.121443	0.0139606	0.0410786	0.0244004	0.06682	0.0173651	0.0154469	0.0020071	0.00978289
50	0.152311	0.0897564	0.00470862	0.0072383	0.0158229	0.0102191	0.00677985	0.0596187	0.00209336	0.113439	0.0559617	0.0142643	0.0109948	0.00825762	0.00369816	0.096707	0.192349	0.141404	0.00515892	0.00921817
51	0.0153259	0.00430845	0.000341257	0.00169926	0.0384551	0.000678254	0.00494615	0.448063	0.00291598	0.15084	0.0211752	0.00281588	0.00143747	0.00625214	0.00268541	0.00273966	0.0123942	0.268259	0.00314542	0.0115235
52	0.076693	0.0391187	0.0294537	0.0341575	0.01067	0.0757589	0.0192253	0.00935726	0.00581743	0.0214976	0.0133411	0.0757742	0.0150022	0.0261892	0.0112736	0.276034	0.211289	0.0342577	0.00505427	0.010036
53	0.169366	0.0310014	0.0262195	0.0190699	0.0259815	0.216048	0.0443839	0.0115883	0.00360236	0.00916417	0.00535793	0.0625844	0.169042	0.016001	0.00494161	0.13565	0.00892934	0.0143484	0.00206709	0.0246545
54	0.00929509	0.0124394	0.000433366	0.000569524	0.0799772	0.00263792	0.000515762	0.245835	0.000321199	0.410476	0.0598501	0.00215769	0.000381194	0.000583159	0.000474464	0.00136643	0.0111225	0.152609	0.000323219	0.00863133
55	0.277562	0.0576457	0.00169449	0.0190489	0.0756889	0.059762	0.00344681	0.0341649	0.00195445	0.0627043	0.0592	0.00512479	0.00247072	0.0278487	0.00347253	0.0432463	0.069846	0.115924	0.00187658	0.0773178
56	0.0945604	0.0249396	0.085545	0.0908065	0.00326546	0.0853426	0.0148163	0.00350582	0.0094341	0.0102086	0.00244111	0.0946	0.0115015	0.0257712	0.0227476	0.293714	0.102271	0.0126157	0.000646364	0.0112672
57	0.370832	0.0357117	0.0148835	0.0259732	0.00735483	0.197431	0.00601134	0.0289027	0.00458822	0.0177544	0.0139379	0.0142962	0.0127908	0.033357	0.00495053	0.13346	0.0387379	0.02401	0.0058925	0.00912463
58	0.0385006	0.0236194	0.00384225	0.00452748	0.186631	0.00725721	0.0374554	0.0109768	0.00418731	0.0459504	0.0593343	0.0544446	0.00443948	0.0304187	0.00750432	0.0463783	0.0103966	0.0160407	0.105872	0.302223
59	0.047829	0.0426509	0.00407067	0.028799	0.0852414	0.00934129	0.00531537	0.0618508	0.00535756	0.243116	0.119446	0.00830333	0.0166742	0.050213	0.0326435	0.0721553	0.0637223	0.051793	0.00851658	0.0429605
60	0.0264914	0.00632223	0.419951	0.178522	0.00629478	0.0218363	0.0364026	0.00974775	0.00822453	0.0145211	0.00570932	0.103477	0.00540856	0.0307644	0.0187209	0.0619729	0.0192807	0.0186016	0.000818848	0.00693147
61	0.0666539	0.00534916	0.0532092	0.0523415	0.00309722	0.228716	0.0568871	0.00376134	0.0425292	0.00497127	0.0126339	0.123814	0.0110183	0.0811418	0.0601554	0.13908	0.0352572	0.00613421	0.000760269	0.0124898
62	0.0213622	0.00614952	0.00302064	0.00438469	0.00582672	0.0063115	0.00455219	0.330978	0.00241689	0.0723783	0.00863405	0.0211196	0.00347047	0.0048884	0.0190306	0.124052	0.0986636	0.238964	0.00222378	0.0215722
63	0.192983	0.0230808	0.0265494	0.0427142	0.0215972	0.113105	0.0363725	0.0164628	0.0179902	0.0107931	0.00646747	0.0532885	0.216213	0.0187235	0.0122205	0.134925	0.0148872	0.019385	0.00182453	0.0204183
64	0.010413	0.0158642	0.00113413	0.00154796	0.0514344	0.0044141	0.00142341	0.184144	0.000782208	0.365603	0.128708	0.00299043	0.00134708	0.00166382	0.00148266	0.0041045	0.0301247	0.184302	0.000790694	0.00772553
65	0.0122118	0.0121732	0.000386419	0.00078052	0.0693439	0.00219707	0.00152374	0.329264	0.00091431	0.300721	0.0430467	0.00307542	0.000991752	0.00184952	0.000920081	0.0021151	0.00875368	0.200057	0.00104043	0.00863358
66	0.0379682	0.0676826	0.00064714	0.00105249	0.0683462	0.00971235	0.00433222	0.276472	0.000647164	0.113303	0.0366584	0.00689924	0.00321288	0.00150874	0.00117821	0.00652722	0.0071761	0.338837	0.000867745	0.0169701
67	0.00752488	0.00348478	0.000386772	0.000510712	0.040079	0.000796519	0.000518464	0.527531	0.000539719	0.203842	0.019519	0.000775247	0.000548436	0.000841699	0.000520344	0.00127335	0.00311471	0.186841	0.000259163	0.00109385
68	0.0651042	0.0643158	0.00848657	0.0107258	0.00732479	0.0705099	0.0107295	0.00957464	0.00240408	0.0124951	0.00877091	0.0338094	0.00853141	0.0220049	0.00399111	0.34021	0.288459	0.0242626	0.00301201	0.00527768
69	0.199892	0.0348229	0.00921843	0.0106942	0.0318565	0.45476	0.00715834	0.0188474	0.00281584	0.0170266	0.0162382	0.015924	0.0149543	0.0107482	0.00849612	0.0679579	0.0269967	0.0306865	0.00334793	0.0175579
70	0.102543	0.0362091	0.00108368	0.00978717	0.0286915	0.00480222	0.00801134	0.181097	0.00122736	0.078238	0.0402522	0.00536974	0.0296519	0.00517127	0.00496826	0.0436497	0.130885	0.271994	0.00982978	0.0065389
71	0.0246431	0.00128827	0.690529	0.0371996	0.00115898	0.00485148	0.00943346	0.00183096	0.0133953	0.00228039	0.0011362	0.119799	0.0105546	0.0152906	0.00429452	0.0431091	0.0121894	0.00557113	0.000460277	0.000984816
72	0.104864	0.0209481	0.00143071	0.00753662	0.0145185	0.0132143	0.00432669	0.243708	0.00112402	0.0841182	0.0563881	0.0160005	0.00900922	0.00532293	0.003476	0.0460423	0.12988	0.227577	0.0053428	0.00517244
73	0.087864	0.0277958	0.00134852	0.0164227	0.0352133	0.00439764	0.00544085	0.165422	0.0037757	0.0745557	0.0338139	0.00357337	0.0876384	0.00455994	0.011045	0.0411107	0.104805	0.273218	0.00600138	0.0119973
74	0.0822606	0.0147395	0.0986397	0.0977685	0.00234096	0.11331	0.0238924	0.0031242	0.0179488	0.00902485	0.0040481	0.0980583	0.0103278	0.0355456	0.0346521	0.250096	0.083862	0.00929039	0.000612066	0.0104578
75	0.103861	0.024793	0.00156625	0.00994141	0.0328243	0.0111683	0.00213643	0.327045	0.000949693	0.163232	0.0997967	0.0237723	0.0066981	0.00370762	0.00138297	0.0405553	0.0233948	0.114182	0.000870764	0.00812179
76	0.287449	0.0179978	0.00290239	0.00579084	0.0793532	0.0507483	0.00280239	0.0525536	0.00174942	0.0379182	0.0255212	0.00571418	0.0038401	0.00521333	0.00411946	0.148148	0.0794589	0.176633	0.00477907	0.00730788
77	0.0960042	0.00683394	0.034628	0.0733136	0.00518781	0.0543962	0.00617817	0.026324	0.153723	0.0930047	0.0317206	0.0169271	0.0105524	0.04103	0.193039	0.0586306	0.0434341	0.0131287	0.00217333	0.0397707
78	0.0938377	0.0495256	0.0238453	0.0221419	0.011445	0.0630934	0.0301634	0.00872972	0.00292228	0.0146035	0.00999612	0.0728594	0.0928763	0.0408321	0.00568314	0.291646	0.124297	0.0279661	0.00324339	0.010293
79	0.0293535	0.0604022	0.000542819	0.000871545	0.0598573	0.00886858	0.00387531	0.288534	0.000815212	0.123744	0.0393494	0.00720553	0.00309246	0.00129928	0.00095481	0.00638869	0.00492192	0.341459	0.00129589	0.0171682
80	0.0887543	0.0354031	0.00407861	0.00528197	0.0134817	0.00909065	0.00801869	0.0506257	0.00238113	0.0310332	0.0145983	0.00681333	0.0342361	0.00582996	0.00429297	0.024103	0.33692	0.314619	0.00363849	0.00679937
81	0.0804736	0.00960332	0.021263	0.0846568	0.00777726	0.0409592	0.00828904	0.0259097	0.211813	0.0598861	0.0240942	0.0297239	0.0605846	0.0497171	0.16526	0.0454677	0.0345433	0.0181976	0.00521142	0.0165695
82	0.0652402	0.0163043	0.00354925	0.0076217	0.136306	0.0266922	0.0854976	0.0124075	0.0148963	0.0422719	0.048003	0.0448576	0.0155314	0.0327306	0.0165096	0.0476326	0.010465	0.018536	0.101065	0.253883
83	0.0725714	0.00192616	0.0206594	0.158909	0.00457273	0.0465474	0.00407001	0.0125875	0.270344	0.0199143	0.01464	0.0398096	0.00821815	0.076408	0.138662	0.0568691	0.0384813	0.00339481	0.00341743	0.0079979
84	0.6351	0.0100036	0.00116761	0.00830496	0.00861583	0.0610638	0.00161174	0.00834779	0.0021136	0.0129694	0.0167679	0.00677321	0.00286986	0.00272438	0.00168301	0.143325	0.0257786	0.0185001	0.000904353	0.0313755
85	0.00656064	0.00998505	0.00657372	0.00877455	0.329182	0.00291919	0.0360457	0.125515	0.00103357	0.141926	0.0148825	0.0138793	0.00156268	0.00168646	0.00147617	0.0168287	0.0217892	0.129301	0.0409527	0.0891249
86	0.0562264	0.00557701	0.00204199	0.0301284	0.0938717	0.0100904	0.184822	0.0202197	0.016993	0.0286082	0.0364034	0.0207104	0.0065922	0.0952691	0.0819863	0.0521056	0.00671919	0.0259289	0.0117624	0.213944
87	0.0783001	0.0180844	0.0148272	0.0631102	0.00902575	0.0062739	0.00443581	0.34745	0.00199973	0.223106	0.0521683	0.0117717	0.00311221	0.0195529	0.00333886	0.016085	0.0481001	0.0730962	0.00137566	0.00478566
88	0.374928	0.0257331	0.00480344	0.0207419	0.0137114	0.0990025	0.00528984	0.0630748	0.00427287	0.0252417	0.17555	0.00977531	0.00519969	0.00992125	0.00687417	0.0808007	0.024609	0.033012	0.00383466	0.0136238
89	0.0832786	0.0183023	0.00959468	0.0042737	0.0155308	0.0203727	0.0233571	0.0386515	0.15578	0.102227	0.0362892	0.0478093	0.0106928	0.098431	0.119148	0.0747073	0.0962816	0.0210146	0.00573807	0.0185198
90	0.0895392	0.0209993	0.0851813	0.0991263	0.00237836	0.0739688	0.0126466	0.00336846	0.0101005	0.0102745	0.00241162	0.0880741	0.0086355	0.0246247	0.0235612	0.306788	0.116184	0.0117129	0.000659885	0.00976509
91	0.0733783	0.00775902	0.0960766	0.039575	0.00409862	0.25194	0.0511648	0.0063367	0.0443335	0.00849332	0.0119204	0.100569	0.0271858	0.0688764	0.0496857	0.114327	0.0231593	0.00840977	0.00127317	0.0114383
92	0.0950766	0.012123	0.0211177	0.040196	0.00907013	0.0684878	0.0139456	0.0296768	0.118833	0.0349095	0.0177677	0.0373655	0.237694	0.0384277	0.113522	0.0487337	0.021895	0.0261615	0.00418505	0.0108111
93	0.0877689	0.00736014	0.0180979	0.0384669	0.00686018	0.0449287	0.00678843	0.0334642	0.2567	0.0554208	0.035819	0.0490452	0.0505587	0.0808361	0.102442	0.0478609	0.0542885	0.010693	0.00334443	0.009256
94	0.128617	0.007757	0.0119824	0.0031123	0.00580651	0.698223	0.00414733	0.00583296	0.00235528	0.00384068	0.00745321	0.0160526	0.00593556	0.0038428	0.00710828	0.0529394	0.0184857	0.00743396	0.000625099	0.00844879
95	0.136729	0.0266624	0.0163739	0.0178915	0.0189503	0.0491527	0.0196226	0.0185481	0.0153031	0.0245407	0.0148159	0.0311066	0.360605	0.0155474	0.00862468	0.128395	0.0357076	0.0408038	0.0031221	0.0174983
96	0.0527051	0.0341698	0.00119268	0.00179051	0.0214527	0.00243649	0.0064274	0.0814091	0.0008454	0.025392	0.00458417	0.00230081	0.00246301	0.0024606	0.00142611	0.0167555	0.0673236	0.662547	0.000691698	0.0116261
97	0.0125424	0.00996789	0.00725148	0.00723057	0.219394	0.00460228	0.0492141	0.131865	0.00253229	0.156199	0.0119002	0.0148074	0.00255151	0.00487124	0.00315334	0.0152998	0.0187453	0.206314	0.0424614	0.0790962
98	0.00764533	0.00350515	0.000385729	0.00053451	0.0399962	0.000797295	0.000583871	0.526682	0.000588248	0.203411	0.0195178	0.000792689	0.000550149	0.000945709	0.000544001	0.00129969	0.00321483	0.187422	0.000327258	0.00125539
99	0.0690433	0.0136217	0.231719	0.134244	0.00520245	0.0509373	0.0230452	0.0074776	0.0104972	0.0132264	0.0039723	0.0919916	0.00749556	0.0270896	0.0209024	0.194839	0.0681538	0.0175036	0.00074781	0.00828991
100	0.00752488	0.00348478	0.000386772	0.000510712	0.040079	0.000796519	0.000518464	0.527531	0.000539719	0.203842	0.019519	0.000775247	0.000548436	0.000841699	0.000520344	0.00127335	0.00311471	0.186841	0.000259163	0.00109385
101	0.103697	0.0285493	0.00630755	0.00714671	0.0180521	0.0141915	0.00622154	0.058142	0.00971124	0.0512533	0.0249199	0.0126782	0.302937	0.0110711	0.00795894	0.062892	0.115309	0.14321	0.00316979	0.0125831
102	0.0391483	0.0183304	0.028021	0.00948561	0.052295	0.00909931	0.00854289	0.101245	0.0793939	0.146964	0.0582592	0.0384278	0.00901514	0.0923676	0.0883229	0.0794707	0.0524307	0.0470012	0.0315563	0.0106229
103	0.0246431	0.00128827	0.690529	0.0371996	0.00115898	0.00485148	0.00943346	0.00183096	0.0133953	0.00228039	0.0011362	0.119799	0.0105546	0.0152906	0.00429452	0.0431091	0.0121894	0.00557113	0.000460277	0.000984816
104	0.0232356	0.0112726	0.000360694	0.00165673	0.0418632	0.00165166	0.00480557	0.386167	0.00334622	0.120407	0.0232628	0.00502034	0.00312325	0.0060906	0.00276805	0.00385121	0.0105348	0.332479	0.00393302	0.0141708
105	0.0538881	0.00240266	0.0177229	0.238032	0.00712909	0.0316625	0.00650702	0.00624783	0.24368	0.00843402	0.00549727	0.0398394	0.00227352	0.0813763	0.133697	0.068199	0.0357043	0.00395652	0.00576133	0.00798982
106	0.0153144	0.00326564	0.00140692	0.0106	0.0100271	0.00354372	0.0349464	0.012728	0.226113	0.00601224	0.0107054	0.0109074	0.00292956	0.0335878	0.551567	0.02368	0.00406745	0.0211865	0.00107548	0.0163365
107	0.0851404	0.0285267	0.00627085	0.0080719	0.0254764	0.0179243	0.0051176	0.0692768	0.0140927	0.0840123	0.0218344	0.00883263	0.348484	0.00982458	0.0108777	0.0411269	0.0470179	0.144171	0.00513991	0.0187809
108	0.0159853	0.0315499	0.000951078	0.00103284	0.0494722	0.00916306	0.00249859	0.22042	0.000679463	0.234165	0.0681605	0.0050945	0.00219854	0.00128688	0.00121273	0.00549271	0.0102891	0.325311	0.00137366	0.0136635
109	0.0097014	0.0117073	0.000349216	0.000514585	0.0852823	0.00232143	0.000379495	0.262269	0.000281441	0.409075	0.0544073	0.00202681	0.000328763	0.000546875	0.00040685	0.000956305	0.00994409	0.140882	0.000217443	0.00840214
110	0.010731	0.015561	0.000764965	0.00094346	0.0982007	0.00259665	0.00146691	0.220378	0.000398258	0.413252	0.0625395	0.00471417	0.00051825	0.000868319	0.000534409	0.00163949	0.0109304	0.136175	0.00115439	0.0166339
111	0.363757	0.00883898	0.00120311	0.00382488	0.0490064	0.058549	0.00173138	0.0720111	0.00124148	0.0598827	0.0119979	0.00300359	0.00306641	0.00326032	0.00279607	0.108663	0.0618718	0.170678	0.00829158	0.00632488
112	0.129187	0.00775442	0.0132748	0.00318717	0.0052954	0.703869	0.00420572	0.00587504	0.00103319	0.0034183	0.00607448	0.0160559	0.005832	0.0030034	0.00571931	0.0533007	0.0173706	0.00640651	0.000514553	0.00862166
113	0.0635133	0.00218648	0.0517575	0.0400737	0.00254157	0.270838	0.0718713	0.00337599	0.0478578	0.0029466	0.0138898	0.124261	0.0131635	0.0907829	0.0645936	0.100121	0.0186678	0.0037406	0.000532381	0.0132861
114	0.151743	0.0131887	0.0248382	0.00878472	0.00583771	0.589851	0.00619942	0.00910123	0.00247378	0.00670987	0.00752195	0.0231255	0.0108246	0.0077328	0.00800206	0.0835534	0.0199327	0.0104814	0.0018752	0.00822248
115	0.211645	0.0392125	0.00312564	0.00436844	0.00855235	0.00609766	0.00334456	0.281076	0.00263218	0.0329979	0.0071896	0.00687997	0.0038452	0.00483043	0.00357038	0.0105961	0.0104547	0.352856	0.00214202	0.00458279
116	0.0628041	0.00204374	0.0519025	0.040137	0.00233269	0.270174	0.071745	0.00323966	0.0482124	0.00296017	0.0139591	0.124522	0.0129362	0.0913261	0.0651726	0.100442	0.0187895	0.00361913	0.000530622	0.0131511
117	0.114297	0.0195623	0.00173207	0.0122207	0.0310675	0.0105989	0.00248391	0.347105	0.00117859	0.143353	0.0843626	0.0218372	0.0064127	0.00426965	0.001573	0.039263	0.0282172	0.119131	0.00117964	0.0101561
118	0.135403	0.0206317	0.0461292	0.028244	0.0179582	0.0486008	0.0221224	0.0253948	0.0336559	0.0217376	0.0101035	0.0401752	0.353519	0.0203786	0.0195873	0.0808589	0.0194785	0.0389598	0.00242885	0.014633
119	0.0459115	0.0320086	0.00106877	0.00141172	0.0222327	0.00224756	0.00695802	0.0812108	0.00081486	0.0241432	0.00364947	0.00187283	0.00217209	0.0021582	0.0013897	0.0152954	0.065954	0.676427	0.000716067	0.0123571
120	0.119453	0.0328819	0.00137105	0.00503459	0.0140918	0.00514616	0.00546204	0.11658	0.00108584	0.0686103	0.0400772	0.00542569	0.00947265	0.0103328	0.00302291	0.0466787	0.13836	0.366477	0.0060817	0.00435486
121	0.0821288	0.0466624	0.00191437	0.00875076	0.0137797	0.0324391	0.0326289	0.00948495	0.00104026	0.042351	0.0267877	0.0698076	0.0279235	0.0155586	0.00175871	0.224827	0.270179	0.0693302	0.0115444	0.0111029
122	0.0680772	0.0573702	0.00762133	0.0100159	0.00729777	0.0696441	0.0116843	0.00852205	0.00217933	0.0133935	0.00959994	0.0357465	0.00908782	0.0236922	0.00357194	0.320479	0.306744	0.0264096	0.00343257	0.00543054
123	0.0667855	0.0333831	0.0044497	0.0145655	0.0952346	0.0118753	0.00963233	0.0740695	0.0103475	0.138285	0.0625894	0.0102024	0.113489	0.0133358	0.0173922	0.0538556	0.0391286	0.125692	0.0555327	0.0501547
124	0.096983	0.0327088	0.0267626	0.00712081	0.0346599	0.011513	0.0290181	0.02796	0.0840953	0.206152	0.110362	0.0479948	0.0496898	0.0308391	0.0882026	0.0282355	0.0489096	0.0194025	0.00910228	0.0102885
125	0.165806	0.00852824	0.00922647	0.00247625	0.00549403	0.665315	0.00202152	0.00568431	0.0014392	0.00327628	0.00767655	0.0133794	0.00899939	0.00329067	0.00775136	0.061285	0.0122918	0.00507725	0.000685993	0.0102952
126	0.0717184	0.0247591	0.00823098	0.00473952	0.0105693	0.00994634	0.0349183	0.118791	0.226952	0.0878235	0.0399764	0.0209494	0.0238207	0.0360173	0.0707641	0.0601893	0.0926528	0.0162998	0.0193035	0.0215786
127	0.0933835	0.0201729	0.0845989	0.0837635	0.00692666	0.118873	0.0297316	0.00498559	0.0118854	0.0129681	0.00381061	0.0934412	0.0227825	0.0297201	0.0245948	0.253963	0.0779313	0.0122142	0.000793292	0.0134601
128	0.20054	0.0721077	0.00516292	0.00434052	0.00460085	0.137669	0.00302096	0.0938703	0.0149792	0.0844519	0.00754819	0.0333435	0.00567067	0.00595112	0.0326908	0.150802	0.0458086	0.0780081	0.016372	0.00306061
129	0.0535311	0.0518684	0.0155234	0.0341952	0.00710282	0.0271114	0.103208	0.0141888	0.0251529	0.167183	0.0364542	0.0653477	0.00577668	0.163528	0.0588884	0.029554	0.0297514	0.0356035	0.00729636	0.0687346
130	0.0393377	0.0274255	0.00427299	0.00470535	0.200533	0.00634995	0.0315963	0.00927319	0.00357661	0.0406741	0.0557568	0.0573746	0.00377303	0.0241953	0.00689438	0.0477985	0.0118632	0.0178283	0.101906	0.304864
131	0.116416	0.0917845	0.0023196	0.00809492	0.0919877	0.0210443	0.0105797	0.0683694	0.00233003	0.204846	0.0100922	0.00886912	0.00934177	0.026266	0.0428164	0.0108892	0.0495662	0.210968	0.00208402	0.0113347
132	0.0614825	0.00286641	0.0501779	0.0385448	0.00286143	0.276388	0.0730965	0.00466409	0.0475554	0.00466674	0.0145913	0.120572	0.0125663	0.0894128	0.0647015	0.0975242	0.0191946	0.00468103	0.000754831	0.0136975
133	0.0330975	0.105313	0.0055475	0.0389048	0.0580689	0.0107773	0.00843848	0.0274524	0.0350123	0.108376	0.0849542	0.0104991	0.0544165	0.01373	0.0504053	0.0311866	0.0502595	0.107309	0.122432	0.0438185
134	0.090749	0.0266091	0.00410393	0.00423686	0.0289441	0.0398432	0.00333179	0.116418	0.00593383	0.128489	0.0117214	0.00741895	0.235403	0.00441573	0.0070863	0.0135211	0.0336756	0.200775	0.00382093	0.0335035
135	0.103305	0.0117102	0.0294495	0.0131731	0.00591448	0.547782	0.0196396	0.00600223	0.00963196	0.00619236	0.00740353	0.0523076	0.0124611	0.0209824	0.0181341	0.0934384	0.0223051	0.00999038	0.00110223	0.00907493
136	0.38435	0.16395	0.00260533	0.00508835	0.00595807	0.0331601	0.0180538	0.0117717	0.00248339	0.0107415	0.00673018	0.00742554	0.00314362	0.00476945	0.00373848	0.272978	0.0107188	0.0438967	0.00180306	0.00663279
137	0.0265137	0.00207697	0.670732	0.0434538	0.00181525	0.0060505	0.0116516	0.00280815	0.0130125	0.00444093	0.00176114	0.118186	0.010214	0.0166602	0.00508852	0.0439225	0.013043	0.00648257	0.000699108	0.00138747
138	0.0219222	0.0388201	0.00146925	0.0018831	0.0863489	0.00585098	0.00220196	0.124019	0.0013944	0.490598	0.0319099	0.00333188	0.00143775	0.00430682	0.00525168	0.00439928	0.0287631	0.13836	0.00102194	0.00671001
139	0.00945155	0.00415623	0.00036054	0.000692595	0.0415195	0.000860648	0.00106633	0.500153	0.000865144	0.204408	0.021783	0.00106065	0.000679905	0.00175539	0.000915276	0.00137507	0.0046411	0.200483	0.000722873	0.00305029
140	0.00750806	0.00369851	0.000391237	0.000507105	0.0410987	0.000836507	0.000518447	0.521321	0.000530465	0.207962	0.0201894	0.000797681	0.000541803	0.000814626	0.000522109	0.00123416	0.00332703	0.186668	0.000254778	0.00127735
141	0.246366	0.157832	0.00600102	0.00395493	0.00726507	0.076641	0.00590933	0.0597907	0.00610057	0.0589672	0.00800616	0.0468615	0.00458367	0.00446251	0.011431	0.134995	0.0239618	0.126813	0.00543459	0.00462298
142	0.0075088	0.00351926	0.000386149	0.000509508	0.0404449	0.000797011	0.00052004	0.526197	0.000540016	0.204871	0.019625	0.000784179	0.000549007	0.000841116	0.000520611	0.00127519	0.00312882	0.186591	0.000257702	0.00113344
143	0.130146	0.00754541	0.0128021	0.00234313	0.00527041	0.712859	0.0037904	0.00544373	0.00132487	0.00321545	0.00629938	0.014555	0.00580495	0.00269092	0.00572459	0.0504711	0.0153674	0.00544569	0.00049894	0.00840171
144	0.204832	0.067008	0.00856361	0.00889018	0.0301863	0.00872709	0.00569353	0.0378487	0.00150247	0.040215	0.0298632	0.0214763	0.00713816	0.0067418	0.00405658	0.175856	0.177272	0.157262	0.00266383	0.00420448
145	0.0949155	0.0191409	0.0606652	0.0630676	0.00717839	0.153653	0.0293943	0.00838845	0.0202708	0.0132915	0.00842576	0.0979474	0.0148479	0.0432128	0.0420913	0.224609	0.0674437	0.0160224	0.00212002	0.0133141
146	0.064599	0.0172767	0.00592173	0.00874696	0.098871	0.0132968	0.00991704	0.0231218	0.00915123	0.326042	0.188963	0.0394806	0.0102281	0.0252987	0.0154	0.0242823	0.0191124	0.0263106	0.0601955	0.0137842
147	0.110269	0.0305306	0.0657766	0.046705	0.0143838	0.129318	0.0456048	0.00712339	0.00866148	0.00799656	0.00359405	0.0962363	0.0739276	0.0341686	0.0151625	0.232724	0.0474075	0.0119322	0.000716597	0.0177613
148	0.0599607	0.0147098	0.084212	0.133426	0.0892132	0.0133172	0.0128873	0.106898	0.0068918	0.0635261	0.0444547	0.044799	0.00701727	0.0723658	0.0385586	0.0293511	0.0730097	0.0898706	0.00539871	0.0101319
149	0.0862435	0.0271758	0.00865687	0.0192965	0.0216787	0.0186905	0.0694185	0.0271517	0.0267057	0.118743	0.0414804	0.0604464	0.0108777	0.160265	0.0884434	0.0366018	0.0302471	0.0344678	0.0352898	0.0781202
150	0.0982817	0.0143689	0.00979648	0.0521918	0.0161911	0.00818844	0.0207429	0.247379	0.010102	0.125898	0.0251427	0.00988875	0.00829589	0.0402271	0.00917936	0.0546839	0.0497643	0.185088	0.00334444	0.0112456
151	0.0920895	0.0210964	0.00185514	0.00648181	0.015908	0.00877097	0.00522039	0.238336	0.00151518	0.0764143	0.035074	0.0106085	0.0117714	0.0055439	0.00580788	0.0542571	0.134812	0.261038	0.00593694	0.0074624
152	0.12685	0.0138611	0.0194735	0.00327138	0.00493101	0.649267	0.00563772	0.00607195	0.00176663	0.00441182	0.00579259	0.0268151	0.00768259	0.00429752	0.00991046	0.0793387	0.0125862	0.00984844	0.00090853	0.007278
153	0.021633	0.00550532	0.000373603	0.002262	0.0398701	0.000770621	0.00647758	0.398141	0.00504522	0.118761	0.0205163	0.00436074	0.00226574	0.00882851	0.00368264	0.00360806	0.0142401	0.322008	0.0047155	0.016935
154	0.0257492	0.00593177	0.000357324	0.00330768	0.0389829	0.000748958	0.00863165	0.375794	0.00500624	0.117018	0.0204894	0.00554922	0.00218804	0.0121331	0.00496726	0.00484378	0.0158781	0.324767	0.00630894	0.0213469
155	0.0549208	0.0219302	0.00545242	0.0195186	0.0351508	0.0167926	0.139952	0.0237424	0.01373	0.0654335	0.0641356	0.0369226	0.0281165	0.152987	0.0689414	0.0338959	0.0178044	0.0509785	0.0387373	0.110858
156	0.0271821	0.0272793	0.000421209	0.00126622	0.052267	0.00385916	0.00412127	0.337258	0.00239842	0.112973	0.0288434	0.00794711	0.0050082	0.00437215	0.00208074	0.00509789	0.0077053	0.351773	0.00297677	0.01517
157	0.0215788	0.00676866	0.35894	0.236032	0.00904041	0.0198878	0.0498363	0.0130681	0.00473703	0.02015	0.00757501	0.10061	0.00368718	0.0364727	0.0220615	0.0429189	0.0128805	0.0244225	0.00099488	0.00833678
158	0.0534801	0.0355178	0.00113236	0.00239625	0.047007	0.00604508	0.00416382	0.301046	0.00197859	0.103699	0.0306923	0.0163881	0.0144007	0.00359613	0.00264611	0.0133281	0.016824	0.329482	0.00300513	0.0131712
159	0.064762	0.0133694	0.260931	0.105801	0.00275003	0.0509864	0.0152074	0.00439643	0.0107903	0.0102191	0.00270547	0.0971814	0.00817038	0.0232349	0.0190883	0.206883	0.0841857	0.0114792	0.000653721	0.00720521
160	0.148284	0.00844091	0.0237188	0.0561481	0.00542144	0.0151998	0.00388105	0.0422159	0.0953117	0.0132056	0.00798537	0.0397022	0.35351	0.0417789	0.0494302	0.0496754	0.0102363	0.0292659	0.0019904	0.00459832
161	0.118963	0.0241026	0.0748065	0.0934166	0.00477593	0.0895658	0.0123681	0.00461754	0.00835632	0.0138663	0.00300024	0.0866509	0.0086731	0.022564	0.0237341	0.275044	0.101976	0.0161767	0.00106553	0.0162768
162	0.0492424	0.0210562	0.0643087	0.143147	0.0204371	0.0263081	0.0845348	0.0395562	0.0085089	0.0408396	0.0198587	0.0954771	0.0102682	0.111495	0.0303554	0.0925377	0.024264	0.0576912	0.00584092	0.0542723
163	0.00992966	0.0133604	0.000380226	0.000513643	0.0888482	0.00255268	0.000369198	0.223889	0.000291918	0.443789	0.0577675	0.00214673	0.00037681	0.000505764	0.000398247	0.000990436	0.0112885	0.132882	0.000213089	0.00950779
164	0.0641101	0.00295788	0.0451717	0.0423662	0.00327156	0.249243	0.0610306	0.00380636	0.0441449	0.00445995	0.0152991	0.139189	0.0113824	0.0909583	0.064433	0.109109	0.0305555	0.00571852	0.000825351	0.0119683
165	0.247704	0.0380055	0.0166615	0.00394464	0.0232352	0.0378742	0.00328161	0.0769486	0.00307361	0.0356863	0.00693307	0.0309732	0.158889	0.00423836	0.0041873	0.0107295	0.0450456	0.242955	0.00168958	0.00794473
166	0.0226735	0.00775857	0.266046	0.275517	0.0125603	0.025027	0.0694837	0.0152539	0.00173762	0.0249736	0.00865251	0.0920804	0.00175068	0.0471439	0.0297363	0.0430319	0.0133202	0.0303267	0.000931055	0.0119954
167	0.0350728	0.00734435	0.000785508	0.00843697	0.0366965	0.00155285	0.010799	0.348484	0.00639212	0.141415	0.0270085	0.00841981	0.00165201	0.0170299	0.00564639	0.0101936	0.018615	0.283678	0.00550911	0.0252686
168	0.162172	0.0317872	0.0339285	0.0271098	0.0381762	0.121881	0.0657114	0.0119234	0.00147679	0.00709463	0.00321818	0.0780311	0.173827	0.0209114	0.00348238	0.160409	0.00874146	0.0159447	0.00140531	0.0327695
169	0.019697	0.00791694	0.000308529	0.00222232	0.0400447	0.00118956	0.00667199	0.384754	0.00382079	0.130759	0.0237452	0.0044339	0.00208113	0.00845514	0.00348183	0.004022	0.0142024	0.319932	0.00461638	0.0176452
170	0.0867655	0.110004	0.00391132	0.0248711	0.0409419	0.0104199	0.0403227	0.101475	0.00448411	0.110483	0.00965651	0.0254402	0.0392566	0.0460321	0.0993709	0.0126946	0.0360017	0.170124	0.00397068	0.0237748
171	0.265951	0.034692	0.0188908	0.0303309	0.00437822	0.261452	0.00186759	0.0513794	0.00305292	0.0196687	0.0125589	0.0081176	0.00417112	0.0442737	0.00441908	0.134282	0.0601592	0.0281622	0.00948632	0.00270618
172	0.0246431	0.00128827	0.690529	0.0371996	0.00115898	0.00485148	0.00943346	0.00183096	0.0133953	0.00228039	0.0011362	0.119799	0.0105546	0.0152906	0.00429452	0.0431091	0.0121894	0.00557113	0.000460277	0.000984816
173	0.342802	0.0521851	0.0027036	0.00431079	0.0213388	0.00629362	0.00353875	0.142927	0.00257968	0.234734	0.00608728	0.00493213	0.00277831	0.00425648	0.00400593	0.0240798	0.0242403	0.109946	0.00202867	0.00423107
174	0.071421	0.00190412	0.0206046	0.160433	0.00456204	0.0476257	0.00416425	0.01258	0.268996	0.0192791	0.0140537	0.0400146	0.00767387	0.0757272	0.139549	0.0583809	0.0380587	0.00338077	0.0034863	0.00810481
175	0.0259341	0.00135682	0.678047	0.0437274	0.00134293	0.00573559	0.0113921	0.0019874	0.0128881	0.00272455	0.00127366	0.118533	0.0102214	0.0162805	0.00492747	0.0433752	0.0123847	0.00625602	0.000440948	0.00117028
176	0.272788	0.0226986	0.0106692	0.026884	0.0187228	0.0341473	0.00388942	0.0584287	0.00268616	0.0426463	0.0221326	0.00753668	0.00660724	0.0118778	0.00772436	0.165427	0.110621	0.163402	0.0035755	0.0075348
177	0.148541	0.00815469	0.00945246	0.00327194	0.00580137	0.686769	0.00261667	0.00672206	0.0010085	0.00422636	0.00691152	0.0125008	0.00706235	0.00293052	0.00550241	0.0530905	0.0188238	0.00649241	0.000750705	0.00937076
178	0.0568434	0.0283898	0.00711784	0.0134276	0.0364306	0.0761746	0.0204017	0.0164738	0.00532535	0.0484733	0.0196322	0.107486	0.0123751	0.105672	0.010083	0.192803	0.162248	0.0612648	0.00663996	0.0127382
179	0.139203	0.0325343	0.0328747	0.0237516	0.031347	0.11222	0.0843003	0.0175904	0.00169458	0.00877881	0.00422375	0.0920079	0.170331	0.0199681	0.00322269	0.160159	0.0113056	0.014973	0.00165943	0.0378548
180	0.0315883	0.0472819	0.0419596	0.0114038	0.0578797	0.0125184	0.00876381	0.108117	0.0174641	0.0998925	0.0610407	0.0501839	0.00766164	0.118201	0.0330044	0.143949	0.028582	0.0384465	0.0688379	0.0132247
181	0.202045	0.0571324	0.00266056	0.0341674	0.0502729	0.0532936	0.00496097	0.053089	0.00342015	0.0512693	0.069382	0.00804588	0.00511988	0.0361842	0.00512564	0.0353859	0.0844407	0.153399	0.0023116	0.0882939
182	0.0065188	0.01011	0.00664037	0.00870952	0.327588	0.00288838	0.0365745	0.124739	0.0010333	0.142142	0.01513	0.0139888	0.00157825	0.00169279	0.00147583	0.0168819	0.0217106	0.129602	0.0413334	0.0896622
183	0.0229102	0.00636086	0.000372393	0.0036587	0.0380311	0.000784721	0.0109895	0.383633	0.00473539	0.122297	0.020383	0.00531461	0.00165713	0.0132599	0.00618302	0.00499875	0.01828	0.305463	0.00637498	0.0243116
184	0.0723188	0.0414365	0.00187114	0.00757194	0.0237168	0.0368335	0.0349431	0.0135	0.00126883	0.0305124	0.0265057	0.0805612	0.0190786	0.0179307	0.00210804	0.25206	0.239206	0.0709326	0.0131153	0.0145286
185	0.121884	0.0556814	0.0693712	0.0543156	0.00699264	0.0609746	0.015164	0.00877553	0.00625541	0.0178684	0.00666222	0.0802921	0.0148197	0.0307321	0.0140193	0.286935	0.101546	0.0362147	0.00189899	0.00959754
186	0.230635	0.0471927	0.0282291	0.0129053	0.0085147	0.175348	0.00493099	0.0366395	0.0280459	0.0701506	0.0293931	0.0164521	0.0324753	0.0137776	0.0342975	0.137584	0.0286304	0.0329838	0.0249544	0.00685991
187	0.195832	0.0211598	0.0271971	0.0200777	0.00602975	0.397896	0.0111328	0.027276	0.00585444	0.0115193	0.00898957	0.0303622	0.0141553	0.0328943	0.0102957	0.122019	0.0309973	0.014246	0.00471942	0.00734708
188	0.101246	0.0517683	0.00640785	0.0118074	0.123745	0.0417841	0.08651	0.0557773	0.00547685	0.173799	0.0590762	0.0446793	0.00869129	0.0501364	0.0143002	0.0234548	0.0493572	0.0716998	0.00539902	0.0148844
189	0.165321	0.00813803	0.0120151	0.00351381	0.00527745	0.654709	0.00318635	0.00664647	0.00108048	0.00380283	0.00701784	0.0161702	0.00648573	0.00406545	0.00621612	0.061417	0.0184686	0.00632983	0.000801653	0.00933637
190	0.236616	0.0287565	0.0389188	0.0202397	0.0105081	0.022354	0.00601504	0.0294347	0.00392789	0.0254329	0.0143036	0.0172084	0.024891	0.0115855	0.00631092	0.21475	0.179857	0.101041	0.002546	0.00530261
191	0.0379964	0.0232492	0.00442518	0.00738664	0.0637692	0.0122255	0.00759234	0.106515	0.010259	0.298243	0.197804	0.0138423	0.00736532	0.0410089	0.0157773	0.0222737	0.0260433	0.0784345	0.0108842	0.0149048
192	0.132016	0.0081945	0.0120801	0.00549083	0.00658916	0.678519	0.00430285	0.00768735	0.00176733	0.00538385	0.0079323	0.0154285	0.00558447	0.00453981	0.00623787	0.0532364	0.025633	0.00960093	0.000914595	0.00886086
