2049	20
1	0.047191	0.0120958	0.0145673	0.0618683	0.00293128	0.0174266	0.0372378	0.0663094	0.13365	0.120721	0.0573737	0.0243209	0.000687288	0.118086	0.129312	0.0412876	0.0654974	0.0432952	0.00220744	0.00393423
2	0.01491	0.000696609	0.0005124	0.00315733	0.034141	0.00196373	0.0044818	0.172697	0.00125303	0.557573	0.0728051	0.00667996	0.00716788	0.0070185	0.00412502	0.00484294	0.0130488	0.0850793	0.00540974	0.00243696
3	0.0643872	0.00100916	0.179852	0.293176	0.00803139	0.0175709	0.00620902	0.0179556	0.0668735	0.0185825	0.00696357	0.0231804	0.0297085	0.108064	0.0346142	0.0387248	0.0353862	0.0407406	0.00146477	0.00750647
4	0.0558358	0.000616746	0.211735	0.348646	0.00440486	0.0209653	0.00761491	0.013397	0.0514999	0.0158203	0.00561336	0.0252161	0.0233895	0.0878145	0.0292979	0.0313677	0.0318199	0.0282211	0.00128682	0.00543648
5	0.024971	0.00365107	0.0142269	0.0177037	0.00249519	0.0111502	0.012768	0.00243077	0.38098	0.00809799	0.00934481	0.0303093	0.00976643	0.0400244	0.358135	0.0363714	0.018167	0.0124946	0.00106469	0.00584782
6	0.0404598	0.00921468	0.0101772	0.0206928	0.0791134	0.0419705	0.0219967	0.0199677	0.0859333	0.0313726	0.0109478	0.0132851	0.0230132	0.019929	0.0903204	0.0330517	0.0685732	0.0337152	0.290093	0.0561724
7	0.0474619	0.011945	0.0145095	0.0609699	0.00325532	0.0171331	0.0382976	0.0664957	0.13198	0.120571	0.0571964	0.0249758	0.00086692	0.11888	0.128685	0.0414079	0.065402	0.0434312	0.00216392	0.00437091
8	0.113788	0.00303522	0.0237771	0.0570252	0.00743714	0.0270704	0.0303835	0.0062169	0.103856	0.0238199	0.0215305	0.0788825	0.00997199	0.253556	0.0611145	0.110312	0.0470993	0.0115334	0.000414839	0.00917506
9	0.0132368	0.0148788	0.00360799	0.00508833	0.038027	0.00419176	0.00813836	0.0948892	0.00203469	0.459918	0.177603	0.00678594	0.00125277	0.0364554	0.0161975	0.0512675	0.0276107	0.0360123	0.000318086	0.0024854
10	0.0773233	0.00230795	0.0369846	0.0924485	0.00583035	0.0245127	0.0235722	0.00607342	0.12624	0.018908	0.0164785	0.0755819	0.0109278	0.317893	0.0565972	0.0619603	0.0275725	0.0103998	0.00145322	0.00693488
11	0.105538	0.0116026	0.0124928	0.0146598	0.0054254	0.0326296	0.0126491	0.0112494	0.0831912	0.0104582	0.0105808	0.0872438	0.0221172	0.0533506	0.0870178	0.235194	0.180628	0.0173073	0.000801582	0.00586235
12	0.0251491	0.00531683	0.0167573	0.0321513	0.00141947	0.0109746	0.0169662	0.00384172	0.355695	0.0155578	0.00964452	0.0388631	0.0180836	0.0583104	0.302116	0.0471616	0.0248215	0.0118806	0.000731862	0.00455748
13	0.024521	0.00388677	0.0136084	0.0160388	0.00162412	0.0107789	0.012211	0.00193125	0.39698	0.00694105	0.00923192	0.0293723	0.00806021	0.0411101	0.3535	0.0362656	0.016463	0.0117156	0.000669251	0.00509016
14	0.00751972	0.00243967	0.000604432	0.0035457	0.262316	0.00189052	0.0297265	0.0245131	0.00234593	0.0320087	0.0034528	0.00395528	0.00562833	0.00179975	0.00500111	0.00449862	0.00569695	0.00863362	0.0278305	0.566593
15	0.0520412	0.00784858	0.0102548	0.0215854	0.242405	0.0180111	0.0875567	0.00429728	0.0338124	0.0394539	0.0120814	0.0373966	0.00729264	0.0308528	0.0414145	0.0324465	0.0310284	0.0410308	0.00572853	0.243461
16	0.0651055	0.0121366	0.00255153	0.00970606	0.00729268	0.0132098	0.00666956	0.172281	0.0175169	0.0608577	0.0275474	0.0169027	0.0111571	0.0358673	0.0194032	0.0805299	0.158688	0.276781	0.00116723	0.00462896
17	0.0349258	0.000618879	0.246473	0.435664	0.00141256	0.0193209	0.013343	0.00390065	0.0156762	0.00972438	0.00548907	0.0319559	0.0171218	0.0664253	0.0154749	0.0296971	0.0252836	0.0197272	0.00083039	0.00693638
18	0.15587	0.0233088	0.0150639	0.0144123	0.00866685	0.0312491	0.0039535	0.0650865	0.0152434	0.0304862	0.00605329	0.00696637	0.133056	0.00974887	0.00565125	0.17867	0.21689	0.0767514	0.00131854	0.00155394
19	0.0198618	0.00217174	0.0268743	0.198793	0.00209397	0.0145921	0.105251	0.00288421	0.00771353	0.0153436	0.0116075	0.014484	0.0419912	0.362542	0.0711463	0.0262406	0.0565465	0.0148185	0.00160203	0.0034416
20	0.0531345	0.00913859	0.0192328	0.0366799	0.00781776	0.0226855	0.0253468	0.0244478	0.218064	0.0449605	0.0420082	0.0479541	0.0202186	0.0748713	0.172501	0.084304	0.0541296	0.0306995	0.0030535	0.00875188
21	0.0715858	0.00154792	0.171062	0.275411	0.00748668	0.0178326	0.00771201	0.019614	0.0630173	0.0169632	0.00641191	0.0231568	0.0416824	0.110549	0.0334119	0.0377153	0.0394581	0.0459109	0.00135615	0.00811454
22	0.0314595	0.000194145	0.254402	0.452453	0.000736924	0.0174475	0.0087257	0.00285831	0.0145894	0.00844498	0.00434516	0.032011	0.0175864	0.0635144	0.015163	0.0302685	0.0241564	0.0170166	0.000587211	0.00403949
23	0.00856576	0.0120025	0.00493603	0.00223153	0.0267187	0.00330306	0.00605932	0.0781126	0.00106409	0.48354	0.249573	0.00397276	0.00181181	0.021326	0.0104424	0.0291399	0.0182055	0.0355971	0.000913922	0.0024843
24	0.0658463	0.0095025	0.0365514	0.0505199	0.00479802	0.0237446	0.0291957	0.017918	0.121635	0.0202539	0.00896252	0.0569448	0.181285	0.0609483	0.0914346	0.11959	0.0700753	0.0215445	0.00246416	0.00678522
25	0.113008	0.00781729	0.00709388	0.0224615	0.00064289	0.0185981	0.00417581	0.0022065	0.00125512	0.0109008	0.00277202	0.00528996	0.705839	0.00708098	0.0091907	0.0498805	0.014239	0.0113034	0.000219253	0.00602452
26	0.0345285	0.000448468	0.253872	0.409994	0.00160611	0.0218348	0.0121408	0.00383895	0.0203631	0.00915644	0.00455049	0.0396579	0.0180333	0.0625475	0.0233452	0.0351209	0.0267089	0.0165129	0.000739764	0.00499948
27	0.0554349	0.0209925	0.00150568	0.0020259	0.0897047	0.00246463	0.0640698	0.141797	0.0351524	0.210817	0.0535281	0.00756208	0.00301037	0.00849939	0.0486385	0.0232516	0.0376906	0.102799	0.0173625	0.073694
28	0.0184054	0.00122825	0.000881639	0.00236988	0.0276324	0.00165145	0.00419994	0.240014	0.00154143	0.504908	0.0470156	0.00592831	0.00468745	0.00636986	0.00390261	0.00305827	0.0134781	0.106157	0.00500905	0.00156067
29	0.0389985	0.00488658	0.0198588	0.0316191	0.00386026	0.0230027	0.0258111	0.0143039	0.132883	0.0171599	0.0115643	0.0505324	0.0128119	0.0708446	0.404741	0.0761071	0.0375278	0.0148524	0.000863902	0.00777109
30	0.02716	0.00411641	0.0138732	0.0193007	0.00163893	0.0126157	0.0116991	0.00408404	0.399079	0.0090786	0.00947472	0.03141	0.0102097	0.0492708	0.308133	0.0463743	0.0234172	0.0139859	0.000436679	0.00464215
31	0.0175525	0.00290843	0.00192152	0.00217489	0.0194376	0.00285135	0.00199457	0.44318	0.0023471	0.204915	0.031605	0.00245099	0.000652479	0.00286281	0.0023825	0.00319573	0.0156322	0.239187	0.00093678	0.00181134
32	0.0151996	0.00184209	0.00171709	0.00194181	0.0175501	0.00363785	0.00395742	0.337804	0.00698602	0.123596	0.0340009	0.00122005	0.000957021	0.00719421	0.00456176	0.0050314	0.0159904	0.414315	0.00136577	0.0011315
33	0.0242841	0.00348113	0.0148412	0.0199681	0.00241043	0.0133993	0.0122084	0.00517366	0.370387	0.00764926	0.0086316	0.0331747	0.0108393	0.0428047	0.343298	0.0430349	0.0241294	0.0140142	0.000857132	0.00541337
34	0.0441463	0.00258325	0.275462	0.26887	0.00537145	0.0268159	0.0255632	0.00502285	0.0129946	0.0139302	0.00448721	0.0679138	0.0158426	0.0412617	0.0224136	0.0788758	0.0602403	0.0137862	0.00135106	0.0130685
35	0.0731094	0.0101387	0.0314124	0.053472	0.0171106	0.0267353	0.080607	0.0421187	0.048634	0.0397036	0.0229352	0.0974403	0.0154429	0.101838	0.0730864	0.114919	0.0719881	0.0505587	0.00137311	0.0273758
36	0.0724154	0.0068313	0.037398	0.0571202	0.00623327	0.0909124	0.0329857	0.0120646	0.088254	0.0232288	0.0207684	0.117029	0.0155923	0.0794031	0.102722	0.137187	0.0711083	0.0167168	0.0008822	0.0111463
37	0.0303578	0.00391729	0.457384	0.104321	0.00294858	0.0328281	0.0225921	0.00306905	0.014548	0.00556204	0.00326938	0.135534	0.0148773	0.0200505	0.0153458	0.0790179	0.0397852	0.00929006	0.000734901	0.00456743
38	0.0110814	0.00770156	0.0035529	0.00193935	0.0311207	0.003036	0.00423923	0.106649	0.00115229	0.471055	0.225461	0.00291689	0.00491242	0.0122062	0.00805346	0.0177556	0.0144028	0.0651518	0.0019964	0.00561544
39	0.0295632	0.0353485	0.0173044	0.0355924	0.0081907	0.0484533	0.0130272	0.00227723	0.00449485	0.00407795	0.00889252	0.00694633	0.00271927	0.00368751	0.0106054	0.617613	0.142022	0.00443786	0.00183773	0.00290832
40	0.0340168	0.0175965	0.0726623	0.0116737	0.00354161	0.0301695	0.0579253	0.00108341	0.00983095	0.0184886	0.000822483	0.529921	0.0180935	0.0235794	0.00505602	0.131153	0.0236316	0.00133274	0.000278424	0.00914285
41	0.0247559	0.00339562	0.0122764	0.0141523	0.00161903	0.0122141	0.00943176	0.00268587	0.432139	0.00570917	0.00831624	0.0267572	0.00727335	0.0421927	0.314847	0.0438714	0.0206599	0.0129052	0.000305696	0.0044917
42	0.0259043	0.00342937	0.0148733	0.0174978	0.00219802	0.01138	0.0115451	0.00247142	0.383754	0.00680633	0.0100239	0.0316189	0.0091928	0.0400271	0.354401	0.0375338	0.018167	0.0124221	0.00074784	0.00600669
43	0.00358556	0.00117376	0.000797341	0.00141784	0.634408	0.00140407	0.0199666	0.00369766	0.00594596	0.0138707	0.00583429	0.00371549	0.0014785	0.00464438	0.00160822	0.00565124	0.00700974	0.0146283	0.00338091	0.265782
44	0.0707571	0.00877721	0.0349775	0.0464904	0.00443862	0.0347224	0.0260516	0.010711	0.119417	0.0154613	0.0108966	0.101957	0.0367156	0.074176	0.107275	0.173796	0.100497	0.014207	0.000569262	0.00810744
45	0.117247	0.00437137	0.0305785	0.0508641	0.00837932	0.0458378	0.0384658	0.012035	0.0500557	0.0272974	0.0155339	0.134234	0.0101311	0.0897582	0.0569669	0.184919	0.0871216	0.0179797	0.000227486	0.0179963
46	0.0304147	0.00024556	0.262825	0.446021	0.000739703	0.0176574	0.00898235	0.00267685	0.0138671	0.00813577	0.00424193	0.0344411	0.0171464	0.0619323	0.0146806	0.0305956	0.0243507	0.0164923	0.000586036	0.00396847
47	0.0261068	0.00395015	0.0162135	0.025567	0.00566425	0.0140985	0.0224464	0.00537421	0.319098	0.0146391	0.0101939	0.0320365	0.0276099	0.0434711	0.331589	0.0431312	0.0337103	0.0149677	0.00292012	0.0072127
48	0.0270336	0.00363324	0.0193859	0.0239939	0.00187884	0.0136535	0.0124877	0.00293556	0.366592	0.00755556	0.00969017	0.036931	0.0124814	0.0448651	0.332908	0.0430945	0.022472	0.0124867	0.000361796	0.00555896
49	0.131897	0.0226207	0.00667742	0.0174457	0.00895113	0.0286485	0.0108608	0.091024	0.0204829	0.0571172	0.0333458	0.0329318	0.0226662	0.0362105	0.0331628	0.176085	0.122787	0.13949	0.00131189	0.00628364
50	0.0258094	0.0185288	0.00476665	0.00689066	0.181833	0.0119129	0.244682	0.0147709	0.0084514	0.0337928	0.0189126	0.0402928	0.0106733	0.0224687	0.0215906	0.0364022	0.020512	0.0133824	0.023762	0.240565
51	0.49196	0.0360503	0.00455611	0.00901783	0.00889226	0.0425201	0.00363018	0.00930812	0.00661551	0.0333781	0.0350118	0.00726405	0.00641429	0.0196143	0.00978774	0.204028	0.0338653	0.0323375	0.000573197	0.00517614
52	0.00836455	0.00760421	0.00261629	0.00152273	0.0364028	0.00351824	0.00345349	0.0746214	0.00116756	0.640009	0.129536	0.00254115	0.00284223	0.0060251	0.00733086	0.0118033	0.00722234	0.0470542	0.00222383	0.00414097
53	0.0250629	0.00353188	0.0127376	0.016935	0.00494812	0.0123169	0.0145481	0.00476031	0.356646	0.0111917	0.00888962	0.0270434	0.013709	0.0378497	0.367563	0.0341148	0.0236985	0.0149337	0.00263251	0.0068876
54	0.00448543	0.00184808	0.000530363	0.00204006	0.34914	0.00154674	0.0293684	0.0139702	0.00358763	0.02246	0.00355717	0.00417642	0.00302922	0.00213735	0.00311956	0.00328358	0.00433883	0.00855488	0.017974	0.520852
55	0.0149035	0.00210635	0.000800417	0.00117032	0.0399561	0.00390907	0.00110594	0.175426	0.000879783	0.374837	0.211657	0.00109689	0.00963506	0.00131677	0.00402512	0.0052189	0.00654378	0.129392	0.00438595	0.011634
56	0.0428853	0.0046363	0.00747305	0.0139312	0.00279728	0.00915068	0.00662603	0.0208766	0.00974331	0.0129221	0.0046828	0.00703138	0.727539	0.0113413	0.0119287	0.0304236	0.0342358	0.0375879	0.00118438	0.00300327
57	0.0356805	0.0132804	0.0075491	0.0111873	0.155988	0.0123442	0.153819	0.0350163	0.0163239	0.102613	0.0272683	0.0375099	0.0107127	0.0330122	0.0311382	0.0361019	0.0303617	0.0303789	0.0170441	0.202671
58	0.477864	0.0166898	0.0124388	0.0167213	0.00566388	0.165351	0.00716313	0.00795263	0.00651929	0.00746895	0.0075611	0.0187718	0.0172082	0.016568	0.0172581	0.157572	0.0229868	0.0139256	0.00123022	0.00308596
59	0.0160058	0.00315899	0.00176526	0.0020717	0.017903	0.00325767	0.00307755	0.374554	0.00481919	0.158865	0.0560443	0.00173087	0.000974378	0.00492527	0.00378578	0.00417531	0.0141088	0.325726	0.0016308	0.00142011
60	0.00964944	0.0108843	0.00370211	0.00457071	0.324607	0.00302834	0.0198727	0.0327373	0.00267574	0.249159	0.0727519	0.00481965	0.00126078	0.00712235	0.0153114	0.008902	0.00977459	0.0158253	0.0177339	0.185611
61	0.0353739	0.00534696	0.0262797	0.0369084	0.00387873	0.0218127	0.0203437	0.00611631	0.298667	0.0125254	0.0102796	0.0659036	0.0210381	0.0603435	0.243334	0.0716071	0.0381055	0.0140469	0.000796325	0.00729257
62	0.0448376	0.008302	0.00204369	0.00667605	0.058517	0.00600594	0.0152462	0.145621	0.0128619	0.370449	0.0716324	0.0077757	0.0087781	0.0102018	0.0175616	0.0185405	0.026887	0.117395	0.022753	0.0279143
63	0.00284411	0.00782936	0.00191598	0.000679799	0.0334228	0.00184813	0.0015275	0.0170746	0.000682689	0.786259	0.103586	0.00120037	0.000657133	0.00297944	0.00682058	0.00519553	0.0025761	0.0206387	0.000326587	0.00193578
64	0.0427271	0.00303888	0.148792	0.278698	0.00322113	0.026386	0.0227995	0.00971714	0.0785165	0.0196821	0.0093568	0.0459432	0.0256218	0.0854313	0.0812557	0.0538218	0.0364174	0.0189428	0.00243499	0.00719622
65	0.0757268	0.0124706	0.0426151	0.0337691	0.0131683	0.0298632	0.0753421	0.014662	0.0312377	0.0251736	0.0138355	0.199623	0.0188736	0.0546107	0.0350507	0.179058	0.0988093	0.0212345	0.00137261	0.0235035
66	0.0230454	0.0157246	0.000779542	0.00443977	0.0133524	0.00202381	0.0024153	0.386837	0.00408984	0.0823238	0.268592	0.00306208	0.00120302	0.00251293	0.00634439	0.003627	0.00600325	0.169053	0.00372636	0.00084476
67	0.0410597	0.00312677	0.00497759	0.011988	0.000826118	0.00704744	0.00478269	0.00503	0.00312208	0.00524905	0.00173847	0.0046926	0.835089	0.00747627	0.00778468	0.0203615	0.0160061	0.0170646	0.000237564	0.00234022
68	0.10028	0.0065927	0.01546	0.0494334	0.0137127	0.0129821	0.0733386	0.0226781	0.0639054	0.0458051	0.0639483	0.0412251	0.0142754	0.277625	0.0484947	0.0621812	0.0372365	0.0314	0.00219544	0.0172305
69	0.0394784	0.00357524	0.00469536	0.0120359	0.00227759	0.00593837	0.00488976	0.00435799	0.00346197	0.00462733	0.0015787	0.00471689	0.838619	0.00580811	0.00839866	0.0203689	0.0153847	0.0163466	0.00032557	0.00311533
70	0.00808252	0.0130117	0.00160199	0.00810085	0.0565696	0.00409202	0.0059185	0.00861899	0.00209272	0.0121632	0.0033642	0.00228951	0.00116354	0.00661576	0.00195027	0.0159059	0.00861973	0.00660214	0.802653	0.0305841
71	0.0374364	0.00184534	0.183075	0.369287	0.00222377	0.0192355	0.0194416	0.00797459	0.0357142	0.0172161	0.00908863	0.0338036	0.0195079	0.114982	0.03157	0.0387968	0.0329198	0.0197428	0.00142855	0.00471001
72	0.129596	0.00304002	0.0709703	0.133191	0.00316048	0.0311926	0.0193135	0.00953357	0.0393475	0.0136476	0.00766132	0.0759664	0.0494938	0.118648	0.0318407	0.178023	0.0599711	0.0152637	0.00375186	0.00638779
73	0.0608435	0.0214774	0.00104136	0.00541122	0.0085261	0.00300624	0.00248217	0.234333	0.00697341	0.0723283	0.0290862	0.0134238	0.00597794	0.00496608	0.00880687	0.0360743	0.0917611	0.380773	0.00218881	0.0105192
74	0.0246041	0.00382231	0.0135107	0.0169618	0.00249074	0.011066	0.013525	0.00285394	0.378675	0.00820241	0.00917101	0.0288766	0.00958686	0.0396964	0.364548	0.0348712	0.0181602	0.0124545	0.00125059	0.00567244
75	0.0611335	0.0031763	0.199041	0.198968	0.0165744	0.0262521	0.062982	0.00558727	0.00372048	0.013061	0.0110136	0.108328	0.00410227	0.0224662	0.0268776	0.0712549	0.0924528	0.00875505	0.00118416	0.0630691
76	0.0327284	0.0506137	0.00851295	0.00402943	0.00676033	0.00438775	0.00275596	0.129392	0.00557613	0.0326718	0.0144161	0.00942735	0.00360936	0.00357862	0.00624113	0.026273	0.0534235	0.60165	0.00110437	0.00284838
77	0.0271772	0.00463885	0.0389432	0.0770696	0.00105187	0.00909852	0.0288523	0.00247909	0.247719	0.0123961	0.00866698	0.0681262	0.0783589	0.073142	0.157533	0.0860697	0.0659219	0.0083294	0.00048499	0.00394134
78	0.0135658	0.0217615	0.000852292	0.000900918	0.00474605	0.00433669	0.00110197	0.149278	0.000972449	0.0164942	0.00561458	0.000934975	0.00124146	0.00144441	0.00325841	0.00490906	0.0104351	0.757315	0.000215346	0.000622236
79	0.0231768	0.0049063	0.00182377	0.00314281	0.0207194	0.00263476	0.00217944	0.390662	0.00219273	0.248999	0.0640753	0.00342446	0.00184593	0.0034298	0.00320275	0.00544287	0.0212152	0.192579	0.00172723	0.00261979
80	0.00677743	0.00316968	0.00119463	0.00300997	0.219654	0.00244391	0.0669716	0.0138258	0.00398446	0.0191208	0.00337642	0.00781279	0.0047272	0.00410046	0.00722927	0.00601045	0.00420891	0.00780069	0.0249713	0.58961
81	0.0428576	0.00816	0.0222863	0.0406507	0.0240946	0.0160481	0.299917	0.0131921	0.0508688	0.0296533	0.0166001	0.0679525	0.0200497	0.116902	0.0722211	0.0645335	0.0357833	0.0194851	0.00316023	0.0355836
82	0.0451972	0.0104373	0.00116793	0.00275848	0.00503027	0.00159619	0.00618224	0.226442	0.0116545	0.0820517	0.0367399	0.0105123	0.00250044	0.00648104	0.0107244	0.0282285	0.155394	0.351004	0.00125196	0.00464507
83	0.0687092	0.00702853	0.0171221	0.00558973	0.00116808	0.0196971	0.00619831	0.00221809	0.00907403	0.0141448	0.007505	0.0422801	0.00251746	0.0116004	0.0284281	0.393607	0.350842	0.0103038	0.000879753	0.00108696
84	0.0185516	0.00234177	0.000971402	0.00334581	0.00194727	0.933822	0.000894594	0.00123141	0.000775629	0.00455711	0.000789931	0.00312004	0.0038662	0.00557901	0.00325101	0.0107113	0.00219887	0.00122766	0.000271481	0.000545448
85	0.377033	0.0821538	0.0033775	0.00542554	0.0173628	0.0392552	0.00290956	0.024894	0.00368402	0.0374468	0.0172306	0.00543779	0.00486646	0.00983318	0.00878686	0.206167	0.0588984	0.0904914	0.000998861	0.00374683
86	0.0144132	0.00216527	0.00101991	0.00257879	0.0302172	0.00205499	0.00469631	0.213992	0.00134303	0.529175	0.063802	0.00589548	0.00490419	0.00695402	0.00431802	0.00456574	0.0129778	0.0881167	0.00470064	0.00210979
87	0.072745	0.0144833	0.0157901	0.00871687	0.00247988	0.0154122	0.00527865	0.00535984	0.00654053	0.0149338	0.00612993	0.0204563	0.00643959	0.0143283	0.0197291	0.279443	0.477244	0.0118312	0.00116668	0.00149125
88	0.0130147	0.00889395	0.00238917	0.00566799	0.412958	0.0034646	0.015753	0.046784	0.00397425	0.17706	0.0394402	0.0074124	0.0013984	0.00559055	0.0122221	0.00910251	0.00971846	0.0295853	0.0450668	0.150503
89	0.0146416	0.0219821	0.00085475	0.00105617	0.00490347	0.00427031	0.00113222	0.152281	0.000970412	0.0178615	0.00602661	0.00128865	0.0013749	0.00152535	0.00319997	0.00563324	0.0118466	0.748032	0.00029956	0.000819727
90	0.0585271	0.00146199	0.245188	0.232358	0.00898017	0.0308809	0.0453162	0.00431749	0.00663831	0.0147404	0.00582021	0.10487	0.00793181	0.0278464	0.0294236	0.066991	0.0679459	0.0106377	0.00119924	0.0289265
91	0.0332679	0.00056731	0.238748	0.387916	0.00145302	0.0339428	0.0179692	0.00388737	0.019891	0.00962254	0.00466958	0.0520218	0.0161172	0.0648692	0.0237183	0.0431767	0.0265281	0.0148371	0.00113182	0.00566543
92	0.0370248	0.0182427	0.00527397	0.00297932	0.00529464	0.00606966	0.0050464	0.160536	0.0260795	0.0572509	0.029425	0.0117493	0.00426697	0.0184475	0.0211986	0.0624691	0.19664	0.327455	0.000785928	0.00376414
93	0.0361323	0.00936781	0.0141302	0.0220693	0.0334057	0.0202574	0.0278155	0.0166926	0.143685	0.0247952	0.0101839	0.0264285	0.124534	0.0318869	0.290085	0.0740077	0.0500129	0.0248043	0.00740869	0.0122974
94	0.0231271	0.00236565	0.00217831	0.0111743	0.0275343	0.0204208	0.0251346	0.0155615	0.222602	0.0387747	0.00503449	0.00460492	0.0245344	0.0186367	0.408005	0.0190345	0.0675368	0.0342154	0.0175051	0.0120192
95	0.0764041	0.0242665	0.0018028	0.0112862	0.0103618	0.0072616	0.00388031	0.213655	0.00714188	0.0662795	0.0271264	0.014026	0.0129757	0.0095414	0.00804618	0.0471403	0.0705564	0.377201	0.00305397	0.00799252
96	0.0183051	0.00273073	0.0044771	0.000775041	0.000853476	0.000713267	0.000968664	0.627875	0.000620634	0.0171309	0.00865417	0.00170128	0.00808245	0.00290627	0.00165589	0.0139068	0.00387378	0.283669	0.000541011	0.000559233
97	0.0582468	0.00179785	0.203823	0.35731	0.00219582	0.0215012	0.00985048	0.00509143	0.0237554	0.0111704	0.00401224	0.0319921	0.10279	0.0546137	0.0196787	0.0430791	0.02637	0.0168077	0.00117151	0.0047426
98	0.0823656	0.00309176	0.0343602	0.0410353	0.00375529	0.0217789	0.0420284	0.0331394	0.0325747	0.0285622	0.00875913	0.0356625	0.366989	0.0850439	0.0227371	0.075927	0.050565	0.0222117	0.00101811	0.00839513
99	0.01346	0.00178849	0.0029822	0.00336162	0.0150227	0.0035856	0.00493901	0.350921	0.00664202	0.109917	0.029523	0.00104252	0.00133001	0.00854236	0.0044673	0.00571811	0.0139742	0.42054	0.00123168	0.00101095
100	0.00409464	0.00182669	0.000571906	0.00158128	0.284865	0.00132888	0.0320603	0.0136995	0.00364946	0.0217284	0.00253733	0.00385823	0.00315182	0.00177876	0.00286994	0.00275464	0.00327574	0.00689714	0.017757	0.589713
101	0.0535818	0.0202078	0.000935615	0.0017058	0.0784104	0.0014491	0.0502623	0.149842	0.0378098	0.233489	0.058208	0.00410055	0.00131296	0.00613264	0.0531545	0.0212136	0.0396086	0.106903	0.0172057	0.0644672
102	0.641699	0.0147165	0.00401899	0.00634248	0.00361194	0.0774098	0.00371264	0.00568338	0.000936849	0.00445724	0.00819504	0.0029682	0.00534561	0.00643159	0.0157964	0.166174	0.017401	0.0128119	0.000345283	0.00194214
103	0.0476418	0.00540346	0.0305171	0.0756284	0.00612599	0.0237543	0.0480048	0.0153892	0.147275	0.0330994	0.0206613	0.0489248	0.0236908	0.166677	0.167304	0.0614233	0.0454364	0.0205919	0.00151253	0.0109378
104	0.0083911	0.0143769	0.00109453	0.00786799	0.0465247	0.0035009	0.00800371	0.00845152	0.0026433	0.00861713	0.00296939	0.00252541	0.00169895	0.00703299	0.00255114	0.0156975	0.00847671	0.00644557	0.813896	0.0292346
105	0.421739	0.0231348	0.00815728	0.0216978	0.00709495	0.126996	0.0115249	0.00412394	0.00293262	0.00560635	0.00491377	0.0160237	0.0066655	0.0169409	0.0128242	0.261389	0.0313443	0.0127574	0.00105564	0.00307683
106	0.0914249	0.00866159	0.0107271	0.00842781	0.00133762	0.0133997	0.00456583	0.00239037	0.00926839	0.0118921	0.015655	0.025423	0.00212028	0.0112401	0.0427009	0.346102	0.384289	0.00774273	0.00110814	0.00152321
107	0.0977273	0.0179818	0.00213157	0.00774687	0.019705	0.00828645	0.00820914	0.164053	0.0140054	0.0717953	0.101347	0.0108565	0.0132756	0.0128082	0.0107284	0.0428122	0.111361	0.256255	0.0151037	0.0138103
108	0.0579353	0.0997849	0.00976797	0.0156619	0.0357263	0.0165626	0.0238019	0.01734	0.0116514	0.0240603	0.0101712	0.0153536	0.010684	0.0164562	0.0125713	0.119671	0.0497671	0.026225	0.401027	0.0257809
109	0.036686	0.00938393	0.00432021	0.00358782	0.0142497	0.00218001	0.00266804	0.356593	0.00322828	0.183263	0.0391182	0.00725432	0.00126768	0.00446649	0.00539271	0.0163621	0.0578091	0.248209	0.00089299	0.00306824
110	0.207436	0.0576572	0.00388535	0.0122898	0.0508075	0.0204209	0.00867791	0.0442523	0.0166359	0.0627257	0.0658361	0.0134641	0.00354768	0.0244244	0.0143031	0.154455	0.111504	0.0907009	0.00540225	0.0315748
111	0.0188758	0.00614176	0.00187394	0.00260698	0.0691995	0.00381991	0.00741908	0.157351	0.00428632	0.397476	0.146432	0.00365592	0.00594082	0.00921669	0.0104314	0.0141848	0.0146252	0.0962253	0.00724018	0.0229979
112	0.0545769	0.0070358	0.0672349	0.0770081	0.00413012	0.0351571	0.0253822	0.00857262	0.128241	0.014511	0.00831155	0.0689472	0.104258	0.0597445	0.122282	0.128961	0.0626919	0.0141248	0.00189794	0.00693128
113	0.0274587	0.00383762	0.0166933	0.0204835	0.00176549	0.0125333	0.0122392	0.00251575	0.374454	0.0068527	0.00944357	0.0366425	0.0118184	0.0436727	0.334624	0.0453966	0.0215738	0.0123076	0.000321826	0.00536505
114	0.047977	0.00162958	0.185985	0.234396	0.00494977	0.048957	0.0398885	0.00584441	0.0348522	0.0134597	0.00667045	0.0976039	0.0139044	0.0631258	0.0533176	0.0749135	0.0460197	0.0112915	0.00130911	0.0139051
115	0.10977	0.0245426	0.00735296	0.0153655	0.169935	0.0140317	0.0262235	0.0788627	0.0166465	0.0935289	0.0333282	0.0177704	0.0063123	0.0211261	0.0233554	0.0635195	0.0536793	0.122517	0.0131158	0.0890164
116	0.02649	0.00328205	0.0126242	0.0158893	0.00573322	0.0134014	0.0143453	0.00534467	0.351221	0.0114006	0.00875244	0.0267562	0.0120079	0.0363007	0.368518	0.0342619	0.0260059	0.0179915	0.00302892	0.00664459
117	0.0486506	0.0089881	0.020441	0.0341438	0.0116071	0.0224614	0.0250147	0.0578644	0.102925	0.0427711	0.0191872	0.0325837	0.120218	0.0493931	0.209546	0.0664211	0.0610483	0.0524852	0.0048526	0.00939794
118	0.0535657	0.00406072	0.00471732	0.00847182	0.028681	0.0124608	0.0061479	0.132854	0.0098328	0.335174	0.121031	0.0106822	0.0292214	0.0219704	0.0110759	0.0291207	0.0511918	0.116647	0.00450716	0.00858628
119	0.0319015	0.00589859	0.013815	0.030824	0.00558481	0.0211381	0.0226781	0.0300758	0.189942	0.0384542	0.0181152	0.0318992	0.0132074	0.0660296	0.339976	0.0594622	0.0471661	0.0245081	0.0025271	0.00679629
120	0.0271972	0.0121225	0.00175504	0.00498394	0.315489	0.00353032	0.020913	0.077936	0.0110586	0.164844	0.0391778	0.00665826	0.00238076	0.00553365	0.0200576	0.0149835	0.0197529	0.0649979	0.0355718	0.151057
121	0.0770773	0.0056898	0.0239804	0.0362426	0.00290525	0.0203718	0.0344472	0.0168417	0.0216955	0.0221718	0.00547235	0.0293549	0.501091	0.0427152	0.0210828	0.074302	0.038181	0.0164072	0.0012509	0.00871921
122	0.10618	0.0133447	0.0148061	0.0225245	0.00529918	0.0241966	0.0143848	0.0884384	0.0353905	0.0508033	0.0202926	0.0181146	0.161475	0.0345123	0.0191723	0.118556	0.130134	0.113656	0.00528971	0.00343057
123	0.0490331	0.0147706	0.0148478	0.0158385	0.319763	0.066083	0.0311549	0.0322191	0.0144635	0.0714683	0.0184785	0.026566	0.00769958	0.0196521	0.0244957	0.0450389	0.0265137	0.0280374	0.0339627	0.139913
124	0.0138101	0.00238057	0.628697	0.108601	0.00195192	0.022605	0.0145647	0.00153353	0.00418595	0.00272834	0.00297648	0.0948874	0.00978823	0.0095823	0.00465403	0.0385923	0.0268997	0.00938743	0.000521272	0.00165222
125	0.0286168	0.00152453	0.395259	0.241082	0.00239939	0.0401168	0.0165392	0.00358638	0.0153866	0.00605185	0.00353044	0.0854112	0.0155866	0.0362199	0.0180434	0.0460035	0.0282156	0.011632	0.000775463	0.00401888
126	0.0167913	0.00153431	0.527758	0.191765	0.0018257	0.0253815	0.0137828	0.00169934	0.0058919	0.00313836	0.00285599	0.0914016	0.0116326	0.0201106	0.00640445	0.0368302	0.0284549	0.0102152	0.000522322	0.00200338
127	0.0486912	0.00101915	0.239307	0.373719	0.00223594	0.0239843	0.0132165	0.00494473	0.0245282	0.0104842	0.00512763	0.0417393	0.022243	0.0647672	0.024584	0.0444638	0.0308464	0.0172875	0.00115669	0.00565386
128	0.0371894	0.00378104	0.00871416	0.0148322	0.00338787	0.0082912	0.00958202	0.0330964	0.010505	0.0161873	0.00669805	0.0108175	0.704791	0.0198176	0.0105827	0.0298998	0.0318637	0.0350291	0.000648753	0.00428533
129	0.0643592	0.020123	0.00820481	0.0133127	0.0133753	0.0155856	0.0141984	0.100757	0.0159639	0.0478237	0.0250263	0.0180451	0.142742	0.0184119	0.0199823	0.0881445	0.0613053	0.270312	0.00411929	0.0382083
130	0.0157265	0.000384558	0.000623095	0.00124231	0.0396491	0.00349966	0.00148668	0.162897	0.000815422	0.449214	0.160826	0.00197741	0.0102941	0.00230336	0.00388393	0.00436136	0.00764561	0.118556	0.00537403	0.0092402
131	0.0222036	0.0195182	0.510997	0.0699452	0.00436064	0.0444616	0.0141737	0.00538225	0.00736291	0.00667514	0.00566768	0.0590752	0.00960057	0.0102984	0.0108969	0.129596	0.0534382	0.0110539	0.00148963	0.00380291
132	0.00544502	0.00245644	0.000608953	0.00286246	0.22386	0.00157518	0.0311921	0.0210935	0.0021331	0.02439	0.00245897	0.00354803	0.00433532	0.00131992	0.00388572	0.00350757	0.00430206	0.00676094	0.0247648	0.6295
133	0.311795	0.013523	0.0239135	0.0350425	0.00924227	0.212762	0.0207402	0.00181044	0.00550814	0.00357796	0.00181593	0.0268844	0.0131868	0.0201169	0.0256872	0.244026	0.0226171	0.00263474	0.00226411	0.00285194
134	0.0308282	0.000211745	0.261087	0.449241	0.000650043	0.0172817	0.00876339	0.00267603	0.0139504	0.00817333	0.00422453	0.0331579	0.0171556	0.0624378	0.014742	0.0303709	0.0239316	0.016622	0.000604146	0.00389113
135	0.0446227	0.0198439	0.03984	0.0103635	0.0247917	0.0327258	0.15415	0.00753779	0.011727	0.018538	0.00686575	0.334855	0.0151474	0.0261857	0.0131312	0.111438	0.0631805	0.0121067	0.000805199	0.0521434
136	0.0190698	0.00343568	0.00211903	0.0023798	0.0206614	0.00276767	0.00156884	0.471598	0.00103461	0.231587	0.0318569	0.0028121	0.000277392	0.00158057	0.00151208	0.00264579	0.0162294	0.183974	0.000788549	0.00210193
137	0.0715454	0.00788498	0.00865496	0.0481432	0.00686707	0.00835211	0.0175012	0.12079	0.0377494	0.206912	0.103343	0.0122161	0.00264863	0.141647	0.0429591	0.0399688	0.0424831	0.0751642	0.000852684	0.00431558
138	0.0354728	0.00246648	0.447681	0.119453	0.00802746	0.0582419	0.0277523	0.0030789	0.0062095	0.00621641	0.00328611	0.110828	0.00823717	0.0130023	0.0180755	0.0638393	0.0488659	0.00841886	0.00109653	0.00975055
139	0.0510413	0.0134311	0.00332328	0.00956326	0.0133726	0.00263876	0.00549501	0.255149	0.00987134	0.159288	0.0452812	0.0131767	0.00299564	0.0165259	0.0184987	0.0297572	0.0771801	0.264688	0.00169039	0.00703287
140	0.0311077	0.000192554	0.254814	0.454538	0.00065731	0.0172352	0.00872646	0.00272443	0.01413	0.00832237	0.00427123	0.032033	0.0173484	0.0632966	0.0149628	0.0302547	0.0240027	0.0168048	0.000615997	0.00396254
141	0.028266	0.00261136	0.00269041	0.00720131	0.00113102	0.00411202	0.00389036	0.00694102	0.00293176	0.00508148	0.0022018	0.00416796	0.860034	0.00494479	0.0071633	0.0160465	0.0172397	0.0210351	0.000313076	0.00199689
142	0.0730163	0.00210173	0.0273174	0.033383	0.00075633	0.02474	0.0339675	0.0420049	0.0302488	0.0349949	0.00840978	0.0320153	0.412011	0.0851088	0.0156433	0.070292	0.0550934	0.0146241	0.000702989	0.00356806
143	0.0366528	0.000691348	0.255039	0.383131	0.00127842	0.0199769	0.0112468	0.00357262	0.0206483	0.00906077	0.00396351	0.044119	0.0492455	0.0558189	0.0158304	0.0393037	0.0290694	0.0161089	0.00111442	0.00412806
144	0.194165	0.0111384	0.0143223	0.0393382	0.000619176	0.0364122	0.00554835	0.00170942	0.0010481	0.0182858	0.00446694	0.00879765	0.510563	0.0102881	0.00636137	0.0968788	0.0200266	0.00768645	0.000292311	0.0120515
145	0.0203914	0.0056822	0.00190118	0.00225977	0.0118796	0.00316284	0.00330649	0.347306	0.00600178	0.0887142	0.025919	0.00270418	0.00233745	0.00586442	0.00459145	0.00966818	0.0244233	0.430444	0.00148765	0.0019544
146	0.104445	0.00665311	0.0182593	0.0721192	0.00891733	0.023008	0.0298928	0.0171629	0.0433481	0.0598156	0.0184134	0.0764078	0.00816407	0.174501	0.0988505	0.0803119	0.0834578	0.0374047	0.00150852	0.0373588
147	0.00408919	0.0154469	0.0086412	0.000880237	0.016717	0.00216735	0.00661342	0.0662494	0.00078019	0.537287	0.260142	0.00240341	0.000913783	0.0110015	0.0122796	0.0204711	0.00939831	0.0224754	0.000297748	0.00174564
148	0.0310562	0.000191552	0.254916	0.454688	0.000657114	0.0172345	0.00872892	0.00270956	0.0140939	0.00831597	0.0042731	0.0320382	0.017343	0.0632408	0.0149404	0.0302483	0.0239922	0.0167725	0.000603274	0.00395669
149	0.0312102	0.00021812	0.26703	0.440382	0.000795816	0.0178356	0.00885278	0.00278381	0.0144183	0.00816379	0.00432873	0.0337624	0.0173899	0.0617037	0.0149484	0.0305626	0.0240845	0.0169946	0.000597653	0.00393685
150	0.0706274	0.00265125	0.255853	0.120785	0.00705618	0.0337652	0.0468601	0.00527763	0.0129935	0.0126012	0.00483706	0.119472	0.0190565	0.0294886	0.0301514	0.122427	0.077628	0.0100106	0.0010224	0.0174367
151	0.272617	0.0183655	0.0211335	0.110145	0.00382302	0.16575	0.00539667	0.0185948	0.0784424	0.00713327	0.005312	0.0560714	0.00333752	0.0116152	0.00606774	0.169484	0.00800363	0.00637405	0.00238172	0.029952
152	0.20492	0.0102051	0.016561	0.0442449	0.000691975	0.0363124	0.00571261	0.00183039	0.00109553	0.0194697	0.00473025	0.00893528	0.491126	0.0103792	0.00613709	0.0963162	0.0202905	0.00747881	0.000299988	0.0132624
153	0.0187527	0.0233861	0.000922534	0.00159562	0.00673461	0.00510986	0.00120625	0.175058	0.00147691	0.0258487	0.0098169	0.00274323	0.00236586	0.0018205	0.00339774	0.00850659	0.0169164	0.691899	0.00050721	0.00193574
154	0.054122	0.0217193	0.00084865	0.00121345	0.0799747	0.00141553	0.0531792	0.149146	0.0381106	0.227427	0.0571757	0.0041649	0.00131464	0.00520017	0.051705	0.0207117	0.0391625	0.107256	0.0182722	0.0678805
155	0.0283574	0.0113173	0.0159986	0.0103471	0.0125911	0.0317587	0.159953	0.00661715	0.00924676	0.0105597	0.00672348	0.159168	0.0907949	0.0410715	0.0306035	0.248139	0.0624566	0.0117339	0.00154542	0.0510179
156	0.0259888	0.00352371	0.0153291	0.0177524	0.00178814	0.0112621	0.0112655	0.00197501	0.388265	0.00616904	0.00974013	0.0326085	0.0089059	0.041019	0.351248	0.0380504	0.0171019	0.0120541	0.000278962	0.00567504
157	0.135346	0.00790673	0.00878955	0.0259586	0.000702225	0.0236928	0.00486417	0.00228682	0.00124957	0.0126734	0.00320578	0.00605117	0.656104	0.00806319	0.00874084	0.0604949	0.0155452	0.0102245	0.000208659	0.0078923
158	0.0220233	0.0115465	0.00335504	0.00602215	0.15508	0.00676992	0.0210886	0.0745457	0.0186079	0.360187	0.0703057	0.0105876	0.00498037	0.0164437	0.0404956	0.0193434	0.0224593	0.050565	0.0187837	0.066809
159	0.073535	0.010695	0.00908325	0.0510111	0.00939355	0.00811259	0.0159515	0.139603	0.0642015	0.162587	0.0764779	0.0164963	0.0021366	0.0865524	0.0730401	0.0498157	0.0528312	0.0930662	0.00111171	0.00429838
160	0.0302394	0.00821511	0.00157654	0.00302524	0.0136625	0.00282855	0.00332704	0.307395	0.00591402	0.112257	0.0335463	0.00495903	0.00222203	0.00518353	0.00474829	0.0129195	0.0358813	0.40693	0.00166073	0.0035088
161	0.0742588	0.0250131	0.0482694	0.0428524	0.00381259	0.0385893	0.0252798	0.00518243	0.140354	0.0100531	0.00547062	0.107913	0.0732825	0.0433543	0.112508	0.157248	0.0634474	0.0162562	0.00112405	0.0057312
162	0.24071	0.0137953	0.0161547	0.0212103	0.00784716	0.40385	0.010155	0.00873699	0.0135651	0.010972	0.0067484	0.0279005	0.0136796	0.0216549	0.0210745	0.117371	0.0250265	0.0125873	0.00185023	0.00511054
163	0.120909	0.0276016	0.0275169	0.0103506	0.00521017	0.0212133	0.00194193	0.0420528	0.0156232	0.039303	0.00298338	0.00312473	0.194257	0.00334459	0.00488913	0.191469	0.21027	0.0754249	0.000906444	0.00160853
164	0.0822099	0.0114003	0.0164653	0.0102584	0.00256445	0.0282206	0.00718975	0.00526853	0.0112669	0.013466	0.00932164	0.0338035	0.00519251	0.013971	0.0318516	0.386642	0.317117	0.0108906	0.00100472	0.00189589
165	0.0243998	0.00334285	0.00520474	0.0185818	0.00305509	0.0069284	0.135778	0.00622701	0.128597	0.006825	0.00535914	0.24041	0.00499995	0.157104	0.128571	0.0329976	0.0138073	0.00583859	0.00149742	0.0704766
166	0.00730283	0.0074226	0.00192595	0.00445578	0.314614	0.00284312	0.00958751	0.0490108	0.0021355	0.365902	0.0484243	0.00700775	0.00149415	0.00483724	0.00850748	0.00809648	0.00790115	0.03283	0.0335171	0.0821839
167	0.106822	0.00239799	0.0825428	0.0461907	0.0028475	0.0198641	0.0129076	0.00195736	0.0132742	0.0100594	0.00294438	0.121603	0.0499913	0.0384193	0.0076133	0.32523	0.141206	0.00948797	0.000569236	0.00407144
168	0.0140664	0.000824333	0.000502523	0.0029761	0.0309917	0.00156679	0.00625457	0.175391	0.00140851	0.591499	0.0489273	0.00823591	0.0061233	0.00818865	0.00381273	0.00394438	0.0142888	0.0739986	0.00606287	0.000936792
169	0.0587362	0.00217146	0.0783522	0.123953	0.00426141	0.0508026	0.0257022	0.00850425	0.0967143	0.0141309	0.00785957	0.068128	0.146853	0.0735907	0.0901992	0.0933422	0.0393784	0.0106075	0.00146256	0.00525027
170	0.0174716	0.00480002	0.00500057	0.0448286	0.00475226	0.00671879	0.00713444	0.0756004	0.0376703	0.0156691	0.110994	0.0376331	0.00462212	0.337	0.0181604	0.0134693	0.0308368	0.22136	0.00177424	0.00450405
171	0.0134835	0.0107834	0.0045942	0.00338229	0.0244519	0.00315145	0.00683726	0.0932722	0.00105942	0.501922	0.207899	0.0039367	0.00232882	0.0250092	0.0106252	0.0264817	0.0165393	0.0404227	0.00140507	0.00241533
172	0.399103	0.0232861	0.00210974	0.0268769	0.00327979	0.04956	0.0194111	0.00113958	0.00125617	0.00215788	0.00235783	0.0078866	0.00345648	0.0198447	0.0117401	0.378816	0.0387171	0.00213658	0.000666681	0.0061974
173	0.114102	0.0514457	0.0194343	0.00849215	0.00453871	0.0111636	0.0172178	0.0195056	0.00415534	0.0103487	0.0035763	0.277544	0.00502038	0.0262477	0.008792	0.106018	0.210515	0.0886192	0.00109259	0.0121712
174	0.0118771	0.00673203	0.00275211	0.0032966	0.0384922	0.00361213	0.00439159	0.0726807	0.00512174	0.657954	0.0863455	0.00493365	0.00405008	0.00910267	0.00953024	0.0119501	0.011251	0.0463229	0.00249453	0.00710887
175	0.0154567	0.00665504	0.00206051	0.00350237	0.2013	0.00493074	0.255947	0.0111382	0.0024699	0.00811166	0.00584057	0.0329911	0.0105404	0.010776	0.0155221	0.0210762	0.00481867	0.00624356	0.0407278	0.339891
176	0.0357578	0.00482092	0.0173195	0.0272061	0.00513923	0.0154395	0.0173125	0.00921218	0.318913	0.0164096	0.0115561	0.0330905	0.0141779	0.0493855	0.320432	0.046822	0.0304971	0.0171273	0.00213848	0.00724274
177	0.0160712	0.00607975	0.00137334	0.00376355	0.0445975	0.0024019	0.00805585	0.163699	0.0041396	0.493622	0.0907998	0.0097721	0.00445162	0.0152321	0.0101608	0.0190027	0.0227216	0.072717	0.0053153	0.00602308
178	0.331296	0.0142055	0.0146999	0.0303117	0.00849879	0.25124	0.0159117	0.0026279	0.00412257	0.00423298	0.00207907	0.0299603	0.00890014	0.0213231	0.0165338	0.219239	0.0159652	0.00333855	0.00270684	0.00280696
179	0.0955416	0.00415848	0.0336893	0.0638162	0.00802986	0.0490663	0.0432085	0.0108158	0.0617613	0.0284451	0.0171668	0.135194	0.0113482	0.101238	0.073609	0.156107	0.0737848	0.0157613	0.000193641	0.0170649
180	0.0643787	0.00349182	0.0253585	0.0301863	0.00146569	0.0216596	0.0311844	0.0412252	0.0284121	0.0308818	0.00777904	0.0337012	0.428235	0.0805604	0.0245163	0.0745086	0.0544766	0.0141161	0.00061391	0.00324922
181	0.0163912	0.00127653	0.000643284	0.00249574	0.0311515	0.00175777	0.00467059	0.215647	0.00152465	0.517637	0.0627828	0.00590353	0.00564356	0.00605704	0.00398849	0.00316626	0.0123667	0.0972345	0.00671644	0.00294475
182	0.0207911	0.00194971	0.000545046	0.00224124	0.0362524	0.00180707	0.00711985	0.165538	0.00526925	0.534292	0.0741595	0.00526766	0.00608272	0.00720938	0.0121195	0.00542099	0.0133991	0.087272	0.00608417	0.00718015
183	0.0989241	0.00347525	0.0777247	0.0474429	0.00276894	0.0220286	0.0134256	0.00200418	0.0161769	0.0109145	0.00282044	0.113415	0.0550774	0.0433624	0.00904967	0.320512	0.147939	0.00834595	0.000642229	0.0039501
184	0.0272107	0.00190844	0.518487	0.120888	0.00413553	0.0283855	0.029325	0.00226048	0.00315782	0.00476628	0.00253281	0.107606	0.00931624	0.00868892	0.012263	0.0570946	0.0447129	0.00850988	0.000936573	0.0078145
185	0.0384426	0.00326532	0.051409	0.086903	0.00160144	0.0308762	0.0319121	0.00442796	0.174534	0.0169944	0.0125139	0.0804436	0.052963	0.0855706	0.145862	0.104663	0.0610894	0.00818081	0.000441755	0.00790604
186	0.0715523	0.00705849	0.0674701	0.0601878	0.00533139	0.0412784	0.0335232	0.00857454	0.0802709	0.0176973	0.00995383	0.140924	0.0269239	0.0616474	0.0853228	0.17123	0.0856659	0.0135942	0.000778795	0.0110143
187	0.0570013	0.00772842	0.0149619	0.0228168	0.203814	0.0170738	0.106033	0.0040386	0.0374712	0.0340343	0.00981299	0.0419113	0.0101135	0.0373119	0.0436942	0.0413351	0.0309415	0.0325797	0.00436139	0.242966
188	0.0462899	0.00755853	0.0097872	0.0224865	0.249368	0.0167322	0.0809386	0.00437118	0.037248	0.0454626	0.0108962	0.0348265	0.00765849	0.0293142	0.0459693	0.0295445	0.0294098	0.039598	0.00701492	0.245525
189	0.00300026	0.00193885	0.000496588	0.00134513	0.183049	0.000998595	0.0513202	0.0142125	0.00225819	0.0115711	0.00107692	0.00431106	0.00356236	0.000873678	0.00348167	0.00301587	0.00244222	0.00509144	0.0233986	0.682555
190	0.00319553	0.00916666	0.00231375	0.000834914	0.031928	0.0020158	0.0021893	0.0241091	0.000689724	0.752671	0.114274	0.001723	0.000573695	0.00643965	0.00950869	0.0115038	0.005086	0.0197048	0.000219486	0.00185305
191	0.0175215	0.00960479	0.00435032	0.00666895	0.409009	0.00905472	0.0336587	0.0308364	0.00916709	0.114755	0.0221448	0.0203061	0.00276092	0.0098795	0.024009	0.0130218	0.0107403	0.0212492	0.0654105	0.165852
192	0.0156145	0.00135947	0.523641	0.173163	0.0017078	0.0331273	0.0153911	0.00198119	0.00609628	0.00261806	0.00240124	0.109914	0.0117934	0.0189502	0.00757394	0.0377526	0.025874	0.0086266	0.000758854	0.00165558
