289	20
1	0.0341078	0.00934763	0.000741086	0.00219177	0.145809	0.0122198	0.000710416	0.143024	0.00136122	0.298035	0.166926	0.00330563	0.00422909	0.00847459	0.00333203	0.0180837	0.0393462	0.0832383	0.00462971	0.0208862
2	0.238617	0.0457416	0.000543488	0.00115412	0.0346526	0.139533	0.000720494	0.066271	0.000560789	0.0996517	0.0554075	0.00344755	0.0222597	0.00465346	0.00171785	0.10977	0.0897838	0.0793255	0.00407954	0.00210948
3	0.0864528	0.0216904	0.00090021	0.00244629	0.0823662	0.0408949	0.000746751	0.183754	0.000929796	0.266151	0.0756603	0.00427167	0.00231988	0.00145577	0.0021347	0.0276642	0.0360547	0.136157	0.012811	0.0151383
4	0.0350287	0.0145368	0.000534766	0.00049275	0.094523	0.00823652	0.000310574	0.266577	0.00162161	0.245748	0.152316	0.0037034	0.00112476	0.00457623	0.00516299	0.0071882	0.0287609	0.119755	0.00227113	0.00753139
5	0.0440397	0.00280855	0.00171095	0.000558258	0.0327297	0.00691786	0.000460953	0.396583	0.000607007	0.100471	0.0122712	0.0048451	0.00517674	0.000520643	0.000697571	0.00930082	0.0574407	0.320259	0.000809747	0.0017925
6	0.326695	0.0158892	0.0048345	0.0106286	0.0111047	0.0417502	0.00428376	0.0399963	0.00438041	0.0302287	0.0217412	0.02134	0.00255728	0.00130149	0.00323913	0.23754	0.133276	0.0790893	0.0019824	0.00814158
7	0.0906043	0.00923886	0.00203115	0.00299635	0.340206	0.0572911	0.0020136	0.0377058	0.00267665	0.124104	0.0204794	0.00329484	0.00493467	0.00294135	0.00376408	0.0929954	0.0842438	0.0495114	0.0512883	0.0176793
8	0.0365534	0.00378612	0.00192237	0.000394033	0.0403075	0.00663085	0.000347189	0.432376	0.000493187	0.132843	0.00738192	0.000632353	0.00719588	0.000409358	0.000455087	0.00709517	0.0290782	0.290231	0.000780178	0.00108627
9	0.35718	0.0282348	0.00196805	0.00772551	0.00783474	0.165967	0.00191448	0.0290111	0.00321853	0.0255457	0.0170032	0.00805313	0.00235047	0.00223873	0.00174346	0.235803	0.0475067	0.0506522	0.00154723	0.0045017
10	0.120434	0.0114308	0.000868533	0.00129553	0.389989	0.0579385	0.000963058	0.0190195	0.00124517	0.155218	0.0286939	0.00169149	0.00521807	0.00124528	0.00146711	0.0742023	0.0706908	0.0156304	0.0245711	0.0181872
11	0.0249691	0.0059811	0.000341805	0.00154864	0.128834	0.00485017	0.000269401	0.147061	0.000871408	0.385915	0.136388	0.0023172	0.00587217	0.00799381	0.00219067	0.0132088	0.0286204	0.081451	0.00453886	0.0167775
12	0.0422881	0.00410431	0.00170168	0.000822914	0.0425173	0.00962479	0.000752788	0.402167	0.00101083	0.130817	0.0140755	0.00183729	0.00605896	0.000753118	0.000899808	0.00896343	0.0364858	0.290373	0.00221553	0.00253002
13	0.0819472	0.00734961	0.0351288	0.0504947	0.0271045	0.0353788	0.0769921	0.04255	0.0512282	0.0989162	0.0693758	0.0645258	0.00192069	0.0694456	0.0198646	0.0779652	0.0441322	0.0570108	0.0287495	0.0599196
14	0.0487174	0.00656577	0.00178165	0.000704202	0.0562072	0.0125176	0.00050752	0.359519	0.000459965	0.199547	0.0221908	0.000807922	0.00509354	0.000538819	0.00082814	0.0102962	0.0326568	0.235427	0.00327061	0.00236317
15	0.00811127	0.00257666	0.00184526	0.00408525	0.335416	0.00750804	0.00716562	0.0202078	0.0008582	0.0227157	0.0104034	0.00832668	0.000955111	0.000898907	0.00348926	0.00749107	0.00550232	0.0151696	0.0492452	0.488029
16	0.45174	0.00715257	0.000760599	0.00213937	0.015208	0.126488	0.00101991	0.00592305	0.00215762	0.0135914	0.00887927	0.0072127	0.000710264	0.000908324	0.000871233	0.308164	0.0233334	0.0186759	0.0010561	0.00400815
17	0.101335	0.00485584	0.0103185	0.00366042	0.0262243	0.0231833	0.0014391	0.190591	0.00162563	0.106917	0.0548004	0.0280788	0.00149794	0.00156937	0.00881563	0.0545761	0.178756	0.171916	0.00843468	0.0214052
18	0.11142	0.0209459	0.056492	0.1397	0.0349891	0.0890734	0.0323303	0.0198137	0.0413383	0.0530476	0.0334811	0.0351728	0.00174014	0.0296565	0.0190994	0.120261	0.0581897	0.043086	0.0326592	0.0275038
19	0.0116942	0.00293094	0.00308496	0.00420411	0.330214	0.00926695	0.00751781	0.0230658	0.00115155	0.0321295	0.0155706	0.00968804	0.00112333	0.00107645	0.00406501	0.00945953	0.00811903	0.0173055	0.0478939	0.460439
20	0.0325689	0.0142665	0.000461001	0.000918608	0.0912643	0.00802922	0.000462247	0.24883	0.00236274	0.255154	0.180947	0.00468871	0.0014297	0.00582304	0.00534841	0.0094107	0.0274982	0.098268	0.00288018	0.00938808
21	0.169284	0.00616375	0.00402541	0.00471503	0.0229876	0.0957989	0.00426969	0.0219427	0.0047322	0.0760589	0.0207798	0.0683686	0.0638973	0.0800968	0.0882902	0.110706	0.0650694	0.0249217	0.0297897	0.0381022
22	0.0322384	0.00216829	0.0202373	0.0129766	0.0223966	0.0206654	0.0427363	0.00566335	0.302289	0.0387016	0.00689705	0.0252098	0.0153968	0.021472	0.239094	0.048349	0.0554324	0.0234912	0.0362584	0.0283261
23	0.00791731	0.00249277	0.00182823	0.00397577	0.338031	0.00734531	0.00747048	0.0202341	0.000876058	0.0229513	0.0106638	0.00844934	0.000956231	0.000920759	0.00370973	0.00746791	0.00566206	0.0149714	0.0489211	0.485155
24	0.0136526	0.00300369	0.00176363	0.00416006	0.372622	0.00949904	0.00771619	0.0208872	0.00109089	0.0294367	0.0221122	0.00823168	0.00122503	0.00114443	0.00328154	0.0116758	0.00842679	0.0166238	0.0709598	0.392487
25	0.176311	0.0615766	0.00152598	0.00189153	0.0507497	0.0455372	0.00631299	0.0750458	0.0012126	0.120764	0.0580397	0.00441071	0.00633148	0.00827203	0.00277054	0.179396	0.0996896	0.0934864	0.00314997	0.00352562
26	0.0235209	0.00643436	0.00381781	0.0163931	0.264075	0.0282719	0.00781534	0.0360269	0.0038421	0.0761563	0.0217495	0.0108223	0.00211662	0.00530479	0.00510971	0.0289996	0.0157436	0.0419471	0.0554498	0.346403
27	0.0213108	0.00854906	0.000305853	0.00176853	0.111797	0.00321208	0.000303666	0.156641	0.00113892	0.34457	0.170654	0.00313942	0.00323508	0.0108847	0.00352268	0.0142697	0.0342862	0.0817569	0.00338291	0.0252712
28	0.0780971	0.00673084	0.101903	0.0250032	0.0197621	0.123299	0.0155185	0.0145236	0.00794751	0.0646838	0.0339283	0.195473	0.00443587	0.00890161	0.00651823	0.189421	0.0632746	0.0179373	0.00785717	0.0147838
29	0.0412671	0.00275229	0.000616907	0.000678356	0.225868	0.0154942	0.00049335	0.183523	0.000603073	0.329328	0.0364931	0.00119833	0.0150353	0.00119337	0.00119758	0.00649074	0.0164934	0.103469	0.0117686	0.00603597
30	0.0660487	0.00787894	0.00125755	0.00214574	0.223715	0.0368423	0.00101328	0.118879	0.00199611	0.280086	0.0473475	0.00295487	0.0384738	0.00342678	0.00275522	0.0275013	0.0336307	0.0779705	0.0127848	0.0132921
31	0.107402	0.00650948	0.00551506	0.00245248	0.0148843	0.0135214	0.000919969	0.211195	0.00122975	0.0736421	0.0591221	0.0365172	0.000968024	0.00151813	0.00473713	0.0569361	0.206759	0.183368	0.00189112	0.010911
32	0.192235	0.0275274	0.000920024	0.00123181	0.277392	0.0915994	0.00109535	0.015593	0.00143995	0.107693	0.04171	0.00216432	0.00704396	0.00133754	0.00291475	0.0719026	0.107932	0.0285268	0.00833808	0.0114034
33	0.141673	0.0044684	0.00261947	0.00269528	0.0680966	0.040099	0.0028362	0.00902039	0.00187223	0.0192274	0.0345314	0.0414149	0.00244058	0.00199747	0.00261821	0.540851	0.0634926	0.0109072	0.00325501	0.00588345
34	0.0606273	0.0152791	0.00654049	0.00940819	0.092093	0.0267718	0.00709097	0.157266	0.00698439	0.21578	0.153041	0.0123946	0.00441445	0.0105259	0.00817788	0.044305	0.044877	0.0905164	0.00909012	0.0248164
35	0.0156645	0.00207686	0.00037313	0.00320589	0.0954632	0.00180455	0.000397548	0.0602033	0.000450801	0.492285	0.141101	0.00182247	0.00674241	0.0146745	0.000523964	0.0247153	0.0433657	0.0615257	0.0043578	0.0292466
36	0.0909866	0.0107702	0.00207733	0.0022249	0.0622735	0.0324328	0.00153144	0.206357	0.000641319	0.264563	0.0471629	0.00174403	0.00065732	0.000647964	0.00222431	0.0294343	0.0556339	0.16776	0.014331	0.00654638
37	0.0364593	0.0139322	0.000643122	0.00098151	0.087609	0.00860489	0.000447719	0.237726	0.00171632	0.266865	0.159714	0.00462388	0.00145768	0.00519144	0.00544772	0.0102644	0.0290569	0.116936	0.00281768	0.00950617
38	0.0866448	0.00444522	0.00408522	0.00200591	0.021575	0.0133711	0.000910147	0.268999	0.00111383	0.078467	0.0404519	0.023323	0.00234969	0.0010702	0.00346183	0.0358441	0.155495	0.246806	0.00180176	0.00777896
39	0.0201823	0.00347681	0.000459596	0.00323462	0.105279	0.00595992	0.000369586	0.0722287	0.000503818	0.437258	0.134352	0.00218329	0.00513499	0.0113899	0.000671314	0.0277531	0.0453224	0.0740877	0.00894825	0.0412047
40	0.537254	0.00793215	0.000427736	0.00132872	0.00699468	0.182123	0.000456795	0.00264347	0.00271679	0.0116358	0.00307354	0.000752857	0.000630595	0.000914903	0.000576511	0.208069	0.0107416	0.0175017	0.000710855	0.00351558
41	0.0628909	0.00338572	0.220122	0.0381661	0.0239009	0.0858973	0.0094857	0.0141744	0.00269723	0.0344629	0.0182239	0.224429	0.00256043	0.0035799	0.00316986	0.166537	0.050855	0.010268	0.00358772	0.0216056
42	0.0625762	0.00363114	0.296194	0.0552164	0.0388692	0.048102	0.00720896	0.0198608	0.00278469	0.0230469	0.0126374	0.200738	0.00243826	0.00326181	0.00364317	0.128785	0.037058	0.0105666	0.00394492	0.0394362
43	0.018293	0.00311584	0.000319791	0.00315015	0.112052	0.0044374	0.000482373	0.0662817	0.000466939	0.448421	0.137368	0.00197478	0.0052797	0.0123005	0.000569615	0.0263639	0.0430135	0.0687292	0.00721509	0.0401654
44	0.0461206	0.00199793	0.000644945	0.000679707	0.207766	0.0165973	0.000441935	0.181563	0.000571217	0.340083	0.0359527	0.000870011	0.0159006	0.000912121	0.000929255	0.0050564	0.0161729	0.109222	0.0135781	0.00494083
45	0.0182192	0.00269535	0.000669911	0.00826707	0.130627	0.00362256	0.00137866	0.0492565	0.00121138	0.42563	0.137635	0.00287377	0.00518722	0.0234728	0.00129273	0.0362403	0.0479417	0.0708952	0.00454051	0.0283433
46	0.0177847	0.00344252	0.00031309	0.00300008	0.106409	0.00174778	0.000314495	0.0775419	0.000439809	0.45569	0.145051	0.00188521	0.00566912	0.0126464	0.00107949	0.0224303	0.0419665	0.0700431	0.00426993	0.028276
47	0.0192214	0.00379787	0.00160536	0.00442727	0.372724	0.011068	0.00677754	0.0212058	0.00113245	0.0552379	0.022423	0.00710068	0.00125255	0.00117693	0.00308574	0.0134783	0.0100149	0.0175406	0.046564	0.380166
48	0.0427824	0.00151375	0.000581952	0.000525016	0.231413	0.0158741	0.000465612	0.190849	0.000526044	0.324515	0.0255163	0.000845775	0.0160782	0.000739649	0.000891817	0.00386449	0.0154742	0.110793	0.0122492	0.00450264
49	0.129068	0.0171221	0.00504369	0.00743951	0.24586	0.127618	0.00416411	0.046299	0.00554052	0.11951	0.0396838	0.00719153	0.00932353	0.00419545	0.00649616	0.0651195	0.0526453	0.0490379	0.0163392	0.0423037
50	0.0786674	0.00955591	0.0129047	0.0254064	0.134366	0.0444484	0.0179417	0.0736472	0.0331585	0.11775	0.0325927	0.0181981	0.0117265	0.0132488	0.0400061	0.0600579	0.0419453	0.0626504	0.0783708	0.0933568
51	0.12528	0.013596	0.0573661	0.135883	0.0370029	0.0614853	0.0289856	0.0280677	0.0469054	0.0760782	0.0368699	0.0417463	0.00410923	0.0230537	0.0304685	0.0958147	0.0596331	0.0471126	0.020335	0.0302067
52	0.0984535	0.0139826	0.0018712	0.00325426	0.070667	0.0588655	0.00138547	0.176695	0.00140721	0.251865	0.0497486	0.00275084	0.00531457	0.00147525	0.00289613	0.0329523	0.0520232	0.143894	0.0164476	0.0140501
53	0.0679815	0.0112983	0.00179154	0.00176157	0.0666609	0.0193642	0.00106837	0.221728	0.000903808	0.248182	0.0810669	0.00522614	0.00192511	0.00260515	0.00323808	0.0260524	0.060269	0.160531	0.00934753	0.00899792
54	0.315128	0.0173536	0.00503594	0.010102	0.0193688	0.326921	0.0025082	0.0127323	0.00436504	0.0267221	0.0119884	0.00824462	0.00441761	0.00393688	0.00272911	0.168402	0.0276475	0.0242803	0.00366396	0.00445262
55	0.0328864	0.00960316	0.000433329	0.000483646	0.146462	0.009157	0.000312049	0.229125	0.00125758	0.286736	0.123732	0.00281932	0.00579167	0.00391289	0.00395161	0.00528524	0.0215622	0.103697	0.00536114	0.00743133
56	0.348144	0.0663796	0.00343355	0.00656106	0.017271	0.0609541	0.00490244	0.0338095	0.00334636	0.0422885	0.0380636	0.0109349	0.00357341	0.00321609	0.00312899	0.235402	0.053799	0.0553277	0.00244825	0.0070159
57	0.213657	0.0167003	0.016303	0.0133938	0.0439485	0.0847181	0.0100379	0.0318995	0.0163694	0.0570118	0.0305156	0.0282913	0.00960716	0.00787586	0.0172622	0.278498	0.0606496	0.0400433	0.00892208	0.0142956
58	0.00827305	0.00259232	0.00185125	0.00435969	0.353869	0.00782933	0.00823868	0.0208548	0.000955081	0.023014	0.0117613	0.00875064	0.000948898	0.000913881	0.00349862	0.00808646	0.00529257	0.0166299	0.0715871	0.440694
59	0.14734	0.0235046	0.00103183	0.00354999	0.0868613	0.0847104	0.000918785	0.123668	0.00105197	0.232643	0.0673716	0.00296961	0.0106839	0.00236754	0.00176611	0.0472318	0.0421884	0.10242	0.00862751	0.00909395
60	0.0609223	0.00982418	0.00200718	0.00388339	0.101912	0.0240736	0.00327909	0.153135	0.00270407	0.312361	0.0928107	0.00474353	0.00560949	0.00807357	0.00311666	0.0318174	0.0423324	0.106636	0.0105045	0.0202535
61	0.0667797	0.0100895	0.00364196	0.00221374	0.0684439	0.0198274	0.00135451	0.297932	0.00189798	0.181309	0.0584644	0.0060235	0.00748166	0.00271092	0.00311775	0.026209	0.0444485	0.182906	0.00648665	0.00866175
62	0.103726	0.0101447	0.0655261	0.0341878	0.0264375	0.136001	0.0403853	0.0186572	0.0138108	0.0516409	0.0309789	0.145752	0.00602263	0.0179983	0.0125386	0.179466	0.0498162	0.0257776	0.0118777	0.0192545
63	0.0186798	0.0046941	0.00862137	0.00561561	0.289288	0.0119936	0.0897519	0.0168599	0.0028258	0.0284279	0.0191771	0.0338822	0.0021835	0.0211971	0.0133522	0.0240129	0.0197961	0.0162321	0.0416463	0.331763
64	0.0138677	0.00400007	0.00908486	0.00504991	0.267558	0.0107504	0.0159614	0.017202	0.00168586	0.0235936	0.0112319	0.0384746	0.00180496	0.00189283	0.0173329	0.0116029	0.0159571	0.016012	0.0855624	0.431375
65	0.0260704	0.00495812	0.0374726	0.00968548	0.199643	0.0129841	0.0419931	0.016916	0.0141743	0.02414	0.0131016	0.0888118	0.0042073	0.00775891	0.0607931	0.0291793	0.0418277	0.0168123	0.0545201	0.29495
66	0.0246023	0.00120476	0.037174	0.0218433	0.0193482	0.0104017	0.0666481	0.00269645	0.253123	0.0197863	0.0059332	0.0479399	0.0136114	0.038418	0.227236	0.0618158	0.0745908	0.0247865	0.00887715	0.0399637
67	0.0766108	0.00719379	0.03327	0.0513144	0.0277665	0.0288177	0.0802804	0.0454955	0.054679	0.100966	0.0696848	0.0600966	0.00156192	0.0723805	0.0206353	0.0732275	0.0427943	0.0588992	0.030212	0.0641134
68	0.441215	0.0256059	0.00214451	0.0082353	0.00887298	0.166048	0.00161578	0.0121563	0.00891479	0.0178976	0.00944201	0.00561279	0.00133266	0.00303989	0.00160642	0.217095	0.0296689	0.0322906	0.00175344	0.00545193
69	0.335379	0.0191073	0.000666149	0.0042549	0.00812489	0.422173	0.000622303	0.00460963	0.00346962	0.0143746	0.00401198	0.00145102	0.00162665	0.00237528	0.000853781	0.14496	0.0143844	0.0144759	0.00100397	0.00207656
70	0.0748769	0.00706875	0.0322226	0.0509085	0.0280367	0.0284504	0.0777105	0.0468852	0.0548024	0.102815	0.0711115	0.0607834	0.00173823	0.0718375	0.0221049	0.0720781	0.0426949	0.06004	0.0299938	0.0638411
71	0.0269648	0.00172213	0.0261376	0.0165306	0.0197538	0.0158132	0.0505775	0.00466899	0.295302	0.0313774	0.00676201	0.0331326	0.0189526	0.0275317	0.233328	0.0519162	0.0628887	0.0245514	0.0206565	0.0314323
72	0.470425	0.0095879	0.00151016	0.00443302	0.0128356	0.10705	0.00147626	0.0140904	0.00238727	0.0183671	0.0116181	0.0082124	0.00112338	0.000943865	0.00141987	0.265914	0.0322527	0.029577	0.00127159	0.00550432
73	0.0369461	0.00993949	0.000454944	0.00113125	0.134418	0.0114823	0.000672512	0.194028	0.00137677	0.305172	0.131233	0.00285664	0.00505213	0.0057983	0.00360712	0.0132965	0.0271446	0.0970284	0.00540522	0.012956
74	0.037379	0.00429217	0.00187338	0.000363161	0.0425754	0.0066658	0.00032002	0.436574	0.000432982	0.141193	0.0065772	0.00053023	0.00802154	0.000370105	0.00042883	0.00706594	0.0270582	0.276431	0.000833367	0.00101509
75	0.0855741	0.00716762	0.00427635	0.00220109	0.0314392	0.0118781	0.00116646	0.227947	0.00177713	0.0837721	0.101836	0.0265175	0.00114622	0.00248084	0.00489851	0.0437105	0.195511	0.15472	0.00161846	0.0103613
76	0.103456	0.00455788	0.00586666	0.00285335	0.013485	0.0140286	0.000918697	0.212992	0.00141405	0.0570629	0.0556495	0.0406374	0.0012836	0.001479	0.00491758	0.0515728	0.229382	0.185066	0.0015046	0.0118722
77	0.0328523	0.00216642	0.0250787	0.0168781	0.0240237	0.0186589	0.0506546	0.00495699	0.279471	0.0313406	0.00741097	0.0323015	0.0148089	0.0258316	0.237851	0.0535197	0.0583274	0.0236598	0.0279548	0.0322527
78	0.0414032	0.00347453	0.00172845	0.000412482	0.0598961	0.00790874	0.00038451	0.40844	0.000482281	0.137172	0.00822641	0.000642003	0.00626569	0.000778671	0.000526309	0.00720521	0.0294552	0.282995	0.000895467	0.00170785
79	0.235697	0.0383858	0.000893784	0.00237597	0.0292168	0.213144	0.00130233	0.0597623	0.00188372	0.0834097	0.0410685	0.00433547	0.0429624	0.0061335	0.00414652	0.107588	0.0615104	0.0579361	0.00427694	0.00397061
80	0.0779544	0.00886652	0.19652	0.0648966	0.041032	0.0504002	0.0220247	0.0310276	0.0277885	0.0435825	0.0259783	0.118159	0.00496296	0.0157288	0.0243086	0.11055	0.0494457	0.0312609	0.0144937	0.0410189
81	0.101795	0.0148459	0.00185366	0.00288833	0.0552591	0.0287736	0.00155713	0.186095	0.000640208	0.25466	0.0511829	0.0032107	0.000652394	0.00111606	0.00185157	0.0461859	0.0655433	0.163846	0.011941	0.00610221
82	0.144802	0.0215374	0.000871696	0.00134111	0.319982	0.0967957	0.000797514	0.0178889	0.00145829	0.165321	0.048063	0.00187771	0.0142953	0.00144877	0.00144518	0.0595957	0.0618369	0.018186	0.00927227	0.0131827
83	0.0301573	0.00366286	0.00155959	0.00300583	0.34087	0.0167276	0.00160249	0.0332858	0.00173379	0.20899	0.204893	0.00324199	0.00327009	0.00541748	0.00209554	0.0187133	0.0385885	0.0294412	0.00463892	0.0481044
84	0.0804695	0.0108646	0.00113107	0.0017604	0.0916129	0.0276868	0.000953591	0.223603	0.000778497	0.281298	0.0549327	0.00160383	0.00273311	0.00106716	0.00242832	0.0186104	0.034025	0.145847	0.0124065	0.00618811
85	0.039403	0.00456799	0.0017703	0.000363391	0.0496893	0.00717867	0.000325031	0.429624	0.000400703	0.143857	0.00692648	0.00051993	0.00791621	0.000394854	0.000453271	0.00668367	0.0277059	0.270229	0.000837596	0.00115316
86	0.34941	0.0132988	0.000631548	0.00279828	0.00838985	0.423264	0.000598615	0.00406011	0.00234698	0.0146675	0.00400762	0.0012281	0.00139292	0.00133881	0.000786998	0.145013	0.0113521	0.0125132	0.000907971	0.00199377
87	0.0245967	0.0139878	0.000416094	0.000662242	0.0791207	0.0050606	0.000351628	0.281849	0.00413835	0.224294	0.215053	0.00678569	0.000525676	0.00577884	0.00614403	0.00630654	0.0258772	0.0911748	0.000861106	0.00701637
88	0.145207	0.0195498	0.000819357	0.00125919	0.3171	0.0996956	0.000746086	0.0181707	0.00111534	0.166836	0.049481	0.00153241	0.0117237	0.00130648	0.00123706	0.0615118	0.0640349	0.0171169	0.00879492	0.0127622
89	0.0659321	0.0159413	0.00103647	0.0017416	0.0995606	0.0474877	0.000868503	0.18185	0.00164416	0.243035	0.0503814	0.00169891	0.00102132	0.0016448	0.00241207	0.0287038	0.0363129	0.131686	0.0401575	0.0468835
90	0.0287076	0.0166863	0.000310518	0.00042818	0.0947866	0.00541156	0.000256493	0.262432	0.00197917	0.243679	0.187035	0.00468653	0.000393428	0.0059683	0.00679782	0.00563773	0.0252849	0.100202	0.00100047	0.0083165
91	0.222466	0.046789	0.000554679	0.00123712	0.0484079	0.140108	0.000722696	0.0653803	0.00063447	0.122953	0.0609708	0.00250935	0.0290383	0.00501443	0.00185752	0.0904928	0.0792118	0.0752449	0.00368032	0.00272713
92	0.0552321	0.00322948	0.000697797	0.000628084	0.194329	0.0213017	0.000642973	0.191121	0.000813698	0.321784	0.0320212	0.000820722	0.0123613	0.000819975	0.00128907	0.0070494	0.0194109	0.114045	0.0158359	0.00656551
93	0.13713	0.025894	0.00095198	0.00380124	0.0842215	0.068658	0.00108744	0.125983	0.00105289	0.258423	0.087079	0.00347613	0.00904792	0.00221364	0.00206026	0.0379332	0.0322813	0.10591	0.00524529	0.00755112
94	0.0328721	0.00528125	0.000494511	0.00061424	0.182236	0.010394	0.000381266	0.19493	0.000823906	0.326335	0.0883959	0.00182397	0.0101864	0.00320748	0.00239939	0.00574515	0.01911	0.0991519	0.00805505	0.00756318
95	0.0312015	0.00365299	0.000591357	0.0034226	0.156137	0.00752278	0.000713126	0.0518057	0.000769158	0.414726	0.132393	0.0019619	0.00503524	0.0118058	0.000864362	0.0338741	0.0420929	0.0608508	0.0060774	0.034502
96	0.112539	0.0187145	0.000847648	0.00414956	0.0642309	0.0516787	0.000836848	0.166213	0.000631745	0.28144	0.0779576	0.00236849	0.00355573	0.00138615	0.00181988	0.0331467	0.0328461	0.127345	0.00918589	0.00910749
97	0.387038	0.0139389	0.000661997	0.00303904	0.00934647	0.346248	0.000653502	0.00673821	0.00326939	0.0171431	0.00607782	0.00153932	0.00164543	0.00144143	0.00159366	0.162363	0.0159189	0.0169847	0.00162618	0.00273277
98	0.214994	0.0530382	0.000715965	0.00181212	0.0331472	0.143835	0.00100098	0.0725855	0.00118838	0.0966114	0.049793	0.00337027	0.0591947	0.00616581	0.00335736	0.0988773	0.0788333	0.0735742	0.00468542	0.0032206
99	0.0722881	0.0180988	0.000691047	0.00198477	0.0857363	0.0242314	0.000611568	0.215092	0.000918233	0.267825	0.091324	0.00253819	0.0008302	0.00230428	0.00301676	0.0187454	0.0370011	0.133969	0.00988001	0.0129139
100	0.450466	0.0154725	0.00101009	0.00394354	0.00776677	0.17986	0.000926451	0.015405	0.00283649	0.0206305	0.0117413	0.004528	0.00129083	0.00111683	0.001131	0.208497	0.0337378	0.0352559	0.00115957	0.00322478
101	0.0382529	0.0036515	0.0255671	0.0229607	0.0225455	0.0227345	0.0480737	0.00995486	0.282998	0.0405099	0.0131475	0.0325241	0.019055	0.0274812	0.196988	0.0537883	0.0611753	0.0299085	0.0185598	0.0301233
102	0.228828	0.0137645	0.0132896	0.0122228	0.0398511	0.0864912	0.0105544	0.0322338	0.0102107	0.0500345	0.0294054	0.0273731	0.00645318	0.00796129	0.00845414	0.303833	0.0597738	0.0405884	0.00636925	0.0123079
103	0.397898	0.0158729	0.00171856	0.00736166	0.0215763	0.232954	0.00130468	0.0198253	0.00397676	0.0363649	0.0140383	0.00355963	0.00763934	0.00256903	0.00241977	0.164547	0.027451	0.0313399	0.00285408	0.00472884
104	0.0600158	0.0115253	0.0142522	0.0268404	0.0597539	0.028554	0.0703117	0.0714203	0.0267784	0.159648	0.112552	0.0349798	0.00478954	0.0771886	0.0135225	0.0647063	0.0410812	0.0599077	0.0145208	0.0476513
105	0.0460735	0.00279603	0.000821439	0.000587112	0.202409	0.0181717	0.000540361	0.218173	0.000623368	0.294422	0.029077	0.000887867	0.0124744	0.000968523	0.0011421	0.00622267	0.0188873	0.128381	0.0117472	0.00559443
106	0.135839	0.0193798	0.00298285	0.00449399	0.0469179	0.117718	0.0051573	0.0480887	0.00820415	0.0770847	0.0326607	0.0116901	0.220818	0.011096	0.0238166	0.0844829	0.0779742	0.0458863	0.0120831	0.0136246
107	0.0783632	0.00927182	0.00132005	0.00240774	0.318043	0.0386765	0.00114491	0.0406882	0.00159723	0.253732	0.0595657	0.00244223	0.00656391	0.00512842	0.00155348	0.0584458	0.0502879	0.0335407	0.0142142	0.0230124
108	0.035536	0.00486575	0.00981931	0.0173907	0.0751928	0.0153258	0.247624	0.0205318	0.0186725	0.0649424	0.0655334	0.0602768	0.00238237	0.124193	0.00796191	0.0749284	0.0372865	0.0268005	0.0118775	0.078858
109	0.171683	0.0107435	0.0255933	0.050522	0.014795	0.0234041	0.00542782	0.100887	0.00467845	0.0368362	0.0279514	0.018194	0.00168622	0.00362759	0.0058507	0.157143	0.168777	0.137007	0.00603383	0.0291588
110	0.0788919	0.00751425	0.0153142	0.0164709	0.0581112	0.0434876	0.0292254	0.022391	0.124903	0.0603035	0.0182012	0.0271001	0.01681	0.0177203	0.177152	0.0667506	0.0404565	0.0286658	0.0939889	0.0565416
111	0.109993	0.0168877	0.00574118	0.00835903	0.0827255	0.0427694	0.00934494	0.0823378	0.00838348	0.242046	0.0730287	0.0114207	0.00956605	0.0103973	0.00795849	0.111145	0.0551497	0.0778552	0.0113444	0.0235464
112	0.168607	0.0310544	0.0014778	0.00257712	0.0336141	0.116603	0.00136518	0.0683913	0.00174268	0.119325	0.0568529	0.00602051	0.128656	0.00663389	0.00780278	0.0849548	0.0782825	0.0716084	0.00777912	0.00665046
113	0.0691175	0.00805147	0.226798	0.0864121	0.0319068	0.0575631	0.0136395	0.0184882	0.0137709	0.027648	0.0157942	0.150117	0.00231402	0.0103987	0.0107925	0.140326	0.0567676	0.0182054	0.00996884	0.0319198
114	0.34691	0.0173831	0.00478779	0.0111419	0.0320684	0.0851065	0.00310957	0.0318265	0.00512019	0.0426199	0.0236278	0.0137166	0.00386395	0.00252171	0.0046325	0.232598	0.0757868	0.0514871	0.00392602	0.00776594
115	0.0649042	0.0156323	0.00565439	0.00815411	0.0980442	0.0255476	0.00731935	0.150033	0.00718434	0.222077	0.15249	0.0118258	0.0065816	0.0127244	0.00722587	0.041756	0.0456338	0.0860591	0.0079836	0.0231699
116	0.153386	0.0153222	0.0371254	0.178072	0.0330365	0.0710784	0.0195887	0.0207577	0.029141	0.0587931	0.0289013	0.0235492	0.00253141	0.0148659	0.0167867	0.094709	0.0858876	0.0612021	0.0364858	0.0187793
117	0.259717	0.0182505	0.00738136	0.00893306	0.042197	0.297264	0.00307172	0.031428	0.00513786	0.0577637	0.0191977	0.0143304	0.0115264	0.00436888	0.00481697	0.127276	0.0321706	0.0397332	0.00615489	0.00928023
118	0.101029	0.0144859	0.00543188	0.00528803	0.0490489	0.0674643	0.00683746	0.0636815	0.018036	0.0852763	0.0277323	0.0129233	0.26238	0.00976046	0.0292572	0.0794181	0.0790016	0.0505749	0.0148402	0.0175321
119	0.179333	0.016237	0.013011	0.0155076	0.0435236	0.0571927	0.0100216	0.0531562	0.0167215	0.0585615	0.0371002	0.0257734	0.0229483	0.00811576	0.0177749	0.212853	0.120176	0.0677278	0.00786535	0.0163997
120	0.108102	0.0116043	0.00396455	0.00430369	0.0226782	0.0642226	0.00497233	0.0337224	0.00752049	0.0424404	0.0218551	0.0122511	0.347888	0.0102402	0.0301866	0.104751	0.114334	0.0288488	0.0143123	0.0118014
121	0.0420542	0.00492701	0.00185123	0.000556618	0.0458833	0.00842987	0.000548966	0.398868	0.000647699	0.138729	0.0212367	0.00203235	0.00590446	0.000776955	0.000990287	0.0094337	0.036451	0.276238	0.00209278	0.00234838
122	0.239078	0.0147005	0.00937571	0.00920927	0.04338	0.0981396	0.00768804	0.0359765	0.00893434	0.0573944	0.0301811	0.022477	0.0109827	0.00923946	0.00952057	0.276268	0.0564298	0.042878	0.00686257	0.0112848
123	0.459344	0.0140017	0.00182285	0.00589106	0.0128469	0.12313	0.00146737	0.0214419	0.00324937	0.0294085	0.0146946	0.00670884	0.0034506	0.00180599	0.00179854	0.22135	0.0352788	0.0352428	0.00184226	0.00522332
124	0.100444	0.01748	0.00588745	0.0121378	0.0840626	0.0422751	0.00844876	0.0858619	0.00769601	0.255012	0.0762986	0.0122488	0.00887275	0.0121722	0.00719625	0.0999041	0.0499708	0.0739805	0.0137935	0.0262572
125	0.0512588	0.00841389	0.00154088	0.00110055	0.0779698	0.0157831	0.00077902	0.307575	0.00111149	0.221491	0.0550537	0.0018899	0.00522753	0.00238864	0.00232597	0.0132092	0.0311909	0.186948	0.00771354	0.00702956
126	0.058522	0.00731708	0.020056	0.0268369	0.0599658	0.0272317	0.149235	0.0280498	0.0772241	0.0655532	0.0464692	0.0457279	0.0093452	0.0665015	0.0597397	0.0747187	0.0488763	0.040233	0.0186392	0.0697578
127	0.427264	0.0102809	0.00304462	0.00508605	0.0153363	0.10336	0.00239811	0.0158011	0.00223503	0.0218398	0.0138261	0.0119775	0.00163406	0.00136647	0.00202531	0.286464	0.037451	0.0317764	0.0013321	0.00550182
128	0.379235	0.0166257	0.0040078	0.00907349	0.032794	0.119485	0.00637519	0.0375012	0.006522	0.0614899	0.0229943	0.00854835	0.00559297	0.00479653	0.00639412	0.168785	0.0415957	0.0488089	0.0064354	0.0129397
129	0.119143	0.014858	0.0151217	0.0129883	0.0576204	0.0426173	0.0115624	0.0956485	0.0299161	0.124178	0.0528074	0.0237364	0.0188554	0.0101581	0.0253357	0.100246	0.122578	0.0901974	0.010688	0.0217442
130	0.0785306	0.0159806	0.00477551	0.00982156	0.0966511	0.031951	0.0115037	0.134548	0.0124465	0.205807	0.137755	0.0141396	0.0052372	0.013921	0.0111722	0.0550085	0.0439591	0.0826325	0.00875368	0.0254067
131	0.0459979	0.00605086	0.00176015	0.000665132	0.0516123	0.0106931	0.000522036	0.377114	0.000682429	0.142225	0.0257686	0.00282689	0.00671663	0.00104846	0.00124373	0.0115571	0.0401221	0.267554	0.00263297	0.00320774
132	0.301142	0.0127212	0.00685853	0.0441748	0.0198855	0.0335713	0.00585572	0.0364122	0.0436229	0.0585816	0.0306645	0.041498	0.00377732	0.00614839	0.0106037	0.100457	0.137273	0.0850091	0.00797526	0.0137687
133	0.47337	0.0112543	0.00221484	0.00603409	0.0103247	0.0892594	0.00188383	0.019525	0.00251544	0.0210588	0.0143904	0.00795536	0.000893202	0.00124014	0.00175367	0.248851	0.0377331	0.0426814	0.00115569	0.00590561
134	0.250367	0.0195799	0.00813352	0.0115879	0.0323791	0.303543	0.00515054	0.0339783	0.00756288	0.0582831	0.0218397	0.00989786	0.00943637	0.00536281	0.00633222	0.123674	0.0336383	0.0416345	0.00737414	0.0102445
135	0.0484164	0.00359317	0.00188373	0.000698689	0.0369549	0.00803469	0.00048437	0.386585	0.00062415	0.110977	0.0128334	0.00414269	0.00517991	0.000552542	0.000912708	0.0111432	0.0549506	0.308456	0.00153878	0.00203834
136	0.00780652	0.00240173	0.00169862	0.00400393	0.339277	0.00727996	0.00717341	0.0205958	0.000873806	0.0225953	0.0106378	0.00796405	0.000949863	0.000929757	0.00332019	0.0075168	0.00544098	0.0151011	0.0498816	0.484551
137	0.0174318	0.00337324	0.000323158	0.00310481	0.107804	0.00168967	0.000322465	0.0761051	0.000417052	0.455223	0.145418	0.00191482	0.00543853	0.013209	0.00122487	0.0230645	0.041696	0.068433	0.00412848	0.0296782
138	0.0377611	0.017604	0.000406625	0.000792277	0.0899688	0.00882221	0.000321961	0.254441	0.00162059	0.2487	0.167681	0.00424091	0.000328963	0.00503602	0.00578238	0.00873514	0.0288669	0.108984	0.0019675	0.00793903
139	0.180699	0.0421306	0.00199479	0.00321977	0.0327928	0.0386645	0.00253798	0.136582	0.00148925	0.121162	0.0800899	0.0174245	0.00466644	0.0060204	0.00298601	0.112002	0.0931475	0.113417	0.00271537	0.00625902
140	0.0357634	0.00209488	0.0280454	0.0182782	0.0256268	0.0186398	0.0546319	0.00512481	0.246574	0.0294102	0.00770279	0.036005	0.0128448	0.0295345	0.235667	0.0637518	0.0601835	0.023555	0.0292252	0.0373415
141	0.0364059	0.0428849	0.00158488	0.00315139	0.0919467	0.00824647	0.00412544	0.0821335	0.00208649	0.328558	0.127971	0.00399301	0.00343412	0.00660492	0.00251414	0.13926	0.05897	0.0414996	0.00355465	0.011075
142	0.0543345	0.00554298	0.020281	0.0414045	0.0421439	0.0295768	0.0781831	0.0345617	0.0438922	0.131743	0.10474	0.0455058	0.00186588	0.0936973	0.0142232	0.083346	0.0333296	0.0495276	0.0207162	0.0713851
143	0.0768388	0.00718685	0.0333287	0.0515489	0.0276856	0.0292583	0.0800382	0.0453419	0.0543865	0.100703	0.0695439	0.0601372	0.00156273	0.0724308	0.0204395	0.0738248	0.0428549	0.0588645	0.0301168	0.0639083
144	0.101432	0.0088472	0.00297742	0.00193731	0.0606455	0.0387382	0.00233449	0.196431	0.00145006	0.25607	0.0387068	0.00150763	0.000550768	0.0013118	0.00378386	0.0295056	0.0513475	0.162238	0.0297257	0.0104599
145	0.0414871	0.00296068	0.00157596	0.000519155	0.0334888	0.00666093	0.000466311	0.40703	0.000561046	0.105515	0.00979665	0.00308105	0.00559426	0.000476682	0.000560769	0.00796905	0.0476252	0.322474	0.000805726	0.00135138
146	0.253614	0.0395263	0.000691379	0.00120347	0.04653	0.143008	0.00108324	0.053664	0.000870834	0.096248	0.0500922	0.00308795	0.0181311	0.00383365	0.00232445	0.109077	0.0914048	0.0787589	0.00436144	0.00248939
147	0.0549399	0.0151759	0.001432	0.00150043	0.0919102	0.0571487	0.00106427	0.166456	0.00252767	0.216625	0.0461811	0.00213342	0.00154545	0.00285011	0.00386061	0.0350157	0.0378085	0.125562	0.0642517	0.0720116
148	0.037379	0.00429217	0.00187338	0.000363161	0.0425754	0.0066658	0.00032002	0.436574	0.000432982	0.141193	0.0065772	0.00053023	0.00802154	0.000370105	0.00042883	0.00706594	0.0270582	0.276431	0.000833367	0.00101509
149	0.389119	0.0132009	0.000639255	0.00268436	0.00839195	0.349116	0.000750944	0.0065296	0.00257074	0.0152774	0.00504236	0.00172889	0.00188738	0.00142671	0.000826688	0.164265	0.0154986	0.0173588	0.000938993	0.00274734
150	0.126122	0.0172615	0.00171094	0.00318404	0.0506727	0.045903	0.00138125	0.168346	0.000554697	0.250089	0.0520997	0.00271092	0.00339018	0.00140461	0.00182834	0.0456374	0.0630247	0.147938	0.0108323	0.00590855
151	0.0753676	0.00715282	0.00116515	0.00106279	0.115524	0.0236451	0.000784731	0.252742	0.000697008	0.252682	0.0323212	0.000916421	0.00405932	0.000951032	0.00146834	0.0150595	0.0333142	0.165417	0.00996197	0.00570824
152	0.192426	0.0116111	0.00939899	0.00902909	0.0413526	0.0476258	0.00442892	0.0259495	0.00517044	0.0332504	0.0300981	0.0307859	0.00270856	0.0032482	0.00490153	0.401738	0.0967588	0.0376646	0.00365844	0.00819529
153	0.30684	0.0175541	0.00275816	0.00630539	0.019085	0.041948	0.00348262	0.0774467	0.00260736	0.147763	0.0364147	0.00981081	0.00250831	0.0028956	0.00382738	0.216067	0.0447593	0.0476106	0.00298049	0.00733516
154	0.0410582	0.00125588	0.000578139	0.000533485	0.231959	0.0155845	0.000473495	0.184667	0.000548238	0.335711	0.0276224	0.000850627	0.0167987	0.000669226	0.000887267	0.00341667	0.0144855	0.105943	0.012771	0.00418605
155	0.0287885	0.0056038	0.000359982	0.00256801	0.124327	0.0150701	0.000428723	0.0932742	0.000758946	0.376725	0.112051	0.00188612	0.00450808	0.00859742	0.000876485	0.0244714	0.0382188	0.0849544	0.0208673	0.055665
156	0.345184	0.0208899	0.000758617	0.00269939	0.022259	0.275433	0.000689202	0.0193524	0.00209124	0.0456247	0.0215635	0.00218599	0.00552659	0.00235366	0.00115631	0.154917	0.0398383	0.0323779	0.00222782	0.00287131
157	0.530138	0.00897214	0.000500845	0.00155548	0.00689363	0.191708	0.000407233	0.00316045	0.00259863	0.0125761	0.00382683	0.000920469	0.000676634	0.000896065	0.000572333	0.198848	0.0129432	0.0188334	0.000754134	0.00321874
158	0.0993256	0.036111	0.00158965	0.00254174	0.0559917	0.0184021	0.00307175	0.158851	0.000914751	0.219879	0.0525177	0.00451728	0.00131321	0.00375941	0.00183438	0.106839	0.092914	0.127212	0.00669636	0.00571804
159	0.143826	0.0612965	0.00162836	0.00216394	0.0475364	0.0340096	0.00571684	0.103018	0.00147793	0.12953	0.0849595	0.0063482	0.00695487	0.0182418	0.00271888	0.149767	0.0819958	0.110507	0.00340162	0.0049019
160	0.370597	0.0130055	0.000617362	0.00264066	0.0079797	0.394462	0.000633204	0.00387894	0.00242881	0.0144211	0.00405687	0.00151887	0.00138496	0.00142115	0.000745688	0.151573	0.0118529	0.0136578	0.000924482	0.00220057
161	0.0331996	0.0182767	0.000330934	0.000769552	0.0903592	0.00746948	0.000385163	0.247385	0.00162969	0.25731	0.174052	0.0043271	0.000528031	0.0055354	0.00583985	0.00952643	0.0302127	0.102862	0.00140806	0.00859387
162	0.25456	0.0334447	0.00252569	0.00227094	0.0858737	0.0563672	0.00259938	0.0435056	0.0025767	0.0542592	0.0373043	0.00499107	0.00538351	0.00314777	0.0165873	0.0798577	0.148635	0.155973	0.00412744	0.00600942
163	0.0822014	0.00801022	0.0317819	0.0505134	0.0274535	0.0308035	0.0762452	0.0446701	0.0529137	0.0933754	0.067326	0.0620184	0.0017707	0.0725639	0.0198287	0.0861818	0.0433244	0.061584	0.0282267	0.059207
164	0.0342729	0.0026833	0.0599006	0.0184176	0.022124	0.0117348	0.0556605	0.00660593	0.17872	0.0275694	0.0158443	0.0839852	0.0162528	0.0288503	0.198927	0.0726269	0.0811125	0.028078	0.0165312	0.0401028
165	0.0654291	0.00637384	0.248715	0.0861597	0.0373221	0.0511216	0.014229	0.0192923	0.0161733	0.0254232	0.0149842	0.158292	0.00271693	0.00919393	0.0125739	0.122603	0.0440773	0.0160976	0.00930661	0.0399155
166	0.0324177	0.0154395	0.000413822	0.00050255	0.0975459	0.00701946	0.000330901	0.257859	0.00204945	0.24215	0.179197	0.00466979	0.00066359	0.00578853	0.00732714	0.0067244	0.0258479	0.103294	0.00235294	0.00840671
167	0.0448136	0.00531277	0.0239787	0.026696	0.025119	0.025553	0.0455476	0.0137222	0.271686	0.0456637	0.015029	0.0306031	0.016399	0.0268939	0.184599	0.0539358	0.0580432	0.0332115	0.0221399	0.0310533
168	0.0280617	0.00266228	0.0198335	0.0131594	0.0209437	0.0229563	0.0413592	0.00570078	0.328511	0.0391367	0.00748035	0.024747	0.0171331	0.0213023	0.228037	0.0450177	0.0540493	0.0283056	0.0254243	0.0261792
169	0.0371181	0.00354219	0.00178229	0.000411938	0.039959	0.00704511	0.00036015	0.432057	0.000484997	0.126248	0.00687496	0.000643833	0.00709739	0.000419353	0.000472218	0.00758685	0.0292514	0.296845	0.000709853	0.00109032
170	0.0505016	0.00695935	0.00112046	0.00108104	0.1305	0.0174685	0.000574109	0.228747	0.000809022	0.285304	0.0606855	0.00139254	0.00707968	0.00241459	0.00207839	0.0125476	0.0279555	0.143285	0.010144	0.00935257
171	0.3688	0.0153201	0.0073367	0.0097627	0.033629	0.12415	0.00323621	0.0463635	0.00618501	0.0602615	0.0267157	0.00992982	0.00895271	0.0034038	0.00491086	0.166793	0.041236	0.0512492	0.00394719	0.00781767
172	0.122462	0.033087	0.00344176	0.00494065	0.288483	0.0673175	0.00615789	0.0227837	0.0037321	0.0783946	0.0273512	0.00808418	0.00570525	0.00303649	0.00500045	0.0404055	0.0394994	0.0263501	0.020411	0.193356
173	0.213446	0.012955	0.0125752	0.0161176	0.0446452	0.0783691	0.00914303	0.0343603	0.0135492	0.0547199	0.0313962	0.0290383	0.00868905	0.00829084	0.0123553	0.29727	0.0577438	0.0396497	0.00957669	0.0161095
174	0.17435	0.0186247	0.0127092	0.0201089	0.0462154	0.0574158	0.00917902	0.0544624	0.0163174	0.0679766	0.0375412	0.0257066	0.011882	0.0098793	0.0158836	0.199047	0.130064	0.0669879	0.00922555	0.0164239
175	0.0410684	0.018206	0.000399111	0.00136473	0.0811893	0.00886505	0.000423275	0.2731	0.00240616	0.22403	0.190338	0.00505748	0.000559324	0.00509986	0.00576189	0.00647418	0.023548	0.103422	0.00163928	0.00704821
176	0.24481	0.0159903	0.0352702	0.0794837	0.0245097	0.0862217	0.0143432	0.0279394	0.0176371	0.0410885	0.0254371	0.0284729	0.00232878	0.0116356	0.0121782	0.193445	0.0593023	0.0490092	0.0143294	0.0165681
177	0.0651465	0.00590455	0.0303244	0.0312754	0.0412352	0.0335811	0.102945	0.0288737	0.0562217	0.0728429	0.0560249	0.070596	0.00986998	0.0895171	0.042522	0.0874362	0.0448065	0.0395188	0.0203802	0.0709781
178	0.0474315	0.00749169	0.00162172	0.000679097	0.0711327	0.0119042	0.000484012	0.339062	0.000640556	0.220717	0.0366223	0.00117293	0.00566224	0.00103537	0.00127402	0.00960854	0.0289343	0.206625	0.00465689	0.00324343
179	0.371352	0.0134799	0.000862879	0.00319375	0.00817581	0.385753	0.000714855	0.00483735	0.0025381	0.0153724	0.00470062	0.00141115	0.00149308	0.00142151	0.000821229	0.153024	0.0129822	0.0147328	0.00090717	0.00222662
180	0.0191545	0.00529051	0.00114328	0.0034408	0.270576	0.016692	0.00442597	0.0712866	0.000989063	0.11233	0.0431126	0.00506668	0.00157759	0.00243801	0.00265818	0.014349	0.0151783	0.0493173	0.0432421	0.317731
181	0.037523	0.0135362	0.000757972	0.00194577	0.0892309	0.0103195	0.000614131	0.225663	0.00246472	0.267181	0.166979	0.00545981	0.00215473	0.00623543	0.00544051	0.0137399	0.0319951	0.10161	0.00460239	0.0125471
182	0.0285563	0.0155296	0.000314636	0.000421763	0.104388	0.005251	0.000293643	0.258449	0.0019529	0.23988	0.18722	0.00456053	0.000867974	0.00601928	0.0064234	0.00555669	0.0246084	0.100111	0.00112225	0.00847243
183	0.132194	0.0202032	0.000953328	0.00417825	0.0628587	0.0672446	0.000930232	0.135515	0.000834968	0.275657	0.0759412	0.00216971	0.00643151	0.00134906	0.00142344	0.0381663	0.0346975	0.125842	0.00695077	0.00645811
184	0.533828	0.00751342	0.000488776	0.00136519	0.00716212	0.191944	0.000467555	0.00286151	0.00244909	0.0121381	0.00335647	0.000794248	0.000671403	0.000839059	0.000567928	0.199366	0.0113342	0.0186249	0.000766127	0.00346322
185	0.130986	0.0228076	0.00152751	0.00444495	0.0486974	0.0367188	0.00132423	0.160987	0.000778244	0.250867	0.0496554	0.00316503	0.0024245	0.00154042	0.00168502	0.0530224	0.0604885	0.153582	0.00874955	0.00654926
186	0.34331	0.0172748	0.00129089	0.00503828	0.0235261	0.346178	0.0011468	0.011038	0.00306287	0.0281595	0.00999982	0.00222665	0.00417608	0.00202105	0.00128289	0.149767	0.0214136	0.0228033	0.00235004	0.00393514
187	0.132749	0.0237263	0.00105055	0.00855092	0.0485271	0.0500217	0.00101149	0.187073	0.000726428	0.24973	0.0754554	0.00265895	0.00298944	0.00139377	0.00161611	0.0335924	0.0321985	0.13189	0.00737263	0.00766696
188	0.184705	0.0476179	0.0221167	0.0747401	0.0199991	0.241809	0.00946155	0.0117824	0.026331	0.02634	0.0144191	0.0142596	0.00311405	0.0200115	0.00717452	0.171751	0.0513799	0.0310978	0.0127242	0.00916448
189	0.146812	0.0215453	0.00137216	0.00269572	0.124924	0.186524	0.00177626	0.0919014	0.00728202	0.120152	0.0169931	0.00327101	0.00993061	0.00255251	0.00340948	0.0372421	0.040529	0.148342	0.0066736	0.0260715
190	0.526297	0.00792712	0.000445928	0.00126171	0.00721963	0.200831	0.000453204	0.00264836	0.00250456	0.0126713	0.0033275	0.000721515	0.000634487	0.00084913	0.000526455	0.197869	0.0115269	0.0182122	0.000757105	0.00331612
191	0.0275821	0.0153653	0.000319806	0.000448206	0.100726	0.00500724	0.000242185	0.258728	0.00208107	0.243159	0.189424	0.00466477	0.000765884	0.00610266	0.00640179	0.00555084	0.0248575	0.098951	0.0010033	0.00861935
