213	20
1	0.020915	0.000817934	0.239594	0.0445133	0.00115936	0.0105938	0.0105843	0.00253039	0.0219152	0.0118694	0.00187094	0.111853	0.0275998	0.0199676	0.00602041	0.299849	0.154015	0.011585	0.000692592	0.0020542
2	0.125966	0.00175791	0.0176025	0.0849127	0.0152545	0.00661374	0.0241891	0.0361622	0.107204	0.114721	0.00958839	0.0147398	0.0536495	0.0282083	0.220383	0.0711599	0.0285103	0.0260439	0.00304277	0.0102899
3	0.0579749	0.00300981	0.191186	0.276114	0.000198146	0.00318865	0.0376247	0.00489776	0.0672139	0.00775132	0.00328907	0.0466264	0.00243014	0.126274	0.0376671	0.0692574	0.0563948	0.00689685	0.000129306	0.00187512
4	0.0560236	0.00288471	0.184181	0.273942	0.000270998	0.00363609	0.0376875	0.00562846	0.0694983	0.00762041	0.00361738	0.0458577	0.00233417	0.1316	0.0378646	0.0690932	0.058794	0.00749054	0.00014391	0.00183156
5	0.0359947	0.00328266	0.0160812	0.0301358	0.0723972	0.0207803	0.0184776	0.0376293	0.0455494	0.148924	0.0262084	0.0169417	0.0103537	0.0323426	0.0479282	0.043413	0.0397096	0.052298	0.232729	0.0688241
6	0.053178	0.000629812	0.0129748	0.0815206	0.00147143	0.00179172	0.0458483	0.015875	0.161025	0.0365408	0.0190521	0.042941	0.00572039	0.079987	0.293766	0.0377245	0.0428731	0.0572549	0.00183257	0.00799229
7	0.348855	0.00255409	0.00867106	0.0149166	0.00106825	0.0722712	0.00189446	0.00168977	0.00919301	0.0103413	0.00123217	0.0234672	0.00204116	0.00377493	0.0138635	0.423958	0.0414035	0.0147265	0.000667842	0.00341066
8	0.00864071	0.00152284	0.00262235	0.00912335	0.05915	0.00405197	0.00745158	0.151312	0.00608351	0.509175	0.103498	0.00104957	0.000413306	0.0138166	0.0101368	0.0122359	0.0202599	0.0665525	0.000682299	0.0122229
9	0.0167886	0.00212361	0.0663897	0.0410767	0.00334608	0.40876	0.0390885	0.052536	0.0203893	0.0347427	0.00590661	0.191808	0.00329275	0.02324	0.0225357	0.0146881	0.0370652	0.00932101	0.00201359	0.0048871
10	0.012981	0.00175273	0.597144	0.195476	0.0032167	0.00674036	0.00890796	0.0052173	0.0137616	0.0245904	0.00378451	0.0297479	0.00350608	0.0213671	0.012246	0.0384976	0.00917488	0.00648401	0.00186995	0.00353304
11	0.034748	0.000630427	0.0158764	0.0955531	0.000730363	0.00174602	0.050955	0.019178	0.142323	0.0247339	0.0235771	0.0516184	0.00997157	0.097666	0.306426	0.0280752	0.0320225	0.0509744	0.00205333	0.0111411
12	0.0137929	0.000168599	0.000569423	0.00371861	0.00725024	0.00186163	0.000507525	0.259303	0.00703776	0.219057	0.0256593	0.00198463	0.0044501	0.00729862	0.00483252	0.00492726	0.0368209	0.399137	0.00126229	0.000360426
13	0.0215334	0.000917205	0.244269	0.041558	0.00129953	0.00999374	0.0103009	0.0026599	0.0211126	0.0115767	0.00185239	0.110378	0.0263794	0.0208034	0.00587646	0.302602	0.150892	0.0129697	0.000749465	0.00227633
14	0.00844265	0.0017391	0.000539562	0.00370772	0.0389269	0.00150763	0.00564705	0.145455	0.00375326	0.594298	0.102007	0.00066941	0.000250633	0.0117487	0.00684782	0.00407579	0.00945128	0.0522157	0.000173207	0.00854372
15	0.0579749	0.00300981	0.191186	0.276114	0.000198146	0.00318865	0.0376247	0.00489776	0.0672139	0.00775132	0.00328907	0.0466264	0.00243014	0.126274	0.0376671	0.0692574	0.0563948	0.00689685	0.000129306	0.00187512
16	0.0261412	0.00186945	0.469497	0.274624	0.00222104	0.00536697	0.0143761	0.00601833	0.0233831	0.0199493	0.00353949	0.0223235	0.00375014	0.0477883	0.0145806	0.0372396	0.0164952	0.00620069	0.00169565	0.00294053
17	0.0330995	0.00033039	0.000955735	0.00375303	0.00650661	0.00316627	0.000963622	0.260601	0.00682508	0.170249	0.0228211	0.00257215	0.00737866	0.00649498	0.00769507	0.0150695	0.0460065	0.402705	0.00121473	0.00159181
18	0.127364	0.00117584	0.0166278	0.13553	0.0125493	0.0238901	0.0147728	0.0343172	0.0299856	0.0166079	0.00476252	0.014915	0.00186043	0.0576871	0.133057	0.140881	0.142485	0.0731558	0.00101053	0.017365
19	0.0580914	0.00300082	0.191714	0.275961	0.000201555	0.00322356	0.0375557	0.00491543	0.0671668	0.0077421	0.00330318	0.0466663	0.00246763	0.125925	0.0376292	0.0691482	0.056371	0.00688205	0.000170855	0.00186434
20	0.00565416	0.000189424	0.000646227	0.001047	0.0062866	0.000469127	0.000590672	0.603458	0.00109153	0.036391	0.0133859	0.000734803	0.000282057	0.000934486	0.00803669	0.0010212	0.0111457	0.307991	0.000200332	0.000444465
21	0.00350925	0.000577789	0.00212458	0.00304401	0.346489	0.00162575	0.056032	0.00828519	0.00693187	0.0723537	0.0127494	0.00434507	0.00108956	0.00992764	0.0107542	0.00366198	0.00310484	0.00504439	0.0259619	0.422388
22	0.011335	0.00141889	0.00545838	0.0178799	0.0536171	0.00912687	0.00752577	0.144231	0.0107242	0.455945	0.0998445	0.00182071	0.000796516	0.018044	0.0145386	0.0246742	0.0327193	0.0796914	0.00168149	0.00892631
23	0.0406588	0.0031311	0.0112332	0.0245301	0.00527686	0.0131128	0.00815565	0.0544606	0.0262252	0.0575104	0.0406174	0.0232052	0.339083	0.0175759	0.0263443	0.148589	0.112924	0.0331487	0.00375389	0.0104644
24	0.00876719	0.00182847	0.000622593	0.00407699	0.0403447	0.00169823	0.0051546	0.144053	0.00402523	0.593583	0.101423	0.000605367	0.000242923	0.0108229	0.00683719	0.00404207	0.00978677	0.053054	0.000171002	0.00886023
25	0.209694	0.000971743	0.00365206	0.00590761	0.00171257	0.00874513	0.00300105	0.112411	0.0204803	0.042844	0.00703901	0.0220869	0.0197857	0.0105926	0.0330949	0.146073	0.147186	0.197267	0.00114834	0.00630745
26	0.0511306	0.00213847	0.118237	0.0819654	0.000353759	0.0310543	0.0844389	0.00255029	0.0973578	0.0087677	0.00105645	0.13606	0.00272084	0.119713	0.116112	0.0910647	0.0487468	0.0016049	0.000230824	0.00469557
27	0.00903046	0.00180874	0.000798662	0.00444487	0.0432537	0.00172363	0.0054943	0.149255	0.00406039	0.572046	0.0990981	0.000736113	0.0003548	0.0105695	0.00702183	0.00478414	0.0137361	0.0582573	0.00128768	0.0122387
28	0.00877011	0.00176773	0.000589931	0.00376454	0.0415128	0.00150441	0.00500749	0.155284	0.00375815	0.584021	0.0993067	0.000596858	0.000308072	0.0102835	0.00702978	0.00359626	0.0106806	0.0526837	0.000226634	0.0093079
29	0.0578683	0.00191718	0.0696408	0.0528356	0.000523018	0.0203309	0.11707	0.0027086	0.0927357	0.0108213	0.00319727	0.110922	0.00561765	0.140354	0.141211	0.103687	0.0417802	0.00632905	0.000508394	0.0199428
30	0.116625	0.000832128	0.00319992	0.00473607	0.00168414	0.0252331	0.00254389	0.125184	0.0192203	0.0181893	0.026327	0.00970555	0.0441537	0.018715	0.045109	0.104996	0.109659	0.317252	0.00101585	0.00561928
31	0.0466037	0.00411256	0.0256796	0.0725293	0.00428845	0.00971919	0.0104888	0.0205298	0.0570234	0.0314111	0.0147006	0.0261974	0.400889	0.0176098	0.0330708	0.0872078	0.0909606	0.0307431	0.00476068	0.0114739
32	0.00229767	0.00043322	0.00144156	0.00228823	0.490908	0.00116497	0.0103804	0.0104542	0.00257252	0.0454012	0.0102639	0.00420506	0.000766585	0.00201722	0.00269592	0.00278396	0.00244446	0.00486048	0.0281122	0.374508
33	0.00323945	0.000159313	0.00062452	0.00104623	0.00504816	0.000425081	0.000538505	0.672247	0.000953546	0.042296	0.00713633	0.000654784	0.000268508	0.000851975	0.00691269	0.000935158	0.00603071	0.250082	0.000173349	0.000376827
34	0.00678297	0.000170158	0.000585975	0.00192936	0.00575474	0.000897497	0.000505508	0.534384	0.00293277	0.101381	0.012795	0.0011298	0.00172265	0.00296474	0.00571656	0.00224197	0.0164777	0.300715	0.00053636	0.000375204
35	0.320462	0.00366759	0.0143284	0.0137734	0.00134725	0.142002	0.00235585	0.00188073	0.0102739	0.0098188	0.00152951	0.0234323	0.00214091	0.00544096	0.015135	0.367784	0.0423879	0.0172394	0.000662651	0.00433688
36	0.00321497	0.000159737	0.000626158	0.00105203	0.0050431	0.000424667	0.000544289	0.672626	0.000952865	0.0423725	0.00708603	0.000654205	0.000267546	0.000847836	0.00687826	0.000931845	0.00598157	0.249785	0.000173912	0.00037729
37	0.241554	0.0112807	0.0135856	0.0107242	0.00109185	0.0581842	0.00197943	0.00714635	0.0204889	0.0136735	0.00154508	0.0303924	0.0114205	0.00834771	0.0159331	0.374773	0.127078	0.0395514	0.000531974	0.010718
38	0.0430526	0.00216735	0.0418639	0.0193563	0.00283047	0.582938	0.0190066	0.0107077	0.0196047	0.0109066	0.00395878	0.125816	0.00525369	0.0247372	0.0266116	0.0309232	0.0162159	0.00888045	0.00123172	0.00393707
39	0.167106	0.00606279	0.0378486	0.0301494	0.00446048	0.0335961	0.0113862	0.0149063	0.0289506	0.0210397	0.00742097	0.0434184	0.0180076	0.0202247	0.0298844	0.374715	0.0958426	0.0366345	0.00424921	0.0140958
40	0.0290087	0.00129128	0.00721901	0.015877	0.0116607	0.00631294	0.00439538	0.279693	0.0186922	0.128528	0.0206858	0.0054808	0.0126008	0.0113101	0.0170641	0.0268492	0.0471311	0.349159	0.0019153	0.00512665
41	0.351865	0.00305013	0.00909206	0.015462	0.00116698	0.048977	0.00187813	0.00204531	0.0109035	0.0109662	0.00126033	0.0244905	0.00301294	0.00436862	0.0138675	0.425157	0.0505121	0.0171868	0.000654085	0.0040845
42	0.324337	0.00402348	0.0121913	0.0136456	0.00173191	0.0518684	0.00297932	0.0330448	0.0172006	0.0131949	0.00427376	0.0191534	0.00602145	0.00965648	0.0186818	0.277882	0.0555785	0.125338	0.00118525	0.00801191
43	0.0452786	0.00179242	0.0380783	0.0169781	0.00255872	0.593166	0.0172581	0.0113951	0.0200519	0.0133886	0.00395586	0.12256	0.00247206	0.0218181	0.0247203	0.0337671	0.0155416	0.0097745	0.00160209	0.00384293
44	0.0435092	0.00506946	0.0312278	0.0483015	0.00869581	0.0131472	0.0314873	0.0195542	0.323041	0.032964	0.0111116	0.0378344	0.0195725	0.0464534	0.189371	0.0528294	0.039831	0.028733	0.00670675	0.0105587
45	0.0997933	0.00833817	0.0261163	0.0235606	0.00367591	0.0228457	0.00726886	0.0212802	0.0294548	0.0234634	0.00814505	0.0474676	0.0331898	0.01781	0.0263225	0.353427	0.177488	0.0488266	0.00329136	0.0182354
46	0.123878	0.00631753	0.0135228	0.0209663	0.00442636	0.0275964	0.00599773	0.0375948	0.0213649	0.0280959	0.00858545	0.0369504	0.0241553	0.015593	0.0243946	0.317948	0.180112	0.0852564	0.00261545	0.0146281
47	0.012092	0.00185387	0.0189815	0.0530909	0.0938107	0.0176109	0.0138582	0.155204	0.0193089	0.143847	0.0857047	0.00613518	0.00294924	0.0251154	0.0176339	0.0866526	0.110031	0.12128	0.00544021	0.00940054
48	0.360627	0.00253462	0.00828747	0.0156128	0.00116725	0.0456691	0.00192351	0.00183343	0.00987908	0.0110838	0.0011699	0.0238739	0.00245854	0.00371258	0.0145144	0.431851	0.0442476	0.015048	0.000746284	0.00375977
49	0.0145655	0.00161574	0.0107425	0.0211757	0.00270375	0.00462995	0.015722	0.0150817	0.351492	0.0122395	0.0058909	0.019019	0.00416315	0.0337856	0.433616	0.0181844	0.0151879	0.0117018	0.00414886	0.00433363
50	0.0137677	0.000168683	0.000572932	0.00371289	0.00725105	0.00186442	0.000507384	0.259519	0.00703711	0.218939	0.0256376	0.0019841	0.00444889	0.00729074	0.00484822	0.00492713	0.0368026	0.399097	0.0012626	0.000360524
51	0.00857415	0.00178551	0.000591835	0.00372607	0.043646	0.00150867	0.00511723	0.149804	0.00371615	0.586828	0.100919	0.000604853	0.000240682	0.0103894	0.00691515	0.00358897	0.010501	0.0513746	0.000208812	0.00995892
52	0.0537507	0.0127928	0.00948321	0.0472929	0.00165334	0.00419527	0.0610957	0.00463074	0.129412	0.00658963	0.00402525	0.0369866	0.00219214	0.360752	0.143082	0.0765566	0.0264569	0.00798117	0.000875227	0.0101954
53	0.118817	0.00118253	0.00575648	0.136518	0.00832972	0.00607739	0.0150383	0.0517491	0.0575252	0.0801326	0.0162844	0.00619878	0.00209265	0.0304791	0.123556	0.103385	0.149361	0.0559486	0.00125595	0.0303124
54	0.00871149	0.00178704	0.000535896	0.00368793	0.0394962	0.00168977	0.00530998	0.143633	0.00382243	0.595228	0.102745	0.000671725	0.000387672	0.0110874	0.00674488	0.00389526	0.00944409	0.0522113	0.000203891	0.00870682
55	0.00859309	0.00179485	0.000545567	0.00372733	0.0429765	0.001501	0.00509023	0.146497	0.00370573	0.590636	0.101103	0.000586754	0.00024395	0.0104579	0.00676012	0.00371671	0.010423	0.0516652	0.000173028	0.00980245
56	0.303547	0.000968585	0.0342242	0.0938347	0.0019137	0.0298857	0.00322719	0.00357839	0.138304	0.00383256	0.00204224	0.0239634	0.00141079	0.0959682	0.0762489	0.133171	0.0345251	0.0157884	0.000769685	0.00279593
57	0.0570994	0.00389613	0.0147955	0.032331	0.000710685	0.00472671	0.0836731	0.00176203	0.0984001	0.00482813	0.00271938	0.0751111	0.00409083	0.26265	0.19722	0.105082	0.0190945	0.0102767	0.00066774	0.0208654
58	0.0419595	0.00162878	0.00511659	0.0136013	0.00479344	0.0442744	0.00639606	0.0560605	0.0332069	0.129595	0.0453386	0.0171391	0.00435816	0.0397315	0.0452958	0.139966	0.115894	0.0462487	0.141229	0.0681662
59	0.113443	0.00149997	0.0309428	0.0677648	0.0322091	0.00936722	0.0358692	0.0158651	0.109739	0.207694	0.0107741	0.0119745	0.0576866	0.026379	0.178664	0.0536249	0.0135604	0.0111648	0.00308092	0.00869619
60	0.00815247	0.00104299	0.0267728	0.0185811	0.00184034	0.00281131	0.0629809	0.00370342	0.36381	0.00676367	0.0028816	0.0917493	0.00162375	0.0293451	0.229134	0.0544917	0.0721511	0.0184545	0.00124282	0.0024665
61	0.0483236	0.00110985	0.00159891	0.0117184	0.00644022	0.00510467	0.00466028	0.235589	0.0093329	0.103383	0.0198665	0.00421531	0.00960832	0.00772604	0.0130689	0.0342334	0.0955614	0.378194	0.00265512	0.0076107
62	0.059302	0.00295606	0.194881	0.274836	0.000199386	0.00366795	0.0372839	0.00481782	0.0667899	0.00765862	0.00331772	0.046683	0.00261257	0.124785	0.0374392	0.0684628	0.0555139	0.00677404	0.000177711	0.0018425
63	0.0091453	0.00174678	0.000791348	0.00409126	0.0382476	0.00184656	0.00559452	0.14239	0.00409046	0.585303	0.106706	0.000801745	0.000373923	0.0142119	0.00837275	0.00465313	0.00998703	0.0526911	0.000505248	0.00845083
64	0.00651042	0.000217317	0.000727409	0.00109019	0.00729963	0.000511703	0.000631492	0.566674	0.00115285	0.0348835	0.017309	0.000847235	0.000373049	0.000987509	0.00804949	0.00109712	0.0148059	0.336109	0.000229158	0.000494217
65	0.0794103	0.0111319	0.0284032	0.012883	0.00219885	0.0184979	0.00426877	0.0152094	0.025776	0.017244	0.00593655	0.0508926	0.0730409	0.0118693	0.0150165	0.413154	0.158581	0.0346795	0.00187447	0.0199315
66	0.037755	0.00476877	0.0250151	0.0427486	0.0154076	0.0184763	0.0196001	0.0679794	0.0453609	0.0969306	0.0816626	0.0577972	0.0177576	0.032716	0.0551437	0.0693056	0.223143	0.063821	0.00829796	0.0163134
67	0.0261686	0.00183584	0.46319	0.0984501	0.00225664	0.0197691	0.0271815	0.00569527	0.0356742	0.0127526	0.00383466	0.135855	0.00447759	0.0387303	0.0312019	0.0568362	0.0218779	0.00843984	0.0019252	0.00384734
68	0.128445	0.00468037	0.0330837	0.0215037	0.00311352	0.257019	0.0115249	0.0116699	0.0225616	0.018941	0.00589839	0.0645768	0.0113012	0.0200954	0.0264711	0.250451	0.0726748	0.0245276	0.00250715	0.0089541
69	0.00632005	0.000837146	0.00367366	0.00624679	0.584615	0.00288471	0.0111164	0.0123758	0.00756797	0.057185	0.00939257	0.00984326	0.00155186	0.0042473	0.00597812	0.00655285	0.00684497	0.0100175	0.0272451	0.225504
70	0.00935194	0.00152241	0.0007511	0.00473639	0.0333325	0.00180954	0.00456966	0.202673	0.00503915	0.487574	0.081782	0.00108403	0.000930205	0.00973461	0.00773878	0.00466103	0.0147637	0.119712	0.000604528	0.00762945
71	0.00509072	0.000866815	0.00320964	0.00492107	0.0976015	0.00250083	0.138869	0.0034272	0.0162132	0.12261	0.0174234	0.00358747	0.00157448	0.0251711	0.0270428	0.00559992	0.00487921	0.00392613	0.0226459	0.49284
72	0.0913977	0.0113663	0.00801236	0.00899636	0.00183267	0.0197416	0.00370248	0.0109673	0.0284116	0.014446	0.00515489	0.0409781	0.0794333	0.00893048	0.0137338	0.455126	0.145702	0.0299372	0.00164325	0.0204868
73	0.0189562	0.00381043	0.0112667	0.0160391	0.00461588	0.0080166	0.00987998	0.0100793	0.053309	0.0872646	0.0470019	0.274246	0.00529259	0.0136237	0.0535699	0.0194078	0.33983	0.0136402	0.00338494	0.00676475
74	0.358935	0.00059335	0.0403628	0.0946255	0.00127674	0.0184398	0.00221956	0.00231031	0.152751	0.00356065	0.00188304	0.0244635	0.00114768	0.088733	0.0783677	0.0966496	0.0226599	0.0085833	0.000724384	0.00171351
75	0.00512737	0.00108337	0.0396799	0.327507	0.0154156	0.00260886	0.0157002	0.0782919	0.0593739	0.00487245	0.00295463	0.00417264	0.00201632	0.0179496	0.00671977	0.0061384	0.0561625	0.302988	0.00101454	0.0502225
76	0.0148881	0.00244184	0.00542982	0.0108543	0.0424155	0.00523605	0.00933822	0.139553	0.0118376	0.526916	0.0875577	0.00392	0.00434206	0.014105	0.0136209	0.0089902	0.0157362	0.0673323	0.00289007	0.0125955
77	0.00578148	0.000943346	0.0363751	0.262768	0.00137055	0.0231534	0.00465616	0.0404805	0.175308	0.00441108	0.0126888	0.0447401	0.00141839	0.163451	0.0418895	0.0519628	0.0802667	0.0455326	0.000817677	0.00198449
78	0.0313364	0.000572766	0.0145654	0.0632577	0.00150776	0.00185003	0.0510559	0.00991322	0.170442	0.0212471	0.0330555	0.0437844	0.00329714	0.110246	0.38093	0.0116482	0.0151532	0.021166	0.00947083	0.00549945
79	0.0136029	0.000664645	0.0552216	0.0178486	0.00146227	0.552789	0.0254589	0.010499	0.0231137	0.00759036	0.00184702	0.20979	0.00122616	0.032987	0.0268846	0.00475935	0.00850413	0.00320664	0.00070526	0.00183865
80	0.00907738	0.00176081	0.000704863	0.00373199	0.040086	0.00153894	0.00501317	0.159582	0.00375452	0.583923	0.0987825	0.000699921	0.000301384	0.0103844	0.00730466	0.00371642	0.0105565	0.0498402	0.000222791	0.00901896
81	0.00852596	0.00181469	0.000550796	0.00370987	0.0442411	0.00149621	0.00519112	0.147633	0.00367681	0.587265	0.101225	0.000608317	0.00024048	0.010442	0.00686868	0.00355119	0.0105169	0.0519243	0.000193075	0.0103248
82	0.0493076	0.00208764	0.129457	0.0881435	0.000338136	0.0324791	0.0782102	0.00253246	0.095773	0.00867151	0.000562665	0.141597	0.00217746	0.1166	0.109759	0.0889542	0.0502082	0.000749746	0.000173874	0.00221796
83	0.00620521	0.00123873	0.00388222	0.00632314	0.00205013	0.00283401	0.00434792	0.0163052	0.391228	0.00604622	0.00255891	0.00644839	0.00226736	0.0192352	0.505485	0.0071438	0.00663764	0.00573909	0.00141464	0.0026093
84	0.0430556	0.00308134	0.0372921	0.0519976	0.00784463	0.0142663	0.0300461	0.0214436	0.290307	0.0312961	0.0150914	0.0459025	0.0180317	0.0515751	0.19747	0.0468034	0.045669	0.033023	0.00555429	0.0102493
85	0.0459906	0.00162427	0.0410282	0.0213853	0.00363191	0.560135	0.017167	0.0111168	0.0253652	0.0142972	0.0046112	0.117966	0.00609888	0.0227711	0.0296306	0.0359863	0.0197038	0.0114025	0.00398403	0.00610444
86	0.0024539	0.000457425	0.00143688	0.00247431	0.59137	0.00116631	0.00800805	0.0087849	0.0024899	0.0506182	0.00844599	0.0060822	0.000863361	0.00208899	0.00279498	0.00255603	0.00246532	0.00701199	0.0275209	0.27091
87	0.048911	0.00311551	0.0261728	0.0860979	0.00830905	0.009856	0.0120656	0.0158842	0.0663743	0.0313777	0.0130855	0.0197047	0.46062	0.0168657	0.0367252	0.0527877	0.0506544	0.0243259	0.00426163	0.0128054
88	0.028234	0.000965169	0.068752	0.663289	0.00140098	0.00234588	0.0246473	0.0236871	0.0223159	0.0274832	0.00222224	0.0157116	0.00153318	0.0735293	0.00672504	0.0146309	0.00535425	0.014151	0.000882345	0.00213985
89	0.165645	0.00634181	0.039028	0.0351378	0.00445334	0.0302767	0.0143673	0.0144013	0.0309446	0.021732	0.00771447	0.0430346	0.0250072	0.0244658	0.0284589	0.363998	0.0937376	0.0344455	0.00349378	0.0133164
90	0.00248395	0.000438803	0.00146929	0.00247462	0.502671	0.00138552	0.0100716	0.0104024	0.00271149	0.0476537	0.0103146	0.00435678	0.00089147	0.00218462	0.00266425	0.00281136	0.00253199	0.00520909	0.0289682	0.358305
91	0.00671756	0.00045982	0.510361	0.033292	0.000673527	0.0234948	0.0239581	0.0013191	0.0331922	0.00352505	0.00141573	0.259334	0.000594713	0.0224128	0.0300702	0.040298	0.00566748	0.00161499	0.000531985	0.00106743
92	0.0133187	0.00149679	0.00706251	0.0136571	0.0160735	0.0311984	0.00647008	0.192815	0.0140109	0.0985818	0.140885	0.00967666	0.00290484	0.0562133	0.0873845	0.0702623	0.137624	0.0635008	0.0258171	0.0110467
93	0.272502	0.00101252	0.0151939	0.0179348	0.00189771	0.0456307	0.0152122	0.0032437	0.126047	0.0858247	0.0488784	0.014983	0.00216109	0.0470268	0.181431	0.108448	0.00500419	0.00399979	0.00111164	0.00245714
94	0.00852032	0.00178443	0.000611386	0.00400839	0.0457094	0.00164766	0.00538569	0.148406	0.0038391	0.581114	0.101498	0.000633237	0.000258208	0.0106331	0.0071129	0.00401882	0.0110783	0.0529681	0.000222854	0.0105506
95	0.0170218	0.000397479	0.00151144	0.00573109	0.00972106	0.00460624	0.00115349	0.238673	0.00821676	0.223947	0.031906	0.0041151	0.00639746	0.00803134	0.0084351	0.0116699	0.0410997	0.374579	0.0017607	0.00102692
96	0.049317	0.00208664	0.129232	0.087809	0.000338138	0.032535	0.0783049	0.00253157	0.09579	0.00867759	0.000561461	0.141791	0.00217428	0.116539	0.109948	0.0889827	0.0502494	0.00074313	0.000173998	0.00221565
97	0.0207008	0.00185987	0.00904879	0.0225046	0.158135	0.00670348	0.00830936	0.199799	0.017755	0.123912	0.025813	0.0090311	0.00545735	0.0133171	0.0160947	0.0222766	0.0404181	0.263007	0.00629988	0.0295566
98	0.00859057	0.00178918	0.000527326	0.00372004	0.0395065	0.00150612	0.00528013	0.143901	0.00377799	0.595173	0.101895	0.000592911	0.000262884	0.0110589	0.00672106	0.00381982	0.00955698	0.0533988	0.000170773	0.0087512
99	0.203418	0.00666878	0.0100896	0.0111756	0.000953615	0.0426197	0.00159803	0.00691133	0.0217689	0.0155525	0.00176806	0.0390992	0.0124442	0.0094425	0.01616	0.410123	0.131149	0.0454823	0.000377924	0.013198
100	0.119527	0.000486617	0.350975	0.187839	0.000923809	0.0253914	0.0304105	0.0016921	0.0611646	0.00271298	0.00751106	0.0681966	0.0234434	0.0162418	0.0322779	0.0397717	0.0218449	0.0019897	0.00649981	0.00110009
101	0.0137596	0.000181973	0.000602175	0.00358034	0.00762516	0.00180361	0.000525806	0.267248	0.00674902	0.210498	0.0251581	0.00194678	0.00425796	0.00697097	0.00488223	0.00472757	0.0358475	0.402053	0.00121388	0.000368549
102	0.0355867	0.00170856	0.0158081	0.0522213	0.00472327	0.00640317	0.0312846	0.0158119	0.258826	0.0547782	0.0158804	0.0578185	0.0105163	0.051813	0.240018	0.032394	0.0358156	0.0656636	0.0037839	0.00914519
103	0.364437	0.00239159	0.00814065	0.0164138	0.00122765	0.044719	0.00175555	0.00170945	0.00974895	0.0115522	0.00122532	0.0235734	0.00196026	0.00383038	0.0152431	0.428345	0.0444929	0.0153066	0.000569786	0.0033566
104	0.0801612	0.00163729	0.0253954	0.0175658	0.00326603	0.553958	0.0145122	0.00892303	0.0201136	0.0111014	0.00446664	0.139867	0.00355506	0.0200795	0.0424166	0.026226	0.0122521	0.00786681	0.00215483	0.00448058
105	0.0727707	0.0164284	0.0357945	0.153729	0.0129459	0.00333487	0.00349738	0.00374849	0.1931	0.005019	0.00247797	0.0153302	0.0164046	0.0295739	0.122704	0.128128	0.140212	0.0414411	0.00126798	0.00209092
106	0.212625	0.00142064	0.00445494	0.00802188	0.00253945	0.0134037	0.00442891	0.141438	0.0141514	0.0181535	0.0105263	0.00923133	0.0136077	0.0102382	0.023334	0.108947	0.0537266	0.327249	0.00142613	0.0210759
107	0.0553277	0.00608444	0.0246995	0.0493618	0.0119478	0.0146426	0.040073	0.0182256	0.0712755	0.0414342	0.0171912	0.0331151	0.223747	0.0347071	0.125692	0.0729961	0.0455146	0.0328824	0.00577302	0.0753099
108	0.0110156	0.000524881	0.00275994	0.011136	0.0145861	0.00321005	0.0020186	0.185429	0.0243973	0.208245	0.0193704	0.00275617	0.00328097	0.0121219	0.0188086	0.0139548	0.0530903	0.405492	0.00631509	0.00148659
109	0.0158769	0.00127426	0.0082152	0.0109931	0.311333	0.00500406	0.0389466	0.0154409	0.0140322	0.0605363	0.013934	0.0125918	0.0046183	0.0144504	0.0164722	0.0242053	0.0168631	0.0184467	0.0238226	0.372944
110	0.0166264	0.00117248	0.47822	0.0793782	0.00247964	0.0158908	0.0185047	0.00291402	0.0270702	0.0100551	0.00329171	0.140828	0.00743712	0.0243059	0.020353	0.106249	0.0356777	0.00649959	0.00111059	0.00193662
111	0.0526761	0.00389534	0.0656547	0.0902975	0.00893469	0.0163935	0.124455	0.0114453	0.0891053	0.0241947	0.00944742	0.068307	0.00813468	0.147727	0.121941	0.0767515	0.0389579	0.0182349	0.0027244	0.0207215
112	0.0105235	0.00156826	0.0301702	0.0870072	0.0920266	0.0199135	0.0193778	0.154998	0.0259673	0.128523	0.0597252	0.005086	0.00248537	0.0278738	0.0129564	0.0805261	0.0872954	0.143092	0.00294544	0.00793959
113	0.040474	0.0058637	0.00235449	0.0633893	0.0140792	0.00167458	0.0257309	0.130613	0.0145555	0.0631262	0.0147377	0.00855435	0.00598386	0.00867305	0.0113407	0.084573	0.264405	0.191972	0.0113496	0.0365503
114	0.0670412	0.0079589	0.0250398	0.0308145	0.0532777	0.0255108	0.030803	0.0204314	0.041497	0.0433788	0.0145548	0.0367138	0.0254547	0.0345092	0.045546	0.216537	0.0802389	0.0356581	0.0144285	0.150606
115	0.00693295	0.000423501	0.521448	0.0353161	0.000609153	0.02461	0.0254285	0.00122721	0.0333324	0.00251961	0.000906756	0.245339	0.000801924	0.024129	0.0288991	0.0422467	0.00282087	0.00162054	0.000441104	0.000947715
116	0.00614732	0.000379375	0.0012985	0.00185956	0.00562093	0.00110947	0.00117854	0.581179	0.00247118	0.0374934	0.0111109	0.00140361	0.00099494	0.00205898	0.0266834	0.00314361	0.00971369	0.30458	0.00034471	0.00122864
117	0.0137929	0.000168599	0.000569423	0.00371861	0.00725024	0.00186163	0.000507525	0.259303	0.00703776	0.219057	0.0256593	0.00198463	0.0044501	0.00729862	0.00483252	0.00492726	0.0368209	0.399137	0.00126229	0.000360426
118	0.0468984	0.00148932	0.030216	0.15913	0.00232919	0.00355825	0.00855659	0.00523066	0.0795746	0.0240642	0.0041446	0.0206197	0.502842	0.0115401	0.0331269	0.017689	0.0359986	0.00734003	0.00161446	0.00403726
119	0.035765	0.00634331	0.00230001	0.0650172	0.0139672	0.00162365	0.0259974	0.128051	0.015316	0.0654995	0.0146122	0.00770831	0.00648098	0.00805984	0.010404	0.0799119	0.266567	0.197612	0.0124261	0.0363381
120	0.00660267	0.000255629	0.000745659	0.00127841	0.00830477	0.000586295	0.000609136	0.547775	0.00131189	0.0390912	0.0170753	0.000870576	0.000421823	0.00112848	0.00828311	0.00125878	0.0143463	0.349306	0.00023723	0.000511804
121	0.0579749	0.00300981	0.191186	0.276114	0.000198146	0.00318865	0.0376247	0.00489776	0.0672139	0.00775132	0.00328907	0.0466264	0.00243014	0.126274	0.0376671	0.0692574	0.0563948	0.00689685	0.000129306	0.00187512
122	0.0573069	0.00402676	0.0143126	0.0317331	0.000726473	0.00453243	0.0826504	0.0016817	0.0984985	0.00469861	0.00248667	0.0745101	0.00392751	0.268054	0.194597	0.105793	0.0191144	0.0101449	0.000581687	0.0206228
123	0.212342	0.00433581	0.0322812	0.0604196	0.00843851	0.021372	0.0164051	0.021895	0.0524282	0.0316814	0.00974979	0.0288525	0.202197	0.0193979	0.0471845	0.108594	0.0575736	0.0497298	0.00384337	0.0112785
124	0.0259924	0.000962155	0.440592	0.09632	0.000995788	0.0219069	0.0279212	0.0027196	0.041812	0.00538874	0.00237027	0.184108	0.00399095	0.040721	0.033214	0.0485695	0.016152	0.00333057	0.00135078	0.00158233
125	0.00366912	0.000180825	0.000628473	0.00106238	0.0058577	0.000442439	0.000560528	0.655176	0.000957798	0.0418106	0.00878415	0.000686342	0.000343809	0.00085897	0.0067912	0.000956883	0.00718261	0.263489	0.000186623	0.000374407
126	0.0127856	0.000249863	0.000749983	0.00457499	0.00947042	0.00193707	0.000645555	0.239737	0.00988365	0.211712	0.0227543	0.00203097	0.00423583	0.00771568	0.00749607	0.00606212	0.0381447	0.417067	0.00226957	0.000477241
127	0.00761804	0.000189217	0.000594287	0.00226263	0.00643512	0.00107909	0.000533154	0.487036	0.00368302	0.128495	0.015256	0.00130187	0.00191842	0.00387064	0.00583001	0.00258647	0.0189473	0.311304	0.000607692	0.00045203
128	0.00952664	0.000192727	0.000641916	0.00243359	0.00918551	0.00116817	0.000519746	0.403635	0.00416818	0.145194	0.0190156	0.00143508	0.00237531	0.00431415	0.00538331	0.0029707	0.0236556	0.363065	0.00070927	0.000411095
129	0.045396	0.00203106	0.229141	0.354762	0.00254256	0.00926087	0.0295594	0.010736	0.0462925	0.0157513	0.00389871	0.0479517	0.0102876	0.0767547	0.0277461	0.0432823	0.0285107	0.0115027	0.00145556	0.00313711
130	0.043594	0.00303976	0.0405201	0.0195568	0.00245072	0.583642	0.0172343	0.0102052	0.0199823	0.0136643	0.00405975	0.120154	0.00458672	0.0238129	0.0254047	0.0342357	0.0161807	0.010157	0.00286902	0.00465052
131	0.00405267	0.000201929	0.000612508	0.00123356	0.00573501	0.000497903	0.000654095	0.636382	0.00133377	0.0597197	0.0101525	0.000751168	0.000562154	0.00134763	0.0069628	0.00115594	0.00826022	0.259679	0.000240795	0.000465075
132	0.0452973	0.00440649	0.059812	0.0501654	0.00839987	0.024787	0.0227304	0.0165337	0.055449	0.0412853	0.0200136	0.227712	0.0136893	0.0382822	0.055504	0.0973275	0.177149	0.0252285	0.00454087	0.0116873
133	0.0160762	0.000403708	0.000936292	0.00664691	0.00751941	0.00190026	0.00134383	0.266002	0.00752053	0.185463	0.0232636	0.00225195	0.00468868	0.00672904	0.00572825	0.00809165	0.0490045	0.403016	0.00168839	0.00172588
134	0.00917317	0.00158952	0.00173303	0.00643075	0.110304	0.00224505	0.00630917	0.126767	0.00585262	0.507036	0.0872294	0.0021252	0.000997181	0.010548	0.00828931	0.00554649	0.0112313	0.0501816	0.00426715	0.0421433
135	0.160362	0.00347832	0.0327584	0.155074	0.0153282	0.0129265	0.0228462	0.0183685	0.0763973	0.111343	0.0139722	0.0228788	0.00860028	0.123874	0.0835543	0.0566556	0.0372921	0.0283609	0.00471417	0.0112146
136	0.126263	0.00311269	0.0040913	0.00591196	0.00168097	0.0191336	0.00269324	0.0609211	0.0152504	0.038325	0.0102358	0.0403375	0.0612823	0.0194633	0.0296969	0.237404	0.204931	0.111323	0.00129462	0.00664823
137	0.0261383	0.000297811	0.00101662	0.00379608	0.00609093	0.00410713	0.000799932	0.240254	0.00740368	0.19571	0.0265342	0.00297777	0.0121108	0.00733023	0.00876289	0.0144362	0.0409093	0.399134	0.00121854	0.000971463
138	0.0974482	0.0166369	0.0103652	0.0100321	0.00194517	0.0226094	0.00363818	0.00989726	0.0236451	0.0141687	0.00407439	0.0562556	0.0503592	0.0100164	0.0145074	0.439172	0.151705	0.03285	0.00155529	0.029119
139	0.013412	0.000846479	0.477964	0.0512656	0.00101354	0.0259507	0.0275271	0.00392216	0.0360397	0.00514239	0.00221578	0.220316	0.00252747	0.030723	0.0322128	0.0499795	0.012821	0.00299277	0.00101288	0.00211501
140	0.00251451	0.000520218	0.00152992	0.0024871	0.618458	0.00120152	0.00721354	0.00813673	0.00250942	0.0554288	0.00787208	0.00450056	0.000893055	0.00212328	0.0028595	0.00263945	0.00238559	0.00765613	0.0285191	0.240551
141	0.00835041	0.0016454	0.00220006	0.00780493	0.0569272	0.00314844	0.00636118	0.151095	0.00546473	0.526832	0.101207	0.00103604	0.000439959	0.0122769	0.00916196	0.0104773	0.0191162	0.0621383	0.000635633	0.0136815
142	0.0277321	0.00119253	0.426061	0.103995	0.000984119	0.0203074	0.0286164	0.0027366	0.0426004	0.00637973	0.00276306	0.174069	0.00536472	0.0432806	0.0344823	0.051612	0.0207629	0.00388013	0.00124696	0.00193281
143	0.00254019	0.000512171	0.00158996	0.00247858	0.618662	0.00121151	0.00720625	0.00815152	0.00252296	0.0557485	0.00786956	0.00450647	0.000895927	0.00214579	0.0029173	0.00265555	0.00243103	0.00764704	0.0287394	0.239568
144	0.146438	0.00502114	0.00485083	0.0138654	0.00243032	0.0199132	0.00424181	0.0567565	0.0182911	0.0266716	0.00611172	0.0299616	0.0287818	0.0117868	0.0249561	0.30228	0.179411	0.104331	0.00174742	0.012153
145	0.00321497	0.000159737	0.000626158	0.00105203	0.0050431	0.000424667	0.000544289	0.672626	0.000952865	0.0423725	0.00708603	0.000654205	0.000267546	0.000847836	0.00687826	0.000931845	0.00598157	0.249785	0.000173912	0.00037729
146	0.00234046	0.000461111	0.00140703	0.00231546	0.537975	0.00108865	0.00887372	0.00965651	0.00260704	0.0475017	0.00926686	0.00426109	0.000817676	0.00198297	0.00265915	0.00265095	0.00238018	0.00619983	0.0277398	0.327815
147	0.0128974	0.000329417	0.000563069	0.00358957	0.011139	0.00169994	0.00104251	0.250208	0.00637354	0.259231	0.0348665	0.00181625	0.00392922	0.00761319	0.00491813	0.0046051	0.0329175	0.359797	0.00107582	0.00138752
148	0.039205	0.00465322	0.166049	0.046635	0.00653141	0.0183332	0.194576	0.010855	0.0659906	0.0232186	0.0109986	0.0788714	0.0106339	0.0675337	0.121652	0.0631437	0.0327674	0.0177247	0.00396788	0.0166597
149	0.32232	0.00508772	0.016395	0.017639	0.00164355	0.0767914	0.00468076	0.00584193	0.0148816	0.0136247	0.00307781	0.0255306	0.00545017	0.00936413	0.0192225	0.370048	0.0557033	0.0248885	0.00150503	0.00630462
150	0.11528	0.000475201	0.350225	0.190996	0.000892251	0.0246024	0.031773	0.00169184	0.0620464	0.00278863	0.00705338	0.067868	0.0251254	0.0162853	0.0317799	0.0392892	0.0217913	0.00211745	0.0067826	0.00113618
151	0.0484503	0.0216909	0.175783	0.00958655	0.022476	0.00434043	0.0847969	0.0247359	0.0109183	0.113096	0.0247318	0.0936444	0.00279698	0.0867536	0.0302476	0.030007	0.0683386	0.101847	0.00158526	0.0441742
152	0.0137654	0.000215395	0.000622042	0.00367664	0.00765397	0.00186574	0.000580883	0.267967	0.0067653	0.22569	0.0264157	0.00193175	0.00436229	0.00713444	0.00481422	0.00481136	0.0352321	0.384806	0.00118456	0.000505205
153	0.044425	0.00137316	0.00832583	0.354762	0.0360035	0.00365364	0.0340774	0.0215745	0.127802	0.05753	0.00534446	0.00877652	0.00248194	0.125053	0.138715	0.00925199	0.00856131	0.00722319	0.00133503	0.00372952
154	0.0494931	0.00207849	0.128253	0.0874979	0.000332283	0.0324269	0.078076	0.00251007	0.0964004	0.00879668	0.000604696	0.141301	0.00214514	0.116914	0.110014	0.0892319	0.0507112	0.000745257	0.000174539	0.00229375
155	0.0358452	0.00557588	0.0247925	0.0308053	0.0889017	0.0204823	0.0212335	0.0291571	0.0430141	0.0776604	0.0308621	0.0207644	0.0141846	0.0373853	0.0503221	0.0501035	0.04268	0.0360926	0.268202	0.071936
156	0.00230137	0.000430081	0.00146312	0.00228103	0.487266	0.00115405	0.0110181	0.0105281	0.00265932	0.0455961	0.0104281	0.0043913	0.000767877	0.00220009	0.00279152	0.00282676	0.0024437	0.00476791	0.0280654	0.37662
157	0.0137929	0.000168599	0.000569423	0.00371861	0.00725024	0.00186163	0.000507525	0.259303	0.00703776	0.219057	0.0256593	0.00198463	0.0044501	0.00729862	0.00483252	0.00492726	0.0368209	0.399137	0.00126229	0.000360426
158	0.0579749	0.00300981	0.191186	0.276114	0.000198146	0.00318865	0.0376247	0.00489776	0.0672139	0.00775132	0.00328907	0.0466264	0.00243014	0.126274	0.0376671	0.0692574	0.0563948	0.00689685	0.000129306	0.00187512
159	0.0412148	0.00328909	0.0267603	0.0495017	0.00807837	0.0150188	0.0319375	0.0209679	0.181705	0.0357569	0.0150013	0.0348743	0.0173767	0.0580747	0.345283	0.0420663	0.0313357	0.0252757	0.00453406	0.0119483
160	0.0057617	0.00086073	0.00326342	0.00912869	0.555186	0.0023722	0.0122583	0.0129062	0.00588087	0.0573749	0.00980763	0.0096572	0.00167848	0.00507286	0.00587297	0.0061818	0.00732207	0.0238945	0.0253474	0.240172
161	0.0362442	0.00116581	0.0404928	0.0853046	0.0244839	0.0256157	0.0628997	0.00503948	0.123102	0.278502	0.0488914	0.0390433	0.00518889	0.0891289	0.101861	0.010827	0.00763886	0.00581741	0.0027524	0.00600058
162	0.0915172	0.00195238	0.0145031	0.0663444	0.00336625	0.00392374	0.0539673	0.0218805	0.177143	0.0673184	0.0220324	0.0268411	0.00126939	0.0797507	0.134609	0.0999778	0.101441	0.0219368	0.000527155	0.00969802
163	0.00853582	0.00180314	0.000537796	0.00375852	0.0429714	0.0014936	0.00512798	0.146443	0.00370113	0.590709	0.101271	0.000574529	0.00023738	0.0105182	0.00680781	0.00357702	0.0101577	0.0517037	0.0001734	0.0098984
164	0.0203456	0.00278581	0.0116989	0.0180659	0.00607968	0.0102327	0.0103255	0.0170139	0.0975018	0.0765443	0.162382	0.0131152	0.00585661	0.171789	0.109139	0.0227238	0.0228686	0.0852368	0.0903827	0.0459128
165	0.056363	0.00289266	0.185678	0.272555	0.000227058	0.00379117	0.038066	0.00534083	0.0692555	0.0077205	0.00343764	0.0467816	0.0023537	0.130101	0.0387659	0.0695462	0.0578123	0.00732389	0.000134747	0.00185348
166	0.0465823	0.00211573	0.00592375	0.00950002	0.00412384	0.0977969	0.00506597	0.0647417	0.0162247	0.104668	0.0368215	0.0549178	0.012582	0.0363873	0.0396316	0.211084	0.174932	0.0473919	0.0103975	0.0191109
167	0.267284	0.00590312	0.00712324	0.0102001	0.000996305	0.0376949	0.00164825	0.00663068	0.0229284	0.0142178	0.00147152	0.0319338	0.0106286	0.00686698	0.0156714	0.386602	0.12154	0.0404432	0.000493267	0.00972166
168	0.0984948	0.00176463	0.0125127	0.199114	0.0777975	0.00610163	0.0264448	0.0172479	0.130341	0.0980111	0.00801807	0.0107013	0.0104092	0.0867677	0.144257	0.0302331	0.0189604	0.0150796	0.00195117	0.00579147
169	0.0785194	0.00175968	0.0352052	0.0412713	0.00100432	0.00781378	0.0639832	0.00687763	0.141711	0.0281749	0.0136887	0.0863277	0.00154241	0.125146	0.123712	0.12244	0.0994568	0.00746433	0.000688251	0.0132133
170	0.00641854	0.000378089	0.526975	0.0348351	0.000614969	0.0246283	0.0250442	0.00119882	0.0325837	0.00208696	0.000868062	0.246081	0.000563434	0.023316	0.0281004	0.041583	0.00193299	0.00139392	0.000443044	0.000954889
171	0.0478057	0.00311888	0.113068	0.208914	0.00256826	0.0088532	0.0275968	0.00449222	0.0725706	0.0103452	0.00316671	0.0313215	0.245638	0.0680087	0.0280713	0.0580389	0.0521807	0.00901331	0.00126889	0.0039599
172	0.049317	0.00208664	0.129232	0.087809	0.000338138	0.032535	0.0783049	0.00253157	0.09579	0.00867759	0.000561461	0.141791	0.00217428	0.116539	0.109948	0.0889827	0.0502494	0.00074313	0.000173998	0.00221565
173	0.355928	0.00273892	0.00928502	0.0149498	0.00108684	0.0490491	0.00172931	0.0019099	0.00986761	0.0108707	0.00123284	0.0244357	0.00210942	0.00394712	0.0137373	0.431112	0.045449	0.0162074	0.000681234	0.00367315
174	0.0022975	0.000420148	0.001434	0.00228642	0.483602	0.00115142	0.0117507	0.0106203	0.00265182	0.0458502	0.0105165	0.00436603	0.000757843	0.00210925	0.0028863	0.00282548	0.00244087	0.00472815	0.0280331	0.379272
175	0.00251513	0.000510054	0.00152181	0.00247791	0.618152	0.00119261	0.00722757	0.00818695	0.00250978	0.0548374	0.00785019	0.0044999	0.000867105	0.0021171	0.00285531	0.00262298	0.00241195	0.00755765	0.0284951	0.241591
176	0.054014	0.0020259	0.0171996	0.027937	0.00110024	0.0141706	0.189397	0.00339361	0.12743	0.00642329	0.00422911	0.0700747	0.0191771	0.100049	0.177062	0.105195	0.0132703	0.0195348	0.00084527	0.0474707
177	0.0479989	0.0020117	0.019241	0.0330592	0.00117568	0.0115519	0.192148	0.00369497	0.12828	0.00632484	0.00448813	0.068847	0.0261439	0.107214	0.176246	0.100225	0.013362	0.0193329	0.000785536	0.0378688
178	0.00234574	0.000403094	0.00148834	0.00234019	0.475797	0.00115323	0.0132393	0.0111905	0.00281271	0.0481465	0.0114687	0.00412078	0.000739046	0.0027084	0.00318491	0.00283615	0.00247645	0.00481984	0.0289371	0.379792
179	0.270003	0.00591401	0.00676555	0.00890834	0.000895159	0.0374158	0.00162212	0.0079701	0.0235085	0.015669	0.00136516	0.0289507	0.00972205	0.00691126	0.0166049	0.374392	0.130763	0.043244	0.000465091	0.00891037
180	0.0137648	0.000166836	0.000571711	0.00371825	0.00725943	0.00184999	0.000508673	0.261139	0.00700356	0.218138	0.0255749	0.00197493	0.00445288	0.00725467	0.00484243	0.0049153	0.0367303	0.398516	0.00125955	0.000359374
181	0.0384449	0.00323212	0.0243501	0.0333917	0.0962948	0.0207994	0.0182651	0.0264045	0.0429588	0.0736374	0.0299284	0.0218564	0.0131789	0.0365541	0.0466911	0.052725	0.0386599	0.033116	0.265767	0.0837443
182	0.049317	0.00208664	0.129232	0.087809	0.000338138	0.032535	0.0783049	0.00253157	0.09579	0.00867759	0.000561461	0.141791	0.00217428	0.116539	0.109948	0.0889827	0.0502494	0.00074313	0.000173998	0.00221565
183	0.0384951	0.00109527	0.119769	0.131709	0.00190935	0.0141139	0.00338322	0.00327187	0.0402322	0.00497129	0.0138075	0.0839016	0.00261117	0.0165635	0.100543	0.146527	0.268664	0.00499582	0.00123147	0.00220527
184	0.00625627	0.00020137	0.000718614	0.00111853	0.00692251	0.000511996	0.000610652	0.573515	0.00123763	0.0374954	0.0160646	0.000838297	0.000386949	0.00105353	0.00785789	0.00109507	0.0150341	0.328367	0.00025262	0.000462503
185	0.00928521	0.000517626	0.525153	0.0402089	0.000786094	0.0238531	0.0249624	0.00132183	0.0327719	0.00291072	0.00107637	0.235336	0.0014046	0.0237759	0.0276382	0.0420521	0.00312597	0.00192241	0.000550935	0.00134666
186	0.0545206	0.00166535	0.00883713	0.0622678	0.00506343	0.0659643	0.0293907	0.00555946	0.0947904	0.396334	0.00633928	0.00823148	0.00463929	0.0129146	0.121147	0.0115368	0.0094962	0.00707439	0.0238861	0.0703416
187	0.0824836	0.00163285	0.00550408	0.0452934	0.00311501	0.00406903	0.00532558	0.00509385	0.196746	0.0310817	0.0215316	0.00636121	0.218297	0.00729416	0.082817	0.00904946	0.0450881	0.223462	0.00165436	0.00409977
188	0.0395783	0.00476467	0.165922	0.0504801	0.0173715	0.0645973	0.0358544	0.0126566	0.0600296	0.0255216	0.0106762	0.223378	0.0100141	0.045519	0.0627272	0.0792725	0.0556364	0.0194231	0.00510511	0.0114722
189	0.019702	0.00226728	0.00607076	0.014718	0.10396	0.00937294	0.0242293	0.0851811	0.0184433	0.399654	0.0600704	0.00635084	0.00273116	0.0150591	0.0272421	0.0144529	0.020192	0.0361652	0.014781	0.119357
190	0.0345743	0.000435086	0.0148302	0.103105	0.00115548	0.00119816	0.0458406	0.0210605	0.142484	0.0268968	0.0253785	0.0511303	0.00729716	0.0989103	0.307498	0.0218647	0.0330003	0.0507875	0.0023312	0.0102212
