414	20
1	0.0315831	0.00803223	0.0106045	0.027273	0.0160884	0.0126349	0.0299134	0.0998141	0.144416	0.0660095	0.0663465	0.0464908	0.00438334	0.0447957	0.198492	0.0337826	0.0475022	0.0623761	0.00636997	0.0430925
2	0.0795596	0.00464557	0.0316256	0.0162954	0.00572322	0.04738	0.0488686	0.0199654	0.0861675	0.0409962	0.0409425	0.145921	0.0236821	0.0155526	0.0299003	0.147316	0.126031	0.0836536	0.00115101	0.00462253
3	0.0136417	0.00639313	0.00337742	0.0154322	0.00158268	0.0169623	0.00668425	0.0130293	0.389626	0.0161256	0.00742892	0.0679037	0.00525249	0.0399234	0.31366	0.0360851	0.0367988	0.00812104	0.000653187	0.00131886
4	0.0619766	0.00105162	0.339051	0.326205	0.010499	0.0560398	0.00970528	0.00538888	0.0205383	0.0098	0.00233565	0.0320533	0.00691281	0.0458661	0.0054475	0.0353848	0.00258019	0.0250171	0.000244693	0.00390257
5	0.0365953	0.00947969	0.00314461	0.00540893	0.039024	0.00293172	0.00217407	0.198239	0.0115677	0.291954	0.112166	0.00647105	0.00143009	0.0199345	0.00279775	0.0642569	0.0446713	0.145386	0.000577408	0.00178966
6	0.111742	0.00742138	0.0126048	0.0168218	0.0190138	0.013801	0.0156879	0.107733	0.0108246	0.0550053	0.010139	0.0215621	0.12302	0.0162246	0.0260823	0.143686	0.18241	0.0982203	0.00175077	0.00624894
7	0.158884	0.0121427	0.0250929	0.0393772	0.0124043	0.12753	0.0181308	0.0254387	0.0554733	0.0448941	0.0583456	0.0366481	0.00786126	0.0342363	0.0995441	0.0912332	0.0955588	0.0499898	0.00251437	0.00469978
8	0.0383151	0.0103572	0.00561225	0.0143224	0.00604978	0.0127503	0.00985147	0.0298353	0.341251	0.0311709	0.0367377	0.0393294	0.00250683	0.0537254	0.244278	0.0426984	0.0423855	0.0340265	0.00187223	0.00292473
9	0.047996	0.00547091	0.0156076	0.034478	0.0134587	0.0178185	0.0353769	0.0368685	0.169576	0.0724214	0.0576649	0.033798	0.00195045	0.082667	0.214037	0.0362658	0.0472919	0.0691408	0.00134596	0.00676504
10	0.04353	0.00157411	0.201829	0.250151	0.00798478	0.0824574	0.0395871	0.00835698	0.0361279	0.026626	0.028834	0.0979783	0.00300556	0.0489386	0.0421265	0.0333998	0.00974412	0.0347362	0.000601392	0.00241115
11	0.0587647	0.0013929	0.353943	0.302551	0.0154796	0.0532958	0.0109118	0.00687602	0.0205916	0.0123527	0.00286884	0.0357557	0.00690078	0.0430382	0.0064337	0.0340294	0.00389724	0.0255195	0.00119548	0.00420175
12	0.101793	0.00652678	0.00487334	0.00809662	0.0185933	0.0119709	0.00591102	0.0192857	0.0112199	0.0802699	0.00975635	0.0185118	0.00915244	0.0482876	0.00898618	0.323846	0.276213	0.0296676	0.00164478	0.00539396
13	0.261304	0.0289683	0.0753172	0.11585	0.0160604	0.0267159	0.023686	0.00558891	0.00858762	0.0335216	0.0115464	0.023783	0.0315043	0.0657618	0.0296759	0.158356	0.0425187	0.0387328	0.000528605	0.00199276
14	0.00794965	0.000682645	0.000756042	0.000998756	0.108526	0.00103277	0.000762653	0.10149	0.00271818	0.667462	0.0701355	0.00129698	0.000487417	0.00118193	0.00082296	0.00438347	0.00370788	0.0212258	0.000213408	0.00416643
15	0.0225474	0.0113794	0.0194585	0.0238492	0.0597666	0.00447275	0.378165	0.0304487	0.0160836	0.107738	0.016558	0.0311801	0.00441755	0.0841909	0.0297969	0.0295429	0.0298663	0.0338692	0.00185236	0.0648164
16	0.201733	0.0249753	0.00324441	0.00535967	0.0428569	0.0608678	0.00444355	0.0602579	0.00547137	0.151457	0.0350763	0.0345238	0.00896737	0.00567398	0.0257063	0.154801	0.106013	0.0609472	0.00287095	0.00475286
17	0.498995	0.0123256	0.00362018	0.00741753	0.00732312	0.0345756	0.00372616	0.039335	0.00550737	0.0461077	0.00916987	0.00765451	0.0153422	0.00560877	0.00772005	0.130575	0.0459547	0.116332	0.000911384	0.00179873
18	0.185649	0.00934953	0.00147103	0.00282732	0.00953517	0.0323919	0.00258149	0.159683	0.00236825	0.0785978	0.0234016	0.00305488	0.00254372	0.00235378	0.00339966	0.0463885	0.0281662	0.403518	0.00156232	0.00115665
19	0.0498031	0.0130262	0.0152602	0.044015	0.0111758	0.0512844	0.0651597	0.0155157	0.122779	0.0128898	0.0129033	0.0660819	0.00432625	0.0909943	0.317928	0.0429606	0.0337468	0.0160614	0.000631526	0.0134572
20	0.162522	0.0118103	0.0615843	0.0997911	0.00382586	0.0627367	0.0331533	0.0129998	0.0365394	0.0254487	0.0103682	0.0427033	0.0061925	0.0456656	0.0849413	0.191475	0.071309	0.033785	0.000224878	0.00292367
21	0.0526747	0.0105619	0.0565405	0.011851	0.00614397	0.804144	0.00185137	0.00216578	0.00125747	0.00721716	0.0016833	0.016387	0.00057694	0.00624531	0.00130366	0.0126281	0.00298433	0.00271541	0.000395397	0.000672351
22	0.0260288	0.00722657	0.233037	0.0625459	0.00378716	0.0185357	0.0248324	0.00869315	0.0581272	0.0241706	0.00567574	0.348742	0.00236132	0.0470439	0.0123689	0.0745321	0.0169862	0.0200598	0.000871215	0.0043746
23	0.191105	0.0303707	0.00385574	0.0077815	0.0818082	0.014345	0.0062517	0.0348592	0.0303941	0.224231	0.0720644	0.00864611	0.00274122	0.0102032	0.00823008	0.0281466	0.0462084	0.19197	0.00159518	0.00519367
24	0.120829	0.00422412	0.0910369	0.177312	0.0043233	0.145431	0.00750842	0.00538007	0.0158538	0.0283199	0.00903608	0.0278232	0.0273424	0.0425441	0.012243	0.145576	0.0518229	0.0799102	0.00118221	0.00230166
25	0.179801	0.0108798	0.059379	0.0963445	0.00410752	0.0634477	0.0321489	0.0136159	0.0384912	0.028031	0.0104672	0.0418346	0.00663517	0.045276	0.0837326	0.179265	0.0665832	0.03709	0.000230492	0.00263985
26	0.130029	0.00546007	0.00090762	0.00267887	0.00813652	0.0227912	0.00504885	0.123764	0.00271476	0.120185	0.0313448	0.00208443	0.00107161	0.00199356	0.00437919	0.0235845	0.0268194	0.482414	0.00210112	0.00249143
27	0.0500286	0.00666179	0.00374662	0.012894	0.00774013	0.0169535	0.0157602	0.0189701	0.264701	0.0408494	0.0509317	0.0319355	0.00114366	0.0883704	0.259055	0.0433296	0.0410812	0.0434195	0.00108325	0.00134509
28	0.159043	0.00314511	0.00611899	0.042356	0.0064639	0.00974364	0.00646741	0.0236439	0.0587281	0.0217128	0.0074213	0.0119098	0.149282	0.118761	0.0288714	0.0873662	0.189194	0.064587	0.00146655	0.00371827
29	0.0242555	0.00691407	0.0109231	0.00611075	0.0077031	0.0195514	0.0138443	0.0126376	0.0162179	0.0106163	0.00884217	0.57277	0.00384006	0.0165626	0.0109751	0.105137	0.134478	0.0125059	0.00128063	0.00483407
30	0.0232237	0.0041023	0.0810759	0.126154	0.0128116	0.0167444	0.142114	0.013163	0.0228338	0.102322	0.0125374	0.0907332	0.00288106	0.166415	0.0296241	0.0644729	0.0526448	0.0227335	0.00283632	0.0105764
31	0.262697	0.0308246	0.0781167	0.111604	0.0183323	0.0242038	0.022047	0.005922	0.00819926	0.0353603	0.0134562	0.021406	0.032746	0.0644099	0.0265245	0.157375	0.0414776	0.0427864	0.000553139	0.00195765
32	0.0526747	0.0105619	0.0565405	0.011851	0.00614397	0.804144	0.00185137	0.00216578	0.00125747	0.00721716	0.0016833	0.016387	0.00057694	0.00624531	0.00130366	0.0126281	0.00298433	0.00271541	0.000395397	0.000672351
33	0.202984	0.0266428	0.117525	0.193175	0.0127287	0.0366491	0.0203691	0.0094098	0.0145864	0.0290389	0.00976843	0.0241894	0.0196599	0.0533596	0.0288238	0.122916	0.0384713	0.0359269	0.000720566	0.00305598
34	0.0600363	0.00814656	0.0192124	0.0151765	0.0117234	0.0315992	0.0231148	0.0305003	0.0328583	0.0234668	0.0147749	0.202734	0.00751418	0.0362931	0.0282173	0.174272	0.242801	0.030655	0.00136974	0.00553446
35	0.615402	0.00110298	0.00162784	0.00373546	0.00119664	0.0166656	0.00110315	0.0102263	0.00172671	0.00313687	0.00617899	0.00212509	0.155305	0.0023038	0.00196349	0.0782395	0.0390909	0.0579663	0.000241175	0.000662142
36	0.00801441	0.000671337	0.00072482	0.000975235	0.102514	0.000981892	0.000741612	0.0957648	0.00263918	0.678398	0.066113	0.00128666	0.000467467	0.00126578	0.000867048	0.00441773	0.00405009	0.025907	0.000208002	0.00399164
37	0.0119401	0.0226539	0.00199521	0.0036483	0.437953	0.0026363	0.0154511	0.0473355	0.00532192	0.105193	0.0115774	0.00366421	0.00120347	0.00321027	0.00205064	0.0237161	0.00629711	0.0263922	0.00729049	0.26047
38	0.0784071	0.00136094	0.00113493	0.00348066	0.00638996	0.00763055	0.00123312	0.284788	0.00139567	0.0518739	0.0394217	0.0033551	0.00343727	0.00125155	0.00140755	0.0250746	0.0674489	0.417789	0.00257117	0.000548815
39	0.673347	0.00855935	0.000860403	0.00553405	0.0008385	0.0383865	0.000672291	0.00362261	0.00189684	0.00414623	0.0016594	0.00291846	0.0121357	0.00134805	0.000814538	0.176386	0.0396709	0.0264117	0.000259763	0.000531218
40	0.663778	0.00833568	0.00123147	0.00512129	0.00150665	0.0334045	0.00132132	0.00637198	0.00270184	0.00690197	0.00250001	0.00341385	0.0124774	0.00179147	0.00176192	0.164232	0.0370889	0.0447986	0.000376151	0.000884983
41	0.0660565	0.00142588	0.315366	0.371147	0.0106521	0.0555275	0.00753738	0.00529453	0.0187349	0.00964178	0.00189974	0.0135576	0.00726919	0.0459889	0.00521162	0.0339368	0.00215159	0.0244204	0.000220997	0.00395927
42	0.0378815	0.0259783	0.0141798	0.0477558	0.0133366	0.0322601	0.0724427	0.0193918	0.16427	0.00751044	0.00679295	0.110153	0.003098	0.0989045	0.223007	0.0506431	0.0387203	0.00845218	0.000556731	0.0246647
43	0.0515899	0.0103117	0.0578695	0.0123415	0.00629268	0.778995	0.00313688	0.0027396	0.00201864	0.0076534	0.00297104	0.0246012	0.000877062	0.00750345	0.00227221	0.0183677	0.00540311	0.00376026	0.0004922	0.000802495
44	0.0315284	0.00472576	0.0475824	0.0115305	0.054576	0.0030602	0.397988	0.0186917	0.0117393	0.0384193	0.00327841	0.065077	0.00187495	0.0532936	0.0363577	0.0501685	0.0252021	0.0121987	0.00113101	0.131577
45	0.0661145	0.0009707	0.324376	0.349313	0.0114688	0.059052	0.00772576	0.00586636	0.0193626	0.0108295	0.00185035	0.0139637	0.00760906	0.0455544	0.00549598	0.0358963	0.0023232	0.0273614	0.00026811	0.00459785
46	0.0439848	0.000427203	0.000357776	0.00342377	0.00671549	0.00161458	0.000478853	0.305111	0.000713768	0.0316877	0.0505902	0.00347994	0.000309668	0.000679362	0.000745036	0.00597649	0.0256602	0.514196	0.00353923	0.000309081
47	0.0154835	0.00135068	0.000626975	0.00188173	0.0458829	0.00285949	0.00105589	0.186736	0.00209186	0.26447	0.0499421	0.0022604	0.000576554	0.00244462	0.00146873	0.00779184	0.0162477	0.391231	0.00164536	0.00395244
48	0.0919882	0.0161495	0.0188836	0.0385571	0.00589557	0.0335599	0.0245429	0.0223402	0.204262	0.0280193	0.0270222	0.0453924	0.00176107	0.0548729	0.194051	0.105526	0.044832	0.0386801	0.00118277	0.00248044
49	0.0191968	0.00437801	0.0757386	0.137095	0.0711071	0.0123204	0.0548646	0.086449	0.0550851	0.0847809	0.0160211	0.113505	0.00403871	0.0250899	0.0457551	0.0180451	0.0233192	0.0554025	0.0159755	0.0818325
50	0.00793522	0.000691262	0.000754476	0.000989374	0.107762	0.00104159	0.000769611	0.102822	0.00270193	0.664768	0.0712697	0.00129208	0.000486743	0.00115091	0.000838147	0.00442558	0.00384057	0.0221344	0.000208747	0.00411857
51	0.0052766	0.000419486	0.000424024	0.000701657	0.0167931	0.00113679	0.000434214	0.345647	0.000520696	0.274142	0.0699293	0.00163595	0.000364403	0.00440613	0.000473628	0.00890351	0.0256033	0.242558	0.000304927	0.000325321
52	0.0191638	0.0103536	0.0215113	0.0879159	0.00317084	0.0248519	0.0270944	0.00757665	0.291532	0.0127647	0.0097033	0.0867032	0.0147333	0.117898	0.186055	0.0290168	0.041377	0.00288831	0.000272571	0.00541682
53	0.202926	0.0112923	0.00100695	0.00187786	0.0113732	0.04559	0.00133138	0.159459	0.00181799	0.110824	0.0198993	0.00222962	0.0017731	0.00161953	0.00264355	0.0414733	0.0325662	0.348392	0.00112857	0.000776893
54	0.214765	0.0442596	0.00562363	0.0624114	0.0100059	0.081808	0.00455992	0.00743337	0.0303274	0.00922659	0.04024	0.00941649	0.00459288	0.00621891	0.00664023	0.312871	0.108757	0.0364462	0.00187222	0.00252314
55	0.0360659	0.00581615	0.00183481	0.0209254	0.0239471	0.00224985	0.0402878	0.124417	0.0650839	0.219716	0.0568631	0.00271569	0.00126132	0.0605298	0.0855628	0.0280994	0.0844775	0.12597	0.0011857	0.0129907
56	0.0474307	0.00687347	0.00396992	0.0122066	0.00730548	0.0124626	0.0100852	0.0175818	0.302821	0.0420862	0.0448202	0.0299098	0.0012484	0.0785107	0.246188	0.0362708	0.0508205	0.047029	0.001069	0.00131103
57	0.38947	0.0115546	0.0107138	0.0207759	0.00728203	0.035465	0.00798199	0.0249417	0.014595	0.0236164	0.0107781	0.0491862	0.0142338	0.0137223	0.0183404	0.201969	0.106295	0.03498	0.00109011	0.00300921
58	0.0140101	0.00572276	0.00379749	0.0202272	0.00190264	0.0180667	0.00725418	0.012876	0.346049	0.0276639	0.00977035	0.0683978	0.00496562	0.0665509	0.305715	0.0394814	0.0377722	0.00767569	0.000479489	0.00162197
59	0.18677	0.00721803	0.0168283	0.0103812	0.00853628	0.0115486	0.0399426	0.12914	0.00687155	0.0713106	0.0210361	0.0957211	0.0177248	0.0127583	0.00919175	0.153722	0.0719244	0.125134	0.00138407	0.0028553
60	0.05141	0.00949672	0.0707599	0.0207308	0.0066234	0.710773	0.00468732	0.00364686	0.00362998	0.00945724	0.00335609	0.0339786	0.00193157	0.0141529	0.00438719	0.0331602	0.00885714	0.00761854	0.000499558	0.000842764
61	0.00996565	0.0246572	0.00170852	0.00264102	0.483948	0.00196301	0.00868018	0.0457438	0.00614485	0.126923	0.0156825	0.0024625	0.000954309	0.0026805	0.00170097	0.0177256	0.00436953	0.0220392	0.00811221	0.211897
62	0.0424838	0.00211926	0.365352	0.0999377	0.00425201	0.0532968	0.0256958	0.00537682	0.0282773	0.0106619	0.00646577	0.245228	0.00202814	0.0229058	0.00536277	0.0457316	0.0135528	0.0183347	0.000968389	0.00196861
63	0.618669	0.0010855	0.00162984	0.00368562	0.00114829	0.0164632	0.00109565	0.0102355	0.00174153	0.00315262	0.00581587	0.0021364	0.151686	0.00237296	0.00212097	0.0781002	0.0398992	0.0581071	0.000230989	0.000622922
64	0.00796131	0.00530893	0.000978253	0.00145595	0.190554	0.00121154	0.00169713	0.0852097	0.00457771	0.576388	0.0626547	0.00155751	0.000635744	0.00155546	0.00107528	0.00561911	0.00370259	0.0205407	0.00128705	0.0260293
65	0.0318911	0.00678076	0.0325977	0.037097	0.024994	0.0143991	0.402385	0.0237559	0.0313718	0.0392607	0.00880624	0.0603029	0.00561295	0.0705516	0.0460115	0.0450279	0.0325174	0.026081	0.00158863	0.0589663
66	0.0110947	0.000384957	0.000413204	0.00142396	0.0124061	0.00167423	0.000472116	0.319731	0.000626888	0.181438	0.0568953	0.0021857	0.000251309	0.00283165	0.000593587	0.00710322	0.0232792	0.375501	0.00138698	0.000306652
67	0.56969	0.00936185	0.00894574	0.0144274	0.0044793	0.039899	0.00397017	0.0194976	0.00964271	0.017509	0.00803846	0.00830414	0.03312	0.00783698	0.00940697	0.128181	0.0445313	0.0603051	0.00106911	0.00178472
68	0.546243	0.0283153	0.0023729	0.00804426	0.00845054	0.0429373	0.00207983	0.0214114	0.00435441	0.0193755	0.00518495	0.00476859	0.0137095	0.00379796	0.00402864	0.147141	0.0552696	0.0784478	0.00159082	0.00247679
69	0.0502385	0.0191482	0.00646513	0.0132126	0.00428473	0.0113847	0.00683907	0.0255657	0.395573	0.0216743	0.023433	0.0451239	0.00117013	0.0364588	0.218339	0.0601558	0.0275216	0.0295946	0.00203544	0.00178208
70	0.0194224	0.00600529	0.022382	0.0771387	0.00457395	0.0335445	0.0253884	0.0113211	0.236212	0.0454053	0.0155241	0.093454	0.00591512	0.142623	0.181378	0.0334951	0.0288485	0.0126571	0.000302942	0.00440933
71	0.0547082	0.00980236	0.0743705	0.0305376	0.00648649	0.73715	0.00377586	0.00273823	0.00351201	0.00790151	0.00296936	0.0220515	0.000981822	0.0100089	0.00427857	0.017953	0.00435615	0.00510518	0.000381772	0.000930715
72	0.0192218	0.0159837	0.0354941	0.0425215	0.0189651	0.0166673	0.26267	0.0166255	0.0726466	0.0167527	0.00395315	0.115896	0.00156264	0.0940825	0.124484	0.045612	0.0300987	0.00928254	0.00165707	0.0558221
73	0.0345931	0.00724925	0.00220559	0.0264444	0.0243907	0.00242122	0.0430729	0.102961	0.063979	0.231699	0.0549293	0.00318907	0.000854354	0.0572203	0.0910415	0.0208121	0.0832364	0.13202	0.00127607	0.0164047
74	0.0662489	0.000946941	0.326374	0.350178	0.0111477	0.0587742	0.00780298	0.00538176	0.0196996	0.00999803	0.00181931	0.0141817	0.00767879	0.0462496	0.00545612	0.0359061	0.0020677	0.025697	0.000225322	0.00416636
75	0.0497949	0.000449086	0.000374409	0.00399352	0.00642046	0.00132457	0.000564386	0.335669	0.000744919	0.0224562	0.0534156	0.0041968	0.00033854	0.000777955	0.000792345	0.00640221	0.0291344	0.479332	0.00347508	0.000342804
76	0.0561115	0.00183182	0.000983104	0.00329775	0.00772473	0.00797989	0.00666648	0.14872	0.0029223	0.125084	0.0407963	0.0026296	0.000919144	0.00197771	0.00539755	0.0105242	0.0343121	0.535329	0.00351057	0.00328149
77	0.02032	0.0100595	0.0231518	0.0897043	0.00301605	0.0227598	0.025312	0.00736825	0.300934	0.0125817	0.00878958	0.0836924	0.0137485	0.113047	0.186863	0.0282969	0.0419622	0.00298706	0.000299677	0.00510544
78	0.075417	0.00458689	0.0574478	0.154208	0.00951507	0.0091673	0.00688012	0.163116	0.0627871	0.187842	0.0171348	0.00929425	0.00378988	0.0114464	0.0108091	0.0193877	0.0182037	0.170108	0.00372889	0.0051301
79	0.00804073	0.000698597	0.000796401	0.0010026	0.107917	0.00103259	0.000784334	0.103485	0.00294072	0.663188	0.0705509	0.00133144	0.000492646	0.00134115	0.00089695	0.0047308	0.00393939	0.0224002	0.000212129	0.00421778
80	0.00942556	0.00107159	0.000786386	0.00110747	0.106721	0.0010991	0.000798081	0.103484	0.00287378	0.656451	0.072171	0.00152	0.000508672	0.00160125	0.000866815	0.00584168	0.00516012	0.0241144	0.000234167	0.00416357
81	0.0543061	0.00152963	0.0922029	0.170862	0.00948997	0.0643188	0.0482839	0.0116642	0.0674122	0.0525773	0.0346616	0.0971578	0.000824571	0.076728	0.103891	0.0445551	0.0142634	0.0534262	0.000311418	0.00153398
82	0.0116114	0.00333746	0.0766847	0.111079	0.0768415	0.00786215	0.0693554	0.0783958	0.0350502	0.0873245	0.011086	0.181942	0.00326378	0.021892	0.0400367	0.0171904	0.0216654	0.0447326	0.0361186	0.0645308
83	0.127994	0.00371336	0.00535871	0.0163955	0.0147522	0.0125919	0.0136462	0.0439817	0.0104867	0.0491078	0.00441522	0.00862202	0.298902	0.0292967	0.0515569	0.156107	0.0862666	0.0588299	0.000886108	0.00708894
84	0.141472	0.00672711	0.0767955	0.179133	0.0046144	0.114738	0.0133726	0.00616247	0.0145239	0.0315445	0.0127113	0.0345897	0.0221868	0.0572285	0.0241676	0.146891	0.0594099	0.0505657	0.000671741	0.00249563
85	0.0285976	0.00635126	0.00240484	0.0027597	0.0618533	0.00253948	0.00233087	0.155253	0.00822696	0.436452	0.0868288	0.00460461	0.00134481	0.0111989	0.00271872	0.0399869	0.035682	0.108157	0.000272237	0.0024362
86	0.362477	0.0524136	0.00186008	0.00476768	0.0132768	0.0678777	0.00219675	0.0650883	0.00573853	0.0460492	0.0105062	0.00630967	0.0035229	0.00396691	0.00453489	0.126157	0.0499443	0.166616	0.0033613	0.00333466
87	0.0350752	0.00486998	0.00235838	0.0192098	0.0228576	0.00407295	0.0396205	0.0922415	0.0995814	0.194385	0.0621491	0.00507493	0.000919377	0.073755	0.119654	0.0275463	0.0762276	0.10803	0.00100447	0.0113673
88	0.101532	0.0132988	0.00525521	0.00516022	0.0321063	0.0167247	0.00519139	0.160486	0.00648119	0.167074	0.0467239	0.0123356	0.0126985	0.00954661	0.00622074	0.103205	0.132444	0.15931	0.00149755	0.00270838
89	0.0282641	0.0664442	0.00545835	0.0397362	0.270436	0.0105204	0.037559	0.0518192	0.00728948	0.0654812	0.0153453	0.0115634	0.00417772	0.0125049	0.00667935	0.109445	0.0830942	0.156233	0.00348038	0.0144688
90	0.0692995	0.00326395	0.322626	0.074933	0.00487865	0.0586397	0.0209783	0.00647336	0.0285101	0.0114	0.00650733	0.244376	0.00269111	0.0219662	0.01098	0.0692008	0.0214792	0.0181427	0.000926967	0.00272738
91	0.0847871	0.00311721	0.00299383	0.00728286	0.0275964	0.00846484	0.027225	0.0429915	0.00579832	0.0733595	0.00472741	0.00653188	0.257726	0.0533274	0.0231571	0.264273	0.0342457	0.0650069	0.00122511	0.00616309
92	0.175601	0.0141015	0.00309429	0.00526902	0.0194532	0.0389747	0.00329947	0.0470899	0.00803284	0.13205	0.0144548	0.0132004	0.00544985	0.00807849	0.00993105	0.27173	0.13407	0.0890257	0.00206036	0.00503384
93	0.0281012	0.0250044	0.0123967	0.034485	0.00373126	0.0146455	0.0121383	0.0159098	0.35983	0.0209593	0.0127939	0.128638	0.00423901	0.0538767	0.171723	0.0495717	0.0343518	0.0132374	0.00115427	0.00321258
94	0.113977	0.00319846	0.00188899	0.00332891	0.0159372	0.00426992	0.0019913	0.0237199	0.00399464	0.0109644	0.00683942	0.00651418	0.00270629	0.00581997	0.0023753	0.245894	0.502594	0.0406059	0.000627899	0.00275233
95	0.0980633	0.00462065	0.00382372	0.0051855	0.0210183	0.00881856	0.00403989	0.0223907	0.00614711	0.0167016	0.0100487	0.0166117	0.00382104	0.0106034	0.00491405	0.27379	0.451969	0.033284	0.000910957	0.00323793
96	0.59189	0.0029243	0.00176124	0.00577722	0.00199574	0.0271634	0.00150702	0.0133406	0.00302008	0.00765856	0.00557188	0.00309695	0.128107	0.0033238	0.00454667	0.0901762	0.0422441	0.0647298	0.000276174	0.000888787
97	0.0178291	0.00149458	0.00143608	0.00300146	0.0268135	0.00354792	0.00203473	0.25941	0.00296618	0.355879	0.0593737	0.00229454	0.00072054	0.00579508	0.00268203	0.0129697	0.0252802	0.21434	0.001001	0.00113047
98	0.0136189	0.00381868	0.0619094	0.0902517	0.0352561	0.00957525	0.0938029	0.0902484	0.0419404	0.0515775	0.0139434	0.163762	0.0034916	0.0248329	0.0535638	0.0192002	0.0264625	0.0884273	0.0168267	0.0974903
99	0.0798626	0.00563323	0.00225988	0.0032219	0.0392591	0.00629271	0.00273044	0.0212118	0.00395023	0.0167917	0.00993757	0.0104682	0.00248931	0.00662691	0.00297954	0.297628	0.455883	0.0286656	0.000875448	0.00323337
100	0.586792	0.00941452	0.00656726	0.0118058	0.00583417	0.0399774	0.00376834	0.0164384	0.00621595	0.0153082	0.00605302	0.0107435	0.0321872	0.00620728	0.00712045	0.136943	0.050924	0.0443473	0.000653518	0.00269822
101	0.65398	0.00920963	0.0011525	0.00672047	0.0014056	0.0390179	0.00110961	0.00404603	0.00301767	0.00505611	0.00201702	0.00371732	0.0094015	0.00150565	0.00170213	0.186591	0.0429072	0.0257637	0.000519509	0.0011595
102	0.26494	0.00333254	0.00551228	0.00546628	0.00601298	0.00752068	0.0114754	0.154585	0.00499099	0.0409698	0.0436016	0.0815094	0.00428523	0.0230958	0.00455842	0.138385	0.134906	0.060959	0.000962922	0.00293019
103	0.0245211	0.00654025	0.00519727	0.0316837	0.00369401	0.0189794	0.00840157	0.0145841	0.32397	0.0532466	0.026271	0.0560763	0.00303382	0.121269	0.21213	0.0348283	0.0353298	0.0183492	0.000581985	0.00131238
104	0.0511946	0.0101803	0.0724614	0.0145197	0.00607963	0.771997	0.00248283	0.00234928	0.00206623	0.00734576	0.00213449	0.0246524	0.000628905	0.00743629	0.00176323	0.0149694	0.00326789	0.00334066	0.000431037	0.000699103
105	0.0207627	0.00873663	0.0274793	0.0274268	0.0277135	0.0106185	0.392516	0.0192348	0.0375909	0.0282544	0.00439472	0.0732586	0.00196153	0.0747921	0.0809316	0.0373803	0.0241025	0.0136493	0.00246483	0.0867309
106	0.119132	0.0025212	0.00223986	0.00253501	0.0100457	0.0217238	0.00257281	0.208618	0.0023818	0.144697	0.0300539	0.0040315	0.010386	0.00255458	0.00257612	0.0506243	0.164544	0.217011	0.000692102	0.00105993
107	0.0659259	0.000933703	0.328006	0.349095	0.0110676	0.0587348	0.00787903	0.00536158	0.0195881	0.00989256	0.00186534	0.014743	0.00758824	0.046201	0.00539653	0.0358814	0.00205233	0.0254068	0.000225558	0.00415546
108	0.0401163	0.000418339	0.00036343	0.00333231	0.00743907	0.00149039	0.000494005	0.304875	0.000745862	0.0397044	0.0507737	0.00348105	0.000296471	0.000846001	0.000750228	0.00592895	0.0246622	0.51063	0.003328	0.000324287
109	0.0420091	0.00127332	0.00081616	0.0032811	0.010084	0.00501907	0.0012939	0.268981	0.00166699	0.0904548	0.0485403	0.00355228	0.00101917	0.00209342	0.00163297	0.0106194	0.0256258	0.478813	0.00262007	0.000603915
110	0.0179599	0.0192262	0.0441434	0.0651783	0.00767023	0.0181914	0.077176	0.021746	0.127417	0.0142436	0.00734762	0.247014	0.00352455	0.0816348	0.121516	0.0571704	0.0350666	0.0115533	0.00145096	0.0207694
111	0.0742928	0.00835193	0.00741044	0.0540985	0.057046	0.0100594	0.0146835	0.0271222	0.0144443	0.28793	0.0537825	0.0507327	0.00490337	0.088189	0.0146993	0.0624391	0.0647506	0.029942	0.00230649	0.0728155
112	0.0109048	0.00137574	0.0012343	0.00166104	0.0641792	0.00148213	0.00154777	0.203891	0.00415168	0.47875	0.075619	0.00215053	0.000624224	0.00504472	0.00264366	0.0118665	0.0182807	0.111678	0.000224033	0.00269123
113	0.0290615	0.00313103	0.00414953	0.00648383	0.0802297	0.00522074	0.00529439	0.122236	0.00700956	0.527163	0.0564964	0.00782959	0.00226092	0.00693913	0.00559506	0.0197402	0.0197121	0.0797177	0.000831104	0.0108982
114	0.0658144	0.000928186	0.324458	0.338085	0.0106097	0.0583038	0.00909346	0.00543219	0.021805	0.0103621	0.00249036	0.0227537	0.00725804	0.0470231	0.00698333	0.0363867	0.00233608	0.02576	0.000206307	0.00390997
115	0.143549	0.00394088	0.0149426	0.0353193	0.004179	0.0222676	0.0100667	0.0356999	0.0582878	0.048759	0.00923227	0.0286716	0.0183815	0.0392498	0.0926807	0.129945	0.188297	0.113489	0.000961264	0.00208037
116	0.0255453	0.0100206	0.0494275	0.0055287	0.00711972	0.122229	0.0355063	0.00772439	0.0214909	0.00956221	0.0116075	0.260404	0.00294749	0.00939158	0.0153237	0.277727	0.113535	0.0111788	0.00102528	0.0027046
117	0.0291562	0.187446	0.00600878	0.0115075	0.109983	0.00838589	0.00835427	0.0316735	0.0108022	0.163089	0.125481	0.0136912	0.00403159	0.0629412	0.00670149	0.12173	0.0258161	0.0657486	0.00232452	0.00512933
118	0.222526	0.0118498	0.00120459	0.00182188	0.01185	0.0479152	0.0014136	0.145327	0.00184878	0.117614	0.0260082	0.00234132	0.00235723	0.00193181	0.00259831	0.0496488	0.0392862	0.311308	0.000443988	0.000706272
119	0.0819212	0.00461437	0.0716564	0.108244	0.012053	0.0514304	0.0338164	0.0143014	0.105791	0.0513815	0.0425595	0.0747548	0.00247236	0.058769	0.125882	0.0689702	0.035691	0.0532987	0.000476156	0.00191654
120	0.00977682	0.000634853	0.000534304	0.00124827	0.0145793	0.00119348	0.00050218	0.367803	0.000750431	0.215619	0.0744978	0.0026004	0.000278845	0.00408676	0.000666968	0.00972325	0.027009	0.267389	0.000782505	0.000324708
121	0.381548	0.00804943	0.0276999	0.0395347	0.00572229	0.0237281	0.00883657	0.0154435	0.0147491	0.0202307	0.00654123	0.0144249	0.061179	0.0360346	0.0274339	0.129888	0.111895	0.0647313	0.000647286	0.00168286
122	0.00619947	0.00227371	0.00145611	0.00529352	0.00166074	0.020771	0.00313146	0.0122504	0.308069	0.00884075	0.00517992	0.0325648	0.00902859	0.0281037	0.495644	0.0237304	0.0279009	0.00602535	0.00099368	0.000881803
123	0.0438153	0.00892567	0.0244664	0.0117412	0.00310508	0.0437243	0.0228483	0.00566842	0.14435	0.00841675	0.00595626	0.291664	0.00230008	0.0185277	0.113597	0.181541	0.0554608	0.00952324	0.000797675	0.00357095
124	0.0290407	0.00784396	0.040686	0.0259999	0.00834269	0.0196565	0.0220943	0.0202226	0.0416598	0.0188455	0.0108154	0.513694	0.00454093	0.0236028	0.0354629	0.0747319	0.0696345	0.021918	0.00218406	0.00902303
125	0.0477567	0.00668262	0.105796	0.125912	0.00861068	0.207249	0.0552754	0.0130673	0.0513326	0.0257342	0.0181448	0.106834	0.00290415	0.0522867	0.0679926	0.0456255	0.0226255	0.026364	0.00116598	0.00863968
126	0.0362853	0.0102988	0.0173421	0.0377157	0.00642493	0.0206137	0.014167	0.0198642	0.348803	0.0274865	0.0165969	0.0631529	0.00610895	0.0545752	0.203001	0.048386	0.0390103	0.0248344	0.00128781	0.00404477
127	0.0520965	0.0117919	0.0203453	0.0179437	0.0138133	0.027262	0.0218266	0.0312031	0.0366946	0.0214437	0.0160607	0.281578	0.00752669	0.029339	0.0299723	0.11276	0.228326	0.032495	0.00145806	0.00606447
128	0.652219	0.00287382	0.00130179	0.00375475	0.000973828	0.0202421	0.000974822	0.0103233	0.00180626	0.00368838	0.00398446	0.00213804	0.0990708	0.00194652	0.00198201	0.0998564	0.0370585	0.0550827	0.000206801	0.00051558
129	0.0343661	0.00311197	0.00282624	0.00539668	0.0392156	0.0078364	0.00299573	0.185594	0.0058603	0.392914	0.0553829	0.00348224	0.00288528	0.00749564	0.00418078	0.0199105	0.028023	0.194003	0.000945393	0.00357425
130	0.0264926	0.00699132	0.0287005	0.0340183	0.0265228	0.0135258	0.432398	0.0214512	0.0249928	0.0387429	0.0095487	0.0540771	0.00619895	0.077456	0.0418069	0.0381919	0.029446	0.0239955	0.00328799	0.0621552
131	0.0656779	0.0272647	0.00541058	0.00878397	0.10737	0.030615	0.00834238	0.044221	0.0100535	0.103114	0.0546908	0.0632199	0.0107147	0.0126473	0.0141947	0.21309	0.180766	0.0298555	0.00273171	0.00723631
132	0.657842	0.00775833	0.000969996	0.0061973	0.00132544	0.0348379	0.000840893	0.00484692	0.0027689	0.00512855	0.00180565	0.00293173	0.011885	0.00152742	0.00118778	0.173436	0.0527847	0.0308774	0.000234192	0.000813363
133	0.668258	0.00956664	0.000784503	0.00599952	0.000777177	0.0435218	0.00079415	0.00323781	0.00203484	0.00403028	0.00173695	0.0031777	0.0101811	0.00108946	0.000886973	0.178116	0.0399963	0.0248917	0.000353616	0.000565178
134	0.0186248	0.00611218	0.00608772	0.0200943	0.00329558	0.0208796	0.0118681	0.0147781	0.303175	0.0155311	0.011307	0.0466944	0.00721016	0.0457624	0.385171	0.0324025	0.0337458	0.0134113	0.00109148	0.00275693
135	0.0249697	0.00503298	0.0295687	0.0465409	0.016734	0.0343049	0.064576	0.0699061	0.0942949	0.0574316	0.0515515	0.158286	0.00596675	0.0515138	0.0575932	0.0359311	0.0606489	0.068159	0.00747662	0.0595134
136	0.0630388	0.0113099	0.0560362	0.0163948	0.00728381	0.743817	0.0030749	0.00459122	0.00353454	0.0103979	0.00300497	0.0194518	0.00283713	0.00785907	0.00363582	0.021706	0.0110517	0.0075996	0.00158302	0.00179148
137	0.0212305	0.00442257	0.0228564	0.0235209	0.0441375	0.00551521	0.410222	0.0452372	0.0139211	0.0558548	0.00632573	0.0464856	0.00240726	0.0453816	0.0259666	0.0236926	0.0172502	0.0415055	0.00388949	0.140177
138	0.0599327	0.00503224	0.00210219	0.0145722	0.0118096	0.00681629	0.0347672	0.0834416	0.0228682	0.18448	0.0510402	0.00328095	0.00148416	0.0188788	0.0411987	0.013118	0.0847162	0.339453	0.00463992	0.0163684
139	0.0486708	0.000970753	0.149286	0.243085	0.00930894	0.0585757	0.0372204	0.00999217	0.0528459	0.0417137	0.0252728	0.0748235	0.00276982	0.0746234	0.0730306	0.036358	0.0082678	0.0508728	0.000248805	0.00206261
140	0.0492719	0.000447614	0.000361984	0.00401177	0.00649001	0.00132214	0.000562936	0.335931	0.000742792	0.0225371	0.053604	0.00421119	0.000334354	0.000770644	0.000783939	0.00633323	0.0286002	0.479845	0.00350551	0.000332675
141	0.0562505	0.00271466	0.000920676	0.00238538	0.0118692	0.0156968	0.000946624	0.217632	0.00194688	0.156251	0.0394053	0.00235489	0.00107321	0.00217663	0.00232127	0.0160738	0.0263142	0.440716	0.00240571	0.000545354
142	0.0226057	0.0127566	0.00871484	0.0409851	0.00308979	0.0159756	0.0123074	0.014264	0.391845	0.0187281	0.0104889	0.0557806	0.00608863	0.0656757	0.238995	0.0321479	0.0373167	0.00920726	0.000436243	0.00259073
143	0.552282	0.0069506	0.0024219	0.0294402	0.00238879	0.0234862	0.00224811	0.0173328	0.0183731	0.0124928	0.0042025	0.00642991	0.0173008	0.00526832	0.00587185	0.151384	0.0927259	0.0453599	0.000544021	0.00349675
144	0.0197971	0.0013927	0.00147474	0.0026382	0.0244588	0.00376645	0.00189392	0.262488	0.00324055	0.339798	0.0616533	0.00221187	0.00156753	0.00516734	0.00281588	0.0130603	0.0279318	0.22249	0.00110464	0.00104795
145	0.00691569	0.000801715	0.000615314	0.000998953	0.0151573	0.00125836	0.000555158	0.339567	0.00103022	0.274333	0.06934	0.00163261	0.000271171	0.00596919	0.000635082	0.0106683	0.0256423	0.24389	0.000339063	0.000380956
146	0.148567	0.00923413	0.0767187	0.134134	0.0040251	0.0739501	0.0354252	0.0118944	0.0250614	0.0218584	0.0093866	0.0503095	0.00581856	0.0459044	0.073301	0.179486	0.0592729	0.0305149	0.000298978	0.00483852
147	0.0602684	0.0204076	0.00716824	0.0126151	0.00508177	0.0124484	0.00833838	0.0280981	0.370116	0.0213927	0.0282301	0.0432831	0.00111633	0.0359679	0.211685	0.0679707	0.0271152	0.0340441	0.0023628	0.00229067
148	0.0512507	0.000968841	0.336519	0.279114	0.00844882	0.05889	0.0173971	0.00504147	0.0263326	0.0102169	0.00486282	0.0860977	0.00497013	0.0369867	0.00776481	0.0340969	0.00358602	0.0241076	0.000333192	0.00301503
149	0.171095	0.00341831	0.0110772	0.0323779	0.00758631	0.0147282	0.00939797	0.023512	0.0181412	0.028945	0.0039287	0.0116903	0.259685	0.04587	0.0514931	0.142512	0.107398	0.0529163	0.000615614	0.00361119
150	0.155253	0.00971272	0.0738718	0.121825	0.00406054	0.077576	0.0341639	0.0115595	0.0264416	0.0220193	0.00912273	0.0460785	0.00588875	0.0463108	0.0761073	0.183562	0.0603932	0.031564	0.000243214	0.00424642
151	0.0333166	0.00456864	0.00181329	0.0026472	0.0171232	0.00321944	0.00155477	0.307146	0.00545643	0.228622	0.089304	0.00399615	0.00183031	0.0103552	0.00183829	0.0337995	0.0600346	0.192305	0.000246603	0.000822865
152	0.254953	0.0152535	0.00118275	0.00211842	0.0126763	0.0556973	0.00164125	0.121723	0.00217362	0.100761	0.0173444	0.00335199	0.00144423	0.00228871	0.00417742	0.0604436	0.0256069	0.315758	0.000466589	0.000938023
153	0.118881	0.0405435	0.00376999	0.00557598	0.0712236	0.0475556	0.00433194	0.0770929	0.00437709	0.113623	0.0364895	0.049271	0.0221605	0.00569693	0.0283197	0.188713	0.139124	0.0350978	0.00283478	0.00531872
154	0.0422048	0.0104293	0.00855217	0.0167008	0.0103659	0.0188842	0.0144862	0.0827463	0.209134	0.0337669	0.030791	0.0373271	0.00614882	0.0307591	0.208204	0.0627012	0.045845	0.0866924	0.033635	0.0106264
155	0.0162995	0.00376014	0.00445727	0.00633512	0.00591314	0.00722356	0.00808225	0.152844	0.130565	0.0127741	0.063075	0.113362	0.00354663	0.00909666	0.0624226	0.0176853	0.208382	0.166187	0.00291187	0.00507631
156	0.0614381	0.00461948	0.288104	0.192371	0.0114728	0.0829762	0.024038	0.0125264	0.0338493	0.019166	0.0079702	0.0889179	0.00631183	0.0385734	0.019904	0.0507326	0.0184088	0.0292596	0.00154209	0.00781889
157	0.0235318	0.0101598	0.00454339	0.0146481	0.00244829	0.0126981	0.00528542	0.0159238	0.412948	0.0254161	0.0135377	0.0607163	0.00279896	0.0411256	0.252957	0.0440625	0.0382229	0.0168824	0.000851061	0.0012424
158	0.0315704	0.00957888	0.0163872	0.0393622	0.00807934	0.0194857	0.0181931	0.0197697	0.339869	0.0284517	0.0151419	0.0712564	0.00671121	0.0587872	0.204475	0.0470092	0.0385743	0.0201619	0.00173469	0.00540134
159	0.119869	0.0104889	0.0488791	0.0152164	0.00610227	0.680596	0.00352692	0.0057708	0.00270774	0.0107566	0.00443309	0.0162071	0.00368052	0.00669664	0.00337146	0.0314206	0.0133878	0.0149908	0.000605709	0.00129253
160	0.0512061	0.00963111	0.0411812	0.0797467	0.0149123	0.0368809	0.0761225	0.0270935	0.0841414	0.0405549	0.0186616	0.0574491	0.0105834	0.193432	0.0814076	0.061833	0.0590287	0.0364224	0.00213401	0.0175774
161	0.102349	0.00637853	0.00579658	0.0105509	0.0186647	0.0139194	0.00517096	0.0307297	0.00899083	0.0208439	0.0101981	0.0237646	0.00891647	0.0109074	0.00993585	0.233817	0.43176	0.043201	0.00088917	0.00321586
162	0.622803	0.00536364	0.00191897	0.00714107	0.00219866	0.0294227	0.0017038	0.00824637	0.00224275	0.00584648	0.00349262	0.00317584	0.081979	0.00365252	0.00312432	0.136486	0.0388134	0.0408748	0.000451901	0.00106207
163	0.00761511	0.0011062	0.000715972	0.000932847	0.11353	0.000984456	0.000923345	0.0909703	0.0028635	0.673389	0.0644438	0.00127431	0.000478295	0.00120092	0.000820393	0.00450928	0.00352297	0.0211704	0.000407179	0.00914227
164	0.0194757	0.00637306	0.0211291	0.0323618	0.0211439	0.00783836	0.467154	0.0146983	0.0246159	0.0345629	0.00647558	0.0461995	0.0051394	0.115589	0.0392614	0.0299625	0.0284453	0.0166388	0.00106603	0.061869
165	0.0512885	0.0130027	0.00870259	0.0146848	0.0355411	0.0180429	0.0132587	0.148007	0.0313367	0.194343	0.145511	0.0248827	0.00446653	0.0211043	0.028413	0.0469346	0.043912	0.146257	0.00276946	0.00754173
166	0.568393	0.00968538	0.00611896	0.0126532	0.00676097	0.0359757	0.00439937	0.0214447	0.00521237	0.0253276	0.00692137	0.00765778	0.0277405	0.0068294	0.00554609	0.141481	0.0468775	0.0579217	0.000658695	0.00239495
167	0.536871	0.0090104	0.00157658	0.00510844	0.00260174	0.032575	0.00146368	0.0222265	0.00368352	0.0182604	0.00465455	0.00361886	0.0210281	0.00254993	0.00306914	0.142875	0.0372864	0.149867	0.000609487	0.00106394
168	0.0336303	0.010605	0.0213929	0.0365256	0.00689655	0.0193869	0.0166919	0.0204957	0.351259	0.0281645	0.0177684	0.0668032	0.00508951	0.0528279	0.198973	0.04675	0.0357401	0.0244092	0.00191412	0.00467602
169	0.214899	0.0112481	0.0374927	0.0103248	0.00478282	0.579294	0.00184052	0.00404226	0.00211432	0.00751619	0.00339295	0.0122122	0.0106863	0.00456565	0.00194743	0.0596583	0.0191211	0.0133855	0.000689963	0.00078526
170	0.0280648	0.00431554	0.0033696	0.0157637	0.0142415	0.006303	0.0393638	0.0861628	0.118599	0.117988	0.0352633	0.0117312	0.00299386	0.142031	0.102984	0.0247272	0.143217	0.0933848	0.00164887	0.00784549
171	0.0177551	0.0282147	0.0320527	0.00703922	0.00299756	0.0231413	0.0253306	0.00637847	0.0507501	0.00801234	0.00501935	0.404047	0.00168442	0.0269624	0.037163	0.262782	0.0488125	0.0074304	0.000556796	0.0038703
172	0.10983	0.0115845	0.0296852	0.0212961	0.0158421	0.00624003	0.0262402	0.151801	0.00334923	0.0808708	0.00759655	0.0225334	0.0665303	0.00472057	0.0185342	0.117037	0.123945	0.179255	0.000489783	0.0026205
173	0.0662489	0.000946941	0.326374	0.350178	0.0111477	0.0587742	0.00780298	0.00538176	0.0196996	0.00999803	0.00181931	0.0141817	0.00767879	0.0462496	0.00545612	0.0359061	0.0020677	0.025697	0.000225322	0.00416636
174	0.00807436	0.000380352	0.000412367	0.000967145	0.0139392	0.00119482	0.000440827	0.351631	0.000529603	0.226896	0.0680664	0.00165298	0.000251073	0.0037988	0.000535897	0.00830994	0.0254349	0.286534	0.000666924	0.000283666
175	0.00878083	0.000523515	0.000451734	0.00101914	0.0135325	0.00191486	0.000605177	0.285802	0.000906579	0.20657	0.0583564	0.00174634	0.000237066	0.00366053	0.000630433	0.00811312	0.0220306	0.383792	0.000929442	0.000397332
176	0.0381789	0.00165728	0.0947121	0.166152	0.0115669	0.046398	0.0502369	0.0245512	0.0703116	0.0578009	0.0369915	0.105679	0.00122267	0.0723818	0.101204	0.0284819	0.0123616	0.0668801	0.0024614	0.0107701
177	0.395867	0.0104369	0.0178072	0.101633	0.00960065	0.0228844	0.00877576	0.0211427	0.0165294	0.0489292	0.00914525	0.012444	0.0220999	0.0195443	0.0181441	0.0961389	0.0927394	0.0705888	0.00148196	0.00406728
178	0.00693787	0.00091765	0.000661169	0.0010596	0.049376	0.00112157	0.000718377	0.247428	0.00203097	0.430318	0.0714277	0.00169399	0.000399579	0.00420243	0.000984876	0.0094321	0.0180275	0.151642	0.000271507	0.00134933
179	0.00985819	0.00128277	0.000688959	0.00108447	0.0173762	0.00127271	0.000506658	0.32989	0.00153643	0.270698	0.0733736	0.00179836	0.000461511	0.00568619	0.000572393	0.0140443	0.0309199	0.238305	0.000285218	0.000358657
180	0.0521247	0.00150353	0.0920856	0.166487	0.00928775	0.0611919	0.0469115	0.0125159	0.0718074	0.0538926	0.0367787	0.0991085	0.00108565	0.0781514	0.106126	0.040013	0.0139842	0.0550133	0.00032584	0.00160616
181	0.285964	0.00742916	0.0230246	0.0402122	0.00575635	0.0505039	0.0202996	0.023145	0.0229872	0.0352472	0.00904749	0.0340225	0.0394299	0.0241699	0.0535139	0.148809	0.105657	0.0681046	0.000750153	0.00192603
182	0.0326028	0.00171649	0.361328	0.149552	0.00520553	0.0407971	0.0315104	0.0050699	0.0311423	0.0133435	0.00609472	0.21422	0.00182034	0.0305678	0.00523798	0.0391409	0.0067745	0.0213672	0.000863587	0.00164555
183	0.106079	0.00324301	0.00606751	0.0112182	0.0203235	0.0150249	0.0215191	0.0850526	0.00607233	0.0580706	0.00381837	0.00635552	0.283338	0.0167721	0.0536299	0.122448	0.0785169	0.0872388	0.00093703	0.0142746
184	0.333458	0.00594346	0.00383587	0.0145042	0.00726268	0.012911	0.00445531	0.0147406	0.0508818	0.0417594	0.0071931	0.0109258	0.00575059	0.00989121	0.00967731	0.239082	0.17403	0.0286034	0.00157098	0.0235234
185	0.0265068	0.00418258	0.00185722	0.00251953	0.018471	0.00246792	0.00142408	0.29741	0.00591585	0.242293	0.0864044	0.0043512	0.00166149	0.0109248	0.00170066	0.0387418	0.0488901	0.202907	0.000609195	0.00076159
186	0.0396833	0.00595299	0.00254748	0.00335611	0.0194847	0.0036917	0.000943285	0.25541	0.00618167	0.264556	0.0910604	0.0034485	0.00127297	0.0118157	0.00129406	0.0385992	0.0408565	0.208657	0.000356175	0.000832331
187	0.0629032	0.00650493	0.0307325	0.0131317	0.00798849	0.0712959	0.0708188	0.0210711	0.0362009	0.0215702	0.0410951	0.224291	0.0102372	0.0129527	0.017987	0.182064	0.128945	0.0340303	0.00126313	0.00491667
188	0.0584	0.0115452	0.0153544	0.0212003	0.0190742	0.0034419	0.00536378	0.164571	0.0172443	0.241062	0.122443	0.0094363	0.00251578	0.0386465	0.00550549	0.0752934	0.0408713	0.14463	0.00115528	0.00224648
189	0.258188	0.00412564	0.00841565	0.0454125	0.0080534	0.0141504	0.00906783	0.0716374	0.0330816	0.0466632	0.00510692	0.0112864	0.113116	0.0200937	0.0567044	0.0810789	0.111464	0.0969397	0.00121325	0.00420096
190	0.0686665	0.00403185	0.304321	0.196439	0.00959747	0.0755359	0.0200967	0.00946171	0.02981	0.0184731	0.00739291	0.0890588	0.0065893	0.0389104	0.0200961	0.0521044	0.0147455	0.0289234	0.000588093	0.00515737
191	0.0414377	0.00833216	0.0200837	0.00370404	0.00260795	0.0430933	0.0174157	0.00463443	0.146923	0.00706126	0.00518324	0.325658	0.00195688	0.00901724	0.103644	0.19197	0.0559605	0.00844738	0.000981115	0.00188756
