419	20
1	0.0352598	0.000288512	0.0129898	0.0866879	0.000474056	0.000755222	0.00133809	0.00103973	0.639208	0.00203007	0.000605355	0.0129133	0.0442748	0.0328833	0.0928028	0.0268382	0.0077324	0.0010434	0.00018645	0.000648982
2	0.0420614	0.000893428	0.0113176	0.0166043	0.0764757	0.00175788	0.199347	0.00251924	0.00405181	0.022679	0.00230254	0.00976394	0.00989829	0.0127124	0.00269627	0.007321	0.00408011	0.00263088	0.0672796	0.503608
3	0.0822152	0.00851885	0.0346261	0.0265934	0.0127993	0.252007	0.0202076	0.0141349	0.0369687	0.0157292	0.00910531	0.0592455	0.00678417	0.023712	0.030811	0.144783	0.184406	0.0237943	0.00459006	0.00896777
4	0.0205454	0.00091502	0.00184731	0.00281589	0.457154	0.00385343	0.0019441	0.00980134	0.0113427	0.0475884	0.00258666	0.00337081	0.000803003	0.0109817	0.018163	0.00410743	0.00376211	0.0101559	0.317735	0.0705266
5	0.0136484	0.000993594	0.00207858	0.0790848	0.0704936	0.00165872	0.0237199	0.074151	0.024661	0.0160903	0.00165514	0.0153285	0.000905584	0.0143909	0.0213753	0.122694	0.211629	0.215503	0.000600437	0.0893378
6	0.104912	0.0125774	0.00105624	0.0189611	0.0009302	0.00512432	0.0010816	0.0539291	0.00816191	0.00468414	0.0420966	0.0201945	0.000902775	0.0172441	0.00149135	0.361285	0.283366	0.0519759	0.000554626	0.00947037
7	0.0252381	0.000806197	0.297907	0.184089	0.00148412	0.00188438	0.0111608	0.0314824	0.0347287	0.03552	0.00121756	0.121009	0.036388	0.0768403	0.0164117	0.0299903	0.0646614	0.0272707	0.000476579	0.00143283
8	0.00935361	0.000469829	0.000465847	0.000635746	0.0243893	0.00106443	0.000506498	0.414825	0.00322835	0.129601	0.0392766	0.0006512	0.00295934	0.000675748	0.000751647	0.00577507	0.00976398	0.354975	0.000164696	0.000467031
9	0.0407715	0.00555737	0.175029	0.657642	0.00108074	0.000596934	0.00650088	0.00343136	0.0120544	0.00934927	0.00053895	0.00766829	0.0183772	0.0418971	0.00159363	0.0108821	0.00516852	0.000859209	0.000147329	0.000853457
10	0.105	0.0109208	0.000996779	0.0198577	0.000869726	0.00639394	0.0010174	0.0462051	0.00888699	0.00396939	0.0485426	0.0255594	0.00057747	0.0205716	0.00142044	0.373232	0.257897	0.0555488	0.000457853	0.012075
11	0.104331	0.000600404	0.0254599	0.139361	0.00124947	0.0222498	0.0126915	0.0113986	0.0663792	0.0147374	0.00202763	0.0250788	0.473729	0.0279477	0.00559323	0.032438	0.0265475	0.00489307	0.000302837	0.00298341
12	0.041305	0.0010906	0.00197407	0.0271364	0.0101382	0.0019133	0.0229157	0.0576642	0.503541	0.0396624	0.00145761	0.0313764	0.0612104	0.0183371	0.0798225	0.0224945	0.0394966	0.036742	0.00046565	0.00125664
13	0.0717008	0.00534847	0.0608749	0.0558287	0.01072	0.293351	0.029112	0.0199768	0.106111	0.0198363	0.0103174	0.100343	0.017102	0.0246138	0.0404203	0.0615357	0.0396619	0.0181175	0.00337856	0.0116499
14	0.00566228	0.000288266	0.000556824	0.00229996	0.0156163	0.000538269	0.000523635	0.186856	0.0045773	0.674651	0.0586783	0.00227406	0.00204072	0.00271688	0.000962877	0.00397855	0.00322993	0.0318707	0.000106138	0.00257191
15	0.00402549	0.0103405	0.138818	0.00284332	0.00156547	0.0115459	0.00247577	0.00248181	0.00369654	0.00240148	0.00155196	0.401889	0.00091432	0.00271996	0.00272365	0.326147	0.0790674	0.00268026	0.000409586	0.00170209
16	0.0527034	0.000766633	0.11579	0.430368	0.00244564	0.00330691	0.00475774	0.00900628	0.15576	0.00416661	0.00277607	0.0270164	0.0322148	0.0382257	0.0219405	0.0274384	0.0542848	0.0150837	0.000273302	0.00167565
17	0.0181771	0.0002354	0.391239	0.371898	0.00380251	0.0105052	0.00662956	0.000704702	0.0514736	0.000792516	0.000455254	0.0599014	0.00317862	0.036466	0.00346224	0.0269728	0.0128266	0.000667586	0.000164843	0.000446798
18	0.00468899	0.00195967	0.0021475	0.00301417	0.00195781	0.00210526	0.0125326	0.379251	0.00520063	0.0151674	0.00391677	0.00389135	0.000828745	0.00322837	0.00333	0.00482745	0.192564	0.356578	0.00048343	0.00232734
19	0.00378377	0.000153028	0.000324035	0.0020121	0.000236076	0.000257818	0.000343939	0.60004	0.000584072	0.0133243	0.000247271	0.00191659	0.00180418	0.000510942	0.000391858	0.000685174	0.00199142	0.371083	8.74264e-05	0.000223455
20	0.072037	0.00609594	0.00860851	0.0400684	0.00174952	0.0176692	0.0787501	0.0439641	0.252955	0.0133694	0.00506511	0.0319443	0.00110776	0.0286502	0.309399	0.0164299	0.0330302	0.0171091	0.000956455	0.0210407
21	0.134419	0.00124882	0.0022546	0.0648709	0.0772161	0.0021682	0.014234	0.015396	0.034414	0.285594	0.0868387	0.0408226	0.00128564	0.0813182	0.064958	0.0175617	0.00442284	0.00318025	0.0140272	0.0537687
22	0.00927081	0.000322627	0.000545603	0.0012248	0.00946428	0.000785486	0.000514785	0.462653	0.00404211	0.387689	0.0351267	0.00339144	0.000658326	0.00895925	0.00104274	0.00475673	0.00506278	0.0573155	0.000172617	0.00700096
23	0.163136	0.0131349	0.00653902	0.0104112	0.00992088	0.01739	0.0123796	0.112499	0.0190775	0.0527626	0.0128194	0.0142717	0.00400973	0.0198187	0.0189464	0.218164	0.0554797	0.184547	0.0464233	0.00827065
24	0.37147	0.000432967	0.0246674	0.171182	0.0162365	0.0277348	0.00625504	0.00134948	0.0829931	0.0155548	0.0108669	0.032021	0.00042744	0.0350615	0.0247499	0.134406	0.0403628	0.00116647	0.00121225	0.00184951
25	0.0601697	0.00094045	0.0115993	0.0235834	0.00176766	0.00192682	0.00390766	0.109826	0.311045	0.0867713	0.0195949	0.0205647	0.000965489	0.0572068	0.240299	0.0102271	0.00503522	0.0326004	0.000543137	0.0014261
26	0.0186774	0.00501767	0.0195395	0.0206698	0.00360117	0.0422411	0.0693996	0.0109147	0.201699	0.00950213	0.00305547	0.230885	0.00318573	0.0229921	0.264082	0.0347036	0.0166213	0.0096452	0.000655656	0.0129113
27	0.0186927	0.0150674	0.138555	0.16464	0.00129799	0.0849372	0.0246087	0.00212871	0.0814406	0.0022918	0.00149432	0.376324	0.000840306	0.0585828	0.010567	0.011447	0.00319101	0.00214326	0.000382593	0.00136824
28	0.0521874	0.00497522	0.153276	0.444053	0.00689271	0.0109486	0.0113493	0.0108336	0.0777753	0.0143166	0.00659086	0.0400529	0.0198992	0.0485973	0.0177709	0.0334669	0.0264253	0.0131271	0.000922903	0.00653877
29	0.0786579	0.00473331	0.0322196	0.0638809	0.00464955	0.0228503	0.011443	0.0178212	0.0709925	0.0122262	0.00498285	0.0289014	0.414969	0.0207703	0.0137107	0.14061	0.0326722	0.0158816	0.00089489	0.00713215
30	0.101878	0.000682537	0.157893	0.32229	0.00113284	0.00076032	0.00646501	0.00211906	0.060015	0.00184941	0.000802695	0.0584689	0.00717107	0.146761	0.0214012	0.067674	0.0289076	0.00791005	0.000194238	0.00562449
31	0.0202973	0.000916112	0.00192079	0.00287303	0.448753	0.00404096	0.00196611	0.00987198	0.0112748	0.0467752	0.00271386	0.00334259	0.000811136	0.0111094	0.0179633	0.00419565	0.00374212	0.0100321	0.327638	0.069763
32	0.00227675	0.000462276	0.00119589	0.001652	0.000837677	0.000933615	0.000950342	0.0306868	0.0110282	0.303006	0.629622	0.0014221	0.000506145	0.0021348	0.00640297	0.00198488	0.00196483	0.00191235	0.000331987	0.000689113
33	0.0162797	0.00261473	0.00550856	0.0083654	0.0354185	0.0104693	0.00674434	0.0470019	0.0458939	0.287911	0.0046146	0.0156555	0.0031509	0.00826315	0.0430788	0.0121944	0.423009	0.0172721	0.00138811	0.00516618
34	0.0210217	0.000239771	0.383253	0.369485	0.00366814	0.00950715	0.00701946	0.000837173	0.0521969	0.000885555	0.000464275	0.0607572	0.00332092	0.0416119	0.00402423	0.0270636	0.0131676	0.000844387	0.000146708	0.00048536
35	0.020459	0.00137653	0.00227786	0.00296751	0.464223	0.00338579	0.00442698	0.0134626	0.0153747	0.0525629	0.0039018	0.00344506	0.000881183	0.0136452	0.0239136	0.00445195	0.00438503	0.0110937	0.267909	0.085856
36	0.0385452	0.007429	0.0206494	0.0341527	0.0105162	0.0290493	0.044988	0.0291763	0.20896	0.0265864	0.0158717	0.0690398	0.0113287	0.0640812	0.245829	0.0540409	0.0431672	0.0265032	0.00379686	0.0162899
37	0.00469536	0.00026489	0.000447299	0.00252102	0.0152828	0.000344581	0.00041141	0.138777	0.00470886	0.725953	0.065068	0.00166463	0.00224826	0.00181508	0.000497254	0.00365247	0.00244172	0.0268272	0.000103828	0.0022753
38	0.140645	0.000283312	0.0737327	0.237439	0.000411704	0.0170671	0.0127184	0.000815108	0.321718	0.00946218	0.000362765	0.0462028	0.000254969	0.0445624	0.0512237	0.0320695	0.00953221	0.000822378	0.000139008	0.00053795
39	0.363418	0.0328419	0.00606938	0.0104545	0.00116838	0.0823007	0.00401141	0.00422821	0.00298012	0.00290661	0.000839323	0.0388265	0.000528072	0.00213597	0.00776032	0.391572	0.0381444	0.00870625	0.000288023	0.000820278
40	0.00337187	0.00027661	0.000551706	0.000774638	0.478307	0.000427154	0.000904005	0.00304045	0.00604005	0.0572078	0.00406362	0.00196539	0.00021896	0.000866873	0.000684212	0.00147221	0.00126573	0.000614075	0.000472268	0.437475
41	0.0373461	0.00342282	0.0167037	0.0747711	0.00377247	0.0115134	0.148048	0.0112984	0.200754	0.0106969	0.00128638	0.0631439	0.000698762	0.0690042	0.308898	0.0142152	0.00716202	0.00918148	0.000285696	0.00779785
42	0.110105	0.00162909	0.0127877	0.017055	0.00201249	0.00403714	0.170281	0.0341742	0.231345	0.0442095	0.0223266	0.0268646	0.000956056	0.0210793	0.160514	0.0249149	0.0266819	0.0324128	0.00068381	0.0559305
43	0.0221029	0.000929488	0.00178749	0.0028985	0.463123	0.00366574	0.00210967	0.0100973	0.0117851	0.0529438	0.00264944	0.00344191	0.000802709	0.011116	0.0188987	0.00432825	0.00379872	0.0105398	0.302432	0.0705497
44	0.0083765	0.000686366	0.00167162	0.0355788	0.00660678	0.00137532	0.00188014	0.00999857	0.151705	0.396853	0.0151094	0.0025608	0.000720102	0.27173	0.0557962	0.0167669	0.00276112	0.0178734	0.000516048	0.00143332
45	0.0561808	0.000824808	0.0213538	0.132787	0.00130694	0.0112868	0.00211016	0.00360667	0.305064	0.0113944	0.00160482	0.0400041	0.00158121	0.0783582	0.00294171	0.103324	0.220679	0.00381144	0.000393323	0.00138655
46	0.00227675	0.000462276	0.00119589	0.001652	0.000837677	0.000933615	0.000950342	0.0306868	0.0110282	0.303006	0.629622	0.0014221	0.000506145	0.0021348	0.00640297	0.00198488	0.00196483	0.00191235	0.000331987	0.000689113
47	0.0575963	0.000441937	0.0546995	0.249655	0.000863159	0.000913689	0.00616668	0.0193827	0.233389	0.00610976	0.00638187	0.0161396	0.0644728	0.0590936	0.0224049	0.0404078	0.134735	0.025643	0.000208995	0.00129381
48	0.0831415	0.00044382	0.0330471	0.122512	0.000705614	0.0167097	0.00974275	0.00870677	0.0945233	0.0124283	0.00080488	0.0290483	0.493365	0.0280962	0.00677398	0.0316609	0.019567	0.00497526	0.000226482	0.00352139
49	0.0750148	0.000620401	0.0262012	0.128096	0.00101657	0.0174105	0.00456131	0.015119	0.192864	0.0114894	0.0010072	0.0325676	0.368638	0.0316259	0.0193756	0.0304132	0.0257325	0.0137167	0.000294823	0.00423489
50	0.00937643	0.000468723	0.000472121	0.000631762	0.0243269	0.00107084	0.000530622	0.416147	0.00323384	0.12963	0.0395553	0.000668349	0.00298825	0.000819709	0.000784514	0.00580582	0.00976157	0.352998	0.000164725	0.000564459
51	0.0129138	0.00548189	0.759219	0.0155616	0.00586881	0.00651204	0.0106476	0.00120608	0.0230252	0.00142551	0.000857821	0.120724	0.000657263	0.00174241	0.00146926	0.0235171	0.00685656	0.0013039	0.000209207	0.000800715
52	0.00337187	0.00027661	0.000551706	0.000774638	0.478307	0.000427154	0.000904005	0.00304045	0.00604005	0.0572078	0.00406362	0.00196539	0.00021896	0.000866873	0.000684212	0.00147221	0.00126573	0.000614075	0.000472268	0.437475
53	0.0140226	0.00641374	0.241729	0.126078	0.00450568	0.0506274	0.0233663	0.00473244	0.0528174	0.00480881	0.00215183	0.312269	0.00402186	0.106414	0.0118784	0.0156885	0.00859125	0.00457687	0.000413337	0.00489278
54	0.0561199	0.00076589	0.467582	0.0837004	0.00164364	0.0225109	0.00828229	0.00192186	0.0460808	0.0018312	0.00165137	0.131162	0.0116446	0.0156317	0.00401835	0.131795	0.0104005	0.00180301	0.000335015	0.00112031
55	0.0208672	0.000471455	0.000868936	0.00114242	0.0118951	0.00159062	0.00180465	0.550909	0.00307458	0.198993	0.0400076	0.00363544	0.000432414	0.0224476	0.00292403	0.0107914	0.0108202	0.0943384	0.000248602	0.0227372
56	0.0957731	0.0356902	0.00320181	0.00451277	0.0185321	0.00580804	0.0944452	0.139281	0.0708286	0.0243129	0.00762022	0.00715887	0.0179171	0.0369092	0.0648203	0.164518	0.0334658	0.140236	0.00427734	0.0306922
57	0.00188913	0.00243963	0.000579207	0.000904779	0.245765	0.000619332	0.0127646	0.00164804	0.00281506	0.0170007	0.0018513	0.00172314	0.00030891	0.000904962	0.000890441	0.00340502	0.00310544	0.000813485	0.00961265	0.690959
58	0.0032017	0.00331771	0.000781476	0.00113051	0.180538	0.000997463	0.0146074	0.001558	0.00223943	0.0054862	0.000901185	0.00158936	0.000369956	0.00158026	0.00235233	0.0042377	0.00373557	0.00162301	0.0400994	0.729653
59	0.178139	0.0192817	0.000457509	0.000634554	0.000828366	0.00795449	0.000527109	0.00234337	0.00154021	0.000676901	0.000638894	0.0054443	0.000267302	0.00165298	0.00277896	0.724441	0.04104	0.00840116	0.000236158	0.00271655
60	0.369828	0.000457329	0.0249688	0.172378	0.0165811	0.0275904	0.00620651	0.00141833	0.0826116	0.0155025	0.010918	0.0312666	0.000457851	0.0349245	0.0255449	0.135122	0.0398673	0.00125668	0.00123648	0.00186315
61	0.0626034	0.00815287	0.0177885	0.0320468	0.0133752	0.0142636	0.0817019	0.124777	0.0537783	0.111032	0.0181745	0.0288013	0.182644	0.0394659	0.0302359	0.0540332	0.0428886	0.0635133	0.0024165	0.0183077
62	0.0870767	0.0090127	0.0819994	0.0477912	0.00710402	0.0264263	0.0244183	0.0161187	0.0493908	0.00391734	0.0067812	0.0822675	0.318953	0.0141605	0.0244019	0.147731	0.0427383	0.0074264	0.000449813	0.00183499
63	0.0847019	0.000518463	0.0421193	0.131641	0.00105869	0.0143261	0.00657908	0.0110133	0.153827	0.0107801	0.00140432	0.0319812	0.382943	0.0377362	0.0135339	0.0345861	0.0247623	0.00922792	0.000291921	0.0069678
64	0.0460674	0.000648026	0.110661	0.55472	0.00603676	0.00648739	0.0012296	0.00602399	0.166595	0.00147427	0.000830808	0.00377873	0.0110533	0.0211936	0.00385813	0.0218806	0.0174568	0.0188105	0.00027307	0.000922312
65	0.00777798	0.000349206	0.000626509	0.000937888	0.00747384	0.000864132	0.000713345	0.553864	0.00414114	0.26249	0.0408676	0.00389422	0.000342496	0.00999427	0.00262309	0.00451004	0.0058533	0.0853451	0.000168216	0.00716309
66	0.061779	0.000743	0.0111714	0.0351774	0.00102237	0.00145163	0.00504518	0.114437	0.267455	0.165444	0.0157232	0.0138358	0.000505558	0.0534391	0.188915	0.00835538	0.00419639	0.0488118	0.000295941	0.00219688
67	0.141594	0.000273289	0.0735564	0.237163	0.00047914	0.016919	0.0126582	0.000902289	0.320295	0.00979908	0.000358329	0.0458577	0.000264848	0.044146	0.0524947	0.0321528	0.00948455	0.000888413	0.00013762	0.000575275
68	0.124928	0.00176658	0.0207248	0.0215046	0.00251226	0.00451591	0.00378457	0.0349941	0.00956853	0.00890921	0.0405843	0.00536672	0.00165111	0.00544048	0.00553961	0.0104702	0.56081	0.116622	0.000712476	0.0195949
69	0.00337187	0.00027661	0.000551706	0.000774638	0.478307	0.000427154	0.000904005	0.00304045	0.00604005	0.0572078	0.00406362	0.00196539	0.00021896	0.000866873	0.000684212	0.00147221	0.00126573	0.000614075	0.000472268	0.437475
70	0.0911901	0.000414657	0.170442	0.367824	0.000922989	0.001836	0.00513476	0.00185655	0.0830923	0.001694	0.000569189	0.0797936	0.0046408	0.0903	0.0235798	0.0435133	0.0238816	0.006549	0.000152212	0.00261319
71	0.00480088	0.000269077	0.00143912	0.0102306	0.000466113	0.000542195	0.00799585	0.000757392	0.57207	0.000911898	0.000445515	0.00414346	0.00162566	0.091847	0.29258	0.00227876	0.00374111	0.000800572	0.000154914	0.00289911
72	0.00842105	0.00172687	0.00130704	0.00275797	0.0445859	0.00150402	0.00182393	0.190836	0.00653717	0.583073	0.0627138	0.00296789	0.00218456	0.00347547	0.00276055	0.00583878	0.00725033	0.0625169	0.00109575	0.00662387
73	0.0128394	0.00198481	0.132035	0.0370872	0.00272844	0.500559	0.0156955	0.00166884	0.0209045	0.00244685	0.00569017	0.178468	0.00492152	0.0104152	0.0282157	0.0271512	0.0064174	0.00198148	0.00041827	0.0083713
74	0.00380964	0.00015629	0.000330381	0.00200315	0.00035278	0.00027051	0.00034726	0.599328	0.000599108	0.0138642	0.000437432	0.00191142	0.00181564	0.00050426	0.00039131	0.000707039	0.00201918	0.370833	8.78848e-05	0.000231347
75	0.0488682	0.00429775	0.0276833	0.00408846	0.00216304	0.0111974	0.00288815	0.0039535	0.0359607	0.00273914	0.00164106	0.0256645	0.489843	0.00425396	0.0038069	0.302536	0.0129871	0.0029646	0.000533706	0.0119299
76	0.00454114	0.000259727	0.000438816	0.00259538	0.0156697	0.000329016	0.000434224	0.133792	0.00473399	0.731033	0.0655171	0.00167703	0.00237338	0.00160222	0.000495692	0.00364117	0.00230824	0.0263086	0.000100409	0.00214914
77	0.00296453	0.00465661	0.000871042	0.00150569	0.0115554	0.000985547	0.00444993	0.328495	0.00831387	0.0118226	0.0212578	0.00454005	0.000535609	0.00306306	0.0017868	0.00996986	0.0137469	0.55123	0.000224763	0.0180254
78	0.310119	0.0112361	0.00967849	0.0188537	0.0138444	0.399044	0.0055515	0.00695821	0.0262881	0.00871412	0.0035144	0.0168663	0.00393375	0.0126786	0.0110704	0.0947856	0.0247993	0.0141123	0.00203573	0.00591571
79	0.0158472	0.00110038	0.00131002	0.00230905	0.00756244	0.00138292	0.00654492	0.386855	0.00386473	0.0825304	0.15258	0.00827617	0.00088375	0.00842621	0.0125064	0.00421546	0.0439113	0.251901	0.000398732	0.00759426
80	0.100277	0.00539853	0.285181	0.171532	0.0100863	0.0376263	0.0143474	0.0132471	0.0670553	0.0159088	0.00733435	0.0739632	0.0215788	0.0395839	0.0223026	0.0579913	0.0309568	0.0161772	0.00146116	0.00799087
81	0.371622	0.00675869	0.00417074	0.00565853	0.0531761	0.0035923	0.00374099	0.070238	0.00729792	0.0525011	0.0249951	0.00584896	0.0205836	0.00674921	0.00580675	0.0141558	0.0293708	0.305448	0.00491057	0.00337405
82	0.00142432	0.00154825	0.000756577	0.00112447	0.0004619	0.000583507	0.000670772	0.189866	0.00402606	0.00893407	0.00442687	0.00765305	0.000372013	0.00445857	0.000954504	0.0030098	0.010326	0.757174	0.000234051	0.00199572
83	0.0081721	0.00144273	0.0106388	0.00359096	0.29778	0.00236453	0.00281409	0.23932	0.00523008	0.121784	0.0493608	0.00624256	0.00115913	0.00763456	0.00351633	0.00787331	0.00880102	0.0958116	0.000550598	0.125913
84	0.0216596	0.00368748	0.391321	0.153945	0.00537064	0.0385649	0.0217668	0.00417391	0.0455485	0.00542057	0.00153211	0.198885	0.00655545	0.0324423	0.012221	0.0300673	0.016409	0.0050488	0.000635836	0.00474476
85	0.124674	0.0167525	0.0143239	0.0179676	0.00500057	0.0293604	0.0087131	0.0190354	0.0169251	0.00775238	0.0092543	0.0289077	0.0180996	0.0170848	0.0122042	0.514146	0.100521	0.0231797	0.00120783	0.0148894
86	0.0208457	0.00361567	0.00812507	0.126393	0.0368419	0.00391633	0.0165425	0.082032	0.0301486	0.0134949	0.00677532	0.0186627	0.00468116	0.0212765	0.0210024	0.106993	0.185438	0.245472	0.00165835	0.0460853
87	0.111381	0.0344251	0.0118809	0.0260748	0.00997726	0.0214334	0.0117715	0.0494148	0.0240371	0.0177283	0.0126782	0.0208706	0.0096304	0.0255587	0.0173149	0.346475	0.0984894	0.135179	0.00362704	0.0120523
88	0.00924332	0.000461795	0.00046141	0.000691767	0.021126	0.000994146	0.000557591	0.441077	0.00327124	0.150496	0.039646	0.0011358	0.00240687	0.002619	0.0010573	0.00558761	0.00873551	0.308042	0.000172923	0.002217
89	0.313691	0.00158167	0.00373525	0.00507782	0.0611067	0.253305	0.00330895	0.00507005	0.0867059	0.00480737	0.00256779	0.00568501	0.00163273	0.00562954	0.00504806	0.0537324	0.0755243	0.0735654	0.00136544	0.036859
90	0.0330613	0.00609229	0.0196242	0.0247439	0.0154585	0.0173569	0.0139541	0.0920889	0.0383326	0.122434	0.0142206	0.147479	0.00557841	0.024283	0.0224947	0.0371027	0.320578	0.0314253	0.0031791	0.0105128
91	0.01574	0.0019608	0.0162191	0.00568536	0.000740616	0.0281764	0.00514845	0.00211467	0.00942308	0.00149544	0.00478846	0.0226695	0.00207793	0.0136988	0.0105092	0.36324	0.49269	0.00248721	0.000258408	0.000876651
92	0.0046659	0.00108256	0.00338478	0.00368441	0.22391	0.00180284	0.179464	0.019464	0.0206654	0.00371345	0.0172171	0.0246218	0.000728396	0.00309286	0.0199663	0.0239075	0.0203244	0.00265579	0.00182767	0.42382
93	0.00365268	0.000259735	0.000779992	0.00862727	0.000444495	0.000540538	0.00846418	0.000734259	0.564215	0.000839038	0.000431936	0.0038073	0.000437594	0.0949801	0.302666	0.00129652	0.00386178	0.000784	0.000167365	0.00301018
94	0.139983	0.000293316	0.0746937	0.241833	0.000486051	0.0172023	0.0124255	0.000886296	0.319731	0.00922951	0.000353934	0.0452261	0.000383737	0.0438239	0.0501914	0.0319539	0.00965543	0.000965064	0.000139985	0.000543252
95	0.0574647	0.000444497	0.0545725	0.248566	0.000852619	0.000971035	0.00611156	0.0192628	0.235206	0.00610908	0.00626735	0.0162184	0.0636713	0.0594013	0.0221798	0.040754	0.134954	0.0255027	0.000208158	0.00128113
96	0.0179565	0.00468084	0.00418928	0.0114596	0.0225679	0.00394808	0.00723844	0.162888	0.0215358	0.564604	0.0617436	0.00820517	0.00498808	0.0154553	0.0105475	0.0110526	0.00996917	0.0463714	0.0020644	0.00853516
97	0.253459	0.000805249	0.0306472	0.17583	0.0138024	0.0676009	0.0106015	0.00410925	0.162261	0.0409957	0.0390464	0.0102103	0.00086592	0.0333563	0.0302723	0.0871003	0.0183437	0.00315445	0.00842795	0.00911006
98	0.164083	0.00129425	0.0260751	0.0415698	0.00175774	0.0146244	0.0953742	0.0267776	0.16455	0.149383	0.0393271	0.00383814	0.00116736	0.0632767	0.0165085	0.0633516	0.00442147	0.105188	0.000561052	0.0168717
99	0.10901	0.00519791	0.0516981	0.0290623	0.0124105	0.526831	0.0137648	0.0060715	0.0232944	0.00823371	0.00884199	0.065886	0.00449526	0.0113121	0.0188541	0.059316	0.022824	0.0100456	0.00343302	0.00941838
100	0.00378377	0.000153028	0.000324035	0.0020121	0.000236076	0.000257818	0.000343939	0.60004	0.000584072	0.0133243	0.000247271	0.00191659	0.00180418	0.000510942	0.000391858	0.000685174	0.00199142	0.371083	8.74264e-05	0.000223455
101	0.00948935	0.000450702	0.000492516	0.000674224	0.0232942	0.00109874	0.000548271	0.43114	0.00308706	0.135457	0.0391562	0.000827982	0.00255063	0.00190256	0.00089348	0.0058231	0.00920827	0.332039	0.000163575	0.0017024
102	0.0253772	0.00523861	0.00352488	0.00707052	0.36829	0.00460996	0.00612487	0.051422	0.0137024	0.157337	0.0242314	0.008326	0.00175808	0.0129995	0.0136302	0.00918697	0.0104146	0.0266041	0.0843808	0.165771
103	0.0108362	0.365468	0.00496554	0.00802366	0.00457904	0.00519469	0.00573783	0.00840722	0.0397464	0.0377721	0.32051	0.00883356	0.00290855	0.00874798	0.0735673	0.0417232	0.00996195	0.0370486	0.00156161	0.00440623
104	0.0571002	0.00387164	0.0217273	0.00275767	0.00172572	0.00720488	0.00176705	0.00357736	0.0207318	0.00238214	0.00157273	0.0137108	0.396616	0.00447053	0.00268343	0.43613	0.0126314	0.00239012	0.000448099	0.00650044
105	0.00639191	0.00171537	0.00312276	0.004644	0.176649	0.00241167	0.00326491	0.380061	0.00692801	0.138645	0.192373	0.00529159	0.0014456	0.00436406	0.00889295	0.00750872	0.0209939	0.0262469	0.000641551	0.00840779
106	0.0330687	0.0205445	0.0222567	0.0273899	0.00139622	0.174739	0.0151255	0.0021163	0.00400374	0.00538727	0.00120145	0.127801	0.000603182	0.00417442	0.0224708	0.486985	0.0466704	0.00219175	0.000642436	0.00123127
107	0.0267562	0.00267071	0.267908	0.467389	0.00291636	0.00457337	0.0169978	0.00413494	0.045132	0.00707568	0.000884739	0.041233	0.0106401	0.0538896	0.00570676	0.0197932	0.0179987	0.00300007	0.000287376	0.00101235
108	0.360884	0.0205307	0.0118353	0.0207062	0.00523062	0.0434001	0.0051207	0.0126754	0.0151445	0.0084966	0.0054655	0.0162014	0.0083625	0.01182	0.00807832	0.362679	0.0577259	0.0198777	0.00166039	0.0041057
109	0.00935361	0.000469829	0.000465847	0.000635746	0.0243893	0.00106443	0.000506498	0.414825	0.00322835	0.129601	0.0392766	0.0006512	0.00295934	0.000675748	0.000751647	0.00577507	0.00976398	0.354975	0.000164696	0.000467031
110	0.00370302	0.0103886	0.00203151	0.0504475	0.00143276	0.00162613	0.155544	0.0126285	0.211944	0.00252008	0.0123445	0.0119772	0.000657612	0.34267	0.157348	0.00413139	0.0123984	0.00406539	0.00043149	0.00170976
111	0.0144397	0.000930317	0.186053	0.350443	0.00134911	0.00281868	0.0279977	0.00221767	0.18377	0.00979608	0.00116597	0.116143	0.0033766	0.0386561	0.0213185	0.0162826	0.0196279	0.00202918	0.00029455	0.00129059
112	0.00272527	0.00267045	0.00125152	0.00168464	0.135057	0.000836583	0.0721064	0.00300191	0.00319504	0.00188873	0.00285841	0.0046151	0.000656637	0.00137354	0.00283256	0.00588546	0.00504656	0.000942254	0.011752	0.73962
113	0.0825231	0.0145916	0.047172	0.0147087	0.00509679	0.0163324	0.013148	0.0119318	0.0302301	0.00280458	0.00521597	0.0448251	0.398555	0.00729711	0.0167297	0.239745	0.0373979	0.00610779	0.000632478	0.00495434
114	0.0160986	0.000459697	0.394352	0.390531	0.00438345	0.0101036	0.0068311	0.00083835	0.0440249	0.00117604	0.000487865	0.0541093	0.00261031	0.0332132	0.00259029	0.0244209	0.0123926	0.000747589	0.000148557	0.000480503
115	0.00449613	0.000264974	0.000440619	0.00252042	0.0153897	0.000349795	0.00041707	0.138281	0.00473951	0.724356	0.0660775	0.00159998	0.0022699	0.00159893	0.000576199	0.00356797	0.00238808	0.0284392	9.99643e-05	0.00212686
116	0.00145162	0.00159658	0.000757909	0.00103306	0.00047527	0.000601048	0.000671733	0.178331	0.00411919	0.00892648	0.00450166	0.00773732	0.000327973	0.00428581	0.000955752	0.00303071	0.0106769	0.768204	0.000246752	0.00206911
117	0.00360805	0.00027136	0.000939968	0.00927753	0.000445174	0.000517149	0.00819259	0.000719523	0.565323	0.000926872	0.00041049	0.00384006	0.000538636	0.0960628	0.299805	0.00139732	0.0037901	0.000788382	0.000162795	0.0029837
118	0.00878931	0.000523315	0.0170905	0.0479916	0.000768672	0.000998351	0.00851535	0.00118687	0.61318	0.00945834	0.000886715	0.0123708	0.0135972	0.107966	0.116557	0.0278204	0.0100448	0.00116416	0.00022713	0.000864176
119	0.0239008	0.00126499	0.00735885	0.0112957	0.0967147	0.00134409	0.169003	0.00343222	0.00453554	0.0139641	0.00348697	0.0137353	0.00588936	0.00853167	0.00373945	0.0108386	0.00588987	0.0019319	0.0455471	0.567596
120	0.00454528	0.00026207	0.00044262	0.00255115	0.0153263	0.000323725	0.0004151	0.133064	0.00473733	0.732542	0.0657777	0.00160736	0.00228677	0.00160189	0.0004922	0.00358123	0.00232195	0.0258702	0.000100536	0.00215064
121	0.246925	0.00136578	0.00282027	0.00899396	0.0334267	0.545769	0.00360772	0.00345595	0.0181017	0.00397317	0.00268965	0.00744323	0.00133926	0.0067452	0.00390813	0.0696629	0.018066	0.0140072	0.00102383	0.00667627
122	0.0046558	0.000950712	0.00350986	0.00318016	0.00135633	0.00387873	0.00245663	0.0120827	0.0629994	0.0024253	0.00181389	0.0047228	0.000767998	0.00415533	0.0503484	0.462624	0.373138	0.00297997	0.00043324	0.00152025
123	0.0026113	0.000788755	0.000658258	0.00128599	0.00185389	0.000517547	0.000732299	0.309292	0.00266432	0.0168809	0.00542303	0.0054681	0.000842546	0.00288872	0.000906552	0.00256926	0.00954243	0.633246	0.000168558	0.00165967
124	0.00331933	0.0010318	0.000577432	0.00142401	0.00351559	0.000454122	0.000851417	0.402316	0.00256988	0.0229639	0.00714378	0.00384407	0.00124556	0.00212456	0.000702667	0.00265117	0.00730924	0.533524	0.000192824	0.00223918
125	0.0566428	0.00486209	0.0268902	0.00492919	0.00223231	0.0134215	0.00372125	0.00471789	0.0334247	0.00266298	0.00187262	0.0241565	0.484054	0.00450244	0.00503625	0.298409	0.0151209	0.00314636	0.000524829	0.00967247
126	0.120521	0.0038159	0.00160573	0.0019115	0.00938836	0.0104082	0.0396201	0.129331	0.0365191	0.0219095	0.0257071	0.0159699	0.0886631	0.0865343	0.0406659	0.10302	0.0701735	0.161616	0.000322497	0.0322979
127	0.0672818	0.000987613	0.0551492	0.0212873	0.00154064	0.187365	0.0421304	0.00250325	0.0674628	0.00277862	0.0104311	0.0519152	0.0007359	0.022449	0.0629265	0.110311	0.261216	0.0121194	0.000514499	0.0188941
128	0.037443	0.00433249	0.377918	0.155892	0.00847505	0.0478192	0.0173623	0.00752559	0.0532096	0.0111366	0.00617564	0.102405	0.0199767	0.0345678	0.018146	0.0514753	0.0302374	0.00802884	0.00187239	0.00600079
129	0.0225478	0.00682227	0.0711511	0.0294869	0.0180949	0.075883	0.131749	0.00882074	0.0605528	0.0139681	0.0074248	0.309125	0.00781109	0.0233938	0.0829464	0.055051	0.0250712	0.00778802	0.00150963	0.0408029
130	0.00337187	0.00027661	0.000551706	0.000774638	0.478307	0.000427154	0.000904005	0.00304045	0.00604005	0.0572078	0.00406362	0.00196539	0.00021896	0.000866873	0.000684212	0.00147221	0.00126573	0.000614075	0.000472268	0.437475
131	0.00152659	0.00289589	0.000605026	0.000944652	0.223455	0.000584955	0.0156103	0.0011939	0.00219273	0.0106942	0.00145374	0.00176495	0.000269053	0.000930656	0.000937464	0.00435955	0.00413289	0.000845407	0.0112466	0.714357
132	0.287706	0.0190033	0.000527414	0.000768184	0.000847135	0.0154009	0.000659473	0.00301213	0.00210137	0.000984848	0.000778611	0.0043857	0.000316779	0.00167977	0.0030792	0.604277	0.0422426	0.00950488	0.000255549	0.00246854
133	0.623463	0.0648802	0.0012275	0.00185036	0.00113185	0.0436225	0.00134827	0.00772779	0.00315653	0.00501938	0.000871745	0.00247207	0.000540194	0.0018367	0.00347936	0.152456	0.0712443	0.012433	0.000214222	0.00102537
134	0.010653	0.00114272	0.00318563	0.0046636	0.0162162	0.00272022	0.0027037	0.231469	0.00992834	0.558391	0.0557469	0.00481208	0.00219165	0.00773257	0.00453062	0.00750747	0.00818374	0.0619756	0.000776711	0.00546892
135	0.0339519	0.0081833	0.0881046	0.0676184	0.0107962	0.0658856	0.0445017	0.0143153	0.0649938	0.0188714	0.0112774	0.294846	0.0132846	0.0406229	0.0580827	0.0839918	0.0455739	0.0200134	0.00180729	0.013278
136	0.163474	0.0211249	0.000438801	0.000593197	0.000779838	0.00593326	0.000516967	0.0025334	0.00133595	0.000618433	0.000682978	0.00529596	0.000257796	0.00171172	0.00266576	0.736819	0.0444736	0.00763534	0.000230391	0.00287858
137	0.338006	0.0191118	0.0104394	0.0228291	0.0049408	0.0499508	0.00507905	0.0119011	0.015554	0.00646642	0.00502933	0.0190375	0.00688797	0.0114665	0.00895799	0.39263	0.0520495	0.0148381	0.000900276	0.00392371
138	0.139786	0.00834272	0.00338855	0.00756287	0.0132952	0.00599682	0.00930349	0.237879	0.0178097	0.0674629	0.0257449	0.00679474	0.00986528	0.0193461	0.0145346	0.0438104	0.0549413	0.3016	0.0052008	0.00733473
139	0.0316324	0.00190425	0.00287683	0.00430209	0.455007	0.00507415	0.00484999	0.0117724	0.0138577	0.0483455	0.00360077	0.00510728	0.00125653	0.0119497	0.0191372	0.00651435	0.00516048	0.0177959	0.270445	0.0794106
140	0.0121688	0.00152249	0.0149141	0.00480928	0.000755822	0.0231501	0.0044443	0.00172372	0.00979377	0.00128197	0.00433439	0.0198237	0.000456945	0.0133127	0.0103546	0.366898	0.507223	0.00205798	0.00025205	0.000722516
141	0.0362807	0.00270639	0.357866	0.261391	0.00500193	0.0519941	0.00940144	0.00354832	0.0472879	0.00407514	0.00542337	0.0790855	0.00868547	0.0279904	0.00760194	0.0680051	0.0171976	0.00371558	0.000608418	0.00213373
142	0.23339	0.00317804	0.00993191	0.0123975	0.0138177	0.578221	0.00469254	0.0049481	0.0134184	0.00511745	0.00415387	0.0134225	0.00279422	0.0065495	0.00664571	0.0569587	0.0156579	0.00997004	0.00114326	0.00359196
143	0.0152709	0.00205453	0.0152776	0.00556766	0.000729826	0.0226117	0.00454216	0.0034204	0.0104806	0.00147619	0.00564666	0.0203858	0.000505761	0.0148353	0.010474	0.365543	0.496492	0.00352292	0.000221725	0.000941366
144	0.0211306	0.00113043	0.00192467	0.00331279	0.461595	0.00382293	0.00272417	0.010096	0.012138	0.0496931	0.00279269	0.00427677	0.00124102	0.0113478	0.0186197	0.00471268	0.00405993	0.0103463	0.296433	0.0786024
145	0.00598375	0.400174	0.00268417	0.00365857	0.00189854	0.00306505	0.0028275	0.0275431	0.00539392	0.00363447	0.00180353	0.00407428	0.00137637	0.00346184	0.00369611	0.0275105	0.0187452	0.48	0.000570692	0.00189852
146	0.00123818	0.00354425	0.00067386	0.00101693	0.147833	0.000667039	0.0173857	0.000878103	0.00142997	0.00101525	0.000853386	0.00156486	0.00030528	0.000908851	0.000971151	0.00408371	0.0038036	0.000885504	0.0132822	0.797659
147	0.00378377	0.000153028	0.000324035	0.0020121	0.000236076	0.000257818	0.000343939	0.60004	0.000584072	0.0133243	0.000247271	0.00191659	0.00180418	0.000510942	0.000391858	0.000685174	0.00199142	0.371083	8.74264e-05	0.000223455
148	0.062867	0.00288838	0.0350066	0.092947	0.00301409	0.0129988	0.00898564	0.0150223	0.222637	0.011052	0.00355629	0.0305557	0.31476	0.0281899	0.0325542	0.0777303	0.0265588	0.0124014	0.000869903	0.00540457
149	0.0454674	0.000401428	0.0179844	0.133111	0.00061568	0.00288246	0.00175026	0.00571511	0.523229	0.00298236	0.00149763	0.0145522	0.0882951	0.0332665	0.0606919	0.0294327	0.0298953	0.00685354	0.000292062	0.00108377
150	0.0154962	0.00123872	0.115838	0.0266118	0.00102409	0.605072	0.00293058	0.00169978	0.0155309	0.00156247	0.00639691	0.12741	0.00580096	0.00864006	0.0204779	0.0283165	0.00480615	0.00216487	0.00048891	0.00849452
151	0.0555993	0.00312675	0.00678596	0.00970519	0.00913535	0.0328888	0.00557182	0.0497939	0.0414282	0.076808	0.00843358	0.0133534	0.0031374	0.00779024	0.0116625	0.0139223	0.435694	0.208042	0.00115836	0.00596337
152	0.0421329	0.0115979	0.00329916	0.032402	0.00185017	0.016652	0.0501153	0.0551699	0.301448	0.0130353	0.00354543	0.0216279	0.00164506	0.0474487	0.28084	0.0219965	0.0487561	0.0360393	0.00134342	0.00905422
153	0.0711803	0.447154	0.00413458	0.00658283	0.00331822	0.0213202	0.00505117	0.0151211	0.00752477	0.00734536	0.00490399	0.00965863	0.00199759	0.00727237	0.00591927	0.16708	0.0415443	0.168302	0.00124403	0.00334514
154	0.0638779	0.00637478	0.0643624	0.0303841	0.00427686	0.0177083	0.00918775	0.00957044	0.0377043	0.00445025	0.00435364	0.0419905	0.39625	0.0116997	0.0107364	0.246616	0.0266827	0.0066118	0.000609621	0.00655195
155	0.0120749	0.000495049	0.00106426	0.00130964	0.0101313	0.00107773	0.00354499	0.494831	0.00339641	0.157176	0.109799	0.00550397	0.000611515	0.00924261	0.01166	0.00488483	0.0215825	0.143181	0.000252827	0.00818064
156	0.035073	0.00515753	0.185578	0.659693	0.00108668	0.000863528	0.00569953	0.00356619	0.0124687	0.00828664	0.000481199	0.008567	0.0189516	0.0363705	0.00109404	0.0101053	0.00541382	0.000824668	0.000131211	0.000587566
157	0.00705867	0.000313845	0.00133803	0.00340081	0.0147671	0.000426349	0.000760583	0.143135	0.00623349	0.715541	0.0609144	0.0022632	0.00207931	0.00249963	0.00154762	0.00399157	0.00344329	0.0278264	0.000180253	0.00227955
158	0.0735671	0.00519935	0.0340057	0.0433557	0.00737017	0.017273	0.0163262	0.0274794	0.0553746	0.0131092	0.0117558	0.0338051	0.208874	0.0765239	0.0223353	0.264055	0.0414014	0.034145	0.00239111	0.0116534
159	0.0864762	0.0134769	0.00588347	0.0049459	0.000786732	0.0114155	0.00192241	0.0102234	0.00556311	0.00171248	0.00855778	0.0135373	0.000577369	0.00778831	0.00503516	0.523538	0.282239	0.012339	0.000253317	0.00372938
160	0.0509561	0.00719599	0.0154341	0.0377822	0.068667	0.0138116	0.0344172	0.0592439	0.0540349	0.154311	0.0331603	0.0284449	0.0092725	0.121942	0.0318704	0.0326771	0.0327526	0.0334267	0.0197006	0.160898
161	0.0213454	0.0010945	0.0019155	0.00349773	0.456966	0.00479583	0.00304683	0.0103371	0.0116452	0.0492247	0.0031009	0.00413233	0.00096177	0.0113314	0.0190523	0.0043836	0.00411667	0.0108508	0.305884	0.0723175
162	0.0449702	0.00687694	0.0266367	0.0452461	0.0103784	0.0302846	0.0409858	0.0244854	0.218655	0.0247676	0.0152845	0.0677809	0.00828093	0.0611597	0.239072	0.0486272	0.0473769	0.0224109	0.00283476	0.0138847
163	0.0105048	0.000861047	0.00190553	0.00256487	0.0269406	0.00162	0.00472732	0.42413	0.00500003	0.137171	0.227818	0.00622951	0.000891957	0.00769155	0.0174541	0.00477574	0.0259236	0.0874666	0.000388229	0.00593546
164	0.0270227	0.0061589	0.0544588	0.055208	0.00656989	0.0292509	0.0484264	0.0173076	0.107731	0.0250754	0.0184425	0.203329	0.00670846	0.140236	0.127055	0.0538793	0.0371294	0.0236085	0.00173825	0.0106639
165	0.109409	0.000632715	0.142997	0.32475	0.00150413	0.00198005	0.00466482	0.00268877	0.0608022	0.00211887	0.00113821	0.0652402	0.00457253	0.122826	0.019867	0.0778083	0.0432646	0.00957797	0.000201701	0.00395619
166	0.112733	0.0197153	0.00117735	0.0137439	0.00108951	0.00428692	0.00114716	0.0490947	0.00771499	0.00727691	0.0348996	0.0166766	0.000948227	0.0109435	0.00176266	0.34822	0.314152	0.0464561	0.000458911	0.0075034
167	0.0492652	0.00676228	0.0674772	0.0360906	0.0084468	0.355278	0.0342614	0.00903263	0.0524738	0.0129504	0.00985497	0.13222	0.00729642	0.0160966	0.0852789	0.0628069	0.0271754	0.0100382	0.00561907	0.0115755
168	0.0507853	0.00668216	0.0359	0.0649287	0.012004	0.0185013	0.0253696	0.0297818	0.0932186	0.0307525	0.0218766	0.0491803	0.0108145	0.189287	0.0530462	0.0897413	0.167735	0.0333707	0.00347673	0.0135473
169	0.0216635	0.000960085	0.00221318	0.00334182	0.460727	0.00399637	0.00288125	0.00984952	0.0116545	0.048771	0.00283581	0.00349981	0.000766674	0.0112202	0.0183898	0.00439774	0.00380853	0.0103351	0.301859	0.076829
170	0.0701482	0.00499287	0.0667311	0.222871	0.0134328	0.0194723	0.0297749	0.0184466	0.157633	0.023643	0.0109875	0.051376	0.0140975	0.0576334	0.122793	0.0431558	0.0359777	0.022132	0.00331983	0.0113812
171	0.0431292	0.007671	0.0212881	0.03642	0.011168	0.0304059	0.0379127	0.0306928	0.220054	0.029938	0.0227024	0.0736819	0.0090325	0.0652488	0.230887	0.0474951	0.0373441	0.0228427	0.00664016	0.0154457
172	0.0745783	0.00783875	0.0216343	0.033007	0.0109174	0.0212425	0.0127249	0.0325436	0.043574	0.0199823	0.0153269	0.0269498	0.0130873	0.0254133	0.0236331	0.18577	0.372552	0.0424273	0.00281228	0.0139847
173	0.0285032	0.0021133	0.00365922	0.00572328	0.0165468	0.00448527	0.00425061	0.271988	0.0106781	0.32942	0.0504997	0.00570035	0.00290131	0.00953644	0.00691379	0.0144802	0.0459232	0.178118	0.00175056	0.00680837
174	0.00888731	0.000347055	0.000641361	0.000940701	0.00804123	0.000933766	0.000669859	0.529078	0.0041066	0.304209	0.0330476	0.00379933	0.000463102	0.0104095	0.00155329	0.00494048	0.00606538	0.0736493	0.000171847	0.00804589
175	0.00378377	0.000153028	0.000324035	0.0020121	0.000236076	0.000257818	0.000343939	0.60004	0.000584072	0.0133243	0.000247271	0.00191659	0.00180418	0.000510942	0.000391858	0.000685174	0.00199142	0.371083	8.74264e-05	0.000223455
176	0.170418	0.544333	0.00235898	0.00297416	0.00158525	0.0338987	0.00231289	0.0049016	0.0046999	0.00782213	0.00192123	0.00413666	0.00101603	0.00306766	0.00354921	0.0651001	0.0111548	0.132156	0.000778235	0.00181436
177	0.0309978	0.00579348	0.200467	0.666771	0.00115357	0.000772577	0.00479632	0.00313337	0.0117187	0.00840783	0.000560091	0.00690938	0.0143169	0.0285022	0.00101351	0.00824683	0.0048112	0.000919619	0.000174423	0.000534679
178	0.0456351	0.000538987	0.12135	0.54986	0.00619394	0.00601557	0.00127457	0.00538544	0.160086	0.00137707	0.000736745	0.00631947	0.0119271	0.0210916	0.00440031	0.022608	0.0169426	0.0171617	0.000264544	0.000831731
179	0.0139567	0.00092894	0.120819	0.0295601	0.00103279	0.617323	0.00169205	0.00157653	0.0168717	0.00147228	0.00683244	0.114468	0.00636554	0.00895655	0.0229598	0.0224421	0.00426938	0.00169741	0.000465286	0.00631039
180	0.317368	0.00553376	0.00075412	0.0010904	0.00132441	0.025221	0.000720648	0.00128844	0.00377691	0.000880174	0.000591593	0.0033281	0.000568304	0.00163862	0.00516623	0.609004	0.0101142	0.0103297	0.000239492	0.00106187
181	0.00754285	0.00151574	0.00409743	0.0588376	0.050403	0.00282143	0.167628	0.00404902	0.0058468	0.00510242	0.0030601	0.00690097	0.00167562	0.0328181	0.00404501	0.142481	0.0347665	0.00413585	0.0187036	0.443569
182	0.2069	0.0112919	0.00346182	0.00514264	0.0135816	0.00964895	0.00597369	0.139304	0.00868259	0.104575	0.0182847	0.00660048	0.00585941	0.0158266	0.00965309	0.0422523	0.0538833	0.311934	0.0241806	0.00296379
183	0.0422108	0.0256491	0.0188999	0.0329826	0.0018931	0.162898	0.0176889	0.00278223	0.00615409	0.0051989	0.0019052	0.110684	0.00120013	0.0064358	0.0191527	0.476019	0.0626238	0.00324517	0.0005856	0.00179094
184	0.012119	0.00372103	0.00552286	0.00935485	0.183859	0.0121557	0.0470994	0.0157712	0.016452	0.0197015	0.00637004	0.0143664	0.00192425	0.00982577	0.0124942	0.0150853	0.0113948	0.00937429	0.0167556	0.576653
185	0.0151867	0.00128126	0.00843261	0.00802109	0.013196	0.00556754	0.00368576	0.166308	0.0145909	0.57507	0.0449016	0.0208772	0.00334048	0.00793811	0.00684475	0.0264057	0.0105566	0.0607919	0.00183726	0.00516635
186	0.0483803	0.0036483	0.160376	0.451412	0.00494159	0.0171533	0.0111908	0.00846295	0.088631	0.0106081	0.00425782	0.0364976	0.0166744	0.0478715	0.0197666	0.0328389	0.0219384	0.009788	0.00115501	0.00440799
187	0.121831	0.00752841	0.0502956	0.0294081	0.0105632	0.482538	0.0142731	0.00642263	0.0245601	0.00886755	0.00789061	0.0728212	0.00564515	0.0140579	0.0193595	0.0773186	0.0264165	0.0105163	0.00256127	0.00712506
188	0.101125	0.405729	0.0169618	0.0166699	0.00900016	0.0257184	0.0113886	0.0167498	0.0205116	0.0233101	0.0260377	0.0187292	0.00928521	0.012224	0.0198903	0.0910039	0.0242922	0.138288	0.00192889	0.0111567
