257	20
1	0.026569	0.00199981	0.00189319	0.00497787	0.0376023	0.00613713	0.0030309	0.100034	0.00209822	0.4379	0.2545	0.00573646	0.00401732	0.00769398	0.0137108	0.0123924	0.00693047	0.0553184	0.00897907	0.00847916
2	0.0175062	0.000280055	0.579456	0.130935	0.00440584	0.0205244	0.00668928	0.00390114	0.0382301	0.00796861	0.0012829	0.0882918	0.000382541	0.0262865	0.0164395	0.0335576	0.0141113	0.00335207	0.000403031	0.00599667
3	0.0103005	0.00104149	0.418741	0.0298244	0.00312034	0.0137264	0.0358423	0.0086084	0.0104024	0.0103048	0.00377205	0.368129	0.00100332	0.0160265	0.0158617	0.0201226	0.0163396	0.00496282	0.00269629	0.00917406
4	0.035954	0.00654861	0.0408024	0.0268645	0.00538558	0.534784	0.00987997	0.00945652	0.0184569	0.0172932	0.00907779	0.0946548	0.00313199	0.0369533	0.022492	0.0442155	0.0488431	0.0205341	0.00498514	0.00968694
5	0.0199297	0.00515404	0.00124673	0.00516589	0.0326203	0.00368379	0.00403296	0.188392	0.0128151	0.319556	0.111183	0.00299449	0.00119353	0.0265479	0.0113171	0.00949461	0.0226892	0.20796	0.00317841	0.0108447
6	0.620553	0.000947453	0.00168519	0.00262184	0.00218985	0.0537445	0.0020817	0.00868879	0.00387354	0.0999602	0.0180926	0.00311412	0.000956927	0.00376055	0.00222626	0.0215301	0.00340971	0.142041	0.000855711	0.00766739
7	0.0140557	0.00503542	0.00154902	0.0252228	0.0112601	0.0100865	0.0212557	0.0152572	0.109643	0.0673877	0.0109729	0.0530687	0.000797266	0.0647346	0.448046	0.0231722	0.0656029	0.0281593	0.00534285	0.0193497
8	0.0401616	0.000881505	0.0151403	0.0414846	0.0171385	0.00725864	0.0171637	0.0530113	0.11304	0.0462502	0.0325287	0.0258375	0.00491631	0.0589189	0.100461	0.107384	0.180009	0.12024	0.00532278	0.0128508
9	0.102447	0.00177641	0.00359668	0.0223017	0.00281019	0.0070847	0.0092546	0.0115958	0.0472514	0.0250718	0.00586597	0.0111694	0.624585	0.0185839	0.0195607	0.0394145	0.0184355	0.0195332	0.00452388	0.00513739
10	0.0647546	0.00119026	0.00291822	0.0174579	0.00323016	0.00507714	0.0077894	0.0182908	0.0295662	0.0304289	0.00522149	0.009188	0.690029	0.0152324	0.0122527	0.0279196	0.0248214	0.0266558	0.00299657	0.00497987
11	0.0324784	0.00435918	0.00708347	0.0182059	0.0221966	0.0107871	0.010364	0.0563822	0.0145177	0.289714	0.258333	0.0145385	0.0112424	0.0674266	0.0182961	0.0457518	0.0425957	0.0468312	0.0104263	0.0184701
12	0.0632818	0.123437	0.0161542	0.0209141	0.00779967	0.424307	0.00965054	0.0164126	0.0135379	0.0181762	0.0109422	0.0440405	0.00379453	0.0273404	0.0164155	0.0895363	0.0398246	0.0343206	0.00353212	0.0165827
13	0.020982	0.000663733	0.00250654	0.00759324	0.200526	0.00891349	0.0170277	0.0173613	0.00310898	0.0335048	0.0272301	0.0111716	0.00122124	0.0111526	0.0022399	0.0305905	0.0228197	0.00878046	0.343127	0.22948
14	0.0446613	0.00193553	0.00485161	0.00788971	0.00722398	0.00680408	0.00624471	0.00929261	0.00677625	0.127667	0.45112	0.115062	0.00557208	0.0107918	0.0084627	0.102208	0.0375419	0.03647	0.00277308	0.00665224
15	0.076138	0.00396912	0.0718821	0.00536644	0.00459162	0.00497436	0.0544231	0.00656507	0.0049241	0.0107411	0.00623943	0.0111041	0.0466142	0.00766105	0.00520373	0.454457	0.187751	0.00750117	0.00214978	0.0277438
16	0.0365704	0.00399375	0.0111941	0.0260332	0.0654873	0.0920844	0.0161012	0.0823616	0.0158425	0.0519153	0.112885	0.0235439	0.0116767	0.0279951	0.0287023	0.0322983	0.0985282	0.0318159	0.151302	0.0796681
17	0.148959	0.00195379	0.00325088	0.294739	0.00213193	0.0996155	0.00282426	0.013702	0.00417438	0.053948	0.021269	0.0562438	0.00107377	0.164611	0.00257019	0.0908653	0.0292751	0.00408074	0.00137112	0.00334166
18	0.0384034	0.00461899	0.0080069	0.0284639	0.0296691	0.0109859	0.044813	0.0163196	0.129135	0.103077	0.0159908	0.0372447	0.00269104	0.0684392	0.321814	0.024884	0.0456937	0.0292277	0.00444535	0.0360768
19	0.0062503	0.00040528	0.00590127	0.00181447	0.235887	0.00524392	0.0183787	0.00835661	0.00173306	0.0355601	0.00204156	0.00197039	0.000550751	0.0016697	0.00108393	0.0140416	0.00299519	0.00198169	0.0165516	0.637583
20	0.0151641	0.00333288	0.00702464	0.0592812	0.039958	0.139388	0.00869673	0.014807	0.0162058	0.122239	0.0820984	0.0138094	0.0377503	0.0436407	0.133193	0.0158905	0.116046	0.0452991	0.041344	0.0448307
21	0.0447644	0.762193	0.003403	0.00708447	0.0117311	0.0156728	0.00522141	0.0128432	0.00754885	0.0177966	0.00769458	0.0129541	0.0021932	0.00938223	0.00570458	0.0267297	0.0235639	0.0130748	0.00248209	0.00796193
22	0.0733841	0.00190929	0.0973249	0.0941065	0.00416954	0.0367197	0.0295555	0.0349672	0.0881417	0.0609357	0.00556939	0.0931233	0.00398623	0.0719982	0.0393711	0.0981303	0.112106	0.0391384	0.00571558	0.00964776
23	0.0220849	0.00120041	0.00250909	0.0185149	0.0174532	0.00354156	0.00329599	0.179873	0.0033326	0.0226455	0.0229444	0.0052016	0.00127871	0.00795987	0.00322459	0.00664476	0.432763	0.225568	0.00161341	0.0183499
24	0.00442687	0.000860238	0.419036	0.00988965	0.00213042	0.00299852	0.0404621	0.008203	0.00365366	0.0049546	0.00299397	0.422015	0.000754291	0.00911454	0.022459	0.015283	0.0144523	0.00309721	0.00103526	0.012181
25	0.022175	0.604232	0.00381929	0.00652896	0.0777787	0.00850567	0.00558176	0.0381125	0.00487593	0.091109	0.0319839	0.00586409	0.00185938	0.00799812	0.00673967	0.00848094	0.0153407	0.0408162	0.00331417	0.0148842
26	0.05216	0.000589233	0.109086	0.117676	0.00166117	0.0126514	0.0241537	0.0444413	0.148395	0.0296554	0.0026447	0.0426388	0.000912062	0.0746849	0.0615438	0.047007	0.131919	0.0877635	0.00749533	0.0029213
27	0.014558	0.00620315	0.0638631	0.061997	0.178332	0.0150096	0.0453918	0.0142282	0.0218663	0.0723701	0.0114141	0.0571407	0.0163472	0.0124322	0.0488311	0.0196774	0.0369958	0.0224607	0.00859516	0.272286
28	0.0524605	0.00126985	0.00247137	0.0300861	0.00227408	0.00341284	0.0133732	0.00854999	0.0806165	0.0306706	0.00568585	0.0152875	0.575113	0.032843	0.038311	0.0594974	0.0199829	0.0187873	0.0055067	0.00379999
29	0.0246206	0.000441944	0.522707	0.133476	0.00837377	0.008707	0.00892566	0.0057073	0.0638963	0.00650368	0.00123424	0.0815293	0.000328843	0.0437816	0.0302395	0.0275707	0.0224503	0.00190701	0.000510936	0.00708889
30	0.105296	0.00468168	0.153844	0.111479	0.000958193	0.0594963	0.0253041	0.00554535	0.0643858	0.0142353	0.00178669	0.102171	0.00677228	0.0589492	0.0244781	0.148092	0.0807031	0.0125375	0.0101413	0.00914325
31	0.0305508	0.778491	0.00442122	0.00613651	0.0110988	0.0104559	0.00440124	0.00641548	0.00527331	0.0153092	0.00639726	0.0149327	0.00192489	0.00877065	0.0045829	0.0292041	0.0413418	0.0117251	0.00223504	0.00633207
32	0.0146552	0.0109688	0.00107668	0.00244717	0.0242058	0.00167163	0.00304618	0.328481	0.00150015	0.294762	0.0360314	0.00178801	0.00201657	0.00381658	0.00499815	0.00925561	0.0092879	0.238894	0.00169596	0.00940118
33	0.00620817	0.000820532	0.02168	0.0027956	0.00204431	0.104485	0.0954601	0.00305551	0.0135726	0.00415678	0.0030406	0.138215	0.000995092	0.0149565	0.0816357	0.464181	0.00385654	0.0042207	0.000930918	0.0336903
34	0.0288317	0.000729575	0.441009	0.247451	0.00430518	0.017963	0.00522989	0.00401827	0.0443477	0.00735387	0.00222523	0.0531453	0.00053657	0.0439775	0.0126902	0.0620941	0.0124875	0.00419796	0.000808937	0.00659775
35	0.0679517	0.00717416	0.00119481	0.040859	0.0076773	0.0461169	0.0373826	0.00226494	0.282462	0.0150936	0.0156894	0.100737	0.0010362	0.142275	0.146657	0.0461094	0.00991741	0.00318206	0.0236863	0.00253261
36	0.0942595	0.00576102	0.0153324	0.0194872	0.117416	0.0110286	0.0240054	0.0392786	0.0204004	0.217083	0.134394	0.0752453	0.00450223	0.0217465	0.0155909	0.034644	0.0251178	0.0534992	0.0142809	0.0569268
37	0.0196269	0.00429432	0.000862224	0.00158595	0.311572	0.00108273	0.00118986	0.168773	0.00108053	0.224271	0.127854	0.00183343	0.000458385	0.00172966	0.00101787	0.00285399	0.00158427	0.0745409	0.0012783	0.0525105
38	0.0187806	0.000697527	0.00123158	0.0213546	0.0137563	0.00165855	0.00204883	0.0215392	0.462946	0.0251833	0.0316278	0.0017395	0.00427318	0.0699239	0.226494	0.00384919	0.0336701	0.0572138	0.0005629	0.00144948
39	0.0607859	0.000956665	0.00356398	0.0414547	0.0134197	0.0140649	0.0356868	0.136263	0.134066	0.122647	0.0316118	0.00378659	0.00834014	0.0355517	0.170758	0.0407195	0.0406876	0.0970286	0.0023323	0.00627532
40	0.00923626	0.000602169	0.00149022	0.00382957	0.0370661	0.00296264	0.00201793	0.0910084	0.00177563	0.348359	0.408507	0.00315832	0.0024984	0.00556617	0.00384889	0.00369921	0.00283822	0.0427955	0.0247771	0.00396332
41	0.278507	0.000871864	0.00202413	0.0034497	0.00665259	0.00319139	0.0141878	0.0558506	0.00282396	0.0383625	0.0226996	0.00361798	0.00102878	0.0158337	0.00251659	0.101741	0.078183	0.353025	0.00108737	0.0143451
42	0.180526	0.0176123	0.0400798	0.175324	0.0023604	0.0115195	0.00561811	0.00381299	0.0431437	0.0284248	0.0146075	0.0462684	0.00212204	0.0913394	0.00496751	0.214376	0.0756784	0.00534259	0.00636214	0.0305144
43	0.0227521	0.000349762	0.531461	0.176539	0.0022567	0.0396033	0.00248537	0.00227467	0.0364615	0.0107134	0.00174779	0.0661342	0.00045772	0.0198692	0.00623379	0.0574518	0.00994398	0.00585962	0.000508565	0.00689624
44	0.089049	0.00544242	0.0822616	0.101645	0.00479832	0.272698	0.0158342	0.00884113	0.0619699	0.0159565	0.00779918	0.0492446	0.00389891	0.0406178	0.0233105	0.142313	0.0476182	0.0128466	0.00576238	0.00809252
45	0.0335029	0.000444729	0.00125471	0.00721794	0.232129	0.0109493	0.0199992	0.0186786	0.00162843	0.0419115	0.0493977	0.0155983	0.000574476	0.0144955	0.00133825	0.0274229	0.0299219	0.0100683	0.170407	0.31306
46	0.0225222	0.00673833	0.0176019	0.00240542	0.00896607	0.00190779	0.017376	0.00969941	0.104119	0.241398	0.00259208	0.00336837	0.000912191	0.0812141	0.434311	0.0198067	0.00351817	0.0177911	0.000793545	0.0029582
47	0.0348868	0.000357592	0.450719	0.216855	0.00386941	0.0196517	0.00428693	0.00281445	0.0683582	0.00575635	0.00152216	0.0506593	0.000435673	0.0418918	0.0143104	0.0608902	0.0128419	0.0032818	0.000510031	0.00610131
48	0.436011	0.00378399	0.00181934	0.00218727	0.0154515	0.0273021	0.00302761	0.0455449	0.00210343	0.163124	0.0277876	0.00275807	0.000726394	0.00336577	0.00369168	0.00994795	0.00685935	0.227278	0.00157554	0.0156554
49	0.035929	0.00619611	0.0350345	0.0228915	0.00425168	0.632404	0.00720526	0.00966965	0.0134918	0.0113442	0.00883128	0.0675956	0.00193396	0.0386623	0.0236172	0.0331674	0.0167889	0.0198087	0.00333684	0.00783973
50	0.0117782	0.000776692	0.00521737	0.00467179	0.228512	0.00683637	0.0200186	0.0119378	0.00201245	0.0368822	0.0112444	0.00808662	0.000787857	0.00456924	0.00194527	0.0169864	0.00850393	0.00654179	0.0512376	0.561454
51	0.0257395	0.00135053	0.0411967	0.400177	0.00598484	0.0032617	0.00569688	0.00359361	0.126808	0.0112166	0.00375729	0.108987	0.000996358	0.146327	0.0231617	0.00570702	0.0496812	0.031522	0.00164551	0.00318982
52	0.00652587	0.00036316	0.00438355	0.00149396	0.232824	0.00500527	0.0209209	0.0102644	0.00120029	0.0349658	0.00203872	0.00215565	0.000423825	0.00151618	0.00087654	0.0140598	0.00255248	0.00211462	0.020592	0.635723
53	0.00926897	0.00264297	0.000985243	0.0024121	0.00858217	0.00346043	0.00126221	0.309073	0.00124354	0.233661	0.0203783	0.00150083	0.00136099	0.0029442	0.00122634	0.00664196	0.009582	0.377608	0.00233485	0.00383138
54	0.109987	0.100785	0.0055887	0.00753256	0.00468979	0.0367184	0.0363004	0.245596	0.00676706	0.038086	0.0325323	0.158925	0.00230818	0.00842049	0.00484813	0.115762	0.0105121	0.0617166	0.00239079	0.0105337
55	0.0111681	0.00243414	0.000711972	0.00372706	0.00107241	0.00113235	0.00094715	0.507502	0.00112154	0.167648	0.0457535	0.00134414	0.00391927	0.0041121	0.00111946	0.0183421	0.0196638	0.20666	0.000452792	0.00116805
56	0.0344303	0.002123	0.336108	0.0779136	0.00424135	0.251005	0.00976832	0.0118523	0.0342033	0.0128582	0.00725141	0.0724013	0.00398406	0.031867	0.0110174	0.046769	0.0224363	0.0113329	0.00313079	0.0153058
57	0.0222835	0.00111495	0.511898	0.0939153	0.00518661	0.0349821	0.0179049	0.00741832	0.0330376	0.0121786	0.00434127	0.130249	0.00216747	0.0269699	0.0204576	0.0391124	0.0174295	0.007185	0.00174892	0.010419
58	0.0236097	0.837501	0.00390975	0.00549656	0.0122201	0.0085461	0.00492692	0.00615198	0.00411148	0.0169392	0.00686429	0.00739193	0.00185307	0.00807581	0.0034787	0.0130189	0.0198493	0.00821553	0.00222697	0.00561283
59	0.0192396	0.000692009	0.00226897	0.00469081	0.186515	0.00734022	0.0182306	0.0144929	0.0017276	0.0323325	0.0232118	0.0100653	0.000656691	0.00842317	0.00158213	0.0207575	0.0207216	0.00705644	0.315164	0.304831
60	0.0732224	0.00109612	0.00261669	0.00419876	0.00322744	0.00408455	0.00348153	0.0199337	0.00331204	0.248929	0.288041	0.00743761	0.0789118	0.0231893	0.00375876	0.195245	0.027106	0.0065869	0.00149298	0.00412798
61	0.334843	0.00172486	0.0966063	0.188185	0.0183	0.0385648	0.00370572	0.0045012	0.00528671	0.00681445	0.0208951	0.0221658	0.00149013	0.0081521	0.0203599	0.178555	0.0237508	0.00579259	0.00178938	0.0185179
62	0.0111435	0.00275953	0.0553396	0.00910694	0.0023619	0.655809	0.00338279	0.00383754	0.00862547	0.00651307	0.00361992	0.109348	0.00142804	0.0542725	0.0195393	0.0202138	0.00947998	0.0182413	0.00173763	0.0032406
63	0.0187118	0.00455116	0.000898837	0.0321596	0.0111563	0.0136774	0.0221371	0.013761	0.130928	0.0368856	0.00999405	0.0612461	0.00055448	0.0689469	0.421225	0.0277581	0.0673019	0.0300744	0.00674006	0.021292
64	0.0165253	0.00452791	0.00235892	0.00590553	0.0350443	0.00430149	0.0044024	0.311902	0.00749905	0.290889	0.0684683	0.00479089	0.00212834	0.0100885	0.00816355	0.0134094	0.0171252	0.180693	0.00203637	0.00973956
65	0.0151638	0.000916872	0.00241847	0.0434764	0.022642	0.00329336	0.00756107	0.0634348	0.073512	0.0612826	0.0550816	0.00355418	0.00174137	0.180045	0.0933518	0.0366321	0.0744328	0.237722	0.00434535	0.0193918
66	0.328296	0.00103361	0.00198194	0.0162645	0.00253162	0.0144956	0.00279441	0.00533406	0.00293758	0.0286723	0.0034773	0.00377168	0.546998	0.00401585	0.00291268	0.00527273	0.00673293	0.0183337	0.00131347	0.00282923
67	0.0038575	0.000735304	0.471378	0.0129178	0.00162824	0.00305052	0.0501496	0.00912023	0.00358837	0.00461145	0.00279183	0.376891	0.000768256	0.00723151	0.0155487	0.012226	0.011084	0.0028079	0.000737328	0.00887664
68	0.0651729	0.000366718	0.00188448	0.0362153	0.000856903	0.00116924	0.0129494	0.00387265	0.0874258	0.0203574	0.00145125	0.0171178	0.572421	0.025189	0.0345391	0.077055	0.0163578	0.0168885	0.00642285	0.00228653
69	0.0500098	0.000556367	0.10532	0.12025	0.00169113	0.0120028	0.024776	0.0447173	0.153813	0.0316151	0.00257436	0.045694	0.000949681	0.0757557	0.0580685	0.0462877	0.131838	0.0831294	0.00797558	0.00297537
70	0.0335237	0.00543631	0.0351228	0.0341087	0.0142288	0.039845	0.0271191	0.0152059	0.0936594	0.0424225	0.0167281	0.108981	0.00967627	0.0591274	0.311885	0.047054	0.0504376	0.0263918	0.00886096	0.0201861
71	0.0290155	0.00584219	0.00964105	0.0111712	0.296832	0.00986095	0.0159337	0.0628708	0.00913295	0.113204	0.0647106	0.0176537	0.00381112	0.0128599	0.00763295	0.0196482	0.0187408	0.0484298	0.0429898	0.200019
72	0.0997283	0.00106511	0.00309896	0.021223	0.00280483	0.00636382	0.00924863	0.0135739	0.0366065	0.0273735	0.00758623	0.0107043	0.642628	0.0179245	0.0158325	0.0349814	0.0195285	0.0213244	0.003706	0.00469769
73	0.00621341	0.000820534	0.021713	0.00278794	0.00205003	0.104352	0.0957501	0.00304478	0.0135598	0.0041634	0.00304126	0.13827	0.000995269	0.0149522	0.0817221	0.463729	0.00386606	0.00426173	0.000927048	0.0337808
74	0.030895	0.00429963	0.0327775	0.0191633	0.00346421	0.65815	0.00484221	0.0061346	0.012626	0.0116563	0.0079658	0.0710122	0.00237964	0.0382586	0.0248303	0.0297227	0.0171192	0.0155947	0.00282706	0.00628077
75	0.0053095	0.000793479	0.00187363	0.00322983	0.0170092	0.00229639	0.00183793	0.417063	0.00269459	0.062401	0.418735	0.0033453	0.0108403	0.00429947	0.00199712	0.00447058	0.00374814	0.029891	0.00546431	0.00269994
76	0.0714831	0.000785467	0.00175297	0.0224883	0.00169981	0.0122206	0.011805	0.00254728	0.578651	0.0105923	0.00264776	0.0147079	0.0615213	0.0317932	0.13374	0.00972489	0.0245886	0.00397123	0.00127918	0.00200013
77	0.282568	0.00124736	0.0433985	0.021707	0.0328254	0.0203577	0.0801781	0.00418624	0.0834617	0.00734199	0.00442111	0.145564	0.0168809	0.036209	0.0356324	0.0724405	0.0219781	0.0221817	0.00181061	0.0656095
78	0.015733	0.00495227	0.00108134	0.0024178	0.0203781	0.00350294	0.00258686	0.260628	0.0020675	0.29961	0.0463383	0.00206131	0.00105537	0.00578934	0.00373378	0.0058849	0.0123044	0.300686	0.00160444	0.00758409
79	0.662526	0.000817402	0.00107041	0.00172725	0.00124795	0.0756107	0.00156969	0.0140317	0.0120531	0.00436641	0.00211771	0.00198597	0.000554514	0.00230879	0.00138951	0.170976	0.00296115	0.0406317	0.000660945	0.00139374
80	0.023463	0.000323464	0.535841	0.130239	0.00735124	0.00922045	0.00844125	0.00503794	0.0616948	0.00643909	0.00115729	0.0811249	0.000306038	0.0426119	0.0289001	0.0283991	0.0206602	0.00191063	0.000342557	0.00653555
81	0.010508	0.000382512	0.00386768	0.00256336	0.230721	0.0059997	0.0219697	0.0102245	0.00123234	0.0347087	0.00847541	0.00469429	0.000489609	0.00373936	0.00114214	0.0148931	0.0076121	0.00300128	0.0551831	0.578592
82	0.0285912	0.000304022	0.000558708	0.00179698	0.0105264	0.0114535	0.00068255	0.251965	0.000790623	0.119947	0.0760627	0.000958345	0.000769672	0.00459714	0.000651315	0.00556756	0.0161932	0.463808	0.00213171	0.00264407
83	0.0591725	0.00875307	0.0520492	0.0292845	0.0323784	0.0280436	0.235411	0.0266813	0.0362521	0.0477105	0.0380873	0.0797267	0.0103304	0.06096	0.031948	0.0741087	0.0424231	0.0383546	0.0165452	0.0517799
84	0.135152	0.00253917	0.0911951	0.0763358	0.00106687	0.0933085	0.0172027	0.0063399	0.0532095	0.00930286	0.00204456	0.0754352	0.00570427	0.0598967	0.0277159	0.253925	0.0658179	0.0117226	0.00676226	0.00532325
85	0.0145874	0.00404508	0.00855116	0.00355368	0.00628466	0.00171996	0.00996498	0.00673872	0.308012	0.152545	0.00327102	0.00270334	0.00232315	0.0626983	0.382008	0.0108057	0.0043783	0.0127487	0.000729307	0.00233082
86	0.0122696	0.00327872	0.0308792	0.00570072	0.00336078	0.6844	0.00490063	0.00344905	0.00717506	0.00486363	0.00351402	0.117543	0.00128221	0.0403079	0.0357373	0.0134888	0.00892081	0.0127229	0.00263613	0.0035696
87	0.0244497	0.00193266	0.00328559	0.00587443	0.0430027	0.00618883	0.00371266	0.0844998	0.00368245	0.377869	0.300401	0.00813093	0.00636924	0.0108249	0.0123845	0.0216309	0.0110846	0.0493755	0.0145971	0.0107031
88	0.0139084	0.00374335	0.0072929	0.00640418	0.00726722	0.00219219	0.00918088	0.00846743	0.327762	0.132756	0.00536371	0.00478472	0.00162309	0.0634134	0.364936	0.0104268	0.00944116	0.0169765	0.000945734	0.00311372
89	0.0335275	0.00495856	0.00495505	0.00225128	0.371964	0.00241579	0.00288714	0.118428	0.00206648	0.203399	0.103595	0.00411041	0.000858766	0.00299399	0.00206037	0.00576378	0.00490722	0.0777196	0.00206157	0.0490763
90	0.0241397	0.00379048	0.0337258	0.0240121	0.00387034	0.646746	0.00644305	0.00724199	0.0133414	0.0112529	0.00680609	0.0736695	0.00229154	0.0591751	0.0240085	0.0212199	0.0141675	0.0163875	0.00266586	0.0050445
91	0.0148956	0.00103499	0.000822503	0.00301017	0.00516761	0.00113079	0.00103956	0.479502	0.0011768	0.134125	0.131418	0.0014777	0.0030157	0.00510542	0.0010938	0.0130496	0.0180386	0.182519	0.000439021	0.00193825
92	0.0303905	0.00149445	0.00320955	0.00925218	0.199088	0.0124912	0.0196639	0.0183818	0.00468487	0.0384242	0.0385773	0.015436	0.00134715	0.0142557	0.00395289	0.026438	0.0375166	0.0121079	0.199697	0.31359
93	0.1508	0.00175664	0.00230925	0.298316	0.00206941	0.106438	0.00254887	0.0144347	0.00363326	0.0539435	0.0219786	0.0527715	0.000938745	0.158121	0.00239072	0.0922846	0.0272599	0.00379972	0.00125948	0.00294645
94	0.0301255	0.00174404	0.439569	0.0838755	0.00330224	0.0578357	0.0136157	0.00664432	0.0308093	0.0253621	0.00419921	0.116453	0.00253778	0.0264418	0.0124979	0.097583	0.0264491	0.00838501	0.00335077	0.00921822
95	0.0348998	0.0222135	0.00231534	0.00171271	0.151173	0.0015586	0.00675873	0.129812	0.00122199	0.27444	0.0823124	0.00242897	0.000470537	0.00272238	0.0104613	0.00871619	0.00887054	0.213506	0.00625753	0.0381486
96	0.217687	0.0122826	0.017877	0.0413381	0.00531612	0.397701	0.00983413	0.0144051	0.0170738	0.0160259	0.0126303	0.0364146	0.00411461	0.0320825	0.0156041	0.0844972	0.0232172	0.0285223	0.0035603	0.00981624
97	0.0540488	0.000712349	0.046736	0.0282184	0.0107608	0.00374371	0.0306317	0.0195189	0.101249	0.0204113	0.00247684	0.144637	0.00980141	0.0342598	0.0455703	0.136183	0.277548	0.0224171	0.000715931	0.0103606
98	0.0487368	0.00154553	0.00391571	0.0454793	0.0718401	0.0157743	0.107731	0.00444302	0.252662	0.15827	0.0355266	0.0458421	0.00225707	0.0450078	0.0200132	0.00557874	0.0475609	0.0190877	0.00172737	0.0670016
99	0.0689996	0.0142764	0.0251542	0.0303563	0.0133371	0.029629	0.0209699	0.022347	0.0280683	0.0905292	0.0331312	0.0386899	0.0111124	0.0389683	0.0212967	0.235052	0.214013	0.0403038	0.00488045	0.0188857
100	0.0241257	0.829778	0.0036939	0.00723628	0.0125253	0.0094773	0.00472866	0.00795147	0.00447737	0.0178624	0.00619312	0.00682637	0.00159556	0.00769001	0.00447394	0.0146298	0.0201259	0.00852466	0.00196751	0.00611721
101	0.348952	0.00135633	0.0232075	0.1692	0.00337807	0.249199	0.00341216	0.00467243	0.0221179	0.00871191	0.0559615	0.0250165	0.00171488	0.0277869	0.00422769	0.032105	0.00748127	0.00592598	0.00167833	0.00389478
102	0.0442611	0.00564419	0.00927143	0.0597993	0.0103092	0.130992	0.0261329	0.0108849	0.17389	0.0268133	0.017932	0.0655661	0.00477023	0.0843264	0.196019	0.0387716	0.0301129	0.0159901	0.0370108	0.0115023
103	0.00596582	0.000342859	0.00458868	0.00106605	0.234299	0.00476948	0.0188542	0.00840735	0.00121	0.0343675	0.0015559	0.00138676	0.00042326	0.00135679	0.000864888	0.0134205	0.00219623	0.00172743	0.0170277	0.64617
104	0.00462755	0.000783998	0.00155954	0.00284321	0.00200308	0.00246603	0.0022319	0.140109	0.0859659	0.370139	0.0250229	0.0155854	0.00125744	0.0889852	0.0218608	0.0205217	0.139077	0.0712194	0.0012042	0.00253735
105	0.0237087	0.00204626	0.49321	0.085328	0.00786834	0.0295621	0.0203744	0.00939352	0.0331041	0.0145742	0.00472983	0.137151	0.00241609	0.02777	0.0198262	0.0414958	0.0215182	0.00963318	0.00248337	0.0138062
106	0.237459	0.00320188	0.0030748	0.0119233	0.0104792	0.00588714	0.0101564	0.110163	0.0107818	0.0385158	0.0475772	0.0137743	0.00269225	0.015731	0.0109191	0.107174	0.143196	0.203612	0.00277434	0.010908
107	0.0306818	0.0011217	0.0574973	0.199282	0.0159967	0.00331572	0.0143888	0.00342485	0.168626	0.0271855	0.0034555	0.0674685	0.00106344	0.305227	0.0391663	0.00553914	0.039092	0.0117361	0.00181717	0.00391495
108	0.0180727	0.00389835	0.00642591	0.0192595	0.010088	0.00835252	0.0125717	0.0173831	0.00996117	0.0894595	0.0994984	0.0110263	0.0036526	0.188802	0.0102362	0.0666512	0.377199	0.0240659	0.00444147	0.0189548
109	0.0217647	0.00526524	0.00119406	0.00159443	0.292254	0.00119401	0.00166257	0.157808	0.00106537	0.238382	0.128194	0.00212351	0.000461541	0.00231267	0.001685	0.00338561	0.00250099	0.0879377	0.0018869	0.0473279
110	0.42165	0.00214819	0.0102033	0.0187954	0.00815456	0.0441411	0.0147755	0.0260195	0.0879829	0.0251999	0.0133118	0.0127539	0.00536309	0.0225106	0.0300216	0.117078	0.0245779	0.103074	0.00372583	0.00851253
111	0.0551038	0.00124782	0.304787	0.345603	0.00228482	0.011954	0.00252351	0.00246303	0.0345177	0.00561448	0.00302442	0.0294178	0.000971942	0.0332625	0.0023286	0.149975	0.00532154	0.00471683	0.00118456	0.00369742
112	0.0266853	0.00238717	0.00850203	0.0145041	0.142404	0.0172757	0.0190005	0.0227956	0.0100397	0.0361734	0.0311116	0.0171926	0.00214682	0.0185465	0.0106073	0.0303148	0.0326153	0.0140114	0.354699	0.188987
113	0.010045	0.00136636	0.113746	0.11425	0.00235593	0.538087	0.00317504	0.00603401	0.066939	0.0061147	0.00509505	0.0495369	0.00183444	0.0351877	0.00445809	0.00959552	0.0186501	0.00638288	0.00172531	0.0054219
114	0.0310428	0.000637424	0.000883214	0.00180949	0.0138378	0.0127821	0.00101518	0.205084	0.00147732	0.119421	0.0530523	0.00138941	0.000571056	0.00390163	0.00150681	0.0040672	0.0143124	0.526001	0.00290945	0.00429815
115	0.0256983	0.0036641	0.502824	0.0984677	0.00474965	0.023646	0.0190941	0.0083519	0.0329186	0.011627	0.00491604	0.139387	0.00218971	0.0274999	0.0173243	0.0415031	0.019689	0.00671546	0.00115864	0.00857539
116	0.041302	0.00125874	0.00425542	0.00765184	0.198964	0.00824924	0.0117753	0.0115753	0.00452908	0.0603923	0.103605	0.0115921	0.00129212	0.0116917	0.00392859	0.0635149	0.0173827	0.0253144	0.0582548	0.353471
117	0.0109948	0.00418663	0.00100064	0.00243612	0.0325171	0.00387748	0.00201253	0.236891	0.00132114	0.266383	0.0256937	0.00180755	0.000714255	0.00389235	0.00273293	0.00302115	0.0140087	0.371651	0.00196644	0.012892
118	0.0417116	0.00257138	0.0168271	0.0452915	0.0151909	0.0107985	0.0142311	0.0468215	0.237398	0.0593381	0.0295108	0.0200811	0.00677389	0.0587541	0.122872	0.0468508	0.109037	0.100613	0.00474941	0.0105781
119	0.0227047	0.00526207	0.000997789	0.00139412	0.315272	0.00112857	0.001445	0.152838	0.0010003	0.224553	0.125986	0.00192744	0.000426022	0.00192107	0.0016053	0.00324865	0.00185759	0.0835872	0.00154862	0.0512961
120	0.0409875	0.00175972	0.390967	0.0922592	0.00225538	0.0902973	0.0162624	0.00715763	0.0344737	0.0136496	0.00371395	0.103395	0.00274362	0.0305091	0.0159679	0.102532	0.0279141	0.00929152	0.00322681	0.0106373
121	0.145109	0.0678667	0.00638992	0.019415	0.00489663	0.2248	0.00886568	0.00870965	0.00996826	0.0150377	0.00641258	0.0306931	0.00273191	0.0167515	0.0091229	0.26526	0.0925111	0.0564658	0.00240845	0.00658488
122	0.0228869	0.824903	0.00376745	0.0065455	0.0132019	0.00932952	0.0048101	0.0085339	0.00527279	0.0180012	0.0075963	0.0089861	0.00207323	0.00748362	0.00429897	0.0131359	0.0184827	0.0114078	0.00213545	0.00714816
123	0.00579743	0.000778569	0.0023404	0.00412063	0.112438	0.0277332	0.080794	0.00399534	0.00335759	0.00552431	0.0034571	0.380026	0.00121535	0.00421991	0.00311071	0.0585192	0.0047831	0.00436581	0.00120457	0.292219
124	0.00602129	0.000343657	0.0045846	0.00108394	0.23429	0.00481526	0.0189808	0.00841757	0.00121887	0.0342492	0.00171668	0.00145513	0.000420282	0.00140514	0.000862445	0.0134875	0.00228978	0.00174545	0.0176448	0.644967
125	0.0701361	0.000974088	0.00364918	0.0753152	0.0140295	0.0189507	0.0156607	0.116443	0.101471	0.0585733	0.0393311	0.0050795	0.0699241	0.0410773	0.104575	0.0733653	0.0990898	0.0799681	0.00409793	0.0082887
126	0.113856	0.00040261	0.0504461	0.105738	0.011782	0.00862504	0.0246704	0.045679	0.0709736	0.198194	0.0205015	0.0299625	0.000748912	0.101065	0.0632733	0.0471579	0.0486108	0.0327418	0.000813157	0.0247591
127	0.0269718	0.00450216	0.00199609	0.00172998	0.361314	0.00182899	0.00154247	0.132121	0.00164078	0.209539	0.123997	0.00279517	0.000673948	0.00250517	0.00149743	0.00419492	0.00254982	0.0714303	0.00195743	0.0452126
128	0.154034	0.00380012	0.0366338	0.0737884	0.00180034	0.205779	0.0179295	0.0101295	0.039488	0.0112225	0.00341432	0.043513	0.00289606	0.0465091	0.0330611	0.225382	0.0644492	0.018963	0.00353422	0.00367241
129	0.13089	0.00135375	0.00273798	0.0326107	0.136471	0.00834735	0.0403493	0.0102241	0.00319912	0.0980294	0.0268855	0.0367506	0.00142399	0.0308533	0.00324399	0.0235428	0.0115513	0.00775571	0.0777004	0.31608
130	0.0128619	0.0015236	0.00135517	0.00419574	0.0358573	0.00337111	0.00224859	0.13809	0.00170862	0.392274	0.309475	0.00315018	0.00263529	0.00524011	0.00694947	0.00409324	0.00347573	0.0530888	0.0118743	0.00653121
131	0.0284369	0.00529486	0.0981465	0.0292593	0.0180876	0.0187054	0.0212564	0.0177842	0.0201125	0.142616	0.0182172	0.303383	0.0070493	0.0867852	0.0176381	0.0278978	0.0332814	0.0251056	0.0590288	0.0219136
132	0.0695184	0.00696683	0.00115641	0.0422383	0.00800857	0.0461425	0.0361926	0.00226149	0.281697	0.0156626	0.0155101	0.10062	0.00100311	0.141221	0.146535	0.0465608	0.00961891	0.00313001	0.023375	0.0025815
133	0.0296146	0.00494259	0.0112367	0.0254675	0.0148825	0.0131832	0.0217173	0.0301417	0.0203254	0.0726392	0.124085	0.0209036	0.00877763	0.149053	0.0194867	0.0544524	0.308784	0.0400185	0.00677167	0.0235167
134	0.0116569	0.00319854	0.0246851	0.00585362	0.00262127	0.701948	0.00361562	0.00310021	0.0112489	0.00540224	0.00356736	0.0989787	0.00123123	0.0429689	0.039584	0.0141859	0.00866731	0.0124023	0.00235835	0.00272578
135	0.0904316	0.00236116	0.00666797	0.0254627	0.0140702	0.0170128	0.0497842	0.051486	0.134626	0.0480298	0.0226054	0.0191269	0.00641165	0.0457655	0.244192	0.0642715	0.0409229	0.099252	0.00395514	0.0135648
136	0.0611118	0.000382179	0.00201079	0.0359274	0.000799613	0.0011148	0.0147125	0.00390574	0.0839934	0.0202217	0.00151362	0.0178072	0.580582	0.0275226	0.0325896	0.075193	0.0161796	0.0157405	0.00638886	0.0023026
137	0.00498091	0.00078284	0.00193897	0.00296419	0.010436	0.0020957	0.00165749	0.51595	0.0026469	0.0365127	0.343736	0.00303366	0.008573	0.00367559	0.00195859	0.00452678	0.00357968	0.0471199	0.0012793	0.00255227
138	0.0302579	0.000405711	0.000766883	0.00138428	0.0171093	0.0200556	0.000919275	0.161549	0.000977959	0.123622	0.0565883	0.00112735	0.000335661	0.00337194	0.000723339	0.00166618	0.0135526	0.558636	0.00268158	0.00426881
139	0.00634287	0.000519428	0.004495	0.00107338	0.235926	0.00478785	0.0185051	0.0100293	0.00117924	0.0365408	0.00281058	0.00148584	0.000425977	0.00140329	0.00087212	0.0133983	0.00228246	0.00280172	0.0177448	0.637377
140	0.146904	0.00698381	0.0179788	0.0692516	0.0126648	0.0272693	0.0675822	0.0252444	0.0223138	0.0828885	0.0572387	0.0711613	0.00398233	0.0375837	0.018238	0.206178	0.0335562	0.072176	0.0042887	0.016516
141	0.0236844	0.839054	0.00399515	0.00488828	0.0133019	0.00797755	0.0048533	0.00730932	0.00470102	0.0163539	0.00688171	0.00725098	0.00167076	0.00691984	0.00415689	0.0113625	0.0189894	0.00922299	0.00180359	0.00562277
142	0.100393	0.03743	0.027648	0.266478	0.00666913	0.0175635	0.00892706	0.00837167	0.0254365	0.0267816	0.0163636	0.0317963	0.00351584	0.0882735	0.00796904	0.218449	0.0728877	0.0108619	0.00498108	0.0192033
143	0.0171009	0.000426633	0.00168861	0.00438067	0.188037	0.00708434	0.0182229	0.0141767	0.00144487	0.0317386	0.0205901	0.00893449	0.000415158	0.00715566	0.00120959	0.0198631	0.0190631	0.00529557	0.341616	0.291556
144	0.260789	0.0011051	0.00230162	0.0174397	0.00236706	0.0118591	0.00502781	0.00606001	0.0146431	0.0281474	0.00377254	0.00585934	0.576864	0.00808989	0.0077732	0.0157317	0.00912829	0.0177464	0.00193279	0.00336214
145	0.140859	0.00310398	0.0535308	0.00622903	0.189948	0.00427043	0.0341236	0.0348771	0.00470114	0.136918	0.0353135	0.0296299	0.00280901	0.00612771	0.00617295	0.0309939	0.0306186	0.170686	0.00663807	0.072449
146	0.118846	0.106461	0.0145538	0.0215723	0.0189413	0.104124	0.0230856	0.129675	0.017172	0.0358073	0.0275529	0.0488388	0.00632997	0.0256318	0.0171741	0.055828	0.0321204	0.0380143	0.00883164	0.149439
147	0.11133	0.000414252	0.0482529	0.106519	0.0128307	0.00899857	0.0238492	0.0453479	0.0678039	0.19987	0.0228596	0.0275902	0.000773247	0.110116	0.0635624	0.0465058	0.0460635	0.0325528	0.000623383	0.0241362
148	0.00484712	0.000694557	0.491548	0.0233147	0.00196909	0.0038796	0.0435763	0.0100612	0.00680747	0.00454144	0.00250474	0.345317	0.000643627	0.00867772	0.0156288	0.013272	0.0108733	0.00270072	0.000630955	0.00851254
149	0.0103509	0.000372708	0.00350167	0.00197104	0.235539	0.00568941	0.0182711	0.0102497	0.00111651	0.033177	0.0100793	0.00390791	0.000386949	0.00360371	0.000906492	0.0153635	0.00801985	0.00312131	0.0588697	0.575502
150	0.108259	0.0028658	0.1258	0.0972563	0.00155024	0.054741	0.0226347	0.00528971	0.0716292	0.0108046	0.001822	0.0974235	0.0135215	0.0566838	0.0222581	0.160617	0.119015	0.0100527	0.0088295	0.00894646
151	0.120008	0.000424464	0.0486863	0.102692	0.0122937	0.00831365	0.0234238	0.0466472	0.0690549	0.201913	0.0202511	0.0284301	0.000798134	0.10195	0.0630142	0.0470189	0.0462818	0.0319652	0.00065193	0.0261819
152	0.0278043	0.00203133	0.000676642	0.00249694	0.0103409	0.0068594	0.00145598	0.30023	0.000853894	0.173287	0.0801163	0.00120988	0.00124213	0.00754316	0.00193972	0.00868146	0.0185722	0.350228	0.00120451	0.00322654
153	0.227181	0.00314918	0.00881876	0.038981	0.00272287	0.143542	0.0115753	0.033694	0.046626	0.00725858	0.00405741	0.0283647	0.00163741	0.0627447	0.0636076	0.213894	0.0538458	0.0425917	0.00182732	0.00388056
154	0.0651439	0.00126685	0.00333032	0.00584822	0.00368208	0.00469948	0.0796397	0.0752326	0.00371985	0.00783652	0.00569449	0.100032	0.00147397	0.00577523	0.022201	0.13582	0.20886	0.0961993	0.00188194	0.171663
155	0.0224999	0.839355	0.00366371	0.00593281	0.0119067	0.00796115	0.00490377	0.00671126	0.00438031	0.0174861	0.00759857	0.00691505	0.00167404	0.007918	0.00440605	0.0107521	0.0190313	0.00863575	0.00237216	0.00589679
156	0.0365761	0.00445603	0.106175	0.0163349	0.0309417	0.0227965	0.141417	0.0172696	0.0156304	0.0218198	0.0142775	0.356866	0.00380946	0.0235208	0.0176216	0.0574374	0.0282094	0.0181634	0.00706369	0.0596133
157	0.0132391	0.00211883	0.00503874	0.0091673	0.00592429	0.0069979	0.0343626	0.0361353	0.00641013	0.198909	0.237697	0.00820334	0.00284628	0.0867816	0.00647988	0.0731725	0.13551	0.0392376	0.00304651	0.0887228
158	0.0210522	0.000428324	0.0014088	0.00497332	0.195201	0.00818811	0.0178312	0.0175387	0.00158453	0.0314423	0.028741	0.0111539	0.000455323	0.00927065	0.00130427	0.0251387	0.0232595	0.00678058	0.339164	0.255084
159	0.0302	0.006163	0.0138307	0.0266049	0.0138049	0.0163827	0.0224217	0.0200532	0.141414	0.0873264	0.0191913	0.0345694	0.0062263	0.0691325	0.367368	0.0323975	0.0417198	0.0297302	0.00531216	0.016151
160	0.12389	0.0148902	0.008696	0.0526901	0.00888634	0.0102094	0.0154516	0.0608169	0.0190532	0.0210014	0.049921	0.191647	0.00383313	0.0547373	0.0155387	0.0337624	0.180366	0.120599	0.00366337	0.0103461
161	0.00600078	0.000342871	0.00458453	0.00106065	0.234176	0.00477575	0.0188926	0.00840339	0.00121825	0.0343868	0.00159649	0.00140659	0.000423199	0.00136507	0.000864936	0.0134525	0.00222048	0.00173973	0.0170871	0.646002
162	0.0557637	0.00126965	0.274141	0.0347065	0.00266824	0.280879	0.0154109	0.0439029	0.045599	0.0180612	0.0166301	0.061073	0.0137193	0.0319286	0.00307817	0.0200729	0.0205784	0.016811	0.00131997	0.0423873
163	0.0131525	0.00133349	0.515506	0.0518449	0.0032069	0.016014	0.031495	0.00750072	0.0190978	0.00754469	0.0035607	0.242372	0.00110831	0.0167186	0.0166821	0.0247431	0.0141824	0.0039438	0.000906701	0.00908612
164	0.0116245	0.00196299	0.000787195	0.00369449	0.0018173	0.00135218	0.00108089	0.519521	0.0012597	0.142132	0.0570448	0.001586	0.0059261	0.00427704	0.00117639	0.0191182	0.0205717	0.203087	0.000479971	0.00150151
165	0.0197501	0.00125321	0.116426	0.226989	0.0673806	0.00850504	0.0032839	0.00353533	0.0274578	0.0337088	0.00700705	0.0205741	0.00133163	0.245959	0.0187705	0.0229932	0.0747175	0.0323787	0.0145849	0.0533948
166	0.0630581	0.00111048	0.210454	0.100823	0.00850823	0.0148366	0.01922	0.037147	0.0749622	0.0855323	0.0100082	0.0545335	0.00268861	0.0626074	0.0535861	0.0775215	0.0722553	0.0249822	0.00280488	0.0233601
167	0.135534	0.0702281	0.0116783	0.0181185	0.00408729	0.0153102	0.0124946	0.00807983	0.00911162	0.0107228	0.0083927	0.188959	0.00232091	0.0328457	0.00631858	0.253004	0.1636	0.0404142	0.0024965	0.00628314
168	0.0194862	0.000403953	0.00137318	0.00521658	0.187884	0.00785814	0.0202728	0.0152083	0.00143737	0.0326687	0.0244363	0.010867	0.000488186	0.00863556	0.00115991	0.0205165	0.0222565	0.00581786	0.341959	0.272055
169	0.114395	0.00390421	0.148479	0.117597	0.000845443	0.0573667	0.0233402	0.00460094	0.0643948	0.011426	0.00166445	0.097719	0.0081784	0.0590822	0.0231825	0.149396	0.0798477	0.0130739	0.0112346	0.0102726
170	0.10479	0.00325161	0.123926	0.0955048	0.000760655	0.0672126	0.0217809	0.00570383	0.0601424	0.0146696	0.00186705	0.0905829	0.00689153	0.0596876	0.0256449	0.20827	0.0780565	0.0125564	0.0110873	0.00761395
171	0.0213321	0.000413926	0.000661778	0.00138584	0.0149059	0.0114168	0.000847794	0.179703	0.000917499	0.136318	0.0387478	0.00117531	0.000360785	0.00238665	0.000807696	0.00157813	0.0107224	0.567167	0.00413229	0.00501909
172	0.0398168	0.000428048	0.00162439	0.0538738	0.024827	0.00512458	0.0149785	0.0803627	0.107889	0.0675158	0.0534052	0.00230274	0.00556451	0.0607261	0.104133	0.0783896	0.122564	0.153931	0.00693842	0.0156057
173	0.0983522	0.00302745	0.124906	0.0844986	0.00079716	0.0691016	0.0226715	0.00443287	0.0636497	0.0119969	0.00160092	0.0979226	0.00709108	0.0591119	0.0221994	0.23028	0.0756202	0.00772907	0.00835827	0.00665269
174	0.0173411	0.000786525	0.00108203	0.00753736	0.00989961	0.00270861	0.00166648	0.37246	0.00165496	0.105069	0.0579415	0.00259748	0.00214048	0.0110632	0.00172899	0.0137696	0.111246	0.271464	0.00098089	0.00686278
175	0.0185693	0.00103977	0.000768179	0.00423176	0.00118454	0.0012505	0.000873374	0.471145	0.00104599	0.140731	0.0781909	0.00125468	0.00297682	0.00576445	0.000850623	0.0198006	0.0295241	0.219188	0.000400601	0.0012098
176	0.0290402	0.000606047	0.505884	0.136177	0.00703589	0.0105493	0.00866602	0.004895	0.0645508	0.00686916	0.00115761	0.0833831	0.000315856	0.0448815	0.0301573	0.0318217	0.0236884	0.00250428	0.000930705	0.00688607
177	0.0424764	0.000734451	0.0019531	0.017911	0.205779	0.0144626	0.0467495	0.0205894	0.00215063	0.0556749	0.0308665	0.0284492	0.00100349	0.0168447	0.0025427	0.0204129	0.0219865	0.00729891	0.16604	0.296074
178	0.0333244	0.000380735	0.00121357	0.0070661	0.232403	0.0108588	0.0201303	0.0185855	0.00144865	0.0409086	0.0457281	0.01558	0.000539241	0.0145157	0.00127548	0.027673	0.0300604	0.00963765	0.168159	0.320511
179	0.185808	0.00125831	0.0137982	0.00410291	0.116146	0.00299297	0.0380479	0.0276342	0.00328077	0.054373	0.0230903	0.0253541	0.00128347	0.0047661	0.00316234	0.0257263	0.0242616	0.258817	0.0151324	0.170964
180	0.183359	0.00315053	0.00552564	0.0137574	0.00368917	0.080899	0.114522	0.00702572	0.0139416	0.0138096	0.0119265	0.0468681	0.00224155	0.0741416	0.0187515	0.316671	0.015237	0.0633691	0.00238412	0.00873014
181	0.634373	0.0010079	0.00283772	0.0120964	0.00180595	0.0964488	0.00217238	0.0128698	0.0174358	0.00618058	0.00632818	0.00400078	0.000869485	0.00441168	0.00257995	0.14842	0.0041826	0.0394586	0.000760864	0.00175962
182	0.091522	0.00115442	0.00409215	0.0237369	0.0026469	0.00727882	0.00992031	0.0104768	0.0410911	0.0262285	0.0129733	0.0122899	0.62755	0.0210769	0.017839	0.0397651	0.0186715	0.0216467	0.00480592	0.00523394
183	0.0311998	0.00717479	0.0349985	0.0195079	0.00247818	0.668289	0.00533609	0.00644391	0.0147045	0.00801325	0.00556331	0.0703235	0.00209165	0.0393671	0.0231992	0.0264525	0.0142161	0.0138241	0.00269977	0.00411714
184	0.0989372	0.00266525	0.00422624	0.0104261	0.00564952	0.0720477	0.150757	0.00631043	0.100179	0.0119549	0.0321504	0.0215436	0.00214187	0.100005	0.123785	0.197836	0.0100065	0.0156469	0.00466766	0.0290641
185	0.0183887	0.000421897	0.00170838	0.00445956	0.197625	0.00757783	0.017696	0.0147924	0.00156457	0.0308805	0.0244981	0.00965938	0.000531063	0.00816949	0.00134965	0.0213943	0.0208941	0.00587344	0.339066	0.27345
186	0.0832821	0.00724853	0.0187824	0.0181752	0.0542492	0.0116228	0.106058	0.0613493	0.0211667	0.0764309	0.019356	0.260517	0.00450384	0.0213526	0.0151356	0.0799198	0.0855269	0.0293731	0.00587543	0.0200739
187	0.0475748	0.00651734	0.231794	0.0413667	0.0351865	0.0505948	0.0224772	0.02633	0.0265216	0.0543598	0.0953606	0.0527439	0.0111703	0.0354954	0.0223789	0.0419184	0.0344343	0.0323729	0.0136059	0.117797
188	0.300901	0.000944114	0.00259502	0.016329	0.00293955	0.0135029	0.00396938	0.00594015	0.00769624	0.0316402	0.00388496	0.00487652	0.553017	0.00597979	0.00506109	0.0093263	0.00824992	0.0183628	0.00161019	0.00317339
189	0.0249909	0.000926925	0.524056	0.088194	0.00337775	0.0265895	0.0195759	0.00935258	0.0302142	0.0104327	0.00404348	0.142222	0.00145919	0.0236064	0.0166564	0.0380666	0.016607	0.00865051	0.00174642	0.00923141
190	0.020358	0.00347247	0.0188807	0.121282	0.0535338	0.0100894	0.0089087	0.0133795	0.0140222	0.0285232	0.150923	0.0127206	0.00940154	0.303769	0.0158307	0.0570771	0.0725607	0.0629475	0.00539734	0.0169231
191	0.0126974	0.00462496	0.00104246	0.00266385	0.0159986	0.00278185	0.00231019	0.308958	0.00146235	0.283952	0.0366637	0.00182394	0.00138931	0.00474206	0.0029327	0.00723004	0.0115114	0.289573	0.00154604	0.0060961
192	0.0155232	0.000929088	0.00073771	0.00560032	0.0083045	0.00295731	0.000928638	0.428197	0.00092055	0.136196	0.0636879	0.00125213	0.00249151	0.00592891	0.000861813	0.0150428	0.0329075	0.272543	0.00054782	0.00444188
