379	20
1	0.101865	0.00453581	0.00353759	0.00558464	0.0721233	0.0359954	0.00324713	0.0505045	0.0893731	0.144856	0.0915131	0.00594936	0.0764929	0.00671121	0.0452224	0.110605	0.0613149	0.030222	0.0492735	0.0110735
2	0.0792942	0.00336333	0.0950293	0.0708334	0.0110561	0.126402	0.0341322	0.00522744	0.105867	0.0273341	0.00846923	0.0417412	0.0383365	0.0830588	0.119715	0.0732579	0.027564	0.0386564	0.00542767	0.00523429
3	0.0814324	0.0112006	0.279992	0.111008	0.00234705	0.118979	0.0244918	0.0138437	0.0337411	0.0293182	0.0151416	0.0606426	0.0243048	0.0424198	0.00489724	0.0752682	0.0466789	0.0221427	0.000789679	0.00136046
4	0.0402084	0.00449876	0.000545859	0.00110607	0.0137026	0.00576001	0.000313241	0.454346	0.000419153	0.113276	0.0360769	0.00160378	0.00330192	0.000904298	0.000544832	0.00306023	0.0229385	0.296015	0.000302979	0.00107472
5	0.0518824	0.00171669	0.0563003	0.0601383	0.0104491	0.114409	0.0427868	0.00489028	0.158965	0.0215547	0.00740113	0.0530096	0.0178527	0.098129	0.162122	0.0726427	0.0242106	0.0274964	0.00740066	0.00664299
6	0.0685681	0.0236654	0.00955774	0.0107047	0.00394794	0.0450997	0.0145086	0.0438197	0.125503	0.0658358	0.0701537	0.0496815	0.0037332	0.0385054	0.151311	0.144302	0.0524264	0.064545	0.0109179	0.00321317
7	0.00963897	0.00348966	0.342056	0.412075	0.0052136	0.00622855	0.00257686	0.00662534	0.00300272	0.00857338	0.00499452	0.0448465	0.00244997	0.0655269	0.0198845	0.011014	0.0232173	0.0234681	0.00200191	0.00311624
8	0.0433204	0.0032655	0.000587357	0.00135671	0.0426725	0.00802691	0.000417622	0.279753	0.000438041	0.312278	0.0459064	0.00127471	0.00167817	0.00431444	0.000944334	0.00839962	0.0211566	0.21913	0.00118882	0.00389116
9	0.101305	0.00133746	0.000455901	0.000893362	0.0566707	0.0194914	0.000155236	0.184176	0.000237328	0.308463	0.0440476	0.000324259	0.00169407	0.00308863	0.000669337	0.0198156	0.0339739	0.220181	0.00148969	0.00153116
10	0.0532677	0.0170682	0.0320425	0.0188519	0.00255002	0.0812655	0.0138195	0.0334182	0.0831532	0.0266507	0.0281935	0.0953568	0.00202357	0.0353889	0.14188	0.20171	0.0813012	0.0384954	0.00539902	0.00816432
11	0.0295204	0.00307487	0.000502939	0.00186654	0.0508014	0.00603045	0.000317742	0.236929	0.000588779	0.3846	0.0665866	0.0008958	0.00126079	0.00530878	0.00173901	0.00788085	0.0162943	0.180587	0.00134401	0.00387028
12	0.674177	0.00611043	0.00100414	0.000663201	0.00100308	0.0266627	0.000373999	0.00215286	0.000958656	0.0053147	0.00731292	0.000809387	0.0018716	0.00142171	0.000667977	0.151205	0.103623	0.0127636	0.000356495	0.00154783
13	0.0136918	0.00188345	0.000212346	0.00129116	0.0695366	0.00337624	0.000151667	0.141419	0.000231357	0.555577	0.0574428	0.000232761	0.000171455	0.00785914	0.00106783	0.00570201	0.00806697	0.126905	0.00178553	0.00339569
14	0.119968	0.00329977	0.00261047	0.0054514	0.00561538	0.00751151	0.00600607	0.0108624	0.0195676	0.0181067	0.00621759	0.0115043	0.593334	0.0176415	0.0100263	0.0721853	0.0507306	0.0318618	0.0027817	0.00471819
15	0.675782	0.00624618	0.000747998	0.000623546	0.00117508	0.0295882	0.000381601	0.00183393	0.00088612	0.00511833	0.00657908	0.000750603	0.00175421	0.00134734	0.000626226	0.151709	0.100663	0.0123713	0.000352439	0.00146372
16	0.156209	0.000994673	0.00065241	0.00058211	0.0576781	0.0298529	0.000129932	0.198405	0.000255067	0.171275	0.0302857	0.000358579	0.00269528	0.00030493	0.000240805	0.0307185	0.0515874	0.265742	0.00156389	0.000468745
17	0.0139238	0.00191317	0.000209975	0.00130517	0.0689197	0.00339314	0.000165939	0.140812	0.00022822	0.556732	0.0577577	0.000229656	0.000172399	0.00784071	0.00106801	0.00574179	0.00808729	0.1264	0.00176862	0.00333072
18	0.257732	0.00735118	0.024203	0.0413165	0.0116457	0.365925	0.00360523	0.00705398	0.00799761	0.0152531	0.00696254	0.0102791	0.0244836	0.0147502	0.0229577	0.10869	0.0399574	0.0199375	0.00267463	0.00722423
19	0.0273837	0.0379685	0.00504404	0.0111595	0.131129	0.0110156	0.0130141	0.0455484	0.0155258	0.206381	0.0207865	0.0247245	0.00456216	0.103288	0.0582274	0.0365453	0.0573873	0.113207	0.0299929	0.0471089
20	0.600107	0.0223648	0.00162563	0.00171839	0.00327142	0.00867783	0.00139143	0.00577515	0.00229781	0.0492677	0.0514934	0.00244306	0.00219121	0.00243248	0.00218821	0.0667205	0.134023	0.0374071	0.00124769	0.00335634
21	0.235546	0.0370207	0.0031203	0.0037355	0.0345233	0.0499878	0.00225486	0.100043	0.00688165	0.0980283	0.0143152	0.00541368	0.00567178	0.00638058	0.00606341	0.200245	0.0919207	0.0905313	0.00298242	0.00533455
22	0.0123227	0.00379173	0.364011	0.381602	0.00496762	0.0093803	0.00331528	0.00694131	0.00514658	0.00959962	0.00516783	0.0467939	0.00326283	0.0609073	0.019708	0.0137036	0.0223754	0.0219614	0.00191477	0.00312753
23	0.119204	0.00261852	0.00436309	0.00613089	0.00663867	0.0104481	0.00613758	0.0107842	0.0203626	0.017967	0.00580218	0.011831	0.582521	0.0176509	0.0121949	0.0742124	0.0523958	0.0318495	0.00314959	0.00373887
24	0.0312635	0.00427743	0.000453216	0.00100381	0.0186011	0.00460816	0.000331415	0.437171	0.000419748	0.142637	0.0378131	0.0011277	0.0028029	0.00156807	0.000620585	0.00209086	0.0195406	0.291222	0.000360104	0.00208769
25	0.669758	0.00607855	0.001064	0.00116948	0.00142632	0.0282866	0.000423533	0.00238936	0.000971656	0.00588163	0.00691917	0.000915168	0.00240857	0.00146474	0.00101669	0.14432	0.110442	0.0129944	0.000462053	0.00160807
26	0.112869	0.0183132	0.0156322	0.0226582	0.0359811	0.0321622	0.00903268	0.0388875	0.0228749	0.185321	0.0365894	0.01826	0.0213125	0.105606	0.0284107	0.159789	0.048902	0.0557856	0.0131588	0.0184547
27	0.0296616	0.00445509	0.000966801	0.00248249	0.0691436	0.00729404	0.000797523	0.170015	0.00211476	0.476209	0.0524407	0.00114331	0.0023235	0.00852824	0.00178446	0.0112884	0.0149883	0.136116	0.00273749	0.00551039
28	0.0396332	0.00436288	0.000380903	0.000590283	0.00755704	0.00599859	0.000320794	0.428125	0.000379956	0.0921077	0.0392232	0.00162087	0.00281223	0.000556845	0.000508127	0.00192222	0.0182878	0.354714	0.000269945	0.000628444
29	0.0130569	0.00412446	0.329755	0.395733	0.00571531	0.0116324	0.00471015	0.00818994	0.00674153	0.0103491	0.00568659	0.0476539	0.00333289	0.0638862	0.0216471	0.0145397	0.0233273	0.0240754	0.00249689	0.00334556
30	0.118786	0.00931122	0.00580303	0.0042194	0.00734869	0.0194628	0.00301009	0.0172354	0.00598584	0.0170493	0.012842	0.011579	0.00530587	0.00532036	0.0089022	0.23601	0.469944	0.027897	0.00599334	0.00799448
31	0.648299	0.00763866	0.00123073	0.00166477	0.00428827	0.0141509	0.000865544	0.0123883	0.00216704	0.0244617	0.0274434	0.00252949	0.00471648	0.0022241	0.0015498	0.0826162	0.126952	0.0306063	0.00134352	0.00286331
32	0.00757509	0.00181854	0.00137931	0.00151124	0.466405	0.00257177	0.00265112	0.0357278	0.00155352	0.0550087	0.00965558	0.00196447	0.00146512	0.00189471	0.00177108	0.0105901	0.00367092	0.0253353	0.00119335	0.366257
33	0.0435652	0.00405149	0.000386672	0.000520465	0.00593212	0.0065528	0.000426841	0.399011	0.000477379	0.0820907	0.0369463	0.00215259	0.0023638	0.000573235	0.000622309	0.00190358	0.015372	0.396167	0.000259571	0.000625006
34	0.0732192	0.00788938	0.013443	0.0100587	0.0374599	0.566281	0.0166724	0.0140275	0.0128455	0.0320258	0.0112194	0.0152794	0.0114301	0.0114118	0.0116619	0.0482619	0.0220339	0.0229729	0.00495046	0.056856
35	0.0107048	0.00664941	0.00696013	0.0431148	0.0242635	0.00959043	0.0903249	0.0139991	0.14966	0.0249933	0.00771141	0.0143782	0.00314733	0.142407	0.391715	0.0247425	0.00749662	0.02184	0.00206336	0.00423805
36	0.0137675	0.00246784	0.000227197	0.00163324	0.0563394	0.00283012	0.000156723	0.154331	0.000231365	0.56349	0.0530502	0.000298629	0.000196201	0.00859822	0.00109236	0.0047339	0.00753371	0.125001	0.00137061	0.00265073
37	0.127193	0.00826248	0.0169236	0.0112421	0.0106943	0.585826	0.00477685	0.00911416	0.0107551	0.0177797	0.00638944	0.0113955	0.00611195	0.0110563	0.0159426	0.0899602	0.0286862	0.0184415	0.00207137	0.00737771
38	0.218274	0.00163858	0.00213664	0.003132	0.00288648	0.00334859	0.00327344	0.00381895	0.00900484	0.00655177	0.00293505	0.0109199	0.51878	0.00696532	0.00551601	0.0944103	0.0594773	0.0439172	0.00106288	0.0019506
39	0.0624129	0.00237469	0.00590123	0.0127684	0.045122	0.00384236	0.00674898	0.195646	0.00754471	0.0808299	0.0529698	0.0496251	0.00162916	0.00554777	0.00595721	0.0236064	0.0846497	0.310643	0.00129782	0.0408831
40	0.158702	0.0049434	0.0118986	0.215424	0.00938907	0.0129704	0.00422435	0.0245989	0.00896278	0.020589	0.00929918	0.00969936	0.11676	0.228191	0.00940348	0.0621582	0.0568685	0.0274995	0.00334646	0.00507189
41	0.0141799	0.00270314	0.000431255	0.00188585	0.057722	0.00298171	0.000384291	0.170849	0.000414807	0.537793	0.0525198	0.000529792	0.000434078	0.0104565	0.00116788	0.00554643	0.00925417	0.124892	0.00157639	0.00427824
42	0.172376	0.00204436	0.00374735	0.00596701	0.00456404	0.713568	0.0010619	0.00265184	0.00209055	0.00434998	0.00229715	0.0017018	0.0017204	0.00854612	0.00407159	0.0403333	0.0127495	0.0112619	0.00085495	0.00404199
43	0.543001	0.0138655	0.00302366	0.00254717	0.00472782	0.0402558	0.0011329	0.00956254	0.00269422	0.0131117	0.00755093	0.00716408	0.00404647	0.00314254	0.00414922	0.204984	0.109544	0.0213545	0.000827321	0.00331509
44	0.155641	0.00272022	0.00137596	0.0010085	0.0511198	0.0293905	0.000508729	0.19789	0.00130776	0.15553	0.0304254	0.00235362	0.00368429	0.000971843	0.000983585	0.0345437	0.0555578	0.270775	0.00189189	0.00231987
45	0.224967	0.00294011	0.00231131	0.00523969	0.00416781	0.639024	0.00111119	0.00310461	0.00154436	0.00510941	0.00333075	0.00139858	0.00143417	0.00746821	0.00374338	0.0542448	0.0207176	0.013625	0.000851001	0.00366694
46	0.0420046	0.00430772	0.000433431	0.000716271	0.00663807	0.00597569	0.00036052	0.419905	0.000397468	0.0855925	0.0370281	0.00199936	0.00254052	0.000670875	0.000531	0.00185946	0.0168871	0.371351	0.000257321	0.000543569
47	0.486553	0.0178605	0.00275804	0.00162068	0.00161577	0.0812003	0.000459384	0.00371342	0.000800107	0.00794248	0.00234914	0.00190044	0.00322502	0.00387527	0.000927759	0.302978	0.0635367	0.0144926	0.000448418	0.00174301
48	0.0371307	0.0051536	0.000412603	0.0010382	0.00862564	0.00482077	0.000326959	0.459524	0.0003834	0.0979692	0.0393193	0.00120147	0.00299876	0.000698863	0.000553081	0.00166195	0.0201181	0.317282	0.000261353	0.000519327
49	0.262911	0.00931847	0.0134273	0.011165	0.0174338	0.0296777	0.00231165	0.00841724	0.00330384	0.0109989	0.0253483	0.0855599	0.00888431	0.00399894	0.00453218	0.354378	0.0876937	0.0327817	0.00178669	0.0260713
50	0.0413269	0.00428714	0.000358018	0.000537677	0.00679183	0.00667657	0.000337708	0.41952	0.000350121	0.0897942	0.0378175	0.00162178	0.00277446	0.000561004	0.000483513	0.00181686	0.0164071	0.367857	0.00023586	0.000444996
51	0.0209816	0.0124664	0.00127674	0.00187646	0.274525	0.00723452	0.00179543	0.0803558	0.0013344	0.413207	0.0477993	0.00172644	0.000989187	0.00523732	0.00221965	0.0132374	0.00834261	0.0641465	0.00569545	0.0355527
52	0.0501566	0.0104058	0.0704974	0.0811112	0.0206698	0.0559234	0.027837	0.0234042	0.0837376	0.0418211	0.0168627	0.115438	0.0141651	0.107224	0.0903574	0.085241	0.0465235	0.0389278	0.00672014	0.0129769
53	0.0343203	0.0260276	0.00608643	0.00983684	0.0811842	0.0117193	0.0174925	0.109948	0.0140888	0.150908	0.0269387	0.0530294	0.00901117	0.0586019	0.0233616	0.0345469	0.0667942	0.156697	0.0157926	0.0936146
54	0.123327	0.0015696	0.000655265	0.00054072	0.0370311	0.021413	0.000230647	0.256688	0.000296184	0.135324	0.0315295	0.00157731	0.00282756	0.000378976	0.000331016	0.0200068	0.0393374	0.325168	0.0011342	0.000633202
55	0.107904	0.0110016	0.0143086	0.00964835	0.0171989	0.0272263	0.00530478	0.0250006	0.0144456	0.0572806	0.0733644	0.034175	0.00882642	0.0141271	0.0220877	0.274695	0.2179	0.0397079	0.0086345	0.0171623
56	0.0169048	0.00821426	0.00286217	0.0234768	0.0124863	0.00818143	0.010534	0.0200574	0.583066	0.0320355	0.0199114	0.00869596	0.00207991	0.0242006	0.142535	0.0255692	0.0361014	0.0142622	0.00188702	0.00693888
57	0.0407657	0.00543192	0.00044221	0.000933941	0.0113544	0.00594698	0.000341874	0.423248	0.000363577	0.104448	0.0406712	0.0018531	0.00276144	0.000723126	0.000513864	0.00244602	0.0194815	0.336494	0.000384889	0.00139449
58	0.199403	0.0683156	0.00214725	0.00376089	0.0823581	0.0573848	0.00257409	0.0712624	0.00335084	0.108598	0.0134632	0.00274007	0.00408091	0.00476204	0.00468284	0.152042	0.120468	0.0781969	0.00742358	0.0129864
59	0.0569438	0.00232881	0.00641294	0.00843582	0.0431724	0.00412701	0.00572311	0.231575	0.00633918	0.0781342	0.0528252	0.0433222	0.00139232	0.00473273	0.00496106	0.0219306	0.0761454	0.317233	0.00130138	0.0329639
60	0.0377009	0.00594534	0.00248781	0.00293396	0.107281	0.0038285	0.00432081	0.254429	0.00309177	0.147774	0.0564294	0.0153318	0.000961325	0.00592368	0.00315502	0.0135148	0.0580384	0.226479	0.00344935	0.0469246
61	0.126549	0.0026738	0.00652299	0.00845418	0.00587209	0.00902763	0.0056105	0.0160281	0.0176648	0.0157718	0.00565022	0.0111385	0.570623	0.0185877	0.0117728	0.072186	0.0516163	0.0369709	0.00270263	0.00457628
62	0.0293776	0.00285685	0.00044489	0.00174118	0.0492172	0.00511821	0.00043292	0.215445	0.000371648	0.437982	0.0477536	0.00103088	0.00106757	0.00643279	0.00101777	0.00641533	0.0150215	0.17336	0.00130695	0.00360593
63	0.0399983	0.00431576	0.00147026	0.0026253	0.0605272	0.0101338	0.00210735	0.164138	0.00187022	0.436932	0.0531302	0.00301356	0.00172484	0.00768132	0.00363885	0.0146528	0.0199001	0.163385	0.00247634	0.00627853
64	0.100868	0.0103292	0.0223847	0.0113487	0.0191472	0.0294892	0.00415736	0.00884431	0.00965438	0.0106193	0.016111	0.183167	0.00446153	0.00970967	0.0204783	0.388145	0.103959	0.0194361	0.00315146	0.0245386
65	0.0430808	0.00405233	0.000362143	0.000493265	0.00588069	0.00661061	0.000345068	0.4014	0.000378438	0.082858	0.0368928	0.00202699	0.00240077	0.000560926	0.000493079	0.00178379	0.0150949	0.394633	0.000239533	0.000413161
66	0.160976	0.00723918	0.00234824	0.00209932	0.00488066	0.0141583	0.00153736	0.0141563	0.00168487	0.0117897	0.00873729	0.00425165	0.00225027	0.00271325	0.0024306	0.239279	0.488359	0.0208536	0.00416004	0.00609542
67	0.31856	0.0117019	0.00513078	0.00397208	0.0109136	0.027354	0.00185068	0.0240904	0.00332626	0.0287214	0.0132287	0.0100966	0.0122387	0.00452817	0.00418651	0.176773	0.295894	0.0386397	0.00262685	0.00616685
68	0.211022	0.0145811	0.00872987	0.00530147	0.0110373	0.0355575	0.00389883	0.0202207	0.00991275	0.0252115	0.0145479	0.0248397	0.00974656	0.00612072	0.0128754	0.293383	0.247278	0.0307001	0.00387972	0.0111547
69	0.00979939	0.0106313	0.00136803	0.00147993	0.439976	0.00385991	0.00430799	0.0442443	0.00262039	0.245578	0.030032	0.0030525	0.00127744	0.00348	0.00236344	0.0135065	0.00533579	0.0320866	0.00562954	0.139371
70	0.082608	0.00681177	0.00431048	0.00436454	0.0427789	0.0230636	0.00302749	0.244959	0.00710493	0.133413	0.0359934	0.0090216	0.00705585	0.00643131	0.00879914	0.0280802	0.041574	0.293041	0.0036434	0.0139179
71	0.581576	0.00942242	0.00356641	0.00402554	0.00567868	0.0432321	0.00127433	0.0148215	0.00498023	0.0203693	0.0123468	0.00562697	0.0145907	0.00461708	0.0044201	0.137314	0.0989512	0.028475	0.00168028	0.00303114
72	0.0221233	0.00638037	0.0841042	0.187769	0.00989541	0.0383276	0.0322753	0.0140436	0.143802	0.0305103	0.00779265	0.0397112	0.00930215	0.126098	0.150969	0.0410378	0.0172337	0.0294793	0.0039766	0.00516876
73	0.0100647	0.00357171	0.341887	0.409794	0.00516243	0.00665493	0.00270993	0.00671993	0.00326234	0.00913822	0.0049752	0.0453228	0.00264337	0.0662507	0.0196545	0.0115404	0.0229835	0.022585	0.00194757	0.00313223
74	0.0658599	0.00873556	0.238825	0.101414	0.00844179	0.0837021	0.0332397	0.0494795	0.0436765	0.0381224	0.016719	0.0780404	0.0164623	0.0428335	0.00872144	0.062377	0.0375866	0.0622949	0.00118851	0.00227965
75	0.697281	0.0067214	0.000622583	0.000783073	0.00114908	0.0161993	0.000475336	0.00290405	0.00107188	0.0076185	0.0125696	0.00160398	0.00158605	0.00108054	0.00070292	0.112591	0.112099	0.0210046	0.000398309	0.00153781
76	0.0314447	0.0559273	0.00431856	0.0215118	0.132583	0.0106368	0.0417152	0.0233695	0.0262653	0.111087	0.0136341	0.0637235	0.00357257	0.07927	0.0422992	0.0520051	0.0411013	0.130647	0.0224157	0.0924729
77	0.0337885	0.00802592	0.00138012	0.00226977	0.111315	0.00621131	0.0034337	0.203905	0.00199716	0.2687	0.0516755	0.00832944	0.00239489	0.00715561	0.00328429	0.0134145	0.0406382	0.187872	0.00507782	0.0391312
78	0.121464	0.00148979	0.00379944	0.00541662	0.00416075	0.00629688	0.00524858	0.00744668	0.0222026	0.0156299	0.00546837	0.0109607	0.605894	0.0181891	0.0127113	0.0733061	0.0511728	0.0246512	0.00261524	0.00187582
79	0.502219	0.0127032	0.00314914	0.00149368	0.00251208	0.0420417	0.000662728	0.00348187	0.000942462	0.00685728	0.00792948	0.00964767	0.00272442	0.00244353	0.00103507	0.296873	0.0838642	0.0137334	0.000567211	0.00511978
80	0.0733355	0.00317234	0.00062639	0.000754269	0.0170628	0.0107946	0.000461021	0.335235	0.000476599	0.0957026	0.0351363	0.00302467	0.0021741	0.000827185	0.000632258	0.00841838	0.0250413	0.384519	0.000601986	0.00200434
81	0.103907	0.00990519	0.0102515	0.0100601	0.0174085	0.0263739	0.00389636	0.0190093	0.00549643	0.0204932	0.0183399	0.042151	0.0145837	0.00629307	0.00955427	0.326972	0.271708	0.0297692	0.00599544	0.0478323
82	0.113823	0.0115614	0.00169082	0.00212494	0.00683866	0.0116411	0.00169523	0.0273404	0.0021142	0.0154797	0.00898011	0.00463511	0.0014946	0.0024573	0.00265694	0.260503	0.483213	0.0310138	0.00364505	0.00709206
83	0.529217	0.0167453	0.00207632	0.00113356	0.00211699	0.0594887	0.000417576	0.00388868	0.000839088	0.00852956	0.00265739	0.00137113	0.00260395	0.00290641	0.000827781	0.273674	0.0756062	0.0140507	0.000422049	0.00142707
84	0.0184843	0.00280338	0.000287343	0.00171177	0.052752	0.00342543	0.000189226	0.181886	0.000380492	0.49607	0.0578763	0.000802197	0.000569085	0.00701912	0.00103925	0.00499598	0.0117325	0.15331	0.00126647	0.00339965
85	0.154206	0.000829539	0.000661653	0.000463335	0.0580736	0.029626	0.000139847	0.202728	0.000212769	0.171145	0.029916	0.000382512	0.00270827	0.000308268	0.000265411	0.0296374	0.0506672	0.265775	0.00156159	0.000692886
86	0.0142433	0.00206156	0.000229562	0.00132283	0.0718995	0.00335543	0.00032336	0.146897	0.000321893	0.536754	0.0571559	0.000615809	0.000211253	0.00836167	0.00111557	0.00573643	0.00955795	0.132494	0.00187148	0.00547065
87	0.458576	0.0198392	0.00324372	0.00264457	0.00508751	0.0974725	0.000522716	0.0085908	0.000857792	0.0165582	0.00332653	0.0025953	0.0036139	0.00353444	0.00154561	0.268857	0.0777771	0.0220079	0.000521514	0.00282712
88	0.253388	0.0577441	0.000932123	0.00114209	0.0231008	0.0917687	0.000756264	0.046179	0.000815846	0.0792625	0.00178359	0.000905281	0.000943078	0.00133792	0.000956407	0.233976	0.126353	0.0729678	0.000657101	0.00502989
89	0.156626	0.000344521	0.000654492	0.000507973	0.0548638	0.0294646	0.00013575	0.200945	0.000213498	0.168125	0.0297897	0.00050543	0.00273904	0.00026082	0.000236803	0.0299307	0.0526513	0.269975	0.001629	0.000401907
90	0.0782276	0.00205617	0.00042348	0.000875051	0.0461355	0.0144429	0.000206451	0.232179	0.00027724	0.305743	0.0389077	0.000567656	0.00176004	0.00354273	0.000560402	0.0140738	0.0269164	0.230485	0.00122968	0.00139108
91	0.105997	0.00415909	0.01162	0.00870107	0.00634347	0.743784	0.00339055	0.00641518	0.0079167	0.00794554	0.00333202	0.00313023	0.00298674	0.00950361	0.00658049	0.035878	0.0120269	0.0135257	0.00103558	0.0057278
92	0.0158292	0.00282864	0.000573724	0.00121476	0.0852844	0.00335516	0.000676336	0.213283	0.000493574	0.424446	0.0548672	0.00107106	0.000426082	0.00775155	0.0011573	0.00515212	0.0180935	0.147874	0.0020413	0.0135815
93	0.114743	0.00678431	0.000751778	0.00104324	0.0961536	0.030724	0.000517917	0.213299	0.000383175	0.209941	0.040792	0.00054457	0.00155268	0.00161247	0.000477738	0.0297082	0.0348996	0.20754	0.00156197	0.00696944
94	0.0309098	0.00395944	0.172031	0.436447	0.00755356	0.00662965	0.00741341	0.00992289	0.00762436	0.0245903	0.00648249	0.0297939	0.0117865	0.171525	0.0157547	0.0127877	0.0192881	0.0194315	0.00221923	0.00385016
95	0.714088	0.0039965	0.000511854	0.000766106	0.00103373	0.0144206	0.000508583	0.00135962	0.0012191	0.0100071	0.0171064	0.000996743	0.0015926	0.000917055	0.000798314	0.084576	0.127474	0.016237	0.000461351	0.00192939
96	0.156278	0.000849908	0.000650857	0.000514554	0.0568543	0.0297588	0.000135716	0.199105	0.000222838	0.171	0.0302435	0.000346412	0.00266844	0.000294067	0.000235366	0.0303477	0.0516477	0.266831	0.00157736	0.000439123
97	0.156569	0.000551568	0.000681185	0.000491082	0.0557125	0.0296877	0.000136488	0.200551	0.000208548	0.168695	0.0297635	0.000453107	0.0027762	0.000262513	0.000233876	0.0300069	0.052271	0.268932	0.00162052	0.000397285
98	0.0169981	0.00291108	0.000286547	0.00143798	0.0719775	0.00451927	0.000322922	0.142962	0.000277388	0.54585	0.0587142	0.000363645	0.000293417	0.00772884	0.00101529	0.00683928	0.00953502	0.121179	0.00194501	0.00484364
99	0.0594947	0.00140027	0.00550295	0.00610771	0.0541588	0.00332631	0.00448502	0.229453	0.00455942	0.0794321	0.0538685	0.0402532	0.00105533	0.00394692	0.0046289	0.0264394	0.0860135	0.294535	0.000950761	0.0403876
100	0.121468	0.0267359	0.000661031	0.00366527	0.164579	0.0496479	0.00110085	0.143983	0.000664469	0.226863	0.0459493	0.000752262	0.000628218	0.00109842	0.000803921	0.0589261	0.0188912	0.12137	0.00229419	0.0099187
101	0.238144	0.053281	0.00115701	0.00180069	0.0253074	0.128198	0.000799602	0.033826	0.00089568	0.0809158	0.00218382	0.00112462	0.00111838	0.00131958	0.00101287	0.233253	0.126044	0.0614918	0.000952427	0.00717423
102	0.447431	0.0262472	0.00243818	0.000916915	0.00415965	0.0727514	0.000443138	0.00841361	0.00073111	0.0197149	0.00183348	0.00107501	0.00281386	0.00313083	0.00074259	0.307949	0.0757604	0.0212323	0.000471823	0.00174332
103	0.039504	0.000732226	0.0591204	0.0638764	0.0116013	0.114012	0.0488841	0.00254521	0.169565	0.0186131	0.00537091	0.0565219	0.0175987	0.105361	0.16199	0.0635862	0.0195374	0.0257713	0.00845002	0.00735918
104	0.0527067	0.0165236	0.00215245	0.00237098	0.0422932	0.0271625	0.00148429	0.0941744	0.00732157	0.0812551	0.0272758	0.00311369	0.191507	0.0260006	0.0107011	0.0869039	0.0929667	0.179318	0.0133425	0.0414258
105	0.0138292	0.00192235	0.000212752	0.00128692	0.0699455	0.00341141	0.000159161	0.141723	0.0002316	0.554232	0.0574229	0.000232729	0.000180572	0.00786067	0.00105395	0.00571447	0.00817749	0.12709	0.0017987	0.00351448
106	0.0171242	0.00239777	0.000222564	0.00154178	0.0613831	0.0035808	0.000169304	0.149243	0.000228911	0.552047	0.0550156	0.000266308	0.000284351	0.00796784	0.00106805	0.00582302	0.00880585	0.128289	0.00150963	0.0030324
107	0.0385867	0.0126903	0.0441526	0.0204477	0.00396157	0.0796953	0.0147972	0.0201938	0.0882607	0.0100293	0.0123133	0.116282	0.000715299	0.0375173	0.148136	0.223065	0.0874139	0.0226362	0.00599116	0.013116
108	0.0359257	0.00911309	0.00174579	0.00207905	0.133673	0.00558934	0.00429375	0.245829	0.00234601	0.17242	0.0557028	0.00905685	0.000728487	0.00639806	0.00284962	0.0117196	0.0487466	0.196886	0.00448987	0.0504074
109	0.0508622	0.00441512	0.00102567	0.00154844	0.0276676	0.00864576	0.000899109	0.363364	0.00083392	0.136946	0.0537519	0.00377652	0.0023283	0.00172065	0.00133224	0.00792976	0.0259688	0.30069	0.000774562	0.00551885
110	0.0822532	0.0111805	0.283025	0.10794	0.00237231	0.11869	0.0249573	0.0136687	0.0331794	0.0295931	0.015756	0.0608769	0.0233742	0.0434984	0.00486631	0.0735911	0.0459972	0.0230905	0.000773354	0.00131786
111	0.0941837	0.011238	0.02583	0.0132268	0.0162588	0.0374868	0.00550527	0.0117926	0.017407	0.0104535	0.0152084	0.164822	0.00404016	0.0129763	0.0358237	0.365674	0.1106	0.0204085	0.0034952	0.0235697
112	0.290803	0.00375871	0.0518431	0.0803954	0.00685425	0.0908873	0.00283322	0.00624164	0.00539395	0.0107178	0.00467241	0.0198927	0.130377	0.026296	0.0403717	0.130952	0.071896	0.0168597	0.00128771	0.00766647
113	0.0746522	0.00362285	0.0027319	0.00429682	0.0455055	0.0141774	0.00258529	0.171956	0.0034742	0.185183	0.110435	0.00961241	0.0064603	0.00567271	0.00522543	0.0311393	0.0685765	0.237573	0.00347509	0.0136448
114	0.0133174	0.00896668	0.00670687	0.00571695	0.125971	0.0216712	0.183766	0.0115022	0.016203	0.0949685	0.0996129	0.0339958	0.00520974	0.0319359	0.0502627	0.0471697	0.0143758	0.0657455	0.00748746	0.155415
115	0.136172	0.00814187	0.0175687	0.0272472	0.00555234	0.0698996	0.0155107	0.122495	0.0993568	0.0494911	0.0404195	0.0863662	0.0270997	0.0128932	0.0616897	0.0861648	0.047103	0.0824349	0.00230911	0.00208511
116	0.156892	0.00200531	0.00332398	0.00649872	0.00377148	0.0068685	0.00424412	0.00645465	0.0142556	0.0103904	0.00406858	0.0106	0.571247	0.014694	0.00869046	0.0845264	0.0544979	0.0320586	0.00152259	0.00338915
117	0.594254	0.0113007	0.00154433	0.00106583	0.00264482	0.0378719	0.000499255	0.00513302	0.000980673	0.00932783	0.0051478	0.00299513	0.00382956	0.00192551	0.00082911	0.206005	0.0964937	0.0155049	0.000487197	0.00215933
118	0.00328113	0.0123477	0.00479056	0.100734	0.0112527	0.00183984	0.043306	0.0260876	0.277033	0.0493474	0.00847198	0.0254356	0.000738425	0.140223	0.215395	0.035414	0.00299903	0.0365902	0.00068884	0.00402427
119	0.01685	0.00637515	0.0280121	0.0896368	0.010088	0.0447208	0.0526327	0.0146164	0.210984	0.0378775	0.00630754	0.0340673	0.00773158	0.13928	0.204928	0.0452425	0.00778432	0.0352251	0.00343897	0.00420132
120	0.0226314	0.00773026	0.00211461	0.00248328	0.328326	0.00443582	0.00412456	0.111098	0.00311226	0.114239	0.0269556	0.00830736	0.00475536	0.00578573	0.00496493	0.0166934	0.0256718	0.109883	0.00556384	0.191124
121	0.035074	0.00477131	0.00175348	0.00303665	0.0805448	0.00932786	0.00223794	0.126172	0.00352493	0.492259	0.0616493	0.0025446	0.00263058	0.00963016	0.00282656	0.0172734	0.0164844	0.113971	0.00387441	0.010414
122	0.0799535	0.00955143	0.00420608	0.0097202	0.00510198	0.02562	0.00581448	0.0686391	0.174513	0.0441907	0.0262951	0.0173553	0.00293748	0.0156212	0.148509	0.160113	0.0988683	0.095191	0.00478919	0.00300985
123	0.013708	0.00189256	0.000211568	0.00129852	0.0693267	0.00335683	0.000151635	0.141277	0.000232167	0.5561	0.0575428	0.000231778	0.000171425	0.00784069	0.00106602	0.00568733	0.00805828	0.1267	0.00178758	0.00335968
124	0.026004	0.00691022	0.0232025	0.0510713	0.0115533	0.0479815	0.0371367	0.0156781	0.223349	0.0279714	0.0122205	0.0365361	0.00913381	0.0864514	0.260233	0.059523	0.0280697	0.0256728	0.00510056	0.00620137
125	0.658227	0.00692537	0.000911981	0.000625898	0.000893191	0.0340887	0.000352642	0.00143894	0.000888446	0.00383917	0.00502669	0.000779358	0.00184915	0.00169722	0.000598655	0.175486	0.0942229	0.0106003	0.000328261	0.00122082
126	0.0213467	0.00866592	0.000852893	0.00138518	0.125583	0.00336774	0.00305033	0.198865	0.0011885	0.342205	0.0505326	0.00199716	0.000765282	0.0081716	0.0018248	0.00634143	0.0306427	0.150063	0.00520369	0.0379478
127	0.254321	0.00362172	0.00242082	0.00566561	0.00403736	0.579239	0.00101229	0.00488797	0.00164003	0.006941	0.00330903	0.0016787	0.00188934	0.00740599	0.00338139	0.0727303	0.0255587	0.0159968	0.00100144	0.00326205
128	0.598871	0.0100655	0.00143034	0.000690315	0.00118971	0.0412828	0.000400893	0.00251961	0.00101404	0.00540057	0.00439293	0.000906217	0.00219337	0.00216447	0.000642319	0.22326	0.0904301	0.0113317	0.000343813	0.00147081
129	0.133355	0.00286774	0.00504406	0.00677606	0.00869046	0.00739629	0.00535209	0.00910368	0.0174888	0.016414	0.00660794	0.0112814	0.572223	0.0182904	0.00962302	0.0767129	0.0506712	0.0322106	0.00320469	0.00668608
130	0.502572	0.00513987	0.0064442	0.0104998	0.00384733	0.0240913	0.0019716	0.00724696	0.0060767	0.0121426	0.0091505	0.00794037	0.16852	0.00762322	0.00646529	0.10978	0.0793322	0.0265502	0.00110574	0.00350021
131	0.0577131	0.00176949	0.00543731	0.00702842	0.052716	0.00291091	0.00538786	0.219173	0.00539107	0.0824422	0.0538094	0.0413105	0.000994684	0.00407891	0.00492383	0.0238984	0.0827682	0.305594	0.00116237	0.0414902
132	0.0700737	0.00330713	0.000485943	0.000591727	0.0159852	0.0109233	0.000311309	0.34911	0.000382277	0.100638	0.0346863	0.00209647	0.00244478	0.000571157	0.000476007	0.00767055	0.0230017	0.375915	0.00053065	0.000798836
133	0.0138092	0.00248524	0.000229012	0.00162153	0.0565423	0.00283285	0.000156614	0.153682	0.000231774	0.563236	0.0532171	0.000293186	0.000197352	0.00857362	0.00109121	0.004757	0.00753784	0.125483	0.00137915	0.00264372
134	0.182277	0.0064124	0.0151618	0.0137595	0.019785	0.0281713	0.00309965	0.0098593	0.00389158	0.0140631	0.0321677	0.0652847	0.0123067	0.0042903	0.00731079	0.389882	0.119844	0.0210986	0.00466035	0.0466741
135	0.01086	0.00438646	0.0016481	0.00242463	0.0886833	0.00539772	0.00235773	0.067146	0.00153482	0.554043	0.128041	0.00153048	0.0010679	0.00784532	0.0037292	0.0116864	0.0133565	0.0647264	0.0106672	0.0188685
136	0.637519	0.00811592	0.00117153	0.000909691	0.00171791	0.0296086	0.000409812	0.00300343	0.00118489	0.00694465	0.00728378	0.00222792	0.00215404	0.00181481	0.00105228	0.167711	0.11081	0.0140414	0.000454484	0.00186507
137	0.132034	0.000604628	0.00199254	0.00150755	0.0501353	0.0217768	0.000914653	0.211594	0.00106488	0.14232	0.0366415	0.00950387	0.00221078	0.000939349	0.0010698	0.0308681	0.0669014	0.277991	0.00140924	0.00852052
138	0.0527741	0.00909529	0.0376221	0.1094	0.0281651	0.0385939	0.0297792	0.0262628	0.0767112	0.0765438	0.0176732	0.0324957	0.0241184	0.221562	0.0834713	0.0508977	0.0310853	0.0324645	0.00675889	0.0145252
139	0.103882	0.00436295	0.0142409	0.0096439	0.00651393	0.720902	0.00359731	0.0059854	0.0105733	0.0103955	0.00466471	0.00467459	0.00571324	0.010701	0.00878565	0.040236	0.0137251	0.0147912	0.00116346	0.00544784
140	0.139239	0.000798171	0.00122508	0.00105471	0.0468702	0.0235306	0.000526414	0.217547	0.000655015	0.14069	0.0340298	0.00532018	0.00254939	0.000597057	0.000778629	0.0278776	0.052983	0.298166	0.00139248	0.00416995
141	0.0537122	0.01512	0.00622649	0.00666813	0.277261	0.0265509	0.00811644	0.0764001	0.00642485	0.21861	0.0377838	0.00684228	0.00766618	0.00868239	0.00782696	0.0624343	0.0225569	0.0804365	0.00845947	0.0622216
142	0.0497934	0.0083812	0.0402724	0.0402274	0.0169281	0.128592	0.0312732	0.0146635	0.121056	0.0241197	0.013743	0.051874	0.011722	0.0645851	0.195274	0.100304	0.0416784	0.0287597	0.00664144	0.0101116
143	0.0915616	0.00492757	0.0165698	0.0092144	0.00572112	0.750478	0.00450116	0.00466269	0.00974088	0.00628178	0.00251243	0.00436379	0.00356208	0.0101207	0.00795424	0.0374333	0.0124413	0.0116418	0.000935579	0.00537545
144	0.0128842	0.0157564	0.00101126	0.00161898	0.421446	0.00320763	0.00116667	0.0767746	0.00114352	0.328415	0.0226652	0.00144169	0.000879797	0.00400424	0.00154111	0.0100047	0.00642835	0.0472004	0.00245534	0.0399558
145	0.0274702	0.0119388	0.00435495	0.0139204	0.0157862	0.0106667	0.0092975	0.0437211	0.461349	0.0800961	0.0834205	0.0104334	0.00670804	0.0199491	0.0928323	0.0414214	0.0266203	0.0262212	0.00632647	0.00746583
146	0.0462436	0.00730346	0.308003	0.170167	0.0137363	0.0659609	0.0148302	0.0190284	0.0335046	0.0318373	0.0143052	0.0456227	0.0185194	0.0466354	0.0323845	0.0511943	0.0336459	0.0345437	0.00526574	0.00726884
147	0.533594	0.0119927	0.00224903	0.00306717	0.00653092	0.0222203	0.000949007	0.0118358	0.00205856	0.021766	0.0158491	0.00463597	0.00716773	0.00335166	0.0027469	0.135263	0.1806	0.0286496	0.00186895	0.00360288
148	0.0352398	0.0037149	0.00863087	0.025663	0.00568699	0.0259377	0.0055347	0.0151869	0.447854	0.0189486	0.0117381	0.016245	0.00292988	0.0168093	0.212486	0.0459933	0.0760112	0.0185341	0.00260516	0.00425067
149	0.112172	0.0132718	0.00589451	0.0051708	0.0203374	0.0251876	0.00296867	0.0508353	0.00965074	0.0438992	0.0176456	0.0156898	0.0104392	0.00733597	0.0116	0.192574	0.345088	0.0927531	0.00521928	0.0122673
150	0.120572	0.00358114	0.0083624	0.00921994	0.00901534	0.0134217	0.00810069	0.0156271	0.0198016	0.0208678	0.00743108	0.0133497	0.546902	0.0197313	0.0128391	0.0744751	0.0492154	0.0347341	0.00386568	0.00888669
151	0.0455398	0.00276122	0.000666183	0.00148897	0.0635303	0.0102108	0.000563353	0.154137	0.000676602	0.450948	0.0618111	0.0010142	0.00140801	0.00704427	0.00179504	0.0128016	0.0185165	0.159502	0.00175246	0.00383254
152	0.00883107	0.00246575	0.0011269	0.00140566	0.489127	0.0023401	0.0021964	0.0448531	0.00134464	0.0797299	0.0118741	0.00175393	0.00122216	0.00174566	0.00157946	0.0121143	0.00352477	0.031368	0.00119079	0.300207
153	0.099897	0.0482284	0.00421024	0.00900375	0.0816405	0.0257912	0.006704	0.063086	0.00979982	0.0759933	0.0194971	0.0115991	0.115215	0.0245494	0.0183778	0.0715594	0.0773552	0.144219	0.0167901	0.0764828
154	0.0807292	0.00299225	0.000814409	0.000542747	0.0184968	0.0245075	0.000434427	0.319687	0.000414522	0.105325	0.0351047	0.00190448	0.00265109	0.000595361	0.000534532	0.0107946	0.0249762	0.367814	0.00102373	0.000656894
155	0.156978	0.000336488	0.000637995	0.000473774	0.0549589	0.0294058	0.000135481	0.200844	0.000212167	0.168733	0.0295968	0.000340861	0.00277167	0.000259729	0.000228864	0.0298236	0.052482	0.269857	0.00160775	0.000316924
156	0.196229	0.00546184	0.00270209	0.00537315	0.00506405	0.637533	0.000752797	0.00430002	0.00154088	0.0083065	0.00240632	0.00186477	0.00147094	0.00708997	0.00417524	0.0763093	0.022136	0.0130984	0.000751361	0.00343512
157	0.114736	0.00944362	0.0403743	0.0177179	0.0188567	0.045585	0.00602039	0.00871001	0.0198107	0.00984814	0.0142929	0.126013	0.00665146	0.0120541	0.0348269	0.368846	0.0810477	0.0209357	0.0029252	0.0413049
158	0.134349	0.0184867	0.000639749	0.00275006	0.137169	0.0456078	0.000683914	0.15701	0.000522127	0.217468	0.0391703	0.000652132	0.00092776	0.000791114	0.00062929	0.0513121	0.0255319	0.158666	0.00162388	0.00600848
159	0.169309	0.00548257	0.000743742	0.000547475	0.0510469	0.0305052	0.00025614	0.181085	0.000314787	0.15739	0.0258343	0.000461081	0.00243232	0.000386214	0.000405795	0.0575138	0.0691198	0.244899	0.00153247	0.000734631
160	0.0692454	0.00593224	0.0557219	0.0496551	0.0156799	0.0873682	0.0524202	0.0213498	0.140306	0.0295077	0.0147057	0.0772975	0.0160176	0.0727281	0.121202	0.0810722	0.031594	0.0335766	0.00684983	0.0177702
161	0.0655133	0.00347908	0.000597916	0.000632613	0.0117114	0.00964517	0.000362825	0.356736	0.000397241	0.0889644	0.035908	0.00265051	0.00222913	0.000575357	0.000526009	0.0062805	0.0205267	0.392047	0.00046931	0.00074716
162	0.15361	0.000474269	0.000654188	0.000454973	0.0539485	0.0286942	0.000135	0.208112	0.000210933	0.166624	0.0297002	0.000382556	0.00278307	0.000277917	0.000238019	0.0286654	0.0509297	0.272194	0.00155049	0.000360835
163	0.00928973	0.00633376	0.00131008	0.0018103	0.137006	0.00448619	0.000812242	0.0524471	0.00114886	0.57888	0.101109	0.00109143	0.000991604	0.00774321	0.00168258	0.00861464	0.00597349	0.0421331	0.0116179	0.025519
164	0.0556392	0.0123397	0.0908589	0.0267451	0.0978202	0.107113	0.015338	0.0250316	0.0133341	0.207536	0.0640753	0.0182836	0.00769273	0.0130888	0.0290079	0.115662	0.0259848	0.0409942	0.00983943	0.0236147
165	0.216806	0.00190624	0.0028038	0.00407795	0.00453298	0.00516692	0.00325837	0.0100797	0.00919802	0.0117404	0.00427333	0.010616	0.498645	0.00863251	0.00592126	0.0883105	0.0578332	0.0527903	0.00123153	0.00217617
166	0.0362015	0.00394498	0.000735577	0.00138323	0.0300355	0.00573243	0.000412903	0.419476	0.000459453	0.171581	0.0361637	0.00124427	0.00249562	0.00239983	0.000739721	0.00469131	0.0259239	0.252265	0.000668599	0.00344514
167	0.0068032	0.022958	0.00128114	0.00138952	0.395166	0.00275459	0.00120258	0.0343389	0.00138552	0.432182	0.03391	0.00173331	0.00129319	0.00392823	0.00169352	0.00737485	0.00367788	0.0138029	0.00672819	0.0263964
168	0.0316789	0.0048096	0.000607539	0.00145097	0.0109044	0.0045266	0.000469998	0.486901	0.000533719	0.103302	0.0393939	0.00131642	0.00310696	0.00116352	0.000763733	0.00235046	0.0205239	0.285018	0.000379901	0.000797888
169	0.0089202	0.00754785	0.00661639	0.00315126	0.126606	0.0322398	0.161109	0.0090831	0.0253142	0.0740297	0.0240759	0.083555	0.0129134	0.00832713	0.0213798	0.0354421	0.0128407	0.0203308	0.0068755	0.319643
170	0.0585198	0.0153216	0.00184243	0.00358472	0.0361272	0.0638888	0.00260496	0.0711656	0.0156955	0.070818	0.0144459	0.00382492	0.12301	0.0258929	0.0113721	0.107354	0.139096	0.163743	0.00725841	0.0644341
171	0.00691945	0.0246358	0.00125729	0.0015123	0.413576	0.00260466	0.00114539	0.03713	0.00136101	0.412303	0.0296036	0.00180613	0.00117798	0.00372414	0.00166791	0.00757175	0.00365734	0.0147233	0.00620742	0.0274149
172	0.0383972	0.000580174	0.0584892	0.0638165	0.0119712	0.114804	0.051528	0.00206424	0.172513	0.0188581	0.00535393	0.0547293	0.0179465	0.108722	0.163738	0.0584994	0.0173461	0.0254344	0.00812968	0.00707939
173	0.00496831	0.00693045	0.0015982	0.00163743	0.147176	0.0048672	0.00134713	0.0126799	0.00163802	0.579356	0.143838	0.00173511	0.00153998	0.00750564	0.00171142	0.00862111	0.00536441	0.00754681	0.0222112	0.0377276
174	0.0389654	0.00628433	0.0729822	0.0407989	0.00854874	0.418481	0.0254623	0.00619605	0.0833694	0.0155076	0.00596014	0.0375363	0.0135056	0.0506995	0.0701445	0.0552807	0.0202214	0.0187314	0.0043146	0.00700951
175	0.0404781	0.00418352	0.000381371	0.000569471	0.0070739	0.00622059	0.000344653	0.412163	0.0003898	0.0891036	0.0360638	0.00179915	0.00252914	0.000653716	0.000512772	0.00171579	0.0157017	0.37936	0.000236216	0.000519464
176	0.0388251	0.0134062	0.0392894	0.0205839	0.0031725	0.0774989	0.0126293	0.0212981	0.086891	0.0112698	0.0138853	0.108073	0.000531186	0.0382643	0.152902	0.222214	0.0951306	0.0254727	0.00656412	0.0120976
177	0.101899	0.00623951	0.0181153	0.010295	0.00718211	0.709272	0.00387628	0.00623263	0.00962863	0.009328	0.00409676	0.00546823	0.00501331	0.0100953	0.00860076	0.0465866	0.0154037	0.0155423	0.00198253	0.00514254
178	0.288056	0.00812748	0.023581	0.0242358	0.0130311	0.0482666	0.0134708	0.0257632	0.105392	0.0337362	0.0209381	0.0295287	0.046337	0.0313191	0.0675459	0.0977175	0.0669585	0.0407219	0.00613959	0.00913389
179	0.426935	0.0128393	0.00656903	0.00940821	0.0186377	0.0328455	0.00240621	0.0225722	0.00504684	0.0293416	0.0198921	0.0205871	0.0171565	0.0077831	0.008474	0.151359	0.123189	0.0444259	0.00586747	0.0346643
180	0.0508563	0.0066619	0.000500632	0.00125931	0.0314387	0.00878509	0.000767974	0.407569	0.000496179	0.131663	0.0387282	0.00125256	0.00275457	0.00119172	0.000729497	0.00712189	0.0258502	0.277433	0.000937866	0.00400209
181	0.519555	0.0150739	0.00275006	0.00104846	0.00136974	0.0534041	0.000457838	0.00312202	0.000782476	0.00638727	0.00291933	0.00261005	0.00287853	0.00336936	0.000783168	0.299677	0.068903	0.0126225	0.000437589	0.00184886
182	0.0511286	0.0135792	0.0243464	0.0162008	0.0412265	0.0889579	0.0663975	0.0207737	0.0406918	0.0466515	0.0233438	0.0620556	0.0143972	0.0238398	0.0573484	0.162342	0.113377	0.0374947	0.00762521	0.0882222
183	0.0959456	0.00366058	0.000731778	0.00110838	0.0341582	0.0230981	0.000411573	0.291773	0.0003561	0.136876	0.0340698	0.00150354	0.00292078	0.000728694	0.000459001	0.0174797	0.0317361	0.320436	0.00136116	0.00118577
184	0.154502	0.000429153	0.000643208	0.00049464	0.0540272	0.0287827	0.000189775	0.205151	0.000230274	0.167385	0.0298681	0.00060599	0.00275737	0.000297228	0.000250276	0.0291651	0.0521037	0.271124	0.00157532	0.000417801
185	0.00878354	0.00262649	0.0018128	0.00181627	0.415555	0.00578677	0.0171038	0.0381893	0.00335264	0.0610723	0.0126329	0.0101953	0.00280207	0.00307305	0.00364854	0.0133147	0.00598368	0.0296025	0.00190006	0.360748
186	0.0145196	0.00223107	0.000231032	0.00130495	0.0703971	0.00341358	0.000249378	0.148098	0.000253922	0.540882	0.0585245	0.000255086	0.00017537	0.0076732	0.00110754	0.00567062	0.00946695	0.129781	0.00179839	0.00396661
187	0.141853	0.00262329	0.00172061	0.00134879	0.054678	0.0411074	0.000603504	0.205829	0.000656799	0.153709	0.0414409	0.00231497	0.00284172	0.000784646	0.000973232	0.0339762	0.0509472	0.256861	0.00258747	0.00314291
188	0.559756	0.029776	0.00200104	0.00224126	0.0045146	0.00749481	0.00180879	0.0076796	0.00257561	0.057622	0.0605365	0.00293529	0.00253556	0.00267372	0.00265231	0.0652855	0.141106	0.0416876	0.00143604	0.00368187
189	0.120377	0.0264072	0.000648281	0.00363892	0.164297	0.0495565	0.00110021	0.146301	0.000642828	0.225983	0.0462509	0.000772822	0.000619782	0.00113191	0.000813386	0.0583281	0.0188056	0.121895	0.00230313	0.0101263
