285	20
1	0.0189866	0.00974058	0.00125422	0.00147662	0.0341824	0.00284777	0.00257862	0.134157	0.00061528	0.574829	0.112984	0.00461954	0.00233954	0.00276139	0.000928733	0.012627	0.00772823	0.0707391	0.00117453	0.00342992
2	0.0231656	0.00976048	0.00729959	0.0272472	0.427111	0.00748931	0.0271008	0.0428218	0.0384882	0.104668	0.0172938	0.0122717	0.00738859	0.0149425	0.0240017	0.0270038	0.015786	0.0383974	0.00671716	0.121045
3	0.04536	0.00331679	0.1426	0.139001	0.00153124	0.0275733	0.0631445	0.0156328	0.105376	0.0405072	0.0165734	0.121939	0.00379124	0.0423907	0.0626725	0.0977771	0.0451188	0.0200044	0.000441115	0.00524828
4	0.057041	0.0033552	0.0427647	0.152812	0.00565855	0.0306476	0.0227004	0.0214381	0.191214	0.0283784	0.0102607	0.0282468	0.00912209	0.115902	0.112768	0.0719576	0.052641	0.0309124	0.000877699	0.0113016
5	0.0234829	0.00982984	0.0013223	0.00215	0.0401111	0.00520356	0.00293434	0.147987	0.00117973	0.529394	0.108375	0.0043671	0.00386061	0.00305936	0.00178207	0.0140562	0.00938288	0.0845092	0.00211144	0.00490101
6	0.0316341	0.0196321	0.402564	0.0294109	0.00535802	0.027325	0.0126949	0.00558608	0.0416964	0.0149507	0.00244463	0.154944	0.00121683	0.00198561	0.00362407	0.153765	0.06573	0.0125966	0.000997849	0.0118434
7	0.0806028	0.0125426	0.0048289	0.0137603	0.0412115	0.0153146	0.0493387	0.104451	0.0780779	0.155117	0.044277	0.00578641	0.0293003	0.0530654	0.058156	0.0399278	0.0698298	0.108488	0.0076155	0.0283079
8	0.0311009	0.0198923	0.411632	0.0279724	0.00514187	0.0269388	0.0117459	0.00521474	0.039617	0.0132974	0.00189507	0.157115	0.000946361	0.000964199	0.00128373	0.154453	0.0665555	0.0124172	0.000458114	0.0113589
9	0.0392904	0.00729184	0.0066611	0.0173214	0.0181705	0.0148667	0.0275298	0.0179128	0.294271	0.0233638	0.0141455	0.012729	0.00261116	0.0746445	0.284645	0.045943	0.0448837	0.0236121	0.0144844	0.0156213
10	0.0210941	0.00083379	0.00140672	0.00957841	0.0217212	0.00625741	0.00161355	0.373937	0.004079	0.19604	0.0609047	0.000674404	0.00383092	0.000916458	0.00628365	0.00445296	0.0199825	0.265256	0.000555952	0.000581728
11	0.0321346	0.019959	0.409311	0.0278459	0.00518996	0.0269903	0.0117392	0.00519211	0.0393861	0.0132855	0.00191637	0.156831	0.000965269	0.000949837	0.00147185	0.155855	0.0667135	0.0124049	0.000463301	0.011395
12	0.0239411	0.00120633	0.00465291	0.0130239	0.0261877	0.0154364	0.00130897	0.329145	0.0136118	0.111724	0.0352554	0.000959574	0.0147847	0.00155066	0.0121162	0.0110056	0.0251494	0.35749	0.000479703	0.000971002
13	0.0440741	0.00368976	0.145971	0.131263	0.00148007	0.0282105	0.0680813	0.0154428	0.100571	0.0419228	0.0168725	0.127622	0.00357716	0.0373099	0.0610886	0.101007	0.0464428	0.020173	0.000427302	0.00477371
14	0.0425579	0.00115119	0.270279	0.409774	0.00666573	0.00635727	0.012758	0.00815674	0.0165227	0.0176128	0.00649703	0.0191025	0.0149005	0.062797	0.0154229	0.0532459	0.0271835	0.00296098	0.000668403	0.00538637
15	0.0248596	0.00596557	0.00144287	0.00676644	0.0437767	0.00470069	0.00208623	0.245701	0.0027241	0.373754	0.0801688	0.00221201	0.00767989	0.00165517	0.00358936	0.00800365	0.0144653	0.165213	0.00193009	0.00330572
16	0.039376	0.00736723	0.00910143	0.0236517	0.0153182	0.0145218	0.0314531	0.0168219	0.291638	0.0253621	0.0118318	0.0198918	0.00306624	0.0827825	0.270357	0.0479688	0.0421288	0.0222091	0.011828	0.0133251
17	0.033032	0.00688794	0.0341076	0.0484665	0.0057491	0.0256027	0.0651478	0.00940373	0.251851	0.0341262	0.00319156	0.0663114	0.0057217	0.124246	0.165703	0.0665511	0.0244438	0.0185674	0.00195644	0.00893283
18	0.0321191	0.01884	0.396397	0.0343455	0.00484355	0.027226	0.0143806	0.00617154	0.0436343	0.0147647	0.00280818	0.154992	0.00107174	0.00290418	0.00469948	0.152051	0.0647507	0.0125745	0.000468533	0.0109574
19	0.0540661	0.00873337	0.0507958	0.0229443	0.00143318	0.698713	0.00736295	0.00467167	0.00564991	0.00567039	0.00135871	0.0131036	0.0128847	0.00211371	0.00860581	0.083615	0.00933189	0.00769019	0.000421014	0.000834587
20	0.046202	0.00750823	0.0405007	0.0921674	0.00738592	0.0342572	0.053861	0.0172524	0.196908	0.0396379	0.00637165	0.0523467	0.00920562	0.115975	0.127764	0.0772266	0.0361629	0.0282194	0.00130792	0.0097391
21	0.0206771	0.00311356	0.000676113	0.00470582	0.0241544	0.00249762	0.00191638	0.300039	0.000990196	0.356776	0.0835655	0.00153749	0.00128307	0.000919331	0.00284655	0.00481414	0.014386	0.172997	0.000847291	0.00125671
22	0.0311834	0.0198547	0.411329	0.0279385	0.0051324	0.0269337	0.01176	0.00521854	0.0395787	0.0132856	0.00189603	0.157031	0.000952216	0.00100659	0.00131707	0.154692	0.0666434	0.0124271	0.000459655	0.0113597
23	0.0113558	0.0115653	0.00228898	0.00965992	0.61231	0.00184918	0.00494066	0.0256959	0.00527935	0.16477	0.0125161	0.00156764	0.00263721	0.00156923	0.00647549	0.00439899	0.00441455	0.0440175	0.0033932	0.0692954
24	0.0734236	0.0021762	0.04701	0.21638	0.00600568	0.0391505	0.0214219	0.0182133	0.13529	0.0267066	0.012161	0.0282702	0.012807	0.122188	0.074477	0.0751565	0.0496033	0.0267535	0.00042481	0.012381
25	0.0425327	0.00159801	0.276661	0.400199	0.00654005	0.00679212	0.0124073	0.00807853	0.0173498	0.0174258	0.00636464	0.0215921	0.0142588	0.0584901	0.0151651	0.0569065	0.0276899	0.00327173	0.000660995	0.0060159
26	0.0164579	0.0120778	0.0033835	0.00926269	0.571631	0.00396091	0.00535286	0.032197	0.00605301	0.169758	0.0195222	0.0024668	0.00365851	0.00219172	0.00693902	0.00679792	0.00641458	0.0485254	0.00554918	0.0677995
27	0.0440837	0.00209297	0.280818	0.388305	0.00652866	0.00746174	0.0123	0.00792373	0.0183178	0.0169818	0.00632735	0.0242429	0.0135256	0.0552352	0.0153225	0.0609911	0.0283859	0.0036971	0.00069432	0.00676408
28	0.0283106	0.0143851	0.0218218	0.0324806	0.0215395	0.0193911	0.115526	0.033917	0.184571	0.0471632	0.00600084	0.0596884	0.0080655	0.128465	0.13749	0.0536676	0.0388923	0.0245981	0.00302437	0.0210015
29	0.0467468	0.00629167	0.0903262	0.14529	0.00851425	0.0275806	0.0450653	0.0461048	0.112095	0.057551	0.0185411	0.0812096	0.0104729	0.0659293	0.0829938	0.0757512	0.0405774	0.0270709	0.00339988	0.00848795
30	0.04141	0.00575251	0.00433117	0.0186098	0.0135619	0.0117312	0.0261662	0.0154383	0.312331	0.0223927	0.0138354	0.0136805	0.00272729	0.0735313	0.30122	0.0365553	0.0421276	0.0195691	0.0139077	0.0111216
31	0.033089	0.0068609	0.0341634	0.0489731	0.00574079	0.0256364	0.0649832	0.00939887	0.251675	0.0340723	0.00319269	0.0662538	0.00573476	0.124296	0.165469	0.0665282	0.0245089	0.0185431	0.00194943	0.0089306
32	0.0397013	0.00937192	0.00146345	0.00261501	0.0550635	0.00627142	0.00249544	0.190619	0.00254056	0.378098	0.0902732	0.0026113	0.0138536	0.00278705	0.00334069	0.0119629	0.0164204	0.152179	0.00928587	0.00904578
33	0.0407829	0.00550589	0.00376278	0.0182106	0.0127995	0.0110718	0.0253548	0.0153046	0.318713	0.0238205	0.0133253	0.0133092	0.00289585	0.068609	0.30529	0.0341579	0.0427114	0.0188938	0.0154672	0.0100146
34	0.0320111	0.00785963	0.0624763	0.0966154	0.021843	0.0138332	0.00848299	0.302534	0.0368007	0.126537	0.0519853	0.00805636	0.0193071	0.0416669	0.0485265	0.0233697	0.0175076	0.0670477	0.00375429	0.00978538
35	0.0878583	0.00945378	0.0187053	0.0248605	0.0353558	0.028258	0.053765	0.0943731	0.0133034	0.104202	0.0967606	0.0315355	0.0150891	0.0341363	0.0137214	0.0577724	0.0486558	0.189622	0.00328452	0.0392874
36	0.031529	0.0136652	0.0045398	0.0100796	0.491265	0.00939586	0.00622362	0.0512793	0.00682801	0.164386	0.0250718	0.00269761	0.00633884	0.00372105	0.007807	0.0134225	0.0125405	0.0731184	0.00854914	0.0575419
37	0.044139	0.00367723	0.143712	0.130434	0.00157965	0.0279954	0.0673071	0.0154676	0.103273	0.0416903	0.0168743	0.125649	0.00364704	0.0385704	0.0628945	0.10082	0.0466037	0.0203514	0.000436582	0.0048784
38	0.0438814	0.00361859	0.146092	0.131425	0.00145678	0.0280289	0.0677602	0.0154107	0.100883	0.0418199	0.0168468	0.12788	0.00356973	0.0372146	0.0610433	0.101198	0.0464422	0.0202175	0.000426135	0.00478402
39	0.0186615	0.00928	0.00125118	0.00166701	0.0346557	0.00268334	0.00236789	0.14891	0.000685522	0.557603	0.107981	0.00417487	0.00282859	0.00238996	0.00104503	0.0115002	0.00794504	0.0798867	0.00127605	0.00320629
40	0.037517	0.0180502	0.377071	0.0412206	0.00547619	0.027458	0.016819	0.00662157	0.042678	0.0163817	0.00432503	0.148441	0.00194555	0.00557337	0.00682534	0.152984	0.065836	0.0131452	0.000604129	0.0110273
41	0.0404664	0.00551335	0.00376557	0.01808	0.0128168	0.0111139	0.0258639	0.0156807	0.317968	0.0236867	0.0134217	0.0131265	0.00291482	0.0687469	0.306128	0.0345749	0.0430234	0.0186962	0.0144269	0.00998603
42	0.0311009	0.0198923	0.411632	0.0279724	0.00514187	0.0269388	0.0117459	0.00521474	0.039617	0.0132974	0.00189507	0.157115	0.000946361	0.000964199	0.00128373	0.154453	0.0665555	0.0124172	0.000458114	0.0113589
43	0.033032	0.00688794	0.0341076	0.0484665	0.0057491	0.0256027	0.0651478	0.00940373	0.251851	0.0341262	0.00319156	0.0663114	0.0057217	0.124246	0.165703	0.0665511	0.0244438	0.0185674	0.00195644	0.00893283
44	0.383855	0.107352	0.00134056	0.00136003	0.0371965	0.0512453	0.00155195	0.0202348	0.00132304	0.0342059	0.0268245	0.00658512	0.00854966	0.00126346	0.00154618	0.116938	0.0713247	0.114051	0.000753857	0.0124975
45	0.0127758	0.0133101	0.00262625	0.00912819	0.58436	0.00211941	0.00519182	0.0332077	0.00524509	0.169132	0.0209445	0.00172804	0.00324081	0.00162822	0.00701678	0.00531668	0.00502438	0.049195	0.00363976	0.0651687
46	0.033032	0.00688794	0.0341076	0.0484665	0.0057491	0.0256027	0.0651478	0.00940373	0.251851	0.0341262	0.00319156	0.0663114	0.0057217	0.124246	0.165703	0.0665511	0.0244438	0.0185674	0.00195644	0.00893283
47	0.0503528	0.00245073	0.121967	0.158027	0.00226915	0.0284319	0.0483298	0.0168357	0.11954	0.0358621	0.0184732	0.0994581	0.00543885	0.0566264	0.0677873	0.0926389	0.0471579	0.0199371	0.000468762	0.00794824
48	0.0292605	0.00989481	0.00243582	0.00311391	0.0354482	0.00568534	0.00732348	0.133317	0.00201932	0.517077	0.121032	0.00570328	0.00375874	0.00840012	0.00305895	0.0186473	0.00974275	0.0726156	0.0023869	0.00907996
49	0.0540399	0.00873935	0.0509629	0.0229514	0.00143318	0.698261	0.00740592	0.00472248	0.00564394	0.00567118	0.00143605	0.0131166	0.0128845	0.00211907	0.00871023	0.0835985	0.00935687	0.00769143	0.000421001	0.000834614
50	0.0243463	0.00127277	0.00061467	0.00687895	0.0225837	0.00420553	0.00188227	0.367394	0.00181716	0.227524	0.0694436	0.000594338	0.00147602	0.000555017	0.00462073	0.00318591	0.0197885	0.240334	0.000769808	0.000712587
51	0.0426437	0.0039265	0.10857	0.124768	0.00271871	0.0271149	0.068749	0.0123363	0.144117	0.0356184	0.0114256	0.102741	0.00458441	0.0742906	0.0887756	0.0832112	0.0376304	0.0196887	0.000776709	0.00631309
52	0.118053	0.012706	0.00241561	0.00602518	0.0398394	0.00530464	0.00288718	0.227678	0.00295446	0.109277	0.0473025	0.00151343	0.00850852	0.00221382	0.00322823	0.0428747	0.095138	0.267098	0.00227348	0.00270853
53	0.06303	0.00298509	0.0437672	0.17214	0.00572816	0.0329789	0.0193818	0.0225587	0.174852	0.0288023	0.0115785	0.0255526	0.0103809	0.116923	0.0980718	0.0728946	0.0540635	0.0318165	0.000501094	0.0119943
54	0.0331099	0.00680381	0.0327864	0.0471376	0.00624774	0.0250471	0.0629867	0.00973304	0.254995	0.0340538	0.00352424	0.0640398	0.00557816	0.122078	0.170885	0.0657437	0.0252605	0.0186805	0.00238273	0.00892643
55	0.0236432	0.00140629	0.000603524	0.00666799	0.0255405	0.0038143	0.00186008	0.364383	0.00167465	0.24177	0.0713349	0.000679806	0.00183251	0.000601261	0.00458707	0.00332656	0.0185405	0.226269	0.000777837	0.000687397
56	0.0356595	0.00442988	0.00114456	0.00591105	0.0361017	0.00504699	0.00344299	0.31993	0.00297517	0.220631	0.0684698	0.000783557	0.00794244	0.00104131	0.00435337	0.00636017	0.025654	0.246058	0.00198617	0.002079
57	0.0330228	0.00674005	0.0316091	0.0453921	0.00667322	0.0239609	0.0616676	0.00982937	0.259867	0.0333271	0.0038361	0.0611865	0.0053345	0.120872	0.175314	0.0646447	0.0259618	0.0186756	0.00301892	0.00906663
58	0.0509543	0.0249883	0.366068	0.028674	0.00679293	0.0338553	0.013805	0.00801115	0.0447017	0.0235096	0.00497575	0.137455	0.00237375	0.00491617	0.00728226	0.145937	0.0621644	0.0150491	0.00118383	0.0173026
59	0.0391327	0.00694541	0.00948805	0.0276065	0.0137564	0.013187	0.0287955	0.0174541	0.295949	0.0266561	0.0112378	0.0197736	0.00294103	0.0821521	0.266914	0.046023	0.043354	0.0254407	0.0109354	0.0122576
60	0.0310377	0.0197753	0.409299	0.0283528	0.00513013	0.0267728	0.0118512	0.00528164	0.0397773	0.0133471	0.0020967	0.156773	0.00095744	0.00101866	0.00149059	0.155676	0.0668379	0.0127572	0.000503808	0.0112635
61	0.0433588	0.00447516	0.125794	0.114134	0.00234083	0.0296286	0.0645691	0.0139368	0.12509	0.0385766	0.0144148	0.127791	0.00395744	0.0502686	0.0792439	0.0950051	0.0404897	0.0189342	0.000879407	0.00711217
62	0.03975	0.00313777	0.0239372	0.0153566	0.00781297	0.0223297	0.00482637	0.00678559	0.0184558	0.0267832	0.0218829	0.0266338	0.0104644	0.0065292	0.00487867	0.511492	0.223499	0.0210358	0.00139007	0.00301946
63	0.0911481	0.0212087	0.00509529	0.0306588	0.0255542	0.059365	0.00995619	0.075509	0.0038511	0.279215	0.128429	0.0285519	0.0294978	0.014773	0.00650073	0.0740296	0.0258934	0.0669252	0.00200218	0.0218358
64	0.0451967	0.00342148	0.122648	0.12993	0.00252899	0.0307971	0.0568398	0.0150551	0.0981294	0.041733	0.0173943	0.108374	0.0065104	0.0426347	0.0584046	0.128959	0.0639476	0.0215156	0.00049447	0.00548658
65	0.0218835	0.00109668	0.00232462	0.0102484	0.0227327	0.00938488	0.00140118	0.358026	0.00691927	0.166945	0.0502588	0.000718337	0.0072476	0.00102095	0.00903607	0.00638371	0.0217103	0.301413	0.000511783	0.000737474
66	0.0311009	0.0198923	0.411632	0.0279724	0.00514187	0.0269388	0.0117459	0.00521474	0.039617	0.0132974	0.00189507	0.157115	0.000946361	0.000964199	0.00128373	0.154453	0.0665555	0.0124172	0.000458114	0.0113589
67	0.0378227	0.00964995	0.00847495	0.00507855	0.265464	0.0152372	0.0160325	0.0440275	0.00606315	0.162857	0.0482485	0.00649765	0.00692575	0.00821101	0.0201367	0.0350463	0.0339977	0.0325712	0.114225	0.123433
68	0.0437295	0.00375904	0.147754	0.130702	0.00146694	0.0279966	0.0673004	0.0153761	0.100392	0.0415096	0.016692	0.128765	0.00351098	0.0368668	0.060576	0.101408	0.0466442	0.0202519	0.000427219	0.0048734
69	0.0572124	0.00287604	0.146211	0.245944	0.00560091	0.0232386	0.0404991	0.0142624	0.0876493	0.0338519	0.0119141	0.0605794	0.00935774	0.0658948	0.0513743	0.0745194	0.0438235	0.017645	0.000804285	0.00674194
70	0.0235155	0.0378139	0.0347692	0.00899023	0.384124	0.0104809	0.0110264	0.0275613	0.00989909	0.0673303	0.0217844	0.0104586	0.0103601	0.00778363	0.0150967	0.0265397	0.0281276	0.025319	0.18911	0.0499094
71	0.0382723	0.00645536	0.0218479	0.0507273	0.00941377	0.020166	0.0402371	0.014856	0.265068	0.0316821	0.00792715	0.0371071	0.00468434	0.103254	0.212386	0.057066	0.0366217	0.0258024	0.00627624	0.0101494
72	0.0543178	0.00131196	0.18384	0.310584	0.00545408	0.0165839	0.0231312	0.00987788	0.0580497	0.0199702	0.00863807	0.0451531	0.0136376	0.101226	0.035123	0.0578561	0.0375484	0.0103214	0.000551568	0.00682368
73	0.0142702	0.00567061	0.00334799	0.00585836	0.39909	0.00359046	0.0778045	0.0266908	0.00827244	0.0776428	0.022093	0.0141302	0.014999	0.00291955	0.00572912	0.0453475	0.0201617	0.0144123	0.00803473	0.229935
74	0.0598241	0.0369607	0.00684152	0.0127536	0.111138	0.0198536	0.0364063	0.0757713	0.00813707	0.229958	0.10923	0.0406995	0.0464434	0.0142566	0.00956696	0.0303424	0.0363834	0.0743357	0.00502733	0.0360709
75	0.0311009	0.0198923	0.411632	0.0279724	0.00514187	0.0269388	0.0117459	0.00521474	0.039617	0.0132974	0.00189507	0.157115	0.000946361	0.000964199	0.00128373	0.154453	0.0665555	0.0124172	0.000458114	0.0113589
76	0.0528899	0.0162321	0.000790308	0.00171435	0.0901084	0.00526207	0.00147319	0.196929	0.00618168	0.237645	0.0652968	0.00113948	0.0512002	0.000837843	0.00244344	0.00954173	0.0161402	0.225975	0.00867893	0.00952066
77	0.0729482	0.00221217	0.0475869	0.215474	0.00597497	0.0387341	0.0218711	0.0182131	0.134911	0.0269198	0.0121542	0.0282859	0.0127878	0.122033	0.0748207	0.0753632	0.0500111	0.0269505	0.000429891	0.0123188
78	0.0424489	0.00115409	0.269424	0.408763	0.00676902	0.00642693	0.0127249	0.00822716	0.0165829	0.0177461	0.00650704	0.0194367	0.0150996	0.0644166	0.0153585	0.052545	0.0273481	0.00306199	0.00066657	0.00529269
79	0.0237288	0.00154201	0.000588028	0.00653481	0.023547	0.0037962	0.00190485	0.359525	0.00173282	0.244717	0.0717598	0.000744099	0.00224101	0.000591462	0.00441809	0.00332642	0.0190077	0.228751	0.000755039	0.000788431
80	0.0887336	0.0146047	0.00205035	0.00217118	0.0527047	0.00667811	0.00224777	0.196312	0.00366425	0.137698	0.0629869	0.000945448	0.0187458	0.0010862	0.00186575	0.0137596	0.0389146	0.342152	0.00571023	0.0069694
81	0.0335921	0.00655179	0.0412763	0.0545204	0.00536581	0.0253978	0.0661437	0.00952485	0.24091	0.0344588	0.0039296	0.0695111	0.00552005	0.119518	0.160096	0.0687687	0.0255008	0.018491	0.00181246	0.00911073
82	0.0157511	0.002241	0.00217862	0.00408986	0.319361	0.00314172	0.0720473	0.0162713	0.0109965	0.022605	0.00853153	0.0219537	0.00675008	0.00259515	0.00308794	0.0886747	0.0103161	0.00584794	0.00256779	0.380992
83	0.0554051	0.00952665	0.0093266	0.00385098	0.215165	0.0226296	0.0125084	0.0466069	0.00742127	0.185828	0.0761759	0.00536433	0.00720298	0.011997	0.0164275	0.0311651	0.0362517	0.0434245	0.116024	0.0876984
84	0.041117	0.00580065	0.00521712	0.0193259	0.0137729	0.0119996	0.0273003	0.0152691	0.312062	0.0225111	0.0131038	0.0150004	0.00278137	0.074141	0.297301	0.0375449	0.0415261	0.0196205	0.0134456	0.0111593
85	0.0336097	0.00716925	0.0356388	0.0492711	0.00622935	0.026141	0.0660388	0.0103518	0.246212	0.034909	0.00369321	0.0646788	0.00572267	0.121256	0.165449	0.066737	0.0255158	0.0192427	0.00213803	0.00999702
86	0.166185	0.00967754	0.0349914	0.00844324	0.00778957	0.0278264	0.0231117	0.0117942	0.00725317	0.0301853	0.0127533	0.0666163	0.00678077	0.0125624	0.0219789	0.395821	0.12614	0.0123275	0.00255506	0.0152066
87	0.0681	0.00582479	0.00647267	0.00656156	0.0104393	0.00947354	0.0300026	0.036711	0.0286978	0.16194	0.0765671	0.0314733	0.00645223	0.0291435	0.050606	0.305651	0.0551639	0.0717934	0.00329651	0.00562913
88	0.0753632	0.0187346	0.0237931	0.0348502	0.0623894	0.0281997	0.0149883	0.192528	0.0147449	0.0811538	0.0958735	0.00831499	0.0297342	0.0364015	0.0402827	0.0337855	0.0236469	0.148377	0.00266052	0.0341784
89	0.0366749	0.011691	0.000986081	0.00326963	0.0838303	0.00454137	0.00202504	0.252716	0.00377317	0.261923	0.0809773	0.0015182	0.025324	0.00123034	0.00429894	0.0115594	0.0136505	0.189436	0.00492063	0.0056544
90	0.0334922	0.0172494	0.36503	0.0455119	0.00490763	0.0270841	0.0199739	0.0067694	0.05417	0.0172962	0.00421643	0.152141	0.00211197	0.00923559	0.0128196	0.142219	0.0611948	0.0134647	0.000790837	0.0103204
91	0.0790465	0.00752961	0.00631816	0.0064503	0.0279747	0.00946216	0.00245773	0.237806	0.00632193	0.0833556	0.0520827	0.00122299	0.00986131	0.00155202	0.00488487	0.0168877	0.0516492	0.390072	0.00250945	0.00255499
92	0.0561669	0.00870773	0.0531991	0.0240772	0.00241578	0.666371	0.00778808	0.00536146	0.00590328	0.00665742	0.00209981	0.0167084	0.0296096	0.00266289	0.0101738	0.0813769	0.0102521	0.00850744	0.000616812	0.00134439
93	0.0424419	0.00119464	0.266655	0.407383	0.00712054	0.00679715	0.0128265	0.00816932	0.0171077	0.0176305	0.00657241	0.01988	0.0158469	0.0658501	0.0153363	0.0521783	0.0276153	0.00336724	0.000674067	0.00535329
94	0.11345	0.0252907	0.00539637	0.0288621	0.0291871	0.0741728	0.0102441	0.0872238	0.00500981	0.20764	0.11033	0.0272898	0.0304581	0.0214385	0.00772512	0.0883284	0.0494836	0.0610344	0.00169632	0.0157389
95	0.0292686	0.00199713	0.00437793	0.0118624	0.025227	0.0142081	0.00129283	0.323504	0.0133799	0.105039	0.0365206	0.000999777	0.0144078	0.00159582	0.0107576	0.0124633	0.0266571	0.364628	0.000684603	0.00112901
96	0.0347845	0.00909288	0.0343665	0.0441232	0.0209476	0.022458	0.049817	0.0236403	0.109116	0.0387239	0.0156624	0.0309858	0.307587	0.0467618	0.0721489	0.0752538	0.0281393	0.021282	0.00375828	0.011351
97	0.0330813	0.00762865	0.1464	0.172803	0.0164386	0.0151071	0.0140893	0.0730261	0.0465269	0.0611866	0.0431029	0.016501	0.178082	0.0267526	0.0214704	0.0708189	0.0227863	0.0229947	0.00369988	0.00750416
98	0.0409149	0.00295173	0.286564	0.349518	0.0062009	0.00927276	0.0143989	0.00817851	0.0223807	0.0190068	0.00809656	0.0385919	0.0135947	0.0567198	0.0157517	0.0652595	0.0310992	0.00473451	0.000638629	0.0061266
99	0.0111695	0.0114253	0.00246052	0.0105304	0.607158	0.00186365	0.00669411	0.0253368	0.00609843	0.15648	0.0118585	0.00184038	0.00267964	0.00164346	0.00675334	0.00560079	0.00514631	0.0435209	0.00506386	0.0766763
100	0.0440562	0.00263117	0.0136436	0.0204071	0.00749892	0.0257283	0.00352121	0.00560395	0.00953325	0.0252227	0.0168484	0.0201392	0.0142989	0.00857173	0.0033862	0.501799	0.258412	0.015086	0.00117922	0.0024329
101	0.0738537	0.00216135	0.0451119	0.216741	0.00604618	0.0391865	0.0202307	0.0184963	0.137218	0.0266374	0.0121987	0.0259504	0.0130671	0.124015	0.0745347	0.0744248	0.0499693	0.0273165	0.000428136	0.0124121
102	0.0737811	0.00216231	0.0451966	0.216567	0.00603497	0.0391341	0.0203149	0.0185156	0.137561	0.0265477	0.0121046	0.0260148	0.0129585	0.124086	0.0746962	0.0743744	0.0500028	0.027092	0.00042717	0.0124278
103	0.0785744	0.00366902	0.0571078	0.217641	0.016719	0.0322515	0.0199794	0.0293254	0.117055	0.0365194	0.0236389	0.0247353	0.01489	0.10434	0.0594925	0.0618382	0.0431273	0.0447831	0.0016567	0.0126564
104	0.0608662	0.00383753	0.00238399	0.006019	0.0280278	0.0315926	0.0243462	0.0438137	0.20215	0.108611	0.0232105	0.00494789	0.0198443	0.0499051	0.227004	0.0489784	0.0746715	0.0217693	0.010264	0.00775696
105	0.0408529	0.00181991	0.0141938	0.0170698	0.0075949	0.0260533	0.00323233	0.00459084	0.00950408	0.0253132	0.0171601	0.0207692	0.0119121	0.0061954	0.0027449	0.515524	0.257319	0.0151622	0.000833215	0.00215539
106	0.0540661	0.00873337	0.0507958	0.0229443	0.00143318	0.698713	0.00736295	0.00467167	0.00564991	0.00567039	0.00135871	0.0131036	0.0128847	0.00211371	0.00860581	0.083615	0.00933189	0.00769019	0.000421014	0.000834587
107	0.0836169	0.0112678	0.0132265	0.0295352	0.0473354	0.0262994	0.0265521	0.122966	0.0368622	0.1592	0.0727398	0.00774505	0.0323463	0.0540285	0.0450254	0.0310128	0.0474683	0.119969	0.0051897	0.0276139
108	0.0852282	0.00312067	0.00256626	0.00350112	0.136536	0.0315334	0.00901845	0.0628789	0.0161162	0.267466	0.0958557	0.00275153	0.00977387	0.0248266	0.0287034	0.0248467	0.0294005	0.0729647	0.0453864	0.0475252
109	0.0629857	0.00852239	0.0167197	0.0203732	0.0195096	0.0684685	0.0266044	0.0206896	0.178158	0.06764	0.0149204	0.064249	0.00979124	0.051231	0.139264	0.0443408	0.0606073	0.0233078	0.0927059	0.00991087
110	0.0384498	0.00617564	0.0092797	0.0307774	0.0126157	0.0117708	0.0253307	0.0179135	0.302594	0.0242712	0.0116177	0.0172948	0.00267153	0.0782389	0.274643	0.0429835	0.0453078	0.0252528	0.0115548	0.0112562
111	0.0385282	0.0170067	0.00601875	0.0132562	0.0517271	0.012238	0.148853	0.0853464	0.08334	0.0953178	0.0207589	0.0328198	0.0152067	0.110965	0.0613644	0.0425851	0.0636854	0.0597038	0.00566405	0.0356148
112	0.0239108	0.00948693	0.00154647	0.00198827	0.0628262	0.00439163	0.0027517	0.137986	0.00152216	0.511557	0.106856	0.00388508	0.00695083	0.00309475	0.00234035	0.0123244	0.00916072	0.0858386	0.00387299	0.00770868
113	0.12611	0.0104478	0.00271448	0.0023816	0.0166282	0.00755745	0.00876878	0.142669	0.00184022	0.125727	0.087639	0.00174082	0.00253615	0.00166486	0.00198458	0.0224989	0.0456065	0.385221	0.00334883	0.00291494
114	0.462876	0.0327839	0.00338698	0.00241562	0.00378072	0.0122237	0.0264637	0.00588495	0.002403	0.0143209	0.0112061	0.0234524	0.00275329	0.00406834	0.00537824	0.340468	0.029848	0.0124338	0.00130758	0.00254483
115	0.148043	0.0128026	0.0328755	0.0177262	0.00685639	0.563451	0.0091554	0.00677527	0.00764806	0.0144631	0.00433865	0.0104039	0.0101646	0.00435803	0.00927264	0.0951247	0.0248325	0.0192863	0.000872115	0.00154972
116	0.157734	0.00723252	0.0298264	0.0178922	0.0054467	0.572465	0.00992083	0.00590689	0.0100514	0.012733	0.00274903	0.00863844	0.00920953	0.00581248	0.0108121	0.09459	0.0223091	0.0143725	0.000975739	0.00132237
117	0.112688	0.0109855	0.00234832	0.00199117	0.0218246	0.00684937	0.00329746	0.18537	0.00133494	0.0886264	0.0711142	0.000769137	0.00212367	0.000821569	0.000943494	0.0180343	0.0559324	0.408443	0.00388267	0.00261955
118	0.419573	0.0495098	0.0100524	0.0043984	0.0127373	0.0423576	0.0185916	0.0105695	0.00393754	0.0227699	0.0157148	0.0214593	0.00513708	0.00463938	0.00574866	0.263229	0.0456928	0.0378125	0.00123384	0.00483516
119	0.0561074	0.00887443	0.0557847	0.0233137	0.00217594	0.675062	0.00787891	0.00571207	0.0065155	0.007537	0.00253921	0.0152751	0.0129599	0.00249368	0.00900451	0.0851198	0.0110953	0.0107337	0.000457791	0.00135962
120	0.364961	0.1068	0.00110837	0.00112741	0.0448518	0.0543042	0.00140994	0.024149	0.00125226	0.0385465	0.0282898	0.00442306	0.00958964	0.00112042	0.0013432	0.102215	0.0595707	0.146888	0.000619131	0.00743171
121	0.100532	0.00970099	0.00271627	0.00272275	0.0200445	0.00686753	0.00321938	0.196737	0.00243302	0.0833487	0.0665414	0.000972944	0.00353734	0.00104618	0.00200966	0.018385	0.0512789	0.421764	0.00336159	0.00278038
122	0.0904706	0.0153504	0.0165594	0.0174838	0.0280727	0.0236916	0.0143092	0.0724601	0.0193526	0.053411	0.0250412	0.0256664	0.0127896	0.0176625	0.0172745	0.312526	0.163754	0.0602829	0.00594292	0.00789918
123	0.0394261	0.00582921	0.0417631	0.0604604	0.00831191	0.0216314	0.0476406	0.0139415	0.244025	0.0315964	0.00889135	0.0524923	0.00607232	0.0960433	0.188754	0.0617962	0.0350339	0.0212676	0.00535587	0.00966739
124	0.0487245	0.00352203	0.0138016	0.0165349	0.00779217	0.0260322	0.00421895	0.00519493	0.0092796	0.0250127	0.0165814	0.0221319	0.0115178	0.00650048	0.00332689	0.510742	0.250514	0.0149967	0.00112993	0.00244512
125	0.356598	0.111933	0.00120704	0.00111512	0.0459402	0.0538793	0.00143076	0.0244381	0.00126292	0.0398706	0.0282096	0.0045428	0.00921727	0.00107088	0.00139933	0.105008	0.0581839	0.146552	0.000697012	0.0074439
126	0.0638439	0.00990902	0.0340829	0.0697677	0.0206086	0.0258671	0.0345015	0.0350962	0.125216	0.0552522	0.0210677	0.0300725	0.0158454	0.0942482	0.105707	0.0988419	0.105182	0.0345665	0.00752113	0.012802
127	0.395759	0.0972093	0.00278257	0.00265248	0.0281068	0.047276	0.00911845	0.0187971	0.00259412	0.0298424	0.0253847	0.0109664	0.0078393	0.00307152	0.00355732	0.159137	0.0600854	0.0872166	0.000965719	0.00763849
128	0.047062	0.00721828	0.0327029	0.0254715	0.0166819	0.161801	0.0120846	0.018571	0.0143672	0.0227232	0.0114168	0.0144164	0.4886	0.0057902	0.0185708	0.0528012	0.0198642	0.021332	0.00343108	0.00509342
129	0.0393279	0.00941889	0.00176151	0.00227675	0.107526	0.00955484	0.00359163	0.125549	0.00212193	0.447598	0.0987746	0.00353907	0.00564277	0.00447594	0.00422486	0.0160022	0.0118451	0.0783042	0.00970408	0.0187606
130	0.0446599	0.00134738	0.254097	0.387918	0.00640895	0.00846987	0.0144425	0.00931917	0.0267491	0.0185973	0.00715092	0.0232296	0.0144731	0.0645074	0.0214539	0.0562994	0.0292001	0.00468935	0.000672351	0.00631443
131	0.0491105	0.00690518	0.0122192	0.0238953	0.0358494	0.022188	0.0304279	0.0377181	0.204688	0.0823589	0.019289	0.0215739	0.0117579	0.0636876	0.220853	0.0479482	0.0486563	0.0364187	0.0109871	0.0134686
132	0.0194789	0.00423166	0.000806639	0.0038289	0.0260286	0.00236811	0.00189904	0.259126	0.000777715	0.424104	0.0896061	0.00212134	0.00135212	0.00109799	0.00218722	0.00603282	0.0118466	0.14052	0.00101787	0.00156852
133	0.0399392	0.00736084	0.0231927	0.0354123	0.0124447	0.0223069	0.0370082	0.0159214	0.279684	0.0307496	0.0111474	0.0334003	0.00830736	0.0808164	0.230775	0.0518323	0.0391985	0.0200679	0.0100988	0.0103364
134	0.052093	0.0103973	0.0611955	0.0378848	0.00197838	0.657447	0.00908927	0.0054983	0.00780835	0.00756732	0.00224571	0.0153475	0.0127637	0.00473822	0.00997844	0.0824514	0.0108917	0.0086806	0.000666743	0.00127632
135	0.0592332	0.0095664	0.0495389	0.0223921	0.00243997	0.686871	0.00749617	0.00486603	0.00569273	0.00666184	0.00180056	0.0129139	0.0127728	0.00225796	0.00841313	0.0846617	0.0114748	0.0095868	0.000448937	0.000910648
136	0.0630101	0.0168331	0.00101112	0.00146028	0.0825647	0.00594895	0.00152827	0.193362	0.00599103	0.220823	0.0621741	0.000974567	0.0441241	0.000896168	0.00193973	0.0110241	0.0227399	0.244427	0.00933072	0.00983763
137	0.0670607	0.00283475	0.00188461	0.00345121	0.0348799	0.0369606	0.0154543	0.034904	0.173897	0.141385	0.0182513	0.00406712	0.0245429	0.0499644	0.219301	0.042885	0.0889803	0.0195641	0.0135307	0.00620086
138	0.247209	0.00786057	0.00636839	0.00786301	0.015915	0.322856	0.01021	0.0109441	0.00606262	0.0496263	0.00523299	0.00527122	0.00409132	0.00560055	0.0073585	0.138388	0.0936892	0.0511088	0.0014806	0.00286405
139	0.0714764	0.00775124	0.00710511	0.00368455	0.170725	0.0235126	0.00792287	0.0527586	0.00545681	0.268824	0.17898	0.00561909	0.00790853	0.0115528	0.0101131	0.0220499	0.0201184	0.0528786	0.026149	0.0454138
140	0.0300577	0.0246749	0.0223063	0.00800349	0.346202	0.0124794	0.0119141	0.0334407	0.00921775	0.0978412	0.0340526	0.00808716	0.0116616	0.00984082	0.0166382	0.0266988	0.0289498	0.0305901	0.172627	0.0647159
141	0.0364067	0.00650093	0.0268774	0.0447612	0.00779713	0.0219087	0.0524661	0.0118057	0.262223	0.0310254	0.00648436	0.0522146	0.00523172	0.110174	0.201226	0.0585311	0.0304213	0.0196688	0.00490364	0.00937293
142	0.0607386	0.00857365	0.0486187	0.0220188	0.00287297	0.682531	0.00743432	0.00532617	0.00576994	0.00942384	0.0020802	0.0126939	0.0124446	0.00217874	0.00836807	0.0857289	0.0119534	0.00920821	0.000726282	0.00131007
143	0.0593368	0.0133845	0.151428	0.0710015	0.0182414	0.0476797	0.0364872	0.0200075	0.0739429	0.0414414	0.0169092	0.128598	0.0199313	0.0355598	0.0456974	0.11694	0.0510593	0.0262231	0.00716758	0.0189626
144	0.17078	0.0165316	0.00297898	0.00318516	0.119161	0.128104	0.00614034	0.045539	0.00546287	0.182582	0.056062	0.00396235	0.00746896	0.00874572	0.00800174	0.0515672	0.042009	0.0954608	0.0203065	0.0259498
145	0.11084	0.010491	0.00239639	0.00202194	0.0208629	0.00633906	0.00325244	0.18742	0.00134803	0.0859933	0.0703834	0.000768504	0.00208352	0.000841109	0.000975923	0.0176938	0.0560884	0.413964	0.00375956	0.00247653
146	0.107907	0.0195098	0.1528	0.0303592	0.0108595	0.0238603	0.023301	0.0135484	0.0346105	0.0271606	0.0145232	0.113125	0.0111716	0.0172337	0.0195121	0.265322	0.0839204	0.0170964	0.00344855	0.010732
147	0.0965942	0.0122301	0.00244448	0.00248021	0.0258386	0.00691685	0.00283176	0.198835	0.00243155	0.0949809	0.0651317	0.000830641	0.00520953	0.000835668	0.001711	0.0163047	0.0495494	0.408127	0.00372215	0.00299436
148	0.0195331	0.00540581	0.000817858	0.00297692	0.0274176	0.00218003	0.00204873	0.227681	0.000588312	0.467035	0.095526	0.00267989	0.0015057	0.00138109	0.00166607	0.00729608	0.0104582	0.120785	0.00107898	0.00193938
149	0.0393566	0.00575166	0.0138214	0.0280182	0.0119207	0.0156975	0.0333577	0.01501	0.298632	0.0283057	0.0109459	0.0260371	0.00389537	0.0800162	0.26437	0.0435628	0.0403922	0.0198686	0.0109055	0.0101342
150	0.0494849	0.00616502	0.00396685	0.00971395	0.0315195	0.0171807	0.00296392	0.282058	0.00808264	0.13565	0.0548862	0.00158212	0.0114041	0.0028598	0.00841842	0.0142215	0.0306692	0.322313	0.0026955	0.00416497
151	0.33619	0.0886625	0.0015537	0.00194518	0.0410754	0.0494393	0.00258994	0.0398559	0.0013902	0.0406411	0.0370216	0.004584	0.00874651	0.00156218	0.00159415	0.094259	0.0664	0.174025	0.00117165	0.00729213
152	0.0396152	0.00697152	0.032458	0.0297209	0.0257532	0.0284535	0.0156932	0.025349	0.0168841	0.0270801	0.0153571	0.0153382	0.590474	0.00747321	0.020426	0.0472976	0.0186388	0.0238992	0.00384673	0.00927099
153	0.0432461	0.0015213	0.252972	0.378183	0.00636758	0.008125	0.0170662	0.0090589	0.0283816	0.0192974	0.0074773	0.0274482	0.0141157	0.0670371	0.0216164	0.057251	0.0292463	0.00521002	0.000828323	0.00555086
154	0.0401981	0.00210015	0.0139052	0.016896	0.00763088	0.0260871	0.00326403	0.00460882	0.00934394	0.0247278	0.0168469	0.021199	0.0116761	0.00632411	0.00275092	0.514315	0.260046	0.0150424	0.000856346	0.00218176
155	0.214405	0.0106514	0.0178467	0.0131069	0.0105459	0.408248	0.0161823	0.0101621	0.00865515	0.0314446	0.00520069	0.00855426	0.00692936	0.00648512	0.0104081	0.120187	0.0639298	0.0334072	0.00117667	0.00247413
156	0.0238047	0.00238602	0.000586774	0.00639402	0.0300914	0.00382354	0.00189327	0.354094	0.00197414	0.242214	0.0713293	0.000756728	0.00501842	0.000588437	0.00508788	0.00366025	0.0185177	0.225457	0.00119582	0.00112646
157	0.0398608	0.00598314	0.00906537	0.0239623	0.0121228	0.0142359	0.0312685	0.0151059	0.300404	0.0255773	0.0125022	0.0220619	0.00332661	0.0807228	0.278593	0.0418695	0.0403877	0.0200186	0.0122653	0.0106662
158	0.0186442	0.0189977	0.00311078	0.00968842	0.540008	0.00411703	0.00656425	0.0385953	0.00778977	0.161	0.0215386	0.00267229	0.00547587	0.00492618	0.0127219	0.00849407	0.00888946	0.0526691	0.00792195	0.0661745
159	0.0871482	0.00162178	0.0015387	0.000986596	0.154966	0.035281	0.00489928	0.0620111	0.00429426	0.298565	0.104828	0.00110767	0.00476979	0.0143209	0.012201	0.0228913	0.0221922	0.0692522	0.042872	0.0542537
160	0.0365702	0.00663943	0.0242886	0.038486	0.0087577	0.0205013	0.0496745	0.0121717	0.272975	0.0310851	0.00671176	0.0483014	0.00479321	0.103699	0.211322	0.0572038	0.0312008	0.0194949	0.00624265	0.00988089
161	0.0385791	0.00750064	0.005733	0.0164555	0.0173098	0.0143249	0.0266163	0.0174862	0.297143	0.0229494	0.0144497	0.0118834	0.00254516	0.0735576	0.291356	0.0435281	0.0454456	0.0231636	0.0154399	0.0145331
162	0.0853504	0.00191995	0.00153991	0.00100726	0.152411	0.034458	0.00498121	0.0640328	0.00415994	0.304641	0.105099	0.00123684	0.00477095	0.0140422	0.0119429	0.0224655	0.0215401	0.0698236	0.0416207	0.052957
163	0.0513593	0.0215199	0.0038194	0.00390965	0.117348	0.00977383	0.0039342	0.171141	0.00390457	0.255725	0.132904	0.00360061	0.0198637	0.00568588	0.0129151	0.023075	0.0124022	0.124114	0.00840714	0.0145979
164	0.04139	0.00831059	0.0298598	0.056776	0.00709829	0.0275077	0.0574575	0.0128414	0.239968	0.0339166	0.00491792	0.0558147	0.00651874	0.118791	0.166466	0.0660253	0.0308407	0.0228674	0.00283772	0.00979416
165	0.0774513	0.0133863	0.00542723	0.0164515	0.0486	0.0175901	0.0665482	0.100404	0.0597027	0.152631	0.0455218	0.00813108	0.0277288	0.0614442	0.0450965	0.039902	0.0657341	0.106411	0.00875454	0.0330828
166	0.0547639	0.00108383	0.181208	0.331604	0.0061574	0.016314	0.0161543	0.0101589	0.0587375	0.017894	0.00820075	0.0321546	0.0141651	0.107433	0.0347665	0.0540855	0.0370689	0.0099968	0.000537952	0.00751469
167	0.0380692	0.00555652	0.00659904	0.0209198	0.011741	0.0125992	0.027606	0.0143281	0.316019	0.0231971	0.0117261	0.0172284	0.00310511	0.0719158	0.302816	0.0363093	0.0389347	0.0189339	0.0127965	0.00960006
168	0.0116425	0.0114443	0.00224759	0.00950359	0.608248	0.00195962	0.00491779	0.0258796	0.00523492	0.168492	0.0134902	0.0016178	0.00261706	0.00184328	0.00638726	0.00457812	0.00447434	0.0438205	0.00324794	0.0683539
169	0.0634852	0.0172623	0.000911646	0.00144824	0.0800392	0.00714784	0.00166652	0.193706	0.00522303	0.223944	0.0647673	0.000934517	0.0391615	0.000834523	0.00214013	0.011356	0.0211907	0.246823	0.00839581	0.00956247
170	0.462354	0.0327492	0.00338058	0.00242962	0.00393954	0.0118353	0.0266888	0.00597422	0.00246001	0.014764	0.0113064	0.0234595	0.00291205	0.00428149	0.00539386	0.339732	0.0296687	0.0125293	0.00150643	0.0026351
171	0.0541646	0.00867426	0.0539552	0.0239983	0.00179886	0.685885	0.00827698	0.00471801	0.00750964	0.00611223	0.00140253	0.0147904	0.0127118	0.00332135	0.00951888	0.0835932	0.00996967	0.00796873	0.00045835	0.00117247
172	0.390554	0.0933583	0.00183598	0.00183761	0.0242725	0.0607567	0.00846301	0.0147747	0.00177687	0.0241024	0.0222478	0.010547	0.0065817	0.00186142	0.00291296	0.190382	0.0589033	0.0771253	0.00088526	0.00682106
173	0.128416	0.0353916	0.00345666	0.0126243	0.0225842	0.0378562	0.00709577	0.0897589	0.00376874	0.286013	0.176861	0.0121746	0.0124154	0.00875131	0.00549668	0.0628759	0.0164831	0.0662616	0.00202941	0.00968613
174	0.2588	0.0256828	0.00862076	0.00764835	0.00966492	0.0806827	0.0129047	0.00885582	0.00543644	0.025663	0.0132711	0.0246962	0.00650897	0.00643537	0.00716247	0.336732	0.127067	0.0274632	0.00145521	0.00524935
175	0.0571984	0.00865757	0.0499749	0.0227762	0.00160916	0.695173	0.00737296	0.00468286	0.00576243	0.00588869	0.00139628	0.0130298	0.0128188	0.00224824	0.00862869	0.0838248	0.00972988	0.00794798	0.000433563	0.000845298
176	0.3521	0.0996656	0.00123321	0.00135764	0.0449433	0.0531622	0.00189304	0.0279905	0.00134396	0.0413039	0.0315362	0.00426129	0.0100789	0.00135294	0.00137977	0.0999363	0.0570887	0.161603	0.000801861	0.00696748
177	0.133178	0.016473	0.00274326	0.00838793	0.0541963	0.0048529	0.00259037	0.20148	0.00243988	0.0789481	0.0383835	0.00173306	0.0106701	0.00179726	0.00193894	0.058504	0.126952	0.249902	0.00229909	0.00253077
178	0.461229	0.0322949	0.00349228	0.0024354	0.00380421	0.0119479	0.0266932	0.00592225	0.00241405	0.0143865	0.0112063	0.0235162	0.00276125	0.00423767	0.00544533	0.341489	0.0302932	0.0125536	0.00130294	0.00257512
179	0.0480818	0.0591896	0.0175032	0.0228904	0.0335061	0.0214844	0.144221	0.0454171	0.0660763	0.0635141	0.027812	0.0346572	0.0587463	0.132437	0.0460332	0.0584483	0.0495943	0.0410442	0.0113582	0.0179855
180	0.071103	0.00298274	0.0137031	0.0190062	0.00726523	0.02693	0.00504192	0.00589186	0.00857195	0.0272892	0.0160325	0.0223322	0.0111735	0.00672967	0.00419656	0.492808	0.239699	0.0150736	0.00108318	0.00308668
181	0.141099	0.0217941	0.00249154	0.00772753	0.0629656	0.00432538	0.00263047	0.195797	0.00258971	0.0793616	0.0208616	0.00232007	0.0144399	0.00244054	0.00235921	0.0899483	0.150997	0.191744	0.00176182	0.00234604
182	0.0228501	0.00150309	0.000903188	0.00853509	0.0267933	0.00505326	0.00170355	0.364236	0.00298765	0.217648	0.0659795	0.000638578	0.00481806	0.000742659	0.00531282	0.00381479	0.0190143	0.245721	0.000852324	0.000892872
183	0.0290517	0.0119938	0.00873041	0.00987147	0.237808	0.0108223	0.0566963	0.0526821	0.0177435	0.0482243	0.0207659	0.068473	0.0140806	0.0122397	0.0100578	0.06883	0.0233819	0.0224331	0.00780666	0.268308
184	0.035934	0.00630323	0.0632129	0.0453079	0.0186407	0.0372576	0.0162821	0.0219706	0.0229981	0.0243425	0.0161707	0.0213318	0.504544	0.00975283	0.0239585	0.0816674	0.0240616	0.017124	0.00326556	0.00587408
185	0.0185812	0.0094597	0.00163975	0.00184183	0.0334277	0.00294145	0.0033104	0.12252	0.000818917	0.573385	0.123764	0.00551429	0.00258862	0.00357093	0.00110251	0.0126048	0.00781882	0.0700823	0.00125234	0.00377481
186	0.0478405	0.00133089	0.232201	0.379269	0.00673597	0.0108875	0.0143731	0.00907349	0.0343694	0.0183585	0.00735039	0.024793	0.0143984	0.0776113	0.0232395	0.054858	0.0302727	0.00593601	0.000722588	0.00637898
187	0.0474158	0.00458172	0.00169769	0.00539347	0.023435	0.00579086	0.00222186	0.292093	0.00254932	0.187134	0.0677062	0.000915155	0.00377161	0.00102539	0.00390418	0.00825842	0.031186	0.307296	0.00183299	0.00179134
188	0.0209824	0.00866987	0.0011233	0.00204385	0.0318595	0.00320554	0.00246966	0.156057	0.000588416	0.541581	0.111413	0.00422378	0.00229926	0.0024422	0.00120822	0.0116063	0.0089952	0.0847163	0.00128097	0.00323451
189	0.0393034	0.00582694	0.0112185	0.0280331	0.0114834	0.01485	0.0318594	0.0150735	0.303626	0.0262094	0.0111448	0.0235814	0.00367136	0.0786027	0.27335	0.0415268	0.0397716	0.0193414	0.0116567	0.00986999
190	0.0519157	0.00521857	0.00235481	0.00691243	0.0284147	0.00727001	0.00217491	0.293694	0.00457891	0.158498	0.0570579	0.000789011	0.00780228	0.00104444	0.00496404	0.0123144	0.0383843	0.312775	0.00206165	0.00177419
191	0.0412409	0.00625942	0.0168404	0.0373788	0.0130871	0.0184328	0.0352466	0.0154935	0.272907	0.0308678	0.0120347	0.026996	0.00499909	0.0883878	0.250721	0.0478092	0.0406845	0.0198546	0.0100151	0.010743
192	0.0182339	0.00937452	0.00185424	0.00159821	0.0355894	0.00297296	0.00303565	0.120503	0.000855666	0.574684	0.125237	0.00505987	0.00261323	0.00357851	0.00123653	0.0125742	0.00756333	0.0684772	0.00119037	0.00376854
193	0.433437	0.0420174	0.00510166	0.00260963	0.00674567	0.0170181	0.0212331	0.00826713	0.00227716	0.0143211	0.0178615	0.0366872	0.00385423	0.00564762	0.00738645	0.305997	0.046079	0.0172588	0.0012712	0.00492853
