301	20
1	0.105125	0.0011451	0.0417776	0.115251	0.0307457	0.0415287	0.0365438	0.0486438	0.0992075	0.0526046	0.0540596	0.0214359	0.0387313	0.0533248	0.0676609	0.0803634	0.0264048	0.0509181	0.00456824	0.0299594
2	0.061033	0.00537702	0.130495	0.348305	0.00616176	0.0278046	0.011184	0.00885998	0.0767856	0.00945082	0.0366142	0.0391871	0.0229285	0.0710768	0.0177914	0.0603643	0.032162	0.0169754	0.00610214	0.0113407
3	0.103867	0.00109763	0.0425685	0.114446	0.0282177	0.0421939	0.0352933	0.0506763	0.0999051	0.0528817	0.053407	0.0224152	0.0332235	0.0494412	0.0667384	0.0842531	0.0280927	0.0549463	0.00511044	0.0312245
4	0.102178	0.00106199	0.0452849	0.119276	0.0275338	0.0422543	0.0338667	0.0501674	0.101163	0.0531611	0.0548968	0.0230683	0.0330232	0.0490081	0.066813	0.0814215	0.0278011	0.0530151	0.00458427	0.0304219
5	0.110368	0.000941544	0.0369818	0.1044	0.0341287	0.0448046	0.0329871	0.0488102	0.101388	0.0511421	0.0488842	0.0245546	0.0326741	0.0457049	0.0673053	0.095691	0.0270339	0.0580765	0.00420591	0.0299173
6	0.0156831	0.00251629	0.00796916	0.0729662	0.0212801	0.00464316	0.00744884	0.0550875	0.13723	0.0671846	0.00987238	0.0417667	0.117296	0.0135275	0.17965	0.030814	0.0582232	0.129749	0.000998478	0.0260935
7	0.092795	0.00700929	0.0137125	0.0327614	0.0202703	0.01583	0.0256023	0.0536756	0.0717585	0.0644375	0.0178688	0.0187214	0.0475754	0.12655	0.033168	0.0933288	0.0729941	0.0301876	0.00278542	0.158968
8	0.333355	0.00712851	0.00504944	0.0060394	0.00169651	0.0338688	0.00264383	0.00372352	0.00786625	0.0038128	0.00343966	0.00584076	0.346014	0.010863	0.00569236	0.132255	0.0264535	0.0596183	0.000521057	0.00411834
9	0.0595481	0.0406371	0.186197	0.113797	0.00718796	0.0503458	0.0128638	0.0314547	0.0287472	0.0392314	0.0117044	0.0587235	0.00671564	0.0365323	0.0654154	0.0784843	0.110167	0.0497738	0.00359629	0.00887773
10	0.110611	0.00678893	0.00558921	0.00502039	0.0178069	0.00902963	0.00298259	0.190035	0.0133347	0.154802	0.0631376	0.00331306	0.0231179	0.00534407	0.00441879	0.0323973	0.0449485	0.305856	0.000231476	0.00123577
11	0.119785	0.0442576	0.010322	0.0202978	0.00612457	0.0244799	0.0134083	0.107059	0.0113852	0.0259691	0.0154953	0.0919342	0.0103768	0.0170371	0.0188632	0.226204	0.195804	0.0340432	0.00111922	0.00603385
12	0.233633	0.0135525	0.0205968	0.0204496	0.00636173	0.186382	0.00705088	0.04421	0.0213303	0.021142	0.0180155	0.0300216	0.0168878	0.0211894	0.0210278	0.198359	0.0762182	0.0377453	0.00103652	0.00479008
13	0.0251126	0.00380129	0.00664496	0.0122867	0.0619989	0.00644606	0.0103914	0.0294519	0.0166874	0.225024	0.0471492	0.00916656	0.0364559	0.0111445	0.0122203	0.0279918	0.339226	0.111404	0.0023524	0.00504387
14	0.292035	0.0250523	0.00346407	0.00946552	0.0180941	0.0122494	0.00289418	0.130335	0.0053275	0.0896826	0.0323851	0.003615	0.00771122	0.00352211	0.00593358	0.0522261	0.054111	0.246282	0.000522898	0.00509087
15	0.0255853	0.000911124	0.00874661	0.00383884	0.00122748	0.84497	0.00281365	0.00232564	0.00723496	0.0171554	0.00294562	0.0198012	0.0137167	0.00461304	0.00985352	0.0149335	0.0110834	0.00626841	0.000430579	0.00154475
16	0.0348449	0.0122138	0.0163886	0.071568	0.0479001	0.0168181	0.162336	0.0155481	0.0490541	0.0463779	0.0195465	0.0318365	0.0157513	0.0874847	0.0428309	0.0334069	0.0243959	0.0263618	0.00866441	0.236671
17	0.153528	0.0250735	0.0221655	0.0302089	0.0113519	0.0927383	0.014946	0.0352637	0.0305194	0.0318712	0.0204451	0.0241168	0.0369734	0.0238187	0.0276978	0.208158	0.0724604	0.125088	0.00307121	0.0105046
18	0.104028	0.007997	0.252295	0.0726178	0.00949579	0.0311941	0.0211009	0.0179347	0.0718896	0.0241515	0.0174887	0.0415603	0.0204136	0.0484473	0.12921	0.0475817	0.0376847	0.0305018	0.00324258	0.0111658
19	0.11071	0.00986811	0.0198699	0.0363893	0.0321174	0.0213328	0.0846753	0.0454816	0.0536288	0.0438889	0.0202657	0.0264517	0.0222857	0.0314478	0.0971713	0.0638907	0.110206	0.125286	0.0038953	0.0411369
20	0.0268054	0.000822535	0.0119982	0.00398326	0.00080562	0.841956	0.00290103	0.00188736	0.00761165	0.0145374	0.00215297	0.0289357	0.0101119	0.00448133	0.00822481	0.0155765	0.0101518	0.00587447	0.000280031	0.000902205
21	0.0208342	0.00487519	0.0139024	0.0493176	0.00389911	0.00834108	0.027783	0.0181739	0.34237	0.0282616	0.0117083	0.0342424	0.0304736	0.0484221	0.259317	0.0328192	0.0293711	0.0247521	0.0010814	0.0100539
22	0.0714095	0.0204752	0.00740781	0.0113535	0.00207076	0.0168832	0.0163928	0.0241713	0.00611375	0.0306816	0.0125507	0.0279209	0.00639137	0.0117516	0.0131301	0.276853	0.424369	0.0169279	0.00047857	0.00266708
23	0.0417637	0.0105789	0.0590357	0.0425228	0.00591022	0.0181245	0.0189008	0.025738	0.0311841	0.0241621	0.0131898	0.0319227	0.00861127	0.143912	0.0263507	0.194689	0.267643	0.0243064	0.00274951	0.00870378
24	0.0108704	0.00128482	0.000654971	0.00114914	0.0137382	0.00148883	0.00462702	0.251095	0.00125957	0.474328	0.0165695	0.000935333	0.00140095	0.00289374	0.00158713	0.00572853	0.0257081	0.178459	0.000173257	0.00604765
25	0.087132	0.00450959	0.00718388	0.0126332	0.0172781	0.00593942	0.00324606	0.166595	0.0264377	0.120417	0.0558515	0.00519144	0.0196216	0.00844217	0.0104949	0.0421382	0.0809158	0.324379	0.000261501	0.00133294
26	0.0174017	0.00349609	0.00802903	0.0526862	0.00298065	0.0031119	0.0406791	0.00369921	0.237109	0.023414	0.0133122	0.0353286	0.00489154	0.156589	0.29387	0.0330885	0.00935947	0.00517195	0.000404769	0.0553775
27	0.317512	0.00945059	0.00652258	0.0312267	0.0238049	0.0108784	0.00680748	0.0189542	0.0452792	0.0185465	0.0188542	0.0180327	0.0081088	0.0572826	0.00930242	0.214162	0.124236	0.0212776	0.000635597	0.0391259
28	0.0091744	0.00147511	0.000590547	0.00105194	0.0214877	0.0016249	0.00459921	0.251432	0.00105398	0.479052	0.0259736	0.000843679	0.00162441	0.00227835	0.00214599	0.00501189	0.0194966	0.16527	0.00014526	0.00566866
29	0.0494421	0.012707	0.00769293	0.00941159	0.00556966	0.00785352	0.00986267	0.0217207	0.00976586	0.0994041	0.0138477	0.0212096	0.00826865	0.0133428	0.0122857	0.23534	0.432885	0.0248101	0.000972577	0.00360756
30	0.0674237	0.00919166	0.0206413	0.0340596	0.00321571	0.478048	0.00978303	0.0135014	0.0251597	0.0178114	0.00903298	0.0544317	0.0103633	0.0170182	0.0235041	0.0934161	0.0934412	0.0141231	0.000888964	0.00494481
31	0.0135418	0.00270991	0.00668858	0.0253215	0.00838277	0.00257497	0.00436084	0.196331	0.0384992	0.0489536	0.0211216	0.0276367	0.00960939	0.00818383	0.0105202	0.0614162	0.0597564	0.451806	0.000591303	0.0019934
32	0.0148992	0.0044299	0.0128257	0.0403911	0.00659617	0.00682262	0.303378	0.0159297	0.112442	0.0503171	0.0451387	0.0439017	0.00651673	0.0648896	0.0165468	0.0688888	0.0478907	0.0147768	0.117407	0.00601173
33	0.091239	0.00557248	0.00735479	0.0101259	0.0195971	0.0068519	0.00584281	0.173076	0.019308	0.130859	0.0526212	0.0060454	0.0267247	0.00809748	0.00884403	0.0397156	0.070769	0.314628	0.000547462	0.00217962
34	0.110724	0.0036381	0.0912363	0.0845472	0.0122433	0.0588671	0.0163154	0.0612917	0.0475631	0.0284196	0.0602662	0.0295414	0.0131482	0.055808	0.0357116	0.157537	0.0597363	0.05654	0.00317977	0.0136857
35	0.0233083	0.00275412	0.0027782	0.0100564	0.00238134	0.00624945	0.0226979	0.0360249	0.247908	0.0663343	0.00565747	0.0176496	0.00353072	0.0461256	0.395903	0.0198907	0.0274778	0.0559026	0.000499155	0.00687023
36	0.0347755	0.0102836	0.00657211	0.0227281	0.0805143	0.0145275	0.245455	0.0101776	0.0283442	0.0409111	0.0116363	0.0160054	0.03918	0.0418532	0.028528	0.0441902	0.0207115	0.0187608	0.00967061	0.275175
37	0.0270357	0.00522161	0.00928338	0.0293902	0.0089516	0.0105303	0.0666177	0.0144188	0.22067	0.0275593	0.0105689	0.0273475	0.00727684	0.0406	0.20569	0.15985	0.0592676	0.0220045	0.00129211	0.0464241
38	0.0578799	0.0187884	0.0733803	0.247599	0.0054347	0.0483114	0.0306427	0.0169774	0.0556579	0.0299816	0.0111876	0.0584547	0.00864555	0.0835133	0.0749498	0.109846	0.0392071	0.0181389	0.00323879	0.00816433
39	0.0364759	0.00525438	0.0539101	0.220733	0.00776729	0.021093	0.0186125	0.0199464	0.189654	0.0213236	0.0122408	0.0379129	0.0190072	0.0624907	0.142243	0.0406733	0.0443842	0.031404	0.00214267	0.0127309
40	0.0652248	0.0011957	0.00766889	0.015267	0.0242834	0.00624604	0.0133927	0.174739	0.0493284	0.202489	0.100154	0.00799192	0.0246591	0.0308018	0.0436509	0.0298604	0.0580865	0.142265	0.00068151	0.00201363
41	0.0203284	0.005813	0.00476628	0.095723	0.00303454	0.00351455	0.0263399	0.0617731	0.271019	0.0210764	0.0139376	0.0241966	0.0078174	0.0760475	0.140643	0.026558	0.0382698	0.152707	0.00101332	0.00542155
42	0.010677	0.00358253	0.00731037	0.0317504	0.00333066	0.00338343	0.0309978	0.00963309	0.39311	0.0223008	0.0205214	0.0234337	0.0733257	0.0164864	0.307234	0.0168311	0.00931165	0.0103743	0.000973445	0.00543266
43	0.32317	0.00946416	0.0144741	0.0202332	0.00260522	0.314871	0.00602235	0.0068575	0.027478	0.00912678	0.0086126	0.0713932	0.00709041	0.0246216	0.0267463	0.0824053	0.0180665	0.0231958	0.000637179	0.00292932
44	0.0353182	0.00426804	0.00864945	0.0155249	0.0335957	0.00854426	0.00951699	0.157566	0.0212079	0.196087	0.319497	0.0114542	0.0108251	0.01793	0.0191571	0.0228202	0.022457	0.0760494	0.00231138	0.00722048
45	0.055727	0.0181962	0.00698141	0.0127009	0.00196931	0.0114687	0.00902797	0.0223711	0.00671608	0.0335878	0.00911569	0.0227047	0.00523101	0.0124146	0.0142613	0.230096	0.497507	0.0272289	0.000490627	0.00220358
46	0.0498172	0.00596902	0.00306419	0.00412192	0.0144685	0.00312159	0.00303786	0.274556	0.0071392	0.246944	0.0326532	0.00335839	0.0082718	0.00458794	0.00376368	0.0241343	0.0297265	0.278548	0.00027607	0.00244052
47	0.0117211	0.00516489	0.0065928	0.0412045	0.00268156	0.00233759	0.0315309	0.00639518	0.374633	0.016223	0.00982022	0.0246513	0.0305871	0.0361864	0.342973	0.0281719	0.0115652	0.00677612	0.000542304	0.010242
48	0.0192729	0.00240172	0.00104041	0.00124722	0.0210423	0.00201596	0.00342541	0.283467	0.0017715	0.408779	0.029951	0.00109051	0.00256348	0.00253354	0.00256343	0.00712275	0.0189115	0.186183	0.00013163	0.0044855
49	0.0450823	0.00577391	0.0372678	0.0453041	0.0114771	0.312907	0.0573076	0.0134567	0.103394	0.0255716	0.0160719	0.0978945	0.0156566	0.0337386	0.0576903	0.0526994	0.0263955	0.019903	0.00251016	0.0198979
50	0.0540361	0.0441467	0.00722702	0.0257802	0.129842	0.0111384	0.051064	0.0412255	0.0271822	0.0527906	0.0171102	0.0182671	0.0104597	0.0223192	0.0512704	0.0393259	0.0364324	0.109459	0.0412933	0.20963
51	0.259801	0.0271997	0.00685693	0.0160595	0.0133999	0.0244261	0.0063064	0.0931182	0.00959768	0.0469585	0.0237618	0.0160641	0.0114123	0.00924267	0.0123972	0.13211	0.16317	0.121179	0.00119996	0.00573907
52	0.0484814	0.00665765	0.138923	0.259284	0.00626957	0.0286137	0.0173728	0.0129643	0.0693307	0.0106203	0.0161294	0.0766443	0.0163017	0.0988072	0.0277222	0.0714088	0.0546877	0.0157343	0.00512189	0.0189257
53	0.325613	0.0465776	0.00273939	0.0122142	0.0230143	0.0252101	0.00298259	0.105005	0.00516981	0.0625704	0.0334314	0.00599886	0.00341545	0.0032588	0.00758241	0.064227	0.107738	0.156503	0.000588458	0.0061609
54	0.0911893	0.00238534	0.0772153	0.142254	0.0165229	0.0731777	0.029586	0.0391435	0.0890622	0.0313114	0.0333881	0.0438249	0.0378004	0.0437923	0.0432177	0.0965437	0.043722	0.0435555	0.00366744	0.0186401
55	0.0250283	0.000780741	0.0112875	0.00379183	0.00100583	0.845087	0.00354958	0.00278672	0.0072781	0.0160439	0.00239186	0.0258203	0.0103396	0.00447309	0.00848903	0.0144591	0.0104311	0.00580715	0.000236762	0.000912229
56	0.0397186	0.00788285	0.0518516	0.117826	0.0146954	0.0340901	0.126939	0.0207232	0.095764	0.0282872	0.0185203	0.143704	0.0176834	0.0589402	0.0567949	0.0640204	0.0406828	0.0259791	0.00770913	0.0281877
57	0.0453872	0.00505005	0.160112	0.325843	0.00741613	0.0283104	0.0109633	0.0189692	0.0600539	0.018622	0.0454411	0.036675	0.0192761	0.0561738	0.0292776	0.0450041	0.0344628	0.0407589	0.0039405	0.00826302
58	0.0455569	0.00224104	0.00861992	0.014547	0.0222726	0.00440484	0.0039544	0.176923	0.0264027	0.122497	0.0580928	0.00775654	0.0220148	0.010934	0.0119702	0.0524329	0.0969692	0.311426	0.000220643	0.0007642
59	0.0279442	0.012369	0.00380875	0.0243138	0.127652	0.00998497	0.0808017	0.0224074	0.0292245	0.0908067	0.0149275	0.0148655	0.00854338	0.0301561	0.0525398	0.0273441	0.0176933	0.0388597	0.0531164	0.312641
60	0.0897868	0.00793596	0.0046023	0.00644965	0.013761	0.00562644	0.00256429	0.262903	0.0116746	0.125754	0.0488852	0.0037357	0.0152042	0.00527519	0.00483363	0.0259629	0.0353504	0.327837	0.00033697	0.00152064
61	0.209523	0.0202658	0.00480422	0.012591	0.00713731	0.0212498	0.00793446	0.0183875	0.0114551	0.0233071	0.0392866	0.031143	0.0152135	0.0096157	0.0116626	0.324695	0.210823	0.0129177	0.000536404	0.00745085
62	0.0415918	0.0105295	0.0143667	0.0353878	0.0166057	0.0123217	0.0230305	0.088222	0.0629846	0.0448444	0.0180298	0.0578904	0.0148491	0.0298441	0.0943029	0.0833424	0.207126	0.116411	0.00177396	0.0265458
63	0.0484006	0.00641381	0.0142769	0.0273348	0.0407504	0.020166	0.0147653	0.0524554	0.0343009	0.192232	0.319852	0.0177037	0.0150953	0.0277316	0.0270363	0.041121	0.035577	0.0483003	0.00266194	0.0138245
64	0.0296769	0.0032372	0.00188487	0.00230683	0.0200018	0.00238845	0.00362527	0.252495	0.00327017	0.371888	0.029279	0.00190386	0.00489454	0.00314774	0.00248062	0.011644	0.0218957	0.229247	0.000274293	0.00445854
65	0.135068	0.0281635	0.00503	0.0166294	0.00172239	0.0348601	0.00945649	0.0219086	0.00820482	0.0134248	0.0234356	0.0438855	0.00762512	0.00610679	0.0163445	0.370607	0.244217	0.0106918	0.000371743	0.00224661
66	0.123171	0.00426001	0.00883524	0.00984596	0.00145268	0.699528	0.00352202	0.00387634	0.0115291	0.0135315	0.00425212	0.0242897	0.00868772	0.0113602	0.0116378	0.0333215	0.0122995	0.0121399	0.000594135	0.00186545
67	0.207058	0.0170332	0.00465905	0.012393	0.00804846	0.0183785	0.00845789	0.0392753	0.0108321	0.0491589	0.0261707	0.0374148	0.00897836	0.012208	0.0107226	0.271876	0.224937	0.0213893	0.000647056	0.0103606
68	0.211566	0.0307842	0.00398199	0.0143298	0.00381064	0.0273221	0.00892847	0.0201919	0.00885925	0.0145428	0.028676	0.0337482	0.0115459	0.0080122	0.0128355	0.32841	0.214007	0.012464	0.000362579	0.00562181
69	0.0177664	0.00140543	0.000778204	0.00111256	0.00648364	0.0014318	0.00471846	0.338742	0.00126918	0.363759	0.00913495	0.00133647	0.000889175	0.00403307	0.00115084	0.00574042	0.0191693	0.215388	0.000174536	0.00551642
70	0.0660097	0.0071677	0.00517814	0.00537079	0.0110706	0.00303277	0.0020271	0.223483	0.00919633	0.140845	0.0387116	0.00424889	0.012006	0.00465723	0.00327969	0.023128	0.0295214	0.409618	0.000305555	0.00114187
71	0.0343831	0.00477292	0.193198	0.0739357	0.00571695	0.0705962	0.0276962	0.0134201	0.0791483	0.0173725	0.00907917	0.2624	0.00904468	0.0341089	0.0306355	0.0716727	0.0409962	0.0142062	0.00159138	0.00602585
72	0.418598	0.0134397	0.00630484	0.012788	0.00250928	0.319176	0.0028209	0.00703653	0.0147593	0.0045141	0.00647878	0.0308981	0.00431407	0.0213916	0.0153449	0.0741269	0.0128343	0.0293446	0.000857334	0.00246271
73	0.242402	0.0187999	0.00454405	0.00969711	0.0184213	0.010779	0.00469257	0.158001	0.00898943	0.0988228	0.0341027	0.00523383	0.0131115	0.00634542	0.00781643	0.0421584	0.0488209	0.261023	0.000657623	0.00558019
74	0.00637839	0.00232896	0.000698656	0.00116861	0.0563952	0.00299913	0.00212794	0.232751	0.00138044	0.481518	0.0478598	0.00105886	0.00241338	0.0014919	0.00311853	0.00678013	0.0110632	0.131999	0.000202324	0.00626668
75	0.00702516	0.00142717	0.000957202	0.0017015	0.0772348	0.00261857	0.00175668	0.28763	0.00227566	0.425243	0.0583681	0.0013835	0.00307387	0.00216327	0.0054337	0.00665206	0.0100441	0.100268	0.000297005	0.00444575
76	0.0174494	0.00168937	0.000989698	0.00127209	0.00985857	0.00135932	0.00380384	0.323618	0.00147951	0.343747	0.0166221	0.00132824	0.00184456	0.00352298	0.00184465	0.00729672	0.0196103	0.23886	0.000149532	0.00365389
77	0.0122218	0.00487511	0.00073635	0.00252442	0.00395331	0.00173777	0.00172112	0.469087	0.00349114	0.0328071	0.0106135	0.00692773	0.00150608	0.0028557	0.0011974	0.0125006	0.0161974	0.414045	0.000197706	0.000803877
78	0.27045	0.00831441	0.132321	0.0328427	0.00571489	0.114616	0.00757482	0.0219204	0.0180887	0.0146567	0.0169267	0.0242147	0.0229324	0.0232137	0.0190559	0.146612	0.0569992	0.0572099	0.00176707	0.00456934
79	0.544381	0.00626536	0.00660658	0.00643619	0.00187315	0.136869	0.0025155	0.00782815	0.00740209	0.00388193	0.00386509	0.0117977	0.0417658	0.0110624	0.00672722	0.123903	0.0252925	0.0489328	0.000534892	0.00205977
80	0.0846031	0.0147737	0.0350136	0.0164325	0.00375599	0.019962	0.0110612	0.0218757	0.0124619	0.0183657	0.0135013	0.124989	0.00591827	0.0131976	0.0180877	0.255222	0.304516	0.0213282	0.00103692	0.00389795
81	0.0452063	0.00444952	0.106903	0.29324	0.00724096	0.0383801	0.0119528	0.0119797	0.0910902	0.0122478	0.080623	0.0301857	0.0155159	0.122167	0.0229136	0.046848	0.0277598	0.0175061	0.00470075	0.00908992
82	0.0264878	0.00141364	0.0124417	0.042699	0.00186194	0.0208296	0.0127318	0.00339257	0.096068	0.00487781	0.00257197	0.00407102	0.455043	0.00369696	0.0265786	0.134361	0.111796	0.035616	0.00052891	0.00293239
83	0.171407	0.0574416	0.00462018	0.0103516	0.112489	0.00901975	0.0173065	0.0974689	0.00888655	0.0541767	0.0176579	0.00671168	0.0136963	0.00661387	0.0153567	0.0287202	0.0513638	0.292603	0.00478072	0.0193281
84	0.0555677	0.00434389	0.025125	0.0423095	0.0078087	0.0186799	0.0152845	0.0152789	0.0699628	0.0180513	0.00964323	0.0142881	0.383371	0.0167525	0.0312666	0.10541	0.110532	0.0469326	0.00154108	0.00785095
85	0.0384619	0.00743784	0.0144099	0.0318201	0.0112516	0.0202754	0.0242607	0.0285154	0.0806046	0.0399309	0.117956	0.0281974	0.0171334	0.178833	0.231794	0.0370806	0.0354986	0.0337973	0.00383022	0.0189112
86	0.300748	0.00991086	0.00691861	0.0104275	0.00309964	0.0292673	0.0039941	0.0064201	0.0160821	0.00705812	0.00628369	0.0071825	0.313774	0.0106548	0.00778821	0.15607	0.0385892	0.0598305	0.000828228	0.00507321
87	0.0481804	0.00738192	0.0433174	0.0733572	0.0129948	0.022869	0.0297985	0.0230063	0.10032	0.0298291	0.0226108	0.0333334	0.0850659	0.191339	0.127598	0.0525167	0.0371776	0.0351269	0.00270336	0.0214736
88	0.0705193	0.0187056	0.0105865	0.018876	0.00347504	0.0148006	0.0113235	0.0249849	0.016546	0.0289138	0.0137574	0.0285049	0.0171764	0.0140178	0.0208392	0.235785	0.41414	0.0314558	0.000844516	0.0047471
89	0.114934	0.00114511	0.0325056	0.0971334	0.0359021	0.0393177	0.0277564	0.0493486	0.105844	0.053594	0.0414664	0.0205973	0.0254257	0.0467101	0.0863742	0.0837742	0.0341252	0.0668874	0.00341033	0.0337483
90	0.0434957	0.00552411	0.10721	0.36587	0.00827237	0.0237516	0.0167667	0.0181755	0.0830093	0.0212097	0.0175849	0.0374406	0.0246347	0.0578455	0.0400309	0.0518273	0.0403498	0.0198145	0.00459471	0.0125915
91	0.0408071	0.0103944	0.0141251	0.0392963	0.0374994	0.0200256	0.170209	0.0490627	0.060875	0.132854	0.0305784	0.0345605	0.0192946	0.048528	0.0537208	0.0504183	0.0440868	0.0560474	0.0137766	0.07384
92	0.0121518	0.00140426	0.00179647	0.00346994	0.202648	0.00431443	0.00246166	0.13132	0.00402602	0.48741	0.0684694	0.00270174	0.0034102	0.00430005	0.00501764	0.0147184	0.00578609	0.0366801	0.000599573	0.00731366
93	0.230679	0.00610625	0.0112398	0.0116226	0.0442079	0.00678587	0.0049591	0.0327759	0.0610038	0.0929475	0.0565264	0.0087528	0.0233958	0.0132465	0.00849766	0.139565	0.124416	0.11046	0.000727812	0.012083
94	0.420677	0.0172804	0.00737591	0.00847433	0.00930882	0.0317988	0.00478593	0.0444955	0.00897882	0.0337407	0.0161658	0.00694114	0.0514802	0.00998208	0.00745568	0.128345	0.0417385	0.144482	0.000822965	0.00567103
95	0.0809048	0.00835904	0.00282264	0.00236502	0.0121039	0.00304597	0.0031488	0.217967	0.00299874	0.309368	0.0304387	0.00232083	0.00626708	0.00366519	0.00147145	0.0191712	0.0171331	0.272915	0.000280808	0.00325266
96	0.0391685	0.00232796	0.220683	0.304099	0.00529389	0.0424006	0.0125299	0.00903659	0.0681643	0.0120536	0.0134863	0.0732039	0.00976983	0.0579775	0.0168303	0.0539803	0.0354981	0.0151866	0.00321272	0.005097
97	0.0178166	0.00151758	0.0897605	0.122973	0.00120092	0.0149408	0.0269848	0.00192806	0.271576	0.00888425	0.00243781	0.087698	0.00750356	0.145966	0.149078	0.025712	0.00938662	0.00458819	0.000353703	0.00969274
98	0.00970942	0.00439215	0.0518713	0.026372	0.00303883	0.0047777	0.141157	0.00363916	0.13908	0.00454213	0.00381319	0.378453	0.00475874	0.0589952	0.0596927	0.0560683	0.0211031	0.00477576	0.000704952	0.0230559
99	0.0169479	0.00439663	0.000768043	0.00115972	0.0313086	0.00214157	0.00184254	0.295881	0.00137576	0.380359	0.050197	0.00138774	0.00304615	0.0013772	0.00345027	0.00785357	0.0118148	0.181591	0.000155158	0.00294717
100	0.00685859	0.00236139	0.000444116	0.000634265	0.00757727	0.00216003	0.00180742	0.608061	0.000806442	0.0539703	0.0148008	0.00137147	0.00044411	0.00249067	0.000718754	0.00444332	0.0066773	0.28362	9.53949e-05	0.000657935
101	0.0196529	0.00875494	0.000675068	0.00132997	0.00227263	0.00106166	0.000937551	0.338065	0.00169229	0.029244	0.0102031	0.00448644	0.00264269	0.00353738	0.00111044	0.00524076	0.0278841	0.540401	0.000184998	0.000623015
102	0.25371	0.0299839	0.00248513	0.00864566	0.0197434	0.0121683	0.00159556	0.143483	0.00393925	0.119769	0.0409867	0.00267734	0.00549986	0.00219195	0.0046522	0.040724	0.0558216	0.246921	0.000388511	0.00461481
103	0.047144	0.0107576	0.0246832	0.0463131	0.0205092	0.0222865	0.0327243	0.0454889	0.0667629	0.127223	0.0408237	0.0297669	0.0187516	0.201443	0.0732912	0.0515733	0.046091	0.0549978	0.00760893	0.0317594
104	0.0886584	0.014783	0.0336709	0.0273158	0.00689942	0.0307409	0.0209443	0.0280438	0.0326003	0.0298679	0.0202837	0.129587	0.00943415	0.0243114	0.0273813	0.224667	0.213996	0.0266546	0.00207579	0.00808493
105	0.0501287	0.00677165	0.024127	0.0603532	0.0193233	0.0205348	0.0333529	0.0419101	0.204779	0.0682807	0.0927201	0.0309574	0.0286674	0.0429501	0.0989097	0.0511256	0.0458487	0.0521115	0.0033928	0.0237559
106	0.0106129	0.00414233	0.000450714	0.000685579	0.00625378	0.00195487	0.00157786	0.554149	0.000888055	0.0417266	0.0144017	0.00203812	0.000835197	0.00266556	0.000693853	0.00403221	0.0118013	0.340344	9.95895e-05	0.00064616
107	0.0449064	0.00340601	0.192568	0.333512	0.00573844	0.0295339	0.0133605	0.0120295	0.0683524	0.0139186	0.0162052	0.0457917	0.0208651	0.0623028	0.0267355	0.0503246	0.0351086	0.0149212	0.00440738	0.0060125
108	0.0142274	0.0015483	0.000836704	0.00147459	0.0107538	0.00144465	0.0044895	0.269149	0.00196678	0.429137	0.0156817	0.00118864	0.00206777	0.00336694	0.001642	0.00813658	0.0282961	0.199352	0.000158659	0.00508174
109	0.0227865	0.010457	0.000774112	0.00154004	0.00144126	0.000930726	0.000824803	0.29889	0.00186906	0.0207247	0.0101109	0.00520694	0.00311387	0.00382055	0.00115222	0.00509342	0.0333691	0.577101	0.000205841	0.000588005
110	0.144272	0.00131624	0.0696868	0.139679	0.00158237	0.0207213	0.0163114	0.00276817	0.188415	0.0039032	0.00273002	0.038302	0.00652004	0.152919	0.114337	0.0310776	0.0272187	0.0301421	0.000437735	0.00765935
111	0.366231	0.0185348	0.00288378	0.00692336	0.0159071	0.0103363	0.00217237	0.1162	0.00708635	0.0975498	0.039143	0.00276994	0.0110976	0.00363432	0.00478481	0.0363754	0.0548382	0.200028	0.00033725	0.00316558
112	0.0609746	0.00147402	0.0126422	0.0289511	0.00639746	0.00290895	0.0226071	0.157885	0.0678712	0.253034	0.0960823	0.0141305	0.00638396	0.0581826	0.100321	0.0176656	0.0220736	0.0675524	0.000592927	0.00227063
113	0.0604878	0.00239549	0.124668	0.392061	0.00365187	0.0199064	0.0152691	0.00803716	0.0973896	0.0129069	0.0104522	0.0376316	0.00898201	0.0681505	0.0265783	0.0654632	0.0314585	0.00581876	0.00366281	0.00502857
114	0.0198013	0.010462	0.0266067	0.009193	0.0112629	0.00317322	0.179623	0.0042828	0.0339289	0.00557946	0.0120501	0.352832	0.00249573	0.11635	0.04836	0.131646	0.00713314	0.00619583	0.000756317	0.0182674
115	0.00898414	0.0163448	0.00333987	0.0239111	0.0543154	0.00473318	0.201278	0.00472921	0.0101161	0.029018	0.0048059	0.0186064	0.00783618	0.0586568	0.00757813	0.0130989	0.0067966	0.00830355	0.013836	0.503712
116	0.0239236	0.000956395	0.0981209	0.134977	0.00106	0.0178682	0.0265088	0.00188622	0.243525	0.00767402	0.00224231	0.0887201	0.00827968	0.154123	0.137944	0.026363	0.00899524	0.0060917	0.000366675	0.0103748
117	0.0295571	0.00213591	0.0855625	0.273319	0.00326168	0.00600249	0.0306979	0.0180613	0.040039	0.00643082	0.00635398	0.0081611	0.00429989	0.351337	0.00835277	0.0792774	0.0353625	0.00634627	0.0015799	0.00386162
118	0.0137164	0.00381311	0.00125261	0.00269097	0.0100417	0.00237298	0.00313377	0.542164	0.0047288	0.0768719	0.0174656	0.00270217	0.00292765	0.0040633	0.00291485	0.00803092	0.0162903	0.282224	0.000402999	0.00219141
119	0.0265181	0.00783082	0.00146112	0.0249073	0.00136798	0.00123974	0.0228896	0.0446576	0.314189	0.0426704	0.016483	0.0453004	0.00107406	0.0877674	0.168972	0.0447648	0.0612388	0.0826192	0.000212562	0.00383633
120	0.113755	0.00110667	0.0842738	0.127408	0.00126118	0.0191653	0.0157928	0.00181875	0.236554	0.00324571	0.00157654	0.0541976	0.00888372	0.108552	0.129658	0.0330016	0.0312478	0.0176359	0.000333614	0.0105327
121	0.0350118	0.0110168	0.003918	0.028557	0.121592	0.0149175	0.105841	0.0231635	0.0379482	0.120324	0.0228237	0.0174673	0.0135092	0.0360962	0.0462018	0.0261163	0.0208162	0.0366962	0.0313813	0.246602
122	0.0147239	0.00118692	0.000775978	0.0012214	0.00971096	0.00115825	0.00385815	0.34275	0.00146414	0.344193	0.0165695	0.00125126	0.00135751	0.00360295	0.00233256	0.00643204	0.0223087	0.221634	0.00017375	0.0032958
123	0.0574962	0.00309879	0.111114	0.43314	0.00389139	0.0208398	0.0184338	0.0143292	0.077007	0.0151983	0.010586	0.029879	0.00933328	0.0687745	0.0263451	0.0602674	0.0255763	0.00649661	0.00324883	0.00494444
124	0.0331083	0.00180692	0.181473	0.0453978	0.00281595	0.0971507	0.00611371	0.014507	0.0949572	0.0169851	0.00361679	0.333685	0.00316423	0.0197831	0.0101933	0.0957466	0.0301071	0.00645111	0.000656421	0.00228085
125	0.499525	0.0148729	0.00490684	0.00367226	0.00157327	0.0353444	0.00232773	0.00596259	0.00395465	0.00380508	0.00377659	0.00386068	0.0990743	0.00767466	0.00358078	0.185454	0.0262451	0.0917367	0.000465062	0.00218668
126	0.0549918	0.00496482	0.0216805	0.0886092	0.0295013	0.0241729	0.0569667	0.0350541	0.108656	0.072441	0.0295139	0.0214732	0.125692	0.0362421	0.0568064	0.0494471	0.0309541	0.0771922	0.00346921	0.0721711
127	0.00607722	0.00192325	0.000460451	0.000646125	0.00749739	0.00192199	0.0023356	0.657855	0.000810428	0.0421604	0.015044	0.001403	0.000445364	0.00213087	0.000772236	0.00414103	0.00589062	0.247696	9.68851e-05	0.000692009
128	0.00656803	0.00217603	0.000469906	0.000641775	0.00722017	0.0019822	0.00210306	0.639023	0.00083007	0.0441604	0.014256	0.00145709	0.000479127	0.00224214	0.00075583	0.00425689	0.00649138	0.264072	0.000106848	0.000707966
129	0.0429365	0.0041971	0.0257858	0.0513986	0.0105448	0.0184638	0.0172798	0.0200296	0.0971085	0.02475	0.0135653	0.0173135	0.343208	0.0214906	0.104063	0.0706787	0.0587898	0.0450541	0.00203137	0.0113108
130	0.019431	0.00921605	0.000650646	0.0012691	0.00287506	0.00121809	0.000976992	0.387184	0.00151467	0.0266921	0.0113981	0.00415615	0.00248782	0.0034134	0.000938372	0.00456995	0.028961	0.492313	0.000195248	0.000539107
131	0.213967	0.197128	0.00793897	0.0136432	0.00886089	0.0310226	0.00875099	0.0132386	0.0119977	0.0145838	0.0113045	0.0140618	0.0653069	0.0122368	0.0114257	0.22238	0.0492572	0.0820878	0.00214406	0.00866351
132	0.491091	0.0129359	0.00581062	0.00430422	0.00272444	0.0341443	0.00275179	0.00655894	0.00550106	0.00596911	0.00514315	0.00434337	0.0988908	0.00818808	0.00408642	0.184968	0.0304533	0.0891975	0.000471058	0.00246698
133	0.0279318	0.00548131	0.012409	0.0598924	0.014069	0.044953	0.102407	0.052618	0.0265167	0.181402	0.0148174	0.0148726	0.0112239	0.143626	0.0551357	0.0300707	0.0239196	0.0913694	0.036284	0.0510004
134	0.0377434	0.00363975	0.0325354	0.0391807	0.0098943	0.0158178	0.183578	0.0412967	0.13438	0.0610746	0.0588527	0.0418636	0.0105091	0.0772161	0.054885	0.0860305	0.0490392	0.0280627	0.0237476	0.0106531
135	0.0360628	0.00178601	0.0418721	0.0676084	0.00144885	0.187413	0.0377535	0.00248796	0.159541	0.0139413	0.00346923	0.180305	0.00530996	0.0395828	0.124337	0.0703797	0.0201003	0.00382441	0.000475807	0.00230085
136	0.1343	0.0154587	0.00438897	0.00737717	0.117817	0.00669609	0.0458368	0.0979511	0.0101024	0.0376523	0.0104442	0.00750529	0.0257408	0.00813549	0.0290354	0.0163799	0.0764519	0.305876	0.00252242	0.0403277
137	0.0309089	0.00977944	0.0331756	0.0268372	0.0103923	0.0259312	0.144589	0.00882537	0.0572497	0.0137712	0.0136248	0.303874	0.00613715	0.0776141	0.0497668	0.126018	0.0304519	0.0117743	0.00267563	0.0166036
138	0.00679015	0.0021669	0.000431394	0.000627357	0.00820282	0.00191676	0.00206367	0.649827	0.000796511	0.04299	0.0168646	0.00121181	0.000435756	0.00226136	0.000761291	0.00353065	0.00695703	0.251355	0.000114597	0.00069529
139	0.0534351	0.0030526	0.265197	0.269555	0.00572856	0.0377406	0.0104822	0.00715351	0.0513553	0.00956753	0.0158068	0.0443217	0.0412519	0.0540887	0.0174172	0.0565216	0.0281253	0.0111161	0.0112746	0.00680873
140	0.310772	0.0398229	0.00197992	0.0154636	0.0273351	0.0159711	0.00220405	0.109029	0.00585322	0.0833522	0.0414724	0.00290024	0.00389381	0.00264328	0.00608036	0.0524577	0.0794282	0.190433	0.000494719	0.0084129
141	0.0141479	0.00153744	0.00061157	0.00113494	0.0114252	0.00121559	0.00482711	0.257311	0.00112191	0.455997	0.0155476	0.000963792	0.00124649	0.00317019	0.00149232	0.00599959	0.0227961	0.194043	0.000173831	0.00523716
142	0.114166	0.0521421	0.00406376	0.00593106	0.0243717	0.00506054	0.00393543	0.12327	0.00650163	0.273137	0.0376034	0.0206544	0.0190609	0.00534386	0.00456574	0.0539225	0.0128589	0.229333	0.00106319	0.00301525
143	0.0593349	0.00294925	0.139761	0.36106	0.0067071	0.0311835	0.0104455	0.00744979	0.0709373	0.00724632	0.0216718	0.0379523	0.0197049	0.0794382	0.018773	0.0628018	0.0356359	0.00909353	0.00793428	0.0099195
144	0.132334	0.00702728	0.00456446	0.0413419	0.0706849	0.0287669	0.0911805	0.00967264	0.0394756	0.0721543	0.0339187	0.0140237	0.0126499	0.0464897	0.0450452	0.03746	0.0665202	0.0367617	0.00184025	0.208088
145	0.00264261	0.00070183	0.000634208	0.00105496	0.033542	0.0013211	0.00144281	0.392417	0.00143115	0.372317	0.055654	0.000940978	0.00258134	0.00132692	0.00629562	0.00294567	0.0111075	0.109449	0.000184034	0.00201092
146	0.0567846	0.188077	0.0515413	0.0878249	0.00282813	0.00372712	0.00441531	0.106728	0.00671722	0.0214731	0.00389933	0.0509382	0.0033557	0.134711	0.00587391	0.0403055	0.0698574	0.141781	0.00090851	0.0182541
147	0.0234567	0.0116366	0.0654713	0.0780704	0.0026225	0.0165112	0.0575001	0.00327612	0.207379	0.00410914	0.0032079	0.245356	0.0111701	0.0458124	0.0627886	0.0664839	0.0832848	0.00507139	0.000514337	0.0062775
148	0.00531069	0.00820824	0.00791729	0.0507881	0.0629427	0.00209807	0.0731555	0.103674	0.0449688	0.060163	0.0167775	0.0503166	0.0019246	0.0244428	0.149986	0.0407561	0.0901002	0.0730211	0.000706589	0.132741
149	0.0279286	0.00398353	0.00138157	0.00145012	0.0143637	0.00297309	0.00195635	0.535186	0.00278877	0.0888104	0.0302141	0.00174545	0.00407591	0.00256549	0.00155138	0.0102444	0.014655	0.253405	0.000127135	0.000594947
150	0.0307004	0.00166024	0.0119762	0.039614	0.00220223	0.0200236	0.0123923	0.0043747	0.10126	0.00588797	0.00313023	0.00534852	0.449545	0.00426937	0.0253286	0.134326	0.10679	0.0370557	0.000676799	0.00343804
151	0.0253002	0.000561805	0.0110755	0.0201724	0.0210172	0.00322023	0.00487717	0.177159	0.0334457	0.101647	0.0540754	0.0110646	0.0251772	0.0111173	0.0148786	0.0533719	0.115085	0.315736	0.000273715	0.000745556
152	0.0335951	0.00339585	0.0259695	0.105742	0.0117984	0.00913025	0.0147062	0.0418371	0.0952954	0.0440401	0.0152357	0.0256945	0.163112	0.0242237	0.170224	0.0385097	0.0400825	0.119795	0.00169616	0.0159177
153	0.0318693	0.00128172	0.0272794	0.176211	0.00292767	0.00233743	0.00318713	0.0730011	0.123628	0.0495358	0.0247476	0.0212848	0.0971049	0.0363423	0.054257	0.033544	0.0193065	0.210183	0.000536087	0.0114349
154	0.0741655	0.00860557	0.00456659	0.0360098	0.0772836	0.025242	0.129804	0.006966	0.0802893	0.0568281	0.0265664	0.0186074	0.0329402	0.0605615	0.0864742	0.0209937	0.0212267	0.0227052	0.00230821	0.207856
155	0.0516832	0.000975817	0.17853	0.155081	0.00119779	0.00170069	0.00942078	0.00230027	0.0485035	0.00261143	0.00826346	0.0379098	0.324606	0.0572395	0.0203332	0.0520167	0.0332163	0.0123832	0.000617583	0.00141014
156	0.370649	0.0059133	0.004743	0.00491347	0.00179355	0.035692	0.00233387	0.00470107	0.00488309	0.00451593	0.00319903	0.00552929	0.318092	0.0122287	0.00464951	0.123693	0.0247222	0.0636428	0.000529808	0.00357495
157	0.0161846	0.00147159	0.00225996	0.00490122	0.00207954	0.0127876	0.0437086	0.0630006	0.198304	0.11728	0.00319958	0.015215	0.00287213	0.0412844	0.377848	0.0158454	0.0112123	0.057095	0.000813556	0.0126364
158	0.0124702	0.00151759	0.00243356	0.00527536	0.0674871	0.00270618	0.00308946	0.0176757	0.0145302	0.371186	0.441823	0.00357988	0.00342947	0.0185177	0.0129765	0.00644317	0.00553986	0.00631761	0.000563077	0.00243844
159	0.0423187	0.00337087	0.00518741	0.0126975	0.109223	0.0102958	0.112791	0.0857963	0.0349594	0.130602	0.0525826	0.02572	0.0374488	0.0290109	0.0170951	0.0512061	0.0753136	0.0898653	0.0197419	0.0547744
160	0.0216188	0.00989956	0.00067796	0.00135721	0.00181272	0.00100201	0.000843245	0.321887	0.00161015	0.0209622	0.0101406	0.00479086	0.0027675	0.00368625	0.00106861	0.00497307	0.0312491	0.558798	0.000202695	0.000651688
161	0.0939062	0.00912239	0.00381807	0.00280985	0.0114353	0.00347439	0.00269102	0.213135	0.00385036	0.26182	0.0336121	0.00267692	0.00790025	0.00379472	0.0015742	0.0220841	0.0161852	0.303354	0.000289435	0.00246691
162	0.0315029	0.00870267	0.0190874	0.045967	0.0275909	0.0146512	0.052745	0.0375152	0.122442	0.0389956	0.0172311	0.0838991	0.0129065	0.0570476	0.207331	0.0484943	0.0436664	0.0375219	0.00337286	0.0893296
163	0.113922	0.0177536	0.0232399	0.0352241	0.0105593	0.0375397	0.020733	0.0282238	0.0396041	0.0333365	0.0214033	0.0482051	0.0370474	0.0279251	0.0319693	0.290157	0.133761	0.0356155	0.00188021	0.0119005
164	0.0481264	0.01289	0.0176554	0.0298952	0.160553	0.018263	0.0346901	0.0798079	0.0311237	0.1908	0.0481879	0.0218915	0.0177441	0.0236484	0.0336314	0.0402357	0.0376318	0.0701607	0.0142192	0.0688453
165	0.0334075	0.0052192	0.153241	0.0581732	0.00537191	0.0543484	0.0229994	0.0142499	0.075287	0.0152691	0.00790564	0.310196	0.00744048	0.0285674	0.023153	0.089026	0.0762644	0.0116217	0.00143694	0.00682161
166	0.0232001	0.0107984	0.000938526	0.00162999	0.00162323	0.00101724	0.000863937	0.297515	0.00199506	0.0212419	0.0102168	0.00521595	0.00322922	0.00411176	0.00116715	0.00531793	0.0327902	0.576303	0.000226273	0.000598962
167	0.0600814	0.00875107	0.095256	0.0452902	0.00589268	0.0413179	0.0169789	0.0229531	0.0479892	0.0180258	0.0134663	0.189995	0.0105336	0.0292549	0.0240025	0.185924	0.155881	0.0202922	0.00144274	0.00667051
168	0.00927824	0.0032285	0.00521798	0.03227	0.00335009	0.00318098	0.025261	0.0102156	0.396469	0.023879	0.0165484	0.024532	0.0708822	0.015519	0.317448	0.0157647	0.00977459	0.0107694	0.000831736	0.00557933
169	0.108101	0.00658628	0.0308778	0.101115	0.0101994	0.0180577	0.0136403	0.042859	0.0630106	0.0346806	0.0188598	0.0175369	0.246676	0.025827	0.0385356	0.0641708	0.0394076	0.107516	0.00152233	0.0108205
170	0.0522387	0.00269466	0.0423985	0.0273217	0.00367787	0.604323	0.00873746	0.00708763	0.0235289	0.0155463	0.00775123	0.0368596	0.0414247	0.0161614	0.0177974	0.049476	0.0193548	0.0172079	0.00210496	0.0043074
171	0.153455	0.047873	0.00319375	0.0527919	0.0281168	0.0185176	0.0182344	0.011166	0.0135809	0.0230042	0.00812454	0.0106049	0.0187196	0.0403931	0.00696015	0.232701	0.229954	0.0114124	0.000980841	0.0702159
172	0.0388585	0.00182969	0.192154	0.32225	0.00317783	0.0295331	0.0207876	0.00494983	0.105277	0.00820964	0.00869718	0.075675	0.00786556	0.0508716	0.0135779	0.0600089	0.041121	0.00846045	0.0025449	0.00414964
173	0.00298385	0.00101184	0.000556584	0.000995002	0.0356106	0.00172527	0.0017674	0.331103	0.00114929	0.426122	0.0531304	0.000826662	0.00315058	0.0011596	0.00499365	0.0033738	0.0123239	0.114333	0.000149379	0.00353436
174	0.0268512	0.00759285	0.00144584	0.0250648	0.00135827	0.00125434	0.0234167	0.0452096	0.31572	0.0431728	0.0162013	0.0447173	0.00106778	0.0868231	0.169507	0.0441009	0.0584693	0.0840682	0.000207628	0.00375087
175	0.0361181	0.00371653	0.0195924	0.016047	0.00322353	0.637215	0.00627288	0.00888207	0.0227143	0.0345687	0.00830598	0.0543198	0.00909244	0.0118309	0.0210058	0.0441763	0.0459047	0.0126514	0.000723259	0.00363912
176	0.0953032	0.00759218	0.0229633	0.0303709	0.00948657	0.375766	0.0132259	0.0217954	0.0395042	0.0262349	0.015552	0.0313336	0.0199852	0.0227761	0.064439	0.092107	0.0383927	0.0570772	0.00204025	0.0140547
177	0.0357713	0.00866604	0.00297374	0.00369202	0.00580648	0.0021725	0.00187386	0.252231	0.00637942	0.0393359	0.0184015	0.00555435	0.00995481	0.0047789	0.003102	0.0122423	0.0445215	0.541403	0.000191315	0.000948299
178	0.0248524	0.00145048	0.000906859	0.00137826	0.0064769	0.00116915	0.00597672	0.275074	0.00157277	0.416761	0.00985664	0.00124399	0.00134452	0.00486371	0.00157029	0.00682165	0.0228348	0.210592	0.000196312	0.00505774
179	0.060705	0.00683077	0.015442	0.0497899	0.0412236	0.0851216	0.104552	0.0227341	0.0685401	0.0507335	0.0269906	0.0235766	0.0652848	0.0450119	0.097655	0.0445537	0.0267463	0.0352448	0.00383327	0.125431
180	0.0379893	0.00145064	0.00719673	0.00545722	0.00147614	0.818339	0.00333357	0.00312871	0.0071576	0.0230072	0.00364304	0.016542	0.0111744	0.00646423	0.00873848	0.0214051	0.0139032	0.00770467	0.000480327	0.00140806
181	0.100307	0.0192273	0.00626033	0.0131962	0.00174509	0.0215647	0.00922584	0.0214193	0.00637913	0.0161708	0.0211676	0.0439328	0.00615417	0.00571649	0.0271079	0.305389	0.349635	0.0230189	0.000655396	0.00172656
182	0.0103313	0.00126492	0.000646855	0.00110503	0.0164869	0.00164966	0.00451079	0.247462	0.00120093	0.482389	0.0196345	0.000878831	0.00148548	0.00272148	0.00175576	0.00531652	0.0230831	0.171579	0.00014499	0.00635325
183	0.0495857	0.00133412	0.00846937	0.0134661	0.0288036	0.00467829	0.00551426	0.158366	0.0352759	0.124266	0.0638547	0.00796289	0.0242872	0.00985288	0.0118198	0.0645295	0.123435	0.262884	0.000386752	0.00122742
184	0.0206049	0.01343	0.0292061	0.0453561	0.0023346	0.0261936	0.0277614	0.00407828	0.145004	0.00574154	0.00350251	0.0298461	0.0164446	0.41596	0.0938629	0.0672819	0.0435352	0.00666446	0.000589793	0.00260227
185	0.0282405	0.000928655	0.010647	0.00464504	0.00174194	0.826885	0.00376661	0.00275915	0.00776904	0.0161025	0.00314972	0.0226183	0.0158026	0.00503086	0.0100453	0.0174737	0.0122795	0.0074752	0.000373336	0.00226614
186	0.0317266	0.00144418	0.0077548	0.0766213	0.00637274	0.00286875	0.00448686	0.115013	0.076506	0.0561816	0.0567503	0.00833499	0.0155245	0.0241988	0.0630532	0.0443304	0.0913888	0.314101	0.000646545	0.00269606
187	0.0168663	0.00205936	0.0023736	0.00428326	0.244259	0.00470149	0.0032034	0.129624	0.00484998	0.457647	0.049697	0.00360386	0.0035802	0.00445157	0.00535404	0.0206084	0.00640513	0.0279031	0.000761947	0.00776765
188	0.0150561	0.00849137	0.0108965	0.0556522	0.00340691	0.00201017	0.0312515	0.00249809	0.341398	0.00904534	0.00529673	0.032119	0.00873925	0.053917	0.336286	0.0459758	0.0209974	0.00401799	0.000400412	0.0125439
189	0.0746462	0.00209174	0.0105082	0.0115332	0.00901852	0.00361224	0.00232116	0.180918	0.019982	0.126342	0.0430295	0.00495077	0.022608	0.00839051	0.00610705	0.0323317	0.0408047	0.399723	0.000271087	0.000809757
190	0.0156634	0.00114307	0.056677	0.00662064	0.00149957	0.674341	0.0116522	0.00279934	0.0290816	0.00545868	0.0020157	0.140693	0.00415862	0.00450206	0.0148344	0.0182762	0.00511759	0.0033935	0.000603715	0.00146831
191	0.0539513	0.00322705	0.499689	0.0510354	0.00420312	0.00592725	0.0460575	0.00691284	0.0311233	0.00890415	0.0380327	0.0086211	0.0058518	0.180707	0.0123322	0.0149969	0.0119036	0.0105517	0.00182851	0.00414341
192	0.0173609	0.00147406	0.054345	0.468837	0.0139388	0.0198189	0.0052466	0.0462226	0.101945	0.0441296	0.00911827	0.020233	0.0276802	0.0245678	0.0568534	0.0144651	0.0318608	0.0254154	0.00104435	0.0154434
193	0.00988879	0.00168216	0.000622996	0.000821707	0.00731767	0.00150305	0.00322718	0.543927	0.00116332	0.159266	0.0140087	0.00115411	0.000753456	0.0027906	0.00109991	0.00509349	0.0163392	0.227627	0.000151913	0.00156247
