233	20
1	0.0130571	0.00252218	0.0012964	0.00173753	0.036547	0.00168253	0.00200447	0.481324	0.00284429	0.299428	0.026762	0.00368834	0.00526988	0.00241547	0.00431135	0.0035264	0.0068181	0.0918691	0.00996554	0.00292989
2	0.0271454	0.00393073	0.00334524	0.0125375	0.166463	0.00318002	0.0280789	0.0219281	0.145841	0.188773	0.0617761	0.0253516	0.00851766	0.0193729	0.131815	0.0167823	0.0143673	0.0332815	0.0227559	0.0647576
3	0.0701343	0.00266662	0.186717	0.0410435	0.00185437	0.167908	0.0067616	0.00336747	0.00991382	0.00713243	0.00346548	0.0963857	0.0172012	0.0102739	0.0208966	0.289508	0.053239	0.00624196	0.00107005	0.00421972
4	0.0120794	0.00115216	0.00208406	0.0111209	0.195496	0.00256434	0.0177382	0.00253988	0.0440046	0.479811	0.156149	0.0039393	0.00194853	0.00314448	0.0120025	0.0125655	0.00374357	0.00319511	0.000722344	0.0339978
5	0.0198932	0.000676571	0.0283953	0.0699366	0.000713671	0.0104845	0.00439629	0.00168485	0.0430735	0.0182041	0.00610316	0.0653896	0.00915985	0.0356498	0.0294816	0.192418	0.436776	0.0184652	0.000448884	0.00864971
6	0.00917061	0.00220266	0.02615	0.0337117	0.0019934	0.0058526	0.00377896	0.00427439	0.298487	0.00589156	0.00379417	0.020132	0.357975	0.0885061	0.0454808	0.0610737	0.0227665	0.00521312	0.00105595	0.0024902
7	0.161532	0.00249216	0.0154498	0.0315376	0.00304706	0.0818351	0.00423714	0.00303127	0.287734	0.0171162	0.00332541	0.0259321	0.130906	0.0279323	0.13209	0.0575755	0.00735531	0.00393786	0.000893286	0.00203937
8	0.0117212	0.00114219	0.00200831	0.00285861	0.478483	0.00288045	0.00209551	0.0506333	0.00412773	0.0892079	0.0120775	0.00629995	0.00804744	0.00579447	0.00325234	0.02165	0.00626429	0.0212693	0.0293746	0.240812
9	0.0444171	0.00729722	0.0209282	0.034146	0.00923405	0.0203326	0.11426	0.0278326	0.188711	0.0425897	0.0167784	0.0561049	0.0103643	0.0350291	0.215285	0.039998	0.0328906	0.0616296	0.00474777	0.0174246
10	0.600672	0.00499576	0.00536143	0.00496704	0.00418882	0.196369	0.0062323	0.017593	0.00607711	0.0195301	0.00282758	0.0100212	0.00270436	0.00596322	0.00483951	0.0451468	0.0131559	0.0406124	0.00238514	0.00635645
11	0.0558199	0.00156661	0.101561	0.0764265	0.00193606	0.0637059	0.0036628	0.00377875	0.328769	0.0404035	0.0142503	0.0307992	0.00285719	0.0507664	0.0369358	0.0497383	0.107318	0.02635	0.00110179	0.00225268
12	0.0554284	0.0077896	0.0215348	0.0364627	0.0380088	0.0186218	0.0307119	0.0347491	0.104613	0.135387	0.0342656	0.0469484	0.0136772	0.0943462	0.135556	0.035444	0.024801	0.0287871	0.0110528	0.0918153
13	0.010009	0.000992779	0.00199752	0.00206369	0.40778	0.00215842	0.00170293	0.0838065	0.00298927	0.116273	0.00654037	0.00707548	0.0174974	0.00564924	0.00263175	0.0113074	0.00945014	0.0308028	0.0407587	0.238513
14	0.0731564	0.00111848	0.40029	0.1745	0.00612471	0.0233009	0.0133718	0.00164758	0.0300389	0.0156992	0.0114854	0.0797858	0.00414782	0.0240394	0.0222664	0.108679	0.00472122	0.00311935	0.000381473	0.00212656
15	0.105098	0.000319152	0.165385	0.418459	0.00277139	0.00910755	0.00999821	0.00459733	0.085087	0.0108288	0.0035825	0.0189283	0.0128402	0.070848	0.0170424	0.0268846	0.0185774	0.0128955	0.000173469	0.00657553
16	0.00949312	0.0198179	0.00243275	0.00449363	0.0447094	0.0155372	0.00421151	0.300274	0.00938723	0.229982	0.241846	0.0162004	0.00248594	0.00435345	0.00708709	0.00900311	0.0121229	0.0586388	0.00238101	0.00554227
17	0.0124342	0.00094229	0.0157678	0.0429921	0.00106444	0.0162323	0.0105264	0.0034803	0.0498059	0.0139031	0.00462535	0.057003	0.0117079	0.0200986	0.0195225	0.195267	0.489021	0.0245564	0.000466877	0.0105825
18	0.00654118	0.013002	0.25607	0.0243566	0.00203994	0.00939063	0.025414	0.00297794	0.00587455	0.0255847	0.00325112	0.389561	0.0215248	0.0973388	0.00494043	0.0361487	0.0479144	0.024976	0.000998352	0.00209491
19	0.0193783	0.0155684	0.00617765	0.00656761	0.0557289	0.00616701	0.0011082	0.117297	0.00867517	0.597851	0.0459254	0.00448093	0.0011695	0.0115778	0.0102619	0.00485483	0.0195654	0.0405343	0.0146639	0.0124464
20	0.043269	0.00187168	0.00348471	0.00520069	0.0021828	0.00480913	0.016352	0.00362292	0.0308573	0.00487684	0.00342811	0.0203991	0.470138	0.00468698	0.00514424	0.366242	0.0059017	0.00439271	0.00105761	0.00208254
21	0.179527	0.00385255	0.00686015	0.0816972	0.00510876	0.00853458	0.00725418	0.0300772	0.328161	0.0807479	0.00739223	0.0344426	0.056276	0.0375076	0.014199	0.017239	0.0342874	0.034407	0.00271381	0.0297147
22	0.134913	0.000804583	0.204916	0.127361	0.00483591	0.0618687	0.00541165	0.0126592	0.141054	0.00629977	0.00165694	0.0544977	0.01526	0.0414175	0.0632935	0.0823797	0.0207953	0.0187515	0.00045758	0.00136535
23	0.0211019	0.016195	0.00841242	0.00871091	0.0624874	0.00792832	0.000798207	0.0735771	0.0109754	0.605955	0.0599832	0.00565621	0.000677897	0.0114117	0.0123902	0.00492173	0.022134	0.039743	0.0140093	0.0129307
24	0.0141545	0.00154516	0.00777322	0.00742001	0.00210923	0.0114308	0.00640023	0.0727891	0.14576	0.102472	0.0178351	0.0149413	0.00275466	0.0403718	0.492547	0.0066104	0.0193782	0.029485	0.00082544	0.00339607
25	0.104507	0.00037176	0.132249	0.420022	0.00221055	0.0117599	0.00948494	0.00355183	0.0862697	0.0121658	0.0055102	0.0190104	0.00913243	0.0890142	0.0263169	0.0265314	0.0238534	0.010612	0.000224401	0.00720247
26	0.0342792	0.00170001	0.00579752	0.0974026	0.0244128	0.0057447	0.0174506	0.0394489	0.362587	0.0795455	0.0158631	0.0184945	0.0035994	0.0828377	0.103957	0.00719873	0.0169428	0.0511457	0.0269618	0.00463112
27	0.0103412	0.00927378	0.0027534	0.0032063	0.0428472	0.00459981	0.00183416	0.246896	0.00708084	0.386759	0.178312	0.00403454	0.000748223	0.004342	0.00509108	0.0038205	0.0128213	0.0618236	0.00588834	0.00752694
28	0.0205667	0.0088812	0.0747208	0.0368999	0.000653744	0.602582	0.0114917	0.0010344	0.0479697	0.0055913	0.00318525	0.0695459	0.00917839	0.0235447	0.0269344	0.042439	0.00271352	0.00526294	0.000434036	0.00637067
29	0.0212439	0.00900594	0.0734405	0.037497	0.000581767	0.596899	0.011858	0.00104333	0.048432	0.00596507	0.003303	0.0713342	0.00962172	0.0237777	0.0281284	0.0426498	0.00281082	0.00532966	0.000399099	0.00667962
30	0.130942	0.0150313	0.0118929	0.0134714	0.00232092	0.0199451	0.00784089	0.0130048	0.0183506	0.014788	0.00720797	0.0207806	0.0198271	0.0120547	0.0161947	0.367272	0.267319	0.0338265	0.00109652	0.00683375
31	0.0230273	0.0060473	0.0244392	0.070486	0.0100921	0.00588773	0.0229985	0.268472	0.0600607	0.033391	0.0365031	0.0167882	0.00176835	0.014793	0.092416	0.0198855	0.108335	0.171406	0.000540043	0.0126627
32	0.0620532	0.0164867	0.0488141	0.0714853	0.0156021	0.0532642	0.0244	0.0214875	0.243255	0.0424828	0.0186038	0.0521502	0.0391867	0.0474526	0.0982107	0.0543233	0.0399416	0.0310912	0.00575351	0.0139558
33	0.0103503	0.00075944	0.00134606	0.00164793	0.412688	0.00177735	0.00126684	0.0697141	0.00227689	0.125723	0.00647609	0.00707357	0.0107313	0.00597844	0.00198998	0.0110797	0.00640674	0.0273765	0.0306847	0.264653
34	0.242645	0.0675529	0.00570084	0.00974575	0.0118463	0.0268321	0.00479052	0.0696324	0.0170416	0.144535	0.0217359	0.0104625	0.0148943	0.00782453	0.0162181	0.0689565	0.0758429	0.165566	0.00317976	0.0149968
35	0.0273152	0.00418507	0.00235294	0.00272329	0.231516	0.00306183	0.00126774	0.0949843	0.00400121	0.296822	0.0381544	0.00473219	0.00503495	0.00724262	0.00360824	0.0118981	0.00917882	0.0621419	0.023009	0.166769
36	0.0738672	0.00117472	0.0276978	0.379867	0.00114833	0.0379959	0.00364873	0.00319796	0.145379	0.0302417	0.0180926	0.0136741	0.00182971	0.0981155	0.0843879	0.0340935	0.0237964	0.011135	0.00105481	0.00960213
37	0.0279927	0.0198724	0.00723913	0.00786614	0.0648668	0.00711397	0.00271869	0.0740695	0.0117114	0.558714	0.0590404	0.008346	0.00140766	0.0104146	0.0122015	0.00926325	0.0244557	0.0458725	0.0157501	0.0310836
38	0.179408	0.0148911	0.0279959	0.162988	0.0261225	0.0294914	0.0289932	0.00464089	0.100721	0.0060606	0.0033618	0.0182769	0.0678518	0.0681813	0.0398453	0.0957791	0.0419791	0.0436133	0.0011573	0.0386413
39	0.0704186	0.010635	0.160929	0.0503436	0.00724607	0.166006	0.0193358	0.0156572	0.0518819	0.0239409	0.0128473	0.0688354	0.0141635	0.0268239	0.0303835	0.150081	0.0468464	0.0615008	0.00375637	0.00836725
40	0.0204965	0.00889136	0.0738938	0.0367495	0.000595174	0.60405	0.01153	0.00101473	0.0479775	0.00559199	0.00319358	0.0700206	0.00913216	0.0233896	0.0270118	0.0420987	0.00265776	0.0050124	0.000397538	0.0062958
41	0.0867411	0.0148152	0.00384507	0.115635	0.00208561	0.0177165	0.0725084	0.0406121	0.00899117	0.0436895	0.0157945	0.284508	0.00260949	0.0851326	0.0424712	0.0755175	0.0187981	0.0510345	0.000940286	0.0165544
42	0.0646557	0.0385568	0.0052366	0.0244487	0.0376792	0.0849978	0.026813	0.0665538	0.0492219	0.169151	0.0433579	0.0298574	0.00369867	0.0064747	0.084024	0.111953	0.120001	0.0283699	0.00140362	0.0035456
43	0.0203396	0.000470559	0.000533497	0.000649639	0.0113771	0.00474225	0.000366471	0.412149	0.00363736	0.0929046	0.0135744	0.00121621	0.00182544	0.00199335	0.00122825	0.00236764	0.00802593	0.419356	0.00209231	0.00115012
44	0.0799893	0.00550084	0.104443	0.314281	0.00747077	0.0262941	0.0173979	0.0159928	0.0899075	0.0268097	0.0149688	0.0410122	0.020319	0.0670762	0.0471912	0.0491285	0.0368599	0.0235512	0.00199386	0.00981222
45	0.160882	0.142164	0.00510541	0.0106758	0.00274776	0.0683852	0.00420799	0.00881557	0.00980772	0.00783731	0.00821321	0.00894252	0.0277904	0.00755783	0.00809995	0.106324	0.396091	0.0109068	0.00159634	0.0038496
46	0.0636405	0.0198392	0.00652437	0.0113536	0.0220514	0.0107122	0.00643171	0.175839	0.013016	0.19204	0.0386533	0.0100267	0.00475953	0.00928455	0.0128033	0.0293047	0.0633521	0.287097	0.0050447	0.0182258
47	0.0206043	0.0162614	0.00723548	0.00765556	0.0621279	0.00795686	0.000898168	0.083486	0.0103375	0.593299	0.0664776	0.00495623	0.000649502	0.0109429	0.0114268	0.00479197	0.0203065	0.0434167	0.0143174	0.0128523
48	0.00338769	0.0050946	0.00109897	0.00135435	0.0302266	0.0038093	0.00168541	0.332697	0.00568923	0.261517	0.262712	0.00420027	0.000970012	0.00149972	0.00201084	0.0028368	0.00864187	0.0640567	0.00154878	0.00496274
49	0.050412	0.0212357	0.0436749	0.0769534	0.00295165	0.00752476	0.0405277	0.0223053	0.101079	0.0249656	0.0440803	0.00823516	0.139617	0.0620555	0.249016	0.0804209	0.00833901	0.00678338	0.00128953	0.00853246
50	0.0767221	0.0316148	0.017596	0.00673937	0.0373904	0.00802742	0.0774316	0.0344728	0.0748804	0.126184	0.0296455	0.163847	0.0165734	0.0137129	0.0703106	0.0402724	0.0253111	0.0338957	0.00231997	0.113053
51	0.0355642	0.000776428	0.00185152	0.00266616	0.00092112	0.00386856	0.00194537	0.00802481	0.00396585	0.00921924	0.00703317	0.0105721	0.00278825	0.00628893	0.00310554	0.570594	0.311266	0.0123036	0.000645525	0.00659971
52	0.020683	0.000451581	0.000511822	0.000506932	0.0111568	0.00488889	0.000387332	0.411901	0.00370436	0.0921862	0.0133562	0.00125181	0.0018725	0.00205083	0.00126	0.00239545	0.00804891	0.420225	0.00205778	0.00110363
53	0.152401	0.239614	0.0100382	0.013572	0.00846224	0.0253179	0.00831391	0.0673011	0.0244834	0.051506	0.0221377	0.0178458	0.00751133	0.0122104	0.0153833	0.0861313	0.0428534	0.180823	0.00268638	0.0114068
54	0.0203596	0.000460118	0.000477848	0.000489902	0.0123582	0.00413842	0.000388264	0.40627	0.00331457	0.102034	0.0147808	0.00132715	0.0015807	0.00173195	0.00134759	0.00218642	0.0072833	0.416193	0.00215587	0.00112283
55	0.0369624	0.00413297	0.015861	0.0216504	0.0021179	0.0203828	0.00970015	0.0103469	0.020662	0.0147277	0.00861372	0.0327334	0.00770321	0.0353256	0.0282678	0.471637	0.23449	0.0154112	0.00191604	0.0073582
56	0.0352079	0.000788377	0.00191161	0.00275735	0.000945941	0.00406557	0.00198255	0.00799746	0.00398212	0.00927699	0.00700793	0.0111374	0.00290789	0.00625356	0.00314637	0.570642	0.310197	0.0125276	0.000660069	0.00660436
57	0.0634539	0.0161959	0.027365	0.0515968	0.0164372	0.0315793	0.0243853	0.0551156	0.0649367	0.0533767	0.0299877	0.0596814	0.028663	0.162495	0.0477214	0.0576622	0.0495478	0.134511	0.00724767	0.0180405
58	0.350887	0.0795242	0.0029496	0.00525876	0.00276747	0.0333065	0.00264348	0.0838359	0.0085458	0.0298163	0.0117681	0.00457771	0.00459174	0.00370333	0.00947716	0.090856	0.0568609	0.209194	0.00073594	0.00869978
59	0.0396116	0.00969201	0.087367	0.0370285	0.00249508	0.523857	0.013046	0.00468059	0.0503377	0.00856822	0.0048674	0.0664681	0.0129931	0.0238907	0.026378	0.0577901	0.0117999	0.00828934	0.00347915	0.00736074
60	0.098369	0.268968	0.0187076	0.0234344	0.0120637	0.0546379	0.017259	0.0481037	0.0383731	0.0648359	0.0241046	0.0350941	0.0126025	0.0203812	0.0309211	0.0793957	0.0446028	0.0879524	0.0054154	0.0147782
61	0.266074	0.00259329	0.00697428	0.0114268	0.00535979	0.0432925	0.0383556	0.00685131	0.153856	0.0382783	0.00710902	0.119136	0.0577652	0.0176895	0.126536	0.0431799	0.0316209	0.00865289	0.00131162	0.0139365
62	0.00441993	0.00483364	0.00171234	0.00228689	0.0235243	0.0040297	0.00229591	0.270408	0.00607493	0.238012	0.327816	0.00479762	0.00136874	0.00233877	0.00267191	0.00382714	0.00749899	0.086763	0.00136524	0.00395532
63	0.0295731	0.0110889	0.0690344	0.0330445	0.00126429	0.517114	0.0150234	0.00232452	0.044143	0.0070153	0.00595787	0.118273	0.0112113	0.0231907	0.0394522	0.0502439	0.00724727	0.00630186	0.000818644	0.0076779
64	0.0968218	0.293723	0.0185714	0.0223672	0.0107524	0.0338047	0.0153871	0.0473931	0.04637	0.0514808	0.0215334	0.0280084	0.0135961	0.0212652	0.0312742	0.0844403	0.0528339	0.0914389	0.00586316	0.0130752
65	0.146873	0.00224127	0.0339392	0.0110758	0.00224743	0.0373038	0.0322996	0.0203246	0.144056	0.0085126	0.00390232	0.00704897	0.00593644	0.0234556	0.0983835	0.175119	0.139617	0.10346	0.00122951	0.00297432
66	0.0237201	0.00430062	0.00571352	0.0102411	0.350476	0.00851061	0.00926944	0.0707415	0.0213684	0.14274	0.0329603	0.0164127	0.0102404	0.011531	0.01788	0.0212642	0.0152067	0.0395535	0.0226976	0.165172
67	0.100097	0.286312	0.0212459	0.0234741	0.0107449	0.0405092	0.016356	0.0463705	0.0391614	0.0459144	0.0229169	0.0426319	0.0144534	0.0204348	0.0292189	0.0798326	0.0495289	0.0916029	0.00460154	0.014592
68	0.152605	0.0837197	0.0321648	0.111758	0.00949658	0.0360434	0.0223962	0.021667	0.0774612	0.0293987	0.0203775	0.0434836	0.0337719	0.0373311	0.125784	0.0638598	0.0430558	0.0374689	0.00414587	0.0140117
69	0.0352282	0.000740406	0.00214326	0.00350353	0.000923058	0.00378937	0.00203766	0.00798426	0.00443057	0.00941734	0.00699763	0.0114537	0.00275869	0.0066132	0.00331973	0.562276	0.316498	0.0124696	0.00066127	0.00675451
70	0.158797	0.0143875	0.0262872	0.0142373	0.00156552	0.560596	0.0293482	0.00614223	0.00642826	0.00858026	0.00338164	0.00663068	0.00253703	0.00410868	0.00532372	0.076183	0.0263862	0.0090466	0.0265055	0.0135274
71	0.0380787	0.0020121	0.0076529	0.0116539	0.0038973	0.0348821	0.00458426	0.113508	0.146955	0.328659	0.0276947	0.0105719	0.00355082	0.0771216	0.0805217	0.0121784	0.0325631	0.0565684	0.00152728	0.00581902
72	0.104772	0.0252876	0.0574818	0.0484594	0.00386066	0.180925	0.0282306	0.0839016	0.125654	0.0708208	0.0454586	0.087358	0.00417687	0.00752554	0.00872332	0.0736943	0.00975393	0.028942	0.00108185	0.00389107
73	0.0536027	0.00782715	0.0561965	0.0417424	0.00133722	0.425761	0.0120385	0.00216936	0.112722	0.00808608	0.00355175	0.0660426	0.0434526	0.0237101	0.0718597	0.0504082	0.00803952	0.00571699	0.000629722	0.00510564
74	0.0216742	0.00159439	0.00257894	0.0112052	0.178932	0.00330005	0.0252806	0.0236718	0.148764	0.196902	0.0654175	0.0169313	0.00867559	0.0208983	0.136177	0.0134357	0.011792	0.0334314	0.0234942	0.0558446
75	0.065933	0.0016021	0.0403272	0.116377	0.00319368	0.0198204	0.0300277	0.10531	0.146086	0.0529639	0.020533	0.0259849	0.00323161	0.0615862	0.0694821	0.0475928	0.0452995	0.111711	0.00107635	0.0318613
76	0.0491826	0.0107707	0.0312499	0.0341974	0.00754875	0.225005	0.0256284	0.0172712	0.0704409	0.0279311	0.0156966	0.0501555	0.0182326	0.0299173	0.137695	0.108799	0.103887	0.0232491	0.00491655	0.00822545
77	0.00959151	0.0074337	0.276186	0.0249945	0.00248302	0.0190233	0.0555438	0.00357564	0.00924649	0.0159808	0.00391362	0.372476	0.0156475	0.0810479	0.00544168	0.0500364	0.0287499	0.0153523	0.000889089	0.00238615
78	0.0213635	0.0167537	0.00318952	0.00329036	0.0421987	0.00402664	0.00374538	0.210857	0.00677434	0.40727	0.111905	0.00389374	0.000784827	0.00547142	0.00730822	0.0068999	0.0175055	0.106911	0.00881813	0.0110333
79	0.0199103	0.000682427	0.0282151	0.0704524	0.000728861	0.0105051	0.00432721	0.00172167	0.0430614	0.0180781	0.00616243	0.065115	0.00910071	0.0358601	0.0293686	0.192399	0.436769	0.0184759	0.000447037	0.0086193
80	0.471832	0.00129141	0.00240605	0.00330432	0.00264328	0.00366327	0.00258024	0.00281373	0.0228595	0.0135244	0.00264888	0.0143348	0.147767	0.00360933	0.0234917	0.124683	0.0921855	0.0617431	0.000706188	0.00191288
81	0.15933	0.0156694	0.0255972	0.0164492	0.00160159	0.548659	0.035601	0.00486109	0.00672764	0.00653177	0.00332034	0.00623627	0.00230685	0.00420843	0.00500089	0.0833353	0.0205354	0.00704217	0.0316318	0.0153542
82	0.070527	0.00544085	0.0642717	0.268516	0.00621496	0.022047	0.0618952	0.0150571	0.0679903	0.0349821	0.0252416	0.0480191	0.0209325	0.135525	0.0450501	0.0359417	0.0304765	0.0236361	0.00388207	0.0143528
83	0.00299862	0.00535228	0.00110455	0.00150748	0.0309511	0.00401541	0.00168506	0.347058	0.00580602	0.253364	0.258639	0.00464898	0.000895834	0.00161768	0.00205547	0.00293886	0.0087152	0.0609926	0.00125498	0.00439888
84	0.0361716	0.0135669	0.00121187	0.00196283	0.0259157	0.00184923	0.00430554	0.177398	0.00448545	0.240391	0.0569309	0.00232281	0.00206641	0.00312519	0.00488262	0.0115537	0.0500896	0.33432	0.00552917	0.0219212
85	0.128979	0.00151917	0.196293	0.167043	0.00318114	0.120943	0.00504379	0.0039083	0.0327105	0.0185386	0.00524823	0.0626051	0.00613217	0.0225897	0.026708	0.169808	0.0095816	0.00550738	0.000772295	0.012889
86	0.086238	0.00166704	0.0975786	0.422262	0.00308119	0.0161994	0.00993632	0.00493085	0.0911753	0.0185704	0.0112041	0.0224095	0.00829385	0.0989176	0.0371704	0.0291929	0.0212451	0.0117043	0.0011282	0.00709453
87	0.0263027	0.00361413	0.000467205	0.000533988	0.0211263	0.00269541	0.00185449	0.365362	0.00287392	0.152694	0.031452	0.00145889	0.001212	0.00173357	0.00254828	0.00365069	0.00803049	0.361787	0.00457238	0.00603171
88	0.0493542	0.00924224	0.00132698	0.00149092	0.0359549	0.0016177	0.00413474	0.221301	0.00347307	0.303539	0.0685115	0.00217445	0.0010824	0.00588728	0.00478984	0.00920195	0.0143506	0.174812	0.0153087	0.072446
89	0.0223931	0.0110494	0.0636157	0.0603	0.000844386	0.0301815	0.0367711	0.00520148	0.298056	0.00464772	0.00174972	0.0529529	0.018938	0.0411562	0.273652	0.0299366	0.0448425	0.00207152	0.000429893	0.00121007
90	0.0204422	0.00049442	0.000494779	0.000501955	0.0129252	0.0040351	0.000403324	0.40478	0.00324834	0.103935	0.0153764	0.00141318	0.0015239	0.00169685	0.00141959	0.00216577	0.00721233	0.414547	0.00225004	0.00113483
91	0.0721739	0.00238541	0.096024	0.0195504	0.00234772	0.0871409	0.0235419	0.00417777	0.0134573	0.0105286	0.00389493	0.134162	0.00755226	0.0271256	0.0228375	0.288989	0.173039	0.00679323	0.00115458	0.00312402
92	0.0131636	0.0096891	0.00367613	0.00494523	0.00179599	0.0128664	0.212092	0.00995544	0.0469385	0.00530423	0.0133854	0.345926	0.00251104	0.0283666	0.0830691	0.0819209	0.110358	0.0108774	0.000830871	0.00232798
93	0.0201063	0.000445687	0.000501269	0.000497979	0.0116395	0.00465857	0.000375751	0.412987	0.00353356	0.0947665	0.0140753	0.00123832	0.0017744	0.00182449	0.00126247	0.0022988	0.0079206	0.416855	0.00215916	0.00107911
94	0.0343721	0.010502	0.0344298	0.0460305	0.00941529	0.0103319	0.0164899	0.250812	0.0449308	0.0502484	0.0308987	0.0179188	0.00865173	0.0148368	0.0574281	0.0259373	0.0933577	0.230908	0.00126195	0.0112379
95	0.0231682	0.00797078	0.000826404	0.00523111	0.0393189	0.0026651	0.00215433	0.348039	0.00556198	0.146182	0.0308801	0.00175155	0.00125638	0.00386961	0.00298064	0.00597644	0.00822814	0.34596	0.00430818	0.0136717
96	0.0152191	0.00756564	0.00334275	0.00409257	0.0276032	0.00644463	0.00350248	0.303814	0.0115065	0.231386	0.23517	0.00830844	0.00253625	0.00812969	0.006131	0.010202	0.0177544	0.0868044	0.00260277	0.0078834
97	0.062083	0.0120826	0.0544216	0.0295146	0.0017882	0.550859	0.0159636	0.00718894	0.0404343	0.0123406	0.00534998	0.0498124	0.0110671	0.0200507	0.0236718	0.0606096	0.0135343	0.01211	0.00809973	0.00901767
98	0.0636381	0.00533804	0.0112098	0.0145636	0.00694071	0.0138721	0.0103243	0.299632	0.0213801	0.0190196	0.162534	0.0176525	0.00910982	0.0608304	0.0187357	0.0931511	0.138508	0.0224928	0.00299653	0.00807076
99	0.0641859	0.011736	0.0549412	0.0300368	0.00165082	0.553468	0.0166785	0.00519568	0.0360385	0.0105329	0.0043591	0.0503641	0.00872891	0.0188754	0.0232899	0.0665942	0.015985	0.0092545	0.00872631	0.00935841
100	0.0801515	0.00880876	0.105364	0.319929	0.00811291	0.026992	0.0178231	0.0181697	0.085807	0.0286178	0.0163815	0.0457958	0.0144146	0.0634914	0.0476119	0.0439995	0.03108	0.0238326	0.00277465	0.0108422
101	0.10579	0.0133748	0.0178719	0.0283808	0.00510303	0.0277059	0.0134636	0.0116262	0.0528056	0.0190419	0.0135887	0.059403	0.173163	0.0259563	0.035264	0.199004	0.156614	0.0307991	0.00230831	0.00873684
102	0.0111094	0.00126785	0.00215089	0.0102142	0.219354	0.0028675	0.0155122	0.00240822	0.0376279	0.468726	0.159919	0.00412229	0.00220826	0.00319367	0.0101252	0.0119094	0.00402858	0.00322944	0.000752569	0.0292741
103	0.0672407	0.00403325	0.115774	0.252753	0.00485801	0.0105201	0.0658117	0.00902872	0.0211163	0.110887	0.0876001	0.044229	0.00624249	0.076481	0.0150477	0.0182102	0.0414806	0.0115906	0.00264	0.0344554
104	0.0696935	0.00958717	0.077181	0.138516	0.00657227	0.0349025	0.036884	0.0161825	0.0410689	0.0217385	0.0123294	0.277819	0.0197987	0.0500937	0.0316466	0.0690454	0.0457895	0.0277273	0.00394969	0.00947466
105	0.0106856	0.000803501	0.00131748	0.00166131	0.399329	0.00176477	0.00125405	0.0685025	0.00233798	0.127352	0.00636134	0.00642016	0.00919836	0.00661726	0.0021038	0.0107607	0.0059057	0.0249089	0.0276505	0.285066
106	0.0393944	0.000980475	0.393878	0.224885	0.00777505	0.0304966	0.0303478	0.00190927	0.0709893	0.00489409	0.00916932	0.065753	0.014204	0.0248584	0.0144354	0.0389723	0.0172607	0.00820298	0.00044999	0.00114448
107	0.0948089	0.00647779	0.00349488	0.152167	0.00176539	0.0114639	0.068868	0.0159603	0.00585844	0.0182781	0.0071347	0.387304	0.00225358	0.0764795	0.0174213	0.0684999	0.0108713	0.0432051	0.000870237	0.0068178
108	0.0344234	0.0129173	0.00127699	0.00223403	0.0265708	0.00193125	0.00433657	0.163546	0.0048249	0.238508	0.0571747	0.00257116	0.00239615	0.00312192	0.00508938	0.0122968	0.0540693	0.349365	0.00486902	0.0184769
109	0.0297257	0.0148285	0.000810952	0.00118444	0.0344756	0.00142458	0.00818311	0.281964	0.00474682	0.293797	0.0857441	0.00220014	0.000889864	0.00222125	0.00822819	0.0102686	0.0168504	0.182872	0.0080366	0.0115481
110	0.0241429	0.0121642	0.0678014	0.065092	0.000735537	0.0336777	0.0376922	0.00541543	0.299881	0.00396739	0.00153802	0.0555569	0.0174931	0.0391594	0.259897	0.0283529	0.0443501	0.00172278	0.00034463	0.00101532
111	0.625653	0.00672445	0.00495495	0.00752571	0.0291553	0.0459668	0.00548559	0.014818	0.0135271	0.0110191	0.00466308	0.0135583	0.0232849	0.00747235	0.00967977	0.0918629	0.0264157	0.0512907	0.00123746	0.00570469
112	0.0281947	0.0143435	0.000750179	0.00118424	0.0346795	0.00152148	0.00789994	0.292428	0.00458742	0.293341	0.0890813	0.0023683	0.000981397	0.00208445	0.00767946	0.009573	0.0158887	0.175069	0.00775548	0.010589
113	0.0208536	0.0137199	0.0733011	0.074086	0.000726586	0.0302094	0.0434718	0.00481853	0.290855	0.00399722	0.00140557	0.0543811	0.0143766	0.0360056	0.266144	0.0295548	0.038676	0.0019962	0.00039925	0.00102174
114	0.0172456	0.011089	0.0167191	0.0547723	0.00813856	0.00499025	0.0206063	0.309445	0.048122	0.0645506	0.0379682	0.028055	0.00181521	0.00950563	0.0773794	0.0157611	0.111141	0.153419	0.0008418	0.00843464
115	0.027764	0.00475613	0.000472223	0.000539593	0.0229626	0.00238447	0.00227204	0.355155	0.00281381	0.170395	0.0354497	0.00146787	0.00118198	0.00176761	0.00290796	0.00411554	0.00843115	0.342448	0.00531522	0.00739971
116	0.0169375	0.0159054	0.00263159	0.00404038	0.00150225	0.0125236	0.194214	0.0147013	0.0551457	0.00528031	0.0167388	0.308867	0.00243415	0.0247231	0.0629706	0.0644583	0.178434	0.0155176	0.000798287	0.00217633
117	0.0204276	0.00181925	0.157676	0.106678	0.0141231	0.0313093	0.0403734	0.0174683	0.186944	0.0318372	0.029962	0.117404	0.00276041	0.0344963	0.0441264	0.0196176	0.0444544	0.00518431	0.0383034	0.055035
118	0.255543	0.0974721	0.00400197	0.00541448	0.00150043	0.15403	0.0044892	0.0538784	0.00621348	0.0405438	0.0122032	0.00279191	0.00485923	0.00227056	0.00828849	0.0890596	0.0829933	0.158125	0.00271164	0.0136102
119	0.0215217	0.0163054	0.00780757	0.00849242	0.0623063	0.00831852	0.000839141	0.0742309	0.0117711	0.602421	0.0617409	0.00539946	0.000693758	0.0124813	0.0130458	0.0046772	0.0213675	0.039726	0.0143637	0.0124902
120	0.0272422	0.0177475	0.0615946	0.0333463	0.00101685	0.521366	0.0206229	0.00270207	0.0434531	0.00611027	0.0086381	0.119042	0.00809125	0.028614	0.031245	0.0478035	0.00438094	0.00536998	0.000952492	0.0106608
121	0.00544225	0.00431117	0.0014381	0.00176314	0.0351529	0.00302327	0.00178884	0.385797	0.00491612	0.29285	0.16898	0.00378842	0.00177193	0.00178029	0.00293669	0.00272981	0.0122535	0.0620122	0.00366921	0.00359538
122	0.0175115	0.00331574	0.00820846	0.00819967	0.00294493	0.357927	0.00621583	0.00697434	0.01201	0.0111538	0.00578972	0.0120033	0.0277379	0.00971516	0.0100682	0.458898	0.025394	0.00937577	0.00212561	0.00443121
123	0.16516	0.00272294	0.00553807	0.00838631	0.00331912	0.0266126	0.0267964	0.00621106	0.0319906	0.0622991	0.094005	0.0490208	0.102539	0.188475	0.00865263	0.0524193	0.0312932	0.0509578	0.0216029	0.0619983
124	0.0306055	0.00270179	0.0187775	0.0317581	0.0195602	0.0148305	0.0163378	0.041591	0.220665	0.0993663	0.0204334	0.0261846	0.00697177	0.048144	0.315474	0.0146324	0.0204014	0.0311969	0.00573364	0.0146343
125	0.0180338	0.00639192	0.00480955	0.00762317	0.00347731	0.0295069	0.205665	0.00775935	0.146413	0.0106245	0.0294777	0.255371	0.00440433	0.0352931	0.0795763	0.0924682	0.0439836	0.0116971	0.00165973	0.00576519
126	0.00796354	0.00528035	0.00151956	0.00249351	0.0239049	0.003853	0.00252882	0.286645	0.00580814	0.222232	0.291268	0.00459797	0.00120325	0.00258806	0.00313628	0.00431032	0.00788372	0.115713	0.00196221	0.00510776
127	0.0712995	0.0180682	0.0195282	0.0289094	0.00444	0.02555	0.0137542	0.0200741	0.0370665	0.0261406	0.0119615	0.0377708	0.0117943	0.0206011	0.025427	0.242704	0.305104	0.0697623	0.00159261	0.00845208
128	0.0203322	0.000441102	0.000487571	0.000493341	0.0117739	0.00436986	0.000373349	0.408402	0.00344874	0.0984006	0.014056	0.00128176	0.00169484	0.00179818	0.0012823	0.0022585	0.00753715	0.418384	0.0021045	0.00108038
129	0.0606705	0.0101406	0.0261902	0.0235721	0.00672384	0.0412347	0.0151183	0.0155795	0.02657	0.0209456	0.0109167	0.0394734	0.021615	0.0190041	0.0313975	0.42395	0.174454	0.0206985	0.00243589	0.00931025
130	0.060478	0.0209286	0.0234923	0.0330353	0.00637324	0.0304742	0.0151798	0.0240792	0.0414936	0.0305575	0.0134669	0.0530184	0.0171199	0.0234674	0.0306049	0.192041	0.329409	0.0414326	0.00279489	0.0105526
131	0.155681	0.273983	0.00555329	0.00805835	0.00282038	0.0200289	0.00481705	0.0636889	0.0142103	0.0210574	0.0105907	0.00911004	0.00479431	0.00694222	0.00978964	0.181593	0.0339827	0.164718	0.00150731	0.00707459
132	0.073437	0.0108682	0.0486148	0.0282321	0.00296792	0.455459	0.0176435	0.00870406	0.0326731	0.0117447	0.00608853	0.0430919	0.0122752	0.016899	0.0232909	0.153394	0.0236869	0.0144462	0.00743834	0.00904475
133	0.0262592	0.00408193	0.000468195	0.000538422	0.022029	0.00249705	0.00198959	0.362284	0.00279525	0.165944	0.0331087	0.00149494	0.00123048	0.00171264	0.00282505	0.00380615	0.00827968	0.346924	0.00515754	0.00657313
134	0.0770939	0.0311567	0.00619358	0.00800081	0.00533389	0.00826728	0.0047941	0.0806594	0.0284881	0.0275832	0.0287991	0.00951325	0.0557525	0.00746188	0.00826231	0.0358794	0.0611153	0.509161	0.00146409	0.00501968
135	0.0394522	0.00243403	0.305778	0.155996	0.00460651	0.0202617	0.0664013	0.00397605	0.0523048	0.00716673	0.00683476	0.0953564	0.131507	0.0200606	0.0127646	0.0401811	0.0235672	0.0077928	0.00103518	0.00252358
136	0.0399322	0.00212645	0.00594425	0.0516314	0.00270566	0.145769	0.00485502	0.00475262	0.314629	0.0067672	0.0652695	0.0658777	0.00491158	0.0808738	0.144861	0.00905763	0.0227366	0.0214309	0.00140468	0.00446427
137	0.00314715	0.00508443	0.00115819	0.00151742	0.0297407	0.00402031	0.00180485	0.335431	0.00564753	0.250066	0.271216	0.00453377	0.000895185	0.00172732	0.00209043	0.00291369	0.00826515	0.065026	0.00131388	0.00440138
138	0.01461	0.00158996	0.0509517	0.0475366	0.00154541	0.00641305	0.0202905	0.0535069	0.209906	0.0624089	0.0276489	0.032431	0.00269255	0.0283068	0.186018	0.00835665	0.00694794	0.0225122	0.00108373	0.215244
139	0.0788464	0.00103733	0.0911676	0.192114	0.00116751	0.00711163	0.00220162	0.00199731	0.186281	0.0116242	0.0148151	0.0227892	0.00179701	0.118402	0.162008	0.0612617	0.0211	0.0139941	0.00840535	0.001879
140	0.0110765	0.00135648	0.00223071	0.010079	0.221197	0.00283715	0.0154487	0.00333944	0.0370402	0.467355	0.156257	0.00412378	0.00226453	0.00320124	0.0100346	0.0118589	0.00403749	0.00376323	0.00116678	0.0313326
141	0.27434	0.112656	0.00294615	0.013481	0.00205789	0.0517789	0.00230026	0.0526539	0.00839179	0.0302408	0.0195181	0.00560524	0.0158921	0.00367514	0.00938554	0.103451	0.139688	0.142419	0.000660186	0.00885978
142	0.0533976	0.000738193	0.357159	0.249909	0.00517071	0.0286846	0.0359416	0.0023389	0.0712703	0.00515735	0.0064232	0.059146	0.0167666	0.0263341	0.0173269	0.0424201	0.013438	0.00640076	0.00031099	0.00166629
143	0.0312066	0.00188917	0.152982	0.0281393	0.0137683	0.241599	0.00316525	0.00330687	0.21079	0.00465787	0.00341218	0.177864	0.0397475	0.0405763	0.0266124	0.00696253	0.00637177	0.00377381	0.000846273	0.00232912
144	0.0244839	0.0104991	0.0106253	0.0196295	0.0403191	0.0118056	0.00103772	0.0979904	0.0266519	0.551734	0.0513729	0.0074979	0.000933151	0.010346	0.025668	0.00855107	0.0332713	0.0462213	0.00842503	0.0129366
145	0.0110311	0.0024875	0.0438294	0.00856747	0.00252935	0.142105	0.0252147	0.00599848	0.0699382	0.00818892	0.00471981	0.0872426	0.199785	0.32387	0.00992832	0.0115027	0.0296183	0.00789989	0.00161347	0.00392892
146	0.0197848	0.0189123	0.00143864	0.0209062	0.0554856	0.00207363	0.00325716	0.267335	0.0145143	0.143577	0.0315007	0.00274771	0.00144251	0.0112196	0.00418235	0.0109813	0.0101499	0.352006	0.00394795	0.0245378
147	0.0126485	0.0207683	0.00882031	0.00731422	0.00318924	0.0386999	0.0668492	0.00791745	0.019538	0.00698993	0.00712628	0.43446	0.00349801	0.0117213	0.0508222	0.0412493	0.244938	0.00952126	0.00112735	0.00280141
148	0.0140425	0.00447535	0.00318363	0.00693841	0.242399	0.00364717	0.00817602	0.0479559	0.0241469	0.380298	0.0847261	0.00600342	0.0049805	0.00693644	0.0141156	0.0100588	0.00951028	0.0238987	0.0132857	0.0912217
149	0.247813	0.00198359	0.00583208	0.00573812	0.00245551	0.0155856	0.00480721	0.00829239	0.00767674	0.00887565	0.0053394	0.0133637	0.00898201	0.00808681	0.00723069	0.445091	0.176724	0.0192509	0.000727323	0.00614388
150	0.0203583	0.000440405	0.000491237	0.00049887	0.0126068	0.00407942	0.000385839	0.405321	0.00328326	0.103047	0.0149386	0.00138871	0.00154398	0.00171071	0.00137352	0.00216513	0.00722387	0.415876	0.00219035	0.00107816
151	0.0636122	0.0148656	0.0233508	0.0319493	0.017012	0.0417425	0.0217892	0.0430664	0.038854	0.110793	0.0253225	0.0433241	0.0167758	0.0277954	0.0368544	0.284806	0.0986057	0.0388448	0.00367419	0.0169617
152	0.0221012	0.00977699	0.00351273	0.00544766	0.037712	0.005614	0.00349631	0.268674	0.0108368	0.353541	0.0865651	0.00559627	0.00188631	0.00711889	0.0110168	0.00687913	0.0162143	0.122677	0.00779831	0.0135357
153	0.0327071	0.0119464	0.0345923	0.0290913	0.00805505	0.0293515	0.173515	0.0153099	0.0599385	0.0229374	0.0170681	0.278242	0.0122038	0.0365187	0.0570949	0.0674073	0.0793931	0.0206587	0.00184144	0.0121277
154	0.600635	0.00235216	0.00609374	0.00811944	0.00420242	0.0968025	0.0167296	0.00730967	0.00679617	0.00764434	0.00356917	0.0413237	0.00330193	0.0177711	0.00544279	0.125205	0.0091811	0.0193408	0.00157101	0.0166089
155	0.470208	0.00130226	0.00239381	0.00324995	0.0026089	0.0037106	0.00266759	0.00280705	0.0225068	0.0135003	0.00265834	0.0142471	0.150897	0.00362711	0.0232347	0.123621	0.0925182	0.0616341	0.000696093	0.00191076
156	0.00968475	0.00311131	0.137489	0.0396913	0.0253142	0.00681477	0.00468597	0.0218464	0.0412723	0.00723094	0.00420092	0.376072	0.00469355	0.0061047	0.0406441	0.0594714	0.181524	0.0257427	0.00135188	0.00305343
157	0.00595416	0.00983836	0.283036	0.023036	0.00141527	0.0106688	0.0329205	0.00249363	0.00519767	0.0190806	0.00284615	0.382337	0.0194584	0.103424	0.00380479	0.0361988	0.0373719	0.0182238	0.000819864	0.00187375
158	0.105211	0.000319768	0.166363	0.417862	0.00277721	0.0090413	0.0101244	0.00463161	0.0851828	0.0107066	0.00349321	0.0188196	0.0129881	0.070334	0.0169741	0.027003	0.0185305	0.012953	0.000168311	0.00651743
159	0.0372689	0.00342389	0.0189944	0.0429251	0.00613376	0.016012	0.00913314	0.206416	0.0584745	0.257225	0.0311664	0.011138	0.00174387	0.0129942	0.056522	0.0247624	0.0765135	0.114158	0.000612772	0.0143818
160	0.0460934	0.0124449	0.0326228	0.0437263	0.0121754	0.0301943	0.0247177	0.037081	0.145606	0.0526939	0.0192057	0.0420362	0.0189372	0.0430673	0.317192	0.0401983	0.0328755	0.0284336	0.00417832	0.0165204
161	0.0461556	0.00189448	0.0540596	0.0592347	0.00152729	0.0224435	0.00487436	0.00300435	0.0499072	0.0267189	0.00364073	0.106528	0.00537764	0.0415168	0.0832829	0.300522	0.180191	0.0053233	0.000843966	0.00295369
162	0.0746121	0.00121521	0.0726215	0.180447	0.00109186	0.00418253	0.00214046	0.002176	0.18719	0.00955806	0.0151889	0.0205021	0.0021844	0.119796	0.170624	0.0823587	0.0247553	0.0152332	0.0121575	0.00196556
163	0.00633102	0.00494715	0.000963922	0.00132865	0.0340061	0.00257819	0.00220897	0.384172	0.00452855	0.294274	0.16268	0.00341575	0.00166471	0.00162101	0.00279581	0.0032689	0.0130392	0.0687894	0.0037832	0.00360291
164	0.0131277	0.00482221	0.000838246	0.00137706	0.0232801	0.00343273	0.00195101	0.330846	0.00459478	0.199151	0.180884	0.00315561	0.0011757	0.00174894	0.00256096	0.0035626	0.00757725	0.20898	0.00274716	0.00418776
165	0.0193433	0.00406773	0.0379134	0.030823	0.00273332	0.0144856	0.0089758	0.00536583	0.242877	0.00857997	0.00684111	0.0230629	0.384998	0.0647682	0.063311	0.0506614	0.0194605	0.00700601	0.00118251	0.00354353
166	0.0204569	0.000794961	0.000525127	0.000528368	0.0120496	0.00469667	0.0004015	0.407451	0.00350998	0.0958698	0.0149881	0.00126185	0.00181972	0.00181443	0.00128008	0.00242325	0.00878278	0.417849	0.00227463	0.00122232
167	0.200652	0.0036177	0.00820839	0.0681683	0.00336512	0.0554796	0.0133582	0.00837652	0.0107173	0.00957764	0.0064071	0.372973	0.00615017	0.0164112	0.0100851	0.128981	0.034778	0.0353854	0.00166027	0.0056485
168	0.0239035	0.0121317	0.0741222	0.0697717	0.000866118	0.032089	0.0376872	0.00488653	0.303917	0.00410575	0.00160688	0.0544934	0.015232	0.0355074	0.257629	0.0293859	0.0390899	0.00199194	0.00042922	0.0011541
169	0.0731722	0.0186607	0.0278096	0.0469464	0.00259578	0.0816416	0.00647073	0.00546724	0.101395	0.0101286	0.00410878	0.110951	0.191964	0.00930564	0.0757068	0.173575	0.0487922	0.00701396	0.00121567	0.00307936
170	0.0112394	0.00183003	0.00131249	0.00186904	0.0361552	0.00179341	0.00180695	0.488188	0.00294813	0.300077	0.0316118	0.00376069	0.0052269	0.00242648	0.00410274	0.00320084	0.00670019	0.0838532	0.0094944	0.00240227
171	0.103812	0.00035542	0.187584	0.39394	0.00254724	0.0129572	0.0146326	0.00495735	0.0847708	0.00974314	0.00290714	0.0219001	0.0177447	0.0595065	0.0173713	0.0320868	0.0162842	0.0106059	0.000191542	0.00610149
172	0.104922	0.000336813	0.167016	0.416727	0.00274286	0.00910723	0.0103923	0.00458318	0.0859624	0.0106057	0.0034059	0.0185955	0.0130845	0.0702876	0.0168001	0.0269949	0.0185721	0.0131943	0.000170032	0.00649936
173	0.0208062	0.00073647	0.000473677	0.000496567	0.0130437	0.00398285	0.000505741	0.401709	0.00327721	0.106936	0.0159783	0.00135188	0.00152687	0.00170485	0.00149272	0.00236283	0.00744896	0.412226	0.00235993	0.00158066
174	0.0029519	0.00505739	0.00107724	0.00135387	0.0308836	0.00383474	0.0016297	0.340011	0.00591316	0.261639	0.25822	0.00424671	0.000930452	0.00144193	0.00188806	0.00272957	0.0086257	0.0614541	0.00128428	0.00482782
175	0.107235	0.000414299	0.179023	0.398449	0.00245969	0.011193	0.0126978	0.00472845	0.0861849	0.00983517	0.00283871	0.0194425	0.0173495	0.0642366	0.0178228	0.0317265	0.01641	0.0110963	0.000167556	0.00668915
176	0.436884	0.024184	0.00605667	0.00737824	0.00364455	0.0458147	0.0065833	0.0347842	0.0109333	0.0138081	0.0060695	0.0131326	0.00600559	0.00678984	0.0104622	0.22209	0.0639009	0.0730137	0.00103534	0.00742907
177	0.306949	0.12104	0.0013493	0.00386747	0.000752247	0.0346681	0.00116037	0.0625662	0.00575436	0.0406192	0.0160672	0.00208282	0.00370064	0.00169473	0.00759761	0.0823787	0.0714428	0.226481	0.000312539	0.00951553
178	0.0540823	0.00755763	0.0245107	0.0716203	0.00596068	0.0194323	0.0215357	0.0167114	0.192795	0.0298417	0.0417999	0.0230057	0.0565126	0.0786796	0.259526	0.0345078	0.0148233	0.0158154	0.00339665	0.0278857
179	0.0203542	0.000514039	0.000505321	0.00064577	0.0112382	0.00473095	0.000383663	0.411872	0.00376366	0.0924173	0.0134568	0.00124124	0.00188534	0.00203733	0.00124977	0.00240197	0.00798448	0.420083	0.00206602	0.00116976
180	0.0300172	0.00193616	0.00399405	0.00669697	0.00177708	0.00668944	0.00435181	0.0208922	0.0084699	0.022338	0.0175489	0.0126536	0.00404818	0.00871905	0.00593661	0.513269	0.299526	0.012888	0.00107343	0.0171748
181	0.0106963	0.00080222	0.00131913	0.00164468	0.399519	0.00176477	0.00125405	0.0684979	0.00233225	0.12723	0.00637041	0.006421	0.0091964	0.00660168	0.00210136	0.0107657	0.00590675	0.024927	0.0276575	0.284992
182	0.109804	0.00561673	0.0994222	0.285051	0.00483601	0.0221389	0.0163093	0.00923045	0.0862028	0.0173743	0.010568	0.0413409	0.015287	0.0850958	0.0499912	0.0775848	0.0317581	0.0186428	0.00302819	0.0107172
183	0.0140203	0.00119854	0.00167349	0.00265516	0.426621	0.00231466	0.00232182	0.0610471	0.00674067	0.110969	0.0105398	0.00670258	0.00992239	0.00661997	0.00657964	0.014596	0.00697873	0.024554	0.0325184	0.251426
184	0.309766	0.111281	0.00122232	0.00396217	0.000690713	0.036772	0.00102242	0.0698658	0.00605552	0.0383046	0.013974	0.00179764	0.00394277	0.00149979	0.00800089	0.0961353	0.0726567	0.212292	0.000259308	0.0104981
185	0.00495711	0.00537592	0.00196343	0.00232964	0.0247281	0.00426476	0.00235824	0.259196	0.00621446	0.252462	0.320695	0.00490171	0.00134259	0.00264074	0.00288592	0.0037912	0.00764347	0.086034	0.00184501	0.00436986
186	0.0142569	0.00471971	0.00102675	0.00136224	0.0364052	0.00168628	0.00290857	0.434495	0.00309879	0.290516	0.0649143	0.00298343	0.00358286	0.00157055	0.00408867	0.00423521	0.0079765	0.10675	0.00929717	0.00412605
187	0.130898	0.000629355	0.197665	0.129319	0.00555782	0.0652995	0.00588987	0.00889848	0.160604	0.00740685	0.00176818	0.0526771	0.0126897	0.0443346	0.0724007	0.0714545	0.0175046	0.013588	0.000368507	0.00104667
188	0.0204572	0.00888879	0.0740195	0.0367242	0.000594138	0.604058	0.0115577	0.00102842	0.0478965	0.00560197	0.00319639	0.0700134	0.00910705	0.0233622	0.0269737	0.0421426	0.00265115	0.00503138	0.00039771	0.00629841
189	0.00738598	0.0200931	0.00338059	0.0692344	0.0624383	0.00397735	0.00350878	0.195574	0.0422942	0.0549427	0.0169567	0.0060044	0.00260075	0.0332984	0.00685694	0.0112118	0.0087017	0.428176	0.000744564	0.0226194
190	0.024228	0.0106067	0.0250118	0.0265952	0.004901	0.0249066	0.0391251	0.0123171	0.0323002	0.014039	0.00926156	0.271678	0.0160112	0.0202886	0.0344298	0.0979543	0.308226	0.0197701	0.00168546	0.00666388
191	0.100814	0.149132	0.16346	0.0304253	0.00929774	0.0362883	0.0163215	0.0244997	0.0417688	0.0277677	0.069822	0.095935	0.0137504	0.0212936	0.0254385	0.0997128	0.0310227	0.0273709	0.00419728	0.0116819
192	0.00676894	0.00170188	0.00271538	0.0160855	0.00168973	0.119144	0.0552055	0.00349146	0.0306274	0.0173893	0.00307041	0.0410412	0.00266078	0.0330286	0.171037	0.373256	0.113624	0.00437922	0.000967175	0.00211749
