260	20
1	0.0114316	0.00130337	0.00452989	0.00396515	0.0477293	0.00100983	0.00131488	0.19826	0.00125584	0.530444	0.0888395	0.00101034	0.00108558	0.00106028	0.00492119	0.00276276	0.00457384	0.0878282	0.000465603	0.00620828
2	0.0127275	0.000726112	0.00545258	0.00554158	0.0201426	0.000792154	0.000612463	0.26905	0.00100409	0.521714	0.055851	0.000857844	0.00053727	0.00075488	0.00697882	0.00136456	0.00126916	0.0935291	0.000118528	0.000975617
3	0.236344	0.030851	0.0110576	0.0335284	0.00852904	0.133363	0.0110028	0.00433378	0.0703085	0.00954573	0.0138926	0.0836993	0.00229254	0.0492373	0.034698	0.18487	0.038947	0.0267849	0.000520962	0.0161942
4	0.043935	0.00109758	0.24937	0.467212	0.000345282	0.0278964	0.00389814	0.0026796	0.0422251	0.016783	0.00685252	0.0320285	0.000516592	0.0464206	0.0138343	0.019597	0.0176446	0.00718084	0.000154423	0.000328233
5	0.0101203	0.0186052	0.00423713	0.0557403	0.0658721	0.00789347	0.135157	0.0669134	0.0683617	0.0538544	0.021186	0.189044	0.00262231	0.0447667	0.0272391	0.0102948	0.0256068	0.0885745	0.00112253	0.102788
6	0.181696	0.112769	0.00459509	0.00551839	0.00310684	0.0490185	0.00689776	0.00940271	0.00834942	0.00825467	0.00682915	0.0094884	0.00213195	0.0158352	0.00646487	0.407111	0.116538	0.04139	0.000671373	0.00393144
7	0.0398926	0.00465894	0.0246707	0.031524	0.00846938	0.0216935	0.0577202	0.0191183	0.0814322	0.0168876	0.0118906	0.038069	0.317188	0.0272073	0.0789133	0.130089	0.0661399	0.0172407	0.00164697	0.00554744
8	0.0987691	0.013088	0.0538348	0.0328851	0.0111642	0.242808	0.0266764	0.00257263	0.0482155	0.0287339	0.0031563	0.134554	0.0014339	0.0584128	0.0520678	0.13825	0.0430012	0.00593581	0.000316863	0.00412437
9	0.123588	0.288335	0.00405834	0.00437823	0.0022386	0.136752	0.00584532	0.0194877	0.00495843	0.00811694	0.00637389	0.00437719	0.00165712	0.00812242	0.00397388	0.299779	0.058002	0.00923024	0.000732786	0.00999275
10	0.0550448	0.0044075	0.00142812	0.00624379	0.0292989	0.0019146	0.00849189	0.305999	0.0145624	0.0603162	0.0907766	0.00330471	0.00347775	0.00749002	0.00585183	0.00728307	0.0146717	0.359295	0.000300684	0.0198409
11	0.0194229	0.000439608	0.00715509	0.0181726	0.00228118	0.00998885	0.00770544	0.00709496	0.481306	0.00656636	0.00313351	0.00584876	0.0151585	0.0259108	0.326194	0.0320685	0.0220545	0.00554372	0.00231854	0.00163689
12	0.0422429	0.00160761	0.0528747	0.247118	0.0127311	0.0216078	0.0422175	0.025986	0.0663435	0.0232775	0.00333255	0.0444105	0.0573784	0.119678	0.0463807	0.0746154	0.0645354	0.0500212	0.00211144	0.00152994
13	0.0216249	0.000755031	0.00850527	0.0222503	0.00247344	0.0049777	0.0267396	0.0119513	0.42073	0.00797499	0.0108471	0.00950018	0.00327949	0.0622412	0.3333	0.0172977	0.0222393	0.00658565	0.000817105	0.00591037
14	0.0566731	0.00365711	0.00658452	0.0125485	0.00655239	0.0110042	0.00895785	0.0714959	0.178216	0.0450844	0.0383973	0.0185944	0.0138242	0.0443147	0.107361	0.0617605	0.166893	0.141715	0.00073117	0.00563493
15	0.00506082	0.00780414	0.0010196	0.00431554	0.00494773	0.0041906	0.00068215	0.510244	0.00142216	0.046374	0.00118651	0.00122065	0.00377327	0.00115422	0.001228	0.00504171	0.0072931	0.391869	0.000150575	0.00102218
16	0.313087	0.042358	0.0136119	0.0198342	0.0075888	0.149629	0.0106741	0.0148389	0.0440568	0.0122127	0.00650568	0.0491509	0.00899467	0.0245708	0.0143224	0.180571	0.0508013	0.0294006	0.000876202	0.00691499
17	0.00512719	0.00781266	0.00101972	0.00432816	0.00496289	0.00418941	0.00068215	0.510016	0.00143539	0.0463648	0.00128951	0.00122067	0.00376988	0.00116071	0.001228	0.00504641	0.00734106	0.391831	0.000150572	0.00102368
18	0.0685424	0.0231163	0.0514371	0.0343712	0.00834527	0.0444317	0.0197367	0.00948474	0.0437012	0.0133674	0.0111752	0.14335	0.00800335	0.0315568	0.032236	0.332846	0.0975726	0.0140382	0.0017715	0.0109157
19	0.0593676	0.0119724	0.00280494	0.00664558	0.0217803	0.00384548	0.00424554	0.198664	0.0212956	0.158318	0.101209	0.0098704	0.00596932	0.0194771	0.0091342	0.0240357	0.0758947	0.25158	0.000386089	0.0135029
20	0.159765	0.248448	0.00468696	0.00739283	0.00332465	0.0415138	0.0217606	0.00985018	0.00701246	0.0247375	0.0221551	0.00647341	0.00220546	0.0270465	0.00536446	0.338893	0.0497193	0.013051	0.00105735	0.00554322
21	0.0117386	0.000903916	0.00480206	0.00452634	0.0318283	0.000784123	0.000670325	0.228351	0.00102611	0.525407	0.0859398	0.000842708	0.000721043	0.000903262	0.0059474	0.00202951	0.00322964	0.0875222	0.000102511	0.00272391
22	0.012907	0.00365172	0.00317629	0.0124313	0.201485	0.0107254	0.0319284	0.0199408	0.006525	0.0261585	0.0104533	0.0119185	0.00277429	0.00934307	0.012828	0.00771102	0.00859968	0.0172958	0.0250856	0.565061
23	0.0762177	0.0168704	0.0303763	0.0519357	0.0108097	0.0375138	0.01981	0.015575	0.0427765	0.0226367	0.0156885	0.0561704	0.0131716	0.179711	0.0243358	0.265586	0.0837684	0.0222173	0.00219906	0.01263
24	0.0402417	0.010428	0.0122319	0.0160041	0.287407	0.0188467	0.0199509	0.0604174	0.018881	0.150233	0.0518311	0.0148553	0.0123883	0.0172314	0.0136511	0.0259339	0.0192556	0.0519101	0.00836488	0.149937
25	0.0135072	0.00206525	0.00525514	0.00547707	0.025195	0.000927207	0.000637668	0.251095	0.0012133	0.516447	0.0667252	0.000884739	0.000805806	0.000897545	0.00709278	0.00195361	0.00249799	0.0952771	0.00012517	0.00191966
26	0.102769	0.0135528	0.00389213	0.00857526	0.00950524	0.00551063	0.0034317	0.211995	0.0187444	0.0462947	0.0712088	0.00887324	0.0158853	0.0159725	0.00951855	0.0345083	0.084882	0.323448	0.000469333	0.010963
27	0.201147	0.0185087	0.0166622	0.0513541	0.00762854	0.0179543	0.0108302	0.0325158	0.055113	0.0488905	0.0177381	0.0233852	0.00925475	0.111094	0.0236372	0.0647943	0.147482	0.132159	0.00165378	0.00819719
28	0.185209	0.00304686	0.0668107	0.290807	0.00113035	0.0133872	0.012217	0.00532947	0.0987654	0.0181656	0.00578666	0.0265802	0.00588594	0.0939451	0.0303263	0.0621514	0.0450513	0.0341936	0.000447935	0.000762241
29	0.184801	0.00211424	0.249859	0.129363	0.0173902	0.00477098	0.00348173	0.00444684	0.0585319	0.0201491	0.00901306	0.0450971	0.0309763	0.0309472	0.00522651	0.188778	0.00738616	0.00481771	0.000725925	0.00212463
30	0.110563	0.0368942	0.0323821	0.0376433	0.00643129	0.330533	0.0191566	0.0132547	0.0577349	0.0161949	0.00821919	0.05311	0.00713208	0.0315893	0.0269937	0.141497	0.0451562	0.016976	0.000995665	0.0075428
31	0.0398976	0.00266219	0.268376	0.416636	0.00130258	0.036411	0.00562253	0.00402813	0.0384296	0.0176607	0.00654701	0.0486089	0.00381096	0.043476	0.0130777	0.0266483	0.0180974	0.00719602	0.000187234	0.00132481
32	0.0899575	0.00369463	0.0186153	0.0231683	0.00547272	0.0168722	0.00344059	0.161433	0.0554744	0.00685228	0.0134928	0.016774	0.129276	0.00729374	0.0371991	0.027529	0.117233	0.263093	0.000818303	0.00231096
33	0.0660667	0.0218736	0.0247104	0.0453597	0.0105765	0.0421527	0.016701	0.0341521	0.0775845	0.0404359	0.0184169	0.0422967	0.0154251	0.047612	0.0423313	0.141824	0.24932	0.0508842	0.00213045	0.0101463
34	0.0128542	0.00129019	0.00546823	0.00552682	0.0199865	0.000955167	0.000671904	0.271049	0.001176	0.517889	0.0553536	0.000915938	0.000533944	0.000785396	0.00723962	0.00146568	0.00131717	0.0943967	0.000127247	0.000998054
35	0.0609301	0.00417667	0.0045239	0.00964756	0.00659057	0.00678238	0.00594955	0.117165	0.0565078	0.130998	0.0633369	0.0302568	0.00638633	0.0795233	0.0189156	0.0623479	0.121575	0.19498	0.00052953	0.0188765
36	0.076943	0.0151315	0.0463486	0.0598193	0.00513518	0.404874	0.0188177	0.0229393	0.0715451	0.0192001	0.0080293	0.046302	0.00758781	0.031266	0.0330717	0.0703819	0.0313786	0.0224859	0.00116081	0.00758181
37	0.00913604	0.000986612	0.003471	0.00106412	0.087282	0.0011433	0.000897589	0.0747992	0.00141944	0.516145	0.231396	0.00111277	0.00211641	0.00182031	0.00168759	0.00561255	0.0140725	0.0354246	0.000166525	0.0102464
38	0.0156229	0.00308075	0.00552622	0.00519006	0.127452	0.0042125	0.00355302	0.0722818	0.00462481	0.506672	0.147173	0.00462273	0.0144111	0.00706813	0.00514908	0.00857774	0.0125133	0.0353037	0.000576541	0.0163879
39	0.083892	0.00377716	0.00891983	0.0143459	0.0674558	0.0117166	0.0485411	0.00990001	0.0187909	0.0100004	0.00746055	0.1928	0.00497103	0.0163663	0.012786	0.131351	0.167433	0.0101044	0.0307863	0.148601
40	0.0325469	0.00287057	0.00990939	0.0231812	0.00644845	0.019276	0.0131293	0.0136746	0.353417	0.0220324	0.0125856	0.0246407	0.011293	0.045522	0.282789	0.0585781	0.0437011	0.0166256	0.00192752	0.00585073
41	0.0987568	0.034341	0.0126279	0.0257984	0.00954274	0.0221432	0.0112196	0.0705645	0.0458054	0.0548392	0.0305342	0.0278489	0.01556	0.0344433	0.0270055	0.0787385	0.20597	0.183816	0.00149767	0.00894674
42	0.0466885	0.0907135	0.00261686	0.00358674	0.00409908	0.0104799	0.0018674	0.374676	0.00318323	0.167519	0.0383028	0.00294376	0.0018833	0.00260187	0.00303822	0.00506113	0.0131206	0.225488	0.000340085	0.0017902
43	0.0357279	0.00133723	0.00843586	0.0231661	0.00395006	0.00762208	0.0225907	0.0151753	0.37793	0.0171606	0.0200148	0.0109147	0.00345843	0.0773628	0.3074	0.021557	0.0244268	0.012888	0.000648534	0.00823294
44	0.00904595	0.000998592	0.00346782	0.00103456	0.0876017	0.00113208	0.000892167	0.0730229	0.00137576	0.518544	0.231089	0.00110708	0.00210142	0.00180992	0.00165889	0.00561944	0.0137831	0.0351762	0.000164302	0.0103755
45	0.0140374	0.000739074	0.00531051	0.00547768	0.0201906	0.000818152	0.000819086	0.274064	0.00113522	0.504295	0.056556	0.000912034	0.00058383	0.000941448	0.00677781	0.00148946	0.00163013	0.102694	0.000122327	0.00140708
46	0.043642	0.00117179	0.253015	0.470634	0.000295828	0.0275548	0.00364062	0.00238856	0.0409086	0.0167169	0.00693421	0.0320268	0.000374507	0.0445591	0.0131792	0.0195934	0.0167421	0.0061933	0.000127138	0.000302029
47	0.0962483	0.00246456	0.0290442	0.0845653	0.0126178	0.0106005	0.181411	0.00717947	0.0400323	0.0432083	0.00399004	0.168019	0.00311635	0.0506123	0.0369165	0.139767	0.0233692	0.0115414	0.00504677	0.0502499
48	0.0553205	0.00622437	0.106362	0.131782	0.00613094	0.364342	0.0173213	0.00696586	0.0579576	0.0164181	0.00662263	0.0591572	0.00968325	0.0347454	0.0264991	0.0556653	0.0243756	0.00779925	0.0012511	0.0053758
49	0.0125899	0.000773653	0.00537499	0.00545683	0.0212987	0.000776435	0.000605426	0.26371	0.00101992	0.523866	0.0585047	0.000853345	0.000542102	0.000740286	0.00684558	0.00144035	0.00146042	0.0928952	0.000117056	0.00112923
50	0.0154587	0.000626891	0.0170535	0.0304387	0.00118701	0.00882851	0.0120553	0.00787663	0.497946	0.00525837	0.00920718	0.00945226	0.00884766	0.0507908	0.262856	0.0227425	0.0281946	0.00652514	0.00117632	0.00347866
51	0.0874842	0.0103221	0.0156579	0.0210551	0.0192873	0.0238801	0.015144	0.113642	0.0337916	0.0270707	0.0159866	0.0287981	0.331635	0.0192015	0.027284	0.0517852	0.0626211	0.0875588	0.00194987	0.00584507
52	0.0528744	0.106091	0.00251411	0.00338665	0.00342104	0.0119349	0.00226819	0.353811	0.00353505	0.156656	0.0431361	0.00331817	0.00192018	0.00322914	0.00307891	0.00547522	0.0150836	0.225626	0.000380606	0.00226046
53	0.00307372	0.000980383	0.00161562	0.00837112	0.220473	0.00808177	0.034163	0.00731943	0.00251283	0.00656325	0.00125185	0.0081602	0.000808084	0.00175903	0.00758463	0.00307667	0.00272888	0.00195448	0.0305939	0.648928
54	0.0565941	0.0144	0.0171885	0.0307632	0.0217135	0.0186401	0.0182495	0.116274	0.0963398	0.0538611	0.0278128	0.02498	0.0187523	0.0375267	0.093799	0.0454742	0.0576379	0.227407	0.00275034	0.0198365
55	0.0786462	0.0148815	0.0224661	0.0289939	0.23787	0.112427	0.0209047	0.0374208	0.0308567	0.0474072	0.0224892	0.0308162	0.0207388	0.0259914	0.0269537	0.0497735	0.0343902	0.0409728	0.00574331	0.110257
56	0.0432932	0.00593767	0.32899	0.153572	0.0110694	0.026469	0.00955159	0.0324024	0.0393877	0.106841	0.0204849	0.060851	0.0079033	0.038589	0.0177873	0.0441784	0.0240687	0.0209033	0.00119199	0.00652863
57	0.0749072	0.00682013	0.0576936	0.0653847	0.00849576	0.374138	0.0239181	0.00802251	0.051239	0.0181311	0.00571232	0.0923017	0.00731332	0.0404963	0.0322565	0.0814727	0.0285437	0.00959357	0.00155682	0.0120032
58	0.0601215	0.00478195	0.0231763	0.0809417	0.0110833	0.0142824	0.0168235	0.0302636	0.244696	0.0693867	0.0275424	0.0291228	0.00259647	0.124141	0.0677101	0.0578069	0.066659	0.0598834	0.000319049	0.00866112
59	0.224922	0.0131199	0.0168514	0.0249739	0.071055	0.0407395	0.00991181	0.0412995	0.020487	0.0165202	0.0266285	0.0189428	0.30789	0.0153943	0.0173601	0.0384746	0.0277134	0.0431174	0.00195649	0.0226426
60	0.0448804	0.00464959	0.0265287	0.0340548	0.00954627	0.0227958	0.0560531	0.023034	0.0329396	0.0191743	0.00921821	0.0437784	0.382525	0.0250941	0.0407797	0.116164	0.0832805	0.0182035	0.00163882	0.00566129
61	0.040928	0.00120549	0.126763	0.288741	0.00350521	0.00881699	0.0171268	0.028929	0.0496121	0.0171731	0.00175996	0.0397393	0.0152901	0.127583	0.0293951	0.0246699	0.0936948	0.0819728	0.00207145	0.0010224
62	0.00937638	0.000950623	0.00352351	0.000947963	0.0888306	0.000936437	0.000771316	0.0697217	0.00116204	0.548931	0.206589	0.000925882	0.00218353	0.00150712	0.00151809	0.00571294	0.0120185	0.0341367	0.00015088	0.0101054
63	0.0135664	0.00244067	0.00559009	0.00600285	0.033559	0.00131013	0.00162889	0.223551	0.00328427	0.508074	0.085622	0.00279239	0.0016925	0.00275506	0.00651876	0.00417723	0.00689514	0.0864615	0.000233389	0.00384551
64	0.438039	0.00123051	0.0219238	0.175839	0.00158301	0.00326718	0.0172364	0.0105175	0.0286538	0.0425989	0.00155105	0.0242621	0.00128662	0.0252373	0.00426397	0.0982589	0.0743682	0.028194	0.000480339	0.00120775
65	0.0411562	0.00523658	0.00868632	0.0251522	0.0134111	0.013678	0.0188216	0.0404103	0.285423	0.0877916	0.0373368	0.0283371	0.000532171	0.108679	0.0929675	0.0548223	0.0655177	0.0608401	0.000181575	0.0110189
66	0.0377326	0.00535006	0.0174465	0.0331908	0.0113089	0.0226417	0.0201899	0.0197449	0.290523	0.0241225	0.0163271	0.0218286	0.0158805	0.0496782	0.286075	0.0447301	0.0456647	0.0229639	0.00232005	0.0122814
67	0.0458643	0.00642191	0.00747934	0.0259656	0.0165649	0.0173954	0.0209324	0.0433706	0.23009	0.105861	0.0395961	0.0272155	0.00042864	0.119093	0.0707838	0.0593081	0.0780265	0.0721304	0.00012107	0.0133511
68	0.0289664	0.000642984	0.00442429	0.011427	0.00743228	0.013571	0.0109219	0.0124314	0.380672	0.0126452	0.00510068	0.0127298	0.00913104	0.0329454	0.400774	0.0301733	0.0165899	0.00461843	0.00226612	0.00253664
69	0.036236	0.00166073	0.00707817	0.0196059	0.00507035	0.00781004	0.0254751	0.0213633	0.370091	0.0216042	0.0137286	0.0110057	0.00337528	0.0673559	0.310052	0.0295645	0.0266967	0.0148512	0.000959745	0.00641483
70	0.130381	0.00308699	0.070545	0.292193	0.00075961	0.0150795	0.0129126	0.00645703	0.11935	0.0156968	0.00610915	0.0318215	0.00569199	0.118786	0.0340243	0.0453542	0.0542188	0.0367003	0.000379334	0.000451859
71	0.0440904	0.00103216	0.251766	0.471856	0.000319752	0.0274949	0.00370588	0.00240167	0.0412798	0.0167257	0.00683797	0.0316716	0.000258623	0.0446284	0.0131839	0.0191357	0.0168924	0.00624041	0.000175022	0.000303445
72	0.28682	0.0213892	0.0515851	0.0349899	0.00789044	0.0797773	0.00990145	0.0595332	0.0281576	0.0214749	0.0114714	0.0262396	0.0140738	0.0193037	0.0170907	0.130852	0.136421	0.0361367	0.00170347	0.00518914
73	0.123396	0.00379474	0.0599544	0.296683	0.000739178	0.0179175	0.0157364	0.00529315	0.142087	0.0155525	0.0073344	0.0315728	0.00348558	0.124723	0.035902	0.0456728	0.0439888	0.0253585	0.00052332	0.000284915
74	0.128743	0.00357417	0.0656348	0.289817	0.000841963	0.022169	0.0155192	0.00478881	0.13476	0.0191042	0.00942211	0.0312937	0.00411143	0.120813	0.0366143	0.0485315	0.039867	0.0235407	0.000497941	0.000355007
75	0.0580875	0.00805694	0.00632318	0.0307271	0.0432866	0.0315258	0.0297133	0.0357046	0.107188	0.184085	0.0586698	0.0164343	0.00227411	0.11835	0.0504624	0.0322537	0.055083	0.0374707	0.000504309	0.0937999
76	0.123466	0.00379067	0.0600958	0.296301	0.000733975	0.0178965	0.0157253	0.00526069	0.142552	0.0155633	0.00732992	0.0316144	0.0034127	0.124652	0.0359327	0.0456872	0.0439237	0.0252671	0.000511992	0.000283736
77	0.122953	0.00375008	0.0601356	0.29429	0.00073481	0.0178192	0.0154853	0.00516119	0.144883	0.0157152	0.00731947	0.0316382	0.00348467	0.124663	0.0360798	0.0455212	0.0443172	0.0252959	0.000471815	0.000281325
78	0.28347	0.00716125	0.0170333	0.107309	0.0114117	0.0149781	0.0159067	0.0182846	0.04634	0.148537	0.0184411	0.0220533	0.00514691	0.0745787	0.0185979	0.0570126	0.0868607	0.0319832	0.00158777	0.0133057
79	0.0620113	0.00169689	0.238252	0.416944	0.000554025	0.0366083	0.00456131	0.00254301	0.0417013	0.0257051	0.0121722	0.034445	0.00344541	0.0487448	0.0160369	0.0300188	0.0176481	0.00612996	0.000282249	0.000500254
80	0.0786095	0.00157832	0.00224972	0.0095498	0.0205514	0.00226091	0.00567071	0.275919	0.0101981	0.0501301	0.108146	0.00330918	0.0065679	0.010611	0.00250645	0.00900093	0.0272514	0.356791	0.000362803	0.018735
81	0.0396243	0.00112496	0.239163	0.465323	0.000527463	0.0240587	0.00465156	0.00785902	0.039674	0.0205451	0.00952349	0.0405837	0.000415288	0.0451996	0.0136032	0.0177478	0.0210347	0.00872652	0.00015286	0.000462313
82	0.0314383	0.00227301	0.00886213	0.0248734	0.00546869	0.00684792	0.0235265	0.0189989	0.369878	0.0354103	0.0231728	0.0124637	0.000947577	0.0893751	0.254502	0.0238476	0.0332181	0.022667	0.000426722	0.0118018
83	0.0337154	0.0132572	0.00520774	0.0141329	0.122872	0.0202354	0.0295476	0.0125173	0.00812147	0.234129	0.0831208	0.00725345	0.00322194	0.0917226	0.0302932	0.0112409	0.0164064	0.00746023	0.00105328	0.254491
84	0.106346	0.00380646	0.0245188	0.06364	0.00293408	0.00936891	0.0170602	0.00421355	0.0216246	0.0049549	0.0172528	0.0969037	0.00168111	0.050867	0.00759852	0.466206	0.0917902	0.00536597	0.000726932	0.00313968
85	0.0144542	0.000535406	0.0123751	0.026713	0.00113741	0.00608374	0.010679	0.00799844	0.524732	0.00465933	0.00742379	0.00678753	0.0107517	0.0449886	0.266096	0.0227395	0.0216972	0.00590677	0.00133872	0.00290243
86	0.0341148	0.0030359	0.022689	0.0726065	0.00505119	0.0153777	0.0202622	0.0173131	0.327249	0.0259074	0.0378102	0.0221113	0.00743232	0.0734995	0.220027	0.0299121	0.035582	0.0207904	0.000858617	0.00837013
87	0.052661	0.00293927	0.00465636	0.00809497	0.0048638	0.00667053	0.00485381	0.0709893	0.0733992	0.125485	0.0433165	0.0331169	0.00841774	0.0602934	0.0245063	0.0653333	0.25406	0.148412	0.000677044	0.0072537
88	0.0789207	0.00915194	0.00554515	0.00670619	0.0043759	0.00851956	0.00404479	0.0862651	0.0483409	0.106918	0.0368503	0.0361738	0.0134803	0.0405759	0.0196722	0.0622319	0.229399	0.194745	0.00108209	0.00700128
89	0.0205048	0.000813049	0.00849382	0.0203328	0.00210422	0.00524603	0.0267915	0.013603	0.432929	0.00714458	0.0101556	0.00965587	0.00335125	0.0551619	0.326559	0.0184829	0.0258846	0.00648907	0.00103529	0.00526165
90	0.0833869	0.00516932	0.00515037	0.0111262	0.0139139	0.00567785	0.00470061	0.240167	0.0191555	0.0426001	0.0875499	0.00705655	0.0298028	0.0110891	0.00937188	0.0170578	0.0525824	0.341058	0.000420807	0.0129633
91	0.0210581	0.00699303	0.00911528	0.0659828	0.00683159	0.0743571	0.00711948	0.0391592	0.0160854	0.0657272	0.0104624	0.0447659	0.00548572	0.0103634	0.014534	0.275334	0.306929	0.0131281	0.00124484	0.00532341
92	0.0224713	0.000935941	0.00547113	0.0243035	0.00195457	0.0195035	0.00395404	0.00536845	0.45489	0.00569007	0.00213595	0.00385956	0.0529909	0.0288167	0.291089	0.0489388	0.0201893	0.00384875	0.00247536	0.00111399
93	0.0506016	0.00198575	0.061448	0.322845	0.00387581	0.0160839	0.0309843	0.0196625	0.0758408	0.0124221	0.0041658	0.0269454	0.0120754	0.178232	0.0300228	0.0349201	0.0591046	0.0505509	0.00716203	0.00107097
94	0.019115	0.0057528	0.011073	0.0861825	0.00635461	0.0117983	0.0920236	0.0103905	0.0179268	0.0143149	0.0467636	0.0134706	0.00572453	0.467326	0.0123474	0.0467571	0.101943	0.0143349	0.00273075	0.0136699
95	0.0813967	0.0510906	0.00755492	0.00944093	0.00510334	0.0854108	0.00439074	0.05133	0.0322363	0.0293392	0.0432464	0.0744125	0.00650236	0.00865251	0.0311827	0.218109	0.146723	0.109343	0.000933979	0.00360078
96	0.0435837	0.00103209	0.252621	0.471995	0.000294456	0.0272545	0.00366895	0.00238161	0.0411136	0.0166418	0.00683908	0.0318132	0.000239642	0.0447275	0.0131683	0.0192484	0.0166963	0.00625485	0.000125126	0.000301099
97	0.0431337	0.00121791	0.256037	0.46584	0.000310854	0.0293555	0.00362641	0.00238221	0.0402984	0.0167848	0.00681109	0.0328669	0.000818342	0.0445045	0.0130081	0.0197302	0.0166869	0.00613458	0.000131402	0.000321258
98	0.281674	0.203953	0.00212828	0.00322297	0.00179838	0.0122395	0.00169684	0.0373256	0.00340404	0.0203243	0.0024425	0.00321128	0.00141337	0.00929944	0.0025502	0.0565291	0.0575757	0.297528	0.000425845	0.0012573
99	0.0281057	0.00318136	0.00981621	0.0287399	0.00705343	0.00894795	0.0179404	0.0387744	0.361704	0.0436772	0.0280491	0.0164335	0.00101485	0.10024	0.181071	0.0373377	0.0407321	0.0387972	0.000247954	0.00813579
100	0.0221679	0.000724896	0.011001	0.0276364	0.00152511	0.00262268	0.0287346	0.010566	0.423799	0.00693454	0.013143	0.00789061	0.000830141	0.0833066	0.311223	0.0112292	0.0211144	0.00691086	0.000430099	0.00821021
101	0.0410696	0.0585847	0.00870382	0.01426	0.038281	0.0221916	0.00839761	0.13283	0.0182303	0.322289	0.107158	0.01183	0.00451543	0.0220143	0.0166565	0.0267019	0.0280572	0.085732	0.00101388	0.0314834
102	0.0971857	0.0276443	0.00720242	0.0154665	0.0218197	0.0139935	0.00642352	0.16889	0.0216426	0.278729	0.05839	0.00953148	0.0056638	0.0180758	0.0120059	0.0257383	0.0350761	0.16561	0.00085631	0.010056
103	0.00828968	0.00211638	0.0182269	0.0284251	0.00207839	0.0954465	0.00236751	0.00407173	0.174342	0.00530192	0.0171199	0.0284604	0.00255763	0.0677849	0.245422	0.0949157	0.195617	0.00444391	0.00083568	0.00217668
104	0.0133229	0.0042807	0.00393666	0.00313972	0.109446	0.00455042	0.007831	0.087343	0.00569623	0.45835	0.157363	0.00445827	0.0025421	0.0075889	0.0047761	0.00721076	0.0185909	0.0542329	0.00259025	0.0427501
105	0.00972743	0.000916405	0.00358405	0.0016884	0.0831358	0.0011234	0.000906387	0.0853886	0.00134704	0.540425	0.194152	0.00102213	0.00203951	0.00165237	0.00272155	0.00569641	0.0112956	0.0429087	0.000201127	0.0100681
106	0.0483512	0.00607845	0.104388	0.128075	0.00748083	0.381852	0.0178114	0.00794918	0.0548968	0.0156399	0.00610959	0.0543777	0.00895477	0.0375484	0.0264961	0.0527084	0.0241449	0.00935729	0.00111076	0.00666927
107	0.00524302	0.00817596	0.00103249	0.00434183	0.0051059	0.00419897	0.000703606	0.508581	0.00141715	0.0470998	0.00152564	0.0012147	0.00371747	0.00114809	0.00122221	0.00500489	0.00728644	0.391761	0.00015311	0.00106678
108	0.173071	0.00926432	0.0228534	0.0292679	0.0247392	0.0409952	0.0127676	0.0450629	0.0295983	0.0187948	0.020295	0.0268642	0.349014	0.0187267	0.0240374	0.0523537	0.0428259	0.0459142	0.00230252	0.0112522
109	0.00726054	0.0223448	0.00236755	0.00386509	0.228575	0.0122683	0.0344853	0.179944	0.0145224	0.0347684	0.0302252	0.00333747	0.00128607	0.00340577	0.0128849	0.00529795	0.0161137	0.200279	0.0198105	0.166958
110	0.00737419	0.00805355	0.00101807	0.00487059	0.00761312	0.00389765	0.00128741	0.488285	0.00261267	0.0518881	0.00521386	0.00143547	0.00345062	0.00146919	0.00180085	0.00517494	0.00720321	0.395116	0.000163821	0.00207188
111	0.0249758	0.0012505	0.152329	0.317461	0.0033164	0.00879047	0.0175038	0.037668	0.0415907	0.0199104	0.00369641	0.0514973	0.0104487	0.10222	0.028702	0.017261	0.0858193	0.0728976	0.00161674	0.00104431
112	0.223193	0.0136802	0.0294015	0.083416	0.0103527	0.0586101	0.0151851	0.0165136	0.143924	0.0256665	0.013018	0.0448339	0.010389	0.0542489	0.0486197	0.100342	0.0582974	0.0409585	0.000995347	0.00835472
113	0.0922577	0.00583334	0.0160904	0.0182547	0.0115779	0.0306993	0.0187167	0.0570058	0.0310792	0.0173898	0.00823068	0.056509	0.310733	0.0230349	0.029614	0.129927	0.0979133	0.039318	0.00128739	0.00452773
114	0.107552	0.261401	0.00408698	0.00470716	0.00246192	0.151697	0.00470832	0.0170279	0.00569836	0.00703041	0.0060993	0.00518681	0.00151217	0.00714708	0.00480767	0.306405	0.0798003	0.0128443	0.000720058	0.00910632
115	0.0627408	0.00666455	0.0786635	0.250799	0.0143878	0.0245756	0.0172702	0.078823	0.0650776	0.0512922	0.0212513	0.037892	0.0180479	0.0626055	0.0317247	0.0434187	0.0570913	0.0651984	0.00195907	0.010517
116	0.28681	0.043095	0.0206887	0.060696	0.0103881	0.0370809	0.0122496	0.0321566	0.0436236	0.0307785	0.0115963	0.027703	0.0171955	0.0303837	0.0186705	0.108139	0.11272	0.0878409	0.0016332	0.00655141
117	0.0722511	0.0584627	0.0960284	0.276785	0.0109343	0.0739845	0.0134794	0.0192085	0.0558266	0.028822	0.0152912	0.0468216	0.0158277	0.0502138	0.0243183	0.0601418	0.0433059	0.0243272	0.00190968	0.0120602
118	0.30195	0.037168	0.0166343	0.0169429	0.00754582	0.11388	0.00787724	0.0985156	0.020301	0.0225314	0.0133158	0.0219452	0.0159746	0.0157147	0.0157235	0.166661	0.0577227	0.039269	0.00173683	0.00859009
119	0.0167087	0.0044173	0.00773739	0.115197	0.00507059	0.0111762	0.0179713	0.0086052	0.0122065	0.011516	0.0145113	0.0132669	0.00489306	0.381149	0.00925789	0.124459	0.196615	0.010881	0.00167514	0.032686
120	0.217659	0.215583	0.00701735	0.0101254	0.00542666	0.0488453	0.00673689	0.0425232	0.0123832	0.0284829	0.00952084	0.0107328	0.00668266	0.0147397	0.00901515	0.131308	0.0554058	0.16078	0.000549992	0.00648167
121	0.165022	0.0544844	0.00615777	0.0119521	0.0124091	0.0202164	0.00529377	0.183491	0.0190033	0.0526857	0.0422124	0.00820432	0.0195037	0.0139289	0.010513	0.0343902	0.0467764	0.282927	0.000802541	0.0100257
122	0.438545	0.00117258	0.0217431	0.175902	0.00158174	0.00326013	0.0171801	0.0103749	0.0286048	0.0423125	0.00152662	0.0240833	0.00133901	0.0252575	0.00427741	0.0984423	0.0743403	0.0283683	0.000479858	0.00120848
123	0.00955188	0.000931367	0.0034361	0.00102892	0.0873343	0.000891768	0.000746323	0.0732551	0.001108	0.552366	0.200464	0.00089741	0.00215482	0.00147595	0.00161857	0.00561761	0.0116503	0.0354234	0.000130486	0.00991772
124	0.280814	0.205182	0.00211254	0.00323612	0.0017948	0.0121306	0.00169494	0.0374075	0.00337517	0.0203586	0.00240686	0.00320812	0.00143054	0.00928461	0.00255578	0.0561451	0.0583844	0.296814	0.000411597	0.00125221
125	0.0155639	0.000478104	0.0094686	0.0265394	0.00152446	0.00753239	0.00877763	0.010182	0.522218	0.00487977	0.0062411	0.00530694	0.0147898	0.0353137	0.275188	0.027537	0.0190338	0.00554299	0.00163693	0.0022454
126	0.307171	0.016637	0.0084208	0.0179307	0.00885537	0.137044	0.0140251	0.00164618	0.0760493	0.00459192	0.00356612	0.0782549	0.00090863	0.0320011	0.0115565	0.204191	0.04686	0.0235635	0.000258685	0.00646811
127	0.0465051	0.00377655	0.0597191	0.0385713	0.00411162	0.473564	0.0346794	0.00287889	0.0572891	0.0165745	0.00169434	0.0817699	0.00160894	0.0467927	0.0428399	0.0676418	0.0138026	0.00311397	0.000498801	0.00256749
128	0.046207	0.0057869	0.0072936	0.024766	0.0151468	0.0158314	0.0221145	0.0443599	0.240042	0.113337	0.0404282	0.0299972	0.000712286	0.112884	0.0709193	0.0549055	0.0718669	0.0709666	0.000188616	0.0122473
129	0.250863	0.164913	0.00219325	0.00277167	0.00187631	0.00957348	0.00163101	0.0598866	0.00326085	0.0262829	0.00403354	0.00299111	0.00188439	0.00913629	0.00274106	0.0504521	0.0471478	0.356743	0.000410312	0.00120861
130	0.00307372	0.000980383	0.00161562	0.00837112	0.220473	0.00808177	0.034163	0.00731943	0.00251283	0.00656325	0.00125185	0.0081602	0.000808084	0.00175903	0.00758463	0.00307667	0.00272888	0.00195448	0.0305939	0.648928
131	0.426876	0.00284951	0.00800602	0.00776703	0.00375751	0.377899	0.00425808	0.0278067	0.00986595	0.0246361	0.00610722	0.00856541	0.00252628	0.00864293	0.00637148	0.020697	0.00987202	0.0386621	0.00123932	0.00359447
132	0.27944	0.122313	0.0029707	0.00397927	0.00187449	0.0114981	0.0016247	0.043485	0.00539468	0.0268092	0.00450539	0.0050307	0.0022265	0.012559	0.00388338	0.0735297	0.0861632	0.310458	0.00066801	0.00158663
133	0.442602	0.00294649	0.00636183	0.00638223	0.00344687	0.360019	0.0036731	0.0246507	0.00911575	0.0284336	0.00643349	0.00756264	0.00288247	0.00852228	0.00593182	0.0189008	0.0108786	0.045975	0.00111369	0.00416803
134	0.0398174	0.0332689	0.0341977	0.00915698	0.00275532	0.0171852	0.005352	0.00539667	0.0162555	0.00594349	0.00621116	0.0602284	0.00529835	0.012837	0.02391	0.487919	0.220022	0.00846474	0.000583355	0.00519711
135	0.0943573	0.00467311	0.0927799	0.272235	0.00382844	0.0384327	0.0153269	0.00764272	0.130957	0.0167466	0.00757206	0.0437312	0.010546	0.0820389	0.04192	0.0691036	0.0425553	0.0210672	0.0013915	0.00309466
136	0.0475422	0.00431249	0.342851	0.207678	0.00576803	0.035242	0.0102989	0.0110984	0.0546612	0.0270255	0.00823137	0.0658248	0.0086721	0.0473286	0.0188669	0.0549845	0.029311	0.0147949	0.000889283	0.00461834
137	0.0356162	0.00973802	0.00857711	0.0193316	0.0477842	0.022581	0.0143852	0.05123	0.0471357	0.306371	0.136862	0.0145112	0.00569972	0.0784119	0.0289762	0.0274256	0.0382329	0.0453082	0.00111821	0.0607041
138	0.0435065	0.00448718	0.349133	0.195372	0.00634022	0.040129	0.0106921	0.0117894	0.0522497	0.0289571	0.00970831	0.0737208	0.0089576	0.0474515	0.0208133	0.0501693	0.0251694	0.0138591	0.0015932	0.00590217
139	0.17947	0.0701995	0.00686409	0.00713897	0.00378938	0.0899734	0.00448383	0.023652	0.0185918	0.0141983	0.0151142	0.0219882	0.00422724	0.00975962	0.0140082	0.238269	0.188981	0.084785	0.000975457	0.00353015
140	0.0119461	0.002179	0.00403583	0.00354578	0.0719374	0.00182398	0.00351935	0.137853	0.00405496	0.508798	0.135981	0.00314594	0.0018938	0.00292425	0.00486273	0.00517534	0.00892774	0.073566	0.000769587	0.0130604
141	0.257669	0.194543	0.00335872	0.0055152	0.00253064	0.0139773	0.00270587	0.037392	0.0055654	0.0313372	0.0048116	0.00539465	0.00221871	0.011389	0.00422577	0.0572952	0.0968995	0.259785	0.000573319	0.00281159
142	0.0432943	0.0267118	0.00571962	0.0114724	0.287078	0.0176487	0.020641	0.032177	0.00890155	0.153348	0.0441842	0.00856387	0.00435032	0.0409474	0.0194195	0.0121347	0.0152274	0.0299647	0.00372829	0.214487
143	0.0566312	0.00462609	0.0598616	0.0367365	0.00484524	0.449704	0.0322429	0.00258522	0.0460205	0.0196078	0.00188035	0.0890565	0.00149381	0.05313	0.0457488	0.0742342	0.0162318	0.00269434	0.00037518	0.0022943
144	0.148354	0.0418408	0.00417137	0.00658644	0.0021942	0.0139643	0.00694298	0.00445308	0.0075683	0.0061603	0.00558489	0.00713908	0.00240833	0.0225282	0.00750455	0.500443	0.182956	0.0261093	0.000858144	0.00223317
145	0.0129128	0.00237888	0.0352847	0.0207231	0.00284394	0.0193013	0.0277709	0.00973186	0.0113941	0.0201579	0.00472907	0.049447	0.513093	0.00524354	0.04096	0.0722821	0.1443	0.00448027	0.000670675	0.00229522
146	0.00714072	0.016808	0.00226902	0.00310561	0.0306205	0.00263075	0.0197082	0.319106	0.076627	0.0493595	0.022559	0.010233	0.00109051	0.0093301	0.0455745	0.0183794	0.00444617	0.339465	0.00101779	0.0205286
147	0.0211676	0.00103404	0.00360976	0.00391384	0.0563302	0.00121291	0.00226339	0.157847	0.00236221	0.439055	0.141325	0.00122505	0.00200791	0.00250775	0.00372355	0.00419822	0.00878238	0.136618	0.000369334	0.0104473
148	0.0443749	0.00337484	0.00238739	0.00589435	0.0308213	0.00182454	0.00614959	0.274377	0.0098466	0.198502	0.0827296	0.00244284	0.00292959	0.00544114	0.00558965	0.00542089	0.0111509	0.28919	0.000409228	0.0171432
149	0.0373845	0.00364028	0.0109132	0.0306924	0.00901183	0.0137154	0.0205281	0.0275819	0.292207	0.0607007	0.0245432	0.0215329	0.00403272	0.09515	0.207141	0.0414734	0.051034	0.0388407	0.000993489	0.00888303
150	0.0214264	0.00568	0.00861672	0.0193278	0.0119916	0.0582445	0.130508	0.0139574	0.0891962	0.0148899	0.0137513	0.265171	0.00334934	0.0468727	0.126015	0.0308224	0.0198054	0.0174182	0.00353755	0.0994184
151	0.00950216	0.000957286	0.00339318	0.000942081	0.0890337	0.000891239	0.000748084	0.0691815	0.00113182	0.5549	0.201382	0.000893301	0.0021986	0.00147724	0.00149336	0.00574079	0.011886	0.0339722	0.00013708	0.0101379
152	0.0298405	0.00811158	0.0467343	0.0187857	0.0469175	0.0237814	0.0105202	0.057175	0.0302995	0.0654325	0.0650708	0.0924713	0.00627583	0.0220419	0.0541854	0.125928	0.258272	0.0278897	0.00220012	0.0080674
153	0.244383	0.00697413	0.0434224	0.0815325	0.106535	0.0775119	0.0066457	0.0422845	0.0112669	0.0130884	0.0397984	0.0100034	0.0514131	0.0115593	0.00932583	0.0161151	0.0147641	0.0813028	0.00151571	0.130558
154	0.241511	0.00591723	0.0110055	0.0145675	0.0103677	0.0623737	0.00952695	0.0214192	0.0211467	0.0454502	0.0134152	0.0558775	0.155853	0.0184412	0.0456701	0.172083	0.0681509	0.0193838	0.00146312	0.00637574
155	0.112185	0.00252963	0.0660487	0.286046	0.00245196	0.0182796	0.0157605	0.00860408	0.109415	0.0156148	0.00599105	0.0353789	0.01554	0.121681	0.0354474	0.0508181	0.052283	0.0444773	0.000908925	0.000538499
156	0.221573	0.011864	0.00992376	0.0172638	0.0232846	0.0940206	0.0127378	0.00434045	0.0537465	0.0109407	0.0058666	0.0956713	0.00719142	0.0573123	0.0291511	0.232301	0.0691398	0.0176412	0.00195435	0.0240764
157	0.0183316	0.000569712	0.00580853	0.0172115	0.00294092	0.0147533	0.0047929	0.00679825	0.483483	0.00888892	0.00240529	0.00623838	0.0193737	0.024018	0.320284	0.0368127	0.0177236	0.0039601	0.00453422	0.00107184
158	0.0191608	0.00101452	0.0421739	0.0478439	0.00160451	0.00542668	0.0128552	0.00797992	0.443143	0.00721341	0.0107487	0.0249554	0.00491407	0.0846569	0.218042	0.0219811	0.0332783	0.00829078	0.000575066	0.00414109
159	0.0125772	0.0033566	0.0260375	0.0581462	0.0037606	0.00693357	0.00438834	0.102668	0.0339521	0.290949	0.13299	0.00741091	0.00288585	0.00751638	0.114484	0.0570434	0.0112706	0.118489	0.0012889	0.00385276
160	0.0612819	0.0049905	0.0842353	0.132109	0.00633221	0.0204881	0.0170437	0.018497	0.113717	0.0181535	0.0445248	0.0299739	0.184789	0.0428306	0.0840431	0.0597037	0.0436636	0.0262334	0.00170033	0.00568959
161	0.00752167	0.00764348	0.00138306	0.0044561	0.00498802	0.00521127	0.000858608	0.497811	0.00263659	0.0439019	0.00287928	0.00166536	0.00697855	0.00145942	0.00188618	0.00654156	0.00922244	0.3915	0.000182524	0.00127286
162	0.0459564	0.00629303	0.00764977	0.0258532	0.0160858	0.0170143	0.0209493	0.0432778	0.229212	0.107004	0.0398094	0.027366	0.000463099	0.11965	0.0711632	0.0587245	0.0779569	0.0721584	0.000119847	0.0132932
163	0.0522916	0.00228495	0.0775728	0.283842	0.00390133	0.01315	0.0180904	0.0190186	0.0691408	0.0162602	0.00518289	0.043126	0.0118779	0.161782	0.0288324	0.0331245	0.0934579	0.0611912	0.00218947	0.00368357
164	0.00726008	0.0206023	0.00232996	0.00391966	0.234609	0.0122761	0.0347742	0.189641	0.0145076	0.0342163	0.031972	0.00336069	0.0012659	0.00346575	0.0137758	0.00526912	0.0152279	0.184234	0.0184373	0.168856
165	0.0236114	0.00126061	0.177343	0.0636168	0.0186484	0.00416952	0.0916656	0.0108794	0.0449569	0.0202431	0.00200705	0.241923	0.00105825	0.0806831	0.0376287	0.124354	0.0170275	0.0124457	0.00140431	0.025074
166	0.121727	0.00372114	0.0598836	0.296286	0.000762085	0.01766	0.0162528	0.00514244	0.14245	0.0153887	0.00746956	0.0318057	0.00352115	0.126095	0.0359333	0.046513	0.0438161	0.024743	0.000539283	0.000290483
167	0.0458202	0.00760306	0.149651	0.321207	0.00154427	0.28824	0.00176548	0.00305249	0.0181611	0.00687033	0.00198723	0.0401264	0.0164682	0.0161028	0.00344277	0.0346358	0.0359987	0.00280195	0.000397943	0.00412315
168	0.0149744	0.00143025	0.0039352	0.00156053	0.0891491	0.00160303	0.000898201	0.0667562	0.00152802	0.537782	0.202213	0.00181669	0.00237277	0.00195848	0.00222212	0.011343	0.0167767	0.0314264	0.000285058	0.00996931
169	0.0478484	0.00636763	0.148357	0.251304	0.00132214	0.28474	0.00443567	0.00202576	0.0375647	0.00621186	0.00153866	0.0760078	0.0172548	0.0384691	0.00566565	0.046091	0.0137438	0.00222829	0.000421901	0.00840098
170	0.00950216	0.000957286	0.00339318	0.000942081	0.0890337	0.000891239	0.000748084	0.0691815	0.00113182	0.5549	0.201382	0.000893301	0.0021986	0.00147724	0.00149336	0.00574079	0.011886	0.0339722	0.00013708	0.0101379
171	0.00438743	0.0393608	0.0713596	0.00283995	0.00128755	0.00811315	0.00163546	0.00235727	0.0140788	0.00279043	0.00516653	0.110606	0.00111627	0.00641575	0.00987863	0.489186	0.22046	0.00209571	0.0004036	0.00646121
172	0.0124446	0.00206501	0.00360457	0.00261383	0.104547	0.00208621	0.00251144	0.0787082	0.00207253	0.516493	0.180769	0.00183705	0.00260735	0.00539815	0.00364263	0.00692157	0.0128789	0.0379941	0.000432669	0.0203718
173	0.00506082	0.00780414	0.0010196	0.00431554	0.00494773	0.0041906	0.00068215	0.510244	0.00142216	0.046374	0.00118651	0.00122065	0.00377327	0.00115422	0.001228	0.00504171	0.0072931	0.391869	0.000150575	0.00102218
174	0.0323051	0.00276452	0.379001	0.287745	0.00226156	0.0287225	0.00558313	0.00401805	0.0372533	0.0274473	0.00631004	0.0700179	0.00414079	0.0438367	0.0114744	0.0313357	0.0165748	0.00685404	0.000577623	0.00177649
175	0.00950216	0.000957286	0.00339318	0.000942081	0.0890337	0.000891239	0.000748084	0.0691815	0.00113182	0.5549	0.201382	0.000893301	0.0021986	0.00147724	0.00149336	0.00574079	0.011886	0.0339722	0.00013708	0.0101379
176	0.0976888	0.285977	0.00812031	0.00965275	0.00490755	0.151845	0.00839425	0.0180196	0.0127279	0.0122014	0.00822519	0.0119532	0.00312508	0.0131716	0.00802239	0.250103	0.0537981	0.0121304	0.00108965	0.0288466
177	0.0459922	0.0162972	0.00345689	0.00701362	0.0263471	0.00444387	0.00647189	0.297959	0.0133857	0.155059	0.0828498	0.00400817	0.00460335	0.00687461	0.00906637	0.00888405	0.0184987	0.272249	0.000881798	0.0156575
178	0.0416906	0.0159673	0.21461	0.318535	0.00154705	0.176953	0.00169932	0.00237004	0.0185399	0.013779	0.00238463	0.0654381	0.0330061	0.0173318	0.00322025	0.0440742	0.0218845	0.00253923	0.000421556	0.0040079
179	0.0399968	0.0249627	0.00673378	0.00922766	0.00340844	0.0561158	0.0209123	0.00800889	0.0550842	0.00934743	0.00588757	0.0322357	0.0232594	0.00882594	0.0448931	0.258205	0.377792	0.0110214	0.000903716	0.00317712
180	0.0126884	0.0015594	0.00526097	0.00532854	0.0226477	0.00091355	0.000620168	0.264083	0.00102858	0.516419	0.0597741	0.000854831	0.000630849	0.000793315	0.00655736	0.00152711	0.00186904	0.095995	0.000106675	0.00134219
181	0.017651	0.000632043	0.00561555	0.0245887	0.00195559	0.0146381	0.00280492	0.00523568	0.498805	0.00544835	0.00172805	0.003592	0.0404382	0.0219487	0.290924	0.0396608	0.0173461	0.00361653	0.00255289	0.000817538
182	0.0326588	0.00365308	0.0256677	0.0396577	0.00595432	0.315278	0.0106513	0.00796828	0.316798	0.012247	0.00719943	0.0219459	0.00389169	0.0222868	0.0744699	0.0464021	0.0365774	0.0110218	0.00133198	0.00433879
183	0.00508749	0.00778204	0.00101618	0.00433332	0.00499103	0.00418438	0.000682439	0.510045	0.00142166	0.0463725	0.00120374	0.00123437	0.00377329	0.0011543	0.00122835	0.0050375	0.00728477	0.391992	0.000151257	0.0010242
184	0.207895	0.0413199	0.0219629	0.0273832	0.00671519	0.234633	0.0152757	0.0117918	0.0474482	0.0141941	0.00675952	0.0550701	0.010132	0.0296547	0.0184349	0.172259	0.0496159	0.0227583	0.0007114	0.00598462
185	0.274072	0.0081474	0.0113484	0.0165611	0.0273428	0.0614286	0.00841599	0.0248849	0.0154226	0.0172124	0.0412493	0.0173454	0.352401	0.0115886	0.0165987	0.032993	0.0243102	0.0233622	0.00185684	0.0134587
186	0.0462384	0.00611165	0.00740077	0.0253487	0.0160091	0.017923	0.0233086	0.0440173	0.230376	0.106849	0.0377335	0.0269248	0.000650237	0.119146	0.0679414	0.0563131	0.0762912	0.0769238	0.000201256	0.0142926
187	0.0124471	0.00225572	0.00940753	0.0115211	0.00400863	0.0245544	0.0105255	0.00789573	0.316187	0.00784197	0.020515	0.103454	0.00289284	0.0206592	0.244929	0.0649583	0.1232	0.00793869	0.00153632	0.00327131
188	0.221996	0.0406198	0.0170131	0.0298871	0.00669172	0.0539647	0.0134804	0.0117616	0.0300527	0.0126755	0.00864369	0.043776	0.00915642	0.027143	0.0130058	0.347441	0.0817966	0.0232654	0.00087022	0.00675886
189	0.00745633	0.0200929	0.00224744	0.00397528	0.223272	0.0134303	0.0344104	0.178499	0.0154347	0.054413	0.0317727	0.00346091	0.00139054	0.00352409	0.0126708	0.00539648	0.0148299	0.188229	0.0193109	0.166183
190	0.057978	0.00169538	0.22243	0.403808	0.000775629	0.0319648	0.00834165	0.00332569	0.0729654	0.0181175	0.0109477	0.0339835	0.00275392	0.0544725	0.0161456	0.0313428	0.0196857	0.00830441	0.000188574	0.000772567
191	0.0898071	0.0114025	0.013136	0.0221304	0.0275138	0.159265	0.0157567	0.0186137	0.0197731	0.2519	0.115937	0.0170505	0.0107435	0.0399533	0.0210165	0.024169	0.0282906	0.0174702	0.00225044	0.0938212
192	0.0511762	0.0134153	0.00298709	0.00705907	0.0279279	0.00278495	0.00388885	0.259112	0.00609077	0.202166	0.126986	0.00300871	0.00331605	0.00646825	0.00579881	0.00761104	0.0163804	0.241486	0.000231925	0.0121046
