219	20
1	0.0655901	0.015697	0.0235271	0.0459395	0.0106507	0.039684	0.04855	0.0234992	0.13166	0.0400564	0.0142689	0.0498493	0.00715183	0.0907324	0.237819	0.0669756	0.0379896	0.0268249	0.00450459	0.0190304
2	0.0264796	0.00796378	0.00325451	0.00168697	0.0281297	0.00278924	0.00504364	0.307838	0.00155037	0.358612	0.041259	0.00500359	0.00793453	0.00180248	0.00223003	0.00752026	0.0157378	0.163189	0.00234666	0.00962763
3	0.030048	0.0103396	0.0063295	0.0100834	0.130392	0.00978628	0.119432	0.0672226	0.0169712	0.101998	0.02576	0.0146938	0.0154149	0.0171574	0.0205682	0.0211105	0.0158565	0.0188834	0.214576	0.133376
4	0.107366	0.0196265	0.0331326	0.0360897	0.00932273	0.492841	0.0248894	0.00504271	0.0485035	0.0146211	0.00406715	0.0499405	0.00711662	0.0288926	0.0275674	0.0505504	0.0271342	0.00719967	0.000990927	0.00510524
5	0.118689	0.0078433	0.131263	0.246067	0.0013564	0.0321713	0.0275853	0.00539955	0.0516601	0.0227918	0.0134917	0.0287744	0.0191594	0.0880462	0.0441706	0.0897481	0.0512937	0.0125621	0.00344215	0.00448432
6	0.104898	0.00966158	0.0906233	0.165046	0.013578	0.0253158	0.0611912	0.00753427	0.0675999	0.0266413	0.0118309	0.042128	0.012398	0.0889839	0.0716993	0.100803	0.0587894	0.0210725	0.00758263	0.0126226
7	0.216689	0.0249945	0.0173237	0.019455	0.00638657	0.46794	0.0093793	0.00985467	0.0176862	0.0150337	0.0049246	0.0208383	0.00908964	0.0128393	0.0102305	0.0798563	0.0356524	0.0155126	0.00232371	0.00399078
8	0.0369843	0.0127974	0.0152327	0.0360428	0.00707096	0.0344288	0.052172	0.0189734	0.0529551	0.0285271	0.0116855	0.0207187	0.00675474	0.519817	0.0467773	0.0360944	0.0225661	0.0230794	0.00428931	0.0130334
9	0.0950371	0.0178806	0.0321481	0.0514359	0.0135739	0.0213829	0.0637494	0.0113099	0.14004	0.0184125	0.0138803	0.0745011	0.00260365	0.0935124	0.13917	0.112624	0.0644092	0.00670468	0.00308246	0.0245418
10	0.0709071	0.0688975	0.0346391	0.0229577	0.0355211	0.0239147	0.00977792	0.00358565	0.0776757	0.186317	0.0266193	0.0497974	0.00194711	0.0649714	0.0809024	0.130139	0.0499214	0.0522449	0.000844358	0.00841867
11	0.0250245	0.00586003	0.00390828	0.00217253	0.053333	0.00263606	0.00475175	0.251912	0.0011653	0.393377	0.0629479	0.0028361	0.0056715	0.00258101	0.00208234	0.0099459	0.0129732	0.136313	0.00162723	0.0188806
12	0.131742	0.0102846	0.110817	0.207859	0.00247464	0.0456477	0.0281771	0.0062565	0.0615895	0.0226786	0.0139114	0.0323802	0.0165644	0.0836082	0.060615	0.093474	0.0492564	0.0117454	0.00398973	0.00692874
13	0.0930514	0.018792	0.0323706	0.0498427	0.0131579	0.0209396	0.0674437	0.0115996	0.139429	0.0185323	0.0135676	0.0749481	0.00261534	0.0923781	0.139843	0.113111	0.0635006	0.00704868	0.00311318	0.0247157
14	0.0310931	0.00124904	0.00291103	0.00174448	0.0114635	0.00151008	0.00298257	0.253509	0.00570499	0.0829664	0.0187517	0.002209	0.00147118	0.00207146	0.00845131	0.00846161	0.0181632	0.53785	0.000262006	0.00717466
15	0.0700082	0.12792	0.0100033	0.0105797	0.012633	0.0569652	0.0511157	0.0272238	0.0517568	0.289139	0.0159253	0.0133434	0.007518	0.0142671	0.0149803	0.031394	0.0250515	0.156383	0.00364596	0.0101479
16	0.0503458	0.0105266	0.00299727	0.00305284	0.0133812	0.00256597	0.00421025	0.207229	0.00627996	0.138372	0.0321676	0.00276082	0.00160606	0.00515662	0.00716605	0.0208651	0.0220585	0.460134	0.000682213	0.00844181
17	0.0271877	0.00952312	0.0032668	0.00152351	0.0307649	0.00390332	0.00523238	0.277773	0.000917019	0.394059	0.0434917	0.00402003	0.0066039	0.00116835	0.00151242	0.00724133	0.0136353	0.157509	0.00225967	0.00840722
18	0.031164	0.0205361	0.0710525	0.0490791	0.0084015	0.267445	0.042552	0.00353618	0.0605088	0.0064238	0.00623249	0.218324	0.019689	0.0357157	0.021383	0.0563448	0.0368421	0.0057233	0.000611964	0.0384342
19	0.308365	0.071667	0.010337	0.00230974	0.00149223	0.0746667	0.00749882	0.00348068	0.01018	0.0142789	0.00509243	0.0216249	0.00801687	0.00433828	0.0153164	0.361291	0.0357683	0.0415371	0.000677024	0.00206206
20	0.0163276	0.0112253	0.126588	0.0154127	0.00641563	0.0398165	0.012688	0.00363097	0.00188539	0.0211275	0.00263728	0.108393	0.0127161	0.012026	0.00210232	0.301147	0.286912	0.0132182	0.000857422	0.00487301
21	0.544942	0.0323809	0.00108996	0.0109474	0.00127687	0.170412	0.00153021	0.0203506	0.00126648	0.00496993	0.00138247	0.00142279	0.00824445	0.00126909	0.00131921	0.099822	0.0559576	0.034783	0.00528523	0.00134826
22	0.189874	0.0425321	0.00378809	0.00719307	0.00490508	0.01095	0.00509301	0.0659949	0.00353242	0.133148	0.0310115	0.0109217	0.0032356	0.00499959	0.00446976	0.125331	0.115739	0.218567	0.00147411	0.0172402
23	0.532884	0.030992	0.00102583	0.0104508	0.00132515	0.182861	0.00166117	0.0208997	0.00146828	0.00558264	0.00140241	0.00141015	0.00758679	0.00142576	0.00145087	0.0997587	0.0565997	0.0335343	0.0063033	0.00137707
24	0.131971	0.148841	0.00935139	0.00839405	0.003078	0.0254287	0.00704604	0.0174527	0.0034486	0.0193696	0.00698114	0.0249092	0.023245	0.0106093	0.00584277	0.190598	0.263473	0.09091	0.00344256	0.00560805
25	0.0855292	0.00832596	0.0969163	0.218235	0.00371206	0.0262175	0.0333623	0.0112969	0.102535	0.0314644	0.0160155	0.0308261	0.0195287	0.119079	0.0533645	0.0683656	0.0424419	0.0203399	0.00322793	0.00921699
26	0.0603521	0.0041103	0.00233825	0.00809535	0.0215341	0.0056976	0.00378451	0.291177	0.00382158	0.0205545	0.0478477	0.00412932	0.00369632	0.00292056	0.00403242	0.0332853	0.233446	0.245173	0.000943266	0.00306114
27	0.145327	0.014839	0.0039624	0.00431283	0.00829974	0.0452018	0.00495211	0.0762948	0.00413105	0.310546	0.218221	0.00464036	0.00343184	0.00350305	0.00424126	0.016156	0.0353036	0.0897402	0.00196534	0.00493062
28	0.0582015	0.011431	0.0253792	0.0832365	0.00902585	0.0286027	0.0413731	0.0185133	0.240368	0.038208	0.0176174	0.0413401	0.0130579	0.115762	0.119131	0.0650953	0.0380496	0.0195482	0.00314571	0.0129145
29	0.169433	0.0325101	0.0317693	0.0357909	0.00779981	0.142116	0.0254652	0.00926993	0.0364207	0.0156382	0.00845627	0.140406	0.0155333	0.0243159	0.039739	0.180797	0.0450653	0.0273713	0.001848	0.0102542
30	0.0648232	0.00991871	0.00375079	0.00254776	0.0206883	0.0234798	0.00427678	0.197595	0.00226313	0.384259	0.110885	0.00334999	0.00477611	0.00174372	0.00227487	0.0106363	0.020754	0.123418	0.00156801	0.00699188
31	0.0313332	0.00152716	0.00448044	0.00189756	0.0104695	0.0017239	0.00307799	0.257054	0.0053825	0.0761123	0.0174597	0.00248638	0.00266277	0.00243598	0.00795051	0.0105947	0.0188798	0.536986	0.000338566	0.00714651
32	0.0297815	0.00990558	0.0211394	0.00521737	0.0651301	0.00599449	0.00829928	0.206137	0.00304231	0.389374	0.0505201	0.00513168	0.00762622	0.00514767	0.00473593	0.0173191	0.0172442	0.121304	0.00380448	0.0231453
33	0.158057	0.0154314	0.0395091	0.0278933	0.00329212	0.0638936	0.0161204	0.00809543	0.0204458	0.0182698	0.00803178	0.0196003	0.332261	0.0150204	0.00651302	0.190295	0.0327822	0.0197789	0.00108256	0.00362644
34	0.0501304	0.0204673	0.0607744	0.0565887	0.00831812	0.219849	0.038148	0.00763059	0.0535431	0.0113944	0.00771893	0.197256	0.0136379	0.0333588	0.0321761	0.0995123	0.0499586	0.0131279	0.00151328	0.024897
35	0.0303423	0.00972236	0.000691381	0.000644061	0.000768112	0.00152906	0.00152262	0.541174	0.0015305	0.068489	0.0242361	0.000621356	0.00448929	0.000644036	0.00335894	0.00161173	0.0135243	0.29379	0.000277734	0.0010337
36	0.0650511	0.0135272	0.0169944	0.0384768	0.00777046	0.0929748	0.0841981	0.0102988	0.144835	0.0317009	0.00872558	0.0743952	0.00489043	0.092753	0.177554	0.0761809	0.0312337	0.013959	0.0023236	0.0121573
37	0.0950371	0.0178806	0.0321481	0.0514359	0.0135739	0.0213829	0.0637494	0.0113099	0.14004	0.0184125	0.0138803	0.0745011	0.00260365	0.0935124	0.13917	0.112624	0.0644092	0.00670468	0.00308246	0.0245418
38	0.0229945	0.00418609	0.00218892	0.00320428	0.165936	0.00183418	0.00383206	0.2291	0.00209618	0.138927	0.0655861	0.00257001	0.00142883	0.00367045	0.00559676	0.0135774	0.0242951	0.225471	0.000806507	0.0826985
39	0.0524271	0.00934714	0.0423444	0.126522	0.00975662	0.0392013	0.01051	0.0519854	0.0104467	0.115804	0.0106687	0.00991898	0.0060963	0.0094357	0.0398876	0.0805604	0.210583	0.120646	0.00402828	0.0398299
40	0.0303423	0.00972236	0.000691381	0.000644061	0.000768112	0.00152906	0.00152262	0.541174	0.0015305	0.068489	0.0242361	0.000621356	0.00448929	0.000644036	0.00335894	0.00161173	0.0135243	0.29379	0.000277734	0.0010337
41	0.0319528	0.0023701	0.00260556	0.00197711	0.0138044	0.0015467	0.00357276	0.237756	0.00686499	0.0925164	0.0228301	0.00248632	0.0010558	0.00280911	0.00939125	0.00959207	0.0180691	0.530362	0.000326262	0.00811163
42	0.0512999	0.0232513	0.16265	0.0362729	0.0280123	0.020598	0.0238774	0.0240377	0.0232834	0.153713	0.0176129	0.0465792	0.0147513	0.0293492	0.0243701	0.186695	0.0704989	0.0394319	0.00390241	0.0198134
43	0.123487	0.0084433	0.127656	0.233912	0.00161617	0.0357832	0.0274861	0.00562661	0.0532192	0.0220833	0.013515	0.0289056	0.0191844	0.0854484	0.047971	0.0935423	0.0511911	0.0122651	0.0036203	0.0050437
44	0.109142	0.00795815	0.158359	0.24672	0.00233709	0.0304339	0.0251208	0.00668023	0.0465238	0.0244071	0.023175	0.0256341	0.0167217	0.0765334	0.0403303	0.0827734	0.0514676	0.0170882	0.00343605	0.0051584
45	0.0471986	0.0137066	0.00685584	0.00192483	0.029264	0.00321393	0.00497768	0.261174	0.00130348	0.368249	0.0523748	0.00627541	0.00504822	0.00134856	0.00210456	0.0164447	0.0122116	0.155393	0.00241503	0.00851503
46	0.119863	0.00973008	0.113904	0.208182	0.00412704	0.0807495	0.0339624	0.00616647	0.0493022	0.0224454	0.0120389	0.0333221	0.0167973	0.0752936	0.0437724	0.0916777	0.0523936	0.0127927	0.00368618	0.00979326
47	0.0875212	0.0564638	0.00737719	0.0415702	0.00413252	0.0297218	0.0290821	0.0140848	0.00656571	0.0138893	0.0219496	0.283239	0.0118209	0.0209216	0.0346179	0.111298	0.129451	0.0886391	0.00192421	0.0057306
48	0.0588039	0.0358734	0.0292246	0.0405964	0.00717943	0.040469	0.0517824	0.0105148	0.0530696	0.0133869	0.0140325	0.293007	0.00601166	0.0382566	0.077045	0.105113	0.072505	0.0340815	0.00211217	0.0169345
49	0.0340579	0.00207169	0.00886562	0.150566	0.00172522	0.0040134	0.0285361	0.0122686	0.314251	0.0463408	0.0224771	0.0115114	0.00140251	0.194513	0.082309	0.038353	0.0268307	0.0144707	0.00223285	0.0032026
50	0.0434333	0.00458654	0.0027422	0.00409435	0.00371724	0.00463159	0.00448222	0.00719383	0.0348858	0.023309	0.00519613	0.156986	0.245563	0.0198211	0.0042176	0.34953	0.0386349	0.0261098	0.0018414	0.0190241
51	0.051445	0.00353324	0.0110281	0.0499602	0.00252357	0.0072355	0.010061	0.0246148	0.251927	0.0410071	0.0177093	0.0130927	0.00231854	0.121125	0.333741	0.0341494	0.00997217	0.00905424	0.00212643	0.00337604
52	0.535434	0.0324397	0.00164812	0.0118614	0.00128964	0.177404	0.00181452	0.0195628	0.00202729	0.00514771	0.00146955	0.00273099	0.00763522	0.00161977	0.00204956	0.101903	0.054122	0.0333907	0.00512175	0.0013281
53	0.0682217	0.00329522	0.0441613	0.207462	0.00178192	0.0108021	0.0350207	0.00847441	0.190551	0.0442179	0.0181354	0.0227348	0.00553338	0.170316	0.0510878	0.0578845	0.0309166	0.0215714	0.00355433	0.00427773
54	0.0600543	0.0750011	0.0358356	0.022144	0.03393	0.0221319	0.00990731	0.00312796	0.0713364	0.197179	0.0294777	0.0526421	0.00156674	0.0743904	0.0743639	0.126036	0.0524658	0.0485363	0.00072922	0.00914461
55	0.112454	0.00800557	0.118665	0.235193	0.00182723	0.0295905	0.0298699	0.00600406	0.068549	0.024931	0.0137938	0.0297233	0.0167569	0.0970373	0.0483876	0.0875496	0.0493291	0.0133074	0.00347738	0.00554808
56	0.0359719	0.00693454	0.00507335	0.0050055	0.0234971	0.0101226	0.00560281	0.0694144	0.00460228	0.53969	0.184553	0.00491555	0.00407434	0.00604637	0.00481478	0.0306819	0.0130478	0.0371047	0.00220362	0.00664297
57	0.0520858	0.0273057	0.0587915	0.0391992	0.0143782	0.0532638	0.0353992	0.0208597	0.0397697	0.0273076	0.014916	0.225594	0.0199647	0.0306185	0.0327605	0.114181	0.125139	0.0409133	0.00332063	0.0242321
58	0.0643954	0.00188899	0.0725678	0.051183	0.00138486	0.0370522	0.0046707	0.00425961	0.0312421	0.0231516	0.00832732	0.0203746	0.494529	0.024253	0.00141247	0.0997638	0.0414377	0.0158335	0.000682451	0.00158992
59	0.0270001	0.0398586	0.00224611	0.0032319	0.36617	0.0270562	0.0294806	0.0127285	0.0128131	0.031649	0.0105619	0.00688605	0.00930234	0.00227722	0.00693152	0.0566878	0.0138067	0.0220231	0.0462189	0.27307
60	0.0148988	0.00982417	0.128368	0.0141229	0.00650798	0.0360841	0.0134224	0.00346738	0.00200904	0.021327	0.00243346	0.105282	0.0137062	0.0130503	0.00202746	0.295933	0.298236	0.0136865	0.000817942	0.0047949
61	0.0319343	0.0136739	0.00299322	0.0017434	0.0279256	0.00337135	0.00647924	0.283252	0.0017508	0.359883	0.0413337	0.00471904	0.00570271	0.00176747	0.00154873	0.00823789	0.0186826	0.175084	0.00254225	0.00737469
62	0.0320969	0.00409838	0.00254547	0.00202837	0.0134404	0.0016443	0.0044459	0.250063	0.00745779	0.0954824	0.0242092	0.00229686	0.00104381	0.0035237	0.00858712	0.0102759	0.0174077	0.511466	0.000330441	0.00755617
63	0.0303423	0.00972236	0.000691381	0.000644061	0.000768112	0.00152906	0.00152262	0.541174	0.0015305	0.068489	0.0242361	0.000621356	0.00448929	0.000644036	0.00335894	0.00161173	0.0135243	0.29379	0.000277734	0.0010337
64	0.0362815	0.00831719	0.0127481	0.0252117	0.0142215	0.0127041	0.112449	0.010252	0.146756	0.015359	0.0066847	0.0694032	0.00254655	0.13338	0.175189	0.068978	0.0513288	0.0305303	0.0176773	0.0499826
65	0.133159	0.0833513	0.00977308	0.00959848	0.00429859	0.0119623	0.00590622	0.0287749	0.00184202	0.0183615	0.00903211	0.0360182	0.0279785	0.0108445	0.0085545	0.183712	0.31466	0.0935765	0.00319555	0.0053999
66	0.0863563	0.0571612	0.003902	0.00600776	0.0949615	0.00500422	0.0550988	0.177658	0.00480113	0.123658	0.00675638	0.0421778	0.00399935	0.00698999	0.0382407	0.0345885	0.0158288	0.123352	0.0236798	0.0897776
67	0.15343	0.0255977	0.0255945	0.0236669	0.00908798	0.458618	0.0125944	0.00886638	0.0214764	0.0166452	0.0041814	0.032798	0.0135752	0.0159804	0.013037	0.102657	0.0361382	0.0152151	0.00192867	0.0089121
68	0.010304	0.00749485	0.00440775	0.00383208	0.285036	0.00471496	0.00451446	0.0429066	0.00360147	0.379686	0.104561	0.00415021	0.00584012	0.00908597	0.00423401	0.0106757	0.0137084	0.0599937	0.00146555	0.0397872
69	0.033439	0.00156542	0.00254362	0.00446146	0.0907211	0.00134061	0.00637236	0.259827	0.00110059	0.168064	0.0701541	0.00167362	0.00102588	0.00271811	0.00702352	0.0205128	0.0333718	0.193113	0.000683404	0.100288
70	0.386837	0.0297076	0.00358047	0.00911536	0.00236322	0.337981	0.00282292	0.013956	0.00400189	0.00915345	0.00217857	0.0051541	0.00613385	0.0033651	0.00310223	0.103984	0.0466673	0.0238947	0.00393446	0.00206673
71	0.0104139	0.0237949	0.00279562	0.0249154	0.0669023	0.00290967	0.0132852	0.0587939	0.0106331	0.185941	0.0302744	0.00329112	0.00980749	0.0234305	0.0471321	0.0927211	0.0465893	0.0750827	0.00254866	0.268738
72	0.0342066	0.0130635	0.0033324	0.00201544	0.0288418	0.00277772	0.00479328	0.279219	0.00241209	0.329102	0.0604745	0.00409157	0.00445138	0.0029518	0.00197656	0.0121491	0.0130933	0.18966	0.00328094	0.00810783
73	0.0618753	0.0120421	0.0214408	0.0484263	0.0113707	0.0210089	0.0844945	0.0112639	0.150268	0.0200396	0.0102376	0.0666384	0.00261353	0.123873	0.165575	0.0837086	0.0519501	0.0178584	0.00765004	0.0276652
74	0.0228419	0.00925961	0.00297115	0.00227465	0.0176106	0.00349798	0.00510256	0.331092	0.002334	0.327237	0.0268314	0.0171284	0.00564917	0.00206791	0.00184599	0.00813383	0.0327783	0.16739	0.0081004	0.00585322
75	0.0903224	0.0994336	0.00456933	0.00688003	0.00554273	0.00717642	0.0291266	0.108346	0.0057167	0.0406779	0.00766478	0.00584799	0.00485445	0.198899	0.00584979	0.160432	0.0134549	0.106658	0.00238953	0.0961584
76	0.033559	0.0482353	0.00625213	0.0100903	0.0246639	0.00893772	0.28391	0.0763512	0.00735793	0.159848	0.0115212	0.0125887	0.00657988	0.0102995	0.077921	0.0256709	0.0197141	0.0710884	0.0081671	0.0972445
77	0.118574	0.122735	0.0195281	0.0136464	0.0019327	0.0156108	0.0171881	0.022213	0.00209838	0.0185991	0.0126519	0.0411629	0.0890038	0.0181273	0.0031419	0.10219	0.256139	0.0999659	0.0101687	0.0153226
78	0.0303423	0.00972236	0.000691381	0.000644061	0.000768112	0.00152906	0.00152262	0.541174	0.0015305	0.068489	0.0242361	0.000621356	0.00448929	0.000644036	0.00335894	0.00161173	0.0135243	0.29379	0.000277734	0.0010337
79	0.0443564	0.00278048	0.00226893	0.0181155	0.0241397	0.0111784	0.00272603	0.256271	0.00701129	0.0559595	0.0243106	0.00247213	0.00336456	0.00236341	0.00717334	0.0137312	0.131931	0.385451	0.00061302	0.00378307
80	0.059442	0.00781466	0.213725	0.256618	0.00371781	0.0182106	0.0373029	0.0159082	0.0468146	0.0230431	0.00909985	0.0369454	0.0172258	0.101101	0.0260822	0.0441542	0.0380407	0.0321972	0.0017298	0.0108272
81	0.140676	0.0260317	0.0124229	0.00939931	0.00766978	0.0102046	0.0034455	0.0349508	0.00202043	0.0155428	0.00941902	0.0385331	0.0200358	0.00562148	0.0179059	0.241196	0.326781	0.0730665	0.0015495	0.0035281
82	0.0282142	0.0131246	0.027539	0.043155	0.005087	0.139809	0.147923	0.00776282	0.12703	0.0237847	0.00449968	0.139213	0.0158713	0.0600907	0.121538	0.0374787	0.0184111	0.0211824	0.00217764	0.0161074
83	0.0643454	0.00191012	0.0723466	0.0511187	0.00139501	0.0370265	0.00466574	0.00442526	0.0311232	0.0232673	0.00830098	0.0203396	0.495023	0.0242052	0.001404	0.0993894	0.0414295	0.0160179	0.000690997	0.00157524
84	0.118689	0.0078433	0.131263	0.246067	0.0013564	0.0321713	0.0275853	0.00539955	0.0516601	0.0227918	0.0134917	0.0287744	0.0191594	0.0880462	0.0441706	0.0897481	0.0512937	0.0125621	0.00344215	0.00448432
85	0.0215884	0.0138595	0.0031205	0.00515595	0.237212	0.00489402	0.019485	0.0823501	0.00487321	0.236107	0.0395344	0.00650861	0.00817902	0.00658919	0.0100231	0.0200984	0.0153783	0.072659	0.0276708	0.164714
86	0.052733	0.0120929	0.0212708	0.046757	0.00674735	0.0746299	0.0724329	0.0125697	0.114511	0.0308182	0.00866221	0.0533114	0.00654962	0.197367	0.172696	0.0551044	0.026481	0.0186785	0.00432705	0.0122596
87	0.024786	0.00753614	0.00255404	0.00148324	0.0230205	0.00256118	0.00416757	0.295877	0.0013519	0.377606	0.0340622	0.00357626	0.00564367	0.00137172	0.00189975	0.00595375	0.0138039	0.183619	0.00186615	0.00726109
88	0.0469304	0.00908913	0.178356	0.0494674	0.0819746	0.0268503	0.0673727	0.00997718	0.0394851	0.0689646	0.00737381	0.0570953	0.0203135	0.0465166	0.0377582	0.0930802	0.0770738	0.031815	0.00285367	0.0476524
89	0.0922949	0.0204492	0.0325011	0.0493989	0.0129143	0.0206408	0.0655948	0.0121856	0.13876	0.0187034	0.0133001	0.0782233	0.0025406	0.0922752	0.13982	0.11246	0.0628714	0.00766815	0.00309485	0.0243034
90	0.105362	0.00765478	0.0556497	0.041289	0.00407745	0.0752937	0.010185	0.0103472	0.0279776	0.0251425	0.00995946	0.0211941	0.415775	0.020487	0.00736156	0.0992043	0.0390086	0.01916	0.0013607	0.00350968
91	0.0406894	0.00834532	0.00259251	0.00254609	0.327314	0.00662205	0.0454006	0.0354119	0.00384296	0.0578904	0.0252797	0.0122169	0.029623	0.00269819	0.00536531	0.0133552	0.00860096	0.00920078	0.175812	0.187192
92	0.0644028	0.00188822	0.0724851	0.0511194	0.00138515	0.0369758	0.00464471	0.00424299	0.0313576	0.0233148	0.00834116	0.0202359	0.494746	0.024313	0.00140139	0.0993854	0.0415943	0.0158937	0.000684991	0.00158749
93	0.119206	0.00784883	0.130709	0.246203	0.00135605	0.0324707	0.0274641	0.00535398	0.0517137	0.0227529	0.0134706	0.0285572	0.0190243	0.0876143	0.0443087	0.0900843	0.0513232	0.0125566	0.00346414	0.00451869
94	0.264804	0.045301	0.0289054	0.0238621	0.00388162	0.144435	0.0117152	0.00539413	0.0351025	0.0178358	0.0120458	0.0458839	0.016718	0.0202951	0.0414453	0.222913	0.0305565	0.0236301	0.00115443	0.00412109
95	0.0222855	0.0208862	0.0798273	0.0583148	0.00962409	0.124252	0.0651775	0.00488709	0.0883965	0.00795919	0.00833784	0.232353	0.0184344	0.0554745	0.0422935	0.0638616	0.0427155	0.00752469	0.00131051	0.0460846
96	0.0292676	0.00366841	0.00179288	0.00342395	0.00959672	0.00195001	0.00190204	0.373409	0.00301017	0.0584674	0.0241037	0.00145781	0.00272531	0.00126655	0.00503373	0.00826535	0.0616732	0.405062	0.000270235	0.00365346
97	0.068741	0.00665491	0.0564606	0.0421997	0.0100867	0.0353336	0.00888172	0.0190377	0.0275037	0.0342115	0.0113926	0.0241378	0.443116	0.0223882	0.00482192	0.0999305	0.0468546	0.0277885	0.00311993	0.00733855
98	0.0419363	0.00717742	0.00242342	0.00242473	0.339085	0.00513365	0.0436434	0.0299919	0.00378875	0.0565317	0.0263592	0.0132698	0.0278705	0.00252064	0.00580247	0.0123047	0.00557429	0.00852462	0.160314	0.205323
99	0.0474749	0.00545279	0.00289936	0.00342516	0.00368243	0.00377739	0.00376326	0.394376	0.00316566	0.0975166	0.00857617	0.0034922	0.0986362	0.00311606	0.00370827	0.0241279	0.0431228	0.245146	0.0014688	0.00307225
100	0.033502	0.00216193	0.00271316	0.00195853	0.0124969	0.00158265	0.00333012	0.232173	0.00621415	0.092941	0.0209686	0.00238587	0.0011012	0.00238555	0.00888236	0.00970619	0.0187707	0.538891	0.000302625	0.00753222
101	0.0265012	0.00686463	0.00342388	0.00142654	0.0347243	0.0028306	0.00551919	0.284802	0.000524491	0.39575	0.0469757	0.00310439	0.00826129	0.000732012	0.00143919	0.00636985	0.0120081	0.146532	0.00181547	0.0103955
102	0.0268173	0.00674244	0.00347607	0.00155971	0.0356784	0.00278252	0.00564328	0.284062	0.000514283	0.391826	0.0476416	0.00309107	0.00803151	0.000766165	0.00149305	0.00675053	0.0120794	0.147268	0.00176458	0.0120126
103	0.0557318	0.0138977	0.0027905	0.00570799	0.0763678	0.00229316	0.0246683	0.203478	0.00252974	0.205246	0.0325137	0.0088594	0.00206132	0.00476924	0.0298935	0.0301003	0.0286086	0.148675	0.00515024	0.116658
104	0.0201713	0.00546282	0.00626084	0.0192987	0.011498	0.0206992	0.132509	0.0110263	0.156274	0.0186575	0.00460778	0.0634262	0.00324107	0.142044	0.188394	0.0541144	0.0378172	0.0384737	0.0196799	0.046343
105	0.338344	0.0245115	0.00364289	0.00430985	0.152626	0.00479493	0.0215003	0.076146	0.0193171	0.0311296	0.0220297	0.00478851	0.00363007	0.0208309	0.0043234	0.0287662	0.0426894	0.0978449	0.00199327	0.0967808
106	0.0343871	0.00628215	0.207737	0.428791	0.00562843	0.0252972	0.0075263	0.00954179	0.00827672	0.03667	0.0908655	0.00615779	0.00422514	0.0111687	0.00636598	0.0140578	0.0340006	0.0550134	0.00206529	0.00594268
107	0.041227	0.0213968	0.0595599	0.0470837	0.0095835	0.176183	0.0543976	0.00879249	0.0664359	0.0150923	0.00860924	0.235393	0.0174907	0.0370248	0.042941	0.0710831	0.0401598	0.0165482	0.00167727	0.0293207
108	0.0135589	0.0163949	0.00231205	0.00278404	0.35745	0.00620873	0.00977602	0.0952339	0.00428118	0.106537	0.0258789	0.00361687	0.00316623	0.00324536	0.00516091	0.0157032	0.0132234	0.116813	0.00887541	0.18978
109	0.036869	0.00786246	0.245754	0.242194	0.00511755	0.0082038	0.0417655	0.0296186	0.04455	0.0285662	0.0079206	0.0197035	0.011083	0.112908	0.0209585	0.0211718	0.0385639	0.0584816	0.00166329	0.0170453
110	0.0894936	0.00777368	0.113886	0.232874	0.00283703	0.0253745	0.0327255	0.0097102	0.0850811	0.0302627	0.0141587	0.03303	0.014317	0.113416	0.0487382	0.0722275	0.0432792	0.0195279	0.00333126	0.00795548
111	0.519292	0.0334392	0.00277077	0.0128662	0.00148535	0.187269	0.00200854	0.0193994	0.00247243	0.00596714	0.00175137	0.00316601	0.00792772	0.00237686	0.00248983	0.100593	0.0554487	0.0327261	0.00489119	0.00165956
112	0.0330287	0.0394514	0.00115861	0.00731665	0.00892803	0.00389916	0.010279	0.29786	0.0134583	0.161471	0.0605735	0.00202284	0.000861836	0.0202816	0.00222975	0.0361376	0.0197404	0.275517	0.00103169	0.00475345
113	0.290412	0.0641909	0.00892509	0.00268408	0.00440504	0.00295666	0.00316718	0.129235	0.00299575	0.106021	0.00922501	0.00277479	0.00158024	0.00439893	0.00277331	0.0131389	0.0328589	0.314325	0.000951574	0.00298029
114	0.0947307	0.017894	0.0320513	0.0512643	0.0135047	0.0214859	0.064166	0.0112895	0.140184	0.0184492	0.0138358	0.0744417	0.00260484	0.0933644	0.139504	0.112637	0.0641952	0.00675201	0.00308358	0.0245619
115	0.546848	0.0320103	0.000933126	0.010794	0.00125795	0.170813	0.0014829	0.0203672	0.00121941	0.0049202	0.00129304	0.00130276	0.00757317	0.00122502	0.0012486	0.0998806	0.0558984	0.0343262	0.00530778	0.00129776
116	0.0124395	0.00269152	0.00220905	0.00194041	0.0125475	0.00299536	0.0022332	0.0545507	0.00191749	0.702011	0.013217	0.00223725	0.00162842	0.00195695	0.00175603	0.00594487	0.0107925	0.163723	0.000873099	0.0023346
117	0.0558718	0.00533349	0.0152228	0.0340764	0.00386899	0.0106339	0.017394	0.0229084	0.239969	0.0286095	0.0131803	0.0240004	0.00211518	0.120263	0.325828	0.0490675	0.0151397	0.00873048	0.00196568	0.0058213
118	0.119228	0.00788619	0.130888	0.245068	0.00136257	0.0322091	0.0274414	0.00539727	0.0519596	0.0234509	0.0136279	0.0288322	0.0190081	0.0880761	0.0448123	0.0891807	0.0509492	0.0124764	0.00355442	0.00459114
119	0.0256172	0.0147114	0.00222073	0.00363794	0.359695	0.0081327	0.0351117	0.020658	0.00558025	0.0621689	0.0267169	0.0126086	0.012214	0.00308836	0.00917805	0.0226451	0.00712295	0.02125	0.0575527	0.29009
120	0.0295715	0.00429112	0.00212977	0.00319971	0.033284	0.00176984	0.00422762	0.242724	0.00540994	0.102522	0.0593059	0.00556349	0.00136477	0.00747468	0.0131566	0.0118228	0.02273	0.424806	0.000760345	0.0238856
121	0.0956248	0.0205743	0.0376922	0.0520357	0.00729159	0.12719	0.0486878	0.0164054	0.07197	0.0133545	0.00990434	0.195793	0.00666539	0.0409355	0.0788975	0.0964944	0.0417011	0.0234838	0.00185527	0.0134439
122	0.00781404	0.0221717	0.0896711	0.0592747	0.00934204	0.148429	0.0587566	0.0037252	0.0767438	0.00506032	0.00758592	0.271055	0.0220435	0.0422465	0.0214389	0.0572548	0.0404397	0.00673635	0.000585481	0.0496259
123	0.0463591	0.0117354	0.00888961	0.0405102	0.00412413	0.16233	0.141638	0.00678561	0.137793	0.0330698	0.00460489	0.0993889	0.00670114	0.0609893	0.152472	0.0436589	0.015433	0.0153578	0.00170533	0.00645306
124	0.0601165	0.0751314	0.0358362	0.0221905	0.0339978	0.0220885	0.00990899	0.00313697	0.0712585	0.197043	0.0294621	0.052602	0.00155551	0.074329	0.0743473	0.126094	0.0524695	0.0485574	0.000729249	0.00914521
125	0.044531	0.0073679	0.00593005	0.00748986	0.0888791	0.00818542	0.00714438	0.0139589	0.00645865	0.369157	0.0358191	0.00726258	0.247228	0.00716111	0.00619189	0.0162503	0.0402718	0.0706519	0.00305692	0.00700421
126	0.0678537	0.00700699	0.059606	0.046665	0.0104053	0.0396488	0.00939419	0.016835	0.0299354	0.0351883	0.0104132	0.0282041	0.429501	0.0235904	0.00534111	0.0998855	0.0428725	0.025658	0.00404979	0.00794577
127	0.0181452	0.00267519	0.00220122	0.0023467	0.0133345	0.00285151	0.0024551	0.0695833	0.0028618	0.59075	0.00505167	0.00232851	0.00151649	0.00188086	0.00321506	0.00595832	0.0153937	0.253442	0.000885605	0.00312339
128	0.0988383	0.0143889	0.106582	0.187843	0.00220715	0.0296912	0.0314943	0.00535509	0.0678579	0.0206617	0.0132369	0.0273828	0.0342199	0.0774224	0.0618924	0.131192	0.0666333	0.0147623	0.00309583	0.00524346
129	0.140219	0.0227126	0.0445702	0.0625098	0.00611746	0.231693	0.0292619	0.0073672	0.0652308	0.0186228	0.00984717	0.0523932	0.0295799	0.0422871	0.0650066	0.113714	0.0359381	0.0133436	0.00200557	0.00757975
130	0.141513	0.0185922	0.00824096	0.0140272	0.0108743	0.0132971	0.00306194	0.0423225	0.00219768	0.02193	0.0133608	0.0452772	0.0102049	0.00524525	0.0173882	0.242468	0.287243	0.0991231	0.00103775	0.0025946
131	0.0266638	0.00728602	0.00347606	0.0015165	0.0343669	0.00276645	0.0053995	0.284748	0.000581995	0.390174	0.0481012	0.00306595	0.00792169	0.000816314	0.00150263	0.00679783	0.0119799	0.150443	0.00186861	0.0105242
132	0.0604574	0.0066315	0.0600151	0.0478038	0.00217753	0.0332409	0.00924368	0.00608047	0.0447626	0.0231207	0.0104586	0.0363494	0.410287	0.0253825	0.0121522	0.13921	0.047746	0.0187803	0.00118584	0.00491484
133	0.066067	0.0126542	0.212988	0.14155	0.0132106	0.035408	0.0292541	0.0180048	0.0372671	0.0378903	0.0165388	0.0743058	0.0260672	0.0593755	0.0275287	0.0855526	0.0575022	0.0307533	0.0032226	0.0148593
134	0.0265602	0.00635428	0.00471428	0.00393908	0.103482	0.00327498	0.00894156	0.217608	0.00283871	0.286103	0.0848692	0.00352767	0.00570036	0.00598231	0.00530464	0.0153192	0.0193599	0.140505	0.00937559	0.0462404
135	0.0762185	0.0083291	0.00559697	0.0363732	0.0362617	0.0080781	0.127702	0.187615	0.0972734	0.0174043	0.0372938	0.0669514	0.00597988	0.00694979	0.00710714	0.0168325	0.197807	0.0497682	0.00266565	0.00779286
136	0.295064	0.0508549	0.00534918	0.0021323	0.00180486	0.0507229	0.00632291	0.00354162	0.00572055	0.00877906	0.00319624	0.0138664	0.00740505	0.00276009	0.00916624	0.475363	0.0311988	0.0238943	0.000834929	0.00202191
137	0.0298773	0.00632616	0.200017	0.0369826	0.0475621	0.0203815	0.0333483	0.00558812	0.00806659	0.0647939	0.0037778	0.0801217	0.0107648	0.0241532	0.00836106	0.226641	0.149722	0.0162134	0.00156402	0.025738
138	0.0494767	0.0147319	0.0616969	0.00954375	0.0050925	0.0210468	0.00789681	0.0181488	0.00232493	0.0168743	0.00494441	0.0680026	0.0236542	0.00884563	0.00717682	0.246266	0.398228	0.0311145	0.00129181	0.0036436
139	0.0302306	0.0019577	0.0025125	0.00162353	0.0106464	0.00145404	0.00279355	0.284277	0.00534756	0.082944	0.0193181	0.00201484	0.00138134	0.00193868	0.00860948	0.0075755	0.0180016	0.509898	0.00022797	0.00724775
140	0.0950371	0.0178806	0.0321481	0.0514359	0.0135739	0.0213829	0.0637494	0.0113099	0.14004	0.0184125	0.0138803	0.0745011	0.00260365	0.0935124	0.13917	0.112624	0.0644092	0.00670468	0.00308246	0.0245418
141	0.0304546	0.00651619	0.00381716	0.00247632	0.0355247	0.00558234	0.00508482	0.203022	0.002398	0.456678	0.0830953	0.00288064	0.00515939	0.00279646	0.00237493	0.0120738	0.0122626	0.114643	0.00200126	0.0111592
142	0.0613143	0.00538081	0.0207518	0.128847	0.00376334	0.011504	0.0290952	0.0119208	0.24499	0.0499955	0.0203654	0.0270865	0.00252621	0.165379	0.114808	0.0498683	0.0265752	0.0140483	0.00397542	0.00780548
143	0.0943605	0.0181815	0.0320974	0.0512607	0.0134971	0.0212203	0.0636709	0.0114077	0.139862	0.0183518	0.0138496	0.0753392	0.00257645	0.0936929	0.139364	0.112464	0.0644055	0.00686107	0.00310102	0.0244364
144	0.032108	0.0252603	0.000876884	0.00361696	0.00577796	0.004895	0.00774741	0.42501	0.00815879	0.143044	0.0409403	0.00216614	0.00226659	0.00851628	0.00186315	0.015716	0.0201867	0.247781	0.0011906	0.00287907
145	0.0243037	0.0168533	0.00186753	0.00217515	0.385558	0.00961451	0.038121	0.0133499	0.00636535	0.0483864	0.0167123	0.0116408	0.0108261	0.00230274	0.00852863	0.0238041	0.00445699	0.0159765	0.0512812	0.307876
146	0.0233046	0.00496554	0.00530992	0.0377704	0.00518501	0.0482526	0.118052	0.0144357	0.178986	0.0312846	0.00518922	0.0543607	0.00382272	0.14098	0.197175	0.0470807	0.0188663	0.0380318	0.00880462	0.0181425
147	0.118689	0.0078433	0.131263	0.246067	0.0013564	0.0321713	0.0275853	0.00539955	0.0516601	0.0227918	0.0134917	0.0287744	0.0191594	0.0880462	0.0441706	0.0897481	0.0512937	0.0125621	0.00344215	0.00448432
148	0.0300048	0.00236911	0.00715981	0.0827015	0.00214782	0.00691445	0.0193555	0.0159348	0.329707	0.0329	0.0152571	0.0107251	0.00156888	0.186667	0.189083	0.0358602	0.0167179	0.0110064	0.00134677	0.00257254
149	0.211201	0.0161446	0.00731031	0.043425	0.0089064	0.0143682	0.0458239	0.0232268	0.00901887	0.0637764	0.0471348	0.0104455	0.0081344	0.00948191	0.0108763	0.332436	0.0220275	0.0631856	0.00392899	0.0491473
150	0.0999749	0.00531045	0.0509837	0.19421	0.00266343	0.0195725	0.0196587	0.0075909	0.138494	0.082854	0.0308684	0.0409341	0.00580714	0.131023	0.0554239	0.04765	0.0224644	0.0209942	0.0107974	0.0127259
151	0.0950889	0.0178344	0.032213	0.0517402	0.0135816	0.0213851	0.0636401	0.0112865	0.140047	0.0184313	0.0138945	0.074321	0.00261596	0.0936701	0.139036	0.112538	0.0643746	0.00671495	0.00308645	0.0245008
152	0.0815279	0.0137361	0.190659	0.231595	0.00380291	0.0233984	0.0375777	0.0123148	0.047284	0.0298745	0.0115533	0.0288668	0.0150442	0.0943134	0.0352691	0.0618524	0.043728	0.0255427	0.00276533	0.00929479
153	0.219855	0.130487	0.0209801	0.00466544	0.0609524	0.00462253	0.00588116	0.11299	0.0042737	0.133495	0.00647835	0.00512457	0.00311088	0.0383633	0.05708	0.0302076	0.0446122	0.106869	0.00241897	0.00753169
154	0.0104228	0.0230542	0.0849725	0.0548916	0.0173546	0.131316	0.0624414	0.00417421	0.0746254	0.00705192	0.0106142	0.261702	0.0195774	0.037825	0.0255346	0.0605012	0.0438814	0.0075127	0.000677344	0.0618693
155	0.0291043	0.00860009	0.00213207	0.00112086	0.0180133	0.00222482	0.00342345	0.404763	0.00117308	0.242592	0.0377769	0.00221408	0.00566949	0.000811681	0.00221836	0.00462745	0.0131062	0.213693	0.0012724	0.00546272
156	0.0950371	0.0178806	0.0321481	0.0514359	0.0135739	0.0213829	0.0637494	0.0113099	0.14004	0.0184125	0.0138803	0.0745011	0.00260365	0.0935124	0.13917	0.112624	0.0644092	0.00670468	0.00308246	0.0245418
157	0.0292027	0.00700609	0.00319158	0.00209499	0.0349175	0.0019993	0.0046922	0.266691	0.00178218	0.304854	0.0517099	0.0028631	0.00437584	0.0015746	0.00461241	0.0111299	0.0149172	0.234054	0.00176675	0.0165654
158	0.0328498	0.0382686	0.0012135	0.00838537	0.00853423	0.004111	0.0100102	0.300418	0.0127181	0.160496	0.0594362	0.00214683	0.000924462	0.0218401	0.00235913	0.0349571	0.0220136	0.273246	0.00105597	0.00501558
159	0.0932655	0.0180953	0.0364351	0.0544194	0.0135179	0.0218572	0.0640078	0.0110039	0.137532	0.0183492	0.0135153	0.0749099	0.00384616	0.0929554	0.135962	0.110878	0.0643089	0.00705045	0.00308081	0.0250096
160	0.0212622	0.0922472	0.00614707	0.00747194	0.167737	0.133475	0.0108138	0.0433595	0.00905054	0.0182426	0.00913484	0.0077383	0.037776	0.00664961	0.00672871	0.0579304	0.175286	0.0202814	0.0600392	0.10863
161	0.069124	0.0188538	0.0317475	0.0457804	0.00982897	0.0163557	0.0563522	0.00932892	0.126865	0.0174071	0.0144391	0.052147	0.0248941	0.0702393	0.130861	0.186611	0.0884219	0.0113969	0.00260032	0.016745
162	0.0151068	0.0273819	0.0106017	0.0264872	0.00376347	0.00619967	0.0285645	0.00709846	0.117933	0.0275068	0.0323804	0.0215449	0.10896	0.0106079	0.0960164	0.305011	0.121952	0.0273388	0.00153674	0.00400897
163	0.0284217	0.00497432	0.00515862	0.00426326	0.0453741	0.00209626	0.00549741	0.283949	0.000661459	0.310321	0.0609721	0.00235544	0.00467272	0.0012269	0.00304131	0.013706	0.0161053	0.169763	0.00136873	0.0360716
164	0.131439	0.00892275	0.12348	0.227499	0.00184509	0.0385896	0.0265928	0.00536355	0.0524194	0.0215717	0.0137039	0.0277005	0.0181094	0.0825845	0.0490946	0.0963066	0.0519289	0.0126454	0.00436017	0.00584337
165	0.118689	0.0078433	0.131263	0.246067	0.0013564	0.0321713	0.0275853	0.00539955	0.0516601	0.0227918	0.0134917	0.0287744	0.0191594	0.0880462	0.0441706	0.0897481	0.0512937	0.0125621	0.00344215	0.00448432
166	0.119576	0.00792714	0.13089	0.244419	0.00137635	0.0324704	0.0275563	0.00545186	0.0517386	0.0226541	0.0134596	0.028597	0.0190464	0.087548	0.0448065	0.0906323	0.0512219	0.0125519	0.00348261	0.00459527
167	0.00967489	0.0245553	0.00259343	0.0192482	0.0855598	0.00283147	0.0159501	0.0559703	0.0128867	0.193325	0.0337117	0.00334886	0.0120731	0.0234656	0.0416675	0.0752146	0.0413854	0.0679036	0.00239645	0.276238
168	0.0224201	0.00480142	0.00373069	0.00429206	0.123734	0.00421509	0.122947	0.0888048	0.00374779	0.134549	0.0287554	0.00956261	0.013162	0.00382348	0.00450852	0.00916421	0.00871819	0.0105972	0.247429	0.151038
169	0.0354353	0.00983364	0.00218735	0.00251776	0.323129	0.00543492	0.0505264	0.0253378	0.00417291	0.0678784	0.0260527	0.0204905	0.0173029	0.00230233	0.00722006	0.0142875	0.00526293	0.0104768	0.0999909	0.27016
170	0.0274907	0.00675706	0.00349024	0.00168712	0.0367552	0.00260163	0.00523519	0.286423	0.000603718	0.376866	0.0486329	0.00304799	0.00723126	0.000689516	0.00169059	0.00733042	0.0125633	0.155277	0.00180136	0.0138256
171	0.184793	0.0231402	0.00320247	0.00422443	0.00460651	0.0792959	0.00504996	0.0630474	0.00412817	0.19574	0.218479	0.00447015	0.00343461	0.00411119	0.0044547	0.0141596	0.0612842	0.116085	0.00172046	0.00457322
172	0.0143762	0.00392217	0.00382319	0.00293388	0.170335	0.00348085	0.00392681	0.165642	0.00251415	0.339821	0.0916635	0.00298499	0.00361489	0.0139395	0.003969	0.0107633	0.0233419	0.0994165	0.00107437	0.0384559
173	0.0756949	0.0475484	0.0145942	0.0632778	0.022358	0.0140291	0.0202319	0.0615808	0.0325217	0.152758	0.0150186	0.0200524	0.00656219	0.0610278	0.150236	0.0717222	0.0296826	0.0381488	0.0361998	0.0667553
174	0.546848	0.0320103	0.000933126	0.010794	0.00125795	0.170813	0.0014829	0.0203672	0.00121941	0.0049202	0.00129304	0.00130276	0.00757317	0.00122502	0.0012486	0.0998806	0.0558984	0.0343262	0.00530778	0.00129776
175	0.243411	0.0509477	0.00404856	0.0060039	0.00981212	0.00604659	0.00664335	0.104878	0.00419351	0.132102	0.0293266	0.00557214	0.00320614	0.00836213	0.00530808	0.13881	0.0459158	0.140461	0.00162166	0.0533297
176	0.09501	0.0178602	0.0320887	0.0516556	0.0135426	0.0213954	0.0636807	0.0112977	0.140048	0.0184819	0.0139406	0.0744044	0.00259916	0.0937804	0.139019	0.112446	0.0643534	0.00675027	0.00309756	0.0245485
177	0.0874198	0.00903409	0.092673	0.20595	0.00381993	0.0296845	0.0357729	0.00845731	0.0976906	0.032425	0.0156979	0.0493063	0.0135512	0.119726	0.0551299	0.0709707	0.0413298	0.0177659	0.00391907	0.00967611
178	0.0252516	0.00197146	0.00255357	0.00435494	0.100113	0.00151212	0.00478603	0.263824	0.0013846	0.14455	0.0991316	0.00306735	0.00126891	0.00456925	0.00657202	0.01666	0.030063	0.202409	0.000808463	0.0851493
179	0.132722	0.120238	0.0068619	0.0252999	0.004936	0.0121965	0.009088	0.0381534	0.00397631	0.0459509	0.0123469	0.0580946	0.0196916	0.0105574	0.00772797	0.139879	0.162377	0.178787	0.00318254	0.00793317
180	0.0944998	0.0151368	0.0355507	0.0667267	0.00936605	0.030142	0.0415284	0.0149611	0.133793	0.0273137	0.0138881	0.0506601	0.00579007	0.098749	0.189641	0.0958706	0.0456166	0.0118744	0.00341557	0.0154765
181	0.0309457	0.0452888	0.0023806	0.00325929	0.354637	0.0338005	0.0303219	0.0124714	0.0114109	0.0272246	0.00930772	0.00648757	0.00898875	0.00241378	0.00644665	0.0678701	0.0151515	0.0239577	0.0416608	0.265975
182	0.148636	0.0167231	0.0908696	0.153588	0.00395377	0.158544	0.022276	0.00589011	0.0526282	0.018224	0.0113183	0.0411671	0.0154111	0.0602803	0.0485432	0.090661	0.041975	0.0108297	0.0029283	0.00555312
183	0.124775	0.0229592	0.0390329	0.0320345	0.0115171	0.51334	0.0152528	0.00527094	0.0337773	0.0120196	0.0041612	0.0428916	0.00707438	0.0226593	0.0142334	0.0541793	0.0315197	0.00764731	0.00094033	0.00471413
184	0.326579	0.0554418	0.00835565	0.001646	0.00127665	0.0780345	0.00807577	0.00252606	0.0111148	0.0107467	0.00470086	0.024043	0.00847347	0.00380553	0.0171346	0.372916	0.0279509	0.0349741	0.000557537	0.00164717
185	0.0963873	0.0121477	0.0841195	0.162701	0.00689068	0.0281671	0.0467804	0.00819008	0.0919226	0.0201197	0.012797	0.0596257	0.0112531	0.096542	0.0818803	0.0974279	0.0546821	0.0112898	0.00300509	0.0140713
186	0.0263818	0.00681408	0.00342168	0.00145483	0.0347512	0.00280783	0.00549483	0.285394	0.000524425	0.394763	0.047038	0.00314156	0.0083119	0.000731738	0.00145009	0.00646881	0.0120774	0.146432	0.00182116	0.0107194
187	0.072657	0.0155409	0.00971878	0.00868875	0.248048	0.0123092	0.0793459	0.031923	0.0108808	0.0561868	0.0225191	0.0168417	0.0477907	0.00945767	0.0129707	0.0287668	0.0197842	0.0243835	0.0874769	0.184709
188	0.150488	0.0770303	0.0120521	0.0110428	0.00285531	0.0100465	0.0218	0.0249017	0.00283063	0.014459	0.0251308	0.0697971	0.0956903	0.0216822	0.0046262	0.120025	0.209495	0.101982	0.00586189	0.0182028
189	0.0380919	0.00361041	0.00212693	0.00667129	0.0167871	0.00394644	0.00301906	0.353217	0.00285523	0.0211375	0.0449671	0.00249723	0.00445823	0.00245871	0.00328673	0.0265769	0.203798	0.256728	0.000827025	0.00293879
190	0.325213	0.0552734	0.00827168	0.00162513	0.00127612	0.0770053	0.00778689	0.00255536	0.0107538	0.0106216	0.0046168	0.0240745	0.00845269	0.00375701	0.0164489	0.376981	0.0282639	0.0348629	0.000585104	0.00157504
191	0.306541	0.0407596	0.00469704	0.0026035	0.00180793	0.0501507	0.00628147	0.00357828	0.00540271	0.00861558	0.00327133	0.0125365	0.0085708	0.00276367	0.00828925	0.484766	0.0252994	0.0210327	0.000708379	0.00232352
192	0.0289016	0.00238453	0.00241889	0.00392355	0.119422	0.00154184	0.00543849	0.2407	0.00124275	0.165971	0.0657282	0.00152577	0.00104771	0.00261861	0.0061729	0.0195498	0.030604	0.192141	0.000693761	0.107974
193	0.0299393	0.0110261	0.00339332	0.00229449	0.0302741	0.00265199	0.00488795	0.286336	0.00229813	0.328954	0.0601749	0.0032517	0.00478568	0.00277728	0.0020914	0.0123543	0.0126428	0.186972	0.00224532	0.0106498
