215	20
1	0.0441363	0.00834986	0.000549684	0.00232253	0.0535138	0.00909804	0.00500407	0.384491	0.000870838	0.16861	0.0748351	0.00081647	0.00517283	0.00131897	0.00759114	0.00386111	0.0430032	0.149021	0.0112306	0.0262034
2	0.0464446	0.00608246	0.0133821	0.0322034	0.00522092	0.0211277	0.068371	0.00793597	0.0449158	0.0217959	0.00759942	0.070579	0.193559	0.0232299	0.0304451	0.318924	0.0406138	0.0145862	0.00360975	0.029374
3	0.0892163	0.0412054	0.000775382	0.00901736	0.0220344	0.00283336	0.00831518	0.220785	0.00429683	0.0683443	0.0534486	0.00412461	0.012217	0.0105161	0.00421436	0.0544149	0.155382	0.232333	0.00226892	0.00425703
4	0.00873364	0.00624503	0.00118483	0.0031588	0.316869	0.00671656	0.0287698	0.0140135	0.00161244	0.0578723	0.0146543	0.00143108	0.00241838	0.00340437	0.00233778	0.00785266	0.00278763	0.00749397	0.0615788	0.450865
5	0.0273995	0.00455157	0.00880022	0.0300622	0.00492329	0.00913819	0.048283	0.014044	0.182503	0.0256682	0.00732858	0.0243848	0.00724134	0.0663548	0.391685	0.085891	0.0440504	0.0118142	0.00139761	0.00447879
6	0.0269078	0.00158067	0.0473518	0.217799	0.00960666	0.00249115	0.0317316	0.0589809	0.0556101	0.11738	0.0428942	0.0165047	0.00160669	0.0539046	0.0103595	0.0113445	0.166213	0.125503	0.000502609	0.00172753
7	0.0872172	0.0245791	0.00220626	0.00721165	0.0169051	0.0337958	0.00718007	0.193523	0.00506772	0.238889	0.0265333	0.00416001	0.00425821	0.0107249	0.0178619	0.0386445	0.0404778	0.21795	0.0150366	0.00777869
8	0.022607	0.00520593	0.00135567	0.0186948	0.0106186	0.0182512	0.00609426	0.195725	0.0147408	0.29101	0.0173057	0.00845566	0.00149363	0.0253663	0.0356779	0.0106649	0.0379473	0.273378	0.00154071	0.00386668
9	0.0613852	0.00668308	0.0212704	0.0777393	0.00409224	0.0296969	0.0134013	0.0143114	0.345337	0.00712484	0.0120207	0.0406422	0.000969894	0.0741055	0.219487	0.0417114	0.016782	0.00421375	0.00454746	0.00447831
10	0.047872	0.00953672	0.00061776	0.00235205	0.0529989	0.0119251	0.00510001	0.359054	0.000927836	0.171587	0.0986281	0.00110966	0.00529621	0.00152239	0.00695775	0.00565525	0.0415718	0.140527	0.0118998	0.02486
11	0.0730545	0.0241623	0.100922	0.0310365	0.0141291	0.0304578	0.0274931	0.0127894	0.0599102	0.0293861	0.00443852	0.128081	0.00203204	0.0778798	0.0147023	0.147311	0.157231	0.0588222	0.0006814	0.00547956
12	0.0461891	0.0545477	0.00344308	0.0069384	0.0722173	0.0121048	0.0145155	0.188605	0.00782818	0.162676	0.165356	0.00967332	0.00990489	0.0135397	0.0130221	0.0257044	0.0554854	0.10604	0.00408142	0.0281282
13	0.0303059	0.00661963	0.000816535	0.0112052	0.00679543	0.0178104	0.00658006	0.214551	0.00698274	0.262113	0.0232541	0.00374521	0.000819565	0.0209256	0.0359785	0.0128595	0.026522	0.305937	0.00190315	0.00427535
14	0.0344281	0.00467946	0.00369459	0.0477399	0.0580097	0.0225668	0.0267795	0.00615032	0.113173	0.0723856	0.0222779	0.00574905	0.00361204	0.127014	0.0716724	0.0796798	0.248282	0.0270988	0.00134193	0.023665
15	0.0721044	0.0297051	0.000822223	0.00827011	0.0312125	0.00601127	0.0111805	0.234699	0.00439037	0.118865	0.0538495	0.0037291	0.00934525	0.00922837	0.00728481	0.0461306	0.130388	0.209579	0.00444805	0.00875698
16	0.0485088	0.00383341	0.0150289	0.0618056	0.00296922	0.0210549	0.0544227	0.00476802	0.0624002	0.0182031	0.00444723	0.062123	0.0957708	0.0618022	0.0582018	0.347173	0.0627896	0.00697719	0.00174402	0.00597618
17	0.101713	0.0362873	0.00136093	0.0179702	0.00929354	0.0022942	0.00758485	0.212209	0.0085942	0.0544638	0.0499344	0.00639944	0.00925481	0.0143006	0.0061884	0.072753	0.187983	0.199285	0.000551487	0.00157805
18	0.0480903	0.0110796	0.000517386	0.0022793	0.0682883	0.00953523	0.00555916	0.332636	0.000928651	0.180872	0.0776551	0.000990723	0.00630849	0.00174813	0.00667212	0.00679221	0.0483963	0.149588	0.0130489	0.0290142
19	0.0153818	0.0102852	0.628395	0.105326	0.00328423	0.0815193	0.012526	0.00484674	0.00863352	0.00859411	0.00695327	0.0139705	0.0052407	0.0227678	0.014577	0.028491	0.0111063	0.0104443	0.000563256	0.00709336
20	0.0876664	0.013172	0.042088	0.0922943	0.00501442	0.00982959	0.0486832	0.0215482	0.149283	0.0248386	0.0109493	0.0892426	0.00226522	0.0702685	0.0522115	0.122387	0.0926483	0.0591982	0.000439622	0.00597289
21	0.0445866	0.00840029	0.000517691	0.00244378	0.0541357	0.00915674	0.00520517	0.378803	0.000850981	0.170464	0.0714211	0.000801398	0.00520081	0.00150338	0.00799183	0.00425743	0.0433982	0.154085	0.0110532	0.0257249
22	0.0158254	0.0109468	0.00104639	0.00555833	0.182439	0.00215639	0.00269391	0.047523	0.0024453	0.440722	0.153163	0.00171929	0.00852645	0.0132686	0.00670595	0.00317303	0.0184448	0.032165	0.011816	0.0396616
23	0.0567142	0.00505646	0.00424301	0.011239	0.126562	0.0109307	0.0582886	0.0622437	0.0065873	0.0864696	0.0666951	0.0799484	0.00722388	0.0410297	0.0178148	0.04202	0.0254328	0.0594374	0.00383575	0.228227
24	0.0706151	0.00207546	0.20976	0.196955	0.00216619	0.0376354	0.0256197	0.00683436	0.0391706	0.0191272	0.0182346	0.0754698	0.0112253	0.0965521	0.0338867	0.103696	0.0355454	0.010906	0.000528017	0.00399846
25	0.137009	0.0138261	0.0056108	0.0135315	0.00958673	0.0156921	0.0154422	0.0962943	0.0128101	0.0988785	0.014102	0.0142234	0.0810772	0.0149259	0.049235	0.215743	0.0352811	0.143694	0.00255604	0.0104801
26	0.0614906	0.00981136	0.0742587	0.147398	0.0311409	0.0173334	0.0348399	0.0209861	0.0636487	0.0389497	0.0243018	0.0413773	0.0222989	0.144138	0.045673	0.0593763	0.0449206	0.024239	0.0139041	0.0799127
27	0.0213499	0.0038167	0.0122178	0.0155848	0.00638123	0.0113709	0.023061	0.0173613	0.174741	0.0185525	0.00813617	0.012713	0.00774437	0.0358688	0.572362	0.0257698	0.0159951	0.00961055	0.00159651	0.00576648
28	0.0431459	0.0158839	0.0148602	0.0207675	0.0210764	0.0237642	0.229696	0.0930838	0.0195669	0.0390699	0.0895366	0.0250243	0.0159891	0.189219	0.0266381	0.0429038	0.0323412	0.029095	0.0055442	0.0227935
29	0.182866	0.0234882	0.0242531	0.0115923	0.0160296	0.37935	0.0164548	0.0222873	0.0181028	0.0275196	0.0147511	0.0245464	0.0292075	0.0145908	0.0247335	0.0903909	0.0424527	0.0265598	0.00261802	0.00820558
30	0.0281117	0.00651874	0.00751489	0.0148612	0.00708741	0.0192094	0.0339122	0.046482	0.156661	0.108345	0.0141099	0.043674	0.0077689	0.0303728	0.320759	0.0859639	0.0396345	0.018038	0.00240653	0.0085692
31	0.0362573	0.00723428	0.000939386	0.00611252	0.066448	0.00822695	0.00912085	0.357154	0.00194661	0.191941	0.0535824	0.00180892	0.00451305	0.00369536	0.00993938	0.0058453	0.0359199	0.171963	0.00872639	0.0186258
32	0.0679089	0.00945205	0.015991	0.0386955	0.00922677	0.0299644	0.0392042	0.0122299	0.0342822	0.0277163	0.00965156	0.0444257	0.121546	0.030068	0.0349851	0.356838	0.080548	0.0192927	0.00649614	0.0114776
33	0.0327253	0.0200166	0.00443053	0.00874976	0.264031	0.015418	0.0237395	0.0524685	0.00751719	0.131676	0.050642	0.00730794	0.00751441	0.0115261	0.0113308	0.0205516	0.0294094	0.0312886	0.035697	0.23396
34	0.0452614	0.00779752	0.00389931	0.00792858	0.162906	0.010706	0.0856308	0.0528329	0.00516612	0.0640406	0.0516087	0.025091	0.00633561	0.0201469	0.0148213	0.0228042	0.0156594	0.0286414	0.0249278	0.343794
35	0.0202846	0.00874054	0.00285226	0.00351283	0.0148386	0.0034133	0.00383398	0.0939325	0.00580953	0.455806	0.279349	0.00519549	0.00141428	0.00954566	0.0199732	0.00807455	0.00789524	0.0537652	0.000438916	0.00132436
36	0.104715	0.00526204	0.00285134	0.0369633	0.264985	0.0221609	0.0256182	0.0285472	0.00550653	0.0722667	0.0275876	0.0281885	0.00335325	0.0559965	0.0408099	0.0280125	0.116267	0.0301439	0.00165662	0.0991073
37	0.119715	0.101249	0.0178696	0.011611	0.0133271	0.335194	0.0195662	0.0319282	0.0178789	0.0402462	0.0142746	0.025511	0.0230756	0.0136562	0.0203088	0.0814271	0.0524991	0.0479149	0.00321365	0.0095331
38	0.0636011	0.00856036	0.0596996	0.165158	0.00822194	0.029646	0.0246766	0.0184812	0.160737	0.0314027	0.0161861	0.0448494	0.0162754	0.0746298	0.138332	0.0695051	0.0365587	0.0190469	0.00324767	0.011185
39	0.0462639	0.00313083	0.162187	0.217331	0.00411123	0.0163523	0.0213542	0.0162652	0.0532591	0.0335164	0.0230228	0.0534134	0.0179776	0.126783	0.0281336	0.0667827	0.0765832	0.0248639	0.000859386	0.00780859
40	0.611693	0.0013673	0.000807282	0.00120175	0.011664	0.268725	0.00383208	0.00186873	0.00441522	0.00287524	0.0062506	0.0032032	0.00284499	0.00224848	0.00783335	0.0533694	0.00729464	0.00712086	0.000353975	0.00103068
41	0.140903	0.0459957	0.00179062	0.0169195	0.00730994	0.00338515	0.00690484	0.189414	0.00624175	0.068724	0.0467939	0.0106353	0.00766072	0.0161186	0.0115649	0.0825602	0.177441	0.157142	0.000703107	0.00179169
42	0.580736	0.00156008	0.000898115	0.0011951	0.0109706	0.295206	0.00405159	0.00192184	0.00442883	0.00296139	0.00669744	0.00353699	0.00310848	0.00250411	0.00783895	0.0552351	0.00874293	0.00703623	0.000344827	0.00102496
43	0.163652	0.0202095	0.0020306	0.00285293	0.0166203	0.0478663	0.00573933	0.012594	0.00581146	0.0101505	0.0168768	0.00701133	0.00796148	0.0137504	0.0260476	0.314587	0.246423	0.0745483	0.000733354	0.00453295
44	0.340764	0.0336882	0.00171344	0.001795	0.00359123	0.0630219	0.00471131	0.0189257	0.00307898	0.0148268	0.00485565	0.0104598	0.00372163	0.0036104	0.00739896	0.189095	0.147202	0.136474	0.000606267	0.0104591
45	0.13359	0.00517439	0.0117616	0.0367102	0.004567	0.0440304	0.0324465	0.00662305	0.0434059	0.0287762	0.00611448	0.0437352	0.121066	0.0252701	0.0292815	0.362942	0.045637	0.00908072	0.00224015	0.00754735
46	0.465454	0.00357689	0.00111661	0.00161074	0.00891217	0.22185	0.0113613	0.00332581	0.0115219	0.00503695	0.0108626	0.0100415	0.00373229	0.011881	0.0135921	0.177713	0.0126179	0.0239527	0.000442628	0.00139753
47	0.0133625	0.00639346	0.00145607	0.00548571	0.192219	0.00274483	0.00345333	0.0552515	0.00234303	0.450899	0.102406	0.00244297	0.01322	0.00925901	0.00976915	0.00466008	0.0204299	0.0389347	0.0367174	0.0285523
48	0.109178	0.00253216	0.18975	0.110439	0.00265172	0.0358813	0.0587862	0.00392305	0.0232227	0.0233546	0.0056982	0.111443	0.00185284	0.0425408	0.0385419	0.176497	0.0518398	0.00860355	0.000535461	0.00272873
49	0.0770329	0.029104	0.000846918	0.00305519	0.0304904	0.00302296	0.00457788	0.239543	0.00247654	0.0761705	0.0368773	0.00243477	0.00649757	0.00404622	0.00288553	0.0361709	0.0596925	0.377564	0.00310953	0.00440112
50	0.0203548	0.0304148	0.00106283	0.00395524	0.230847	0.00299364	0.0028635	0.0925326	0.00210209	0.313761	0.144947	0.00195436	0.00537794	0.00594587	0.00466889	0.00389639	0.0354047	0.0241181	0.00890771	0.0638913
51	0.0209771	0.00989977	0.00252911	0.0031214	0.0323546	0.00420054	0.00592558	0.0671568	0.0070572	0.49138	0.232026	0.00338276	0.00172	0.0153294	0.0213531	0.00601268	0.0125003	0.0587688	0.00071508	0.00358984
52	0.0155658	0.00629376	0.00590736	0.025854	0.122437	0.0085659	0.0583057	0.0130505	0.00598925	0.0510348	0.0350892	0.00742997	0.0269745	0.0323862	0.00784554	0.0363186	0.0102343	0.0119167	0.15266	0.36614
53	0.0630437	0.00668793	0.0371678	0.0926407	0.00876444	0.0221478	0.0654991	0.014427	0.0998242	0.0287438	0.0116675	0.0524659	0.0431337	0.0508429	0.13684	0.181982	0.0530985	0.0182568	0.00312145	0.00964459
54	0.00803006	0.0109487	0.645269	0.0688344	0.00260482	0.177874	0.00799867	0.00405161	0.00359281	0.00576462	0.00422541	0.00277599	0.00382274	0.00357158	0.0108224	0.0184023	0.0048845	0.00938049	0.000610756	0.00653542
55	0.00876654	0.00656259	0.00121022	0.00313487	0.312797	0.00681509	0.0302296	0.0137081	0.00160728	0.0584545	0.0147358	0.00164906	0.00236233	0.00345904	0.00272681	0.00774107	0.00275355	0.00766385	0.0600428	0.453579
56	0.0243561	0.00325099	0.0329728	0.0227997	0.00284207	0.0204167	0.0271456	0.0096929	0.0167386	0.0106236	0.00369541	0.0414565	0.119308	0.0138996	0.061795	0.229872	0.347977	0.00507367	0.00209628	0.00398748
57	0.0519651	0.0118469	0.000595472	0.00223424	0.0563948	0.00991785	0.00561612	0.346924	0.000925136	0.169328	0.0746159	0.000876596	0.00687807	0.00145356	0.00652052	0.00736111	0.0512633	0.155386	0.0117122	0.0281852
58	0.0446322	0.00148414	0.225743	0.249543	0.00190201	0.011167	0.015312	0.00986752	0.036102	0.0142848	0.0265945	0.0454374	0.0294222	0.176165	0.0163178	0.0553705	0.0255386	0.00515646	0.00076334	0.00919637
59	0.043123	0.0015321	0.223023	0.236038	0.00222846	0.00939725	0.0190145	0.00906422	0.0342663	0.0146015	0.0285005	0.0496694	0.0282195	0.194053	0.0137151	0.054126	0.0227018	0.00473034	0.000805554	0.0111905
60	0.0497815	0.019189	0.000662487	0.00234921	0.101542	0.0110401	0.00581481	0.307011	0.00107823	0.160923	0.0853186	0.00118986	0.00566675	0.00194383	0.00567186	0.00766109	0.0508372	0.135861	0.0105834	0.0358757
61	0.0937673	0.041865	0.000805828	0.00957553	0.0196465	0.00285929	0.00929389	0.215311	0.00456919	0.0714728	0.0537692	0.00476303	0.0107686	0.0102147	0.00503263	0.0555493	0.154322	0.230292	0.00224421	0.00387826
62	0.116265	0.00544305	0.172304	0.0710157	0.00276065	0.0255861	0.0846232	0.00402436	0.0143431	0.0165878	0.00527373	0.164678	0.00287401	0.0408567	0.0329308	0.195421	0.033055	0.0065554	0.000903928	0.00449825
63	0.061437	0.014402	0.0368075	0.0546133	0.0192719	0.0292276	0.12369	0.0405913	0.0501751	0.0460552	0.0346242	0.0360929	0.0273337	0.185222	0.0510801	0.070467	0.0488148	0.0365365	0.0061989	0.0273584
64	0.0247645	0.0374389	0.00325241	0.00426589	0.0306683	0.00465955	0.00551019	0.0661022	0.00683396	0.503218	0.187311	0.00469996	0.00306245	0.0108365	0.0175142	0.00890054	0.0113196	0.0629349	0.00188565	0.00482101
65	0.020779	0.081429	0.00242184	0.00435036	0.270218	0.00652954	0.00577478	0.112182	0.00414986	0.165124	0.129318	0.00433858	0.00332709	0.00578917	0.00606568	0.00931676	0.0637912	0.0147875	0.0022053	0.0881013
66	0.194961	0.0236408	0.00211375	0.00271465	0.00424602	0.44234	0.0168079	0.0109821	0.0072662	0.0180208	0.00538575	0.0293211	0.00682421	0.00909783	0.00931811	0.150322	0.0524571	0.0110616	0.00085101	0.0022672
67	0.0441201	0.00775514	0.0259116	0.0208062	0.00903972	0.019341	0.0142695	0.0128635	0.0116127	0.0204893	0.0070063	0.104267	0.0495155	0.013772	0.0487538	0.118016	0.450218	0.0138774	0.00151856	0.00684692
68	0.126079	0.0258147	0.0254469	0.107826	0.00223464	0.00372399	0.0650097	0.0331921	0.158205	0.0205993	0.0225965	0.0377323	0.00191937	0.0485604	0.0853205	0.0804181	0.0643772	0.086025	0.000561504	0.00435701
69	0.0341199	0.0169486	0.148102	0.113447	0.0538972	0.032873	0.0666713	0.00482229	0.103091	0.172941	0.0176923	0.0960106	0.0027632	0.00445409	0.00548938	0.0702527	0.00632946	0.00662717	0.00104198	0.0424249
70	0.00646918	0.0122701	0.704877	0.0805803	0.00250736	0.108637	0.00885737	0.00379799	0.00290817	0.00597825	0.0038821	0.00267365	0.00186015	0.0034374	0.0123664	0.0172309	0.00464361	0.00966631	0.000560823	0.00679629
71	0.0365277	0.0280479	0.0287593	0.0693253	0.0296101	0.0483501	0.0325575	0.0659775	0.0902526	0.155386	0.0175051	0.0446432	0.136396	0.0453568	0.0350369	0.00897386	0.031176	0.0421473	0.0011091	0.0528618
72	0.172661	0.0594864	0.00292226	0.00330696	0.00537718	0.341643	0.0118833	0.022739	0.00680733	0.0416306	0.00832745	0.0442419	0.00654592	0.00808119	0.00904595	0.141558	0.0852124	0.0241443	0.00118491	0.0032013
73	0.0450565	0.0101583	0.00967398	0.0399458	0.00512847	0.0527917	0.0311683	0.01465	0.319349	0.0388509	0.0269845	0.0268065	0.00470111	0.0488805	0.235943	0.0356908	0.0210406	0.0100493	0.0171931	0.00593752
74	0.296979	0.014472	0.00621643	0.00751053	0.0131788	0.339075	0.0126013	0.0201177	0.0141569	0.0199228	0.0122523	0.0134478	0.0763734	0.0108821	0.0171376	0.0694048	0.0257804	0.0234371	0.00150638	0.00554816
75	0.00347637	0.00133404	0.00679956	0.00157544	0.00145922	0.0018093	0.0181599	0.014325	0.184091	0.00425941	0.00169779	0.00186625	0.00267602	0.0313547	0.703846	0.00958906	0.00658187	0.00269829	0.000427413	0.00197393
76	0.0782943	0.0131294	0.0483393	0.0498631	0.0150314	0.0891655	0.0315338	0.0230353	0.0334415	0.035186	0.0641144	0.093537	0.0177107	0.134839	0.0330874	0.15359	0.0421371	0.0268333	0.00367672	0.0134546
77	0.0257556	0.0240362	0.00160235	0.00385122	0.156508	0.00536827	0.0057171	0.162402	0.00312367	0.281094	0.153546	0.0034873	0.00552303	0.00603503	0.00834043	0.00657016	0.0336794	0.0580996	0.00828782	0.0469723
78	0.0826746	0.0303769	0.0161756	0.0334131	0.0132716	0.0226827	0.027555	0.0123097	0.0676677	0.0201673	0.0114749	0.0346108	0.0269879	0.0554638	0.0539901	0.299387	0.156805	0.0283078	0.0012263	0.00545198
79	0.233578	0.0325852	0.00477833	0.00533403	0.00898749	0.0388438	0.00782838	0.0338469	0.00739842	0.0156445	0.010256	0.0103873	0.00738968	0.00860565	0.0111159	0.211701	0.192967	0.148117	0.000849135	0.00978613
80	0.0186344	0.00579416	0.0395085	0.00776015	0.00587238	0.0145589	0.0144274	0.0334393	0.00698608	0.0137042	0.00835427	0.0434056	0.167279	0.00818632	0.0379477	0.0750063	0.48003	0.0109984	0.00206598	0.00604152
81	0.0208975	0.0081727	0.00535968	0.00897042	0.0521024	0.00728006	0.00621287	0.139041	0.00849311	0.476232	0.0974126	0.00518024	0.0235741	0.00865628	0.0146996	0.0122637	0.0185328	0.0634895	0.00906436	0.0143649
82	0.517025	0.00560156	0.0010632	0.00159525	0.00922981	0.309909	0.00604422	0.00348043	0.00447385	0.0059225	0.00597335	0.00786444	0.00372203	0.00273906	0.0109902	0.0632833	0.0318349	0.00739978	0.000505244	0.00134282
83	0.067904	0.0370524	0.021916	0.0166648	0.0197871	0.0244436	0.0375203	0.0201547	0.0267469	0.0206604	0.0118589	0.0326257	0.0123385	0.0537754	0.0213067	0.190384	0.312379	0.0638173	0.00262423	0.00604004
84	0.0872074	0.00878552	0.0236919	0.0876822	0.0113444	0.0215616	0.0280066	0.0143218	0.211972	0.0301442	0.0165602	0.0413639	0.00497081	0.0981611	0.114539	0.0709853	0.0855033	0.0278359	0.00309751	0.0122653
85	0.386232	0.0360143	0.000847816	0.00129481	0.00326548	0.0226859	0.00545208	0.0253545	0.00152487	0.00492174	0.00345488	0.00301569	0.00456535	0.00166988	0.00322789	0.12794	0.170201	0.178869	0.000426397	0.0190366
86	0.596562	0.00157313	0.000871804	0.00119604	0.0120617	0.274545	0.00439817	0.00200287	0.00447199	0.00302994	0.0062097	0.00364896	0.00292918	0.00281668	0.00802472	0.0591483	0.00778312	0.00732368	0.000377179	0.00102663
87	0.0107728	0.00791856	0.00125583	0.00372402	0.313674	0.00747325	0.0292891	0.0183452	0.00201156	0.0607679	0.0193229	0.0029793	0.00248884	0.00457452	0.00333944	0.00838729	0.006187	0.00862083	0.0574068	0.431461
88	0.44211	0.00180735	0.0013692	0.00181288	0.00878381	0.192885	0.00812262	0.00309933	0.0143719	0.00427083	0.0148292	0.00851588	0.00312405	0.0184457	0.0174488	0.224671	0.00744458	0.0250826	0.000490185	0.00131564
89	0.0154738	0.00735187	0.00106923	0.00769566	0.201717	0.00207584	0.00239117	0.0409067	0.00223557	0.446244	0.129967	0.00184302	0.0115657	0.018346	0.00605735	0.00342179	0.0160884	0.0292515	0.0151194	0.0411782
90	0.0378759	0.00943688	0.0117005	0.021731	0.00935079	0.02272	0.0319421	0.0182341	0.185436	0.0444756	0.0176646	0.0226156	0.0459408	0.0350205	0.33364	0.0457433	0.0725575	0.0187159	0.00528124	0.00991712
91	0.0160832	0.00754915	0.00305921	0.00355005	0.0163125	0.0130132	0.00634938	0.0727371	0.00790307	0.45323	0.193047	0.00363143	0.00228282	0.0339668	0.0652567	0.00847761	0.0178748	0.0658527	0.000672777	0.00915029
92	0.0570093	0.177867	0.00120065	0.00212413	0.0073481	0.0137747	0.00310763	0.224045	0.00297095	0.0402634	0.0215062	0.00299072	0.0175717	0.00259258	0.00340623	0.0244615	0.0233912	0.372068	0.000622317	0.00167942
93	0.317908	0.0388539	0.000837696	0.00142669	0.0042485	0.0200264	0.00727199	0.0327053	0.00168122	0.00462899	0.00460063	0.00319629	0.00617707	0.00193871	0.0038883	0.134468	0.204678	0.195785	0.000490043	0.0151887
94	0.0656743	0.0342414	0.000828359	0.00135146	0.0159222	0.00171059	0.00231781	0.231629	0.00230533	0.0684137	0.0362489	0.0028674	0.00588631	0.00197051	0.00204836	0.0229901	0.0373579	0.463138	0.00130472	0.00179372
95	0.243161	0.081403	0.00222848	0.00368406	0.0204652	0.0102015	0.0074677	0.0249305	0.00652346	0.0116189	0.0186887	0.00431096	0.00552679	0.0046993	0.00817464	0.0604007	0.241658	0.2342	0.00126807	0.00938953
96	0.00871063	0.00617336	0.00117019	0.00315591	0.31701	0.00671583	0.0286702	0.0138402	0.00160543	0.0576477	0.0146362	0.00139751	0.00242876	0.00342325	0.0023428	0.00787513	0.00254375	0.00746284	0.0618324	0.451358
97	0.0200632	0.0772427	0.00236526	0.00406957	0.26744	0.00610974	0.00544759	0.114647	0.00388852	0.17668	0.131819	0.00392966	0.0032372	0.00511566	0.00565798	0.00831063	0.0618839	0.016912	0.00246705	0.0827135
98	0.101504	0.0236254	0.0168671	0.0203359	0.0911246	0.194173	0.0271139	0.0322766	0.0369424	0.0501637	0.0267251	0.022875	0.0288416	0.0299049	0.113739	0.0617826	0.0512664	0.0345125	0.00575009	0.0304766
99	0.0080217	0.00971331	0.678097	0.115938	0.00289029	0.0849872	0.00902606	0.00387588	0.00394641	0.00632678	0.00491808	0.00462226	0.00314949	0.00875856	0.015413	0.0177067	0.00583892	0.00971588	0.000770803	0.00628407
100	0.0746571	0.027063	0.0149574	0.020107	0.0201267	0.301176	0.0211652	0.0878907	0.026029	0.0502336	0.0203786	0.0213627	0.128141	0.0197319	0.0236599	0.0431645	0.0343599	0.0464972	0.00358727	0.0157113
101	0.398041	0.0383526	0.00100251	0.00146565	0.00361388	0.0459207	0.00460343	0.019202	0.00206016	0.00914884	0.00460761	0.00647371	0.00382942	0.00222134	0.00562418	0.155523	0.144024	0.140563	0.000444795	0.0132769
102	0.160707	0.0197974	0.00202282	0.00287753	0.0172643	0.0411361	0.00582062	0.0102013	0.00511502	0.00895335	0.0103157	0.00665286	0.00834397	0.0123651	0.0238287	0.319804	0.272417	0.0679989	0.000725857	0.00365174
103	0.0692257	0.0190669	0.0251728	0.0349551	0.017094	0.0311757	0.0329046	0.102127	0.0377291	0.0497912	0.0308871	0.0328844	0.0273562	0.0948953	0.0401596	0.209113	0.064621	0.0543873	0.00771393	0.0187397
104	0.0476072	0.00665511	0.0249077	0.0855518	0.00668076	0.0239279	0.0422428	0.0115059	0.0426257	0.0253932	0.00880088	0.0487784	0.107495	0.0400912	0.0680564	0.28211	0.102465	0.0130066	0.00290301	0.00919501
105	0.0758295	0.0418272	0.012125	0.0155962	0.0156169	0.310242	0.021423	0.046883	0.0237995	0.0456024	0.0189152	0.0197183	0.11885	0.0181895	0.025586	0.0510203	0.0327527	0.0887805	0.00254684	0.0146958
106	0.014851	0.0100554	0.64561	0.0863504	0.0029552	0.0921207	0.0131033	0.00505075	0.00836147	0.0102733	0.00537636	0.0137413	0.00294624	0.0127511	0.0146311	0.0285474	0.0138395	0.0113293	0.00105852	0.00704727
107	0.233896	0.0957306	0.00580531	0.00888122	0.149525	0.0234826	0.0134203	0.0587252	0.00995029	0.0336012	0.0219115	0.0110869	0.00953842	0.0116549	0.0494361	0.0443701	0.105423	0.0986861	0.00329961	0.0115755
108	0.0529342	0.0134863	0.0138294	0.0228336	0.0196545	0.0231911	0.143903	0.0299002	0.0238982	0.0479811	0.0218377	0.0348276	0.121839	0.0259553	0.0325164	0.143514	0.0350798	0.0892214	0.0110443	0.0925525
109	0.465089	0.00205325	0.00124975	0.00154754	0.010627	0.204452	0.00807713	0.00322549	0.0121545	0.00411934	0.0123875	0.00795192	0.00286194	0.0139005	0.0173846	0.194441	0.00938717	0.0273807	0.00047392	0.0012351
110	0.608	0.00154407	0.000784148	0.00119316	0.0117159	0.27165	0.00388124	0.00181225	0.00437136	0.00294092	0.00628026	0.00332811	0.00279119	0.00217306	0.0078583	0.0532587	0.0080782	0.00696749	0.000358946	0.00101212
111	0.0158017	0.013329	0.00133023	0.0040829	0.136534	0.00270707	0.0037019	0.0446692	0.0037445	0.469645	0.173435	0.0019097	0.00594969	0.0121794	0.0104105	0.00331076	0.0183708	0.0456178	0.0089123	0.0243582
112	0.141032	0.0111657	0.0363686	0.0435679	0.00886716	0.10561	0.0274234	0.0146573	0.0975386	0.0291217	0.011277	0.0958629	0.0237347	0.04121	0.0554022	0.175108	0.0486183	0.0231561	0.00202481	0.00825356
113	0.0233288	0.0544554	0.00164386	0.0031312	0.215732	0.00601119	0.00468881	0.177249	0.00289433	0.185454	0.149844	0.00310747	0.00367279	0.00407018	0.0060497	0.00632753	0.0480884	0.0389446	0.00400936	0.0612974
114	0.501674	0.00225138	0.00108395	0.0018299	0.00849086	0.198693	0.00728375	0.00345135	0.0147744	0.00487697	0.0106872	0.0112417	0.00543836	0.0120824	0.0125975	0.172766	0.00939491	0.0196178	0.000454178	0.00131077
115	0.282782	0.00496432	0.00321032	0.00594197	0.00776946	0.127808	0.00996295	0.00562797	0.0155356	0.00896259	0.0244171	0.01298	0.0114616	0.0316736	0.0196235	0.365795	0.0326197	0.0246253	0.00130095	0.00293844
116	0.10659	0.0273906	0.00422952	0.00798594	0.0141509	0.0093516	0.00982021	0.0812913	0.0312269	0.0611257	0.0264333	0.00896415	0.00766985	0.00857634	0.0103081	0.0243212	0.13869	0.413763	0.00227699	0.00583378
117	0.0439169	0.00600077	0.00463443	0.00781869	0.00872919	0.0101619	0.0923919	0.00972534	0.0439901	0.202372	0.044703	0.00904857	0.0367936	0.0124663	0.160755	0.0453197	0.164322	0.0611754	0.00212943	0.0335448
118	0.0528518	0.00166297	0.090326	0.244311	0.00202616	0.0392943	0.00450761	0.0119249	0.179972	0.0238159	0.0109265	0.0593577	0.00171439	0.093513	0.105186	0.0528841	0.0195111	0.00353595	0.000675127	0.00200344
119	0.265861	0.054438	0.00137162	0.00203675	0.00307637	0.0652224	0.00468119	0.0218879	0.0028977	0.0121627	0.00519316	0.013767	0.00401157	0.00313348	0.0066344	0.212269	0.147989	0.164061	0.00065398	0.00865224
120	0.0566532	0.0095266	0.0425231	0.0444101	0.0108602	0.0157339	0.0944453	0.021905	0.0455752	0.117144	0.0271354	0.0732493	0.147156	0.0760003	0.0800164	0.0536035	0.0362105	0.0206056	0.0113451	0.0159013
121	0.0835832	0.0458106	0.000753282	0.0081126	0.0113561	0.00136884	0.00649828	0.211152	0.00434945	0.0570892	0.0498835	0.00433391	0.0129302	0.00913926	0.00382124	0.049387	0.143998	0.294843	0.000521292	0.0010695
122	0.0260797	0.00528367	0.000952884	0.00870049	0.0105131	0.0163162	0.00644742	0.250396	0.00629374	0.251704	0.0354016	0.00307584	0.00110476	0.0218991	0.0371314	0.0117698	0.0221372	0.272235	0.00184926	0.0107091
123	0.0235236	0.00886937	0.00288323	0.00556097	0.31206	0.00781522	0.0266854	0.0199379	0.00337493	0.0813926	0.0235541	0.00478126	0.00518362	0.00872832	0.00626588	0.019522	0.0109453	0.0133905	0.0609601	0.354566
124	0.0348191	0.00742174	0.000904205	0.00918745	0.0847217	0.00840977	0.00834661	0.345039	0.00242363	0.190876	0.0489228	0.00223942	0.00431725	0.00442845	0.0102857	0.00599763	0.0341776	0.173079	0.0074569	0.0169461
125	0.0768422	0.337947	0.00309573	0.00515717	0.0054368	0.0481276	0.00611629	0.143593	0.00548713	0.0162511	0.00652763	0.00532329	0.0291643	0.00648787	0.00793005	0.0469693	0.0136814	0.230041	0.00142958	0.00439127
126	0.0178478	0.00326471	0.0101085	0.0206269	0.00251263	0.00859821	0.0197403	0.0142684	0.213497	0.0079178	0.00504142	0.0114057	0.00271199	0.0478878	0.571139	0.0228152	0.0124976	0.00359833	0.00158987	0.00293077
127	0.0677919	0.0174187	0.0535026	0.0473173	0.010058	0.033995	0.0634767	0.0172821	0.0450498	0.0359462	0.012969	0.173155	0.0325219	0.0404691	0.0396221	0.196623	0.068972	0.0236827	0.00280039	0.0173466
128	0.110151	0.0245441	0.0294825	0.0309085	0.0157355	0.17817	0.0373783	0.0255599	0.0412345	0.0419455	0.019174	0.151604	0.0212037	0.0319291	0.0375549	0.101099	0.056412	0.0274542	0.00369584	0.0147624
129	0.0570118	0.0715781	0.0236142	0.0273199	0.0192719	0.188436	0.0794542	0.0295118	0.0984947	0.114673	0.0206546	0.033951	0.0300319	0.024488	0.0438454	0.0483325	0.0351834	0.0280688	0.00541651	0.0206622
130	0.00871063	0.00617336	0.00117019	0.00315591	0.31701	0.00671583	0.0286702	0.0138402	0.00160543	0.0576477	0.0146362	0.00139751	0.00242876	0.00342325	0.0023428	0.00787513	0.00254375	0.00746284	0.0618324	0.451358
131	0.28138	0.0157579	0.0235476	0.0307779	0.016218	0.0823761	0.0727281	0.0274541	0.0349181	0.0376976	0.024457	0.0305614	0.0229458	0.0280813	0.037614	0.104954	0.0546594	0.0458282	0.00595407	0.0220901
132	0.0758044	0.0256649	0.0193217	0.0151259	0.0289081	0.131011	0.0189854	0.210685	0.020851	0.104295	0.0417574	0.0177614	0.0288759	0.0186882	0.0283642	0.0445038	0.0447344	0.0996914	0.00722831	0.0177423
133	0.122439	0.0188064	0.0211865	0.0312528	0.0125061	0.0630842	0.0291102	0.0217573	0.0289852	0.0319841	0.0149195	0.0417153	0.0474097	0.0286266	0.0311876	0.301092	0.0972356	0.0411268	0.00450741	0.0110676
134	0.0381424	0.0113874	0.0270327	0.0150407	0.0135057	0.0269081	0.0202619	0.0274012	0.012364	0.0291163	0.0145575	0.0336664	0.11866	0.0137179	0.0410585	0.117941	0.407029	0.0209528	0.00335192	0.00790482
135	0.0547904	0.00388953	0.0141976	0.0396053	0.0030835	0.0232448	0.0602622	0.00482262	0.0385506	0.0180606	0.00493354	0.070635	0.173669	0.0261882	0.032068	0.362164	0.0466991	0.0077202	0.00144138	0.0139749
136	0.302369	0.0397751	0.000840328	0.00169699	0.00431445	0.0200163	0.0068912	0.037345	0.00172317	0.00559589	0.00512082	0.00349942	0.00693991	0.00209978	0.004129	0.138603	0.208604	0.19594	0.00043367	0.0140621
137	0.0821011	0.0182391	0.00363075	0.0347144	0.00482783	0.00769856	0.0203323	0.15782	0.0214455	0.0852315	0.0187885	0.0190381	0.241985	0.0222481	0.0363809	0.0641061	0.0216454	0.119466	0.00113853	0.019163
138	0.574305	0.00206661	0.000784792	0.00121239	0.0109623	0.290237	0.0041765	0.00194664	0.00484173	0.00308487	0.00775097	0.00399454	0.00316328	0.00309534	0.00823128	0.06219	0.00893579	0.00767376	0.000362493	0.000984274
139	0.0098393	0.00922259	0.00117859	0.00335433	0.309758	0.00657967	0.0280948	0.0195951	0.00181769	0.0731051	0.0227594	0.00192757	0.00258713	0.00383071	0.00306141	0.00778059	0.00592064	0.00852262	0.0567718	0.424293
140	0.240462	0.0130394	0.0143891	0.0241226	0.0127636	0.276409	0.0161921	0.0160502	0.080795	0.0247804	0.0136775	0.0242503	0.0232634	0.023178	0.0431021	0.0953858	0.0274594	0.0229482	0.0020925	0.0056393
141	0.0241886	0.00579964	0.00162327	0.00300173	0.0345334	0.0075555	0.00471496	0.466167	0.00242417	0.1247	0.167211	0.00268162	0.00348125	0.00361778	0.00760385	0.00551656	0.0206087	0.0863541	0.00591671	0.0223
142	0.0806551	0.00341609	0.0838633	0.0629489	0.00388087	0.00589823	0.118807	0.00615891	0.046794	0.0717934	0.0386248	0.0677318	0.170632	0.0599329	0.0672449	0.043976	0.0365941	0.0060011	0.0208599	0.00418683
143	0.269969	0.0330517	0.00109539	0.00177929	0.00423913	0.0738102	0.00472891	0.0218287	0.00331713	0.01123	0.00586362	0.0099574	0.00362528	0.00421317	0.00849465	0.235049	0.156496	0.143199	0.000570814	0.00748045
144	0.0456454	0.00836471	0.000485907	0.00294838	0.0527137	0.00896179	0.00533234	0.366088	0.00101595	0.176336	0.0664217	0.000879878	0.00514421	0.00214311	0.00834906	0.00511642	0.0435001	0.166929	0.0102918	0.0233327
145	0.0530053	0.00794373	0.0224915	0.06664	0.00622739	0.0429494	0.0254572	0.0174914	0.271635	0.0358253	0.0135593	0.0601224	0.0056944	0.0584894	0.209625	0.0579518	0.0244712	0.00969712	0.00466124	0.00606213
146	0.0665031	0.0324881	0.000852597	0.00201319	0.0368236	0.00423712	0.00488563	0.254004	0.00192551	0.0875008	0.039201	0.00201592	0.00643037	0.00318982	0.00319008	0.0292588	0.0503054	0.363998	0.00432459	0.00685266
147	0.0703302	0.0105961	0.187481	0.0715673	0.00727897	0.0355579	0.0457072	0.0120808	0.0297207	0.026397	0.0112809	0.0707405	0.0324706	0.044205	0.0319665	0.21969	0.0539834	0.0200728	0.00927915	0.00959398
148	0.0952007	0.020753	0.0144755	0.0178349	0.0163732	0.351239	0.0219252	0.0365515	0.0231983	0.0355913	0.0174048	0.023051	0.118653	0.0193191	0.0263659	0.0680528	0.0407999	0.0382525	0.00388952	0.0110684
149	0.08621	0.0173292	0.050969	0.0358387	0.00959811	0.0591246	0.0259206	0.0150296	0.0369102	0.0434616	0.00885564	0.154833	0.013485	0.0571059	0.0233403	0.172114	0.146751	0.0340006	0.00132782	0.007795
150	0.0261579	0.013988	0.417489	0.0789293	0.024492	0.0611363	0.0266008	0.01614	0.022776	0.0366815	0.0152107	0.0256852	0.0151265	0.0327679	0.0224143	0.0428014	0.0245872	0.0183372	0.00732212	0.0713571
151	0.057924	0.0137235	0.000571704	0.00261783	0.0582733	0.00801745	0.00652802	0.315189	0.00127507	0.157021	0.063645	0.000910572	0.00876216	0.00236911	0.0053144	0.01342	0.0628304	0.190792	0.00976301	0.0210521
152	0.0127595	0.00609862	0.00156131	0.00546894	0.201274	0.00291938	0.00384653	0.0543716	0.00222148	0.447368	0.0994829	0.0025775	0.014614	0.00935249	0.0107993	0.00465652	0.0188452	0.036269	0.0374066	0.0281068
153	0.291198	0.015042	0.0152109	0.0258524	0.0115703	0.0970409	0.0195659	0.0215973	0.0446585	0.0245823	0.0147905	0.0280279	0.0156242	0.0265047	0.067647	0.170462	0.0577176	0.0438368	0.00187258	0.00719825
154	0.0611056	0.0247919	0.00245516	0.00552874	0.00981485	0.00494927	0.0060533	0.180422	0.0063284	0.0600586	0.139291	0.0192104	0.00691692	0.00731213	0.00704591	0.0407265	0.0810682	0.331359	0.00163988	0.00392292
155	0.0131973	0.00450879	0.00365367	0.00461599	0.0602897	0.0238909	0.174071	0.00934213	0.00484289	0.115152	0.00967554	0.025267	0.00379419	0.0068808	0.0435925	0.0110981	0.00846773	0.0267727	0.00142269	0.449465
156	0.142995	0.00378388	0.00642879	0.164423	0.00600639	0.00772522	0.0527434	0.00736626	0.11722	0.053778	0.00799396	0.0882252	0.00312975	0.0720782	0.0545496	0.0889584	0.0380799	0.0483573	0.000927819	0.0352299
157	0.388234	0.0353184	0.000863831	0.00137884	0.00326222	0.0232692	0.00532496	0.0247898	0.00171112	0.0051557	0.00351811	0.00324272	0.00447612	0.0017373	0.00333708	0.126854	0.169215	0.179046	0.000440106	0.018826
158	0.0806021	0.0444398	0.000760385	0.00716751	0.0114902	0.00148572	0.00607822	0.210411	0.00423352	0.0564205	0.0505549	0.00435757	0.0126515	0.00811444	0.00349532	0.0464315	0.135147	0.314566	0.000575652	0.00101638
159	0.0599136	0.00848406	0.0142931	0.0645793	0.00370966	0.0282269	0.0141079	0.0159284	0.351538	0.00894171	0.0139747	0.033852	0.00103477	0.073337	0.235084	0.0413037	0.0163196	0.0050762	0.00607463	0.00422041
160	0.164552	0.00242648	0.00322907	0.199331	0.0133113	0.0126689	0.0308912	0.00460161	0.142195	0.0422035	0.00732843	0.0291143	0.00184516	0.0762784	0.0567831	0.0720005	0.0587394	0.0443353	0.000604271	0.0375612
161	0.21011	0.0888912	0.00906942	0.0147187	0.0258474	0.128387	0.020643	0.0289668	0.0298597	0.0974082	0.0298956	0.0210243	0.0192051	0.020548	0.0911119	0.0585628	0.0498828	0.0398572	0.00411831	0.0118922
162	0.00363012	0.00137146	0.00678278	0.0016791	0.00146409	0.00189003	0.0182133	0.0143536	0.184669	0.00431914	0.0018204	0.00190999	0.00266425	0.0316238	0.702155	0.00972916	0.00655849	0.00271889	0.000470379	0.00197705
163	0.0513644	0.00211784	0.0780239	0.236027	0.00226113	0.029518	0.00426964	0.0130763	0.20148	0.0206299	0.00994234	0.0550474	0.00148108	0.0981865	0.128152	0.0453525	0.0169518	0.00299933	0.000992798	0.00212529
164	0.00851092	0.00314911	0.00292694	0.00367745	0.01994	0.00878181	0.0189744	0.204958	0.017701	0.27254	0.0995138	0.0041577	0.00290723	0.0366422	0.0705741	0.0233103	0.00741514	0.0781601	0.00115474	0.115005
165	0.0914261	0.345282	0.00318421	0.00515109	0.00603675	0.0458463	0.00567198	0.144619	0.00556181	0.0153781	0.00590833	0.00535764	0.0257874	0.00658133	0.00852293	0.0434744	0.0104981	0.21989	0.00149587	0.00432756
166	0.0311833	0.0065567	0.000797547	0.0111337	0.00695357	0.0178495	0.00639573	0.215343	0.00692009	0.262682	0.0230351	0.00372689	0.000837999	0.020406	0.035274	0.0128441	0.0267645	0.305123	0.0019989	0.0041747
167	0.114351	0.00698401	0.0131127	0.163494	0.00348813	0.00437863	0.0494749	0.0124424	0.160603	0.0229935	0.0133954	0.0565324	0.00180124	0.0703774	0.0624029	0.114051	0.0670379	0.049332	0.000548081	0.0132
168	0.0599136	0.00848406	0.0142931	0.0645793	0.00370966	0.0282269	0.0141079	0.0159284	0.351538	0.00894171	0.0139747	0.033852	0.00103477	0.073337	0.235084	0.0413037	0.0163196	0.0050762	0.00607463	0.00422041
169	0.21222	0.0219047	0.0111438	0.0155435	0.0170831	0.234658	0.0205289	0.0282818	0.0234829	0.0315792	0.0174429	0.0214562	0.123804	0.0179203	0.0284248	0.09315	0.0354877	0.0316097	0.00367176	0.0106058
170	0.0566371	0.0146161	0.000636371	0.00228783	0.0534953	0.00795453	0.00577662	0.310742	0.0010907	0.139893	0.0616676	0.00124194	0.00573769	0.00192458	0.00493399	0.0130244	0.0533496	0.233168	0.0107437	0.0210787
171	0.028392	0.0107745	0.00141519	0.00335606	0.0899152	0.00549201	0.00469086	0.170558	0.00292217	0.361399	0.133518	0.00183531	0.00525265	0.00685408	0.0112878	0.00530342	0.0313283	0.0942934	0.0101746	0.0212376
172	0.047099	0.0158532	0.000664058	0.00324748	0.0347057	0.00534355	0.00415038	0.321222	0.00194651	0.138728	0.0419129	0.0015412	0.00358559	0.00364317	0.00811235	0.0124213	0.0316162	0.309985	0.00467178	0.00955121
173	0.0537058	0.00689393	0.0465876	0.106074	0.0060896	0.0248662	0.0388498	0.0154738	0.0396192	0.0285945	0.0122295	0.0481496	0.11727	0.0523221	0.0404143	0.272961	0.05801	0.0148443	0.0054137	0.0116308
174	0.226359	0.094005	0.00619903	0.00940003	0.0683259	0.0741447	0.0131769	0.0208285	0.0117696	0.0686318	0.0817441	0.0156486	0.0480482	0.0129741	0.0230202	0.117857	0.0746035	0.0226999	0.00288641	0.00767768
175	0.0199198	0.00887276	0.00290039	0.00360275	0.01269	0.00376227	0.00389513	0.100228	0.00608456	0.433148	0.288873	0.00623597	0.00155479	0.00977672	0.0225895	0.0106316	0.00811335	0.0539242	0.00061769	0.00257996
176	0.0761123	0.0202165	0.002039	0.00295559	0.0313272	0.0331624	0.00766271	0.00460389	0.00502219	0.00708272	0.00742415	0.00466665	0.0154432	0.0209725	0.0154045	0.290384	0.42569	0.0266225	0.000767176	0.00244062
177	0.0387615	0.00963253	0.0130274	0.0217756	0.0306841	0.0253573	0.0541478	0.0333343	0.0703744	0.0706028	0.0272682	0.0207368	0.0149212	0.0321285	0.228817	0.0383885	0.0362945	0.0331473	0.00560785	0.194993
178	0.0191718	0.00398693	0.0106285	0.0108082	0.00519511	0.010724	0.0210208	0.0182409	0.177024	0.0179745	0.00696844	0.0106065	0.00591538	0.0338656	0.593148	0.0242116	0.0168306	0.00750738	0.00184318	0.00432848
179	0.0246984	0.00571098	0.00116874	0.00875258	0.00695076	0.0201323	0.00689745	0.221364	0.00713909	0.254913	0.0357001	0.00321998	0.0011341	0.0266699	0.042482	0.0153505	0.0212587	0.278777	0.00156406	0.0161174
180	0.271398	0.00893053	0.00252251	0.00281808	0.00669086	0.286264	0.010065	0.00597772	0.0128004	0.00986467	0.0142003	0.0150755	0.00537194	0.0255503	0.014737	0.266565	0.0185958	0.019589	0.000995698	0.00198755
181	0.121762	0.005908	0.21263	0.0743752	0.00525706	0.0510175	0.0937573	0.00684144	0.0195092	0.0223741	0.00928872	0.0874404	0.00486593	0.036626	0.0328259	0.157149	0.036992	0.0136169	0.00190223	0.00586053
182	0.0618592	0.0197479	0.035083	0.033186	0.0310196	0.0365013	0.196107	0.0434024	0.0331069	0.0584228	0.0316439	0.0525497	0.030383	0.0446953	0.0445323	0.087378	0.0484786	0.0410814	0.00996505	0.0608573
183	0.0951843	0.0171902	0.0161252	0.0192997	0.015362	0.0336593	0.0207537	0.0194263	0.0207512	0.0238556	0.0129926	0.0284823	0.0357017	0.0251087	0.0309034	0.288916	0.24195	0.045846	0.00220188	0.00629019
184	0.0737964	0.0151368	0.00743643	0.00979836	0.0206817	0.031625	0.0124674	0.00780064	0.0104374	0.0102124	0.00725923	0.0157236	0.032227	0.0179609	0.0252114	0.295994	0.371958	0.0292162	0.00141034	0.00364725
185	0.0748991	0.0165547	0.0215355	0.0298549	0.0203041	0.0367281	0.032386	0.046709	0.0346621	0.116133	0.0283967	0.0421917	0.0439174	0.0277536	0.0385252	0.247143	0.0676794	0.0513367	0.0060981	0.0171918
186	0.0301182	0.0139063	0.495583	0.0707958	0.00946215	0.0671481	0.0199371	0.0157615	0.0175088	0.0261969	0.0133655	0.0209995	0.00989022	0.0231592	0.0226627	0.0419517	0.034452	0.0518535	0.00322619	0.0120216
187	0.0339094	0.00789401	0.502472	0.106808	0.00504664	0.0595581	0.0352062	0.00574021	0.0176364	0.0190233	0.00939909	0.0355342	0.0137183	0.0369274	0.0185308	0.0573823	0.0159367	0.00990506	0.00140804	0.00796331
188	0.0488424	0.0107562	0.078719	0.0320892	0.0165588	0.0192163	0.051366	0.0186547	0.0255184	0.0421594	0.0257938	0.0308165	0.108704	0.0786244	0.0344371	0.171241	0.0363587	0.0209271	0.111071	0.038147
189	0.0733858	0.0165626	0.00210382	0.00274752	0.0340575	0.0422722	0.0070986	0.00526614	0.00446961	0.00706823	0.00744016	0.0044513	0.0123461	0.0173889	0.0151304	0.290104	0.423981	0.0310006	0.000709595	0.00241592
190	0.206558	0.00858118	0.00506311	0.00699719	0.00793909	0.0666239	0.0118646	0.00954473	0.0708622	0.0982972	0.0850617	0.00818326	0.00742632	0.0658752	0.183355	0.0166892	0.0687308	0.0622081	0.00303031	0.00710915
191	0.0200329	0.0100365	0.0092814	0.0101576	0.202466	0.0114377	0.0491322	0.0255785	0.0094394	0.072226	0.0242229	0.0112805	0.0078118	0.0120308	0.0173054	0.020108	0.0135253	0.0202489	0.0469736	0.406704
192	0.0243441	0.00410113	0.0144922	0.0237957	0.00559326	0.010924	0.0212155	0.0166012	0.173873	0.0148764	0.00831008	0.0145499	0.00553038	0.053582	0.543919	0.0289318	0.0184377	0.00952818	0.0015598	0.00583466
193	0.0584665	0.00351926	0.0159612	0.0554113	0.00196047	0.0277829	0.0395805	0.00319007	0.0452109	0.019726	0.00302337	0.0565959	0.112967	0.0335475	0.0409341	0.404048	0.0675975	0.00352059	0.00113973	0.00581809
