270	20
1	0.0269039	0.00269451	0.175978	0.20358	0.00499127	0.206346	0.0118302	0.0179638	0.0588839	0.013783	0.00588775	0.0301346	0.0213819	0.0177883	0.032703	0.0268147	0.105588	0.0299474	0.00220524	0.00459485
2	0.0178989	0.00353485	0.0125955	0.0714043	0.00914281	0.0171318	0.0625685	0.113432	0.0608642	0.0199989	0.0114275	0.02962	0.0140239	0.0165835	0.261079	0.139154	0.101075	0.0214733	0.00399469	0.0129972
3	0.0199491	0.00413383	0.0142481	0.0273611	0.0112589	0.0179726	0.246537	0.0184572	0.106104	0.0236044	0.00818725	0.144148	0.0174037	0.0228966	0.0527639	0.0433192	0.0745702	0.0609381	0.00354501	0.0826023
4	0.00961017	0.00303175	0.0250144	0.0827699	0.0133398	0.0163237	0.0210835	0.0163372	0.163933	0.0785221	0.0127778	0.0413488	0.0161554	0.0190824	0.146185	0.0860786	0.0234821	0.0154099	0.00301447	0.206501
5	0.00599586	0.00927151	0.00947777	0.00306611	0.0625887	0.00402318	0.0080713	0.108307	0.0140153	0.589318	0.0569229	0.00485623	0.0221147	0.00620902	0.00719905	0.00840591	0.0244246	0.0438578	0.00137337	0.0105009
6	0.00722962	0.0020439	0.0125634	0.0371405	0.00552865	0.018181	0.0149081	0.0214827	0.268536	0.0216523	0.0284118	0.122766	0.0121374	0.0212669	0.276867	0.0479756	0.0304314	0.0396266	0.00173489	0.0095164
7	0.0244912	0.00662735	0.0178604	0.0141663	0.0150988	0.0410298	0.0370574	0.159113	0.0220415	0.167186	0.021183	0.0162326	0.00844284	0.0126005	0.0378022	0.0143846	0.0391501	0.338527	0.00235934	0.0046457
8	0.00334456	0.00174395	0.00589942	0.0435568	0.00322938	0.0168722	0.0118801	0.0146453	0.349767	0.0217324	0.0430735	0.0939556	0.0113941	0.0209051	0.232211	0.073095	0.0263468	0.0179457	0.00103797	0.00736438
9	0.0331359	0.00255842	0.0951073	0.0659803	0.00692405	0.499562	0.00736613	0.0203382	0.0352557	0.0167175	0.00665597	0.0214247	0.0175908	0.00862094	0.0413975	0.0295649	0.0450474	0.0399705	0.00171749	0.00506478
10	0.0126162	0.00442062	0.0136115	0.0246194	0.0831034	0.0253613	0.0143531	0.0185049	0.0242728	0.0398371	0.00851864	0.0301033	0.0145946	0.0499864	0.0148203	0.0304726	0.0209951	0.0273227	0.518918	0.0235676
11	0.0107389	0.00294703	0.0101261	0.0561908	0.00381179	0.0157598	0.0202365	0.0434405	0.421788	0.0173473	0.0152026	0.0393886	0.0131235	0.0216974	0.132492	0.0725629	0.0593863	0.0366664	0.00139156	0.00570172
12	0.00826842	0.00214541	0.0110332	0.0672522	0.00520796	0.049051	0.0109271	0.0661575	0.133418	0.0547	0.0182395	0.0806825	0.0132785	0.0819134	0.0254873	0.0441102	0.305468	0.0116486	0.00269644	0.00831435
13	0.0657305	0.00484705	0.0148586	0.00953633	0.0262966	0.0198845	0.0210329	0.462098	0.0251529	0.0865534	0.0181054	0.0130371	0.0101339	0.0313413	0.0143219	0.0166146	0.0951233	0.0565506	0.00423754	0.00454407
14	0.00440764	0.0290646	0.00507067	0.00521524	0.566933	0.00816016	0.0183581	0.0320341	0.00894542	0.0588991	0.0035572	0.00741628	0.00705538	0.00382436	0.00528142	0.0341688	0.0195275	0.0503227	0.00142714	0.130331
15	0.0141243	0.00414817	0.0177185	0.0780663	0.121655	0.0180419	0.0158933	0.0194052	0.0354954	0.0778323	0.00794286	0.0278192	0.0130711	0.275592	0.0165738	0.0239428	0.0249884	0.0210156	0.166474	0.0201997
16	0.489312	0.00179777	0.0253608	0.0115743	0.0034809	0.0175483	0.00814308	0.0182753	0.017244	0.0101977	0.00262155	0.0189195	0.0255887	0.00468053	0.0205999	0.177503	0.0809003	0.0614237	0.00111985	0.00370904
17	0.00959779	0.00185562	0.0474973	0.0256014	0.00641997	0.0568398	0.0202106	0.0150022	0.118493	0.0203635	0.0116768	0.281465	0.0631851	0.0166073	0.0657905	0.185355	0.0263406	0.0149064	0.00576123	0.00703076
18	0.0195932	0.00335672	0.0187116	0.0218559	0.0103616	0.234581	0.0163617	0.0205137	0.0590672	0.0212158	0.00932216	0.143869	0.02303	0.0160217	0.0757658	0.143565	0.0909633	0.0172533	0.0044631	0.0501281
19	0.00865262	0.00322001	0.149263	0.106459	0.0102257	0.0148203	0.011336	0.0109807	0.10567	0.233615	0.00425749	0.0951249	0.00930897	0.00897587	0.0187845	0.0608147	0.0155348	0.014861	0.00311998	0.114976
20	0.00605923	0.00257027	0.0126292	0.0415985	0.00391216	0.0157119	0.0171304	0.0168085	0.450211	0.0183689	0.0270301	0.0856008	0.0128055	0.0184576	0.125664	0.0915353	0.0347135	0.0132121	0.000847729	0.00513309
21	0.0104724	0.00428521	0.00885768	0.0408218	0.00302752	0.0105062	0.0308781	0.0261387	0.504271	0.0139675	0.0317924	0.0459693	0.0130722	0.0266284	0.115569	0.0571269	0.0393647	0.0117426	0.0010883	0.00442024
22	0.236868	0.00423824	0.0407575	0.0897018	0.00556573	0.0190897	0.0177599	0.0188794	0.141215	0.0123315	0.00688361	0.0194675	0.0090824	0.236178	0.0618821	0.023756	0.0273528	0.0178466	0.00657558	0.00456812
23	0.425705	0.00226451	0.0185853	0.0141117	0.00643047	0.0167846	0.0246988	0.0335292	0.0181232	0.0164587	0.00358146	0.0141948	0.0224961	0.00792922	0.101347	0.0728253	0.0922938	0.102236	0.00213538	0.00426996
24	0.0192724	0.00187801	0.0252854	0.0301645	0.00511083	0.617892	0.00519196	0.0109796	0.0185293	0.0114216	0.00918724	0.0112027	0.0298489	0.0052064	0.0943084	0.0190467	0.0207514	0.0597923	0.00143775	0.00349264
25	0.0308928	0.0108758	0.020646	0.017776	0.0122905	0.088049	0.01322	0.092783	0.0169032	0.194391	0.0349902	0.0134235	0.0076669	0.0076059	0.0161412	0.0135417	0.0322685	0.369879	0.00259856	0.00405754
26	0.544593	0.00179387	0.0285474	0.0175489	0.00552422	0.0190009	0.00847067	0.0177205	0.00944255	0.0101465	0.00261748	0.00903196	0.0307465	0.00434379	0.0243111	0.0723832	0.083517	0.106483	0.000969498	0.00280833
27	0.00984953	0.00428325	0.00505046	0.00630981	0.0331438	0.00955517	0.0044472	0.556352	0.0198414	0.117941	0.0281589	0.0191152	0.00716891	0.00566931	0.00372518	0.0179132	0.0462072	0.0956143	0.00724258	0.00241131
28	0.00534493	0.00688925	0.00526216	0.00298567	0.0551917	0.00284825	0.00860821	0.106614	0.0181411	0.607002	0.0558479	0.00401232	0.0260364	0.0066678	0.00720714	0.00662137	0.0250662	0.0386327	0.000959309	0.0100616
29	0.00666608	0.00548048	0.00379939	0.00384065	0.0428951	0.006825	0.00364357	0.575257	0.0112832	0.149777	0.0350673	0.00874176	0.00580487	0.00428281	0.00373043	0.0201672	0.0380834	0.0625091	0.00939099	0.00275408
30	0.0141341	0.00408578	0.0206962	0.0485463	0.0082017	0.0253518	0.0187226	0.0218115	0.279636	0.0244937	0.0220768	0.0735341	0.0199065	0.0225245	0.156722	0.162284	0.0420015	0.0189447	0.00193287	0.0143933
31	0.00324759	0.000809557	0.58539	0.0539586	0.00297684	0.010725	0.0175063	0.00621706	0.0732257	0.0114945	0.00165238	0.128187	0.00533287	0.0042392	0.00934853	0.039328	0.00857317	0.0058875	0.000870608	0.0310301
32	0.0153654	0.00669097	0.0275745	0.0445174	0.0148563	0.0225196	0.0171292	0.0791145	0.344368	0.0301373	0.0185723	0.141757	0.0142395	0.0241989	0.0523381	0.0584345	0.0502961	0.0272773	0.00253709	0.00807572
33	0.111151	0.00468032	0.0446838	0.0115937	0.0183039	0.0541788	0.037387	0.319284	0.0159315	0.0880942	0.0125146	0.011801	0.00874487	0.00995289	0.0239458	0.00918485	0.0697882	0.144008	0.00176488	0.00300736
34	0.00598527	0.00194176	0.198609	0.031398	0.00534846	0.0237627	0.0122341	0.0110679	0.268699	0.0148966	0.00844852	0.204343	0.0322127	0.0113604	0.0610974	0.0594523	0.02926	0.0120655	0.00171381	0.00610456
35	0.0927009	0.00542737	0.0242347	0.0129003	0.339368	0.0812857	0.0126907	0.0673823	0.0156629	0.0220073	0.00659292	0.0165773	0.0194057	0.00861093	0.0107645	0.0156498	0.025487	0.210127	0.00238781	0.0107362
36	0.0415453	0.0028607	0.0395529	0.217618	0.00767485	0.0165565	0.0178711	0.0136225	0.197336	0.0115632	0.00915125	0.0203348	0.00883069	0.248226	0.0731594	0.0269568	0.0261501	0.0124573	0.00363978	0.00489169
37	0.0224656	0.00287426	0.00807615	0.0512848	0.00744025	0.0113603	0.0157518	0.102011	0.0733138	0.0729721	0.00855741	0.0320054	0.310447	0.0183757	0.0192334	0.0340273	0.133623	0.0670327	0.00232872	0.00681984
38	0.0100375	0.00748381	0.12534	0.115762	0.00623762	0.0201873	0.00819392	0.0125802	0.38798	0.0616706	0.00409627	0.106263	0.00623614	0.00614707	0.0113163	0.0347855	0.0112694	0.0286831	0.00108149	0.0346485
39	0.0168004	0.00445586	0.0133353	0.0282606	0.00956476	0.0190219	0.0649233	0.0292901	0.16981	0.0894202	0.0119697	0.0395821	0.015447	0.0680326	0.029849	0.0797985	0.0302668	0.267021	0.00426907	0.00888194
40	0.0305571	0.00516674	0.0148215	0.0642481	0.0140891	0.0309688	0.0146529	0.254304	0.0399946	0.0517641	0.0178122	0.0252831	0.0138403	0.0530819	0.0157133	0.0207457	0.0430257	0.279006	0.00387511	0.00704928
41	0.0226852	0.00686241	0.0127576	0.0220456	0.0183091	0.0278585	0.0137803	0.205994	0.153632	0.0791381	0.0743853	0.0289494	0.0155714	0.0222987	0.0259761	0.0222934	0.0437716	0.191864	0.00364171	0.00818606
42	0.00959591	0.00282586	0.00903752	0.035872	0.00447909	0.0391555	0.0138269	0.0480396	0.317185	0.0167155	0.0175809	0.0425369	0.0158369	0.0161759	0.262287	0.0634588	0.031245	0.0436881	0.00149601	0.00896065
43	0.032954	0.00433124	0.381935	0.0479453	0.0143023	0.0899339	0.0139819	0.0965168	0.0260915	0.0404499	0.0133325	0.039532	0.0101022	0.019101	0.0170186	0.0175704	0.0303132	0.0935322	0.00188222	0.00917425
44	0.00699152	0.00258109	0.00979979	0.0601976	0.00278892	0.01336	0.020224	0.0229247	0.440979	0.0135439	0.0183584	0.0460551	0.0248307	0.024454	0.169115	0.0634893	0.0373469	0.0151319	0.00138269	0.00644639
45	0.0128529	0.00551416	0.0464981	0.289449	0.00759823	0.0262272	0.0122637	0.0177717	0.244221	0.0273059	0.0112423	0.0885157	0.01427	0.0293302	0.0426242	0.0557403	0.0376466	0.0184423	0.00272417	0.00976271
46	0.0901126	0.0052612	0.0441981	0.0365468	0.00644241	0.432389	0.00930009	0.0208217	0.0356	0.0171687	0.00554261	0.0284613	0.0228899	0.00882795	0.037548	0.108343	0.0488683	0.0325196	0.00245849	0.00670019
47	0.0125147	0.00299998	0.0104808	0.0217862	0.00935197	0.0150818	0.219695	0.0152669	0.101258	0.0196674	0.00811681	0.208941	0.0119575	0.0156265	0.176642	0.0324749	0.0319915	0.0227246	0.00230771	0.0611132
48	0.00483678	0.0267244	0.00436323	0.00524933	0.57578	0.0123924	0.0280736	0.0269219	0.00939791	0.0532574	0.00297154	0.00878222	0.0057068	0.00447827	0.00595309	0.0373269	0.0173805	0.0427971	0.00112449	0.126482
49	0.0166793	0.00594217	0.0093432	0.00890426	0.028878	0.0221311	0.00872596	0.400903	0.0168408	0.142784	0.0270047	0.0125353	0.00642215	0.00715244	0.00906531	0.0161535	0.0549363	0.197156	0.00529586	0.0031465
50	0.00797512	0.00742276	0.00694838	0.00499113	0.0491427	0.00610339	0.00951499	0.123703	0.0184493	0.551731	0.0631379	0.00741898	0.0234254	0.00758654	0.0162199	0.00972509	0.0310684	0.0429106	0.00217921	0.0103463
51	0.0049109	0.0057615	0.00307498	0.00266286	0.0459963	0.00404761	0.00281886	0.587894	0.0100734	0.149245	0.0322275	0.00757071	0.00421826	0.00366503	0.00272085	0.0202079	0.0344849	0.0663466	0.00957168	0.00250102
52	0.0151085	0.00382932	0.0144252	0.0454613	0.00406876	0.0115854	0.0509686	0.0247741	0.477333	0.0119224	0.0176499	0.0385561	0.013344	0.0268054	0.131347	0.0408387	0.0467594	0.0149685	0.00177555	0.00847896
53	0.0176592	0.00151894	0.0257054	0.0320963	0.00438497	0.630962	0.00493996	0.0106835	0.0168684	0.0108134	0.00927158	0.0101411	0.0234789	0.00537714	0.0908142	0.018491	0.0196418	0.061958	0.00149795	0.00369599
54	0.0159253	0.00247325	0.0103198	0.0259367	0.00598163	0.0167785	0.01131	0.0183049	0.271276	0.0172868	0.00896179	0.241166	0.0115093	0.0210617	0.0201164	0.186159	0.0932842	0.0155037	0.0015807	0.00506479
55	0.00441086	0.00503461	0.00199592	0.00222802	0.046608	0.00341607	0.00222723	0.598964	0.00708976	0.138749	0.0332101	0.00725768	0.00324868	0.00322329	0.00198436	0.0220223	0.0397263	0.0659116	0.0109409	0.00175214
56	0.0136784	0.00431168	0.23324	0.0479504	0.0115733	0.0202318	0.0126638	0.017764	0.0476208	0.287259	0.00549286	0.148633	0.0098225	0.0105865	0.0146082	0.0363188	0.0227586	0.0170282	0.00331758	0.0351413
57	0.0176874	0.0042723	0.0104354	0.02118	0.0112453	0.0562126	0.0103041	0.0593452	0.0450447	0.018255	0.00753986	0.242267	0.0185871	0.201001	0.0220132	0.154037	0.0736778	0.0160759	0.00371734	0.0071025
58	0.0072986	0.00747239	0.0300405	0.153466	0.00595647	0.0229378	0.011271	0.0157314	0.377356	0.0310786	0.0110153	0.101767	0.0124422	0.0269495	0.0388422	0.0946656	0.027823	0.0137806	0.00152126	0.00858498
59	0.0269073	0.00406107	0.116942	0.314128	0.0122088	0.0888334	0.0176173	0.0216748	0.0481535	0.0202927	0.00756746	0.0377094	0.0757392	0.0154702	0.0310881	0.0237126	0.0483741	0.07707	0.00340761	0.00904263
60	0.00590291	0.00775628	0.00501316	0.00410319	0.046211	0.00430048	0.00685736	0.171525	0.0159322	0.54085	0.0498967	0.00675508	0.0207597	0.00583784	0.00650477	0.010438	0.0354344	0.0445846	0.00205811	0.00927918
61	0.0338463	0.0025859	0.0082054	0.0284366	0.0100373	0.0255955	0.00901646	0.0382563	0.0604424	0.0395849	0.0113092	0.0264025	0.100666	0.0103275	0.0197297	0.211688	0.334117	0.0185377	0.00197725	0.00923839
62	0.00401186	0.00659237	0.00285239	0.00202673	0.0578618	0.00384007	0.00301633	0.55467	0.00779709	0.182059	0.0327941	0.0061685	0.00433756	0.00330478	0.00265627	0.0192252	0.0296119	0.064665	0.00906268	0.00344626
63	0.00851117	0.00935737	0.00560794	0.00848989	0.0425024	0.0046355	0.00713859	0.14154	0.0228762	0.557317	0.0392436	0.00741568	0.0183827	0.00678632	0.00694263	0.019801	0.0312914	0.0518241	0.00222109	0.00811562
64	0.021797	0.0027552	0.0175732	0.0769304	0.00814515	0.0273519	0.0158721	0.0273892	0.107567	0.0203202	0.00719584	0.199813	0.0231738	0.0357247	0.0255533	0.248943	0.104733	0.0145551	0.00292406	0.0116833
65	0.00566319	0.00528463	0.0028499	0.00241542	0.044995	0.00475362	0.00265403	0.607809	0.00826811	0.129816	0.036073	0.00787388	0.00341885	0.00363907	0.00261937	0.0207555	0.0368418	0.0619564	0.00988461	0.00242884
66	0.0191363	0.00859386	0.0174834	0.0274482	0.0299735	0.0274664	0.0249249	0.0432638	0.0583721	0.0410219	0.155073	0.0449162	0.0225627	0.0245804	0.0312923	0.107993	0.0470218	0.0299892	0.0139436	0.224944
67	0.486015	0.00239917	0.0200057	0.0139777	0.00631976	0.0153061	0.00812212	0.0147442	0.0141726	0.0192846	0.00257699	0.0103857	0.0592546	0.00550897	0.0248298	0.118786	0.107438	0.0647305	0.00101753	0.00512549
68	0.0327176	0.00501596	0.0130658	0.039938	0.0107602	0.020121	0.0295151	0.0242303	0.0554818	0.0391395	0.00686016	0.0421399	0.375131	0.0681451	0.0295753	0.0468006	0.1124	0.0320001	0.00559008	0.0113725
69	0.0145812	0.00397118	0.014523	0.033554	0.0154309	0.0322588	0.0241681	0.0307264	0.10454	0.0271059	0.0136839	0.246365	0.0232548	0.0963685	0.105772	0.0529679	0.116837	0.0239341	0.00558929	0.0143687
70	0.227158	0.0027589	0.0098231	0.0193429	0.00463839	0.125348	0.00959724	0.0448788	0.0562591	0.0112003	0.00355233	0.0738124	0.00956243	0.00777954	0.011065	0.298849	0.0643889	0.0126381	0.001703	0.00564421
71	0.0134678	0.00348262	0.0507844	0.0220626	0.0110118	0.0178227	0.0141809	0.0773726	0.0653478	0.0641579	0.0129415	0.0777365	0.0133787	0.0142618	0.409257	0.0259899	0.0310545	0.0627105	0.00368841	0.0092903
72	0.277867	0.00279281	0.147262	0.125395	0.00580621	0.0295261	0.0123596	0.041588	0.10781	0.0103385	0.00314967	0.0242568	0.00741135	0.0889658	0.0274877	0.0300823	0.0284985	0.0151867	0.0103053	0.00391125
73	0.261404	0.00416242	0.00973662	0.0173445	0.0429192	0.0158313	0.011566	0.0123221	0.0179474	0.100157	0.00579241	0.0143172	0.236279	0.00781621	0.0504752	0.106585	0.0477944	0.0246382	0.00274967	0.010163
74	0.0216418	0.00246557	0.0554136	0.0532034	0.00510259	0.0699347	0.0106727	0.0166306	0.131312	0.0148188	0.00760437	0.0320398	0.0132266	0.0448664	0.0962961	0.0303571	0.346983	0.0404662	0.00210378	0.0048613
75	0.00504357	0.0292682	0.00476654	0.00521257	0.578748	0.00981664	0.0199589	0.0315291	0.00904225	0.0552315	0.00307277	0.00720895	0.00620519	0.00430262	0.00473531	0.0352628	0.0180531	0.0453581	0.0012835	0.1259
76	0.00538649	0.00906494	0.00276292	0.00246938	0.0719859	0.00404192	0.00351919	0.560912	0.00731335	0.149329	0.029335	0.00596495	0.00351943	0.00359516	0.00284195	0.0262522	0.0357935	0.0609497	0.00929377	0.00566954
77	0.0457322	0.0213228	0.0131095	0.0132908	0.00494654	0.00776329	0.0417038	0.111678	0.367609	0.0169526	0.0810072	0.0155897	0.0345116	0.0720442	0.0935446	0.0169849	0.0199447	0.0158801	0.00235226	0.00403246
78	0.0282222	0.00218425	0.246147	0.12332	0.00430384	0.0153677	0.0123046	0.0106977	0.27379	0.0138335	0.00584587	0.0776933	0.0109895	0.0185336	0.0574458	0.0551704	0.0236823	0.0104695	0.00260461	0.00739329
79	0.00729877	0.0020222	0.00410934	0.0254109	0.0064737	0.00955957	0.00717259	0.151979	0.084549	0.0709249	0.0361442	0.0367043	0.014564	0.0171052	0.00848618	0.0512136	0.413897	0.0206209	0.00188903	0.0298754
80	0.0160955	0.0368342	0.00886402	0.0107835	0.0320765	0.0110427	0.0131504	0.120664	0.0312639	0.420748	0.0295903	0.0398483	0.0204193	0.0358331	0.0117036	0.0187164	0.0645275	0.0668351	0.00241289	0.00859067
81	0.114872	0.00399775	0.023019	0.0954575	0.0116004	0.087183	0.00932488	0.0730496	0.0172902	0.0309424	0.015024	0.0454175	0.0134782	0.0123592	0.0138029	0.0128482	0.0603303	0.352741	0.00217874	0.00508351
82	0.0104237	0.00742396	0.0243419	0.0924084	0.00646395	0.0182376	0.0106358	0.0565598	0.463367	0.0567132	0.010347	0.0548948	0.0105451	0.0145903	0.0354697	0.0372916	0.0312464	0.0473345	0.0019514	0.00975354
83	0.00514124	0.008134	0.00529496	0.00254014	0.0613516	0.00255008	0.00908687	0.105494	0.0147081	0.612097	0.0527993	0.00370282	0.0238175	0.00548436	0.00708335	0.00675236	0.0240081	0.0380996	0.000949861	0.0109052
84	0.0785854	0.00675795	0.0151583	0.0297479	0.0102583	0.0182005	0.0249008	0.0320684	0.246233	0.0301037	0.014204	0.122861	0.0146883	0.0826553	0.0268169	0.0315	0.0389687	0.161974	0.00555398	0.00876332
85	0.341123	0.00195673	0.0926722	0.132153	0.00284914	0.0219453	0.0110797	0.0146787	0.148144	0.00544468	0.00257941	0.0181052	0.00410926	0.0926342	0.0308633	0.0313078	0.0267812	0.00680047	0.0126588	0.00211507
86	0.0113559	0.00290591	0.0555406	0.104105	0.107538	0.0266734	0.239121	0.0135589	0.0663464	0.0228532	0.00544448	0.0298139	0.0209697	0.0556082	0.0153093	0.0171065	0.0190636	0.0137319	0.00576107	0.167193
87	0.0728951	0.00338043	0.0188213	0.0074703	0.0436898	0.0381838	0.0372271	0.398426	0.0172568	0.0811749	0.0111599	0.0126175	0.00942982	0.0142769	0.0176867	0.0147946	0.133716	0.0608227	0.00326471	0.0037052
88	0.357562	0.00228802	0.0950673	0.105144	0.00340662	0.022247	0.0126891	0.0157871	0.118114	0.00887979	0.00284523	0.0413066	0.00658791	0.0623118	0.0225451	0.0658681	0.0273614	0.0136017	0.0114998	0.00488677
89	0.0137422	0.00344182	0.0118037	0.0176676	0.00848385	0.103399	0.0132174	0.0506608	0.047087	0.0185937	0.0107431	0.152941	0.230576	0.0122526	0.101006	0.139818	0.0267289	0.0194194	0.00832606	0.0100923
90	0.0121739	0.0033486	0.0557096	0.0502496	0.0117285	0.0273362	0.354119	0.0173091	0.101703	0.0565439	0.00668441	0.0296374	0.120577	0.0286615	0.0317787	0.0236776	0.0376699	0.0152884	0.0039659	0.0118384
91	0.008424	0.00221061	0.00570499	0.0166802	0.0115783	0.0078508	0.00669689	0.236983	0.0538342	0.0784296	0.0241539	0.0471035	0.0415547	0.00997278	0.00779038	0.0338584	0.345476	0.0468529	0.00245	0.0123948
92	0.00681877	0.00574725	0.00323187	0.00282298	0.0425006	0.00608006	0.00317102	0.578072	0.0105395	0.1453	0.0323366	0.00830594	0.00454848	0.00409738	0.00276803	0.019457	0.0382571	0.074234	0.0092463	0.00246542
93	0.00764587	0.0133295	0.00413809	0.00309162	0.0476715	0.00675812	0.00406522	0.545924	0.0123739	0.172032	0.0410528	0.00722234	0.00611343	0.00530821	0.00448897	0.0185136	0.0289986	0.0584344	0.00831539	0.00452192
94	0.0254325	0.00563956	0.0205995	0.0668762	0.00758754	0.249727	0.00936158	0.0364015	0.0223305	0.0472825	0.0787379	0.0199308	0.0134072	0.00910972	0.0283018	0.0166655	0.0258466	0.308495	0.00258981	0.00567824
95	0.020473	0.00136954	0.0361518	0.0507282	0.00425478	0.624977	0.00484147	0.0106651	0.0194535	0.0102106	0.00872523	0.00989831	0.0214043	0.00568433	0.0744549	0.0178286	0.0229822	0.0515518	0.00135749	0.00298789
96	0.00408474	0.000793405	0.633091	0.0643131	0.0027616	0.014135	0.0170986	0.00891869	0.048017	0.0113174	0.00164784	0.103063	0.00441797	0.00616798	0.00665033	0.0288906	0.0084809	0.00684417	0.000900137	0.0284072
97	0.00564806	0.0220476	0.00534193	0.00420869	0.493696	0.00681945	0.00976099	0.0540535	0.0113041	0.175493	0.0121225	0.00620167	0.00700019	0.00344594	0.00561079	0.0248508	0.0166048	0.0696084	0.00168185	0.0644996
98	0.0103935	0.00329658	0.0272938	0.0251696	0.01128	0.0237156	0.015876	0.0276336	0.157772	0.0294357	0.0113251	0.441858	0.0168251	0.0241507	0.0279738	0.0549273	0.0405414	0.0266738	0.00320711	0.0206512
99	0.00706548	0.00230591	0.00582175	0.0514567	0.00422645	0.0180547	0.00713983	0.110699	0.098445	0.0715453	0.0442532	0.0454726	0.0130656	0.0440535	0.0163269	0.0501987	0.377388	0.0150409	0.00134663	0.0160942
100	0.0865837	0.00289174	0.0062341	0.0362423	0.0122779	0.0103379	0.0222697	0.0106028	0.0187019	0.0545992	0.00308021	0.00886299	0.452089	0.011565	0.0337501	0.0913759	0.0721754	0.0559864	0.00123311	0.00914063
101	0.00848727	0.0080148	0.008342	0.00731588	0.0550096	0.00718151	0.00953122	0.101635	0.0213768	0.57452	0.0477948	0.00841728	0.0243644	0.00738865	0.00900015	0.012254	0.0274979	0.0459731	0.00397199	0.0119234
102	0.0570268	0.00378794	0.0090419	0.0270414	0.0248358	0.0178426	0.0145015	0.0173457	0.0272061	0.0926221	0.00729265	0.0225723	0.321557	0.0121022	0.0286114	0.18569	0.0773303	0.0312766	0.00258447	0.0197313
103	0.00690968	0.00139968	0.0160314	0.0967272	0.00330429	0.0138693	0.00832773	0.0211667	0.197631	0.0336998	0.00789633	0.114087	0.0354259	0.0653565	0.0248395	0.297249	0.0404008	0.0103853	0.00130775	0.00398459
104	0.00879687	0.00478658	0.00546095	0.00476335	0.0664775	0.007571	0.00704958	0.0986873	0.0364922	0.437667	0.179451	0.00567313	0.0185028	0.00561607	0.00669972	0.0164305	0.0234044	0.0504049	0.00856374	0.00750067
105	0.0163593	0.00151716	0.539747	0.120786	0.00374546	0.0279119	0.0164996	0.0141651	0.052415	0.0131397	0.00261698	0.0777548	0.00713487	0.0136208	0.0138027	0.0252213	0.0158978	0.0145079	0.00174266	0.0214147
106	0.00685488	0.00155758	0.0138462	0.083493	0.00468434	0.014194	0.03558	0.0202388	0.219049	0.0212695	0.0183794	0.0459032	0.0119793	0.0278015	0.300009	0.0756218	0.0256476	0.015488	0.00161962	0.0567836
107	0.022143	0.00393918	0.0145278	0.0371371	0.0109501	0.0253141	0.0126839	0.0412818	0.132417	0.0845027	0.0207788	0.0579377	0.0323343	0.023407	0.0288001	0.248484	0.166268	0.0214808	0.00451452	0.0110988
108	0.0144111	0.00425496	0.0108153	0.0197575	0.0245003	0.0661799	0.0165178	0.0192805	0.0346938	0.0674272	0.00792762	0.0868286	0.0155831	0.0716687	0.0201347	0.0728891	0.0259361	0.063673	0.340531	0.0169894
109	0.00734829	0.00702992	0.00625191	0.00506652	0.0417416	0.00447508	0.0121162	0.131202	0.0210239	0.551091	0.0544257	0.00847003	0.0273712	0.00778313	0.0106715	0.0119401	0.0403546	0.0388499	0.00213877	0.0106485
110	0.00876406	0.00175083	0.113824	0.0204909	0.00503382	0.0888423	0.0387596	0.00955271	0.108293	0.0230762	0.0068346	0.298765	0.0447674	0.00902861	0.0397731	0.137775	0.0194792	0.0128113	0.00477944	0.00759816
111	0.00520045	0.00141784	0.00681326	0.0867066	0.00314477	0.0151963	0.0111445	0.0135589	0.214415	0.0288491	0.0514882	0.0890109	0.0109047	0.0388064	0.301654	0.0601548	0.0240224	0.025428	0.00115216	0.0109323
112	0.00617141	0.00189353	0.257432	0.0335199	0.00436401	0.0243113	0.0139596	0.0104013	0.216996	0.0138919	0.00637003	0.191995	0.0230841	0.0104599	0.0580484	0.0712575	0.0361867	0.00954322	0.00149269	0.00862217
113	0.0143943	0.001996	0.0209129	0.077524	0.00434197	0.0777119	0.0090845	0.0185827	0.136019	0.0168645	0.0118861	0.0391377	0.0470161	0.0200448	0.0346357	0.114599	0.335377	0.0126609	0.00188365	0.00532686
114	0.0271368	0.0106804	0.0187139	0.0118916	0.0143582	0.069379	0.0118671	0.145101	0.0134733	0.213263	0.0314441	0.0131491	0.00666766	0.00661318	0.013503	0.0117418	0.0539059	0.319687	0.0026237	0.00480052
115	0.00454967	0.00209899	0.00870866	0.0434235	0.0040545	0.0150016	0.013476	0.0159468	0.382844	0.0316306	0.0456314	0.097354	0.0114911	0.0199759	0.171798	0.0818239	0.0277325	0.0158808	0.00108676	0.00549208
116	0.0878206	0.00413281	0.150051	0.178004	0.00456771	0.0194829	0.0120939	0.0131367	0.348295	0.0171519	0.00426167	0.0322135	0.00694961	0.0255812	0.0304376	0.0256863	0.0197082	0.0116412	0.00349688	0.00528712
117	0.0723593	0.0284327	0.0213735	0.0147404	0.0121475	0.07717	0.0107424	0.102916	0.0143974	0.222546	0.0482382	0.0122995	0.0100516	0.00885008	0.012049	0.0102973	0.0283014	0.286674	0.00253449	0.00387916
118	0.0620797	0.00243439	0.0130777	0.0252911	0.00590497	0.018606	0.0536375	0.0373671	0.114051	0.0195844	0.00778966	0.130775	0.0120499	0.0181836	0.0231642	0.0600647	0.369145	0.0164023	0.00373455	0.00665809
119	0.0115873	0.00323688	0.0157936	0.33706	0.0042232	0.019394	0.0111977	0.0453967	0.129588	0.0190503	0.0198847	0.0411197	0.0145896	0.0702585	0.0366757	0.0955997	0.107019	0.0113675	0.00175833	0.00520052
120	0.0103708	0.00415144	0.00554846	0.00890849	0.0242323	0.0142488	0.00775715	0.235595	0.0255961	0.113461	0.0120785	0.0327594	0.00895779	0.00704202	0.00868633	0.0179647	0.197881	0.258531	0.00241343	0.00381554
121	0.0131161	0.00503282	0.00660245	0.00624441	0.0738195	0.0164441	0.00625899	0.119082	0.0291619	0.278692	0.276511	0.00846161	0.0165349	0.00579862	0.00755156	0.0248031	0.0299137	0.0541236	0.0149717	0.00687612
122	0.00799658	0.00932439	0.0335729	0.113353	0.00652902	0.0237238	0.0101317	0.0177777	0.47678	0.0462083	0.00931688	0.0793996	0.00861726	0.0150054	0.0330304	0.0552535	0.0244186	0.0185365	0.00163866	0.00938567
123	0.0458294	0.00327651	0.0614318	0.204299	0.0106371	0.0177595	0.014171	0.0149378	0.179697	0.0127768	0.00478684	0.0166807	0.00776498	0.295988	0.0409007	0.0231212	0.0244521	0.0113548	0.00508203	0.00505315
124	0.0175448	0.00397634	0.00622905	0.00766379	0.0726762	0.0179616	0.00610335	0.0975713	0.0287521	0.212236	0.310969	0.0103984	0.0182463	0.00622304	0.00766109	0.0370478	0.0404034	0.065503	0.0267871	0.00604706
125	0.020765	0.00249492	0.49186	0.0935038	0.00528219	0.0575047	0.0127505	0.0456233	0.0460985	0.0113508	0.00416529	0.0688795	0.00802866	0.0418293	0.0145494	0.0216199	0.0202337	0.0193911	0.00241831	0.0116511
126	0.00801442	0.00793479	0.00776783	0.00582157	0.0535723	0.0051629	0.00879092	0.105714	0.0188308	0.588265	0.047255	0.00748139	0.0261813	0.00689554	0.00816053	0.0107969	0.0296146	0.0404564	0.00177173	0.0115119
127	0.00958829	0.00249139	0.00510452	0.0071752	0.0368588	0.0077763	0.00587823	0.255438	0.0283104	0.0888546	0.0120604	0.0204925	0.009895	0.00622859	0.00620015	0.0225914	0.290585	0.178173	0.00251878	0.00377962
128	0.00263748	0.000790923	0.651121	0.0564011	0.00319578	0.0102578	0.0182751	0.00752013	0.0441438	0.0106702	0.00146013	0.107263	0.00354996	0.00478972	0.00448409	0.0294792	0.00624498	0.00589932	0.000857269	0.0309589
129	0.0325574	0.00560096	0.0068547	0.00870548	0.0146124	0.00843262	0.00805207	0.531452	0.0860895	0.057747	0.0610597	0.0136823	0.0139433	0.01585	0.0102537	0.0137932	0.0338342	0.0697309	0.00348488	0.00426375
130	0.0141167	0.00436489	0.0154202	0.0263532	0.0369895	0.0193858	0.0276347	0.019266	0.0277109	0.0332736	0.0122336	0.0277233	0.018142	0.0747136	0.0165602	0.024956	0.0248531	0.0199913	0.219334	0.336977
131	0.0116965	0.00277945	0.022985	0.0437938	0.0181701	0.0257729	0.0247255	0.0316321	0.153777	0.0312181	0.0222507	0.126552	0.0204462	0.0225908	0.309204	0.0497956	0.035139	0.0269556	0.00443158	0.0160845
132	0.0608794	0.00348954	0.0644236	0.0586889	0.00557396	0.0460264	0.0130508	0.0173461	0.133812	0.0136871	0.00637398	0.0271567	0.0113773	0.0296208	0.0813841	0.0327396	0.363596	0.0229887	0.00262106	0.00516364
133	0.0064708	0.0160039	0.00744595	0.00709264	0.414017	0.00894242	0.0091617	0.0846215	0.0184366	0.235459	0.0185418	0.014305	0.00857311	0.00458865	0.0111258	0.0207906	0.0188852	0.0512273	0.00186258	0.0424482
134	0.00934647	0.00449014	0.0227731	0.0304666	0.102418	0.056108	0.157618	0.013764	0.0324169	0.0238582	0.00762136	0.0722844	0.0220372	0.0210168	0.0170071	0.0296541	0.0165935	0.0179363	0.00761907	0.334971
135	0.0465741	0.00307052	0.00826034	0.0517194	0.0108955	0.0154587	0.0219604	0.0154834	0.0364642	0.0403835	0.00457652	0.0169539	0.483115	0.0200828	0.0547292	0.062513	0.0566232	0.0402272	0.00271022	0.00819892
136	0.00999026	0.00958713	0.111408	0.124807	0.00706373	0.022871	0.00790861	0.0114498	0.4153	0.0533692	0.00511706	0.112413	0.0054398	0.00574998	0.0113013	0.0370993	0.00923154	0.0191707	0.00107462	0.0196479
137	0.00869939	0.00231674	0.0155481	0.0705557	0.00409691	0.0545862	0.0100784	0.0402947	0.162692	0.0326008	0.0133103	0.0885311	0.0131846	0.0603774	0.0318182	0.043641	0.324896	0.014696	0.00161537	0.00646086
138	0.0114576	0.00235998	0.013215	0.0663604	0.00248895	0.0110657	0.0261262	0.0174578	0.508755	0.0113898	0.0141012	0.0322214	0.0132897	0.028588	0.119751	0.0407703	0.0640974	0.0111219	0.00109304	0.00428983
139	0.0297626	0.00180873	0.144201	0.173329	0.00357434	0.362988	0.00690685	0.0136459	0.0431008	0.0115283	0.00366165	0.0260476	0.0164557	0.0127482	0.0269959	0.0250606	0.0631678	0.0282625	0.00179412	0.00495994
140	0.0139658	0.0111623	0.0273846	0.0361436	0.169462	0.0223651	0.0559081	0.024961	0.0258326	0.0553664	0.0091733	0.0269456	0.0798789	0.0169815	0.0174677	0.0390351	0.0227118	0.0245534	0.0105065	0.310195
141	0.0384822	0.00380789	0.0122551	0.0382405	0.00697792	0.0279583	0.0135588	0.0586532	0.0749675	0.0364176	0.0176758	0.0411052	0.0313408	0.0170415	0.0239403	0.127702	0.395904	0.0193607	0.00256775	0.0120426
142	0.00509354	0.0268686	0.00650336	0.0079528	0.551307	0.0119151	0.0257775	0.0282291	0.0104621	0.0530111	0.00308815	0.00937743	0.00849188	0.00557169	0.00612952	0.0342174	0.0172524	0.042651	0.00317835	0.142922
143	0.00469051	0.0268814	0.00566441	0.00698099	0.533432	0.00686678	0.0150966	0.0408124	0.0104515	0.0885362	0.00641359	0.00792217	0.0069826	0.0051008	0.00567994	0.0329767	0.0279543	0.0458761	0.00424726	0.117434
144	0.0335734	0.00550234	0.0156341	0.0291644	0.0213644	0.025119	0.0152549	0.035188	0.0666978	0.105026	0.0137038	0.046215	0.0474446	0.0208953	0.0260421	0.381029	0.0698106	0.0249202	0.0035728	0.013843
145	0.284982	0.00619681	0.0168856	0.0231338	0.0121916	0.0252063	0.109069	0.0371304	0.0482953	0.0247236	0.00697444	0.10215	0.0170441	0.0214181	0.0319286	0.0533933	0.0544139	0.106112	0.00537627	0.0133738
146	0.0813068	0.00305596	0.00562959	0.0322375	0.0125667	0.0110795	0.0180708	0.0104321	0.017824	0.0517206	0.00321602	0.00956946	0.456485	0.00986344	0.0381437	0.0963019	0.0733891	0.0586405	0.0013811	0.00908664
147	0.0255284	0.0055037	0.0238872	0.0458185	0.0280367	0.0287778	0.409964	0.0233596	0.0646402	0.0388509	0.009079	0.0438035	0.0382208	0.0431367	0.0329035	0.0315914	0.0400373	0.025336	0.00589183	0.035633
148	0.052071	0.00202902	0.100885	0.083239	0.00309736	0.456295	0.0067778	0.0152015	0.0592051	0.0143393	0.00366143	0.0119707	0.0119511	0.0153297	0.035672	0.035361	0.0604316	0.0279351	0.0019475	0.00259992
149	0.0204091	0.00390999	0.0105817	0.0321054	0.0105064	0.0214716	0.0160388	0.090703	0.115522	0.0890205	0.0229176	0.0460011	0.0266745	0.024073	0.025338	0.0533291	0.345022	0.0287162	0.00330959	0.0143499
150	0.00487443	0.0462156	0.00455144	0.00529324	0.531328	0.00830364	0.0161147	0.0447054	0.00938924	0.0611202	0.00434089	0.00779407	0.00686597	0.00391135	0.00502717	0.0467515	0.0184157	0.0487393	0.00234566	0.123913
151	0.0381879	0.00354884	0.0100981	0.0253776	0.00793667	0.0291816	0.0105545	0.019971	0.0497812	0.0306466	0.00761156	0.0393721	0.0303283	0.0138006	0.0169163	0.499709	0.141551	0.0156456	0.00227969	0.00750218
152	0.0750984	0.0486667	0.0247063	0.0369897	0.00779827	0.0188129	0.0283074	0.0587521	0.361262	0.0163456	0.0301467	0.0266738	0.0190233	0.0430805	0.110984	0.0304804	0.0344846	0.0177776	0.0029637	0.00764662
153	0.0116844	0.00515363	0.00782277	0.00605382	0.0369991	0.00898591	0.00504326	0.568132	0.0229436	0.119206	0.0333313	0.011569	0.00711074	0.00746285	0.00688456	0.0199115	0.0441057	0.0653238	0.00836709	0.003909
154	0.00961613	0.00136094	0.619067	0.0569228	0.0043873	0.0226541	0.0170503	0.0135082	0.0446138	0.0115336	0.00244683	0.0936168	0.0057173	0.00817722	0.0076192	0.0325848	0.0121561	0.0100096	0.00159355	0.0253647
155	0.0108926	0.00480643	0.0259209	0.0356369	0.0895075	0.0371037	0.195015	0.0145315	0.035593	0.0236738	0.0090414	0.0503179	0.0247062	0.0238843	0.0191023	0.0284934	0.0190576	0.0189598	0.00962447	0.324131
156	0.00636267	0.00600679	0.00257309	0.00275266	0.068757	0.00509946	0.00393567	0.542136	0.00873553	0.116794	0.0252002	0.00746524	0.00351205	0.00409543	0.0028348	0.0282315	0.0678757	0.0843333	0.00882101	0.00447788
157	0.00541008	0.0059923	0.00268473	0.00244022	0.0460875	0.00450341	0.00296046	0.585469	0.00862818	0.150946	0.0320291	0.00801385	0.00393948	0.00369699	0.00308458	0.0209367	0.037385	0.0633158	0.00976347	0.00271297
158	0.0793581	0.00245596	0.0702527	0.0640161	0.00828617	0.400169	0.00666808	0.0474016	0.0197252	0.0192621	0.00703489	0.0151999	0.0140613	0.00750401	0.0267908	0.0226746	0.0600956	0.124448	0.00163624	0.00295943
159	0.0242722	0.00590738	0.0207537	0.0274425	0.199027	0.157038	0.167077	0.0336902	0.0428634	0.0298115	0.0123435	0.0360993	0.0209336	0.019966	0.0256877	0.0424996	0.0313901	0.0348104	0.00539509	0.0629924
160	0.0508991	0.0129618	0.0452599	0.0448088	0.00379147	0.0117834	0.0391363	0.0580603	0.457525	0.00978465	0.027713	0.0185067	0.0145334	0.0387196	0.0966757	0.0230854	0.0288982	0.0124998	0.00200519	0.00335211
161	0.0243414	0.00184836	0.00795854	0.022698	0.00419159	0.0145545	0.0385933	0.0672581	0.131141	0.0229968	0.0113229	0.130789	0.0129426	0.0152031	0.0180576	0.0744698	0.378647	0.0116939	0.00159947	0.00969315
162	0.0118228	0.00482594	0.0480829	0.0131714	0.0567324	0.211202	0.0106632	0.267575	0.0227488	0.116168	0.0597524	0.0550935	0.0089528	0.00869186	0.0142055	0.0177761	0.0266909	0.0361196	0.00310759	0.00661655
163	0.0318949	0.0080734	0.00697666	0.0103761	0.0297868	0.00779347	0.0100511	0.146123	0.0490365	0.478234	0.0346659	0.0136186	0.021043	0.0112665	0.011986	0.0168917	0.0617144	0.040084	0.00147722	0.00890653
164	0.0121272	0.00301666	0.00813526	0.00995307	0.0153152	0.0145185	0.114195	0.0110564	0.0271697	0.0505754	0.00572973	0.392357	0.00983919	0.0432267	0.0226166	0.053635	0.020438	0.0452809	0.00547725	0.135338
165	0.0109979	0.00426155	0.010033	0.0336299	0.00397742	0.0183376	0.0176597	0.0566867	0.331578	0.0157919	0.0214005	0.0413297	0.0345823	0.0213313	0.270449	0.0452818	0.0320291	0.0210543	0.00167361	0.00791428
166	0.00960443	0.058554	0.00886492	0.010543	0.273071	0.0113427	0.0140107	0.109584	0.0187364	0.0575477	0.0118903	0.013977	0.0116753	0.00844477	0.00972096	0.0635999	0.0249587	0.064418	0.00447714	0.214979
167	0.00931615	0.00283423	0.00907367	0.0459894	0.00235687	0.0082185	0.030765	0.020479	0.541431	0.00998729	0.0133257	0.0307795	0.0103875	0.0252008	0.120749	0.036928	0.0644044	0.0125697	0.00112716	0.00407666
168	0.0271153	0.00360648	0.0491732	0.234024	0.00604571	0.103878	0.0113919	0.0183719	0.140907	0.0169691	0.0120724	0.0354626	0.018489	0.0320374	0.0446598	0.047543	0.169925	0.0197976	0.00226168	0.00626831
169	0.0130762	0.00582746	0.00496538	0.00597187	0.0463797	0.00878933	0.00479392	0.541816	0.0174113	0.130147	0.0299117	0.0122342	0.00709938	0.00540616	0.00481176	0.0202811	0.0432152	0.0867711	0.00727047	0.00382114
170	0.0284229	0.011895	0.0301579	0.0131768	0.0127104	0.0907647	0.0116163	0.141811	0.0117792	0.192596	0.046632	0.0124213	0.00715001	0.00518111	0.0121863	0.00869528	0.0265256	0.330034	0.00215331	0.00409132
171	0.01725	0.00324144	0.0103233	0.0224645	0.0111185	0.0155381	0.0125277	0.042253	0.0419526	0.0746871	0.00820315	0.132003	0.299872	0.0186944	0.0201836	0.0368385	0.192024	0.0284501	0.00394511	0.00843011
172	0.0834501	0.239306	0.0109241	0.017341	0.00913172	0.0149427	0.0595376	0.0711011	0.0294567	0.0230826	0.00686969	0.021626	0.0132149	0.107076	0.0176284	0.0710229	0.172197	0.0207407	0.0040759	0.00727558
173	0.16839	0.0028159	0.0423473	0.0159324	0.0141785	0.0320396	0.0286785	0.293541	0.014727	0.0619275	0.00564817	0.0109479	0.0116007	0.0107432	0.0407626	0.0132473	0.11119	0.116374	0.00169634	0.00321233
174	0.00519528	0.00813577	0.00549535	0.00251875	0.0622996	0.00316683	0.00855389	0.109674	0.0143957	0.603847	0.0516256	0.00453957	0.0245987	0.00584513	0.0073621	0.00710311	0.0246595	0.0393111	0.00114391	0.0105292
175	0.064421	0.00345252	0.021015	0.033131	0.0126435	0.110431	0.0169408	0.0276169	0.0649852	0.0267871	0.00744165	0.071407	0.0253326	0.0164427	0.0285809	0.379926	0.054803	0.0188759	0.00304178	0.0127241
176	0.0028215	0.00103887	0.650574	0.056745	0.00281286	0.0102774	0.0179904	0.00758449	0.0446091	0.0105894	0.00144106	0.10761	0.00355773	0.00461882	0.00449768	0.029412	0.00607853	0.00596673	0.000753977	0.0310198
177	0.0213573	0.00310592	0.0208448	0.0608307	0.0223071	0.0225346	0.43231	0.0179292	0.0661825	0.0301816	0.00709879	0.03239	0.0341795	0.0819676	0.0291262	0.0226122	0.0341175	0.0193442	0.011395	0.0301857
178	0.153619	0.00437959	0.0124892	0.016372	0.0073738	0.0188798	0.245073	0.0170749	0.0877828	0.0141287	0.0045375	0.169297	0.00974842	0.0127845	0.0173111	0.137328	0.0340579	0.0231674	0.00356982	0.0110256
179	0.127598	0.0443793	0.0130826	0.0179728	0.0122239	0.181238	0.0108242	0.0171352	0.0248194	0.0298798	0.00636163	0.0187444	0.26691	0.0130143	0.0246419	0.0362793	0.0773284	0.0671364	0.0030089	0.0074215
180	0.00691503	0.00604173	0.00425614	0.00351058	0.0387424	0.0053517	0.00513929	0.352766	0.0151846	0.34304	0.0702569	0.00735771	0.0128888	0.00608132	0.00492362	0.0145248	0.0407502	0.05007	0.00629644	0.00590245
181	0.00649415	0.00260403	0.00858068	0.0605848	0.00556795	0.0142996	0.0251095	0.0196852	0.196965	0.0229179	0.0238059	0.0538589	0.011966	0.0413575	0.328687	0.0748054	0.0280383	0.0173812	0.00225889	0.0550326
182	0.00475023	0.00890123	0.00513682	0.00301561	0.0580353	0.00261743	0.00772578	0.117349	0.0149365	0.600882	0.0509656	0.00406206	0.0227936	0.00559802	0.00656738	0.00806596	0.025794	0.0411187	0.00130165	0.0103834
183	0.0053382	0.00530325	0.00269783	0.00351066	0.0444926	0.00448097	0.00321006	0.577156	0.00904872	0.138851	0.0383671	0.00795548	0.003982	0.00366625	0.00275028	0.0289843	0.0449112	0.0592922	0.0124999	0.00350204
184	0.00434879	0.0363145	0.00351269	0.00326451	0.523052	0.00589995	0.0101008	0.0745024	0.00711646	0.100573	0.00758532	0.00548328	0.00448674	0.00300877	0.00394832	0.0368687	0.0202067	0.0594108	0.00158192	0.0887347
185	0.00845424	0.00165791	0.116633	0.0187348	0.00373979	0.0903207	0.0347929	0.00921789	0.102502	0.0270659	0.0067089	0.297108	0.0356179	0.00701237	0.0456815	0.15291	0.0193419	0.0112579	0.00425952	0.00698258
186	0.00848545	0.00482038	0.011571	0.0228003	0.0408174	0.0176035	0.00878784	0.0248787	0.321467	0.0791202	0.0606909	0.274343	0.00951873	0.0132339	0.0258035	0.0293218	0.0249034	0.0142221	0.00214766	0.00546374
187	0.00822102	0.00230039	0.159785	0.0267847	0.00517228	0.110979	0.0275016	0.00902112	0.0991719	0.0229059	0.00515312	0.294548	0.0308049	0.00698241	0.0322404	0.1183	0.0169951	0.0107956	0.00353481	0.00880341
188	0.0191025	0.0029437	0.00721588	0.0124576	0.0145573	0.0095138	0.00845083	0.413641	0.0828728	0.0834173	0.0219104	0.0207736	0.0437935	0.0103985	0.00812778	0.0152742	0.122591	0.0948848	0.00307902	0.00499407
189	0.00921245	0.0027192	0.027389	0.0181563	0.011246	0.0819261	0.0169711	0.0224697	0.0536589	0.0217279	0.0417363	0.305176	0.0859655	0.0174436	0.0745795	0.108989	0.0240927	0.0182247	0.0490921	0.00922385
190	0.00975046	0.00362454	0.0198312	0.0237321	0.166395	0.0603908	0.0104073	0.121791	0.0919301	0.0401102	0.00971927	0.243868	0.0124778	0.0128455	0.100854	0.0191995	0.0295037	0.0132462	0.00379579	0.00652731
191	0.0747184	0.0039611	0.0623119	0.0237246	0.00699557	0.323041	0.00742302	0.0130166	0.0492933	0.0715998	0.00496763	0.0143691	0.0610845	0.00778214	0.0767934	0.0622877	0.103359	0.024266	0.00268448	0.00632095
192	0.00949334	0.0094615	0.0390449	0.110294	0.00704452	0.0254796	0.0109356	0.0164648	0.440169	0.0507191	0.0134405	0.104174	0.0109156	0.0153599	0.0334975	0.0525707	0.0211694	0.0181058	0.00141059	0.010249
193	0.0493352	0.00281579	0.00810543	0.0181912	0.0389682	0.0132752	0.0117983	0.0131185	0.0192609	0.0727896	0.00520749	0.0166821	0.364552	0.0085256	0.0243262	0.185743	0.0821512	0.0262015	0.00153578	0.0374174
194	0.0220552	0.00197594	0.0116811	0.0396224	0.0052566	0.0328195	0.0109133	0.0375782	0.11021	0.0260742	0.0139155	0.0395089	0.0583673	0.0138483	0.0263246	0.140613	0.385825	0.0130704	0.00169132	0.00864879
