315	20
1	0.0192123	0.00122631	0.373678	0.0447838	0.00142722	0.0200888	0.105682	0.00307798	0.0261583	0.0190168	0.00666722	0.167965	0.00101933	0.0378249	0.029693	0.0684755	0.0498563	0.00349634	0.00179966	0.018851
2	0.1191	0.00548969	0.0348974	0.0500183	0.0448799	0.0225534	0.0277609	0.0614757	0.031119	0.0644542	0.0284748	0.0271148	0.0832368	0.0340777	0.0452598	0.104305	0.0780294	0.102544	0.00570944	0.0295
3	0.0693015	0.00100622	0.108952	0.148623	0.00682188	0.00984918	0.0208439	0.0120942	0.0981384	0.0180123	0.00855894	0.0882454	0.0455743	0.0478576	0.0487455	0.15032	0.081977	0.0126089	0.0118945	0.0105755
4	0.12491	0.00511776	0.0383895	0.0704762	0.0473996	0.0246364	0.0241878	0.0565516	0.04607	0.0648159	0.0295203	0.035683	0.0159107	0.0299119	0.0494989	0.119006	0.0914391	0.0923491	0.0071673	0.0269598
5	0.0846064	0.00182976	0.00199072	0.0129592	0.0144678	0.00380529	0.00440485	0.225397	0.0214084	0.0993062	0.00532841	0.00374637	0.055681	0.00368795	0.00273576	0.0255116	0.0289435	0.400368	0.000854665	0.00296644
6	0.125234	0.00512003	0.0380515	0.069638	0.0472571	0.0247063	0.0239062	0.0567275	0.0461883	0.0646717	0.0298191	0.0354801	0.0157769	0.0296986	0.0499107	0.118835	0.091445	0.0933391	0.00714402	0.0270508
7	0.118792	0.0168996	0.0180547	0.0421947	0.038768	0.0288768	0.042989	0.051435	0.0194713	0.0997388	0.0154835	0.0216049	0.00929638	0.0325434	0.0230561	0.204832	0.0947077	0.0420194	0.0334016	0.0458357
8	0.0366386	0.00723692	0.0250862	0.00427217	0.030523	0.0244666	0.45268	0.0036254	0.037094	0.0178328	0.00270273	0.0701459	0.000899663	0.0382597	0.0454142	0.0339798	0.0164891	0.0129487	0.00135163	0.138353
9	0.0342765	0.00707557	0.0131349	0.0474858	0.0241453	0.018452	0.210567	0.0161893	0.013748	0.160554	0.00993975	0.0939527	0.00430045	0.0224252	0.0164685	0.0799679	0.0583033	0.0289891	0.0108688	0.129156
10	0.0834721	0.000690863	0.173315	0.214241	0.0236493	0.0319972	0.0312347	0.00914609	0.0839141	0.0191431	0.00185884	0.0443852	0.00184749	0.0633928	0.0404629	0.109355	0.0303706	0.0213985	0.00102579	0.0150995
11	0.0292809	0.000934498	0.00166904	0.0015987	0.0499893	0.00206205	0.00150837	0.222287	0.00198579	0.25772	0.199264	0.00566564	0.00101573	0.0123866	0.00232034	0.0122333	0.0822086	0.090454	0.019669	0.0057467
12	0.0141527	0.00362005	0.00371579	0.00419395	0.370604	0.00739141	0.00945021	0.0634954	0.00713759	0.181371	0.0633899	0.00953689	0.00256606	0.0204586	0.0132622	0.0102572	0.0134982	0.0390862	0.00441895	0.158393
13	0.0375906	0.00686859	0.0264066	0.00274084	0.0308034	0.0253443	0.452744	0.00255199	0.0376016	0.0140781	0.00240917	0.0706147	0.000894025	0.0367167	0.0474884	0.033955	0.0155348	0.0111413	0.00132422	0.143191
14	0.164175	0.00719941	0.0150345	0.0237125	0.0247361	0.0828379	0.0257314	0.0130428	0.0455593	0.0285487	0.0194267	0.0434434	0.0342149	0.0362763	0.0649958	0.212747	0.084775	0.0538517	0.00173675	0.017955
15	0.0257178	0.00131203	0.00145276	0.00190536	0.134328	0.00311285	0.00429106	0.19068	0.00280467	0.259992	0.150871	0.00605517	0.00114242	0.0165804	0.00479692	0.0103296	0.0616849	0.0765158	0.0196693	0.0267577
16	0.0321158	0.00767941	0.100397	0.0464832	0.00191392	0.0375216	0.0403392	0.0232712	0.0742464	0.0231792	0.00750245	0.267842	0.00216777	0.035079	0.0677324	0.136655	0.0657792	0.0239193	0.000862247	0.00531305
17	0.100355	0.00355612	0.00929535	0.0138976	0.00121055	0.726972	0.00376398	0.00158195	0.00787915	0.00687206	0.00450128	0.00681893	0.00872231	0.0136564	0.011821	0.0490114	0.00929234	0.013799	0.00322851	0.00376539
18	0.0570952	0.00471108	0.00613851	0.018595	0.322114	0.0168091	0.0587545	0.0300504	0.00927122	0.151735	0.0332191	0.015221	0.00466514	0.0323256	0.0219381	0.0252469	0.0206889	0.0495408	0.0756484	0.0462318
19	0.555477	0.00436789	0.0078647	0.0069178	0.0143232	0.036776	0.00633955	0.00372651	0.0139413	0.027943	0.0121143	0.0101332	0.0391957	0.0156522	0.00924386	0.156704	0.0309889	0.0356529	0.00068182	0.0119561
20	0.276254	0.00392571	0.0210376	0.0294925	0.0365988	0.0252992	0.0172935	0.0400043	0.0215839	0.0556857	0.0192512	0.0270643	0.056171	0.0211498	0.0366204	0.105756	0.0552129	0.129304	0.00350995	0.0187848
21	0.0173568	0.00282522	0.0246164	0.0270499	0.0433283	0.00663848	0.0281664	0.0712921	0.170216	0.129581	0.0783075	0.00810468	0.00263436	0.0107824	0.194576	0.0360545	0.0771608	0.0639329	0.00222955	0.00514649
22	0.0211829	0.00154657	0.0015245	0.00119288	0.0545371	0.001808	0.00112058	0.207986	0.00161646	0.430315	0.0890913	0.0114021	0.00150757	0.00620893	0.00200318	0.0126497	0.0330497	0.10178	0.00572985	0.0137474
23	0.0708382	0.00148894	0.0762929	0.107452	0.00582752	0.0109362	0.0161551	0.0102252	0.0961789	0.0233815	0.0122986	0.0802171	0.0567153	0.0483119	0.0622792	0.177516	0.101937	0.0157727	0.0146939	0.0114817
24	0.20409	0.0141947	0.100749	0.0257237	0.00274984	0.00387268	0.0958048	0.00425983	0.0911171	0.048117	0.0384784	0.00532044	0.00156547	0.167012	0.020675	0.0738024	0.0628584	0.00855399	0.00685365	0.0242016
25	0.0118147	0.00112077	0.00687023	0.0151267	0.00231703	0.012166	0.0033188	0.0107537	0.00807019	0.0152847	0.0128634	0.0341696	0.00257543	0.0066687	0.0045877	0.260958	0.576625	0.00986305	0.00186524	0.00298119
26	0.186381	0.0122376	0.0104754	0.0102514	0.00606987	0.022096	0.00499868	0.0267119	0.0125989	0.0171597	0.0151259	0.0206093	0.00748045	0.00791369	0.0119773	0.189283	0.389396	0.0420274	0.00177451	0.00543156
27	0.016517	0.0090468	0.00161469	0.00258315	0.00229816	0.0121163	0.137306	0.00797485	0.0405393	0.00952832	0.00367709	0.00803404	0.000972802	0.0636681	0.639851	0.0113264	0.00479486	0.00520233	0.0124755	0.0104732
28	0.247049	0.00998253	0.00818392	0.00400296	0.00515253	0.0249919	0.00310588	0.0580504	0.00750012	0.0209485	0.0231593	0.0279654	0.00286049	0.00672192	0.0076635	0.246119	0.21473	0.0759466	0.00162482	0.00424162
29	0.0487561	0.00794407	0.0122645	0.0258507	0.0834643	0.0138391	0.0203892	0.0236407	0.0389294	0.0383846	0.0251487	0.0290455	0.0751244	0.0648659	0.0650189	0.0821029	0.0969818	0.0431102	0.161924	0.0432152
30	0.0224846	0.000770817	0.455853	0.182037	0.00569171	0.0684152	0.00539654	0.00336995	0.0318835	0.00566857	0.001969	0.0772468	0.00551475	0.044383	0.00871581	0.0498629	0.0104188	0.0144407	0.00227731	0.00359969
31	0.00709318	0.00116973	0.00149201	0.00229541	0.513592	0.00767482	0.0103658	0.0345493	0.00775066	0.133956	0.0496506	0.00784221	0.000763806	0.0141033	0.0145255	0.00474551	0.00697071	0.0177346	0.00405034	0.159674
32	0.0818092	0.000748998	0.167113	0.223646	0.0233594	0.0309726	0.0295722	0.0100189	0.082084	0.0186601	0.00192357	0.0438089	0.00216098	0.0645406	0.0417486	0.110264	0.0291146	0.0223521	0.00100561	0.0150976
33	0.0140657	0.000819604	0.515802	0.156251	0.00172672	0.0799546	0.00194486	0.0024005	0.0211015	0.00315203	0.00211343	0.0891363	0.00676366	0.0428856	0.00228429	0.032449	0.00905932	0.013841	0.00256688	0.00168273
34	0.0369938	0.00639141	0.000747343	0.000933708	0.0133298	0.00141863	0.00112745	0.242451	0.000909832	0.0243107	0.0398344	0.0014375	0.000592458	0.00158005	0.00101741	0.0314038	0.0393352	0.550287	0.000319791	0.00557824
35	0.0245949	0.001688	0.000505834	0.00144515	0.0092233	0.00246961	0.00111467	0.403573	0.00166265	0.0576541	0.0219229	0.00156779	0.00276427	0.00145273	0.000680725	0.00843694	0.012812	0.444392	0.000431464	0.00160784
36	0.0157024	0.000553338	0.000455846	0.00120704	0.00457378	0.00125698	0.000545903	0.486782	0.000638097	0.0478871	0.0114455	0.000882141	0.000762879	0.000718944	0.000647996	0.00305724	0.00799316	0.41406	0.000212559	0.000616596
37	0.0688492	0.0031164	0.0123332	0.0140093	0.00342949	0.766514	0.00388697	0.00185533	0.00677256	0.0039584	0.00512474	0.00903777	0.00808585	0.0114571	0.0111152	0.0422978	0.0100294	0.0105868	0.00383522	0.00370509
38	0.0293464	0.00208591	0.000891907	0.00116294	0.0512334	0.00616548	0.0084957	0.22462	0.00804744	0.104242	0.0556269	0.0127951	0.00103887	0.00927628	0.00112172	0.0116034	0.0178697	0.448611	0.00398897	0.0017763
39	0.00582004	0.00134691	0.000483875	0.00299358	0.023024	0.00133479	0.000580316	0.561324	0.000620861	0.156692	0.0322043	0.00092507	0.00111962	0.00181277	0.000665107	0.00199795	0.00652804	0.199698	0.000268409	0.000560106
40	0.0361289	0.0029235	0.435257	0.0745425	0.00915569	0.0325791	0.0419757	0.00738684	0.0293605	0.0154859	0.00708441	0.103618	0.00621967	0.0341211	0.0158875	0.0506557	0.0275785	0.017045	0.0308188	0.0221757
41	0.00422436	0.000652929	0.00121768	0.00784427	0.000905052	0.00964175	0.000906911	0.00948172	0.00526876	0.0118282	0.0127637	0.022789	0.000722546	0.00532805	0.00122752	0.282648	0.61453	0.00675271	0.000406457	0.000860238
42	0.0486196	0.00570829	0.0346765	0.032521	0.0370648	0.0219603	0.031439	0.014645	0.0182152	0.0418266	0.011861	0.116661	0.0125137	0.0186111	0.0250254	0.191843	0.0804302	0.0337142	0.141208	0.0814558
43	0.0746808	0.00605834	0.061319	0.0219181	0.0230007	0.0525613	0.01573	0.0226869	0.0181645	0.0380483	0.0162641	0.0270312	0.321236	0.0185542	0.0203981	0.131861	0.0449985	0.0692718	0.00328371	0.0129333
44	0.0336894	0.00110964	0.375335	0.17299	0.0080943	0.0714089	0.0113384	0.00595574	0.0453094	0.010267	0.00294716	0.0864678	0.00543513	0.0507698	0.0186288	0.0563115	0.0182593	0.0178379	0.00182664	0.00601819
45	0.195165	0.00767133	0.02104	0.0221334	0.0177573	0.0305832	0.136589	0.0221889	0.0303318	0.0757766	0.0189727	0.0265834	0.0119271	0.0372888	0.0696439	0.162058	0.0480906	0.0423573	0.00452507	0.019316
46	0.0567087	0.00231471	0.0182067	0.320566	0.00352471	0.0194673	0.00331707	0.00453983	0.0991848	0.0644026	0.00456886	0.00503424	0.200703	0.0928731	0.0468439	0.0228201	0.0080633	0.0220162	0.00148315	0.00336145
47	0.104042	0.0147561	0.00115347	0.00109466	0.00117761	0.0383806	0.000905953	0.00391488	0.0012927	0.00348635	0.0111511	0.0102828	0.00271527	0.00158512	0.00150406	0.770024	0.0179681	0.00878858	0.00467606	0.00110059
48	0.00759712	0.00148485	0.00177128	0.00227321	0.507029	0.00783164	0.0102328	0.0360579	0.00813942	0.136498	0.0496558	0.00781864	0.000801195	0.0137555	0.0142426	0.0047345	0.00724206	0.0196835	0.00406454	0.159087
49	0.0230767	0.00358054	0.124923	0.0240158	0.0015529	0.0291063	0.0579179	0.00801265	0.0517112	0.0151203	0.0097836	0.334209	0.000956622	0.0177698	0.0571189	0.179316	0.0502139	0.00420058	0.000846093	0.00656848
50	0.0174904	0.00086527	0.495441	0.162184	0.00292116	0.076393	0.00372856	0.00301294	0.0240637	0.00424947	0.00205078	0.0866931	0.00650129	0.0426925	0.00474904	0.0375205	0.0103161	0.0142461	0.00254669	0.00233538
51	0.0808435	0.000877148	0.156484	0.187044	0.0196405	0.0280328	0.0361772	0.0124177	0.0979783	0.0181028	0.00288331	0.0568656	0.00377079	0.062274	0.0462825	0.103456	0.0445557	0.0248813	0.00232347	0.0151086
52	0.0526182	0.00336683	0.00896905	0.00775806	0.00112264	0.0017748	0.0180887	0.00733329	0.00941274	0.0235035	0.0109936	0.00810337	0.728655	0.0101691	0.00920602	0.0645449	0.0239389	0.00939015	0.000295612	0.000755875
53	0.0813682	0.00177922	0.0024313	0.0132346	0.013169	0.00360667	0.00460094	0.229081	0.0220345	0.0977534	0.00504989	0.00412621	0.0603359	0.0042843	0.00298345	0.0240461	0.0290779	0.396619	0.000879325	0.00353966
54	0.0526746	0.00361187	0.00944521	0.00873026	0.00281142	0.00319751	0.0177063	0.00895497	0.010022	0.0255263	0.0116085	0.00898574	0.691924	0.0112864	0.0104172	0.0687937	0.0383939	0.0133946	0.000747224	0.00176848
55	0.12825	0.0041212	0.020413	0.0416887	0.0222484	0.0506692	0.020486	0.0126976	0.0844909	0.0390158	0.0202555	0.0357314	0.0530007	0.0531039	0.0793167	0.181527	0.0878237	0.0402174	0.00562544	0.0193168
56	0.0230663	0.00459319	0.00133793	0.00535541	0.00374989	0.0196065	0.10549	0.0106089	0.119404	0.0127056	0.00583944	0.0236063	0.000659887	0.0620857	0.552606	0.022383	0.00768765	0.00634041	0.00555885	0.00731474
57	0.0306074	0.00576514	0.0108401	0.0232471	0.138166	0.0228204	0.0273478	0.012674	0.00973917	0.043435	0.0132734	0.0556241	0.0115048	0.0281036	0.0185975	0.0499139	0.029013	0.0248332	0.417818	0.0266764
58	0.0148805	0.000857073	0.00107082	0.00574269	0.00921587	0.0149154	0.018441	0.00741534	0.567011	0.00838441	0.0209952	0.0324573	0.000654019	0.0174111	0.239791	0.0183359	0.0139131	0.00556579	0.00117879	0.00176344
59	0.0529428	0.0026432	0.0126496	0.0150475	0.00525868	0.761094	0.00492246	0.00196035	0.00831732	0.00450841	0.00506198	0.0104153	0.00870854	0.0125365	0.0120111	0.0419084	0.00924327	0.00936457	0.0183084	0.00309717
60	0.0743146	0.16175	0.0182149	0.0258373	0.0814298	0.0270004	0.027429	0.0385608	0.0207008	0.0586153	0.0244	0.0874413	0.0152074	0.0250024	0.023621	0.0697447	0.123345	0.0562909	0.0146785	0.0264155
61	0.0252328	0.00361442	0.119396	0.0207145	0.00214427	0.0431127	0.0522403	0.00953742	0.0354569	0.0177583	0.00647717	0.38883	0.00108335	0.0241649	0.0503507	0.134524	0.0503787	0.00644874	0.000902217	0.00763205
62	0.0298994	0.000817468	0.00171464	0.00970261	0.010633	0.0391719	0.0355344	0.00703831	0.355631	0.0175991	0.0181001	0.0530503	0.000680043	0.0332394	0.324971	0.0409459	0.0100283	0.00713343	0.00116878	0.00294091
63	0.0530153	0.00494222	0.0169964	0.0265233	0.0169652	0.0163071	0.0182414	0.0372946	0.390306	0.0323796	0.0240836	0.0312204	0.00917016	0.0213021	0.114376	0.0405766	0.0454985	0.0846386	0.00447951	0.0116828
64	0.0149458	0.00165445	0.000775079	0.00166599	0.0435982	0.00194847	0.000688815	0.325124	0.000712741	0.364218	0.039793	0.00474749	0.000746968	0.00313325	0.000741896	0.00307714	0.0177995	0.166729	0.00259606	0.00530473
65	0.0190383	0.00109795	0.000552783	0.00194842	0.017435	0.00362441	0.00119506	0.480521	0.00120739	0.111125	0.0558922	0.00180757	0.00175225	0.00185888	0.000667943	0.00500704	0.00822204	0.2848	0.000564131	0.00168222
66	0.113392	0.00393187	0.00845428	0.0139926	0.00159327	0.710585	0.00288461	0.00309166	0.00697614	0.00600433	0.00436528	0.00630858	0.00912118	0.0118627	0.0172488	0.0444165	0.008656	0.0205458	0.00269757	0.00387192
67	0.0671176	0.00337892	0.0387271	0.0141424	0.00359526	0.682432	0.00475474	0.00276726	0.00826217	0.00612768	0.00618598	0.00988975	0.0227643	0.0130943	0.0121909	0.0677683	0.0135311	0.0138872	0.00412255	0.0052604
68	0.0492332	0.00893483	0.0400461	0.015547	0.0299889	0.024558	0.384081	0.014813	0.03335	0.0368311	0.0089058	0.0587756	0.0074517	0.0423766	0.0552065	0.0423405	0.0274621	0.0239016	0.00492378	0.0912731
69	0.0675846	0.00287373	0.0100806	0.0135364	0.00114947	0.771591	0.00331611	0.00201128	0.00912738	0.00356156	0.00506283	0.00775308	0.00801959	0.0112202	0.0135334	0.0429187	0.00873038	0.0113331	0.00367051	0.00292564
70	0.00619247	0.00084276	0.00122051	0.00780196	0.000920013	0.0101633	0.000889873	0.00943214	0.00518328	0.011674	0.0126607	0.022612	0.000776852	0.00530232	0.00119462	0.291297	0.603779	0.00674796	0.000473931	0.000834677
71	0.0899907	0.011262	0.0380198	0.0779849	0.0754109	0.0229903	0.19784	0.0325539	0.032398	0.0630185	0.0139456	0.0390179	0.0119689	0.0722745	0.0318368	0.0626359	0.0413001	0.0437482	0.0132524	0.0285503
72	0.0470452	0.156369	0.00567333	0.00572138	0.00705118	0.0075373	0.00491956	0.0348414	0.00612975	0.0384651	0.00787941	0.00898388	0.00283188	0.00666952	0.0067864	0.0160774	0.432225	0.196504	0.00236025	0.00592917
73	0.667863	0.00083097	0.00768927	0.000674633	0.00386418	0.0348496	0.000575757	0.00205259	0.00231135	0.0175957	0.0101331	0.00530234	0.0208023	0.00687272	0.00128275	0.148279	0.0301183	0.0344575	0.000216193	0.00422863
74	0.185168	0.0164449	0.00322025	0.00228563	0.0022023	0.036425	0.0020982	0.00881917	0.00339605	0.00724688	0.0113362	0.00928817	0.00310663	0.00402229	0.00444512	0.554937	0.123483	0.0176306	0.00231154	0.00213433
75	0.0164095	0.0017359	0.00316717	0.00198117	0.00243305	0.00249648	0.00195206	0.0923265	0.0104005	0.00494759	0.00778656	0.00891372	0.00253695	0.00266833	0.0112906	0.0233159	0.77976	0.0233987	0.000821764	0.00165782
76	0.25025	0.00331735	0.00208799	0.0053738	0.00913348	0.0140243	0.00315814	0.157387	0.00378742	0.040976	0.0208012	0.00299612	0.0129978	0.00246745	0.00246547	0.0492354	0.0401646	0.3748	0.00062717	0.0039497
77	0.702806	0.00249053	0.000869262	0.00092535	0.000943912	0.193179	0.000846896	0.00275628	0.000980864	0.00473431	0.00151538	0.00180069	0.00106517	0.00132217	0.00360508	0.0286699	0.00783022	0.042356	0.000385231	0.000917837
78	0.0672612	0.00304241	0.0130141	0.0141182	0.000982395	0.776555	0.00381076	0.00143955	0.00652372	0.00329735	0.00450636	0.00780578	0.00796296	0.0115216	0.0113885	0.0424828	0.00750657	0.0101851	0.00373476	0.0028607
79	0.155205	0.0187621	0.0225423	0.0124265	0.0119944	0.0605438	0.00999908	0.00998949	0.0307063	0.0145274	0.0393043	0.114588	0.0112355	0.0132785	0.101425	0.202154	0.0769537	0.0685861	0.00196513	0.0238136
80	0.018567	0.00379263	0.00315079	0.000949969	0.0825744	0.00149797	0.00111734	0.1934	0.00166332	0.422902	0.0628737	0.00909546	0.0015657	0.00971862	0.00193417	0.0080216	0.0311012	0.104591	0.00421108	0.0372726
81	0.702438	0.0024972	0.000776988	0.000925878	0.000905369	0.204374	0.000834621	0.00182308	0.000929596	0.0041968	0.00129334	0.00159272	0.000660707	0.00125882	0.00361526	0.0262059	0.00654575	0.0379138	0.000386117	0.000825971
82	0.135049	0.00518142	0.0161386	0.036186	0.022486	0.0592074	0.021549	0.00864583	0.0812274	0.0346806	0.0194992	0.0358573	0.0526768	0.0521365	0.0792349	0.192995	0.0860293	0.0379469	0.00440647	0.0188666
83	0.0649584	0.00576588	0.0134534	0.0143519	0.00423164	0.693518	0.00647639	0.00621813	0.00753812	0.00942894	0.00912814	0.0125149	0.00860105	0.0119654	0.0113453	0.05752	0.0356713	0.0171945	0.00441009	0.00570856
84	0.0969278	0.00414944	0.0245712	0.00226844	0.0102621	0.0271037	0.00229044	0.0767694	0.00298296	0.079043	0.0616141	0.0267606	0.00106603	0.0077684	0.0138043	0.0620055	0.327353	0.158031	0.000848301	0.01438
85	0.496018	0.00270483	0.00452916	0.00203506	0.00543052	0.0313801	0.00240218	0.125685	0.00236889	0.0333072	0.0437926	0.0048118	0.00123655	0.00457201	0.00489055	0.0272592	0.0632546	0.141464	0.000848747	0.0020091
86	0.0861584	0.00276919	0.00876486	0.0200549	0.00843105	0.0217664	0.0803792	0.0164638	0.187625	0.0194784	0.0155079	0.0273236	0.00243673	0.0619025	0.304269	0.0551949	0.0364629	0.0317243	0.00415908	0.00912826
87	0.094024	0.0189958	0.00868354	0.0128068	0.00271427	0.695812	0.00392369	0.00696055	0.00592878	0.00937426	0.00625294	0.0100851	0.00921883	0.0108359	0.0125944	0.0477122	0.0159916	0.0179579	0.00308551	0.00704212
88	0.291121	0.00417533	0.0111658	0.00382208	0.0108076	0.0986075	0.00266915	0.100359	0.00333867	0.0366441	0.0553885	0.00741845	0.00240094	0.00936703	0.00523831	0.0632526	0.108215	0.181269	0.000995231	0.00374551
89	0.53779	0.00255887	0.0132713	0.00971492	0.00984172	0.0486663	0.00507636	0.011753	0.0100429	0.0335327	0.0130186	0.0205306	0.0206531	0.00994208	0.0099401	0.133848	0.0359672	0.0656369	0.00117799	0.00703722
90	0.0518697	0.00317798	0.00892504	0.00776622	0.00110277	0.00175196	0.0180526	0.00717811	0.00926835	0.0239438	0.0112374	0.00791998	0.730079	0.01006	0.00909694	0.0643037	0.0238481	0.00932432	0.000291926	0.000801982
91	0.0310786	0.0018148	0.00290403	0.00543138	0.0173228	0.105844	0.11428	0.00567543	0.125329	0.0776015	0.0353968	0.053171	0.00184682	0.0115157	0.281317	0.080659	0.00914853	0.0209702	0.00139569	0.0172974
92	0.340524	0.0342432	0.00243967	0.0038638	0.00468087	0.0312071	0.00256579	0.0113681	0.00452939	0.00986564	0.0155353	0.00989358	0.00369918	0.00543866	0.00754079	0.285412	0.182931	0.0385182	0.000978898	0.00476471
93	0.0207588	0.011398	0.00294016	0.00288976	0.0035578	0.0109548	0.153719	0.00783864	0.0351126	0.00927997	0.00390895	0.00931334	0.00118612	0.0645103	0.609942	0.0118097	0.00548154	0.00599429	0.0147677	0.0146362
94	0.00657268	0.00138094	0.00047362	0.00345367	0.0221199	0.00151031	0.000572771	0.550673	0.000643348	0.157519	0.0326547	0.00102735	0.00121748	0.00201246	0.000680384	0.00212909	0.0068314	0.20764	0.000276981	0.000609775
95	0.507049	0.00462753	0.00486932	0.00147562	0.00364135	0.0472191	0.00110526	0.00426802	0.00312251	0.0122311	0.0101375	0.00723098	0.013517	0.00529141	0.00312606	0.297577	0.0403472	0.0289256	0.000740675	0.00349754
96	0.0745273	0.00351135	0.00121893	0.00157077	0.00885633	0.00284545	0.00155586	0.269953	0.00177656	0.0275138	0.0946188	0.0019917	0.00169098	0.00294965	0.00175243	0.035101	0.0208742	0.442496	0.000720166	0.00447581
97	0.0489045	0.00973822	0.0210219	0.0188589	0.153632	0.0272282	0.0627114	0.0365692	0.0202401	0.0768239	0.0403048	0.0339688	0.0109738	0.0257768	0.027739	0.0491813	0.0359778	0.0461493	0.00807832	0.246122
98	0.0201887	0.00107564	0.00598943	0.00988935	0.00925884	0.0144471	0.0157108	0.0113778	0.57725	0.0125641	0.0246993	0.0285899	0.0020752	0.0160495	0.188496	0.0224451	0.0203726	0.0137115	0.00157327	0.00423581
99	0.291474	0.00119493	0.00155571	0.0134807	0.0148099	0.0112692	0.00415704	0.0470119	0.00251545	0.0333538	0.00228011	0.00267137	0.0215923	0.00198696	0.00297617	0.065159	0.0612295	0.414817	0.000612492	0.00585259
100	0.0646574	0.242914	0.00859704	0.00527718	0.0463485	0.0516835	0.00495751	0.130922	0.00502129	0.18133	0.0482214	0.0334457	0.00459283	0.0056769	0.00597281	0.0128792	0.0145334	0.0709091	0.00216098	0.0598996
101	0.033307	0.00493531	0.00538981	0.0343174	0.196223	0.0342727	0.0518875	0.0108245	0.0050599	0.0527949	0.0152599	0.0219523	0.00713127	0.0455612	0.0186033	0.0211902	0.0181255	0.0218508	0.390585	0.0107288
102	0.650517	0.000879226	0.00986246	0.00116632	0.00515898	0.0339123	0.00101383	0.00224253	0.00313374	0.0193629	0.0117794	0.00581042	0.0277374	0.0094084	0.00210699	0.142796	0.0249203	0.0426385	0.00038497	0.00516789
103	0.134663	0.00195264	0.497032	0.00340868	0.00352321	0.116495	0.00328559	0.00489897	0.00371057	0.00683441	0.0185487	0.0091105	0.00189334	0.00734673	0.00377903	0.0969113	0.0593292	0.0225888	0.00164382	0.00304449
104	0.0221934	0.00339346	0.000730093	0.00178204	0.0346183	0.00762753	0.00173735	0.351404	0.00161273	0.217354	0.0438562	0.00286121	0.000656685	0.0050891	0.000750223	0.00354701	0.0127199	0.285004	0.000751376	0.00231113
105	0.0245935	0.000686053	0.000927362	0.00081388	0.0539288	0.00116203	0.000881806	0.198183	0.000994947	0.447566	0.0836719	0.00805235	0.00112949	0.00651525	0.00115812	0.00878083	0.0400781	0.102789	0.00968227	0.00840559
106	0.277835	0.0106018	0.0958727	0.0208131	0.00318049	0.00547036	0.0660822	0.00484079	0.0980307	0.0382081	0.0387258	0.00714827	0.00199484	0.151501	0.0174345	0.0785876	0.0477834	0.0109459	0.00599706	0.0189464
107	0.546728	0.00373174	0.00158796	0.00400558	0.000925013	0.341491	0.00100895	0.001914	0.00163758	0.00505067	0.00180209	0.00205761	0.0029087	0.003703	0.00850995	0.0288902	0.00630867	0.0355935	0.000666599	0.00147853
108	0.00802085	0.00106261	0.00137118	0.0013465	0.0403496	0.00172967	0.00121295	0.409237	0.0014638	0.116218	0.239876	0.00253343	0.00186047	0.0097382	0.00169117	0.00735404	0.0154693	0.118222	0.00207403	0.0191687
109	0.034668	0.00185576	0.401628	0.138704	0.00697041	0.0562478	0.0166172	0.00951416	0.044561	0.0115464	0.00513333	0.0885373	0.00644197	0.0414904	0.0190748	0.0513973	0.0253555	0.0281911	0.00389784	0.00816753
110	0.129457	0.00695759	0.304498	0.0399323	0.00312213	0.00552818	0.0904335	0.00385757	0.0742214	0.0233382	0.0168179	0.0367639	0.00139472	0.115852	0.0138395	0.0488375	0.0293096	0.00734835	0.0126391	0.0358518
111	0.539723	0.00516965	0.00689765	0.00279286	0.00483188	0.0358159	0.00283129	0.00580618	0.004491	0.0178827	0.0117085	0.00842311	0.0157368	0.0073387	0.00445702	0.238096	0.0468555	0.0349748	0.000901022	0.00526698
112	0.0228931	0.000560662	0.000595481	0.00170309	0.0137731	0.00345075	0.000812893	0.490874	0.00072236	0.103406	0.105796	0.00129572	0.00274543	0.00303892	0.0007361	0.00541536	0.00615814	0.231629	0.000287723	0.00410551
113	0.0525755	0.00974762	0.0309566	0.0048887	0.0327533	0.0411673	0.365138	0.00279757	0.0423488	0.0221043	0.00251695	0.0775695	0.00412178	0.0472325	0.0587415	0.0338032	0.0224541	0.0116649	0.00204024	0.135377
114	0.0318055	0.00145252	0.509512	0.0921062	0.00352614	0.0571501	0.0304707	0.00538268	0.0240864	0.00838012	0.00554737	0.0867317	0.00536327	0.0327907	0.010101	0.0453791	0.0222919	0.0140558	0.00425074	0.00961628
115	0.0343008	0.00195204	0.00923092	0.0148668	0.00717497	0.218254	0.0404452	0.010149	0.20515	0.015163	0.0127943	0.0372779	0.00333606	0.0438488	0.264686	0.0430292	0.0172187	0.0128975	0.00315737	0.00506799
116	0.0582549	0.00500181	0.00318436	0.00516626	0.0160614	0.00710749	0.00435522	0.24317	0.00640063	0.0576217	0.0281314	0.00582361	0.00676342	0.00559273	0.00505862	0.0280529	0.0297228	0.476286	0.00122004	0.00702457
117	0.0204759	0.00124371	0.443181	0.0385271	0.00151932	0.0147235	0.108033	0.00276578	0.0262904	0.0132448	0.00551872	0.150998	0.00119398	0.0321832	0.0238497	0.0504626	0.0346662	0.00381439	0.003326	0.0239825
118	0.0165696	0.000755731	0.000454201	0.00124225	0.00549093	0.0013897	0.000579488	0.464169	0.000661342	0.0525523	0.0119793	0.000915457	0.000736189	0.000820639	0.000658609	0.00412217	0.00908985	0.42694	0.000203641	0.000669507
119	0.00546372	0.00106144	0.000655371	0.0026329	0.0184266	0.00105378	0.00064122	0.596425	0.000765109	0.139509	0.0516078	0.00113396	0.00123867	0.00208299	0.000865479	0.00259965	0.00639019	0.164728	0.000314563	0.00240423
120	0.0280695	0.00435463	0.0153453	0.0143188	0.00539331	0.0172967	0.00817453	0.0165279	0.0108595	0.034108	0.0148111	0.0675597	0.00497615	0.00936009	0.00934456	0.266236	0.442248	0.0205609	0.0039029	0.00655229
121	0.0360748	0.00185642	0.00121282	0.000847305	0.0394976	0.0043937	0.00114088	0.234472	0.00118439	0.345414	0.07401	0.00623797	0.00186711	0.00304626	0.00100763	0.00609451	0.0149248	0.2121	0.00198766	0.0126305
122	0.19279	0.0125829	0.00384961	0.00516862	0.0043066	0.0443972	0.00340355	0.00727849	0.00464226	0.00942554	0.0124506	0.0117725	0.00561881	0.00508599	0.00614903	0.602613	0.0419298	0.0190405	0.00353644	0.00395807
123	0.019356	0.0010243	0.00116618	0.000703812	0.0581347	0.000817616	0.000662642	0.187048	0.000793768	0.525093	0.0476531	0.00966076	0.00150658	0.0035193	0.000870536	0.00457083	0.0198066	0.100404	0.00369002	0.0135184
124	0.0877915	0.00349661	0.00718208	0.0152124	0.000902373	0.759458	0.00190811	0.001358	0.00396723	0.00357784	0.0038171	0.00639914	0.0085884	0.0118842	0.010289	0.0437177	0.00754987	0.0160147	0.00289488	0.00399123
125	0.148374	0.00716601	0.0180363	0.0269218	0.043386	0.0849565	0.0225838	0.0201204	0.0487188	0.0331226	0.0246042	0.0362211	0.04782	0.0325393	0.0533901	0.185251	0.0823184	0.0542367	0.00172689	0.0285061
126	0.113458	0.00422435	0.00581182	0.0140367	0.000851963	0.738287	0.0015903	0.00111083	0.00340533	0.00445683	0.00283607	0.00474286	0.00974775	0.0110538	0.0129535	0.0430937	0.00605526	0.0165501	0.00227821	0.00345552
127	0.299199	0.0113738	0.0013241	0.00289085	0.00265595	0.0431272	0.00126218	0.00788365	0.00399579	0.0092559	0.0143995	0.0101721	0.00214095	0.00460666	0.00592622	0.440874	0.107086	0.0283696	0.000699352	0.00275721
128	0.00741113	0.00122591	0.00157248	0.00236449	0.511667	0.0076713	0.0103411	0.0348151	0.00771679	0.135055	0.0492695	0.00781792	0.000776182	0.0143812	0.0148035	0.0047981	0.0070258	0.0177793	0.00401465	0.159494
129	0.0955039	0.00582967	0.0209952	0.0218674	0.0209235	0.0739082	0.196176	0.014766	0.034944	0.0918692	0.0127063	0.0623841	0.0117343	0.0485814	0.0645748	0.0896427	0.0547379	0.0299095	0.00414413	0.0448024
130	0.328513	0.00384782	0.00363656	0.00807289	0.0120473	0.0212161	0.00551742	0.0825213	0.00494768	0.0403461	0.0148376	0.00525294	0.0180685	0.00467597	0.00526698	0.0496245	0.0433248	0.341542	0.00130799	0.00543271
131	0.0856646	0.00246415	0.00400322	0.0018846	0.0406218	0.00918192	0.0035502	0.186202	0.00453523	0.0990344	0.131576	0.0082458	0.00125012	0.0166773	0.00305674	0.0249379	0.0690757	0.297196	0.00674061	0.00410245
132	0.089265	0.00614819	0.017022	0.0626257	0.0113015	0.0100379	0.0241374	0.0125388	0.110527	0.0632615	0.0486578	0.0279141	0.0261117	0.107342	0.0915554	0.108404	0.111738	0.0310939	0.0228654	0.0174532
133	0.033965	0.000783891	0.00146522	0.0112877	0.00847337	0.0291643	0.0429121	0.00793291	0.358265	0.0145995	0.0160177	0.0558177	0.000590008	0.0429322	0.314973	0.0374511	0.0121803	0.00669188	0.00148439	0.00301316
134	0.0347791	0.00496735	0.0783874	0.0265105	0.00495868	0.17761	0.037412	0.011897	0.0436618	0.0208261	0.00949031	0.28431	0.00260136	0.0287299	0.075964	0.0864255	0.0408843	0.0177982	0.00295274	0.0098334
135	0.0203909	0.00121457	0.00047464	0.000866148	0.00424539	0.00148126	0.000664159	0.422331	0.000842653	0.037948	0.0104592	0.0010338	0.000727386	0.000902205	0.000667359	0.00603047	0.0120977	0.476357	0.000251491	0.00101531
136	0.0517621	0.00200196	0.00393233	0.00351491	0.0454222	0.00369015	0.00282202	0.0181501	0.00383903	0.102154	0.00422825	0.00567656	0.171559	0.00410008	0.00446707	0.13536	0.323532	0.109341	0.00123447	0.00321372
137	0.0404548	0.0026448	0.00115422	0.00131625	0.0434326	0.0102607	0.00331405	0.240457	0.00363018	0.201022	0.072437	0.00612863	0.00123385	0.00641383	0.00132099	0.00812505	0.0199718	0.327516	0.00298669	0.0061791
138	0.0398206	0.0131523	0.00198819	0.00230395	0.0109975	0.00363683	0.00220764	0.231299	0.00295928	0.0561024	0.0241307	0.00292179	0.00379404	0.00297705	0.00226271	0.0693281	0.0237812	0.499981	0.000850698	0.00550592
139	0.283411	0.0483952	0.00434366	0.00984662	0.0755937	0.0144944	0.0239162	0.00797271	0.00529073	0.0506363	0.0991004	0.00821776	0.00618833	0.00580931	0.0061583	0.16659	0.0594442	0.0756493	0.00212209	0.0468197
140	0.17603	0.00793601	0.000981876	0.00121427	0.00122311	0.0495151	0.000980338	0.00741529	0.00159049	0.00488834	0.00738574	0.00748406	0.00554739	0.001627	0.00172431	0.682704	0.0301966	0.00780446	0.00265596	0.00109602
141	0.702387	0.00249664	0.000766376	0.000927896	0.000898821	0.20469	0.000827729	0.00182375	0.000934846	0.00417619	0.00127403	0.00159423	0.000635867	0.00125249	0.00364017	0.0260178	0.00651104	0.037934	0.000386137	0.000824922
142	0.0565896	0.00245597	0.0107711	0.0133209	0.000770911	0.797055	0.00287232	0.00112278	0.00588329	0.00242015	0.00534423	0.00698919	0.00793548	0.0109331	0.00945176	0.0423991	0.0080366	0.0088942	0.00399323	0.00276161
143	0.0405281	0.0056388	0.10763	0.0335295	0.00906267	0.0365801	0.031128	0.0193502	0.0279327	0.0271863	0.0123495	0.383457	0.00592053	0.035766	0.046226	0.0878726	0.04498	0.0274369	0.00501171	0.0124129
144	0.0886843	0.000662238	0.176978	0.206941	0.0242486	0.0324963	0.0281268	0.00886065	0.0810713	0.0199601	0.0020889	0.0440769	0.00180877	0.0595141	0.0401028	0.11619	0.0296593	0.0226478	0.00117442	0.014709
145	0.134527	0.00824131	0.0126135	0.0186287	0.0440656	0.217153	0.0104622	0.099837	0.0132672	0.059452	0.0335671	0.0159127	0.0123496	0.0160333	0.0167637	0.0546387	0.0500852	0.165497	0.00353521	0.0133704
146	0.0364204	0.00502459	0.0957822	0.00936253	0.0354933	0.0186784	0.00953453	0.0140925	0.0102104	0.0460785	0.0121867	0.0489948	0.249071	0.0106022	0.0107663	0.232076	0.0601695	0.0826882	0.00356422	0.00920269
147	0.00548616	0.000783912	0.00198323	0.0090017	0.000972594	0.0111802	0.00102832	0.0108693	0.00508504	0.0148879	0.0147616	0.0248802	0.000722571	0.00499688	0.00156152	0.270208	0.610618	0.00936896	0.000430045	0.00117407
148	0.0243104	0.00159716	0.00055677	0.0017503	0.0209388	0.00681309	0.00102859	0.417937	0.000737903	0.152846	0.0560073	0.00141038	0.00138339	0.00233535	0.000663616	0.00299983	0.00832739	0.296649	0.000327235	0.00138086
149	0.12478	0.00515977	0.0382934	0.0699697	0.0475375	0.0247906	0.0240195	0.0563576	0.0462001	0.0642807	0.0295082	0.035684	0.0160389	0.0300052	0.0497488	0.119242	0.0917566	0.0922804	0.00720667	0.0271394
150	0.0222863	0.00247798	0.216292	0.0271534	0.00153696	0.0403154	0.0655124	0.00741791	0.0298855	0.0168344	0.00586876	0.308466	0.00105298	0.0264602	0.035746	0.121302	0.0556908	0.00445382	0.000985701	0.0102611
151	0.185287	0.00256888	0.0235172	0.0033595	0.0175112	0.0540272	0.0015347	0.105493	0.0019153	0.0556676	0.0492411	0.011066	0.00146941	0.0143249	0.00483262	0.0873466	0.159588	0.215016	0.000669447	0.00556365
152	0.483129	0.00261325	0.0221392	0.00383202	0.00618172	0.0125504	0.00404109	0.0250832	0.00419263	0.132366	0.0251936	0.00649757	0.00827443	0.00623783	0.00512572	0.164354	0.0333343	0.047471	0.00177315	0.00561017
153	0.0535663	0.00358621	0.0107072	0.00931433	0.00623399	0.00355247	0.0168366	0.00934888	0.0101379	0.0322216	0.0116764	0.0101581	0.656556	0.0108701	0.0105738	0.0757969	0.0460053	0.0189299	0.00127334	0.00265456
154	0.0337652	0.00579245	0.0125684	0.0270457	0.104834	0.0338236	0.0286436	0.0150872	0.01441	0.0463915	0.0134985	0.0336927	0.0116749	0.030794	0.0228355	0.04364	0.0308703	0.0231748	0.450057	0.0174005
155	0.0447605	0.00232237	0.000815209	0.000940535	0.0345151	0.0152983	0.00323259	0.260718	0.00287463	0.161553	0.0729086	0.00433019	0.00131839	0.00495748	0.0010077	0.0053469	0.0120426	0.367791	0.00133024	0.00193754
156	0.0189189	0.000830126	0.000899853	0.000726744	0.0577499	0.000809407	0.000670957	0.197985	0.000800633	0.51458	0.0476949	0.00891524	0.00130338	0.00377644	0.000802859	0.00487272	0.0228291	0.100512	0.00412613	0.0111962
157	0.00613429	0.000662905	0.00157376	0.00730559	0.000941849	0.00890326	0.000871618	0.0109887	0.005703	0.0109973	0.0121676	0.0228086	0.00103598	0.00498035	0.00179359	0.263534	0.630406	0.00797078	0.000376776	0.000843781
158	0.0580222	0.00420475	0.00306072	0.00323562	0.0212679	0.018653	0.00328525	0.282739	0.00447025	0.0964566	0.0485469	0.00600262	0.00468643	0.00479849	0.00231348	0.016764	0.0238862	0.392598	0.00131816	0.00369099
159	0.124953	0.00368172	0.00647826	0.0133513	0.000812336	0.731933	0.00176847	0.00107796	0.00368878	0.00386364	0.00324597	0.00499782	0.00894453	0.0106448	0.011188	0.0422031	0.00635222	0.0149796	0.00255943	0.00327568
160	0.624703	0.00175445	0.0159769	0.00385132	0.00555571	0.0328993	0.00160988	0.00494664	0.00409044	0.0201712	0.011919	0.00705108	0.0208122	0.0091692	0.0030592	0.151117	0.0384078	0.0366836	0.000816614	0.00540556
161	0.214966	0.0461401	0.00384686	0.00449735	0.00544895	0.108287	0.00389636	0.0104448	0.00577974	0.0134875	0.0279675	0.00910007	0.00257757	0.00568639	0.0215426	0.257566	0.227344	0.0249099	0.00112475	0.00538568
162	0.0048236	0.000695609	0.00134413	0.00784252	0.000904645	0.00936929	0.000935913	0.0100696	0.00578642	0.0117727	0.0125567	0.023424	0.000756148	0.00565216	0.00127105	0.281741	0.612792	0.00698369	0.000407511	0.000871813
163	0.0124482	0.000682941	0.000899038	0.00107532	0.0218668	0.00167143	0.00101436	0.397565	0.00117524	0.145846	0.206293	0.00252636	0.00130212	0.0157162	0.00144015	0.0103696	0.0307347	0.13225	0.00439691	0.0107271
164	0.0450643	0.0022145	0.499901	0.100706	0.00354905	0.0942641	0.0088532	0.0053677	0.0180419	0.00799468	0.00683011	0.0675472	0.00547697	0.0319391	0.00591534	0.04806	0.0242381	0.0172238	0.0031085	0.00370497
165	0.0336822	0.00520159	0.0102778	0.0143317	0.00670955	0.051119	0.0885299	0.0124365	0.115908	0.0166869	0.00962713	0.0335459	0.0032017	0.0631772	0.453566	0.0325553	0.0177121	0.0140484	0.0066749	0.0110082
166	0.123124	0.00319228	0.0572859	0.0866812	0.0315272	0.0193543	0.0139091	0.0390005	0.0658955	0.0438722	0.0213378	0.049423	0.00775769	0.0241159	0.0530259	0.13952	0.102385	0.0869226	0.0122732	0.0193959
167	0.00835887	0.00237818	0.00210228	0.00250276	0.499129	0.00911257	0.0102429	0.0391504	0.00747515	0.139195	0.0490196	0.00808912	0.000961204	0.0134691	0.0139971	0.00495532	0.00715347	0.0216147	0.00405259	0.157041
168	0.120499	0.00583539	0.0360569	0.052926	0.0449666	0.0226838	0.0273217	0.0609122	0.0331907	0.0644271	0.0278593	0.0287947	0.0730587	0.0324261	0.046353	0.107	0.0795447	0.100189	0.00589662	0.0300587
169	0.124351	0.00517729	0.0385325	0.0675435	0.0480313	0.0247548	0.024176	0.0559479	0.0453035	0.0648267	0.0290992	0.0354222	0.0216961	0.0304002	0.0494421	0.117484	0.0904689	0.0923342	0.00713399	0.0278739
170	0.0105145	0.00111822	0.000464533	0.00258306	0.0203031	0.00324336	0.000625817	0.517976	0.00058093	0.148461	0.0451241	0.000961686	0.001413	0.00193152	0.000656249	0.00207829	0.0077798	0.233178	0.00024398	0.000762939
171	0.0365194	0.00604983	0.0011898	0.0551969	0.00313049	0.00175617	0.0197167	0.16669	0.0481439	0.0741304	0.0480943	0.0244214	0.00073174	0.0208234	0.0488419	0.0605523	0.238022	0.121877	0.0118078	0.0123046
172	0.0165156	0.00215453	0.00193387	0.00128133	0.17312	0.00326089	0.00346637	0.149743	0.00278693	0.404339	0.0565202	0.00886612	0.00138322	0.00758778	0.00477025	0.00545707	0.0182526	0.0789099	0.00459692	0.0550536
173	0.0533363	0.00231474	0.0123406	0.014737	0.000665339	0.792058	0.00366705	0.00104931	0.00739648	0.00240997	0.00427334	0.00939437	0.00841104	0.0119332	0.0112844	0.0423834	0.00702082	0.00781023	0.00480292	0.00271161
174	0.282821	0.00319718	0.00717476	0.0682619	0.00469867	0.161023	0.0271992	0.00785571	0.0811422	0.0728829	0.00688245	0.118873	0.00254031	0.00879007	0.0288428	0.0378802	0.0125878	0.0605088	0.00184762	0.00498978
175	0.0383925	0.0026903	0.0542775	0.0544408	0.00506495	0.393164	0.0227334	0.0140716	0.0830792	0.0119658	0.00703417	0.0678192	0.00647524	0.037834	0.0710778	0.0605341	0.0378933	0.0223235	0.00387133	0.005257
176	0.452315	0.00524059	0.000983394	0.00575386	0.00107047	0.420176	0.000861848	0.00249451	0.00192301	0.00771512	0.00158523	0.00250871	0.00410795	0.00497596	0.00888353	0.032192	0.00608948	0.0389367	0.000353753	0.00183268
177	0.249117	0.0162267	0.00644161	0.023617	0.0210331	0.0200005	0.00547204	0.0805307	0.05317	0.0369373	0.00788081	0.020074	0.00380771	0.00706614	0.0678961	0.0380735	0.0848963	0.224533	0.00205164	0.0311753
178	0.111163	0.00411853	0.00602777	0.0138796	0.000837825	0.741374	0.00162375	0.00111159	0.00361119	0.00435634	0.00287806	0.00479728	0.00958353	0.0109894	0.0129448	0.0431751	0.00593272	0.0158459	0.00236074	0.00338852
179	0.0442811	0.00223253	0.000699428	0.000899325	0.0328894	0.0137033	0.0031245	0.26391	0.00270116	0.157792	0.0743374	0.00419368	0.00129147	0.0049332	0.000910791	0.00562601	0.0118631	0.371522	0.0012514	0.00183787
180	0.0261708	0.00322805	0.000785771	0.00217676	0.010909	0.00215308	0.00121607	0.396563	0.00223478	0.0609978	0.0228082	0.00169525	0.00313691	0.00179611	0.00116221	0.0220916	0.0168079	0.421179	0.000567483	0.00231991
181	0.0294956	0.0247835	0.013664	0.00256718	0.103397	0.0100881	0.00258275	0.164405	0.00298309	0.276398	0.0786014	0.0136965	0.00578912	0.00663983	0.00343427	0.00672376	0.0106961	0.130046	0.0013937	0.112614
182	0.250245	0.00142423	0.00318914	0.0224138	0.0135022	0.022253	0.00374693	0.0613087	0.00410135	0.0287488	0.00418715	0.00315131	0.0206459	0.00332603	0.00396523	0.0806387	0.062908	0.39791	0.000960646	0.0113742
183	0.0585785	0.000960325	0.0229932	0.0426541	0.0112672	0.0206351	0.0359066	0.0368627	0.195132	0.0101583	0.0177229	0.0452408	0.00160205	0.0627038	0.24296	0.0452424	0.0754453	0.0626618	0.00371181	0.00756156
184	0.0466566	0.00114245	0.0130115	0.00309215	0.00297702	0.00341145	0.00217094	0.0345713	0.0121324	0.00602488	0.00883139	0.0363284	0.0111976	0.00356016	0.00909167	0.111646	0.6597	0.0312396	0.000845941	0.00236899
185	0.0324524	0.00156892	0.0011617	0.00211051	0.0663656	0.00573827	0.0108979	0.195813	0.0152216	0.114584	0.0597117	0.0194206	0.00115816	0.0159963	0.00296683	0.0110741	0.029503	0.403967	0.00676496	0.0035238
186	0.049893	0.00161991	0.00652855	0.00788888	0.0416425	0.00726503	0.00560832	0.168916	0.01221	0.152693	0.0585551	0.0280035	0.00108859	0.0181137	0.0185619	0.0531936	0.15388	0.185084	0.00333573	0.0259185
187	0.0519268	0.00228264	0.0144551	0.0160502	0.000686125	0.773172	0.00584286	0.00121147	0.0120914	0.00293694	0.00406766	0.0145084	0.00775245	0.0139246	0.0153014	0.0427027	0.00668907	0.00743933	0.00431444	0.00264433
188	0.676974	0.000610465	0.0082908	0.00061955	0.00438834	0.0358343	0.000555023	0.00174907	0.00247056	0.0183307	0.010406	0.00500807	0.0234798	0.0076279	0.00112264	0.136139	0.0253704	0.0360394	0.000219905	0.00476382
189	0.068965	0.00955399	0.00849468	0.0103563	0.00414024	0.00421589	0.0198399	0.00934603	0.00965565	0.0224893	0.0116487	0.00987092	0.670427	0.0103664	0.00806745	0.0802763	0.028	0.0107888	0.000449146	0.00304841
190	0.0803126	0.00128951	0.0146752	0.0456034	0.00966538	0.0144798	0.0361245	0.0338292	0.178379	0.00978262	0.0141795	0.0368525	0.00111359	0.0484718	0.263354	0.0392983	0.0917972	0.0681436	0.00412585	0.00852202
191	0.0318799	0.0022885	0.000517375	0.00106939	0.01086	0.00390723	0.000953233	0.337012	0.000709696	0.0678238	0.0583479	0.0013472	0.00168218	0.00155755	0.000795867	0.0114803	0.0147264	0.450104	0.000223098	0.00271366
